order_id,customer_id,order_date,gender,age,membership_tier,preferred_channel,province,customer_age_days,channel_type,payment_method,order_hour,order_month,order_dayofweek,is_weekend,age_group,customer_tenure_months,total_orders_before,total_returns_before,customer_return_ratio,days_since_last_return,days_since_last_order_pti,customer_avg_spend_before,customer_max_discount_before,customer_cod_rate_before,customer_high_discount_rate_before,customer_repurchase_rate_before,hist_spend_sum_7d,hist_order_count_7d,hist_return_count_7d,hist_return_rate_7d,hist_spend_sum_30d,hist_order_count_30d,hist_return_count_30d,hist_return_rate_30d,hist_spend_sum_90d,hist_order_count_90d,hist_return_count_90d,hist_return_rate_90d,hist_spend_sum_365d,hist_order_count_365d,hist_return_count_365d,hist_return_rate_365d,is_returned
LGS2ORD0000001,C011123,2025-01-01 00:00:00,Female,45,Bronze,TV,Chiang Mai,65,Shopee,Bank_Transfer,0,1,2,0,40-50,2.1666666666666665,0.0,0.0,0.0,-1,-1,0.0,0.0,0.0,0.0,0.0,0.0,0,0,0.0,0.0,0,0,0.0,0.0,0,0,0.0,0.0,0,0,0.0,0
LGS2ORD0000002,C013024,2025-01-01 00:00:00,Male,37,Bronze,Lazada,Khon Kaen,1299,Web,COD,0,1,2,0,30-40,43.3,0.0,0.0,0.0,-1,-1,0.0,0.0,0.0,0.0,0.0,0.0,0,0,0.0,0.0,0,0,0.0,0.0,0,0,0.0,0.0,0,0,0.0,0
LGS2ORD0000003,C016520,2025-01-01 00:00:00,Male,61,Bronze,CallCenter,Khon Kaen,818,Lazada,COD,0,1,2,0,>50,27.266666666666666,0.0,0.0,0.0,-1,-1,0.0,0.0,0.0,0.0,0.0,0.0,0,0,0.0,0.0,0,0,0.0,0.0,0,0,0.0,0.0,0,0,0.0,1
LGS2ORD0000004,C013727,2025-01-01 01:00:00,Male,41,Bronze,Web,Phuket,705,Shopee,COD,1,1,2,0,40-50,23.5,0.0,0.0,0.0,-1,-1,0.0,0.0,0.0,0.0,0.0,0.0,0,0,0.0,0.0,0,0,0.0,0.0,0,0,0.0,0.0,0,0,0.0,1
LGS2ORD0000005,C013986,2025-01-01 01:00:00,Male,52,Platinum,Web,Bangkok,675,CallCenter,Credit_Card,1,1,2,0,>50,22.5,0.0,0.0,0.0,-1,-1,0.0,0.0,0.0,0.0,0.0,0.0,0,0,0.0,0.0,0,0,0.0,0.0,0,0,0.0,0.0,0,0,0.0,0
LGS2ORD0000006,C010541,2025-01-01 01:00:00,Male,49,Bronze,TV,Remote_Area,1183,CallCenter,COD,1,1,2,0,40-50,39.43333333333333,0.0,0.0,0.0,-1,-1,0.0,0.0,0.0,0.0,0.0,0.0,0,0,0.0,0.0,0,0,0.0,0.0,0,0,0.0,0.0,0,0,0.0,0
LGS2ORD0000007,C015831,2025-01-01 01:00:00,Male,49,Bronze,Shopee,Bangkok,576,CallCenter,COD,1,1,2,0,40-50,19.2,0.0,0.0,0.0,-1,-1,0.0,0.0,0.0,0.0,0.0,0.0,0,0,0.0,0.0,0,0,0.0,0.0,0,0,0.0,0.0,0,0,0.0,0
LGS2ORD0000008,C017475,2025-01-01 01:00:00,Female,22,Silver,Shopee,Bangkok,882,TV_Show,Bank_Transfer,1,1,2,0,20-30,29.4,0.0,0.0,0.0,-1,-1,0.0,0.0,0.0,0.0,0.0,0.0,0,0,0.0,0.0,0,0,0.0,0.0,0,0,0.0,0.0,0,0,0.0,0
LGS2ORD0000009,C014870,2025-01-01 02:00:00,Male,71,Bronze,Lazada,Bangkok,1453,TV_Show,PromptPay,2,1,2,0,>50,48.43333333333333,0.0,0.0,0.0,-1,-1,0.0,0.0,0.0,0.0,0.0,0.0,0,0,0.0,0.0,0,0,0.0,0.0,0,0,0.0,0.0,0,0,0.0,0
LGS2ORD0000010,C013392,2025-01-01 02:00:00,Male,51,Silver,Web,Phuket,1339,TV_Show,Credit_Card,2,1,2,0,>50,44.63333333333333,0.0,0.0,0.0,-1,-1,0.0,0.0,0.0,0.0,0.0,0.0,0,0,0.0,0.0,0,0,0.0,0.0,0,0,0.0,0.0,0,0,0.0,0
LGS2ORD0000011,C012123,2025-01-01 02:00:00,Female,22,Silver,TV,Khon Kaen,1051,TV_Show,COD,2,1,2,0,20-30,35.03333333333333,0.0,0.0,0.0,-1,-1,0.0,0.0,0.0,0.0,0.0,0.0,0,0,0.0,0.0,0,0,0.0,0.0,0,0,0.0,0.0,0,0,0.0,1
LGS2ORD0000012,C013592,2025-01-01 02:00:00,Male,63,Gold,TV,Nakhon Ratchasima,1447,TV_Show,Credit_Card,2,1,2,0,>50,48.233333333333334,0.0,0.0,0.0,-1,-1,0.0,0.0,0.0,0.0,0.0,0.0,0,0,0.0,0.0,0,0,0.0,0.0,0,0,0.0,0.0,0,0,0.0,0
LGS2ORD0000013,C013107,2025-01-01 02:00:00,Other,37,Silver,TV,Nakhon Ratchasima,1100,TV_Show,COD,2,1,2,0,30-40,36.666666666666664,0.0,0.0,0.0,-1,-1,0.0,0.0,0.0,0.0,0.0,0.0,0,0,0.0,0.0,0,0,0.0,0.0,0,0,0.0,0.0,0,0,0.0,1
LGS2ORD0000014,C011152,2025-01-01 02:00:00,Female,18,Silver,Web,Bangkok,247,Shopee,Credit_Card,2,1,2,0,<20,8.233333333333333,0.0,0.0,0.0,-1,-1,0.0,0.0,0.0,0.0,0.0,0.0,0,0,0.0,0.0,0,0,0.0,0.0,0,0,0.0,0.0,0,0,0.0,0
LGS2ORD0000015,C010623,2025-01-01 03:00:00,Male,52,Silver,CallCenter,Nakhon Ratchasima,677,Shopee,COD,3,1,2,0,>50,22.566666666666666,0.0,0.0,0.0,-1,-1,0.0,0.0,0.0,0.0,0.0,0.0,0,0,0.0,0.0,0,0,0.0,0.0,0,0,0.0,0.0,0,0,0.0,0
LGS2ORD0000016,C016279,2025-01-01 03:00:00,Female,39,Bronze,Web,Bangkok,962,Web,Credit_Card,3,1,2,0,30-40,32.06666666666667,0.0,0.0,0.0,-1,-1,0.0,0.0,0.0,0.0,0.0,0.0,0,0,0.0,0.0,0,0,0.0,0.0,0,0,0.0,0.0,0,0,0.0,1
LGS2ORD0000017,C016420,2025-01-01 03:00:00,Female,33,Bronze,TV,Chiang Mai,747,CallCenter,Credit_Card,3,1,2,0,30-40,24.9,0.0,0.0,0.0,-1,-1,0.0,0.0,0.0,0.0,0.0,0.0,0,0,0.0,0.0,0,0,0.0,0.0,0,0,0.0,0.0,0,0,0.0,0
LGS2ORD0000018,C011635,2025-01-01 03:00:00,Female,18,Silver,Lazada,Phuket,81,Lazada,COD,3,1,2,0,<20,2.7,0.0,0.0,0.0,-1,-1,0.0,0.0,0.0,0.0,0.0,0.0,0,0,0.0,0.0,0,0,0.0,0.0,0,0,0.0,0.0,0,0,0.0,0
LGS2ORD0000019,C014210,2025-01-01 03:00:00,Male,34,Bronze,Web,Remote_Area,493,TV_Show,Credit_Card,3,1,2,0,30-40,16.433333333333334,0.0,0.0,0.0,-1,-1,0.0,0.0,0.0,0.0,0.0,0.0,0,0,0.0,0.0,0,0,0.0,0.0,0,0,0.0,0.0,0,0,0.0,0
LGS2ORD0000020,C017290,2025-01-01 04:00:00,Female,51,Bronze,Web,Bangkok,164,Lazada,Credit_Card,4,1,2,0,>50,5.466666666666667,0.0,0.0,0.0,-1,-1,0.0,0.0,0.0,0.0,0.0,0.0,0,0,0.0,0.0,0,0,0.0,0.0,0,0,0.0,0.0,0,0,0.0,0
LGS2ORD0000021,C016934,2025-01-01 04:00:00,Female,53,Bronze,Web,Bangkok,721,TV_Show,Credit_Card,4,1,2,0,>50,24.033333333333335,0.0,0.0,0.0,-1,-1,0.0,0.0,0.0,0.0,0.0,0.0,0,0,0.0,0.0,0,0,0.0,0.0,0,0,0.0,0.0,0,0,0.0,0
LGS2ORD0000022,C012238,2025-01-01 04:00:00,Female,36,Silver,Shopee,Nakhon Ratchasima,609,CallCenter,COD,4,1,2,0,30-40,20.3,0.0,0.0,0.0,-1,-1,0.0,0.0,0.0,0.0,0.0,0.0,0,0,0.0,0.0,0,0,0.0,0.0,0,0,0.0,0.0,0,0,0.0,0
LGS2ORD0000023,C010065,2025-01-01 04:00:00,Male,38,Bronze,CallCenter,Khon Kaen,1458,TV_Show,COD,4,1,2,0,30-40,48.6,0.0,0.0,0.0,-1,-1,0.0,0.0,0.0,0.0,0.0,0.0,0,0,0.0,0.0,0,0,0.0,0.0,0,0,0.0,0.0,0,0,0.0,0
LGS2ORD0000024,C017273,2025-01-01 04:00:00,Male,26,Bronze,Lazada,Bangkok,1208,Web,Credit_Card,4,1,2,0,20-30,40.266666666666666,0.0,0.0,0.0,-1,-1,0.0,0.0,0.0,0.0,0.0,0.0,0,0,0.0,0.0,0,0,0.0,0.0,0,0,0.0,0.0,0,0,0.0,1
LGS2ORD0000025,C016935,2025-01-01 05:00:00,Male,39,Silver,Web,Nakhon Ratchasima,354,TV_Show,COD,5,1,2,0,30-40,11.8,0.0,0.0,0.0,-1,-1,0.0,0.0,0.0,0.0,0.0,0.0,0,0,0.0,0.0,0,0,0.0,0.0,0,0,0.0,0.0,0,0,0.0,0
LGS2ORD0000026,C011618,2025-01-01 05:00:00,Female,28,Bronze,TV,Remote_Area,379,Lazada,Credit_Card,5,1,2,0,20-30,12.633333333333333,0.0,0.0,0.0,-1,-1,0.0,0.0,0.0,0.0,0.0,0.0,0,0,0.0,0.0,0,0,0.0,0.0,0,0,0.0,0.0,0,0,0.0,0
LGS2ORD0000027,C014934,2025-01-01 05:00:00,Male,48,Silver,TV,Bangkok,1273,CallCenter,Bank_Transfer,5,1,2,0,40-50,42.43333333333333,0.0,0.0,0.0,-1,-1,0.0,0.0,0.0,0.0,0.0,0.0,0,0,0.0,0.0,0,0,0.0,0.0,0,0,0.0,0.0,0,0,0.0,0
LGS2ORD0000028,C012549,2025-01-01 05:00:00,Female,50,Platinum,Lazada,Chiang Mai,1058,Shopee,Credit_Card,5,1,2,0,40-50,35.266666666666666,0.0,0.0,0.0,-1,-1,0.0,0.0,0.0,0.0,0.0,0.0,0,0,0.0,0.0,0,0,0.0,0.0,0,0,0.0,0.0,0,0,0.0,1
LGS2ORD0000029,C011361,2025-01-01 05:00:00,Female,40,Bronze,TV,Remote_Area,1175,CallCenter,COD,5,1,2,0,30-40,39.166666666666664,0.0,0.0,0.0,-1,-1,0.0,0.0,0.0,0.0,0.0,0.0,0,0,0.0,0.0,0,0,0.0,0.0,0,0,0.0,0.0,0,0,0.0,0
LGS2ORD0000030,C016529,2025-01-01 06:00:00,Male,27,Bronze,TV,Songkhla,466,Shopee,COD,6,1,2,0,20-30,15.533333333333333,0.0,0.0,0.0,-1,-1,0.0,0.0,0.0,0.0,0.0,0.0,0,0,0.0,0.0,0,0,0.0,0.0,0,0,0.0,0.0,0,0,0.0,1
LGS2ORD0000031,C016174,2025-01-01 06:00:00,Female,66,Bronze,TV,Remote_Area,810,TV_Show,COD,6,1,2,0,>50,27.0,0.0,0.0,0.0,-1,-1,0.0,0.0,0.0,0.0,0.0,0.0,0,0,0.0,0.0,0,0,0.0,0.0,0,0,0.0,0.0,0,0,0.0,1
LGS2ORD0000032,C017633,2025-01-01 06:00:00,Female,53,Platinum,Shopee,Bangkok,971,Lazada,PromptPay,6,1,2,0,>50,32.36666666666667,0.0,0.0,0.0,-1,-1,0.0,0.0,0.0,0.0,0.0,0.0,0,0,0.0,0.0,0,0,0.0,0.0,0,0,0.0,0.0,0,0,0.0,1
LGS2ORD0000033,C012189,2025-01-01 06:00:00,Female,40,Silver,Lazada,Chiang Mai,546,Web,COD,6,1,2,0,30-40,18.2,0.0,0.0,0.0,-1,-1,0.0,0.0,0.0,0.0,0.0,0.0,0,0,0.0,0.0,0,0,0.0,0.0,0,0,0.0,0.0,0,0,0.0,0
LGS2ORD0000034,C011252,2025-01-01 06:00:00,Female,32,Silver,TV,Bangkok,241,Web,COD,6,1,2,0,30-40,8.033333333333333,0.0,0.0,0.0,-1,-1,0.0,0.0,0.0,0.0,0.0,0.0,0,0,0.0,0.0,0,0,0.0,0.0,0,0,0.0,0.0,0,0,0.0,1
LGS2ORD0000035,C016267,2025-01-01 06:00:00,Female,49,Silver,TV,Bangkok,943,Shopee,Bank_Transfer,6,1,2,0,40-50,31.433333333333334,0.0,0.0,0.0,-1,-1,0.0,0.0,0.0,0.0,0.0,0.0,0,0,0.0,0.0,0,0,0.0,0.0,0,0,0.0,0.0,0,0,0.0,0
LGS2ORD0000036,C014995,2025-01-01 07:00:00,Female,45,Platinum,CallCenter,Chonburi,873,Shopee,PromptPay,7,1,2,0,40-50,29.1,0.0,0.0,0.0,-1,-1,0.0,0.0,0.0,0.0,0.0,0.0,0,0,0.0,0.0,0,0,0.0,0.0,0,0,0.0,0.0,0,0,0.0,0
LGS2ORD0000037,C016632,2025-01-01 07:00:00,Male,18,Gold,Web,Bangkok,215,TV_Show,PromptPay,7,1,2,0,<20,7.166666666666667,0.0,0.0,0.0,-1,-1,0.0,0.0,0.0,0.0,0.0,0.0,0,0,0.0,0.0,0,0,0.0,0.0,0,0,0.0,0.0,0,0,0.0,0
LGS2ORD0000038,C015083,2025-01-01 07:00:00,Female,26,Bronze,TV,Bangkok,607,TV_Show,COD,7,1,2,0,20-30,20.233333333333334,0.0,0.0,0.0,-1,-1,0.0,0.0,0.0,0.0,0.0,0.0,0,0,0.0,0.0,0,0,0.0,0.0,0,0,0.0,0.0,0,0,0.0,0
LGS2ORD0000039,C010032,2025-01-01 07:00:00,Male,52,Silver,Shopee,Nakhon Ratchasima,215,Shopee,PromptPay,7,1,2,0,>50,7.166666666666667,0.0,0.0,0.0,-1,-1,0.0,0.0,0.0,0.0,0.0,0.0,0,0,0.0,0.0,0,0,0.0,0.0,0,0,0.0,0.0,0,0,0.0,0
LGS2ORD0000040,C016365,2025-01-01 07:00:00,Male,43,Bronze,TV,Khon Kaen,1175,TV_Show,COD,7,1,2,0,40-50,39.166666666666664,0.0,0.0,0.0,-1,-1,0.0,0.0,0.0,0.0,0.0,0.0,0,0,0.0,0.0,0,0,0.0,0.0,0,0,0.0,0.0,0,0,0.0,1
LGS2ORD0000041,C014677,2025-01-01 08:00:00,Female,34,Gold,TV,Phuket,976,TV_Show,COD,8,1,2,0,30-40,32.53333333333333,0.0,0.0,0.0,-1,-1,0.0,0.0,0.0,0.0,0.0,0.0,0,0,0.0,0.0,0,0,0.0,0.0,0,0,0.0,0.0,0,0,0.0,1
LGS2ORD0000042,C015932,2025-01-01 08:00:00,Female,46,Platinum,Shopee,Phuket,222,CallCenter,PromptPay,8,1,2,0,40-50,7.4,0.0,0.0,0.0,-1,-1,0.0,0.0,0.0,0.0,0.0,0.0,0,0,0.0,0.0,0,0,0.0,0.0,0,0,0.0,0.0,0,0,0.0,0
LGS2ORD0000043,C016443,2025-01-01 08:00:00,Male,44,Silver,Web,Bangkok,1439,Lazada,COD,8,1,2,0,40-50,47.96666666666667,0.0,0.0,0.0,-1,-1,0.0,0.0,0.0,0.0,0.0,0.0,0,0,0.0,0.0,0,0,0.0,0.0,0,0,0.0,0.0,0,0,0.0,0
LGS2ORD0000044,C017572,2025-01-01 08:00:00,Female,41,Silver,Lazada,Chiang Mai,102,Shopee,PromptPay,8,1,2,0,40-50,3.4,0.0,0.0,0.0,-1,-1,0.0,0.0,0.0,0.0,0.0,0.0,0,0,0.0,0.0,0,0,0.0,0.0,0,0,0.0,0.0,0,0,0.0,0
LGS2ORD0000045,C016599,2025-01-01 08:00:00,Female,71,Bronze,Shopee,Phuket,1168,TV_Show,Credit_Card,8,1,2,0,>50,38.93333333333333,0.0,0.0,0.0,-1,-1,0.0,0.0,0.0,0.0,0.0,0.0,0,0,0.0,0.0,0,0,0.0,0.0,0,0,0.0,0.0,0,0,0.0,0
LGS2ORD0000046,C017028,2025-01-01 09:00:00,Female,55,Bronze,TV,Khon Kaen,388,TV_Show,PromptPay,9,1,2,0,>50,12.933333333333334,0.0,0.0,0.0,-1,-1,0.0,0.0,0.0,0.0,0.0,0.0,0,0,0.0,0.0,0,0,0.0,0.0,0,0,0.0,0.0,0,0,0.0,0
LGS2ORD0000047,C016812,2025-01-01 09:00:00,Male,63,Bronze,Web,Chiang Mai,587,TV_Show,PromptPay,9,1,2,0,>50,19.566666666666666,0.0,0.0,0.0,-1,-1,0.0,0.0,0.0,0.0,0.0,0.0,0,0,0.0,0.0,0,0,0.0,0.0,0,0,0.0,0.0,0,0,0.0,1
LGS2ORD0000048,C016456,2025-01-01 09:00:00,Male,62,Bronze,TV,Remote_Area,775,CallCenter,COD,9,1,2,0,>50,25.833333333333332,0.0,0.0,0.0,-1,-1,0.0,0.0,0.0,0.0,0.0,0.0,0,0,0.0,0.0,0,0,0.0,0.0,0,0,0.0,0.0,0,0,0.0,1
LGS2ORD0000049,C016664,2025-01-01 09:00:00,Female,45,Gold,TV,Songkhla,546,CallCenter,PromptPay,9,1,2,0,40-50,18.2,0.0,0.0,0.0,-1,-1,0.0,0.0,0.0,0.0,0.0,0.0,0,0,0.0,0.0,0,0,0.0,0.0,0,0,0.0,0.0,0,0,0.0,0
LGS2ORD0000050,C017410,2025-01-01 09:00:00,Female,30,Gold,Lazada,Bangkok,64,CallCenter,Bank_Transfer,9,1,2,0,20-30,2.1333333333333333,0.0,0.0,0.0,-1,-1,0.0,0.0,0.0,0.0,0.0,0.0,0,0,0.0,0.0,0,0,0.0,0.0,0,0,0.0,0.0,0,0,0.0,0
LGS2ORD0000051,C013453,2025-01-01 10:00:00,Female,41,Bronze,CallCenter,Bangkok,1277,Lazada,PromptPay,10,1,2,0,40-50,42.56666666666667,0.0,0.0,0.0,-1,-1,0.0,0.0,0.0,0.0,0.0,0.0,0,0,0.0,0.0,0,0,0.0,0.0,0,0,0.0,0.0,0,0,0.0,1
LGS2ORD0000052,C015961,2025-01-01 10:00:00,Female,39,Bronze,Web,Bangkok,654,Lazada,Bank_Transfer,10,1,2,0,30-40,21.8,0.0,0.0,0.0,-1,-1,0.0,0.0,0.0,0.0,0.0,0.0,0,0,0.0,0.0,0,0,0.0,0.0,0,0,0.0,0.0,0,0,0.0,0
LGS2ORD0000053,C016269,2025-01-01 10:00:00,Female,42,Bronze,Shopee,Khon Kaen,1091,Lazada,Credit_Card,10,1,2,0,40-50,36.36666666666667,0.0,0.0,0.0,-1,-1,0.0,0.0,0.0,0.0,0.0,0.0,0,0,0.0,0.0,0,0,0.0,0.0,0,0,0.0,0.0,0,0,0.0,0
LGS2ORD0000054,C010549,2025-01-01 10:00:00,Male,62,Gold,Shopee,Nakhon Ratchasima,1077,TV_Show,COD,10,1,2,0,>50,35.9,0.0,0.0,0.0,-1,-1,0.0,0.0,0.0,0.0,0.0,0.0,0,0,0.0,0.0,0,0,0.0,0.0,0,0,0.0,0.0,0,0,0.0,0
LGS2ORD0000055,C011624,2025-01-01 10:00:00,Female,24,Bronze,Shopee,Bangkok,809,TV_Show,COD,10,1,2,0,20-30,26.966666666666665,0.0,0.0,0.0,-1,-1,0.0,0.0,0.0,0.0,0.0,0.0,0,0,0.0,0.0,0,0,0.0,0.0,0,0,0.0,0.0,0,0,0.0,1
LGS2ORD0000056,C016154,2025-01-01 10:00:00,Other,58,Bronze,Shopee,Songkhla,47,Lazada,Credit_Card,10,1,2,0,>50,1.5666666666666667,0.0,0.0,0.0,-1,-1,0.0,0.0,0.0,0.0,0.0,0.0,0,0,0.0,0.0,0,0,0.0,0.0,0,0,0.0,0.0,0,0,0.0,0
LGS2ORD0000057,C016788,2025-01-01 11:00:00,Female,18,Bronze,Lazada,Songkhla,882,Web,COD,11,1,2,0,<20,29.4,0.0,0.0,0.0,-1,-1,0.0,0.0,0.0,0.0,0.0,0.0,0,0,0.0,0.0,0,0,0.0,0.0,0,0,0.0,0.0,0,0,0.0,0
LGS2ORD0000058,C014022,2025-01-01 11:00:00,Female,45,Silver,Web,Nakhon Ratchasima,1224,Shopee,COD,11,1,2,0,40-50,40.8,0.0,0.0,0.0,-1,-1,0.0,0.0,0.0,0.0,0.0,0.0,0,0,0.0,0.0,0,0,0.0,0.0,0,0,0.0,0.0,0,0,0.0,1
LGS2ORD0000059,C016839,2025-01-01 11:00:00,Female,32,Silver,TV,Phuket,645,Shopee,Credit_Card,11,1,2,0,30-40,21.5,0.0,0.0,0.0,-1,-1,0.0,0.0,0.0,0.0,0.0,0.0,0,0,0.0,0.0,0,0,0.0,0.0,0,0,0.0,0.0,0,0,0.0,0
LGS2ORD0000060,C014164,2025-01-01 11:00:00,Female,40,Silver,Shopee,Songkhla,463,CallCenter,Bank_Transfer,11,1,2,0,30-40,15.433333333333334,0.0,0.0,0.0,-1,-1,0.0,0.0,0.0,0.0,0.0,0.0,0,0,0.0,0.0,0,0,0.0,0.0,0,0,0.0,0.0,0,0,0.0,0
LGS2ORD0000061,C011684,2025-01-01 11:00:00,Male,31,Bronze,Web,Khon Kaen,579,Web,Credit_Card,11,1,2,0,30-40,19.3,0.0,0.0,0.0,-1,-1,0.0,0.0,0.0,0.0,0.0,0.0,0,0,0.0,0.0,0,0,0.0,0.0,0,0,0.0,0.0,0,0,0.0,0
LGS2ORD0000062,C011834,2025-01-01 12:00:00,Male,50,Silver,TV,Bangkok,839,Lazada,Credit_Card,12,1,2,0,40-50,27.966666666666665,0.0,0.0,0.0,-1,-1,0.0,0.0,0.0,0.0,0.0,0.0,0,0,0.0,0.0,0,0,0.0,0.0,0,0,0.0,0.0,0,0,0.0,1
LGS2ORD0000063,C010481,2025-01-01 12:00:00,Male,53,Bronze,CallCenter,Chonburi,1332,TV_Show,COD,12,1,2,0,>50,44.4,0.0,0.0,0.0,-1,-1,0.0,0.0,0.0,0.0,0.0,0.0,0,0,0.0,0.0,0,0,0.0,0.0,0,0,0.0,0.0,0,0,0.0,1
LGS2ORD0000064,C015102,2025-01-01 12:00:00,Female,38,Gold,TV,Nakhon Ratchasima,1029,CallCenter,Credit_Card,12,1,2,0,30-40,34.3,0.0,0.0,0.0,-1,-1,0.0,0.0,0.0,0.0,0.0,0.0,0,0,0.0,0.0,0,0,0.0,0.0,0,0,0.0,0.0,0,0,0.0,0
LGS2ORD0000065,C017886,2025-01-01 12:00:00,Female,54,Silver,TV,Chiang Mai,404,Lazada,COD,12,1,2,0,>50,13.466666666666667,0.0,0.0,0.0,-1,-1,0.0,0.0,0.0,0.0,0.0,0.0,0,0,0.0,0.0,0,0,0.0,0.0,0,0,0.0,0.0,0,0,0.0,1
LGS2ORD0000066,C012638,2025-01-01 12:00:00,Female,52,Bronze,Lazada,Chonburi,149,CallCenter,COD,12,1,2,0,>50,4.966666666666667,0.0,0.0,0.0,-1,-1,0.0,0.0,0.0,0.0,0.0,0.0,0,0,0.0,0.0,0,0,0.0,0.0,0,0,0.0,0.0,0,0,0.0,0
LGS2ORD0000067,C014686,2025-01-01 13:00:00,Female,42,Silver,Web,Khon Kaen,882,CallCenter,Credit_Card,13,1,2,0,40-50,29.4,0.0,0.0,0.0,-1,-1,0.0,0.0,0.0,0.0,0.0,0.0,0,0,0.0,0.0,0,0,0.0,0.0,0,0,0.0,0.0,0,0,0.0,0
LGS2ORD0000068,C017273,2025-01-01 13:00:00,Male,26,Bronze,Lazada,Bangkok,1208,Shopee,PromptPay,13,1,2,0,20-30,40.266666666666666,1.0,1.0,1.0,-9,0,2712.3,0.03,0.0,0.0,0.0,2712.3,1,1,1.0,2712.3,1,1,1.0,2712.3,1,1,1.0,2712.3,1,1,1.0,0
LGS2ORD0000069,C014435,2025-01-01 13:00:00,Female,35,Bronze,TV,Remote_Area,277,TV_Show,COD,13,1,2,0,30-40,9.233333333333333,0.0,0.0,0.0,-1,-1,0.0,0.0,0.0,0.0,0.0,0.0,0,0,0.0,0.0,0,0,0.0,0.0,0,0,0.0,0.0,0,0,0.0,1
LGS2ORD0000070,C015205,2025-01-01 13:00:00,Female,58,Bronze,Shopee,Bangkok,132,CallCenter,COD,13,1,2,0,>50,4.4,0.0,0.0,0.0,-1,-1,0.0,0.0,0.0,0.0,0.0,0.0,0,0,0.0,0.0,0,0,0.0,0.0,0,0,0.0,0.0,0,0,0.0,0
LGS2ORD0000071,C013512,2025-01-01 13:00:00,Male,32,Platinum,Web,Bangkok,450,Web,Bank_Transfer,13,1,2,0,30-40,15.0,0.0,0.0,0.0,-1,-1,0.0,0.0,0.0,0.0,0.0,0.0,0,0,0.0,0.0,0,0,0.0,0.0,0,0,0.0,0.0,0,0,0.0,0
LGS2ORD0000072,C010135,2025-01-01 13:00:00,Male,56,Gold,Lazada,Bangkok,862,Web,COD,13,1,2,0,>50,28.733333333333334,0.0,0.0,0.0,-1,-1,0.0,0.0,0.0,0.0,0.0,0.0,0,0,0.0,0.0,0,0,0.0,0.0,0,0,0.0,0.0,0,0,0.0,0
LGS2ORD0000073,C015272,2025-01-01 14:00:00,Female,39,Bronze,TV,Khon Kaen,638,TV_Show,Credit_Card,14,1,2,0,30-40,21.266666666666666,0.0,0.0,0.0,-1,-1,0.0,0.0,0.0,0.0,0.0,0.0,0,0,0.0,0.0,0,0,0.0,0.0,0,0,0.0,0.0,0,0,0.0,0
LGS2ORD0000074,C013365,2025-01-01 14:00:00,Male,38,Silver,Web,Bangkok,900,TV_Show,PromptPay,14,1,2,0,30-40,30.0,0.0,0.0,0.0,-1,-1,0.0,0.0,0.0,0.0,0.0,0.0,0,0,0.0,0.0,0,0,0.0,0.0,0,0,0.0,0.0,0,0,0.0,1
LGS2ORD0000075,C013466,2025-01-01 14:00:00,Female,49,Bronze,Web,Songkhla,111,Web,Credit_Card,14,1,2,0,40-50,3.7,0.0,0.0,0.0,-1,-1,0.0,0.0,0.0,0.0,0.0,0.0,0,0,0.0,0.0,0,0,0.0,0.0,0,0,0.0,0.0,0,0,0.0,0
LGS2ORD0000076,C017784,2025-01-01 14:00:00,Female,47,Bronze,TV,Remote_Area,82,Web,Credit_Card,14,1,2,0,40-50,2.7333333333333334,0.0,0.0,0.0,-1,-1,0.0,0.0,0.0,0.0,0.0,0.0,0,0,0.0,0.0,0,0,0.0,0.0,0,0,0.0,0.0,0,0,0.0,0
LGS2ORD0000077,C016192,2025-01-01 14:00:00,Female,23,Silver,Web,Phuket,831,CallCenter,COD,14,1,2,0,20-30,27.7,0.0,0.0,0.0,-1,-1,0.0,0.0,0.0,0.0,0.0,0.0,0,0,0.0,0.0,0,0,0.0,0.0,0,0,0.0,0.0,0,0,0.0,0
LGS2ORD0000078,C012925,2025-01-01 15:00:00,Female,40,Bronze,Shopee,Khon Kaen,1052,Web,COD,15,1,2,0,30-40,35.06666666666667,0.0,0.0,0.0,-1,-1,0.0,0.0,0.0,0.0,0.0,0.0,0,0,0.0,0.0,0,0,0.0,0.0,0,0,0.0,0.0,0,0,0.0,0
LGS2ORD0000079,C011200,2025-01-01 15:00:00,Male,58,Silver,TV,Chiang Mai,1204,TV_Show,PromptPay,15,1,2,0,>50,40.13333333333333,0.0,0.0,0.0,-1,-1,0.0,0.0,0.0,0.0,0.0,0.0,0,0,0.0,0.0,0,0,0.0,0.0,0,0,0.0,0.0,0,0,0.0,0
LGS2ORD0000080,C016953,2025-01-01 15:00:00,Male,30,Gold,Shopee,Remote_Area,871,Lazada,COD,15,1,2,0,20-30,29.033333333333335,0.0,0.0,0.0,-1,-1,0.0,0.0,0.0,0.0,0.0,0.0,0,0,0.0,0.0,0,0,0.0,0.0,0,0,0.0,0.0,0,0,0.0,0
LGS2ORD0000081,C014034,2025-01-01 15:00:00,Female,38,Silver,Lazada,Chiang Mai,1328,Web,PromptPay,15,1,2,0,30-40,44.266666666666666,0.0,0.0,0.0,-1,-1,0.0,0.0,0.0,0.0,0.0,0.0,0,0,0.0,0.0,0,0,0.0,0.0,0,0,0.0,0.0,0,0,0.0,0
LGS2ORD0000082,C017444,2025-01-01 15:00:00,Male,54,Bronze,TV,Chiang Mai,422,Shopee,COD,15,1,2,0,>50,14.066666666666666,0.0,0.0,0.0,-1,-1,0.0,0.0,0.0,0.0,0.0,0.0,0,0,0.0,0.0,0,0,0.0,0.0,0,0,0.0,0.0,0,0,0.0,1
LGS2ORD0000083,C014388,2025-01-01 16:00:00,Female,20,Silver,TV,Nakhon Ratchasima,524,TV_Show,COD,16,1,2,0,<20,17.466666666666665,0.0,0.0,0.0,-1,-1,0.0,0.0,0.0,0.0,0.0,0.0,0,0,0.0,0.0,0,0,0.0,0.0,0,0,0.0,0.0,0,0,0.0,0
LGS2ORD0000084,C017945,2025-01-01 16:00:00,Male,38,Platinum,Shopee,Khon Kaen,261,TV_Show,COD,16,1,2,0,30-40,8.7,0.0,0.0,0.0,-1,-1,0.0,0.0,0.0,0.0,0.0,0.0,0,0,0.0,0.0,0,0,0.0,0.0,0,0,0.0,0.0,0,0,0.0,0
LGS2ORD0000085,C010212,2025-01-01 16:00:00,Male,51,Bronze,Web,Bangkok,1289,Web,COD,16,1,2,0,>50,42.96666666666667,0.0,0.0,0.0,-1,-1,0.0,0.0,0.0,0.0,0.0,0.0,0,0,0.0,0.0,0,0,0.0,0.0,0,0,0.0,0.0,0,0,0.0,1
LGS2ORD0000086,C011525,2025-01-01 16:00:00,Male,47,Silver,CallCenter,Nakhon Ratchasima,448,Lazada,PromptPay,16,1,2,0,40-50,14.933333333333334,0.0,0.0,0.0,-1,-1,0.0,0.0,0.0,0.0,0.0,0.0,0,0,0.0,0.0,0,0,0.0,0.0,0,0,0.0,0.0,0,0,0.0,1
LGS2ORD0000087,C017067,2025-01-01 16:00:00,Female,27,Silver,Shopee,Remote_Area,1403,TV_Show,Bank_Transfer,16,1,2,0,20-30,46.766666666666666,0.0,0.0,0.0,-1,-1,0.0,0.0,0.0,0.0,0.0,0.0,0,0,0.0,0.0,0,0,0.0,0.0,0,0,0.0,0.0,0,0,0.0,0
LGS2ORD0000088,C014459,2025-01-01 17:00:00,Female,59,Gold,Shopee,Chonburi,1449,Web,COD,17,1,2,0,>50,48.3,0.0,0.0,0.0,-1,-1,0.0,0.0,0.0,0.0,0.0,0.0,0,0,0.0,0.0,0,0,0.0,0.0,0,0,0.0,0.0,0,0,0.0,0
LGS2ORD0000089,C013746,2025-01-01 17:00:00,Female,49,Gold,Shopee,Bangkok,137,TV_Show,Credit_Card,17,1,2,0,40-50,4.566666666666666,0.0,0.0,0.0,-1,-1,0.0,0.0,0.0,0.0,0.0,0.0,0,0,0.0,0.0,0,0,0.0,0.0,0,0,0.0,0.0,0,0,0.0,0
LGS2ORD0000090,C012353,2025-01-01 17:00:00,Female,72,Bronze,Shopee,Remote_Area,1142,TV_Show,COD,17,1,2,0,>50,38.06666666666667,0.0,0.0,0.0,-1,-1,0.0,0.0,0.0,0.0,0.0,0.0,0,0,0.0,0.0,0,0,0.0,0.0,0,0,0.0,0.0,0,0,0.0,0
LGS2ORD0000091,C017193,2025-01-01 17:00:00,Female,47,Gold,Web,Bangkok,180,CallCenter,Credit_Card,17,1,2,0,40-50,6.0,0.0,0.0,0.0,-1,-1,0.0,0.0,0.0,0.0,0.0,0.0,0,0,0.0,0.0,0,0,0.0,0.0,0,0,0.0,0.0,0,0,0.0,0
LGS2ORD0000092,C014542,2025-01-01 17:00:00,Female,38,Bronze,TV,Remote_Area,1121,Web,COD,17,1,2,0,30-40,37.36666666666667,0.0,0.0,0.0,-1,-1,0.0,0.0,0.0,0.0,0.0,0.0,0,0,0.0,0.0,0,0,0.0,0.0,0,0,0.0,0.0,0,0,0.0,0
LGS2ORD0000093,C015068,2025-01-01 17:00:00,Male,48,Bronze,TV,Chiang Mai,988,Lazada,COD,17,1,2,0,40-50,32.93333333333333,0.0,0.0,0.0,-1,-1,0.0,0.0,0.0,0.0,0.0,0.0,0,0,0.0,0.0,0,0,0.0,0.0,0,0,0.0,0.0,0,0,0.0,1
LGS2ORD0000094,C014090,2025-01-01 18:00:00,Female,32,Platinum,Shopee,Phuket,1027,Lazada,COD,18,1,2,0,30-40,34.233333333333334,0.0,0.0,0.0,-1,-1,0.0,0.0,0.0,0.0,0.0,0.0,0,0,0.0,0.0,0,0,0.0,0.0,0,0,0.0,0.0,0,0,0.0,0
LGS2ORD0000095,C016929,2025-01-01 18:00:00,Male,33,Bronze,Shopee,Remote_Area,900,Web,COD,18,1,2,0,30-40,30.0,0.0,0.0,0.0,-1,-1,0.0,0.0,0.0,0.0,0.0,0.0,0,0,0.0,0.0,0,0,0.0,0.0,0,0,0.0,0.0,0,0,0.0,1
LGS2ORD0000096,C012810,2025-01-01 18:00:00,Female,49,Bronze,CallCenter,Chonburi,203,Web,COD,18,1,2,0,40-50,6.766666666666667,0.0,0.0,0.0,-1,-1,0.0,0.0,0.0,0.0,0.0,0.0,0,0,0.0,0.0,0,0,0.0,0.0,0,0,0.0,0.0,0,0,0.0,0
LGS2ORD0000097,C017949,2025-01-01 18:00:00,Female,41,Gold,Web,Khon Kaen,434,Lazada,COD,18,1,2,0,40-50,14.466666666666667,0.0,0.0,0.0,-1,-1,0.0,0.0,0.0,0.0,0.0,0.0,0,0,0.0,0.0,0,0,0.0,0.0,0,0,0.0,0.0,0,0,0.0,0
LGS2ORD0000098,C017138,2025-01-01 18:00:00,Female,44,Gold,Shopee,Phuket,1233,Shopee,COD,18,1,2,0,40-50,41.1,0.0,0.0,0.0,-1,-1,0.0,0.0,0.0,0.0,0.0,0.0,0,0,0.0,0.0,0,0,0.0,0.0,0,0,0.0,0.0,0,0,0.0,0
LGS2ORD0000099,C015956,2025-01-01 19:00:00,Female,45,Bronze,Shopee,Bangkok,814,Shopee,PromptPay,19,1,2,0,40-50,27.133333333333333,0.0,0.0,0.0,-1,-1,0.0,0.0,0.0,0.0,0.0,0.0,0,0,0.0,0.0,0,0,0.0,0.0,0,0,0.0,0.0,0,0,0.0,1
LGS2ORD0000100,C015795,2025-01-01 19:00:00,Female,18,Bronze,TV,Nakhon Ratchasima,236,TV_Show,COD,19,1,2,0,<20,7.866666666666666,0.0,0.0,0.0,-1,-1,0.0,0.0,0.0,0.0,0.0,0.0,0,0,0.0,0.0,0,0,0.0,0.0,0,0,0.0,0.0,0,0,0.0,0
LGS2ORD0000101,C013038,2025-01-01 19:00:00,Female,36,Bronze,TV,Chiang Mai,321,Web,COD,19,1,2,0,30-40,10.7,0.0,0.0,0.0,-1,-1,0.0,0.0,0.0,0.0,0.0,0.0,0,0,0.0,0.0,0,0,0.0,0.0,0,0,0.0,0.0,0,0,0.0,0
LGS2ORD0000102,C017536,2025-01-01 19:00:00,Male,57,Bronze,TV,Bangkok,633,TV_Show,COD,19,1,2,0,>50,21.1,0.0,0.0,0.0,-1,-1,0.0,0.0,0.0,0.0,0.0,0.0,0,0,0.0,0.0,0,0,0.0,0.0,0,0,0.0,0.0,0,0,0.0,0
LGS2ORD0000103,C012289,2025-01-01 19:00:00,Male,45,Bronze,TV,Songkhla,1182,Web,COD,19,1,2,0,40-50,39.4,0.0,0.0,0.0,-1,-1,0.0,0.0,0.0,0.0,0.0,0.0,0,0,0.0,0.0,0,0,0.0,0.0,0,0,0.0,0.0,0,0,0.0,1
LGS2ORD0000104,C012818,2025-01-01 20:00:00,Male,37,Silver,Web,Chonburi,553,Web,COD,20,1,2,0,30-40,18.433333333333334,0.0,0.0,0.0,-1,-1,0.0,0.0,0.0,0.0,0.0,0.0,0,0,0.0,0.0,0,0,0.0,0.0,0,0,0.0,0.0,0,0,0.0,0
LGS2ORD0000105,C016801,2025-01-01 20:00:00,Female,30,Gold,Web,Nakhon Ratchasima,458,Shopee,COD,20,1,2,0,20-30,15.266666666666667,0.0,0.0,0.0,-1,-1,0.0,0.0,0.0,0.0,0.0,0.0,0,0,0.0,0.0,0,0,0.0,0.0,0,0,0.0,0.0,0,0,0.0,0
LGS2ORD0000106,C015091,2025-01-01 20:00:00,Female,38,Silver,TV,Chiang Mai,485,Lazada,Credit_Card,20,1,2,0,30-40,16.166666666666668,0.0,0.0,0.0,-1,-1,0.0,0.0,0.0,0.0,0.0,0.0,0,0,0.0,0.0,0,0,0.0,0.0,0,0,0.0,0.0,0,0,0.0,0
LGS2ORD0000107,C013513,2025-01-01 20:00:00,Female,53,Gold,Web,Remote_Area,541,Shopee,COD,20,1,2,0,>50,18.033333333333335,0.0,0.0,0.0,-1,-1,0.0,0.0,0.0,0.0,0.0,0.0,0,0,0.0,0.0,0,0,0.0,0.0,0,0,0.0,0.0,0,0,0.0,0
LGS2ORD0000108,C014707,2025-01-01 20:00:00,Male,38,Bronze,Web,Khon Kaen,320,TV_Show,COD,20,1,2,0,30-40,10.666666666666666,0.0,0.0,0.0,-1,-1,0.0,0.0,0.0,0.0,0.0,0.0,0,0,0.0,0.0,0,0,0.0,0.0,0,0,0.0,0.0,0,0,0.0,0
LGS2ORD0000109,C016104,2025-01-01 21:00:00,Male,55,Bronze,TV,Phuket,1112,TV_Show,COD,21,1,2,0,>50,37.06666666666667,0.0,0.0,0.0,-1,-1,0.0,0.0,0.0,0.0,0.0,0.0,0,0,0.0,0.0,0,0,0.0,0.0,0,0,0.0,0.0,0,0,0.0,1
LGS2ORD0000110,C016524,2025-01-01 21:00:00,Female,64,Platinum,CallCenter,Bangkok,1350,Shopee,COD,21,1,2,0,>50,45.0,0.0,0.0,0.0,-1,-1,0.0,0.0,0.0,0.0,0.0,0.0,0,0,0.0,0.0,0,0,0.0,0.0,0,0,0.0,0.0,0,0,0.0,1
LGS2ORD0000111,C012584,2025-01-01 21:00:00,Male,45,Platinum,CallCenter,Songkhla,533,Lazada,COD,21,1,2,0,40-50,17.766666666666666,0.0,0.0,0.0,-1,-1,0.0,0.0,0.0,0.0,0.0,0.0,0,0,0.0,0.0,0,0,0.0,0.0,0,0,0.0,0.0,0,0,0.0,0
LGS2ORD0000112,C016944,2025-01-01 21:00:00,Other,41,Gold,Lazada,Bangkok,1221,TV_Show,Credit_Card,21,1,2,0,40-50,40.7,0.0,0.0,0.0,-1,-1,0.0,0.0,0.0,0.0,0.0,0.0,0,0,0.0,0.0,0,0,0.0,0.0,0,0,0.0,0.0,0,0,0.0,0
LGS2ORD0000113,C016457,2025-01-01 21:00:00,Female,18,Bronze,CallCenter,Bangkok,941,Shopee,COD,21,1,2,0,<20,31.366666666666667,0.0,0.0,0.0,-1,-1,0.0,0.0,0.0,0.0,0.0,0.0,0,0,0.0,0.0,0,0,0.0,0.0,0,0,0.0,0.0,0,0,0.0,0
LGS2ORD0000114,C016845,2025-01-01 21:00:00,Female,44,Bronze,TV,Nakhon Ratchasima,830,Web,COD,21,1,2,0,40-50,27.666666666666668,0.0,0.0,0.0,-1,-1,0.0,0.0,0.0,0.0,0.0,0.0,0,0,0.0,0.0,0,0,0.0,0.0,0,0,0.0,0.0,0,0,0.0,1
LGS2ORD0000115,C010752,2025-01-01 22:00:00,Female,41,Silver,TV,Bangkok,923,Web,Bank_Transfer,22,1,2,0,40-50,30.766666666666666,0.0,0.0,0.0,-1,-1,0.0,0.0,0.0,0.0,0.0,0.0,0,0,0.0,0.0,0,0,0.0,0.0,0,0,0.0,0.0,0,0,0.0,0
LGS2ORD0000116,C012460,2025-01-01 22:00:00,Male,40,Platinum,TV,Bangkok,646,TV_Show,Bank_Transfer,22,1,2,0,30-40,21.533333333333335,0.0,0.0,0.0,-1,-1,0.0,0.0,0.0,0.0,0.0,0.0,0,0,0.0,0.0,0,0,0.0,0.0,0,0,0.0,0.0,0,0,0.0,0
LGS2ORD0000117,C016390,2025-01-01 22:00:00,Male,28,Silver,Lazada,Bangkok,611,TV_Show,Credit_Card,22,1,2,0,20-30,20.366666666666667,0.0,0.0,0.0,-1,-1,0.0,0.0,0.0,0.0,0.0,0.0,0,0,0.0,0.0,0,0,0.0,0.0,0,0,0.0,0.0,0,0,0.0,0
LGS2ORD0000118,C011881,2025-01-01 22:00:00,Male,36,Silver,Web,Nakhon Ratchasima,1211,TV_Show,Credit_Card,22,1,2,0,30-40,40.36666666666667,0.0,0.0,0.0,-1,-1,0.0,0.0,0.0,0.0,0.0,0.0,0,0,0.0,0.0,0,0,0.0,0.0,0,0,0.0,0.0,0,0,0.0,0
LGS2ORD0000119,C013544,2025-01-01 22:00:00,Male,37,Bronze,Lazada,Bangkok,510,CallCenter,COD,22,1,2,0,30-40,17.0,0.0,0.0,0.0,-1,-1,0.0,0.0,0.0,0.0,0.0,0.0,0,0,0.0,0.0,0,0,0.0,0.0,0,0,0.0,0.0,0,0,0.0,0
LGS2ORD0000120,C017870,2025-01-01 23:00:00,Male,43,Bronze,TV,Chiang Mai,620,Shopee,PromptPay,23,1,2,0,40-50,20.666666666666668,0.0,0.0,0.0,-1,-1,0.0,0.0,0.0,0.0,0.0,0.0,0,0,0.0,0.0,0,0,0.0,0.0,0,0,0.0,0.0,0,0,0.0,0
LGS2ORD0000121,C010052,2025-01-01 23:00:00,Male,23,Bronze,CallCenter,Nakhon Ratchasima,447,TV_Show,COD,23,1,2,0,20-30,14.9,0.0,0.0,0.0,-1,-1,0.0,0.0,0.0,0.0,0.0,0.0,0,0,0.0,0.0,0,0,0.0,0.0,0,0,0.0,0.0,0,0,0.0,1
LGS2ORD0000122,C010374,2025-01-01 23:00:00,Female,40,Bronze,CallCenter,Bangkok,930,Web,COD,23,1,2,0,30-40,31.0,0.0,0.0,0.0,-1,-1,0.0,0.0,0.0,0.0,0.0,0.0,0,0,0.0,0.0,0,0,0.0,0.0,0,0,0.0,0.0,0,0,0.0,0
LGS2ORD0000123,C016383,2025-01-01 23:00:00,Female,25,Silver,Web,Bangkok,696,Lazada,COD,23,1,2,0,20-30,23.2,0.0,0.0,0.0,-1,-1,0.0,0.0,0.0,0.0,0.0,0.0,0,0,0.0,0.0,0,0,0.0,0.0,0,0,0.0,0.0,0,0,0.0,0
LGS2ORD0000124,C014413,2025-01-01 23:00:00,Male,21,Gold,CallCenter,Khon Kaen,279,Web,COD,23,1,2,0,20-30,9.3,0.0,0.0,0.0,-1,-1,0.0,0.0,0.0,0.0,0.0,0.0,0,0,0.0,0.0,0,0,0.0,0.0,0,0,0.0,0.0,0,0,0.0,1
LGS2ORD0000125,C013149,2025-01-02 00:00:00,Female,34,Gold,Shopee,Songkhla,1110,TV_Show,PromptPay,0,1,3,0,30-40,37.0,0.0,0.0,0.0,-1,-1,0.0,0.0,0.0,0.0,0.0,0.0,0,0,0.0,0.0,0,0,0.0,0.0,0,0,0.0,0.0,0,0,0.0,0
LGS2ORD0000126,C017840,2025-01-02 00:00:00,Male,39,Bronze,Shopee,Chiang Mai,64,Shopee,COD,0,1,3,0,30-40,2.1333333333333333,0.0,0.0,0.0,-1,-1,0.0,0.0,0.0,0.0,0.0,0.0,0,0,0.0,0.0,0,0,0.0,0.0,0,0,0.0,0.0,0,0,0.0,0
LGS2ORD0000127,C016731,2025-01-02 00:00:00,Female,48,Gold,Shopee,Songkhla,137,CallCenter,PromptPay,0,1,3,0,40-50,4.566666666666666,0.0,0.0,0.0,-1,-1,0.0,0.0,0.0,0.0,0.0,0.0,0,0,0.0,0.0,0,0,0.0,0.0,0,0,0.0,0.0,0,0,0.0,0
LGS2ORD0000128,C014841,2025-01-02 00:00:00,Male,67,Bronze,Shopee,Remote_Area,155,Lazada,COD,0,1,3,0,>50,5.166666666666667,0.0,0.0,0.0,-1,-1,0.0,0.0,0.0,0.0,0.0,0.0,0,0,0.0,0.0,0,0,0.0,0.0,0,0,0.0,0.0,0,0,0.0,0
LGS2ORD0000129,C016937,2025-01-02 00:00:00,Female,44,Bronze,Shopee,Chiang Mai,118,Shopee,COD,0,1,3,0,40-50,3.933333333333333,0.0,0.0,0.0,-1,-1,0.0,0.0,0.0,0.0,0.0,0.0,0,0,0.0,0.0,0,0,0.0,0.0,0,0,0.0,0.0,0,0,0.0,0
LGS2ORD0000130,C010377,2025-01-02 01:00:00,Female,43,Bronze,Lazada,Songkhla,207,TV_Show,COD,1,1,3,0,40-50,6.9,0.0,0.0,0.0,-1,-1,0.0,0.0,0.0,0.0,0.0,0.0,0,0,0.0,0.0,0,0,0.0,0.0,0,0,0.0,0.0,0,0,0.0,1
LGS2ORD0000131,C014655,2025-01-02 01:00:00,Female,54,Bronze,TV,Phuket,519,TV_Show,Credit_Card,1,1,3,0,>50,17.3,0.0,0.0,0.0,-1,-1,0.0,0.0,0.0,0.0,0.0,0.0,0,0,0.0,0.0,0,0,0.0,0.0,0,0,0.0,0.0,0,0,0.0,0
LGS2ORD0000132,C015700,2025-01-02 01:00:00,Female,43,Gold,Web,Khon Kaen,1395,TV_Show,Bank_Transfer,1,1,3,0,40-50,46.5,0.0,0.0,0.0,-1,-1,0.0,0.0,0.0,0.0,0.0,0.0,0,0,0.0,0.0,0,0,0.0,0.0,0,0,0.0,0.0,0,0,0.0,0
LGS2ORD0000133,C010591,2025-01-02 01:00:00,Female,50,Bronze,Shopee,Chonburi,1177,TV_Show,Credit_Card,1,1,3,0,40-50,39.233333333333334,0.0,0.0,0.0,-1,-1,0.0,0.0,0.0,0.0,0.0,0.0,0,0,0.0,0.0,0,0,0.0,0.0,0,0,0.0,0.0,0,0,0.0,0
LGS2ORD0000134,C012589,2025-01-02 01:00:00,Female,39,Bronze,TV,Chonburi,912,Lazada,COD,1,1,3,0,30-40,30.4,0.0,0.0,0.0,-1,-1,0.0,0.0,0.0,0.0,0.0,0.0,0,0,0.0,0.0,0,0,0.0,0.0,0,0,0.0,0.0,0,0,0.0,0
LGS2ORD0000135,C010197,2025-01-02 01:00:00,Male,57,Silver,TV,Khon Kaen,633,Lazada,PromptPay,1,1,3,0,>50,21.1,0.0,0.0,0.0,-1,-1,0.0,0.0,0.0,0.0,0.0,0.0,0,0,0.0,0.0,0,0,0.0,0.0,0,0,0.0,0.0,0,0,0.0,0
LGS2ORD0000136,C013166,2025-01-02 02:00:00,Male,40,Gold,TV,Chiang Mai,978,Web,Bank_Transfer,2,1,3,0,30-40,32.6,0.0,0.0,0.0,-1,-1,0.0,0.0,0.0,0.0,0.0,0.0,0,0,0.0,0.0,0,0,0.0,0.0,0,0,0.0,0.0,0,0,0.0,0
LGS2ORD0000137,C015647,2025-01-02 02:00:00,Other,46,Bronze,TV,Remote_Area,752,Shopee,PromptPay,2,1,3,0,40-50,25.066666666666666,0.0,0.0,0.0,-1,-1,0.0,0.0,0.0,0.0,0.0,0.0,0,0,0.0,0.0,0,0,0.0,0.0,0,0,0.0,0.0,0,0,0.0,0
LGS2ORD0000138,C012476,2025-01-02 02:00:00,Female,46,Gold,Web,Bangkok,820,Lazada,COD,2,1,3,0,40-50,27.333333333333332,0.0,0.0,0.0,-1,-1,0.0,0.0,0.0,0.0,0.0,0.0,0,0,0.0,0.0,0,0,0.0,0.0,0,0,0.0,0.0,0,0,0.0,1
LGS2ORD0000139,C012578,2025-01-02 02:00:00,Female,41,Bronze,Web,Chiang Mai,565,Shopee,PromptPay,2,1,3,0,40-50,18.833333333333332,0.0,0.0,0.0,-1,-1,0.0,0.0,0.0,0.0,0.0,0.0,0,0,0.0,0.0,0,0,0.0,0.0,0,0,0.0,0.0,0,0,0.0,0
LGS2ORD0000140,C017732,2025-01-02 02:00:00,Male,49,Silver,Lazada,Bangkok,1328,Shopee,PromptPay,2,1,3,0,40-50,44.266666666666666,0.0,0.0,0.0,-1,-1,0.0,0.0,0.0,0.0,0.0,0.0,0,0,0.0,0.0,0,0,0.0,0.0,0,0,0.0,0.0,0,0,0.0,0
LGS2ORD0000141,C012490,2025-01-02 03:00:00,Female,52,Bronze,TV,Remote_Area,31,Web,PromptPay,3,1,3,0,>50,1.0333333333333334,0.0,0.0,0.0,-1,-1,0.0,0.0,0.0,0.0,0.0,0.0,0,0,0.0,0.0,0,0,0.0,0.0,0,0,0.0,0.0,0,0,0.0,0
LGS2ORD0000142,C017820,2025-01-02 03:00:00,Male,53,Gold,Lazada,Songkhla,1038,TV_Show,Credit_Card,3,1,3,0,>50,34.6,0.0,0.0,0.0,-1,-1,0.0,0.0,0.0,0.0,0.0,0.0,0,0,0.0,0.0,0,0,0.0,0.0,0,0,0.0,0.0,0,0,0.0,0
LGS2ORD0000143,C014332,2025-01-02 03:00:00,Female,36,Bronze,Web,Remote_Area,905,Web,Credit_Card,3,1,3,0,30-40,30.166666666666668,0.0,0.0,0.0,-1,-1,0.0,0.0,0.0,0.0,0.0,0.0,0,0,0.0,0.0,0,0,0.0,0.0,0,0,0.0,0.0,0,0,0.0,0
LGS2ORD0000144,C015346,2025-01-02 03:00:00,Female,36,Bronze,Web,Bangkok,992,Lazada,PromptPay,3,1,3,0,30-40,33.06666666666667,0.0,0.0,0.0,-1,-1,0.0,0.0,0.0,0.0,0.0,0.0,0,0,0.0,0.0,0,0,0.0,0.0,0,0,0.0,0.0,0,0,0.0,0
LGS2ORD0000145,C016594,2025-01-02 03:00:00,Female,43,Bronze,Lazada,Nakhon Ratchasima,1293,Web,Credit_Card,3,1,3,0,40-50,43.1,0.0,0.0,0.0,-1,-1,0.0,0.0,0.0,0.0,0.0,0.0,0,0,0.0,0.0,0,0,0.0,0.0,0,0,0.0,0.0,0,0,0.0,0
LGS2ORD0000146,C011641,2025-01-02 04:00:00,Male,35,Gold,Web,Chonburi,233,Shopee,COD,4,1,3,0,30-40,7.766666666666667,0.0,0.0,0.0,-1,-1,0.0,0.0,0.0,0.0,0.0,0.0,0,0,0.0,0.0,0,0,0.0,0.0,0,0,0.0,0.0,0,0,0.0,0
LGS2ORD0000147,C012293,2025-01-02 04:00:00,Female,27,Bronze,TV,Phuket,1182,Shopee,COD,4,1,3,0,20-30,39.4,0.0,0.0,0.0,-1,-1,0.0,0.0,0.0,0.0,0.0,0.0,0,0,0.0,0.0,0,0,0.0,0.0,0,0,0.0,0.0,0,0,0.0,0
LGS2ORD0000148,C011688,2025-01-02 04:00:00,Female,27,Gold,Web,Chonburi,666,Web,Bank_Transfer,4,1,3,0,20-30,22.2,0.0,0.0,0.0,-1,-1,0.0,0.0,0.0,0.0,0.0,0.0,0,0,0.0,0.0,0,0,0.0,0.0,0,0,0.0,0.0,0,0,0.0,0
LGS2ORD0000149,C015612,2025-01-02 04:00:00,Female,36,Silver,Web,Khon Kaen,1322,Shopee,COD,4,1,3,0,30-40,44.06666666666667,0.0,0.0,0.0,-1,-1,0.0,0.0,0.0,0.0,0.0,0.0,0,0,0.0,0.0,0,0,0.0,0.0,0,0,0.0,0.0,0,0,0.0,0
LGS2ORD0000150,C010847,2025-01-02 04:00:00,Female,43,Gold,Web,Bangkok,556,CallCenter,COD,4,1,3,0,40-50,18.533333333333335,0.0,0.0,0.0,-1,-1,0.0,0.0,0.0,0.0,0.0,0.0,0,0,0.0,0.0,0,0,0.0,0.0,0,0,0.0,0.0,0,0,0.0,0
LGS2ORD0000151,C014570,2025-01-02 05:00:00,Male,28,Bronze,Shopee,Bangkok,1046,CallCenter,Credit_Card,5,1,3,0,20-30,34.86666666666667,0.0,0.0,0.0,-1,-1,0.0,0.0,0.0,0.0,0.0,0.0,0,0,0.0,0.0,0,0,0.0,0.0,0,0,0.0,0.0,0,0,0.0,0
LGS2ORD0000152,C013617,2025-01-02 05:00:00,Female,56,Bronze,TV,Phuket,487,Shopee,COD,5,1,3,0,>50,16.233333333333334,0.0,0.0,0.0,-1,-1,0.0,0.0,0.0,0.0,0.0,0.0,0,0,0.0,0.0,0,0,0.0,0.0,0,0,0.0,0.0,0,0,0.0,1
LGS2ORD0000153,C012152,2025-01-02 05:00:00,Male,47,Bronze,Shopee,Phuket,737,Shopee,Bank_Transfer,5,1,3,0,40-50,24.566666666666666,0.0,0.0,0.0,-1,-1,0.0,0.0,0.0,0.0,0.0,0.0,0,0,0.0,0.0,0,0,0.0,0.0,0,0,0.0,0.0,0,0,0.0,0
LGS2ORD0000154,C016135,2025-01-02 05:00:00,Male,40,Silver,Web,Chonburi,326,TV_Show,COD,5,1,3,0,30-40,10.866666666666667,0.0,0.0,0.0,-1,-1,0.0,0.0,0.0,0.0,0.0,0.0,0,0,0.0,0.0,0,0,0.0,0.0,0,0,0.0,0.0,0,0,0.0,1
LGS2ORD0000155,C010610,2025-01-02 05:00:00,Female,53,Gold,Web,Phuket,1317,Lazada,COD,5,1,3,0,>50,43.9,0.0,0.0,0.0,-1,-1,0.0,0.0,0.0,0.0,0.0,0.0,0,0,0.0,0.0,0,0,0.0,0.0,0,0,0.0,0.0,0,0,0.0,0
LGS2ORD0000156,C016054,2025-01-02 05:00:00,Male,39,Silver,Shopee,Bangkok,1419,Shopee,Bank_Transfer,5,1,3,0,30-40,47.3,0.0,0.0,0.0,-1,-1,0.0,0.0,0.0,0.0,0.0,0.0,0,0,0.0,0.0,0,0,0.0,0.0,0,0,0.0,0.0,0,0,0.0,0
LGS2ORD0000157,C015437,2025-01-02 06:00:00,Female,41,Gold,Web,Bangkok,540,TV_Show,COD,6,1,3,0,40-50,18.0,0.0,0.0,0.0,-1,-1,0.0,0.0,0.0,0.0,0.0,0.0,0,0,0.0,0.0,0,0,0.0,0.0,0,0,0.0,0.0,0,0,0.0,0
LGS2ORD0000158,C016187,2025-01-02 06:00:00,Female,20,Bronze,Web,Bangkok,158,CallCenter,PromptPay,6,1,3,0,<20,5.266666666666667,0.0,0.0,0.0,-1,-1,0.0,0.0,0.0,0.0,0.0,0.0,0,0,0.0,0.0,0,0,0.0,0.0,0,0,0.0,0.0,0,0,0.0,0
LGS2ORD0000159,C010074,2025-01-02 06:00:00,Female,61,Platinum,TV,Chiang Mai,891,CallCenter,PromptPay,6,1,3,0,>50,29.7,0.0,0.0,0.0,-1,-1,0.0,0.0,0.0,0.0,0.0,0.0,0,0,0.0,0.0,0,0,0.0,0.0,0,0,0.0,0.0,0,0,0.0,0
LGS2ORD0000160,C016469,2025-01-02 06:00:00,Male,40,Silver,TV,Chiang Mai,1307,Web,PromptPay,6,1,3,0,30-40,43.56666666666667,0.0,0.0,0.0,-1,-1,0.0,0.0,0.0,0.0,0.0,0.0,0,0,0.0,0.0,0,0,0.0,0.0,0,0,0.0,0.0,0,0,0.0,1
LGS2ORD0000161,C014547,2025-01-02 06:00:00,Female,30,Bronze,TV,Chonburi,625,Shopee,COD,6,1,3,0,20-30,20.833333333333332,0.0,0.0,0.0,-1,-1,0.0,0.0,0.0,0.0,0.0,0.0,0,0,0.0,0.0,0,0,0.0,0.0,0,0,0.0,0.0,0,0,0.0,1
LGS2ORD0000162,C015590,2025-01-02 07:00:00,Male,46,Bronze,Web,Chonburi,1416,Shopee,COD,7,1,3,0,40-50,47.2,0.0,0.0,0.0,-1,-1,0.0,0.0,0.0,0.0,0.0,0.0,0,0,0.0,0.0,0,0,0.0,0.0,0,0,0.0,0.0,0,0,0.0,1
LGS2ORD0000163,C014295,2025-01-02 07:00:00,Female,44,Gold,Web,Nakhon Ratchasima,1384,Lazada,Credit_Card,7,1,3,0,40-50,46.13333333333333,0.0,0.0,0.0,-1,-1,0.0,0.0,0.0,0.0,0.0,0.0,0,0,0.0,0.0,0,0,0.0,0.0,0,0,0.0,0.0,0,0,0.0,0
LGS2ORD0000164,C010581,2025-01-02 07:00:00,Male,41,Platinum,Lazada,Chiang Mai,577,Web,Credit_Card,7,1,3,0,40-50,19.233333333333334,0.0,0.0,0.0,-1,-1,0.0,0.0,0.0,0.0,0.0,0.0,0,0,0.0,0.0,0,0,0.0,0.0,0,0,0.0,0.0,0,0,0.0,0
LGS2ORD0000165,C017813,2025-01-02 07:00:00,Male,39,Gold,Lazada,Bangkok,1438,TV_Show,Credit_Card,7,1,3,0,30-40,47.93333333333333,0.0,0.0,0.0,-1,-1,0.0,0.0,0.0,0.0,0.0,0.0,0,0,0.0,0.0,0,0,0.0,0.0,0,0,0.0,0.0,0,0,0.0,0
LGS2ORD0000166,C010634,2025-01-02 07:00:00,Female,51,Gold,TV,Bangkok,44,Shopee,Credit_Card,7,1,3,0,>50,1.4666666666666666,0.0,0.0,0.0,-1,-1,0.0,0.0,0.0,0.0,0.0,0.0,0,0,0.0,0.0,0,0,0.0,0.0,0,0,0.0,0.0,0,0,0.0,0
LGS2ORD0000167,C015804,2025-01-02 08:00:00,Female,32,Gold,Lazada,Khon Kaen,749,Web,COD,8,1,3,0,30-40,24.966666666666665,0.0,0.0,0.0,-1,-1,0.0,0.0,0.0,0.0,0.0,0.0,0,0,0.0,0.0,0,0,0.0,0.0,0,0,0.0,0.0,0,0,0.0,0
LGS2ORD0000168,C015723,2025-01-02 08:00:00,Male,27,Platinum,Lazada,Songkhla,1199,Web,COD,8,1,3,0,20-30,39.96666666666667,0.0,0.0,0.0,-1,-1,0.0,0.0,0.0,0.0,0.0,0.0,0,0,0.0,0.0,0,0,0.0,0.0,0,0,0.0,0.0,0,0,0.0,1
LGS2ORD0000169,C010325,2025-01-02 08:00:00,Female,33,Bronze,CallCenter,Khon Kaen,1447,CallCenter,Credit_Card,8,1,3,0,30-40,48.233333333333334,0.0,0.0,0.0,-1,-1,0.0,0.0,0.0,0.0,0.0,0.0,0,0,0.0,0.0,0,0,0.0,0.0,0,0,0.0,0.0,0,0,0.0,0
LGS2ORD0000170,C016037,2025-01-02 08:00:00,Female,57,Silver,TV,Bangkok,662,Lazada,COD,8,1,3,0,>50,22.066666666666666,0.0,0.0,0.0,-1,-1,0.0,0.0,0.0,0.0,0.0,0.0,0,0,0.0,0.0,0,0,0.0,0.0,0,0,0.0,0.0,0,0,0.0,0
LGS2ORD0000171,C015295,2025-01-02 08:00:00,Female,27,Bronze,CallCenter,Bangkok,362,TV_Show,Credit_Card,8,1,3,0,20-30,12.066666666666666,0.0,0.0,0.0,-1,-1,0.0,0.0,0.0,0.0,0.0,0.0,0,0,0.0,0.0,0,0,0.0,0.0,0,0,0.0,0.0,0,0,0.0,0
LGS2ORD0000172,C011836,2025-01-02 09:00:00,Female,40,Gold,Shopee,Bangkok,126,Shopee,COD,9,1,3,0,30-40,4.2,0.0,0.0,0.0,-1,-1,0.0,0.0,0.0,0.0,0.0,0.0,0,0,0.0,0.0,0,0,0.0,0.0,0,0,0.0,0.0,0,0,0.0,0
LGS2ORD0000173,C010621,2025-01-02 09:00:00,Male,37,Bronze,TV,Bangkok,318,Lazada,PromptPay,9,1,3,0,30-40,10.6,0.0,0.0,0.0,-1,-1,0.0,0.0,0.0,0.0,0.0,0.0,0,0,0.0,0.0,0,0,0.0,0.0,0,0,0.0,0.0,0,0,0.0,0
LGS2ORD0000174,C014306,2025-01-02 09:00:00,Male,26,Platinum,Web,Chonburi,825,TV_Show,Credit_Card,9,1,3,0,20-30,27.5,0.0,0.0,0.0,-1,-1,0.0,0.0,0.0,0.0,0.0,0.0,0,0,0.0,0.0,0,0,0.0,0.0,0,0,0.0,0.0,0,0,0.0,0
LGS2ORD0000175,C013098,2025-01-02 09:00:00,Female,22,Gold,Shopee,Bangkok,478,TV_Show,COD,9,1,3,0,20-30,15.933333333333334,0.0,0.0,0.0,-1,-1,0.0,0.0,0.0,0.0,0.0,0.0,0,0,0.0,0.0,0,0,0.0,0.0,0,0,0.0,0.0,0,0,0.0,0
LGS2ORD0000176,C014540,2025-01-02 09:00:00,Female,47,Bronze,TV,Chiang Mai,133,TV_Show,Bank_Transfer,9,1,3,0,40-50,4.433333333333334,0.0,0.0,0.0,-1,-1,0.0,0.0,0.0,0.0,0.0,0.0,0,0,0.0,0.0,0,0,0.0,0.0,0,0,0.0,0.0,0,0,0.0,0
LGS2ORD0000177,C010628,2025-01-02 09:00:00,Male,50,Bronze,Shopee,Songkhla,38,Shopee,Credit_Card,9,1,3,0,40-50,1.2666666666666666,0.0,0.0,0.0,-1,-1,0.0,0.0,0.0,0.0,0.0,0.0,0,0,0.0,0.0,0,0,0.0,0.0,0,0,0.0,0.0,0,0,0.0,0
LGS2ORD0000178,C010058,2025-01-02 10:00:00,Female,39,Bronze,Web,Bangkok,1286,Lazada,COD,10,1,3,0,30-40,42.86666666666667,0.0,0.0,0.0,-1,-1,0.0,0.0,0.0,0.0,0.0,0.0,0,0,0.0,0.0,0,0,0.0,0.0,0,0,0.0,0.0,0,0,0.0,1
LGS2ORD0000179,C011367,2025-01-02 10:00:00,Male,50,Bronze,TV,Bangkok,1021,TV_Show,PromptPay,10,1,3,0,40-50,34.03333333333333,0.0,0.0,0.0,-1,-1,0.0,0.0,0.0,0.0,0.0,0.0,0,0,0.0,0.0,0,0,0.0,0.0,0,0,0.0,0.0,0,0,0.0,0
LGS2ORD0000180,C011278,2025-01-02 10:00:00,Female,48,Bronze,Lazada,Chiang Mai,470,Shopee,Credit_Card,10,1,3,0,40-50,15.666666666666666,0.0,0.0,0.0,-1,-1,0.0,0.0,0.0,0.0,0.0,0.0,0,0,0.0,0.0,0,0,0.0,0.0,0,0,0.0,0.0,0,0,0.0,0
LGS2ORD0000181,C010082,2025-01-02 10:00:00,Female,42,Gold,Shopee,Remote_Area,1105,Shopee,COD,10,1,3,0,40-50,36.833333333333336,0.0,0.0,0.0,-1,-1,0.0,0.0,0.0,0.0,0.0,0.0,0,0,0.0,0.0,0,0,0.0,0.0,0,0,0.0,0.0,0,0,0.0,0
LGS2ORD0000182,C014046,2025-01-02 10:00:00,Female,39,Gold,TV,Khon Kaen,932,TV_Show,Credit_Card,10,1,3,0,30-40,31.066666666666666,0.0,0.0,0.0,-1,-1,0.0,0.0,0.0,0.0,0.0,0.0,0,0,0.0,0.0,0,0,0.0,0.0,0,0,0.0,0.0,0,0,0.0,0
LGS2ORD0000183,C014136,2025-01-02 11:00:00,Other,57,Bronze,CallCenter,Khon Kaen,143,Shopee,PromptPay,11,1,3,0,>50,4.766666666666667,0.0,0.0,0.0,-1,-1,0.0,0.0,0.0,0.0,0.0,0.0,0,0,0.0,0.0,0,0,0.0,0.0,0,0,0.0,0.0,0,0,0.0,0
LGS2ORD0000184,C015129,2025-01-02 11:00:00,Female,38,Gold,Shopee,Bangkok,408,Web,COD,11,1,3,0,30-40,13.6,0.0,0.0,0.0,-1,-1,0.0,0.0,0.0,0.0,0.0,0.0,0,0,0.0,0.0,0,0,0.0,0.0,0,0,0.0,0.0,0,0,0.0,0
LGS2ORD0000185,C014754,2025-01-02 11:00:00,Female,63,Bronze,TV,Songkhla,772,Shopee,COD,11,1,3,0,>50,25.733333333333334,0.0,0.0,0.0,-1,-1,0.0,0.0,0.0,0.0,0.0,0.0,0,0,0.0,0.0,0,0,0.0,0.0,0,0,0.0,0.0,0,0,0.0,1
LGS2ORD0000186,C015133,2025-01-02 11:00:00,Other,72,Bronze,TV,Bangkok,82,Lazada,Credit_Card,11,1,3,0,>50,2.7333333333333334,0.0,0.0,0.0,-1,-1,0.0,0.0,0.0,0.0,0.0,0.0,0,0,0.0,0.0,0,0,0.0,0.0,0,0,0.0,0.0,0,0,0.0,0
LGS2ORD0000187,C016723,2025-01-02 11:00:00,Female,46,Silver,Web,Nakhon Ratchasima,311,Lazada,Bank_Transfer,11,1,3,0,40-50,10.366666666666667,0.0,0.0,0.0,-1,-1,0.0,0.0,0.0,0.0,0.0,0.0,0,0,0.0,0.0,0,0,0.0,0.0,0,0,0.0,0.0,0,0,0.0,0
LGS2ORD0000188,C015929,2025-01-02 12:00:00,Female,40,Gold,Web,Bangkok,571,Shopee,Credit_Card,12,1,3,0,30-40,19.033333333333335,0.0,0.0,0.0,-1,-1,0.0,0.0,0.0,0.0,0.0,0.0,0,0,0.0,0.0,0,0,0.0,0.0,0,0,0.0,0.0,0,0,0.0,0
LGS2ORD0000189,C011034,2025-01-02 12:00:00,Female,44,Gold,CallCenter,Nakhon Ratchasima,399,Shopee,COD,12,1,3,0,40-50,13.3,0.0,0.0,0.0,-1,-1,0.0,0.0,0.0,0.0,0.0,0.0,0,0,0.0,0.0,0,0,0.0,0.0,0,0,0.0,0.0,0,0,0.0,1
LGS2ORD0000190,C012549,2025-01-02 12:00:00,Female,50,Platinum,Lazada,Chiang Mai,1059,Lazada,COD,12,1,3,0,40-50,35.3,1.0,1.0,1.0,-10,1,1672.54,0.25,0.0,1.0,0.0,1672.54,1,1,1.0,1672.54,1,1,1.0,1672.54,1,1,1.0,1672.54,1,1,1.0,0
LGS2ORD0000191,C015832,2025-01-02 12:00:00,Female,42,Bronze,TV,Remote_Area,147,Lazada,COD,12,1,3,0,40-50,4.9,0.0,0.0,0.0,-1,-1,0.0,0.0,0.0,0.0,0.0,0.0,0,0,0.0,0.0,0,0,0.0,0.0,0,0,0.0,0.0,0,0,0.0,1
LGS2ORD0000192,C014225,2025-01-02 12:00:00,Male,32,Gold,Web,Chonburi,1225,Web,Credit_Card,12,1,3,0,30-40,40.833333333333336,0.0,0.0,0.0,-1,-1,0.0,0.0,0.0,0.0,0.0,0.0,0,0,0.0,0.0,0,0,0.0,0.0,0,0,0.0,0.0,0,0,0.0,0
LGS2ORD0000193,C012325,2025-01-02 12:00:00,Male,32,Gold,Web,Khon Kaen,822,CallCenter,COD,12,1,3,0,30-40,27.4,0.0,0.0,0.0,-1,-1,0.0,0.0,0.0,0.0,0.0,0.0,0,0,0.0,0.0,0,0,0.0,0.0,0,0,0.0,0.0,0,0,0.0,0
LGS2ORD0000194,C011518,2025-01-02 13:00:00,Female,50,Bronze,Web,Nakhon Ratchasima,1386,Web,COD,13,1,3,0,40-50,46.2,0.0,0.0,0.0,-1,-1,0.0,0.0,0.0,0.0,0.0,0.0,0,0,0.0,0.0,0,0,0.0,0.0,0,0,0.0,0.0,0,0,0.0,0
LGS2ORD0000195,C017921,2025-01-02 13:00:00,Other,60,Bronze,Web,Nakhon Ratchasima,745,Web,PromptPay,13,1,3,0,>50,24.833333333333332,0.0,0.0,0.0,-1,-1,0.0,0.0,0.0,0.0,0.0,0.0,0,0,0.0,0.0,0,0,0.0,0.0,0,0,0.0,0.0,0,0,0.0,0
LGS2ORD0000196,C014173,2025-01-02 13:00:00,Female,57,Silver,CallCenter,Khon Kaen,960,Shopee,COD,13,1,3,0,>50,32.0,0.0,0.0,0.0,-1,-1,0.0,0.0,0.0,0.0,0.0,0.0,0,0,0.0,0.0,0,0,0.0,0.0,0,0,0.0,0.0,0,0,0.0,0
LGS2ORD0000197,C015524,2025-01-02 13:00:00,Other,43,Silver,Lazada,Remote_Area,1162,CallCenter,PromptPay,13,1,3,0,40-50,38.733333333333334,0.0,0.0,0.0,-1,-1,0.0,0.0,0.0,0.0,0.0,0.0,0,0,0.0,0.0,0,0,0.0,0.0,0,0,0.0,0.0,0,0,0.0,1
LGS2ORD0000198,C017097,2025-01-02 13:00:00,Male,42,Silver,Shopee,Chiang Mai,237,CallCenter,COD,13,1,3,0,40-50,7.9,0.0,0.0,0.0,-1,-1,0.0,0.0,0.0,0.0,0.0,0.0,0,0,0.0,0.0,0,0,0.0,0.0,0,0,0.0,0.0,0,0,0.0,1
LGS2ORD0000199,C011077,2025-01-02 14:00:00,Female,71,Bronze,Shopee,Chonburi,947,Shopee,PromptPay,14,1,3,0,>50,31.566666666666666,0.0,0.0,0.0,-1,-1,0.0,0.0,0.0,0.0,0.0,0.0,0,0,0.0,0.0,0,0,0.0,0.0,0,0,0.0,0.0,0,0,0.0,0
LGS2ORD0000200,C016037,2025-01-02 14:00:00,Female,57,Silver,TV,Bangkok,662,Shopee,COD,14,1,3,0,>50,22.066666666666666,1.0,0.0,0.0,-1,0,11343.98,0.15,1.0,0.0,0.0,11343.98,1,0,0.0,11343.98,1,0,0.0,11343.98,1,0,0.0,11343.98,1,0,0.0,0
LGS2ORD0000201,C013063,2025-01-02 14:00:00,Female,37,Gold,Lazada,Nakhon Ratchasima,741,Shopee,COD,14,1,3,0,30-40,24.7,0.0,0.0,0.0,-1,-1,0.0,0.0,0.0,0.0,0.0,0.0,0,0,0.0,0.0,0,0,0.0,0.0,0,0,0.0,0.0,0,0,0.0,0
LGS2ORD0000202,C013357,2025-01-02 14:00:00,Female,33,Bronze,Shopee,Chonburi,1349,Lazada,PromptPay,14,1,3,0,30-40,44.96666666666667,0.0,0.0,0.0,-1,-1,0.0,0.0,0.0,0.0,0.0,0.0,0,0,0.0,0.0,0,0,0.0,0.0,0,0,0.0,0.0,0,0,0.0,0
LGS2ORD0000203,C012078,2025-01-02 14:00:00,Male,36,Silver,Web,Chiang Mai,554,Web,PromptPay,14,1,3,0,30-40,18.466666666666665,0.0,0.0,0.0,-1,-1,0.0,0.0,0.0,0.0,0.0,0.0,0,0,0.0,0.0,0,0,0.0,0.0,0,0,0.0,0.0,0,0,0.0,0
LGS2ORD0000204,C010399,2025-01-02 15:00:00,Male,46,Platinum,Shopee,Chonburi,405,TV_Show,COD,15,1,3,0,40-50,13.5,0.0,0.0,0.0,-1,-1,0.0,0.0,0.0,0.0,0.0,0.0,0,0,0.0,0.0,0,0,0.0,0.0,0,0,0.0,0.0,0,0,0.0,0
LGS2ORD0000205,C015698,2025-01-02 15:00:00,Male,35,Bronze,Web,Remote_Area,142,Lazada,Bank_Transfer,15,1,3,0,30-40,4.733333333333333,0.0,0.0,0.0,-1,-1,0.0,0.0,0.0,0.0,0.0,0.0,0,0,0.0,0.0,0,0,0.0,0.0,0,0,0.0,0.0,0,0,0.0,0
LGS2ORD0000206,C014845,2025-01-02 15:00:00,Female,58,Silver,TV,Bangkok,667,Web,Credit_Card,15,1,3,0,>50,22.233333333333334,0.0,0.0,0.0,-1,-1,0.0,0.0,0.0,0.0,0.0,0.0,0,0,0.0,0.0,0,0,0.0,0.0,0,0,0.0,0.0,0,0,0.0,0
LGS2ORD0000207,C017036,2025-01-02 15:00:00,Female,33,Bronze,CallCenter,Bangkok,188,Shopee,COD,15,1,3,0,30-40,6.266666666666667,0.0,0.0,0.0,-1,-1,0.0,0.0,0.0,0.0,0.0,0.0,0,0,0.0,0.0,0,0,0.0,0.0,0,0,0.0,0.0,0,0,0.0,1
LGS2ORD0000208,C017520,2025-01-02 15:00:00,Male,48,Bronze,Web,Chiang Mai,902,TV_Show,COD,15,1,3,0,40-50,30.066666666666666,0.0,0.0,0.0,-1,-1,0.0,0.0,0.0,0.0,0.0,0.0,0,0,0.0,0.0,0,0,0.0,0.0,0,0,0.0,0.0,0,0,0.0,1
LGS2ORD0000209,C013253,2025-01-02 16:00:00,Female,27,Bronze,TV,Songkhla,722,Lazada,Bank_Transfer,16,1,3,0,20-30,24.066666666666666,0.0,0.0,0.0,-1,-1,0.0,0.0,0.0,0.0,0.0,0.0,0,0,0.0,0.0,0,0,0.0,0.0,0,0,0.0,0.0,0,0,0.0,0
LGS2ORD0000210,C014630,2025-01-02 16:00:00,Male,49,Bronze,TV,Chiang Mai,1198,Lazada,Credit_Card,16,1,3,0,40-50,39.93333333333333,0.0,0.0,0.0,-1,-1,0.0,0.0,0.0,0.0,0.0,0.0,0,0,0.0,0.0,0,0,0.0,0.0,0,0,0.0,0.0,0,0,0.0,1
LGS2ORD0000211,C014951,2025-01-02 16:00:00,Male,36,Gold,Web,Nakhon Ratchasima,947,TV_Show,Credit_Card,16,1,3,0,30-40,31.566666666666666,0.0,0.0,0.0,-1,-1,0.0,0.0,0.0,0.0,0.0,0.0,0,0,0.0,0.0,0,0,0.0,0.0,0,0,0.0,0.0,0,0,0.0,1
LGS2ORD0000212,C014928,2025-01-02 16:00:00,Male,58,Bronze,Shopee,Bangkok,1336,Shopee,Credit_Card,16,1,3,0,>50,44.53333333333333,0.0,0.0,0.0,-1,-1,0.0,0.0,0.0,0.0,0.0,0.0,0,0,0.0,0.0,0,0,0.0,0.0,0,0,0.0,0.0,0,0,0.0,0
LGS2ORD0000213,C010682,2025-01-02 16:00:00,Male,56,Bronze,Web,Bangkok,1156,Shopee,Credit_Card,16,1,3,0,>50,38.53333333333333,0.0,0.0,0.0,-1,-1,0.0,0.0,0.0,0.0,0.0,0.0,0,0,0.0,0.0,0,0,0.0,0.0,0,0,0.0,0.0,0,0,0.0,0
LGS2ORD0000214,C013075,2025-01-02 16:00:00,Female,51,Silver,TV,Bangkok,660,CallCenter,PromptPay,16,1,3,0,>50,22.0,0.0,0.0,0.0,-1,-1,0.0,0.0,0.0,0.0,0.0,0.0,0,0,0.0,0.0,0,0,0.0,0.0,0,0,0.0,0.0,0,0,0.0,0
LGS2ORD0000215,C013064,2025-01-02 17:00:00,Male,32,Platinum,Web,Khon Kaen,337,CallCenter,COD,17,1,3,0,30-40,11.233333333333333,0.0,0.0,0.0,-1,-1,0.0,0.0,0.0,0.0,0.0,0.0,0,0,0.0,0.0,0,0,0.0,0.0,0,0,0.0,0.0,0,0,0.0,0
LGS2ORD0000216,C015304,2025-01-02 17:00:00,Male,48,Bronze,Shopee,Chiang Mai,1090,Web,COD,17,1,3,0,40-50,36.333333333333336,0.0,0.0,0.0,-1,-1,0.0,0.0,0.0,0.0,0.0,0.0,0,0,0.0,0.0,0,0,0.0,0.0,0,0,0.0,0.0,0,0,0.0,1
LGS2ORD0000217,C015266,2025-01-02 17:00:00,Male,52,Bronze,Lazada,Bangkok,567,TV_Show,Credit_Card,17,1,3,0,>50,18.9,0.0,0.0,0.0,-1,-1,0.0,0.0,0.0,0.0,0.0,0.0,0,0,0.0,0.0,0,0,0.0,0.0,0,0,0.0,0.0,0,0,0.0,0
LGS2ORD0000218,C016015,2025-01-02 17:00:00,Female,35,Platinum,TV,Chonburi,327,CallCenter,PromptPay,17,1,3,0,30-40,10.9,0.0,0.0,0.0,-1,-1,0.0,0.0,0.0,0.0,0.0,0.0,0,0,0.0,0.0,0,0,0.0,0.0,0,0,0.0,0.0,0,0,0.0,0
LGS2ORD0000219,C011269,2025-01-02 17:00:00,Male,45,Bronze,TV,Nakhon Ratchasima,385,Lazada,Credit_Card,17,1,3,0,40-50,12.833333333333334,0.0,0.0,0.0,-1,-1,0.0,0.0,0.0,0.0,0.0,0.0,0,0,0.0,0.0,0,0,0.0,0.0,0,0,0.0,0.0,0,0,0.0,1
LGS2ORD0000220,C017620,2025-01-02 18:00:00,Female,49,Platinum,CallCenter,Songkhla,470,Web,COD,18,1,3,0,40-50,15.666666666666666,0.0,0.0,0.0,-1,-1,0.0,0.0,0.0,0.0,0.0,0.0,0,0,0.0,0.0,0,0,0.0,0.0,0,0,0.0,0.0,0,0,0.0,0
LGS2ORD0000221,C011666,2025-01-02 18:00:00,Male,37,Bronze,Lazada,Phuket,90,TV_Show,COD,18,1,3,0,30-40,3.0,0.0,0.0,0.0,-1,-1,0.0,0.0,0.0,0.0,0.0,0.0,0,0,0.0,0.0,0,0,0.0,0.0,0,0,0.0,0.0,0,0,0.0,0
LGS2ORD0000222,C011633,2025-01-02 18:00:00,Male,36,Silver,TV,Phuket,177,Web,COD,18,1,3,0,30-40,5.9,0.0,0.0,0.0,-1,-1,0.0,0.0,0.0,0.0,0.0,0.0,0,0,0.0,0.0,0,0,0.0,0.0,0,0,0.0,0.0,0,0,0.0,0
LGS2ORD0000223,C010535,2025-01-02 18:00:00,Male,65,Silver,CallCenter,Khon Kaen,663,Web,PromptPay,18,1,3,0,>50,22.1,0.0,0.0,0.0,-1,-1,0.0,0.0,0.0,0.0,0.0,0.0,0,0,0.0,0.0,0,0,0.0,0.0,0,0,0.0,0.0,0,0,0.0,0
LGS2ORD0000224,C011041,2025-01-02 18:00:00,Female,46,Bronze,CallCenter,Bangkok,795,Web,COD,18,1,3,0,40-50,26.5,0.0,0.0,0.0,-1,-1,0.0,0.0,0.0,0.0,0.0,0.0,0,0,0.0,0.0,0,0,0.0,0.0,0,0,0.0,0.0,0,0,0.0,0
LGS2ORD0000225,C011441,2025-01-02 19:00:00,Male,38,Bronze,TV,Khon Kaen,1056,Web,COD,19,1,3,0,30-40,35.2,0.0,0.0,0.0,-1,-1,0.0,0.0,0.0,0.0,0.0,0.0,0,0,0.0,0.0,0,0,0.0,0.0,0,0,0.0,0.0,0,0,0.0,0
LGS2ORD0000226,C010261,2025-01-02 19:00:00,Female,48,Bronze,Web,Bangkok,324,Web,COD,19,1,3,0,40-50,10.8,0.0,0.0,0.0,-1,-1,0.0,0.0,0.0,0.0,0.0,0.0,0,0,0.0,0.0,0,0,0.0,0.0,0,0,0.0,0.0,0,0,0.0,0
LGS2ORD0000227,C017168,2025-01-02 19:00:00,Male,53,Gold,Web,Bangkok,201,TV_Show,PromptPay,19,1,3,0,>50,6.7,0.0,0.0,0.0,-1,-1,0.0,0.0,0.0,0.0,0.0,0.0,0,0,0.0,0.0,0,0,0.0,0.0,0,0,0.0,0.0,0,0,0.0,0
LGS2ORD0000228,C015135,2025-01-02 19:00:00,Female,40,Gold,Shopee,Khon Kaen,1221,TV_Show,Bank_Transfer,19,1,3,0,30-40,40.7,0.0,0.0,0.0,-1,-1,0.0,0.0,0.0,0.0,0.0,0.0,0,0,0.0,0.0,0,0,0.0,0.0,0,0,0.0,0.0,0,0,0.0,0
LGS2ORD0000229,C012308,2025-01-02 19:00:00,Male,22,Bronze,TV,Songkhla,959,TV_Show,COD,19,1,3,0,20-30,31.966666666666665,0.0,0.0,0.0,-1,-1,0.0,0.0,0.0,0.0,0.0,0.0,0,0,0.0,0.0,0,0,0.0,0.0,0,0,0.0,0.0,0,0,0.0,0
LGS2ORD0000230,C015827,2025-01-02 20:00:00,Female,32,Bronze,TV,Chiang Mai,630,Lazada,COD,20,1,3,0,30-40,21.0,0.0,0.0,0.0,-1,-1,0.0,0.0,0.0,0.0,0.0,0.0,0,0,0.0,0.0,0,0,0.0,0.0,0,0,0.0,0.0,0,0,0.0,0
LGS2ORD0000231,C014387,2025-01-02 20:00:00,Male,63,Bronze,Web,Bangkok,434,Lazada,COD,20,1,3,0,>50,14.466666666666667,0.0,0.0,0.0,-1,-1,0.0,0.0,0.0,0.0,0.0,0.0,0,0,0.0,0.0,0,0,0.0,0.0,0,0,0.0,0.0,0,0,0.0,0
LGS2ORD0000232,C010216,2025-01-02 20:00:00,Male,23,Bronze,Web,Bangkok,960,TV_Show,PromptPay,20,1,3,0,20-30,32.0,0.0,0.0,0.0,-1,-1,0.0,0.0,0.0,0.0,0.0,0.0,0,0,0.0,0.0,0,0,0.0,0.0,0,0,0.0,0.0,0,0,0.0,0
LGS2ORD0000233,C012678,2025-01-02 20:00:00,Female,42,Silver,Web,Remote_Area,240,Lazada,COD,20,1,3,0,40-50,8.0,0.0,0.0,0.0,-1,-1,0.0,0.0,0.0,0.0,0.0,0.0,0,0,0.0,0.0,0,0,0.0,0.0,0,0,0.0,0.0,0,0,0.0,0
LGS2ORD0000234,C015566,2025-01-02 20:00:00,Male,47,Bronze,TV,Bangkok,778,Web,PromptPay,20,1,3,0,40-50,25.933333333333334,0.0,0.0,0.0,-1,-1,0.0,0.0,0.0,0.0,0.0,0.0,0,0,0.0,0.0,0,0,0.0,0.0,0,0,0.0,0.0,0,0,0.0,0
LGS2ORD0000235,C014837,2025-01-02 20:00:00,Female,42,Bronze,Lazada,Bangkok,1100,Shopee,Bank_Transfer,20,1,3,0,40-50,36.666666666666664,0.0,0.0,0.0,-1,-1,0.0,0.0,0.0,0.0,0.0,0.0,0,0,0.0,0.0,0,0,0.0,0.0,0,0,0.0,0.0,0,0,0.0,0
LGS2ORD0000236,C015141,2025-01-02 21:00:00,Male,53,Silver,Shopee,Bangkok,1365,Lazada,Credit_Card,21,1,3,0,>50,45.5,0.0,0.0,0.0,-1,-1,0.0,0.0,0.0,0.0,0.0,0.0,0,0,0.0,0.0,0,0,0.0,0.0,0,0,0.0,0.0,0,0,0.0,1
LGS2ORD0000237,C014720,2025-01-02 21:00:00,Male,35,Bronze,Shopee,Chonburi,981,CallCenter,Credit_Card,21,1,3,0,30-40,32.7,0.0,0.0,0.0,-1,-1,0.0,0.0,0.0,0.0,0.0,0.0,0,0,0.0,0.0,0,0,0.0,0.0,0,0,0.0,0.0,0,0,0.0,0
LGS2ORD0000238,C014919,2025-01-02 21:00:00,Male,40,Bronze,TV,Songkhla,1273,Shopee,COD,21,1,3,0,30-40,42.43333333333333,0.0,0.0,0.0,-1,-1,0.0,0.0,0.0,0.0,0.0,0.0,0,0,0.0,0.0,0,0,0.0,0.0,0,0,0.0,0.0,0,0,0.0,0
LGS2ORD0000239,C011825,2025-01-02 21:00:00,Male,51,Silver,Web,Chonburi,858,CallCenter,Credit_Card,21,1,3,0,>50,28.6,0.0,0.0,0.0,-1,-1,0.0,0.0,0.0,0.0,0.0,0.0,0,0,0.0,0.0,0,0,0.0,0.0,0,0,0.0,0.0,0,0,0.0,1
LGS2ORD0000240,C010332,2025-01-02 21:00:00,Female,41,Silver,TV,Chiang Mai,1391,Lazada,PromptPay,21,1,3,0,40-50,46.36666666666667,0.0,0.0,0.0,-1,-1,0.0,0.0,0.0,0.0,0.0,0.0,0,0,0.0,0.0,0,0,0.0,0.0,0,0,0.0,0.0,0,0,0.0,0
LGS2ORD0000241,C017031,2025-01-02 22:00:00,Male,38,Bronze,TV,Phuket,899,Shopee,PromptPay,22,1,3,0,30-40,29.966666666666665,0.0,0.0,0.0,-1,-1,0.0,0.0,0.0,0.0,0.0,0.0,0,0,0.0,0.0,0,0,0.0,0.0,0,0,0.0,0.0,0,0,0.0,0
LGS2ORD0000242,C013144,2025-01-02 22:00:00,Female,57,Silver,Lazada,Phuket,181,TV_Show,COD,22,1,3,0,>50,6.033333333333333,0.0,0.0,0.0,-1,-1,0.0,0.0,0.0,0.0,0.0,0.0,0,0,0.0,0.0,0,0,0.0,0.0,0,0,0.0,0.0,0,0,0.0,0
LGS2ORD0000243,C010001,2025-01-02 22:00:00,Male,41,Bronze,TV,Phuket,899,TV_Show,COD,22,1,3,0,40-50,29.966666666666665,0.0,0.0,0.0,-1,-1,0.0,0.0,0.0,0.0,0.0,0.0,0,0,0.0,0.0,0,0,0.0,0.0,0,0,0.0,0.0,0,0,0.0,0
LGS2ORD0000244,C017095,2025-01-02 22:00:00,Female,29,Bronze,Web,Khon Kaen,1140,Web,Credit_Card,22,1,3,0,20-30,38.0,0.0,0.0,0.0,-1,-1,0.0,0.0,0.0,0.0,0.0,0.0,0,0,0.0,0.0,0,0,0.0,0.0,0,0,0.0,0.0,0,0,0.0,0
LGS2ORD0000245,C011663,2025-01-02 22:00:00,Male,57,Bronze,CallCenter,Bangkok,1278,TV_Show,COD,22,1,3,0,>50,42.6,0.0,0.0,0.0,-1,-1,0.0,0.0,0.0,0.0,0.0,0.0,0,0,0.0,0.0,0,0,0.0,0.0,0,0,0.0,0.0,0,0,0.0,0
LGS2ORD0000246,C017280,2025-01-02 23:00:00,Male,50,Bronze,CallCenter,Chonburi,19,Lazada,COD,23,1,3,0,40-50,0.6333333333333333,0.0,0.0,0.0,-1,-1,0.0,0.0,0.0,0.0,0.0,0.0,0,0,0.0,0.0,0,0,0.0,0.0,0,0,0.0,0.0,0,0,0.0,1
LGS2ORD0000247,C014264,2025-01-02 23:00:00,Female,41,Bronze,Shopee,Chiang Mai,698,Lazada,COD,23,1,3,0,40-50,23.266666666666666,0.0,0.0,0.0,-1,-1,0.0,0.0,0.0,0.0,0.0,0.0,0,0,0.0,0.0,0,0,0.0,0.0,0,0,0.0,0.0,0,0,0.0,0
LGS2ORD0000248,C012384,2025-01-02 23:00:00,Female,43,Silver,TV,Khon Kaen,244,TV_Show,COD,23,1,3,0,40-50,8.133333333333333,0.0,0.0,0.0,-1,-1,0.0,0.0,0.0,0.0,0.0,0.0,0,0,0.0,0.0,0,0,0.0,0.0,0,0,0.0,0.0,0,0,0.0,0
LGS2ORD0000249,C017229,2025-01-02 23:00:00,Female,27,Silver,Lazada,Bangkok,402,Web,COD,23,1,3,0,20-30,13.4,0.0,0.0,0.0,-1,-1,0.0,0.0,0.0,0.0,0.0,0.0,0,0,0.0,0.0,0,0,0.0,0.0,0,0,0.0,0.0,0,0,0.0,0
LGS2ORD0000250,C012976,2025-01-02 23:00:00,Female,51,Gold,TV,Remote_Area,63,TV_Show,PromptPay,23,1,3,0,>50,2.1,0.0,0.0,0.0,-1,-1,0.0,0.0,0.0,0.0,0.0,0.0,0,0,0.0,0.0,0,0,0.0,0.0,0,0,0.0,0.0,0,0,0.0,0
LGS2ORD0000251,C012428,2025-01-03 00:00:00,Male,45,Silver,Shopee,Remote_Area,467,CallCenter,Credit_Card,0,1,4,0,40-50,15.566666666666666,0.0,0.0,0.0,-1,-1,0.0,0.0,0.0,0.0,0.0,0.0,0,0,0.0,0.0,0,0,0.0,0.0,0,0,0.0,0.0,0,0,0.0,0
LGS2ORD0000252,C013420,2025-01-03 00:00:00,Male,46,Gold,Shopee,Bangkok,536,TV_Show,Bank_Transfer,0,1,4,0,40-50,17.866666666666667,0.0,0.0,0.0,-1,-1,0.0,0.0,0.0,0.0,0.0,0.0,0,0,0.0,0.0,0,0,0.0,0.0,0,0,0.0,0.0,0,0,0.0,0
LGS2ORD0000253,C016211,2025-01-03 00:00:00,Female,43,Bronze,Web,Bangkok,663,CallCenter,COD,0,1,4,0,40-50,22.1,0.0,0.0,0.0,-1,-1,0.0,0.0,0.0,0.0,0.0,0.0,0,0,0.0,0.0,0,0,0.0,0.0,0,0,0.0,0.0,0,0,0.0,0
LGS2ORD0000254,C016555,2025-01-03 00:00:00,Female,62,Silver,Web,Chiang Mai,1080,Shopee,Bank_Transfer,0,1,4,0,>50,36.0,0.0,0.0,0.0,-1,-1,0.0,0.0,0.0,0.0,0.0,0.0,0,0,0.0,0.0,0,0,0.0,0.0,0,0,0.0,0.0,0,0,0.0,0
LGS2ORD0000255,C011005,2025-01-03 00:00:00,Male,30,Bronze,Web,Nakhon Ratchasima,1457,TV_Show,COD,0,1,4,0,20-30,48.56666666666667,0.0,0.0,0.0,-1,-1,0.0,0.0,0.0,0.0,0.0,0.0,0,0,0.0,0.0,0,0,0.0,0.0,0,0,0.0,0.0,0,0,0.0,1
LGS2ORD0000256,C011268,2025-01-03 00:00:00,Female,43,Gold,Lazada,Khon Kaen,1350,Lazada,Bank_Transfer,0,1,4,0,40-50,45.0,0.0,0.0,0.0,-1,-1,0.0,0.0,0.0,0.0,0.0,0.0,0,0,0.0,0.0,0,0,0.0,0.0,0,0,0.0,0.0,0,0,0.0,0
LGS2ORD0000257,C017348,2025-01-03 01:00:00,Male,27,Bronze,TV,Phuket,1352,Lazada,COD,1,1,4,0,20-30,45.06666666666667,0.0,0.0,0.0,-1,-1,0.0,0.0,0.0,0.0,0.0,0.0,0,0,0.0,0.0,0,0,0.0,0.0,0,0,0.0,0.0,0,0,0.0,0
LGS2ORD0000258,C011188,2025-01-03 01:00:00,Male,53,Silver,Shopee,Bangkok,744,CallCenter,Bank_Transfer,1,1,4,0,>50,24.8,0.0,0.0,0.0,-1,-1,0.0,0.0,0.0,0.0,0.0,0.0,0,0,0.0,0.0,0,0,0.0,0.0,0,0,0.0,0.0,0,0,0.0,1
LGS2ORD0000259,C013248,2025-01-03 01:00:00,Female,54,Gold,Web,Songkhla,1139,Web,COD,1,1,4,0,>50,37.96666666666667,0.0,0.0,0.0,-1,-1,0.0,0.0,0.0,0.0,0.0,0.0,0,0,0.0,0.0,0,0,0.0,0.0,0,0,0.0,0.0,0,0,0.0,1
LGS2ORD0000260,C014520,2025-01-03 01:00:00,Female,30,Silver,Lazada,Nakhon Ratchasima,1328,Web,Bank_Transfer,1,1,4,0,20-30,44.266666666666666,0.0,0.0,0.0,-1,-1,0.0,0.0,0.0,0.0,0.0,0.0,0,0,0.0,0.0,0,0,0.0,0.0,0,0,0.0,0.0,0,0,0.0,0
LGS2ORD0000261,C017677,2025-01-03 01:00:00,Female,38,Gold,TV,Chonburi,1205,TV_Show,Credit_Card,1,1,4,0,30-40,40.166666666666664,0.0,0.0,0.0,-1,-1,0.0,0.0,0.0,0.0,0.0,0.0,0,0,0.0,0.0,0,0,0.0,0.0,0,0,0.0,0.0,0,0,0.0,1
LGS2ORD0000262,C011860,2025-01-03 02:00:00,Female,48,Bronze,TV,Bangkok,400,Web,COD,2,1,4,0,40-50,13.333333333333334,0.0,0.0,0.0,-1,-1,0.0,0.0,0.0,0.0,0.0,0.0,0,0,0.0,0.0,0,0,0.0,0.0,0,0,0.0,0.0,0,0,0.0,1
LGS2ORD0000263,C014188,2025-01-03 02:00:00,Female,62,Silver,Shopee,Khon Kaen,737,Shopee,COD,2,1,4,0,>50,24.566666666666666,0.0,0.0,0.0,-1,-1,0.0,0.0,0.0,0.0,0.0,0.0,0,0,0.0,0.0,0,0,0.0,0.0,0,0,0.0,0.0,0,0,0.0,0
LGS2ORD0000264,C015373,2025-01-03 02:00:00,Female,47,Bronze,TV,Bangkok,1184,Shopee,Credit_Card,2,1,4,0,40-50,39.46666666666667,0.0,0.0,0.0,-1,-1,0.0,0.0,0.0,0.0,0.0,0.0,0,0,0.0,0.0,0,0,0.0,0.0,0,0,0.0,0.0,0,0,0.0,0
LGS2ORD0000265,C017908,2025-01-03 02:00:00,Female,41,Bronze,Lazada,Remote_Area,507,Web,PromptPay,2,1,4,0,40-50,16.9,0.0,0.0,0.0,-1,-1,0.0,0.0,0.0,0.0,0.0,0.0,0,0,0.0,0.0,0,0,0.0,0.0,0,0,0.0,0.0,0,0,0.0,0
LGS2ORD0000266,C010207,2025-01-03 02:00:00,Female,49,Bronze,CallCenter,Songkhla,152,Lazada,COD,2,1,4,0,40-50,5.066666666666666,0.0,0.0,0.0,-1,-1,0.0,0.0,0.0,0.0,0.0,0.0,0,0,0.0,0.0,0,0,0.0,0.0,0,0,0.0,0.0,0,0,0.0,1
LGS2ORD0000267,C016293,2025-01-03 03:00:00,Female,44,Silver,Web,Bangkok,537,Lazada,Credit_Card,3,1,4,0,40-50,17.9,0.0,0.0,0.0,-1,-1,0.0,0.0,0.0,0.0,0.0,0.0,0,0,0.0,0.0,0,0,0.0,0.0,0,0,0.0,0.0,0,0,0.0,0
LGS2ORD0000268,C012045,2025-01-03 03:00:00,Male,28,Bronze,Lazada,Bangkok,730,Shopee,PromptPay,3,1,4,0,20-30,24.333333333333332,0.0,0.0,0.0,-1,-1,0.0,0.0,0.0,0.0,0.0,0.0,0,0,0.0,0.0,0,0,0.0,0.0,0,0,0.0,0.0,0,0,0.0,0
LGS2ORD0000269,C016051,2025-01-03 03:00:00,Female,51,Bronze,Lazada,Bangkok,359,Shopee,COD,3,1,4,0,>50,11.966666666666667,0.0,0.0,0.0,-1,-1,0.0,0.0,0.0,0.0,0.0,0.0,0,0,0.0,0.0,0,0,0.0,0.0,0,0,0.0,0.0,0,0,0.0,1
LGS2ORD0000270,C012969,2025-01-03 03:00:00,Female,43,Bronze,CallCenter,Phuket,1423,Web,PromptPay,3,1,4,0,40-50,47.43333333333333,0.0,0.0,0.0,-1,-1,0.0,0.0,0.0,0.0,0.0,0.0,0,0,0.0,0.0,0,0,0.0,0.0,0,0,0.0,0.0,0,0,0.0,0
LGS2ORD0000271,C017226,2025-01-03 03:00:00,Female,25,Silver,Lazada,Chonburi,818,Web,Credit_Card,3,1,4,0,20-30,27.266666666666666,0.0,0.0,0.0,-1,-1,0.0,0.0,0.0,0.0,0.0,0.0,0,0,0.0,0.0,0,0,0.0,0.0,0,0,0.0,0.0,0,0,0.0,0
LGS2ORD0000272,C013270,2025-01-03 04:00:00,Female,38,Bronze,TV,Khon Kaen,1050,CallCenter,COD,4,1,4,0,30-40,35.0,0.0,0.0,0.0,-1,-1,0.0,0.0,0.0,0.0,0.0,0.0,0,0,0.0,0.0,0,0,0.0,0.0,0,0,0.0,0.0,0,0,0.0,0
LGS2ORD0000273,C013866,2025-01-03 04:00:00,Female,30,Bronze,TV,Khon Kaen,1341,Lazada,COD,4,1,4,0,20-30,44.7,0.0,0.0,0.0,-1,-1,0.0,0.0,0.0,0.0,0.0,0.0,0,0,0.0,0.0,0,0,0.0,0.0,0,0,0.0,0.0,0,0,0.0,0
LGS2ORD0000274,C012472,2025-01-03 04:00:00,Female,37,Silver,Shopee,Khon Kaen,41,Shopee,PromptPay,4,1,4,0,30-40,1.3666666666666667,0.0,0.0,0.0,-1,-1,0.0,0.0,0.0,0.0,0.0,0.0,0,0,0.0,0.0,0,0,0.0,0.0,0,0,0.0,0.0,0,0,0.0,0
LGS2ORD0000275,C014997,2025-01-03 04:00:00,Female,36,Bronze,Shopee,Chiang Mai,580,Web,COD,4,1,4,0,30-40,19.333333333333332,0.0,0.0,0.0,-1,-1,0.0,0.0,0.0,0.0,0.0,0.0,0,0,0.0,0.0,0,0,0.0,0.0,0,0,0.0,0.0,0,0,0.0,0
LGS2ORD0000276,C017679,2025-01-03 04:00:00,Female,26,Bronze,Web,Phuket,385,Lazada,Credit_Card,4,1,4,0,20-30,12.833333333333334,0.0,0.0,0.0,-1,-1,0.0,0.0,0.0,0.0,0.0,0.0,0,0,0.0,0.0,0,0,0.0,0.0,0,0,0.0,0.0,0,0,0.0,0
LGS2ORD0000277,C015907,2025-01-03 04:00:00,Male,37,Silver,Lazada,Khon Kaen,129,Lazada,PromptPay,4,1,4,0,30-40,4.3,0.0,0.0,0.0,-1,-1,0.0,0.0,0.0,0.0,0.0,0.0,0,0,0.0,0.0,0,0,0.0,0.0,0,0,0.0,0.0,0,0,0.0,0
LGS2ORD0000278,C016629,2025-01-03 05:00:00,Male,29,Gold,Web,Bangkok,481,CallCenter,PromptPay,5,1,4,0,20-30,16.033333333333335,0.0,0.0,0.0,-1,-1,0.0,0.0,0.0,0.0,0.0,0.0,0,0,0.0,0.0,0,0,0.0,0.0,0,0,0.0,0.0,0,0,0.0,0
LGS2ORD0000279,C017641,2025-01-03 05:00:00,Male,52,Bronze,CallCenter,Bangkok,876,TV_Show,Credit_Card,5,1,4,0,>50,29.2,0.0,0.0,0.0,-1,-1,0.0,0.0,0.0,0.0,0.0,0.0,0,0,0.0,0.0,0,0,0.0,0.0,0,0,0.0,0.0,0,0,0.0,0
LGS2ORD0000280,C012690,2025-01-03 05:00:00,Male,34,Platinum,Web,Bangkok,749,Shopee,PromptPay,5,1,4,0,30-40,24.966666666666665,0.0,0.0,0.0,-1,-1,0.0,0.0,0.0,0.0,0.0,0.0,0,0,0.0,0.0,0,0,0.0,0.0,0,0,0.0,0.0,0,0,0.0,0
LGS2ORD0000281,C015542,2025-01-03 05:00:00,Female,38,Silver,Shopee,Chonburi,261,Shopee,Credit_Card,5,1,4,0,30-40,8.7,0.0,0.0,0.0,-1,-1,0.0,0.0,0.0,0.0,0.0,0.0,0,0,0.0,0.0,0,0,0.0,0.0,0,0,0.0,0.0,0,0,0.0,0
LGS2ORD0000282,C013157,2025-01-03 05:00:00,Male,48,Silver,TV,Khon Kaen,1255,Shopee,COD,5,1,4,0,40-50,41.833333333333336,0.0,0.0,0.0,-1,-1,0.0,0.0,0.0,0.0,0.0,0.0,0,0,0.0,0.0,0,0,0.0,0.0,0,0,0.0,0.0,0,0,0.0,0
LGS2ORD0000283,C014912,2025-01-03 06:00:00,Male,44,Silver,Web,Remote_Area,598,Shopee,Bank_Transfer,6,1,4,0,40-50,19.933333333333334,0.0,0.0,0.0,-1,-1,0.0,0.0,0.0,0.0,0.0,0.0,0,0,0.0,0.0,0,0,0.0,0.0,0,0,0.0,0.0,0,0,0.0,1
LGS2ORD0000284,C010082,2025-01-03 06:00:00,Female,42,Gold,Shopee,Remote_Area,1106,TV_Show,COD,6,1,4,0,40-50,36.86666666666667,1.0,0.0,0.0,-1,0,33019.15,0.08,1.0,0.0,0.0,33019.15,1,0,0.0,33019.15,1,0,0.0,33019.15,1,0,0.0,33019.15,1,0,0.0,0
LGS2ORD0000285,C013205,2025-01-03 06:00:00,Male,50,Bronze,TV,Remote_Area,449,Shopee,Credit_Card,6,1,4,0,40-50,14.966666666666667,0.0,0.0,0.0,-1,-1,0.0,0.0,0.0,0.0,0.0,0.0,0,0,0.0,0.0,0,0,0.0,0.0,0,0,0.0,0.0,0,0,0.0,0
LGS2ORD0000286,C011746,2025-01-03 06:00:00,Other,27,Gold,Shopee,Bangkok,593,Lazada,COD,6,1,4,0,20-30,19.766666666666666,0.0,0.0,0.0,-1,-1,0.0,0.0,0.0,0.0,0.0,0.0,0,0,0.0,0.0,0,0,0.0,0.0,0,0,0.0,0.0,0,0,0.0,0
LGS2ORD0000287,C010870,2025-01-03 06:00:00,Female,26,Gold,Web,Bangkok,230,Shopee,Credit_Card,6,1,4,0,20-30,7.666666666666667,0.0,0.0,0.0,-1,-1,0.0,0.0,0.0,0.0,0.0,0.0,0,0,0.0,0.0,0,0,0.0,0.0,0,0,0.0,0.0,0,0,0.0,0
LGS2ORD0000288,C017441,2025-01-03 07:00:00,Female,45,Bronze,TV,Chiang Mai,68,TV_Show,PromptPay,7,1,4,0,40-50,2.2666666666666666,0.0,0.0,0.0,-1,-1,0.0,0.0,0.0,0.0,0.0,0.0,0,0,0.0,0.0,0,0,0.0,0.0,0,0,0.0,0.0,0,0,0.0,0
LGS2ORD0000289,C012558,2025-01-03 07:00:00,Male,39,Bronze,Lazada,Songkhla,1194,Lazada,COD,7,1,4,0,30-40,39.8,0.0,0.0,0.0,-1,-1,0.0,0.0,0.0,0.0,0.0,0.0,0,0,0.0,0.0,0,0,0.0,0.0,0,0,0.0,0.0,0,0,0.0,0
LGS2ORD0000290,C014146,2025-01-03 07:00:00,Female,37,Bronze,Lazada,Khon Kaen,760,TV_Show,COD,7,1,4,0,30-40,25.333333333333332,0.0,0.0,0.0,-1,-1,0.0,0.0,0.0,0.0,0.0,0.0,0,0,0.0,0.0,0,0,0.0,0.0,0,0,0.0,0.0,0,0,0.0,0
LGS2ORD0000291,C017938,2025-01-03 07:00:00,Male,38,Bronze,Shopee,Remote_Area,623,TV_Show,COD,7,1,4,0,30-40,20.766666666666666,0.0,0.0,0.0,-1,-1,0.0,0.0,0.0,0.0,0.0,0.0,0,0,0.0,0.0,0,0,0.0,0.0,0,0,0.0,0.0,0,0,0.0,0
LGS2ORD0000292,C012422,2025-01-03 07:00:00,Female,43,Silver,TV,Chiang Mai,1126,TV_Show,COD,7,1,4,0,40-50,37.53333333333333,0.0,0.0,0.0,-1,-1,0.0,0.0,0.0,0.0,0.0,0.0,0,0,0.0,0.0,0,0,0.0,0.0,0,0,0.0,0.0,0,0,0.0,1
LGS2ORD0000293,C013208,2025-01-03 07:00:00,Male,40,Silver,TV,Chiang Mai,593,Lazada,COD,7,1,4,0,30-40,19.766666666666666,0.0,0.0,0.0,-1,-1,0.0,0.0,0.0,0.0,0.0,0.0,0,0,0.0,0.0,0,0,0.0,0.0,0,0,0.0,0.0,0,0,0.0,0
LGS2ORD0000294,C015077,2025-01-03 08:00:00,Male,60,Bronze,Shopee,Chonburi,814,TV_Show,COD,8,1,4,0,>50,27.133333333333333,0.0,0.0,0.0,-1,-1,0.0,0.0,0.0,0.0,0.0,0.0,0,0,0.0,0.0,0,0,0.0,0.0,0,0,0.0,0.0,0,0,0.0,0
LGS2ORD0000295,C015501,2025-01-03 08:00:00,Male,44,Bronze,TV,Phuket,911,TV_Show,COD,8,1,4,0,40-50,30.366666666666667,0.0,0.0,0.0,-1,-1,0.0,0.0,0.0,0.0,0.0,0.0,0,0,0.0,0.0,0,0,0.0,0.0,0,0,0.0,0.0,0,0,0.0,1
LGS2ORD0000296,C016190,2025-01-03 08:00:00,Male,37,Platinum,Web,Chiang Mai,1133,Web,COD,8,1,4,0,30-40,37.766666666666666,0.0,0.0,0.0,-1,-1,0.0,0.0,0.0,0.0,0.0,0.0,0,0,0.0,0.0,0,0,0.0,0.0,0,0,0.0,0.0,0,0,0.0,0
LGS2ORD0000297,C013938,2025-01-03 08:00:00,Male,43,Bronze,TV,Remote_Area,1110,Web,COD,8,1,4,0,40-50,37.0,0.0,0.0,0.0,-1,-1,0.0,0.0,0.0,0.0,0.0,0.0,0,0,0.0,0.0,0,0,0.0,0.0,0,0,0.0,0.0,0,0,0.0,1
LGS2ORD0000298,C016601,2025-01-03 08:00:00,Female,54,Bronze,Web,Chonburi,1234,TV_Show,COD,8,1,4,0,>50,41.13333333333333,0.0,0.0,0.0,-1,-1,0.0,0.0,0.0,0.0,0.0,0.0,0,0,0.0,0.0,0,0,0.0,0.0,0,0,0.0,0.0,0,0,0.0,0
LGS2ORD0000299,C014348,2025-01-03 09:00:00,Male,18,Silver,Lazada,Phuket,706,Web,COD,9,1,4,0,<20,23.533333333333335,0.0,0.0,0.0,-1,-1,0.0,0.0,0.0,0.0,0.0,0.0,0,0,0.0,0.0,0,0,0.0,0.0,0,0,0.0,0.0,0,0,0.0,1
LGS2ORD0000300,C017339,2025-01-03 09:00:00,Male,42,Gold,TV,Phuket,1187,Web,PromptPay,9,1,4,0,40-50,39.56666666666667,0.0,0.0,0.0,-1,-1,0.0,0.0,0.0,0.0,0.0,0.0,0,0,0.0,0.0,0,0,0.0,0.0,0,0,0.0,0.0,0,0,0.0,0
LGS2ORD0000301,C010301,2025-01-03 09:00:00,Male,53,Bronze,CallCenter,Bangkok,472,Shopee,COD,9,1,4,0,>50,15.733333333333333,0.0,0.0,0.0,-1,-1,0.0,0.0,0.0,0.0,0.0,0.0,0,0,0.0,0.0,0,0,0.0,0.0,0,0,0.0,0.0,0,0,0.0,0
LGS2ORD0000302,C014304,2025-01-03 09:00:00,Female,40,Platinum,Shopee,Bangkok,539,TV_Show,COD,9,1,4,0,30-40,17.966666666666665,0.0,0.0,0.0,-1,-1,0.0,0.0,0.0,0.0,0.0,0.0,0,0,0.0,0.0,0,0,0.0,0.0,0,0,0.0,0.0,0,0,0.0,0
LGS2ORD0000303,C017800,2025-01-03 09:00:00,Female,38,Silver,Lazada,Bangkok,1356,Web,PromptPay,9,1,4,0,30-40,45.2,0.0,0.0,0.0,-1,-1,0.0,0.0,0.0,0.0,0.0,0.0,0,0,0.0,0.0,0,0,0.0,0.0,0,0,0.0,0.0,0,0,0.0,0
LGS2ORD0000304,C016849,2025-01-03 10:00:00,Other,48,Silver,Shopee,Bangkok,231,Lazada,Credit_Card,10,1,4,0,40-50,7.7,0.0,0.0,0.0,-1,-1,0.0,0.0,0.0,0.0,0.0,0.0,0,0,0.0,0.0,0,0,0.0,0.0,0,0,0.0,0.0,0,0,0.0,0
LGS2ORD0000305,C014375,2025-01-03 10:00:00,Male,61,Silver,CallCenter,Bangkok,1026,Web,COD,10,1,4,0,>50,34.2,0.0,0.0,0.0,-1,-1,0.0,0.0,0.0,0.0,0.0,0.0,0,0,0.0,0.0,0,0,0.0,0.0,0,0,0.0,0.0,0,0,0.0,1
LGS2ORD0000306,C015717,2025-01-03 10:00:00,Male,18,Silver,TV,Nakhon Ratchasima,855,Web,COD,10,1,4,0,<20,28.5,0.0,0.0,0.0,-1,-1,0.0,0.0,0.0,0.0,0.0,0.0,0,0,0.0,0.0,0,0,0.0,0.0,0,0,0.0,0.0,0,0,0.0,1
LGS2ORD0000307,C016710,2025-01-03 10:00:00,Male,40,Bronze,TV,Chiang Mai,35,Lazada,COD,10,1,4,0,30-40,1.1666666666666667,0.0,0.0,0.0,-1,-1,0.0,0.0,0.0,0.0,0.0,0.0,0,0,0.0,0.0,0,0,0.0,0.0,0,0,0.0,0.0,0,0,0.0,0
LGS2ORD0000308,C014223,2025-01-03 10:00:00,Female,56,Bronze,Shopee,Nakhon Ratchasima,94,Shopee,COD,10,1,4,0,>50,3.1333333333333333,0.0,0.0,0.0,-1,-1,0.0,0.0,0.0,0.0,0.0,0.0,0,0,0.0,0.0,0,0,0.0,0.0,0,0,0.0,0.0,0,0,0.0,1
LGS2ORD0000309,C012835,2025-01-03 11:00:00,Male,56,Bronze,Shopee,Remote_Area,1007,Shopee,Bank_Transfer,11,1,4,0,>50,33.56666666666667,0.0,0.0,0.0,-1,-1,0.0,0.0,0.0,0.0,0.0,0.0,0,0,0.0,0.0,0,0,0.0,0.0,0,0,0.0,0.0,0,0,0.0,0
LGS2ORD0000310,C010496,2025-01-03 11:00:00,Female,46,Gold,Lazada,Chonburi,951,CallCenter,COD,11,1,4,0,40-50,31.7,0.0,0.0,0.0,-1,-1,0.0,0.0,0.0,0.0,0.0,0.0,0,0,0.0,0.0,0,0,0.0,0.0,0,0,0.0,0.0,0,0,0.0,0
LGS2ORD0000311,C010303,2025-01-03 11:00:00,Female,64,Bronze,TV,Chonburi,58,Web,Bank_Transfer,11,1,4,0,>50,1.9333333333333333,0.0,0.0,0.0,-1,-1,0.0,0.0,0.0,0.0,0.0,0.0,0,0,0.0,0.0,0,0,0.0,0.0,0,0,0.0,0.0,0,0,0.0,0
LGS2ORD0000312,C012295,2025-01-03 11:00:00,Other,39,Silver,CallCenter,Nakhon Ratchasima,1433,CallCenter,Credit_Card,11,1,4,0,30-40,47.766666666666666,0.0,0.0,0.0,-1,-1,0.0,0.0,0.0,0.0,0.0,0.0,0,0,0.0,0.0,0,0,0.0,0.0,0,0,0.0,0.0,0,0,0.0,0
LGS2ORD0000313,C012228,2025-01-03 11:00:00,Female,45,Bronze,Web,Bangkok,260,TV_Show,Credit_Card,11,1,4,0,40-50,8.666666666666666,0.0,0.0,0.0,-1,-1,0.0,0.0,0.0,0.0,0.0,0.0,0,0,0.0,0.0,0,0,0.0,0.0,0,0,0.0,0.0,0,0,0.0,0
LGS2ORD0000314,C013918,2025-01-03 11:00:00,Female,69,Bronze,TV,Chonburi,1167,Lazada,Bank_Transfer,11,1,4,0,>50,38.9,0.0,0.0,0.0,-1,-1,0.0,0.0,0.0,0.0,0.0,0.0,0,0,0.0,0.0,0,0,0.0,0.0,0,0,0.0,0.0,0,0,0.0,1
LGS2ORD0000315,C017781,2025-01-03 12:00:00,Male,38,Platinum,Web,Khon Kaen,629,Lazada,PromptPay,12,1,4,0,30-40,20.966666666666665,0.0,0.0,0.0,-1,-1,0.0,0.0,0.0,0.0,0.0,0.0,0,0,0.0,0.0,0,0,0.0,0.0,0,0,0.0,0.0,0,0,0.0,0
LGS2ORD0000316,C015057,2025-01-03 12:00:00,Female,62,Bronze,Shopee,Remote_Area,15,Shopee,COD,12,1,4,0,>50,0.5,0.0,0.0,0.0,-1,-1,0.0,0.0,0.0,0.0,0.0,0.0,0,0,0.0,0.0,0,0,0.0,0.0,0,0,0.0,0.0,0,0,0.0,0
LGS2ORD0000317,C013438,2025-01-03 12:00:00,Male,49,Gold,Shopee,Chonburi,49,Web,COD,12,1,4,0,40-50,1.6333333333333333,0.0,0.0,0.0,-1,-1,0.0,0.0,0.0,0.0,0.0,0.0,0,0,0.0,0.0,0,0,0.0,0.0,0,0,0.0,0.0,0,0,0.0,0
LGS2ORD0000318,C015532,2025-01-03 12:00:00,Male,58,Bronze,Web,Remote_Area,317,Shopee,PromptPay,12,1,4,0,>50,10.566666666666666,0.0,0.0,0.0,-1,-1,0.0,0.0,0.0,0.0,0.0,0.0,0,0,0.0,0.0,0,0,0.0,0.0,0,0,0.0,0.0,0,0,0.0,1
LGS2ORD0000319,C015273,2025-01-03 12:00:00,Male,57,Gold,Web,Chonburi,1034,TV_Show,Credit_Card,12,1,4,0,>50,34.46666666666667,0.0,0.0,0.0,-1,-1,0.0,0.0,0.0,0.0,0.0,0.0,0,0,0.0,0.0,0,0,0.0,0.0,0,0,0.0,0.0,0,0,0.0,0
LGS2ORD0000320,C014402,2025-01-03 13:00:00,Female,57,Bronze,Web,Remote_Area,721,Shopee,PromptPay,13,1,4,0,>50,24.033333333333335,0.0,0.0,0.0,-1,-1,0.0,0.0,0.0,0.0,0.0,0.0,0,0,0.0,0.0,0,0,0.0,0.0,0,0,0.0,0.0,0,0,0.0,0
LGS2ORD0000321,C010206,2025-01-03 13:00:00,Other,46,Silver,Web,Chiang Mai,547,Lazada,COD,13,1,4,0,40-50,18.233333333333334,0.0,0.0,0.0,-1,-1,0.0,0.0,0.0,0.0,0.0,0.0,0,0,0.0,0.0,0,0,0.0,0.0,0,0,0.0,0.0,0,0,0.0,1
LGS2ORD0000322,C016492,2025-01-03 13:00:00,Female,44,Silver,Web,Bangkok,1172,Shopee,COD,13,1,4,0,40-50,39.06666666666667,0.0,0.0,0.0,-1,-1,0.0,0.0,0.0,0.0,0.0,0.0,0,0,0.0,0.0,0,0,0.0,0.0,0,0,0.0,0.0,0,0,0.0,0
LGS2ORD0000323,C014019,2025-01-03 13:00:00,Female,41,Gold,Web,Chonburi,117,TV_Show,Bank_Transfer,13,1,4,0,40-50,3.9,0.0,0.0,0.0,-1,-1,0.0,0.0,0.0,0.0,0.0,0.0,0,0,0.0,0.0,0,0,0.0,0.0,0,0,0.0,0.0,0,0,0.0,0
LGS2ORD0000324,C013812,2025-01-03 13:00:00,Male,32,Bronze,TV,Nakhon Ratchasima,64,Lazada,COD,13,1,4,0,30-40,2.1333333333333333,0.0,0.0,0.0,-1,-1,0.0,0.0,0.0,0.0,0.0,0.0,0,0,0.0,0.0,0,0,0.0,0.0,0,0,0.0,0.0,0,0,0.0,0
LGS2ORD0000325,C017602,2025-01-03 14:00:00,Male,36,Bronze,TV,Phuket,981,CallCenter,COD,14,1,4,0,30-40,32.7,0.0,0.0,0.0,-1,-1,0.0,0.0,0.0,0.0,0.0,0.0,0,0,0.0,0.0,0,0,0.0,0.0,0,0,0.0,0.0,0,0,0.0,1
LGS2ORD0000326,C015295,2025-01-03 14:00:00,Female,27,Bronze,CallCenter,Bangkok,363,CallCenter,COD,14,1,4,0,20-30,12.1,1.0,0.0,0.0,-1,1,878.11,0.03,0.0,0.0,0.0,878.11,1,0,0.0,878.11,1,0,0.0,878.11,1,0,0.0,878.11,1,0,0.0,0
LGS2ORD0000327,C014363,2025-01-03 14:00:00,Male,49,Gold,Web,Phuket,926,Lazada,COD,14,1,4,0,40-50,30.866666666666667,0.0,0.0,0.0,-1,-1,0.0,0.0,0.0,0.0,0.0,0.0,0,0,0.0,0.0,0,0,0.0,0.0,0,0,0.0,0.0,0,0,0.0,1
LGS2ORD0000328,C011669,2025-01-03 14:00:00,Male,35,Bronze,Lazada,Remote_Area,264,TV_Show,COD,14,1,4,0,30-40,8.8,0.0,0.0,0.0,-1,-1,0.0,0.0,0.0,0.0,0.0,0.0,0,0,0.0,0.0,0,0,0.0,0.0,0,0,0.0,0.0,0,0,0.0,0
LGS2ORD0000329,C016227,2025-01-03 14:00:00,Female,57,Platinum,Lazada,Chonburi,517,Shopee,COD,14,1,4,0,>50,17.233333333333334,0.0,0.0,0.0,-1,-1,0.0,0.0,0.0,0.0,0.0,0.0,0,0,0.0,0.0,0,0,0.0,0.0,0,0,0.0,0.0,0,0,0.0,1
LGS2ORD0000330,C017273,2025-01-03 15:00:00,Male,26,Bronze,Lazada,Bangkok,1210,Shopee,COD,15,1,4,0,20-30,40.333333333333336,2.0,1.0,0.5,-7,2,1933.7350000000001,0.23,0.0,0.5,0.0,3867.4700000000003,2,1,0.5,3867.4700000000003,2,1,0.5,3867.4700000000003,2,1,0.5,3867.4700000000003,2,1,0.5,1
LGS2ORD0000331,C010159,2025-01-03 15:00:00,Male,18,Silver,TV,Bangkok,565,Lazada,Credit_Card,15,1,4,0,<20,18.833333333333332,0.0,0.0,0.0,-1,-1,0.0,0.0,0.0,0.0,0.0,0.0,0,0,0.0,0.0,0,0,0.0,0.0,0,0,0.0,0.0,0,0,0.0,0
LGS2ORD0000332,C010112,2025-01-03 15:00:00,Female,54,Bronze,Lazada,Songkhla,879,TV_Show,COD,15,1,4,0,>50,29.3,0.0,0.0,0.0,-1,-1,0.0,0.0,0.0,0.0,0.0,0.0,0,0,0.0,0.0,0,0,0.0,0.0,0,0,0.0,0.0,0,0,0.0,0
LGS2ORD0000333,C013010,2025-01-03 15:00:00,Male,51,Gold,CallCenter,Bangkok,1243,Shopee,Credit_Card,15,1,4,0,>50,41.43333333333333,0.0,0.0,0.0,-1,-1,0.0,0.0,0.0,0.0,0.0,0.0,0,0,0.0,0.0,0,0,0.0,0.0,0,0,0.0,0.0,0,0,0.0,0
LGS2ORD0000334,C017193,2025-01-03 15:00:00,Female,47,Gold,Web,Bangkok,182,TV_Show,COD,15,1,4,0,40-50,6.066666666666666,1.0,0.0,0.0,-1,1,7882.02,0.18,0.0,0.0,0.0,7882.02,1,0,0.0,7882.02,1,0,0.0,7882.02,1,0,0.0,7882.02,1,0,0.0,0
LGS2ORD0000335,C014884,2025-01-03 15:00:00,Female,32,Bronze,TV,Phuket,239,Web,COD,15,1,4,0,30-40,7.966666666666667,0.0,0.0,0.0,-1,-1,0.0,0.0,0.0,0.0,0.0,0.0,0,0,0.0,0.0,0,0,0.0,0.0,0,0,0.0,0.0,0,0,0.0,0
LGS2ORD0000336,C016659,2025-01-03 16:00:00,Female,52,Gold,Web,Songkhla,240,TV_Show,PromptPay,16,1,4,0,>50,8.0,0.0,0.0,0.0,-1,-1,0.0,0.0,0.0,0.0,0.0,0.0,0,0,0.0,0.0,0,0,0.0,0.0,0,0,0.0,0.0,0,0,0.0,0
LGS2ORD0000337,C014304,2025-01-03 16:00:00,Female,40,Platinum,Shopee,Bangkok,539,Web,Bank_Transfer,16,1,4,0,30-40,17.966666666666665,1.0,0.0,0.0,-1,0,1037.63,0.25,1.0,1.0,0.0,1037.63,1,0,0.0,1037.63,1,0,0.0,1037.63,1,0,0.0,1037.63,1,0,0.0,0
LGS2ORD0000338,C010332,2025-01-03 16:00:00,Female,41,Silver,TV,Chiang Mai,1392,Web,COD,16,1,4,0,40-50,46.4,1.0,0.0,0.0,-1,0,1643.74,0.05,0.0,0.0,0.0,1643.74,1,0,0.0,1643.74,1,0,0.0,1643.74,1,0,0.0,1643.74,1,0,0.0,1
LGS2ORD0000339,C016253,2025-01-03 16:00:00,Other,28,Bronze,Web,Phuket,860,CallCenter,PromptPay,16,1,4,0,20-30,28.666666666666668,0.0,0.0,0.0,-1,-1,0.0,0.0,0.0,0.0,0.0,0.0,0,0,0.0,0.0,0,0,0.0,0.0,0,0,0.0,0.0,0,0,0.0,1
LGS2ORD0000340,C011167,2025-01-03 16:00:00,Female,42,Silver,Web,Chiang Mai,958,TV_Show,COD,16,1,4,0,40-50,31.933333333333334,0.0,0.0,0.0,-1,-1,0.0,0.0,0.0,0.0,0.0,0.0,0,0,0.0,0.0,0,0,0.0,0.0,0,0,0.0,0.0,0,0,0.0,1
LGS2ORD0000341,C015931,2025-01-03 17:00:00,Male,37,Silver,Web,Nakhon Ratchasima,632,Shopee,COD,17,1,4,0,30-40,21.066666666666666,0.0,0.0,0.0,-1,-1,0.0,0.0,0.0,0.0,0.0,0.0,0,0,0.0,0.0,0,0,0.0,0.0,0,0,0.0,0.0,0,0,0.0,0
LGS2ORD0000342,C013166,2025-01-03 17:00:00,Male,40,Gold,TV,Chiang Mai,979,Shopee,Credit_Card,17,1,4,0,30-40,32.63333333333333,1.0,0.0,0.0,-1,1,6494.02,0.28,0.0,1.0,0.0,6494.02,1,0,0.0,6494.02,1,0,0.0,6494.02,1,0,0.0,6494.02,1,0,0.0,0
LGS2ORD0000343,C010329,2025-01-03 17:00:00,Male,41,Bronze,Web,Bangkok,68,Lazada,Bank_Transfer,17,1,4,0,40-50,2.2666666666666666,0.0,0.0,0.0,-1,-1,0.0,0.0,0.0,0.0,0.0,0.0,0,0,0.0,0.0,0,0,0.0,0.0,0,0,0.0,0.0,0,0,0.0,0
LGS2ORD0000344,C015008,2025-01-03 17:00:00,Male,51,Bronze,Lazada,Songkhla,803,CallCenter,Credit_Card,17,1,4,0,>50,26.766666666666666,0.0,0.0,0.0,-1,-1,0.0,0.0,0.0,0.0,0.0,0.0,0,0,0.0,0.0,0,0,0.0,0.0,0,0,0.0,0.0,0,0,0.0,0
LGS2ORD0000345,C016759,2025-01-03 17:00:00,Female,38,Silver,Shopee,Chonburi,1111,Web,Bank_Transfer,17,1,4,0,30-40,37.03333333333333,0.0,0.0,0.0,-1,-1,0.0,0.0,0.0,0.0,0.0,0.0,0,0,0.0,0.0,0,0,0.0,0.0,0,0,0.0,0.0,0,0,0.0,0
LGS2ORD0000346,C012642,2025-01-03 18:00:00,Female,26,Silver,Web,Chiang Mai,687,Web,COD,18,1,4,0,20-30,22.9,0.0,0.0,0.0,-1,-1,0.0,0.0,0.0,0.0,0.0,0.0,0,0,0.0,0.0,0,0,0.0,0.0,0,0,0.0,0.0,0,0,0.0,0
LGS2ORD0000347,C010149,2025-01-03 18:00:00,Female,43,Gold,Shopee,Nakhon Ratchasima,1257,Shopee,PromptPay,18,1,4,0,40-50,41.9,0.0,0.0,0.0,-1,-1,0.0,0.0,0.0,0.0,0.0,0.0,0,0,0.0,0.0,0,0,0.0,0.0,0,0,0.0,0.0,0,0,0.0,0
LGS2ORD0000348,C011205,2025-01-03 18:00:00,Male,24,Silver,CallCenter,Nakhon Ratchasima,935,TV_Show,Credit_Card,18,1,4,0,20-30,31.166666666666668,0.0,0.0,0.0,-1,-1,0.0,0.0,0.0,0.0,0.0,0.0,0,0,0.0,0.0,0,0,0.0,0.0,0,0,0.0,0.0,0,0,0.0,0
LGS2ORD0000349,C014332,2025-01-03 18:00:00,Female,36,Bronze,Web,Remote_Area,906,Lazada,COD,18,1,4,0,30-40,30.2,1.0,0.0,0.0,-1,1,4844.96,0.03,0.0,0.0,0.0,4844.96,1,0,0.0,4844.96,1,0,0.0,4844.96,1,0,0.0,4844.96,1,0,0.0,0
LGS2ORD0000350,C011026,2025-01-03 18:00:00,Male,31,Bronze,Web,Bangkok,905,TV_Show,Credit_Card,18,1,4,0,30-40,30.166666666666668,0.0,0.0,0.0,-1,-1,0.0,0.0,0.0,0.0,0.0,0.0,0,0,0.0,0.0,0,0,0.0,0.0,0,0,0.0,0.0,0,0,0.0,0
LGS2ORD0000351,C011177,2025-01-03 19:00:00,Female,49,Bronze,TV,Remote_Area,528,Shopee,COD,19,1,4,0,40-50,17.6,0.0,0.0,0.0,-1,-1,0.0,0.0,0.0,0.0,0.0,0.0,0,0,0.0,0.0,0,0,0.0,0.0,0,0,0.0,0.0,0,0,0.0,0
LGS2ORD0000352,C016067,2025-01-03 19:00:00,Male,60,Gold,Web,Remote_Area,1409,Web,COD,19,1,4,0,>50,46.96666666666667,0.0,0.0,0.0,-1,-1,0.0,0.0,0.0,0.0,0.0,0.0,0,0,0.0,0.0,0,0,0.0,0.0,0,0,0.0,0.0,0,0,0.0,0
LGS2ORD0000353,C011494,2025-01-03 19:00:00,Female,23,Platinum,Lazada,Bangkok,121,Web,PromptPay,19,1,4,0,20-30,4.033333333333333,0.0,0.0,0.0,-1,-1,0.0,0.0,0.0,0.0,0.0,0.0,0,0,0.0,0.0,0,0,0.0,0.0,0,0,0.0,0.0,0,0,0.0,0
LGS2ORD0000354,C012499,2025-01-03 19:00:00,Male,44,Bronze,Shopee,Bangkok,418,CallCenter,Credit_Card,19,1,4,0,40-50,13.933333333333334,0.0,0.0,0.0,-1,-1,0.0,0.0,0.0,0.0,0.0,0.0,0,0,0.0,0.0,0,0,0.0,0.0,0,0,0.0,0.0,0,0,0.0,0
LGS2ORD0000355,C016370,2025-01-03 19:00:00,Male,46,Bronze,Shopee,Nakhon Ratchasima,189,Web,COD,19,1,4,0,40-50,6.3,0.0,0.0,0.0,-1,-1,0.0,0.0,0.0,0.0,0.0,0.0,0,0,0.0,0.0,0,0,0.0,0.0,0,0,0.0,0.0,0,0,0.0,0
LGS2ORD0000356,C011501,2025-01-03 19:00:00,Female,56,Bronze,TV,Remote_Area,912,Shopee,COD,19,1,4,0,>50,30.4,0.0,0.0,0.0,-1,-1,0.0,0.0,0.0,0.0,0.0,0.0,0,0,0.0,0.0,0,0,0.0,0.0,0,0,0.0,0.0,0,0,0.0,1
LGS2ORD0000357,C013344,2025-01-03 20:00:00,Female,56,Silver,Web,Remote_Area,1179,TV_Show,Bank_Transfer,20,1,4,0,>50,39.3,0.0,0.0,0.0,-1,-1,0.0,0.0,0.0,0.0,0.0,0.0,0,0,0.0,0.0,0,0,0.0,0.0,0,0,0.0,0.0,0,0,0.0,0
LGS2ORD0000358,C017101,2025-01-03 20:00:00,Female,38,Bronze,Web,Bangkok,747,Shopee,PromptPay,20,1,4,0,30-40,24.9,0.0,0.0,0.0,-1,-1,0.0,0.0,0.0,0.0,0.0,0.0,0,0,0.0,0.0,0,0,0.0,0.0,0,0,0.0,0.0,0,0,0.0,0
LGS2ORD0000359,C013354,2025-01-03 20:00:00,Male,34,Silver,TV,Chonburi,423,CallCenter,COD,20,1,4,0,30-40,14.1,0.0,0.0,0.0,-1,-1,0.0,0.0,0.0,0.0,0.0,0.0,0,0,0.0,0.0,0,0,0.0,0.0,0,0,0.0,0.0,0,0,0.0,0
LGS2ORD0000360,C015749,2025-01-03 20:00:00,Female,36,Platinum,CallCenter,Bangkok,555,TV_Show,Credit_Card,20,1,4,0,30-40,18.5,0.0,0.0,0.0,-1,-1,0.0,0.0,0.0,0.0,0.0,0.0,0,0,0.0,0.0,0,0,0.0,0.0,0,0,0.0,0.0,0,0,0.0,0
LGS2ORD0000361,C010442,2025-01-03 20:00:00,Female,49,Gold,Web,Songkhla,377,Web,Credit_Card,20,1,4,0,40-50,12.566666666666666,0.0,0.0,0.0,-1,-1,0.0,0.0,0.0,0.0,0.0,0.0,0,0,0.0,0.0,0,0,0.0,0.0,0,0,0.0,0.0,0,0,0.0,0
LGS2ORD0000362,C011754,2025-01-03 21:00:00,Female,26,Silver,TV,Bangkok,1224,TV_Show,Credit_Card,21,1,4,0,20-30,40.8,0.0,0.0,0.0,-1,-1,0.0,0.0,0.0,0.0,0.0,0.0,0,0,0.0,0.0,0,0,0.0,0.0,0,0,0.0,0.0,0,0,0.0,0
LGS2ORD0000363,C017515,2025-01-03 21:00:00,Female,53,Bronze,CallCenter,Remote_Area,757,TV_Show,COD,21,1,4,0,>50,25.233333333333334,0.0,0.0,0.0,-1,-1,0.0,0.0,0.0,0.0,0.0,0.0,0,0,0.0,0.0,0,0,0.0,0.0,0,0,0.0,0.0,0,0,0.0,0
LGS2ORD0000364,C015205,2025-01-03 21:00:00,Female,58,Bronze,Shopee,Bangkok,134,TV_Show,Bank_Transfer,21,1,4,0,>50,4.466666666666667,1.0,0.0,0.0,-1,2,782.94,0.03,1.0,0.0,0.0,782.94,1,0,0.0,782.94,1,0,0.0,782.94,1,0,0.0,782.94,1,0,0.0,0
LGS2ORD0000365,C013594,2025-01-03 21:00:00,Male,39,Bronze,Lazada,Chonburi,1066,Web,COD,21,1,4,0,30-40,35.53333333333333,0.0,0.0,0.0,-1,-1,0.0,0.0,0.0,0.0,0.0,0.0,0,0,0.0,0.0,0,0,0.0,0.0,0,0,0.0,0.0,0,0,0.0,0
LGS2ORD0000366,C013252,2025-01-03 21:00:00,Female,37,Bronze,Shopee,Bangkok,967,CallCenter,PromptPay,21,1,4,0,30-40,32.233333333333334,0.0,0.0,0.0,-1,-1,0.0,0.0,0.0,0.0,0.0,0.0,0,0,0.0,0.0,0,0,0.0,0.0,0,0,0.0,0.0,0,0,0.0,0
LGS2ORD0000367,C011805,2025-01-03 22:00:00,Male,18,Bronze,TV,Songkhla,868,Shopee,COD,22,1,4,0,<20,28.933333333333334,0.0,0.0,0.0,-1,-1,0.0,0.0,0.0,0.0,0.0,0.0,0,0,0.0,0.0,0,0,0.0,0.0,0,0,0.0,0.0,0,0,0.0,0
LGS2ORD0000368,C010191,2025-01-03 22:00:00,Male,18,Gold,Shopee,Bangkok,1016,Shopee,Credit_Card,22,1,4,0,<20,33.86666666666667,0.0,0.0,0.0,-1,-1,0.0,0.0,0.0,0.0,0.0,0.0,0,0,0.0,0.0,0,0,0.0,0.0,0,0,0.0,0.0,0,0,0.0,0
LGS2ORD0000369,C017174,2025-01-03 22:00:00,Male,62,Silver,CallCenter,Phuket,1310,TV_Show,COD,22,1,4,0,>50,43.666666666666664,0.0,0.0,0.0,-1,-1,0.0,0.0,0.0,0.0,0.0,0.0,0,0,0.0,0.0,0,0,0.0,0.0,0,0,0.0,0.0,0,0,0.0,0
LGS2ORD0000370,C011818,2025-01-03 22:00:00,Female,25,Silver,Web,Chiang Mai,1087,Shopee,Bank_Transfer,22,1,4,0,20-30,36.233333333333334,0.0,0.0,0.0,-1,-1,0.0,0.0,0.0,0.0,0.0,0.0,0,0,0.0,0.0,0,0,0.0,0.0,0,0,0.0,0.0,0,0,0.0,0
LGS2ORD0000371,C015106,2025-01-03 22:00:00,Female,32,Bronze,Shopee,Bangkok,785,CallCenter,PromptPay,22,1,4,0,30-40,26.166666666666668,0.0,0.0,0.0,-1,-1,0.0,0.0,0.0,0.0,0.0,0.0,0,0,0.0,0.0,0,0,0.0,0.0,0,0,0.0,0.0,0,0,0.0,0
LGS2ORD0000372,C016776,2025-01-03 23:00:00,Female,20,Gold,Lazada,Nakhon Ratchasima,663,Lazada,COD,23,1,4,0,<20,22.1,0.0,0.0,0.0,-1,-1,0.0,0.0,0.0,0.0,0.0,0.0,0,0,0.0,0.0,0,0,0.0,0.0,0,0,0.0,0.0,0,0,0.0,0
LGS2ORD0000373,C010103,2025-01-03 23:00:00,Female,28,Gold,Shopee,Bangkok,427,CallCenter,Credit_Card,23,1,4,0,20-30,14.233333333333333,0.0,0.0,0.0,-1,-1,0.0,0.0,0.0,0.0,0.0,0.0,0,0,0.0,0.0,0,0,0.0,0.0,0,0,0.0,0.0,0,0,0.0,0
LGS2ORD0000374,C017185,2025-01-03 23:00:00,Male,33,Silver,TV,Bangkok,1286,Web,COD,23,1,4,0,30-40,42.86666666666667,0.0,0.0,0.0,-1,-1,0.0,0.0,0.0,0.0,0.0,0.0,0,0,0.0,0.0,0,0,0.0,0.0,0,0,0.0,0.0,0,0,0.0,1
LGS2ORD0000375,C016455,2025-01-03 23:00:00,Female,20,Bronze,CallCenter,Bangkok,1190,CallCenter,PromptPay,23,1,4,0,<20,39.666666666666664,0.0,0.0,0.0,-1,-1,0.0,0.0,0.0,0.0,0.0,0.0,0,0,0.0,0.0,0,0,0.0,0.0,0,0,0.0,0.0,0,0,0.0,0
LGS2ORD0000376,C011879,2025-01-03 23:00:00,Male,52,Gold,Shopee,Bangkok,915,Lazada,COD,23,1,4,0,>50,30.5,0.0,0.0,0.0,-1,-1,0.0,0.0,0.0,0.0,0.0,0.0,0,0,0.0,0.0,0,0,0.0,0.0,0,0,0.0,0.0,0,0,0.0,0
LGS2ORD0000377,C017433,2025-01-03 23:00:00,Female,44,Gold,TV,Chonburi,447,Shopee,COD,23,1,4,0,40-50,14.9,0.0,0.0,0.0,-1,-1,0.0,0.0,0.0,0.0,0.0,0.0,0,0,0.0,0.0,0,0,0.0,0.0,0,0,0.0,0.0,0,0,0.0,1
LGS2ORD0000378,C016772,2025-01-04 00:00:00,Male,70,Silver,Lazada,Phuket,427,Web,Credit_Card,0,1,5,1,>50,14.233333333333333,0.0,0.0,0.0,-1,-1,0.0,0.0,0.0,0.0,0.0,0.0,0,0,0.0,0.0,0,0,0.0,0.0,0,0,0.0,0.0,0,0,0.0,0
LGS2ORD0000379,C017122,2025-01-04 00:00:00,Female,28,Silver,Shopee,Chonburi,215,CallCenter,Credit_Card,0,1,5,1,20-30,7.166666666666667,0.0,0.0,0.0,-1,-1,0.0,0.0,0.0,0.0,0.0,0.0,0,0,0.0,0.0,0,0,0.0,0.0,0,0,0.0,0.0,0,0,0.0,0
LGS2ORD0000380,C010895,2025-01-04 00:00:00,Female,37,Bronze,Lazada,Chonburi,830,Web,Bank_Transfer,0,1,5,1,30-40,27.666666666666668,0.0,0.0,0.0,-1,-1,0.0,0.0,0.0,0.0,0.0,0.0,0,0,0.0,0.0,0,0,0.0,0.0,0,0,0.0,0.0,0,0,0.0,0
LGS2ORD0000381,C014031,2025-01-04 00:00:00,Male,51,Silver,Web,Bangkok,216,Lazada,COD,0,1,5,1,>50,7.2,0.0,0.0,0.0,-1,-1,0.0,0.0,0.0,0.0,0.0,0.0,0,0,0.0,0.0,0,0,0.0,0.0,0,0,0.0,0.0,0,0,0.0,1
LGS2ORD0000382,C014637,2025-01-04 00:00:00,Female,44,Bronze,Web,Bangkok,1051,Shopee,PromptPay,0,1,5,1,40-50,35.03333333333333,0.0,0.0,0.0,-1,-1,0.0,0.0,0.0,0.0,0.0,0.0,0,0,0.0,0.0,0,0,0.0,0.0,0,0,0.0,0.0,0,0,0.0,0
LGS2ORD0000383,C010374,2025-01-04 01:00:00,Female,40,Bronze,CallCenter,Bangkok,933,CallCenter,COD,1,1,5,1,30-40,31.1,1.0,0.0,0.0,-1,2,2911.68,0.23,1.0,1.0,0.0,2911.68,1,0,0.0,2911.68,1,0,0.0,2911.68,1,0,0.0,2911.68,1,0,0.0,0
LGS2ORD0000384,C010801,2025-01-04 01:00:00,Female,65,Gold,TV,Nakhon Ratchasima,1120,Shopee,COD,1,1,5,1,>50,37.333333333333336,0.0,0.0,0.0,-1,-1,0.0,0.0,0.0,0.0,0.0,0.0,0,0,0.0,0.0,0,0,0.0,0.0,0,0,0.0,0.0,0,0,0.0,0
LGS2ORD0000385,C013358,2025-01-04 01:00:00,Female,71,Bronze,TV,Bangkok,183,CallCenter,PromptPay,1,1,5,1,>50,6.1,0.0,0.0,0.0,-1,-1,0.0,0.0,0.0,0.0,0.0,0.0,0,0,0.0,0.0,0,0,0.0,0.0,0,0,0.0,0.0,0,0,0.0,0
LGS2ORD0000386,C016437,2025-01-04 01:00:00,Female,35,Bronze,Web,Songkhla,562,Shopee,COD,1,1,5,1,30-40,18.733333333333334,0.0,0.0,0.0,-1,-1,0.0,0.0,0.0,0.0,0.0,0.0,0,0,0.0,0.0,0,0,0.0,0.0,0,0,0.0,0.0,0,0,0.0,0
LGS2ORD0000387,C017217,2025-01-04 01:00:00,Male,66,Bronze,Web,Chonburi,396,Lazada,COD,1,1,5,1,>50,13.2,0.0,0.0,0.0,-1,-1,0.0,0.0,0.0,0.0,0.0,0.0,0,0,0.0,0.0,0,0,0.0,0.0,0,0,0.0,0.0,0,0,0.0,0
LGS2ORD0000388,C011845,2025-01-04 02:00:00,Female,27,Bronze,TV,Remote_Area,694,Web,COD,2,1,5,1,20-30,23.133333333333333,0.0,0.0,0.0,-1,-1,0.0,0.0,0.0,0.0,0.0,0.0,0,0,0.0,0.0,0,0,0.0,0.0,0,0,0.0,0.0,0,0,0.0,1
LGS2ORD0000389,C017034,2025-01-04 02:00:00,Female,28,Bronze,Shopee,Songkhla,487,Shopee,Credit_Card,2,1,5,1,20-30,16.233333333333334,0.0,0.0,0.0,-1,-1,0.0,0.0,0.0,0.0,0.0,0.0,0,0,0.0,0.0,0,0,0.0,0.0,0,0,0.0,0.0,0,0,0.0,0
LGS2ORD0000390,C014564,2025-01-04 02:00:00,Male,33,Silver,TV,Bangkok,992,TV_Show,COD,2,1,5,1,30-40,33.06666666666667,0.0,0.0,0.0,-1,-1,0.0,0.0,0.0,0.0,0.0,0.0,0,0,0.0,0.0,0,0,0.0,0.0,0,0,0.0,0.0,0,0,0.0,0
LGS2ORD0000391,C017184,2025-01-04 02:00:00,Male,37,Silver,Shopee,Bangkok,1120,CallCenter,Credit_Card,2,1,5,1,30-40,37.333333333333336,0.0,0.0,0.0,-1,-1,0.0,0.0,0.0,0.0,0.0,0.0,0,0,0.0,0.0,0,0,0.0,0.0,0,0,0.0,0.0,0,0,0.0,0
LGS2ORD0000392,C017583,2025-01-04 02:00:00,Male,46,Bronze,TV,Khon Kaen,964,CallCenter,PromptPay,2,1,5,1,40-50,32.13333333333333,0.0,0.0,0.0,-1,-1,0.0,0.0,0.0,0.0,0.0,0.0,0,0,0.0,0.0,0,0,0.0,0.0,0,0,0.0,0.0,0,0,0.0,0
LGS2ORD0000393,C013657,2025-01-04 03:00:00,Female,46,Silver,Lazada,Remote_Area,909,CallCenter,COD,3,1,5,1,40-50,30.3,0.0,0.0,0.0,-1,-1,0.0,0.0,0.0,0.0,0.0,0.0,0,0,0.0,0.0,0,0,0.0,0.0,0,0,0.0,0.0,0,0,0.0,0
LGS2ORD0000394,C015567,2025-01-04 03:00:00,Female,72,Bronze,Shopee,Chonburi,1180,Shopee,COD,3,1,5,1,>50,39.333333333333336,0.0,0.0,0.0,-1,-1,0.0,0.0,0.0,0.0,0.0,0.0,0,0,0.0,0.0,0,0,0.0,0.0,0,0,0.0,0.0,0,0,0.0,1
LGS2ORD0000395,C013565,2025-01-04 03:00:00,Male,32,Bronze,Web,Bangkok,1085,CallCenter,COD,3,1,5,1,30-40,36.166666666666664,0.0,0.0,0.0,-1,-1,0.0,0.0,0.0,0.0,0.0,0.0,0,0,0.0,0.0,0,0,0.0,0.0,0,0,0.0,0.0,0,0,0.0,0
LGS2ORD0000396,C013962,2025-01-04 03:00:00,Male,35,Bronze,Shopee,Chiang Mai,446,TV_Show,COD,3,1,5,1,30-40,14.866666666666667,0.0,0.0,0.0,-1,-1,0.0,0.0,0.0,0.0,0.0,0.0,0,0,0.0,0.0,0,0,0.0,0.0,0,0,0.0,0.0,0,0,0.0,0
LGS2ORD0000397,C012280,2025-01-04 03:00:00,Female,31,Bronze,TV,Khon Kaen,145,TV_Show,PromptPay,3,1,5,1,30-40,4.833333333333333,0.0,0.0,0.0,-1,-1,0.0,0.0,0.0,0.0,0.0,0.0,0,0,0.0,0.0,0,0,0.0,0.0,0,0,0.0,0.0,0,0,0.0,0
LGS2ORD0000398,C011056,2025-01-04 03:00:00,Female,56,Platinum,Lazada,Bangkok,1026,Shopee,PromptPay,3,1,5,1,>50,34.2,0.0,0.0,0.0,-1,-1,0.0,0.0,0.0,0.0,0.0,0.0,0,0,0.0,0.0,0,0,0.0,0.0,0,0,0.0,0.0,0,0,0.0,0
LGS2ORD0000399,C010982,2025-01-04 04:00:00,Other,46,Bronze,TV,Khon Kaen,893,Web,PromptPay,4,1,5,1,40-50,29.766666666666666,0.0,0.0,0.0,-1,-1,0.0,0.0,0.0,0.0,0.0,0.0,0,0,0.0,0.0,0,0,0.0,0.0,0,0,0.0,0.0,0,0,0.0,0
LGS2ORD0000400,C011261,2025-01-04 04:00:00,Female,26,Bronze,TV,Bangkok,283,CallCenter,PromptPay,4,1,5,1,20-30,9.433333333333334,0.0,0.0,0.0,-1,-1,0.0,0.0,0.0,0.0,0.0,0.0,0,0,0.0,0.0,0,0,0.0,0.0,0,0,0.0,0.0,0,0,0.0,0
LGS2ORD0000401,C013574,2025-01-04 04:00:00,Female,50,Bronze,Web,Chiang Mai,590,TV_Show,COD,4,1,5,1,40-50,19.666666666666668,0.0,0.0,0.0,-1,-1,0.0,0.0,0.0,0.0,0.0,0.0,0,0,0.0,0.0,0,0,0.0,0.0,0,0,0.0,0.0,0,0,0.0,0
LGS2ORD0000402,C015236,2025-01-04 04:00:00,Female,18,Bronze,Web,Khon Kaen,1438,Web,Credit_Card,4,1,5,1,<20,47.93333333333333,0.0,0.0,0.0,-1,-1,0.0,0.0,0.0,0.0,0.0,0.0,0,0,0.0,0.0,0,0,0.0,0.0,0,0,0.0,0.0,0,0,0.0,0
LGS2ORD0000403,C015459,2025-01-04 04:00:00,Female,39,Bronze,Shopee,Bangkok,760,CallCenter,Credit_Card,4,1,5,1,30-40,25.333333333333332,0.0,0.0,0.0,-1,-1,0.0,0.0,0.0,0.0,0.0,0.0,0,0,0.0,0.0,0,0,0.0,0.0,0,0,0.0,0.0,0,0,0.0,0
LGS2ORD0000404,C010396,2025-01-04 05:00:00,Female,40,Bronze,Shopee,Phuket,569,TV_Show,Bank_Transfer,5,1,5,1,30-40,18.966666666666665,0.0,0.0,0.0,-1,-1,0.0,0.0,0.0,0.0,0.0,0.0,0,0,0.0,0.0,0,0,0.0,0.0,0,0,0.0,0.0,0,0,0.0,0
LGS2ORD0000405,C012167,2025-01-04 05:00:00,Male,35,Gold,Lazada,Bangkok,528,Web,Credit_Card,5,1,5,1,30-40,17.6,0.0,0.0,0.0,-1,-1,0.0,0.0,0.0,0.0,0.0,0.0,0,0,0.0,0.0,0,0,0.0,0.0,0,0,0.0,0.0,0,0,0.0,0
LGS2ORD0000406,C014355,2025-01-04 05:00:00,Female,57,Platinum,TV,Bangkok,1331,Web,COD,5,1,5,1,>50,44.36666666666667,0.0,0.0,0.0,-1,-1,0.0,0.0,0.0,0.0,0.0,0.0,0,0,0.0,0.0,0,0,0.0,0.0,0,0,0.0,0.0,0,0,0.0,0
LGS2ORD0000407,C014812,2025-01-04 05:00:00,Female,37,Silver,Shopee,Chiang Mai,789,TV_Show,Credit_Card,5,1,5,1,30-40,26.3,0.0,0.0,0.0,-1,-1,0.0,0.0,0.0,0.0,0.0,0.0,0,0,0.0,0.0,0,0,0.0,0.0,0,0,0.0,0.0,0,0,0.0,0
LGS2ORD0000408,C013701,2025-01-04 05:00:00,Other,66,Gold,CallCenter,Khon Kaen,1174,Shopee,PromptPay,5,1,5,1,>50,39.13333333333333,0.0,0.0,0.0,-1,-1,0.0,0.0,0.0,0.0,0.0,0.0,0,0,0.0,0.0,0,0,0.0,0.0,0,0,0.0,0.0,0,0,0.0,0
LGS2ORD0000409,C013165,2025-01-04 06:00:00,Male,31,Silver,Web,Khon Kaen,907,Shopee,PromptPay,6,1,5,1,30-40,30.233333333333334,0.0,0.0,0.0,-1,-1,0.0,0.0,0.0,0.0,0.0,0.0,0,0,0.0,0.0,0,0,0.0,0.0,0,0,0.0,0.0,0,0,0.0,0
LGS2ORD0000410,C014871,2025-01-04 06:00:00,Male,31,Bronze,TV,Nakhon Ratchasima,256,CallCenter,COD,6,1,5,1,30-40,8.533333333333333,0.0,0.0,0.0,-1,-1,0.0,0.0,0.0,0.0,0.0,0.0,0,0,0.0,0.0,0,0,0.0,0.0,0,0,0.0,0.0,0,0,0.0,0
LGS2ORD0000411,C011577,2025-01-04 06:00:00,Male,35,Gold,Web,Bangkok,1379,CallCenter,Bank_Transfer,6,1,5,1,30-40,45.96666666666667,0.0,0.0,0.0,-1,-1,0.0,0.0,0.0,0.0,0.0,0.0,0,0,0.0,0.0,0,0,0.0,0.0,0,0,0.0,0.0,0,0,0.0,0
LGS2ORD0000412,C014767,2025-01-04 06:00:00,Male,50,Gold,Web,Phuket,1305,TV_Show,Credit_Card,6,1,5,1,40-50,43.5,0.0,0.0,0.0,-1,-1,0.0,0.0,0.0,0.0,0.0,0.0,0,0,0.0,0.0,0,0,0.0,0.0,0,0,0.0,0.0,0,0,0.0,0
LGS2ORD0000413,C012123,2025-01-04 06:00:00,Female,22,Silver,TV,Khon Kaen,1054,Lazada,COD,6,1,5,1,20-30,35.13333333333333,1.0,1.0,1.0,-10,3,718.07,0.15,1.0,0.0,0.0,718.07,1,1,1.0,718.07,1,1,1.0,718.07,1,1,1.0,718.07,1,1,1.0,0
LGS2ORD0000414,C010255,2025-01-04 06:00:00,Female,66,Silver,CallCenter,Khon Kaen,1278,Web,COD,6,1,5,1,>50,42.6,0.0,0.0,0.0,-1,-1,0.0,0.0,0.0,0.0,0.0,0.0,0,0,0.0,0.0,0,0,0.0,0.0,0,0,0.0,0.0,0,0,0.0,1
LGS2ORD0000415,C010729,2025-01-04 07:00:00,Female,38,Silver,Web,Chiang Mai,700,Lazada,COD,7,1,5,1,30-40,23.333333333333332,0.0,0.0,0.0,-1,-1,0.0,0.0,0.0,0.0,0.0,0.0,0,0,0.0,0.0,0,0,0.0,0.0,0,0,0.0,0.0,0,0,0.0,0
LGS2ORD0000416,C016705,2025-01-04 07:00:00,Male,50,Bronze,Shopee,Bangkok,358,Lazada,Credit_Card,7,1,5,1,40-50,11.933333333333334,0.0,0.0,0.0,-1,-1,0.0,0.0,0.0,0.0,0.0,0.0,0,0,0.0,0.0,0,0,0.0,0.0,0,0,0.0,0.0,0,0,0.0,0
LGS2ORD0000417,C016898,2025-01-04 07:00:00,Female,49,Bronze,Shopee,Phuket,1270,CallCenter,Credit_Card,7,1,5,1,40-50,42.333333333333336,0.0,0.0,0.0,-1,-1,0.0,0.0,0.0,0.0,0.0,0.0,0,0,0.0,0.0,0,0,0.0,0.0,0,0,0.0,0.0,0,0,0.0,0
LGS2ORD0000418,C012814,2025-01-04 07:00:00,Female,59,Platinum,TV,Bangkok,493,Web,COD,7,1,5,1,>50,16.433333333333334,0.0,0.0,0.0,-1,-1,0.0,0.0,0.0,0.0,0.0,0.0,0,0,0.0,0.0,0,0,0.0,0.0,0,0,0.0,0.0,0,0,0.0,1
LGS2ORD0000419,C016615,2025-01-04 07:00:00,Female,33,Bronze,Web,Bangkok,1455,Web,COD,7,1,5,1,30-40,48.5,0.0,0.0,0.0,-1,-1,0.0,0.0,0.0,0.0,0.0,0.0,0,0,0.0,0.0,0,0,0.0,0.0,0,0,0.0,0.0,0,0,0.0,0
LGS2ORD0000420,C016937,2025-01-04 08:00:00,Female,44,Bronze,Shopee,Chiang Mai,120,Web,COD,8,1,5,1,40-50,4.0,1.0,0.0,0.0,-1,2,12505.03,0.03,1.0,0.0,0.0,12505.03,1,0,0.0,12505.03,1,0,0.0,12505.03,1,0,0.0,12505.03,1,0,0.0,0
LGS2ORD0000421,C012266,2025-01-04 08:00:00,Female,38,Silver,TV,Nakhon Ratchasima,1282,Web,COD,8,1,5,1,30-40,42.733333333333334,0.0,0.0,0.0,-1,-1,0.0,0.0,0.0,0.0,0.0,0.0,0,0,0.0,0.0,0,0,0.0,0.0,0,0,0.0,0.0,0,0,0.0,1
LGS2ORD0000422,C011434,2025-01-04 08:00:00,Male,53,Bronze,TV,Bangkok,35,Web,COD,8,1,5,1,>50,1.1666666666666667,0.0,0.0,0.0,-1,-1,0.0,0.0,0.0,0.0,0.0,0.0,0,0,0.0,0.0,0,0,0.0,0.0,0,0,0.0,0.0,0,0,0.0,0
LGS2ORD0000423,C011547,2025-01-04 08:00:00,Male,50,Bronze,CallCenter,Bangkok,1438,Web,PromptPay,8,1,5,1,40-50,47.93333333333333,0.0,0.0,0.0,-1,-1,0.0,0.0,0.0,0.0,0.0,0.0,0,0,0.0,0.0,0,0,0.0,0.0,0,0,0.0,0.0,0,0,0.0,0
LGS2ORD0000424,C010345,2025-01-04 08:00:00,Female,50,Bronze,Web,Bangkok,402,CallCenter,PromptPay,8,1,5,1,40-50,13.4,0.0,0.0,0.0,-1,-1,0.0,0.0,0.0,0.0,0.0,0.0,0,0,0.0,0.0,0,0,0.0,0.0,0,0,0.0,0.0,0,0,0.0,0
LGS2ORD0000425,C012595,2025-01-04 09:00:00,Female,24,Gold,TV,Chonburi,1043,CallCenter,Credit_Card,9,1,5,1,20-30,34.766666666666666,0.0,0.0,0.0,-1,-1,0.0,0.0,0.0,0.0,0.0,0.0,0,0,0.0,0.0,0,0,0.0,0.0,0,0,0.0,0.0,0,0,0.0,0
LGS2ORD0000426,C016909,2025-01-04 09:00:00,Female,72,Silver,Web,Remote_Area,359,Lazada,COD,9,1,5,1,>50,11.966666666666667,0.0,0.0,0.0,-1,-1,0.0,0.0,0.0,0.0,0.0,0.0,0,0,0.0,0.0,0,0,0.0,0.0,0,0,0.0,0.0,0,0,0.0,1
LGS2ORD0000427,C015205,2025-01-04 09:00:00,Female,58,Bronze,Shopee,Bangkok,135,TV_Show,Credit_Card,9,1,5,1,>50,4.5,2.0,0.0,0.0,-1,0,1291.025,0.08,0.5,0.0,0.0,2582.05,2,0,0.0,2582.05,2,0,0.0,2582.05,2,0,0.0,2582.05,2,0,0.0,0
LGS2ORD0000428,C013189,2025-01-04 09:00:00,Female,42,Bronze,Web,Bangkok,1233,Lazada,COD,9,1,5,1,40-50,41.1,0.0,0.0,0.0,-1,-1,0.0,0.0,0.0,0.0,0.0,0.0,0,0,0.0,0.0,0,0,0.0,0.0,0,0,0.0,0.0,0,0,0.0,0
LGS2ORD0000429,C017928,2025-01-04 09:00:00,Male,38,Gold,Web,Chiang Mai,410,Lazada,PromptPay,9,1,5,1,30-40,13.666666666666666,0.0,0.0,0.0,-1,-1,0.0,0.0,0.0,0.0,0.0,0.0,0,0,0.0,0.0,0,0,0.0,0.0,0,0,0.0,0.0,0,0,0.0,0
LGS2ORD0000430,C014956,2025-01-04 10:00:00,Female,27,Bronze,TV,Phuket,184,Lazada,COD,10,1,5,1,20-30,6.133333333333334,0.0,0.0,0.0,-1,-1,0.0,0.0,0.0,0.0,0.0,0.0,0,0,0.0,0.0,0,0,0.0,0.0,0,0,0.0,0.0,0,0,0.0,0
LGS2ORD0000431,C013864,2025-01-04 10:00:00,Male,27,Gold,Web,Phuket,113,Web,COD,10,1,5,1,20-30,3.7666666666666666,0.0,0.0,0.0,-1,-1,0.0,0.0,0.0,0.0,0.0,0.0,0,0,0.0,0.0,0,0,0.0,0.0,0,0,0.0,0.0,0,0,0.0,1
LGS2ORD0000432,C015757,2025-01-04 10:00:00,Female,68,Silver,Web,Bangkok,581,Web,Credit_Card,10,1,5,1,>50,19.366666666666667,0.0,0.0,0.0,-1,-1,0.0,0.0,0.0,0.0,0.0,0.0,0,0,0.0,0.0,0,0,0.0,0.0,0,0,0.0,0.0,0,0,0.0,0
LGS2ORD0000433,C012468,2025-01-04 10:00:00,Male,50,Gold,Lazada,Chiang Mai,191,CallCenter,COD,10,1,5,1,40-50,6.366666666666666,0.0,0.0,0.0,-1,-1,0.0,0.0,0.0,0.0,0.0,0.0,0,0,0.0,0.0,0,0,0.0,0.0,0,0,0.0,0.0,0,0,0.0,0
LGS2ORD0000434,C017823,2025-01-04 10:00:00,Male,44,Gold,Lazada,Khon Kaen,469,TV_Show,PromptPay,10,1,5,1,40-50,15.633333333333333,0.0,0.0,0.0,-1,-1,0.0,0.0,0.0,0.0,0.0,0.0,0,0,0.0,0.0,0,0,0.0,0.0,0,0,0.0,0.0,0,0,0.0,0
LGS2ORD0000435,C015430,2025-01-04 10:00:00,Female,56,Bronze,TV,Songkhla,972,Web,Credit_Card,10,1,5,1,>50,32.4,0.0,0.0,0.0,-1,-1,0.0,0.0,0.0,0.0,0.0,0.0,0,0,0.0,0.0,0,0,0.0,0.0,0,0,0.0,0.0,0,0,0.0,0
LGS2ORD0000436,C010534,2025-01-04 11:00:00,Female,30,Gold,Web,Chonburi,106,TV_Show,Credit_Card,11,1,5,1,20-30,3.533333333333333,0.0,0.0,0.0,-1,-1,0.0,0.0,0.0,0.0,0.0,0.0,0,0,0.0,0.0,0,0,0.0,0.0,0,0,0.0,0.0,0,0,0.0,0
LGS2ORD0000437,C010146,2025-01-04 11:00:00,Male,41,Gold,Shopee,Bangkok,658,Web,COD,11,1,5,1,40-50,21.933333333333334,0.0,0.0,0.0,-1,-1,0.0,0.0,0.0,0.0,0.0,0.0,0,0,0.0,0.0,0,0,0.0,0.0,0,0,0.0,0.0,0,0,0.0,1
LGS2ORD0000438,C013161,2025-01-04 11:00:00,Male,50,Bronze,Shopee,Nakhon Ratchasima,823,Shopee,COD,11,1,5,1,40-50,27.433333333333334,0.0,0.0,0.0,-1,-1,0.0,0.0,0.0,0.0,0.0,0.0,0,0,0.0,0.0,0,0,0.0,0.0,0,0,0.0,0.0,0,0,0.0,0
LGS2ORD0000439,C010162,2025-01-04 11:00:00,Male,34,Silver,Lazada,Chonburi,1035,Web,COD,11,1,5,1,30-40,34.5,0.0,0.0,0.0,-1,-1,0.0,0.0,0.0,0.0,0.0,0.0,0,0,0.0,0.0,0,0,0.0,0.0,0,0,0.0,0.0,0,0,0.0,1
LGS2ORD0000440,C017362,2025-01-04 11:00:00,Female,39,Gold,CallCenter,Bangkok,1142,Web,PromptPay,11,1,5,1,30-40,38.06666666666667,0.0,0.0,0.0,-1,-1,0.0,0.0,0.0,0.0,0.0,0.0,0,0,0.0,0.0,0,0,0.0,0.0,0,0,0.0,0.0,0,0,0.0,0
LGS2ORD0000441,C010949,2025-01-04 12:00:00,Female,34,Silver,Shopee,Bangkok,369,TV_Show,Bank_Transfer,12,1,5,1,30-40,12.3,0.0,0.0,0.0,-1,-1,0.0,0.0,0.0,0.0,0.0,0.0,0,0,0.0,0.0,0,0,0.0,0.0,0,0,0.0,0.0,0,0,0.0,0
LGS2ORD0000442,C014871,2025-01-04 12:00:00,Male,31,Bronze,TV,Nakhon Ratchasima,256,Lazada,COD,12,1,5,1,30-40,8.533333333333333,1.0,0.0,0.0,-1,0,4064.57,0.08,1.0,0.0,0.0,4064.57,1,0,0.0,4064.57,1,0,0.0,4064.57,1,0,0.0,4064.57,1,0,0.0,1
LGS2ORD0000443,C011786,2025-01-04 12:00:00,Male,58,Bronze,CallCenter,Bangkok,587,Lazada,COD,12,1,5,1,>50,19.566666666666666,0.0,0.0,0.0,-1,-1,0.0,0.0,0.0,0.0,0.0,0.0,0,0,0.0,0.0,0,0,0.0,0.0,0,0,0.0,0.0,0,0,0.0,0
LGS2ORD0000444,C012610,2025-01-04 12:00:00,Other,42,Silver,TV,Remote_Area,445,Lazada,COD,12,1,5,1,40-50,14.833333333333334,0.0,0.0,0.0,-1,-1,0.0,0.0,0.0,0.0,0.0,0.0,0,0,0.0,0.0,0,0,0.0,0.0,0,0,0.0,0.0,0,0,0.0,0
LGS2ORD0000445,C012645,2025-01-04 12:00:00,Female,45,Silver,Web,Nakhon Ratchasima,442,Shopee,COD,12,1,5,1,40-50,14.733333333333333,0.0,0.0,0.0,-1,-1,0.0,0.0,0.0,0.0,0.0,0.0,0,0,0.0,0.0,0,0,0.0,0.0,0,0,0.0,0.0,0,0,0.0,0
LGS2ORD0000446,C010192,2025-01-04 13:00:00,Female,36,Platinum,Web,Bangkok,398,Shopee,Bank_Transfer,13,1,5,1,30-40,13.266666666666667,0.0,0.0,0.0,-1,-1,0.0,0.0,0.0,0.0,0.0,0.0,0,0,0.0,0.0,0,0,0.0,0.0,0,0,0.0,0.0,0,0,0.0,0
LGS2ORD0000447,C011892,2025-01-04 13:00:00,Female,38,Gold,Lazada,Bangkok,108,Lazada,PromptPay,13,1,5,1,30-40,3.6,0.0,0.0,0.0,-1,-1,0.0,0.0,0.0,0.0,0.0,0.0,0,0,0.0,0.0,0,0,0.0,0.0,0,0,0.0,0.0,0,0,0.0,0
LGS2ORD0000448,C013839,2025-01-04 13:00:00,Female,61,Bronze,TV,Bangkok,209,Shopee,Bank_Transfer,13,1,5,1,>50,6.966666666666667,0.0,0.0,0.0,-1,-1,0.0,0.0,0.0,0.0,0.0,0.0,0,0,0.0,0.0,0,0,0.0,0.0,0,0,0.0,0.0,0,0,0.0,0
LGS2ORD0000449,C017292,2025-01-04 13:00:00,Male,39,Bronze,TV,Bangkok,213,Lazada,PromptPay,13,1,5,1,30-40,7.1,0.0,0.0,0.0,-1,-1,0.0,0.0,0.0,0.0,0.0,0.0,0,0,0.0,0.0,0,0,0.0,0.0,0,0,0.0,0.0,0,0,0.0,0
LGS2ORD0000450,C015318,2025-01-04 13:00:00,Female,44,Gold,Shopee,Bangkok,1319,CallCenter,Bank_Transfer,13,1,5,1,40-50,43.96666666666667,0.0,0.0,0.0,-1,-1,0.0,0.0,0.0,0.0,0.0,0.0,0,0,0.0,0.0,0,0,0.0,0.0,0,0,0.0,0.0,0,0,0.0,1
LGS2ORD0000451,C017306,2025-01-04 14:00:00,Female,22,Silver,Shopee,Chiang Mai,687,Lazada,Bank_Transfer,14,1,5,1,20-30,22.9,0.0,0.0,0.0,-1,-1,0.0,0.0,0.0,0.0,0.0,0.0,0,0,0.0,0.0,0,0,0.0,0.0,0,0,0.0,0.0,0,0,0.0,0
LGS2ORD0000452,C016618,2025-01-04 14:00:00,Male,67,Bronze,TV,Khon Kaen,156,TV_Show,COD,14,1,5,1,>50,5.2,0.0,0.0,0.0,-1,-1,0.0,0.0,0.0,0.0,0.0,0.0,0,0,0.0,0.0,0,0,0.0,0.0,0,0,0.0,0.0,0,0,0.0,0
LGS2ORD0000453,C016554,2025-01-04 14:00:00,Female,39,Bronze,TV,Chiang Mai,759,Web,Bank_Transfer,14,1,5,1,30-40,25.3,0.0,0.0,0.0,-1,-1,0.0,0.0,0.0,0.0,0.0,0.0,0,0,0.0,0.0,0,0,0.0,0.0,0,0,0.0,0.0,0,0,0.0,0
LGS2ORD0000454,C014200,2025-01-04 14:00:00,Female,48,Bronze,TV,Remote_Area,1038,Web,COD,14,1,5,1,40-50,34.6,0.0,0.0,0.0,-1,-1,0.0,0.0,0.0,0.0,0.0,0.0,0,0,0.0,0.0,0,0,0.0,0.0,0,0,0.0,0.0,0,0,0.0,1
LGS2ORD0000455,C013460,2025-01-04 14:00:00,Male,48,Gold,Lazada,Bangkok,1044,Shopee,PromptPay,14,1,5,1,40-50,34.8,0.0,0.0,0.0,-1,-1,0.0,0.0,0.0,0.0,0.0,0.0,0,0,0.0,0.0,0,0,0.0,0.0,0,0,0.0,0.0,0,0,0.0,0
LGS2ORD0000456,C016771,2025-01-04 14:00:00,Male,49,Bronze,Lazada,Chonburi,1009,Web,COD,14,1,5,1,40-50,33.63333333333333,0.0,0.0,0.0,-1,-1,0.0,0.0,0.0,0.0,0.0,0.0,0,0,0.0,0.0,0,0,0.0,0.0,0,0,0.0,0.0,0,0,0.0,0
LGS2ORD0000457,C015956,2025-01-04 15:00:00,Female,45,Bronze,Shopee,Bangkok,817,Lazada,Credit_Card,15,1,5,1,40-50,27.233333333333334,1.0,1.0,1.0,-8,2,4812.1,0.03,0.0,0.0,0.0,4812.1,1,1,1.0,4812.1,1,1,1.0,4812.1,1,1,1.0,4812.1,1,1,1.0,0
LGS2ORD0000458,C012250,2025-01-04 15:00:00,Other,38,Bronze,Shopee,Remote_Area,1306,TV_Show,Bank_Transfer,15,1,5,1,30-40,43.53333333333333,0.0,0.0,0.0,-1,-1,0.0,0.0,0.0,0.0,0.0,0.0,0,0,0.0,0.0,0,0,0.0,0.0,0,0,0.0,0.0,0,0,0.0,0
LGS2ORD0000459,C013215,2025-01-04 15:00:00,Female,18,Silver,Shopee,Chonburi,1004,TV_Show,Bank_Transfer,15,1,5,1,<20,33.46666666666667,0.0,0.0,0.0,-1,-1,0.0,0.0,0.0,0.0,0.0,0.0,0,0,0.0,0.0,0,0,0.0,0.0,0,0,0.0,0.0,0,0,0.0,0
LGS2ORD0000460,C014690,2025-01-04 15:00:00,Female,51,Bronze,TV,Remote_Area,1198,TV_Show,COD,15,1,5,1,>50,39.93333333333333,0.0,0.0,0.0,-1,-1,0.0,0.0,0.0,0.0,0.0,0.0,0,0,0.0,0.0,0,0,0.0,0.0,0,0,0.0,0.0,0,0,0.0,1
LGS2ORD0000461,C012775,2025-01-04 15:00:00,Male,43,Gold,TV,Khon Kaen,1053,Web,Credit_Card,15,1,5,1,40-50,35.1,0.0,0.0,0.0,-1,-1,0.0,0.0,0.0,0.0,0.0,0.0,0,0,0.0,0.0,0,0,0.0,0.0,0,0,0.0,0.0,0,0,0.0,0
LGS2ORD0000462,C012100,2025-01-04 16:00:00,Female,61,Platinum,CallCenter,Khon Kaen,456,Lazada,PromptPay,16,1,5,1,>50,15.2,0.0,0.0,0.0,-1,-1,0.0,0.0,0.0,0.0,0.0,0.0,0,0,0.0,0.0,0,0,0.0,0.0,0,0,0.0,0.0,0,0,0.0,0
LGS2ORD0000463,C013136,2025-01-04 16:00:00,Female,50,Bronze,CallCenter,Bangkok,245,Web,Bank_Transfer,16,1,5,1,40-50,8.166666666666666,0.0,0.0,0.0,-1,-1,0.0,0.0,0.0,0.0,0.0,0.0,0,0,0.0,0.0,0,0,0.0,0.0,0,0,0.0,0.0,0,0,0.0,0
LGS2ORD0000464,C014435,2025-01-04 16:00:00,Female,35,Bronze,TV,Remote_Area,280,Lazada,PromptPay,16,1,5,1,30-40,9.333333333333334,1.0,1.0,1.0,-4,3,290.29,0.28,1.0,1.0,0.0,290.29,1,1,1.0,290.29,1,1,1.0,290.29,1,1,1.0,290.29,1,1,1.0,0
LGS2ORD0000465,C014882,2025-01-04 16:00:00,Male,51,Bronze,Lazada,Remote_Area,1226,TV_Show,PromptPay,16,1,5,1,>50,40.86666666666667,0.0,0.0,0.0,-1,-1,0.0,0.0,0.0,0.0,0.0,0.0,0,0,0.0,0.0,0,0,0.0,0.0,0,0,0.0,0.0,0,0,0.0,1
LGS2ORD0000466,C010472,2025-01-04 16:00:00,Female,35,Silver,Lazada,Bangkok,1457,Web,Credit_Card,16,1,5,1,30-40,48.56666666666667,0.0,0.0,0.0,-1,-1,0.0,0.0,0.0,0.0,0.0,0.0,0,0,0.0,0.0,0,0,0.0,0.0,0,0,0.0,0.0,0,0,0.0,0
LGS2ORD0000467,C017593,2025-01-04 17:00:00,Male,54,Bronze,Lazada,Bangkok,699,Shopee,Credit_Card,17,1,5,1,>50,23.3,0.0,0.0,0.0,-1,-1,0.0,0.0,0.0,0.0,0.0,0.0,0,0,0.0,0.0,0,0,0.0,0.0,0,0,0.0,0.0,0,0,0.0,1
LGS2ORD0000468,C010915,2025-01-04 17:00:00,Male,47,Bronze,Lazada,Bangkok,1073,Web,COD,17,1,5,1,40-50,35.766666666666666,0.0,0.0,0.0,-1,-1,0.0,0.0,0.0,0.0,0.0,0.0,0,0,0.0,0.0,0,0,0.0,0.0,0,0,0.0,0.0,0,0,0.0,0
LGS2ORD0000469,C011976,2025-01-04 17:00:00,Male,64,Bronze,Shopee,Remote_Area,563,TV_Show,COD,17,1,5,1,>50,18.766666666666666,0.0,0.0,0.0,-1,-1,0.0,0.0,0.0,0.0,0.0,0.0,0,0,0.0,0.0,0,0,0.0,0.0,0,0,0.0,0.0,0,0,0.0,0
LGS2ORD0000470,C017572,2025-01-04 17:00:00,Female,41,Silver,Lazada,Chiang Mai,105,TV_Show,COD,17,1,5,1,40-50,3.5,1.0,0.0,0.0,-1,3,500.55,0.2,0.0,0.0,0.0,500.55,1,0,0.0,500.55,1,0,0.0,500.55,1,0,0.0,500.55,1,0,0.0,0
LGS2ORD0000471,C015361,2025-01-04 17:00:00,Female,46,Bronze,TV,Chonburi,783,TV_Show,COD,17,1,5,1,40-50,26.1,0.0,0.0,0.0,-1,-1,0.0,0.0,0.0,0.0,0.0,0.0,0,0,0.0,0.0,0,0,0.0,0.0,0,0,0.0,0.0,0,0,0.0,0
LGS2ORD0000472,C017138,2025-01-04 18:00:00,Female,44,Gold,Shopee,Phuket,1236,Shopee,Credit_Card,18,1,5,1,40-50,41.2,1.0,0.0,0.0,-1,3,7101.35,0.13,1.0,0.0,0.0,7101.35,1,0,0.0,7101.35,1,0,0.0,7101.35,1,0,0.0,7101.35,1,0,0.0,0
LGS2ORD0000473,C014307,2025-01-04 18:00:00,Female,51,Bronze,Lazada,Songkhla,244,Shopee,Credit_Card,18,1,5,1,>50,8.133333333333333,0.0,0.0,0.0,-1,-1,0.0,0.0,0.0,0.0,0.0,0.0,0,0,0.0,0.0,0,0,0.0,0.0,0,0,0.0,0.0,0,0,0.0,0
LGS2ORD0000474,C016003,2025-01-04 18:00:00,Female,33,Bronze,TV,Bangkok,779,Web,PromptPay,18,1,5,1,30-40,25.966666666666665,0.0,0.0,0.0,-1,-1,0.0,0.0,0.0,0.0,0.0,0.0,0,0,0.0,0.0,0,0,0.0,0.0,0,0,0.0,0.0,0,0,0.0,0
LGS2ORD0000475,C016759,2025-01-04 18:00:00,Female,38,Silver,Shopee,Chonburi,1112,Lazada,PromptPay,18,1,5,1,30-40,37.06666666666667,1.0,0.0,0.0,-1,1,1021.67,0.15,0.0,0.0,0.0,1021.67,1,0,0.0,1021.67,1,0,0.0,1021.67,1,0,0.0,1021.67,1,0,0.0,1
LGS2ORD0000476,C014733,2025-01-04 18:00:00,Other,59,Bronze,CallCenter,Songkhla,93,Shopee,Credit_Card,18,1,5,1,>50,3.1,0.0,0.0,0.0,-1,-1,0.0,0.0,0.0,0.0,0.0,0.0,0,0,0.0,0.0,0,0,0.0,0.0,0,0,0.0,0.0,0,0,0.0,0
LGS2ORD0000477,C016000,2025-01-04 18:00:00,Female,37,Bronze,Lazada,Phuket,309,Web,Credit_Card,18,1,5,1,30-40,10.3,0.0,0.0,0.0,-1,-1,0.0,0.0,0.0,0.0,0.0,0.0,0,0,0.0,0.0,0,0,0.0,0.0,0,0,0.0,0.0,0,0,0.0,0
LGS2ORD0000478,C014284,2025-01-04 19:00:00,Female,51,Silver,TV,Chiang Mai,293,Lazada,Credit_Card,19,1,5,1,>50,9.766666666666667,0.0,0.0,0.0,-1,-1,0.0,0.0,0.0,0.0,0.0,0.0,0,0,0.0,0.0,0,0,0.0,0.0,0,0,0.0,0.0,0,0,0.0,0
LGS2ORD0000479,C015911,2025-01-04 19:00:00,Male,23,Platinum,Web,Bangkok,312,Lazada,COD,19,1,5,1,20-30,10.4,0.0,0.0,0.0,-1,-1,0.0,0.0,0.0,0.0,0.0,0.0,0,0,0.0,0.0,0,0,0.0,0.0,0,0,0.0,0.0,0,0,0.0,0
LGS2ORD0000480,C014989,2025-01-04 19:00:00,Male,52,Gold,TV,Nakhon Ratchasima,799,TV_Show,COD,19,1,5,1,>50,26.633333333333333,0.0,0.0,0.0,-1,-1,0.0,0.0,0.0,0.0,0.0,0.0,0,0,0.0,0.0,0,0,0.0,0.0,0,0,0.0,0.0,0,0,0.0,0
LGS2ORD0000481,C016648,2025-01-04 19:00:00,Female,48,Bronze,Lazada,Chiang Mai,739,CallCenter,Bank_Transfer,19,1,5,1,40-50,24.633333333333333,0.0,0.0,0.0,-1,-1,0.0,0.0,0.0,0.0,0.0,0.0,0,0,0.0,0.0,0,0,0.0,0.0,0,0,0.0,0.0,0,0,0.0,0
LGS2ORD0000482,C015008,2025-01-04 19:00:00,Male,51,Bronze,Lazada,Songkhla,804,Shopee,COD,19,1,5,1,>50,26.8,1.0,0.0,0.0,-1,1,2064.96,0.18,0.0,0.0,0.0,2064.96,1,0,0.0,2064.96,1,0,0.0,2064.96,1,0,0.0,2064.96,1,0,0.0,1
LGS2ORD0000483,C014351,2025-01-04 20:00:00,Male,30,Gold,Shopee,Phuket,723,Shopee,PromptPay,20,1,5,1,20-30,24.1,0.0,0.0,0.0,-1,-1,0.0,0.0,0.0,0.0,0.0,0.0,0,0,0.0,0.0,0,0,0.0,0.0,0,0,0.0,0.0,0,0,0.0,0
LGS2ORD0000484,C014677,2025-01-04 20:00:00,Female,34,Gold,TV,Phuket,979,TV_Show,COD,20,1,5,1,30-40,32.63333333333333,1.0,1.0,1.0,0,3,2026.12,0.2299999999999999,1.0,1.0,0.0,2026.12,1,1,1.0,2026.12,1,1,1.0,2026.12,1,1,1.0,2026.12,1,1,1.0,1
LGS2ORD0000485,C016168,2025-01-04 20:00:00,Female,58,Silver,TV,Songkhla,1170,Lazada,COD,20,1,5,1,>50,39.0,0.0,0.0,0.0,-1,-1,0.0,0.0,0.0,0.0,0.0,0.0,0,0,0.0,0.0,0,0,0.0,0.0,0,0,0.0,0.0,0,0,0.0,1
LGS2ORD0000486,C010175,2025-01-04 20:00:00,Male,47,Bronze,CallCenter,Bangkok,88,TV_Show,Credit_Card,20,1,5,1,40-50,2.933333333333333,0.0,0.0,0.0,-1,-1,0.0,0.0,0.0,0.0,0.0,0.0,0,0,0.0,0.0,0,0,0.0,0.0,0,0,0.0,0.0,0,0,0.0,0
LGS2ORD0000487,C012958,2025-01-04 20:00:00,Male,40,Silver,Lazada,Bangkok,1347,Lazada,COD,20,1,5,1,30-40,44.9,0.0,0.0,0.0,-1,-1,0.0,0.0,0.0,0.0,0.0,0.0,0,0,0.0,0.0,0,0,0.0,0.0,0,0,0.0,0.0,0,0,0.0,0
LGS2ORD0000488,C015379,2025-01-04 21:00:00,Female,38,Bronze,Web,Chonburi,431,Shopee,COD,21,1,5,1,30-40,14.366666666666667,0.0,0.0,0.0,-1,-1,0.0,0.0,0.0,0.0,0.0,0.0,0,0,0.0,0.0,0,0,0.0,0.0,0,0,0.0,0.0,0,0,0.0,1
LGS2ORD0000489,C012569,2025-01-04 21:00:00,Male,64,Bronze,TV,Khon Kaen,258,Shopee,Credit_Card,21,1,5,1,>50,8.6,0.0,0.0,0.0,-1,-1,0.0,0.0,0.0,0.0,0.0,0.0,0,0,0.0,0.0,0,0,0.0,0.0,0,0,0.0,0.0,0,0,0.0,0
LGS2ORD0000490,C012092,2025-01-04 21:00:00,Female,33,Silver,Lazada,Bangkok,126,Shopee,Credit_Card,21,1,5,1,30-40,4.2,0.0,0.0,0.0,-1,-1,0.0,0.0,0.0,0.0,0.0,0.0,0,0,0.0,0.0,0,0,0.0,0.0,0,0,0.0,0.0,0,0,0.0,0
LGS2ORD0000491,C015187,2025-01-04 21:00:00,Male,41,Silver,Web,Nakhon Ratchasima,946,TV_Show,PromptPay,21,1,5,1,40-50,31.533333333333335,0.0,0.0,0.0,-1,-1,0.0,0.0,0.0,0.0,0.0,0.0,0,0,0.0,0.0,0,0,0.0,0.0,0,0,0.0,0.0,0,0,0.0,0
LGS2ORD0000492,C017759,2025-01-04 21:00:00,Male,45,Bronze,CallCenter,Chonburi,584,TV_Show,COD,21,1,5,1,40-50,19.466666666666665,0.0,0.0,0.0,-1,-1,0.0,0.0,0.0,0.0,0.0,0.0,0,0,0.0,0.0,0,0,0.0,0.0,0,0,0.0,0.0,0,0,0.0,0
LGS2ORD0000493,C016168,2025-01-04 22:00:00,Female,58,Silver,TV,Songkhla,1170,Shopee,COD,22,1,5,1,>50,39.0,1.0,1.0,1.0,-11,0,1949.88,0.2,1.0,0.0,0.0,1949.88,1,1,1.0,1949.88,1,1,1.0,1949.88,1,1,1.0,1949.88,1,1,1.0,0
LGS2ORD0000494,C011509,2025-01-04 22:00:00,Male,47,Bronze,TV,Phuket,340,Lazada,Credit_Card,22,1,5,1,40-50,11.333333333333334,0.0,0.0,0.0,-1,-1,0.0,0.0,0.0,0.0,0.0,0.0,0,0,0.0,0.0,0,0,0.0,0.0,0,0,0.0,0.0,0,0,0.0,0
LGS2ORD0000495,C012035,2025-01-04 22:00:00,Male,37,Bronze,TV,Chonburi,29,Web,COD,22,1,5,1,30-40,0.9666666666666667,0.0,0.0,0.0,-1,-1,0.0,0.0,0.0,0.0,0.0,0.0,0,0,0.0,0.0,0,0,0.0,0.0,0,0,0.0,0.0,0,0,0.0,0
LGS2ORD0000496,C010640,2025-01-04 22:00:00,Male,44,Gold,Web,Khon Kaen,1023,CallCenter,PromptPay,22,1,5,1,40-50,34.1,0.0,0.0,0.0,-1,-1,0.0,0.0,0.0,0.0,0.0,0.0,0,0,0.0,0.0,0,0,0.0,0.0,0,0,0.0,0.0,0,0,0.0,0
LGS2ORD0000497,C012681,2025-01-04 22:00:00,Female,42,Platinum,Web,Bangkok,991,Shopee,COD,22,1,5,1,40-50,33.03333333333333,0.0,0.0,0.0,-1,-1,0.0,0.0,0.0,0.0,0.0,0.0,0,0,0.0,0.0,0,0,0.0,0.0,0,0,0.0,0.0,0,0,0.0,0
LGS2ORD0000498,C012858,2025-01-04 22:00:00,Male,45,Gold,Web,Chiang Mai,1456,Lazada,COD,22,1,5,1,40-50,48.53333333333333,0.0,0.0,0.0,-1,-1,0.0,0.0,0.0,0.0,0.0,0.0,0,0,0.0,0.0,0,0,0.0,0.0,0,0,0.0,0.0,0,0,0.0,0
LGS2ORD0000499,C013055,2025-01-04 23:00:00,Female,27,Gold,Shopee,Chiang Mai,833,TV_Show,Credit_Card,23,1,5,1,20-30,27.766666666666666,0.0,0.0,0.0,-1,-1,0.0,0.0,0.0,0.0,0.0,0.0,0,0,0.0,0.0,0,0,0.0,0.0,0,0,0.0,0.0,0,0,0.0,0
LGS2ORD0000500,C016772,2025-01-04 23:00:00,Male,70,Silver,Lazada,Phuket,427,Lazada,PromptPay,23,1,5,1,>50,14.233333333333333,1.0,0.0,0.0,-1,0,595.48,0.2,0.0,0.0,0.0,595.48,1,0,0.0,595.48,1,0,0.0,595.48,1,0,0.0,595.48,1,0,0.0,1
LGS2ORD0000501,C011079,2025-01-04 23:00:00,Female,20,Silver,Shopee,Khon Kaen,656,Web,COD,23,1,5,1,<20,21.866666666666667,0.0,0.0,0.0,-1,-1,0.0,0.0,0.0,0.0,0.0,0.0,0,0,0.0,0.0,0,0,0.0,0.0,0,0,0.0,0.0,0,0,0.0,0
LGS2ORD0000502,C011225,2025-01-04 23:00:00,Female,34,Silver,Web,Chonburi,139,Shopee,COD,23,1,5,1,30-40,4.633333333333334,0.0,0.0,0.0,-1,-1,0.0,0.0,0.0,0.0,0.0,0.0,0,0,0.0,0.0,0,0,0.0,0.0,0,0,0.0,0.0,0,0,0.0,0
LGS2ORD0000503,C015169,2025-01-04 23:00:00,Female,44,Bronze,TV,Bangkok,1099,TV_Show,COD,23,1,5,1,40-50,36.63333333333333,0.0,0.0,0.0,-1,-1,0.0,0.0,0.0,0.0,0.0,0.0,0,0,0.0,0.0,0,0,0.0,0.0,0,0,0.0,0.0,0,0,0.0,0
LGS2ORD0000504,C010935,2025-01-05 00:00:00,Male,31,Gold,CallCenter,Bangkok,892,TV_Show,COD,0,1,6,1,30-40,29.733333333333334,0.0,0.0,0.0,-1,-1,0.0,0.0,0.0,0.0,0.0,0.0,0,0,0.0,0.0,0,0,0.0,0.0,0,0,0.0,0.0,0,0,0.0,0
LGS2ORD0000505,C012532,2025-01-05 00:00:00,Female,35,Bronze,CallCenter,Phuket,1046,Web,COD,0,1,6,1,30-40,34.86666666666667,0.0,0.0,0.0,-1,-1,0.0,0.0,0.0,0.0,0.0,0.0,0,0,0.0,0.0,0,0,0.0,0.0,0,0,0.0,0.0,0,0,0.0,1
LGS2ORD0000506,C010806,2025-01-05 00:00:00,Female,45,Platinum,Shopee,Phuket,556,Lazada,COD,0,1,6,1,40-50,18.533333333333335,0.0,0.0,0.0,-1,-1,0.0,0.0,0.0,0.0,0.0,0.0,0,0,0.0,0.0,0,0,0.0,0.0,0,0,0.0,0.0,0,0,0.0,1
LGS2ORD0000507,C017072,2025-01-05 00:00:00,Female,52,Silver,Shopee,Songkhla,1313,TV_Show,PromptPay,0,1,6,1,>50,43.766666666666666,0.0,0.0,0.0,-1,-1,0.0,0.0,0.0,0.0,0.0,0.0,0,0,0.0,0.0,0,0,0.0,0.0,0,0,0.0,0.0,0,0,0.0,0
LGS2ORD0000508,C017203,2025-01-05 00:00:00,Female,46,Bronze,Web,Bangkok,94,Web,COD,0,1,6,1,40-50,3.1333333333333333,0.0,0.0,0.0,-1,-1,0.0,0.0,0.0,0.0,0.0,0.0,0,0,0.0,0.0,0,0,0.0,0.0,0,0,0.0,0.0,0,0,0.0,0
LGS2ORD0000509,C013749,2025-01-05 01:00:00,Male,39,Platinum,Web,Bangkok,511,Shopee,COD,1,1,6,1,30-40,17.033333333333335,0.0,0.0,0.0,-1,-1,0.0,0.0,0.0,0.0,0.0,0.0,0,0,0.0,0.0,0,0,0.0,0.0,0,0,0.0,0.0,0,0,0.0,0
LGS2ORD0000510,C011365,2025-01-05 01:00:00,Female,35,Silver,TV,Chiang Mai,633,Lazada,PromptPay,1,1,6,1,30-40,21.1,0.0,0.0,0.0,-1,-1,0.0,0.0,0.0,0.0,0.0,0.0,0,0,0.0,0.0,0,0,0.0,0.0,0,0,0.0,0.0,0,0,0.0,0
LGS2ORD0000511,C013557,2025-01-05 01:00:00,Male,31,Gold,TV,Chiang Mai,1215,TV_Show,PromptPay,1,1,6,1,30-40,40.5,0.0,0.0,0.0,-1,-1,0.0,0.0,0.0,0.0,0.0,0.0,0,0,0.0,0.0,0,0,0.0,0.0,0,0,0.0,0.0,0,0,0.0,0
LGS2ORD0000512,C012894,2025-01-05 01:00:00,Female,53,Bronze,Web,Khon Kaen,354,TV_Show,Credit_Card,1,1,6,1,>50,11.8,0.0,0.0,0.0,-1,-1,0.0,0.0,0.0,0.0,0.0,0.0,0,0,0.0,0.0,0,0,0.0,0.0,0,0,0.0,0.0,0,0,0.0,1
LGS2ORD0000513,C013919,2025-01-05 01:00:00,Female,33,Silver,Shopee,Khon Kaen,1127,Web,Bank_Transfer,1,1,6,1,30-40,37.56666666666667,0.0,0.0,0.0,-1,-1,0.0,0.0,0.0,0.0,0.0,0.0,0,0,0.0,0.0,0,0,0.0,0.0,0,0,0.0,0.0,0,0,0.0,0
LGS2ORD0000514,C017477,2025-01-05 02:00:00,Male,33,Silver,Lazada,Nakhon Ratchasima,97,Web,COD,2,1,6,1,30-40,3.2333333333333334,0.0,0.0,0.0,-1,-1,0.0,0.0,0.0,0.0,0.0,0.0,0,0,0.0,0.0,0,0,0.0,0.0,0,0,0.0,0.0,0,0,0.0,0
LGS2ORD0000515,C016690,2025-01-05 02:00:00,Male,52,Gold,Web,Khon Kaen,245,CallCenter,PromptPay,2,1,6,1,>50,8.166666666666666,0.0,0.0,0.0,-1,-1,0.0,0.0,0.0,0.0,0.0,0.0,0,0,0.0,0.0,0,0,0.0,0.0,0,0,0.0,0.0,0,0,0.0,0
LGS2ORD0000516,C016348,2025-01-05 02:00:00,Female,60,Gold,TV,Phuket,1005,TV_Show,Credit_Card,2,1,6,1,>50,33.5,0.0,0.0,0.0,-1,-1,0.0,0.0,0.0,0.0,0.0,0.0,0,0,0.0,0.0,0,0,0.0,0.0,0,0,0.0,0.0,0,0,0.0,0
LGS2ORD0000517,C017625,2025-01-05 02:00:00,Female,47,Bronze,Web,Chiang Mai,865,CallCenter,Credit_Card,2,1,6,1,40-50,28.833333333333332,0.0,0.0,0.0,-1,-1,0.0,0.0,0.0,0.0,0.0,0.0,0,0,0.0,0.0,0,0,0.0,0.0,0,0,0.0,0.0,0,0,0.0,0
LGS2ORD0000518,C015991,2025-01-05 02:00:00,Female,41,Silver,Shopee,Nakhon Ratchasima,363,Shopee,COD,2,1,6,1,40-50,12.1,0.0,0.0,0.0,-1,-1,0.0,0.0,0.0,0.0,0.0,0.0,0,0,0.0,0.0,0,0,0.0,0.0,0,0,0.0,0.0,0,0,0.0,0
LGS2ORD0000519,C011696,2025-01-05 02:00:00,Female,51,Silver,CallCenter,Bangkok,392,Web,COD,2,1,6,1,>50,13.066666666666666,0.0,0.0,0.0,-1,-1,0.0,0.0,0.0,0.0,0.0,0.0,0,0,0.0,0.0,0,0,0.0,0.0,0,0,0.0,0.0,0,0,0.0,1
LGS2ORD0000520,C012708,2025-01-05 03:00:00,Female,34,Silver,TV,Chonburi,918,TV_Show,COD,3,1,6,1,30-40,30.6,0.0,0.0,0.0,-1,-1,0.0,0.0,0.0,0.0,0.0,0.0,0,0,0.0,0.0,0,0,0.0,0.0,0,0,0.0,0.0,0,0,0.0,0
LGS2ORD0000521,C010095,2025-01-05 03:00:00,Male,29,Gold,TV,Khon Kaen,961,Lazada,COD,3,1,6,1,20-30,32.03333333333333,0.0,0.0,0.0,-1,-1,0.0,0.0,0.0,0.0,0.0,0.0,0,0,0.0,0.0,0,0,0.0,0.0,0,0,0.0,0.0,0,0,0.0,0
LGS2ORD0000522,C010396,2025-01-05 03:00:00,Female,40,Bronze,Shopee,Phuket,570,CallCenter,COD,3,1,6,1,30-40,19.0,1.0,0.0,0.0,-1,0,1516.75,0.23,0.0,1.0,0.0,1516.75,1,0,0.0,1516.75,1,0,0.0,1516.75,1,0,0.0,1516.75,1,0,0.0,0
LGS2ORD0000523,C011845,2025-01-05 03:00:00,Female,27,Bronze,TV,Remote_Area,695,TV_Show,Credit_Card,3,1,6,1,20-30,23.166666666666668,1.0,1.0,1.0,-2,1,2210.65,0.08,1.0,0.0,0.0,2210.65,1,1,1.0,2210.65,1,1,1.0,2210.65,1,1,1.0,2210.65,1,1,1.0,0
LGS2ORD0000524,C010431,2025-01-05 03:00:00,Male,62,Silver,TV,Bangkok,831,TV_Show,COD,3,1,6,1,>50,27.7,0.0,0.0,0.0,-1,-1,0.0,0.0,0.0,0.0,0.0,0.0,0,0,0.0,0.0,0,0,0.0,0.0,0,0,0.0,0.0,0,0,0.0,0
LGS2ORD0000525,C012712,2025-01-05 04:00:00,Female,47,Bronze,TV,Songkhla,589,CallCenter,COD,4,1,6,1,40-50,19.633333333333333,0.0,0.0,0.0,-1,-1,0.0,0.0,0.0,0.0,0.0,0.0,0,0,0.0,0.0,0,0,0.0,0.0,0,0,0.0,0.0,0,0,0.0,0
LGS2ORD0000526,C014812,2025-01-05 04:00:00,Female,37,Silver,Shopee,Chiang Mai,790,CallCenter,COD,4,1,6,1,30-40,26.333333333333332,1.0,0.0,0.0,-1,0,1540.24,0.15,0.0,0.0,0.0,1540.24,1,0,0.0,1540.24,1,0,0.0,1540.24,1,0,0.0,1540.24,1,0,0.0,0
LGS2ORD0000527,C014108,2025-01-05 04:00:00,Male,66,Silver,TV,Khon Kaen,409,Web,PromptPay,4,1,6,1,>50,13.633333333333333,0.0,0.0,0.0,-1,-1,0.0,0.0,0.0,0.0,0.0,0.0,0,0,0.0,0.0,0,0,0.0,0.0,0,0,0.0,0.0,0,0,0.0,0
LGS2ORD0000528,C011201,2025-01-05 04:00:00,Female,41,Silver,Web,Chonburi,480,Web,COD,4,1,6,1,40-50,16.0,0.0,0.0,0.0,-1,-1,0.0,0.0,0.0,0.0,0.0,0.0,0,0,0.0,0.0,0,0,0.0,0.0,0,0,0.0,0.0,0,0,0.0,0
LGS2ORD0000529,C011470,2025-01-05 04:00:00,Female,51,Gold,CallCenter,Phuket,1192,Shopee,COD,4,1,6,1,>50,39.733333333333334,0.0,0.0,0.0,-1,-1,0.0,0.0,0.0,0.0,0.0,0.0,0,0,0.0,0.0,0,0,0.0,0.0,0,0,0.0,0.0,0,0,0.0,0
LGS2ORD0000530,C015815,2025-01-05 05:00:00,Female,47,Bronze,Web,Bangkok,1188,Shopee,COD,5,1,6,1,40-50,39.6,0.0,0.0,0.0,-1,-1,0.0,0.0,0.0,0.0,0.0,0.0,0,0,0.0,0.0,0,0,0.0,0.0,0,0,0.0,0.0,0,0,0.0,0
LGS2ORD0000531,C012011,2025-01-05 05:00:00,Male,49,Silver,Web,Bangkok,123,TV_Show,Bank_Transfer,5,1,6,1,40-50,4.1,0.0,0.0,0.0,-1,-1,0.0,0.0,0.0,0.0,0.0,0.0,0,0,0.0,0.0,0,0,0.0,0.0,0,0,0.0,0.0,0,0,0.0,0
LGS2ORD0000532,C012225,2025-01-05 05:00:00,Male,40,Platinum,Lazada,Chiang Mai,1440,Shopee,Credit_Card,5,1,6,1,30-40,48.0,0.0,0.0,0.0,-1,-1,0.0,0.0,0.0,0.0,0.0,0.0,0,0,0.0,0.0,0,0,0.0,0.0,0,0,0.0,0.0,0,0,0.0,0
LGS2ORD0000533,C017175,2025-01-05 05:00:00,Male,57,Bronze,Web,Chiang Mai,78,TV_Show,COD,5,1,6,1,>50,2.6,0.0,0.0,0.0,-1,-1,0.0,0.0,0.0,0.0,0.0,0.0,0,0,0.0,0.0,0,0,0.0,0.0,0,0,0.0,0.0,0,0,0.0,1
LGS2ORD0000534,C016688,2025-01-05 05:00:00,Female,47,Bronze,CallCenter,Remote_Area,412,TV_Show,Bank_Transfer,5,1,6,1,40-50,13.733333333333333,0.0,0.0,0.0,-1,-1,0.0,0.0,0.0,0.0,0.0,0.0,0,0,0.0,0.0,0,0,0.0,0.0,0,0,0.0,0.0,0,0,0.0,0
LGS2ORD0000535,C010050,2025-01-05 05:00:00,Female,26,Bronze,Shopee,Bangkok,980,Lazada,COD,5,1,6,1,20-30,32.666666666666664,0.0,0.0,0.0,-1,-1,0.0,0.0,0.0,0.0,0.0,0.0,0,0,0.0,0.0,0,0,0.0,0.0,0,0,0.0,0.0,0,0,0.0,0
LGS2ORD0000536,C013050,2025-01-05 06:00:00,Female,31,Bronze,TV,Chiang Mai,510,Shopee,Bank_Transfer,6,1,6,1,30-40,17.0,0.0,0.0,0.0,-1,-1,0.0,0.0,0.0,0.0,0.0,0.0,0,0,0.0,0.0,0,0,0.0,0.0,0,0,0.0,0.0,0,0,0.0,0
LGS2ORD0000537,C017669,2025-01-05 06:00:00,Female,33,Bronze,TV,Remote_Area,482,TV_Show,Credit_Card,6,1,6,1,30-40,16.066666666666666,0.0,0.0,0.0,-1,-1,0.0,0.0,0.0,0.0,0.0,0.0,0,0,0.0,0.0,0,0,0.0,0.0,0,0,0.0,0.0,0,0,0.0,1
LGS2ORD0000538,C013461,2025-01-05 06:00:00,Female,47,Bronze,CallCenter,Bangkok,54,Web,COD,6,1,6,1,40-50,1.8,0.0,0.0,0.0,-1,-1,0.0,0.0,0.0,0.0,0.0,0.0,0,0,0.0,0.0,0,0,0.0,0.0,0,0,0.0,0.0,0,0,0.0,0
LGS2ORD0000539,C014674,2025-01-05 06:00:00,Male,49,Gold,Web,Bangkok,367,TV_Show,PromptPay,6,1,6,1,40-50,12.233333333333333,0.0,0.0,0.0,-1,-1,0.0,0.0,0.0,0.0,0.0,0.0,0,0,0.0,0.0,0,0,0.0,0.0,0,0,0.0,0.0,0,0,0.0,0
LGS2ORD0000540,C014990,2025-01-05 06:00:00,Other,30,Silver,Shopee,Khon Kaen,1031,TV_Show,COD,6,1,6,1,20-30,34.36666666666667,0.0,0.0,0.0,-1,-1,0.0,0.0,0.0,0.0,0.0,0.0,0,0,0.0,0.0,0,0,0.0,0.0,0,0,0.0,0.0,0,0,0.0,1
LGS2ORD0000541,C014092,2025-01-05 07:00:00,Other,54,Bronze,Lazada,Bangkok,368,Lazada,COD,7,1,6,1,>50,12.266666666666667,0.0,0.0,0.0,-1,-1,0.0,0.0,0.0,0.0,0.0,0.0,0,0,0.0,0.0,0,0,0.0,0.0,0,0,0.0,0.0,0,0,0.0,0
LGS2ORD0000542,C015914,2025-01-05 07:00:00,Male,18,Bronze,Shopee,Songkhla,138,Shopee,COD,7,1,6,1,<20,4.6,0.0,0.0,0.0,-1,-1,0.0,0.0,0.0,0.0,0.0,0.0,0,0,0.0,0.0,0,0,0.0,0.0,0,0,0.0,0.0,0,0,0.0,0
LGS2ORD0000543,C010286,2025-01-05 07:00:00,Male,57,Silver,Lazada,Nakhon Ratchasima,339,Web,Credit_Card,7,1,6,1,>50,11.3,0.0,0.0,0.0,-1,-1,0.0,0.0,0.0,0.0,0.0,0.0,0,0,0.0,0.0,0,0,0.0,0.0,0,0,0.0,0.0,0,0,0.0,0
LGS2ORD0000544,C017622,2025-01-05 07:00:00,Female,49,Silver,TV,Chiang Mai,899,TV_Show,COD,7,1,6,1,40-50,29.966666666666665,0.0,0.0,0.0,-1,-1,0.0,0.0,0.0,0.0,0.0,0.0,0,0,0.0,0.0,0,0,0.0,0.0,0,0,0.0,0.0,0,0,0.0,0
LGS2ORD0000545,C010223,2025-01-05 07:00:00,Male,43,Bronze,TV,Remote_Area,913,Shopee,COD,7,1,6,1,40-50,30.433333333333334,0.0,0.0,0.0,-1,-1,0.0,0.0,0.0,0.0,0.0,0.0,0,0,0.0,0.0,0,0,0.0,0.0,0,0,0.0,0.0,0,0,0.0,0
LGS2ORD0000546,C012035,2025-01-05 08:00:00,Male,37,Bronze,TV,Chonburi,30,Shopee,PromptPay,8,1,6,1,30-40,1.0,1.0,0.0,0.0,-1,0,19223.24,0.08,1.0,0.0,0.0,19223.24,1,0,0.0,19223.24,1,0,0.0,19223.24,1,0,0.0,19223.24,1,0,0.0,0
LGS2ORD0000547,C014531,2025-01-05 08:00:00,Male,47,Silver,TV,Nakhon Ratchasima,607,Web,Credit_Card,8,1,6,1,40-50,20.233333333333334,0.0,0.0,0.0,-1,-1,0.0,0.0,0.0,0.0,0.0,0.0,0,0,0.0,0.0,0,0,0.0,0.0,0,0,0.0,0.0,0,0,0.0,0
LGS2ORD0000548,C010601,2025-01-05 08:00:00,Female,52,Gold,TV,Bangkok,136,Shopee,Credit_Card,8,1,6,1,>50,4.533333333333333,0.0,0.0,0.0,-1,-1,0.0,0.0,0.0,0.0,0.0,0.0,0,0,0.0,0.0,0,0,0.0,0.0,0,0,0.0,0.0,0,0,0.0,0
LGS2ORD0000549,C017204,2025-01-05 08:00:00,Female,45,Bronze,Lazada,Chonburi,299,Shopee,PromptPay,8,1,6,1,40-50,9.966666666666667,0.0,0.0,0.0,-1,-1,0.0,0.0,0.0,0.0,0.0,0.0,0,0,0.0,0.0,0,0,0.0,0.0,0,0,0.0,0.0,0,0,0.0,0
LGS2ORD0000550,C014598,2025-01-05 08:00:00,Male,54,Bronze,TV,Bangkok,1381,CallCenter,COD,8,1,6,1,>50,46.03333333333333,0.0,0.0,0.0,-1,-1,0.0,0.0,0.0,0.0,0.0,0.0,0,0,0.0,0.0,0,0,0.0,0.0,0,0,0.0,0.0,0,0,0.0,1
LGS2ORD0000551,C010644,2025-01-05 09:00:00,Male,55,Bronze,Lazada,Bangkok,636,Lazada,PromptPay,9,1,6,1,>50,21.2,0.0,0.0,0.0,-1,-1,0.0,0.0,0.0,0.0,0.0,0.0,0,0,0.0,0.0,0,0,0.0,0.0,0,0,0.0,0.0,0,0,0.0,0
LGS2ORD0000552,C010456,2025-01-05 09:00:00,Female,33,Bronze,Lazada,Bangkok,1260,Lazada,Credit_Card,9,1,6,1,30-40,42.0,0.0,0.0,0.0,-1,-1,0.0,0.0,0.0,0.0,0.0,0.0,0,0,0.0,0.0,0,0,0.0,0.0,0,0,0.0,0.0,0,0,0.0,0
LGS2ORD0000553,C017360,2025-01-05 09:00:00,Female,38,Bronze,Shopee,Khon Kaen,241,Lazada,Credit_Card,9,1,6,1,30-40,8.033333333333333,0.0,0.0,0.0,-1,-1,0.0,0.0,0.0,0.0,0.0,0.0,0,0,0.0,0.0,0,0,0.0,0.0,0,0,0.0,0.0,0,0,0.0,0
LGS2ORD0000554,C010247,2025-01-05 09:00:00,Male,67,Bronze,TV,Remote_Area,1037,TV_Show,Bank_Transfer,9,1,6,1,>50,34.56666666666667,0.0,0.0,0.0,-1,-1,0.0,0.0,0.0,0.0,0.0,0.0,0,0,0.0,0.0,0,0,0.0,0.0,0,0,0.0,0.0,0,0,0.0,0
LGS2ORD0000555,C017633,2025-01-05 09:00:00,Female,53,Platinum,Shopee,Bangkok,975,CallCenter,COD,9,1,6,1,>50,32.5,1.0,1.0,1.0,-6,4,3491.36,0.1,0.0,0.0,0.0,3491.36,1,1,1.0,3491.36,1,1,1.0,3491.36,1,1,1.0,3491.36,1,1,1.0,0
LGS2ORD0000556,C015653,2025-01-05 09:00:00,Female,34,Silver,Lazada,Remote_Area,1032,Lazada,COD,9,1,6,1,30-40,34.4,0.0,0.0,0.0,-1,-1,0.0,0.0,0.0,0.0,0.0,0.0,0,0,0.0,0.0,0,0,0.0,0.0,0,0,0.0,0.0,0,0,0.0,0
LGS2ORD0000557,C015996,2025-01-05 10:00:00,Other,55,Silver,Web,Bangkok,201,TV_Show,PromptPay,10,1,6,1,>50,6.7,0.0,0.0,0.0,-1,-1,0.0,0.0,0.0,0.0,0.0,0.0,0,0,0.0,0.0,0,0,0.0,0.0,0,0,0.0,0.0,0,0,0.0,1
LGS2ORD0000558,C014821,2025-01-05 10:00:00,Female,38,Bronze,TV,Bangkok,357,Web,COD,10,1,6,1,30-40,11.9,0.0,0.0,0.0,-1,-1,0.0,0.0,0.0,0.0,0.0,0.0,0,0,0.0,0.0,0,0,0.0,0.0,0,0,0.0,0.0,0,0,0.0,0
LGS2ORD0000559,C016640,2025-01-05 10:00:00,Female,43,Silver,Shopee,Phuket,1420,Lazada,Credit_Card,10,1,6,1,40-50,47.333333333333336,0.0,0.0,0.0,-1,-1,0.0,0.0,0.0,0.0,0.0,0.0,0,0,0.0,0.0,0,0,0.0,0.0,0,0,0.0,0.0,0,0,0.0,0
LGS2ORD0000560,C013009,2025-01-05 10:00:00,Female,31,Bronze,Web,Bangkok,618,Web,COD,10,1,6,1,30-40,20.6,0.0,0.0,0.0,-1,-1,0.0,0.0,0.0,0.0,0.0,0.0,0,0,0.0,0.0,0,0,0.0,0.0,0,0,0.0,0.0,0,0,0.0,0
LGS2ORD0000561,C014265,2025-01-05 10:00:00,Female,32,Silver,Web,Bangkok,816,Lazada,COD,10,1,6,1,30-40,27.2,0.0,0.0,0.0,-1,-1,0.0,0.0,0.0,0.0,0.0,0.0,0,0,0.0,0.0,0,0,0.0,0.0,0,0,0.0,0.0,0,0,0.0,1
LGS2ORD0000562,C014229,2025-01-05 11:00:00,Male,46,Bronze,CallCenter,Nakhon Ratchasima,1438,CallCenter,Bank_Transfer,11,1,6,1,40-50,47.93333333333333,0.0,0.0,0.0,-1,-1,0.0,0.0,0.0,0.0,0.0,0.0,0,0,0.0,0.0,0,0,0.0,0.0,0,0,0.0,0.0,0,0,0.0,0
LGS2ORD0000563,C014719,2025-01-05 11:00:00,Female,56,Bronze,Shopee,Chonburi,754,Web,PromptPay,11,1,6,1,>50,25.133333333333333,0.0,0.0,0.0,-1,-1,0.0,0.0,0.0,0.0,0.0,0.0,0,0,0.0,0.0,0,0,0.0,0.0,0,0,0.0,0.0,0,0,0.0,1
LGS2ORD0000564,C011801,2025-01-05 11:00:00,Female,30,Bronze,CallCenter,Nakhon Ratchasima,582,CallCenter,COD,11,1,6,1,20-30,19.4,0.0,0.0,0.0,-1,-1,0.0,0.0,0.0,0.0,0.0,0.0,0,0,0.0,0.0,0,0,0.0,0.0,0,0,0.0,0.0,0,0,0.0,0
LGS2ORD0000565,C014026,2025-01-05 11:00:00,Female,60,Silver,Lazada,Remote_Area,111,Shopee,COD,11,1,6,1,>50,3.7,0.0,0.0,0.0,-1,-1,0.0,0.0,0.0,0.0,0.0,0.0,0,0,0.0,0.0,0,0,0.0,0.0,0,0,0.0,0.0,0,0,0.0,0
LGS2ORD0000566,C011664,2025-01-05 11:00:00,Female,18,Gold,Web,Bangkok,1284,Lazada,COD,11,1,6,1,<20,42.8,0.0,0.0,0.0,-1,-1,0.0,0.0,0.0,0.0,0.0,0.0,0,0,0.0,0.0,0,0,0.0,0.0,0,0,0.0,0.0,0,0,0.0,0
LGS2ORD0000567,C017336,2025-01-05 12:00:00,Male,59,Bronze,TV,Bangkok,679,CallCenter,COD,12,1,6,1,>50,22.633333333333333,0.0,0.0,0.0,-1,-1,0.0,0.0,0.0,0.0,0.0,0.0,0,0,0.0,0.0,0,0,0.0,0.0,0,0,0.0,0.0,0,0,0.0,1
LGS2ORD0000568,C014764,2025-01-05 12:00:00,Male,43,Gold,Lazada,Chiang Mai,264,CallCenter,PromptPay,12,1,6,1,40-50,8.8,0.0,0.0,0.0,-1,-1,0.0,0.0,0.0,0.0,0.0,0.0,0,0,0.0,0.0,0,0,0.0,0.0,0,0,0.0,0.0,0,0,0.0,0
LGS2ORD0000569,C014216,2025-01-05 12:00:00,Male,59,Bronze,TV,Chiang Mai,266,Web,COD,12,1,6,1,>50,8.866666666666667,0.0,0.0,0.0,-1,-1,0.0,0.0,0.0,0.0,0.0,0.0,0,0,0.0,0.0,0,0,0.0,0.0,0,0,0.0,0.0,0,0,0.0,1
LGS2ORD0000570,C010895,2025-01-05 12:00:00,Female,37,Bronze,Lazada,Chonburi,831,Shopee,COD,12,1,6,1,30-40,27.7,1.0,0.0,0.0,-1,1,4763.14,0.08,0.0,0.0,0.0,4763.14,1,0,0.0,4763.14,1,0,0.0,4763.14,1,0,0.0,4763.14,1,0,0.0,0
LGS2ORD0000571,C016860,2025-01-05 12:00:00,Male,33,Gold,Lazada,Chonburi,758,TV_Show,Bank_Transfer,12,1,6,1,30-40,25.266666666666666,0.0,0.0,0.0,-1,-1,0.0,0.0,0.0,0.0,0.0,0.0,0,0,0.0,0.0,0,0,0.0,0.0,0,0,0.0,0.0,0,0,0.0,0
LGS2ORD0000572,C012821,2025-01-05 13:00:00,Female,18,Bronze,CallCenter,Chonburi,583,Shopee,Credit_Card,13,1,6,1,<20,19.433333333333334,0.0,0.0,0.0,-1,-1,0.0,0.0,0.0,0.0,0.0,0.0,0,0,0.0,0.0,0,0,0.0,0.0,0,0,0.0,0.0,0,0,0.0,0
LGS2ORD0000573,C017111,2025-01-05 13:00:00,Male,26,Bronze,CallCenter,Bangkok,1145,Lazada,Credit_Card,13,1,6,1,20-30,38.166666666666664,0.0,0.0,0.0,-1,-1,0.0,0.0,0.0,0.0,0.0,0.0,0,0,0.0,0.0,0,0,0.0,0.0,0,0,0.0,0.0,0,0,0.0,0
LGS2ORD0000574,C015806,2025-01-05 13:00:00,Female,45,Bronze,Shopee,Songkhla,289,Web,Bank_Transfer,13,1,6,1,40-50,9.633333333333333,0.0,0.0,0.0,-1,-1,0.0,0.0,0.0,0.0,0.0,0.0,0,0,0.0,0.0,0,0,0.0,0.0,0,0,0.0,0.0,0,0,0.0,0
LGS2ORD0000575,C013462,2025-01-05 13:00:00,Female,57,Bronze,CallCenter,Chonburi,506,Web,Credit_Card,13,1,6,1,>50,16.866666666666667,0.0,0.0,0.0,-1,-1,0.0,0.0,0.0,0.0,0.0,0.0,0,0,0.0,0.0,0,0,0.0,0.0,0,0,0.0,0.0,0,0,0.0,0
LGS2ORD0000576,C013330,2025-01-05 13:00:00,Male,37,Gold,Shopee,Bangkok,510,Lazada,COD,13,1,6,1,30-40,17.0,0.0,0.0,0.0,-1,-1,0.0,0.0,0.0,0.0,0.0,0.0,0,0,0.0,0.0,0,0,0.0,0.0,0,0,0.0,0.0,0,0,0.0,0
LGS2ORD0000577,C013008,2025-01-05 13:00:00,Female,70,Bronze,TV,Songkhla,1271,TV_Show,Credit_Card,13,1,6,1,>50,42.36666666666667,0.0,0.0,0.0,-1,-1,0.0,0.0,0.0,0.0,0.0,0.0,0,0,0.0,0.0,0,0,0.0,0.0,0,0,0.0,0.0,0,0,0.0,0
LGS2ORD0000578,C017862,2025-01-05 14:00:00,Female,42,Bronze,Shopee,Khon Kaen,511,Web,COD,14,1,6,1,40-50,17.033333333333335,0.0,0.0,0.0,-1,-1,0.0,0.0,0.0,0.0,0.0,0.0,0,0,0.0,0.0,0,0,0.0,0.0,0,0,0.0,0.0,0,0,0.0,1
LGS2ORD0000579,C012388,2025-01-05 14:00:00,Male,43,Bronze,Shopee,Phuket,353,Shopee,Credit_Card,14,1,6,1,40-50,11.766666666666667,0.0,0.0,0.0,-1,-1,0.0,0.0,0.0,0.0,0.0,0.0,0,0,0.0,0.0,0,0,0.0,0.0,0,0,0.0,0.0,0,0,0.0,0
LGS2ORD0000580,C015163,2025-01-05 14:00:00,Male,56,Gold,CallCenter,Chiang Mai,481,Lazada,COD,14,1,6,1,>50,16.033333333333335,0.0,0.0,0.0,-1,-1,0.0,0.0,0.0,0.0,0.0,0.0,0,0,0.0,0.0,0,0,0.0,0.0,0,0,0.0,0.0,0,0,0.0,1
LGS2ORD0000581,C016961,2025-01-05 14:00:00,Male,49,Platinum,CallCenter,Phuket,1348,Web,COD,14,1,6,1,40-50,44.93333333333333,0.0,0.0,0.0,-1,-1,0.0,0.0,0.0,0.0,0.0,0.0,0,0,0.0,0.0,0,0,0.0,0.0,0,0,0.0,0.0,0,0,0.0,1
LGS2ORD0000582,C013746,2025-01-05 14:00:00,Female,49,Gold,Shopee,Bangkok,141,Shopee,Credit_Card,14,1,6,1,40-50,4.7,1.0,0.0,0.0,-1,3,1803.45,0.18,0.0,0.0,0.0,1803.45,1,0,0.0,1803.45,1,0,0.0,1803.45,1,0,0.0,1803.45,1,0,0.0,0
LGS2ORD0000583,C017790,2025-01-05 15:00:00,Male,40,Gold,Web,Songkhla,564,Web,Credit_Card,15,1,6,1,30-40,18.8,0.0,0.0,0.0,-1,-1,0.0,0.0,0.0,0.0,0.0,0.0,0,0,0.0,0.0,0,0,0.0,0.0,0,0,0.0,0.0,0,0,0.0,0
LGS2ORD0000584,C017150,2025-01-05 15:00:00,Female,52,Gold,Web,Chonburi,175,Lazada,Credit_Card,15,1,6,1,>50,5.833333333333333,0.0,0.0,0.0,-1,-1,0.0,0.0,0.0,0.0,0.0,0.0,0,0,0.0,0.0,0,0,0.0,0.0,0,0,0.0,0.0,0,0,0.0,0
LGS2ORD0000585,C017357,2025-01-05 15:00:00,Male,18,Silver,Web,Phuket,85,Lazada,COD,15,1,6,1,<20,2.8333333333333335,0.0,0.0,0.0,-1,-1,0.0,0.0,0.0,0.0,0.0,0.0,0,0,0.0,0.0,0,0,0.0,0.0,0,0,0.0,0.0,0,0,0.0,0
LGS2ORD0000586,C015401,2025-01-05 15:00:00,Male,40,Platinum,Lazada,Phuket,721,Shopee,Bank_Transfer,15,1,6,1,30-40,24.033333333333335,0.0,0.0,0.0,-1,-1,0.0,0.0,0.0,0.0,0.0,0.0,0,0,0.0,0.0,0,0,0.0,0.0,0,0,0.0,0.0,0,0,0.0,0
LGS2ORD0000587,C017048,2025-01-05 15:00:00,Male,46,Bronze,Lazada,Khon Kaen,1026,CallCenter,COD,15,1,6,1,40-50,34.2,0.0,0.0,0.0,-1,-1,0.0,0.0,0.0,0.0,0.0,0.0,0,0,0.0,0.0,0,0,0.0,0.0,0,0,0.0,0.0,0,0,0.0,0
LGS2ORD0000588,C012559,2025-01-05 16:00:00,Male,41,Silver,Web,Phuket,185,TV_Show,COD,16,1,6,1,40-50,6.166666666666667,0.0,0.0,0.0,-1,-1,0.0,0.0,0.0,0.0,0.0,0.0,0,0,0.0,0.0,0,0,0.0,0.0,0,0,0.0,0.0,0,0,0.0,0
LGS2ORD0000589,C014241,2025-01-05 16:00:00,Male,52,Silver,Lazada,Bangkok,464,Web,COD,16,1,6,1,>50,15.466666666666667,0.0,0.0,0.0,-1,-1,0.0,0.0,0.0,0.0,0.0,0.0,0,0,0.0,0.0,0,0,0.0,0.0,0,0,0.0,0.0,0,0,0.0,0
LGS2ORD0000590,C014312,2025-01-05 16:00:00,Female,41,Silver,CallCenter,Bangkok,48,CallCenter,Credit_Card,16,1,6,1,40-50,1.6,0.0,0.0,0.0,-1,-1,0.0,0.0,0.0,0.0,0.0,0.0,0,0,0.0,0.0,0,0,0.0,0.0,0,0,0.0,0.0,0,0,0.0,1
LGS2ORD0000591,C011030,2025-01-05 16:00:00,Female,28,Silver,Web,Bangkok,1465,Shopee,PromptPay,16,1,6,1,20-30,48.833333333333336,0.0,0.0,0.0,-1,-1,0.0,0.0,0.0,0.0,0.0,0.0,0,0,0.0,0.0,0,0,0.0,0.0,0,0,0.0,0.0,0,0,0.0,0
LGS2ORD0000592,C010215,2025-01-05 16:00:00,Female,53,Bronze,TV,Bangkok,505,TV_Show,Bank_Transfer,16,1,6,1,>50,16.833333333333332,0.0,0.0,0.0,-1,-1,0.0,0.0,0.0,0.0,0.0,0.0,0,0,0.0,0.0,0,0,0.0,0.0,0,0,0.0,0.0,0,0,0.0,1
LGS2ORD0000593,C011550,2025-01-05 17:00:00,Female,53,Silver,Shopee,Nakhon Ratchasima,374,CallCenter,COD,17,1,6,1,>50,12.466666666666667,0.0,0.0,0.0,-1,-1,0.0,0.0,0.0,0.0,0.0,0.0,0,0,0.0,0.0,0,0,0.0,0.0,0,0,0.0,0.0,0,0,0.0,0
LGS2ORD0000594,C013833,2025-01-05 17:00:00,Female,55,Bronze,Web,Nakhon Ratchasima,1028,Shopee,COD,17,1,6,1,>50,34.266666666666666,0.0,0.0,0.0,-1,-1,0.0,0.0,0.0,0.0,0.0,0.0,0,0,0.0,0.0,0,0,0.0,0.0,0,0,0.0,0.0,0,0,0.0,1
LGS2ORD0000595,C010330,2025-01-05 17:00:00,Female,43,Bronze,TV,Bangkok,49,Web,Credit_Card,17,1,6,1,40-50,1.6333333333333333,0.0,0.0,0.0,-1,-1,0.0,0.0,0.0,0.0,0.0,0.0,0,0,0.0,0.0,0,0,0.0,0.0,0,0,0.0,0.0,0,0,0.0,0
LGS2ORD0000596,C011280,2025-01-05 17:00:00,Male,29,Silver,Web,Bangkok,403,CallCenter,COD,17,1,6,1,20-30,13.433333333333334,0.0,0.0,0.0,-1,-1,0.0,0.0,0.0,0.0,0.0,0.0,0,0,0.0,0.0,0,0,0.0,0.0,0,0,0.0,0.0,0,0,0.0,1
LGS2ORD0000597,C014872,2025-01-05 17:00:00,Male,46,Bronze,CallCenter,Nakhon Ratchasima,355,Web,COD,17,1,6,1,40-50,11.833333333333334,0.0,0.0,0.0,-1,-1,0.0,0.0,0.0,0.0,0.0,0.0,0,0,0.0,0.0,0,0,0.0,0.0,0,0,0.0,0.0,0,0,0.0,0
LGS2ORD0000598,C014162,2025-01-05 17:00:00,Female,47,Silver,TV,Chonburi,829,CallCenter,Credit_Card,17,1,6,1,40-50,27.633333333333333,0.0,0.0,0.0,-1,-1,0.0,0.0,0.0,0.0,0.0,0.0,0,0,0.0,0.0,0,0,0.0,0.0,0,0,0.0,0.0,0,0,0.0,0
LGS2ORD0000599,C011909,2025-01-05 18:00:00,Female,39,Bronze,Shopee,Bangkok,1453,Web,PromptPay,18,1,6,1,30-40,48.43333333333333,0.0,0.0,0.0,-1,-1,0.0,0.0,0.0,0.0,0.0,0.0,0,0,0.0,0.0,0,0,0.0,0.0,0,0,0.0,0.0,0,0,0.0,0
LGS2ORD0000600,C016278,2025-01-05 18:00:00,Female,59,Bronze,Shopee,Phuket,1114,Lazada,COD,18,1,6,1,>50,37.13333333333333,0.0,0.0,0.0,-1,-1,0.0,0.0,0.0,0.0,0.0,0.0,0,0,0.0,0.0,0,0,0.0,0.0,0,0,0.0,0.0,0,0,0.0,0
LGS2ORD0000601,C017181,2025-01-05 18:00:00,Female,25,Silver,TV,Bangkok,1460,TV_Show,COD,18,1,6,1,20-30,48.666666666666664,0.0,0.0,0.0,-1,-1,0.0,0.0,0.0,0.0,0.0,0.0,0,0,0.0,0.0,0,0,0.0,0.0,0,0,0.0,0.0,0,0,0.0,0
LGS2ORD0000602,C014893,2025-01-05 18:00:00,Female,29,Bronze,Shopee,Phuket,546,TV_Show,Credit_Card,18,1,6,1,20-30,18.2,0.0,0.0,0.0,-1,-1,0.0,0.0,0.0,0.0,0.0,0.0,0,0,0.0,0.0,0,0,0.0,0.0,0,0,0.0,0.0,0,0,0.0,0
LGS2ORD0000603,C016497,2025-01-05 18:00:00,Female,53,Silver,Shopee,Bangkok,1220,Lazada,PromptPay,18,1,6,1,>50,40.666666666666664,0.0,0.0,0.0,-1,-1,0.0,0.0,0.0,0.0,0.0,0.0,0,0,0.0,0.0,0,0,0.0,0.0,0,0,0.0,0.0,0,0,0.0,1
LGS2ORD0000604,C014408,2025-01-05 19:00:00,Female,27,Silver,Shopee,Songkhla,409,TV_Show,COD,19,1,6,1,20-30,13.633333333333333,0.0,0.0,0.0,-1,-1,0.0,0.0,0.0,0.0,0.0,0.0,0,0,0.0,0.0,0,0,0.0,0.0,0,0,0.0,0.0,0,0,0.0,0
LGS2ORD0000605,C014672,2025-01-05 19:00:00,Female,39,Bronze,Shopee,Chiang Mai,1430,TV_Show,PromptPay,19,1,6,1,30-40,47.666666666666664,0.0,0.0,0.0,-1,-1,0.0,0.0,0.0,0.0,0.0,0.0,0,0,0.0,0.0,0,0,0.0,0.0,0,0,0.0,0.0,0,0,0.0,0
LGS2ORD0000606,C010882,2025-01-05 19:00:00,Female,38,Bronze,TV,Bangkok,184,TV_Show,COD,19,1,6,1,30-40,6.133333333333334,0.0,0.0,0.0,-1,-1,0.0,0.0,0.0,0.0,0.0,0.0,0,0,0.0,0.0,0,0,0.0,0.0,0,0,0.0,0.0,0,0,0.0,0
LGS2ORD0000607,C011354,2025-01-05 19:00:00,Female,39,Bronze,Shopee,Remote_Area,848,Lazada,COD,19,1,6,1,30-40,28.266666666666666,0.0,0.0,0.0,-1,-1,0.0,0.0,0.0,0.0,0.0,0.0,0,0,0.0,0.0,0,0,0.0,0.0,0,0,0.0,0.0,0,0,0.0,0
LGS2ORD0000608,C014143,2025-01-05 19:00:00,Male,25,Silver,Shopee,Bangkok,946,TV_Show,COD,19,1,6,1,20-30,31.533333333333335,0.0,0.0,0.0,-1,-1,0.0,0.0,0.0,0.0,0.0,0.0,0,0,0.0,0.0,0,0,0.0,0.0,0,0,0.0,0.0,0,0,0.0,0
LGS2ORD0000609,C013677,2025-01-05 20:00:00,Female,46,Silver,Web,Bangkok,592,TV_Show,COD,20,1,6,1,40-50,19.733333333333334,0.0,0.0,0.0,-1,-1,0.0,0.0,0.0,0.0,0.0,0.0,0,0,0.0,0.0,0,0,0.0,0.0,0,0,0.0,0.0,0,0,0.0,0
LGS2ORD0000610,C012578,2025-01-05 20:00:00,Female,41,Bronze,Web,Chiang Mai,568,Shopee,Credit_Card,20,1,6,1,40-50,18.933333333333334,1.0,0.0,0.0,-1,3,348.43,0.23,0.0,1.0,0.0,348.43,1,0,0.0,348.43,1,0,0.0,348.43,1,0,0.0,348.43,1,0,0.0,0
LGS2ORD0000611,C011877,2025-01-05 20:00:00,Female,39,Silver,Web,Chiang Mai,217,CallCenter,Credit_Card,20,1,6,1,30-40,7.233333333333333,0.0,0.0,0.0,-1,-1,0.0,0.0,0.0,0.0,0.0,0.0,0,0,0.0,0.0,0,0,0.0,0.0,0,0,0.0,0.0,0,0,0.0,0
LGS2ORD0000612,C015903,2025-01-05 20:00:00,Female,31,Gold,Shopee,Nakhon Ratchasima,302,Shopee,COD,20,1,6,1,30-40,10.066666666666666,0.0,0.0,0.0,-1,-1,0.0,0.0,0.0,0.0,0.0,0.0,0,0,0.0,0.0,0,0,0.0,0.0,0,0,0.0,0.0,0,0,0.0,0
LGS2ORD0000613,C011384,2025-01-05 20:00:00,Female,52,Platinum,Web,Nakhon Ratchasima,1194,TV_Show,Credit_Card,20,1,6,1,>50,39.8,0.0,0.0,0.0,-1,-1,0.0,0.0,0.0,0.0,0.0,0.0,0,0,0.0,0.0,0,0,0.0,0.0,0,0,0.0,0.0,0,0,0.0,0
LGS2ORD0000614,C013164,2025-01-05 21:00:00,Male,18,Bronze,TV,Bangkok,1083,Web,Credit_Card,21,1,6,1,<20,36.1,0.0,0.0,0.0,-1,-1,0.0,0.0,0.0,0.0,0.0,0.0,0,0,0.0,0.0,0,0,0.0,0.0,0,0,0.0,0.0,0,0,0.0,0
LGS2ORD0000615,C011068,2025-01-05 21:00:00,Female,42,Silver,Lazada,Bangkok,741,Shopee,PromptPay,21,1,6,1,40-50,24.7,0.0,0.0,0.0,-1,-1,0.0,0.0,0.0,0.0,0.0,0.0,0,0,0.0,0.0,0,0,0.0,0.0,0,0,0.0,0.0,0,0,0.0,0
LGS2ORD0000616,C016242,2025-01-05 21:00:00,Male,36,Silver,Shopee,Bangkok,833,Web,COD,21,1,6,1,30-40,27.766666666666666,0.0,0.0,0.0,-1,-1,0.0,0.0,0.0,0.0,0.0,0.0,0,0,0.0,0.0,0,0,0.0,0.0,0,0,0.0,0.0,0,0,0.0,0
LGS2ORD0000617,C012418,2025-01-05 21:00:00,Male,45,Bronze,Web,Songkhla,352,Web,COD,21,1,6,1,40-50,11.733333333333333,0.0,0.0,0.0,-1,-1,0.0,0.0,0.0,0.0,0.0,0.0,0,0,0.0,0.0,0,0,0.0,0.0,0,0,0.0,0.0,0,0,0.0,0
LGS2ORD0000618,C010608,2025-01-05 21:00:00,Female,35,Bronze,Shopee,Chonburi,853,Lazada,COD,21,1,6,1,30-40,28.433333333333334,0.0,0.0,0.0,-1,-1,0.0,0.0,0.0,0.0,0.0,0.0,0,0,0.0,0.0,0,0,0.0,0.0,0,0,0.0,0.0,0,0,0.0,1
LGS2ORD0000619,C011803,2025-01-05 21:00:00,Other,18,Bronze,Shopee,Bangkok,465,Lazada,COD,21,1,6,1,<20,15.5,0.0,0.0,0.0,-1,-1,0.0,0.0,0.0,0.0,0.0,0.0,0,0,0.0,0.0,0,0,0.0,0.0,0,0,0.0,0.0,0,0,0.0,0
LGS2ORD0000620,C011974,2025-01-05 22:00:00,Male,37,Silver,TV,Khon Kaen,700,Shopee,PromptPay,22,1,6,1,30-40,23.333333333333332,0.0,0.0,0.0,-1,-1,0.0,0.0,0.0,0.0,0.0,0.0,0,0,0.0,0.0,0,0,0.0,0.0,0,0,0.0,0.0,0,0,0.0,0
LGS2ORD0000621,C010330,2025-01-05 22:00:00,Female,43,Bronze,TV,Bangkok,49,Shopee,COD,22,1,6,1,40-50,1.6333333333333333,1.0,0.0,0.0,-1,0,421.39,0.03,0.0,0.0,0.0,421.39,1,0,0.0,421.39,1,0,0.0,421.39,1,0,0.0,421.39,1,0,0.0,0
LGS2ORD0000622,C011541,2025-01-05 22:00:00,Female,18,Silver,Web,Bangkok,351,Shopee,COD,22,1,6,1,<20,11.7,0.0,0.0,0.0,-1,-1,0.0,0.0,0.0,0.0,0.0,0.0,0,0,0.0,0.0,0,0,0.0,0.0,0,0,0.0,0.0,0,0,0.0,0
LGS2ORD0000623,C012305,2025-01-05 22:00:00,Female,43,Gold,Web,Khon Kaen,1399,Shopee,COD,22,1,6,1,40-50,46.63333333333333,0.0,0.0,0.0,-1,-1,0.0,0.0,0.0,0.0,0.0,0.0,0,0,0.0,0.0,0,0,0.0,0.0,0,0,0.0,0.0,0,0,0.0,0
LGS2ORD0000624,C016526,2025-01-05 22:00:00,Female,57,Silver,Lazada,Khon Kaen,70,CallCenter,Credit_Card,22,1,6,1,>50,2.3333333333333335,0.0,0.0,0.0,-1,-1,0.0,0.0,0.0,0.0,0.0,0.0,0,0,0.0,0.0,0,0,0.0,0.0,0,0,0.0,0.0,0,0,0.0,0
LGS2ORD0000625,C014884,2025-01-05 23:00:00,Female,32,Bronze,TV,Phuket,241,CallCenter,COD,23,1,6,1,30-40,8.033333333333333,1.0,0.0,0.0,-1,2,4400.78,0.18,1.0,0.0,0.0,4400.78,1,0,0.0,4400.78,1,0,0.0,4400.78,1,0,0.0,4400.78,1,0,0.0,0
LGS2ORD0000626,C014681,2025-01-05 23:00:00,Male,28,Bronze,Web,Chiang Mai,472,TV_Show,PromptPay,23,1,6,1,20-30,15.733333333333333,0.0,0.0,0.0,-1,-1,0.0,0.0,0.0,0.0,0.0,0.0,0,0,0.0,0.0,0,0,0.0,0.0,0,0,0.0,0.0,0,0,0.0,0
LGS2ORD0000627,C016087,2025-01-05 23:00:00,Female,44,Bronze,Lazada,Songkhla,604,TV_Show,Credit_Card,23,1,6,1,40-50,20.133333333333333,0.0,0.0,0.0,-1,-1,0.0,0.0,0.0,0.0,0.0,0.0,0,0,0.0,0.0,0,0,0.0,0.0,0,0,0.0,0.0,0,0,0.0,0
LGS2ORD0000628,C013848,2025-01-05 23:00:00,Female,38,Silver,CallCenter,Bangkok,786,Web,PromptPay,23,1,6,1,30-40,26.2,0.0,0.0,0.0,-1,-1,0.0,0.0,0.0,0.0,0.0,0.0,0,0,0.0,0.0,0,0,0.0,0.0,0,0,0.0,0.0,0,0,0.0,0
LGS2ORD0000629,C014997,2025-01-05 23:00:00,Female,36,Bronze,Shopee,Chiang Mai,582,Shopee,COD,23,1,6,1,30-40,19.4,1.0,0.0,0.0,-1,2,4137.47,0.13,1.0,0.0,0.0,4137.47,1,0,0.0,4137.47,1,0,0.0,4137.47,1,0,0.0,4137.47,1,0,0.0,0
LGS2ORD0000630,C011090,2025-01-06 00:00:00,Female,33,Gold,Shopee,Phuket,138,TV_Show,COD,0,1,0,0,30-40,4.6,0.0,0.0,0.0,-1,-1,0.0,0.0,0.0,0.0,0.0,0.0,0,0,0.0,0.0,0,0,0.0,0.0,0,0,0.0,0.0,0,0,0.0,0
LGS2ORD0000631,C016914,2025-01-06 00:00:00,Female,39,Bronze,Shopee,Phuket,1318,Web,Credit_Card,0,1,0,0,30-40,43.93333333333333,0.0,0.0,0.0,-1,-1,0.0,0.0,0.0,0.0,0.0,0.0,0,0,0.0,0.0,0,0,0.0,0.0,0,0,0.0,0.0,0,0,0.0,0
LGS2ORD0000632,C017356,2025-01-06 00:00:00,Male,37,Bronze,TV,Phuket,1330,Shopee,COD,0,1,0,0,30-40,44.333333333333336,0.0,0.0,0.0,-1,-1,0.0,0.0,0.0,0.0,0.0,0.0,0,0,0.0,0.0,0,0,0.0,0.0,0,0,0.0,0.0,0,0,0.0,1
LGS2ORD0000633,C017957,2025-01-06 00:00:00,Male,35,Bronze,CallCenter,Chiang Mai,164,Lazada,COD,0,1,0,0,30-40,5.466666666666667,0.0,0.0,0.0,-1,-1,0.0,0.0,0.0,0.0,0.0,0.0,0,0,0.0,0.0,0,0,0.0,0.0,0,0,0.0,0.0,0,0,0.0,0
LGS2ORD0000634,C011692,2025-01-06 00:00:00,Male,40,Bronze,Shopee,Remote_Area,807,TV_Show,COD,0,1,0,0,30-40,26.9,0.0,0.0,0.0,-1,-1,0.0,0.0,0.0,0.0,0.0,0.0,0,0,0.0,0.0,0,0,0.0,0.0,0,0,0.0,0.0,0,0,0.0,1
LGS2ORD0000635,C015686,2025-01-06 01:00:00,Male,61,Bronze,Web,Phuket,48,Web,Credit_Card,1,1,0,0,>50,1.6,0.0,0.0,0.0,-1,-1,0.0,0.0,0.0,0.0,0.0,0.0,0,0,0.0,0.0,0,0,0.0,0.0,0,0,0.0,0.0,0,0,0.0,0
LGS2ORD0000636,C011168,2025-01-06 01:00:00,Male,45,Bronze,Lazada,Bangkok,32,Lazada,COD,1,1,0,0,40-50,1.0666666666666667,0.0,0.0,0.0,-1,-1,0.0,0.0,0.0,0.0,0.0,0.0,0,0,0.0,0.0,0,0,0.0,0.0,0,0,0.0,0.0,0,0,0.0,0
LGS2ORD0000637,C016837,2025-01-06 01:00:00,Male,53,Silver,TV,Chonburi,663,Shopee,Credit_Card,1,1,0,0,>50,22.1,0.0,0.0,0.0,-1,-1,0.0,0.0,0.0,0.0,0.0,0.0,0,0,0.0,0.0,0,0,0.0,0.0,0,0,0.0,0.0,0,0,0.0,1
LGS2ORD0000638,C014380,2025-01-06 01:00:00,Male,41,Silver,Shopee,Nakhon Ratchasima,1444,CallCenter,Credit_Card,1,1,0,0,40-50,48.13333333333333,0.0,0.0,0.0,-1,-1,0.0,0.0,0.0,0.0,0.0,0.0,0,0,0.0,0.0,0,0,0.0,0.0,0,0,0.0,0.0,0,0,0.0,0
LGS2ORD0000639,C012487,2025-01-06 01:00:00,Female,41,Silver,Web,Chonburi,223,CallCenter,COD,1,1,0,0,40-50,7.433333333333334,0.0,0.0,0.0,-1,-1,0.0,0.0,0.0,0.0,0.0,0.0,0,0,0.0,0.0,0,0,0.0,0.0,0,0,0.0,0.0,0,0,0.0,0
LGS2ORD0000640,C013522,2025-01-06 01:00:00,Male,49,Gold,TV,Bangkok,1232,Lazada,COD,1,1,0,0,40-50,41.06666666666667,0.0,0.0,0.0,-1,-1,0.0,0.0,0.0,0.0,0.0,0.0,0,0,0.0,0.0,0,0,0.0,0.0,0,0,0.0,0.0,0,0,0.0,0
LGS2ORD0000641,C014434,2025-01-06 02:00:00,Female,56,Bronze,Web,Khon Kaen,272,Shopee,PromptPay,2,1,0,0,>50,9.066666666666666,0.0,0.0,0.0,-1,-1,0.0,0.0,0.0,0.0,0.0,0.0,0,0,0.0,0.0,0,0,0.0,0.0,0,0,0.0,0.0,0,0,0.0,0
LGS2ORD0000642,C014581,2025-01-06 02:00:00,Male,43,Silver,TV,Phuket,752,Lazada,Credit_Card,2,1,0,0,40-50,25.066666666666666,0.0,0.0,0.0,-1,-1,0.0,0.0,0.0,0.0,0.0,0.0,0,0,0.0,0.0,0,0,0.0,0.0,0,0,0.0,0.0,0,0,0.0,0
LGS2ORD0000643,C013363,2025-01-06 02:00:00,Female,45,Gold,CallCenter,Chonburi,1228,TV_Show,COD,2,1,0,0,40-50,40.93333333333333,0.0,0.0,0.0,-1,-1,0.0,0.0,0.0,0.0,0.0,0.0,0,0,0.0,0.0,0,0,0.0,0.0,0,0,0.0,0.0,0,0,0.0,0
LGS2ORD0000644,C010117,2025-01-06 02:00:00,Female,24,Bronze,Shopee,Bangkok,1353,Lazada,COD,2,1,0,0,20-30,45.1,0.0,0.0,0.0,-1,-1,0.0,0.0,0.0,0.0,0.0,0.0,0,0,0.0,0.0,0,0,0.0,0.0,0,0,0.0,0.0,0,0,0.0,0
LGS2ORD0000645,C013578,2025-01-06 02:00:00,Male,30,Silver,Lazada,Khon Kaen,1365,TV_Show,Credit_Card,2,1,0,0,20-30,45.5,0.0,0.0,0.0,-1,-1,0.0,0.0,0.0,0.0,0.0,0.0,0,0,0.0,0.0,0,0,0.0,0.0,0,0,0.0,0.0,0,0,0.0,0
LGS2ORD0000646,C015553,2025-01-06 03:00:00,Female,18,Bronze,Shopee,Chiang Mai,304,CallCenter,COD,3,1,0,0,<20,10.133333333333333,0.0,0.0,0.0,-1,-1,0.0,0.0,0.0,0.0,0.0,0.0,0,0,0.0,0.0,0,0,0.0,0.0,0,0,0.0,0.0,0,0,0.0,1
LGS2ORD0000647,C017131,2025-01-06 03:00:00,Male,45,Silver,Shopee,Nakhon Ratchasima,548,Shopee,COD,3,1,0,0,40-50,18.266666666666666,0.0,0.0,0.0,-1,-1,0.0,0.0,0.0,0.0,0.0,0.0,0,0,0.0,0.0,0,0,0.0,0.0,0,0,0.0,0.0,0,0,0.0,0
LGS2ORD0000648,C010698,2025-01-06 03:00:00,Male,44,Gold,Shopee,Chonburi,206,TV_Show,COD,3,1,0,0,40-50,6.866666666666666,0.0,0.0,0.0,-1,-1,0.0,0.0,0.0,0.0,0.0,0.0,0,0,0.0,0.0,0,0,0.0,0.0,0,0,0.0,0.0,0,0,0.0,0
LGS2ORD0000649,C017664,2025-01-06 03:00:00,Other,20,Bronze,Web,Bangkok,1092,CallCenter,COD,3,1,0,0,<20,36.4,0.0,0.0,0.0,-1,-1,0.0,0.0,0.0,0.0,0.0,0.0,0,0,0.0,0.0,0,0,0.0,0.0,0,0,0.0,0.0,0,0,0.0,1
LGS2ORD0000650,C016272,2025-01-06 03:00:00,Other,28,Bronze,Web,Chonburi,515,Lazada,COD,3,1,0,0,20-30,17.166666666666668,0.0,0.0,0.0,-1,-1,0.0,0.0,0.0,0.0,0.0,0.0,0,0,0.0,0.0,0,0,0.0,0.0,0,0,0.0,0.0,0,0,0.0,0
LGS2ORD0000651,C013712,2025-01-06 04:00:00,Female,51,Bronze,CallCenter,Remote_Area,424,TV_Show,COD,4,1,0,0,>50,14.133333333333333,0.0,0.0,0.0,-1,-1,0.0,0.0,0.0,0.0,0.0,0.0,0,0,0.0,0.0,0,0,0.0,0.0,0,0,0.0,0.0,0,0,0.0,0
LGS2ORD0000652,C015234,2025-01-06 04:00:00,Female,42,Bronze,TV,Chonburi,344,TV_Show,COD,4,1,0,0,40-50,11.466666666666667,0.0,0.0,0.0,-1,-1,0.0,0.0,0.0,0.0,0.0,0.0,0,0,0.0,0.0,0,0,0.0,0.0,0,0,0.0,0.0,0,0,0.0,0
LGS2ORD0000653,C011843,2025-01-06 04:00:00,Female,34,Silver,Shopee,Chiang Mai,428,Shopee,COD,4,1,0,0,30-40,14.266666666666667,0.0,0.0,0.0,-1,-1,0.0,0.0,0.0,0.0,0.0,0.0,0,0,0.0,0.0,0,0,0.0,0.0,0,0,0.0,0.0,0,0,0.0,1
LGS2ORD0000654,C014823,2025-01-06 04:00:00,Female,42,Bronze,TV,Bangkok,125,TV_Show,Bank_Transfer,4,1,0,0,40-50,4.166666666666667,0.0,0.0,0.0,-1,-1,0.0,0.0,0.0,0.0,0.0,0.0,0,0,0.0,0.0,0,0,0.0,0.0,0,0,0.0,0.0,0,0,0.0,1
LGS2ORD0000655,C015893,2025-01-06 04:00:00,Male,41,Silver,CallCenter,Chonburi,1154,Web,COD,4,1,0,0,40-50,38.46666666666667,0.0,0.0,0.0,-1,-1,0.0,0.0,0.0,0.0,0.0,0.0,0,0,0.0,0.0,0,0,0.0,0.0,0,0,0.0,0.0,0,0,0.0,1
LGS2ORD0000656,C012564,2025-01-06 04:00:00,Female,46,Bronze,TV,Bangkok,378,Lazada,Credit_Card,4,1,0,0,40-50,12.6,0.0,0.0,0.0,-1,-1,0.0,0.0,0.0,0.0,0.0,0.0,0,0,0.0,0.0,0,0,0.0,0.0,0,0,0.0,0.0,0,0,0.0,0
LGS2ORD0000657,C011379,2025-01-06 05:00:00,Female,33,Bronze,CallCenter,Nakhon Ratchasima,1084,CallCenter,COD,5,1,0,0,30-40,36.13333333333333,0.0,0.0,0.0,-1,-1,0.0,0.0,0.0,0.0,0.0,0.0,0,0,0.0,0.0,0,0,0.0,0.0,0,0,0.0,0.0,0,0,0.0,0
LGS2ORD0000658,C015481,2025-01-06 05:00:00,Male,45,Bronze,Shopee,Remote_Area,638,Shopee,Credit_Card,5,1,0,0,40-50,21.266666666666666,0.0,0.0,0.0,-1,-1,0.0,0.0,0.0,0.0,0.0,0.0,0,0,0.0,0.0,0,0,0.0,0.0,0,0,0.0,0.0,0,0,0.0,0
LGS2ORD0000659,C014307,2025-01-06 05:00:00,Female,51,Bronze,Lazada,Songkhla,246,Lazada,PromptPay,5,1,0,0,>50,8.2,1.0,0.0,0.0,-1,1,5649.35,0.28,0.0,1.0,0.0,5649.35,1,0,0.0,5649.35,1,0,0.0,5649.35,1,0,0.0,5649.35,1,0,0.0,0
LGS2ORD0000660,C016141,2025-01-06 05:00:00,Male,55,Silver,Lazada,Bangkok,604,TV_Show,Bank_Transfer,5,1,0,0,>50,20.133333333333333,0.0,0.0,0.0,-1,-1,0.0,0.0,0.0,0.0,0.0,0.0,0,0,0.0,0.0,0,0,0.0,0.0,0,0,0.0,0.0,0,0,0.0,0
LGS2ORD0000661,C010819,2025-01-06 05:00:00,Female,30,Silver,Shopee,Bangkok,998,CallCenter,Credit_Card,5,1,0,0,20-30,33.266666666666666,0.0,0.0,0.0,-1,-1,0.0,0.0,0.0,0.0,0.0,0.0,0,0,0.0,0.0,0,0,0.0,0.0,0,0,0.0,0.0,0,0,0.0,0
LGS2ORD0000662,C011927,2025-01-06 06:00:00,Female,31,Bronze,CallCenter,Remote_Area,445,Shopee,COD,6,1,0,0,30-40,14.833333333333334,0.0,0.0,0.0,-1,-1,0.0,0.0,0.0,0.0,0.0,0.0,0,0,0.0,0.0,0,0,0.0,0.0,0,0,0.0,0.0,0,0,0.0,0
LGS2ORD0000663,C016964,2025-01-06 06:00:00,Female,35,Bronze,Web,Bangkok,1407,Shopee,Bank_Transfer,6,1,0,0,30-40,46.9,0.0,0.0,0.0,-1,-1,0.0,0.0,0.0,0.0,0.0,0.0,0,0,0.0,0.0,0,0,0.0,0.0,0,0,0.0,0.0,0,0,0.0,0
LGS2ORD0000664,C014448,2025-01-06 06:00:00,Male,67,Bronze,TV,Bangkok,885,TV_Show,PromptPay,6,1,0,0,>50,29.5,0.0,0.0,0.0,-1,-1,0.0,0.0,0.0,0.0,0.0,0.0,0,0,0.0,0.0,0,0,0.0,0.0,0,0,0.0,0.0,0,0,0.0,0
LGS2ORD0000665,C016053,2025-01-06 06:00:00,Male,29,Gold,Shopee,Chonburi,489,CallCenter,COD,6,1,0,0,20-30,16.3,0.0,0.0,0.0,-1,-1,0.0,0.0,0.0,0.0,0.0,0.0,0,0,0.0,0.0,0,0,0.0,0.0,0,0,0.0,0.0,0,0,0.0,0
LGS2ORD0000666,C014138,2025-01-06 06:00:00,Other,30,Silver,Web,Chonburi,964,Shopee,PromptPay,6,1,0,0,20-30,32.13333333333333,0.0,0.0,0.0,-1,-1,0.0,0.0,0.0,0.0,0.0,0.0,0,0,0.0,0.0,0,0,0.0,0.0,0,0,0.0,0.0,0,0,0.0,0
LGS2ORD0000667,C015269,2025-01-06 07:00:00,Female,18,Bronze,Web,Khon Kaen,1390,TV_Show,Credit_Card,7,1,0,0,<20,46.333333333333336,0.0,0.0,0.0,-1,-1,0.0,0.0,0.0,0.0,0.0,0.0,0,0,0.0,0.0,0,0,0.0,0.0,0,0,0.0,0.0,0,0,0.0,0
LGS2ORD0000668,C013095,2025-01-06 07:00:00,Female,48,Bronze,TV,Remote_Area,592,Lazada,Bank_Transfer,7,1,0,0,40-50,19.733333333333334,0.0,0.0,0.0,-1,-1,0.0,0.0,0.0,0.0,0.0,0.0,0,0,0.0,0.0,0,0,0.0,0.0,0,0,0.0,0.0,0,0,0.0,0
LGS2ORD0000669,C010788,2025-01-06 07:00:00,Male,35,Gold,Shopee,Bangkok,825,Lazada,Credit_Card,7,1,0,0,30-40,27.5,0.0,0.0,0.0,-1,-1,0.0,0.0,0.0,0.0,0.0,0.0,0,0,0.0,0.0,0,0,0.0,0.0,0,0,0.0,0.0,0,0,0.0,1
LGS2ORD0000670,C016162,2025-01-06 07:00:00,Male,32,Silver,Lazada,Bangkok,671,TV_Show,COD,7,1,0,0,30-40,22.366666666666667,0.0,0.0,0.0,-1,-1,0.0,0.0,0.0,0.0,0.0,0.0,0,0,0.0,0.0,0,0,0.0,0.0,0,0,0.0,0.0,0,0,0.0,1
LGS2ORD0000671,C016754,2025-01-06 07:00:00,Female,38,Silver,Lazada,Bangkok,1151,TV_Show,Credit_Card,7,1,0,0,30-40,38.36666666666667,0.0,0.0,0.0,-1,-1,0.0,0.0,0.0,0.0,0.0,0.0,0,0,0.0,0.0,0,0,0.0,0.0,0,0,0.0,0.0,0,0,0.0,0
LGS2ORD0000672,C015087,2025-01-06 08:00:00,Female,31,Gold,Lazada,Remote_Area,1373,CallCenter,Credit_Card,8,1,0,0,30-40,45.766666666666666,0.0,0.0,0.0,-1,-1,0.0,0.0,0.0,0.0,0.0,0.0,0,0,0.0,0.0,0,0,0.0,0.0,0,0,0.0,0.0,0,0,0.0,0
LGS2ORD0000673,C013714,2025-01-06 08:00:00,Male,59,Silver,Web,Khon Kaen,723,Lazada,PromptPay,8,1,0,0,>50,24.1,0.0,0.0,0.0,-1,-1,0.0,0.0,0.0,0.0,0.0,0.0,0,0,0.0,0.0,0,0,0.0,0.0,0,0,0.0,0.0,0,0,0.0,0
LGS2ORD0000674,C016027,2025-01-06 08:00:00,Male,34,Gold,Web,Bangkok,1232,CallCenter,Credit_Card,8,1,0,0,30-40,41.06666666666667,0.0,0.0,0.0,-1,-1,0.0,0.0,0.0,0.0,0.0,0.0,0,0,0.0,0.0,0,0,0.0,0.0,0,0,0.0,0.0,0,0,0.0,1
LGS2ORD0000675,C017819,2025-01-06 08:00:00,Female,44,Bronze,Shopee,Bangkok,918,Web,Credit_Card,8,1,0,0,40-50,30.6,0.0,0.0,0.0,-1,-1,0.0,0.0,0.0,0.0,0.0,0.0,0,0,0.0,0.0,0,0,0.0,0.0,0,0,0.0,0.0,0,0,0.0,0
LGS2ORD0000676,C014442,2025-01-06 08:00:00,Male,18,Bronze,Web,Bangkok,909,TV_Show,PromptPay,8,1,0,0,<20,30.3,0.0,0.0,0.0,-1,-1,0.0,0.0,0.0,0.0,0.0,0.0,0,0,0.0,0.0,0,0,0.0,0.0,0,0,0.0,0.0,0,0,0.0,1
LGS2ORD0000677,C011815,2025-01-06 08:00:00,Female,28,Bronze,Lazada,Chonburi,1234,Shopee,Credit_Card,8,1,0,0,20-30,41.13333333333333,0.0,0.0,0.0,-1,-1,0.0,0.0,0.0,0.0,0.0,0.0,0,0,0.0,0.0,0,0,0.0,0.0,0,0,0.0,0.0,0,0,0.0,0
LGS2ORD0000678,C013750,2025-01-06 09:00:00,Female,38,Gold,CallCenter,Nakhon Ratchasima,616,Shopee,COD,9,1,0,0,30-40,20.533333333333335,0.0,0.0,0.0,-1,-1,0.0,0.0,0.0,0.0,0.0,0.0,0,0,0.0,0.0,0,0,0.0,0.0,0,0,0.0,0.0,0,0,0.0,0
LGS2ORD0000679,C010381,2025-01-06 09:00:00,Female,28,Silver,CallCenter,Chonburi,672,Web,PromptPay,9,1,0,0,20-30,22.4,0.0,0.0,0.0,-1,-1,0.0,0.0,0.0,0.0,0.0,0.0,0,0,0.0,0.0,0,0,0.0,0.0,0,0,0.0,0.0,0,0,0.0,0
LGS2ORD0000680,C012353,2025-01-06 09:00:00,Female,72,Bronze,Shopee,Remote_Area,1147,Lazada,COD,9,1,0,0,>50,38.233333333333334,1.0,0.0,0.0,-1,4,4622.58,0.08,1.0,0.0,0.0,4622.58,1,0,0.0,4622.58,1,0,0.0,4622.58,1,0,0.0,4622.58,1,0,0.0,1
LGS2ORD0000681,C013433,2025-01-06 09:00:00,Female,33,Bronze,TV,Bangkok,514,Web,COD,9,1,0,0,30-40,17.133333333333333,0.0,0.0,0.0,-1,-1,0.0,0.0,0.0,0.0,0.0,0.0,0,0,0.0,0.0,0,0,0.0,0.0,0,0,0.0,0.0,0,0,0.0,0
LGS2ORD0000682,C013235,2025-01-06 09:00:00,Male,43,Gold,Web,Nakhon Ratchasima,985,TV_Show,PromptPay,9,1,0,0,40-50,32.833333333333336,0.0,0.0,0.0,-1,-1,0.0,0.0,0.0,0.0,0.0,0.0,0,0,0.0,0.0,0,0,0.0,0.0,0,0,0.0,0.0,0,0,0.0,0
LGS2ORD0000683,C010216,2025-01-06 10:00:00,Male,23,Bronze,Web,Bangkok,964,Shopee,Credit_Card,10,1,0,0,20-30,32.13333333333333,1.0,0.0,0.0,-1,3,3815.5,0.03,0.0,0.0,0.0,3815.5,1,0,0.0,3815.5,1,0,0.0,3815.5,1,0,0.0,3815.5,1,0,0.0,0
LGS2ORD0000684,C010289,2025-01-06 10:00:00,Male,44,Silver,Web,Nakhon Ratchasima,202,Web,COD,10,1,0,0,40-50,6.733333333333333,0.0,0.0,0.0,-1,-1,0.0,0.0,0.0,0.0,0.0,0.0,0,0,0.0,0.0,0,0,0.0,0.0,0,0,0.0,0.0,0,0,0.0,0
LGS2ORD0000685,C010305,2025-01-06 10:00:00,Female,47,Gold,Web,Chonburi,118,Lazada,PromptPay,10,1,0,0,40-50,3.933333333333333,0.0,0.0,0.0,-1,-1,0.0,0.0,0.0,0.0,0.0,0.0,0,0,0.0,0.0,0,0,0.0,0.0,0,0,0.0,0.0,0,0,0.0,0
LGS2ORD0000686,C017677,2025-01-06 10:00:00,Female,38,Gold,TV,Chonburi,1208,Shopee,Bank_Transfer,10,1,0,0,30-40,40.266666666666666,1.0,1.0,1.0,-12,3,8029.98,0.2299999999999999,0.0,1.0,0.0,8029.98,1,1,1.0,8029.98,1,1,1.0,8029.98,1,1,1.0,8029.98,1,1,1.0,0
LGS2ORD0000687,C012389,2025-01-06 10:00:00,Female,55,Gold,Shopee,Bangkok,93,Shopee,Credit_Card,10,1,0,0,>50,3.1,0.0,0.0,0.0,-1,-1,0.0,0.0,0.0,0.0,0.0,0.0,0,0,0.0,0.0,0,0,0.0,0.0,0,0,0.0,0.0,0,0,0.0,0
LGS2ORD0000688,C012379,2025-01-06 11:00:00,Female,42,Silver,Shopee,Phuket,816,Web,COD,11,1,0,0,40-50,27.2,0.0,0.0,0.0,-1,-1,0.0,0.0,0.0,0.0,0.0,0.0,0,0,0.0,0.0,0,0,0.0,0.0,0,0,0.0,0.0,0,0,0.0,1
LGS2ORD0000689,C010775,2025-01-06 11:00:00,Male,40,Bronze,Lazada,Bangkok,480,Shopee,COD,11,1,0,0,30-40,16.0,0.0,0.0,0.0,-1,-1,0.0,0.0,0.0,0.0,0.0,0.0,0,0,0.0,0.0,0,0,0.0,0.0,0,0,0.0,0.0,0,0,0.0,0
LGS2ORD0000690,C010769,2025-01-06 11:00:00,Male,40,Silver,Lazada,Bangkok,1123,TV_Show,Credit_Card,11,1,0,0,30-40,37.43333333333333,0.0,0.0,0.0,-1,-1,0.0,0.0,0.0,0.0,0.0,0.0,0,0,0.0,0.0,0,0,0.0,0.0,0,0,0.0,0.0,0,0,0.0,0
LGS2ORD0000691,C013887,2025-01-06 11:00:00,Male,38,Bronze,TV,Chiang Mai,1247,CallCenter,Credit_Card,11,1,0,0,30-40,41.56666666666667,0.0,0.0,0.0,-1,-1,0.0,0.0,0.0,0.0,0.0,0.0,0,0,0.0,0.0,0,0,0.0,0.0,0,0,0.0,0.0,0,0,0.0,0
LGS2ORD0000692,C014625,2025-01-06 11:00:00,Male,40,Bronze,TV,Khon Kaen,26,Web,Bank_Transfer,11,1,0,0,30-40,0.8666666666666667,0.0,0.0,0.0,-1,-1,0.0,0.0,0.0,0.0,0.0,0.0,0,0,0.0,0.0,0,0,0.0,0.0,0,0,0.0,0.0,0,0,0.0,0
LGS2ORD0000693,C012543,2025-01-06 12:00:00,Male,51,Bronze,Lazada,Chiang Mai,430,Web,PromptPay,12,1,0,0,>50,14.333333333333334,0.0,0.0,0.0,-1,-1,0.0,0.0,0.0,0.0,0.0,0.0,0,0,0.0,0.0,0,0,0.0,0.0,0,0,0.0,0.0,0,0,0.0,0
LGS2ORD0000694,C010977,2025-01-06 12:00:00,Female,43,Silver,TV,Phuket,516,TV_Show,COD,12,1,0,0,40-50,17.2,0.0,0.0,0.0,-1,-1,0.0,0.0,0.0,0.0,0.0,0.0,0,0,0.0,0.0,0,0,0.0,0.0,0,0,0.0,0.0,0,0,0.0,1
LGS2ORD0000695,C011589,2025-01-06 12:00:00,Male,43,Silver,TV,Chiang Mai,1189,TV_Show,PromptPay,12,1,0,0,40-50,39.63333333333333,0.0,0.0,0.0,-1,-1,0.0,0.0,0.0,0.0,0.0,0.0,0,0,0.0,0.0,0,0,0.0,0.0,0,0,0.0,0.0,0,0,0.0,0
LGS2ORD0000696,C015580,2025-01-06 12:00:00,Female,60,Bronze,Lazada,Phuket,1325,TV_Show,COD,12,1,0,0,>50,44.166666666666664,0.0,0.0,0.0,-1,-1,0.0,0.0,0.0,0.0,0.0,0.0,0,0,0.0,0.0,0,0,0.0,0.0,0,0,0.0,0.0,0,0,0.0,0
LGS2ORD0000697,C013503,2025-01-06 12:00:00,Female,50,Gold,Lazada,Phuket,163,Lazada,COD,12,1,0,0,40-50,5.433333333333334,0.0,0.0,0.0,-1,-1,0.0,0.0,0.0,0.0,0.0,0.0,0,0,0.0,0.0,0,0,0.0,0.0,0,0,0.0,0.0,0,0,0.0,0
LGS2ORD0000698,C014955,2025-01-06 12:00:00,Female,60,Silver,Shopee,Bangkok,539,Lazada,Credit_Card,12,1,0,0,>50,17.966666666666665,0.0,0.0,0.0,-1,-1,0.0,0.0,0.0,0.0,0.0,0.0,0,0,0.0,0.0,0,0,0.0,0.0,0,0,0.0,0.0,0,0,0.0,0
LGS2ORD0000699,C012772,2025-01-06 13:00:00,Female,25,Gold,Lazada,Bangkok,480,TV_Show,COD,13,1,0,0,20-30,16.0,0.0,0.0,0.0,-1,-1,0.0,0.0,0.0,0.0,0.0,0.0,0,0,0.0,0.0,0,0,0.0,0.0,0,0,0.0,0.0,0,0,0.0,0
LGS2ORD0000700,C011728,2025-01-06 13:00:00,Male,65,Bronze,Shopee,Bangkok,464,Shopee,Bank_Transfer,13,1,0,0,>50,15.466666666666667,0.0,0.0,0.0,-1,-1,0.0,0.0,0.0,0.0,0.0,0.0,0,0,0.0,0.0,0,0,0.0,0.0,0,0,0.0,0.0,0,0,0.0,0
LGS2ORD0000701,C016560,2025-01-06 13:00:00,Male,71,Bronze,Lazada,Bangkok,1302,Web,Credit_Card,13,1,0,0,>50,43.4,0.0,0.0,0.0,-1,-1,0.0,0.0,0.0,0.0,0.0,0.0,0,0,0.0,0.0,0,0,0.0,0.0,0,0,0.0,0.0,0,0,0.0,0
LGS2ORD0000702,C010732,2025-01-06 13:00:00,Male,51,Gold,TV,Songkhla,376,TV_Show,Credit_Card,13,1,0,0,>50,12.533333333333333,0.0,0.0,0.0,-1,-1,0.0,0.0,0.0,0.0,0.0,0.0,0,0,0.0,0.0,0,0,0.0,0.0,0,0,0.0,0.0,0,0,0.0,0
LGS2ORD0000703,C015322,2025-01-06 13:00:00,Male,32,Bronze,Web,Khon Kaen,420,Web,Bank_Transfer,13,1,0,0,30-40,14.0,0.0,0.0,0.0,-1,-1,0.0,0.0,0.0,0.0,0.0,0.0,0,0,0.0,0.0,0,0,0.0,0.0,0,0,0.0,0.0,0,0,0.0,0
LGS2ORD0000704,C014041,2025-01-06 14:00:00,Male,47,Silver,CallCenter,Phuket,1410,Lazada,COD,14,1,0,0,40-50,47.0,0.0,0.0,0.0,-1,-1,0.0,0.0,0.0,0.0,0.0,0.0,0,0,0.0,0.0,0,0,0.0,0.0,0,0,0.0,0.0,0,0,0.0,0
LGS2ORD0000705,C012017,2025-01-06 14:00:00,Male,27,Silver,Shopee,Bangkok,1325,Lazada,Credit_Card,14,1,0,0,20-30,44.166666666666664,0.0,0.0,0.0,-1,-1,0.0,0.0,0.0,0.0,0.0,0.0,0,0,0.0,0.0,0,0,0.0,0.0,0,0,0.0,0.0,0,0,0.0,0
LGS2ORD0000706,C016442,2025-01-06 14:00:00,Male,51,Silver,Web,Remote_Area,178,Web,Credit_Card,14,1,0,0,>50,5.933333333333334,0.0,0.0,0.0,-1,-1,0.0,0.0,0.0,0.0,0.0,0.0,0,0,0.0,0.0,0,0,0.0,0.0,0,0,0.0,0.0,0,0,0.0,0
LGS2ORD0000707,C011949,2025-01-06 14:00:00,Female,33,Gold,Web,Khon Kaen,62,Shopee,COD,14,1,0,0,30-40,2.066666666666667,0.0,0.0,0.0,-1,-1,0.0,0.0,0.0,0.0,0.0,0.0,0,0,0.0,0.0,0,0,0.0,0.0,0,0,0.0,0.0,0,0,0.0,0
LGS2ORD0000708,C017352,2025-01-06 14:00:00,Female,50,Bronze,Shopee,Songkhla,698,CallCenter,COD,14,1,0,0,40-50,23.266666666666666,0.0,0.0,0.0,-1,-1,0.0,0.0,0.0,0.0,0.0,0.0,0,0,0.0,0.0,0,0,0.0,0.0,0,0,0.0,0.0,0,0,0.0,1
LGS2ORD0000709,C011820,2025-01-06 15:00:00,Male,41,Gold,Web,Bangkok,1236,TV_Show,PromptPay,15,1,0,0,40-50,41.2,0.0,0.0,0.0,-1,-1,0.0,0.0,0.0,0.0,0.0,0.0,0,0,0.0,0.0,0,0,0.0,0.0,0,0,0.0,0.0,0,0,0.0,0
LGS2ORD0000710,C017314,2025-01-06 15:00:00,Male,41,Bronze,Web,Remote_Area,1457,CallCenter,COD,15,1,0,0,40-50,48.56666666666667,0.0,0.0,0.0,-1,-1,0.0,0.0,0.0,0.0,0.0,0.0,0,0,0.0,0.0,0,0,0.0,0.0,0,0,0.0,0.0,0,0,0.0,1
LGS2ORD0000711,C010840,2025-01-06 15:00:00,Female,29,Bronze,Web,Chiang Mai,804,Shopee,PromptPay,15,1,0,0,20-30,26.8,0.0,0.0,0.0,-1,-1,0.0,0.0,0.0,0.0,0.0,0.0,0,0,0.0,0.0,0,0,0.0,0.0,0,0,0.0,0.0,0,0,0.0,0
LGS2ORD0000712,C015624,2025-01-06 15:00:00,Male,39,Gold,Lazada,Chonburi,473,TV_Show,PromptPay,15,1,0,0,30-40,15.766666666666667,0.0,0.0,0.0,-1,-1,0.0,0.0,0.0,0.0,0.0,0.0,0,0,0.0,0.0,0,0,0.0,0.0,0,0,0.0,0.0,0,0,0.0,0
LGS2ORD0000713,C017020,2025-01-06 15:00:00,Male,55,Silver,TV,Chiang Mai,495,Web,COD,15,1,0,0,>50,16.5,0.0,0.0,0.0,-1,-1,0.0,0.0,0.0,0.0,0.0,0.0,0,0,0.0,0.0,0,0,0.0,0.0,0,0,0.0,0.0,0,0,0.0,1
LGS2ORD0000714,C013495,2025-01-06 16:00:00,Female,27,Silver,Lazada,Chonburi,593,Web,COD,16,1,0,0,20-30,19.766666666666666,0.0,0.0,0.0,-1,-1,0.0,0.0,0.0,0.0,0.0,0.0,0,0,0.0,0.0,0,0,0.0,0.0,0,0,0.0,0.0,0,0,0.0,0
LGS2ORD0000715,C016967,2025-01-06 16:00:00,Female,42,Bronze,Web,Remote_Area,1027,CallCenter,Bank_Transfer,16,1,0,0,40-50,34.233333333333334,0.0,0.0,0.0,-1,-1,0.0,0.0,0.0,0.0,0.0,0.0,0,0,0.0,0.0,0,0,0.0,0.0,0,0,0.0,0.0,0,0,0.0,0
LGS2ORD0000716,C017836,2025-01-06 16:00:00,Male,43,Gold,Lazada,Chiang Mai,623,Shopee,COD,16,1,0,0,40-50,20.766666666666666,0.0,0.0,0.0,-1,-1,0.0,0.0,0.0,0.0,0.0,0.0,0,0,0.0,0.0,0,0,0.0,0.0,0,0,0.0,0.0,0,0,0.0,0
LGS2ORD0000717,C013632,2025-01-06 16:00:00,Female,32,Bronze,Shopee,Bangkok,68,Web,COD,16,1,0,0,30-40,2.2666666666666666,0.0,0.0,0.0,-1,-1,0.0,0.0,0.0,0.0,0.0,0.0,0,0,0.0,0.0,0,0,0.0,0.0,0,0,0.0,0.0,0,0,0.0,1
LGS2ORD0000718,C016830,2025-01-06 16:00:00,Female,45,Silver,Web,Chiang Mai,1004,Web,COD,16,1,0,0,40-50,33.46666666666667,0.0,0.0,0.0,-1,-1,0.0,0.0,0.0,0.0,0.0,0.0,0,0,0.0,0.0,0,0,0.0,0.0,0,0,0.0,0.0,0,0,0.0,0
LGS2ORD0000719,C014361,2025-01-06 16:00:00,Male,49,Gold,TV,Chiang Mai,224,Web,Credit_Card,16,1,0,0,40-50,7.466666666666667,0.0,0.0,0.0,-1,-1,0.0,0.0,0.0,0.0,0.0,0.0,0,0,0.0,0.0,0,0,0.0,0.0,0,0,0.0,0.0,0,0,0.0,0
LGS2ORD0000720,C011472,2025-01-06 17:00:00,Male,22,Bronze,Lazada,Chonburi,135,Shopee,COD,17,1,0,0,20-30,4.5,0.0,0.0,0.0,-1,-1,0.0,0.0,0.0,0.0,0.0,0.0,0,0,0.0,0.0,0,0,0.0,0.0,0,0,0.0,0.0,0,0,0.0,0
LGS2ORD0000721,C010660,2025-01-06 17:00:00,Male,20,Bronze,Shopee,Chiang Mai,1357,TV_Show,Credit_Card,17,1,0,0,<20,45.233333333333334,0.0,0.0,0.0,-1,-1,0.0,0.0,0.0,0.0,0.0,0.0,0,0,0.0,0.0,0,0,0.0,0.0,0,0,0.0,0.0,0,0,0.0,0
LGS2ORD0000722,C012518,2025-01-06 17:00:00,Other,46,Bronze,CallCenter,Khon Kaen,328,Lazada,Credit_Card,17,1,0,0,40-50,10.933333333333334,0.0,0.0,0.0,-1,-1,0.0,0.0,0.0,0.0,0.0,0.0,0,0,0.0,0.0,0,0,0.0,0.0,0,0,0.0,0.0,0,0,0.0,0
LGS2ORD0000723,C015739,2025-01-06 17:00:00,Male,50,Bronze,TV,Chiang Mai,554,TV_Show,COD,17,1,0,0,40-50,18.466666666666665,0.0,0.0,0.0,-1,-1,0.0,0.0,0.0,0.0,0.0,0.0,0,0,0.0,0.0,0,0,0.0,0.0,0,0,0.0,0.0,0,0,0.0,1
LGS2ORD0000724,C011762,2025-01-06 17:00:00,Female,72,Bronze,Shopee,Songkhla,1056,Lazada,COD,17,1,0,0,>50,35.2,0.0,0.0,0.0,-1,-1,0.0,0.0,0.0,0.0,0.0,0.0,0,0,0.0,0.0,0,0,0.0,0.0,0,0,0.0,0.0,0,0,0.0,0
LGS2ORD0000725,C014099,2025-01-06 18:00:00,Male,35,Platinum,Lazada,Bangkok,808,Lazada,COD,18,1,0,0,30-40,26.933333333333334,0.0,0.0,0.0,-1,-1,0.0,0.0,0.0,0.0,0.0,0.0,0,0,0.0,0.0,0,0,0.0,0.0,0,0,0.0,0.0,0,0,0.0,0
LGS2ORD0000726,C014676,2025-01-06 18:00:00,Female,43,Bronze,TV,Nakhon Ratchasima,363,Shopee,COD,18,1,0,0,40-50,12.1,0.0,0.0,0.0,-1,-1,0.0,0.0,0.0,0.0,0.0,0.0,0,0,0.0,0.0,0,0,0.0,0.0,0,0,0.0,0.0,0,0,0.0,1
LGS2ORD0000727,C016835,2025-01-06 18:00:00,Male,46,Bronze,CallCenter,Bangkok,479,Shopee,Credit_Card,18,1,0,0,40-50,15.966666666666667,0.0,0.0,0.0,-1,-1,0.0,0.0,0.0,0.0,0.0,0.0,0,0,0.0,0.0,0,0,0.0,0.0,0,0,0.0,0.0,0,0,0.0,0
LGS2ORD0000728,C012544,2025-01-06 18:00:00,Female,28,Platinum,TV,Bangkok,78,Lazada,PromptPay,18,1,0,0,20-30,2.6,0.0,0.0,0.0,-1,-1,0.0,0.0,0.0,0.0,0.0,0.0,0,0,0.0,0.0,0,0,0.0,0.0,0,0,0.0,0.0,0,0,0.0,1
LGS2ORD0000729,C011960,2025-01-06 18:00:00,Male,18,Bronze,Shopee,Chiang Mai,526,TV_Show,COD,18,1,0,0,<20,17.533333333333335,0.0,0.0,0.0,-1,-1,0.0,0.0,0.0,0.0,0.0,0.0,0,0,0.0,0.0,0,0,0.0,0.0,0,0,0.0,0.0,0,0,0.0,1
LGS2ORD0000730,C016431,2025-01-06 19:00:00,Female,21,Platinum,TV,Chiang Mai,195,Web,Credit_Card,19,1,0,0,20-30,6.5,0.0,0.0,0.0,-1,-1,0.0,0.0,0.0,0.0,0.0,0.0,0,0,0.0,0.0,0,0,0.0,0.0,0,0,0.0,0.0,0,0,0.0,0
LGS2ORD0000731,C014345,2025-01-06 19:00:00,Male,56,Bronze,Shopee,Khon Kaen,1450,Shopee,Credit_Card,19,1,0,0,>50,48.333333333333336,0.0,0.0,0.0,-1,-1,0.0,0.0,0.0,0.0,0.0,0.0,0,0,0.0,0.0,0,0,0.0,0.0,0,0,0.0,0.0,0,0,0.0,1
LGS2ORD0000732,C010121,2025-01-06 19:00:00,Female,51,Silver,Shopee,Bangkok,459,Lazada,PromptPay,19,1,0,0,>50,15.3,0.0,0.0,0.0,-1,-1,0.0,0.0,0.0,0.0,0.0,0.0,0,0,0.0,0.0,0,0,0.0,0.0,0,0,0.0,0.0,0,0,0.0,0
LGS2ORD0000733,C012439,2025-01-06 19:00:00,Male,51,Bronze,TV,Khon Kaen,957,Web,Credit_Card,19,1,0,0,>50,31.9,0.0,0.0,0.0,-1,-1,0.0,0.0,0.0,0.0,0.0,0.0,0,0,0.0,0.0,0,0,0.0,0.0,0,0,0.0,0.0,0,0,0.0,0
LGS2ORD0000734,C010583,2025-01-06 19:00:00,Female,56,Bronze,Shopee,Bangkok,726,Web,COD,19,1,0,0,>50,24.2,0.0,0.0,0.0,-1,-1,0.0,0.0,0.0,0.0,0.0,0.0,0,0,0.0,0.0,0,0,0.0,0.0,0,0,0.0,0.0,0,0,0.0,0
LGS2ORD0000735,C015306,2025-01-06 20:00:00,Male,42,Bronze,TV,Chiang Mai,830,TV_Show,PromptPay,20,1,0,0,40-50,27.666666666666668,0.0,0.0,0.0,-1,-1,0.0,0.0,0.0,0.0,0.0,0.0,0,0,0.0,0.0,0,0,0.0,0.0,0,0,0.0,0.0,0,0,0.0,0
LGS2ORD0000736,C010839,2025-01-06 20:00:00,Female,57,Silver,Web,Phuket,99,Web,COD,20,1,0,0,>50,3.3,0.0,0.0,0.0,-1,-1,0.0,0.0,0.0,0.0,0.0,0.0,0,0,0.0,0.0,0,0,0.0,0.0,0,0,0.0,0.0,0,0,0.0,1
LGS2ORD0000737,C014207,2025-01-06 20:00:00,Male,28,Bronze,Lazada,Bangkok,807,Web,COD,20,1,0,0,20-30,26.9,0.0,0.0,0.0,-1,-1,0.0,0.0,0.0,0.0,0.0,0.0,0,0,0.0,0.0,0,0,0.0,0.0,0,0,0.0,0.0,0,0,0.0,0
LGS2ORD0000738,C011809,2025-01-06 20:00:00,Female,37,Bronze,TV,Songkhla,482,TV_Show,COD,20,1,0,0,30-40,16.066666666666666,0.0,0.0,0.0,-1,-1,0.0,0.0,0.0,0.0,0.0,0.0,0,0,0.0,0.0,0,0,0.0,0.0,0,0,0.0,0.0,0,0,0.0,1
LGS2ORD0000739,C010060,2025-01-06 20:00:00,Female,26,Bronze,Web,Khon Kaen,712,Web,Credit_Card,20,1,0,0,20-30,23.733333333333334,0.0,0.0,0.0,-1,-1,0.0,0.0,0.0,0.0,0.0,0.0,0,0,0.0,0.0,0,0,0.0,0.0,0,0,0.0,0.0,0,0,0.0,0
LGS2ORD0000740,C013741,2025-01-06 20:00:00,Female,43,Bronze,Lazada,Remote_Area,1460,Web,Bank_Transfer,20,1,0,0,40-50,48.666666666666664,0.0,0.0,0.0,-1,-1,0.0,0.0,0.0,0.0,0.0,0.0,0,0,0.0,0.0,0,0,0.0,0.0,0,0,0.0,0.0,0,0,0.0,1
LGS2ORD0000741,C016803,2025-01-06 21:00:00,Male,23,Silver,TV,Chiang Mai,168,CallCenter,Bank_Transfer,21,1,0,0,20-30,5.6,0.0,0.0,0.0,-1,-1,0.0,0.0,0.0,0.0,0.0,0.0,0,0,0.0,0.0,0,0,0.0,0.0,0,0,0.0,0.0,0,0,0.0,0
LGS2ORD0000742,C013807,2025-01-06 21:00:00,Female,32,Gold,Shopee,Chiang Mai,403,Lazada,PromptPay,21,1,0,0,30-40,13.433333333333334,0.0,0.0,0.0,-1,-1,0.0,0.0,0.0,0.0,0.0,0.0,0,0,0.0,0.0,0,0,0.0,0.0,0,0,0.0,0.0,0,0,0.0,0
LGS2ORD0000743,C014807,2025-01-06 21:00:00,Male,62,Silver,Web,Khon Kaen,768,Web,Bank_Transfer,21,1,0,0,>50,25.6,0.0,0.0,0.0,-1,-1,0.0,0.0,0.0,0.0,0.0,0.0,0,0,0.0,0.0,0,0,0.0,0.0,0,0,0.0,0.0,0,0,0.0,0
LGS2ORD0000744,C017686,2025-01-06 21:00:00,Female,42,Gold,Shopee,Khon Kaen,992,Shopee,PromptPay,21,1,0,0,40-50,33.06666666666667,0.0,0.0,0.0,-1,-1,0.0,0.0,0.0,0.0,0.0,0.0,0,0,0.0,0.0,0,0,0.0,0.0,0,0,0.0,0.0,0,0,0.0,0
LGS2ORD0000745,C015124,2025-01-06 21:00:00,Female,54,Bronze,TV,Nakhon Ratchasima,38,CallCenter,COD,21,1,0,0,>50,1.2666666666666666,0.0,0.0,0.0,-1,-1,0.0,0.0,0.0,0.0,0.0,0.0,0,0,0.0,0.0,0,0,0.0,0.0,0,0,0.0,0.0,0,0,0.0,0
LGS2ORD0000746,C010139,2025-01-06 22:00:00,Female,51,Silver,TV,Phuket,619,TV_Show,COD,22,1,0,0,>50,20.633333333333333,0.0,0.0,0.0,-1,-1,0.0,0.0,0.0,0.0,0.0,0.0,0,0,0.0,0.0,0,0,0.0,0.0,0,0,0.0,0.0,0,0,0.0,1
LGS2ORD0000747,C014626,2025-01-06 22:00:00,Male,43,Bronze,Shopee,Khon Kaen,882,Shopee,PromptPay,22,1,0,0,40-50,29.4,0.0,0.0,0.0,-1,-1,0.0,0.0,0.0,0.0,0.0,0.0,0,0,0.0,0.0,0,0,0.0,0.0,0,0,0.0,0.0,0,0,0.0,1
LGS2ORD0000748,C010473,2025-01-06 22:00:00,Male,44,Gold,TV,Phuket,59,Lazada,Credit_Card,22,1,0,0,40-50,1.9666666666666666,0.0,0.0,0.0,-1,-1,0.0,0.0,0.0,0.0,0.0,0.0,0,0,0.0,0.0,0,0,0.0,0.0,0,0,0.0,0.0,0,0,0.0,0
LGS2ORD0000749,C016173,2025-01-06 22:00:00,Female,45,Gold,TV,Remote_Area,1015,CallCenter,COD,22,1,0,0,40-50,33.833333333333336,0.0,0.0,0.0,-1,-1,0.0,0.0,0.0,0.0,0.0,0.0,0,0,0.0,0.0,0,0,0.0,0.0,0,0,0.0,0.0,0,0,0.0,0
LGS2ORD0000750,C012543,2025-01-06 22:00:00,Male,51,Bronze,Lazada,Chiang Mai,430,CallCenter,PromptPay,22,1,0,0,>50,14.333333333333334,1.0,0.0,0.0,-1,0,7892.45,0.03,0.0,0.0,0.0,7892.45,1,0,0.0,7892.45,1,0,0.0,7892.45,1,0,0.0,7892.45,1,0,0.0,0
LGS2ORD0000751,C012486,2025-01-06 23:00:00,Male,56,Platinum,Lazada,Bangkok,188,Shopee,COD,23,1,0,0,>50,6.266666666666667,0.0,0.0,0.0,-1,-1,0.0,0.0,0.0,0.0,0.0,0.0,0,0,0.0,0.0,0,0,0.0,0.0,0,0,0.0,0.0,0,0,0.0,0
LGS2ORD0000752,C010531,2025-01-06 23:00:00,Male,42,Bronze,Shopee,Bangkok,1381,Shopee,COD,23,1,0,0,40-50,46.03333333333333,0.0,0.0,0.0,-1,-1,0.0,0.0,0.0,0.0,0.0,0.0,0,0,0.0,0.0,0,0,0.0,0.0,0,0,0.0,0.0,0,0,0.0,0
LGS2ORD0000753,C016887,2025-01-06 23:00:00,Male,44,Silver,CallCenter,Bangkok,1009,Shopee,Bank_Transfer,23,1,0,0,40-50,33.63333333333333,0.0,0.0,0.0,-1,-1,0.0,0.0,0.0,0.0,0.0,0.0,0,0,0.0,0.0,0,0,0.0,0.0,0,0,0.0,0.0,0,0,0.0,0
LGS2ORD0000754,C012166,2025-01-06 23:00:00,Female,64,Bronze,TV,Remote_Area,1243,Web,Credit_Card,23,1,0,0,>50,41.43333333333333,0.0,0.0,0.0,-1,-1,0.0,0.0,0.0,0.0,0.0,0.0,0,0,0.0,0.0,0,0,0.0,0.0,0,0,0.0,0.0,0,0,0.0,1
LGS2ORD0000755,C013950,2025-01-06 23:00:00,Male,42,Bronze,TV,Nakhon Ratchasima,1398,Lazada,Credit_Card,23,1,0,0,40-50,46.6,0.0,0.0,0.0,-1,-1,0.0,0.0,0.0,0.0,0.0,0.0,0,0,0.0,0.0,0,0,0.0,0.0,0,0,0.0,0.0,0,0,0.0,0
LGS2ORD0000756,C010224,2025-01-06 23:00:00,Female,64,Bronze,Web,Khon Kaen,147,TV_Show,COD,23,1,0,0,>50,4.9,0.0,0.0,0.0,-1,-1,0.0,0.0,0.0,0.0,0.0,0.0,0,0,0.0,0.0,0,0,0.0,0.0,0,0,0.0,0.0,0,0,0.0,1
LGS2ORD0000757,C011423,2025-01-07 00:00:00,Other,60,Bronze,Shopee,Bangkok,1420,Shopee,COD,0,1,1,0,>50,47.333333333333336,0.0,0.0,0.0,-1,-1,0.0,0.0,0.0,0.0,0.0,0.0,0,0,0.0,0.0,0,0,0.0,0.0,0,0,0.0,0.0,0,0,0.0,1
LGS2ORD0000758,C017135,2025-01-07 00:00:00,Female,30,Bronze,TV,Bangkok,1412,Shopee,PromptPay,0,1,1,0,20-30,47.06666666666667,0.0,0.0,0.0,-1,-1,0.0,0.0,0.0,0.0,0.0,0.0,0,0,0.0,0.0,0,0,0.0,0.0,0,0,0.0,0.0,0,0,0.0,0
LGS2ORD0000759,C017720,2025-01-07 00:00:00,Female,39,Silver,Lazada,Bangkok,823,Lazada,PromptPay,0,1,1,0,30-40,27.433333333333334,0.0,0.0,0.0,-1,-1,0.0,0.0,0.0,0.0,0.0,0.0,0,0,0.0,0.0,0,0,0.0,0.0,0,0,0.0,0.0,0,0,0.0,0
LGS2ORD0000760,C012063,2025-01-07 00:00:00,Female,59,Silver,Shopee,Chiang Mai,1233,TV_Show,PromptPay,0,1,1,0,>50,41.1,0.0,0.0,0.0,-1,-1,0.0,0.0,0.0,0.0,0.0,0.0,0,0,0.0,0.0,0,0,0.0,0.0,0,0,0.0,0.0,0,0,0.0,0
LGS2ORD0000761,C012679,2025-01-07 00:00:00,Male,46,Silver,Lazada,Khon Kaen,1232,CallCenter,Credit_Card,0,1,1,0,40-50,41.06666666666667,0.0,0.0,0.0,-1,-1,0.0,0.0,0.0,0.0,0.0,0.0,0,0,0.0,0.0,0,0,0.0,0.0,0,0,0.0,0.0,0,0,0.0,0
LGS2ORD0000762,C016728,2025-01-07 01:00:00,Female,44,Bronze,TV,Khon Kaen,647,Shopee,COD,1,1,1,0,40-50,21.566666666666666,0.0,0.0,0.0,-1,-1,0.0,0.0,0.0,0.0,0.0,0.0,0,0,0.0,0.0,0,0,0.0,0.0,0,0,0.0,0.0,0,0,0.0,0
LGS2ORD0000763,C016070,2025-01-07 01:00:00,Male,43,Bronze,Shopee,Bangkok,1250,Shopee,Credit_Card,1,1,1,0,40-50,41.666666666666664,0.0,0.0,0.0,-1,-1,0.0,0.0,0.0,0.0,0.0,0.0,0,0,0.0,0.0,0,0,0.0,0.0,0,0,0.0,0.0,0,0,0.0,0
LGS2ORD0000764,C010740,2025-01-07 01:00:00,Female,53,Bronze,Lazada,Bangkok,528,TV_Show,PromptPay,1,1,1,0,>50,17.6,0.0,0.0,0.0,-1,-1,0.0,0.0,0.0,0.0,0.0,0.0,0,0,0.0,0.0,0,0,0.0,0.0,0,0,0.0,0.0,0,0,0.0,0
LGS2ORD0000765,C016374,2025-01-07 01:00:00,Female,48,Platinum,Shopee,Khon Kaen,389,TV_Show,PromptPay,1,1,1,0,40-50,12.966666666666667,0.0,0.0,0.0,-1,-1,0.0,0.0,0.0,0.0,0.0,0.0,0,0,0.0,0.0,0,0,0.0,0.0,0,0,0.0,0.0,0,0,0.0,0
LGS2ORD0000766,C016267,2025-01-07 01:00:00,Female,49,Silver,TV,Bangkok,949,CallCenter,Bank_Transfer,1,1,1,0,40-50,31.633333333333333,1.0,0.0,0.0,-1,5,13289.62,0.05,0.0,0.0,0.0,13289.62,1,0,0.0,13289.62,1,0,0.0,13289.62,1,0,0.0,13289.62,1,0,0.0,0
LGS2ORD0000767,C014643,2025-01-07 02:00:00,Male,58,Bronze,Lazada,Chonburi,169,Shopee,COD,2,1,1,0,>50,5.633333333333334,0.0,0.0,0.0,-1,-1,0.0,0.0,0.0,0.0,0.0,0.0,0,0,0.0,0.0,0,0,0.0,0.0,0,0,0.0,0.0,0,0,0.0,0
LGS2ORD0000768,C013973,2025-01-07 02:00:00,Female,35,Bronze,TV,Phuket,1344,Web,Credit_Card,2,1,1,0,30-40,44.8,0.0,0.0,0.0,-1,-1,0.0,0.0,0.0,0.0,0.0,0.0,0,0,0.0,0.0,0,0,0.0,0.0,0,0,0.0,0.0,0,0,0.0,0
LGS2ORD0000769,C014247,2025-01-07 02:00:00,Female,67,Bronze,Lazada,Songkhla,839,CallCenter,Bank_Transfer,2,1,1,0,>50,27.966666666666665,0.0,0.0,0.0,-1,-1,0.0,0.0,0.0,0.0,0.0,0.0,0,0,0.0,0.0,0,0,0.0,0.0,0,0,0.0,0.0,0,0,0.0,0
LGS2ORD0000770,C012965,2025-01-07 02:00:00,Male,61,Bronze,TV,Bangkok,939,TV_Show,Credit_Card,2,1,1,0,>50,31.3,0.0,0.0,0.0,-1,-1,0.0,0.0,0.0,0.0,0.0,0.0,0,0,0.0,0.0,0,0,0.0,0.0,0,0,0.0,0.0,0,0,0.0,0
LGS2ORD0000771,C013375,2025-01-07 02:00:00,Male,29,Platinum,TV,Bangkok,196,Lazada,Bank_Transfer,2,1,1,0,20-30,6.533333333333333,0.0,0.0,0.0,-1,-1,0.0,0.0,0.0,0.0,0.0,0.0,0,0,0.0,0.0,0,0,0.0,0.0,0,0,0.0,0.0,0,0,0.0,0
LGS2ORD0000772,C016003,2025-01-07 03:00:00,Female,33,Bronze,TV,Bangkok,782,TV_Show,PromptPay,3,1,1,0,30-40,26.066666666666666,1.0,0.0,0.0,-1,2,5511.17,0.18,0.0,0.0,0.0,5511.17,1,0,0.0,5511.17,1,0,0.0,5511.17,1,0,0.0,5511.17,1,0,0.0,1
LGS2ORD0000773,C013408,2025-01-07 03:00:00,Male,58,Bronze,TV,Songkhla,1215,Lazada,Credit_Card,3,1,1,0,>50,40.5,0.0,0.0,0.0,-1,-1,0.0,0.0,0.0,0.0,0.0,0.0,0,0,0.0,0.0,0,0,0.0,0.0,0,0,0.0,0.0,0,0,0.0,0
LGS2ORD0000774,C010650,2025-01-07 03:00:00,Female,63,Gold,Lazada,Phuket,1218,TV_Show,COD,3,1,1,0,>50,40.6,0.0,0.0,0.0,-1,-1,0.0,0.0,0.0,0.0,0.0,0.0,0,0,0.0,0.0,0,0,0.0,0.0,0,0,0.0,0.0,0,0,0.0,1
LGS2ORD0000775,C017246,2025-01-07 03:00:00,Female,29,Bronze,TV,Bangkok,384,Shopee,COD,3,1,1,0,20-30,12.8,0.0,0.0,0.0,-1,-1,0.0,0.0,0.0,0.0,0.0,0.0,0,0,0.0,0.0,0,0,0.0,0.0,0,0,0.0,0.0,0,0,0.0,0
LGS2ORD0000776,C013113,2025-01-07 03:00:00,Male,30,Silver,Lazada,Khon Kaen,536,Web,COD,3,1,1,0,20-30,17.866666666666667,0.0,0.0,0.0,-1,-1,0.0,0.0,0.0,0.0,0.0,0.0,0,0,0.0,0.0,0,0,0.0,0.0,0,0,0.0,0.0,0,0,0.0,1
LGS2ORD0000777,C016873,2025-01-07 03:00:00,Male,40,Bronze,TV,Chiang Mai,106,TV_Show,COD,3,1,1,0,30-40,3.533333333333333,0.0,0.0,0.0,-1,-1,0.0,0.0,0.0,0.0,0.0,0.0,0,0,0.0,0.0,0,0,0.0,0.0,0,0,0.0,0.0,0,0,0.0,1
LGS2ORD0000778,C017495,2025-01-07 04:00:00,Male,24,Bronze,CallCenter,Bangkok,702,Web,Credit_Card,4,1,1,0,20-30,23.4,0.0,0.0,0.0,-1,-1,0.0,0.0,0.0,0.0,0.0,0.0,0,0,0.0,0.0,0,0,0.0,0.0,0,0,0.0,0.0,0,0,0.0,1
LGS2ORD0000779,C017034,2025-01-07 04:00:00,Female,28,Bronze,Shopee,Songkhla,490,Shopee,Credit_Card,4,1,1,0,20-30,16.333333333333332,1.0,0.0,0.0,-1,3,1006.51,0.03,0.0,0.0,0.0,1006.51,1,0,0.0,1006.51,1,0,0.0,1006.51,1,0,0.0,1006.51,1,0,0.0,0
LGS2ORD0000780,C015189,2025-01-07 04:00:00,Male,35,Bronze,TV,Remote_Area,355,TV_Show,COD,4,1,1,0,30-40,11.833333333333334,0.0,0.0,0.0,-1,-1,0.0,0.0,0.0,0.0,0.0,0.0,0,0,0.0,0.0,0,0,0.0,0.0,0,0,0.0,0.0,0,0,0.0,1
LGS2ORD0000781,C016948,2025-01-07 04:00:00,Male,37,Bronze,Lazada,Bangkok,692,CallCenter,Credit_Card,4,1,1,0,30-40,23.066666666666666,0.0,0.0,0.0,-1,-1,0.0,0.0,0.0,0.0,0.0,0.0,0,0,0.0,0.0,0,0,0.0,0.0,0,0,0.0,0.0,0,0,0.0,0
LGS2ORD0000782,C017499,2025-01-07 04:00:00,Female,41,Bronze,Shopee,Chonburi,1039,Shopee,COD,4,1,1,0,40-50,34.63333333333333,0.0,0.0,0.0,-1,-1,0.0,0.0,0.0,0.0,0.0,0.0,0,0,0.0,0.0,0,0,0.0,0.0,0,0,0.0,0.0,0,0,0.0,1
LGS2ORD0000783,C017862,2025-01-07 05:00:00,Female,42,Bronze,Shopee,Khon Kaen,513,Shopee,Credit_Card,5,1,1,0,40-50,17.1,1.0,1.0,1.0,-8,1,2057.11,0.28,1.0,1.0,0.0,2057.11,1,1,1.0,2057.11,1,1,1.0,2057.11,1,1,1.0,2057.11,1,1,1.0,1
LGS2ORD0000784,C014264,2025-01-07 05:00:00,Female,41,Bronze,Shopee,Chiang Mai,703,TV_Show,COD,5,1,1,0,40-50,23.433333333333334,1.0,0.0,0.0,-1,4,23417.98,0.03,1.0,0.0,0.0,23417.98,1,0,0.0,23417.98,1,0,0.0,23417.98,1,0,0.0,23417.98,1,0,0.0,0
LGS2ORD0000785,C010359,2025-01-07 05:00:00,Male,54,Bronze,TV,Nakhon Ratchasima,710,TV_Show,COD,5,1,1,0,>50,23.666666666666668,0.0,0.0,0.0,-1,-1,0.0,0.0,0.0,0.0,0.0,0.0,0,0,0.0,0.0,0,0,0.0,0.0,0,0,0.0,0.0,0,0,0.0,0
LGS2ORD0000786,C017349,2025-01-07 05:00:00,Female,50,Bronze,Shopee,Nakhon Ratchasima,389,TV_Show,COD,5,1,1,0,40-50,12.966666666666667,0.0,0.0,0.0,-1,-1,0.0,0.0,0.0,0.0,0.0,0.0,0,0,0.0,0.0,0,0,0.0,0.0,0,0,0.0,0.0,0,0,0.0,1
LGS2ORD0000787,C013753,2025-01-07 05:00:00,Male,40,Platinum,Web,Khon Kaen,1448,TV_Show,Credit_Card,5,1,1,0,30-40,48.266666666666666,0.0,0.0,0.0,-1,-1,0.0,0.0,0.0,0.0,0.0,0.0,0,0,0.0,0.0,0,0,0.0,0.0,0,0,0.0,0.0,0,0,0.0,0
LGS2ORD0000788,C017718,2025-01-07 06:00:00,Female,24,Gold,Shopee,Songkhla,346,Shopee,Credit_Card,6,1,1,0,20-30,11.533333333333333,0.0,0.0,0.0,-1,-1,0.0,0.0,0.0,0.0,0.0,0.0,0,0,0.0,0.0,0,0,0.0,0.0,0,0,0.0,0.0,0,0,0.0,0
LGS2ORD0000789,C013838,2025-01-07 06:00:00,Male,60,Bronze,CallCenter,Remote_Area,102,Shopee,Bank_Transfer,6,1,1,0,>50,3.4,0.0,0.0,0.0,-1,-1,0.0,0.0,0.0,0.0,0.0,0.0,0,0,0.0,0.0,0,0,0.0,0.0,0,0,0.0,0.0,0,0,0.0,0
LGS2ORD0000790,C015622,2025-01-07 06:00:00,Female,34,Bronze,TV,Chiang Mai,92,Shopee,PromptPay,6,1,1,0,30-40,3.066666666666667,0.0,0.0,0.0,-1,-1,0.0,0.0,0.0,0.0,0.0,0.0,0,0,0.0,0.0,0,0,0.0,0.0,0,0,0.0,0.0,0,0,0.0,1
LGS2ORD0000791,C012979,2025-01-07 06:00:00,Female,63,Bronze,Web,Remote_Area,433,Shopee,COD,6,1,1,0,>50,14.433333333333334,0.0,0.0,0.0,-1,-1,0.0,0.0,0.0,0.0,0.0,0.0,0,0,0.0,0.0,0,0,0.0,0.0,0,0,0.0,0.0,0,0,0.0,0
LGS2ORD0000792,C011260,2025-01-07 06:00:00,Female,36,Bronze,Web,Chiang Mai,673,TV_Show,PromptPay,6,1,1,0,30-40,22.433333333333334,0.0,0.0,0.0,-1,-1,0.0,0.0,0.0,0.0,0.0,0.0,0,0,0.0,0.0,0,0,0.0,0.0,0,0,0.0,0.0,0,0,0.0,0
LGS2ORD0000793,C013432,2025-01-07 07:00:00,Male,57,Bronze,Shopee,Chonburi,830,CallCenter,COD,7,1,1,0,>50,27.666666666666668,0.0,0.0,0.0,-1,-1,0.0,0.0,0.0,0.0,0.0,0.0,0,0,0.0,0.0,0,0,0.0,0.0,0,0,0.0,0.0,0,0,0.0,0
LGS2ORD0000794,C015845,2025-01-07 07:00:00,Female,34,Gold,TV,Bangkok,337,Shopee,Credit_Card,7,1,1,0,30-40,11.233333333333333,0.0,0.0,0.0,-1,-1,0.0,0.0,0.0,0.0,0.0,0.0,0,0,0.0,0.0,0,0,0.0,0.0,0,0,0.0,0.0,0,0,0.0,0
LGS2ORD0000795,C012387,2025-01-07 07:00:00,Other,31,Bronze,TV,Bangkok,949,Lazada,PromptPay,7,1,1,0,30-40,31.633333333333333,0.0,0.0,0.0,-1,-1,0.0,0.0,0.0,0.0,0.0,0.0,0,0,0.0,0.0,0,0,0.0,0.0,0,0,0.0,0.0,0,0,0.0,0
LGS2ORD0000796,C011332,2025-01-07 07:00:00,Female,47,Platinum,Web,Songkhla,1403,CallCenter,COD,7,1,1,0,40-50,46.766666666666666,0.0,0.0,0.0,-1,-1,0.0,0.0,0.0,0.0,0.0,0.0,0,0,0.0,0.0,0,0,0.0,0.0,0,0,0.0,0.0,0,0,0.0,0
LGS2ORD0000797,C010687,2025-01-07 07:00:00,Other,43,Silver,TV,Nakhon Ratchasima,1020,TV_Show,COD,7,1,1,0,40-50,34.0,0.0,0.0,0.0,-1,-1,0.0,0.0,0.0,0.0,0.0,0.0,0,0,0.0,0.0,0,0,0.0,0.0,0,0,0.0,0.0,0,0,0.0,0
LGS2ORD0000798,C017718,2025-01-07 07:00:00,Female,24,Gold,Shopee,Songkhla,346,TV_Show,Bank_Transfer,7,1,1,0,20-30,11.533333333333333,1.0,0.0,0.0,-1,0,5857.97,0.13,0.0,0.0,0.0,5857.97,1,0,0.0,5857.97,1,0,0.0,5857.97,1,0,0.0,5857.97,1,0,0.0,0
LGS2ORD0000799,C015148,2025-01-07 08:00:00,Female,35,Bronze,TV,Phuket,1274,Shopee,Credit_Card,8,1,1,0,30-40,42.46666666666667,0.0,0.0,0.0,-1,-1,0.0,0.0,0.0,0.0,0.0,0.0,0,0,0.0,0.0,0,0,0.0,0.0,0,0,0.0,0.0,0,0,0.0,0
LGS2ORD0000800,C016420,2025-01-07 08:00:00,Female,33,Bronze,TV,Chiang Mai,753,Web,COD,8,1,1,0,30-40,25.1,1.0,0.0,0.0,-1,6,891.67,0.18,0.0,0.0,0.0,891.67,1,0,0.0,891.67,1,0,0.0,891.67,1,0,0.0,891.67,1,0,0.0,1
LGS2ORD0000801,C011285,2025-01-07 08:00:00,Female,43,Bronze,Shopee,Bangkok,1203,Lazada,Bank_Transfer,8,1,1,0,40-50,40.1,0.0,0.0,0.0,-1,-1,0.0,0.0,0.0,0.0,0.0,0.0,0,0,0.0,0.0,0,0,0.0,0.0,0,0,0.0,0.0,0,0,0.0,0
LGS2ORD0000802,C011876,2025-01-07 08:00:00,Male,72,Bronze,CallCenter,Chonburi,246,CallCenter,PromptPay,8,1,1,0,>50,8.2,0.0,0.0,0.0,-1,-1,0.0,0.0,0.0,0.0,0.0,0.0,0,0,0.0,0.0,0,0,0.0,0.0,0,0,0.0,0.0,0,0,0.0,0
LGS2ORD0000803,C011981,2025-01-07 08:00:00,Male,59,Bronze,Web,Remote_Area,1040,Shopee,Credit_Card,8,1,1,0,>50,34.666666666666664,0.0,0.0,0.0,-1,-1,0.0,0.0,0.0,0.0,0.0,0.0,0,0,0.0,0.0,0,0,0.0,0.0,0,0,0.0,0.0,0,0,0.0,0
LGS2ORD0000804,C010566,2025-01-07 09:00:00,Male,32,Bronze,TV,Chiang Mai,255,Web,COD,9,1,1,0,30-40,8.5,0.0,0.0,0.0,-1,-1,0.0,0.0,0.0,0.0,0.0,0.0,0,0,0.0,0.0,0,0,0.0,0.0,0,0,0.0,0.0,0,0,0.0,0
LGS2ORD0000805,C013171,2025-01-07 09:00:00,Female,45,Silver,Web,Chonburi,355,Shopee,Credit_Card,9,1,1,0,40-50,11.833333333333334,0.0,0.0,0.0,-1,-1,0.0,0.0,0.0,0.0,0.0,0.0,0,0,0.0,0.0,0,0,0.0,0.0,0,0,0.0,0.0,0,0,0.0,0
LGS2ORD0000806,C011696,2025-01-07 09:00:00,Female,51,Silver,CallCenter,Bangkok,394,Web,COD,9,1,1,0,>50,13.133333333333333,1.0,1.0,1.0,-12,2,4025.24,0.05,1.0,0.0,0.0,4025.24,1,1,1.0,4025.24,1,1,1.0,4025.24,1,1,1.0,4025.24,1,1,1.0,0
LGS2ORD0000807,C017846,2025-01-07 09:00:00,Female,54,Gold,TV,Songkhla,323,TV_Show,Credit_Card,9,1,1,0,>50,10.766666666666667,0.0,0.0,0.0,-1,-1,0.0,0.0,0.0,0.0,0.0,0.0,0,0,0.0,0.0,0,0,0.0,0.0,0,0,0.0,0.0,0,0,0.0,0
LGS2ORD0000808,C013746,2025-01-07 09:00:00,Female,49,Gold,Shopee,Bangkok,143,TV_Show,Credit_Card,9,1,1,0,40-50,4.766666666666667,2.0,0.0,0.0,-1,1,1739.76,0.18,0.0,0.0,0.0,3479.52,2,0,0.0,3479.52,2,0,0.0,3479.52,2,0,0.0,3479.52,2,0,0.0,0
LGS2ORD0000809,C010770,2025-01-07 10:00:00,Female,29,Bronze,TV,Bangkok,1238,CallCenter,Credit_Card,10,1,1,0,20-30,41.266666666666666,0.0,0.0,0.0,-1,-1,0.0,0.0,0.0,0.0,0.0,0.0,0,0,0.0,0.0,0,0,0.0,0.0,0,0,0.0,0.0,0,0,0.0,0
LGS2ORD0000810,C010087,2025-01-07 10:00:00,Female,41,Bronze,Shopee,Chiang Mai,947,Web,Bank_Transfer,10,1,1,0,40-50,31.566666666666666,0.0,0.0,0.0,-1,-1,0.0,0.0,0.0,0.0,0.0,0.0,0,0,0.0,0.0,0,0,0.0,0.0,0,0,0.0,0.0,0,0,0.0,0
LGS2ORD0000811,C017460,2025-01-07 10:00:00,Female,37,Silver,TV,Chiang Mai,784,TV_Show,COD,10,1,1,0,30-40,26.133333333333333,0.0,0.0,0.0,-1,-1,0.0,0.0,0.0,0.0,0.0,0.0,0,0,0.0,0.0,0,0,0.0,0.0,0,0,0.0,0.0,0,0,0.0,0
LGS2ORD0000812,C013847,2025-01-07 10:00:00,Female,49,Bronze,Shopee,Chonburi,1095,TV_Show,PromptPay,10,1,1,0,40-50,36.5,0.0,0.0,0.0,-1,-1,0.0,0.0,0.0,0.0,0.0,0.0,0,0,0.0,0.0,0,0,0.0,0.0,0,0,0.0,0.0,0,0,0.0,0
LGS2ORD0000813,C013771,2025-01-07 10:00:00,Male,39,Platinum,Web,Bangkok,544,Shopee,Credit_Card,10,1,1,0,30-40,18.133333333333333,0.0,0.0,0.0,-1,-1,0.0,0.0,0.0,0.0,0.0,0.0,0,0,0.0,0.0,0,0,0.0,0.0,0,0,0.0,0.0,0,0,0.0,1
LGS2ORD0000814,C016113,2025-01-07 11:00:00,Female,37,Bronze,TV,Chiang Mai,1176,Shopee,COD,11,1,1,0,30-40,39.2,0.0,0.0,0.0,-1,-1,0.0,0.0,0.0,0.0,0.0,0.0,0,0,0.0,0.0,0,0,0.0,0.0,0,0,0.0,0.0,0,0,0.0,0
LGS2ORD0000815,C012981,2025-01-07 11:00:00,Female,39,Silver,Web,Chiang Mai,1273,Web,COD,11,1,1,0,30-40,42.43333333333333,0.0,0.0,0.0,-1,-1,0.0,0.0,0.0,0.0,0.0,0.0,0,0,0.0,0.0,0,0,0.0,0.0,0,0,0.0,0.0,0,0,0.0,1
LGS2ORD0000816,C015820,2025-01-07 11:00:00,Female,33,Platinum,Shopee,Songkhla,68,Web,PromptPay,11,1,1,0,30-40,2.2666666666666666,0.0,0.0,0.0,-1,-1,0.0,0.0,0.0,0.0,0.0,0.0,0,0,0.0,0.0,0,0,0.0,0.0,0,0,0.0,0.0,0,0,0.0,0
LGS2ORD0000817,C012504,2025-01-07 11:00:00,Other,44,Bronze,CallCenter,Bangkok,116,Shopee,Credit_Card,11,1,1,0,40-50,3.8666666666666667,0.0,0.0,0.0,-1,-1,0.0,0.0,0.0,0.0,0.0,0.0,0,0,0.0,0.0,0,0,0.0,0.0,0,0,0.0,0.0,0,0,0.0,1
LGS2ORD0000818,C013220,2025-01-07 11:00:00,Female,30,Silver,CallCenter,Bangkok,1303,Lazada,Credit_Card,11,1,1,0,20-30,43.43333333333333,0.0,0.0,0.0,-1,-1,0.0,0.0,0.0,0.0,0.0,0.0,0,0,0.0,0.0,0,0,0.0,0.0,0,0,0.0,0.0,0,0,0.0,0
LGS2ORD0000819,C010880,2025-01-07 11:00:00,Female,35,Bronze,Web,Chiang Mai,596,Web,Bank_Transfer,11,1,1,0,30-40,19.866666666666667,0.0,0.0,0.0,-1,-1,0.0,0.0,0.0,0.0,0.0,0.0,0,0,0.0,0.0,0,0,0.0,0.0,0,0,0.0,0.0,0,0,0.0,0
LGS2ORD0000820,C016437,2025-01-07 12:00:00,Female,35,Bronze,Web,Songkhla,565,Shopee,Credit_Card,12,1,1,0,30-40,18.833333333333332,1.0,0.0,0.0,-1,3,16760.57,0.23,1.0,1.0,0.0,16760.57,1,0,0.0,16760.57,1,0,0.0,16760.57,1,0,0.0,16760.57,1,0,0.0,1
LGS2ORD0000821,C011568,2025-01-07 12:00:00,Female,43,Bronze,Web,Remote_Area,249,Web,Bank_Transfer,12,1,1,0,40-50,8.3,0.0,0.0,0.0,-1,-1,0.0,0.0,0.0,0.0,0.0,0.0,0,0,0.0,0.0,0,0,0.0,0.0,0,0,0.0,0.0,0,0,0.0,1
LGS2ORD0000822,C012712,2025-01-07 12:00:00,Female,47,Bronze,TV,Songkhla,591,Lazada,Credit_Card,12,1,1,0,40-50,19.7,1.0,0.0,0.0,-1,2,6301.34,0.08,1.0,0.0,0.0,6301.34,1,0,0.0,6301.34,1,0,0.0,6301.34,1,0,0.0,6301.34,1,0,0.0,1
LGS2ORD0000823,C013525,2025-01-07 12:00:00,Female,23,Silver,Shopee,Bangkok,604,CallCenter,COD,12,1,1,0,20-30,20.133333333333333,0.0,0.0,0.0,-1,-1,0.0,0.0,0.0,0.0,0.0,0.0,0,0,0.0,0.0,0,0,0.0,0.0,0,0,0.0,0.0,0,0,0.0,0
LGS2ORD0000824,C013621,2025-01-07 12:00:00,Male,36,Bronze,TV,Bangkok,913,Shopee,COD,12,1,1,0,30-40,30.433333333333334,0.0,0.0,0.0,-1,-1,0.0,0.0,0.0,0.0,0.0,0.0,0,0,0.0,0.0,0,0,0.0,0.0,0,0,0.0,0.0,0,0,0.0,1
LGS2ORD0000825,C016159,2025-01-07 13:00:00,Female,48,Bronze,CallCenter,Bangkok,118,CallCenter,PromptPay,13,1,1,0,40-50,3.933333333333333,0.0,0.0,0.0,-1,-1,0.0,0.0,0.0,0.0,0.0,0.0,0,0,0.0,0.0,0,0,0.0,0.0,0,0,0.0,0.0,0,0,0.0,0
LGS2ORD0000826,C012342,2025-01-07 13:00:00,Other,43,Platinum,Lazada,Bangkok,1154,TV_Show,COD,13,1,1,0,40-50,38.46666666666667,0.0,0.0,0.0,-1,-1,0.0,0.0,0.0,0.0,0.0,0.0,0,0,0.0,0.0,0,0,0.0,0.0,0,0,0.0,0.0,0,0,0.0,0
LGS2ORD0000827,C010586,2025-01-07 13:00:00,Female,41,Bronze,Shopee,Khon Kaen,1319,Web,Credit_Card,13,1,1,0,40-50,43.96666666666667,0.0,0.0,0.0,-1,-1,0.0,0.0,0.0,0.0,0.0,0.0,0,0,0.0,0.0,0,0,0.0,0.0,0,0,0.0,0.0,0,0,0.0,0
LGS2ORD0000828,C010331,2025-01-07 13:00:00,Female,54,Silver,TV,Bangkok,379,Web,PromptPay,13,1,1,0,>50,12.633333333333333,0.0,0.0,0.0,-1,-1,0.0,0.0,0.0,0.0,0.0,0.0,0,0,0.0,0.0,0,0,0.0,0.0,0,0,0.0,0.0,0,0,0.0,0
LGS2ORD0000829,C011418,2025-01-07 13:00:00,Female,41,Silver,TV,Songkhla,75,Shopee,Credit_Card,13,1,1,0,40-50,2.5,0.0,0.0,0.0,-1,-1,0.0,0.0,0.0,0.0,0.0,0.0,0,0,0.0,0.0,0,0,0.0,0.0,0,0,0.0,0.0,0,0,0.0,0
LGS2ORD0000830,C017207,2025-01-07 14:00:00,Male,56,Bronze,CallCenter,Chonburi,691,Shopee,COD,14,1,1,0,>50,23.033333333333335,0.0,0.0,0.0,-1,-1,0.0,0.0,0.0,0.0,0.0,0.0,0,0,0.0,0.0,0,0,0.0,0.0,0,0,0.0,0.0,0,0,0.0,0
LGS2ORD0000831,C012279,2025-01-07 14:00:00,Female,36,Silver,Web,Bangkok,232,Web,COD,14,1,1,0,30-40,7.733333333333333,0.0,0.0,0.0,-1,-1,0.0,0.0,0.0,0.0,0.0,0.0,0,0,0.0,0.0,0,0,0.0,0.0,0,0,0.0,0.0,0,0,0.0,0
LGS2ORD0000832,C012928,2025-01-07 14:00:00,Female,67,Gold,TV,Bangkok,295,Lazada,PromptPay,14,1,1,0,>50,9.833333333333334,0.0,0.0,0.0,-1,-1,0.0,0.0,0.0,0.0,0.0,0.0,0,0,0.0,0.0,0,0,0.0,0.0,0,0,0.0,0.0,0,0,0.0,0
LGS2ORD0000833,C010943,2025-01-07 14:00:00,Male,34,Platinum,Lazada,Chiang Mai,145,Lazada,COD,14,1,1,0,30-40,4.833333333333333,0.0,0.0,0.0,-1,-1,0.0,0.0,0.0,0.0,0.0,0.0,0,0,0.0,0.0,0,0,0.0,0.0,0,0,0.0,0.0,0,0,0.0,0
LGS2ORD0000834,C013403,2025-01-07 14:00:00,Female,38,Platinum,Web,Bangkok,1027,Web,COD,14,1,1,0,30-40,34.233333333333334,0.0,0.0,0.0,-1,-1,0.0,0.0,0.0,0.0,0.0,0.0,0,0,0.0,0.0,0,0,0.0,0.0,0,0,0.0,0.0,0,0,0.0,1
LGS2ORD0000835,C013577,2025-01-07 15:00:00,Male,51,Bronze,TV,Chiang Mai,570,Shopee,Bank_Transfer,15,1,1,0,>50,19.0,0.0,0.0,0.0,-1,-1,0.0,0.0,0.0,0.0,0.0,0.0,0,0,0.0,0.0,0,0,0.0,0.0,0,0,0.0,0.0,0,0,0.0,1
LGS2ORD0000836,C011165,2025-01-07 15:00:00,Female,58,Silver,Web,Remote_Area,694,Web,Bank_Transfer,15,1,1,0,>50,23.133333333333333,0.0,0.0,0.0,-1,-1,0.0,0.0,0.0,0.0,0.0,0.0,0,0,0.0,0.0,0,0,0.0,0.0,0,0,0.0,0.0,0,0,0.0,0
LGS2ORD0000837,C013618,2025-01-07 15:00:00,Male,18,Platinum,Web,Chiang Mai,167,TV_Show,PromptPay,15,1,1,0,<20,5.566666666666666,0.0,0.0,0.0,-1,-1,0.0,0.0,0.0,0.0,0.0,0.0,0,0,0.0,0.0,0,0,0.0,0.0,0,0,0.0,0.0,0,0,0.0,1
LGS2ORD0000838,C013623,2025-01-07 15:00:00,Female,47,Bronze,TV,Chonburi,1439,TV_Show,COD,15,1,1,0,40-50,47.96666666666667,0.0,0.0,0.0,-1,-1,0.0,0.0,0.0,0.0,0.0,0.0,0,0,0.0,0.0,0,0,0.0,0.0,0,0,0.0,0.0,0,0,0.0,0
LGS2ORD0000839,C017414,2025-01-07 15:00:00,Male,35,Bronze,TV,Khon Kaen,1109,Web,Credit_Card,15,1,1,0,30-40,36.96666666666667,0.0,0.0,0.0,-1,-1,0.0,0.0,0.0,0.0,0.0,0.0,0,0,0.0,0.0,0,0,0.0,0.0,0,0,0.0,0.0,0,0,0.0,0
LGS2ORD0000840,C017561,2025-01-07 15:00:00,Female,24,Gold,TV,Phuket,656,Web,COD,15,1,1,0,20-30,21.866666666666667,0.0,0.0,0.0,-1,-1,0.0,0.0,0.0,0.0,0.0,0.0,0,0,0.0,0.0,0,0,0.0,0.0,0,0,0.0,0.0,0,0,0.0,1
LGS2ORD0000841,C010541,2025-01-07 16:00:00,Male,49,Bronze,TV,Remote_Area,1189,Shopee,COD,16,1,1,0,40-50,39.63333333333333,1.0,0.0,0.0,-1,6,3443.6,0.08,1.0,0.0,0.0,3443.6,1,0,0.0,3443.6,1,0,0.0,3443.6,1,0,0.0,3443.6,1,0,0.0,1
LGS2ORD0000842,C010753,2025-01-07 16:00:00,Female,60,Gold,Web,Chiang Mai,842,Shopee,Credit_Card,16,1,1,0,>50,28.066666666666666,0.0,0.0,0.0,-1,-1,0.0,0.0,0.0,0.0,0.0,0.0,0,0,0.0,0.0,0,0,0.0,0.0,0,0,0.0,0.0,0,0,0.0,0
LGS2ORD0000843,C014205,2025-01-07 16:00:00,Male,35,Bronze,TV,Songkhla,97,Shopee,COD,16,1,1,0,30-40,3.2333333333333334,0.0,0.0,0.0,-1,-1,0.0,0.0,0.0,0.0,0.0,0.0,0,0,0.0,0.0,0,0,0.0,0.0,0,0,0.0,0.0,0,0,0.0,1
LGS2ORD0000844,C015434,2025-01-07 16:00:00,Female,34,Gold,Web,Nakhon Ratchasima,1434,Lazada,PromptPay,16,1,1,0,30-40,47.8,0.0,0.0,0.0,-1,-1,0.0,0.0,0.0,0.0,0.0,0.0,0,0,0.0,0.0,0,0,0.0,0.0,0,0,0.0,0.0,0,0,0.0,0
LGS2ORD0000845,C011660,2025-01-07 16:00:00,Male,58,Platinum,CallCenter,Phuket,422,Lazada,Credit_Card,16,1,1,0,>50,14.066666666666666,0.0,0.0,0.0,-1,-1,0.0,0.0,0.0,0.0,0.0,0.0,0,0,0.0,0.0,0,0,0.0,0.0,0,0,0.0,0.0,0,0,0.0,0
LGS2ORD0000846,C014841,2025-01-07 17:00:00,Male,67,Bronze,Shopee,Remote_Area,160,Shopee,COD,17,1,1,0,>50,5.333333333333333,1.0,0.0,0.0,-1,5,6328.14,0.08,1.0,0.0,0.0,6328.14,1,0,0.0,6328.14,1,0,0.0,6328.14,1,0,0.0,6328.14,1,0,0.0,0
LGS2ORD0000847,C011429,2025-01-07 17:00:00,Male,30,Bronze,TV,Bangkok,334,CallCenter,COD,17,1,1,0,20-30,11.133333333333333,0.0,0.0,0.0,-1,-1,0.0,0.0,0.0,0.0,0.0,0.0,0,0,0.0,0.0,0,0,0.0,0.0,0,0,0.0,0.0,0,0,0.0,0
LGS2ORD0000848,C017954,2025-01-07 17:00:00,Female,26,Bronze,Lazada,Remote_Area,1262,CallCenter,Credit_Card,17,1,1,0,20-30,42.06666666666667,0.0,0.0,0.0,-1,-1,0.0,0.0,0.0,0.0,0.0,0.0,0,0,0.0,0.0,0,0,0.0,0.0,0,0,0.0,0.0,0,0,0.0,0
LGS2ORD0000849,C010453,2025-01-07 17:00:00,Female,42,Gold,TV,Bangkok,1303,CallCenter,COD,17,1,1,0,40-50,43.43333333333333,0.0,0.0,0.0,-1,-1,0.0,0.0,0.0,0.0,0.0,0.0,0,0,0.0,0.0,0,0,0.0,0.0,0,0,0.0,0.0,0,0,0.0,0
LGS2ORD0000850,C015491,2025-01-07 17:00:00,Male,38,Bronze,CallCenter,Chiang Mai,1337,Web,COD,17,1,1,0,30-40,44.56666666666667,0.0,0.0,0.0,-1,-1,0.0,0.0,0.0,0.0,0.0,0.0,0,0,0.0,0.0,0,0,0.0,0.0,0,0,0.0,0.0,0,0,0.0,1
LGS2ORD0000851,C010962,2025-01-07 18:00:00,Female,39,Bronze,Shopee,Chonburi,721,Web,COD,18,1,1,0,30-40,24.033333333333335,0.0,0.0,0.0,-1,-1,0.0,0.0,0.0,0.0,0.0,0.0,0,0,0.0,0.0,0,0,0.0,0.0,0,0,0.0,0.0,0,0,0.0,0
LGS2ORD0000852,C014311,2025-01-07 18:00:00,Female,46,Bronze,Web,Chiang Mai,736,Web,COD,18,1,1,0,40-50,24.533333333333335,0.0,0.0,0.0,-1,-1,0.0,0.0,0.0,0.0,0.0,0.0,0,0,0.0,0.0,0,0,0.0,0.0,0,0,0.0,0.0,0,0,0.0,0
LGS2ORD0000853,C013252,2025-01-07 18:00:00,Female,37,Bronze,Shopee,Bangkok,971,TV_Show,COD,18,1,1,0,30-40,32.36666666666667,1.0,0.0,0.0,-1,3,2242.2,0.23,0.0,1.0,0.0,2242.2,1,0,0.0,2242.2,1,0,0.0,2242.2,1,0,0.0,2242.2,1,0,0.0,0
LGS2ORD0000854,C012732,2025-01-07 18:00:00,Female,59,Silver,Lazada,Bangkok,510,Web,PromptPay,18,1,1,0,>50,17.0,0.0,0.0,0.0,-1,-1,0.0,0.0,0.0,0.0,0.0,0.0,0,0,0.0,0.0,0,0,0.0,0.0,0,0,0.0,0.0,0,0,0.0,0
LGS2ORD0000855,C011148,2025-01-07 18:00:00,Male,28,Silver,Lazada,Nakhon Ratchasima,1228,Shopee,COD,18,1,1,0,20-30,40.93333333333333,0.0,0.0,0.0,-1,-1,0.0,0.0,0.0,0.0,0.0,0.0,0,0,0.0,0.0,0,0,0.0,0.0,0,0,0.0,0.0,0,0,0.0,0
LGS2ORD0000856,C012315,2025-01-07 19:00:00,Female,69,Platinum,TV,Bangkok,796,TV_Show,PromptPay,19,1,1,0,>50,26.533333333333335,0.0,0.0,0.0,-1,-1,0.0,0.0,0.0,0.0,0.0,0.0,0,0,0.0,0.0,0,0,0.0,0.0,0,0,0.0,0.0,0,0,0.0,0
LGS2ORD0000857,C017741,2025-01-07 19:00:00,Male,34,Silver,Lazada,Chiang Mai,1413,Web,COD,19,1,1,0,30-40,47.1,0.0,0.0,0.0,-1,-1,0.0,0.0,0.0,0.0,0.0,0.0,0,0,0.0,0.0,0,0,0.0,0.0,0,0,0.0,0.0,0,0,0.0,1
LGS2ORD0000858,C017566,2025-01-07 19:00:00,Male,49,Bronze,Lazada,Khon Kaen,907,Web,COD,19,1,1,0,40-50,30.233333333333334,0.0,0.0,0.0,-1,-1,0.0,0.0,0.0,0.0,0.0,0.0,0,0,0.0,0.0,0,0,0.0,0.0,0,0,0.0,0.0,0,0,0.0,1
LGS2ORD0000859,C015852,2025-01-07 19:00:00,Male,51,Silver,CallCenter,Phuket,149,Lazada,COD,19,1,1,0,>50,4.966666666666667,0.0,0.0,0.0,-1,-1,0.0,0.0,0.0,0.0,0.0,0.0,0,0,0.0,0.0,0,0,0.0,0.0,0,0,0.0,0.0,0,0,0.0,1
LGS2ORD0000860,C014956,2025-01-07 19:00:00,Female,27,Bronze,TV,Phuket,187,Shopee,COD,19,1,1,0,20-30,6.233333333333333,1.0,0.0,0.0,-1,3,2658.82,0.03,1.0,0.0,0.0,2658.82,1,0,0.0,2658.82,1,0,0.0,2658.82,1,0,0.0,2658.82,1,0,0.0,1
LGS2ORD0000861,C011610,2025-01-07 19:00:00,Male,34,Silver,TV,Remote_Area,1176,Web,COD,19,1,1,0,30-40,39.2,0.0,0.0,0.0,-1,-1,0.0,0.0,0.0,0.0,0.0,0.0,0,0,0.0,0.0,0,0,0.0,0.0,0,0,0.0,0.0,0,0,0.0,0
LGS2ORD0000862,C012353,2025-01-07 20:00:00,Female,72,Bronze,Shopee,Remote_Area,1148,Web,PromptPay,20,1,1,0,>50,38.266666666666666,2.0,1.0,0.5,-6,1,3170.465,0.08,1.0,0.0,0.0,6340.93,2,1,0.5,6340.93,2,1,0.5,6340.93,2,1,0.5,6340.93,2,1,0.5,0
LGS2ORD0000863,C013830,2025-01-07 20:00:00,Male,61,Gold,Lazada,Bangkok,396,Web,COD,20,1,1,0,>50,13.2,0.0,0.0,0.0,-1,-1,0.0,0.0,0.0,0.0,0.0,0.0,0,0,0.0,0.0,0,0,0.0,0.0,0,0,0.0,0.0,0,0,0.0,0
LGS2ORD0000864,C015028,2025-01-07 20:00:00,Female,53,Bronze,Web,Bangkok,100,Lazada,PromptPay,20,1,1,0,>50,3.3333333333333335,0.0,0.0,0.0,-1,-1,0.0,0.0,0.0,0.0,0.0,0.0,0,0,0.0,0.0,0,0,0.0,0.0,0,0,0.0,0.0,0,0,0.0,0
LGS2ORD0000865,C016545,2025-01-07 20:00:00,Female,44,Bronze,Web,Bangkok,334,Lazada,COD,20,1,1,0,40-50,11.133333333333333,0.0,0.0,0.0,-1,-1,0.0,0.0,0.0,0.0,0.0,0.0,0,0,0.0,0.0,0,0,0.0,0.0,0,0,0.0,0.0,0,0,0.0,0
LGS2ORD0000866,C015120,2025-01-07 20:00:00,Female,22,Silver,Web,Bangkok,1127,Web,PromptPay,20,1,1,0,20-30,37.56666666666667,0.0,0.0,0.0,-1,-1,0.0,0.0,0.0,0.0,0.0,0.0,0,0,0.0,0.0,0,0,0.0,0.0,0,0,0.0,0.0,0,0,0.0,0
LGS2ORD0000867,C010628,2025-01-07 21:00:00,Male,50,Bronze,Shopee,Songkhla,43,Web,COD,21,1,1,0,40-50,1.4333333333333333,1.0,0.0,0.0,-1,5,1281.01,0.08,0.0,0.0,0.0,1281.01,1,0,0.0,1281.01,1,0,0.0,1281.01,1,0,0.0,1281.01,1,0,0.0,1
LGS2ORD0000868,C016802,2025-01-07 21:00:00,Female,44,Bronze,Shopee,Bangkok,1208,Web,COD,21,1,1,0,40-50,40.266666666666666,0.0,0.0,0.0,-1,-1,0.0,0.0,0.0,0.0,0.0,0.0,0,0,0.0,0.0,0,0,0.0,0.0,0,0,0.0,0.0,0,0,0.0,1
LGS2ORD0000869,C017704,2025-01-07 21:00:00,Male,66,Bronze,TV,Remote_Area,435,Shopee,Bank_Transfer,21,1,1,0,>50,14.5,0.0,0.0,0.0,-1,-1,0.0,0.0,0.0,0.0,0.0,0.0,0,0,0.0,0.0,0,0,0.0,0.0,0,0,0.0,0.0,0,0,0.0,1
LGS2ORD0000870,C016872,2025-01-07 21:00:00,Female,29,Bronze,Shopee,Remote_Area,1042,Web,COD,21,1,1,0,20-30,34.733333333333334,0.0,0.0,0.0,-1,-1,0.0,0.0,0.0,0.0,0.0,0.0,0,0,0.0,0.0,0,0,0.0,0.0,0,0,0.0,0.0,0,0,0.0,1
LGS2ORD0000871,C012745,2025-01-07 21:00:00,Male,43,Silver,Lazada,Songkhla,108,Shopee,Credit_Card,21,1,1,0,40-50,3.6,0.0,0.0,0.0,-1,-1,0.0,0.0,0.0,0.0,0.0,0.0,0,0,0.0,0.0,0,0,0.0,0.0,0,0,0.0,0.0,0,0,0.0,0
LGS2ORD0000872,C013229,2025-01-07 22:00:00,Male,50,Gold,Shopee,Remote_Area,712,TV_Show,Credit_Card,22,1,1,0,40-50,23.733333333333334,0.0,0.0,0.0,-1,-1,0.0,0.0,0.0,0.0,0.0,0.0,0,0,0.0,0.0,0,0,0.0,0.0,0,0,0.0,0.0,0,0,0.0,0
LGS2ORD0000873,C016951,2025-01-07 22:00:00,Female,38,Silver,CallCenter,Khon Kaen,942,Web,COD,22,1,1,0,30-40,31.4,0.0,0.0,0.0,-1,-1,0.0,0.0,0.0,0.0,0.0,0.0,0,0,0.0,0.0,0,0,0.0,0.0,0,0,0.0,0.0,0,0,0.0,1
LGS2ORD0000874,C017746,2025-01-07 22:00:00,Male,65,Silver,TV,Chonburi,126,Web,COD,22,1,1,0,>50,4.2,0.0,0.0,0.0,-1,-1,0.0,0.0,0.0,0.0,0.0,0.0,0,0,0.0,0.0,0,0,0.0,0.0,0,0,0.0,0.0,0,0,0.0,0
LGS2ORD0000875,C014674,2025-01-07 22:00:00,Male,49,Gold,Web,Bangkok,369,Web,Bank_Transfer,22,1,1,0,40-50,12.3,1.0,0.0,0.0,-1,2,2122.39,0.08,0.0,0.0,0.0,2122.39,1,0,0.0,2122.39,1,0,0.0,2122.39,1,0,0.0,2122.39,1,0,0.0,0
LGS2ORD0000876,C015447,2025-01-07 22:00:00,Female,53,Bronze,Web,Nakhon Ratchasima,1449,Web,COD,22,1,1,0,>50,48.3,0.0,0.0,0.0,-1,-1,0.0,0.0,0.0,0.0,0.0,0.0,0,0,0.0,0.0,0,0,0.0,0.0,0,0,0.0,0.0,0,0,0.0,0
LGS2ORD0000877,C015269,2025-01-07 22:00:00,Female,18,Bronze,Web,Khon Kaen,1391,Shopee,Credit_Card,22,1,1,0,<20,46.36666666666667,1.0,0.0,0.0,-1,1,6645.41,0.03,0.0,0.0,0.0,6645.41,1,0,0.0,6645.41,1,0,0.0,6645.41,1,0,0.0,6645.41,1,0,0.0,0
LGS2ORD0000878,C014196,2025-01-07 23:00:00,Female,21,Bronze,Web,Remote_Area,1211,Shopee,PromptPay,23,1,1,0,20-30,40.36666666666667,0.0,0.0,0.0,-1,-1,0.0,0.0,0.0,0.0,0.0,0.0,0,0,0.0,0.0,0,0,0.0,0.0,0,0,0.0,0.0,0,0,0.0,0
LGS2ORD0000879,C016722,2025-01-07 23:00:00,Male,53,Bronze,TV,Khon Kaen,985,TV_Show,Credit_Card,23,1,1,0,>50,32.833333333333336,0.0,0.0,0.0,-1,-1,0.0,0.0,0.0,0.0,0.0,0.0,0,0,0.0,0.0,0,0,0.0,0.0,0,0,0.0,0.0,0,0,0.0,0
LGS2ORD0000880,C010669,2025-01-07 23:00:00,Female,28,Bronze,Lazada,Chonburi,979,TV_Show,COD,23,1,1,0,20-30,32.63333333333333,0.0,0.0,0.0,-1,-1,0.0,0.0,0.0,0.0,0.0,0.0,0,0,0.0,0.0,0,0,0.0,0.0,0,0,0.0,0.0,0,0,0.0,1
LGS2ORD0000881,C013126,2025-01-07 23:00:00,Male,18,Silver,CallCenter,Chiang Mai,382,TV_Show,COD,23,1,1,0,<20,12.733333333333333,0.0,0.0,0.0,-1,-1,0.0,0.0,0.0,0.0,0.0,0.0,0,0,0.0,0.0,0,0,0.0,0.0,0,0,0.0,0.0,0,0,0.0,1
LGS2ORD0000882,C010383,2025-01-07 23:00:00,Female,48,Silver,TV,Nakhon Ratchasima,841,Web,Bank_Transfer,23,1,1,0,40-50,28.033333333333335,0.0,0.0,0.0,-1,-1,0.0,0.0,0.0,0.0,0.0,0.0,0,0,0.0,0.0,0,0,0.0,0.0,0,0,0.0,0.0,0,0,0.0,0
LGS2ORD0000883,C015140,2025-01-08 00:00:00,Female,62,Bronze,CallCenter,Songkhla,1406,TV_Show,COD,0,1,2,0,>50,46.86666666666667,0.0,0.0,0.0,-1,-1,0.0,0.0,0.0,0.0,0.0,0.0,0,0,0.0,0.0,0,0,0.0,0.0,0,0,0.0,0.0,0,0,0.0,1
LGS2ORD0000884,C013041,2025-01-08 00:00:00,Female,45,Silver,TV,Bangkok,1170,CallCenter,PromptPay,0,1,2,0,40-50,39.0,0.0,0.0,0.0,-1,-1,0.0,0.0,0.0,0.0,0.0,0.0,0,0,0.0,0.0,0,0,0.0,0.0,0,0,0.0,0.0,0,0,0.0,0
LGS2ORD0000885,C016883,2025-01-08 00:00:00,Male,28,Silver,Web,Bangkok,301,TV_Show,COD,0,1,2,0,20-30,10.033333333333333,0.0,0.0,0.0,-1,-1,0.0,0.0,0.0,0.0,0.0,0.0,0,0,0.0,0.0,0,0,0.0,0.0,0,0,0.0,0.0,0,0,0.0,1
LGS2ORD0000886,C016634,2025-01-08 00:00:00,Male,52,Silver,Shopee,Chiang Mai,571,Web,PromptPay,0,1,2,0,>50,19.033333333333335,0.0,0.0,0.0,-1,-1,0.0,0.0,0.0,0.0,0.0,0.0,0,0,0.0,0.0,0,0,0.0,0.0,0,0,0.0,0.0,0,0,0.0,0
LGS2ORD0000887,C011932,2025-01-08 00:00:00,Female,38,Bronze,Web,Chonburi,983,TV_Show,COD,0,1,2,0,30-40,32.766666666666666,0.0,0.0,0.0,-1,-1,0.0,0.0,0.0,0.0,0.0,0.0,0,0,0.0,0.0,0,0,0.0,0.0,0,0,0.0,0.0,0,0,0.0,0
LGS2ORD0000888,C012608,2025-01-08 01:00:00,Female,62,Platinum,Shopee,Chiang Mai,1164,Web,PromptPay,1,1,2,0,>50,38.8,0.0,0.0,0.0,-1,-1,0.0,0.0,0.0,0.0,0.0,0.0,0,0,0.0,0.0,0,0,0.0,0.0,0,0,0.0,0.0,0,0,0.0,0
LGS2ORD0000889,C010628,2025-01-08 01:00:00,Male,50,Bronze,Shopee,Songkhla,44,TV_Show,PromptPay,1,1,2,0,40-50,1.4666666666666666,2.0,1.0,0.5,-11,0,2623.845,0.08,0.5,0.0,0.0,5247.69,2,1,0.5,5247.69,2,1,0.5,5247.69,2,1,0.5,5247.69,2,1,0.5,0
LGS2ORD0000890,C013956,2025-01-08 01:00:00,Other,41,Platinum,Lazada,Songkhla,1394,TV_Show,COD,1,1,2,0,40-50,46.46666666666667,0.0,0.0,0.0,-1,-1,0.0,0.0,0.0,0.0,0.0,0.0,0,0,0.0,0.0,0,0,0.0,0.0,0,0,0.0,0.0,0,0,0.0,0
LGS2ORD0000891,C016055,2025-01-08 01:00:00,Other,39,Platinum,Lazada,Nakhon Ratchasima,276,Lazada,PromptPay,1,1,2,0,30-40,9.2,0.0,0.0,0.0,-1,-1,0.0,0.0,0.0,0.0,0.0,0.0,0,0,0.0,0.0,0,0,0.0,0.0,0,0,0.0,0.0,0,0,0.0,0
LGS2ORD0000892,C014963,2025-01-08 01:00:00,Female,29,Bronze,Lazada,Khon Kaen,425,CallCenter,PromptPay,1,1,2,0,20-30,14.166666666666666,0.0,0.0,0.0,-1,-1,0.0,0.0,0.0,0.0,0.0,0.0,0,0,0.0,0.0,0,0,0.0,0.0,0,0,0.0,0.0,0,0,0.0,0
LGS2ORD0000893,C015439,2025-01-08 02:00:00,Male,37,Bronze,Lazada,Remote_Area,59,Lazada,COD,2,1,2,0,30-40,1.9666666666666666,0.0,0.0,0.0,-1,-1,0.0,0.0,0.0,0.0,0.0,0.0,0,0,0.0,0.0,0,0,0.0,0.0,0,0,0.0,0.0,0,0,0.0,0
LGS2ORD0000894,C016894,2025-01-08 02:00:00,Other,53,Bronze,Shopee,Bangkok,1398,TV_Show,Bank_Transfer,2,1,2,0,>50,46.6,0.0,0.0,0.0,-1,-1,0.0,0.0,0.0,0.0,0.0,0.0,0,0,0.0,0.0,0,0,0.0,0.0,0,0,0.0,0.0,0,0,0.0,0
LGS2ORD0000895,C015864,2025-01-08 02:00:00,Male,18,Gold,Web,Phuket,1402,Shopee,PromptPay,2,1,2,0,<20,46.733333333333334,0.0,0.0,0.0,-1,-1,0.0,0.0,0.0,0.0,0.0,0.0,0,0,0.0,0.0,0,0,0.0,0.0,0,0,0.0,0.0,0,0,0.0,0
LGS2ORD0000896,C014359,2025-01-08 02:00:00,Female,25,Bronze,Shopee,Bangkok,1287,TV_Show,COD,2,1,2,0,20-30,42.9,0.0,0.0,0.0,-1,-1,0.0,0.0,0.0,0.0,0.0,0.0,0,0,0.0,0.0,0,0,0.0,0.0,0,0,0.0,0.0,0,0,0.0,0
LGS2ORD0000897,C012024,2025-01-08 02:00:00,Male,35,Silver,Web,Bangkok,1418,Shopee,COD,2,1,2,0,30-40,47.266666666666666,0.0,0.0,0.0,-1,-1,0.0,0.0,0.0,0.0,0.0,0.0,0,0,0.0,0.0,0,0,0.0,0.0,0,0,0.0,0.0,0,0,0.0,0
LGS2ORD0000898,C012903,2025-01-08 02:00:00,Male,44,Silver,Shopee,Chonburi,432,Web,Bank_Transfer,2,1,2,0,40-50,14.4,0.0,0.0,0.0,-1,-1,0.0,0.0,0.0,0.0,0.0,0.0,0,0,0.0,0.0,0,0,0.0,0.0,0,0,0.0,0.0,0,0,0.0,0
LGS2ORD0000899,C011544,2025-01-08 03:00:00,Female,58,Bronze,Web,Bangkok,707,Web,COD,3,1,2,0,>50,23.566666666666666,0.0,0.0,0.0,-1,-1,0.0,0.0,0.0,0.0,0.0,0.0,0,0,0.0,0.0,0,0,0.0,0.0,0,0,0.0,0.0,0,0,0.0,0
LGS2ORD0000900,C017579,2025-01-08 03:00:00,Male,41,Bronze,CallCenter,Nakhon Ratchasima,1437,Shopee,COD,3,1,2,0,40-50,47.9,0.0,0.0,0.0,-1,-1,0.0,0.0,0.0,0.0,0.0,0.0,0,0,0.0,0.0,0,0,0.0,0.0,0,0,0.0,0.0,0,0,0.0,1
LGS2ORD0000901,C017040,2025-01-08 03:00:00,Female,28,Platinum,CallCenter,Bangkok,1060,CallCenter,COD,3,1,2,0,20-30,35.333333333333336,0.0,0.0,0.0,-1,-1,0.0,0.0,0.0,0.0,0.0,0.0,0,0,0.0,0.0,0,0,0.0,0.0,0,0,0.0,0.0,0,0,0.0,0
LGS2ORD0000902,C010381,2025-01-08 03:00:00,Female,28,Silver,CallCenter,Chonburi,674,Shopee,Credit_Card,3,1,2,0,20-30,22.466666666666665,1.0,0.0,0.0,-1,1,1479.18,0.3,0.0,1.0,0.0,1479.18,1,0,0.0,1479.18,1,0,0.0,1479.18,1,0,0.0,1479.18,1,0,0.0,0
LGS2ORD0000903,C011789,2025-01-08 03:00:00,Other,40,Bronze,Shopee,Khon Kaen,753,Web,COD,3,1,2,0,30-40,25.1,0.0,0.0,0.0,-1,-1,0.0,0.0,0.0,0.0,0.0,0.0,0,0,0.0,0.0,0,0,0.0,0.0,0,0,0.0,0.0,0,0,0.0,0
LGS2ORD0000904,C012790,2025-01-08 04:00:00,Female,18,Silver,TV,Bangkok,1401,CallCenter,COD,4,1,2,0,<20,46.7,0.0,0.0,0.0,-1,-1,0.0,0.0,0.0,0.0,0.0,0.0,0,0,0.0,0.0,0,0,0.0,0.0,0,0,0.0,0.0,0,0,0.0,0
LGS2ORD0000905,C011043,2025-01-08 04:00:00,Male,38,Silver,TV,Songkhla,1115,TV_Show,COD,4,1,2,0,30-40,37.166666666666664,0.0,0.0,0.0,-1,-1,0.0,0.0,0.0,0.0,0.0,0.0,0,0,0.0,0.0,0,0,0.0,0.0,0,0,0.0,0.0,0,0,0.0,0
LGS2ORD0000906,C015523,2025-01-08 04:00:00,Male,64,Silver,Web,Bangkok,1325,Shopee,Credit_Card,4,1,2,0,>50,44.166666666666664,0.0,0.0,0.0,-1,-1,0.0,0.0,0.0,0.0,0.0,0.0,0,0,0.0,0.0,0,0,0.0,0.0,0,0,0.0,0.0,0,0,0.0,0
LGS2ORD0000907,C017559,2025-01-08 04:00:00,Female,37,Gold,Web,Bangkok,89,Lazada,COD,4,1,2,0,30-40,2.966666666666667,0.0,0.0,0.0,-1,-1,0.0,0.0,0.0,0.0,0.0,0.0,0,0,0.0,0.0,0,0,0.0,0.0,0,0,0.0,0.0,0,0,0.0,1
LGS2ORD0000908,C015406,2025-01-08 04:00:00,Male,29,Bronze,TV,Bangkok,23,TV_Show,COD,4,1,2,0,20-30,0.7666666666666667,0.0,0.0,0.0,-1,-1,0.0,0.0,0.0,0.0,0.0,0.0,0,0,0.0,0.0,0,0,0.0,0.0,0,0,0.0,0.0,0,0,0.0,0
LGS2ORD0000909,C013192,2025-01-08 05:00:00,Male,53,Gold,Shopee,Khon Kaen,435,Shopee,COD,5,1,2,0,>50,14.5,0.0,0.0,0.0,-1,-1,0.0,0.0,0.0,0.0,0.0,0.0,0,0,0.0,0.0,0,0,0.0,0.0,0,0,0.0,0.0,0,0,0.0,0
LGS2ORD0000910,C016419,2025-01-08 05:00:00,Male,33,Gold,Shopee,Nakhon Ratchasima,505,Lazada,PromptPay,5,1,2,0,30-40,16.833333333333332,0.0,0.0,0.0,-1,-1,0.0,0.0,0.0,0.0,0.0,0.0,0,0,0.0,0.0,0,0,0.0,0.0,0,0,0.0,0.0,0,0,0.0,0
LGS2ORD0000911,C013538,2025-01-08 05:00:00,Female,18,Gold,Lazada,Bangkok,1232,Lazada,PromptPay,5,1,2,0,<20,41.06666666666667,0.0,0.0,0.0,-1,-1,0.0,0.0,0.0,0.0,0.0,0.0,0,0,0.0,0.0,0,0,0.0,0.0,0,0,0.0,0.0,0,0,0.0,0
LGS2ORD0000912,C016114,2025-01-08 05:00:00,Female,53,Bronze,Web,Bangkok,334,Shopee,Credit_Card,5,1,2,0,>50,11.133333333333333,0.0,0.0,0.0,-1,-1,0.0,0.0,0.0,0.0,0.0,0.0,0,0,0.0,0.0,0,0,0.0,0.0,0,0,0.0,0.0,0,0,0.0,0
LGS2ORD0000913,C012994,2025-01-08 05:00:00,Male,28,Bronze,TV,Nakhon Ratchasima,223,TV_Show,COD,5,1,2,0,20-30,7.433333333333334,0.0,0.0,0.0,-1,-1,0.0,0.0,0.0,0.0,0.0,0.0,0,0,0.0,0.0,0,0,0.0,0.0,0,0,0.0,0.0,0,0,0.0,0
LGS2ORD0000914,C014682,2025-01-08 06:00:00,Female,47,Gold,TV,Bangkok,1365,Web,Credit_Card,6,1,2,0,40-50,45.5,0.0,0.0,0.0,-1,-1,0.0,0.0,0.0,0.0,0.0,0.0,0,0,0.0,0.0,0,0,0.0,0.0,0,0,0.0,0.0,0,0,0.0,0
LGS2ORD0000915,C013418,2025-01-08 06:00:00,Female,18,Silver,Lazada,Bangkok,156,TV_Show,COD,6,1,2,0,<20,5.2,0.0,0.0,0.0,-1,-1,0.0,0.0,0.0,0.0,0.0,0.0,0,0,0.0,0.0,0,0,0.0,0.0,0,0,0.0,0.0,0,0,0.0,0
LGS2ORD0000916,C011066,2025-01-08 06:00:00,Male,56,Silver,Web,Songkhla,1436,Web,Credit_Card,6,1,2,0,>50,47.86666666666667,0.0,0.0,0.0,-1,-1,0.0,0.0,0.0,0.0,0.0,0.0,0,0,0.0,0.0,0,0,0.0,0.0,0,0,0.0,0.0,0,0,0.0,0
LGS2ORD0000917,C015111,2025-01-08 06:00:00,Female,54,Bronze,TV,Bangkok,390,CallCenter,Credit_Card,6,1,2,0,>50,13.0,0.0,0.0,0.0,-1,-1,0.0,0.0,0.0,0.0,0.0,0.0,0,0,0.0,0.0,0,0,0.0,0.0,0,0,0.0,0.0,0,0,0.0,0
LGS2ORD0000918,C016242,2025-01-08 06:00:00,Male,36,Silver,Shopee,Bangkok,836,CallCenter,Credit_Card,6,1,2,0,30-40,27.866666666666667,1.0,0.0,0.0,-1,2,12518.85,0.25,1.0,1.0,0.0,12518.85,1,0,0.0,12518.85,1,0,0.0,12518.85,1,0,0.0,12518.85,1,0,0.0,0
LGS2ORD0000919,C015695,2025-01-08 06:00:00,Female,45,Gold,TV,Chonburi,391,Lazada,COD,6,1,2,0,40-50,13.033333333333333,0.0,0.0,0.0,-1,-1,0.0,0.0,0.0,0.0,0.0,0.0,0,0,0.0,0.0,0,0,0.0,0.0,0,0,0.0,0.0,0,0,0.0,0
LGS2ORD0000920,C013980,2025-01-08 07:00:00,Male,54,Bronze,Shopee,Phuket,767,TV_Show,COD,7,1,2,0,>50,25.566666666666666,0.0,0.0,0.0,-1,-1,0.0,0.0,0.0,0.0,0.0,0.0,0,0,0.0,0.0,0,0,0.0,0.0,0,0,0.0,0.0,0,0,0.0,0
LGS2ORD0000921,C015627,2025-01-08 07:00:00,Female,35,Bronze,TV,Bangkok,641,TV_Show,PromptPay,7,1,2,0,30-40,21.366666666666667,0.0,0.0,0.0,-1,-1,0.0,0.0,0.0,0.0,0.0,0.0,0,0,0.0,0.0,0,0,0.0,0.0,0,0,0.0,0.0,0,0,0.0,0
LGS2ORD0000922,C012250,2025-01-08 07:00:00,Other,38,Bronze,Shopee,Remote_Area,1310,Lazada,PromptPay,7,1,2,0,30-40,43.666666666666664,1.0,0.0,0.0,-1,3,3450.07,0.03,0.0,0.0,0.0,3450.07,1,0,0.0,3450.07,1,0,0.0,3450.07,1,0,0.0,3450.07,1,0,0.0,1
LGS2ORD0000923,C012160,2025-01-08 07:00:00,Female,48,Bronze,Lazada,Songkhla,286,CallCenter,COD,7,1,2,0,40-50,9.533333333333333,0.0,0.0,0.0,-1,-1,0.0,0.0,0.0,0.0,0.0,0.0,0,0,0.0,0.0,0,0,0.0,0.0,0,0,0.0,0.0,0,0,0.0,0
LGS2ORD0000924,C011283,2025-01-08 07:00:00,Male,48,Silver,Web,Remote_Area,298,Lazada,COD,7,1,2,0,40-50,9.933333333333334,0.0,0.0,0.0,-1,-1,0.0,0.0,0.0,0.0,0.0,0.0,0,0,0.0,0.0,0,0,0.0,0.0,0,0,0.0,0.0,0,0,0.0,0
LGS2ORD0000925,C013782,2025-01-08 08:00:00,Male,25,Gold,Shopee,Songkhla,150,TV_Show,COD,8,1,2,0,20-30,5.0,0.0,0.0,0.0,-1,-1,0.0,0.0,0.0,0.0,0.0,0.0,0,0,0.0,0.0,0,0,0.0,0.0,0,0,0.0,0.0,0,0,0.0,1
LGS2ORD0000926,C013821,2025-01-08 08:00:00,Male,18,Gold,Web,Bangkok,1368,CallCenter,Credit_Card,8,1,2,0,<20,45.6,0.0,0.0,0.0,-1,-1,0.0,0.0,0.0,0.0,0.0,0.0,0,0,0.0,0.0,0,0,0.0,0.0,0,0,0.0,0.0,0,0,0.0,0
LGS2ORD0000927,C010260,2025-01-08 08:00:00,Male,52,Gold,Lazada,Songkhla,262,Web,PromptPay,8,1,2,0,>50,8.733333333333333,0.0,0.0,0.0,-1,-1,0.0,0.0,0.0,0.0,0.0,0.0,0,0,0.0,0.0,0,0,0.0,0.0,0,0,0.0,0.0,0,0,0.0,0
LGS2ORD0000928,C016741,2025-01-08 08:00:00,Female,36,Silver,Lazada,Songkhla,42,Web,COD,8,1,2,0,30-40,1.4,0.0,0.0,0.0,-1,-1,0.0,0.0,0.0,0.0,0.0,0.0,0,0,0.0,0.0,0,0,0.0,0.0,0,0,0.0,0.0,0,0,0.0,0
LGS2ORD0000929,C010354,2025-01-08 08:00:00,Male,33,Bronze,TV,Chonburi,1072,TV_Show,COD,8,1,2,0,30-40,35.733333333333334,0.0,0.0,0.0,-1,-1,0.0,0.0,0.0,0.0,0.0,0.0,0,0,0.0,0.0,0,0,0.0,0.0,0,0,0.0,0.0,0,0,0.0,1
LGS2ORD0000930,C010973,2025-01-08 09:00:00,Female,35,Silver,TV,Songkhla,1140,TV_Show,COD,9,1,2,0,30-40,38.0,0.0,0.0,0.0,-1,-1,0.0,0.0,0.0,0.0,0.0,0.0,0,0,0.0,0.0,0,0,0.0,0.0,0,0,0.0,0.0,0,0,0.0,1
LGS2ORD0000931,C012815,2025-01-08 09:00:00,Female,59,Bronze,Lazada,Bangkok,1411,Web,COD,9,1,2,0,>50,47.03333333333333,0.0,0.0,0.0,-1,-1,0.0,0.0,0.0,0.0,0.0,0.0,0,0,0.0,0.0,0,0,0.0,0.0,0,0,0.0,0.0,0,0,0.0,0
LGS2ORD0000932,C012957,2025-01-08 09:00:00,Male,53,Silver,TV,Chonburi,604,TV_Show,PromptPay,9,1,2,0,>50,20.133333333333333,0.0,0.0,0.0,-1,-1,0.0,0.0,0.0,0.0,0.0,0.0,0,0,0.0,0.0,0,0,0.0,0.0,0,0,0.0,0.0,0,0,0.0,0
LGS2ORD0000933,C017155,2025-01-08 09:00:00,Male,54,Bronze,TV,Remote_Area,1205,Shopee,Credit_Card,9,1,2,0,>50,40.166666666666664,0.0,0.0,0.0,-1,-1,0.0,0.0,0.0,0.0,0.0,0.0,0,0,0.0,0.0,0,0,0.0,0.0,0,0,0.0,0.0,0,0,0.0,0
LGS2ORD0000934,C011916,2025-01-08 09:00:00,Male,55,Bronze,TV,Songkhla,768,Shopee,COD,9,1,2,0,>50,25.6,0.0,0.0,0.0,-1,-1,0.0,0.0,0.0,0.0,0.0,0.0,0,0,0.0,0.0,0,0,0.0,0.0,0,0,0.0,0.0,0,0,0.0,0
LGS2ORD0000935,C014025,2025-01-08 10:00:00,Male,47,Bronze,TV,Nakhon Ratchasima,758,Lazada,Bank_Transfer,10,1,2,0,40-50,25.266666666666666,0.0,0.0,0.0,-1,-1,0.0,0.0,0.0,0.0,0.0,0.0,0,0,0.0,0.0,0,0,0.0,0.0,0,0,0.0,0.0,0,0,0.0,0
LGS2ORD0000936,C012460,2025-01-08 10:00:00,Male,40,Platinum,TV,Bangkok,653,TV_Show,Credit_Card,10,1,2,0,30-40,21.766666666666666,1.0,0.0,0.0,-1,6,17768.82,0.2,0.0,0.0,0.0,17768.82,1,0,0.0,17768.82,1,0,0.0,17768.82,1,0,0.0,17768.82,1,0,0.0,0
LGS2ORD0000937,C010083,2025-01-08 10:00:00,Male,45,Gold,TV,Khon Kaen,162,Lazada,Credit_Card,10,1,2,0,40-50,5.4,0.0,0.0,0.0,-1,-1,0.0,0.0,0.0,0.0,0.0,0.0,0,0,0.0,0.0,0,0,0.0,0.0,0,0,0.0,0.0,0,0,0.0,0
LGS2ORD0000938,C010449,2025-01-08 10:00:00,Female,41,Gold,Web,Bangkok,495,TV_Show,COD,10,1,2,0,40-50,16.5,0.0,0.0,0.0,-1,-1,0.0,0.0,0.0,0.0,0.0,0.0,0,0,0.0,0.0,0,0,0.0,0.0,0,0,0.0,0.0,0,0,0.0,0
LGS2ORD0000939,C014869,2025-01-08 10:00:00,Female,50,Bronze,Lazada,Chonburi,122,Shopee,Credit_Card,10,1,2,0,40-50,4.066666666666666,0.0,0.0,0.0,-1,-1,0.0,0.0,0.0,0.0,0.0,0.0,0,0,0.0,0.0,0,0,0.0,0.0,0,0,0.0,0.0,0,0,0.0,0
LGS2ORD0000940,C016755,2025-01-08 10:00:00,Female,19,Bronze,TV,Songkhla,1423,Lazada,Credit_Card,10,1,2,0,<20,47.43333333333333,0.0,0.0,0.0,-1,-1,0.0,0.0,0.0,0.0,0.0,0.0,0,0,0.0,0.0,0,0,0.0,0.0,0,0,0.0,0.0,0,0,0.0,0
LGS2ORD0000941,C017334,2025-01-08 11:00:00,Male,45,Silver,Web,Remote_Area,331,Web,Credit_Card,11,1,2,0,40-50,11.033333333333333,0.0,0.0,0.0,-1,-1,0.0,0.0,0.0,0.0,0.0,0.0,0,0,0.0,0.0,0,0,0.0,0.0,0,0,0.0,0.0,0,0,0.0,0
LGS2ORD0000942,C016334,2025-01-08 11:00:00,Male,41,Gold,Shopee,Khon Kaen,63,Shopee,COD,11,1,2,0,40-50,2.1,0.0,0.0,0.0,-1,-1,0.0,0.0,0.0,0.0,0.0,0.0,0,0,0.0,0.0,0,0,0.0,0.0,0,0,0.0,0.0,0,0,0.0,1
LGS2ORD0000943,C011663,2025-01-08 11:00:00,Male,57,Bronze,CallCenter,Bangkok,1284,Lazada,Bank_Transfer,11,1,2,0,>50,42.8,1.0,0.0,0.0,-1,5,652.94,0.18,1.0,0.0,0.0,652.94,1,0,0.0,652.94,1,0,0.0,652.94,1,0,0.0,652.94,1,0,0.0,0
LGS2ORD0000944,C014798,2025-01-08 11:00:00,Female,36,Silver,Lazada,Phuket,1148,Web,PromptPay,11,1,2,0,30-40,38.266666666666666,0.0,0.0,0.0,-1,-1,0.0,0.0,0.0,0.0,0.0,0.0,0,0,0.0,0.0,0,0,0.0,0.0,0,0,0.0,0.0,0,0,0.0,1
LGS2ORD0000945,C012102,2025-01-08 11:00:00,Male,18,Bronze,Shopee,Nakhon Ratchasima,720,Lazada,COD,11,1,2,0,<20,24.0,0.0,0.0,0.0,-1,-1,0.0,0.0,0.0,0.0,0.0,0.0,0,0,0.0,0.0,0,0,0.0,0.0,0,0,0.0,0.0,0,0,0.0,1
LGS2ORD0000946,C010074,2025-01-08 12:00:00,Female,61,Platinum,TV,Chiang Mai,897,CallCenter,COD,12,1,2,0,>50,29.9,1.0,0.0,0.0,-1,6,7329.25,0.15,0.0,0.0,0.0,7329.25,1,0,0.0,7329.25,1,0,0.0,7329.25,1,0,0.0,7329.25,1,0,0.0,0
LGS2ORD0000947,C014590,2025-01-08 12:00:00,Male,53,Silver,Web,Bangkok,1043,TV_Show,COD,12,1,2,0,>50,34.766666666666666,0.0,0.0,0.0,-1,-1,0.0,0.0,0.0,0.0,0.0,0.0,0,0,0.0,0.0,0,0,0.0,0.0,0,0,0.0,0.0,0,0,0.0,0
LGS2ORD0000948,C016984,2025-01-08 12:00:00,Male,24,Gold,Web,Khon Kaen,754,CallCenter,COD,12,1,2,0,20-30,25.133333333333333,0.0,0.0,0.0,-1,-1,0.0,0.0,0.0,0.0,0.0,0.0,0,0,0.0,0.0,0,0,0.0,0.0,0,0,0.0,0.0,0,0,0.0,1
LGS2ORD0000949,C016348,2025-01-08 12:00:00,Female,60,Gold,TV,Phuket,1008,Lazada,PromptPay,12,1,2,0,>50,33.6,1.0,0.0,0.0,-1,3,3000.04,0.13,0.0,0.0,0.0,3000.04,1,0,0.0,3000.04,1,0,0.0,3000.04,1,0,0.0,3000.04,1,0,0.0,0
LGS2ORD0000950,C016822,2025-01-08 12:00:00,Female,31,Bronze,Web,Remote_Area,127,Web,COD,12,1,2,0,30-40,4.233333333333333,0.0,0.0,0.0,-1,-1,0.0,0.0,0.0,0.0,0.0,0.0,0,0,0.0,0.0,0,0,0.0,0.0,0,0,0.0,0.0,0,0,0.0,0
LGS2ORD0000951,C016835,2025-01-08 13:00:00,Male,46,Bronze,CallCenter,Bangkok,481,Shopee,Credit_Card,13,1,2,0,40-50,16.033333333333335,1.0,0.0,0.0,-1,1,4675.64,0.23,0.0,1.0,0.0,4675.64,1,0,0.0,4675.64,1,0,0.0,4675.64,1,0,0.0,4675.64,1,0,0.0,0
LGS2ORD0000952,C011800,2025-01-08 13:00:00,Female,56,Gold,TV,Chonburi,940,TV_Show,Bank_Transfer,13,1,2,0,>50,31.333333333333332,0.0,0.0,0.0,-1,-1,0.0,0.0,0.0,0.0,0.0,0.0,0,0,0.0,0.0,0,0,0.0,0.0,0,0,0.0,0.0,0,0,0.0,0
LGS2ORD0000953,C013565,2025-01-08 13:00:00,Male,32,Bronze,Web,Bangkok,1089,CallCenter,Bank_Transfer,13,1,2,0,30-40,36.3,1.0,0.0,0.0,-1,4,1483.0,0.28,1.0,1.0,0.0,1483.0,1,0,0.0,1483.0,1,0,0.0,1483.0,1,0,0.0,1483.0,1,0,0.0,0
LGS2ORD0000954,C010796,2025-01-08 13:00:00,Male,53,Bronze,Web,Bangkok,1281,CallCenter,COD,13,1,2,0,>50,42.7,0.0,0.0,0.0,-1,-1,0.0,0.0,0.0,0.0,0.0,0.0,0,0,0.0,0.0,0,0,0.0,0.0,0,0,0.0,0.0,0,0,0.0,0
LGS2ORD0000955,C012848,2025-01-08 13:00:00,Male,48,Bronze,TV,Songkhla,1136,Web,COD,13,1,2,0,40-50,37.86666666666667,0.0,0.0,0.0,-1,-1,0.0,0.0,0.0,0.0,0.0,0.0,0,0,0.0,0.0,0,0,0.0,0.0,0,0,0.0,0.0,0,0,0.0,1
LGS2ORD0000956,C015552,2025-01-08 14:00:00,Female,44,Gold,Shopee,Remote_Area,490,Web,Credit_Card,14,1,2,0,40-50,16.333333333333332,0.0,0.0,0.0,-1,-1,0.0,0.0,0.0,0.0,0.0,0.0,0,0,0.0,0.0,0,0,0.0,0.0,0,0,0.0,0.0,0,0,0.0,0
LGS2ORD0000957,C011967,2025-01-08 14:00:00,Female,29,Gold,Web,Bangkok,373,Shopee,COD,14,1,2,0,20-30,12.433333333333334,0.0,0.0,0.0,-1,-1,0.0,0.0,0.0,0.0,0.0,0.0,0,0,0.0,0.0,0,0,0.0,0.0,0,0,0.0,0.0,0,0,0.0,0
LGS2ORD0000958,C017994,2025-01-08 14:00:00,Male,43,Silver,Lazada,Khon Kaen,1207,TV_Show,Credit_Card,14,1,2,0,40-50,40.233333333333334,0.0,0.0,0.0,-1,-1,0.0,0.0,0.0,0.0,0.0,0.0,0,0,0.0,0.0,0,0,0.0,0.0,0,0,0.0,0.0,0,0,0.0,1
LGS2ORD0000959,C017103,2025-01-08 14:00:00,Male,38,Bronze,Lazada,Nakhon Ratchasima,441,CallCenter,COD,14,1,2,0,30-40,14.7,0.0,0.0,0.0,-1,-1,0.0,0.0,0.0,0.0,0.0,0.0,0,0,0.0,0.0,0,0,0.0,0.0,0,0,0.0,0.0,0,0,0.0,1
LGS2ORD0000960,C011477,2025-01-08 14:00:00,Other,47,Bronze,Lazada,Remote_Area,1399,TV_Show,COD,14,1,2,0,40-50,46.63333333333333,0.0,0.0,0.0,-1,-1,0.0,0.0,0.0,0.0,0.0,0.0,0,0,0.0,0.0,0,0,0.0,0.0,0,0,0.0,0.0,0,0,0.0,1
LGS2ORD0000961,C015465,2025-01-08 14:00:00,Male,35,Bronze,Web,Chiang Mai,1115,Shopee,COD,14,1,2,0,30-40,37.166666666666664,0.0,0.0,0.0,-1,-1,0.0,0.0,0.0,0.0,0.0,0.0,0,0,0.0,0.0,0,0,0.0,0.0,0,0,0.0,0.0,0,0,0.0,0
LGS2ORD0000962,C015857,2025-01-08 15:00:00,Male,63,Silver,Web,Nakhon Ratchasima,478,TV_Show,Credit_Card,15,1,2,0,>50,15.933333333333334,0.0,0.0,0.0,-1,-1,0.0,0.0,0.0,0.0,0.0,0.0,0,0,0.0,0.0,0,0,0.0,0.0,0,0,0.0,0.0,0,0,0.0,0
LGS2ORD0000963,C013887,2025-01-08 15:00:00,Male,38,Bronze,TV,Chiang Mai,1249,Web,Bank_Transfer,15,1,2,0,30-40,41.63333333333333,1.0,0.0,0.0,-1,2,1739.9,0.03,0.0,0.0,0.0,1739.9,1,0,0.0,1739.9,1,0,0.0,1739.9,1,0,0.0,1739.9,1,0,0.0,0
LGS2ORD0000964,C013181,2025-01-08 15:00:00,Female,44,Platinum,TV,Bangkok,1214,TV_Show,Bank_Transfer,15,1,2,0,40-50,40.46666666666667,0.0,0.0,0.0,-1,-1,0.0,0.0,0.0,0.0,0.0,0.0,0,0,0.0,0.0,0,0,0.0,0.0,0,0,0.0,0.0,0,0,0.0,1
LGS2ORD0000965,C015409,2025-01-08 15:00:00,Male,24,Gold,TV,Chiang Mai,943,CallCenter,Credit_Card,15,1,2,0,20-30,31.433333333333334,0.0,0.0,0.0,-1,-1,0.0,0.0,0.0,0.0,0.0,0.0,0,0,0.0,0.0,0,0,0.0,0.0,0,0,0.0,0.0,0,0,0.0,0
LGS2ORD0000966,C017003,2025-01-08 15:00:00,Female,39,Silver,TV,Remote_Area,393,Lazada,COD,15,1,2,0,30-40,13.1,0.0,0.0,0.0,-1,-1,0.0,0.0,0.0,0.0,0.0,0.0,0,0,0.0,0.0,0,0,0.0,0.0,0,0,0.0,0.0,0,0,0.0,1
LGS2ORD0000967,C015197,2025-01-08 16:00:00,Female,48,Platinum,TV,Bangkok,801,CallCenter,Bank_Transfer,16,1,2,0,40-50,26.7,0.0,0.0,0.0,-1,-1,0.0,0.0,0.0,0.0,0.0,0.0,0,0,0.0,0.0,0,0,0.0,0.0,0,0,0.0,0.0,0,0,0.0,0
LGS2ORD0000968,C014085,2025-01-08 16:00:00,Female,40,Gold,Shopee,Khon Kaen,850,Web,Credit_Card,16,1,2,0,30-40,28.333333333333332,0.0,0.0,0.0,-1,-1,0.0,0.0,0.0,0.0,0.0,0.0,0,0,0.0,0.0,0,0,0.0,0.0,0,0,0.0,0.0,0,0,0.0,0
LGS2ORD0000969,C014914,2025-01-08 16:00:00,Male,38,Silver,TV,Chiang Mai,610,CallCenter,PromptPay,16,1,2,0,30-40,20.333333333333332,0.0,0.0,0.0,-1,-1,0.0,0.0,0.0,0.0,0.0,0.0,0,0,0.0,0.0,0,0,0.0,0.0,0,0,0.0,0.0,0,0,0.0,0
LGS2ORD0000970,C014165,2025-01-08 16:00:00,Other,47,Silver,TV,Khon Kaen,799,Shopee,Bank_Transfer,16,1,2,0,40-50,26.633333333333333,0.0,0.0,0.0,-1,-1,0.0,0.0,0.0,0.0,0.0,0.0,0,0,0.0,0.0,0,0,0.0,0.0,0,0,0.0,0.0,0,0,0.0,0
LGS2ORD0000971,C015955,2025-01-08 16:00:00,Female,52,Bronze,TV,Chonburi,589,TV_Show,Credit_Card,16,1,2,0,>50,19.633333333333333,0.0,0.0,0.0,-1,-1,0.0,0.0,0.0,0.0,0.0,0.0,0,0,0.0,0.0,0,0,0.0,0.0,0,0,0.0,0.0,0,0,0.0,0
LGS2ORD0000972,C012804,2025-01-08 17:00:00,Female,53,Silver,Shopee,Chiang Mai,278,Web,Credit_Card,17,1,2,0,>50,9.266666666666667,0.0,0.0,0.0,-1,-1,0.0,0.0,0.0,0.0,0.0,0.0,0,0,0.0,0.0,0,0,0.0,0.0,0,0,0.0,0.0,0,0,0.0,0
LGS2ORD0000973,C015202,2025-01-08 17:00:00,Male,32,Gold,Lazada,Bangkok,446,Shopee,Credit_Card,17,1,2,0,30-40,14.866666666666667,0.0,0.0,0.0,-1,-1,0.0,0.0,0.0,0.0,0.0,0.0,0,0,0.0,0.0,0,0,0.0,0.0,0,0,0.0,0.0,0,0,0.0,0
LGS2ORD0000974,C015052,2025-01-08 17:00:00,Female,48,Bronze,Lazada,Bangkok,379,CallCenter,COD,17,1,2,0,40-50,12.633333333333333,0.0,0.0,0.0,-1,-1,0.0,0.0,0.0,0.0,0.0,0.0,0,0,0.0,0.0,0,0,0.0,0.0,0,0,0.0,0.0,0,0,0.0,0
LGS2ORD0000975,C011577,2025-01-08 17:00:00,Male,35,Gold,Web,Bangkok,1383,CallCenter,PromptPay,17,1,2,0,30-40,46.1,1.0,0.0,0.0,-1,4,1772.51,0.08,0.0,0.0,0.0,1772.51,1,0,0.0,1772.51,1,0,0.0,1772.51,1,0,0.0,1772.51,1,0,0.0,0
LGS2ORD0000976,C015825,2025-01-08 17:00:00,Female,26,Gold,Web,Khon Kaen,512,Shopee,Credit_Card,17,1,2,0,20-30,17.066666666666666,0.0,0.0,0.0,-1,-1,0.0,0.0,0.0,0.0,0.0,0.0,0,0,0.0,0.0,0,0,0.0,0.0,0,0,0.0,0.0,0,0,0.0,0
LGS2ORD0000977,C016248,2025-01-08 18:00:00,Female,44,Silver,TV,Nakhon Ratchasima,707,TV_Show,Bank_Transfer,18,1,2,0,40-50,23.566666666666666,0.0,0.0,0.0,-1,-1,0.0,0.0,0.0,0.0,0.0,0.0,0,0,0.0,0.0,0,0,0.0,0.0,0,0,0.0,0.0,0,0,0.0,0
LGS2ORD0000978,C010617,2025-01-08 18:00:00,Male,40,Silver,CallCenter,Khon Kaen,494,CallCenter,Credit_Card,18,1,2,0,30-40,16.466666666666665,0.0,0.0,0.0,-1,-1,0.0,0.0,0.0,0.0,0.0,0.0,0,0,0.0,0.0,0,0,0.0,0.0,0,0,0.0,0.0,0,0,0.0,0
LGS2ORD0000979,C015516,2025-01-08 18:00:00,Male,46,Silver,TV,Nakhon Ratchasima,426,Lazada,COD,18,1,2,0,40-50,14.2,0.0,0.0,0.0,-1,-1,0.0,0.0,0.0,0.0,0.0,0.0,0,0,0.0,0.0,0,0,0.0,0.0,0,0,0.0,0.0,0,0,0.0,0
LGS2ORD0000980,C012450,2025-01-08 18:00:00,Female,36,Gold,TV,Chiang Mai,1294,Shopee,PromptPay,18,1,2,0,30-40,43.13333333333333,0.0,0.0,0.0,-1,-1,0.0,0.0,0.0,0.0,0.0,0.0,0,0,0.0,0.0,0,0,0.0,0.0,0,0,0.0,0.0,0,0,0.0,0
LGS2ORD0000981,C014427,2025-01-08 18:00:00,Male,48,Gold,Lazada,Bangkok,25,Lazada,PromptPay,18,1,2,0,40-50,0.8333333333333334,0.0,0.0,0.0,-1,-1,0.0,0.0,0.0,0.0,0.0,0.0,0,0,0.0,0.0,0,0,0.0,0.0,0,0,0.0,0.0,0,0,0.0,0
LGS2ORD0000982,C016942,2025-01-08 18:00:00,Male,53,Bronze,TV,Nakhon Ratchasima,1289,Shopee,Credit_Card,18,1,2,0,>50,42.96666666666667,0.0,0.0,0.0,-1,-1,0.0,0.0,0.0,0.0,0.0,0.0,0,0,0.0,0.0,0,0,0.0,0.0,0,0,0.0,0.0,0,0,0.0,0
LGS2ORD0000983,C013556,2025-01-08 19:00:00,Male,32,Silver,Shopee,Khon Kaen,404,TV_Show,Bank_Transfer,19,1,2,0,30-40,13.466666666666667,0.0,0.0,0.0,-1,-1,0.0,0.0,0.0,0.0,0.0,0.0,0,0,0.0,0.0,0,0,0.0,0.0,0,0,0.0,0.0,0,0,0.0,0
LGS2ORD0000984,C014508,2025-01-08 19:00:00,Male,67,Bronze,TV,Phuket,898,Web,Credit_Card,19,1,2,0,>50,29.933333333333334,0.0,0.0,0.0,-1,-1,0.0,0.0,0.0,0.0,0.0,0.0,0,0,0.0,0.0,0,0,0.0,0.0,0,0,0.0,0.0,0,0,0.0,0
LGS2ORD0000985,C010548,2025-01-08 19:00:00,Female,50,Bronze,Lazada,Khon Kaen,816,Shopee,Bank_Transfer,19,1,2,0,40-50,27.2,0.0,0.0,0.0,-1,-1,0.0,0.0,0.0,0.0,0.0,0.0,0,0,0.0,0.0,0,0,0.0,0.0,0,0,0.0,0.0,0,0,0.0,1
LGS2ORD0000986,C010652,2025-01-08 19:00:00,Male,41,Gold,Shopee,Phuket,1040,Lazada,PromptPay,19,1,2,0,40-50,34.666666666666664,0.0,0.0,0.0,-1,-1,0.0,0.0,0.0,0.0,0.0,0.0,0,0,0.0,0.0,0,0,0.0,0.0,0,0,0.0,0.0,0,0,0.0,0
LGS2ORD0000987,C012148,2025-01-08 19:00:00,Female,38,Silver,CallCenter,Nakhon Ratchasima,1460,Lazada,Bank_Transfer,19,1,2,0,30-40,48.666666666666664,0.0,0.0,0.0,-1,-1,0.0,0.0,0.0,0.0,0.0,0.0,0,0,0.0,0.0,0,0,0.0,0.0,0,0,0.0,0.0,0,0,0.0,0
LGS2ORD0000988,C012523,2025-01-08 20:00:00,Female,51,Bronze,TV,Chonburi,1089,Shopee,COD,20,1,2,0,>50,36.3,0.0,0.0,0.0,-1,-1,0.0,0.0,0.0,0.0,0.0,0.0,0,0,0.0,0.0,0,0,0.0,0.0,0,0,0.0,0.0,0,0,0.0,1
LGS2ORD0000989,C016182,2025-01-08 20:00:00,Male,27,Silver,Web,Khon Kaen,1297,Shopee,COD,20,1,2,0,20-30,43.233333333333334,0.0,0.0,0.0,-1,-1,0.0,0.0,0.0,0.0,0.0,0.0,0,0,0.0,0.0,0,0,0.0,0.0,0,0,0.0,0.0,0,0,0.0,1
LGS2ORD0000990,C014548,2025-01-08 20:00:00,Female,35,Bronze,Shopee,Nakhon Ratchasima,525,TV_Show,COD,20,1,2,0,30-40,17.5,0.0,0.0,0.0,-1,-1,0.0,0.0,0.0,0.0,0.0,0.0,0,0,0.0,0.0,0,0,0.0,0.0,0,0,0.0,0.0,0,0,0.0,0
LGS2ORD0000991,C011409,2025-01-08 20:00:00,Female,56,Bronze,CallCenter,Chonburi,1312,TV_Show,COD,20,1,2,0,>50,43.733333333333334,0.0,0.0,0.0,-1,-1,0.0,0.0,0.0,0.0,0.0,0.0,0,0,0.0,0.0,0,0,0.0,0.0,0,0,0.0,0.0,0,0,0.0,0
LGS2ORD0000992,C017839,2025-01-08 20:00:00,Female,40,Platinum,Shopee,Chiang Mai,1304,TV_Show,Credit_Card,20,1,2,0,30-40,43.46666666666667,0.0,0.0,0.0,-1,-1,0.0,0.0,0.0,0.0,0.0,0.0,0,0,0.0,0.0,0,0,0.0,0.0,0,0,0.0,0.0,0,0,0.0,0
LGS2ORD0000993,C013588,2025-01-08 21:00:00,Male,45,Bronze,Web,Remote_Area,235,Web,COD,21,1,2,0,40-50,7.833333333333333,0.0,0.0,0.0,-1,-1,0.0,0.0,0.0,0.0,0.0,0.0,0,0,0.0,0.0,0,0,0.0,0.0,0,0,0.0,0.0,0,0,0.0,0
LGS2ORD0000994,C015941,2025-01-08 21:00:00,Female,46,Bronze,Lazada,Songkhla,263,TV_Show,Credit_Card,21,1,2,0,40-50,8.766666666666667,0.0,0.0,0.0,-1,-1,0.0,0.0,0.0,0.0,0.0,0.0,0,0,0.0,0.0,0,0,0.0,0.0,0,0,0.0,0.0,0,0,0.0,0
LGS2ORD0000995,C016582,2025-01-08 21:00:00,Female,52,Gold,Web,Bangkok,394,Shopee,COD,21,1,2,0,>50,13.133333333333333,0.0,0.0,0.0,-1,-1,0.0,0.0,0.0,0.0,0.0,0.0,0,0,0.0,0.0,0,0,0.0,0.0,0,0,0.0,0.0,0,0,0.0,0
LGS2ORD0000996,C010903,2025-01-08 21:00:00,Male,18,Bronze,TV,Remote_Area,1226,TV_Show,COD,21,1,2,0,<20,40.86666666666667,0.0,0.0,0.0,-1,-1,0.0,0.0,0.0,0.0,0.0,0.0,0,0,0.0,0.0,0,0,0.0,0.0,0,0,0.0,0.0,0,0,0.0,1
LGS2ORD0000997,C011146,2025-01-08 21:00:00,Male,38,Gold,Lazada,Chiang Mai,312,TV_Show,COD,21,1,2,0,30-40,10.4,0.0,0.0,0.0,-1,-1,0.0,0.0,0.0,0.0,0.0,0.0,0,0,0.0,0.0,0,0,0.0,0.0,0,0,0.0,0.0,0,0,0.0,0
LGS2ORD0000998,C016011,2025-01-08 21:00:00,Male,47,Platinum,Web,Bangkok,250,Shopee,COD,21,1,2,0,40-50,8.333333333333334,0.0,0.0,0.0,-1,-1,0.0,0.0,0.0,0.0,0.0,0.0,0,0,0.0,0.0,0,0,0.0,0.0,0,0,0.0,0.0,0,0,0.0,0
LGS2ORD0000999,C014467,2025-01-08 22:00:00,Female,36,Bronze,Lazada,Bangkok,463,TV_Show,Credit_Card,22,1,2,0,30-40,15.433333333333334,0.0,0.0,0.0,-1,-1,0.0,0.0,0.0,0.0,0.0,0.0,0,0,0.0,0.0,0,0,0.0,0.0,0,0,0.0,0.0,0,0,0.0,1
LGS2ORD0001000,C013676,2025-01-08 22:00:00,Female,35,Platinum,TV,Chiang Mai,1276,Web,Bank_Transfer,22,1,2,0,30-40,42.53333333333333,0.0,0.0,0.0,-1,-1,0.0,0.0,0.0,0.0,0.0,0.0,0,0,0.0,0.0,0,0,0.0,0.0,0,0,0.0,0.0,0,0,0.0,1
LGS2ORD0001001,C010971,2025-01-08 22:00:00,Male,50,Bronze,Shopee,Bangkok,849,Shopee,COD,22,1,2,0,40-50,28.3,0.0,0.0,0.0,-1,-1,0.0,0.0,0.0,0.0,0.0,0.0,0,0,0.0,0.0,0,0,0.0,0.0,0,0,0.0,0.0,0,0,0.0,1
LGS2ORD0001002,C016956,2025-01-08 22:00:00,Male,30,Bronze,TV,Chonburi,1109,Lazada,PromptPay,22,1,2,0,20-30,36.96666666666667,0.0,0.0,0.0,-1,-1,0.0,0.0,0.0,0.0,0.0,0.0,0,0,0.0,0.0,0,0,0.0,0.0,0,0,0.0,0.0,0,0,0.0,1
LGS2ORD0001003,C012133,2025-01-08 22:00:00,Female,41,Gold,TV,Bangkok,337,Web,PromptPay,22,1,2,0,40-50,11.233333333333333,0.0,0.0,0.0,-1,-1,0.0,0.0,0.0,0.0,0.0,0.0,0,0,0.0,0.0,0,0,0.0,0.0,0,0,0.0,0.0,0,0,0.0,0
LGS2ORD0001004,C013890,2025-01-08 23:00:00,Other,47,Bronze,Shopee,Chiang Mai,1179,Shopee,COD,23,1,2,0,40-50,39.3,0.0,0.0,0.0,-1,-1,0.0,0.0,0.0,0.0,0.0,0.0,0,0,0.0,0.0,0,0,0.0,0.0,0,0,0.0,0.0,0,0,0.0,0
LGS2ORD0001005,C010787,2025-01-08 23:00:00,Female,51,Gold,CallCenter,Songkhla,195,Shopee,Credit_Card,23,1,2,0,>50,6.5,0.0,0.0,0.0,-1,-1,0.0,0.0,0.0,0.0,0.0,0.0,0,0,0.0,0.0,0,0,0.0,0.0,0,0,0.0,0.0,0,0,0.0,1
LGS2ORD0001006,C016823,2025-01-08 23:00:00,Other,45,Bronze,TV,Phuket,321,Shopee,COD,23,1,2,0,40-50,10.7,0.0,0.0,0.0,-1,-1,0.0,0.0,0.0,0.0,0.0,0.0,0,0,0.0,0.0,0,0,0.0,0.0,0,0,0.0,0.0,0,0,0.0,1
LGS2ORD0001007,C015318,2025-01-08 23:00:00,Female,44,Gold,Shopee,Bangkok,1323,Web,PromptPay,23,1,2,0,40-50,44.1,1.0,1.0,1.0,-9,4,4092.74,0.13,0.0,0.0,0.0,4092.74,1,1,1.0,4092.74,1,1,1.0,4092.74,1,1,1.0,4092.74,1,1,1.0,0
LGS2ORD0001008,C016588,2025-01-08 23:00:00,Female,43,Silver,Web,Khon Kaen,641,Shopee,Credit_Card,23,1,2,0,40-50,21.366666666666667,0.0,0.0,0.0,-1,-1,0.0,0.0,0.0,0.0,0.0,0.0,0,0,0.0,0.0,0,0,0.0,0.0,0,0,0.0,0.0,0,0,0.0,0
LGS2ORD0001009,C016355,2025-01-09 00:00:00,Male,44,Bronze,Lazada,Bangkok,183,TV_Show,COD,0,1,3,0,40-50,6.1,0.0,0.0,0.0,-1,-1,0.0,0.0,0.0,0.0,0.0,0.0,0,0,0.0,0.0,0,0,0.0,0.0,0,0,0.0,0.0,0,0,0.0,0
LGS2ORD0001010,C017006,2025-01-09 00:00:00,Female,51,Bronze,TV,Remote_Area,988,Shopee,Bank_Transfer,0,1,3,0,>50,32.93333333333333,0.0,0.0,0.0,-1,-1,0.0,0.0,0.0,0.0,0.0,0.0,0,0,0.0,0.0,0,0,0.0,0.0,0,0,0.0,0.0,0,0,0.0,0
LGS2ORD0001011,C015407,2025-01-09 00:00:00,Female,56,Gold,Lazada,Songkhla,572,TV_Show,COD,0,1,3,0,>50,19.066666666666666,0.0,0.0,0.0,-1,-1,0.0,0.0,0.0,0.0,0.0,0.0,0,0,0.0,0.0,0,0,0.0,0.0,0,0,0.0,0.0,0,0,0.0,1
LGS2ORD0001012,C012806,2025-01-09 00:00:00,Male,56,Gold,Shopee,Bangkok,1195,Web,Bank_Transfer,0,1,3,0,>50,39.833333333333336,0.0,0.0,0.0,-1,-1,0.0,0.0,0.0,0.0,0.0,0.0,0,0,0.0,0.0,0,0,0.0,0.0,0,0,0.0,0.0,0,0,0.0,0
LGS2ORD0001013,C014070,2025-01-09 00:00:00,Male,42,Bronze,CallCenter,Nakhon Ratchasima,616,TV_Show,Credit_Card,0,1,3,0,40-50,20.533333333333335,0.0,0.0,0.0,-1,-1,0.0,0.0,0.0,0.0,0.0,0.0,0,0,0.0,0.0,0,0,0.0,0.0,0,0,0.0,0.0,0,0,0.0,0
LGS2ORD0001014,C017268,2025-01-09 01:00:00,Male,48,Silver,TV,Chonburi,1393,Web,Credit_Card,1,1,3,0,40-50,46.43333333333333,0.0,0.0,0.0,-1,-1,0.0,0.0,0.0,0.0,0.0,0.0,0,0,0.0,0.0,0,0,0.0,0.0,0,0,0.0,0.0,0,0,0.0,1
LGS2ORD0001015,C014837,2025-01-09 01:00:00,Female,42,Bronze,Lazada,Bangkok,1107,Shopee,PromptPay,1,1,3,0,40-50,36.9,1.0,0.0,0.0,-1,6,24554.29,0.13,0.0,0.0,0.0,24554.29,1,0,0.0,24554.29,1,0,0.0,24554.29,1,0,0.0,24554.29,1,0,0.0,0
LGS2ORD0001016,C010432,2025-01-09 01:00:00,Male,67,Platinum,TV,Bangkok,678,Lazada,COD,1,1,3,0,>50,22.6,0.0,0.0,0.0,-1,-1,0.0,0.0,0.0,0.0,0.0,0.0,0,0,0.0,0.0,0,0,0.0,0.0,0,0,0.0,0.0,0,0,0.0,0
LGS2ORD0001017,C016874,2025-01-09 01:00:00,Male,48,Gold,Web,Khon Kaen,611,CallCenter,COD,1,1,3,0,40-50,20.366666666666667,0.0,0.0,0.0,-1,-1,0.0,0.0,0.0,0.0,0.0,0.0,0,0,0.0,0.0,0,0,0.0,0.0,0,0,0.0,0.0,0,0,0.0,0
LGS2ORD0001018,C013438,2025-01-09 01:00:00,Male,49,Gold,Shopee,Chonburi,55,TV_Show,COD,1,1,3,0,40-50,1.8333333333333333,1.0,0.0,0.0,-1,5,5239.44,0.2299999999999999,1.0,1.0,0.0,5239.44,1,0,0.0,5239.44,1,0,0.0,5239.44,1,0,0.0,5239.44,1,0,0.0,0
LGS2ORD0001019,C010898,2025-01-09 01:00:00,Female,55,Bronze,Shopee,Songkhla,973,Shopee,COD,1,1,3,0,>50,32.43333333333333,0.0,0.0,0.0,-1,-1,0.0,0.0,0.0,0.0,0.0,0.0,0,0,0.0,0.0,0,0,0.0,0.0,0,0,0.0,0.0,0,0,0.0,0
LGS2ORD0001020,C017351,2025-01-09 02:00:00,Female,31,Gold,Lazada,Bangkok,1281,Lazada,Credit_Card,2,1,3,0,30-40,42.7,0.0,0.0,0.0,-1,-1,0.0,0.0,0.0,0.0,0.0,0.0,0,0,0.0,0.0,0,0,0.0,0.0,0,0,0.0,0.0,0,0,0.0,1
LGS2ORD0001021,C010668,2025-01-09 02:00:00,Female,53,Gold,Web,Bangkok,241,Lazada,COD,2,1,3,0,>50,8.033333333333333,0.0,0.0,0.0,-1,-1,0.0,0.0,0.0,0.0,0.0,0.0,0,0,0.0,0.0,0,0,0.0,0.0,0,0,0.0,0.0,0,0,0.0,1
LGS2ORD0001022,C015247,2025-01-09 02:00:00,Female,25,Silver,CallCenter,Chonburi,1081,Web,Credit_Card,2,1,3,0,20-30,36.03333333333333,0.0,0.0,0.0,-1,-1,0.0,0.0,0.0,0.0,0.0,0.0,0,0,0.0,0.0,0,0,0.0,0.0,0,0,0.0,0.0,0,0,0.0,0
LGS2ORD0001023,C013251,2025-01-09 02:00:00,Male,30,Silver,Web,Phuket,368,Shopee,Credit_Card,2,1,3,0,20-30,12.266666666666667,0.0,0.0,0.0,-1,-1,0.0,0.0,0.0,0.0,0.0,0.0,0,0,0.0,0.0,0,0,0.0,0.0,0,0,0.0,0.0,0,0,0.0,0
LGS2ORD0001024,C014763,2025-01-09 02:00:00,Female,27,Silver,Shopee,Remote_Area,370,CallCenter,Credit_Card,2,1,3,0,20-30,12.333333333333334,0.0,0.0,0.0,-1,-1,0.0,0.0,0.0,0.0,0.0,0.0,0,0,0.0,0.0,0,0,0.0,0.0,0,0,0.0,0.0,0,0,0.0,0
LGS2ORD0001025,C017348,2025-01-09 03:00:00,Male,27,Bronze,TV,Phuket,1358,Lazada,COD,3,1,3,0,20-30,45.266666666666666,1.0,0.0,0.0,-1,6,8011.88,0.08,1.0,0.0,0.0,8011.88,1,0,0.0,8011.88,1,0,0.0,8011.88,1,0,0.0,8011.88,1,0,0.0,0
LGS2ORD0001026,C012693,2025-01-09 03:00:00,Male,45,Platinum,Web,Chiang Mai,436,TV_Show,COD,3,1,3,0,40-50,14.533333333333333,0.0,0.0,0.0,-1,-1,0.0,0.0,0.0,0.0,0.0,0.0,0,0,0.0,0.0,0,0,0.0,0.0,0,0,0.0,0.0,0,0,0.0,1
LGS2ORD0001027,C013436,2025-01-09 03:00:00,Male,53,Bronze,TV,Chiang Mai,390,CallCenter,COD,3,1,3,0,>50,13.0,0.0,0.0,0.0,-1,-1,0.0,0.0,0.0,0.0,0.0,0.0,0,0,0.0,0.0,0,0,0.0,0.0,0,0,0.0,0.0,0,0,0.0,1
LGS2ORD0001028,C010992,2025-01-09 03:00:00,Female,56,Silver,Web,Khon Kaen,471,Web,COD,3,1,3,0,>50,15.7,0.0,0.0,0.0,-1,-1,0.0,0.0,0.0,0.0,0.0,0.0,0,0,0.0,0.0,0,0,0.0,0.0,0,0,0.0,0.0,0,0,0.0,1
LGS2ORD0001029,C017675,2025-01-09 03:00:00,Male,30,Bronze,Web,Nakhon Ratchasima,1358,Lazada,Bank_Transfer,3,1,3,0,20-30,45.266666666666666,0.0,0.0,0.0,-1,-1,0.0,0.0,0.0,0.0,0.0,0.0,0,0,0.0,0.0,0,0,0.0,0.0,0,0,0.0,0.0,0,0,0.0,0
LGS2ORD0001030,C017567,2025-01-09 04:00:00,Male,55,Bronze,TV,Bangkok,414,Shopee,COD,4,1,3,0,>50,13.8,0.0,0.0,0.0,-1,-1,0.0,0.0,0.0,0.0,0.0,0.0,0,0,0.0,0.0,0,0,0.0,0.0,0,0,0.0,0.0,0,0,0.0,1
LGS2ORD0001031,C016190,2025-01-09 04:00:00,Male,37,Platinum,Web,Chiang Mai,1139,Shopee,COD,4,1,3,0,30-40,37.96666666666667,1.0,0.0,0.0,-1,5,1411.19,0.2,1.0,0.0,0.0,1411.19,1,0,0.0,1411.19,1,0,0.0,1411.19,1,0,0.0,1411.19,1,0,0.0,0
LGS2ORD0001032,C014844,2025-01-09 04:00:00,Female,40,Gold,Web,Bangkok,410,Lazada,PromptPay,4,1,3,0,30-40,13.666666666666666,0.0,0.0,0.0,-1,-1,0.0,0.0,0.0,0.0,0.0,0.0,0,0,0.0,0.0,0,0,0.0,0.0,0,0,0.0,0.0,0,0,0.0,0
LGS2ORD0001033,C015378,2025-01-09 04:00:00,Female,32,Silver,Web,Chonburi,881,Shopee,Bank_Transfer,4,1,3,0,30-40,29.366666666666667,0.0,0.0,0.0,-1,-1,0.0,0.0,0.0,0.0,0.0,0.0,0,0,0.0,0.0,0,0,0.0,0.0,0,0,0.0,0.0,0,0,0.0,0
LGS2ORD0001034,C017430,2025-01-09 04:00:00,Female,51,Silver,CallCenter,Remote_Area,1032,TV_Show,COD,4,1,3,0,>50,34.4,0.0,0.0,0.0,-1,-1,0.0,0.0,0.0,0.0,0.0,0.0,0,0,0.0,0.0,0,0,0.0,0.0,0,0,0.0,0.0,0,0,0.0,0
LGS2ORD0001035,C013019,2025-01-09 05:00:00,Female,34,Bronze,TV,Chiang Mai,169,CallCenter,COD,5,1,3,0,30-40,5.633333333333334,0.0,0.0,0.0,-1,-1,0.0,0.0,0.0,0.0,0.0,0.0,0,0,0.0,0.0,0,0,0.0,0.0,0,0,0.0,0.0,0,0,0.0,1
LGS2ORD0001036,C014799,2025-01-09 05:00:00,Female,70,Bronze,TV,Khon Kaen,994,Web,Credit_Card,5,1,3,0,>50,33.13333333333333,0.0,0.0,0.0,-1,-1,0.0,0.0,0.0,0.0,0.0,0.0,0,0,0.0,0.0,0,0,0.0,0.0,0,0,0.0,0.0,0,0,0.0,0
LGS2ORD0001037,C012872,2025-01-09 05:00:00,Female,33,Gold,CallCenter,Bangkok,1209,TV_Show,COD,5,1,3,0,30-40,40.3,0.0,0.0,0.0,-1,-1,0.0,0.0,0.0,0.0,0.0,0.0,0,0,0.0,0.0,0,0,0.0,0.0,0,0,0.0,0.0,0,0,0.0,0
LGS2ORD0001038,C015026,2025-01-09 05:00:00,Female,27,Silver,CallCenter,Chiang Mai,728,Web,COD,5,1,3,0,20-30,24.266666666666666,0.0,0.0,0.0,-1,-1,0.0,0.0,0.0,0.0,0.0,0.0,0,0,0.0,0.0,0,0,0.0,0.0,0,0,0.0,0.0,0,0,0.0,1
LGS2ORD0001039,C014734,2025-01-09 05:00:00,Female,72,Silver,Web,Bangkok,510,Lazada,Bank_Transfer,5,1,3,0,>50,17.0,0.0,0.0,0.0,-1,-1,0.0,0.0,0.0,0.0,0.0,0.0,0,0,0.0,0.0,0,0,0.0,0.0,0,0,0.0,0.0,0,0,0.0,0
LGS2ORD0001040,C017372,2025-01-09 05:00:00,Female,35,Bronze,Web,Bangkok,86,TV_Show,Credit_Card,5,1,3,0,30-40,2.8666666666666667,0.0,0.0,0.0,-1,-1,0.0,0.0,0.0,0.0,0.0,0.0,0,0,0.0,0.0,0,0,0.0,0.0,0,0,0.0,0.0,0,0,0.0,0
LGS2ORD0001041,C016989,2025-01-09 06:00:00,Female,55,Platinum,Shopee,Chonburi,491,CallCenter,Bank_Transfer,6,1,3,0,>50,16.366666666666667,0.0,0.0,0.0,-1,-1,0.0,0.0,0.0,0.0,0.0,0.0,0,0,0.0,0.0,0,0,0.0,0.0,0,0,0.0,0.0,0,0,0.0,0
LGS2ORD0001042,C011821,2025-01-09 06:00:00,Female,38,Gold,TV,Chiang Mai,798,TV_Show,COD,6,1,3,0,30-40,26.6,0.0,0.0,0.0,-1,-1,0.0,0.0,0.0,0.0,0.0,0.0,0,0,0.0,0.0,0,0,0.0,0.0,0,0,0.0,0.0,0,0,0.0,0
LGS2ORD0001043,C016531,2025-01-09 06:00:00,Male,28,Gold,Web,Khon Kaen,1091,Shopee,Credit_Card,6,1,3,0,20-30,36.36666666666667,0.0,0.0,0.0,-1,-1,0.0,0.0,0.0,0.0,0.0,0.0,0,0,0.0,0.0,0,0,0.0,0.0,0,0,0.0,0.0,0,0,0.0,0
LGS2ORD0001044,C010068,2025-01-09 06:00:00,Male,45,Bronze,Web,Chiang Mai,725,TV_Show,COD,6,1,3,0,40-50,24.166666666666668,0.0,0.0,0.0,-1,-1,0.0,0.0,0.0,0.0,0.0,0.0,0,0,0.0,0.0,0,0,0.0,0.0,0,0,0.0,0.0,0,0,0.0,0
LGS2ORD0001045,C011444,2025-01-09 06:00:00,Male,39,Bronze,Lazada,Bangkok,1207,Shopee,Bank_Transfer,6,1,3,0,30-40,40.233333333333334,0.0,0.0,0.0,-1,-1,0.0,0.0,0.0,0.0,0.0,0.0,0,0,0.0,0.0,0,0,0.0,0.0,0,0,0.0,0.0,0,0,0.0,1
LGS2ORD0001046,C013685,2025-01-09 07:00:00,Male,42,Bronze,Shopee,Khon Kaen,982,CallCenter,Credit_Card,7,1,3,0,40-50,32.733333333333334,0.0,0.0,0.0,-1,-1,0.0,0.0,0.0,0.0,0.0,0.0,0,0,0.0,0.0,0,0,0.0,0.0,0,0,0.0,0.0,0,0,0.0,0
LGS2ORD0001047,C010549,2025-01-09 07:00:00,Male,62,Gold,Shopee,Nakhon Ratchasima,1085,Web,COD,7,1,3,0,>50,36.166666666666664,1.0,0.0,0.0,-1,7,1549.07,0.28,1.0,1.0,0.0,0.0,0,0,0.0,1549.07,1,0,0.0,1549.07,1,0,0.0,1549.07,1,0,0.0,0
LGS2ORD0001048,C016331,2025-01-09 07:00:00,Female,50,Bronze,Web,Phuket,611,Web,Bank_Transfer,7,1,3,0,40-50,20.366666666666667,0.0,0.0,0.0,-1,-1,0.0,0.0,0.0,0.0,0.0,0.0,0,0,0.0,0.0,0,0,0.0,0.0,0,0,0.0,0.0,0,0,0.0,1
LGS2ORD0001049,C014726,2025-01-09 07:00:00,Female,38,Gold,TV,Chiang Mai,76,TV_Show,COD,7,1,3,0,30-40,2.533333333333333,0.0,0.0,0.0,-1,-1,0.0,0.0,0.0,0.0,0.0,0.0,0,0,0.0,0.0,0,0,0.0,0.0,0,0,0.0,0.0,0,0,0.0,0
LGS2ORD0001050,C012908,2025-01-09 07:00:00,Male,47,Bronze,TV,Remote_Area,837,Shopee,Credit_Card,7,1,3,0,40-50,27.9,0.0,0.0,0.0,-1,-1,0.0,0.0,0.0,0.0,0.0,0.0,0,0,0.0,0.0,0,0,0.0,0.0,0,0,0.0,0.0,0,0,0.0,1
LGS2ORD0001051,C013226,2025-01-09 08:00:00,Female,44,Bronze,Shopee,Chonburi,934,Shopee,PromptPay,8,1,3,0,40-50,31.133333333333333,0.0,0.0,0.0,-1,-1,0.0,0.0,0.0,0.0,0.0,0.0,0,0,0.0,0.0,0,0,0.0,0.0,0,0,0.0,0.0,0,0,0.0,0
LGS2ORD0001052,C012116,2025-01-09 08:00:00,Male,44,Silver,Web,Bangkok,840,Shopee,COD,8,1,3,0,40-50,28.0,0.0,0.0,0.0,-1,-1,0.0,0.0,0.0,0.0,0.0,0.0,0,0,0.0,0.0,0,0,0.0,0.0,0,0,0.0,0.0,0,0,0.0,0
LGS2ORD0001053,C012174,2025-01-09 08:00:00,Female,32,Bronze,TV,Remote_Area,343,TV_Show,COD,8,1,3,0,30-40,11.433333333333334,0.0,0.0,0.0,-1,-1,0.0,0.0,0.0,0.0,0.0,0.0,0,0,0.0,0.0,0,0,0.0,0.0,0,0,0.0,0.0,0,0,0.0,0
LGS2ORD0001054,C014896,2025-01-09 08:00:00,Male,31,Bronze,TV,Khon Kaen,1417,Web,PromptPay,8,1,3,0,30-40,47.233333333333334,0.0,0.0,0.0,-1,-1,0.0,0.0,0.0,0.0,0.0,0.0,0,0,0.0,0.0,0,0,0.0,0.0,0,0,0.0,0.0,0,0,0.0,0
LGS2ORD0001055,C010587,2025-01-09 08:00:00,Male,62,Gold,Web,Bangkok,142,Web,COD,8,1,3,0,>50,4.733333333333333,0.0,0.0,0.0,-1,-1,0.0,0.0,0.0,0.0,0.0,0.0,0,0,0.0,0.0,0,0,0.0,0.0,0,0,0.0,0.0,0,0,0.0,0
LGS2ORD0001056,C012750,2025-01-09 09:00:00,Female,18,Bronze,Web,Bangkok,780,Web,COD,9,1,3,0,<20,26.0,0.0,0.0,0.0,-1,-1,0.0,0.0,0.0,0.0,0.0,0.0,0,0,0.0,0.0,0,0,0.0,0.0,0,0,0.0,0.0,0,0,0.0,1
LGS2ORD0001057,C014787,2025-01-09 09:00:00,Male,26,Bronze,Shopee,Bangkok,168,Lazada,COD,9,1,3,0,20-30,5.6,0.0,0.0,0.0,-1,-1,0.0,0.0,0.0,0.0,0.0,0.0,0,0,0.0,0.0,0,0,0.0,0.0,0,0,0.0,0.0,0,0,0.0,0
LGS2ORD0001058,C010968,2025-01-09 09:00:00,Female,50,Bronze,CallCenter,Phuket,650,Lazada,COD,9,1,3,0,40-50,21.666666666666668,0.0,0.0,0.0,-1,-1,0.0,0.0,0.0,0.0,0.0,0.0,0,0,0.0,0.0,0,0,0.0,0.0,0,0,0.0,0.0,0,0,0.0,1
LGS2ORD0001059,C013406,2025-01-09 09:00:00,Female,57,Bronze,Lazada,Chiang Mai,918,Shopee,COD,9,1,3,0,>50,30.6,0.0,0.0,0.0,-1,-1,0.0,0.0,0.0,0.0,0.0,0.0,0,0,0.0,0.0,0,0,0.0,0.0,0,0,0.0,0.0,0,0,0.0,0
LGS2ORD0001060,C013412,2025-01-09 09:00:00,Male,48,Silver,Web,Songkhla,578,Shopee,Credit_Card,9,1,3,0,40-50,19.266666666666666,0.0,0.0,0.0,-1,-1,0.0,0.0,0.0,0.0,0.0,0.0,0,0,0.0,0.0,0,0,0.0,0.0,0,0,0.0,0.0,0,0,0.0,0
LGS2ORD0001061,C015321,2025-01-09 09:00:00,Female,18,Silver,TV,Songkhla,1150,TV_Show,PromptPay,9,1,3,0,<20,38.333333333333336,0.0,0.0,0.0,-1,-1,0.0,0.0,0.0,0.0,0.0,0.0,0,0,0.0,0.0,0,0,0.0,0.0,0,0,0.0,0.0,0,0,0.0,0
LGS2ORD0001062,C016053,2025-01-09 10:00:00,Male,29,Gold,Shopee,Chonburi,492,Lazada,COD,10,1,3,0,20-30,16.4,1.0,0.0,0.0,-1,3,974.67,0.2299999999999999,1.0,1.0,0.0,974.67,1,0,0.0,974.67,1,0,0.0,974.67,1,0,0.0,974.67,1,0,0.0,0
LGS2ORD0001063,C011576,2025-01-09 10:00:00,Female,19,Bronze,Shopee,Songkhla,1180,Web,PromptPay,10,1,3,0,<20,39.333333333333336,0.0,0.0,0.0,-1,-1,0.0,0.0,0.0,0.0,0.0,0.0,0,0,0.0,0.0,0,0,0.0,0.0,0,0,0.0,0.0,0,0,0.0,0
LGS2ORD0001064,C017709,2025-01-09 10:00:00,Male,51,Gold,Web,Bangkok,300,Shopee,PromptPay,10,1,3,0,>50,10.0,0.0,0.0,0.0,-1,-1,0.0,0.0,0.0,0.0,0.0,0.0,0,0,0.0,0.0,0,0,0.0,0.0,0,0,0.0,0.0,0,0,0.0,0
LGS2ORD0001065,C016721,2025-01-09 10:00:00,Female,39,Gold,Web,Khon Kaen,781,CallCenter,Credit_Card,10,1,3,0,30-40,26.033333333333335,0.0,0.0,0.0,-1,-1,0.0,0.0,0.0,0.0,0.0,0.0,0,0,0.0,0.0,0,0,0.0,0.0,0,0,0.0,0.0,0,0,0.0,0
LGS2ORD0001066,C013567,2025-01-09 10:00:00,Female,31,Bronze,Shopee,Bangkok,60,TV_Show,Credit_Card,10,1,3,0,30-40,2.0,0.0,0.0,0.0,-1,-1,0.0,0.0,0.0,0.0,0.0,0.0,0,0,0.0,0.0,0,0,0.0,0.0,0,0,0.0,0.0,0,0,0.0,1
LGS2ORD0001067,C010725,2025-01-09 11:00:00,Female,41,Gold,TV,Bangkok,1310,Web,COD,11,1,3,0,40-50,43.666666666666664,0.0,0.0,0.0,-1,-1,0.0,0.0,0.0,0.0,0.0,0.0,0,0,0.0,0.0,0,0,0.0,0.0,0,0,0.0,0.0,0,0,0.0,0
LGS2ORD0001068,C010735,2025-01-09 11:00:00,Female,34,Bronze,Web,Bangkok,530,CallCenter,Bank_Transfer,11,1,3,0,30-40,17.666666666666668,0.0,0.0,0.0,-1,-1,0.0,0.0,0.0,0.0,0.0,0.0,0,0,0.0,0.0,0,0,0.0,0.0,0,0,0.0,0.0,0,0,0.0,0
LGS2ORD0001069,C015643,2025-01-09 11:00:00,Male,60,Bronze,TV,Khon Kaen,380,Web,COD,11,1,3,0,>50,12.666666666666666,0.0,0.0,0.0,-1,-1,0.0,0.0,0.0,0.0,0.0,0.0,0,0,0.0,0.0,0,0,0.0,0.0,0,0,0.0,0.0,0,0,0.0,0
LGS2ORD0001070,C017419,2025-01-09 11:00:00,Female,62,Bronze,TV,Khon Kaen,638,Shopee,COD,11,1,3,0,>50,21.266666666666666,0.0,0.0,0.0,-1,-1,0.0,0.0,0.0,0.0,0.0,0.0,0,0,0.0,0.0,0,0,0.0,0.0,0,0,0.0,0.0,0,0,0.0,1
LGS2ORD0001071,C011020,2025-01-09 11:00:00,Female,47,Bronze,Lazada,Chiang Mai,1369,CallCenter,PromptPay,11,1,3,0,40-50,45.63333333333333,0.0,0.0,0.0,-1,-1,0.0,0.0,0.0,0.0,0.0,0.0,0,0,0.0,0.0,0,0,0.0,0.0,0,0,0.0,0.0,0,0,0.0,0
LGS2ORD0001072,C016427,2025-01-09 12:00:00,Female,45,Bronze,TV,Remote_Area,1185,Lazada,COD,12,1,3,0,40-50,39.5,0.0,0.0,0.0,-1,-1,0.0,0.0,0.0,0.0,0.0,0.0,0,0,0.0,0.0,0,0,0.0,0.0,0,0,0.0,0.0,0,0,0.0,1
LGS2ORD0001073,C016269,2025-01-09 12:00:00,Female,42,Bronze,Shopee,Khon Kaen,1099,Web,PromptPay,12,1,3,0,40-50,36.63333333333333,1.0,0.0,0.0,-1,8,4298.57,0.28,0.0,1.0,0.0,0.0,0,0,0.0,4298.57,1,0,0.0,4298.57,1,0,0.0,4298.57,1,0,0.0,0
LGS2ORD0001074,C012490,2025-01-09 12:00:00,Female,52,Bronze,TV,Remote_Area,38,CallCenter,PromptPay,12,1,3,0,>50,1.2666666666666666,1.0,0.0,0.0,-1,7,4305.95,0.03,0.0,0.0,0.0,0.0,0,0,0.0,4305.95,1,0,0.0,4305.95,1,0,0.0,4305.95,1,0,0.0,0
LGS2ORD0001075,C017033,2025-01-09 12:00:00,Female,48,Silver,Lazada,Bangkok,1429,Shopee,Credit_Card,12,1,3,0,40-50,47.63333333333333,0.0,0.0,0.0,-1,-1,0.0,0.0,0.0,0.0,0.0,0.0,0,0,0.0,0.0,0,0,0.0,0.0,0,0,0.0,0.0,0,0,0.0,0
LGS2ORD0001076,C013100,2025-01-09 12:00:00,Male,41,Silver,Lazada,Songkhla,215,TV_Show,COD,12,1,3,0,40-50,7.166666666666667,0.0,0.0,0.0,-1,-1,0.0,0.0,0.0,0.0,0.0,0.0,0,0,0.0,0.0,0,0,0.0,0.0,0,0,0.0,0.0,0,0,0.0,0
LGS2ORD0001077,C013816,2025-01-09 13:00:00,Female,44,Bronze,TV,Bangkok,1028,Web,COD,13,1,3,0,40-50,34.266666666666666,0.0,0.0,0.0,-1,-1,0.0,0.0,0.0,0.0,0.0,0.0,0,0,0.0,0.0,0,0,0.0,0.0,0,0,0.0,0.0,0,0,0.0,1
LGS2ORD0001078,C010307,2025-01-09 13:00:00,Male,54,Bronze,Shopee,Chonburi,283,TV_Show,COD,13,1,3,0,>50,9.433333333333334,0.0,0.0,0.0,-1,-1,0.0,0.0,0.0,0.0,0.0,0.0,0,0,0.0,0.0,0,0,0.0,0.0,0,0,0.0,0.0,0,0,0.0,0
LGS2ORD0001079,C016672,2025-01-09 13:00:00,Female,48,Bronze,Lazada,Chonburi,556,Web,COD,13,1,3,0,40-50,18.533333333333335,0.0,0.0,0.0,-1,-1,0.0,0.0,0.0,0.0,0.0,0.0,0,0,0.0,0.0,0,0,0.0,0.0,0,0,0.0,0.0,0,0,0.0,1
LGS2ORD0001080,C012175,2025-01-09 13:00:00,Female,42,Silver,Web,Chonburi,104,CallCenter,COD,13,1,3,0,40-50,3.466666666666667,0.0,0.0,0.0,-1,-1,0.0,0.0,0.0,0.0,0.0,0.0,0,0,0.0,0.0,0,0,0.0,0.0,0,0,0.0,0.0,0,0,0.0,1
LGS2ORD0001081,C011487,2025-01-09 13:00:00,Female,31,Silver,Web,Remote_Area,1159,Web,PromptPay,13,1,3,0,30-40,38.63333333333333,0.0,0.0,0.0,-1,-1,0.0,0.0,0.0,0.0,0.0,0.0,0,0,0.0,0.0,0,0,0.0,0.0,0,0,0.0,0.0,0,0,0.0,1
LGS2ORD0001082,C015082,2025-01-09 13:00:00,Male,58,Bronze,Shopee,Remote_Area,118,TV_Show,Credit_Card,13,1,3,0,>50,3.933333333333333,0.0,0.0,0.0,-1,-1,0.0,0.0,0.0,0.0,0.0,0.0,0,0,0.0,0.0,0,0,0.0,0.0,0,0,0.0,0.0,0,0,0.0,0
LGS2ORD0001083,C013298,2025-01-09 14:00:00,Male,59,Bronze,CallCenter,Phuket,1150,TV_Show,Credit_Card,14,1,3,0,>50,38.333333333333336,0.0,0.0,0.0,-1,-1,0.0,0.0,0.0,0.0,0.0,0.0,0,0,0.0,0.0,0,0,0.0,0.0,0,0,0.0,0.0,0,0,0.0,0
LGS2ORD0001084,C013324,2025-01-09 14:00:00,Female,54,Bronze,TV,Chiang Mai,1269,Web,Credit_Card,14,1,3,0,>50,42.3,0.0,0.0,0.0,-1,-1,0.0,0.0,0.0,0.0,0.0,0.0,0,0,0.0,0.0,0,0,0.0,0.0,0,0,0.0,0.0,0,0,0.0,0
LGS2ORD0001085,C012410,2025-01-09 14:00:00,Female,53,Bronze,TV,Bangkok,1237,Web,COD,14,1,3,0,>50,41.233333333333334,0.0,0.0,0.0,-1,-1,0.0,0.0,0.0,0.0,0.0,0.0,0,0,0.0,0.0,0,0,0.0,0.0,0,0,0.0,0.0,0,0,0.0,0
LGS2ORD0001086,C012011,2025-01-09 14:00:00,Male,49,Silver,Web,Bangkok,127,Web,Bank_Transfer,14,1,3,0,40-50,4.233333333333333,1.0,0.0,0.0,-1,4,8138.03,0.1,0.0,0.0,0.0,8138.03,1,0,0.0,8138.03,1,0,0.0,8138.03,1,0,0.0,8138.03,1,0,0.0,1
LGS2ORD0001087,C012552,2025-01-09 14:00:00,Male,32,Gold,Web,Bangkok,585,CallCenter,COD,14,1,3,0,30-40,19.5,0.0,0.0,0.0,-1,-1,0.0,0.0,0.0,0.0,0.0,0.0,0,0,0.0,0.0,0,0,0.0,0.0,0,0,0.0,0.0,0,0,0.0,0
LGS2ORD0001088,C014896,2025-01-09 15:00:00,Male,31,Bronze,TV,Khon Kaen,1417,Web,Bank_Transfer,15,1,3,0,30-40,47.233333333333334,1.0,0.0,0.0,-1,0,3245.8,0.23,0.0,1.0,0.0,3245.8,1,0,0.0,3245.8,1,0,0.0,3245.8,1,0,0.0,3245.8,1,0,0.0,0
LGS2ORD0001089,C016332,2025-01-09 15:00:00,Female,39,Bronze,TV,Nakhon Ratchasima,118,Shopee,Credit_Card,15,1,3,0,30-40,3.933333333333333,0.0,0.0,0.0,-1,-1,0.0,0.0,0.0,0.0,0.0,0.0,0,0,0.0,0.0,0,0,0.0,0.0,0,0,0.0,0.0,0,0,0.0,0
LGS2ORD0001090,C010482,2025-01-09 15:00:00,Female,58,Bronze,CallCenter,Bangkok,804,Web,COD,15,1,3,0,>50,26.8,0.0,0.0,0.0,-1,-1,0.0,0.0,0.0,0.0,0.0,0.0,0,0,0.0,0.0,0,0,0.0,0.0,0,0,0.0,0.0,0,0,0.0,1
LGS2ORD0001091,C014892,2025-01-09 15:00:00,Male,48,Gold,TV,Nakhon Ratchasima,315,Shopee,COD,15,1,3,0,40-50,10.5,0.0,0.0,0.0,-1,-1,0.0,0.0,0.0,0.0,0.0,0.0,0,0,0.0,0.0,0,0,0.0,0.0,0,0,0.0,0.0,0,0,0.0,1
LGS2ORD0001092,C010756,2025-01-09 15:00:00,Male,54,Bronze,TV,Phuket,1435,Shopee,Credit_Card,15,1,3,0,>50,47.833333333333336,0.0,0.0,0.0,-1,-1,0.0,0.0,0.0,0.0,0.0,0.0,0,0,0.0,0.0,0,0,0.0,0.0,0,0,0.0,0.0,0,0,0.0,0
LGS2ORD0001093,C014350,2025-01-09 16:00:00,Female,49,Gold,Web,Bangkok,750,TV_Show,Credit_Card,16,1,3,0,40-50,25.0,0.0,0.0,0.0,-1,-1,0.0,0.0,0.0,0.0,0.0,0.0,0,0,0.0,0.0,0,0,0.0,0.0,0,0,0.0,0.0,0,0,0.0,0
LGS2ORD0001094,C011886,2025-01-09 16:00:00,Male,56,Bronze,Lazada,Khon Kaen,759,Web,Bank_Transfer,16,1,3,0,>50,25.3,0.0,0.0,0.0,-1,-1,0.0,0.0,0.0,0.0,0.0,0.0,0,0,0.0,0.0,0,0,0.0,0.0,0,0,0.0,0.0,0,0,0.0,0
LGS2ORD0001095,C010286,2025-01-09 16:00:00,Male,57,Silver,Lazada,Nakhon Ratchasima,343,Web,Bank_Transfer,16,1,3,0,>50,11.433333333333334,1.0,0.0,0.0,-1,4,3678.97,0.15,0.0,0.0,0.0,3678.97,1,0,0.0,3678.97,1,0,0.0,3678.97,1,0,0.0,3678.97,1,0,0.0,0
LGS2ORD0001096,C016726,2025-01-09 16:00:00,Female,51,Bronze,Lazada,Chiang Mai,1070,TV_Show,PromptPay,16,1,3,0,>50,35.666666666666664,0.0,0.0,0.0,-1,-1,0.0,0.0,0.0,0.0,0.0,0.0,0,0,0.0,0.0,0,0,0.0,0.0,0,0,0.0,0.0,0,0,0.0,0
LGS2ORD0001097,C014959,2025-01-09 16:00:00,Female,50,Gold,TV,Khon Kaen,600,Shopee,COD,16,1,3,0,40-50,20.0,0.0,0.0,0.0,-1,-1,0.0,0.0,0.0,0.0,0.0,0.0,0,0,0.0,0.0,0,0,0.0,0.0,0,0,0.0,0.0,0,0,0.0,0
LGS2ORD0001098,C012815,2025-01-09 16:00:00,Female,59,Bronze,Lazada,Bangkok,1412,CallCenter,COD,16,1,3,0,>50,47.06666666666667,1.0,0.0,0.0,-1,1,334.99,0.13,1.0,0.0,0.0,334.99,1,0,0.0,334.99,1,0,0.0,334.99,1,0,0.0,334.99,1,0,0.0,0
LGS2ORD0001099,C013756,2025-01-09 17:00:00,Female,33,Bronze,TV,Chonburi,395,Web,COD,17,1,3,0,30-40,13.166666666666666,0.0,0.0,0.0,-1,-1,0.0,0.0,0.0,0.0,0.0,0.0,0,0,0.0,0.0,0,0,0.0,0.0,0,0,0.0,0.0,0,0,0.0,0
LGS2ORD0001100,C015450,2025-01-09 17:00:00,Female,38,Silver,Shopee,Chonburi,960,Shopee,PromptPay,17,1,3,0,30-40,32.0,0.0,0.0,0.0,-1,-1,0.0,0.0,0.0,0.0,0.0,0.0,0,0,0.0,0.0,0,0,0.0,0.0,0,0,0.0,0.0,0,0,0.0,0
LGS2ORD0001101,C010552,2025-01-09 17:00:00,Male,36,Silver,Shopee,Chonburi,1447,Shopee,PromptPay,17,1,3,0,30-40,48.233333333333334,0.0,0.0,0.0,-1,-1,0.0,0.0,0.0,0.0,0.0,0.0,0,0,0.0,0.0,0,0,0.0,0.0,0,0,0.0,0.0,0,0,0.0,1
LGS2ORD0001102,C014483,2025-01-09 17:00:00,Female,37,Bronze,TV,Chonburi,834,TV_Show,Credit_Card,17,1,3,0,30-40,27.8,0.0,0.0,0.0,-1,-1,0.0,0.0,0.0,0.0,0.0,0.0,0,0,0.0,0.0,0,0,0.0,0.0,0,0,0.0,0.0,0,0,0.0,0
LGS2ORD0001103,C014643,2025-01-09 17:00:00,Male,58,Bronze,Lazada,Chonburi,171,Lazada,Bank_Transfer,17,1,3,0,>50,5.7,1.0,0.0,0.0,-1,2,4613.17,0.18,1.0,0.0,0.0,4613.17,1,0,0.0,4613.17,1,0,0.0,4613.17,1,0,0.0,4613.17,1,0,0.0,0
LGS2ORD0001104,C016450,2025-01-09 18:00:00,Female,39,Gold,Shopee,Chiang Mai,1174,Web,PromptPay,18,1,3,0,30-40,39.13333333333333,0.0,0.0,0.0,-1,-1,0.0,0.0,0.0,0.0,0.0,0.0,0,0,0.0,0.0,0,0,0.0,0.0,0,0,0.0,0.0,0,0,0.0,0
LGS2ORD0001105,C015346,2025-01-09 18:00:00,Female,36,Bronze,Web,Bangkok,999,Web,COD,18,1,3,0,30-40,33.3,1.0,0.0,0.0,-1,7,1934.73,0.08,0.0,0.0,0.0,0.0,0,0,0.0,1934.73,1,0,0.0,1934.73,1,0,0.0,1934.73,1,0,0.0,0
LGS2ORD0001106,C010107,2025-01-09 18:00:00,Female,72,Bronze,Shopee,Chiang Mai,157,CallCenter,PromptPay,18,1,3,0,>50,5.233333333333333,0.0,0.0,0.0,-1,-1,0.0,0.0,0.0,0.0,0.0,0.0,0,0,0.0,0.0,0,0,0.0,0.0,0,0,0.0,0.0,0,0,0.0,0
LGS2ORD0001107,C011528,2025-01-09 18:00:00,Male,55,Platinum,CallCenter,Chonburi,1006,Lazada,COD,18,1,3,0,>50,33.53333333333333,0.0,0.0,0.0,-1,-1,0.0,0.0,0.0,0.0,0.0,0.0,0,0,0.0,0.0,0,0,0.0,0.0,0,0,0.0,0.0,0,0,0.0,0
LGS2ORD0001108,C010687,2025-01-09 18:00:00,Other,43,Silver,TV,Nakhon Ratchasima,1022,Web,COD,18,1,3,0,40-50,34.06666666666667,1.0,0.0,0.0,-1,2,4410.05,0.25,1.0,1.0,0.0,4410.05,1,0,0.0,4410.05,1,0,0.0,4410.05,1,0,0.0,4410.05,1,0,0.0,0
LGS2ORD0001109,C017327,2025-01-09 19:00:00,Male,25,Bronze,Web,Chonburi,1085,TV_Show,PromptPay,19,1,3,0,20-30,36.166666666666664,0.0,0.0,0.0,-1,-1,0.0,0.0,0.0,0.0,0.0,0.0,0,0,0.0,0.0,0,0,0.0,0.0,0,0,0.0,0.0,0,0,0.0,0
LGS2ORD0001110,C017531,2025-01-09 19:00:00,Male,27,Silver,CallCenter,Nakhon Ratchasima,614,TV_Show,Credit_Card,19,1,3,0,20-30,20.466666666666665,0.0,0.0,0.0,-1,-1,0.0,0.0,0.0,0.0,0.0,0.0,0,0,0.0,0.0,0,0,0.0,0.0,0,0,0.0,0.0,0,0,0.0,0
LGS2ORD0001111,C015188,2025-01-09 19:00:00,Male,32,Gold,TV,Bangkok,954,Web,COD,19,1,3,0,30-40,31.8,0.0,0.0,0.0,-1,-1,0.0,0.0,0.0,0.0,0.0,0.0,0,0,0.0,0.0,0,0,0.0,0.0,0,0,0.0,0.0,0,0,0.0,1
LGS2ORD0001112,C016391,2025-01-09 19:00:00,Male,37,Bronze,CallCenter,Bangkok,200,Lazada,COD,19,1,3,0,30-40,6.666666666666667,0.0,0.0,0.0,-1,-1,0.0,0.0,0.0,0.0,0.0,0.0,0,0,0.0,0.0,0,0,0.0,0.0,0,0,0.0,0.0,0,0,0.0,0
LGS2ORD0001113,C014908,2025-01-09 19:00:00,Male,44,Silver,Lazada,Chiang Mai,1141,CallCenter,PromptPay,19,1,3,0,40-50,38.03333333333333,0.0,0.0,0.0,-1,-1,0.0,0.0,0.0,0.0,0.0,0.0,0,0,0.0,0.0,0,0,0.0,0.0,0,0,0.0,0.0,0,0,0.0,1
LGS2ORD0001114,C012095,2025-01-09 20:00:00,Female,49,Bronze,TV,Bangkok,1156,Lazada,COD,20,1,3,0,40-50,38.53333333333333,0.0,0.0,0.0,-1,-1,0.0,0.0,0.0,0.0,0.0,0.0,0,0,0.0,0.0,0,0,0.0,0.0,0,0,0.0,0.0,0,0,0.0,1
LGS2ORD0001115,C015391,2025-01-09 20:00:00,Male,64,Gold,Web,Bangkok,212,TV_Show,Credit_Card,20,1,3,0,>50,7.066666666666666,0.0,0.0,0.0,-1,-1,0.0,0.0,0.0,0.0,0.0,0.0,0,0,0.0,0.0,0,0,0.0,0.0,0,0,0.0,0.0,0,0,0.0,0
LGS2ORD0001116,C011574,2025-01-09 20:00:00,Female,46,Silver,Lazada,Nakhon Ratchasima,1380,TV_Show,COD,20,1,3,0,40-50,46.0,0.0,0.0,0.0,-1,-1,0.0,0.0,0.0,0.0,0.0,0.0,0,0,0.0,0.0,0,0,0.0,0.0,0,0,0.0,0.0,0,0,0.0,1
LGS2ORD0001117,C016656,2025-01-09 20:00:00,Female,43,Bronze,TV,Remote_Area,182,TV_Show,COD,20,1,3,0,40-50,6.066666666666666,0.0,0.0,0.0,-1,-1,0.0,0.0,0.0,0.0,0.0,0.0,0,0,0.0,0.0,0,0,0.0,0.0,0,0,0.0,0.0,0,0,0.0,0
LGS2ORD0001118,C012653,2025-01-09 20:00:00,Female,42,Bronze,Web,Khon Kaen,750,Lazada,COD,20,1,3,0,40-50,25.0,0.0,0.0,0.0,-1,-1,0.0,0.0,0.0,0.0,0.0,0.0,0,0,0.0,0.0,0,0,0.0,0.0,0,0,0.0,0.0,0,0,0.0,1
LGS2ORD0001119,C014567,2025-01-09 20:00:00,Female,45,Silver,Shopee,Bangkok,39,Lazada,PromptPay,20,1,3,0,40-50,1.3,0.0,0.0,0.0,-1,-1,0.0,0.0,0.0,0.0,0.0,0.0,0,0,0.0,0.0,0,0,0.0,0.0,0,0,0.0,0.0,0,0,0.0,1
LGS2ORD0001120,C016599,2025-01-09 21:00:00,Female,71,Bronze,Shopee,Phuket,1176,Lazada,COD,21,1,3,0,>50,39.2,1.0,0.0,0.0,-1,8,2443.7,0.13,0.0,0.0,0.0,0.0,0,0,0.0,2443.7,1,0,0.0,2443.7,1,0,0.0,2443.7,1,0,0.0,0
LGS2ORD0001121,C011608,2025-01-09 21:00:00,Male,47,Silver,Lazada,Khon Kaen,588,Shopee,COD,21,1,3,0,40-50,19.6,0.0,0.0,0.0,-1,-1,0.0,0.0,0.0,0.0,0.0,0.0,0,0,0.0,0.0,0,0,0.0,0.0,0,0,0.0,0.0,0,0,0.0,0
LGS2ORD0001122,C014230,2025-01-09 21:00:00,Male,35,Platinum,Lazada,Khon Kaen,478,Shopee,COD,21,1,3,0,30-40,15.933333333333334,0.0,0.0,0.0,-1,-1,0.0,0.0,0.0,0.0,0.0,0.0,0,0,0.0,0.0,0,0,0.0,0.0,0,0,0.0,0.0,0,0,0.0,1
LGS2ORD0001123,C015029,2025-01-09 21:00:00,Female,42,Platinum,Lazada,Phuket,1224,Web,PromptPay,21,1,3,0,40-50,40.8,0.0,0.0,0.0,-1,-1,0.0,0.0,0.0,0.0,0.0,0.0,0,0,0.0,0.0,0,0,0.0,0.0,0,0,0.0,0.0,0,0,0.0,1
LGS2ORD0001124,C014860,2025-01-09 21:00:00,Male,33,Bronze,TV,Songkhla,1089,Shopee,PromptPay,21,1,3,0,30-40,36.3,0.0,0.0,0.0,-1,-1,0.0,0.0,0.0,0.0,0.0,0.0,0,0,0.0,0.0,0,0,0.0,0.0,0,0,0.0,0.0,0,0,0.0,0
LGS2ORD0001125,C016568,2025-01-09 22:00:00,Female,56,Bronze,TV,Remote_Area,96,CallCenter,COD,22,1,3,0,>50,3.2,0.0,0.0,0.0,-1,-1,0.0,0.0,0.0,0.0,0.0,0.0,0,0,0.0,0.0,0,0,0.0,0.0,0,0,0.0,0.0,0,0,0.0,0
LGS2ORD0001126,C011880,2025-01-09 22:00:00,Male,29,Silver,TV,Chiang Mai,590,Lazada,COD,22,1,3,0,20-30,19.666666666666668,0.0,0.0,0.0,-1,-1,0.0,0.0,0.0,0.0,0.0,0.0,0,0,0.0,0.0,0,0,0.0,0.0,0,0,0.0,0.0,0,0,0.0,0
LGS2ORD0001127,C012534,2025-01-09 22:00:00,Male,43,Silver,Lazada,Phuket,454,Shopee,COD,22,1,3,0,40-50,15.133333333333333,0.0,0.0,0.0,-1,-1,0.0,0.0,0.0,0.0,0.0,0.0,0,0,0.0,0.0,0,0,0.0,0.0,0,0,0.0,0.0,0,0,0.0,1
LGS2ORD0001128,C013716,2025-01-09 22:00:00,Female,50,Gold,Lazada,Nakhon Ratchasima,1364,Web,Credit_Card,22,1,3,0,40-50,45.46666666666667,0.0,0.0,0.0,-1,-1,0.0,0.0,0.0,0.0,0.0,0.0,0,0,0.0,0.0,0,0,0.0,0.0,0,0,0.0,0.0,0,0,0.0,1
LGS2ORD0001129,C012962,2025-01-09 22:00:00,Male,35,Gold,Web,Khon Kaen,819,TV_Show,Credit_Card,22,1,3,0,30-40,27.3,0.0,0.0,0.0,-1,-1,0.0,0.0,0.0,0.0,0.0,0.0,0,0,0.0,0.0,0,0,0.0,0.0,0,0,0.0,0.0,0,0,0.0,0
LGS2ORD0001130,C011629,2025-01-09 23:00:00,Male,52,Gold,CallCenter,Songkhla,1145,TV_Show,COD,23,1,3,0,>50,38.166666666666664,0.0,0.0,0.0,-1,-1,0.0,0.0,0.0,0.0,0.0,0.0,0,0,0.0,0.0,0,0,0.0,0.0,0,0,0.0,0.0,0,0,0.0,0
LGS2ORD0001131,C011143,2025-01-09 23:00:00,Male,55,Gold,Shopee,Nakhon Ratchasima,673,TV_Show,COD,23,1,3,0,>50,22.433333333333334,0.0,0.0,0.0,-1,-1,0.0,0.0,0.0,0.0,0.0,0.0,0,0,0.0,0.0,0,0,0.0,0.0,0,0,0.0,0.0,0,0,0.0,0
LGS2ORD0001132,C017949,2025-01-09 23:00:00,Female,41,Gold,Web,Khon Kaen,442,Web,COD,23,1,3,0,40-50,14.733333333333333,1.0,0.0,0.0,-1,8,8852.12,0.13,1.0,0.0,0.0,0.0,0,0,0.0,8852.12,1,0,0.0,8852.12,1,0,0.0,8852.12,1,0,0.0,1
LGS2ORD0001133,C015395,2025-01-09 23:00:00,Male,43,Silver,TV,Phuket,48,Web,COD,23,1,3,0,40-50,1.6,0.0,0.0,0.0,-1,-1,0.0,0.0,0.0,0.0,0.0,0.0,0,0,0.0,0.0,0,0,0.0,0.0,0,0,0.0,0.0,0,0,0.0,0
LGS2ORD0001134,C011608,2025-01-09 23:00:00,Male,47,Silver,Lazada,Khon Kaen,588,Web,COD,23,1,3,0,40-50,19.6,1.0,0.0,0.0,-1,0,591.8,0.3,1.0,1.0,0.0,591.8,1,0,0.0,591.8,1,0,0.0,591.8,1,0,0.0,591.8,1,0,0.0,0
LGS2ORD0001135,C010213,2025-01-10 00:00:00,Female,57,Silver,Lazada,Songkhla,179,Shopee,PromptPay,0,1,4,0,>50,5.966666666666667,0.0,0.0,0.0,-1,-1,0.0,0.0,0.0,0.0,0.0,0.0,0,0,0.0,0.0,0,0,0.0,0.0,0,0,0.0,0.0,0,0,0.0,0
LGS2ORD0001136,C012970,2025-01-10 00:00:00,Female,31,Platinum,Shopee,Chiang Mai,771,Web,COD,0,1,4,0,30-40,25.7,0.0,0.0,0.0,-1,-1,0.0,0.0,0.0,0.0,0.0,0.0,0,0,0.0,0.0,0,0,0.0,0.0,0,0,0.0,0.0,0,0,0.0,1
LGS2ORD0001137,C010223,2025-01-10 00:00:00,Male,43,Bronze,TV,Remote_Area,918,CallCenter,COD,0,1,4,0,40-50,30.6,1.0,0.0,0.0,-1,4,15695.05,0.03,1.0,0.0,0.0,15695.05,1,0,0.0,15695.05,1,0,0.0,15695.05,1,0,0.0,15695.05,1,0,0.0,1
LGS2ORD0001138,C013970,2025-01-10 00:00:00,Female,33,Bronze,Shopee,Khon Kaen,577,Shopee,Bank_Transfer,0,1,4,0,30-40,19.233333333333334,0.0,0.0,0.0,-1,-1,0.0,0.0,0.0,0.0,0.0,0.0,0,0,0.0,0.0,0,0,0.0,0.0,0,0,0.0,0.0,0,0,0.0,0
LGS2ORD0001139,C017477,2025-01-10 00:00:00,Male,33,Silver,Lazada,Nakhon Ratchasima,102,Lazada,COD,0,1,4,0,30-40,3.4,1.0,0.0,0.0,-1,4,4098.0,0.25,1.0,1.0,0.0,4098.0,1,0,0.0,4098.0,1,0,0.0,4098.0,1,0,0.0,4098.0,1,0,0.0,1
LGS2ORD0001140,C011983,2025-01-10 00:00:00,Female,50,Silver,Lazada,Chonburi,788,TV_Show,Bank_Transfer,0,1,4,0,40-50,26.266666666666666,0.0,0.0,0.0,-1,-1,0.0,0.0,0.0,0.0,0.0,0.0,0,0,0.0,0.0,0,0,0.0,0.0,0,0,0.0,0.0,0,0,0.0,1
LGS2ORD0001141,C012709,2025-01-10 01:00:00,Male,24,Bronze,CallCenter,Phuket,50,Lazada,Credit_Card,1,1,4,0,20-30,1.6666666666666667,0.0,0.0,0.0,-1,-1,0.0,0.0,0.0,0.0,0.0,0.0,0,0,0.0,0.0,0,0,0.0,0.0,0,0,0.0,0.0,0,0,0.0,0
LGS2ORD0001142,C015672,2025-01-10 01:00:00,Female,44,Bronze,CallCenter,Khon Kaen,1094,CallCenter,COD,1,1,4,0,40-50,36.46666666666667,0.0,0.0,0.0,-1,-1,0.0,0.0,0.0,0.0,0.0,0.0,0,0,0.0,0.0,0,0,0.0,0.0,0,0,0.0,0.0,0,0,0.0,0
LGS2ORD0001143,C013793,2025-01-10 01:00:00,Female,33,Silver,Lazada,Phuket,462,CallCenter,Bank_Transfer,1,1,4,0,30-40,15.4,0.0,0.0,0.0,-1,-1,0.0,0.0,0.0,0.0,0.0,0.0,0,0,0.0,0.0,0,0,0.0,0.0,0,0,0.0,0.0,0,0,0.0,1
LGS2ORD0001144,C017691,2025-01-10 01:00:00,Female,62,Gold,Shopee,Nakhon Ratchasima,1310,TV_Show,PromptPay,1,1,4,0,>50,43.666666666666664,0.0,0.0,0.0,-1,-1,0.0,0.0,0.0,0.0,0.0,0.0,0,0,0.0,0.0,0,0,0.0,0.0,0,0,0.0,0.0,0,0,0.0,1
LGS2ORD0001145,C010584,2025-01-10 01:00:00,Male,44,Bronze,CallCenter,Bangkok,536,Shopee,COD,1,1,4,0,40-50,17.866666666666667,0.0,0.0,0.0,-1,-1,0.0,0.0,0.0,0.0,0.0,0.0,0,0,0.0,0.0,0,0,0.0,0.0,0,0,0.0,0.0,0,0,0.0,0
LGS2ORD0001146,C012951,2025-01-10 02:00:00,Female,58,Gold,TV,Khon Kaen,730,Shopee,COD,2,1,4,0,>50,24.333333333333332,0.0,0.0,0.0,-1,-1,0.0,0.0,0.0,0.0,0.0,0.0,0,0,0.0,0.0,0,0,0.0,0.0,0,0,0.0,0.0,0,0,0.0,0
LGS2ORD0001147,C015787,2025-01-10 02:00:00,Female,39,Gold,TV,Phuket,324,TV_Show,COD,2,1,4,0,30-40,10.8,0.0,0.0,0.0,-1,-1,0.0,0.0,0.0,0.0,0.0,0.0,0,0,0.0,0.0,0,0,0.0,0.0,0,0,0.0,0.0,0,0,0.0,1
LGS2ORD0001148,C013130,2025-01-10 02:00:00,Other,56,Gold,CallCenter,Chiang Mai,822,Lazada,COD,2,1,4,0,>50,27.4,0.0,0.0,0.0,-1,-1,0.0,0.0,0.0,0.0,0.0,0.0,0,0,0.0,0.0,0,0,0.0,0.0,0,0,0.0,0.0,0,0,0.0,0
LGS2ORD0001149,C015514,2025-01-10 02:00:00,Female,27,Bronze,Lazada,Bangkok,709,TV_Show,PromptPay,2,1,4,0,20-30,23.633333333333333,0.0,0.0,0.0,-1,-1,0.0,0.0,0.0,0.0,0.0,0.0,0,0,0.0,0.0,0,0,0.0,0.0,0,0,0.0,0.0,0,0,0.0,0
LGS2ORD0001150,C011210,2025-01-10 02:00:00,Other,35,Bronze,TV,Songkhla,391,Lazada,COD,2,1,4,0,30-40,13.033333333333333,0.0,0.0,0.0,-1,-1,0.0,0.0,0.0,0.0,0.0,0.0,0,0,0.0,0.0,0,0,0.0,0.0,0,0,0.0,0.0,0,0,0.0,0
LGS2ORD0001151,C014112,2025-01-10 03:00:00,Male,31,Silver,Lazada,Bangkok,813,TV_Show,PromptPay,3,1,4,0,30-40,27.1,0.0,0.0,0.0,-1,-1,0.0,0.0,0.0,0.0,0.0,0.0,0,0,0.0,0.0,0,0,0.0,0.0,0,0,0.0,0.0,0,0,0.0,0
LGS2ORD0001152,C014517,2025-01-10 03:00:00,Female,50,Silver,CallCenter,Songkhla,36,TV_Show,COD,3,1,4,0,40-50,1.2,0.0,0.0,0.0,-1,-1,0.0,0.0,0.0,0.0,0.0,0.0,0,0,0.0,0.0,0,0,0.0,0.0,0,0,0.0,0.0,0,0,0.0,0
LGS2ORD0001153,C016983,2025-01-10 03:00:00,Female,59,Silver,Shopee,Remote_Area,1002,Web,COD,3,1,4,0,>50,33.4,0.0,0.0,0.0,-1,-1,0.0,0.0,0.0,0.0,0.0,0.0,0,0,0.0,0.0,0,0,0.0,0.0,0,0,0.0,0.0,0,0,0.0,1
LGS2ORD0001154,C017140,2025-01-10 03:00:00,Male,34,Silver,CallCenter,Chiang Mai,1047,Shopee,PromptPay,3,1,4,0,30-40,34.9,0.0,0.0,0.0,-1,-1,0.0,0.0,0.0,0.0,0.0,0.0,0,0,0.0,0.0,0,0,0.0,0.0,0,0,0.0,0.0,0,0,0.0,0
LGS2ORD0001155,C015318,2025-01-10 03:00:00,Female,44,Gold,Shopee,Bangkok,1325,TV_Show,PromptPay,3,1,4,0,40-50,44.166666666666664,2.0,1.0,0.5,-8,1,3955.5,0.18,0.0,0.0,0.0,7911.0,2,1,0.5,7911.0,2,1,0.5,7911.0,2,1,0.5,7911.0,2,1,0.5,0
LGS2ORD0001156,C017318,2025-01-10 04:00:00,Female,69,Bronze,TV,Phuket,1405,CallCenter,COD,4,1,4,0,>50,46.833333333333336,0.0,0.0,0.0,-1,-1,0.0,0.0,0.0,0.0,0.0,0.0,0,0,0.0,0.0,0,0,0.0,0.0,0,0,0.0,0.0,0,0,0.0,1
LGS2ORD0001157,C011493,2025-01-10 04:00:00,Female,40,Gold,TV,Chiang Mai,968,Shopee,COD,4,1,4,0,30-40,32.266666666666666,0.0,0.0,0.0,-1,-1,0.0,0.0,0.0,0.0,0.0,0.0,0,0,0.0,0.0,0,0,0.0,0.0,0,0,0.0,0.0,0,0,0.0,0
LGS2ORD0001158,C014549,2025-01-10 04:00:00,Male,53,Silver,Web,Chonburi,253,TV_Show,PromptPay,4,1,4,0,>50,8.433333333333334,0.0,0.0,0.0,-1,-1,0.0,0.0,0.0,0.0,0.0,0.0,0,0,0.0,0.0,0,0,0.0,0.0,0,0,0.0,0.0,0,0,0.0,0
LGS2ORD0001159,C011425,2025-01-10 04:00:00,Female,59,Bronze,CallCenter,Nakhon Ratchasima,1362,Shopee,PromptPay,4,1,4,0,>50,45.4,0.0,0.0,0.0,-1,-1,0.0,0.0,0.0,0.0,0.0,0.0,0,0,0.0,0.0,0,0,0.0,0.0,0,0,0.0,0.0,0,0,0.0,0
LGS2ORD0001160,C011378,2025-01-10 04:00:00,Female,35,Bronze,Lazada,Khon Kaen,918,TV_Show,PromptPay,4,1,4,0,30-40,30.6,0.0,0.0,0.0,-1,-1,0.0,0.0,0.0,0.0,0.0,0.0,0,0,0.0,0.0,0,0,0.0,0.0,0,0,0.0,0.0,0,0,0.0,0
LGS2ORD0001161,C015286,2025-01-10 04:00:00,Female,32,Gold,CallCenter,Chiang Mai,864,Lazada,PromptPay,4,1,4,0,30-40,28.8,0.0,0.0,0.0,-1,-1,0.0,0.0,0.0,0.0,0.0,0.0,0,0,0.0,0.0,0,0,0.0,0.0,0,0,0.0,0.0,0,0,0.0,0
LGS2ORD0001162,C014479,2025-01-10 05:00:00,Male,55,Gold,Shopee,Bangkok,514,CallCenter,COD,5,1,4,0,>50,17.133333333333333,0.0,0.0,0.0,-1,-1,0.0,0.0,0.0,0.0,0.0,0.0,0,0,0.0,0.0,0,0,0.0,0.0,0,0,0.0,0.0,0,0,0.0,0
LGS2ORD0001163,C013181,2025-01-10 05:00:00,Female,44,Platinum,TV,Bangkok,1216,TV_Show,Credit_Card,5,1,4,0,40-50,40.53333333333333,1.0,1.0,1.0,-1,1,930.24,0.1,0.0,0.0,0.0,930.24,1,1,1.0,930.24,1,1,1.0,930.24,1,1,1.0,930.24,1,1,1.0,1
LGS2ORD0001164,C010457,2025-01-10 05:00:00,Male,42,Gold,TV,Bangkok,186,Web,Credit_Card,5,1,4,0,40-50,6.2,0.0,0.0,0.0,-1,-1,0.0,0.0,0.0,0.0,0.0,0.0,0,0,0.0,0.0,0,0,0.0,0.0,0,0,0.0,0.0,0,0,0.0,0
LGS2ORD0001165,C015769,2025-01-10 05:00:00,Male,25,Bronze,TV,Chonburi,666,Shopee,PromptPay,5,1,4,0,20-30,22.2,0.0,0.0,0.0,-1,-1,0.0,0.0,0.0,0.0,0.0,0.0,0,0,0.0,0.0,0,0,0.0,0.0,0,0,0.0,0.0,0,0,0.0,1
LGS2ORD0001166,C017318,2025-01-10 05:00:00,Female,69,Bronze,TV,Phuket,1405,Shopee,Credit_Card,5,1,4,0,>50,46.833333333333336,1.0,1.0,1.0,-11,0,1356.23,0.03,1.0,0.0,0.0,1356.23,1,1,1.0,1356.23,1,1,1.0,1356.23,1,1,1.0,1356.23,1,1,1.0,0
LGS2ORD0001167,C017862,2025-01-10 06:00:00,Female,42,Bronze,Shopee,Khon Kaen,516,CallCenter,COD,6,1,4,0,40-50,17.2,2.0,2.0,1.0,-10,3,11249.355,0.28,0.5,0.5,0.0,22498.71,2,2,1.0,22498.71,2,2,1.0,22498.71,2,2,1.0,22498.71,2,2,1.0,0
LGS2ORD0001168,C013156,2025-01-10 06:00:00,Male,64,Gold,Shopee,Bangkok,1437,TV_Show,Bank_Transfer,6,1,4,0,>50,47.9,0.0,0.0,0.0,-1,-1,0.0,0.0,0.0,0.0,0.0,0.0,0,0,0.0,0.0,0,0,0.0,0.0,0,0,0.0,0.0,0,0,0.0,0
LGS2ORD0001169,C010359,2025-01-10 06:00:00,Male,54,Bronze,TV,Nakhon Ratchasima,713,CallCenter,COD,6,1,4,0,>50,23.766666666666666,1.0,0.0,0.0,-1,3,8322.79,0.08,1.0,0.0,0.0,8322.79,1,0,0.0,8322.79,1,0,0.0,8322.79,1,0,0.0,8322.79,1,0,0.0,0
LGS2ORD0001170,C014974,2025-01-10 06:00:00,Male,52,Silver,Shopee,Phuket,861,TV_Show,COD,6,1,4,0,>50,28.7,0.0,0.0,0.0,-1,-1,0.0,0.0,0.0,0.0,0.0,0.0,0,0,0.0,0.0,0,0,0.0,0.0,0,0,0.0,0.0,0,0,0.0,1
LGS2ORD0001171,C016053,2025-01-10 06:00:00,Male,29,Gold,Shopee,Chonburi,493,Lazada,COD,6,1,4,0,20-30,16.433333333333334,2.0,0.0,0.0,-1,0,2563.39,0.2299999999999999,1.0,0.5,0.0,5126.78,2,0,0.0,5126.78,2,0,0.0,5126.78,2,0,0.0,5126.78,2,0,0.0,0
LGS2ORD0001172,C015347,2025-01-10 07:00:00,Male,33,Bronze,TV,Chiang Mai,561,TV_Show,Credit_Card,7,1,4,0,30-40,18.7,0.0,0.0,0.0,-1,-1,0.0,0.0,0.0,0.0,0.0,0.0,0,0,0.0,0.0,0,0,0.0,0.0,0,0,0.0,0.0,0,0,0.0,0
LGS2ORD0001173,C011276,2025-01-10 07:00:00,Male,38,Bronze,TV,Songkhla,1126,TV_Show,COD,7,1,4,0,30-40,37.53333333333333,0.0,0.0,0.0,-1,-1,0.0,0.0,0.0,0.0,0.0,0.0,0,0,0.0,0.0,0,0,0.0,0.0,0,0,0.0,0.0,0,0,0.0,0
LGS2ORD0001174,C016048,2025-01-10 07:00:00,Female,34,Silver,Shopee,Chiang Mai,720,TV_Show,COD,7,1,4,0,30-40,24.0,0.0,0.0,0.0,-1,-1,0.0,0.0,0.0,0.0,0.0,0.0,0,0,0.0,0.0,0,0,0.0,0.0,0,0,0.0,0.0,0,0,0.0,1
LGS2ORD0001175,C017208,2025-01-10 07:00:00,Male,53,Silver,Shopee,Bangkok,544,TV_Show,COD,7,1,4,0,>50,18.133333333333333,0.0,0.0,0.0,-1,-1,0.0,0.0,0.0,0.0,0.0,0.0,0,0,0.0,0.0,0,0,0.0,0.0,0,0,0.0,0.0,0,0,0.0,1
LGS2ORD0001176,C015258,2025-01-10 07:00:00,Male,40,Silver,Web,Khon Kaen,1385,Web,COD,7,1,4,0,30-40,46.166666666666664,0.0,0.0,0.0,-1,-1,0.0,0.0,0.0,0.0,0.0,0.0,0,0,0.0,0.0,0,0,0.0,0.0,0,0,0.0,0.0,0,0,0.0,0
LGS2ORD0001177,C017911,2025-01-10 08:00:00,Male,50,Bronze,Web,Chonburi,1213,CallCenter,COD,8,1,4,0,40-50,40.43333333333333,0.0,0.0,0.0,-1,-1,0.0,0.0,0.0,0.0,0.0,0.0,0,0,0.0,0.0,0,0,0.0,0.0,0,0,0.0,0.0,0,0,0.0,0
LGS2ORD0001178,C015196,2025-01-10 08:00:00,Female,42,Bronze,Lazada,Bangkok,1157,CallCenter,PromptPay,8,1,4,0,40-50,38.56666666666667,0.0,0.0,0.0,-1,-1,0.0,0.0,0.0,0.0,0.0,0.0,0,0,0.0,0.0,0,0,0.0,0.0,0,0,0.0,0.0,0,0,0.0,0
LGS2ORD0001179,C012645,2025-01-10 08:00:00,Female,45,Silver,Web,Nakhon Ratchasima,448,TV_Show,PromptPay,8,1,4,0,40-50,14.933333333333334,1.0,0.0,0.0,-1,5,10558.96,0.2,1.0,0.0,0.0,10558.96,1,0,0.0,10558.96,1,0,0.0,10558.96,1,0,0.0,10558.96,1,0,0.0,1
LGS2ORD0001180,C017756,2025-01-10 08:00:00,Male,58,Silver,CallCenter,Bangkok,743,TV_Show,COD,8,1,4,0,>50,24.766666666666666,0.0,0.0,0.0,-1,-1,0.0,0.0,0.0,0.0,0.0,0.0,0,0,0.0,0.0,0,0,0.0,0.0,0,0,0.0,0.0,0,0,0.0,1
LGS2ORD0001181,C017207,2025-01-10 08:00:00,Male,56,Bronze,CallCenter,Chonburi,694,Web,COD,8,1,4,0,>50,23.133333333333333,1.0,0.0,0.0,-1,2,3755.19,0.03,1.0,0.0,0.0,3755.19,1,0,0.0,3755.19,1,0,0.0,3755.19,1,0,0.0,3755.19,1,0,0.0,0
LGS2ORD0001182,C013504,2025-01-10 08:00:00,Female,37,Bronze,Lazada,Chonburi,722,Shopee,Credit_Card,8,1,4,0,30-40,24.066666666666666,0.0,0.0,0.0,-1,-1,0.0,0.0,0.0,0.0,0.0,0.0,0,0,0.0,0.0,0,0,0.0,0.0,0,0,0.0,0.0,0,0,0.0,0
LGS2ORD0001183,C016637,2025-01-10 09:00:00,Male,72,Bronze,Shopee,Bangkok,356,Web,PromptPay,9,1,4,0,>50,11.866666666666667,0.0,0.0,0.0,-1,-1,0.0,0.0,0.0,0.0,0.0,0.0,0,0,0.0,0.0,0,0,0.0,0.0,0,0,0.0,0.0,0,0,0.0,1
LGS2ORD0001184,C016421,2025-01-10 09:00:00,Female,30,Bronze,Shopee,Bangkok,884,TV_Show,Bank_Transfer,9,1,4,0,20-30,29.466666666666665,0.0,0.0,0.0,-1,-1,0.0,0.0,0.0,0.0,0.0,0.0,0,0,0.0,0.0,0,0,0.0,0.0,0,0,0.0,0.0,0,0,0.0,1
LGS2ORD0001185,C014616,2025-01-10 09:00:00,Female,52,Gold,Shopee,Remote_Area,774,Web,COD,9,1,4,0,>50,25.8,0.0,0.0,0.0,-1,-1,0.0,0.0,0.0,0.0,0.0,0.0,0,0,0.0,0.0,0,0,0.0,0.0,0,0,0.0,0.0,0,0,0.0,0
LGS2ORD0001186,C015720,2025-01-10 09:00:00,Other,37,Bronze,Shopee,Remote_Area,1103,TV_Show,Credit_Card,9,1,4,0,30-40,36.766666666666666,0.0,0.0,0.0,-1,-1,0.0,0.0,0.0,0.0,0.0,0.0,0,0,0.0,0.0,0,0,0.0,0.0,0,0,0.0,0.0,0,0,0.0,0
LGS2ORD0001187,C016695,2025-01-10 09:00:00,Male,36,Gold,Lazada,Bangkok,284,TV_Show,COD,9,1,4,0,30-40,9.466666666666667,0.0,0.0,0.0,-1,-1,0.0,0.0,0.0,0.0,0.0,0.0,0,0,0.0,0.0,0,0,0.0,0.0,0,0,0.0,0.0,0,0,0.0,0
LGS2ORD0001188,C015061,2025-01-10 10:00:00,Male,40,Gold,Web,Bangkok,1244,Lazada,COD,10,1,4,0,30-40,41.46666666666667,0.0,0.0,0.0,-1,-1,0.0,0.0,0.0,0.0,0.0,0.0,0,0,0.0,0.0,0,0,0.0,0.0,0,0,0.0,0.0,0,0,0.0,0
LGS2ORD0001189,C011875,2025-01-10 10:00:00,Male,43,Bronze,Lazada,Remote_Area,1149,CallCenter,PromptPay,10,1,4,0,40-50,38.3,0.0,0.0,0.0,-1,-1,0.0,0.0,0.0,0.0,0.0,0.0,0,0,0.0,0.0,0,0,0.0,0.0,0,0,0.0,0.0,0,0,0.0,1
LGS2ORD0001190,C010064,2025-01-10 10:00:00,Female,42,Platinum,Shopee,Bangkok,1103,TV_Show,PromptPay,10,1,4,0,40-50,36.766666666666666,0.0,0.0,0.0,-1,-1,0.0,0.0,0.0,0.0,0.0,0.0,0,0,0.0,0.0,0,0,0.0,0.0,0,0,0.0,0.0,0,0,0.0,0
LGS2ORD0001191,C017623,2025-01-10 10:00:00,Female,41,Silver,Web,Chiang Mai,1197,Shopee,Bank_Transfer,10,1,4,0,40-50,39.9,0.0,0.0,0.0,-1,-1,0.0,0.0,0.0,0.0,0.0,0.0,0,0,0.0,0.0,0,0,0.0,0.0,0,0,0.0,0.0,0,0,0.0,0
LGS2ORD0001192,C010466,2025-01-10 10:00:00,Other,29,Silver,Shopee,Chonburi,993,Web,Credit_Card,10,1,4,0,20-30,33.1,0.0,0.0,0.0,-1,-1,0.0,0.0,0.0,0.0,0.0,0.0,0,0,0.0,0.0,0,0,0.0,0.0,0,0,0.0,0.0,0,0,0.0,0
LGS2ORD0001193,C015096,2025-01-10 11:00:00,Female,45,Silver,Lazada,Remote_Area,846,Lazada,PromptPay,11,1,4,0,40-50,28.2,0.0,0.0,0.0,-1,-1,0.0,0.0,0.0,0.0,0.0,0.0,0,0,0.0,0.0,0,0,0.0,0.0,0,0,0.0,0.0,0,0,0.0,0
LGS2ORD0001194,C017594,2025-01-10 11:00:00,Male,41,Bronze,Lazada,Chiang Mai,372,Lazada,Bank_Transfer,11,1,4,0,40-50,12.4,0.0,0.0,0.0,-1,-1,0.0,0.0,0.0,0.0,0.0,0.0,0,0,0.0,0.0,0,0,0.0,0.0,0,0,0.0,0.0,0,0,0.0,0
LGS2ORD0001195,C012519,2025-01-10 11:00:00,Male,31,Bronze,CallCenter,Remote_Area,595,Lazada,COD,11,1,4,0,30-40,19.833333333333332,0.0,0.0,0.0,-1,-1,0.0,0.0,0.0,0.0,0.0,0.0,0,0,0.0,0.0,0,0,0.0,0.0,0,0,0.0,0.0,0,0,0.0,1
LGS2ORD0001196,C017979,2025-01-10 11:00:00,Male,51,Silver,Shopee,Nakhon Ratchasima,1024,TV_Show,PromptPay,11,1,4,0,>50,34.13333333333333,0.0,0.0,0.0,-1,-1,0.0,0.0,0.0,0.0,0.0,0.0,0,0,0.0,0.0,0,0,0.0,0.0,0,0,0.0,0.0,0,0,0.0,0
LGS2ORD0001197,C012449,2025-01-10 11:00:00,Female,36,Silver,Web,Songkhla,618,TV_Show,Credit_Card,11,1,4,0,30-40,20.6,0.0,0.0,0.0,-1,-1,0.0,0.0,0.0,0.0,0.0,0.0,0,0,0.0,0.0,0,0,0.0,0.0,0,0,0.0,0.0,0,0,0.0,1
LGS2ORD0001198,C015226,2025-01-10 12:00:00,Female,46,Bronze,TV,Songkhla,347,Lazada,COD,12,1,4,0,40-50,11.566666666666666,0.0,0.0,0.0,-1,-1,0.0,0.0,0.0,0.0,0.0,0.0,0,0,0.0,0.0,0,0,0.0,0.0,0,0,0.0,0.0,0,0,0.0,0
LGS2ORD0001199,C015510,2025-01-10 12:00:00,Female,25,Silver,Web,Bangkok,656,Shopee,COD,12,1,4,0,20-30,21.866666666666667,0.0,0.0,0.0,-1,-1,0.0,0.0,0.0,0.0,0.0,0.0,0,0,0.0,0.0,0,0,0.0,0.0,0,0,0.0,0.0,0,0,0.0,0
LGS2ORD0001200,C011177,2025-01-10 12:00:00,Female,49,Bronze,TV,Remote_Area,535,Lazada,PromptPay,12,1,4,0,40-50,17.833333333333332,1.0,0.0,0.0,-1,6,4839.42,0.08,1.0,0.0,0.0,4839.42,1,0,0.0,4839.42,1,0,0.0,4839.42,1,0,0.0,4839.42,1,0,0.0,1
LGS2ORD0001201,C015398,2025-01-10 12:00:00,Male,42,Bronze,Web,Bangkok,1112,Shopee,PromptPay,12,1,4,0,40-50,37.06666666666667,0.0,0.0,0.0,-1,-1,0.0,0.0,0.0,0.0,0.0,0.0,0,0,0.0,0.0,0,0,0.0,0.0,0,0,0.0,0.0,0,0,0.0,1
LGS2ORD0001202,C012515,2025-01-10 12:00:00,Male,60,Silver,Lazada,Phuket,1346,Shopee,COD,12,1,4,0,>50,44.86666666666667,0.0,0.0,0.0,-1,-1,0.0,0.0,0.0,0.0,0.0,0.0,0,0,0.0,0.0,0,0,0.0,0.0,0,0,0.0,0.0,0,0,0.0,0
LGS2ORD0001203,C015607,2025-01-10 12:00:00,Female,52,Silver,TV,Chonburi,478,Shopee,Bank_Transfer,12,1,4,0,>50,15.933333333333334,0.0,0.0,0.0,-1,-1,0.0,0.0,0.0,0.0,0.0,0.0,0,0,0.0,0.0,0,0,0.0,0.0,0,0,0.0,0.0,0,0,0.0,0
LGS2ORD0001204,C010801,2025-01-10 13:00:00,Female,65,Gold,TV,Nakhon Ratchasima,1126,Shopee,COD,13,1,4,0,>50,37.53333333333333,1.0,0.0,0.0,-1,6,857.94,0.08,1.0,0.0,0.0,857.94,1,0,0.0,857.94,1,0,0.0,857.94,1,0,0.0,857.94,1,0,0.0,0
LGS2ORD0001205,C015462,2025-01-10 13:00:00,Male,55,Gold,Web,Phuket,1144,Shopee,Credit_Card,13,1,4,0,>50,38.13333333333333,0.0,0.0,0.0,-1,-1,0.0,0.0,0.0,0.0,0.0,0.0,0,0,0.0,0.0,0,0,0.0,0.0,0,0,0.0,0.0,0,0,0.0,1
LGS2ORD0001206,C013357,2025-01-10 13:00:00,Female,33,Bronze,Shopee,Chonburi,1357,Web,PromptPay,13,1,4,0,30-40,45.233333333333334,1.0,0.0,0.0,-1,7,689.8,0.23,0.0,1.0,0.0,0.0,0,0,0.0,689.8,1,0,0.0,689.8,1,0,0.0,689.8,1,0,0.0,0
LGS2ORD0001207,C012957,2025-01-10 13:00:00,Male,53,Silver,TV,Chonburi,606,TV_Show,COD,13,1,4,0,>50,20.2,1.0,0.0,0.0,-1,2,1823.73,0.2,0.0,0.0,0.0,1823.73,1,0,0.0,1823.73,1,0,0.0,1823.73,1,0,0.0,1823.73,1,0,0.0,1
LGS2ORD0001208,C010700,2025-01-10 13:00:00,Male,32,Bronze,CallCenter,Chiang Mai,482,TV_Show,COD,13,1,4,0,30-40,16.066666666666666,0.0,0.0,0.0,-1,-1,0.0,0.0,0.0,0.0,0.0,0.0,0,0,0.0,0.0,0,0,0.0,0.0,0,0,0.0,0.0,0,0,0.0,0
LGS2ORD0001209,C015457,2025-01-10 14:00:00,Female,37,Bronze,TV,Khon Kaen,445,Web,COD,14,1,4,0,30-40,14.833333333333334,0.0,0.0,0.0,-1,-1,0.0,0.0,0.0,0.0,0.0,0.0,0,0,0.0,0.0,0,0,0.0,0.0,0,0,0.0,0.0,0,0,0.0,1
LGS2ORD0001210,C017720,2025-01-10 14:00:00,Female,39,Silver,Lazada,Bangkok,826,TV_Show,Credit_Card,14,1,4,0,30-40,27.533333333333335,1.0,0.0,0.0,-1,3,1618.61,0.25,0.0,1.0,0.0,1618.61,1,0,0.0,1618.61,1,0,0.0,1618.61,1,0,0.0,1618.61,1,0,0.0,0
LGS2ORD0001211,C016462,2025-01-10 14:00:00,Male,34,Silver,Web,Nakhon Ratchasima,615,CallCenter,Bank_Transfer,14,1,4,0,30-40,20.5,0.0,0.0,0.0,-1,-1,0.0,0.0,0.0,0.0,0.0,0.0,0,0,0.0,0.0,0,0,0.0,0.0,0,0,0.0,0.0,0,0,0.0,0
LGS2ORD0001212,C013559,2025-01-10 14:00:00,Male,44,Silver,TV,Songkhla,121,TV_Show,COD,14,1,4,0,40-50,4.033333333333333,0.0,0.0,0.0,-1,-1,0.0,0.0,0.0,0.0,0.0,0.0,0,0,0.0,0.0,0,0,0.0,0.0,0,0,0.0,0.0,0,0,0.0,0
LGS2ORD0001213,C011195,2025-01-10 14:00:00,Female,39,Bronze,Lazada,Phuket,670,Lazada,COD,14,1,4,0,30-40,22.333333333333332,0.0,0.0,0.0,-1,-1,0.0,0.0,0.0,0.0,0.0,0.0,0,0,0.0,0.0,0,0,0.0,0.0,0,0,0.0,0.0,0,0,0.0,0
LGS2ORD0001214,C015145,2025-01-10 15:00:00,Female,31,Bronze,CallCenter,Remote_Area,1087,Shopee,Credit_Card,15,1,4,0,30-40,36.233333333333334,0.0,0.0,0.0,-1,-1,0.0,0.0,0.0,0.0,0.0,0.0,0,0,0.0,0.0,0,0,0.0,0.0,0,0,0.0,0.0,0,0,0.0,1
LGS2ORD0001215,C013331,2025-01-10 15:00:00,Female,48,Silver,Web,Bangkok,959,TV_Show,COD,15,1,4,0,40-50,31.966666666666665,0.0,0.0,0.0,-1,-1,0.0,0.0,0.0,0.0,0.0,0.0,0,0,0.0,0.0,0,0,0.0,0.0,0,0,0.0,0.0,0,0,0.0,0
LGS2ORD0001216,C011303,2025-01-10 15:00:00,Male,62,Silver,TV,Khon Kaen,844,TV_Show,COD,15,1,4,0,>50,28.133333333333333,0.0,0.0,0.0,-1,-1,0.0,0.0,0.0,0.0,0.0,0.0,0,0,0.0,0.0,0,0,0.0,0.0,0,0,0.0,0.0,0,0,0.0,1
LGS2ORD0001217,C017164,2025-01-10 15:00:00,Female,41,Bronze,CallCenter,Bangkok,156,Lazada,Credit_Card,15,1,4,0,40-50,5.2,0.0,0.0,0.0,-1,-1,0.0,0.0,0.0,0.0,0.0,0.0,0,0,0.0,0.0,0,0,0.0,0.0,0,0,0.0,0.0,0,0,0.0,0
LGS2ORD0001218,C015697,2025-01-10 15:00:00,Male,42,Platinum,Web,Khon Kaen,230,Lazada,Credit_Card,15,1,4,0,40-50,7.666666666666667,0.0,0.0,0.0,-1,-1,0.0,0.0,0.0,0.0,0.0,0.0,0,0,0.0,0.0,0,0,0.0,0.0,0,0,0.0,0.0,0,0,0.0,1
LGS2ORD0001219,C010483,2025-01-10 15:00:00,Female,30,Gold,Lazada,Bangkok,1281,Web,Credit_Card,15,1,4,0,20-30,42.7,0.0,0.0,0.0,-1,-1,0.0,0.0,0.0,0.0,0.0,0.0,0,0,0.0,0.0,0,0,0.0,0.0,0,0,0.0,0.0,0,0,0.0,0
LGS2ORD0001220,C010035,2025-01-10 16:00:00,Male,40,Silver,TV,Songkhla,558,TV_Show,Bank_Transfer,16,1,4,0,30-40,18.6,0.0,0.0,0.0,-1,-1,0.0,0.0,0.0,0.0,0.0,0.0,0,0,0.0,0.0,0,0,0.0,0.0,0,0,0.0,0.0,0,0,0.0,1
LGS2ORD0001221,C010798,2025-01-10 16:00:00,Female,28,Silver,Lazada,Phuket,216,Shopee,PromptPay,16,1,4,0,20-30,7.2,0.0,0.0,0.0,-1,-1,0.0,0.0,0.0,0.0,0.0,0.0,0,0,0.0,0.0,0,0,0.0,0.0,0,0,0.0,0.0,0,0,0.0,1
LGS2ORD0001222,C011913,2025-01-10 16:00:00,Female,46,Bronze,Web,Bangkok,845,TV_Show,Credit_Card,16,1,4,0,40-50,28.166666666666668,0.0,0.0,0.0,-1,-1,0.0,0.0,0.0,0.0,0.0,0.0,0,0,0.0,0.0,0,0,0.0,0.0,0,0,0.0,0.0,0,0,0.0,0
LGS2ORD0001223,C013787,2025-01-10 16:00:00,Female,46,Bronze,Shopee,Bangkok,227,TV_Show,COD,16,1,4,0,40-50,7.566666666666666,0.0,0.0,0.0,-1,-1,0.0,0.0,0.0,0.0,0.0,0.0,0,0,0.0,0.0,0,0,0.0,0.0,0,0,0.0,0.0,0,0,0.0,0
LGS2ORD0001224,C014152,2025-01-10 16:00:00,Female,36,Gold,Web,Bangkok,1297,TV_Show,COD,16,1,4,0,30-40,43.233333333333334,0.0,0.0,0.0,-1,-1,0.0,0.0,0.0,0.0,0.0,0.0,0,0,0.0,0.0,0,0,0.0,0.0,0,0,0.0,0.0,0,0,0.0,1
LGS2ORD0001225,C010243,2025-01-10 17:00:00,Male,34,Gold,TV,Khon Kaen,958,TV_Show,Credit_Card,17,1,4,0,30-40,31.933333333333334,0.0,0.0,0.0,-1,-1,0.0,0.0,0.0,0.0,0.0,0.0,0,0,0.0,0.0,0,0,0.0,0.0,0,0,0.0,0.0,0,0,0.0,1
LGS2ORD0001226,C016371,2025-01-10 17:00:00,Female,38,Silver,TV,Bangkok,1302,Web,Credit_Card,17,1,4,0,30-40,43.4,0.0,0.0,0.0,-1,-1,0.0,0.0,0.0,0.0,0.0,0.0,0,0,0.0,0.0,0,0,0.0,0.0,0,0,0.0,0.0,0,0,0.0,0
LGS2ORD0001227,C015720,2025-01-10 17:00:00,Other,37,Bronze,Shopee,Remote_Area,1103,Web,COD,17,1,4,0,30-40,36.766666666666666,1.0,0.0,0.0,-1,0,3521.94,0.23,0.0,1.0,0.0,3521.94,1,0,0.0,3521.94,1,0,0.0,3521.94,1,0,0.0,3521.94,1,0,0.0,0
LGS2ORD0001228,C017700,2025-01-10 17:00:00,Female,35,Bronze,Web,Remote_Area,1148,Lazada,Credit_Card,17,1,4,0,30-40,38.266666666666666,0.0,0.0,0.0,-1,-1,0.0,0.0,0.0,0.0,0.0,0.0,0,0,0.0,0.0,0,0,0.0,0.0,0,0,0.0,0.0,0,0,0.0,0
LGS2ORD0001229,C014403,2025-01-10 17:00:00,Male,57,Gold,CallCenter,Khon Kaen,28,TV_Show,COD,17,1,4,0,>50,0.9333333333333333,0.0,0.0,0.0,-1,-1,0.0,0.0,0.0,0.0,0.0,0.0,0,0,0.0,0.0,0,0,0.0,0.0,0,0,0.0,0.0,0,0,0.0,0
LGS2ORD0001230,C016272,2025-01-10 18:00:00,Other,28,Bronze,Web,Chonburi,519,Web,Bank_Transfer,18,1,4,0,20-30,17.3,1.0,0.0,0.0,-1,4,12290.46,0.08,1.0,0.0,0.0,12290.46,1,0,0.0,12290.46,1,0,0.0,12290.46,1,0,0.0,12290.46,1,0,0.0,0
LGS2ORD0001231,C015097,2025-01-10 18:00:00,Male,46,Silver,Web,Bangkok,335,Shopee,COD,18,1,4,0,40-50,11.166666666666666,0.0,0.0,0.0,-1,-1,0.0,0.0,0.0,0.0,0.0,0.0,0,0,0.0,0.0,0,0,0.0,0.0,0,0,0.0,0.0,0,0,0.0,1
LGS2ORD0001232,C015053,2025-01-10 18:00:00,Female,30,Bronze,Shopee,Remote_Area,763,TV_Show,COD,18,1,4,0,20-30,25.433333333333334,0.0,0.0,0.0,-1,-1,0.0,0.0,0.0,0.0,0.0,0.0,0,0,0.0,0.0,0,0,0.0,0.0,0,0,0.0,0.0,0,0,0.0,1
LGS2ORD0001233,C015307,2025-01-10 18:00:00,Male,39,Bronze,Lazada,Bangkok,642,TV_Show,Credit_Card,18,1,4,0,30-40,21.4,0.0,0.0,0.0,-1,-1,0.0,0.0,0.0,0.0,0.0,0.0,0,0,0.0,0.0,0,0,0.0,0.0,0,0,0.0,0.0,0,0,0.0,0
LGS2ORD0001234,C010501,2025-01-10 18:00:00,Male,46,Bronze,Web,Chiang Mai,1223,TV_Show,COD,18,1,4,0,40-50,40.766666666666666,0.0,0.0,0.0,-1,-1,0.0,0.0,0.0,0.0,0.0,0.0,0,0,0.0,0.0,0,0,0.0,0.0,0,0,0.0,0.0,0,0,0.0,1
LGS2ORD0001235,C016674,2025-01-10 19:00:00,Female,53,Bronze,Lazada,Phuket,849,Web,COD,19,1,4,0,>50,28.3,0.0,0.0,0.0,-1,-1,0.0,0.0,0.0,0.0,0.0,0.0,0,0,0.0,0.0,0,0,0.0,0.0,0,0,0.0,0.0,0,0,0.0,1
LGS2ORD0001236,C017083,2025-01-10 19:00:00,Male,31,Bronze,Web,Chiang Mai,996,Shopee,COD,19,1,4,0,30-40,33.2,0.0,0.0,0.0,-1,-1,0.0,0.0,0.0,0.0,0.0,0.0,0,0,0.0,0.0,0,0,0.0,0.0,0,0,0.0,0.0,0,0,0.0,1
LGS2ORD0001237,C011077,2025-01-10 19:00:00,Female,71,Bronze,Shopee,Chonburi,955,Lazada,COD,19,1,4,0,>50,31.833333333333332,1.0,0.0,0.0,-1,8,2033.81,0.18,0.0,0.0,0.0,0.0,0,0,0.0,2033.81,1,0,0.0,2033.81,1,0,0.0,2033.81,1,0,0.0,0
LGS2ORD0001238,C016693,2025-01-10 19:00:00,Male,45,Platinum,Lazada,Bangkok,1389,Web,Credit_Card,19,1,4,0,40-50,46.3,0.0,0.0,0.0,-1,-1,0.0,0.0,0.0,0.0,0.0,0.0,0,0,0.0,0.0,0,0,0.0,0.0,0,0,0.0,0.0,0,0,0.0,0
LGS2ORD0001239,C011087,2025-01-10 19:00:00,Female,50,Bronze,TV,Bangkok,832,Shopee,Credit_Card,19,1,4,0,40-50,27.733333333333334,0.0,0.0,0.0,-1,-1,0.0,0.0,0.0,0.0,0.0,0.0,0,0,0.0,0.0,0,0,0.0,0.0,0,0,0.0,0.0,0,0,0.0,0
LGS2ORD0001240,C011431,2025-01-10 19:00:00,Male,18,Gold,Lazada,Bangkok,521,Shopee,COD,19,1,4,0,<20,17.366666666666667,0.0,0.0,0.0,-1,-1,0.0,0.0,0.0,0.0,0.0,0.0,0,0,0.0,0.0,0,0,0.0,0.0,0,0,0.0,0.0,0,0,0.0,0
LGS2ORD0001241,C015053,2025-01-10 20:00:00,Female,30,Bronze,Shopee,Remote_Area,763,Lazada,Credit_Card,20,1,4,0,20-30,25.433333333333334,1.0,1.0,1.0,-11,0,8675.9,0.28,1.0,1.0,0.0,8675.9,1,1,1.0,8675.9,1,1,1.0,8675.9,1,1,1.0,8675.9,1,1,1.0,0
LGS2ORD0001242,C014179,2025-01-10 20:00:00,Male,18,Silver,Lazada,Songkhla,320,TV_Show,Credit_Card,20,1,4,0,<20,10.666666666666666,0.0,0.0,0.0,-1,-1,0.0,0.0,0.0,0.0,0.0,0.0,0,0,0.0,0.0,0,0,0.0,0.0,0,0,0.0,0.0,0,0,0.0,0
LGS2ORD0001243,C013724,2025-01-10 20:00:00,Female,37,Silver,Lazada,Remote_Area,1147,Shopee,PromptPay,20,1,4,0,30-40,38.233333333333334,0.0,0.0,0.0,-1,-1,0.0,0.0,0.0,0.0,0.0,0.0,0,0,0.0,0.0,0,0,0.0,0.0,0,0,0.0,0.0,0,0,0.0,0
LGS2ORD0001244,C016141,2025-01-10 20:00:00,Male,55,Silver,Lazada,Bangkok,608,CallCenter,Bank_Transfer,20,1,4,0,>50,20.266666666666666,1.0,0.0,0.0,-1,4,2788.25,0.05,0.0,0.0,0.0,2788.25,1,0,0.0,2788.25,1,0,0.0,2788.25,1,0,0.0,2788.25,1,0,0.0,0
LGS2ORD0001245,C015824,2025-01-10 20:00:00,Male,51,Bronze,Shopee,Nakhon Ratchasima,830,Web,COD,20,1,4,0,>50,27.666666666666668,0.0,0.0,0.0,-1,-1,0.0,0.0,0.0,0.0,0.0,0.0,0,0,0.0,0.0,0,0,0.0,0.0,0,0,0.0,0.0,0,0,0.0,0
LGS2ORD0001246,C014588,2025-01-10 21:00:00,Female,29,Silver,Web,Chonburi,1318,CallCenter,Credit_Card,21,1,4,0,20-30,43.93333333333333,0.0,0.0,0.0,-1,-1,0.0,0.0,0.0,0.0,0.0,0.0,0,0,0.0,0.0,0,0,0.0,0.0,0,0,0.0,0.0,0,0,0.0,0
LGS2ORD0001247,C010531,2025-01-10 21:00:00,Male,42,Bronze,Shopee,Bangkok,1385,Shopee,COD,21,1,4,0,40-50,46.166666666666664,1.0,0.0,0.0,-1,3,13538.86,0.03,1.0,0.0,0.0,13538.86,1,0,0.0,13538.86,1,0,0.0,13538.86,1,0,0.0,13538.86,1,0,0.0,1
LGS2ORD0001248,C015442,2025-01-10 21:00:00,Female,64,Silver,CallCenter,Songkhla,1395,Shopee,COD,21,1,4,0,>50,46.5,0.0,0.0,0.0,-1,-1,0.0,0.0,0.0,0.0,0.0,0.0,0,0,0.0,0.0,0,0,0.0,0.0,0,0,0.0,0.0,0,0,0.0,1
LGS2ORD0001249,C017860,2025-01-10 21:00:00,Male,48,Bronze,Shopee,Chiang Mai,931,Lazada,COD,21,1,4,0,40-50,31.033333333333335,0.0,0.0,0.0,-1,-1,0.0,0.0,0.0,0.0,0.0,0.0,0,0,0.0,0.0,0,0,0.0,0.0,0,0,0.0,0.0,0,0,0.0,0
LGS2ORD0001250,C013479,2025-01-10 21:00:00,Male,27,Silver,TV,Songkhla,361,Web,COD,21,1,4,0,20-30,12.033333333333333,0.0,0.0,0.0,-1,-1,0.0,0.0,0.0,0.0,0.0,0.0,0,0,0.0,0.0,0,0,0.0,0.0,0,0,0.0,0.0,0,0,0.0,1
LGS2ORD0001251,C017220,2025-01-10 22:00:00,Female,57,Platinum,TV,Phuket,1330,Lazada,COD,22,1,4,0,>50,44.333333333333336,0.0,0.0,0.0,-1,-1,0.0,0.0,0.0,0.0,0.0,0.0,0,0,0.0,0.0,0,0,0.0,0.0,0,0,0.0,0.0,0,0,0.0,0
LGS2ORD0001252,C016682,2025-01-10 22:00:00,Female,53,Bronze,Lazada,Phuket,167,Web,Credit_Card,22,1,4,0,>50,5.566666666666666,0.0,0.0,0.0,-1,-1,0.0,0.0,0.0,0.0,0.0,0.0,0,0,0.0,0.0,0,0,0.0,0.0,0,0,0.0,0.0,0,0,0.0,0
LGS2ORD0001253,C017853,2025-01-10 22:00:00,Female,53,Silver,Shopee,Chonburi,889,TV_Show,Credit_Card,22,1,4,0,>50,29.633333333333333,0.0,0.0,0.0,-1,-1,0.0,0.0,0.0,0.0,0.0,0.0,0,0,0.0,0.0,0,0,0.0,0.0,0,0,0.0,0.0,0,0,0.0,0
LGS2ORD0001254,C012166,2025-01-10 22:00:00,Female,64,Bronze,TV,Remote_Area,1247,TV_Show,COD,22,1,4,0,>50,41.56666666666667,1.0,1.0,1.0,-8,3,5883.89,0.18,0.0,0.0,0.0,5883.89,1,1,1.0,5883.89,1,1,1.0,5883.89,1,1,1.0,5883.89,1,1,1.0,1
LGS2ORD0001255,C014380,2025-01-10 22:00:00,Male,41,Silver,Shopee,Nakhon Ratchasima,1448,TV_Show,COD,22,1,4,0,40-50,48.266666666666666,1.0,0.0,0.0,-1,4,873.25,0.05,0.0,0.0,0.0,873.25,1,0,0.0,873.25,1,0,0.0,873.25,1,0,0.0,873.25,1,0,0.0,1
LGS2ORD0001256,C012718,2025-01-10 23:00:00,Male,53,Bronze,TV,Remote_Area,193,TV_Show,COD,23,1,4,0,>50,6.433333333333334,0.0,0.0,0.0,-1,-1,0.0,0.0,0.0,0.0,0.0,0.0,0,0,0.0,0.0,0,0,0.0,0.0,0,0,0.0,0.0,0,0,0.0,0
LGS2ORD0001257,C017846,2025-01-10 23:00:00,Female,54,Gold,TV,Songkhla,326,Lazada,COD,23,1,4,0,>50,10.866666666666667,1.0,0.0,0.0,-1,3,5308.11,0.13,0.0,0.0,0.0,5308.11,1,0,0.0,5308.11,1,0,0.0,5308.11,1,0,0.0,5308.11,1,0,0.0,0
LGS2ORD0001258,C015132,2025-01-10 23:00:00,Female,46,Gold,TV,Nakhon Ratchasima,1396,Shopee,Credit_Card,23,1,4,0,40-50,46.53333333333333,0.0,0.0,0.0,-1,-1,0.0,0.0,0.0,0.0,0.0,0.0,0,0,0.0,0.0,0,0,0.0,0.0,0,0,0.0,0.0,0,0,0.0,0
LGS2ORD0001259,C017676,2025-01-10 23:00:00,Female,37,Bronze,Lazada,Chiang Mai,980,Lazada,COD,23,1,4,0,30-40,32.666666666666664,0.0,0.0,0.0,-1,-1,0.0,0.0,0.0,0.0,0.0,0.0,0,0,0.0,0.0,0,0,0.0,0.0,0,0,0.0,0.0,0,0,0.0,0
LGS2ORD0001260,C015568,2025-01-10 23:00:00,Male,59,Bronze,Shopee,Khon Kaen,1299,TV_Show,Bank_Transfer,23,1,4,0,>50,43.3,0.0,0.0,0.0,-1,-1,0.0,0.0,0.0,0.0,0.0,0.0,0,0,0.0,0.0,0,0,0.0,0.0,0,0,0.0,0.0,0,0,0.0,0
LGS2ORD0001261,C017010,2025-01-10 23:00:00,Male,52,Gold,TV,Bangkok,1422,CallCenter,Credit_Card,23,1,4,0,>50,47.4,0.0,0.0,0.0,-1,-1,0.0,0.0,0.0,0.0,0.0,0.0,0,0,0.0,0.0,0,0,0.0,0.0,0,0,0.0,0.0,0,0,0.0,0
LGS2ORD0001262,C014701,2025-01-11 00:00:00,Female,63,Bronze,Lazada,Bangkok,1437,Shopee,COD,0,1,5,1,>50,47.9,0.0,0.0,0.0,-1,-1,0.0,0.0,0.0,0.0,0.0,0.0,0,0,0.0,0.0,0,0,0.0,0.0,0,0,0.0,0.0,0,0,0.0,0
LGS2ORD0001263,C017148,2025-01-11 00:00:00,Female,48,Platinum,TV,Chonburi,1124,TV_Show,PromptPay,0,1,5,1,40-50,37.46666666666667,0.0,0.0,0.0,-1,-1,0.0,0.0,0.0,0.0,0.0,0.0,0,0,0.0,0.0,0,0,0.0,0.0,0,0,0.0,0.0,0,0,0.0,0
LGS2ORD0001264,C015437,2025-01-11 00:00:00,Female,41,Gold,Web,Bangkok,549,Shopee,Credit_Card,0,1,5,1,40-50,18.3,1.0,0.0,0.0,-1,8,15609.13,0.18,1.0,0.0,0.0,0.0,0,0,0.0,15609.13,1,0,0.0,15609.13,1,0,0.0,15609.13,1,0,0.0,1
LGS2ORD0001265,C013262,2025-01-11 00:00:00,Female,57,Bronze,Lazada,Bangkok,485,CallCenter,COD,0,1,5,1,>50,16.166666666666668,0.0,0.0,0.0,-1,-1,0.0,0.0,0.0,0.0,0.0,0.0,0,0,0.0,0.0,0,0,0.0,0.0,0,0,0.0,0.0,0,0,0.0,1
LGS2ORD0001266,C016399,2025-01-11 00:00:00,Male,59,Gold,TV,Chonburi,236,Shopee,COD,0,1,5,1,>50,7.866666666666666,0.0,0.0,0.0,-1,-1,0.0,0.0,0.0,0.0,0.0,0.0,0,0,0.0,0.0,0,0,0.0,0.0,0,0,0.0,0.0,0,0,0.0,1
LGS2ORD0001267,C010553,2025-01-11 01:00:00,Female,62,Bronze,Shopee,Bangkok,1078,TV_Show,COD,1,1,5,1,>50,35.93333333333333,0.0,0.0,0.0,-1,-1,0.0,0.0,0.0,0.0,0.0,0.0,0,0,0.0,0.0,0,0,0.0,0.0,0,0,0.0,0.0,0,0,0.0,1
LGS2ORD0001268,C014485,2025-01-11 01:00:00,Female,44,Bronze,TV,Khon Kaen,554,Lazada,COD,1,1,5,1,40-50,18.466666666666665,0.0,0.0,0.0,-1,-1,0.0,0.0,0.0,0.0,0.0,0.0,0,0,0.0,0.0,0,0,0.0,0.0,0,0,0.0,0.0,0,0,0.0,0
LGS2ORD0001269,C012211,2025-01-11 01:00:00,Female,37,Platinum,CallCenter,Phuket,1063,Shopee,PromptPay,1,1,5,1,30-40,35.43333333333333,0.0,0.0,0.0,-1,-1,0.0,0.0,0.0,0.0,0.0,0.0,0,0,0.0,0.0,0,0,0.0,0.0,0,0,0.0,0.0,0,0,0.0,0
LGS2ORD0001270,C010304,2025-01-11 01:00:00,Female,67,Bronze,Shopee,Nakhon Ratchasima,907,TV_Show,COD,1,1,5,1,>50,30.233333333333334,0.0,0.0,0.0,-1,-1,0.0,0.0,0.0,0.0,0.0,0.0,0,0,0.0,0.0,0,0,0.0,0.0,0,0,0.0,0.0,0,0,0.0,0
LGS2ORD0001271,C014784,2025-01-11 01:00:00,Female,53,Bronze,TV,Chonburi,305,TV_Show,PromptPay,1,1,5,1,>50,10.166666666666666,0.0,0.0,0.0,-1,-1,0.0,0.0,0.0,0.0,0.0,0.0,0,0,0.0,0.0,0,0,0.0,0.0,0,0,0.0,0.0,0,0,0.0,0
LGS2ORD0001272,C013301,2025-01-11 02:00:00,Female,42,Bronze,Web,Nakhon Ratchasima,1025,Web,Credit_Card,2,1,5,1,40-50,34.166666666666664,0.0,0.0,0.0,-1,-1,0.0,0.0,0.0,0.0,0.0,0.0,0,0,0.0,0.0,0,0,0.0,0.0,0,0,0.0,0.0,0,0,0.0,0
LGS2ORD0001273,C011961,2025-01-11 02:00:00,Female,59,Gold,CallCenter,Bangkok,548,TV_Show,PromptPay,2,1,5,1,>50,18.266666666666666,0.0,0.0,0.0,-1,-1,0.0,0.0,0.0,0.0,0.0,0.0,0,0,0.0,0.0,0,0,0.0,0.0,0,0,0.0,0.0,0,0,0.0,0
LGS2ORD0001274,C012619,2025-01-11 02:00:00,Female,29,Bronze,Web,Khon Kaen,493,Web,Credit_Card,2,1,5,1,20-30,16.433333333333334,0.0,0.0,0.0,-1,-1,0.0,0.0,0.0,0.0,0.0,0.0,0,0,0.0,0.0,0,0,0.0,0.0,0,0,0.0,0.0,0,0,0.0,1
LGS2ORD0001275,C014873,2025-01-11 02:00:00,Female,33,Silver,TV,Nakhon Ratchasima,349,Web,COD,2,1,5,1,30-40,11.633333333333333,0.0,0.0,0.0,-1,-1,0.0,0.0,0.0,0.0,0.0,0.0,0,0,0.0,0.0,0,0,0.0,0.0,0,0,0.0,0.0,0,0,0.0,1
LGS2ORD0001276,C016476,2025-01-11 02:00:00,Female,46,Silver,Web,Remote_Area,728,Shopee,COD,2,1,5,1,40-50,24.266666666666666,0.0,0.0,0.0,-1,-1,0.0,0.0,0.0,0.0,0.0,0.0,0,0,0.0,0.0,0,0,0.0,0.0,0,0,0.0,0.0,0,0,0.0,0
LGS2ORD0001277,C013918,2025-01-11 03:00:00,Female,69,Bronze,TV,Chonburi,1175,Shopee,COD,3,1,5,1,>50,39.166666666666664,1.0,1.0,1.0,0,7,3660.17,0.18,0.0,0.0,0.0,0.0,0,0,0.0,3660.17,1,1,1.0,3660.17,1,1,1.0,3660.17,1,1,1.0,0
LGS2ORD0001278,C011270,2025-01-11 03:00:00,Female,27,Silver,TV,Chonburi,1288,Lazada,Credit_Card,3,1,5,1,20-30,42.93333333333333,0.0,0.0,0.0,-1,-1,0.0,0.0,0.0,0.0,0.0,0.0,0,0,0.0,0.0,0,0,0.0,0.0,0,0,0.0,0.0,0,0,0.0,0
LGS2ORD0001279,C011359,2025-01-11 03:00:00,Male,23,Silver,Web,Chonburi,1286,TV_Show,Bank_Transfer,3,1,5,1,20-30,42.86666666666667,0.0,0.0,0.0,-1,-1,0.0,0.0,0.0,0.0,0.0,0.0,0,0,0.0,0.0,0,0,0.0,0.0,0,0,0.0,0.0,0,0,0.0,1
LGS2ORD0001280,C011364,2025-01-11 03:00:00,Male,44,Silver,Web,Khon Kaen,1387,CallCenter,COD,3,1,5,1,40-50,46.233333333333334,0.0,0.0,0.0,-1,-1,0.0,0.0,0.0,0.0,0.0,0.0,0,0,0.0,0.0,0,0,0.0,0.0,0,0,0.0,0.0,0,0,0.0,0
LGS2ORD0001281,C013993,2025-01-11 03:00:00,Male,21,Bronze,CallCenter,Khon Kaen,1251,Web,COD,3,1,5,1,20-30,41.7,0.0,0.0,0.0,-1,-1,0.0,0.0,0.0,0.0,0.0,0.0,0,0,0.0,0.0,0,0,0.0,0.0,0,0,0.0,0.0,0,0,0.0,1
LGS2ORD0001282,C017271,2025-01-11 03:00:00,Male,41,Bronze,TV,Nakhon Ratchasima,1110,CallCenter,COD,3,1,5,1,40-50,37.0,0.0,0.0,0.0,-1,-1,0.0,0.0,0.0,0.0,0.0,0.0,0,0,0.0,0.0,0,0,0.0,0.0,0,0,0.0,0.0,0,0,0.0,0
LGS2ORD0001283,C014000,2025-01-11 04:00:00,Female,54,Bronze,Shopee,Bangkok,396,Lazada,Credit_Card,4,1,5,1,>50,13.2,0.0,0.0,0.0,-1,-1,0.0,0.0,0.0,0.0,0.0,0.0,0,0,0.0,0.0,0,0,0.0,0.0,0,0,0.0,0.0,0,0,0.0,0
LGS2ORD0001284,C015926,2025-01-11 04:00:00,Female,57,Silver,CallCenter,Phuket,422,TV_Show,COD,4,1,5,1,>50,14.066666666666666,0.0,0.0,0.0,-1,-1,0.0,0.0,0.0,0.0,0.0,0.0,0,0,0.0,0.0,0,0,0.0,0.0,0,0,0.0,0.0,0,0,0.0,1
LGS2ORD0001285,C011846,2025-01-11 04:00:00,Female,26,Silver,Web,Chonburi,337,Lazada,COD,4,1,5,1,20-30,11.233333333333333,0.0,0.0,0.0,-1,-1,0.0,0.0,0.0,0.0,0.0,0.0,0,0,0.0,0.0,0,0,0.0,0.0,0,0,0.0,0.0,0,0,0.0,0
LGS2ORD0001286,C017034,2025-01-11 04:00:00,Female,28,Bronze,Shopee,Songkhla,494,CallCenter,COD,4,1,5,1,20-30,16.466666666666665,2.0,0.0,0.0,-1,4,801.4200000000001,0.18,0.0,0.0,0.0,596.33,1,0,0.0,1602.8400000000001,2,0,0.0,1602.8400000000001,2,0,0.0,1602.8400000000001,2,0,0.0,1
LGS2ORD0001287,C014108,2025-01-11 04:00:00,Male,66,Silver,TV,Khon Kaen,415,Lazada,Bank_Transfer,4,1,5,1,>50,13.833333333333334,1.0,0.0,0.0,-1,6,8188.88,0.1,0.0,0.0,0.0,8188.88,1,0,0.0,8188.88,1,0,0.0,8188.88,1,0,0.0,8188.88,1,0,0.0,0
LGS2ORD0001288,C017892,2025-01-11 05:00:00,Female,58,Silver,Web,Nakhon Ratchasima,478,Lazada,COD,5,1,5,1,>50,15.933333333333334,0.0,0.0,0.0,-1,-1,0.0,0.0,0.0,0.0,0.0,0.0,0,0,0.0,0.0,0,0,0.0,0.0,0,0,0.0,0.0,0,0,0.0,0
LGS2ORD0001289,C014070,2025-01-11 05:00:00,Male,42,Bronze,CallCenter,Nakhon Ratchasima,618,Lazada,COD,5,1,5,1,40-50,20.6,1.0,0.0,0.0,-1,2,962.18,0.23,0.0,1.0,0.0,962.18,1,0,0.0,962.18,1,0,0.0,962.18,1,0,0.0,962.18,1,0,0.0,0
LGS2ORD0001290,C014085,2025-01-11 05:00:00,Female,40,Gold,Shopee,Khon Kaen,853,Web,Credit_Card,5,1,5,1,30-40,28.433333333333334,1.0,0.0,0.0,-1,2,509.44,0.2299999999999999,0.0,1.0,0.0,509.44,1,0,0.0,509.44,1,0,0.0,509.44,1,0,0.0,509.44,1,0,0.0,0
LGS2ORD0001291,C016720,2025-01-11 05:00:00,Male,57,Bronze,Lazada,Songkhla,276,CallCenter,PromptPay,5,1,5,1,>50,9.2,0.0,0.0,0.0,-1,-1,0.0,0.0,0.0,0.0,0.0,0.0,0,0,0.0,0.0,0,0,0.0,0.0,0,0,0.0,0.0,0,0,0.0,0
LGS2ORD0001292,C013062,2025-01-11 05:00:00,Female,30,Platinum,Lazada,Khon Kaen,1040,Shopee,Credit_Card,5,1,5,1,20-30,34.666666666666664,0.0,0.0,0.0,-1,-1,0.0,0.0,0.0,0.0,0.0,0.0,0,0,0.0,0.0,0,0,0.0,0.0,0,0,0.0,0.0,0,0,0.0,0
LGS2ORD0001293,C014378,2025-01-11 06:00:00,Male,47,Bronze,Lazada,Chiang Mai,524,Web,COD,6,1,5,1,40-50,17.466666666666665,0.0,0.0,0.0,-1,-1,0.0,0.0,0.0,0.0,0.0,0.0,0,0,0.0,0.0,0,0,0.0,0.0,0,0,0.0,0.0,0,0,0.0,0
LGS2ORD0001294,C016125,2025-01-11 06:00:00,Male,31,Bronze,TV,Songkhla,438,Shopee,Bank_Transfer,6,1,5,1,30-40,14.6,0.0,0.0,0.0,-1,-1,0.0,0.0,0.0,0.0,0.0,0.0,0,0,0.0,0.0,0,0,0.0,0.0,0,0,0.0,0.0,0,0,0.0,1
LGS2ORD0001295,C015221,2025-01-11 06:00:00,Male,42,Bronze,Web,Songkhla,585,Web,PromptPay,6,1,5,1,40-50,19.5,0.0,0.0,0.0,-1,-1,0.0,0.0,0.0,0.0,0.0,0.0,0,0,0.0,0.0,0,0,0.0,0.0,0,0,0.0,0.0,0,0,0.0,0
LGS2ORD0001296,C014960,2025-01-11 06:00:00,Female,25,Bronze,CallCenter,Bangkok,611,TV_Show,PromptPay,6,1,5,1,20-30,20.366666666666667,0.0,0.0,0.0,-1,-1,0.0,0.0,0.0,0.0,0.0,0.0,0,0,0.0,0.0,0,0,0.0,0.0,0,0,0.0,0.0,0,0,0.0,0
LGS2ORD0001297,C012444,2025-01-11 06:00:00,Male,35,Bronze,Web,Bangkok,615,CallCenter,PromptPay,6,1,5,1,30-40,20.5,0.0,0.0,0.0,-1,-1,0.0,0.0,0.0,0.0,0.0,0.0,0,0,0.0,0.0,0,0,0.0,0.0,0,0,0.0,0.0,0,0,0.0,0
LGS2ORD0001298,C017269,2025-01-11 07:00:00,Female,51,Bronze,Web,Bangkok,1450,Lazada,Credit_Card,7,1,5,1,>50,48.333333333333336,0.0,0.0,0.0,-1,-1,0.0,0.0,0.0,0.0,0.0,0.0,0,0,0.0,0.0,0,0,0.0,0.0,0,0,0.0,0.0,0,0,0.0,0
LGS2ORD0001299,C010004,2025-01-11 07:00:00,Male,42,Platinum,Shopee,Chonburi,340,Lazada,COD,7,1,5,1,40-50,11.333333333333334,0.0,0.0,0.0,-1,-1,0.0,0.0,0.0,0.0,0.0,0.0,0,0,0.0,0.0,0,0,0.0,0.0,0,0,0.0,0.0,0,0,0.0,0
LGS2ORD0001300,C017907,2025-01-11 07:00:00,Female,54,Silver,Lazada,Nakhon Ratchasima,1023,Shopee,PromptPay,7,1,5,1,>50,34.1,0.0,0.0,0.0,-1,-1,0.0,0.0,0.0,0.0,0.0,0.0,0,0,0.0,0.0,0,0,0.0,0.0,0,0,0.0,0.0,0,0,0.0,0
LGS2ORD0001301,C016175,2025-01-11 07:00:00,Female,51,Platinum,Shopee,Chiang Mai,170,Shopee,PromptPay,7,1,5,1,>50,5.666666666666667,0.0,0.0,0.0,-1,-1,0.0,0.0,0.0,0.0,0.0,0.0,0,0,0.0,0.0,0,0,0.0,0.0,0,0,0.0,0.0,0,0,0.0,0
LGS2ORD0001302,C016827,2025-01-11 07:00:00,Female,47,Bronze,Web,Bangkok,1036,TV_Show,COD,7,1,5,1,40-50,34.53333333333333,0.0,0.0,0.0,-1,-1,0.0,0.0,0.0,0.0,0.0,0.0,0,0,0.0,0.0,0,0,0.0,0.0,0,0,0.0,0.0,0,0,0.0,0
LGS2ORD0001303,C010768,2025-01-11 07:00:00,Female,59,Silver,Shopee,Bangkok,311,Lazada,COD,7,1,5,1,>50,10.366666666666667,0.0,0.0,0.0,-1,-1,0.0,0.0,0.0,0.0,0.0,0.0,0,0,0.0,0.0,0,0,0.0,0.0,0,0,0.0,0.0,0,0,0.0,0
LGS2ORD0001304,C011663,2025-01-11 08:00:00,Male,57,Bronze,CallCenter,Bangkok,1287,CallCenter,Credit_Card,8,1,5,1,>50,42.9,2.0,0.0,0.0,-1,2,1147.4850000000001,0.23,0.5,0.5,0.0,1642.03,1,0,0.0,2294.9700000000003,2,0,0.0,2294.9700000000003,2,0,0.0,2294.9700000000003,2,0,0.0,0
LGS2ORD0001305,C012937,2025-01-11 08:00:00,Male,24,Bronze,CallCenter,Remote_Area,38,CallCenter,COD,8,1,5,1,20-30,1.2666666666666666,0.0,0.0,0.0,-1,-1,0.0,0.0,0.0,0.0,0.0,0.0,0,0,0.0,0.0,0,0,0.0,0.0,0,0,0.0,0.0,0,0,0.0,0
LGS2ORD0001306,C017027,2025-01-11 08:00:00,Female,48,Platinum,Web,Bangkok,1001,TV_Show,Credit_Card,8,1,5,1,40-50,33.36666666666667,0.0,0.0,0.0,-1,-1,0.0,0.0,0.0,0.0,0.0,0.0,0,0,0.0,0.0,0,0,0.0,0.0,0,0,0.0,0.0,0,0,0.0,0
LGS2ORD0001307,C016267,2025-01-11 08:00:00,Female,49,Silver,TV,Bangkok,953,TV_Show,PromptPay,8,1,5,1,40-50,31.766666666666666,2.0,0.0,0.0,-1,4,13349.39,0.05,0.0,0.0,0.0,13409.16,1,0,0.0,26698.78,2,0,0.0,26698.78,2,0,0.0,26698.78,2,0,0.0,0
LGS2ORD0001308,C014433,2025-01-11 08:00:00,Female,69,Bronze,TV,Bangkok,280,Shopee,COD,8,1,5,1,>50,9.333333333333334,0.0,0.0,0.0,-1,-1,0.0,0.0,0.0,0.0,0.0,0.0,0,0,0.0,0.0,0,0,0.0,0.0,0,0,0.0,0.0,0,0,0.0,0
LGS2ORD0001309,C012887,2025-01-11 09:00:00,Female,57,Bronze,Shopee,Chonburi,1206,Shopee,COD,9,1,5,1,>50,40.2,0.0,0.0,0.0,-1,-1,0.0,0.0,0.0,0.0,0.0,0.0,0,0,0.0,0.0,0,0,0.0,0.0,0,0,0.0,0.0,0,0,0.0,1
LGS2ORD0001310,C012652,2025-01-11 09:00:00,Female,35,Bronze,TV,Khon Kaen,375,CallCenter,COD,9,1,5,1,30-40,12.5,0.0,0.0,0.0,-1,-1,0.0,0.0,0.0,0.0,0.0,0.0,0,0,0.0,0.0,0,0,0.0,0.0,0,0,0.0,0.0,0,0,0.0,0
LGS2ORD0001311,C012590,2025-01-11 09:00:00,Female,59,Platinum,Shopee,Chiang Mai,492,TV_Show,Credit_Card,9,1,5,1,>50,16.4,0.0,0.0,0.0,-1,-1,0.0,0.0,0.0,0.0,0.0,0.0,0,0,0.0,0.0,0,0,0.0,0.0,0,0,0.0,0.0,0,0,0.0,0
LGS2ORD0001312,C012190,2025-01-11 09:00:00,Male,42,Silver,Lazada,Chonburi,986,CallCenter,COD,9,1,5,1,40-50,32.86666666666667,0.0,0.0,0.0,-1,-1,0.0,0.0,0.0,0.0,0.0,0.0,0,0,0.0,0.0,0,0,0.0,0.0,0,0,0.0,0.0,0,0,0.0,0
LGS2ORD0001313,C012104,2025-01-11 09:00:00,Male,36,Bronze,TV,Khon Kaen,771,Shopee,COD,9,1,5,1,30-40,25.7,0.0,0.0,0.0,-1,-1,0.0,0.0,0.0,0.0,0.0,0.0,0,0,0.0,0.0,0,0,0.0,0.0,0,0,0.0,0.0,0,0,0.0,0
LGS2ORD0001314,C013277,2025-01-11 10:00:00,Female,41,Bronze,TV,Chonburi,545,CallCenter,COD,10,1,5,1,40-50,18.166666666666668,0.0,0.0,0.0,-1,-1,0.0,0.0,0.0,0.0,0.0,0.0,0,0,0.0,0.0,0,0,0.0,0.0,0,0,0.0,0.0,0,0,0.0,0
LGS2ORD0001315,C015848,2025-01-11 10:00:00,Female,23,Bronze,Shopee,Chiang Mai,95,TV_Show,COD,10,1,5,1,20-30,3.1666666666666665,0.0,0.0,0.0,-1,-1,0.0,0.0,0.0,0.0,0.0,0.0,0,0,0.0,0.0,0,0,0.0,0.0,0,0,0.0,0.0,0,0,0.0,0
LGS2ORD0001316,C016394,2025-01-11 10:00:00,Male,34,Silver,Web,Remote_Area,1009,TV_Show,COD,10,1,5,1,30-40,33.63333333333333,0.0,0.0,0.0,-1,-1,0.0,0.0,0.0,0.0,0.0,0.0,0,0,0.0,0.0,0,0,0.0,0.0,0,0,0.0,0.0,0,0,0.0,1
LGS2ORD0001317,C014110,2025-01-11 10:00:00,Male,60,Bronze,Shopee,Chiang Mai,542,TV_Show,Credit_Card,10,1,5,1,>50,18.066666666666666,0.0,0.0,0.0,-1,-1,0.0,0.0,0.0,0.0,0.0,0.0,0,0,0.0,0.0,0,0,0.0,0.0,0,0,0.0,0.0,0,0,0.0,0
LGS2ORD0001318,C014929,2025-01-11 10:00:00,Female,39,Bronze,Shopee,Bangkok,732,CallCenter,Credit_Card,10,1,5,1,30-40,24.4,0.0,0.0,0.0,-1,-1,0.0,0.0,0.0,0.0,0.0,0.0,0,0,0.0,0.0,0,0,0.0,0.0,0,0,0.0,0.0,0,0,0.0,1
LGS2ORD0001319,C012012,2025-01-11 11:00:00,Male,48,Silver,Lazada,Chonburi,249,TV_Show,Credit_Card,11,1,5,1,40-50,8.3,0.0,0.0,0.0,-1,-1,0.0,0.0,0.0,0.0,0.0,0.0,0,0,0.0,0.0,0,0,0.0,0.0,0,0,0.0,0.0,0,0,0.0,0
LGS2ORD0001320,C010894,2025-01-11 11:00:00,Male,29,Bronze,TV,Bangkok,155,TV_Show,Credit_Card,11,1,5,1,20-30,5.166666666666667,0.0,0.0,0.0,-1,-1,0.0,0.0,0.0,0.0,0.0,0.0,0,0,0.0,0.0,0,0,0.0,0.0,0,0,0.0,0.0,0,0,0.0,0
LGS2ORD0001321,C010160,2025-01-11 11:00:00,Female,61,Bronze,Lazada,Chonburi,778,Lazada,Bank_Transfer,11,1,5,1,>50,25.933333333333334,0.0,0.0,0.0,-1,-1,0.0,0.0,0.0,0.0,0.0,0.0,0,0,0.0,0.0,0,0,0.0,0.0,0,0,0.0,0.0,0,0,0.0,0
LGS2ORD0001322,C016641,2025-01-11 11:00:00,Female,37,Bronze,TV,Chonburi,674,CallCenter,COD,11,1,5,1,30-40,22.466666666666665,0.0,0.0,0.0,-1,-1,0.0,0.0,0.0,0.0,0.0,0.0,0,0,0.0,0.0,0,0,0.0,0.0,0,0,0.0,0.0,0,0,0.0,1
LGS2ORD0001323,C014944,2025-01-11 11:00:00,Male,57,Silver,Web,Bangkok,549,Web,Bank_Transfer,11,1,5,1,>50,18.3,0.0,0.0,0.0,-1,-1,0.0,0.0,0.0,0.0,0.0,0.0,0,0,0.0,0.0,0,0,0.0,0.0,0,0,0.0,0.0,0,0,0.0,0
LGS2ORD0001324,C010007,2025-01-11 11:00:00,Male,48,Gold,Shopee,Remote_Area,152,Shopee,COD,11,1,5,1,40-50,5.066666666666666,0.0,0.0,0.0,-1,-1,0.0,0.0,0.0,0.0,0.0,0.0,0,0,0.0,0.0,0,0,0.0,0.0,0,0,0.0,0.0,0,0,0.0,0
LGS2ORD0001325,C012748,2025-01-11 12:00:00,Male,57,Bronze,TV,Bangkok,1125,Shopee,Credit_Card,12,1,5,1,>50,37.5,0.0,0.0,0.0,-1,-1,0.0,0.0,0.0,0.0,0.0,0.0,0,0,0.0,0.0,0,0,0.0,0.0,0,0,0.0,0.0,0,0,0.0,0
LGS2ORD0001326,C015974,2025-01-11 12:00:00,Male,41,Platinum,Web,Chonburi,654,Lazada,PromptPay,12,1,5,1,40-50,21.8,0.0,0.0,0.0,-1,-1,0.0,0.0,0.0,0.0,0.0,0.0,0,0,0.0,0.0,0,0,0.0,0.0,0,0,0.0,0.0,0,0,0.0,0
LGS2ORD0001327,C011287,2025-01-11 12:00:00,Male,41,Silver,Web,Bangkok,51,Shopee,PromptPay,12,1,5,1,40-50,1.7,0.0,0.0,0.0,-1,-1,0.0,0.0,0.0,0.0,0.0,0.0,0,0,0.0,0.0,0,0,0.0,0.0,0,0,0.0,0.0,0,0,0.0,0
LGS2ORD0001328,C010917,2025-01-11 12:00:00,Male,55,Silver,Shopee,Chonburi,1452,TV_Show,Credit_Card,12,1,5,1,>50,48.4,0.0,0.0,0.0,-1,-1,0.0,0.0,0.0,0.0,0.0,0.0,0,0,0.0,0.0,0,0,0.0,0.0,0,0,0.0,0.0,0,0,0.0,0
LGS2ORD0001329,C010183,2025-01-11 12:00:00,Male,38,Bronze,Lazada,Chiang Mai,501,Web,COD,12,1,5,1,30-40,16.7,0.0,0.0,0.0,-1,-1,0.0,0.0,0.0,0.0,0.0,0.0,0,0,0.0,0.0,0,0,0.0,0.0,0,0,0.0,0.0,0,0,0.0,0
LGS2ORD0001330,C014177,2025-01-11 13:00:00,Male,61,Platinum,Shopee,Chiang Mai,1090,TV_Show,COD,13,1,5,1,>50,36.333333333333336,0.0,0.0,0.0,-1,-1,0.0,0.0,0.0,0.0,0.0,0.0,0,0,0.0,0.0,0,0,0.0,0.0,0,0,0.0,0.0,0,0,0.0,0
LGS2ORD0001331,C011002,2025-01-11 13:00:00,Female,53,Gold,TV,Remote_Area,957,Web,PromptPay,13,1,5,1,>50,31.9,0.0,0.0,0.0,-1,-1,0.0,0.0,0.0,0.0,0.0,0.0,0,0,0.0,0.0,0,0,0.0,0.0,0,0,0.0,0.0,0,0,0.0,0
LGS2ORD0001332,C013446,2025-01-11 13:00:00,Male,41,Gold,TV,Chiang Mai,30,TV_Show,Bank_Transfer,13,1,5,1,40-50,1.0,0.0,0.0,0.0,-1,-1,0.0,0.0,0.0,0.0,0.0,0.0,0,0,0.0,0.0,0,0,0.0,0.0,0,0,0.0,0.0,0,0,0.0,0
LGS2ORD0001333,C015933,2025-01-11 13:00:00,Female,35,Silver,Web,Nakhon Ratchasima,1030,Shopee,COD,13,1,5,1,30-40,34.333333333333336,0.0,0.0,0.0,-1,-1,0.0,0.0,0.0,0.0,0.0,0.0,0,0,0.0,0.0,0,0,0.0,0.0,0,0,0.0,0.0,0,0,0.0,0
LGS2ORD0001334,C012178,2025-01-11 13:00:00,Female,33,Silver,Web,Chonburi,1377,Shopee,COD,13,1,5,1,30-40,45.9,0.0,0.0,0.0,-1,-1,0.0,0.0,0.0,0.0,0.0,0.0,0,0,0.0,0.0,0,0,0.0,0.0,0,0,0.0,0.0,0,0,0.0,0
LGS2ORD0001335,C014954,2025-01-11 14:00:00,Female,57,Bronze,CallCenter,Phuket,721,CallCenter,COD,14,1,5,1,>50,24.033333333333335,0.0,0.0,0.0,-1,-1,0.0,0.0,0.0,0.0,0.0,0.0,0,0,0.0,0.0,0,0,0.0,0.0,0,0,0.0,0.0,0,0,0.0,1
LGS2ORD0001336,C015985,2025-01-11 14:00:00,Male,37,Bronze,Shopee,Remote_Area,1352,Shopee,Bank_Transfer,14,1,5,1,30-40,45.06666666666667,0.0,0.0,0.0,-1,-1,0.0,0.0,0.0,0.0,0.0,0.0,0,0,0.0,0.0,0,0,0.0,0.0,0,0,0.0,0.0,0,0,0.0,0
LGS2ORD0001337,C011689,2025-01-11 14:00:00,Female,61,Gold,Lazada,Chonburi,644,CallCenter,COD,14,1,5,1,>50,21.466666666666665,0.0,0.0,0.0,-1,-1,0.0,0.0,0.0,0.0,0.0,0.0,0,0,0.0,0.0,0,0,0.0,0.0,0,0,0.0,0.0,0,0,0.0,1
LGS2ORD0001338,C011978,2025-01-11 14:00:00,Male,38,Bronze,Shopee,Khon Kaen,1358,Web,COD,14,1,5,1,30-40,45.266666666666666,0.0,0.0,0.0,-1,-1,0.0,0.0,0.0,0.0,0.0,0.0,0,0,0.0,0.0,0,0,0.0,0.0,0,0,0.0,0.0,0,0,0.0,0
LGS2ORD0001339,C014601,2025-01-11 14:00:00,Female,34,Bronze,TV,Songkhla,446,TV_Show,Credit_Card,14,1,5,1,30-40,14.866666666666667,0.0,0.0,0.0,-1,-1,0.0,0.0,0.0,0.0,0.0,0.0,0,0,0.0,0.0,0,0,0.0,0.0,0,0,0.0,0.0,0,0,0.0,0
LGS2ORD0001340,C012661,2025-01-11 14:00:00,Female,40,Bronze,Shopee,Bangkok,818,Web,COD,14,1,5,1,30-40,27.266666666666666,0.0,0.0,0.0,-1,-1,0.0,0.0,0.0,0.0,0.0,0.0,0,0,0.0,0.0,0,0,0.0,0.0,0,0,0.0,0.0,0,0,0.0,0
LGS2ORD0001341,C016988,2025-01-11 15:00:00,Male,36,Bronze,TV,Phuket,804,Shopee,COD,15,1,5,1,30-40,26.8,0.0,0.0,0.0,-1,-1,0.0,0.0,0.0,0.0,0.0,0.0,0,0,0.0,0.0,0,0,0.0,0.0,0,0,0.0,0.0,0,0,0.0,1
LGS2ORD0001342,C010979,2025-01-11 15:00:00,Male,60,Bronze,Lazada,Khon Kaen,344,Shopee,PromptPay,15,1,5,1,>50,11.466666666666667,0.0,0.0,0.0,-1,-1,0.0,0.0,0.0,0.0,0.0,0.0,0,0,0.0,0.0,0,0,0.0,0.0,0,0,0.0,0.0,0,0,0.0,0
LGS2ORD0001343,C017914,2025-01-11 15:00:00,Male,32,Bronze,Web,Remote_Area,1332,Shopee,PromptPay,15,1,5,1,30-40,44.4,0.0,0.0,0.0,-1,-1,0.0,0.0,0.0,0.0,0.0,0.0,0,0,0.0,0.0,0,0,0.0,0.0,0,0,0.0,0.0,0,0,0.0,1
LGS2ORD0001344,C014699,2025-01-11 15:00:00,Male,34,Bronze,Web,Chiang Mai,258,Shopee,COD,15,1,5,1,30-40,8.6,0.0,0.0,0.0,-1,-1,0.0,0.0,0.0,0.0,0.0,0.0,0,0,0.0,0.0,0,0,0.0,0.0,0,0,0.0,0.0,0,0,0.0,1
LGS2ORD0001345,C014661,2025-01-11 15:00:00,Male,48,Silver,Shopee,Nakhon Ratchasima,1246,TV_Show,COD,15,1,5,1,40-50,41.53333333333333,0.0,0.0,0.0,-1,-1,0.0,0.0,0.0,0.0,0.0,0.0,0,0,0.0,0.0,0,0,0.0,0.0,0,0,0.0,0.0,0,0,0.0,0
LGS2ORD0001346,C013038,2025-01-11 16:00:00,Female,36,Bronze,TV,Chiang Mai,331,Web,Credit_Card,16,1,5,1,30-40,11.033333333333333,1.0,0.0,0.0,-1,9,9700.78,0.23,1.0,1.0,0.0,0.0,0,0,0.0,9700.78,1,0,0.0,9700.78,1,0,0.0,9700.78,1,0,0.0,0
LGS2ORD0001347,C014212,2025-01-11 16:00:00,Female,51,Silver,TV,Bangkok,51,Web,COD,16,1,5,1,>50,1.7,0.0,0.0,0.0,-1,-1,0.0,0.0,0.0,0.0,0.0,0.0,0,0,0.0,0.0,0,0,0.0,0.0,0,0,0.0,0.0,0,0,0.0,1
LGS2ORD0001348,C014559,2025-01-11 16:00:00,Female,34,Bronze,Web,Khon Kaen,1155,TV_Show,COD,16,1,5,1,30-40,38.5,0.0,0.0,0.0,-1,-1,0.0,0.0,0.0,0.0,0.0,0.0,0,0,0.0,0.0,0,0,0.0,0.0,0,0,0.0,0.0,0,0,0.0,0
LGS2ORD0001349,C017771,2025-01-11 16:00:00,Female,46,Bronze,CallCenter,Remote_Area,278,Shopee,COD,16,1,5,1,40-50,9.266666666666667,0.0,0.0,0.0,-1,-1,0.0,0.0,0.0,0.0,0.0,0.0,0,0,0.0,0.0,0,0,0.0,0.0,0,0,0.0,0.0,0,0,0.0,0
LGS2ORD0001350,C016295,2025-01-11 16:00:00,Female,25,Silver,TV,Bangkok,252,TV_Show,Bank_Transfer,16,1,5,1,20-30,8.4,0.0,0.0,0.0,-1,-1,0.0,0.0,0.0,0.0,0.0,0.0,0,0,0.0,0.0,0,0,0.0,0.0,0,0,0.0,0.0,0,0,0.0,0
LGS2ORD0001351,C015325,2025-01-11 17:00:00,Female,42,Bronze,Shopee,Bangkok,1344,Lazada,Credit_Card,17,1,5,1,40-50,44.8,0.0,0.0,0.0,-1,-1,0.0,0.0,0.0,0.0,0.0,0.0,0,0,0.0,0.0,0,0,0.0,0.0,0,0,0.0,0.0,0,0,0.0,1
LGS2ORD0001352,C013611,2025-01-11 17:00:00,Male,42,Gold,Lazada,Chiang Mai,732,Lazada,COD,17,1,5,1,40-50,24.4,0.0,0.0,0.0,-1,-1,0.0,0.0,0.0,0.0,0.0,0.0,0,0,0.0,0.0,0,0,0.0,0.0,0,0,0.0,0.0,0,0,0.0,1
LGS2ORD0001353,C015325,2025-01-11 17:00:00,Female,42,Bronze,Shopee,Bangkok,1344,Web,COD,17,1,5,1,40-50,44.8,0.0,0.0,0.0,-1,-1,0.0,0.0,0.0,0.0,0.0,0.0,0,0,0.0,0.0,0,0,0.0,0.0,0,0,0.0,0.0,0,0,0.0,0
LGS2ORD0001354,C016415,2025-01-11 17:00:00,Male,69,Bronze,Shopee,Nakhon Ratchasima,1334,TV_Show,Bank_Transfer,17,1,5,1,>50,44.46666666666667,0.0,0.0,0.0,-1,-1,0.0,0.0,0.0,0.0,0.0,0.0,0,0,0.0,0.0,0,0,0.0,0.0,0,0,0.0,0.0,0,0,0.0,0
LGS2ORD0001355,C017248,2025-01-11 17:00:00,Female,72,Bronze,TV,Phuket,406,Web,COD,17,1,5,1,>50,13.533333333333333,0.0,0.0,0.0,-1,-1,0.0,0.0,0.0,0.0,0.0,0.0,0,0,0.0,0.0,0,0,0.0,0.0,0,0,0.0,0.0,0,0,0.0,0
LGS2ORD0001356,C010210,2025-01-11 18:00:00,Female,42,Gold,Lazada,Chonburi,645,Shopee,Credit_Card,18,1,5,1,40-50,21.5,0.0,0.0,0.0,-1,-1,0.0,0.0,0.0,0.0,0.0,0.0,0,0,0.0,0.0,0,0,0.0,0.0,0,0,0.0,0.0,0,0,0.0,0
LGS2ORD0001357,C014545,2025-01-11 18:00:00,Male,39,Gold,Lazada,Nakhon Ratchasima,630,Web,COD,18,1,5,1,30-40,21.0,0.0,0.0,0.0,-1,-1,0.0,0.0,0.0,0.0,0.0,0.0,0,0,0.0,0.0,0,0,0.0,0.0,0,0,0.0,0.0,0,0,0.0,0
LGS2ORD0001358,C017373,2025-01-11 18:00:00,Male,39,Gold,Lazada,Phuket,574,CallCenter,Bank_Transfer,18,1,5,1,30-40,19.133333333333333,0.0,0.0,0.0,-1,-1,0.0,0.0,0.0,0.0,0.0,0.0,0,0,0.0,0.0,0,0,0.0,0.0,0,0,0.0,0.0,0,0,0.0,0
LGS2ORD0001359,C016483,2025-01-11 18:00:00,Other,59,Bronze,Shopee,Phuket,76,CallCenter,COD,18,1,5,1,>50,2.533333333333333,0.0,0.0,0.0,-1,-1,0.0,0.0,0.0,0.0,0.0,0.0,0,0,0.0,0.0,0,0,0.0,0.0,0,0,0.0,0.0,0,0,0.0,0
LGS2ORD0001360,C017719,2025-01-11 18:00:00,Female,32,Bronze,CallCenter,Chonburi,229,TV_Show,Credit_Card,18,1,5,1,30-40,7.633333333333334,0.0,0.0,0.0,-1,-1,0.0,0.0,0.0,0.0,0.0,0.0,0,0,0.0,0.0,0,0,0.0,0.0,0,0,0.0,0.0,0,0,0.0,0
LGS2ORD0001361,C016422,2025-01-11 18:00:00,Male,39,Silver,Lazada,Chonburi,914,Lazada,Bank_Transfer,18,1,5,1,30-40,30.466666666666665,0.0,0.0,0.0,-1,-1,0.0,0.0,0.0,0.0,0.0,0.0,0,0,0.0,0.0,0,0,0.0,0.0,0,0,0.0,0.0,0,0,0.0,0
LGS2ORD0001362,C017905,2025-01-11 19:00:00,Male,38,Bronze,Shopee,Songkhla,904,Web,Bank_Transfer,19,1,5,1,30-40,30.133333333333333,0.0,0.0,0.0,-1,-1,0.0,0.0,0.0,0.0,0.0,0.0,0,0,0.0,0.0,0,0,0.0,0.0,0,0,0.0,0.0,0,0,0.0,0
LGS2ORD0001363,C014210,2025-01-11 19:00:00,Male,34,Bronze,Web,Remote_Area,503,Shopee,Credit_Card,19,1,5,1,30-40,16.766666666666666,1.0,0.0,0.0,-1,10,1356.65,0.13,0.0,0.0,0.0,0.0,0,0,0.0,1356.65,1,0,0.0,1356.65,1,0,0.0,1356.65,1,0,0.0,0
LGS2ORD0001364,C013947,2025-01-11 19:00:00,Female,36,Bronze,Shopee,Phuket,778,TV_Show,Credit_Card,19,1,5,1,30-40,25.933333333333334,0.0,0.0,0.0,-1,-1,0.0,0.0,0.0,0.0,0.0,0.0,0,0,0.0,0.0,0,0,0.0,0.0,0,0,0.0,0.0,0,0,0.0,0
LGS2ORD0001365,C015191,2025-01-11 19:00:00,Male,47,Silver,Lazada,Bangkok,694,TV_Show,COD,19,1,5,1,40-50,23.133333333333333,0.0,0.0,0.0,-1,-1,0.0,0.0,0.0,0.0,0.0,0.0,0,0,0.0,0.0,0,0,0.0,0.0,0,0,0.0,0.0,0,0,0.0,1
LGS2ORD0001366,C016154,2025-01-11 19:00:00,Other,58,Bronze,Shopee,Songkhla,57,Lazada,PromptPay,19,1,5,1,>50,1.9,1.0,0.0,0.0,-1,10,15544.02,0.08,0.0,0.0,0.0,0.0,0,0,0.0,15544.02,1,0,0.0,15544.02,1,0,0.0,15544.02,1,0,0.0,0
LGS2ORD0001367,C012125,2025-01-11 20:00:00,Female,51,Gold,Shopee,Chiang Mai,456,TV_Show,COD,20,1,5,1,>50,15.2,0.0,0.0,0.0,-1,-1,0.0,0.0,0.0,0.0,0.0,0.0,0,0,0.0,0.0,0,0,0.0,0.0,0,0,0.0,0.0,0,0,0.0,1
LGS2ORD0001368,C017801,2025-01-11 20:00:00,Female,50,Bronze,Shopee,Phuket,359,TV_Show,COD,20,1,5,1,40-50,11.966666666666667,0.0,0.0,0.0,-1,-1,0.0,0.0,0.0,0.0,0.0,0.0,0,0,0.0,0.0,0,0,0.0,0.0,0,0,0.0,0.0,0,0,0.0,0
LGS2ORD0001369,C014753,2025-01-11 20:00:00,Female,48,Gold,Shopee,Bangkok,1076,Web,Credit_Card,20,1,5,1,40-50,35.86666666666667,0.0,0.0,0.0,-1,-1,0.0,0.0,0.0,0.0,0.0,0.0,0,0,0.0,0.0,0,0,0.0,0.0,0,0,0.0,0.0,0,0,0.0,0
LGS2ORD0001370,C011924,2025-01-11 20:00:00,Female,32,Bronze,TV,Chonburi,285,Web,Credit_Card,20,1,5,1,30-40,9.5,0.0,0.0,0.0,-1,-1,0.0,0.0,0.0,0.0,0.0,0.0,0,0,0.0,0.0,0,0,0.0,0.0,0,0,0.0,0.0,0,0,0.0,1
LGS2ORD0001371,C014255,2025-01-11 20:00:00,Male,39,Bronze,Web,Nakhon Ratchasima,577,Lazada,PromptPay,20,1,5,1,30-40,19.233333333333334,0.0,0.0,0.0,-1,-1,0.0,0.0,0.0,0.0,0.0,0.0,0,0,0.0,0.0,0,0,0.0,0.0,0,0,0.0,0.0,0,0,0.0,0
LGS2ORD0001372,C013422,2025-01-11 21:00:00,Female,43,Gold,Shopee,Bangkok,169,TV_Show,COD,21,1,5,1,40-50,5.633333333333334,0.0,0.0,0.0,-1,-1,0.0,0.0,0.0,0.0,0.0,0.0,0,0,0.0,0.0,0,0,0.0,0.0,0,0,0.0,0.0,0,0,0.0,0
LGS2ORD0001373,C012455,2025-01-11 21:00:00,Male,26,Bronze,Web,Bangkok,189,TV_Show,PromptPay,21,1,5,1,20-30,6.3,0.0,0.0,0.0,-1,-1,0.0,0.0,0.0,0.0,0.0,0.0,0,0,0.0,0.0,0,0,0.0,0.0,0,0,0.0,0.0,0,0,0.0,0
LGS2ORD0001374,C013362,2025-01-11 21:00:00,Female,33,Platinum,Web,Chiang Mai,1070,Web,PromptPay,21,1,5,1,30-40,35.666666666666664,0.0,0.0,0.0,-1,-1,0.0,0.0,0.0,0.0,0.0,0.0,0,0,0.0,0.0,0,0,0.0,0.0,0,0,0.0,0.0,0,0,0.0,0
LGS2ORD0001375,C014722,2025-01-11 21:00:00,Female,39,Gold,Web,Remote_Area,1288,Lazada,COD,21,1,5,1,30-40,42.93333333333333,0.0,0.0,0.0,-1,-1,0.0,0.0,0.0,0.0,0.0,0.0,0,0,0.0,0.0,0,0,0.0,0.0,0,0,0.0,0.0,0,0,0.0,0
LGS2ORD0001376,C017009,2025-01-11 21:00:00,Male,20,Gold,Lazada,Chiang Mai,757,Lazada,COD,21,1,5,1,<20,25.233333333333334,0.0,0.0,0.0,-1,-1,0.0,0.0,0.0,0.0,0.0,0.0,0,0,0.0,0.0,0,0,0.0,0.0,0,0,0.0,0.0,0,0,0.0,0
LGS2ORD0001377,C013143,2025-01-11 22:00:00,Male,33,Platinum,Shopee,Khon Kaen,1009,Lazada,COD,22,1,5,1,30-40,33.63333333333333,0.0,0.0,0.0,-1,-1,0.0,0.0,0.0,0.0,0.0,0.0,0,0,0.0,0.0,0,0,0.0,0.0,0,0,0.0,0.0,0,0,0.0,0
LGS2ORD0001378,C012042,2025-01-11 22:00:00,Female,33,Gold,Lazada,Chiang Mai,1428,CallCenter,Credit_Card,22,1,5,1,30-40,47.6,0.0,0.0,0.0,-1,-1,0.0,0.0,0.0,0.0,0.0,0.0,0,0,0.0,0.0,0,0,0.0,0.0,0,0,0.0,0.0,0,0,0.0,0
LGS2ORD0001379,C011886,2025-01-11 22:00:00,Male,56,Bronze,Lazada,Khon Kaen,761,CallCenter,COD,22,1,5,1,>50,25.366666666666667,1.0,0.0,0.0,-1,2,1247.55,0.13,0.0,0.0,0.0,1247.55,1,0,0.0,1247.55,1,0,0.0,1247.55,1,0,0.0,1247.55,1,0,0.0,0
LGS2ORD0001380,C010424,2025-01-11 22:00:00,Male,24,Silver,Web,Khon Kaen,435,Shopee,Bank_Transfer,22,1,5,1,20-30,14.5,0.0,0.0,0.0,-1,-1,0.0,0.0,0.0,0.0,0.0,0.0,0,0,0.0,0.0,0,0,0.0,0.0,0,0,0.0,0.0,0,0,0.0,1
LGS2ORD0001381,C015848,2025-01-11 22:00:00,Female,23,Bronze,Shopee,Chiang Mai,95,Shopee,COD,22,1,5,1,20-30,3.1666666666666665,1.0,0.0,0.0,-1,0,13156.59,0.08,1.0,0.0,0.0,13156.59,1,0,0.0,13156.59,1,0,0.0,13156.59,1,0,0.0,13156.59,1,0,0.0,0
LGS2ORD0001382,C013434,2025-01-11 22:00:00,Female,47,Silver,Lazada,Bangkok,975,Shopee,Credit_Card,22,1,5,1,40-50,32.5,0.0,0.0,0.0,-1,-1,0.0,0.0,0.0,0.0,0.0,0.0,0,0,0.0,0.0,0,0,0.0,0.0,0,0,0.0,0.0,0,0,0.0,0
LGS2ORD0001383,C010359,2025-01-11 23:00:00,Male,54,Bronze,TV,Nakhon Ratchasima,714,Shopee,COD,23,1,5,1,>50,23.8,2.0,0.0,0.0,-1,1,14969.16,0.08,1.0,0.0,0.0,29938.32,2,0,0.0,29938.32,2,0,0.0,29938.32,2,0,0.0,29938.32,2,0,0.0,0
LGS2ORD0001384,C011634,2025-01-11 23:00:00,Female,72,Silver,TV,Phuket,1047,CallCenter,Credit_Card,23,1,5,1,>50,34.9,0.0,0.0,0.0,-1,-1,0.0,0.0,0.0,0.0,0.0,0.0,0,0,0.0,0.0,0,0,0.0,0.0,0,0,0.0,0.0,0,0,0.0,1
LGS2ORD0001385,C012660,2025-01-11 23:00:00,Female,58,Bronze,TV,Songkhla,627,CallCenter,Bank_Transfer,23,1,5,1,>50,20.9,0.0,0.0,0.0,-1,-1,0.0,0.0,0.0,0.0,0.0,0.0,0,0,0.0,0.0,0,0,0.0,0.0,0,0,0.0,0.0,0,0,0.0,0
LGS2ORD0001386,C012560,2025-01-11 23:00:00,Female,37,Silver,Web,Phuket,280,Shopee,COD,23,1,5,1,30-40,9.333333333333334,0.0,0.0,0.0,-1,-1,0.0,0.0,0.0,0.0,0.0,0.0,0,0,0.0,0.0,0,0,0.0,0.0,0,0,0.0,0.0,0,0,0.0,0
LGS2ORD0001387,C014966,2025-01-11 23:00:00,Female,54,Platinum,Shopee,Chiang Mai,695,Web,PromptPay,23,1,5,1,>50,23.166666666666668,0.0,0.0,0.0,-1,-1,0.0,0.0,0.0,0.0,0.0,0.0,0,0,0.0,0.0,0,0,0.0,0.0,0,0,0.0,0.0,0,0,0.0,0
LGS2ORD0001388,C011727,2025-01-12 00:00:00,Female,34,Bronze,Web,Phuket,1425,Shopee,COD,0,1,6,1,30-40,47.5,0.0,0.0,0.0,-1,-1,0.0,0.0,0.0,0.0,0.0,0.0,0,0,0.0,0.0,0,0,0.0,0.0,0,0,0.0,0.0,0,0,0.0,0
LGS2ORD0001389,C016167,2025-01-12 00:00:00,Male,46,Silver,TV,Khon Kaen,38,CallCenter,COD,0,1,6,1,40-50,1.2666666666666666,0.0,0.0,0.0,-1,-1,0.0,0.0,0.0,0.0,0.0,0.0,0,0,0.0,0.0,0,0,0.0,0.0,0,0,0.0,0.0,0,0,0.0,0
LGS2ORD0001390,C017040,2025-01-12 00:00:00,Female,28,Platinum,CallCenter,Bangkok,1064,Shopee,PromptPay,0,1,6,1,20-30,35.46666666666667,1.0,0.0,0.0,-1,3,1630.71,0.15,1.0,0.0,0.0,1630.71,1,0,0.0,1630.71,1,0,0.0,1630.71,1,0,0.0,1630.71,1,0,0.0,1
LGS2ORD0001391,C016462,2025-01-12 00:00:00,Male,34,Silver,Web,Nakhon Ratchasima,617,Shopee,COD,0,1,6,1,30-40,20.566666666666666,1.0,0.0,0.0,-1,1,6681.59,0.05,0.0,0.0,0.0,6681.59,1,0,0.0,6681.59,1,0,0.0,6681.59,1,0,0.0,6681.59,1,0,0.0,0
LGS2ORD0001392,C012521,2025-01-12 00:00:00,Female,40,Bronze,TV,Phuket,264,Lazada,COD,0,1,6,1,30-40,8.8,0.0,0.0,0.0,-1,-1,0.0,0.0,0.0,0.0,0.0,0.0,0,0,0.0,0.0,0,0,0.0,0.0,0,0,0.0,0.0,0,0,0.0,0
LGS2ORD0001393,C012087,2025-01-12 01:00:00,Female,39,Gold,Web,Remote_Area,1378,Web,PromptPay,1,1,6,1,30-40,45.93333333333333,0.0,0.0,0.0,-1,-1,0.0,0.0,0.0,0.0,0.0,0.0,0,0,0.0,0.0,0,0,0.0,0.0,0,0,0.0,0.0,0,0,0.0,0
LGS2ORD0001394,C011555,2025-01-12 01:00:00,Female,31,Silver,Web,Phuket,682,Shopee,COD,1,1,6,1,30-40,22.733333333333334,0.0,0.0,0.0,-1,-1,0.0,0.0,0.0,0.0,0.0,0.0,0,0,0.0,0.0,0,0,0.0,0.0,0,0,0.0,0.0,0,0,0.0,0
LGS2ORD0001395,C011840,2025-01-12 01:00:00,Female,48,Platinum,Lazada,Bangkok,983,TV_Show,Credit_Card,1,1,6,1,40-50,32.766666666666666,0.0,0.0,0.0,-1,-1,0.0,0.0,0.0,0.0,0.0,0.0,0,0,0.0,0.0,0,0,0.0,0.0,0,0,0.0,0.0,0,0,0.0,0
LGS2ORD0001396,C014614,2025-01-12 01:00:00,Female,58,Silver,Shopee,Remote_Area,106,TV_Show,COD,1,1,6,1,>50,3.533333333333333,0.0,0.0,0.0,-1,-1,0.0,0.0,0.0,0.0,0.0,0.0,0,0,0.0,0.0,0,0,0.0,0.0,0,0,0.0,0.0,0,0,0.0,0
LGS2ORD0001397,C017370,2025-01-12 01:00:00,Male,46,Silver,TV,Bangkok,1395,Lazada,Credit_Card,1,1,6,1,40-50,46.5,0.0,0.0,0.0,-1,-1,0.0,0.0,0.0,0.0,0.0,0.0,0,0,0.0,0.0,0,0,0.0,0.0,0,0,0.0,0.0,0,0,0.0,0
LGS2ORD0001398,C015327,2025-01-12 02:00:00,Male,58,Platinum,TV,Phuket,1111,CallCenter,Credit_Card,2,1,6,1,>50,37.03333333333333,0.0,0.0,0.0,-1,-1,0.0,0.0,0.0,0.0,0.0,0.0,0,0,0.0,0.0,0,0,0.0,0.0,0,0,0.0,0.0,0,0,0.0,0
LGS2ORD0001399,C017386,2025-01-12 02:00:00,Male,66,Bronze,Shopee,Remote_Area,533,TV_Show,Credit_Card,2,1,6,1,>50,17.766666666666666,0.0,0.0,0.0,-1,-1,0.0,0.0,0.0,0.0,0.0,0.0,0,0,0.0,0.0,0,0,0.0,0.0,0,0,0.0,0.0,0,0,0.0,0
LGS2ORD0001400,C015518,2025-01-12 02:00:00,Male,57,Silver,Shopee,Bangkok,1079,Shopee,COD,2,1,6,1,>50,35.96666666666667,0.0,0.0,0.0,-1,-1,0.0,0.0,0.0,0.0,0.0,0.0,0,0,0.0,0.0,0,0,0.0,0.0,0,0,0.0,0.0,0,0,0.0,0
LGS2ORD0001401,C013222,2025-01-12 02:00:00,Male,59,Bronze,Web,Chonburi,1217,Lazada,Credit_Card,2,1,6,1,>50,40.56666666666667,0.0,0.0,0.0,-1,-1,0.0,0.0,0.0,0.0,0.0,0.0,0,0,0.0,0.0,0,0,0.0,0.0,0,0,0.0,0.0,0,0,0.0,1
LGS2ORD0001402,C012852,2025-01-12 02:00:00,Female,70,Bronze,CallCenter,Bangkok,1079,TV_Show,Credit_Card,2,1,6,1,>50,35.96666666666667,0.0,0.0,0.0,-1,-1,0.0,0.0,0.0,0.0,0.0,0.0,0,0,0.0,0.0,0,0,0.0,0.0,0,0,0.0,0.0,0,0,0.0,0
LGS2ORD0001403,C010868,2025-01-12 02:00:00,Female,35,Gold,Lazada,Bangkok,364,TV_Show,COD,2,1,6,1,30-40,12.133333333333333,0.0,0.0,0.0,-1,-1,0.0,0.0,0.0,0.0,0.0,0.0,0,0,0.0,0.0,0,0,0.0,0.0,0,0,0.0,0.0,0,0,0.0,0
LGS2ORD0001404,C015324,2025-01-12 03:00:00,Female,42,Gold,Web,Remote_Area,466,TV_Show,Credit_Card,3,1,6,1,40-50,15.533333333333333,0.0,0.0,0.0,-1,-1,0.0,0.0,0.0,0.0,0.0,0.0,0,0,0.0,0.0,0,0,0.0,0.0,0,0,0.0,0.0,0,0,0.0,0
LGS2ORD0001405,C013412,2025-01-12 03:00:00,Male,48,Silver,Web,Songkhla,581,Shopee,COD,3,1,6,1,40-50,19.366666666666667,1.0,0.0,0.0,-1,2,366.8,0.05,0.0,0.0,0.0,366.8,1,0,0.0,366.8,1,0,0.0,366.8,1,0,0.0,366.8,1,0,0.0,1
LGS2ORD0001406,C014160,2025-01-12 03:00:00,Male,31,Bronze,Shopee,Phuket,1033,Web,PromptPay,3,1,6,1,30-40,34.43333333333333,0.0,0.0,0.0,-1,-1,0.0,0.0,0.0,0.0,0.0,0.0,0,0,0.0,0.0,0,0,0.0,0.0,0,0,0.0,0.0,0,0,0.0,0
LGS2ORD0001407,C011145,2025-01-12 03:00:00,Male,68,Gold,Web,Chonburi,289,Web,Bank_Transfer,3,1,6,1,>50,9.633333333333333,0.0,0.0,0.0,-1,-1,0.0,0.0,0.0,0.0,0.0,0.0,0,0,0.0,0.0,0,0,0.0,0.0,0,0,0.0,0.0,0,0,0.0,0
LGS2ORD0001408,C016133,2025-01-12 03:00:00,Female,40,Gold,Lazada,Khon Kaen,376,Shopee,Credit_Card,3,1,6,1,30-40,12.533333333333333,0.0,0.0,0.0,-1,-1,0.0,0.0,0.0,0.0,0.0,0.0,0,0,0.0,0.0,0,0,0.0,0.0,0,0,0.0,0.0,0,0,0.0,0
LGS2ORD0001409,C017414,2025-01-12 04:00:00,Male,35,Bronze,TV,Khon Kaen,1114,TV_Show,COD,4,1,6,1,30-40,37.13333333333333,1.0,0.0,0.0,-1,4,1770.49,0.03,0.0,0.0,0.0,1770.49,1,0,0.0,1770.49,1,0,0.0,1770.49,1,0,0.0,1770.49,1,0,0.0,1
LGS2ORD0001410,C015565,2025-01-12 04:00:00,Male,39,Gold,Web,Nakhon Ratchasima,198,TV_Show,COD,4,1,6,1,30-40,6.6,0.0,0.0,0.0,-1,-1,0.0,0.0,0.0,0.0,0.0,0.0,0,0,0.0,0.0,0,0,0.0,0.0,0,0,0.0,0.0,0,0,0.0,0
LGS2ORD0001411,C016529,2025-01-12 04:00:00,Male,27,Bronze,TV,Songkhla,477,Shopee,Credit_Card,4,1,6,1,20-30,15.9,1.0,1.0,1.0,0,10,1747.65,0.18,1.0,0.0,0.0,0.0,0,0,0.0,1747.65,1,1,1.0,1747.65,1,1,1.0,1747.65,1,1,1.0,0
LGS2ORD0001412,C013695,2025-01-12 04:00:00,Female,49,Gold,Shopee,Remote_Area,27,TV_Show,Bank_Transfer,4,1,6,1,40-50,0.9,0.0,0.0,0.0,-1,-1,0.0,0.0,0.0,0.0,0.0,0.0,0,0,0.0,0.0,0,0,0.0,0.0,0,0,0.0,0.0,0,0,0.0,0
LGS2ORD0001413,C011889,2025-01-12 04:00:00,Female,61,Bronze,Lazada,Remote_Area,967,TV_Show,COD,4,1,6,1,>50,32.233333333333334,0.0,0.0,0.0,-1,-1,0.0,0.0,0.0,0.0,0.0,0.0,0,0,0.0,0.0,0,0,0.0,0.0,0,0,0.0,0.0,0,0,0.0,1
LGS2ORD0001414,C013759,2025-01-12 05:00:00,Female,72,Bronze,Lazada,Nakhon Ratchasima,155,Lazada,COD,5,1,6,1,>50,5.166666666666667,0.0,0.0,0.0,-1,-1,0.0,0.0,0.0,0.0,0.0,0.0,0,0,0.0,0.0,0,0,0.0,0.0,0,0,0.0,0.0,0,0,0.0,0
LGS2ORD0001415,C010304,2025-01-12 05:00:00,Female,67,Bronze,Shopee,Nakhon Ratchasima,908,Lazada,COD,5,1,6,1,>50,30.266666666666666,1.0,0.0,0.0,-1,1,4447.29,0.13,1.0,0.0,0.0,4447.29,1,0,0.0,4447.29,1,0,0.0,4447.29,1,0,0.0,4447.29,1,0,0.0,1
LGS2ORD0001416,C010980,2025-01-12 05:00:00,Male,52,Silver,TV,Bangkok,984,Shopee,Credit_Card,5,1,6,1,>50,32.8,0.0,0.0,0.0,-1,-1,0.0,0.0,0.0,0.0,0.0,0.0,0,0,0.0,0.0,0,0,0.0,0.0,0,0,0.0,0.0,0,0,0.0,0
LGS2ORD0001417,C011679,2025-01-12 05:00:00,Female,47,Gold,TV,Songkhla,248,TV_Show,PromptPay,5,1,6,1,40-50,8.266666666666667,0.0,0.0,0.0,-1,-1,0.0,0.0,0.0,0.0,0.0,0.0,0,0,0.0,0.0,0,0,0.0,0.0,0,0,0.0,0.0,0,0,0.0,0
LGS2ORD0001418,C017361,2025-01-12 05:00:00,Female,43,Bronze,TV,Khon Kaen,1391,Web,Bank_Transfer,5,1,6,1,40-50,46.36666666666667,0.0,0.0,0.0,-1,-1,0.0,0.0,0.0,0.0,0.0,0.0,0,0,0.0,0.0,0,0,0.0,0.0,0,0,0.0,0.0,0,0,0.0,0
LGS2ORD0001419,C016661,2025-01-12 06:00:00,Female,39,Bronze,TV,Phuket,1026,Web,Credit_Card,6,1,6,1,30-40,34.2,0.0,0.0,0.0,-1,-1,0.0,0.0,0.0,0.0,0.0,0.0,0,0,0.0,0.0,0,0,0.0,0.0,0,0,0.0,0.0,0,0,0.0,0
LGS2ORD0001420,C012295,2025-01-12 06:00:00,Other,39,Silver,CallCenter,Nakhon Ratchasima,1442,TV_Show,COD,6,1,6,1,30-40,48.06666666666667,1.0,0.0,0.0,-1,8,373.67,0.3,0.0,1.0,0.0,0.0,0,0,0.0,373.67,1,0,0.0,373.67,1,0,0.0,373.67,1,0,0.0,0
LGS2ORD0001421,C015750,2025-01-12 06:00:00,Female,46,Gold,Lazada,Bangkok,688,Shopee,Bank_Transfer,6,1,6,1,40-50,22.933333333333334,0.0,0.0,0.0,-1,-1,0.0,0.0,0.0,0.0,0.0,0.0,0,0,0.0,0.0,0,0,0.0,0.0,0,0,0.0,0.0,0,0,0.0,1
LGS2ORD0001422,C010247,2025-01-12 06:00:00,Male,67,Bronze,TV,Remote_Area,1044,Shopee,COD,6,1,6,1,>50,34.8,1.0,0.0,0.0,-1,6,2418.29,0.23,0.0,1.0,0.0,2418.29,1,0,0.0,2418.29,1,0,0.0,2418.29,1,0,0.0,2418.29,1,0,0.0,0
LGS2ORD0001423,C016556,2025-01-12 06:00:00,Female,47,Silver,TV,Remote_Area,490,TV_Show,COD,6,1,6,1,40-50,16.333333333333332,0.0,0.0,0.0,-1,-1,0.0,0.0,0.0,0.0,0.0,0.0,0,0,0.0,0.0,0,0,0.0,0.0,0,0,0.0,0.0,0,0,0.0,0
LGS2ORD0001424,C016942,2025-01-12 06:00:00,Male,53,Bronze,TV,Nakhon Ratchasima,1293,Shopee,COD,6,1,6,1,>50,43.1,1.0,0.0,0.0,-1,3,11484.91,0.18,0.0,0.0,0.0,11484.91,1,0,0.0,11484.91,1,0,0.0,11484.91,1,0,0.0,11484.91,1,0,0.0,0
LGS2ORD0001425,C011353,2025-01-12 07:00:00,Male,27,Bronze,TV,Remote_Area,198,CallCenter,COD,7,1,6,1,20-30,6.6,0.0,0.0,0.0,-1,-1,0.0,0.0,0.0,0.0,0.0,0.0,0,0,0.0,0.0,0,0,0.0,0.0,0,0,0.0,0.0,0,0,0.0,0
LGS2ORD0001426,C014271,2025-01-12 07:00:00,Female,38,Bronze,Shopee,Chonburi,529,Lazada,COD,7,1,6,1,30-40,17.633333333333333,0.0,0.0,0.0,-1,-1,0.0,0.0,0.0,0.0,0.0,0.0,0,0,0.0,0.0,0,0,0.0,0.0,0,0,0.0,0.0,0,0,0.0,0
LGS2ORD0001427,C017547,2025-01-12 07:00:00,Female,50,Gold,Lazada,Remote_Area,954,Shopee,Credit_Card,7,1,6,1,40-50,31.8,0.0,0.0,0.0,-1,-1,0.0,0.0,0.0,0.0,0.0,0.0,0,0,0.0,0.0,0,0,0.0,0.0,0,0,0.0,0.0,0,0,0.0,1
LGS2ORD0001428,C012985,2025-01-12 07:00:00,Female,53,Platinum,Shopee,Remote_Area,148,Shopee,COD,7,1,6,1,>50,4.933333333333334,0.0,0.0,0.0,-1,-1,0.0,0.0,0.0,0.0,0.0,0.0,0,0,0.0,0.0,0,0,0.0,0.0,0,0,0.0,0.0,0,0,0.0,0
LGS2ORD0001429,C013193,2025-01-12 07:00:00,Male,58,Bronze,Shopee,Phuket,310,Shopee,COD,7,1,6,1,>50,10.333333333333334,0.0,0.0,0.0,-1,-1,0.0,0.0,0.0,0.0,0.0,0.0,0,0,0.0,0.0,0,0,0.0,0.0,0,0,0.0,0.0,0,0,0.0,0
LGS2ORD0001430,C014897,2025-01-12 08:00:00,Male,20,Bronze,TV,Bangkok,1173,Shopee,COD,8,1,6,1,<20,39.1,0.0,0.0,0.0,-1,-1,0.0,0.0,0.0,0.0,0.0,0.0,0,0,0.0,0.0,0,0,0.0,0.0,0,0,0.0,0.0,0,0,0.0,0
LGS2ORD0001431,C014051,2025-01-12 08:00:00,Female,19,Gold,Shopee,Chonburi,801,CallCenter,Credit_Card,8,1,6,1,<20,26.7,0.0,0.0,0.0,-1,-1,0.0,0.0,0.0,0.0,0.0,0.0,0,0,0.0,0.0,0,0,0.0,0.0,0,0,0.0,0.0,0,0,0.0,0
LGS2ORD0001432,C015365,2025-01-12 08:00:00,Female,18,Bronze,Web,Chonburi,641,Web,COD,8,1,6,1,<20,21.366666666666667,0.0,0.0,0.0,-1,-1,0.0,0.0,0.0,0.0,0.0,0.0,0,0,0.0,0.0,0,0,0.0,0.0,0,0,0.0,0.0,0,0,0.0,1
LGS2ORD0001433,C013405,2025-01-12 08:00:00,Male,27,Silver,Lazada,Nakhon Ratchasima,884,TV_Show,COD,8,1,6,1,20-30,29.466666666666665,0.0,0.0,0.0,-1,-1,0.0,0.0,0.0,0.0,0.0,0.0,0,0,0.0,0.0,0,0,0.0,0.0,0,0,0.0,0.0,0,0,0.0,0
LGS2ORD0001434,C016053,2025-01-12 08:00:00,Male,29,Gold,Shopee,Chonburi,495,TV_Show,Credit_Card,8,1,6,1,20-30,16.5,3.0,0.0,0.0,-1,2,3103.6366666666668,0.28,1.0,0.6666666666666666,0.0,9310.91,3,0,0.0,9310.91,3,0,0.0,9310.91,3,0,0.0,9310.91,3,0,0.0,1
LGS2ORD0001435,C014447,2025-01-12 09:00:00,Male,35,Bronze,CallCenter,Bangkok,1411,Shopee,COD,9,1,6,1,30-40,47.03333333333333,0.0,0.0,0.0,-1,-1,0.0,0.0,0.0,0.0,0.0,0.0,0,0,0.0,0.0,0,0,0.0,0.0,0,0,0.0,0.0,0,0,0.0,0
LGS2ORD0001436,C011026,2025-01-12 09:00:00,Male,31,Bronze,Web,Bangkok,914,CallCenter,COD,9,1,6,1,30-40,30.466666666666665,1.0,0.0,0.0,-1,8,7689.24,0.03,0.0,0.0,0.0,0.0,0,0,0.0,7689.24,1,0,0.0,7689.24,1,0,0.0,7689.24,1,0,0.0,0
LGS2ORD0001437,C010172,2025-01-12 09:00:00,Female,42,Bronze,Shopee,Khon Kaen,403,Web,COD,9,1,6,1,40-50,13.433333333333334,0.0,0.0,0.0,-1,-1,0.0,0.0,0.0,0.0,0.0,0.0,0,0,0.0,0.0,0,0,0.0,0.0,0,0,0.0,0.0,0,0,0.0,0
LGS2ORD0001438,C015683,2025-01-12 09:00:00,Male,26,Platinum,TV,Bangkok,566,TV_Show,Credit_Card,9,1,6,1,20-30,18.866666666666667,0.0,0.0,0.0,-1,-1,0.0,0.0,0.0,0.0,0.0,0.0,0,0,0.0,0.0,0,0,0.0,0.0,0,0,0.0,0.0,0,0,0.0,0
LGS2ORD0001439,C013606,2025-01-12 09:00:00,Other,27,Bronze,CallCenter,Chonburi,36,Shopee,PromptPay,9,1,6,1,20-30,1.2,0.0,0.0,0.0,-1,-1,0.0,0.0,0.0,0.0,0.0,0.0,0,0,0.0,0.0,0,0,0.0,0.0,0,0,0.0,0.0,0,0,0.0,0
LGS2ORD0001440,C017378,2025-01-12 10:00:00,Male,36,Bronze,CallCenter,Chonburi,674,TV_Show,Bank_Transfer,10,1,6,1,30-40,22.466666666666665,0.0,0.0,0.0,-1,-1,0.0,0.0,0.0,0.0,0.0,0.0,0,0,0.0,0.0,0,0,0.0,0.0,0,0,0.0,0.0,0,0,0.0,0
LGS2ORD0001441,C015135,2025-01-12 10:00:00,Female,40,Gold,Shopee,Khon Kaen,1231,Web,COD,10,1,6,1,30-40,41.03333333333333,1.0,0.0,0.0,-1,9,7174.18,0.13,0.0,0.0,0.0,0.0,0,0,0.0,7174.18,1,0,0.0,7174.18,1,0,0.0,7174.18,1,0,0.0,0
LGS2ORD0001442,C011764,2025-01-12 10:00:00,Female,66,Bronze,TV,Remote_Area,1422,CallCenter,COD,10,1,6,1,>50,47.4,0.0,0.0,0.0,-1,-1,0.0,0.0,0.0,0.0,0.0,0.0,0,0,0.0,0.0,0,0,0.0,0.0,0,0,0.0,0.0,0,0,0.0,0
LGS2ORD0001443,C017735,2025-01-12 10:00:00,Female,39,Gold,TV,Bangkok,451,TV_Show,Bank_Transfer,10,1,6,1,30-40,15.033333333333333,0.0,0.0,0.0,-1,-1,0.0,0.0,0.0,0.0,0.0,0.0,0,0,0.0,0.0,0,0,0.0,0.0,0,0,0.0,0.0,0,0,0.0,0
LGS2ORD0001444,C010571,2025-01-12 10:00:00,Female,38,Bronze,Web,Chonburi,28,Lazada,COD,10,1,6,1,30-40,0.9333333333333333,0.0,0.0,0.0,-1,-1,0.0,0.0,0.0,0.0,0.0,0.0,0,0,0.0,0.0,0,0,0.0,0.0,0,0,0.0,0.0,0,0,0.0,0
LGS2ORD0001445,C015479,2025-01-12 10:00:00,Female,47,Gold,Web,Nakhon Ratchasima,559,TV_Show,COD,10,1,6,1,40-50,18.633333333333333,0.0,0.0,0.0,-1,-1,0.0,0.0,0.0,0.0,0.0,0.0,0,0,0.0,0.0,0,0,0.0,0.0,0,0,0.0,0.0,0,0,0.0,0
LGS2ORD0001446,C016451,2025-01-12 11:00:00,Male,34,Bronze,Web,Chonburi,1452,TV_Show,COD,11,1,6,1,30-40,48.4,0.0,0.0,0.0,-1,-1,0.0,0.0,0.0,0.0,0.0,0.0,0,0,0.0,0.0,0,0,0.0,0.0,0,0,0.0,0.0,0,0,0.0,0
LGS2ORD0001447,C016947,2025-01-12 11:00:00,Female,39,Bronze,CallCenter,Bangkok,983,CallCenter,COD,11,1,6,1,30-40,32.766666666666666,0.0,0.0,0.0,-1,-1,0.0,0.0,0.0,0.0,0.0,0.0,0,0,0.0,0.0,0,0,0.0,0.0,0,0,0.0,0.0,0,0,0.0,0
LGS2ORD0001448,C011808,2025-01-12 11:00:00,Female,28,Platinum,Web,Chonburi,770,TV_Show,COD,11,1,6,1,20-30,25.666666666666668,0.0,0.0,0.0,-1,-1,0.0,0.0,0.0,0.0,0.0,0.0,0,0,0.0,0.0,0,0,0.0,0.0,0,0,0.0,0.0,0,0,0.0,0
LGS2ORD0001449,C013160,2025-01-12 11:00:00,Male,37,Silver,TV,Songkhla,572,Web,PromptPay,11,1,6,1,30-40,19.066666666666666,0.0,0.0,0.0,-1,-1,0.0,0.0,0.0,0.0,0.0,0.0,0,0,0.0,0.0,0,0,0.0,0.0,0,0,0.0,0.0,0,0,0.0,0
LGS2ORD0001450,C012758,2025-01-12 11:00:00,Female,47,Silver,CallCenter,Bangkok,1213,TV_Show,COD,11,1,6,1,40-50,40.43333333333333,0.0,0.0,0.0,-1,-1,0.0,0.0,0.0,0.0,0.0,0.0,0,0,0.0,0.0,0,0,0.0,0.0,0,0,0.0,0.0,0,0,0.0,0
LGS2ORD0001451,C012997,2025-01-12 12:00:00,Female,40,Gold,Web,Chonburi,894,Shopee,Bank_Transfer,12,1,6,1,30-40,29.8,0.0,0.0,0.0,-1,-1,0.0,0.0,0.0,0.0,0.0,0.0,0,0,0.0,0.0,0,0,0.0,0.0,0,0,0.0,0.0,0,0,0.0,0
LGS2ORD0001452,C011653,2025-01-12 12:00:00,Female,49,Gold,Lazada,Bangkok,43,Shopee,PromptPay,12,1,6,1,40-50,1.4333333333333333,0.0,0.0,0.0,-1,-1,0.0,0.0,0.0,0.0,0.0,0.0,0,0,0.0,0.0,0,0,0.0,0.0,0,0,0.0,0.0,0,0,0.0,0
LGS2ORD0001453,C017781,2025-01-12 12:00:00,Male,38,Platinum,Web,Khon Kaen,638,TV_Show,COD,12,1,6,1,30-40,21.266666666666666,1.0,0.0,0.0,-1,9,648.01,0.1,0.0,0.0,0.0,0.0,0,0,0.0,648.01,1,0,0.0,648.01,1,0,0.0,648.01,1,0,0.0,0
LGS2ORD0001454,C011435,2025-01-12 12:00:00,Female,48,Silver,Web,Bangkok,902,Shopee,COD,12,1,6,1,40-50,30.066666666666666,0.0,0.0,0.0,-1,-1,0.0,0.0,0.0,0.0,0.0,0.0,0,0,0.0,0.0,0,0,0.0,0.0,0,0,0.0,0.0,0,0,0.0,0
LGS2ORD0001455,C016183,2025-01-12 12:00:00,Male,38,Silver,Web,Chiang Mai,1347,Shopee,Credit_Card,12,1,6,1,30-40,44.9,0.0,0.0,0.0,-1,-1,0.0,0.0,0.0,0.0,0.0,0.0,0,0,0.0,0.0,0,0,0.0,0.0,0,0,0.0,0.0,0,0,0.0,0
LGS2ORD0001456,C015863,2025-01-12 13:00:00,Male,47,Bronze,TV,Khon Kaen,91,Lazada,COD,13,1,6,1,40-50,3.033333333333333,0.0,0.0,0.0,-1,-1,0.0,0.0,0.0,0.0,0.0,0.0,0,0,0.0,0.0,0,0,0.0,0.0,0,0,0.0,0.0,0,0,0.0,1
LGS2ORD0001457,C013670,2025-01-12 13:00:00,Female,29,Silver,CallCenter,Chiang Mai,635,Shopee,COD,13,1,6,1,20-30,21.166666666666668,0.0,0.0,0.0,-1,-1,0.0,0.0,0.0,0.0,0.0,0.0,0,0,0.0,0.0,0,0,0.0,0.0,0,0,0.0,0.0,0,0,0.0,0
LGS2ORD0001458,C013248,2025-01-12 13:00:00,Female,54,Gold,Web,Songkhla,1148,Web,Credit_Card,13,1,6,1,>50,38.266666666666666,1.0,1.0,1.0,0,9,2033.95,0.08,1.0,0.0,0.0,0.0,0,0,0.0,2033.95,1,1,1.0,2033.95,1,1,1.0,2033.95,1,1,1.0,0
LGS2ORD0001459,C017452,2025-01-12 13:00:00,Male,41,Bronze,Web,Chonburi,226,TV_Show,Credit_Card,13,1,6,1,40-50,7.533333333333333,0.0,0.0,0.0,-1,-1,0.0,0.0,0.0,0.0,0.0,0.0,0,0,0.0,0.0,0,0,0.0,0.0,0,0,0.0,0.0,0,0,0.0,1
LGS2ORD0001460,C012284,2025-01-12 13:00:00,Female,35,Platinum,Web,Chonburi,400,Shopee,Credit_Card,13,1,6,1,30-40,13.333333333333334,0.0,0.0,0.0,-1,-1,0.0,0.0,0.0,0.0,0.0,0.0,0,0,0.0,0.0,0,0,0.0,0.0,0,0,0.0,0.0,0,0,0.0,0
LGS2ORD0001461,C015956,2025-01-12 13:00:00,Female,45,Bronze,Shopee,Bangkok,825,CallCenter,COD,13,1,6,1,40-50,27.5,2.0,1.0,0.5,0,7,5620.875,0.18,0.0,0.0,0.0,0.0,0,0,0.0,11241.75,2,1,0.5,11241.75,2,1,0.5,11241.75,2,1,0.5,1
LGS2ORD0001462,C012922,2025-01-12 14:00:00,Female,70,Bronze,TV,Bangkok,358,CallCenter,PromptPay,14,1,6,1,>50,11.933333333333334,0.0,0.0,0.0,-1,-1,0.0,0.0,0.0,0.0,0.0,0.0,0,0,0.0,0.0,0,0,0.0,0.0,0,0,0.0,0.0,0,0,0.0,0
LGS2ORD0001463,C010858,2025-01-12 14:00:00,Female,61,Platinum,Shopee,Chiang Mai,1441,Web,COD,14,1,6,1,>50,48.03333333333333,0.0,0.0,0.0,-1,-1,0.0,0.0,0.0,0.0,0.0,0.0,0,0,0.0,0.0,0,0,0.0,0.0,0,0,0.0,0.0,0,0,0.0,0
LGS2ORD0001464,C013975,2025-01-12 14:00:00,Male,22,Silver,Lazada,Chonburi,54,TV_Show,COD,14,1,6,1,20-30,1.8,0.0,0.0,0.0,-1,-1,0.0,0.0,0.0,0.0,0.0,0.0,0,0,0.0,0.0,0,0,0.0,0.0,0,0,0.0,0.0,0,0,0.0,1
LGS2ORD0001465,C014775,2025-01-12 14:00:00,Male,62,Silver,TV,Phuket,1174,Web,PromptPay,14,1,6,1,>50,39.13333333333333,0.0,0.0,0.0,-1,-1,0.0,0.0,0.0,0.0,0.0,0.0,0,0,0.0,0.0,0,0,0.0,0.0,0,0,0.0,0.0,0,0,0.0,0
LGS2ORD0001466,C013249,2025-01-12 14:00:00,Female,63,Bronze,Web,Bangkok,410,Shopee,COD,14,1,6,1,>50,13.666666666666666,0.0,0.0,0.0,-1,-1,0.0,0.0,0.0,0.0,0.0,0.0,0,0,0.0,0.0,0,0,0.0,0.0,0,0,0.0,0.0,0,0,0.0,0
LGS2ORD0001467,C011395,2025-01-12 15:00:00,Female,56,Silver,Lazada,Bangkok,299,TV_Show,COD,15,1,6,1,>50,9.966666666666667,0.0,0.0,0.0,-1,-1,0.0,0.0,0.0,0.0,0.0,0.0,0,0,0.0,0.0,0,0,0.0,0.0,0,0,0.0,0.0,0,0,0.0,0
LGS2ORD0001468,C010021,2025-01-12 15:00:00,Male,29,Bronze,Shopee,Remote_Area,1054,Shopee,Bank_Transfer,15,1,6,1,20-30,35.13333333333333,0.0,0.0,0.0,-1,-1,0.0,0.0,0.0,0.0,0.0,0.0,0,0,0.0,0.0,0,0,0.0,0.0,0,0,0.0,0.0,0,0,0.0,0
LGS2ORD0001469,C016352,2025-01-12 15:00:00,Male,50,Bronze,Web,Bangkok,1459,Lazada,Credit_Card,15,1,6,1,40-50,48.63333333333333,0.0,0.0,0.0,-1,-1,0.0,0.0,0.0,0.0,0.0,0.0,0,0,0.0,0.0,0,0,0.0,0.0,0,0,0.0,0.0,0,0,0.0,0
LGS2ORD0001470,C016956,2025-01-12 15:00:00,Male,30,Bronze,TV,Chonburi,1113,TV_Show,COD,15,1,6,1,20-30,37.1,1.0,1.0,1.0,-2,3,6561.74,0.28,0.0,1.0,0.0,6561.74,1,1,1.0,6561.74,1,1,1.0,6561.74,1,1,1.0,6561.74,1,1,1.0,0
LGS2ORD0001471,C012507,2025-01-12 15:00:00,Female,43,Gold,Shopee,Bangkok,348,Lazada,COD,15,1,6,1,40-50,11.6,0.0,0.0,0.0,-1,-1,0.0,0.0,0.0,0.0,0.0,0.0,0,0,0.0,0.0,0,0,0.0,0.0,0,0,0.0,0.0,0,0,0.0,1
LGS2ORD0001472,C015844,2025-01-12 16:00:00,Male,35,Bronze,TV,Bangkok,376,Lazada,COD,16,1,6,1,30-40,12.533333333333333,0.0,0.0,0.0,-1,-1,0.0,0.0,0.0,0.0,0.0,0.0,0,0,0.0,0.0,0,0,0.0,0.0,0,0,0.0,0.0,0,0,0.0,1
LGS2ORD0001473,C014693,2025-01-12 16:00:00,Female,43,Gold,Lazada,Bangkok,1305,Web,Credit_Card,16,1,6,1,40-50,43.5,0.0,0.0,0.0,-1,-1,0.0,0.0,0.0,0.0,0.0,0.0,0,0,0.0,0.0,0,0,0.0,0.0,0,0,0.0,0.0,0,0,0.0,0
LGS2ORD0001474,C014398,2025-01-12 16:00:00,Female,65,Gold,Web,Khon Kaen,730,TV_Show,COD,16,1,6,1,>50,24.333333333333332,0.0,0.0,0.0,-1,-1,0.0,0.0,0.0,0.0,0.0,0.0,0,0,0.0,0.0,0,0,0.0,0.0,0,0,0.0,0.0,0,0,0.0,1
LGS2ORD0001475,C017440,2025-01-12 16:00:00,Male,40,Bronze,Web,Bangkok,265,Lazada,Credit_Card,16,1,6,1,30-40,8.833333333333334,0.0,0.0,0.0,-1,-1,0.0,0.0,0.0,0.0,0.0,0.0,0,0,0.0,0.0,0,0,0.0,0.0,0,0,0.0,0.0,0,0,0.0,0
LGS2ORD0001476,C012903,2025-01-12 16:00:00,Male,44,Silver,Shopee,Chonburi,436,Web,COD,16,1,6,1,40-50,14.533333333333333,1.0,0.0,0.0,-1,4,4809.33,0.05,0.0,0.0,0.0,4809.33,1,0,0.0,4809.33,1,0,0.0,4809.33,1,0,0.0,4809.33,1,0,0.0,1
LGS2ORD0001477,C017081,2025-01-12 17:00:00,Female,18,Silver,Lazada,Bangkok,1290,Shopee,Credit_Card,17,1,6,1,<20,43.0,0.0,0.0,0.0,-1,-1,0.0,0.0,0.0,0.0,0.0,0.0,0,0,0.0,0.0,0,0,0.0,0.0,0,0,0.0,0.0,0,0,0.0,0
LGS2ORD0001478,C013079,2025-01-12 17:00:00,Male,35,Platinum,Shopee,Chiang Mai,358,Shopee,Bank_Transfer,17,1,6,1,30-40,11.933333333333334,0.0,0.0,0.0,-1,-1,0.0,0.0,0.0,0.0,0.0,0.0,0,0,0.0,0.0,0,0,0.0,0.0,0,0,0.0,0.0,0,0,0.0,0
LGS2ORD0001479,C013064,2025-01-12 17:00:00,Male,32,Platinum,Web,Khon Kaen,347,Web,Bank_Transfer,17,1,6,1,30-40,11.566666666666666,1.0,0.0,0.0,-1,10,3142.77,0.3,1.0,1.0,0.0,0.0,0,0,0.0,3142.77,1,0,0.0,3142.77,1,0,0.0,3142.77,1,0,0.0,0
LGS2ORD0001480,C014156,2025-01-12 17:00:00,Male,42,Bronze,Web,Chonburi,1140,TV_Show,COD,17,1,6,1,40-50,38.0,0.0,0.0,0.0,-1,-1,0.0,0.0,0.0,0.0,0.0,0.0,0,0,0.0,0.0,0,0,0.0,0.0,0,0,0.0,0.0,0,0,0.0,0
LGS2ORD0001481,C012319,2025-01-12 17:00:00,Male,40,Bronze,TV,Remote_Area,199,Lazada,COD,17,1,6,1,30-40,6.633333333333334,0.0,0.0,0.0,-1,-1,0.0,0.0,0.0,0.0,0.0,0.0,0,0,0.0,0.0,0,0,0.0,0.0,0,0,0.0,0.0,0,0,0.0,0
LGS2ORD0001482,C011434,2025-01-12 17:00:00,Male,53,Bronze,TV,Bangkok,43,Lazada,COD,17,1,6,1,>50,1.4333333333333333,1.0,0.0,0.0,-1,8,3105.27,0.03,1.0,0.0,0.0,0.0,0,0,0.0,3105.27,1,0,0.0,3105.27,1,0,0.0,3105.27,1,0,0.0,0
LGS2ORD0001483,C016094,2025-01-12 18:00:00,Female,32,Gold,CallCenter,Phuket,60,Lazada,COD,18,1,6,1,30-40,2.0,0.0,0.0,0.0,-1,-1,0.0,0.0,0.0,0.0,0.0,0.0,0,0,0.0,0.0,0,0,0.0,0.0,0,0,0.0,0.0,0,0,0.0,0
LGS2ORD0001484,C011546,2025-01-12 18:00:00,Female,43,Bronze,Lazada,Nakhon Ratchasima,652,Shopee,COD,18,1,6,1,40-50,21.733333333333334,0.0,0.0,0.0,-1,-1,0.0,0.0,0.0,0.0,0.0,0.0,0,0,0.0,0.0,0,0,0.0,0.0,0,0,0.0,0.0,0,0,0.0,0
LGS2ORD0001485,C014230,2025-01-12 18:00:00,Male,35,Platinum,Lazada,Khon Kaen,481,Lazada,Bank_Transfer,18,1,6,1,30-40,16.033333333333335,1.0,1.0,1.0,-4,2,4544.64,0.15,1.0,0.0,0.0,4544.64,1,1,1.0,4544.64,1,1,1.0,4544.64,1,1,1.0,4544.64,1,1,1.0,0
LGS2ORD0001486,C010507,2025-01-12 18:00:00,Female,48,Gold,Web,Chonburi,1191,Shopee,COD,18,1,6,1,40-50,39.7,0.0,0.0,0.0,-1,-1,0.0,0.0,0.0,0.0,0.0,0.0,0,0,0.0,0.0,0,0,0.0,0.0,0,0,0.0,0.0,0,0,0.0,1
LGS2ORD0001487,C011057,2025-01-12 18:00:00,Female,51,Bronze,Shopee,Nakhon Ratchasima,421,TV_Show,Bank_Transfer,18,1,6,1,>50,14.033333333333333,0.0,0.0,0.0,-1,-1,0.0,0.0,0.0,0.0,0.0,0.0,0,0,0.0,0.0,0,0,0.0,0.0,0,0,0.0,0.0,0,0,0.0,0
LGS2ORD0001488,C010202,2025-01-12 19:00:00,Male,28,Bronze,Shopee,Chiang Mai,456,Lazada,Credit_Card,19,1,6,1,20-30,15.2,0.0,0.0,0.0,-1,-1,0.0,0.0,0.0,0.0,0.0,0.0,0,0,0.0,0.0,0,0,0.0,0.0,0,0,0.0,0.0,0,0,0.0,0
LGS2ORD0001489,C016358,2025-01-12 19:00:00,Male,48,Bronze,TV,Khon Kaen,147,Shopee,PromptPay,19,1,6,1,40-50,4.9,0.0,0.0,0.0,-1,-1,0.0,0.0,0.0,0.0,0.0,0.0,0,0,0.0,0.0,0,0,0.0,0.0,0,0,0.0,0.0,0,0,0.0,1
LGS2ORD0001490,C017770,2025-01-12 19:00:00,Female,46,Bronze,Web,Chiang Mai,1365,Web,COD,19,1,6,1,40-50,45.5,0.0,0.0,0.0,-1,-1,0.0,0.0,0.0,0.0,0.0,0.0,0,0,0.0,0.0,0,0,0.0,0.0,0,0,0.0,0.0,0,0,0.0,1
LGS2ORD0001491,C013012,2025-01-12 19:00:00,Female,35,Silver,Web,Khon Kaen,1228,CallCenter,COD,19,1,6,1,30-40,40.93333333333333,0.0,0.0,0.0,-1,-1,0.0,0.0,0.0,0.0,0.0,0.0,0,0,0.0,0.0,0,0,0.0,0.0,0,0,0.0,0.0,0,0,0.0,0
LGS2ORD0001492,C013593,2025-01-12 19:00:00,Male,71,Bronze,CallCenter,Phuket,1093,Shopee,Bank_Transfer,19,1,6,1,>50,36.43333333333333,0.0,0.0,0.0,-1,-1,0.0,0.0,0.0,0.0,0.0,0.0,0,0,0.0,0.0,0,0,0.0,0.0,0,0,0.0,0.0,0,0,0.0,0
LGS2ORD0001493,C012308,2025-01-12 20:00:00,Male,22,Bronze,TV,Songkhla,969,TV_Show,COD,20,1,6,1,20-30,32.3,1.0,0.0,0.0,-1,10,474.42,0.23,1.0,1.0,0.0,0.0,0,0,0.0,474.42,1,0,0.0,474.42,1,0,0.0,474.42,1,0,0.0,1
LGS2ORD0001494,C016280,2025-01-12 20:00:00,Female,46,Bronze,Shopee,Songkhla,160,Lazada,Credit_Card,20,1,6,1,40-50,5.333333333333333,0.0,0.0,0.0,-1,-1,0.0,0.0,0.0,0.0,0.0,0.0,0,0,0.0,0.0,0,0,0.0,0.0,0,0,0.0,0.0,0,0,0.0,0
LGS2ORD0001495,C016281,2025-01-12 20:00:00,Female,45,Platinum,Web,Chonburi,1128,TV_Show,COD,20,1,6,1,40-50,37.6,0.0,0.0,0.0,-1,-1,0.0,0.0,0.0,0.0,0.0,0.0,0,0,0.0,0.0,0,0,0.0,0.0,0,0,0.0,0.0,0,0,0.0,0
LGS2ORD0001496,C017632,2025-01-12 20:00:00,Male,40,Bronze,TV,Bangkok,1413,Web,PromptPay,20,1,6,1,30-40,47.1,0.0,0.0,0.0,-1,-1,0.0,0.0,0.0,0.0,0.0,0.0,0,0,0.0,0.0,0,0,0.0,0.0,0,0,0.0,0.0,0,0,0.0,0
LGS2ORD0001497,C014534,2025-01-12 20:00:00,Male,58,Bronze,TV,Phuket,501,TV_Show,Credit_Card,20,1,6,1,>50,16.7,0.0,0.0,0.0,-1,-1,0.0,0.0,0.0,0.0,0.0,0.0,0,0,0.0,0.0,0,0,0.0,0.0,0,0,0.0,0.0,0,0,0.0,1
LGS2ORD0001498,C015857,2025-01-12 21:00:00,Male,63,Silver,Web,Nakhon Ratchasima,482,Web,Credit_Card,21,1,6,1,>50,16.066666666666666,1.0,0.0,0.0,-1,4,16091.18,0.3,0.0,1.0,0.0,16091.18,1,0,0.0,16091.18,1,0,0.0,16091.18,1,0,0.0,16091.18,1,0,0.0,0
LGS2ORD0001499,C011732,2025-01-12 21:00:00,Male,39,Bronze,Web,Chiang Mai,805,Web,COD,21,1,6,1,30-40,26.833333333333332,0.0,0.0,0.0,-1,-1,0.0,0.0,0.0,0.0,0.0,0.0,0,0,0.0,0.0,0,0,0.0,0.0,0,0,0.0,0.0,0,0,0.0,1
LGS2ORD0001500,C015205,2025-01-12 21:00:00,Female,58,Bronze,Shopee,Bangkok,143,TV_Show,COD,21,1,6,1,>50,4.766666666666667,3.0,0.0,0.0,-1,8,1602.3700000000001,0.13,0.3333333333333333,0.0,0.0,0.0,0,0,0.0,4807.110000000001,3,0,0.0,4807.110000000001,3,0,0.0,4807.110000000001,3,0,0.0,0
LGS2ORD0001501,C012245,2025-01-12 21:00:00,Female,22,Bronze,Web,Bangkok,1263,TV_Show,PromptPay,21,1,6,1,20-30,42.1,0.0,0.0,0.0,-1,-1,0.0,0.0,0.0,0.0,0.0,0.0,0,0,0.0,0.0,0,0,0.0,0.0,0,0,0.0,0.0,0,0,0.0,0
LGS2ORD0001502,C017057,2025-01-12 21:00:00,Female,29,Gold,Web,Chonburi,740,Web,PromptPay,21,1,6,1,20-30,24.666666666666668,0.0,0.0,0.0,-1,-1,0.0,0.0,0.0,0.0,0.0,0.0,0,0,0.0,0.0,0,0,0.0,0.0,0,0,0.0,0.0,0,0,0.0,0
LGS2ORD0001503,C017418,2025-01-12 21:00:00,Male,49,Silver,Web,Songkhla,682,TV_Show,COD,21,1,6,1,40-50,22.733333333333334,0.0,0.0,0.0,-1,-1,0.0,0.0,0.0,0.0,0.0,0.0,0,0,0.0,0.0,0,0,0.0,0.0,0,0,0.0,0.0,0,0,0.0,1
LGS2ORD0001504,C017941,2025-01-12 22:00:00,Female,50,Platinum,Web,Bangkok,564,Shopee,PromptPay,22,1,6,1,40-50,18.8,0.0,0.0,0.0,-1,-1,0.0,0.0,0.0,0.0,0.0,0.0,0,0,0.0,0.0,0,0,0.0,0.0,0,0,0.0,0.0,0,0,0.0,0
LGS2ORD0001505,C011305,2025-01-12 22:00:00,Female,40,Silver,Web,Bangkok,27,CallCenter,Bank_Transfer,22,1,6,1,30-40,0.9,0.0,0.0,0.0,-1,-1,0.0,0.0,0.0,0.0,0.0,0.0,0,0,0.0,0.0,0,0,0.0,0.0,0,0,0.0,0.0,0,0,0.0,0
LGS2ORD0001506,C010201,2025-01-12 22:00:00,Male,31,Bronze,Lazada,Nakhon Ratchasima,481,Lazada,Credit_Card,22,1,6,1,30-40,16.033333333333335,0.0,0.0,0.0,-1,-1,0.0,0.0,0.0,0.0,0.0,0.0,0,0,0.0,0.0,0,0,0.0,0.0,0,0,0.0,0.0,0,0,0.0,1
LGS2ORD0001507,C014179,2025-01-12 22:00:00,Male,18,Silver,Lazada,Songkhla,322,Lazada,PromptPay,22,1,6,1,<20,10.733333333333333,1.0,0.0,0.0,-1,2,4716.26,0.1,0.0,0.0,0.0,4716.26,1,0,0.0,4716.26,1,0,0.0,4716.26,1,0,0.0,4716.26,1,0,0.0,0
LGS2ORD0001508,C015031,2025-01-12 22:00:00,Female,39,Bronze,Shopee,Chonburi,895,TV_Show,COD,22,1,6,1,30-40,29.833333333333332,0.0,0.0,0.0,-1,-1,0.0,0.0,0.0,0.0,0.0,0.0,0,0,0.0,0.0,0,0,0.0,0.0,0,0,0.0,0.0,0,0,0.0,1
LGS2ORD0001509,C012904,2025-01-12 23:00:00,Male,51,Gold,Shopee,Nakhon Ratchasima,163,Web,Bank_Transfer,23,1,6,1,>50,5.433333333333334,0.0,0.0,0.0,-1,-1,0.0,0.0,0.0,0.0,0.0,0.0,0,0,0.0,0.0,0,0,0.0,0.0,0,0,0.0,0.0,0,0,0.0,0
LGS2ORD0001510,C014431,2025-01-12 23:00:00,Female,52,Bronze,TV,Khon Kaen,625,TV_Show,COD,23,1,6,1,>50,20.833333333333332,0.0,0.0,0.0,-1,-1,0.0,0.0,0.0,0.0,0.0,0.0,0,0,0.0,0.0,0,0,0.0,0.0,0,0,0.0,0.0,0,0,0.0,0
LGS2ORD0001511,C013995,2025-01-12 23:00:00,Female,56,Silver,Shopee,Khon Kaen,1308,Shopee,COD,23,1,6,1,>50,43.6,0.0,0.0,0.0,-1,-1,0.0,0.0,0.0,0.0,0.0,0.0,0,0,0.0,0.0,0,0,0.0,0.0,0,0,0.0,0.0,0,0,0.0,0
LGS2ORD0001512,C012413,2025-01-12 23:00:00,Female,55,Bronze,TV,Chiang Mai,493,TV_Show,Credit_Card,23,1,6,1,>50,16.433333333333334,0.0,0.0,0.0,-1,-1,0.0,0.0,0.0,0.0,0.0,0.0,0,0,0.0,0.0,0,0,0.0,0.0,0,0,0.0,0.0,0,0,0.0,1
LGS2ORD0001513,C010697,2025-01-12 23:00:00,Male,40,Platinum,Lazada,Bangkok,35,Web,Credit_Card,23,1,6,1,30-40,1.1666666666666667,0.0,0.0,0.0,-1,-1,0.0,0.0,0.0,0.0,0.0,0.0,0,0,0.0,0.0,0,0,0.0,0.0,0,0,0.0,0.0,0,0,0.0,0
LGS2ORD0001514,C012073,2025-01-13 00:00:00,Female,18,Bronze,Shopee,Khon Kaen,797,TV_Show,COD,0,1,0,0,<20,26.566666666666666,0.0,0.0,0.0,-1,-1,0.0,0.0,0.0,0.0,0.0,0.0,0,0,0.0,0.0,0,0,0.0,0.0,0,0,0.0,0.0,0,0,0.0,1
LGS2ORD0001515,C014217,2025-01-13 00:00:00,Male,44,Silver,Shopee,Chiang Mai,1242,Web,COD,0,1,0,0,40-50,41.4,0.0,0.0,0.0,-1,-1,0.0,0.0,0.0,0.0,0.0,0.0,0,0,0.0,0.0,0,0,0.0,0.0,0,0,0.0,0.0,0,0,0.0,0
LGS2ORD0001516,C013688,2025-01-13 00:00:00,Female,53,Bronze,Shopee,Khon Kaen,1299,TV_Show,COD,0,1,0,0,>50,43.3,0.0,0.0,0.0,-1,-1,0.0,0.0,0.0,0.0,0.0,0.0,0,0,0.0,0.0,0,0,0.0,0.0,0,0,0.0,0.0,0,0,0.0,1
LGS2ORD0001517,C013636,2025-01-13 00:00:00,Female,45,Bronze,Shopee,Khon Kaen,911,TV_Show,Credit_Card,0,1,0,0,40-50,30.366666666666667,0.0,0.0,0.0,-1,-1,0.0,0.0,0.0,0.0,0.0,0.0,0,0,0.0,0.0,0,0,0.0,0.0,0,0,0.0,0.0,0,0,0.0,0
LGS2ORD0001518,C010470,2025-01-13 00:00:00,Male,34,Bronze,TV,Phuket,42,TV_Show,PromptPay,0,1,0,0,30-40,1.4,0.0,0.0,0.0,-1,-1,0.0,0.0,0.0,0.0,0.0,0.0,0,0,0.0,0.0,0,0,0.0,0.0,0,0,0.0,0.0,0,0,0.0,1
LGS2ORD0001519,C015596,2025-01-13 01:00:00,Female,29,Bronze,CallCenter,Bangkok,461,Web,Bank_Transfer,1,1,0,0,20-30,15.366666666666667,0.0,0.0,0.0,-1,-1,0.0,0.0,0.0,0.0,0.0,0.0,0,0,0.0,0.0,0,0,0.0,0.0,0,0,0.0,0.0,0,0,0.0,1
LGS2ORD0001520,C017314,2025-01-13 01:00:00,Male,41,Bronze,Web,Remote_Area,1464,Web,Credit_Card,1,1,0,0,40-50,48.8,1.0,1.0,1.0,3,6,1539.67,0.18,1.0,0.0,0.0,1539.67,1,1,1.0,1539.67,1,1,1.0,1539.67,1,1,1.0,1539.67,1,1,1.0,0
LGS2ORD0001521,C011293,2025-01-13 01:00:00,Female,47,Gold,Lazada,Bangkok,1342,TV_Show,Credit_Card,1,1,0,0,40-50,44.733333333333334,0.0,0.0,0.0,-1,-1,0.0,0.0,0.0,0.0,0.0,0.0,0,0,0.0,0.0,0,0,0.0,0.0,0,0,0.0,0.0,0,0,0.0,0
LGS2ORD0001522,C015798,2025-01-13 01:00:00,Female,18,Bronze,Shopee,Bangkok,660,Shopee,Bank_Transfer,1,1,0,0,<20,22.0,0.0,0.0,0.0,-1,-1,0.0,0.0,0.0,0.0,0.0,0.0,0,0,0.0,0.0,0,0,0.0,0.0,0,0,0.0,0.0,0,0,0.0,0
LGS2ORD0001523,C011024,2025-01-13 01:00:00,Female,41,Gold,TV,Bangkok,608,Web,PromptPay,1,1,0,0,40-50,20.266666666666666,0.0,0.0,0.0,-1,-1,0.0,0.0,0.0,0.0,0.0,0.0,0,0,0.0,0.0,0,0,0.0,0.0,0,0,0.0,0.0,0,0,0.0,1
LGS2ORD0001524,C014482,2025-01-13 01:00:00,Female,55,Bronze,Web,Songkhla,256,Web,COD,1,1,0,0,>50,8.533333333333333,0.0,0.0,0.0,-1,-1,0.0,0.0,0.0,0.0,0.0,0.0,0,0,0.0,0.0,0,0,0.0,0.0,0,0,0.0,0.0,0,0,0.0,0
LGS2ORD0001525,C011375,2025-01-13 02:00:00,Male,37,Platinum,Shopee,Phuket,915,TV_Show,COD,2,1,0,0,30-40,30.5,0.0,0.0,0.0,-1,-1,0.0,0.0,0.0,0.0,0.0,0.0,0,0,0.0,0.0,0,0,0.0,0.0,0,0,0.0,0.0,0,0,0.0,0
LGS2ORD0001526,C016638,2025-01-13 02:00:00,Male,46,Silver,CallCenter,Phuket,140,Lazada,PromptPay,2,1,0,0,40-50,4.666666666666667,0.0,0.0,0.0,-1,-1,0.0,0.0,0.0,0.0,0.0,0.0,0,0,0.0,0.0,0,0,0.0,0.0,0,0,0.0,0.0,0,0,0.0,0
LGS2ORD0001527,C012157,2025-01-13 02:00:00,Male,54,Silver,Shopee,Remote_Area,188,Lazada,COD,2,1,0,0,>50,6.266666666666667,0.0,0.0,0.0,-1,-1,0.0,0.0,0.0,0.0,0.0,0.0,0,0,0.0,0.0,0,0,0.0,0.0,0,0,0.0,0.0,0,0,0.0,1
LGS2ORD0001528,C012719,2025-01-13 02:00:00,Male,62,Silver,Shopee,Chiang Mai,1135,CallCenter,COD,2,1,0,0,>50,37.833333333333336,0.0,0.0,0.0,-1,-1,0.0,0.0,0.0,0.0,0.0,0.0,0,0,0.0,0.0,0,0,0.0,0.0,0,0,0.0,0.0,0,0,0.0,0
LGS2ORD0001529,C010730,2025-01-13 02:00:00,Female,46,Silver,Lazada,Nakhon Ratchasima,179,Web,COD,2,1,0,0,40-50,5.966666666666667,0.0,0.0,0.0,-1,-1,0.0,0.0,0.0,0.0,0.0,0.0,0,0,0.0,0.0,0,0,0.0,0.0,0,0,0.0,0.0,0,0,0.0,0
LGS2ORD0001530,C016829,2025-01-13 03:00:00,Female,42,Bronze,TV,Songkhla,56,Web,COD,3,1,0,0,40-50,1.8666666666666667,0.0,0.0,0.0,-1,-1,0.0,0.0,0.0,0.0,0.0,0.0,0,0,0.0,0.0,0,0,0.0,0.0,0,0,0.0,0.0,0,0,0.0,1
LGS2ORD0001531,C017802,2025-01-13 03:00:00,Female,42,Bronze,TV,Remote_Area,1431,CallCenter,COD,3,1,0,0,40-50,47.7,0.0,0.0,0.0,-1,-1,0.0,0.0,0.0,0.0,0.0,0.0,0,0,0.0,0.0,0,0,0.0,0.0,0,0,0.0,0.0,0,0,0.0,0
LGS2ORD0001532,C010329,2025-01-13 03:00:00,Male,41,Bronze,Web,Bangkok,78,TV_Show,PromptPay,3,1,0,0,40-50,2.6,1.0,0.0,0.0,-1,9,1635.35,0.03,0.0,0.0,0.0,0.0,0,0,0.0,1635.35,1,0,0.0,1635.35,1,0,0.0,1635.35,1,0,0.0,0
LGS2ORD0001533,C016307,2025-01-13 03:00:00,Male,40,Silver,Shopee,Nakhon Ratchasima,1408,Shopee,PromptPay,3,1,0,0,30-40,46.93333333333333,0.0,0.0,0.0,-1,-1,0.0,0.0,0.0,0.0,0.0,0.0,0,0,0.0,0.0,0,0,0.0,0.0,0,0,0.0,0.0,0,0,0.0,0
LGS2ORD0001534,C010819,2025-01-13 03:00:00,Female,30,Silver,Shopee,Bangkok,1005,TV_Show,COD,3,1,0,0,20-30,33.5,1.0,0.0,0.0,-1,6,3403.61,0.1,0.0,0.0,0.0,3403.61,1,0,0.0,3403.61,1,0,0.0,3403.61,1,0,0.0,3403.61,1,0,0.0,1
LGS2ORD0001535,C016551,2025-01-13 04:00:00,Female,46,Silver,TV,Bangkok,546,TV_Show,PromptPay,4,1,0,0,40-50,18.2,0.0,0.0,0.0,-1,-1,0.0,0.0,0.0,0.0,0.0,0.0,0,0,0.0,0.0,0,0,0.0,0.0,0,0,0.0,0.0,0,0,0.0,1
LGS2ORD0001536,C012496,2025-01-13 04:00:00,Female,42,Bronze,Shopee,Songkhla,201,Lazada,COD,4,1,0,0,40-50,6.7,0.0,0.0,0.0,-1,-1,0.0,0.0,0.0,0.0,0.0,0.0,0,0,0.0,0.0,0,0,0.0,0.0,0,0,0.0,0.0,0,0,0.0,1
LGS2ORD0001537,C016530,2025-01-13 04:00:00,Male,42,Silver,Shopee,Bangkok,882,Lazada,Credit_Card,4,1,0,0,40-50,29.4,0.0,0.0,0.0,-1,-1,0.0,0.0,0.0,0.0,0.0,0.0,0,0,0.0,0.0,0,0,0.0,0.0,0,0,0.0,0.0,0,0,0.0,0
LGS2ORD0001538,C011759,2025-01-13 04:00:00,Male,38,Silver,Web,Chonburi,765,Shopee,Credit_Card,4,1,0,0,30-40,25.5,0.0,0.0,0.0,-1,-1,0.0,0.0,0.0,0.0,0.0,0.0,0,0,0.0,0.0,0,0,0.0,0.0,0,0,0.0,0.0,0,0,0.0,0
LGS2ORD0001539,C017817,2025-01-13 04:00:00,Male,18,Gold,Web,Chiang Mai,381,Lazada,COD,4,1,0,0,<20,12.7,0.0,0.0,0.0,-1,-1,0.0,0.0,0.0,0.0,0.0,0.0,0,0,0.0,0.0,0,0,0.0,0.0,0,0,0.0,0.0,0,0,0.0,1
LGS2ORD0001540,C014631,2025-01-13 05:00:00,Female,49,Silver,TV,Chonburi,318,CallCenter,COD,5,1,0,0,40-50,10.6,0.0,0.0,0.0,-1,-1,0.0,0.0,0.0,0.0,0.0,0.0,0,0,0.0,0.0,0,0,0.0,0.0,0,0,0.0,0.0,0,0,0.0,1
LGS2ORD0001541,C010144,2025-01-13 05:00:00,Female,51,Bronze,CallCenter,Nakhon Ratchasima,847,Lazada,COD,5,1,0,0,>50,28.233333333333334,0.0,0.0,0.0,-1,-1,0.0,0.0,0.0,0.0,0.0,0.0,0,0,0.0,0.0,0,0,0.0,0.0,0,0,0.0,0.0,0,0,0.0,0
LGS2ORD0001542,C017695,2025-01-13 05:00:00,Male,38,Gold,Lazada,Chiang Mai,230,TV_Show,Credit_Card,5,1,0,0,30-40,7.666666666666667,0.0,0.0,0.0,-1,-1,0.0,0.0,0.0,0.0,0.0,0.0,0,0,0.0,0.0,0,0,0.0,0.0,0,0,0.0,0.0,0,0,0.0,0
LGS2ORD0001543,C013797,2025-01-13 05:00:00,Female,45,Platinum,Shopee,Bangkok,1218,Web,Credit_Card,5,1,0,0,40-50,40.6,0.0,0.0,0.0,-1,-1,0.0,0.0,0.0,0.0,0.0,0.0,0,0,0.0,0.0,0,0,0.0,0.0,0,0,0.0,0.0,0,0,0.0,0
LGS2ORD0001544,C012443,2025-01-13 05:00:00,Male,63,Bronze,Shopee,Remote_Area,1375,Web,PromptPay,5,1,0,0,>50,45.833333333333336,0.0,0.0,0.0,-1,-1,0.0,0.0,0.0,0.0,0.0,0.0,0,0,0.0,0.0,0,0,0.0,0.0,0,0,0.0,0.0,0,0,0.0,0
LGS2ORD0001545,C010481,2025-01-13 05:00:00,Male,53,Bronze,CallCenter,Chonburi,1344,Web,Bank_Transfer,5,1,0,0,>50,44.8,1.0,1.0,1.0,-1,11,2582.29,0.03,1.0,0.0,0.0,0.0,0,0,0.0,2582.29,1,1,1.0,2582.29,1,1,1.0,2582.29,1,1,1.0,0
LGS2ORD0001546,C011130,2025-01-13 06:00:00,Female,40,Silver,TV,Chiang Mai,852,Web,COD,6,1,0,0,30-40,28.4,0.0,0.0,0.0,-1,-1,0.0,0.0,0.0,0.0,0.0,0.0,0,0,0.0,0.0,0,0,0.0,0.0,0,0,0.0,0.0,0,0,0.0,0
LGS2ORD0001547,C011434,2025-01-13 06:00:00,Male,53,Bronze,TV,Bangkok,44,TV_Show,Bank_Transfer,6,1,0,0,>50,1.4666666666666666,2.0,0.0,0.0,-1,0,3137.6,0.23,1.0,0.5,0.0,3169.93,1,0,0.0,6275.2,2,0,0.0,6275.2,2,0,0.0,6275.2,2,0,0.0,1
LGS2ORD0001548,C017781,2025-01-13 06:00:00,Male,38,Platinum,Web,Khon Kaen,639,Shopee,COD,6,1,0,0,30-40,21.3,2.0,0.0,0.0,-1,0,1022.53,0.15,0.5,0.0,0.0,1397.05,1,0,0.0,2045.06,2,0,0.0,2045.06,2,0,0.0,2045.06,2,0,0.0,0
LGS2ORD0001549,C010251,2025-01-13 06:00:00,Male,56,Gold,Web,Khon Kaen,1243,Web,COD,6,1,0,0,>50,41.43333333333333,0.0,0.0,0.0,-1,-1,0.0,0.0,0.0,0.0,0.0,0.0,0,0,0.0,0.0,0,0,0.0,0.0,0,0,0.0,0.0,0,0,0.0,0
LGS2ORD0001550,C012924,2025-01-13 06:00:00,Female,61,Bronze,Lazada,Remote_Area,150,Shopee,COD,6,1,0,0,>50,5.0,0.0,0.0,0.0,-1,-1,0.0,0.0,0.0,0.0,0.0,0.0,0,0,0.0,0.0,0,0,0.0,0.0,0,0,0.0,0.0,0,0,0.0,1
LGS2ORD0001551,C012018,2025-01-13 07:00:00,Female,63,Bronze,Web,Khon Kaen,226,TV_Show,COD,7,1,0,0,>50,7.533333333333333,0.0,0.0,0.0,-1,-1,0.0,0.0,0.0,0.0,0.0,0.0,0,0,0.0,0.0,0,0,0.0,0.0,0,0,0.0,0.0,0,0,0.0,0
LGS2ORD0001552,C016989,2025-01-13 07:00:00,Female,55,Platinum,Shopee,Chonburi,495,Web,PromptPay,7,1,0,0,>50,16.5,1.0,0.0,0.0,-1,4,730.31,0.1,0.0,0.0,0.0,730.31,1,0,0.0,730.31,1,0,0.0,730.31,1,0,0.0,730.31,1,0,0.0,0
LGS2ORD0001553,C015189,2025-01-13 07:00:00,Male,35,Bronze,TV,Remote_Area,361,TV_Show,Credit_Card,7,1,0,0,30-40,12.033333333333333,1.0,1.0,1.0,-4,6,7909.68,0.28,1.0,1.0,0.0,7909.68,1,1,1.0,7909.68,1,1,1.0,7909.68,1,1,1.0,7909.68,1,1,1.0,0
LGS2ORD0001554,C017871,2025-01-13 07:00:00,Male,45,Silver,TV,Chiang Mai,1114,Lazada,COD,7,1,0,0,40-50,37.13333333333333,0.0,0.0,0.0,-1,-1,0.0,0.0,0.0,0.0,0.0,0.0,0,0,0.0,0.0,0,0,0.0,0.0,0,0,0.0,0.0,0,0,0.0,1
LGS2ORD0001555,C017486,2025-01-13 07:00:00,Other,54,Bronze,TV,Remote_Area,1102,TV_Show,PromptPay,7,1,0,0,>50,36.733333333333334,0.0,0.0,0.0,-1,-1,0.0,0.0,0.0,0.0,0.0,0.0,0,0,0.0,0.0,0,0,0.0,0.0,0,0,0.0,0.0,0,0,0.0,0
LGS2ORD0001556,C010913,2025-01-13 08:00:00,Female,48,Bronze,TV,Remote_Area,726,Shopee,PromptPay,8,1,0,0,40-50,24.2,0.0,0.0,0.0,-1,-1,0.0,0.0,0.0,0.0,0.0,0.0,0,0,0.0,0.0,0,0,0.0,0.0,0,0,0.0,0.0,0,0,0.0,0
LGS2ORD0001557,C016825,2025-01-13 08:00:00,Female,49,Bronze,Shopee,Nakhon Ratchasima,479,TV_Show,COD,8,1,0,0,40-50,15.966666666666667,0.0,0.0,0.0,-1,-1,0.0,0.0,0.0,0.0,0.0,0.0,0,0,0.0,0.0,0,0,0.0,0.0,0,0,0.0,0.0,0,0,0.0,0
LGS2ORD0001558,C012880,2025-01-13 08:00:00,Female,63,Platinum,Web,Phuket,1190,Shopee,PromptPay,8,1,0,0,>50,39.666666666666664,0.0,0.0,0.0,-1,-1,0.0,0.0,0.0,0.0,0.0,0.0,0,0,0.0,0.0,0,0,0.0,0.0,0,0,0.0,0.0,0,0,0.0,0
LGS2ORD0001559,C012420,2025-01-13 08:00:00,Male,50,Bronze,TV,Songkhla,613,TV_Show,Credit_Card,8,1,0,0,40-50,20.433333333333334,0.0,0.0,0.0,-1,-1,0.0,0.0,0.0,0.0,0.0,0.0,0,0,0.0,0.0,0,0,0.0,0.0,0,0,0.0,0.0,0,0,0.0,0
LGS2ORD0001560,C017019,2025-01-13 08:00:00,Female,44,Bronze,TV,Chonburi,204,CallCenter,PromptPay,8,1,0,0,40-50,6.8,0.0,0.0,0.0,-1,-1,0.0,0.0,0.0,0.0,0.0,0.0,0,0,0.0,0.0,0,0,0.0,0.0,0,0,0.0,0.0,0,0,0.0,1
LGS2ORD0001561,C017482,2025-01-13 08:00:00,Female,29,Bronze,TV,Chiang Mai,1027,Web,Credit_Card,8,1,0,0,20-30,34.233333333333334,0.0,0.0,0.0,-1,-1,0.0,0.0,0.0,0.0,0.0,0.0,0,0,0.0,0.0,0,0,0.0,0.0,0,0,0.0,0.0,0,0,0.0,0
LGS2ORD0001562,C013823,2025-01-13 09:00:00,Female,43,Bronze,TV,Chiang Mai,302,CallCenter,COD,9,1,0,0,40-50,10.066666666666666,0.0,0.0,0.0,-1,-1,0.0,0.0,0.0,0.0,0.0,0.0,0,0,0.0,0.0,0,0,0.0,0.0,0,0,0.0,0.0,0,0,0.0,0
LGS2ORD0001563,C010979,2025-01-13 09:00:00,Male,60,Bronze,Lazada,Khon Kaen,346,CallCenter,PromptPay,9,1,0,0,>50,11.533333333333333,1.0,0.0,0.0,-1,1,1447.57,0.13,0.0,0.0,0.0,1447.57,1,0,0.0,1447.57,1,0,0.0,1447.57,1,0,0.0,1447.57,1,0,0.0,0
LGS2ORD0001564,C017932,2025-01-13 09:00:00,Male,57,Platinum,Web,Songkhla,673,Lazada,COD,9,1,0,0,>50,22.433333333333334,0.0,0.0,0.0,-1,-1,0.0,0.0,0.0,0.0,0.0,0.0,0,0,0.0,0.0,0,0,0.0,0.0,0,0,0.0,0.0,0,0,0.0,1
LGS2ORD0001565,C011714,2025-01-13 09:00:00,Female,35,Silver,Web,Bangkok,953,Shopee,COD,9,1,0,0,30-40,31.766666666666666,0.0,0.0,0.0,-1,-1,0.0,0.0,0.0,0.0,0.0,0.0,0,0,0.0,0.0,0,0,0.0,0.0,0,0,0.0,0.0,0,0,0.0,1
LGS2ORD0001566,C014583,2025-01-13 09:00:00,Female,46,Silver,TV,Songkhla,1218,TV_Show,Credit_Card,9,1,0,0,40-50,40.6,0.0,0.0,0.0,-1,-1,0.0,0.0,0.0,0.0,0.0,0.0,0,0,0.0,0.0,0,0,0.0,0.0,0,0,0.0,0.0,0,0,0.0,0
LGS2ORD0001567,C012155,2025-01-13 10:00:00,Male,60,Bronze,TV,Khon Kaen,648,Lazada,Bank_Transfer,10,1,0,0,>50,21.6,0.0,0.0,0.0,-1,-1,0.0,0.0,0.0,0.0,0.0,0.0,0,0,0.0,0.0,0,0,0.0,0.0,0,0,0.0,0.0,0,0,0.0,0
LGS2ORD0001568,C011634,2025-01-13 10:00:00,Female,72,Silver,TV,Phuket,1049,Web,COD,10,1,0,0,>50,34.96666666666667,1.0,1.0,1.0,-15,1,401.71,0.2,0.0,0.0,0.0,401.71,1,1,1.0,401.71,1,1,1.0,401.71,1,1,1.0,401.71,1,1,1.0,1
LGS2ORD0001569,C015156,2025-01-13 10:00:00,Female,31,Gold,Lazada,Khon Kaen,529,TV_Show,COD,10,1,0,0,30-40,17.633333333333333,0.0,0.0,0.0,-1,-1,0.0,0.0,0.0,0.0,0.0,0.0,0,0,0.0,0.0,0,0,0.0,0.0,0,0,0.0,0.0,0,0,0.0,0
LGS2ORD0001570,C014920,2025-01-13 10:00:00,Male,68,Bronze,CallCenter,Chiang Mai,837,Lazada,Bank_Transfer,10,1,0,0,>50,27.9,0.0,0.0,0.0,-1,-1,0.0,0.0,0.0,0.0,0.0,0.0,0,0,0.0,0.0,0,0,0.0,0.0,0,0,0.0,0.0,0,0,0.0,1
LGS2ORD0001571,C010220,2025-01-13 10:00:00,Female,42,Silver,Shopee,Nakhon Ratchasima,208,Web,PromptPay,10,1,0,0,40-50,6.933333333333334,0.0,0.0,0.0,-1,-1,0.0,0.0,0.0,0.0,0.0,0.0,0,0,0.0,0.0,0,0,0.0,0.0,0,0,0.0,0.0,0,0,0.0,0
LGS2ORD0001572,C013061,2025-01-13 11:00:00,Female,41,Silver,TV,Nakhon Ratchasima,1204,Lazada,PromptPay,11,1,0,0,40-50,40.13333333333333,0.0,0.0,0.0,-1,-1,0.0,0.0,0.0,0.0,0.0,0.0,0,0,0.0,0.0,0,0,0.0,0.0,0,0,0.0,0.0,0,0,0.0,0
LGS2ORD0001573,C013624,2025-01-13 11:00:00,Female,42,Bronze,CallCenter,Remote_Area,345,Web,COD,11,1,0,0,40-50,11.5,0.0,0.0,0.0,-1,-1,0.0,0.0,0.0,0.0,0.0,0.0,0,0,0.0,0.0,0,0,0.0,0.0,0,0,0.0,0.0,0,0,0.0,0
LGS2ORD0001574,C013170,2025-01-13 11:00:00,Other,30,Silver,Web,Chonburi,1239,Lazada,Bank_Transfer,11,1,0,0,20-30,41.3,0.0,0.0,0.0,-1,-1,0.0,0.0,0.0,0.0,0.0,0.0,0,0,0.0,0.0,0,0,0.0,0.0,0,0,0.0,0.0,0,0,0.0,0
LGS2ORD0001575,C013222,2025-01-13 11:00:00,Male,59,Bronze,Web,Chonburi,1218,CallCenter,Bank_Transfer,11,1,0,0,>50,40.6,1.0,1.0,1.0,-7,1,1614.13,0.03,0.0,0.0,0.0,1614.13,1,1,1.0,1614.13,1,1,1.0,1614.13,1,1,1.0,1614.13,1,1,1.0,0
LGS2ORD0001576,C014426,2025-01-13 11:00:00,Female,67,Bronze,Shopee,Bangkok,1069,Lazada,COD,11,1,0,0,>50,35.63333333333333,0.0,0.0,0.0,-1,-1,0.0,0.0,0.0,0.0,0.0,0.0,0,0,0.0,0.0,0,0,0.0,0.0,0,0,0.0,0.0,0,0,0.0,0
LGS2ORD0001577,C012710,2025-01-13 12:00:00,Female,64,Bronze,TV,Remote_Area,723,Lazada,Credit_Card,12,1,0,0,>50,24.1,0.0,0.0,0.0,-1,-1,0.0,0.0,0.0,0.0,0.0,0.0,0,0,0.0,0.0,0,0,0.0,0.0,0,0,0.0,0.0,0,0,0.0,1
LGS2ORD0001578,C012000,2025-01-13 12:00:00,Female,27,Bronze,TV,Songkhla,1193,Web,COD,12,1,0,0,20-30,39.766666666666666,0.0,0.0,0.0,-1,-1,0.0,0.0,0.0,0.0,0.0,0.0,0,0,0.0,0.0,0,0,0.0,0.0,0,0,0.0,0.0,0,0,0.0,1
LGS2ORD0001579,C013649,2025-01-13 12:00:00,Female,46,Bronze,TV,Chonburi,965,CallCenter,COD,12,1,0,0,40-50,32.166666666666664,0.0,0.0,0.0,-1,-1,0.0,0.0,0.0,0.0,0.0,0.0,0,0,0.0,0.0,0,0,0.0,0.0,0,0,0.0,0.0,0,0,0.0,0
LGS2ORD0001580,C011040,2025-01-13 12:00:00,Female,25,Bronze,Lazada,Chonburi,930,Shopee,PromptPay,12,1,0,0,20-30,31.0,0.0,0.0,0.0,-1,-1,0.0,0.0,0.0,0.0,0.0,0.0,0,0,0.0,0.0,0,0,0.0,0.0,0,0,0.0,0.0,0,0,0.0,0
LGS2ORD0001581,C014442,2025-01-13 12:00:00,Male,18,Bronze,Web,Bangkok,916,Web,COD,12,1,0,0,<20,30.533333333333335,1.0,1.0,1.0,0,7,4506.6,0.03,0.0,0.0,0.0,0.0,0,0,0.0,4506.6,1,1,1.0,4506.6,1,1,1.0,4506.6,1,1,1.0,0
LGS2ORD0001582,C015404,2025-01-13 12:00:00,Female,60,Bronze,Shopee,Songkhla,940,Lazada,COD,12,1,0,0,>50,31.333333333333332,0.0,0.0,0.0,-1,-1,0.0,0.0,0.0,0.0,0.0,0.0,0,0,0.0,0.0,0,0,0.0,0.0,0,0,0.0,0.0,0,0,0.0,0
LGS2ORD0001583,C014883,2025-01-13 13:00:00,Female,42,Platinum,TV,Chiang Mai,263,Shopee,PromptPay,13,1,0,0,40-50,8.766666666666667,0.0,0.0,0.0,-1,-1,0.0,0.0,0.0,0.0,0.0,0.0,0,0,0.0,0.0,0,0,0.0,0.0,0,0,0.0,0.0,0,0,0.0,0
LGS2ORD0001584,C013093,2025-01-13 13:00:00,Male,41,Bronze,Web,Chiang Mai,41,TV_Show,COD,13,1,0,0,40-50,1.3666666666666667,0.0,0.0,0.0,-1,-1,0.0,0.0,0.0,0.0,0.0,0.0,0,0,0.0,0.0,0,0,0.0,0.0,0,0,0.0,0.0,0,0,0.0,0
LGS2ORD0001585,C016375,2025-01-13 13:00:00,Female,46,Bronze,TV,Khon Kaen,1250,TV_Show,COD,13,1,0,0,40-50,41.666666666666664,0.0,0.0,0.0,-1,-1,0.0,0.0,0.0,0.0,0.0,0.0,0,0,0.0,0.0,0,0,0.0,0.0,0,0,0.0,0.0,0,0,0.0,0
LGS2ORD0001586,C011763,2025-01-13 13:00:00,Male,50,Silver,TV,Bangkok,794,TV_Show,COD,13,1,0,0,40-50,26.466666666666665,0.0,0.0,0.0,-1,-1,0.0,0.0,0.0,0.0,0.0,0.0,0,0,0.0,0.0,0,0,0.0,0.0,0,0,0.0,0.0,0,0,0.0,0
LGS2ORD0001587,C010597,2025-01-13 13:00:00,Male,65,Bronze,Shopee,Bangkok,47,Shopee,PromptPay,13,1,0,0,>50,1.5666666666666667,0.0,0.0,0.0,-1,-1,0.0,0.0,0.0,0.0,0.0,0.0,0,0,0.0,0.0,0,0,0.0,0.0,0,0,0.0,0.0,0,0,0.0,0
LGS2ORD0001588,C014388,2025-01-13 14:00:00,Female,20,Silver,TV,Nakhon Ratchasima,536,Shopee,COD,14,1,0,0,<20,17.866666666666667,1.0,0.0,0.0,-1,11,1770.5,0.05,1.0,0.0,0.0,0.0,0,0,0.0,1770.5,1,0,0.0,1770.5,1,0,0.0,1770.5,1,0,0.0,0
LGS2ORD0001589,C016517,2025-01-13 14:00:00,Male,58,Bronze,TV,Bangkok,1191,CallCenter,COD,14,1,0,0,>50,39.7,0.0,0.0,0.0,-1,-1,0.0,0.0,0.0,0.0,0.0,0.0,0,0,0.0,0.0,0,0,0.0,0.0,0,0,0.0,0.0,0,0,0.0,0
LGS2ORD0001590,C014217,2025-01-13 14:00:00,Male,44,Silver,Shopee,Chiang Mai,1242,CallCenter,COD,14,1,0,0,40-50,41.4,1.0,0.0,0.0,-1,0,8843.41,0.1,1.0,0.0,0.0,8843.41,1,0,0.0,8843.41,1,0,0.0,8843.41,1,0,0.0,8843.41,1,0,0.0,0
LGS2ORD0001591,C015399,2025-01-13 14:00:00,Female,49,Platinum,TV,Bangkok,1104,Shopee,COD,14,1,0,0,40-50,36.8,0.0,0.0,0.0,-1,-1,0.0,0.0,0.0,0.0,0.0,0.0,0,0,0.0,0.0,0,0,0.0,0.0,0,0,0.0,0.0,0,0,0.0,1
LGS2ORD0001592,C016233,2025-01-13 14:00:00,Female,58,Silver,Lazada,Khon Kaen,1285,CallCenter,COD,14,1,0,0,>50,42.833333333333336,0.0,0.0,0.0,-1,-1,0.0,0.0,0.0,0.0,0.0,0.0,0,0,0.0,0.0,0,0,0.0,0.0,0,0,0.0,0.0,0,0,0.0,1
LGS2ORD0001593,C016317,2025-01-13 15:00:00,Male,45,Bronze,Shopee,Bangkok,67,Shopee,COD,15,1,0,0,40-50,2.2333333333333334,0.0,0.0,0.0,-1,-1,0.0,0.0,0.0,0.0,0.0,0.0,0,0,0.0,0.0,0,0,0.0,0.0,0,0,0.0,0.0,0,0,0.0,1
LGS2ORD0001594,C016385,2025-01-13 15:00:00,Male,53,Gold,Web,Phuket,59,Web,Bank_Transfer,15,1,0,0,>50,1.9666666666666666,0.0,0.0,0.0,-1,-1,0.0,0.0,0.0,0.0,0.0,0.0,0,0,0.0,0.0,0,0,0.0,0.0,0,0,0.0,0.0,0,0,0.0,0
LGS2ORD0001595,C017191,2025-01-13 15:00:00,Male,61,Gold,Web,Bangkok,1181,Shopee,PromptPay,15,1,0,0,>50,39.36666666666667,0.0,0.0,0.0,-1,-1,0.0,0.0,0.0,0.0,0.0,0.0,0,0,0.0,0.0,0,0,0.0,0.0,0,0,0.0,0.0,0,0,0.0,1
LGS2ORD0001596,C011485,2025-01-13 15:00:00,Male,37,Gold,Lazada,Nakhon Ratchasima,412,TV_Show,PromptPay,15,1,0,0,30-40,13.733333333333333,0.0,0.0,0.0,-1,-1,0.0,0.0,0.0,0.0,0.0,0.0,0,0,0.0,0.0,0,0,0.0,0.0,0,0,0.0,0.0,0,0,0.0,0
LGS2ORD0001597,C013386,2025-01-13 15:00:00,Male,49,Gold,TV,Chiang Mai,292,Shopee,PromptPay,15,1,0,0,40-50,9.733333333333333,0.0,0.0,0.0,-1,-1,0.0,0.0,0.0,0.0,0.0,0.0,0,0,0.0,0.0,0,0,0.0,0.0,0,0,0.0,0.0,0,0,0.0,0
LGS2ORD0001598,C011903,2025-01-13 16:00:00,Male,46,Bronze,TV,Remote_Area,1405,Shopee,COD,16,1,0,0,40-50,46.833333333333336,0.0,0.0,0.0,-1,-1,0.0,0.0,0.0,0.0,0.0,0.0,0,0,0.0,0.0,0,0,0.0,0.0,0,0,0.0,0.0,0,0,0.0,0
LGS2ORD0001599,C010929,2025-01-13 16:00:00,Female,46,Silver,Web,Khon Kaen,1130,TV_Show,COD,16,1,0,0,40-50,37.666666666666664,0.0,0.0,0.0,-1,-1,0.0,0.0,0.0,0.0,0.0,0.0,0,0,0.0,0.0,0,0,0.0,0.0,0,0,0.0,0.0,0,0,0.0,0
LGS2ORD0001600,C015534,2025-01-13 16:00:00,Female,51,Gold,Shopee,Songkhla,171,CallCenter,COD,16,1,0,0,>50,5.7,0.0,0.0,0.0,-1,-1,0.0,0.0,0.0,0.0,0.0,0.0,0,0,0.0,0.0,0,0,0.0,0.0,0,0,0.0,0.0,0,0,0.0,0
LGS2ORD0001601,C011715,2025-01-13 16:00:00,Female,60,Platinum,Web,Songkhla,412,Shopee,Credit_Card,16,1,0,0,>50,13.733333333333333,0.0,0.0,0.0,-1,-1,0.0,0.0,0.0,0.0,0.0,0.0,0,0,0.0,0.0,0,0,0.0,0.0,0,0,0.0,0.0,0,0,0.0,0
LGS2ORD0001602,C013640,2025-01-13 16:00:00,Male,43,Bronze,Web,Khon Kaen,1011,Shopee,COD,16,1,0,0,40-50,33.7,0.0,0.0,0.0,-1,-1,0.0,0.0,0.0,0.0,0.0,0.0,0,0,0.0,0.0,0,0,0.0,0.0,0,0,0.0,0.0,0,0,0.0,0
LGS2ORD0001603,C016285,2025-01-13 16:00:00,Male,71,Bronze,Shopee,Bangkok,1364,CallCenter,COD,16,1,0,0,>50,45.46666666666667,0.0,0.0,0.0,-1,-1,0.0,0.0,0.0,0.0,0.0,0.0,0,0,0.0,0.0,0,0,0.0,0.0,0,0,0.0,0.0,0,0,0.0,1
LGS2ORD0001604,C014779,2025-01-13 17:00:00,Female,56,Silver,TV,Remote_Area,288,Shopee,Credit_Card,17,1,0,0,>50,9.6,0.0,0.0,0.0,-1,-1,0.0,0.0,0.0,0.0,0.0,0.0,0,0,0.0,0.0,0,0,0.0,0.0,0,0,0.0,0.0,0,0,0.0,0
LGS2ORD0001605,C016760,2025-01-13 17:00:00,Male,36,Bronze,TV,Phuket,1101,TV_Show,Credit_Card,17,1,0,0,30-40,36.7,0.0,0.0,0.0,-1,-1,0.0,0.0,0.0,0.0,0.0,0.0,0,0,0.0,0.0,0,0,0.0,0.0,0,0,0.0,0.0,0,0,0.0,0
LGS2ORD0001606,C013068,2025-01-13 17:00:00,Female,31,Platinum,Web,Khon Kaen,258,Shopee,COD,17,1,0,0,30-40,8.6,0.0,0.0,0.0,-1,-1,0.0,0.0,0.0,0.0,0.0,0.0,0,0,0.0,0.0,0,0,0.0,0.0,0,0,0.0,0.0,0,0,0.0,0
LGS2ORD0001607,C016016,2025-01-13 17:00:00,Male,59,Gold,Web,Chonburi,398,Shopee,Credit_Card,17,1,0,0,>50,13.266666666666667,0.0,0.0,0.0,-1,-1,0.0,0.0,0.0,0.0,0.0,0.0,0,0,0.0,0.0,0,0,0.0,0.0,0,0,0.0,0.0,0,0,0.0,0
LGS2ORD0001608,C013491,2025-01-13 17:00:00,Male,55,Gold,TV,Khon Kaen,256,TV_Show,COD,17,1,0,0,>50,8.533333333333333,0.0,0.0,0.0,-1,-1,0.0,0.0,0.0,0.0,0.0,0.0,0,0,0.0,0.0,0,0,0.0,0.0,0,0,0.0,0.0,0,0,0.0,0
LGS2ORD0001609,C013192,2025-01-13 18:00:00,Male,53,Gold,Shopee,Khon Kaen,440,TV_Show,COD,18,1,0,0,>50,14.666666666666666,1.0,0.0,0.0,-1,5,7775.94,0.18,1.0,0.0,0.0,7775.94,1,0,0.0,7775.94,1,0,0.0,7775.94,1,0,0.0,7775.94,1,0,0.0,1
LGS2ORD0001610,C011319,2025-01-13 18:00:00,Male,45,Silver,Shopee,Khon Kaen,877,Lazada,COD,18,1,0,0,40-50,29.233333333333334,0.0,0.0,0.0,-1,-1,0.0,0.0,0.0,0.0,0.0,0.0,0,0,0.0,0.0,0,0,0.0,0.0,0,0,0.0,0.0,0,0,0.0,1
LGS2ORD0001611,C017940,2025-01-13 18:00:00,Female,30,Silver,Shopee,Nakhon Ratchasima,1275,TV_Show,COD,18,1,0,0,20-30,42.5,0.0,0.0,0.0,-1,-1,0.0,0.0,0.0,0.0,0.0,0.0,0,0,0.0,0.0,0,0,0.0,0.0,0,0,0.0,0.0,0,0,0.0,0
LGS2ORD0001612,C013270,2025-01-13 18:00:00,Female,38,Bronze,TV,Khon Kaen,1060,Shopee,COD,18,1,0,0,30-40,35.333333333333336,1.0,0.0,0.0,-1,10,1018.48,0.28,1.0,1.0,0.0,0.0,0,0,0.0,1018.48,1,0,0.0,1018.48,1,0,0.0,1018.48,1,0,0.0,1
LGS2ORD0001613,C013288,2025-01-13 18:00:00,Female,34,Bronze,Lazada,Bangkok,1232,CallCenter,COD,18,1,0,0,30-40,41.06666666666667,0.0,0.0,0.0,-1,-1,0.0,0.0,0.0,0.0,0.0,0.0,0,0,0.0,0.0,0,0,0.0,0.0,0,0,0.0,0.0,0,0,0.0,0
LGS2ORD0001614,C017626,2025-01-13 19:00:00,Female,47,Gold,Web,Chiang Mai,515,TV_Show,COD,19,1,0,0,40-50,17.166666666666668,0.0,0.0,0.0,-1,-1,0.0,0.0,0.0,0.0,0.0,0.0,0,0,0.0,0.0,0,0,0.0,0.0,0,0,0.0,0.0,0,0,0.0,0
LGS2ORD0001615,C016425,2025-01-13 19:00:00,Male,47,Bronze,Lazada,Songkhla,512,Web,Credit_Card,19,1,0,0,40-50,17.066666666666666,0.0,0.0,0.0,-1,-1,0.0,0.0,0.0,0.0,0.0,0.0,0,0,0.0,0.0,0,0,0.0,0.0,0,0,0.0,0.0,0,0,0.0,0
LGS2ORD0001616,C010223,2025-01-13 19:00:00,Male,43,Bronze,TV,Remote_Area,921,TV_Show,COD,19,1,0,0,40-50,30.7,2.0,1.0,0.5,-8,3,14470.955,0.18,1.0,0.0,0.0,13246.86,1,1,1.0,28941.91,2,1,0.5,28941.91,2,1,0.5,28941.91,2,1,0.5,1
LGS2ORD0001617,C012843,2025-01-13 19:00:00,Male,34,Platinum,Shopee,Bangkok,590,TV_Show,Bank_Transfer,19,1,0,0,30-40,19.666666666666668,0.0,0.0,0.0,-1,-1,0.0,0.0,0.0,0.0,0.0,0.0,0,0,0.0,0.0,0,0,0.0,0.0,0,0,0.0,0.0,0,0,0.0,1
LGS2ORD0001618,C013194,2025-01-13 19:00:00,Male,22,Bronze,TV,Bangkok,424,Shopee,Bank_Transfer,19,1,0,0,20-30,14.133333333333333,0.0,0.0,0.0,-1,-1,0.0,0.0,0.0,0.0,0.0,0.0,0,0,0.0,0.0,0,0,0.0,0.0,0,0,0.0,0.0,0,0,0.0,0
LGS2ORD0001619,C015229,2025-01-13 20:00:00,Female,28,Bronze,Shopee,Bangkok,1329,TV_Show,COD,20,1,0,0,20-30,44.3,0.0,0.0,0.0,-1,-1,0.0,0.0,0.0,0.0,0.0,0.0,0,0,0.0,0.0,0,0,0.0,0.0,0,0,0.0,0.0,0,0,0.0,0
LGS2ORD0001620,C011789,2025-01-13 20:00:00,Other,40,Bronze,Shopee,Khon Kaen,758,Shopee,COD,20,1,0,0,30-40,25.266666666666666,1.0,0.0,0.0,-1,5,2033.93,0.23,1.0,1.0,0.0,2033.93,1,0,0.0,2033.93,1,0,0.0,2033.93,1,0,0.0,2033.93,1,0,0.0,0
LGS2ORD0001621,C010875,2025-01-13 20:00:00,Male,54,Bronze,CallCenter,Chonburi,702,Lazada,Credit_Card,20,1,0,0,>50,23.4,0.0,0.0,0.0,-1,-1,0.0,0.0,0.0,0.0,0.0,0.0,0,0,0.0,0.0,0,0,0.0,0.0,0,0,0.0,0.0,0,0,0.0,0
LGS2ORD0001622,C014664,2025-01-13 20:00:00,Female,55,Silver,TV,Khon Kaen,567,Shopee,PromptPay,20,1,0,0,>50,18.9,0.0,0.0,0.0,-1,-1,0.0,0.0,0.0,0.0,0.0,0.0,0,0,0.0,0.0,0,0,0.0,0.0,0,0,0.0,0.0,0,0,0.0,0
LGS2ORD0001623,C016007,2025-01-13 20:00:00,Female,43,Silver,TV,Phuket,971,TV_Show,PromptPay,20,1,0,0,40-50,32.36666666666667,0.0,0.0,0.0,-1,-1,0.0,0.0,0.0,0.0,0.0,0.0,0,0,0.0,0.0,0,0,0.0,0.0,0,0,0.0,0.0,0,0,0.0,0
LGS2ORD0001624,C017840,2025-01-13 20:00:00,Male,39,Bronze,Shopee,Chiang Mai,75,Lazada,Bank_Transfer,20,1,0,0,30-40,2.5,1.0,0.0,0.0,-1,11,13901.88,0.03,1.0,0.0,0.0,0.0,0,0,0.0,13901.88,1,0,0.0,13901.88,1,0,0.0,13901.88,1,0,0.0,0
LGS2ORD0001625,C014540,2025-01-13 21:00:00,Female,47,Bronze,TV,Chiang Mai,144,Lazada,COD,21,1,0,0,40-50,4.8,1.0,0.0,0.0,-1,11,1796.32,0.08,0.0,0.0,0.0,0.0,0,0,0.0,1796.32,1,0,0.0,1796.32,1,0,0.0,1796.32,1,0,0.0,1
LGS2ORD0001626,C014797,2025-01-13 21:00:00,Male,18,Bronze,Lazada,Phuket,164,Web,COD,21,1,0,0,<20,5.466666666666667,0.0,0.0,0.0,-1,-1,0.0,0.0,0.0,0.0,0.0,0.0,0,0,0.0,0.0,0,0,0.0,0.0,0,0,0.0,0.0,0,0,0.0,1
LGS2ORD0001627,C012099,2025-01-13 21:00:00,Female,33,Bronze,TV,Bangkok,1416,TV_Show,Credit_Card,21,1,0,0,30-40,47.2,0.0,0.0,0.0,-1,-1,0.0,0.0,0.0,0.0,0.0,0.0,0,0,0.0,0.0,0,0,0.0,0.0,0,0,0.0,0.0,0,0,0.0,1
LGS2ORD0001628,C015405,2025-01-13 21:00:00,Female,46,Platinum,Lazada,Bangkok,988,Lazada,COD,21,1,0,0,40-50,32.93333333333333,0.0,0.0,0.0,-1,-1,0.0,0.0,0.0,0.0,0.0,0.0,0,0,0.0,0.0,0,0,0.0,0.0,0,0,0.0,0.0,0,0,0.0,0
LGS2ORD0001629,C015726,2025-01-13 21:00:00,Male,38,Bronze,Shopee,Chonburi,200,Shopee,Bank_Transfer,21,1,0,0,30-40,6.666666666666667,0.0,0.0,0.0,-1,-1,0.0,0.0,0.0,0.0,0.0,0.0,0,0,0.0,0.0,0,0,0.0,0.0,0,0,0.0,0.0,0,0,0.0,0
LGS2ORD0001630,C014766,2025-01-13 22:00:00,Female,55,Bronze,TV,Songkhla,1358,TV_Show,COD,22,1,0,0,>50,45.266666666666666,0.0,0.0,0.0,-1,-1,0.0,0.0,0.0,0.0,0.0,0.0,0,0,0.0,0.0,0,0,0.0,0.0,0,0,0.0,0.0,0,0,0.0,0
LGS2ORD0001631,C014435,2025-01-13 22:00:00,Female,35,Bronze,TV,Remote_Area,289,Web,Bank_Transfer,22,1,0,0,30-40,9.633333333333333,2.0,1.0,0.5,4,9,11818.475,0.28,0.5,0.5,0.0,0.0,0,0,0.0,23636.95,2,1,0.5,23636.95,2,1,0.5,23636.95,2,1,0.5,1
LGS2ORD0001632,C017169,2025-01-13 22:00:00,Male,33,Gold,TV,Bangkok,39,Lazada,PromptPay,22,1,0,0,30-40,1.3,0.0,0.0,0.0,-1,-1,0.0,0.0,0.0,0.0,0.0,0.0,0,0,0.0,0.0,0,0,0.0,0.0,0,0,0.0,0.0,0,0,0.0,1
LGS2ORD0001633,C017353,2025-01-13 22:00:00,Male,54,Silver,Web,Bangkok,412,Shopee,COD,22,1,0,0,>50,13.733333333333333,0.0,0.0,0.0,-1,-1,0.0,0.0,0.0,0.0,0.0,0.0,0,0,0.0,0.0,0,0,0.0,0.0,0,0,0.0,0.0,0,0,0.0,1
LGS2ORD0001634,C014518,2025-01-13 22:00:00,Female,21,Bronze,Shopee,Songkhla,95,CallCenter,COD,22,1,0,0,20-30,3.1666666666666665,0.0,0.0,0.0,-1,-1,0.0,0.0,0.0,0.0,0.0,0.0,0,0,0.0,0.0,0,0,0.0,0.0,0,0,0.0,0.0,0,0,0.0,1
LGS2ORD0001635,C015961,2025-01-13 23:00:00,Female,39,Bronze,Web,Bangkok,666,Web,Credit_Card,23,1,0,0,30-40,22.2,1.0,0.0,0.0,-1,12,1505.23,0.03,0.0,0.0,0.0,0.0,0,0,0.0,1505.23,1,0,0.0,1505.23,1,0,0.0,1505.23,1,0,0.0,0
LGS2ORD0001636,C011546,2025-01-13 23:00:00,Female,43,Bronze,Lazada,Nakhon Ratchasima,653,TV_Show,COD,23,1,0,0,40-50,21.766666666666666,1.0,0.0,0.0,-1,1,9141.83,0.03,1.0,0.0,0.0,9141.83,1,0,0.0,9141.83,1,0,0.0,9141.83,1,0,0.0,9141.83,1,0,0.0,1
LGS2ORD0001637,C011750,2025-01-13 23:00:00,Female,59,Bronze,TV,Khon Kaen,221,CallCenter,COD,23,1,0,0,>50,7.366666666666666,0.0,0.0,0.0,-1,-1,0.0,0.0,0.0,0.0,0.0,0.0,0,0,0.0,0.0,0,0,0.0,0.0,0,0,0.0,0.0,0,0,0.0,0
LGS2ORD0001638,C010315,2025-01-13 23:00:00,Female,32,Platinum,Web,Chonburi,604,CallCenter,PromptPay,23,1,0,0,30-40,20.133333333333333,0.0,0.0,0.0,-1,-1,0.0,0.0,0.0,0.0,0.0,0.0,0,0,0.0,0.0,0,0,0.0,0.0,0,0,0.0,0.0,0,0,0.0,0
LGS2ORD0001639,C010825,2025-01-13 23:00:00,Female,31,Silver,Shopee,Bangkok,1121,Shopee,Credit_Card,23,1,0,0,30-40,37.36666666666667,0.0,0.0,0.0,-1,-1,0.0,0.0,0.0,0.0,0.0,0.0,0,0,0.0,0.0,0,0,0.0,0.0,0,0,0.0,0.0,0,0,0.0,0
LGS2ORD0001640,C016221,2025-01-14 00:00:00,Female,28,Bronze,TV,Remote_Area,1276,Lazada,COD,0,1,1,0,20-30,42.53333333333333,0.0,0.0,0.0,-1,-1,0.0,0.0,0.0,0.0,0.0,0.0,0,0,0.0,0.0,0,0,0.0,0.0,0,0,0.0,0.0,0,0,0.0,1
LGS2ORD0001641,C013265,2025-01-14 00:00:00,Male,52,Bronze,TV,Songkhla,798,TV_Show,COD,0,1,1,0,>50,26.6,0.0,0.0,0.0,-1,-1,0.0,0.0,0.0,0.0,0.0,0.0,0,0,0.0,0.0,0,0,0.0,0.0,0,0,0.0,0.0,0,0,0.0,0
LGS2ORD0001642,C016749,2025-01-14 00:00:00,Male,22,Bronze,TV,Songkhla,275,TV_Show,COD,0,1,1,0,20-30,9.166666666666666,0.0,0.0,0.0,-1,-1,0.0,0.0,0.0,0.0,0.0,0.0,0,0,0.0,0.0,0,0,0.0,0.0,0,0,0.0,0.0,0,0,0.0,0
LGS2ORD0001643,C015209,2025-01-14 00:00:00,Female,43,Bronze,Web,Nakhon Ratchasima,1033,Shopee,COD,0,1,1,0,40-50,34.43333333333333,0.0,0.0,0.0,-1,-1,0.0,0.0,0.0,0.0,0.0,0.0,0,0,0.0,0.0,0,0,0.0,0.0,0,0,0.0,0.0,0,0,0.0,1
LGS2ORD0001644,C011912,2025-01-14 00:00:00,Female,46,Gold,Shopee,Chiang Mai,764,Web,Bank_Transfer,0,1,1,0,40-50,25.466666666666665,0.0,0.0,0.0,-1,-1,0.0,0.0,0.0,0.0,0.0,0.0,0,0,0.0,0.0,0,0,0.0,0.0,0,0,0.0,0.0,0,0,0.0,0
LGS2ORD0001645,C014086,2025-01-14 00:00:00,Male,50,Bronze,Web,Chonburi,927,Web,Credit_Card,0,1,1,0,40-50,30.9,0.0,0.0,0.0,-1,-1,0.0,0.0,0.0,0.0,0.0,0.0,0,0,0.0,0.0,0,0,0.0,0.0,0,0,0.0,0.0,0,0,0.0,0
LGS2ORD0001646,C015657,2025-01-14 01:00:00,Male,49,Platinum,Web,Chonburi,329,TV_Show,PromptPay,1,1,1,0,40-50,10.966666666666667,0.0,0.0,0.0,-1,-1,0.0,0.0,0.0,0.0,0.0,0.0,0,0,0.0,0.0,0,0,0.0,0.0,0,0,0.0,0.0,0,0,0.0,0
LGS2ORD0001647,C010241,2025-01-14 01:00:00,Male,40,Bronze,Lazada,Bangkok,743,Lazada,Credit_Card,1,1,1,0,30-40,24.766666666666666,0.0,0.0,0.0,-1,-1,0.0,0.0,0.0,0.0,0.0,0.0,0,0,0.0,0.0,0,0,0.0,0.0,0,0,0.0,0.0,0,0,0.0,0
LGS2ORD0001648,C014713,2025-01-14 01:00:00,Female,54,Bronze,Lazada,Remote_Area,744,Web,Credit_Card,1,1,1,0,>50,24.8,0.0,0.0,0.0,-1,-1,0.0,0.0,0.0,0.0,0.0,0.0,0,0,0.0,0.0,0,0,0.0,0.0,0,0,0.0,0.0,0,0,0.0,0
LGS2ORD0001649,C011050,2025-01-14 01:00:00,Female,28,Platinum,TV,Chiang Mai,1291,TV_Show,PromptPay,1,1,1,0,20-30,43.03333333333333,0.0,0.0,0.0,-1,-1,0.0,0.0,0.0,0.0,0.0,0.0,0,0,0.0,0.0,0,0,0.0,0.0,0,0,0.0,0.0,0,0,0.0,0
LGS2ORD0001650,C013445,2025-01-14 01:00:00,Female,48,Silver,Shopee,Chonburi,335,CallCenter,PromptPay,1,1,1,0,40-50,11.166666666666666,0.0,0.0,0.0,-1,-1,0.0,0.0,0.0,0.0,0.0,0.0,0,0,0.0,0.0,0,0,0.0,0.0,0,0,0.0,0.0,0,0,0.0,0
LGS2ORD0001651,C015917,2025-01-14 02:00:00,Female,50,Gold,CallCenter,Nakhon Ratchasima,1388,TV_Show,COD,2,1,1,0,40-50,46.266666666666666,0.0,0.0,0.0,-1,-1,0.0,0.0,0.0,0.0,0.0,0.0,0,0,0.0,0.0,0,0,0.0,0.0,0,0,0.0,0.0,0,0,0.0,0
LGS2ORD0001652,C015446,2025-01-14 02:00:00,Female,38,Bronze,Shopee,Bangkok,1102,CallCenter,Credit_Card,2,1,1,0,30-40,36.733333333333334,0.0,0.0,0.0,-1,-1,0.0,0.0,0.0,0.0,0.0,0.0,0,0,0.0,0.0,0,0,0.0,0.0,0,0,0.0,0.0,0,0,0.0,0
LGS2ORD0001653,C014650,2025-01-14 02:00:00,Female,52,Bronze,Lazada,Phuket,1455,Web,Bank_Transfer,2,1,1,0,>50,48.5,0.0,0.0,0.0,-1,-1,0.0,0.0,0.0,0.0,0.0,0.0,0,0,0.0,0.0,0,0,0.0,0.0,0,0,0.0,0.0,0,0,0.0,0
LGS2ORD0001654,C012717,2025-01-14 02:00:00,Male,58,Bronze,Shopee,Chonburi,1271,TV_Show,Credit_Card,2,1,1,0,>50,42.36666666666667,0.0,0.0,0.0,-1,-1,0.0,0.0,0.0,0.0,0.0,0.0,0,0,0.0,0.0,0,0,0.0,0.0,0,0,0.0,0.0,0,0,0.0,0
LGS2ORD0001655,C014514,2025-01-14 02:00:00,Male,26,Silver,Web,Chiang Mai,1248,Shopee,COD,2,1,1,0,20-30,41.6,0.0,0.0,0.0,-1,-1,0.0,0.0,0.0,0.0,0.0,0.0,0,0,0.0,0.0,0,0,0.0,0.0,0,0,0.0,0.0,0,0,0.0,1
LGS2ORD0001656,C014718,2025-01-14 03:00:00,Male,18,Gold,Web,Nakhon Ratchasima,1420,Lazada,Bank_Transfer,3,1,1,0,<20,47.333333333333336,0.0,0.0,0.0,-1,-1,0.0,0.0,0.0,0.0,0.0,0.0,0,0,0.0,0.0,0,0,0.0,0.0,0,0,0.0,0.0,0,0,0.0,0
LGS2ORD0001657,C010014,2025-01-14 03:00:00,Female,38,Bronze,Web,Bangkok,854,Web,Credit_Card,3,1,1,0,30-40,28.466666666666665,0.0,0.0,0.0,-1,-1,0.0,0.0,0.0,0.0,0.0,0.0,0,0,0.0,0.0,0,0,0.0,0.0,0,0,0.0,0.0,0,0,0.0,0
LGS2ORD0001658,C011062,2025-01-14 03:00:00,Male,56,Bronze,Web,Bangkok,301,Web,COD,3,1,1,0,>50,10.033333333333333,0.0,0.0,0.0,-1,-1,0.0,0.0,0.0,0.0,0.0,0.0,0,0,0.0,0.0,0,0,0.0,0.0,0,0,0.0,0.0,0,0,0.0,1
LGS2ORD0001659,C014760,2025-01-14 03:00:00,Female,44,Gold,TV,Chiang Mai,195,Web,Credit_Card,3,1,1,0,40-50,6.5,0.0,0.0,0.0,-1,-1,0.0,0.0,0.0,0.0,0.0,0.0,0,0,0.0,0.0,0,0,0.0,0.0,0,0,0.0,0.0,0,0,0.0,0
LGS2ORD0001660,C012034,2025-01-14 03:00:00,Female,25,Bronze,TV,Bangkok,481,CallCenter,COD,3,1,1,0,20-30,16.033333333333335,0.0,0.0,0.0,-1,-1,0.0,0.0,0.0,0.0,0.0,0.0,0,0,0.0,0.0,0,0,0.0,0.0,0,0,0.0,0.0,0,0,0.0,0
LGS2ORD0001661,C015125,2025-01-14 04:00:00,Female,44,Bronze,Web,Nakhon Ratchasima,29,Web,Bank_Transfer,4,1,1,0,40-50,0.9666666666666667,0.0,0.0,0.0,-1,-1,0.0,0.0,0.0,0.0,0.0,0.0,0,0,0.0,0.0,0,0,0.0,0.0,0,0,0.0,0.0,0,0,0.0,0
LGS2ORD0001662,C010089,2025-01-14 04:00:00,Female,61,Silver,CallCenter,Bangkok,1078,TV_Show,Credit_Card,4,1,1,0,>50,35.93333333333333,0.0,0.0,0.0,-1,-1,0.0,0.0,0.0,0.0,0.0,0.0,0,0,0.0,0.0,0,0,0.0,0.0,0,0,0.0,0.0,0,0,0.0,0
LGS2ORD0001663,C014762,2025-01-14 04:00:00,Male,42,Bronze,TV,Chiang Mai,367,Lazada,Credit_Card,4,1,1,0,40-50,12.233333333333333,0.0,0.0,0.0,-1,-1,0.0,0.0,0.0,0.0,0.0,0.0,0,0,0.0,0.0,0,0,0.0,0.0,0,0,0.0,0.0,0,0,0.0,0
LGS2ORD0001664,C010253,2025-01-14 04:00:00,Male,52,Bronze,Web,Bangkok,1414,Lazada,PromptPay,4,1,1,0,>50,47.13333333333333,0.0,0.0,0.0,-1,-1,0.0,0.0,0.0,0.0,0.0,0.0,0,0,0.0,0.0,0,0,0.0,0.0,0,0,0.0,0.0,0,0,0.0,0
LGS2ORD0001665,C012466,2025-01-14 04:00:00,Female,28,Silver,Web,Chonburi,685,Shopee,Credit_Card,4,1,1,0,20-30,22.833333333333332,0.0,0.0,0.0,-1,-1,0.0,0.0,0.0,0.0,0.0,0.0,0,0,0.0,0.0,0,0,0.0,0.0,0,0,0.0,0.0,0,0,0.0,0
LGS2ORD0001666,C017684,2025-01-14 04:00:00,Female,57,Platinum,Web,Khon Kaen,456,TV_Show,COD,4,1,1,0,>50,15.2,0.0,0.0,0.0,-1,-1,0.0,0.0,0.0,0.0,0.0,0.0,0,0,0.0,0.0,0,0,0.0,0.0,0,0,0.0,0.0,0,0,0.0,1
LGS2ORD0001667,C013477,2025-01-14 05:00:00,Female,44,Bronze,Lazada,Chonburi,661,TV_Show,Credit_Card,5,1,1,0,40-50,22.033333333333335,0.0,0.0,0.0,-1,-1,0.0,0.0,0.0,0.0,0.0,0.0,0,0,0.0,0.0,0,0,0.0,0.0,0,0,0.0,0.0,0,0,0.0,0
LGS2ORD0001668,C013208,2025-01-14 05:00:00,Male,40,Silver,TV,Chiang Mai,604,Web,Credit_Card,5,1,1,0,30-40,20.133333333333333,1.0,0.0,0.0,-1,10,7746.86,0.15,1.0,0.0,0.0,0.0,0,0,0.0,7746.86,1,0,0.0,7746.86,1,0,0.0,7746.86,1,0,0.0,1
LGS2ORD0001669,C017961,2025-01-14 05:00:00,Female,35,Bronze,Lazada,Chiang Mai,885,TV_Show,Credit_Card,5,1,1,0,30-40,29.5,0.0,0.0,0.0,-1,-1,0.0,0.0,0.0,0.0,0.0,0.0,0,0,0.0,0.0,0,0,0.0,0.0,0,0,0.0,0.0,0,0,0.0,0
LGS2ORD0001670,C011180,2025-01-14 05:00:00,Male,55,Bronze,Web,Nakhon Ratchasima,719,Web,COD,5,1,1,0,>50,23.966666666666665,0.0,0.0,0.0,-1,-1,0.0,0.0,0.0,0.0,0.0,0.0,0,0,0.0,0.0,0,0,0.0,0.0,0,0,0.0,0.0,0,0,0.0,0
LGS2ORD0001671,C017515,2025-01-14 05:00:00,Female,53,Bronze,CallCenter,Remote_Area,768,Lazada,Credit_Card,5,1,1,0,>50,25.6,1.0,0.0,0.0,-1,10,1045.16,0.03,1.0,0.0,0.0,0.0,0,0,0.0,1045.16,1,0,0.0,1045.16,1,0,0.0,1045.16,1,0,0.0,0
LGS2ORD0001672,C017336,2025-01-14 06:00:00,Male,59,Bronze,TV,Bangkok,688,TV_Show,COD,6,1,1,0,>50,22.933333333333334,1.0,1.0,1.0,-8,8,6583.06,0.28,1.0,1.0,0.0,0.0,0,0,0.0,6583.06,1,1,1.0,6583.06,1,1,1.0,6583.06,1,1,1.0,1
LGS2ORD0001673,C010084,2025-01-14 06:00:00,Male,28,Gold,TV,Songkhla,1015,Web,Bank_Transfer,6,1,1,0,20-30,33.833333333333336,0.0,0.0,0.0,-1,-1,0.0,0.0,0.0,0.0,0.0,0.0,0,0,0.0,0.0,0,0,0.0,0.0,0,0,0.0,0.0,0,0,0.0,0
LGS2ORD0001674,C014726,2025-01-14 06:00:00,Female,38,Gold,TV,Chiang Mai,81,Lazada,PromptPay,6,1,1,0,30-40,2.7,1.0,0.0,0.0,-1,4,656.16,0.13,1.0,0.0,0.0,656.16,1,0,0.0,656.16,1,0,0.0,656.16,1,0,0.0,656.16,1,0,0.0,1
LGS2ORD0001675,C013332,2025-01-14 06:00:00,Male,28,Silver,Shopee,Phuket,174,Shopee,COD,6,1,1,0,20-30,5.8,0.0,0.0,0.0,-1,-1,0.0,0.0,0.0,0.0,0.0,0.0,0,0,0.0,0.0,0,0,0.0,0.0,0,0,0.0,0.0,0,0,0.0,1
LGS2ORD0001676,C010308,2025-01-14 06:00:00,Female,53,Bronze,TV,Bangkok,1180,Web,COD,6,1,1,0,>50,39.333333333333336,0.0,0.0,0.0,-1,-1,0.0,0.0,0.0,0.0,0.0,0.0,0,0,0.0,0.0,0,0,0.0,0.0,0,0,0.0,0.0,0,0,0.0,0
LGS2ORD0001677,C011981,2025-01-14 07:00:00,Male,59,Bronze,Web,Remote_Area,1047,Shopee,Bank_Transfer,7,1,1,0,>50,34.9,1.0,0.0,0.0,-1,6,1537.43,0.03,0.0,0.0,0.0,1537.43,1,0,0.0,1537.43,1,0,0.0,1537.43,1,0,0.0,1537.43,1,0,0.0,1
LGS2ORD0001678,C011855,2025-01-14 07:00:00,Male,39,Gold,Web,Chiang Mai,1195,TV_Show,COD,7,1,1,0,30-40,39.833333333333336,0.0,0.0,0.0,-1,-1,0.0,0.0,0.0,0.0,0.0,0.0,0,0,0.0,0.0,0,0,0.0,0.0,0,0,0.0,0.0,0,0,0.0,1
LGS2ORD0001679,C015973,2025-01-14 07:00:00,Male,46,Bronze,TV,Remote_Area,974,TV_Show,COD,7,1,1,0,40-50,32.46666666666667,0.0,0.0,0.0,-1,-1,0.0,0.0,0.0,0.0,0.0,0.0,0,0,0.0,0.0,0,0,0.0,0.0,0,0,0.0,0.0,0,0,0.0,1
LGS2ORD0001680,C010971,2025-01-14 07:00:00,Male,50,Bronze,Shopee,Bangkok,855,TV_Show,Credit_Card,7,1,1,0,40-50,28.5,1.0,1.0,1.0,-8,5,3980.21,0.08,1.0,0.0,0.0,3980.21,1,1,1.0,3980.21,1,1,1.0,3980.21,1,1,1.0,3980.21,1,1,1.0,0
LGS2ORD0001681,C015692,2025-01-14 07:00:00,Female,40,Bronze,TV,Bangkok,927,CallCenter,Credit_Card,7,1,1,0,30-40,30.9,0.0,0.0,0.0,-1,-1,0.0,0.0,0.0,0.0,0.0,0.0,0,0,0.0,0.0,0,0,0.0,0.0,0,0,0.0,0.0,0,0,0.0,0
LGS2ORD0001682,C016391,2025-01-14 07:00:00,Male,37,Bronze,CallCenter,Bangkok,205,Lazada,COD,7,1,1,0,30-40,6.833333333333333,1.0,0.0,0.0,-1,4,953.37,0.08,1.0,0.0,0.0,953.37,1,0,0.0,953.37,1,0,0.0,953.37,1,0,0.0,953.37,1,0,0.0,0
LGS2ORD0001683,C010716,2025-01-14 08:00:00,Female,44,Platinum,Lazada,Chiang Mai,523,Web,Credit_Card,8,1,1,0,40-50,17.433333333333334,0.0,0.0,0.0,-1,-1,0.0,0.0,0.0,0.0,0.0,0.0,0,0,0.0,0.0,0,0,0.0,0.0,0,0,0.0,0.0,0,0,0.0,0
LGS2ORD0001684,C011523,2025-01-14 08:00:00,Female,31,Silver,TV,Bangkok,221,Shopee,COD,8,1,1,0,30-40,7.366666666666666,0.0,0.0,0.0,-1,-1,0.0,0.0,0.0,0.0,0.0,0.0,0,0,0.0,0.0,0,0,0.0,0.0,0,0,0.0,0.0,0,0,0.0,0
LGS2ORD0001685,C010880,2025-01-14 08:00:00,Female,35,Bronze,Web,Chiang Mai,603,Web,PromptPay,8,1,1,0,30-40,20.1,1.0,0.0,0.0,-1,6,5014.16,0.08,0.0,0.0,0.0,5014.16,1,0,0.0,5014.16,1,0,0.0,5014.16,1,0,0.0,5014.16,1,0,0.0,1
LGS2ORD0001686,C011468,2025-01-14 08:00:00,Female,34,Gold,Lazada,Chiang Mai,1144,Web,PromptPay,8,1,1,0,30-40,38.13333333333333,0.0,0.0,0.0,-1,-1,0.0,0.0,0.0,0.0,0.0,0.0,0,0,0.0,0.0,0,0,0.0,0.0,0,0,0.0,0.0,0,0,0.0,0
LGS2ORD0001687,C011521,2025-01-14 08:00:00,Male,38,Bronze,Lazada,Khon Kaen,1025,Shopee,PromptPay,8,1,1,0,30-40,34.166666666666664,0.0,0.0,0.0,-1,-1,0.0,0.0,0.0,0.0,0.0,0.0,0,0,0.0,0.0,0,0,0.0,0.0,0,0,0.0,0.0,0,0,0.0,0
LGS2ORD0001688,C014709,2025-01-14 09:00:00,Male,40,Silver,Shopee,Khon Kaen,122,CallCenter,Credit_Card,9,1,1,0,30-40,4.066666666666666,0.0,0.0,0.0,-1,-1,0.0,0.0,0.0,0.0,0.0,0.0,0,0,0.0,0.0,0,0,0.0,0.0,0,0,0.0,0.0,0,0,0.0,0
LGS2ORD0001689,C015389,2025-01-14 09:00:00,Male,25,Bronze,Web,Khon Kaen,830,TV_Show,COD,9,1,1,0,20-30,27.666666666666668,0.0,0.0,0.0,-1,-1,0.0,0.0,0.0,0.0,0.0,0.0,0,0,0.0,0.0,0,0,0.0,0.0,0,0,0.0,0.0,0,0,0.0,0
LGS2ORD0001690,C013414,2025-01-14 09:00:00,Male,39,Silver,Lazada,Nakhon Ratchasima,339,CallCenter,COD,9,1,1,0,30-40,11.3,0.0,0.0,0.0,-1,-1,0.0,0.0,0.0,0.0,0.0,0.0,0,0,0.0,0.0,0,0,0.0,0.0,0,0,0.0,0.0,0,0,0.0,0
LGS2ORD0001691,C015424,2025-01-14 09:00:00,Male,37,Gold,Web,Khon Kaen,59,Shopee,Credit_Card,9,1,1,0,30-40,1.9666666666666666,0.0,0.0,0.0,-1,-1,0.0,0.0,0.0,0.0,0.0,0.0,0,0,0.0,0.0,0,0,0.0,0.0,0,0,0.0,0.0,0,0,0.0,0
LGS2ORD0001692,C012007,2025-01-14 09:00:00,Male,42,Silver,TV,Bangkok,736,TV_Show,PromptPay,9,1,1,0,40-50,24.533333333333335,0.0,0.0,0.0,-1,-1,0.0,0.0,0.0,0.0,0.0,0.0,0,0,0.0,0.0,0,0,0.0,0.0,0,0,0.0,0.0,0,0,0.0,1
LGS2ORD0001693,C013786,2025-01-14 10:00:00,Female,49,Gold,Shopee,Chiang Mai,31,Lazada,COD,10,1,1,0,40-50,1.0333333333333334,0.0,0.0,0.0,-1,-1,0.0,0.0,0.0,0.0,0.0,0.0,0,0,0.0,0.0,0,0,0.0,0.0,0,0,0.0,0.0,0,0,0.0,0
LGS2ORD0001694,C015536,2025-01-14 10:00:00,Male,51,Silver,Lazada,Phuket,559,Shopee,COD,10,1,1,0,>50,18.633333333333333,0.0,0.0,0.0,-1,-1,0.0,0.0,0.0,0.0,0.0,0.0,0,0,0.0,0.0,0,0,0.0,0.0,0,0,0.0,0.0,0,0,0.0,0
LGS2ORD0001695,C012827,2025-01-14 10:00:00,Female,47,Bronze,CallCenter,Songkhla,731,Shopee,COD,10,1,1,0,40-50,24.366666666666667,0.0,0.0,0.0,-1,-1,0.0,0.0,0.0,0.0,0.0,0.0,0,0,0.0,0.0,0,0,0.0,0.0,0,0,0.0,0.0,0,0,0.0,0
LGS2ORD0001696,C016354,2025-01-14 10:00:00,Male,59,Bronze,TV,Phuket,308,Lazada,COD,10,1,1,0,>50,10.266666666666667,0.0,0.0,0.0,-1,-1,0.0,0.0,0.0,0.0,0.0,0.0,0,0,0.0,0.0,0,0,0.0,0.0,0,0,0.0,0.0,0,0,0.0,0
LGS2ORD0001697,C012851,2025-01-14 10:00:00,Other,37,Bronze,Lazada,Bangkok,1212,Web,COD,10,1,1,0,30-40,40.4,0.0,0.0,0.0,-1,-1,0.0,0.0,0.0,0.0,0.0,0.0,0,0,0.0,0.0,0,0,0.0,0.0,0,0,0.0,0.0,0,0,0.0,0
LGS2ORD0001698,C012364,2025-01-14 11:00:00,Male,33,Gold,CallCenter,Songkhla,227,TV_Show,COD,11,1,1,0,30-40,7.566666666666666,0.0,0.0,0.0,-1,-1,0.0,0.0,0.0,0.0,0.0,0.0,0,0,0.0,0.0,0,0,0.0,0.0,0,0,0.0,0.0,0,0,0.0,1
LGS2ORD0001699,C013278,2025-01-14 11:00:00,Male,34,Silver,TV,Khon Kaen,1289,Shopee,COD,11,1,1,0,30-40,42.96666666666667,0.0,0.0,0.0,-1,-1,0.0,0.0,0.0,0.0,0.0,0.0,0,0,0.0,0.0,0,0,0.0,0.0,0,0,0.0,0.0,0,0,0.0,0
LGS2ORD0001700,C013823,2025-01-14 11:00:00,Female,43,Bronze,TV,Chiang Mai,303,CallCenter,Credit_Card,11,1,1,0,40-50,10.1,1.0,0.0,0.0,-1,1,4535.56,0.23,1.0,1.0,0.0,4535.56,1,0,0.0,4535.56,1,0,0.0,4535.56,1,0,0.0,4535.56,1,0,0.0,1
LGS2ORD0001701,C016998,2025-01-14 11:00:00,Female,53,Platinum,Web,Bangkok,440,Lazada,Credit_Card,11,1,1,0,>50,14.666666666666666,0.0,0.0,0.0,-1,-1,0.0,0.0,0.0,0.0,0.0,0.0,0,0,0.0,0.0,0,0,0.0,0.0,0,0,0.0,0.0,0,0,0.0,0
LGS2ORD0001702,C014887,2025-01-14 11:00:00,Female,25,Silver,Shopee,Bangkok,1406,CallCenter,Credit_Card,11,1,1,0,20-30,46.86666666666667,0.0,0.0,0.0,-1,-1,0.0,0.0,0.0,0.0,0.0,0.0,0,0,0.0,0.0,0,0,0.0,0.0,0,0,0.0,0.0,0,0,0.0,0
LGS2ORD0001703,C017756,2025-01-14 11:00:00,Male,58,Silver,CallCenter,Bangkok,747,Shopee,Credit_Card,11,1,1,0,>50,24.9,1.0,1.0,1.0,-4,4,2141.1,0.2,1.0,0.0,0.0,2141.1,1,1,1.0,2141.1,1,1,1.0,2141.1,1,1,1.0,2141.1,1,1,1.0,1
LGS2ORD0001704,C017178,2025-01-14 12:00:00,Male,45,Bronze,TV,Phuket,994,Lazada,COD,12,1,1,0,40-50,33.13333333333333,0.0,0.0,0.0,-1,-1,0.0,0.0,0.0,0.0,0.0,0.0,0,0,0.0,0.0,0,0,0.0,0.0,0,0,0.0,0.0,0,0,0.0,1
LGS2ORD0001705,C016419,2025-01-14 12:00:00,Male,33,Gold,Shopee,Nakhon Ratchasima,511,CallCenter,COD,12,1,1,0,30-40,17.033333333333335,1.0,0.0,0.0,-1,6,571.45,0.08,0.0,0.0,0.0,571.45,1,0,0.0,571.45,1,0,0.0,571.45,1,0,0.0,571.45,1,0,0.0,1
LGS2ORD0001706,C017276,2025-01-14 12:00:00,Female,37,Bronze,Web,Bangkok,785,Shopee,PromptPay,12,1,1,0,30-40,26.166666666666668,0.0,0.0,0.0,-1,-1,0.0,0.0,0.0,0.0,0.0,0.0,0,0,0.0,0.0,0,0,0.0,0.0,0,0,0.0,0.0,0,0,0.0,0
LGS2ORD0001707,C015627,2025-01-14 12:00:00,Female,35,Bronze,TV,Bangkok,647,TV_Show,COD,12,1,1,0,30-40,21.566666666666666,1.0,0.0,0.0,-1,6,3782.76,0.08,0.0,0.0,0.0,3782.76,1,0,0.0,3782.76,1,0,0.0,3782.76,1,0,0.0,3782.76,1,0,0.0,0
LGS2ORD0001708,C017150,2025-01-14 12:00:00,Female,52,Gold,Web,Chonburi,184,CallCenter,PromptPay,12,1,1,0,>50,6.133333333333334,1.0,0.0,0.0,-1,8,16930.18,0.13,0.0,0.0,0.0,0.0,0,0,0.0,16930.18,1,0,0.0,16930.18,1,0,0.0,16930.18,1,0,0.0,0
LGS2ORD0001709,C012588,2025-01-14 13:00:00,Female,26,Platinum,Web,Chonburi,1458,Lazada,Bank_Transfer,13,1,1,0,20-30,48.6,0.0,0.0,0.0,-1,-1,0.0,0.0,0.0,0.0,0.0,0.0,0,0,0.0,0.0,0,0,0.0,0.0,0,0,0.0,0.0,0,0,0.0,0
LGS2ORD0001710,C017788,2025-01-14 13:00:00,Male,52,Gold,Web,Bangkok,1188,TV_Show,Credit_Card,13,1,1,0,>50,39.6,0.0,0.0,0.0,-1,-1,0.0,0.0,0.0,0.0,0.0,0.0,0,0,0.0,0.0,0,0,0.0,0.0,0,0,0.0,0.0,0,0,0.0,1
LGS2ORD0001711,C013256,2025-01-14 13:00:00,Male,58,Silver,Lazada,Khon Kaen,1429,Lazada,Credit_Card,13,1,1,0,>50,47.63333333333333,0.0,0.0,0.0,-1,-1,0.0,0.0,0.0,0.0,0.0,0.0,0,0,0.0,0.0,0,0,0.0,0.0,0,0,0.0,0.0,0,0,0.0,0
LGS2ORD0001712,C014108,2025-01-14 13:00:00,Male,66,Silver,TV,Khon Kaen,418,Web,COD,13,1,1,0,>50,13.933333333333334,2.0,0.0,0.0,-1,3,7015.385,0.1,0.0,0.0,0.0,5841.89,1,0,0.0,14030.77,2,0,0.0,14030.77,2,0,0.0,14030.77,2,0,0.0,1
LGS2ORD0001713,C012303,2025-01-14 13:00:00,Male,39,Silver,TV,Nakhon Ratchasima,1212,TV_Show,Bank_Transfer,13,1,1,0,30-40,40.4,0.0,0.0,0.0,-1,-1,0.0,0.0,0.0,0.0,0.0,0.0,0,0,0.0,0.0,0,0,0.0,0.0,0,0,0.0,0.0,0,0,0.0,0
LGS2ORD0001714,C016485,2025-01-14 14:00:00,Male,38,Silver,Shopee,Songkhla,1269,Web,COD,14,1,1,0,30-40,42.3,0.0,0.0,0.0,-1,-1,0.0,0.0,0.0,0.0,0.0,0.0,0,0,0.0,0.0,0,0,0.0,0.0,0,0,0.0,0.0,0,0,0.0,1
LGS2ORD0001715,C011849,2025-01-14 14:00:00,Female,36,Gold,CallCenter,Songkhla,1179,TV_Show,PromptPay,14,1,1,0,30-40,39.3,0.0,0.0,0.0,-1,-1,0.0,0.0,0.0,0.0,0.0,0.0,0,0,0.0,0.0,0,0,0.0,0.0,0,0,0.0,0.0,0,0,0.0,0
LGS2ORD0001716,C017133,2025-01-14 14:00:00,Female,22,Gold,Shopee,Nakhon Ratchasima,939,Lazada,PromptPay,14,1,1,0,20-30,31.3,0.0,0.0,0.0,-1,-1,0.0,0.0,0.0,0.0,0.0,0.0,0,0,0.0,0.0,0,0,0.0,0.0,0,0,0.0,0.0,0,0,0.0,0
LGS2ORD0001717,C017180,2025-01-14 14:00:00,Male,45,Silver,Shopee,Khon Kaen,436,Web,Bank_Transfer,14,1,1,0,40-50,14.533333333333333,0.0,0.0,0.0,-1,-1,0.0,0.0,0.0,0.0,0.0,0.0,0,0,0.0,0.0,0,0,0.0,0.0,0,0,0.0,0.0,0,0,0.0,0
LGS2ORD0001718,C016564,2025-01-14 14:00:00,Male,55,Bronze,Web,Nakhon Ratchasima,828,CallCenter,COD,14,1,1,0,>50,27.6,0.0,0.0,0.0,-1,-1,0.0,0.0,0.0,0.0,0.0,0.0,0,0,0.0,0.0,0,0,0.0,0.0,0,0,0.0,0.0,0,0,0.0,0
LGS2ORD0001719,C014973,2025-01-14 15:00:00,Male,27,Silver,TV,Chiang Mai,876,Shopee,Credit_Card,15,1,1,0,20-30,29.2,0.0,0.0,0.0,-1,-1,0.0,0.0,0.0,0.0,0.0,0.0,0,0,0.0,0.0,0,0,0.0,0.0,0,0,0.0,0.0,0,0,0.0,0
LGS2ORD0001720,C015486,2025-01-14 15:00:00,Female,21,Bronze,Shopee,Khon Kaen,1066,Web,COD,15,1,1,0,20-30,35.53333333333333,0.0,0.0,0.0,-1,-1,0.0,0.0,0.0,0.0,0.0,0.0,0,0,0.0,0.0,0,0,0.0,0.0,0,0,0.0,0.0,0,0,0.0,1
LGS2ORD0001721,C011606,2025-01-14 15:00:00,Female,61,Bronze,TV,Bangkok,1313,Web,Credit_Card,15,1,1,0,>50,43.766666666666666,0.0,0.0,0.0,-1,-1,0.0,0.0,0.0,0.0,0.0,0.0,0,0,0.0,0.0,0,0,0.0,0.0,0,0,0.0,0.0,0,0,0.0,0
LGS2ORD0001722,C014567,2025-01-14 15:00:00,Female,45,Silver,Shopee,Bangkok,44,TV_Show,Credit_Card,15,1,1,0,40-50,1.4666666666666666,1.0,1.0,1.0,-2,4,487.69,0.1,0.0,0.0,0.0,487.69,1,1,1.0,487.69,1,1,1.0,487.69,1,1,1.0,487.69,1,1,1.0,1
LGS2ORD0001723,C016623,2025-01-14 15:00:00,Female,52,Gold,TV,Phuket,326,Lazada,COD,15,1,1,0,>50,10.866666666666667,0.0,0.0,0.0,-1,-1,0.0,0.0,0.0,0.0,0.0,0.0,0,0,0.0,0.0,0,0,0.0,0.0,0,0,0.0,0.0,0,0,0.0,0
LGS2ORD0001724,C013427,2025-01-14 15:00:00,Male,53,Bronze,Shopee,Phuket,1383,TV_Show,COD,15,1,1,0,>50,46.1,0.0,0.0,0.0,-1,-1,0.0,0.0,0.0,0.0,0.0,0.0,0,0,0.0,0.0,0,0,0.0,0.0,0,0,0.0,0.0,0,0,0.0,0
LGS2ORD0001725,C017384,2025-01-14 16:00:00,Male,41,Silver,Shopee,Bangkok,1210,Web,PromptPay,16,1,1,0,40-50,40.333333333333336,0.0,0.0,0.0,-1,-1,0.0,0.0,0.0,0.0,0.0,0.0,0,0,0.0,0.0,0,0,0.0,0.0,0,0,0.0,0.0,0,0,0.0,0
LGS2ORD0001726,C013181,2025-01-14 16:00:00,Female,44,Platinum,TV,Bangkok,1220,TV_Show,Credit_Card,16,1,1,0,40-50,40.666666666666664,2.0,2.0,1.0,0,4,2278.535,0.15,0.0,0.0,0.0,4557.07,2,2,1.0,4557.07,2,2,1.0,4557.07,2,2,1.0,4557.07,2,2,1.0,0
LGS2ORD0001727,C015820,2025-01-14 16:00:00,Female,33,Platinum,Shopee,Songkhla,75,Shopee,Credit_Card,16,1,1,0,30-40,2.5,1.0,0.0,0.0,-1,7,11079.15,0.25,0.0,1.0,0.0,0.0,0,0,0.0,11079.15,1,0,0.0,11079.15,1,0,0.0,11079.15,1,0,0.0,0
LGS2ORD0001728,C013865,2025-01-14 16:00:00,Female,48,Gold,Shopee,Nakhon Ratchasima,1076,CallCenter,PromptPay,16,1,1,0,40-50,35.86666666666667,0.0,0.0,0.0,-1,-1,0.0,0.0,0.0,0.0,0.0,0.0,0,0,0.0,0.0,0,0,0.0,0.0,0,0,0.0,0.0,0,0,0.0,0
LGS2ORD0001729,C017732,2025-01-14 16:00:00,Male,49,Silver,Lazada,Bangkok,1340,Shopee,Credit_Card,16,1,1,0,40-50,44.666666666666664,1.0,0.0,0.0,-1,12,6162.98,0.05,0.0,0.0,0.0,0.0,0,0,0.0,6162.98,1,0,0.0,6162.98,1,0,0.0,6162.98,1,0,0.0,1
LGS2ORD0001730,C015856,2025-01-14 17:00:00,Female,63,Bronze,Shopee,Bangkok,468,Shopee,COD,17,1,1,0,>50,15.6,0.0,0.0,0.0,-1,-1,0.0,0.0,0.0,0.0,0.0,0.0,0,0,0.0,0.0,0,0,0.0,0.0,0,0,0.0,0.0,0,0,0.0,0
LGS2ORD0001731,C016582,2025-01-14 17:00:00,Female,52,Gold,Web,Bangkok,400,TV_Show,COD,17,1,1,0,>50,13.333333333333334,1.0,0.0,0.0,-1,5,429.99,0.18,1.0,0.0,0.0,429.99,1,0,0.0,429.99,1,0,0.0,429.99,1,0,0.0,429.99,1,0,0.0,1
LGS2ORD0001732,C014886,2025-01-14 17:00:00,Female,31,Gold,TV,Khon Kaen,419,Lazada,Credit_Card,17,1,1,0,30-40,13.966666666666667,0.0,0.0,0.0,-1,-1,0.0,0.0,0.0,0.0,0.0,0.0,0,0,0.0,0.0,0,0,0.0,0.0,0,0,0.0,0.0,0,0,0.0,0
LGS2ORD0001733,C016607,2025-01-14 17:00:00,Male,46,Bronze,TV,Songkhla,1042,TV_Show,Bank_Transfer,17,1,1,0,40-50,34.733333333333334,0.0,0.0,0.0,-1,-1,0.0,0.0,0.0,0.0,0.0,0.0,0,0,0.0,0.0,0,0,0.0,0.0,0,0,0.0,0.0,0,0,0.0,1
LGS2ORD0001734,C011863,2025-01-14 17:00:00,Male,41,Bronze,CallCenter,Bangkok,235,TV_Show,COD,17,1,1,0,40-50,7.833333333333333,0.0,0.0,0.0,-1,-1,0.0,0.0,0.0,0.0,0.0,0.0,0,0,0.0,0.0,0,0,0.0,0.0,0,0,0.0,0.0,0,0,0.0,1
LGS2ORD0001735,C010881,2025-01-14 18:00:00,Female,42,Silver,TV,Remote_Area,1380,CallCenter,Bank_Transfer,18,1,1,0,40-50,46.0,0.0,0.0,0.0,-1,-1,0.0,0.0,0.0,0.0,0.0,0.0,0,0,0.0,0.0,0,0,0.0,0.0,0,0,0.0,0.0,0,0,0.0,0
LGS2ORD0001736,C016670,2025-01-14 18:00:00,Female,27,Bronze,Shopee,Nakhon Ratchasima,1070,TV_Show,PromptPay,18,1,1,0,20-30,35.666666666666664,0.0,0.0,0.0,-1,-1,0.0,0.0,0.0,0.0,0.0,0.0,0,0,0.0,0.0,0,0,0.0,0.0,0,0,0.0,0.0,0,0,0.0,1
LGS2ORD0001737,C014016,2025-01-14 18:00:00,Female,34,Platinum,CallCenter,Chonburi,1073,TV_Show,COD,18,1,1,0,30-40,35.766666666666666,0.0,0.0,0.0,-1,-1,0.0,0.0,0.0,0.0,0.0,0.0,0,0,0.0,0.0,0,0,0.0,0.0,0,0,0.0,0.0,0,0,0.0,0
LGS2ORD0001738,C014893,2025-01-14 18:00:00,Female,29,Bronze,Shopee,Phuket,555,TV_Show,Credit_Card,18,1,1,0,20-30,18.5,1.0,0.0,0.0,-1,9,2307.0,0.23,0.0,1.0,0.0,0.0,0,0,0.0,2307.0,1,0,0.0,2307.0,1,0,0.0,2307.0,1,0,0.0,0
LGS2ORD0001739,C015457,2025-01-14 18:00:00,Female,37,Bronze,TV,Khon Kaen,449,CallCenter,COD,18,1,1,0,30-40,14.966666666666667,1.0,1.0,1.0,-12,4,2415.67,0.03,1.0,0.0,0.0,2415.67,1,1,1.0,2415.67,1,1,1.0,2415.67,1,1,1.0,2415.67,1,1,1.0,0
LGS2ORD0001740,C013925,2025-01-14 19:00:00,Male,59,Bronze,TV,Bangkok,1049,Shopee,COD,19,1,1,0,>50,34.96666666666667,0.0,0.0,0.0,-1,-1,0.0,0.0,0.0,0.0,0.0,0.0,0,0,0.0,0.0,0,0,0.0,0.0,0,0,0.0,0.0,0,0,0.0,0
LGS2ORD0001741,C015805,2025-01-14 19:00:00,Male,41,Gold,TV,Chiang Mai,962,Shopee,COD,19,1,1,0,40-50,32.06666666666667,0.0,0.0,0.0,-1,-1,0.0,0.0,0.0,0.0,0.0,0.0,0,0,0.0,0.0,0,0,0.0,0.0,0,0,0.0,0.0,0,0,0.0,0
LGS2ORD0001742,C016252,2025-01-14 19:00:00,Male,62,Bronze,Shopee,Nakhon Ratchasima,1320,Lazada,COD,19,1,1,0,>50,44.0,0.0,0.0,0.0,-1,-1,0.0,0.0,0.0,0.0,0.0,0.0,0,0,0.0,0.0,0,0,0.0,0.0,0,0,0.0,0.0,0,0,0.0,0
LGS2ORD0001743,C011779,2025-01-14 19:00:00,Female,24,Bronze,TV,Phuket,1259,Web,PromptPay,19,1,1,0,20-30,41.96666666666667,0.0,0.0,0.0,-1,-1,0.0,0.0,0.0,0.0,0.0,0.0,0,0,0.0,0.0,0,0,0.0,0.0,0,0,0.0,0.0,0,0,0.0,0
LGS2ORD0001744,C011323,2025-01-14 19:00:00,Male,36,Silver,Web,Nakhon Ratchasima,598,TV_Show,COD,19,1,1,0,30-40,19.933333333333334,0.0,0.0,0.0,-1,-1,0.0,0.0,0.0,0.0,0.0,0.0,0,0,0.0,0.0,0,0,0.0,0.0,0,0,0.0,0.0,0,0,0.0,1
LGS2ORD0001745,C012382,2025-01-14 19:00:00,Female,44,Silver,TV,Songkhla,995,TV_Show,Credit_Card,19,1,1,0,40-50,33.166666666666664,0.0,0.0,0.0,-1,-1,0.0,0.0,0.0,0.0,0.0,0.0,0,0,0.0,0.0,0,0,0.0,0.0,0,0,0.0,0.0,0,0,0.0,0
LGS2ORD0001746,C010037,2025-01-14 20:00:00,Male,36,Bronze,CallCenter,Bangkok,781,Shopee,PromptPay,20,1,1,0,30-40,26.033333333333335,0.0,0.0,0.0,-1,-1,0.0,0.0,0.0,0.0,0.0,0.0,0,0,0.0,0.0,0,0,0.0,0.0,0,0,0.0,0.0,0,0,0.0,0
LGS2ORD0001747,C017706,2025-01-14 20:00:00,Female,45,Bronze,Shopee,Bangkok,1240,Lazada,Credit_Card,20,1,1,0,40-50,41.333333333333336,0.0,0.0,0.0,-1,-1,0.0,0.0,0.0,0.0,0.0,0.0,0,0,0.0,0.0,0,0,0.0,0.0,0,0,0.0,0.0,0,0,0.0,0
LGS2ORD0001748,C017000,2025-01-14 20:00:00,Male,39,Gold,Shopee,Khon Kaen,758,TV_Show,Credit_Card,20,1,1,0,30-40,25.266666666666666,0.0,0.0,0.0,-1,-1,0.0,0.0,0.0,0.0,0.0,0.0,0,0,0.0,0.0,0,0,0.0,0.0,0,0,0.0,0.0,0,0,0.0,0
LGS2ORD0001749,C017463,2025-01-14 20:00:00,Male,43,Silver,Web,Phuket,188,Lazada,Bank_Transfer,20,1,1,0,40-50,6.266666666666667,0.0,0.0,0.0,-1,-1,0.0,0.0,0.0,0.0,0.0,0.0,0,0,0.0,0.0,0,0,0.0,0.0,0,0,0.0,0.0,0,0,0.0,0
LGS2ORD0001750,C010764,2025-01-14 20:00:00,Male,37,Silver,Lazada,Remote_Area,293,Lazada,COD,20,1,1,0,30-40,9.766666666666667,0.0,0.0,0.0,-1,-1,0.0,0.0,0.0,0.0,0.0,0.0,0,0,0.0,0.0,0,0,0.0,0.0,0,0,0.0,0.0,0,0,0.0,0
LGS2ORD0001751,C014235,2025-01-14 21:00:00,Male,31,Silver,TV,Bangkok,332,Shopee,COD,21,1,1,0,30-40,11.066666666666666,0.0,0.0,0.0,-1,-1,0.0,0.0,0.0,0.0,0.0,0.0,0,0,0.0,0.0,0,0,0.0,0.0,0,0,0.0,0.0,0,0,0.0,0
LGS2ORD0001752,C013358,2025-01-14 21:00:00,Female,71,Bronze,TV,Bangkok,193,TV_Show,COD,21,1,1,0,>50,6.433333333333334,1.0,0.0,0.0,-1,10,5090.63,0.03,0.0,0.0,0.0,0.0,0,0,0.0,5090.63,1,0,0.0,5090.63,1,0,0.0,5090.63,1,0,0.0,0
LGS2ORD0001753,C011704,2025-01-14 21:00:00,Female,56,Silver,Web,Chonburi,1125,Lazada,PromptPay,21,1,1,0,>50,37.5,0.0,0.0,0.0,-1,-1,0.0,0.0,0.0,0.0,0.0,0.0,0,0,0.0,0.0,0,0,0.0,0.0,0,0,0.0,0.0,0,0,0.0,0
LGS2ORD0001754,C012138,2025-01-14 21:00:00,Female,37,Silver,Web,Phuket,861,Web,Credit_Card,21,1,1,0,30-40,28.7,0.0,0.0,0.0,-1,-1,0.0,0.0,0.0,0.0,0.0,0.0,0,0,0.0,0.0,0,0,0.0,0.0,0,0,0.0,0.0,0,0,0.0,0
LGS2ORD0001755,C013449,2025-01-14 21:00:00,Female,52,Bronze,Web,Chonburi,913,Lazada,PromptPay,21,1,1,0,>50,30.433333333333334,0.0,0.0,0.0,-1,-1,0.0,0.0,0.0,0.0,0.0,0.0,0,0,0.0,0.0,0,0,0.0,0.0,0,0,0.0,0.0,0,0,0.0,0
LGS2ORD0001756,C012217,2025-01-14 22:00:00,Male,47,Bronze,TV,Bangkok,1300,TV_Show,PromptPay,22,1,1,0,40-50,43.333333333333336,0.0,0.0,0.0,-1,-1,0.0,0.0,0.0,0.0,0.0,0.0,0,0,0.0,0.0,0,0,0.0,0.0,0,0,0.0,0.0,0,0,0.0,0
LGS2ORD0001757,C011849,2025-01-14 22:00:00,Female,36,Gold,CallCenter,Songkhla,1179,Web,COD,22,1,1,0,30-40,39.3,1.0,0.0,0.0,-1,0,2906.93,0.2299999999999999,0.0,1.0,0.0,2906.93,1,0,0.0,2906.93,1,0,0.0,2906.93,1,0,0.0,2906.93,1,0,0.0,0
LGS2ORD0001758,C017082,2025-01-14 22:00:00,Female,34,Bronze,TV,Chiang Mai,707,CallCenter,COD,22,1,1,0,30-40,23.566666666666666,0.0,0.0,0.0,-1,-1,0.0,0.0,0.0,0.0,0.0,0.0,0,0,0.0,0.0,0,0,0.0,0.0,0,0,0.0,0.0,0,0,0.0,1
LGS2ORD0001759,C014720,2025-01-14 22:00:00,Male,35,Bronze,Shopee,Chonburi,993,Shopee,Credit_Card,22,1,1,0,30-40,33.1,1.0,0.0,0.0,-1,12,1666.09,0.03,0.0,0.0,0.0,0.0,0,0,0.0,1666.09,1,0,0.0,1666.09,1,0,0.0,1666.09,1,0,0.0,0
LGS2ORD0001760,C016438,2025-01-14 22:00:00,Female,44,Bronze,CallCenter,Khon Kaen,918,Web,COD,22,1,1,0,40-50,30.6,0.0,0.0,0.0,-1,-1,0.0,0.0,0.0,0.0,0.0,0.0,0,0,0.0,0.0,0,0,0.0,0.0,0,0,0.0,0.0,0,0,0.0,1
LGS2ORD0001761,C017241,2025-01-14 23:00:00,Male,58,Bronze,TV,Phuket,1238,Web,PromptPay,23,1,1,0,>50,41.266666666666666,0.0,0.0,0.0,-1,-1,0.0,0.0,0.0,0.0,0.0,0.0,0,0,0.0,0.0,0,0,0.0,0.0,0,0,0.0,0.0,0,0,0.0,0
LGS2ORD0001762,C016042,2025-01-14 23:00:00,Female,63,Silver,Shopee,Remote_Area,942,Shopee,COD,23,1,1,0,>50,31.4,0.0,0.0,0.0,-1,-1,0.0,0.0,0.0,0.0,0.0,0.0,0,0,0.0,0.0,0,0,0.0,0.0,0,0,0.0,0.0,0,0,0.0,0
LGS2ORD0001763,C012165,2025-01-14 23:00:00,Male,29,Bronze,Shopee,Phuket,642,TV_Show,COD,23,1,1,0,20-30,21.4,0.0,0.0,0.0,-1,-1,0.0,0.0,0.0,0.0,0.0,0.0,0,0,0.0,0.0,0,0,0.0,0.0,0,0,0.0,0.0,0,0,0.0,1
LGS2ORD0001764,C014313,2025-01-14 23:00:00,Female,49,Bronze,Shopee,Chiang Mai,94,Web,PromptPay,23,1,1,0,40-50,3.1333333333333333,0.0,0.0,0.0,-1,-1,0.0,0.0,0.0,0.0,0.0,0.0,0,0,0.0,0.0,0,0,0.0,0.0,0,0,0.0,0.0,0,0,0.0,0
LGS2ORD0001765,C017668,2025-01-14 23:00:00,Male,55,Bronze,Shopee,Remote_Area,345,Lazada,Credit_Card,23,1,1,0,>50,11.5,0.0,0.0,0.0,-1,-1,0.0,0.0,0.0,0.0,0.0,0.0,0,0,0.0,0.0,0,0,0.0,0.0,0,0,0.0,0.0,0,0,0.0,0
LGS2ORD0001766,C014069,2025-01-14 23:00:00,Female,55,Silver,Web,Bangkok,1468,Lazada,Credit_Card,23,1,1,0,>50,48.93333333333333,0.0,0.0,0.0,-1,-1,0.0,0.0,0.0,0.0,0.0,0.0,0,0,0.0,0.0,0,0,0.0,0.0,0,0,0.0,0.0,0,0,0.0,0
LGS2ORD0001767,C010253,2025-01-15 00:00:00,Male,52,Bronze,Web,Bangkok,1415,TV_Show,COD,0,1,2,0,>50,47.166666666666664,1.0,0.0,0.0,-1,0,453.18,0.23,0.0,1.0,0.0,453.18,1,0,0.0,453.18,1,0,0.0,453.18,1,0,0.0,453.18,1,0,0.0,0
LGS2ORD0001768,C013158,2025-01-15 00:00:00,Male,51,Silver,Shopee,Chonburi,796,TV_Show,Credit_Card,0,1,2,0,>50,26.533333333333335,0.0,0.0,0.0,-1,-1,0.0,0.0,0.0,0.0,0.0,0.0,0,0,0.0,0.0,0,0,0.0,0.0,0,0,0.0,0.0,0,0,0.0,1
LGS2ORD0001769,C014688,2025-01-15 00:00:00,Male,39,Gold,CallCenter,Bangkok,46,TV_Show,PromptPay,0,1,2,0,30-40,1.5333333333333334,0.0,0.0,0.0,-1,-1,0.0,0.0,0.0,0.0,0.0,0.0,0,0,0.0,0.0,0,0,0.0,0.0,0,0,0.0,0.0,0,0,0.0,0
LGS2ORD0001770,C012482,2025-01-15 00:00:00,Male,42,Gold,Web,Chiang Mai,632,CallCenter,PromptPay,0,1,2,0,40-50,21.066666666666666,0.0,0.0,0.0,-1,-1,0.0,0.0,0.0,0.0,0.0,0.0,0,0,0.0,0.0,0,0,0.0,0.0,0,0,0.0,0.0,0,0,0.0,0
LGS2ORD0001771,C016235,2025-01-15 00:00:00,Male,37,Bronze,Web,Chiang Mai,559,TV_Show,Credit_Card,0,1,2,0,30-40,18.633333333333333,0.0,0.0,0.0,-1,-1,0.0,0.0,0.0,0.0,0.0,0.0,0,0,0.0,0.0,0,0,0.0,0.0,0,0,0.0,0.0,0,0,0.0,0
LGS2ORD0001772,C014193,2025-01-15 01:00:00,Male,32,Gold,Lazada,Bangkok,528,Web,Credit_Card,1,1,2,0,30-40,17.6,0.0,0.0,0.0,-1,-1,0.0,0.0,0.0,0.0,0.0,0.0,0,0,0.0,0.0,0,0,0.0,0.0,0,0,0.0,0.0,0,0,0.0,0
LGS2ORD0001773,C014170,2025-01-15 01:00:00,Female,39,Silver,Lazada,Bangkok,208,TV_Show,Bank_Transfer,1,1,2,0,30-40,6.933333333333334,0.0,0.0,0.0,-1,-1,0.0,0.0,0.0,0.0,0.0,0.0,0,0,0.0,0.0,0,0,0.0,0.0,0,0,0.0,0.0,0,0,0.0,0
LGS2ORD0001774,C012439,2025-01-15 01:00:00,Male,51,Bronze,TV,Khon Kaen,966,Shopee,COD,1,1,2,0,>50,32.2,1.0,0.0,0.0,-1,8,1198.02,0.08,0.0,0.0,0.0,0.0,0,0,0.0,1198.02,1,0,0.0,1198.02,1,0,0.0,1198.02,1,0,0.0,1
LGS2ORD0001775,C016101,2025-01-15 01:00:00,Female,40,Silver,TV,Phuket,401,TV_Show,COD,1,1,2,0,30-40,13.366666666666667,0.0,0.0,0.0,-1,-1,0.0,0.0,0.0,0.0,0.0,0.0,0,0,0.0,0.0,0,0,0.0,0.0,0,0,0.0,0.0,0,0,0.0,1
LGS2ORD0001776,C010549,2025-01-15 01:00:00,Male,62,Gold,Shopee,Nakhon Ratchasima,1091,Shopee,COD,1,1,2,0,>50,36.36666666666667,2.0,0.0,0.0,-1,5,1994.2199999999998,0.28,1.0,0.5,0.0,2439.37,1,0,0.0,3988.4399999999996,2,0,0.0,3988.4399999999996,2,0,0.0,3988.4399999999996,2,0,0.0,0
LGS2ORD0001777,C010331,2025-01-15 02:00:00,Female,54,Silver,TV,Bangkok,387,CallCenter,COD,2,1,2,0,>50,12.9,1.0,0.0,0.0,-1,7,2835.13,0.1,0.0,0.0,0.0,0.0,0,0,0.0,2835.13,1,0,0.0,2835.13,1,0,0.0,2835.13,1,0,0.0,0
LGS2ORD0001778,C016474,2025-01-15 02:00:00,Male,40,Bronze,TV,Khon Kaen,902,Lazada,COD,2,1,2,0,30-40,30.066666666666666,0.0,0.0,0.0,-1,-1,0.0,0.0,0.0,0.0,0.0,0.0,0,0,0.0,0.0,0,0,0.0,0.0,0,0,0.0,0.0,0,0,0.0,0
LGS2ORD0001779,C017762,2025-01-15 02:00:00,Other,23,Gold,Lazada,Nakhon Ratchasima,879,Shopee,COD,2,1,2,0,20-30,29.3,0.0,0.0,0.0,-1,-1,0.0,0.0,0.0,0.0,0.0,0.0,0,0,0.0,0.0,0,0,0.0,0.0,0,0,0.0,0.0,0,0,0.0,1
LGS2ORD0001780,C015065,2025-01-15 02:00:00,Female,59,Silver,CallCenter,Chiang Mai,1372,TV_Show,Credit_Card,2,1,2,0,>50,45.733333333333334,0.0,0.0,0.0,-1,-1,0.0,0.0,0.0,0.0,0.0,0.0,0,0,0.0,0.0,0,0,0.0,0.0,0,0,0.0,0.0,0,0,0.0,0
LGS2ORD0001781,C015176,2025-01-15 02:00:00,Female,69,Gold,TV,Phuket,291,Lazada,Credit_Card,2,1,2,0,>50,9.7,0.0,0.0,0.0,-1,-1,0.0,0.0,0.0,0.0,0.0,0.0,0,0,0.0,0.0,0,0,0.0,0.0,0,0,0.0,0.0,0,0,0.0,0
LGS2ORD0001782,C016696,2025-01-15 03:00:00,Female,30,Platinum,Shopee,Phuket,1018,Shopee,COD,3,1,2,0,20-30,33.93333333333333,0.0,0.0,0.0,-1,-1,0.0,0.0,0.0,0.0,0.0,0.0,0,0,0.0,0.0,0,0,0.0,0.0,0,0,0.0,0.0,0,0,0.0,1
LGS2ORD0001783,C011417,2025-01-15 03:00:00,Female,32,Silver,Lazada,Nakhon Ratchasima,762,Lazada,COD,3,1,2,0,30-40,25.4,0.0,0.0,0.0,-1,-1,0.0,0.0,0.0,0.0,0.0,0.0,0,0,0.0,0.0,0,0,0.0,0.0,0,0,0.0,0.0,0,0,0.0,0
LGS2ORD0001784,C012852,2025-01-15 03:00:00,Female,70,Bronze,CallCenter,Bangkok,1082,Shopee,COD,3,1,2,0,>50,36.06666666666667,1.0,0.0,0.0,-1,3,580.43,0.23,0.0,1.0,0.0,580.43,1,0,0.0,580.43,1,0,0.0,580.43,1,0,0.0,580.43,1,0,0.0,0
LGS2ORD0001785,C012342,2025-01-15 03:00:00,Other,43,Platinum,Lazada,Bangkok,1162,TV_Show,COD,3,1,2,0,40-50,38.733333333333334,1.0,0.0,0.0,-1,7,16262.91,0.25,1.0,1.0,0.0,0.0,0,0,0.0,16262.91,1,0,0.0,16262.91,1,0,0.0,16262.91,1,0,0.0,0
LGS2ORD0001786,C012717,2025-01-15 03:00:00,Male,58,Bronze,Shopee,Chonburi,1272,TV_Show,COD,3,1,2,0,>50,42.4,1.0,0.0,0.0,-1,1,1650.73,0.03,0.0,0.0,0.0,1650.73,1,0,0.0,1650.73,1,0,0.0,1650.73,1,0,0.0,1650.73,1,0,0.0,0
LGS2ORD0001787,C017524,2025-01-15 03:00:00,Male,48,Bronze,Shopee,Remote_Area,1107,TV_Show,Credit_Card,3,1,2,0,40-50,36.9,0.0,0.0,0.0,-1,-1,0.0,0.0,0.0,0.0,0.0,0.0,0,0,0.0,0.0,0,0,0.0,0.0,0,0,0.0,0.0,0,0,0.0,1
LGS2ORD0001788,C014113,2025-01-15 04:00:00,Female,47,Silver,CallCenter,Khon Kaen,1215,TV_Show,COD,4,1,2,0,40-50,40.5,0.0,0.0,0.0,-1,-1,0.0,0.0,0.0,0.0,0.0,0.0,0,0,0.0,0.0,0,0,0.0,0.0,0,0,0.0,0.0,0,0,0.0,0
LGS2ORD0001789,C011284,2025-01-15 04:00:00,Female,46,Bronze,TV,Remote_Area,1252,CallCenter,COD,4,1,2,0,40-50,41.733333333333334,0.0,0.0,0.0,-1,-1,0.0,0.0,0.0,0.0,0.0,0.0,0,0,0.0,0.0,0,0,0.0,0.0,0,0,0.0,0.0,0,0,0.0,0
LGS2ORD0001790,C015390,2025-01-15 04:00:00,Male,32,Silver,TV,Chonburi,46,Shopee,Credit_Card,4,1,2,0,30-40,1.5333333333333334,0.0,0.0,0.0,-1,-1,0.0,0.0,0.0,0.0,0.0,0.0,0,0,0.0,0.0,0,0,0.0,0.0,0,0,0.0,0.0,0,0,0.0,0
LGS2ORD0001791,C013951,2025-01-15 04:00:00,Male,40,Bronze,Lazada,Bangkok,1335,TV_Show,PromptPay,4,1,2,0,30-40,44.5,0.0,0.0,0.0,-1,-1,0.0,0.0,0.0,0.0,0.0,0.0,0,0,0.0,0.0,0,0,0.0,0.0,0,0,0.0,0.0,0,0,0.0,0
LGS2ORD0001792,C017131,2025-01-15 04:00:00,Male,45,Silver,Shopee,Nakhon Ratchasima,557,TV_Show,COD,4,1,2,0,40-50,18.566666666666666,1.0,0.0,0.0,-1,9,296.66,0.1,1.0,0.0,0.0,0.0,0,0,0.0,296.66,1,0,0.0,296.66,1,0,0.0,296.66,1,0,0.0,0
LGS2ORD0001793,C014141,2025-01-15 05:00:00,Male,25,Bronze,Lazada,Nakhon Ratchasima,603,Shopee,COD,5,1,2,0,20-30,20.1,0.0,0.0,0.0,-1,-1,0.0,0.0,0.0,0.0,0.0,0.0,0,0,0.0,0.0,0,0,0.0,0.0,0,0,0.0,0.0,0,0,0.0,0
LGS2ORD0001794,C014003,2025-01-15 05:00:00,Female,46,Bronze,Shopee,Chiang Mai,47,TV_Show,COD,5,1,2,0,40-50,1.5666666666666667,0.0,0.0,0.0,-1,-1,0.0,0.0,0.0,0.0,0.0,0.0,0,0,0.0,0.0,0,0,0.0,0.0,0,0,0.0,0.0,0,0,0.0,0
LGS2ORD0001795,C017896,2025-01-15 05:00:00,Male,53,Gold,TV,Chiang Mai,570,Shopee,Credit_Card,5,1,2,0,>50,19.0,0.0,0.0,0.0,-1,-1,0.0,0.0,0.0,0.0,0.0,0.0,0,0,0.0,0.0,0,0,0.0,0.0,0,0,0.0,0.0,0,0,0.0,0
LGS2ORD0001796,C016144,2025-01-15 05:00:00,Male,42,Gold,TV,Phuket,372,TV_Show,COD,5,1,2,0,40-50,12.4,0.0,0.0,0.0,-1,-1,0.0,0.0,0.0,0.0,0.0,0.0,0,0,0.0,0.0,0,0,0.0,0.0,0,0,0.0,0.0,0,0,0.0,0
LGS2ORD0001797,C011671,2025-01-15 05:00:00,Female,51,Bronze,TV,Remote_Area,685,Web,Credit_Card,5,1,2,0,>50,22.833333333333332,0.0,0.0,0.0,-1,-1,0.0,0.0,0.0,0.0,0.0,0.0,0,0,0.0,0.0,0,0,0.0,0.0,0,0,0.0,0.0,0,0,0.0,0
LGS2ORD0001798,C011337,2025-01-15 06:00:00,Male,22,Bronze,TV,Remote_Area,498,Shopee,COD,6,1,2,0,20-30,16.6,0.0,0.0,0.0,-1,-1,0.0,0.0,0.0,0.0,0.0,0.0,0,0,0.0,0.0,0,0,0.0,0.0,0,0,0.0,0.0,0,0,0.0,1
LGS2ORD0001799,C013290,2025-01-15 06:00:00,Female,30,Silver,Lazada,Songkhla,371,Web,Credit_Card,6,1,2,0,20-30,12.366666666666667,0.0,0.0,0.0,-1,-1,0.0,0.0,0.0,0.0,0.0,0.0,0,0,0.0,0.0,0,0,0.0,0.0,0,0,0.0,0.0,0,0,0.0,0
LGS2ORD0001800,C012713,2025-01-15 06:00:00,Male,68,Bronze,TV,Bangkok,84,Shopee,COD,6,1,2,0,>50,2.8,0.0,0.0,0.0,-1,-1,0.0,0.0,0.0,0.0,0.0,0.0,0,0,0.0,0.0,0,0,0.0,0.0,0,0,0.0,0.0,0,0,0.0,0
LGS2ORD0001801,C013147,2025-01-15 06:00:00,Male,65,Bronze,TV,Chiang Mai,533,TV_Show,COD,6,1,2,0,>50,17.766666666666666,0.0,0.0,0.0,-1,-1,0.0,0.0,0.0,0.0,0.0,0.0,0,0,0.0,0.0,0,0,0.0,0.0,0,0,0.0,0.0,0,0,0.0,0
LGS2ORD0001802,C015614,2025-01-15 06:00:00,Male,56,Bronze,TV,Khon Kaen,975,Web,COD,6,1,2,0,>50,32.5,0.0,0.0,0.0,-1,-1,0.0,0.0,0.0,0.0,0.0,0.0,0,0,0.0,0.0,0,0,0.0,0.0,0,0,0.0,0.0,0,0,0.0,1
LGS2ORD0001803,C011893,2025-01-15 06:00:00,Male,37,Silver,Lazada,Chonburi,782,Shopee,COD,6,1,2,0,30-40,26.066666666666666,0.0,0.0,0.0,-1,-1,0.0,0.0,0.0,0.0,0.0,0.0,0,0,0.0,0.0,0,0,0.0,0.0,0,0,0.0,0.0,0,0,0.0,0
LGS2ORD0001804,C017627,2025-01-15 07:00:00,Male,45,Bronze,Shopee,Bangkok,28,Lazada,Bank_Transfer,7,1,2,0,40-50,0.9333333333333333,0.0,0.0,0.0,-1,-1,0.0,0.0,0.0,0.0,0.0,0.0,0,0,0.0,0.0,0,0,0.0,0.0,0,0,0.0,0.0,0,0,0.0,1
LGS2ORD0001805,C017431,2025-01-15 07:00:00,Female,42,Silver,TV,Khon Kaen,1108,Lazada,Credit_Card,7,1,2,0,40-50,36.93333333333333,0.0,0.0,0.0,-1,-1,0.0,0.0,0.0,0.0,0.0,0.0,0,0,0.0,0.0,0,0,0.0,0.0,0,0,0.0,0.0,0,0,0.0,0
LGS2ORD0001806,C017623,2025-01-15 07:00:00,Female,41,Silver,Web,Chiang Mai,1202,CallCenter,COD,7,1,2,0,40-50,40.06666666666667,1.0,0.0,0.0,-1,4,784.96,0.3,0.0,1.0,0.0,784.96,1,0,0.0,784.96,1,0,0.0,784.96,1,0,0.0,784.96,1,0,0.0,0
LGS2ORD0001807,C012943,2025-01-15 07:00:00,Female,62,Bronze,Web,Bangkok,1409,Shopee,PromptPay,7,1,2,0,>50,46.96666666666667,0.0,0.0,0.0,-1,-1,0.0,0.0,0.0,0.0,0.0,0.0,0,0,0.0,0.0,0,0,0.0,0.0,0,0,0.0,0.0,0,0,0.0,0
LGS2ORD0001808,C015059,2025-01-15 07:00:00,Male,26,Silver,TV,Phuket,235,Lazada,Credit_Card,7,1,2,0,20-30,7.833333333333333,0.0,0.0,0.0,-1,-1,0.0,0.0,0.0,0.0,0.0,0.0,0,0,0.0,0.0,0,0,0.0,0.0,0,0,0.0,0.0,0,0,0.0,1
LGS2ORD0001809,C012263,2025-01-15 08:00:00,Female,33,Gold,Shopee,Chiang Mai,303,TV_Show,Bank_Transfer,8,1,2,0,30-40,10.1,0.0,0.0,0.0,-1,-1,0.0,0.0,0.0,0.0,0.0,0.0,0,0,0.0,0.0,0,0,0.0,0.0,0,0,0.0,0.0,0,0,0.0,0
LGS2ORD0001810,C012110,2025-01-15 08:00:00,Male,52,Bronze,Shopee,Chonburi,34,Lazada,PromptPay,8,1,2,0,>50,1.1333333333333333,0.0,0.0,0.0,-1,-1,0.0,0.0,0.0,0.0,0.0,0.0,0,0,0.0,0.0,0,0,0.0,0.0,0,0,0.0,0.0,0,0,0.0,0
LGS2ORD0001811,C013364,2025-01-15 08:00:00,Male,29,Silver,TV,Phuket,359,CallCenter,Credit_Card,8,1,2,0,20-30,11.966666666666667,0.0,0.0,0.0,-1,-1,0.0,0.0,0.0,0.0,0.0,0.0,0,0,0.0,0.0,0,0,0.0,0.0,0,0,0.0,0.0,0,0,0.0,0
LGS2ORD0001812,C014487,2025-01-15 08:00:00,Other,44,Gold,Web,Bangkok,592,Web,COD,8,1,2,0,40-50,19.733333333333334,0.0,0.0,0.0,-1,-1,0.0,0.0,0.0,0.0,0.0,0.0,0,0,0.0,0.0,0,0,0.0,0.0,0,0,0.0,0.0,0,0,0.0,0
LGS2ORD0001813,C013140,2025-01-15 08:00:00,Other,56,Bronze,Lazada,Bangkok,1113,TV_Show,COD,8,1,2,0,>50,37.1,0.0,0.0,0.0,-1,-1,0.0,0.0,0.0,0.0,0.0,0.0,0,0,0.0,0.0,0,0,0.0,0.0,0,0,0.0,0.0,0,0,0.0,0
LGS2ORD0001814,C017056,2025-01-15 09:00:00,Female,43,Silver,Shopee,Khon Kaen,1227,Web,COD,9,1,2,0,40-50,40.9,0.0,0.0,0.0,-1,-1,0.0,0.0,0.0,0.0,0.0,0.0,0,0,0.0,0.0,0,0,0.0,0.0,0,0,0.0,0.0,0,0,0.0,1
LGS2ORD0001815,C015758,2025-01-15 09:00:00,Female,53,Bronze,TV,Khon Kaen,1292,Web,COD,9,1,2,0,>50,43.06666666666667,0.0,0.0,0.0,-1,-1,0.0,0.0,0.0,0.0,0.0,0.0,0,0,0.0,0.0,0,0,0.0,0.0,0,0,0.0,0.0,0,0,0.0,0
LGS2ORD0001816,C012702,2025-01-15 09:00:00,Male,46,Bronze,TV,Nakhon Ratchasima,1060,TV_Show,COD,9,1,2,0,40-50,35.333333333333336,0.0,0.0,0.0,-1,-1,0.0,0.0,0.0,0.0,0.0,0.0,0,0,0.0,0.0,0,0,0.0,0.0,0,0,0.0,0.0,0,0,0.0,0
LGS2ORD0001817,C011521,2025-01-15 09:00:00,Male,38,Bronze,Lazada,Khon Kaen,1026,Lazada,Credit_Card,9,1,2,0,30-40,34.2,1.0,0.0,0.0,-1,1,6372.28,0.23,0.0,1.0,0.0,6372.28,1,0,0.0,6372.28,1,0,0.0,6372.28,1,0,0.0,6372.28,1,0,0.0,0
LGS2ORD0001818,C017153,2025-01-15 09:00:00,Female,36,Bronze,Web,Bangkok,1110,Shopee,Bank_Transfer,9,1,2,0,30-40,37.0,0.0,0.0,0.0,-1,-1,0.0,0.0,0.0,0.0,0.0,0.0,0,0,0.0,0.0,0,0,0.0,0.0,0,0,0.0,0.0,0,0,0.0,0
LGS2ORD0001819,C017280,2025-01-15 10:00:00,Male,50,Bronze,CallCenter,Chonburi,32,TV_Show,COD,10,1,2,0,40-50,1.0666666666666667,1.0,1.0,1.0,-5,12,15901.05,0.18,1.0,0.0,0.0,0.0,0,0,0.0,15901.05,1,1,1.0,15901.05,1,1,1.0,15901.05,1,1,1.0,1
LGS2ORD0001820,C017132,2025-01-15 10:00:00,Male,61,Silver,TV,Bangkok,543,Shopee,COD,10,1,2,0,>50,18.1,0.0,0.0,0.0,-1,-1,0.0,0.0,0.0,0.0,0.0,0.0,0,0,0.0,0.0,0,0,0.0,0.0,0,0,0.0,0.0,0,0,0.0,1
LGS2ORD0001821,C011750,2025-01-15 10:00:00,Female,59,Bronze,TV,Khon Kaen,223,Shopee,COD,10,1,2,0,>50,7.433333333333334,1.0,0.0,0.0,-1,1,1227.56,0.18,1.0,0.0,0.0,1227.56,1,0,0.0,1227.56,1,0,0.0,1227.56,1,0,0.0,1227.56,1,0,0.0,1
LGS2ORD0001822,C017419,2025-01-15 10:00:00,Female,62,Bronze,TV,Khon Kaen,644,Web,COD,10,1,2,0,>50,21.466666666666665,1.0,1.0,1.0,0,5,1326.54,0.23,1.0,1.0,0.0,1326.54,1,1,1.0,1326.54,1,1,1.0,1326.54,1,1,1.0,1326.54,1,1,1.0,0
LGS2ORD0001823,C015234,2025-01-15 10:00:00,Female,42,Bronze,TV,Chonburi,353,CallCenter,Credit_Card,10,1,2,0,40-50,11.766666666666667,1.0,0.0,0.0,-1,9,2935.09,0.13,1.0,0.0,0.0,0.0,0,0,0.0,2935.09,1,0,0.0,2935.09,1,0,0.0,2935.09,1,0,0.0,0
LGS2ORD0001824,C017223,2025-01-15 10:00:00,Female,43,Bronze,Lazada,Nakhon Ratchasima,406,Shopee,COD,10,1,2,0,40-50,13.533333333333333,0.0,0.0,0.0,-1,-1,0.0,0.0,0.0,0.0,0.0,0.0,0,0,0.0,0.0,0,0,0.0,0.0,0,0,0.0,0.0,0,0,0.0,0
LGS2ORD0001825,C012236,2025-01-15 11:00:00,Male,25,Bronze,Shopee,Nakhon Ratchasima,419,TV_Show,Credit_Card,11,1,2,0,20-30,13.966666666666667,0.0,0.0,0.0,-1,-1,0.0,0.0,0.0,0.0,0.0,0.0,0,0,0.0,0.0,0,0,0.0,0.0,0,0,0.0,0.0,0,0,0.0,0
LGS2ORD0001826,C012645,2025-01-15 11:00:00,Female,45,Silver,Web,Nakhon Ratchasima,453,Shopee,COD,11,1,2,0,40-50,15.1,2.0,1.0,0.5,-5,5,6282.37,0.2,0.5,0.0,0.0,2005.78,1,1,1.0,12564.74,2,1,0.5,12564.74,2,1,0.5,12564.74,2,1,0.5,0
LGS2ORD0001827,C014096,2025-01-15 11:00:00,Male,26,Silver,TV,Khon Kaen,411,CallCenter,PromptPay,11,1,2,0,20-30,13.7,0.0,0.0,0.0,-1,-1,0.0,0.0,0.0,0.0,0.0,0.0,0,0,0.0,0.0,0,0,0.0,0.0,0,0,0.0,0.0,0,0,0.0,0
LGS2ORD0001828,C015519,2025-01-15 11:00:00,Female,49,Gold,Web,Remote_Area,674,CallCenter,COD,11,1,2,0,40-50,22.466666666666665,0.0,0.0,0.0,-1,-1,0.0,0.0,0.0,0.0,0.0,0.0,0,0,0.0,0.0,0,0,0.0,0.0,0,0,0.0,0.0,0,0,0.0,0
LGS2ORD0001829,C014566,2025-01-15 11:00:00,Other,38,Bronze,TV,Bangkok,94,TV_Show,COD,11,1,2,0,30-40,3.1333333333333333,0.0,0.0,0.0,-1,-1,0.0,0.0,0.0,0.0,0.0,0.0,0,0,0.0,0.0,0,0,0.0,0.0,0,0,0.0,0.0,0,0,0.0,0
LGS2ORD0001830,C013764,2025-01-15 12:00:00,Male,47,Platinum,Web,Nakhon Ratchasima,304,CallCenter,COD,12,1,2,0,40-50,10.133333333333333,0.0,0.0,0.0,-1,-1,0.0,0.0,0.0,0.0,0.0,0.0,0,0,0.0,0.0,0,0,0.0,0.0,0,0,0.0,0.0,0,0,0.0,0
LGS2ORD0001831,C015848,2025-01-15 12:00:00,Female,23,Bronze,Shopee,Chiang Mai,99,Shopee,COD,12,1,2,0,20-30,3.3,2.0,0.0,0.0,-1,3,9362.95,0.18,1.0,0.0,0.0,18725.9,2,0,0.0,18725.9,2,0,0.0,18725.9,2,0,0.0,18725.9,2,0,0.0,0
LGS2ORD0001832,C011520,2025-01-15 12:00:00,Male,59,Bronze,Shopee,Songkhla,1255,Web,COD,12,1,2,0,>50,41.833333333333336,0.0,0.0,0.0,-1,-1,0.0,0.0,0.0,0.0,0.0,0.0,0,0,0.0,0.0,0,0,0.0,0.0,0,0,0.0,0.0,0,0,0.0,0
LGS2ORD0001833,C013366,2025-01-15 12:00:00,Female,54,Platinum,TV,Chonburi,541,TV_Show,COD,12,1,2,0,>50,18.033333333333335,0.0,0.0,0.0,-1,-1,0.0,0.0,0.0,0.0,0.0,0.0,0,0,0.0,0.0,0,0,0.0,0.0,0,0,0.0,0.0,0,0,0.0,0
LGS2ORD0001834,C013935,2025-01-15 12:00:00,Female,69,Bronze,Shopee,Chonburi,1144,Web,Bank_Transfer,12,1,2,0,>50,38.13333333333333,0.0,0.0,0.0,-1,-1,0.0,0.0,0.0,0.0,0.0,0.0,0,0,0.0,0.0,0,0,0.0,0.0,0,0,0.0,0.0,0,0,0.0,0
LGS2ORD0001835,C012530,2025-01-15 13:00:00,Male,40,Silver,Shopee,Bangkok,263,Shopee,Credit_Card,13,1,2,0,30-40,8.766666666666667,0.0,0.0,0.0,-1,-1,0.0,0.0,0.0,0.0,0.0,0.0,0,0,0.0,0.0,0,0,0.0,0.0,0,0,0.0,0.0,0,0,0.0,0
LGS2ORD0001836,C012031,2025-01-15 13:00:00,Female,27,Silver,Web,Khon Kaen,830,Lazada,PromptPay,13,1,2,0,20-30,27.666666666666668,0.0,0.0,0.0,-1,-1,0.0,0.0,0.0,0.0,0.0,0.0,0,0,0.0,0.0,0,0,0.0,0.0,0,0,0.0,0.0,0,0,0.0,0
LGS2ORD0001837,C017800,2025-01-15 13:00:00,Female,38,Silver,Lazada,Bangkok,1368,Web,Credit_Card,13,1,2,0,30-40,45.6,1.0,0.0,0.0,-1,12,30910.04,0.2,0.0,0.0,0.0,0.0,0,0,0.0,30910.04,1,0,0.0,30910.04,1,0,0.0,30910.04,1,0,0.0,0
LGS2ORD0001838,C015090,2025-01-15 13:00:00,Male,58,Bronze,Web,Remote_Area,136,TV_Show,Bank_Transfer,13,1,2,0,>50,4.533333333333333,0.0,0.0,0.0,-1,-1,0.0,0.0,0.0,0.0,0.0,0.0,0,0,0.0,0.0,0,0,0.0,0.0,0,0,0.0,0.0,0,0,0.0,0
LGS2ORD0001839,C010026,2025-01-15 13:00:00,Female,51,Bronze,Web,Bangkok,541,Shopee,COD,13,1,2,0,>50,18.033333333333335,0.0,0.0,0.0,-1,-1,0.0,0.0,0.0,0.0,0.0,0.0,0,0,0.0,0.0,0,0,0.0,0.0,0,0,0.0,0.0,0,0,0.0,1
LGS2ORD0001840,C016292,2025-01-15 14:00:00,Male,35,Bronze,TV,Remote_Area,175,TV_Show,PromptPay,14,1,2,0,30-40,5.833333333333333,0.0,0.0,0.0,-1,-1,0.0,0.0,0.0,0.0,0.0,0.0,0,0,0.0,0.0,0,0,0.0,0.0,0,0,0.0,0.0,0,0,0.0,0
LGS2ORD0001841,C016270,2025-01-15 14:00:00,Male,48,Bronze,Lazada,Songkhla,1130,TV_Show,COD,14,1,2,0,40-50,37.666666666666664,0.0,0.0,0.0,-1,-1,0.0,0.0,0.0,0.0,0.0,0.0,0,0,0.0,0.0,0,0,0.0,0.0,0,0,0.0,0.0,0,0,0.0,1
LGS2ORD0001842,C017956,2025-01-15 14:00:00,Female,33,Bronze,TV,Songkhla,1141,Lazada,COD,14,1,2,0,30-40,38.03333333333333,0.0,0.0,0.0,-1,-1,0.0,0.0,0.0,0.0,0.0,0.0,0,0,0.0,0.0,0,0,0.0,0.0,0,0,0.0,0.0,0,0,0.0,1
LGS2ORD0001843,C017666,2025-01-15 14:00:00,Male,72,Gold,Web,Bangkok,284,Shopee,Bank_Transfer,14,1,2,0,>50,9.466666666666667,0.0,0.0,0.0,-1,-1,0.0,0.0,0.0,0.0,0.0,0.0,0,0,0.0,0.0,0,0,0.0,0.0,0,0,0.0,0.0,0,0,0.0,1
LGS2ORD0001844,C011879,2025-01-15 14:00:00,Male,52,Gold,Shopee,Bangkok,927,Web,Credit_Card,14,1,2,0,>50,30.9,1.0,0.0,0.0,-1,11,2002.8,0.08,1.0,0.0,0.0,0.0,0,0,0.0,2002.8,1,0,0.0,2002.8,1,0,0.0,2002.8,1,0,0.0,0
LGS2ORD0001845,C011361,2025-01-15 14:00:00,Female,40,Bronze,TV,Remote_Area,1189,Shopee,COD,14,1,2,0,30-40,39.63333333333333,1.0,0.0,0.0,-1,14,832.08,0.18,1.0,0.0,0.0,0.0,0,0,0.0,832.08,1,0,0.0,832.08,1,0,0.0,832.08,1,0,0.0,0
LGS2ORD0001846,C016551,2025-01-15 15:00:00,Female,46,Silver,TV,Bangkok,548,Shopee,COD,15,1,2,0,40-50,18.266666666666666,1.0,1.0,1.0,-6,2,6294.84,0.05,0.0,0.0,0.0,6294.84,1,1,1.0,6294.84,1,1,1.0,6294.84,1,1,1.0,6294.84,1,1,1.0,0
LGS2ORD0001847,C013382,2025-01-15 15:00:00,Female,48,Platinum,Shopee,Chonburi,1424,Lazada,COD,15,1,2,0,40-50,47.46666666666667,0.0,0.0,0.0,-1,-1,0.0,0.0,0.0,0.0,0.0,0.0,0,0,0.0,0.0,0,0,0.0,0.0,0,0,0.0,0.0,0,0,0.0,1
LGS2ORD0001848,C015011,2025-01-15 15:00:00,Female,34,Gold,Shopee,Khon Kaen,329,Lazada,Credit_Card,15,1,2,0,30-40,10.966666666666667,0.0,0.0,0.0,-1,-1,0.0,0.0,0.0,0.0,0.0,0.0,0,0,0.0,0.0,0,0,0.0,0.0,0,0,0.0,0.0,0,0,0.0,0
LGS2ORD0001849,C011713,2025-01-15 15:00:00,Male,57,Platinum,Shopee,Khon Kaen,577,CallCenter,PromptPay,15,1,2,0,>50,19.233333333333334,0.0,0.0,0.0,-1,-1,0.0,0.0,0.0,0.0,0.0,0.0,0,0,0.0,0.0,0,0,0.0,0.0,0,0,0.0,0.0,0,0,0.0,1
LGS2ORD0001850,C014414,2025-01-15 15:00:00,Male,46,Bronze,TV,Chiang Mai,1213,Web,Credit_Card,15,1,2,0,40-50,40.43333333333333,0.0,0.0,0.0,-1,-1,0.0,0.0,0.0,0.0,0.0,0.0,0,0,0.0,0.0,0,0,0.0,0.0,0,0,0.0,0.0,0,0,0.0,0
LGS2ORD0001851,C013558,2025-01-15 16:00:00,Female,47,Bronze,TV,Bangkok,505,Web,PromptPay,16,1,2,0,40-50,16.833333333333332,0.0,0.0,0.0,-1,-1,0.0,0.0,0.0,0.0,0.0,0.0,0,0,0.0,0.0,0,0,0.0,0.0,0,0,0.0,0.0,0,0,0.0,0
LGS2ORD0001852,C013301,2025-01-15 16:00:00,Female,42,Bronze,Web,Nakhon Ratchasima,1029,Shopee,COD,16,1,2,0,40-50,34.3,1.0,0.0,0.0,-1,4,4805.59,0.18,0.0,0.0,0.0,4805.59,1,0,0.0,4805.59,1,0,0.0,4805.59,1,0,0.0,4805.59,1,0,0.0,0
LGS2ORD0001853,C010449,2025-01-15 16:00:00,Female,41,Gold,Web,Bangkok,502,Shopee,COD,16,1,2,0,40-50,16.733333333333334,1.0,0.0,0.0,-1,7,1754.69,0.08,1.0,0.0,0.0,0.0,0,0,0.0,1754.69,1,0,0.0,1754.69,1,0,0.0,1754.69,1,0,0.0,1
LGS2ORD0001854,C011595,2025-01-15 16:00:00,Female,64,Bronze,TV,Bangkok,62,Shopee,PromptPay,16,1,2,0,>50,2.066666666666667,0.0,0.0,0.0,-1,-1,0.0,0.0,0.0,0.0,0.0,0.0,0,0,0.0,0.0,0,0,0.0,0.0,0,0,0.0,0.0,0,0,0.0,0
LGS2ORD0001855,C012263,2025-01-15 16:00:00,Female,33,Gold,Shopee,Chiang Mai,303,Web,Bank_Transfer,16,1,2,0,30-40,10.1,1.0,0.0,0.0,-1,0,1018.59,0.13,0.0,0.0,0.0,1018.59,1,0,0.0,1018.59,1,0,0.0,1018.59,1,0,0.0,1018.59,1,0,0.0,0
LGS2ORD0001856,C016564,2025-01-15 17:00:00,Male,55,Bronze,Web,Nakhon Ratchasima,829,Shopee,COD,17,1,2,0,>50,27.633333333333333,1.0,0.0,0.0,-1,1,3565.52,0.23,1.0,1.0,0.0,3565.52,1,0,0.0,3565.52,1,0,0.0,3565.52,1,0,0.0,3565.52,1,0,0.0,1
LGS2ORD0001857,C016722,2025-01-15 17:00:00,Male,53,Bronze,TV,Khon Kaen,993,Shopee,Credit_Card,17,1,2,0,>50,33.1,1.0,0.0,0.0,-1,7,1929.0,0.03,0.0,0.0,0.0,0.0,0,0,0.0,1929.0,1,0,0.0,1929.0,1,0,0.0,1929.0,1,0,0.0,0
LGS2ORD0001858,C014445,2025-01-15 17:00:00,Male,38,Gold,Web,Chonburi,141,Web,COD,17,1,2,0,30-40,4.7,0.0,0.0,0.0,-1,-1,0.0,0.0,0.0,0.0,0.0,0.0,0,0,0.0,0.0,0,0,0.0,0.0,0,0,0.0,0.0,0,0,0.0,0
LGS2ORD0001859,C015693,2025-01-15 17:00:00,Other,37,Silver,TV,Bangkok,150,Web,PromptPay,17,1,2,0,30-40,5.0,0.0,0.0,0.0,-1,-1,0.0,0.0,0.0,0.0,0.0,0.0,0,0,0.0,0.0,0,0,0.0,0.0,0,0,0.0,0.0,0,0,0.0,0
LGS2ORD0001860,C015712,2025-01-15 17:00:00,Female,46,Silver,Web,Songkhla,439,Shopee,COD,17,1,2,0,40-50,14.633333333333333,0.0,0.0,0.0,-1,-1,0.0,0.0,0.0,0.0,0.0,0.0,0,0,0.0,0.0,0,0,0.0,0.0,0,0,0.0,0.0,0,0,0.0,0
LGS2ORD0001861,C014832,2025-01-15 18:00:00,Male,34,Bronze,Lazada,Songkhla,259,Lazada,COD,18,1,2,0,30-40,8.633333333333333,0.0,0.0,0.0,-1,-1,0.0,0.0,0.0,0.0,0.0,0.0,0,0,0.0,0.0,0,0,0.0,0.0,0,0,0.0,0.0,0,0,0.0,1
LGS2ORD0001862,C016300,2025-01-15 18:00:00,Female,62,Gold,Web,Chonburi,862,TV_Show,COD,18,1,2,0,>50,28.733333333333334,0.0,0.0,0.0,-1,-1,0.0,0.0,0.0,0.0,0.0,0.0,0,0,0.0,0.0,0,0,0.0,0.0,0,0,0.0,0.0,0,0,0.0,0
LGS2ORD0001863,C010729,2025-01-15 18:00:00,Female,38,Silver,Web,Chiang Mai,711,Web,PromptPay,18,1,2,0,30-40,23.7,1.0,0.0,0.0,-1,11,958.47,0.15,1.0,0.0,0.0,0.0,0,0,0.0,958.47,1,0,0.0,958.47,1,0,0.0,958.47,1,0,0.0,1
LGS2ORD0001864,C017083,2025-01-15 18:00:00,Male,31,Bronze,Web,Chiang Mai,1001,Lazada,COD,18,1,2,0,30-40,33.36666666666667,1.0,1.0,1.0,0,4,2432.25,0.18,1.0,0.0,0.0,2432.25,1,1,1.0,2432.25,1,1,1.0,2432.25,1,1,1.0,2432.25,1,1,1.0,0
LGS2ORD0001865,C012292,2025-01-15 18:00:00,Female,37,Gold,TV,Nakhon Ratchasima,1265,Web,COD,18,1,2,0,30-40,42.166666666666664,0.0,0.0,0.0,-1,-1,0.0,0.0,0.0,0.0,0.0,0.0,0,0,0.0,0.0,0,0,0.0,0.0,0,0,0.0,0.0,0,0,0.0,0
LGS2ORD0001866,C013386,2025-01-15 18:00:00,Male,49,Gold,TV,Chiang Mai,294,TV_Show,COD,18,1,2,0,40-50,9.8,1.0,0.0,0.0,-1,2,12682.45,0.08,0.0,0.0,0.0,12682.45,1,0,0.0,12682.45,1,0,0.0,12682.45,1,0,0.0,12682.45,1,0,0.0,0
LGS2ORD0001867,C017763,2025-01-15 19:00:00,Male,38,Bronze,TV,Nakhon Ratchasima,39,Web,PromptPay,19,1,2,0,30-40,1.3,0.0,0.0,0.0,-1,-1,0.0,0.0,0.0,0.0,0.0,0.0,0,0,0.0,0.0,0,0,0.0,0.0,0,0,0.0,0.0,0,0,0.0,0
LGS2ORD0001868,C013843,2025-01-15 19:00:00,Male,27,Bronze,TV,Remote_Area,519,TV_Show,COD,19,1,2,0,20-30,17.3,0.0,0.0,0.0,-1,-1,0.0,0.0,0.0,0.0,0.0,0.0,0,0,0.0,0.0,0,0,0.0,0.0,0,0,0.0,0.0,0,0,0.0,1
LGS2ORD0001869,C015828,2025-01-15 19:00:00,Male,42,Bronze,TV,Khon Kaen,1247,Shopee,COD,19,1,2,0,40-50,41.56666666666667,0.0,0.0,0.0,-1,-1,0.0,0.0,0.0,0.0,0.0,0.0,0,0,0.0,0.0,0,0,0.0,0.0,0,0,0.0,0.0,0,0,0.0,1
LGS2ORD0001870,C013981,2025-01-15 19:00:00,Female,24,Silver,Web,Remote_Area,805,Lazada,Bank_Transfer,19,1,2,0,20-30,26.833333333333332,0.0,0.0,0.0,-1,-1,0.0,0.0,0.0,0.0,0.0,0.0,0,0,0.0,0.0,0,0,0.0,0.0,0,0,0.0,0.0,0,0,0.0,0
LGS2ORD0001871,C016956,2025-01-15 19:00:00,Male,30,Bronze,TV,Chonburi,1116,Shopee,COD,19,1,2,0,20-30,37.2,2.0,1.0,0.5,0,3,3966.815,0.28,0.5,0.5,0.0,7933.63,2,1,0.5,7933.63,2,1,0.5,7933.63,2,1,0.5,7933.63,2,1,0.5,0
LGS2ORD0001872,C011777,2025-01-15 20:00:00,Male,25,Bronze,Web,Bangkok,1219,Lazada,COD,20,1,2,0,20-30,40.63333333333333,0.0,0.0,0.0,-1,-1,0.0,0.0,0.0,0.0,0.0,0.0,0,0,0.0,0.0,0,0,0.0,0.0,0,0,0.0,0.0,0,0,0.0,0
LGS2ORD0001873,C015244,2025-01-15 20:00:00,Female,43,Bronze,CallCenter,Chonburi,572,Lazada,COD,20,1,2,0,40-50,19.066666666666666,0.0,0.0,0.0,-1,-1,0.0,0.0,0.0,0.0,0.0,0.0,0,0,0.0,0.0,0,0,0.0,0.0,0,0,0.0,0.0,0,0,0.0,1
LGS2ORD0001874,C010090,2025-01-15 20:00:00,Female,47,Silver,TV,Songkhla,672,TV_Show,COD,20,1,2,0,40-50,22.4,0.0,0.0,0.0,-1,-1,0.0,0.0,0.0,0.0,0.0,0.0,0,0,0.0,0.0,0,0,0.0,0.0,0,0,0.0,0.0,0,0,0.0,0
LGS2ORD0001875,C015412,2025-01-15 20:00:00,Male,39,Silver,Shopee,Nakhon Ratchasima,489,Shopee,Bank_Transfer,20,1,2,0,30-40,16.3,0.0,0.0,0.0,-1,-1,0.0,0.0,0.0,0.0,0.0,0.0,0,0,0.0,0.0,0,0,0.0,0.0,0,0,0.0,0.0,0,0,0.0,0
LGS2ORD0001876,C012990,2025-01-15 20:00:00,Male,64,Bronze,CallCenter,Khon Kaen,492,Lazada,PromptPay,20,1,2,0,>50,16.4,0.0,0.0,0.0,-1,-1,0.0,0.0,0.0,0.0,0.0,0.0,0,0,0.0,0.0,0,0,0.0,0.0,0,0,0.0,0.0,0,0,0.0,0
LGS2ORD0001877,C012651,2025-01-15 21:00:00,Male,27,Silver,Web,Bangkok,428,TV_Show,PromptPay,21,1,2,0,20-30,14.266666666666667,0.0,0.0,0.0,-1,-1,0.0,0.0,0.0,0.0,0.0,0.0,0,0,0.0,0.0,0,0,0.0,0.0,0,0,0.0,0.0,0,0,0.0,0
LGS2ORD0001878,C011159,2025-01-15 21:00:00,Female,37,Silver,Web,Nakhon Ratchasima,1066,Shopee,COD,21,1,2,0,30-40,35.53333333333333,0.0,0.0,0.0,-1,-1,0.0,0.0,0.0,0.0,0.0,0.0,0,0,0.0,0.0,0,0,0.0,0.0,0,0,0.0,0.0,0,0,0.0,1
LGS2ORD0001879,C016307,2025-01-15 21:00:00,Male,40,Silver,Shopee,Nakhon Ratchasima,1410,Web,PromptPay,21,1,2,0,30-40,47.0,1.0,0.0,0.0,-1,2,487.17,0.2,0.0,0.0,0.0,487.17,1,0,0.0,487.17,1,0,0.0,487.17,1,0,0.0,487.17,1,0,0.0,0
LGS2ORD0001880,C011158,2025-01-15 21:00:00,Female,38,Silver,Lazada,Bangkok,304,TV_Show,Bank_Transfer,21,1,2,0,30-40,10.133333333333333,0.0,0.0,0.0,-1,-1,0.0,0.0,0.0,0.0,0.0,0.0,0,0,0.0,0.0,0,0,0.0,0.0,0,0,0.0,0.0,0,0,0.0,0
LGS2ORD0001881,C011222,2025-01-15 21:00:00,Male,48,Bronze,Web,Songkhla,1458,Web,Credit_Card,21,1,2,0,40-50,48.6,0.0,0.0,0.0,-1,-1,0.0,0.0,0.0,0.0,0.0,0.0,0,0,0.0,0.0,0,0,0.0,0.0,0,0,0.0,0.0,0,0,0.0,0
LGS2ORD0001882,C014330,2025-01-15 22:00:00,Male,19,Silver,TV,Phuket,1290,Web,Bank_Transfer,22,1,2,0,<20,43.0,0.0,0.0,0.0,-1,-1,0.0,0.0,0.0,0.0,0.0,0.0,0,0,0.0,0.0,0,0,0.0,0.0,0,0,0.0,0.0,0,0,0.0,1
LGS2ORD0001883,C017963,2025-01-15 22:00:00,Male,30,Silver,TV,Chonburi,581,Shopee,COD,22,1,2,0,20-30,19.366666666666667,0.0,0.0,0.0,-1,-1,0.0,0.0,0.0,0.0,0.0,0.0,0,0,0.0,0.0,0,0,0.0,0.0,0,0,0.0,0.0,0,0,0.0,0
LGS2ORD0001884,C016568,2025-01-15 22:00:00,Female,56,Bronze,TV,Remote_Area,102,Lazada,COD,22,1,2,0,>50,3.4,1.0,0.0,0.0,-1,6,13020.71,0.13,1.0,0.0,0.0,13020.71,1,0,0.0,13020.71,1,0,0.0,13020.71,1,0,0.0,13020.71,1,0,0.0,0
LGS2ORD0001885,C015147,2025-01-15 22:00:00,Female,40,Platinum,Lazada,Chiang Mai,1242,Web,COD,22,1,2,0,30-40,41.4,0.0,0.0,0.0,-1,-1,0.0,0.0,0.0,0.0,0.0,0.0,0,0,0.0,0.0,0,0,0.0,0.0,0,0,0.0,0.0,0,0,0.0,0
LGS2ORD0001886,C012949,2025-01-15 22:00:00,Female,42,Bronze,TV,Nakhon Ratchasima,112,Web,COD,22,1,2,0,40-50,3.7333333333333334,0.0,0.0,0.0,-1,-1,0.0,0.0,0.0,0.0,0.0,0.0,0,0,0.0,0.0,0,0,0.0,0.0,0,0,0.0,0.0,0,0,0.0,0
LGS2ORD0001887,C011034,2025-01-15 22:00:00,Female,44,Gold,CallCenter,Nakhon Ratchasima,412,Web,PromptPay,22,1,2,0,40-50,13.733333333333333,1.0,1.0,1.0,2,13,2781.08,0.2299999999999999,1.0,1.0,0.0,0.0,0,0,0.0,2781.08,1,1,1.0,2781.08,1,1,1.0,2781.08,1,1,1.0,0
LGS2ORD0001888,C012964,2025-01-15 23:00:00,Female,50,Gold,Web,Bangkok,167,Shopee,Bank_Transfer,23,1,2,0,40-50,5.566666666666666,0.0,0.0,0.0,-1,-1,0.0,0.0,0.0,0.0,0.0,0.0,0,0,0.0,0.0,0,0,0.0,0.0,0,0,0.0,0.0,0,0,0.0,0
LGS2ORD0001889,C011433,2025-01-15 23:00:00,Male,61,Bronze,Shopee,Chonburi,1224,TV_Show,PromptPay,23,1,2,0,>50,40.8,0.0,0.0,0.0,-1,-1,0.0,0.0,0.0,0.0,0.0,0.0,0,0,0.0,0.0,0,0,0.0,0.0,0,0,0.0,0.0,0,0,0.0,1
LGS2ORD0001890,C016160,2025-01-15 23:00:00,Female,46,Bronze,Web,Chonburi,757,Web,COD,23,1,2,0,40-50,25.233333333333334,0.0,0.0,0.0,-1,-1,0.0,0.0,0.0,0.0,0.0,0.0,0,0,0.0,0.0,0,0,0.0,0.0,0,0,0.0,0.0,0,0,0.0,0
LGS2ORD0001891,C015560,2025-01-15 23:00:00,Female,28,Silver,Web,Phuket,355,Shopee,COD,23,1,2,0,20-30,11.833333333333334,0.0,0.0,0.0,-1,-1,0.0,0.0,0.0,0.0,0.0,0.0,0,0,0.0,0.0,0,0,0.0,0.0,0,0,0.0,0.0,0,0,0.0,0
LGS2ORD0001892,C011502,2025-01-15 23:00:00,Male,53,Bronze,TV,Nakhon Ratchasima,620,Web,COD,23,1,2,0,>50,20.666666666666668,0.0,0.0,0.0,-1,-1,0.0,0.0,0.0,0.0,0.0,0.0,0,0,0.0,0.0,0,0,0.0,0.0,0,0,0.0,0.0,0,0,0.0,1
LGS2ORD0001893,C015062,2025-01-16 00:00:00,Female,34,Silver,TV,Nakhon Ratchasima,859,TV_Show,COD,0,1,3,0,30-40,28.633333333333333,0.0,0.0,0.0,-1,-1,0.0,0.0,0.0,0.0,0.0,0.0,0,0,0.0,0.0,0,0,0.0,0.0,0,0,0.0,0.0,0,0,0.0,1
LGS2ORD0001894,C014250,2025-01-16 00:00:00,Male,36,Silver,TV,Chonburi,1467,Shopee,Credit_Card,0,1,3,0,30-40,48.9,0.0,0.0,0.0,-1,-1,0.0,0.0,0.0,0.0,0.0,0.0,0,0,0.0,0.0,0,0,0.0,0.0,0,0,0.0,0.0,0,0,0.0,1
LGS2ORD0001895,C012092,2025-01-16 00:00:00,Female,33,Silver,Lazada,Bangkok,138,Lazada,Credit_Card,0,1,3,0,30-40,4.6,1.0,0.0,0.0,-1,11,3114.09,0.2,0.0,0.0,0.0,0.0,0,0,0.0,3114.09,1,0,0.0,3114.09,1,0,0.0,3114.09,1,0,0.0,0
LGS2ORD0001896,C011517,2025-01-16 00:00:00,Male,50,Bronze,Shopee,Nakhon Ratchasima,89,Web,COD,0,1,3,0,40-50,2.966666666666667,0.0,0.0,0.0,-1,-1,0.0,0.0,0.0,0.0,0.0,0.0,0,0,0.0,0.0,0,0,0.0,0.0,0,0,0.0,0.0,0,0,0.0,0
LGS2ORD0001897,C017587,2025-01-16 00:00:00,Male,19,Gold,TV,Khon Kaen,493,Web,COD,0,1,3,0,<20,16.433333333333334,0.0,0.0,0.0,-1,-1,0.0,0.0,0.0,0.0,0.0,0.0,0,0,0.0,0.0,0,0,0.0,0.0,0,0,0.0,0.0,0,0,0.0,1
LGS2ORD0001898,C016415,2025-01-16 01:00:00,Male,69,Bronze,Shopee,Nakhon Ratchasima,1339,CallCenter,COD,1,1,3,0,>50,44.63333333333333,1.0,0.0,0.0,-1,4,3814.56,0.23,0.0,1.0,0.0,3814.56,1,0,0.0,3814.56,1,0,0.0,3814.56,1,0,0.0,3814.56,1,0,0.0,0
LGS2ORD0001899,C014382,2025-01-16 01:00:00,Male,35,Silver,Lazada,Bangkok,687,TV_Show,COD,1,1,3,0,30-40,22.9,0.0,0.0,0.0,-1,-1,0.0,0.0,0.0,0.0,0.0,0.0,0,0,0.0,0.0,0,0,0.0,0.0,0,0,0.0,0.0,0,0,0.0,0
LGS2ORD0001900,C011035,2025-01-16 01:00:00,Male,65,Bronze,Shopee,Nakhon Ratchasima,435,TV_Show,Credit_Card,1,1,3,0,>50,14.5,0.0,0.0,0.0,-1,-1,0.0,0.0,0.0,0.0,0.0,0.0,0,0,0.0,0.0,0,0,0.0,0.0,0,0,0.0,0.0,0,0,0.0,0
LGS2ORD0001901,C017611,2025-01-16 01:00:00,Female,37,Gold,Lazada,Bangkok,141,Lazada,COD,1,1,3,0,30-40,4.7,0.0,0.0,0.0,-1,-1,0.0,0.0,0.0,0.0,0.0,0.0,0,0,0.0,0.0,0,0,0.0,0.0,0,0,0.0,0.0,0,0,0.0,0
LGS2ORD0001902,C017225,2025-01-16 01:00:00,Female,39,Bronze,Shopee,Chiang Mai,1047,TV_Show,COD,1,1,3,0,30-40,34.9,0.0,0.0,0.0,-1,-1,0.0,0.0,0.0,0.0,0.0,0.0,0,0,0.0,0.0,0,0,0.0,0.0,0,0,0.0,0.0,0,0,0.0,0
LGS2ORD0001903,C010949,2025-01-16 02:00:00,Female,34,Silver,Shopee,Bangkok,381,Lazada,Credit_Card,2,1,3,0,30-40,12.7,1.0,0.0,0.0,-1,11,3664.05,0.3,0.0,1.0,0.0,0.0,0,0,0.0,3664.05,1,0,0.0,3664.05,1,0,0.0,3664.05,1,0,0.0,0
LGS2ORD0001904,C013827,2025-01-16 02:00:00,Female,59,Bronze,TV,Khon Kaen,944,TV_Show,Credit_Card,2,1,3,0,>50,31.466666666666665,0.0,0.0,0.0,-1,-1,0.0,0.0,0.0,0.0,0.0,0.0,0,0,0.0,0.0,0,0,0.0,0.0,0,0,0.0,0.0,0,0,0.0,0
LGS2ORD0001905,C010184,2025-01-16 02:00:00,Female,54,Silver,Shopee,Chiang Mai,1397,Web,COD,2,1,3,0,>50,46.56666666666667,0.0,0.0,0.0,-1,-1,0.0,0.0,0.0,0.0,0.0,0.0,0,0,0.0,0.0,0,0,0.0,0.0,0,0,0.0,0.0,0,0,0.0,0
LGS2ORD0001906,C016289,2025-01-16 02:00:00,Male,56,Silver,TV,Bangkok,1062,TV_Show,PromptPay,2,1,3,0,>50,35.4,0.0,0.0,0.0,-1,-1,0.0,0.0,0.0,0.0,0.0,0.0,0,0,0.0,0.0,0,0,0.0,0.0,0,0,0.0,0.0,0,0,0.0,0
LGS2ORD0001907,C013864,2025-01-16 02:00:00,Male,27,Gold,Web,Phuket,125,Lazada,COD,2,1,3,0,20-30,4.166666666666667,1.0,1.0,1.0,2,11,27512.72,0.28,1.0,1.0,0.0,0.0,0,0,0.0,27512.72,1,1,1.0,27512.72,1,1,1.0,27512.72,1,1,1.0,1
LGS2ORD0001908,C015039,2025-01-16 02:00:00,Male,40,Bronze,TV,Phuket,299,Lazada,COD,2,1,3,0,30-40,9.966666666666667,0.0,0.0,0.0,-1,-1,0.0,0.0,0.0,0.0,0.0,0.0,0,0,0.0,0.0,0,0,0.0,0.0,0,0,0.0,0.0,0,0,0.0,1
LGS2ORD0001909,C011489,2025-01-16 03:00:00,Male,66,Silver,Web,Bangkok,801,CallCenter,COD,3,1,3,0,>50,26.7,0.0,0.0,0.0,-1,-1,0.0,0.0,0.0,0.0,0.0,0.0,0,0,0.0,0.0,0,0,0.0,0.0,0,0,0.0,0.0,0,0,0.0,1
LGS2ORD0001910,C013276,2025-01-16 03:00:00,Female,35,Bronze,Web,Phuket,905,Shopee,Credit_Card,3,1,3,0,30-40,30.166666666666668,0.0,0.0,0.0,-1,-1,0.0,0.0,0.0,0.0,0.0,0.0,0,0,0.0,0.0,0,0,0.0,0.0,0,0,0.0,0.0,0,0,0.0,0
LGS2ORD0001911,C014830,2025-01-16 03:00:00,Female,48,Silver,Shopee,Bangkok,883,Web,Credit_Card,3,1,3,0,40-50,29.433333333333334,0.0,0.0,0.0,-1,-1,0.0,0.0,0.0,0.0,0.0,0.0,0,0,0.0,0.0,0,0,0.0,0.0,0,0,0.0,0.0,0,0,0.0,1
LGS2ORD0001912,C013756,2025-01-16 03:00:00,Female,33,Bronze,TV,Chonburi,402,TV_Show,Credit_Card,3,1,3,0,30-40,13.4,1.0,0.0,0.0,-1,6,6619.53,0.03,1.0,0.0,0.0,6619.53,1,0,0.0,6619.53,1,0,0.0,6619.53,1,0,0.0,6619.53,1,0,0.0,0
LGS2ORD0001913,C014169,2025-01-16 03:00:00,Male,39,Bronze,Web,Bangkok,1304,TV_Show,COD,3,1,3,0,30-40,43.46666666666667,0.0,0.0,0.0,-1,-1,0.0,0.0,0.0,0.0,0.0,0.0,0,0,0.0,0.0,0,0,0.0,0.0,0,0,0.0,0.0,0,0,0.0,0
LGS2ORD0001914,C014658,2025-01-16 04:00:00,Female,45,Platinum,CallCenter,Chonburi,1054,CallCenter,Bank_Transfer,4,1,3,0,40-50,35.13333333333333,0.0,0.0,0.0,-1,-1,0.0,0.0,0.0,0.0,0.0,0.0,0,0,0.0,0.0,0,0,0.0,0.0,0,0,0.0,0.0,0,0,0.0,0
LGS2ORD0001915,C017365,2025-01-16 04:00:00,Female,42,Gold,Shopee,Bangkok,212,Lazada,Credit_Card,4,1,3,0,40-50,7.066666666666666,0.0,0.0,0.0,-1,-1,0.0,0.0,0.0,0.0,0.0,0.0,0,0,0.0,0.0,0,0,0.0,0.0,0,0,0.0,0.0,0,0,0.0,0
LGS2ORD0001916,C014986,2025-01-16 04:00:00,Male,49,Silver,Shopee,Bangkok,515,Shopee,Credit_Card,4,1,3,0,40-50,17.166666666666668,0.0,0.0,0.0,-1,-1,0.0,0.0,0.0,0.0,0.0,0.0,0,0,0.0,0.0,0,0,0.0,0.0,0,0,0.0,0.0,0,0,0.0,0
LGS2ORD0001917,C016445,2025-01-16 04:00:00,Male,50,Bronze,TV,Remote_Area,524,Shopee,COD,4,1,3,0,40-50,17.466666666666665,0.0,0.0,0.0,-1,-1,0.0,0.0,0.0,0.0,0.0,0.0,0,0,0.0,0.0,0,0,0.0,0.0,0,0,0.0,0.0,0,0,0.0,1
LGS2ORD0001918,C015298,2025-01-16 04:00:00,Female,42,Silver,Web,Bangkok,423,TV_Show,COD,4,1,3,0,40-50,14.1,0.0,0.0,0.0,-1,-1,0.0,0.0,0.0,0.0,0.0,0.0,0,0,0.0,0.0,0,0,0.0,0.0,0,0,0.0,0.0,0,0,0.0,1
LGS2ORD0001919,C011730,2025-01-16 05:00:00,Female,37,Silver,Web,Chonburi,1046,Web,Credit_Card,5,1,3,0,30-40,34.86666666666667,0.0,0.0,0.0,-1,-1,0.0,0.0,0.0,0.0,0.0,0.0,0,0,0.0,0.0,0,0,0.0,0.0,0,0,0.0,0.0,0,0,0.0,0
LGS2ORD0001920,C013109,2025-01-16 05:00:00,Male,46,Bronze,Shopee,Khon Kaen,1178,TV_Show,COD,5,1,3,0,40-50,39.266666666666666,0.0,0.0,0.0,-1,-1,0.0,0.0,0.0,0.0,0.0,0.0,0,0,0.0,0.0,0,0,0.0,0.0,0,0,0.0,0.0,0,0,0.0,0
LGS2ORD0001921,C016822,2025-01-16 05:00:00,Female,31,Bronze,Web,Remote_Area,135,Shopee,Bank_Transfer,5,1,3,0,30-40,4.5,1.0,0.0,0.0,-1,7,1348.27,0.18,1.0,0.0,0.0,0.0,0,0,0.0,1348.27,1,0,0.0,1348.27,1,0,0.0,1348.27,1,0,0.0,1
LGS2ORD0001922,C017140,2025-01-16 05:00:00,Male,34,Silver,CallCenter,Chiang Mai,1053,Web,Bank_Transfer,5,1,3,0,30-40,35.1,1.0,0.0,0.0,-1,6,15138.68,0.05,0.0,0.0,0.0,15138.68,1,0,0.0,15138.68,1,0,0.0,15138.68,1,0,0.0,15138.68,1,0,0.0,0
LGS2ORD0001923,C017267,2025-01-16 05:00:00,Female,23,Platinum,CallCenter,Bangkok,350,TV_Show,COD,5,1,3,0,20-30,11.666666666666666,0.0,0.0,0.0,-1,-1,0.0,0.0,0.0,0.0,0.0,0.0,0,0,0.0,0.0,0,0,0.0,0.0,0,0,0.0,0.0,0,0,0.0,0
LGS2ORD0001924,C016252,2025-01-16 05:00:00,Male,62,Bronze,Shopee,Nakhon Ratchasima,1322,CallCenter,Credit_Card,5,1,3,0,>50,44.06666666666667,1.0,0.0,0.0,-1,1,8801.68,0.18,1.0,0.0,0.0,8801.68,1,0,0.0,8801.68,1,0,0.0,8801.68,1,0,0.0,8801.68,1,0,0.0,0
LGS2ORD0001925,C017310,2025-01-16 06:00:00,Male,46,Bronze,Lazada,Nakhon Ratchasima,333,TV_Show,COD,6,1,3,0,40-50,11.1,0.0,0.0,0.0,-1,-1,0.0,0.0,0.0,0.0,0.0,0.0,0,0,0.0,0.0,0,0,0.0,0.0,0,0,0.0,0.0,0,0,0.0,0
LGS2ORD0001926,C010503,2025-01-16 06:00:00,Female,50,Bronze,Lazada,Remote_Area,931,TV_Show,Credit_Card,6,1,3,0,40-50,31.033333333333335,0.0,0.0,0.0,-1,-1,0.0,0.0,0.0,0.0,0.0,0.0,0,0,0.0,0.0,0,0,0.0,0.0,0,0,0.0,0.0,0,0,0.0,1
LGS2ORD0001927,C017432,2025-01-16 06:00:00,Female,66,Gold,Web,Khon Kaen,391,CallCenter,Credit_Card,6,1,3,0,>50,13.033333333333333,0.0,0.0,0.0,-1,-1,0.0,0.0,0.0,0.0,0.0,0.0,0,0,0.0,0.0,0,0,0.0,0.0,0,0,0.0,0.0,0,0,0.0,0
LGS2ORD0001928,C014120,2025-01-16 06:00:00,Female,54,Gold,Web,Bangkok,1463,TV_Show,Bank_Transfer,6,1,3,0,>50,48.766666666666666,0.0,0.0,0.0,-1,-1,0.0,0.0,0.0,0.0,0.0,0.0,0,0,0.0,0.0,0,0,0.0,0.0,0,0,0.0,0.0,0,0,0.0,0
LGS2ORD0001929,C013003,2025-01-16 06:00:00,Female,42,Bronze,Lazada,Chiang Mai,793,Web,Credit_Card,6,1,3,0,40-50,26.433333333333334,0.0,0.0,0.0,-1,-1,0.0,0.0,0.0,0.0,0.0,0.0,0,0,0.0,0.0,0,0,0.0,0.0,0,0,0.0,0.0,0,0,0.0,0
LGS2ORD0001930,C012847,2025-01-16 07:00:00,Female,48,Silver,Shopee,Chiang Mai,1400,Web,PromptPay,7,1,3,0,40-50,46.666666666666664,0.0,0.0,0.0,-1,-1,0.0,0.0,0.0,0.0,0.0,0.0,0,0,0.0,0.0,0,0,0.0,0.0,0,0,0.0,0.0,0,0,0.0,0
LGS2ORD0001931,C016946,2025-01-16 07:00:00,Male,54,Silver,TV,Phuket,189,Shopee,COD,7,1,3,0,>50,6.3,0.0,0.0,0.0,-1,-1,0.0,0.0,0.0,0.0,0.0,0.0,0,0,0.0,0.0,0,0,0.0,0.0,0,0,0.0,0.0,0,0,0.0,1
LGS2ORD0001932,C013499,2025-01-16 07:00:00,Male,36,Bronze,Web,Khon Kaen,676,Web,COD,7,1,3,0,30-40,22.533333333333335,0.0,0.0,0.0,-1,-1,0.0,0.0,0.0,0.0,0.0,0.0,0,0,0.0,0.0,0,0,0.0,0.0,0,0,0.0,0.0,0,0,0.0,0
LGS2ORD0001933,C013624,2025-01-16 07:00:00,Female,42,Bronze,CallCenter,Remote_Area,348,Lazada,COD,7,1,3,0,40-50,11.6,1.0,0.0,0.0,-1,2,4154.63,0.03,1.0,0.0,0.0,4154.63,1,0,0.0,4154.63,1,0,0.0,4154.63,1,0,0.0,4154.63,1,0,0.0,1
LGS2ORD0001934,C017060,2025-01-16 07:00:00,Male,40,Silver,Web,Bangkok,349,Shopee,Bank_Transfer,7,1,3,0,30-40,11.633333333333333,0.0,0.0,0.0,-1,-1,0.0,0.0,0.0,0.0,0.0,0.0,0,0,0.0,0.0,0,0,0.0,0.0,0,0,0.0,0.0,0,0,0.0,0
LGS2ORD0001935,C013987,2025-01-16 08:00:00,Male,61,Silver,Web,Chiang Mai,394,Web,COD,8,1,3,0,>50,13.133333333333333,0.0,0.0,0.0,-1,-1,0.0,0.0,0.0,0.0,0.0,0.0,0,0,0.0,0.0,0,0,0.0,0.0,0,0,0.0,0.0,0,0,0.0,0
LGS2ORD0001936,C012553,2025-01-16 08:00:00,Female,45,Bronze,CallCenter,Khon Kaen,303,TV_Show,COD,8,1,3,0,40-50,10.1,0.0,0.0,0.0,-1,-1,0.0,0.0,0.0,0.0,0.0,0.0,0,0,0.0,0.0,0,0,0.0,0.0,0,0,0.0,0.0,0,0,0.0,0
LGS2ORD0001937,C015069,2025-01-16 08:00:00,Female,44,Silver,Web,Chiang Mai,559,Lazada,Credit_Card,8,1,3,0,40-50,18.633333333333333,0.0,0.0,0.0,-1,-1,0.0,0.0,0.0,0.0,0.0,0.0,0,0,0.0,0.0,0,0,0.0,0.0,0,0,0.0,0.0,0,0,0.0,0
LGS2ORD0001938,C013711,2025-01-16 08:00:00,Female,39,Bronze,TV,Remote_Area,1220,TV_Show,PromptPay,8,1,3,0,30-40,40.666666666666664,0.0,0.0,0.0,-1,-1,0.0,0.0,0.0,0.0,0.0,0.0,0,0,0.0,0.0,0,0,0.0,0.0,0,0,0.0,0.0,0,0,0.0,0
LGS2ORD0001939,C013490,2025-01-16 08:00:00,Female,43,Gold,Web,Khon Kaen,1273,Web,COD,8,1,3,0,40-50,42.43333333333333,0.0,0.0,0.0,-1,-1,0.0,0.0,0.0,0.0,0.0,0.0,0,0,0.0,0.0,0,0,0.0,0.0,0,0,0.0,0.0,0,0,0.0,1
LGS2ORD0001940,C012920,2025-01-16 09:00:00,Male,32,Gold,CallCenter,Phuket,995,Shopee,PromptPay,9,1,3,0,30-40,33.166666666666664,0.0,0.0,0.0,-1,-1,0.0,0.0,0.0,0.0,0.0,0.0,0,0,0.0,0.0,0,0,0.0,0.0,0,0,0.0,0.0,0,0,0.0,0
LGS2ORD0001941,C011741,2025-01-16 09:00:00,Female,69,Bronze,TV,Songkhla,1082,TV_Show,Credit_Card,9,1,3,0,>50,36.06666666666667,0.0,0.0,0.0,-1,-1,0.0,0.0,0.0,0.0,0.0,0.0,0,0,0.0,0.0,0,0,0.0,0.0,0,0,0.0,0.0,0,0,0.0,0
LGS2ORD0001942,C016316,2025-01-16 09:00:00,Male,51,Silver,Lazada,Chiang Mai,771,Web,COD,9,1,3,0,>50,25.7,0.0,0.0,0.0,-1,-1,0.0,0.0,0.0,0.0,0.0,0.0,0,0,0.0,0.0,0,0,0.0,0.0,0,0,0.0,0.0,0,0,0.0,0
LGS2ORD0001943,C016336,2025-01-16 09:00:00,Male,24,Silver,Web,Songkhla,973,Lazada,COD,9,1,3,0,20-30,32.43333333333333,0.0,0.0,0.0,-1,-1,0.0,0.0,0.0,0.0,0.0,0.0,0,0,0.0,0.0,0,0,0.0,0.0,0,0,0.0,0.0,0,0,0.0,0
LGS2ORD0001944,C013915,2025-01-16 09:00:00,Male,41,Gold,Web,Chiang Mai,710,Lazada,COD,9,1,3,0,40-50,23.666666666666668,0.0,0.0,0.0,-1,-1,0.0,0.0,0.0,0.0,0.0,0.0,0,0,0.0,0.0,0,0,0.0,0.0,0,0,0.0,0.0,0,0,0.0,0
LGS2ORD0001945,C017228,2025-01-16 09:00:00,Male,54,Silver,TV,Phuket,173,Web,COD,9,1,3,0,>50,5.766666666666667,0.0,0.0,0.0,-1,-1,0.0,0.0,0.0,0.0,0.0,0.0,0,0,0.0,0.0,0,0,0.0,0.0,0,0,0.0,0.0,0,0,0.0,0
LGS2ORD0001946,C014272,2025-01-16 10:00:00,Male,42,Silver,Lazada,Chiang Mai,141,Lazada,COD,10,1,3,0,40-50,4.7,0.0,0.0,0.0,-1,-1,0.0,0.0,0.0,0.0,0.0,0.0,0,0,0.0,0.0,0,0,0.0,0.0,0,0,0.0,0.0,0,0,0.0,0
LGS2ORD0001947,C011891,2025-01-16 10:00:00,Female,21,Bronze,Web,Bangkok,1058,TV_Show,COD,10,1,3,0,20-30,35.266666666666666,0.0,0.0,0.0,-1,-1,0.0,0.0,0.0,0.0,0.0,0.0,0,0,0.0,0.0,0,0,0.0,0.0,0,0,0.0,0.0,0,0,0.0,0
LGS2ORD0001948,C014043,2025-01-16 10:00:00,Female,40,Silver,Shopee,Chonburi,1458,Lazada,COD,10,1,3,0,30-40,48.6,0.0,0.0,0.0,-1,-1,0.0,0.0,0.0,0.0,0.0,0.0,0,0,0.0,0.0,0,0,0.0,0.0,0,0,0.0,0.0,0,0,0.0,1
LGS2ORD0001949,C017538,2025-01-16 10:00:00,Female,38,Gold,Web,Bangkok,1198,CallCenter,COD,10,1,3,0,30-40,39.93333333333333,0.0,0.0,0.0,-1,-1,0.0,0.0,0.0,0.0,0.0,0.0,0,0,0.0,0.0,0,0,0.0,0.0,0,0,0.0,0.0,0,0,0.0,0
LGS2ORD0001950,C012406,2025-01-16 10:00:00,Female,56,Bronze,Web,Khon Kaen,1246,Lazada,Credit_Card,10,1,3,0,>50,41.53333333333333,0.0,0.0,0.0,-1,-1,0.0,0.0,0.0,0.0,0.0,0.0,0,0,0.0,0.0,0,0,0.0,0.0,0,0,0.0,0.0,0,0,0.0,1
LGS2ORD0001951,C017962,2025-01-16 11:00:00,Female,35,Bronze,CallCenter,Khon Kaen,1065,Web,PromptPay,11,1,3,0,30-40,35.5,0.0,0.0,0.0,-1,-1,0.0,0.0,0.0,0.0,0.0,0.0,0,0,0.0,0.0,0,0,0.0,0.0,0,0,0.0,0.0,0,0,0.0,0
LGS2ORD0001952,C017637,2025-01-16 11:00:00,Female,34,Bronze,Web,Phuket,183,Lazada,COD,11,1,3,0,30-40,6.1,0.0,0.0,0.0,-1,-1,0.0,0.0,0.0,0.0,0.0,0.0,0,0,0.0,0.0,0,0,0.0,0.0,0,0,0.0,0.0,0,0,0.0,1
LGS2ORD0001953,C012825,2025-01-16 11:00:00,Male,28,Platinum,Shopee,Khon Kaen,1341,TV_Show,COD,11,1,3,0,20-30,44.7,0.0,0.0,0.0,-1,-1,0.0,0.0,0.0,0.0,0.0,0.0,0,0,0.0,0.0,0,0,0.0,0.0,0,0,0.0,0.0,0,0,0.0,0
LGS2ORD0001954,C017759,2025-01-16 11:00:00,Male,45,Bronze,CallCenter,Chonburi,596,Lazada,COD,11,1,3,0,40-50,19.866666666666667,1.0,0.0,0.0,-1,11,6074.69,0.13,1.0,0.0,0.0,0.0,0,0,0.0,6074.69,1,0,0.0,6074.69,1,0,0.0,6074.69,1,0,0.0,0
LGS2ORD0001955,C011828,2025-01-16 11:00:00,Male,29,Silver,Web,Bangkok,964,TV_Show,COD,11,1,3,0,20-30,32.13333333333333,0.0,0.0,0.0,-1,-1,0.0,0.0,0.0,0.0,0.0,0.0,0,0,0.0,0.0,0,0,0.0,0.0,0,0,0.0,0.0,0,0,0.0,1
LGS2ORD0001956,C015477,2025-01-16 12:00:00,Female,46,Bronze,Shopee,Chonburi,1037,Shopee,Bank_Transfer,12,1,3,0,40-50,34.56666666666667,0.0,0.0,0.0,-1,-1,0.0,0.0,0.0,0.0,0.0,0.0,0,0,0.0,0.0,0,0,0.0,0.0,0,0,0.0,0.0,0,0,0.0,0
LGS2ORD0001957,C012409,2025-01-16 12:00:00,Female,47,Silver,TV,Bangkok,222,TV_Show,COD,12,1,3,0,40-50,7.4,0.0,0.0,0.0,-1,-1,0.0,0.0,0.0,0.0,0.0,0.0,0,0,0.0,0.0,0,0,0.0,0.0,0,0,0.0,0.0,0,0,0.0,0
LGS2ORD0001958,C012138,2025-01-16 12:00:00,Female,37,Silver,Web,Phuket,863,Lazada,COD,12,1,3,0,30-40,28.766666666666666,1.0,0.0,0.0,-1,1,1701.05,0.1,0.0,0.0,0.0,1701.05,1,0,0.0,1701.05,1,0,0.0,1701.05,1,0,0.0,1701.05,1,0,0.0,0
LGS2ORD0001959,C015377,2025-01-16 12:00:00,Female,36,Silver,Shopee,Songkhla,48,Web,Bank_Transfer,12,1,3,0,30-40,1.6,0.0,0.0,0.0,-1,-1,0.0,0.0,0.0,0.0,0.0,0.0,0,0,0.0,0.0,0,0,0.0,0.0,0,0,0.0,0.0,0,0,0.0,1
LGS2ORD0001960,C014195,2025-01-16 12:00:00,Male,29,Silver,Shopee,Bangkok,1451,TV_Show,Credit_Card,12,1,3,0,20-30,48.36666666666667,0.0,0.0,0.0,-1,-1,0.0,0.0,0.0,0.0,0.0,0.0,0,0,0.0,0.0,0,0,0.0,0.0,0,0,0.0,0.0,0,0,0.0,1
LGS2ORD0001961,C011191,2025-01-16 13:00:00,Male,55,Bronze,Web,Nakhon Ratchasima,1130,Lazada,Bank_Transfer,13,1,3,0,>50,37.666666666666664,0.0,0.0,0.0,-1,-1,0.0,0.0,0.0,0.0,0.0,0.0,0,0,0.0,0.0,0,0,0.0,0.0,0,0,0.0,0.0,0,0,0.0,0
LGS2ORD0001962,C014267,2025-01-16 13:00:00,Male,55,Gold,TV,Chonburi,1094,TV_Show,COD,13,1,3,0,>50,36.46666666666667,0.0,0.0,0.0,-1,-1,0.0,0.0,0.0,0.0,0.0,0.0,0,0,0.0,0.0,0,0,0.0,0.0,0,0,0.0,0.0,0,0,0.0,1
LGS2ORD0001963,C011897,2025-01-16 13:00:00,Male,60,Platinum,Lazada,Khon Kaen,296,Web,COD,13,1,3,0,>50,9.866666666666667,0.0,0.0,0.0,-1,-1,0.0,0.0,0.0,0.0,0.0,0.0,0,0,0.0,0.0,0,0,0.0,0.0,0,0,0.0,0.0,0,0,0.0,0
LGS2ORD0001964,C011693,2025-01-16 13:00:00,Male,47,Silver,Web,Chiang Mai,424,Lazada,COD,13,1,3,0,40-50,14.133333333333333,0.0,0.0,0.0,-1,-1,0.0,0.0,0.0,0.0,0.0,0.0,0,0,0.0,0.0,0,0,0.0,0.0,0,0,0.0,0.0,0,0,0.0,0
LGS2ORD0001965,C012870,2025-01-16 13:00:00,Male,55,Silver,Web,Bangkok,634,Shopee,Credit_Card,13,1,3,0,>50,21.133333333333333,0.0,0.0,0.0,-1,-1,0.0,0.0,0.0,0.0,0.0,0.0,0,0,0.0,0.0,0,0,0.0,0.0,0,0,0.0,0.0,0,0,0.0,0
LGS2ORD0001966,C011600,2025-01-16 13:00:00,Female,26,Bronze,TV,Phuket,173,Web,COD,13,1,3,0,20-30,5.766666666666667,0.0,0.0,0.0,-1,-1,0.0,0.0,0.0,0.0,0.0,0.0,0,0,0.0,0.0,0,0,0.0,0.0,0,0,0.0,0.0,0,0,0.0,1
LGS2ORD0001967,C017453,2025-01-16 14:00:00,Female,42,Platinum,TV,Bangkok,370,TV_Show,COD,14,1,3,0,40-50,12.333333333333334,0.0,0.0,0.0,-1,-1,0.0,0.0,0.0,0.0,0.0,0.0,0,0,0.0,0.0,0,0,0.0,0.0,0,0,0.0,0.0,0,0,0.0,0
LGS2ORD0001968,C010546,2025-01-16 14:00:00,Male,30,Silver,Shopee,Chiang Mai,764,Shopee,Credit_Card,14,1,3,0,20-30,25.466666666666665,0.0,0.0,0.0,-1,-1,0.0,0.0,0.0,0.0,0.0,0.0,0,0,0.0,0.0,0,0,0.0,0.0,0,0,0.0,0.0,0,0,0.0,0
LGS2ORD0001969,C014041,2025-01-16 14:00:00,Male,47,Silver,CallCenter,Phuket,1420,Web,COD,14,1,3,0,40-50,47.333333333333336,1.0,0.0,0.0,-1,10,4996.03,0.05,1.0,0.0,0.0,0.0,0,0,0.0,4996.03,1,0,0.0,4996.03,1,0,0.0,4996.03,1,0,0.0,0
LGS2ORD0001970,C013767,2025-01-16 14:00:00,Female,23,Bronze,TV,Nakhon Ratchasima,573,Web,COD,14,1,3,0,20-30,19.1,0.0,0.0,0.0,-1,-1,0.0,0.0,0.0,0.0,0.0,0.0,0,0,0.0,0.0,0,0,0.0,0.0,0,0,0.0,0.0,0,0,0.0,1
LGS2ORD0001971,C014834,2025-01-16 14:00:00,Male,46,Silver,Shopee,Nakhon Ratchasima,414,TV_Show,Credit_Card,14,1,3,0,40-50,13.8,0.0,0.0,0.0,-1,-1,0.0,0.0,0.0,0.0,0.0,0.0,0,0,0.0,0.0,0,0,0.0,0.0,0,0,0.0,0.0,0,0,0.0,0
LGS2ORD0001972,C013805,2025-01-16 15:00:00,Male,56,Gold,Lazada,Chonburi,865,TV_Show,Credit_Card,15,1,3,0,>50,28.833333333333332,0.0,0.0,0.0,-1,-1,0.0,0.0,0.0,0.0,0.0,0.0,0,0,0.0,0.0,0,0,0.0,0.0,0,0,0.0,0.0,0,0,0.0,0
LGS2ORD0001973,C017174,2025-01-16 15:00:00,Male,62,Silver,CallCenter,Phuket,1323,Shopee,Credit_Card,15,1,3,0,>50,44.1,1.0,0.0,0.0,-1,12,3065.13,0.2,1.0,0.0,0.0,0.0,0,0,0.0,3065.13,1,0,0.0,3065.13,1,0,0.0,3065.13,1,0,0.0,0
LGS2ORD0001974,C012995,2025-01-16 15:00:00,Male,38,Silver,Lazada,Bangkok,1252,Web,COD,15,1,3,0,30-40,41.733333333333334,0.0,0.0,0.0,-1,-1,0.0,0.0,0.0,0.0,0.0,0.0,0,0,0.0,0.0,0,0,0.0,0.0,0,0,0.0,0.0,0,0,0.0,1
LGS2ORD0001975,C010335,2025-01-16 15:00:00,Female,37,Bronze,Shopee,Phuket,408,CallCenter,COD,15,1,3,0,30-40,13.6,0.0,0.0,0.0,-1,-1,0.0,0.0,0.0,0.0,0.0,0.0,0,0,0.0,0.0,0,0,0.0,0.0,0,0,0.0,0.0,0,0,0.0,1
LGS2ORD0001976,C014681,2025-01-16 15:00:00,Male,28,Bronze,Web,Chiang Mai,483,CallCenter,Bank_Transfer,15,1,3,0,20-30,16.1,1.0,0.0,0.0,-1,10,4687.64,0.08,0.0,0.0,0.0,0.0,0,0,0.0,4687.64,1,0,0.0,4687.64,1,0,0.0,4687.64,1,0,0.0,0
LGS2ORD0001977,C012625,2025-01-16 16:00:00,Female,42,Silver,Shopee,Songkhla,115,Web,PromptPay,16,1,3,0,40-50,3.8333333333333335,0.0,0.0,0.0,-1,-1,0.0,0.0,0.0,0.0,0.0,0.0,0,0,0.0,0.0,0,0,0.0,0.0,0,0,0.0,0.0,0,0,0.0,0
LGS2ORD0001978,C016154,2025-01-16 16:00:00,Other,58,Bronze,Shopee,Songkhla,62,TV_Show,PromptPay,16,1,3,0,>50,2.066666666666667,2.0,0.0,0.0,-1,4,8045.06,0.08,0.0,0.0,0.0,546.1,1,0,0.0,16090.12,2,0,0.0,16090.12,2,0,0.0,16090.12,2,0,0.0,1
LGS2ORD0001979,C010806,2025-01-16 16:00:00,Female,45,Platinum,Shopee,Phuket,567,TV_Show,Credit_Card,16,1,3,0,40-50,18.9,1.0,1.0,1.0,-1,11,786.57,0.35,1.0,1.0,0.0,0.0,0,0,0.0,786.57,1,1,1.0,786.57,1,1,1.0,786.57,1,1,1.0,0
LGS2ORD0001980,C013487,2025-01-16 16:00:00,Male,55,Bronze,Web,Bangkok,387,TV_Show,Bank_Transfer,16,1,3,0,>50,12.9,0.0,0.0,0.0,-1,-1,0.0,0.0,0.0,0.0,0.0,0.0,0,0,0.0,0.0,0,0,0.0,0.0,0,0,0.0,0.0,0,0,0.0,0
LGS2ORD0001981,C011206,2025-01-16 16:00:00,Male,27,Silver,Web,Bangkok,562,CallCenter,Credit_Card,16,1,3,0,20-30,18.733333333333334,0.0,0.0,0.0,-1,-1,0.0,0.0,0.0,0.0,0.0,0.0,0,0,0.0,0.0,0,0,0.0,0.0,0,0,0.0,0.0,0,0,0.0,0
LGS2ORD0001982,C014468,2025-01-16 17:00:00,Male,52,Gold,Web,Chonburi,1365,TV_Show,PromptPay,17,1,3,0,>50,45.5,0.0,0.0,0.0,-1,-1,0.0,0.0,0.0,0.0,0.0,0.0,0,0,0.0,0.0,0,0,0.0,0.0,0,0,0.0,0.0,0,0,0.0,0
LGS2ORD0001983,C015804,2025-01-16 17:00:00,Female,32,Gold,Lazada,Khon Kaen,763,TV_Show,Credit_Card,17,1,3,0,30-40,25.433333333333334,1.0,0.0,0.0,-1,14,14105.08,0.08,1.0,0.0,0.0,0.0,0,0,0.0,14105.08,1,0,0.0,14105.08,1,0,0.0,14105.08,1,0,0.0,0
LGS2ORD0001984,C016672,2025-01-16 17:00:00,Female,48,Bronze,Lazada,Chonburi,563,Web,PromptPay,17,1,3,0,40-50,18.766666666666666,1.0,1.0,1.0,-10,7,1785.58,0.18,1.0,0.0,0.0,0.0,0,0,0.0,1785.58,1,1,1.0,1785.58,1,1,1.0,1785.58,1,1,1.0,0
LGS2ORD0001985,C011712,2025-01-16 17:00:00,Other,54,Bronze,Shopee,Phuket,1149,Lazada,Credit_Card,17,1,3,0,>50,38.3,0.0,0.0,0.0,-1,-1,0.0,0.0,0.0,0.0,0.0,0.0,0,0,0.0,0.0,0,0,0.0,0.0,0,0,0.0,0.0,0,0,0.0,0
LGS2ORD0001986,C013080,2025-01-16 17:00:00,Male,69,Bronze,Web,Chonburi,727,Shopee,COD,17,1,3,0,>50,24.233333333333334,0.0,0.0,0.0,-1,-1,0.0,0.0,0.0,0.0,0.0,0.0,0,0,0.0,0.0,0,0,0.0,0.0,0,0,0.0,0.0,0,0,0.0,0
LGS2ORD0001987,C017632,2025-01-16 17:00:00,Male,40,Bronze,TV,Bangkok,1417,Web,Bank_Transfer,17,1,3,0,30-40,47.233333333333334,1.0,0.0,0.0,-1,3,1231.2,0.18,0.0,0.0,0.0,1231.2,1,0,0.0,1231.2,1,0,0.0,1231.2,1,0,0.0,1231.2,1,0,0.0,0
LGS2ORD0001988,C017965,2025-01-16 18:00:00,Other,43,Bronze,Web,Bangkok,1053,TV_Show,COD,18,1,3,0,40-50,35.1,0.0,0.0,0.0,-1,-1,0.0,0.0,0.0,0.0,0.0,0.0,0,0,0.0,0.0,0,0,0.0,0.0,0,0,0.0,0.0,0,0,0.0,0
LGS2ORD0001989,C015295,2025-01-16 18:00:00,Female,27,Bronze,CallCenter,Bangkok,376,Web,COD,18,1,3,0,20-30,12.533333333333333,2.0,0.0,0.0,-1,13,1392.39,0.23,0.5,0.5,0.0,0.0,0,0,0.0,2784.78,2,0,0.0,2784.78,2,0,0.0,2784.78,2,0,0.0,0
LGS2ORD0001990,C015769,2025-01-16 18:00:00,Male,25,Bronze,TV,Chonburi,672,Shopee,COD,18,1,3,0,20-30,22.4,1.0,1.0,1.0,2,6,5843.05,0.03,0.0,0.0,0.0,5843.05,1,1,1.0,5843.05,1,1,1.0,5843.05,1,1,1.0,5843.05,1,1,1.0,1
LGS2ORD0001991,C013705,2025-01-16 18:00:00,Female,20,Bronze,Web,Bangkok,127,Shopee,PromptPay,18,1,3,0,<20,4.233333333333333,0.0,0.0,0.0,-1,-1,0.0,0.0,0.0,0.0,0.0,0.0,0,0,0.0,0.0,0,0,0.0,0.0,0,0,0.0,0.0,0,0,0.0,0
LGS2ORD0001992,C014305,2025-01-16 18:00:00,Female,32,Bronze,Lazada,Bangkok,235,CallCenter,COD,18,1,3,0,30-40,7.833333333333333,0.0,0.0,0.0,-1,-1,0.0,0.0,0.0,0.0,0.0,0.0,0,0,0.0,0.0,0,0,0.0,0.0,0,0,0.0,0.0,0,0,0.0,0
LGS2ORD0001993,C010164,2025-01-16 19:00:00,Female,33,Platinum,TV,Chiang Mai,365,Web,COD,19,1,3,0,30-40,12.166666666666666,0.0,0.0,0.0,-1,-1,0.0,0.0,0.0,0.0,0.0,0.0,0,0,0.0,0.0,0,0,0.0,0.0,0,0,0.0,0.0,0,0,0.0,1
LGS2ORD0001994,C014346,2025-01-16 19:00:00,Female,62,Silver,Web,Chiang Mai,816,Web,COD,19,1,3,0,>50,27.2,0.0,0.0,0.0,-1,-1,0.0,0.0,0.0,0.0,0.0,0.0,0,0,0.0,0.0,0,0,0.0,0.0,0,0,0.0,0.0,0,0,0.0,0
LGS2ORD0001995,C011740,2025-01-16 19:00:00,Male,30,Bronze,CallCenter,Nakhon Ratchasima,416,Shopee,Bank_Transfer,19,1,3,0,20-30,13.866666666666667,0.0,0.0,0.0,-1,-1,0.0,0.0,0.0,0.0,0.0,0.0,0,0,0.0,0.0,0,0,0.0,0.0,0,0,0.0,0.0,0,0,0.0,0
LGS2ORD0001996,C010482,2025-01-16 19:00:00,Female,58,Bronze,CallCenter,Bangkok,811,Lazada,PromptPay,19,1,3,0,>50,27.033333333333335,1.0,1.0,1.0,0,7,736.11,0.03,1.0,0.0,0.0,0.0,0,0,0.0,736.11,1,1,1.0,736.11,1,1,1.0,736.11,1,1,1.0,0
LGS2ORD0001997,C013206,2025-01-16 19:00:00,Male,23,Gold,Lazada,Chonburi,47,Web,Bank_Transfer,19,1,3,0,20-30,1.5666666666666667,0.0,0.0,0.0,-1,-1,0.0,0.0,0.0,0.0,0.0,0.0,0,0,0.0,0.0,0,0,0.0,0.0,0,0,0.0,0.0,0,0,0.0,0
LGS2ORD0001998,C016237,2025-01-16 20:00:00,Female,40,Silver,CallCenter,Bangkok,1441,CallCenter,Credit_Card,20,1,3,0,30-40,48.03333333333333,0.0,0.0,0.0,-1,-1,0.0,0.0,0.0,0.0,0.0,0.0,0,0,0.0,0.0,0,0,0.0,0.0,0,0,0.0,0.0,0,0,0.0,0
LGS2ORD0001999,C012956,2025-01-16 20:00:00,Female,31,Silver,Shopee,Chiang Mai,207,Shopee,COD,20,1,3,0,30-40,6.9,0.0,0.0,0.0,-1,-1,0.0,0.0,0.0,0.0,0.0,0.0,0,0,0.0,0.0,0,0,0.0,0.0,0,0,0.0,0.0,0,0,0.0,0
LGS2ORD0002000,C011957,2025-01-16 20:00:00,Male,53,Gold,Web,Songkhla,414,Shopee,COD,20,1,3,0,>50,13.8,0.0,0.0,0.0,-1,-1,0.0,0.0,0.0,0.0,0.0,0.0,0,0,0.0,0.0,0,0,0.0,0.0,0,0,0.0,0.0,0,0,0.0,1
LGS2ORD0002001,C016079,2025-01-16 20:00:00,Female,67,Bronze,TV,Chiang Mai,1145,Shopee,Credit_Card,20,1,3,0,>50,38.166666666666664,0.0,0.0,0.0,-1,-1,0.0,0.0,0.0,0.0,0.0,0.0,0,0,0.0,0.0,0,0,0.0,0.0,0,0,0.0,0.0,0,0,0.0,0
LGS2ORD0002002,C016574,2025-01-16 20:00:00,Female,33,Bronze,Web,Khon Kaen,53,Web,COD,20,1,3,0,30-40,1.7666666666666666,0.0,0.0,0.0,-1,-1,0.0,0.0,0.0,0.0,0.0,0.0,0,0,0.0,0.0,0,0,0.0,0.0,0,0,0.0,0.0,0,0,0.0,0
LGS2ORD0002003,C012429,2025-01-16 21:00:00,Male,42,Bronze,TV,Nakhon Ratchasima,451,CallCenter,Credit_Card,21,1,3,0,40-50,15.033333333333333,0.0,0.0,0.0,-1,-1,0.0,0.0,0.0,0.0,0.0,0.0,0,0,0.0,0.0,0,0,0.0,0.0,0,0,0.0,0.0,0,0,0.0,0
LGS2ORD0002004,C010379,2025-01-16 21:00:00,Female,36,Silver,Lazada,Bangkok,1177,Web,COD,21,1,3,0,30-40,39.233333333333334,0.0,0.0,0.0,-1,-1,0.0,0.0,0.0,0.0,0.0,0.0,0,0,0.0,0.0,0,0,0.0,0.0,0,0,0.0,0.0,0,0,0.0,0
LGS2ORD0002005,C016562,2025-01-16 21:00:00,Male,45,Gold,Lazada,Bangkok,524,Shopee,Bank_Transfer,21,1,3,0,40-50,17.466666666666665,0.0,0.0,0.0,-1,-1,0.0,0.0,0.0,0.0,0.0,0.0,0,0,0.0,0.0,0,0,0.0,0.0,0,0,0.0,0.0,0,0,0.0,0
LGS2ORD0002006,C013116,2025-01-16 21:00:00,Female,46,Silver,Web,Chiang Mai,1299,Lazada,COD,21,1,3,0,40-50,43.3,0.0,0.0,0.0,-1,-1,0.0,0.0,0.0,0.0,0.0,0.0,0,0,0.0,0.0,0,0,0.0,0.0,0,0,0.0,0.0,0,0,0.0,0
LGS2ORD0002007,C012295,2025-01-16 21:00:00,Other,39,Silver,CallCenter,Nakhon Ratchasima,1446,Shopee,COD,21,1,3,0,30-40,48.2,2.0,0.0,0.0,-1,4,3928.51,0.3,0.5,0.5,0.0,7483.35,1,0,0.0,7857.02,2,0,0.0,7857.02,2,0,0.0,7857.02,2,0,0.0,0
LGS2ORD0002008,C015376,2025-01-16 21:00:00,Female,56,Silver,Shopee,Bangkok,667,TV_Show,Credit_Card,21,1,3,0,>50,22.233333333333334,0.0,0.0,0.0,-1,-1,0.0,0.0,0.0,0.0,0.0,0.0,0,0,0.0,0.0,0,0,0.0,0.0,0,0,0.0,0.0,0,0,0.0,0
LGS2ORD0002009,C014294,2025-01-16 22:00:00,Male,53,Gold,Web,Chonburi,395,Shopee,Bank_Transfer,22,1,3,0,>50,13.166666666666666,0.0,0.0,0.0,-1,-1,0.0,0.0,0.0,0.0,0.0,0.0,0,0,0.0,0.0,0,0,0.0,0.0,0,0,0.0,0.0,0,0,0.0,0
LGS2ORD0002010,C017008,2025-01-16 22:00:00,Female,46,Bronze,Web,Bangkok,1043,Web,COD,22,1,3,0,40-50,34.766666666666666,0.0,0.0,0.0,-1,-1,0.0,0.0,0.0,0.0,0.0,0.0,0,0,0.0,0.0,0,0,0.0,0.0,0,0,0.0,0.0,0,0,0.0,1
LGS2ORD0002011,C016836,2025-01-16 22:00:00,Male,21,Silver,Web,Khon Kaen,102,Shopee,COD,22,1,3,0,20-30,3.4,0.0,0.0,0.0,-1,-1,0.0,0.0,0.0,0.0,0.0,0.0,0,0,0.0,0.0,0,0,0.0,0.0,0,0,0.0,0.0,0,0,0.0,0
LGS2ORD0002012,C012706,2025-01-16 22:00:00,Male,25,Bronze,CallCenter,Chiang Mai,1241,Web,Bank_Transfer,22,1,3,0,20-30,41.36666666666667,0.0,0.0,0.0,-1,-1,0.0,0.0,0.0,0.0,0.0,0.0,0,0,0.0,0.0,0,0,0.0,0.0,0,0,0.0,0.0,0,0,0.0,0
LGS2ORD0002013,C013648,2025-01-16 22:00:00,Female,61,Bronze,TV,Bangkok,430,TV_Show,COD,22,1,3,0,>50,14.333333333333334,0.0,0.0,0.0,-1,-1,0.0,0.0,0.0,0.0,0.0,0.0,0,0,0.0,0.0,0,0,0.0,0.0,0,0,0.0,0.0,0,0,0.0,0
LGS2ORD0002014,C013084,2025-01-16 23:00:00,Male,18,Bronze,TV,Phuket,1092,Web,COD,23,1,3,0,<20,36.4,0.0,0.0,0.0,-1,-1,0.0,0.0,0.0,0.0,0.0,0.0,0,0,0.0,0.0,0,0,0.0,0.0,0,0,0.0,0.0,0,0,0.0,0
LGS2ORD0002015,C017152,2025-01-16 23:00:00,Male,45,Silver,TV,Remote_Area,593,Web,COD,23,1,3,0,40-50,19.766666666666666,0.0,0.0,0.0,-1,-1,0.0,0.0,0.0,0.0,0.0,0.0,0,0,0.0,0.0,0,0,0.0,0.0,0,0,0.0,0.0,0,0,0.0,0
LGS2ORD0002016,C012450,2025-01-16 23:00:00,Female,36,Gold,TV,Chiang Mai,1302,Lazada,COD,23,1,3,0,30-40,43.4,1.0,0.0,0.0,-1,8,11755.03,0.33,0.0,1.0,0.0,0.0,0,0,0.0,11755.03,1,0,0.0,11755.03,1,0,0.0,11755.03,1,0,0.0,0
LGS2ORD0002017,C011136,2025-01-16 23:00:00,Other,64,Silver,Shopee,Nakhon Ratchasima,1420,TV_Show,COD,23,1,3,0,>50,47.333333333333336,0.0,0.0,0.0,-1,-1,0.0,0.0,0.0,0.0,0.0,0.0,0,0,0.0,0.0,0,0,0.0,0.0,0,0,0.0,0.0,0,0,0.0,1
LGS2ORD0002018,C011887,2025-01-16 23:00:00,Female,56,Gold,CallCenter,Bangkok,1151,Lazada,PromptPay,23,1,3,0,>50,38.36666666666667,0.0,0.0,0.0,-1,-1,0.0,0.0,0.0,0.0,0.0,0.0,0,0,0.0,0.0,0,0,0.0,0.0,0,0,0.0,0.0,0,0,0.0,0
LGS2ORD0002019,C013961,2025-01-17 00:00:00,Female,46,Bronze,Shopee,Khon Kaen,896,TV_Show,Bank_Transfer,0,1,4,0,40-50,29.866666666666667,0.0,0.0,0.0,-1,-1,0.0,0.0,0.0,0.0,0.0,0.0,0,0,0.0,0.0,0,0,0.0,0.0,0,0,0.0,0.0,0,0,0.0,0
LGS2ORD0002020,C011041,2025-01-17 00:00:00,Female,46,Bronze,CallCenter,Bangkok,810,Web,COD,0,1,4,0,40-50,27.0,1.0,0.0,0.0,-1,14,1230.36,0.08,1.0,0.0,0.0,0.0,0,0,0.0,1230.36,1,0,0.0,1230.36,1,0,0.0,1230.36,1,0,0.0,0
LGS2ORD0002021,C015720,2025-01-17 00:00:00,Other,37,Bronze,Shopee,Remote_Area,1110,TV_Show,PromptPay,0,1,4,0,30-40,37.0,2.0,0.0,0.0,-1,6,2468.335,0.23,0.5,1.0,0.0,4936.67,2,0,0.0,4936.67,2,0,0.0,4936.67,2,0,0.0,4936.67,2,0,0.0,0
LGS2ORD0002022,C012887,2025-01-17 00:00:00,Female,57,Bronze,Shopee,Chonburi,1212,TV_Show,COD,0,1,4,0,>50,40.4,1.0,1.0,1.0,-5,5,3374.7,0.13,1.0,0.0,0.0,3374.7,1,1,1.0,3374.7,1,1,1.0,3374.7,1,1,1.0,3374.7,1,1,1.0,0
LGS2ORD0002023,C010078,2025-01-17 00:00:00,Female,55,Bronze,CallCenter,Songkhla,495,Shopee,Credit_Card,0,1,4,0,>50,16.5,0.0,0.0,0.0,-1,-1,0.0,0.0,0.0,0.0,0.0,0.0,0,0,0.0,0.0,0,0,0.0,0.0,0,0,0.0,0.0,0,0,0.0,1
LGS2ORD0002024,C017801,2025-01-17 00:00:00,Female,50,Bronze,Shopee,Phuket,365,TV_Show,COD,0,1,4,0,40-50,12.166666666666666,1.0,0.0,0.0,-1,5,235.78,0.18,1.0,0.0,0.0,235.78,1,0,0.0,235.78,1,0,0.0,235.78,1,0,0.0,235.78,1,0,0.0,0
LGS2ORD0002025,C014117,2025-01-17 01:00:00,Male,28,Silver,Shopee,Remote_Area,787,TV_Show,COD,1,1,4,0,20-30,26.233333333333334,0.0,0.0,0.0,-1,-1,0.0,0.0,0.0,0.0,0.0,0.0,0,0,0.0,0.0,0,0,0.0,0.0,0,0,0.0,0.0,0,0,0.0,1
LGS2ORD0002026,C017587,2025-01-17 01:00:00,Male,19,Gold,TV,Khon Kaen,494,Shopee,Credit_Card,1,1,4,0,<20,16.466666666666665,1.0,1.0,1.0,-7,1,736.47,0.08,1.0,0.0,0.0,736.47,1,1,1.0,736.47,1,1,1.0,736.47,1,1,1.0,736.47,1,1,1.0,0
LGS2ORD0002027,C013699,2025-01-17 01:00:00,Female,48,Silver,Lazada,Khon Kaen,1183,Web,Bank_Transfer,1,1,4,0,40-50,39.43333333333333,0.0,0.0,0.0,-1,-1,0.0,0.0,0.0,0.0,0.0,0.0,0,0,0.0,0.0,0,0,0.0,0.0,0,0,0.0,0.0,0,0,0.0,1
LGS2ORD0002028,C015105,2025-01-17 01:00:00,Male,63,Bronze,Lazada,Chonburi,874,Shopee,Bank_Transfer,1,1,4,0,>50,29.133333333333333,0.0,0.0,0.0,-1,-1,0.0,0.0,0.0,0.0,0.0,0.0,0,0,0.0,0.0,0,0,0.0,0.0,0,0,0.0,0.0,0,0,0.0,1
LGS2ORD0002029,C014557,2025-01-17 01:00:00,Female,58,Platinum,Lazada,Phuket,1449,Web,PromptPay,1,1,4,0,>50,48.3,0.0,0.0,0.0,-1,-1,0.0,0.0,0.0,0.0,0.0,0.0,0,0,0.0,0.0,0,0,0.0,0.0,0,0,0.0,0.0,0,0,0.0,0
LGS2ORD0002030,C011735,2025-01-17 02:00:00,Female,28,Bronze,TV,Bangkok,702,Web,Credit_Card,2,1,4,0,20-30,23.4,0.0,0.0,0.0,-1,-1,0.0,0.0,0.0,0.0,0.0,0.0,0,0,0.0,0.0,0,0,0.0,0.0,0,0,0.0,0.0,0,0,0.0,1
LGS2ORD0002031,C010363,2025-01-17 02:00:00,Male,33,Bronze,TV,Bangkok,392,CallCenter,COD,2,1,4,0,30-40,13.066666666666666,0.0,0.0,0.0,-1,-1,0.0,0.0,0.0,0.0,0.0,0.0,0,0,0.0,0.0,0,0,0.0,0.0,0,0,0.0,0.0,0,0,0.0,0
LGS2ORD0002032,C017777,2025-01-17 02:00:00,Male,65,Gold,Shopee,Remote_Area,57,CallCenter,Credit_Card,2,1,4,0,>50,1.9,0.0,0.0,0.0,-1,-1,0.0,0.0,0.0,0.0,0.0,0.0,0,0,0.0,0.0,0,0,0.0,0.0,0,0,0.0,0.0,0,0,0.0,1
LGS2ORD0002033,C014845,2025-01-17 02:00:00,Female,58,Silver,TV,Bangkok,682,TV_Show,Credit_Card,2,1,4,0,>50,22.733333333333334,1.0,0.0,0.0,-1,14,740.18,0.05,0.0,0.0,0.0,0.0,0,0,0.0,740.18,1,0,0.0,740.18,1,0,0.0,740.18,1,0,0.0,0
LGS2ORD0002034,C010326,2025-01-17 02:00:00,Female,41,Silver,TV,Nakhon Ratchasima,961,TV_Show,COD,2,1,4,0,40-50,32.03333333333333,0.0,0.0,0.0,-1,-1,0.0,0.0,0.0,0.0,0.0,0.0,0,0,0.0,0.0,0,0,0.0,0.0,0,0,0.0,0.0,0,0,0.0,1
LGS2ORD0002035,C011738,2025-01-17 03:00:00,Female,40,Bronze,Lazada,Remote_Area,39,CallCenter,COD,3,1,4,0,30-40,1.3,0.0,0.0,0.0,-1,-1,0.0,0.0,0.0,0.0,0.0,0.0,0,0,0.0,0.0,0,0,0.0,0.0,0,0,0.0,0.0,0,0,0.0,0
LGS2ORD0002036,C010151,2025-01-17 03:00:00,Female,38,Bronze,TV,Songkhla,799,Shopee,PromptPay,3,1,4,0,30-40,26.633333333333333,0.0,0.0,0.0,-1,-1,0.0,0.0,0.0,0.0,0.0,0.0,0,0,0.0,0.0,0,0,0.0,0.0,0,0,0.0,0.0,0,0,0.0,0
LGS2ORD0002037,C016337,2025-01-17 03:00:00,Male,37,Bronze,TV,Remote_Area,185,CallCenter,Bank_Transfer,3,1,4,0,30-40,6.166666666666667,0.0,0.0,0.0,-1,-1,0.0,0.0,0.0,0.0,0.0,0.0,0,0,0.0,0.0,0,0,0.0,0.0,0,0,0.0,0.0,0,0,0.0,0
LGS2ORD0002038,C010599,2025-01-17 03:00:00,Male,39,Silver,Web,Bangkok,43,Web,Credit_Card,3,1,4,0,30-40,1.4333333333333333,0.0,0.0,0.0,-1,-1,0.0,0.0,0.0,0.0,0.0,0.0,0,0,0.0,0.0,0,0,0.0,0.0,0,0,0.0,0.0,0,0,0.0,0
LGS2ORD0002039,C017019,2025-01-17 03:00:00,Female,44,Bronze,TV,Chonburi,208,Shopee,COD,3,1,4,0,40-50,6.933333333333334,1.0,1.0,1.0,-8,3,2088.41,0.08,0.0,0.0,0.0,2088.41,1,1,1.0,2088.41,1,1,1.0,2088.41,1,1,1.0,2088.41,1,1,1.0,0
LGS2ORD0002040,C017458,2025-01-17 04:00:00,Female,53,Bronze,Web,Nakhon Ratchasima,864,Lazada,Bank_Transfer,4,1,4,0,>50,28.8,0.0,0.0,0.0,-1,-1,0.0,0.0,0.0,0.0,0.0,0.0,0,0,0.0,0.0,0,0,0.0,0.0,0,0,0.0,0.0,0,0,0.0,0
LGS2ORD0002041,C014135,2025-01-17 04:00:00,Female,38,Gold,Web,Remote_Area,551,TV_Show,Credit_Card,4,1,4,0,30-40,18.366666666666667,0.0,0.0,0.0,-1,-1,0.0,0.0,0.0,0.0,0.0,0.0,0,0,0.0,0.0,0,0,0.0,0.0,0,0,0.0,0.0,0,0,0.0,0
LGS2ORD0002042,C015521,2025-01-17 04:00:00,Male,34,Gold,Shopee,Chiang Mai,1176,CallCenter,COD,4,1,4,0,30-40,39.2,0.0,0.0,0.0,-1,-1,0.0,0.0,0.0,0.0,0.0,0.0,0,0,0.0,0.0,0,0,0.0,0.0,0,0,0.0,0.0,0,0,0.0,1
LGS2ORD0002043,C017818,2025-01-17 04:00:00,Male,53,Bronze,Shopee,Remote_Area,1031,Shopee,COD,4,1,4,0,>50,34.36666666666667,0.0,0.0,0.0,-1,-1,0.0,0.0,0.0,0.0,0.0,0.0,0,0,0.0,0.0,0,0,0.0,0.0,0,0,0.0,0.0,0,0,0.0,1
LGS2ORD0002044,C014469,2025-01-17 04:00:00,Female,18,Gold,TV,Chiang Mai,36,Web,COD,4,1,4,0,<20,1.2,0.0,0.0,0.0,-1,-1,0.0,0.0,0.0,0.0,0.0,0.0,0,0,0.0,0.0,0,0,0.0,0.0,0,0,0.0,0.0,0,0,0.0,1
LGS2ORD0002045,C014887,2025-01-17 04:00:00,Female,25,Silver,Shopee,Bangkok,1409,Web,COD,4,1,4,0,20-30,46.96666666666667,1.0,0.0,0.0,-1,2,15770.17,0.1,0.0,0.0,0.0,15770.17,1,0,0.0,15770.17,1,0,0.0,15770.17,1,0,0.0,15770.17,1,0,0.0,0
LGS2ORD0002046,C017687,2025-01-17 05:00:00,Male,47,Silver,CallCenter,Chonburi,208,Lazada,Credit_Card,5,1,4,0,40-50,6.933333333333334,0.0,0.0,0.0,-1,-1,0.0,0.0,0.0,0.0,0.0,0.0,0,0,0.0,0.0,0,0,0.0,0.0,0,0,0.0,0.0,0,0,0.0,0
LGS2ORD0002047,C017761,2025-01-17 05:00:00,Female,39,Bronze,Shopee,Nakhon Ratchasima,329,Shopee,Credit_Card,5,1,4,0,30-40,10.966666666666667,0.0,0.0,0.0,-1,-1,0.0,0.0,0.0,0.0,0.0,0.0,0,0,0.0,0.0,0,0,0.0,0.0,0,0,0.0,0.0,0,0,0.0,1
LGS2ORD0002048,C011972,2025-01-17 05:00:00,Male,47,Silver,TV,Bangkok,304,Web,PromptPay,5,1,4,0,40-50,10.133333333333333,0.0,0.0,0.0,-1,-1,0.0,0.0,0.0,0.0,0.0,0.0,0,0,0.0,0.0,0,0,0.0,0.0,0,0,0.0,0.0,0,0,0.0,0
LGS2ORD0002049,C011659,2025-01-17 05:00:00,Male,45,Gold,TV,Chonburi,1104,Shopee,Credit_Card,5,1,4,0,40-50,36.8,0.0,0.0,0.0,-1,-1,0.0,0.0,0.0,0.0,0.0,0.0,0,0,0.0,0.0,0,0,0.0,0.0,0,0,0.0,0.0,0,0,0.0,1
LGS2ORD0002050,C017711,2025-01-17 05:00:00,Male,47,Bronze,Shopee,Remote_Area,669,Web,Credit_Card,5,1,4,0,40-50,22.3,0.0,0.0,0.0,-1,-1,0.0,0.0,0.0,0.0,0.0,0.0,0,0,0.0,0.0,0,0,0.0,0.0,0,0,0.0,0.0,0,0,0.0,1
LGS2ORD0002051,C011447,2025-01-17 06:00:00,Male,39,Gold,TV,Chonburi,130,Web,Credit_Card,6,1,4,0,30-40,4.333333333333333,0.0,0.0,0.0,-1,-1,0.0,0.0,0.0,0.0,0.0,0.0,0,0,0.0,0.0,0,0,0.0,0.0,0,0,0.0,0.0,0,0,0.0,0
LGS2ORD0002052,C010736,2025-01-17 06:00:00,Male,33,Bronze,Shopee,Remote_Area,729,Shopee,COD,6,1,4,0,30-40,24.3,0.0,0.0,0.0,-1,-1,0.0,0.0,0.0,0.0,0.0,0.0,0,0,0.0,0.0,0,0,0.0,0.0,0,0,0.0,0.0,0,0,0.0,0
LGS2ORD0002053,C016130,2025-01-17 06:00:00,Male,36,Gold,Shopee,Bangkok,1210,Lazada,COD,6,1,4,0,30-40,40.333333333333336,0.0,0.0,0.0,-1,-1,0.0,0.0,0.0,0.0,0.0,0.0,0,0,0.0,0.0,0,0,0.0,0.0,0,0,0.0,0.0,0,0,0.0,0
LGS2ORD0002054,C010929,2025-01-17 06:00:00,Female,46,Silver,Web,Khon Kaen,1134,TV_Show,Credit_Card,6,1,4,0,40-50,37.8,1.0,0.0,0.0,-1,3,335.54,0.2,1.0,0.0,0.0,335.54,1,0,0.0,335.54,1,0,0.0,335.54,1,0,0.0,335.54,1,0,0.0,0
LGS2ORD0002055,C011672,2025-01-17 06:00:00,Female,35,Bronze,Web,Chonburi,1022,TV_Show,COD,6,1,4,0,30-40,34.06666666666667,0.0,0.0,0.0,-1,-1,0.0,0.0,0.0,0.0,0.0,0.0,0,0,0.0,0.0,0,0,0.0,0.0,0,0,0.0,0.0,0,0,0.0,0
LGS2ORD0002056,C014139,2025-01-17 07:00:00,Male,46,Bronze,Shopee,Bangkok,1284,CallCenter,PromptPay,7,1,4,0,40-50,42.8,0.0,0.0,0.0,-1,-1,0.0,0.0,0.0,0.0,0.0,0.0,0,0,0.0,0.0,0,0,0.0,0.0,0,0,0.0,0.0,0,0,0.0,0
LGS2ORD0002057,C012538,2025-01-17 07:00:00,Male,33,Silver,Shopee,Khon Kaen,1051,CallCenter,COD,7,1,4,0,30-40,35.03333333333333,0.0,0.0,0.0,-1,-1,0.0,0.0,0.0,0.0,0.0,0.0,0,0,0.0,0.0,0,0,0.0,0.0,0,0,0.0,0.0,0,0,0.0,0
LGS2ORD0002058,C011533,2025-01-17 07:00:00,Female,46,Bronze,Lazada,Khon Kaen,199,CallCenter,COD,7,1,4,0,40-50,6.633333333333334,0.0,0.0,0.0,-1,-1,0.0,0.0,0.0,0.0,0.0,0.0,0,0,0.0,0.0,0,0,0.0,0.0,0,0,0.0,0.0,0,0,0.0,0
LGS2ORD0002059,C016915,2025-01-17 07:00:00,Female,57,Bronze,TV,Chonburi,183,Web,Credit_Card,7,1,4,0,>50,6.1,0.0,0.0,0.0,-1,-1,0.0,0.0,0.0,0.0,0.0,0.0,0,0,0.0,0.0,0,0,0.0,0.0,0,0,0.0,0.0,0,0,0.0,0
LGS2ORD0002060,C010647,2025-01-17 07:00:00,Male,31,Platinum,Web,Chiang Mai,903,TV_Show,Bank_Transfer,7,1,4,0,30-40,30.1,0.0,0.0,0.0,-1,-1,0.0,0.0,0.0,0.0,0.0,0.0,0,0,0.0,0.0,0,0,0.0,0.0,0,0,0.0,0.0,0,0,0.0,0
LGS2ORD0002061,C014650,2025-01-17 08:00:00,Female,52,Bronze,Lazada,Phuket,1458,Lazada,COD,8,1,4,0,>50,48.6,1.0,0.0,0.0,-1,3,3032.53,0.03,0.0,0.0,0.0,3032.53,1,0,0.0,3032.53,1,0,0.0,3032.53,1,0,0.0,3032.53,1,0,0.0,1
LGS2ORD0002062,C016070,2025-01-17 08:00:00,Male,43,Bronze,Shopee,Bangkok,1260,Web,COD,8,1,4,0,40-50,42.0,1.0,0.0,0.0,-1,10,28778.67,0.23,0.0,1.0,0.0,0.0,0,0,0.0,28778.67,1,0,0.0,28778.67,1,0,0.0,28778.67,1,0,0.0,0
LGS2ORD0002063,C012845,2025-01-17 08:00:00,Female,18,Bronze,Web,Remote_Area,82,Web,COD,8,1,4,0,<20,2.7333333333333334,0.0,0.0,0.0,-1,-1,0.0,0.0,0.0,0.0,0.0,0.0,0,0,0.0,0.0,0,0,0.0,0.0,0,0,0.0,0.0,0,0,0.0,1
LGS2ORD0002064,C012133,2025-01-17 08:00:00,Female,41,Gold,TV,Bangkok,346,Shopee,Credit_Card,8,1,4,0,40-50,11.533333333333333,1.0,0.0,0.0,-1,8,4153.0,0.13,0.0,0.0,0.0,0.0,0,0,0.0,4153.0,1,0,0.0,4153.0,1,0,0.0,4153.0,1,0,0.0,0
LGS2ORD0002065,C016936,2025-01-17 08:00:00,Male,35,Bronze,CallCenter,Chonburi,608,TV_Show,Bank_Transfer,8,1,4,0,30-40,20.266666666666666,0.0,0.0,0.0,-1,-1,0.0,0.0,0.0,0.0,0.0,0.0,0,0,0.0,0.0,0,0,0.0,0.0,0,0,0.0,0.0,0,0,0.0,1
LGS2ORD0002066,C010749,2025-01-17 08:00:00,Male,53,Bronze,Shopee,Songkhla,689,TV_Show,COD,8,1,4,0,>50,22.966666666666665,0.0,0.0,0.0,-1,-1,0.0,0.0,0.0,0.0,0.0,0.0,0,0,0.0,0.0,0,0,0.0,0.0,0,0,0.0,0.0,0,0,0.0,1
LGS2ORD0002067,C014127,2025-01-17 09:00:00,Female,40,Silver,TV,Phuket,361,TV_Show,PromptPay,9,1,4,0,30-40,12.033333333333333,0.0,0.0,0.0,-1,-1,0.0,0.0,0.0,0.0,0.0,0.0,0,0,0.0,0.0,0,0,0.0,0.0,0,0,0.0,0.0,0,0,0.0,0
LGS2ORD0002068,C013475,2025-01-17 09:00:00,Male,46,Silver,Shopee,Khon Kaen,855,Web,PromptPay,9,1,4,0,40-50,28.5,0.0,0.0,0.0,-1,-1,0.0,0.0,0.0,0.0,0.0,0.0,0,0,0.0,0.0,0,0,0.0,0.0,0,0,0.0,0.0,0,0,0.0,0
LGS2ORD0002069,C016035,2025-01-17 09:00:00,Female,38,Silver,Lazada,Chonburi,1234,Web,PromptPay,9,1,4,0,30-40,41.13333333333333,0.0,0.0,0.0,-1,-1,0.0,0.0,0.0,0.0,0.0,0.0,0,0,0.0,0.0,0,0,0.0,0.0,0,0,0.0,0.0,0,0,0.0,0
LGS2ORD0002070,C012420,2025-01-17 09:00:00,Male,50,Bronze,TV,Songkhla,617,Lazada,Credit_Card,9,1,4,0,40-50,20.566666666666666,1.0,0.0,0.0,-1,4,6215.62,0.28,0.0,1.0,0.0,6215.62,1,0,0.0,6215.62,1,0,0.0,6215.62,1,0,0.0,6215.62,1,0,0.0,0
LGS2ORD0002071,C013132,2025-01-17 09:00:00,Female,31,Gold,Shopee,Bangkok,357,TV_Show,Credit_Card,9,1,4,0,30-40,11.9,0.0,0.0,0.0,-1,-1,0.0,0.0,0.0,0.0,0.0,0.0,0,0,0.0,0.0,0,0,0.0,0.0,0,0,0.0,0.0,0,0,0.0,0
LGS2ORD0002072,C010255,2025-01-17 10:00:00,Female,66,Silver,CallCenter,Khon Kaen,1291,Shopee,COD,10,1,4,0,>50,43.03333333333333,1.0,1.0,1.0,8,13,1747.29,0.25,1.0,1.0,0.0,0.0,0,0,0.0,1747.29,1,1,1.0,1747.29,1,1,1.0,1747.29,1,1,1.0,0
LGS2ORD0002073,C012947,2025-01-17 10:00:00,Female,56,Bronze,TV,Chiang Mai,580,TV_Show,PromptPay,10,1,4,0,>50,19.333333333333332,0.0,0.0,0.0,-1,-1,0.0,0.0,0.0,0.0,0.0,0.0,0,0,0.0,0.0,0,0,0.0,0.0,0,0,0.0,0.0,0,0,0.0,0
LGS2ORD0002074,C011196,2025-01-17 10:00:00,Male,57,Bronze,Lazada,Bangkok,326,Lazada,COD,10,1,4,0,>50,10.866666666666667,0.0,0.0,0.0,-1,-1,0.0,0.0,0.0,0.0,0.0,0.0,0,0,0.0,0.0,0,0,0.0,0.0,0,0,0.0,0.0,0,0,0.0,0
LGS2ORD0002075,C017855,2025-01-17 10:00:00,Male,44,Platinum,Web,Chonburi,1379,Web,Credit_Card,10,1,4,0,40-50,45.96666666666667,0.0,0.0,0.0,-1,-1,0.0,0.0,0.0,0.0,0.0,0.0,0,0,0.0,0.0,0,0,0.0,0.0,0,0,0.0,0.0,0,0,0.0,0
LGS2ORD0002076,C015160,2025-01-17 10:00:00,Female,39,Gold,Web,Bangkok,752,CallCenter,Bank_Transfer,10,1,4,0,30-40,25.066666666666666,0.0,0.0,0.0,-1,-1,0.0,0.0,0.0,0.0,0.0,0.0,0,0,0.0,0.0,0,0,0.0,0.0,0,0,0.0,0.0,0,0,0.0,0
LGS2ORD0002077,C016082,2025-01-17 11:00:00,Female,44,Bronze,TV,Phuket,1044,Web,PromptPay,11,1,4,0,40-50,34.8,0.0,0.0,0.0,-1,-1,0.0,0.0,0.0,0.0,0.0,0.0,0,0,0.0,0.0,0,0,0.0,0.0,0,0,0.0,0.0,0,0,0.0,1
LGS2ORD0002078,C010553,2025-01-17 11:00:00,Female,62,Bronze,Shopee,Bangkok,1084,CallCenter,Bank_Transfer,11,1,4,0,>50,36.13333333333333,1.0,1.0,1.0,-5,6,4366.13,0.18,1.0,0.0,0.0,4366.13,1,1,1.0,4366.13,1,1,1.0,4366.13,1,1,1.0,4366.13,1,1,1.0,0
LGS2ORD0002079,C015473,2025-01-17 11:00:00,Male,31,Bronze,Web,Chonburi,684,Lazada,PromptPay,11,1,4,0,30-40,22.8,0.0,0.0,0.0,-1,-1,0.0,0.0,0.0,0.0,0.0,0.0,0,0,0.0,0.0,0,0,0.0,0.0,0,0,0.0,0.0,0,0,0.0,0
LGS2ORD0002080,C015938,2025-01-17 11:00:00,Female,18,Bronze,CallCenter,Bangkok,826,Web,Credit_Card,11,1,4,0,<20,27.533333333333335,0.0,0.0,0.0,-1,-1,0.0,0.0,0.0,0.0,0.0,0.0,0,0,0.0,0.0,0,0,0.0,0.0,0,0,0.0,0.0,0,0,0.0,0
LGS2ORD0002081,C010459,2025-01-17 11:00:00,Female,42,Silver,TV,Remote_Area,1157,Web,COD,11,1,4,0,40-50,38.56666666666667,0.0,0.0,0.0,-1,-1,0.0,0.0,0.0,0.0,0.0,0.0,0,0,0.0,0.0,0,0,0.0,0.0,0,0,0.0,0.0,0,0,0.0,0
LGS2ORD0002082,C015959,2025-01-17 12:00:00,Male,36,Platinum,Shopee,Bangkok,902,Lazada,COD,12,1,4,0,30-40,30.066666666666666,0.0,0.0,0.0,-1,-1,0.0,0.0,0.0,0.0,0.0,0.0,0,0,0.0,0.0,0,0,0.0,0.0,0,0,0.0,0.0,0,0,0.0,0
LGS2ORD0002083,C011835,2025-01-17 12:00:00,Female,58,Silver,Lazada,Bangkok,523,TV_Show,Credit_Card,12,1,4,0,>50,17.433333333333334,0.0,0.0,0.0,-1,-1,0.0,0.0,0.0,0.0,0.0,0.0,0,0,0.0,0.0,0,0,0.0,0.0,0,0,0.0,0.0,0,0,0.0,0
LGS2ORD0002084,C012051,2025-01-17 12:00:00,Male,52,Gold,Shopee,Chiang Mai,749,Lazada,COD,12,1,4,0,>50,24.966666666666665,0.0,0.0,0.0,-1,-1,0.0,0.0,0.0,0.0,0.0,0.0,0,0,0.0,0.0,0,0,0.0,0.0,0,0,0.0,0.0,0,0,0.0,1
LGS2ORD0002085,C016871,2025-01-17 12:00:00,Male,61,Gold,CallCenter,Bangkok,929,Shopee,Credit_Card,12,1,4,0,>50,30.966666666666665,0.0,0.0,0.0,-1,-1,0.0,0.0,0.0,0.0,0.0,0.0,0,0,0.0,0.0,0,0,0.0,0.0,0,0,0.0,0.0,0,0,0.0,0
LGS2ORD0002086,C017897,2025-01-17 12:00:00,Female,26,Gold,TV,Bangkok,1146,Web,Credit_Card,12,1,4,0,20-30,38.2,0.0,0.0,0.0,-1,-1,0.0,0.0,0.0,0.0,0.0,0.0,0,0,0.0,0.0,0,0,0.0,0.0,0,0,0.0,0.0,0,0,0.0,0
LGS2ORD0002087,C016277,2025-01-17 12:00:00,Male,61,Bronze,Shopee,Remote_Area,692,Shopee,COD,12,1,4,0,>50,23.066666666666666,0.0,0.0,0.0,-1,-1,0.0,0.0,0.0,0.0,0.0,0.0,0,0,0.0,0.0,0,0,0.0,0.0,0,0,0.0,0.0,0,0,0.0,0
LGS2ORD0002088,C016993,2025-01-17 13:00:00,Female,32,Bronze,Shopee,Nakhon Ratchasima,71,Shopee,Credit_Card,13,1,4,0,30-40,2.3666666666666667,0.0,0.0,0.0,-1,-1,0.0,0.0,0.0,0.0,0.0,0.0,0,0,0.0,0.0,0,0,0.0,0.0,0,0,0.0,0.0,0,0,0.0,0
LGS2ORD0002089,C014345,2025-01-17 13:00:00,Male,56,Bronze,Shopee,Khon Kaen,1461,Lazada,PromptPay,13,1,4,0,>50,48.7,1.0,1.0,1.0,0,10,6559.98,0.23,0.0,1.0,0.0,0.0,0,0,0.0,6559.98,1,1,1.0,6559.98,1,1,1.0,6559.98,1,1,1.0,0
LGS2ORD0002090,C010498,2025-01-17 13:00:00,Female,53,Bronze,Shopee,Bangkok,1134,Web,COD,13,1,4,0,>50,37.8,0.0,0.0,0.0,-1,-1,0.0,0.0,0.0,0.0,0.0,0.0,0,0,0.0,0.0,0,0,0.0,0.0,0,0,0.0,0.0,0,0,0.0,0
LGS2ORD0002091,C010075,2025-01-17 13:00:00,Female,37,Bronze,TV,Bangkok,738,Shopee,COD,13,1,4,0,30-40,24.6,0.0,0.0,0.0,-1,-1,0.0,0.0,0.0,0.0,0.0,0.0,0,0,0.0,0.0,0,0,0.0,0.0,0,0,0.0,0.0,0,0,0.0,0
LGS2ORD0002092,C014286,2025-01-17 13:00:00,Female,42,Bronze,CallCenter,Bangkok,73,Lazada,COD,13,1,4,0,40-50,2.433333333333333,0.0,0.0,0.0,-1,-1,0.0,0.0,0.0,0.0,0.0,0.0,0,0,0.0,0.0,0,0,0.0,0.0,0,0,0.0,0.0,0,0,0.0,0
LGS2ORD0002093,C014741,2025-01-17 14:00:00,Female,40,Bronze,Web,Remote_Area,1220,CallCenter,COD,14,1,4,0,30-40,40.666666666666664,0.0,0.0,0.0,-1,-1,0.0,0.0,0.0,0.0,0.0,0.0,0,0,0.0,0.0,0,0,0.0,0.0,0,0,0.0,0.0,0,0,0.0,1
LGS2ORD0002094,C010270,2025-01-17 14:00:00,Male,58,Bronze,Web,Khon Kaen,776,Web,Bank_Transfer,14,1,4,0,>50,25.866666666666667,0.0,0.0,0.0,-1,-1,0.0,0.0,0.0,0.0,0.0,0.0,0,0,0.0,0.0,0,0,0.0,0.0,0,0,0.0,0.0,0,0,0.0,1
LGS2ORD0002095,C014728,2025-01-17 14:00:00,Male,34,Bronze,TV,Remote_Area,240,Shopee,Credit_Card,14,1,4,0,30-40,8.0,0.0,0.0,0.0,-1,-1,0.0,0.0,0.0,0.0,0.0,0.0,0,0,0.0,0.0,0,0,0.0,0.0,0,0,0.0,0.0,0,0,0.0,0
LGS2ORD0002096,C014428,2025-01-17 14:00:00,Female,46,Bronze,Web,Chiang Mai,65,Web,COD,14,1,4,0,40-50,2.1666666666666665,0.0,0.0,0.0,-1,-1,0.0,0.0,0.0,0.0,0.0,0.0,0,0,0.0,0.0,0,0,0.0,0.0,0,0,0.0,0.0,0,0,0.0,0
LGS2ORD0002097,C010308,2025-01-17 14:00:00,Female,53,Bronze,TV,Bangkok,1183,TV_Show,COD,14,1,4,0,>50,39.43333333333333,1.0,0.0,0.0,-1,3,1242.51,0.28,1.0,1.0,0.0,1242.51,1,0,0.0,1242.51,1,0,0.0,1242.51,1,0,0.0,1242.51,1,0,0.0,0
LGS2ORD0002098,C017439,2025-01-17 15:00:00,Female,47,Silver,TV,Khon Kaen,1252,CallCenter,Credit_Card,15,1,4,0,40-50,41.733333333333334,0.0,0.0,0.0,-1,-1,0.0,0.0,0.0,0.0,0.0,0.0,0,0,0.0,0.0,0,0,0.0,0.0,0,0,0.0,0.0,0,0,0.0,0
LGS2ORD0002099,C015904,2025-01-17 15:00:00,Male,39,Bronze,Web,Bangkok,822,CallCenter,Credit_Card,15,1,4,0,30-40,27.4,0.0,0.0,0.0,-1,-1,0.0,0.0,0.0,0.0,0.0,0.0,0,0,0.0,0.0,0,0,0.0,0.0,0,0,0.0,0.0,0,0,0.0,0
LGS2ORD0002100,C012803,2025-01-17 15:00:00,Female,32,Bronze,Lazada,Songkhla,157,CallCenter,Credit_Card,15,1,4,0,30-40,5.233333333333333,0.0,0.0,0.0,-1,-1,0.0,0.0,0.0,0.0,0.0,0.0,0,0,0.0,0.0,0,0,0.0,0.0,0,0,0.0,0.0,0,0,0.0,0
LGS2ORD0002101,C015140,2025-01-17 15:00:00,Female,62,Bronze,CallCenter,Songkhla,1415,TV_Show,PromptPay,15,1,4,0,>50,47.166666666666664,1.0,1.0,1.0,1,9,722.25,0.18,1.0,0.0,0.0,0.0,0,0,0.0,722.25,1,1,1.0,722.25,1,1,1.0,722.25,1,1,1.0,0
LGS2ORD0002102,C012790,2025-01-17 15:00:00,Female,18,Silver,TV,Bangkok,1410,TV_Show,Credit_Card,15,1,4,0,<20,47.0,1.0,0.0,0.0,-1,9,9705.09,0.1,1.0,0.0,0.0,0.0,0,0,0.0,9705.09,1,0,0.0,9705.09,1,0,0.0,9705.09,1,0,0.0,0
LGS2ORD0002103,C014621,2025-01-17 16:00:00,Female,42,Silver,TV,Nakhon Ratchasima,1149,Lazada,COD,16,1,4,0,40-50,38.3,0.0,0.0,0.0,-1,-1,0.0,0.0,0.0,0.0,0.0,0.0,0,0,0.0,0.0,0,0,0.0,0.0,0,0,0.0,0.0,0,0,0.0,0
LGS2ORD0002104,C016578,2025-01-17 16:00:00,Female,42,Gold,Shopee,Phuket,1171,Shopee,Credit_Card,16,1,4,0,40-50,39.03333333333333,0.0,0.0,0.0,-1,-1,0.0,0.0,0.0,0.0,0.0,0.0,0,0,0.0,0.0,0,0,0.0,0.0,0,0,0.0,0.0,0,0,0.0,0
LGS2ORD0002105,C012204,2025-01-17 16:00:00,Male,41,Platinum,Lazada,Bangkok,712,CallCenter,PromptPay,16,1,4,0,40-50,23.733333333333334,0.0,0.0,0.0,-1,-1,0.0,0.0,0.0,0.0,0.0,0.0,0,0,0.0,0.0,0,0,0.0,0.0,0,0,0.0,0.0,0,0,0.0,0
LGS2ORD0002106,C016527,2025-01-17 16:00:00,Female,55,Gold,Web,Khon Kaen,715,TV_Show,Credit_Card,16,1,4,0,>50,23.833333333333332,0.0,0.0,0.0,-1,-1,0.0,0.0,0.0,0.0,0.0,0.0,0,0,0.0,0.0,0,0,0.0,0.0,0,0,0.0,0.0,0,0,0.0,1
LGS2ORD0002107,C011876,2025-01-17 16:00:00,Male,72,Bronze,CallCenter,Chonburi,256,Shopee,Credit_Card,16,1,4,0,>50,8.533333333333333,1.0,0.0,0.0,-1,10,2297.72,0.03,0.0,0.0,0.0,0.0,0,0,0.0,2297.72,1,0,0.0,2297.72,1,0,0.0,2297.72,1,0,0.0,0
LGS2ORD0002108,C015555,2025-01-17 16:00:00,Male,40,Bronze,TV,Nakhon Ratchasima,1218,TV_Show,COD,16,1,4,0,30-40,40.6,0.0,0.0,0.0,-1,-1,0.0,0.0,0.0,0.0,0.0,0.0,0,0,0.0,0.0,0,0,0.0,0.0,0,0,0.0,0.0,0,0,0.0,0
LGS2ORD0002109,C010658,2025-01-17 17:00:00,Male,67,Gold,CallCenter,Bangkok,769,Lazada,COD,17,1,4,0,>50,25.633333333333333,0.0,0.0,0.0,-1,-1,0.0,0.0,0.0,0.0,0.0,0.0,0,0,0.0,0.0,0,0,0.0,0.0,0,0,0.0,0.0,0,0,0.0,0
LGS2ORD0002110,C016169,2025-01-17 17:00:00,Female,59,Bronze,TV,Bangkok,672,Lazada,Credit_Card,17,1,4,0,>50,22.4,0.0,0.0,0.0,-1,-1,0.0,0.0,0.0,0.0,0.0,0.0,0,0,0.0,0.0,0,0,0.0,0.0,0,0,0.0,0.0,0,0,0.0,0
LGS2ORD0002111,C016568,2025-01-17 17:00:00,Female,56,Bronze,TV,Remote_Area,104,Lazada,COD,17,1,4,0,>50,3.466666666666667,2.0,0.0,0.0,-1,1,8814.3,0.13,1.0,0.0,0.0,4607.89,1,0,0.0,17628.6,2,0,0.0,17628.6,2,0,0.0,17628.6,2,0,0.0,1
LGS2ORD0002112,C015448,2025-01-17 17:00:00,Female,36,Silver,Shopee,Chiang Mai,77,Lazada,COD,17,1,4,0,30-40,2.566666666666667,0.0,0.0,0.0,-1,-1,0.0,0.0,0.0,0.0,0.0,0.0,0,0,0.0,0.0,0,0,0.0,0.0,0,0,0.0,0.0,0,0,0.0,0
LGS2ORD0002113,C012781,2025-01-17 17:00:00,Male,61,Bronze,Web,Bangkok,472,TV_Show,PromptPay,17,1,4,0,>50,15.733333333333333,0.0,0.0,0.0,-1,-1,0.0,0.0,0.0,0.0,0.0,0.0,0,0,0.0,0.0,0,0,0.0,0.0,0,0,0.0,0.0,0,0,0.0,0
LGS2ORD0002114,C011602,2025-01-17 18:00:00,Male,55,Silver,Shopee,Chonburi,762,TV_Show,COD,18,1,4,0,>50,25.4,0.0,0.0,0.0,-1,-1,0.0,0.0,0.0,0.0,0.0,0.0,0,0,0.0,0.0,0,0,0.0,0.0,0,0,0.0,0.0,0,0,0.0,0
LGS2ORD0002115,C016056,2025-01-17 18:00:00,Female,31,Bronze,Web,Phuket,139,Web,COD,18,1,4,0,30-40,4.633333333333334,0.0,0.0,0.0,-1,-1,0.0,0.0,0.0,0.0,0.0,0.0,0,0,0.0,0.0,0,0,0.0,0.0,0,0,0.0,0.0,0,0,0.0,0
LGS2ORD0002116,C011059,2025-01-17 18:00:00,Male,64,Gold,TV,Chonburi,1010,TV_Show,COD,18,1,4,0,>50,33.666666666666664,0.0,0.0,0.0,-1,-1,0.0,0.0,0.0,0.0,0.0,0.0,0,0,0.0,0.0,0,0,0.0,0.0,0,0,0.0,0.0,0,0,0.0,1
LGS2ORD0002117,C013116,2025-01-17 18:00:00,Female,46,Silver,Web,Chiang Mai,1300,Lazada,COD,18,1,4,0,40-50,43.333333333333336,1.0,0.0,0.0,-1,0,3074.26,0.25,1.0,1.0,0.0,3074.26,1,0,0.0,3074.26,1,0,0.0,3074.26,1,0,0.0,3074.26,1,0,0.0,0
LGS2ORD0002118,C011600,2025-01-17 18:00:00,Female,26,Bronze,TV,Phuket,174,CallCenter,COD,18,1,4,0,20-30,5.8,1.0,1.0,1.0,-14,1,8300.85,0.18,1.0,0.0,0.0,8300.85,1,1,1.0,8300.85,1,1,1.0,8300.85,1,1,1.0,8300.85,1,1,1.0,0
LGS2ORD0002119,C016428,2025-01-17 19:00:00,Female,36,Platinum,Shopee,Chiang Mai,671,Shopee,Bank_Transfer,19,1,4,0,30-40,22.366666666666667,0.0,0.0,0.0,-1,-1,0.0,0.0,0.0,0.0,0.0,0.0,0,0,0.0,0.0,0,0,0.0,0.0,0,0,0.0,0.0,0,0,0.0,0
LGS2ORD0002120,C014575,2025-01-17 19:00:00,Female,42,Gold,Web,Chonburi,1376,Web,PromptPay,19,1,4,0,40-50,45.86666666666667,0.0,0.0,0.0,-1,-1,0.0,0.0,0.0,0.0,0.0,0.0,0,0,0.0,0.0,0,0,0.0,0.0,0,0,0.0,0.0,0,0,0.0,1
LGS2ORD0002121,C015117,2025-01-17 19:00:00,Male,55,Bronze,Web,Chonburi,1299,Shopee,Credit_Card,19,1,4,0,>50,43.3,0.0,0.0,0.0,-1,-1,0.0,0.0,0.0,0.0,0.0,0.0,0,0,0.0,0.0,0,0,0.0,0.0,0,0,0.0,0.0,0,0,0.0,0
LGS2ORD0002122,C010404,2025-01-17 19:00:00,Male,27,Silver,CallCenter,Phuket,1397,TV_Show,COD,19,1,4,0,20-30,46.56666666666667,0.0,0.0,0.0,-1,-1,0.0,0.0,0.0,0.0,0.0,0.0,0,0,0.0,0.0,0,0,0.0,0.0,0,0,0.0,0.0,0,0,0.0,0
LGS2ORD0002123,C014944,2025-01-17 19:00:00,Male,57,Silver,Web,Bangkok,555,Lazada,PromptPay,19,1,4,0,>50,18.5,1.0,0.0,0.0,-1,6,1479.42,0.1,0.0,0.0,0.0,1479.42,1,0,0.0,1479.42,1,0,0.0,1479.42,1,0,0.0,1479.42,1,0,0.0,0
LGS2ORD0002124,C016571,2025-01-17 20:00:00,Female,47,Silver,Lazada,Nakhon Ratchasima,1422,Shopee,COD,20,1,4,0,40-50,47.4,0.0,0.0,0.0,-1,-1,0.0,0.0,0.0,0.0,0.0,0.0,0,0,0.0,0.0,0,0,0.0,0.0,0,0,0.0,0.0,0,0,0.0,0
LGS2ORD0002125,C016369,2025-01-17 20:00:00,Other,22,Silver,Shopee,Bangkok,177,Lazada,COD,20,1,4,0,20-30,5.9,0.0,0.0,0.0,-1,-1,0.0,0.0,0.0,0.0,0.0,0.0,0,0,0.0,0.0,0,0,0.0,0.0,0,0,0.0,0.0,0,0,0.0,0
LGS2ORD0002126,C014612,2025-01-17 20:00:00,Female,42,Gold,Web,Bangkok,62,Web,COD,20,1,4,0,40-50,2.066666666666667,0.0,0.0,0.0,-1,-1,0.0,0.0,0.0,0.0,0.0,0.0,0,0,0.0,0.0,0,0,0.0,0.0,0,0,0.0,0.0,0,0,0.0,0
LGS2ORD0002127,C013458,2025-01-17 20:00:00,Female,18,Silver,Shopee,Songkhla,1073,TV_Show,Bank_Transfer,20,1,4,0,<20,35.766666666666666,0.0,0.0,0.0,-1,-1,0.0,0.0,0.0,0.0,0.0,0.0,0,0,0.0,0.0,0,0,0.0,0.0,0,0,0.0,0.0,0,0,0.0,0
LGS2ORD0002128,C012920,2025-01-17 20:00:00,Male,32,Gold,CallCenter,Phuket,996,TV_Show,COD,20,1,4,0,30-40,33.2,1.0,0.0,0.0,-1,1,902.34,0.2299999999999999,0.0,1.0,0.0,902.34,1,0,0.0,902.34,1,0,0.0,902.34,1,0,0.0,902.34,1,0,0.0,0
LGS2ORD0002129,C012732,2025-01-17 20:00:00,Female,59,Silver,Lazada,Bangkok,520,TV_Show,COD,20,1,4,0,>50,17.333333333333332,1.0,0.0,0.0,-1,10,1788.1,0.05,0.0,0.0,0.0,0.0,0,0,0.0,1788.1,1,0,0.0,1788.1,1,0,0.0,1788.1,1,0,0.0,0
LGS2ORD0002130,C016473,2025-01-17 21:00:00,Male,46,Silver,Lazada,Phuket,766,Web,Bank_Transfer,21,1,4,0,40-50,25.533333333333335,0.0,0.0,0.0,-1,-1,0.0,0.0,0.0,0.0,0.0,0.0,0,0,0.0,0.0,0,0,0.0,0.0,0,0,0.0,0.0,0,0,0.0,0
LGS2ORD0002131,C016789,2025-01-17 21:00:00,Other,35,Gold,Shopee,Chonburi,942,Web,PromptPay,21,1,4,0,30-40,31.4,0.0,0.0,0.0,-1,-1,0.0,0.0,0.0,0.0,0.0,0.0,0,0,0.0,0.0,0,0,0.0,0.0,0,0,0.0,0.0,0,0,0.0,0
LGS2ORD0002132,C013053,2025-01-17 21:00:00,Female,50,Platinum,TV,Chonburi,1027,Shopee,COD,21,1,4,0,40-50,34.233333333333334,0.0,0.0,0.0,-1,-1,0.0,0.0,0.0,0.0,0.0,0.0,0,0,0.0,0.0,0,0,0.0,0.0,0,0,0.0,0.0,0,0,0.0,0
LGS2ORD0002133,C014532,2025-01-17 21:00:00,Male,31,Silver,TV,Phuket,1374,Lazada,COD,21,1,4,0,30-40,45.8,0.0,0.0,0.0,-1,-1,0.0,0.0,0.0,0.0,0.0,0.0,0,0,0.0,0.0,0,0,0.0,0.0,0,0,0.0,0.0,0,0,0.0,1
LGS2ORD0002134,C011046,2025-01-17 21:00:00,Female,47,Gold,TV,Remote_Area,901,Web,Bank_Transfer,21,1,4,0,40-50,30.033333333333335,0.0,0.0,0.0,-1,-1,0.0,0.0,0.0,0.0,0.0,0.0,0,0,0.0,0.0,0,0,0.0,0.0,0,0,0.0,0.0,0,0,0.0,0
LGS2ORD0002135,C011968,2025-01-17 22:00:00,Male,41,Silver,Shopee,Bangkok,1466,Shopee,COD,22,1,4,0,40-50,48.86666666666667,0.0,0.0,0.0,-1,-1,0.0,0.0,0.0,0.0,0.0,0.0,0,0,0.0,0.0,0,0,0.0,0.0,0,0,0.0,0.0,0,0,0.0,1
LGS2ORD0002136,C010177,2025-01-17 22:00:00,Male,54,Silver,CallCenter,Phuket,770,Shopee,COD,22,1,4,0,>50,25.666666666666668,0.0,0.0,0.0,-1,-1,0.0,0.0,0.0,0.0,0.0,0.0,0,0,0.0,0.0,0,0,0.0,0.0,0,0,0.0,0.0,0,0,0.0,0
LGS2ORD0002137,C011714,2025-01-17 22:00:00,Female,35,Silver,Web,Bangkok,957,CallCenter,Credit_Card,22,1,4,0,30-40,31.9,1.0,1.0,1.0,0,4,17936.76,0.15,1.0,0.0,0.0,17936.76,1,1,1.0,17936.76,1,1,1.0,17936.76,1,1,1.0,17936.76,1,1,1.0,0
LGS2ORD0002138,C016467,2025-01-17 22:00:00,Female,29,Gold,Shopee,Khon Kaen,1427,CallCenter,Credit_Card,22,1,4,0,20-30,47.56666666666667,0.0,0.0,0.0,-1,-1,0.0,0.0,0.0,0.0,0.0,0.0,0,0,0.0,0.0,0,0,0.0,0.0,0,0,0.0,0.0,0,0,0.0,0
LGS2ORD0002139,C016474,2025-01-17 22:00:00,Male,40,Bronze,TV,Khon Kaen,904,Shopee,PromptPay,22,1,4,0,30-40,30.133333333333333,1.0,0.0,0.0,-1,2,1678.9,0.03,1.0,0.0,0.0,1678.9,1,0,0.0,1678.9,1,0,0.0,1678.9,1,0,0.0,1678.9,1,0,0.0,0
LGS2ORD0002140,C017076,2025-01-17 23:00:00,Female,49,Silver,Web,Nakhon Ratchasima,1212,TV_Show,Credit_Card,23,1,4,0,40-50,40.4,0.0,0.0,0.0,-1,-1,0.0,0.0,0.0,0.0,0.0,0.0,0,0,0.0,0.0,0,0,0.0,0.0,0,0,0.0,0.0,0,0,0.0,0
LGS2ORD0002141,C010112,2025-01-17 23:00:00,Female,54,Bronze,Lazada,Songkhla,893,Shopee,COD,23,1,4,0,>50,29.766666666666666,1.0,0.0,0.0,-1,14,6802.62,0.13,1.0,0.0,0.0,0.0,0,0,0.0,6802.62,1,0,0.0,6802.62,1,0,0.0,6802.62,1,0,0.0,0
LGS2ORD0002142,C013875,2025-01-17 23:00:00,Male,42,Silver,CallCenter,Bangkok,1107,Web,Credit_Card,23,1,4,0,40-50,36.9,0.0,0.0,0.0,-1,-1,0.0,0.0,0.0,0.0,0.0,0.0,0,0,0.0,0.0,0,0,0.0,0.0,0,0,0.0,0.0,0,0,0.0,0
LGS2ORD0002143,C012928,2025-01-17 23:00:00,Female,67,Gold,TV,Bangkok,305,TV_Show,COD,23,1,4,0,>50,10.166666666666666,1.0,0.0,0.0,-1,10,1749.09,0.2299999999999999,0.0,1.0,0.0,0.0,0,0,0.0,1749.09,1,0,0.0,1749.09,1,0,0.0,1749.09,1,0,0.0,1
LGS2ORD0002144,C016628,2025-01-17 23:00:00,Male,53,Bronze,TV,Bangkok,293,Web,COD,23,1,4,0,>50,9.766666666666667,0.0,0.0,0.0,-1,-1,0.0,0.0,0.0,0.0,0.0,0.0,0,0,0.0,0.0,0,0,0.0,0.0,0,0,0.0,0.0,0,0,0.0,0
LGS2ORD0002145,C014874,2025-01-17 23:00:00,Female,31,Silver,CallCenter,Chiang Mai,441,TV_Show,COD,23,1,4,0,30-40,14.7,0.0,0.0,0.0,-1,-1,0.0,0.0,0.0,0.0,0.0,0.0,0,0,0.0,0.0,0,0,0.0,0.0,0,0,0.0,0.0,0,0,0.0,0
LGS2ORD0002146,C013414,2025-01-18 00:00:00,Male,39,Silver,Lazada,Nakhon Ratchasima,343,Web,PromptPay,0,1,5,1,30-40,11.433333333333334,1.0,0.0,0.0,-1,3,4801.15,0.05,1.0,0.0,0.0,4801.15,1,0,0.0,4801.15,1,0,0.0,4801.15,1,0,0.0,4801.15,1,0,0.0,0
LGS2ORD0002147,C016754,2025-01-18 00:00:00,Female,38,Silver,Lazada,Bangkok,1163,Shopee,Credit_Card,0,1,5,1,30-40,38.766666666666666,1.0,0.0,0.0,-1,11,3044.86,0.2,0.0,0.0,0.0,0.0,0,0,0.0,3044.86,1,0,0.0,3044.86,1,0,0.0,3044.86,1,0,0.0,0
LGS2ORD0002148,C014236,2025-01-18 00:00:00,Male,37,Silver,TV,Songkhla,1413,Shopee,COD,0,1,5,1,30-40,47.1,0.0,0.0,0.0,-1,-1,0.0,0.0,0.0,0.0,0.0,0.0,0,0,0.0,0.0,0,0,0.0,0.0,0,0,0.0,0.0,0,0,0.0,1
LGS2ORD0002149,C017431,2025-01-18 00:00:00,Female,42,Silver,TV,Khon Kaen,1111,Shopee,Credit_Card,0,1,5,1,40-50,37.03333333333333,1.0,0.0,0.0,-1,2,1477.6,0.3,0.0,1.0,0.0,1477.6,1,0,0.0,1477.6,1,0,0.0,1477.6,1,0,0.0,1477.6,1,0,0.0,0
LGS2ORD0002150,C013652,2025-01-18 00:00:00,Other,34,Silver,Web,Chonburi,644,Shopee,COD,0,1,5,1,30-40,21.466666666666665,0.0,0.0,0.0,-1,-1,0.0,0.0,0.0,0.0,0.0,0.0,0,0,0.0,0.0,0,0,0.0,0.0,0,0,0.0,0.0,0,0,0.0,1
LGS2ORD0002151,C015208,2025-01-18 01:00:00,Female,39,Bronze,TV,Chiang Mai,295,Shopee,Bank_Transfer,1,1,5,1,30-40,9.833333333333334,0.0,0.0,0.0,-1,-1,0.0,0.0,0.0,0.0,0.0,0.0,0,0,0.0,0.0,0,0,0.0,0.0,0,0,0.0,0.0,0,0,0.0,1
LGS2ORD0002152,C012798,2025-01-18 01:00:00,Female,49,Bronze,TV,Phuket,1235,CallCenter,COD,1,1,5,1,40-50,41.166666666666664,0.0,0.0,0.0,-1,-1,0.0,0.0,0.0,0.0,0.0,0.0,0,0,0.0,0.0,0,0,0.0,0.0,0,0,0.0,0.0,0,0,0.0,0
LGS2ORD0002153,C015113,2025-01-18 01:00:00,Male,48,Silver,TV,Chiang Mai,1029,TV_Show,Credit_Card,1,1,5,1,40-50,34.3,0.0,0.0,0.0,-1,-1,0.0,0.0,0.0,0.0,0.0,0.0,0,0,0.0,0.0,0,0,0.0,0.0,0,0,0.0,0.0,0,0,0.0,1
LGS2ORD0002154,C011659,2025-01-18 01:00:00,Male,45,Gold,TV,Chonburi,1105,TV_Show,COD,1,1,5,1,40-50,36.833333333333336,1.0,1.0,1.0,-5,0,1821.89,0.2299999999999999,0.0,1.0,0.0,1821.89,1,1,1.0,1821.89,1,1,1.0,1821.89,1,1,1.0,1821.89,1,1,1.0,0
LGS2ORD0002155,C016131,2025-01-18 01:00:00,Male,37,Bronze,Web,Bangkok,678,TV_Show,COD,1,1,5,1,30-40,22.6,0.0,0.0,0.0,-1,-1,0.0,0.0,0.0,0.0,0.0,0.0,0,0,0.0,0.0,0,0,0.0,0.0,0,0,0.0,0.0,0,0,0.0,0
LGS2ORD0002156,C014263,2025-01-18 02:00:00,Female,57,Gold,CallCenter,Bangkok,1407,Web,COD,2,1,5,1,>50,46.9,0.0,0.0,0.0,-1,-1,0.0,0.0,0.0,0.0,0.0,0.0,0,0,0.0,0.0,0,0,0.0,0.0,0,0,0.0,0.0,0,0,0.0,0
LGS2ORD0002157,C014552,2025-01-18 02:00:00,Female,26,Silver,TV,Bangkok,377,Lazada,COD,2,1,5,1,20-30,12.566666666666666,0.0,0.0,0.0,-1,-1,0.0,0.0,0.0,0.0,0.0,0.0,0,0,0.0,0.0,0,0,0.0,0.0,0,0,0.0,0.0,0,0,0.0,1
LGS2ORD0002158,C013258,2025-01-18 02:00:00,Female,37,Bronze,Lazada,Chonburi,1102,CallCenter,COD,2,1,5,1,30-40,36.733333333333334,0.0,0.0,0.0,-1,-1,0.0,0.0,0.0,0.0,0.0,0.0,0,0,0.0,0.0,0,0,0.0,0.0,0,0,0.0,0.0,0,0,0.0,1
LGS2ORD0002159,C015649,2025-01-18 02:00:00,Female,38,Bronze,TV,Bangkok,749,CallCenter,COD,2,1,5,1,30-40,24.966666666666665,0.0,0.0,0.0,-1,-1,0.0,0.0,0.0,0.0,0.0,0.0,0,0,0.0,0.0,0,0,0.0,0.0,0,0,0.0,0.0,0,0,0.0,0
LGS2ORD0002160,C016019,2025-01-18 02:00:00,Female,50,Platinum,Web,Nakhon Ratchasima,75,Shopee,COD,2,1,5,1,40-50,2.5,0.0,0.0,0.0,-1,-1,0.0,0.0,0.0,0.0,0.0,0.0,0,0,0.0,0.0,0,0,0.0,0.0,0,0,0.0,0.0,0,0,0.0,0
LGS2ORD0002161,C010644,2025-01-18 03:00:00,Male,55,Bronze,Lazada,Bangkok,649,Web,Credit_Card,3,1,5,1,>50,21.633333333333333,1.0,0.0,0.0,-1,12,2479.58,0.08,0.0,0.0,0.0,0.0,0,0,0.0,2479.58,1,0,0.0,2479.58,1,0,0.0,2479.58,1,0,0.0,1
LGS2ORD0002162,C010979,2025-01-18 03:00:00,Male,60,Bronze,Lazada,Khon Kaen,351,TV_Show,Credit_Card,3,1,5,1,>50,11.7,2.0,0.0,0.0,-1,4,2774.585,0.13,0.0,0.0,0.0,5549.17,2,0,0.0,5549.17,2,0,0.0,5549.17,2,0,0.0,5549.17,2,0,0.0,0
LGS2ORD0002163,C014817,2025-01-18 03:00:00,Female,47,Gold,Shopee,Nakhon Ratchasima,1292,TV_Show,PromptPay,3,1,5,1,40-50,43.06666666666667,0.0,0.0,0.0,-1,-1,0.0,0.0,0.0,0.0,0.0,0.0,0,0,0.0,0.0,0,0,0.0,0.0,0,0,0.0,0.0,0,0,0.0,0
LGS2ORD0002164,C013515,2025-01-18 03:00:00,Male,32,Bronze,TV,Remote_Area,238,Shopee,COD,3,1,5,1,30-40,7.933333333333334,0.0,0.0,0.0,-1,-1,0.0,0.0,0.0,0.0,0.0,0.0,0,0,0.0,0.0,0,0,0.0,0.0,0,0,0.0,0.0,0,0,0.0,0
LGS2ORD0002165,C012623,2025-01-18 03:00:00,Male,63,Bronze,TV,Bangkok,946,Shopee,COD,3,1,5,1,>50,31.533333333333335,0.0,0.0,0.0,-1,-1,0.0,0.0,0.0,0.0,0.0,0.0,0,0,0.0,0.0,0,0,0.0,0.0,0,0,0.0,0.0,0,0,0.0,0
LGS2ORD0002166,C012346,2025-01-18 03:00:00,Male,24,Bronze,TV,Chiang Mai,846,Lazada,COD,3,1,5,1,20-30,28.2,0.0,0.0,0.0,-1,-1,0.0,0.0,0.0,0.0,0.0,0.0,0,0,0.0,0.0,0,0,0.0,0.0,0,0,0.0,0.0,0,0,0.0,1
LGS2ORD0002167,C014284,2025-01-18 04:00:00,Female,51,Silver,TV,Chiang Mai,307,TV_Show,COD,4,1,5,1,>50,10.233333333333333,1.0,0.0,0.0,-1,13,210.25,0.05,0.0,0.0,0.0,0.0,0,0,0.0,210.25,1,0,0.0,210.25,1,0,0.0,210.25,1,0,0.0,1
LGS2ORD0002168,C015057,2025-01-18 04:00:00,Female,62,Bronze,Shopee,Remote_Area,30,Web,Credit_Card,4,1,5,1,>50,1.0,1.0,0.0,0.0,-1,14,947.26,0.08,1.0,0.0,0.0,0.0,0,0,0.0,947.26,1,0,0.0,947.26,1,0,0.0,947.26,1,0,0.0,0
LGS2ORD0002169,C013435,2025-01-18 04:00:00,Other,35,Bronze,Shopee,Phuket,934,Lazada,PromptPay,4,1,5,1,30-40,31.133333333333333,0.0,0.0,0.0,-1,-1,0.0,0.0,0.0,0.0,0.0,0.0,0,0,0.0,0.0,0,0,0.0,0.0,0,0,0.0,0.0,0,0,0.0,1
LGS2ORD0002170,C014397,2025-01-18 04:00:00,Male,55,Gold,Lazada,Nakhon Ratchasima,661,Shopee,Credit_Card,4,1,5,1,>50,22.033333333333335,0.0,0.0,0.0,-1,-1,0.0,0.0,0.0,0.0,0.0,0.0,0,0,0.0,0.0,0,0,0.0,0.0,0,0,0.0,0.0,0,0,0.0,0
LGS2ORD0002171,C011256,2025-01-18 04:00:00,Male,54,Bronze,TV,Chiang Mai,931,CallCenter,COD,4,1,5,1,>50,31.033333333333335,0.0,0.0,0.0,-1,-1,0.0,0.0,0.0,0.0,0.0,0.0,0,0,0.0,0.0,0,0,0.0,0.0,0,0,0.0,0.0,0,0,0.0,1
LGS2ORD0002172,C011214,2025-01-18 05:00:00,Other,37,Gold,Web,Songkhla,311,Lazada,COD,5,1,5,1,30-40,10.366666666666667,0.0,0.0,0.0,-1,-1,0.0,0.0,0.0,0.0,0.0,0.0,0,0,0.0,0.0,0,0,0.0,0.0,0,0,0.0,0.0,0,0,0.0,0
LGS2ORD0002173,C013848,2025-01-18 05:00:00,Female,38,Silver,CallCenter,Bangkok,799,Web,PromptPay,5,1,5,1,30-40,26.633333333333333,1.0,0.0,0.0,-1,12,7581.8,0.1,0.0,0.0,0.0,0.0,0,0,0.0,7581.8,1,0,0.0,7581.8,1,0,0.0,7581.8,1,0,0.0,1
LGS2ORD0002174,C017256,2025-01-18 05:00:00,Other,47,Silver,Shopee,Bangkok,1066,Web,COD,5,1,5,1,40-50,35.53333333333333,0.0,0.0,0.0,-1,-1,0.0,0.0,0.0,0.0,0.0,0.0,0,0,0.0,0.0,0,0,0.0,0.0,0,0,0.0,0.0,0,0,0.0,0
LGS2ORD0002175,C017494,2025-01-18 05:00:00,Male,33,Platinum,Lazada,Nakhon Ratchasima,745,CallCenter,COD,5,1,5,1,30-40,24.833333333333332,0.0,0.0,0.0,-1,-1,0.0,0.0,0.0,0.0,0.0,0.0,0,0,0.0,0.0,0,0,0.0,0.0,0,0,0.0,0.0,0,0,0.0,0
LGS2ORD0002176,C016961,2025-01-18 05:00:00,Male,49,Platinum,CallCenter,Phuket,1361,Web,COD,5,1,5,1,40-50,45.36666666666667,1.0,1.0,1.0,-2,12,8612.51,0.3,1.0,1.0,0.0,0.0,0,0,0.0,8612.51,1,1,1.0,8612.51,1,1,1.0,8612.51,1,1,1.0,1
LGS2ORD0002177,C016093,2025-01-18 06:00:00,Male,58,Bronze,CallCenter,Bangkok,198,Shopee,COD,6,1,5,1,>50,6.6,0.0,0.0,0.0,-1,-1,0.0,0.0,0.0,0.0,0.0,0.0,0,0,0.0,0.0,0,0,0.0,0.0,0,0,0.0,0.0,0,0,0.0,0
LGS2ORD0002178,C010362,2025-01-18 06:00:00,Male,45,Bronze,Shopee,Remote_Area,664,Shopee,COD,6,1,5,1,40-50,22.133333333333333,0.0,0.0,0.0,-1,-1,0.0,0.0,0.0,0.0,0.0,0.0,0,0,0.0,0.0,0,0,0.0,0.0,0,0,0.0,0.0,0,0,0.0,0
LGS2ORD0002179,C017710,2025-01-18 06:00:00,Female,50,Bronze,CallCenter,Bangkok,594,Lazada,PromptPay,6,1,5,1,40-50,19.8,0.0,0.0,0.0,-1,-1,0.0,0.0,0.0,0.0,0.0,0.0,0,0,0.0,0.0,0,0,0.0,0.0,0,0,0.0,0.0,0,0,0.0,0
LGS2ORD0002180,C012829,2025-01-18 06:00:00,Female,72,Silver,TV,Bangkok,848,TV_Show,Bank_Transfer,6,1,5,1,>50,28.266666666666666,0.0,0.0,0.0,-1,-1,0.0,0.0,0.0,0.0,0.0,0.0,0,0,0.0,0.0,0,0,0.0,0.0,0,0,0.0,0.0,0,0,0.0,0
LGS2ORD0002181,C010901,2025-01-18 06:00:00,Female,46,Silver,Web,Songkhla,1106,TV_Show,COD,6,1,5,1,40-50,36.86666666666667,0.0,0.0,0.0,-1,-1,0.0,0.0,0.0,0.0,0.0,0.0,0,0,0.0,0.0,0,0,0.0,0.0,0,0,0.0,0.0,0,0,0.0,1
LGS2ORD0002182,C016042,2025-01-18 07:00:00,Female,63,Silver,Shopee,Remote_Area,946,Shopee,Credit_Card,7,1,5,1,>50,31.533333333333335,1.0,0.0,0.0,-1,3,9429.19,0.1,1.0,0.0,0.0,9429.19,1,0,0.0,9429.19,1,0,0.0,9429.19,1,0,0.0,9429.19,1,0,0.0,0
LGS2ORD0002183,C010003,2025-01-18 07:00:00,Male,38,Bronze,Shopee,Khon Kaen,1181,TV_Show,Bank_Transfer,7,1,5,1,30-40,39.36666666666667,0.0,0.0,0.0,-1,-1,0.0,0.0,0.0,0.0,0.0,0.0,0,0,0.0,0.0,0,0,0.0,0.0,0,0,0.0,0.0,0,0,0.0,0
LGS2ORD0002184,C010051,2025-01-18 07:00:00,Female,47,Silver,Web,Khon Kaen,457,Shopee,Credit_Card,7,1,5,1,40-50,15.233333333333333,0.0,0.0,0.0,-1,-1,0.0,0.0,0.0,0.0,0.0,0.0,0,0,0.0,0.0,0,0,0.0,0.0,0,0,0.0,0.0,0,0,0.0,0
LGS2ORD0002185,C013555,2025-01-18 07:00:00,Female,38,Platinum,CallCenter,Bangkok,1301,Shopee,Credit_Card,7,1,5,1,30-40,43.36666666666667,0.0,0.0,0.0,-1,-1,0.0,0.0,0.0,0.0,0.0,0.0,0,0,0.0,0.0,0,0,0.0,0.0,0,0,0.0,0.0,0,0,0.0,1
LGS2ORD0002186,C017928,2025-01-18 07:00:00,Male,38,Gold,Web,Chiang Mai,424,TV_Show,COD,7,1,5,1,30-40,14.133333333333333,1.0,0.0,0.0,-1,13,2022.34,0.08,0.0,0.0,0.0,0.0,0,0,0.0,2022.34,1,0,0.0,2022.34,1,0,0.0,2022.34,1,0,0.0,0
LGS2ORD0002187,C012596,2025-01-18 07:00:00,Female,18,Silver,Web,Bangkok,1108,Web,Credit_Card,7,1,5,1,<20,36.93333333333333,0.0,0.0,0.0,-1,-1,0.0,0.0,0.0,0.0,0.0,0.0,0,0,0.0,0.0,0,0,0.0,0.0,0,0,0.0,0.0,0,0,0.0,0
LGS2ORD0002188,C012009,2025-01-18 08:00:00,Female,50,Bronze,Shopee,Bangkok,801,Lazada,COD,8,1,5,1,40-50,26.7,0.0,0.0,0.0,-1,-1,0.0,0.0,0.0,0.0,0.0,0.0,0,0,0.0,0.0,0,0,0.0,0.0,0,0,0.0,0.0,0,0,0.0,0
LGS2ORD0002189,C010695,2025-01-18 08:00:00,Male,55,Bronze,Web,Songkhla,51,Web,COD,8,1,5,1,>50,1.7,0.0,0.0,0.0,-1,-1,0.0,0.0,0.0,0.0,0.0,0.0,0,0,0.0,0.0,0,0,0.0,0.0,0,0,0.0,0.0,0,0,0.0,0
LGS2ORD0002190,C010055,2025-01-18 08:00:00,Female,55,Bronze,Lazada,Remote_Area,438,Lazada,Credit_Card,8,1,5,1,>50,14.6,0.0,0.0,0.0,-1,-1,0.0,0.0,0.0,0.0,0.0,0.0,0,0,0.0,0.0,0,0,0.0,0.0,0,0,0.0,0.0,0,0,0.0,0
LGS2ORD0002191,C017639,2025-01-18 08:00:00,Female,49,Silver,Shopee,Remote_Area,776,TV_Show,COD,8,1,5,1,40-50,25.866666666666667,0.0,0.0,0.0,-1,-1,0.0,0.0,0.0,0.0,0.0,0.0,0,0,0.0,0.0,0,0,0.0,0.0,0,0,0.0,0.0,0,0,0.0,1
LGS2ORD0002192,C016144,2025-01-18 08:00:00,Male,42,Gold,TV,Phuket,375,Web,COD,8,1,5,1,40-50,12.5,1.0,0.0,0.0,-1,3,3949.95,0.13,1.0,0.0,0.0,3949.95,1,0,0.0,3949.95,1,0,0.0,3949.95,1,0,0.0,3949.95,1,0,0.0,0
LGS2ORD0002193,C014639,2025-01-18 09:00:00,Male,64,Bronze,TV,Remote_Area,889,Web,COD,9,1,5,1,>50,29.633333333333333,0.0,0.0,0.0,-1,-1,0.0,0.0,0.0,0.0,0.0,0.0,0,0,0.0,0.0,0,0,0.0,0.0,0,0,0.0,0.0,0,0,0.0,0
LGS2ORD0002194,C011082,2025-01-18 09:00:00,Female,55,Bronze,TV,Chonburi,265,Lazada,COD,9,1,5,1,>50,8.833333333333334,0.0,0.0,0.0,-1,-1,0.0,0.0,0.0,0.0,0.0,0.0,0,0,0.0,0.0,0,0,0.0,0.0,0,0,0.0,0.0,0,0,0.0,0
LGS2ORD0002195,C013715,2025-01-18 09:00:00,Female,41,Silver,Shopee,Bangkok,175,Web,COD,9,1,5,1,40-50,5.833333333333333,0.0,0.0,0.0,-1,-1,0.0,0.0,0.0,0.0,0.0,0.0,0,0,0.0,0.0,0,0,0.0,0.0,0,0,0.0,0.0,0,0,0.0,1
LGS2ORD0002196,C013681,2025-01-18 09:00:00,Female,49,Bronze,Web,Chiang Mai,1222,Shopee,Credit_Card,9,1,5,1,40-50,40.733333333333334,0.0,0.0,0.0,-1,-1,0.0,0.0,0.0,0.0,0.0,0.0,0,0,0.0,0.0,0,0,0.0,0.0,0,0,0.0,0.0,0,0,0.0,0
LGS2ORD0002197,C017510,2025-01-18 09:00:00,Male,32,Gold,CallCenter,Khon Kaen,1319,Lazada,COD,9,1,5,1,30-40,43.96666666666667,0.0,0.0,0.0,-1,-1,0.0,0.0,0.0,0.0,0.0,0.0,0,0,0.0,0.0,0,0,0.0,0.0,0,0,0.0,0.0,0,0,0.0,1
LGS2ORD0002198,C015092,2025-01-18 10:00:00,Female,59,Gold,TV,Bangkok,1020,CallCenter,COD,10,1,5,1,>50,34.0,0.0,0.0,0.0,-1,-1,0.0,0.0,0.0,0.0,0.0,0.0,0,0,0.0,0.0,0,0,0.0,0.0,0,0,0.0,0.0,0,0,0.0,0
LGS2ORD0002199,C011129,2025-01-18 10:00:00,Female,47,Silver,Web,Khon Kaen,693,CallCenter,PromptPay,10,1,5,1,40-50,23.1,0.0,0.0,0.0,-1,-1,0.0,0.0,0.0,0.0,0.0,0.0,0,0,0.0,0.0,0,0,0.0,0.0,0,0,0.0,0.0,0,0,0.0,0
LGS2ORD0002200,C015967,2025-01-18 10:00:00,Female,67,Gold,Shopee,Phuket,760,Shopee,Credit_Card,10,1,5,1,>50,25.333333333333332,0.0,0.0,0.0,-1,-1,0.0,0.0,0.0,0.0,0.0,0.0,0,0,0.0,0.0,0,0,0.0,0.0,0,0,0.0,0.0,0,0,0.0,0
LGS2ORD0002201,C016519,2025-01-18 10:00:00,Male,44,Bronze,TV,Phuket,459,Shopee,PromptPay,10,1,5,1,40-50,15.3,0.0,0.0,0.0,-1,-1,0.0,0.0,0.0,0.0,0.0,0.0,0,0,0.0,0.0,0,0,0.0,0.0,0,0,0.0,0.0,0,0,0.0,1
LGS2ORD0002202,C011833,2025-01-18 10:00:00,Female,37,Bronze,Lazada,Remote_Area,875,CallCenter,COD,10,1,5,1,30-40,29.166666666666668,0.0,0.0,0.0,-1,-1,0.0,0.0,0.0,0.0,0.0,0.0,0,0,0.0,0.0,0,0,0.0,0.0,0,0,0.0,0.0,0,0,0.0,1
LGS2ORD0002203,C012414,2025-01-18 11:00:00,Other,60,Bronze,TV,Remote_Area,1105,TV_Show,COD,11,1,5,1,>50,36.833333333333336,0.0,0.0,0.0,-1,-1,0.0,0.0,0.0,0.0,0.0,0.0,0,0,0.0,0.0,0,0,0.0,0.0,0,0,0.0,0.0,0,0,0.0,0
LGS2ORD0002204,C012568,2025-01-18 11:00:00,Female,54,Bronze,Shopee,Khon Kaen,886,Lazada,COD,11,1,5,1,>50,29.533333333333335,0.0,0.0,0.0,-1,-1,0.0,0.0,0.0,0.0,0.0,0.0,0,0,0.0,0.0,0,0,0.0,0.0,0,0,0.0,0.0,0,0,0.0,0
LGS2ORD0002205,C014042,2025-01-18 11:00:00,Female,35,Silver,Web,Chiang Mai,860,Lazada,Bank_Transfer,11,1,5,1,30-40,28.666666666666668,0.0,0.0,0.0,-1,-1,0.0,0.0,0.0,0.0,0.0,0.0,0,0,0.0,0.0,0,0,0.0,0.0,0,0,0.0,0.0,0,0,0.0,0
LGS2ORD0002206,C011325,2025-01-18 11:00:00,Female,22,Silver,Web,Bangkok,596,Shopee,Credit_Card,11,1,5,1,20-30,19.866666666666667,0.0,0.0,0.0,-1,-1,0.0,0.0,0.0,0.0,0.0,0.0,0,0,0.0,0.0,0,0,0.0,0.0,0,0,0.0,0.0,0,0,0.0,0
LGS2ORD0002207,C013381,2025-01-18 11:00:00,Female,39,Gold,Lazada,Chiang Mai,53,CallCenter,COD,11,1,5,1,30-40,1.7666666666666666,0.0,0.0,0.0,-1,-1,0.0,0.0,0.0,0.0,0.0,0.0,0,0,0.0,0.0,0,0,0.0,0.0,0,0,0.0,0.0,0,0,0.0,1
LGS2ORD0002208,C015223,2025-01-18 11:00:00,Male,48,Bronze,CallCenter,Chiang Mai,1440,TV_Show,Credit_Card,11,1,5,1,40-50,48.0,0.0,0.0,0.0,-1,-1,0.0,0.0,0.0,0.0,0.0,0.0,0,0,0.0,0.0,0,0,0.0,0.0,0,0,0.0,0.0,0,0,0.0,0
LGS2ORD0002209,C011428,2025-01-18 12:00:00,Female,29,Silver,Shopee,Nakhon Ratchasima,173,Shopee,Bank_Transfer,12,1,5,1,20-30,5.766666666666667,0.0,0.0,0.0,-1,-1,0.0,0.0,0.0,0.0,0.0,0.0,0,0,0.0,0.0,0,0,0.0,0.0,0,0,0.0,0.0,0,0,0.0,0
LGS2ORD0002210,C016177,2025-01-18 12:00:00,Female,59,Gold,CallCenter,Chonburi,1175,TV_Show,PromptPay,12,1,5,1,>50,39.166666666666664,0.0,0.0,0.0,-1,-1,0.0,0.0,0.0,0.0,0.0,0.0,0,0,0.0,0.0,0,0,0.0,0.0,0,0,0.0,0.0,0,0,0.0,0
LGS2ORD0002211,C012634,2025-01-18 12:00:00,Male,26,Bronze,CallCenter,Chiang Mai,803,TV_Show,PromptPay,12,1,5,1,20-30,26.766666666666666,0.0,0.0,0.0,-1,-1,0.0,0.0,0.0,0.0,0.0,0.0,0,0,0.0,0.0,0,0,0.0,0.0,0,0,0.0,0.0,0,0,0.0,0
LGS2ORD0002212,C014707,2025-01-18 12:00:00,Male,38,Bronze,Web,Khon Kaen,337,TV_Show,COD,12,1,5,1,30-40,11.233333333333333,1.0,0.0,0.0,-1,16,2026.6,0.23,1.0,1.0,0.0,0.0,0,0,0.0,2026.6,1,0,0.0,2026.6,1,0,0.0,2026.6,1,0,0.0,0
LGS2ORD0002213,C017284,2025-01-18 12:00:00,Female,49,Bronze,Shopee,Songkhla,513,Shopee,PromptPay,12,1,5,1,40-50,17.1,0.0,0.0,0.0,-1,-1,0.0,0.0,0.0,0.0,0.0,0.0,0,0,0.0,0.0,0,0,0.0,0.0,0,0,0.0,0.0,0,0,0.0,0
LGS2ORD0002214,C013881,2025-01-18 13:00:00,Male,28,Bronze,Web,Bangkok,1019,TV_Show,COD,13,1,5,1,20-30,33.96666666666667,0.0,0.0,0.0,-1,-1,0.0,0.0,0.0,0.0,0.0,0.0,0,0,0.0,0.0,0,0,0.0,0.0,0,0,0.0,0.0,0,0,0.0,0
LGS2ORD0002215,C014693,2025-01-18 13:00:00,Female,43,Gold,Lazada,Bangkok,1311,TV_Show,Credit_Card,13,1,5,1,40-50,43.7,1.0,0.0,0.0,-1,5,10863.36,0.08,0.0,0.0,0.0,10863.36,1,0,0.0,10863.36,1,0,0.0,10863.36,1,0,0.0,10863.36,1,0,0.0,1
LGS2ORD0002216,C012410,2025-01-18 13:00:00,Female,53,Bronze,TV,Bangkok,1246,Shopee,PromptPay,13,1,5,1,>50,41.53333333333333,1.0,0.0,0.0,-1,8,2045.64,0.08,1.0,0.0,0.0,0.0,0,0,0.0,2045.64,1,0,0.0,2045.64,1,0,0.0,2045.64,1,0,0.0,0
LGS2ORD0002217,C012120,2025-01-18 13:00:00,Female,38,Silver,Shopee,Bangkok,1085,Shopee,PromptPay,13,1,5,1,30-40,36.166666666666664,0.0,0.0,0.0,-1,-1,0.0,0.0,0.0,0.0,0.0,0.0,0,0,0.0,0.0,0,0,0.0,0.0,0,0,0.0,0.0,0,0,0.0,0
LGS2ORD0002218,C010765,2025-01-18 13:00:00,Female,42,Gold,Web,Bangkok,581,Shopee,COD,13,1,5,1,40-50,19.366666666666667,0.0,0.0,0.0,-1,-1,0.0,0.0,0.0,0.0,0.0,0.0,0,0,0.0,0.0,0,0,0.0,0.0,0,0,0.0,0.0,0,0,0.0,0
LGS2ORD0002219,C011053,2025-01-18 14:00:00,Female,47,Platinum,TV,Bangkok,595,Lazada,COD,14,1,5,1,40-50,19.833333333333332,0.0,0.0,0.0,-1,-1,0.0,0.0,0.0,0.0,0.0,0.0,0,0,0.0,0.0,0,0,0.0,0.0,0,0,0.0,0.0,0,0,0.0,0
LGS2ORD0002220,C015768,2025-01-18 14:00:00,Female,18,Bronze,CallCenter,Nakhon Ratchasima,1361,TV_Show,COD,14,1,5,1,<20,45.36666666666667,0.0,0.0,0.0,-1,-1,0.0,0.0,0.0,0.0,0.0,0.0,0,0,0.0,0.0,0,0,0.0,0.0,0,0,0.0,0.0,0,0,0.0,0
LGS2ORD0002221,C015999,2025-01-18 14:00:00,Male,40,Silver,Lazada,Remote_Area,168,Web,COD,14,1,5,1,30-40,5.6,0.0,0.0,0.0,-1,-1,0.0,0.0,0.0,0.0,0.0,0.0,0,0,0.0,0.0,0,0,0.0,0.0,0,0,0.0,0.0,0,0,0.0,1
LGS2ORD0002222,C012795,2025-01-18 14:00:00,Other,41,Silver,Web,Chonburi,1140,TV_Show,COD,14,1,5,1,40-50,38.0,0.0,0.0,0.0,-1,-1,0.0,0.0,0.0,0.0,0.0,0.0,0,0,0.0,0.0,0,0,0.0,0.0,0,0,0.0,0.0,0,0,0.0,1
LGS2ORD0002223,C010852,2025-01-18 14:00:00,Male,49,Gold,Web,Chiang Mai,1277,Shopee,COD,14,1,5,1,40-50,42.56666666666667,0.0,0.0,0.0,-1,-1,0.0,0.0,0.0,0.0,0.0,0.0,0,0,0.0,0.0,0,0,0.0,0.0,0,0,0.0,0.0,0,0,0.0,0
LGS2ORD0002224,C011604,2025-01-18 15:00:00,Male,66,Bronze,CallCenter,Songkhla,456,Shopee,PromptPay,15,1,5,1,>50,15.2,0.0,0.0,0.0,-1,-1,0.0,0.0,0.0,0.0,0.0,0.0,0,0,0.0,0.0,0,0,0.0,0.0,0,0,0.0,0.0,0,0,0.0,0
LGS2ORD0002225,C015949,2025-01-18 15:00:00,Female,46,Bronze,TV,Nakhon Ratchasima,990,TV_Show,COD,15,1,5,1,40-50,33.0,0.0,0.0,0.0,-1,-1,0.0,0.0,0.0,0.0,0.0,0.0,0,0,0.0,0.0,0,0,0.0,0.0,0,0,0.0,0.0,0,0,0.0,0
LGS2ORD0002226,C015975,2025-01-18 15:00:00,Female,36,Bronze,TV,Remote_Area,869,Shopee,COD,15,1,5,1,30-40,28.966666666666665,0.0,0.0,0.0,-1,-1,0.0,0.0,0.0,0.0,0.0,0.0,0,0,0.0,0.0,0,0,0.0,0.0,0,0,0.0,0.0,0,0,0.0,1
LGS2ORD0002227,C014533,2025-01-18 15:00:00,Female,47,Bronze,TV,Songkhla,1380,TV_Show,COD,15,1,5,1,40-50,46.0,0.0,0.0,0.0,-1,-1,0.0,0.0,0.0,0.0,0.0,0.0,0,0,0.0,0.0,0,0,0.0,0.0,0,0,0.0,0.0,0,0,0.0,0
LGS2ORD0002228,C013490,2025-01-18 15:00:00,Female,43,Gold,Web,Khon Kaen,1275,TV_Show,COD,15,1,5,1,40-50,42.5,1.0,1.0,1.0,-9,2,2333.94,0.08,1.0,0.0,0.0,2333.94,1,1,1.0,2333.94,1,1,1.0,2333.94,1,1,1.0,2333.94,1,1,1.0,1
LGS2ORD0002229,C011673,2025-01-18 15:00:00,Female,32,Gold,Web,Bangkok,1028,TV_Show,COD,15,1,5,1,30-40,34.266666666666666,0.0,0.0,0.0,-1,-1,0.0,0.0,0.0,0.0,0.0,0.0,0,0,0.0,0.0,0,0,0.0,0.0,0,0,0.0,0.0,0,0,0.0,0
LGS2ORD0002230,C013140,2025-01-18 16:00:00,Other,56,Bronze,Lazada,Bangkok,1116,Shopee,COD,16,1,5,1,>50,37.2,1.0,0.0,0.0,-1,3,3914.91,0.08,1.0,0.0,0.0,3914.91,1,0,0.0,3914.91,1,0,0.0,3914.91,1,0,0.0,3914.91,1,0,0.0,1
LGS2ORD0002231,C010166,2025-01-18 16:00:00,Female,33,Gold,Shopee,Phuket,735,CallCenter,Bank_Transfer,16,1,5,1,30-40,24.5,0.0,0.0,0.0,-1,-1,0.0,0.0,0.0,0.0,0.0,0.0,0,0,0.0,0.0,0,0,0.0,0.0,0,0,0.0,0.0,0,0,0.0,0
LGS2ORD0002232,C016802,2025-01-18 16:00:00,Female,44,Bronze,Shopee,Bangkok,1219,Lazada,COD,16,1,5,1,40-50,40.63333333333333,1.0,1.0,1.0,-4,10,7611.04,0.18,1.0,0.0,0.0,0.0,0,0,0.0,7611.04,1,1,1.0,7611.04,1,1,1.0,7611.04,1,1,1.0,0
LGS2ORD0002233,C012999,2025-01-18 16:00:00,Male,35,Silver,Lazada,Chiang Mai,1412,Shopee,COD,16,1,5,1,30-40,47.06666666666667,0.0,0.0,0.0,-1,-1,0.0,0.0,0.0,0.0,0.0,0.0,0,0,0.0,0.0,0,0,0.0,0.0,0,0,0.0,0.0,0,0,0.0,0
LGS2ORD0002234,C017272,2025-01-18 16:00:00,Male,42,Silver,TV,Songkhla,1068,Lazada,PromptPay,16,1,5,1,40-50,35.6,0.0,0.0,0.0,-1,-1,0.0,0.0,0.0,0.0,0.0,0.0,0,0,0.0,0.0,0,0,0.0,0.0,0,0,0.0,0.0,0,0,0.0,1
LGS2ORD0002235,C017938,2025-01-18 17:00:00,Male,38,Bronze,Shopee,Remote_Area,638,Web,Bank_Transfer,17,1,5,1,30-40,21.266666666666666,1.0,0.0,0.0,-1,15,5549.75,0.23,1.0,1.0,0.0,0.0,0,0,0.0,5549.75,1,0,0.0,5549.75,1,0,0.0,5549.75,1,0,0.0,1
LGS2ORD0002236,C011463,2025-01-18 17:00:00,Female,51,Bronze,TV,Bangkok,1314,Web,COD,17,1,5,1,>50,43.8,0.0,0.0,0.0,-1,-1,0.0,0.0,0.0,0.0,0.0,0.0,0,0,0.0,0.0,0,0,0.0,0.0,0,0,0.0,0.0,0,0,0.0,0
LGS2ORD0002237,C012088,2025-01-18 17:00:00,Female,37,Gold,Web,Bangkok,914,Shopee,COD,17,1,5,1,30-40,30.466666666666665,0.0,0.0,0.0,-1,-1,0.0,0.0,0.0,0.0,0.0,0.0,0,0,0.0,0.0,0,0,0.0,0.0,0,0,0.0,0.0,0,0,0.0,1
LGS2ORD0002238,C011000,2025-01-18 17:00:00,Female,31,Bronze,Shopee,Bangkok,237,TV_Show,COD,17,1,5,1,30-40,7.9,0.0,0.0,0.0,-1,-1,0.0,0.0,0.0,0.0,0.0,0.0,0,0,0.0,0.0,0,0,0.0,0.0,0,0,0.0,0.0,0,0,0.0,0
LGS2ORD0002239,C015323,2025-01-18 17:00:00,Female,40,Bronze,TV,Songkhla,889,Lazada,Credit_Card,17,1,5,1,30-40,29.633333333333333,0.0,0.0,0.0,-1,-1,0.0,0.0,0.0,0.0,0.0,0.0,0,0,0.0,0.0,0,0,0.0,0.0,0,0,0.0,0.0,0,0,0.0,0
LGS2ORD0002240,C015214,2025-01-18 18:00:00,Male,52,Silver,Lazada,Khon Kaen,1382,Web,COD,18,1,5,1,>50,46.06666666666667,0.0,0.0,0.0,-1,-1,0.0,0.0,0.0,0.0,0.0,0.0,0,0,0.0,0.0,0,0,0.0,0.0,0,0,0.0,0.0,0,0,0.0,1
LGS2ORD0002241,C011059,2025-01-18 18:00:00,Male,64,Gold,TV,Chonburi,1011,TV_Show,COD,18,1,5,1,>50,33.7,1.0,1.0,1.0,-13,1,710.82,0.33,1.0,1.0,0.0,710.82,1,1,1.0,710.82,1,1,1.0,710.82,1,1,1.0,710.82,1,1,1.0,0
LGS2ORD0002242,C017601,2025-01-18 18:00:00,Female,40,Bronze,Lazada,Bangkok,600,Shopee,COD,18,1,5,1,30-40,20.0,0.0,0.0,0.0,-1,-1,0.0,0.0,0.0,0.0,0.0,0.0,0,0,0.0,0.0,0,0,0.0,0.0,0,0,0.0,0.0,0,0,0.0,0
LGS2ORD0002243,C013857,2025-01-18 18:00:00,Female,30,Bronze,Web,Songkhla,1312,Shopee,Credit_Card,18,1,5,1,20-30,43.733333333333334,0.0,0.0,0.0,-1,-1,0.0,0.0,0.0,0.0,0.0,0.0,0,0,0.0,0.0,0,0,0.0,0.0,0,0,0.0,0.0,0,0,0.0,0
LGS2ORD0002244,C013031,2025-01-18 18:00:00,Female,40,Silver,TV,Phuket,1086,TV_Show,Credit_Card,18,1,5,1,30-40,36.2,0.0,0.0,0.0,-1,-1,0.0,0.0,0.0,0.0,0.0,0.0,0,0,0.0,0.0,0,0,0.0,0.0,0,0,0.0,0.0,0,0,0.0,0
LGS2ORD0002245,C013768,2025-01-18 19:00:00,Male,39,Platinum,Lazada,Chiang Mai,1050,TV_Show,COD,19,1,5,1,30-40,35.0,0.0,0.0,0.0,-1,-1,0.0,0.0,0.0,0.0,0.0,0.0,0,0,0.0,0.0,0,0,0.0,0.0,0,0,0.0,0.0,0,0,0.0,1
LGS2ORD0002246,C012290,2025-01-18 19:00:00,Female,51,Gold,Web,Chonburi,832,CallCenter,Credit_Card,19,1,5,1,>50,27.733333333333334,0.0,0.0,0.0,-1,-1,0.0,0.0,0.0,0.0,0.0,0.0,0,0,0.0,0.0,0,0,0.0,0.0,0,0,0.0,0.0,0,0,0.0,0
LGS2ORD0002247,C010645,2025-01-18 19:00:00,Male,45,Bronze,TV,Chonburi,1311,Shopee,COD,19,1,5,1,40-50,43.7,0.0,0.0,0.0,-1,-1,0.0,0.0,0.0,0.0,0.0,0.0,0,0,0.0,0.0,0,0,0.0,0.0,0,0,0.0,0.0,0,0,0.0,0
LGS2ORD0002248,C014394,2025-01-18 19:00:00,Male,42,Platinum,TV,Nakhon Ratchasima,1093,CallCenter,Bank_Transfer,19,1,5,1,40-50,36.43333333333333,0.0,0.0,0.0,-1,-1,0.0,0.0,0.0,0.0,0.0,0.0,0,0,0.0,0.0,0,0,0.0,0.0,0,0,0.0,0.0,0,0,0.0,0
LGS2ORD0002249,C014289,2025-01-18 19:00:00,Male,28,Gold,Lazada,Bangkok,821,CallCenter,PromptPay,19,1,5,1,20-30,27.366666666666667,0.0,0.0,0.0,-1,-1,0.0,0.0,0.0,0.0,0.0,0.0,0,0,0.0,0.0,0,0,0.0,0.0,0,0,0.0,0.0,0,0,0.0,0
LGS2ORD0002250,C017840,2025-01-18 19:00:00,Male,39,Bronze,Shopee,Chiang Mai,80,TV_Show,PromptPay,19,1,5,1,30-40,2.6666666666666665,2.0,0.0,0.0,-1,4,9013.31,0.03,0.5,0.0,0.0,4124.74,1,0,0.0,18026.62,2,0,0.0,18026.62,2,0,0.0,18026.62,2,0,0.0,0
LGS2ORD0002251,C012202,2025-01-18 20:00:00,Female,41,Silver,TV,Chiang Mai,1196,Shopee,COD,20,1,5,1,40-50,39.86666666666667,0.0,0.0,0.0,-1,-1,0.0,0.0,0.0,0.0,0.0,0.0,0,0,0.0,0.0,0,0,0.0,0.0,0,0,0.0,0.0,0,0,0.0,0
LGS2ORD0002252,C010307,2025-01-18 20:00:00,Male,54,Bronze,Shopee,Chonburi,292,Shopee,COD,20,1,5,1,>50,9.733333333333333,1.0,0.0,0.0,-1,9,10968.23,0.18,1.0,0.0,0.0,0.0,0,0,0.0,10968.23,1,0,0.0,10968.23,1,0,0.0,10968.23,1,0,0.0,0
LGS2ORD0002253,C011292,2025-01-18 20:00:00,Male,39,Bronze,TV,Nakhon Ratchasima,401,TV_Show,Credit_Card,20,1,5,1,30-40,13.366666666666667,0.0,0.0,0.0,-1,-1,0.0,0.0,0.0,0.0,0.0,0.0,0,0,0.0,0.0,0,0,0.0,0.0,0,0,0.0,0.0,0,0,0.0,0
LGS2ORD0002254,C013387,2025-01-18 20:00:00,Other,49,Gold,TV,Songkhla,350,Web,Credit_Card,20,1,5,1,40-50,11.666666666666666,0.0,0.0,0.0,-1,-1,0.0,0.0,0.0,0.0,0.0,0.0,0,0,0.0,0.0,0,0,0.0,0.0,0,0,0.0,0.0,0,0,0.0,0
LGS2ORD0002255,C011136,2025-01-18 20:00:00,Other,64,Silver,Shopee,Nakhon Ratchasima,1422,TV_Show,COD,20,1,5,1,>50,47.4,1.0,1.0,1.0,-4,1,3855.15,0.2,1.0,0.0,0.0,3855.15,1,1,1.0,3855.15,1,1,1.0,3855.15,1,1,1.0,3855.15,1,1,1.0,1
LGS2ORD0002256,C011314,2025-01-18 21:00:00,Male,34,Bronze,Web,Bangkok,233,Shopee,Credit_Card,21,1,5,1,30-40,7.766666666666667,0.0,0.0,0.0,-1,-1,0.0,0.0,0.0,0.0,0.0,0.0,0,0,0.0,0.0,0,0,0.0,0.0,0,0,0.0,0.0,0,0,0.0,1
LGS2ORD0002257,C015316,2025-01-18 21:00:00,Female,42,Bronze,Lazada,Remote_Area,818,TV_Show,Bank_Transfer,21,1,5,1,40-50,27.266666666666666,0.0,0.0,0.0,-1,-1,0.0,0.0,0.0,0.0,0.0,0.0,0,0,0.0,0.0,0,0,0.0,0.0,0,0,0.0,0.0,0,0,0.0,0
LGS2ORD0002258,C013830,2025-01-18 21:00:00,Male,61,Gold,Lazada,Bangkok,407,Web,Bank_Transfer,21,1,5,1,>50,13.566666666666666,1.0,0.0,0.0,-1,11,6384.44,0.28,1.0,1.0,0.0,0.0,0,0,0.0,6384.44,1,0,0.0,6384.44,1,0,0.0,6384.44,1,0,0.0,0
LGS2ORD0002259,C015012,2025-01-18 21:00:00,Female,55,Silver,Web,Khon Kaen,341,TV_Show,PromptPay,21,1,5,1,>50,11.366666666666667,0.0,0.0,0.0,-1,-1,0.0,0.0,0.0,0.0,0.0,0.0,0,0,0.0,0.0,0,0,0.0,0.0,0,0,0.0,0.0,0,0,0.0,0
LGS2ORD0002260,C010829,2025-01-18 21:00:00,Male,34,Platinum,CallCenter,Chonburi,173,Web,PromptPay,21,1,5,1,30-40,5.766666666666667,0.0,0.0,0.0,-1,-1,0.0,0.0,0.0,0.0,0.0,0.0,0,0,0.0,0.0,0,0,0.0,0.0,0,0,0.0,0.0,0,0,0.0,0
LGS2ORD0002261,C010850,2025-01-18 22:00:00,Other,43,Silver,TV,Chiang Mai,655,CallCenter,COD,22,1,5,1,40-50,21.833333333333332,0.0,0.0,0.0,-1,-1,0.0,0.0,0.0,0.0,0.0,0.0,0,0,0.0,0.0,0,0,0.0,0.0,0,0,0.0,0.0,0,0,0.0,0
LGS2ORD0002262,C011989,2025-01-18 22:00:00,Male,32,Bronze,TV,Phuket,1063,Web,COD,22,1,5,1,30-40,35.43333333333333,0.0,0.0,0.0,-1,-1,0.0,0.0,0.0,0.0,0.0,0.0,0,0,0.0,0.0,0,0,0.0,0.0,0,0,0.0,0.0,0,0,0.0,1
LGS2ORD0002263,C012114,2025-01-18 22:00:00,Female,18,Gold,TV,Chonburi,460,Lazada,Credit_Card,22,1,5,1,<20,15.333333333333334,0.0,0.0,0.0,-1,-1,0.0,0.0,0.0,0.0,0.0,0.0,0,0,0.0,0.0,0,0,0.0,0.0,0,0,0.0,0.0,0,0,0.0,0
LGS2ORD0002264,C010619,2025-01-18 22:00:00,Male,44,Silver,Web,Bangkok,1031,Web,COD,22,1,5,1,40-50,34.36666666666667,0.0,0.0,0.0,-1,-1,0.0,0.0,0.0,0.0,0.0,0.0,0,0,0.0,0.0,0,0,0.0,0.0,0,0,0.0,0.0,0,0,0.0,0
LGS2ORD0002265,C014434,2025-01-18 22:00:00,Female,56,Bronze,Web,Khon Kaen,284,TV_Show,COD,22,1,5,1,>50,9.466666666666667,1.0,0.0,0.0,-1,12,527.31,0.03,0.0,0.0,0.0,0.0,0,0,0.0,527.31,1,0,0.0,527.31,1,0,0.0,527.31,1,0,0.0,1
LGS2ORD0002266,C010439,2025-01-18 22:00:00,Female,48,Bronze,TV,Bangkok,1000,Shopee,PromptPay,22,1,5,1,40-50,33.333333333333336,0.0,0.0,0.0,-1,-1,0.0,0.0,0.0,0.0,0.0,0.0,0,0,0.0,0.0,0,0,0.0,0.0,0,0,0.0,0.0,0,0,0.0,0
LGS2ORD0002267,C016304,2025-01-18 23:00:00,Male,44,Bronze,TV,Chonburi,597,Web,COD,23,1,5,1,40-50,19.9,0.0,0.0,0.0,-1,-1,0.0,0.0,0.0,0.0,0.0,0.0,0,0,0.0,0.0,0,0,0.0,0.0,0,0,0.0,0.0,0,0,0.0,0
LGS2ORD0002268,C012991,2025-01-18 23:00:00,Male,48,Platinum,Shopee,Phuket,920,Shopee,COD,23,1,5,1,40-50,30.666666666666668,0.0,0.0,0.0,-1,-1,0.0,0.0,0.0,0.0,0.0,0.0,0,0,0.0,0.0,0,0,0.0,0.0,0,0,0.0,0.0,0,0,0.0,1
LGS2ORD0002269,C015885,2025-01-18 23:00:00,Female,46,Platinum,Web,Khon Kaen,1127,Shopee,COD,23,1,5,1,40-50,37.56666666666667,0.0,0.0,0.0,-1,-1,0.0,0.0,0.0,0.0,0.0,0.0,0,0,0.0,0.0,0,0,0.0,0.0,0,0,0.0,0.0,0,0,0.0,1
LGS2ORD0002270,C012124,2025-01-18 23:00:00,Male,18,Bronze,Shopee,Remote_Area,1247,CallCenter,Credit_Card,23,1,5,1,<20,41.56666666666667,0.0,0.0,0.0,-1,-1,0.0,0.0,0.0,0.0,0.0,0.0,0,0,0.0,0.0,0,0,0.0,0.0,0,0,0.0,0.0,0,0,0.0,0
LGS2ORD0002271,C015180,2025-01-18 23:00:00,Male,44,Platinum,Shopee,Remote_Area,776,TV_Show,COD,23,1,5,1,40-50,25.866666666666667,0.0,0.0,0.0,-1,-1,0.0,0.0,0.0,0.0,0.0,0.0,0,0,0.0,0.0,0,0,0.0,0.0,0,0,0.0,0.0,0,0,0.0,1
LGS2ORD0002272,C015244,2025-01-19 00:00:00,Female,43,Bronze,CallCenter,Chonburi,576,Lazada,Credit_Card,0,1,6,1,40-50,19.2,1.0,1.0,1.0,-8,3,4177.44,0.23,1.0,1.0,0.0,4177.44,1,1,1.0,4177.44,1,1,1.0,4177.44,1,1,1.0,4177.44,1,1,1.0,1
LGS2ORD0002273,C010007,2025-01-19 00:00:00,Male,48,Gold,Shopee,Remote_Area,160,Lazada,Bank_Transfer,0,1,6,1,40-50,5.333333333333333,1.0,0.0,0.0,-1,7,1110.47,0.08,1.0,0.0,0.0,0.0,0,0,0.0,1110.47,1,0,0.0,1110.47,1,0,0.0,1110.47,1,0,0.0,0
LGS2ORD0002274,C013303,2025-01-19 00:00:00,Female,37,Bronze,CallCenter,Phuket,68,Lazada,PromptPay,0,1,6,1,30-40,2.2666666666666666,0.0,0.0,0.0,-1,-1,0.0,0.0,0.0,0.0,0.0,0.0,0,0,0.0,0.0,0,0,0.0,0.0,0,0,0.0,0.0,0,0,0.0,0
LGS2ORD0002275,C010698,2025-01-19 00:00:00,Male,44,Gold,Shopee,Chonburi,219,Web,COD,0,1,6,1,40-50,7.3,1.0,0.0,0.0,-1,12,5914.61,0.13,1.0,0.0,0.0,0.0,0,0,0.0,5914.61,1,0,0.0,5914.61,1,0,0.0,5914.61,1,0,0.0,1
LGS2ORD0002276,C016259,2025-01-19 00:00:00,Female,53,Silver,TV,Bangkok,894,TV_Show,COD,0,1,6,1,>50,29.8,0.0,0.0,0.0,-1,-1,0.0,0.0,0.0,0.0,0.0,0.0,0,0,0.0,0.0,0,0,0.0,0.0,0,0,0.0,0.0,0,0,0.0,0
LGS2ORD0002277,C015406,2025-01-19 01:00:00,Male,29,Bronze,TV,Bangkok,34,Web,Credit_Card,1,1,6,1,20-30,1.1333333333333333,1.0,0.0,0.0,-1,10,695.2,0.08,1.0,0.0,0.0,0.0,0,0,0.0,695.2,1,0,0.0,695.2,1,0,0.0,695.2,1,0,0.0,0
LGS2ORD0002278,C010195,2025-01-19 01:00:00,Male,56,Platinum,TV,Chonburi,1154,Shopee,PromptPay,1,1,6,1,>50,38.46666666666667,0.0,0.0,0.0,-1,-1,0.0,0.0,0.0,0.0,0.0,0.0,0,0,0.0,0.0,0,0,0.0,0.0,0,0,0.0,0.0,0,0,0.0,0
LGS2ORD0002279,C013085,2025-01-19 01:00:00,Male,66,Bronze,TV,Nakhon Ratchasima,1416,Web,Credit_Card,1,1,6,1,>50,47.2,0.0,0.0,0.0,-1,-1,0.0,0.0,0.0,0.0,0.0,0.0,0,0,0.0,0.0,0,0,0.0,0.0,0,0,0.0,0.0,0,0,0.0,0
LGS2ORD0002280,C012372,2025-01-19 01:00:00,Female,40,Platinum,TV,Chiang Mai,53,Lazada,COD,1,1,6,1,30-40,1.7666666666666666,0.0,0.0,0.0,-1,-1,0.0,0.0,0.0,0.0,0.0,0.0,0,0,0.0,0.0,0,0,0.0,0.0,0,0,0.0,0.0,0,0,0.0,1
LGS2ORD0002281,C014884,2025-01-19 01:00:00,Female,32,Bronze,TV,Phuket,255,Web,COD,1,1,6,1,30-40,8.5,2.0,0.0,0.0,-1,13,4060.615,0.18,1.0,0.0,0.0,0.0,0,0,0.0,8121.23,2,0,0.0,8121.23,2,0,0.0,8121.23,2,0,0.0,0
LGS2ORD0002282,C010412,2025-01-19 02:00:00,Female,34,Bronze,TV,Bangkok,938,Shopee,COD,2,1,6,1,30-40,31.266666666666666,0.0,0.0,0.0,-1,-1,0.0,0.0,0.0,0.0,0.0,0.0,0,0,0.0,0.0,0,0,0.0,0.0,0,0,0.0,0.0,0,0,0.0,0
LGS2ORD0002283,C017524,2025-01-19 02:00:00,Male,48,Bronze,Shopee,Remote_Area,1111,CallCenter,COD,2,1,6,1,40-50,37.03333333333333,1.0,1.0,1.0,-2,3,1937.67,0.23,0.0,1.0,0.0,1937.67,1,1,1.0,1937.67,1,1,1.0,1937.67,1,1,1.0,1937.67,1,1,1.0,1
LGS2ORD0002284,C014397,2025-01-19 02:00:00,Male,55,Gold,Lazada,Nakhon Ratchasima,662,Web,Credit_Card,2,1,6,1,>50,22.066666666666666,1.0,0.0,0.0,-1,0,937.65,0.2299999999999999,0.0,1.0,0.0,937.65,1,0,0.0,937.65,1,0,0.0,937.65,1,0,0.0,937.65,1,0,0.0,0
LGS2ORD0002285,C012105,2025-01-19 02:00:00,Female,32,Gold,TV,Remote_Area,1220,Shopee,COD,2,1,6,1,30-40,40.666666666666664,0.0,0.0,0.0,-1,-1,0.0,0.0,0.0,0.0,0.0,0.0,0,0,0.0,0.0,0,0,0.0,0.0,0,0,0.0,0.0,0,0,0.0,0
LGS2ORD0002286,C012346,2025-01-19 02:00:00,Male,24,Bronze,TV,Chiang Mai,847,Shopee,COD,2,1,6,1,20-30,28.233333333333334,1.0,1.0,1.0,-8,0,4305.87,0.18,1.0,0.0,0.0,4305.87,1,1,1.0,4305.87,1,1,1.0,4305.87,1,1,1.0,4305.87,1,1,1.0,0
LGS2ORD0002287,C015421,2025-01-19 02:00:00,Other,32,Platinum,Shopee,Phuket,863,Lazada,COD,2,1,6,1,30-40,28.766666666666666,0.0,0.0,0.0,-1,-1,0.0,0.0,0.0,0.0,0.0,0.0,0,0,0.0,0.0,0,0,0.0,0.0,0,0,0.0,0.0,0,0,0.0,1
LGS2ORD0002288,C013890,2025-01-19 03:00:00,Other,47,Bronze,Shopee,Chiang Mai,1190,Web,COD,3,1,6,1,40-50,39.666666666666664,1.0,0.0,0.0,-1,10,1134.4,0.18,1.0,0.0,0.0,0.0,0,0,0.0,1134.4,1,0,0.0,1134.4,1,0,0.0,1134.4,1,0,0.0,0
LGS2ORD0002289,C011568,2025-01-19 03:00:00,Female,43,Bronze,Web,Remote_Area,261,Lazada,COD,3,1,6,1,40-50,8.7,1.0,1.0,1.0,-5,11,2083.01,0.08,0.0,0.0,0.0,0.0,0,0,0.0,2083.01,1,1,1.0,2083.01,1,1,1.0,2083.01,1,1,1.0,0
LGS2ORD0002290,C010037,2025-01-19 03:00:00,Male,36,Bronze,CallCenter,Bangkok,786,TV_Show,PromptPay,3,1,6,1,30-40,26.2,1.0,0.0,0.0,-1,4,16706.22,0.03,0.0,0.0,0.0,16706.22,1,0,0.0,16706.22,1,0,0.0,16706.22,1,0,0.0,16706.22,1,0,0.0,1
LGS2ORD0002291,C013003,2025-01-19 03:00:00,Female,42,Bronze,Lazada,Chiang Mai,796,Lazada,Credit_Card,3,1,6,1,40-50,26.533333333333335,1.0,0.0,0.0,-1,2,4870.4,0.18,0.0,0.0,0.0,4870.4,1,0,0.0,4870.4,1,0,0.0,4870.4,1,0,0.0,4870.4,1,0,0.0,0
LGS2ORD0002292,C013887,2025-01-19 03:00:00,Male,38,Bronze,TV,Chiang Mai,1260,Lazada,PromptPay,3,1,6,1,30-40,42.0,2.0,0.0,0.0,-1,10,2387.75,0.23,0.0,0.5,0.0,0.0,0,0,0.0,4775.5,2,0,0.0,4775.5,2,0,0.0,4775.5,2,0,0.0,0
LGS2ORD0002293,C012478,2025-01-19 04:00:00,Female,34,Silver,Lazada,Bangkok,510,TV_Show,COD,4,1,6,1,30-40,17.0,0.0,0.0,0.0,-1,-1,0.0,0.0,0.0,0.0,0.0,0.0,0,0,0.0,0.0,0,0,0.0,0.0,0,0,0.0,0.0,0,0,0.0,1
LGS2ORD0002294,C017159,2025-01-19 04:00:00,Male,33,Bronze,TV,Remote_Area,418,Web,COD,4,1,6,1,30-40,13.933333333333334,0.0,0.0,0.0,-1,-1,0.0,0.0,0.0,0.0,0.0,0.0,0,0,0.0,0.0,0,0,0.0,0.0,0,0,0.0,0.0,0,0,0.0,0
LGS2ORD0002295,C014947,2025-01-19 04:00:00,Female,44,Bronze,Lazada,Chonburi,684,TV_Show,Bank_Transfer,4,1,6,1,40-50,22.8,0.0,0.0,0.0,-1,-1,0.0,0.0,0.0,0.0,0.0,0.0,0,0,0.0,0.0,0,0,0.0,0.0,0,0,0.0,0.0,0,0,0.0,1
LGS2ORD0002296,C014244,2025-01-19 04:00:00,Female,42,Gold,Shopee,Bangkok,385,TV_Show,COD,4,1,6,1,40-50,12.833333333333334,0.0,0.0,0.0,-1,-1,0.0,0.0,0.0,0.0,0.0,0.0,0,0,0.0,0.0,0,0,0.0,0.0,0,0,0.0,0.0,0,0,0.0,0
LGS2ORD0002297,C016956,2025-01-19 04:00:00,Male,30,Bronze,TV,Chonburi,1120,Lazada,COD,4,1,6,1,20-30,37.333333333333336,3.0,1.0,0.3333333333333333,4,3,4402.753333333333,0.28,0.6666666666666666,0.3333333333333333,0.0,6646.52,2,0,0.0,13208.26,3,1,0.3333333333333333,13208.26,3,1,0.3333333333333333,13208.26,3,1,0.3333333333333333,1
LGS2ORD0002298,C010592,2025-01-19 05:00:00,Female,30,Platinum,Lazada,Bangkok,1098,Shopee,COD,5,1,6,1,20-30,36.6,0.0,0.0,0.0,-1,-1,0.0,0.0,0.0,0.0,0.0,0.0,0,0,0.0,0.0,0,0,0.0,0.0,0,0,0.0,0.0,0,0,0.0,0
LGS2ORD0002299,C015745,2025-01-19 05:00:00,Male,39,Bronze,Web,Phuket,813,Lazada,Credit_Card,5,1,6,1,30-40,27.1,0.0,0.0,0.0,-1,-1,0.0,0.0,0.0,0.0,0.0,0.0,0,0,0.0,0.0,0,0,0.0,0.0,0,0,0.0,0.0,0,0,0.0,0
LGS2ORD0002300,C015532,2025-01-19 05:00:00,Male,58,Bronze,Web,Remote_Area,333,Web,Bank_Transfer,5,1,6,1,>50,11.1,1.0,1.0,1.0,4,15,5310.85,0.28,0.0,1.0,0.0,0.0,0,0,0.0,5310.85,1,1,1.0,5310.85,1,1,1.0,5310.85,1,1,1.0,0
LGS2ORD0002301,C011429,2025-01-19 05:00:00,Male,30,Bronze,TV,Bangkok,346,Lazada,PromptPay,5,1,6,1,20-30,11.533333333333333,1.0,0.0,0.0,-1,11,5476.34,0.08,1.0,0.0,0.0,0.0,0,0,0.0,5476.34,1,0,0.0,5476.34,1,0,0.0,5476.34,1,0,0.0,0
LGS2ORD0002302,C017340,2025-01-19 05:00:00,Female,44,Bronze,TV,Remote_Area,537,Lazada,Credit_Card,5,1,6,1,40-50,17.9,0.0,0.0,0.0,-1,-1,0.0,0.0,0.0,0.0,0.0,0.0,0,0,0.0,0.0,0,0,0.0,0.0,0,0,0.0,0.0,0,0,0.0,0
LGS2ORD0002303,C011695,2025-01-19 06:00:00,Female,49,Platinum,TV,Chiang Mai,1020,Web,PromptPay,6,1,6,1,40-50,34.0,0.0,0.0,0.0,-1,-1,0.0,0.0,0.0,0.0,0.0,0.0,0,0,0.0,0.0,0,0,0.0,0.0,0,0,0.0,0.0,0,0,0.0,0
LGS2ORD0002304,C016295,2025-01-19 06:00:00,Female,25,Silver,TV,Bangkok,260,Web,PromptPay,6,1,6,1,20-30,8.666666666666666,1.0,0.0,0.0,-1,7,9664.59,0.3,0.0,1.0,0.0,0.0,0,0,0.0,9664.59,1,0,0.0,9664.59,1,0,0.0,9664.59,1,0,0.0,0
LGS2ORD0002305,C011108,2025-01-19 06:00:00,Female,42,Bronze,TV,Phuket,1149,Web,Credit_Card,6,1,6,1,40-50,38.3,0.0,0.0,0.0,-1,-1,0.0,0.0,0.0,0.0,0.0,0.0,0,0,0.0,0.0,0,0,0.0,0.0,0,0,0.0,0.0,0,0,0.0,0
LGS2ORD0002306,C015838,2025-01-19 06:00:00,Male,52,Bronze,Shopee,Remote_Area,1052,Shopee,COD,6,1,6,1,>50,35.06666666666667,0.0,0.0,0.0,-1,-1,0.0,0.0,0.0,0.0,0.0,0.0,0,0,0.0,0.0,0,0,0.0,0.0,0,0,0.0,0.0,0,0,0.0,1
LGS2ORD0002307,C013863,2025-01-19 06:00:00,Female,42,Bronze,Shopee,Nakhon Ratchasima,757,TV_Show,COD,6,1,6,1,40-50,25.233333333333334,0.0,0.0,0.0,-1,-1,0.0,0.0,0.0,0.0,0.0,0.0,0,0,0.0,0.0,0,0,0.0,0.0,0,0,0.0,0.0,0,0,0.0,0
LGS2ORD0002308,C015575,2025-01-19 06:00:00,Female,58,Silver,TV,Bangkok,1318,TV_Show,COD,6,1,6,1,>50,43.93333333333333,0.0,0.0,0.0,-1,-1,0.0,0.0,0.0,0.0,0.0,0.0,0,0,0.0,0.0,0,0,0.0,0.0,0,0,0.0,0.0,0,0,0.0,1
LGS2ORD0002309,C014679,2025-01-19 07:00:00,Female,33,Silver,Lazada,Bangkok,649,Shopee,COD,7,1,6,1,30-40,21.633333333333333,0.0,0.0,0.0,-1,-1,0.0,0.0,0.0,0.0,0.0,0.0,0,0,0.0,0.0,0,0,0.0,0.0,0,0,0.0,0.0,0,0,0.0,0
LGS2ORD0002310,C012278,2025-01-19 07:00:00,Male,31,Bronze,Shopee,Remote_Area,1043,CallCenter,PromptPay,7,1,6,1,30-40,34.766666666666666,0.0,0.0,0.0,-1,-1,0.0,0.0,0.0,0.0,0.0,0.0,0,0,0.0,0.0,0,0,0.0,0.0,0,0,0.0,0.0,0,0,0.0,0
LGS2ORD0002311,C012922,2025-01-19 07:00:00,Female,70,Bronze,TV,Bangkok,365,CallCenter,Credit_Card,7,1,6,1,>50,12.166666666666666,1.0,0.0,0.0,-1,6,4481.93,0.18,0.0,0.0,0.0,4481.93,1,0,0.0,4481.93,1,0,0.0,4481.93,1,0,0.0,4481.93,1,0,0.0,0
LGS2ORD0002312,C010832,2025-01-19 07:00:00,Female,37,Gold,TV,Songkhla,314,TV_Show,PromptPay,7,1,6,1,30-40,10.466666666666667,0.0,0.0,0.0,-1,-1,0.0,0.0,0.0,0.0,0.0,0.0,0,0,0.0,0.0,0,0,0.0,0.0,0,0,0.0,0.0,0,0,0.0,0
LGS2ORD0002313,C013701,2025-01-19 07:00:00,Other,66,Gold,CallCenter,Khon Kaen,1189,Shopee,Bank_Transfer,7,1,6,1,>50,39.63333333333333,1.0,0.0,0.0,-1,15,1178.97,0.13,0.0,0.0,0.0,0.0,0,0,0.0,1178.97,1,0,0.0,1178.97,1,0,0.0,1178.97,1,0,0.0,0
LGS2ORD0002314,C012087,2025-01-19 08:00:00,Female,39,Gold,Web,Remote_Area,1385,TV_Show,COD,8,1,6,1,30-40,46.166666666666664,1.0,0.0,0.0,-1,7,1010.16,0.2299999999999999,0.0,1.0,0.0,0.0,0,0,0.0,1010.16,1,0,0.0,1010.16,1,0,0.0,1010.16,1,0,0.0,0
LGS2ORD0002315,C014616,2025-01-19 08:00:00,Female,52,Gold,Shopee,Remote_Area,783,Shopee,COD,8,1,6,1,>50,26.1,1.0,0.0,0.0,-1,8,651.64,0.28,1.0,1.0,0.0,0.0,0,0,0.0,651.64,1,0,0.0,651.64,1,0,0.0,651.64,1,0,0.0,0
LGS2ORD0002316,C011204,2025-01-19 08:00:00,Female,45,Bronze,TV,Songkhla,669,Shopee,Credit_Card,8,1,6,1,40-50,22.3,0.0,0.0,0.0,-1,-1,0.0,0.0,0.0,0.0,0.0,0.0,0,0,0.0,0.0,0,0,0.0,0.0,0,0,0.0,0.0,0,0,0.0,0
LGS2ORD0002317,C010581,2025-01-19 08:00:00,Male,41,Platinum,Lazada,Chiang Mai,594,Web,COD,8,1,6,1,40-50,19.8,1.0,0.0,0.0,-1,17,5941.57,0.35,0.0,1.0,0.0,0.0,0,0,0.0,5941.57,1,0,0.0,5941.57,1,0,0.0,5941.57,1,0,0.0,0
LGS2ORD0002318,C015458,2025-01-19 08:00:00,Female,36,Bronze,Lazada,Khon Kaen,884,Web,COD,8,1,6,1,30-40,29.466666666666665,0.0,0.0,0.0,-1,-1,0.0,0.0,0.0,0.0,0.0,0.0,0,0,0.0,0.0,0,0,0.0,0.0,0,0,0.0,0.0,0,0,0.0,0
LGS2ORD0002319,C017418,2025-01-19 09:00:00,Male,49,Silver,Web,Songkhla,689,CallCenter,PromptPay,9,1,6,1,40-50,22.966666666666665,1.0,1.0,1.0,0,6,5353.31,0.05,1.0,0.0,0.0,5353.31,1,1,1.0,5353.31,1,1,1.0,5353.31,1,1,1.0,5353.31,1,1,1.0,1
LGS2ORD0002320,C010920,2025-01-19 09:00:00,Male,21,Gold,CallCenter,Bangkok,1131,Web,Bank_Transfer,9,1,6,1,20-30,37.7,0.0,0.0,0.0,-1,-1,0.0,0.0,0.0,0.0,0.0,0.0,0,0,0.0,0.0,0,0,0.0,0.0,0,0,0.0,0.0,0,0,0.0,1
LGS2ORD0002321,C016328,2025-01-19 09:00:00,Female,72,Silver,CallCenter,Remote_Area,268,Web,Credit_Card,9,1,6,1,>50,8.933333333333334,0.0,0.0,0.0,-1,-1,0.0,0.0,0.0,0.0,0.0,0.0,0,0,0.0,0.0,0,0,0.0,0.0,0,0,0.0,0.0,0,0,0.0,0
LGS2ORD0002322,C014362,2025-01-19 09:00:00,Male,48,Gold,TV,Songkhla,642,CallCenter,COD,9,1,6,1,40-50,21.4,0.0,0.0,0.0,-1,-1,0.0,0.0,0.0,0.0,0.0,0.0,0,0,0.0,0.0,0,0,0.0,0.0,0,0,0.0,0.0,0,0,0.0,1
LGS2ORD0002323,C017331,2025-01-19 09:00:00,Female,50,Gold,TV,Chiang Mai,390,Web,COD,9,1,6,1,40-50,13.0,0.0,0.0,0.0,-1,-1,0.0,0.0,0.0,0.0,0.0,0.0,0,0,0.0,0.0,0,0,0.0,0.0,0,0,0.0,0.0,0,0,0.0,0
LGS2ORD0002324,C011596,2025-01-19 10:00:00,Female,44,Bronze,Web,Chonburi,1066,TV_Show,Credit_Card,10,1,6,1,40-50,35.53333333333333,0.0,0.0,0.0,-1,-1,0.0,0.0,0.0,0.0,0.0,0.0,0,0,0.0,0.0,0,0,0.0,0.0,0,0,0.0,0.0,0,0,0.0,0
LGS2ORD0002325,C010341,2025-01-19 10:00:00,Male,38,Bronze,TV,Remote_Area,230,Lazada,COD,10,1,6,1,30-40,7.666666666666667,0.0,0.0,0.0,-1,-1,0.0,0.0,0.0,0.0,0.0,0.0,0,0,0.0,0.0,0,0,0.0,0.0,0,0,0.0,0.0,0,0,0.0,0
LGS2ORD0002326,C011901,2025-01-19 10:00:00,Female,68,Gold,Web,Phuket,81,Lazada,COD,10,1,6,1,>50,2.7,0.0,0.0,0.0,-1,-1,0.0,0.0,0.0,0.0,0.0,0.0,0,0,0.0,0.0,0,0,0.0,0.0,0,0,0.0,0.0,0,0,0.0,0
LGS2ORD0002327,C010256,2025-01-19 10:00:00,Female,60,Bronze,Lazada,Chiang Mai,242,TV_Show,COD,10,1,6,1,>50,8.066666666666666,0.0,0.0,0.0,-1,-1,0.0,0.0,0.0,0.0,0.0,0.0,0,0,0.0,0.0,0,0,0.0,0.0,0,0,0.0,0.0,0,0,0.0,0
LGS2ORD0002328,C017273,2025-01-19 10:00:00,Male,26,Bronze,Lazada,Bangkok,1226,Shopee,COD,10,1,6,1,20-30,40.86666666666667,3.0,2.0,0.6666666666666666,2,15,2634.5400000000004,0.23,0.3333333333333333,0.3333333333333333,0.0,0.0,0,0,0.0,7903.620000000001,3,2,0.6666666666666666,7903.620000000001,3,2,0.6666666666666666,7903.620000000001,3,2,0.6666666666666666,0
LGS2ORD0002329,C012494,2025-01-19 10:00:00,Male,56,Bronze,Web,Songkhla,1364,TV_Show,COD,10,1,6,1,>50,45.46666666666667,0.0,0.0,0.0,-1,-1,0.0,0.0,0.0,0.0,0.0,0.0,0,0,0.0,0.0,0,0,0.0,0.0,0,0,0.0,0.0,0,0,0.0,1
LGS2ORD0002330,C010025,2025-01-19 11:00:00,Female,41,Bronze,Lazada,Chiang Mai,353,Lazada,COD,11,1,6,1,40-50,11.766666666666667,0.0,0.0,0.0,-1,-1,0.0,0.0,0.0,0.0,0.0,0.0,0,0,0.0,0.0,0,0,0.0,0.0,0,0,0.0,0.0,0,0,0.0,0
LGS2ORD0002331,C012737,2025-01-19 11:00:00,Female,50,Platinum,Shopee,Khon Kaen,146,Web,PromptPay,11,1,6,1,40-50,4.866666666666666,0.0,0.0,0.0,-1,-1,0.0,0.0,0.0,0.0,0.0,0.0,0,0,0.0,0.0,0,0,0.0,0.0,0,0,0.0,0.0,0,0,0.0,0
LGS2ORD0002332,C017619,2025-01-19 11:00:00,Female,32,Bronze,CallCenter,Chonburi,1256,Shopee,COD,11,1,6,1,30-40,41.86666666666667,0.0,0.0,0.0,-1,-1,0.0,0.0,0.0,0.0,0.0,0.0,0,0,0.0,0.0,0,0,0.0,0.0,0,0,0.0,0.0,0,0,0.0,0
LGS2ORD0002333,C015575,2025-01-19 11:00:00,Female,58,Silver,TV,Bangkok,1318,Web,PromptPay,11,1,6,1,>50,43.93333333333333,1.0,1.0,1.0,-16,0,7292.15,0.2,1.0,0.0,0.0,7292.15,1,1,1.0,7292.15,1,1,1.0,7292.15,1,1,1.0,7292.15,1,1,1.0,0
LGS2ORD0002334,C016982,2025-01-19 11:00:00,Male,43,Bronze,Web,Remote_Area,567,Web,PromptPay,11,1,6,1,40-50,18.9,0.0,0.0,0.0,-1,-1,0.0,0.0,0.0,0.0,0.0,0.0,0,0,0.0,0.0,0,0,0.0,0.0,0,0,0.0,0.0,0,0,0.0,0
LGS2ORD0002335,C011222,2025-01-19 12:00:00,Male,48,Bronze,Web,Songkhla,1462,Shopee,Credit_Card,12,1,6,1,40-50,48.733333333333334,1.0,0.0,0.0,-1,3,1823.59,0.18,0.0,0.0,0.0,1823.59,1,0,0.0,1823.59,1,0,0.0,1823.59,1,0,0.0,1823.59,1,0,0.0,0
LGS2ORD0002336,C014089,2025-01-19 12:00:00,Female,29,Gold,TV,Bangkok,1231,Lazada,Credit_Card,12,1,6,1,20-30,41.03333333333333,0.0,0.0,0.0,-1,-1,0.0,0.0,0.0,0.0,0.0,0.0,0,0,0.0,0.0,0,0,0.0,0.0,0,0,0.0,0.0,0,0,0.0,0
LGS2ORD0002337,C012191,2025-01-19 12:00:00,Female,58,Gold,Shopee,Bangkok,1244,Lazada,COD,12,1,6,1,>50,41.46666666666667,0.0,0.0,0.0,-1,-1,0.0,0.0,0.0,0.0,0.0,0.0,0,0,0.0,0.0,0,0,0.0,0.0,0,0,0.0,0.0,0,0,0.0,0
LGS2ORD0002338,C014047,2025-01-19 12:00:00,Male,43,Gold,Web,Nakhon Ratchasima,1143,TV_Show,COD,12,1,6,1,40-50,38.1,0.0,0.0,0.0,-1,-1,0.0,0.0,0.0,0.0,0.0,0.0,0,0,0.0,0.0,0,0,0.0,0.0,0,0,0.0,0.0,0,0,0.0,0
LGS2ORD0002339,C010037,2025-01-19 12:00:00,Male,36,Bronze,CallCenter,Bangkok,786,TV_Show,PromptPay,12,1,6,1,30-40,26.2,2.0,1.0,0.5,-10,0,12266.835000000001,0.08,0.0,0.0,0.0,24533.670000000002,2,1,0.5,24533.670000000002,2,1,0.5,24533.670000000002,2,1,0.5,24533.670000000002,2,1,0.5,0
LGS2ORD0002340,C011236,2025-01-19 13:00:00,Female,49,Silver,CallCenter,Bangkok,927,Lazada,COD,13,1,6,1,40-50,30.9,0.0,0.0,0.0,-1,-1,0.0,0.0,0.0,0.0,0.0,0.0,0,0,0.0,0.0,0,0,0.0,0.0,0,0,0.0,0.0,0,0,0.0,0
LGS2ORD0002341,C016184,2025-01-19 13:00:00,Male,40,Bronze,TV,Remote_Area,873,Web,PromptPay,13,1,6,1,30-40,29.1,0.0,0.0,0.0,-1,-1,0.0,0.0,0.0,0.0,0.0,0.0,0,0,0.0,0.0,0,0,0.0,0.0,0,0,0.0,0.0,0,0,0.0,0
LGS2ORD0002342,C014203,2025-01-19 13:00:00,Female,54,Bronze,Shopee,Nakhon Ratchasima,818,Lazada,COD,13,1,6,1,>50,27.266666666666666,0.0,0.0,0.0,-1,-1,0.0,0.0,0.0,0.0,0.0,0.0,0,0,0.0,0.0,0,0,0.0,0.0,0,0,0.0,0.0,0,0,0.0,0
LGS2ORD0002343,C015344,2025-01-19 13:00:00,Male,33,Bronze,TV,Bangkok,1188,Shopee,Credit_Card,13,1,6,1,30-40,39.6,0.0,0.0,0.0,-1,-1,0.0,0.0,0.0,0.0,0.0,0.0,0,0,0.0,0.0,0,0,0.0,0.0,0,0,0.0,0.0,0,0,0.0,0
LGS2ORD0002344,C012971,2025-01-19 13:00:00,Female,61,Bronze,Lazada,Bangkok,1138,Lazada,Credit_Card,13,1,6,1,>50,37.93333333333333,0.0,0.0,0.0,-1,-1,0.0,0.0,0.0,0.0,0.0,0.0,0,0,0.0,0.0,0,0,0.0,0.0,0,0,0.0,0.0,0,0,0.0,0
LGS2ORD0002345,C015481,2025-01-19 14:00:00,Male,45,Bronze,Shopee,Remote_Area,651,Web,COD,14,1,6,1,40-50,21.7,1.0,0.0,0.0,-1,13,473.0,0.18,0.0,0.0,0.0,0.0,0,0,0.0,473.0,1,0,0.0,473.0,1,0,0.0,473.0,1,0,0.0,1
LGS2ORD0002346,C015561,2025-01-19 14:00:00,Female,36,Bronze,Shopee,Chonburi,554,Lazada,Credit_Card,14,1,6,1,30-40,18.466666666666665,0.0,0.0,0.0,-1,-1,0.0,0.0,0.0,0.0,0.0,0.0,0,0,0.0,0.0,0,0,0.0,0.0,0,0,0.0,0.0,0,0,0.0,0
LGS2ORD0002347,C011039,2025-01-19 14:00:00,Female,47,Bronze,Lazada,Chonburi,1056,Web,COD,14,1,6,1,40-50,35.2,0.0,0.0,0.0,-1,-1,0.0,0.0,0.0,0.0,0.0,0.0,0,0,0.0,0.0,0,0,0.0,0.0,0,0,0.0,0.0,0,0,0.0,0
LGS2ORD0002348,C012017,2025-01-19 14:00:00,Male,27,Silver,Shopee,Bangkok,1338,Shopee,Credit_Card,14,1,6,1,20-30,44.6,1.0,0.0,0.0,-1,13,534.43,0.1,0.0,0.0,0.0,0.0,0,0,0.0,534.43,1,0,0.0,534.43,1,0,0.0,534.43,1,0,0.0,1
LGS2ORD0002349,C011166,2025-01-19 14:00:00,Male,46,Platinum,CallCenter,Bangkok,587,Web,COD,14,1,6,1,40-50,19.566666666666666,0.0,0.0,0.0,-1,-1,0.0,0.0,0.0,0.0,0.0,0.0,0,0,0.0,0.0,0,0,0.0,0.0,0,0,0.0,0.0,0,0,0.0,0
LGS2ORD0002350,C012157,2025-01-19 14:00:00,Male,54,Silver,Shopee,Remote_Area,194,CallCenter,PromptPay,14,1,6,1,>50,6.466666666666667,1.0,1.0,1.0,0,6,2953.77,0.3,1.0,1.0,0.0,2953.77,1,1,1.0,2953.77,1,1,1.0,2953.77,1,1,1.0,2953.77,1,1,1.0,0
LGS2ORD0002351,C013696,2025-01-19 15:00:00,Male,46,Bronze,TV,Chiang Mai,1349,TV_Show,COD,15,1,6,1,40-50,44.96666666666667,0.0,0.0,0.0,-1,-1,0.0,0.0,0.0,0.0,0.0,0.0,0,0,0.0,0.0,0,0,0.0,0.0,0,0,0.0,0.0,0,0,0.0,0
LGS2ORD0002352,C011621,2025-01-19 15:00:00,Female,42,Gold,Lazada,Bangkok,785,CallCenter,COD,15,1,6,1,40-50,26.166666666666668,0.0,0.0,0.0,-1,-1,0.0,0.0,0.0,0.0,0.0,0.0,0,0,0.0,0.0,0,0,0.0,0.0,0,0,0.0,0.0,0,0,0.0,0
LGS2ORD0002353,C010591,2025-01-19 15:00:00,Female,50,Bronze,Shopee,Chonburi,1194,Web,Credit_Card,15,1,6,1,40-50,39.8,1.0,0.0,0.0,-1,17,1583.92,0.03,0.0,0.0,0.0,0.0,0,0,0.0,1583.92,1,0,0.0,1583.92,1,0,0.0,1583.92,1,0,0.0,0
LGS2ORD0002354,C017816,2025-01-19 15:00:00,Male,58,Bronze,Shopee,Remote_Area,170,TV_Show,COD,15,1,6,1,>50,5.666666666666667,0.0,0.0,0.0,-1,-1,0.0,0.0,0.0,0.0,0.0,0.0,0,0,0.0,0.0,0,0,0.0,0.0,0,0,0.0,0.0,0,0,0.0,0
LGS2ORD0002355,C015349,2025-01-19 15:00:00,Male,20,Bronze,TV,Phuket,197,Shopee,Credit_Card,15,1,6,1,<20,6.566666666666666,0.0,0.0,0.0,-1,-1,0.0,0.0,0.0,0.0,0.0,0.0,0,0,0.0,0.0,0,0,0.0,0.0,0,0,0.0,0.0,0,0,0.0,1
LGS2ORD0002356,C010365,2025-01-19 16:00:00,Female,18,Bronze,Web,Chonburi,1167,TV_Show,Credit_Card,16,1,6,1,<20,38.9,0.0,0.0,0.0,-1,-1,0.0,0.0,0.0,0.0,0.0,0.0,0,0,0.0,0.0,0,0,0.0,0.0,0,0,0.0,0.0,0,0,0.0,0
LGS2ORD0002357,C011264,2025-01-19 16:00:00,Female,33,Gold,TV,Nakhon Ratchasima,431,TV_Show,COD,16,1,6,1,30-40,14.366666666666667,0.0,0.0,0.0,-1,-1,0.0,0.0,0.0,0.0,0.0,0.0,0,0,0.0,0.0,0,0,0.0,0.0,0,0,0.0,0.0,0,0,0.0,0
LGS2ORD0002358,C017316,2025-01-19 16:00:00,Other,22,Platinum,Lazada,Remote_Area,649,Lazada,COD,16,1,6,1,20-30,21.633333333333333,0.0,0.0,0.0,-1,-1,0.0,0.0,0.0,0.0,0.0,0.0,0,0,0.0,0.0,0,0,0.0,0.0,0,0,0.0,0.0,0,0,0.0,0
LGS2ORD0002359,C011237,2025-01-19 16:00:00,Male,58,Bronze,TV,Khon Kaen,364,TV_Show,Credit_Card,16,1,6,1,>50,12.133333333333333,0.0,0.0,0.0,-1,-1,0.0,0.0,0.0,0.0,0.0,0.0,0,0,0.0,0.0,0,0,0.0,0.0,0,0,0.0,0.0,0,0,0.0,0
LGS2ORD0002360,C017736,2025-01-19 16:00:00,Male,45,Gold,Lazada,Chonburi,603,Lazada,PromptPay,16,1,6,1,40-50,20.1,0.0,0.0,0.0,-1,-1,0.0,0.0,0.0,0.0,0.0,0.0,0,0,0.0,0.0,0,0,0.0,0.0,0,0,0.0,0.0,0,0,0.0,0
LGS2ORD0002361,C011993,2025-01-19 17:00:00,Male,54,Silver,TV,Nakhon Ratchasima,1247,TV_Show,Bank_Transfer,17,1,6,1,>50,41.56666666666667,0.0,0.0,0.0,-1,-1,0.0,0.0,0.0,0.0,0.0,0.0,0,0,0.0,0.0,0,0,0.0,0.0,0,0,0.0,0.0,0,0,0.0,0
LGS2ORD0002362,C017249,2025-01-19 17:00:00,Female,24,Bronze,Lazada,Bangkok,722,Web,PromptPay,17,1,6,1,20-30,24.066666666666666,0.0,0.0,0.0,-1,-1,0.0,0.0,0.0,0.0,0.0,0.0,0,0,0.0,0.0,0,0,0.0,0.0,0,0,0.0,0.0,0,0,0.0,0
LGS2ORD0002363,C010436,2025-01-19 17:00:00,Female,31,Silver,Web,Bangkok,1004,CallCenter,Credit_Card,17,1,6,1,30-40,33.46666666666667,0.0,0.0,0.0,-1,-1,0.0,0.0,0.0,0.0,0.0,0.0,0,0,0.0,0.0,0,0,0.0,0.0,0,0,0.0,0.0,0,0,0.0,0
LGS2ORD0002364,C015992,2025-01-19 17:00:00,Male,53,Silver,Lazada,Nakhon Ratchasima,1358,TV_Show,COD,17,1,6,1,>50,45.266666666666666,0.0,0.0,0.0,-1,-1,0.0,0.0,0.0,0.0,0.0,0.0,0,0,0.0,0.0,0,0,0.0,0.0,0,0,0.0,0.0,0,0,0.0,0
LGS2ORD0002365,C015286,2025-01-19 17:00:00,Female,32,Gold,CallCenter,Chiang Mai,873,CallCenter,Credit_Card,17,1,6,1,30-40,29.1,1.0,0.0,0.0,-1,9,1615.2,0.13,0.0,0.0,0.0,0.0,0,0,0.0,1615.2,1,0,0.0,1615.2,1,0,0.0,1615.2,1,0,0.0,0
LGS2ORD0002366,C011088,2025-01-19 18:00:00,Male,39,Bronze,Web,Chiang Mai,321,Lazada,COD,18,1,6,1,30-40,10.7,0.0,0.0,0.0,-1,-1,0.0,0.0,0.0,0.0,0.0,0.0,0,0,0.0,0.0,0,0,0.0,0.0,0,0,0.0,0.0,0,0,0.0,0
LGS2ORD0002367,C015687,2025-01-19 18:00:00,Other,58,Bronze,TV,Bangkok,1458,Shopee,Bank_Transfer,18,1,6,1,>50,48.6,0.0,0.0,0.0,-1,-1,0.0,0.0,0.0,0.0,0.0,0.0,0,0,0.0,0.0,0,0,0.0,0.0,0,0,0.0,0.0,0,0,0.0,0
LGS2ORD0002368,C012610,2025-01-19 18:00:00,Other,42,Silver,TV,Remote_Area,460,Lazada,COD,18,1,6,1,40-50,15.333333333333334,1.0,0.0,0.0,-1,15,495.21,0.15,1.0,0.0,0.0,0.0,0,0,0.0,495.21,1,0,0.0,495.21,1,0,0.0,495.21,1,0,0.0,1
LGS2ORD0002369,C016729,2025-01-19 18:00:00,Male,43,Silver,Web,Bangkok,206,TV_Show,Credit_Card,18,1,6,1,40-50,6.866666666666666,0.0,0.0,0.0,-1,-1,0.0,0.0,0.0,0.0,0.0,0.0,0,0,0.0,0.0,0,0,0.0,0.0,0,0,0.0,0.0,0,0,0.0,0
LGS2ORD0002370,C011486,2025-01-19 18:00:00,Male,42,Gold,Web,Songkhla,153,Web,Credit_Card,18,1,6,1,40-50,5.1,0.0,0.0,0.0,-1,-1,0.0,0.0,0.0,0.0,0.0,0.0,0,0,0.0,0.0,0,0,0.0,0.0,0,0,0.0,0.0,0,0,0.0,0
LGS2ORD0002371,C015224,2025-01-19 18:00:00,Female,30,Bronze,Web,Nakhon Ratchasima,325,Shopee,COD,18,1,6,1,20-30,10.833333333333334,0.0,0.0,0.0,-1,-1,0.0,0.0,0.0,0.0,0.0,0.0,0,0,0.0,0.0,0,0,0.0,0.0,0,0,0.0,0.0,0,0,0.0,0
LGS2ORD0002372,C017541,2025-01-19 19:00:00,Female,41,Platinum,Web,Phuket,847,TV_Show,Credit_Card,19,1,6,1,40-50,28.233333333333334,0.0,0.0,0.0,-1,-1,0.0,0.0,0.0,0.0,0.0,0.0,0,0,0.0,0.0,0,0,0.0,0.0,0,0,0.0,0.0,0,0,0.0,0
LGS2ORD0002373,C017467,2025-01-19 19:00:00,Female,60,Bronze,TV,Phuket,400,CallCenter,Credit_Card,19,1,6,1,>50,13.333333333333334,0.0,0.0,0.0,-1,-1,0.0,0.0,0.0,0.0,0.0,0.0,0,0,0.0,0.0,0,0,0.0,0.0,0,0,0.0,0.0,0,0,0.0,0
LGS2ORD0002374,C017595,2025-01-19 19:00:00,Male,50,Silver,Shopee,Nakhon Ratchasima,299,Shopee,PromptPay,19,1,6,1,40-50,9.966666666666667,0.0,0.0,0.0,-1,-1,0.0,0.0,0.0,0.0,0.0,0.0,0,0,0.0,0.0,0,0,0.0,0.0,0,0,0.0,0.0,0,0,0.0,0
LGS2ORD0002375,C017846,2025-01-19 19:00:00,Female,54,Gold,TV,Songkhla,335,Lazada,Credit_Card,19,1,6,1,>50,11.166666666666666,2.0,0.0,0.0,-1,8,6409.139999999999,0.13,0.5,0.0,0.0,0.0,0,0,0.0,12818.279999999999,2,0,0.0,12818.279999999999,2,0,0.0,12818.279999999999,2,0,0.0,0
LGS2ORD0002376,C012033,2025-01-19 19:00:00,Male,32,Silver,TV,Khon Kaen,1474,TV_Show,COD,19,1,6,1,30-40,49.13333333333333,0.0,0.0,0.0,-1,-1,0.0,0.0,0.0,0.0,0.0,0.0,0,0,0.0,0.0,0,0,0.0,0.0,0,0,0.0,0.0,0,0,0.0,0
LGS2ORD0002377,C014474,2025-01-19 20:00:00,Female,52,Bronze,TV,Khon Kaen,1258,Shopee,Credit_Card,20,1,6,1,>50,41.93333333333333,0.0,0.0,0.0,-1,-1,0.0,0.0,0.0,0.0,0.0,0.0,0,0,0.0,0.0,0,0,0.0,0.0,0,0,0.0,0.0,0,0,0.0,0
LGS2ORD0002378,C014203,2025-01-19 20:00:00,Female,54,Bronze,Shopee,Nakhon Ratchasima,818,Lazada,COD,20,1,6,1,>50,27.266666666666666,1.0,0.0,0.0,-1,0,3198.62,0.08,1.0,0.0,0.0,3198.62,1,0,0.0,3198.62,1,0,0.0,3198.62,1,0,0.0,3198.62,1,0,0.0,1
LGS2ORD0002379,C013366,2025-01-19 20:00:00,Female,54,Platinum,TV,Chonburi,545,Shopee,Credit_Card,20,1,6,1,>50,18.166666666666668,1.0,0.0,0.0,-1,4,5656.92,0.3,1.0,1.0,0.0,5656.92,1,0,0.0,5656.92,1,0,0.0,5656.92,1,0,0.0,5656.92,1,0,0.0,0
LGS2ORD0002380,C011042,2025-01-19 20:00:00,Male,54,Bronze,Lazada,Chonburi,207,Web,Credit_Card,20,1,6,1,>50,6.9,0.0,0.0,0.0,-1,-1,0.0,0.0,0.0,0.0,0.0,0.0,0,0,0.0,0.0,0,0,0.0,0.0,0,0,0.0,0.0,0,0,0.0,0
LGS2ORD0002381,C015517,2025-01-19 20:00:00,Male,57,Gold,Shopee,Bangkok,1239,TV_Show,COD,20,1,6,1,>50,41.3,0.0,0.0,0.0,-1,-1,0.0,0.0,0.0,0.0,0.0,0.0,0,0,0.0,0.0,0,0,0.0,0.0,0,0,0.0,0.0,0,0,0.0,1
LGS2ORD0002382,C015337,2025-01-19 21:00:00,Female,41,Bronze,TV,Chonburi,233,TV_Show,Credit_Card,21,1,6,1,40-50,7.766666666666667,0.0,0.0,0.0,-1,-1,0.0,0.0,0.0,0.0,0.0,0.0,0,0,0.0,0.0,0,0,0.0,0.0,0,0,0.0,0.0,0,0,0.0,0
LGS2ORD0002383,C016486,2025-01-19 21:00:00,Male,45,Silver,TV,Bangkok,327,TV_Show,Bank_Transfer,21,1,6,1,40-50,10.9,0.0,0.0,0.0,-1,-1,0.0,0.0,0.0,0.0,0.0,0.0,0,0,0.0,0.0,0,0,0.0,0.0,0,0,0.0,0.0,0,0,0.0,0
LGS2ORD0002384,C015745,2025-01-19 21:00:00,Male,39,Bronze,Web,Phuket,813,Lazada,PromptPay,21,1,6,1,30-40,27.1,1.0,0.0,0.0,-1,0,5603.54,0.23,0.0,1.0,0.0,5603.54,1,0,0.0,5603.54,1,0,0.0,5603.54,1,0,0.0,5603.54,1,0,0.0,0
LGS2ORD0002385,C010325,2025-01-19 21:00:00,Female,33,Bronze,CallCenter,Khon Kaen,1464,Shopee,COD,21,1,6,1,30-40,48.8,1.0,0.0,0.0,-1,17,582.06,0.23,0.0,1.0,0.0,0.0,0,0,0.0,582.06,1,0,0.0,582.06,1,0,0.0,582.06,1,0,0.0,0
LGS2ORD0002386,C010650,2025-01-19 21:00:00,Female,63,Gold,Lazada,Phuket,1230,CallCenter,Credit_Card,21,1,6,1,>50,41.0,1.0,1.0,1.0,-3,12,5148.56,0.08,1.0,0.0,0.0,0.0,0,0,0.0,5148.56,1,1,1.0,5148.56,1,1,1.0,5148.56,1,1,1.0,0
LGS2ORD0002387,C014133,2025-01-19 21:00:00,Female,29,Silver,Web,Khon Kaen,141,Lazada,PromptPay,21,1,6,1,20-30,4.7,0.0,0.0,0.0,-1,-1,0.0,0.0,0.0,0.0,0.0,0.0,0,0,0.0,0.0,0,0,0.0,0.0,0,0,0.0,0.0,0,0,0.0,0
LGS2ORD0002388,C015350,2025-01-19 22:00:00,Male,45,Bronze,Web,Remote_Area,1107,Web,Credit_Card,22,1,6,1,40-50,36.9,0.0,0.0,0.0,-1,-1,0.0,0.0,0.0,0.0,0.0,0.0,0,0,0.0,0.0,0,0,0.0,0.0,0,0,0.0,0.0,0,0,0.0,0
LGS2ORD0002389,C015565,2025-01-19 22:00:00,Male,39,Gold,Web,Nakhon Ratchasima,205,Shopee,Bank_Transfer,22,1,6,1,30-40,6.833333333333333,1.0,0.0,0.0,-1,7,1266.32,0.33,1.0,1.0,0.0,0.0,0,0,0.0,1266.32,1,0,0.0,1266.32,1,0,0.0,1266.32,1,0,0.0,0
LGS2ORD0002390,C010901,2025-01-19 22:00:00,Female,46,Silver,Web,Songkhla,1107,TV_Show,Credit_Card,22,1,6,1,40-50,36.9,1.0,1.0,1.0,-11,1,18115.16,0.05,1.0,0.0,0.0,18115.16,1,1,1.0,18115.16,1,1,1.0,18115.16,1,1,1.0,18115.16,1,1,1.0,0
LGS2ORD0002391,C015759,2025-01-19 22:00:00,Female,25,Platinum,Web,Bangkok,878,TV_Show,Credit_Card,22,1,6,1,20-30,29.266666666666666,0.0,0.0,0.0,-1,-1,0.0,0.0,0.0,0.0,0.0,0.0,0,0,0.0,0.0,0,0,0.0,0.0,0,0,0.0,0.0,0,0,0.0,0
LGS2ORD0002392,C015653,2025-01-19 22:00:00,Female,34,Silver,Lazada,Remote_Area,1046,Web,Bank_Transfer,22,1,6,1,30-40,34.86666666666667,1.0,0.0,0.0,-1,14,2875.9,0.3,1.0,1.0,0.0,0.0,0,0,0.0,2875.9,1,0,0.0,2875.9,1,0,0.0,2875.9,1,0,0.0,0
LGS2ORD0002393,C012086,2025-01-19 23:00:00,Male,62,Silver,Shopee,Bangkok,1292,Web,COD,23,1,6,1,>50,43.06666666666667,0.0,0.0,0.0,-1,-1,0.0,0.0,0.0,0.0,0.0,0.0,0,0,0.0,0.0,0,0,0.0,0.0,0,0,0.0,0.0,0,0,0.0,0
LGS2ORD0002394,C011322,2025-01-19 23:00:00,Male,45,Silver,TV,Chonburi,669,Web,Credit_Card,23,1,6,1,40-50,22.3,0.0,0.0,0.0,-1,-1,0.0,0.0,0.0,0.0,0.0,0.0,0,0,0.0,0.0,0,0,0.0,0.0,0,0,0.0,0.0,0,0,0.0,0
LGS2ORD0002395,C016288,2025-01-19 23:00:00,Female,45,Bronze,Web,Khon Kaen,1088,Lazada,COD,23,1,6,1,40-50,36.266666666666666,0.0,0.0,0.0,-1,-1,0.0,0.0,0.0,0.0,0.0,0.0,0,0,0.0,0.0,0,0,0.0,0.0,0,0,0.0,0.0,0,0,0.0,0
LGS2ORD0002396,C012667,2025-01-19 23:00:00,Female,43,Bronze,Shopee,Phuket,304,Shopee,COD,23,1,6,1,40-50,10.133333333333333,0.0,0.0,0.0,-1,-1,0.0,0.0,0.0,0.0,0.0,0.0,0,0,0.0,0.0,0,0,0.0,0.0,0,0,0.0,0.0,0,0,0.0,0
LGS2ORD0002397,C010425,2025-01-19 23:00:00,Female,42,Silver,TV,Nakhon Ratchasima,134,CallCenter,PromptPay,23,1,6,1,40-50,4.466666666666667,0.0,0.0,0.0,-1,-1,0.0,0.0,0.0,0.0,0.0,0.0,0,0,0.0,0.0,0,0,0.0,0.0,0,0,0.0,0.0,0,0,0.0,0
LGS2ORD0002398,C010927,2025-01-20 00:00:00,Female,42,Bronze,TV,Chonburi,1126,TV_Show,COD,0,1,0,0,40-50,37.53333333333333,0.0,0.0,0.0,-1,-1,0.0,0.0,0.0,0.0,0.0,0.0,0,0,0.0,0.0,0,0,0.0,0.0,0,0,0.0,0.0,0,0,0.0,0
LGS2ORD0002399,C011256,2025-01-20 00:00:00,Male,54,Bronze,TV,Chiang Mai,933,Web,Credit_Card,0,1,0,0,>50,31.1,1.0,1.0,1.0,-15,1,4958.42,0.03,1.0,0.0,0.0,4958.42,1,1,1.0,4958.42,1,1,1.0,4958.42,1,1,1.0,4958.42,1,1,1.0,0
LGS2ORD0002400,C012513,2025-01-20 00:00:00,Female,43,Silver,Lazada,Bangkok,682,Lazada,PromptPay,0,1,0,0,40-50,22.733333333333334,0.0,0.0,0.0,-1,-1,0.0,0.0,0.0,0.0,0.0,0.0,0,0,0.0,0.0,0,0,0.0,0.0,0,0,0.0,0.0,0,0,0.0,0
LGS2ORD0002401,C011567,2025-01-20 00:00:00,Female,40,Bronze,TV,Bangkok,921,Web,PromptPay,0,1,0,0,30-40,30.7,0.0,0.0,0.0,-1,-1,0.0,0.0,0.0,0.0,0.0,0.0,0,0,0.0,0.0,0,0,0.0,0.0,0,0,0.0,0.0,0,0,0.0,0
LGS2ORD0002402,C011163,2025-01-20 00:00:00,Male,30,Silver,TV,Chiang Mai,1078,TV_Show,COD,0,1,0,0,20-30,35.93333333333333,0.0,0.0,0.0,-1,-1,0.0,0.0,0.0,0.0,0.0,0.0,0,0,0.0,0.0,0,0,0.0,0.0,0,0,0.0,0.0,0,0,0.0,0
LGS2ORD0002403,C017925,2025-01-20 01:00:00,Male,46,Gold,CallCenter,Nakhon Ratchasima,306,Web,COD,1,1,0,0,40-50,10.2,0.0,0.0,0.0,-1,-1,0.0,0.0,0.0,0.0,0.0,0.0,0,0,0.0,0.0,0,0,0.0,0.0,0,0,0.0,0.0,0,0,0.0,0
LGS2ORD0002404,C016368,2025-01-20 01:00:00,Female,39,Silver,Web,Khon Kaen,1422,Lazada,COD,1,1,0,0,30-40,47.4,0.0,0.0,0.0,-1,-1,0.0,0.0,0.0,0.0,0.0,0.0,0,0,0.0,0.0,0,0,0.0,0.0,0,0,0.0,0.0,0,0,0.0,0
LGS2ORD0002405,C011532,2025-01-20 01:00:00,Male,56,Bronze,Web,Phuket,1186,Shopee,COD,1,1,0,0,>50,39.53333333333333,0.0,0.0,0.0,-1,-1,0.0,0.0,0.0,0.0,0.0,0.0,0,0,0.0,0.0,0,0,0.0,0.0,0,0,0.0,0.0,0,0,0.0,0
LGS2ORD0002406,C015465,2025-01-20 01:00:00,Male,35,Bronze,Web,Chiang Mai,1127,TV_Show,COD,1,1,0,0,30-40,37.56666666666667,1.0,0.0,0.0,-1,11,3386.93,0.23,1.0,1.0,0.0,0.0,0,0,0.0,3386.93,1,0,0.0,3386.93,1,0,0.0,3386.93,1,0,0.0,0
LGS2ORD0002407,C016594,2025-01-20 01:00:00,Female,43,Bronze,Lazada,Nakhon Ratchasima,1311,TV_Show,Credit_Card,1,1,0,0,40-50,43.7,1.0,0.0,0.0,-1,17,8233.47,0.28,0.0,1.0,0.0,0.0,0,0,0.0,8233.47,1,0,0.0,8233.47,1,0,0.0,8233.47,1,0,0.0,0
LGS2ORD0002408,C017390,2025-01-20 01:00:00,Female,30,Gold,Web,Chiang Mai,229,CallCenter,Bank_Transfer,1,1,0,0,20-30,7.633333333333334,0.0,0.0,0.0,-1,-1,0.0,0.0,0.0,0.0,0.0,0.0,0,0,0.0,0.0,0,0,0.0,0.0,0,0,0.0,0.0,0,0,0.0,1
LGS2ORD0002409,C010593,2025-01-20 02:00:00,Male,26,Bronze,TV,Phuket,983,Lazada,Credit_Card,2,1,0,0,20-30,32.766666666666666,0.0,0.0,0.0,-1,-1,0.0,0.0,0.0,0.0,0.0,0.0,0,0,0.0,0.0,0,0,0.0,0.0,0,0,0.0,0.0,0,0,0.0,0
LGS2ORD0002410,C014767,2025-01-20 02:00:00,Male,50,Gold,Web,Phuket,1321,Web,Credit_Card,2,1,0,0,40-50,44.03333333333333,1.0,0.0,0.0,-1,15,1601.43,0.2299999999999999,0.0,1.0,0.0,0.0,0,0,0.0,1601.43,1,0,0.0,1601.43,1,0,0.0,1601.43,1,0,0.0,0
LGS2ORD0002411,C011419,2025-01-20 02:00:00,Female,18,Silver,CallCenter,Bangkok,1240,TV_Show,Credit_Card,2,1,0,0,<20,41.333333333333336,0.0,0.0,0.0,-1,-1,0.0,0.0,0.0,0.0,0.0,0.0,0,0,0.0,0.0,0,0,0.0,0.0,0,0,0.0,0.0,0,0,0.0,0
LGS2ORD0002412,C010382,2025-01-20 02:00:00,Other,37,Bronze,Shopee,Bangkok,646,Web,PromptPay,2,1,0,0,30-40,21.533333333333335,0.0,0.0,0.0,-1,-1,0.0,0.0,0.0,0.0,0.0,0.0,0,0,0.0,0.0,0,0,0.0,0.0,0,0,0.0,0.0,0,0,0.0,0
LGS2ORD0002413,C014831,2025-01-20 02:00:00,Female,38,Bronze,Shopee,Remote_Area,584,CallCenter,COD,2,1,0,0,30-40,19.466666666666665,0.0,0.0,0.0,-1,-1,0.0,0.0,0.0,0.0,0.0,0.0,0,0,0.0,0.0,0,0,0.0,0.0,0,0,0.0,0.0,0,0,0.0,1
LGS2ORD0002414,C017202,2025-01-20 03:00:00,Female,41,Bronze,Shopee,Chonburi,595,Web,COD,3,1,0,0,40-50,19.833333333333332,0.0,0.0,0.0,-1,-1,0.0,0.0,0.0,0.0,0.0,0.0,0,0,0.0,0.0,0,0,0.0,0.0,0,0,0.0,0.0,0,0,0.0,1
LGS2ORD0002415,C016733,2025-01-20 03:00:00,Female,43,Gold,Web,Bangkok,242,TV_Show,Credit_Card,3,1,0,0,40-50,8.066666666666666,0.0,0.0,0.0,-1,-1,0.0,0.0,0.0,0.0,0.0,0.0,0,0,0.0,0.0,0,0,0.0,0.0,0,0,0.0,0.0,0,0,0.0,0
LGS2ORD0002416,C015612,2025-01-20 03:00:00,Female,36,Silver,Web,Khon Kaen,1340,TV_Show,Credit_Card,3,1,0,0,30-40,44.666666666666664,1.0,0.0,0.0,-1,17,751.96,0.2,1.0,0.0,0.0,0.0,0,0,0.0,751.96,1,0,0.0,751.96,1,0,0.0,751.96,1,0,0.0,0
LGS2ORD0002417,C014251,2025-01-20 03:00:00,Female,48,Gold,TV,Bangkok,1399,Lazada,COD,3,1,0,0,40-50,46.63333333333333,0.0,0.0,0.0,-1,-1,0.0,0.0,0.0,0.0,0.0,0.0,0,0,0.0,0.0,0,0,0.0,0.0,0,0,0.0,0.0,0,0,0.0,0
LGS2ORD0002418,C013189,2025-01-20 03:00:00,Female,42,Bronze,Web,Bangkok,1249,Lazada,PromptPay,3,1,0,0,40-50,41.63333333333333,1.0,0.0,0.0,-1,15,1388.92,0.28,1.0,1.0,0.0,0.0,0,0,0.0,1388.92,1,0,0.0,1388.92,1,0,0.0,1388.92,1,0,0.0,0
LGS2ORD0002419,C012353,2025-01-20 04:00:00,Female,72,Bronze,Shopee,Remote_Area,1161,Lazada,PromptPay,4,1,0,0,>50,38.7,3.0,1.0,0.3333333333333333,5,12,3244.34,0.18,0.6666666666666666,0.0,0.0,0.0,0,0,0.0,9733.02,3,1,0.3333333333333333,9733.02,3,1,0.3333333333333333,9733.02,3,1,0.3333333333333333,0
LGS2ORD0002420,C017565,2025-01-20 04:00:00,Male,59,Gold,Lazada,Phuket,271,Web,COD,4,1,0,0,>50,9.033333333333333,0.0,0.0,0.0,-1,-1,0.0,0.0,0.0,0.0,0.0,0.0,0,0,0.0,0.0,0,0,0.0,0.0,0,0,0.0,0.0,0,0,0.0,1
LGS2ORD0002421,C017213,2025-01-20 04:00:00,Female,18,Silver,Web,Chiang Mai,143,Shopee,COD,4,1,0,0,<20,4.766666666666667,0.0,0.0,0.0,-1,-1,0.0,0.0,0.0,0.0,0.0,0.0,0,0,0.0,0.0,0,0,0.0,0.0,0,0,0.0,0.0,0,0,0.0,0
LGS2ORD0002422,C016069,2025-01-20 04:00:00,Other,56,Bronze,TV,Bangkok,962,Shopee,COD,4,1,0,0,>50,32.06666666666667,0.0,0.0,0.0,-1,-1,0.0,0.0,0.0,0.0,0.0,0.0,0,0,0.0,0.0,0,0,0.0,0.0,0,0,0.0,0.0,0,0,0.0,1
LGS2ORD0002423,C017360,2025-01-20 04:00:00,Female,38,Bronze,Shopee,Khon Kaen,256,Lazada,Bank_Transfer,4,1,0,0,30-40,8.533333333333333,1.0,0.0,0.0,-1,14,923.93,0.03,0.0,0.0,0.0,0.0,0,0,0.0,923.93,1,0,0.0,923.93,1,0,0.0,923.93,1,0,0.0,0
LGS2ORD0002424,C015993,2025-01-20 05:00:00,Female,39,Silver,TV,Phuket,568,CallCenter,COD,5,1,0,0,30-40,18.933333333333334,0.0,0.0,0.0,-1,-1,0.0,0.0,0.0,0.0,0.0,0.0,0,0,0.0,0.0,0,0,0.0,0.0,0,0,0.0,0.0,0,0,0.0,1
LGS2ORD0002425,C014641,2025-01-20 05:00:00,Male,34,Gold,TV,Khon Kaen,786,Shopee,Bank_Transfer,5,1,0,0,30-40,26.2,0.0,0.0,0.0,-1,-1,0.0,0.0,0.0,0.0,0.0,0.0,0,0,0.0,0.0,0,0,0.0,0.0,0,0,0.0,0.0,0,0,0.0,0
LGS2ORD0002426,C017900,2025-01-20 05:00:00,Other,41,Bronze,Lazada,Remote_Area,435,TV_Show,Bank_Transfer,5,1,0,0,40-50,14.5,0.0,0.0,0.0,-1,-1,0.0,0.0,0.0,0.0,0.0,0.0,0,0,0.0,0.0,0,0,0.0,0.0,0,0,0.0,0.0,0,0,0.0,1
LGS2ORD0002427,C012415,2025-01-20 05:00:00,Female,54,Gold,TV,Phuket,417,TV_Show,Credit_Card,5,1,0,0,>50,13.9,0.0,0.0,0.0,-1,-1,0.0,0.0,0.0,0.0,0.0,0.0,0,0,0.0,0.0,0,0,0.0,0.0,0,0,0.0,0.0,0,0,0.0,0
LGS2ORD0002428,C011991,2025-01-20 05:00:00,Male,33,Platinum,Web,Bangkok,1338,TV_Show,PromptPay,5,1,0,0,30-40,44.6,0.0,0.0,0.0,-1,-1,0.0,0.0,0.0,0.0,0.0,0.0,0,0,0.0,0.0,0,0,0.0,0.0,0,0,0.0,0.0,0,0,0.0,0
LGS2ORD0002429,C017650,2025-01-20 05:00:00,Female,26,Gold,TV,Phuket,1032,Lazada,COD,5,1,0,0,20-30,34.4,0.0,0.0,0.0,-1,-1,0.0,0.0,0.0,0.0,0.0,0.0,0,0,0.0,0.0,0,0,0.0,0.0,0,0,0.0,0.0,0,0,0.0,1
LGS2ORD0002430,C010477,2025-01-20 06:00:00,Female,52,Gold,Shopee,Khon Kaen,108,Shopee,COD,6,1,0,0,>50,3.6,0.0,0.0,0.0,-1,-1,0.0,0.0,0.0,0.0,0.0,0.0,0,0,0.0,0.0,0,0,0.0,0.0,0,0,0.0,0.0,0,0,0.0,0
LGS2ORD0002431,C012510,2025-01-20 06:00:00,Female,51,Bronze,Shopee,Songkhla,1195,CallCenter,Credit_Card,6,1,0,0,>50,39.833333333333336,0.0,0.0,0.0,-1,-1,0.0,0.0,0.0,0.0,0.0,0.0,0,0,0.0,0.0,0,0,0.0,0.0,0,0,0.0,0.0,0,0,0.0,0
LGS2ORD0002432,C013294,2025-01-20 06:00:00,Female,33,Platinum,CallCenter,Nakhon Ratchasima,718,TV_Show,COD,6,1,0,0,30-40,23.933333333333334,0.0,0.0,0.0,-1,-1,0.0,0.0,0.0,0.0,0.0,0.0,0,0,0.0,0.0,0,0,0.0,0.0,0,0,0.0,0.0,0,0,0.0,0
LGS2ORD0002433,C012917,2025-01-20 06:00:00,Female,54,Gold,Lazada,Chiang Mai,534,Shopee,Credit_Card,6,1,0,0,>50,17.8,0.0,0.0,0.0,-1,-1,0.0,0.0,0.0,0.0,0.0,0.0,0,0,0.0,0.0,0,0,0.0,0.0,0,0,0.0,0.0,0,0,0.0,0
LGS2ORD0002434,C017521,2025-01-20 06:00:00,Male,30,Gold,CallCenter,Phuket,630,Shopee,COD,6,1,0,0,20-30,21.0,0.0,0.0,0.0,-1,-1,0.0,0.0,0.0,0.0,0.0,0.0,0,0,0.0,0.0,0,0,0.0,0.0,0,0,0.0,0.0,0,0,0.0,1
LGS2ORD0002435,C017414,2025-01-20 07:00:00,Male,35,Bronze,TV,Khon Kaen,1122,Shopee,COD,7,1,0,0,30-40,37.4,2.0,1.0,0.5,5,8,2179.715,0.13,0.5,0.0,0.0,0.0,0,0,0.0,4359.43,2,1,0.5,4359.43,2,1,0.5,4359.43,2,1,0.5,0
LGS2ORD0002436,C013644,2025-01-20 07:00:00,Female,48,Bronze,TV,Chiang Mai,1399,TV_Show,COD,7,1,0,0,40-50,46.63333333333333,0.0,0.0,0.0,-1,-1,0.0,0.0,0.0,0.0,0.0,0.0,0,0,0.0,0.0,0,0,0.0,0.0,0,0,0.0,0.0,0,0,0.0,1
LGS2ORD0002437,C016522,2025-01-20 07:00:00,Female,46,Bronze,Shopee,Bangkok,989,TV_Show,COD,7,1,0,0,40-50,32.96666666666667,0.0,0.0,0.0,-1,-1,0.0,0.0,0.0,0.0,0.0,0.0,0,0,0.0,0.0,0,0,0.0,0.0,0,0,0.0,0.0,0,0,0.0,0
LGS2ORD0002438,C010154,2025-01-20 07:00:00,Female,41,Bronze,Shopee,Bangkok,308,Shopee,COD,7,1,0,0,40-50,10.266666666666667,0.0,0.0,0.0,-1,-1,0.0,0.0,0.0,0.0,0.0,0.0,0,0,0.0,0.0,0,0,0.0,0.0,0,0,0.0,0.0,0,0,0.0,1
LGS2ORD0002439,C010328,2025-01-20 07:00:00,Female,33,Silver,TV,Chiang Mai,51,TV_Show,Credit_Card,7,1,0,0,30-40,1.7,0.0,0.0,0.0,-1,-1,0.0,0.0,0.0,0.0,0.0,0.0,0,0,0.0,0.0,0,0,0.0,0.0,0,0,0.0,0.0,0,0,0.0,1
LGS2ORD0002440,C010273,2025-01-20 08:00:00,Female,47,Gold,Lazada,Bangkok,831,Shopee,COD,8,1,0,0,40-50,27.7,0.0,0.0,0.0,-1,-1,0.0,0.0,0.0,0.0,0.0,0.0,0,0,0.0,0.0,0,0,0.0,0.0,0,0,0.0,0.0,0,0,0.0,0
LGS2ORD0002441,C011812,2025-01-20 08:00:00,Female,45,Bronze,Lazada,Bangkok,993,CallCenter,Credit_Card,8,1,0,0,40-50,33.1,0.0,0.0,0.0,-1,-1,0.0,0.0,0.0,0.0,0.0,0.0,0,0,0.0,0.0,0,0,0.0,0.0,0,0,0.0,0.0,0,0,0.0,0
LGS2ORD0002442,C015019,2025-01-20 08:00:00,Female,62,Bronze,CallCenter,Nakhon Ratchasima,328,TV_Show,Bank_Transfer,8,1,0,0,>50,10.933333333333334,0.0,0.0,0.0,-1,-1,0.0,0.0,0.0,0.0,0.0,0.0,0,0,0.0,0.0,0,0,0.0,0.0,0,0,0.0,0.0,0,0,0.0,0
LGS2ORD0002443,C013788,2025-01-20 08:00:00,Female,45,Bronze,TV,Songkhla,512,CallCenter,COD,8,1,0,0,40-50,17.066666666666666,0.0,0.0,0.0,-1,-1,0.0,0.0,0.0,0.0,0.0,0.0,0,0,0.0,0.0,0,0,0.0,0.0,0,0,0.0,0.0,0,0,0.0,0
LGS2ORD0002444,C013478,2025-01-20 08:00:00,Male,32,Bronze,Lazada,Bangkok,827,Web,Bank_Transfer,8,1,0,0,30-40,27.566666666666666,0.0,0.0,0.0,-1,-1,0.0,0.0,0.0,0.0,0.0,0.0,0,0,0.0,0.0,0,0,0.0,0.0,0,0,0.0,0.0,0,0,0.0,0
LGS2ORD0002445,C010991,2025-01-20 09:00:00,Female,57,Bronze,CallCenter,Remote_Area,906,CallCenter,COD,9,1,0,0,>50,30.2,0.0,0.0,0.0,-1,-1,0.0,0.0,0.0,0.0,0.0,0.0,0,0,0.0,0.0,0,0,0.0,0.0,0,0,0.0,0.0,0,0,0.0,0
LGS2ORD0002446,C010537,2025-01-20 09:00:00,Female,64,Gold,TV,Songkhla,1314,TV_Show,Credit_Card,9,1,0,0,>50,43.8,0.0,0.0,0.0,-1,-1,0.0,0.0,0.0,0.0,0.0,0.0,0,0,0.0,0.0,0,0,0.0,0.0,0,0,0.0,0.0,0,0,0.0,1
LGS2ORD0002447,C012483,2025-01-20 09:00:00,Male,36,Silver,TV,Khon Kaen,1469,TV_Show,PromptPay,9,1,0,0,30-40,48.96666666666667,0.0,0.0,0.0,-1,-1,0.0,0.0,0.0,0.0,0.0,0.0,0,0,0.0,0.0,0,0,0.0,0.0,0,0,0.0,0.0,0,0,0.0,0
LGS2ORD0002448,C013498,2025-01-20 09:00:00,Female,55,Bronze,Web,Chonburi,899,Shopee,COD,9,1,0,0,>50,29.966666666666665,0.0,0.0,0.0,-1,-1,0.0,0.0,0.0,0.0,0.0,0.0,0,0,0.0,0.0,0,0,0.0,0.0,0,0,0.0,0.0,0,0,0.0,1
LGS2ORD0002449,C013370,2025-01-20 09:00:00,Female,54,Silver,Shopee,Bangkok,921,TV_Show,Credit_Card,9,1,0,0,>50,30.7,0.0,0.0,0.0,-1,-1,0.0,0.0,0.0,0.0,0.0,0.0,0,0,0.0,0.0,0,0,0.0,0.0,0,0,0.0,0.0,0,0,0.0,0
LGS2ORD0002450,C011869,2025-01-20 09:00:00,Male,49,Platinum,Web,Bangkok,1380,Lazada,COD,9,1,0,0,40-50,46.0,0.0,0.0,0.0,-1,-1,0.0,0.0,0.0,0.0,0.0,0.0,0,0,0.0,0.0,0,0,0.0,0.0,0,0,0.0,0.0,0,0,0.0,0
LGS2ORD0002451,C011038,2025-01-20 10:00:00,Male,65,Bronze,TV,Bangkok,729,TV_Show,Credit_Card,10,1,0,0,>50,24.3,0.0,0.0,0.0,-1,-1,0.0,0.0,0.0,0.0,0.0,0.0,0,0,0.0,0.0,0,0,0.0,0.0,0,0,0.0,0.0,0,0,0.0,0
LGS2ORD0002452,C016390,2025-01-20 10:00:00,Male,28,Silver,Lazada,Bangkok,630,CallCenter,COD,10,1,0,0,20-30,21.0,1.0,0.0,0.0,-1,18,1517.24,0.05,0.0,0.0,0.0,0.0,0,0,0.0,1517.24,1,0,0.0,1517.24,1,0,0.0,1517.24,1,0,0.0,1
LGS2ORD0002453,C014206,2025-01-20 10:00:00,Female,43,Bronze,Shopee,Bangkok,1233,TV_Show,COD,10,1,0,0,40-50,41.1,0.0,0.0,0.0,-1,-1,0.0,0.0,0.0,0.0,0.0,0.0,0,0,0.0,0.0,0,0,0.0,0.0,0,0,0.0,0.0,0,0,0.0,0
LGS2ORD0002454,C011387,2025-01-20 10:00:00,Male,59,Silver,TV,Phuket,575,CallCenter,Credit_Card,10,1,0,0,>50,19.166666666666668,0.0,0.0,0.0,-1,-1,0.0,0.0,0.0,0.0,0.0,0.0,0,0,0.0,0.0,0,0,0.0,0.0,0,0,0.0,0.0,0,0,0.0,1
LGS2ORD0002455,C014779,2025-01-20 10:00:00,Female,56,Silver,TV,Remote_Area,295,TV_Show,PromptPay,10,1,0,0,>50,9.833333333333334,1.0,0.0,0.0,-1,6,5033.37,0.1,0.0,0.0,0.0,5033.37,1,0,0.0,5033.37,1,0,0.0,5033.37,1,0,0.0,5033.37,1,0,0.0,1
LGS2ORD0002456,C017895,2025-01-20 11:00:00,Female,30,Bronze,Shopee,Chiang Mai,1241,Lazada,COD,11,1,0,0,20-30,41.36666666666667,0.0,0.0,0.0,-1,-1,0.0,0.0,0.0,0.0,0.0,0.0,0,0,0.0,0.0,0,0,0.0,0.0,0,0,0.0,0.0,0,0,0.0,0
LGS2ORD0002457,C012155,2025-01-20 11:00:00,Male,60,Bronze,TV,Khon Kaen,655,CallCenter,COD,11,1,0,0,>50,21.833333333333332,1.0,0.0,0.0,-1,7,3235.33,0.03,0.0,0.0,0.0,0.0,0,0,0.0,3235.33,1,0,0.0,3235.33,1,0,0.0,3235.33,1,0,0.0,0
LGS2ORD0002458,C010839,2025-01-20 11:00:00,Female,57,Silver,Web,Phuket,113,Lazada,PromptPay,11,1,0,0,>50,3.7666666666666666,1.0,1.0,1.0,5,13,4515.08,0.25,1.0,1.0,0.0,0.0,0,0,0.0,4515.08,1,1,1.0,4515.08,1,1,1.0,4515.08,1,1,1.0,0
LGS2ORD0002459,C010146,2025-01-20 11:00:00,Male,41,Gold,Shopee,Bangkok,674,CallCenter,COD,11,1,0,0,40-50,22.466666666666665,1.0,1.0,1.0,4,16,1715.89,0.08,1.0,0.0,0.0,0.0,0,0,0.0,1715.89,1,1,1.0,1715.89,1,1,1.0,1715.89,1,1,1.0,0
LGS2ORD0002460,C014717,2025-01-20 11:00:00,Female,56,Bronze,Lazada,Khon Kaen,1325,CallCenter,PromptPay,11,1,0,0,>50,44.166666666666664,0.0,0.0,0.0,-1,-1,0.0,0.0,0.0,0.0,0.0,0.0,0,0,0.0,0.0,0,0,0.0,0.0,0,0,0.0,0.0,0,0,0.0,0
LGS2ORD0002461,C017233,2025-01-20 12:00:00,Female,43,Gold,Lazada,Chiang Mai,416,Web,Credit_Card,12,1,0,0,40-50,13.866666666666667,0.0,0.0,0.0,-1,-1,0.0,0.0,0.0,0.0,0.0,0.0,0,0,0.0,0.0,0,0,0.0,0.0,0,0,0.0,0.0,0,0,0.0,0
LGS2ORD0002462,C017147,2025-01-20 12:00:00,Female,61,Silver,TV,Phuket,1242,Shopee,PromptPay,12,1,0,0,>50,41.4,0.0,0.0,0.0,-1,-1,0.0,0.0,0.0,0.0,0.0,0.0,0,0,0.0,0.0,0,0,0.0,0.0,0,0,0.0,0.0,0,0,0.0,0
LGS2ORD0002463,C010981,2025-01-20 12:00:00,Female,43,Bronze,Web,Chonburi,1366,CallCenter,Credit_Card,12,1,0,0,40-50,45.53333333333333,0.0,0.0,0.0,-1,-1,0.0,0.0,0.0,0.0,0.0,0.0,0,0,0.0,0.0,0,0,0.0,0.0,0,0,0.0,0.0,0,0,0.0,0
LGS2ORD0002464,C016658,2025-01-20 12:00:00,Male,47,Silver,Lazada,Chiang Mai,441,TV_Show,PromptPay,12,1,0,0,40-50,14.7,0.0,0.0,0.0,-1,-1,0.0,0.0,0.0,0.0,0.0,0.0,0,0,0.0,0.0,0,0,0.0,0.0,0,0,0.0,0.0,0,0,0.0,0
LGS2ORD0002465,C015142,2025-01-20 12:00:00,Female,27,Silver,CallCenter,Remote_Area,857,Lazada,PromptPay,12,1,0,0,20-30,28.566666666666666,0.0,0.0,0.0,-1,-1,0.0,0.0,0.0,0.0,0.0,0.0,0,0,0.0,0.0,0,0,0.0,0.0,0,0,0.0,0.0,0,0,0.0,1
LGS2ORD0002466,C015381,2025-01-20 13:00:00,Male,31,Bronze,TV,Nakhon Ratchasima,1290,CallCenter,Credit_Card,13,1,0,0,30-40,43.0,0.0,0.0,0.0,-1,-1,0.0,0.0,0.0,0.0,0.0,0.0,0,0,0.0,0.0,0,0,0.0,0.0,0,0,0.0,0.0,0,0,0.0,0
LGS2ORD0002467,C014297,2025-01-20 13:00:00,Female,44,Silver,Web,Bangkok,1229,TV_Show,Credit_Card,13,1,0,0,40-50,40.96666666666667,0.0,0.0,0.0,-1,-1,0.0,0.0,0.0,0.0,0.0,0.0,0,0,0.0,0.0,0,0,0.0,0.0,0,0,0.0,0.0,0,0,0.0,0
LGS2ORD0002468,C016549,2025-01-20 13:00:00,Female,34,Platinum,Shopee,Bangkok,34,CallCenter,COD,13,1,0,0,30-40,1.1333333333333333,0.0,0.0,0.0,-1,-1,0.0,0.0,0.0,0.0,0.0,0.0,0,0,0.0,0.0,0,0,0.0,0.0,0,0,0.0,0.0,0,0,0.0,1
LGS2ORD0002469,C011231,2025-01-20 13:00:00,Female,49,Platinum,TV,Khon Kaen,1401,Shopee,COD,13,1,0,0,40-50,46.7,0.0,0.0,0.0,-1,-1,0.0,0.0,0.0,0.0,0.0,0.0,0,0,0.0,0.0,0,0,0.0,0.0,0,0,0.0,0.0,0,0,0.0,0
LGS2ORD0002470,C016466,2025-01-20 13:00:00,Male,50,Gold,Lazada,Chiang Mai,248,Web,Credit_Card,13,1,0,0,40-50,8.266666666666667,0.0,0.0,0.0,-1,-1,0.0,0.0,0.0,0.0,0.0,0.0,0,0,0.0,0.0,0,0,0.0,0.0,0,0,0.0,0.0,0,0,0.0,0
LGS2ORD0002471,C013195,2025-01-20 13:00:00,Female,37,Gold,Web,Khon Kaen,1013,Lazada,Credit_Card,13,1,0,0,30-40,33.766666666666666,0.0,0.0,0.0,-1,-1,0.0,0.0,0.0,0.0,0.0,0.0,0,0,0.0,0.0,0,0,0.0,0.0,0,0,0.0,0.0,0,0,0.0,0
LGS2ORD0002472,C010544,2025-01-20 14:00:00,Male,51,Silver,CallCenter,Bangkok,1337,Lazada,PromptPay,14,1,0,0,>50,44.56666666666667,0.0,0.0,0.0,-1,-1,0.0,0.0,0.0,0.0,0.0,0.0,0,0,0.0,0.0,0,0,0.0,0.0,0,0,0.0,0.0,0,0,0.0,0
LGS2ORD0002473,C012718,2025-01-20 14:00:00,Male,53,Bronze,TV,Remote_Area,203,TV_Show,COD,14,1,0,0,>50,6.766666666666667,1.0,0.0,0.0,-1,9,21070.89,0.03,1.0,0.0,0.0,0.0,0,0,0.0,21070.89,1,0,0.0,21070.89,1,0,0.0,21070.89,1,0,0.0,1
LGS2ORD0002474,C015339,2025-01-20 14:00:00,Male,60,Bronze,Web,Chonburi,513,Shopee,PromptPay,14,1,0,0,>50,17.1,0.0,0.0,0.0,-1,-1,0.0,0.0,0.0,0.0,0.0,0.0,0,0,0.0,0.0,0,0,0.0,0.0,0,0,0.0,0.0,0,0,0.0,0
LGS2ORD0002475,C013937,2025-01-20 14:00:00,Male,40,Silver,Lazada,Khon Kaen,775,Web,COD,14,1,0,0,30-40,25.833333333333332,0.0,0.0,0.0,-1,-1,0.0,0.0,0.0,0.0,0.0,0.0,0,0,0.0,0.0,0,0,0.0,0.0,0,0,0.0,0.0,0,0,0.0,0
LGS2ORD0002476,C016843,2025-01-20 14:00:00,Male,24,Silver,TV,Songkhla,1464,Lazada,Credit_Card,14,1,0,0,20-30,48.8,0.0,0.0,0.0,-1,-1,0.0,0.0,0.0,0.0,0.0,0.0,0,0,0.0,0.0,0,0,0.0,0.0,0,0,0.0,0.0,0,0,0.0,0
LGS2ORD0002477,C010627,2025-01-20 15:00:00,Male,43,Silver,Shopee,Phuket,106,Web,COD,15,1,0,0,40-50,3.533333333333333,0.0,0.0,0.0,-1,-1,0.0,0.0,0.0,0.0,0.0,0.0,0,0,0.0,0.0,0,0,0.0,0.0,0,0,0.0,0.0,0,0,0.0,0
LGS2ORD0002478,C017161,2025-01-20 15:00:00,Female,46,Bronze,Web,Bangkok,664,Shopee,Credit_Card,15,1,0,0,40-50,22.133333333333333,0.0,0.0,0.0,-1,-1,0.0,0.0,0.0,0.0,0.0,0.0,0,0,0.0,0.0,0,0,0.0,0.0,0,0,0.0,0.0,0,0,0.0,0
LGS2ORD0002479,C010253,2025-01-20 15:00:00,Male,52,Bronze,Web,Bangkok,1420,Lazada,COD,15,1,0,0,>50,47.333333333333336,2.0,0.0,0.0,-1,5,565.27,0.23,0.5,0.5,0.0,1130.54,2,0,0.0,1130.54,2,0,0.0,1130.54,2,0,0.0,1130.54,2,0,0.0,0
LGS2ORD0002480,C017212,2025-01-20 15:00:00,Female,54,Bronze,CallCenter,Phuket,1476,Shopee,Bank_Transfer,15,1,0,0,>50,49.2,0.0,0.0,0.0,-1,-1,0.0,0.0,0.0,0.0,0.0,0.0,0,0,0.0,0.0,0,0,0.0,0.0,0,0,0.0,0.0,0,0,0.0,0
LGS2ORD0002481,C014484,2025-01-20 15:00:00,Male,53,Platinum,Lazada,Bangkok,1407,TV_Show,Credit_Card,15,1,0,0,>50,46.9,0.0,0.0,0.0,-1,-1,0.0,0.0,0.0,0.0,0.0,0.0,0,0,0.0,0.0,0,0,0.0,0.0,0,0,0.0,0.0,0,0,0.0,0
LGS2ORD0002482,C014617,2025-01-20 16:00:00,Male,45,Bronze,TV,Bangkok,849,TV_Show,Credit_Card,16,1,0,0,40-50,28.3,0.0,0.0,0.0,-1,-1,0.0,0.0,0.0,0.0,0.0,0.0,0,0,0.0,0.0,0,0,0.0,0.0,0,0,0.0,0.0,0,0,0.0,0
LGS2ORD0002483,C017885,2025-01-20 16:00:00,Female,45,Bronze,Lazada,Bangkok,927,TV_Show,PromptPay,16,1,0,0,40-50,30.9,0.0,0.0,0.0,-1,-1,0.0,0.0,0.0,0.0,0.0,0.0,0,0,0.0,0.0,0,0,0.0,0.0,0,0,0.0,0.0,0,0,0.0,0
LGS2ORD0002484,C014844,2025-01-20 16:00:00,Female,40,Gold,Web,Bangkok,421,Shopee,COD,16,1,0,0,30-40,14.033333333333333,1.0,0.0,0.0,-1,11,7214.88,0.28,0.0,1.0,0.0,0.0,0,0,0.0,7214.88,1,0,0.0,7214.88,1,0,0.0,7214.88,1,0,0.0,0
LGS2ORD0002485,C010324,2025-01-20 16:00:00,Male,43,Bronze,TV,Chiang Mai,423,Shopee,Credit_Card,16,1,0,0,40-50,14.1,0.0,0.0,0.0,-1,-1,0.0,0.0,0.0,0.0,0.0,0.0,0,0,0.0,0.0,0,0,0.0,0.0,0,0,0.0,0.0,0,0,0.0,0
LGS2ORD0002486,C013983,2025-01-20 16:00:00,Female,42,Bronze,CallCenter,Songkhla,456,TV_Show,Credit_Card,16,1,0,0,40-50,15.2,0.0,0.0,0.0,-1,-1,0.0,0.0,0.0,0.0,0.0,0.0,0,0,0.0,0.0,0,0,0.0,0.0,0,0,0.0,0.0,0,0,0.0,0
LGS2ORD0002487,C017784,2025-01-20 16:00:00,Female,47,Bronze,TV,Remote_Area,101,TV_Show,Credit_Card,16,1,0,0,40-50,3.3666666666666667,1.0,0.0,0.0,-1,19,717.51,0.13,0.0,0.0,0.0,0.0,0,0,0.0,717.51,1,0,0.0,717.51,1,0,0.0,717.51,1,0,0.0,1
LGS2ORD0002488,C013331,2025-01-20 17:00:00,Female,48,Silver,Web,Bangkok,969,Web,COD,17,1,0,0,40-50,32.3,1.0,0.0,0.0,-1,10,4688.88,0.1,1.0,0.0,0.0,0.0,0,0,0.0,4688.88,1,0,0.0,4688.88,1,0,0.0,4688.88,1,0,0.0,0
LGS2ORD0002489,C014901,2025-01-20 17:00:00,Female,28,Bronze,TV,Bangkok,1190,Web,COD,17,1,0,0,20-30,39.666666666666664,0.0,0.0,0.0,-1,-1,0.0,0.0,0.0,0.0,0.0,0.0,0,0,0.0,0.0,0,0,0.0,0.0,0,0,0.0,0.0,0,0,0.0,0
LGS2ORD0002490,C014929,2025-01-20 17:00:00,Female,39,Bronze,Shopee,Bangkok,741,Lazada,COD,17,1,0,0,30-40,24.7,1.0,1.0,1.0,-3,9,3615.8,0.23,0.0,1.0,0.0,0.0,0,0,0.0,3615.8,1,1,1.0,3615.8,1,1,1.0,3615.8,1,1,1.0,0
LGS2ORD0002491,C016822,2025-01-20 17:00:00,Female,31,Bronze,Web,Remote_Area,139,Lazada,Credit_Card,17,1,0,0,30-40,4.633333333333334,2.0,1.0,0.5,-7,4,1363.775,0.23,0.5,0.5,0.0,1379.28,1,1,1.0,2727.55,2,1,0.5,2727.55,2,1,0.5,2727.55,2,1,0.5,1
LGS2ORD0002492,C010147,2025-01-20 17:00:00,Male,50,Silver,TV,Songkhla,532,Web,PromptPay,17,1,0,0,40-50,17.733333333333334,0.0,0.0,0.0,-1,-1,0.0,0.0,0.0,0.0,0.0,0.0,0,0,0.0,0.0,0,0,0.0,0.0,0,0,0.0,0.0,0,0,0.0,0
LGS2ORD0002493,C017873,2025-01-20 18:00:00,Male,65,Gold,Shopee,Bangkok,840,Web,Credit_Card,18,1,0,0,>50,28.0,0.0,0.0,0.0,-1,-1,0.0,0.0,0.0,0.0,0.0,0.0,0,0,0.0,0.0,0,0,0.0,0.0,0,0,0.0,0.0,0,0,0.0,0
LGS2ORD0002494,C013496,2025-01-20 18:00:00,Male,53,Platinum,Web,Phuket,258,TV_Show,COD,18,1,0,0,>50,8.6,0.0,0.0,0.0,-1,-1,0.0,0.0,0.0,0.0,0.0,0.0,0,0,0.0,0.0,0,0,0.0,0.0,0,0,0.0,0.0,0,0,0.0,0
LGS2ORD0002495,C013641,2025-01-20 18:00:00,Female,18,Silver,Lazada,Chonburi,269,Shopee,COD,18,1,0,0,<20,8.966666666666667,0.0,0.0,0.0,-1,-1,0.0,0.0,0.0,0.0,0.0,0.0,0,0,0.0,0.0,0,0,0.0,0.0,0,0,0.0,0.0,0,0,0.0,0
LGS2ORD0002496,C013436,2025-01-20 18:00:00,Male,53,Bronze,TV,Chiang Mai,401,CallCenter,Credit_Card,18,1,0,0,>50,13.366666666666667,1.0,1.0,1.0,4,11,17236.29,0.23,1.0,1.0,0.0,0.0,0,0,0.0,17236.29,1,1,1.0,17236.29,1,1,1.0,17236.29,1,1,1.0,0
LGS2ORD0002497,C012929,2025-01-20 18:00:00,Female,36,Silver,Lazada,Bangkok,522,Web,PromptPay,18,1,0,0,30-40,17.4,0.0,0.0,0.0,-1,-1,0.0,0.0,0.0,0.0,0.0,0.0,0,0,0.0,0.0,0,0,0.0,0.0,0,0,0.0,0.0,0,0,0.0,0
LGS2ORD0002498,C015810,2025-01-20 19:00:00,Male,53,Gold,TV,Phuket,154,Shopee,COD,19,1,0,0,>50,5.133333333333334,0.0,0.0,0.0,-1,-1,0.0,0.0,0.0,0.0,0.0,0.0,0,0,0.0,0.0,0,0,0.0,0.0,0,0,0.0,0.0,0,0,0.0,0
LGS2ORD0002499,C017304,2025-01-20 19:00:00,Female,31,Silver,Shopee,Chiang Mai,287,CallCenter,PromptPay,19,1,0,0,30-40,9.566666666666666,0.0,0.0,0.0,-1,-1,0.0,0.0,0.0,0.0,0.0,0.0,0,0,0.0,0.0,0,0,0.0,0.0,0,0,0.0,0.0,0,0,0.0,0
LGS2ORD0002500,C015108,2025-01-20 19:00:00,Male,30,Bronze,Lazada,Nakhon Ratchasima,551,Shopee,PromptPay,19,1,0,0,20-30,18.366666666666667,0.0,0.0,0.0,-1,-1,0.0,0.0,0.0,0.0,0.0,0.0,0,0,0.0,0.0,0,0,0.0,0.0,0,0,0.0,0.0,0,0,0.0,1
LGS2ORD0002501,C015870,2025-01-20 19:00:00,Male,28,Bronze,TV,Bangkok,762,TV_Show,COD,19,1,0,0,20-30,25.4,0.0,0.0,0.0,-1,-1,0.0,0.0,0.0,0.0,0.0,0.0,0,0,0.0,0.0,0,0,0.0,0.0,0,0,0.0,0.0,0,0,0.0,1
LGS2ORD0002502,C016578,2025-01-20 19:00:00,Female,42,Gold,Shopee,Phuket,1174,Web,COD,19,1,0,0,40-50,39.13333333333333,1.0,0.0,0.0,-1,3,4415.01,0.08,0.0,0.0,0.0,4415.01,1,0,0.0,4415.01,1,0,0.0,4415.01,1,0,0.0,4415.01,1,0,0.0,1
LGS2ORD0002503,C013528,2025-01-20 20:00:00,Female,64,Silver,Shopee,Remote_Area,1070,Lazada,PromptPay,20,1,0,0,>50,35.666666666666664,0.0,0.0,0.0,-1,-1,0.0,0.0,0.0,0.0,0.0,0.0,0,0,0.0,0.0,0,0,0.0,0.0,0,0,0.0,0.0,0,0,0.0,0
LGS2ORD0002504,C011565,2025-01-20 20:00:00,Male,64,Gold,Shopee,Remote_Area,1101,CallCenter,COD,20,1,0,0,>50,36.7,0.0,0.0,0.0,-1,-1,0.0,0.0,0.0,0.0,0.0,0.0,0,0,0.0,0.0,0,0,0.0,0.0,0,0,0.0,0.0,0,0,0.0,0
LGS2ORD0002505,C017901,2025-01-20 20:00:00,Male,44,Bronze,Shopee,Chiang Mai,1298,Web,COD,20,1,0,0,40-50,43.266666666666666,0.0,0.0,0.0,-1,-1,0.0,0.0,0.0,0.0,0.0,0.0,0,0,0.0,0.0,0,0,0.0,0.0,0,0,0.0,0.0,0,0,0.0,0
LGS2ORD0002506,C017072,2025-01-20 20:00:00,Female,52,Silver,Shopee,Songkhla,1328,TV_Show,COD,20,1,0,0,>50,44.266666666666666,1.0,0.0,0.0,-1,15,5818.45,0.1,0.0,0.0,0.0,0.0,0,0,0.0,5818.45,1,0,0.0,5818.45,1,0,0.0,5818.45,1,0,0.0,1
LGS2ORD0002507,C013836,2025-01-20 20:00:00,Female,59,Bronze,Shopee,Songkhla,1152,TV_Show,COD,20,1,0,0,>50,38.4,0.0,0.0,0.0,-1,-1,0.0,0.0,0.0,0.0,0.0,0.0,0,0,0.0,0.0,0,0,0.0,0.0,0,0,0.0,0.0,0,0,0.0,0
LGS2ORD0002508,C014886,2025-01-20 20:00:00,Female,31,Gold,TV,Khon Kaen,425,Web,Bank_Transfer,20,1,0,0,30-40,14.166666666666666,1.0,0.0,0.0,-1,6,6810.85,0.08,0.0,0.0,0.0,6810.85,1,0,0.0,6810.85,1,0,0.0,6810.85,1,0,0.0,6810.85,1,0,0.0,0
LGS2ORD0002509,C017153,2025-01-20 21:00:00,Female,36,Bronze,Web,Bangkok,1115,Web,PromptPay,21,1,0,0,30-40,37.166666666666664,1.0,0.0,0.0,-1,5,4353.72,0.23,0.0,1.0,0.0,4353.72,1,0,0.0,4353.72,1,0,0.0,4353.72,1,0,0.0,4353.72,1,0,0.0,1
LGS2ORD0002510,C013504,2025-01-20 21:00:00,Female,37,Bronze,Lazada,Chonburi,732,TV_Show,PromptPay,21,1,0,0,30-40,24.4,1.0,0.0,0.0,-1,10,3029.54,0.03,0.0,0.0,0.0,0.0,0,0,0.0,3029.54,1,0,0.0,3029.54,1,0,0.0,3029.54,1,0,0.0,0
LGS2ORD0002511,C016923,2025-01-20 21:00:00,Male,18,Gold,Shopee,Bangkok,890,Web,COD,21,1,0,0,<20,29.666666666666668,0.0,0.0,0.0,-1,-1,0.0,0.0,0.0,0.0,0.0,0.0,0,0,0.0,0.0,0,0,0.0,0.0,0,0,0.0,0.0,0,0,0.0,1
LGS2ORD0002512,C011380,2025-01-20 21:00:00,Female,26,Bronze,Shopee,Khon Kaen,1281,CallCenter,COD,21,1,0,0,20-30,42.7,0.0,0.0,0.0,-1,-1,0.0,0.0,0.0,0.0,0.0,0.0,0,0,0.0,0.0,0,0,0.0,0.0,0,0,0.0,0.0,0,0,0.0,0
LGS2ORD0002513,C016966,2025-01-20 21:00:00,Male,49,Silver,CallCenter,Bangkok,370,Lazada,COD,21,1,0,0,40-50,12.333333333333334,0.0,0.0,0.0,-1,-1,0.0,0.0,0.0,0.0,0.0,0.0,0,0,0.0,0.0,0,0,0.0,0.0,0,0,0.0,0.0,0,0,0.0,1
LGS2ORD0002514,C016775,2025-01-20 22:00:00,Female,35,Bronze,Lazada,Bangkok,57,Shopee,COD,22,1,0,0,30-40,1.9,0.0,0.0,0.0,-1,-1,0.0,0.0,0.0,0.0,0.0,0.0,0,0,0.0,0.0,0,0,0.0,0.0,0,0,0.0,0.0,0,0,0.0,0
LGS2ORD0002515,C011247,2025-01-20 22:00:00,Female,40,Silver,CallCenter,Chonburi,1271,Shopee,Credit_Card,22,1,0,0,30-40,42.36666666666667,0.0,0.0,0.0,-1,-1,0.0,0.0,0.0,0.0,0.0,0.0,0,0,0.0,0.0,0,0,0.0,0.0,0,0,0.0,0.0,0,0,0.0,0
LGS2ORD0002516,C011204,2025-01-20 22:00:00,Female,45,Bronze,TV,Songkhla,670,Web,Bank_Transfer,22,1,0,0,40-50,22.333333333333332,1.0,0.0,0.0,-1,1,9316.83,0.13,0.0,0.0,0.0,9316.83,1,0,0.0,9316.83,1,0,0.0,9316.83,1,0,0.0,9316.83,1,0,0.0,0
LGS2ORD0002517,C014165,2025-01-20 22:00:00,Other,47,Silver,TV,Khon Kaen,811,Web,COD,22,1,0,0,40-50,27.033333333333335,1.0,0.0,0.0,-1,12,943.69,0.3,0.0,1.0,0.0,0.0,0,0,0.0,943.69,1,0,0.0,943.69,1,0,0.0,943.69,1,0,0.0,0
LGS2ORD0002518,C017243,2025-01-20 22:00:00,Male,56,Platinum,Web,Phuket,572,CallCenter,Credit_Card,22,1,0,0,>50,19.066666666666666,0.0,0.0,0.0,-1,-1,0.0,0.0,0.0,0.0,0.0,0.0,0,0,0.0,0.0,0,0,0.0,0.0,0,0,0.0,0.0,0,0,0.0,0
LGS2ORD0002519,C016914,2025-01-20 23:00:00,Female,39,Bronze,Shopee,Phuket,1332,Shopee,PromptPay,23,1,0,0,30-40,44.4,1.0,0.0,0.0,-1,14,1964.03,0.03,0.0,0.0,0.0,0.0,0,0,0.0,1964.03,1,0,0.0,1964.03,1,0,0.0,1964.03,1,0,0.0,1
LGS2ORD0002520,C013488,2025-01-20 23:00:00,Other,34,Platinum,Lazada,Bangkok,399,TV_Show,Credit_Card,23,1,0,0,30-40,13.3,0.0,0.0,0.0,-1,-1,0.0,0.0,0.0,0.0,0.0,0.0,0,0,0.0,0.0,0,0,0.0,0.0,0,0,0.0,0.0,0,0,0.0,1
LGS2ORD0002521,C014610,2025-01-20 23:00:00,Male,40,Bronze,Lazada,Nakhon Ratchasima,706,TV_Show,COD,23,1,0,0,30-40,23.533333333333335,0.0,0.0,0.0,-1,-1,0.0,0.0,0.0,0.0,0.0,0.0,0,0,0.0,0.0,0,0,0.0,0.0,0,0,0.0,0.0,0,0,0.0,1
LGS2ORD0002522,C013076,2025-01-20 23:00:00,Female,43,Bronze,CallCenter,Bangkok,196,TV_Show,COD,23,1,0,0,40-50,6.533333333333333,0.0,0.0,0.0,-1,-1,0.0,0.0,0.0,0.0,0.0,0.0,0,0,0.0,0.0,0,0,0.0,0.0,0,0,0.0,0.0,0,0,0.0,0
LGS2ORD0002523,C011086,2025-01-20 23:00:00,Male,35,Bronze,Web,Chiang Mai,551,TV_Show,COD,23,1,0,0,30-40,18.366666666666667,0.0,0.0,0.0,-1,-1,0.0,0.0,0.0,0.0,0.0,0.0,0,0,0.0,0.0,0,0,0.0,0.0,0,0,0.0,0.0,0,0,0.0,0
LGS2ORD0002524,C015165,2025-01-21 00:00:00,Female,45,Bronze,TV,Bangkok,1418,Shopee,Bank_Transfer,0,1,1,0,40-50,47.266666666666666,0.0,0.0,0.0,-1,-1,0.0,0.0,0.0,0.0,0.0,0.0,0,0,0.0,0.0,0,0,0.0,0.0,0,0,0.0,0.0,0,0,0.0,0
LGS2ORD0002525,C013409,2025-01-21 00:00:00,Male,38,Silver,CallCenter,Bangkok,771,Shopee,Credit_Card,0,1,1,0,30-40,25.7,0.0,0.0,0.0,-1,-1,0.0,0.0,0.0,0.0,0.0,0.0,0,0,0.0,0.0,0,0,0.0,0.0,0,0,0.0,0.0,0,0,0.0,0
LGS2ORD0002526,C016153,2025-01-21 00:00:00,Female,50,Bronze,Shopee,Bangkok,252,Shopee,PromptPay,0,1,1,0,40-50,8.4,0.0,0.0,0.0,-1,-1,0.0,0.0,0.0,0.0,0.0,0.0,0,0,0.0,0.0,0,0,0.0,0.0,0,0,0.0,0.0,0,0,0.0,0
LGS2ORD0002527,C010611,2025-01-21 00:00:00,Female,72,Bronze,Shopee,Songkhla,1208,CallCenter,PromptPay,0,1,1,0,>50,40.266666666666666,0.0,0.0,0.0,-1,-1,0.0,0.0,0.0,0.0,0.0,0.0,0,0,0.0,0.0,0,0,0.0,0.0,0,0,0.0,0.0,0,0,0.0,0
LGS2ORD0002528,C017476,2025-01-21 00:00:00,Female,61,Silver,TV,Nakhon Ratchasima,305,Shopee,COD,0,1,1,0,>50,10.166666666666666,0.0,0.0,0.0,-1,-1,0.0,0.0,0.0,0.0,0.0,0.0,0,0,0.0,0.0,0,0,0.0,0.0,0,0,0.0,0.0,0,0,0.0,0
LGS2ORD0002529,C012404,2025-01-21 00:00:00,Female,67,Bronze,Lazada,Nakhon Ratchasima,597,TV_Show,COD,0,1,1,0,>50,19.9,0.0,0.0,0.0,-1,-1,0.0,0.0,0.0,0.0,0.0,0.0,0,0,0.0,0.0,0,0,0.0,0.0,0,0,0.0,0.0,0,0,0.0,1
LGS2ORD0002530,C013509,2025-01-21 01:00:00,Male,42,Platinum,TV,Chiang Mai,1176,Lazada,COD,1,1,1,0,40-50,39.2,0.0,0.0,0.0,-1,-1,0.0,0.0,0.0,0.0,0.0,0.0,0,0,0.0,0.0,0,0,0.0,0.0,0,0,0.0,0.0,0,0,0.0,0
LGS2ORD0002531,C015899,2025-01-21 01:00:00,Female,62,Bronze,Lazada,Nakhon Ratchasima,893,Shopee,Credit_Card,1,1,1,0,>50,29.766666666666666,0.0,0.0,0.0,-1,-1,0.0,0.0,0.0,0.0,0.0,0.0,0,0,0.0,0.0,0,0,0.0,0.0,0,0,0.0,0.0,0,0,0.0,0
LGS2ORD0002532,C010851,2025-01-21 01:00:00,Male,32,Bronze,Lazada,Bangkok,505,Web,Credit_Card,1,1,1,0,30-40,16.833333333333332,0.0,0.0,0.0,-1,-1,0.0,0.0,0.0,0.0,0.0,0.0,0,0,0.0,0.0,0,0,0.0,0.0,0,0,0.0,0.0,0,0,0.0,1
LGS2ORD0002533,C012362,2025-01-21 01:00:00,Male,66,Silver,CallCenter,Remote_Area,686,Shopee,COD,1,1,1,0,>50,22.866666666666667,0.0,0.0,0.0,-1,-1,0.0,0.0,0.0,0.0,0.0,0.0,0,0,0.0,0.0,0,0,0.0,0.0,0,0,0.0,0.0,0,0,0.0,1
LGS2ORD0002534,C011454,2025-01-21 01:00:00,Male,25,Silver,TV,Phuket,905,TV_Show,Credit_Card,1,1,1,0,20-30,30.166666666666668,0.0,0.0,0.0,-1,-1,0.0,0.0,0.0,0.0,0.0,0.0,0,0,0.0,0.0,0,0,0.0,0.0,0,0,0.0,0.0,0,0,0.0,0
LGS2ORD0002535,C010535,2025-01-21 02:00:00,Male,65,Silver,CallCenter,Khon Kaen,682,Web,PromptPay,2,1,1,0,>50,22.733333333333334,1.0,0.0,0.0,-1,18,1593.08,0.2,0.0,0.0,0.0,0.0,0,0,0.0,1593.08,1,0,0.0,1593.08,1,0,0.0,1593.08,1,0,0.0,0
LGS2ORD0002536,C011363,2025-01-21 02:00:00,Female,43,Silver,Web,Phuket,1020,Shopee,COD,2,1,1,0,40-50,34.0,0.0,0.0,0.0,-1,-1,0.0,0.0,0.0,0.0,0.0,0.0,0,0,0.0,0.0,0,0,0.0,0.0,0,0,0.0,0.0,0,0,0.0,0
LGS2ORD0002537,C012483,2025-01-21 02:00:00,Male,36,Silver,TV,Khon Kaen,1470,Shopee,Credit_Card,2,1,1,0,30-40,49.0,1.0,0.0,0.0,-1,0,2518.43,0.1,0.0,0.0,0.0,2518.43,1,0,0.0,2518.43,1,0,0.0,2518.43,1,0,0.0,2518.43,1,0,0.0,0
LGS2ORD0002538,C017615,2025-01-21 02:00:00,Female,51,Bronze,Web,Chonburi,630,Shopee,COD,2,1,1,0,>50,21.0,0.0,0.0,0.0,-1,-1,0.0,0.0,0.0,0.0,0.0,0.0,0,0,0.0,0.0,0,0,0.0,0.0,0,0,0.0,0.0,0,0,0.0,1
LGS2ORD0002539,C017025,2025-01-21 02:00:00,Male,34,Gold,Lazada,Bangkok,130,Lazada,PromptPay,2,1,1,0,30-40,4.333333333333333,0.0,0.0,0.0,-1,-1,0.0,0.0,0.0,0.0,0.0,0.0,0,0,0.0,0.0,0,0,0.0,0.0,0,0,0.0,0.0,0,0,0.0,0
LGS2ORD0002540,C016576,2025-01-21 03:00:00,Female,18,Bronze,Web,Chonburi,789,Shopee,COD,3,1,1,0,<20,26.3,0.0,0.0,0.0,-1,-1,0.0,0.0,0.0,0.0,0.0,0.0,0,0,0.0,0.0,0,0,0.0,0.0,0,0,0.0,0.0,0,0,0.0,1
LGS2ORD0002541,C017148,2025-01-21 03:00:00,Female,48,Platinum,TV,Chonburi,1134,CallCenter,COD,3,1,1,0,40-50,37.8,1.0,0.0,0.0,-1,10,5454.05,0.25,0.0,1.0,0.0,0.0,0,0,0.0,5454.05,1,0,0.0,5454.05,1,0,0.0,5454.05,1,0,0.0,0
LGS2ORD0002542,C016600,2025-01-21 03:00:00,Female,58,Platinum,TV,Chonburi,224,TV_Show,COD,3,1,1,0,>50,7.466666666666667,0.0,0.0,0.0,-1,-1,0.0,0.0,0.0,0.0,0.0,0.0,0,0,0.0,0.0,0,0,0.0,0.0,0,0,0.0,0.0,0,0,0.0,1
LGS2ORD0002543,C013379,2025-01-21 03:00:00,Female,53,Silver,Web,Bangkok,393,TV_Show,Bank_Transfer,3,1,1,0,>50,13.1,0.0,0.0,0.0,-1,-1,0.0,0.0,0.0,0.0,0.0,0.0,0,0,0.0,0.0,0,0,0.0,0.0,0,0,0.0,0.0,0,0,0.0,1
LGS2ORD0002544,C011092,2025-01-21 03:00:00,Male,35,Silver,Web,Khon Kaen,1441,TV_Show,Credit_Card,3,1,1,0,30-40,48.03333333333333,0.0,0.0,0.0,-1,-1,0.0,0.0,0.0,0.0,0.0,0.0,0,0,0.0,0.0,0,0,0.0,0.0,0,0,0.0,0.0,0,0,0.0,0
LGS2ORD0002545,C010975,2025-01-21 04:00:00,Female,51,Gold,Lazada,Chiang Mai,442,CallCenter,Credit_Card,4,1,1,0,>50,14.733333333333333,0.0,0.0,0.0,-1,-1,0.0,0.0,0.0,0.0,0.0,0.0,0,0,0.0,0.0,0,0,0.0,0.0,0,0,0.0,0.0,0,0,0.0,1
LGS2ORD0002546,C016107,2025-01-21 04:00:00,Male,40,Platinum,Lazada,Chiang Mai,1106,Lazada,PromptPay,4,1,1,0,30-40,36.86666666666667,0.0,0.0,0.0,-1,-1,0.0,0.0,0.0,0.0,0.0,0.0,0,0,0.0,0.0,0,0,0.0,0.0,0,0,0.0,0.0,0,0,0.0,0
LGS2ORD0002547,C015347,2025-01-21 04:00:00,Male,33,Bronze,TV,Chiang Mai,572,Shopee,COD,4,1,1,0,30-40,19.066666666666666,1.0,0.0,0.0,-1,10,1201.64,0.03,0.0,0.0,0.0,0.0,0,0,0.0,1201.64,1,0,0.0,1201.64,1,0,0.0,1201.64,1,0,0.0,0
LGS2ORD0002548,C017964,2025-01-21 04:00:00,Male,49,Platinum,Shopee,Bangkok,1002,Web,Credit_Card,4,1,1,0,40-50,33.4,0.0,0.0,0.0,-1,-1,0.0,0.0,0.0,0.0,0.0,0.0,0,0,0.0,0.0,0,0,0.0,0.0,0,0,0.0,0.0,0,0,0.0,0
LGS2ORD0002549,C015396,2025-01-21 04:00:00,Female,59,Bronze,Web,Chiang Mai,1263,Web,Credit_Card,4,1,1,0,>50,42.1,0.0,0.0,0.0,-1,-1,0.0,0.0,0.0,0.0,0.0,0.0,0,0,0.0,0.0,0,0,0.0,0.0,0,0,0.0,0.0,0,0,0.0,0
LGS2ORD0002550,C013248,2025-01-21 04:00:00,Female,54,Gold,Web,Songkhla,1157,CallCenter,Credit_Card,4,1,1,0,>50,38.56666666666667,2.0,1.0,0.5,9,8,1666.2849999999999,0.2299999999999999,0.5,0.5,0.0,0.0,0,0,0.0,3332.5699999999997,2,1,0.5,3332.5699999999997,2,1,0.5,3332.5699999999997,2,1,0.5,0
LGS2ORD0002551,C010235,2025-01-21 05:00:00,Female,42,Bronze,TV,Remote_Area,433,Shopee,COD,5,1,1,0,40-50,14.433333333333334,0.0,0.0,0.0,-1,-1,0.0,0.0,0.0,0.0,0.0,0.0,0,0,0.0,0.0,0,0,0.0,0.0,0,0,0.0,0.0,0,0,0.0,1
LGS2ORD0002552,C016561,2025-01-21 05:00:00,Female,48,Bronze,Lazada,Remote_Area,619,Lazada,Bank_Transfer,5,1,1,0,40-50,20.633333333333333,0.0,0.0,0.0,-1,-1,0.0,0.0,0.0,0.0,0.0,0.0,0,0,0.0,0.0,0,0,0.0,0.0,0,0,0.0,0.0,0,0,0.0,1
LGS2ORD0002553,C013042,2025-01-21 05:00:00,Male,47,Bronze,TV,Remote_Area,1377,TV_Show,COD,5,1,1,0,40-50,45.9,0.0,0.0,0.0,-1,-1,0.0,0.0,0.0,0.0,0.0,0.0,0,0,0.0,0.0,0,0,0.0,0.0,0,0,0.0,0.0,0,0,0.0,0
LGS2ORD0002554,C014971,2025-01-21 05:00:00,Female,18,Bronze,TV,Bangkok,219,TV_Show,COD,5,1,1,0,<20,7.3,0.0,0.0,0.0,-1,-1,0.0,0.0,0.0,0.0,0.0,0.0,0,0,0.0,0.0,0,0,0.0,0.0,0,0,0.0,0.0,0,0,0.0,0
LGS2ORD0002555,C017194,2025-01-21 05:00:00,Male,43,Silver,TV,Bangkok,894,Lazada,COD,5,1,1,0,40-50,29.8,0.0,0.0,0.0,-1,-1,0.0,0.0,0.0,0.0,0.0,0.0,0,0,0.0,0.0,0,0,0.0,0.0,0,0,0.0,0.0,0,0,0.0,0
LGS2ORD0002556,C014209,2025-01-21 06:00:00,Male,54,Bronze,TV,Songkhla,415,Shopee,Credit_Card,6,1,1,0,>50,13.833333333333334,0.0,0.0,0.0,-1,-1,0.0,0.0,0.0,0.0,0.0,0.0,0,0,0.0,0.0,0,0,0.0,0.0,0,0,0.0,0.0,0,0,0.0,0
LGS2ORD0002557,C011582,2025-01-21 06:00:00,Female,36,Bronze,Web,Khon Kaen,241,Web,COD,6,1,1,0,30-40,8.033333333333333,0.0,0.0,0.0,-1,-1,0.0,0.0,0.0,0.0,0.0,0.0,0,0,0.0,0.0,0,0,0.0,0.0,0,0,0.0,0.0,0,0,0.0,0
LGS2ORD0002558,C010161,2025-01-21 06:00:00,Male,37,Gold,Web,Khon Kaen,1133,TV_Show,COD,6,1,1,0,30-40,37.766666666666666,0.0,0.0,0.0,-1,-1,0.0,0.0,0.0,0.0,0.0,0.0,0,0,0.0,0.0,0,0,0.0,0.0,0,0,0.0,0.0,0,0,0.0,0
LGS2ORD0002559,C015862,2025-01-21 06:00:00,Male,56,Silver,Lazada,Songkhla,855,Web,COD,6,1,1,0,>50,28.5,0.0,0.0,0.0,-1,-1,0.0,0.0,0.0,0.0,0.0,0.0,0,0,0.0,0.0,0,0,0.0,0.0,0,0,0.0,0.0,0,0,0.0,1
LGS2ORD0002560,C016482,2025-01-21 06:00:00,Female,70,Bronze,CallCenter,Chonburi,859,TV_Show,Bank_Transfer,6,1,1,0,>50,28.633333333333333,0.0,0.0,0.0,-1,-1,0.0,0.0,0.0,0.0,0.0,0.0,0,0,0.0,0.0,0,0,0.0,0.0,0,0,0.0,0.0,0,0,0.0,0
LGS2ORD0002561,C012344,2025-01-21 07:00:00,Other,19,Platinum,Web,Chonburi,524,Lazada,PromptPay,7,1,1,0,<20,17.466666666666665,0.0,0.0,0.0,-1,-1,0.0,0.0,0.0,0.0,0.0,0.0,0,0,0.0,0.0,0,0,0.0,0.0,0,0,0.0,0.0,0,0,0.0,0
LGS2ORD0002562,C016653,2025-01-21 07:00:00,Female,38,Bronze,CallCenter,Songkhla,127,TV_Show,Credit_Card,7,1,1,0,30-40,4.233333333333333,0.0,0.0,0.0,-1,-1,0.0,0.0,0.0,0.0,0.0,0.0,0,0,0.0,0.0,0,0,0.0,0.0,0,0,0.0,0.0,0,0,0.0,0
LGS2ORD0002563,C014806,2025-01-21 07:00:00,Female,65,Gold,Shopee,Chiang Mai,447,Shopee,COD,7,1,1,0,>50,14.9,0.0,0.0,0.0,-1,-1,0.0,0.0,0.0,0.0,0.0,0.0,0,0,0.0,0.0,0,0,0.0,0.0,0,0,0.0,0.0,0,0,0.0,0
LGS2ORD0002564,C012933,2025-01-21 07:00:00,Female,40,Bronze,Shopee,Phuket,195,CallCenter,PromptPay,7,1,1,0,30-40,6.5,0.0,0.0,0.0,-1,-1,0.0,0.0,0.0,0.0,0.0,0.0,0,0,0.0,0.0,0,0,0.0,0.0,0,0,0.0,0.0,0,0,0.0,0
LGS2ORD0002565,C011212,2025-01-21 07:00:00,Female,54,Bronze,Web,Bangkok,1380,Shopee,COD,7,1,1,0,>50,46.0,0.0,0.0,0.0,-1,-1,0.0,0.0,0.0,0.0,0.0,0.0,0,0,0.0,0.0,0,0,0.0,0.0,0,0,0.0,0.0,0,0,0.0,0
LGS2ORD0002566,C016354,2025-01-21 08:00:00,Male,59,Bronze,TV,Phuket,315,Lazada,COD,8,1,1,0,>50,10.5,1.0,0.0,0.0,-1,6,4000.88,0.13,1.0,0.0,0.0,4000.88,1,0,0.0,4000.88,1,0,0.0,4000.88,1,0,0.0,4000.88,1,0,0.0,0
LGS2ORD0002567,C016462,2025-01-21 08:00:00,Male,34,Silver,Web,Nakhon Ratchasima,626,CallCenter,PromptPay,8,1,1,0,30-40,20.866666666666667,2.0,0.0,0.0,-1,9,4237.395,0.25,0.5,0.5,0.0,0.0,0,0,0.0,8474.79,2,0,0.0,8474.79,2,0,0.0,8474.79,2,0,0.0,0
LGS2ORD0002568,C013465,2025-01-21 08:00:00,Female,51,Bronze,TV,Chiang Mai,602,Shopee,Credit_Card,8,1,1,0,>50,20.066666666666666,0.0,0.0,0.0,-1,-1,0.0,0.0,0.0,0.0,0.0,0.0,0,0,0.0,0.0,0,0,0.0,0.0,0,0,0.0,0.0,0,0,0.0,0
LGS2ORD0002569,C010809,2025-01-21 08:00:00,Male,38,Platinum,Web,Bangkok,1426,Lazada,COD,8,1,1,0,30-40,47.53333333333333,0.0,0.0,0.0,-1,-1,0.0,0.0,0.0,0.0,0.0,0.0,0,0,0.0,0.0,0,0,0.0,0.0,0,0,0.0,0.0,0,0,0.0,0
LGS2ORD0002570,C016498,2025-01-21 08:00:00,Male,33,Gold,CallCenter,Bangkok,1458,Shopee,COD,8,1,1,0,30-40,48.6,0.0,0.0,0.0,-1,-1,0.0,0.0,0.0,0.0,0.0,0.0,0,0,0.0,0.0,0,0,0.0,0.0,0,0,0.0,0.0,0,0,0.0,0
LGS2ORD0002571,C010475,2025-01-21 08:00:00,Female,44,Bronze,TV,Phuket,1452,Lazada,Bank_Transfer,8,1,1,0,40-50,48.4,0.0,0.0,0.0,-1,-1,0.0,0.0,0.0,0.0,0.0,0.0,0,0,0.0,0.0,0,0,0.0,0.0,0,0,0.0,0.0,0,0,0.0,1
LGS2ORD0002572,C013761,2025-01-21 09:00:00,Female,44,Gold,CallCenter,Chiang Mai,60,TV_Show,COD,9,1,1,0,40-50,2.0,0.0,0.0,0.0,-1,-1,0.0,0.0,0.0,0.0,0.0,0.0,0,0,0.0,0.0,0,0,0.0,0.0,0,0,0.0,0.0,0,0,0.0,0
LGS2ORD0002573,C016898,2025-01-21 09:00:00,Female,49,Bronze,Shopee,Phuket,1287,TV_Show,Bank_Transfer,9,1,1,0,40-50,42.9,1.0,0.0,0.0,-1,17,5599.57,0.13,0.0,0.0,0.0,0.0,0,0,0.0,5599.57,1,0,0.0,5599.57,1,0,0.0,5599.57,1,0,0.0,0
LGS2ORD0002574,C010468,2025-01-21 09:00:00,Male,44,Bronze,Shopee,Chiang Mai,1296,Lazada,COD,9,1,1,0,40-50,43.2,0.0,0.0,0.0,-1,-1,0.0,0.0,0.0,0.0,0.0,0.0,0,0,0.0,0.0,0,0,0.0,0.0,0,0,0.0,0.0,0,0,0.0,1
LGS2ORD0002575,C016696,2025-01-21 09:00:00,Female,30,Platinum,Shopee,Phuket,1024,TV_Show,Bank_Transfer,9,1,1,0,20-30,34.13333333333333,1.0,1.0,1.0,-2,6,6230.4,0.25,1.0,1.0,0.0,6230.4,1,1,1.0,6230.4,1,1,1.0,6230.4,1,1,1.0,6230.4,1,1,1.0,0
LGS2ORD0002576,C010025,2025-01-21 09:00:00,Female,41,Bronze,Lazada,Chiang Mai,355,CallCenter,COD,9,1,1,0,40-50,11.833333333333334,1.0,0.0,0.0,-1,1,1881.09,0.08,1.0,0.0,0.0,1881.09,1,0,0.0,1881.09,1,0,0.0,1881.09,1,0,0.0,1881.09,1,0,0.0,1
LGS2ORD0002577,C011252,2025-01-21 10:00:00,Female,32,Silver,TV,Bangkok,261,TV_Show,COD,10,1,1,0,30-40,8.7,1.0,1.0,1.0,6,20,1693.44,0.2,1.0,0.0,0.0,0.0,0,0,0.0,1693.44,1,1,1.0,1693.44,1,1,1.0,1693.44,1,1,1.0,0
LGS2ORD0002578,C012320,2025-01-21 10:00:00,Female,46,Bronze,TV,Bangkok,650,Web,PromptPay,10,1,1,0,40-50,21.666666666666668,0.0,0.0,0.0,-1,-1,0.0,0.0,0.0,0.0,0.0,0.0,0,0,0.0,0.0,0,0,0.0,0.0,0,0,0.0,0.0,0,0,0.0,0
LGS2ORD0002579,C010080,2025-01-21 10:00:00,Female,49,Silver,Web,Chonburi,336,Lazada,Bank_Transfer,10,1,1,0,40-50,11.2,0.0,0.0,0.0,-1,-1,0.0,0.0,0.0,0.0,0.0,0.0,0,0,0.0,0.0,0,0,0.0,0.0,0,0,0.0,0.0,0,0,0.0,1
LGS2ORD0002580,C016028,2025-01-21 10:00:00,Female,39,Silver,TV,Nakhon Ratchasima,700,CallCenter,COD,10,1,1,0,30-40,23.333333333333332,0.0,0.0,0.0,-1,-1,0.0,0.0,0.0,0.0,0.0,0.0,0,0,0.0,0.0,0,0,0.0,0.0,0,0,0.0,0.0,0,0,0.0,0
LGS2ORD0002581,C016497,2025-01-21 10:00:00,Female,53,Silver,Shopee,Bangkok,1236,TV_Show,Credit_Card,10,1,1,0,>50,41.2,1.0,1.0,1.0,8,15,3911.03,0.2,0.0,0.0,0.0,0.0,0,0,0.0,3911.03,1,1,1.0,3911.03,1,1,1.0,3911.03,1,1,1.0,0
LGS2ORD0002582,C015334,2025-01-21 11:00:00,Male,39,Silver,Web,Phuket,837,Web,Bank_Transfer,11,1,1,0,30-40,27.9,0.0,0.0,0.0,-1,-1,0.0,0.0,0.0,0.0,0.0,0.0,0,0,0.0,0.0,0,0,0.0,0.0,0,0,0.0,0.0,0,0,0.0,0
LGS2ORD0002583,C010415,2025-01-21 11:00:00,Female,50,Gold,Web,Bangkok,701,Lazada,COD,11,1,1,0,40-50,23.366666666666667,0.0,0.0,0.0,-1,-1,0.0,0.0,0.0,0.0,0.0,0.0,0,0,0.0,0.0,0,0,0.0,0.0,0,0,0.0,0.0,0,0,0.0,0
LGS2ORD0002584,C015243,2025-01-21 11:00:00,Male,45,Bronze,TV,Songkhla,210,Shopee,COD,11,1,1,0,40-50,7.0,0.0,0.0,0.0,-1,-1,0.0,0.0,0.0,0.0,0.0,0.0,0,0,0.0,0.0,0,0,0.0,0.0,0,0,0.0,0.0,0,0,0.0,1
LGS2ORD0002585,C012791,2025-01-21 11:00:00,Male,37,Bronze,Web,Nakhon Ratchasima,920,TV_Show,PromptPay,11,1,1,0,30-40,30.666666666666668,0.0,0.0,0.0,-1,-1,0.0,0.0,0.0,0.0,0.0,0.0,0,0,0.0,0.0,0,0,0.0,0.0,0,0,0.0,0.0,0,0,0.0,0
LGS2ORD0002586,C011985,2025-01-21 11:00:00,Male,64,Silver,TV,Bangkok,1301,Web,Credit_Card,11,1,1,0,>50,43.36666666666667,0.0,0.0,0.0,-1,-1,0.0,0.0,0.0,0.0,0.0,0.0,0,0,0.0,0.0,0,0,0.0,0.0,0,0,0.0,0.0,0,0,0.0,0
LGS2ORD0002587,C017377,2025-01-21 12:00:00,Male,47,Silver,Web,Khon Kaen,1448,Shopee,COD,12,1,1,0,40-50,48.266666666666666,0.0,0.0,0.0,-1,-1,0.0,0.0,0.0,0.0,0.0,0.0,0,0,0.0,0.0,0,0,0.0,0.0,0,0,0.0,0.0,0,0,0.0,0
LGS2ORD0002588,C011479,2025-01-21 12:00:00,Male,43,Bronze,Shopee,Songkhla,250,CallCenter,Bank_Transfer,12,1,1,0,40-50,8.333333333333334,0.0,0.0,0.0,-1,-1,0.0,0.0,0.0,0.0,0.0,0.0,0,0,0.0,0.0,0,0,0.0,0.0,0,0,0.0,0.0,0,0,0.0,0
LGS2ORD0002589,C010882,2025-01-21 12:00:00,Female,38,Bronze,TV,Bangkok,200,Shopee,PromptPay,12,1,1,0,30-40,6.666666666666667,1.0,0.0,0.0,-1,15,2083.12,0.03,1.0,0.0,0.0,0.0,0,0,0.0,2083.12,1,0,0.0,2083.12,1,0,0.0,2083.12,1,0,0.0,1
LGS2ORD0002590,C017347,2025-01-21 12:00:00,Female,38,Gold,Web,Chiang Mai,62,Shopee,Credit_Card,12,1,1,0,30-40,2.066666666666667,0.0,0.0,0.0,-1,-1,0.0,0.0,0.0,0.0,0.0,0.0,0,0,0.0,0.0,0,0,0.0,0.0,0,0,0.0,0.0,0,0,0.0,0
LGS2ORD0002591,C016175,2025-01-21 12:00:00,Female,51,Platinum,Shopee,Chiang Mai,180,CallCenter,COD,12,1,1,0,>50,6.0,1.0,0.0,0.0,-1,10,2189.87,0.1,0.0,0.0,0.0,0.0,0,0,0.0,2189.87,1,0,0.0,2189.87,1,0,0.0,2189.87,1,0,0.0,1
LGS2ORD0002592,C011348,2025-01-21 12:00:00,Female,41,Platinum,Shopee,Chiang Mai,1402,Shopee,PromptPay,12,1,1,0,40-50,46.733333333333334,0.0,0.0,0.0,-1,-1,0.0,0.0,0.0,0.0,0.0,0.0,0,0,0.0,0.0,0,0,0.0,0.0,0,0,0.0,0.0,0,0,0.0,0
LGS2ORD0002593,C011946,2025-01-21 13:00:00,Female,48,Platinum,Web,Chiang Mai,844,Web,Bank_Transfer,13,1,1,0,40-50,28.133333333333333,0.0,0.0,0.0,-1,-1,0.0,0.0,0.0,0.0,0.0,0.0,0,0,0.0,0.0,0,0,0.0,0.0,0,0,0.0,0.0,0,0,0.0,0
LGS2ORD0002594,C010167,2025-01-21 13:00:00,Male,57,Bronze,TV,Bangkok,971,TV_Show,Credit_Card,13,1,1,0,>50,32.36666666666667,0.0,0.0,0.0,-1,-1,0.0,0.0,0.0,0.0,0.0,0.0,0,0,0.0,0.0,0,0,0.0,0.0,0,0,0.0,0.0,0,0,0.0,0
LGS2ORD0002595,C016727,2025-01-21 13:00:00,Female,33,Bronze,TV,Chonburi,827,Web,COD,13,1,1,0,30-40,27.566666666666666,0.0,0.0,0.0,-1,-1,0.0,0.0,0.0,0.0,0.0,0.0,0,0,0.0,0.0,0,0,0.0,0.0,0,0,0.0,0.0,0,0,0.0,0
LGS2ORD0002596,C010041,2025-01-21 13:00:00,Female,51,Silver,Web,Bangkok,837,CallCenter,Credit_Card,13,1,1,0,>50,27.9,0.0,0.0,0.0,-1,-1,0.0,0.0,0.0,0.0,0.0,0.0,0,0,0.0,0.0,0,0,0.0,0.0,0,0,0.0,0.0,0,0,0.0,0
LGS2ORD0002597,C013747,2025-01-21 13:00:00,Male,39,Bronze,TV,Bangkok,791,Web,COD,13,1,1,0,30-40,26.366666666666667,0.0,0.0,0.0,-1,-1,0.0,0.0,0.0,0.0,0.0,0.0,0,0,0.0,0.0,0,0,0.0,0.0,0,0,0.0,0.0,0,0,0.0,0
LGS2ORD0002598,C015475,2025-01-21 14:00:00,Female,42,Platinum,Shopee,Bangkok,738,Lazada,PromptPay,14,1,1,0,40-50,24.6,0.0,0.0,0.0,-1,-1,0.0,0.0,0.0,0.0,0.0,0.0,0,0,0.0,0.0,0,0,0.0,0.0,0,0,0.0,0.0,0,0,0.0,0
LGS2ORD0002599,C011091,2025-01-21 14:00:00,Female,45,Silver,TV,Khon Kaen,564,Lazada,PromptPay,14,1,1,0,40-50,18.8,0.0,0.0,0.0,-1,-1,0.0,0.0,0.0,0.0,0.0,0.0,0,0,0.0,0.0,0,0,0.0,0.0,0,0,0.0,0.0,0,0,0.0,0
LGS2ORD0002600,C017283,2025-01-21 14:00:00,Male,23,Bronze,TV,Remote_Area,953,Shopee,COD,14,1,1,0,20-30,31.766666666666666,0.0,0.0,0.0,-1,-1,0.0,0.0,0.0,0.0,0.0,0.0,0,0,0.0,0.0,0,0,0.0,0.0,0,0,0.0,0.0,0,0,0.0,0
LGS2ORD0002601,C015401,2025-01-21 14:00:00,Male,40,Platinum,Lazada,Phuket,737,Web,Credit_Card,14,1,1,0,30-40,24.566666666666666,1.0,0.0,0.0,-1,15,583.44,0.35,0.0,1.0,0.0,0.0,0,0,0.0,583.44,1,0,0.0,583.44,1,0,0.0,583.44,1,0,0.0,1
LGS2ORD0002602,C011932,2025-01-21 14:00:00,Female,38,Bronze,Web,Chonburi,996,Shopee,COD,14,1,1,0,30-40,33.2,1.0,0.0,0.0,-1,13,11819.16,0.08,1.0,0.0,0.0,0.0,0,0,0.0,11819.16,1,0,0.0,11819.16,1,0,0.0,11819.16,1,0,0.0,0
LGS2ORD0002603,C014496,2025-01-21 15:00:00,Female,57,Gold,Lazada,Khon Kaen,369,TV_Show,Bank_Transfer,15,1,1,0,>50,12.3,0.0,0.0,0.0,-1,-1,0.0,0.0,0.0,0.0,0.0,0.0,0,0,0.0,0.0,0,0,0.0,0.0,0,0,0.0,0.0,0,0,0.0,1
LGS2ORD0002604,C010547,2025-01-21 15:00:00,Male,30,Silver,Lazada,Bangkok,223,CallCenter,Bank_Transfer,15,1,1,0,20-30,7.433333333333334,0.0,0.0,0.0,-1,-1,0.0,0.0,0.0,0.0,0.0,0.0,0,0,0.0,0.0,0,0,0.0,0.0,0,0,0.0,0.0,0,0,0.0,0
LGS2ORD0002605,C016296,2025-01-21 15:00:00,Male,42,Bronze,Web,Nakhon Ratchasima,342,TV_Show,COD,15,1,1,0,40-50,11.4,0.0,0.0,0.0,-1,-1,0.0,0.0,0.0,0.0,0.0,0.0,0,0,0.0,0.0,0,0,0.0,0.0,0,0,0.0,0.0,0,0,0.0,1
LGS2ORD0002606,C011071,2025-01-21 15:00:00,Female,36,Bronze,Web,Nakhon Ratchasima,1396,Lazada,Credit_Card,15,1,1,0,30-40,46.53333333333333,0.0,0.0,0.0,-1,-1,0.0,0.0,0.0,0.0,0.0,0.0,0,0,0.0,0.0,0,0,0.0,0.0,0,0,0.0,0.0,0,0,0.0,0
LGS2ORD0002607,C015822,2025-01-21 15:00:00,Male,50,Bronze,Shopee,Chiang Mai,1474,Lazada,Credit_Card,15,1,1,0,40-50,49.13333333333333,0.0,0.0,0.0,-1,-1,0.0,0.0,0.0,0.0,0.0,0.0,0,0,0.0,0.0,0,0,0.0,0.0,0,0,0.0,0.0,0,0,0.0,0
LGS2ORD0002608,C016917,2025-01-21 15:00:00,Female,48,Bronze,TV,Chonburi,1068,TV_Show,COD,15,1,1,0,40-50,35.6,0.0,0.0,0.0,-1,-1,0.0,0.0,0.0,0.0,0.0,0.0,0,0,0.0,0.0,0,0,0.0,0.0,0,0,0.0,0.0,0,0,0.0,0
LGS2ORD0002609,C015154,2025-01-21 16:00:00,Female,26,Bronze,CallCenter,Nakhon Ratchasima,767,TV_Show,Credit_Card,16,1,1,0,20-30,25.566666666666666,0.0,0.0,0.0,-1,-1,0.0,0.0,0.0,0.0,0.0,0.0,0,0,0.0,0.0,0,0,0.0,0.0,0,0,0.0,0.0,0,0,0.0,0
LGS2ORD0002610,C016868,2025-01-21 16:00:00,Male,33,Silver,Lazada,Khon Kaen,1455,CallCenter,PromptPay,16,1,1,0,30-40,48.5,0.0,0.0,0.0,-1,-1,0.0,0.0,0.0,0.0,0.0,0.0,0,0,0.0,0.0,0,0,0.0,0.0,0,0,0.0,0.0,0,0,0.0,0
LGS2ORD0002611,C017735,2025-01-21 16:00:00,Female,39,Gold,TV,Bangkok,460,Lazada,Credit_Card,16,1,1,0,30-40,15.333333333333334,1.0,0.0,0.0,-1,9,3618.21,0.13,0.0,0.0,0.0,0.0,0,0,0.0,3618.21,1,0,0.0,3618.21,1,0,0.0,3618.21,1,0,0.0,0
LGS2ORD0002612,C015752,2025-01-21 16:00:00,Female,57,Bronze,CallCenter,Remote_Area,901,TV_Show,Bank_Transfer,16,1,1,0,>50,30.033333333333335,0.0,0.0,0.0,-1,-1,0.0,0.0,0.0,0.0,0.0,0.0,0,0,0.0,0.0,0,0,0.0,0.0,0,0,0.0,0.0,0,0,0.0,1
LGS2ORD0002613,C017992,2025-01-21 16:00:00,Male,67,Bronze,Web,Songkhla,1212,CallCenter,COD,16,1,1,0,>50,40.4,0.0,0.0,0.0,-1,-1,0.0,0.0,0.0,0.0,0.0,0.0,0,0,0.0,0.0,0,0,0.0,0.0,0,0,0.0,0.0,0,0,0.0,0
LGS2ORD0002614,C013889,2025-01-21 17:00:00,Female,24,Silver,TV,Chiang Mai,873,TV_Show,PromptPay,17,1,1,0,20-30,29.1,0.0,0.0,0.0,-1,-1,0.0,0.0,0.0,0.0,0.0,0.0,0,0,0.0,0.0,0,0,0.0,0.0,0,0,0.0,0.0,0,0,0.0,0
LGS2ORD0002615,C013878,2025-01-21 17:00:00,Male,31,Gold,TV,Chiang Mai,904,Web,Credit_Card,17,1,1,0,30-40,30.133333333333333,0.0,0.0,0.0,-1,-1,0.0,0.0,0.0,0.0,0.0,0.0,0,0,0.0,0.0,0,0,0.0,0.0,0,0,0.0,0.0,0,0,0.0,0
LGS2ORD0002616,C014806,2025-01-21 17:00:00,Female,65,Gold,Shopee,Chiang Mai,447,TV_Show,PromptPay,17,1,1,0,>50,14.9,1.0,0.0,0.0,-1,0,1911.56,0.33,1.0,1.0,0.0,1911.56,1,0,0.0,1911.56,1,0,0.0,1911.56,1,0,0.0,1911.56,1,0,0.0,0
LGS2ORD0002617,C013287,2025-01-21 17:00:00,Male,60,Silver,Web,Remote_Area,1290,TV_Show,COD,17,1,1,0,>50,43.0,0.0,0.0,0.0,-1,-1,0.0,0.0,0.0,0.0,0.0,0.0,0,0,0.0,0.0,0,0,0.0,0.0,0,0,0.0,0.0,0,0,0.0,1
LGS2ORD0002618,C011997,2025-01-21 17:00:00,Male,50,Silver,TV,Khon Kaen,782,TV_Show,PromptPay,17,1,1,0,40-50,26.066666666666666,0.0,0.0,0.0,-1,-1,0.0,0.0,0.0,0.0,0.0,0.0,0,0,0.0,0.0,0,0,0.0,0.0,0,0,0.0,0.0,0,0,0.0,1
LGS2ORD0002619,C015017,2025-01-21 18:00:00,Male,50,Bronze,CallCenter,Remote_Area,158,Web,Credit_Card,18,1,1,0,40-50,5.266666666666667,0.0,0.0,0.0,-1,-1,0.0,0.0,0.0,0.0,0.0,0.0,0,0,0.0,0.0,0,0,0.0,0.0,0,0,0.0,0.0,0,0,0.0,0
LGS2ORD0002620,C017848,2025-01-21 18:00:00,Male,44,Silver,TV,Chonburi,416,Lazada,Credit_Card,18,1,1,0,40-50,13.866666666666667,0.0,0.0,0.0,-1,-1,0.0,0.0,0.0,0.0,0.0,0.0,0,0,0.0,0.0,0,0,0.0,0.0,0,0,0.0,0.0,0,0,0.0,0
LGS2ORD0002621,C015792,2025-01-21 18:00:00,Female,26,Silver,CallCenter,Bangkok,821,Shopee,Credit_Card,18,1,1,0,20-30,27.366666666666667,0.0,0.0,0.0,-1,-1,0.0,0.0,0.0,0.0,0.0,0.0,0,0,0.0,0.0,0,0,0.0,0.0,0,0,0.0,0.0,0,0,0.0,0
LGS2ORD0002622,C014596,2025-01-21 18:00:00,Male,40,Platinum,TV,Nakhon Ratchasima,1300,Lazada,COD,18,1,1,0,30-40,43.333333333333336,0.0,0.0,0.0,-1,-1,0.0,0.0,0.0,0.0,0.0,0.0,0,0,0.0,0.0,0,0,0.0,0.0,0,0,0.0,0.0,0,0,0.0,0
LGS2ORD0002623,C011255,2025-01-21 18:00:00,Male,36,Silver,TV,Nakhon Ratchasima,207,TV_Show,Credit_Card,18,1,1,0,30-40,6.9,0.0,0.0,0.0,-1,-1,0.0,0.0,0.0,0.0,0.0,0.0,0,0,0.0,0.0,0,0,0.0,0.0,0,0,0.0,0.0,0,0,0.0,0
LGS2ORD0002624,C013149,2025-01-21 19:00:00,Female,34,Gold,Shopee,Songkhla,1129,Web,PromptPay,19,1,1,0,30-40,37.63333333333333,1.0,0.0,0.0,-1,19,12708.6,0.28,0.0,1.0,0.0,0.0,0,0,0.0,12708.6,1,0,0.0,12708.6,1,0,0.0,12708.6,1,0,0.0,0
LGS2ORD0002625,C017519,2025-01-21 19:00:00,Female,43,Silver,Lazada,Nakhon Ratchasima,281,Web,COD,19,1,1,0,40-50,9.366666666666667,0.0,0.0,0.0,-1,-1,0.0,0.0,0.0,0.0,0.0,0.0,0,0,0.0,0.0,0,0,0.0,0.0,0,0,0.0,0.0,0,0,0.0,0
LGS2ORD0002626,C015205,2025-01-21 19:00:00,Female,58,Bronze,Shopee,Bangkok,152,TV_Show,COD,19,1,1,0,>50,5.066666666666666,4.0,0.0,0.0,-1,8,3807.5675,0.23,0.5,0.25,0.0,0.0,0,0,0.0,15230.27,4,0,0.0,15230.27,4,0,0.0,15230.27,4,0,0.0,0
LGS2ORD0002627,C011601,2025-01-21 19:00:00,Male,41,Gold,TV,Nakhon Ratchasima,876,TV_Show,Credit_Card,19,1,1,0,40-50,29.2,0.0,0.0,0.0,-1,-1,0.0,0.0,0.0,0.0,0.0,0.0,0,0,0.0,0.0,0,0,0.0,0.0,0,0,0.0,0.0,0,0,0.0,0
LGS2ORD0002628,C016413,2025-01-21 19:00:00,Female,66,Bronze,Web,Bangkok,264,TV_Show,COD,19,1,1,0,>50,8.8,0.0,0.0,0.0,-1,-1,0.0,0.0,0.0,0.0,0.0,0.0,0,0,0.0,0.0,0,0,0.0,0.0,0,0,0.0,0.0,0,0,0.0,0
LGS2ORD0002629,C013952,2025-01-21 19:00:00,Female,32,Silver,Shopee,Bangkok,782,Shopee,COD,19,1,1,0,30-40,26.066666666666666,0.0,0.0,0.0,-1,-1,0.0,0.0,0.0,0.0,0.0,0.0,0,0,0.0,0.0,0,0,0.0,0.0,0,0,0.0,0.0,0,0,0.0,1
LGS2ORD0002630,C012084,2025-01-21 20:00:00,Female,46,Bronze,Web,Bangkok,172,Web,Credit_Card,20,1,1,0,40-50,5.733333333333333,0.0,0.0,0.0,-1,-1,0.0,0.0,0.0,0.0,0.0,0.0,0,0,0.0,0.0,0,0,0.0,0.0,0,0,0.0,0.0,0,0,0.0,0
LGS2ORD0002631,C012249,2025-01-21 20:00:00,Female,37,Bronze,Shopee,Songkhla,629,CallCenter,PromptPay,20,1,1,0,30-40,20.966666666666665,0.0,0.0,0.0,-1,-1,0.0,0.0,0.0,0.0,0.0,0.0,0,0,0.0,0.0,0,0,0.0,0.0,0,0,0.0,0.0,0,0,0.0,1
LGS2ORD0002632,C014152,2025-01-21 20:00:00,Female,36,Gold,Web,Bangkok,1308,Web,PromptPay,20,1,1,0,30-40,43.6,1.0,1.0,1.0,-3,11,1666.42,0.28,1.0,1.0,0.0,0.0,0,0,0.0,1666.42,1,1,1.0,1666.42,1,1,1.0,1666.42,1,1,1.0,0
LGS2ORD0002633,C010225,2025-01-21 20:00:00,Female,70,Bronze,Shopee,Songkhla,1298,CallCenter,PromptPay,20,1,1,0,>50,43.266666666666666,0.0,0.0,0.0,-1,-1,0.0,0.0,0.0,0.0,0.0,0.0,0,0,0.0,0.0,0,0,0.0,0.0,0,0,0.0,0.0,0,0,0.0,1
LGS2ORD0002634,C016136,2025-01-21 20:00:00,Male,42,Silver,CallCenter,Remote_Area,270,Lazada,COD,20,1,1,0,40-50,9.0,0.0,0.0,0.0,-1,-1,0.0,0.0,0.0,0.0,0.0,0.0,0,0,0.0,0.0,0,0,0.0,0.0,0,0,0.0,0.0,0,0,0.0,0
LGS2ORD0002635,C013031,2025-01-21 21:00:00,Female,40,Silver,TV,Phuket,1089,Lazada,COD,21,1,1,0,30-40,36.3,1.0,0.0,0.0,-1,3,4742.34,0.1,0.0,0.0,0.0,4742.34,1,0,0.0,4742.34,1,0,0.0,4742.34,1,0,0.0,4742.34,1,0,0.0,0
LGS2ORD0002636,C012205,2025-01-21 21:00:00,Male,31,Bronze,TV,Remote_Area,845,CallCenter,Bank_Transfer,21,1,1,0,30-40,28.166666666666668,0.0,0.0,0.0,-1,-1,0.0,0.0,0.0,0.0,0.0,0.0,0,0,0.0,0.0,0,0,0.0,0.0,0,0,0.0,0.0,0,0,0.0,0
LGS2ORD0002637,C013344,2025-01-21 21:00:00,Female,56,Silver,Web,Remote_Area,1197,TV_Show,COD,21,1,1,0,>50,39.9,1.0,0.0,0.0,-1,18,366.48,0.05,0.0,0.0,0.0,0.0,0,0,0.0,366.48,1,0,0.0,366.48,1,0,0.0,366.48,1,0,0.0,1
LGS2ORD0002638,C013457,2025-01-21 21:00:00,Female,52,Silver,Lazada,Phuket,504,TV_Show,COD,21,1,1,0,>50,16.8,0.0,0.0,0.0,-1,-1,0.0,0.0,0.0,0.0,0.0,0.0,0,0,0.0,0.0,0,0,0.0,0.0,0,0,0.0,0.0,0,0,0.0,1
LGS2ORD0002639,C010726,2025-01-21 21:00:00,Female,33,Silver,TV,Nakhon Ratchasima,1388,TV_Show,Credit_Card,21,1,1,0,30-40,46.266666666666666,0.0,0.0,0.0,-1,-1,0.0,0.0,0.0,0.0,0.0,0.0,0,0,0.0,0.0,0,0,0.0,0.0,0,0,0.0,0.0,0,0,0.0,0
LGS2ORD0002640,C017051,2025-01-21 22:00:00,Male,54,Bronze,Lazada,Nakhon Ratchasima,1216,CallCenter,PromptPay,22,1,1,0,>50,40.53333333333333,0.0,0.0,0.0,-1,-1,0.0,0.0,0.0,0.0,0.0,0.0,0,0,0.0,0.0,0,0,0.0,0.0,0,0,0.0,0.0,0,0,0.0,1
LGS2ORD0002641,C011700,2025-01-21 22:00:00,Female,30,Bronze,Lazada,Bangkok,1264,TV_Show,Credit_Card,22,1,1,0,20-30,42.13333333333333,0.0,0.0,0.0,-1,-1,0.0,0.0,0.0,0.0,0.0,0.0,0,0,0.0,0.0,0,0,0.0,0.0,0,0,0.0,0.0,0,0,0.0,0
LGS2ORD0002642,C014670,2025-01-21 22:00:00,Male,29,Silver,CallCenter,Chiang Mai,676,Web,COD,22,1,1,0,20-30,22.533333333333335,0.0,0.0,0.0,-1,-1,0.0,0.0,0.0,0.0,0.0,0.0,0,0,0.0,0.0,0,0,0.0,0.0,0,0,0.0,0.0,0,0,0.0,0
LGS2ORD0002643,C015828,2025-01-21 22:00:00,Male,42,Bronze,TV,Khon Kaen,1253,Lazada,COD,22,1,1,0,40-50,41.766666666666666,1.0,1.0,1.0,-6,6,1134.59,0.28,1.0,1.0,0.0,1134.59,1,1,1.0,1134.59,1,1,1.0,1134.59,1,1,1.0,1134.59,1,1,1.0,1
LGS2ORD0002644,C010567,2025-01-21 22:00:00,Male,68,Bronze,TV,Phuket,327,CallCenter,COD,22,1,1,0,>50,10.9,0.0,0.0,0.0,-1,-1,0.0,0.0,0.0,0.0,0.0,0.0,0,0,0.0,0.0,0,0,0.0,0.0,0,0,0.0,0.0,0,0,0.0,0
LGS2ORD0002645,C016867,2025-01-21 23:00:00,Female,50,Silver,TV,Bangkok,1385,TV_Show,COD,23,1,1,0,40-50,46.166666666666664,0.0,0.0,0.0,-1,-1,0.0,0.0,0.0,0.0,0.0,0.0,0,0,0.0,0.0,0,0,0.0,0.0,0,0,0.0,0.0,0,0,0.0,0
LGS2ORD0002646,C015598,2025-01-21 23:00:00,Male,34,Bronze,Shopee,Bangkok,830,Lazada,COD,23,1,1,0,30-40,27.666666666666668,0.0,0.0,0.0,-1,-1,0.0,0.0,0.0,0.0,0.0,0.0,0,0,0.0,0.0,0,0,0.0,0.0,0,0,0.0,0.0,0,0,0.0,0
LGS2ORD0002647,C016913,2025-01-21 23:00:00,Male,58,Bronze,Web,Bangkok,143,Lazada,Credit_Card,23,1,1,0,>50,4.766666666666667,0.0,0.0,0.0,-1,-1,0.0,0.0,0.0,0.0,0.0,0.0,0,0,0.0,0.0,0,0,0.0,0.0,0,0,0.0,0.0,0,0,0.0,0
LGS2ORD0002648,C011238,2025-01-21 23:00:00,Male,45,Bronze,TV,Songkhla,295,Lazada,PromptPay,23,1,1,0,40-50,9.833333333333334,0.0,0.0,0.0,-1,-1,0.0,0.0,0.0,0.0,0.0,0.0,0,0,0.0,0.0,0,0,0.0,0.0,0,0,0.0,0.0,0,0,0.0,1
LGS2ORD0002649,C010603,2025-01-21 23:00:00,Female,38,Bronze,CallCenter,Bangkok,932,Lazada,COD,23,1,1,0,30-40,31.066666666666666,0.0,0.0,0.0,-1,-1,0.0,0.0,0.0,0.0,0.0,0.0,0,0,0.0,0.0,0,0,0.0,0.0,0,0,0.0,0.0,0,0,0.0,0
LGS2ORD0002650,C016845,2025-01-21 23:00:00,Female,44,Bronze,TV,Nakhon Ratchasima,850,CallCenter,COD,23,1,1,0,40-50,28.333333333333332,1.0,1.0,1.0,5,20,390.29,0.03,1.0,0.0,0.0,0.0,0,0,0.0,390.29,1,1,1.0,390.29,1,1,1.0,390.29,1,1,1.0,0
LGS2ORD0002651,C010137,2025-01-22 00:00:00,Female,43,Gold,Lazada,Chiang Mai,673,Web,COD,0,1,2,0,40-50,22.433333333333334,0.0,0.0,0.0,-1,-1,0.0,0.0,0.0,0.0,0.0,0.0,0,0,0.0,0.0,0,0,0.0,0.0,0,0,0.0,0.0,0,0,0.0,0
LGS2ORD0002652,C011439,2025-01-22 00:00:00,Female,45,Silver,TV,Bangkok,1218,Lazada,COD,0,1,2,0,40-50,40.6,0.0,0.0,0.0,-1,-1,0.0,0.0,0.0,0.0,0.0,0.0,0,0,0.0,0.0,0,0,0.0,0.0,0,0,0.0,0.0,0,0,0.0,1
LGS2ORD0002653,C011569,2025-01-22 00:00:00,Male,34,Bronze,TV,Remote_Area,548,Shopee,COD,0,1,2,0,30-40,18.266666666666666,0.0,0.0,0.0,-1,-1,0.0,0.0,0.0,0.0,0.0,0.0,0,0,0.0,0.0,0,0,0.0,0.0,0,0,0.0,0.0,0,0,0.0,1
LGS2ORD0002654,C012557,2025-01-22 00:00:00,Male,48,Silver,TV,Chonburi,1223,Web,Credit_Card,0,1,2,0,40-50,40.766666666666666,0.0,0.0,0.0,-1,-1,0.0,0.0,0.0,0.0,0.0,0.0,0,0,0.0,0.0,0,0,0.0,0.0,0,0,0.0,0.0,0,0,0.0,0
LGS2ORD0002655,C012226,2025-01-22 00:00:00,Male,41,Bronze,Web,Songkhla,1460,CallCenter,COD,0,1,2,0,40-50,48.666666666666664,0.0,0.0,0.0,-1,-1,0.0,0.0,0.0,0.0,0.0,0.0,0,0,0.0,0.0,0,0,0.0,0.0,0,0,0.0,0.0,0,0,0.0,0
LGS2ORD0002656,C015984,2025-01-22 01:00:00,Male,50,Silver,Shopee,Bangkok,1427,Shopee,PromptPay,1,1,2,0,40-50,47.56666666666667,0.0,0.0,0.0,-1,-1,0.0,0.0,0.0,0.0,0.0,0.0,0,0,0.0,0.0,0,0,0.0,0.0,0,0,0.0,0.0,0,0,0.0,0
LGS2ORD0002657,C010335,2025-01-22 01:00:00,Female,37,Bronze,Shopee,Phuket,414,Lazada,COD,1,1,2,0,30-40,13.8,1.0,1.0,1.0,-4,5,1428.4,0.18,1.0,0.0,0.0,1428.4,1,1,1.0,1428.4,1,1,1.0,1428.4,1,1,1.0,1428.4,1,1,1.0,0
LGS2ORD0002658,C010934,2025-01-22 01:00:00,Male,41,Platinum,TV,Chonburi,229,TV_Show,PromptPay,1,1,2,0,40-50,7.633333333333334,0.0,0.0,0.0,-1,-1,0.0,0.0,0.0,0.0,0.0,0.0,0,0,0.0,0.0,0,0,0.0,0.0,0,0,0.0,0.0,0,0,0.0,0
LGS2ORD0002659,C014105,2025-01-22 01:00:00,Female,52,Silver,TV,Bangkok,852,CallCenter,Credit_Card,1,1,2,0,>50,28.4,0.0,0.0,0.0,-1,-1,0.0,0.0,0.0,0.0,0.0,0.0,0,0,0.0,0.0,0,0,0.0,0.0,0,0,0.0,0.0,0,0,0.0,0
LGS2ORD0002660,C017340,2025-01-22 01:00:00,Female,44,Bronze,TV,Remote_Area,540,Lazada,COD,1,1,2,0,40-50,18.0,1.0,0.0,0.0,-1,2,3779.0,0.03,0.0,0.0,0.0,3779.0,1,0,0.0,3779.0,1,0,0.0,3779.0,1,0,0.0,3779.0,1,0,0.0,0
LGS2ORD0002661,C010286,2025-01-22 02:00:00,Male,57,Silver,Lazada,Nakhon Ratchasima,356,CallCenter,COD,2,1,2,0,>50,11.866666666666667,2.0,0.0,0.0,-1,12,4775.03,0.25,0.0,0.5,0.0,0.0,0,0,0.0,9550.06,2,0,0.0,9550.06,2,0,0.0,9550.06,2,0,0.0,0
LGS2ORD0002662,C015162,2025-01-22 02:00:00,Female,47,Bronze,Web,Nakhon Ratchasima,493,Web,COD,2,1,2,0,40-50,16.433333333333334,0.0,0.0,0.0,-1,-1,0.0,0.0,0.0,0.0,0.0,0.0,0,0,0.0,0.0,0,0,0.0,0.0,0,0,0.0,0.0,0,0,0.0,0
LGS2ORD0002663,C015317,2025-01-22 02:00:00,Female,56,Bronze,TV,Songkhla,225,Web,COD,2,1,2,0,>50,7.5,0.0,0.0,0.0,-1,-1,0.0,0.0,0.0,0.0,0.0,0.0,0,0,0.0,0.0,0,0,0.0,0.0,0,0,0.0,0.0,0,0,0.0,0
LGS2ORD0002664,C015941,2025-01-22 02:00:00,Female,46,Bronze,Lazada,Songkhla,277,Web,COD,2,1,2,0,40-50,9.233333333333333,1.0,0.0,0.0,-1,13,2878.44,0.08,0.0,0.0,0.0,0.0,0,0,0.0,2878.44,1,0,0.0,2878.44,1,0,0.0,2878.44,1,0,0.0,1
LGS2ORD0002665,C011231,2025-01-22 02:00:00,Female,49,Platinum,TV,Khon Kaen,1403,TV_Show,COD,2,1,2,0,40-50,46.766666666666666,1.0,0.0,0.0,-1,1,1801.85,0.25,1.0,1.0,0.0,1801.85,1,0,0.0,1801.85,1,0,0.0,1801.85,1,0,0.0,1801.85,1,0,0.0,0
LGS2ORD0002666,C011430,2025-01-22 03:00:00,Female,45,Silver,Lazada,Chiang Mai,1284,Web,Bank_Transfer,3,1,2,0,40-50,42.8,0.0,0.0,0.0,-1,-1,0.0,0.0,0.0,0.0,0.0,0.0,0,0,0.0,0.0,0,0,0.0,0.0,0,0,0.0,0.0,0,0,0.0,0
LGS2ORD0002667,C012178,2025-01-22 03:00:00,Female,33,Silver,Web,Chonburi,1388,TV_Show,Credit_Card,3,1,2,0,30-40,46.266666666666666,1.0,0.0,0.0,-1,10,384.2,0.05,1.0,0.0,0.0,0.0,0,0,0.0,384.2,1,0,0.0,384.2,1,0,0.0,384.2,1,0,0.0,0
LGS2ORD0002668,C016518,2025-01-22 03:00:00,Female,30,Bronze,TV,Phuket,992,Web,PromptPay,3,1,2,0,20-30,33.06666666666667,0.0,0.0,0.0,-1,-1,0.0,0.0,0.0,0.0,0.0,0.0,0,0,0.0,0.0,0,0,0.0,0.0,0,0,0.0,0.0,0,0,0.0,1
LGS2ORD0002669,C010579,2025-01-22 03:00:00,Male,42,Bronze,TV,Bangkok,230,TV_Show,Bank_Transfer,3,1,2,0,40-50,7.666666666666667,0.0,0.0,0.0,-1,-1,0.0,0.0,0.0,0.0,0.0,0.0,0,0,0.0,0.0,0,0,0.0,0.0,0,0,0.0,0.0,0,0,0.0,1
LGS2ORD0002670,C012179,2025-01-22 03:00:00,Male,36,Silver,Shopee,Bangkok,85,Web,COD,3,1,2,0,30-40,2.8333333333333335,0.0,0.0,0.0,-1,-1,0.0,0.0,0.0,0.0,0.0,0.0,0,0,0.0,0.0,0,0,0.0,0.0,0,0,0.0,0.0,0,0,0.0,0
LGS2ORD0002671,C017651,2025-01-22 03:00:00,Female,53,Bronze,TV,Bangkok,1246,Web,COD,3,1,2,0,>50,41.53333333333333,0.0,0.0,0.0,-1,-1,0.0,0.0,0.0,0.0,0.0,0.0,0,0,0.0,0.0,0,0,0.0,0.0,0,0,0.0,0.0,0,0,0.0,0
LGS2ORD0002672,C015282,2025-01-22 04:00:00,Male,31,Silver,CallCenter,Bangkok,273,Shopee,PromptPay,4,1,2,0,30-40,9.1,0.0,0.0,0.0,-1,-1,0.0,0.0,0.0,0.0,0.0,0.0,0,0,0.0,0.0,0,0,0.0,0.0,0,0,0.0,0.0,0,0,0.0,0
LGS2ORD0002673,C011005,2025-01-22 04:00:00,Male,30,Bronze,Web,Nakhon Ratchasima,1476,CallCenter,COD,4,1,2,0,20-30,49.2,1.0,1.0,1.0,11,19,1872.46,0.18,1.0,0.0,0.0,0.0,0,0,0.0,1872.46,1,1,1.0,1872.46,1,1,1.0,1872.46,1,1,1.0,1
LGS2ORD0002674,C013529,2025-01-22 04:00:00,Male,29,Bronze,CallCenter,Bangkok,754,CallCenter,COD,4,1,2,0,20-30,25.133333333333333,0.0,0.0,0.0,-1,-1,0.0,0.0,0.0,0.0,0.0,0.0,0,0,0.0,0.0,0,0,0.0,0.0,0,0,0.0,0.0,0,0,0.0,0
LGS2ORD0002675,C017035,2025-01-22 04:00:00,Male,52,Bronze,Web,Bangkok,294,Shopee,Credit_Card,4,1,2,0,>50,9.8,0.0,0.0,0.0,-1,-1,0.0,0.0,0.0,0.0,0.0,0.0,0,0,0.0,0.0,0,0,0.0,0.0,0,0,0.0,0.0,0,0,0.0,0
LGS2ORD0002676,C013949,2025-01-22 04:00:00,Male,48,Platinum,Lazada,Bangkok,241,TV_Show,Credit_Card,4,1,2,0,40-50,8.033333333333333,0.0,0.0,0.0,-1,-1,0.0,0.0,0.0,0.0,0.0,0.0,0,0,0.0,0.0,0,0,0.0,0.0,0,0,0.0,0.0,0,0,0.0,0
LGS2ORD0002677,C016634,2025-01-22 05:00:00,Male,52,Silver,Shopee,Chiang Mai,585,Shopee,COD,5,1,2,0,>50,19.5,1.0,0.0,0.0,-1,14,2918.33,0.05,0.0,0.0,0.0,0.0,0,0,0.0,2918.33,1,0,0.0,2918.33,1,0,0.0,2918.33,1,0,0.0,1
LGS2ORD0002678,C011131,2025-01-22 05:00:00,Female,42,Bronze,TV,Remote_Area,1238,CallCenter,COD,5,1,2,0,40-50,41.266666666666666,0.0,0.0,0.0,-1,-1,0.0,0.0,0.0,0.0,0.0,0.0,0,0,0.0,0.0,0,0,0.0,0.0,0,0,0.0,0.0,0,0,0.0,0
LGS2ORD0002679,C014207,2025-01-22 05:00:00,Male,28,Bronze,Lazada,Bangkok,823,CallCenter,COD,5,1,2,0,20-30,27.433333333333334,1.0,0.0,0.0,-1,15,6922.71,0.03,1.0,0.0,0.0,0.0,0,0,0.0,6922.71,1,0,0.0,6922.71,1,0,0.0,6922.71,1,0,0.0,1
LGS2ORD0002680,C013955,2025-01-22 05:00:00,Male,34,Silver,TV,Chiang Mai,1056,Web,Credit_Card,5,1,2,0,30-40,35.2,0.0,0.0,0.0,-1,-1,0.0,0.0,0.0,0.0,0.0,0.0,0,0,0.0,0.0,0,0,0.0,0.0,0,0,0.0,0.0,0,0,0.0,1
LGS2ORD0002681,C012928,2025-01-22 05:00:00,Female,67,Gold,TV,Bangkok,310,Web,COD,5,1,2,0,>50,10.333333333333334,2.0,1.0,0.5,-7,4,11608.425,0.2299999999999999,0.5,0.5,0.0,21467.76,1,1,1.0,23216.85,2,1,0.5,23216.85,2,1,0.5,23216.85,2,1,0.5,0
LGS2ORD0002682,C016858,2025-01-22 06:00:00,Male,40,Bronze,TV,Songkhla,407,TV_Show,Bank_Transfer,6,1,2,0,30-40,13.566666666666666,0.0,0.0,0.0,-1,-1,0.0,0.0,0.0,0.0,0.0,0.0,0,0,0.0,0.0,0,0,0.0,0.0,0,0,0.0,0.0,0,0,0.0,0
LGS2ORD0002683,C013019,2025-01-22 06:00:00,Female,34,Bronze,TV,Chiang Mai,182,TV_Show,Bank_Transfer,6,1,2,0,30-40,6.066666666666666,1.0,1.0,1.0,-1,13,4928.39,0.03,1.0,0.0,0.0,0.0,0,0,0.0,4928.39,1,1,1.0,4928.39,1,1,1.0,4928.39,1,1,1.0,0
LGS2ORD0002684,C017204,2025-01-22 06:00:00,Female,45,Bronze,Lazada,Chonburi,316,TV_Show,COD,6,1,2,0,40-50,10.533333333333333,1.0,0.0,0.0,-1,16,5674.01,0.18,0.0,0.0,0.0,0.0,0,0,0.0,5674.01,1,0,0.0,5674.01,1,0,0.0,5674.01,1,0,0.0,1
LGS2ORD0002685,C011098,2025-01-22 06:00:00,Female,41,Bronze,Web,Remote_Area,1461,Lazada,Credit_Card,6,1,2,0,40-50,48.7,0.0,0.0,0.0,-1,-1,0.0,0.0,0.0,0.0,0.0,0.0,0,0,0.0,0.0,0,0,0.0,0.0,0,0,0.0,0.0,0,0,0.0,0
LGS2ORD0002686,C015456,2025-01-22 06:00:00,Female,47,Bronze,TV,Songkhla,204,CallCenter,Credit_Card,6,1,2,0,40-50,6.8,0.0,0.0,0.0,-1,-1,0.0,0.0,0.0,0.0,0.0,0.0,0,0,0.0,0.0,0,0,0.0,0.0,0,0,0.0,0.0,0,0,0.0,0
LGS2ORD0002687,C014574,2025-01-22 07:00:00,Female,22,Silver,TV,Bangkok,1134,Web,Credit_Card,7,1,2,0,20-30,37.8,0.0,0.0,0.0,-1,-1,0.0,0.0,0.0,0.0,0.0,0.0,0,0,0.0,0.0,0,0,0.0,0.0,0,0,0.0,0.0,0,0,0.0,0
LGS2ORD0002688,C012398,2025-01-22 07:00:00,Female,40,Bronze,Lazada,Songkhla,159,TV_Show,Credit_Card,7,1,2,0,30-40,5.3,0.0,0.0,0.0,-1,-1,0.0,0.0,0.0,0.0,0.0,0.0,0,0,0.0,0.0,0,0,0.0,0.0,0,0,0.0,0.0,0,0,0.0,0
LGS2ORD0002689,C012097,2025-01-22 07:00:00,Female,49,Gold,TV,Chiang Mai,1216,TV_Show,COD,7,1,2,0,40-50,40.53333333333333,0.0,0.0,0.0,-1,-1,0.0,0.0,0.0,0.0,0.0,0.0,0,0,0.0,0.0,0,0,0.0,0.0,0,0,0.0,0.0,0,0,0.0,0
LGS2ORD0002690,C012014,2025-01-22 07:00:00,Male,35,Gold,Web,Bangkok,1107,Shopee,PromptPay,7,1,2,0,30-40,36.9,0.0,0.0,0.0,-1,-1,0.0,0.0,0.0,0.0,0.0,0.0,0,0,0.0,0.0,0,0,0.0,0.0,0,0,0.0,0.0,0,0,0.0,0
LGS2ORD0002691,C017360,2025-01-22 07:00:00,Female,38,Bronze,Shopee,Khon Kaen,258,Shopee,COD,7,1,2,0,30-40,8.6,2.0,0.0,0.0,-1,2,784.8499999999999,0.03,0.0,0.0,0.0,645.77,1,0,0.0,1569.6999999999998,2,0,0.0,1569.6999999999998,2,0,0.0,1569.6999999999998,2,0,0.0,0
LGS2ORD0002692,C011515,2025-01-22 07:00:00,Male,37,Silver,CallCenter,Nakhon Ratchasima,256,CallCenter,PromptPay,7,1,2,0,30-40,8.533333333333333,0.0,0.0,0.0,-1,-1,0.0,0.0,0.0,0.0,0.0,0.0,0,0,0.0,0.0,0,0,0.0,0.0,0,0,0.0,0.0,0,0,0.0,0
LGS2ORD0002693,C010731,2025-01-22 08:00:00,Female,30,Silver,TV,Khon Kaen,401,TV_Show,COD,8,1,2,0,20-30,13.366666666666667,0.0,0.0,0.0,-1,-1,0.0,0.0,0.0,0.0,0.0,0.0,0,0,0.0,0.0,0,0,0.0,0.0,0,0,0.0,0.0,0,0,0.0,1
LGS2ORD0002694,C010668,2025-01-22 08:00:00,Female,53,Gold,Web,Bangkok,254,TV_Show,Credit_Card,8,1,2,0,>50,8.466666666666667,1.0,1.0,1.0,8,13,1879.63,0.2299999999999999,1.0,1.0,0.0,0.0,0,0,0.0,1879.63,1,1,1.0,1879.63,1,1,1.0,1879.63,1,1,1.0,0
LGS2ORD0002695,C013178,2025-01-22 08:00:00,Female,37,Silver,CallCenter,Remote_Area,85,TV_Show,Credit_Card,8,1,2,0,30-40,2.8333333333333335,0.0,0.0,0.0,-1,-1,0.0,0.0,0.0,0.0,0.0,0.0,0,0,0.0,0.0,0,0,0.0,0.0,0,0,0.0,0.0,0,0,0.0,0
LGS2ORD0002696,C013224,2025-01-22 08:00:00,Male,37,Bronze,Web,Bangkok,813,Lazada,COD,8,1,2,0,30-40,27.1,0.0,0.0,0.0,-1,-1,0.0,0.0,0.0,0.0,0.0,0.0,0,0,0.0,0.0,0,0,0.0,0.0,0,0,0.0,0.0,0,0,0.0,0
LGS2ORD0002697,C017548,2025-01-22 08:00:00,Female,47,Gold,Shopee,Bangkok,690,TV_Show,PromptPay,8,1,2,0,40-50,23.0,0.0,0.0,0.0,-1,-1,0.0,0.0,0.0,0.0,0.0,0.0,0,0,0.0,0.0,0,0,0.0,0.0,0,0,0.0,0.0,0,0,0.0,0
LGS2ORD0002698,C015552,2025-01-22 09:00:00,Female,44,Gold,Shopee,Remote_Area,504,CallCenter,Credit_Card,9,1,2,0,40-50,16.8,1.0,0.0,0.0,-1,13,2031.66,0.08,0.0,0.0,0.0,0.0,0,0,0.0,2031.66,1,0,0.0,2031.66,1,0,0.0,2031.66,1,0,0.0,0
LGS2ORD0002699,C014012,2025-01-22 09:00:00,Female,67,Bronze,CallCenter,Remote_Area,523,Shopee,Credit_Card,9,1,2,0,>50,17.433333333333334,0.0,0.0,0.0,-1,-1,0.0,0.0,0.0,0.0,0.0,0.0,0,0,0.0,0.0,0,0,0.0,0.0,0,0,0.0,0.0,0,0,0.0,0
LGS2ORD0002700,C014417,2025-01-22 09:00:00,Male,54,Silver,Shopee,Chonburi,1158,TV_Show,PromptPay,9,1,2,0,>50,38.6,0.0,0.0,0.0,-1,-1,0.0,0.0,0.0,0.0,0.0,0.0,0,0,0.0,0.0,0,0,0.0,0.0,0,0,0.0,0.0,0,0,0.0,0
LGS2ORD0002701,C017134,2025-01-22 09:00:00,Female,51,Silver,TV,Khon Kaen,1457,TV_Show,COD,9,1,2,0,>50,48.56666666666667,0.0,0.0,0.0,-1,-1,0.0,0.0,0.0,0.0,0.0,0.0,0,0,0.0,0.0,0,0,0.0,0.0,0,0,0.0,0.0,0,0,0.0,0
LGS2ORD0002702,C016333,2025-01-22 09:00:00,Female,21,Gold,Shopee,Chiang Mai,932,TV_Show,COD,9,1,2,0,20-30,31.066666666666666,0.0,0.0,0.0,-1,-1,0.0,0.0,0.0,0.0,0.0,0.0,0,0,0.0,0.0,0,0,0.0,0.0,0,0,0.0,0.0,0,0,0.0,1
LGS2ORD0002703,C013364,2025-01-22 10:00:00,Male,29,Silver,TV,Phuket,366,TV_Show,Bank_Transfer,10,1,2,0,20-30,12.2,1.0,0.0,0.0,-1,7,391.73,0.2,0.0,0.0,0.0,0.0,0,0,0.0,391.73,1,0,0.0,391.73,1,0,0.0,391.73,1,0,0.0,1
LGS2ORD0002704,C010860,2025-01-22 10:00:00,Female,59,Bronze,TV,Phuket,1269,Shopee,Bank_Transfer,10,1,2,0,>50,42.3,0.0,0.0,0.0,-1,-1,0.0,0.0,0.0,0.0,0.0,0.0,0,0,0.0,0.0,0,0,0.0,0.0,0,0,0.0,0.0,0,0,0.0,1
LGS2ORD0002705,C010478,2025-01-22 10:00:00,Other,44,Gold,Lazada,Khon Kaen,638,Lazada,PromptPay,10,1,2,0,40-50,21.266666666666666,0.0,0.0,0.0,-1,-1,0.0,0.0,0.0,0.0,0.0,0.0,0,0,0.0,0.0,0,0,0.0,0.0,0,0,0.0,0.0,0,0,0.0,0
LGS2ORD0002706,C011981,2025-01-22 10:00:00,Male,59,Bronze,Web,Remote_Area,1055,Shopee,COD,10,1,2,0,>50,35.166666666666664,2.0,1.0,0.5,1,8,2770.51,0.03,0.0,0.0,0.0,0.0,0,0,0.0,5541.02,2,1,0.5,5541.02,2,1,0.5,5541.02,2,1,0.5,0
LGS2ORD0002707,C012952,2025-01-22 10:00:00,Male,46,Silver,Lazada,Khon Kaen,95,TV_Show,PromptPay,10,1,2,0,40-50,3.1666666666666665,0.0,0.0,0.0,-1,-1,0.0,0.0,0.0,0.0,0.0,0.0,0,0,0.0,0.0,0,0,0.0,0.0,0,0,0.0,0.0,0,0,0.0,0
LGS2ORD0002708,C017345,2025-01-22 11:00:00,Male,47,Bronze,Lazada,Nakhon Ratchasima,940,Shopee,COD,11,1,2,0,40-50,31.333333333333332,0.0,0.0,0.0,-1,-1,0.0,0.0,0.0,0.0,0.0,0.0,0,0,0.0,0.0,0,0,0.0,0.0,0,0,0.0,0.0,0,0,0.0,0
LGS2ORD0002709,C016378,2025-01-22 11:00:00,Male,35,Bronze,TV,Phuket,1282,TV_Show,COD,11,1,2,0,30-40,42.733333333333334,0.0,0.0,0.0,-1,-1,0.0,0.0,0.0,0.0,0.0,0.0,0,0,0.0,0.0,0,0,0.0,0.0,0,0,0.0,0.0,0,0,0.0,1
LGS2ORD0002710,C014485,2025-01-22 11:00:00,Female,44,Bronze,TV,Khon Kaen,565,Shopee,COD,11,1,2,0,40-50,18.833333333333332,1.0,0.0,0.0,-1,11,773.09,0.23,1.0,1.0,0.0,0.0,0,0,0.0,773.09,1,0,0.0,773.09,1,0,0.0,773.09,1,0,0.0,0
LGS2ORD0002711,C010553,2025-01-22 11:00:00,Female,62,Bronze,Shopee,Bangkok,1089,TV_Show,PromptPay,11,1,2,0,>50,36.3,2.0,1.0,0.5,0,5,6344.34,0.18,0.5,0.0,0.0,8322.55,1,0,0.0,12688.68,2,1,0.5,12688.68,2,1,0.5,12688.68,2,1,0.5,0
LGS2ORD0002712,C016812,2025-01-22 11:00:00,Male,63,Bronze,Web,Chiang Mai,608,Web,COD,11,1,2,0,>50,20.266666666666666,1.0,1.0,1.0,15,21,1710.86,0.08,0.0,0.0,0.0,0.0,0,0,0.0,1710.86,1,1,1.0,1710.86,1,1,1.0,1710.86,1,1,1.0,0
LGS2ORD0002713,C015828,2025-01-22 11:00:00,Male,42,Bronze,TV,Khon Kaen,1254,Shopee,COD,11,1,2,0,40-50,41.8,2.0,2.0,1.0,-7,0,2233.115,0.28,1.0,1.0,0.0,4466.23,2,2,1.0,4466.23,2,2,1.0,4466.23,2,2,1.0,4466.23,2,2,1.0,1
LGS2ORD0002714,C016996,2025-01-22 12:00:00,Female,51,Silver,Lazada,Chiang Mai,402,Web,Credit_Card,12,1,2,0,>50,13.4,0.0,0.0,0.0,-1,-1,0.0,0.0,0.0,0.0,0.0,0.0,0,0,0.0,0.0,0,0,0.0,0.0,0,0,0.0,0.0,0,0,0.0,0
LGS2ORD0002715,C014027,2025-01-22 12:00:00,Male,41,Gold,Web,Bangkok,427,Shopee,COD,12,1,2,0,40-50,14.233333333333333,0.0,0.0,0.0,-1,-1,0.0,0.0,0.0,0.0,0.0,0.0,0,0,0.0,0.0,0,0,0.0,0.0,0,0,0.0,0.0,0,0,0.0,0
LGS2ORD0002716,C011530,2025-01-22 12:00:00,Male,40,Silver,Web,Bangkok,605,TV_Show,PromptPay,12,1,2,0,30-40,20.166666666666668,0.0,0.0,0.0,-1,-1,0.0,0.0,0.0,0.0,0.0,0.0,0,0,0.0,0.0,0,0,0.0,0.0,0,0,0.0,0.0,0,0,0.0,0
LGS2ORD0002717,C012853,2025-01-22 12:00:00,Other,32,Platinum,Web,Bangkok,728,Shopee,COD,12,1,2,0,30-40,24.266666666666666,0.0,0.0,0.0,-1,-1,0.0,0.0,0.0,0.0,0.0,0.0,0,0,0.0,0.0,0,0,0.0,0.0,0,0,0.0,0.0,0,0,0.0,0
LGS2ORD0002718,C017548,2025-01-22 12:00:00,Female,47,Gold,Shopee,Bangkok,690,Shopee,PromptPay,12,1,2,0,40-50,23.0,1.0,0.0,0.0,-1,0,173.17,0.08,0.0,0.0,0.0,173.17,1,0,0.0,173.17,1,0,0.0,173.17,1,0,0.0,173.17,1,0,0.0,0
LGS2ORD0002719,C010594,2025-01-22 13:00:00,Male,24,Silver,Lazada,Chonburi,1264,Lazada,Credit_Card,13,1,2,0,20-30,42.13333333333333,0.0,0.0,0.0,-1,-1,0.0,0.0,0.0,0.0,0.0,0.0,0,0,0.0,0.0,0,0,0.0,0.0,0,0,0.0,0.0,0,0,0.0,0
LGS2ORD0002720,C014124,2025-01-22 13:00:00,Female,45,Bronze,Shopee,Remote_Area,1146,CallCenter,Credit_Card,13,1,2,0,40-50,38.2,0.0,0.0,0.0,-1,-1,0.0,0.0,0.0,0.0,0.0,0.0,0,0,0.0,0.0,0,0,0.0,0.0,0,0,0.0,0.0,0,0,0.0,0
LGS2ORD0002721,C014833,2025-01-22 13:00:00,Female,32,Silver,CallCenter,Chiang Mai,1317,TV_Show,Credit_Card,13,1,2,0,30-40,43.9,0.0,0.0,0.0,-1,-1,0.0,0.0,0.0,0.0,0.0,0.0,0,0,0.0,0.0,0,0,0.0,0.0,0,0,0.0,0.0,0,0,0.0,0
LGS2ORD0002722,C015011,2025-01-22 13:00:00,Female,34,Gold,Shopee,Khon Kaen,336,Shopee,COD,13,1,2,0,30-40,11.2,1.0,0.0,0.0,-1,6,2705.45,0.08,0.0,0.0,0.0,2705.45,1,0,0.0,2705.45,1,0,0.0,2705.45,1,0,0.0,2705.45,1,0,0.0,0
LGS2ORD0002723,C017917,2025-01-22 13:00:00,Male,46,Gold,TV,Khon Kaen,408,Shopee,PromptPay,13,1,2,0,40-50,13.6,0.0,0.0,0.0,-1,-1,0.0,0.0,0.0,0.0,0.0,0.0,0,0,0.0,0.0,0,0,0.0,0.0,0,0,0.0,0.0,0,0,0.0,0
LGS2ORD0002724,C012190,2025-01-22 14:00:00,Male,42,Silver,Lazada,Chonburi,997,TV_Show,Credit_Card,14,1,2,0,40-50,33.233333333333334,1.0,0.0,0.0,-1,11,2683.96,0.15,1.0,0.0,0.0,0.0,0,0,0.0,2683.96,1,0,0.0,2683.96,1,0,0.0,2683.96,1,0,0.0,0
LGS2ORD0002725,C010680,2025-01-22 14:00:00,Male,47,Bronze,Lazada,Nakhon Ratchasima,305,TV_Show,Bank_Transfer,14,1,2,0,40-50,10.166666666666666,0.0,0.0,0.0,-1,-1,0.0,0.0,0.0,0.0,0.0,0.0,0,0,0.0,0.0,0,0,0.0,0.0,0,0,0.0,0.0,0,0,0.0,0
LGS2ORD0002726,C017877,2025-01-22 14:00:00,Male,39,Bronze,Shopee,Phuket,614,Web,COD,14,1,2,0,30-40,20.466666666666665,0.0,0.0,0.0,-1,-1,0.0,0.0,0.0,0.0,0.0,0.0,0,0,0.0,0.0,0,0,0.0,0.0,0,0,0.0,0.0,0,0,0.0,0
LGS2ORD0002727,C014221,2025-01-22 14:00:00,Female,36,Bronze,Web,Bangkok,97,Shopee,PromptPay,14,1,2,0,30-40,3.2333333333333334,0.0,0.0,0.0,-1,-1,0.0,0.0,0.0,0.0,0.0,0.0,0,0,0.0,0.0,0,0,0.0,0.0,0,0,0.0,0.0,0,0,0.0,0
LGS2ORD0002728,C013851,2025-01-22 14:00:00,Male,42,Bronze,TV,Chiang Mai,642,Lazada,Credit_Card,14,1,2,0,40-50,21.4,0.0,0.0,0.0,-1,-1,0.0,0.0,0.0,0.0,0.0,0.0,0,0,0.0,0.0,0,0,0.0,0.0,0,0,0.0,0.0,0,0,0.0,0
LGS2ORD0002729,C011437,2025-01-22 14:00:00,Female,33,Silver,Web,Songkhla,1165,TV_Show,Credit_Card,14,1,2,0,30-40,38.833333333333336,0.0,0.0,0.0,-1,-1,0.0,0.0,0.0,0.0,0.0,0.0,0,0,0.0,0.0,0,0,0.0,0.0,0,0,0.0,0.0,0,0,0.0,1
LGS2ORD0002730,C015397,2025-01-22 15:00:00,Other,37,Silver,Shopee,Khon Kaen,1386,TV_Show,PromptPay,15,1,2,0,30-40,46.2,0.0,0.0,0.0,-1,-1,0.0,0.0,0.0,0.0,0.0,0.0,0,0,0.0,0.0,0,0,0.0,0.0,0,0,0.0,0.0,0,0,0.0,0
LGS2ORD0002731,C012480,2025-01-22 15:00:00,Male,39,Silver,CallCenter,Bangkok,1424,Shopee,COD,15,1,2,0,30-40,47.46666666666667,0.0,0.0,0.0,-1,-1,0.0,0.0,0.0,0.0,0.0,0.0,0,0,0.0,0.0,0,0,0.0,0.0,0,0,0.0,0.0,0,0,0.0,0
LGS2ORD0002732,C011452,2025-01-22 15:00:00,Male,49,Platinum,Shopee,Nakhon Ratchasima,449,Shopee,Bank_Transfer,15,1,2,0,40-50,14.966666666666667,0.0,0.0,0.0,-1,-1,0.0,0.0,0.0,0.0,0.0,0.0,0,0,0.0,0.0,0,0,0.0,0.0,0,0,0.0,0.0,0,0,0.0,0
LGS2ORD0002733,C017080,2025-01-22 15:00:00,Other,40,Gold,Shopee,Remote_Area,76,Web,Credit_Card,15,1,2,0,30-40,2.533333333333333,0.0,0.0,0.0,-1,-1,0.0,0.0,0.0,0.0,0.0,0.0,0,0,0.0,0.0,0,0,0.0,0.0,0,0,0.0,0.0,0,0,0.0,0
LGS2ORD0002734,C010761,2025-01-22 15:00:00,Female,50,Bronze,TV,Bangkok,87,Lazada,COD,15,1,2,0,40-50,2.9,0.0,0.0,0.0,-1,-1,0.0,0.0,0.0,0.0,0.0,0.0,0,0,0.0,0.0,0,0,0.0,0.0,0,0,0.0,0.0,0,0,0.0,1
LGS2ORD0002735,C011191,2025-01-22 16:00:00,Male,55,Bronze,Web,Nakhon Ratchasima,1136,TV_Show,COD,16,1,2,0,>50,37.86666666666667,1.0,0.0,0.0,-1,6,778.77,0.28,0.0,1.0,0.0,778.77,1,0,0.0,778.77,1,0,0.0,778.77,1,0,0.0,778.77,1,0,0.0,1
LGS2ORD0002736,C014015,2025-01-22 16:00:00,Female,57,Bronze,TV,Remote_Area,1171,Shopee,COD,16,1,2,0,>50,39.03333333333333,0.0,0.0,0.0,-1,-1,0.0,0.0,0.0,0.0,0.0,0.0,0,0,0.0,0.0,0,0,0.0,0.0,0,0,0.0,0.0,0,0,0.0,0
LGS2ORD0002737,C017644,2025-01-22 16:00:00,Female,34,Bronze,Web,Chonburi,49,Web,Credit_Card,16,1,2,0,30-40,1.6333333333333333,0.0,0.0,0.0,-1,-1,0.0,0.0,0.0,0.0,0.0,0.0,0,0,0.0,0.0,0,0,0.0,0.0,0,0,0.0,0.0,0,0,0.0,0
LGS2ORD0002738,C011864,2025-01-22 16:00:00,Female,32,Bronze,Lazada,Khon Kaen,107,Web,COD,16,1,2,0,30-40,3.566666666666667,0.0,0.0,0.0,-1,-1,0.0,0.0,0.0,0.0,0.0,0.0,0,0,0.0,0.0,0,0,0.0,0.0,0,0,0.0,0.0,0,0,0.0,0
LGS2ORD0002739,C017233,2025-01-22 16:00:00,Female,43,Gold,Lazada,Chiang Mai,418,Lazada,PromptPay,16,1,2,0,40-50,13.933333333333334,1.0,0.0,0.0,-1,2,827.3,0.18,0.0,0.0,0.0,827.3,1,0,0.0,827.3,1,0,0.0,827.3,1,0,0.0,827.3,1,0,0.0,1
LGS2ORD0002740,C013831,2025-01-22 17:00:00,Male,27,Silver,TV,Nakhon Ratchasima,80,CallCenter,COD,17,1,2,0,20-30,2.6666666666666665,0.0,0.0,0.0,-1,-1,0.0,0.0,0.0,0.0,0.0,0.0,0,0,0.0,0.0,0,0,0.0,0.0,0,0,0.0,0.0,0,0,0.0,0
LGS2ORD0002741,C017277,2025-01-22 17:00:00,Female,59,Bronze,Web,Khon Kaen,233,Web,COD,17,1,2,0,>50,7.766666666666667,0.0,0.0,0.0,-1,-1,0.0,0.0,0.0,0.0,0.0,0.0,0,0,0.0,0.0,0,0,0.0,0.0,0,0,0.0,0.0,0,0,0.0,0
LGS2ORD0002742,C015599,2025-01-22 17:00:00,Male,36,Bronze,Shopee,Bangkok,1407,Shopee,COD,17,1,2,0,30-40,46.9,0.0,0.0,0.0,-1,-1,0.0,0.0,0.0,0.0,0.0,0.0,0,0,0.0,0.0,0,0,0.0,0.0,0,0,0.0,0.0,0,0,0.0,0
LGS2ORD0002743,C014463,2025-01-22 17:00:00,Female,26,Gold,Shopee,Bangkok,368,Web,Credit_Card,17,1,2,0,20-30,12.266666666666667,0.0,0.0,0.0,-1,-1,0.0,0.0,0.0,0.0,0.0,0.0,0,0,0.0,0.0,0,0,0.0,0.0,0,0,0.0,0.0,0,0,0.0,0
LGS2ORD0002744,C013282,2025-01-22 17:00:00,Female,56,Gold,TV,Remote_Area,826,CallCenter,PromptPay,17,1,2,0,>50,27.533333333333335,0.0,0.0,0.0,-1,-1,0.0,0.0,0.0,0.0,0.0,0.0,0,0,0.0,0.0,0,0,0.0,0.0,0,0,0.0,0.0,0,0,0.0,1
LGS2ORD0002745,C016166,2025-01-22 18:00:00,Male,32,Bronze,Lazada,Chiang Mai,908,Web,Credit_Card,18,1,2,0,30-40,30.266666666666666,0.0,0.0,0.0,-1,-1,0.0,0.0,0.0,0.0,0.0,0.0,0,0,0.0,0.0,0,0,0.0,0.0,0,0,0.0,0.0,0,0,0.0,0
LGS2ORD0002746,C012027,2025-01-22 18:00:00,Female,41,Bronze,Shopee,Bangkok,1177,Shopee,COD,18,1,2,0,40-50,39.233333333333334,0.0,0.0,0.0,-1,-1,0.0,0.0,0.0,0.0,0.0,0.0,0,0,0.0,0.0,0,0,0.0,0.0,0,0,0.0,0.0,0,0,0.0,0
LGS2ORD0002747,C017339,2025-01-22 18:00:00,Male,42,Gold,TV,Phuket,1206,CallCenter,PromptPay,18,1,2,0,40-50,40.2,1.0,0.0,0.0,-1,19,8678.86,0.08,0.0,0.0,0.0,0.0,0,0,0.0,8678.86,1,0,0.0,8678.86,1,0,0.0,8678.86,1,0,0.0,0
LGS2ORD0002748,C017144,2025-01-22 18:00:00,Female,51,Platinum,Web,Bangkok,563,TV_Show,Credit_Card,18,1,2,0,>50,18.766666666666666,0.0,0.0,0.0,-1,-1,0.0,0.0,0.0,0.0,0.0,0.0,0,0,0.0,0.0,0,0,0.0,0.0,0,0,0.0,0.0,0,0,0.0,0
LGS2ORD0002749,C012905,2025-01-22 18:00:00,Male,49,Bronze,Web,Chiang Mai,338,TV_Show,COD,18,1,2,0,40-50,11.266666666666667,0.0,0.0,0.0,-1,-1,0.0,0.0,0.0,0.0,0.0,0.0,0,0,0.0,0.0,0,0,0.0,0.0,0,0,0.0,0.0,0,0,0.0,1
LGS2ORD0002750,C017515,2025-01-22 18:00:00,Female,53,Bronze,CallCenter,Remote_Area,776,Lazada,Bank_Transfer,18,1,2,0,>50,25.866666666666667,2.0,0.0,0.0,-1,8,3145.0099999999998,0.18,0.5,0.0,0.0,0.0,0,0,0.0,6290.0199999999995,2,0,0.0,6290.0199999999995,2,0,0.0,6290.0199999999995,2,0,0.0,0
LGS2ORD0002751,C013603,2025-01-22 19:00:00,Female,50,Silver,TV,Chonburi,244,Web,COD,19,1,2,0,40-50,8.133333333333333,0.0,0.0,0.0,-1,-1,0.0,0.0,0.0,0.0,0.0,0.0,0,0,0.0,0.0,0,0,0.0,0.0,0,0,0.0,0.0,0,0,0.0,0
LGS2ORD0002752,C013562,2025-01-22 19:00:00,Male,56,Bronze,Lazada,Remote_Area,745,CallCenter,COD,19,1,2,0,>50,24.833333333333332,0.0,0.0,0.0,-1,-1,0.0,0.0,0.0,0.0,0.0,0.0,0,0,0.0,0.0,0,0,0.0,0.0,0,0,0.0,0.0,0,0,0.0,1
LGS2ORD0002753,C011586,2025-01-22 19:00:00,Female,51,Gold,Shopee,Remote_Area,276,Shopee,Bank_Transfer,19,1,2,0,>50,9.2,0.0,0.0,0.0,-1,-1,0.0,0.0,0.0,0.0,0.0,0.0,0,0,0.0,0.0,0,0,0.0,0.0,0,0,0.0,0.0,0,0,0.0,0
LGS2ORD0002754,C013405,2025-01-22 19:00:00,Male,27,Silver,Lazada,Nakhon Ratchasima,894,TV_Show,Bank_Transfer,19,1,2,0,20-30,29.8,1.0,0.0,0.0,-1,10,9273.46,0.25,1.0,1.0,0.0,0.0,0,0,0.0,9273.46,1,0,0.0,9273.46,1,0,0.0,9273.46,1,0,0.0,1
LGS2ORD0002755,C014734,2025-01-22 19:00:00,Female,72,Silver,Web,Bangkok,523,Lazada,PromptPay,19,1,2,0,>50,17.433333333333334,1.0,0.0,0.0,-1,13,4923.99,0.25,0.0,1.0,0.0,0.0,0,0,0.0,4923.99,1,0,0.0,4923.99,1,0,0.0,4923.99,1,0,0.0,0
LGS2ORD0002756,C012024,2025-01-22 20:00:00,Male,35,Silver,Web,Bangkok,1432,Web,COD,20,1,2,0,30-40,47.733333333333334,1.0,0.0,0.0,-1,14,14352.7,0.05,1.0,0.0,0.0,0.0,0,0,0.0,14352.7,1,0,0.0,14352.7,1,0,0.0,14352.7,1,0,0.0,0
LGS2ORD0002757,C012522,2025-01-22 20:00:00,Male,39,Bronze,TV,Songkhla,1332,TV_Show,PromptPay,20,1,2,0,30-40,44.4,0.0,0.0,0.0,-1,-1,0.0,0.0,0.0,0.0,0.0,0.0,0,0,0.0,0.0,0,0,0.0,0.0,0,0,0.0,0.0,0,0,0.0,0
LGS2ORD0002758,C013049,2025-01-22 20:00:00,Male,23,Bronze,Web,Songkhla,1390,Lazada,PromptPay,20,1,2,0,20-30,46.333333333333336,0.0,0.0,0.0,-1,-1,0.0,0.0,0.0,0.0,0.0,0.0,0,0,0.0,0.0,0,0,0.0,0.0,0,0,0.0,0.0,0,0,0.0,1
LGS2ORD0002759,C013080,2025-01-22 20:00:00,Male,69,Bronze,Web,Chonburi,733,Web,Credit_Card,20,1,2,0,>50,24.433333333333334,1.0,0.0,0.0,-1,6,6228.54,0.08,1.0,0.0,0.0,6228.54,1,0,0.0,6228.54,1,0,0.0,6228.54,1,0,0.0,6228.54,1,0,0.0,0
LGS2ORD0002760,C010844,2025-01-22 20:00:00,Male,44,Silver,TV,Remote_Area,81,Web,Credit_Card,20,1,2,0,40-50,2.7,0.0,0.0,0.0,-1,-1,0.0,0.0,0.0,0.0,0.0,0.0,0,0,0.0,0.0,0,0,0.0,0.0,0,0,0.0,0.0,0,0,0.0,1
LGS2ORD0002761,C010253,2025-01-22 21:00:00,Male,52,Bronze,Web,Bangkok,1422,TV_Show,COD,21,1,2,0,>50,47.4,3.0,0.0,0.0,-1,2,3304.0800000000004,0.23,0.6666666666666666,0.3333333333333333,0.0,8781.7,1,0,0.0,9912.240000000002,3,0,0.0,9912.240000000002,3,0,0.0,9912.240000000002,3,0,0.0,0
LGS2ORD0002762,C017875,2025-01-22 21:00:00,Female,41,Bronze,TV,Songkhla,278,TV_Show,PromptPay,21,1,2,0,40-50,9.266666666666667,0.0,0.0,0.0,-1,-1,0.0,0.0,0.0,0.0,0.0,0.0,0,0,0.0,0.0,0,0,0.0,0.0,0,0,0.0,0.0,0,0,0.0,1
LGS2ORD0002763,C011361,2025-01-22 21:00:00,Female,40,Bronze,TV,Remote_Area,1196,Shopee,COD,21,1,2,0,30-40,39.86666666666667,2.0,0.0,0.0,-1,7,2581.585,0.23,1.0,0.5,0.0,0.0,0,0,0.0,5163.17,2,0,0.0,5163.17,2,0,0.0,5163.17,2,0,0.0,0
LGS2ORD0002764,C012314,2025-01-22 21:00:00,Female,43,Bronze,TV,Chiang Mai,720,CallCenter,COD,21,1,2,0,40-50,24.0,0.0,0.0,0.0,-1,-1,0.0,0.0,0.0,0.0,0.0,0.0,0,0,0.0,0.0,0,0,0.0,0.0,0,0,0.0,0.0,0,0,0.0,0
LGS2ORD0002765,C013875,2025-01-22 21:00:00,Male,42,Silver,CallCenter,Bangkok,1112,Lazada,COD,21,1,2,0,40-50,37.06666666666667,1.0,0.0,0.0,-1,4,864.52,0.05,0.0,0.0,0.0,864.52,1,0,0.0,864.52,1,0,0.0,864.52,1,0,0.0,864.52,1,0,0.0,0
LGS2ORD0002766,C013210,2025-01-22 22:00:00,Female,43,Bronze,TV,Nakhon Ratchasima,1468,Web,Bank_Transfer,22,1,2,0,40-50,48.93333333333333,0.0,0.0,0.0,-1,-1,0.0,0.0,0.0,0.0,0.0,0.0,0,0,0.0,0.0,0,0,0.0,0.0,0,0,0.0,0.0,0,0,0.0,0
LGS2ORD0002767,C015536,2025-01-22 22:00:00,Male,51,Silver,Lazada,Phuket,567,CallCenter,Credit_Card,22,1,2,0,>50,18.9,1.0,0.0,0.0,-1,8,762.61,0.05,1.0,0.0,0.0,0.0,0,0,0.0,762.61,1,0,0.0,762.61,1,0,0.0,762.61,1,0,0.0,0
LGS2ORD0002768,C011233,2025-01-22 22:00:00,Other,37,Gold,Shopee,Bangkok,1480,Web,COD,22,1,2,0,30-40,49.333333333333336,0.0,0.0,0.0,-1,-1,0.0,0.0,0.0,0.0,0.0,0.0,0,0,0.0,0.0,0,0,0.0,0.0,0,0,0.0,0.0,0,0,0.0,0
LGS2ORD0002769,C014503,2025-01-22 22:00:00,Male,44,Gold,Shopee,Khon Kaen,637,Shopee,Credit_Card,22,1,2,0,40-50,21.233333333333334,0.0,0.0,0.0,-1,-1,0.0,0.0,0.0,0.0,0.0,0.0,0,0,0.0,0.0,0,0,0.0,0.0,0,0,0.0,0.0,0,0,0.0,0
LGS2ORD0002770,C013302,2025-01-22 22:00:00,Male,56,Silver,TV,Remote_Area,1085,Web,Credit_Card,22,1,2,0,>50,36.166666666666664,0.0,0.0,0.0,-1,-1,0.0,0.0,0.0,0.0,0.0,0.0,0,0,0.0,0.0,0,0,0.0,0.0,0,0,0.0,0.0,0,0,0.0,0
LGS2ORD0002771,C011969,2025-01-22 22:00:00,Female,32,Bronze,TV,Bangkok,1427,TV_Show,Bank_Transfer,22,1,2,0,30-40,47.56666666666667,0.0,0.0,0.0,-1,-1,0.0,0.0,0.0,0.0,0.0,0.0,0,0,0.0,0.0,0,0,0.0,0.0,0,0,0.0,0.0,0,0,0.0,1
LGS2ORD0002772,C015386,2025-01-22 23:00:00,Male,55,Bronze,TV,Bangkok,1362,TV_Show,Credit_Card,23,1,2,0,>50,45.4,0.0,0.0,0.0,-1,-1,0.0,0.0,0.0,0.0,0.0,0.0,0,0,0.0,0.0,0,0,0.0,0.0,0,0,0.0,0.0,0,0,0.0,0
LGS2ORD0002773,C016755,2025-01-22 23:00:00,Female,19,Bronze,TV,Songkhla,1437,CallCenter,Credit_Card,23,1,2,0,<20,47.9,1.0,0.0,0.0,-1,14,651.16,0.03,0.0,0.0,0.0,0.0,0,0,0.0,651.16,1,0,0.0,651.16,1,0,0.0,651.16,1,0,0.0,1
LGS2ORD0002774,C017809,2025-01-22 23:00:00,Female,47,Bronze,Lazada,Bangkok,93,CallCenter,COD,23,1,2,0,40-50,3.1,0.0,0.0,0.0,-1,-1,0.0,0.0,0.0,0.0,0.0,0.0,0,0,0.0,0.0,0,0,0.0,0.0,0,0,0.0,0.0,0,0,0.0,0
LGS2ORD0002775,C014734,2025-01-22 23:00:00,Female,72,Silver,Web,Bangkok,523,Web,Credit_Card,23,1,2,0,>50,17.433333333333334,2.0,0.0,0.0,-1,0,4944.235,0.25,0.0,0.5,0.0,4964.48,1,0,0.0,9888.47,2,0,0.0,9888.47,2,0,0.0,9888.47,2,0,0.0,1
LGS2ORD0002776,C017412,2025-01-22 23:00:00,Female,34,Silver,Lazada,Remote_Area,223,Lazada,COD,23,1,2,0,30-40,7.433333333333334,0.0,0.0,0.0,-1,-1,0.0,0.0,0.0,0.0,0.0,0.0,0,0,0.0,0.0,0,0,0.0,0.0,0,0,0.0,0.0,0,0,0.0,0
LGS2ORD0002777,C014091,2025-01-23 00:00:00,Female,39,Silver,Lazada,Bangkok,291,Web,PromptPay,0,1,3,0,30-40,9.7,0.0,0.0,0.0,-1,-1,0.0,0.0,0.0,0.0,0.0,0.0,0,0,0.0,0.0,0,0,0.0,0.0,0,0,0.0,0.0,0,0,0.0,0
LGS2ORD0002778,C011966,2025-01-23 00:00:00,Female,18,Gold,CallCenter,Chonburi,510,TV_Show,Credit_Card,0,1,3,0,<20,17.0,0.0,0.0,0.0,-1,-1,0.0,0.0,0.0,0.0,0.0,0.0,0,0,0.0,0.0,0,0,0.0,0.0,0,0,0.0,0.0,0,0,0.0,0
LGS2ORD0002779,C013442,2025-01-23 00:00:00,Male,39,Gold,Web,Songkhla,1077,Web,COD,0,1,3,0,30-40,35.9,0.0,0.0,0.0,-1,-1,0.0,0.0,0.0,0.0,0.0,0.0,0,0,0.0,0.0,0,0,0.0,0.0,0,0,0.0,0.0,0,0,0.0,0
LGS2ORD0002780,C013804,2025-01-23 00:00:00,Male,61,Bronze,TV,Bangkok,397,Shopee,COD,0,1,3,0,>50,13.233333333333333,0.0,0.0,0.0,-1,-1,0.0,0.0,0.0,0.0,0.0,0.0,0,0,0.0,0.0,0,0,0.0,0.0,0,0,0.0,0.0,0,0,0.0,0
LGS2ORD0002781,C015127,2025-01-23 00:00:00,Male,31,Bronze,Lazada,Chonburi,1368,TV_Show,COD,0,1,3,0,30-40,45.6,0.0,0.0,0.0,-1,-1,0.0,0.0,0.0,0.0,0.0,0.0,0,0,0.0,0.0,0,0,0.0,0.0,0,0,0.0,0.0,0,0,0.0,0
LGS2ORD0002782,C014633,2025-01-23 01:00:00,Male,38,Bronze,CallCenter,Chonburi,137,TV_Show,COD,1,1,3,0,30-40,4.566666666666666,0.0,0.0,0.0,-1,-1,0.0,0.0,0.0,0.0,0.0,0.0,0,0,0.0,0.0,0,0,0.0,0.0,0,0,0.0,0.0,0,0,0.0,0
LGS2ORD0002783,C011399,2025-01-23 01:00:00,Female,44,Gold,Web,Khon Kaen,798,CallCenter,Credit_Card,1,1,3,0,40-50,26.6,0.0,0.0,0.0,-1,-1,0.0,0.0,0.0,0.0,0.0,0.0,0,0,0.0,0.0,0,0,0.0,0.0,0,0,0.0,0.0,0,0,0.0,0
LGS2ORD0002784,C016871,2025-01-23 01:00:00,Male,61,Gold,CallCenter,Bangkok,935,TV_Show,COD,1,1,3,0,>50,31.166666666666668,1.0,0.0,0.0,-1,5,1103.85,0.08,0.0,0.0,0.0,1103.85,1,0,0.0,1103.85,1,0,0.0,1103.85,1,0,0.0,1103.85,1,0,0.0,0
LGS2ORD0002785,C015271,2025-01-23 01:00:00,Female,37,Bronze,TV,Chonburi,1435,Web,Credit_Card,1,1,3,0,30-40,47.833333333333336,0.0,0.0,0.0,-1,-1,0.0,0.0,0.0,0.0,0.0,0.0,0,0,0.0,0.0,0,0,0.0,0.0,0,0,0.0,0.0,0,0,0.0,0
LGS2ORD0002786,C016227,2025-01-23 01:00:00,Female,57,Platinum,Lazada,Chonburi,537,Web,PromptPay,1,1,3,0,>50,17.9,1.0,1.0,1.0,11,19,3755.35,0.1,1.0,0.0,0.0,0.0,0,0,0.0,3755.35,1,1,1.0,3755.35,1,1,1.0,3755.35,1,1,1.0,1
LGS2ORD0002787,C014661,2025-01-23 02:00:00,Male,48,Silver,Shopee,Nakhon Ratchasima,1258,Web,COD,2,1,3,0,40-50,41.93333333333333,1.0,0.0,0.0,-1,11,907.58,0.1,1.0,0.0,0.0,0.0,0,0,0.0,907.58,1,0,0.0,907.58,1,0,0.0,907.58,1,0,0.0,0
LGS2ORD0002788,C013701,2025-01-23 02:00:00,Other,66,Gold,CallCenter,Khon Kaen,1193,TV_Show,COD,2,1,3,0,>50,39.766666666666666,2.0,0.0,0.0,-1,3,6212.025,0.13,0.0,0.0,0.0,11245.08,1,0,0.0,12424.05,2,0,0.0,12424.05,2,0,0.0,12424.05,2,0,0.0,0
LGS2ORD0002789,C012529,2025-01-23 02:00:00,Female,51,Silver,TV,Remote_Area,1419,Shopee,COD,2,1,3,0,>50,47.3,0.0,0.0,0.0,-1,-1,0.0,0.0,0.0,0.0,0.0,0.0,0,0,0.0,0.0,0,0,0.0,0.0,0,0,0.0,0.0,0,0,0.0,1
LGS2ORD0002790,C015533,2025-01-23 02:00:00,Female,22,Silver,CallCenter,Bangkok,943,Shopee,Credit_Card,2,1,3,0,20-30,31.433333333333334,0.0,0.0,0.0,-1,-1,0.0,0.0,0.0,0.0,0.0,0.0,0,0,0.0,0.0,0,0,0.0,0.0,0,0,0.0,0.0,0,0,0.0,0
LGS2ORD0002791,C016814,2025-01-23 02:00:00,Female,32,Silver,Shopee,Khon Kaen,1379,Lazada,COD,2,1,3,0,30-40,45.96666666666667,0.0,0.0,0.0,-1,-1,0.0,0.0,0.0,0.0,0.0,0.0,0,0,0.0,0.0,0,0,0.0,0.0,0,0,0.0,0.0,0,0,0.0,1
LGS2ORD0002792,C015957,2025-01-23 02:00:00,Male,41,Gold,Web,Bangkok,1298,Web,COD,2,1,3,0,40-50,43.266666666666666,0.0,0.0,0.0,-1,-1,0.0,0.0,0.0,0.0,0.0,0.0,0,0,0.0,0.0,0,0,0.0,0.0,0,0,0.0,0.0,0,0,0.0,1
LGS2ORD0002793,C017636,2025-01-23 03:00:00,Female,42,Bronze,TV,Nakhon Ratchasima,527,Web,COD,3,1,3,0,40-50,17.566666666666666,0.0,0.0,0.0,-1,-1,0.0,0.0,0.0,0.0,0.0,0.0,0,0,0.0,0.0,0,0,0.0,0.0,0,0,0.0,0.0,0,0,0.0,0
LGS2ORD0002794,C012481,2025-01-23 03:00:00,Female,49,Platinum,TV,Phuket,1072,Shopee,COD,3,1,3,0,40-50,35.733333333333334,0.0,0.0,0.0,-1,-1,0.0,0.0,0.0,0.0,0.0,0.0,0,0,0.0,0.0,0,0,0.0,0.0,0,0,0.0,0.0,0,0,0.0,0
LGS2ORD0002795,C016733,2025-01-23 03:00:00,Female,43,Gold,Web,Bangkok,245,Shopee,PromptPay,3,1,3,0,40-50,8.166666666666666,1.0,0.0,0.0,-1,3,2165.83,0.18,0.0,0.0,0.0,2165.83,1,0,0.0,2165.83,1,0,0.0,2165.83,1,0,0.0,2165.83,1,0,0.0,0
LGS2ORD0002796,C013477,2025-01-23 03:00:00,Female,44,Bronze,Lazada,Chonburi,670,Web,COD,3,1,3,0,40-50,22.333333333333332,1.0,0.0,0.0,-1,8,4734.72,0.13,0.0,0.0,0.0,0.0,0,0,0.0,4734.72,1,0,0.0,4734.72,1,0,0.0,4734.72,1,0,0.0,0
LGS2ORD0002797,C013124,2025-01-23 03:00:00,Female,48,Gold,TV,Chiang Mai,1317,Shopee,PromptPay,3,1,3,0,40-50,43.9,0.0,0.0,0.0,-1,-1,0.0,0.0,0.0,0.0,0.0,0.0,0,0,0.0,0.0,0,0,0.0,0.0,0,0,0.0,0.0,0,0,0.0,0
LGS2ORD0002798,C010724,2025-01-23 04:00:00,Female,18,Platinum,Lazada,Khon Kaen,1392,TV_Show,PromptPay,4,1,3,0,<20,46.4,0.0,0.0,0.0,-1,-1,0.0,0.0,0.0,0.0,0.0,0.0,0,0,0.0,0.0,0,0,0.0,0.0,0,0,0.0,0.0,0,0,0.0,0
LGS2ORD0002799,C010734,2025-01-23 04:00:00,Male,35,Bronze,TV,Chonburi,830,Web,PromptPay,4,1,3,0,30-40,27.666666666666668,0.0,0.0,0.0,-1,-1,0.0,0.0,0.0,0.0,0.0,0.0,0,0,0.0,0.0,0,0,0.0,0.0,0,0,0.0,0.0,0,0,0.0,0
LGS2ORD0002800,C015346,2025-01-23 04:00:00,Female,36,Bronze,Web,Bangkok,1013,TV_Show,COD,4,1,3,0,30-40,33.766666666666666,2.0,0.0,0.0,-1,13,1256.8,0.08,0.5,0.0,0.0,0.0,0,0,0.0,2513.6,2,0,0.0,2513.6,2,0,0.0,2513.6,2,0,0.0,1
LGS2ORD0002801,C011566,2025-01-23 04:00:00,Male,38,Gold,Shopee,Khon Kaen,1234,Shopee,Credit_Card,4,1,3,0,30-40,41.13333333333333,0.0,0.0,0.0,-1,-1,0.0,0.0,0.0,0.0,0.0,0.0,0,0,0.0,0.0,0,0,0.0,0.0,0,0,0.0,0.0,0,0,0.0,0
LGS2ORD0002802,C015089,2025-01-23 04:00:00,Female,46,Gold,TV,Khon Kaen,1371,Lazada,Credit_Card,4,1,3,0,40-50,45.7,0.0,0.0,0.0,-1,-1,0.0,0.0,0.0,0.0,0.0,0.0,0,0,0.0,0.0,0,0,0.0,0.0,0,0,0.0,0.0,0,0,0.0,0
LGS2ORD0002803,C010418,2025-01-23 05:00:00,Female,55,Bronze,TV,Bangkok,900,Web,Credit_Card,5,1,3,0,>50,30.0,0.0,0.0,0.0,-1,-1,0.0,0.0,0.0,0.0,0.0,0.0,0,0,0.0,0.0,0,0,0.0,0.0,0,0,0.0,0.0,0,0,0.0,0
LGS2ORD0002804,C016569,2025-01-23 05:00:00,Male,44,Gold,Web,Bangkok,526,TV_Show,Bank_Transfer,5,1,3,0,40-50,17.533333333333335,0.0,0.0,0.0,-1,-1,0.0,0.0,0.0,0.0,0.0,0.0,0,0,0.0,0.0,0,0,0.0,0.0,0,0,0.0,0.0,0,0,0.0,0
LGS2ORD0002805,C013305,2025-01-23 05:00:00,Female,38,Bronze,Shopee,Chonburi,1294,Web,PromptPay,5,1,3,0,30-40,43.13333333333333,0.0,0.0,0.0,-1,-1,0.0,0.0,0.0,0.0,0.0,0.0,0,0,0.0,0.0,0,0,0.0,0.0,0,0,0.0,0.0,0,0,0.0,0
LGS2ORD0002806,C011622,2025-01-23 05:00:00,Male,48,Silver,Lazada,Khon Kaen,520,TV_Show,Credit_Card,5,1,3,0,40-50,17.333333333333332,0.0,0.0,0.0,-1,-1,0.0,0.0,0.0,0.0,0.0,0.0,0,0,0.0,0.0,0,0,0.0,0.0,0,0,0.0,0.0,0,0,0.0,0
LGS2ORD0002807,C012346,2025-01-23 05:00:00,Male,24,Bronze,TV,Chiang Mai,851,CallCenter,Credit_Card,5,1,3,0,20-30,28.366666666666667,2.0,1.0,0.5,-3,4,4913.875,0.23,1.0,0.5,0.0,9827.75,2,1,0.5,9827.75,2,1,0.5,9827.75,2,1,0.5,9827.75,2,1,0.5,0
LGS2ORD0002808,C016574,2025-01-23 06:00:00,Female,33,Bronze,Web,Khon Kaen,60,TV_Show,Credit_Card,6,1,3,0,30-40,2.0,1.0,0.0,0.0,-1,6,1747.93,0.23,1.0,1.0,0.0,1747.93,1,0,0.0,1747.93,1,0,0.0,1747.93,1,0,0.0,1747.93,1,0,0.0,0
LGS2ORD0002809,C010556,2025-01-23 06:00:00,Male,18,Gold,TV,Bangkok,1473,Lazada,PromptPay,6,1,3,0,<20,49.1,0.0,0.0,0.0,-1,-1,0.0,0.0,0.0,0.0,0.0,0.0,0,0,0.0,0.0,0,0,0.0,0.0,0,0,0.0,0.0,0,0,0.0,0
LGS2ORD0002810,C014371,2025-01-23 06:00:00,Female,54,Platinum,TV,Chonburi,940,TV_Show,COD,6,1,3,0,>50,31.333333333333332,0.0,0.0,0.0,-1,-1,0.0,0.0,0.0,0.0,0.0,0.0,0,0,0.0,0.0,0,0,0.0,0.0,0,0,0.0,0.0,0,0,0.0,0
LGS2ORD0002811,C017482,2025-01-23 06:00:00,Female,29,Bronze,TV,Chiang Mai,1037,Web,PromptPay,6,1,3,0,20-30,34.56666666666667,1.0,0.0,0.0,-1,9,1177.05,0.08,0.0,0.0,0.0,0.0,0,0,0.0,1177.05,1,0,0.0,1177.05,1,0,0.0,1177.05,1,0,0.0,0
LGS2ORD0002812,C013089,2025-01-23 06:00:00,Male,25,Bronze,Web,Songkhla,69,Lazada,COD,6,1,3,0,20-30,2.3,0.0,0.0,0.0,-1,-1,0.0,0.0,0.0,0.0,0.0,0.0,0,0,0.0,0.0,0,0,0.0,0.0,0,0,0.0,0.0,0,0,0.0,0
LGS2ORD0002813,C014609,2025-01-23 06:00:00,Female,42,Bronze,Web,Khon Kaen,860,Shopee,PromptPay,6,1,3,0,40-50,28.666666666666668,0.0,0.0,0.0,-1,-1,0.0,0.0,0.0,0.0,0.0,0.0,0,0,0.0,0.0,0,0,0.0,0.0,0,0,0.0,0.0,0,0,0.0,0
LGS2ORD0002814,C014622,2025-01-23 07:00:00,Male,49,Silver,Shopee,Remote_Area,976,Lazada,COD,7,1,3,0,40-50,32.53333333333333,0.0,0.0,0.0,-1,-1,0.0,0.0,0.0,0.0,0.0,0.0,0,0,0.0,0.0,0,0,0.0,0.0,0,0,0.0,0.0,0,0,0.0,0
LGS2ORD0002815,C014098,2025-01-23 07:00:00,Female,53,Platinum,Shopee,Songkhla,1370,Shopee,COD,7,1,3,0,>50,45.666666666666664,0.0,0.0,0.0,-1,-1,0.0,0.0,0.0,0.0,0.0,0.0,0,0,0.0,0.0,0,0,0.0,0.0,0,0,0.0,0.0,0,0,0.0,1
LGS2ORD0002816,C015668,2025-01-23 07:00:00,Male,57,Gold,Shopee,Chonburi,1069,TV_Show,PromptPay,7,1,3,0,>50,35.63333333333333,0.0,0.0,0.0,-1,-1,0.0,0.0,0.0,0.0,0.0,0.0,0,0,0.0,0.0,0,0,0.0,0.0,0,0,0.0,0.0,0,0,0.0,0
LGS2ORD0002817,C014434,2025-01-23 07:00:00,Female,56,Bronze,Web,Khon Kaen,289,Shopee,Credit_Card,7,1,3,0,>50,9.633333333333333,2.0,1.0,0.5,0,4,537.53,0.18,0.5,0.0,0.0,547.75,1,1,1.0,1075.06,2,1,0.5,1075.06,2,1,0.5,1075.06,2,1,0.5,0
LGS2ORD0002818,C016641,2025-01-23 07:00:00,Female,37,Bronze,TV,Chonburi,686,TV_Show,Credit_Card,7,1,3,0,30-40,22.866666666666667,1.0,1.0,1.0,-2,11,23406.76,0.18,1.0,0.0,0.0,0.0,0,0,0.0,23406.76,1,1,1.0,23406.76,1,1,1.0,23406.76,1,1,1.0,0
LGS2ORD0002819,C013317,2025-01-23 08:00:00,Female,32,Silver,Web,Bangkok,1085,Lazada,Credit_Card,8,1,3,0,30-40,36.166666666666664,0.0,0.0,0.0,-1,-1,0.0,0.0,0.0,0.0,0.0,0.0,0,0,0.0,0.0,0,0,0.0,0.0,0,0,0.0,0.0,0,0,0.0,0
LGS2ORD0002820,C014562,2025-01-23 08:00:00,Female,67,Silver,TV,Nakhon Ratchasima,1110,Shopee,PromptPay,8,1,3,0,>50,37.0,0.0,0.0,0.0,-1,-1,0.0,0.0,0.0,0.0,0.0,0.0,0,0,0.0,0.0,0,0,0.0,0.0,0,0,0.0,0.0,0,0,0.0,0
LGS2ORD0002821,C016302,2025-01-23 08:00:00,Male,59,Silver,CallCenter,Chonburi,548,TV_Show,Bank_Transfer,8,1,3,0,>50,18.266666666666666,0.0,0.0,0.0,-1,-1,0.0,0.0,0.0,0.0,0.0,0.0,0,0,0.0,0.0,0,0,0.0,0.0,0,0,0.0,0.0,0,0,0.0,0
LGS2ORD0002822,C015644,2025-01-23 08:00:00,Male,43,Silver,Web,Bangkok,363,CallCenter,PromptPay,8,1,3,0,40-50,12.1,0.0,0.0,0.0,-1,-1,0.0,0.0,0.0,0.0,0.0,0.0,0,0,0.0,0.0,0,0,0.0,0.0,0,0,0.0,0.0,0,0,0.0,0
LGS2ORD0002823,C015497,2025-01-23 08:00:00,Male,55,Silver,Lazada,Nakhon Ratchasima,365,Lazada,COD,8,1,3,0,>50,12.166666666666666,0.0,0.0,0.0,-1,-1,0.0,0.0,0.0,0.0,0.0,0.0,0,0,0.0,0.0,0,0,0.0,0.0,0,0,0.0,0.0,0,0,0.0,1
LGS2ORD0002824,C012852,2025-01-23 09:00:00,Female,70,Bronze,CallCenter,Bangkok,1090,Lazada,Credit_Card,9,1,3,0,>50,36.333333333333336,2.0,0.0,0.0,-1,8,696.6199999999999,0.23,0.5,0.5,0.0,0.0,0,0,0.0,1393.2399999999998,2,0,0.0,1393.2399999999998,2,0,0.0,1393.2399999999998,2,0,0.0,1
LGS2ORD0002825,C017469,2025-01-23 09:00:00,Female,31,Silver,Shopee,Phuket,436,Web,COD,9,1,3,0,30-40,14.533333333333333,0.0,0.0,0.0,-1,-1,0.0,0.0,0.0,0.0,0.0,0.0,0,0,0.0,0.0,0,0,0.0,0.0,0,0,0.0,0.0,0,0,0.0,0
LGS2ORD0002826,C014414,2025-01-23 09:00:00,Male,46,Bronze,TV,Chiang Mai,1221,CallCenter,COD,9,1,3,0,40-50,40.7,1.0,0.0,0.0,-1,7,1886.57,0.08,0.0,0.0,0.0,0.0,0,0,0.0,1886.57,1,0,0.0,1886.57,1,0,0.0,1886.57,1,0,0.0,0
LGS2ORD0002827,C015254,2025-01-23 09:00:00,Female,44,Silver,TV,Nakhon Ratchasima,1427,TV_Show,COD,9,1,3,0,40-50,47.56666666666667,0.0,0.0,0.0,-1,-1,0.0,0.0,0.0,0.0,0.0,0.0,0,0,0.0,0.0,0,0,0.0,0.0,0,0,0.0,0.0,0,0,0.0,1
LGS2ORD0002828,C013757,2025-01-23 09:00:00,Female,49,Silver,CallCenter,Bangkok,819,TV_Show,PromptPay,9,1,3,0,40-50,27.3,0.0,0.0,0.0,-1,-1,0.0,0.0,0.0,0.0,0.0,0.0,0,0,0.0,0.0,0,0,0.0,0.0,0,0,0.0,0.0,0,0,0.0,0
LGS2ORD0002829,C010333,2025-01-23 10:00:00,Male,40,Silver,Web,Songkhla,472,Lazada,COD,10,1,3,0,30-40,15.733333333333333,0.0,0.0,0.0,-1,-1,0.0,0.0,0.0,0.0,0.0,0.0,0,0,0.0,0.0,0,0,0.0,0.0,0,0,0.0,0.0,0,0,0.0,0
LGS2ORD0002830,C014125,2025-01-23 10:00:00,Female,45,Gold,CallCenter,Khon Kaen,256,Shopee,COD,10,1,3,0,40-50,8.533333333333333,0.0,0.0,0.0,-1,-1,0.0,0.0,0.0,0.0,0.0,0.0,0,0,0.0,0.0,0,0,0.0,0.0,0,0,0.0,0.0,0,0,0.0,0
LGS2ORD0002831,C017582,2025-01-23 10:00:00,Male,42,Bronze,TV,Phuket,79,Web,PromptPay,10,1,3,0,40-50,2.6333333333333333,0.0,0.0,0.0,-1,-1,0.0,0.0,0.0,0.0,0.0,0.0,0,0,0.0,0.0,0,0,0.0,0.0,0,0,0.0,0.0,0,0,0.0,0
LGS2ORD0002832,C015600,2025-01-23 10:00:00,Male,18,Silver,Web,Nakhon Ratchasima,562,Shopee,COD,10,1,3,0,<20,18.733333333333334,0.0,0.0,0.0,-1,-1,0.0,0.0,0.0,0.0,0.0,0.0,0,0,0.0,0.0,0,0,0.0,0.0,0,0,0.0,0.0,0,0,0.0,0
LGS2ORD0002833,C013621,2025-01-23 10:00:00,Male,36,Bronze,TV,Bangkok,929,TV_Show,COD,10,1,3,0,30-40,30.966666666666665,1.0,1.0,1.0,9,15,2583.02,0.03,1.0,0.0,0.0,0.0,0,0,0.0,2583.02,1,1,1.0,2583.02,1,1,1.0,2583.02,1,1,1.0,0
LGS2ORD0002834,C016218,2025-01-23 10:00:00,Female,24,Silver,Web,Bangkok,483,Shopee,PromptPay,10,1,3,0,20-30,16.1,0.0,0.0,0.0,-1,-1,0.0,0.0,0.0,0.0,0.0,0.0,0,0,0.0,0.0,0,0,0.0,0.0,0,0,0.0,0.0,0,0,0.0,1
LGS2ORD0002835,C010929,2025-01-23 11:00:00,Female,46,Silver,Web,Khon Kaen,1140,Shopee,COD,11,1,3,0,40-50,38.0,2.0,0.0,0.0,-1,6,6111.830000000001,0.2,0.5,0.0,0.0,11888.12,1,0,0.0,12223.660000000002,2,0,0.0,12223.660000000002,2,0,0.0,12223.660000000002,2,0,0.0,1
LGS2ORD0002836,C016767,2025-01-23 11:00:00,Female,54,Bronze,TV,Remote_Area,105,Lazada,Credit_Card,11,1,3,0,>50,3.5,0.0,0.0,0.0,-1,-1,0.0,0.0,0.0,0.0,0.0,0.0,0,0,0.0,0.0,0,0,0.0,0.0,0,0,0.0,0.0,0,0,0.0,0
LGS2ORD0002837,C011931,2025-01-23 11:00:00,Other,45,Silver,Web,Bangkok,1402,TV_Show,COD,11,1,3,0,40-50,46.733333333333334,0.0,0.0,0.0,-1,-1,0.0,0.0,0.0,0.0,0.0,0.0,0,0,0.0,0.0,0,0,0.0,0.0,0,0,0.0,0.0,0,0,0.0,0
LGS2ORD0002838,C015871,2025-01-23 11:00:00,Female,36,Bronze,CallCenter,Bangkok,748,Shopee,COD,11,1,3,0,30-40,24.933333333333334,0.0,0.0,0.0,-1,-1,0.0,0.0,0.0,0.0,0.0,0.0,0,0,0.0,0.0,0,0,0.0,0.0,0,0,0.0,0.0,0,0,0.0,0
LGS2ORD0002839,C014324,2025-01-23 11:00:00,Female,33,Silver,TV,Khon Kaen,1413,Lazada,COD,11,1,3,0,30-40,47.1,0.0,0.0,0.0,-1,-1,0.0,0.0,0.0,0.0,0.0,0.0,0,0,0.0,0.0,0,0,0.0,0.0,0,0,0.0,0.0,0,0,0.0,0
LGS2ORD0002840,C015688,2025-01-23 12:00:00,Female,27,Silver,TV,Phuket,986,CallCenter,PromptPay,12,1,3,0,20-30,32.86666666666667,0.0,0.0,0.0,-1,-1,0.0,0.0,0.0,0.0,0.0,0.0,0,0,0.0,0.0,0,0,0.0,0.0,0,0,0.0,0.0,0,0,0.0,0
LGS2ORD0002841,C015935,2025-01-23 12:00:00,Female,38,Bronze,TV,Songkhla,345,TV_Show,PromptPay,12,1,3,0,30-40,11.5,0.0,0.0,0.0,-1,-1,0.0,0.0,0.0,0.0,0.0,0.0,0,0,0.0,0.0,0,0,0.0,0.0,0,0,0.0,0.0,0,0,0.0,0
LGS2ORD0002842,C016834,2025-01-23 12:00:00,Male,54,Silver,Lazada,Chonburi,1314,CallCenter,Bank_Transfer,12,1,3,0,>50,43.8,0.0,0.0,0.0,-1,-1,0.0,0.0,0.0,0.0,0.0,0.0,0,0,0.0,0.0,0,0,0.0,0.0,0,0,0.0,0.0,0,0,0.0,0
LGS2ORD0002843,C017922,2025-01-23 12:00:00,Male,42,Bronze,CallCenter,Khon Kaen,874,CallCenter,Credit_Card,12,1,3,0,40-50,29.133333333333333,0.0,0.0,0.0,-1,-1,0.0,0.0,0.0,0.0,0.0,0.0,0,0,0.0,0.0,0,0,0.0,0.0,0,0,0.0,0.0,0,0,0.0,1
LGS2ORD0002844,C010034,2025-01-23 12:00:00,Male,31,Platinum,Lazada,Songkhla,147,CallCenter,COD,12,1,3,0,30-40,4.9,0.0,0.0,0.0,-1,-1,0.0,0.0,0.0,0.0,0.0,0.0,0,0,0.0,0.0,0,0,0.0,0.0,0,0,0.0,0.0,0,0,0.0,1
LGS2ORD0002845,C010733,2025-01-23 13:00:00,Female,51,Silver,Lazada,Bangkok,230,Web,Credit_Card,13,1,3,0,>50,7.666666666666667,0.0,0.0,0.0,-1,-1,0.0,0.0,0.0,0.0,0.0,0.0,0,0,0.0,0.0,0,0,0.0,0.0,0,0,0.0,0.0,0,0,0.0,1
LGS2ORD0002846,C014905,2025-01-23 13:00:00,Male,42,Bronze,TV,Remote_Area,1172,Lazada,COD,13,1,3,0,40-50,39.06666666666667,0.0,0.0,0.0,-1,-1,0.0,0.0,0.0,0.0,0.0,0.0,0,0,0.0,0.0,0,0,0.0,0.0,0,0,0.0,0.0,0,0,0.0,1
LGS2ORD0002847,C010679,2025-01-23 13:00:00,Male,42,Silver,TV,Phuket,632,Shopee,COD,13,1,3,0,40-50,21.066666666666666,0.0,0.0,0.0,-1,-1,0.0,0.0,0.0,0.0,0.0,0.0,0,0,0.0,0.0,0,0,0.0,0.0,0,0,0.0,0.0,0,0,0.0,1
LGS2ORD0002848,C011493,2025-01-23 13:00:00,Female,40,Gold,TV,Chiang Mai,981,Shopee,COD,13,1,3,0,30-40,32.7,1.0,0.0,0.0,-1,13,31428.76,0.08,1.0,0.0,0.0,0.0,0,0,0.0,31428.76,1,0,0.0,31428.76,1,0,0.0,31428.76,1,0,0.0,0
LGS2ORD0002849,C013182,2025-01-23 13:00:00,Male,38,Silver,Web,Bangkok,550,Web,COD,13,1,3,0,30-40,18.333333333333332,0.0,0.0,0.0,-1,-1,0.0,0.0,0.0,0.0,0.0,0.0,0,0,0.0,0.0,0,0,0.0,0.0,0,0,0.0,0.0,0,0,0.0,0
LGS2ORD0002850,C016051,2025-01-23 13:00:00,Female,51,Bronze,Lazada,Bangkok,379,Shopee,Credit_Card,13,1,3,0,>50,12.633333333333333,1.0,1.0,1.0,11,20,20946.38,0.18,1.0,0.0,0.0,0.0,0,0,0.0,20946.38,1,1,1.0,20946.38,1,1,1.0,20946.38,1,1,1.0,0
LGS2ORD0002851,C017394,2025-01-23 14:00:00,Female,50,Gold,Lazada,Bangkok,977,TV_Show,COD,14,1,3,0,40-50,32.56666666666667,0.0,0.0,0.0,-1,-1,0.0,0.0,0.0,0.0,0.0,0.0,0,0,0.0,0.0,0,0,0.0,0.0,0,0,0.0,0.0,0,0,0.0,1
LGS2ORD0002852,C016748,2025-01-23 14:00:00,Male,29,Silver,Web,Chonburi,613,Shopee,COD,14,1,3,0,20-30,20.433333333333334,0.0,0.0,0.0,-1,-1,0.0,0.0,0.0,0.0,0.0,0.0,0,0,0.0,0.0,0,0,0.0,0.0,0,0,0.0,0.0,0,0,0.0,0
LGS2ORD0002853,C017955,2025-01-23 14:00:00,Female,39,Platinum,Shopee,Songkhla,1235,Shopee,PromptPay,14,1,3,0,30-40,41.166666666666664,0.0,0.0,0.0,-1,-1,0.0,0.0,0.0,0.0,0.0,0.0,0,0,0.0,0.0,0,0,0.0,0.0,0,0,0.0,0.0,0,0,0.0,0
LGS2ORD0002854,C011809,2025-01-23 14:00:00,Female,37,Bronze,TV,Songkhla,499,Shopee,COD,14,1,3,0,30-40,16.633333333333333,1.0,1.0,1.0,10,16,565.4,0.13,1.0,0.0,0.0,0.0,0,0,0.0,565.4,1,1,1.0,565.4,1,1,1.0,565.4,1,1,1.0,0
LGS2ORD0002855,C010837,2025-01-23 14:00:00,Female,54,Bronze,Web,Chiang Mai,921,Shopee,Credit_Card,14,1,3,0,>50,30.7,0.0,0.0,0.0,-1,-1,0.0,0.0,0.0,0.0,0.0,0.0,0,0,0.0,0.0,0,0,0.0,0.0,0,0,0.0,0.0,0,0,0.0,0
LGS2ORD0002856,C011716,2025-01-23 15:00:00,Female,48,Bronze,Shopee,Remote_Area,1032,Shopee,COD,15,1,3,0,40-50,34.4,0.0,0.0,0.0,-1,-1,0.0,0.0,0.0,0.0,0.0,0.0,0,0,0.0,0.0,0,0,0.0,0.0,0,0,0.0,0.0,0,0,0.0,0
LGS2ORD0002857,C012926,2025-01-23 15:00:00,Male,18,Bronze,Shopee,Chiang Mai,316,Lazada,PromptPay,15,1,3,0,<20,10.533333333333333,0.0,0.0,0.0,-1,-1,0.0,0.0,0.0,0.0,0.0,0.0,0,0,0.0,0.0,0,0,0.0,0.0,0,0,0.0,0.0,0,0,0.0,1
LGS2ORD0002858,C016928,2025-01-23 15:00:00,Female,36,Gold,Lazada,Nakhon Ratchasima,450,Web,COD,15,1,3,0,30-40,15.0,0.0,0.0,0.0,-1,-1,0.0,0.0,0.0,0.0,0.0,0.0,0,0,0.0,0.0,0,0,0.0,0.0,0,0,0.0,0.0,0,0,0.0,0
LGS2ORD0002859,C015831,2025-01-23 15:00:00,Male,49,Bronze,Shopee,Bangkok,598,Lazada,COD,15,1,3,0,40-50,19.933333333333334,1.0,0.0,0.0,-1,22,6598.98,0.03,1.0,0.0,0.0,0.0,0,0,0.0,6598.98,1,0,0.0,6598.98,1,0,0.0,6598.98,1,0,0.0,0
LGS2ORD0002860,C011498,2025-01-23 15:00:00,Female,41,Silver,Web,Nakhon Ratchasima,1345,Web,Credit_Card,15,1,3,0,40-50,44.833333333333336,0.0,0.0,0.0,-1,-1,0.0,0.0,0.0,0.0,0.0,0.0,0,0,0.0,0.0,0,0,0.0,0.0,0,0,0.0,0.0,0,0,0.0,0
LGS2ORD0002861,C014139,2025-01-23 16:00:00,Male,46,Bronze,Shopee,Bangkok,1290,Shopee,COD,16,1,3,0,40-50,43.0,1.0,0.0,0.0,-1,6,900.48,0.03,0.0,0.0,0.0,900.48,1,0,0.0,900.48,1,0,0.0,900.48,1,0,0.0,900.48,1,0,0.0,0
LGS2ORD0002862,C016627,2025-01-23 16:00:00,Male,38,Silver,Web,Bangkok,574,Lazada,COD,16,1,3,0,30-40,19.133333333333333,0.0,0.0,0.0,-1,-1,0.0,0.0,0.0,0.0,0.0,0.0,0,0,0.0,0.0,0,0,0.0,0.0,0,0,0.0,0.0,0,0,0.0,0
LGS2ORD0002863,C013894,2025-01-23 16:00:00,Female,52,Silver,TV,Remote_Area,888,TV_Show,COD,16,1,3,0,>50,29.6,0.0,0.0,0.0,-1,-1,0.0,0.0,0.0,0.0,0.0,0.0,0,0,0.0,0.0,0,0,0.0,0.0,0,0,0.0,0.0,0,0,0.0,0
LGS2ORD0002864,C012549,2025-01-23 16:00:00,Female,50,Platinum,Lazada,Chiang Mai,1080,TV_Show,Bank_Transfer,16,1,3,0,40-50,36.0,2.0,1.0,0.5,10,21,2330.89,0.3,0.5,1.0,0.0,0.0,0,0,0.0,4661.78,2,1,0.5,4661.78,2,1,0.5,4661.78,2,1,0.5,0
LGS2ORD0002865,C011803,2025-01-23 16:00:00,Other,18,Bronze,Shopee,Bangkok,483,Shopee,COD,16,1,3,0,<20,16.1,1.0,0.0,0.0,-1,17,3764.98,0.18,1.0,0.0,0.0,0.0,0,0,0.0,3764.98,1,0,0.0,3764.98,1,0,0.0,3764.98,1,0,0.0,1
LGS2ORD0002866,C013720,2025-01-23 17:00:00,Male,22,Silver,TV,Nakhon Ratchasima,1478,TV_Show,COD,17,1,3,0,20-30,49.266666666666666,0.0,0.0,0.0,-1,-1,0.0,0.0,0.0,0.0,0.0,0.0,0,0,0.0,0.0,0,0,0.0,0.0,0,0,0.0,0.0,0,0,0.0,0
LGS2ORD0002867,C015098,2025-01-23 17:00:00,Female,51,Bronze,Shopee,Bangkok,122,CallCenter,PromptPay,17,1,3,0,>50,4.066666666666666,0.0,0.0,0.0,-1,-1,0.0,0.0,0.0,0.0,0.0,0.0,0,0,0.0,0.0,0,0,0.0,0.0,0,0,0.0,0.0,0,0,0.0,0
LGS2ORD0002868,C016894,2025-01-23 17:00:00,Other,53,Bronze,Shopee,Bangkok,1413,Web,PromptPay,17,1,3,0,>50,47.1,1.0,0.0,0.0,-1,15,3434.91,0.08,0.0,0.0,0.0,0.0,0,0,0.0,3434.91,1,0,0.0,3434.91,1,0,0.0,3434.91,1,0,0.0,0
LGS2ORD0002869,C015971,2025-01-23 17:00:00,Male,18,Silver,Web,Bangkok,908,Shopee,Bank_Transfer,17,1,3,0,<20,30.266666666666666,0.0,0.0,0.0,-1,-1,0.0,0.0,0.0,0.0,0.0,0.0,0,0,0.0,0.0,0,0,0.0,0.0,0,0,0.0,0.0,0,0,0.0,0
LGS2ORD0002870,C016979,2025-01-23 17:00:00,Male,57,Gold,Web,Bangkok,614,Lazada,COD,17,1,3,0,>50,20.466666666666665,0.0,0.0,0.0,-1,-1,0.0,0.0,0.0,0.0,0.0,0.0,0,0,0.0,0.0,0,0,0.0,0.0,0,0,0.0,0.0,0,0,0.0,0
LGS2ORD0002871,C017516,2025-01-23 17:00:00,Male,60,Gold,TV,Bangkok,524,Web,COD,17,1,3,0,>50,17.466666666666665,0.0,0.0,0.0,-1,-1,0.0,0.0,0.0,0.0,0.0,0.0,0,0,0.0,0.0,0,0,0.0,0.0,0,0,0.0,0.0,0,0,0.0,0
LGS2ORD0002872,C014869,2025-01-23 18:00:00,Female,50,Bronze,Lazada,Chonburi,137,TV_Show,COD,18,1,3,0,40-50,4.566666666666666,1.0,0.0,0.0,-1,15,7038.8,0.03,0.0,0.0,0.0,0.0,0,0,0.0,7038.8,1,0,0.0,7038.8,1,0,0.0,7038.8,1,0,0.0,0
LGS2ORD0002873,C010014,2025-01-23 18:00:00,Female,38,Bronze,Web,Bangkok,863,Web,PromptPay,18,1,3,0,30-40,28.766666666666666,1.0,0.0,0.0,-1,9,758.93,0.08,0.0,0.0,0.0,0.0,0,0,0.0,758.93,1,0,0.0,758.93,1,0,0.0,758.93,1,0,0.0,0
LGS2ORD0002874,C012585,2025-01-23 18:00:00,Male,48,Bronze,Shopee,Chiang Mai,1134,CallCenter,Credit_Card,18,1,3,0,40-50,37.8,0.0,0.0,0.0,-1,-1,0.0,0.0,0.0,0.0,0.0,0.0,0,0,0.0,0.0,0,0,0.0,0.0,0,0,0.0,0.0,0,0,0.0,0
LGS2ORD0002875,C015278,2025-01-23 18:00:00,Male,28,Gold,TV,Bangkok,753,Shopee,PromptPay,18,1,3,0,20-30,25.1,0.0,0.0,0.0,-1,-1,0.0,0.0,0.0,0.0,0.0,0.0,0,0,0.0,0.0,0,0,0.0,0.0,0,0,0.0,0.0,0,0,0.0,0
LGS2ORD0002876,C014958,2025-01-23 18:00:00,Male,41,Bronze,Lazada,Nakhon Ratchasima,58,Web,Bank_Transfer,18,1,3,0,40-50,1.9333333333333333,0.0,0.0,0.0,-1,-1,0.0,0.0,0.0,0.0,0.0,0.0,0,0,0.0,0.0,0,0,0.0,0.0,0,0,0.0,0.0,0,0,0.0,0
LGS2ORD0002877,C011221,2025-01-23 19:00:00,Male,44,Gold,Shopee,Phuket,399,TV_Show,Credit_Card,19,1,3,0,40-50,13.3,0.0,0.0,0.0,-1,-1,0.0,0.0,0.0,0.0,0.0,0.0,0,0,0.0,0.0,0,0,0.0,0.0,0,0,0.0,0.0,0,0,0.0,1
LGS2ORD0002878,C010383,2025-01-23 19:00:00,Female,48,Silver,TV,Nakhon Ratchasima,857,Shopee,COD,19,1,3,0,40-50,28.566666666666666,1.0,0.0,0.0,-1,15,2148.44,0.05,0.0,0.0,0.0,0.0,0,0,0.0,2148.44,1,0,0.0,2148.44,1,0,0.0,2148.44,1,0,0.0,0
LGS2ORD0002879,C016560,2025-01-23 19:00:00,Male,71,Bronze,Lazada,Bangkok,1319,Web,COD,19,1,3,0,>50,43.96666666666667,1.0,0.0,0.0,-1,17,19397.63,0.13,0.0,0.0,0.0,0.0,0,0,0.0,19397.63,1,0,0.0,19397.63,1,0,0.0,19397.63,1,0,0.0,0
LGS2ORD0002880,C013852,2025-01-23 19:00:00,Male,51,Bronze,TV,Chonburi,1373,Web,COD,19,1,3,0,>50,45.766666666666666,0.0,0.0,0.0,-1,-1,0.0,0.0,0.0,0.0,0.0,0.0,0,0,0.0,0.0,0,0,0.0,0.0,0,0,0.0,0.0,0,0,0.0,1
LGS2ORD0002881,C015828,2025-01-23 19:00:00,Male,42,Bronze,TV,Khon Kaen,1255,Lazada,COD,19,1,3,0,40-50,41.833333333333336,3.0,3.0,1.0,-6,1,2858.52,0.28,1.0,0.6666666666666666,0.0,7440.969999999999,2,2,1.0,8575.56,3,3,1.0,8575.56,3,3,1.0,8575.56,3,3,1.0,0
LGS2ORD0002882,C013178,2025-01-23 20:00:00,Female,37,Silver,CallCenter,Remote_Area,86,Web,Credit_Card,20,1,3,0,30-40,2.8666666666666667,1.0,0.0,0.0,-1,1,1178.57,0.05,0.0,0.0,0.0,1178.57,1,0,0.0,1178.57,1,0,0.0,1178.57,1,0,0.0,1178.57,1,0,0.0,0
LGS2ORD0002883,C015639,2025-01-23 20:00:00,Female,46,Gold,Web,Bangkok,337,Shopee,COD,20,1,3,0,40-50,11.233333333333333,0.0,0.0,0.0,-1,-1,0.0,0.0,0.0,0.0,0.0,0.0,0,0,0.0,0.0,0,0,0.0,0.0,0,0,0.0,0.0,0,0,0.0,0
LGS2ORD0002884,C016164,2025-01-23 20:00:00,Male,57,Silver,Web,Remote_Area,152,Shopee,Bank_Transfer,20,1,3,0,>50,5.066666666666666,0.0,0.0,0.0,-1,-1,0.0,0.0,0.0,0.0,0.0,0.0,0,0,0.0,0.0,0,0,0.0,0.0,0,0,0.0,0.0,0,0,0.0,1
LGS2ORD0002885,C015704,2025-01-23 20:00:00,Female,18,Silver,Shopee,Remote_Area,530,Web,COD,20,1,3,0,<20,17.666666666666668,0.0,0.0,0.0,-1,-1,0.0,0.0,0.0,0.0,0.0,0.0,0,0,0.0,0.0,0,0,0.0,0.0,0,0,0.0,0.0,0,0,0.0,0
LGS2ORD0002886,C010602,2025-01-23 20:00:00,Male,18,Bronze,TV,Chiang Mai,586,Lazada,COD,20,1,3,0,<20,19.533333333333335,0.0,0.0,0.0,-1,-1,0.0,0.0,0.0,0.0,0.0,0.0,0,0,0.0,0.0,0,0,0.0,0.0,0,0,0.0,0.0,0,0,0.0,0
LGS2ORD0002887,C010399,2025-01-23 21:00:00,Male,46,Platinum,Shopee,Chonburi,426,Lazada,PromptPay,21,1,3,0,40-50,14.2,1.0,0.0,0.0,-1,21,1975.11,0.25,1.0,1.0,0.0,0.0,0,0,0.0,1975.11,1,0,0.0,1975.11,1,0,0.0,1975.11,1,0,0.0,0
LGS2ORD0002888,C014152,2025-01-23 21:00:00,Female,36,Gold,Web,Bangkok,1310,CallCenter,COD,21,1,3,0,30-40,43.666666666666664,2.0,1.0,0.5,-1,2,2252.08,0.28,0.5,0.5,0.0,2837.74,1,0,0.0,4504.16,2,1,0.5,4504.16,2,1,0.5,4504.16,2,1,0.5,0
LGS2ORD0002889,C017330,2025-01-23 21:00:00,Female,27,Gold,Shopee,Khon Kaen,1280,CallCenter,PromptPay,21,1,3,0,20-30,42.666666666666664,0.0,0.0,0.0,-1,-1,0.0,0.0,0.0,0.0,0.0,0.0,0,0,0.0,0.0,0,0,0.0,0.0,0,0,0.0,0.0,0,0,0.0,0
LGS2ORD0002890,C010549,2025-01-23 21:00:00,Male,62,Gold,Shopee,Nakhon Ratchasima,1099,Lazada,COD,21,1,3,0,>50,36.63333333333333,3.0,0.0,0.0,-1,8,4073.853333333334,0.28,1.0,0.3333333333333333,0.0,0.0,0,0,0.0,12221.560000000001,3,0,0.0,12221.560000000001,3,0,0.0,12221.560000000001,3,0,0.0,0
LGS2ORD0002891,C012236,2025-01-23 21:00:00,Male,25,Bronze,Shopee,Nakhon Ratchasima,427,Lazada,PromptPay,21,1,3,0,20-30,14.233333333333333,1.0,0.0,0.0,-1,8,3842.91,0.08,0.0,0.0,0.0,0.0,0,0,0.0,3842.91,1,0,0.0,3842.91,1,0,0.0,3842.91,1,0,0.0,0
LGS2ORD0002892,C017602,2025-01-23 21:00:00,Male,36,Bronze,TV,Phuket,1001,CallCenter,PromptPay,21,1,3,0,30-40,33.36666666666667,1.0,1.0,1.0,14,20,9531.14,0.03,1.0,0.0,0.0,0.0,0,0,0.0,9531.14,1,1,1.0,9531.14,1,1,1.0,9531.14,1,1,1.0,0
LGS2ORD0002893,C014372,2025-01-23 22:00:00,Female,40,Silver,Web,Songkhla,294,Web,COD,22,1,3,0,30-40,9.8,0.0,0.0,0.0,-1,-1,0.0,0.0,0.0,0.0,0.0,0.0,0,0,0.0,0.0,0,0,0.0,0.0,0,0,0.0,0.0,0,0,0.0,0
LGS2ORD0002894,C016115,2025-01-23 22:00:00,Female,37,Bronze,Shopee,Remote_Area,470,Web,COD,22,1,3,0,30-40,15.666666666666666,0.0,0.0,0.0,-1,-1,0.0,0.0,0.0,0.0,0.0,0.0,0,0,0.0,0.0,0,0,0.0,0.0,0,0,0.0,0.0,0,0,0.0,1
LGS2ORD0002895,C017131,2025-01-23 22:00:00,Male,45,Silver,Shopee,Nakhon Ratchasima,565,Web,PromptPay,22,1,3,0,40-50,18.833333333333332,2.0,0.0,0.0,-1,8,2446.4249999999997,0.1,1.0,0.0,0.0,0.0,0,0,0.0,4892.849999999999,2,0,0.0,4892.849999999999,2,0,0.0,4892.849999999999,2,0,0.0,1
LGS2ORD0002896,C010878,2025-01-23 22:00:00,Male,65,Silver,Lazada,Khon Kaen,357,CallCenter,COD,22,1,3,0,>50,11.9,0.0,0.0,0.0,-1,-1,0.0,0.0,0.0,0.0,0.0,0.0,0,0,0.0,0.0,0,0,0.0,0.0,0,0,0.0,0.0,0,0,0.0,0
LGS2ORD0002897,C010293,2025-01-23 22:00:00,Female,34,Gold,Shopee,Bangkok,137,Shopee,COD,22,1,3,0,30-40,4.566666666666666,0.0,0.0,0.0,-1,-1,0.0,0.0,0.0,0.0,0.0,0.0,0,0,0.0,0.0,0,0,0.0,0.0,0,0,0.0,0.0,0,0,0.0,0
LGS2ORD0002898,C011202,2025-01-23 23:00:00,Other,58,Bronze,Web,Khon Kaen,751,TV_Show,Bank_Transfer,23,1,3,0,>50,25.033333333333335,0.0,0.0,0.0,-1,-1,0.0,0.0,0.0,0.0,0.0,0.0,0,0,0.0,0.0,0,0,0.0,0.0,0,0,0.0,0.0,0,0,0.0,0
LGS2ORD0002899,C010872,2025-01-23 23:00:00,Male,23,Gold,Web,Chonburi,409,Lazada,Credit_Card,23,1,3,0,20-30,13.633333333333333,0.0,0.0,0.0,-1,-1,0.0,0.0,0.0,0.0,0.0,0.0,0,0,0.0,0.0,0,0,0.0,0.0,0,0,0.0,0.0,0,0,0.0,0
LGS2ORD0002900,C015290,2025-01-23 23:00:00,Female,39,Bronze,Lazada,Chiang Mai,1269,TV_Show,COD,23,1,3,0,30-40,42.3,0.0,0.0,0.0,-1,-1,0.0,0.0,0.0,0.0,0.0,0.0,0,0,0.0,0.0,0,0,0.0,0.0,0,0,0.0,0.0,0,0,0.0,0
LGS2ORD0002901,C013723,2025-01-23 23:00:00,Male,23,Bronze,TV,Songkhla,450,Web,COD,23,1,3,0,20-30,15.0,0.0,0.0,0.0,-1,-1,0.0,0.0,0.0,0.0,0.0,0.0,0,0,0.0,0.0,0,0,0.0,0.0,0,0,0.0,0.0,0,0,0.0,0
LGS2ORD0002902,C014270,2025-01-23 23:00:00,Female,42,Gold,TV,Chiang Mai,1005,Lazada,COD,23,1,3,0,40-50,33.5,0.0,0.0,0.0,-1,-1,0.0,0.0,0.0,0.0,0.0,0.0,0,0,0.0,0.0,0,0,0.0,0.0,0,0,0.0,0.0,0,0,0.0,0
LGS2ORD0002903,C013428,2025-01-24 00:00:00,Female,40,Bronze,TV,Bangkok,1076,TV_Show,COD,0,1,4,0,30-40,35.86666666666667,0.0,0.0,0.0,-1,-1,0.0,0.0,0.0,0.0,0.0,0.0,0,0,0.0,0.0,0,0,0.0,0.0,0,0,0.0,0.0,0,0,0.0,1
LGS2ORD0002904,C014212,2025-01-24 00:00:00,Female,51,Silver,TV,Bangkok,64,TV_Show,Credit_Card,0,1,4,0,>50,2.1333333333333333,1.0,1.0,1.0,1,12,797.87,0.2,1.0,0.0,0.0,0.0,0,0,0.0,797.87,1,1,1.0,797.87,1,1,1.0,797.87,1,1,1.0,0
LGS2ORD0002905,C017269,2025-01-24 00:00:00,Female,51,Bronze,Web,Bangkok,1463,Lazada,COD,0,1,4,0,>50,48.766666666666666,1.0,0.0,0.0,-1,12,3956.41,0.23,0.0,1.0,0.0,0.0,0,0,0.0,3956.41,1,0,0.0,3956.41,1,0,0.0,3956.41,1,0,0.0,0
LGS2ORD0002906,C014505,2025-01-24 00:00:00,Female,30,Gold,Lazada,Bangkok,1022,Web,Bank_Transfer,0,1,4,0,20-30,34.06666666666667,0.0,0.0,0.0,-1,-1,0.0,0.0,0.0,0.0,0.0,0.0,0,0,0.0,0.0,0,0,0.0,0.0,0,0,0.0,0.0,0,0,0.0,0
LGS2ORD0002907,C013261,2025-01-24 00:00:00,Female,40,Bronze,Shopee,Chonburi,169,TV_Show,Credit_Card,0,1,4,0,30-40,5.633333333333334,0.0,0.0,0.0,-1,-1,0.0,0.0,0.0,0.0,0.0,0.0,0,0,0.0,0.0,0,0,0.0,0.0,0,0,0.0,0.0,0,0,0.0,0
LGS2ORD0002908,C012611,2025-01-24 01:00:00,Male,55,Gold,Web,Remote_Area,547,Shopee,COD,1,1,4,0,>50,18.233333333333334,0.0,0.0,0.0,-1,-1,0.0,0.0,0.0,0.0,0.0,0.0,0,0,0.0,0.0,0,0,0.0,0.0,0,0,0.0,0.0,0,0,0.0,1
LGS2ORD0002909,C014772,2025-01-24 01:00:00,Female,34,Platinum,Shopee,Nakhon Ratchasima,1304,Web,COD,1,1,4,0,30-40,43.46666666666667,0.0,0.0,0.0,-1,-1,0.0,0.0,0.0,0.0,0.0,0.0,0,0,0.0,0.0,0,0,0.0,0.0,0,0,0.0,0.0,0,0,0.0,0
LGS2ORD0002910,C016535,2025-01-24 01:00:00,Male,51,Bronze,Web,Khon Kaen,1346,Web,COD,1,1,4,0,>50,44.86666666666667,0.0,0.0,0.0,-1,-1,0.0,0.0,0.0,0.0,0.0,0.0,0,0,0.0,0.0,0,0,0.0,0.0,0,0,0.0,0.0,0,0,0.0,1
LGS2ORD0002911,C015225,2025-01-24 01:00:00,Female,20,Bronze,Shopee,Bangkok,928,TV_Show,PromptPay,1,1,4,0,<20,30.933333333333334,0.0,0.0,0.0,-1,-1,0.0,0.0,0.0,0.0,0.0,0.0,0,0,0.0,0.0,0,0,0.0,0.0,0,0,0.0,0.0,0,0,0.0,0
LGS2ORD0002912,C010304,2025-01-24 01:00:00,Female,67,Bronze,Shopee,Nakhon Ratchasima,920,TV_Show,COD,1,1,4,0,>50,30.666666666666668,2.0,1.0,0.5,6,11,2893.305,0.13,1.0,0.0,0.0,0.0,0,0,0.0,5786.61,2,1,0.5,5786.61,2,1,0.5,5786.61,2,1,0.5,0
LGS2ORD0002913,C015114,2025-01-24 01:00:00,Female,51,Silver,Lazada,Bangkok,481,Web,Credit_Card,1,1,4,0,>50,16.033333333333335,0.0,0.0,0.0,-1,-1,0.0,0.0,0.0,0.0,0.0,0.0,0,0,0.0,0.0,0,0,0.0,0.0,0,0,0.0,0.0,0,0,0.0,0
LGS2ORD0002914,C013295,2025-01-24 02:00:00,Female,62,Silver,CallCenter,Bangkok,618,Web,PromptPay,2,1,4,0,>50,20.6,0.0,0.0,0.0,-1,-1,0.0,0.0,0.0,0.0,0.0,0.0,0,0,0.0,0.0,0,0,0.0,0.0,0,0,0.0,0.0,0,0,0.0,0
LGS2ORD0002915,C013309,2025-01-24 02:00:00,Male,47,Silver,TV,Songkhla,204,TV_Show,Credit_Card,2,1,4,0,40-50,6.8,0.0,0.0,0.0,-1,-1,0.0,0.0,0.0,0.0,0.0,0.0,0,0,0.0,0.0,0,0,0.0,0.0,0,0,0.0,0.0,0,0,0.0,0
LGS2ORD0002916,C010868,2025-01-24 02:00:00,Female,35,Gold,Lazada,Bangkok,376,CallCenter,Credit_Card,2,1,4,0,30-40,12.533333333333333,1.0,0.0,0.0,-1,12,3728.42,0.13,1.0,0.0,0.0,0.0,0,0,0.0,3728.42,1,0,0.0,3728.42,1,0,0.0,3728.42,1,0,0.0,0
LGS2ORD0002917,C014569,2025-01-24 02:00:00,Male,34,Bronze,TV,Remote_Area,345,Web,PromptPay,2,1,4,0,30-40,11.5,0.0,0.0,0.0,-1,-1,0.0,0.0,0.0,0.0,0.0,0.0,0,0,0.0,0.0,0,0,0.0,0.0,0,0,0.0,0.0,0,0,0.0,0
LGS2ORD0002918,C016179,2025-01-24 02:00:00,Female,40,Bronze,Shopee,Phuket,474,TV_Show,Credit_Card,2,1,4,0,30-40,15.8,0.0,0.0,0.0,-1,-1,0.0,0.0,0.0,0.0,0.0,0.0,0,0,0.0,0.0,0,0,0.0,0.0,0,0,0.0,0.0,0,0,0.0,0
LGS2ORD0002919,C012723,2025-01-24 03:00:00,Male,20,Silver,Lazada,Chiang Mai,1023,Lazada,COD,3,1,4,0,<20,34.1,0.0,0.0,0.0,-1,-1,0.0,0.0,0.0,0.0,0.0,0.0,0,0,0.0,0.0,0,0,0.0,0.0,0,0,0.0,0.0,0,0,0.0,0
LGS2ORD0002920,C012634,2025-01-24 03:00:00,Male,26,Bronze,CallCenter,Chiang Mai,809,CallCenter,COD,3,1,4,0,20-30,26.966666666666665,1.0,0.0,0.0,-1,5,13375.83,0.13,0.0,0.0,0.0,13375.83,1,0,0.0,13375.83,1,0,0.0,13375.83,1,0,0.0,13375.83,1,0,0.0,0
LGS2ORD0002921,C016925,2025-01-24 03:00:00,Male,50,Platinum,Shopee,Bangkok,220,Shopee,Credit_Card,3,1,4,0,40-50,7.333333333333333,0.0,0.0,0.0,-1,-1,0.0,0.0,0.0,0.0,0.0,0.0,0,0,0.0,0.0,0,0,0.0,0.0,0,0,0.0,0.0,0,0,0.0,0
LGS2ORD0002922,C010454,2025-01-24 03:00:00,Male,46,Bronze,CallCenter,Khon Kaen,654,CallCenter,COD,3,1,4,0,40-50,21.8,0.0,0.0,0.0,-1,-1,0.0,0.0,0.0,0.0,0.0,0.0,0,0,0.0,0.0,0,0,0.0,0.0,0,0,0.0,0.0,0,0,0.0,1
LGS2ORD0002923,C010965,2025-01-24 03:00:00,Male,34,Bronze,TV,Bangkok,155,Shopee,PromptPay,3,1,4,0,30-40,5.166666666666667,0.0,0.0,0.0,-1,-1,0.0,0.0,0.0,0.0,0.0,0.0,0,0,0.0,0.0,0,0,0.0,0.0,0,0,0.0,0.0,0,0,0.0,0
LGS2ORD0002924,C015024,2025-01-24 04:00:00,Male,27,Bronze,Web,Songkhla,1213,Lazada,COD,4,1,4,0,20-30,40.43333333333333,0.0,0.0,0.0,-1,-1,0.0,0.0,0.0,0.0,0.0,0.0,0,0,0.0,0.0,0,0,0.0,0.0,0,0,0.0,0.0,0,0,0.0,0
LGS2ORD0002925,C015201,2025-01-24 04:00:00,Female,38,Silver,TV,Bangkok,873,Lazada,Credit_Card,4,1,4,0,30-40,29.1,0.0,0.0,0.0,-1,-1,0.0,0.0,0.0,0.0,0.0,0.0,0,0,0.0,0.0,0,0,0.0,0.0,0,0,0.0,0.0,0,0,0.0,0
LGS2ORD0002926,C011447,2025-01-24 04:00:00,Male,39,Gold,TV,Chonburi,137,TV_Show,COD,4,1,4,0,30-40,4.566666666666666,1.0,0.0,0.0,-1,6,6898.99,0.2299999999999999,0.0,1.0,0.0,6898.99,1,0,0.0,6898.99,1,0,0.0,6898.99,1,0,0.0,6898.99,1,0,0.0,0
LGS2ORD0002927,C010298,2025-01-24 04:00:00,Male,61,Platinum,Web,Bangkok,1185,TV_Show,Bank_Transfer,4,1,4,0,>50,39.5,0.0,0.0,0.0,-1,-1,0.0,0.0,0.0,0.0,0.0,0.0,0,0,0.0,0.0,0,0,0.0,0.0,0,0,0.0,0.0,0,0,0.0,0
LGS2ORD0002928,C012399,2025-01-24 04:00:00,Male,47,Bronze,TV,Phuket,991,Lazada,Credit_Card,4,1,4,0,40-50,33.03333333333333,0.0,0.0,0.0,-1,-1,0.0,0.0,0.0,0.0,0.0,0.0,0,0,0.0,0.0,0,0,0.0,0.0,0,0,0.0,0.0,0,0,0.0,1
LGS2ORD0002929,C012694,2025-01-24 05:00:00,Female,48,Bronze,Web,Chiang Mai,942,Shopee,COD,5,1,4,0,40-50,31.4,0.0,0.0,0.0,-1,-1,0.0,0.0,0.0,0.0,0.0,0.0,0,0,0.0,0.0,0,0,0.0,0.0,0,0,0.0,0.0,0,0,0.0,1
LGS2ORD0002930,C015202,2025-01-24 05:00:00,Male,32,Gold,Lazada,Bangkok,462,Web,PromptPay,5,1,4,0,30-40,15.4,1.0,0.0,0.0,-1,15,7768.86,0.08,0.0,0.0,0.0,0.0,0,0,0.0,7768.86,1,0,0.0,7768.86,1,0,0.0,7768.86,1,0,0.0,1
LGS2ORD0002931,C015028,2025-01-24 05:00:00,Female,53,Bronze,Web,Bangkok,117,Web,Credit_Card,5,1,4,0,>50,3.9,1.0,0.0,0.0,-1,16,1599.72,0.18,0.0,0.0,0.0,0.0,0,0,0.0,1599.72,1,0,0.0,1599.72,1,0,0.0,1599.72,1,0,0.0,0
LGS2ORD0002932,C011511,2025-01-24 05:00:00,Male,58,Bronze,CallCenter,Nakhon Ratchasima,1220,Shopee,COD,5,1,4,0,>50,40.666666666666664,0.0,0.0,0.0,-1,-1,0.0,0.0,0.0,0.0,0.0,0.0,0,0,0.0,0.0,0,0,0.0,0.0,0,0,0.0,0.0,0,0,0.0,0
LGS2ORD0002933,C010612,2025-01-24 05:00:00,Male,41,Gold,Shopee,Bangkok,1397,Web,Credit_Card,5,1,4,0,40-50,46.56666666666667,0.0,0.0,0.0,-1,-1,0.0,0.0,0.0,0.0,0.0,0.0,0,0,0.0,0.0,0,0,0.0,0.0,0,0,0.0,0.0,0,0,0.0,0
LGS2ORD0002934,C010599,2025-01-24 05:00:00,Male,39,Silver,Web,Bangkok,50,TV_Show,COD,5,1,4,0,30-40,1.6666666666666667,1.0,0.0,0.0,-1,7,1439.13,0.15,0.0,0.0,0.0,0.0,0,0,0.0,1439.13,1,0,0.0,1439.13,1,0,0.0,1439.13,1,0,0.0,0
LGS2ORD0002935,C014342,2025-01-24 06:00:00,Female,40,Bronze,Shopee,Bangkok,1274,TV_Show,Bank_Transfer,6,1,4,0,30-40,42.46666666666667,0.0,0.0,0.0,-1,-1,0.0,0.0,0.0,0.0,0.0,0.0,0,0,0.0,0.0,0,0,0.0,0.0,0,0,0.0,0.0,0,0,0.0,0
LGS2ORD0002936,C013809,2025-01-24 06:00:00,Female,48,Platinum,Web,Chiang Mai,203,Lazada,Bank_Transfer,6,1,4,0,40-50,6.766666666666667,0.0,0.0,0.0,-1,-1,0.0,0.0,0.0,0.0,0.0,0.0,0,0,0.0,0.0,0,0,0.0,0.0,0,0,0.0,0.0,0,0,0.0,0
LGS2ORD0002937,C013051,2025-01-24 06:00:00,Female,40,Bronze,Web,Phuket,773,Lazada,Credit_Card,6,1,4,0,30-40,25.766666666666666,0.0,0.0,0.0,-1,-1,0.0,0.0,0.0,0.0,0.0,0.0,0,0,0.0,0.0,0,0,0.0,0.0,0,0,0.0,0.0,0,0,0.0,0
LGS2ORD0002938,C013507,2025-01-24 06:00:00,Female,71,Bronze,TV,Songkhla,460,Lazada,COD,6,1,4,0,>50,15.333333333333334,0.0,0.0,0.0,-1,-1,0.0,0.0,0.0,0.0,0.0,0.0,0,0,0.0,0.0,0,0,0.0,0.0,0,0,0.0,0.0,0,0,0.0,0
LGS2ORD0002939,C015246,2025-01-24 06:00:00,Female,39,Bronze,Shopee,Bangkok,612,Shopee,COD,6,1,4,0,30-40,20.4,0.0,0.0,0.0,-1,-1,0.0,0.0,0.0,0.0,0.0,0.0,0,0,0.0,0.0,0,0,0.0,0.0,0,0,0.0,0.0,0,0,0.0,0
LGS2ORD0002940,C014510,2025-01-24 07:00:00,Female,72,Platinum,Lazada,Bangkok,447,Shopee,COD,7,1,4,0,>50,14.9,0.0,0.0,0.0,-1,-1,0.0,0.0,0.0,0.0,0.0,0.0,0,0,0.0,0.0,0,0,0.0,0.0,0,0,0.0,0.0,0,0,0.0,0
LGS2ORD0002941,C011097,2025-01-24 07:00:00,Female,58,Gold,TV,Chiang Mai,988,Shopee,COD,7,1,4,0,>50,32.93333333333333,0.0,0.0,0.0,-1,-1,0.0,0.0,0.0,0.0,0.0,0.0,0,0,0.0,0.0,0,0,0.0,0.0,0,0,0.0,0.0,0,0,0.0,0
LGS2ORD0002942,C014157,2025-01-24 07:00:00,Male,59,Gold,TV,Khon Kaen,1470,Web,Credit_Card,7,1,4,0,>50,49.0,0.0,0.0,0.0,-1,-1,0.0,0.0,0.0,0.0,0.0,0.0,0,0,0.0,0.0,0,0,0.0,0.0,0,0,0.0,0.0,0,0,0.0,0
LGS2ORD0002943,C017087,2025-01-24 07:00:00,Other,53,Silver,TV,Remote_Area,1102,Lazada,Bank_Transfer,7,1,4,0,>50,36.733333333333334,0.0,0.0,0.0,-1,-1,0.0,0.0,0.0,0.0,0.0,0.0,0,0,0.0,0.0,0,0,0.0,0.0,0,0,0.0,0.0,0,0,0.0,0
LGS2ORD0002944,C012389,2025-01-24 07:00:00,Female,55,Gold,Shopee,Bangkok,111,TV_Show,COD,7,1,4,0,>50,3.7,1.0,0.0,0.0,-1,17,1035.92,0.33,0.0,1.0,0.0,0.0,0,0,0.0,1035.92,1,0,0.0,1035.92,1,0,0.0,1035.92,1,0,0.0,0
LGS2ORD0002945,C010780,2025-01-24 08:00:00,Male,40,Bronze,Web,Chiang Mai,616,Shopee,COD,8,1,4,0,30-40,20.533333333333335,0.0,0.0,0.0,-1,-1,0.0,0.0,0.0,0.0,0.0,0.0,0,0,0.0,0.0,0,0,0.0,0.0,0,0,0.0,0.0,0,0,0.0,1
LGS2ORD0002946,C010179,2025-01-24 08:00:00,Female,33,Bronze,TV,Khon Kaen,486,Shopee,PromptPay,8,1,4,0,30-40,16.2,0.0,0.0,0.0,-1,-1,0.0,0.0,0.0,0.0,0.0,0.0,0,0,0.0,0.0,0,0,0.0,0.0,0,0,0.0,0.0,0,0,0.0,0
LGS2ORD0002947,C010718,2025-01-24 08:00:00,Male,30,Bronze,TV,Bangkok,1050,Lazada,COD,8,1,4,0,20-30,35.0,0.0,0.0,0.0,-1,-1,0.0,0.0,0.0,0.0,0.0,0.0,0,0,0.0,0.0,0,0,0.0,0.0,0,0,0.0,0.0,0,0,0.0,0
LGS2ORD0002948,C015819,2025-01-24 08:00:00,Female,29,Bronze,TV,Bangkok,354,TV_Show,COD,8,1,4,0,20-30,11.8,0.0,0.0,0.0,-1,-1,0.0,0.0,0.0,0.0,0.0,0.0,0,0,0.0,0.0,0,0,0.0,0.0,0,0,0.0,0.0,0,0,0.0,0
LGS2ORD0002949,C015590,2025-01-24 08:00:00,Male,46,Bronze,Web,Chonburi,1438,Web,COD,8,1,4,0,40-50,47.93333333333333,1.0,1.0,1.0,7,22,7435.62,0.03,1.0,0.0,0.0,0.0,0,0,0.0,7435.62,1,1,1.0,7435.62,1,1,1.0,7435.62,1,1,1.0,0
LGS2ORD0002950,C012824,2025-01-24 08:00:00,Female,51,Silver,TV,Remote_Area,882,TV_Show,Credit_Card,8,1,4,0,>50,29.4,0.0,0.0,0.0,-1,-1,0.0,0.0,0.0,0.0,0.0,0.0,0,0,0.0,0.0,0,0,0.0,0.0,0,0,0.0,0.0,0,0,0.0,0
LGS2ORD0002951,C011594,2025-01-24 09:00:00,Female,27,Gold,CallCenter,Bangkok,1362,Web,COD,9,1,4,0,20-30,45.4,0.0,0.0,0.0,-1,-1,0.0,0.0,0.0,0.0,0.0,0.0,0,0,0.0,0.0,0,0,0.0,0.0,0,0,0.0,0.0,0,0,0.0,0
LGS2ORD0002952,C016093,2025-01-24 09:00:00,Male,58,Bronze,CallCenter,Bangkok,204,Shopee,COD,9,1,4,0,>50,6.8,1.0,0.0,0.0,-1,6,1688.03,0.03,1.0,0.0,0.0,1688.03,1,0,0.0,1688.03,1,0,0.0,1688.03,1,0,0.0,1688.03,1,0,0.0,1
LGS2ORD0002953,C012403,2025-01-24 09:00:00,Female,48,Bronze,TV,Chonburi,1308,Lazada,COD,9,1,4,0,40-50,43.6,0.0,0.0,0.0,-1,-1,0.0,0.0,0.0,0.0,0.0,0.0,0,0,0.0,0.0,0,0,0.0,0.0,0,0,0.0,0.0,0,0,0.0,0
LGS2ORD0002954,C014745,2025-01-24 09:00:00,Female,30,Silver,TV,Chiang Mai,1147,CallCenter,COD,9,1,4,0,20-30,38.233333333333334,0.0,0.0,0.0,-1,-1,0.0,0.0,0.0,0.0,0.0,0.0,0,0,0.0,0.0,0,0,0.0,0.0,0,0,0.0,0.0,0,0,0.0,1
LGS2ORD0002955,C016499,2025-01-24 09:00:00,Female,27,Bronze,Shopee,Remote_Area,922,TV_Show,PromptPay,9,1,4,0,20-30,30.733333333333334,0.0,0.0,0.0,-1,-1,0.0,0.0,0.0,0.0,0.0,0.0,0,0,0.0,0.0,0,0,0.0,0.0,0,0,0.0,0.0,0,0,0.0,0
LGS2ORD0002956,C017789,2025-01-24 10:00:00,Male,41,Platinum,Shopee,Songkhla,700,Web,Credit_Card,10,1,4,0,40-50,23.333333333333332,0.0,0.0,0.0,-1,-1,0.0,0.0,0.0,0.0,0.0,0.0,0,0,0.0,0.0,0,0,0.0,0.0,0,0,0.0,0.0,0,0,0.0,0
LGS2ORD0002957,C014319,2025-01-24 10:00:00,Female,43,Bronze,Shopee,Bangkok,1131,Web,COD,10,1,4,0,40-50,37.7,0.0,0.0,0.0,-1,-1,0.0,0.0,0.0,0.0,0.0,0.0,0,0,0.0,0.0,0,0,0.0,0.0,0,0,0.0,0.0,0,0,0.0,0
LGS2ORD0002958,C016237,2025-01-24 10:00:00,Female,40,Silver,CallCenter,Bangkok,1449,TV_Show,PromptPay,10,1,4,0,30-40,48.3,1.0,0.0,0.0,-1,7,6349.64,0.1,0.0,0.0,0.0,0.0,0,0,0.0,6349.64,1,0,0.0,6349.64,1,0,0.0,6349.64,1,0,0.0,0
LGS2ORD0002959,C015984,2025-01-24 10:00:00,Male,50,Silver,Shopee,Bangkok,1429,Web,Bank_Transfer,10,1,4,0,40-50,47.63333333333333,1.0,0.0,0.0,-1,2,12059.43,0.1,0.0,0.0,0.0,12059.43,1,0,0.0,12059.43,1,0,0.0,12059.43,1,0,0.0,12059.43,1,0,0.0,0
LGS2ORD0002960,C011142,2025-01-24 10:00:00,Male,32,Gold,CallCenter,Bangkok,287,Web,Credit_Card,10,1,4,0,30-40,9.566666666666666,0.0,0.0,0.0,-1,-1,0.0,0.0,0.0,0.0,0.0,0.0,0,0,0.0,0.0,0,0,0.0,0.0,0,0,0.0,0.0,0,0,0.0,0
LGS2ORD0002961,C014451,2025-01-24 11:00:00,Female,58,Silver,Web,Chonburi,1355,TV_Show,COD,11,1,4,0,>50,45.166666666666664,0.0,0.0,0.0,-1,-1,0.0,0.0,0.0,0.0,0.0,0.0,0,0,0.0,0.0,0,0,0.0,0.0,0,0,0.0,0.0,0,0,0.0,0
LGS2ORD0002962,C012731,2025-01-24 11:00:00,Male,45,Bronze,Web,Remote_Area,1231,Lazada,COD,11,1,4,0,40-50,41.03333333333333,0.0,0.0,0.0,-1,-1,0.0,0.0,0.0,0.0,0.0,0.0,0,0,0.0,0.0,0,0,0.0,0.0,0,0,0.0,0.0,0,0,0.0,1
LGS2ORD0002963,C013231,2025-01-24 11:00:00,Male,37,Bronze,Lazada,Nakhon Ratchasima,201,CallCenter,COD,11,1,4,0,30-40,6.7,0.0,0.0,0.0,-1,-1,0.0,0.0,0.0,0.0,0.0,0.0,0,0,0.0,0.0,0,0,0.0,0.0,0,0,0.0,0.0,0,0,0.0,0
LGS2ORD0002964,C014144,2025-01-24 11:00:00,Female,52,Bronze,Shopee,Bangkok,1063,Shopee,COD,11,1,4,0,>50,35.43333333333333,0.0,0.0,0.0,-1,-1,0.0,0.0,0.0,0.0,0.0,0.0,0,0,0.0,0.0,0,0,0.0,0.0,0,0,0.0,0.0,0,0,0.0,0
LGS2ORD0002965,C012883,2025-01-24 11:00:00,Female,41,Gold,TV,Khon Kaen,578,CallCenter,Credit_Card,11,1,4,0,40-50,19.266666666666666,0.0,0.0,0.0,-1,-1,0.0,0.0,0.0,0.0,0.0,0.0,0,0,0.0,0.0,0,0,0.0,0.0,0,0,0.0,0.0,0,0,0.0,0
LGS2ORD0002966,C010760,2025-01-24 12:00:00,Female,32,Bronze,Lazada,Khon Kaen,1465,Web,Bank_Transfer,12,1,4,0,30-40,48.833333333333336,0.0,0.0,0.0,-1,-1,0.0,0.0,0.0,0.0,0.0,0.0,0,0,0.0,0.0,0,0,0.0,0.0,0,0,0.0,0.0,0,0,0.0,0
LGS2ORD0002967,C011110,2025-01-24 12:00:00,Female,39,Gold,Shopee,Chiang Mai,1000,TV_Show,COD,12,1,4,0,30-40,33.333333333333336,0.0,0.0,0.0,-1,-1,0.0,0.0,0.0,0.0,0.0,0.0,0,0,0.0,0.0,0,0,0.0,0.0,0,0,0.0,0.0,0,0,0.0,0
LGS2ORD0002968,C012025,2025-01-24 12:00:00,Male,49,Bronze,TV,Chonburi,1080,TV_Show,Credit_Card,12,1,4,0,40-50,36.0,0.0,0.0,0.0,-1,-1,0.0,0.0,0.0,0.0,0.0,0.0,0,0,0.0,0.0,0,0,0.0,0.0,0,0,0.0,0.0,0,0,0.0,0
LGS2ORD0002969,C013077,2025-01-24 12:00:00,Female,46,Gold,Shopee,Chiang Mai,856,Web,PromptPay,12,1,4,0,40-50,28.533333333333335,0.0,0.0,0.0,-1,-1,0.0,0.0,0.0,0.0,0.0,0.0,0,0,0.0,0.0,0,0,0.0,0.0,0,0,0.0,0.0,0,0,0.0,0
LGS2ORD0002970,C015633,2025-01-24 12:00:00,Male,26,Bronze,TV,Nakhon Ratchasima,811,Web,Credit_Card,12,1,4,0,20-30,27.033333333333335,0.0,0.0,0.0,-1,-1,0.0,0.0,0.0,0.0,0.0,0.0,0,0,0.0,0.0,0,0,0.0,0.0,0,0,0.0,0.0,0,0,0.0,1
LGS2ORD0002971,C010613,2025-01-24 12:00:00,Male,47,Silver,Lazada,Remote_Area,798,Lazada,COD,12,1,4,0,40-50,26.6,0.0,0.0,0.0,-1,-1,0.0,0.0,0.0,0.0,0.0,0.0,0,0,0.0,0.0,0,0,0.0,0.0,0,0,0.0,0.0,0,0,0.0,1
LGS2ORD0002972,C013103,2025-01-24 13:00:00,Female,67,Gold,Lazada,Bangkok,163,CallCenter,COD,13,1,4,0,>50,5.433333333333334,0.0,0.0,0.0,-1,-1,0.0,0.0,0.0,0.0,0.0,0.0,0,0,0.0,0.0,0,0,0.0,0.0,0,0,0.0,0.0,0,0,0.0,0
LGS2ORD0002973,C014380,2025-01-24 13:00:00,Male,41,Silver,Shopee,Nakhon Ratchasima,1462,CallCenter,COD,13,1,4,0,40-50,48.733333333333334,2.0,1.0,0.5,10,13,847.815,0.05,0.5,0.0,0.0,0.0,0,0,0.0,1695.63,2,1,0.5,1695.63,2,1,0.5,1695.63,2,1,0.5,0
LGS2ORD0002974,C012157,2025-01-24 13:00:00,Male,54,Silver,Shopee,Remote_Area,199,Lazada,COD,13,1,4,0,>50,6.633333333333334,2.0,1.0,0.5,5,4,2136.94,0.3,0.5,0.5,0.0,1320.11,1,0,0.0,4273.88,2,1,0.5,4273.88,2,1,0.5,4273.88,2,1,0.5,0
LGS2ORD0002975,C015333,2025-01-24 13:00:00,Male,58,Bronze,TV,Khon Kaen,882,Shopee,Credit_Card,13,1,4,0,>50,29.4,0.0,0.0,0.0,-1,-1,0.0,0.0,0.0,0.0,0.0,0.0,0,0,0.0,0.0,0,0,0.0,0.0,0,0,0.0,0.0,0,0,0.0,0
LGS2ORD0002976,C010714,2025-01-24 13:00:00,Female,49,Bronze,TV,Remote_Area,903,Shopee,COD,13,1,4,0,40-50,30.1,0.0,0.0,0.0,-1,-1,0.0,0.0,0.0,0.0,0.0,0.0,0,0,0.0,0.0,0,0,0.0,0.0,0,0,0.0,0.0,0,0,0.0,1
LGS2ORD0002977,C014844,2025-01-24 14:00:00,Female,40,Gold,Web,Bangkok,425,Shopee,COD,14,1,4,0,30-40,14.166666666666666,2.0,0.0,0.0,-1,3,4642.155,0.28,0.5,0.5,0.0,2069.43,1,0,0.0,9284.31,2,0,0.0,9284.31,2,0,0.0,9284.31,2,0,0.0,0
LGS2ORD0002978,C017204,2025-01-24 14:00:00,Female,45,Bronze,Lazada,Chonburi,318,TV_Show,Bank_Transfer,14,1,4,0,40-50,10.6,2.0,1.0,0.5,-7,2,5583.005,0.18,0.5,0.0,0.0,5492.0,1,1,1.0,11166.01,2,1,0.5,11166.01,2,1,0.5,11166.01,2,1,0.5,0
LGS2ORD0002979,C017334,2025-01-24 14:00:00,Male,45,Silver,Web,Remote_Area,347,Lazada,Bank_Transfer,14,1,4,0,40-50,11.566666666666666,1.0,0.0,0.0,-1,16,785.84,0.2,0.0,0.0,0.0,0.0,0,0,0.0,785.84,1,0,0.0,785.84,1,0,0.0,785.84,1,0,0.0,0
LGS2ORD0002980,C014874,2025-01-24 14:00:00,Female,31,Silver,CallCenter,Chiang Mai,448,Shopee,COD,14,1,4,0,30-40,14.933333333333334,1.0,0.0,0.0,-1,6,1531.9,0.1,1.0,0.0,0.0,1531.9,1,0,0.0,1531.9,1,0,0.0,1531.9,1,0,0.0,1531.9,1,0,0.0,0
LGS2ORD0002981,C014583,2025-01-24 14:00:00,Female,46,Silver,TV,Songkhla,1229,TV_Show,COD,14,1,4,0,40-50,40.96666666666667,1.0,0.0,0.0,-1,11,713.05,0.1,0.0,0.0,0.0,0.0,0,0,0.0,713.05,1,0,0.0,713.05,1,0,0.0,713.05,1,0,0.0,1
LGS2ORD0002982,C017093,2025-01-24 15:00:00,Female,38,Bronze,TV,Bangkok,124,Web,Credit_Card,15,1,4,0,30-40,4.133333333333334,0.0,0.0,0.0,-1,-1,0.0,0.0,0.0,0.0,0.0,0.0,0,0,0.0,0.0,0,0,0.0,0.0,0,0,0.0,0.0,0,0,0.0,1
LGS2ORD0002983,C012070,2025-01-24 15:00:00,Male,59,Bronze,Lazada,Bangkok,348,Shopee,Credit_Card,15,1,4,0,>50,11.6,0.0,0.0,0.0,-1,-1,0.0,0.0,0.0,0.0,0.0,0.0,0,0,0.0,0.0,0,0,0.0,0.0,0,0,0.0,0.0,0,0,0.0,0
LGS2ORD0002984,C015301,2025-01-24 15:00:00,Female,24,Platinum,CallCenter,Khon Kaen,1272,Lazada,Credit_Card,15,1,4,0,20-30,42.4,0.0,0.0,0.0,-1,-1,0.0,0.0,0.0,0.0,0.0,0.0,0,0,0.0,0.0,0,0,0.0,0.0,0,0,0.0,0.0,0,0,0.0,0
LGS2ORD0002985,C011284,2025-01-24 15:00:00,Female,46,Bronze,TV,Remote_Area,1261,TV_Show,COD,15,1,4,0,40-50,42.03333333333333,1.0,0.0,0.0,-1,9,6457.83,0.08,1.0,0.0,0.0,0.0,0,0,0.0,6457.83,1,0,0.0,6457.83,1,0,0.0,6457.83,1,0,0.0,1
LGS2ORD0002986,C015355,2025-01-24 15:00:00,Male,24,Gold,TV,Chiang Mai,832,TV_Show,COD,15,1,4,0,20-30,27.733333333333334,0.0,0.0,0.0,-1,-1,0.0,0.0,0.0,0.0,0.0,0.0,0,0,0.0,0.0,0,0,0.0,0.0,0,0,0.0,0.0,0,0,0.0,0
LGS2ORD0002987,C013704,2025-01-24 16:00:00,Male,42,Bronze,TV,Khon Kaen,1227,TV_Show,COD,16,1,4,0,40-50,40.9,0.0,0.0,0.0,-1,-1,0.0,0.0,0.0,0.0,0.0,0.0,0,0,0.0,0.0,0,0,0.0,0.0,0,0,0.0,0.0,0,0,0.0,0
LGS2ORD0002988,C013939,2025-01-24 16:00:00,Female,42,Bronze,TV,Remote_Area,489,TV_Show,COD,16,1,4,0,40-50,16.3,0.0,0.0,0.0,-1,-1,0.0,0.0,0.0,0.0,0.0,0.0,0,0,0.0,0.0,0,0,0.0,0.0,0,0,0.0,0.0,0,0,0.0,0
LGS2ORD0002989,C011967,2025-01-24 16:00:00,Female,29,Gold,Web,Bangkok,389,Lazada,Credit_Card,16,1,4,0,20-30,12.966666666666667,1.0,0.0,0.0,-1,16,9615.2,0.08,1.0,0.0,0.0,0.0,0,0,0.0,9615.2,1,0,0.0,9615.2,1,0,0.0,9615.2,1,0,0.0,0
LGS2ORD0002990,C015073,2025-01-24 16:00:00,Male,22,Bronze,Web,Nakhon Ratchasima,540,Web,PromptPay,16,1,4,0,20-30,18.0,0.0,0.0,0.0,-1,-1,0.0,0.0,0.0,0.0,0.0,0.0,0,0,0.0,0.0,0,0,0.0,0.0,0,0,0.0,0.0,0,0,0.0,0
LGS2ORD0002991,C011637,2025-01-24 16:00:00,Male,36,Gold,Shopee,Nakhon Ratchasima,960,Web,PromptPay,16,1,4,0,30-40,32.0,0.0,0.0,0.0,-1,-1,0.0,0.0,0.0,0.0,0.0,0.0,0,0,0.0,0.0,0,0,0.0,0.0,0,0,0.0,0.0,0,0,0.0,0
LGS2ORD0002992,C014235,2025-01-24 16:00:00,Male,31,Silver,TV,Bangkok,342,TV_Show,PromptPay,16,1,4,0,30-40,11.4,1.0,0.0,0.0,-1,9,9661.89,0.1,1.0,0.0,0.0,0.0,0,0,0.0,9661.89,1,0,0.0,9661.89,1,0,0.0,9661.89,1,0,0.0,0
LGS2ORD0002993,C013767,2025-01-24 17:00:00,Female,23,Bronze,TV,Nakhon Ratchasima,581,TV_Show,Bank_Transfer,17,1,4,0,20-30,19.366666666666667,1.0,1.0,1.0,4,8,7420.11,0.18,1.0,0.0,0.0,0.0,0,0,0.0,7420.11,1,1,1.0,7420.11,1,1,1.0,7420.11,1,1,1.0,0
LGS2ORD0002994,C010884,2025-01-24 17:00:00,Female,33,Gold,CallCenter,Nakhon Ratchasima,326,Shopee,COD,17,1,4,0,30-40,10.866666666666667,0.0,0.0,0.0,-1,-1,0.0,0.0,0.0,0.0,0.0,0.0,0,0,0.0,0.0,0,0,0.0,0.0,0,0,0.0,0.0,0,0,0.0,0
LGS2ORD0002995,C012205,2025-01-24 17:00:00,Male,31,Bronze,TV,Remote_Area,848,CallCenter,COD,17,1,4,0,30-40,28.266666666666666,1.0,0.0,0.0,-1,2,293.66,0.13,0.0,0.0,0.0,293.66,1,0,0.0,293.66,1,0,0.0,293.66,1,0,0.0,293.66,1,0,0.0,1
LGS2ORD0002996,C012239,2025-01-24 17:00:00,Male,47,Silver,Shopee,Remote_Area,1484,Shopee,Credit_Card,17,1,4,0,40-50,49.46666666666667,0.0,0.0,0.0,-1,-1,0.0,0.0,0.0,0.0,0.0,0.0,0,0,0.0,0.0,0,0,0.0,0.0,0,0,0.0,0.0,0,0,0.0,0
LGS2ORD0002997,C013010,2025-01-24 17:00:00,Male,51,Gold,CallCenter,Bangkok,1264,Web,COD,17,1,4,0,>50,42.13333333333333,1.0,0.0,0.0,-1,21,4044.45,0.08,0.0,0.0,0.0,0.0,0,0,0.0,4044.45,1,0,0.0,4044.45,1,0,0.0,4044.45,1,0,0.0,0
LGS2ORD0002998,C014575,2025-01-24 18:00:00,Female,42,Gold,Web,Chonburi,1383,CallCenter,COD,18,1,4,0,40-50,46.1,1.0,1.0,1.0,3,6,6733.24,0.08,0.0,0.0,0.0,6733.24,1,1,1.0,6733.24,1,1,1.0,6733.24,1,1,1.0,6733.24,1,1,1.0,0
LGS2ORD0002999,C017296,2025-01-24 18:00:00,Female,41,Gold,Lazada,Bangkok,104,TV_Show,Bank_Transfer,18,1,4,0,40-50,3.466666666666667,0.0,0.0,0.0,-1,-1,0.0,0.0,0.0,0.0,0.0,0.0,0,0,0.0,0.0,0,0,0.0,0.0,0,0,0.0,0.0,0,0,0.0,0
LGS2ORD0003000,C017988,2025-01-24 18:00:00,Male,28,Silver,Lazada,Chiang Mai,840,Web,Bank_Transfer,18,1,4,0,20-30,28.0,0.0,0.0,0.0,-1,-1,0.0,0.0,0.0,0.0,0.0,0.0,0,0,0.0,0.0,0,0,0.0,0.0,0,0,0.0,0.0,0,0,0.0,0
LGS2ORD0003001,C010489,2025-01-24 18:00:00,Male,33,Gold,Lazada,Chonburi,397,Web,PromptPay,18,1,4,0,30-40,13.233333333333333,0.0,0.0,0.0,-1,-1,0.0,0.0,0.0,0.0,0.0,0.0,0,0,0.0,0.0,0,0,0.0,0.0,0,0,0.0,0.0,0,0,0.0,0
LGS2ORD0003002,C017948,2025-01-24 18:00:00,Male,42,Bronze,Web,Bangkok,1020,Lazada,COD,18,1,4,0,40-50,34.0,0.0,0.0,0.0,-1,-1,0.0,0.0,0.0,0.0,0.0,0.0,0,0,0.0,0.0,0,0,0.0,0.0,0,0,0.0,0.0,0,0,0.0,0
LGS2ORD0003003,C017429,2025-01-24 19:00:00,Male,42,Silver,TV,Nakhon Ratchasima,771,Web,Credit_Card,19,1,4,0,40-50,25.7,0.0,0.0,0.0,-1,-1,0.0,0.0,0.0,0.0,0.0,0.0,0,0,0.0,0.0,0,0,0.0,0.0,0,0,0.0,0.0,0,0,0.0,0
LGS2ORD0003004,C012965,2025-01-24 19:00:00,Male,61,Bronze,TV,Bangkok,956,Shopee,COD,19,1,4,0,>50,31.866666666666667,1.0,0.0,0.0,-1,17,493.25,0.18,0.0,0.0,0.0,0.0,0,0,0.0,493.25,1,0,0.0,493.25,1,0,0.0,493.25,1,0,0.0,0
LGS2ORD0003005,C011824,2025-01-24 19:00:00,Male,44,Bronze,Shopee,Nakhon Ratchasima,1313,TV_Show,COD,19,1,4,0,40-50,43.766666666666666,0.0,0.0,0.0,-1,-1,0.0,0.0,0.0,0.0,0.0,0.0,0,0,0.0,0.0,0,0,0.0,0.0,0,0,0.0,0.0,0,0,0.0,1
LGS2ORD0003006,C016130,2025-01-24 19:00:00,Male,36,Gold,Shopee,Bangkok,1217,Web,COD,19,1,4,0,30-40,40.56666666666667,1.0,0.0,0.0,-1,7,1395.18,0.18,1.0,0.0,0.0,0.0,0,0,0.0,1395.18,1,0,0.0,1395.18,1,0,0.0,1395.18,1,0,0.0,0
LGS2ORD0003007,C013054,2025-01-24 19:00:00,Female,64,Silver,Web,Khon Kaen,1458,Web,COD,19,1,4,0,>50,48.6,0.0,0.0,0.0,-1,-1,0.0,0.0,0.0,0.0,0.0,0.0,0,0,0.0,0.0,0,0,0.0,0.0,0,0,0.0,0.0,0,0,0.0,1
LGS2ORD0003008,C015407,2025-01-24 20:00:00,Female,56,Gold,Lazada,Songkhla,587,CallCenter,COD,20,1,4,0,>50,19.566666666666666,1.0,1.0,1.0,4,15,2184.59,0.28,1.0,1.0,0.0,0.0,0,0,0.0,2184.59,1,1,1.0,2184.59,1,1,1.0,2184.59,1,1,1.0,0
LGS2ORD0003009,C016498,2025-01-24 20:00:00,Male,33,Gold,CallCenter,Bangkok,1461,Lazada,Bank_Transfer,20,1,4,0,30-40,48.7,1.0,0.0,0.0,-1,3,7934.61,0.33,1.0,1.0,0.0,7934.61,1,0,0.0,7934.61,1,0,0.0,7934.61,1,0,0.0,7934.61,1,0,0.0,0
LGS2ORD0003010,C010097,2025-01-24 20:00:00,Male,39,Silver,Lazada,Chonburi,1406,TV_Show,PromptPay,20,1,4,0,30-40,46.86666666666667,0.0,0.0,0.0,-1,-1,0.0,0.0,0.0,0.0,0.0,0.0,0,0,0.0,0.0,0,0,0.0,0.0,0,0,0.0,0.0,0,0,0.0,0
LGS2ORD0003011,C012911,2025-01-24 20:00:00,Male,37,Bronze,Lazada,Chonburi,667,Shopee,Bank_Transfer,20,1,4,0,30-40,22.233333333333334,0.0,0.0,0.0,-1,-1,0.0,0.0,0.0,0.0,0.0,0.0,0,0,0.0,0.0,0,0,0.0,0.0,0,0,0.0,0.0,0,0,0.0,0
LGS2ORD0003012,C017824,2025-01-24 20:00:00,Female,54,Bronze,TV,Phuket,509,Web,COD,20,1,4,0,>50,16.966666666666665,0.0,0.0,0.0,-1,-1,0.0,0.0,0.0,0.0,0.0,0.0,0,0,0.0,0.0,0,0,0.0,0.0,0,0,0.0,0.0,0,0,0.0,0
LGS2ORD0003013,C010552,2025-01-24 20:00:00,Male,36,Silver,Shopee,Chonburi,1462,Web,COD,20,1,4,0,30-40,48.733333333333334,1.0,1.0,1.0,2,15,6538.81,0.05,0.0,0.0,0.0,0.0,0,0,0.0,6538.81,1,1,1.0,6538.81,1,1,1.0,6538.81,1,1,1.0,0
LGS2ORD0003014,C011694,2025-01-24 21:00:00,Male,36,Silver,TV,Bangkok,121,TV_Show,Credit_Card,21,1,4,0,30-40,4.033333333333333,0.0,0.0,0.0,-1,-1,0.0,0.0,0.0,0.0,0.0,0.0,0,0,0.0,0.0,0,0,0.0,0.0,0,0,0.0,0.0,0,0,0.0,0
LGS2ORD0003015,C015573,2025-01-24 21:00:00,Female,45,Silver,Shopee,Bangkok,1432,Web,COD,21,1,4,0,40-50,47.733333333333334,0.0,0.0,0.0,-1,-1,0.0,0.0,0.0,0.0,0.0,0.0,0,0,0.0,0.0,0,0,0.0,0.0,0,0,0.0,0.0,0,0,0.0,0
LGS2ORD0003016,C016349,2025-01-24 21:00:00,Female,52,Gold,CallCenter,Remote_Area,1381,Web,Credit_Card,21,1,4,0,>50,46.03333333333333,0.0,0.0,0.0,-1,-1,0.0,0.0,0.0,0.0,0.0,0.0,0,0,0.0,0.0,0,0,0.0,0.0,0,0,0.0,0.0,0,0,0.0,0
LGS2ORD0003017,C017406,2025-01-24 21:00:00,Female,37,Gold,Shopee,Bangkok,1213,CallCenter,COD,21,1,4,0,30-40,40.43333333333333,0.0,0.0,0.0,-1,-1,0.0,0.0,0.0,0.0,0.0,0.0,0,0,0.0,0.0,0,0,0.0,0.0,0,0,0.0,0.0,0,0,0.0,0
LGS2ORD0003018,C016417,2025-01-24 21:00:00,Male,46,Bronze,Lazada,Songkhla,120,Shopee,COD,21,1,4,0,40-50,4.0,0.0,0.0,0.0,-1,-1,0.0,0.0,0.0,0.0,0.0,0.0,0,0,0.0,0.0,0,0,0.0,0.0,0,0,0.0,0.0,0,0,0.0,0
LGS2ORD0003019,C015616,2025-01-24 22:00:00,Female,41,Bronze,Shopee,Phuket,55,CallCenter,Credit_Card,22,1,4,0,40-50,1.8333333333333333,0.0,0.0,0.0,-1,-1,0.0,0.0,0.0,0.0,0.0,0.0,0,0,0.0,0.0,0,0,0.0,0.0,0,0,0.0,0.0,0,0,0.0,0
LGS2ORD0003020,C017847,2025-01-24 22:00:00,Male,35,Bronze,Web,Phuket,1263,CallCenter,COD,22,1,4,0,30-40,42.1,0.0,0.0,0.0,-1,-1,0.0,0.0,0.0,0.0,0.0,0.0,0,0,0.0,0.0,0,0,0.0,0.0,0,0,0.0,0.0,0,0,0.0,0
LGS2ORD0003021,C016913,2025-01-24 22:00:00,Male,58,Bronze,Web,Bangkok,146,TV_Show,COD,22,1,4,0,>50,4.866666666666666,1.0,0.0,0.0,-1,2,349.72,0.28,0.0,1.0,0.0,349.72,1,0,0.0,349.72,1,0,0.0,349.72,1,0,0.0,349.72,1,0,0.0,1
LGS2ORD0003022,C015120,2025-01-24 22:00:00,Female,22,Silver,Web,Bangkok,1144,TV_Show,PromptPay,22,1,4,0,20-30,38.13333333333333,1.0,0.0,0.0,-1,17,806.17,0.2,0.0,0.0,0.0,0.0,0,0,0.0,806.17,1,0,0.0,806.17,1,0,0.0,806.17,1,0,0.0,0
LGS2ORD0003023,C013220,2025-01-24 22:00:00,Female,30,Silver,CallCenter,Bangkok,1320,Web,Credit_Card,22,1,4,0,20-30,44.0,1.0,0.0,0.0,-1,17,2959.95,0.2,0.0,0.0,0.0,0.0,0,0,0.0,2959.95,1,0,0.0,2959.95,1,0,0.0,2959.95,1,0,0.0,0
LGS2ORD0003024,C017265,2025-01-24 23:00:00,Male,37,Bronze,TV,Phuket,1266,Shopee,COD,23,1,4,0,30-40,42.2,0.0,0.0,0.0,-1,-1,0.0,0.0,0.0,0.0,0.0,0.0,0,0,0.0,0.0,0,0,0.0,0.0,0,0,0.0,0.0,0,0,0.0,0
LGS2ORD0003025,C010308,2025-01-24 23:00:00,Female,53,Bronze,TV,Bangkok,1190,CallCenter,COD,23,1,4,0,>50,39.666666666666664,2.0,0.0,0.0,-1,7,2793.1600000000003,0.28,1.0,0.5,0.0,0.0,0,0,0.0,5586.320000000001,2,0,0.0,5586.320000000001,2,0,0.0,5586.320000000001,2,0,0.0,0
LGS2ORD0003026,C016676,2025-01-24 23:00:00,Male,50,Gold,TV,Nakhon Ratchasima,1456,Web,Credit_Card,23,1,4,0,40-50,48.53333333333333,0.0,0.0,0.0,-1,-1,0.0,0.0,0.0,0.0,0.0,0.0,0,0,0.0,0.0,0,0,0.0,0.0,0,0,0.0,0.0,0,0,0.0,0
LGS2ORD0003027,C011681,2025-01-24 23:00:00,Male,42,Bronze,Shopee,Bangkok,49,Web,COD,23,1,4,0,40-50,1.6333333333333333,0.0,0.0,0.0,-1,-1,0.0,0.0,0.0,0.0,0.0,0.0,0,0,0.0,0.0,0,0,0.0,0.0,0,0,0.0,0.0,0,0,0.0,0
LGS2ORD0003028,C010324,2025-01-24 23:00:00,Male,43,Bronze,TV,Chiang Mai,427,TV_Show,COD,23,1,4,0,40-50,14.233333333333333,1.0,0.0,0.0,-1,4,3294.82,0.18,0.0,0.0,0.0,3294.82,1,0,0.0,3294.82,1,0,0.0,3294.82,1,0,0.0,3294.82,1,0,0.0,1
LGS2ORD0003029,C011131,2025-01-25 00:00:00,Female,42,Bronze,TV,Remote_Area,1241,Web,Credit_Card,0,1,5,1,40-50,41.36666666666667,1.0,0.0,0.0,-1,2,4669.97,0.03,1.0,0.0,0.0,4669.97,1,0,0.0,4669.97,1,0,0.0,4669.97,1,0,0.0,4669.97,1,0,0.0,0
LGS2ORD0003030,C012260,2025-01-25 00:00:00,Female,51,Bronze,Lazada,Bangkok,739,TV_Show,COD,0,1,5,1,>50,24.633333333333333,0.0,0.0,0.0,-1,-1,0.0,0.0,0.0,0.0,0.0,0.0,0,0,0.0,0.0,0,0,0.0,0.0,0,0,0.0,0.0,0,0,0.0,0
LGS2ORD0003031,C012610,2025-01-25 00:00:00,Other,42,Silver,TV,Remote_Area,466,TV_Show,COD,0,1,5,1,40-50,15.533333333333333,2.0,1.0,0.5,-2,5,1179.725,0.2,1.0,0.0,0.0,1864.24,1,1,1.0,2359.45,2,1,0.5,2359.45,2,1,0.5,2359.45,2,1,0.5,0
LGS2ORD0003032,C010581,2025-01-25 00:00:00,Male,41,Platinum,Lazada,Chiang Mai,600,Web,Credit_Card,0,1,5,1,40-50,20.0,2.0,0.0,0.0,-1,5,3271.545,0.35,0.5,0.5,0.0,601.52,1,0,0.0,6543.09,2,0,0.0,6543.09,2,0,0.0,6543.09,2,0,0.0,0
LGS2ORD0003033,C015251,2025-01-25 00:00:00,Male,25,Platinum,CallCenter,Bangkok,1481,Web,COD,0,1,5,1,20-30,49.36666666666667,0.0,0.0,0.0,-1,-1,0.0,0.0,0.0,0.0,0.0,0.0,0,0,0.0,0.0,0,0,0.0,0.0,0,0,0.0,0.0,0,0,0.0,0
LGS2ORD0003034,C011369,2025-01-25 00:00:00,Female,38,Bronze,Shopee,Nakhon Ratchasima,979,TV_Show,COD,0,1,5,1,30-40,32.63333333333333,0.0,0.0,0.0,-1,-1,0.0,0.0,0.0,0.0,0.0,0.0,0,0,0.0,0.0,0,0,0.0,0.0,0,0,0.0,0.0,0,0,0.0,1
LGS2ORD0003035,C014285,2025-01-25 01:00:00,Male,18,Bronze,Web,Bangkok,519,TV_Show,COD,1,1,5,1,<20,17.3,0.0,0.0,0.0,-1,-1,0.0,0.0,0.0,0.0,0.0,0.0,0,0,0.0,0.0,0,0,0.0,0.0,0,0,0.0,0.0,0,0,0.0,0
LGS2ORD0003036,C011815,2025-01-25 01:00:00,Female,28,Bronze,Lazada,Chonburi,1253,Web,COD,1,1,5,1,20-30,41.766666666666666,1.0,0.0,0.0,-1,18,1756.93,0.13,0.0,0.0,0.0,0.0,0,0,0.0,1756.93,1,0,0.0,1756.93,1,0,0.0,1756.93,1,0,0.0,1
LGS2ORD0003037,C012342,2025-01-25 01:00:00,Other,43,Platinum,Lazada,Bangkok,1172,Shopee,Bank_Transfer,1,1,5,1,40-50,39.06666666666667,2.0,0.0,0.0,-1,9,11764.4,0.25,1.0,0.5,0.0,0.0,0,0,0.0,23528.8,2,0,0.0,23528.8,2,0,0.0,23528.8,2,0,0.0,0
LGS2ORD0003038,C012432,2025-01-25 01:00:00,Female,45,Bronze,TV,Bangkok,398,Web,Credit_Card,1,1,5,1,40-50,13.266666666666667,0.0,0.0,0.0,-1,-1,0.0,0.0,0.0,0.0,0.0,0.0,0,0,0.0,0.0,0,0,0.0,0.0,0,0,0.0,0.0,0,0,0.0,0
LGS2ORD0003039,C015388,2025-01-25 01:00:00,Female,62,Platinum,Web,Bangkok,94,Shopee,COD,1,1,5,1,>50,3.1333333333333333,0.0,0.0,0.0,-1,-1,0.0,0.0,0.0,0.0,0.0,0.0,0,0,0.0,0.0,0,0,0.0,0.0,0,0,0.0,0.0,0,0,0.0,1
LGS2ORD0003040,C015858,2025-01-25 02:00:00,Female,41,Gold,Web,Bangkok,1136,Shopee,Credit_Card,2,1,5,1,40-50,37.86666666666667,0.0,0.0,0.0,-1,-1,0.0,0.0,0.0,0.0,0.0,0.0,0,0,0.0,0.0,0,0,0.0,0.0,0,0,0.0,0.0,0,0,0.0,0
LGS2ORD0003041,C013380,2025-01-25 02:00:00,Female,34,Gold,Lazada,Khon Kaen,807,Web,Credit_Card,2,1,5,1,30-40,26.9,0.0,0.0,0.0,-1,-1,0.0,0.0,0.0,0.0,0.0,0.0,0,0,0.0,0.0,0,0,0.0,0.0,0,0,0.0,0.0,0,0,0.0,0
LGS2ORD0003042,C010919,2025-01-25 02:00:00,Male,56,Bronze,TV,Chiang Mai,142,Web,COD,2,1,5,1,>50,4.733333333333333,0.0,0.0,0.0,-1,-1,0.0,0.0,0.0,0.0,0.0,0.0,0,0,0.0,0.0,0,0,0.0,0.0,0,0,0.0,0.0,0,0,0.0,0
LGS2ORD0003043,C012394,2025-01-25 02:00:00,Female,44,Bronze,TV,Chonburi,207,TV_Show,COD,2,1,5,1,40-50,6.9,0.0,0.0,0.0,-1,-1,0.0,0.0,0.0,0.0,0.0,0.0,0,0,0.0,0.0,0,0,0.0,0.0,0,0,0.0,0.0,0,0,0.0,0
LGS2ORD0003044,C016463,2025-01-25 02:00:00,Female,35,Silver,CallCenter,Khon Kaen,260,TV_Show,Credit_Card,2,1,5,1,30-40,8.666666666666666,0.0,0.0,0.0,-1,-1,0.0,0.0,0.0,0.0,0.0,0.0,0,0,0.0,0.0,0,0,0.0,0.0,0,0,0.0,0.0,0,0,0.0,0
LGS2ORD0003045,C014070,2025-01-25 03:00:00,Male,42,Bronze,CallCenter,Nakhon Ratchasima,632,TV_Show,COD,3,1,5,1,40-50,21.066666666666666,2.0,0.0,0.0,-1,13,1368.48,0.23,0.5,0.5,0.0,0.0,0,0,0.0,2736.96,2,0,0.0,2736.96,2,0,0.0,2736.96,2,0,0.0,1
LGS2ORD0003046,C014617,2025-01-25 03:00:00,Male,45,Bronze,TV,Bangkok,854,Lazada,COD,3,1,5,1,40-50,28.466666666666665,1.0,0.0,0.0,-1,4,15352.46,0.08,0.0,0.0,0.0,15352.46,1,0,0.0,15352.46,1,0,0.0,15352.46,1,0,0.0,15352.46,1,0,0.0,0
LGS2ORD0003047,C010410,2025-01-25 03:00:00,Female,38,Bronze,Lazada,Nakhon Ratchasima,515,TV_Show,PromptPay,3,1,5,1,30-40,17.166666666666668,0.0,0.0,0.0,-1,-1,0.0,0.0,0.0,0.0,0.0,0.0,0,0,0.0,0.0,0,0,0.0,0.0,0,0,0.0,0.0,0,0,0.0,0
LGS2ORD0003048,C015392,2025-01-25 03:00:00,Male,41,Bronze,TV,Bangkok,199,Web,COD,3,1,5,1,40-50,6.633333333333334,0.0,0.0,0.0,-1,-1,0.0,0.0,0.0,0.0,0.0,0.0,0,0,0.0,0.0,0,0,0.0,0.0,0,0,0.0,0.0,0,0,0.0,0
LGS2ORD0003049,C016381,2025-01-25 03:00:00,Male,26,Silver,Web,Songkhla,761,Shopee,PromptPay,3,1,5,1,20-30,25.366666666666667,0.0,0.0,0.0,-1,-1,0.0,0.0,0.0,0.0,0.0,0.0,0,0,0.0,0.0,0,0,0.0,0.0,0,0,0.0,0.0,0,0,0.0,1
LGS2ORD0003050,C016643,2025-01-25 04:00:00,Female,50,Bronze,CallCenter,Bangkok,782,TV_Show,PromptPay,4,1,5,1,40-50,26.066666666666666,0.0,0.0,0.0,-1,-1,0.0,0.0,0.0,0.0,0.0,0.0,0,0,0.0,0.0,0,0,0.0,0.0,0,0,0.0,0.0,0,0,0.0,0
LGS2ORD0003051,C016504,2025-01-25 04:00:00,Male,51,Platinum,Shopee,Chonburi,724,Shopee,Bank_Transfer,4,1,5,1,>50,24.133333333333333,0.0,0.0,0.0,-1,-1,0.0,0.0,0.0,0.0,0.0,0.0,0,0,0.0,0.0,0,0,0.0,0.0,0,0,0.0,0.0,0,0,0.0,0
LGS2ORD0003052,C010967,2025-01-25 04:00:00,Female,31,Silver,Shopee,Nakhon Ratchasima,1196,Web,COD,4,1,5,1,30-40,39.86666666666667,0.0,0.0,0.0,-1,-1,0.0,0.0,0.0,0.0,0.0,0.0,0,0,0.0,0.0,0,0,0.0,0.0,0,0,0.0,0.0,0,0,0.0,0
LGS2ORD0003053,C013887,2025-01-25 04:00:00,Male,38,Bronze,TV,Chiang Mai,1266,TV_Show,Credit_Card,4,1,5,1,30-40,42.2,3.0,0.0,0.0,-1,6,4662.366666666667,0.23,0.0,0.3333333333333333,0.0,9211.6,1,0,0.0,13987.1,3,0,0.0,13987.1,3,0,0.0,13987.1,3,0,0.0,1
LGS2ORD0003054,C014246,2025-01-25 04:00:00,Male,34,Silver,TV,Phuket,1241,Web,COD,4,1,5,1,30-40,41.36666666666667,0.0,0.0,0.0,-1,-1,0.0,0.0,0.0,0.0,0.0,0.0,0,0,0.0,0.0,0,0,0.0,0.0,0,0,0.0,0.0,0,0,0.0,1
LGS2ORD0003055,C016754,2025-01-25 04:00:00,Female,38,Silver,Lazada,Bangkok,1170,TV_Show,COD,4,1,5,1,30-40,39.0,2.0,0.0,0.0,-1,7,2028.01,0.2,0.0,0.0,0.0,0.0,0,0,0.0,4056.02,2,0,0.0,4056.02,2,0,0.0,4056.02,2,0,0.0,0
LGS2ORD0003056,C014089,2025-01-25 05:00:00,Female,29,Gold,TV,Bangkok,1237,TV_Show,COD,5,1,5,1,20-30,41.233333333333334,1.0,0.0,0.0,-1,5,3691.16,0.08,0.0,0.0,0.0,3691.16,1,0,0.0,3691.16,1,0,0.0,3691.16,1,0,0.0,3691.16,1,0,0.0,0
LGS2ORD0003057,C017242,2025-01-25 05:00:00,Female,39,Gold,CallCenter,Chonburi,1128,Lazada,COD,5,1,5,1,30-40,37.6,0.0,0.0,0.0,-1,-1,0.0,0.0,0.0,0.0,0.0,0.0,0,0,0.0,0.0,0,0,0.0,0.0,0,0,0.0,0.0,0,0,0.0,1
LGS2ORD0003058,C012999,2025-01-25 05:00:00,Male,35,Silver,Lazada,Chiang Mai,1419,Shopee,COD,5,1,5,1,30-40,47.3,1.0,0.0,0.0,-1,6,2843.25,0.05,1.0,0.0,0.0,2843.25,1,0,0.0,2843.25,1,0,0.0,2843.25,1,0,0.0,2843.25,1,0,0.0,0
LGS2ORD0003059,C011619,2025-01-25 05:00:00,Female,35,Gold,TV,Bangkok,236,TV_Show,COD,5,1,5,1,30-40,7.866666666666666,0.0,0.0,0.0,-1,-1,0.0,0.0,0.0,0.0,0.0,0.0,0,0,0.0,0.0,0,0,0.0,0.0,0,0,0.0,0.0,0,0,0.0,1
LGS2ORD0003060,C017515,2025-01-25 05:00:00,Female,53,Bronze,CallCenter,Remote_Area,779,Lazada,COD,5,1,5,1,>50,25.966666666666665,3.0,0.0,0.0,-1,2,2192.3233333333333,0.18,0.3333333333333333,0.0,0.0,286.95,1,0,0.0,6576.969999999999,3,0,0.0,6576.969999999999,3,0,0.0,6576.969999999999,3,0,0.0,1
LGS2ORD0003061,C017623,2025-01-25 06:00:00,Female,41,Silver,Web,Chiang Mai,1212,Lazada,COD,6,1,5,1,40-50,40.4,2.0,0.0,0.0,-1,9,1481.655,0.3,0.5,0.5,0.0,0.0,0,0,0.0,2963.31,2,0,0.0,2963.31,2,0,0.0,2963.31,2,0,0.0,0
LGS2ORD0003062,C013934,2025-01-25 06:00:00,Female,36,Bronze,CallCenter,Khon Kaen,278,TV_Show,COD,6,1,5,1,30-40,9.266666666666667,0.0,0.0,0.0,-1,-1,0.0,0.0,0.0,0.0,0.0,0.0,0,0,0.0,0.0,0,0,0.0,0.0,0,0,0.0,0.0,0,0,0.0,0
LGS2ORD0003063,C010827,2025-01-25 06:00:00,Female,35,Silver,Shopee,Chiang Mai,74,Shopee,COD,6,1,5,1,30-40,2.466666666666667,0.0,0.0,0.0,-1,-1,0.0,0.0,0.0,0.0,0.0,0.0,0,0,0.0,0.0,0,0,0.0,0.0,0,0,0.0,0.0,0,0,0.0,0
LGS2ORD0003064,C016287,2025-01-25 06:00:00,Female,28,Platinum,TV,Bangkok,615,CallCenter,Credit_Card,6,1,5,1,20-30,20.5,0.0,0.0,0.0,-1,-1,0.0,0.0,0.0,0.0,0.0,0.0,0,0,0.0,0.0,0,0,0.0,0.0,0,0,0.0,0.0,0,0,0.0,0
LGS2ORD0003065,C010655,2025-01-25 06:00:00,Female,25,Platinum,TV,Bangkok,529,CallCenter,PromptPay,6,1,5,1,20-30,17.633333333333333,0.0,0.0,0.0,-1,-1,0.0,0.0,0.0,0.0,0.0,0.0,0,0,0.0,0.0,0,0,0.0,0.0,0,0,0.0,0.0,0,0,0.0,0
LGS2ORD0003066,C016701,2025-01-25 07:00:00,Female,42,Gold,Lazada,Chiang Mai,656,Shopee,PromptPay,7,1,5,1,40-50,21.866666666666667,0.0,0.0,0.0,-1,-1,0.0,0.0,0.0,0.0,0.0,0.0,0,0,0.0,0.0,0,0,0.0,0.0,0,0,0.0,0.0,0,0,0.0,1
LGS2ORD0003067,C016034,2025-01-25 07:00:00,Female,40,Bronze,Web,Songkhla,985,TV_Show,Credit_Card,7,1,5,1,30-40,32.833333333333336,0.0,0.0,0.0,-1,-1,0.0,0.0,0.0,0.0,0.0,0.0,0,0,0.0,0.0,0,0,0.0,0.0,0,0,0.0,0.0,0,0,0.0,1
LGS2ORD0003068,C017422,2025-01-25 07:00:00,Male,44,Bronze,CallCenter,Bangkok,608,TV_Show,PromptPay,7,1,5,1,40-50,20.266666666666666,0.0,0.0,0.0,-1,-1,0.0,0.0,0.0,0.0,0.0,0.0,0,0,0.0,0.0,0,0,0.0,0.0,0,0,0.0,0.0,0,0,0.0,0
LGS2ORD0003069,C013741,2025-01-25 07:00:00,Female,43,Bronze,Lazada,Remote_Area,1479,TV_Show,Credit_Card,7,1,5,1,40-50,49.3,1.0,1.0,1.0,7,18,1483.2,0.18,0.0,0.0,0.0,0.0,0,0,0.0,1483.2,1,1,1.0,1483.2,1,1,1.0,1483.2,1,1,1.0,0
LGS2ORD0003070,C013983,2025-01-25 07:00:00,Female,42,Bronze,CallCenter,Songkhla,461,CallCenter,PromptPay,7,1,5,1,40-50,15.366666666666667,1.0,0.0,0.0,-1,4,27003.3,0.23,0.0,1.0,0.0,27003.3,1,0,0.0,27003.3,1,0,0.0,27003.3,1,0,0.0,27003.3,1,0,0.0,0
LGS2ORD0003071,C015152,2025-01-25 07:00:00,Female,18,Gold,Shopee,Chonburi,1017,Web,COD,7,1,5,1,<20,33.9,0.0,0.0,0.0,-1,-1,0.0,0.0,0.0,0.0,0.0,0.0,0,0,0.0,0.0,0,0,0.0,0.0,0,0,0.0,0.0,0,0,0.0,0
LGS2ORD0003072,C011346,2025-01-25 08:00:00,Male,41,Silver,Shopee,Chiang Mai,1448,Web,COD,8,1,5,1,40-50,48.266666666666666,0.0,0.0,0.0,-1,-1,0.0,0.0,0.0,0.0,0.0,0.0,0,0,0.0,0.0,0,0,0.0,0.0,0,0,0.0,0.0,0,0,0.0,0
LGS2ORD0003073,C010387,2025-01-25 08:00:00,Male,47,Bronze,Shopee,Phuket,772,Shopee,COD,8,1,5,1,40-50,25.733333333333334,0.0,0.0,0.0,-1,-1,0.0,0.0,0.0,0.0,0.0,0.0,0,0,0.0,0.0,0,0,0.0,0.0,0,0,0.0,0.0,0,0,0.0,0
LGS2ORD0003074,C010435,2025-01-25 08:00:00,Female,31,Silver,Lazada,Nakhon Ratchasima,848,Lazada,Bank_Transfer,8,1,5,1,30-40,28.266666666666666,0.0,0.0,0.0,-1,-1,0.0,0.0,0.0,0.0,0.0,0.0,0,0,0.0,0.0,0,0,0.0,0.0,0,0,0.0,0.0,0,0,0.0,0
LGS2ORD0003075,C011140,2025-01-25 08:00:00,Female,23,Platinum,TV,Chonburi,962,Shopee,Credit_Card,8,1,5,1,20-30,32.06666666666667,0.0,0.0,0.0,-1,-1,0.0,0.0,0.0,0.0,0.0,0.0,0,0,0.0,0.0,0,0,0.0,0.0,0,0,0.0,0.0,0,0,0.0,0
LGS2ORD0003076,C013723,2025-01-25 08:00:00,Male,23,Bronze,TV,Songkhla,452,TV_Show,Credit_Card,8,1,5,1,20-30,15.066666666666666,1.0,0.0,0.0,-1,1,16233.96,0.08,1.0,0.0,0.0,16233.96,1,0,0.0,16233.96,1,0,0.0,16233.96,1,0,0.0,16233.96,1,0,0.0,0
LGS2ORD0003077,C011425,2025-01-25 09:00:00,Female,59,Bronze,CallCenter,Nakhon Ratchasima,1377,Web,COD,9,1,5,1,>50,45.9,1.0,0.0,0.0,-1,15,4046.89,0.18,0.0,0.0,0.0,0.0,0,0,0.0,4046.89,1,0,0.0,4046.89,1,0,0.0,4046.89,1,0,0.0,0
LGS2ORD0003078,C015541,2025-01-25 09:00:00,Female,62,Silver,TV,Chiang Mai,378,Web,COD,9,1,5,1,>50,12.6,0.0,0.0,0.0,-1,-1,0.0,0.0,0.0,0.0,0.0,0.0,0,0,0.0,0.0,0,0,0.0,0.0,0,0,0.0,0.0,0,0,0.0,0
LGS2ORD0003079,C016034,2025-01-25 09:00:00,Female,40,Bronze,Web,Songkhla,985,Web,PromptPay,9,1,5,1,30-40,32.833333333333336,1.0,1.0,1.0,-5,0,3439.54,0.23,0.0,1.0,0.0,3439.54,1,1,1.0,3439.54,1,1,1.0,3439.54,1,1,1.0,3439.54,1,1,1.0,1
LGS2ORD0003080,C014038,2025-01-25 09:00:00,Male,48,Bronze,TV,Bangkok,335,Lazada,Bank_Transfer,9,1,5,1,40-50,11.166666666666666,0.0,0.0,0.0,-1,-1,0.0,0.0,0.0,0.0,0.0,0.0,0,0,0.0,0.0,0,0,0.0,0.0,0,0,0.0,0.0,0,0,0.0,0
LGS2ORD0003081,C016277,2025-01-25 09:00:00,Male,61,Bronze,Shopee,Remote_Area,700,Shopee,COD,9,1,5,1,>50,23.333333333333332,1.0,0.0,0.0,-1,7,3083.57,0.23,1.0,1.0,0.0,0.0,0,0,0.0,3083.57,1,0,0.0,3083.57,1,0,0.0,3083.57,1,0,0.0,0
LGS2ORD0003082,C010789,2025-01-25 10:00:00,Male,63,Gold,TV,Bangkok,480,TV_Show,COD,10,1,5,1,>50,16.0,0.0,0.0,0.0,-1,-1,0.0,0.0,0.0,0.0,0.0,0.0,0,0,0.0,0.0,0,0,0.0,0.0,0,0,0.0,0.0,0,0,0.0,1
LGS2ORD0003083,C017897,2025-01-25 10:00:00,Female,26,Gold,TV,Bangkok,1154,Lazada,PromptPay,10,1,5,1,20-30,38.46666666666667,1.0,0.0,0.0,-1,7,7108.21,0.33,0.0,1.0,0.0,0.0,0,0,0.0,7108.21,1,0,0.0,7108.21,1,0,0.0,7108.21,1,0,0.0,1
LGS2ORD0003084,C010853,2025-01-25 10:00:00,Female,53,Bronze,Shopee,Bangkok,840,Lazada,COD,10,1,5,1,>50,28.0,0.0,0.0,0.0,-1,-1,0.0,0.0,0.0,0.0,0.0,0.0,0,0,0.0,0.0,0,0,0.0,0.0,0,0,0.0,0.0,0,0,0.0,1
LGS2ORD0003085,C017553,2025-01-25 10:00:00,Female,43,Gold,TV,Chiang Mai,991,Shopee,Bank_Transfer,10,1,5,1,40-50,33.03333333333333,0.0,0.0,0.0,-1,-1,0.0,0.0,0.0,0.0,0.0,0.0,0,0,0.0,0.0,0,0,0.0,0.0,0,0,0.0,0.0,0,0,0.0,0
LGS2ORD0003086,C010941,2025-01-25 10:00:00,Female,36,Silver,TV,Bangkok,769,Lazada,COD,10,1,5,1,30-40,25.633333333333333,0.0,0.0,0.0,-1,-1,0.0,0.0,0.0,0.0,0.0,0.0,0,0,0.0,0.0,0,0,0.0,0.0,0,0,0.0,0.0,0,0,0.0,1
LGS2ORD0003087,C016314,2025-01-25 11:00:00,Female,30,Bronze,Shopee,Bangkok,995,Web,COD,11,1,5,1,20-30,33.166666666666664,0.0,0.0,0.0,-1,-1,0.0,0.0,0.0,0.0,0.0,0.0,0,0,0.0,0.0,0,0,0.0,0.0,0,0,0.0,0.0,0,0,0.0,1
LGS2ORD0003088,C017333,2025-01-25 11:00:00,Male,18,Silver,Lazada,Songkhla,289,Shopee,COD,11,1,5,1,<20,9.633333333333333,0.0,0.0,0.0,-1,-1,0.0,0.0,0.0,0.0,0.0,0.0,0,0,0.0,0.0,0,0,0.0,0.0,0,0,0.0,0.0,0,0,0.0,0
LGS2ORD0003089,C012897,2025-01-25 11:00:00,Female,52,Bronze,TV,Songkhla,366,CallCenter,PromptPay,11,1,5,1,>50,12.2,0.0,0.0,0.0,-1,-1,0.0,0.0,0.0,0.0,0.0,0.0,0,0,0.0,0.0,0,0,0.0,0.0,0,0,0.0,0.0,0,0,0.0,0
LGS2ORD0003090,C015879,2025-01-25 11:00:00,Female,46,Silver,CallCenter,Khon Kaen,335,CallCenter,COD,11,1,5,1,40-50,11.166666666666666,0.0,0.0,0.0,-1,-1,0.0,0.0,0.0,0.0,0.0,0.0,0,0,0.0,0.0,0,0,0.0,0.0,0,0,0.0,0.0,0,0,0.0,0
LGS2ORD0003091,C012447,2025-01-25 11:00:00,Female,61,Bronze,TV,Remote_Area,731,Lazada,PromptPay,11,1,5,1,>50,24.366666666666667,0.0,0.0,0.0,-1,-1,0.0,0.0,0.0,0.0,0.0,0.0,0,0,0.0,0.0,0,0,0.0,0.0,0,0,0.0,0.0,0,0,0.0,1
LGS2ORD0003092,C012113,2025-01-25 11:00:00,Male,35,Bronze,Web,Songkhla,93,Lazada,Bank_Transfer,11,1,5,1,30-40,3.1,0.0,0.0,0.0,-1,-1,0.0,0.0,0.0,0.0,0.0,0.0,0,0,0.0,0.0,0,0,0.0,0.0,0,0,0.0,0.0,0,0,0.0,1
LGS2ORD0003093,C015742,2025-01-25 12:00:00,Male,72,Gold,TV,Nakhon Ratchasima,243,Shopee,Bank_Transfer,12,1,5,1,>50,8.1,0.0,0.0,0.0,-1,-1,0.0,0.0,0.0,0.0,0.0,0.0,0,0,0.0,0.0,0,0,0.0,0.0,0,0,0.0,0.0,0,0,0.0,1
LGS2ORD0003094,C010946,2025-01-25 12:00:00,Male,48,Gold,CallCenter,Bangkok,699,TV_Show,Credit_Card,12,1,5,1,40-50,23.3,0.0,0.0,0.0,-1,-1,0.0,0.0,0.0,0.0,0.0,0.0,0,0,0.0,0.0,0,0,0.0,0.0,0,0,0.0,0.0,0,0,0.0,0
LGS2ORD0003095,C016339,2025-01-25 12:00:00,Male,42,Bronze,TV,Phuket,58,CallCenter,Credit_Card,12,1,5,1,40-50,1.9333333333333333,0.0,0.0,0.0,-1,-1,0.0,0.0,0.0,0.0,0.0,0.0,0,0,0.0,0.0,0,0,0.0,0.0,0,0,0.0,0.0,0,0,0.0,1
LGS2ORD0003096,C012980,2025-01-25 12:00:00,Other,26,Silver,CallCenter,Phuket,1444,Shopee,PromptPay,12,1,5,1,20-30,48.13333333333333,0.0,0.0,0.0,-1,-1,0.0,0.0,0.0,0.0,0.0,0.0,0,0,0.0,0.0,0,0,0.0,0.0,0,0,0.0,0.0,0,0,0.0,1
LGS2ORD0003097,C016436,2025-01-25 12:00:00,Male,57,Bronze,CallCenter,Bangkok,1353,Web,COD,12,1,5,1,>50,45.1,0.0,0.0,0.0,-1,-1,0.0,0.0,0.0,0.0,0.0,0.0,0,0,0.0,0.0,0,0,0.0,0.0,0,0,0.0,0.0,0,0,0.0,0
LGS2ORD0003098,C010489,2025-01-25 13:00:00,Male,33,Gold,Lazada,Chonburi,398,TV_Show,Credit_Card,13,1,5,1,30-40,13.266666666666667,1.0,0.0,0.0,-1,0,3486.19,0.18,0.0,0.0,0.0,3486.19,1,0,0.0,3486.19,1,0,0.0,3486.19,1,0,0.0,3486.19,1,0,0.0,0
LGS2ORD0003099,C017415,2025-01-25 13:00:00,Female,58,Bronze,Shopee,Songkhla,1371,TV_Show,Credit_Card,13,1,5,1,>50,45.7,0.0,0.0,0.0,-1,-1,0.0,0.0,0.0,0.0,0.0,0.0,0,0,0.0,0.0,0,0,0.0,0.0,0,0,0.0,0.0,0,0,0.0,0
LGS2ORD0003100,C014826,2025-01-25 13:00:00,Female,67,Silver,TV,Bangkok,142,Web,Bank_Transfer,13,1,5,1,>50,4.733333333333333,0.0,0.0,0.0,-1,-1,0.0,0.0,0.0,0.0,0.0,0.0,0,0,0.0,0.0,0,0,0.0,0.0,0,0,0.0,0.0,0,0,0.0,0
LGS2ORD0003101,C010710,2025-01-25 13:00:00,Female,23,Silver,Lazada,Khon Kaen,482,CallCenter,Credit_Card,13,1,5,1,20-30,16.066666666666666,0.0,0.0,0.0,-1,-1,0.0,0.0,0.0,0.0,0.0,0.0,0,0,0.0,0.0,0,0,0.0,0.0,0,0,0.0,0.0,0,0,0.0,1
LGS2ORD0003102,C012846,2025-01-25 13:00:00,Male,37,Silver,TV,Chonburi,685,TV_Show,COD,13,1,5,1,30-40,22.833333333333332,0.0,0.0,0.0,-1,-1,0.0,0.0,0.0,0.0,0.0,0.0,0,0,0.0,0.0,0,0,0.0,0.0,0,0,0.0,0.0,0,0,0.0,0
LGS2ORD0003103,C017554,2025-01-25 14:00:00,Male,33,Bronze,TV,Bangkok,234,TV_Show,COD,14,1,5,1,30-40,7.8,0.0,0.0,0.0,-1,-1,0.0,0.0,0.0,0.0,0.0,0.0,0,0,0.0,0.0,0,0,0.0,0.0,0,0,0.0,0.0,0,0,0.0,1
LGS2ORD0003104,C017500,2025-01-25 14:00:00,Female,62,Bronze,TV,Bangkok,586,Lazada,COD,14,1,5,1,>50,19.533333333333335,0.0,0.0,0.0,-1,-1,0.0,0.0,0.0,0.0,0.0,0.0,0,0,0.0,0.0,0,0,0.0,0.0,0,0,0.0,0.0,0,0,0.0,0
LGS2ORD0003105,C015593,2025-01-25 14:00:00,Female,38,Silver,Shopee,Chiang Mai,589,TV_Show,Credit_Card,14,1,5,1,30-40,19.633333333333333,0.0,0.0,0.0,-1,-1,0.0,0.0,0.0,0.0,0.0,0.0,0,0,0.0,0.0,0,0,0.0,0.0,0,0,0.0,0.0,0,0,0.0,0
LGS2ORD0003106,C011825,2025-01-25 14:00:00,Male,51,Silver,Web,Chonburi,881,Web,COD,14,1,5,1,>50,29.366666666666667,1.0,1.0,1.0,15,22,2435.86,0.2,0.0,0.0,0.0,0.0,0,0,0.0,2435.86,1,1,1.0,2435.86,1,1,1.0,2435.86,1,1,1.0,0
LGS2ORD0003107,C010846,2025-01-25 14:00:00,Male,60,Bronze,Shopee,Songkhla,910,TV_Show,COD,14,1,5,1,>50,30.333333333333332,0.0,0.0,0.0,-1,-1,0.0,0.0,0.0,0.0,0.0,0.0,0,0,0.0,0.0,0,0,0.0,0.0,0,0,0.0,0.0,0,0,0.0,1
LGS2ORD0003108,C013665,2025-01-25 15:00:00,Female,38,Gold,TV,Bangkok,1262,Lazada,COD,15,1,5,1,30-40,42.06666666666667,0.0,0.0,0.0,-1,-1,0.0,0.0,0.0,0.0,0.0,0.0,0,0,0.0,0.0,0,0,0.0,0.0,0,0,0.0,0.0,0,0,0.0,0
LGS2ORD0003109,C016129,2025-01-25 15:00:00,Male,44,Gold,Lazada,Bangkok,589,Lazada,COD,15,1,5,1,40-50,19.633333333333333,0.0,0.0,0.0,-1,-1,0.0,0.0,0.0,0.0,0.0,0.0,0,0,0.0,0.0,0,0,0.0,0.0,0,0,0.0,0.0,0,0,0.0,0
LGS2ORD0003110,C012709,2025-01-25 15:00:00,Male,24,Bronze,CallCenter,Phuket,65,Shopee,COD,15,1,5,1,20-30,2.1666666666666665,1.0,0.0,0.0,-1,15,11069.41,0.03,0.0,0.0,0.0,0.0,0,0,0.0,11069.41,1,0,0.0,11069.41,1,0,0.0,11069.41,1,0,0.0,0
LGS2ORD0003111,C010484,2025-01-25 15:00:00,Male,32,Silver,Lazada,Chonburi,1435,Web,COD,15,1,5,1,30-40,47.833333333333336,0.0,0.0,0.0,-1,-1,0.0,0.0,0.0,0.0,0.0,0.0,0,0,0.0,0.0,0,0,0.0,0.0,0,0,0.0,0.0,0,0,0.0,0
LGS2ORD0003112,C013936,2025-01-25 15:00:00,Female,51,Bronze,CallCenter,Songkhla,621,TV_Show,Credit_Card,15,1,5,1,>50,20.7,0.0,0.0,0.0,-1,-1,0.0,0.0,0.0,0.0,0.0,0.0,0,0,0.0,0.0,0,0,0.0,0.0,0,0,0.0,0.0,0,0,0.0,1
LGS2ORD0003113,C015906,2025-01-25 15:00:00,Female,64,Bronze,CallCenter,Chiang Mai,196,Shopee,COD,15,1,5,1,>50,6.533333333333333,0.0,0.0,0.0,-1,-1,0.0,0.0,0.0,0.0,0.0,0.0,0,0,0.0,0.0,0,0,0.0,0.0,0,0,0.0,0.0,0,0,0.0,1
LGS2ORD0003114,C014200,2025-01-25 16:00:00,Female,48,Bronze,TV,Remote_Area,1059,Shopee,COD,16,1,5,1,40-50,35.3,1.0,1.0,1.0,4,21,1567.42,0.28,1.0,1.0,0.0,0.0,0,0,0.0,1567.42,1,1,1.0,1567.42,1,1,1.0,1567.42,1,1,1.0,1
LGS2ORD0003115,C010068,2025-01-25 16:00:00,Male,45,Bronze,Web,Chiang Mai,741,CallCenter,Credit_Card,16,1,5,1,40-50,24.7,1.0,0.0,0.0,-1,16,2669.7,0.18,1.0,0.0,0.0,0.0,0,0,0.0,2669.7,1,0,0.0,2669.7,1,0,0.0,2669.7,1,0,0.0,0
LGS2ORD0003116,C014877,2025-01-25 16:00:00,Female,45,Bronze,Lazada,Nakhon Ratchasima,153,Shopee,Bank_Transfer,16,1,5,1,40-50,5.1,0.0,0.0,0.0,-1,-1,0.0,0.0,0.0,0.0,0.0,0.0,0,0,0.0,0.0,0,0,0.0,0.0,0,0,0.0,0.0,0,0,0.0,0
LGS2ORD0003117,C015675,2025-01-25 16:00:00,Other,26,Silver,Shopee,Remote_Area,1310,TV_Show,Credit_Card,16,1,5,1,20-30,43.666666666666664,0.0,0.0,0.0,-1,-1,0.0,0.0,0.0,0.0,0.0,0.0,0,0,0.0,0.0,0,0,0.0,0.0,0,0,0.0,0.0,0,0,0.0,0
LGS2ORD0003118,C015147,2025-01-25 16:00:00,Female,40,Platinum,Lazada,Chiang Mai,1252,Web,Credit_Card,16,1,5,1,30-40,41.733333333333334,1.0,0.0,0.0,-1,9,15789.53,0.15,1.0,0.0,0.0,0.0,0,0,0.0,15789.53,1,0,0.0,15789.53,1,0,0.0,15789.53,1,0,0.0,0
LGS2ORD0003119,C017289,2025-01-25 17:00:00,Female,38,Platinum,TV,Khon Kaen,1320,TV_Show,COD,17,1,5,1,30-40,44.0,0.0,0.0,0.0,-1,-1,0.0,0.0,0.0,0.0,0.0,0.0,0,0,0.0,0.0,0,0,0.0,0.0,0,0,0.0,0.0,0,0,0.0,0
LGS2ORD0003120,C013482,2025-01-25 17:00:00,Female,51,Gold,Shopee,Chiang Mai,562,Shopee,PromptPay,17,1,5,1,>50,18.733333333333334,0.0,0.0,0.0,-1,-1,0.0,0.0,0.0,0.0,0.0,0.0,0,0,0.0,0.0,0,0,0.0,0.0,0,0,0.0,0.0,0,0,0.0,0
LGS2ORD0003121,C012477,2025-01-25 17:00:00,Female,49,Bronze,Web,Bangkok,1157,Shopee,PromptPay,17,1,5,1,40-50,38.56666666666667,0.0,0.0,0.0,-1,-1,0.0,0.0,0.0,0.0,0.0,0.0,0,0,0.0,0.0,0,0,0.0,0.0,0,0,0.0,0.0,0,0,0.0,0
LGS2ORD0003122,C012990,2025-01-25 17:00:00,Male,64,Bronze,CallCenter,Khon Kaen,502,Shopee,COD,17,1,5,1,>50,16.733333333333334,1.0,0.0,0.0,-1,9,19541.75,0.23,0.0,1.0,0.0,0.0,0,0,0.0,19541.75,1,0,0.0,19541.75,1,0,0.0,19541.75,1,0,0.0,0
LGS2ORD0003123,C010212,2025-01-25 17:00:00,Male,51,Bronze,Web,Bangkok,1313,CallCenter,Credit_Card,17,1,5,1,>50,43.766666666666666,1.0,1.0,1.0,20,24,2924.73,0.23,1.0,1.0,0.0,0.0,0,0,0.0,2924.73,1,1,1.0,2924.73,1,1,1.0,2924.73,1,1,1.0,0
LGS2ORD0003124,C017507,2025-01-25 18:00:00,Male,26,Silver,Web,Phuket,823,Web,COD,18,1,5,1,20-30,27.433333333333334,0.0,0.0,0.0,-1,-1,0.0,0.0,0.0,0.0,0.0,0.0,0,0,0.0,0.0,0,0,0.0,0.0,0,0,0.0,0.0,0,0,0.0,0
LGS2ORD0003125,C010693,2025-01-25 18:00:00,Male,60,Gold,Web,Phuket,1030,Shopee,Credit_Card,18,1,5,1,>50,34.333333333333336,0.0,0.0,0.0,-1,-1,0.0,0.0,0.0,0.0,0.0,0.0,0,0,0.0,0.0,0,0,0.0,0.0,0,0,0.0,0.0,0,0,0.0,0
LGS2ORD0003126,C011225,2025-01-25 18:00:00,Female,34,Silver,Web,Chonburi,160,TV_Show,Bank_Transfer,18,1,5,1,30-40,5.333333333333333,1.0,0.0,0.0,-1,20,18053.69,0.1,1.0,0.0,0.0,0.0,0,0,0.0,18053.69,1,0,0.0,18053.69,1,0,0.0,18053.69,1,0,0.0,0
LGS2ORD0003127,C015660,2025-01-25 18:00:00,Male,33,Bronze,TV,Remote_Area,97,Shopee,COD,18,1,5,1,30-40,3.2333333333333334,0.0,0.0,0.0,-1,-1,0.0,0.0,0.0,0.0,0.0,0.0,0,0,0.0,0.0,0,0,0.0,0.0,0,0,0.0,0.0,0,0,0.0,0
LGS2ORD0003128,C014759,2025-01-25 18:00:00,Female,32,Bronze,Lazada,Chiang Mai,1035,Lazada,COD,18,1,5,1,30-40,34.5,0.0,0.0,0.0,-1,-1,0.0,0.0,0.0,0.0,0.0,0.0,0,0,0.0,0.0,0,0,0.0,0.0,0,0,0.0,0.0,0,0,0.0,0
LGS2ORD0003129,C017025,2025-01-25 19:00:00,Male,34,Gold,Lazada,Bangkok,134,Web,PromptPay,19,1,5,1,30-40,4.466666666666667,1.0,0.0,0.0,-1,4,4892.67,0.08,0.0,0.0,0.0,4892.67,1,0,0.0,4892.67,1,0,0.0,4892.67,1,0,0.0,4892.67,1,0,0.0,0
LGS2ORD0003130,C014501,2025-01-25 19:00:00,Female,51,Platinum,Web,Bangkok,249,Web,Credit_Card,19,1,5,1,>50,8.3,0.0,0.0,0.0,-1,-1,0.0,0.0,0.0,0.0,0.0,0.0,0,0,0.0,0.0,0,0,0.0,0.0,0,0,0.0,0.0,0,0,0.0,0
LGS2ORD0003131,C012743,2025-01-25 19:00:00,Female,29,Platinum,Web,Bangkok,1145,TV_Show,Credit_Card,19,1,5,1,20-30,38.166666666666664,0.0,0.0,0.0,-1,-1,0.0,0.0,0.0,0.0,0.0,0.0,0,0,0.0,0.0,0,0,0.0,0.0,0,0,0.0,0.0,0,0,0.0,0
LGS2ORD0003132,C013783,2025-01-25 19:00:00,Female,55,Gold,Lazada,Chonburi,248,Web,COD,19,1,5,1,>50,8.266666666666667,0.0,0.0,0.0,-1,-1,0.0,0.0,0.0,0.0,0.0,0.0,0,0,0.0,0.0,0,0,0.0,0.0,0,0,0.0,0.0,0,0,0.0,0
LGS2ORD0003133,C010703,2025-01-25 19:00:00,Female,62,Silver,Shopee,Chiang Mai,148,Web,Credit_Card,19,1,5,1,>50,4.933333333333334,0.0,0.0,0.0,-1,-1,0.0,0.0,0.0,0.0,0.0,0.0,0,0,0.0,0.0,0,0,0.0,0.0,0,0,0.0,0.0,0,0,0.0,0
LGS2ORD0003134,C013611,2025-01-25 19:00:00,Male,42,Gold,Lazada,Chiang Mai,746,TV_Show,COD,19,1,5,1,40-50,24.866666666666667,1.0,1.0,1.0,6,14,3142.65,0.33,1.0,1.0,0.0,0.0,0,0,0.0,3142.65,1,1,1.0,3142.65,1,1,1.0,3142.65,1,1,1.0,0
LGS2ORD0003135,C016455,2025-01-25 20:00:00,Female,20,Bronze,CallCenter,Bangkok,1212,Lazada,COD,20,1,5,1,<20,40.4,1.0,0.0,0.0,-1,21,6917.77,0.13,0.0,0.0,0.0,0.0,0,0,0.0,6917.77,1,0,0.0,6917.77,1,0,0.0,6917.77,1,0,0.0,1
LGS2ORD0003136,C017310,2025-01-25 20:00:00,Male,46,Bronze,Lazada,Nakhon Ratchasima,342,TV_Show,Credit_Card,20,1,5,1,40-50,11.4,1.0,0.0,0.0,-1,9,940.16,0.08,1.0,0.0,0.0,0.0,0,0,0.0,940.16,1,0,0.0,940.16,1,0,0.0,940.16,1,0,0.0,0
LGS2ORD0003137,C012238,2025-01-25 20:00:00,Female,36,Silver,Shopee,Nakhon Ratchasima,633,TV_Show,COD,20,1,5,1,30-40,21.1,1.0,0.0,0.0,-1,24,13093.77,0.25,1.0,1.0,0.0,0.0,0,0,0.0,13093.77,1,0,0.0,13093.77,1,0,0.0,13093.77,1,0,0.0,0
LGS2ORD0003138,C013658,2025-01-25 20:00:00,Male,52,Gold,Web,Remote_Area,1294,Shopee,COD,20,1,5,1,>50,43.13333333333333,0.0,0.0,0.0,-1,-1,0.0,0.0,0.0,0.0,0.0,0.0,0,0,0.0,0.0,0,0,0.0,0.0,0,0,0.0,0.0,0,0,0.0,1
LGS2ORD0003139,C014355,2025-01-25 20:00:00,Female,57,Platinum,TV,Bangkok,1352,Shopee,Credit_Card,20,1,5,1,>50,45.06666666666667,1.0,0.0,0.0,-1,21,7991.67,0.1,1.0,0.0,0.0,0.0,0,0,0.0,7991.67,1,0,0.0,7991.67,1,0,0.0,7991.67,1,0,0.0,1
LGS2ORD0003140,C013721,2025-01-25 21:00:00,Other,39,Silver,Web,Bangkok,605,Lazada,PromptPay,21,1,5,1,30-40,20.166666666666668,0.0,0.0,0.0,-1,-1,0.0,0.0,0.0,0.0,0.0,0.0,0,0,0.0,0.0,0,0,0.0,0.0,0,0,0.0,0.0,0,0,0.0,0
LGS2ORD0003141,C010570,2025-01-25 21:00:00,Male,28,Bronze,TV,Bangkok,984,TV_Show,Credit_Card,21,1,5,1,20-30,32.8,0.0,0.0,0.0,-1,-1,0.0,0.0,0.0,0.0,0.0,0.0,0,0,0.0,0.0,0,0,0.0,0.0,0,0,0.0,0.0,0,0,0.0,0
LGS2ORD0003142,C011469,2025-01-25 21:00:00,Male,27,Silver,Web,Songkhla,546,CallCenter,Credit_Card,21,1,5,1,20-30,18.2,0.0,0.0,0.0,-1,-1,0.0,0.0,0.0,0.0,0.0,0.0,0,0,0.0,0.0,0,0,0.0,0.0,0,0,0.0,0.0,0,0,0.0,1
LGS2ORD0003143,C015200,2025-01-25 21:00:00,Male,31,Platinum,Lazada,Bangkok,359,CallCenter,Credit_Card,21,1,5,1,30-40,11.966666666666667,0.0,0.0,0.0,-1,-1,0.0,0.0,0.0,0.0,0.0,0.0,0,0,0.0,0.0,0,0,0.0,0.0,0,0,0.0,0.0,0,0,0.0,0
LGS2ORD0003144,C010580,2025-01-25 21:00:00,Male,38,Silver,Web,Nakhon Ratchasima,625,Shopee,PromptPay,21,1,5,1,30-40,20.833333333333332,0.0,0.0,0.0,-1,-1,0.0,0.0,0.0,0.0,0.0,0.0,0,0,0.0,0.0,0,0,0.0,0.0,0,0,0.0,0.0,0,0,0.0,0
LGS2ORD0003145,C012032,2025-01-25 22:00:00,Male,47,Bronze,Lazada,Nakhon Ratchasima,844,Web,COD,22,1,5,1,40-50,28.133333333333333,0.0,0.0,0.0,-1,-1,0.0,0.0,0.0,0.0,0.0,0.0,0,0,0.0,0.0,0,0,0.0,0.0,0,0,0.0,0.0,0,0,0.0,0
LGS2ORD0003146,C017928,2025-01-25 22:00:00,Male,38,Gold,Web,Chiang Mai,431,CallCenter,COD,22,1,5,1,30-40,14.366666666666667,2.0,0.0,0.0,-1,7,5332.84,0.18,0.5,0.0,0.0,0.0,0,0,0.0,10665.68,2,0,0.0,10665.68,2,0,0.0,10665.68,2,0,0.0,1
LGS2ORD0003147,C013909,2025-01-25 22:00:00,Female,38,Bronze,Web,Chiang Mai,50,TV_Show,PromptPay,22,1,5,1,30-40,1.6666666666666667,0.0,0.0,0.0,-1,-1,0.0,0.0,0.0,0.0,0.0,0.0,0,0,0.0,0.0,0,0,0.0,0.0,0,0,0.0,0.0,0,0,0.0,0
LGS2ORD0003148,C010648,2025-01-25 22:00:00,Male,32,Gold,Web,Chiang Mai,677,Web,COD,22,1,5,1,30-40,22.566666666666666,0.0,0.0,0.0,-1,-1,0.0,0.0,0.0,0.0,0.0,0.0,0,0,0.0,0.0,0,0,0.0,0.0,0,0,0.0,0.0,0,0,0.0,0
LGS2ORD0003149,C010738,2025-01-25 22:00:00,Male,28,Silver,Web,Bangkok,712,Shopee,Credit_Card,22,1,5,1,20-30,23.733333333333334,0.0,0.0,0.0,-1,-1,0.0,0.0,0.0,0.0,0.0,0.0,0,0,0.0,0.0,0,0,0.0,0.0,0,0,0.0,0.0,0,0,0.0,0
LGS2ORD0003150,C012499,2025-01-25 23:00:00,Male,44,Bronze,Shopee,Bangkok,440,TV_Show,Credit_Card,23,1,5,1,40-50,14.666666666666666,1.0,0.0,0.0,-1,22,1718.23,0.03,0.0,0.0,0.0,0.0,0,0,0.0,1718.23,1,0,0.0,1718.23,1,0,0.0,1718.23,1,0,0.0,1
LGS2ORD0003151,C012704,2025-01-25 23:00:00,Male,41,Platinum,Lazada,Bangkok,1391,Web,Bank_Transfer,23,1,5,1,40-50,46.36666666666667,0.0,0.0,0.0,-1,-1,0.0,0.0,0.0,0.0,0.0,0.0,0,0,0.0,0.0,0,0,0.0,0.0,0,0,0.0,0.0,0,0,0.0,0
LGS2ORD0003152,C017891,2025-01-25 23:00:00,Male,40,Bronze,Shopee,Bangkok,200,Lazada,PromptPay,23,1,5,1,30-40,6.666666666666667,0.0,0.0,0.0,-1,-1,0.0,0.0,0.0,0.0,0.0,0.0,0,0,0.0,0.0,0,0,0.0,0.0,0,0,0.0,0.0,0,0,0.0,1
LGS2ORD0003153,C012102,2025-01-25 23:00:00,Male,18,Bronze,Shopee,Nakhon Ratchasima,737,Web,COD,23,1,5,1,<20,24.566666666666666,1.0,1.0,1.0,3,17,1813.22,0.18,1.0,0.0,0.0,0.0,0,0,0.0,1813.22,1,1,1.0,1813.22,1,1,1.0,1813.22,1,1,1.0,0
LGS2ORD0003154,C011544,2025-01-25 23:00:00,Female,58,Bronze,Web,Bangkok,724,Web,COD,23,1,5,1,>50,24.133333333333333,1.0,0.0,0.0,-1,17,3808.38,0.03,1.0,0.0,0.0,0.0,0,0,0.0,3808.38,1,0,0.0,3808.38,1,0,0.0,3808.38,1,0,0.0,0
LGS2ORD0003155,C012244,2025-01-25 23:00:00,Female,34,Silver,TV,Bangkok,741,TV_Show,PromptPay,23,1,5,1,30-40,24.7,0.0,0.0,0.0,-1,-1,0.0,0.0,0.0,0.0,0.0,0.0,0,0,0.0,0.0,0,0,0.0,0.0,0,0,0.0,0.0,0,0,0.0,0
LGS2ORD0003156,C011949,2025-01-26 00:00:00,Female,33,Gold,Web,Khon Kaen,82,TV_Show,COD,0,1,6,1,30-40,2.7333333333333334,1.0,0.0,0.0,-1,19,6406.06,0.08,1.0,0.0,0.0,0.0,0,0,0.0,6406.06,1,0,0.0,6406.06,1,0,0.0,6406.06,1,0,0.0,0
LGS2ORD0003157,C013487,2025-01-26 00:00:00,Male,55,Bronze,Web,Bangkok,397,TV_Show,COD,0,1,6,1,>50,13.233333333333333,1.0,0.0,0.0,-1,9,1525.06,0.08,0.0,0.0,0.0,0.0,0,0,0.0,1525.06,1,0,0.0,1525.06,1,0,0.0,1525.06,1,0,0.0,0
LGS2ORD0003158,C013577,2025-01-26 00:00:00,Male,51,Bronze,TV,Chiang Mai,589,Web,COD,0,1,6,1,>50,19.633333333333333,1.0,1.0,1.0,10,18,11892.76,0.08,0.0,0.0,0.0,0.0,0,0,0.0,11892.76,1,1,1.0,11892.76,1,1,1.0,11892.76,1,1,1.0,1
LGS2ORD0003159,C011745,2025-01-26 00:00:00,Female,38,Gold,TV,Bangkok,445,Shopee,COD,0,1,6,1,30-40,14.833333333333334,0.0,0.0,0.0,-1,-1,0.0,0.0,0.0,0.0,0.0,0.0,0,0,0.0,0.0,0,0,0.0,0.0,0,0,0.0,0.0,0,0,0.0,0
LGS2ORD0003160,C010541,2025-01-26 00:00:00,Male,49,Bronze,TV,Remote_Area,1208,Lazada,COD,0,1,6,1,40-50,40.266666666666666,2.0,1.0,0.5,2,18,2199.6,0.23,1.0,0.5,0.0,0.0,0,0,0.0,4399.2,2,1,0.5,4399.2,2,1,0.5,4399.2,2,1,0.5,1
LGS2ORD0003161,C017803,2025-01-26 01:00:00,Female,52,Bronze,Web,Bangkok,48,Shopee,COD,1,1,6,1,>50,1.6,0.0,0.0,0.0,-1,-1,0.0,0.0,0.0,0.0,0.0,0.0,0,0,0.0,0.0,0,0,0.0,0.0,0,0,0.0,0.0,0,0,0.0,0
LGS2ORD0003162,C016019,2025-01-26 01:00:00,Female,50,Platinum,Web,Nakhon Ratchasima,83,Shopee,PromptPay,1,1,6,1,40-50,2.7666666666666666,1.0,0.0,0.0,-1,7,4474.1,0.25,1.0,1.0,0.0,0.0,0,0,0.0,4474.1,1,0,0.0,4474.1,1,0,0.0,4474.1,1,0,0.0,0
LGS2ORD0003163,C016619,2025-01-26 01:00:00,Female,41,Silver,Shopee,Khon Kaen,689,TV_Show,Credit_Card,1,1,6,1,40-50,22.966666666666665,0.0,0.0,0.0,-1,-1,0.0,0.0,0.0,0.0,0.0,0.0,0,0,0.0,0.0,0,0,0.0,0.0,0,0,0.0,0.0,0,0,0.0,0
LGS2ORD0003164,C013713,2025-01-26 01:00:00,Male,47,Bronze,TV,Bangkok,427,Web,Bank_Transfer,1,1,6,1,40-50,14.233333333333333,0.0,0.0,0.0,-1,-1,0.0,0.0,0.0,0.0,0.0,0.0,0,0,0.0,0.0,0,0,0.0,0.0,0,0,0.0,0.0,0,0,0.0,0
LGS2ORD0003165,C015211,2025-01-26 01:00:00,Other,41,Platinum,Shopee,Phuket,415,Shopee,PromptPay,1,1,6,1,40-50,13.833333333333334,0.0,0.0,0.0,-1,-1,0.0,0.0,0.0,0.0,0.0,0.0,0,0,0.0,0.0,0,0,0.0,0.0,0,0,0.0,0.0,0,0,0.0,0
LGS2ORD0003166,C016899,2025-01-26 02:00:00,Male,46,Bronze,Shopee,Remote_Area,262,Shopee,Bank_Transfer,2,1,6,1,40-50,8.733333333333333,0.0,0.0,0.0,-1,-1,0.0,0.0,0.0,0.0,0.0,0.0,0,0,0.0,0.0,0,0,0.0,0.0,0,0,0.0,0.0,0,0,0.0,0
LGS2ORD0003167,C014544,2025-01-26 02:00:00,Male,60,Gold,Web,Chiang Mai,1345,Shopee,COD,2,1,6,1,>50,44.833333333333336,0.0,0.0,0.0,-1,-1,0.0,0.0,0.0,0.0,0.0,0.0,0,0,0.0,0.0,0,0,0.0,0.0,0,0,0.0,0.0,0,0,0.0,1
LGS2ORD0003168,C017857,2025-01-26 02:00:00,Male,51,Silver,TV,Chiang Mai,757,TV_Show,COD,2,1,6,1,>50,25.233333333333334,0.0,0.0,0.0,-1,-1,0.0,0.0,0.0,0.0,0.0,0.0,0,0,0.0,0.0,0,0,0.0,0.0,0,0,0.0,0.0,0,0,0.0,0
LGS2ORD0003169,C011676,2025-01-26 02:00:00,Male,28,Gold,Shopee,Nakhon Ratchasima,932,Lazada,PromptPay,2,1,6,1,20-30,31.066666666666666,0.0,0.0,0.0,-1,-1,0.0,0.0,0.0,0.0,0.0,0.0,0,0,0.0,0.0,0,0,0.0,0.0,0,0,0.0,0.0,0,0,0.0,0
LGS2ORD0003170,C010255,2025-01-26 02:00:00,Female,66,Silver,CallCenter,Khon Kaen,1300,Web,COD,2,1,6,1,>50,43.333333333333336,2.0,1.0,0.5,16,8,3802.845,0.25,1.0,0.5,0.0,0.0,0,0,0.0,7605.69,2,1,0.5,7605.69,2,1,0.5,7605.69,2,1,0.5,1
LGS2ORD0003171,C013059,2025-01-26 03:00:00,Other,37,Platinum,Shopee,Khon Kaen,223,CallCenter,COD,3,1,6,1,30-40,7.433333333333334,0.0,0.0,0.0,-1,-1,0.0,0.0,0.0,0.0,0.0,0.0,0,0,0.0,0.0,0,0,0.0,0.0,0,0,0.0,0.0,0,0,0.0,0
LGS2ORD0003172,C014886,2025-01-26 03:00:00,Female,31,Gold,TV,Khon Kaen,431,Web,PromptPay,3,1,6,1,30-40,14.366666666666667,2.0,0.0,0.0,-1,5,4138.195,0.28,0.0,0.5,0.0,1465.54,1,0,0.0,8276.39,2,0,0.0,8276.39,2,0,0.0,8276.39,2,0,0.0,0
LGS2ORD0003173,C013930,2025-01-26 03:00:00,Male,34,Bronze,Shopee,Songkhla,1031,CallCenter,COD,3,1,6,1,30-40,34.36666666666667,0.0,0.0,0.0,-1,-1,0.0,0.0,0.0,0.0,0.0,0.0,0,0,0.0,0.0,0,0,0.0,0.0,0,0,0.0,0.0,0,0,0.0,1
LGS2ORD0003174,C016220,2025-01-26 03:00:00,Male,56,Gold,TV,Phuket,660,Lazada,PromptPay,3,1,6,1,>50,22.0,0.0,0.0,0.0,-1,-1,0.0,0.0,0.0,0.0,0.0,0.0,0,0,0.0,0.0,0,0,0.0,0.0,0,0,0.0,0.0,0,0,0.0,1
LGS2ORD0003175,C014732,2025-01-26 03:00:00,Female,54,Bronze,Web,Chonburi,1456,TV_Show,Bank_Transfer,3,1,6,1,>50,48.53333333333333,0.0,0.0,0.0,-1,-1,0.0,0.0,0.0,0.0,0.0,0.0,0,0,0.0,0.0,0,0,0.0,0.0,0,0,0.0,0.0,0,0,0.0,0
LGS2ORD0003176,C014605,2025-01-26 03:00:00,Female,26,Silver,Shopee,Nakhon Ratchasima,1408,Web,COD,3,1,6,1,20-30,46.93333333333333,0.0,0.0,0.0,-1,-1,0.0,0.0,0.0,0.0,0.0,0.0,0,0,0.0,0.0,0,0,0.0,0.0,0,0,0.0,0.0,0,0,0.0,0
LGS2ORD0003177,C010067,2025-01-26 04:00:00,Male,27,Bronze,Shopee,Phuket,152,CallCenter,COD,4,1,6,1,20-30,5.066666666666666,0.0,0.0,0.0,-1,-1,0.0,0.0,0.0,0.0,0.0,0.0,0,0,0.0,0.0,0,0,0.0,0.0,0,0,0.0,0.0,0,0,0.0,0
LGS2ORD0003178,C016085,2025-01-26 04:00:00,Male,58,Silver,Shopee,Songkhla,247,TV_Show,COD,4,1,6,1,>50,8.233333333333333,0.0,0.0,0.0,-1,-1,0.0,0.0,0.0,0.0,0.0,0.0,0,0,0.0,0.0,0,0,0.0,0.0,0,0,0.0,0.0,0,0,0.0,0
LGS2ORD0003179,C014676,2025-01-26 04:00:00,Female,43,Bronze,TV,Nakhon Ratchasima,383,CallCenter,Credit_Card,4,1,6,1,40-50,12.766666666666667,1.0,1.0,1.0,7,19,8274.07,0.08,1.0,0.0,0.0,0.0,0,0,0.0,8274.07,1,1,1.0,8274.07,1,1,1.0,8274.07,1,1,1.0,0
LGS2ORD0003180,C010709,2025-01-26 04:00:00,Female,41,Bronze,CallCenter,Remote_Area,572,Web,Bank_Transfer,4,1,6,1,40-50,19.066666666666666,0.0,0.0,0.0,-1,-1,0.0,0.0,0.0,0.0,0.0,0.0,0,0,0.0,0.0,0,0,0.0,0.0,0,0,0.0,0.0,0,0,0.0,1
LGS2ORD0003181,C017211,2025-01-26 04:00:00,Male,62,Bronze,Shopee,Nakhon Ratchasima,105,TV_Show,Credit_Card,4,1,6,1,>50,3.5,0.0,0.0,0.0,-1,-1,0.0,0.0,0.0,0.0,0.0,0.0,0,0,0.0,0.0,0,0,0.0,0.0,0,0,0.0,0.0,0,0,0.0,0
LGS2ORD0003182,C013616,2025-01-26 05:00:00,Male,18,Gold,Web,Chonburi,775,CallCenter,COD,5,1,6,1,<20,25.833333333333332,0.0,0.0,0.0,-1,-1,0.0,0.0,0.0,0.0,0.0,0.0,0,0,0.0,0.0,0,0,0.0,0.0,0,0,0.0,0.0,0,0,0.0,1
LGS2ORD0003183,C017027,2025-01-26 05:00:00,Female,48,Platinum,Web,Bangkok,1016,Shopee,COD,5,1,6,1,40-50,33.86666666666667,1.0,0.0,0.0,-1,14,1530.05,0.1,0.0,0.0,0.0,0.0,0,0,0.0,1530.05,1,0,0.0,1530.05,1,0,0.0,1530.05,1,0,0.0,0
LGS2ORD0003184,C011372,2025-01-26 05:00:00,Male,72,Bronze,TV,Chiang Mai,100,Lazada,COD,5,1,6,1,>50,3.3333333333333335,0.0,0.0,0.0,-1,-1,0.0,0.0,0.0,0.0,0.0,0.0,0,0,0.0,0.0,0,0,0.0,0.0,0,0,0.0,0.0,0,0,0.0,1
LGS2ORD0003185,C011112,2025-01-26 05:00:00,Female,49,Gold,TV,Khon Kaen,858,TV_Show,Credit_Card,5,1,6,1,40-50,28.6,0.0,0.0,0.0,-1,-1,0.0,0.0,0.0,0.0,0.0,0.0,0,0,0.0,0.0,0,0,0.0,0.0,0,0,0.0,0.0,0,0,0.0,0
LGS2ORD0003186,C013265,2025-01-26 05:00:00,Male,52,Bronze,TV,Songkhla,810,TV_Show,Bank_Transfer,5,1,6,1,>50,27.0,1.0,0.0,0.0,-1,12,7246.29,0.23,1.0,1.0,0.0,0.0,0,0,0.0,7246.29,1,0,0.0,7246.29,1,0,0.0,7246.29,1,0,0.0,0
LGS2ORD0003187,C016889,2025-01-26 06:00:00,Male,47,Bronze,Shopee,Chonburi,598,CallCenter,Bank_Transfer,6,1,6,1,40-50,19.933333333333334,0.0,0.0,0.0,-1,-1,0.0,0.0,0.0,0.0,0.0,0.0,0,0,0.0,0.0,0,0,0.0,0.0,0,0,0.0,0.0,0,0,0.0,0
LGS2ORD0003188,C013356,2025-01-26 06:00:00,Female,35,Silver,Web,Bangkok,342,CallCenter,PromptPay,6,1,6,1,30-40,11.4,0.0,0.0,0.0,-1,-1,0.0,0.0,0.0,0.0,0.0,0.0,0,0,0.0,0.0,0,0,0.0,0.0,0,0,0.0,0.0,0,0,0.0,0
LGS2ORD0003189,C017124,2025-01-26 06:00:00,Male,39,Bronze,Web,Chiang Mai,211,TV_Show,COD,6,1,6,1,30-40,7.033333333333333,0.0,0.0,0.0,-1,-1,0.0,0.0,0.0,0.0,0.0,0.0,0,0,0.0,0.0,0,0,0.0,0.0,0,0,0.0,0.0,0,0,0.0,0
LGS2ORD0003190,C017913,2025-01-26 06:00:00,Male,42,Gold,Lazada,Chiang Mai,748,TV_Show,COD,6,1,6,1,40-50,24.933333333333334,0.0,0.0,0.0,-1,-1,0.0,0.0,0.0,0.0,0.0,0.0,0,0,0.0,0.0,0,0,0.0,0.0,0,0,0.0,0.0,0,0,0.0,0
LGS2ORD0003191,C012561,2025-01-26 06:00:00,Female,61,Platinum,Shopee,Phuket,547,TV_Show,COD,6,1,6,1,>50,18.233333333333334,0.0,0.0,0.0,-1,-1,0.0,0.0,0.0,0.0,0.0,0.0,0,0,0.0,0.0,0,0,0.0,0.0,0,0,0.0,0.0,0,0,0.0,1
LGS2ORD0003192,C010782,2025-01-26 06:00:00,Female,46,Gold,Shopee,Remote_Area,459,Web,Credit_Card,6,1,6,1,40-50,15.3,0.0,0.0,0.0,-1,-1,0.0,0.0,0.0,0.0,0.0,0.0,0,0,0.0,0.0,0,0,0.0,0.0,0,0,0.0,0.0,0,0,0.0,0
LGS2ORD0003193,C016403,2025-01-26 07:00:00,Male,39,Silver,TV,Khon Kaen,1072,Shopee,COD,7,1,6,1,30-40,35.733333333333334,0.0,0.0,0.0,-1,-1,0.0,0.0,0.0,0.0,0.0,0.0,0,0,0.0,0.0,0,0,0.0,0.0,0,0,0.0,0.0,0,0,0.0,0
LGS2ORD0003194,C010726,2025-01-26 07:00:00,Female,33,Silver,TV,Nakhon Ratchasima,1393,TV_Show,PromptPay,7,1,6,1,30-40,46.43333333333333,1.0,0.0,0.0,-1,4,8860.66,0.1,0.0,0.0,0.0,8860.66,1,0,0.0,8860.66,1,0,0.0,8860.66,1,0,0.0,8860.66,1,0,0.0,0
LGS2ORD0003195,C015159,2025-01-26 07:00:00,Male,43,Bronze,Web,Khon Kaen,1297,TV_Show,COD,7,1,6,1,40-50,43.233333333333334,0.0,0.0,0.0,-1,-1,0.0,0.0,0.0,0.0,0.0,0.0,0,0,0.0,0.0,0,0,0.0,0.0,0,0,0.0,0.0,0,0,0.0,0
LGS2ORD0003196,C017289,2025-01-26 07:00:00,Female,38,Platinum,TV,Khon Kaen,1321,Lazada,COD,7,1,6,1,30-40,44.03333333333333,1.0,0.0,0.0,-1,0,240.36,0.25,1.0,1.0,0.0,240.36,1,0,0.0,240.36,1,0,0.0,240.36,1,0,0.0,240.36,1,0,0.0,0
LGS2ORD0003197,C015373,2025-01-26 07:00:00,Female,47,Bronze,TV,Bangkok,1207,TV_Show,COD,7,1,6,1,40-50,40.233333333333334,1.0,0.0,0.0,-1,23,4434.27,0.08,0.0,0.0,0.0,0.0,0,0,0.0,4434.27,1,0,0.0,4434.27,1,0,0.0,4434.27,1,0,0.0,0
LGS2ORD0003198,C011318,2025-01-26 08:00:00,Female,45,Gold,Shopee,Bangkok,644,TV_Show,Bank_Transfer,8,1,6,1,40-50,21.466666666666665,0.0,0.0,0.0,-1,-1,0.0,0.0,0.0,0.0,0.0,0.0,0,0,0.0,0.0,0,0,0.0,0.0,0,0,0.0,0.0,0,0,0.0,1
LGS2ORD0003199,C014827,2025-01-26 08:00:00,Other,48,Gold,Web,Chiang Mai,58,Lazada,COD,8,1,6,1,40-50,1.9333333333333333,0.0,0.0,0.0,-1,-1,0.0,0.0,0.0,0.0,0.0,0.0,0,0,0.0,0.0,0,0,0.0,0.0,0,0,0.0,0.0,0,0,0.0,1
LGS2ORD0003200,C012905,2025-01-26 08:00:00,Male,49,Bronze,Web,Chiang Mai,342,TV_Show,Credit_Card,8,1,6,1,40-50,11.4,1.0,1.0,1.0,-6,3,803.14,0.23,1.0,1.0,0.0,803.14,1,1,1.0,803.14,1,1,1.0,803.14,1,1,1.0,803.14,1,1,1.0,0
LGS2ORD0003201,C014824,2025-01-26 08:00:00,Female,69,Silver,Shopee,Chiang Mai,1018,TV_Show,COD,8,1,6,1,>50,33.93333333333333,0.0,0.0,0.0,-1,-1,0.0,0.0,0.0,0.0,0.0,0.0,0,0,0.0,0.0,0,0,0.0,0.0,0,0,0.0,0.0,0,0,0.0,0
LGS2ORD0003202,C014215,2025-01-26 08:00:00,Female,68,Bronze,TV,Phuket,494,Web,COD,8,1,6,1,>50,16.466666666666665,0.0,0.0,0.0,-1,-1,0.0,0.0,0.0,0.0,0.0,0.0,0,0,0.0,0.0,0,0,0.0,0.0,0,0,0.0,0.0,0,0,0.0,1
LGS2ORD0003203,C012165,2025-01-26 09:00:00,Male,29,Bronze,Shopee,Phuket,654,Shopee,COD,9,1,6,1,20-30,21.8,1.0,1.0,1.0,4,11,3485.9,0.28,1.0,1.0,0.0,0.0,0,0,0.0,3485.9,1,1,1.0,3485.9,1,1,1.0,3485.9,1,1,1.0,0
LGS2ORD0003204,C013482,2025-01-26 09:00:00,Female,51,Gold,Shopee,Chiang Mai,563,CallCenter,COD,9,1,6,1,>50,18.766666666666666,1.0,0.0,0.0,-1,0,3871.7,0.13,0.0,0.0,0.0,3871.7,1,0,0.0,3871.7,1,0,0.0,3871.7,1,0,0.0,3871.7,1,0,0.0,1
LGS2ORD0003205,C017367,2025-01-26 09:00:00,Female,41,Silver,Web,Khon Kaen,1427,Shopee,COD,9,1,6,1,40-50,47.56666666666667,0.0,0.0,0.0,-1,-1,0.0,0.0,0.0,0.0,0.0,0.0,0,0,0.0,0.0,0,0,0.0,0.0,0,0,0.0,0.0,0,0,0.0,0
LGS2ORD0003206,C014898,2025-01-26 09:00:00,Female,30,Bronze,TV,Bangkok,622,Shopee,COD,9,1,6,1,20-30,20.733333333333334,0.0,0.0,0.0,-1,-1,0.0,0.0,0.0,0.0,0.0,0.0,0,0,0.0,0.0,0,0,0.0,0.0,0,0,0.0,0.0,0,0,0.0,0
LGS2ORD0003207,C016699,2025-01-26 09:00:00,Female,41,Silver,Web,Khon Kaen,1376,Shopee,COD,9,1,6,1,40-50,45.86666666666667,0.0,0.0,0.0,-1,-1,0.0,0.0,0.0,0.0,0.0,0.0,0,0,0.0,0.0,0,0,0.0,0.0,0,0,0.0,0.0,0,0,0.0,0
LGS2ORD0003208,C011629,2025-01-26 10:00:00,Male,52,Gold,CallCenter,Songkhla,1162,Web,COD,10,1,6,1,>50,38.733333333333334,1.0,0.0,0.0,-1,16,720.76,0.2299999999999999,1.0,1.0,0.0,0.0,0,0,0.0,720.76,1,0,0.0,720.76,1,0,0.0,720.76,1,0,0.0,0
LGS2ORD0003209,C015927,2025-01-26 10:00:00,Male,52,Bronze,Lazada,Bangkok,960,CallCenter,COD,10,1,6,1,>50,32.0,0.0,0.0,0.0,-1,-1,0.0,0.0,0.0,0.0,0.0,0.0,0,0,0.0,0.0,0,0,0.0,0.0,0,0,0.0,0.0,0,0,0.0,0
LGS2ORD0003210,C014860,2025-01-26 10:00:00,Male,33,Bronze,TV,Songkhla,1106,Lazada,PromptPay,10,1,6,1,30-40,36.86666666666667,1.0,0.0,0.0,-1,16,8798.46,0.28,0.0,1.0,0.0,0.0,0,0,0.0,8798.46,1,0,0.0,8798.46,1,0,0.0,8798.46,1,0,0.0,0
LGS2ORD0003211,C012091,2025-01-26 10:00:00,Female,18,Silver,Shopee,Khon Kaen,505,Lazada,Credit_Card,10,1,6,1,<20,16.833333333333332,0.0,0.0,0.0,-1,-1,0.0,0.0,0.0,0.0,0.0,0.0,0,0,0.0,0.0,0,0,0.0,0.0,0,0,0.0,0.0,0,0,0.0,0
LGS2ORD0003212,C013267,2025-01-26 10:00:00,Female,34,Silver,Shopee,Remote_Area,270,Shopee,COD,10,1,6,1,30-40,9.0,0.0,0.0,0.0,-1,-1,0.0,0.0,0.0,0.0,0.0,0.0,0,0,0.0,0.0,0,0,0.0,0.0,0,0,0.0,0.0,0,0,0.0,0
LGS2ORD0003213,C016560,2025-01-26 10:00:00,Male,71,Bronze,Lazada,Bangkok,1322,Shopee,COD,10,1,6,1,>50,44.06666666666667,2.0,0.0,0.0,-1,2,10539.95,0.13,0.5,0.0,0.0,1682.27,1,0,0.0,21079.9,2,0,0.0,21079.9,2,0,0.0,21079.9,2,0,0.0,1
LGS2ORD0003214,C010863,2025-01-26 11:00:00,Female,35,Bronze,Shopee,Remote_Area,1240,Lazada,COD,11,1,6,1,30-40,41.333333333333336,0.0,0.0,0.0,-1,-1,0.0,0.0,0.0,0.0,0.0,0.0,0,0,0.0,0.0,0,0,0.0,0.0,0,0,0.0,0.0,0,0,0.0,0
LGS2ORD0003215,C011340,2025-01-26 11:00:00,Female,57,Bronze,Web,Songkhla,492,Lazada,COD,11,1,6,1,>50,16.4,0.0,0.0,0.0,-1,-1,0.0,0.0,0.0,0.0,0.0,0.0,0,0,0.0,0.0,0,0,0.0,0.0,0,0,0.0,0.0,0,0,0.0,0
LGS2ORD0003216,C012990,2025-01-26 11:00:00,Male,64,Bronze,CallCenter,Khon Kaen,503,CallCenter,PromptPay,11,1,6,1,>50,16.766666666666666,2.0,0.0,0.0,-1,0,11157.935,0.23,0.5,0.5,0.0,2774.12,1,0,0.0,22315.87,2,0,0.0,22315.87,2,0,0.0,22315.87,2,0,0.0,0
LGS2ORD0003217,C010929,2025-01-26 11:00:00,Female,46,Silver,Web,Khon Kaen,1143,Lazada,Credit_Card,11,1,6,1,40-50,38.1,3.0,1.0,0.3333333333333333,-8,3,7042.016666666667,0.2,0.6666666666666666,0.0,0.0,8902.39,1,1,1.0,21126.050000000003,3,1,0.3333333333333333,21126.050000000003,3,1,0.3333333333333333,21126.050000000003,3,1,0.3333333333333333,1
LGS2ORD0003218,C014879,2025-01-26 11:00:00,Male,26,Gold,Shopee,Bangkok,695,TV_Show,PromptPay,11,1,6,1,20-30,23.166666666666668,0.0,0.0,0.0,-1,-1,0.0,0.0,0.0,0.0,0.0,0.0,0,0,0.0,0.0,0,0,0.0,0.0,0,0,0.0,0.0,0,0,0.0,0
LGS2ORD0003219,C015090,2025-01-26 12:00:00,Male,58,Bronze,Web,Remote_Area,147,TV_Show,COD,12,1,6,1,>50,4.9,1.0,0.0,0.0,-1,10,4595.69,0.18,0.0,0.0,0.0,0.0,0,0,0.0,4595.69,1,0,0.0,4595.69,1,0,0.0,4595.69,1,0,0.0,1
LGS2ORD0003220,C012687,2025-01-26 12:00:00,Male,28,Gold,Lazada,Chonburi,1173,Web,Credit_Card,12,1,6,1,20-30,39.1,0.0,0.0,0.0,-1,-1,0.0,0.0,0.0,0.0,0.0,0.0,0,0,0.0,0.0,0,0,0.0,0.0,0,0,0.0,0.0,0,0,0.0,0
LGS2ORD0003221,C012594,2025-01-26 12:00:00,Male,71,Gold,Web,Nakhon Ratchasima,977,CallCenter,COD,12,1,6,1,>50,32.56666666666667,0.0,0.0,0.0,-1,-1,0.0,0.0,0.0,0.0,0.0,0.0,0,0,0.0,0.0,0,0,0.0,0.0,0,0,0.0,0.0,0,0,0.0,0
LGS2ORD0003222,C012705,2025-01-26 12:00:00,Male,52,Bronze,Shopee,Nakhon Ratchasima,446,TV_Show,COD,12,1,6,1,>50,14.866666666666667,0.0,0.0,0.0,-1,-1,0.0,0.0,0.0,0.0,0.0,0.0,0,0,0.0,0.0,0,0,0.0,0.0,0,0,0.0,0.0,0,0,0.0,0
LGS2ORD0003223,C015064,2025-01-26 12:00:00,Female,46,Bronze,TV,Remote_Area,700,TV_Show,COD,12,1,6,1,40-50,23.333333333333332,0.0,0.0,0.0,-1,-1,0.0,0.0,0.0,0.0,0.0,0.0,0,0,0.0,0.0,0,0,0.0,0.0,0,0,0.0,0.0,0,0,0.0,0
LGS2ORD0003224,C013047,2025-01-26 13:00:00,Female,18,Bronze,Shopee,Remote_Area,1358,Web,COD,13,1,6,1,<20,45.266666666666666,0.0,0.0,0.0,-1,-1,0.0,0.0,0.0,0.0,0.0,0.0,0,0,0.0,0.0,0,0,0.0,0.0,0,0,0.0,0.0,0,0,0.0,1
LGS2ORD0003225,C011782,2025-01-26 13:00:00,Female,45,Bronze,TV,Remote_Area,1425,CallCenter,PromptPay,13,1,6,1,40-50,47.5,0.0,0.0,0.0,-1,-1,0.0,0.0,0.0,0.0,0.0,0.0,0,0,0.0,0.0,0,0,0.0,0.0,0,0,0.0,0.0,0,0,0.0,1
LGS2ORD0003226,C011368,2025-01-26 13:00:00,Female,35,Platinum,TV,Chiang Mai,1111,Web,COD,13,1,6,1,30-40,37.03333333333333,0.0,0.0,0.0,-1,-1,0.0,0.0,0.0,0.0,0.0,0.0,0,0,0.0,0.0,0,0,0.0,0.0,0,0,0.0,0.0,0,0,0.0,0
LGS2ORD0003227,C014218,2025-01-26 13:00:00,Female,50,Bronze,TV,Chiang Mai,1035,Lazada,Credit_Card,13,1,6,1,40-50,34.5,0.0,0.0,0.0,-1,-1,0.0,0.0,0.0,0.0,0.0,0.0,0,0,0.0,0.0,0,0,0.0,0.0,0,0,0.0,0.0,0,0,0.0,0
LGS2ORD0003228,C016985,2025-01-26 13:00:00,Male,30,Bronze,TV,Phuket,1336,Shopee,Bank_Transfer,13,1,6,1,20-30,44.53333333333333,0.0,0.0,0.0,-1,-1,0.0,0.0,0.0,0.0,0.0,0.0,0,0,0.0,0.0,0,0,0.0,0.0,0,0,0.0,0.0,0,0,0.0,0
LGS2ORD0003229,C012150,2025-01-26 14:00:00,Male,27,Silver,Lazada,Phuket,1317,CallCenter,COD,14,1,6,1,20-30,43.9,0.0,0.0,0.0,-1,-1,0.0,0.0,0.0,0.0,0.0,0.0,0,0,0.0,0.0,0,0,0.0,0.0,0,0,0.0,0.0,0,0,0.0,1
LGS2ORD0003230,C014278,2025-01-26 14:00:00,Female,45,Bronze,CallCenter,Chiang Mai,727,TV_Show,COD,14,1,6,1,40-50,24.233333333333334,0.0,0.0,0.0,-1,-1,0.0,0.0,0.0,0.0,0.0,0.0,0,0,0.0,0.0,0,0,0.0,0.0,0,0,0.0,0.0,0,0,0.0,0
LGS2ORD0003231,C010569,2025-01-26 14:00:00,Female,34,Gold,CallCenter,Bangkok,746,TV_Show,COD,14,1,6,1,30-40,24.866666666666667,0.0,0.0,0.0,-1,-1,0.0,0.0,0.0,0.0,0.0,0.0,0,0,0.0,0.0,0,0,0.0,0.0,0,0,0.0,0.0,0,0,0.0,0
LGS2ORD0003232,C013705,2025-01-26 14:00:00,Female,20,Bronze,Web,Bangkok,137,TV_Show,Credit_Card,14,1,6,1,<20,4.566666666666666,1.0,0.0,0.0,-1,9,7312.76,0.03,0.0,0.0,0.0,0.0,0,0,0.0,7312.76,1,0,0.0,7312.76,1,0,0.0,7312.76,1,0,0.0,0
LGS2ORD0003233,C014012,2025-01-26 14:00:00,Female,67,Bronze,CallCenter,Remote_Area,527,TV_Show,Bank_Transfer,14,1,6,1,>50,17.566666666666666,1.0,0.0,0.0,-1,4,8655.64,0.03,0.0,0.0,0.0,8655.64,1,0,0.0,8655.64,1,0,0.0,8655.64,1,0,0.0,8655.64,1,0,0.0,0
LGS2ORD0003234,C010251,2025-01-26 14:00:00,Male,56,Gold,Web,Khon Kaen,1256,TV_Show,COD,14,1,6,1,>50,41.86666666666667,1.0,0.0,0.0,-1,13,1353.32,0.18,1.0,0.0,0.0,0.0,0,0,0.0,1353.32,1,0,0.0,1353.32,1,0,0.0,1353.32,1,0,0.0,0
LGS2ORD0003235,C014054,2025-01-26 15:00:00,Male,55,Bronze,TV,Phuket,536,TV_Show,PromptPay,15,1,6,1,>50,17.866666666666667,0.0,0.0,0.0,-1,-1,0.0,0.0,0.0,0.0,0.0,0.0,0,0,0.0,0.0,0,0,0.0,0.0,0,0,0.0,0.0,0,0,0.0,0
LGS2ORD0003236,C015972,2025-01-26 15:00:00,Male,46,Gold,CallCenter,Bangkok,1426,Web,Bank_Transfer,15,1,6,1,40-50,47.53333333333333,0.0,0.0,0.0,-1,-1,0.0,0.0,0.0,0.0,0.0,0.0,0,0,0.0,0.0,0,0,0.0,0.0,0,0,0.0,0.0,0,0,0.0,0
LGS2ORD0003237,C016216,2025-01-26 15:00:00,Female,61,Bronze,Shopee,Remote_Area,430,Shopee,Credit_Card,15,1,6,1,>50,14.333333333333334,0.0,0.0,0.0,-1,-1,0.0,0.0,0.0,0.0,0.0,0.0,0,0,0.0,0.0,0,0,0.0,0.0,0,0,0.0,0.0,0,0,0.0,0
LGS2ORD0003238,C010881,2025-01-26 15:00:00,Female,42,Silver,TV,Remote_Area,1392,CallCenter,COD,15,1,6,1,40-50,46.4,1.0,0.0,0.0,-1,11,13982.29,0.2,0.0,0.0,0.0,0.0,0,0,0.0,13982.29,1,0,0.0,13982.29,1,0,0.0,13982.29,1,0,0.0,1
LGS2ORD0003239,C015421,2025-01-26 15:00:00,Other,32,Platinum,Shopee,Phuket,870,Shopee,COD,15,1,6,1,30-40,29.0,1.0,1.0,1.0,-4,7,1650.93,0.35,1.0,1.0,0.0,0.0,0,0,0.0,1650.93,1,1,1.0,1650.93,1,1,1.0,1650.93,1,1,1.0,1
LGS2ORD0003240,C015355,2025-01-26 16:00:00,Male,24,Gold,TV,Chiang Mai,834,Shopee,Credit_Card,16,1,6,1,20-30,27.8,1.0,0.0,0.0,-1,2,1047.22,0.08,1.0,0.0,0.0,1047.22,1,0,0.0,1047.22,1,0,0.0,1047.22,1,0,0.0,1047.22,1,0,0.0,1
LGS2ORD0003241,C017040,2025-01-26 16:00:00,Female,28,Platinum,CallCenter,Bangkok,1078,TV_Show,Bank_Transfer,16,1,6,1,20-30,35.93333333333333,2.0,1.0,0.5,2,14,1587.205,0.35,0.5,0.5,0.0,0.0,0,0,0.0,3174.41,2,1,0.5,3174.41,2,1,0.5,3174.41,2,1,0.5,0
LGS2ORD0003242,C015840,2025-01-26 16:00:00,Male,30,Silver,Lazada,Bangkok,948,Shopee,Credit_Card,16,1,6,1,20-30,31.6,0.0,0.0,0.0,-1,-1,0.0,0.0,0.0,0.0,0.0,0.0,0,0,0.0,0.0,0,0,0.0,0.0,0,0,0.0,0.0,0,0,0.0,0
LGS2ORD0003243,C017103,2025-01-26 16:00:00,Male,38,Bronze,Lazada,Nakhon Ratchasima,459,TV_Show,PromptPay,16,1,6,1,30-40,15.3,1.0,1.0,1.0,4,18,1549.91,0.13,1.0,0.0,0.0,0.0,0,0,0.0,1549.91,1,1,1.0,1549.91,1,1,1.0,1549.91,1,1,1.0,0
LGS2ORD0003244,C015541,2025-01-26 16:00:00,Female,62,Silver,TV,Chiang Mai,379,Web,COD,16,1,6,1,>50,12.633333333333333,1.0,0.0,0.0,-1,1,1044.96,0.2,1.0,0.0,0.0,1044.96,1,0,0.0,1044.96,1,0,0.0,1044.96,1,0,0.0,1044.96,1,0,0.0,0
LGS2ORD0003245,C011212,2025-01-26 17:00:00,Female,54,Bronze,Web,Bangkok,1385,Shopee,Credit_Card,17,1,6,1,>50,46.166666666666664,1.0,0.0,0.0,-1,5,1496.68,0.08,1.0,0.0,0.0,1496.68,1,0,0.0,1496.68,1,0,0.0,1496.68,1,0,0.0,1496.68,1,0,0.0,0
LGS2ORD0003246,C011209,2025-01-26 17:00:00,Female,49,Gold,Web,Phuket,142,TV_Show,COD,17,1,6,1,40-50,4.733333333333333,0.0,0.0,0.0,-1,-1,0.0,0.0,0.0,0.0,0.0,0.0,0,0,0.0,0.0,0,0,0.0,0.0,0,0,0.0,0.0,0,0,0.0,1
LGS2ORD0003247,C013582,2025-01-26 17:00:00,Male,52,Gold,TV,Remote_Area,1244,CallCenter,COD,17,1,6,1,>50,41.46666666666667,0.0,0.0,0.0,-1,-1,0.0,0.0,0.0,0.0,0.0,0.0,0,0,0.0,0.0,0,0,0.0,0.0,0,0,0.0,0.0,0,0,0.0,0
LGS2ORD0003248,C016250,2025-01-26 17:00:00,Female,26,Bronze,Lazada,Bangkok,147,CallCenter,COD,17,1,6,1,20-30,4.9,0.0,0.0,0.0,-1,-1,0.0,0.0,0.0,0.0,0.0,0.0,0,0,0.0,0.0,0,0,0.0,0.0,0,0,0.0,0.0,0,0,0.0,0
LGS2ORD0003249,C011171,2025-01-26 17:00:00,Female,25,Platinum,Shopee,Chiang Mai,1398,Web,COD,17,1,6,1,20-30,46.6,0.0,0.0,0.0,-1,-1,0.0,0.0,0.0,0.0,0.0,0.0,0,0,0.0,0.0,0,0,0.0,0.0,0,0,0.0,0.0,0,0,0.0,0
LGS2ORD0003250,C016347,2025-01-26 18:00:00,Male,46,Bronze,Web,Phuket,513,Web,COD,18,1,6,1,40-50,17.1,0.0,0.0,0.0,-1,-1,0.0,0.0,0.0,0.0,0.0,0.0,0,0,0.0,0.0,0,0,0.0,0.0,0,0,0.0,0.0,0,0,0.0,0
LGS2ORD0003251,C015740,2025-01-26 18:00:00,Male,44,Bronze,Shopee,Phuket,818,CallCenter,PromptPay,18,1,6,1,40-50,27.266666666666666,0.0,0.0,0.0,-1,-1,0.0,0.0,0.0,0.0,0.0,0.0,0,0,0.0,0.0,0,0,0.0,0.0,0,0,0.0,0.0,0,0,0.0,0
LGS2ORD0003252,C011430,2025-01-26 18:00:00,Female,45,Silver,Lazada,Chiang Mai,1288,TV_Show,Credit_Card,18,1,6,1,40-50,42.93333333333333,1.0,0.0,0.0,-1,4,2112.47,0.2,0.0,0.0,0.0,2112.47,1,0,0.0,2112.47,1,0,0.0,2112.47,1,0,0.0,2112.47,1,0,0.0,0
LGS2ORD0003253,C012019,2025-01-26 18:00:00,Male,36,Bronze,TV,Khon Kaen,1386,Shopee,COD,18,1,6,1,30-40,46.2,0.0,0.0,0.0,-1,-1,0.0,0.0,0.0,0.0,0.0,0.0,0,0,0.0,0.0,0,0,0.0,0.0,0,0,0.0,0.0,0,0,0.0,0
LGS2ORD0003254,C014588,2025-01-26 18:00:00,Female,29,Silver,Web,Chonburi,1334,Lazada,Credit_Card,18,1,6,1,20-30,44.46666666666667,1.0,0.0,0.0,-1,15,2028.43,0.25,0.0,1.0,0.0,0.0,0,0,0.0,2028.43,1,0,0.0,2028.43,1,0,0.0,2028.43,1,0,0.0,0
LGS2ORD0003255,C013686,2025-01-26 18:00:00,Female,25,Silver,Web,Khon Kaen,464,Shopee,COD,18,1,6,1,20-30,15.466666666666667,0.0,0.0,0.0,-1,-1,0.0,0.0,0.0,0.0,0.0,0.0,0,0,0.0,0.0,0,0,0.0,0.0,0,0,0.0,0.0,0,0,0.0,0
LGS2ORD0003256,C010164,2025-01-26 19:00:00,Female,33,Platinum,TV,Chiang Mai,375,Lazada,COD,19,1,6,1,30-40,12.5,1.0,1.0,1.0,1,10,806.43,0.25,1.0,1.0,0.0,0.0,0,0,0.0,806.43,1,1,1.0,806.43,1,1,1.0,806.43,1,1,1.0,1
LGS2ORD0003257,C011960,2025-01-26 19:00:00,Male,18,Bronze,Shopee,Chiang Mai,546,Shopee,PromptPay,19,1,6,1,<20,18.2,1.0,1.0,1.0,13,20,8727.54,0.23,1.0,1.0,0.0,0.0,0,0,0.0,8727.54,1,1,1.0,8727.54,1,1,1.0,8727.54,1,1,1.0,0
LGS2ORD0003258,C016929,2025-01-26 19:00:00,Male,33,Bronze,Shopee,Remote_Area,925,Web,COD,19,1,6,1,30-40,30.833333333333332,1.0,1.0,1.0,11,25,12567.55,0.18,1.0,0.0,0.0,0.0,0,0,0.0,12567.55,1,1,1.0,12567.55,1,1,1.0,12567.55,1,1,1.0,1
LGS2ORD0003259,C013605,2025-01-26 19:00:00,Female,66,Silver,Lazada,Bangkok,148,Shopee,COD,19,1,6,1,>50,4.933333333333334,0.0,0.0,0.0,-1,-1,0.0,0.0,0.0,0.0,0.0,0.0,0,0,0.0,0.0,0,0,0.0,0.0,0,0,0.0,0.0,0,0,0.0,1
LGS2ORD0003260,C011554,2025-01-26 19:00:00,Male,40,Bronze,TV,Remote_Area,666,TV_Show,Credit_Card,19,1,6,1,30-40,22.2,0.0,0.0,0.0,-1,-1,0.0,0.0,0.0,0.0,0.0,0.0,0,0,0.0,0.0,0,0,0.0,0.0,0,0,0.0,0.0,0,0,0.0,0
LGS2ORD0003261,C014583,2025-01-26 20:00:00,Female,46,Silver,TV,Songkhla,1231,Web,COD,20,1,6,1,40-50,41.03333333333333,2.0,1.0,0.5,-8,2,1558.5949999999998,0.1,0.5,0.0,0.0,2404.14,1,1,1.0,3117.1899999999996,2,1,0.5,3117.1899999999996,2,1,0.5,3117.1899999999996,2,1,0.5,1
LGS2ORD0003262,C015400,2025-01-26 20:00:00,Female,71,Bronze,Shopee,Songkhla,761,TV_Show,Bank_Transfer,20,1,6,1,>50,25.366666666666667,0.0,0.0,0.0,-1,-1,0.0,0.0,0.0,0.0,0.0,0.0,0,0,0.0,0.0,0,0,0.0,0.0,0,0,0.0,0.0,0,0,0.0,0
LGS2ORD0003263,C010276,2025-01-26 20:00:00,Female,18,Bronze,TV,Chonburi,838,Web,COD,20,1,6,1,<20,27.933333333333334,0.0,0.0,0.0,-1,-1,0.0,0.0,0.0,0.0,0.0,0.0,0,0,0.0,0.0,0,0,0.0,0.0,0,0,0.0,0.0,0,0,0.0,0
LGS2ORD0003264,C012338,2025-01-26 20:00:00,Male,21,Bronze,Web,Khon Kaen,1445,TV_Show,COD,20,1,6,1,20-30,48.166666666666664,0.0,0.0,0.0,-1,-1,0.0,0.0,0.0,0.0,0.0,0.0,0,0,0.0,0.0,0,0,0.0,0.0,0,0,0.0,0.0,0,0,0.0,1
LGS2ORD0003265,C016074,2025-01-26 20:00:00,Male,56,Gold,Web,Chiang Mai,141,CallCenter,COD,20,1,6,1,>50,4.7,0.0,0.0,0.0,-1,-1,0.0,0.0,0.0,0.0,0.0,0.0,0,0,0.0,0.0,0,0,0.0,0.0,0,0,0.0,0.0,0,0,0.0,0
LGS2ORD0003266,C013798,2025-01-26 21:00:00,Male,59,Silver,Shopee,Chiang Mai,981,Lazada,COD,21,1,6,1,>50,32.7,0.0,0.0,0.0,-1,-1,0.0,0.0,0.0,0.0,0.0,0.0,0,0,0.0,0.0,0,0,0.0,0.0,0,0,0.0,0.0,0,0,0.0,0
LGS2ORD0003267,C014142,2025-01-26 21:00:00,Male,38,Silver,Lazada,Bangkok,1352,TV_Show,Credit_Card,21,1,6,1,30-40,45.06666666666667,0.0,0.0,0.0,-1,-1,0.0,0.0,0.0,0.0,0.0,0.0,0,0,0.0,0.0,0,0,0.0,0.0,0,0,0.0,0.0,0,0,0.0,0
LGS2ORD0003268,C010231,2025-01-26 21:00:00,Female,57,Silver,TV,Songkhla,406,Shopee,Bank_Transfer,21,1,6,1,>50,13.533333333333333,0.0,0.0,0.0,-1,-1,0.0,0.0,0.0,0.0,0.0,0.0,0,0,0.0,0.0,0,0,0.0,0.0,0,0,0.0,0.0,0,0,0.0,0
LGS2ORD0003269,C014877,2025-01-26 21:00:00,Female,45,Bronze,Lazada,Nakhon Ratchasima,154,Web,COD,21,1,6,1,40-50,5.133333333333334,1.0,0.0,0.0,-1,1,3629.23,0.03,0.0,0.0,0.0,3629.23,1,0,0.0,3629.23,1,0,0.0,3629.23,1,0,0.0,3629.23,1,0,0.0,0
LGS2ORD0003270,C017163,2025-01-26 21:00:00,Female,44,Silver,TV,Khon Kaen,1159,TV_Show,Credit_Card,21,1,6,1,40-50,38.63333333333333,0.0,0.0,0.0,-1,-1,0.0,0.0,0.0,0.0,0.0,0.0,0,0,0.0,0.0,0,0,0.0,0.0,0,0,0.0,0.0,0,0,0.0,0
LGS2ORD0003271,C016175,2025-01-26 22:00:00,Female,51,Platinum,Shopee,Chiang Mai,185,Shopee,Bank_Transfer,22,1,6,1,>50,6.166666666666667,2.0,1.0,0.5,-10,5,2139.1949999999997,0.35,0.5,0.5,0.0,2088.52,1,1,1.0,4278.389999999999,2,1,0.5,4278.389999999999,2,1,0.5,4278.389999999999,2,1,0.5,0
LGS2ORD0003272,C013187,2025-01-26 22:00:00,Male,55,Silver,TV,Khon Kaen,290,TV_Show,COD,22,1,6,1,>50,9.666666666666666,0.0,0.0,0.0,-1,-1,0.0,0.0,0.0,0.0,0.0,0.0,0,0,0.0,0.0,0,0,0.0,0.0,0,0,0.0,0.0,0,0,0.0,0
LGS2ORD0003273,C010071,2025-01-26 22:00:00,Female,51,Bronze,TV,Remote_Area,397,TV_Show,Credit_Card,22,1,6,1,>50,13.233333333333333,0.0,0.0,0.0,-1,-1,0.0,0.0,0.0,0.0,0.0,0.0,0,0,0.0,0.0,0,0,0.0,0.0,0,0,0.0,0.0,0,0,0.0,1
LGS2ORD0003274,C017111,2025-01-26 22:00:00,Male,26,Bronze,CallCenter,Bangkok,1166,CallCenter,COD,22,1,6,1,20-30,38.86666666666667,1.0,0.0,0.0,-1,21,9651.78,0.23,0.0,1.0,0.0,0.0,0,0,0.0,9651.78,1,0,0.0,9651.78,1,0,0.0,9651.78,1,0,0.0,0
LGS2ORD0003275,C016610,2025-01-26 22:00:00,Female,43,Silver,Shopee,Bangkok,376,TV_Show,PromptPay,22,1,6,1,40-50,12.533333333333333,0.0,0.0,0.0,-1,-1,0.0,0.0,0.0,0.0,0.0,0.0,0,0,0.0,0.0,0,0,0.0,0.0,0,0,0.0,0.0,0,0,0.0,1
LGS2ORD0003276,C011182,2025-01-26 22:00:00,Female,31,Silver,Lazada,Remote_Area,1292,CallCenter,Credit_Card,22,1,6,1,30-40,43.06666666666667,0.0,0.0,0.0,-1,-1,0.0,0.0,0.0,0.0,0.0,0.0,0,0,0.0,0.0,0,0,0.0,0.0,0,0,0.0,0.0,0,0,0.0,0
LGS2ORD0003277,C015312,2025-01-26 23:00:00,Male,35,Bronze,Web,Bangkok,934,Lazada,Bank_Transfer,23,1,6,1,30-40,31.133333333333333,0.0,0.0,0.0,-1,-1,0.0,0.0,0.0,0.0,0.0,0.0,0,0,0.0,0.0,0,0,0.0,0.0,0,0,0.0,0.0,0,0,0.0,0
LGS2ORD0003278,C013001,2025-01-26 23:00:00,Female,44,Bronze,Web,Khon Kaen,845,TV_Show,PromptPay,23,1,6,1,40-50,28.166666666666668,0.0,0.0,0.0,-1,-1,0.0,0.0,0.0,0.0,0.0,0.0,0,0,0.0,0.0,0,0,0.0,0.0,0,0,0.0,0.0,0,0,0.0,0
LGS2ORD0003279,C012683,2025-01-26 23:00:00,Male,61,Silver,Web,Phuket,795,TV_Show,COD,23,1,6,1,>50,26.5,0.0,0.0,0.0,-1,-1,0.0,0.0,0.0,0.0,0.0,0.0,0,0,0.0,0.0,0,0,0.0,0.0,0,0,0.0,0.0,0,0,0.0,1
LGS2ORD0003280,C012307,2025-01-26 23:00:00,Male,49,Bronze,TV,Phuket,1313,Shopee,COD,23,1,6,1,40-50,43.766666666666666,0.0,0.0,0.0,-1,-1,0.0,0.0,0.0,0.0,0.0,0.0,0,0,0.0,0.0,0,0,0.0,0.0,0,0,0.0,0.0,0,0,0.0,0
LGS2ORD0003281,C013950,2025-01-26 23:00:00,Male,42,Bronze,TV,Nakhon Ratchasima,1418,Lazada,COD,23,1,6,1,40-50,47.266666666666666,1.0,0.0,0.0,-1,20,761.49,0.18,0.0,0.0,0.0,0.0,0,0,0.0,761.49,1,0,0.0,761.49,1,0,0.0,761.49,1,0,0.0,0
LGS2ORD0003282,C011633,2025-01-27 00:00:00,Male,36,Silver,TV,Phuket,202,TV_Show,PromptPay,0,1,0,0,30-40,6.733333333333333,1.0,0.0,0.0,-1,24,19919.13,0.3,1.0,1.0,0.0,0.0,0,0,0.0,19919.13,1,0,0.0,19919.13,1,0,0.0,19919.13,1,0,0.0,0
LGS2ORD0003283,C015295,2025-01-27 00:00:00,Female,27,Bronze,CallCenter,Bangkok,387,TV_Show,COD,0,1,0,0,20-30,12.9,3.0,0.0,0.0,-1,10,1375.2933333333333,0.23,0.6666666666666666,0.3333333333333333,0.0,0.0,0,0,0.0,4125.88,3,0,0.0,4125.88,3,0,0.0,4125.88,3,0,0.0,0
LGS2ORD0003284,C014458,2025-01-27 00:00:00,Female,39,Silver,TV,Chonburi,1394,Shopee,COD,0,1,0,0,30-40,46.46666666666667,0.0,0.0,0.0,-1,-1,0.0,0.0,0.0,0.0,0.0,0.0,0,0,0.0,0.0,0,0,0.0,0.0,0,0,0.0,0.0,0,0,0.0,1
LGS2ORD0003285,C012214,2025-01-27 00:00:00,Female,48,Bronze,Shopee,Remote_Area,1409,TV_Show,Credit_Card,0,1,0,0,40-50,46.96666666666667,0.0,0.0,0.0,-1,-1,0.0,0.0,0.0,0.0,0.0,0.0,0,0,0.0,0.0,0,0,0.0,0.0,0,0,0.0,0.0,0,0,0.0,0
LGS2ORD0003286,C013789,2025-01-27 00:00:00,Female,37,Silver,Lazada,Songkhla,667,Lazada,COD,0,1,0,0,30-40,22.233333333333334,0.0,0.0,0.0,-1,-1,0.0,0.0,0.0,0.0,0.0,0.0,0,0,0.0,0.0,0,0,0.0,0.0,0,0,0.0,0.0,0,0,0.0,1
LGS2ORD0003287,C014586,2025-01-27 01:00:00,Other,50,Bronze,TV,Songkhla,240,CallCenter,PromptPay,1,1,0,0,40-50,8.0,0.0,0.0,0.0,-1,-1,0.0,0.0,0.0,0.0,0.0,0.0,0,0,0.0,0.0,0,0,0.0,0.0,0,0,0.0,0.0,0,0,0.0,0
LGS2ORD0003288,C016478,2025-01-27 01:00:00,Female,18,Gold,Lazada,Khon Kaen,1351,Shopee,Credit_Card,1,1,0,0,<20,45.03333333333333,0.0,0.0,0.0,-1,-1,0.0,0.0,0.0,0.0,0.0,0.0,0,0,0.0,0.0,0,0,0.0,0.0,0,0,0.0,0.0,0,0,0.0,0
LGS2ORD0003289,C010825,2025-01-27 01:00:00,Female,31,Silver,Shopee,Bangkok,1135,Shopee,Credit_Card,1,1,0,0,30-40,37.833333333333336,1.0,0.0,0.0,-1,13,423.76,0.05,0.0,0.0,0.0,0.0,0,0,0.0,423.76,1,0,0.0,423.76,1,0,0.0,423.76,1,0,0.0,0
LGS2ORD0003290,C016127,2025-01-27 01:00:00,Male,44,Silver,TV,Bangkok,296,TV_Show,COD,1,1,0,0,40-50,9.866666666666667,0.0,0.0,0.0,-1,-1,0.0,0.0,0.0,0.0,0.0,0.0,0,0,0.0,0.0,0,0,0.0,0.0,0,0,0.0,0.0,0,0,0.0,0
LGS2ORD0003291,C013548,2025-01-27 01:00:00,Female,50,Silver,Shopee,Bangkok,530,Lazada,Credit_Card,1,1,0,0,40-50,17.666666666666668,0.0,0.0,0.0,-1,-1,0.0,0.0,0.0,0.0,0.0,0.0,0,0,0.0,0.0,0,0,0.0,0.0,0,0,0.0,0.0,0,0,0.0,1
LGS2ORD0003292,C013481,2025-01-27 01:00:00,Male,39,Bronze,Shopee,Chonburi,709,CallCenter,Bank_Transfer,1,1,0,0,30-40,23.633333333333333,0.0,0.0,0.0,-1,-1,0.0,0.0,0.0,0.0,0.0,0.0,0,0,0.0,0.0,0,0,0.0,0.0,0,0,0.0,0.0,0,0,0.0,0
LGS2ORD0003293,C011255,2025-01-27 02:00:00,Male,36,Silver,TV,Nakhon Ratchasima,213,Lazada,COD,2,1,0,0,30-40,7.1,1.0,0.0,0.0,-1,5,19485.58,0.2,0.0,0.0,0.0,19485.58,1,0,0.0,19485.58,1,0,0.0,19485.58,1,0,0.0,19485.58,1,0,0.0,0
LGS2ORD0003294,C014618,2025-01-27 02:00:00,Male,43,Platinum,TV,Chonburi,1018,CallCenter,COD,2,1,0,0,40-50,33.93333333333333,0.0,0.0,0.0,-1,-1,0.0,0.0,0.0,0.0,0.0,0.0,0,0,0.0,0.0,0,0,0.0,0.0,0,0,0.0,0.0,0,0,0.0,0
LGS2ORD0003295,C011981,2025-01-27 02:00:00,Male,59,Bronze,Web,Remote_Area,1060,TV_Show,COD,2,1,0,0,>50,35.333333333333336,3.0,1.0,0.3333333333333333,5,4,9825.593333333332,0.23,0.3333333333333333,0.3333333333333333,0.0,23935.76,1,0,0.0,29476.78,3,1,0.3333333333333333,29476.78,3,1,0.3333333333333333,29476.78,3,1,0.3333333333333333,0
LGS2ORD0003296,C010818,2025-01-27 02:00:00,Male,36,Bronze,Web,Nakhon Ratchasima,212,TV_Show,PromptPay,2,1,0,0,30-40,7.066666666666666,0.0,0.0,0.0,-1,-1,0.0,0.0,0.0,0.0,0.0,0.0,0,0,0.0,0.0,0,0,0.0,0.0,0,0,0.0,0.0,0,0,0.0,1
LGS2ORD0003297,C010685,2025-01-27 02:00:00,Female,33,Gold,Web,Chiang Mai,1179,CallCenter,Credit_Card,2,1,0,0,30-40,39.3,0.0,0.0,0.0,-1,-1,0.0,0.0,0.0,0.0,0.0,0.0,0,0,0.0,0.0,0,0,0.0,0.0,0,0,0.0,0.0,0,0,0.0,0
LGS2ORD0003298,C015030,2025-01-27 03:00:00,Female,69,Silver,Web,Bangkok,391,TV_Show,Bank_Transfer,3,1,0,0,>50,13.033333333333333,0.0,0.0,0.0,-1,-1,0.0,0.0,0.0,0.0,0.0,0.0,0,0,0.0,0.0,0,0,0.0,0.0,0,0,0.0,0.0,0,0,0.0,0
LGS2ORD0003299,C014747,2025-01-27 03:00:00,Female,21,Bronze,Web,Phuket,788,Shopee,Bank_Transfer,3,1,0,0,20-30,26.266666666666666,0.0,0.0,0.0,-1,-1,0.0,0.0,0.0,0.0,0.0,0.0,0,0,0.0,0.0,0,0,0.0,0.0,0,0,0.0,0.0,0,0,0.0,0
LGS2ORD0003300,C015136,2025-01-27 03:00:00,Female,28,Silver,Web,Phuket,258,Shopee,COD,3,1,0,0,20-30,8.6,0.0,0.0,0.0,-1,-1,0.0,0.0,0.0,0.0,0.0,0.0,0,0,0.0,0.0,0,0,0.0,0.0,0,0,0.0,0.0,0,0,0.0,0
LGS2ORD0003301,C016555,2025-01-27 03:00:00,Female,62,Silver,Web,Chiang Mai,1104,CallCenter,Credit_Card,3,1,0,0,>50,36.8,1.0,0.0,0.0,-1,24,1090.16,0.3,0.0,1.0,0.0,0.0,0,0,0.0,1090.16,1,0,0.0,1090.16,1,0,0.0,1090.16,1,0,0.0,0
LGS2ORD0003302,C014091,2025-01-27 03:00:00,Female,39,Silver,Lazada,Bangkok,295,Lazada,COD,3,1,0,0,30-40,9.833333333333334,1.0,0.0,0.0,-1,4,6795.0,0.1,0.0,0.0,0.0,6795.0,1,0,0.0,6795.0,1,0,0.0,6795.0,1,0,0.0,6795.0,1,0,0.0,1
LGS2ORD0003303,C014845,2025-01-27 04:00:00,Female,58,Silver,TV,Bangkok,692,Lazada,COD,4,1,0,0,>50,23.066666666666666,2.0,0.0,0.0,-1,10,917.27,0.1,0.0,0.0,0.0,0.0,0,0,0.0,1834.54,2,0,0.0,1834.54,2,0,0.0,1834.54,2,0,0.0,0
LGS2ORD0003304,C012287,2025-01-27 04:00:00,Female,27,Bronze,Web,Bangkok,1028,Web,Credit_Card,4,1,0,0,20-30,34.266666666666666,0.0,0.0,0.0,-1,-1,0.0,0.0,0.0,0.0,0.0,0.0,0,0,0.0,0.0,0,0,0.0,0.0,0,0,0.0,0.0,0,0,0.0,0
LGS2ORD0003305,C010940,2025-01-27 04:00:00,Female,45,Gold,Shopee,Chonburi,190,Lazada,COD,4,1,0,0,40-50,6.333333333333333,0.0,0.0,0.0,-1,-1,0.0,0.0,0.0,0.0,0.0,0.0,0,0,0.0,0.0,0,0,0.0,0.0,0,0,0.0,0.0,0,0,0.0,1
LGS2ORD0003306,C014063,2025-01-27 04:00:00,Male,40,Gold,TV,Chonburi,1084,Shopee,Credit_Card,4,1,0,0,30-40,36.13333333333333,0.0,0.0,0.0,-1,-1,0.0,0.0,0.0,0.0,0.0,0.0,0,0,0.0,0.0,0,0,0.0,0.0,0,0,0.0,0.0,0,0,0.0,0
LGS2ORD0003307,C013824,2025-01-27 04:00:00,Female,24,Silver,Lazada,Chiang Mai,1138,Lazada,Credit_Card,4,1,0,0,20-30,37.93333333333333,0.0,0.0,0.0,-1,-1,0.0,0.0,0.0,0.0,0.0,0.0,0,0,0.0,0.0,0,0,0.0,0.0,0,0,0.0,0.0,0,0,0.0,1
LGS2ORD0003308,C010662,2025-01-27 05:00:00,Male,50,Bronze,TV,Songkhla,328,TV_Show,COD,5,1,0,0,40-50,10.933333333333334,0.0,0.0,0.0,-1,-1,0.0,0.0,0.0,0.0,0.0,0.0,0,0,0.0,0.0,0,0,0.0,0.0,0,0,0.0,0.0,0,0,0.0,1
LGS2ORD0003309,C012654,2025-01-27 05:00:00,Female,63,Bronze,Lazada,Remote_Area,1128,TV_Show,Credit_Card,5,1,0,0,>50,37.6,0.0,0.0,0.0,-1,-1,0.0,0.0,0.0,0.0,0.0,0.0,0,0,0.0,0.0,0,0,0.0,0.0,0,0,0.0,0.0,0,0,0.0,0
LGS2ORD0003310,C017681,2025-01-27 05:00:00,Female,41,Silver,Shopee,Phuket,1241,TV_Show,Credit_Card,5,1,0,0,40-50,41.36666666666667,0.0,0.0,0.0,-1,-1,0.0,0.0,0.0,0.0,0.0,0.0,0,0,0.0,0.0,0,0,0.0,0.0,0,0,0.0,0.0,0,0,0.0,0
LGS2ORD0003311,C013999,2025-01-27 05:00:00,Female,33,Platinum,Shopee,Khon Kaen,1274,Web,PromptPay,5,1,0,0,30-40,42.46666666666667,0.0,0.0,0.0,-1,-1,0.0,0.0,0.0,0.0,0.0,0.0,0,0,0.0,0.0,0,0,0.0,0.0,0,0,0.0,0.0,0,0,0.0,0
LGS2ORD0003312,C012730,2025-01-27 05:00:00,Female,22,Bronze,TV,Chonburi,171,Web,Bank_Transfer,5,1,0,0,20-30,5.7,0.0,0.0,0.0,-1,-1,0.0,0.0,0.0,0.0,0.0,0.0,0,0,0.0,0.0,0,0,0.0,0.0,0,0,0.0,0.0,0,0,0.0,0
LGS2ORD0003313,C013860,2025-01-27 05:00:00,Female,30,Gold,Shopee,Bangkok,1117,TV_Show,Credit_Card,5,1,0,0,20-30,37.233333333333334,0.0,0.0,0.0,-1,-1,0.0,0.0,0.0,0.0,0.0,0.0,0,0,0.0,0.0,0,0,0.0,0.0,0,0,0.0,0.0,0,0,0.0,0
LGS2ORD0003314,C015118,2025-01-27 06:00:00,Male,42,Gold,TV,Bangkok,332,TV_Show,COD,6,1,0,0,40-50,11.066666666666666,0.0,0.0,0.0,-1,-1,0.0,0.0,0.0,0.0,0.0,0.0,0,0,0.0,0.0,0,0,0.0,0.0,0,0,0.0,0.0,0,0,0.0,1
LGS2ORD0003315,C010036,2025-01-27 06:00:00,Female,31,Silver,Web,Chiang Mai,395,TV_Show,COD,6,1,0,0,30-40,13.166666666666666,0.0,0.0,0.0,-1,-1,0.0,0.0,0.0,0.0,0.0,0.0,0,0,0.0,0.0,0,0,0.0,0.0,0,0,0.0,0.0,0,0,0.0,0
LGS2ORD0003316,C016601,2025-01-27 06:00:00,Female,54,Bronze,Web,Chonburi,1258,Shopee,PromptPay,6,1,0,0,>50,41.93333333333333,1.0,0.0,0.0,-1,23,28504.05,0.08,1.0,0.0,0.0,0.0,0,0,0.0,28504.05,1,0,0.0,28504.05,1,0,0.0,28504.05,1,0,0.0,0
LGS2ORD0003317,C015020,2025-01-27 06:00:00,Female,33,Bronze,TV,Bangkok,1261,TV_Show,COD,6,1,0,0,30-40,42.03333333333333,0.0,0.0,0.0,-1,-1,0.0,0.0,0.0,0.0,0.0,0.0,0,0,0.0,0.0,0,0,0.0,0.0,0,0,0.0,0.0,0,0,0.0,0
LGS2ORD0003318,C013449,2025-01-27 06:00:00,Female,52,Bronze,Web,Chonburi,926,Shopee,Bank_Transfer,6,1,0,0,>50,30.866666666666667,1.0,0.0,0.0,-1,12,3559.13,0.03,0.0,0.0,0.0,0.0,0,0,0.0,3559.13,1,0,0.0,3559.13,1,0,0.0,3559.13,1,0,0.0,0
LGS2ORD0003319,C015812,2025-01-27 07:00:00,Male,46,Platinum,TV,Bangkok,798,TV_Show,PromptPay,7,1,0,0,40-50,26.6,0.0,0.0,0.0,-1,-1,0.0,0.0,0.0,0.0,0.0,0.0,0,0,0.0,0.0,0,0,0.0,0.0,0,0,0.0,0.0,0,0,0.0,0
LGS2ORD0003320,C015404,2025-01-27 07:00:00,Female,60,Bronze,Shopee,Songkhla,954,CallCenter,COD,7,1,0,0,>50,31.8,1.0,0.0,0.0,-1,13,7892.73,0.18,1.0,0.0,0.0,0.0,0,0,0.0,7892.73,1,0,0.0,7892.73,1,0,0.0,7892.73,1,0,0.0,0
LGS2ORD0003321,C015660,2025-01-27 07:00:00,Male,33,Bronze,TV,Remote_Area,99,TV_Show,Credit_Card,7,1,0,0,30-40,3.3,1.0,0.0,0.0,-1,1,707.71,0.13,1.0,0.0,0.0,707.71,1,0,0.0,707.71,1,0,0.0,707.71,1,0,0.0,707.71,1,0,0.0,0
LGS2ORD0003322,C013569,2025-01-27 07:00:00,Male,22,Silver,TV,Chiang Mai,1441,TV_Show,COD,7,1,0,0,20-30,48.03333333333333,0.0,0.0,0.0,-1,-1,0.0,0.0,0.0,0.0,0.0,0.0,0,0,0.0,0.0,0,0,0.0,0.0,0,0,0.0,0.0,0,0,0.0,1
LGS2ORD0003323,C017733,2025-01-27 07:00:00,Male,45,Silver,TV,Songkhla,846,Shopee,COD,7,1,0,0,40-50,28.2,0.0,0.0,0.0,-1,-1,0.0,0.0,0.0,0.0,0.0,0.0,0,0,0.0,0.0,0,0,0.0,0.0,0,0,0.0,0.0,0,0,0.0,0
LGS2ORD0003324,C010730,2025-01-27 08:00:00,Female,46,Silver,Lazada,Nakhon Ratchasima,193,Web,COD,8,1,0,0,40-50,6.433333333333334,1.0,0.0,0.0,-1,14,12305.98,0.2,1.0,0.0,0.0,0.0,0,0,0.0,12305.98,1,0,0.0,12305.98,1,0,0.0,12305.98,1,0,0.0,0
LGS2ORD0003325,C014151,2025-01-27 08:00:00,Female,53,Bronze,TV,Phuket,108,CallCenter,COD,8,1,0,0,>50,3.6,0.0,0.0,0.0,-1,-1,0.0,0.0,0.0,0.0,0.0,0.0,0,0,0.0,0.0,0,0,0.0,0.0,0,0,0.0,0.0,0,0,0.0,0
LGS2ORD0003326,C017217,2025-01-27 08:00:00,Male,66,Bronze,Web,Chonburi,419,Shopee,Credit_Card,8,1,0,0,>50,13.966666666666667,1.0,0.0,0.0,-1,23,7319.59,0.18,1.0,0.0,0.0,0.0,0,0,0.0,7319.59,1,0,0.0,7319.59,1,0,0.0,7319.59,1,0,0.0,1
LGS2ORD0003327,C017052,2025-01-27 08:00:00,Male,35,Silver,TV,Songkhla,1337,Web,PromptPay,8,1,0,0,30-40,44.56666666666667,0.0,0.0,0.0,-1,-1,0.0,0.0,0.0,0.0,0.0,0.0,0,0,0.0,0.0,0,0,0.0,0.0,0,0,0.0,0.0,0,0,0.0,0
LGS2ORD0003328,C016014,2025-01-27 08:00:00,Male,36,Silver,Lazada,Khon Kaen,623,Web,COD,8,1,0,0,30-40,20.766666666666666,0.0,0.0,0.0,-1,-1,0.0,0.0,0.0,0.0,0.0,0.0,0,0,0.0,0.0,0,0,0.0,0.0,0,0,0.0,0.0,0,0,0.0,1
LGS2ORD0003329,C012120,2025-01-27 09:00:00,Female,38,Silver,Shopee,Bangkok,1094,Web,COD,9,1,0,0,30-40,36.46666666666667,1.0,0.0,0.0,-1,8,4220.71,0.3,0.0,1.0,0.0,0.0,0,0,0.0,4220.71,1,0,0.0,4220.71,1,0,0.0,4220.71,1,0,0.0,1
LGS2ORD0003330,C010634,2025-01-27 09:00:00,Female,51,Gold,TV,Bangkok,69,Shopee,COD,9,1,0,0,>50,2.3,1.0,0.0,0.0,-1,25,5815.78,0.13,0.0,0.0,0.0,0.0,0,0,0.0,5815.78,1,0,0.0,5815.78,1,0,0.0,5815.78,1,0,0.0,0
LGS2ORD0003331,C014054,2025-01-27 09:00:00,Male,55,Bronze,TV,Phuket,537,Shopee,PromptPay,9,1,0,0,>50,17.9,1.0,0.0,0.0,-1,0,622.9,0.03,0.0,0.0,0.0,622.9,1,0,0.0,622.9,1,0,0.0,622.9,1,0,0.0,622.9,1,0,0.0,0
LGS2ORD0003332,C014787,2025-01-27 09:00:00,Male,26,Bronze,Shopee,Bangkok,186,Web,COD,9,1,0,0,20-30,6.2,1.0,0.0,0.0,-1,18,12592.79,0.23,1.0,1.0,0.0,0.0,0,0,0.0,12592.79,1,0,0.0,12592.79,1,0,0.0,12592.79,1,0,0.0,0
LGS2ORD0003333,C014406,2025-01-27 09:00:00,Male,43,Silver,CallCenter,Nakhon Ratchasima,829,Shopee,COD,9,1,0,0,40-50,27.633333333333333,0.0,0.0,0.0,-1,-1,0.0,0.0,0.0,0.0,0.0,0.0,0,0,0.0,0.0,0,0,0.0,0.0,0,0,0.0,0.0,0,0,0.0,1
LGS2ORD0003334,C011893,2025-01-27 09:00:00,Male,37,Silver,Lazada,Chonburi,794,Lazada,COD,9,1,0,0,30-40,26.466666666666665,1.0,0.0,0.0,-1,12,540.11,0.25,1.0,1.0,0.0,0.0,0,0,0.0,540.11,1,0,0.0,540.11,1,0,0.0,540.11,1,0,0.0,0
LGS2ORD0003335,C017838,2025-01-27 10:00:00,Female,52,Bronze,Shopee,Chiang Mai,106,CallCenter,Credit_Card,10,1,0,0,>50,3.533333333333333,0.0,0.0,0.0,-1,-1,0.0,0.0,0.0,0.0,0.0,0.0,0,0,0.0,0.0,0,0,0.0,0.0,0,0,0.0,0.0,0,0,0.0,0
LGS2ORD0003336,C011157,2025-01-27 10:00:00,Male,28,Silver,CallCenter,Chiang Mai,1337,CallCenter,COD,10,1,0,0,20-30,44.56666666666667,0.0,0.0,0.0,-1,-1,0.0,0.0,0.0,0.0,0.0,0.0,0,0,0.0,0.0,0,0,0.0,0.0,0,0,0.0,0.0,0,0,0.0,0
LGS2ORD0003337,C017934,2025-01-27 10:00:00,Male,57,Silver,Shopee,Phuket,242,TV_Show,COD,10,1,0,0,>50,8.066666666666666,0.0,0.0,0.0,-1,-1,0.0,0.0,0.0,0.0,0.0,0.0,0,0,0.0,0.0,0,0,0.0,0.0,0,0,0.0,0.0,0,0,0.0,0
LGS2ORD0003338,C014635,2025-01-27 10:00:00,Female,62,Bronze,TV,Nakhon Ratchasima,82,Web,Bank_Transfer,10,1,0,0,>50,2.7333333333333334,0.0,0.0,0.0,-1,-1,0.0,0.0,0.0,0.0,0.0,0.0,0,0,0.0,0.0,0,0,0.0,0.0,0,0,0.0,0.0,0,0,0.0,1
LGS2ORD0003339,C012692,2025-01-27 10:00:00,Male,38,Bronze,CallCenter,Remote_Area,615,TV_Show,PromptPay,10,1,0,0,30-40,20.5,0.0,0.0,0.0,-1,-1,0.0,0.0,0.0,0.0,0.0,0.0,0,0,0.0,0.0,0,0,0.0,0.0,0,0,0.0,0.0,0,0,0.0,1
LGS2ORD0003340,C013104,2025-01-27 11:00:00,Male,29,Bronze,Lazada,Chiang Mai,1432,Shopee,COD,11,1,0,0,20-30,47.733333333333334,0.0,0.0,0.0,-1,-1,0.0,0.0,0.0,0.0,0.0,0.0,0,0,0.0,0.0,0,0,0.0,0.0,0,0,0.0,0.0,0,0,0.0,0
LGS2ORD0003341,C017776,2025-01-27 11:00:00,Female,36,Silver,Web,Bangkok,250,Web,Credit_Card,11,1,0,0,30-40,8.333333333333334,0.0,0.0,0.0,-1,-1,0.0,0.0,0.0,0.0,0.0,0.0,0,0,0.0,0.0,0,0,0.0,0.0,0,0,0.0,0.0,0,0,0.0,0
LGS2ORD0003342,C012400,2025-01-27 11:00:00,Female,38,Bronze,TV,Phuket,1462,Lazada,PromptPay,11,1,0,0,30-40,48.733333333333334,0.0,0.0,0.0,-1,-1,0.0,0.0,0.0,0.0,0.0,0.0,0,0,0.0,0.0,0,0,0.0,0.0,0,0,0.0,0.0,0,0,0.0,0
LGS2ORD0003343,C014926,2025-01-27 11:00:00,Female,50,Silver,Lazada,Songkhla,884,Lazada,Credit_Card,11,1,0,0,40-50,29.466666666666665,0.0,0.0,0.0,-1,-1,0.0,0.0,0.0,0.0,0.0,0.0,0,0,0.0,0.0,0,0,0.0,0.0,0,0,0.0,0.0,0,0,0.0,0
LGS2ORD0003344,C016154,2025-01-27 11:00:00,Other,58,Bronze,Shopee,Songkhla,73,Shopee,COD,11,1,0,0,>50,2.433333333333333,3.0,1.0,0.3333333333333333,0,10,5722.876666666667,0.08,0.0,0.0,0.0,0.0,0,0,0.0,17168.63,3,1,0.3333333333333333,17168.63,3,1,0.3333333333333333,17168.63,3,1,0.3333333333333333,1
LGS2ORD0003345,C016212,2025-01-27 12:00:00,Male,50,Platinum,CallCenter,Khon Kaen,548,Shopee,Bank_Transfer,12,1,0,0,40-50,18.266666666666666,0.0,0.0,0.0,-1,-1,0.0,0.0,0.0,0.0,0.0,0.0,0,0,0.0,0.0,0,0,0.0,0.0,0,0,0.0,0.0,0,0,0.0,0
LGS2ORD0003346,C014238,2025-01-27 12:00:00,Female,66,Silver,TV,Khon Kaen,1049,CallCenter,Credit_Card,12,1,0,0,>50,34.96666666666667,0.0,0.0,0.0,-1,-1,0.0,0.0,0.0,0.0,0.0,0.0,0,0,0.0,0.0,0,0,0.0,0.0,0,0,0.0,0.0,0,0,0.0,0
LGS2ORD0003347,C015196,2025-01-27 12:00:00,Female,42,Bronze,Lazada,Bangkok,1174,Web,Credit_Card,12,1,0,0,40-50,39.13333333333333,1.0,0.0,0.0,-1,17,2849.69,0.03,0.0,0.0,0.0,0.0,0,0,0.0,2849.69,1,0,0.0,2849.69,1,0,0.0,2849.69,1,0,0.0,0
LGS2ORD0003348,C011994,2025-01-27 12:00:00,Male,47,Silver,TV,Chonburi,834,TV_Show,COD,12,1,0,0,40-50,27.8,0.0,0.0,0.0,-1,-1,0.0,0.0,0.0,0.0,0.0,0.0,0,0,0.0,0.0,0,0,0.0,0.0,0,0,0.0,0.0,0,0,0.0,0
LGS2ORD0003349,C017150,2025-01-27 12:00:00,Female,52,Gold,Web,Chonburi,197,Lazada,COD,12,1,0,0,>50,6.566666666666666,2.0,0.0,0.0,-1,13,8955.03,0.28,0.0,0.5,0.0,0.0,0,0,0.0,17910.06,2,0,0.0,17910.06,2,0,0.0,17910.06,2,0,0.0,0
LGS2ORD0003350,C011615,2025-01-27 13:00:00,Female,51,Silver,Web,Chiang Mai,220,Shopee,COD,13,1,0,0,>50,7.333333333333333,0.0,0.0,0.0,-1,-1,0.0,0.0,0.0,0.0,0.0,0.0,0,0,0.0,0.0,0,0,0.0,0.0,0,0,0.0,0.0,0,0,0.0,0
LGS2ORD0003351,C017132,2025-01-27 13:00:00,Male,61,Silver,TV,Bangkok,555,CallCenter,Bank_Transfer,13,1,0,0,>50,18.5,1.0,1.0,1.0,5,12,5339.98,0.2,1.0,0.0,0.0,0.0,0,0,0.0,5339.98,1,1,1.0,5339.98,1,1,1.0,5339.98,1,1,1.0,1
LGS2ORD0003352,C015347,2025-01-27 13:00:00,Male,33,Bronze,TV,Chiang Mai,578,Web,Bank_Transfer,13,1,0,0,30-40,19.266666666666666,2.0,0.0,0.0,-1,6,6523.21,0.13,0.5,0.0,0.0,11844.78,1,0,0.0,13046.42,2,0,0.0,13046.42,2,0,0.0,13046.42,2,0,0.0,0
LGS2ORD0003353,C017284,2025-01-27 13:00:00,Female,49,Bronze,Shopee,Songkhla,522,Shopee,COD,13,1,0,0,40-50,17.4,1.0,0.0,0.0,-1,9,5790.12,0.03,0.0,0.0,0.0,0.0,0,0,0.0,5790.12,1,0,0.0,5790.12,1,0,0.0,5790.12,1,0,0.0,0
LGS2ORD0003354,C011196,2025-01-27 13:00:00,Male,57,Bronze,Lazada,Bangkok,336,Shopee,Credit_Card,13,1,0,0,>50,11.2,1.0,0.0,0.0,-1,10,3536.33,0.03,1.0,0.0,0.0,0.0,0,0,0.0,3536.33,1,0,0.0,3536.33,1,0,0.0,3536.33,1,0,0.0,0
LGS2ORD0003355,C014622,2025-01-27 13:00:00,Male,49,Silver,Shopee,Remote_Area,980,TV_Show,Bank_Transfer,13,1,0,0,40-50,32.666666666666664,1.0,0.0,0.0,-1,4,1020.41,0.2,1.0,0.0,0.0,1020.41,1,0,0.0,1020.41,1,0,0.0,1020.41,1,0,0.0,1020.41,1,0,0.0,0
LGS2ORD0003356,C013431,2025-01-27 14:00:00,Female,39,Bronze,Lazada,Remote_Area,1239,TV_Show,Credit_Card,14,1,0,0,30-40,41.3,0.0,0.0,0.0,-1,-1,0.0,0.0,0.0,0.0,0.0,0.0,0,0,0.0,0.0,0,0,0.0,0.0,0,0,0.0,0.0,0,0,0.0,1
LGS2ORD0003357,C013240,2025-01-27 14:00:00,Male,62,Gold,TV,Songkhla,1278,Web,COD,14,1,0,0,>50,42.6,0.0,0.0,0.0,-1,-1,0.0,0.0,0.0,0.0,0.0,0.0,0,0,0.0,0.0,0,0,0.0,0.0,0,0,0.0,0.0,0,0,0.0,1
LGS2ORD0003358,C015988,2025-01-27 14:00:00,Male,27,Platinum,Web,Chonburi,572,Shopee,COD,14,1,0,0,20-30,19.066666666666666,0.0,0.0,0.0,-1,-1,0.0,0.0,0.0,0.0,0.0,0.0,0,0,0.0,0.0,0,0,0.0,0.0,0,0,0.0,0.0,0,0,0.0,0
LGS2ORD0003359,C017811,2025-01-27 14:00:00,Female,26,Silver,Shopee,Songkhla,495,Shopee,COD,14,1,0,0,20-30,16.5,0.0,0.0,0.0,-1,-1,0.0,0.0,0.0,0.0,0.0,0.0,0,0,0.0,0.0,0,0,0.0,0.0,0,0,0.0,0.0,0,0,0.0,0
LGS2ORD0003360,C013620,2025-01-27 14:00:00,Female,47,Bronze,Shopee,Remote_Area,317,TV_Show,Bank_Transfer,14,1,0,0,40-50,10.566666666666666,0.0,0.0,0.0,-1,-1,0.0,0.0,0.0,0.0,0.0,0.0,0,0,0.0,0.0,0,0,0.0,0.0,0,0,0.0,0.0,0,0,0.0,0
LGS2ORD0003361,C015895,2025-01-27 15:00:00,Female,40,Silver,Shopee,Chiang Mai,626,Shopee,COD,15,1,0,0,30-40,20.866666666666667,0.0,0.0,0.0,-1,-1,0.0,0.0,0.0,0.0,0.0,0.0,0,0,0.0,0.0,0,0,0.0,0.0,0,0,0.0,0.0,0,0,0.0,1
LGS2ORD0003362,C010774,2025-01-27 15:00:00,Female,37,Silver,Shopee,Bangkok,1211,TV_Show,COD,15,1,0,0,30-40,40.36666666666667,0.0,0.0,0.0,-1,-1,0.0,0.0,0.0,0.0,0.0,0.0,0,0,0.0,0.0,0,0,0.0,0.0,0,0,0.0,0.0,0,0,0.0,1
LGS2ORD0003363,C017691,2025-01-27 15:00:00,Female,62,Gold,Shopee,Nakhon Ratchasima,1327,TV_Show,COD,15,1,0,0,>50,44.233333333333334,1.0,1.0,1.0,4,17,3204.31,0.28,0.0,1.0,0.0,0.0,0,0,0.0,3204.31,1,1,1.0,3204.31,1,1,1.0,3204.31,1,1,1.0,0
LGS2ORD0003364,C013598,2025-01-27 15:00:00,Male,27,Bronze,CallCenter,Phuket,1405,Lazada,Credit_Card,15,1,0,0,20-30,46.833333333333336,0.0,0.0,0.0,-1,-1,0.0,0.0,0.0,0.0,0.0,0.0,0,0,0.0,0.0,0,0,0.0,0.0,0,0,0.0,0.0,0,0,0.0,0
LGS2ORD0003365,C012762,2025-01-27 15:00:00,Female,47,Silver,TV,Nakhon Ratchasima,236,CallCenter,COD,15,1,0,0,40-50,7.866666666666666,0.0,0.0,0.0,-1,-1,0.0,0.0,0.0,0.0,0.0,0.0,0,0,0.0,0.0,0,0,0.0,0.0,0,0,0.0,0.0,0,0,0.0,0
LGS2ORD0003366,C010857,2025-01-27 16:00:00,Female,28,Bronze,Shopee,Chiang Mai,362,Web,COD,16,1,0,0,20-30,12.066666666666666,0.0,0.0,0.0,-1,-1,0.0,0.0,0.0,0.0,0.0,0.0,0,0,0.0,0.0,0,0,0.0,0.0,0,0,0.0,0.0,0,0,0.0,0
LGS2ORD0003367,C016188,2025-01-27 16:00:00,Male,46,Gold,Shopee,Chonburi,461,Lazada,PromptPay,16,1,0,0,40-50,15.366666666666667,0.0,0.0,0.0,-1,-1,0.0,0.0,0.0,0.0,0.0,0.0,0,0,0.0,0.0,0,0,0.0,0.0,0,0,0.0,0.0,0,0,0.0,1
LGS2ORD0003368,C011433,2025-01-27 16:00:00,Male,61,Bronze,Shopee,Chonburi,1236,CallCenter,PromptPay,16,1,0,0,>50,41.2,1.0,1.0,1.0,-3,11,1641.64,0.03,0.0,0.0,0.0,0.0,0,0,0.0,1641.64,1,1,1.0,1641.64,1,1,1.0,1641.64,1,1,1.0,0
LGS2ORD0003369,C014792,2025-01-27 16:00:00,Male,43,Gold,Lazada,Bangkok,1066,Lazada,PromptPay,16,1,0,0,40-50,35.53333333333333,0.0,0.0,0.0,-1,-1,0.0,0.0,0.0,0.0,0.0,0.0,0,0,0.0,0.0,0,0,0.0,0.0,0,0,0.0,0.0,0,0,0.0,0
LGS2ORD0003370,C011889,2025-01-27 16:00:00,Female,61,Bronze,Lazada,Remote_Area,982,Shopee,COD,16,1,0,0,>50,32.733333333333334,1.0,1.0,1.0,8,15,6120.0,0.18,1.0,0.0,0.0,0.0,0,0,0.0,6120.0,1,1,1.0,6120.0,1,1,1.0,6120.0,1,1,1.0,0
LGS2ORD0003371,C011132,2025-01-27 17:00:00,Female,39,Bronze,TV,Khon Kaen,781,Web,COD,17,1,0,0,30-40,26.033333333333335,0.0,0.0,0.0,-1,-1,0.0,0.0,0.0,0.0,0.0,0.0,0,0,0.0,0.0,0,0,0.0,0.0,0,0,0.0,0.0,0,0,0.0,0
LGS2ORD0003372,C011204,2025-01-27 17:00:00,Female,45,Bronze,TV,Songkhla,677,Web,COD,17,1,0,0,40-50,22.566666666666666,2.0,0.0,0.0,-1,6,5926.045,0.13,0.0,0.0,0.0,2535.26,1,0,0.0,11852.09,2,0,0.0,11852.09,2,0,0.0,11852.09,2,0,0.0,1
LGS2ORD0003373,C015376,2025-01-27 17:00:00,Female,56,Silver,Shopee,Bangkok,678,Shopee,COD,17,1,0,0,>50,22.6,1.0,0.0,0.0,-1,10,498.58,0.2,0.0,0.0,0.0,0.0,0,0,0.0,498.58,1,0,0.0,498.58,1,0,0.0,498.58,1,0,0.0,0
LGS2ORD0003374,C013730,2025-01-27 17:00:00,Male,43,Silver,TV,Phuket,990,TV_Show,COD,17,1,0,0,40-50,33.0,0.0,0.0,0.0,-1,-1,0.0,0.0,0.0,0.0,0.0,0.0,0,0,0.0,0.0,0,0,0.0,0.0,0,0,0.0,0.0,0,0,0.0,0
LGS2ORD0003375,C016555,2025-01-27 17:00:00,Female,62,Silver,Web,Chiang Mai,1104,Web,COD,17,1,0,0,>50,36.8,2.0,0.0,0.0,-1,0,7531.085,0.3,0.0,0.5,0.0,13972.01,1,0,0.0,15062.17,2,0,0.0,15062.17,2,0,0.0,15062.17,2,0,0.0,0
LGS2ORD0003376,C013838,2025-01-27 17:00:00,Male,60,Bronze,CallCenter,Remote_Area,122,TV_Show,COD,17,1,0,0,>50,4.066666666666666,1.0,0.0,0.0,-1,20,1140.77,0.18,0.0,0.0,0.0,0.0,0,0,0.0,1140.77,1,0,0.0,1140.77,1,0,0.0,1140.77,1,0,0.0,1
LGS2ORD0003377,C015044,2025-01-27 18:00:00,Female,40,Bronze,TV,Songkhla,682,TV_Show,PromptPay,18,1,0,0,30-40,22.733333333333334,0.0,0.0,0.0,-1,-1,0.0,0.0,0.0,0.0,0.0,0.0,0,0,0.0,0.0,0,0,0.0,0.0,0,0,0.0,0.0,0,0,0.0,0
LGS2ORD0003378,C016678,2025-01-27 18:00:00,Female,70,Silver,TV,Khon Kaen,857,TV_Show,Credit_Card,18,1,0,0,>50,28.566666666666666,0.0,0.0,0.0,-1,-1,0.0,0.0,0.0,0.0,0.0,0.0,0,0,0.0,0.0,0,0,0.0,0.0,0,0,0.0,0.0,0,0,0.0,1
LGS2ORD0003379,C014867,2025-01-27 18:00:00,Female,41,Bronze,TV,Remote_Area,771,CallCenter,Credit_Card,18,1,0,0,40-50,25.7,0.0,0.0,0.0,-1,-1,0.0,0.0,0.0,0.0,0.0,0.0,0,0,0.0,0.0,0,0,0.0,0.0,0,0,0.0,0.0,0,0,0.0,0
LGS2ORD0003380,C011135,2025-01-27 18:00:00,Male,41,Silver,Shopee,Khon Kaen,196,TV_Show,PromptPay,18,1,0,0,40-50,6.533333333333333,0.0,0.0,0.0,-1,-1,0.0,0.0,0.0,0.0,0.0,0.0,0,0,0.0,0.0,0,0,0.0,0.0,0,0,0.0,0.0,0,0,0.0,0
LGS2ORD0003381,C010129,2025-01-27 18:00:00,Male,21,Bronze,TV,Remote_Area,1166,Shopee,COD,18,1,0,0,20-30,38.86666666666667,0.0,0.0,0.0,-1,-1,0.0,0.0,0.0,0.0,0.0,0.0,0,0,0.0,0.0,0,0,0.0,0.0,0,0,0.0,0.0,0,0,0.0,0
LGS2ORD0003382,C016394,2025-01-27 19:00:00,Male,34,Silver,Web,Remote_Area,1025,Web,PromptPay,19,1,0,0,30-40,34.166666666666664,1.0,1.0,1.0,4,16,7833.56,0.1,1.0,0.0,0.0,0.0,0,0,0.0,7833.56,1,1,1.0,7833.56,1,1,1.0,7833.56,1,1,1.0,0
LGS2ORD0003383,C012690,2025-01-27 19:00:00,Male,34,Platinum,Web,Bangkok,773,TV_Show,PromptPay,19,1,0,0,30-40,25.766666666666666,1.0,0.0,0.0,-1,24,11056.27,0.25,0.0,1.0,0.0,0.0,0,0,0.0,11056.27,1,0,0.0,11056.27,1,0,0.0,11056.27,1,0,0.0,1
LGS2ORD0003384,C016951,2025-01-27 19:00:00,Female,38,Silver,CallCenter,Khon Kaen,962,TV_Show,Credit_Card,19,1,0,0,30-40,32.06666666666667,1.0,1.0,1.0,10,19,4045.35,0.3,1.0,1.0,0.0,0.0,0,0,0.0,4045.35,1,1,1.0,4045.35,1,1,1.0,4045.35,1,1,1.0,0
LGS2ORD0003385,C016841,2025-01-27 19:00:00,Male,42,Gold,TV,Remote_Area,1225,Lazada,PromptPay,19,1,0,0,40-50,40.833333333333336,0.0,0.0,0.0,-1,-1,0.0,0.0,0.0,0.0,0.0,0.0,0,0,0.0,0.0,0,0,0.0,0.0,0,0,0.0,0.0,0,0,0.0,1
LGS2ORD0003386,C015775,2025-01-27 19:00:00,Female,49,Gold,Web,Chonburi,1063,Lazada,COD,19,1,0,0,40-50,35.43333333333333,0.0,0.0,0.0,-1,-1,0.0,0.0,0.0,0.0,0.0,0.0,0,0,0.0,0.0,0,0,0.0,0.0,0,0,0.0,0.0,0,0,0.0,1
LGS2ORD0003387,C010027,2025-01-27 20:00:00,Female,23,Bronze,Shopee,Khon Kaen,1230,Web,COD,20,1,0,0,20-30,41.0,0.0,0.0,0.0,-1,-1,0.0,0.0,0.0,0.0,0.0,0.0,0,0,0.0,0.0,0,0,0.0,0.0,0,0,0.0,0.0,0,0,0.0,1
LGS2ORD0003388,C016636,2025-01-27 20:00:00,Female,41,Bronze,Web,Songkhla,1007,TV_Show,Bank_Transfer,20,1,0,0,40-50,33.56666666666667,0.0,0.0,0.0,-1,-1,0.0,0.0,0.0,0.0,0.0,0.0,0,0,0.0,0.0,0,0,0.0,0.0,0,0,0.0,0.0,0,0,0.0,0
LGS2ORD0003389,C010341,2025-01-27 20:00:00,Male,38,Bronze,TV,Remote_Area,238,Shopee,COD,20,1,0,0,30-40,7.933333333333334,1.0,0.0,0.0,-1,8,1553.43,0.03,1.0,0.0,0.0,0.0,0,0,0.0,1553.43,1,0,0.0,1553.43,1,0,0.0,1553.43,1,0,0.0,1
LGS2ORD0003390,C015245,2025-01-27 20:00:00,Male,42,Gold,TV,Songkhla,911,Web,Bank_Transfer,20,1,0,0,40-50,30.366666666666667,0.0,0.0,0.0,-1,-1,0.0,0.0,0.0,0.0,0.0,0.0,0,0,0.0,0.0,0,0,0.0,0.0,0,0,0.0,0.0,0,0,0.0,0
LGS2ORD0003391,C011737,2025-01-27 20:00:00,Male,40,Gold,TV,Bangkok,1390,CallCenter,PromptPay,20,1,0,0,30-40,46.333333333333336,0.0,0.0,0.0,-1,-1,0.0,0.0,0.0,0.0,0.0,0.0,0,0,0.0,0.0,0,0,0.0,0.0,0,0,0.0,0.0,0,0,0.0,0
LGS2ORD0003392,C013393,2025-01-27 21:00:00,Male,61,Bronze,TV,Chonburi,67,Web,COD,21,1,0,0,>50,2.2333333333333334,0.0,0.0,0.0,-1,-1,0.0,0.0,0.0,0.0,0.0,0.0,0,0,0.0,0.0,0,0,0.0,0.0,0,0,0.0,0.0,0,0,0.0,0
LGS2ORD0003393,C014517,2025-01-27 21:00:00,Female,50,Silver,CallCenter,Songkhla,53,Shopee,COD,21,1,0,0,40-50,1.7666666666666666,1.0,0.0,0.0,-1,17,3932.27,0.3,1.0,1.0,0.0,0.0,0,0,0.0,3932.27,1,0,0.0,3932.27,1,0,0.0,3932.27,1,0,0.0,1
LGS2ORD0003394,C017868,2025-01-27 21:00:00,Female,35,Silver,Web,Bangkok,561,Web,COD,21,1,0,0,30-40,18.7,0.0,0.0,0.0,-1,-1,0.0,0.0,0.0,0.0,0.0,0.0,0,0,0.0,0.0,0,0,0.0,0.0,0,0,0.0,0.0,0,0,0.0,0
LGS2ORD0003395,C015582,2025-01-27 21:00:00,Female,29,Bronze,Web,Chonburi,108,Web,Credit_Card,21,1,0,0,20-30,3.6,0.0,0.0,0.0,-1,-1,0.0,0.0,0.0,0.0,0.0,0.0,0,0,0.0,0.0,0,0,0.0,0.0,0,0,0.0,0.0,0,0,0.0,0
LGS2ORD0003396,C016752,2025-01-27 21:00:00,Male,35,Bronze,TV,Remote_Area,1100,TV_Show,COD,21,1,0,0,30-40,36.666666666666664,0.0,0.0,0.0,-1,-1,0.0,0.0,0.0,0.0,0.0,0.0,0,0,0.0,0.0,0,0,0.0,0.0,0,0,0.0,0.0,0,0,0.0,0
LGS2ORD0003397,C012319,2025-01-27 21:00:00,Male,40,Bronze,TV,Remote_Area,214,TV_Show,Credit_Card,21,1,0,0,30-40,7.133333333333334,1.0,0.0,0.0,-1,15,1742.14,0.13,1.0,0.0,0.0,0.0,0,0,0.0,1742.14,1,0,0.0,1742.14,1,0,0.0,1742.14,1,0,0.0,1
LGS2ORD0003398,C014804,2025-01-27 22:00:00,Male,27,Bronze,Lazada,Songkhla,1371,TV_Show,Bank_Transfer,22,1,0,0,20-30,45.7,0.0,0.0,0.0,-1,-1,0.0,0.0,0.0,0.0,0.0,0.0,0,0,0.0,0.0,0,0,0.0,0.0,0,0,0.0,0.0,0,0,0.0,0
LGS2ORD0003399,C014947,2025-01-27 22:00:00,Female,44,Bronze,Lazada,Chonburi,692,Web,COD,22,1,0,0,40-50,23.066666666666666,1.0,1.0,1.0,0,8,303.25,0.28,0.0,1.0,0.0,0.0,0,0,0.0,303.25,1,1,1.0,303.25,1,1,1.0,303.25,1,1,1.0,0
LGS2ORD0003400,C015133,2025-01-27 22:00:00,Other,72,Bronze,TV,Bangkok,107,Lazada,Credit_Card,22,1,0,0,>50,3.566666666666667,1.0,0.0,0.0,-1,25,2253.41,0.03,0.0,0.0,0.0,0.0,0,0,0.0,2253.41,1,0,0.0,2253.41,1,0,0.0,2253.41,1,0,0.0,0
LGS2ORD0003401,C015756,2025-01-27 22:00:00,Female,42,Bronze,Shopee,Phuket,228,CallCenter,COD,22,1,0,0,40-50,7.6,0.0,0.0,0.0,-1,-1,0.0,0.0,0.0,0.0,0.0,0.0,0,0,0.0,0.0,0,0,0.0,0.0,0,0,0.0,0.0,0,0,0.0,1
LGS2ORD0003402,C016189,2025-01-27 22:00:00,Female,48,Bronze,Lazada,Phuket,1397,Lazada,Credit_Card,22,1,0,0,40-50,46.56666666666667,0.0,0.0,0.0,-1,-1,0.0,0.0,0.0,0.0,0.0,0.0,0,0,0.0,0.0,0,0,0.0,0.0,0,0,0.0,0.0,0,0,0.0,1
LGS2ORD0003403,C016577,2025-01-27 23:00:00,Female,33,Silver,Web,Khon Kaen,1189,Shopee,Credit_Card,23,1,0,0,30-40,39.63333333333333,0.0,0.0,0.0,-1,-1,0.0,0.0,0.0,0.0,0.0,0.0,0,0,0.0,0.0,0,0,0.0,0.0,0,0,0.0,0.0,0,0,0.0,0
LGS2ORD0003404,C012712,2025-01-27 23:00:00,Female,47,Bronze,TV,Songkhla,611,Lazada,COD,23,1,0,0,40-50,20.366666666666667,2.0,1.0,0.5,6,20,4051.495,0.18,0.5,0.0,0.0,0.0,0,0,0.0,8102.99,2,1,0.5,8102.99,2,1,0.5,8102.99,2,1,0.5,0
LGS2ORD0003405,C017151,2025-01-27 23:00:00,Female,29,Bronze,TV,Songkhla,1359,Lazada,PromptPay,23,1,0,0,20-30,45.3,0.0,0.0,0.0,-1,-1,0.0,0.0,0.0,0.0,0.0,0.0,0,0,0.0,0.0,0,0,0.0,0.0,0,0,0.0,0.0,0,0,0.0,0
LGS2ORD0003406,C016542,2025-01-27 23:00:00,Female,60,Platinum,Lazada,Songkhla,690,Shopee,PromptPay,23,1,0,0,>50,23.0,0.0,0.0,0.0,-1,-1,0.0,0.0,0.0,0.0,0.0,0.0,0,0,0.0,0.0,0,0,0.0,0.0,0,0,0.0,0.0,0,0,0.0,1
LGS2ORD0003407,C013791,2025-01-27 23:00:00,Female,54,Silver,Shopee,Bangkok,496,Shopee,PromptPay,23,1,0,0,>50,16.533333333333335,0.0,0.0,0.0,-1,-1,0.0,0.0,0.0,0.0,0.0,0.0,0,0,0.0,0.0,0,0,0.0,0.0,0,0,0.0,0.0,0,0,0.0,1
LGS2ORD0003408,C013953,2025-01-28 00:00:00,Female,36,Gold,Web,Chiang Mai,663,Lazada,Credit_Card,0,1,1,0,30-40,22.1,0.0,0.0,0.0,-1,-1,0.0,0.0,0.0,0.0,0.0,0.0,0,0,0.0,0.0,0,0,0.0,0.0,0,0,0.0,0.0,0,0,0.0,0
LGS2ORD0003409,C016463,2025-01-28 00:00:00,Female,35,Silver,CallCenter,Khon Kaen,263,Shopee,Credit_Card,0,1,1,0,30-40,8.766666666666667,1.0,0.0,0.0,-1,2,8649.73,0.1,0.0,0.0,0.0,8649.73,1,0,0.0,8649.73,1,0,0.0,8649.73,1,0,0.0,8649.73,1,0,0.0,0
LGS2ORD0003410,C012184,2025-01-28 00:00:00,Male,46,Silver,TV,Bangkok,1280,Web,Credit_Card,0,1,1,0,40-50,42.666666666666664,0.0,0.0,0.0,-1,-1,0.0,0.0,0.0,0.0,0.0,0.0,0,0,0.0,0.0,0,0,0.0,0.0,0,0,0.0,0.0,0,0,0.0,0
LGS2ORD0003411,C013813,2025-01-28 00:00:00,Female,41,Silver,TV,Nakhon Ratchasima,1384,TV_Show,PromptPay,0,1,1,0,40-50,46.13333333333333,0.0,0.0,0.0,-1,-1,0.0,0.0,0.0,0.0,0.0,0.0,0,0,0.0,0.0,0,0,0.0,0.0,0,0,0.0,0.0,0,0,0.0,0
LGS2ORD0003412,C013847,2025-01-28 00:00:00,Female,49,Bronze,Shopee,Chonburi,1116,Web,Credit_Card,0,1,1,0,40-50,37.2,1.0,0.0,0.0,-1,20,6057.74,0.08,0.0,0.0,0.0,0.0,0,0,0.0,6057.74,1,0,0.0,6057.74,1,0,0.0,6057.74,1,0,0.0,0
LGS2ORD0003413,C011774,2025-01-28 00:00:00,Male,70,Silver,TV,Nakhon Ratchasima,180,Web,COD,0,1,1,0,>50,6.0,0.0,0.0,0.0,-1,-1,0.0,0.0,0.0,0.0,0.0,0.0,0,0,0.0,0.0,0,0,0.0,0.0,0,0,0.0,0.0,0,0,0.0,0
LGS2ORD0003414,C016898,2025-01-28 01:00:00,Female,49,Bronze,Shopee,Phuket,1294,CallCenter,PromptPay,1,1,1,0,40-50,43.13333333333333,2.0,0.0,0.0,-1,6,11700.355,0.13,0.0,0.0,0.0,17801.14,1,0,0.0,23400.71,2,0,0.0,23400.71,2,0,0.0,23400.71,2,0,0.0,1
LGS2ORD0003415,C014881,2025-01-28 01:00:00,Female,55,Bronze,TV,Bangkok,605,TV_Show,PromptPay,1,1,1,0,>50,20.166666666666668,0.0,0.0,0.0,-1,-1,0.0,0.0,0.0,0.0,0.0,0.0,0,0,0.0,0.0,0,0,0.0,0.0,0,0,0.0,0.0,0,0,0.0,0
LGS2ORD0003416,C012686,2025-01-28 01:00:00,Female,64,Bronze,CallCenter,Bangkok,1200,Shopee,PromptPay,1,1,1,0,>50,40.0,0.0,0.0,0.0,-1,-1,0.0,0.0,0.0,0.0,0.0,0.0,0,0,0.0,0.0,0,0,0.0,0.0,0,0,0.0,0.0,0,0,0.0,0
LGS2ORD0003417,C016750,2025-01-28 01:00:00,Male,41,Bronze,TV,Bangkok,921,TV_Show,PromptPay,1,1,1,0,40-50,30.7,0.0,0.0,0.0,-1,-1,0.0,0.0,0.0,0.0,0.0,0.0,0,0,0.0,0.0,0,0,0.0,0.0,0,0,0.0,0.0,0,0,0.0,0
LGS2ORD0003418,C012301,2025-01-28 01:00:00,Male,48,Bronze,TV,Songkhla,360,Shopee,COD,1,1,1,0,40-50,12.0,0.0,0.0,0.0,-1,-1,0.0,0.0,0.0,0.0,0.0,0.0,0,0,0.0,0.0,0,0,0.0,0.0,0,0,0.0,0.0,0,0,0.0,1
LGS2ORD0003419,C010528,2025-01-28 02:00:00,Male,56,Bronze,Web,Bangkok,495,Shopee,COD,2,1,1,0,>50,16.5,0.0,0.0,0.0,-1,-1,0.0,0.0,0.0,0.0,0.0,0.0,0,0,0.0,0.0,0,0,0.0,0.0,0,0,0.0,0.0,0,0,0.0,1
LGS2ORD0003420,C014272,2025-01-28 02:00:00,Male,42,Silver,Lazada,Chiang Mai,153,Lazada,COD,2,1,1,0,40-50,5.1,1.0,0.0,0.0,-1,11,7317.51,0.15,1.0,0.0,0.0,0.0,0,0,0.0,7317.51,1,0,0.0,7317.51,1,0,0.0,7317.51,1,0,0.0,1
LGS2ORD0003421,C017808,2025-01-28 02:00:00,Male,54,Bronze,Web,Nakhon Ratchasima,585,Shopee,Credit_Card,2,1,1,0,>50,19.5,0.0,0.0,0.0,-1,-1,0.0,0.0,0.0,0.0,0.0,0.0,0,0,0.0,0.0,0,0,0.0,0.0,0,0,0.0,0.0,0,0,0.0,0
LGS2ORD0003422,C012764,2025-01-28 02:00:00,Female,61,Bronze,Shopee,Bangkok,52,TV_Show,COD,2,1,1,0,>50,1.7333333333333334,0.0,0.0,0.0,-1,-1,0.0,0.0,0.0,0.0,0.0,0.0,0,0,0.0,0.0,0,0,0.0,0.0,0,0,0.0,0.0,0,0,0.0,1
LGS2ORD0003423,C014872,2025-01-28 02:00:00,Male,46,Bronze,CallCenter,Nakhon Ratchasima,378,Web,Credit_Card,2,1,1,0,40-50,12.6,1.0,0.0,0.0,-1,22,15139.31,0.08,1.0,0.0,0.0,0.0,0,0,0.0,15139.31,1,0,0.0,15139.31,1,0,0.0,15139.31,1,0,0.0,1
LGS2ORD0003424,C013510,2025-01-28 03:00:00,Male,48,Silver,Shopee,Bangkok,872,Lazada,Bank_Transfer,3,1,1,0,40-50,29.066666666666666,0.0,0.0,0.0,-1,-1,0.0,0.0,0.0,0.0,0.0,0.0,0,0,0.0,0.0,0,0,0.0,0.0,0,0,0.0,0.0,0,0,0.0,0
LGS2ORD0003425,C010878,2025-01-28 03:00:00,Male,65,Silver,Lazada,Khon Kaen,362,Shopee,Bank_Transfer,3,1,1,0,>50,12.066666666666666,1.0,0.0,0.0,-1,4,530.18,0.1,1.0,0.0,0.0,530.18,1,0,0.0,530.18,1,0,0.0,530.18,1,0,0.0,530.18,1,0,0.0,0
LGS2ORD0003426,C012870,2025-01-28 03:00:00,Male,55,Silver,Web,Bangkok,646,CallCenter,Credit_Card,3,1,1,0,>50,21.533333333333335,1.0,0.0,0.0,-1,11,873.01,0.2,0.0,0.0,0.0,0.0,0,0,0.0,873.01,1,0,0.0,873.01,1,0,0.0,873.01,1,0,0.0,0
LGS2ORD0003427,C017558,2025-01-28 03:00:00,Male,45,Bronze,Shopee,Phuket,1207,Shopee,Credit_Card,3,1,1,0,40-50,40.233333333333334,0.0,0.0,0.0,-1,-1,0.0,0.0,0.0,0.0,0.0,0.0,0,0,0.0,0.0,0,0,0.0,0.0,0,0,0.0,0.0,0,0,0.0,0
LGS2ORD0003428,C010524,2025-01-28 03:00:00,Female,40,Bronze,Lazada,Bangkok,536,TV_Show,PromptPay,3,1,1,0,30-40,17.866666666666667,0.0,0.0,0.0,-1,-1,0.0,0.0,0.0,0.0,0.0,0.0,0,0,0.0,0.0,0,0,0.0,0.0,0,0,0.0,0.0,0,0,0.0,0
LGS2ORD0003429,C015718,2025-01-28 04:00:00,Male,49,Gold,Shopee,Chonburi,624,TV_Show,Bank_Transfer,4,1,1,0,40-50,20.8,0.0,0.0,0.0,-1,-1,0.0,0.0,0.0,0.0,0.0,0.0,0,0,0.0,0.0,0,0,0.0,0.0,0,0,0.0,0.0,0,0,0.0,0
LGS2ORD0003430,C015969,2025-01-28 04:00:00,Female,38,Platinum,Shopee,Khon Kaen,865,Lazada,COD,4,1,1,0,30-40,28.833333333333332,0.0,0.0,0.0,-1,-1,0.0,0.0,0.0,0.0,0.0,0.0,0,0,0.0,0.0,0,0,0.0,0.0,0,0,0.0,0.0,0,0,0.0,0
LGS2ORD0003431,C011600,2025-01-28 04:00:00,Female,26,Bronze,TV,Phuket,185,TV_Show,Bank_Transfer,4,1,1,0,20-30,6.166666666666667,2.0,1.0,0.5,-4,10,4979.375,0.18,1.0,0.0,0.0,0.0,0,0,0.0,9958.75,2,1,0.5,9958.75,2,1,0.5,9958.75,2,1,0.5,1
LGS2ORD0003432,C015543,2025-01-28 04:00:00,Female,55,Platinum,Shopee,Khon Kaen,352,TV_Show,COD,4,1,1,0,>50,11.733333333333333,0.0,0.0,0.0,-1,-1,0.0,0.0,0.0,0.0,0.0,0.0,0,0,0.0,0.0,0,0,0.0,0.0,0,0,0.0,0.0,0,0,0.0,0
LGS2ORD0003433,C012338,2025-01-28 04:00:00,Male,21,Bronze,Web,Khon Kaen,1447,TV_Show,COD,4,1,1,0,20-30,48.233333333333334,1.0,1.0,1.0,-7,1,1940.36,0.03,1.0,0.0,0.0,1940.36,1,1,1.0,1940.36,1,1,1.0,1940.36,1,1,1.0,1940.36,1,1,1.0,1
LGS2ORD0003434,C015750,2025-01-28 04:00:00,Female,46,Gold,Lazada,Bangkok,704,Shopee,COD,4,1,1,0,40-50,23.466666666666665,1.0,1.0,1.0,6,15,7818.22,0.08,0.0,0.0,0.0,0.0,0,0,0.0,7818.22,1,1,1.0,7818.22,1,1,1.0,7818.22,1,1,1.0,0
LGS2ORD0003435,C011700,2025-01-28 05:00:00,Female,30,Bronze,Lazada,Bangkok,1271,TV_Show,COD,5,1,1,0,20-30,42.36666666666667,1.0,0.0,0.0,-1,6,2066.59,0.03,0.0,0.0,0.0,2066.59,1,0,0.0,2066.59,1,0,0.0,2066.59,1,0,0.0,2066.59,1,0,0.0,1
LGS2ORD0003436,C015795,2025-01-28 05:00:00,Female,18,Bronze,TV,Nakhon Ratchasima,263,Shopee,Credit_Card,5,1,1,0,<20,8.766666666666667,1.0,0.0,0.0,-1,26,927.29,0.08,1.0,0.0,0.0,0.0,0,0,0.0,927.29,1,0,0.0,927.29,1,0,0.0,927.29,1,0,0.0,0
LGS2ORD0003437,C017245,2025-01-28 05:00:00,Male,60,Bronze,Shopee,Khon Kaen,193,CallCenter,COD,5,1,1,0,>50,6.433333333333334,0.0,0.0,0.0,-1,-1,0.0,0.0,0.0,0.0,0.0,0.0,0,0,0.0,0.0,0,0,0.0,0.0,0,0,0.0,0.0,0,0,0.0,1
LGS2ORD0003438,C014556,2025-01-28 05:00:00,Female,54,Silver,TV,Bangkok,1011,Web,COD,5,1,1,0,>50,33.7,0.0,0.0,0.0,-1,-1,0.0,0.0,0.0,0.0,0.0,0.0,0,0,0.0,0.0,0,0,0.0,0.0,0,0,0.0,0.0,0,0,0.0,0
LGS2ORD0003439,C010057,2025-01-28 05:00:00,Male,40,Gold,Shopee,Nakhon Ratchasima,941,Shopee,Bank_Transfer,5,1,1,0,30-40,31.366666666666667,0.0,0.0,0.0,-1,-1,0.0,0.0,0.0,0.0,0.0,0.0,0,0,0.0,0.0,0,0,0.0,0.0,0,0,0.0,0.0,0,0,0.0,0
LGS2ORD0003440,C015960,2025-01-28 06:00:00,Male,49,Bronze,Shopee,Khon Kaen,254,Shopee,Credit_Card,6,1,1,0,40-50,8.466666666666667,0.0,0.0,0.0,-1,-1,0.0,0.0,0.0,0.0,0.0,0.0,0,0,0.0,0.0,0,0,0.0,0.0,0,0,0.0,0.0,0,0,0.0,0
LGS2ORD0003441,C013401,2025-01-28 06:00:00,Male,42,Silver,TV,Chiang Mai,135,Shopee,Bank_Transfer,6,1,1,0,40-50,4.5,0.0,0.0,0.0,-1,-1,0.0,0.0,0.0,0.0,0.0,0.0,0,0,0.0,0.0,0,0,0.0,0.0,0,0,0.0,0.0,0,0,0.0,0
LGS2ORD0003442,C012089,2025-01-28 06:00:00,Female,26,Bronze,Web,Chonburi,341,Lazada,COD,6,1,1,0,20-30,11.366666666666667,0.0,0.0,0.0,-1,-1,0.0,0.0,0.0,0.0,0.0,0.0,0,0,0.0,0.0,0,0,0.0,0.0,0,0,0.0,0.0,0,0,0.0,0
LGS2ORD0003443,C014234,2025-01-28 06:00:00,Male,46,Bronze,TV,Chiang Mai,789,Web,Credit_Card,6,1,1,0,40-50,26.3,0.0,0.0,0.0,-1,-1,0.0,0.0,0.0,0.0,0.0,0.0,0,0,0.0,0.0,0,0,0.0,0.0,0,0,0.0,0.0,0,0,0.0,0
LGS2ORD0003444,C014593,2025-01-28 06:00:00,Male,38,Bronze,TV,Chiang Mai,1413,Shopee,COD,6,1,1,0,30-40,47.1,0.0,0.0,0.0,-1,-1,0.0,0.0,0.0,0.0,0.0,0.0,0,0,0.0,0.0,0,0,0.0,0.0,0,0,0.0,0.0,0,0,0.0,0
LGS2ORD0003445,C012290,2025-01-28 07:00:00,Female,51,Gold,Web,Chonburi,842,Shopee,COD,7,1,1,0,>50,28.066666666666666,1.0,0.0,0.0,-1,9,729.05,0.2299999999999999,0.0,1.0,0.0,0.0,0,0,0.0,729.05,1,0,0.0,729.05,1,0,0.0,729.05,1,0,0.0,0
LGS2ORD0003446,C013747,2025-01-28 07:00:00,Male,39,Bronze,TV,Bangkok,798,Shopee,Credit_Card,7,1,1,0,30-40,26.6,1.0,0.0,0.0,-1,6,1117.0,0.18,1.0,0.0,0.0,1117.0,1,0,0.0,1117.0,1,0,0.0,1117.0,1,0,0.0,1117.0,1,0,0.0,0
LGS2ORD0003447,C013804,2025-01-28 07:00:00,Male,61,Bronze,TV,Bangkok,402,TV_Show,Credit_Card,7,1,1,0,>50,13.4,1.0,0.0,0.0,-1,5,2113.79,0.08,1.0,0.0,0.0,2113.79,1,0,0.0,2113.79,1,0,0.0,2113.79,1,0,0.0,2113.79,1,0,0.0,0
LGS2ORD0003448,C017433,2025-01-28 07:00:00,Female,44,Gold,TV,Chonburi,472,TV_Show,PromptPay,7,1,1,0,40-50,15.733333333333333,1.0,1.0,1.0,18,24,1425.58,0.28,1.0,1.0,0.0,0.0,0,0,0.0,1425.58,1,1,1.0,1425.58,1,1,1.0,1425.58,1,1,1.0,0
LGS2ORD0003449,C012589,2025-01-28 07:00:00,Female,39,Bronze,TV,Chonburi,938,Shopee,COD,7,1,1,0,30-40,31.266666666666666,1.0,0.0,0.0,-1,26,12865.94,0.03,1.0,0.0,0.0,0.0,0,0,0.0,12865.94,1,0,0.0,12865.94,1,0,0.0,12865.94,1,0,0.0,0
LGS2ORD0003450,C011959,2025-01-28 08:00:00,Male,18,Platinum,Web,Phuket,593,CallCenter,Credit_Card,8,1,1,0,<20,19.766666666666666,0.0,0.0,0.0,-1,-1,0.0,0.0,0.0,0.0,0.0,0.0,0,0,0.0,0.0,0,0,0.0,0.0,0,0,0.0,0.0,0,0,0.0,0
LGS2ORD0003451,C011686,2025-01-28 08:00:00,Female,53,Bronze,TV,Chiang Mai,981,Shopee,COD,8,1,1,0,>50,32.7,0.0,0.0,0.0,-1,-1,0.0,0.0,0.0,0.0,0.0,0.0,0,0,0.0,0.0,0,0,0.0,0.0,0,0,0.0,0.0,0,0,0.0,0
LGS2ORD0003452,C014907,2025-01-28 08:00:00,Male,50,Gold,CallCenter,Chiang Mai,299,TV_Show,Bank_Transfer,8,1,1,0,40-50,9.966666666666667,0.0,0.0,0.0,-1,-1,0.0,0.0,0.0,0.0,0.0,0.0,0,0,0.0,0.0,0,0,0.0,0.0,0,0,0.0,0.0,0,0,0.0,0
LGS2ORD0003453,C015552,2025-01-28 08:00:00,Female,44,Gold,Shopee,Remote_Area,510,Lazada,COD,8,1,1,0,40-50,17.0,2.0,0.0,0.0,-1,5,3223.39,0.08,0.0,0.0,0.0,4415.12,1,0,0.0,6446.78,2,0,0.0,6446.78,2,0,0.0,6446.78,2,0,0.0,1
LGS2ORD0003454,C016947,2025-01-28 08:00:00,Female,39,Bronze,CallCenter,Bangkok,999,CallCenter,Credit_Card,8,1,1,0,30-40,33.3,1.0,0.0,0.0,-1,15,1742.28,0.13,1.0,0.0,0.0,0.0,0,0,0.0,1742.28,1,0,0.0,1742.28,1,0,0.0,1742.28,1,0,0.0,0
LGS2ORD0003455,C015929,2025-01-28 08:00:00,Female,40,Gold,Web,Bangkok,597,Shopee,Bank_Transfer,8,1,1,0,30-40,19.9,1.0,0.0,0.0,-1,25,3567.29,0.2299999999999999,0.0,1.0,0.0,0.0,0,0,0.0,3567.29,1,0,0.0,3567.29,1,0,0.0,3567.29,1,0,0.0,0
LGS2ORD0003456,C016568,2025-01-28 09:00:00,Female,56,Bronze,TV,Remote_Area,115,Web,COD,9,1,1,0,>50,3.8333333333333335,3.0,1.0,0.3333333333333333,-7,10,7783.833333333333,0.13,1.0,0.0,0.0,0.0,0,0,0.0,23351.5,3,1,0.3333333333333333,23351.5,3,1,0.3333333333333333,23351.5,3,1,0.3333333333333333,1
LGS2ORD0003457,C015813,2025-01-28 09:00:00,Male,47,Gold,Web,Bangkok,867,Web,COD,9,1,1,0,40-50,28.9,0.0,0.0,0.0,-1,-1,0.0,0.0,0.0,0.0,0.0,0.0,0,0,0.0,0.0,0,0,0.0,0.0,0,0,0.0,0.0,0,0,0.0,0
LGS2ORD0003458,C010656,2025-01-28 09:00:00,Female,28,Bronze,TV,Remote_Area,1117,CallCenter,COD,9,1,1,0,20-30,37.233333333333334,0.0,0.0,0.0,-1,-1,0.0,0.0,0.0,0.0,0.0,0.0,0,0,0.0,0.0,0,0,0.0,0.0,0,0,0.0,0.0,0,0,0.0,0
LGS2ORD0003459,C014450,2025-01-28 09:00:00,Male,40,Bronze,Web,Phuket,609,Lazada,COD,9,1,1,0,30-40,20.3,0.0,0.0,0.0,-1,-1,0.0,0.0,0.0,0.0,0.0,0.0,0,0,0.0,0.0,0,0,0.0,0.0,0,0,0.0,0.0,0,0,0.0,0
LGS2ORD0003460,C016073,2025-01-28 09:00:00,Female,32,Bronze,Shopee,Bangkok,535,Shopee,COD,9,1,1,0,30-40,17.833333333333332,0.0,0.0,0.0,-1,-1,0.0,0.0,0.0,0.0,0.0,0.0,0,0,0.0,0.0,0,0,0.0,0.0,0,0,0.0,0.0,0,0,0.0,0
LGS2ORD0003461,C012585,2025-01-28 10:00:00,Male,48,Bronze,Shopee,Chiang Mai,1139,CallCenter,Credit_Card,10,1,1,0,40-50,37.96666666666667,1.0,0.0,0.0,-1,4,1119.61,0.13,0.0,0.0,0.0,1119.61,1,0,0.0,1119.61,1,0,0.0,1119.61,1,0,0.0,1119.61,1,0,0.0,0
LGS2ORD0003462,C013129,2025-01-28 10:00:00,Male,32,Bronze,TV,Remote_Area,574,Shopee,COD,10,1,1,0,30-40,19.133333333333333,0.0,0.0,0.0,-1,-1,0.0,0.0,0.0,0.0,0.0,0.0,0,0,0.0,0.0,0,0,0.0,0.0,0,0,0.0,0.0,0,0,0.0,0
LGS2ORD0003463,C013656,2025-01-28 10:00:00,Female,26,Silver,Web,Chonburi,1363,TV_Show,COD,10,1,1,0,20-30,45.43333333333333,0.0,0.0,0.0,-1,-1,0.0,0.0,0.0,0.0,0.0,0.0,0,0,0.0,0.0,0,0,0.0,0.0,0,0,0.0,0.0,0,0,0.0,1
LGS2ORD0003464,C016879,2025-01-28 10:00:00,Male,34,Gold,Web,Phuket,570,Shopee,PromptPay,10,1,1,0,30-40,19.0,0.0,0.0,0.0,-1,-1,0.0,0.0,0.0,0.0,0.0,0.0,0,0,0.0,0.0,0,0,0.0,0.0,0,0,0.0,0.0,0,0,0.0,0
LGS2ORD0003465,C017396,2025-01-28 10:00:00,Male,28,Bronze,TV,Remote_Area,1013,Shopee,Bank_Transfer,10,1,1,0,20-30,33.766666666666666,0.0,0.0,0.0,-1,-1,0.0,0.0,0.0,0.0,0.0,0.0,0,0,0.0,0.0,0,0,0.0,0.0,0,0,0.0,0.0,0,0,0.0,0
LGS2ORD0003466,C017947,2025-01-28 11:00:00,Other,28,Bronze,CallCenter,Phuket,607,Web,COD,11,1,1,0,20-30,20.233333333333334,0.0,0.0,0.0,-1,-1,0.0,0.0,0.0,0.0,0.0,0.0,0,0,0.0,0.0,0,0,0.0,0.0,0,0,0.0,0.0,0,0,0.0,0
LGS2ORD0003467,C013499,2025-01-28 11:00:00,Male,36,Bronze,Web,Khon Kaen,688,Shopee,COD,11,1,1,0,30-40,22.933333333333334,1.0,0.0,0.0,-1,12,1154.16,0.08,1.0,0.0,0.0,0.0,0,0,0.0,1154.16,1,0,0.0,1154.16,1,0,0.0,1154.16,1,0,0.0,1
LGS2ORD0003468,C011750,2025-01-28 11:00:00,Female,59,Bronze,TV,Khon Kaen,236,Shopee,COD,11,1,1,0,>50,7.866666666666666,2.0,1.0,0.5,9,13,1693.91,0.28,1.0,0.5,0.0,0.0,0,0,0.0,3387.82,2,1,0.5,3387.82,2,1,0.5,3387.82,2,1,0.5,0
LGS2ORD0003469,C013160,2025-01-28 11:00:00,Male,37,Silver,TV,Songkhla,588,Lazada,COD,11,1,1,0,30-40,19.6,1.0,0.0,0.0,-1,16,10852.25,0.2,0.0,0.0,0.0,0.0,0,0,0.0,10852.25,1,0,0.0,10852.25,1,0,0.0,10852.25,1,0,0.0,0
LGS2ORD0003470,C017037,2025-01-28 11:00:00,Female,41,Bronze,Web,Bangkok,1162,Shopee,COD,11,1,1,0,40-50,38.733333333333334,0.0,0.0,0.0,-1,-1,0.0,0.0,0.0,0.0,0.0,0.0,0,0,0.0,0.0,0,0,0.0,0.0,0,0,0.0,0.0,0,0,0.0,0
LGS2ORD0003471,C014839,2025-01-28 12:00:00,Male,49,Bronze,Shopee,Khon Kaen,1477,CallCenter,Credit_Card,12,1,1,0,40-50,49.233333333333334,0.0,0.0,0.0,-1,-1,0.0,0.0,0.0,0.0,0.0,0.0,0,0,0.0,0.0,0,0,0.0,0.0,0,0,0.0,0.0,0,0,0.0,1
LGS2ORD0003472,C013619,2025-01-28 12:00:00,Female,41,Silver,Shopee,Khon Kaen,1331,CallCenter,PromptPay,12,1,1,0,40-50,44.36666666666667,0.0,0.0,0.0,-1,-1,0.0,0.0,0.0,0.0,0.0,0.0,0,0,0.0,0.0,0,0,0.0,0.0,0,0,0.0,0.0,0,0,0.0,0
LGS2ORD0003473,C013760,2025-01-28 12:00:00,Male,27,Bronze,Lazada,Khon Kaen,639,Shopee,COD,12,1,1,0,20-30,21.3,0.0,0.0,0.0,-1,-1,0.0,0.0,0.0,0.0,0.0,0.0,0,0,0.0,0.0,0,0,0.0,0.0,0,0,0.0,0.0,0,0,0.0,0
LGS2ORD0003474,C016538,2025-01-28 12:00:00,Other,42,Gold,Shopee,Khon Kaen,1292,TV_Show,Credit_Card,12,1,1,0,40-50,43.06666666666667,0.0,0.0,0.0,-1,-1,0.0,0.0,0.0,0.0,0.0,0.0,0,0,0.0,0.0,0,0,0.0,0.0,0,0,0.0,0.0,0,0,0.0,0
LGS2ORD0003475,C014726,2025-01-28 12:00:00,Female,38,Gold,TV,Chiang Mai,95,Lazada,Credit_Card,12,1,1,0,30-40,3.1666666666666665,2.0,1.0,0.5,5,14,8251.48,0.28,0.5,0.5,0.0,0.0,0,0,0.0,16502.96,2,1,0.5,16502.96,2,1,0.5,16502.96,2,1,0.5,0
LGS2ORD0003476,C012633,2025-01-28 12:00:00,Female,45,Silver,CallCenter,Songkhla,132,Lazada,COD,12,1,1,0,40-50,4.4,0.0,0.0,0.0,-1,-1,0.0,0.0,0.0,0.0,0.0,0.0,0,0,0.0,0.0,0,0,0.0,0.0,0,0,0.0,0.0,0,0,0.0,0
LGS2ORD0003477,C012421,2025-01-28 13:00:00,Male,66,Silver,CallCenter,Songkhla,696,TV_Show,COD,13,1,1,0,>50,23.2,0.0,0.0,0.0,-1,-1,0.0,0.0,0.0,0.0,0.0,0.0,0,0,0.0,0.0,0,0,0.0,0.0,0,0,0.0,0.0,0,0,0.0,0
LGS2ORD0003478,C015674,2025-01-28 13:00:00,Female,46,Platinum,Web,Chiang Mai,1046,Web,COD,13,1,1,0,40-50,34.86666666666667,0.0,0.0,0.0,-1,-1,0.0,0.0,0.0,0.0,0.0,0.0,0,0,0.0,0.0,0,0,0.0,0.0,0,0,0.0,0.0,0,0,0.0,1
LGS2ORD0003479,C017044,2025-01-28 13:00:00,Female,38,Silver,CallCenter,Chiang Mai,1021,Lazada,COD,13,1,1,0,30-40,34.03333333333333,0.0,0.0,0.0,-1,-1,0.0,0.0,0.0,0.0,0.0,0.0,0,0,0.0,0.0,0,0,0.0,0.0,0,0,0.0,0.0,0,0,0.0,0
LGS2ORD0003480,C011940,2025-01-28 13:00:00,Male,50,Bronze,Web,Bangkok,1237,Lazada,COD,13,1,1,0,40-50,41.233333333333334,0.0,0.0,0.0,-1,-1,0.0,0.0,0.0,0.0,0.0,0.0,0,0,0.0,0.0,0,0,0.0,0.0,0,0,0.0,0.0,0,0,0.0,0
LGS2ORD0003481,C015961,2025-01-28 13:00:00,Female,39,Bronze,Web,Bangkok,681,Web,Credit_Card,13,1,1,0,30-40,22.7,2.0,0.0,0.0,-1,14,3664.2,0.03,0.0,0.0,0.0,0.0,0,0,0.0,7328.4,2,0,0.0,7328.4,2,0,0.0,7328.4,2,0,0.0,0
LGS2ORD0003482,C014163,2025-01-28 14:00:00,Male,44,Gold,Web,Chonburi,340,Shopee,Bank_Transfer,14,1,1,0,40-50,11.333333333333334,0.0,0.0,0.0,-1,-1,0.0,0.0,0.0,0.0,0.0,0.0,0,0,0.0,0.0,0,0,0.0,0.0,0,0,0.0,0.0,0,0,0.0,0
LGS2ORD0003483,C016505,2025-01-28 14:00:00,Male,30,Gold,Shopee,Chonburi,286,CallCenter,COD,14,1,1,0,20-30,9.533333333333333,0.0,0.0,0.0,-1,-1,0.0,0.0,0.0,0.0,0.0,0.0,0,0,0.0,0.0,0,0,0.0,0.0,0,0,0.0,0.0,0,0,0.0,0
LGS2ORD0003484,C015106,2025-01-28 14:00:00,Female,32,Bronze,Shopee,Bangkok,810,Web,Bank_Transfer,14,1,1,0,30-40,27.0,1.0,0.0,0.0,-1,24,4430.7,0.18,0.0,0.0,0.0,0.0,0,0,0.0,4430.7,1,0,0.0,4430.7,1,0,0.0,4430.7,1,0,0.0,0
LGS2ORD0003485,C010395,2025-01-28 14:00:00,Female,42,Bronze,TV,Phuket,1348,Web,COD,14,1,1,0,40-50,44.93333333333333,0.0,0.0,0.0,-1,-1,0.0,0.0,0.0,0.0,0.0,0.0,0,0,0.0,0.0,0,0,0.0,0.0,0,0,0.0,0.0,0,0,0.0,0
LGS2ORD0003486,C017545,2025-01-28 14:00:00,Female,61,Platinum,Web,Songkhla,521,Lazada,COD,14,1,1,0,>50,17.366666666666667,0.0,0.0,0.0,-1,-1,0.0,0.0,0.0,0.0,0.0,0.0,0,0,0.0,0.0,0,0,0.0,0.0,0,0,0.0,0.0,0,0,0.0,0
LGS2ORD0003487,C015460,2025-01-28 15:00:00,Female,40,Gold,Lazada,Bangkok,431,CallCenter,COD,15,1,1,0,30-40,14.366666666666667,0.0,0.0,0.0,-1,-1,0.0,0.0,0.0,0.0,0.0,0.0,0,0,0.0,0.0,0,0,0.0,0.0,0,0,0.0,0.0,0,0,0.0,0
LGS2ORD0003488,C015064,2025-01-28 15:00:00,Female,46,Bronze,TV,Remote_Area,702,Lazada,Credit_Card,15,1,1,0,40-50,23.4,1.0,0.0,0.0,-1,2,3092.72,0.23,1.0,1.0,0.0,3092.72,1,0,0.0,3092.72,1,0,0.0,3092.72,1,0,0.0,3092.72,1,0,0.0,0
LGS2ORD0003489,C014132,2025-01-28 15:00:00,Other,46,Silver,Web,Songkhla,1060,TV_Show,COD,15,1,1,0,40-50,35.333333333333336,0.0,0.0,0.0,-1,-1,0.0,0.0,0.0,0.0,0.0,0.0,0,0,0.0,0.0,0,0,0.0,0.0,0,0,0.0,0.0,0,0,0.0,0
LGS2ORD0003490,C011000,2025-01-28 15:00:00,Female,31,Bronze,Shopee,Bangkok,247,CallCenter,COD,15,1,1,0,30-40,8.233333333333333,1.0,0.0,0.0,-1,9,11534.12,0.18,1.0,0.0,0.0,0.0,0,0,0.0,11534.12,1,0,0.0,11534.12,1,0,0.0,11534.12,1,0,0.0,1
LGS2ORD0003491,C011261,2025-01-28 15:00:00,Female,26,Bronze,TV,Bangkok,307,TV_Show,COD,15,1,1,0,20-30,10.233333333333333,1.0,0.0,0.0,-1,24,993.45,0.23,0.0,1.0,0.0,0.0,0,0,0.0,993.45,1,0,0.0,993.45,1,0,0.0,993.45,1,0,0.0,0
LGS2ORD0003492,C017759,2025-01-28 16:00:00,Male,45,Bronze,CallCenter,Chonburi,608,Shopee,COD,16,1,1,0,40-50,20.266666666666666,2.0,0.0,0.0,-1,12,7630.115,0.13,1.0,0.0,0.0,0.0,0,0,0.0,15260.23,2,0,0.0,15260.23,2,0,0.0,15260.23,2,0,0.0,0
LGS2ORD0003493,C011586,2025-01-28 16:00:00,Female,51,Gold,Shopee,Remote_Area,282,TV_Show,PromptPay,16,1,1,0,>50,9.4,1.0,0.0,0.0,-1,5,749.66,0.13,0.0,0.0,0.0,749.66,1,0,0.0,749.66,1,0,0.0,749.66,1,0,0.0,749.66,1,0,0.0,1
LGS2ORD0003494,C017642,2025-01-28 16:00:00,Male,42,Gold,TV,Remote_Area,765,Web,PromptPay,16,1,1,0,40-50,25.5,0.0,0.0,0.0,-1,-1,0.0,0.0,0.0,0.0,0.0,0.0,0,0,0.0,0.0,0,0,0.0,0.0,0,0,0.0,0.0,0,0,0.0,0
LGS2ORD0003495,C015339,2025-01-28 16:00:00,Male,60,Bronze,Web,Chonburi,521,Lazada,Bank_Transfer,16,1,1,0,>50,17.366666666666667,1.0,0.0,0.0,-1,8,2439.9,0.28,0.0,1.0,0.0,0.0,0,0,0.0,2439.9,1,0,0.0,2439.9,1,0,0.0,2439.9,1,0,0.0,0
LGS2ORD0003496,C010457,2025-01-28 16:00:00,Male,42,Gold,TV,Bangkok,204,Shopee,PromptPay,16,1,1,0,40-50,6.8,1.0,0.0,0.0,-1,18,8139.46,0.2299999999999999,0.0,1.0,0.0,0.0,0,0,0.0,8139.46,1,0,0.0,8139.46,1,0,0.0,8139.46,1,0,0.0,0
LGS2ORD0003497,C014232,2025-01-28 16:00:00,Female,30,Bronze,Web,Bangkok,1285,Web,Credit_Card,16,1,1,0,20-30,42.833333333333336,0.0,0.0,0.0,-1,-1,0.0,0.0,0.0,0.0,0.0,0.0,0,0,0.0,0.0,0,0,0.0,0.0,0,0,0.0,0.0,0,0,0.0,0
LGS2ORD0003498,C013168,2025-01-28 17:00:00,Female,37,Platinum,Lazada,Khon Kaen,592,Shopee,Credit_Card,17,1,1,0,30-40,19.733333333333334,0.0,0.0,0.0,-1,-1,0.0,0.0,0.0,0.0,0.0,0.0,0,0,0.0,0.0,0,0,0.0,0.0,0,0,0.0,0.0,0,0,0.0,0
LGS2ORD0003499,C012745,2025-01-28 17:00:00,Male,43,Silver,Lazada,Songkhla,129,TV_Show,Credit_Card,17,1,1,0,40-50,4.3,1.0,0.0,0.0,-1,20,6699.44,0.25,0.0,1.0,0.0,0.0,0,0,0.0,6699.44,1,0,0.0,6699.44,1,0,0.0,6699.44,1,0,0.0,0
LGS2ORD0003500,C013294,2025-01-28 17:00:00,Female,33,Platinum,CallCenter,Nakhon Ratchasima,726,TV_Show,COD,17,1,1,0,30-40,24.2,1.0,0.0,0.0,-1,8,613.55,0.15,1.0,0.0,0.0,0.0,0,0,0.0,613.55,1,0,0.0,613.55,1,0,0.0,613.55,1,0,0.0,0
LGS2ORD0003501,C016524,2025-01-28 17:00:00,Female,64,Platinum,CallCenter,Bangkok,1377,TV_Show,Credit_Card,17,1,1,0,>50,45.9,1.0,1.0,1.0,12,26,4029.71,0.25,1.0,1.0,0.0,0.0,0,0,0.0,4029.71,1,1,1.0,4029.71,1,1,1.0,4029.71,1,1,1.0,1
LGS2ORD0003502,C015755,2025-01-28 17:00:00,Female,27,Gold,TV,Chonburi,635,Web,Credit_Card,17,1,1,0,20-30,21.166666666666668,0.0,0.0,0.0,-1,-1,0.0,0.0,0.0,0.0,0.0,0.0,0,0,0.0,0.0,0,0,0.0,0.0,0,0,0.0,0.0,0,0,0.0,1
LGS2ORD0003503,C010738,2025-01-28 18:00:00,Male,28,Silver,Web,Bangkok,715,Lazada,COD,18,1,1,0,20-30,23.833333333333332,1.0,0.0,0.0,-1,2,26749.04,0.05,0.0,0.0,0.0,26749.04,1,0,0.0,26749.04,1,0,0.0,26749.04,1,0,0.0,26749.04,1,0,0.0,1
LGS2ORD0003504,C015451,2025-01-28 18:00:00,Female,56,Silver,Web,Khon Kaen,1252,TV_Show,Credit_Card,18,1,1,0,>50,41.733333333333334,0.0,0.0,0.0,-1,-1,0.0,0.0,0.0,0.0,0.0,0.0,0,0,0.0,0.0,0,0,0.0,0.0,0,0,0.0,0.0,0,0,0.0,0
LGS2ORD0003505,C011825,2025-01-28 18:00:00,Male,51,Silver,Web,Chonburi,884,TV_Show,COD,18,1,1,0,>50,29.466666666666665,2.0,1.0,0.5,18,3,1647.66,0.25,0.5,0.5,0.0,859.46,1,0,0.0,3295.32,2,1,0.5,3295.32,2,1,0.5,3295.32,2,1,0.5,0
LGS2ORD0003506,C015318,2025-01-28 18:00:00,Female,44,Gold,Shopee,Bangkok,1343,Shopee,COD,18,1,1,0,40-50,44.766666666666666,3.0,1.0,0.3333333333333333,10,18,4031.8566666666666,0.18,0.0,0.0,0.0,0.0,0,0,0.0,12095.57,3,1,0.3333333333333333,12095.57,3,1,0.3333333333333333,12095.57,3,1,0.3333333333333333,1
LGS2ORD0003507,C013962,2025-01-28 18:00:00,Male,35,Bronze,Shopee,Chiang Mai,470,Shopee,COD,18,1,1,0,30-40,15.666666666666666,1.0,0.0,0.0,-1,24,2431.98,0.08,1.0,0.0,0.0,0.0,0,0,0.0,2431.98,1,0,0.0,2431.98,1,0,0.0,2431.98,1,0,0.0,1
LGS2ORD0003508,C017506,2025-01-28 19:00:00,Other,40,Silver,CallCenter,Bangkok,339,TV_Show,Bank_Transfer,19,1,1,0,30-40,11.3,0.0,0.0,0.0,-1,-1,0.0,0.0,0.0,0.0,0.0,0.0,0,0,0.0,0.0,0,0,0.0,0.0,0,0,0.0,0.0,0,0,0.0,0
LGS2ORD0003509,C010661,2025-01-28 19:00:00,Female,46,Bronze,Web,Phuket,1161,TV_Show,PromptPay,19,1,1,0,40-50,38.7,0.0,0.0,0.0,-1,-1,0.0,0.0,0.0,0.0,0.0,0.0,0,0,0.0,0.0,0,0,0.0,0.0,0,0,0.0,0.0,0,0,0.0,1
LGS2ORD0003510,C010663,2025-01-28 19:00:00,Male,32,Bronze,TV,Songkhla,1024,TV_Show,COD,19,1,1,0,30-40,34.13333333333333,0.0,0.0,0.0,-1,-1,0.0,0.0,0.0,0.0,0.0,0.0,0,0,0.0,0.0,0,0,0.0,0.0,0,0,0.0,0.0,0,0,0.0,0
LGS2ORD0003511,C017175,2025-01-28 19:00:00,Male,57,Bronze,Web,Chiang Mai,101,Lazada,COD,19,1,1,0,>50,3.3666666666666667,1.0,1.0,1.0,9,23,1720.46,0.18,1.0,0.0,0.0,0.0,0,0,0.0,1720.46,1,1,1.0,1720.46,1,1,1.0,1720.46,1,1,1.0,1
LGS2ORD0003512,C016531,2025-01-28 19:00:00,Male,28,Gold,Web,Khon Kaen,1110,TV_Show,Bank_Transfer,19,1,1,0,20-30,37.0,1.0,0.0,0.0,-1,19,13102.38,0.08,0.0,0.0,0.0,0.0,0,0,0.0,13102.38,1,0,0.0,13102.38,1,0,0.0,13102.38,1,0,0.0,0
LGS2ORD0003513,C013432,2025-01-28 20:00:00,Male,57,Bronze,Shopee,Chonburi,851,Web,COD,20,1,1,0,>50,28.366666666666667,1.0,0.0,0.0,-1,21,8469.84,0.03,1.0,0.0,0.0,0.0,0,0,0.0,8469.84,1,0,0.0,8469.84,1,0,0.0,8469.84,1,0,0.0,0
LGS2ORD0003514,C014203,2025-01-28 20:00:00,Female,54,Bronze,Shopee,Nakhon Ratchasima,827,CallCenter,COD,20,1,1,0,>50,27.566666666666666,2.0,1.0,0.5,-4,9,2254.325,0.18,1.0,0.0,0.0,0.0,0,0,0.0,4508.65,2,1,0.5,4508.65,2,1,0.5,4508.65,2,1,0.5,0
LGS2ORD0003515,C015954,2025-01-28 20:00:00,Female,58,Bronze,TV,Remote_Area,683,Shopee,COD,20,1,1,0,>50,22.766666666666666,0.0,0.0,0.0,-1,-1,0.0,0.0,0.0,0.0,0.0,0.0,0,0,0.0,0.0,0,0,0.0,0.0,0,0,0.0,0.0,0,0,0.0,0
LGS2ORD0003516,C013039,2025-01-28 20:00:00,Female,61,Bronze,Web,Bangkok,927,CallCenter,COD,20,1,1,0,>50,30.9,0.0,0.0,0.0,-1,-1,0.0,0.0,0.0,0.0,0.0,0.0,0,0,0.0,0.0,0,0,0.0,0.0,0,0,0.0,0.0,0,0,0.0,0
LGS2ORD0003517,C017589,2025-01-28 20:00:00,Female,29,Silver,Web,Bangkok,809,Lazada,COD,20,1,1,0,20-30,26.966666666666665,0.0,0.0,0.0,-1,-1,0.0,0.0,0.0,0.0,0.0,0.0,0,0,0.0,0.0,0,0,0.0,0.0,0,0,0.0,0.0,0,0,0.0,0
LGS2ORD0003518,C012609,2025-01-28 20:00:00,Female,65,Gold,Shopee,Bangkok,579,Shopee,Credit_Card,20,1,1,0,>50,19.3,0.0,0.0,0.0,-1,-1,0.0,0.0,0.0,0.0,0.0,0.0,0,0,0.0,0.0,0,0,0.0,0.0,0,0,0.0,0.0,0,0,0.0,0
LGS2ORD0003519,C010053,2025-01-28 21:00:00,Female,47,Platinum,Shopee,Nakhon Ratchasima,934,Web,COD,21,1,1,0,40-50,31.133333333333333,0.0,0.0,0.0,-1,-1,0.0,0.0,0.0,0.0,0.0,0.0,0,0,0.0,0.0,0,0,0.0,0.0,0,0,0.0,0.0,0,0,0.0,0
LGS2ORD0003520,C016619,2025-01-28 21:00:00,Female,41,Silver,Shopee,Khon Kaen,691,Shopee,Credit_Card,21,1,1,0,40-50,23.033333333333335,1.0,0.0,0.0,-1,2,1863.87,0.3,0.0,1.0,0.0,1863.87,1,0,0.0,1863.87,1,0,0.0,1863.87,1,0,0.0,1863.87,1,0,0.0,0
LGS2ORD0003521,C017220,2025-01-28 21:00:00,Female,57,Platinum,TV,Phuket,1348,Web,Credit_Card,21,1,1,0,>50,44.93333333333333,1.0,0.0,0.0,-1,17,1032.33,0.15,1.0,0.0,0.0,0.0,0,0,0.0,1032.33,1,0,0.0,1032.33,1,0,0.0,1032.33,1,0,0.0,0
LGS2ORD0003522,C017303,2025-01-28 21:00:00,Female,72,Bronze,Shopee,Nakhon Ratchasima,525,Lazada,COD,21,1,1,0,>50,17.5,0.0,0.0,0.0,-1,-1,0.0,0.0,0.0,0.0,0.0,0.0,0,0,0.0,0.0,0,0,0.0,0.0,0,0,0.0,0.0,0,0,0.0,0
LGS2ORD0003523,C012550,2025-01-28 21:00:00,Female,41,Bronze,Shopee,Songkhla,1032,Shopee,Credit_Card,21,1,1,0,40-50,34.4,0.0,0.0,0.0,-1,-1,0.0,0.0,0.0,0.0,0.0,0.0,0,0,0.0,0.0,0,0,0.0,0.0,0,0,0.0,0.0,0,0,0.0,0
LGS2ORD0003524,C012259,2025-01-28 22:00:00,Other,42,Bronze,Shopee,Bangkok,999,Shopee,COD,22,1,1,0,40-50,33.3,0.0,0.0,0.0,-1,-1,0.0,0.0,0.0,0.0,0.0,0.0,0,0,0.0,0.0,0,0,0.0,0.0,0,0,0.0,0.0,0,0,0.0,0
LGS2ORD0003525,C014973,2025-01-28 22:00:00,Male,27,Silver,TV,Chiang Mai,890,Shopee,COD,22,1,1,0,20-30,29.666666666666668,1.0,0.0,0.0,-1,14,5671.32,0.3,0.0,1.0,0.0,0.0,0,0,0.0,5671.32,1,0,0.0,5671.32,1,0,0.0,5671.32,1,0,0.0,0
LGS2ORD0003526,C012775,2025-01-28 22:00:00,Male,43,Gold,TV,Khon Kaen,1077,TV_Show,COD,22,1,1,0,40-50,35.9,1.0,0.0,0.0,-1,24,3235.12,0.33,0.0,1.0,0.0,0.0,0,0,0.0,3235.12,1,0,0.0,3235.12,1,0,0.0,3235.12,1,0,0.0,1
LGS2ORD0003527,C012564,2025-01-28 22:00:00,Female,46,Bronze,TV,Bangkok,400,Lazada,COD,22,1,1,0,40-50,13.333333333333334,1.0,0.0,0.0,-1,22,580.78,0.08,0.0,0.0,0.0,0.0,0,0,0.0,580.78,1,0,0.0,580.78,1,0,0.0,580.78,1,0,0.0,1
LGS2ORD0003528,C012899,2025-01-28 22:00:00,Male,58,Bronze,TV,Phuket,499,Lazada,COD,22,1,1,0,>50,16.633333333333333,0.0,0.0,0.0,-1,-1,0.0,0.0,0.0,0.0,0.0,0.0,0,0,0.0,0.0,0,0,0.0,0.0,0,0,0.0,0.0,0,0,0.0,0
LGS2ORD0003529,C014512,2025-01-28 23:00:00,Male,38,Bronze,Lazada,Bangkok,497,CallCenter,COD,23,1,1,0,30-40,16.566666666666666,0.0,0.0,0.0,-1,-1,0.0,0.0,0.0,0.0,0.0,0.0,0,0,0.0,0.0,0,0,0.0,0.0,0,0,0.0,0.0,0,0,0.0,1
LGS2ORD0003530,C017025,2025-01-28 23:00:00,Male,34,Gold,Lazada,Bangkok,137,Web,PromptPay,23,1,1,0,30-40,4.566666666666666,2.0,0.0,0.0,-1,3,4931.01,0.18,0.0,0.0,0.0,4969.35,1,0,0.0,9862.02,2,0,0.0,9862.02,2,0,0.0,9862.02,2,0,0.0,0
LGS2ORD0003531,C016584,2025-01-28 23:00:00,Male,62,Gold,Web,Bangkok,429,CallCenter,Credit_Card,23,1,1,0,>50,14.3,0.0,0.0,0.0,-1,-1,0.0,0.0,0.0,0.0,0.0,0.0,0,0,0.0,0.0,0,0,0.0,0.0,0,0,0.0,0.0,0,0,0.0,0
LGS2ORD0003532,C010454,2025-01-28 23:00:00,Male,46,Bronze,CallCenter,Khon Kaen,658,TV_Show,Credit_Card,23,1,1,0,40-50,21.933333333333334,1.0,1.0,1.0,-11,4,429.26,0.18,1.0,0.0,0.0,429.26,1,1,1.0,429.26,1,1,1.0,429.26,1,1,1.0,429.26,1,1,1.0,0
LGS2ORD0003533,C014857,2025-01-28 23:00:00,Female,69,Bronze,TV,Nakhon Ratchasima,1020,TV_Show,COD,23,1,1,0,>50,34.0,0.0,0.0,0.0,-1,-1,0.0,0.0,0.0,0.0,0.0,0.0,0,0,0.0,0.0,0,0,0.0,0.0,0,0,0.0,0.0,0,0,0.0,1
LGS2ORD0003534,C011976,2025-01-28 23:00:00,Male,64,Bronze,Shopee,Remote_Area,587,Web,COD,23,1,1,0,>50,19.566666666666666,1.0,0.0,0.0,-1,24,187.28,0.08,1.0,0.0,0.0,0.0,0,0,0.0,187.28,1,0,0.0,187.28,1,0,0.0,187.28,1,0,0.0,0
LGS2ORD0003535,C017614,2025-01-29 00:00:00,Female,24,Silver,TV,Chiang Mai,875,Shopee,COD,0,1,2,0,20-30,29.166666666666668,0.0,0.0,0.0,-1,-1,0.0,0.0,0.0,0.0,0.0,0.0,0,0,0.0,0.0,0,0,0.0,0.0,0,0,0.0,0.0,0,0,0.0,0
LGS2ORD0003536,C014589,2025-01-29 00:00:00,Female,26,Bronze,Web,Bangkok,1179,TV_Show,Bank_Transfer,0,1,2,0,20-30,39.3,0.0,0.0,0.0,-1,-1,0.0,0.0,0.0,0.0,0.0,0.0,0,0,0.0,0.0,0,0,0.0,0.0,0,0,0.0,0.0,0,0,0.0,0
LGS2ORD0003537,C015091,2025-01-29 00:00:00,Female,38,Silver,TV,Chiang Mai,513,CallCenter,COD,0,1,2,0,30-40,17.1,1.0,0.0,0.0,-1,27,10739.68,0.2,0.0,0.0,0.0,0.0,0,0,0.0,10739.68,1,0,0.0,10739.68,1,0,0.0,10739.68,1,0,0.0,0
LGS2ORD0003538,C010317,2025-01-29 00:00:00,Male,58,Silver,TV,Songkhla,1151,TV_Show,Bank_Transfer,0,1,2,0,>50,38.36666666666667,0.0,0.0,0.0,-1,-1,0.0,0.0,0.0,0.0,0.0,0.0,0,0,0.0,0.0,0,0,0.0,0.0,0,0,0.0,0.0,0,0,0.0,0
LGS2ORD0003539,C017484,2025-01-29 00:00:00,Female,51,Silver,TV,Chonburi,92,Web,COD,0,1,2,0,>50,3.066666666666667,0.0,0.0,0.0,-1,-1,0.0,0.0,0.0,0.0,0.0,0.0,0,0,0.0,0.0,0,0,0.0,0.0,0,0,0.0,0.0,0,0,0.0,0
LGS2ORD0003540,C012732,2025-01-29 01:00:00,Female,59,Silver,Lazada,Bangkok,532,Shopee,PromptPay,1,1,2,0,>50,17.733333333333334,2.0,0.0,0.0,-1,11,2665.37,0.1,0.5,0.0,0.0,0.0,0,0,0.0,5330.74,2,0,0.0,5330.74,2,0,0.0,5330.74,2,0,0.0,0
LGS2ORD0003541,C014498,2025-01-29 01:00:00,Female,53,Silver,Web,Khon Kaen,463,Lazada,COD,1,1,2,0,>50,15.433333333333334,0.0,0.0,0.0,-1,-1,0.0,0.0,0.0,0.0,0.0,0.0,0,0,0.0,0.0,0,0,0.0,0.0,0,0,0.0,0.0,0,0,0.0,0
LGS2ORD0003542,C014851,2025-01-29 01:00:00,Male,22,Silver,TV,Khon Kaen,44,CallCenter,Bank_Transfer,1,1,2,0,20-30,1.4666666666666666,0.0,0.0,0.0,-1,-1,0.0,0.0,0.0,0.0,0.0,0.0,0,0,0.0,0.0,0,0,0.0,0.0,0,0,0.0,0.0,0,0,0.0,0
LGS2ORD0003543,C011043,2025-01-29 01:00:00,Male,38,Silver,TV,Songkhla,1136,Lazada,Credit_Card,1,1,2,0,30-40,37.86666666666667,1.0,0.0,0.0,-1,20,621.68,0.2,1.0,0.0,0.0,0.0,0,0,0.0,621.68,1,0,0.0,621.68,1,0,0.0,621.68,1,0,0.0,1
LGS2ORD0003544,C016661,2025-01-29 01:00:00,Female,39,Bronze,TV,Phuket,1043,TV_Show,COD,1,1,2,0,30-40,34.766666666666666,1.0,0.0,0.0,-1,16,5454.86,0.03,0.0,0.0,0.0,0.0,0,0,0.0,5454.86,1,0,0.0,5454.86,1,0,0.0,5454.86,1,0,0.0,0
LGS2ORD0003545,C017667,2025-01-29 02:00:00,Female,41,Bronze,Shopee,Chiang Mai,314,CallCenter,Credit_Card,2,1,2,0,40-50,10.466666666666667,0.0,0.0,0.0,-1,-1,0.0,0.0,0.0,0.0,0.0,0.0,0,0,0.0,0.0,0,0,0.0,0.0,0,0,0.0,0.0,0,0,0.0,1
LGS2ORD0003546,C013356,2025-01-29 02:00:00,Female,35,Silver,Web,Bangkok,345,TV_Show,COD,2,1,2,0,30-40,11.5,1.0,0.0,0.0,-1,2,23810.51,0.05,0.0,0.0,0.0,23810.51,1,0,0.0,23810.51,1,0,0.0,23810.51,1,0,0.0,23810.51,1,0,0.0,0
LGS2ORD0003547,C014912,2025-01-29 02:00:00,Male,44,Silver,Web,Remote_Area,624,Shopee,COD,2,1,2,0,40-50,20.8,1.0,1.0,1.0,15,25,10460.71,0.15,0.0,0.0,0.0,0.0,0,0,0.0,10460.71,1,1,1.0,10460.71,1,1,1.0,10460.71,1,1,1.0,1
LGS2ORD0003548,C015865,2025-01-29 02:00:00,Female,57,Gold,Shopee,Nakhon Ratchasima,991,TV_Show,Credit_Card,2,1,2,0,>50,33.03333333333333,0.0,0.0,0.0,-1,-1,0.0,0.0,0.0,0.0,0.0,0.0,0,0,0.0,0.0,0,0,0.0,0.0,0,0,0.0,0.0,0,0,0.0,0
LGS2ORD0003549,C016678,2025-01-29 02:00:00,Female,70,Silver,TV,Khon Kaen,859,Shopee,COD,2,1,2,0,>50,28.633333333333333,1.0,1.0,1.0,-1,1,1211.69,0.3,0.0,1.0,0.0,1211.69,1,1,1.0,1211.69,1,1,1.0,1211.69,1,1,1.0,1211.69,1,1,1.0,0
LGS2ORD0003550,C015883,2025-01-29 03:00:00,Female,26,Bronze,Web,Chonburi,1204,TV_Show,Bank_Transfer,3,1,2,0,20-30,40.13333333333333,0.0,0.0,0.0,-1,-1,0.0,0.0,0.0,0.0,0.0,0.0,0,0,0.0,0.0,0,0,0.0,0.0,0,0,0.0,0.0,0,0,0.0,0
LGS2ORD0003551,C016568,2025-01-29 03:00:00,Female,56,Bronze,TV,Remote_Area,116,TV_Show,COD,3,1,2,0,>50,3.8666666666666667,4.0,2.0,0.5,-7,0,9330.075,0.23,1.0,0.25,0.0,13968.8,1,1,1.0,37320.3,4,2,0.5,37320.3,4,2,0.5,37320.3,4,2,0.5,1
LGS2ORD0003552,C011113,2025-01-29 03:00:00,Female,44,Bronze,TV,Nakhon Ratchasima,1362,Shopee,Credit_Card,3,1,2,0,40-50,45.4,0.0,0.0,0.0,-1,-1,0.0,0.0,0.0,0.0,0.0,0.0,0,0,0.0,0.0,0,0,0.0,0.0,0,0,0.0,0.0,0,0,0.0,0
LGS2ORD0003553,C011777,2025-01-29 03:00:00,Male,25,Bronze,Web,Bangkok,1233,CallCenter,PromptPay,3,1,2,0,20-30,41.1,1.0,0.0,0.0,-1,13,1846.81,0.23,1.0,1.0,0.0,0.0,0,0,0.0,1846.81,1,0,0.0,1846.81,1,0,0.0,1846.81,1,0,0.0,0
LGS2ORD0003554,C016446,2025-01-29 03:00:00,Female,28,Gold,TV,Bangkok,129,Shopee,Credit_Card,3,1,2,0,20-30,4.3,0.0,0.0,0.0,-1,-1,0.0,0.0,0.0,0.0,0.0,0.0,0,0,0.0,0.0,0,0,0.0,0.0,0,0,0.0,0.0,0,0,0.0,0
LGS2ORD0003555,C013038,2025-01-29 03:00:00,Female,36,Bronze,TV,Chiang Mai,349,CallCenter,COD,3,1,2,0,30-40,11.633333333333333,2.0,0.0,0.0,-1,17,7131.335000000001,0.23,0.5,0.5,0.0,0.0,0,0,0.0,14262.670000000002,2,0,0.0,14262.670000000002,2,0,0.0,14262.670000000002,2,0,0.0,0
LGS2ORD0003556,C016798,2025-01-29 04:00:00,Male,37,Gold,Web,Phuket,579,TV_Show,COD,4,1,2,0,30-40,19.3,0.0,0.0,0.0,-1,-1,0.0,0.0,0.0,0.0,0.0,0.0,0,0,0.0,0.0,0,0,0.0,0.0,0,0,0.0,0.0,0,0,0.0,0
LGS2ORD0003557,C017382,2025-01-29 04:00:00,Female,18,Bronze,Shopee,Chonburi,791,CallCenter,COD,4,1,2,0,<20,26.366666666666667,0.0,0.0,0.0,-1,-1,0.0,0.0,0.0,0.0,0.0,0.0,0,0,0.0,0.0,0,0,0.0,0.0,0,0,0.0,0.0,0,0,0.0,0
LGS2ORD0003558,C014087,2025-01-29 04:00:00,Female,69,Bronze,TV,Phuket,397,Web,COD,4,1,2,0,>50,13.233333333333333,0.0,0.0,0.0,-1,-1,0.0,0.0,0.0,0.0,0.0,0.0,0,0,0.0,0.0,0,0,0.0,0.0,0,0,0.0,0.0,0,0,0.0,0
LGS2ORD0003559,C012532,2025-01-29 04:00:00,Female,35,Bronze,CallCenter,Phuket,1070,CallCenter,COD,4,1,2,0,30-40,35.666666666666664,1.0,1.0,1.0,17,24,3537.77,0.18,1.0,0.0,0.0,0.0,0,0,0.0,3537.77,1,1,1.0,3537.77,1,1,1.0,3537.77,1,1,1.0,0
LGS2ORD0003560,C016345,2025-01-29 04:00:00,Female,49,Platinum,CallCenter,Nakhon Ratchasima,967,Lazada,PromptPay,4,1,2,0,40-50,32.233333333333334,0.0,0.0,0.0,-1,-1,0.0,0.0,0.0,0.0,0.0,0.0,0,0,0.0,0.0,0,0,0.0,0.0,0,0,0.0,0.0,0,0,0.0,0
LGS2ORD0003561,C017580,2025-01-29 05:00:00,Male,35,Bronze,TV,Bangkok,1217,Lazada,COD,5,1,2,0,30-40,40.56666666666667,0.0,0.0,0.0,-1,-1,0.0,0.0,0.0,0.0,0.0,0.0,0,0,0.0,0.0,0,0,0.0,0.0,0,0,0.0,0.0,0,0,0.0,0
LGS2ORD0003562,C017626,2025-01-29 05:00:00,Female,47,Gold,Web,Chiang Mai,531,Shopee,COD,5,1,2,0,40-50,17.7,1.0,0.0,0.0,-1,15,911.3,0.28,1.0,1.0,0.0,0.0,0,0,0.0,911.3,1,0,0.0,911.3,1,0,0.0,911.3,1,0,0.0,1
LGS2ORD0003563,C013214,2025-01-29 05:00:00,Male,41,Platinum,Web,Songkhla,1205,TV_Show,Bank_Transfer,5,1,2,0,40-50,40.166666666666664,0.0,0.0,0.0,-1,-1,0.0,0.0,0.0,0.0,0.0,0.0,0,0,0.0,0.0,0,0,0.0,0.0,0,0,0.0,0.0,0,0,0.0,0
LGS2ORD0003564,C017678,2025-01-29 05:00:00,Male,18,Bronze,Shopee,Remote_Area,1125,Shopee,COD,5,1,2,0,<20,37.5,0.0,0.0,0.0,-1,-1,0.0,0.0,0.0,0.0,0.0,0.0,0,0,0.0,0.0,0,0,0.0,0.0,0,0,0.0,0.0,0,0,0.0,0
LGS2ORD0003565,C012094,2025-01-29 05:00:00,Male,45,Bronze,Web,Chiang Mai,591,Web,COD,5,1,2,0,40-50,19.7,0.0,0.0,0.0,-1,-1,0.0,0.0,0.0,0.0,0.0,0.0,0,0,0.0,0.0,0,0,0.0,0.0,0,0,0.0,0.0,0,0,0.0,0
LGS2ORD0003566,C012352,2025-01-29 06:00:00,Female,41,Gold,TV,Chiang Mai,299,Web,COD,6,1,2,0,40-50,9.966666666666667,0.0,0.0,0.0,-1,-1,0.0,0.0,0.0,0.0,0.0,0.0,0,0,0.0,0.0,0,0,0.0,0.0,0,0,0.0,0.0,0,0,0.0,0
LGS2ORD0003567,C016341,2025-01-29 06:00:00,Other,36,Bronze,Web,Phuket,188,Web,COD,6,1,2,0,30-40,6.266666666666667,0.0,0.0,0.0,-1,-1,0.0,0.0,0.0,0.0,0.0,0.0,0,0,0.0,0.0,0,0,0.0,0.0,0,0,0.0,0.0,0,0,0.0,0
LGS2ORD0003568,C014927,2025-01-29 06:00:00,Male,47,Bronze,Shopee,Bangkok,236,Shopee,COD,6,1,2,0,40-50,7.866666666666666,0.0,0.0,0.0,-1,-1,0.0,0.0,0.0,0.0,0.0,0.0,0,0,0.0,0.0,0,0,0.0,0.0,0,0,0.0,0.0,0,0,0.0,0
LGS2ORD0003569,C017388,2025-01-29 06:00:00,Female,30,Silver,CallCenter,Bangkok,1475,TV_Show,COD,6,1,2,0,20-30,49.166666666666664,0.0,0.0,0.0,-1,-1,0.0,0.0,0.0,0.0,0.0,0.0,0,0,0.0,0.0,0,0,0.0,0.0,0,0,0.0,0.0,0,0,0.0,1
LGS2ORD0003570,C016996,2025-01-29 06:00:00,Female,51,Silver,Lazada,Chiang Mai,409,Shopee,Bank_Transfer,6,1,2,0,>50,13.633333333333333,1.0,0.0,0.0,-1,6,14381.88,0.2,0.0,0.0,0.0,14381.88,1,0,0.0,14381.88,1,0,0.0,14381.88,1,0,0.0,14381.88,1,0,0.0,0
LGS2ORD0003571,C015140,2025-01-29 07:00:00,Female,62,Bronze,CallCenter,Songkhla,1427,TV_Show,COD,7,1,2,0,>50,47.56666666666667,2.0,1.0,0.5,13,11,723.985,0.23,0.5,0.5,0.0,0.0,0,0,0.0,1447.97,2,1,0.5,1447.97,2,1,0.5,1447.97,2,1,0.5,0
LGS2ORD0003572,C015472,2025-01-29 07:00:00,Female,63,Bronze,Web,Nakhon Ratchasima,74,Web,COD,7,1,2,0,>50,2.466666666666667,0.0,0.0,0.0,-1,-1,0.0,0.0,0.0,0.0,0.0,0.0,0,0,0.0,0.0,0,0,0.0,0.0,0,0,0.0,0.0,0,0,0.0,0
LGS2ORD0003573,C016063,2025-01-29 07:00:00,Female,19,Gold,TV,Khon Kaen,749,TV_Show,COD,7,1,2,0,<20,24.966666666666665,0.0,0.0,0.0,-1,-1,0.0,0.0,0.0,0.0,0.0,0.0,0,0,0.0,0.0,0,0,0.0,0.0,0,0,0.0,0.0,0,0,0.0,0
LGS2ORD0003574,C014447,2025-01-29 07:00:00,Male,35,Bronze,CallCenter,Bangkok,1428,Web,COD,7,1,2,0,30-40,47.6,1.0,0.0,0.0,-1,16,2120.66,0.08,1.0,0.0,0.0,0.0,0,0,0.0,2120.66,1,0,0.0,2120.66,1,0,0.0,2120.66,1,0,0.0,0
LGS2ORD0003575,C012528,2025-01-29 07:00:00,Male,45,Gold,TV,Remote_Area,77,CallCenter,Credit_Card,7,1,2,0,40-50,2.566666666666667,0.0,0.0,0.0,-1,-1,0.0,0.0,0.0,0.0,0.0,0.0,0,0,0.0,0.0,0,0,0.0,0.0,0,0,0.0,0.0,0,0,0.0,0
LGS2ORD0003576,C017353,2025-01-29 07:00:00,Male,54,Silver,Web,Bangkok,428,TV_Show,COD,7,1,2,0,>50,14.266666666666667,1.0,1.0,1.0,10,15,1407.77,0.05,1.0,0.0,0.0,0.0,0,0,0.0,1407.77,1,1,1.0,1407.77,1,1,1.0,1407.77,1,1,1.0,0
LGS2ORD0003577,C015124,2025-01-29 08:00:00,Female,54,Bronze,TV,Nakhon Ratchasima,61,CallCenter,Credit_Card,8,1,2,0,>50,2.033333333333333,1.0,0.0,0.0,-1,22,9150.59,0.03,1.0,0.0,0.0,0.0,0,0,0.0,9150.59,1,0,0.0,9150.59,1,0,0.0,9150.59,1,0,0.0,0
LGS2ORD0003578,C012005,2025-01-29 08:00:00,Male,71,Gold,TV,Nakhon Ratchasima,1328,Shopee,Credit_Card,8,1,2,0,>50,44.266666666666666,0.0,0.0,0.0,-1,-1,0.0,0.0,0.0,0.0,0.0,0.0,0,0,0.0,0.0,0,0,0.0,0.0,0,0,0.0,0.0,0,0,0.0,0
LGS2ORD0003579,C015224,2025-01-29 08:00:00,Female,30,Bronze,Web,Nakhon Ratchasima,335,TV_Show,COD,8,1,2,0,20-30,11.166666666666666,1.0,0.0,0.0,-1,9,3822.85,0.23,1.0,1.0,0.0,0.0,0,0,0.0,3822.85,1,0,0.0,3822.85,1,0,0.0,3822.85,1,0,0.0,0
LGS2ORD0003580,C017801,2025-01-29 08:00:00,Female,50,Bronze,Shopee,Phuket,377,Shopee,Bank_Transfer,8,1,2,0,40-50,12.566666666666666,2.0,0.0,0.0,-1,12,1863.4650000000001,0.18,1.0,0.0,0.0,0.0,0,0,0.0,3726.9300000000003,2,0,0.0,3726.9300000000003,2,0,0.0,3726.9300000000003,2,0,0.0,1
LGS2ORD0003581,C012283,2025-01-29 08:00:00,Female,45,Bronze,TV,Bangkok,178,CallCenter,PromptPay,8,1,2,0,40-50,5.933333333333334,0.0,0.0,0.0,-1,-1,0.0,0.0,0.0,0.0,0.0,0.0,0,0,0.0,0.0,0,0,0.0,0.0,0,0,0.0,0.0,0,0,0.0,0
LGS2ORD0003582,C016666,2025-01-29 09:00:00,Male,37,Bronze,Lazada,Bangkok,268,Shopee,PromptPay,9,1,2,0,30-40,8.933333333333334,0.0,0.0,0.0,-1,-1,0.0,0.0,0.0,0.0,0.0,0.0,0,0,0.0,0.0,0,0,0.0,0.0,0,0,0.0,0.0,0,0,0.0,0
LGS2ORD0003583,C011547,2025-01-29 09:00:00,Male,50,Bronze,CallCenter,Bangkok,1463,TV_Show,COD,9,1,2,0,40-50,48.766666666666666,1.0,0.0,0.0,-1,25,3359.18,0.28,0.0,1.0,0.0,0.0,0,0,0.0,3359.18,1,0,0.0,3359.18,1,0,0.0,3359.18,1,0,0.0,0
LGS2ORD0003584,C017034,2025-01-29 09:00:00,Female,28,Bronze,Shopee,Songkhla,512,TV_Show,PromptPay,9,1,2,0,20-30,17.066666666666666,3.0,1.0,0.3333333333333333,13,18,3081.193333333333,0.18,0.3333333333333333,0.0,0.0,0.0,0,0,0.0,9243.58,3,1,0.3333333333333333,9243.58,3,1,0.3333333333333333,9243.58,3,1,0.3333333333333333,1
LGS2ORD0003585,C013803,2025-01-29 09:00:00,Male,54,Bronze,TV,Chonburi,1200,Lazada,Credit_Card,9,1,2,0,>50,40.0,0.0,0.0,0.0,-1,-1,0.0,0.0,0.0,0.0,0.0,0.0,0,0,0.0,0.0,0,0,0.0,0.0,0,0,0.0,0.0,0,0,0.0,1
LGS2ORD0003586,C015870,2025-01-29 09:00:00,Male,28,Bronze,TV,Bangkok,771,Web,Credit_Card,9,1,2,0,20-30,25.7,1.0,1.0,1.0,2,8,11250.88,0.08,1.0,0.0,0.0,0.0,0,0,0.0,11250.88,1,1,1.0,11250.88,1,1,1.0,11250.88,1,1,1.0,0
LGS2ORD0003587,C014734,2025-01-29 10:00:00,Female,72,Silver,Web,Bangkok,530,Web,Bank_Transfer,10,1,2,0,>50,17.666666666666668,3.0,1.0,0.3333333333333333,1,6,3817.726666666667,0.25,0.0,0.6666666666666666,0.0,6529.19,2,1,0.5,11453.18,3,1,0.3333333333333333,11453.18,3,1,0.3333333333333333,11453.18,3,1,0.3333333333333333,0
LGS2ORD0003588,C015407,2025-01-29 10:00:00,Female,56,Gold,Lazada,Songkhla,592,Lazada,COD,10,1,2,0,>50,19.733333333333334,2.0,1.0,0.5,9,4,2050.08,0.28,1.0,0.5,0.0,1915.57,1,0,0.0,4100.16,2,1,0.5,4100.16,2,1,0.5,4100.16,2,1,0.5,0
LGS2ORD0003589,C014717,2025-01-29 10:00:00,Female,56,Bronze,Lazada,Khon Kaen,1334,CallCenter,PromptPay,10,1,2,0,>50,44.46666666666667,1.0,0.0,0.0,-1,8,1544.49,0.28,0.0,1.0,0.0,0.0,0,0,0.0,1544.49,1,0,0.0,1544.49,1,0,0.0,1544.49,1,0,0.0,0
LGS2ORD0003590,C014360,2025-01-29 10:00:00,Female,49,Gold,Lazada,Chiang Mai,744,TV_Show,PromptPay,10,1,2,0,40-50,24.8,0.0,0.0,0.0,-1,-1,0.0,0.0,0.0,0.0,0.0,0.0,0,0,0.0,0.0,0,0,0.0,0.0,0,0,0.0,0.0,0,0,0.0,0
LGS2ORD0003591,C016444,2025-01-29 10:00:00,Female,21,Platinum,TV,Bangkok,207,CallCenter,COD,10,1,2,0,20-30,6.9,0.0,0.0,0.0,-1,-1,0.0,0.0,0.0,0.0,0.0,0.0,0,0,0.0,0.0,0,0,0.0,0.0,0,0,0.0,0.0,0,0,0.0,0
LGS2ORD0003592,C017691,2025-01-29 11:00:00,Female,62,Gold,Shopee,Nakhon Ratchasima,1329,Lazada,Credit_Card,11,1,2,0,>50,44.3,2.0,1.0,0.5,6,1,4065.7,0.28,0.5,1.0,0.0,4927.09,1,0,0.0,8131.4,2,1,0.5,8131.4,2,1,0.5,8131.4,2,1,0.5,0
LGS2ORD0003593,C011305,2025-01-29 11:00:00,Female,40,Silver,Web,Bangkok,44,Shopee,COD,11,1,2,0,30-40,1.4666666666666666,1.0,0.0,0.0,-1,16,11185.89,0.25,0.0,1.0,0.0,0.0,0,0,0.0,11185.89,1,0,0.0,11185.89,1,0,0.0,11185.89,1,0,0.0,0
LGS2ORD0003594,C010731,2025-01-29 11:00:00,Female,30,Silver,TV,Khon Kaen,408,Web,Credit_Card,11,1,2,0,20-30,13.6,1.0,1.0,1.0,2,7,1379.27,0.25,1.0,1.0,0.0,0.0,0,0,0.0,1379.27,1,1,1.0,1379.27,1,1,1.0,1379.27,1,1,1.0,0
LGS2ORD0003595,C016199,2025-01-29 11:00:00,Female,51,Gold,Shopee,Nakhon Ratchasima,106,TV_Show,COD,11,1,2,0,>50,3.533333333333333,0.0,0.0,0.0,-1,-1,0.0,0.0,0.0,0.0,0.0,0.0,0,0,0.0,0.0,0,0,0.0,0.0,0,0,0.0,0.0,0,0,0.0,0
LGS2ORD0003596,C012356,2025-01-29 11:00:00,Male,29,Silver,TV,Khon Kaen,670,TV_Show,Bank_Transfer,11,1,2,0,20-30,22.333333333333332,0.0,0.0,0.0,-1,-1,0.0,0.0,0.0,0.0,0.0,0.0,0,0,0.0,0.0,0,0,0.0,0.0,0,0,0.0,0.0,0,0,0.0,0
LGS2ORD0003597,C015236,2025-01-29 11:00:00,Female,18,Bronze,Web,Khon Kaen,1463,CallCenter,Bank_Transfer,11,1,2,0,<20,48.766666666666666,1.0,0.0,0.0,-1,25,18770.82,0.28,0.0,1.0,0.0,0.0,0,0,0.0,18770.82,1,0,0.0,18770.82,1,0,0.0,18770.82,1,0,0.0,1
LGS2ORD0003598,C014953,2025-01-29 12:00:00,Female,41,Gold,Web,Songkhla,1477,TV_Show,COD,12,1,2,0,40-50,49.233333333333334,0.0,0.0,0.0,-1,-1,0.0,0.0,0.0,0.0,0.0,0.0,0,0,0.0,0.0,0,0,0.0,0.0,0,0,0.0,0.0,0,0,0.0,1
LGS2ORD0003599,C015752,2025-01-29 12:00:00,Female,57,Bronze,CallCenter,Remote_Area,909,TV_Show,Credit_Card,12,1,2,0,>50,30.3,1.0,1.0,1.0,-1,7,2878.8,0.08,0.0,0.0,0.0,0.0,0,0,0.0,2878.8,1,1,1.0,2878.8,1,1,1.0,2878.8,1,1,1.0,1
LGS2ORD0003600,C012441,2025-01-29 12:00:00,Female,56,Bronze,Web,Songkhla,141,TV_Show,COD,12,1,2,0,>50,4.7,0.0,0.0,0.0,-1,-1,0.0,0.0,0.0,0.0,0.0,0.0,0,0,0.0,0.0,0,0,0.0,0.0,0,0,0.0,0.0,0,0,0.0,0
LGS2ORD0003601,C010097,2025-01-29 12:00:00,Male,39,Silver,Lazada,Chonburi,1411,Shopee,Credit_Card,12,1,2,0,30-40,47.03333333333333,1.0,0.0,0.0,-1,4,8350.8,0.25,0.0,1.0,0.0,8350.8,1,0,0.0,8350.8,1,0,0.0,8350.8,1,0,0.0,8350.8,1,0,0.0,0
LGS2ORD0003602,C016992,2025-01-29 12:00:00,Other,36,Bronze,Web,Chonburi,181,Shopee,PromptPay,12,1,2,0,30-40,6.033333333333333,0.0,0.0,0.0,-1,-1,0.0,0.0,0.0,0.0,0.0,0.0,0,0,0.0,0.0,0,0,0.0,0.0,0,0,0.0,0.0,0,0,0.0,0
LGS2ORD0003603,C015295,2025-01-29 13:00:00,Female,27,Bronze,CallCenter,Bangkok,389,CallCenter,Credit_Card,13,1,2,0,20-30,12.966666666666667,4.0,0.0,0.0,-1,2,6856.030000000001,0.23,0.75,0.25,0.0,23298.24,1,0,0.0,27424.120000000003,4,0,0.0,27424.120000000003,4,0,0.0,27424.120000000003,4,0,0.0,0
LGS2ORD0003604,C017669,2025-01-29 13:00:00,Female,33,Bronze,TV,Remote_Area,506,Shopee,COD,13,1,2,0,30-40,16.866666666666667,1.0,1.0,1.0,16,24,7551.75,0.08,0.0,0.0,0.0,0.0,0,0,0.0,7551.75,1,1,1.0,7551.75,1,1,1.0,7551.75,1,1,1.0,0
LGS2ORD0003605,C011228,2025-01-29 13:00:00,Female,55,Silver,Web,Chiang Mai,432,Lazada,Bank_Transfer,13,1,2,0,>50,14.4,0.0,0.0,0.0,-1,-1,0.0,0.0,0.0,0.0,0.0,0.0,0,0,0.0,0.0,0,0,0.0,0.0,0,0,0.0,0.0,0,0,0.0,0
LGS2ORD0003606,C016705,2025-01-29 13:00:00,Male,50,Bronze,Shopee,Bangkok,383,TV_Show,Credit_Card,13,1,2,0,40-50,12.766666666666667,1.0,0.0,0.0,-1,25,5309.3,0.18,0.0,0.0,0.0,0.0,0,0,0.0,5309.3,1,0,0.0,5309.3,1,0,0.0,5309.3,1,0,0.0,1
LGS2ORD0003607,C017607,2025-01-29 13:00:00,Other,32,Bronze,TV,Khon Kaen,191,CallCenter,Credit_Card,13,1,2,0,30-40,6.366666666666666,0.0,0.0,0.0,-1,-1,0.0,0.0,0.0,0.0,0.0,0.0,0,0,0.0,0.0,0,0,0.0,0.0,0,0,0.0,0.0,0,0,0.0,0
LGS2ORD0003608,C017948,2025-01-29 14:00:00,Male,42,Bronze,Web,Bangkok,1025,CallCenter,COD,14,1,2,0,40-50,34.166666666666664,1.0,0.0,0.0,-1,4,1029.25,0.23,1.0,1.0,0.0,1029.25,1,0,0.0,1029.25,1,0,0.0,1029.25,1,0,0.0,1029.25,1,0,0.0,0
LGS2ORD0003609,C013768,2025-01-29 14:00:00,Male,39,Platinum,Lazada,Chiang Mai,1061,TV_Show,COD,14,1,2,0,30-40,35.36666666666667,1.0,1.0,1.0,1,10,3801.56,0.25,1.0,1.0,0.0,0.0,0,0,0.0,3801.56,1,1,1.0,3801.56,1,1,1.0,3801.56,1,1,1.0,1
LGS2ORD0003610,C015613,2025-01-29 14:00:00,Male,43,Silver,TV,Chonburi,1076,Shopee,PromptPay,14,1,2,0,40-50,35.86666666666667,0.0,0.0,0.0,-1,-1,0.0,0.0,0.0,0.0,0.0,0.0,0,0,0.0,0.0,0,0,0.0,0.0,0,0,0.0,0.0,0,0,0.0,0
LGS2ORD0003611,C012331,2025-01-29 14:00:00,Female,55,Bronze,TV,Remote_Area,150,Web,Bank_Transfer,14,1,2,0,>50,5.0,0.0,0.0,0.0,-1,-1,0.0,0.0,0.0,0.0,0.0,0.0,0,0,0.0,0.0,0,0,0.0,0.0,0,0,0.0,0.0,0,0,0.0,0
LGS2ORD0003612,C013895,2025-01-29 14:00:00,Female,40,Bronze,CallCenter,Bangkok,570,Web,Credit_Card,14,1,2,0,30-40,19.0,0.0,0.0,0.0,-1,-1,0.0,0.0,0.0,0.0,0.0,0.0,0,0,0.0,0.0,0,0,0.0,0.0,0,0,0.0,0.0,0,0,0.0,1
LGS2ORD0003613,C011459,2025-01-29 15:00:00,Male,33,Platinum,CallCenter,Chiang Mai,211,TV_Show,Credit_Card,15,1,2,0,30-40,7.033333333333333,0.0,0.0,0.0,-1,-1,0.0,0.0,0.0,0.0,0.0,0.0,0,0,0.0,0.0,0,0,0.0,0.0,0,0,0.0,0.0,0,0,0.0,0
LGS2ORD0003614,C011414,2025-01-29 15:00:00,Male,51,Bronze,CallCenter,Chiang Mai,1448,CallCenter,PromptPay,15,1,2,0,>50,48.266666666666666,0.0,0.0,0.0,-1,-1,0.0,0.0,0.0,0.0,0.0,0.0,0,0,0.0,0.0,0,0,0.0,0.0,0,0,0.0,0.0,0,0,0.0,0
LGS2ORD0003615,C017976,2025-01-29 15:00:00,Female,37,Silver,TV,Chonburi,1363,Shopee,Bank_Transfer,15,1,2,0,30-40,45.43333333333333,0.0,0.0,0.0,-1,-1,0.0,0.0,0.0,0.0,0.0,0.0,0,0,0.0,0.0,0,0,0.0,0.0,0,0,0.0,0.0,0,0,0.0,0
LGS2ORD0003616,C011065,2025-01-29 15:00:00,Male,35,Platinum,Web,Chiang Mai,822,TV_Show,Bank_Transfer,15,1,2,0,30-40,27.4,0.0,0.0,0.0,-1,-1,0.0,0.0,0.0,0.0,0.0,0.0,0,0,0.0,0.0,0,0,0.0,0.0,0,0,0.0,0.0,0,0,0.0,0
LGS2ORD0003617,C015970,2025-01-29 15:00:00,Male,31,Gold,Web,Bangkok,944,CallCenter,Bank_Transfer,15,1,2,0,30-40,31.466666666666665,0.0,0.0,0.0,-1,-1,0.0,0.0,0.0,0.0,0.0,0.0,0,0,0.0,0.0,0,0,0.0,0.0,0,0,0.0,0.0,0,0,0.0,0
LGS2ORD0003618,C015911,2025-01-29 15:00:00,Male,23,Platinum,Web,Bangkok,337,TV_Show,Credit_Card,15,1,2,0,20-30,11.233333333333333,1.0,0.0,0.0,-1,24,1668.21,0.25,1.0,1.0,0.0,0.0,0,0,0.0,1668.21,1,0,0.0,1668.21,1,0,0.0,1668.21,1,0,0.0,0
LGS2ORD0003619,C010105,2025-01-29 16:00:00,Female,43,Gold,Lazada,Bangkok,1277,Shopee,COD,16,1,2,0,40-50,42.56666666666667,0.0,0.0,0.0,-1,-1,0.0,0.0,0.0,0.0,0.0,0.0,0,0,0.0,0.0,0,0,0.0,0.0,0,0,0.0,0.0,0,0,0.0,1
LGS2ORD0003620,C012132,2025-01-29 16:00:00,Female,47,Bronze,CallCenter,Bangkok,451,Lazada,COD,16,1,2,0,40-50,15.033333333333333,0.0,0.0,0.0,-1,-1,0.0,0.0,0.0,0.0,0.0,0.0,0,0,0.0,0.0,0,0,0.0,0.0,0,0,0.0,0.0,0,0,0.0,0
LGS2ORD0003621,C017351,2025-01-29 16:00:00,Female,31,Gold,Lazada,Bangkok,1301,Lazada,Credit_Card,16,1,2,0,30-40,43.36666666666667,1.0,1.0,1.0,8,20,1046.72,0.28,0.0,1.0,0.0,0.0,0,0,0.0,1046.72,1,1,1.0,1046.72,1,1,1.0,1046.72,1,1,1.0,0
LGS2ORD0003622,C011256,2025-01-29 16:00:00,Male,54,Bronze,TV,Chiang Mai,942,Web,COD,16,1,2,0,>50,31.4,2.0,1.0,0.5,-5,9,3761.6949999999997,0.28,0.5,0.5,0.0,0.0,0,0,0.0,7523.389999999999,2,1,0.5,7523.389999999999,2,1,0.5,7523.389999999999,2,1,0.5,1
LGS2ORD0003623,C013901,2025-01-29 16:00:00,Female,21,Bronze,TV,Khon Kaen,1364,TV_Show,COD,16,1,2,0,20-30,45.46666666666667,0.0,0.0,0.0,-1,-1,0.0,0.0,0.0,0.0,0.0,0.0,0,0,0.0,0.0,0,0,0.0,0.0,0,0,0.0,0.0,0,0,0.0,0
LGS2ORD0003624,C017253,2025-01-29 17:00:00,Male,18,Silver,Web,Khon Kaen,282,TV_Show,Bank_Transfer,17,1,2,0,<20,9.4,0.0,0.0,0.0,-1,-1,0.0,0.0,0.0,0.0,0.0,0.0,0,0,0.0,0.0,0,0,0.0,0.0,0,0,0.0,0.0,0,0,0.0,0
LGS2ORD0003625,C014980,2025-01-29 17:00:00,Female,58,Silver,TV,Remote_Area,334,TV_Show,Bank_Transfer,17,1,2,0,>50,11.133333333333333,0.0,0.0,0.0,-1,-1,0.0,0.0,0.0,0.0,0.0,0.0,0,0,0.0,0.0,0,0,0.0,0.0,0,0,0.0,0.0,0,0,0.0,0
LGS2ORD0003626,C014044,2025-01-29 17:00:00,Male,33,Bronze,CallCenter,Bangkok,798,CallCenter,COD,17,1,2,0,30-40,26.6,0.0,0.0,0.0,-1,-1,0.0,0.0,0.0,0.0,0.0,0.0,0,0,0.0,0.0,0,0,0.0,0.0,0,0,0.0,0.0,0,0,0.0,0
LGS2ORD0003627,C016709,2025-01-29 17:00:00,Female,46,Platinum,Shopee,Phuket,1260,Shopee,COD,17,1,2,0,40-50,42.0,0.0,0.0,0.0,-1,-1,0.0,0.0,0.0,0.0,0.0,0.0,0,0,0.0,0.0,0,0,0.0,0.0,0,0,0.0,0.0,0,0,0.0,0
LGS2ORD0003628,C017724,2025-01-29 17:00:00,Male,46,Platinum,TV,Nakhon Ratchasima,858,CallCenter,COD,17,1,2,0,40-50,28.6,0.0,0.0,0.0,-1,-1,0.0,0.0,0.0,0.0,0.0,0.0,0,0,0.0,0.0,0,0,0.0,0.0,0,0,0.0,0.0,0,0,0.0,0
LGS2ORD0003629,C018000,2025-01-29 18:00:00,Female,45,Bronze,CallCenter,Chonburi,1462,TV_Show,Bank_Transfer,18,1,2,0,40-50,48.733333333333334,0.0,0.0,0.0,-1,-1,0.0,0.0,0.0,0.0,0.0,0.0,0,0,0.0,0.0,0,0,0.0,0.0,0,0,0.0,0.0,0,0,0.0,0
LGS2ORD0003630,C017571,2025-01-29 18:00:00,Male,55,Bronze,Lazada,Songkhla,1004,Shopee,PromptPay,18,1,2,0,>50,33.46666666666667,0.0,0.0,0.0,-1,-1,0.0,0.0,0.0,0.0,0.0,0.0,0,0,0.0,0.0,0,0,0.0,0.0,0,0,0.0,0.0,0,0,0.0,1
LGS2ORD0003631,C013305,2025-01-29 18:00:00,Female,38,Bronze,Shopee,Chonburi,1300,Web,PromptPay,18,1,2,0,30-40,43.333333333333336,1.0,0.0,0.0,-1,6,2236.64,0.08,0.0,0.0,0.0,2236.64,1,0,0.0,2236.64,1,0,0.0,2236.64,1,0,0.0,2236.64,1,0,0.0,0
LGS2ORD0003632,C015622,2025-01-29 18:00:00,Female,34,Bronze,TV,Chiang Mai,114,Shopee,Credit_Card,18,1,2,0,30-40,3.8,1.0,1.0,1.0,20,22,4233.46,0.18,0.0,0.0,0.0,0.0,0,0,0.0,4233.46,1,1,1.0,4233.46,1,1,1.0,4233.46,1,1,1.0,1
LGS2ORD0003633,C017217,2025-01-29 18:00:00,Male,66,Bronze,Web,Chonburi,421,Shopee,COD,18,1,2,0,>50,14.033333333333333,2.0,1.0,0.5,-3,2,7397.875,0.28,0.5,0.5,0.0,7476.16,1,1,1.0,14795.75,2,1,0.5,14795.75,2,1,0.5,14795.75,2,1,0.5,0
LGS2ORD0003634,C012480,2025-01-29 19:00:00,Male,39,Silver,CallCenter,Bangkok,1431,Shopee,Credit_Card,19,1,2,0,30-40,47.7,1.0,0.0,0.0,-1,7,2754.29,0.25,1.0,1.0,0.0,0.0,0,0,0.0,2754.29,1,0,0.0,2754.29,1,0,0.0,2754.29,1,0,0.0,0
LGS2ORD0003635,C013315,2025-01-29 19:00:00,Female,42,Gold,Shopee,Phuket,254,TV_Show,COD,19,1,2,0,40-50,8.466666666666667,0.0,0.0,0.0,-1,-1,0.0,0.0,0.0,0.0,0.0,0.0,0,0,0.0,0.0,0,0,0.0,0.0,0,0,0.0,0.0,0,0,0.0,0
LGS2ORD0003636,C017676,2025-01-29 19:00:00,Female,37,Bronze,Lazada,Chiang Mai,999,Web,COD,19,1,2,0,30-40,33.3,1.0,0.0,0.0,-1,18,1960.45,0.03,1.0,0.0,0.0,0.0,0,0,0.0,1960.45,1,0,0.0,1960.45,1,0,0.0,1960.45,1,0,0.0,1
LGS2ORD0003637,C014276,2025-01-29 19:00:00,Male,43,Bronze,Lazada,Khon Kaen,1432,TV_Show,Credit_Card,19,1,2,0,40-50,47.733333333333334,0.0,0.0,0.0,-1,-1,0.0,0.0,0.0,0.0,0.0,0.0,0,0,0.0,0.0,0,0,0.0,0.0,0,0,0.0,0.0,0,0,0.0,0
LGS2ORD0003638,C010643,2025-01-29 19:00:00,Male,46,Bronze,TV,Bangkok,1187,TV_Show,COD,19,1,2,0,40-50,39.56666666666667,0.0,0.0,0.0,-1,-1,0.0,0.0,0.0,0.0,0.0,0.0,0,0,0.0,0.0,0,0,0.0,0.0,0,0,0.0,0.0,0,0,0.0,0
LGS2ORD0003639,C017531,2025-01-29 19:00:00,Male,27,Silver,CallCenter,Nakhon Ratchasima,634,Lazada,COD,19,1,2,0,20-30,21.133333333333333,1.0,0.0,0.0,-1,20,11186.52,0.2,0.0,0.0,0.0,0.0,0,0,0.0,11186.52,1,0,0.0,11186.52,1,0,0.0,11186.52,1,0,0.0,0
LGS2ORD0003640,C015585,2025-01-29 20:00:00,Female,60,Bronze,TV,Bangkok,507,Web,COD,20,1,2,0,>50,16.9,0.0,0.0,0.0,-1,-1,0.0,0.0,0.0,0.0,0.0,0.0,0,0,0.0,0.0,0,0,0.0,0.0,0,0,0.0,0.0,0,0,0.0,1
LGS2ORD0003641,C011689,2025-01-29 20:00:00,Female,61,Gold,Lazada,Chonburi,662,Shopee,Credit_Card,20,1,2,0,>50,22.066666666666666,1.0,1.0,1.0,3,18,1505.15,0.28,1.0,1.0,0.0,0.0,0,0,0.0,1505.15,1,1,1.0,1505.15,1,1,1.0,1505.15,1,1,1.0,0
LGS2ORD0003642,C011870,2025-01-29 20:00:00,Male,40,Silver,CallCenter,Bangkok,1451,Lazada,COD,20,1,2,0,30-40,48.36666666666667,0.0,0.0,0.0,-1,-1,0.0,0.0,0.0,0.0,0.0,0.0,0,0,0.0,0.0,0,0,0.0,0.0,0,0,0.0,0.0,0,0,0.0,0
LGS2ORD0003643,C011841,2025-01-29 20:00:00,Female,59,Gold,Shopee,Songkhla,1457,Shopee,COD,20,1,2,0,>50,48.56666666666667,0.0,0.0,0.0,-1,-1,0.0,0.0,0.0,0.0,0.0,0.0,0,0,0.0,0.0,0,0,0.0,0.0,0,0,0.0,0.0,0,0,0.0,0
LGS2ORD0003644,C010137,2025-01-29 20:00:00,Female,43,Gold,Lazada,Chiang Mai,680,Shopee,Bank_Transfer,20,1,2,0,40-50,22.666666666666668,1.0,0.0,0.0,-1,7,8898.39,0.08,1.0,0.0,0.0,0.0,0,0,0.0,8898.39,1,0,0.0,8898.39,1,0,0.0,8898.39,1,0,0.0,0
LGS2ORD0003645,C017013,2025-01-29 21:00:00,Female,42,Silver,CallCenter,Nakhon Ratchasima,1273,Web,Credit_Card,21,1,2,0,40-50,42.43333333333333,0.0,0.0,0.0,-1,-1,0.0,0.0,0.0,0.0,0.0,0.0,0,0,0.0,0.0,0,0,0.0,0.0,0,0,0.0,0.0,0,0,0.0,0
LGS2ORD0003646,C015972,2025-01-29 21:00:00,Male,46,Gold,CallCenter,Bangkok,1429,CallCenter,Credit_Card,21,1,2,0,40-50,47.63333333333333,1.0,0.0,0.0,-1,3,3298.98,0.08,0.0,0.0,0.0,3298.98,1,0,0.0,3298.98,1,0,0.0,3298.98,1,0,0.0,3298.98,1,0,0.0,0
LGS2ORD0003647,C017286,2025-01-29 21:00:00,Male,43,Silver,CallCenter,Chonburi,1274,Shopee,PromptPay,21,1,2,0,40-50,42.46666666666667,0.0,0.0,0.0,-1,-1,0.0,0.0,0.0,0.0,0.0,0.0,0,0,0.0,0.0,0,0,0.0,0.0,0,0,0.0,0.0,0,0,0.0,0
LGS2ORD0003648,C012887,2025-01-29 21:00:00,Female,57,Bronze,Shopee,Chonburi,1224,TV_Show,COD,21,1,2,0,>50,40.8,2.0,1.0,0.5,7,12,8052.525,0.18,1.0,0.0,0.0,0.0,0,0,0.0,16105.05,2,1,0.5,16105.05,2,1,0.5,16105.05,2,1,0.5,1
LGS2ORD0003649,C012025,2025-01-29 21:00:00,Male,49,Bronze,TV,Chonburi,1085,CallCenter,Credit_Card,21,1,2,0,40-50,36.166666666666664,1.0,0.0,0.0,-1,5,1221.93,0.28,0.0,1.0,0.0,1221.93,1,0,0.0,1221.93,1,0,0.0,1221.93,1,0,0.0,1221.93,1,0,0.0,0
LGS2ORD0003650,C017202,2025-01-29 22:00:00,Female,41,Bronze,Shopee,Chonburi,604,TV_Show,COD,22,1,2,0,40-50,20.133333333333333,1.0,1.0,1.0,-1,9,10507.58,0.03,1.0,0.0,0.0,0.0,0,0,0.0,10507.58,1,1,1.0,10507.58,1,1,1.0,10507.58,1,1,1.0,0
LGS2ORD0003651,C016506,2025-01-29 22:00:00,Female,45,Platinum,TV,Khon Kaen,987,Shopee,COD,22,1,2,0,40-50,32.9,0.0,0.0,0.0,-1,-1,0.0,0.0,0.0,0.0,0.0,0.0,0,0,0.0,0.0,0,0,0.0,0.0,0,0,0.0,0.0,0,0,0.0,0
LGS2ORD0003652,C017268,2025-01-29 22:00:00,Male,48,Silver,TV,Chonburi,1413,Shopee,COD,22,1,2,0,40-50,47.1,1.0,1.0,1.0,9,20,16299.51,0.2,0.0,0.0,0.0,0.0,0,0,0.0,16299.51,1,1,1.0,16299.51,1,1,1.0,16299.51,1,1,1.0,0
LGS2ORD0003653,C015556,2025-01-29 22:00:00,Female,47,Silver,Lazada,Nakhon Ratchasima,1111,Shopee,COD,22,1,2,0,40-50,37.03333333333333,0.0,0.0,0.0,-1,-1,0.0,0.0,0.0,0.0,0.0,0.0,0,0,0.0,0.0,0,0,0.0,0.0,0,0,0.0,0.0,0,0,0.0,1
LGS2ORD0003654,C016352,2025-01-29 22:00:00,Male,50,Bronze,Web,Bangkok,1476,Shopee,Credit_Card,22,1,2,0,40-50,49.2,1.0,0.0,0.0,-1,17,8433.77,0.18,0.0,0.0,0.0,0.0,0,0,0.0,8433.77,1,0,0.0,8433.77,1,0,0.0,8433.77,1,0,0.0,0
LGS2ORD0003655,C014082,2025-01-29 22:00:00,Male,72,Bronze,CallCenter,Remote_Area,972,Lazada,PromptPay,22,1,2,0,>50,32.4,0.0,0.0,0.0,-1,-1,0.0,0.0,0.0,0.0,0.0,0.0,0,0,0.0,0.0,0,0,0.0,0.0,0,0,0.0,0.0,0,0,0.0,0
LGS2ORD0003656,C010597,2025-01-29 23:00:00,Male,65,Bronze,Shopee,Bangkok,63,Lazada,Bank_Transfer,23,1,2,0,>50,2.1,1.0,0.0,0.0,-1,16,21507.68,0.08,0.0,0.0,0.0,0.0,0,0,0.0,21507.68,1,0,0.0,21507.68,1,0,0.0,21507.68,1,0,0.0,0
LGS2ORD0003657,C010456,2025-01-29 23:00:00,Female,33,Bronze,Lazada,Bangkok,1284,TV_Show,PromptPay,23,1,2,0,30-40,42.8,1.0,0.0,0.0,-1,24,1778.19,0.03,0.0,0.0,0.0,0.0,0,0,0.0,1778.19,1,0,0.0,1778.19,1,0,0.0,1778.19,1,0,0.0,1
LGS2ORD0003658,C016743,2025-01-29 23:00:00,Male,34,Silver,Web,Chiang Mai,296,Shopee,COD,23,1,2,0,30-40,9.866666666666667,0.0,0.0,0.0,-1,-1,0.0,0.0,0.0,0.0,0.0,0.0,0,0,0.0,0.0,0,0,0.0,0.0,0,0,0.0,0.0,0,0,0.0,1
LGS2ORD0003659,C017363,2025-01-29 23:00:00,Female,40,Silver,CallCenter,Khon Kaen,231,TV_Show,COD,23,1,2,0,30-40,7.7,0.0,0.0,0.0,-1,-1,0.0,0.0,0.0,0.0,0.0,0.0,0,0,0.0,0.0,0,0,0.0,0.0,0,0,0.0,0.0,0,0,0.0,1
LGS2ORD0003660,C011668,2025-01-29 23:00:00,Female,50,Gold,TV,Chiang Mai,1203,CallCenter,PromptPay,23,1,2,0,40-50,40.1,0.0,0.0,0.0,-1,-1,0.0,0.0,0.0,0.0,0.0,0.0,0,0,0.0,0.0,0,0,0.0,0.0,0,0,0.0,0.0,0,0,0.0,0
LGS2ORD0003661,C012656,2025-01-30 00:00:00,Female,29,Silver,Shopee,Bangkok,787,Shopee,Bank_Transfer,0,1,3,0,20-30,26.233333333333334,0.0,0.0,0.0,-1,-1,0.0,0.0,0.0,0.0,0.0,0.0,0,0,0.0,0.0,0,0,0.0,0.0,0,0,0.0,0.0,0,0,0.0,0
LGS2ORD0003662,C016771,2025-01-30 00:00:00,Male,49,Bronze,Lazada,Chonburi,1035,Web,Bank_Transfer,0,1,3,0,40-50,34.5,1.0,0.0,0.0,-1,25,7065.15,0.08,1.0,0.0,0.0,0.0,0,0,0.0,7065.15,1,0,0.0,7065.15,1,0,0.0,7065.15,1,0,0.0,1
LGS2ORD0003663,C012553,2025-01-30 00:00:00,Female,45,Bronze,CallCenter,Khon Kaen,317,Lazada,COD,0,1,3,0,40-50,10.566666666666666,1.0,0.0,0.0,-1,13,3365.58,0.08,1.0,0.0,0.0,0.0,0,0,0.0,3365.58,1,0,0.0,3365.58,1,0,0.0,3365.58,1,0,0.0,0
LGS2ORD0003664,C016634,2025-01-30 00:00:00,Male,52,Silver,Shopee,Chiang Mai,593,Shopee,Credit_Card,0,1,3,0,>50,19.766666666666666,2.0,1.0,0.5,0,7,2569.565,0.05,0.5,0.0,0.0,0.0,0,0,0.0,5139.13,2,1,0.5,5139.13,2,1,0.5,5139.13,2,1,0.5,0
LGS2ORD0003665,C011049,2025-01-30 00:00:00,Female,44,Bronze,Lazada,Bangkok,711,TV_Show,COD,0,1,3,0,40-50,23.7,0.0,0.0,0.0,-1,-1,0.0,0.0,0.0,0.0,0.0,0.0,0,0,0.0,0.0,0,0,0.0,0.0,0,0,0.0,0.0,0,0,0.0,1
LGS2ORD0003666,C010333,2025-01-30 01:00:00,Male,40,Silver,Web,Songkhla,479,TV_Show,Bank_Transfer,1,1,3,0,30-40,15.966666666666667,1.0,0.0,0.0,-1,6,1408.51,0.15,1.0,0.0,0.0,1408.51,1,0,0.0,1408.51,1,0,0.0,1408.51,1,0,0.0,1408.51,1,0,0.0,0
LGS2ORD0003667,C015987,2025-01-30 01:00:00,Female,61,Bronze,Web,Phuket,416,Web,Bank_Transfer,1,1,3,0,>50,13.866666666666667,0.0,0.0,0.0,-1,-1,0.0,0.0,0.0,0.0,0.0,0.0,0,0,0.0,0.0,0,0,0.0,0.0,0,0,0.0,0.0,0,0,0.0,0
LGS2ORD0003668,C011827,2025-01-30 01:00:00,Female,62,Bronze,Lazada,Bangkok,868,TV_Show,COD,1,1,3,0,>50,28.933333333333334,0.0,0.0,0.0,-1,-1,0.0,0.0,0.0,0.0,0.0,0.0,0,0,0.0,0.0,0,0,0.0,0.0,0,0,0.0,0.0,0,0,0.0,0
LGS2ORD0003669,C016785,2025-01-30 01:00:00,Female,62,Bronze,TV,Bangkok,766,Web,COD,1,1,3,0,>50,25.533333333333335,0.0,0.0,0.0,-1,-1,0.0,0.0,0.0,0.0,0.0,0.0,0,0,0.0,0.0,0,0,0.0,0.0,0,0,0.0,0.0,0,0,0.0,0
LGS2ORD0003670,C014557,2025-01-30 01:00:00,Female,58,Platinum,Lazada,Phuket,1462,Lazada,Credit_Card,1,1,3,0,>50,48.733333333333334,1.0,0.0,0.0,-1,13,4062.88,0.3,0.0,1.0,0.0,0.0,0,0,0.0,4062.88,1,0,0.0,4062.88,1,0,0.0,4062.88,1,0,0.0,0
LGS2ORD0003671,C011814,2025-01-30 02:00:00,Female,44,Gold,Web,Chonburi,1011,Shopee,PromptPay,2,1,3,0,40-50,33.7,0.0,0.0,0.0,-1,-1,0.0,0.0,0.0,0.0,0.0,0.0,0,0,0.0,0.0,0,0,0.0,0.0,0,0,0.0,0.0,0,0,0.0,0
LGS2ORD0003672,C012763,2025-01-30 02:00:00,Male,27,Bronze,Web,Chonburi,821,Shopee,Credit_Card,2,1,3,0,20-30,27.366666666666667,0.0,0.0,0.0,-1,-1,0.0,0.0,0.0,0.0,0.0,0.0,0,0,0.0,0.0,0,0,0.0,0.0,0,0,0.0,0.0,0,0,0.0,0
LGS2ORD0003673,C013601,2025-01-30 02:00:00,Male,36,Bronze,Web,Remote_Area,1367,Lazada,Credit_Card,2,1,3,0,30-40,45.56666666666667,0.0,0.0,0.0,-1,-1,0.0,0.0,0.0,0.0,0.0,0.0,0,0,0.0,0.0,0,0,0.0,0.0,0,0,0.0,0.0,0,0,0.0,0
LGS2ORD0003674,C015075,2025-01-30 02:00:00,Male,40,Bronze,Shopee,Chonburi,496,Lazada,Credit_Card,2,1,3,0,30-40,16.533333333333335,0.0,0.0,0.0,-1,-1,0.0,0.0,0.0,0.0,0.0,0.0,0,0,0.0,0.0,0,0,0.0,0.0,0,0,0.0,0.0,0,0,0.0,0
LGS2ORD0003675,C010743,2025-01-30 02:00:00,Male,44,Silver,Shopee,Songkhla,852,Lazada,Credit_Card,2,1,3,0,40-50,28.4,0.0,0.0,0.0,-1,-1,0.0,0.0,0.0,0.0,0.0,0.0,0,0,0.0,0.0,0,0,0.0,0.0,0,0,0.0,0.0,0,0,0.0,1
LGS2ORD0003676,C013397,2025-01-30 02:00:00,Female,37,Bronze,Web,Khon Kaen,1148,TV_Show,COD,2,1,3,0,30-40,38.266666666666666,0.0,0.0,0.0,-1,-1,0.0,0.0,0.0,0.0,0.0,0.0,0,0,0.0,0.0,0,0,0.0,0.0,0,0,0.0,0.0,0,0,0.0,0
LGS2ORD0003677,C013280,2025-01-30 03:00:00,Female,29,Silver,TV,Remote_Area,896,Lazada,Credit_Card,3,1,3,0,20-30,29.866666666666667,0.0,0.0,0.0,-1,-1,0.0,0.0,0.0,0.0,0.0,0.0,0,0,0.0,0.0,0,0,0.0,0.0,0,0,0.0,0.0,0,0,0.0,0
LGS2ORD0003678,C017842,2025-01-30 03:00:00,Male,20,Silver,Shopee,Bangkok,165,Lazada,COD,3,1,3,0,<20,5.5,0.0,0.0,0.0,-1,-1,0.0,0.0,0.0,0.0,0.0,0.0,0,0,0.0,0.0,0,0,0.0,0.0,0,0,0.0,0.0,0,0,0.0,0
LGS2ORD0003679,C012141,2025-01-30 03:00:00,Female,41,Platinum,Shopee,Chiang Mai,379,CallCenter,COD,3,1,3,0,40-50,12.633333333333333,0.0,0.0,0.0,-1,-1,0.0,0.0,0.0,0.0,0.0,0.0,0,0,0.0,0.0,0,0,0.0,0.0,0,0,0.0,0.0,0,0,0.0,0
LGS2ORD0003680,C017441,2025-01-30 03:00:00,Female,45,Bronze,TV,Chiang Mai,95,Shopee,Credit_Card,3,1,3,0,40-50,3.1666666666666665,1.0,0.0,0.0,-1,26,1249.31,0.08,0.0,0.0,0.0,0.0,0,0,0.0,1249.31,1,0,0.0,1249.31,1,0,0.0,1249.31,1,0,0.0,0
LGS2ORD0003681,C015418,2025-01-30 03:00:00,Male,50,Silver,Web,Remote_Area,259,CallCenter,Credit_Card,3,1,3,0,40-50,8.633333333333333,0.0,0.0,0.0,-1,-1,0.0,0.0,0.0,0.0,0.0,0.0,0,0,0.0,0.0,0,0,0.0,0.0,0,0,0.0,0.0,0,0,0.0,0
LGS2ORD0003682,C013796,2025-01-30 04:00:00,Male,53,Bronze,Shopee,Khon Kaen,88,Lazada,Bank_Transfer,4,1,3,0,>50,2.933333333333333,0.0,0.0,0.0,-1,-1,0.0,0.0,0.0,0.0,0.0,0.0,0,0,0.0,0.0,0,0,0.0,0.0,0,0,0.0,0.0,0,0,0.0,0
LGS2ORD0003683,C015009,2025-01-30 04:00:00,Female,58,Bronze,Lazada,Bangkok,795,TV_Show,Credit_Card,4,1,3,0,>50,26.5,0.0,0.0,0.0,-1,-1,0.0,0.0,0.0,0.0,0.0,0.0,0,0,0.0,0.0,0,0,0.0,0.0,0,0,0.0,0.0,0,0,0.0,0
LGS2ORD0003684,C010797,2025-01-30 04:00:00,Female,31,Gold,CallCenter,Khon Kaen,1314,Web,COD,4,1,3,0,30-40,43.8,0.0,0.0,0.0,-1,-1,0.0,0.0,0.0,0.0,0.0,0.0,0,0,0.0,0.0,0,0,0.0,0.0,0,0,0.0,0.0,0,0,0.0,1
LGS2ORD0003685,C015069,2025-01-30 04:00:00,Female,44,Silver,Web,Chiang Mai,573,Shopee,COD,4,1,3,0,40-50,19.1,1.0,0.0,0.0,-1,13,402.03,0.3,0.0,1.0,0.0,0.0,0,0,0.0,402.03,1,0,0.0,402.03,1,0,0.0,402.03,1,0,0.0,1
LGS2ORD0003686,C015754,2025-01-30 04:00:00,Female,69,Bronze,CallCenter,Songkhla,1054,Shopee,Bank_Transfer,4,1,3,0,>50,35.13333333333333,0.0,0.0,0.0,-1,-1,0.0,0.0,0.0,0.0,0.0,0.0,0,0,0.0,0.0,0,0,0.0,0.0,0,0,0.0,0.0,0,0,0.0,1
LGS2ORD0003687,C011446,2025-01-30 05:00:00,Male,33,Gold,TV,Chiang Mai,1228,TV_Show,COD,5,1,3,0,30-40,40.93333333333333,0.0,0.0,0.0,-1,-1,0.0,0.0,0.0,0.0,0.0,0.0,0,0,0.0,0.0,0,0,0.0,0.0,0,0,0.0,0.0,0,0,0.0,0
LGS2ORD0003688,C017935,2025-01-30 05:00:00,Female,54,Bronze,Web,Phuket,839,CallCenter,COD,5,1,3,0,>50,27.966666666666665,0.0,0.0,0.0,-1,-1,0.0,0.0,0.0,0.0,0.0,0.0,0,0,0.0,0.0,0,0,0.0,0.0,0,0,0.0,0.0,0,0,0.0,0
LGS2ORD0003689,C013685,2025-01-30 05:00:00,Male,42,Bronze,Shopee,Khon Kaen,1003,Shopee,Credit_Card,5,1,3,0,40-50,33.43333333333333,1.0,0.0,0.0,-1,20,9464.21,0.08,0.0,0.0,0.0,0.0,0,0,0.0,9464.21,1,0,0.0,9464.21,1,0,0.0,9464.21,1,0,0.0,0
LGS2ORD0003690,C017150,2025-01-30 05:00:00,Female,52,Gold,Web,Chonburi,200,TV_Show,Credit_Card,5,1,3,0,>50,6.666666666666667,3.0,0.0,0.0,-1,2,6245.203333333334,0.28,0.3333333333333333,0.6666666666666666,0.0,825.55,1,0,0.0,18735.61,3,0,0.0,18735.61,3,0,0.0,18735.61,3,0,0.0,0
LGS2ORD0003691,C010662,2025-01-30 05:00:00,Male,50,Bronze,TV,Songkhla,331,CallCenter,Credit_Card,5,1,3,0,40-50,11.033333333333333,1.0,1.0,1.0,-8,3,2178.86,0.03,1.0,0.0,0.0,2178.86,1,1,1.0,2178.86,1,1,1.0,2178.86,1,1,1.0,2178.86,1,1,1.0,0
LGS2ORD0003692,C014068,2025-01-30 06:00:00,Female,33,Silver,TV,Bangkok,135,Shopee,Credit_Card,6,1,3,0,30-40,4.5,0.0,0.0,0.0,-1,-1,0.0,0.0,0.0,0.0,0.0,0.0,0,0,0.0,0.0,0,0,0.0,0.0,0,0,0.0,0.0,0,0,0.0,1
LGS2ORD0003693,C012540,2025-01-30 06:00:00,Female,52,Silver,Web,Songkhla,318,CallCenter,COD,6,1,3,0,>50,10.6,0.0,0.0,0.0,-1,-1,0.0,0.0,0.0,0.0,0.0,0.0,0,0,0.0,0.0,0,0,0.0,0.0,0,0,0.0,0.0,0,0,0.0,0
LGS2ORD0003694,C011465,2025-01-30 06:00:00,Female,69,Silver,Web,Phuket,233,Lazada,PromptPay,6,1,3,0,>50,7.766666666666667,0.0,0.0,0.0,-1,-1,0.0,0.0,0.0,0.0,0.0,0.0,0,0,0.0,0.0,0,0,0.0,0.0,0,0,0.0,0.0,0,0,0.0,0
LGS2ORD0003695,C016859,2025-01-30 06:00:00,Male,50,Silver,Shopee,Phuket,1031,TV_Show,COD,6,1,3,0,40-50,34.36666666666667,0.0,0.0,0.0,-1,-1,0.0,0.0,0.0,0.0,0.0,0.0,0,0,0.0,0.0,0,0,0.0,0.0,0,0,0.0,0.0,0,0,0.0,1
LGS2ORD0003696,C014629,2025-01-30 06:00:00,Female,45,Bronze,Shopee,Bangkok,80,Web,COD,6,1,3,0,40-50,2.6666666666666665,0.0,0.0,0.0,-1,-1,0.0,0.0,0.0,0.0,0.0,0.0,0,0,0.0,0.0,0,0,0.0,0.0,0,0,0.0,0.0,0,0,0.0,0
LGS2ORD0003697,C013525,2025-01-30 06:00:00,Female,23,Silver,Shopee,Bangkok,627,TV_Show,Credit_Card,6,1,3,0,20-30,20.9,1.0,0.0,0.0,-1,22,3009.26,0.25,1.0,1.0,0.0,0.0,0,0,0.0,3009.26,1,0,0.0,3009.26,1,0,0.0,3009.26,1,0,0.0,0
LGS2ORD0003698,C016305,2025-01-30 07:00:00,Other,43,Gold,Shopee,Bangkok,498,Lazada,Credit_Card,7,1,3,0,40-50,16.6,0.0,0.0,0.0,-1,-1,0.0,0.0,0.0,0.0,0.0,0.0,0,0,0.0,0.0,0,0,0.0,0.0,0,0,0.0,0.0,0,0,0.0,0
LGS2ORD0003699,C013057,2025-01-30 07:00:00,Male,35,Platinum,Lazada,Bangkok,307,TV_Show,COD,7,1,3,0,30-40,10.233333333333333,0.0,0.0,0.0,-1,-1,0.0,0.0,0.0,0.0,0.0,0.0,0,0,0.0,0.0,0,0,0.0,0.0,0,0,0.0,0.0,0,0,0.0,0
LGS2ORD0003700,C012377,2025-01-30 07:00:00,Male,36,Silver,Shopee,Remote_Area,73,Shopee,Bank_Transfer,7,1,3,0,30-40,2.433333333333333,0.0,0.0,0.0,-1,-1,0.0,0.0,0.0,0.0,0.0,0.0,0,0,0.0,0.0,0,0,0.0,0.0,0,0,0.0,0.0,0,0,0.0,0
LGS2ORD0003701,C016507,2025-01-30 07:00:00,Female,41,Bronze,TV,Chonburi,375,Web,COD,7,1,3,0,40-50,12.5,0.0,0.0,0.0,-1,-1,0.0,0.0,0.0,0.0,0.0,0.0,0,0,0.0,0.0,0,0,0.0,0.0,0,0,0.0,0.0,0,0,0.0,1
LGS2ORD0003702,C015276,2025-01-30 07:00:00,Female,51,Silver,Web,Songkhla,361,Shopee,Credit_Card,7,1,3,0,>50,12.033333333333333,0.0,0.0,0.0,-1,-1,0.0,0.0,0.0,0.0,0.0,0.0,0,0,0.0,0.0,0,0,0.0,0.0,0,0,0.0,0.0,0,0,0.0,0
LGS2ORD0003703,C011267,2025-01-30 08:00:00,Female,48,Gold,TV,Bangkok,1074,TV_Show,Bank_Transfer,8,1,3,0,40-50,35.8,0.0,0.0,0.0,-1,-1,0.0,0.0,0.0,0.0,0.0,0.0,0,0,0.0,0.0,0,0,0.0,0.0,0,0,0.0,0.0,0,0,0.0,1
LGS2ORD0003704,C016678,2025-01-30 08:00:00,Female,70,Silver,TV,Khon Kaen,860,Shopee,COD,8,1,3,0,>50,28.666666666666668,2.0,1.0,0.5,0,1,763.6,0.3,0.5,1.0,0.0,1527.2,2,1,0.5,1527.2,2,1,0.5,1527.2,2,1,0.5,1527.2,2,1,0.5,0
LGS2ORD0003705,C010928,2025-01-30 08:00:00,Female,36,Silver,Web,Bangkok,252,TV_Show,Bank_Transfer,8,1,3,0,30-40,8.4,0.0,0.0,0.0,-1,-1,0.0,0.0,0.0,0.0,0.0,0.0,0,0,0.0,0.0,0,0,0.0,0.0,0,0,0.0,0.0,0,0,0.0,0
LGS2ORD0003706,C011310,2025-01-30 08:00:00,Female,43,Bronze,Shopee,Remote_Area,1456,Lazada,Credit_Card,8,1,3,0,40-50,48.53333333333333,0.0,0.0,0.0,-1,-1,0.0,0.0,0.0,0.0,0.0,0.0,0,0,0.0,0.0,0,0,0.0,0.0,0,0,0.0,0.0,0,0,0.0,0
LGS2ORD0003707,C013058,2025-01-30 08:00:00,Female,24,Bronze,CallCenter,Chonburi,1436,Shopee,COD,8,1,3,0,20-30,47.86666666666667,0.0,0.0,0.0,-1,-1,0.0,0.0,0.0,0.0,0.0,0.0,0,0,0.0,0.0,0,0,0.0,0.0,0,0,0.0,0.0,0,0,0.0,0
LGS2ORD0003708,C012416,2025-01-30 09:00:00,Male,29,Silver,Web,Songkhla,525,Web,Bank_Transfer,9,1,3,0,20-30,17.5,0.0,0.0,0.0,-1,-1,0.0,0.0,0.0,0.0,0.0,0.0,0,0,0.0,0.0,0,0,0.0,0.0,0,0,0.0,0.0,0,0,0.0,1
LGS2ORD0003709,C015842,2025-01-30 09:00:00,Male,31,Gold,Web,Bangkok,1065,Web,COD,9,1,3,0,30-40,35.5,0.0,0.0,0.0,-1,-1,0.0,0.0,0.0,0.0,0.0,0.0,0,0,0.0,0.0,0,0,0.0,0.0,0,0,0.0,0.0,0,0,0.0,1
LGS2ORD0003710,C013026,2025-01-30 09:00:00,Male,63,Bronze,Shopee,Bangkok,1469,Lazada,PromptPay,9,1,3,0,>50,48.96666666666667,0.0,0.0,0.0,-1,-1,0.0,0.0,0.0,0.0,0.0,0.0,0,0,0.0,0.0,0,0,0.0,0.0,0,0,0.0,0.0,0,0,0.0,0
LGS2ORD0003711,C015699,2025-01-30 09:00:00,Female,30,Silver,TV,Bangkok,749,CallCenter,Credit_Card,9,1,3,0,20-30,24.966666666666665,0.0,0.0,0.0,-1,-1,0.0,0.0,0.0,0.0,0.0,0.0,0,0,0.0,0.0,0,0,0.0,0.0,0,0,0.0,0.0,0,0,0.0,0
LGS2ORD0003712,C016749,2025-01-30 09:00:00,Male,22,Bronze,TV,Songkhla,291,Web,Credit_Card,9,1,3,0,20-30,9.7,1.0,0.0,0.0,-1,16,1175.73,0.03,1.0,0.0,0.0,0.0,0,0,0.0,1175.73,1,0,0.0,1175.73,1,0,0.0,1175.73,1,0,0.0,0
LGS2ORD0003713,C012050,2025-01-30 10:00:00,Male,40,Bronze,Web,Bangkok,292,CallCenter,COD,10,1,3,0,30-40,9.733333333333333,0.0,0.0,0.0,-1,-1,0.0,0.0,0.0,0.0,0.0,0.0,0,0,0.0,0.0,0,0,0.0,0.0,0,0,0.0,0.0,0,0,0.0,0
LGS2ORD0003714,C014104,2025-01-30 10:00:00,Female,37,Platinum,Web,Bangkok,95,TV_Show,Credit_Card,10,1,3,0,30-40,3.1666666666666665,0.0,0.0,0.0,-1,-1,0.0,0.0,0.0,0.0,0.0,0.0,0,0,0.0,0.0,0,0,0.0,0.0,0,0,0.0,0.0,0,0,0.0,0
LGS2ORD0003715,C014503,2025-01-30 10:00:00,Male,44,Gold,Shopee,Khon Kaen,645,TV_Show,PromptPay,10,1,3,0,40-50,21.5,1.0,0.0,0.0,-1,7,34486.66,0.08,0.0,0.0,0.0,0.0,0,0,0.0,34486.66,1,0,0.0,34486.66,1,0,0.0,34486.66,1,0,0.0,0
LGS2ORD0003716,C014618,2025-01-30 10:00:00,Male,43,Platinum,TV,Chonburi,1021,TV_Show,COD,10,1,3,0,40-50,34.03333333333333,1.0,0.0,0.0,-1,3,598.35,0.1,1.0,0.0,0.0,598.35,1,0,0.0,598.35,1,0,0.0,598.35,1,0,0.0,598.35,1,0,0.0,0
LGS2ORD0003717,C012202,2025-01-30 10:00:00,Female,41,Silver,TV,Chiang Mai,1208,Shopee,COD,10,1,3,0,40-50,40.266666666666666,1.0,0.0,0.0,-1,11,6718.22,0.05,1.0,0.0,0.0,0.0,0,0,0.0,6718.22,1,0,0.0,6718.22,1,0,0.0,6718.22,1,0,0.0,1
LGS2ORD0003718,C015134,2025-01-30 10:00:00,Female,37,Bronze,CallCenter,Khon Kaen,373,Lazada,COD,10,1,3,0,30-40,12.433333333333334,0.0,0.0,0.0,-1,-1,0.0,0.0,0.0,0.0,0.0,0.0,0,0,0.0,0.0,0,0,0.0,0.0,0,0,0.0,0.0,0,0,0.0,0
LGS2ORD0003719,C012700,2025-01-30 11:00:00,Male,34,Platinum,TV,Chiang Mai,384,Lazada,COD,11,1,3,0,30-40,12.8,0.0,0.0,0.0,-1,-1,0.0,0.0,0.0,0.0,0.0,0.0,0,0,0.0,0.0,0,0,0.0,0.0,0,0,0.0,0.0,0,0,0.0,1
LGS2ORD0003720,C011842,2025-01-30 11:00:00,Other,36,Bronze,TV,Khon Kaen,1415,Web,COD,11,1,3,0,30-40,47.166666666666664,0.0,0.0,0.0,-1,-1,0.0,0.0,0.0,0.0,0.0,0.0,0,0,0.0,0.0,0,0,0.0,0.0,0,0,0.0,0.0,0,0,0.0,0
LGS2ORD0003721,C015532,2025-01-30 11:00:00,Male,58,Bronze,Web,Remote_Area,344,Lazada,Bank_Transfer,11,1,3,0,>50,11.466666666666667,2.0,1.0,0.5,15,11,4858.370000000001,0.28,0.0,0.5,0.0,0.0,0,0,0.0,9716.740000000002,2,1,0.5,9716.740000000002,2,1,0.5,9716.740000000002,2,1,0.5,0
LGS2ORD0003722,C010393,2025-01-30 11:00:00,Male,51,Bronze,Web,Remote_Area,974,Lazada,COD,11,1,3,0,>50,32.46666666666667,0.0,0.0,0.0,-1,-1,0.0,0.0,0.0,0.0,0.0,0.0,0,0,0.0,0.0,0,0,0.0,0.0,0,0,0.0,0.0,0,0,0.0,0
LGS2ORD0003723,C017854,2025-01-30 11:00:00,Male,69,Silver,Shopee,Remote_Area,852,Shopee,COD,11,1,3,0,>50,28.4,0.0,0.0,0.0,-1,-1,0.0,0.0,0.0,0.0,0.0,0.0,0,0,0.0,0.0,0,0,0.0,0.0,0,0,0.0,0.0,0,0,0.0,1
LGS2ORD0003724,C013301,2025-01-30 12:00:00,Female,42,Bronze,Web,Nakhon Ratchasima,1044,TV_Show,Bank_Transfer,12,1,3,0,40-50,34.8,2.0,0.0,0.0,-1,14,4125.1,0.18,0.5,0.0,0.0,0.0,0,0,0.0,8250.2,2,0,0.0,8250.2,2,0,0.0,8250.2,2,0,0.0,0
LGS2ORD0003725,C014797,2025-01-30 12:00:00,Male,18,Bronze,Lazada,Phuket,181,Lazada,Credit_Card,12,1,3,0,<20,6.033333333333333,1.0,1.0,1.0,8,16,1632.65,0.08,1.0,0.0,0.0,0.0,0,0,0.0,1632.65,1,1,1.0,1632.65,1,1,1.0,1632.65,1,1,1.0,0
LGS2ORD0003726,C011358,2025-01-30 12:00:00,Male,27,Silver,Lazada,Bangkok,557,Shopee,COD,12,1,3,0,20-30,18.566666666666666,0.0,0.0,0.0,-1,-1,0.0,0.0,0.0,0.0,0.0,0.0,0,0,0.0,0.0,0,0,0.0,0.0,0,0,0.0,0.0,0,0,0.0,0
LGS2ORD0003727,C017486,2025-01-30 12:00:00,Other,54,Bronze,TV,Remote_Area,1119,Web,Bank_Transfer,12,1,3,0,>50,37.3,1.0,0.0,0.0,-1,17,1895.86,0.13,0.0,0.0,0.0,0.0,0,0,0.0,1895.86,1,0,0.0,1895.86,1,0,0.0,1895.86,1,0,0.0,1
LGS2ORD0003728,C011503,2025-01-30 12:00:00,Female,72,Bronze,Shopee,Khon Kaen,1360,CallCenter,Bank_Transfer,12,1,3,0,>50,45.333333333333336,0.0,0.0,0.0,-1,-1,0.0,0.0,0.0,0.0,0.0,0.0,0,0,0.0,0.0,0,0,0.0,0.0,0,0,0.0,0.0,0,0,0.0,0
LGS2ORD0003729,C015018,2025-01-30 13:00:00,Male,37,Gold,TV,Phuket,1412,Web,Credit_Card,13,1,3,0,30-40,47.06666666666667,0.0,0.0,0.0,-1,-1,0.0,0.0,0.0,0.0,0.0,0.0,0,0,0.0,0.0,0,0,0.0,0.0,0,0,0.0,0.0,0,0,0.0,0
LGS2ORD0003730,C011182,2025-01-30 13:00:00,Female,31,Silver,Lazada,Remote_Area,1296,CallCenter,Bank_Transfer,13,1,3,0,30-40,43.2,1.0,0.0,0.0,-1,3,23443.88,0.3,0.0,1.0,0.0,23443.88,1,0,0.0,23443.88,1,0,0.0,23443.88,1,0,0.0,23443.88,1,0,0.0,0
LGS2ORD0003731,C010785,2025-01-30 13:00:00,Male,48,Silver,Lazada,Bangkok,457,Shopee,COD,13,1,3,0,40-50,15.233333333333333,0.0,0.0,0.0,-1,-1,0.0,0.0,0.0,0.0,0.0,0.0,0,0,0.0,0.0,0,0,0.0,0.0,0,0,0.0,0.0,0,0,0.0,0
LGS2ORD0003732,C016538,2025-01-30 13:00:00,Other,42,Gold,Shopee,Khon Kaen,1294,Lazada,Credit_Card,13,1,3,0,40-50,43.13333333333333,1.0,0.0,0.0,-1,2,1366.86,0.08,0.0,0.0,0.0,1366.86,1,0,0.0,1366.86,1,0,0.0,1366.86,1,0,0.0,1366.86,1,0,0.0,0
LGS2ORD0003733,C016469,2025-01-30 13:00:00,Male,40,Silver,TV,Chiang Mai,1335,CallCenter,COD,13,1,3,0,30-40,44.5,1.0,1.0,1.0,16,28,1537.78,0.1,0.0,0.0,0.0,0.0,0,0,0.0,1537.78,1,1,1.0,1537.78,1,1,1.0,1537.78,1,1,1.0,1
LGS2ORD0003734,C011773,2025-01-30 14:00:00,Female,32,Bronze,Web,Songkhla,402,CallCenter,Credit_Card,14,1,3,0,30-40,13.4,0.0,0.0,0.0,-1,-1,0.0,0.0,0.0,0.0,0.0,0.0,0,0,0.0,0.0,0,0,0.0,0.0,0,0,0.0,0.0,0,0,0.0,0
LGS2ORD0003735,C010401,2025-01-30 14:00:00,Female,37,Bronze,Lazada,Phuket,1148,TV_Show,COD,14,1,3,0,30-40,38.266666666666666,0.0,0.0,0.0,-1,-1,0.0,0.0,0.0,0.0,0.0,0.0,0,0,0.0,0.0,0,0,0.0,0.0,0,0,0.0,0.0,0,0,0.0,1
LGS2ORD0003736,C012165,2025-01-30 14:00:00,Male,29,Bronze,Shopee,Phuket,658,CallCenter,Credit_Card,14,1,3,0,20-30,21.933333333333334,2.0,1.0,0.5,8,4,2760.2200000000003,0.28,1.0,0.5,0.0,2034.54,1,0,0.0,5520.4400000000005,2,1,0.5,5520.4400000000005,2,1,0.5,5520.4400000000005,2,1,0.5,0
LGS2ORD0003737,C013745,2025-01-30 14:00:00,Female,59,Bronze,Web,Bangkok,722,TV_Show,PromptPay,14,1,3,0,>50,24.066666666666666,0.0,0.0,0.0,-1,-1,0.0,0.0,0.0,0.0,0.0,0.0,0,0,0.0,0.0,0,0,0.0,0.0,0,0,0.0,0.0,0,0,0.0,0
LGS2ORD0003738,C015489,2025-01-30 14:00:00,Female,28,Gold,Web,Bangkok,188,CallCenter,COD,14,1,3,0,20-30,6.266666666666667,0.0,0.0,0.0,-1,-1,0.0,0.0,0.0,0.0,0.0,0.0,0,0,0.0,0.0,0,0,0.0,0.0,0,0,0.0,0.0,0,0,0.0,1
LGS2ORD0003739,C010137,2025-01-30 14:00:00,Female,43,Gold,Lazada,Chiang Mai,681,TV_Show,COD,14,1,3,0,40-50,22.7,2.0,0.0,0.0,-1,0,5686.54,0.18,0.5,0.0,0.0,2474.69,1,0,0.0,11373.08,2,0,0.0,11373.08,2,0,0.0,11373.08,2,0,0.0,0
LGS2ORD0003740,C014356,2025-01-30 15:00:00,Male,24,Bronze,CallCenter,Remote_Area,250,Web,COD,15,1,3,0,20-30,8.333333333333334,0.0,0.0,0.0,-1,-1,0.0,0.0,0.0,0.0,0.0,0.0,0,0,0.0,0.0,0,0,0.0,0.0,0,0,0.0,0.0,0,0,0.0,1
LGS2ORD0003741,C011295,2025-01-30 15:00:00,Female,44,Silver,Lazada,Bangkok,342,TV_Show,Credit_Card,15,1,3,0,40-50,11.4,0.0,0.0,0.0,-1,-1,0.0,0.0,0.0,0.0,0.0,0.0,0,0,0.0,0.0,0,0,0.0,0.0,0,0,0.0,0.0,0,0,0.0,0
LGS2ORD0003742,C014124,2025-01-30 15:00:00,Female,45,Bronze,Shopee,Remote_Area,1154,Shopee,COD,15,1,3,0,40-50,38.46666666666667,1.0,0.0,0.0,-1,8,3357.96,0.18,0.0,0.0,0.0,0.0,0,0,0.0,3357.96,1,0,0.0,3357.96,1,0,0.0,3357.96,1,0,0.0,0
LGS2ORD0003743,C015994,2025-01-30 15:00:00,Male,23,Bronze,Shopee,Khon Kaen,1477,Shopee,Credit_Card,15,1,3,0,20-30,49.233333333333334,0.0,0.0,0.0,-1,-1,0.0,0.0,0.0,0.0,0.0,0.0,0,0,0.0,0.0,0,0,0.0,0.0,0,0,0.0,0.0,0,0,0.0,0
LGS2ORD0003744,C012423,2025-01-30 15:00:00,Female,57,Bronze,CallCenter,Remote_Area,815,TV_Show,Credit_Card,15,1,3,0,>50,27.166666666666668,0.0,0.0,0.0,-1,-1,0.0,0.0,0.0,0.0,0.0,0.0,0,0,0.0,0.0,0,0,0.0,0.0,0,0,0.0,0.0,0,0,0.0,0
LGS2ORD0003745,C014093,2025-01-30 16:00:00,Female,54,Bronze,TV,Bangkok,339,Lazada,COD,16,1,3,0,>50,11.3,0.0,0.0,0.0,-1,-1,0.0,0.0,0.0,0.0,0.0,0.0,0,0,0.0,0.0,0,0,0.0,0.0,0,0,0.0,0.0,0,0,0.0,1
LGS2ORD0003746,C015526,2025-01-30 16:00:00,Female,54,Bronze,Lazada,Chonburi,334,Shopee,Bank_Transfer,16,1,3,0,>50,11.133333333333333,0.0,0.0,0.0,-1,-1,0.0,0.0,0.0,0.0,0.0,0.0,0,0,0.0,0.0,0,0,0.0,0.0,0,0,0.0,0.0,0,0,0.0,0
LGS2ORD0003747,C015418,2025-01-30 16:00:00,Male,50,Silver,Web,Remote_Area,259,Shopee,COD,16,1,3,0,40-50,8.633333333333333,1.0,0.0,0.0,-1,0,1482.57,0.05,0.0,0.0,0.0,1482.57,1,0,0.0,1482.57,1,0,0.0,1482.57,1,0,0.0,1482.57,1,0,0.0,1
LGS2ORD0003748,C016744,2025-01-30 16:00:00,Female,27,Bronze,Web,Khon Kaen,1286,Lazada,COD,16,1,3,0,20-30,42.86666666666667,0.0,0.0,0.0,-1,-1,0.0,0.0,0.0,0.0,0.0,0.0,0,0,0.0,0.0,0,0,0.0,0.0,0,0,0.0,0.0,0,0,0.0,0
LGS2ORD0003749,C017542,2025-01-30 16:00:00,Female,45,Bronze,TV,Chiang Mai,101,Lazada,COD,16,1,3,0,40-50,3.3666666666666667,0.0,0.0,0.0,-1,-1,0.0,0.0,0.0,0.0,0.0,0.0,0,0,0.0,0.0,0,0,0.0,0.0,0,0,0.0,0.0,0,0,0.0,1
LGS2ORD0003750,C013815,2025-01-30 17:00:00,Female,18,Bronze,TV,Bangkok,1221,CallCenter,Credit_Card,17,1,3,0,<20,40.7,0.0,0.0,0.0,-1,-1,0.0,0.0,0.0,0.0,0.0,0.0,0,0,0.0,0.0,0,0,0.0,0.0,0,0,0.0,0.0,0,0,0.0,0
LGS2ORD0003751,C012374,2025-01-30 17:00:00,Male,40,Bronze,Lazada,Remote_Area,368,Shopee,COD,17,1,3,0,30-40,12.266666666666667,0.0,0.0,0.0,-1,-1,0.0,0.0,0.0,0.0,0.0,0.0,0,0,0.0,0.0,0,0,0.0,0.0,0,0,0.0,0.0,0,0,0.0,1
LGS2ORD0003752,C011787,2025-01-30 17:00:00,Female,46,Silver,Web,Bangkok,1291,CallCenter,COD,17,1,3,0,40-50,43.03333333333333,0.0,0.0,0.0,-1,-1,0.0,0.0,0.0,0.0,0.0,0.0,0,0,0.0,0.0,0,0,0.0,0.0,0,0,0.0,0.0,0,0,0.0,1
LGS2ORD0003753,C013797,2025-01-30 17:00:00,Female,45,Platinum,Shopee,Bangkok,1235,TV_Show,Credit_Card,17,1,3,0,40-50,41.166666666666664,1.0,0.0,0.0,-1,17,10324.94,0.1,0.0,0.0,0.0,0.0,0,0,0.0,10324.94,1,0,0.0,10324.94,1,0,0.0,10324.94,1,0,0.0,0
LGS2ORD0003754,C011598,2025-01-30 17:00:00,Female,29,Silver,TV,Remote_Area,232,TV_Show,COD,17,1,3,0,20-30,7.733333333333333,0.0,0.0,0.0,-1,-1,0.0,0.0,0.0,0.0,0.0,0.0,0,0,0.0,0.0,0,0,0.0,0.0,0,0,0.0,0.0,0,0,0.0,0
LGS2ORD0003755,C016526,2025-01-30 17:00:00,Female,57,Silver,Lazada,Khon Kaen,95,CallCenter,COD,17,1,3,0,>50,3.1666666666666665,1.0,0.0,0.0,-1,24,7864.06,0.05,0.0,0.0,0.0,0.0,0,0,0.0,7864.06,1,0,0.0,7864.06,1,0,0.0,7864.06,1,0,0.0,0
LGS2ORD0003756,C010995,2025-01-30 18:00:00,Male,42,Silver,Shopee,Khon Kaen,1017,TV_Show,Credit_Card,18,1,3,0,40-50,33.9,0.0,0.0,0.0,-1,-1,0.0,0.0,0.0,0.0,0.0,0.0,0,0,0.0,0.0,0,0,0.0,0.0,0,0,0.0,0.0,0,0,0.0,0
LGS2ORD0003757,C015216,2025-01-30 18:00:00,Female,45,Bronze,TV,Chiang Mai,643,Web,Credit_Card,18,1,3,0,40-50,21.433333333333334,0.0,0.0,0.0,-1,-1,0.0,0.0,0.0,0.0,0.0,0.0,0,0,0.0,0.0,0,0,0.0,0.0,0,0,0.0,0.0,0,0,0.0,0
LGS2ORD0003758,C011609,2025-01-30 18:00:00,Male,63,Silver,TV,Bangkok,1215,Lazada,COD,18,1,3,0,>50,40.5,0.0,0.0,0.0,-1,-1,0.0,0.0,0.0,0.0,0.0,0.0,0,0,0.0,0.0,0,0,0.0,0.0,0,0,0.0,0.0,0,0,0.0,0
LGS2ORD0003759,C016684,2025-01-30 18:00:00,Female,33,Gold,Lazada,Chonburi,461,Shopee,Credit_Card,18,1,3,0,30-40,15.366666666666667,0.0,0.0,0.0,-1,-1,0.0,0.0,0.0,0.0,0.0,0.0,0,0,0.0,0.0,0,0,0.0,0.0,0,0,0.0,0.0,0,0,0.0,0
LGS2ORD0003760,C010963,2025-01-30 18:00:00,Male,31,Silver,Web,Bangkok,361,Web,COD,18,1,3,0,30-40,12.033333333333333,0.0,0.0,0.0,-1,-1,0.0,0.0,0.0,0.0,0.0,0.0,0,0,0.0,0.0,0,0,0.0,0.0,0,0,0.0,0.0,0,0,0.0,0
LGS2ORD0003761,C012258,2025-01-30 19:00:00,Male,41,Bronze,Shopee,Songkhla,915,Lazada,COD,19,1,3,0,40-50,30.5,0.0,0.0,0.0,-1,-1,0.0,0.0,0.0,0.0,0.0,0.0,0,0,0.0,0.0,0,0,0.0,0.0,0,0,0.0,0.0,0,0,0.0,1
LGS2ORD0003762,C011782,2025-01-30 19:00:00,Female,45,Bronze,TV,Remote_Area,1429,Shopee,Bank_Transfer,19,1,3,0,40-50,47.63333333333333,1.0,1.0,1.0,-5,4,1714.64,0.13,0.0,0.0,0.0,1714.64,1,1,1.0,1714.64,1,1,1.0,1714.64,1,1,1.0,1714.64,1,1,1.0,0
LGS2ORD0003763,C017203,2025-01-30 19:00:00,Female,46,Bronze,Web,Bangkok,119,TV_Show,COD,19,1,3,0,40-50,3.966666666666667,1.0,0.0,0.0,-1,25,1587.07,0.23,1.0,1.0,0.0,0.0,0,0,0.0,1587.07,1,0,0.0,1587.07,1,0,0.0,1587.07,1,0,0.0,0
LGS2ORD0003764,C013852,2025-01-30 19:00:00,Male,51,Bronze,TV,Chonburi,1380,Web,COD,19,1,3,0,>50,46.0,1.0,1.0,1.0,1,7,1238.26,0.28,1.0,1.0,0.0,1238.26,1,1,1.0,1238.26,1,1,1.0,1238.26,1,1,1.0,1238.26,1,1,1.0,0
LGS2ORD0003765,C014768,2025-01-30 19:00:00,Female,53,Gold,Shopee,Bangkok,1068,Web,Bank_Transfer,19,1,3,0,>50,35.6,0.0,0.0,0.0,-1,-1,0.0,0.0,0.0,0.0,0.0,0.0,0,0,0.0,0.0,0,0,0.0,0.0,0,0,0.0,0.0,0,0,0.0,0
LGS2ORD0003766,C017266,2025-01-30 20:00:00,Male,37,Bronze,TV,Chonburi,1064,Lazada,COD,20,1,3,0,30-40,35.46666666666667,0.0,0.0,0.0,-1,-1,0.0,0.0,0.0,0.0,0.0,0.0,0,0,0.0,0.0,0,0,0.0,0.0,0,0,0.0,0.0,0,0,0.0,0
LGS2ORD0003767,C013310,2025-01-30 20:00:00,Male,59,Gold,TV,Nakhon Ratchasima,274,Web,Credit_Card,20,1,3,0,>50,9.133333333333333,0.0,0.0,0.0,-1,-1,0.0,0.0,0.0,0.0,0.0,0.0,0,0,0.0,0.0,0,0,0.0,0.0,0,0,0.0,0.0,0,0,0.0,0
LGS2ORD0003768,C014018,2025-01-30 20:00:00,Male,37,Gold,Web,Bangkok,300,Shopee,Credit_Card,20,1,3,0,30-40,10.0,0.0,0.0,0.0,-1,-1,0.0,0.0,0.0,0.0,0.0,0.0,0,0,0.0,0.0,0,0,0.0,0.0,0,0,0.0,0.0,0,0,0.0,0
LGS2ORD0003769,C017396,2025-01-30 20:00:00,Male,28,Bronze,TV,Remote_Area,1015,Web,COD,20,1,3,0,20-30,33.833333333333336,1.0,0.0,0.0,-1,2,4961.27,0.13,0.0,0.0,0.0,4961.27,1,0,0.0,4961.27,1,0,0.0,4961.27,1,0,0.0,4961.27,1,0,0.0,1
LGS2ORD0003770,C012596,2025-01-30 20:00:00,Female,18,Silver,Web,Bangkok,1120,TV_Show,Credit_Card,20,1,3,0,<20,37.333333333333336,1.0,0.0,0.0,-1,12,10422.3,0.15,0.0,0.0,0.0,0.0,0,0,0.0,10422.3,1,0,0.0,10422.3,1,0,0.0,10422.3,1,0,0.0,0
LGS2ORD0003771,C016775,2025-01-30 21:00:00,Female,35,Bronze,Lazada,Bangkok,67,Shopee,Credit_Card,21,1,3,0,30-40,2.2333333333333334,1.0,0.0,0.0,-1,9,3539.7,0.18,1.0,0.0,0.0,0.0,0,0,0.0,3539.7,1,0,0.0,3539.7,1,0,0.0,3539.7,1,0,0.0,0
LGS2ORD0003772,C011976,2025-01-30 21:00:00,Male,64,Bronze,Shopee,Remote_Area,589,TV_Show,COD,21,1,3,0,>50,19.633333333333333,2.0,0.0,0.0,-1,1,931.01,0.28,1.0,0.5,0.0,1674.74,1,0,0.0,1862.02,2,0,0.0,1862.02,2,0,0.0,1862.02,2,0,0.0,1
LGS2ORD0003773,C012470,2025-01-30 21:00:00,Female,28,Bronze,Shopee,Bangkok,745,Shopee,Credit_Card,21,1,3,0,20-30,24.833333333333332,0.0,0.0,0.0,-1,-1,0.0,0.0,0.0,0.0,0.0,0.0,0,0,0.0,0.0,0,0,0.0,0.0,0,0,0.0,0.0,0,0,0.0,0
LGS2ORD0003774,C014554,2025-01-30 21:00:00,Female,50,Silver,TV,Chonburi,1026,Lazada,Credit_Card,21,1,3,0,40-50,34.2,0.0,0.0,0.0,-1,-1,0.0,0.0,0.0,0.0,0.0,0.0,0,0,0.0,0.0,0,0,0.0,0.0,0,0,0.0,0.0,0,0,0.0,1
LGS2ORD0003775,C011932,2025-01-30 21:00:00,Female,38,Bronze,Web,Chonburi,1005,Shopee,COD,21,1,3,0,30-40,33.5,2.0,0.0,0.0,-1,9,6092.92,0.08,1.0,0.0,0.0,0.0,0,0,0.0,12185.84,2,0,0.0,12185.84,2,0,0.0,12185.84,2,0,0.0,1
LGS2ORD0003776,C014209,2025-01-30 21:00:00,Male,54,Bronze,TV,Songkhla,424,CallCenter,COD,21,1,3,0,>50,14.133333333333333,1.0,0.0,0.0,-1,9,2378.44,0.03,0.0,0.0,0.0,0.0,0,0,0.0,2378.44,1,0,0.0,2378.44,1,0,0.0,2378.44,1,0,0.0,0
LGS2ORD0003777,C010621,2025-01-30 22:00:00,Male,37,Bronze,TV,Bangkok,346,TV_Show,COD,22,1,3,0,30-40,11.533333333333333,1.0,0.0,0.0,-1,28,950.5,0.28,0.0,1.0,0.0,0.0,0,0,0.0,950.5,1,0,0.0,950.5,1,0,0.0,950.5,1,0,0.0,0
LGS2ORD0003778,C010134,2025-01-30 22:00:00,Female,29,Bronze,CallCenter,Khon Kaen,961,Web,COD,22,1,3,0,20-30,32.03333333333333,0.0,0.0,0.0,-1,-1,0.0,0.0,0.0,0.0,0.0,0.0,0,0,0.0,0.0,0,0,0.0,0.0,0,0,0.0,0.0,0,0,0.0,1
LGS2ORD0003779,C014770,2025-01-30 22:00:00,Female,30,Bronze,Web,Bangkok,377,Shopee,COD,22,1,3,0,20-30,12.566666666666666,0.0,0.0,0.0,-1,-1,0.0,0.0,0.0,0.0,0.0,0.0,0,0,0.0,0.0,0,0,0.0,0.0,0,0,0.0,0.0,0,0,0.0,0
LGS2ORD0003780,C016761,2025-01-30 22:00:00,Female,53,Silver,Web,Khon Kaen,155,Shopee,COD,22,1,3,0,>50,5.166666666666667,0.0,0.0,0.0,-1,-1,0.0,0.0,0.0,0.0,0.0,0.0,0,0,0.0,0.0,0,0,0.0,0.0,0,0,0.0,0.0,0,0,0.0,0
LGS2ORD0003781,C017945,2025-01-30 22:00:00,Male,38,Platinum,Shopee,Khon Kaen,290,CallCenter,COD,22,1,3,0,30-40,9.666666666666666,1.0,0.0,0.0,-1,29,12014.7,0.1,1.0,0.0,0.0,0.0,0,0,0.0,12014.7,1,0,0.0,12014.7,1,0,0.0,12014.7,1,0,0.0,0
LGS2ORD0003782,C010772,2025-01-30 23:00:00,Female,62,Gold,CallCenter,Songkhla,177,Lazada,Credit_Card,23,1,3,0,>50,5.9,0.0,0.0,0.0,-1,-1,0.0,0.0,0.0,0.0,0.0,0.0,0,0,0.0,0.0,0,0,0.0,0.0,0,0,0.0,0.0,0,0,0.0,0
LGS2ORD0003783,C010340,2025-01-30 23:00:00,Male,53,Platinum,Shopee,Khon Kaen,1220,TV_Show,COD,23,1,3,0,>50,40.666666666666664,0.0,0.0,0.0,-1,-1,0.0,0.0,0.0,0.0,0.0,0.0,0,0,0.0,0.0,0,0,0.0,0.0,0,0,0.0,0.0,0,0,0.0,0
LGS2ORD0003784,C010710,2025-01-30 23:00:00,Female,23,Silver,Lazada,Khon Kaen,487,Shopee,PromptPay,23,1,3,0,20-30,16.233333333333334,1.0,1.0,1.0,-5,5,7425.49,0.1,0.0,0.0,0.0,7425.49,1,1,1.0,7425.49,1,1,1.0,7425.49,1,1,1.0,7425.49,1,1,1.0,0
LGS2ORD0003785,C017921,2025-01-30 23:00:00,Other,60,Bronze,Web,Nakhon Ratchasima,773,Web,PromptPay,23,1,3,0,>50,25.766666666666666,1.0,0.0,0.0,-1,28,2003.27,0.08,0.0,0.0,0.0,0.0,0,0,0.0,2003.27,1,0,0.0,2003.27,1,0,0.0,2003.27,1,0,0.0,1
LGS2ORD0003786,C015626,2025-01-30 23:00:00,Male,72,Bronze,Lazada,Bangkok,1274,Lazada,COD,23,1,3,0,>50,42.46666666666667,0.0,0.0,0.0,-1,-1,0.0,0.0,0.0,0.0,0.0,0.0,0,0,0.0,0.0,0,0,0.0,0.0,0,0,0.0,0.0,0,0,0.0,1
LGS2ORD0003787,C016285,2025-01-31 00:00:00,Male,71,Bronze,Shopee,Bangkok,1382,Web,COD,0,1,4,0,>50,46.06666666666667,1.0,1.0,1.0,0,17,23076.74,0.18,1.0,0.0,0.0,0.0,0,0,0.0,23076.74,1,1,1.0,23076.74,1,1,1.0,23076.74,1,1,1.0,0
LGS2ORD0003788,C015089,2025-01-31 00:00:00,Female,46,Gold,TV,Khon Kaen,1379,CallCenter,Credit_Card,0,1,4,0,40-50,45.96666666666667,1.0,0.0,0.0,-1,7,926.57,0.08,0.0,0.0,0.0,0.0,0,0,0.0,926.57,1,0,0.0,926.57,1,0,0.0,926.57,1,0,0.0,0
LGS2ORD0003789,C015114,2025-01-31 00:00:00,Female,51,Silver,Lazada,Bangkok,488,TV_Show,Bank_Transfer,0,1,4,0,>50,16.266666666666666,1.0,0.0,0.0,-1,6,5063.76,0.15,0.0,0.0,0.0,5063.76,1,0,0.0,5063.76,1,0,0.0,5063.76,1,0,0.0,5063.76,1,0,0.0,0
LGS2ORD0003790,C015875,2025-01-31 00:00:00,Male,39,Silver,TV,Bangkok,1070,TV_Show,PromptPay,0,1,4,0,30-40,35.666666666666664,0.0,0.0,0.0,-1,-1,0.0,0.0,0.0,0.0,0.0,0.0,0,0,0.0,0.0,0,0,0.0,0.0,0,0,0.0,0.0,0,0,0.0,1
LGS2ORD0003791,C010656,2025-01-31 00:00:00,Female,28,Bronze,TV,Remote_Area,1120,Lazada,PromptPay,0,1,4,0,20-30,37.333333333333336,1.0,0.0,0.0,-1,2,1249.35,0.18,1.0,0.0,0.0,1249.35,1,0,0.0,1249.35,1,0,0.0,1249.35,1,0,0.0,1249.35,1,0,0.0,1
LGS2ORD0003792,C015632,2025-01-31 01:00:00,Female,43,Bronze,Web,Bangkok,177,Shopee,PromptPay,1,1,4,0,40-50,5.9,0.0,0.0,0.0,-1,-1,0.0,0.0,0.0,0.0,0.0,0.0,0,0,0.0,0.0,0,0,0.0,0.0,0,0,0.0,0.0,0,0,0.0,1
LGS2ORD0003793,C012765,2025-01-31 01:00:00,Female,36,Bronze,TV,Chiang Mai,1182,TV_Show,Credit_Card,1,1,4,0,30-40,39.4,0.0,0.0,0.0,-1,-1,0.0,0.0,0.0,0.0,0.0,0.0,0,0,0.0,0.0,0,0,0.0,0.0,0,0,0.0,0.0,0,0,0.0,0
LGS2ORD0003794,C013150,2025-01-31 01:00:00,Male,42,Platinum,Web,Chiang Mai,1489,Lazada,Credit_Card,1,1,4,0,40-50,49.63333333333333,0.0,0.0,0.0,-1,-1,0.0,0.0,0.0,0.0,0.0,0.0,0,0,0.0,0.0,0,0,0.0,0.0,0,0,0.0,0.0,0,0,0.0,0
LGS2ORD0003795,C011642,2025-01-31 01:00:00,Male,49,Gold,Lazada,Bangkok,549,TV_Show,Bank_Transfer,1,1,4,0,40-50,18.3,0.0,0.0,0.0,-1,-1,0.0,0.0,0.0,0.0,0.0,0.0,0,0,0.0,0.0,0,0,0.0,0.0,0,0,0.0,0.0,0,0,0.0,1
LGS2ORD0003796,C015739,2025-01-31 01:00:00,Male,50,Bronze,TV,Chiang Mai,579,Lazada,COD,1,1,4,0,40-50,19.3,1.0,1.0,1.0,15,24,4323.56,0.23,1.0,1.0,0.0,0.0,0,0,0.0,4323.56,1,1,1.0,4323.56,1,1,1.0,4323.56,1,1,1.0,0
LGS2ORD0003797,C015744,2025-01-31 01:00:00,Male,58,Silver,Shopee,Khon Kaen,900,TV_Show,COD,1,1,4,0,>50,30.0,0.0,0.0,0.0,-1,-1,0.0,0.0,0.0,0.0,0.0,0.0,0,0,0.0,0.0,0,0,0.0,0.0,0,0,0.0,0.0,0,0,0.0,0
LGS2ORD0003798,C017687,2025-01-31 02:00:00,Male,47,Silver,CallCenter,Chonburi,222,Web,COD,2,1,4,0,40-50,7.4,1.0,0.0,0.0,-1,13,12154.67,0.25,0.0,1.0,0.0,0.0,0,0,0.0,12154.67,1,0,0.0,12154.67,1,0,0.0,12154.67,1,0,0.0,0
LGS2ORD0003799,C013086,2025-01-31 02:00:00,Female,54,Silver,Lazada,Remote_Area,1004,CallCenter,COD,2,1,4,0,>50,33.46666666666667,0.0,0.0,0.0,-1,-1,0.0,0.0,0.0,0.0,0.0,0.0,0,0,0.0,0.0,0,0,0.0,0.0,0,0,0.0,0.0,0,0,0.0,1
LGS2ORD0003800,C012439,2025-01-31 02:00:00,Male,51,Bronze,TV,Khon Kaen,982,CallCenter,Credit_Card,2,1,4,0,>50,32.733333333333334,2.0,1.0,0.5,8,16,958.785,0.23,0.5,0.5,0.0,0.0,0,0,0.0,1917.57,2,1,0.5,1917.57,2,1,0.5,1917.57,2,1,0.5,0
LGS2ORD0003801,C016180,2025-01-31 02:00:00,Male,23,Gold,Shopee,Chonburi,723,Shopee,Credit_Card,2,1,4,0,20-30,24.1,0.0,0.0,0.0,-1,-1,0.0,0.0,0.0,0.0,0.0,0.0,0,0,0.0,0.0,0,0,0.0,0.0,0,0,0.0,0.0,0,0,0.0,0
LGS2ORD0003802,C015002,2025-01-31 02:00:00,Female,39,Bronze,Lazada,Nakhon Ratchasima,1427,Shopee,PromptPay,2,1,4,0,30-40,47.56666666666667,0.0,0.0,0.0,-1,-1,0.0,0.0,0.0,0.0,0.0,0.0,0,0,0.0,0.0,0,0,0.0,0.0,0,0,0.0,0.0,0,0,0.0,0
LGS2ORD0003803,C016700,2025-01-31 03:00:00,Female,39,Gold,Lazada,Khon Kaen,1079,Lazada,Credit_Card,3,1,4,0,30-40,35.96666666666667,0.0,0.0,0.0,-1,-1,0.0,0.0,0.0,0.0,0.0,0.0,0,0,0.0,0.0,0,0,0.0,0.0,0,0,0.0,0.0,0,0,0.0,0
LGS2ORD0003804,C015062,2025-01-31 03:00:00,Female,34,Silver,TV,Nakhon Ratchasima,874,Shopee,COD,3,1,4,0,30-40,29.133333333333333,1.0,1.0,1.0,3,15,9687.7,0.2,1.0,0.0,0.0,0.0,0,0,0.0,9687.7,1,1,1.0,9687.7,1,1,1.0,9687.7,1,1,1.0,1
LGS2ORD0003805,C013846,2025-01-31 03:00:00,Male,52,Gold,TV,Nakhon Ratchasima,1307,Shopee,COD,3,1,4,0,>50,43.56666666666667,0.0,0.0,0.0,-1,-1,0.0,0.0,0.0,0.0,0.0,0.0,0,0,0.0,0.0,0,0,0.0,0.0,0,0,0.0,0.0,0,0,0.0,1
LGS2ORD0003806,C015427,2025-01-31 03:00:00,Female,50,Bronze,Web,Remote_Area,699,Lazada,COD,3,1,4,0,40-50,23.3,0.0,0.0,0.0,-1,-1,0.0,0.0,0.0,0.0,0.0,0.0,0,0,0.0,0.0,0,0,0.0,0.0,0,0,0.0,0.0,0,0,0.0,1
LGS2ORD0003807,C013560,2025-01-31 03:00:00,Male,55,Gold,Shopee,Chonburi,343,Shopee,Credit_Card,3,1,4,0,>50,11.433333333333334,0.0,0.0,0.0,-1,-1,0.0,0.0,0.0,0.0,0.0,0.0,0,0,0.0,0.0,0,0,0.0,0.0,0,0,0.0,0.0,0,0,0.0,0
LGS2ORD0003808,C013403,2025-01-31 04:00:00,Female,38,Platinum,Web,Bangkok,1051,TV_Show,COD,4,1,4,0,30-40,35.03333333333333,1.0,1.0,1.0,15,23,1254.0,0.35,1.0,1.0,0.0,0.0,0,0,0.0,1254.0,1,1,1.0,1254.0,1,1,1.0,1254.0,1,1,1.0,0
LGS2ORD0003809,C013258,2025-01-31 04:00:00,Female,37,Bronze,Lazada,Chonburi,1115,TV_Show,Bank_Transfer,4,1,4,0,30-40,37.166666666666664,1.0,1.0,1.0,1,13,16278.44,0.18,1.0,0.0,0.0,0.0,0,0,0.0,16278.44,1,1,1.0,16278.44,1,1,1.0,16278.44,1,1,1.0,0
LGS2ORD0003810,C017768,2025-01-31 04:00:00,Female,50,Platinum,Shopee,Bangkok,1287,TV_Show,PromptPay,4,1,4,0,40-50,42.9,0.0,0.0,0.0,-1,-1,0.0,0.0,0.0,0.0,0.0,0.0,0,0,0.0,0.0,0,0,0.0,0.0,0,0,0.0,0.0,0,0,0.0,0
LGS2ORD0003811,C014648,2025-01-31 04:00:00,Female,63,Bronze,TV,Songkhla,1250,Lazada,PromptPay,4,1,4,0,>50,41.666666666666664,0.0,0.0,0.0,-1,-1,0.0,0.0,0.0,0.0,0.0,0.0,0,0,0.0,0.0,0,0,0.0,0.0,0,0,0.0,0.0,0,0,0.0,0
LGS2ORD0003812,C010099,2025-01-31 04:00:00,Other,52,Bronze,Web,Khon Kaen,1007,Shopee,Bank_Transfer,4,1,4,0,>50,33.56666666666667,0.0,0.0,0.0,-1,-1,0.0,0.0,0.0,0.0,0.0,0.0,0,0,0.0,0.0,0,0,0.0,0.0,0,0,0.0,0.0,0,0,0.0,1
LGS2ORD0003813,C016155,2025-01-31 05:00:00,Female,54,Bronze,TV,Chiang Mai,1086,Lazada,PromptPay,5,1,4,0,>50,36.2,0.0,0.0,0.0,-1,-1,0.0,0.0,0.0,0.0,0.0,0.0,0,0,0.0,0.0,0,0,0.0,0.0,0,0,0.0,0.0,0,0,0.0,0
LGS2ORD0003814,C012545,2025-01-31 05:00:00,Female,71,Bronze,Web,Chonburi,822,Shopee,COD,5,1,4,0,>50,27.4,0.0,0.0,0.0,-1,-1,0.0,0.0,0.0,0.0,0.0,0.0,0,0,0.0,0.0,0,0,0.0,0.0,0,0,0.0,0.0,0,0,0.0,0
LGS2ORD0003815,C012293,2025-01-31 05:00:00,Female,27,Bronze,TV,Phuket,1211,CallCenter,Credit_Card,5,1,4,0,20-30,40.36666666666667,1.0,0.0,0.0,-1,29,1173.07,0.23,1.0,1.0,0.0,0.0,0,0,0.0,1173.07,1,0,0.0,1173.07,1,0,0.0,1173.07,1,0,0.0,0
LGS2ORD0003816,C016982,2025-01-31 05:00:00,Male,43,Bronze,Web,Remote_Area,579,Lazada,COD,5,1,4,0,40-50,19.3,1.0,0.0,0.0,-1,11,2640.46,0.28,0.0,1.0,0.0,0.0,0,0,0.0,2640.46,1,0,0.0,2640.46,1,0,0.0,2640.46,1,0,0.0,0
LGS2ORD0003817,C012497,2025-01-31 05:00:00,Male,53,Silver,TV,Chiang Mai,191,Web,Bank_Transfer,5,1,4,0,>50,6.366666666666666,0.0,0.0,0.0,-1,-1,0.0,0.0,0.0,0.0,0.0,0.0,0,0,0.0,0.0,0,0,0.0,0.0,0,0,0.0,0.0,0,0,0.0,0
LGS2ORD0003818,C015394,2025-01-31 05:00:00,Male,72,Bronze,Shopee,Remote_Area,96,TV_Show,PromptPay,5,1,4,0,>50,3.2,0.0,0.0,0.0,-1,-1,0.0,0.0,0.0,0.0,0.0,0.0,0,0,0.0,0.0,0,0,0.0,0.0,0,0,0.0,0.0,0,0,0.0,0
LGS2ORD0003819,C012912,2025-01-31 06:00:00,Female,60,Silver,CallCenter,Khon Kaen,919,CallCenter,Credit_Card,6,1,4,0,>50,30.633333333333333,0.0,0.0,0.0,-1,-1,0.0,0.0,0.0,0.0,0.0,0.0,0,0,0.0,0.0,0,0,0.0,0.0,0,0,0.0,0.0,0,0,0.0,0
LGS2ORD0003820,C014677,2025-01-31 06:00:00,Female,34,Gold,TV,Phuket,1006,TV_Show,COD,6,1,4,0,30-40,33.53333333333333,2.0,2.0,1.0,10,26,3685.95,0.28,1.0,1.0,0.0,0.0,0,0,0.0,7371.9,2,2,1.0,7371.9,2,2,1.0,7371.9,2,2,1.0,1
LGS2ORD0003821,C015693,2025-01-31 06:00:00,Other,37,Silver,TV,Bangkok,166,CallCenter,COD,6,1,4,0,30-40,5.533333333333333,1.0,0.0,0.0,-1,15,22494.26,0.2,0.0,0.0,0.0,0.0,0,0,0.0,22494.26,1,0,0.0,22494.26,1,0,0.0,22494.26,1,0,0.0,1
LGS2ORD0003822,C015227,2025-01-31 06:00:00,Male,23,Silver,Lazada,Bangkok,607,CallCenter,COD,6,1,4,0,20-30,20.233333333333334,0.0,0.0,0.0,-1,-1,0.0,0.0,0.0,0.0,0.0,0.0,0,0,0.0,0.0,0,0,0.0,0.0,0,0,0.0,0.0,0,0,0.0,0
LGS2ORD0003823,C010727,2025-01-31 06:00:00,Male,44,Silver,Web,Khon Kaen,823,TV_Show,Credit_Card,6,1,4,0,40-50,27.433333333333334,0.0,0.0,0.0,-1,-1,0.0,0.0,0.0,0.0,0.0,0.0,0,0,0.0,0.0,0,0,0.0,0.0,0,0,0.0,0.0,0,0,0.0,0
LGS2ORD0003824,C013005,2025-01-31 07:00:00,Female,39,Gold,Lazada,Chiang Mai,663,Shopee,PromptPay,7,1,4,0,30-40,22.1,0.0,0.0,0.0,-1,-1,0.0,0.0,0.0,0.0,0.0,0.0,0,0,0.0,0.0,0,0,0.0,0.0,0,0,0.0,0.0,0,0,0.0,0
LGS2ORD0003825,C014426,2025-01-31 07:00:00,Female,67,Bronze,Shopee,Bangkok,1087,TV_Show,COD,7,1,4,0,>50,36.233333333333334,1.0,0.0,0.0,-1,17,2131.12,0.08,1.0,0.0,0.0,0.0,0,0,0.0,2131.12,1,0,0.0,2131.12,1,0,0.0,2131.12,1,0,0.0,1
LGS2ORD0003826,C012269,2025-01-31 07:00:00,Male,32,Gold,Lazada,Bangkok,1310,TV_Show,PromptPay,7,1,4,0,30-40,43.666666666666664,0.0,0.0,0.0,-1,-1,0.0,0.0,0.0,0.0,0.0,0.0,0,0,0.0,0.0,0,0,0.0,0.0,0,0,0.0,0.0,0,0,0.0,1
LGS2ORD0003827,C011813,2025-01-31 07:00:00,Male,34,Bronze,Shopee,Bangkok,1291,Web,PromptPay,7,1,4,0,30-40,43.03333333333333,0.0,0.0,0.0,-1,-1,0.0,0.0,0.0,0.0,0.0,0.0,0,0,0.0,0.0,0,0,0.0,0.0,0,0,0.0,0.0,0,0,0.0,0
LGS2ORD0003828,C017006,2025-01-31 07:00:00,Female,51,Bronze,TV,Remote_Area,1010,Lazada,Bank_Transfer,7,1,4,0,>50,33.666666666666664,1.0,0.0,0.0,-1,22,1119.08,0.13,0.0,0.0,0.0,0.0,0,0,0.0,1119.08,1,0,0.0,1119.08,1,0,0.0,1119.08,1,0,0.0,0
LGS2ORD0003829,C014160,2025-01-31 08:00:00,Male,31,Bronze,Shopee,Phuket,1052,TV_Show,COD,8,1,4,0,30-40,35.06666666666667,1.0,0.0,0.0,-1,19,2268.43,0.23,0.0,1.0,0.0,0.0,0,0,0.0,2268.43,1,0,0.0,2268.43,1,0,0.0,2268.43,1,0,0.0,0
LGS2ORD0003830,C011064,2025-01-31 08:00:00,Female,61,Bronze,Web,Songkhla,128,Web,Credit_Card,8,1,4,0,>50,4.266666666666667,0.0,0.0,0.0,-1,-1,0.0,0.0,0.0,0.0,0.0,0.0,0,0,0.0,0.0,0,0,0.0,0.0,0,0,0.0,0.0,0,0,0.0,0
LGS2ORD0003831,C011257,2025-01-31 08:00:00,Male,23,Silver,CallCenter,Remote_Area,116,TV_Show,Bank_Transfer,8,1,4,0,20-30,3.8666666666666667,0.0,0.0,0.0,-1,-1,0.0,0.0,0.0,0.0,0.0,0.0,0,0,0.0,0.0,0,0,0.0,0.0,0,0,0.0,0.0,0,0,0.0,0
LGS2ORD0003832,C010405,2025-01-31 08:00:00,Female,29,Bronze,Shopee,Nakhon Ratchasima,212,Lazada,COD,8,1,4,0,20-30,7.066666666666666,0.0,0.0,0.0,-1,-1,0.0,0.0,0.0,0.0,0.0,0.0,0,0,0.0,0.0,0,0,0.0,0.0,0,0,0.0,0.0,0,0,0.0,1
LGS2ORD0003833,C014030,2025-01-31 08:00:00,Female,62,Bronze,TV,Khon Kaen,490,CallCenter,COD,8,1,4,0,>50,16.333333333333332,0.0,0.0,0.0,-1,-1,0.0,0.0,0.0,0.0,0.0,0.0,0,0,0.0,0.0,0,0,0.0,0.0,0,0,0.0,0.0,0,0,0.0,0
LGS2ORD0003834,C017001,2025-01-31 09:00:00,Male,60,Silver,TV,Bangkok,108,TV_Show,COD,9,1,4,0,>50,3.6,0.0,0.0,0.0,-1,-1,0.0,0.0,0.0,0.0,0.0,0.0,0,0,0.0,0.0,0,0,0.0,0.0,0,0,0.0,0.0,0,0,0.0,1
LGS2ORD0003835,C015380,2025-01-31 09:00:00,Male,63,Gold,CallCenter,Songkhla,1297,Web,Bank_Transfer,9,1,4,0,>50,43.233333333333334,0.0,0.0,0.0,-1,-1,0.0,0.0,0.0,0.0,0.0,0.0,0,0,0.0,0.0,0,0,0.0,0.0,0,0,0.0,0.0,0,0,0.0,0
LGS2ORD0003836,C014517,2025-01-31 09:00:00,Female,50,Silver,CallCenter,Songkhla,57,Web,COD,9,1,4,0,40-50,1.9,2.0,1.0,0.5,-7,3,4153.32,0.3,1.0,0.5,0.0,4374.37,1,1,1.0,8306.64,2,1,0.5,8306.64,2,1,0.5,8306.64,2,1,0.5,0
LGS2ORD0003837,C010613,2025-01-31 09:00:00,Male,47,Silver,Lazada,Remote_Area,805,Lazada,COD,9,1,4,0,40-50,26.833333333333332,1.0,1.0,1.0,-2,6,1931.96,0.25,1.0,1.0,0.0,1931.96,1,1,1.0,1931.96,1,1,1.0,1931.96,1,1,1.0,1931.96,1,1,1.0,0
LGS2ORD0003838,C013451,2025-01-31 09:00:00,Female,47,Bronze,Lazada,Phuket,614,TV_Show,COD,9,1,4,0,40-50,20.466666666666665,0.0,0.0,0.0,-1,-1,0.0,0.0,0.0,0.0,0.0,0.0,0,0,0.0,0.0,0,0,0.0,0.0,0,0,0.0,0.0,0,0,0.0,0
LGS2ORD0003839,C015729,2025-01-31 09:00:00,Male,30,Bronze,TV,Nakhon Ratchasima,1305,Web,COD,9,1,4,0,20-30,43.5,0.0,0.0,0.0,-1,-1,0.0,0.0,0.0,0.0,0.0,0.0,0,0,0.0,0.0,0,0,0.0,0.0,0,0,0.0,0.0,0,0,0.0,0
LGS2ORD0003840,C017673,2025-01-31 10:00:00,Female,64,Bronze,Web,Bangkok,516,TV_Show,COD,10,1,4,0,>50,17.2,0.0,0.0,0.0,-1,-1,0.0,0.0,0.0,0.0,0.0,0.0,0,0,0.0,0.0,0,0,0.0,0.0,0,0,0.0,0.0,0,0,0.0,0
LGS2ORD0003841,C011718,2025-01-31 10:00:00,Female,45,Gold,CallCenter,Bangkok,1422,Shopee,Bank_Transfer,10,1,4,0,40-50,47.4,0.0,0.0,0.0,-1,-1,0.0,0.0,0.0,0.0,0.0,0.0,0,0,0.0,0.0,0,0,0.0,0.0,0,0,0.0,0.0,0,0,0.0,0
LGS2ORD0003842,C010791,2025-01-31 10:00:00,Female,48,Silver,Lazada,Chonburi,1049,Lazada,Credit_Card,10,1,4,0,40-50,34.96666666666667,0.0,0.0,0.0,-1,-1,0.0,0.0,0.0,0.0,0.0,0.0,0,0,0.0,0.0,0,0,0.0,0.0,0,0,0.0,0.0,0,0,0.0,0
LGS2ORD0003843,C010820,2025-01-31 10:00:00,Female,36,Bronze,TV,Chonburi,106,Web,Bank_Transfer,10,1,4,0,30-40,3.533333333333333,0.0,0.0,0.0,-1,-1,0.0,0.0,0.0,0.0,0.0,0.0,0,0,0.0,0.0,0,0,0.0,0.0,0,0,0.0,0.0,0,0,0.0,0
LGS2ORD0003844,C010970,2025-01-31 10:00:00,Male,30,Bronze,Shopee,Remote_Area,1135,Web,COD,10,1,4,0,20-30,37.833333333333336,0.0,0.0,0.0,-1,-1,0.0,0.0,0.0,0.0,0.0,0.0,0,0,0.0,0.0,0,0,0.0,0.0,0,0,0.0,0.0,0,0,0.0,0
LGS2ORD0003845,C011793,2025-01-31 11:00:00,Female,53,Silver,TV,Bangkok,1461,TV_Show,COD,11,1,4,0,>50,48.7,0.0,0.0,0.0,-1,-1,0.0,0.0,0.0,0.0,0.0,0.0,0,0,0.0,0.0,0,0,0.0,0.0,0,0,0.0,0.0,0,0,0.0,0
LGS2ORD0003846,C014639,2025-01-31 11:00:00,Male,64,Bronze,TV,Remote_Area,902,Shopee,COD,11,1,4,0,>50,30.066666666666666,1.0,0.0,0.0,-1,13,2087.53,0.03,1.0,0.0,0.0,0.0,0,0,0.0,2087.53,1,0,0.0,2087.53,1,0,0.0,2087.53,1,0,0.0,1
LGS2ORD0003847,C010624,2025-01-31 11:00:00,Female,64,Bronze,Shopee,Songkhla,999,Web,COD,11,1,4,0,>50,33.3,0.0,0.0,0.0,-1,-1,0.0,0.0,0.0,0.0,0.0,0.0,0,0,0.0,0.0,0,0,0.0,0.0,0,0,0.0,0.0,0,0,0.0,0
LGS2ORD0003848,C012510,2025-01-31 11:00:00,Female,51,Bronze,Shopee,Songkhla,1206,TV_Show,COD,11,1,4,0,>50,40.2,1.0,0.0,0.0,-1,11,8015.39,0.08,0.0,0.0,0.0,0.0,0,0,0.0,8015.39,1,0,0.0,8015.39,1,0,0.0,8015.39,1,0,0.0,1
LGS2ORD0003849,C014292,2025-01-31 11:00:00,Male,41,Bronze,CallCenter,Bangkok,113,Shopee,COD,11,1,4,0,40-50,3.7666666666666666,0.0,0.0,0.0,-1,-1,0.0,0.0,0.0,0.0,0.0,0.0,0,0,0.0,0.0,0,0,0.0,0.0,0,0,0.0,0.0,0,0,0.0,1
LGS2ORD0003850,C010212,2025-01-31 12:00:00,Male,51,Bronze,Web,Bangkok,1319,Web,COD,12,1,4,0,>50,43.96666666666667,2.0,1.0,0.5,25,5,20698.820000000003,0.23,0.5,0.5,0.0,38472.91,1,0,0.0,41397.64000000001,2,1,0.5,41397.64000000001,2,1,0.5,41397.64000000001,2,1,0.5,1
LGS2ORD0003851,C015041,2025-01-31 12:00:00,Female,43,Bronze,Lazada,Bangkok,500,TV_Show,COD,12,1,4,0,40-50,16.666666666666668,0.0,0.0,0.0,-1,-1,0.0,0.0,0.0,0.0,0.0,0.0,0,0,0.0,0.0,0,0,0.0,0.0,0,0,0.0,0.0,0,0,0.0,0
LGS2ORD0003852,C016163,2025-01-31 12:00:00,Male,32,Bronze,Shopee,Phuket,177,TV_Show,Credit_Card,12,1,4,0,30-40,5.9,0.0,0.0,0.0,-1,-1,0.0,0.0,0.0,0.0,0.0,0.0,0,0,0.0,0.0,0,0,0.0,0.0,0,0,0.0,0.0,0,0,0.0,1
LGS2ORD0003853,C011994,2025-01-31 12:00:00,Male,47,Silver,TV,Chonburi,838,Lazada,COD,12,1,4,0,40-50,27.933333333333334,1.0,0.0,0.0,-1,4,2389.98,0.3,1.0,1.0,0.0,2389.98,1,0,0.0,2389.98,1,0,0.0,2389.98,1,0,0.0,2389.98,1,0,0.0,0
LGS2ORD0003854,C012510,2025-01-31 12:00:00,Female,51,Bronze,Shopee,Songkhla,1206,Shopee,Credit_Card,12,1,4,0,>50,40.2,2.0,1.0,0.5,-13,0,4729.165,0.18,0.5,0.0,0.0,1442.94,1,1,1.0,9458.33,2,1,0.5,9458.33,2,1,0.5,9458.33,2,1,0.5,0
LGS2ORD0003855,C011097,2025-01-31 13:00:00,Female,58,Gold,TV,Chiang Mai,995,TV_Show,Credit_Card,13,1,4,0,>50,33.166666666666664,1.0,0.0,0.0,-1,7,4832.96,0.28,1.0,1.0,0.0,0.0,0,0,0.0,4832.96,1,0,0.0,4832.96,1,0,0.0,4832.96,1,0,0.0,1
LGS2ORD0003856,C016076,2025-01-31 13:00:00,Female,42,Gold,Shopee,Bangkok,1357,CallCenter,Bank_Transfer,13,1,4,0,40-50,45.233333333333334,0.0,0.0,0.0,-1,-1,0.0,0.0,0.0,0.0,0.0,0.0,0,0,0.0,0.0,0,0,0.0,0.0,0,0,0.0,0.0,0,0,0.0,0
LGS2ORD0003857,C011329,2025-01-31 13:00:00,Other,27,Bronze,TV,Bangkok,49,CallCenter,Bank_Transfer,13,1,4,0,20-30,1.6333333333333333,0.0,0.0,0.0,-1,-1,0.0,0.0,0.0,0.0,0.0,0.0,0,0,0.0,0.0,0,0,0.0,0.0,0,0,0.0,0.0,0,0,0.0,0
LGS2ORD0003858,C017136,2025-01-31 13:00:00,Male,49,Silver,Web,Songkhla,1283,Web,COD,13,1,4,0,40-50,42.766666666666666,0.0,0.0,0.0,-1,-1,0.0,0.0,0.0,0.0,0.0,0.0,0,0,0.0,0.0,0,0,0.0,0.0,0,0,0.0,0.0,0,0,0.0,0
LGS2ORD0003859,C014776,2025-01-31 13:00:00,Female,41,Bronze,Lazada,Khon Kaen,731,TV_Show,Credit_Card,13,1,4,0,40-50,24.366666666666667,0.0,0.0,0.0,-1,-1,0.0,0.0,0.0,0.0,0.0,0.0,0,0,0.0,0.0,0,0,0.0,0.0,0,0,0.0,0.0,0,0,0.0,0
LGS2ORD0003860,C017349,2025-01-31 13:00:00,Female,50,Bronze,Shopee,Nakhon Ratchasima,413,CallCenter,COD,13,1,4,0,40-50,13.766666666666667,1.0,1.0,1.0,14,24,24797.33,0.28,1.0,1.0,0.0,0.0,0,0,0.0,24797.33,1,1,1.0,24797.33,1,1,1.0,24797.33,1,1,1.0,1
LGS2ORD0003861,C017276,2025-01-31 14:00:00,Female,37,Bronze,Web,Bangkok,802,Lazada,COD,14,1,4,0,30-40,26.733333333333334,1.0,0.0,0.0,-1,17,1634.55,0.18,0.0,0.0,0.0,0.0,0,0,0.0,1634.55,1,0,0.0,1634.55,1,0,0.0,1634.55,1,0,0.0,1
LGS2ORD0003862,C014729,2025-01-31 14:00:00,Female,57,Bronze,CallCenter,Bangkok,1408,Web,Credit_Card,14,1,4,0,>50,46.93333333333333,0.0,0.0,0.0,-1,-1,0.0,0.0,0.0,0.0,0.0,0.0,0,0,0.0,0.0,0,0,0.0,0.0,0,0,0.0,0.0,0,0,0.0,0
LGS2ORD0003863,C010743,2025-01-31 14:00:00,Male,44,Silver,Shopee,Songkhla,853,TV_Show,Bank_Transfer,14,1,4,0,40-50,28.433333333333334,1.0,1.0,1.0,-3,1,10017.28,0.2,0.0,0.0,0.0,10017.28,1,1,1.0,10017.28,1,1,1.0,10017.28,1,1,1.0,10017.28,1,1,1.0,0
LGS2ORD0003864,C016100,2025-01-31 14:00:00,Male,59,Bronze,TV,Khon Kaen,976,CallCenter,Credit_Card,14,1,4,0,>50,32.53333333333333,0.0,0.0,0.0,-1,-1,0.0,0.0,0.0,0.0,0.0,0.0,0,0,0.0,0.0,0,0,0.0,0.0,0,0,0.0,0.0,0,0,0.0,0
LGS2ORD0003865,C013024,2025-01-31 14:00:00,Male,37,Bronze,Lazada,Khon Kaen,1329,CallCenter,COD,14,1,4,0,30-40,44.3,1.0,0.0,0.0,-1,30,6135.5,0.28,1.0,1.0,0.0,0.0,0,0,0.0,0.0,0,0,0.0,6135.5,1,0,0.0,6135.5,1,0,0.0,0
LGS2ORD0003866,C015722,2025-01-31 15:00:00,Female,44,Gold,Lazada,Phuket,1164,TV_Show,COD,15,1,4,0,40-50,38.8,0.0,0.0,0.0,-1,-1,0.0,0.0,0.0,0.0,0.0,0.0,0,0,0.0,0.0,0,0,0.0,0.0,0,0,0.0,0.0,0,0,0.0,1
LGS2ORD0003867,C014822,2025-01-31 15:00:00,Male,33,Bronze,Lazada,Bangkok,161,Web,COD,15,1,4,0,30-40,5.366666666666666,0.0,0.0,0.0,-1,-1,0.0,0.0,0.0,0.0,0.0,0.0,0,0,0.0,0.0,0,0,0.0,0.0,0,0,0.0,0.0,0,0,0.0,0
LGS2ORD0003868,C015556,2025-01-31 15:00:00,Female,47,Silver,Lazada,Nakhon Ratchasima,1113,Shopee,Credit_Card,15,1,4,0,40-50,37.1,1.0,1.0,1.0,-11,1,2156.58,0.2,1.0,0.0,0.0,2156.58,1,1,1.0,2156.58,1,1,1.0,2156.58,1,1,1.0,2156.58,1,1,1.0,0
LGS2ORD0003869,C015206,2025-01-31 15:00:00,Female,60,Bronze,Lazada,Chiang Mai,562,TV_Show,PromptPay,15,1,4,0,>50,18.733333333333334,0.0,0.0,0.0,-1,-1,0.0,0.0,0.0,0.0,0.0,0.0,0,0,0.0,0.0,0,0,0.0,0.0,0,0,0.0,0.0,0,0,0.0,0
LGS2ORD0003870,C014961,2025-01-31 15:00:00,Female,40,Bronze,Shopee,Bangkok,670,Web,COD,15,1,4,0,30-40,22.333333333333332,0.0,0.0,0.0,-1,-1,0.0,0.0,0.0,0.0,0.0,0.0,0,0,0.0,0.0,0,0,0.0,0.0,0,0,0.0,0.0,0,0,0.0,0
LGS2ORD0003871,C015652,2025-01-31 16:00:00,Female,34,Silver,Web,Remote_Area,1246,CallCenter,Credit_Card,16,1,4,0,30-40,41.53333333333333,0.0,0.0,0.0,-1,-1,0.0,0.0,0.0,0.0,0.0,0.0,0,0,0.0,0.0,0,0,0.0,0.0,0,0,0.0,0.0,0,0,0.0,0
LGS2ORD0003872,C010402,2025-01-31 16:00:00,Female,40,Silver,TV,Bangkok,258,Lazada,COD,16,1,4,0,30-40,8.6,0.0,0.0,0.0,-1,-1,0.0,0.0,0.0,0.0,0.0,0.0,0,0,0.0,0.0,0,0,0.0,0.0,0,0,0.0,0.0,0,0,0.0,0
LGS2ORD0003873,C014442,2025-01-31 16:00:00,Male,18,Bronze,Web,Bangkok,934,Lazada,PromptPay,16,1,4,0,<20,31.133333333333333,2.0,1.0,0.5,17,18,3284.6450000000004,0.08,0.5,0.0,0.0,0.0,0,0,0.0,6569.290000000001,2,1,0.5,6569.290000000001,2,1,0.5,6569.290000000001,2,1,0.5,0
LGS2ORD0003874,C010007,2025-01-31 16:00:00,Male,48,Gold,Shopee,Remote_Area,172,Shopee,COD,16,1,4,0,40-50,5.733333333333333,2.0,0.0,0.0,-1,12,783.8,0.2299999999999999,0.5,0.5,0.0,0.0,0,0,0.0,1567.6,2,0,0.0,1567.6,2,0,0.0,1567.6,2,0,0.0,1
LGS2ORD0003875,C017815,2025-01-31 16:00:00,Female,55,Bronze,Shopee,Chiang Mai,1436,Lazada,COD,16,1,4,0,>50,47.86666666666667,0.0,0.0,0.0,-1,-1,0.0,0.0,0.0,0.0,0.0,0.0,0,0,0.0,0.0,0,0,0.0,0.0,0,0,0.0,0.0,0,0,0.0,0
LGS2ORD0003876,C011703,2025-01-31 16:00:00,Male,23,Silver,Web,Remote_Area,1177,Lazada,Bank_Transfer,16,1,4,0,20-30,39.233333333333334,0.0,0.0,0.0,-1,-1,0.0,0.0,0.0,0.0,0.0,0.0,0,0,0.0,0.0,0,0,0.0,0.0,0,0,0.0,0.0,0,0,0.0,0
LGS2ORD0003877,C010813,2025-01-31 17:00:00,Other,37,Bronze,TV,Nakhon Ratchasima,948,Shopee,Credit_Card,17,1,4,0,30-40,31.6,0.0,0.0,0.0,-1,-1,0.0,0.0,0.0,0.0,0.0,0.0,0,0,0.0,0.0,0,0,0.0,0.0,0,0,0.0,0.0,0,0,0.0,0
LGS2ORD0003878,C012979,2025-01-31 17:00:00,Female,63,Bronze,Web,Remote_Area,457,Shopee,COD,17,1,4,0,>50,15.233333333333333,1.0,0.0,0.0,-1,24,7979.87,0.13,1.0,0.0,0.0,0.0,0,0,0.0,7979.87,1,0,0.0,7979.87,1,0,0.0,7979.87,1,0,0.0,0
LGS2ORD0003879,C012700,2025-01-31 17:00:00,Male,34,Platinum,TV,Chiang Mai,385,Lazada,COD,17,1,4,0,30-40,12.833333333333334,1.0,1.0,1.0,-8,1,2698.05,0.25,1.0,1.0,0.0,2698.05,1,1,1.0,2698.05,1,1,1.0,2698.05,1,1,1.0,2698.05,1,1,1.0,0
LGS2ORD0003880,C011994,2025-01-31 17:00:00,Male,47,Silver,TV,Chonburi,838,Lazada,COD,17,1,4,0,40-50,27.933333333333334,2.0,0.0,0.0,-1,0,2010.47,0.3,1.0,0.5,0.0,4020.94,2,0,0.0,4020.94,2,0,0.0,4020.94,2,0,0.0,4020.94,2,0,0.0,0
LGS2ORD0003881,C011000,2025-01-31 17:00:00,Female,31,Bronze,Shopee,Bangkok,250,Web,COD,17,1,4,0,30-40,8.333333333333334,2.0,1.0,0.5,-12,3,10295.880000000001,0.23,1.0,0.5,0.0,9057.64,1,1,1.0,20591.760000000002,2,1,0.5,20591.760000000002,2,1,0.5,20591.760000000002,2,1,0.5,0
LGS2ORD0003882,C014000,2025-01-31 18:00:00,Female,54,Bronze,Shopee,Bangkok,416,CallCenter,COD,18,1,4,0,>50,13.866666666666667,1.0,0.0,0.0,-1,20,1211.76,0.23,0.0,1.0,0.0,0.0,0,0,0.0,1211.76,1,0,0.0,1211.76,1,0,0.0,1211.76,1,0,0.0,0
LGS2ORD0003883,C013507,2025-01-31 18:00:00,Female,71,Bronze,TV,Songkhla,467,Web,COD,18,1,4,0,>50,15.566666666666666,1.0,0.0,0.0,-1,7,19360.41,0.08,1.0,0.0,0.0,0.0,0,0,0.0,19360.41,1,0,0.0,19360.41,1,0,0.0,19360.41,1,0,0.0,0
LGS2ORD0003884,C017305,2025-01-31 18:00:00,Male,38,Gold,Web,Khon Kaen,148,CallCenter,Bank_Transfer,18,1,4,0,30-40,4.933333333333334,0.0,0.0,0.0,-1,-1,0.0,0.0,0.0,0.0,0.0,0.0,0,0,0.0,0.0,0,0,0.0,0.0,0,0,0.0,0.0,0,0,0.0,0
LGS2ORD0003885,C013002,2025-01-31 18:00:00,Female,26,Bronze,TV,Songkhla,276,Web,Credit_Card,18,1,4,0,20-30,9.2,0.0,0.0,0.0,-1,-1,0.0,0.0,0.0,0.0,0.0,0.0,0,0,0.0,0.0,0,0,0.0,0.0,0,0,0.0,0.0,0,0,0.0,0
LGS2ORD0003886,C010046,2025-01-31 18:00:00,Female,53,Silver,TV,Chonburi,508,Lazada,COD,18,1,4,0,>50,16.933333333333334,0.0,0.0,0.0,-1,-1,0.0,0.0,0.0,0.0,0.0,0.0,0,0,0.0,0.0,0,0,0.0,0.0,0,0,0.0,0.0,0,0,0.0,0
LGS2ORD0003887,C014516,2025-01-31 19:00:00,Other,57,Bronze,Lazada,Chonburi,801,Web,COD,19,1,4,0,>50,26.7,0.0,0.0,0.0,-1,-1,0.0,0.0,0.0,0.0,0.0,0.0,0,0,0.0,0.0,0,0,0.0,0.0,0,0,0.0,0.0,0,0,0.0,1
LGS2ORD0003888,C017667,2025-01-31 19:00:00,Female,41,Bronze,Shopee,Chiang Mai,316,Shopee,Bank_Transfer,19,1,4,0,40-50,10.533333333333333,1.0,1.0,1.0,-7,2,4750.62,0.28,0.0,1.0,0.0,4750.62,1,1,1.0,4750.62,1,1,1.0,4750.62,1,1,1.0,4750.62,1,1,1.0,0
LGS2ORD0003889,C011749,2025-01-31 19:00:00,Female,47,Bronze,TV,Khon Kaen,114,TV_Show,Bank_Transfer,19,1,4,0,40-50,3.8,0.0,0.0,0.0,-1,-1,0.0,0.0,0.0,0.0,0.0,0.0,0,0,0.0,0.0,0,0,0.0,0.0,0,0,0.0,0.0,0,0,0.0,0
LGS2ORD0003890,C011928,2025-01-31 19:00:00,Female,41,Bronze,Shopee,Chonburi,1184,Web,Credit_Card,19,1,4,0,40-50,39.46666666666667,0.0,0.0,0.0,-1,-1,0.0,0.0,0.0,0.0,0.0,0.0,0,0,0.0,0.0,0,0,0.0,0.0,0,0,0.0,0.0,0,0,0.0,0
LGS2ORD0003891,C011961,2025-01-31 19:00:00,Female,59,Gold,CallCenter,Bangkok,568,Web,COD,19,1,4,0,>50,18.933333333333334,1.0,0.0,0.0,-1,20,5122.15,0.08,0.0,0.0,0.0,0.0,0,0,0.0,5122.15,1,0,0.0,5122.15,1,0,0.0,5122.15,1,0,0.0,0
LGS2ORD0003892,C011852,2025-01-31 20:00:00,Male,55,Bronze,Shopee,Bangkok,1030,TV_Show,COD,20,1,4,0,>50,34.333333333333336,0.0,0.0,0.0,-1,-1,0.0,0.0,0.0,0.0,0.0,0.0,0,0,0.0,0.0,0,0,0.0,0.0,0,0,0.0,0.0,0,0,0.0,1
LGS2ORD0003893,C015847,2025-01-31 20:00:00,Male,41,Bronze,TV,Bangkok,1116,Shopee,Credit_Card,20,1,4,0,40-50,37.2,0.0,0.0,0.0,-1,-1,0.0,0.0,0.0,0.0,0.0,0.0,0,0,0.0,0.0,0,0,0.0,0.0,0,0,0.0,0.0,0,0,0.0,0
LGS2ORD0003894,C011452,2025-01-31 20:00:00,Male,49,Platinum,Shopee,Nakhon Ratchasima,458,Shopee,PromptPay,20,1,4,0,40-50,15.266666666666667,1.0,0.0,0.0,-1,9,530.25,0.3,0.0,1.0,0.0,0.0,0,0,0.0,530.25,1,0,0.0,530.25,1,0,0.0,530.25,1,0,0.0,0
LGS2ORD0003895,C011792,2025-01-31 20:00:00,Other,27,Gold,TV,Bangkok,384,TV_Show,COD,20,1,4,0,20-30,12.8,0.0,0.0,0.0,-1,-1,0.0,0.0,0.0,0.0,0.0,0.0,0,0,0.0,0.0,0,0,0.0,0.0,0,0,0.0,0.0,0,0,0.0,0
LGS2ORD0003896,C013313,2025-01-31 20:00:00,Male,37,Bronze,TV,Chonburi,1066,TV_Show,COD,20,1,4,0,30-40,35.53333333333333,0.0,0.0,0.0,-1,-1,0.0,0.0,0.0,0.0,0.0,0.0,0,0,0.0,0.0,0,0,0.0,0.0,0,0,0.0,0.0,0,0,0.0,0
LGS2ORD0003897,C015728,2025-01-31 20:00:00,Female,33,Bronze,CallCenter,Remote_Area,208,Web,COD,20,1,4,0,30-40,6.933333333333334,0.0,0.0,0.0,-1,-1,0.0,0.0,0.0,0.0,0.0,0.0,0,0,0.0,0.0,0,0,0.0,0.0,0,0,0.0,0.0,0,0,0.0,1
LGS2ORD0003898,C012856,2025-01-31 21:00:00,Female,37,Bronze,Web,Nakhon Ratchasima,596,Shopee,Bank_Transfer,21,1,4,0,30-40,19.866666666666667,0.0,0.0,0.0,-1,-1,0.0,0.0,0.0,0.0,0.0,0.0,0,0,0.0,0.0,0,0,0.0,0.0,0,0,0.0,0.0,0,0,0.0,0
LGS2ORD0003899,C013860,2025-01-31 21:00:00,Female,30,Gold,Shopee,Bangkok,1121,Shopee,COD,21,1,4,0,20-30,37.36666666666667,1.0,0.0,0.0,-1,4,1496.83,0.2299999999999999,0.0,1.0,0.0,1496.83,1,0,0.0,1496.83,1,0,0.0,1496.83,1,0,0.0,1496.83,1,0,0.0,0
LGS2ORD0003900,C010241,2025-01-31 21:00:00,Male,40,Bronze,Lazada,Bangkok,760,Shopee,Bank_Transfer,21,1,4,0,30-40,25.333333333333332,1.0,0.0,0.0,-1,17,12690.53,0.18,0.0,0.0,0.0,0.0,0,0,0.0,12690.53,1,0,0.0,12690.53,1,0,0.0,12690.53,1,0,0.0,0
LGS2ORD0003901,C013424,2025-01-31 21:00:00,Male,62,Bronze,Web,Chonburi,826,Lazada,COD,21,1,4,0,>50,27.533333333333335,0.0,0.0,0.0,-1,-1,0.0,0.0,0.0,0.0,0.0,0.0,0,0,0.0,0.0,0,0,0.0,0.0,0,0,0.0,0.0,0,0,0.0,1
LGS2ORD0003902,C010779,2025-01-31 21:00:00,Male,27,Silver,Web,Bangkok,480,TV_Show,COD,21,1,4,0,20-30,16.0,0.0,0.0,0.0,-1,-1,0.0,0.0,0.0,0.0,0.0,0.0,0,0,0.0,0.0,0,0,0.0,0.0,0,0,0.0,0.0,0,0,0.0,0
LGS2ORD0003903,C014672,2025-01-31 22:00:00,Female,39,Bronze,Shopee,Chiang Mai,1456,Web,COD,22,1,4,0,30-40,48.53333333333333,1.0,0.0,0.0,-1,26,735.15,0.18,0.0,0.0,0.0,0.0,0,0,0.0,735.15,1,0,0.0,735.15,1,0,0.0,735.15,1,0,0.0,1
LGS2ORD0003904,C017717,2025-01-31 22:00:00,Female,44,Bronze,TV,Chiang Mai,565,TV_Show,Credit_Card,22,1,4,0,40-50,18.833333333333332,0.0,0.0,0.0,-1,-1,0.0,0.0,0.0,0.0,0.0,0.0,0,0,0.0,0.0,0,0,0.0,0.0,0,0,0.0,0.0,0,0,0.0,0
LGS2ORD0003905,C011311,2025-01-31 22:00:00,Female,32,Bronze,TV,Songkhla,654,Web,COD,22,1,4,0,30-40,21.8,0.0,0.0,0.0,-1,-1,0.0,0.0,0.0,0.0,0.0,0.0,0,0,0.0,0.0,0,0,0.0,0.0,0,0,0.0,0.0,0,0,0.0,0
LGS2ORD0003906,C014087,2025-01-31 22:00:00,Female,69,Bronze,TV,Phuket,399,CallCenter,COD,22,1,4,0,>50,13.3,1.0,0.0,0.0,-1,2,11714.89,0.13,1.0,0.0,0.0,11714.89,1,0,0.0,11714.89,1,0,0.0,11714.89,1,0,0.0,11714.89,1,0,0.0,1
LGS2ORD0003907,C011622,2025-01-31 22:00:00,Male,48,Silver,Lazada,Khon Kaen,528,Shopee,PromptPay,22,1,4,0,40-50,17.6,1.0,0.0,0.0,-1,8,933.78,0.3,0.0,1.0,0.0,0.0,0,0,0.0,933.78,1,0,0.0,933.78,1,0,0.0,933.78,1,0,0.0,0
LGS2ORD0003908,C016877,2025-01-31 23:00:00,Other,72,Gold,Shopee,Bangkok,1380,TV_Show,COD,23,1,4,0,>50,46.0,0.0,0.0,0.0,-1,-1,0.0,0.0,0.0,0.0,0.0,0.0,0,0,0.0,0.0,0,0,0.0,0.0,0,0,0.0,0.0,0,0,0.0,0
LGS2ORD0003909,C012829,2025-01-31 23:00:00,Female,72,Silver,TV,Bangkok,861,Lazada,Credit_Card,23,1,4,0,>50,28.7,1.0,0.0,0.0,-1,13,2107.76,0.05,0.0,0.0,0.0,0.0,0,0,0.0,2107.76,1,0,0.0,2107.76,1,0,0.0,2107.76,1,0,0.0,0
LGS2ORD0003910,C011785,2025-01-31 23:00:00,Male,23,Silver,Shopee,Songkhla,1444,Shopee,COD,23,1,4,0,20-30,48.13333333333333,0.0,0.0,0.0,-1,-1,0.0,0.0,0.0,0.0,0.0,0.0,0,0,0.0,0.0,0,0,0.0,0.0,0,0,0.0,0.0,0,0,0.0,0
LGS2ORD0003911,C016992,2025-01-31 23:00:00,Other,36,Bronze,Web,Chonburi,183,Web,COD,23,1,4,0,30-40,6.1,1.0,0.0,0.0,-1,2,8951.04,0.03,0.0,0.0,0.0,8951.04,1,0,0.0,8951.04,1,0,0.0,8951.04,1,0,0.0,8951.04,1,0,0.0,1
LGS2ORD0003912,C015077,2025-01-31 23:00:00,Male,60,Bronze,Shopee,Chonburi,842,TV_Show,COD,23,1,4,0,>50,28.066666666666666,1.0,0.0,0.0,-1,28,12611.31,0.03,1.0,0.0,0.0,0.0,0,0,0.0,12611.31,1,0,0.0,12611.31,1,0,0.0,12611.31,1,0,0.0,0
LGS2ORD0003913,C013094,2025-02-01 00:00:00,Female,37,Gold,Shopee,Bangkok,1284,Lazada,Credit_Card,0,2,5,1,30-40,42.8,0.0,0.0,0.0,-1,-1,0.0,0.0,0.0,0.0,0.0,0.0,0,0,0.0,0.0,0,0,0.0,0.0,0,0,0.0,0.0,0,0,0.0,0
LGS2ORD0003914,C014662,2025-02-01 00:00:00,Female,57,Bronze,Lazada,Remote_Area,1351,Web,Bank_Transfer,0,2,5,1,>50,45.03333333333333,0.0,0.0,0.0,-1,-1,0.0,0.0,0.0,0.0,0.0,0.0,0,0,0.0,0.0,0,0,0.0,0.0,0,0,0.0,0.0,0,0,0.0,0
LGS2ORD0003915,C014019,2025-02-01 00:00:00,Female,41,Gold,Web,Chonburi,146,TV_Show,COD,0,2,5,1,40-50,4.866666666666666,1.0,0.0,0.0,-1,28,5896.05,0.08,0.0,0.0,0.0,0.0,0,0,0.0,5896.05,1,0,0.0,5896.05,1,0,0.0,5896.05,1,0,0.0,1
LGS2ORD0003916,C015536,2025-02-01 00:00:00,Male,51,Silver,Lazada,Phuket,577,Web,Credit_Card,0,2,5,1,>50,19.233333333333334,2.0,0.0,0.0,-1,9,1454.1200000000001,0.05,0.5,0.0,0.0,0.0,0,0,0.0,2908.2400000000002,2,0,0.0,2908.2400000000002,2,0,0.0,2908.2400000000002,2,0,0.0,0
LGS2ORD0003917,C016378,2025-02-01 00:00:00,Male,35,Bronze,TV,Phuket,1292,CallCenter,COD,0,2,5,1,30-40,43.06666666666667,1.0,1.0,1.0,6,9,1899.98,0.18,1.0,0.0,0.0,0.0,0,0,0.0,1899.98,1,1,1.0,1899.98,1,1,1.0,1899.98,1,1,1.0,1
LGS2ORD0003918,C011413,2025-02-01 00:00:00,Female,38,Bronze,Shopee,Bangkok,695,CallCenter,COD,0,2,5,1,30-40,23.166666666666668,0.0,0.0,0.0,-1,-1,0.0,0.0,0.0,0.0,0.0,0.0,0,0,0.0,0.0,0,0,0.0,0.0,0,0,0.0,0.0,0,0,0.0,0
LGS2ORD0003919,C016389,2025-02-01 01:00:00,Male,49,Bronze,Lazada,Remote_Area,536,Shopee,COD,1,2,5,1,40-50,17.866666666666667,0.0,0.0,0.0,-1,-1,0.0,0.0,0.0,0.0,0.0,0.0,0,0,0.0,0.0,0,0,0.0,0.0,0,0,0.0,0.0,0,0,0.0,1
LGS2ORD0003920,C011426,2025-02-01 01:00:00,Male,48,Silver,TV,Nakhon Ratchasima,606,Lazada,Credit_Card,1,2,5,1,40-50,20.2,0.0,0.0,0.0,-1,-1,0.0,0.0,0.0,0.0,0.0,0.0,0,0,0.0,0.0,0,0,0.0,0.0,0,0,0.0,0.0,0,0,0.0,0
LGS2ORD0003921,C015998,2025-02-01 01:00:00,Male,28,Bronze,Web,Phuket,1334,Web,Credit_Card,1,2,5,1,20-30,44.46666666666667,0.0,0.0,0.0,-1,-1,0.0,0.0,0.0,0.0,0.0,0.0,0,0,0.0,0.0,0,0,0.0,0.0,0,0,0.0,0.0,0,0,0.0,0
LGS2ORD0003922,C013799,2025-02-01 01:00:00,Female,63,Bronze,TV,Chiang Mai,355,Web,COD,1,2,5,1,>50,11.833333333333334,0.0,0.0,0.0,-1,-1,0.0,0.0,0.0,0.0,0.0,0.0,0,0,0.0,0.0,0,0,0.0,0.0,0,0,0.0,0.0,0,0,0.0,0
LGS2ORD0003923,C010074,2025-02-01 01:00:00,Female,61,Platinum,TV,Chiang Mai,921,Lazada,COD,1,2,5,1,>50,30.7,2.0,0.0,0.0,-1,23,7869.52,0.15,0.5,0.0,0.0,0.0,0,0,0.0,15739.04,2,0,0.0,15739.04,2,0,0.0,15739.04,2,0,0.0,0
LGS2ORD0003924,C016202,2025-02-01 02:00:00,Male,55,Gold,TV,Chonburi,775,Web,PromptPay,2,2,5,1,>50,25.833333333333332,0.0,0.0,0.0,-1,-1,0.0,0.0,0.0,0.0,0.0,0.0,0,0,0.0,0.0,0,0,0.0,0.0,0,0,0.0,0.0,0,0,0.0,0
LGS2ORD0003925,C010351,2025-02-01 02:00:00,Male,46,Bronze,TV,Bangkok,178,TV_Show,Bank_Transfer,2,2,5,1,40-50,5.933333333333334,0.0,0.0,0.0,-1,-1,0.0,0.0,0.0,0.0,0.0,0.0,0,0,0.0,0.0,0,0,0.0,0.0,0,0,0.0,0.0,0,0,0.0,1
LGS2ORD0003926,C013114,2025-02-01 02:00:00,Female,33,Gold,Shopee,Khon Kaen,647,CallCenter,Credit_Card,2,2,5,1,30-40,21.566666666666666,0.0,0.0,0.0,-1,-1,0.0,0.0,0.0,0.0,0.0,0.0,0,0,0.0,0.0,0,0,0.0,0.0,0,0,0.0,0.0,0,0,0.0,0
LGS2ORD0003927,C014477,2025-02-01 02:00:00,Male,43,Gold,TV,Remote_Area,45,CallCenter,COD,2,2,5,1,40-50,1.5,0.0,0.0,0.0,-1,-1,0.0,0.0,0.0,0.0,0.0,0.0,0,0,0.0,0.0,0,0,0.0,0.0,0,0,0.0,0.0,0,0,0.0,1
LGS2ORD0003928,C016311,2025-02-01 02:00:00,Female,42,Silver,Web,Chonburi,1122,Web,PromptPay,2,2,5,1,40-50,37.4,0.0,0.0,0.0,-1,-1,0.0,0.0,0.0,0.0,0.0,0.0,0,0,0.0,0.0,0,0,0.0,0.0,0,0,0.0,0.0,0,0,0.0,0
LGS2ORD0003929,C010900,2025-02-01 03:00:00,Female,58,Bronze,Web,Songkhla,61,Lazada,Bank_Transfer,3,2,5,1,>50,2.033333333333333,0.0,0.0,0.0,-1,-1,0.0,0.0,0.0,0.0,0.0,0.0,0,0,0.0,0.0,0,0,0.0,0.0,0,0,0.0,0.0,0,0,0.0,0
LGS2ORD0003930,C012644,2025-02-01 03:00:00,Male,32,Bronze,Web,Bangkok,1386,Lazada,COD,3,2,5,1,30-40,46.2,0.0,0.0,0.0,-1,-1,0.0,0.0,0.0,0.0,0.0,0.0,0,0,0.0,0.0,0,0,0.0,0.0,0,0,0.0,0.0,0,0,0.0,0
LGS2ORD0003931,C016354,2025-02-01 03:00:00,Male,59,Bronze,TV,Phuket,326,Shopee,COD,3,2,5,1,>50,10.866666666666667,2.0,0.0,0.0,-1,10,2694.1800000000003,0.18,1.0,0.0,0.0,0.0,0,0,0.0,5388.360000000001,2,0,0.0,5388.360000000001,2,0,0.0,5388.360000000001,2,0,0.0,1
LGS2ORD0003932,C017547,2025-02-01 03:00:00,Female,50,Gold,Lazada,Remote_Area,974,CallCenter,COD,3,2,5,1,40-50,32.46666666666667,1.0,1.0,1.0,4,19,671.36,0.08,0.0,0.0,0.0,0.0,0,0,0.0,671.36,1,1,1.0,671.36,1,1,1.0,671.36,1,1,1.0,1
LGS2ORD0003933,C015488,2025-02-01 03:00:00,Male,23,Gold,Web,Bangkok,676,Lazada,PromptPay,3,2,5,1,20-30,22.533333333333335,0.0,0.0,0.0,-1,-1,0.0,0.0,0.0,0.0,0.0,0.0,0,0,0.0,0.0,0,0,0.0,0.0,0,0,0.0,0.0,0,0,0.0,0
LGS2ORD0003934,C017641,2025-02-01 04:00:00,Male,52,Bronze,CallCenter,Bangkok,905,Lazada,COD,4,2,5,1,>50,30.166666666666668,1.0,0.0,0.0,-1,28,2114.97,0.18,0.0,0.0,0.0,0.0,0,0,0.0,2114.97,1,0,0.0,2114.97,1,0,0.0,2114.97,1,0,0.0,0
LGS2ORD0003935,C010663,2025-02-01 04:00:00,Male,32,Bronze,TV,Songkhla,1028,Shopee,Credit_Card,4,2,5,1,30-40,34.266666666666666,1.0,0.0,0.0,-1,3,4545.68,0.23,1.0,1.0,0.0,4545.68,1,0,0.0,4545.68,1,0,0.0,4545.68,1,0,0.0,4545.68,1,0,0.0,0
LGS2ORD0003936,C015619,2025-02-01 04:00:00,Female,36,Bronze,Web,Chiang Mai,135,TV_Show,Bank_Transfer,4,2,5,1,30-40,4.5,0.0,0.0,0.0,-1,-1,0.0,0.0,0.0,0.0,0.0,0.0,0,0,0.0,0.0,0,0,0.0,0.0,0,0,0.0,0.0,0,0,0.0,1
LGS2ORD0003937,C013035,2025-02-01 04:00:00,Female,46,Gold,CallCenter,Chiang Mai,91,TV_Show,COD,4,2,5,1,40-50,3.033333333333333,0.0,0.0,0.0,-1,-1,0.0,0.0,0.0,0.0,0.0,0.0,0,0,0.0,0.0,0,0,0.0,0.0,0,0,0.0,0.0,0,0,0.0,0
LGS2ORD0003938,C014283,2025-02-01 04:00:00,Male,58,Gold,Lazada,Bangkok,730,TV_Show,COD,4,2,5,1,>50,24.333333333333332,0.0,0.0,0.0,-1,-1,0.0,0.0,0.0,0.0,0.0,0.0,0,0,0.0,0.0,0,0,0.0,0.0,0,0,0.0,0.0,0,0,0.0,0
LGS2ORD0003939,C010203,2025-02-01 04:00:00,Female,51,Bronze,Web,Remote_Area,645,CallCenter,COD,4,2,5,1,>50,21.5,0.0,0.0,0.0,-1,-1,0.0,0.0,0.0,0.0,0.0,0.0,0,0,0.0,0.0,0,0,0.0,0.0,0,0,0.0,0.0,0,0,0.0,0
LGS2ORD0003940,C012250,2025-02-01 05:00:00,Other,38,Bronze,Shopee,Remote_Area,1334,Web,Credit_Card,5,2,5,1,30-40,44.46666666666667,2.0,1.0,0.5,10,23,2684.915,0.08,0.0,0.0,0.0,0.0,0,0,0.0,5369.83,2,1,0.5,5369.83,2,1,0.5,5369.83,2,1,0.5,0
LGS2ORD0003941,C014727,2025-02-01 05:00:00,Male,24,Bronze,Shopee,Bangkok,724,TV_Show,COD,5,2,5,1,20-30,24.133333333333333,0.0,0.0,0.0,-1,-1,0.0,0.0,0.0,0.0,0.0,0.0,0,0,0.0,0.0,0,0,0.0,0.0,0,0,0.0,0.0,0,0,0.0,0
LGS2ORD0003942,C012652,2025-02-01 05:00:00,Female,35,Bronze,TV,Khon Kaen,396,Web,PromptPay,5,2,5,1,30-40,13.2,1.0,0.0,0.0,-1,20,10987.03,0.13,1.0,0.0,0.0,0.0,0,0,0.0,10987.03,1,0,0.0,10987.03,1,0,0.0,10987.03,1,0,0.0,0
LGS2ORD0003943,C010759,2025-02-01 05:00:00,Female,51,Silver,TV,Nakhon Ratchasima,409,Lazada,Credit_Card,5,2,5,1,>50,13.633333333333333,0.0,0.0,0.0,-1,-1,0.0,0.0,0.0,0.0,0.0,0.0,0,0,0.0,0.0,0,0,0.0,0.0,0,0,0.0,0.0,0,0,0.0,0
LGS2ORD0003944,C015820,2025-02-01 05:00:00,Female,33,Platinum,Shopee,Songkhla,93,Shopee,Credit_Card,5,2,5,1,30-40,3.1,2.0,0.0,0.0,-1,17,7268.79,0.25,0.0,0.5,0.0,0.0,0,0,0.0,14537.58,2,0,0.0,14537.58,2,0,0.0,14537.58,2,0,0.0,0
LGS2ORD0003945,C014952,2025-02-01 06:00:00,Female,52,Bronze,TV,Bangkok,128,Shopee,COD,6,2,5,1,>50,4.266666666666667,0.0,0.0,0.0,-1,-1,0.0,0.0,0.0,0.0,0.0,0.0,0,0,0.0,0.0,0,0,0.0,0.0,0,0,0.0,0.0,0,0,0.0,0
LGS2ORD0003946,C014694,2025-02-01 06:00:00,Female,40,Bronze,TV,Songkhla,782,TV_Show,COD,6,2,5,1,30-40,26.066666666666666,0.0,0.0,0.0,-1,-1,0.0,0.0,0.0,0.0,0.0,0.0,0,0,0.0,0.0,0,0,0.0,0.0,0,0,0.0,0.0,0,0,0.0,0
LGS2ORD0003947,C010431,2025-02-01 06:00:00,Male,62,Silver,TV,Bangkok,858,Shopee,COD,6,2,5,1,>50,28.6,1.0,0.0,0.0,-1,27,4976.5,0.15,1.0,0.0,0.0,0.0,0,0,0.0,4976.5,1,0,0.0,4976.5,1,0,0.0,4976.5,1,0,0.0,0
LGS2ORD0003948,C013975,2025-02-01 06:00:00,Male,22,Silver,Lazada,Chonburi,74,TV_Show,COD,6,2,5,1,20-30,2.466666666666667,1.0,1.0,1.0,4,19,3222.91,0.2,1.0,0.0,0.0,0.0,0,0,0.0,3222.91,1,1,1.0,3222.91,1,1,1.0,3222.91,1,1,1.0,0
LGS2ORD0003949,C013767,2025-02-01 06:00:00,Female,23,Bronze,TV,Nakhon Ratchasima,589,Shopee,COD,6,2,5,1,20-30,19.633333333333333,2.0,1.0,0.5,11,7,5146.62,0.28,0.5,0.5,0.0,0.0,0,0,0.0,10293.24,2,1,0.5,10293.24,2,1,0.5,10293.24,2,1,0.5,0
LGS2ORD0003950,C014057,2025-02-01 07:00:00,Male,63,Silver,Web,Chonburi,553,Shopee,Credit_Card,7,2,5,1,>50,18.433333333333334,0.0,0.0,0.0,-1,-1,0.0,0.0,0.0,0.0,0.0,0.0,0,0,0.0,0.0,0,0,0.0,0.0,0,0,0.0,0.0,0,0,0.0,0
LGS2ORD0003951,C015151,2025-02-01 07:00:00,Female,43,Gold,TV,Nakhon Ratchasima,144,TV_Show,PromptPay,7,2,5,1,40-50,4.8,0.0,0.0,0.0,-1,-1,0.0,0.0,0.0,0.0,0.0,0.0,0,0,0.0,0.0,0,0,0.0,0.0,0,0,0.0,0.0,0,0,0.0,0
LGS2ORD0003952,C014121,2025-02-01 07:00:00,Female,46,Silver,CallCenter,Nakhon Ratchasima,914,CallCenter,PromptPay,7,2,5,1,40-50,30.466666666666665,0.0,0.0,0.0,-1,-1,0.0,0.0,0.0,0.0,0.0,0.0,0,0,0.0,0.0,0,0,0.0,0.0,0,0,0.0,0.0,0,0,0.0,0
LGS2ORD0003953,C011274,2025-02-01 07:00:00,Male,54,Silver,TV,Phuket,397,TV_Show,COD,7,2,5,1,>50,13.233333333333333,0.0,0.0,0.0,-1,-1,0.0,0.0,0.0,0.0,0.0,0.0,0,0,0.0,0.0,0,0,0.0,0.0,0,0,0.0,0.0,0,0,0.0,1
LGS2ORD0003954,C010050,2025-02-01 07:00:00,Female,26,Bronze,Shopee,Bangkok,1007,TV_Show,PromptPay,7,2,5,1,20-30,33.56666666666667,1.0,0.0,0.0,-1,27,4582.98,0.03,1.0,0.0,0.0,0.0,0,0,0.0,4582.98,1,0,0.0,4582.98,1,0,0.0,4582.98,1,0,0.0,0
LGS2ORD0003955,C012088,2025-02-01 08:00:00,Female,37,Gold,Web,Bangkok,928,Web,COD,8,2,5,1,30-40,30.933333333333334,1.0,1.0,1.0,4,13,22177.34,0.2299999999999999,1.0,1.0,0.0,0.0,0,0,0.0,22177.34,1,1,1.0,22177.34,1,1,1.0,22177.34,1,1,1.0,0
LGS2ORD0003956,C013296,2025-02-01 08:00:00,Female,46,Silver,Web,Khon Kaen,1010,Shopee,COD,8,2,5,1,40-50,33.666666666666664,0.0,0.0,0.0,-1,-1,0.0,0.0,0.0,0.0,0.0,0.0,0,0,0.0,0.0,0,0,0.0,0.0,0,0,0.0,0.0,0,0,0.0,0
LGS2ORD0003957,C012476,2025-02-01 08:00:00,Female,46,Gold,Web,Bangkok,850,TV_Show,COD,8,2,5,1,40-50,28.333333333333332,1.0,1.0,1.0,19,30,1035.48,0.28,1.0,1.0,0.0,0.0,0,0,0.0,0.0,0,0,0.0,1035.48,1,1,1.0,1035.48,1,1,1.0,0
LGS2ORD0003958,C014961,2025-02-01 08:00:00,Female,40,Bronze,Shopee,Bangkok,671,Shopee,Credit_Card,8,2,5,1,30-40,22.366666666666667,1.0,0.0,0.0,-1,0,1826.99,0.23,1.0,1.0,0.0,1826.99,1,0,0.0,1826.99,1,0,0.0,1826.99,1,0,0.0,1826.99,1,0,0.0,0
LGS2ORD0003959,C012492,2025-02-01 08:00:00,Other,18,Platinum,Lazada,Bangkok,633,Shopee,COD,8,2,5,1,<20,21.1,0.0,0.0,0.0,-1,-1,0.0,0.0,0.0,0.0,0.0,0.0,0,0,0.0,0.0,0,0,0.0,0.0,0,0,0.0,0.0,0,0,0.0,1
LGS2ORD0003960,C016128,2025-02-01 08:00:00,Male,44,Platinum,Web,Chonburi,127,Web,Credit_Card,8,2,5,1,40-50,4.233333333333333,0.0,0.0,0.0,-1,-1,0.0,0.0,0.0,0.0,0.0,0.0,0,0,0.0,0.0,0,0,0.0,0.0,0,0,0.0,0.0,0,0,0.0,0
LGS2ORD0003961,C016897,2025-02-01 09:00:00,Male,56,Silver,TV,Chiang Mai,881,TV_Show,Bank_Transfer,9,2,5,1,>50,29.366666666666667,0.0,0.0,0.0,-1,-1,0.0,0.0,0.0,0.0,0.0,0.0,0,0,0.0,0.0,0,0,0.0,0.0,0,0,0.0,0.0,0,0,0.0,0
LGS2ORD0003962,C013240,2025-02-01 09:00:00,Male,62,Gold,TV,Songkhla,1283,TV_Show,PromptPay,9,2,5,1,>50,42.766666666666666,1.0,1.0,1.0,-7,4,7888.25,0.33,1.0,1.0,0.0,7888.25,1,1,1.0,7888.25,1,1,1.0,7888.25,1,1,1.0,7888.25,1,1,1.0,0
LGS2ORD0003963,C016358,2025-02-01 09:00:00,Male,48,Bronze,TV,Khon Kaen,167,TV_Show,COD,9,2,5,1,40-50,5.566666666666666,1.0,1.0,1.0,14,19,904.6,0.18,0.0,0.0,0.0,0.0,0,0,0.0,904.6,1,1,1.0,904.6,1,1,1.0,904.6,1,1,1.0,1
LGS2ORD0003964,C016764,2025-02-01 09:00:00,Male,40,Bronze,TV,Khon Kaen,74,Shopee,Credit_Card,9,2,5,1,30-40,2.466666666666667,0.0,0.0,0.0,-1,-1,0.0,0.0,0.0,0.0,0.0,0.0,0,0,0.0,0.0,0,0,0.0,0.0,0,0,0.0,0.0,0,0,0.0,0
LGS2ORD0003965,C010975,2025-02-01 09:00:00,Female,51,Gold,Lazada,Chiang Mai,453,Shopee,Credit_Card,9,2,5,1,>50,15.1,1.0,1.0,1.0,0,11,1610.93,0.28,0.0,1.0,0.0,0.0,0,0,0.0,1610.93,1,1,1.0,1610.93,1,1,1.0,1610.93,1,1,1.0,0
LGS2ORD0003966,C010687,2025-02-01 10:00:00,Other,43,Silver,TV,Nakhon Ratchasima,1045,Lazada,PromptPay,10,2,5,1,40-50,34.833333333333336,2.0,0.0,0.0,-1,22,4941.55,0.25,1.0,0.5,0.0,0.0,0,0,0.0,9883.1,2,0,0.0,9883.1,2,0,0.0,9883.1,2,0,0.0,0
LGS2ORD0003967,C016655,2025-02-01 10:00:00,Female,34,Bronze,Lazada,Bangkok,619,Shopee,COD,10,2,5,1,30-40,20.633333333333333,0.0,0.0,0.0,-1,-1,0.0,0.0,0.0,0.0,0.0,0.0,0,0,0.0,0.0,0,0,0.0,0.0,0,0,0.0,0.0,0,0,0.0,1
LGS2ORD0003968,C015640,2025-02-01 10:00:00,Female,52,Silver,TV,Remote_Area,282,Lazada,COD,10,2,5,1,>50,9.4,0.0,0.0,0.0,-1,-1,0.0,0.0,0.0,0.0,0.0,0.0,0,0,0.0,0.0,0,0,0.0,0.0,0,0,0.0,0.0,0,0,0.0,1
LGS2ORD0003969,C015836,2025-02-01 10:00:00,Female,48,Bronze,Shopee,Songkhla,1426,Web,Credit_Card,10,2,5,1,40-50,47.53333333333333,0.0,0.0,0.0,-1,-1,0.0,0.0,0.0,0.0,0.0,0.0,0,0,0.0,0.0,0,0,0.0,0.0,0,0,0.0,0.0,0,0,0.0,0
LGS2ORD0003970,C016873,2025-02-01 10:00:00,Male,40,Bronze,TV,Chiang Mai,131,Shopee,Credit_Card,10,2,5,1,30-40,4.366666666666666,1.0,1.0,1.0,12,25,2720.13,0.18,1.0,0.0,0.0,0.0,0,0,0.0,2720.13,1,1,1.0,2720.13,1,1,1.0,2720.13,1,1,1.0,0
LGS2ORD0003971,C014335,2025-02-01 11:00:00,Male,43,Bronze,Shopee,Remote_Area,1254,Web,COD,11,2,5,1,40-50,41.8,0.0,0.0,0.0,-1,-1,0.0,0.0,0.0,0.0,0.0,0.0,0,0,0.0,0.0,0,0,0.0,0.0,0,0,0.0,0.0,0,0,0.0,0
LGS2ORD0003972,C013669,2025-02-01 11:00:00,Female,54,Bronze,Shopee,Phuket,497,Shopee,Bank_Transfer,11,2,5,1,>50,16.566666666666666,0.0,0.0,0.0,-1,-1,0.0,0.0,0.0,0.0,0.0,0.0,0,0,0.0,0.0,0,0,0.0,0.0,0,0,0.0,0.0,0,0,0.0,0
LGS2ORD0003973,C015361,2025-02-01 11:00:00,Female,46,Bronze,TV,Chonburi,811,CallCenter,COD,11,2,5,1,40-50,27.033333333333335,1.0,0.0,0.0,-1,27,2009.23,0.23,1.0,1.0,0.0,0.0,0,0,0.0,2009.23,1,0,0.0,2009.23,1,0,0.0,2009.23,1,0,0.0,1
LGS2ORD0003974,C010840,2025-02-01 11:00:00,Female,29,Bronze,Web,Chiang Mai,830,Shopee,COD,11,2,5,1,20-30,27.666666666666668,1.0,0.0,0.0,-1,25,1096.94,0.08,0.0,0.0,0.0,0.0,0,0,0.0,1096.94,1,0,0.0,1096.94,1,0,0.0,1096.94,1,0,0.0,0
LGS2ORD0003975,C012433,2025-02-01 11:00:00,Male,43,Platinum,Lazada,Khon Kaen,704,TV_Show,PromptPay,11,2,5,1,40-50,23.466666666666665,0.0,0.0,0.0,-1,-1,0.0,0.0,0.0,0.0,0.0,0.0,0,0,0.0,0.0,0,0,0.0,0.0,0,0,0.0,0.0,0,0,0.0,1
LGS2ORD0003976,C012065,2025-02-01 12:00:00,Female,57,Bronze,Shopee,Bangkok,54,TV_Show,COD,12,2,5,1,>50,1.8,0.0,0.0,0.0,-1,-1,0.0,0.0,0.0,0.0,0.0,0.0,0,0,0.0,0.0,0,0,0.0,0.0,0,0,0.0,0.0,0,0,0.0,0
LGS2ORD0003977,C012963,2025-02-01 12:00:00,Female,35,Bronze,TV,Khon Kaen,386,TV_Show,COD,12,2,5,1,30-40,12.866666666666667,0.0,0.0,0.0,-1,-1,0.0,0.0,0.0,0.0,0.0,0.0,0,0,0.0,0.0,0,0,0.0,0.0,0,0,0.0,0.0,0,0,0.0,0
LGS2ORD0003978,C014712,2025-02-01 12:00:00,Male,21,Gold,CallCenter,Remote_Area,278,CallCenter,Credit_Card,12,2,5,1,20-30,9.266666666666667,0.0,0.0,0.0,-1,-1,0.0,0.0,0.0,0.0,0.0,0.0,0,0,0.0,0.0,0,0,0.0,0.0,0,0,0.0,0.0,0,0,0.0,0
LGS2ORD0003979,C017450,2025-02-01 12:00:00,Female,50,Bronze,TV,Remote_Area,228,Lazada,Credit_Card,12,2,5,1,40-50,7.6,0.0,0.0,0.0,-1,-1,0.0,0.0,0.0,0.0,0.0,0.0,0,0,0.0,0.0,0,0,0.0,0.0,0,0,0.0,0.0,0,0,0.0,0
LGS2ORD0003980,C013834,2025-02-01 12:00:00,Female,18,Bronze,Shopee,Bangkok,1072,Web,PromptPay,12,2,5,1,<20,35.733333333333334,0.0,0.0,0.0,-1,-1,0.0,0.0,0.0,0.0,0.0,0.0,0,0,0.0,0.0,0,0,0.0,0.0,0,0,0.0,0.0,0,0,0.0,0
LGS2ORD0003981,C016834,2025-02-01 12:00:00,Male,54,Silver,Lazada,Chonburi,1323,Web,COD,12,2,5,1,>50,44.1,1.0,0.0,0.0,-1,9,23142.81,0.05,0.0,0.0,0.0,0.0,0,0,0.0,23142.81,1,0,0.0,23142.81,1,0,0.0,23142.81,1,0,0.0,0
LGS2ORD0003982,C010174,2025-02-01 13:00:00,Female,41,Bronze,TV,Chonburi,695,TV_Show,COD,13,2,5,1,40-50,23.166666666666668,0.0,0.0,0.0,-1,-1,0.0,0.0,0.0,0.0,0.0,0.0,0,0,0.0,0.0,0,0,0.0,0.0,0,0,0.0,0.0,0,0,0.0,0
LGS2ORD0003983,C017231,2025-02-01 13:00:00,Female,44,Gold,Shopee,Bangkok,1367,Web,PromptPay,13,2,5,1,40-50,45.56666666666667,0.0,0.0,0.0,-1,-1,0.0,0.0,0.0,0.0,0.0,0.0,0,0,0.0,0.0,0,0,0.0,0.0,0,0,0.0,0.0,0,0,0.0,0
LGS2ORD0003984,C014539,2025-02-01 13:00:00,Male,42,Silver,Lazada,Chiang Mai,877,Web,COD,13,2,5,1,40-50,29.233333333333334,0.0,0.0,0.0,-1,-1,0.0,0.0,0.0,0.0,0.0,0.0,0,0,0.0,0.0,0,0,0.0,0.0,0,0,0.0,0.0,0,0,0.0,0
LGS2ORD0003985,C015064,2025-02-01 13:00:00,Female,46,Bronze,TV,Remote_Area,706,Web,COD,13,2,5,1,40-50,23.533333333333335,2.0,0.0,0.0,-1,3,2034.0649999999998,0.23,0.5,1.0,0.0,4068.1299999999997,2,0,0.0,4068.1299999999997,2,0,0.0,4068.1299999999997,2,0,0.0,4068.1299999999997,2,0,0.0,1
LGS2ORD0003986,C015404,2025-02-01 13:00:00,Female,60,Bronze,Shopee,Songkhla,959,TV_Show,COD,13,2,5,1,>50,31.966666666666665,2.0,0.0,0.0,-1,5,6285.094999999999,0.18,1.0,0.0,0.0,4677.46,1,0,0.0,12570.189999999999,2,0,0.0,12570.189999999999,2,0,0.0,12570.189999999999,2,0,0.0,1
LGS2ORD0003987,C014762,2025-02-01 14:00:00,Male,42,Bronze,TV,Chiang Mai,385,Shopee,PromptPay,14,2,5,1,40-50,12.833333333333334,1.0,0.0,0.0,-1,18,1889.06,0.03,0.0,0.0,0.0,0.0,0,0,0.0,1889.06,1,0,0.0,1889.06,1,0,0.0,1889.06,1,0,0.0,0
LGS2ORD0003988,C016448,2025-02-01 14:00:00,Female,44,Bronze,Lazada,Bangkok,1470,TV_Show,Bank_Transfer,14,2,5,1,40-50,49.0,0.0,0.0,0.0,-1,-1,0.0,0.0,0.0,0.0,0.0,0.0,0,0,0.0,0.0,0,0,0.0,0.0,0,0,0.0,0.0,0,0,0.0,0
LGS2ORD0003989,C017882,2025-02-01 14:00:00,Female,46,Bronze,CallCenter,Khon Kaen,211,Web,Bank_Transfer,14,2,5,1,40-50,7.033333333333333,0.0,0.0,0.0,-1,-1,0.0,0.0,0.0,0.0,0.0,0.0,0,0,0.0,0.0,0,0,0.0,0.0,0,0,0.0,0.0,0,0,0.0,0
LGS2ORD0003990,C017478,2025-02-01 14:00:00,Female,56,Gold,TV,Chiang Mai,552,CallCenter,COD,14,2,5,1,>50,18.4,0.0,0.0,0.0,-1,-1,0.0,0.0,0.0,0.0,0.0,0.0,0,0,0.0,0.0,0,0,0.0,0.0,0,0,0.0,0.0,0,0,0.0,0
LGS2ORD0003991,C013463,2025-02-01 14:00:00,Female,36,Bronze,Web,Khon Kaen,951,TV_Show,COD,14,2,5,1,30-40,31.7,0.0,0.0,0.0,-1,-1,0.0,0.0,0.0,0.0,0.0,0.0,0,0,0.0,0.0,0,0,0.0,0.0,0,0,0.0,0.0,0,0,0.0,0
LGS2ORD0003992,C013185,2025-02-01 15:00:00,Female,39,Gold,TV,Bangkok,1204,CallCenter,COD,15,2,5,1,30-40,40.13333333333333,0.0,0.0,0.0,-1,-1,0.0,0.0,0.0,0.0,0.0,0.0,0,0,0.0,0.0,0,0,0.0,0.0,0,0,0.0,0.0,0,0,0.0,0
LGS2ORD0003993,C014327,2025-02-01 15:00:00,Male,29,Silver,Lazada,Bangkok,1398,Lazada,COD,15,2,5,1,20-30,46.6,0.0,0.0,0.0,-1,-1,0.0,0.0,0.0,0.0,0.0,0.0,0,0,0.0,0.0,0,0,0.0,0.0,0,0,0.0,0.0,0,0,0.0,0
LGS2ORD0003994,C011506,2025-02-01 15:00:00,Male,35,Bronze,Web,Khon Kaen,477,Web,Credit_Card,15,2,5,1,30-40,15.9,0.0,0.0,0.0,-1,-1,0.0,0.0,0.0,0.0,0.0,0.0,0,0,0.0,0.0,0,0,0.0,0.0,0,0,0.0,0.0,0,0,0.0,0
LGS2ORD0003995,C013341,2025-02-01 15:00:00,Female,34,Gold,TV,Remote_Area,1137,Shopee,Credit_Card,15,2,5,1,30-40,37.9,0.0,0.0,0.0,-1,-1,0.0,0.0,0.0,0.0,0.0,0.0,0,0,0.0,0.0,0,0,0.0,0.0,0,0,0.0,0.0,0,0,0.0,0
LGS2ORD0003996,C015858,2025-02-01 15:00:00,Female,41,Gold,Web,Bangkok,1143,TV_Show,COD,15,2,5,1,40-50,38.1,1.0,0.0,0.0,-1,7,2411.52,0.08,0.0,0.0,0.0,0.0,0,0,0.0,2411.52,1,0,0.0,2411.52,1,0,0.0,2411.52,1,0,0.0,1
LGS2ORD0003997,C011075,2025-02-01 15:00:00,Male,20,Silver,Lazada,Nakhon Ratchasima,857,Web,Credit_Card,15,2,5,1,<20,28.566666666666666,0.0,0.0,0.0,-1,-1,0.0,0.0,0.0,0.0,0.0,0.0,0,0,0.0,0.0,0,0,0.0,0.0,0,0,0.0,0.0,0,0,0.0,0
LGS2ORD0003998,C012700,2025-02-01 16:00:00,Male,34,Platinum,TV,Chiang Mai,386,Web,COD,16,2,5,1,30-40,12.866666666666667,2.0,1.0,0.5,-7,0,2405.1800000000003,0.25,1.0,1.0,0.0,4810.360000000001,2,1,0.5,4810.360000000001,2,1,0.5,4810.360000000001,2,1,0.5,4810.360000000001,2,1,0.5,1
LGS2ORD0003999,C010190,2025-02-01 16:00:00,Female,40,Platinum,Shopee,Chonburi,1351,Shopee,Credit_Card,16,2,5,1,30-40,45.03333333333333,0.0,0.0,0.0,-1,-1,0.0,0.0,0.0,0.0,0.0,0.0,0,0,0.0,0.0,0,0,0.0,0.0,0,0,0.0,0.0,0,0,0.0,1
LGS2ORD0004000,C012003,2025-02-01 16:00:00,Male,47,Bronze,Web,Chiang Mai,361,TV_Show,PromptPay,16,2,5,1,40-50,12.033333333333333,0.0,0.0,0.0,-1,-1,0.0,0.0,0.0,0.0,0.0,0.0,0,0,0.0,0.0,0,0,0.0,0.0,0,0,0.0,0.0,0,0,0.0,0
LGS2ORD0004001,C013402,2025-02-01 16:00:00,Male,40,Bronze,TV,Phuket,429,Web,COD,16,2,5,1,30-40,14.3,0.0,0.0,0.0,-1,-1,0.0,0.0,0.0,0.0,0.0,0.0,0,0,0.0,0.0,0,0,0.0,0.0,0,0,0.0,0.0,0,0,0.0,1
LGS2ORD0004002,C011421,2025-02-01 16:00:00,Female,67,Bronze,Web,Chiang Mai,1171,Shopee,COD,16,2,5,1,>50,39.03333333333333,0.0,0.0,0.0,-1,-1,0.0,0.0,0.0,0.0,0.0,0.0,0,0,0.0,0.0,0,0,0.0,0.0,0,0,0.0,0.0,0,0,0.0,0
LGS2ORD0004003,C015448,2025-02-01 17:00:00,Female,36,Silver,Shopee,Chiang Mai,92,Shopee,COD,17,2,5,1,30-40,3.066666666666667,1.0,0.0,0.0,-1,15,8497.66,0.1,1.0,0.0,0.0,0.0,0,0,0.0,8497.66,1,0,0.0,8497.66,1,0,0.0,8497.66,1,0,0.0,0
LGS2ORD0004004,C017481,2025-02-01 17:00:00,Male,54,Bronze,Shopee,Nakhon Ratchasima,241,TV_Show,Bank_Transfer,17,2,5,1,>50,8.033333333333333,0.0,0.0,0.0,-1,-1,0.0,0.0,0.0,0.0,0.0,0.0,0,0,0.0,0.0,0,0,0.0,0.0,0,0,0.0,0.0,0,0,0.0,0
LGS2ORD0004005,C010534,2025-02-01 17:00:00,Female,30,Gold,Web,Chonburi,134,Shopee,PromptPay,17,2,5,1,20-30,4.466666666666667,1.0,0.0,0.0,-1,28,6717.13,0.18,0.0,0.0,0.0,0.0,0,0,0.0,6717.13,1,0,0.0,6717.13,1,0,0.0,6717.13,1,0,0.0,0
LGS2ORD0004006,C010915,2025-02-01 17:00:00,Male,47,Bronze,Lazada,Bangkok,1101,TV_Show,Bank_Transfer,17,2,5,1,40-50,36.7,1.0,0.0,0.0,-1,28,14303.54,0.23,1.0,1.0,0.0,0.0,0,0,0.0,14303.54,1,0,0.0,14303.54,1,0,0.0,14303.54,1,0,0.0,1
LGS2ORD0004007,C016763,2025-02-01 17:00:00,Male,54,Silver,Web,Bangkok,790,Shopee,PromptPay,17,2,5,1,>50,26.333333333333332,0.0,0.0,0.0,-1,-1,0.0,0.0,0.0,0.0,0.0,0.0,0,0,0.0,0.0,0,0,0.0,0.0,0,0,0.0,0.0,0,0,0.0,1
LGS2ORD0004008,C015917,2025-02-01 18:00:00,Female,50,Gold,CallCenter,Nakhon Ratchasima,1406,Lazada,COD,18,2,5,1,40-50,46.86666666666667,1.0,0.0,0.0,-1,18,4518.03,0.33,1.0,1.0,0.0,0.0,0,0,0.0,4518.03,1,0,0.0,4518.03,1,0,0.0,4518.03,1,0,0.0,0
LGS2ORD0004009,C016942,2025-02-01 18:00:00,Male,53,Bronze,TV,Nakhon Ratchasima,1313,CallCenter,Bank_Transfer,18,2,5,1,>50,43.766666666666666,2.0,0.0,0.0,-1,20,6437.84,0.23,0.5,0.5,0.0,0.0,0,0,0.0,12875.68,2,0,0.0,12875.68,2,0,0.0,12875.68,2,0,0.0,0
LGS2ORD0004010,C017780,2025-02-01 18:00:00,Male,21,Bronze,Web,Chonburi,62,Web,Credit_Card,18,2,5,1,20-30,2.066666666666667,0.0,0.0,0.0,-1,-1,0.0,0.0,0.0,0.0,0.0,0.0,0,0,0.0,0.0,0,0,0.0,0.0,0,0,0.0,0.0,0,0,0.0,0
LGS2ORD0004011,C010418,2025-02-01 18:00:00,Female,55,Bronze,TV,Bangkok,909,Shopee,COD,18,2,5,1,>50,30.3,1.0,0.0,0.0,-1,9,7936.46,0.08,0.0,0.0,0.0,0.0,0,0,0.0,7936.46,1,0,0.0,7936.46,1,0,0.0,7936.46,1,0,0.0,0
LGS2ORD0004012,C015553,2025-02-01 18:00:00,Female,18,Bronze,Shopee,Chiang Mai,330,Web,COD,18,2,5,1,<20,11.0,1.0,1.0,1.0,12,26,6133.2,0.03,1.0,0.0,0.0,0.0,0,0,0.0,6133.2,1,1,1.0,6133.2,1,1,1.0,6133.2,1,1,1.0,0
LGS2ORD0004013,C012131,2025-02-01 19:00:00,Male,53,Bronze,Lazada,Remote_Area,1412,TV_Show,Credit_Card,19,2,5,1,>50,47.06666666666667,0.0,0.0,0.0,-1,-1,0.0,0.0,0.0,0.0,0.0,0.0,0,0,0.0,0.0,0,0,0.0,0.0,0,0,0.0,0.0,0,0,0.0,0
LGS2ORD0004014,C016820,2025-02-01 19:00:00,Female,38,Silver,Shopee,Phuket,893,TV_Show,Credit_Card,19,2,5,1,30-40,29.766666666666666,0.0,0.0,0.0,-1,-1,0.0,0.0,0.0,0.0,0.0,0.0,0,0,0.0,0.0,0,0,0.0,0.0,0,0,0.0,0.0,0,0,0.0,1
LGS2ORD0004015,C013907,2025-02-01 19:00:00,Male,46,Gold,Shopee,Songkhla,814,Web,COD,19,2,5,1,40-50,27.133333333333333,0.0,0.0,0.0,-1,-1,0.0,0.0,0.0,0.0,0.0,0.0,0,0,0.0,0.0,0,0,0.0,0.0,0,0,0.0,0.0,0,0,0.0,1
LGS2ORD0004016,C015014,2025-02-01 19:00:00,Female,35,Bronze,Shopee,Bangkok,572,TV_Show,PromptPay,19,2,5,1,30-40,19.066666666666666,0.0,0.0,0.0,-1,-1,0.0,0.0,0.0,0.0,0.0,0.0,0,0,0.0,0.0,0,0,0.0,0.0,0,0,0.0,0.0,0,0,0.0,0
LGS2ORD0004017,C017214,2025-02-01 19:00:00,Female,44,Gold,TV,Chiang Mai,1003,Web,Credit_Card,19,2,5,1,40-50,33.43333333333333,0.0,0.0,0.0,-1,-1,0.0,0.0,0.0,0.0,0.0,0.0,0,0,0.0,0.0,0,0,0.0,0.0,0,0,0.0,0.0,0,0,0.0,0
LGS2ORD0004018,C012397,2025-02-01 19:00:00,Male,49,Bronze,TV,Nakhon Ratchasima,1160,Lazada,COD,19,2,5,1,40-50,38.666666666666664,0.0,0.0,0.0,-1,-1,0.0,0.0,0.0,0.0,0.0,0.0,0,0,0.0,0.0,0,0,0.0,0.0,0,0,0.0,0.0,0,0,0.0,0
LGS2ORD0004019,C012545,2025-02-01 20:00:00,Female,71,Bronze,Web,Chonburi,823,Shopee,Credit_Card,20,2,5,1,>50,27.433333333333334,1.0,0.0,0.0,-1,1,5419.97,0.13,1.0,0.0,0.0,5419.97,1,0,0.0,5419.97,1,0,0.0,5419.97,1,0,0.0,5419.97,1,0,0.0,0
LGS2ORD0004020,C011122,2025-02-01 20:00:00,Female,44,Gold,Web,Songkhla,813,Web,COD,20,2,5,1,40-50,27.1,0.0,0.0,0.0,-1,-1,0.0,0.0,0.0,0.0,0.0,0.0,0,0,0.0,0.0,0,0,0.0,0.0,0,0,0.0,0.0,0,0,0.0,0
LGS2ORD0004021,C015270,2025-02-01 20:00:00,Male,49,Silver,TV,Khon Kaen,1201,Web,Credit_Card,20,2,5,1,40-50,40.03333333333333,0.0,0.0,0.0,-1,-1,0.0,0.0,0.0,0.0,0.0,0.0,0,0,0.0,0.0,0,0,0.0,0.0,0,0,0.0,0.0,0,0,0.0,0
LGS2ORD0004022,C014629,2025-02-01 20:00:00,Female,45,Bronze,Shopee,Bangkok,82,TV_Show,PromptPay,20,2,5,1,40-50,2.7333333333333334,1.0,0.0,0.0,-1,2,17554.45,0.23,1.0,1.0,0.0,17554.45,1,0,0.0,17554.45,1,0,0.0,17554.45,1,0,0.0,17554.45,1,0,0.0,1
LGS2ORD0004023,C010075,2025-02-01 20:00:00,Female,37,Bronze,TV,Bangkok,753,Shopee,Bank_Transfer,20,2,5,1,30-40,25.1,1.0,0.0,0.0,-1,15,317.12,0.18,1.0,0.0,0.0,0.0,0,0,0.0,317.12,1,0,0.0,317.12,1,0,0.0,317.12,1,0,0.0,0
LGS2ORD0004024,C014676,2025-02-01 21:00:00,Female,43,Bronze,TV,Nakhon Ratchasima,389,Lazada,Credit_Card,21,2,5,1,40-50,12.966666666666667,2.0,1.0,0.5,14,6,4285.325,0.18,0.5,0.0,0.0,296.58,1,0,0.0,8570.65,2,1,0.5,8570.65,2,1,0.5,8570.65,2,1,0.5,0
LGS2ORD0004025,C013166,2025-02-01 21:00:00,Male,40,Gold,TV,Chiang Mai,1008,Lazada,PromptPay,21,2,5,1,30-40,33.6,2.0,0.0,0.0,-1,29,6608.465,0.28,0.0,1.0,0.0,0.0,0,0,0.0,6722.91,1,0,0.0,13216.93,2,0,0.0,13216.93,2,0,0.0,1
LGS2ORD0004026,C011311,2025-02-01 21:00:00,Female,32,Bronze,TV,Songkhla,655,Lazada,Credit_Card,21,2,5,1,30-40,21.833333333333332,1.0,0.0,0.0,-1,0,4237.9,0.03,1.0,0.0,0.0,4237.9,1,0,0.0,4237.9,1,0,0.0,4237.9,1,0,0.0,4237.9,1,0,0.0,1
LGS2ORD0004027,C013579,2025-02-01 21:00:00,Male,36,Silver,CallCenter,Nakhon Ratchasima,1075,Lazada,COD,21,2,5,1,30-40,35.833333333333336,0.0,0.0,0.0,-1,-1,0.0,0.0,0.0,0.0,0.0,0.0,0,0,0.0,0.0,0,0,0.0,0.0,0,0,0.0,0.0,0,0,0.0,1
LGS2ORD0004028,C013865,2025-02-01 21:00:00,Female,48,Gold,Shopee,Nakhon Ratchasima,1094,Lazada,PromptPay,21,2,5,1,40-50,36.46666666666667,1.0,0.0,0.0,-1,18,2472.91,0.08,0.0,0.0,0.0,0.0,0,0,0.0,2472.91,1,0,0.0,2472.91,1,0,0.0,2472.91,1,0,0.0,0
LGS2ORD0004029,C017274,2025-02-01 22:00:00,Male,18,Silver,Lazada,Bangkok,188,Web,COD,22,2,5,1,<20,6.266666666666667,0.0,0.0,0.0,-1,-1,0.0,0.0,0.0,0.0,0.0,0.0,0,0,0.0,0.0,0,0,0.0,0.0,0,0,0.0,0.0,0,0,0.0,1
LGS2ORD0004030,C012654,2025-02-01 22:00:00,Female,63,Bronze,Lazada,Remote_Area,1133,CallCenter,Credit_Card,22,2,5,1,>50,37.766666666666666,1.0,0.0,0.0,-1,5,5944.69,0.03,0.0,0.0,0.0,5944.69,1,0,0.0,5944.69,1,0,0.0,5944.69,1,0,0.0,5944.69,1,0,0.0,0
LGS2ORD0004031,C014312,2025-02-01 22:00:00,Female,41,Silver,CallCenter,Bangkok,75,Lazada,Bank_Transfer,22,2,5,1,40-50,2.5,1.0,1.0,1.0,12,27,1327.64,0.25,0.0,1.0,0.0,0.0,0,0,0.0,1327.64,1,1,1.0,1327.64,1,1,1.0,1327.64,1,1,1.0,0
LGS2ORD0004032,C013659,2025-02-01 22:00:00,Male,72,Bronze,TV,Remote_Area,1190,Web,Credit_Card,22,2,5,1,>50,39.666666666666664,0.0,0.0,0.0,-1,-1,0.0,0.0,0.0,0.0,0.0,0.0,0,0,0.0,0.0,0,0,0.0,0.0,0,0,0.0,0.0,0,0,0.0,0
LGS2ORD0004033,C017517,2025-02-01 22:00:00,Female,56,Silver,CallCenter,Khon Kaen,566,TV_Show,COD,22,2,5,1,>50,18.866666666666667,0.0,0.0,0.0,-1,-1,0.0,0.0,0.0,0.0,0.0,0.0,0,0,0.0,0.0,0,0,0.0,0.0,0,0,0.0,0.0,0,0,0.0,0
LGS2ORD0004034,C015153,2025-02-01 23:00:00,Male,71,Silver,TV,Bangkok,1188,Lazada,Credit_Card,23,2,5,1,>50,39.6,0.0,0.0,0.0,-1,-1,0.0,0.0,0.0,0.0,0.0,0.0,0,0,0.0,0.0,0,0,0.0,0.0,0,0,0.0,0.0,0,0,0.0,0
LGS2ORD0004035,C016233,2025-02-01 23:00:00,Female,58,Silver,Lazada,Khon Kaen,1304,Web,PromptPay,23,2,5,1,>50,43.46666666666667,1.0,1.0,1.0,8,19,4006.98,0.05,1.0,0.0,0.0,0.0,0,0,0.0,4006.98,1,1,1.0,4006.98,1,1,1.0,4006.98,1,1,1.0,0
LGS2ORD0004036,C016022,2025-02-01 23:00:00,Male,43,Silver,Lazada,Chonburi,122,Shopee,PromptPay,23,2,5,1,40-50,4.066666666666666,0.0,0.0,0.0,-1,-1,0.0,0.0,0.0,0.0,0.0,0.0,0,0,0.0,0.0,0,0,0.0,0.0,0,0,0.0,0.0,0,0,0.0,0
LGS2ORD0004037,C012024,2025-02-01 23:00:00,Male,35,Silver,Web,Bangkok,1442,Web,Credit_Card,23,2,5,1,30-40,48.06666666666667,2.0,0.0,0.0,-1,10,8661.04,0.15,1.0,0.0,0.0,0.0,0,0,0.0,17322.08,2,0,0.0,17322.08,2,0,0.0,17322.08,2,0,0.0,0
LGS2ORD0004038,C017804,2025-02-01 23:00:00,Female,46,Silver,Shopee,Phuket,203,Lazada,PromptPay,23,2,5,1,40-50,6.766666666666667,0.0,0.0,0.0,-1,-1,0.0,0.0,0.0,0.0,0.0,0.0,0,0,0.0,0.0,0,0,0.0,0.0,0,0,0.0,0.0,0,0,0.0,1
LGS2ORD0004039,C015608,2025-02-01 23:00:00,Female,41,Bronze,Shopee,Bangkok,804,Web,COD,23,2,5,1,40-50,26.8,0.0,0.0,0.0,-1,-1,0.0,0.0,0.0,0.0,0.0,0.0,0,0,0.0,0.0,0,0,0.0,0.0,0,0,0.0,0.0,0,0,0.0,0
LGS2ORD0004040,C017830,2025-02-02 00:00:00,Male,50,Bronze,CallCenter,Phuket,1309,CallCenter,COD,0,2,6,1,40-50,43.63333333333333,0.0,0.0,0.0,-1,-1,0.0,0.0,0.0,0.0,0.0,0.0,0,0,0.0,0.0,0,0,0.0,0.0,0,0,0.0,0.0,0,0,0.0,1
LGS2ORD0004041,C017646,2025-02-02 00:00:00,Female,32,Silver,Web,Bangkok,1085,CallCenter,Credit_Card,0,2,6,1,30-40,36.166666666666664,0.0,0.0,0.0,-1,-1,0.0,0.0,0.0,0.0,0.0,0.0,0,0,0.0,0.0,0,0,0.0,0.0,0,0,0.0,0.0,0,0,0.0,0
LGS2ORD0004042,C015604,2025-02-02 00:00:00,Female,47,Bronze,Web,Nakhon Ratchasima,348,Shopee,COD,0,2,6,1,40-50,11.6,0.0,0.0,0.0,-1,-1,0.0,0.0,0.0,0.0,0.0,0.0,0,0,0.0,0.0,0,0,0.0,0.0,0,0,0.0,0.0,0,0,0.0,0
LGS2ORD0004043,C013245,2025-02-02 00:00:00,Male,43,Bronze,TV,Songkhla,1176,Shopee,COD,0,2,6,1,40-50,39.2,0.0,0.0,0.0,-1,-1,0.0,0.0,0.0,0.0,0.0,0.0,0,0,0.0,0.0,0,0,0.0,0.0,0,0,0.0,0.0,0,0,0.0,1
LGS2ORD0004044,C016520,2025-02-02 00:00:00,Male,61,Bronze,CallCenter,Khon Kaen,850,Shopee,Credit_Card,0,2,6,1,>50,28.333333333333332,1.0,1.0,1.0,16,32,6515.87,0.18,1.0,0.0,0.0,0.0,0,0,0.0,0.0,0,0,0.0,6515.87,1,1,1.0,6515.87,1,1,1.0,1
LGS2ORD0004045,C015361,2025-02-02 01:00:00,Female,46,Bronze,TV,Chonburi,812,Web,COD,1,2,6,1,40-50,27.066666666666666,2.0,1.0,0.5,-13,0,1105.56,0.23,1.0,0.5,0.0,201.89,1,1,1.0,2211.12,2,1,0.5,2211.12,2,1,0.5,2211.12,2,1,0.5,0
LGS2ORD0004046,C010296,2025-02-02 01:00:00,Male,49,Silver,TV,Bangkok,548,Lazada,COD,1,2,6,1,40-50,18.266666666666666,0.0,0.0,0.0,-1,-1,0.0,0.0,0.0,0.0,0.0,0.0,0,0,0.0,0.0,0,0,0.0,0.0,0,0,0.0,0.0,0,0,0.0,0
LGS2ORD0004047,C010310,2025-02-02 01:00:00,Male,54,Silver,TV,Chiang Mai,904,Lazada,Bank_Transfer,1,2,6,1,>50,30.133333333333333,0.0,0.0,0.0,-1,-1,0.0,0.0,0.0,0.0,0.0,0.0,0,0,0.0,0.0,0,0,0.0,0.0,0,0,0.0,0.0,0,0,0.0,0
LGS2ORD0004048,C015726,2025-02-02 01:00:00,Male,38,Bronze,Shopee,Chonburi,220,CallCenter,COD,1,2,6,1,30-40,7.333333333333333,1.0,0.0,0.0,-1,19,738.85,0.18,0.0,0.0,0.0,0.0,0,0,0.0,738.85,1,0,0.0,738.85,1,0,0.0,738.85,1,0,0.0,1
LGS2ORD0004049,C013904,2025-02-02 01:00:00,Male,22,Gold,CallCenter,Khon Kaen,1160,Shopee,COD,1,2,6,1,20-30,38.666666666666664,0.0,0.0,0.0,-1,-1,0.0,0.0,0.0,0.0,0.0,0.0,0,0,0.0,0.0,0,0,0.0,0.0,0,0,0.0,0.0,0,0,0.0,0
LGS2ORD0004050,C013031,2025-02-02 02:00:00,Female,40,Silver,TV,Phuket,1101,Shopee,COD,2,2,6,1,30-40,36.7,2.0,0.0,0.0,-1,11,3104.875,0.1,0.5,0.0,0.0,0.0,0,0,0.0,6209.75,2,0,0.0,6209.75,2,0,0.0,6209.75,2,0,0.0,0
LGS2ORD0004051,C011296,2025-02-02 02:00:00,Male,40,Bronze,Lazada,Chonburi,898,TV_Show,COD,2,2,6,1,30-40,29.933333333333334,0.0,0.0,0.0,-1,-1,0.0,0.0,0.0,0.0,0.0,0.0,0,0,0.0,0.0,0,0,0.0,0.0,0,0,0.0,0.0,0,0,0.0,0
LGS2ORD0004052,C014359,2025-02-02 02:00:00,Female,25,Bronze,Shopee,Bangkok,1312,TV_Show,COD,2,2,6,1,20-30,43.733333333333334,1.0,0.0,0.0,-1,25,2867.34,0.03,1.0,0.0,0.0,0.0,0,0,0.0,2867.34,1,0,0.0,2867.34,1,0,0.0,2867.34,1,0,0.0,1
LGS2ORD0004053,C015339,2025-02-02 02:00:00,Male,60,Bronze,Web,Chonburi,526,Shopee,COD,2,2,6,1,>50,17.533333333333335,2.0,0.0,0.0,-1,4,1682.2150000000001,0.28,0.0,0.5,0.0,924.53,1,0,0.0,3364.4300000000003,2,0,0.0,3364.4300000000003,2,0,0.0,3364.4300000000003,2,0,0.0,0
LGS2ORD0004054,C017477,2025-02-02 02:00:00,Male,33,Silver,Lazada,Nakhon Ratchasima,125,Lazada,Credit_Card,2,2,6,1,30-40,4.166666666666667,2.0,1.0,0.5,13,23,8091.72,0.25,1.0,0.5,0.0,0.0,0,0,0.0,16183.44,2,1,0.5,16183.44,2,1,0.5,16183.44,2,1,0.5,0
LGS2ORD0004055,C016594,2025-02-02 03:00:00,Female,43,Bronze,Lazada,Nakhon Ratchasima,1324,Lazada,COD,3,2,6,1,40-50,44.13333333333333,2.0,0.0,0.0,-1,13,5407.094999999999,0.28,0.0,0.5,0.0,0.0,0,0,0.0,2580.72,1,0,0.0,10814.189999999999,2,0,0.0,10814.189999999999,2,0,0.0,0
LGS2ORD0004056,C017329,2025-02-02 03:00:00,Male,35,Silver,Shopee,Chonburi,644,Web,Credit_Card,3,2,6,1,30-40,21.466666666666665,0.0,0.0,0.0,-1,-1,0.0,0.0,0.0,0.0,0.0,0.0,0,0,0.0,0.0,0,0,0.0,0.0,0,0,0.0,0.0,0,0,0.0,0
LGS2ORD0004057,C014943,2025-02-02 03:00:00,Female,32,Bronze,Shopee,Songkhla,1389,TV_Show,PromptPay,3,2,6,1,30-40,46.3,0.0,0.0,0.0,-1,-1,0.0,0.0,0.0,0.0,0.0,0.0,0,0,0.0,0.0,0,0,0.0,0.0,0,0,0.0,0.0,0,0,0.0,0
LGS2ORD0004058,C016191,2025-02-02 03:00:00,Male,25,Silver,Web,Chonburi,214,TV_Show,COD,3,2,6,1,20-30,7.133333333333334,0.0,0.0,0.0,-1,-1,0.0,0.0,0.0,0.0,0.0,0.0,0,0,0.0,0.0,0,0,0.0,0.0,0,0,0.0,0.0,0,0,0.0,0
LGS2ORD0004059,C016829,2025-02-02 03:00:00,Female,42,Bronze,TV,Songkhla,76,Shopee,Credit_Card,3,2,6,1,40-50,2.533333333333333,1.0,1.0,1.0,6,20,1530.94,0.23,1.0,1.0,0.0,0.0,0,0,0.0,1530.94,1,1,1.0,1530.94,1,1,1.0,1530.94,1,1,1.0,1
LGS2ORD0004060,C016021,2025-02-02 03:00:00,Male,36,Platinum,TV,Nakhon Ratchasima,1322,Lazada,COD,3,2,6,1,30-40,44.06666666666667,0.0,0.0,0.0,-1,-1,0.0,0.0,0.0,0.0,0.0,0.0,0,0,0.0,0.0,0,0,0.0,0.0,0,0,0.0,0.0,0,0,0.0,0
LGS2ORD0004061,C014616,2025-02-02 04:00:00,Female,52,Gold,Shopee,Remote_Area,797,CallCenter,Credit_Card,4,2,6,1,>50,26.566666666666666,2.0,0.0,0.0,-1,13,1014.925,0.28,1.0,1.0,0.0,0.0,0,0,0.0,2029.85,2,0,0.0,2029.85,2,0,0.0,2029.85,2,0,0.0,0
LGS2ORD0004062,C013574,2025-02-02 04:00:00,Female,50,Bronze,Web,Chiang Mai,619,Web,COD,4,2,6,1,40-50,20.633333333333333,1.0,0.0,0.0,-1,29,7547.42,0.13,1.0,0.0,0.0,0.0,0,0,0.0,7547.42,1,0,0.0,7547.42,1,0,0.0,7547.42,1,0,0.0,0
LGS2ORD0004063,C015420,2025-02-02 04:00:00,Male,43,Bronze,Shopee,Songkhla,1451,Web,COD,4,2,6,1,40-50,48.36666666666667,0.0,0.0,0.0,-1,-1,0.0,0.0,0.0,0.0,0.0,0.0,0,0,0.0,0.0,0,0,0.0,0.0,0,0,0.0,0.0,0,0,0.0,0
LGS2ORD0004064,C012926,2025-02-02 04:00:00,Male,18,Bronze,Shopee,Chiang Mai,326,CallCenter,COD,4,2,6,1,<20,10.866666666666667,1.0,1.0,1.0,1,9,8862.18,0.23,0.0,1.0,0.0,0.0,0,0,0.0,8862.18,1,1,1.0,8862.18,1,1,1.0,8862.18,1,1,1.0,1
LGS2ORD0004065,C014734,2025-02-02 04:00:00,Female,72,Silver,Web,Bangkok,534,Web,Credit_Card,4,2,6,1,>50,17.8,4.0,1.0,0.25,5,3,3005.145,0.25,0.0,0.5,0.0,567.4,1,0,0.0,12020.58,4,1,0.25,12020.58,4,1,0.25,12020.58,4,1,0.25,0
LGS2ORD0004066,C016779,2025-02-02 05:00:00,Male,24,Silver,TV,Chonburi,1482,Shopee,PromptPay,5,2,6,1,20-30,49.4,0.0,0.0,0.0,-1,-1,0.0,0.0,0.0,0.0,0.0,0.0,0,0,0.0,0.0,0,0,0.0,0.0,0,0,0.0,0.0,0,0,0.0,0
LGS2ORD0004067,C017218,2025-02-02 05:00:00,Male,45,Gold,Web,Nakhon Ratchasima,1459,Shopee,Credit_Card,5,2,6,1,40-50,48.63333333333333,0.0,0.0,0.0,-1,-1,0.0,0.0,0.0,0.0,0.0,0.0,0,0,0.0,0.0,0,0,0.0,0.0,0,0,0.0,0.0,0,0,0.0,0
LGS2ORD0004068,C016096,2025-02-02 05:00:00,Male,56,Bronze,TV,Khon Kaen,203,Shopee,COD,5,2,6,1,>50,6.766666666666667,0.0,0.0,0.0,-1,-1,0.0,0.0,0.0,0.0,0.0,0.0,0,0,0.0,0.0,0,0,0.0,0.0,0,0,0.0,0.0,0,0,0.0,0
LGS2ORD0004069,C017764,2025-02-02 05:00:00,Male,21,Bronze,TV,Chonburi,1187,Lazada,COD,5,2,6,1,20-30,39.56666666666667,0.0,0.0,0.0,-1,-1,0.0,0.0,0.0,0.0,0.0,0.0,0,0,0.0,0.0,0,0,0.0,0.0,0,0,0.0,0.0,0,0,0.0,0
LGS2ORD0004070,C015132,2025-02-02 05:00:00,Female,46,Gold,TV,Nakhon Ratchasima,1419,Web,Bank_Transfer,5,2,6,1,40-50,47.3,1.0,0.0,0.0,-1,22,5332.98,0.08,0.0,0.0,0.0,0.0,0,0,0.0,5332.98,1,0,0.0,5332.98,1,0,0.0,5332.98,1,0,0.0,0
LGS2ORD0004071,C017854,2025-02-02 06:00:00,Male,69,Silver,Shopee,Remote_Area,855,CallCenter,COD,6,2,6,1,>50,28.5,1.0,1.0,1.0,-15,2,6279.56,0.25,1.0,1.0,0.0,6279.56,1,1,1.0,6279.56,1,1,1.0,6279.56,1,1,1.0,6279.56,1,1,1.0,0
LGS2ORD0004072,C010195,2025-02-02 06:00:00,Male,56,Platinum,TV,Chonburi,1168,TV_Show,PromptPay,6,2,6,1,>50,38.93333333333333,1.0,0.0,0.0,-1,14,2170.71,0.1,0.0,0.0,0.0,0.0,0,0,0.0,2170.71,1,0,0.0,2170.71,1,0,0.0,2170.71,1,0,0.0,1
LGS2ORD0004073,C016317,2025-02-02 06:00:00,Male,45,Bronze,Shopee,Bangkok,87,Lazada,COD,6,2,6,1,40-50,2.9,1.0,1.0,1.0,8,19,3206.24,0.23,1.0,1.0,0.0,0.0,0,0,0.0,3206.24,1,1,1.0,3206.24,1,1,1.0,3206.24,1,1,1.0,1
LGS2ORD0004074,C010024,2025-02-02 06:00:00,Male,30,Gold,TV,Chiang Mai,758,Web,PromptPay,6,2,6,1,20-30,25.266666666666666,0.0,0.0,0.0,-1,-1,0.0,0.0,0.0,0.0,0.0,0.0,0,0,0.0,0.0,0,0,0.0,0.0,0,0,0.0,0.0,0,0,0.0,1
LGS2ORD0004075,C012856,2025-02-02 06:00:00,Female,37,Bronze,Web,Nakhon Ratchasima,598,TV_Show,PromptPay,6,2,6,1,30-40,19.933333333333334,1.0,0.0,0.0,-1,1,584.69,0.13,0.0,0.0,0.0,584.69,1,0,0.0,584.69,1,0,0.0,584.69,1,0,0.0,584.69,1,0,0.0,0
LGS2ORD0004076,C015478,2025-02-02 07:00:00,Female,22,Gold,Web,Khon Kaen,637,Lazada,COD,7,2,6,1,20-30,21.233333333333334,0.0,0.0,0.0,-1,-1,0.0,0.0,0.0,0.0,0.0,0.0,0,0,0.0,0.0,0,0,0.0,0.0,0,0,0.0,0.0,0,0,0.0,0
LGS2ORD0004077,C015151,2025-02-02 07:00:00,Female,43,Gold,TV,Nakhon Ratchasima,145,TV_Show,COD,7,2,6,1,40-50,4.833333333333333,1.0,0.0,0.0,-1,1,1624.52,0.2299999999999999,0.0,1.0,0.0,1624.52,1,0,0.0,1624.52,1,0,0.0,1624.52,1,0,0.0,1624.52,1,0,0.0,0
LGS2ORD0004078,C015631,2025-02-02 07:00:00,Other,52,Bronze,TV,Khon Kaen,108,TV_Show,Credit_Card,7,2,6,1,>50,3.6,0.0,0.0,0.0,-1,-1,0.0,0.0,0.0,0.0,0.0,0.0,0,0,0.0,0.0,0,0,0.0,0.0,0,0,0.0,0.0,0,0,0.0,0
LGS2ORD0004079,C013541,2025-02-02 07:00:00,Female,35,Gold,TV,Khon Kaen,403,Shopee,PromptPay,7,2,6,1,30-40,13.433333333333334,0.0,0.0,0.0,-1,-1,0.0,0.0,0.0,0.0,0.0,0.0,0,0,0.0,0.0,0,0,0.0,0.0,0,0,0.0,0.0,0,0,0.0,0
LGS2ORD0004080,C010433,2025-02-02 07:00:00,Male,32,Gold,CallCenter,Bangkok,569,TV_Show,Credit_Card,7,2,6,1,30-40,18.966666666666665,0.0,0.0,0.0,-1,-1,0.0,0.0,0.0,0.0,0.0,0.0,0,0,0.0,0.0,0,0,0.0,0.0,0,0,0.0,0.0,0,0,0.0,0
LGS2ORD0004081,C015705,2025-02-02 07:00:00,Female,62,Bronze,TV,Phuket,1285,Shopee,Credit_Card,7,2,6,1,>50,42.833333333333336,0.0,0.0,0.0,-1,-1,0.0,0.0,0.0,0.0,0.0,0.0,0,0,0.0,0.0,0,0,0.0,0.0,0,0,0.0,0.0,0,0,0.0,0
LGS2ORD0004082,C015112,2025-02-02 08:00:00,Female,46,Bronze,Web,Nakhon Ratchasima,864,TV_Show,Credit_Card,8,2,6,1,40-50,28.8,0.0,0.0,0.0,-1,-1,0.0,0.0,0.0,0.0,0.0,0.0,0,0,0.0,0.0,0,0,0.0,0.0,0,0,0.0,0.0,0,0,0.0,0
LGS2ORD0004083,C017622,2025-02-02 08:00:00,Female,49,Silver,TV,Chiang Mai,927,Shopee,COD,8,2,6,1,40-50,30.9,1.0,0.0,0.0,-1,28,885.68,0.1,1.0,0.0,0.0,0.0,0,0,0.0,885.68,1,0,0.0,885.68,1,0,0.0,885.68,1,0,0.0,0
LGS2ORD0004084,C014473,2025-02-02 08:00:00,Female,47,Gold,Shopee,Bangkok,385,Shopee,Credit_Card,8,2,6,1,40-50,12.833333333333334,0.0,0.0,0.0,-1,-1,0.0,0.0,0.0,0.0,0.0,0.0,0,0,0.0,0.0,0,0,0.0,0.0,0,0,0.0,0.0,0,0,0.0,0
LGS2ORD0004085,C012533,2025-02-02 08:00:00,Female,31,Bronze,Shopee,Bangkok,601,Shopee,COD,8,2,6,1,30-40,20.033333333333335,0.0,0.0,0.0,-1,-1,0.0,0.0,0.0,0.0,0.0,0.0,0,0,0.0,0.0,0,0,0.0,0.0,0,0,0.0,0.0,0,0,0.0,0
LGS2ORD0004086,C012283,2025-02-02 08:00:00,Female,45,Bronze,TV,Bangkok,182,Lazada,COD,8,2,6,1,40-50,6.066666666666666,1.0,0.0,0.0,-1,4,1480.65,0.28,0.0,1.0,0.0,1480.65,1,0,0.0,1480.65,1,0,0.0,1480.65,1,0,0.0,1480.65,1,0,0.0,0
LGS2ORD0004087,C017370,2025-02-02 09:00:00,Male,46,Silver,TV,Bangkok,1416,TV_Show,COD,9,2,6,1,40-50,47.2,1.0,0.0,0.0,-1,21,198.23,0.05,0.0,0.0,0.0,0.0,0,0,0.0,198.23,1,0,0.0,198.23,1,0,0.0,198.23,1,0,0.0,1
LGS2ORD0004088,C013742,2025-02-02 09:00:00,Male,46,Platinum,Lazada,Remote_Area,841,Lazada,COD,9,2,6,1,40-50,28.033333333333335,0.0,0.0,0.0,-1,-1,0.0,0.0,0.0,0.0,0.0,0.0,0,0,0.0,0.0,0,0,0.0,0.0,0,0,0.0,0.0,0,0,0.0,0
LGS2ORD0004089,C017477,2025-02-02 09:00:00,Male,33,Silver,Lazada,Nakhon Ratchasima,125,Shopee,COD,9,2,6,1,30-40,4.166666666666667,3.0,1.0,0.3333333333333333,13,0,5847.276666666668,0.25,0.6666666666666666,0.6666666666666666,0.0,1358.39,1,0,0.0,17541.83,3,1,0.3333333333333333,17541.83,3,1,0.3333333333333333,17541.83,3,1,0.3333333333333333,0
LGS2ORD0004090,C015394,2025-02-02 09:00:00,Male,72,Bronze,Shopee,Remote_Area,98,TV_Show,COD,9,2,6,1,>50,3.2666666666666666,1.0,0.0,0.0,-1,2,953.06,0.03,0.0,0.0,0.0,953.06,1,0,0.0,953.06,1,0,0.0,953.06,1,0,0.0,953.06,1,0,0.0,0
LGS2ORD0004091,C015972,2025-02-02 09:00:00,Male,46,Gold,CallCenter,Bangkok,1433,Web,COD,9,2,6,1,40-50,47.766666666666666,2.0,0.0,0.0,-1,3,2474.965,0.2299999999999999,0.0,0.5,0.0,4949.93,2,0,0.0,4949.93,2,0,0.0,4949.93,2,0,0.0,4949.93,2,0,0.0,0
LGS2ORD0004092,C013666,2025-02-02 10:00:00,Female,37,Gold,Web,Bangkok,698,Shopee,Credit_Card,10,2,6,1,30-40,23.266666666666666,0.0,0.0,0.0,-1,-1,0.0,0.0,0.0,0.0,0.0,0.0,0,0,0.0,0.0,0,0,0.0,0.0,0,0,0.0,0.0,0,0,0.0,0
LGS2ORD0004093,C011740,2025-02-02 10:00:00,Male,30,Bronze,CallCenter,Nakhon Ratchasima,433,Lazada,Credit_Card,10,2,6,1,20-30,14.433333333333334,1.0,0.0,0.0,-1,16,4283.27,0.28,0.0,1.0,0.0,0.0,0,0,0.0,4283.27,1,0,0.0,4283.27,1,0,0.0,4283.27,1,0,0.0,0
LGS2ORD0004094,C010286,2025-02-02 10:00:00,Male,57,Silver,Lazada,Nakhon Ratchasima,367,Web,Credit_Card,10,2,6,1,>50,12.233333333333333,3.0,0.0,0.0,-1,11,6185.466666666667,0.25,0.3333333333333333,0.3333333333333333,0.0,0.0,0,0,0.0,18556.4,3,0,0.0,18556.4,3,0,0.0,18556.4,3,0,0.0,0
LGS2ORD0004095,C013404,2025-02-02 10:00:00,Female,42,Bronze,Web,Chonburi,864,Web,PromptPay,10,2,6,1,40-50,28.8,0.0,0.0,0.0,-1,-1,0.0,0.0,0.0,0.0,0.0,0.0,0,0,0.0,0.0,0,0,0.0,0.0,0,0,0.0,0.0,0,0,0.0,0
LGS2ORD0004096,C010549,2025-02-02 10:00:00,Male,62,Gold,Shopee,Nakhon Ratchasima,1109,TV_Show,PromptPay,10,2,6,1,>50,36.96666666666667,4.0,0.0,0.0,-1,9,6284.797500000001,0.28,1.0,0.5,0.0,0.0,0,0,0.0,23590.120000000003,3,0,0.0,25139.190000000002,4,0,0.0,25139.190000000002,4,0,0.0,0
LGS2ORD0004097,C013119,2025-02-02 11:00:00,Male,38,Bronze,Lazada,Chiang Mai,1090,Lazada,COD,11,2,6,1,30-40,36.333333333333336,0.0,0.0,0.0,-1,-1,0.0,0.0,0.0,0.0,0.0,0.0,0,0,0.0,0.0,0,0,0.0,0.0,0,0,0.0,0.0,0,0,0.0,0
LGS2ORD0004098,C013038,2025-02-02 11:00:00,Female,36,Bronze,TV,Chiang Mai,353,Web,PromptPay,11,2,6,1,30-40,11.766666666666667,3.0,0.0,0.0,-1,4,5089.203333333334,0.23,0.6666666666666666,0.3333333333333333,0.0,1004.94,1,0,0.0,5566.83,2,0,0.0,15267.610000000002,3,0,0.0,15267.610000000002,3,0,0.0,0
LGS2ORD0004099,C010645,2025-02-02 11:00:00,Male,45,Bronze,TV,Chonburi,1326,TV_Show,Credit_Card,11,2,6,1,40-50,44.2,1.0,0.0,0.0,-1,14,7275.13,0.28,1.0,1.0,0.0,0.0,0,0,0.0,7275.13,1,0,0.0,7275.13,1,0,0.0,7275.13,1,0,0.0,0
LGS2ORD0004100,C015273,2025-02-02 11:00:00,Male,57,Gold,Web,Chonburi,1064,Shopee,COD,11,2,6,1,>50,35.46666666666667,1.0,0.0,0.0,-1,29,30445.16,0.28,0.0,1.0,0.0,0.0,0,0,0.0,30445.16,1,0,0.0,30445.16,1,0,0.0,30445.16,1,0,0.0,0
LGS2ORD0004101,C014513,2025-02-02 11:00:00,Male,47,Silver,CallCenter,Chonburi,945,CallCenter,COD,11,2,6,1,40-50,31.5,0.0,0.0,0.0,-1,-1,0.0,0.0,0.0,0.0,0.0,0.0,0,0,0.0,0.0,0,0,0.0,0.0,0,0,0.0,0.0,0,0,0.0,1
LGS2ORD0004102,C017211,2025-02-02 11:00:00,Male,62,Bronze,Shopee,Nakhon Ratchasima,112,TV_Show,COD,11,2,6,1,>50,3.7333333333333334,1.0,0.0,0.0,-1,7,1048.14,0.03,0.0,0.0,0.0,0.0,0,0,0.0,1048.14,1,0,0.0,1048.14,1,0,0.0,1048.14,1,0,0.0,0
LGS2ORD0004103,C015347,2025-02-02 12:00:00,Male,33,Bronze,TV,Chiang Mai,584,CallCenter,Credit_Card,12,2,6,1,30-40,19.466666666666665,3.0,0.0,0.0,-1,5,4605.213333333333,0.23,0.3333333333333333,0.3333333333333333,0.0,769.22,1,0,0.0,13815.64,3,0,0.0,13815.64,3,0,0.0,13815.64,3,0,0.0,0
LGS2ORD0004104,C012074,2025-02-02 12:00:00,Male,18,Bronze,Lazada,Remote_Area,631,CallCenter,COD,12,2,6,1,<20,21.033333333333335,0.0,0.0,0.0,-1,-1,0.0,0.0,0.0,0.0,0.0,0.0,0,0,0.0,0.0,0,0,0.0,0.0,0,0,0.0,0.0,0,0,0.0,1
LGS2ORD0004105,C010607,2025-02-02 12:00:00,Female,33,Gold,Lazada,Bangkok,1100,Lazada,Credit_Card,12,2,6,1,30-40,36.666666666666664,0.0,0.0,0.0,-1,-1,0.0,0.0,0.0,0.0,0.0,0.0,0,0,0.0,0.0,0,0,0.0,0.0,0,0,0.0,0.0,0,0,0.0,0
LGS2ORD0004106,C015006,2025-02-02 12:00:00,Male,48,Silver,CallCenter,Nakhon Ratchasima,351,Web,COD,12,2,6,1,40-50,11.7,0.0,0.0,0.0,-1,-1,0.0,0.0,0.0,0.0,0.0,0.0,0,0,0.0,0.0,0,0,0.0,0.0,0,0,0.0,0.0,0,0,0.0,0
LGS2ORD0004107,C014482,2025-02-02 12:00:00,Female,55,Bronze,Web,Songkhla,276,TV_Show,COD,12,2,6,1,>50,9.2,1.0,0.0,0.0,-1,20,1938.8,0.28,1.0,1.0,0.0,0.0,0,0,0.0,1938.8,1,0,0.0,1938.8,1,0,0.0,1938.8,1,0,0.0,0
LGS2ORD0004108,C010880,2025-02-02 13:00:00,Female,35,Bronze,Web,Chiang Mai,622,TV_Show,COD,13,2,6,1,30-40,20.733333333333334,2.0,1.0,0.5,3,19,3371.69,0.18,0.0,0.0,0.0,0.0,0,0,0.0,6743.38,2,1,0.5,6743.38,2,1,0.5,6743.38,2,1,0.5,0
LGS2ORD0004109,C015021,2025-02-02 13:00:00,Female,58,Bronze,CallCenter,Chonburi,1066,Shopee,COD,13,2,6,1,>50,35.53333333333333,0.0,0.0,0.0,-1,-1,0.0,0.0,0.0,0.0,0.0,0.0,0,0,0.0,0.0,0,0,0.0,0.0,0,0,0.0,0.0,0,0,0.0,1
LGS2ORD0004110,C015935,2025-02-02 13:00:00,Female,38,Bronze,TV,Songkhla,355,CallCenter,COD,13,2,6,1,30-40,11.833333333333334,1.0,0.0,0.0,-1,10,3318.99,0.18,0.0,0.0,0.0,0.0,0,0,0.0,3318.99,1,0,0.0,3318.99,1,0,0.0,3318.99,1,0,0.0,1
LGS2ORD0004111,C013968,2025-02-02 13:00:00,Male,46,Silver,Web,Bangkok,833,Lazada,Bank_Transfer,13,2,6,1,40-50,27.766666666666666,0.0,0.0,0.0,-1,-1,0.0,0.0,0.0,0.0,0.0,0.0,0,0,0.0,0.0,0,0,0.0,0.0,0,0,0.0,0.0,0,0,0.0,1
LGS2ORD0004112,C017188,2025-02-02 13:00:00,Female,37,Bronze,Web,Chiang Mai,398,CallCenter,COD,13,2,6,1,30-40,13.266666666666667,0.0,0.0,0.0,-1,-1,0.0,0.0,0.0,0.0,0.0,0.0,0,0,0.0,0.0,0,0,0.0,0.0,0,0,0.0,0.0,0,0,0.0,0
LGS2ORD0004113,C016278,2025-02-02 14:00:00,Female,59,Bronze,Shopee,Phuket,1142,Web,Credit_Card,14,2,6,1,>50,38.06666666666667,1.0,0.0,0.0,-1,27,1731.29,0.03,1.0,0.0,0.0,0.0,0,0,0.0,1731.29,1,0,0.0,1731.29,1,0,0.0,1731.29,1,0,0.0,0
LGS2ORD0004114,C017353,2025-02-02 14:00:00,Male,54,Silver,Web,Bangkok,432,TV_Show,Bank_Transfer,14,2,6,1,>50,14.4,2.0,1.0,0.5,14,4,1149.15,0.1,1.0,0.0,0.0,890.53,1,0,0.0,2298.3,2,1,0.5,2298.3,2,1,0.5,2298.3,2,1,0.5,0
LGS2ORD0004115,C014622,2025-02-02 14:00:00,Male,49,Silver,Shopee,Remote_Area,986,TV_Show,Bank_Transfer,14,2,6,1,40-50,32.86666666666667,2.0,0.0,0.0,-1,6,719.295,0.2,0.5,0.0,0.0,418.18,1,0,0.0,1438.59,2,0,0.0,1438.59,2,0,0.0,1438.59,2,0,0.0,0
LGS2ORD0004116,C017048,2025-02-02 14:00:00,Male,46,Bronze,Lazada,Khon Kaen,1054,Web,COD,14,2,6,1,40-50,35.13333333333333,1.0,0.0,0.0,-1,27,7355.8,0.28,1.0,1.0,0.0,0.0,0,0,0.0,7355.8,1,0,0.0,7355.8,1,0,0.0,7355.8,1,0,0.0,0
LGS2ORD0004117,C017290,2025-02-02 14:00:00,Female,51,Bronze,Web,Bangkok,196,TV_Show,Credit_Card,14,2,6,1,>50,6.533333333333333,1.0,0.0,0.0,-1,32,1564.02,0.03,0.0,0.0,0.0,0.0,0,0,0.0,0.0,0,0,0.0,1564.02,1,0,0.0,1564.02,1,0,0.0,0
LGS2ORD0004118,C010254,2025-02-02 14:00:00,Other,31,Bronze,Lazada,Chonburi,777,Lazada,COD,14,2,6,1,30-40,25.9,0.0,0.0,0.0,-1,-1,0.0,0.0,0.0,0.0,0.0,0.0,0,0,0.0,0.0,0,0,0.0,0.0,0,0,0.0,0.0,0,0,0.0,1
LGS2ORD0004119,C017813,2025-02-02 15:00:00,Male,39,Gold,Lazada,Bangkok,1469,Web,PromptPay,15,2,6,1,30-40,48.96666666666667,1.0,0.0,0.0,-1,31,2652.68,0.08,0.0,0.0,0.0,0.0,0,0,0.0,0.0,0,0,0.0,2652.68,1,0,0.0,2652.68,1,0,0.0,0
LGS2ORD0004120,C016325,2025-02-02 15:00:00,Female,52,Bronze,TV,Remote_Area,1135,TV_Show,Credit_Card,15,2,6,1,>50,37.833333333333336,0.0,0.0,0.0,-1,-1,0.0,0.0,0.0,0.0,0.0,0.0,0,0,0.0,0.0,0,0,0.0,0.0,0,0,0.0,0.0,0,0,0.0,1
LGS2ORD0004121,C010786,2025-02-02 15:00:00,Female,40,Bronze,Shopee,Khon Kaen,829,Web,Credit_Card,15,2,6,1,30-40,27.633333333333333,0.0,0.0,0.0,-1,-1,0.0,0.0,0.0,0.0,0.0,0.0,0,0,0.0,0.0,0,0,0.0,0.0,0,0,0.0,0.0,0,0,0.0,0
LGS2ORD0004122,C015001,2025-02-02 15:00:00,Female,40,Bronze,TV,Bangkok,943,Lazada,COD,15,2,6,1,30-40,31.433333333333334,0.0,0.0,0.0,-1,-1,0.0,0.0,0.0,0.0,0.0,0.0,0,0,0.0,0.0,0,0,0.0,0.0,0,0,0.0,0.0,0,0,0.0,0
LGS2ORD0004123,C014088,2025-02-02 15:00:00,Female,30,Silver,TV,Songkhla,413,Lazada,PromptPay,15,2,6,1,20-30,13.766666666666667,0.0,0.0,0.0,-1,-1,0.0,0.0,0.0,0.0,0.0,0.0,0,0,0.0,0.0,0,0,0.0,0.0,0,0,0.0,0.0,0,0,0.0,0
LGS2ORD0004124,C014959,2025-02-02 16:00:00,Female,50,Gold,TV,Khon Kaen,624,Web,PromptPay,16,2,6,1,40-50,20.8,1.0,0.0,0.0,-1,24,150.88,0.28,1.0,1.0,0.0,0.0,0,0,0.0,150.88,1,0,0.0,150.88,1,0,0.0,150.88,1,0,0.0,0
LGS2ORD0004125,C017579,2025-02-02 16:00:00,Male,41,Bronze,CallCenter,Nakhon Ratchasima,1462,Lazada,COD,16,2,6,1,40-50,48.733333333333334,1.0,1.0,1.0,17,25,19896.61,0.18,1.0,0.0,0.0,0.0,0,0,0.0,19896.61,1,1,1.0,19896.61,1,1,1.0,19896.61,1,1,1.0,1
LGS2ORD0004126,C012158,2025-02-02 16:00:00,Female,50,Silver,CallCenter,Chiang Mai,754,Shopee,Credit_Card,16,2,6,1,40-50,25.133333333333333,0.0,0.0,0.0,-1,-1,0.0,0.0,0.0,0.0,0.0,0.0,0,0,0.0,0.0,0,0,0.0,0.0,0,0,0.0,0.0,0,0,0.0,0
LGS2ORD0004127,C013744,2025-02-02 16:00:00,Male,45,Bronze,CallCenter,Songkhla,206,CallCenter,COD,16,2,6,1,40-50,6.866666666666666,0.0,0.0,0.0,-1,-1,0.0,0.0,0.0,0.0,0.0,0.0,0,0,0.0,0.0,0,0,0.0,0.0,0,0,0.0,0.0,0,0,0.0,1
LGS2ORD0004128,C011113,2025-02-02 16:00:00,Female,44,Bronze,TV,Nakhon Ratchasima,1366,Lazada,COD,16,2,6,1,40-50,45.53333333333333,1.0,0.0,0.0,-1,4,272.82,0.08,0.0,0.0,0.0,272.82,1,0,0.0,272.82,1,0,0.0,272.82,1,0,0.0,272.82,1,0,0.0,0
LGS2ORD0004129,C017147,2025-02-02 17:00:00,Female,61,Silver,TV,Phuket,1255,Shopee,Credit_Card,17,2,6,1,>50,41.833333333333336,1.0,0.0,0.0,-1,13,472.36,0.3,0.0,1.0,0.0,0.0,0,0,0.0,472.36,1,0,0.0,472.36,1,0,0.0,472.36,1,0,0.0,0
LGS2ORD0004130,C013627,2025-02-02 17:00:00,Male,50,Gold,TV,Bangkok,1347,Lazada,COD,17,2,6,1,40-50,44.9,0.0,0.0,0.0,-1,-1,0.0,0.0,0.0,0.0,0.0,0.0,0,0,0.0,0.0,0,0,0.0,0.0,0,0,0.0,0.0,0,0,0.0,1
LGS2ORD0004131,C010003,2025-02-02 17:00:00,Male,38,Bronze,Shopee,Khon Kaen,1196,TV_Show,Credit_Card,17,2,6,1,30-40,39.86666666666667,1.0,0.0,0.0,-1,15,3731.91,0.18,0.0,0.0,0.0,0.0,0,0,0.0,3731.91,1,0,0.0,3731.91,1,0,0.0,3731.91,1,0,0.0,0
LGS2ORD0004132,C011338,2025-02-02 17:00:00,Female,39,Bronze,TV,Chonburi,1342,CallCenter,Bank_Transfer,17,2,6,1,30-40,44.733333333333334,0.0,0.0,0.0,-1,-1,0.0,0.0,0.0,0.0,0.0,0.0,0,0,0.0,0.0,0,0,0.0,0.0,0,0,0.0,0.0,0,0,0.0,0
LGS2ORD0004133,C016409,2025-02-02 17:00:00,Male,26,Bronze,Web,Nakhon Ratchasima,445,Web,Credit_Card,17,2,6,1,20-30,14.833333333333334,0.0,0.0,0.0,-1,-1,0.0,0.0,0.0,0.0,0.0,0.0,0,0,0.0,0.0,0,0,0.0,0.0,0,0,0.0,0.0,0,0,0.0,0
LGS2ORD0004134,C010683,2025-02-02 18:00:00,Male,50,Silver,Shopee,Khon Kaen,298,TV_Show,Credit_Card,18,2,6,1,40-50,9.933333333333334,0.0,0.0,0.0,-1,-1,0.0,0.0,0.0,0.0,0.0,0.0,0,0,0.0,0.0,0,0,0.0,0.0,0,0,0.0,0.0,0,0,0.0,0
LGS2ORD0004135,C017766,2025-02-02 18:00:00,Male,42,Bronze,TV,Chiang Mai,710,Shopee,COD,18,2,6,1,40-50,23.666666666666668,0.0,0.0,0.0,-1,-1,0.0,0.0,0.0,0.0,0.0,0.0,0,0,0.0,0.0,0,0,0.0,0.0,0,0,0.0,0.0,0,0,0.0,1
LGS2ORD0004136,C014595,2025-02-02 18:00:00,Female,41,Silver,Shopee,Chiang Mai,910,Lazada,COD,18,2,6,1,40-50,30.333333333333332,0.0,0.0,0.0,-1,-1,0.0,0.0,0.0,0.0,0.0,0.0,0,0,0.0,0.0,0,0,0.0,0.0,0,0,0.0,0.0,0,0,0.0,0
LGS2ORD0004137,C017703,2025-02-02 18:00:00,Female,54,Bronze,TV,Chiang Mai,826,CallCenter,PromptPay,18,2,6,1,>50,27.533333333333335,0.0,0.0,0.0,-1,-1,0.0,0.0,0.0,0.0,0.0,0.0,0,0,0.0,0.0,0,0,0.0,0.0,0,0,0.0,0.0,0,0,0.0,0
LGS2ORD0004138,C015940,2025-02-02 18:00:00,Female,32,Bronze,Shopee,Songkhla,1046,Shopee,PromptPay,18,2,6,1,30-40,34.86666666666667,0.0,0.0,0.0,-1,-1,0.0,0.0,0.0,0.0,0.0,0.0,0,0,0.0,0.0,0,0,0.0,0.0,0,0,0.0,0.0,0,0,0.0,0
LGS2ORD0004139,C015752,2025-02-02 18:00:00,Female,57,Bronze,CallCenter,Remote_Area,913,Web,Bank_Transfer,18,2,6,1,>50,30.433333333333334,2.0,2.0,1.0,-1,4,4811.355,0.08,0.0,0.0,0.0,6743.91,1,1,1.0,9622.71,2,2,1.0,9622.71,2,2,1.0,9622.71,2,2,1.0,0
LGS2ORD0004140,C010310,2025-02-02 19:00:00,Male,54,Silver,TV,Chiang Mai,904,TV_Show,Bank_Transfer,19,2,6,1,>50,30.133333333333333,1.0,0.0,0.0,-1,0,5817.24,0.05,0.0,0.0,0.0,5817.24,1,0,0.0,5817.24,1,0,0.0,5817.24,1,0,0.0,5817.24,1,0,0.0,0
LGS2ORD0004141,C015884,2025-02-02 19:00:00,Female,46,Gold,TV,Chonburi,394,Lazada,COD,19,2,6,1,40-50,13.133333333333333,0.0,0.0,0.0,-1,-1,0.0,0.0,0.0,0.0,0.0,0.0,0,0,0.0,0.0,0,0,0.0,0.0,0,0,0.0,0.0,0,0,0.0,0
LGS2ORD0004142,C012887,2025-02-02 19:00:00,Female,57,Bronze,Shopee,Chonburi,1228,Web,COD,19,2,6,1,>50,40.93333333333333,3.0,2.0,0.6666666666666666,-11,3,5700.73,0.23,1.0,0.3333333333333333,0.0,997.14,1,1,1.0,17102.19,3,2,0.6666666666666666,17102.19,3,2,0.6666666666666666,17102.19,3,2,0.6666666666666666,1
LGS2ORD0004143,C010875,2025-02-02 19:00:00,Male,54,Bronze,CallCenter,Chonburi,722,Shopee,COD,19,2,6,1,>50,24.066666666666666,1.0,0.0,0.0,-1,19,3760.93,0.13,0.0,0.0,0.0,0.0,0,0,0.0,3760.93,1,0,0.0,3760.93,1,0,0.0,3760.93,1,0,0.0,0
LGS2ORD0004144,C014402,2025-02-02 19:00:00,Female,57,Bronze,Web,Remote_Area,751,Web,COD,19,2,6,1,>50,25.033333333333335,1.0,0.0,0.0,-1,30,31166.97,0.28,0.0,1.0,0.0,0.0,0,0,0.0,0.0,0,0,0.0,31166.97,1,0,0.0,31166.97,1,0,0.0,0
LGS2ORD0004145,C013424,2025-02-02 20:00:00,Male,62,Bronze,Web,Chonburi,828,Lazada,COD,20,2,6,1,>50,27.6,1.0,1.0,1.0,-15,1,6283.68,0.18,1.0,0.0,0.0,6283.68,1,1,1.0,6283.68,1,1,1.0,6283.68,1,1,1.0,6283.68,1,1,1.0,0
LGS2ORD0004146,C017729,2025-02-02 20:00:00,Female,28,Gold,Web,Remote_Area,589,TV_Show,Credit_Card,20,2,6,1,20-30,19.633333333333333,0.0,0.0,0.0,-1,-1,0.0,0.0,0.0,0.0,0.0,0.0,0,0,0.0,0.0,0,0,0.0,0.0,0,0,0.0,0.0,0,0,0.0,1
LGS2ORD0004147,C012125,2025-02-02 20:00:00,Female,51,Gold,Shopee,Chiang Mai,478,Web,COD,20,2,6,1,>50,15.933333333333334,1.0,1.0,1.0,11,22,7571.54,0.28,1.0,1.0,0.0,0.0,0,0,0.0,7571.54,1,1,1.0,7571.54,1,1,1.0,7571.54,1,1,1.0,0
LGS2ORD0004148,C016634,2025-02-02 20:00:00,Male,52,Silver,Shopee,Chiang Mai,596,Web,COD,20,2,6,1,>50,19.866666666666667,3.0,1.0,0.3333333333333333,4,3,4630.02,0.1,0.3333333333333333,0.0,0.0,8750.93,1,0,0.0,13890.060000000001,3,1,0.3333333333333333,13890.060000000001,3,1,0.3333333333333333,13890.060000000001,3,1,0.3333333333333333,0
LGS2ORD0004149,C017902,2025-02-02 20:00:00,Female,43,Gold,TV,Bangkok,755,Web,COD,20,2,6,1,40-50,25.166666666666668,0.0,0.0,0.0,-1,-1,0.0,0.0,0.0,0.0,0.0,0.0,0,0,0.0,0.0,0,0,0.0,0.0,0,0,0.0,0.0,0,0,0.0,1
LGS2ORD0004150,C013766,2025-02-02 21:00:00,Male,37,Bronze,TV,Remote_Area,899,Web,Bank_Transfer,21,2,6,1,30-40,29.966666666666665,0.0,0.0,0.0,-1,-1,0.0,0.0,0.0,0.0,0.0,0.0,0,0,0.0,0.0,0,0,0.0,0.0,0,0,0.0,0.0,0,0,0.0,0
LGS2ORD0004151,C015298,2025-02-02 21:00:00,Female,42,Silver,Web,Bangkok,440,Lazada,COD,21,2,6,1,40-50,14.666666666666666,1.0,1.0,1.0,11,17,7370.87,0.05,1.0,0.0,0.0,0.0,0,0,0.0,7370.87,1,1,1.0,7370.87,1,1,1.0,7370.87,1,1,1.0,0
LGS2ORD0004152,C017747,2025-02-02 21:00:00,Female,32,Bronze,Shopee,Khon Kaen,1474,TV_Show,Credit_Card,21,2,6,1,30-40,49.13333333333333,0.0,0.0,0.0,-1,-1,0.0,0.0,0.0,0.0,0.0,0.0,0,0,0.0,0.0,0,0,0.0,0.0,0,0,0.0,0.0,0,0,0.0,1
LGS2ORD0004153,C010822,2025-02-02 21:00:00,Male,25,Bronze,Web,Chiang Mai,1161,CallCenter,Bank_Transfer,21,2,6,1,20-30,38.7,0.0,0.0,0.0,-1,-1,0.0,0.0,0.0,0.0,0.0,0.0,0,0,0.0,0.0,0,0,0.0,0.0,0,0,0.0,0.0,0,0,0.0,0
LGS2ORD0004154,C015289,2025-02-02 21:00:00,Male,43,Bronze,Web,Khon Kaen,957,Web,COD,21,2,6,1,40-50,31.9,0.0,0.0,0.0,-1,-1,0.0,0.0,0.0,0.0,0.0,0.0,0,0,0.0,0.0,0,0,0.0,0.0,0,0,0.0,0.0,0,0,0.0,0
LGS2ORD0004155,C016743,2025-02-02 22:00:00,Male,34,Silver,Web,Chiang Mai,300,TV_Show,COD,22,2,6,1,30-40,10.0,1.0,1.0,1.0,-2,3,1576.78,0.1,1.0,0.0,0.0,1576.78,1,1,1.0,1576.78,1,1,1.0,1576.78,1,1,1.0,1576.78,1,1,1.0,1
LGS2ORD0004156,C015234,2025-02-02 22:00:00,Female,42,Bronze,TV,Chonburi,371,CallCenter,Credit_Card,22,2,6,1,40-50,12.366666666666667,2.0,0.0,0.0,-1,18,5067.345,0.18,0.5,0.0,0.0,0.0,0,0,0.0,10134.69,2,0,0.0,10134.69,2,0,0.0,10134.69,2,0,0.0,0
LGS2ORD0004157,C012731,2025-02-02 22:00:00,Male,45,Bronze,Web,Remote_Area,1240,Lazada,PromptPay,22,2,6,1,40-50,41.333333333333336,1.0,1.0,1.0,1,9,1896.84,0.23,1.0,1.0,0.0,0.0,0,0,0.0,1896.84,1,1,1.0,1896.84,1,1,1.0,1896.84,1,1,1.0,0
LGS2ORD0004158,C014376,2025-02-02 22:00:00,Female,51,Bronze,Shopee,Bangkok,899,TV_Show,PromptPay,22,2,6,1,>50,29.966666666666665,0.0,0.0,0.0,-1,-1,0.0,0.0,0.0,0.0,0.0,0.0,0,0,0.0,0.0,0,0,0.0,0.0,0,0,0.0,0.0,0,0,0.0,0
LGS2ORD0004159,C011962,2025-02-02 22:00:00,Female,38,Silver,Lazada,Remote_Area,1464,Shopee,Credit_Card,22,2,6,1,30-40,48.8,0.0,0.0,0.0,-1,-1,0.0,0.0,0.0,0.0,0.0,0.0,0,0,0.0,0.0,0,0,0.0,0.0,0,0,0.0,0.0,0,0,0.0,0
LGS2ORD0004160,C010290,2025-02-02 22:00:00,Male,54,Silver,Web,Bangkok,1054,Web,PromptPay,22,2,6,1,>50,35.13333333333333,0.0,0.0,0.0,-1,-1,0.0,0.0,0.0,0.0,0.0,0.0,0,0,0.0,0.0,0,0,0.0,0.0,0,0,0.0,0.0,0,0,0.0,0
LGS2ORD0004161,C015494,2025-02-02 23:00:00,Female,38,Gold,Shopee,Phuket,278,Lazada,COD,23,2,6,1,30-40,9.266666666666667,0.0,0.0,0.0,-1,-1,0.0,0.0,0.0,0.0,0.0,0.0,0,0,0.0,0.0,0,0,0.0,0.0,0,0,0.0,0.0,0,0,0.0,0
LGS2ORD0004162,C016703,2025-02-02 23:00:00,Female,34,Bronze,Lazada,Bangkok,935,Web,COD,23,2,6,1,30-40,31.166666666666668,0.0,0.0,0.0,-1,-1,0.0,0.0,0.0,0.0,0.0,0.0,0,0,0.0,0.0,0,0,0.0,0.0,0,0,0.0,0.0,0,0,0.0,0
LGS2ORD0004163,C015009,2025-02-02 23:00:00,Female,58,Bronze,Lazada,Bangkok,798,CallCenter,COD,23,2,6,1,>50,26.6,1.0,0.0,0.0,-1,3,4848.8,0.23,0.0,1.0,0.0,4848.8,1,0,0.0,4848.8,1,0,0.0,4848.8,1,0,0.0,4848.8,1,0,0.0,1
LGS2ORD0004164,C017395,2025-02-02 23:00:00,Male,42,Bronze,Lazada,Khon Kaen,1064,CallCenter,COD,23,2,6,1,40-50,35.46666666666667,0.0,0.0,0.0,-1,-1,0.0,0.0,0.0,0.0,0.0,0.0,0,0,0.0,0.0,0,0,0.0,0.0,0,0,0.0,0.0,0,0,0.0,0
LGS2ORD0004165,C012133,2025-02-02 23:00:00,Female,41,Gold,TV,Bangkok,362,Lazada,COD,23,2,6,1,40-50,12.066666666666666,2.0,0.0,0.0,-1,16,2875.49,0.13,0.0,0.0,0.0,0.0,0,0,0.0,5750.98,2,0,0.0,5750.98,2,0,0.0,5750.98,2,0,0.0,1
LGS2ORD0004166,C016654,2025-02-03 00:00:00,Male,52,Bronze,TV,Khon Kaen,139,Lazada,COD,0,2,0,0,>50,4.633333333333334,0.0,0.0,0.0,-1,-1,0.0,0.0,0.0,0.0,0.0,0.0,0,0,0.0,0.0,0,0,0.0,0.0,0,0,0.0,0.0,0,0,0.0,0
LGS2ORD0004167,C017972,2025-02-03 00:00:00,Female,50,Gold,CallCenter,Chiang Mai,471,Shopee,Credit_Card,0,2,0,0,40-50,15.7,0.0,0.0,0.0,-1,-1,0.0,0.0,0.0,0.0,0.0,0.0,0,0,0.0,0.0,0,0,0.0,0.0,0,0,0.0,0.0,0,0,0.0,0
LGS2ORD0004168,C011539,2025-02-03 00:00:00,Male,38,Gold,Web,Phuket,872,CallCenter,Bank_Transfer,0,2,0,0,30-40,29.066666666666666,0.0,0.0,0.0,-1,-1,0.0,0.0,0.0,0.0,0.0,0.0,0,0,0.0,0.0,0,0,0.0,0.0,0,0,0.0,0.0,0,0,0.0,0
LGS2ORD0004169,C016462,2025-02-03 00:00:00,Male,34,Silver,Web,Nakhon Ratchasima,639,Shopee,Credit_Card,0,2,0,0,30-40,21.3,3.0,0.0,0.0,-1,12,4405.29,0.25,0.3333333333333333,0.3333333333333333,0.0,0.0,0,0,0.0,13215.87,3,0,0.0,13215.87,3,0,0.0,13215.87,3,0,0.0,0
LGS2ORD0004170,C010301,2025-02-03 00:00:00,Male,53,Bronze,CallCenter,Bangkok,503,TV_Show,COD,0,2,0,0,>50,16.766666666666666,1.0,0.0,0.0,-1,30,2256.49,0.13,1.0,0.0,0.0,0.0,0,0,0.0,0.0,0,0,0.0,2256.49,1,0,0.0,2256.49,1,0,0.0,0
LGS2ORD0004171,C011653,2025-02-03 01:00:00,Female,49,Gold,Lazada,Bangkok,65,Shopee,COD,1,2,0,0,40-50,2.1666666666666665,1.0,0.0,0.0,-1,21,1081.53,0.08,0.0,0.0,0.0,0.0,0,0,0.0,1081.53,1,0,0.0,1081.53,1,0,0.0,1081.53,1,0,0.0,0
LGS2ORD0004172,C014748,2025-02-03 01:00:00,Female,44,Silver,TV,Bangkok,905,TV_Show,Credit_Card,1,2,0,0,40-50,30.166666666666668,0.0,0.0,0.0,-1,-1,0.0,0.0,0.0,0.0,0.0,0.0,0,0,0.0,0.0,0,0,0.0,0.0,0,0,0.0,0.0,0,0,0.0,0
LGS2ORD0004173,C010921,2025-02-03 01:00:00,Female,39,Gold,Shopee,Remote_Area,795,TV_Show,COD,1,2,0,0,30-40,26.5,0.0,0.0,0.0,-1,-1,0.0,0.0,0.0,0.0,0.0,0.0,0,0,0.0,0.0,0,0,0.0,0.0,0,0,0.0,0.0,0,0,0.0,0
LGS2ORD0004174,C012934,2025-02-03 01:00:00,Female,42,Bronze,Lazada,Phuket,850,Web,Credit_Card,1,2,0,0,40-50,28.333333333333332,0.0,0.0,0.0,-1,-1,0.0,0.0,0.0,0.0,0.0,0.0,0,0,0.0,0.0,0,0,0.0,0.0,0,0,0.0,0.0,0,0,0.0,1
LGS2ORD0004175,C014379,2025-02-03 01:00:00,Female,49,Platinum,TV,Bangkok,188,Web,COD,1,2,0,0,40-50,6.266666666666667,0.0,0.0,0.0,-1,-1,0.0,0.0,0.0,0.0,0.0,0.0,0,0,0.0,0.0,0,0,0.0,0.0,0,0,0.0,0.0,0,0,0.0,0
LGS2ORD0004176,C011063,2025-02-03 02:00:00,Male,18,Gold,Shopee,Nakhon Ratchasima,647,Web,Credit_Card,2,2,0,0,<20,21.566666666666666,0.0,0.0,0.0,-1,-1,0.0,0.0,0.0,0.0,0.0,0.0,0,0,0.0,0.0,0,0,0.0,0.0,0,0,0.0,0.0,0,0,0.0,0
LGS2ORD0004177,C011610,2025-02-03 02:00:00,Male,34,Silver,TV,Remote_Area,1203,TV_Show,COD,2,2,0,0,30-40,40.1,1.0,0.0,0.0,-1,26,1081.39,0.3,1.0,1.0,0.0,0.0,0,0,0.0,1081.39,1,0,0.0,1081.39,1,0,0.0,1081.39,1,0,0.0,1
LGS2ORD0004178,C014313,2025-02-03 02:00:00,Female,49,Bronze,Shopee,Chiang Mai,114,Web,Credit_Card,2,2,0,0,40-50,3.8,1.0,0.0,0.0,-1,19,8852.69,0.13,0.0,0.0,0.0,0.0,0,0,0.0,8852.69,1,0,0.0,8852.69,1,0,0.0,8852.69,1,0,0.0,0
LGS2ORD0004179,C014870,2025-02-03 02:00:00,Male,71,Bronze,Lazada,Bangkok,1486,Web,Credit_Card,2,2,0,0,>50,49.53333333333333,1.0,0.0,0.0,-1,33,21331.0,0.03,0.0,0.0,0.0,0.0,0,0,0.0,0.0,0,0,0.0,21331.0,1,0,0.0,21331.0,1,0,0.0,0
LGS2ORD0004180,C013615,2025-02-03 02:00:00,Male,44,Gold,Shopee,Bangkok,1174,TV_Show,COD,2,2,0,0,40-50,39.13333333333333,0.0,0.0,0.0,-1,-1,0.0,0.0,0.0,0.0,0.0,0.0,0,0,0.0,0.0,0,0,0.0,0.0,0,0,0.0,0.0,0,0,0.0,1
LGS2ORD0004181,C016803,2025-02-03 02:00:00,Male,23,Silver,TV,Chiang Mai,196,Lazada,COD,2,2,0,0,20-30,6.533333333333333,1.0,0.0,0.0,-1,27,1560.11,0.3,0.0,1.0,0.0,0.0,0,0,0.0,1560.11,1,0,0.0,1560.11,1,0,0.0,1560.11,1,0,0.0,1
LGS2ORD0004182,C013213,2025-02-03 03:00:00,Female,53,Bronze,Web,Songkhla,1295,CallCenter,COD,3,2,0,0,>50,43.166666666666664,0.0,0.0,0.0,-1,-1,0.0,0.0,0.0,0.0,0.0,0.0,0,0,0.0,0.0,0,0,0.0,0.0,0,0,0.0,0.0,0,0,0.0,1
LGS2ORD0004183,C015060,2025-02-03 03:00:00,Male,29,Silver,CallCenter,Remote_Area,433,Shopee,PromptPay,3,2,0,0,20-30,14.433333333333334,0.0,0.0,0.0,-1,-1,0.0,0.0,0.0,0.0,0.0,0.0,0,0,0.0,0.0,0,0,0.0,0.0,0,0,0.0,0.0,0,0,0.0,1
LGS2ORD0004184,C017895,2025-02-03 03:00:00,Female,30,Bronze,Shopee,Chiang Mai,1255,Web,PromptPay,3,2,0,0,20-30,41.833333333333336,1.0,0.0,0.0,-1,13,4596.26,0.28,1.0,1.0,0.0,0.0,0,0,0.0,4596.26,1,0,0.0,4596.26,1,0,0.0,4596.26,1,0,0.0,1
LGS2ORD0004185,C013031,2025-02-03 03:00:00,Female,40,Silver,TV,Phuket,1102,Lazada,COD,3,2,0,0,30-40,36.733333333333334,3.0,0.0,0.0,-1,1,4825.496666666667,0.2,0.6666666666666666,0.0,0.0,8266.74,1,0,0.0,14476.49,3,0,0.0,14476.49,3,0,0.0,14476.49,3,0,0.0,0
LGS2ORD0004186,C014440,2025-02-03 03:00:00,Male,53,Bronze,Lazada,Nakhon Ratchasima,331,Web,Credit_Card,3,2,0,0,>50,11.033333333333333,0.0,0.0,0.0,-1,-1,0.0,0.0,0.0,0.0,0.0,0.0,0,0,0.0,0.0,0,0,0.0,0.0,0,0,0.0,0.0,0,0,0.0,0
LGS2ORD0004187,C012829,2025-02-03 04:00:00,Female,72,Silver,TV,Bangkok,864,TV_Show,COD,4,2,0,0,>50,28.8,2.0,0.0,0.0,-1,2,2266.36,0.25,0.0,0.5,0.0,2424.96,1,0,0.0,4532.72,2,0,0.0,4532.72,2,0,0.0,4532.72,2,0,0.0,1
LGS2ORD0004188,C017869,2025-02-03 04:00:00,Male,43,Silver,TV,Songkhla,116,Shopee,COD,4,2,0,0,40-50,3.8666666666666667,0.0,0.0,0.0,-1,-1,0.0,0.0,0.0,0.0,0.0,0.0,0,0,0.0,0.0,0,0,0.0,0.0,0,0,0.0,0.0,0,0,0.0,0
LGS2ORD0004189,C010700,2025-02-03 04:00:00,Male,32,Bronze,CallCenter,Chiang Mai,506,CallCenter,Bank_Transfer,4,2,0,0,30-40,16.866666666666667,1.0,0.0,0.0,-1,23,3823.49,0.03,1.0,0.0,0.0,0.0,0,0,0.0,3823.49,1,0,0.0,3823.49,1,0,0.0,3823.49,1,0,0.0,0
LGS2ORD0004190,C013888,2025-02-03 04:00:00,Male,57,Silver,TV,Khon Kaen,626,Shopee,Bank_Transfer,4,2,0,0,>50,20.866666666666667,0.0,0.0,0.0,-1,-1,0.0,0.0,0.0,0.0,0.0,0.0,0,0,0.0,0.0,0,0,0.0,0.0,0,0,0.0,0.0,0,0,0.0,0
LGS2ORD0004191,C010666,2025-02-03 04:00:00,Female,24,Silver,TV,Chiang Mai,498,Shopee,COD,4,2,0,0,20-30,16.6,0.0,0.0,0.0,-1,-1,0.0,0.0,0.0,0.0,0.0,0.0,0,0,0.0,0.0,0,0,0.0,0.0,0,0,0.0,0.0,0,0,0.0,0
LGS2ORD0004192,C015277,2025-02-03 05:00:00,Male,42,Bronze,Web,Bangkok,1301,Shopee,COD,5,2,0,0,40-50,43.36666666666667,0.0,0.0,0.0,-1,-1,0.0,0.0,0.0,0.0,0.0,0.0,0,0,0.0,0.0,0,0,0.0,0.0,0,0,0.0,0.0,0,0,0.0,0
LGS2ORD0004193,C013250,2025-02-03 05:00:00,Male,57,Silver,TV,Phuket,195,Web,COD,5,2,0,0,>50,6.5,0.0,0.0,0.0,-1,-1,0.0,0.0,0.0,0.0,0.0,0.0,0,0,0.0,0.0,0,0,0.0,0.0,0,0,0.0,0.0,0,0,0.0,0
LGS2ORD0004194,C014442,2025-02-03 05:00:00,Male,18,Bronze,Web,Bangkok,937,Web,COD,5,2,0,0,<20,31.233333333333334,3.0,1.0,0.3333333333333333,19,2,4428.22,0.08,0.3333333333333333,0.0,0.0,6715.37,1,0,0.0,13284.66,3,1,0.3333333333333333,13284.66,3,1,0.3333333333333333,13284.66,3,1,0.3333333333333333,1
LGS2ORD0004195,C010388,2025-02-03 05:00:00,Female,38,Bronze,CallCenter,Chonburi,1368,TV_Show,PromptPay,5,2,0,0,30-40,45.6,0.0,0.0,0.0,-1,-1,0.0,0.0,0.0,0.0,0.0,0.0,0,0,0.0,0.0,0,0,0.0,0.0,0,0,0.0,0.0,0,0,0.0,0
LGS2ORD0004196,C014757,2025-02-03 05:00:00,Male,41,Gold,Lazada,Phuket,1423,Shopee,COD,5,2,0,0,40-50,47.43333333333333,0.0,0.0,0.0,-1,-1,0.0,0.0,0.0,0.0,0.0,0.0,0,0,0.0,0.0,0,0,0.0,0.0,0,0,0.0,0.0,0,0,0.0,0
LGS2ORD0004197,C011337,2025-02-03 06:00:00,Male,22,Bronze,TV,Remote_Area,517,Web,Credit_Card,6,2,0,0,20-30,17.233333333333334,1.0,1.0,1.0,6,19,1551.72,0.13,1.0,0.0,0.0,0.0,0,0,0.0,1551.72,1,1,1.0,1551.72,1,1,1.0,1551.72,1,1,1.0,0
LGS2ORD0004198,C017221,2025-02-03 06:00:00,Female,29,Gold,Shopee,Bangkok,1380,Web,Bank_Transfer,6,2,0,0,20-30,46.0,0.0,0.0,0.0,-1,-1,0.0,0.0,0.0,0.0,0.0,0.0,0,0,0.0,0.0,0,0,0.0,0.0,0,0,0.0,0.0,0,0,0.0,0
LGS2ORD0004199,C010953,2025-02-03 06:00:00,Male,38,Bronze,Web,Chiang Mai,1040,Lazada,COD,6,2,0,0,30-40,34.666666666666664,0.0,0.0,0.0,-1,-1,0.0,0.0,0.0,0.0,0.0,0.0,0,0,0.0,0.0,0,0,0.0,0.0,0,0,0.0,0.0,0,0,0.0,0
LGS2ORD0004200,C017100,2025-02-03 06:00:00,Female,40,Silver,Lazada,Bangkok,1473,TV_Show,COD,6,2,0,0,30-40,49.1,0.0,0.0,0.0,-1,-1,0.0,0.0,0.0,0.0,0.0,0.0,0,0,0.0,0.0,0,0,0.0,0.0,0,0,0.0,0.0,0,0,0.0,0
LGS2ORD0004201,C011857,2025-02-03 06:00:00,Male,37,Bronze,Web,Songkhla,1396,Shopee,COD,6,2,0,0,30-40,46.53333333333333,0.0,0.0,0.0,-1,-1,0.0,0.0,0.0,0.0,0.0,0.0,0,0,0.0,0.0,0,0,0.0,0.0,0,0,0.0,0.0,0,0,0.0,0
LGS2ORD0004202,C017225,2025-02-03 06:00:00,Female,39,Bronze,Shopee,Chiang Mai,1065,Shopee,COD,6,2,0,0,30-40,35.5,1.0,0.0,0.0,-1,18,867.02,0.08,1.0,0.0,0.0,0.0,0,0,0.0,867.02,1,0,0.0,867.02,1,0,0.0,867.02,1,0,0.0,0
LGS2ORD0004203,C011945,2025-02-03 07:00:00,Female,44,Bronze,CallCenter,Bangkok,557,Web,COD,7,2,0,0,40-50,18.566666666666666,0.0,0.0,0.0,-1,-1,0.0,0.0,0.0,0.0,0.0,0.0,0,0,0.0,0.0,0,0,0.0,0.0,0,0,0.0,0.0,0,0,0.0,1
LGS2ORD0004204,C017961,2025-02-03 07:00:00,Female,35,Bronze,Lazada,Chiang Mai,905,Lazada,Credit_Card,7,2,0,0,30-40,30.166666666666668,1.0,0.0,0.0,-1,20,6224.19,0.03,0.0,0.0,0.0,0.0,0,0,0.0,6224.19,1,0,0.0,6224.19,1,0,0.0,6224.19,1,0,0.0,1
LGS2ORD0004205,C017359,2025-02-03 07:00:00,Female,44,Silver,Lazada,Phuket,195,CallCenter,PromptPay,7,2,0,0,40-50,6.5,0.0,0.0,0.0,-1,-1,0.0,0.0,0.0,0.0,0.0,0.0,0,0,0.0,0.0,0,0,0.0,0.0,0,0,0.0,0.0,0,0,0.0,0
LGS2ORD0004206,C011952,2025-02-03 07:00:00,Female,48,Bronze,Web,Bangkok,1057,Shopee,Bank_Transfer,7,2,0,0,40-50,35.233333333333334,0.0,0.0,0.0,-1,-1,0.0,0.0,0.0,0.0,0.0,0.0,0,0,0.0,0.0,0,0,0.0,0.0,0,0,0.0,0.0,0,0,0.0,0
LGS2ORD0004207,C016394,2025-02-03 07:00:00,Male,34,Silver,Web,Remote_Area,1032,Shopee,Credit_Card,7,2,0,0,30-40,34.4,2.0,1.0,0.5,10,6,6545.120000000001,0.25,0.5,0.5,0.0,5256.68,1,0,0.0,13090.240000000002,2,1,0.5,13090.240000000002,2,1,0.5,13090.240000000002,2,1,0.5,0
LGS2ORD0004208,C010512,2025-02-03 08:00:00,Male,38,Gold,TV,Chonburi,966,Shopee,PromptPay,8,2,0,0,30-40,32.2,0.0,0.0,0.0,-1,-1,0.0,0.0,0.0,0.0,0.0,0.0,0,0,0.0,0.0,0,0,0.0,0.0,0,0,0.0,0.0,0,0,0.0,0
LGS2ORD0004209,C012799,2025-02-03 08:00:00,Male,38,Gold,TV,Chonburi,487,CallCenter,PromptPay,8,2,0,0,30-40,16.233333333333334,0.0,0.0,0.0,-1,-1,0.0,0.0,0.0,0.0,0.0,0.0,0,0,0.0,0.0,0,0,0.0,0.0,0,0,0.0,0.0,0,0,0.0,0
LGS2ORD0004210,C012157,2025-02-03 08:00:00,Male,54,Silver,Shopee,Remote_Area,209,TV_Show,Credit_Card,8,2,0,0,>50,6.966666666666667,3.0,1.0,0.3333333333333333,15,9,2965.853333333334,0.3,0.6666666666666666,0.3333333333333333,0.0,0.0,0,0,0.0,8897.560000000001,3,1,0.3333333333333333,8897.560000000001,3,1,0.3333333333333333,8897.560000000001,3,1,0.3333333333333333,0
LGS2ORD0004211,C016926,2025-02-03 08:00:00,Male,67,Bronze,TV,Remote_Area,642,Lazada,COD,8,2,0,0,>50,21.4,0.0,0.0,0.0,-1,-1,0.0,0.0,0.0,0.0,0.0,0.0,0,0,0.0,0.0,0,0,0.0,0.0,0,0,0.0,0.0,0,0,0.0,0
LGS2ORD0004212,C015780,2025-02-03 08:00:00,Female,56,Bronze,TV,Bangkok,292,Lazada,PromptPay,8,2,0,0,>50,9.733333333333333,0.0,0.0,0.0,-1,-1,0.0,0.0,0.0,0.0,0.0,0.0,0,0,0.0,0.0,0,0,0.0,0.0,0,0,0.0,0.0,0,0,0.0,1
LGS2ORD0004213,C013466,2025-02-03 09:00:00,Female,49,Bronze,Web,Songkhla,144,Lazada,COD,9,2,0,0,40-50,4.8,1.0,0.0,0.0,-1,32,25278.92,0.03,0.0,0.0,0.0,0.0,0,0,0.0,0.0,0,0,0.0,25278.92,1,0,0.0,25278.92,1,0,0.0,0
LGS2ORD0004214,C011152,2025-02-03 09:00:00,Female,18,Silver,Web,Bangkok,280,TV_Show,Bank_Transfer,9,2,0,0,<20,9.333333333333334,1.0,0.0,0.0,-1,33,1593.76,0.15,0.0,0.0,0.0,0.0,0,0,0.0,0.0,0,0,0.0,1593.76,1,0,0.0,1593.76,1,0,0.0,0
LGS2ORD0004215,C015585,2025-02-03 09:00:00,Female,60,Bronze,TV,Bangkok,512,Web,Credit_Card,9,2,0,0,>50,17.066666666666666,1.0,1.0,1.0,0,4,11876.04,0.23,1.0,1.0,0.0,11876.04,1,1,1.0,11876.04,1,1,1.0,11876.04,1,1,1.0,11876.04,1,1,1.0,0
LGS2ORD0004216,C015953,2025-02-03 09:00:00,Female,27,Silver,Lazada,Chiang Mai,304,Lazada,COD,9,2,0,0,20-30,10.133333333333333,0.0,0.0,0.0,-1,-1,0.0,0.0,0.0,0.0,0.0,0.0,0,0,0.0,0.0,0,0,0.0,0.0,0,0,0.0,0.0,0,0,0.0,0
LGS2ORD0004217,C017542,2025-02-03 09:00:00,Female,45,Bronze,TV,Chiang Mai,105,Lazada,Credit_Card,9,2,0,0,40-50,3.5,1.0,1.0,1.0,-8,3,1457.48,0.18,1.0,0.0,0.0,1457.48,1,1,1.0,1457.48,1,1,1.0,1457.48,1,1,1.0,1457.48,1,1,1.0,0
LGS2ORD0004218,C011063,2025-02-03 09:00:00,Male,18,Gold,Shopee,Nakhon Ratchasima,647,CallCenter,COD,9,2,0,0,<20,21.566666666666666,1.0,0.0,0.0,-1,0,603.43,0.28,0.0,1.0,0.0,603.43,1,0,0.0,603.43,1,0,0.0,603.43,1,0,0.0,603.43,1,0,0.0,0
LGS2ORD0004219,C011109,2025-02-03 10:00:00,Male,39,Bronze,Shopee,Songkhla,430,CallCenter,COD,10,2,0,0,30-40,14.333333333333334,0.0,0.0,0.0,-1,-1,0.0,0.0,0.0,0.0,0.0,0.0,0,0,0.0,0.0,0,0,0.0,0.0,0,0,0.0,0.0,0,0,0.0,0
LGS2ORD0004220,C011881,2025-02-03 10:00:00,Male,36,Silver,Web,Nakhon Ratchasima,1244,Lazada,COD,10,2,0,0,30-40,41.46666666666667,1.0,0.0,0.0,-1,32,8964.84,0.2,0.0,0.0,0.0,0.0,0,0,0.0,0.0,0,0,0.0,8964.84,1,0,0.0,8964.84,1,0,0.0,0
LGS2ORD0004221,C010538,2025-02-03 10:00:00,Male,40,Gold,CallCenter,Phuket,398,Shopee,PromptPay,10,2,0,0,30-40,13.266666666666667,0.0,0.0,0.0,-1,-1,0.0,0.0,0.0,0.0,0.0,0.0,0,0,0.0,0.0,0,0,0.0,0.0,0,0,0.0,0.0,0,0,0.0,0
LGS2ORD0004222,C017705,2025-02-03 10:00:00,Female,49,Gold,Lazada,Chiang Mai,731,Shopee,COD,10,2,0,0,40-50,24.366666666666667,0.0,0.0,0.0,-1,-1,0.0,0.0,0.0,0.0,0.0,0.0,0,0,0.0,0.0,0,0,0.0,0.0,0,0,0.0,0.0,0,0,0.0,0
LGS2ORD0004223,C011670,2025-02-03 10:00:00,Male,51,Bronze,Shopee,Chonburi,938,TV_Show,PromptPay,10,2,0,0,>50,31.266666666666666,0.0,0.0,0.0,-1,-1,0.0,0.0,0.0,0.0,0.0,0.0,0,0,0.0,0.0,0,0,0.0,0.0,0,0,0.0,0.0,0,0,0.0,1
LGS2ORD0004224,C014582,2025-02-03 11:00:00,Male,33,Silver,CallCenter,Bangkok,435,Web,PromptPay,11,2,0,0,30-40,14.5,0.0,0.0,0.0,-1,-1,0.0,0.0,0.0,0.0,0.0,0.0,0,0,0.0,0.0,0,0,0.0,0.0,0,0,0.0,0.0,0,0,0.0,0
LGS2ORD0004225,C017457,2025-02-03 11:00:00,Female,44,Bronze,Lazada,Chonburi,481,Lazada,COD,11,2,0,0,40-50,16.033333333333335,0.0,0.0,0.0,-1,-1,0.0,0.0,0.0,0.0,0.0,0.0,0,0,0.0,0.0,0,0,0.0,0.0,0,0,0.0,0.0,0,0,0.0,0
LGS2ORD0004226,C015927,2025-02-03 11:00:00,Male,52,Bronze,Lazada,Bangkok,968,CallCenter,Credit_Card,11,2,0,0,>50,32.266666666666666,1.0,0.0,0.0,-1,8,2194.9,0.08,1.0,0.0,0.0,0.0,0,0,0.0,2194.9,1,0,0.0,2194.9,1,0,0.0,2194.9,1,0,0.0,0
LGS2ORD0004227,C016033,2025-02-03 11:00:00,Female,45,Gold,Shopee,Bangkok,1449,TV_Show,COD,11,2,0,0,40-50,48.3,0.0,0.0,0.0,-1,-1,0.0,0.0,0.0,0.0,0.0,0.0,0,0,0.0,0.0,0,0,0.0,0.0,0,0,0.0,0.0,0,0,0.0,0
LGS2ORD0004228,C017509,2025-02-03 11:00:00,Female,54,Silver,Lazada,Bangkok,1343,TV_Show,Bank_Transfer,11,2,0,0,>50,44.766666666666666,0.0,0.0,0.0,-1,-1,0.0,0.0,0.0,0.0,0.0,0.0,0,0,0.0,0.0,0,0,0.0,0.0,0,0,0.0,0.0,0,0,0.0,0
LGS2ORD0004229,C016216,2025-02-03 12:00:00,Female,61,Bronze,Shopee,Remote_Area,438,Shopee,COD,12,2,0,0,>50,14.6,1.0,0.0,0.0,-1,7,739.58,0.23,0.0,1.0,0.0,0.0,0,0,0.0,739.58,1,0,0.0,739.58,1,0,0.0,739.58,1,0,0.0,1
LGS2ORD0004230,C015114,2025-02-03 12:00:00,Female,51,Silver,Lazada,Bangkok,491,Web,Credit_Card,12,2,0,0,>50,16.366666666666667,2.0,0.0,0.0,-1,3,10970.675,0.15,0.0,0.0,0.0,16877.59,1,0,0.0,21941.35,2,0,0.0,21941.35,2,0,0.0,21941.35,2,0,0.0,0
LGS2ORD0004231,C011440,2025-02-03 12:00:00,Female,41,Bronze,Web,Khon Kaen,774,Shopee,Credit_Card,12,2,0,0,40-50,25.8,0.0,0.0,0.0,-1,-1,0.0,0.0,0.0,0.0,0.0,0.0,0,0,0.0,0.0,0,0,0.0,0.0,0,0,0.0,0.0,0,0,0.0,0
LGS2ORD0004232,C012780,2025-02-03 12:00:00,Male,30,Bronze,TV,Nakhon Ratchasima,1211,Shopee,COD,12,2,0,0,20-30,40.36666666666667,0.0,0.0,0.0,-1,-1,0.0,0.0,0.0,0.0,0.0,0.0,0,0,0.0,0.0,0,0,0.0,0.0,0,0,0.0,0.0,0,0,0.0,0
LGS2ORD0004233,C014252,2025-02-03 12:00:00,Male,30,Silver,Lazada,Chonburi,798,TV_Show,Bank_Transfer,12,2,0,0,20-30,26.6,0.0,0.0,0.0,-1,-1,0.0,0.0,0.0,0.0,0.0,0.0,0,0,0.0,0.0,0,0,0.0,0.0,0,0,0.0,0.0,0,0,0.0,0
LGS2ORD0004234,C015069,2025-02-03 13:00:00,Female,44,Silver,Web,Chiang Mai,577,TV_Show,COD,13,2,0,0,40-50,19.233333333333334,2.0,1.0,0.5,0,4,602.275,0.3,0.5,0.5,0.0,802.52,1,1,1.0,1204.55,2,1,0.5,1204.55,2,1,0.5,1204.55,2,1,0.5,1
LGS2ORD0004235,C010197,2025-02-03 13:00:00,Male,57,Silver,TV,Khon Kaen,665,CallCenter,COD,13,2,0,0,>50,22.166666666666668,1.0,0.0,0.0,-1,32,1084.32,0.25,0.0,1.0,0.0,0.0,0,0,0.0,0.0,0,0,0.0,1084.32,1,0,0.0,1084.32,1,0,0.0,0
LGS2ORD0004236,C015464,2025-02-03 13:00:00,Female,37,Bronze,Web,Bangkok,1076,Lazada,COD,13,2,0,0,30-40,35.86666666666667,0.0,0.0,0.0,-1,-1,0.0,0.0,0.0,0.0,0.0,0.0,0,0,0.0,0.0,0,0,0.0,0.0,0,0,0.0,0.0,0,0,0.0,0
LGS2ORD0004237,C017778,2025-02-03 13:00:00,Male,37,Platinum,CallCenter,Bangkok,1043,TV_Show,COD,13,2,0,0,30-40,34.766666666666666,0.0,0.0,0.0,-1,-1,0.0,0.0,0.0,0.0,0.0,0.0,0,0,0.0,0.0,0,0,0.0,0.0,0,0,0.0,0.0,0,0,0.0,1
LGS2ORD0004238,C012654,2025-02-03 13:00:00,Female,63,Bronze,Lazada,Remote_Area,1135,Shopee,Credit_Card,13,2,0,0,>50,37.833333333333336,2.0,0.0,0.0,-1,1,4868.24,0.13,0.0,0.0,0.0,3791.79,1,0,0.0,9736.48,2,0,0.0,9736.48,2,0,0.0,9736.48,2,0,0.0,1
LGS2ORD0004239,C012102,2025-02-03 13:00:00,Male,18,Bronze,Shopee,Nakhon Ratchasima,746,CallCenter,PromptPay,13,2,0,0,<20,24.866666666666667,2.0,1.0,0.5,12,8,4247.43,0.18,1.0,0.0,0.0,0.0,0,0,0.0,8494.86,2,1,0.5,8494.86,2,1,0.5,8494.86,2,1,0.5,1
LGS2ORD0004240,C012415,2025-02-03 14:00:00,Female,54,Gold,TV,Phuket,431,Lazada,COD,14,2,0,0,>50,14.366666666666667,1.0,0.0,0.0,-1,14,5404.28,0.18,0.0,0.0,0.0,0.0,0,0,0.0,5404.28,1,0,0.0,5404.28,1,0,0.0,5404.28,1,0,0.0,1
LGS2ORD0004241,C017612,2025-02-03 14:00:00,Male,37,Bronze,Web,Chiang Mai,781,Lazada,COD,14,2,0,0,30-40,26.033333333333335,0.0,0.0,0.0,-1,-1,0.0,0.0,0.0,0.0,0.0,0.0,0,0,0.0,0.0,0,0,0.0,0.0,0,0,0.0,0.0,0,0,0.0,0
LGS2ORD0004242,C017239,2025-02-03 14:00:00,Female,40,Gold,TV,Nakhon Ratchasima,90,CallCenter,Bank_Transfer,14,2,0,0,30-40,3.0,0.0,0.0,0.0,-1,-1,0.0,0.0,0.0,0.0,0.0,0.0,0,0,0.0,0.0,0,0,0.0,0.0,0,0,0.0,0.0,0,0,0.0,0
LGS2ORD0004243,C016715,2025-02-03 14:00:00,Female,60,Silver,TV,Khon Kaen,904,Web,COD,14,2,0,0,>50,30.133333333333333,0.0,0.0,0.0,-1,-1,0.0,0.0,0.0,0.0,0.0,0.0,0,0,0.0,0.0,0,0,0.0,0.0,0,0,0.0,0.0,0,0,0.0,0
LGS2ORD0004244,C010450,2025-02-03 14:00:00,Male,32,Silver,TV,Khon Kaen,420,TV_Show,COD,14,2,0,0,30-40,14.0,0.0,0.0,0.0,-1,-1,0.0,0.0,0.0,0.0,0.0,0.0,0,0,0.0,0.0,0,0,0.0,0.0,0,0,0.0,0.0,0,0,0.0,0
LGS2ORD0004245,C012791,2025-02-03 15:00:00,Male,37,Bronze,Web,Nakhon Ratchasima,933,Shopee,PromptPay,15,2,0,0,30-40,31.1,1.0,0.0,0.0,-1,13,455.33,0.03,0.0,0.0,0.0,0.0,0,0,0.0,455.33,1,0,0.0,455.33,1,0,0.0,455.33,1,0,0.0,0
LGS2ORD0004246,C012474,2025-02-03 15:00:00,Female,65,Gold,CallCenter,Bangkok,428,TV_Show,Credit_Card,15,2,0,0,>50,14.266666666666667,0.0,0.0,0.0,-1,-1,0.0,0.0,0.0,0.0,0.0,0.0,0,0,0.0,0.0,0,0,0.0,0.0,0,0,0.0,0.0,0,0,0.0,0
LGS2ORD0004247,C015861,2025-02-03 15:00:00,Female,61,Silver,TV,Khon Kaen,481,Web,Credit_Card,15,2,0,0,>50,16.033333333333335,0.0,0.0,0.0,-1,-1,0.0,0.0,0.0,0.0,0.0,0.0,0,0,0.0,0.0,0,0,0.0,0.0,0,0,0.0,0.0,0,0,0.0,0
LGS2ORD0004248,C016976,2025-02-03 15:00:00,Male,54,Gold,Web,Khon Kaen,442,TV_Show,COD,15,2,0,0,>50,14.733333333333333,0.0,0.0,0.0,-1,-1,0.0,0.0,0.0,0.0,0.0,0.0,0,0,0.0,0.0,0,0,0.0,0.0,0,0,0.0,0.0,0,0,0.0,0
LGS2ORD0004249,C011132,2025-02-03 15:00:00,Female,39,Bronze,TV,Khon Kaen,788,Lazada,COD,15,2,0,0,30-40,26.266666666666666,1.0,0.0,0.0,-1,6,2708.21,0.08,1.0,0.0,0.0,2708.21,1,0,0.0,2708.21,1,0,0.0,2708.21,1,0,0.0,2708.21,1,0,0.0,1
LGS2ORD0004250,C014981,2025-02-03 16:00:00,Male,23,Gold,Shopee,Bangkok,1196,Web,Credit_Card,16,2,0,0,20-30,39.86666666666667,0.0,0.0,0.0,-1,-1,0.0,0.0,0.0,0.0,0.0,0.0,0,0,0.0,0.0,0,0,0.0,0.0,0,0,0.0,0.0,0,0,0.0,0
LGS2ORD0004251,C014096,2025-02-03 16:00:00,Male,26,Silver,TV,Khon Kaen,430,TV_Show,COD,16,2,0,0,20-30,14.333333333333334,1.0,0.0,0.0,-1,19,7264.95,0.3,0.0,1.0,0.0,0.0,0,0,0.0,7264.95,1,0,0.0,7264.95,1,0,0.0,7264.95,1,0,0.0,1
LGS2ORD0004252,C015707,2025-02-03 16:00:00,Male,35,Silver,Web,Phuket,583,Lazada,COD,16,2,0,0,30-40,19.433333333333334,0.0,0.0,0.0,-1,-1,0.0,0.0,0.0,0.0,0.0,0.0,0,0,0.0,0.0,0,0,0.0,0.0,0,0,0.0,0.0,0,0,0.0,0
LGS2ORD0004253,C014950,2025-02-03 16:00:00,Male,55,Gold,TV,Khon Kaen,1132,Lazada,COD,16,2,0,0,>50,37.733333333333334,0.0,0.0,0.0,-1,-1,0.0,0.0,0.0,0.0,0.0,0.0,0,0,0.0,0.0,0,0,0.0,0.0,0,0,0.0,0.0,0,0,0.0,0
LGS2ORD0004254,C014169,2025-02-03 16:00:00,Male,39,Bronze,Web,Bangkok,1322,TV_Show,COD,16,2,0,0,30-40,44.06666666666667,1.0,0.0,0.0,-1,18,10505.48,0.03,1.0,0.0,0.0,0.0,0,0,0.0,10505.48,1,0,0.0,10505.48,1,0,0.0,10505.48,1,0,0.0,0
LGS2ORD0004255,C010522,2025-02-03 17:00:00,Male,29,Bronze,TV,Chonburi,527,Lazada,PromptPay,17,2,0,0,20-30,17.566666666666666,0.0,0.0,0.0,-1,-1,0.0,0.0,0.0,0.0,0.0,0.0,0,0,0.0,0.0,0,0,0.0,0.0,0,0,0.0,0.0,0,0,0.0,0
LGS2ORD0004256,C010680,2025-02-03 17:00:00,Male,47,Bronze,Lazada,Nakhon Ratchasima,317,Lazada,Bank_Transfer,17,2,0,0,40-50,10.566666666666666,1.0,0.0,0.0,-1,12,6233.68,0.03,0.0,0.0,0.0,0.0,0,0,0.0,6233.68,1,0,0.0,6233.68,1,0,0.0,6233.68,1,0,0.0,0
LGS2ORD0004257,C011753,2025-02-03 17:00:00,Female,40,Bronze,TV,Chiang Mai,1382,Web,Credit_Card,17,2,0,0,30-40,46.06666666666667,0.0,0.0,0.0,-1,-1,0.0,0.0,0.0,0.0,0.0,0.0,0,0,0.0,0.0,0,0,0.0,0.0,0,0,0.0,0.0,0,0,0.0,0
LGS2ORD0004258,C010169,2025-02-03 17:00:00,Male,53,Bronze,Lazada,Remote_Area,1265,Web,Credit_Card,17,2,0,0,>50,42.166666666666664,0.0,0.0,0.0,-1,-1,0.0,0.0,0.0,0.0,0.0,0.0,0,0,0.0,0.0,0,0,0.0,0.0,0,0,0.0,0.0,0,0,0.0,0
LGS2ORD0004259,C012981,2025-02-03 17:00:00,Female,39,Silver,Web,Chiang Mai,1300,TV_Show,Credit_Card,17,2,0,0,30-40,43.333333333333336,1.0,1.0,1.0,16,27,413.03,0.1,1.0,0.0,0.0,0.0,0,0,0.0,413.03,1,1,1.0,413.03,1,1,1.0,413.03,1,1,1.0,1
LGS2ORD0004260,C010423,2025-02-03 17:00:00,Male,44,Platinum,TV,Remote_Area,1467,TV_Show,Credit_Card,17,2,0,0,40-50,48.9,0.0,0.0,0.0,-1,-1,0.0,0.0,0.0,0.0,0.0,0.0,0,0,0.0,0.0,0,0,0.0,0.0,0,0,0.0,0.0,0,0,0.0,0
LGS2ORD0004261,C012717,2025-02-03 18:00:00,Male,58,Bronze,Shopee,Chonburi,1291,Lazada,Credit_Card,18,2,0,0,>50,43.03333333333333,2.0,0.0,0.0,-1,19,2911.66,0.13,0.5,0.0,0.0,0.0,0,0,0.0,5823.32,2,0,0.0,5823.32,2,0,0.0,5823.32,2,0,0.0,0
LGS2ORD0004262,C015421,2025-02-03 18:00:00,Other,32,Platinum,Shopee,Phuket,878,Shopee,COD,18,2,0,0,30-40,29.266666666666666,2.0,2.0,1.0,0,8,1130.39,0.35,1.0,1.0,0.0,0.0,0,0,0.0,2260.78,2,2,1.0,2260.78,2,2,1.0,2260.78,2,2,1.0,0
LGS2ORD0004263,C017192,2025-02-03 18:00:00,Male,33,Gold,Web,Chiang Mai,226,Web,COD,18,2,0,0,30-40,7.533333333333333,0.0,0.0,0.0,-1,-1,0.0,0.0,0.0,0.0,0.0,0.0,0,0,0.0,0.0,0,0,0.0,0.0,0,0,0.0,0.0,0,0,0.0,0
LGS2ORD0004264,C012493,2025-02-03 18:00:00,Other,56,Bronze,Shopee,Chiang Mai,846,Lazada,COD,18,2,0,0,>50,28.2,0.0,0.0,0.0,-1,-1,0.0,0.0,0.0,0.0,0.0,0.0,0,0,0.0,0.0,0,0,0.0,0.0,0,0,0.0,0.0,0,0,0.0,0
LGS2ORD0004265,C012712,2025-02-03 18:00:00,Female,47,Bronze,TV,Songkhla,618,Shopee,PromptPay,18,2,0,0,40-50,20.6,3.0,1.0,0.3333333333333333,13,6,3354.2833333333333,0.18,0.6666666666666666,0.0,0.0,1959.86,1,0,0.0,10062.85,3,1,0.3333333333333333,10062.85,3,1,0.3333333333333333,10062.85,3,1,0.3333333333333333,0
LGS2ORD0004266,C015278,2025-02-03 19:00:00,Male,28,Gold,TV,Bangkok,764,Lazada,COD,19,2,0,0,20-30,25.466666666666665,1.0,0.0,0.0,-1,11,4903.78,0.2299999999999999,0.0,1.0,0.0,0.0,0,0,0.0,4903.78,1,0,0.0,4903.78,1,0,0.0,4903.78,1,0,0.0,0
LGS2ORD0004267,C010503,2025-02-03 19:00:00,Female,50,Bronze,Lazada,Remote_Area,949,CallCenter,COD,19,2,0,0,40-50,31.633333333333333,1.0,1.0,1.0,13,18,2850.96,0.18,0.0,0.0,0.0,0.0,0,0,0.0,2850.96,1,1,1.0,2850.96,1,1,1.0,2850.96,1,1,1.0,0
LGS2ORD0004268,C016630,2025-02-03 19:00:00,Male,23,Bronze,TV,Phuket,1079,TV_Show,COD,19,2,0,0,20-30,35.96666666666667,0.0,0.0,0.0,-1,-1,0.0,0.0,0.0,0.0,0.0,0.0,0,0,0.0,0.0,0,0,0.0,0.0,0,0,0.0,0.0,0,0,0.0,0
LGS2ORD0004269,C015006,2025-02-03 19:00:00,Male,48,Silver,CallCenter,Nakhon Ratchasima,352,Web,COD,19,2,0,0,40-50,11.733333333333333,1.0,0.0,0.0,-1,1,16592.5,0.2,1.0,0.0,0.0,16592.5,1,0,0.0,16592.5,1,0,0.0,16592.5,1,0,0.0,16592.5,1,0,0.0,0
LGS2ORD0004270,C017396,2025-02-03 19:00:00,Male,28,Bronze,TV,Remote_Area,1019,TV_Show,COD,19,2,0,0,20-30,33.96666666666667,2.0,1.0,0.5,-4,3,4236.67,0.13,0.5,0.0,0.0,8473.34,2,1,0.5,8473.34,2,1,0.5,8473.34,2,1,0.5,8473.34,2,1,0.5,1
LGS2ORD0004271,C010694,2025-02-03 20:00:00,Male,54,Gold,TV,Bangkok,224,Web,Credit_Card,20,2,0,0,>50,7.466666666666667,0.0,0.0,0.0,-1,-1,0.0,0.0,0.0,0.0,0.0,0.0,0,0,0.0,0.0,0,0,0.0,0.0,0,0,0.0,0.0,0,0,0.0,0
LGS2ORD0004272,C014810,2025-02-03 20:00:00,Male,51,Bronze,TV,Phuket,364,Lazada,Credit_Card,20,2,0,0,>50,12.133333333333333,0.0,0.0,0.0,-1,-1,0.0,0.0,0.0,0.0,0.0,0.0,0,0,0.0,0.0,0,0,0.0,0.0,0,0,0.0,0.0,0,0,0.0,0
LGS2ORD0004273,C011167,2025-02-03 20:00:00,Female,42,Silver,Web,Chiang Mai,989,Lazada,COD,20,2,0,0,40-50,32.96666666666667,1.0,1.0,1.0,19,31,1596.37,0.25,1.0,1.0,0.0,0.0,0,0,0.0,0.0,0,0,0.0,1596.37,1,1,1.0,1596.37,1,1,1.0,0
LGS2ORD0004274,C010414,2025-02-03 20:00:00,Male,65,Bronze,Lazada,Songkhla,616,Web,COD,20,2,0,0,>50,20.533333333333335,0.0,0.0,0.0,-1,-1,0.0,0.0,0.0,0.0,0.0,0.0,0,0,0.0,0.0,0,0,0.0,0.0,0,0,0.0,0.0,0,0,0.0,0
LGS2ORD0004275,C016423,2025-02-03 20:00:00,Male,50,Bronze,TV,Khon Kaen,1437,Web,COD,20,2,0,0,40-50,47.9,0.0,0.0,0.0,-1,-1,0.0,0.0,0.0,0.0,0.0,0.0,0,0,0.0,0.0,0,0,0.0,0.0,0,0,0.0,0.0,0,0,0.0,0
LGS2ORD0004276,C016329,2025-02-03 21:00:00,Female,41,Bronze,Shopee,Khon Kaen,473,CallCenter,COD,21,2,0,0,40-50,15.766666666666667,0.0,0.0,0.0,-1,-1,0.0,0.0,0.0,0.0,0.0,0.0,0,0,0.0,0.0,0,0,0.0,0.0,0,0,0.0,0.0,0,0,0.0,0
LGS2ORD0004277,C016910,2025-02-03 21:00:00,Other,47,Gold,TV,Khon Kaen,211,Lazada,COD,21,2,0,0,40-50,7.033333333333333,0.0,0.0,0.0,-1,-1,0.0,0.0,0.0,0.0,0.0,0.0,0,0,0.0,0.0,0,0,0.0,0.0,0,0,0.0,0.0,0,0,0.0,1
LGS2ORD0004278,C013370,2025-02-03 21:00:00,Female,54,Silver,Shopee,Bangkok,935,Lazada,COD,21,2,0,0,>50,31.166666666666668,1.0,0.0,0.0,-1,14,1355.11,0.05,0.0,0.0,0.0,0.0,0,0,0.0,1355.11,1,0,0.0,1355.11,1,0,0.0,1355.11,1,0,0.0,1
LGS2ORD0004279,C013388,2025-02-03 21:00:00,Other,58,Silver,Web,Bangkok,938,Shopee,COD,21,2,0,0,>50,31.266666666666666,0.0,0.0,0.0,-1,-1,0.0,0.0,0.0,0.0,0.0,0.0,0,0,0.0,0.0,0,0,0.0,0.0,0,0,0.0,0.0,0,0,0.0,0
LGS2ORD0004280,C013771,2025-02-03 21:00:00,Male,39,Platinum,Web,Bangkok,571,Web,COD,21,2,0,0,30-40,19.033333333333335,1.0,1.0,1.0,21,27,7095.47,0.1,0.0,0.0,0.0,0.0,0,0,0.0,7095.47,1,1,1.0,7095.47,1,1,1.0,7095.47,1,1,1.0,0
LGS2ORD0004281,C014566,2025-02-03 21:00:00,Other,38,Bronze,TV,Bangkok,113,CallCenter,COD,21,2,0,0,30-40,3.7666666666666666,1.0,0.0,0.0,-1,19,16814.23,0.23,1.0,1.0,0.0,0.0,0,0,0.0,16814.23,1,0,0.0,16814.23,1,0,0.0,16814.23,1,0,0.0,0
LGS2ORD0004282,C016641,2025-02-03 22:00:00,Female,37,Bronze,TV,Chonburi,697,TV_Show,Bank_Transfer,22,2,0,0,30-40,23.233333333333334,2.0,1.0,0.5,9,11,15910.145,0.28,0.5,0.5,0.0,0.0,0,0,0.0,31820.29,2,1,0.5,31820.29,2,1,0.5,31820.29,2,1,0.5,0
LGS2ORD0004283,C010231,2025-02-03 22:00:00,Female,57,Silver,TV,Songkhla,414,Web,COD,22,2,0,0,>50,13.8,1.0,0.0,0.0,-1,8,4275.08,0.05,0.0,0.0,0.0,0.0,0,0,0.0,4275.08,1,0,0.0,4275.08,1,0,0.0,4275.08,1,0,0.0,1
LGS2ORD0004284,C014871,2025-02-03 22:00:00,Male,31,Bronze,TV,Nakhon Ratchasima,286,Shopee,PromptPay,22,2,0,0,30-40,9.533333333333333,2.0,1.0,0.5,15,30,3779.825,0.28,1.0,0.5,0.0,0.0,0,0,0.0,0.0,0,0,0.0,7559.65,2,1,0.5,7559.65,2,1,0.5,0
LGS2ORD0004285,C015378,2025-02-03 22:00:00,Female,32,Silver,Web,Chonburi,906,Web,Bank_Transfer,22,2,0,0,30-40,30.2,1.0,0.0,0.0,-1,25,1912.18,0.2,0.0,0.0,0.0,0.0,0,0,0.0,1912.18,1,0,0.0,1912.18,1,0,0.0,1912.18,1,0,0.0,0
LGS2ORD0004286,C015712,2025-02-03 22:00:00,Female,46,Silver,Web,Songkhla,458,TV_Show,COD,22,2,0,0,40-50,15.266666666666667,1.0,0.0,0.0,-1,19,2654.14,0.05,1.0,0.0,0.0,0.0,0,0,0.0,2654.14,1,0,0.0,2654.14,1,0,0.0,2654.14,1,0,0.0,0
LGS2ORD0004287,C016248,2025-02-03 23:00:00,Female,44,Silver,TV,Nakhon Ratchasima,733,Shopee,Bank_Transfer,23,2,0,0,40-50,24.433333333333334,1.0,0.0,0.0,-1,26,2142.8,0.2,0.0,0.0,0.0,0.0,0,0,0.0,2142.8,1,0,0.0,2142.8,1,0,0.0,2142.8,1,0,0.0,0
LGS2ORD0004288,C015354,2025-02-03 23:00:00,Female,34,Bronze,Lazada,Phuket,886,TV_Show,Credit_Card,23,2,0,0,30-40,29.533333333333335,0.0,0.0,0.0,-1,-1,0.0,0.0,0.0,0.0,0.0,0.0,0,0,0.0,0.0,0,0,0.0,0.0,0,0,0.0,0.0,0,0,0.0,0
LGS2ORD0004289,C017083,2025-02-03 23:00:00,Male,31,Bronze,Web,Chiang Mai,1020,TV_Show,COD,23,2,0,0,30-40,34.0,2.0,1.0,0.5,20,19,2096.955,0.18,1.0,0.0,0.0,0.0,0,0,0.0,4193.91,2,1,0.5,4193.91,2,1,0.5,4193.91,2,1,0.5,0
LGS2ORD0004290,C014518,2025-02-03 23:00:00,Female,21,Bronze,Shopee,Songkhla,116,Lazada,COD,23,2,0,0,20-30,3.8666666666666667,1.0,1.0,1.0,14,21,21592.78,0.23,1.0,1.0,0.0,0.0,0,0,0.0,21592.78,1,1,1.0,21592.78,1,1,1.0,21592.78,1,1,1.0,0
LGS2ORD0004291,C016969,2025-02-03 23:00:00,Female,33,Silver,Lazada,Chiang Mai,1006,TV_Show,Credit_Card,23,2,0,0,30-40,33.53333333333333,0.0,0.0,0.0,-1,-1,0.0,0.0,0.0,0.0,0.0,0.0,0,0,0.0,0.0,0,0,0.0,0.0,0,0,0.0,0.0,0,0,0.0,0
LGS2ORD0004292,C015310,2025-02-04 00:00:00,Female,38,Gold,Lazada,Chiang Mai,1070,TV_Show,Credit_Card,0,2,1,0,30-40,35.666666666666664,0.0,0.0,0.0,-1,-1,0.0,0.0,0.0,0.0,0.0,0.0,0,0,0.0,0.0,0,0,0.0,0.0,0,0,0.0,0.0,0,0,0.0,1
LGS2ORD0004293,C013295,2025-02-04 00:00:00,Female,62,Silver,CallCenter,Bangkok,629,Web,PromptPay,0,2,1,0,>50,20.966666666666665,1.0,0.0,0.0,-1,10,9746.86,0.3,0.0,1.0,0.0,0.0,0,0,0.0,9746.86,1,0,0.0,9746.86,1,0,0.0,9746.86,1,0,0.0,0
LGS2ORD0004294,C013786,2025-02-04 00:00:00,Female,49,Gold,Shopee,Chiang Mai,52,Web,PromptPay,0,2,1,0,40-50,1.7333333333333334,1.0,0.0,0.0,-1,20,3314.63,0.13,1.0,0.0,0.0,0.0,0,0,0.0,3314.63,1,0,0.0,3314.63,1,0,0.0,3314.63,1,0,0.0,0
LGS2ORD0004295,C014776,2025-02-04 00:00:00,Female,41,Bronze,Lazada,Khon Kaen,735,Web,COD,0,2,1,0,40-50,24.5,1.0,0.0,0.0,-1,3,2179.98,0.03,0.0,0.0,0.0,2179.98,1,0,0.0,2179.98,1,0,0.0,2179.98,1,0,0.0,2179.98,1,0,0.0,0
LGS2ORD0004296,C011808,2025-02-04 00:00:00,Female,28,Platinum,Web,Chonburi,793,TV_Show,Credit_Card,0,2,1,0,20-30,26.433333333333334,1.0,0.0,0.0,-1,22,1648.32,0.35,1.0,1.0,0.0,0.0,0,0,0.0,1648.32,1,0,0.0,1648.32,1,0,0.0,1648.32,1,0,0.0,0
LGS2ORD0004297,C011433,2025-02-04 01:00:00,Male,61,Bronze,Shopee,Chonburi,1244,Lazada,Credit_Card,1,2,1,0,>50,41.46666666666667,2.0,1.0,0.5,4,7,1609.04,0.03,0.0,0.0,0.0,0.0,0,0,0.0,3218.08,2,1,0.5,3218.08,2,1,0.5,3218.08,2,1,0.5,0
LGS2ORD0004298,C012821,2025-02-04 01:00:00,Female,18,Bronze,CallCenter,Chonburi,613,CallCenter,COD,1,2,1,0,<20,20.433333333333334,1.0,0.0,0.0,-1,29,2965.07,0.23,0.0,1.0,0.0,0.0,0,0,0.0,2965.07,1,0,0.0,2965.07,1,0,0.0,2965.07,1,0,0.0,0
LGS2ORD0004299,C017696,2025-02-04 01:00:00,Male,40,Silver,TV,Bangkok,1118,TV_Show,COD,1,2,1,0,30-40,37.266666666666666,0.0,0.0,0.0,-1,-1,0.0,0.0,0.0,0.0,0.0,0.0,0,0,0.0,0.0,0,0,0.0,0.0,0,0,0.0,0.0,0,0,0.0,1
LGS2ORD0004300,C013207,2025-02-04 01:00:00,Female,68,Silver,Shopee,Bangkok,299,TV_Show,COD,1,2,1,0,>50,9.966666666666667,0.0,0.0,0.0,-1,-1,0.0,0.0,0.0,0.0,0.0,0.0,0,0,0.0,0.0,0,0,0.0,0.0,0,0,0.0,0.0,0,0,0.0,1
LGS2ORD0004301,C011315,2025-02-04 01:00:00,Female,37,Silver,Shopee,Bangkok,64,TV_Show,Credit_Card,1,2,1,0,30-40,2.1333333333333333,0.0,0.0,0.0,-1,-1,0.0,0.0,0.0,0.0,0.0,0.0,0,0,0.0,0.0,0,0,0.0,0.0,0,0,0.0,0.0,0,0,0.0,0
LGS2ORD0004302,C012678,2025-02-04 01:00:00,Female,42,Silver,Web,Remote_Area,273,Lazada,COD,1,2,1,0,40-50,9.1,1.0,0.0,0.0,-1,32,953.67,0.1,1.0,0.0,0.0,0.0,0,0,0.0,0.0,0,0,0.0,953.67,1,0,0.0,953.67,1,0,0.0,0
LGS2ORD0004303,C012317,2025-02-04 02:00:00,Male,52,Silver,TV,Phuket,180,TV_Show,Credit_Card,2,2,1,0,>50,6.0,0.0,0.0,0.0,-1,-1,0.0,0.0,0.0,0.0,0.0,0.0,0,0,0.0,0.0,0,0,0.0,0.0,0,0,0.0,0.0,0,0,0.0,0
LGS2ORD0004304,C017936,2025-02-04 02:00:00,Female,45,Gold,TV,Chonburi,580,Lazada,COD,2,2,1,0,40-50,19.333333333333332,0.0,0.0,0.0,-1,-1,0.0,0.0,0.0,0.0,0.0,0.0,0,0,0.0,0.0,0,0,0.0,0.0,0,0,0.0,0.0,0,0,0.0,0
LGS2ORD0004305,C012243,2025-02-04 02:00:00,Male,26,Gold,TV,Chonburi,147,Shopee,COD,2,2,1,0,20-30,4.9,0.0,0.0,0.0,-1,-1,0.0,0.0,0.0,0.0,0.0,0.0,0,0,0.0,0.0,0,0,0.0,0.0,0,0,0.0,0.0,0,0,0.0,0
LGS2ORD0004306,C011379,2025-02-04 02:00:00,Female,33,Bronze,CallCenter,Nakhon Ratchasima,1113,CallCenter,COD,2,2,1,0,30-40,37.1,1.0,0.0,0.0,-1,28,1211.18,0.03,1.0,0.0,0.0,0.0,0,0,0.0,1211.18,1,0,0.0,1211.18,1,0,0.0,1211.18,1,0,0.0,1
LGS2ORD0004307,C013227,2025-02-04 02:00:00,Male,48,Silver,CallCenter,Chiang Mai,1230,Lazada,Credit_Card,2,2,1,0,40-50,41.0,0.0,0.0,0.0,-1,-1,0.0,0.0,0.0,0.0,0.0,0.0,0,0,0.0,0.0,0,0,0.0,0.0,0,0,0.0,0.0,0,0,0.0,0
LGS2ORD0004308,C017885,2025-02-04 03:00:00,Female,45,Bronze,Lazada,Bangkok,942,Web,Credit_Card,3,2,1,0,40-50,31.4,1.0,0.0,0.0,-1,14,7024.24,0.23,0.0,1.0,0.0,0.0,0,0,0.0,7024.24,1,0,0.0,7024.24,1,0,0.0,7024.24,1,0,0.0,0
LGS2ORD0004309,C017497,2025-02-04 03:00:00,Female,43,Bronze,Lazada,Khon Kaen,891,TV_Show,COD,3,2,1,0,40-50,29.7,0.0,0.0,0.0,-1,-1,0.0,0.0,0.0,0.0,0.0,0.0,0,0,0.0,0.0,0,0,0.0,0.0,0,0,0.0,0.0,0,0,0.0,0
LGS2ORD0004310,C016034,2025-02-04 03:00:00,Female,40,Bronze,Web,Songkhla,995,Web,COD,3,2,1,0,30-40,33.166666666666664,2.0,2.0,1.0,2,9,5373.8099999999995,0.23,0.0,0.5,0.0,0.0,0,0,0.0,10747.619999999999,2,2,1.0,10747.619999999999,2,2,1.0,10747.619999999999,2,2,1.0,1
LGS2ORD0004311,C011562,2025-02-04 03:00:00,Female,47,Gold,TV,Bangkok,1343,TV_Show,PromptPay,3,2,1,0,40-50,44.766666666666666,0.0,0.0,0.0,-1,-1,0.0,0.0,0.0,0.0,0.0,0.0,0,0,0.0,0.0,0,0,0.0,0.0,0,0,0.0,0.0,0,0,0.0,0
LGS2ORD0004312,C013803,2025-02-04 03:00:00,Male,54,Bronze,TV,Chonburi,1206,CallCenter,COD,3,2,1,0,>50,40.2,1.0,1.0,1.0,0,5,835.56,0.23,0.0,1.0,0.0,835.56,1,1,1.0,835.56,1,1,1.0,835.56,1,1,1.0,835.56,1,1,1.0,0
LGS2ORD0004313,C016166,2025-02-04 04:00:00,Male,32,Bronze,Lazada,Chiang Mai,921,CallCenter,PromptPay,4,2,1,0,30-40,30.7,1.0,0.0,0.0,-1,12,1886.78,0.03,0.0,0.0,0.0,0.0,0,0,0.0,1886.78,1,0,0.0,1886.78,1,0,0.0,1886.78,1,0,0.0,0
LGS2ORD0004314,C015258,2025-02-04 04:00:00,Male,40,Silver,Web,Khon Kaen,1410,Lazada,COD,4,2,1,0,30-40,47.0,1.0,0.0,0.0,-1,24,716.51,0.15,1.0,0.0,0.0,0.0,0,0,0.0,716.51,1,0,0.0,716.51,1,0,0.0,716.51,1,0,0.0,0
LGS2ORD0004315,C017381,2025-02-04 04:00:00,Male,35,Bronze,CallCenter,Khon Kaen,65,TV_Show,Credit_Card,4,2,1,0,30-40,2.1666666666666665,0.0,0.0,0.0,-1,-1,0.0,0.0,0.0,0.0,0.0,0.0,0,0,0.0,0.0,0,0,0.0,0.0,0,0,0.0,0.0,0,0,0.0,0
LGS2ORD0004316,C012760,2025-02-04 04:00:00,Male,45,Silver,TV,Khon Kaen,1364,CallCenter,Credit_Card,4,2,1,0,40-50,45.46666666666667,0.0,0.0,0.0,-1,-1,0.0,0.0,0.0,0.0,0.0,0.0,0,0,0.0,0.0,0,0,0.0,0.0,0,0,0.0,0.0,0,0,0.0,0
LGS2ORD0004317,C016820,2025-02-04 04:00:00,Female,38,Silver,Shopee,Phuket,896,TV_Show,COD,4,2,1,0,30-40,29.866666666666667,1.0,1.0,1.0,-6,2,1058.07,0.25,0.0,1.0,0.0,1058.07,1,1,1.0,1058.07,1,1,1.0,1058.07,1,1,1.0,1058.07,1,1,1.0,0
LGS2ORD0004318,C011805,2025-02-04 05:00:00,Male,18,Bronze,TV,Songkhla,900,Shopee,COD,5,2,1,0,<20,30.0,1.0,0.0,0.0,-1,31,1196.5,0.18,1.0,0.0,0.0,0.0,0,0,0.0,0.0,0,0,0.0,1196.5,1,0,0.0,1196.5,1,0,0.0,0
LGS2ORD0004319,C011192,2025-02-04 05:00:00,Male,37,Bronze,TV,Chiang Mai,1286,CallCenter,COD,5,2,1,0,30-40,42.86666666666667,0.0,0.0,0.0,-1,-1,0.0,0.0,0.0,0.0,0.0,0.0,0,0,0.0,0.0,0,0,0.0,0.0,0,0,0.0,0.0,0,0,0.0,0
LGS2ORD0004320,C017476,2025-02-04 05:00:00,Female,61,Silver,TV,Nakhon Ratchasima,319,Lazada,PromptPay,5,2,1,0,>50,10.633333333333333,1.0,0.0,0.0,-1,14,9814.31,0.3,1.0,1.0,0.0,0.0,0,0,0.0,9814.31,1,0,0.0,9814.31,1,0,0.0,9814.31,1,0,0.0,0
LGS2ORD0004321,C014999,2025-02-04 05:00:00,Female,49,Bronze,TV,Bangkok,920,CallCenter,PromptPay,5,2,1,0,40-50,30.666666666666668,0.0,0.0,0.0,-1,-1,0.0,0.0,0.0,0.0,0.0,0.0,0,0,0.0,0.0,0,0,0.0,0.0,0,0,0.0,0.0,0,0,0.0,0
LGS2ORD0004322,C013146,2025-02-04 05:00:00,Male,31,Bronze,TV,Songkhla,325,Shopee,PromptPay,5,2,1,0,30-40,10.833333333333334,0.0,0.0,0.0,-1,-1,0.0,0.0,0.0,0.0,0.0,0.0,0,0,0.0,0.0,0,0,0.0,0.0,0,0,0.0,0.0,0,0,0.0,1
LGS2ORD0004323,C014588,2025-02-04 05:00:00,Female,29,Silver,Web,Chonburi,1343,Shopee,COD,5,2,1,0,20-30,44.766666666666666,2.0,0.0,0.0,-1,8,1435.205,0.25,0.0,0.5,0.0,0.0,0,0,0.0,2870.41,2,0,0.0,2870.41,2,0,0.0,2870.41,2,0,0.0,1
LGS2ORD0004324,C017647,2025-02-04 06:00:00,Female,68,Silver,Lazada,Nakhon Ratchasima,843,Lazada,Credit_Card,6,2,1,0,>50,28.1,0.0,0.0,0.0,-1,-1,0.0,0.0,0.0,0.0,0.0,0.0,0,0,0.0,0.0,0,0,0.0,0.0,0,0,0.0,0.0,0,0,0.0,0
LGS2ORD0004325,C014236,2025-02-04 06:00:00,Male,37,Silver,TV,Songkhla,1430,Web,PromptPay,6,2,1,0,30-40,47.666666666666664,1.0,1.0,1.0,15,17,3838.97,0.05,1.0,0.0,0.0,0.0,0,0,0.0,3838.97,1,1,1.0,3838.97,1,1,1.0,3838.97,1,1,1.0,0
LGS2ORD0004326,C010855,2025-02-04 06:00:00,Male,63,Bronze,CallCenter,Phuket,1323,Shopee,COD,6,2,1,0,>50,44.1,0.0,0.0,0.0,-1,-1,0.0,0.0,0.0,0.0,0.0,0.0,0,0,0.0,0.0,0,0,0.0,0.0,0,0,0.0,0.0,0,0,0.0,1
LGS2ORD0004327,C012447,2025-02-04 06:00:00,Female,61,Bronze,TV,Remote_Area,741,Shopee,COD,6,2,1,0,>50,24.7,1.0,1.0,1.0,1,9,1272.84,0.03,0.0,0.0,0.0,0.0,0,0,0.0,1272.84,1,1,1.0,1272.84,1,1,1.0,1272.84,1,1,1.0,1
LGS2ORD0004328,C017537,2025-02-04 06:00:00,Male,21,Bronze,TV,Khon Kaen,1280,TV_Show,Credit_Card,6,2,1,0,20-30,42.666666666666664,0.0,0.0,0.0,-1,-1,0.0,0.0,0.0,0.0,0.0,0.0,0,0,0.0,0.0,0,0,0.0,0.0,0,0,0.0,0.0,0,0,0.0,0
LGS2ORD0004329,C010316,2025-02-04 07:00:00,Female,46,Bronze,TV,Bangkok,430,Shopee,Credit_Card,7,2,1,0,40-50,14.333333333333334,0.0,0.0,0.0,-1,-1,0.0,0.0,0.0,0.0,0.0,0.0,0,0,0.0,0.0,0,0,0.0,0.0,0,0,0.0,0.0,0,0,0.0,0
LGS2ORD0004330,C014364,2025-02-04 07:00:00,Female,40,Bronze,TV,Phuket,173,TV_Show,COD,7,2,1,0,30-40,5.766666666666667,0.0,0.0,0.0,-1,-1,0.0,0.0,0.0,0.0,0.0,0.0,0,0,0.0,0.0,0,0,0.0,0.0,0,0,0.0,0.0,0,0,0.0,0
LGS2ORD0004331,C017491,2025-02-04 07:00:00,Female,60,Gold,Shopee,Khon Kaen,1488,Web,COD,7,2,1,0,>50,49.6,0.0,0.0,0.0,-1,-1,0.0,0.0,0.0,0.0,0.0,0.0,0,0,0.0,0.0,0,0,0.0,0.0,0,0,0.0,0.0,0,0,0.0,0
LGS2ORD0004332,C016062,2025-02-04 07:00:00,Female,37,Bronze,Web,Songkhla,1427,Shopee,COD,7,2,1,0,30-40,47.56666666666667,0.0,0.0,0.0,-1,-1,0.0,0.0,0.0,0.0,0.0,0.0,0,0,0.0,0.0,0,0,0.0,0.0,0,0,0.0,0.0,0,0,0.0,0
LGS2ORD0004333,C017330,2025-02-04 07:00:00,Female,27,Gold,Shopee,Khon Kaen,1292,Lazada,PromptPay,7,2,1,0,20-30,43.06666666666667,1.0,0.0,0.0,-1,11,14542.82,0.08,0.0,0.0,0.0,0.0,0,0,0.0,14542.82,1,0,0.0,14542.82,1,0,0.0,14542.82,1,0,0.0,0
LGS2ORD0004334,C012400,2025-02-04 08:00:00,Female,38,Bronze,TV,Phuket,1470,Shopee,COD,8,2,1,0,30-40,49.0,1.0,0.0,0.0,-1,7,26907.17,0.03,0.0,0.0,0.0,0.0,0,0,0.0,26907.17,1,0,0.0,26907.17,1,0,0.0,26907.17,1,0,0.0,0
LGS2ORD0004335,C016203,2025-02-04 08:00:00,Male,46,Bronze,Shopee,Remote_Area,1271,Web,COD,8,2,1,0,40-50,42.36666666666667,0.0,0.0,0.0,-1,-1,0.0,0.0,0.0,0.0,0.0,0.0,0,0,0.0,0.0,0,0,0.0,0.0,0,0,0.0,0.0,0,0,0.0,0
LGS2ORD0004336,C011841,2025-02-04 08:00:00,Female,59,Gold,Shopee,Songkhla,1463,Shopee,COD,8,2,1,0,>50,48.766666666666666,1.0,0.0,0.0,-1,5,3847.61,0.08,1.0,0.0,0.0,3847.61,1,0,0.0,3847.61,1,0,0.0,3847.61,1,0,0.0,3847.61,1,0,0.0,0
LGS2ORD0004337,C010386,2025-02-04 08:00:00,Female,32,Silver,Web,Bangkok,980,Web,PromptPay,8,2,1,0,30-40,32.666666666666664,0.0,0.0,0.0,-1,-1,0.0,0.0,0.0,0.0,0.0,0.0,0,0,0.0,0.0,0,0,0.0,0.0,0,0,0.0,0.0,0,0,0.0,0
LGS2ORD0004338,C011099,2025-02-04 08:00:00,Female,42,Bronze,Web,Chonburi,295,TV_Show,COD,8,2,1,0,40-50,9.833333333333334,0.0,0.0,0.0,-1,-1,0.0,0.0,0.0,0.0,0.0,0.0,0,0,0.0,0.0,0,0,0.0,0.0,0,0,0.0,0.0,0,0,0.0,0
LGS2ORD0004339,C015203,2025-02-04 08:00:00,Female,44,Gold,TV,Bangkok,543,Lazada,COD,8,2,1,0,40-50,18.1,0.0,0.0,0.0,-1,-1,0.0,0.0,0.0,0.0,0.0,0.0,0,0,0.0,0.0,0,0,0.0,0.0,0,0,0.0,0.0,0,0,0.0,0
LGS2ORD0004340,C014175,2025-02-04 09:00:00,Male,18,Silver,TV,Chiang Mai,1275,Shopee,COD,9,2,1,0,<20,42.5,0.0,0.0,0.0,-1,-1,0.0,0.0,0.0,0.0,0.0,0.0,0,0,0.0,0.0,0,0,0.0,0.0,0,0,0.0,0.0,0,0,0.0,0
LGS2ORD0004341,C010454,2025-02-04 09:00:00,Male,46,Bronze,CallCenter,Khon Kaen,665,Web,COD,9,2,1,0,40-50,22.166666666666668,2.0,1.0,0.5,-4,6,550.4649999999999,0.18,0.5,0.0,0.0,671.67,1,0,0.0,1100.9299999999998,2,1,0.5,1100.9299999999998,2,1,0.5,1100.9299999999998,2,1,0.5,0
LGS2ORD0004342,C015395,2025-02-04 09:00:00,Male,43,Silver,TV,Phuket,74,Shopee,COD,9,2,1,0,40-50,2.466666666666667,1.0,0.0,0.0,-1,25,1855.33,0.15,1.0,0.0,0.0,0.0,0,0,0.0,1855.33,1,0,0.0,1855.33,1,0,0.0,1855.33,1,0,0.0,0
LGS2ORD0004343,C010548,2025-02-04 09:00:00,Female,50,Bronze,Lazada,Khon Kaen,843,Web,COD,9,2,1,0,40-50,28.1,1.0,1.0,1.0,7,26,851.31,0.28,0.0,1.0,0.0,0.0,0,0,0.0,851.31,1,1,1.0,851.31,1,1,1.0,851.31,1,1,1.0,0
LGS2ORD0004344,C011753,2025-02-04 09:00:00,Female,40,Bronze,TV,Chiang Mai,1383,Shopee,PromptPay,9,2,1,0,30-40,46.1,1.0,0.0,0.0,-1,0,15352.82,0.18,0.0,0.0,0.0,15352.82,1,0,0.0,15352.82,1,0,0.0,15352.82,1,0,0.0,15352.82,1,0,0.0,1
LGS2ORD0004345,C017742,2025-02-04 10:00:00,Other,28,Silver,Web,Bangkok,607,CallCenter,Credit_Card,10,2,1,0,20-30,20.233333333333334,0.0,0.0,0.0,-1,-1,0.0,0.0,0.0,0.0,0.0,0.0,0,0,0.0,0.0,0,0,0.0,0.0,0,0,0.0,0.0,0,0,0.0,0
LGS2ORD0004346,C017554,2025-02-04 10:00:00,Male,33,Bronze,TV,Bangkok,244,Web,COD,10,2,1,0,30-40,8.133333333333333,1.0,1.0,1.0,4,9,4990.5,0.18,1.0,0.0,0.0,0.0,0,0,0.0,4990.5,1,1,1.0,4990.5,1,1,1.0,4990.5,1,1,1.0,0
LGS2ORD0004347,C016270,2025-02-04 10:00:00,Male,48,Bronze,Lazada,Songkhla,1150,TV_Show,COD,10,2,1,0,40-50,38.333333333333336,1.0,1.0,1.0,13,19,1597.02,0.28,1.0,1.0,0.0,0.0,0,0,0.0,1597.02,1,1,1.0,1597.02,1,1,1.0,1597.02,1,1,1.0,1
LGS2ORD0004348,C016367,2025-02-04 10:00:00,Male,41,Gold,CallCenter,Nakhon Ratchasima,293,TV_Show,PromptPay,10,2,1,0,40-50,9.766666666666667,0.0,0.0,0.0,-1,-1,0.0,0.0,0.0,0.0,0.0,0.0,0,0,0.0,0.0,0,0,0.0,0.0,0,0,0.0,0.0,0,0,0.0,0
LGS2ORD0004349,C012027,2025-02-04 10:00:00,Female,41,Bronze,Shopee,Bangkok,1190,Shopee,Credit_Card,10,2,1,0,40-50,39.666666666666664,1.0,0.0,0.0,-1,12,3377.88,0.28,1.0,1.0,0.0,0.0,0,0,0.0,3377.88,1,0,0.0,3377.88,1,0,0.0,3377.88,1,0,0.0,0
LGS2ORD0004350,C016572,2025-02-04 11:00:00,Female,39,Silver,Shopee,Bangkok,1309,Shopee,PromptPay,11,2,1,0,30-40,43.63333333333333,0.0,0.0,0.0,-1,-1,0.0,0.0,0.0,0.0,0.0,0.0,0,0,0.0,0.0,0,0,0.0,0.0,0,0,0.0,0.0,0,0,0.0,0
LGS2ORD0004351,C010012,2025-02-04 11:00:00,Male,54,Bronze,Web,Songkhla,106,Shopee,PromptPay,11,2,1,0,>50,3.533333333333333,0.0,0.0,0.0,-1,-1,0.0,0.0,0.0,0.0,0.0,0.0,0,0,0.0,0.0,0,0,0.0,0.0,0,0,0.0,0.0,0,0,0.0,0
LGS2ORD0004352,C014283,2025-02-04 11:00:00,Male,58,Gold,Lazada,Bangkok,733,Lazada,Credit_Card,11,2,1,0,>50,24.433333333333334,1.0,0.0,0.0,-1,3,703.56,0.2299999999999999,1.0,1.0,0.0,703.56,1,0,0.0,703.56,1,0,0.0,703.56,1,0,0.0,703.56,1,0,0.0,1
LGS2ORD0004353,C014566,2025-02-04 11:00:00,Other,38,Bronze,TV,Bangkok,114,Shopee,COD,11,2,1,0,30-40,3.8,2.0,0.0,0.0,-1,0,9148.31,0.23,1.0,0.5,0.0,1482.39,1,0,0.0,18296.62,2,0,0.0,18296.62,2,0,0.0,18296.62,2,0,0.0,1
LGS2ORD0004354,C016443,2025-02-04 11:00:00,Male,44,Silver,Web,Bangkok,1473,Lazada,PromptPay,11,2,1,0,40-50,49.1,1.0,0.0,0.0,-1,34,989.88,0.05,1.0,0.0,0.0,0.0,0,0,0.0,0.0,0,0,0.0,989.88,1,0,0.0,989.88,1,0,0.0,1
LGS2ORD0004355,C013071,2025-02-04 12:00:00,Male,23,Bronze,Lazada,Khon Kaen,1016,Shopee,COD,12,2,1,0,20-30,33.86666666666667,0.0,0.0,0.0,-1,-1,0.0,0.0,0.0,0.0,0.0,0.0,0,0,0.0,0.0,0,0,0.0,0.0,0,0,0.0,0.0,0,0,0.0,1
LGS2ORD0004356,C012539,2025-02-04 12:00:00,Male,61,Silver,Lazada,Chiang Mai,1309,Web,Credit_Card,12,2,1,0,>50,43.63333333333333,0.0,0.0,0.0,-1,-1,0.0,0.0,0.0,0.0,0.0,0.0,0,0,0.0,0.0,0,0,0.0,0.0,0,0,0.0,0.0,0,0,0.0,0
LGS2ORD0004357,C010255,2025-02-04 12:00:00,Female,66,Silver,CallCenter,Khon Kaen,1309,TV_Show,COD,12,2,1,0,>50,43.63333333333333,3.0,2.0,0.6666666666666666,-4,9,9931.78,0.25,1.0,0.3333333333333333,0.0,0.0,0,0,0.0,28048.050000000003,2,1,0.5,29795.34,3,2,0.6666666666666666,29795.34,3,2,0.6666666666666666,0
LGS2ORD0004358,C013200,2025-02-04 12:00:00,Male,41,Silver,Lazada,Bangkok,1032,TV_Show,PromptPay,12,2,1,0,40-50,34.4,0.0,0.0,0.0,-1,-1,0.0,0.0,0.0,0.0,0.0,0.0,0,0,0.0,0.0,0,0,0.0,0.0,0,0,0.0,0.0,0,0,0.0,0
LGS2ORD0004359,C012576,2025-02-04 12:00:00,Male,36,Silver,Shopee,Phuket,541,CallCenter,COD,12,2,1,0,30-40,18.033333333333335,0.0,0.0,0.0,-1,-1,0.0,0.0,0.0,0.0,0.0,0.0,0,0,0.0,0.0,0,0,0.0,0.0,0,0,0.0,0.0,0,0,0.0,1
LGS2ORD0004360,C012932,2025-02-04 12:00:00,Male,57,Gold,Web,Bangkok,1365,TV_Show,Credit_Card,12,2,1,0,>50,45.5,0.0,0.0,0.0,-1,-1,0.0,0.0,0.0,0.0,0.0,0.0,0,0,0.0,0.0,0,0,0.0,0.0,0,0,0.0,0.0,0,0,0.0,0
LGS2ORD0004361,C014950,2025-02-04 13:00:00,Male,55,Gold,TV,Khon Kaen,1133,Lazada,COD,13,2,1,0,>50,37.766666666666666,1.0,0.0,0.0,-1,0,5385.73,0.33,1.0,1.0,0.0,5385.73,1,0,0.0,5385.73,1,0,0.0,5385.73,1,0,0.0,5385.73,1,0,0.0,0
LGS2ORD0004362,C010181,2025-02-04 13:00:00,Male,51,Bronze,Shopee,Phuket,1038,CallCenter,COD,13,2,1,0,>50,34.6,0.0,0.0,0.0,-1,-1,0.0,0.0,0.0,0.0,0.0,0.0,0,0,0.0,0.0,0,0,0.0,0.0,0,0,0.0,0.0,0,0,0.0,0
LGS2ORD0004363,C013840,2025-02-04 13:00:00,Male,45,Bronze,TV,Remote_Area,442,Shopee,Bank_Transfer,13,2,1,0,40-50,14.733333333333333,0.0,0.0,0.0,-1,-1,0.0,0.0,0.0,0.0,0.0,0.0,0,0,0.0,0.0,0,0,0.0,0.0,0,0,0.0,0.0,0,0,0.0,0
LGS2ORD0004364,C012149,2025-02-04 13:00:00,Male,52,Gold,Lazada,Bangkok,725,TV_Show,PromptPay,13,2,1,0,>50,24.166666666666668,0.0,0.0,0.0,-1,-1,0.0,0.0,0.0,0.0,0.0,0.0,0,0,0.0,0.0,0,0,0.0,0.0,0,0,0.0,0.0,0,0,0.0,1
LGS2ORD0004365,C012706,2025-02-04 13:00:00,Male,25,Bronze,CallCenter,Chiang Mai,1260,Lazada,Credit_Card,13,2,1,0,20-30,42.0,1.0,0.0,0.0,-1,18,1075.91,0.13,0.0,0.0,0.0,0.0,0,0,0.0,1075.91,1,0,0.0,1075.91,1,0,0.0,1075.91,1,0,0.0,0
LGS2ORD0004366,C016546,2025-02-04 14:00:00,Female,40,Gold,TV,Khon Kaen,78,CallCenter,Credit_Card,14,2,1,0,30-40,2.6,0.0,0.0,0.0,-1,-1,0.0,0.0,0.0,0.0,0.0,0.0,0,0,0.0,0.0,0,0,0.0,0.0,0,0,0.0,0.0,0,0,0.0,0
LGS2ORD0004367,C014933,2025-02-04 14:00:00,Male,58,Bronze,TV,Remote_Area,399,TV_Show,Credit_Card,14,2,1,0,>50,13.3,0.0,0.0,0.0,-1,-1,0.0,0.0,0.0,0.0,0.0,0.0,0,0,0.0,0.0,0,0,0.0,0.0,0,0,0.0,0.0,0,0,0.0,0
LGS2ORD0004368,C012230,2025-02-04 14:00:00,Female,34,Silver,Web,Khon Kaen,672,CallCenter,Credit_Card,14,2,1,0,30-40,22.4,0.0,0.0,0.0,-1,-1,0.0,0.0,0.0,0.0,0.0,0.0,0,0,0.0,0.0,0,0,0.0,0.0,0,0,0.0,0.0,0,0,0.0,0
LGS2ORD0004369,C015753,2025-02-04 14:00:00,Female,37,Silver,Web,Remote_Area,1224,TV_Show,Credit_Card,14,2,1,0,30-40,40.8,0.0,0.0,0.0,-1,-1,0.0,0.0,0.0,0.0,0.0,0.0,0,0,0.0,0.0,0,0,0.0,0.0,0,0,0.0,0.0,0,0,0.0,0
LGS2ORD0004370,C017155,2025-02-04 14:00:00,Male,54,Bronze,TV,Remote_Area,1232,Web,COD,14,2,1,0,>50,41.06666666666667,1.0,0.0,0.0,-1,27,28854.2,0.08,0.0,0.0,0.0,0.0,0,0,0.0,28854.2,1,0,0.0,28854.2,1,0,0.0,28854.2,1,0,0.0,1
LGS2ORD0004371,C013121,2025-02-04 15:00:00,Male,52,Silver,Shopee,Chonburi,187,Shopee,Credit_Card,15,2,1,0,>50,6.233333333333333,0.0,0.0,0.0,-1,-1,0.0,0.0,0.0,0.0,0.0,0.0,0,0,0.0,0.0,0,0,0.0,0.0,0,0,0.0,0.0,0,0,0.0,0
LGS2ORD0004372,C014215,2025-02-04 15:00:00,Female,68,Bronze,TV,Phuket,503,Web,Bank_Transfer,15,2,1,0,>50,16.766666666666666,1.0,1.0,1.0,0,9,7052.88,0.28,1.0,1.0,0.0,0.0,0,0,0.0,7052.88,1,1,1.0,7052.88,1,1,1.0,7052.88,1,1,1.0,0
LGS2ORD0004373,C017524,2025-02-04 15:00:00,Male,48,Bronze,Shopee,Remote_Area,1127,Web,PromptPay,15,2,1,0,40-50,37.56666666666667,2.0,2.0,1.0,6,16,3175.7,0.23,0.5,0.5,0.0,0.0,0,0,0.0,6351.4,2,2,1.0,6351.4,2,2,1.0,6351.4,2,2,1.0,1
LGS2ORD0004374,C016608,2025-02-04 15:00:00,Female,35,Silver,CallCenter,Bangkok,497,Shopee,PromptPay,15,2,1,0,30-40,16.566666666666666,0.0,0.0,0.0,-1,-1,0.0,0.0,0.0,0.0,0.0,0.0,0,0,0.0,0.0,0,0,0.0,0.0,0,0,0.0,0.0,0,0,0.0,0
LGS2ORD0004375,C011534,2025-02-04 15:00:00,Female,33,Bronze,TV,Khon Kaen,68,TV_Show,COD,15,2,1,0,30-40,2.2666666666666666,0.0,0.0,0.0,-1,-1,0.0,0.0,0.0,0.0,0.0,0.0,0,0,0.0,0.0,0,0,0.0,0.0,0,0,0.0,0.0,0,0,0.0,1
LGS2ORD0004376,C010182,2025-02-04 16:00:00,Female,53,Silver,TV,Songkhla,774,Lazada,Credit_Card,16,2,1,0,>50,25.8,0.0,0.0,0.0,-1,-1,0.0,0.0,0.0,0.0,0.0,0.0,0,0,0.0,0.0,0,0,0.0,0.0,0,0,0.0,0.0,0,0,0.0,0
LGS2ORD0004377,C012931,2025-02-04 16:00:00,Female,38,Bronze,Lazada,Bangkok,511,TV_Show,Bank_Transfer,16,2,1,0,30-40,17.033333333333335,0.0,0.0,0.0,-1,-1,0.0,0.0,0.0,0.0,0.0,0.0,0,0,0.0,0.0,0,0,0.0,0.0,0,0,0.0,0.0,0,0,0.0,0
LGS2ORD0004378,C015121,2025-02-04 16:00:00,Male,40,Silver,CallCenter,Bangkok,1479,TV_Show,Credit_Card,16,2,1,0,30-40,49.3,0.0,0.0,0.0,-1,-1,0.0,0.0,0.0,0.0,0.0,0.0,0,0,0.0,0.0,0,0,0.0,0.0,0,0,0.0,0.0,0,0,0.0,0
LGS2ORD0004379,C016203,2025-02-04 16:00:00,Male,46,Bronze,Shopee,Remote_Area,1271,Shopee,COD,16,2,1,0,40-50,42.36666666666667,1.0,0.0,0.0,-1,0,658.29,0.03,1.0,0.0,0.0,658.29,1,0,0.0,658.29,1,0,0.0,658.29,1,0,0.0,658.29,1,0,0.0,0
LGS2ORD0004380,C011759,2025-02-04 16:00:00,Male,38,Silver,Web,Chonburi,787,Lazada,PromptPay,16,2,1,0,30-40,26.233333333333334,1.0,0.0,0.0,-1,22,18492.76,0.2,0.0,0.0,0.0,0.0,0,0,0.0,18492.76,1,0,0.0,18492.76,1,0,0.0,18492.76,1,0,0.0,0
LGS2ORD0004381,C016066,2025-02-04 16:00:00,Male,60,Silver,Web,Songkhla,1335,Web,Credit_Card,16,2,1,0,>50,44.5,0.0,0.0,0.0,-1,-1,0.0,0.0,0.0,0.0,0.0,0.0,0,0,0.0,0.0,0,0,0.0,0.0,0,0,0.0,0.0,0,0,0.0,1
LGS2ORD0004382,C012640,2025-02-04 17:00:00,Female,33,Bronze,Shopee,Chiang Mai,94,CallCenter,COD,17,2,1,0,30-40,3.1333333333333333,0.0,0.0,0.0,-1,-1,0.0,0.0,0.0,0.0,0.0,0.0,0,0,0.0,0.0,0,0,0.0,0.0,0,0,0.0,0.0,0,0,0.0,0
LGS2ORD0004383,C017135,2025-02-04 17:00:00,Female,30,Bronze,TV,Bangkok,1440,TV_Show,PromptPay,17,2,1,0,20-30,48.0,1.0,0.0,0.0,-1,28,3476.97,0.23,0.0,1.0,0.0,0.0,0,0,0.0,3476.97,1,0,0.0,3476.97,1,0,0.0,3476.97,1,0,0.0,0
LGS2ORD0004384,C016873,2025-02-04 17:00:00,Male,40,Bronze,TV,Chiang Mai,134,Shopee,COD,17,2,1,0,30-40,4.466666666666667,2.0,1.0,0.5,15,3,1812.4450000000002,0.18,0.5,0.0,0.0,904.76,1,0,0.0,3624.8900000000003,2,1,0.5,3624.8900000000003,2,1,0.5,3624.8900000000003,2,1,0.5,1
LGS2ORD0004385,C013292,2025-02-04 17:00:00,Female,43,Silver,TV,Bangkok,134,Shopee,Credit_Card,17,2,1,0,40-50,4.466666666666667,0.0,0.0,0.0,-1,-1,0.0,0.0,0.0,0.0,0.0,0.0,0,0,0.0,0.0,0,0,0.0,0.0,0,0,0.0,0.0,0,0,0.0,0
LGS2ORD0004386,C014164,2025-02-04 17:00:00,Female,40,Silver,Shopee,Songkhla,497,Lazada,COD,17,2,1,0,30-40,16.566666666666666,1.0,0.0,0.0,-1,34,1435.82,0.05,0.0,0.0,0.0,0.0,0,0,0.0,0.0,0,0,0.0,1435.82,1,0,0.0,1435.82,1,0,0.0,0
LGS2ORD0004387,C013962,2025-02-04 18:00:00,Male,35,Bronze,Shopee,Chiang Mai,477,Web,Bank_Transfer,18,2,1,0,30-40,15.9,2.0,1.0,0.5,-8,7,2041.47,0.18,1.0,0.0,0.0,1650.96,1,1,1.0,1650.96,1,1,1.0,4082.94,2,1,0.5,4082.94,2,1,0.5,0
LGS2ORD0004388,C014462,2025-02-04 18:00:00,Female,33,Platinum,Lazada,Chonburi,836,TV_Show,PromptPay,18,2,1,0,30-40,27.866666666666667,0.0,0.0,0.0,-1,-1,0.0,0.0,0.0,0.0,0.0,0.0,0,0,0.0,0.0,0,0,0.0,0.0,0,0,0.0,0.0,0,0,0.0,0
LGS2ORD0004389,C017555,2025-02-04 18:00:00,Female,72,Gold,Web,Phuket,1234,Shopee,COD,18,2,1,0,>50,41.13333333333333,0.0,0.0,0.0,-1,-1,0.0,0.0,0.0,0.0,0.0,0.0,0,0,0.0,0.0,0,0,0.0,0.0,0,0,0.0,0.0,0,0,0.0,0
LGS2ORD0004390,C014620,2025-02-04 18:00:00,Female,39,Silver,Shopee,Remote_Area,1035,Web,COD,18,2,1,0,30-40,34.5,0.0,0.0,0.0,-1,-1,0.0,0.0,0.0,0.0,0.0,0.0,0,0,0.0,0.0,0,0,0.0,0.0,0,0,0.0,0.0,0,0,0.0,1
LGS2ORD0004391,C010756,2025-02-04 18:00:00,Male,54,Bronze,TV,Phuket,1461,Lazada,COD,18,2,1,0,>50,48.7,1.0,0.0,0.0,-1,26,20547.7,0.28,0.0,1.0,0.0,0.0,0,0,0.0,20547.7,1,0,0.0,20547.7,1,0,0.0,20547.7,1,0,0.0,0
LGS2ORD0004392,C015500,2025-02-04 19:00:00,Female,48,Bronze,Shopee,Bangkok,430,Shopee,PromptPay,19,2,1,0,40-50,14.333333333333334,0.0,0.0,0.0,-1,-1,0.0,0.0,0.0,0.0,0.0,0.0,0,0,0.0,0.0,0,0,0.0,0.0,0,0,0.0,0.0,0,0,0.0,0
LGS2ORD0004393,C013198,2025-02-04 19:00:00,Female,18,Silver,Lazada,Phuket,1011,Lazada,COD,19,2,1,0,<20,33.7,0.0,0.0,0.0,-1,-1,0.0,0.0,0.0,0.0,0.0,0.0,0,0,0.0,0.0,0,0,0.0,0.0,0,0,0.0,0.0,0,0,0.0,1
LGS2ORD0004394,C015464,2025-02-04 19:00:00,Female,37,Bronze,Web,Bangkok,1077,Web,Credit_Card,19,2,1,0,30-40,35.9,1.0,0.0,0.0,-1,1,10868.27,0.03,1.0,0.0,0.0,10868.27,1,0,0.0,10868.27,1,0,0.0,10868.27,1,0,0.0,10868.27,1,0,0.0,0
LGS2ORD0004395,C016459,2025-02-04 19:00:00,Female,20,Gold,CallCenter,Bangkok,1090,Shopee,COD,19,2,1,0,<20,36.333333333333336,0.0,0.0,0.0,-1,-1,0.0,0.0,0.0,0.0,0.0,0.0,0,0,0.0,0.0,0,0,0.0,0.0,0,0,0.0,0.0,0,0,0.0,0
LGS2ORD0004396,C015758,2025-02-04 19:00:00,Female,53,Bronze,TV,Khon Kaen,1312,Web,Credit_Card,19,2,1,0,>50,43.733333333333334,1.0,0.0,0.0,-1,20,2623.8,0.18,1.0,0.0,0.0,0.0,0,0,0.0,2623.8,1,0,0.0,2623.8,1,0,0.0,2623.8,1,0,0.0,0
LGS2ORD0004397,C014805,2025-02-04 20:00:00,Male,41,Bronze,TV,Chonburi,572,Web,PromptPay,20,2,1,0,40-50,19.066666666666666,0.0,0.0,0.0,-1,-1,0.0,0.0,0.0,0.0,0.0,0.0,0,0,0.0,0.0,0,0,0.0,0.0,0,0,0.0,0.0,0,0,0.0,0
LGS2ORD0004398,C015624,2025-02-04 20:00:00,Male,39,Gold,Lazada,Chonburi,502,TV_Show,PromptPay,20,2,1,0,30-40,16.733333333333334,1.0,0.0,0.0,-1,29,2310.45,0.18,0.0,0.0,0.0,0.0,0,0,0.0,2310.45,1,0,0.0,2310.45,1,0,0.0,2310.45,1,0,0.0,0
LGS2ORD0004399,C011550,2025-02-04 20:00:00,Female,53,Silver,Shopee,Nakhon Ratchasima,404,TV_Show,Credit_Card,20,2,1,0,>50,13.466666666666667,1.0,0.0,0.0,-1,30,10541.9,0.2,1.0,0.0,0.0,0.0,0,0,0.0,0.0,0,0,0.0,10541.9,1,0,0.0,10541.9,1,0,0.0,0
LGS2ORD0004400,C016522,2025-02-04 20:00:00,Female,46,Bronze,Shopee,Bangkok,1004,Web,COD,20,2,1,0,40-50,33.46666666666667,1.0,0.0,0.0,-1,15,11966.43,0.18,1.0,0.0,0.0,0.0,0,0,0.0,11966.43,1,0,0.0,11966.43,1,0,0.0,11966.43,1,0,0.0,1
LGS2ORD0004401,C016716,2025-02-04 20:00:00,Female,48,Silver,Lazada,Bangkok,257,TV_Show,COD,20,2,1,0,40-50,8.566666666666666,0.0,0.0,0.0,-1,-1,0.0,0.0,0.0,0.0,0.0,0.0,0,0,0.0,0.0,0,0,0.0,0.0,0,0,0.0,0.0,0,0,0.0,0
LGS2ORD0004402,C011762,2025-02-04 20:00:00,Female,72,Bronze,Shopee,Songkhla,1085,Web,Credit_Card,20,2,1,0,>50,36.166666666666664,1.0,0.0,0.0,-1,29,4909.45,0.18,1.0,0.0,0.0,0.0,0,0,0.0,4909.45,1,0,0.0,4909.45,1,0,0.0,4909.45,1,0,0.0,0
LGS2ORD0004403,C017461,2025-02-04 21:00:00,Male,31,Bronze,Web,Nakhon Ratchasima,129,TV_Show,PromptPay,21,2,1,0,30-40,4.3,0.0,0.0,0.0,-1,-1,0.0,0.0,0.0,0.0,0.0,0.0,0,0,0.0,0.0,0,0,0.0,0.0,0,0,0.0,0.0,0,0,0.0,0
LGS2ORD0004404,C017511,2025-02-04 21:00:00,Female,28,Gold,CallCenter,Bangkok,395,Web,Credit_Card,21,2,1,0,20-30,13.166666666666666,0.0,0.0,0.0,-1,-1,0.0,0.0,0.0,0.0,0.0,0.0,0,0,0.0,0.0,0,0,0.0,0.0,0,0,0.0,0.0,0,0,0.0,0
LGS2ORD0004405,C016942,2025-02-04 21:00:00,Male,53,Bronze,TV,Nakhon Ratchasima,1316,Shopee,COD,21,2,1,0,>50,43.86666666666667,3.0,0.0,0.0,-1,3,4585.246666666667,0.23,0.3333333333333333,0.3333333333333333,0.0,880.06,1,0,0.0,13755.74,3,0,0.0,13755.74,3,0,0.0,13755.74,3,0,0.0,0
LGS2ORD0004406,C012585,2025-02-04 21:00:00,Male,48,Bronze,Shopee,Chiang Mai,1146,Web,COD,21,2,1,0,40-50,38.2,2.0,0.0,0.0,-1,7,1090.985,0.18,0.0,0.0,0.0,0.0,0,0,0.0,2181.97,2,0,0.0,2181.97,2,0,0.0,2181.97,2,0,0.0,1
LGS2ORD0004407,C015614,2025-02-04 21:00:00,Male,56,Bronze,TV,Khon Kaen,995,Lazada,Credit_Card,21,2,1,0,>50,33.166666666666664,1.0,1.0,1.0,12,20,5210.45,0.18,1.0,0.0,0.0,0.0,0,0,0.0,5210.45,1,1,1.0,5210.45,1,1,1.0,5210.45,1,1,1.0,0
LGS2ORD0004408,C017225,2025-02-04 22:00:00,Female,39,Bronze,Shopee,Chiang Mai,1066,Lazada,Bank_Transfer,22,2,1,0,30-40,35.53333333333333,2.0,0.0,0.0,-1,1,2849.7749999999996,0.13,1.0,0.0,0.0,4832.53,1,0,0.0,5699.549999999999,2,0,0.0,5699.549999999999,2,0,0.0,5699.549999999999,2,0,0.0,0
LGS2ORD0004409,C011686,2025-02-04 22:00:00,Female,53,Bronze,TV,Chiang Mai,988,Shopee,COD,22,2,1,0,>50,32.93333333333333,1.0,0.0,0.0,-1,7,1810.52,0.18,1.0,0.0,0.0,0.0,0,0,0.0,1810.52,1,0,0.0,1810.52,1,0,0.0,1810.52,1,0,0.0,0
LGS2ORD0004410,C015603,2025-02-04 22:00:00,Female,52,Gold,Shopee,Chonburi,102,Shopee,COD,22,2,1,0,>50,3.4,0.0,0.0,0.0,-1,-1,0.0,0.0,0.0,0.0,0.0,0.0,0,0,0.0,0.0,0,0,0.0,0.0,0,0,0.0,0.0,0,0,0.0,1
LGS2ORD0004411,C012561,2025-02-04 22:00:00,Female,61,Platinum,Shopee,Phuket,556,Lazada,COD,22,2,1,0,>50,18.533333333333335,1.0,1.0,1.0,5,9,760.75,0.35,1.0,1.0,0.0,0.0,0,0,0.0,760.75,1,1,1.0,760.75,1,1,1.0,760.75,1,1,1.0,0
LGS2ORD0004412,C014366,2025-02-04 22:00:00,Other,44,Gold,TV,Khon Kaen,935,Web,Credit_Card,22,2,1,0,40-50,31.166666666666668,0.0,0.0,0.0,-1,-1,0.0,0.0,0.0,0.0,0.0,0.0,0,0,0.0,0.0,0,0,0.0,0.0,0,0,0.0,0.0,0,0,0.0,0
LGS2ORD0004413,C011686,2025-02-04 23:00:00,Female,53,Bronze,TV,Chiang Mai,988,Shopee,COD,23,2,1,0,>50,32.93333333333333,2.0,0.0,0.0,-1,0,1193.945,0.18,1.0,0.0,0.0,577.37,1,0,0.0,2387.89,2,0,0.0,2387.89,2,0,0.0,2387.89,2,0,0.0,0
LGS2ORD0004414,C010198,2025-02-04 23:00:00,Male,72,Silver,Lazada,Bangkok,1413,TV_Show,COD,23,2,1,0,>50,47.1,0.0,0.0,0.0,-1,-1,0.0,0.0,0.0,0.0,0.0,0.0,0,0,0.0,0.0,0,0,0.0,0.0,0,0,0.0,0.0,0,0,0.0,0
LGS2ORD0004415,C010403,2025-02-04 23:00:00,Male,55,Bronze,Shopee,Bangkok,940,Shopee,COD,23,2,1,0,>50,31.333333333333332,0.0,0.0,0.0,-1,-1,0.0,0.0,0.0,0.0,0.0,0.0,0,0,0.0,0.0,0,0,0.0,0.0,0,0,0.0,0.0,0,0,0.0,1
LGS2ORD0004416,C017518,2025-02-04 23:00:00,Female,24,Silver,Lazada,Khon Kaen,1012,Lazada,COD,23,2,1,0,20-30,33.733333333333334,0.0,0.0,0.0,-1,-1,0.0,0.0,0.0,0.0,0.0,0.0,0,0,0.0,0.0,0,0,0.0,0.0,0,0,0.0,0.0,0,0,0.0,0
LGS2ORD0004417,C015639,2025-02-04 23:00:00,Female,46,Gold,Web,Bangkok,349,Web,COD,23,2,1,0,40-50,11.633333333333333,1.0,0.0,0.0,-1,12,1907.48,0.08,1.0,0.0,0.0,0.0,0,0,0.0,1907.48,1,0,0.0,1907.48,1,0,0.0,1907.48,1,0,0.0,0
LGS2ORD0004418,C016062,2025-02-05 00:00:00,Female,37,Bronze,Web,Songkhla,1428,Shopee,Credit_Card,0,2,2,0,30-40,47.6,1.0,0.0,0.0,-1,0,1436.76,0.18,1.0,0.0,0.0,1436.76,1,0,0.0,1436.76,1,0,0.0,1436.76,1,0,0.0,1436.76,1,0,0.0,1
LGS2ORD0004419,C014526,2025-02-05 00:00:00,Female,37,Gold,Web,Remote_Area,1406,Web,PromptPay,0,2,2,0,30-40,46.86666666666667,0.0,0.0,0.0,-1,-1,0.0,0.0,0.0,0.0,0.0,0.0,0,0,0.0,0.0,0,0,0.0,0.0,0,0,0.0,0.0,0,0,0.0,0
LGS2ORD0004420,C016235,2025-02-05 00:00:00,Male,37,Bronze,Web,Chiang Mai,580,Web,COD,0,2,2,0,30-40,19.333333333333332,1.0,0.0,0.0,-1,21,9660.25,0.03,0.0,0.0,0.0,0.0,0,0,0.0,9660.25,1,0,0.0,9660.25,1,0,0.0,9660.25,1,0,0.0,0
LGS2ORD0004421,C012593,2025-02-05 00:00:00,Female,45,Bronze,TV,Remote_Area,199,Shopee,PromptPay,0,2,2,0,40-50,6.633333333333334,0.0,0.0,0.0,-1,-1,0.0,0.0,0.0,0.0,0.0,0.0,0,0,0.0,0.0,0,0,0.0,0.0,0,0,0.0,0.0,0,0,0.0,0
LGS2ORD0004422,C015139,2025-02-05 00:00:00,Female,57,Bronze,Lazada,Bangkok,654,Web,PromptPay,0,2,2,0,>50,21.8,0.0,0.0,0.0,-1,-1,0.0,0.0,0.0,0.0,0.0,0.0,0,0,0.0,0.0,0,0,0.0,0.0,0,0,0.0,0.0,0,0,0.0,0
LGS2ORD0004423,C010603,2025-02-05 00:00:00,Female,38,Bronze,CallCenter,Bangkok,947,CallCenter,Credit_Card,0,2,2,0,30-40,31.566666666666666,1.0,0.0,0.0,-1,14,1684.49,0.18,1.0,0.0,0.0,0.0,0,0,0.0,1684.49,1,0,0.0,1684.49,1,0,0.0,1684.49,1,0,0.0,1
LGS2ORD0004424,C010898,2025-02-05 01:00:00,Female,55,Bronze,Shopee,Songkhla,1000,Web,COD,1,2,2,0,>50,33.333333333333336,1.0,0.0,0.0,-1,27,1539.69,0.18,1.0,0.0,0.0,0.0,0,0,0.0,1539.69,1,0,0.0,1539.69,1,0,0.0,1539.69,1,0,0.0,1
LGS2ORD0004425,C011220,2025-02-05 01:00:00,Male,71,Bronze,CallCenter,Bangkok,656,TV_Show,Credit_Card,1,2,2,0,>50,21.866666666666667,0.0,0.0,0.0,-1,-1,0.0,0.0,0.0,0.0,0.0,0.0,0,0,0.0,0.0,0,0,0.0,0.0,0,0,0.0,0.0,0,0,0.0,0
LGS2ORD0004426,C016126,2025-02-05 01:00:00,Female,47,Gold,TV,Chonburi,1323,Web,PromptPay,1,2,2,0,40-50,44.1,0.0,0.0,0.0,-1,-1,0.0,0.0,0.0,0.0,0.0,0.0,0,0,0.0,0.0,0,0,0.0,0.0,0,0,0.0,0.0,0,0,0.0,0
LGS2ORD0004427,C015612,2025-02-05 01:00:00,Female,36,Silver,Web,Khon Kaen,1356,Web,PromptPay,1,2,2,0,30-40,45.2,2.0,0.0,0.0,-1,15,980.49,0.2,0.5,0.0,0.0,0.0,0,0,0.0,1209.02,1,0,0.0,1960.98,2,0,0.0,1960.98,2,0,0.0,0
LGS2ORD0004428,C014852,2025-02-05 01:00:00,Male,31,Bronze,TV,Bangkok,746,Lazada,PromptPay,1,2,2,0,30-40,24.866666666666667,0.0,0.0,0.0,-1,-1,0.0,0.0,0.0,0.0,0.0,0.0,0,0,0.0,0.0,0,0,0.0,0.0,0,0,0.0,0.0,0,0,0.0,0
LGS2ORD0004429,C013806,2025-02-05 02:00:00,Male,41,Silver,Shopee,Bangkok,1241,CallCenter,Credit_Card,2,2,2,0,40-50,41.36666666666667,0.0,0.0,0.0,-1,-1,0.0,0.0,0.0,0.0,0.0,0.0,0,0,0.0,0.0,0,0,0.0,0.0,0,0,0.0,0.0,0,0,0.0,0
LGS2ORD0004430,C010638,2025-02-05 02:00:00,Female,44,Gold,Web,Chonburi,62,Lazada,Credit_Card,2,2,2,0,40-50,2.066666666666667,0.0,0.0,0.0,-1,-1,0.0,0.0,0.0,0.0,0.0,0.0,0,0,0.0,0.0,0,0,0.0,0.0,0,0,0.0,0.0,0,0,0.0,0
LGS2ORD0004431,C010397,2025-02-05 02:00:00,Male,34,Bronze,Web,Nakhon Ratchasima,100,Shopee,PromptPay,2,2,2,0,30-40,3.3333333333333335,0.0,0.0,0.0,-1,-1,0.0,0.0,0.0,0.0,0.0,0.0,0,0,0.0,0.0,0,0,0.0,0.0,0,0,0.0,0.0,0,0,0.0,0
LGS2ORD0004432,C014360,2025-02-05 02:00:00,Female,49,Gold,Lazada,Chiang Mai,751,Lazada,Credit_Card,2,2,2,0,40-50,25.033333333333335,1.0,0.0,0.0,-1,6,4195.32,0.13,0.0,0.0,0.0,4195.32,1,0,0.0,4195.32,1,0,0.0,4195.32,1,0,0.0,4195.32,1,0,0.0,0
LGS2ORD0004433,C015678,2025-02-05 02:00:00,Female,33,Bronze,TV,Khon Kaen,997,Shopee,Credit_Card,2,2,2,0,30-40,33.233333333333334,0.0,0.0,0.0,-1,-1,0.0,0.0,0.0,0.0,0.0,0.0,0,0,0.0,0.0,0,0,0.0,0.0,0,0,0.0,0.0,0,0,0.0,0
LGS2ORD0004434,C015114,2025-02-05 03:00:00,Female,51,Silver,Lazada,Bangkok,493,TV_Show,COD,3,2,2,0,>50,16.433333333333334,3.0,0.0,0.0,-1,1,10428.92,0.25,0.0,0.3333333333333333,0.0,26223.0,2,0,0.0,31286.76,3,0,0.0,31286.76,3,0,0.0,31286.76,3,0,0.0,0
LGS2ORD0004435,C013762,2025-02-05 03:00:00,Male,29,Silver,TV,Remote_Area,1413,TV_Show,COD,3,2,2,0,20-30,47.1,0.0,0.0,0.0,-1,-1,0.0,0.0,0.0,0.0,0.0,0.0,0,0,0.0,0.0,0,0,0.0,0.0,0,0,0.0,0.0,0,0,0.0,0
LGS2ORD0004436,C016502,2025-02-05 03:00:00,Male,61,Gold,Lazada,Chonburi,49,Shopee,PromptPay,3,2,2,0,>50,1.6333333333333333,0.0,0.0,0.0,-1,-1,0.0,0.0,0.0,0.0,0.0,0.0,0,0,0.0,0.0,0,0,0.0,0.0,0,0,0.0,0.0,0,0,0.0,0
LGS2ORD0004437,C014956,2025-02-05 03:00:00,Female,27,Bronze,TV,Phuket,216,Shopee,PromptPay,3,2,2,0,20-30,7.2,2.0,1.0,0.5,13,28,2094.82,0.18,1.0,0.0,0.0,0.0,0,0,0.0,1530.82,1,1,1.0,4189.64,2,1,0.5,4189.64,2,1,0.5,0
LGS2ORD0004438,C016259,2025-02-05 03:00:00,Female,53,Silver,TV,Bangkok,911,Web,Bank_Transfer,3,2,2,0,>50,30.366666666666667,1.0,0.0,0.0,-1,17,11889.67,0.1,1.0,0.0,0.0,0.0,0,0,0.0,11889.67,1,0,0.0,11889.67,1,0,0.0,11889.67,1,0,0.0,1
LGS2ORD0004439,C017639,2025-02-05 04:00:00,Female,49,Silver,Shopee,Remote_Area,794,Lazada,COD,4,2,2,0,40-50,26.466666666666665,1.0,1.0,1.0,12,17,1182.22,0.25,1.0,1.0,0.0,0.0,0,0,0.0,1182.22,1,1,1.0,1182.22,1,1,1.0,1182.22,1,1,1.0,0
LGS2ORD0004440,C017684,2025-02-05 04:00:00,Female,57,Platinum,Web,Khon Kaen,478,Web,Credit_Card,4,2,2,0,>50,15.933333333333334,1.0,1.0,1.0,8,22,4171.31,0.25,1.0,1.0,0.0,0.0,0,0,0.0,4171.31,1,1,1.0,4171.31,1,1,1.0,4171.31,1,1,1.0,0
LGS2ORD0004441,C014731,2025-02-05 04:00:00,Male,37,Silver,TV,Nakhon Ratchasima,1121,CallCenter,COD,4,2,2,0,30-40,37.36666666666667,0.0,0.0,0.0,-1,-1,0.0,0.0,0.0,0.0,0.0,0.0,0,0,0.0,0.0,0,0,0.0,0.0,0,0,0.0,0.0,0,0,0.0,0
LGS2ORD0004442,C014703,2025-02-05 04:00:00,Female,41,Silver,TV,Nakhon Ratchasima,1467,Lazada,PromptPay,4,2,2,0,40-50,48.9,0.0,0.0,0.0,-1,-1,0.0,0.0,0.0,0.0,0.0,0.0,0,0,0.0,0.0,0,0,0.0,0.0,0,0,0.0,0.0,0,0,0.0,1
LGS2ORD0004443,C010240,2025-02-05 04:00:00,Female,36,Bronze,Web,Nakhon Ratchasima,1429,Web,COD,4,2,2,0,30-40,47.63333333333333,0.0,0.0,0.0,-1,-1,0.0,0.0,0.0,0.0,0.0,0.0,0,0,0.0,0.0,0,0,0.0,0.0,0,0,0.0,0.0,0,0,0.0,0
LGS2ORD0004444,C013896,2025-02-05 04:00:00,Female,65,Bronze,TV,Phuket,406,Web,COD,4,2,2,0,>50,13.533333333333333,0.0,0.0,0.0,-1,-1,0.0,0.0,0.0,0.0,0.0,0.0,0,0,0.0,0.0,0,0,0.0,0.0,0,0,0.0,0.0,0,0,0.0,1
LGS2ORD0004445,C013411,2025-02-05 05:00:00,Female,40,Gold,Web,Bangkok,1119,Lazada,PromptPay,5,2,2,0,30-40,37.3,0.0,0.0,0.0,-1,-1,0.0,0.0,0.0,0.0,0.0,0.0,0,0,0.0,0.0,0,0,0.0,0.0,0,0,0.0,0.0,0,0,0.0,0
LGS2ORD0004446,C012049,2025-02-05 05:00:00,Male,44,Silver,TV,Remote_Area,1341,TV_Show,COD,5,2,2,0,40-50,44.7,0.0,0.0,0.0,-1,-1,0.0,0.0,0.0,0.0,0.0,0.0,0,0,0.0,0.0,0,0,0.0,0.0,0,0,0.0,0.0,0,0,0.0,1
LGS2ORD0004447,C016169,2025-02-05 05:00:00,Female,59,Bronze,TV,Bangkok,691,TV_Show,COD,5,2,2,0,>50,23.033333333333335,1.0,0.0,0.0,-1,18,7421.1,0.18,0.0,0.0,0.0,0.0,0,0,0.0,7421.1,1,0,0.0,7421.1,1,0,0.0,7421.1,1,0,0.0,0
LGS2ORD0004448,C012760,2025-02-05 05:00:00,Male,45,Silver,TV,Khon Kaen,1365,Lazada,Credit_Card,5,2,2,0,40-50,45.5,1.0,0.0,0.0,-1,1,13648.72,0.3,0.0,1.0,0.0,13648.72,1,0,0.0,13648.72,1,0,0.0,13648.72,1,0,0.0,13648.72,1,0,0.0,0
LGS2ORD0004449,C016445,2025-02-05 05:00:00,Male,50,Bronze,TV,Remote_Area,544,TV_Show,Bank_Transfer,5,2,2,0,40-50,18.133333333333333,1.0,1.0,1.0,13,20,32271.21,0.23,1.0,1.0,0.0,0.0,0,0,0.0,32271.21,1,1,1.0,32271.21,1,1,1.0,32271.21,1,1,1.0,0
LGS2ORD0004450,C013396,2025-02-05 06:00:00,Female,49,Gold,Shopee,Phuket,1487,Shopee,COD,6,2,2,0,40-50,49.56666666666667,0.0,0.0,0.0,-1,-1,0.0,0.0,0.0,0.0,0.0,0.0,0,0,0.0,0.0,0,0,0.0,0.0,0,0,0.0,0.0,0,0,0.0,0
LGS2ORD0004451,C013141,2025-02-05 06:00:00,Other,30,Platinum,Web,Bangkok,493,TV_Show,PromptPay,6,2,2,0,20-30,16.433333333333334,0.0,0.0,0.0,-1,-1,0.0,0.0,0.0,0.0,0.0,0.0,0,0,0.0,0.0,0,0,0.0,0.0,0,0,0.0,0.0,0,0,0.0,0
LGS2ORD0004452,C014394,2025-02-05 06:00:00,Male,42,Platinum,TV,Nakhon Ratchasima,1111,Lazada,PromptPay,6,2,2,0,40-50,37.03333333333333,1.0,0.0,0.0,-1,17,1253.4,0.35,0.0,1.0,0.0,0.0,0,0,0.0,1253.4,1,0,0.0,1253.4,1,0,0.0,1253.4,1,0,0.0,0
LGS2ORD0004453,C013804,2025-02-05 06:00:00,Male,61,Bronze,TV,Bangkok,410,TV_Show,PromptPay,6,2,2,0,>50,13.666666666666666,2.0,0.0,0.0,-1,7,2967.73,0.18,0.5,0.0,0.0,0.0,0,0,0.0,5935.46,2,0,0.0,5935.46,2,0,0.0,5935.46,2,0,0.0,1
LGS2ORD0004454,C013266,2025-02-05 06:00:00,Female,31,Gold,TV,Bangkok,1085,TV_Show,Credit_Card,6,2,2,0,30-40,36.166666666666664,0.0,0.0,0.0,-1,-1,0.0,0.0,0.0,0.0,0.0,0.0,0,0,0.0,0.0,0,0,0.0,0.0,0,0,0.0,0.0,0,0,0.0,0
LGS2ORD0004455,C014272,2025-02-05 07:00:00,Male,42,Silver,Lazada,Chiang Mai,161,TV_Show,COD,7,2,2,0,40-50,5.366666666666666,2.0,1.0,0.5,-6,8,5461.365,0.3,1.0,0.5,0.0,0.0,0,0,0.0,10922.73,2,1,0.5,10922.73,2,1,0.5,10922.73,2,1,0.5,0
LGS2ORD0004456,C015203,2025-02-05 07:00:00,Female,44,Gold,TV,Bangkok,544,TV_Show,COD,7,2,2,0,40-50,18.133333333333333,1.0,0.0,0.0,-1,0,2411.43,0.28,1.0,1.0,0.0,2411.43,1,0,0.0,2411.43,1,0,0.0,2411.43,1,0,0.0,2411.43,1,0,0.0,0
LGS2ORD0004457,C016771,2025-02-05 07:00:00,Male,49,Bronze,Lazada,Chonburi,1041,Shopee,COD,7,2,2,0,40-50,34.7,2.0,1.0,0.5,-8,6,4808.23,0.08,0.5,0.0,0.0,2551.31,1,1,1.0,2551.31,1,1,1.0,9616.46,2,1,0.5,9616.46,2,1,0.5,0
LGS2ORD0004458,C015235,2025-02-05 07:00:00,Female,51,Bronze,Web,Phuket,414,Lazada,COD,7,2,2,0,>50,13.8,0.0,0.0,0.0,-1,-1,0.0,0.0,0.0,0.0,0.0,0.0,0,0,0.0,0.0,0,0,0.0,0.0,0,0,0.0,0.0,0,0,0.0,1
LGS2ORD0004459,C016582,2025-02-05 07:00:00,Female,52,Gold,Web,Bangkok,422,Lazada,COD,7,2,2,0,>50,14.066666666666666,2.0,1.0,0.5,14,21,797.9350000000001,0.18,1.0,0.0,0.0,0.0,0,0,0.0,1595.8700000000001,2,1,0.5,1595.8700000000001,2,1,0.5,1595.8700000000001,2,1,0.5,0
LGS2ORD0004460,C010210,2025-02-05 07:00:00,Female,42,Gold,Lazada,Chonburi,670,CallCenter,Bank_Transfer,7,2,2,0,40-50,22.333333333333332,1.0,0.0,0.0,-1,24,1550.82,0.18,0.0,0.0,0.0,0.0,0,0,0.0,1550.82,1,0,0.0,1550.82,1,0,0.0,1550.82,1,0,0.0,1
LGS2ORD0004461,C013756,2025-02-05 08:00:00,Female,33,Bronze,TV,Chonburi,422,Shopee,PromptPay,8,2,2,0,30-40,14.066666666666666,2.0,0.0,0.0,-1,20,6925.28,0.03,0.5,0.0,0.0,0.0,0,0,0.0,13850.56,2,0,0.0,13850.56,2,0,0.0,13850.56,2,0,0.0,0
LGS2ORD0004462,C013135,2025-02-05 08:00:00,Female,48,Platinum,Shopee,Phuket,618,Web,COD,8,2,2,0,40-50,20.6,0.0,0.0,0.0,-1,-1,0.0,0.0,0.0,0.0,0.0,0.0,0,0,0.0,0.0,0,0,0.0,0.0,0,0,0.0,0.0,0,0,0.0,0
LGS2ORD0004463,C016897,2025-02-05 08:00:00,Male,56,Silver,TV,Chiang Mai,885,Shopee,COD,8,2,2,0,>50,29.5,1.0,0.0,0.0,-1,3,2185.46,0.15,0.0,0.0,0.0,2185.46,1,0,0.0,2185.46,1,0,0.0,2185.46,1,0,0.0,2185.46,1,0,0.0,0
LGS2ORD0004464,C013952,2025-02-05 08:00:00,Female,32,Silver,Shopee,Bangkok,797,Shopee,Bank_Transfer,8,2,2,0,30-40,26.566666666666666,1.0,1.0,1.0,2,14,6541.42,0.05,1.0,0.0,0.0,0.0,0,0,0.0,6541.42,1,1,1.0,6541.42,1,1,1.0,6541.42,1,1,1.0,1
LGS2ORD0004465,C015295,2025-02-05 08:00:00,Female,27,Bronze,CallCenter,Bangkok,396,Web,COD,8,2,2,0,20-30,13.2,5.0,0.0,0.0,-1,6,7105.3200000000015,0.28,0.6,0.4,0.0,8102.48,1,0,0.0,32741.82,3,0,0.0,35526.600000000006,5,0,0.0,35526.600000000006,5,0,0.0,0
LGS2ORD0004466,C016158,2025-02-05 09:00:00,Male,52,Bronze,Web,Phuket,1159,CallCenter,PromptPay,9,2,2,0,>50,38.63333333333333,0.0,0.0,0.0,-1,-1,0.0,0.0,0.0,0.0,0.0,0.0,0,0,0.0,0.0,0,0,0.0,0.0,0,0,0.0,0.0,0,0,0.0,0
LGS2ORD0004467,C014558,2025-02-05 09:00:00,Male,39,Bronze,Web,Remote_Area,326,Lazada,PromptPay,9,2,2,0,30-40,10.866666666666667,0.0,0.0,0.0,-1,-1,0.0,0.0,0.0,0.0,0.0,0.0,0,0,0.0,0.0,0,0,0.0,0.0,0,0,0.0,0.0,0,0,0.0,0
LGS2ORD0004468,C014802,2025-02-05 09:00:00,Female,39,Silver,Web,Phuket,500,Lazada,Credit_Card,9,2,2,0,30-40,16.666666666666668,0.0,0.0,0.0,-1,-1,0.0,0.0,0.0,0.0,0.0,0.0,0,0,0.0,0.0,0,0,0.0,0.0,0,0,0.0,0.0,0,0,0.0,0
LGS2ORD0004469,C010839,2025-02-05 09:00:00,Female,57,Silver,Web,Phuket,129,Shopee,COD,9,2,2,0,>50,4.3,2.0,1.0,0.5,21,15,4693.014999999999,0.25,0.5,0.5,0.0,0.0,0,0,0.0,9386.029999999999,2,1,0.5,9386.029999999999,2,1,0.5,9386.029999999999,2,1,0.5,0
LGS2ORD0004470,C015005,2025-02-05 09:00:00,Male,43,Silver,Web,Chiang Mai,1476,Shopee,Credit_Card,9,2,2,0,40-50,49.2,0.0,0.0,0.0,-1,-1,0.0,0.0,0.0,0.0,0.0,0.0,0,0,0.0,0.0,0,0,0.0,0.0,0,0,0.0,0.0,0,0,0.0,0
LGS2ORD0004471,C010296,2025-02-05 10:00:00,Male,49,Silver,TV,Bangkok,551,Web,COD,10,2,2,0,40-50,18.366666666666667,1.0,0.0,0.0,-1,3,2243.27,0.25,1.0,1.0,0.0,2243.27,1,0,0.0,2243.27,1,0,0.0,2243.27,1,0,0.0,2243.27,1,0,0.0,0
LGS2ORD0004472,C014369,2025-02-05 10:00:00,Female,33,Bronze,Web,Chonburi,588,Shopee,Credit_Card,10,2,2,0,30-40,19.6,0.0,0.0,0.0,-1,-1,0.0,0.0,0.0,0.0,0.0,0.0,0,0,0.0,0.0,0,0,0.0,0.0,0,0,0.0,0.0,0,0,0.0,0
LGS2ORD0004473,C017606,2025-02-05 10:00:00,Female,45,Silver,TV,Chiang Mai,813,Web,COD,10,2,2,0,40-50,27.1,0.0,0.0,0.0,-1,-1,0.0,0.0,0.0,0.0,0.0,0.0,0,0,0.0,0.0,0,0,0.0,0.0,0,0,0.0,0.0,0,0,0.0,1
LGS2ORD0004474,C017833,2025-02-05 10:00:00,Female,37,Gold,Lazada,Bangkok,544,Web,COD,10,2,2,0,30-40,18.133333333333333,0.0,0.0,0.0,-1,-1,0.0,0.0,0.0,0.0,0.0,0.0,0,0,0.0,0.0,0,0,0.0,0.0,0,0,0.0,0.0,0,0,0.0,0
LGS2ORD0004475,C017121,2025-02-05 10:00:00,Female,44,Bronze,Lazada,Remote_Area,336,TV_Show,COD,10,2,2,0,40-50,11.2,0.0,0.0,0.0,-1,-1,0.0,0.0,0.0,0.0,0.0,0.0,0,0,0.0,0.0,0,0,0.0,0.0,0,0,0.0,0.0,0,0,0.0,1
LGS2ORD0004476,C010060,2025-02-05 11:00:00,Female,26,Bronze,Web,Khon Kaen,742,Lazada,Bank_Transfer,11,2,2,0,20-30,24.733333333333334,1.0,0.0,0.0,-1,29,7525.35,0.23,0.0,1.0,0.0,0.0,0,0,0.0,7525.35,1,0,0.0,7525.35,1,0,0.0,7525.35,1,0,0.0,0
LGS2ORD0004477,C013741,2025-02-05 11:00:00,Female,43,Bronze,Lazada,Remote_Area,1490,Lazada,COD,11,2,2,0,40-50,49.666666666666664,2.0,1.0,0.5,18,11,2493.3,0.18,0.0,0.0,0.0,0.0,0,0,0.0,4986.6,2,1,0.5,4986.6,2,1,0.5,4986.6,2,1,0.5,1
LGS2ORD0004478,C017581,2025-02-05 11:00:00,Female,18,Bronze,Lazada,Phuket,183,TV_Show,COD,11,2,2,0,<20,6.1,0.0,0.0,0.0,-1,-1,0.0,0.0,0.0,0.0,0.0,0.0,0,0,0.0,0.0,0,0,0.0,0.0,0,0,0.0,0.0,0,0,0.0,1
LGS2ORD0004479,C016295,2025-02-05 11:00:00,Female,25,Silver,TV,Bangkok,277,Shopee,COD,11,2,2,0,20-30,9.233333333333333,2.0,0.0,0.0,-1,17,5771.415,0.3,0.0,1.0,0.0,0.0,0,0,0.0,11542.83,2,0,0.0,11542.83,2,0,0.0,11542.83,2,0,0.0,0
LGS2ORD0004480,C016007,2025-02-05 11:00:00,Female,43,Silver,TV,Phuket,994,Lazada,COD,11,2,2,0,40-50,33.13333333333333,1.0,0.0,0.0,-1,22,2295.38,0.05,0.0,0.0,0.0,0.0,0,0,0.0,2295.38,1,0,0.0,2295.38,1,0,0.0,2295.38,1,0,0.0,1
LGS2ORD0004481,C013977,2025-02-05 11:00:00,Male,62,Bronze,TV,Chiang Mai,1133,Shopee,COD,11,2,2,0,>50,37.766666666666666,0.0,0.0,0.0,-1,-1,0.0,0.0,0.0,0.0,0.0,0.0,0,0,0.0,0.0,0,0,0.0,0.0,0,0,0.0,0.0,0,0,0.0,0
LGS2ORD0004482,C010746,2025-02-05 12:00:00,Male,51,Bronze,Web,Songkhla,836,CallCenter,PromptPay,12,2,2,0,>50,27.866666666666667,0.0,0.0,0.0,-1,-1,0.0,0.0,0.0,0.0,0.0,0.0,0,0,0.0,0.0,0,0,0.0,0.0,0,0,0.0,0.0,0,0,0.0,0
LGS2ORD0004483,C011664,2025-02-05 12:00:00,Female,18,Gold,Web,Bangkok,1315,Lazada,Credit_Card,12,2,2,0,<20,43.833333333333336,1.0,0.0,0.0,-1,31,4278.86,0.28,1.0,1.0,0.0,0.0,0,0,0.0,0.0,0,0,0.0,4278.86,1,0,0.0,4278.86,1,0,0.0,0
LGS2ORD0004484,C011393,2025-02-05 12:00:00,Male,49,Platinum,Shopee,Bangkok,1373,Shopee,Credit_Card,12,2,2,0,40-50,45.766666666666666,0.0,0.0,0.0,-1,-1,0.0,0.0,0.0,0.0,0.0,0.0,0,0,0.0,0.0,0,0,0.0,0.0,0,0,0.0,0.0,0,0,0.0,0
LGS2ORD0004485,C014842,2025-02-05 12:00:00,Male,54,Bronze,Web,Remote_Area,481,Shopee,COD,12,2,2,0,>50,16.033333333333335,0.0,0.0,0.0,-1,-1,0.0,0.0,0.0,0.0,0.0,0.0,0,0,0.0,0.0,0,0,0.0,0.0,0,0,0.0,0.0,0,0,0.0,0
LGS2ORD0004486,C016219,2025-02-05 12:00:00,Female,29,Silver,Web,Chonburi,269,TV_Show,Bank_Transfer,12,2,2,0,20-30,8.966666666666667,0.0,0.0,0.0,-1,-1,0.0,0.0,0.0,0.0,0.0,0.0,0,0,0.0,0.0,0,0,0.0,0.0,0,0,0.0,0.0,0,0,0.0,0
LGS2ORD0004487,C014466,2025-02-05 13:00:00,Female,49,Bronze,TV,Chonburi,1093,TV_Show,COD,13,2,2,0,40-50,36.43333333333333,0.0,0.0,0.0,-1,-1,0.0,0.0,0.0,0.0,0.0,0.0,0,0,0.0,0.0,0,0,0.0,0.0,0,0,0.0,0.0,0,0,0.0,0
LGS2ORD0004488,C017670,2025-02-05 13:00:00,Male,58,Gold,Shopee,Phuket,287,Web,COD,13,2,2,0,>50,9.566666666666666,0.0,0.0,0.0,-1,-1,0.0,0.0,0.0,0.0,0.0,0.0,0,0,0.0,0.0,0,0,0.0,0.0,0,0,0.0,0.0,0,0,0.0,1
LGS2ORD0004489,C011937,2025-02-05 13:00:00,Female,46,Gold,TV,Bangkok,465,CallCenter,PromptPay,13,2,2,0,40-50,15.5,0.0,0.0,0.0,-1,-1,0.0,0.0,0.0,0.0,0.0,0.0,0,0,0.0,0.0,0,0,0.0,0.0,0,0,0.0,0.0,0,0,0.0,0
LGS2ORD0004490,C013542,2025-02-05 13:00:00,Female,22,Bronze,TV,Bangkok,1017,TV_Show,COD,13,2,2,0,20-30,33.9,0.0,0.0,0.0,-1,-1,0.0,0.0,0.0,0.0,0.0,0.0,0,0,0.0,0.0,0,0,0.0,0.0,0,0,0.0,0.0,0,0,0.0,1
LGS2ORD0004491,C015126,2025-02-05 13:00:00,Female,51,Gold,TV,Songkhla,703,Web,COD,13,2,2,0,>50,23.433333333333334,0.0,0.0,0.0,-1,-1,0.0,0.0,0.0,0.0,0.0,0.0,0,0,0.0,0.0,0,0,0.0,0.0,0,0,0.0,0.0,0,0,0.0,1
LGS2ORD0004492,C016650,2025-02-05 14:00:00,Male,53,Silver,Web,Bangkok,993,Shopee,COD,14,2,2,0,>50,33.1,0.0,0.0,0.0,-1,-1,0.0,0.0,0.0,0.0,0.0,0.0,0,0,0.0,0.0,0,0,0.0,0.0,0,0,0.0,0.0,0,0,0.0,0
LGS2ORD0004493,C012628,2025-02-05 14:00:00,Male,34,Platinum,Shopee,Bangkok,733,TV_Show,COD,14,2,2,0,30-40,24.433333333333334,0.0,0.0,0.0,-1,-1,0.0,0.0,0.0,0.0,0.0,0.0,0,0,0.0,0.0,0,0,0.0,0.0,0,0,0.0,0.0,0,0,0.0,0
LGS2ORD0004494,C014337,2025-02-05 14:00:00,Male,46,Silver,CallCenter,Chonburi,1163,Shopee,COD,14,2,2,0,40-50,38.766666666666666,0.0,0.0,0.0,-1,-1,0.0,0.0,0.0,0.0,0.0,0.0,0,0,0.0,0.0,0,0,0.0,0.0,0,0,0.0,0.0,0,0,0.0,0
LGS2ORD0004495,C017936,2025-02-05 14:00:00,Female,45,Gold,TV,Chonburi,581,Lazada,Credit_Card,14,2,2,0,40-50,19.366666666666667,1.0,0.0,0.0,-1,1,6410.38,0.13,1.0,0.0,0.0,6410.38,1,0,0.0,6410.38,1,0,0.0,6410.38,1,0,0.0,6410.38,1,0,0.0,0
LGS2ORD0004496,C010571,2025-02-05 14:00:00,Female,38,Bronze,Web,Chonburi,52,Lazada,COD,14,2,2,0,30-40,1.7333333333333334,1.0,0.0,0.0,-1,24,941.05,0.08,1.0,0.0,0.0,0.0,0,0,0.0,941.05,1,0,0.0,941.05,1,0,0.0,941.05,1,0,0.0,1
LGS2ORD0004497,C011023,2025-02-05 15:00:00,Female,38,Gold,Lazada,Bangkok,470,Shopee,COD,15,2,2,0,30-40,15.666666666666666,0.0,0.0,0.0,-1,-1,0.0,0.0,0.0,0.0,0.0,0.0,0,0,0.0,0.0,0,0,0.0,0.0,0,0,0.0,0.0,0,0,0.0,0
LGS2ORD0004498,C017285,2025-02-05 15:00:00,Male,33,Gold,TV,Chiang Mai,441,Lazada,COD,15,2,2,0,30-40,14.7,0.0,0.0,0.0,-1,-1,0.0,0.0,0.0,0.0,0.0,0.0,0,0,0.0,0.0,0,0,0.0,0.0,0,0,0.0,0.0,0,0,0.0,0
LGS2ORD0004499,C017502,2025-02-05 15:00:00,Female,35,Gold,TV,Bangkok,1267,TV_Show,Bank_Transfer,15,2,2,0,30-40,42.233333333333334,0.0,0.0,0.0,-1,-1,0.0,0.0,0.0,0.0,0.0,0.0,0,0,0.0,0.0,0,0,0.0,0.0,0,0,0.0,0.0,0,0,0.0,0
LGS2ORD0004500,C013952,2025-02-05 15:00:00,Female,32,Silver,Shopee,Bangkok,797,Lazada,COD,15,2,2,0,30-40,26.566666666666666,2.0,2.0,1.0,-8,0,3820.09,0.2,0.5,0.0,0.0,1098.76,1,1,1.0,7640.18,2,2,1.0,7640.18,2,2,1.0,7640.18,2,2,1.0,1
LGS2ORD0004501,C016129,2025-02-05 15:00:00,Male,44,Gold,Lazada,Bangkok,600,Shopee,PromptPay,15,2,2,0,40-50,20.0,1.0,0.0,0.0,-1,11,792.65,0.13,1.0,0.0,0.0,0.0,0,0,0.0,792.65,1,0,0.0,792.65,1,0,0.0,792.65,1,0,0.0,0
LGS2ORD0004502,C015952,2025-02-05 15:00:00,Other,41,Silver,Shopee,Khon Kaen,225,Lazada,COD,15,2,2,0,40-50,7.5,0.0,0.0,0.0,-1,-1,0.0,0.0,0.0,0.0,0.0,0.0,0,0,0.0,0.0,0,0,0.0,0.0,0,0,0.0,0.0,0,0,0.0,0
LGS2ORD0004503,C014370,2025-02-05 16:00:00,Female,32,Bronze,CallCenter,Nakhon Ratchasima,808,Lazada,COD,16,2,2,0,30-40,26.933333333333334,0.0,0.0,0.0,-1,-1,0.0,0.0,0.0,0.0,0.0,0.0,0,0,0.0,0.0,0,0,0.0,0.0,0,0,0.0,0.0,0,0,0.0,0
LGS2ORD0004504,C012481,2025-02-05 16:00:00,Female,49,Platinum,TV,Phuket,1085,Lazada,PromptPay,16,2,2,0,40-50,36.166666666666664,1.0,0.0,0.0,-1,13,10460.33,0.35,1.0,1.0,0.0,0.0,0,0,0.0,10460.33,1,0,0.0,10460.33,1,0,0.0,10460.33,1,0,0.0,1
LGS2ORD0004505,C011536,2025-02-05 16:00:00,Male,34,Bronze,Lazada,Bangkok,1293,Shopee,COD,16,2,2,0,30-40,43.1,0.0,0.0,0.0,-1,-1,0.0,0.0,0.0,0.0,0.0,0.0,0,0,0.0,0.0,0,0,0.0,0.0,0,0,0.0,0.0,0,0,0.0,0
LGS2ORD0004506,C017061,2025-02-05 16:00:00,Female,40,Bronze,Shopee,Bangkok,756,Web,Bank_Transfer,16,2,2,0,30-40,25.2,0.0,0.0,0.0,-1,-1,0.0,0.0,0.0,0.0,0.0,0.0,0,0,0.0,0.0,0,0,0.0,0.0,0,0,0.0,0.0,0,0,0.0,0
LGS2ORD0004507,C014178,2025-02-05 16:00:00,Female,37,Bronze,TV,Khon Kaen,1058,Lazada,Credit_Card,16,2,2,0,30-40,35.266666666666666,0.0,0.0,0.0,-1,-1,0.0,0.0,0.0,0.0,0.0,0.0,0,0,0.0,0.0,0,0,0.0,0.0,0,0,0.0,0.0,0,0,0.0,1
LGS2ORD0004508,C014822,2025-02-05 17:00:00,Male,33,Bronze,Lazada,Bangkok,166,Lazada,PromptPay,17,2,2,0,30-40,5.533333333333333,1.0,0.0,0.0,-1,5,4086.69,0.18,1.0,0.0,0.0,4086.69,1,0,0.0,4086.69,1,0,0.0,4086.69,1,0,0.0,4086.69,1,0,0.0,1
LGS2ORD0004509,C014726,2025-02-05 17:00:00,Female,38,Gold,TV,Chiang Mai,103,TV_Show,PromptPay,17,2,2,0,30-40,3.433333333333333,3.0,1.0,0.3333333333333333,13,8,14792.763333333334,0.28,0.3333333333333333,0.3333333333333333,0.0,0.0,0,0,0.0,44378.29,3,1,0.3333333333333333,44378.29,3,1,0.3333333333333333,44378.29,3,1,0.3333333333333333,0
LGS2ORD0004510,C014723,2025-02-05 17:00:00,Female,57,Platinum,TV,Bangkok,624,Shopee,Bank_Transfer,17,2,2,0,>50,20.8,0.0,0.0,0.0,-1,-1,0.0,0.0,0.0,0.0,0.0,0.0,0,0,0.0,0.0,0,0,0.0,0.0,0,0,0.0,0.0,0,0,0.0,1
LGS2ORD0004511,C017320,2025-02-05 17:00:00,Male,52,Silver,Web,Bangkok,888,Lazada,Credit_Card,17,2,2,0,>50,29.6,0.0,0.0,0.0,-1,-1,0.0,0.0,0.0,0.0,0.0,0.0,0,0,0.0,0.0,0,0,0.0,0.0,0,0,0.0,0.0,0,0,0.0,0
LGS2ORD0004512,C014610,2025-02-05 17:00:00,Male,40,Bronze,Lazada,Nakhon Ratchasima,722,TV_Show,COD,17,2,2,0,30-40,24.066666666666666,1.0,1.0,1.0,4,15,5861.0,0.03,1.0,0.0,0.0,0.0,0,0,0.0,5861.0,1,1,1.0,5861.0,1,1,1.0,5861.0,1,1,1.0,0
LGS2ORD0004513,C013091,2025-02-05 18:00:00,Female,54,Silver,Web,Bangkok,388,TV_Show,COD,18,2,2,0,>50,12.933333333333334,0.0,0.0,0.0,-1,-1,0.0,0.0,0.0,0.0,0.0,0.0,0,0,0.0,0.0,0,0,0.0,0.0,0,0,0.0,0.0,0,0,0.0,1
LGS2ORD0004514,C011495,2025-02-05 18:00:00,Female,42,Bronze,Shopee,Bangkok,1034,Lazada,COD,18,2,2,0,40-50,34.46666666666667,0.0,0.0,0.0,-1,-1,0.0,0.0,0.0,0.0,0.0,0.0,0,0,0.0,0.0,0,0,0.0,0.0,0,0,0.0,0.0,0,0,0.0,1
LGS2ORD0004515,C015176,2025-02-05 18:00:00,Female,69,Gold,TV,Phuket,312,Shopee,PromptPay,18,2,2,0,>50,10.4,1.0,0.0,0.0,-1,21,2606.97,0.13,0.0,0.0,0.0,0.0,0,0,0.0,2606.97,1,0,0.0,2606.97,1,0,0.0,2606.97,1,0,0.0,0
LGS2ORD0004516,C014433,2025-02-05 18:00:00,Female,69,Bronze,TV,Bangkok,305,TV_Show,COD,18,2,2,0,>50,10.166666666666666,1.0,0.0,0.0,-1,25,4106.96,0.08,1.0,0.0,0.0,0.0,0,0,0.0,4106.96,1,0,0.0,4106.96,1,0,0.0,4106.96,1,0,0.0,0
LGS2ORD0004517,C015586,2025-02-05 18:00:00,Male,25,Gold,Web,Bangkok,1266,Lazada,COD,18,2,2,0,20-30,42.2,0.0,0.0,0.0,-1,-1,0.0,0.0,0.0,0.0,0.0,0.0,0,0,0.0,0.0,0,0,0.0,0.0,0,0,0.0,0.0,0,0,0.0,0
LGS2ORD0004518,C015247,2025-02-05 19:00:00,Female,25,Silver,CallCenter,Chonburi,1108,Web,COD,19,2,2,0,20-30,36.93333333333333,1.0,0.0,0.0,-1,27,14051.15,0.2,0.0,0.0,0.0,0.0,0,0,0.0,14051.15,1,0,0.0,14051.15,1,0,0.0,14051.15,1,0,0.0,0
LGS2ORD0004519,C010036,2025-02-05 19:00:00,Female,31,Silver,Web,Chiang Mai,404,Lazada,Bank_Transfer,19,2,2,0,30-40,13.466666666666667,1.0,0.0,0.0,-1,9,802.18,0.05,1.0,0.0,0.0,0.0,0,0,0.0,802.18,1,0,0.0,802.18,1,0,0.0,802.18,1,0,0.0,0
LGS2ORD0004520,C017002,2025-02-05 19:00:00,Female,40,Bronze,Lazada,Bangkok,214,Shopee,PromptPay,19,2,2,0,30-40,7.133333333333334,0.0,0.0,0.0,-1,-1,0.0,0.0,0.0,0.0,0.0,0.0,0,0,0.0,0.0,0,0,0.0,0.0,0,0,0.0,0.0,0,0,0.0,0
LGS2ORD0004521,C011109,2025-02-05 19:00:00,Male,39,Bronze,Shopee,Songkhla,432,TV_Show,Credit_Card,19,2,2,0,30-40,14.4,1.0,0.0,0.0,-1,2,1073.56,0.18,1.0,0.0,0.0,1073.56,1,0,0.0,1073.56,1,0,0.0,1073.56,1,0,0.0,1073.56,1,0,0.0,0
LGS2ORD0004522,C016643,2025-02-05 19:00:00,Female,50,Bronze,CallCenter,Bangkok,793,Shopee,Credit_Card,19,2,2,0,40-50,26.433333333333334,1.0,0.0,0.0,-1,11,5573.69,0.28,0.0,1.0,0.0,0.0,0,0,0.0,5573.69,1,0,0.0,5573.69,1,0,0.0,5573.69,1,0,0.0,0
LGS2ORD0004523,C017442,2025-02-05 19:00:00,Male,48,Silver,CallCenter,Bangkok,410,Lazada,COD,19,2,2,0,40-50,13.666666666666666,0.0,0.0,0.0,-1,-1,0.0,0.0,0.0,0.0,0.0,0.0,0,0,0.0,0.0,0,0,0.0,0.0,0,0,0.0,0.0,0,0,0.0,0
LGS2ORD0004524,C011968,2025-02-05 20:00:00,Male,41,Silver,Shopee,Bangkok,1485,TV_Show,Bank_Transfer,20,2,2,0,40-50,49.5,1.0,1.0,1.0,11,18,4087.95,0.2,1.0,0.0,0.0,0.0,0,0,0.0,4087.95,1,1,1.0,4087.95,1,1,1.0,4087.95,1,1,1.0,0
LGS2ORD0004525,C011012,2025-02-05 20:00:00,Male,44,Bronze,Web,Bangkok,425,Shopee,PromptPay,20,2,2,0,40-50,14.166666666666666,0.0,0.0,0.0,-1,-1,0.0,0.0,0.0,0.0,0.0,0.0,0,0,0.0,0.0,0,0,0.0,0.0,0,0,0.0,0.0,0,0,0.0,0
LGS2ORD0004526,C014877,2025-02-05 20:00:00,Female,45,Bronze,Lazada,Nakhon Ratchasima,164,TV_Show,COD,20,2,2,0,40-50,5.466666666666667,2.0,0.0,0.0,-1,9,7177.37,0.18,0.5,0.0,0.0,0.0,0,0,0.0,14354.74,2,0,0.0,14354.74,2,0,0.0,14354.74,2,0,0.0,0
LGS2ORD0004527,C014460,2025-02-05 20:00:00,Male,38,Platinum,TV,Phuket,154,Shopee,Credit_Card,20,2,2,0,30-40,5.133333333333334,0.0,0.0,0.0,-1,-1,0.0,0.0,0.0,0.0,0.0,0.0,0,0,0.0,0.0,0,0,0.0,0.0,0,0,0.0,0.0,0,0,0.0,1
LGS2ORD0004528,C012345,2025-02-05 20:00:00,Male,41,Gold,TV,Khon Kaen,587,CallCenter,COD,20,2,2,0,40-50,19.566666666666666,0.0,0.0,0.0,-1,-1,0.0,0.0,0.0,0.0,0.0,0.0,0,0,0.0,0.0,0,0,0.0,0.0,0,0,0.0,0.0,0,0,0.0,0
LGS2ORD0004529,C011573,2025-02-05 21:00:00,Female,53,Platinum,Web,Chonburi,147,TV_Show,COD,21,2,2,0,>50,4.9,0.0,0.0,0.0,-1,-1,0.0,0.0,0.0,0.0,0.0,0.0,0,0,0.0,0.0,0,0,0.0,0.0,0,0,0.0,0.0,0,0,0.0,1
LGS2ORD0004530,C012059,2025-02-05 21:00:00,Male,22,Gold,TV,Bangkok,1036,TV_Show,COD,21,2,2,0,20-30,34.53333333333333,0.0,0.0,0.0,-1,-1,0.0,0.0,0.0,0.0,0.0,0.0,0,0,0.0,0.0,0,0,0.0,0.0,0,0,0.0,0.0,0,0,0.0,0
LGS2ORD0004531,C010455,2025-02-05 21:00:00,Male,48,Silver,Web,Khon Kaen,511,Web,COD,21,2,2,0,40-50,17.033333333333335,0.0,0.0,0.0,-1,-1,0.0,0.0,0.0,0.0,0.0,0.0,0,0,0.0,0.0,0,0,0.0,0.0,0,0,0.0,0.0,0,0,0.0,0
LGS2ORD0004532,C010455,2025-02-05 21:00:00,Male,48,Silver,Web,Khon Kaen,511,Lazada,Bank_Transfer,21,2,2,0,40-50,17.033333333333335,0.0,0.0,0.0,-1,-1,0.0,0.0,0.0,0.0,0.0,0.0,0,0,0.0,0.0,0,0,0.0,0.0,0,0,0.0,0.0,0,0,0.0,0
LGS2ORD0004533,C014938,2025-02-05 21:00:00,Male,47,Silver,Lazada,Chonburi,631,CallCenter,COD,21,2,2,0,40-50,21.033333333333335,0.0,0.0,0.0,-1,-1,0.0,0.0,0.0,0.0,0.0,0.0,0,0,0.0,0.0,0,0,0.0,0.0,0,0,0.0,0.0,0,0,0.0,0
LGS2ORD0004534,C014533,2025-02-05 22:00:00,Female,47,Bronze,TV,Songkhla,1398,Lazada,Credit_Card,22,2,2,0,40-50,46.6,1.0,0.0,0.0,-1,18,5153.2,0.13,1.0,0.0,0.0,0.0,0,0,0.0,5153.2,1,0,0.0,5153.2,1,0,0.0,5153.2,1,0,0.0,0
LGS2ORD0004535,C017571,2025-02-05 22:00:00,Male,55,Bronze,Lazada,Songkhla,1011,Web,Bank_Transfer,22,2,2,0,>50,33.7,1.0,1.0,1.0,4,7,2364.67,0.03,0.0,0.0,0.0,0.0,0,0,0.0,2364.67,1,1,1.0,2364.67,1,1,1.0,2364.67,1,1,1.0,1
LGS2ORD0004536,C011306,2025-02-05 22:00:00,Female,40,Silver,CallCenter,Bangkok,414,CallCenter,PromptPay,22,2,2,0,30-40,13.8,0.0,0.0,0.0,-1,-1,0.0,0.0,0.0,0.0,0.0,0.0,0,0,0.0,0.0,0,0,0.0,0.0,0,0,0.0,0.0,0,0,0.0,0
LGS2ORD0004537,C013190,2025-02-05 22:00:00,Female,35,Silver,TV,Bangkok,834,CallCenter,Credit_Card,22,2,2,0,30-40,27.8,0.0,0.0,0.0,-1,-1,0.0,0.0,0.0,0.0,0.0,0.0,0,0,0.0,0.0,0,0,0.0,0.0,0,0,0.0,0.0,0,0,0.0,0
LGS2ORD0004538,C014367,2025-02-05 22:00:00,Female,29,Bronze,TV,Remote_Area,523,Web,COD,22,2,2,0,20-30,17.433333333333334,0.0,0.0,0.0,-1,-1,0.0,0.0,0.0,0.0,0.0,0.0,0,0,0.0,0.0,0,0,0.0,0.0,0,0,0.0,0.0,0,0,0.0,0
LGS2ORD0004539,C015542,2025-02-05 23:00:00,Female,38,Silver,Shopee,Chonburi,294,Shopee,PromptPay,23,2,2,0,30-40,9.8,1.0,0.0,0.0,-1,33,1714.63,0.2,0.0,0.0,0.0,0.0,0,0,0.0,0.0,0,0,0.0,1714.63,1,0,0.0,1714.63,1,0,0.0,0
LGS2ORD0004540,C015542,2025-02-05 23:00:00,Female,38,Silver,Shopee,Chonburi,294,Web,COD,23,2,2,0,30-40,9.8,1.0,0.0,0.0,-1,33,1714.63,0.2,0.0,0.0,0.0,0.0,0,0,0.0,0.0,0,0,0.0,1714.63,1,0,0.0,1714.63,1,0,0.0,0
LGS2ORD0004541,C012062,2025-02-05 23:00:00,Male,25,Silver,Web,Chonburi,1411,CallCenter,PromptPay,23,2,2,0,20-30,47.03333333333333,0.0,0.0,0.0,-1,-1,0.0,0.0,0.0,0.0,0.0,0.0,0,0,0.0,0.0,0,0,0.0,0.0,0,0,0.0,0.0,0,0,0.0,0
LGS2ORD0004542,C014529,2025-02-05 23:00:00,Male,31,Silver,TV,Chonburi,1169,Lazada,Credit_Card,23,2,2,0,30-40,38.96666666666667,0.0,0.0,0.0,-1,-1,0.0,0.0,0.0,0.0,0.0,0.0,0,0,0.0,0.0,0,0,0.0,0.0,0,0,0.0,0.0,0,0,0.0,0
LGS2ORD0004543,C014210,2025-02-05 23:00:00,Male,34,Bronze,Web,Remote_Area,528,Shopee,Credit_Card,23,2,2,0,30-40,17.6,2.0,0.0,0.0,-1,25,2878.505,0.13,0.0,0.0,0.0,0.0,0,0,0.0,4400.36,1,0,0.0,5757.01,2,0,0.0,5757.01,2,0,0.0,0
LGS2ORD0004544,C012917,2025-02-05 23:00:00,Female,54,Gold,Lazada,Chiang Mai,550,TV_Show,Credit_Card,23,2,2,0,>50,18.333333333333332,1.0,0.0,0.0,-1,16,6106.68,0.18,0.0,0.0,0.0,0.0,0,0,0.0,6106.68,1,0,0.0,6106.68,1,0,0.0,6106.68,1,0,0.0,0
LGS2ORD0004545,C017077,2025-02-06 00:00:00,Male,48,Silver,Web,Bangkok,1089,TV_Show,COD,0,2,3,0,40-50,36.3,0.0,0.0,0.0,-1,-1,0.0,0.0,0.0,0.0,0.0,0.0,0,0,0.0,0.0,0,0,0.0,0.0,0,0,0.0,0.0,0,0,0.0,1
LGS2ORD0004546,C011853,2025-02-06 00:00:00,Male,29,Bronze,Web,Chonburi,486,Web,PromptPay,0,2,3,0,20-30,16.2,0.0,0.0,0.0,-1,-1,0.0,0.0,0.0,0.0,0.0,0.0,0,0,0.0,0.0,0,0,0.0,0.0,0,0,0.0,0.0,0,0,0.0,0
LGS2ORD0004547,C015697,2025-02-06 00:00:00,Male,42,Platinum,Web,Khon Kaen,257,Shopee,COD,0,2,3,0,40-50,8.566666666666666,1.0,1.0,1.0,18,26,1539.68,0.1,0.0,0.0,0.0,0.0,0,0,0.0,1539.68,1,1,1.0,1539.68,1,1,1.0,1539.68,1,1,1.0,0
LGS2ORD0004548,C013932,2025-02-06 00:00:00,Female,46,Bronze,Web,Chiang Mai,791,TV_Show,COD,0,2,3,0,40-50,26.366666666666667,0.0,0.0,0.0,-1,-1,0.0,0.0,0.0,0.0,0.0,0.0,0,0,0.0,0.0,0,0,0.0,0.0,0,0,0.0,0.0,0,0,0.0,0
LGS2ORD0004549,C014513,2025-02-06 00:00:00,Male,47,Silver,CallCenter,Chonburi,949,TV_Show,Credit_Card,0,2,3,0,40-50,31.633333333333333,1.0,1.0,1.0,-6,3,1003.47,0.1,1.0,0.0,0.0,1003.47,1,1,1.0,1003.47,1,1,1.0,1003.47,1,1,1.0,1003.47,1,1,1.0,0
LGS2ORD0004550,C011048,2025-02-06 01:00:00,Female,51,Gold,Lazada,Bangkok,890,Lazada,Credit_Card,1,2,3,0,>50,29.666666666666668,0.0,0.0,0.0,-1,-1,0.0,0.0,0.0,0.0,0.0,0.0,0,0,0.0,0.0,0,0,0.0,0.0,0,0,0.0,0.0,0,0,0.0,0
LGS2ORD0004551,C011686,2025-02-06 01:00:00,Female,53,Bronze,TV,Chiang Mai,990,Shopee,Credit_Card,1,2,3,0,>50,33.0,3.0,0.0,0.0,-1,1,1519.0466666666664,0.18,1.0,0.0,0.0,2746.62,2,0,0.0,4557.139999999999,3,0,0.0,4557.139999999999,3,0,0.0,4557.139999999999,3,0,0.0,0
LGS2ORD0004552,C016339,2025-02-06 01:00:00,Male,42,Bronze,TV,Phuket,70,Shopee,COD,1,2,3,0,40-50,2.3333333333333335,1.0,1.0,1.0,0,11,596.23,0.28,0.0,1.0,0.0,0.0,0,0,0.0,596.23,1,1,1.0,596.23,1,1,1.0,596.23,1,1,1.0,0
LGS2ORD0004553,C016161,2025-02-06 01:00:00,Female,37,Silver,Web,Songkhla,632,Lazada,Credit_Card,1,2,3,0,30-40,21.066666666666666,0.0,0.0,0.0,-1,-1,0.0,0.0,0.0,0.0,0.0,0.0,0,0,0.0,0.0,0,0,0.0,0.0,0,0,0.0,0.0,0,0,0.0,0
LGS2ORD0004554,C010548,2025-02-06 01:00:00,Female,50,Bronze,Lazada,Khon Kaen,845,Shopee,COD,1,2,3,0,40-50,28.166666666666668,2.0,1.0,0.5,9,1,987.785,0.28,0.5,0.5,0.0,1124.26,1,0,0.0,1975.57,2,1,0.5,1975.57,2,1,0.5,1975.57,2,1,0.5,0
LGS2ORD0004555,C010333,2025-02-06 02:00:00,Male,40,Silver,Web,Songkhla,486,TV_Show,PromptPay,2,2,3,0,30-40,16.2,2.0,0.0,0.0,-1,7,990.21,0.15,0.5,0.0,0.0,0.0,0,0,0.0,1980.42,2,0,0.0,1980.42,2,0,0.0,1980.42,2,0,0.0,1
LGS2ORD0004556,C016528,2025-02-06 02:00:00,Male,47,Bronze,TV,Remote_Area,1001,Shopee,Credit_Card,2,2,3,0,40-50,33.36666666666667,0.0,0.0,0.0,-1,-1,0.0,0.0,0.0,0.0,0.0,0.0,0,0,0.0,0.0,0,0,0.0,0.0,0,0,0.0,0.0,0,0,0.0,0
LGS2ORD0004557,C015484,2025-02-06 02:00:00,Female,47,Silver,TV,Chonburi,725,Web,COD,2,2,3,0,40-50,24.166666666666668,0.0,0.0,0.0,-1,-1,0.0,0.0,0.0,0.0,0.0,0.0,0,0,0.0,0.0,0,0,0.0,0.0,0,0,0.0,0.0,0,0,0.0,0
LGS2ORD0004558,C012768,2025-02-06 02:00:00,Female,36,Bronze,Shopee,Bangkok,1257,TV_Show,COD,2,2,3,0,30-40,41.9,0.0,0.0,0.0,-1,-1,0.0,0.0,0.0,0.0,0.0,0.0,0,0,0.0,0.0,0,0,0.0,0.0,0,0,0.0,0.0,0,0,0.0,0
LGS2ORD0004559,C016386,2025-02-06 02:00:00,Female,51,Gold,Web,Chonburi,1240,TV_Show,COD,2,2,3,0,>50,41.333333333333336,0.0,0.0,0.0,-1,-1,0.0,0.0,0.0,0.0,0.0,0.0,0,0,0.0,0.0,0,0,0.0,0.0,0,0,0.0,0.0,0,0,0.0,0
LGS2ORD0004560,C012964,2025-02-06 03:00:00,Female,50,Gold,Web,Bangkok,189,Lazada,Credit_Card,3,2,3,0,40-50,6.3,1.0,0.0,0.0,-1,21,456.87,0.28,0.0,1.0,0.0,0.0,0,0,0.0,456.87,1,0,0.0,456.87,1,0,0.0,456.87,1,0,0.0,0
LGS2ORD0004561,C013630,2025-02-06 03:00:00,Female,54,Bronze,Shopee,Phuket,1302,CallCenter,Credit_Card,3,2,3,0,>50,43.4,0.0,0.0,0.0,-1,-1,0.0,0.0,0.0,0.0,0.0,0.0,0,0,0.0,0.0,0,0,0.0,0.0,0,0,0.0,0.0,0,0,0.0,0
LGS2ORD0004562,C014348,2025-02-06 03:00:00,Male,18,Silver,Lazada,Phuket,740,TV_Show,COD,3,2,3,0,<20,24.666666666666668,1.0,1.0,1.0,19,33,1823.35,0.25,1.0,1.0,0.0,0.0,0,0,0.0,0.0,0,0,0.0,1823.35,1,1,1.0,1823.35,1,1,1.0,1
LGS2ORD0004563,C015676,2025-02-06 03:00:00,Female,41,Platinum,CallCenter,Chiang Mai,963,TV_Show,Credit_Card,3,2,3,0,40-50,32.1,0.0,0.0,0.0,-1,-1,0.0,0.0,0.0,0.0,0.0,0.0,0,0,0.0,0.0,0,0,0.0,0.0,0,0,0.0,0.0,0,0,0.0,0
LGS2ORD0004564,C010846,2025-02-06 03:00:00,Male,60,Bronze,Shopee,Songkhla,922,Lazada,Credit_Card,3,2,3,0,>50,30.733333333333334,1.0,1.0,1.0,-1,11,1220.23,0.23,1.0,1.0,0.0,0.0,0,0,0.0,1220.23,1,1,1.0,1220.23,1,1,1.0,1220.23,1,1,1.0,0
LGS2ORD0004565,C014000,2025-02-06 03:00:00,Female,54,Bronze,Shopee,Bangkok,422,TV_Show,Credit_Card,3,2,3,0,>50,14.066666666666666,2.0,0.0,0.0,-1,5,13507.16,0.23,0.5,0.5,0.0,25802.56,1,0,0.0,27014.32,2,0,0.0,27014.32,2,0,0.0,27014.32,2,0,0.0,0
LGS2ORD0004566,C012397,2025-02-06 04:00:00,Male,49,Bronze,TV,Nakhon Ratchasima,1165,TV_Show,COD,4,2,3,0,40-50,38.833333333333336,1.0,0.0,0.0,-1,4,5502.63,0.18,1.0,0.0,0.0,5502.63,1,0,0.0,5502.63,1,0,0.0,5502.63,1,0,0.0,5502.63,1,0,0.0,0
LGS2ORD0004567,C016707,2025-02-06 04:00:00,Male,37,Bronze,Lazada,Chonburi,888,Web,COD,4,2,3,0,30-40,29.6,0.0,0.0,0.0,-1,-1,0.0,0.0,0.0,0.0,0.0,0.0,0,0,0.0,0.0,0,0,0.0,0.0,0,0,0.0,0.0,0,0,0.0,1
LGS2ORD0004568,C017332,2025-02-06 04:00:00,Male,36,Gold,Web,Remote_Area,1018,Shopee,COD,4,2,3,0,30-40,33.93333333333333,0.0,0.0,0.0,-1,-1,0.0,0.0,0.0,0.0,0.0,0.0,0,0,0.0,0.0,0,0,0.0,0.0,0,0,0.0,0.0,0,0,0.0,0
LGS2ORD0004569,C013442,2025-02-06 04:00:00,Male,39,Gold,Web,Songkhla,1091,CallCenter,COD,4,2,3,0,30-40,36.36666666666667,1.0,0.0,0.0,-1,14,2242.89,0.08,1.0,0.0,0.0,0.0,0,0,0.0,2242.89,1,0,0.0,2242.89,1,0,0.0,2242.89,1,0,0.0,0
LGS2ORD0004570,C013827,2025-02-06 04:00:00,Female,59,Bronze,TV,Khon Kaen,965,TV_Show,COD,4,2,3,0,>50,32.166666666666664,1.0,0.0,0.0,-1,21,499.61,0.13,0.0,0.0,0.0,0.0,0,0,0.0,499.61,1,0,0.0,499.61,1,0,0.0,499.61,1,0,0.0,1
LGS2ORD0004571,C012322,2025-02-06 05:00:00,Male,24,Silver,TV,Nakhon Ratchasima,135,Web,COD,5,2,3,0,20-30,4.5,0.0,0.0,0.0,-1,-1,0.0,0.0,0.0,0.0,0.0,0.0,0,0,0.0,0.0,0,0,0.0,0.0,0,0,0.0,0.0,0,0,0.0,1
LGS2ORD0004572,C014444,2025-02-06 05:00:00,Male,39,Bronze,Shopee,Chonburi,1033,Shopee,Credit_Card,5,2,3,0,30-40,34.43333333333333,0.0,0.0,0.0,-1,-1,0.0,0.0,0.0,0.0,0.0,0.0,0,0,0.0,0.0,0,0,0.0,0.0,0,0,0.0,0.0,0,0,0.0,0
LGS2ORD0004573,C017405,2025-02-06 05:00:00,Female,49,Bronze,TV,Chiang Mai,141,Shopee,Bank_Transfer,5,2,3,0,40-50,4.7,0.0,0.0,0.0,-1,-1,0.0,0.0,0.0,0.0,0.0,0.0,0,0,0.0,0.0,0,0,0.0,0.0,0,0,0.0,0.0,0,0,0.0,0
LGS2ORD0004574,C011827,2025-02-06 05:00:00,Female,62,Bronze,Lazada,Bangkok,875,TV_Show,PromptPay,5,2,3,0,>50,29.166666666666668,1.0,0.0,0.0,-1,7,2822.87,0.03,1.0,0.0,0.0,0.0,0,0,0.0,2822.87,1,0,0.0,2822.87,1,0,0.0,2822.87,1,0,0.0,0
LGS2ORD0004575,C012827,2025-02-06 05:00:00,Female,47,Bronze,CallCenter,Songkhla,754,CallCenter,PromptPay,5,2,3,0,40-50,25.133333333333333,1.0,0.0,0.0,-1,22,5208.6,0.23,1.0,1.0,0.0,0.0,0,0,0.0,5208.6,1,0,0.0,5208.6,1,0,0.0,5208.6,1,0,0.0,1
LGS2ORD0004576,C013937,2025-02-06 06:00:00,Male,40,Silver,Lazada,Khon Kaen,792,Web,COD,6,2,3,0,30-40,26.4,1.0,0.0,0.0,-1,16,907.53,0.3,1.0,1.0,0.0,0.0,0,0,0.0,907.53,1,0,0.0,907.53,1,0,0.0,907.53,1,0,0.0,0
LGS2ORD0004577,C011816,2025-02-06 06:00:00,Female,43,Bronze,Lazada,Bangkok,831,TV_Show,COD,6,2,3,0,40-50,27.7,0.0,0.0,0.0,-1,-1,0.0,0.0,0.0,0.0,0.0,0.0,0,0,0.0,0.0,0,0,0.0,0.0,0,0,0.0,0.0,0,0,0.0,1
LGS2ORD0004578,C014112,2025-02-06 06:00:00,Male,31,Silver,Lazada,Bangkok,840,Web,COD,6,2,3,0,30-40,28.0,1.0,0.0,0.0,-1,27,4521.66,0.3,0.0,1.0,0.0,0.0,0,0,0.0,4521.66,1,0,0.0,4521.66,1,0,0.0,4521.66,1,0,0.0,0
LGS2ORD0004579,C010282,2025-02-06 06:00:00,Male,37,Bronze,Shopee,Songkhla,259,Shopee,COD,6,2,3,0,30-40,8.633333333333333,0.0,0.0,0.0,-1,-1,0.0,0.0,0.0,0.0,0.0,0.0,0,0,0.0,0.0,0,0,0.0,0.0,0,0,0.0,0.0,0,0,0.0,0
LGS2ORD0004580,C012649,2025-02-06 06:00:00,Male,44,Bronze,Lazada,Bangkok,1256,Web,COD,6,2,3,0,40-50,41.86666666666667,0.0,0.0,0.0,-1,-1,0.0,0.0,0.0,0.0,0.0,0.0,0,0,0.0,0.0,0,0,0.0,0.0,0,0,0.0,0.0,0,0,0.0,1
LGS2ORD0004581,C012311,2025-02-06 06:00:00,Other,39,Bronze,TV,Phuket,583,TV_Show,Credit_Card,6,2,3,0,30-40,19.433333333333334,0.0,0.0,0.0,-1,-1,0.0,0.0,0.0,0.0,0.0,0.0,0,0,0.0,0.0,0,0,0.0,0.0,0,0,0.0,0.0,0,0,0.0,0
LGS2ORD0004582,C010033,2025-02-06 07:00:00,Female,50,Silver,Shopee,Khon Kaen,1237,TV_Show,Credit_Card,7,2,3,0,40-50,41.233333333333334,0.0,0.0,0.0,-1,-1,0.0,0.0,0.0,0.0,0.0,0.0,0,0,0.0,0.0,0,0,0.0,0.0,0,0,0.0,0.0,0,0,0.0,0
LGS2ORD0004583,C014375,2025-02-06 07:00:00,Male,61,Silver,CallCenter,Bangkok,1060,Lazada,PromptPay,7,2,3,0,>50,35.333333333333336,1.0,1.0,1.0,22,33,582.07,0.15,1.0,0.0,0.0,0.0,0,0,0.0,0.0,0,0,0.0,582.07,1,1,1.0,582.07,1,1,1.0,0
LGS2ORD0004584,C010457,2025-02-06 07:00:00,Male,42,Gold,TV,Bangkok,213,Lazada,COD,7,2,3,0,40-50,7.1,2.0,0.0,0.0,-1,8,16183.05,0.33,0.0,1.0,0.0,0.0,0,0,0.0,32366.1,2,0,0.0,32366.1,2,0,0.0,32366.1,2,0,0.0,0
LGS2ORD0004585,C012398,2025-02-06 07:00:00,Female,40,Bronze,Lazada,Songkhla,174,Lazada,Bank_Transfer,7,2,3,0,30-40,5.8,1.0,0.0,0.0,-1,15,491.44,0.13,0.0,0.0,0.0,0.0,0,0,0.0,491.44,1,0,0.0,491.44,1,0,0.0,491.44,1,0,0.0,0
LGS2ORD0004586,C010076,2025-02-06 07:00:00,Male,39,Bronze,TV,Chonburi,1422,CallCenter,PromptPay,7,2,3,0,30-40,47.4,0.0,0.0,0.0,-1,-1,0.0,0.0,0.0,0.0,0.0,0.0,0,0,0.0,0.0,0,0,0.0,0.0,0,0,0.0,0.0,0,0,0.0,0
LGS2ORD0004587,C016382,2025-02-06 08:00:00,Female,72,Bronze,CallCenter,Chonburi,748,CallCenter,Bank_Transfer,8,2,3,0,>50,24.933333333333334,0.0,0.0,0.0,-1,-1,0.0,0.0,0.0,0.0,0.0,0.0,0,0,0.0,0.0,0,0,0.0,0.0,0,0,0.0,0.0,0,0,0.0,1
LGS2ORD0004588,C017095,2025-02-06 08:00:00,Female,29,Bronze,Web,Khon Kaen,1175,Shopee,PromptPay,8,2,3,0,20-30,39.166666666666664,1.0,0.0,0.0,-1,34,449.24,0.08,0.0,0.0,0.0,0.0,0,0,0.0,0.0,0,0,0.0,449.24,1,0,0.0,449.24,1,0,0.0,0
LGS2ORD0004589,C011320,2025-02-06 08:00:00,Male,47,Silver,Shopee,Chonburi,805,Shopee,PromptPay,8,2,3,0,40-50,26.833333333333332,0.0,0.0,0.0,-1,-1,0.0,0.0,0.0,0.0,0.0,0.0,0,0,0.0,0.0,0,0,0.0,0.0,0,0,0.0,0.0,0,0,0.0,0
LGS2ORD0004590,C016483,2025-02-06 08:00:00,Other,59,Bronze,Shopee,Phuket,102,CallCenter,COD,8,2,3,0,>50,3.4,1.0,0.0,0.0,-1,25,3158.75,0.08,1.0,0.0,0.0,0.0,0,0,0.0,3158.75,1,0,0.0,3158.75,1,0,0.0,3158.75,1,0,0.0,0
LGS2ORD0004591,C015483,2025-02-06 08:00:00,Female,36,Bronze,CallCenter,Bangkok,1220,Web,COD,8,2,3,0,30-40,40.666666666666664,0.0,0.0,0.0,-1,-1,0.0,0.0,0.0,0.0,0.0,0.0,0,0,0.0,0.0,0,0,0.0,0.0,0,0,0.0,0.0,0,0,0.0,0
LGS2ORD0004592,C014801,2025-02-06 09:00:00,Female,54,Silver,Shopee,Chiang Mai,1140,TV_Show,COD,9,2,3,0,>50,38.0,0.0,0.0,0.0,-1,-1,0.0,0.0,0.0,0.0,0.0,0.0,0,0,0.0,0.0,0,0,0.0,0.0,0,0,0.0,0.0,0,0,0.0,0
LGS2ORD0004593,C017870,2025-02-06 09:00:00,Male,43,Bronze,TV,Chiang Mai,656,CallCenter,Credit_Card,9,2,3,0,40-50,21.866666666666667,1.0,0.0,0.0,-1,35,1066.85,0.03,0.0,0.0,0.0,0.0,0,0,0.0,0.0,0,0,0.0,1066.85,1,0,0.0,1066.85,1,0,0.0,0
LGS2ORD0004594,C011639,2025-02-06 09:00:00,Male,33,Gold,TV,Nakhon Ratchasima,409,CallCenter,COD,9,2,3,0,30-40,13.633333333333333,0.0,0.0,0.0,-1,-1,0.0,0.0,0.0,0.0,0.0,0.0,0,0,0.0,0.0,0,0,0.0,0.0,0,0,0.0,0.0,0,0,0.0,0
LGS2ORD0004595,C017879,2025-02-06 09:00:00,Female,39,Bronze,Shopee,Chiang Mai,284,Web,Credit_Card,9,2,3,0,30-40,9.466666666666667,0.0,0.0,0.0,-1,-1,0.0,0.0,0.0,0.0,0.0,0.0,0,0,0.0,0.0,0,0,0.0,0.0,0,0,0.0,0.0,0,0,0.0,0
LGS2ORD0004596,C011590,2025-02-06 09:00:00,Male,70,Silver,CallCenter,Phuket,510,TV_Show,COD,9,2,3,0,>50,17.0,0.0,0.0,0.0,-1,-1,0.0,0.0,0.0,0.0,0.0,0.0,0,0,0.0,0.0,0,0,0.0,0.0,0,0,0.0,0.0,0,0,0.0,1
LGS2ORD0004597,C010033,2025-02-06 10:00:00,Female,50,Silver,Shopee,Khon Kaen,1237,Lazada,COD,10,2,3,0,40-50,41.233333333333334,1.0,0.0,0.0,-1,0,3304.14,0.2,0.0,0.0,0.0,3304.14,1,0,0.0,3304.14,1,0,0.0,3304.14,1,0,0.0,3304.14,1,0,0.0,0
LGS2ORD0004598,C011525,2025-02-06 10:00:00,Male,47,Silver,CallCenter,Nakhon Ratchasima,484,TV_Show,Credit_Card,10,2,3,0,40-50,16.133333333333333,1.0,1.0,1.0,31,35,29201.68,0.2,0.0,0.0,0.0,0.0,0,0,0.0,0.0,0,0,0.0,29201.68,1,1,1.0,29201.68,1,1,1.0,0
LGS2ORD0004599,C016798,2025-02-06 10:00:00,Male,37,Gold,Web,Phuket,587,TV_Show,Credit_Card,10,2,3,0,30-40,19.566666666666666,1.0,0.0,0.0,-1,8,10382.43,0.28,1.0,1.0,0.0,0.0,0,0,0.0,10382.43,1,0,0.0,10382.43,1,0,0.0,10382.43,1,0,0.0,0
LGS2ORD0004600,C010169,2025-02-06 10:00:00,Male,53,Bronze,Lazada,Remote_Area,1268,Web,Credit_Card,10,2,3,0,>50,42.266666666666666,1.0,0.0,0.0,-1,2,2447.09,0.23,0.0,1.0,0.0,2447.09,1,0,0.0,2447.09,1,0,0.0,2447.09,1,0,0.0,2447.09,1,0,0.0,1
LGS2ORD0004601,C015362,2025-02-06 10:00:00,Female,44,Bronze,Lazada,Bangkok,496,Web,PromptPay,10,2,3,0,40-50,16.533333333333335,0.0,0.0,0.0,-1,-1,0.0,0.0,0.0,0.0,0.0,0.0,0,0,0.0,0.0,0,0,0.0,0.0,0,0,0.0,0.0,0,0,0.0,0
LGS2ORD0004602,C011150,2025-02-06 10:00:00,Male,63,Bronze,Shopee,Bangkok,1170,Shopee,COD,10,2,3,0,>50,39.0,0.0,0.0,0.0,-1,-1,0.0,0.0,0.0,0.0,0.0,0.0,0,0,0.0,0.0,0,0,0.0,0.0,0,0,0.0,0.0,0,0,0.0,0
LGS2ORD0004603,C017718,2025-02-06 11:00:00,Female,24,Gold,Shopee,Songkhla,376,TV_Show,Bank_Transfer,11,2,3,0,20-30,12.533333333333333,2.0,0.0,0.0,-1,30,14961.75,0.13,0.0,0.0,0.0,0.0,0,0,0.0,0.0,0,0,0.0,29923.5,2,0,0.0,29923.5,2,0,0.0,0
LGS2ORD0004604,C011110,2025-02-06 11:00:00,Female,39,Gold,Shopee,Chiang Mai,1013,TV_Show,Credit_Card,11,2,3,0,30-40,33.766666666666666,1.0,0.0,0.0,-1,12,4308.16,0.2299999999999999,1.0,1.0,0.0,0.0,0,0,0.0,4308.16,1,0,0.0,4308.16,1,0,0.0,4308.16,1,0,0.0,0
LGS2ORD0004605,C015718,2025-02-06 11:00:00,Male,49,Gold,Shopee,Chonburi,633,Shopee,Bank_Transfer,11,2,3,0,40-50,21.1,1.0,0.0,0.0,-1,9,5510.01,0.13,0.0,0.0,0.0,0.0,0,0,0.0,5510.01,1,0,0.0,5510.01,1,0,0.0,5510.01,1,0,0.0,0
LGS2ORD0004606,C017534,2025-02-06 11:00:00,Female,51,Bronze,Shopee,Chonburi,56,CallCenter,COD,11,2,3,0,>50,1.8666666666666667,0.0,0.0,0.0,-1,-1,0.0,0.0,0.0,0.0,0.0,0.0,0,0,0.0,0.0,0,0,0.0,0.0,0,0,0.0,0.0,0,0,0.0,1
LGS2ORD0004607,C011813,2025-02-06 11:00:00,Male,34,Bronze,Shopee,Bangkok,1297,Lazada,COD,11,2,3,0,30-40,43.233333333333334,1.0,0.0,0.0,-1,6,3686.52,0.18,0.0,0.0,0.0,3686.52,1,0,0.0,3686.52,1,0,0.0,3686.52,1,0,0.0,3686.52,1,0,0.0,0
LGS2ORD0004608,C012956,2025-02-06 12:00:00,Female,31,Silver,Shopee,Chiang Mai,228,Shopee,COD,12,2,3,0,30-40,7.6,1.0,0.0,0.0,-1,20,1655.2,0.05,1.0,0.0,0.0,0.0,0,0,0.0,1655.2,1,0,0.0,1655.2,1,0,0.0,1655.2,1,0,0.0,0
LGS2ORD0004609,C011571,2025-02-06 12:00:00,Female,40,Bronze,Web,Bangkok,673,TV_Show,PromptPay,12,2,3,0,30-40,22.433333333333334,0.0,0.0,0.0,-1,-1,0.0,0.0,0.0,0.0,0.0,0.0,0,0,0.0,0.0,0,0,0.0,0.0,0,0,0.0,0.0,0,0,0.0,1
LGS2ORD0004610,C017788,2025-02-06 12:00:00,Male,52,Gold,Web,Bangkok,1211,TV_Show,PromptPay,12,2,3,0,>50,40.36666666666667,1.0,1.0,1.0,14,22,1360.24,0.2299999999999999,0.0,1.0,0.0,0.0,0,0,0.0,1360.24,1,1,1.0,1360.24,1,1,1.0,1360.24,1,1,1.0,0
LGS2ORD0004611,C015130,2025-02-06 12:00:00,Female,27,Silver,Web,Chiang Mai,90,Shopee,PromptPay,12,2,3,0,20-30,3.0,0.0,0.0,0.0,-1,-1,0.0,0.0,0.0,0.0,0.0,0.0,0,0,0.0,0.0,0,0,0.0,0.0,0,0,0.0,0.0,0,0,0.0,0
LGS2ORD0004612,C014052,2025-02-06 12:00:00,Male,38,Bronze,Web,Nakhon Ratchasima,710,Web,COD,12,2,3,0,30-40,23.666666666666668,0.0,0.0,0.0,-1,-1,0.0,0.0,0.0,0.0,0.0,0.0,0,0,0.0,0.0,0,0,0.0,0.0,0,0,0.0,0.0,0,0,0.0,0
LGS2ORD0004613,C012675,2025-02-06 13:00:00,Male,64,Bronze,TV,Phuket,538,Shopee,COD,13,2,3,0,>50,17.933333333333334,0.0,0.0,0.0,-1,-1,0.0,0.0,0.0,0.0,0.0,0.0,0,0,0.0,0.0,0,0,0.0,0.0,0,0,0.0,0.0,0,0,0.0,1
LGS2ORD0004614,C011236,2025-02-06 13:00:00,Female,49,Silver,CallCenter,Bangkok,945,Web,COD,13,2,3,0,40-50,31.5,1.0,0.0,0.0,-1,18,11384.66,0.25,1.0,1.0,0.0,0.0,0,0,0.0,11384.66,1,0,0.0,11384.66,1,0,0.0,11384.66,1,0,0.0,0
LGS2ORD0004615,C012134,2025-02-06 13:00:00,Male,35,Gold,Shopee,Chonburi,697,Lazada,PromptPay,13,2,3,0,30-40,23.233333333333334,0.0,0.0,0.0,-1,-1,0.0,0.0,0.0,0.0,0.0,0.0,0,0,0.0,0.0,0,0,0.0,0.0,0,0,0.0,0.0,0,0,0.0,1
LGS2ORD0004616,C012756,2025-02-06 13:00:00,Female,46,Silver,Lazada,Remote_Area,615,TV_Show,Credit_Card,13,2,3,0,40-50,20.5,0.0,0.0,0.0,-1,-1,0.0,0.0,0.0,0.0,0.0,0.0,0,0,0.0,0.0,0,0,0.0,0.0,0,0,0.0,0.0,0,0,0.0,0
LGS2ORD0004617,C010597,2025-02-06 13:00:00,Male,65,Bronze,Shopee,Bangkok,71,Web,COD,13,2,3,0,>50,2.3666666666666667,2.0,0.0,0.0,-1,7,11316.12,0.08,0.0,0.0,0.0,0.0,0,0,0.0,22632.24,2,0,0.0,22632.24,2,0,0.0,22632.24,2,0,0.0,0
LGS2ORD0004618,C017928,2025-02-06 14:00:00,Male,38,Gold,Web,Chiang Mai,443,Web,COD,14,2,3,0,30-40,14.766666666666667,3.0,1.0,0.3333333333333333,-2,11,3806.7833333333333,0.2299999999999999,0.6666666666666666,0.3333333333333333,0.0,0.0,0,0,0.0,9398.01,2,1,0.5,11420.35,3,1,0.3333333333333333,11420.35,3,1,0.3333333333333333,0
LGS2ORD0004619,C015165,2025-02-06 14:00:00,Female,45,Bronze,TV,Bangkok,1434,Shopee,PromptPay,14,2,3,0,40-50,47.8,1.0,0.0,0.0,-1,16,2736.31,0.23,0.0,1.0,0.0,0.0,0,0,0.0,2736.31,1,0,0.0,2736.31,1,0,0.0,2736.31,1,0,0.0,0
LGS2ORD0004620,C015315,2025-02-06 14:00:00,Male,49,Bronze,TV,Chiang Mai,1196,TV_Show,Credit_Card,14,2,3,0,40-50,39.86666666666667,0.0,0.0,0.0,-1,-1,0.0,0.0,0.0,0.0,0.0,0.0,0,0,0.0,0.0,0,0,0.0,0.0,0,0,0.0,0.0,0,0,0.0,1
LGS2ORD0004621,C012940,2025-02-06 14:00:00,Male,40,Bronze,Shopee,Chonburi,973,Shopee,Credit_Card,14,2,3,0,30-40,32.43333333333333,0.0,0.0,0.0,-1,-1,0.0,0.0,0.0,0.0,0.0,0.0,0,0,0.0,0.0,0,0,0.0,0.0,0,0,0.0,0.0,0,0,0.0,0
LGS2ORD0004622,C014221,2025-02-06 14:00:00,Female,36,Bronze,Web,Bangkok,112,TV_Show,COD,14,2,3,0,30-40,3.7333333333333334,1.0,0.0,0.0,-1,15,1830.04,0.18,0.0,0.0,0.0,0.0,0,0,0.0,1830.04,1,0,0.0,1830.04,1,0,0.0,1830.04,1,0,0.0,0
LGS2ORD0004623,C011106,2025-02-06 14:00:00,Female,24,Silver,Shopee,Khon Kaen,174,Web,COD,14,2,3,0,20-30,5.8,0.0,0.0,0.0,-1,-1,0.0,0.0,0.0,0.0,0.0,0.0,0,0,0.0,0.0,0,0,0.0,0.0,0,0,0.0,0.0,0,0,0.0,0
LGS2ORD0004624,C015763,2025-02-06 15:00:00,Male,39,Silver,TV,Nakhon Ratchasima,135,TV_Show,Bank_Transfer,15,2,3,0,30-40,4.5,0.0,0.0,0.0,-1,-1,0.0,0.0,0.0,0.0,0.0,0.0,0,0,0.0,0.0,0,0,0.0,0.0,0,0,0.0,0.0,0,0,0.0,0
LGS2ORD0004625,C012024,2025-02-06 15:00:00,Male,35,Silver,Web,Bangkok,1447,CallCenter,COD,15,2,3,0,30-40,48.233333333333334,3.0,0.0,0.0,-1,4,9141.873333333335,0.15,0.6666666666666666,0.0,0.0,10103.54,1,0,0.0,27425.620000000003,3,0,0.0,27425.620000000003,3,0,0.0,27425.620000000003,3,0,0.0,0
LGS2ORD0004626,C012671,2025-02-06 15:00:00,Female,46,Silver,Lazada,Chonburi,1229,Web,Bank_Transfer,15,2,3,0,40-50,40.96666666666667,0.0,0.0,0.0,-1,-1,0.0,0.0,0.0,0.0,0.0,0.0,0,0,0.0,0.0,0,0,0.0,0.0,0,0,0.0,0.0,0,0,0.0,1
LGS2ORD0004627,C014440,2025-02-06 15:00:00,Male,53,Bronze,Lazada,Nakhon Ratchasima,334,TV_Show,Bank_Transfer,15,2,3,0,>50,11.133333333333333,1.0,0.0,0.0,-1,3,3391.28,0.03,0.0,0.0,0.0,3391.28,1,0,0.0,3391.28,1,0,0.0,3391.28,1,0,0.0,3391.28,1,0,0.0,1
LGS2ORD0004628,C015651,2025-02-06 15:00:00,Female,37,Platinum,Web,Bangkok,245,Lazada,Bank_Transfer,15,2,3,0,30-40,8.166666666666666,0.0,0.0,0.0,-1,-1,0.0,0.0,0.0,0.0,0.0,0.0,0,0,0.0,0.0,0,0,0.0,0.0,0,0,0.0,0.0,0,0,0.0,0
LGS2ORD0004629,C010872,2025-02-06 16:00:00,Male,23,Gold,Web,Chonburi,423,Web,Credit_Card,16,2,3,0,20-30,14.1,1.0,0.0,0.0,-1,13,13770.11,0.28,0.0,1.0,0.0,0.0,0,0,0.0,13770.11,1,0,0.0,13770.11,1,0,0.0,13770.11,1,0,0.0,0
LGS2ORD0004630,C016554,2025-02-06 16:00:00,Female,39,Bronze,TV,Chiang Mai,792,Web,COD,16,2,3,0,30-40,26.4,1.0,0.0,0.0,-1,33,14621.82,0.08,0.0,0.0,0.0,0.0,0,0,0.0,0.0,0,0,0.0,14621.82,1,0,0.0,14621.82,1,0,0.0,0
LGS2ORD0004631,C010921,2025-02-06 16:00:00,Female,39,Gold,Shopee,Remote_Area,798,Web,PromptPay,16,2,3,0,30-40,26.6,1.0,0.0,0.0,-1,3,2711.92,0.2299999999999999,1.0,1.0,0.0,2711.92,1,0,0.0,2711.92,1,0,0.0,2711.92,1,0,0.0,2711.92,1,0,0.0,0
LGS2ORD0004632,C013324,2025-02-06 16:00:00,Female,54,Bronze,TV,Chiang Mai,1297,CallCenter,COD,16,2,3,0,>50,43.233333333333334,1.0,0.0,0.0,-1,28,1188.04,0.28,0.0,1.0,0.0,0.0,0,0,0.0,1188.04,1,0,0.0,1188.04,1,0,0.0,1188.04,1,0,0.0,1
LGS2ORD0004633,C011296,2025-02-06 16:00:00,Male,40,Bronze,Lazada,Chonburi,902,CallCenter,PromptPay,16,2,3,0,30-40,30.066666666666666,1.0,0.0,0.0,-1,4,4378.89,0.03,1.0,0.0,0.0,4378.89,1,0,0.0,4378.89,1,0,0.0,4378.89,1,0,0.0,4378.89,1,0,0.0,0
LGS2ORD0004634,C011794,2025-02-06 17:00:00,Male,60,Bronze,CallCenter,Bangkok,591,Lazada,PromptPay,17,2,3,0,>50,19.7,0.0,0.0,0.0,-1,-1,0.0,0.0,0.0,0.0,0.0,0.0,0,0,0.0,0.0,0,0,0.0,0.0,0,0,0.0,0.0,0,0,0.0,0
LGS2ORD0004635,C012601,2025-02-06 17:00:00,Male,22,Gold,Shopee,Bangkok,1246,Lazada,Credit_Card,17,2,3,0,20-30,41.53333333333333,0.0,0.0,0.0,-1,-1,0.0,0.0,0.0,0.0,0.0,0.0,0,0,0.0,0.0,0,0,0.0,0.0,0,0,0.0,0.0,0,0,0.0,0
LGS2ORD0004636,C016861,2025-02-06 17:00:00,Female,31,Bronze,TV,Phuket,1479,TV_Show,Credit_Card,17,2,3,0,30-40,49.3,0.0,0.0,0.0,-1,-1,0.0,0.0,0.0,0.0,0.0,0.0,0,0,0.0,0.0,0,0,0.0,0.0,0,0,0.0,0.0,0,0,0.0,0
LGS2ORD0004637,C016586,2025-02-06 17:00:00,Male,47,Bronze,Web,Bangkok,205,Web,Credit_Card,17,2,3,0,40-50,6.833333333333333,0.0,0.0,0.0,-1,-1,0.0,0.0,0.0,0.0,0.0,0.0,0,0,0.0,0.0,0,0,0.0,0.0,0,0,0.0,0.0,0,0,0.0,0
LGS2ORD0004638,C014913,2025-02-06 17:00:00,Male,50,Platinum,Web,Bangkok,483,Shopee,PromptPay,17,2,3,0,40-50,16.1,0.0,0.0,0.0,-1,-1,0.0,0.0,0.0,0.0,0.0,0.0,0,0,0.0,0.0,0,0,0.0,0.0,0,0,0.0,0.0,0,0,0.0,0
LGS2ORD0004639,C014023,2025-02-06 18:00:00,Male,55,Silver,Shopee,Nakhon Ratchasima,976,CallCenter,COD,18,2,3,0,>50,32.53333333333333,0.0,0.0,0.0,-1,-1,0.0,0.0,0.0,0.0,0.0,0.0,0,0,0.0,0.0,0,0,0.0,0.0,0,0,0.0,0.0,0,0,0.0,1
LGS2ORD0004640,C013436,2025-02-06 18:00:00,Male,53,Bronze,TV,Chiang Mai,418,TV_Show,COD,18,2,3,0,>50,13.933333333333334,2.0,1.0,0.5,21,17,13338.165,0.23,0.5,0.5,0.0,0.0,0,0,0.0,26676.33,2,1,0.5,26676.33,2,1,0.5,26676.33,2,1,0.5,1
LGS2ORD0004641,C010325,2025-02-06 18:00:00,Female,33,Bronze,CallCenter,Khon Kaen,1482,Web,Bank_Transfer,18,2,3,0,30-40,49.4,2.0,0.0,0.0,-1,17,4554.05,0.23,0.5,0.5,0.0,0.0,0,0,0.0,8526.04,1,0,0.0,9108.1,2,0,0.0,9108.1,2,0,0.0,0
LGS2ORD0004642,C011313,2025-02-06 18:00:00,Male,42,Bronze,Web,Bangkok,522,Shopee,Credit_Card,18,2,3,0,40-50,17.4,0.0,0.0,0.0,-1,-1,0.0,0.0,0.0,0.0,0.0,0.0,0,0,0.0,0.0,0,0,0.0,0.0,0,0,0.0,0.0,0,0,0.0,0
LGS2ORD0004643,C015230,2025-02-06 18:00:00,Female,28,Bronze,TV,Bangkok,1242,TV_Show,COD,18,2,3,0,20-30,41.4,0.0,0.0,0.0,-1,-1,0.0,0.0,0.0,0.0,0.0,0.0,0,0,0.0,0.0,0,0,0.0,0.0,0,0,0.0,0.0,0,0,0.0,0
LGS2ORD0004644,C017312,2025-02-06 18:00:00,Female,25,Silver,CallCenter,Bangkok,779,Lazada,Bank_Transfer,18,2,3,0,20-30,25.966666666666665,0.0,0.0,0.0,-1,-1,0.0,0.0,0.0,0.0,0.0,0.0,0,0,0.0,0.0,0,0,0.0,0.0,0,0,0.0,0.0,0,0,0.0,0
LGS2ORD0004645,C016380,2025-02-06 19:00:00,Female,60,Bronze,Web,Khon Kaen,566,Web,Bank_Transfer,19,2,3,0,>50,18.866666666666667,0.0,0.0,0.0,-1,-1,0.0,0.0,0.0,0.0,0.0,0.0,0,0,0.0,0.0,0,0,0.0,0.0,0,0,0.0,0.0,0,0,0.0,1
LGS2ORD0004646,C014276,2025-02-06 19:00:00,Male,43,Bronze,Lazada,Khon Kaen,1440,Shopee,COD,19,2,3,0,40-50,48.0,1.0,0.0,0.0,-1,8,5949.75,0.08,0.0,0.0,0.0,0.0,0,0,0.0,5949.75,1,0,0.0,5949.75,1,0,0.0,5949.75,1,0,0.0,0
LGS2ORD0004647,C012891,2025-02-06 19:00:00,Female,42,Bronze,TV,Phuket,523,CallCenter,Credit_Card,19,2,3,0,40-50,17.433333333333334,0.0,0.0,0.0,-1,-1,0.0,0.0,0.0,0.0,0.0,0.0,0,0,0.0,0.0,0,0,0.0,0.0,0,0,0.0,0.0,0,0,0.0,1
LGS2ORD0004648,C016804,2025-02-06 19:00:00,Male,53,Silver,Web,Remote_Area,1049,TV_Show,Credit_Card,19,2,3,0,>50,34.96666666666667,0.0,0.0,0.0,-1,-1,0.0,0.0,0.0,0.0,0.0,0.0,0,0,0.0,0.0,0,0,0.0,0.0,0,0,0.0,0.0,0,0,0.0,1
LGS2ORD0004649,C017902,2025-02-06 19:00:00,Female,43,Gold,TV,Bangkok,759,Shopee,COD,19,2,3,0,40-50,25.3,1.0,1.0,1.0,-9,3,2521.83,0.33,1.0,1.0,0.0,2521.83,1,1,1.0,2521.83,1,1,1.0,2521.83,1,1,1.0,2521.83,1,1,1.0,0
LGS2ORD0004650,C011985,2025-02-06 20:00:00,Male,64,Silver,TV,Bangkok,1317,CallCenter,COD,20,2,3,0,>50,43.9,1.0,0.0,0.0,-1,16,15908.04,0.15,0.0,0.0,0.0,0.0,0,0,0.0,15908.04,1,0,0.0,15908.04,1,0,0.0,15908.04,1,0,0.0,0
LGS2ORD0004651,C010646,2025-02-06 20:00:00,Male,48,Bronze,Lazada,Bangkok,1297,CallCenter,COD,20,2,3,0,40-50,43.233333333333334,0.0,0.0,0.0,-1,-1,0.0,0.0,0.0,0.0,0.0,0.0,0,0,0.0,0.0,0,0,0.0,0.0,0,0,0.0,0.0,0,0,0.0,0
LGS2ORD0004652,C012164,2025-02-06 20:00:00,Female,53,Silver,Shopee,Khon Kaen,466,TV_Show,Bank_Transfer,20,2,3,0,>50,15.533333333333333,0.0,0.0,0.0,-1,-1,0.0,0.0,0.0,0.0,0.0,0.0,0,0,0.0,0.0,0,0,0.0,0.0,0,0,0.0,0.0,0,0,0.0,0
LGS2ORD0004653,C016802,2025-02-06 20:00:00,Female,44,Bronze,Shopee,Bangkok,1238,Shopee,COD,20,2,3,0,40-50,41.266666666666666,2.0,1.0,0.5,14,19,14769.4,0.18,1.0,0.0,0.0,0.0,0,0,0.0,29538.8,2,1,0.5,29538.8,2,1,0.5,29538.8,2,1,0.5,1
LGS2ORD0004654,C013109,2025-02-06 20:00:00,Male,46,Bronze,Shopee,Khon Kaen,1199,Lazada,COD,20,2,3,0,40-50,39.96666666666667,1.0,0.0,0.0,-1,21,4269.72,0.28,1.0,1.0,0.0,0.0,0,0,0.0,4269.72,1,0,0.0,4269.72,1,0,0.0,4269.72,1,0,0.0,0
LGS2ORD0004655,C017923,2025-02-06 21:00:00,Female,61,Gold,TV,Nakhon Ratchasima,854,Lazada,PromptPay,21,2,3,0,>50,28.466666666666665,0.0,0.0,0.0,-1,-1,0.0,0.0,0.0,0.0,0.0,0.0,0,0,0.0,0.0,0,0,0.0,0.0,0,0,0.0,0.0,0,0,0.0,0
LGS2ORD0004656,C012976,2025-02-06 21:00:00,Female,51,Gold,TV,Remote_Area,98,Shopee,COD,21,2,3,0,>50,3.2666666666666666,1.0,0.0,0.0,-1,34,363.96,0.28,0.0,1.0,0.0,0.0,0,0,0.0,0.0,0,0,0.0,363.96,1,0,0.0,363.96,1,0,0.0,0
LGS2ORD0004657,C013003,2025-02-06 21:00:00,Female,42,Bronze,Lazada,Chiang Mai,814,Web,Credit_Card,21,2,3,0,40-50,27.133333333333333,2.0,0.0,0.0,-1,18,2786.325,0.18,0.0,0.0,0.0,0.0,0,0,0.0,5572.65,2,0,0.0,5572.65,2,0,0.0,5572.65,2,0,0.0,0
LGS2ORD0004658,C014333,2025-02-06 21:00:00,Female,38,Bronze,Shopee,Remote_Area,124,Shopee,COD,21,2,3,0,30-40,4.133333333333334,0.0,0.0,0.0,-1,-1,0.0,0.0,0.0,0.0,0.0,0.0,0,0,0.0,0.0,0,0,0.0,0.0,0,0,0.0,0.0,0,0,0.0,0
LGS2ORD0004659,C011547,2025-02-06 21:00:00,Male,50,Bronze,CallCenter,Bangkok,1471,TV_Show,COD,21,2,3,0,40-50,49.03333333333333,2.0,0.0,0.0,-1,8,3199.075,0.28,0.5,0.5,0.0,0.0,0,0,0.0,3038.97,1,0,0.0,6398.15,2,0,0.0,6398.15,2,0,0.0,0
LGS2ORD0004660,C013919,2025-02-06 22:00:00,Female,33,Silver,Shopee,Khon Kaen,1159,CallCenter,COD,22,2,3,0,30-40,38.63333333333333,1.0,0.0,0.0,-1,32,1446.37,0.2,0.0,0.0,0.0,0.0,0,0,0.0,0.0,0,0,0.0,1446.37,1,0,0.0,1446.37,1,0,0.0,0
LGS2ORD0004661,C011554,2025-02-06 22:00:00,Male,40,Bronze,TV,Remote_Area,677,TV_Show,COD,22,2,3,0,30-40,22.566666666666666,1.0,0.0,0.0,-1,11,746.65,0.03,0.0,0.0,0.0,0.0,0,0,0.0,746.65,1,0,0.0,746.65,1,0,0.0,746.65,1,0,0.0,0
LGS2ORD0004662,C012191,2025-02-06 22:00:00,Female,58,Gold,Shopee,Bangkok,1262,TV_Show,COD,22,2,3,0,>50,42.06666666666667,1.0,0.0,0.0,-1,18,6160.34,0.2299999999999999,1.0,1.0,0.0,0.0,0,0,0.0,6160.34,1,0,0.0,6160.34,1,0,0.0,6160.34,1,0,0.0,1
LGS2ORD0004663,C013095,2025-02-06 22:00:00,Female,48,Bronze,TV,Remote_Area,623,TV_Show,COD,22,2,3,0,40-50,20.766666666666666,1.0,0.0,0.0,-1,31,4402.16,0.03,0.0,0.0,0.0,0.0,0,0,0.0,0.0,0,0,0.0,4402.16,1,0,0.0,4402.16,1,0,0.0,1
LGS2ORD0004664,C016754,2025-02-06 22:00:00,Female,38,Silver,Lazada,Bangkok,1182,TV_Show,Credit_Card,22,2,3,0,30-40,39.4,3.0,0.0,0.0,-1,12,3369.7433333333333,0.2,0.3333333333333333,0.0,0.0,0.0,0,0,0.0,7064.37,2,0,0.0,10109.23,3,0,0.0,10109.23,3,0,0.0,0
LGS2ORD0004665,C010977,2025-02-06 22:00:00,Female,43,Silver,TV,Phuket,547,Lazada,COD,22,2,3,0,40-50,18.233333333333334,1.0,1.0,1.0,23,31,1849.04,0.05,1.0,0.0,0.0,0.0,0,0,0.0,0.0,0,0,0.0,1849.04,1,1,1.0,1849.04,1,1,1.0,0
LGS2ORD0004666,C011103,2025-02-06 23:00:00,Female,50,Gold,CallCenter,Phuket,1309,TV_Show,COD,23,2,3,0,40-50,43.63333333333333,0.0,0.0,0.0,-1,-1,0.0,0.0,0.0,0.0,0.0,0.0,0,0,0.0,0.0,0,0,0.0,0.0,0,0,0.0,0.0,0,0,0.0,0
LGS2ORD0004667,C011237,2025-02-06 23:00:00,Male,58,Bronze,TV,Khon Kaen,382,Lazada,PromptPay,23,2,3,0,>50,12.733333333333333,1.0,0.0,0.0,-1,18,1088.96,0.23,0.0,1.0,0.0,0.0,0,0,0.0,1088.96,1,0,0.0,1088.96,1,0,0.0,1088.96,1,0,0.0,0
LGS2ORD0004668,C012356,2025-02-06 23:00:00,Male,29,Silver,TV,Khon Kaen,678,Web,PromptPay,23,2,3,0,20-30,22.6,1.0,0.0,0.0,-1,8,771.26,0.05,0.0,0.0,0.0,0.0,0,0,0.0,771.26,1,0,0.0,771.26,1,0,0.0,771.26,1,0,0.0,0
LGS2ORD0004669,C016399,2025-02-06 23:00:00,Male,59,Gold,TV,Chonburi,262,TV_Show,COD,23,2,3,0,>50,8.733333333333333,1.0,1.0,1.0,13,26,1878.35,0.13,1.0,0.0,0.0,0.0,0,0,0.0,1878.35,1,1,1.0,1878.35,1,1,1.0,1878.35,1,1,1.0,0
LGS2ORD0004670,C017800,2025-02-06 23:00:00,Female,38,Silver,Lazada,Bangkok,1390,CallCenter,COD,23,2,3,0,30-40,46.333333333333336,2.0,0.0,0.0,-1,22,19301.875,0.2,0.0,0.0,0.0,0.0,0,0,0.0,7693.71,1,0,0.0,38603.75,2,0,0.0,38603.75,2,0,0.0,0
LGS2ORD0004671,C010206,2025-02-07 00:00:00,Other,46,Silver,Web,Chiang Mai,582,Shopee,COD,0,2,4,0,40-50,19.4,1.0,1.0,1.0,27,34,4883.2,0.2,1.0,0.0,0.0,0.0,0,0,0.0,0.0,0,0,0.0,4883.2,1,1,1.0,4883.2,1,1,1.0,0
LGS2ORD0004672,C010320,2025-02-07 00:00:00,Female,49,Gold,Web,Bangkok,683,Lazada,PromptPay,0,2,4,0,40-50,22.766666666666666,0.0,0.0,0.0,-1,-1,0.0,0.0,0.0,0.0,0.0,0.0,0,0,0.0,0.0,0,0,0.0,0.0,0,0,0.0,0.0,0,0,0.0,0
LGS2ORD0004673,C017071,2025-02-07 00:00:00,Female,47,Bronze,Lazada,Chonburi,62,CallCenter,COD,0,2,4,0,40-50,2.066666666666667,0.0,0.0,0.0,-1,-1,0.0,0.0,0.0,0.0,0.0,0.0,0,0,0.0,0.0,0,0,0.0,0.0,0,0,0.0,0.0,0,0,0.0,0
LGS2ORD0004674,C010341,2025-02-07 00:00:00,Male,38,Bronze,TV,Remote_Area,249,Web,COD,0,2,4,0,30-40,8.3,2.0,1.0,0.5,-2,10,11998.33,0.03,1.0,0.0,0.0,0.0,0,0,0.0,23996.66,2,1,0.5,23996.66,2,1,0.5,23996.66,2,1,0.5,1
LGS2ORD0004675,C011105,2025-02-07 00:00:00,Female,58,Gold,TV,Bangkok,1045,Web,Bank_Transfer,0,2,4,0,>50,34.833333333333336,0.0,0.0,0.0,-1,-1,0.0,0.0,0.0,0.0,0.0,0.0,0,0,0.0,0.0,0,0,0.0,0.0,0,0,0.0,0.0,0,0,0.0,0
LGS2ORD0004676,C011564,2025-02-07 01:00:00,Male,45,Silver,Lazada,Chonburi,75,TV_Show,Credit_Card,1,2,4,0,40-50,2.5,0.0,0.0,0.0,-1,-1,0.0,0.0,0.0,0.0,0.0,0.0,0,0,0.0,0.0,0,0,0.0,0.0,0,0,0.0,0.0,0,0,0.0,0
LGS2ORD0004677,C011311,2025-02-07 01:00:00,Female,32,Bronze,TV,Songkhla,661,Lazada,Credit_Card,1,2,4,0,30-40,22.033333333333335,2.0,1.0,0.5,-4,5,3073.6499999999996,0.28,0.5,0.5,0.0,6147.299999999999,2,1,0.5,6147.299999999999,2,1,0.5,6147.299999999999,2,1,0.5,6147.299999999999,2,1,0.5,0
LGS2ORD0004678,C014271,2025-02-07 01:00:00,Female,38,Bronze,Shopee,Chonburi,555,Shopee,Credit_Card,1,2,4,0,30-40,18.5,1.0,0.0,0.0,-1,25,4912.35,0.08,1.0,0.0,0.0,0.0,0,0,0.0,4912.35,1,0,0.0,4912.35,1,0,0.0,4912.35,1,0,0.0,0
LGS2ORD0004679,C014363,2025-02-07 01:00:00,Male,49,Gold,Web,Phuket,961,TV_Show,COD,1,2,4,0,40-50,32.03333333333333,1.0,1.0,1.0,22,34,1041.53,0.08,1.0,0.0,0.0,0.0,0,0,0.0,0.0,0,0,0.0,1041.53,1,1,1.0,1041.53,1,1,1.0,0
LGS2ORD0004680,C014905,2025-02-07 01:00:00,Male,42,Bronze,TV,Remote_Area,1187,TV_Show,COD,1,2,4,0,40-50,39.56666666666667,1.0,1.0,1.0,-2,14,3666.16,0.28,1.0,1.0,0.0,0.0,0,0,0.0,3666.16,1,1,1.0,3666.16,1,1,1.0,3666.16,1,1,1.0,1
LGS2ORD0004681,C011204,2025-02-07 01:00:00,Female,45,Bronze,TV,Songkhla,688,Web,PromptPay,1,2,4,0,40-50,22.933333333333334,3.0,1.0,0.3333333333333333,-3,10,4051.11,0.13,0.3333333333333333,0.0,0.0,0.0,0,0,0.0,12153.33,3,1,0.3333333333333333,12153.33,3,1,0.3333333333333333,12153.33,3,1,0.3333333333333333,0
LGS2ORD0004682,C012727,2025-02-07 02:00:00,Female,55,Gold,Shopee,Bangkok,1427,TV_Show,COD,2,2,4,0,>50,47.56666666666667,0.0,0.0,0.0,-1,-1,0.0,0.0,0.0,0.0,0.0,0.0,0,0,0.0,0.0,0,0,0.0,0.0,0,0,0.0,0.0,0,0,0.0,0
LGS2ORD0004683,C010842,2025-02-07 02:00:00,Female,64,Gold,Shopee,Chonburi,757,TV_Show,COD,2,2,4,0,>50,25.233333333333334,0.0,0.0,0.0,-1,-1,0.0,0.0,0.0,0.0,0.0,0.0,0,0,0.0,0.0,0,0,0.0,0.0,0,0,0.0,0.0,0,0,0.0,1
LGS2ORD0004684,C017335,2025-02-07 02:00:00,Female,22,Bronze,Shopee,Chonburi,1220,CallCenter,Bank_Transfer,2,2,4,0,20-30,40.666666666666664,0.0,0.0,0.0,-1,-1,0.0,0.0,0.0,0.0,0.0,0.0,0,0,0.0,0.0,0,0,0.0,0.0,0,0,0.0,0.0,0,0,0.0,0
LGS2ORD0004685,C010280,2025-02-07 02:00:00,Male,43,Bronze,Web,Chonburi,464,TV_Show,Credit_Card,2,2,4,0,40-50,15.466666666666667,0.0,0.0,0.0,-1,-1,0.0,0.0,0.0,0.0,0.0,0.0,0,0,0.0,0.0,0,0,0.0,0.0,0,0,0.0,0.0,0,0,0.0,0
LGS2ORD0004686,C014202,2025-02-07 02:00:00,Other,39,Platinum,Web,Bangkok,500,Web,COD,2,2,4,0,30-40,16.666666666666668,0.0,0.0,0.0,-1,-1,0.0,0.0,0.0,0.0,0.0,0.0,0,0,0.0,0.0,0,0,0.0,0.0,0,0,0.0,0.0,0,0,0.0,0
LGS2ORD0004687,C010937,2025-02-07 03:00:00,Male,37,Silver,TV,Chonburi,876,Shopee,Credit_Card,3,2,4,0,30-40,29.2,0.0,0.0,0.0,-1,-1,0.0,0.0,0.0,0.0,0.0,0.0,0,0,0.0,0.0,0,0,0.0,0.0,0,0,0.0,0.0,0,0,0.0,0
LGS2ORD0004688,C012697,2025-02-07 03:00:00,Male,45,Bronze,CallCenter,Bangkok,94,Shopee,COD,3,2,4,0,40-50,3.1333333333333333,0.0,0.0,0.0,-1,-1,0.0,0.0,0.0,0.0,0.0,0.0,0,0,0.0,0.0,0,0,0.0,0.0,0,0,0.0,0.0,0,0,0.0,1
LGS2ORD0004689,C011424,2025-02-07 03:00:00,Female,46,Bronze,Lazada,Bangkok,426,Web,Credit_Card,3,2,4,0,40-50,14.2,0.0,0.0,0.0,-1,-1,0.0,0.0,0.0,0.0,0.0,0.0,0,0,0.0,0.0,0,0,0.0,0.0,0,0,0.0,0.0,0,0,0.0,0
LGS2ORD0004690,C015048,2025-02-07 03:00:00,Male,62,Silver,Shopee,Nakhon Ratchasima,1023,Web,Credit_Card,3,2,4,0,>50,34.1,0.0,0.0,0.0,-1,-1,0.0,0.0,0.0,0.0,0.0,0.0,0,0,0.0,0.0,0,0,0.0,0.0,0,0,0.0,0.0,0,0,0.0,0
LGS2ORD0004691,C016451,2025-02-07 03:00:00,Male,34,Bronze,Web,Chonburi,1478,Web,Credit_Card,3,2,4,0,30-40,49.266666666666666,1.0,0.0,0.0,-1,25,1208.28,0.03,1.0,0.0,0.0,0.0,0,0,0.0,1208.28,1,0,0.0,1208.28,1,0,0.0,1208.28,1,0,0.0,0
LGS2ORD0004692,C011525,2025-02-07 04:00:00,Male,47,Silver,CallCenter,Nakhon Ratchasima,485,Shopee,Credit_Card,4,2,4,0,40-50,16.166666666666668,2.0,1.0,0.5,32,0,15600.795,0.2,0.0,0.0,0.0,1999.91,1,0,0.0,1999.91,1,0,0.0,31201.59,2,1,0.5,31201.59,2,1,0.5,0
LGS2ORD0004693,C013467,2025-02-07 04:00:00,Female,39,Silver,Web,Bangkok,1305,Lazada,COD,4,2,4,0,30-40,43.5,0.0,0.0,0.0,-1,-1,0.0,0.0,0.0,0.0,0.0,0.0,0,0,0.0,0.0,0,0,0.0,0.0,0,0,0.0,0.0,0,0,0.0,1
LGS2ORD0004694,C017218,2025-02-07 04:00:00,Male,45,Gold,Web,Nakhon Ratchasima,1464,Shopee,Bank_Transfer,4,2,4,0,40-50,48.8,1.0,0.0,0.0,-1,4,593.83,0.28,0.0,1.0,0.0,593.83,1,0,0.0,593.83,1,0,0.0,593.83,1,0,0.0,593.83,1,0,0.0,0
LGS2ORD0004695,C014712,2025-02-07 04:00:00,Male,21,Gold,CallCenter,Remote_Area,284,Shopee,COD,4,2,4,0,20-30,9.466666666666667,1.0,0.0,0.0,-1,5,6047.96,0.08,0.0,0.0,0.0,6047.96,1,0,0.0,6047.96,1,0,0.0,6047.96,1,0,0.0,6047.96,1,0,0.0,1
LGS2ORD0004696,C016048,2025-02-07 04:00:00,Female,34,Silver,Shopee,Chiang Mai,748,Web,COD,4,2,4,0,30-40,24.933333333333334,1.0,1.0,1.0,23,27,4126.95,0.25,1.0,1.0,0.0,0.0,0,0,0.0,4126.95,1,1,1.0,4126.95,1,1,1.0,4126.95,1,1,1.0,0
LGS2ORD0004697,C010941,2025-02-07 05:00:00,Female,36,Silver,TV,Bangkok,782,TV_Show,COD,5,2,4,0,30-40,26.066666666666666,1.0,1.0,1.0,5,12,1945.11,0.3,1.0,1.0,0.0,0.0,0,0,0.0,1945.11,1,1,1.0,1945.11,1,1,1.0,1945.11,1,1,1.0,1
LGS2ORD0004698,C015074,2025-02-07 05:00:00,Female,55,Silver,Shopee,Nakhon Ratchasima,92,Lazada,PromptPay,5,2,4,0,>50,3.066666666666667,0.0,0.0,0.0,-1,-1,0.0,0.0,0.0,0.0,0.0,0.0,0,0,0.0,0.0,0,0,0.0,0.0,0,0,0.0,0.0,0,0,0.0,0
LGS2ORD0004699,C015384,2025-02-07 05:00:00,Male,34,Silver,CallCenter,Chonburi,699,TV_Show,PromptPay,5,2,4,0,30-40,23.3,0.0,0.0,0.0,-1,-1,0.0,0.0,0.0,0.0,0.0,0.0,0,0,0.0,0.0,0,0,0.0,0.0,0,0,0.0,0.0,0,0,0.0,0
LGS2ORD0004700,C012239,2025-02-07 05:00:00,Male,47,Silver,Shopee,Remote_Area,1498,Lazada,Bank_Transfer,5,2,4,0,40-50,49.93333333333333,1.0,0.0,0.0,-1,13,3700.35,0.3,0.0,1.0,0.0,0.0,0,0,0.0,3700.35,1,0,0.0,3700.35,1,0,0.0,3700.35,1,0,0.0,0
LGS2ORD0004701,C011403,2025-02-07 05:00:00,Female,59,Gold,TV,Nakhon Ratchasima,444,Shopee,COD,5,2,4,0,>50,14.8,0.0,0.0,0.0,-1,-1,0.0,0.0,0.0,0.0,0.0,0.0,0,0,0.0,0.0,0,0,0.0,0.0,0,0,0.0,0.0,0,0,0.0,0
LGS2ORD0004702,C015484,2025-02-07 05:00:00,Female,47,Silver,TV,Chonburi,726,CallCenter,COD,5,2,4,0,40-50,24.2,1.0,0.0,0.0,-1,1,545.51,0.2,1.0,0.0,0.0,545.51,1,0,0.0,545.51,1,0,0.0,545.51,1,0,0.0,545.51,1,0,0.0,0
LGS2ORD0004703,C014870,2025-02-07 06:00:00,Male,71,Bronze,Lazada,Bangkok,1490,Web,COD,6,2,4,0,>50,49.666666666666664,2.0,0.0,0.0,-1,4,11046.36,0.08,0.0,0.0,0.0,761.72,1,0,0.0,761.72,1,0,0.0,22092.72,2,0,0.0,22092.72,2,0,0.0,0
LGS2ORD0004704,C015685,2025-02-07 06:00:00,Male,60,Silver,Lazada,Chonburi,1297,Shopee,COD,6,2,4,0,>50,43.233333333333334,0.0,0.0,0.0,-1,-1,0.0,0.0,0.0,0.0,0.0,0.0,0,0,0.0,0.0,0,0,0.0,0.0,0,0,0.0,0.0,0,0,0.0,0
LGS2ORD0004705,C017236,2025-02-07 06:00:00,Male,51,Bronze,CallCenter,Chonburi,167,Web,COD,6,2,4,0,>50,5.566666666666666,0.0,0.0,0.0,-1,-1,0.0,0.0,0.0,0.0,0.0,0.0,0,0,0.0,0.0,0,0,0.0,0.0,0,0,0.0,0.0,0,0,0.0,1
LGS2ORD0004706,C014149,2025-02-07 06:00:00,Female,21,Gold,TV,Khon Kaen,1008,TV_Show,Credit_Card,6,2,4,0,20-30,33.6,0.0,0.0,0.0,-1,-1,0.0,0.0,0.0,0.0,0.0,0.0,0,0,0.0,0.0,0,0,0.0,0.0,0,0,0.0,0.0,0,0,0.0,1
LGS2ORD0004707,C014258,2025-02-07 06:00:00,Female,39,Gold,Web,Nakhon Ratchasima,976,Lazada,COD,6,2,4,0,30-40,32.53333333333333,0.0,0.0,0.0,-1,-1,0.0,0.0,0.0,0.0,0.0,0.0,0,0,0.0,0.0,0,0,0.0,0.0,0,0,0.0,0.0,0,0,0.0,0
LGS2ORD0004708,C012568,2025-02-07 07:00:00,Female,54,Bronze,Shopee,Khon Kaen,906,Web,Credit_Card,7,2,4,0,>50,30.2,1.0,0.0,0.0,-1,19,3480.15,0.23,1.0,1.0,0.0,0.0,0,0,0.0,3480.15,1,0,0.0,3480.15,1,0,0.0,3480.15,1,0,0.0,1
LGS2ORD0004709,C014855,2025-02-07 07:00:00,Female,49,Gold,Web,Bangkok,331,Lazada,COD,7,2,4,0,40-50,11.033333333333333,0.0,0.0,0.0,-1,-1,0.0,0.0,0.0,0.0,0.0,0.0,0,0,0.0,0.0,0,0,0.0,0.0,0,0,0.0,0.0,0,0,0.0,0
LGS2ORD0004710,C010236,2025-02-07 07:00:00,Female,32,Bronze,Shopee,Chiang Mai,1278,CallCenter,COD,7,2,4,0,30-40,42.6,0.0,0.0,0.0,-1,-1,0.0,0.0,0.0,0.0,0.0,0.0,0,0,0.0,0.0,0,0,0.0,0.0,0,0,0.0,0.0,0,0,0.0,0
LGS2ORD0004711,C012205,2025-02-07 07:00:00,Male,31,Bronze,TV,Remote_Area,862,Shopee,COD,7,2,4,0,30-40,28.733333333333334,2.0,1.0,0.5,7,13,918.84,0.23,0.5,0.5,0.0,0.0,0,0,0.0,1837.68,2,1,0.5,1837.68,2,1,0.5,1837.68,2,1,0.5,0
LGS2ORD0004712,C017673,2025-02-07 07:00:00,Female,64,Bronze,Web,Bangkok,523,Lazada,PromptPay,7,2,4,0,>50,17.433333333333334,1.0,0.0,0.0,-1,6,1143.27,0.18,1.0,0.0,0.0,1143.27,1,0,0.0,1143.27,1,0,0.0,1143.27,1,0,0.0,1143.27,1,0,0.0,1
LGS2ORD0004713,C010584,2025-02-07 08:00:00,Male,44,Bronze,CallCenter,Bangkok,564,CallCenter,Credit_Card,8,2,4,0,40-50,18.8,1.0,0.0,0.0,-1,28,1581.42,0.03,1.0,0.0,0.0,0.0,0,0,0.0,1581.42,1,0,0.0,1581.42,1,0,0.0,1581.42,1,0,0.0,0
LGS2ORD0004714,C015069,2025-02-07 08:00:00,Female,44,Silver,Web,Chiang Mai,581,Web,COD,8,2,4,0,40-50,19.366666666666667,3.0,2.0,0.6666666666666666,-9,3,1822.76,0.3,0.6666666666666666,0.3333333333333333,0.0,4263.73,1,1,1.0,5468.28,3,2,0.6666666666666666,5468.28,3,2,0.6666666666666666,5468.28,3,2,0.6666666666666666,0
LGS2ORD0004715,C011845,2025-02-07 08:00:00,Female,27,Bronze,TV,Remote_Area,728,CallCenter,COD,8,2,4,0,20-30,24.266666666666666,2.0,1.0,0.5,30,33,1329.58,0.18,0.5,0.0,0.0,0.0,0,0,0.0,0.0,0,0,0.0,2659.16,2,1,0.5,2659.16,2,1,0.5,1
LGS2ORD0004716,C017302,2025-02-07 08:00:00,Female,18,Silver,CallCenter,Phuket,375,TV_Show,COD,8,2,4,0,<20,12.5,0.0,0.0,0.0,-1,-1,0.0,0.0,0.0,0.0,0.0,0.0,0,0,0.0,0.0,0,0,0.0,0.0,0,0,0.0,0.0,0,0,0.0,0
LGS2ORD0004717,C014733,2025-02-07 08:00:00,Other,59,Bronze,CallCenter,Songkhla,127,TV_Show,Credit_Card,8,2,4,0,>50,4.233333333333333,1.0,0.0,0.0,-1,33,9768.72,0.08,0.0,0.0,0.0,0.0,0,0,0.0,0.0,0,0,0.0,9768.72,1,0,0.0,9768.72,1,0,0.0,1
LGS2ORD0004718,C015693,2025-02-07 09:00:00,Other,37,Silver,TV,Bangkok,173,TV_Show,COD,9,2,4,0,30-40,5.766666666666667,2.0,1.0,0.5,-5,7,18881.72,0.2,0.5,0.0,0.0,0.0,0,0,0.0,37763.44,2,1,0.5,37763.44,2,1,0.5,37763.44,2,1,0.5,0
LGS2ORD0004719,C012133,2025-02-07 09:00:00,Female,41,Gold,TV,Bangkok,367,Shopee,COD,9,2,4,0,40-50,12.233333333333333,3.0,1.0,0.3333333333333333,-5,4,2912.193333333333,0.33,0.3333333333333333,0.3333333333333333,0.0,2985.6,1,1,1.0,8736.58,3,1,0.3333333333333333,8736.58,3,1,0.3333333333333333,8736.58,3,1,0.3333333333333333,0
LGS2ORD0004720,C015836,2025-02-07 09:00:00,Female,48,Bronze,Shopee,Songkhla,1432,Web,PromptPay,9,2,4,0,40-50,47.733333333333334,1.0,0.0,0.0,-1,5,1352.89,0.13,0.0,0.0,0.0,1352.89,1,0,0.0,1352.89,1,0,0.0,1352.89,1,0,0.0,1352.89,1,0,0.0,0
LGS2ORD0004721,C014765,2025-02-07 09:00:00,Male,37,Bronze,Lazada,Chonburi,892,Lazada,COD,9,2,4,0,30-40,29.733333333333334,0.0,0.0,0.0,-1,-1,0.0,0.0,0.0,0.0,0.0,0.0,0,0,0.0,0.0,0,0,0.0,0.0,0,0,0.0,0.0,0,0,0.0,0
LGS2ORD0004722,C011086,2025-02-07 09:00:00,Male,35,Bronze,Web,Chiang Mai,569,CallCenter,COD,9,2,4,0,30-40,18.966666666666665,1.0,0.0,0.0,-1,17,5634.53,0.13,1.0,0.0,0.0,0.0,0,0,0.0,5634.53,1,0,0.0,5634.53,1,0,0.0,5634.53,1,0,0.0,1
LGS2ORD0004723,C017501,2025-02-07 09:00:00,Female,48,Gold,Web,Phuket,859,Shopee,PromptPay,9,2,4,0,40-50,28.633333333333333,0.0,0.0,0.0,-1,-1,0.0,0.0,0.0,0.0,0.0,0.0,0,0,0.0,0.0,0,0,0.0,0.0,0,0,0.0,0.0,0,0,0.0,1
LGS2ORD0004724,C017193,2025-02-07 10:00:00,Female,47,Gold,Web,Bangkok,217,Lazada,Credit_Card,10,2,4,0,40-50,7.233333333333333,2.0,0.0,0.0,-1,34,8409.875,0.18,0.5,0.0,0.0,0.0,0,0,0.0,0.0,0,0,0.0,16819.75,2,0,0.0,16819.75,2,0,0.0,0
LGS2ORD0004725,C015307,2025-02-07 10:00:00,Male,39,Bronze,Lazada,Bangkok,670,Web,COD,10,2,4,0,30-40,22.333333333333332,1.0,0.0,0.0,-1,27,1970.66,0.23,0.0,1.0,0.0,0.0,0,0,0.0,1970.66,1,0,0.0,1970.66,1,0,0.0,1970.66,1,0,0.0,0
LGS2ORD0004726,C015384,2025-02-07 10:00:00,Male,34,Silver,CallCenter,Chonburi,699,Shopee,COD,10,2,4,0,30-40,23.3,1.0,0.0,0.0,-1,0,6534.62,0.05,0.0,0.0,0.0,6534.62,1,0,0.0,6534.62,1,0,0.0,6534.62,1,0,0.0,6534.62,1,0,0.0,1
LGS2ORD0004727,C014027,2025-02-07 10:00:00,Male,41,Gold,Web,Bangkok,443,Web,Credit_Card,10,2,4,0,40-50,14.766666666666667,1.0,0.0,0.0,-1,15,3249.63,0.13,1.0,0.0,0.0,0.0,0,0,0.0,3249.63,1,0,0.0,3249.63,1,0,0.0,3249.63,1,0,0.0,1
LGS2ORD0004728,C017725,2025-02-07 10:00:00,Female,59,Bronze,Web,Khon Kaen,976,Web,COD,10,2,4,0,>50,32.53333333333333,0.0,0.0,0.0,-1,-1,0.0,0.0,0.0,0.0,0.0,0.0,0,0,0.0,0.0,0,0,0.0,0.0,0,0,0.0,0.0,0,0,0.0,0
LGS2ORD0004729,C014814,2025-02-07 11:00:00,Female,33,Bronze,Lazada,Remote_Area,1057,CallCenter,PromptPay,11,2,4,0,30-40,35.233333333333334,0.0,0.0,0.0,-1,-1,0.0,0.0,0.0,0.0,0.0,0.0,0,0,0.0,0.0,0,0,0.0,0.0,0,0,0.0,0.0,0,0,0.0,1
LGS2ORD0004730,C010505,2025-02-07 11:00:00,Male,45,Bronze,Web,Bangkok,1120,Shopee,COD,11,2,4,0,40-50,37.333333333333336,0.0,0.0,0.0,-1,-1,0.0,0.0,0.0,0.0,0.0,0.0,0,0,0.0,0.0,0,0,0.0,0.0,0,0,0.0,0.0,0,0,0.0,1
LGS2ORD0004731,C012330,2025-02-07 11:00:00,Female,19,Bronze,TV,Bangkok,727,Shopee,PromptPay,11,2,4,0,<20,24.233333333333334,0.0,0.0,0.0,-1,-1,0.0,0.0,0.0,0.0,0.0,0.0,0,0,0.0,0.0,0,0,0.0,0.0,0,0,0.0,0.0,0,0,0.0,0
LGS2ORD0004732,C011136,2025-02-07 11:00:00,Other,64,Silver,Shopee,Nakhon Ratchasima,1442,TV_Show,COD,11,2,4,0,>50,48.06666666666667,2.0,2.0,1.0,5,19,3249.55,0.2,1.0,0.0,0.0,0.0,0,0,0.0,6499.1,2,2,1.0,6499.1,2,2,1.0,6499.1,2,2,1.0,0
LGS2ORD0004733,C010663,2025-02-07 11:00:00,Male,32,Bronze,TV,Songkhla,1034,Web,Bank_Transfer,11,2,4,0,30-40,34.46666666666667,2.0,0.0,0.0,-1,6,2978.1150000000002,0.23,0.5,0.5,0.0,1410.55,1,0,0.0,5956.2300000000005,2,0,0.0,5956.2300000000005,2,0,0.0,5956.2300000000005,2,0,0.0,0
LGS2ORD0004734,C014388,2025-02-07 12:00:00,Female,20,Silver,TV,Nakhon Ratchasima,561,Web,COD,12,2,4,0,<20,18.7,2.0,0.0,0.0,-1,24,8412.595000000001,0.3,1.0,0.5,0.0,0.0,0,0,0.0,15054.69,1,0,0.0,16825.190000000002,2,0,0.0,16825.190000000002,2,0,0.0,0
LGS2ORD0004735,C012034,2025-02-07 12:00:00,Female,25,Bronze,TV,Bangkok,505,Shopee,PromptPay,12,2,4,0,20-30,16.833333333333332,1.0,0.0,0.0,-1,24,498.84,0.18,1.0,0.0,0.0,0.0,0,0,0.0,498.84,1,0,0.0,498.84,1,0,0.0,498.84,1,0,0.0,0
LGS2ORD0004736,C011872,2025-02-07 12:00:00,Female,53,Silver,Lazada,Chonburi,675,TV_Show,Credit_Card,12,2,4,0,>50,22.5,0.0,0.0,0.0,-1,-1,0.0,0.0,0.0,0.0,0.0,0.0,0,0,0.0,0.0,0,0,0.0,0.0,0,0,0.0,0.0,0,0,0.0,0
LGS2ORD0004737,C011833,2025-02-07 12:00:00,Female,37,Bronze,Lazada,Remote_Area,895,Shopee,COD,12,2,4,0,30-40,29.833333333333332,1.0,1.0,1.0,7,20,685.67,0.23,1.0,1.0,0.0,0.0,0,0,0.0,685.67,1,1,1.0,685.67,1,1,1.0,685.67,1,1,1.0,0
LGS2ORD0004738,C014757,2025-02-07 12:00:00,Male,41,Gold,Lazada,Phuket,1427,Web,Credit_Card,12,2,4,0,40-50,47.56666666666667,1.0,0.0,0.0,-1,4,2792.47,0.28,1.0,1.0,0.0,2792.47,1,0,0.0,2792.47,1,0,0.0,2792.47,1,0,0.0,2792.47,1,0,0.0,0
LGS2ORD0004739,C015761,2025-02-07 13:00:00,Female,25,Bronze,Shopee,Remote_Area,783,Lazada,Bank_Transfer,13,2,4,0,20-30,26.1,0.0,0.0,0.0,-1,-1,0.0,0.0,0.0,0.0,0.0,0.0,0,0,0.0,0.0,0,0,0.0,0.0,0,0,0.0,0.0,0,0,0.0,1
LGS2ORD0004740,C010448,2025-02-07 13:00:00,Male,27,Bronze,TV,Bangkok,771,Shopee,COD,13,2,4,0,20-30,25.7,0.0,0.0,0.0,-1,-1,0.0,0.0,0.0,0.0,0.0,0.0,0,0,0.0,0.0,0,0,0.0,0.0,0,0,0.0,0.0,0,0,0.0,0
LGS2ORD0004741,C010432,2025-02-07 13:00:00,Male,67,Platinum,TV,Bangkok,707,Shopee,COD,13,2,4,0,>50,23.566666666666666,1.0,0.0,0.0,-1,29,5467.58,0.25,1.0,1.0,0.0,0.0,0,0,0.0,5467.58,1,0,0.0,5467.58,1,0,0.0,5467.58,1,0,0.0,0
LGS2ORD0004742,C015508,2025-02-07 13:00:00,Female,45,Gold,Lazada,Bangkok,151,Web,COD,13,2,4,0,40-50,5.033333333333333,0.0,0.0,0.0,-1,-1,0.0,0.0,0.0,0.0,0.0,0.0,0,0,0.0,0.0,0,0,0.0,0.0,0,0,0.0,0.0,0,0,0.0,0
LGS2ORD0004743,C016415,2025-02-07 13:00:00,Male,69,Bronze,Shopee,Nakhon Ratchasima,1361,Lazada,COD,13,2,4,0,>50,45.36666666666667,2.0,0.0,0.0,-1,22,3850.41,0.23,0.5,0.5,0.0,0.0,0,0,0.0,7700.82,2,0,0.0,7700.82,2,0,0.0,7700.82,2,0,0.0,0
LGS2ORD0004744,C012470,2025-02-07 13:00:00,Female,28,Bronze,Shopee,Bangkok,753,TV_Show,COD,13,2,4,0,20-30,25.1,1.0,0.0,0.0,-1,7,13578.42,0.03,0.0,0.0,0.0,0.0,0,0,0.0,13578.42,1,0,0.0,13578.42,1,0,0.0,13578.42,1,0,0.0,0
LGS2ORD0004745,C016896,2025-02-07 14:00:00,Male,61,Bronze,TV,Bangkok,834,Web,Credit_Card,14,2,4,0,>50,27.8,0.0,0.0,0.0,-1,-1,0.0,0.0,0.0,0.0,0.0,0.0,0,0,0.0,0.0,0,0,0.0,0.0,0,0,0.0,0.0,0,0,0.0,0
LGS2ORD0004746,C015696,2025-02-07 14:00:00,Female,54,Bronze,Shopee,Songkhla,624,Web,COD,14,2,4,0,>50,20.8,0.0,0.0,0.0,-1,-1,0.0,0.0,0.0,0.0,0.0,0.0,0,0,0.0,0.0,0,0,0.0,0.0,0,0,0.0,0.0,0,0,0.0,1
LGS2ORD0004747,C013814,2025-02-07 14:00:00,Female,59,Bronze,TV,Songkhla,969,Shopee,COD,14,2,4,0,>50,32.3,0.0,0.0,0.0,-1,-1,0.0,0.0,0.0,0.0,0.0,0.0,0,0,0.0,0.0,0,0,0.0,0.0,0,0,0.0,0.0,0,0,0.0,0
LGS2ORD0004748,C013516,2025-02-07 14:00:00,Male,18,Bronze,TV,Khon Kaen,1297,Shopee,COD,14,2,4,0,<20,43.233333333333334,0.0,0.0,0.0,-1,-1,0.0,0.0,0.0,0.0,0.0,0.0,0,0,0.0,0.0,0,0,0.0,0.0,0,0,0.0,0.0,0,0,0.0,0
LGS2ORD0004749,C015685,2025-02-07 14:00:00,Male,60,Silver,Lazada,Chonburi,1297,Lazada,COD,14,2,4,0,>50,43.233333333333334,1.0,0.0,0.0,-1,0,15269.65,0.2,1.0,0.0,0.0,15269.65,1,0,0.0,15269.65,1,0,0.0,15269.65,1,0,0.0,15269.65,1,0,0.0,0
LGS2ORD0004750,C011701,2025-02-07 15:00:00,Female,54,Bronze,Web,Phuket,217,CallCenter,COD,15,2,4,0,>50,7.233333333333333,0.0,0.0,0.0,-1,-1,0.0,0.0,0.0,0.0,0.0,0.0,0,0,0.0,0.0,0,0,0.0,0.0,0,0,0.0,0.0,0,0,0.0,0
LGS2ORD0004751,C015577,2025-02-07 15:00:00,Male,29,Silver,CallCenter,Nakhon Ratchasima,1174,Web,COD,15,2,4,0,20-30,39.13333333333333,0.0,0.0,0.0,-1,-1,0.0,0.0,0.0,0.0,0.0,0.0,0,0,0.0,0.0,0,0,0.0,0.0,0,0,0.0,0.0,0,0,0.0,0
LGS2ORD0004752,C013530,2025-02-07 15:00:00,Other,62,Bronze,TV,Bangkok,755,Lazada,Credit_Card,15,2,4,0,>50,25.166666666666668,0.0,0.0,0.0,-1,-1,0.0,0.0,0.0,0.0,0.0,0.0,0,0,0.0,0.0,0,0,0.0,0.0,0,0,0.0,0.0,0,0,0.0,1
LGS2ORD0004753,C011480,2025-02-07 15:00:00,Female,61,Bronze,Lazada,Phuket,1355,Shopee,COD,15,2,4,0,>50,45.166666666666664,0.0,0.0,0.0,-1,-1,0.0,0.0,0.0,0.0,0.0,0.0,0,0,0.0,0.0,0,0,0.0,0.0,0,0,0.0,0.0,0,0,0.0,0
LGS2ORD0004754,C012365,2025-02-07 15:00:00,Female,58,Platinum,Lazada,Khon Kaen,499,Web,COD,15,2,4,0,>50,16.633333333333333,0.0,0.0,0.0,-1,-1,0.0,0.0,0.0,0.0,0.0,0.0,0,0,0.0,0.0,0,0,0.0,0.0,0,0,0.0,0.0,0,0,0.0,1
LGS2ORD0004755,C012232,2025-02-07 16:00:00,Male,28,Platinum,CallCenter,Chiang Mai,1250,Web,PromptPay,16,2,4,0,20-30,41.666666666666664,0.0,0.0,0.0,-1,-1,0.0,0.0,0.0,0.0,0.0,0.0,0,0,0.0,0.0,0,0,0.0,0.0,0,0,0.0,0.0,0,0,0.0,0
LGS2ORD0004756,C017068,2025-02-07 16:00:00,Male,57,Bronze,TV,Khon Kaen,192,Web,PromptPay,16,2,4,0,>50,6.4,0.0,0.0,0.0,-1,-1,0.0,0.0,0.0,0.0,0.0,0.0,0,0,0.0,0.0,0,0,0.0,0.0,0,0,0.0,0.0,0,0,0.0,0
LGS2ORD0004757,C016411,2025-02-07 16:00:00,Male,72,Silver,Shopee,Nakhon Ratchasima,946,TV_Show,COD,16,2,4,0,>50,31.533333333333335,0.0,0.0,0.0,-1,-1,0.0,0.0,0.0,0.0,0.0,0.0,0,0,0.0,0.0,0,0,0.0,0.0,0,0,0.0,0.0,0,0,0.0,0
LGS2ORD0004758,C012740,2025-02-07 16:00:00,Female,44,Bronze,TV,Bangkok,189,CallCenter,COD,16,2,4,0,40-50,6.3,0.0,0.0,0.0,-1,-1,0.0,0.0,0.0,0.0,0.0,0.0,0,0,0.0,0.0,0,0,0.0,0.0,0,0,0.0,0.0,0,0,0.0,1
LGS2ORD0004759,C015157,2025-02-07 16:00:00,Male,25,Bronze,Shopee,Chonburi,1041,TV_Show,COD,16,2,4,0,20-30,34.7,0.0,0.0,0.0,-1,-1,0.0,0.0,0.0,0.0,0.0,0.0,0,0,0.0,0.0,0,0,0.0,0.0,0,0,0.0,0.0,0,0,0.0,1
LGS2ORD0004760,C013436,2025-02-07 17:00:00,Male,53,Bronze,TV,Chiang Mai,419,Shopee,Credit_Card,17,2,4,0,>50,13.966666666666667,3.0,2.0,0.6666666666666666,-7,0,9473.143333333333,0.23,0.6666666666666666,0.6666666666666666,0.0,1743.1,1,1,1.0,28419.43,3,2,0.6666666666666666,28419.43,3,2,0.6666666666666666,28419.43,3,2,0.6666666666666666,0
LGS2ORD0004761,C010631,2025-02-07 17:00:00,Female,29,Silver,Shopee,Bangkok,1479,CallCenter,COD,17,2,4,0,20-30,49.3,0.0,0.0,0.0,-1,-1,0.0,0.0,0.0,0.0,0.0,0.0,0,0,0.0,0.0,0,0,0.0,0.0,0,0,0.0,0.0,0,0,0.0,0
LGS2ORD0004762,C015835,2025-02-07 17:00:00,Other,46,Silver,Web,Chonburi,935,TV_Show,COD,17,2,4,0,40-50,31.166666666666668,0.0,0.0,0.0,-1,-1,0.0,0.0,0.0,0.0,0.0,0.0,0,0,0.0,0.0,0,0,0.0,0.0,0,0,0.0,0.0,0,0,0.0,0
LGS2ORD0004763,C014373,2025-02-07 17:00:00,Male,31,Platinum,Web,Chonburi,743,Web,COD,17,2,4,0,30-40,24.766666666666666,0.0,0.0,0.0,-1,-1,0.0,0.0,0.0,0.0,0.0,0.0,0,0,0.0,0.0,0,0,0.0,0.0,0,0,0.0,0.0,0,0,0.0,0
LGS2ORD0004764,C017122,2025-02-07 17:00:00,Female,28,Silver,Shopee,Chonburi,249,Shopee,Bank_Transfer,17,2,4,0,20-30,8.3,1.0,0.0,0.0,-1,34,7550.1,0.25,0.0,1.0,0.0,0.0,0,0,0.0,0.0,0,0,0.0,7550.1,1,0,0.0,7550.1,1,0,0.0,0
LGS2ORD0004765,C016462,2025-02-07 17:00:00,Male,34,Silver,Web,Nakhon Ratchasima,643,Web,COD,17,2,4,0,30-40,21.433333333333334,4.0,0.0,0.0,-1,4,4099.4400000000005,0.25,0.25,0.25,0.0,3181.89,1,0,0.0,16397.760000000002,4,0,0.0,16397.760000000002,4,0,0.0,16397.760000000002,4,0,0.0,0
LGS2ORD0004766,C013196,2025-02-07 18:00:00,Female,32,Silver,Lazada,Songkhla,619,TV_Show,COD,18,2,4,0,30-40,20.633333333333333,0.0,0.0,0.0,-1,-1,0.0,0.0,0.0,0.0,0.0,0.0,0,0,0.0,0.0,0,0,0.0,0.0,0,0,0.0,0.0,0,0,0.0,1
LGS2ORD0004767,C014418,2025-02-07 18:00:00,Female,26,Gold,Lazada,Nakhon Ratchasima,391,TV_Show,Credit_Card,18,2,4,0,20-30,13.033333333333333,0.0,0.0,0.0,-1,-1,0.0,0.0,0.0,0.0,0.0,0.0,0,0,0.0,0.0,0,0,0.0,0.0,0,0,0.0,0.0,0,0,0.0,0
LGS2ORD0004768,C016108,2025-02-07 18:00:00,Male,38,Bronze,Web,Chonburi,1049,Web,COD,18,2,4,0,30-40,34.96666666666667,0.0,0.0,0.0,-1,-1,0.0,0.0,0.0,0.0,0.0,0.0,0,0,0.0,0.0,0,0,0.0,0.0,0,0,0.0,0.0,0,0,0.0,0
LGS2ORD0004769,C011813,2025-02-07 18:00:00,Male,34,Bronze,Shopee,Bangkok,1298,TV_Show,Credit_Card,18,2,4,0,30-40,43.266666666666666,2.0,0.0,0.0,-1,1,2257.855,0.23,0.5,0.5,0.0,829.19,1,0,0.0,4515.71,2,0,0.0,4515.71,2,0,0.0,4515.71,2,0,0.0,0
LGS2ORD0004770,C017082,2025-02-07 18:00:00,Female,34,Bronze,TV,Chiang Mai,731,Web,Credit_Card,18,2,4,0,30-40,24.366666666666667,1.0,1.0,1.0,15,23,1465.31,0.18,1.0,0.0,0.0,0.0,0,0,0.0,1465.31,1,1,1.0,1465.31,1,1,1.0,1465.31,1,1,1.0,0
LGS2ORD0004771,C016902,2025-02-07 19:00:00,Male,45,Bronze,Web,Chiang Mai,930,Web,COD,19,2,4,0,40-50,31.0,0.0,0.0,0.0,-1,-1,0.0,0.0,0.0,0.0,0.0,0.0,0,0,0.0,0.0,0,0,0.0,0.0,0,0,0.0,0.0,0,0,0.0,1
LGS2ORD0004772,C010801,2025-02-07 19:00:00,Female,65,Gold,TV,Nakhon Ratchasima,1154,TV_Show,Credit_Card,19,2,4,0,>50,38.46666666666667,2.0,0.0,0.0,-1,28,2109.135,0.28,1.0,0.5,0.0,0.0,0,0,0.0,3360.33,1,0,0.0,4218.27,2,0,0.0,4218.27,2,0,0.0,0
LGS2ORD0004773,C010513,2025-02-07 19:00:00,Male,29,Gold,TV,Bangkok,734,TV_Show,COD,19,2,4,0,20-30,24.466666666666665,0.0,0.0,0.0,-1,-1,0.0,0.0,0.0,0.0,0.0,0.0,0,0,0.0,0.0,0,0,0.0,0.0,0,0,0.0,0.0,0,0,0.0,0
LGS2ORD0004774,C011614,2025-02-07 19:00:00,Female,50,Bronze,Shopee,Bangkok,313,Lazada,Bank_Transfer,19,2,4,0,40-50,10.433333333333334,0.0,0.0,0.0,-1,-1,0.0,0.0,0.0,0.0,0.0,0.0,0,0,0.0,0.0,0,0,0.0,0.0,0,0,0.0,0.0,0,0,0.0,0
LGS2ORD0004775,C014865,2025-02-07 19:00:00,Female,38,Bronze,TV,Chonburi,741,TV_Show,Credit_Card,19,2,4,0,30-40,24.7,0.0,0.0,0.0,-1,-1,0.0,0.0,0.0,0.0,0.0,0.0,0,0,0.0,0.0,0,0,0.0,0.0,0,0,0.0,0.0,0,0,0.0,0
LGS2ORD0004776,C010956,2025-02-07 20:00:00,Female,27,Gold,Web,Phuket,279,TV_Show,Credit_Card,20,2,4,0,20-30,9.3,0.0,0.0,0.0,-1,-1,0.0,0.0,0.0,0.0,0.0,0.0,0,0,0.0,0.0,0,0,0.0,0.0,0,0,0.0,0.0,0,0,0.0,0
LGS2ORD0004777,C013730,2025-02-07 20:00:00,Male,43,Silver,TV,Phuket,1001,TV_Show,COD,20,2,4,0,40-50,33.36666666666667,1.0,0.0,0.0,-1,11,3532.51,0.05,1.0,0.0,0.0,0.0,0,0,0.0,3532.51,1,0,0.0,3532.51,1,0,0.0,3532.51,1,0,0.0,1
LGS2ORD0004778,C017238,2025-02-07 20:00:00,Female,35,Bronze,TV,Phuket,60,Lazada,PromptPay,20,2,4,0,30-40,2.0,0.0,0.0,0.0,-1,-1,0.0,0.0,0.0,0.0,0.0,0.0,0,0,0.0,0.0,0,0,0.0,0.0,0,0,0.0,0.0,0,0,0.0,0
LGS2ORD0004779,C014278,2025-02-07 20:00:00,Female,45,Bronze,CallCenter,Chiang Mai,739,Shopee,COD,20,2,4,0,40-50,24.633333333333333,1.0,0.0,0.0,-1,12,3067.7,0.18,1.0,0.0,0.0,0.0,0,0,0.0,3067.7,1,0,0.0,3067.7,1,0,0.0,3067.7,1,0,0.0,0
LGS2ORD0004780,C013304,2025-02-07 20:00:00,Female,45,Bronze,Lazada,Chonburi,309,Shopee,PromptPay,20,2,4,0,40-50,10.3,0.0,0.0,0.0,-1,-1,0.0,0.0,0.0,0.0,0.0,0.0,0,0,0.0,0.0,0,0,0.0,0.0,0,0,0.0,0.0,0,0,0.0,0
LGS2ORD0004781,C013130,2025-02-07 21:00:00,Other,56,Gold,CallCenter,Chiang Mai,850,Lazada,COD,21,2,4,0,>50,28.333333333333332,1.0,0.0,0.0,-1,28,10061.24,0.13,1.0,0.0,0.0,0.0,0,0,0.0,10061.24,1,0,0.0,10061.24,1,0,0.0,10061.24,1,0,0.0,0
LGS2ORD0004782,C013538,2025-02-07 21:00:00,Female,18,Gold,Lazada,Bangkok,1262,Shopee,COD,21,2,4,0,<20,42.06666666666667,1.0,0.0,0.0,-1,30,13232.48,0.2299999999999999,0.0,1.0,0.0,0.0,0,0,0.0,0.0,0,0,0.0,13232.48,1,0,0.0,13232.48,1,0,0.0,1
LGS2ORD0004783,C016688,2025-02-07 21:00:00,Female,47,Bronze,CallCenter,Remote_Area,445,Shopee,Credit_Card,21,2,4,0,40-50,14.833333333333334,1.0,0.0,0.0,-1,33,4449.48,0.18,0.0,0.0,0.0,0.0,0,0,0.0,0.0,0,0,0.0,4449.48,1,0,0.0,4449.48,1,0,0.0,1
LGS2ORD0004784,C016274,2025-02-07 21:00:00,Female,45,Gold,TV,Chiang Mai,695,Shopee,Bank_Transfer,21,2,4,0,40-50,23.166666666666668,0.0,0.0,0.0,-1,-1,0.0,0.0,0.0,0.0,0.0,0.0,0,0,0.0,0.0,0,0,0.0,0.0,0,0,0.0,0.0,0,0,0.0,0
LGS2ORD0004785,C012033,2025-02-07 21:00:00,Male,32,Silver,TV,Khon Kaen,1493,TV_Show,COD,21,2,4,0,30-40,49.766666666666666,1.0,0.0,0.0,-1,19,2260.84,0.25,1.0,1.0,0.0,0.0,0,0,0.0,2260.84,1,0,0.0,2260.84,1,0,0.0,2260.84,1,0,0.0,1
LGS2ORD0004786,C012607,2025-02-07 21:00:00,Male,44,Bronze,TV,Chiang Mai,473,Shopee,COD,21,2,4,0,40-50,15.766666666666667,0.0,0.0,0.0,-1,-1,0.0,0.0,0.0,0.0,0.0,0.0,0,0,0.0,0.0,0,0,0.0,0.0,0,0,0.0,0.0,0,0,0.0,0
LGS2ORD0004787,C017344,2025-02-07 22:00:00,Male,55,Bronze,CallCenter,Remote_Area,1152,TV_Show,COD,22,2,4,0,>50,38.4,0.0,0.0,0.0,-1,-1,0.0,0.0,0.0,0.0,0.0,0.0,0,0,0.0,0.0,0,0,0.0,0.0,0,0,0.0,0.0,0,0,0.0,1
LGS2ORD0004788,C015151,2025-02-07 22:00:00,Female,43,Gold,TV,Nakhon Ratchasima,150,Lazada,Credit_Card,22,2,4,0,40-50,5.0,2.0,0.0,0.0,-1,5,3809.075,0.2299999999999999,0.5,0.5,0.0,7618.15,2,0,0.0,7618.15,2,0,0.0,7618.15,2,0,0.0,7618.15,2,0,0.0,0
LGS2ORD0004789,C012178,2025-02-07 22:00:00,Female,33,Silver,Web,Chonburi,1404,Shopee,Bank_Transfer,22,2,4,0,30-40,46.8,2.0,0.0,0.0,-1,16,4763.5650000000005,0.05,0.5,0.0,0.0,0.0,0,0,0.0,9527.130000000001,2,0,0.0,9527.130000000001,2,0,0.0,9527.130000000001,2,0,0.0,0
LGS2ORD0004790,C016232,2025-02-07 22:00:00,Male,29,Platinum,TV,Bangkok,818,Web,Credit_Card,22,2,4,0,20-30,27.266666666666666,0.0,0.0,0.0,-1,-1,0.0,0.0,0.0,0.0,0.0,0.0,0,0,0.0,0.0,0,0,0.0,0.0,0,0,0.0,0.0,0,0,0.0,1
LGS2ORD0004791,C010160,2025-02-07 22:00:00,Female,61,Bronze,Lazada,Chonburi,805,CallCenter,PromptPay,22,2,4,0,>50,26.833333333333332,1.0,0.0,0.0,-1,27,2328.97,0.18,0.0,0.0,0.0,0.0,0,0,0.0,2328.97,1,0,0.0,2328.97,1,0,0.0,2328.97,1,0,0.0,0
LGS2ORD0004792,C011880,2025-02-07 23:00:00,Male,29,Silver,TV,Chiang Mai,619,Lazada,Bank_Transfer,23,2,4,0,20-30,20.633333333333333,1.0,0.0,0.0,-1,29,6076.24,0.25,1.0,1.0,0.0,0.0,0,0,0.0,6076.24,1,0,0.0,6076.24,1,0,0.0,6076.24,1,0,0.0,0
LGS2ORD0004793,C016378,2025-02-07 23:00:00,Male,35,Bronze,TV,Phuket,1298,Web,Credit_Card,23,2,4,0,30-40,43.266666666666666,2.0,2.0,1.0,-6,6,2281.54,0.18,1.0,0.0,0.0,2663.1,1,1,1.0,4563.08,2,2,1.0,4563.08,2,2,1.0,4563.08,2,2,1.0,0
LGS2ORD0004794,C016246,2025-02-07 23:00:00,Female,59,Silver,Shopee,Khon Kaen,819,Lazada,Bank_Transfer,23,2,4,0,>50,27.3,0.0,0.0,0.0,-1,-1,0.0,0.0,0.0,0.0,0.0,0.0,0,0,0.0,0.0,0,0,0.0,0.0,0,0,0.0,0.0,0,0,0.0,1
LGS2ORD0004795,C011014,2025-02-07 23:00:00,Male,48,Bronze,TV,Bangkok,738,TV_Show,PromptPay,23,2,4,0,40-50,24.6,0.0,0.0,0.0,-1,-1,0.0,0.0,0.0,0.0,0.0,0.0,0,0,0.0,0.0,0,0,0.0,0.0,0,0,0.0,0.0,0,0,0.0,1
LGS2ORD0004796,C017499,2025-02-07 23:00:00,Female,41,Bronze,Shopee,Chonburi,1070,TV_Show,PromptPay,23,2,4,0,40-50,35.666666666666664,1.0,1.0,1.0,19,31,5823.66,0.13,1.0,0.0,0.0,0.0,0,0,0.0,0.0,0,0,0.0,5823.66,1,1,1.0,5823.66,1,1,1.0,1
LGS2ORD0004797,C016477,2025-02-08 00:00:00,Male,34,Silver,Shopee,Bangkok,1457,CallCenter,COD,0,2,5,1,30-40,48.56666666666667,0.0,0.0,0.0,-1,-1,0.0,0.0,0.0,0.0,0.0,0.0,0,0,0.0,0.0,0,0,0.0,0.0,0,0,0.0,0.0,0,0,0.0,1
LGS2ORD0004798,C011575,2025-02-08 00:00:00,Female,36,Bronze,TV,Chiang Mai,1150,Web,PromptPay,0,2,5,1,30-40,38.333333333333336,0.0,0.0,0.0,-1,-1,0.0,0.0,0.0,0.0,0.0,0.0,0,0,0.0,0.0,0,0,0.0,0.0,0,0,0.0,0.0,0,0,0.0,1
LGS2ORD0004799,C018000,2025-02-08 00:00:00,Female,45,Bronze,CallCenter,Chonburi,1472,Lazada,COD,0,2,5,1,40-50,49.06666666666667,1.0,0.0,0.0,-1,9,3069.32,0.18,0.0,0.0,0.0,0.0,0,0,0.0,3069.32,1,0,0.0,3069.32,1,0,0.0,3069.32,1,0,0.0,0
LGS2ORD0004800,C012318,2025-02-08 00:00:00,Male,72,Bronze,TV,Chiang Mai,1152,Shopee,Credit_Card,0,2,5,1,>50,38.4,0.0,0.0,0.0,-1,-1,0.0,0.0,0.0,0.0,0.0,0.0,0,0,0.0,0.0,0,0,0.0,0.0,0,0,0.0,0.0,0,0,0.0,0
LGS2ORD0004801,C017059,2025-02-08 00:00:00,Male,47,Bronze,CallCenter,Nakhon Ratchasima,998,TV_Show,Bank_Transfer,0,2,5,1,40-50,33.266666666666666,0.0,0.0,0.0,-1,-1,0.0,0.0,0.0,0.0,0.0,0.0,0,0,0.0,0.0,0,0,0.0,0.0,0,0,0.0,0.0,0,0,0.0,0
LGS2ORD0004802,C017851,2025-02-08 00:00:00,Male,56,Silver,Shopee,Bangkok,570,CallCenter,Credit_Card,0,2,5,1,>50,19.0,0.0,0.0,0.0,-1,-1,0.0,0.0,0.0,0.0,0.0,0.0,0,0,0.0,0.0,0,0,0.0,0.0,0,0,0.0,0.0,0,0,0.0,1
LGS2ORD0004803,C012331,2025-02-08 01:00:00,Female,55,Bronze,TV,Remote_Area,160,CallCenter,Credit_Card,1,2,5,1,>50,5.333333333333333,1.0,0.0,0.0,-1,9,789.9,0.08,0.0,0.0,0.0,0.0,0,0,0.0,789.9,1,0,0.0,789.9,1,0,0.0,789.9,1,0,0.0,1
LGS2ORD0004804,C014085,2025-02-08 01:00:00,Female,40,Gold,Shopee,Khon Kaen,881,CallCenter,Bank_Transfer,1,2,5,1,30-40,29.366666666666667,2.0,0.0,0.0,-1,27,2410.865,0.2299999999999999,0.0,1.0,0.0,0.0,0,0,0.0,4312.29,1,0,0.0,4821.73,2,0,0.0,4821.73,2,0,0.0,0
LGS2ORD0004805,C016165,2025-02-08 01:00:00,Female,51,Gold,TV,Nakhon Ratchasima,1338,Web,COD,1,2,5,1,>50,44.6,0.0,0.0,0.0,-1,-1,0.0,0.0,0.0,0.0,0.0,0.0,0,0,0.0,0.0,0,0,0.0,0.0,0,0,0.0,0.0,0,0,0.0,0
LGS2ORD0004806,C015716,2025-02-08 01:00:00,Male,27,Bronze,Lazada,Chiang Mai,647,Lazada,COD,1,2,5,1,20-30,21.566666666666666,0.0,0.0,0.0,-1,-1,0.0,0.0,0.0,0.0,0.0,0.0,0,0,0.0,0.0,0,0,0.0,0.0,0,0,0.0,0.0,0,0,0.0,1
LGS2ORD0004807,C017701,2025-02-08 01:00:00,Male,42,Bronze,Web,Bangkok,935,TV_Show,COD,1,2,5,1,40-50,31.166666666666668,0.0,0.0,0.0,-1,-1,0.0,0.0,0.0,0.0,0.0,0.0,0,0,0.0,0.0,0,0,0.0,0.0,0,0,0.0,0.0,0,0,0.0,0
LGS2ORD0004808,C012682,2025-02-08 02:00:00,Male,31,Silver,Web,Chonburi,93,Web,COD,2,2,5,1,30-40,3.1,0.0,0.0,0.0,-1,-1,0.0,0.0,0.0,0.0,0.0,0.0,0,0,0.0,0.0,0,0,0.0,0.0,0,0,0.0,0.0,0,0,0.0,0
LGS2ORD0004809,C014889,2025-02-08 02:00:00,Female,48,Silver,Web,Chiang Mai,1091,Shopee,COD,2,2,5,1,40-50,36.36666666666667,0.0,0.0,0.0,-1,-1,0.0,0.0,0.0,0.0,0.0,0.0,0,0,0.0,0.0,0,0,0.0,0.0,0,0,0.0,0.0,0,0,0.0,0
LGS2ORD0004810,C012335,2025-02-08 02:00:00,Female,55,Gold,CallCenter,Bangkok,540,Web,PromptPay,2,2,5,1,>50,18.0,0.0,0.0,0.0,-1,-1,0.0,0.0,0.0,0.0,0.0,0.0,0,0,0.0,0.0,0,0,0.0,0.0,0,0,0.0,0.0,0,0,0.0,0
LGS2ORD0004811,C017991,2025-02-08 02:00:00,Other,62,Bronze,Web,Songkhla,904,Lazada,COD,2,2,5,1,>50,30.133333333333333,0.0,0.0,0.0,-1,-1,0.0,0.0,0.0,0.0,0.0,0.0,0,0,0.0,0.0,0,0,0.0,0.0,0,0,0.0,0.0,0,0,0.0,0
LGS2ORD0004812,C016107,2025-02-08 02:00:00,Male,40,Platinum,Lazada,Chiang Mai,1124,Web,COD,2,2,5,1,30-40,37.46666666666667,1.0,0.0,0.0,-1,17,928.94,0.15,0.0,0.0,0.0,0.0,0,0,0.0,928.94,1,0,0.0,928.94,1,0,0.0,928.94,1,0,0.0,1
LGS2ORD0004813,C012236,2025-02-08 03:00:00,Male,25,Bronze,Shopee,Nakhon Ratchasima,443,Web,Credit_Card,3,2,5,1,20-30,14.766666666666667,2.0,0.0,0.0,-1,15,2300.97,0.08,0.0,0.0,0.0,0.0,0,0,0.0,4601.94,2,0,0.0,4601.94,2,0,0.0,4601.94,2,0,0.0,0
LGS2ORD0004814,C015775,2025-02-08 03:00:00,Female,49,Gold,Web,Chonburi,1075,Lazada,COD,3,2,5,1,40-50,35.833333333333336,1.0,1.0,1.0,-1,11,1554.03,0.18,1.0,0.0,0.0,0.0,0,0,0.0,1554.03,1,1,1.0,1554.03,1,1,1.0,1554.03,1,1,1.0,0
LGS2ORD0004815,C013247,2025-02-08 03:00:00,Female,37,Silver,TV,Remote_Area,577,TV_Show,PromptPay,3,2,5,1,30-40,19.233333333333334,0.0,0.0,0.0,-1,-1,0.0,0.0,0.0,0.0,0.0,0.0,0,0,0.0,0.0,0,0,0.0,0.0,0,0,0.0,0.0,0,0,0.0,0
LGS2ORD0004816,C014415,2025-02-08 03:00:00,Female,56,Gold,Web,Nakhon Ratchasima,921,Shopee,COD,3,2,5,1,>50,30.7,0.0,0.0,0.0,-1,-1,0.0,0.0,0.0,0.0,0.0,0.0,0,0,0.0,0.0,0,0,0.0,0.0,0,0,0.0,0.0,0,0,0.0,0
LGS2ORD0004817,C013137,2025-02-08 03:00:00,Female,31,Gold,TV,Songkhla,474,Shopee,COD,3,2,5,1,30-40,15.8,0.0,0.0,0.0,-1,-1,0.0,0.0,0.0,0.0,0.0,0.0,0,0,0.0,0.0,0,0,0.0,0.0,0,0,0.0,0.0,0,0,0.0,1
LGS2ORD0004818,C010230,2025-02-08 04:00:00,Female,43,Bronze,Web,Chonburi,138,Web,COD,4,2,5,1,40-50,4.6,0.0,0.0,0.0,-1,-1,0.0,0.0,0.0,0.0,0.0,0.0,0,0,0.0,0.0,0,0,0.0,0.0,0,0,0.0,0.0,0,0,0.0,0
LGS2ORD0004819,C017771,2025-02-08 04:00:00,Female,46,Bronze,CallCenter,Remote_Area,306,Lazada,Credit_Card,4,2,5,1,40-50,10.2,1.0,0.0,0.0,-1,27,13369.72,0.03,1.0,0.0,0.0,0.0,0,0,0.0,13369.72,1,0,0.0,13369.72,1,0,0.0,13369.72,1,0,0.0,0
LGS2ORD0004820,C015795,2025-02-08 04:00:00,Female,18,Bronze,TV,Nakhon Ratchasima,274,Web,Bank_Transfer,4,2,5,1,<20,9.133333333333333,2.0,0.0,0.0,-1,10,4096.235000000001,0.08,0.5,0.0,0.0,0.0,0,0,0.0,7265.18,1,0,0.0,8192.470000000001,2,0,0.0,8192.470000000001,2,0,0.0,0
LGS2ORD0004821,C014532,2025-02-08 04:00:00,Male,31,Silver,TV,Phuket,1396,TV_Show,Credit_Card,4,2,5,1,30-40,46.53333333333333,1.0,1.0,1.0,8,21,1749.25,0.3,1.0,1.0,0.0,0.0,0,0,0.0,1749.25,1,1,1.0,1749.25,1,1,1.0,1749.25,1,1,1.0,0
LGS2ORD0004822,C014455,2025-02-08 04:00:00,Male,31,Gold,Web,Chiang Mai,1243,TV_Show,COD,4,2,5,1,30-40,41.43333333333333,0.0,0.0,0.0,-1,-1,0.0,0.0,0.0,0.0,0.0,0.0,0,0,0.0,0.0,0,0,0.0,0.0,0,0,0.0,0.0,0,0,0.0,0
LGS2ORD0004823,C015209,2025-02-08 04:00:00,Female,43,Bronze,Web,Nakhon Ratchasima,1058,Shopee,COD,4,2,5,1,40-50,35.266666666666666,1.0,1.0,1.0,16,25,29768.67,0.18,1.0,0.0,0.0,0.0,0,0,0.0,29768.67,1,1,1.0,29768.67,1,1,1.0,29768.67,1,1,1.0,0
LGS2ORD0004824,C015745,2025-02-08 05:00:00,Male,39,Bronze,Web,Phuket,833,Web,COD,5,2,5,1,30-40,27.766666666666666,2.0,0.0,0.0,-1,19,5629.65,0.23,0.0,0.5,0.0,0.0,0,0,0.0,11259.3,2,0,0.0,11259.3,2,0,0.0,11259.3,2,0,0.0,0
LGS2ORD0004825,C017687,2025-02-08 05:00:00,Male,47,Silver,CallCenter,Chonburi,230,Web,PromptPay,5,2,5,1,40-50,7.666666666666667,2.0,0.0,0.0,-1,8,11120.445,0.25,0.5,0.5,0.0,0.0,0,0,0.0,22240.89,2,0,0.0,22240.89,2,0,0.0,22240.89,2,0,0.0,1
LGS2ORD0004826,C010890,2025-02-08 05:00:00,Female,34,Bronze,TV,Bangkok,402,Web,COD,5,2,5,1,30-40,13.4,0.0,0.0,0.0,-1,-1,0.0,0.0,0.0,0.0,0.0,0.0,0,0,0.0,0.0,0,0,0.0,0.0,0,0,0.0,0.0,0,0,0.0,1
LGS2ORD0004827,C015444,2025-02-08 05:00:00,Male,51,Bronze,TV,Bangkok,481,Web,PromptPay,5,2,5,1,>50,16.033333333333335,0.0,0.0,0.0,-1,-1,0.0,0.0,0.0,0.0,0.0,0.0,0,0,0.0,0.0,0,0,0.0,0.0,0,0,0.0,0.0,0,0,0.0,0
LGS2ORD0004828,C010406,2025-02-08 05:00:00,Male,49,Platinum,CallCenter,Phuket,81,TV_Show,COD,5,2,5,1,40-50,2.7,0.0,0.0,0.0,-1,-1,0.0,0.0,0.0,0.0,0.0,0.0,0,0,0.0,0.0,0,0,0.0,0.0,0,0,0.0,0.0,0,0,0.0,1
LGS2ORD0004829,C010388,2025-02-08 06:00:00,Female,38,Bronze,CallCenter,Chonburi,1373,CallCenter,COD,6,2,5,1,30-40,45.766666666666666,1.0,0.0,0.0,-1,5,1182.67,0.08,0.0,0.0,0.0,1182.67,1,0,0.0,1182.67,1,0,0.0,1182.67,1,0,0.0,1182.67,1,0,0.0,0
LGS2ORD0004830,C013694,2025-02-08 06:00:00,Female,42,Gold,Lazada,Khon Kaen,985,TV_Show,Credit_Card,6,2,5,1,40-50,32.833333333333336,0.0,0.0,0.0,-1,-1,0.0,0.0,0.0,0.0,0.0,0.0,0,0,0.0,0.0,0,0,0.0,0.0,0,0,0.0,0.0,0,0,0.0,1
LGS2ORD0004831,C010128,2025-02-08 06:00:00,Male,37,Bronze,Shopee,Phuket,177,CallCenter,COD,6,2,5,1,30-40,5.9,0.0,0.0,0.0,-1,-1,0.0,0.0,0.0,0.0,0.0,0.0,0,0,0.0,0.0,0,0,0.0,0.0,0,0,0.0,0.0,0,0,0.0,1
LGS2ORD0004832,C015762,2025-02-08 06:00:00,Female,53,Bronze,Shopee,Remote_Area,411,Web,Credit_Card,6,2,5,1,>50,13.7,0.0,0.0,0.0,-1,-1,0.0,0.0,0.0,0.0,0.0,0.0,0,0,0.0,0.0,0,0,0.0,0.0,0,0,0.0,0.0,0,0,0.0,0
LGS2ORD0004833,C010337,2025-02-08 06:00:00,Male,56,Bronze,TV,Chonburi,1292,CallCenter,Bank_Transfer,6,2,5,1,>50,43.06666666666667,0.0,0.0,0.0,-1,-1,0.0,0.0,0.0,0.0,0.0,0.0,0,0,0.0,0.0,0,0,0.0,0.0,0,0,0.0,0.0,0,0,0.0,0
LGS2ORD0004834,C013937,2025-02-08 07:00:00,Male,40,Silver,Lazada,Khon Kaen,794,Shopee,COD,7,2,5,1,30-40,26.466666666666665,2.0,0.0,0.0,-1,2,9629.16,0.3,1.0,0.5,0.0,18350.79,1,0,0.0,19258.32,2,0,0.0,19258.32,2,0,0.0,19258.32,2,0,0.0,0
LGS2ORD0004835,C014047,2025-02-08 07:00:00,Male,43,Gold,Web,Nakhon Ratchasima,1163,Shopee,PromptPay,7,2,5,1,40-50,38.766666666666666,1.0,0.0,0.0,-1,19,461.58,0.2299999999999999,1.0,1.0,0.0,0.0,0,0,0.0,461.58,1,0,0.0,461.58,1,0,0.0,461.58,1,0,0.0,0
LGS2ORD0004836,C011272,2025-02-08 07:00:00,Other,43,Gold,Lazada,Khon Kaen,1333,TV_Show,PromptPay,7,2,5,1,40-50,44.43333333333333,0.0,0.0,0.0,-1,-1,0.0,0.0,0.0,0.0,0.0,0.0,0,0,0.0,0.0,0,0,0.0,0.0,0,0,0.0,0.0,0,0,0.0,0
LGS2ORD0004837,C011137,2025-02-08 07:00:00,Female,26,Platinum,Web,Khon Kaen,1491,Web,COD,7,2,5,1,20-30,49.7,0.0,0.0,0.0,-1,-1,0.0,0.0,0.0,0.0,0.0,0.0,0,0,0.0,0.0,0,0,0.0,0.0,0,0,0.0,0.0,0,0,0.0,1
LGS2ORD0004838,C017045,2025-02-08 07:00:00,Female,18,Bronze,TV,Remote_Area,1099,Web,Credit_Card,7,2,5,1,<20,36.63333333333333,0.0,0.0,0.0,-1,-1,0.0,0.0,0.0,0.0,0.0,0.0,0,0,0.0,0.0,0,0,0.0,0.0,0,0,0.0,0.0,0,0,0.0,0
LGS2ORD0004839,C017038,2025-02-08 08:00:00,Male,39,Gold,CallCenter,Phuket,556,Shopee,COD,8,2,5,1,30-40,18.533333333333335,0.0,0.0,0.0,-1,-1,0.0,0.0,0.0,0.0,0.0,0.0,0,0,0.0,0.0,0,0,0.0,0.0,0,0,0.0,0.0,0,0,0.0,1
LGS2ORD0004840,C017982,2025-02-08 08:00:00,Male,46,Bronze,Web,Nakhon Ratchasima,1110,Shopee,Credit_Card,8,2,5,1,40-50,37.0,0.0,0.0,0.0,-1,-1,0.0,0.0,0.0,0.0,0.0,0.0,0,0,0.0,0.0,0,0,0.0,0.0,0,0,0.0,0.0,0,0,0.0,1
LGS2ORD0004841,C016365,2025-02-08 08:00:00,Male,43,Bronze,TV,Khon Kaen,1213,Lazada,COD,8,2,5,1,40-50,40.43333333333333,1.0,1.0,1.0,30,38,14001.26,0.03,1.0,0.0,0.0,0.0,0,0,0.0,0.0,0,0,0.0,14001.26,1,1,1.0,14001.26,1,1,1.0,0
LGS2ORD0004842,C010690,2025-02-08 08:00:00,Male,52,Gold,Lazada,Songkhla,1031,CallCenter,COD,8,2,5,1,>50,34.36666666666667,0.0,0.0,0.0,-1,-1,0.0,0.0,0.0,0.0,0.0,0.0,0,0,0.0,0.0,0,0,0.0,0.0,0,0,0.0,0.0,0,0,0.0,0
LGS2ORD0004843,C011713,2025-02-08 08:00:00,Male,57,Platinum,Shopee,Khon Kaen,601,CallCenter,COD,8,2,5,1,>50,20.033333333333335,1.0,1.0,1.0,18,23,9394.91,0.25,0.0,1.0,0.0,0.0,0,0,0.0,9394.91,1,1,1.0,9394.91,1,1,1.0,9394.91,1,1,1.0,1
LGS2ORD0004844,C014349,2025-02-08 08:00:00,Female,60,Platinum,CallCenter,Chiang Mai,1219,TV_Show,COD,8,2,5,1,>50,40.63333333333333,0.0,0.0,0.0,-1,-1,0.0,0.0,0.0,0.0,0.0,0.0,0,0,0.0,0.0,0,0,0.0,0.0,0,0,0.0,0.0,0,0,0.0,0
LGS2ORD0004845,C012940,2025-02-08 09:00:00,Male,40,Bronze,Shopee,Chonburi,975,Shopee,PromptPay,9,2,5,1,30-40,32.5,1.0,0.0,0.0,-1,1,2327.57,0.18,0.0,0.0,0.0,2327.57,1,0,0.0,2327.57,1,0,0.0,2327.57,1,0,0.0,2327.57,1,0,0.0,0
LGS2ORD0004846,C014022,2025-02-08 09:00:00,Female,45,Silver,Web,Nakhon Ratchasima,1262,Web,COD,9,2,5,1,40-50,42.06666666666667,1.0,1.0,1.0,25,37,540.18,0.2,1.0,0.0,0.0,0.0,0,0,0.0,0.0,0,0,0.0,540.18,1,1,1.0,540.18,1,1,1.0,1
LGS2ORD0004847,C013708,2025-02-08 09:00:00,Female,18,Silver,Shopee,Bangkok,255,Lazada,COD,9,2,5,1,<20,8.5,0.0,0.0,0.0,-1,-1,0.0,0.0,0.0,0.0,0.0,0.0,0,0,0.0,0.0,0,0,0.0,0.0,0,0,0.0,0.0,0,0,0.0,0
LGS2ORD0004848,C011967,2025-02-08 09:00:00,Female,29,Gold,Web,Bangkok,404,Lazada,PromptPay,9,2,5,1,20-30,13.466666666666667,2.0,0.0,0.0,-1,14,5642.035,0.33,0.5,0.5,0.0,0.0,0,0,0.0,1668.87,1,0,0.0,11284.07,2,0,0.0,11284.07,2,0,0.0,0
LGS2ORD0004849,C015887,2025-02-08 09:00:00,Female,47,Silver,Lazada,Bangkok,116,Web,Credit_Card,9,2,5,1,40-50,3.8666666666666667,0.0,0.0,0.0,-1,-1,0.0,0.0,0.0,0.0,0.0,0.0,0,0,0.0,0.0,0,0,0.0,0.0,0,0,0.0,0.0,0,0,0.0,0
LGS2ORD0004850,C011536,2025-02-08 10:00:00,Male,34,Bronze,Lazada,Bangkok,1296,Web,COD,10,2,5,1,30-40,43.2,1.0,0.0,0.0,-1,2,1510.79,0.08,1.0,0.0,0.0,1510.79,1,0,0.0,1510.79,1,0,0.0,1510.79,1,0,0.0,1510.79,1,0,0.0,1
LGS2ORD0004851,C016403,2025-02-08 10:00:00,Male,39,Silver,TV,Khon Kaen,1085,Lazada,COD,10,2,5,1,30-40,36.166666666666664,1.0,0.0,0.0,-1,13,1422.73,0.1,1.0,0.0,0.0,0.0,0,0,0.0,1422.73,1,0,0.0,1422.73,1,0,0.0,1422.73,1,0,0.0,0
LGS2ORD0004852,C010349,2025-02-08 10:00:00,Male,51,Silver,Shopee,Nakhon Ratchasima,824,Lazada,COD,10,2,5,1,>50,27.466666666666665,0.0,0.0,0.0,-1,-1,0.0,0.0,0.0,0.0,0.0,0.0,0,0,0.0,0.0,0,0,0.0,0.0,0,0,0.0,0.0,0,0,0.0,0
LGS2ORD0004853,C011647,2025-02-08 10:00:00,Female,40,Bronze,Lazada,Remote_Area,766,Web,COD,10,2,5,1,30-40,25.533333333333335,0.0,0.0,0.0,-1,-1,0.0,0.0,0.0,0.0,0.0,0.0,0,0,0.0,0.0,0,0,0.0,0.0,0,0,0.0,0.0,0,0,0.0,0
LGS2ORD0004854,C016094,2025-02-08 10:00:00,Female,32,Gold,CallCenter,Phuket,87,Lazada,COD,10,2,5,1,30-40,2.9,1.0,0.0,0.0,-1,26,3501.81,0.2299999999999999,1.0,1.0,0.0,0.0,0,0,0.0,3501.81,1,0,0.0,3501.81,1,0,0.0,3501.81,1,0,0.0,0
LGS2ORD0004855,C015669,2025-02-08 11:00:00,Female,24,Bronze,Web,Bangkok,1496,Lazada,Credit_Card,11,2,5,1,20-30,49.86666666666667,0.0,0.0,0.0,-1,-1,0.0,0.0,0.0,0.0,0.0,0.0,0,0,0.0,0.0,0,0,0.0,0.0,0,0,0.0,0.0,0,0,0.0,0
LGS2ORD0004856,C017982,2025-02-08 11:00:00,Male,46,Bronze,Web,Nakhon Ratchasima,1110,Web,PromptPay,11,2,5,1,40-50,37.0,1.0,1.0,1.0,-5,0,675.64,0.23,0.0,1.0,0.0,675.64,1,1,1.0,675.64,1,1,1.0,675.64,1,1,1.0,675.64,1,1,1.0,0
LGS2ORD0004857,C017725,2025-02-08 11:00:00,Female,59,Bronze,Web,Khon Kaen,977,Web,COD,11,2,5,1,>50,32.56666666666667,1.0,0.0,0.0,-1,1,26410.62,0.03,1.0,0.0,0.0,26410.62,1,0,0.0,26410.62,1,0,0.0,26410.62,1,0,0.0,26410.62,1,0,0.0,0
LGS2ORD0004858,C015689,2025-02-08 11:00:00,Male,36,Silver,Shopee,Songkhla,833,TV_Show,COD,11,2,5,1,30-40,27.766666666666666,0.0,0.0,0.0,-1,-1,0.0,0.0,0.0,0.0,0.0,0.0,0,0,0.0,0.0,0,0,0.0,0.0,0,0,0.0,0.0,0,0,0.0,1
LGS2ORD0004859,C016221,2025-02-08 11:00:00,Female,28,Bronze,TV,Remote_Area,1301,Shopee,Bank_Transfer,11,2,5,1,20-30,43.36666666666667,1.0,1.0,1.0,18,25,1638.51,0.23,1.0,1.0,0.0,0.0,0,0,0.0,1638.51,1,1,1.0,1638.51,1,1,1.0,1638.51,1,1,1.0,0
LGS2ORD0004860,C017365,2025-02-08 12:00:00,Female,42,Gold,Shopee,Bangkok,235,TV_Show,COD,12,2,5,1,40-50,7.833333333333333,1.0,0.0,0.0,-1,23,3866.23,0.2299999999999999,0.0,1.0,0.0,0.0,0,0,0.0,3866.23,1,0,0.0,3866.23,1,0,0.0,3866.23,1,0,0.0,1
LGS2ORD0004861,C011746,2025-02-08 12:00:00,Other,27,Gold,Shopee,Bangkok,629,TV_Show,COD,12,2,5,1,20-30,20.966666666666665,1.0,0.0,0.0,-1,36,16046.57,0.08,1.0,0.0,0.0,0.0,0,0,0.0,0.0,0,0,0.0,16046.57,1,0,0.0,16046.57,1,0,0.0,0
LGS2ORD0004862,C013266,2025-02-08 12:00:00,Female,31,Gold,TV,Bangkok,1088,TV_Show,COD,12,2,5,1,30-40,36.266666666666666,1.0,0.0,0.0,-1,3,12600.16,0.08,0.0,0.0,0.0,12600.16,1,0,0.0,12600.16,1,0,0.0,12600.16,1,0,0.0,12600.16,1,0,0.0,0
LGS2ORD0004863,C016361,2025-02-08 12:00:00,Female,34,Silver,Web,Bangkok,60,Web,Bank_Transfer,12,2,5,1,30-40,2.0,0.0,0.0,0.0,-1,-1,0.0,0.0,0.0,0.0,0.0,0.0,0,0,0.0,0.0,0,0,0.0,0.0,0,0,0.0,0.0,0,0,0.0,0
LGS2ORD0004864,C016647,2025-02-08 12:00:00,Male,39,Bronze,TV,Remote_Area,379,Web,COD,12,2,5,1,30-40,12.633333333333333,0.0,0.0,0.0,-1,-1,0.0,0.0,0.0,0.0,0.0,0.0,0,0,0.0,0.0,0,0,0.0,0.0,0,0,0.0,0.0,0,0,0.0,1
LGS2ORD0004865,C017588,2025-02-08 12:00:00,Female,44,Bronze,CallCenter,Phuket,264,Shopee,Credit_Card,12,2,5,1,40-50,8.8,0.0,0.0,0.0,-1,-1,0.0,0.0,0.0,0.0,0.0,0.0,0,0,0.0,0.0,0,0,0.0,0.0,0,0,0.0,0.0,0,0,0.0,0
LGS2ORD0004866,C017784,2025-02-08 13:00:00,Female,47,Bronze,TV,Remote_Area,120,TV_Show,PromptPay,13,2,5,1,40-50,4.0,2.0,1.0,0.5,10,18,5501.795,0.23,0.0,0.5,0.0,0.0,0,0,0.0,10286.08,1,1,1.0,11003.59,2,1,0.5,11003.59,2,1,0.5,1
LGS2ORD0004867,C012664,2025-02-08 13:00:00,Female,64,Silver,Shopee,Chiang Mai,328,CallCenter,Credit_Card,13,2,5,1,>50,10.933333333333334,0.0,0.0,0.0,-1,-1,0.0,0.0,0.0,0.0,0.0,0.0,0,0,0.0,0.0,0,0,0.0,0.0,0,0,0.0,0.0,0,0,0.0,0
LGS2ORD0004868,C012383,2025-02-08 13:00:00,Female,48,Gold,Shopee,Bangkok,1308,Lazada,COD,13,2,5,1,40-50,43.6,0.0,0.0,0.0,-1,-1,0.0,0.0,0.0,0.0,0.0,0.0,0,0,0.0,0.0,0,0,0.0,0.0,0,0,0.0,0.0,0,0,0.0,0
LGS2ORD0004869,C010695,2025-02-08 13:00:00,Male,55,Bronze,Web,Songkhla,72,Lazada,Credit_Card,13,2,5,1,>50,2.4,1.0,0.0,0.0,-1,21,8904.27,0.08,1.0,0.0,0.0,0.0,0,0,0.0,8904.27,1,0,0.0,8904.27,1,0,0.0,8904.27,1,0,0.0,0
LGS2ORD0004870,C011810,2025-02-08 13:00:00,Male,55,Bronze,TV,Phuket,1480,Lazada,Credit_Card,13,2,5,1,>50,49.333333333333336,0.0,0.0,0.0,-1,-1,0.0,0.0,0.0,0.0,0.0,0.0,0,0,0.0,0.0,0,0,0.0,0.0,0,0,0.0,0.0,0,0,0.0,0
LGS2ORD0004871,C011885,2025-02-08 14:00:00,Male,49,Silver,Shopee,Khon Kaen,90,Web,Credit_Card,14,2,5,1,40-50,3.0,0.0,0.0,0.0,-1,-1,0.0,0.0,0.0,0.0,0.0,0.0,0,0,0.0,0.0,0,0,0.0,0.0,0,0,0.0,0.0,0,0,0.0,0
LGS2ORD0004872,C010699,2025-02-08 14:00:00,Female,34,Platinum,Shopee,Bangkok,550,TV_Show,PromptPay,14,2,5,1,30-40,18.333333333333332,0.0,0.0,0.0,-1,-1,0.0,0.0,0.0,0.0,0.0,0.0,0,0,0.0,0.0,0,0,0.0,0.0,0,0,0.0,0.0,0,0,0.0,0
LGS2ORD0004873,C015545,2025-02-08 14:00:00,Female,49,Bronze,TV,Remote_Area,554,Lazada,Credit_Card,14,2,5,1,40-50,18.466666666666665,0.0,0.0,0.0,-1,-1,0.0,0.0,0.0,0.0,0.0,0.0,0,0,0.0,0.0,0,0,0.0,0.0,0,0,0.0,0.0,0,0,0.0,1
LGS2ORD0004874,C015018,2025-02-08 14:00:00,Male,37,Gold,TV,Phuket,1421,Lazada,COD,14,2,5,1,30-40,47.36666666666667,1.0,0.0,0.0,-1,9,2974.59,0.18,0.0,0.0,0.0,0.0,0,0,0.0,2974.59,1,0,0.0,2974.59,1,0,0.0,2974.59,1,0,0.0,0
LGS2ORD0004875,C017054,2025-02-08 14:00:00,Male,29,Bronze,Shopee,Nakhon Ratchasima,405,Shopee,PromptPay,14,2,5,1,20-30,13.5,0.0,0.0,0.0,-1,-1,0.0,0.0,0.0,0.0,0.0,0.0,0,0,0.0,0.0,0,0,0.0,0.0,0,0,0.0,0.0,0,0,0.0,0
LGS2ORD0004876,C015358,2025-02-08 15:00:00,Male,18,Gold,TV,Khon Kaen,992,Shopee,PromptPay,15,2,5,1,<20,33.06666666666667,0.0,0.0,0.0,-1,-1,0.0,0.0,0.0,0.0,0.0,0.0,0,0,0.0,0.0,0,0,0.0,0.0,0,0,0.0,0.0,0,0,0.0,1
LGS2ORD0004877,C011610,2025-02-08 15:00:00,Male,34,Silver,TV,Remote_Area,1208,Web,COD,15,2,5,1,30-40,40.266666666666666,2.0,1.0,0.5,-7,5,1731.295,0.3,1.0,1.0,0.0,2381.2,1,1,1.0,2381.2,1,1,1.0,3462.59,2,1,0.5,3462.59,2,1,0.5,0
LGS2ORD0004878,C010499,2025-02-08 15:00:00,Female,47,Bronze,CallCenter,Phuket,681,CallCenter,Credit_Card,15,2,5,1,40-50,22.7,0.0,0.0,0.0,-1,-1,0.0,0.0,0.0,0.0,0.0,0.0,0,0,0.0,0.0,0,0,0.0,0.0,0,0,0.0,0.0,0,0,0.0,1
LGS2ORD0004879,C016536,2025-02-08 15:00:00,Male,49,Bronze,TV,Remote_Area,652,Shopee,COD,15,2,5,1,40-50,21.733333333333334,0.0,0.0,0.0,-1,-1,0.0,0.0,0.0,0.0,0.0,0.0,0,0,0.0,0.0,0,0,0.0,0.0,0,0,0.0,0.0,0,0,0.0,1
LGS2ORD0004880,C014799,2025-02-08 15:00:00,Female,70,Bronze,TV,Khon Kaen,1024,Web,Bank_Transfer,15,2,5,1,>50,34.13333333333333,1.0,0.0,0.0,-1,30,847.68,0.03,0.0,0.0,0.0,0.0,0,0,0.0,0.0,0,0,0.0,847.68,1,0,0.0,847.68,1,0,0.0,0
LGS2ORD0004881,C015604,2025-02-08 16:00:00,Female,47,Bronze,Web,Nakhon Ratchasima,354,Shopee,Bank_Transfer,16,2,5,1,40-50,11.8,1.0,0.0,0.0,-1,6,2053.22,0.18,1.0,0.0,0.0,2053.22,1,0,0.0,2053.22,1,0,0.0,2053.22,1,0,0.0,2053.22,1,0,0.0,0
LGS2ORD0004882,C012131,2025-02-08 16:00:00,Male,53,Bronze,Lazada,Remote_Area,1419,CallCenter,COD,16,2,5,1,>50,47.3,1.0,0.0,0.0,-1,6,7020.09,0.18,0.0,0.0,0.0,7020.09,1,0,0.0,7020.09,1,0,0.0,7020.09,1,0,0.0,7020.09,1,0,0.0,1
LGS2ORD0004883,C012883,2025-02-08 16:00:00,Female,41,Gold,TV,Khon Kaen,593,Shopee,COD,16,2,5,1,40-50,19.766666666666666,1.0,0.0,0.0,-1,15,3199.17,0.28,0.0,1.0,0.0,0.0,0,0,0.0,3199.17,1,0,0.0,3199.17,1,0,0.0,3199.17,1,0,0.0,0
LGS2ORD0004884,C017209,2025-02-08 16:00:00,Male,41,Silver,Shopee,Bangkok,944,TV_Show,PromptPay,16,2,5,1,40-50,31.466666666666665,0.0,0.0,0.0,-1,-1,0.0,0.0,0.0,0.0,0.0,0.0,0,0,0.0,0.0,0,0,0.0,0.0,0,0,0.0,0.0,0,0,0.0,1
LGS2ORD0004885,C014703,2025-02-08 16:00:00,Female,41,Silver,TV,Nakhon Ratchasima,1470,TV_Show,COD,16,2,5,1,40-50,49.0,1.0,1.0,1.0,-9,3,3190.39,0.2,0.0,0.0,0.0,3190.39,1,1,1.0,3190.39,1,1,1.0,3190.39,1,1,1.0,3190.39,1,1,1.0,0
LGS2ORD0004886,C010766,2025-02-08 16:00:00,Female,42,Bronze,Shopee,Chiang Mai,632,Shopee,COD,16,2,5,1,40-50,21.066666666666666,0.0,0.0,0.0,-1,-1,0.0,0.0,0.0,0.0,0.0,0.0,0,0,0.0,0.0,0,0,0.0,0.0,0,0,0.0,0.0,0,0,0.0,1
LGS2ORD0004887,C014654,2025-02-08 17:00:00,Female,42,Gold,TV,Nakhon Ratchasima,752,Web,COD,17,2,5,1,40-50,25.066666666666666,0.0,0.0,0.0,-1,-1,0.0,0.0,0.0,0.0,0.0,0.0,0,0,0.0,0.0,0,0,0.0,0.0,0,0,0.0,0.0,0,0,0.0,0
LGS2ORD0004888,C012830,2025-02-08 17:00:00,Male,42,Bronze,TV,Khon Kaen,1044,Web,Credit_Card,17,2,5,1,40-50,34.8,0.0,0.0,0.0,-1,-1,0.0,0.0,0.0,0.0,0.0,0.0,0,0,0.0,0.0,0,0,0.0,0.0,0,0,0.0,0.0,0,0,0.0,0
LGS2ORD0004889,C016800,2025-02-08 17:00:00,Female,34,Bronze,TV,Bangkok,651,CallCenter,Credit_Card,17,2,5,1,30-40,21.7,0.0,0.0,0.0,-1,-1,0.0,0.0,0.0,0.0,0.0,0.0,0,0,0.0,0.0,0,0,0.0,0.0,0,0,0.0,0.0,0,0,0.0,0
LGS2ORD0004890,C016265,2025-02-08 17:00:00,Male,39,Silver,Lazada,Bangkok,1156,CallCenter,COD,17,2,5,1,30-40,38.53333333333333,0.0,0.0,0.0,-1,-1,0.0,0.0,0.0,0.0,0.0,0.0,0,0,0.0,0.0,0,0,0.0,0.0,0,0,0.0,0.0,0,0,0.0,0
LGS2ORD0004891,C012494,2025-02-08 17:00:00,Male,56,Bronze,Web,Songkhla,1384,Shopee,Credit_Card,17,2,5,1,>50,46.13333333333333,1.0,1.0,1.0,12,20,2065.74,0.18,1.0,0.0,0.0,0.0,0,0,0.0,2065.74,1,1,1.0,2065.74,1,1,1.0,2065.74,1,1,1.0,0
LGS2ORD0004892,C016213,2025-02-08 18:00:00,Male,42,Silver,TV,Songkhla,257,Shopee,Credit_Card,18,2,5,1,40-50,8.566666666666666,0.0,0.0,0.0,-1,-1,0.0,0.0,0.0,0.0,0.0,0.0,0,0,0.0,0.0,0,0,0.0,0.0,0,0,0.0,0.0,0,0,0.0,0
LGS2ORD0004893,C012920,2025-02-08 18:00:00,Male,32,Gold,CallCenter,Phuket,1018,Lazada,Credit_Card,18,2,5,1,30-40,33.93333333333333,2.0,0.0,0.0,-1,21,5736.985,0.2299999999999999,0.5,0.5,0.0,0.0,0,0,0.0,11473.97,2,0,0.0,11473.97,2,0,0.0,11473.97,2,0,0.0,0
LGS2ORD0004894,C013853,2025-02-08 18:00:00,Female,41,Bronze,TV,Khon Kaen,174,Web,PromptPay,18,2,5,1,40-50,5.8,0.0,0.0,0.0,-1,-1,0.0,0.0,0.0,0.0,0.0,0.0,0,0,0.0,0.0,0,0,0.0,0.0,0,0,0.0,0.0,0,0,0.0,1
LGS2ORD0004895,C010830,2025-02-08 18:00:00,Male,35,Silver,TV,Chonburi,499,TV_Show,COD,18,2,5,1,30-40,16.633333333333333,0.0,0.0,0.0,-1,-1,0.0,0.0,0.0,0.0,0.0,0.0,0,0,0.0,0.0,0,0,0.0,0.0,0,0,0.0,0.0,0,0,0.0,0
LGS2ORD0004896,C013419,2025-02-08 18:00:00,Female,41,Bronze,TV,Bangkok,1111,Lazada,Credit_Card,18,2,5,1,40-50,37.03333333333333,0.0,0.0,0.0,-1,-1,0.0,0.0,0.0,0.0,0.0,0.0,0,0,0.0,0.0,0,0,0.0,0.0,0,0,0.0,0.0,0,0,0.0,0
LGS2ORD0004897,C016210,2025-02-08 19:00:00,Female,37,Silver,TV,Chonburi,835,Web,COD,19,2,5,1,30-40,27.833333333333332,0.0,0.0,0.0,-1,-1,0.0,0.0,0.0,0.0,0.0,0.0,0,0,0.0,0.0,0,0,0.0,0.0,0,0,0.0,0.0,0,0,0.0,0
LGS2ORD0004898,C010979,2025-02-08 19:00:00,Male,60,Bronze,Lazada,Khon Kaen,372,Shopee,Bank_Transfer,19,2,5,1,>50,12.4,3.0,0.0,0.0,-1,21,2892.5066666666667,0.13,0.0,0.0,0.0,0.0,0,0,0.0,8677.52,3,0,0.0,8677.52,3,0,0.0,8677.52,3,0,0.0,0
LGS2ORD0004899,C010017,2025-02-08 19:00:00,Male,50,Silver,TV,Phuket,620,TV_Show,PromptPay,19,2,5,1,40-50,20.666666666666668,0.0,0.0,0.0,-1,-1,0.0,0.0,0.0,0.0,0.0,0.0,0,0,0.0,0.0,0,0,0.0,0.0,0,0,0.0,0.0,0,0,0.0,1
LGS2ORD0004900,C015483,2025-02-08 19:00:00,Female,36,Bronze,CallCenter,Bangkok,1222,Lazada,COD,19,2,5,1,30-40,40.733333333333334,1.0,0.0,0.0,-1,2,4544.49,0.08,1.0,0.0,0.0,4544.49,1,0,0.0,4544.49,1,0,0.0,4544.49,1,0,0.0,4544.49,1,0,0.0,0
LGS2ORD0004901,C016232,2025-02-08 19:00:00,Male,29,Platinum,TV,Bangkok,819,Lazada,COD,19,2,5,1,20-30,27.3,1.0,1.0,1.0,-12,0,1997.76,0.15,0.0,0.0,0.0,1997.76,1,1,1.0,1997.76,1,1,1.0,1997.76,1,1,1.0,1997.76,1,1,1.0,0
LGS2ORD0004902,C012744,2025-02-08 20:00:00,Female,34,Silver,Lazada,Chonburi,1284,TV_Show,Bank_Transfer,20,2,5,1,30-40,42.8,0.0,0.0,0.0,-1,-1,0.0,0.0,0.0,0.0,0.0,0.0,0,0,0.0,0.0,0,0,0.0,0.0,0,0,0.0,0.0,0,0,0.0,0
LGS2ORD0004903,C017802,2025-02-08 20:00:00,Female,42,Bronze,TV,Remote_Area,1457,Shopee,COD,20,2,5,1,40-50,48.56666666666667,1.0,0.0,0.0,-1,26,9075.62,0.08,1.0,0.0,0.0,0.0,0,0,0.0,9075.62,1,0,0.0,9075.62,1,0,0.0,9075.62,1,0,0.0,0
LGS2ORD0004904,C010442,2025-02-08 20:00:00,Female,49,Gold,Web,Songkhla,413,Shopee,PromptPay,20,2,5,1,40-50,13.766666666666667,1.0,0.0,0.0,-1,36,1654.76,0.08,0.0,0.0,0.0,0.0,0,0,0.0,0.0,0,0,0.0,1654.76,1,0,0.0,1654.76,1,0,0.0,0
LGS2ORD0004905,C013956,2025-02-08 20:00:00,Other,41,Platinum,Lazada,Songkhla,1425,Web,COD,20,2,5,1,40-50,47.5,1.0,0.0,0.0,-1,31,4352.36,0.2,1.0,0.0,0.0,0.0,0,0,0.0,0.0,0,0,0.0,4352.36,1,0,0.0,4352.36,1,0,0.0,0
LGS2ORD0004906,C012611,2025-02-08 20:00:00,Male,55,Gold,Web,Remote_Area,562,Shopee,Credit_Card,20,2,5,1,>50,18.733333333333334,1.0,1.0,1.0,5,15,1751.26,0.2299999999999999,1.0,1.0,0.0,0.0,0,0,0.0,1751.26,1,1,1.0,1751.26,1,1,1.0,1751.26,1,1,1.0,0
LGS2ORD0004907,C015113,2025-02-08 20:00:00,Male,48,Silver,TV,Chiang Mai,1050,Web,COD,20,2,5,1,40-50,35.0,1.0,1.0,1.0,18,21,844.12,0.2,0.0,0.0,0.0,0.0,0,0,0.0,844.12,1,1,1.0,844.12,1,1,1.0,844.12,1,1,1.0,1
LGS2ORD0004908,C010587,2025-02-08 21:00:00,Male,62,Gold,Web,Bangkok,172,Lazada,PromptPay,21,2,5,1,>50,5.733333333333333,1.0,0.0,0.0,-1,30,5363.38,0.13,1.0,0.0,0.0,0.0,0,0,0.0,0.0,0,0,0.0,5363.38,1,0,0.0,5363.38,1,0,0.0,1
LGS2ORD0004909,C012392,2025-02-08 21:00:00,Female,44,Bronze,CallCenter,Songkhla,928,Web,COD,21,2,5,1,40-50,30.933333333333334,0.0,0.0,0.0,-1,-1,0.0,0.0,0.0,0.0,0.0,0.0,0,0,0.0,0.0,0,0,0.0,0.0,0,0,0.0,0.0,0,0,0.0,1
LGS2ORD0004910,C016680,2025-02-08 21:00:00,Other,20,Bronze,CallCenter,Phuket,338,CallCenter,COD,21,2,5,1,<20,11.266666666666667,0.0,0.0,0.0,-1,-1,0.0,0.0,0.0,0.0,0.0,0.0,0,0,0.0,0.0,0,0,0.0,0.0,0,0,0.0,0.0,0,0,0.0,0
LGS2ORD0004911,C015465,2025-02-08 21:00:00,Male,35,Bronze,Web,Chiang Mai,1146,Lazada,Credit_Card,21,2,5,1,30-40,38.2,2.0,0.0,0.0,-1,19,6681.1900000000005,0.23,1.0,0.5,0.0,0.0,0,0,0.0,9975.45,1,0,0.0,13362.380000000001,2,0,0.0,13362.380000000001,2,0,0.0,0
LGS2ORD0004912,C013612,2025-02-08 21:00:00,Female,27,Gold,Lazada,Bangkok,745,Web,Credit_Card,21,2,5,1,20-30,24.833333333333332,0.0,0.0,0.0,-1,-1,0.0,0.0,0.0,0.0,0.0,0.0,0,0,0.0,0.0,0,0,0.0,0.0,0,0,0.0,0.0,0,0,0.0,0
LGS2ORD0004913,C012272,2025-02-08 22:00:00,Male,40,Bronze,Shopee,Chiang Mai,1187,CallCenter,Bank_Transfer,22,2,5,1,30-40,39.56666666666667,0.0,0.0,0.0,-1,-1,0.0,0.0,0.0,0.0,0.0,0.0,0,0,0.0,0.0,0,0,0.0,0.0,0,0,0.0,0.0,0,0,0.0,0
LGS2ORD0004914,C011799,2025-02-08 22:00:00,Female,30,Bronze,Shopee,Khon Kaen,1112,TV_Show,Credit_Card,22,2,5,1,20-30,37.06666666666667,0.0,0.0,0.0,-1,-1,0.0,0.0,0.0,0.0,0.0,0.0,0,0,0.0,0.0,0,0,0.0,0.0,0,0,0.0,0.0,0,0,0.0,0
LGS2ORD0004915,C011513,2025-02-08 22:00:00,Other,35,Bronze,Lazada,Bangkok,1052,CallCenter,COD,22,2,5,1,30-40,35.06666666666667,0.0,0.0,0.0,-1,-1,0.0,0.0,0.0,0.0,0.0,0.0,0,0,0.0,0.0,0,0,0.0,0.0,0,0,0.0,0.0,0,0,0.0,1
LGS2ORD0004916,C015706,2025-02-08 22:00:00,Male,32,Silver,Web,Chonburi,322,Lazada,Credit_Card,22,2,5,1,30-40,10.733333333333333,0.0,0.0,0.0,-1,-1,0.0,0.0,0.0,0.0,0.0,0.0,0,0,0.0,0.0,0,0,0.0,0.0,0,0,0.0,0.0,0,0,0.0,0
LGS2ORD0004917,C011879,2025-02-08 22:00:00,Male,52,Gold,Shopee,Bangkok,951,Web,Credit_Card,22,2,5,1,>50,31.7,2.0,0.0,0.0,-1,24,2091.07,0.33,0.5,0.5,0.0,0.0,0,0,0.0,2179.34,1,0,0.0,4182.14,2,0,0.0,4182.14,2,0,0.0,0
LGS2ORD0004918,C016457,2025-02-08 23:00:00,Female,18,Bronze,CallCenter,Bangkok,979,Web,PromptPay,23,2,5,1,<20,32.63333333333333,1.0,0.0,0.0,-1,38,8097.09,0.23,1.0,1.0,0.0,0.0,0,0,0.0,0.0,0,0,0.0,8097.09,1,0,0.0,8097.09,1,0,0.0,0
LGS2ORD0004919,C015258,2025-02-08 23:00:00,Male,40,Silver,Web,Khon Kaen,1414,CallCenter,COD,23,2,5,1,30-40,47.13333333333333,2.0,0.0,0.0,-1,4,6620.3,0.15,1.0,0.0,0.0,12524.09,1,0,0.0,13240.6,2,0,0.0,13240.6,2,0,0.0,13240.6,2,0,0.0,0
LGS2ORD0004920,C011213,2025-02-08 23:00:00,Female,43,Platinum,TV,Bangkok,1487,Shopee,Credit_Card,23,2,5,1,40-50,49.56666666666667,0.0,0.0,0.0,-1,-1,0.0,0.0,0.0,0.0,0.0,0.0,0,0,0.0,0.0,0,0,0.0,0.0,0,0,0.0,0.0,0,0,0.0,0
LGS2ORD0004921,C017244,2025-02-08 23:00:00,Female,61,Platinum,TV,Bangkok,1395,Shopee,COD,23,2,5,1,>50,46.5,0.0,0.0,0.0,-1,-1,0.0,0.0,0.0,0.0,0.0,0.0,0,0,0.0,0.0,0,0,0.0,0.0,0,0,0.0,0.0,0,0,0.0,0
LGS2ORD0004922,C017949,2025-02-08 23:00:00,Female,41,Gold,Web,Khon Kaen,472,TV_Show,COD,23,2,5,1,40-50,15.733333333333333,2.0,1.0,0.5,19,30,7631.93,0.18,1.0,0.0,0.0,0.0,0,0,0.0,6411.74,1,1,1.0,15263.86,2,1,0.5,15263.86,2,1,0.5,0
LGS2ORD0004923,C011684,2025-02-08 23:00:00,Male,31,Bronze,Web,Khon Kaen,617,Lazada,COD,23,2,5,1,30-40,20.566666666666666,1.0,0.0,0.0,-1,38,6583.99,0.18,0.0,0.0,0.0,0.0,0,0,0.0,0.0,0,0,0.0,6583.99,1,0,0.0,6583.99,1,0,0.0,0
LGS2ORD0004924,C011594,2025-02-09 00:00:00,Female,27,Gold,CallCenter,Bangkok,1378,Lazada,PromptPay,0,2,6,1,20-30,45.93333333333333,1.0,0.0,0.0,-1,15,1920.33,0.2299999999999999,1.0,1.0,0.0,0.0,0,0,0.0,1920.33,1,0,0.0,1920.33,1,0,0.0,1920.33,1,0,0.0,0
LGS2ORD0004925,C016738,2025-02-09 00:00:00,Male,22,Bronze,CallCenter,Bangkok,521,TV_Show,COD,0,2,6,1,20-30,17.366666666666667,0.0,0.0,0.0,-1,-1,0.0,0.0,0.0,0.0,0.0,0.0,0,0,0.0,0.0,0,0,0.0,0.0,0,0,0.0,0.0,0,0,0.0,1
LGS2ORD0004926,C011971,2025-02-09 00:00:00,Female,28,Bronze,TV,Songkhla,1185,Lazada,Credit_Card,0,2,6,1,20-30,39.5,0.0,0.0,0.0,-1,-1,0.0,0.0,0.0,0.0,0.0,0.0,0,0,0.0,0.0,0,0,0.0,0.0,0,0,0.0,0.0,0,0,0.0,1
LGS2ORD0004927,C011033,2025-02-09 00:00:00,Female,45,Bronze,CallCenter,Chonburi,683,Shopee,COD,0,2,6,1,40-50,22.766666666666666,0.0,0.0,0.0,-1,-1,0.0,0.0,0.0,0.0,0.0,0.0,0,0,0.0,0.0,0,0,0.0,0.0,0,0,0.0,0.0,0,0,0.0,1
LGS2ORD0004928,C010091,2025-02-09 00:00:00,Male,69,Bronze,Lazada,Chonburi,1133,Shopee,COD,0,2,6,1,>50,37.766666666666666,0.0,0.0,0.0,-1,-1,0.0,0.0,0.0,0.0,0.0,0.0,0,0,0.0,0.0,0,0,0.0,0.0,0,0,0.0,0.0,0,0,0.0,0
LGS2ORD0004929,C011062,2025-02-09 01:00:00,Male,56,Bronze,Web,Bangkok,327,TV_Show,PromptPay,1,2,6,1,>50,10.9,1.0,1.0,1.0,16,25,4744.64,0.18,1.0,0.0,0.0,0.0,0,0,0.0,4744.64,1,1,1.0,4744.64,1,1,1.0,4744.64,1,1,1.0,0
LGS2ORD0004930,C011441,2025-02-09 01:00:00,Male,38,Bronze,TV,Khon Kaen,1094,Lazada,COD,1,2,6,1,30-40,36.46666666666667,1.0,0.0,0.0,-1,37,34709.08,0.08,1.0,0.0,0.0,0.0,0,0,0.0,0.0,0,0,0.0,34709.08,1,0,0.0,34709.08,1,0,0.0,0
LGS2ORD0004931,C017534,2025-02-09 01:00:00,Female,51,Bronze,Shopee,Chonburi,59,Web,COD,1,2,6,1,>50,1.9666666666666666,1.0,1.0,1.0,-9,2,1419.72,0.28,1.0,1.0,0.0,1419.72,1,1,1.0,1419.72,1,1,1.0,1419.72,1,1,1.0,1419.72,1,1,1.0,0
LGS2ORD0004932,C017635,2025-02-09 01:00:00,Other,19,Bronze,Web,Nakhon Ratchasima,184,TV_Show,Credit_Card,1,2,6,1,<20,6.133333333333334,0.0,0.0,0.0,-1,-1,0.0,0.0,0.0,0.0,0.0,0.0,0,0,0.0,0.0,0,0,0.0,0.0,0,0,0.0,0.0,0,0,0.0,1
LGS2ORD0004933,C013622,2025-02-09 01:00:00,Female,48,Bronze,Shopee,Nakhon Ratchasima,261,Shopee,COD,1,2,6,1,40-50,8.7,0.0,0.0,0.0,-1,-1,0.0,0.0,0.0,0.0,0.0,0.0,0,0,0.0,0.0,0,0,0.0,0.0,0,0,0.0,0.0,0,0,0.0,0
LGS2ORD0004934,C015352,2025-02-09 02:00:00,Female,18,Gold,Web,Phuket,364,Lazada,Bank_Transfer,2,2,6,1,<20,12.133333333333333,0.0,0.0,0.0,-1,-1,0.0,0.0,0.0,0.0,0.0,0.0,0,0,0.0,0.0,0,0,0.0,0.0,0,0,0.0,0.0,0,0,0.0,1
LGS2ORD0004935,C010139,2025-02-09 02:00:00,Female,51,Silver,TV,Phuket,653,CallCenter,COD,2,2,6,1,>50,21.766666666666666,1.0,1.0,1.0,25,33,286.75,0.15,1.0,0.0,0.0,0.0,0,0,0.0,0.0,0,0,0.0,286.75,1,1,1.0,286.75,1,1,1.0,1
LGS2ORD0004936,C010102,2025-02-09 02:00:00,Female,39,Bronze,Lazada,Chonburi,213,Lazada,Credit_Card,2,2,6,1,30-40,7.1,0.0,0.0,0.0,-1,-1,0.0,0.0,0.0,0.0,0.0,0.0,0,0,0.0,0.0,0,0,0.0,0.0,0,0,0.0,0.0,0,0,0.0,0
LGS2ORD0004937,C011802,2025-02-09 02:00:00,Male,29,Silver,CallCenter,Chiang Mai,118,TV_Show,COD,2,2,6,1,20-30,3.933333333333333,0.0,0.0,0.0,-1,-1,0.0,0.0,0.0,0.0,0.0,0.0,0,0,0.0,0.0,0,0,0.0,0.0,0,0,0.0,0.0,0,0,0.0,0
LGS2ORD0004938,C012196,2025-02-09 02:00:00,Male,48,Silver,Web,Khon Kaen,1151,Web,COD,2,2,6,1,40-50,38.36666666666667,0.0,0.0,0.0,-1,-1,0.0,0.0,0.0,0.0,0.0,0.0,0,0,0.0,0.0,0,0,0.0,0.0,0,0,0.0,0.0,0,0,0.0,0
LGS2ORD0004939,C011168,2025-02-09 03:00:00,Male,45,Bronze,Lazada,Bangkok,66,Shopee,COD,3,2,6,1,40-50,2.2,1.0,0.0,0.0,-1,34,1995.21,0.18,1.0,0.0,0.0,0.0,0,0,0.0,0.0,0,0,0.0,1995.21,1,0,0.0,1995.21,1,0,0.0,0
LGS2ORD0004940,C013259,2025-02-09 03:00:00,Female,58,Silver,TV,Chonburi,363,TV_Show,Credit_Card,3,2,6,1,>50,12.1,0.0,0.0,0.0,-1,-1,0.0,0.0,0.0,0.0,0.0,0.0,0,0,0.0,0.0,0,0,0.0,0.0,0,0,0.0,0.0,0,0,0.0,0
LGS2ORD0004941,C011198,2025-02-09 03:00:00,Male,46,Bronze,Shopee,Chonburi,1452,Web,Credit_Card,3,2,6,1,40-50,48.4,0.0,0.0,0.0,-1,-1,0.0,0.0,0.0,0.0,0.0,0.0,0,0,0.0,0.0,0,0,0.0,0.0,0,0,0.0,0.0,0,0,0.0,0
LGS2ORD0004942,C013723,2025-02-09 03:00:00,Male,23,Bronze,TV,Songkhla,467,TV_Show,Bank_Transfer,3,2,6,1,20-30,15.566666666666666,2.0,0.0,0.0,-1,14,10711.84,0.18,0.5,0.0,0.0,0.0,0,0,0.0,21423.68,2,0,0.0,21423.68,2,0,0.0,21423.68,2,0,0.0,0
LGS2ORD0004943,C012092,2025-02-09 03:00:00,Female,33,Silver,Lazada,Bangkok,162,TV_Show,Credit_Card,3,2,6,1,30-40,5.4,2.0,0.0,0.0,-1,24,4628.88,0.2,0.0,0.0,0.0,0.0,0,0,0.0,6143.67,1,0,0.0,9257.76,2,0,0.0,9257.76,2,0,0.0,0
LGS2ORD0004944,C013882,2025-02-09 03:00:00,Female,40,Silver,Lazada,Bangkok,839,Web,COD,3,2,6,1,30-40,27.966666666666665,0.0,0.0,0.0,-1,-1,0.0,0.0,0.0,0.0,0.0,0.0,0,0,0.0,0.0,0,0,0.0,0.0,0,0,0.0,0.0,0,0,0.0,0
LGS2ORD0004945,C010922,2025-02-09 04:00:00,Male,37,Gold,TV,Phuket,927,Lazada,Bank_Transfer,4,2,6,1,30-40,30.9,0.0,0.0,0.0,-1,-1,0.0,0.0,0.0,0.0,0.0,0.0,0,0,0.0,0.0,0,0,0.0,0.0,0,0,0.0,0.0,0,0,0.0,0
LGS2ORD0004946,C017718,2025-02-09 04:00:00,Female,24,Gold,Shopee,Songkhla,379,TV_Show,Credit_Card,4,2,6,1,20-30,12.633333333333333,3.0,0.0,0.0,-1,2,10248.203333333333,0.2299999999999999,0.0,0.3333333333333333,0.0,821.11,1,0,0.0,821.11,1,0,0.0,30744.61,3,0,0.0,30744.61,3,0,0.0,1
LGS2ORD0004947,C012672,2025-02-09 04:00:00,Male,50,Silver,Shopee,Bangkok,858,Lazada,COD,4,2,6,1,40-50,28.6,0.0,0.0,0.0,-1,-1,0.0,0.0,0.0,0.0,0.0,0.0,0,0,0.0,0.0,0,0,0.0,0.0,0,0,0.0,0.0,0,0,0.0,0
LGS2ORD0004948,C016960,2025-02-09 04:00:00,Female,36,Silver,TV,Bangkok,602,Shopee,Bank_Transfer,4,2,6,1,30-40,20.066666666666666,0.0,0.0,0.0,-1,-1,0.0,0.0,0.0,0.0,0.0,0.0,0,0,0.0,0.0,0,0,0.0,0.0,0,0,0.0,0.0,0,0,0.0,0
LGS2ORD0004949,C013949,2025-02-09 04:00:00,Male,48,Platinum,Lazada,Bangkok,259,CallCenter,COD,4,2,6,1,40-50,8.633333333333333,1.0,0.0,0.0,-1,18,1760.38,0.3,0.0,1.0,0.0,0.0,0,0,0.0,1760.38,1,0,0.0,1760.38,1,0,0.0,1760.38,1,0,0.0,0
LGS2ORD0004950,C015575,2025-02-09 05:00:00,Female,58,Silver,TV,Bangkok,1339,Web,COD,5,2,6,1,>50,44.63333333333333,2.0,1.0,0.5,3,20,4735.2699999999995,0.2,0.5,0.0,0.0,0.0,0,0,0.0,9470.539999999999,2,1,0.5,9470.539999999999,2,1,0.5,9470.539999999999,2,1,0.5,1
LGS2ORD0004951,C012483,2025-02-09 05:00:00,Male,36,Silver,TV,Khon Kaen,1489,Lazada,COD,5,2,6,1,30-40,49.63333333333333,2.0,0.0,0.0,-1,19,2554.7,0.2,0.0,0.0,0.0,0.0,0,0,0.0,5109.4,2,0,0.0,5109.4,2,0,0.0,5109.4,2,0,0.0,1
LGS2ORD0004952,C013529,2025-02-09 05:00:00,Male,29,Bronze,CallCenter,Bangkok,772,Lazada,COD,5,2,6,1,20-30,25.733333333333334,1.0,0.0,0.0,-1,18,3181.33,0.28,1.0,1.0,0.0,0.0,0,0,0.0,3181.33,1,0,0.0,3181.33,1,0,0.0,3181.33,1,0,0.0,0
LGS2ORD0004953,C013045,2025-02-09 05:00:00,Female,56,Bronze,TV,Khon Kaen,388,CallCenter,COD,5,2,6,1,>50,12.933333333333334,0.0,0.0,0.0,-1,-1,0.0,0.0,0.0,0.0,0.0,0.0,0,0,0.0,0.0,0,0,0.0,0.0,0,0,0.0,0.0,0,0,0.0,1
LGS2ORD0004954,C015003,2025-02-09 05:00:00,Male,46,Silver,Web,Chonburi,194,Web,PromptPay,5,2,6,1,40-50,6.466666666666667,0.0,0.0,0.0,-1,-1,0.0,0.0,0.0,0.0,0.0,0.0,0,0,0.0,0.0,0,0,0.0,0.0,0,0,0.0,0.0,0,0,0.0,0
LGS2ORD0004955,C014597,2025-02-09 06:00:00,Female,32,Bronze,CallCenter,Bangkok,924,Lazada,PromptPay,6,2,6,1,30-40,30.8,0.0,0.0,0.0,-1,-1,0.0,0.0,0.0,0.0,0.0,0.0,0,0,0.0,0.0,0,0,0.0,0.0,0,0,0.0,0.0,0,0,0.0,0
LGS2ORD0004956,C016166,2025-02-09 06:00:00,Male,32,Bronze,Lazada,Chiang Mai,926,CallCenter,COD,6,2,6,1,30-40,30.866666666666667,2.0,0.0,0.0,-1,5,2097.675,0.08,0.0,0.0,0.0,2308.57,1,0,0.0,4195.35,2,0,0.0,4195.35,2,0,0.0,4195.35,2,0,0.0,0
LGS2ORD0004957,C013114,2025-02-09 06:00:00,Female,33,Gold,Shopee,Khon Kaen,655,Shopee,Bank_Transfer,6,2,6,1,30-40,21.833333333333332,1.0,0.0,0.0,-1,8,733.4,0.2299999999999999,0.0,1.0,0.0,0.0,0,0,0.0,733.4,1,0,0.0,733.4,1,0,0.0,733.4,1,0,0.0,0
LGS2ORD0004958,C014641,2025-02-09 06:00:00,Male,34,Gold,TV,Khon Kaen,806,Lazada,PromptPay,6,2,6,1,30-40,26.866666666666667,1.0,0.0,0.0,-1,20,1146.18,0.28,0.0,1.0,0.0,0.0,0,0,0.0,1146.18,1,0,0.0,1146.18,1,0,0.0,1146.18,1,0,0.0,0
LGS2ORD0004959,C010236,2025-02-09 06:00:00,Female,32,Bronze,Shopee,Chiang Mai,1280,Web,COD,6,2,6,1,30-40,42.666666666666664,1.0,0.0,0.0,-1,1,1256.09,0.08,1.0,0.0,0.0,1256.09,1,0,0.0,1256.09,1,0,0.0,1256.09,1,0,0.0,1256.09,1,0,0.0,0
LGS2ORD0004960,C010299,2025-02-09 07:00:00,Female,18,Bronze,TV,Chonburi,257,TV_Show,Bank_Transfer,7,2,6,1,<20,8.566666666666666,0.0,0.0,0.0,-1,-1,0.0,0.0,0.0,0.0,0.0,0.0,0,0,0.0,0.0,0,0,0.0,0.0,0,0,0.0,0.0,0,0,0.0,0
LGS2ORD0004961,C011938,2025-02-09 07:00:00,Male,36,Silver,Shopee,Bangkok,1011,CallCenter,COD,7,2,6,1,30-40,33.7,0.0,0.0,0.0,-1,-1,0.0,0.0,0.0,0.0,0.0,0.0,0,0,0.0,0.0,0,0,0.0,0.0,0,0,0.0,0.0,0,0,0.0,1
LGS2ORD0004962,C013130,2025-02-09 07:00:00,Other,56,Gold,CallCenter,Chiang Mai,852,TV_Show,PromptPay,7,2,6,1,>50,28.4,2.0,0.0,0.0,-1,1,6697.195,0.18,1.0,0.0,0.0,3333.15,1,0,0.0,3333.15,1,0,0.0,13394.39,2,0,0.0,13394.39,2,0,0.0,0
LGS2ORD0004963,C012537,2025-02-09 07:00:00,Other,33,Bronze,TV,Bangkok,849,Lazada,PromptPay,7,2,6,1,30-40,28.3,0.0,0.0,0.0,-1,-1,0.0,0.0,0.0,0.0,0.0,0.0,0,0,0.0,0.0,0,0,0.0,0.0,0,0,0.0,0.0,0,0,0.0,1
LGS2ORD0004964,C011503,2025-02-09 07:00:00,Female,72,Bronze,Shopee,Khon Kaen,1370,CallCenter,Bank_Transfer,7,2,6,1,>50,45.666666666666664,1.0,0.0,0.0,-1,9,1250.86,0.23,0.0,1.0,0.0,0.0,0,0,0.0,1250.86,1,0,0.0,1250.86,1,0,0.0,1250.86,1,0,0.0,0
LGS2ORD0004965,C010140,2025-02-09 07:00:00,Female,26,Gold,CallCenter,Songkhla,317,Shopee,COD,7,2,6,1,20-30,10.566666666666666,0.0,0.0,0.0,-1,-1,0.0,0.0,0.0,0.0,0.0,0.0,0,0,0.0,0.0,0,0,0.0,0.0,0,0,0.0,0.0,0,0,0.0,1
LGS2ORD0004966,C017156,2025-02-09 08:00:00,Male,21,Bronze,TV,Nakhon Ratchasima,155,Shopee,PromptPay,8,2,6,1,20-30,5.166666666666667,0.0,0.0,0.0,-1,-1,0.0,0.0,0.0,0.0,0.0,0.0,0,0,0.0,0.0,0,0,0.0,0.0,0,0,0.0,0.0,0,0,0.0,1
LGS2ORD0004967,C017824,2025-02-09 08:00:00,Female,54,Bronze,TV,Phuket,525,Lazada,PromptPay,8,2,6,1,>50,17.5,1.0,0.0,0.0,-1,15,8038.24,0.03,1.0,0.0,0.0,0.0,0,0,0.0,8038.24,1,0,0.0,8038.24,1,0,0.0,8038.24,1,0,0.0,0
LGS2ORD0004968,C010599,2025-02-09 08:00:00,Male,39,Silver,Web,Bangkok,66,TV_Show,Bank_Transfer,8,2,6,1,30-40,2.2,2.0,0.0,0.0,-1,16,3407.265,0.15,0.5,0.0,0.0,0.0,0,0,0.0,6814.53,2,0,0.0,6814.53,2,0,0.0,6814.53,2,0,0.0,0
LGS2ORD0004969,C010010,2025-02-09 08:00:00,Male,35,Silver,Shopee,Chiang Mai,1096,CallCenter,PromptPay,8,2,6,1,30-40,36.53333333333333,0.0,0.0,0.0,-1,-1,0.0,0.0,0.0,0.0,0.0,0.0,0,0,0.0,0.0,0,0,0.0,0.0,0,0,0.0,0.0,0,0,0.0,0
LGS2ORD0004970,C017269,2025-02-09 08:00:00,Female,51,Bronze,Web,Bangkok,1479,TV_Show,COD,8,2,6,1,>50,49.3,2.0,0.0,0.0,-1,16,2902.255,0.23,0.5,0.5,0.0,0.0,0,0,0.0,5804.51,2,0,0.0,5804.51,2,0,0.0,5804.51,2,0,0.0,0
LGS2ORD0004971,C017724,2025-02-09 09:00:00,Male,46,Platinum,TV,Nakhon Ratchasima,869,Lazada,COD,9,2,6,1,40-50,28.966666666666665,1.0,0.0,0.0,-1,10,4147.58,0.15,1.0,0.0,0.0,0.0,0,0,0.0,4147.58,1,0,0.0,4147.58,1,0,0.0,4147.58,1,0,0.0,1
LGS2ORD0004972,C013017,2025-02-09 09:00:00,Female,45,Bronze,TV,Remote_Area,497,Shopee,COD,9,2,6,1,40-50,16.566666666666666,0.0,0.0,0.0,-1,-1,0.0,0.0,0.0,0.0,0.0,0.0,0,0,0.0,0.0,0,0,0.0,0.0,0,0,0.0,0.0,0,0,0.0,0
LGS2ORD0004973,C013223,2025-02-09 09:00:00,Male,44,Platinum,Web,Khon Kaen,359,TV_Show,PromptPay,9,2,6,1,40-50,11.966666666666667,0.0,0.0,0.0,-1,-1,0.0,0.0,0.0,0.0,0.0,0.0,0,0,0.0,0.0,0,0,0.0,0.0,0,0,0.0,0.0,0,0,0.0,0
LGS2ORD0004974,C015640,2025-02-09 09:00:00,Female,52,Silver,TV,Remote_Area,290,Shopee,COD,9,2,6,1,>50,9.666666666666666,1.0,1.0,1.0,0,7,14610.23,0.2,1.0,0.0,0.0,0.0,0,0,0.0,14610.23,1,1,1.0,14610.23,1,1,1.0,14610.23,1,1,1.0,0
LGS2ORD0004975,C015401,2025-02-09 09:00:00,Male,40,Platinum,Lazada,Phuket,756,Lazada,PromptPay,9,2,6,1,30-40,25.2,2.0,1.0,0.5,9,18,1533.97,0.35,0.0,0.5,0.0,0.0,0,0,0.0,2484.5,1,1,1.0,3067.94,2,1,0.5,3067.94,2,1,0.5,0
LGS2ORD0004976,C012891,2025-02-09 10:00:00,Female,42,Bronze,TV,Phuket,526,Web,COD,10,2,6,1,40-50,17.533333333333335,1.0,1.0,1.0,-5,2,5437.01,0.03,0.0,0.0,0.0,5437.01,1,1,1.0,5437.01,1,1,1.0,5437.01,1,1,1.0,5437.01,1,1,1.0,1
LGS2ORD0004977,C012898,2025-02-09 10:00:00,Male,30,Gold,Web,Songkhla,1476,Lazada,COD,10,2,6,1,20-30,49.2,0.0,0.0,0.0,-1,-1,0.0,0.0,0.0,0.0,0.0,0.0,0,0,0.0,0.0,0,0,0.0,0.0,0,0,0.0,0.0,0,0,0.0,1
LGS2ORD0004978,C016504,2025-02-09 10:00:00,Male,51,Platinum,Shopee,Chonburi,739,Web,COD,10,2,6,1,>50,24.633333333333333,1.0,0.0,0.0,-1,15,778.15,0.25,0.0,1.0,0.0,0.0,0,0,0.0,778.15,1,0,0.0,778.15,1,0,0.0,778.15,1,0,0.0,0
LGS2ORD0004979,C014639,2025-02-09 10:00:00,Male,64,Bronze,TV,Remote_Area,911,CallCenter,COD,10,2,6,1,>50,30.366666666666667,2.0,1.0,0.5,0,8,4226.49,0.23,1.0,0.5,0.0,0.0,0,0,0.0,8452.98,2,1,0.5,8452.98,2,1,0.5,8452.98,2,1,0.5,1
LGS2ORD0004980,C016345,2025-02-09 10:00:00,Female,49,Platinum,CallCenter,Nakhon Ratchasima,978,Web,COD,10,2,6,1,40-50,32.6,1.0,0.0,0.0,-1,11,1696.22,0.25,0.0,1.0,0.0,0.0,0,0,0.0,1696.22,1,0,0.0,1696.22,1,0,0.0,1696.22,1,0,0.0,1
LGS2ORD0004981,C010053,2025-02-09 11:00:00,Female,47,Platinum,Shopee,Nakhon Ratchasima,946,TV_Show,Bank_Transfer,11,2,6,1,40-50,31.533333333333335,1.0,0.0,0.0,-1,11,6516.91,0.15,1.0,0.0,0.0,0.0,0,0,0.0,6516.91,1,0,0.0,6516.91,1,0,0.0,6516.91,1,0,0.0,0
LGS2ORD0004982,C015425,2025-02-09 11:00:00,Male,34,Gold,Web,Bangkok,252,Web,PromptPay,11,2,6,1,30-40,8.4,0.0,0.0,0.0,-1,-1,0.0,0.0,0.0,0.0,0.0,0.0,0,0,0.0,0.0,0,0,0.0,0.0,0,0,0.0,0.0,0,0,0.0,0
LGS2ORD0004983,C010838,2025-02-09 11:00:00,Female,28,Gold,TV,Remote_Area,706,TV_Show,COD,11,2,6,1,20-30,23.533333333333335,0.0,0.0,0.0,-1,-1,0.0,0.0,0.0,0.0,0.0,0.0,0,0,0.0,0.0,0,0,0.0,0.0,0,0,0.0,0.0,0,0,0.0,0
LGS2ORD0004984,C011469,2025-02-09 11:00:00,Male,27,Silver,Web,Songkhla,561,TV_Show,COD,11,2,6,1,20-30,18.7,1.0,1.0,1.0,0,14,14328.38,0.05,0.0,0.0,0.0,0.0,0,0,0.0,14328.38,1,1,1.0,14328.38,1,1,1.0,14328.38,1,1,1.0,0
LGS2ORD0004985,C011736,2025-02-09 11:00:00,Male,47,Silver,TV,Nakhon Ratchasima,920,TV_Show,Credit_Card,11,2,6,1,40-50,30.666666666666668,0.0,0.0,0.0,-1,-1,0.0,0.0,0.0,0.0,0.0,0.0,0,0,0.0,0.0,0,0,0.0,0.0,0,0,0.0,0.0,0,0,0.0,0
LGS2ORD0004986,C012960,2025-02-09 11:00:00,Female,50,Gold,TV,Chiang Mai,402,Web,COD,11,2,6,1,40-50,13.4,0.0,0.0,0.0,-1,-1,0.0,0.0,0.0,0.0,0.0,0.0,0,0,0.0,0.0,0,0,0.0,0.0,0,0,0.0,0.0,0,0,0.0,0
LGS2ORD0004987,C011088,2025-02-09 12:00:00,Male,39,Bronze,Web,Chiang Mai,342,Shopee,COD,12,2,6,1,30-40,11.4,1.0,0.0,0.0,-1,20,1890.39,0.23,1.0,1.0,0.0,0.0,0,0,0.0,1890.39,1,0,0.0,1890.39,1,0,0.0,1890.39,1,0,0.0,1
LGS2ORD0004988,C011959,2025-02-09 12:00:00,Male,18,Platinum,Web,Phuket,605,CallCenter,COD,12,2,6,1,<20,20.166666666666668,1.0,0.0,0.0,-1,12,4109.22,0.1,0.0,0.0,0.0,0.0,0,0,0.0,4109.22,1,0,0.0,4109.22,1,0,0.0,4109.22,1,0,0.0,0
LGS2ORD0004989,C017308,2025-02-09 12:00:00,Female,45,Bronze,Shopee,Nakhon Ratchasima,1352,Web,COD,12,2,6,1,40-50,45.06666666666667,0.0,0.0,0.0,-1,-1,0.0,0.0,0.0,0.0,0.0,0.0,0,0,0.0,0.0,0,0,0.0,0.0,0,0,0.0,0.0,0,0,0.0,0
LGS2ORD0004990,C016079,2025-02-09 12:00:00,Female,67,Bronze,TV,Chiang Mai,1169,Lazada,COD,12,2,6,1,>50,38.96666666666667,1.0,0.0,0.0,-1,23,5340.64,0.23,0.0,1.0,0.0,0.0,0,0,0.0,5340.64,1,0,0.0,5340.64,1,0,0.0,5340.64,1,0,0.0,0
LGS2ORD0004991,C011286,2025-02-09 12:00:00,Female,48,Bronze,CallCenter,Khon Kaen,270,Web,Bank_Transfer,12,2,6,1,40-50,9.0,0.0,0.0,0.0,-1,-1,0.0,0.0,0.0,0.0,0.0,0.0,0,0,0.0,0.0,0,0,0.0,0.0,0,0,0.0,0.0,0,0,0.0,0
LGS2ORD0004992,C015489,2025-02-09 13:00:00,Female,28,Gold,Web,Bangkok,198,Lazada,Credit_Card,13,2,6,1,20-30,6.6,1.0,1.0,1.0,0,9,7853.9,0.18,1.0,0.0,0.0,0.0,0,0,0.0,7853.9,1,1,1.0,7853.9,1,1,1.0,7853.9,1,1,1.0,0
LGS2ORD0004993,C014504,2025-02-09 13:00:00,Male,47,Bronze,Shopee,Chonburi,832,Web,Bank_Transfer,13,2,6,1,40-50,27.733333333333334,0.0,0.0,0.0,-1,-1,0.0,0.0,0.0,0.0,0.0,0.0,0,0,0.0,0.0,0,0,0.0,0.0,0,0,0.0,0.0,0,0,0.0,0
LGS2ORD0004994,C013969,2025-02-09 13:00:00,Female,67,Platinum,Web,Chonburi,704,Shopee,COD,13,2,6,1,>50,23.466666666666665,0.0,0.0,0.0,-1,-1,0.0,0.0,0.0,0.0,0.0,0.0,0,0,0.0,0.0,0,0,0.0,0.0,0,0,0.0,0.0,0,0,0.0,1
LGS2ORD0004995,C010054,2025-02-09 13:00:00,Female,24,Silver,Web,Chonburi,381,TV_Show,COD,13,2,6,1,20-30,12.7,0.0,0.0,0.0,-1,-1,0.0,0.0,0.0,0.0,0.0,0.0,0,0,0.0,0.0,0,0,0.0,0.0,0,0,0.0,0.0,0,0,0.0,0
LGS2ORD0004996,C015773,2025-02-09 13:00:00,Male,57,Bronze,Lazada,Bangkok,821,Lazada,COD,13,2,6,1,>50,27.366666666666667,0.0,0.0,0.0,-1,-1,0.0,0.0,0.0,0.0,0.0,0.0,0,0,0.0,0.0,0,0,0.0,0.0,0,0,0.0,0.0,0,0,0.0,0
LGS2ORD0004997,C010359,2025-02-09 14:00:00,Male,54,Bronze,TV,Nakhon Ratchasima,743,TV_Show,COD,14,2,6,1,>50,24.766666666666666,3.0,0.0,0.0,-1,28,11085.183333333334,0.08,1.0,0.0,0.0,0.0,0,0,0.0,3317.23,1,0,0.0,33255.55,3,0,0.0,33255.55,3,0,0.0,1
LGS2ORD0004998,C010580,2025-02-09 14:00:00,Male,38,Silver,Web,Nakhon Ratchasima,640,TV_Show,COD,14,2,6,1,30-40,21.333333333333332,1.0,0.0,0.0,-1,14,292.29,0.25,0.0,1.0,0.0,0.0,0,0,0.0,292.29,1,0,0.0,292.29,1,0,0.0,292.29,1,0,0.0,0
LGS2ORD0004999,C011881,2025-02-09 14:00:00,Male,36,Silver,Web,Nakhon Ratchasima,1250,Web,PromptPay,14,2,6,1,30-40,41.666666666666664,2.0,0.0,0.0,-1,6,7343.335,0.2,0.5,0.0,0.0,5721.83,1,0,0.0,5721.83,1,0,0.0,14686.67,2,0,0.0,14686.67,2,0,0.0,0
LGS2ORD0005000,C016619,2025-02-09 14:00:00,Female,41,Silver,Shopee,Khon Kaen,703,TV_Show,Bank_Transfer,14,2,6,1,40-50,23.433333333333334,2.0,0.0,0.0,-1,11,1594.715,0.3,0.0,1.0,0.0,0.0,0,0,0.0,3189.43,2,0,0.0,3189.43,2,0,0.0,3189.43,2,0,0.0,0
LGS2ORD0005001,C014941,2025-02-09 14:00:00,Male,30,Bronze,TV,Phuket,1050,Lazada,PromptPay,14,2,6,1,20-30,35.0,0.0,0.0,0.0,-1,-1,0.0,0.0,0.0,0.0,0.0,0.0,0,0,0.0,0.0,0,0,0.0,0.0,0,0,0.0,0.0,0,0,0.0,1
LGS2ORD0005002,C016577,2025-02-09 15:00:00,Female,33,Silver,Web,Khon Kaen,1202,Lazada,Bank_Transfer,15,2,6,1,30-40,40.06666666666667,1.0,0.0,0.0,-1,12,2603.76,0.25,0.0,1.0,0.0,0.0,0,0,0.0,2603.76,1,0,0.0,2603.76,1,0,0.0,2603.76,1,0,0.0,0
LGS2ORD0005003,C013588,2025-02-09 15:00:00,Male,45,Bronze,Web,Remote_Area,267,TV_Show,COD,15,2,6,1,40-50,8.9,1.0,0.0,0.0,-1,31,5429.07,0.13,1.0,0.0,0.0,0.0,0,0,0.0,0.0,0,0,0.0,5429.07,1,0,0.0,5429.07,1,0,0.0,1
LGS2ORD0005004,C010784,2025-02-09 15:00:00,Female,51,Silver,Lazada,Khon Kaen,1138,TV_Show,COD,15,2,6,1,>50,37.93333333333333,0.0,0.0,0.0,-1,-1,0.0,0.0,0.0,0.0,0.0,0.0,0,0,0.0,0.0,0,0,0.0,0.0,0,0,0.0,0.0,0,0,0.0,1
LGS2ORD0005005,C013422,2025-02-09 15:00:00,Female,43,Gold,Shopee,Bangkok,198,CallCenter,COD,15,2,6,1,40-50,6.6,1.0,0.0,0.0,-1,28,446.48,0.13,1.0,0.0,0.0,0.0,0,0,0.0,446.48,1,0,0.0,446.48,1,0,0.0,446.48,1,0,0.0,0
LGS2ORD0005006,C013212,2025-02-09 15:00:00,Female,31,Silver,Shopee,Songkhla,851,CallCenter,COD,15,2,6,1,30-40,28.366666666666667,0.0,0.0,0.0,-1,-1,0.0,0.0,0.0,0.0,0.0,0.0,0,0,0.0,0.0,0,0,0.0,0.0,0,0,0.0,0.0,0,0,0.0,0
LGS2ORD0005007,C013619,2025-02-09 15:00:00,Female,41,Silver,Shopee,Khon Kaen,1343,Lazada,Credit_Card,15,2,6,1,40-50,44.766666666666666,1.0,0.0,0.0,-1,12,534.36,0.1,0.0,0.0,0.0,0.0,0,0,0.0,534.36,1,0,0.0,534.36,1,0,0.0,534.36,1,0,0.0,1
LGS2ORD0005008,C015593,2025-02-09 16:00:00,Female,38,Silver,Shopee,Chiang Mai,604,Shopee,COD,16,2,6,1,30-40,20.133333333333333,1.0,0.0,0.0,-1,15,15044.11,0.25,0.0,1.0,0.0,0.0,0,0,0.0,15044.11,1,0,0.0,15044.11,1,0,0.0,15044.11,1,0,0.0,1
LGS2ORD0005009,C016277,2025-02-09 16:00:00,Male,61,Bronze,Shopee,Remote_Area,715,CallCenter,COD,16,2,6,1,>50,23.833333333333332,2.0,0.0,0.0,-1,15,2120.2200000000003,0.23,1.0,0.5,0.0,0.0,0,0,0.0,4240.4400000000005,2,0,0.0,4240.4400000000005,2,0,0.0,4240.4400000000005,2,0,0.0,1
LGS2ORD0005010,C017305,2025-02-09 16:00:00,Male,38,Gold,Web,Khon Kaen,157,TV_Show,COD,16,2,6,1,30-40,5.233333333333333,1.0,0.0,0.0,-1,8,2003.99,0.2299999999999999,0.0,1.0,0.0,0.0,0,0,0.0,2003.99,1,0,0.0,2003.99,1,0,0.0,2003.99,1,0,0.0,1
LGS2ORD0005011,C010390,2025-02-09 16:00:00,Female,47,Bronze,Web,Bangkok,154,Shopee,PromptPay,16,2,6,1,40-50,5.133333333333334,0.0,0.0,0.0,-1,-1,0.0,0.0,0.0,0.0,0.0,0.0,0,0,0.0,0.0,0,0,0.0,0.0,0,0,0.0,0.0,0,0,0.0,0
LGS2ORD0005012,C014167,2025-02-09 16:00:00,Male,28,Bronze,Web,Bangkok,209,TV_Show,COD,16,2,6,1,20-30,6.966666666666667,0.0,0.0,0.0,-1,-1,0.0,0.0,0.0,0.0,0.0,0.0,0,0,0.0,0.0,0,0,0.0,0.0,0,0,0.0,0.0,0,0,0.0,1
LGS2ORD0005013,C011618,2025-02-09 17:00:00,Female,28,Bronze,TV,Remote_Area,418,Shopee,Bank_Transfer,17,2,6,1,20-30,13.933333333333334,1.0,0.0,0.0,-1,39,8745.13,0.08,0.0,0.0,0.0,0.0,0,0,0.0,0.0,0,0,0.0,8745.13,1,0,0.0,8745.13,1,0,0.0,0
LGS2ORD0005014,C015995,2025-02-09 17:00:00,Female,46,Silver,TV,Bangkok,287,Web,Credit_Card,17,2,6,1,40-50,9.566666666666666,0.0,0.0,0.0,-1,-1,0.0,0.0,0.0,0.0,0.0,0.0,0,0,0.0,0.0,0,0,0.0,0.0,0,0,0.0,0.0,0,0,0.0,0
LGS2ORD0005015,C010049,2025-02-09 17:00:00,Male,19,Silver,CallCenter,Nakhon Ratchasima,1360,TV_Show,PromptPay,17,2,6,1,<20,45.333333333333336,0.0,0.0,0.0,-1,-1,0.0,0.0,0.0,0.0,0.0,0.0,0,0,0.0,0.0,0,0,0.0,0.0,0,0,0.0,0.0,0,0,0.0,0
LGS2ORD0005016,C010542,2025-02-09 17:00:00,Male,50,Platinum,CallCenter,Bangkok,531,Web,PromptPay,17,2,6,1,40-50,17.7,0.0,0.0,0.0,-1,-1,0.0,0.0,0.0,0.0,0.0,0.0,0,0,0.0,0.0,0,0,0.0,0.0,0,0,0.0,0.0,0,0,0.0,0
LGS2ORD0005017,C011530,2025-02-09 17:00:00,Male,40,Silver,Web,Bangkok,623,CallCenter,COD,17,2,6,1,30-40,20.766666666666666,1.0,0.0,0.0,-1,18,2320.33,0.1,0.0,0.0,0.0,0.0,0,0,0.0,2320.33,1,0,0.0,2320.33,1,0,0.0,2320.33,1,0,0.0,1
LGS2ORD0005018,C013110,2025-02-09 18:00:00,Male,42,Gold,Web,Bangkok,476,TV_Show,PromptPay,18,2,6,1,40-50,15.866666666666667,0.0,0.0,0.0,-1,-1,0.0,0.0,0.0,0.0,0.0,0.0,0,0,0.0,0.0,0,0,0.0,0.0,0,0,0.0,0.0,0,0,0.0,0
LGS2ORD0005019,C011186,2025-02-09 18:00:00,Female,36,Bronze,Shopee,Bangkok,563,Web,Credit_Card,18,2,6,1,30-40,18.766666666666666,0.0,0.0,0.0,-1,-1,0.0,0.0,0.0,0.0,0.0,0.0,0,0,0.0,0.0,0,0,0.0,0.0,0,0,0.0,0.0,0,0,0.0,0
LGS2ORD0005020,C014578,2025-02-09 18:00:00,Female,45,Gold,Web,Phuket,334,TV_Show,COD,18,2,6,1,40-50,11.133333333333333,0.0,0.0,0.0,-1,-1,0.0,0.0,0.0,0.0,0.0,0.0,0,0,0.0,0.0,0,0,0.0,0.0,0,0,0.0,0.0,0,0,0.0,0
LGS2ORD0005021,C015247,2025-02-09 18:00:00,Female,25,Silver,CallCenter,Chonburi,1112,Web,Credit_Card,18,2,6,1,20-30,37.06666666666667,2.0,0.0,0.0,-1,3,20326.42,0.2,0.5,0.0,0.0,26601.69,1,0,0.0,26601.69,1,0,0.0,40652.84,2,0,0.0,40652.84,2,0,0.0,0
LGS2ORD0005022,C013744,2025-02-09 18:00:00,Male,45,Bronze,CallCenter,Songkhla,213,TV_Show,PromptPay,18,2,6,1,40-50,7.1,1.0,1.0,1.0,-4,7,1993.67,0.13,1.0,0.0,0.0,0.0,0,0,0.0,1993.67,1,1,1.0,1993.67,1,1,1.0,1993.67,1,1,1.0,1
LGS2ORD0005023,C010778,2025-02-09 19:00:00,Female,31,Bronze,TV,Bangkok,1478,Shopee,COD,19,2,6,1,30-40,49.266666666666666,0.0,0.0,0.0,-1,-1,0.0,0.0,0.0,0.0,0.0,0.0,0,0,0.0,0.0,0,0,0.0,0.0,0,0,0.0,0.0,0,0,0.0,0
LGS2ORD0005024,C017902,2025-02-09 19:00:00,Female,43,Gold,TV,Bangkok,762,TV_Show,COD,19,2,6,1,40-50,25.4,2.0,1.0,0.5,-6,3,2934.64,0.33,1.0,1.0,0.0,5869.28,2,1,0.5,5869.28,2,1,0.5,5869.28,2,1,0.5,5869.28,2,1,0.5,0
LGS2ORD0005025,C013925,2025-02-09 19:00:00,Male,59,Bronze,TV,Bangkok,1075,Web,PromptPay,19,2,6,1,>50,35.833333333333336,1.0,0.0,0.0,-1,26,2360.76,0.08,1.0,0.0,0.0,0.0,0,0,0.0,2360.76,1,0,0.0,2360.76,1,0,0.0,2360.76,1,0,0.0,0
LGS2ORD0005026,C013163,2025-02-09 19:00:00,Female,48,Bronze,Shopee,Chiang Mai,345,Shopee,COD,19,2,6,1,40-50,11.5,0.0,0.0,0.0,-1,-1,0.0,0.0,0.0,0.0,0.0,0.0,0,0,0.0,0.0,0,0,0.0,0.0,0,0,0.0,0.0,0,0,0.0,1
LGS2ORD0005027,C012926,2025-02-09 19:00:00,Male,18,Bronze,Shopee,Chiang Mai,333,Lazada,Credit_Card,19,2,6,1,<20,11.1,2.0,2.0,1.0,2,7,5157.115,0.23,0.5,1.0,0.0,0.0,0,0,0.0,10314.23,2,2,1.0,10314.23,2,2,1.0,10314.23,2,2,1.0,0
LGS2ORD0005028,C011111,2025-02-09 19:00:00,Female,48,Bronze,Web,Remote_Area,1437,Shopee,COD,19,2,6,1,40-50,47.9,0.0,0.0,0.0,-1,-1,0.0,0.0,0.0,0.0,0.0,0.0,0,0,0.0,0.0,0,0,0.0,0.0,0,0,0.0,0.0,0,0,0.0,1
LGS2ORD0005029,C013980,2025-02-09 20:00:00,Male,54,Bronze,Shopee,Phuket,799,TV_Show,Credit_Card,20,2,6,1,>50,26.633333333333333,1.0,0.0,0.0,-1,32,7679.19,0.28,1.0,1.0,0.0,0.0,0,0,0.0,0.0,0,0,0.0,7679.19,1,0,0.0,7679.19,1,0,0.0,1
LGS2ORD0005030,C015034,2025-02-09 20:00:00,Female,31,Bronze,Shopee,Bangkok,1383,Shopee,Credit_Card,20,2,6,1,30-40,46.1,0.0,0.0,0.0,-1,-1,0.0,0.0,0.0,0.0,0.0,0.0,0,0,0.0,0.0,0,0,0.0,0.0,0,0,0.0,0.0,0,0,0.0,0
LGS2ORD0005031,C013167,2025-02-09 20:00:00,Female,30,Gold,CallCenter,Bangkok,1309,CallCenter,COD,20,2,6,1,20-30,43.63333333333333,0.0,0.0,0.0,-1,-1,0.0,0.0,0.0,0.0,0.0,0.0,0,0,0.0,0.0,0,0,0.0,0.0,0,0,0.0,0.0,0,0,0.0,0
LGS2ORD0005032,C016246,2025-02-09 20:00:00,Female,59,Silver,Shopee,Khon Kaen,821,Lazada,COD,20,2,6,1,>50,27.366666666666667,1.0,1.0,1.0,-6,1,16647.99,0.2,0.0,0.0,0.0,16647.99,1,1,1.0,16647.99,1,1,1.0,16647.99,1,1,1.0,16647.99,1,1,1.0,0
LGS2ORD0005033,C016234,2025-02-09 20:00:00,Male,46,Silver,Web,Bangkok,774,Web,COD,20,2,6,1,40-50,25.8,0.0,0.0,0.0,-1,-1,0.0,0.0,0.0,0.0,0.0,0.0,0,0,0.0,0.0,0,0,0.0,0.0,0,0,0.0,0.0,0,0,0.0,1
LGS2ORD0005034,C016543,2025-02-09 21:00:00,Female,63,Silver,Lazada,Bangkok,221,Web,PromptPay,21,2,6,1,>50,7.366666666666666,0.0,0.0,0.0,-1,-1,0.0,0.0,0.0,0.0,0.0,0.0,0,0,0.0,0.0,0,0,0.0,0.0,0,0,0.0,0.0,0,0,0.0,0
LGS2ORD0005035,C010256,2025-02-09 21:00:00,Female,60,Bronze,Lazada,Chiang Mai,263,TV_Show,Bank_Transfer,21,2,6,1,>50,8.766666666666667,1.0,0.0,0.0,-1,21,1683.01,0.08,1.0,0.0,0.0,0.0,0,0,0.0,1683.01,1,0,0.0,1683.01,1,0,0.0,1683.01,1,0,0.0,0
LGS2ORD0005036,C017587,2025-02-09 21:00:00,Male,19,Gold,TV,Khon Kaen,517,Lazada,COD,21,2,6,1,<20,17.233333333333334,2.0,1.0,0.5,15,23,2307.765,0.28,0.5,0.5,0.0,0.0,0,0,0.0,4615.53,2,1,0.5,4615.53,2,1,0.5,4615.53,2,1,0.5,0
LGS2ORD0005037,C013999,2025-02-09 21:00:00,Female,33,Platinum,Shopee,Khon Kaen,1287,TV_Show,Credit_Card,21,2,6,1,30-40,42.9,1.0,0.0,0.0,-1,13,1867.15,0.1,0.0,0.0,0.0,0.0,0,0,0.0,1867.15,1,0,0.0,1867.15,1,0,0.0,1867.15,1,0,0.0,1
LGS2ORD0005038,C010920,2025-02-09 21:00:00,Male,21,Gold,CallCenter,Bangkok,1152,TV_Show,Credit_Card,21,2,6,1,20-30,38.4,1.0,1.0,1.0,5,21,3469.67,0.28,0.0,1.0,0.0,0.0,0,0,0.0,3469.67,1,1,1.0,3469.67,1,1,1.0,3469.67,1,1,1.0,0
LGS2ORD0005039,C010727,2025-02-09 22:00:00,Male,44,Silver,Web,Khon Kaen,832,TV_Show,COD,22,2,6,1,40-50,27.733333333333334,1.0,0.0,0.0,-1,9,9218.26,0.15,0.0,0.0,0.0,0.0,0,0,0.0,9218.26,1,0,0.0,9218.26,1,0,0.0,9218.26,1,0,0.0,1
LGS2ORD0005040,C015262,2025-02-09 22:00:00,Female,27,Bronze,Lazada,Nakhon Ratchasima,269,Web,Credit_Card,22,2,6,1,20-30,8.966666666666667,0.0,0.0,0.0,-1,-1,0.0,0.0,0.0,0.0,0.0,0.0,0,0,0.0,0.0,0,0,0.0,0.0,0,0,0.0,0.0,0,0,0.0,0
LGS2ORD0005041,C017843,2025-02-09 22:00:00,Female,57,Bronze,Shopee,Bangkok,640,CallCenter,COD,22,2,6,1,>50,21.333333333333332,0.0,0.0,0.0,-1,-1,0.0,0.0,0.0,0.0,0.0,0.0,0,0,0.0,0.0,0,0,0.0,0.0,0,0,0.0,0.0,0,0,0.0,0
LGS2ORD0005042,C012269,2025-02-09 22:00:00,Male,32,Gold,Lazada,Bangkok,1319,TV_Show,Credit_Card,22,2,6,1,30-40,43.96666666666667,1.0,1.0,1.0,4,9,1587.65,0.2299999999999999,0.0,1.0,0.0,0.0,0,0,0.0,1587.65,1,1,1.0,1587.65,1,1,1.0,1587.65,1,1,1.0,0
LGS2ORD0005043,C011228,2025-02-09 22:00:00,Female,55,Silver,Web,Chiang Mai,443,TV_Show,PromptPay,22,2,6,1,>50,14.766666666666667,1.0,0.0,0.0,-1,11,795.24,0.15,0.0,0.0,0.0,0.0,0,0,0.0,795.24,1,0,0.0,795.24,1,0,0.0,795.24,1,0,0.0,0
LGS2ORD0005044,C015097,2025-02-09 22:00:00,Male,46,Silver,Web,Bangkok,365,Web,Credit_Card,22,2,6,1,40-50,12.166666666666666,1.0,1.0,1.0,17,30,35723.31,0.15,1.0,0.0,0.0,0.0,0,0,0.0,0.0,0,0,0.0,35723.31,1,1,1.0,35723.31,1,1,1.0,0
LGS2ORD0005045,C016946,2025-02-09 23:00:00,Male,54,Silver,TV,Phuket,213,TV_Show,COD,23,2,6,1,>50,7.1,1.0,1.0,1.0,12,24,4378.76,0.05,1.0,0.0,0.0,0.0,0,0,0.0,4378.76,1,1,1.0,4378.76,1,1,1.0,4378.76,1,1,1.0,1
LGS2ORD0005046,C012097,2025-02-09 23:00:00,Female,49,Gold,TV,Chiang Mai,1234,Lazada,Credit_Card,23,2,6,1,40-50,41.13333333333333,1.0,0.0,0.0,-1,18,671.26,0.08,1.0,0.0,0.0,0.0,0,0,0.0,671.26,1,0,0.0,671.26,1,0,0.0,671.26,1,0,0.0,0
LGS2ORD0005047,C016024,2025-02-09 23:00:00,Male,30,Bronze,CallCenter,Chiang Mai,523,Shopee,COD,23,2,6,1,20-30,17.433333333333334,0.0,0.0,0.0,-1,-1,0.0,0.0,0.0,0.0,0.0,0.0,0,0,0.0,0.0,0,0,0.0,0.0,0,0,0.0,0.0,0,0,0.0,0
LGS2ORD0005048,C012194,2025-02-09 23:00:00,Female,30,Bronze,TV,Bangkok,853,Shopee,COD,23,2,6,1,20-30,28.433333333333334,0.0,0.0,0.0,-1,-1,0.0,0.0,0.0,0.0,0.0,0.0,0,0,0.0,0.0,0,0,0.0,0.0,0,0,0.0,0.0,0,0,0.0,1
LGS2ORD0005049,C017437,2025-02-09 23:00:00,Female,36,Platinum,CallCenter,Chiang Mai,707,Web,PromptPay,23,2,6,1,30-40,23.566666666666666,0.0,0.0,0.0,-1,-1,0.0,0.0,0.0,0.0,0.0,0.0,0,0,0.0,0.0,0,0,0.0,0.0,0,0,0.0,0.0,0,0,0.0,0
LGS2ORD0005050,C011854,2025-02-10 00:00:00,Male,57,Bronze,CallCenter,Remote_Area,575,TV_Show,COD,0,2,0,0,>50,19.166666666666668,0.0,0.0,0.0,-1,-1,0.0,0.0,0.0,0.0,0.0,0.0,0,0,0.0,0.0,0,0,0.0,0.0,0,0,0.0,0.0,0,0,0.0,1
LGS2ORD0005051,C016716,2025-02-10 00:00:00,Female,48,Silver,Lazada,Bangkok,263,Lazada,Credit_Card,0,2,0,0,40-50,8.766666666666667,1.0,0.0,0.0,-1,5,2100.12,0.05,1.0,0.0,0.0,2100.12,1,0,0.0,2100.12,1,0,0.0,2100.12,1,0,0.0,2100.12,1,0,0.0,0
LGS2ORD0005052,C011718,2025-02-10 00:00:00,Female,45,Gold,CallCenter,Bangkok,1432,TV_Show,PromptPay,0,2,0,0,40-50,47.733333333333334,1.0,0.0,0.0,-1,9,2635.26,0.13,0.0,0.0,0.0,0.0,0,0,0.0,2635.26,1,0,0.0,2635.26,1,0,0.0,2635.26,1,0,0.0,0
LGS2ORD0005053,C014578,2025-02-10 00:00:00,Female,45,Gold,Web,Phuket,335,Shopee,COD,0,2,0,0,40-50,11.166666666666666,1.0,0.0,0.0,-1,0,6081.92,0.08,1.0,0.0,0.0,6081.92,1,0,0.0,6081.92,1,0,0.0,6081.92,1,0,0.0,6081.92,1,0,0.0,0
LGS2ORD0005054,C011875,2025-02-10 00:00:00,Male,43,Bronze,Lazada,Remote_Area,1180,TV_Show,COD,0,2,0,0,40-50,39.333333333333336,1.0,1.0,1.0,18,30,4555.78,0.18,0.0,0.0,0.0,0.0,0,0,0.0,0.0,0,0,0.0,4555.78,1,1,1.0,4555.78,1,1,1.0,1
LGS2ORD0005055,C016352,2025-02-10 01:00:00,Male,50,Bronze,Web,Bangkok,1488,TV_Show,COD,1,2,0,0,40-50,49.6,2.0,0.0,0.0,-1,11,6491.245000000001,0.18,0.0,0.0,0.0,0.0,0,0,0.0,12982.490000000002,2,0,0.0,12982.490000000002,2,0,0.0,12982.490000000002,2,0,0.0,0
LGS2ORD0005056,C010046,2025-02-10 01:00:00,Female,53,Silver,TV,Chonburi,518,Shopee,PromptPay,1,2,0,0,>50,17.266666666666666,1.0,0.0,0.0,-1,9,199.99,0.05,1.0,0.0,0.0,0.0,0,0,0.0,199.99,1,0,0.0,199.99,1,0,0.0,199.99,1,0,0.0,0
LGS2ORD0005057,C012160,2025-02-10 01:00:00,Female,48,Bronze,Lazada,Songkhla,319,Web,Credit_Card,1,2,0,0,40-50,10.633333333333333,1.0,0.0,0.0,-1,32,1176.53,0.18,1.0,0.0,0.0,0.0,0,0,0.0,0.0,0,0,0.0,1176.53,1,0,0.0,1176.53,1,0,0.0,0
LGS2ORD0005058,C016346,2025-02-10 01:00:00,Female,24,Bronze,Shopee,Songkhla,553,TV_Show,COD,1,2,0,0,20-30,18.433333333333334,0.0,0.0,0.0,-1,-1,0.0,0.0,0.0,0.0,0.0,0.0,0,0,0.0,0.0,0,0,0.0,0.0,0,0,0.0,0.0,0,0,0.0,0
LGS2ORD0005059,C010392,2025-02-10 01:00:00,Female,46,Bronze,Shopee,Bangkok,397,Web,COD,1,2,0,0,40-50,13.233333333333333,0.0,0.0,0.0,-1,-1,0.0,0.0,0.0,0.0,0.0,0.0,0,0,0.0,0.0,0,0,0.0,0.0,0,0,0.0,0.0,0,0,0.0,0
LGS2ORD0005060,C010975,2025-02-10 02:00:00,Female,51,Gold,Lazada,Chiang Mai,462,TV_Show,Credit_Card,2,2,0,0,>50,15.4,2.0,1.0,0.5,7,8,2101.305,0.28,0.0,1.0,0.0,0.0,0,0,0.0,4202.61,2,1,0.5,4202.61,2,1,0.5,4202.61,2,1,0.5,0
LGS2ORD0005061,C010214,2025-02-10 02:00:00,Male,44,Silver,Web,Nakhon Ratchasima,576,TV_Show,COD,2,2,0,0,40-50,19.2,0.0,0.0,0.0,-1,-1,0.0,0.0,0.0,0.0,0.0,0.0,0,0,0.0,0.0,0,0,0.0,0.0,0,0,0.0,0.0,0,0,0.0,1
LGS2ORD0005062,C011965,2025-02-10 02:00:00,Male,58,Bronze,Lazada,Bangkok,469,Shopee,COD,2,2,0,0,>50,15.633333333333333,0.0,0.0,0.0,-1,-1,0.0,0.0,0.0,0.0,0.0,0.0,0,0,0.0,0.0,0,0,0.0,0.0,0,0,0.0,0.0,0,0,0.0,0
LGS2ORD0005063,C014771,2025-02-10 02:00:00,Female,40,Gold,TV,Khon Kaen,1230,Web,COD,2,2,0,0,30-40,41.0,0.0,0.0,0.0,-1,-1,0.0,0.0,0.0,0.0,0.0,0.0,0,0,0.0,0.0,0,0,0.0,0.0,0,0,0.0,0.0,0,0,0.0,0
LGS2ORD0005064,C014881,2025-02-10 02:00:00,Female,55,Bronze,TV,Bangkok,618,CallCenter,Bank_Transfer,2,2,0,0,>50,20.6,1.0,0.0,0.0,-1,13,1930.3,0.18,0.0,0.0,0.0,0.0,0,0,0.0,1930.3,1,0,0.0,1930.3,1,0,0.0,1930.3,1,0,0.0,0
LGS2ORD0005065,C011901,2025-02-10 02:00:00,Female,68,Gold,Web,Phuket,103,Shopee,Credit_Card,2,2,0,0,>50,3.433333333333333,1.0,0.0,0.0,-1,21,5279.42,0.2299999999999999,1.0,1.0,0.0,0.0,0,0,0.0,5279.42,1,0,0.0,5279.42,1,0,0.0,5279.42,1,0,0.0,0
LGS2ORD0005066,C013445,2025-02-10 03:00:00,Female,48,Silver,Shopee,Chonburi,362,Web,PromptPay,3,2,0,0,40-50,12.066666666666666,1.0,0.0,0.0,-1,27,1407.85,0.25,0.0,1.0,0.0,0.0,0,0,0.0,1407.85,1,0,0.0,1407.85,1,0,0.0,1407.85,1,0,0.0,0
LGS2ORD0005067,C011052,2025-02-10 03:00:00,Male,42,Silver,TV,Chonburi,603,Shopee,COD,3,2,0,0,40-50,20.1,0.0,0.0,0.0,-1,-1,0.0,0.0,0.0,0.0,0.0,0.0,0,0,0.0,0.0,0,0,0.0,0.0,0,0,0.0,0.0,0,0,0.0,0
LGS2ORD0005068,C016433,2025-02-10 03:00:00,Male,51,Gold,Shopee,Chiang Mai,628,Web,COD,3,2,0,0,>50,20.933333333333334,0.0,0.0,0.0,-1,-1,0.0,0.0,0.0,0.0,0.0,0.0,0,0,0.0,0.0,0,0,0.0,0.0,0,0,0.0,0.0,0,0,0.0,0
LGS2ORD0005069,C014638,2025-02-10 03:00:00,Female,58,Bronze,TV,Bangkok,600,Web,COD,3,2,0,0,>50,20.0,0.0,0.0,0.0,-1,-1,0.0,0.0,0.0,0.0,0.0,0.0,0,0,0.0,0.0,0,0,0.0,0.0,0,0,0.0,0.0,0,0,0.0,1
LGS2ORD0005070,C011002,2025-02-10 03:00:00,Female,53,Gold,TV,Remote_Area,987,Web,COD,3,2,0,0,>50,32.9,1.0,0.0,0.0,-1,29,1745.35,0.2299999999999999,0.0,1.0,0.0,0.0,0,0,0.0,1745.35,1,0,0.0,1745.35,1,0,0.0,1745.35,1,0,0.0,1
LGS2ORD0005071,C015437,2025-02-10 04:00:00,Female,41,Gold,Web,Bangkok,579,TV_Show,COD,4,2,0,0,40-50,19.3,2.0,1.0,0.5,24,30,8308.115,0.28,0.5,0.5,0.0,0.0,0,0,0.0,0.0,0,0,0.0,16616.23,2,1,0.5,16616.23,2,1,0.5,0
LGS2ORD0005072,C014663,2025-02-10 04:00:00,Other,30,Bronze,Web,Chonburi,1242,Web,Credit_Card,4,2,0,0,20-30,41.4,0.0,0.0,0.0,-1,-1,0.0,0.0,0.0,0.0,0.0,0.0,0,0,0.0,0.0,0,0,0.0,0.0,0,0,0.0,0.0,0,0,0.0,0
LGS2ORD0005073,C016969,2025-02-10 04:00:00,Female,33,Silver,Lazada,Chiang Mai,1013,Shopee,Bank_Transfer,4,2,0,0,30-40,33.766666666666666,1.0,0.0,0.0,-1,6,3728.64,0.3,0.0,1.0,0.0,3728.64,1,0,0.0,3728.64,1,0,0.0,3728.64,1,0,0.0,3728.64,1,0,0.0,0
LGS2ORD0005074,C011005,2025-02-10 04:00:00,Male,30,Bronze,Web,Nakhon Ratchasima,1495,Lazada,Credit_Card,4,2,0,0,20-30,49.833333333333336,2.0,2.0,1.0,6,19,1861.04,0.23,1.0,0.5,0.0,0.0,0,0,0.0,1849.62,1,1,1.0,3722.08,2,2,1.0,3722.08,2,2,1.0,0
LGS2ORD0005075,C015019,2025-02-10 04:00:00,Female,62,Bronze,CallCenter,Nakhon Ratchasima,349,Web,COD,4,2,0,0,>50,11.633333333333333,1.0,0.0,0.0,-1,20,27934.57,0.03,0.0,0.0,0.0,0.0,0,0,0.0,27934.57,1,0,0.0,27934.57,1,0,0.0,27934.57,1,0,0.0,0
LGS2ORD0005076,C014149,2025-02-10 05:00:00,Female,21,Gold,TV,Khon Kaen,1011,TV_Show,Bank_Transfer,5,2,0,0,20-30,33.7,1.0,1.0,1.0,-7,2,1355.07,0.08,0.0,0.0,0.0,1355.07,1,1,1.0,1355.07,1,1,1.0,1355.07,1,1,1.0,1355.07,1,1,1.0,0
LGS2ORD0005077,C016316,2025-02-10 05:00:00,Male,51,Silver,Lazada,Chiang Mai,796,Shopee,Credit_Card,5,2,0,0,>50,26.533333333333335,1.0,0.0,0.0,-1,24,1591.77,0.1,1.0,0.0,0.0,0.0,0,0,0.0,1591.77,1,0,0.0,1591.77,1,0,0.0,1591.77,1,0,0.0,0
LGS2ORD0005078,C015759,2025-02-10 05:00:00,Female,25,Platinum,Web,Bangkok,900,Shopee,COD,5,2,0,0,20-30,30.0,1.0,0.0,0.0,-1,21,11786.89,0.1,0.0,0.0,0.0,0.0,0,0,0.0,11786.89,1,0,0.0,11786.89,1,0,0.0,11786.89,1,0,0.0,0
LGS2ORD0005079,C012984,2025-02-10 05:00:00,Male,52,Bronze,TV,Remote_Area,891,Shopee,COD,5,2,0,0,>50,29.7,0.0,0.0,0.0,-1,-1,0.0,0.0,0.0,0.0,0.0,0.0,0,0,0.0,0.0,0,0,0.0,0.0,0,0,0.0,0.0,0,0,0.0,0
LGS2ORD0005080,C017359,2025-02-10 05:00:00,Female,44,Silver,Lazada,Phuket,202,Shopee,COD,5,2,0,0,40-50,6.733333333333333,1.0,0.0,0.0,-1,6,5163.71,0.05,0.0,0.0,0.0,5163.71,1,0,0.0,5163.71,1,0,0.0,5163.71,1,0,0.0,5163.71,1,0,0.0,0
LGS2ORD0005081,C010937,2025-02-10 06:00:00,Male,37,Silver,TV,Chonburi,879,CallCenter,COD,6,2,0,0,30-40,29.3,1.0,0.0,0.0,-1,3,14698.88,0.1,0.0,0.0,0.0,14698.88,1,0,0.0,14698.88,1,0,0.0,14698.88,1,0,0.0,14698.88,1,0,0.0,1
LGS2ORD0005082,C012541,2025-02-10 06:00:00,Female,45,Platinum,Lazada,Nakhon Ratchasima,607,CallCenter,Bank_Transfer,6,2,0,0,40-50,20.233333333333334,0.0,0.0,0.0,-1,-1,0.0,0.0,0.0,0.0,0.0,0.0,0,0,0.0,0.0,0,0,0.0,0.0,0,0,0.0,0.0,0,0,0.0,0
LGS2ORD0005083,C017583,2025-02-10 06:00:00,Male,46,Bronze,TV,Khon Kaen,1001,TV_Show,Credit_Card,6,2,0,0,40-50,33.36666666666667,1.0,0.0,0.0,-1,37,850.88,0.03,0.0,0.0,0.0,0.0,0,0,0.0,0.0,0,0,0.0,850.88,1,0,0.0,850.88,1,0,0.0,0
LGS2ORD0005084,C013200,2025-02-10 06:00:00,Male,41,Silver,Lazada,Bangkok,1038,Web,COD,6,2,0,0,40-50,34.6,1.0,0.0,0.0,-1,5,4126.62,0.2,0.0,0.0,0.0,4126.62,1,0,0.0,4126.62,1,0,0.0,4126.62,1,0,0.0,4126.62,1,0,0.0,0
LGS2ORD0005085,C011653,2025-02-10 06:00:00,Female,49,Gold,Lazada,Bangkok,72,Lazada,PromptPay,6,2,0,0,40-50,2.4,2.0,0.0,0.0,-1,7,4700.545,0.08,0.5,0.0,0.0,0.0,0,0,0.0,9401.09,2,0,0.0,9401.09,2,0,0.0,9401.09,2,0,0.0,0
LGS2ORD0005086,C016398,2025-02-10 06:00:00,Male,48,Silver,Lazada,Khon Kaen,961,TV_Show,Credit_Card,6,2,0,0,40-50,32.03333333333333,0.0,0.0,0.0,-1,-1,0.0,0.0,0.0,0.0,0.0,0.0,0,0,0.0,0.0,0,0,0.0,0.0,0,0,0.0,0.0,0,0,0.0,0
LGS2ORD0005087,C011878,2025-02-10 07:00:00,Female,44,Bronze,TV,Phuket,1318,TV_Show,PromptPay,7,2,0,0,40-50,43.93333333333333,0.0,0.0,0.0,-1,-1,0.0,0.0,0.0,0.0,0.0,0.0,0,0,0.0,0.0,0,0,0.0,0.0,0,0,0.0,0.0,0,0,0.0,0
LGS2ORD0005088,C015768,2025-02-10 07:00:00,Female,18,Bronze,CallCenter,Nakhon Ratchasima,1384,Shopee,COD,7,2,0,0,<20,46.13333333333333,1.0,0.0,0.0,-1,22,929.51,0.23,1.0,1.0,0.0,0.0,0,0,0.0,929.51,1,0,0.0,929.51,1,0,0.0,929.51,1,0,0.0,1
LGS2ORD0005089,C011927,2025-02-10 07:00:00,Female,31,Bronze,CallCenter,Remote_Area,480,CallCenter,COD,7,2,0,0,30-40,16.0,1.0,0.0,0.0,-1,35,10563.84,0.08,1.0,0.0,0.0,0.0,0,0,0.0,0.0,0,0,0.0,10563.84,1,0,0.0,10563.84,1,0,0.0,1
LGS2ORD0005090,C014135,2025-02-10 07:00:00,Female,38,Gold,Web,Remote_Area,575,TV_Show,COD,7,2,0,0,30-40,19.166666666666668,1.0,0.0,0.0,-1,24,16530.62,0.2299999999999999,0.0,1.0,0.0,0.0,0,0,0.0,16530.62,1,0,0.0,16530.62,1,0,0.0,16530.62,1,0,0.0,0
LGS2ORD0005091,C016865,2025-02-10 07:00:00,Male,30,Gold,Web,Bangkok,1029,CallCenter,Bank_Transfer,7,2,0,0,20-30,34.3,0.0,0.0,0.0,-1,-1,0.0,0.0,0.0,0.0,0.0,0.0,0,0,0.0,0.0,0,0,0.0,0.0,0,0,0.0,0.0,0,0,0.0,0
LGS2ORD0005092,C016217,2025-02-10 08:00:00,Male,41,Silver,Web,Chiang Mai,241,Shopee,Bank_Transfer,8,2,0,0,40-50,8.033333333333333,0.0,0.0,0.0,-1,-1,0.0,0.0,0.0,0.0,0.0,0.0,0,0,0.0,0.0,0,0,0.0,0.0,0,0,0.0,0.0,0,0,0.0,1
LGS2ORD0005093,C013854,2025-02-10 08:00:00,Male,47,Bronze,TV,Khon Kaen,373,TV_Show,Credit_Card,8,2,0,0,40-50,12.433333333333334,0.0,0.0,0.0,-1,-1,0.0,0.0,0.0,0.0,0.0,0.0,0,0,0.0,0.0,0,0,0.0,0.0,0,0,0.0,0.0,0,0,0.0,1
LGS2ORD0005094,C015025,2025-02-10 08:00:00,Male,23,Silver,Web,Chiang Mai,1415,TV_Show,Credit_Card,8,2,0,0,20-30,47.166666666666664,0.0,0.0,0.0,-1,-1,0.0,0.0,0.0,0.0,0.0,0.0,0,0,0.0,0.0,0,0,0.0,0.0,0,0,0.0,0.0,0,0,0.0,0
LGS2ORD0005095,C012034,2025-02-10 08:00:00,Female,25,Bronze,TV,Bangkok,508,Shopee,Credit_Card,8,2,0,0,20-30,16.933333333333334,2.0,0.0,0.0,-1,2,3655.51,0.18,0.5,0.0,0.0,6812.18,1,0,0.0,7311.02,2,0,0.0,7311.02,2,0,0.0,7311.02,2,0,0.0,1
LGS2ORD0005096,C015436,2025-02-10 08:00:00,Male,44,Silver,Lazada,Nakhon Ratchasima,984,Lazada,PromptPay,8,2,0,0,40-50,32.8,0.0,0.0,0.0,-1,-1,0.0,0.0,0.0,0.0,0.0,0.0,0,0,0.0,0.0,0,0,0.0,0.0,0,0,0.0,0.0,0,0,0.0,0
LGS2ORD0005097,C012665,2025-02-10 09:00:00,Male,23,Silver,TV,Chiang Mai,804,TV_Show,PromptPay,9,2,0,0,20-30,26.8,0.0,0.0,0.0,-1,-1,0.0,0.0,0.0,0.0,0.0,0.0,0,0,0.0,0.0,0,0,0.0,0.0,0,0,0.0,0.0,0,0,0.0,0
LGS2ORD0005098,C015859,2025-02-10 09:00:00,Male,51,Bronze,Web,Bangkok,1332,CallCenter,COD,9,2,0,0,>50,44.4,0.0,0.0,0.0,-1,-1,0.0,0.0,0.0,0.0,0.0,0.0,0,0,0.0,0.0,0,0,0.0,0.0,0,0,0.0,0.0,0,0,0.0,0
LGS2ORD0005099,C014640,2025-02-10 09:00:00,Female,57,Bronze,TV,Phuket,333,Lazada,COD,9,2,0,0,>50,11.1,0.0,0.0,0.0,-1,-1,0.0,0.0,0.0,0.0,0.0,0.0,0,0,0.0,0.0,0,0,0.0,0.0,0,0,0.0,0.0,0,0,0.0,1
LGS2ORD0005100,C012648,2025-02-10 09:00:00,Male,47,Silver,TV,Khon Kaen,377,Web,Credit_Card,9,2,0,0,40-50,12.566666666666666,0.0,0.0,0.0,-1,-1,0.0,0.0,0.0,0.0,0.0,0.0,0,0,0.0,0.0,0,0,0.0,0.0,0,0,0.0,0.0,0,0,0.0,1
LGS2ORD0005101,C012762,2025-02-10 09:00:00,Female,47,Silver,TV,Nakhon Ratchasima,250,Lazada,COD,9,2,0,0,40-50,8.333333333333334,1.0,0.0,0.0,-1,13,1492.1,0.3,1.0,1.0,0.0,0.0,0,0,0.0,1492.1,1,0,0.0,1492.1,1,0,0.0,1492.1,1,0,0.0,0
LGS2ORD0005102,C013408,2025-02-10 10:00:00,Male,58,Bronze,TV,Songkhla,1249,Shopee,PromptPay,10,2,0,0,>50,41.63333333333333,1.0,0.0,0.0,-1,34,1645.79,0.13,0.0,0.0,0.0,0.0,0,0,0.0,0.0,0,0,0.0,1645.79,1,0,0.0,1645.79,1,0,0.0,0
LGS2ORD0005103,C010348,2025-02-10 10:00:00,Male,33,Bronze,TV,Bangkok,102,TV_Show,COD,10,2,0,0,30-40,3.4,0.0,0.0,0.0,-1,-1,0.0,0.0,0.0,0.0,0.0,0.0,0,0,0.0,0.0,0,0,0.0,0.0,0,0,0.0,0.0,0,0,0.0,0
LGS2ORD0005104,C014957,2025-02-10 10:00:00,Female,37,Bronze,CallCenter,Bangkok,631,Web,Credit_Card,10,2,0,0,30-40,21.033333333333335,0.0,0.0,0.0,-1,-1,0.0,0.0,0.0,0.0,0.0,0.0,0,0,0.0,0.0,0,0,0.0,0.0,0,0,0.0,0.0,0,0,0.0,0
LGS2ORD0005105,C010091,2025-02-10 10:00:00,Male,69,Bronze,Lazada,Chonburi,1134,TV_Show,COD,10,2,0,0,>50,37.8,1.0,0.0,0.0,-1,1,2144.48,0.03,1.0,0.0,0.0,2144.48,1,0,0.0,2144.48,1,0,0.0,2144.48,1,0,0.0,2144.48,1,0,0.0,0
LGS2ORD0005106,C013795,2025-02-10 10:00:00,Male,19,Bronze,Shopee,Songkhla,596,TV_Show,COD,10,2,0,0,<20,19.866666666666667,0.0,0.0,0.0,-1,-1,0.0,0.0,0.0,0.0,0.0,0.0,0,0,0.0,0.0,0,0,0.0,0.0,0,0,0.0,0.0,0,0,0.0,0
LGS2ORD0005107,C011067,2025-02-10 10:00:00,Male,24,Bronze,Web,Songkhla,497,TV_Show,COD,10,2,0,0,20-30,16.566666666666666,0.0,0.0,0.0,-1,-1,0.0,0.0,0.0,0.0,0.0,0.0,0,0,0.0,0.0,0,0,0.0,0.0,0,0,0.0,0.0,0,0,0.0,1
LGS2ORD0005108,C010850,2025-02-10 11:00:00,Other,43,Silver,TV,Chiang Mai,678,Web,COD,11,2,0,0,40-50,22.6,1.0,0.0,0.0,-1,22,2000.42,0.05,1.0,0.0,0.0,0.0,0,0,0.0,2000.42,1,0,0.0,2000.42,1,0,0.0,2000.42,1,0,0.0,1
LGS2ORD0005109,C013719,2025-02-10 11:00:00,Male,54,Gold,CallCenter,Chiang Mai,548,Shopee,COD,11,2,0,0,>50,18.266666666666666,0.0,0.0,0.0,-1,-1,0.0,0.0,0.0,0.0,0.0,0.0,0,0,0.0,0.0,0,0,0.0,0.0,0,0,0.0,0.0,0,0,0.0,0
LGS2ORD0005110,C017678,2025-02-10 11:00:00,Male,18,Bronze,Shopee,Remote_Area,1137,Shopee,Bank_Transfer,11,2,0,0,<20,37.9,1.0,0.0,0.0,-1,12,2014.17,0.08,1.0,0.0,0.0,0.0,0,0,0.0,2014.17,1,0,0.0,2014.17,1,0,0.0,2014.17,1,0,0.0,0
LGS2ORD0005111,C014179,2025-02-10 11:00:00,Male,18,Silver,Lazada,Songkhla,351,Shopee,PromptPay,11,2,0,0,<20,11.7,2.0,0.0,0.0,-1,28,5764.16,0.1,0.0,0.0,0.0,0.0,0,0,0.0,6812.06,1,0,0.0,11528.32,2,0,0.0,11528.32,2,0,0.0,0
LGS2ORD0005112,C012470,2025-02-10 11:00:00,Female,28,Bronze,Shopee,Bangkok,756,TV_Show,COD,11,2,0,0,20-30,25.2,2.0,0.0,0.0,-1,2,8333.44,0.18,0.5,0.0,0.0,3088.46,1,0,0.0,16666.88,2,0,0.0,16666.88,2,0,0.0,16666.88,2,0,0.0,0
LGS2ORD0005113,C016650,2025-02-10 12:00:00,Male,53,Silver,Web,Bangkok,998,Web,Bank_Transfer,12,2,0,0,>50,33.266666666666666,1.0,0.0,0.0,-1,4,5311.13,0.15,1.0,0.0,0.0,5311.13,1,0,0.0,5311.13,1,0,0.0,5311.13,1,0,0.0,5311.13,1,0,0.0,0
LGS2ORD0005114,C012400,2025-02-10 12:00:00,Female,38,Bronze,TV,Phuket,1476,TV_Show,COD,12,2,0,0,30-40,49.2,2.0,0.0,0.0,-1,6,14934.054999999998,0.18,0.5,0.0,0.0,2960.94,1,0,0.0,29868.109999999997,2,0,0.0,29868.109999999997,2,0,0.0,29868.109999999997,2,0,0.0,0
LGS2ORD0005115,C011559,2025-02-10 12:00:00,Female,24,Bronze,Shopee,Phuket,1196,Web,Bank_Transfer,12,2,0,0,20-30,39.86666666666667,0.0,0.0,0.0,-1,-1,0.0,0.0,0.0,0.0,0.0,0.0,0,0,0.0,0.0,0,0,0.0,0.0,0,0,0.0,0.0,0,0,0.0,0
LGS2ORD0005116,C014369,2025-02-10 12:00:00,Female,33,Bronze,Web,Chonburi,593,CallCenter,COD,12,2,0,0,30-40,19.766666666666666,1.0,0.0,0.0,-1,5,1762.72,0.28,0.0,1.0,0.0,1762.72,1,0,0.0,1762.72,1,0,0.0,1762.72,1,0,0.0,1762.72,1,0,0.0,0
LGS2ORD0005117,C014785,2025-02-10 12:00:00,Male,44,Bronze,Lazada,Songkhla,1379,Shopee,COD,12,2,0,0,40-50,45.96666666666667,0.0,0.0,0.0,-1,-1,0.0,0.0,0.0,0.0,0.0,0.0,0,0,0.0,0.0,0,0,0.0,0.0,0,0,0.0,0.0,0,0,0.0,0
LGS2ORD0005118,C013318,2025-02-10 13:00:00,Male,47,Bronze,Lazada,Bangkok,244,Web,COD,13,2,0,0,40-50,8.133333333333333,0.0,0.0,0.0,-1,-1,0.0,0.0,0.0,0.0,0.0,0.0,0,0,0.0,0.0,0,0,0.0,0.0,0,0,0.0,0.0,0,0,0.0,0
LGS2ORD0005119,C010191,2025-02-10 13:00:00,Male,18,Gold,Shopee,Bangkok,1054,Shopee,PromptPay,13,2,0,0,<20,35.13333333333333,1.0,0.0,0.0,-1,37,682.03,0.28,0.0,1.0,0.0,0.0,0,0,0.0,0.0,0,0,0.0,682.03,1,0,0.0,682.03,1,0,0.0,1
LGS2ORD0005120,C012225,2025-02-10 13:00:00,Male,40,Platinum,Lazada,Chiang Mai,1476,TV_Show,PromptPay,13,2,0,0,30-40,49.2,1.0,0.0,0.0,-1,36,8598.57,0.15,0.0,0.0,0.0,0.0,0,0,0.0,0.0,0,0,0.0,8598.57,1,0,0.0,8598.57,1,0,0.0,0
LGS2ORD0005121,C016898,2025-02-10 13:00:00,Female,49,Bronze,Shopee,Phuket,1307,Lazada,COD,13,2,0,0,40-50,43.56666666666667,3.0,1.0,0.3333333333333333,1,13,15269.703333333333,0.23,0.0,0.3333333333333333,0.0,0.0,0,0,0.0,40209.54,2,1,0.5,45809.11,3,1,0.3333333333333333,45809.11,3,1,0.3333333333333333,0
LGS2ORD0005122,C017950,2025-02-10 13:00:00,Male,63,Bronze,Shopee,Chiang Mai,327,CallCenter,PromptPay,13,2,0,0,>50,10.9,0.0,0.0,0.0,-1,-1,0.0,0.0,0.0,0.0,0.0,0.0,0,0,0.0,0.0,0,0,0.0,0.0,0,0,0.0,0.0,0,0,0.0,0
LGS2ORD0005123,C010476,2025-02-10 14:00:00,Male,50,Bronze,Web,Phuket,52,Web,Credit_Card,14,2,0,0,40-50,1.7333333333333334,0.0,0.0,0.0,-1,-1,0.0,0.0,0.0,0.0,0.0,0.0,0,0,0.0,0.0,0,0,0.0,0.0,0,0,0.0,0.0,0,0,0.0,0
LGS2ORD0005124,C017485,2025-02-10 14:00:00,Male,50,Bronze,TV,Nakhon Ratchasima,304,Shopee,COD,14,2,0,0,40-50,10.133333333333333,0.0,0.0,0.0,-1,-1,0.0,0.0,0.0,0.0,0.0,0.0,0,0,0.0,0.0,0,0,0.0,0.0,0,0,0.0,0.0,0,0,0.0,0
LGS2ORD0005125,C014493,2025-02-10 14:00:00,Female,36,Silver,Web,Bangkok,308,TV_Show,Credit_Card,14,2,0,0,30-40,10.266666666666667,0.0,0.0,0.0,-1,-1,0.0,0.0,0.0,0.0,0.0,0.0,0,0,0.0,0.0,0,0,0.0,0.0,0,0,0.0,0.0,0,0,0.0,1
LGS2ORD0005126,C010131,2025-02-10 14:00:00,Male,41,Platinum,Web,Chiang Mai,1450,Lazada,Credit_Card,14,2,0,0,40-50,48.333333333333336,0.0,0.0,0.0,-1,-1,0.0,0.0,0.0,0.0,0.0,0.0,0,0,0.0,0.0,0,0,0.0,0.0,0,0,0.0,0.0,0,0,0.0,0
LGS2ORD0005127,C017867,2025-02-10 14:00:00,Male,32,Bronze,Web,Remote_Area,1326,Shopee,Credit_Card,14,2,0,0,30-40,44.2,0.0,0.0,0.0,-1,-1,0.0,0.0,0.0,0.0,0.0,0.0,0,0,0.0,0.0,0,0,0.0,0.0,0,0,0.0,0.0,0,0,0.0,0
LGS2ORD0005128,C012589,2025-02-10 14:00:00,Female,39,Bronze,TV,Chonburi,951,Shopee,PromptPay,14,2,0,0,30-40,31.7,2.0,0.0,0.0,-1,13,6850.635,0.13,1.0,0.0,0.0,0.0,0,0,0.0,835.33,1,0,0.0,13701.27,2,0,0.0,13701.27,2,0,0.0,0
LGS2ORD0005129,C015229,2025-02-10 15:00:00,Female,28,Bronze,Shopee,Bangkok,1357,Web,PromptPay,15,2,0,0,20-30,45.233333333333334,1.0,0.0,0.0,-1,27,3590.37,0.03,1.0,0.0,0.0,0.0,0,0,0.0,3590.37,1,0,0.0,3590.37,1,0,0.0,3590.37,1,0,0.0,0
LGS2ORD0005130,C011008,2025-02-10 15:00:00,Male,39,Silver,Web,Phuket,373,TV_Show,COD,15,2,0,0,30-40,12.433333333333334,0.0,0.0,0.0,-1,-1,0.0,0.0,0.0,0.0,0.0,0.0,0,0,0.0,0.0,0,0,0.0,0.0,0,0,0.0,0.0,0,0,0.0,0
LGS2ORD0005131,C012029,2025-02-10 15:00:00,Male,35,Bronze,Web,Bangkok,79,Web,Bank_Transfer,15,2,0,0,30-40,2.6333333333333333,0.0,0.0,0.0,-1,-1,0.0,0.0,0.0,0.0,0.0,0.0,0,0,0.0,0.0,0,0,0.0,0.0,0,0,0.0,0.0,0,0,0.0,0
LGS2ORD0005132,C010554,2025-02-10 15:00:00,Female,44,Bronze,TV,Songkhla,778,Shopee,PromptPay,15,2,0,0,40-50,25.933333333333334,0.0,0.0,0.0,-1,-1,0.0,0.0,0.0,0.0,0.0,0.0,0,0,0.0,0.0,0,0,0.0,0.0,0,0,0.0,0.0,0,0,0.0,1
LGS2ORD0005133,C012803,2025-02-10 15:00:00,Female,32,Bronze,Lazada,Songkhla,181,Shopee,COD,15,2,0,0,30-40,6.033333333333333,1.0,0.0,0.0,-1,24,1471.75,0.23,0.0,1.0,0.0,0.0,0,0,0.0,1471.75,1,0,0.0,1471.75,1,0,0.0,1471.75,1,0,0.0,1
LGS2ORD0005134,C016642,2025-02-10 16:00:00,Male,48,Gold,Web,Songkhla,1398,CallCenter,PromptPay,16,2,0,0,40-50,46.6,0.0,0.0,0.0,-1,-1,0.0,0.0,0.0,0.0,0.0,0.0,0,0,0.0,0.0,0,0,0.0,0.0,0,0,0.0,0.0,0,0,0.0,0
LGS2ORD0005135,C017687,2025-02-10 16:00:00,Male,47,Silver,CallCenter,Chonburi,232,TV_Show,COD,16,2,0,0,40-50,7.733333333333333,3.0,1.0,0.3333333333333333,-5,2,7903.986666666667,0.25,0.3333333333333333,0.3333333333333333,0.0,1471.07,1,1,1.0,23711.96,3,1,0.3333333333333333,23711.96,3,1,0.3333333333333333,23711.96,3,1,0.3333333333333333,1
LGS2ORD0005136,C011046,2025-02-10 16:00:00,Female,47,Gold,TV,Remote_Area,925,TV_Show,COD,16,2,0,0,40-50,30.833333333333332,1.0,0.0,0.0,-1,23,8419.15,0.2299999999999999,0.0,1.0,0.0,0.0,0,0,0.0,8419.15,1,0,0.0,8419.15,1,0,0.0,8419.15,1,0,0.0,0
LGS2ORD0005137,C011136,2025-02-10 16:00:00,Other,64,Silver,Shopee,Nakhon Ratchasima,1445,CallCenter,COD,16,2,0,0,>50,48.166666666666664,3.0,2.0,0.6666666666666666,8,3,4219.53,0.25,1.0,0.3333333333333333,0.0,6159.49,1,0,0.0,12658.59,3,2,0.6666666666666666,12658.59,3,2,0.6666666666666666,12658.59,3,2,0.6666666666666666,1
LGS2ORD0005138,C010886,2025-02-10 16:00:00,Female,53,Gold,TV,Chonburi,1330,TV_Show,PromptPay,16,2,0,0,>50,44.333333333333336,0.0,0.0,0.0,-1,-1,0.0,0.0,0.0,0.0,0.0,0.0,0,0,0.0,0.0,0,0,0.0,0.0,0,0,0.0,0.0,0,0,0.0,0
LGS2ORD0005139,C015538,2025-02-10 17:00:00,Female,47,Silver,TV,Bangkok,1069,CallCenter,COD,17,2,0,0,40-50,35.63333333333333,0.0,0.0,0.0,-1,-1,0.0,0.0,0.0,0.0,0.0,0.0,0,0,0.0,0.0,0,0,0.0,0.0,0,0,0.0,0.0,0,0,0.0,0
LGS2ORD0005140,C014774,2025-02-10 17:00:00,Female,21,Bronze,Shopee,Phuket,75,Web,COD,17,2,0,0,20-30,2.5,0.0,0.0,0.0,-1,-1,0.0,0.0,0.0,0.0,0.0,0.0,0,0,0.0,0.0,0,0,0.0,0.0,0,0,0.0,0.0,0,0,0.0,1
LGS2ORD0005141,C015678,2025-02-10 17:00:00,Female,33,Bronze,TV,Khon Kaen,1002,Shopee,COD,17,2,0,0,30-40,33.4,1.0,0.0,0.0,-1,5,9117.99,0.18,0.0,0.0,0.0,9117.99,1,0,0.0,9117.99,1,0,0.0,9117.99,1,0,0.0,9117.99,1,0,0.0,0
LGS2ORD0005142,C013478,2025-02-10 17:00:00,Male,32,Bronze,Lazada,Bangkok,848,Shopee,Credit_Card,17,2,0,0,30-40,28.266666666666666,1.0,0.0,0.0,-1,21,1920.07,0.03,0.0,0.0,0.0,0.0,0,0,0.0,1920.07,1,0,0.0,1920.07,1,0,0.0,1920.07,1,0,0.0,0
LGS2ORD0005143,C016545,2025-02-10 17:00:00,Female,44,Bronze,Web,Bangkok,368,Shopee,PromptPay,17,2,0,0,40-50,12.266666666666667,1.0,0.0,0.0,-1,33,2787.28,0.13,1.0,0.0,0.0,0.0,0,0,0.0,0.0,0,0,0.0,2787.28,1,0,0.0,2787.28,1,0,0.0,0
LGS2ORD0005144,C012347,2025-02-10 17:00:00,Female,33,Bronze,TV,Nakhon Ratchasima,834,TV_Show,PromptPay,17,2,0,0,30-40,27.8,0.0,0.0,0.0,-1,-1,0.0,0.0,0.0,0.0,0.0,0.0,0,0,0.0,0.0,0,0,0.0,0.0,0,0,0.0,0.0,0,0,0.0,0
LGS2ORD0005145,C014887,2025-02-10 18:00:00,Female,25,Silver,Shopee,Bangkok,1433,Lazada,COD,18,2,0,0,20-30,47.766666666666666,2.0,0.0,0.0,-1,24,9715.22,0.25,0.5,0.5,0.0,0.0,0,0,0.0,19430.44,2,0,0.0,19430.44,2,0,0.0,19430.44,2,0,0.0,0
LGS2ORD0005146,C014726,2025-02-10 18:00:00,Female,38,Gold,TV,Chiang Mai,108,TV_Show,COD,18,2,0,0,30-40,3.6,4.0,1.0,0.25,18,5,11282.185,0.33,0.25,0.5,0.0,750.45,1,0,0.0,44472.58,3,1,0.3333333333333333,45128.74,4,1,0.25,45128.74,4,1,0.25,0
LGS2ORD0005147,C015750,2025-02-10 18:00:00,Female,46,Gold,Lazada,Bangkok,717,Lazada,Credit_Card,18,2,0,0,40-50,23.9,2.0,1.0,0.5,20,13,5403.145,0.28,0.5,0.5,0.0,0.0,0,0,0.0,10806.29,2,1,0.5,10806.29,2,1,0.5,10806.29,2,1,0.5,0
LGS2ORD0005148,C017900,2025-02-10 18:00:00,Other,41,Bronze,Lazada,Remote_Area,456,Web,COD,18,2,0,0,40-50,15.2,1.0,1.0,1.0,7,21,2568.93,0.03,0.0,0.0,0.0,0.0,0,0,0.0,2568.93,1,1,1.0,2568.93,1,1,1.0,2568.93,1,1,1.0,0
LGS2ORD0005149,C017821,2025-02-10 18:00:00,Female,46,Silver,Shopee,Nakhon Ratchasima,678,Shopee,COD,18,2,0,0,40-50,22.6,0.0,0.0,0.0,-1,-1,0.0,0.0,0.0,0.0,0.0,0.0,0,0,0.0,0.0,0,0,0.0,0.0,0,0,0.0,0.0,0,0,0.0,0
LGS2ORD0005150,C012093,2025-02-10 19:00:00,Female,53,Bronze,Lazada,Remote_Area,445,Web,COD,19,2,0,0,>50,14.833333333333334,0.0,0.0,0.0,-1,-1,0.0,0.0,0.0,0.0,0.0,0.0,0,0,0.0,0.0,0,0,0.0,0.0,0,0,0.0,0.0,0,0,0.0,0
LGS2ORD0005151,C017828,2025-02-10 19:00:00,Male,35,Gold,Shopee,Khon Kaen,1077,TV_Show,COD,19,2,0,0,30-40,35.9,0.0,0.0,0.0,-1,-1,0.0,0.0,0.0,0.0,0.0,0.0,0,0,0.0,0.0,0,0,0.0,0.0,0,0,0.0,0.0,0,0,0.0,0
LGS2ORD0005152,C011706,2025-02-10 19:00:00,Female,53,Silver,Web,Bangkok,910,TV_Show,COD,19,2,0,0,>50,30.333333333333332,0.0,0.0,0.0,-1,-1,0.0,0.0,0.0,0.0,0.0,0.0,0,0,0.0,0.0,0,0,0.0,0.0,0,0,0.0,0.0,0,0,0.0,0
LGS2ORD0005153,C016808,2025-02-10 19:00:00,Male,18,Silver,Web,Khon Kaen,1375,Web,PromptPay,19,2,0,0,<20,45.833333333333336,0.0,0.0,0.0,-1,-1,0.0,0.0,0.0,0.0,0.0,0.0,0,0,0.0,0.0,0,0,0.0,0.0,0,0,0.0,0.0,0,0,0.0,0
LGS2ORD0005154,C017014,2025-02-10 19:00:00,Male,39,Bronze,Shopee,Khon Kaen,315,CallCenter,COD,19,2,0,0,30-40,10.5,0.0,0.0,0.0,-1,-1,0.0,0.0,0.0,0.0,0.0,0.0,0,0,0.0,0.0,0,0,0.0,0.0,0,0,0.0,0.0,0,0,0.0,0
LGS2ORD0005155,C013044,2025-02-10 20:00:00,Female,34,Bronze,Web,Remote_Area,1006,Lazada,PromptPay,20,2,0,0,30-40,33.53333333333333,0.0,0.0,0.0,-1,-1,0.0,0.0,0.0,0.0,0.0,0.0,0,0,0.0,0.0,0,0,0.0,0.0,0,0,0.0,0.0,0,0,0.0,1
LGS2ORD0005156,C012729,2025-02-10 20:00:00,Female,38,Silver,TV,Bangkok,1273,Lazada,Bank_Transfer,20,2,0,0,30-40,42.43333333333333,0.0,0.0,0.0,-1,-1,0.0,0.0,0.0,0.0,0.0,0.0,0,0,0.0,0.0,0,0,0.0,0.0,0,0,0.0,0.0,0,0,0.0,1
LGS2ORD0005157,C017066,2025-02-10 20:00:00,Male,34,Silver,Web,Bangkok,534,Web,COD,20,2,0,0,30-40,17.8,0.0,0.0,0.0,-1,-1,0.0,0.0,0.0,0.0,0.0,0.0,0,0,0.0,0.0,0,0,0.0,0.0,0,0,0.0,0.0,0,0,0.0,0
LGS2ORD0005158,C017284,2025-02-10 20:00:00,Female,49,Bronze,Shopee,Songkhla,536,Lazada,COD,20,2,0,0,40-50,17.866666666666667,2.0,0.0,0.0,-1,14,3175.54,0.23,0.5,0.5,0.0,0.0,0,0,0.0,6351.08,2,0,0.0,6351.08,2,0,0.0,6351.08,2,0,0.0,1
LGS2ORD0005159,C011025,2025-02-10 20:00:00,Male,42,Bronze,Lazada,Phuket,1343,TV_Show,COD,20,2,0,0,40-50,44.766666666666666,0.0,0.0,0.0,-1,-1,0.0,0.0,0.0,0.0,0.0,0.0,0,0,0.0,0.0,0,0,0.0,0.0,0,0,0.0,0.0,0,0,0.0,1
LGS2ORD0005160,C015350,2025-02-10 21:00:00,Male,45,Bronze,Web,Remote_Area,1129,Lazada,COD,21,2,0,0,40-50,37.63333333333333,1.0,0.0,0.0,-1,21,5480.23,0.08,0.0,0.0,0.0,0.0,0,0,0.0,5480.23,1,0,0.0,5480.23,1,0,0.0,5480.23,1,0,0.0,1
LGS2ORD0005161,C011602,2025-02-10 21:00:00,Male,55,Silver,Shopee,Chonburi,786,Lazada,COD,21,2,0,0,>50,26.2,1.0,0.0,0.0,-1,24,4244.37,0.05,1.0,0.0,0.0,0.0,0,0,0.0,4244.37,1,0,0.0,4244.37,1,0,0.0,4244.37,1,0,0.0,0
LGS2ORD0005162,C012907,2025-02-10 21:00:00,Female,48,Bronze,Web,Bangkok,83,CallCenter,COD,21,2,0,0,40-50,2.7666666666666666,0.0,0.0,0.0,-1,-1,0.0,0.0,0.0,0.0,0.0,0.0,0,0,0.0,0.0,0,0,0.0,0.0,0,0,0.0,0.0,0,0,0.0,0
LGS2ORD0005163,C013697,2025-02-10 21:00:00,Male,66,Bronze,Lazada,Songkhla,1466,TV_Show,PromptPay,21,2,0,0,>50,48.86666666666667,0.0,0.0,0.0,-1,-1,0.0,0.0,0.0,0.0,0.0,0.0,0,0,0.0,0.0,0,0,0.0,0.0,0,0,0.0,0.0,0,0,0.0,0
LGS2ORD0005164,C014306,2025-02-10 21:00:00,Male,26,Platinum,Web,Chonburi,864,TV_Show,Credit_Card,21,2,0,0,20-30,28.8,1.0,0.0,0.0,-1,39,18452.8,0.3,0.0,1.0,0.0,0.0,0,0,0.0,0.0,0,0,0.0,18452.8,1,0,0.0,18452.8,1,0,0.0,0
LGS2ORD0005165,C010248,2025-02-10 21:00:00,Female,63,Platinum,Shopee,Bangkok,267,Shopee,COD,21,2,0,0,>50,8.9,0.0,0.0,0.0,-1,-1,0.0,0.0,0.0,0.0,0.0,0.0,0,0,0.0,0.0,0,0,0.0,0.0,0,0,0.0,0.0,0,0,0.0,1
LGS2ORD0005166,C016938,2025-02-10 22:00:00,Male,18,Silver,Shopee,Bangkok,837,Shopee,Credit_Card,22,2,0,0,<20,27.9,0.0,0.0,0.0,-1,-1,0.0,0.0,0.0,0.0,0.0,0.0,0,0,0.0,0.0,0,0,0.0,0.0,0,0,0.0,0.0,0,0,0.0,1
LGS2ORD0005167,C014297,2025-02-10 22:00:00,Female,44,Silver,Web,Bangkok,1250,TV_Show,COD,22,2,0,0,40-50,41.666666666666664,1.0,0.0,0.0,-1,21,1686.78,0.1,0.0,0.0,0.0,0.0,0,0,0.0,1686.78,1,0,0.0,1686.78,1,0,0.0,1686.78,1,0,0.0,1
LGS2ORD0005168,C016940,2025-02-10 22:00:00,Male,41,Bronze,Shopee,Phuket,404,Web,Credit_Card,22,2,0,0,40-50,13.466666666666667,0.0,0.0,0.0,-1,-1,0.0,0.0,0.0,0.0,0.0,0.0,0,0,0.0,0.0,0,0,0.0,0.0,0,0,0.0,0.0,0,0,0.0,0
LGS2ORD0005169,C011093,2025-02-10 22:00:00,Male,40,Silver,Shopee,Bangkok,1452,Shopee,Bank_Transfer,22,2,0,0,30-40,48.4,0.0,0.0,0.0,-1,-1,0.0,0.0,0.0,0.0,0.0,0.0,0,0,0.0,0.0,0,0,0.0,0.0,0,0,0.0,0.0,0,0,0.0,0
LGS2ORD0005170,C010610,2025-02-10 22:00:00,Female,53,Gold,Web,Phuket,1356,TV_Show,Credit_Card,22,2,0,0,>50,45.2,1.0,0.0,0.0,-1,39,1609.74,0.13,1.0,0.0,0.0,0.0,0,0,0.0,0.0,0,0,0.0,1609.74,1,0,0.0,1609.74,1,0,0.0,0
LGS2ORD0005171,C010323,2025-02-10 23:00:00,Female,31,Bronze,CallCenter,Bangkok,542,Lazada,Bank_Transfer,23,2,0,0,30-40,18.066666666666666,0.0,0.0,0.0,-1,-1,0.0,0.0,0.0,0.0,0.0,0.0,0,0,0.0,0.0,0,0,0.0,0.0,0,0,0.0,0.0,0,0,0.0,0
LGS2ORD0005172,C015085,2025-02-10 23:00:00,Female,39,Bronze,Shopee,Remote_Area,1122,Shopee,Bank_Transfer,23,2,0,0,30-40,37.4,0.0,0.0,0.0,-1,-1,0.0,0.0,0.0,0.0,0.0,0.0,0,0,0.0,0.0,0,0,0.0,0.0,0,0,0.0,0.0,0,0,0.0,0
LGS2ORD0005173,C016029,2025-02-10 23:00:00,Male,43,Silver,Shopee,Khon Kaen,433,Shopee,COD,23,2,0,0,40-50,14.433333333333334,0.0,0.0,0.0,-1,-1,0.0,0.0,0.0,0.0,0.0,0.0,0,0,0.0,0.0,0,0,0.0,0.0,0,0,0.0,0.0,0,0,0.0,1
LGS2ORD0005174,C015533,2025-02-10 23:00:00,Female,22,Silver,CallCenter,Bangkok,961,Web,COD,23,2,0,0,20-30,32.03333333333333,1.0,0.0,0.0,-1,18,519.84,0.15,0.0,0.0,0.0,0.0,0,0,0.0,519.84,1,0,0.0,519.84,1,0,0.0,519.84,1,0,0.0,0
LGS2ORD0005175,C011059,2025-02-10 23:00:00,Male,64,Gold,TV,Chonburi,1034,Lazada,COD,23,2,0,0,>50,34.46666666666667,2.0,1.0,0.5,10,23,3023.54,0.33,1.0,1.0,0.0,0.0,0,0,0.0,6047.08,2,1,0.5,6047.08,2,1,0.5,6047.08,2,1,0.5,1
LGS2ORD0005176,C013900,2025-02-11 00:00:00,Female,39,Bronze,Shopee,Khon Kaen,570,TV_Show,COD,0,2,1,0,30-40,19.0,0.0,0.0,0.0,-1,-1,0.0,0.0,0.0,0.0,0.0,0.0,0,0,0.0,0.0,0,0,0.0,0.0,0,0,0.0,0.0,0,0,0.0,0
LGS2ORD0005177,C014959,2025-02-11 00:00:00,Female,50,Gold,TV,Khon Kaen,633,Web,COD,0,2,1,0,40-50,21.1,2.0,0.0,0.0,-1,8,584.89,0.28,0.5,0.5,0.0,0.0,0,0,0.0,1018.9,1,0,0.0,1169.78,2,0,0.0,1169.78,2,0,0.0,1
LGS2ORD0005178,C014546,2025-02-11 00:00:00,Male,39,Bronze,Shopee,Khon Kaen,933,TV_Show,PromptPay,0,2,1,0,30-40,31.1,0.0,0.0,0.0,-1,-1,0.0,0.0,0.0,0.0,0.0,0.0,0,0,0.0,0.0,0,0,0.0,0.0,0,0,0.0,0.0,0,0,0.0,0
LGS2ORD0005179,C013224,2025-02-11 00:00:00,Male,37,Bronze,Web,Bangkok,833,CallCenter,COD,0,2,1,0,30-40,27.766666666666666,1.0,0.0,0.0,-1,19,794.39,0.03,1.0,0.0,0.0,0.0,0,0,0.0,794.39,1,0,0.0,794.39,1,0,0.0,794.39,1,0,0.0,1
LGS2ORD0005180,C011701,2025-02-11 00:00:00,Female,54,Bronze,Web,Phuket,221,Lazada,PromptPay,0,2,1,0,>50,7.366666666666666,1.0,0.0,0.0,-1,3,2969.58,0.08,1.0,0.0,0.0,2969.58,1,0,0.0,2969.58,1,0,0.0,2969.58,1,0,0.0,2969.58,1,0,0.0,0
LGS2ORD0005181,C017076,2025-02-11 01:00:00,Female,49,Silver,Web,Nakhon Ratchasima,1237,Web,COD,1,2,1,0,40-50,41.233333333333334,1.0,0.0,0.0,-1,24,1792.23,0.15,0.0,0.0,0.0,0.0,0,0,0.0,1792.23,1,0,0.0,1792.23,1,0,0.0,1792.23,1,0,0.0,0
LGS2ORD0005182,C017091,2025-02-11 01:00:00,Male,56,Silver,Lazada,Bangkok,171,Web,COD,1,2,1,0,>50,5.7,0.0,0.0,0.0,-1,-1,0.0,0.0,0.0,0.0,0.0,0.0,0,0,0.0,0.0,0,0,0.0,0.0,0,0,0.0,0.0,0,0,0.0,1
LGS2ORD0005183,C013995,2025-02-11 01:00:00,Female,56,Silver,Shopee,Khon Kaen,1338,TV_Show,COD,1,2,1,0,>50,44.6,1.0,0.0,0.0,-1,29,1247.37,0.25,1.0,1.0,0.0,0.0,0,0,0.0,1247.37,1,0,0.0,1247.37,1,0,0.0,1247.37,1,0,0.0,0
LGS2ORD0005184,C010031,2025-02-11 01:00:00,Male,40,Bronze,TV,Bangkok,1393,CallCenter,COD,1,2,1,0,30-40,46.43333333333333,0.0,0.0,0.0,-1,-1,0.0,0.0,0.0,0.0,0.0,0.0,0,0,0.0,0.0,0,0,0.0,0.0,0,0,0.0,0.0,0,0,0.0,0
LGS2ORD0005185,C012086,2025-02-11 01:00:00,Male,62,Silver,Shopee,Bangkok,1315,CallCenter,Credit_Card,1,2,1,0,>50,43.833333333333336,1.0,0.0,0.0,-1,22,1164.09,0.1,1.0,0.0,0.0,0.0,0,0,0.0,1164.09,1,0,0.0,1164.09,1,0,0.0,1164.09,1,0,0.0,0
LGS2ORD0005186,C017861,2025-02-11 01:00:00,Male,51,Bronze,Lazada,Chonburi,259,TV_Show,Credit_Card,1,2,1,0,>50,8.633333333333333,0.0,0.0,0.0,-1,-1,0.0,0.0,0.0,0.0,0.0,0.0,0,0,0.0,0.0,0,0,0.0,0.0,0,0,0.0,0.0,0,0,0.0,0
LGS2ORD0005187,C011760,2025-02-11 02:00:00,Male,27,Bronze,TV,Khon Kaen,118,TV_Show,Credit_Card,2,2,1,0,20-30,3.933333333333333,0.0,0.0,0.0,-1,-1,0.0,0.0,0.0,0.0,0.0,0.0,0,0,0.0,0.0,0,0,0.0,0.0,0,0,0.0,0.0,0,0,0.0,0
LGS2ORD0005188,C017413,2025-02-11 02:00:00,Female,21,Gold,CallCenter,Bangkok,1023,CallCenter,COD,2,2,1,0,20-30,34.1,0.0,0.0,0.0,-1,-1,0.0,0.0,0.0,0.0,0.0,0.0,0,0,0.0,0.0,0,0,0.0,0.0,0,0,0.0,0.0,0,0,0.0,1
LGS2ORD0005189,C013394,2025-02-11 02:00:00,Female,41,Bronze,TV,Bangkok,784,TV_Show,COD,2,2,1,0,40-50,26.133333333333333,0.0,0.0,0.0,-1,-1,0.0,0.0,0.0,0.0,0.0,0.0,0,0,0.0,0.0,0,0,0.0,0.0,0,0,0.0,0.0,0,0,0.0,0
LGS2ORD0005190,C015025,2025-02-11 02:00:00,Male,23,Silver,Web,Chiang Mai,1416,TV_Show,COD,2,2,1,0,20-30,47.2,1.0,0.0,0.0,-1,0,9313.57,0.05,0.0,0.0,0.0,9313.57,1,0,0.0,9313.57,1,0,0.0,9313.57,1,0,0.0,9313.57,1,0,0.0,0
LGS2ORD0005191,C010343,2025-02-11 02:00:00,Female,44,Bronze,Lazada,Remote_Area,432,TV_Show,COD,2,2,1,0,40-50,14.4,0.0,0.0,0.0,-1,-1,0.0,0.0,0.0,0.0,0.0,0.0,0,0,0.0,0.0,0,0,0.0,0.0,0,0,0.0,0.0,0,0,0.0,1
LGS2ORD0005192,C013467,2025-02-11 03:00:00,Female,39,Silver,Web,Bangkok,1309,Web,COD,3,2,1,0,30-40,43.63333333333333,1.0,1.0,1.0,-11,3,730.81,0.25,1.0,1.0,0.0,730.81,1,1,1.0,730.81,1,1,1.0,730.81,1,1,1.0,730.81,1,1,1.0,0
LGS2ORD0005193,C017939,2025-02-11 03:00:00,Male,69,Silver,CallCenter,Nakhon Ratchasima,361,Shopee,COD,3,2,1,0,>50,12.033333333333333,0.0,0.0,0.0,-1,-1,0.0,0.0,0.0,0.0,0.0,0.0,0,0,0.0,0.0,0,0,0.0,0.0,0,0,0.0,0.0,0,0,0.0,1
LGS2ORD0005194,C014909,2025-02-11 03:00:00,Female,44,Bronze,Shopee,Phuket,294,TV_Show,PromptPay,3,2,1,0,40-50,9.8,0.0,0.0,0.0,-1,-1,0.0,0.0,0.0,0.0,0.0,0.0,0,0,0.0,0.0,0,0,0.0,0.0,0,0,0.0,0.0,0,0,0.0,0
LGS2ORD0005195,C010689,2025-02-11 03:00:00,Female,45,Gold,Lazada,Chonburi,117,Shopee,PromptPay,3,2,1,0,40-50,3.9,0.0,0.0,0.0,-1,-1,0.0,0.0,0.0,0.0,0.0,0.0,0,0,0.0,0.0,0,0,0.0,0.0,0,0,0.0,0.0,0,0,0.0,0
LGS2ORD0005196,C016692,2025-02-11 03:00:00,Female,60,Gold,Lazada,Chiang Mai,328,TV_Show,COD,3,2,1,0,>50,10.933333333333334,0.0,0.0,0.0,-1,-1,0.0,0.0,0.0,0.0,0.0,0.0,0,0,0.0,0.0,0,0,0.0,0.0,0,0,0.0,0.0,0,0,0.0,0
LGS2ORD0005197,C016122,2025-02-11 04:00:00,Female,21,Platinum,Shopee,Bangkok,611,TV_Show,Bank_Transfer,4,2,1,0,20-30,20.366666666666667,0.0,0.0,0.0,-1,-1,0.0,0.0,0.0,0.0,0.0,0.0,0,0,0.0,0.0,0,0,0.0,0.0,0,0,0.0,0.0,0,0,0.0,0
LGS2ORD0005198,C013892,2025-02-11 04:00:00,Female,28,Bronze,CallCenter,Bangkok,523,Shopee,Credit_Card,4,2,1,0,20-30,17.433333333333334,0.0,0.0,0.0,-1,-1,0.0,0.0,0.0,0.0,0.0,0.0,0,0,0.0,0.0,0,0,0.0,0.0,0,0,0.0,0.0,0,0,0.0,0
LGS2ORD0005199,C016836,2025-02-11 04:00:00,Male,21,Silver,Web,Khon Kaen,128,CallCenter,COD,4,2,1,0,20-30,4.266666666666667,1.0,0.0,0.0,-1,25,1497.2,0.25,1.0,1.0,0.0,0.0,0,0,0.0,1497.2,1,0,0.0,1497.2,1,0,0.0,1497.2,1,0,0.0,1
LGS2ORD0005200,C012818,2025-02-11 04:00:00,Male,37,Silver,Web,Chonburi,594,TV_Show,PromptPay,4,2,1,0,30-40,19.8,1.0,0.0,0.0,-1,40,898.75,0.2,1.0,0.0,0.0,0.0,0,0,0.0,0.0,0,0,0.0,898.75,1,0,0.0,898.75,1,0,0.0,1
LGS2ORD0005201,C014518,2025-02-11 04:00:00,Female,21,Bronze,Shopee,Songkhla,124,Web,COD,4,2,1,0,20-30,4.133333333333334,2.0,1.0,0.5,21,7,11443.365,0.23,1.0,0.5,0.0,0.0,0,0,0.0,22886.73,2,1,0.5,22886.73,2,1,0.5,22886.73,2,1,0.5,1
LGS2ORD0005202,C012096,2025-02-11 05:00:00,Male,53,Gold,Web,Bangkok,658,TV_Show,COD,5,2,1,0,>50,21.933333333333334,0.0,0.0,0.0,-1,-1,0.0,0.0,0.0,0.0,0.0,0.0,0,0,0.0,0.0,0,0,0.0,0.0,0,0,0.0,0.0,0,0,0.0,1
LGS2ORD0005203,C017441,2025-02-11 05:00:00,Female,45,Bronze,TV,Chiang Mai,107,TV_Show,PromptPay,5,2,1,0,40-50,3.566666666666667,2.0,0.0,0.0,-1,12,1554.25,0.08,0.0,0.0,0.0,0.0,0,0,0.0,1859.19,1,0,0.0,3108.5,2,0,0.0,3108.5,2,0,0.0,0
LGS2ORD0005204,C011505,2025-02-11 05:00:00,Male,37,Platinum,TV,Khon Kaen,1479,Shopee,PromptPay,5,2,1,0,30-40,49.3,0.0,0.0,0.0,-1,-1,0.0,0.0,0.0,0.0,0.0,0.0,0,0,0.0,0.0,0,0,0.0,0.0,0,0,0.0,0.0,0,0,0.0,0
LGS2ORD0005205,C013497,2025-02-11 05:00:00,Male,36,Bronze,Shopee,Chiang Mai,68,Shopee,COD,5,2,1,0,30-40,2.2666666666666666,0.0,0.0,0.0,-1,-1,0.0,0.0,0.0,0.0,0.0,0.0,0,0,0.0,0.0,0,0,0.0,0.0,0,0,0.0,0.0,0,0,0.0,0
LGS2ORD0005206,C017024,2025-02-11 05:00:00,Female,29,Bronze,TV,Nakhon Ratchasima,335,Lazada,COD,5,2,1,0,20-30,11.166666666666666,0.0,0.0,0.0,-1,-1,0.0,0.0,0.0,0.0,0.0,0.0,0,0,0.0,0.0,0,0,0.0,0.0,0,0,0.0,0.0,0,0,0.0,0
LGS2ORD0005207,C012644,2025-02-11 05:00:00,Male,32,Bronze,Web,Bangkok,1396,CallCenter,COD,5,2,1,0,30-40,46.53333333333333,1.0,0.0,0.0,-1,10,29649.96,0.13,1.0,0.0,0.0,0.0,0,0,0.0,29649.96,1,0,0.0,29649.96,1,0,0.0,29649.96,1,0,0.0,1
LGS2ORD0005208,C012096,2025-02-11 06:00:00,Male,53,Gold,Web,Bangkok,658,Shopee,PromptPay,6,2,1,0,>50,21.933333333333334,1.0,1.0,1.0,-14,0,1475.52,0.28,1.0,1.0,0.0,1475.52,1,1,1.0,1475.52,1,1,1.0,1475.52,1,1,1.0,1475.52,1,1,1.0,1
LGS2ORD0005209,C011568,2025-02-11 06:00:00,Female,43,Bronze,Web,Remote_Area,284,TV_Show,COD,6,2,1,0,40-50,9.466666666666667,2.0,1.0,0.5,17,23,5939.145,0.08,0.5,0.0,0.0,0.0,0,0,0.0,9795.28,1,0,0.0,11878.29,2,1,0.5,11878.29,2,1,0.5,0
LGS2ORD0005210,C011002,2025-02-11 06:00:00,Female,53,Gold,TV,Remote_Area,988,CallCenter,COD,6,2,1,0,>50,32.93333333333333,2.0,1.0,0.5,-7,1,1157.445,0.2299999999999999,0.5,1.0,0.0,569.54,1,1,1.0,569.54,1,1,1.0,2314.89,2,1,0.5,2314.89,2,1,0.5,1
LGS2ORD0005211,C015477,2025-02-11 06:00:00,Female,46,Bronze,Shopee,Chonburi,1063,Lazada,COD,6,2,1,0,40-50,35.43333333333333,1.0,0.0,0.0,-1,25,7435.5,0.18,0.0,0.0,0.0,0.0,0,0,0.0,7435.5,1,0,0.0,7435.5,1,0,0.0,7435.5,1,0,0.0,1
LGS2ORD0005212,C015783,2025-02-11 06:00:00,Female,44,Gold,CallCenter,Chonburi,560,Web,COD,6,2,1,0,40-50,18.666666666666668,0.0,0.0,0.0,-1,-1,0.0,0.0,0.0,0.0,0.0,0.0,0,0,0.0,0.0,0,0,0.0,0.0,0,0,0.0,0.0,0,0,0.0,0
LGS2ORD0005213,C017211,2025-02-11 07:00:00,Male,62,Bronze,Shopee,Nakhon Ratchasima,121,Shopee,COD,7,2,1,0,>50,4.033333333333333,2.0,0.0,0.0,-1,8,1414.455,0.03,0.5,0.0,0.0,0.0,0,0,0.0,2828.91,2,0,0.0,2828.91,2,0,0.0,2828.91,2,0,0.0,0
LGS2ORD0005214,C015500,2025-02-11 07:00:00,Female,48,Bronze,Shopee,Bangkok,437,Lazada,COD,7,2,1,0,40-50,14.566666666666666,1.0,0.0,0.0,-1,6,891.14,0.18,0.0,0.0,0.0,891.14,1,0,0.0,891.14,1,0,0.0,891.14,1,0,0.0,891.14,1,0,0.0,0
LGS2ORD0005215,C014894,2025-02-11 07:00:00,Male,47,Silver,TV,Chonburi,718,TV_Show,COD,7,2,1,0,40-50,23.933333333333334,0.0,0.0,0.0,-1,-1,0.0,0.0,0.0,0.0,0.0,0.0,0,0,0.0,0.0,0,0,0.0,0.0,0,0,0.0,0.0,0,0,0.0,0
LGS2ORD0005216,C016221,2025-02-11 07:00:00,Female,28,Bronze,TV,Remote_Area,1304,Lazada,PromptPay,7,2,1,0,20-30,43.46666666666667,2.0,1.0,0.5,21,2,4986.545,0.28,0.5,1.0,0.0,8334.58,1,0,0.0,9973.09,2,1,0.5,9973.09,2,1,0.5,9973.09,2,1,0.5,0
LGS2ORD0005217,C016438,2025-02-11 07:00:00,Female,44,Bronze,CallCenter,Khon Kaen,946,Shopee,COD,7,2,1,0,40-50,31.533333333333335,1.0,1.0,1.0,19,27,4454.63,0.13,1.0,0.0,0.0,0.0,0,0,0.0,4454.63,1,1,1.0,4454.63,1,1,1.0,4454.63,1,1,1.0,0
LGS2ORD0005218,C017638,2025-02-11 08:00:00,Female,61,Silver,TV,Bangkok,1289,CallCenter,COD,8,2,1,0,>50,42.96666666666667,0.0,0.0,0.0,-1,-1,0.0,0.0,0.0,0.0,0.0,0.0,0,0,0.0,0.0,0,0,0.0,0.0,0,0,0.0,0.0,0,0,0.0,1
LGS2ORD0005219,C012283,2025-02-11 08:00:00,Female,45,Bronze,TV,Bangkok,191,Shopee,COD,8,2,1,0,40-50,6.366666666666666,2.0,0.0,0.0,-1,9,4716.05,0.28,0.5,0.5,0.0,0.0,0,0,0.0,9432.1,2,0,0.0,9432.1,2,0,0.0,9432.1,2,0,0.0,0
LGS2ORD0005220,C013472,2025-02-11 08:00:00,Female,43,Gold,TV,Remote_Area,866,TV_Show,Credit_Card,8,2,1,0,40-50,28.866666666666667,0.0,0.0,0.0,-1,-1,0.0,0.0,0.0,0.0,0.0,0.0,0,0,0.0,0.0,0,0,0.0,0.0,0,0,0.0,0.0,0,0,0.0,0
LGS2ORD0005221,C017132,2025-02-11 08:00:00,Male,61,Silver,TV,Bangkok,570,Lazada,Bank_Transfer,8,2,1,0,>50,19.0,2.0,2.0,1.0,7,14,7378.74,0.2,0.5,0.0,0.0,0.0,0,0,0.0,14757.48,2,2,1.0,14757.48,2,2,1.0,14757.48,2,2,1.0,0
LGS2ORD0005222,C013735,2025-02-11 08:00:00,Female,34,Gold,CallCenter,Bangkok,1023,Shopee,COD,8,2,1,0,30-40,34.1,0.0,0.0,0.0,-1,-1,0.0,0.0,0.0,0.0,0.0,0.0,0,0,0.0,0.0,0,0,0.0,0.0,0,0,0.0,0.0,0,0,0.0,0
LGS2ORD0005223,C015857,2025-02-11 09:00:00,Male,63,Silver,Web,Nakhon Ratchasima,512,TV_Show,Bank_Transfer,9,2,1,0,>50,17.066666666666666,2.0,0.0,0.0,-1,29,14172.185000000001,0.3,0.0,0.5,0.0,0.0,0,0,0.0,12253.19,1,0,0.0,28344.370000000003,2,0,0.0,28344.370000000003,2,0,0.0,0
LGS2ORD0005224,C010224,2025-02-11 09:00:00,Female,64,Bronze,Web,Khon Kaen,183,Shopee,COD,9,2,1,0,>50,6.1,1.0,1.0,1.0,20,35,9173.28,0.13,1.0,0.0,0.0,0.0,0,0,0.0,0.0,0,0,0.0,9173.28,1,1,1.0,9173.28,1,1,1.0,0
LGS2ORD0005225,C014637,2025-02-11 09:00:00,Female,44,Bronze,Web,Bangkok,1089,Web,Credit_Card,9,2,1,0,40-50,36.3,1.0,0.0,0.0,-1,38,818.48,0.13,0.0,0.0,0.0,0.0,0,0,0.0,0.0,0,0,0.0,818.48,1,0,0.0,818.48,1,0,0.0,0
LGS2ORD0005226,C014455,2025-02-11 09:00:00,Male,31,Gold,Web,Chiang Mai,1246,Shopee,COD,9,2,1,0,30-40,41.53333333333333,1.0,0.0,0.0,-1,3,1216.76,0.13,1.0,0.0,0.0,1216.76,1,0,0.0,1216.76,1,0,0.0,1216.76,1,0,0.0,1216.76,1,0,0.0,1
LGS2ORD0005227,C014594,2025-02-11 09:00:00,Female,41,Silver,CallCenter,Nakhon Ratchasima,1262,Shopee,Credit_Card,9,2,1,0,40-50,42.06666666666667,0.0,0.0,0.0,-1,-1,0.0,0.0,0.0,0.0,0.0,0.0,0,0,0.0,0.0,0,0,0.0,0.0,0,0,0.0,0.0,0,0,0.0,0
LGS2ORD0005228,C013382,2025-02-11 09:00:00,Female,48,Platinum,Shopee,Chonburi,1451,Web,Credit_Card,9,2,1,0,40-50,48.36666666666667,1.0,1.0,1.0,13,26,7215.9,0.25,1.0,1.0,0.0,0.0,0,0,0.0,7215.9,1,1,1.0,7215.9,1,1,1.0,7215.9,1,1,1.0,0
LGS2ORD0005229,C016342,2025-02-11 10:00:00,Female,27,Gold,TV,Chiang Mai,972,Lazada,COD,10,2,1,0,20-30,32.4,0.0,0.0,0.0,-1,-1,0.0,0.0,0.0,0.0,0.0,0.0,0,0,0.0,0.0,0,0,0.0,0.0,0,0,0.0,0.0,0,0,0.0,0
LGS2ORD0005230,C013229,2025-02-11 10:00:00,Male,50,Gold,Shopee,Remote_Area,747,Shopee,COD,10,2,1,0,40-50,24.9,1.0,0.0,0.0,-1,34,2350.65,0.28,0.0,1.0,0.0,0.0,0,0,0.0,0.0,0,0,0.0,2350.65,1,0,0.0,2350.65,1,0,0.0,0
LGS2ORD0005231,C017250,2025-02-11 10:00:00,Male,52,Bronze,Web,Bangkok,1135,Shopee,COD,10,2,1,0,>50,37.833333333333336,0.0,0.0,0.0,-1,-1,0.0,0.0,0.0,0.0,0.0,0.0,0,0,0.0,0.0,0,0,0.0,0.0,0,0,0.0,0.0,0,0,0.0,0
LGS2ORD0005232,C015175,2025-02-11 10:00:00,Female,26,Bronze,Web,Remote_Area,464,Lazada,COD,10,2,1,0,20-30,15.466666666666667,0.0,0.0,0.0,-1,-1,0.0,0.0,0.0,0.0,0.0,0.0,0,0,0.0,0.0,0,0,0.0,0.0,0,0,0.0,0.0,0,0,0.0,0
LGS2ORD0005233,C014919,2025-02-11 10:00:00,Male,40,Bronze,TV,Songkhla,1313,TV_Show,PromptPay,10,2,1,0,30-40,43.766666666666666,1.0,0.0,0.0,-1,39,10141.6,0.18,1.0,0.0,0.0,0.0,0,0,0.0,0.0,0,0,0.0,10141.6,1,0,0.0,10141.6,1,0,0.0,0
LGS2ORD0005234,C012994,2025-02-11 11:00:00,Male,28,Bronze,TV,Nakhon Ratchasima,257,TV_Show,COD,11,2,1,0,20-30,8.566666666666666,1.0,0.0,0.0,-1,34,5401.84,0.18,1.0,0.0,0.0,0.0,0,0,0.0,0.0,0,0,0.0,5401.84,1,0,0.0,5401.84,1,0,0.0,0
LGS2ORD0005235,C012438,2025-02-11 11:00:00,Female,37,Silver,TV,Bangkok,294,Lazada,Credit_Card,11,2,1,0,30-40,9.8,0.0,0.0,0.0,-1,-1,0.0,0.0,0.0,0.0,0.0,0.0,0,0,0.0,0.0,0,0,0.0,0.0,0,0,0.0,0.0,0,0,0.0,0
LGS2ORD0005236,C015262,2025-02-11 11:00:00,Female,27,Bronze,Lazada,Nakhon Ratchasima,271,Web,COD,11,2,1,0,20-30,9.033333333333333,1.0,0.0,0.0,-1,1,9328.32,0.03,0.0,0.0,0.0,9328.32,1,0,0.0,9328.32,1,0,0.0,9328.32,1,0,0.0,9328.32,1,0,0.0,0
LGS2ORD0005237,C017669,2025-02-11 11:00:00,Female,33,Bronze,TV,Remote_Area,519,TV_Show,Credit_Card,11,2,1,0,30-40,17.3,2.0,1.0,0.5,29,12,7711.285,0.23,0.5,0.5,0.0,0.0,0,0,0.0,7870.82,1,0,0.0,15422.57,2,1,0.5,15422.57,2,1,0.5,0
LGS2ORD0005238,C014585,2025-02-11 11:00:00,Male,55,Bronze,TV,Khon Kaen,579,TV_Show,COD,11,2,1,0,>50,19.3,0.0,0.0,0.0,-1,-1,0.0,0.0,0.0,0.0,0.0,0.0,0,0,0.0,0.0,0,0,0.0,0.0,0,0,0.0,0.0,0,0,0.0,0
LGS2ORD0005239,C010278,2025-02-11 12:00:00,Male,36,Bronze,TV,Khon Kaen,1169,Shopee,Credit_Card,12,2,1,0,30-40,38.96666666666667,0.0,0.0,0.0,-1,-1,0.0,0.0,0.0,0.0,0.0,0.0,0,0,0.0,0.0,0,0,0.0,0.0,0,0,0.0,0.0,0,0,0.0,0
LGS2ORD0005240,C014369,2025-02-11 12:00:00,Female,33,Bronze,Web,Chonburi,594,Shopee,COD,12,2,1,0,30-40,19.8,2.0,0.0,0.0,-1,1,4085.9300000000003,0.28,0.5,0.5,0.0,8171.860000000001,2,0,0.0,8171.860000000001,2,0,0.0,8171.860000000001,2,0,0.0,8171.860000000001,2,0,0.0,0
LGS2ORD0005241,C013155,2025-02-11 12:00:00,Female,72,Silver,Lazada,Khon Kaen,234,Lazada,Credit_Card,12,2,1,0,>50,7.8,0.0,0.0,0.0,-1,-1,0.0,0.0,0.0,0.0,0.0,0.0,0,0,0.0,0.0,0,0,0.0,0.0,0,0,0.0,0.0,0,0,0.0,1
LGS2ORD0005242,C016435,2025-02-11 12:00:00,Male,46,Silver,Web,Bangkok,1070,CallCenter,Credit_Card,12,2,1,0,40-50,35.666666666666664,0.0,0.0,0.0,-1,-1,0.0,0.0,0.0,0.0,0.0,0.0,0,0,0.0,0.0,0,0,0.0,0.0,0,0,0.0,0.0,0,0,0.0,0
LGS2ORD0005243,C015360,2025-02-11 12:00:00,Female,43,Bronze,Shopee,Bangkok,1281,TV_Show,COD,12,2,1,0,40-50,42.7,0.0,0.0,0.0,-1,-1,0.0,0.0,0.0,0.0,0.0,0.0,0,0,0.0,0.0,0,0,0.0,0.0,0,0,0.0,0.0,0,0,0.0,1
LGS2ORD0005244,C015609,2025-02-11 13:00:00,Female,53,Silver,Shopee,Songkhla,1199,Shopee,COD,13,2,1,0,>50,39.96666666666667,0.0,0.0,0.0,-1,-1,0.0,0.0,0.0,0.0,0.0,0.0,0,0,0.0,0.0,0,0,0.0,0.0,0,0,0.0,0.0,0,0,0.0,0
LGS2ORD0005245,C011475,2025-02-11 13:00:00,Male,34,Bronze,TV,Bangkok,1216,CallCenter,COD,13,2,1,0,30-40,40.53333333333333,0.0,0.0,0.0,-1,-1,0.0,0.0,0.0,0.0,0.0,0.0,0,0,0.0,0.0,0,0,0.0,0.0,0,0,0.0,0.0,0,0,0.0,1
LGS2ORD0005246,C011809,2025-02-11 13:00:00,Female,37,Bronze,TV,Songkhla,518,TV_Show,COD,13,2,1,0,30-40,17.266666666666666,2.0,1.0,0.5,29,18,5002.45,0.13,1.0,0.0,0.0,0.0,0,0,0.0,9439.5,1,0,0.0,10004.9,2,1,0.5,10004.9,2,1,0.5,0
LGS2ORD0005247,C013241,2025-02-11 13:00:00,Female,46,Bronze,Lazada,Khon Kaen,1346,Web,COD,13,2,1,0,40-50,44.86666666666667,0.0,0.0,0.0,-1,-1,0.0,0.0,0.0,0.0,0.0,0.0,0,0,0.0,0.0,0,0,0.0,0.0,0,0,0.0,0.0,0,0,0.0,0
LGS2ORD0005248,C016296,2025-02-11 13:00:00,Male,42,Bronze,Web,Nakhon Ratchasima,363,Lazada,COD,13,2,1,0,40-50,12.1,1.0,1.0,1.0,13,20,1976.24,0.18,1.0,0.0,0.0,0.0,0,0,0.0,1976.24,1,1,1.0,1976.24,1,1,1.0,1976.24,1,1,1.0,1
LGS2ORD0005249,C011381,2025-02-11 13:00:00,Female,51,Gold,Lazada,Bangkok,1486,Web,Bank_Transfer,13,2,1,0,>50,49.53333333333333,0.0,0.0,0.0,-1,-1,0.0,0.0,0.0,0.0,0.0,0.0,0,0,0.0,0.0,0,0,0.0,0.0,0,0,0.0,0.0,0,0,0.0,0
LGS2ORD0005250,C015270,2025-02-11 14:00:00,Male,49,Silver,TV,Khon Kaen,1211,Shopee,Credit_Card,14,2,1,0,40-50,40.36666666666667,1.0,0.0,0.0,-1,9,1603.28,0.2,0.0,0.0,0.0,0.0,0,0,0.0,1603.28,1,0,0.0,1603.28,1,0,0.0,1603.28,1,0,0.0,0
LGS2ORD0005251,C015659,2025-02-11 14:00:00,Female,41,Silver,Shopee,Phuket,1083,Web,PromptPay,14,2,1,0,40-50,36.1,0.0,0.0,0.0,-1,-1,0.0,0.0,0.0,0.0,0.0,0.0,0,0,0.0,0.0,0,0,0.0,0.0,0,0,0.0,0.0,0,0,0.0,0
LGS2ORD0005252,C014898,2025-02-11 14:00:00,Female,30,Bronze,TV,Bangkok,638,Shopee,COD,14,2,1,0,20-30,21.266666666666666,1.0,0.0,0.0,-1,16,626.93,0.28,1.0,1.0,0.0,0.0,0,0,0.0,626.93,1,0,0.0,626.93,1,0,0.0,626.93,1,0,0.0,1
LGS2ORD0005253,C016795,2025-02-11 14:00:00,Male,42,Bronze,Web,Bangkok,951,TV_Show,COD,14,2,1,0,40-50,31.7,0.0,0.0,0.0,-1,-1,0.0,0.0,0.0,0.0,0.0,0.0,0,0,0.0,0.0,0,0,0.0,0.0,0,0,0.0,0.0,0,0,0.0,1
LGS2ORD0005254,C012933,2025-02-11 14:00:00,Female,40,Bronze,Shopee,Phuket,216,TV_Show,COD,14,2,1,0,30-40,7.2,1.0,0.0,0.0,-1,21,9002.55,0.08,0.0,0.0,0.0,0.0,0,0,0.0,9002.55,1,0,0.0,9002.55,1,0,0.0,9002.55,1,0,0.0,1
LGS2ORD0005255,C016627,2025-02-11 15:00:00,Male,38,Silver,Web,Bangkok,593,TV_Show,COD,15,2,1,0,30-40,19.766666666666666,1.0,0.0,0.0,-1,18,1580.64,0.1,1.0,0.0,0.0,0.0,0,0,0.0,1580.64,1,0,0.0,1580.64,1,0,0.0,1580.64,1,0,0.0,0
LGS2ORD0005256,C013364,2025-02-11 15:00:00,Male,29,Silver,TV,Phuket,386,Web,PromptPay,15,2,1,0,20-30,12.866666666666667,2.0,1.0,0.5,12,20,376.675,0.25,0.0,0.5,0.0,0.0,0,0,0.0,753.35,2,1,0.5,753.35,2,1,0.5,753.35,2,1,0.5,0
LGS2ORD0005257,C013213,2025-02-11 15:00:00,Female,53,Bronze,Web,Songkhla,1303,Shopee,COD,15,2,1,0,>50,43.43333333333333,1.0,1.0,1.0,6,8,1315.16,0.28,1.0,1.0,0.0,0.0,0,0,0.0,1315.16,1,1,1.0,1315.16,1,1,1.0,1315.16,1,1,1.0,1
LGS2ORD0005258,C011701,2025-02-11 15:00:00,Female,54,Bronze,Web,Phuket,221,CallCenter,Bank_Transfer,15,2,1,0,>50,7.366666666666666,2.0,0.0,0.0,-1,0,2466.105,0.08,0.5,0.0,0.0,4932.21,2,0,0.0,4932.21,2,0,0.0,4932.21,2,0,0.0,4932.21,2,0,0.0,1
LGS2ORD0005259,C011664,2025-02-11 15:00:00,Female,18,Gold,Web,Bangkok,1321,TV_Show,Credit_Card,15,2,1,0,<20,44.03333333333333,2.0,0.0,0.0,-1,6,2471.66,0.28,0.5,0.5,0.0,664.46,1,0,0.0,664.46,1,0,0.0,4943.32,2,0,0.0,4943.32,2,0,0.0,0
LGS2ORD0005260,C015890,2025-02-11 16:00:00,Male,43,Bronze,Shopee,Phuket,623,TV_Show,PromptPay,16,2,1,0,40-50,20.766666666666666,0.0,0.0,0.0,-1,-1,0.0,0.0,0.0,0.0,0.0,0.0,0,0,0.0,0.0,0,0,0.0,0.0,0,0,0.0,0.0,0,0,0.0,0
LGS2ORD0005261,C011847,2025-02-11 16:00:00,Female,50,Bronze,Web,Nakhon Ratchasima,562,Shopee,COD,16,2,1,0,40-50,18.733333333333334,0.0,0.0,0.0,-1,-1,0.0,0.0,0.0,0.0,0.0,0.0,0,0,0.0,0.0,0,0,0.0,0.0,0,0,0.0,0.0,0,0,0.0,1
LGS2ORD0005262,C011575,2025-02-11 16:00:00,Female,36,Bronze,TV,Chiang Mai,1153,TV_Show,COD,16,2,1,0,30-40,38.43333333333333,1.0,1.0,1.0,-12,3,1363.82,0.23,0.0,1.0,0.0,1363.82,1,1,1.0,1363.82,1,1,1.0,1363.82,1,1,1.0,1363.82,1,1,1.0,0
LGS2ORD0005263,C016894,2025-02-11 16:00:00,Other,53,Bronze,Shopee,Bangkok,1432,TV_Show,COD,16,2,1,0,>50,47.733333333333334,2.0,0.0,0.0,-1,18,2651.085,0.18,0.0,0.0,0.0,0.0,0,0,0.0,1867.26,1,0,0.0,5302.17,2,0,0.0,5302.17,2,0,0.0,0
LGS2ORD0005264,C014728,2025-02-11 16:00:00,Male,34,Bronze,TV,Remote_Area,265,Shopee,COD,16,2,1,0,30-40,8.833333333333334,1.0,0.0,0.0,-1,25,24315.64,0.18,0.0,0.0,0.0,0.0,0,0,0.0,24315.64,1,0,0.0,24315.64,1,0,0.0,24315.64,1,0,0.0,0
LGS2ORD0005265,C015492,2025-02-11 16:00:00,Male,67,Bronze,Shopee,Bangkok,854,CallCenter,Credit_Card,16,2,1,0,>50,28.466666666666665,0.0,0.0,0.0,-1,-1,0.0,0.0,0.0,0.0,0.0,0.0,0,0,0.0,0.0,0,0,0.0,0.0,0,0,0.0,0.0,0,0,0.0,0
LGS2ORD0005266,C017817,2025-02-11 17:00:00,Male,18,Gold,Web,Chiang Mai,410,Lazada,COD,17,2,1,0,<20,13.666666666666666,1.0,1.0,1.0,15,29,3570.97,0.08,1.0,0.0,0.0,0.0,0,0,0.0,3570.97,1,1,1.0,3570.97,1,1,1.0,3570.97,1,1,1.0,0
LGS2ORD0005267,C010091,2025-02-11 17:00:00,Male,69,Bronze,Lazada,Chonburi,1135,Lazada,PromptPay,17,2,1,0,>50,37.833333333333336,2.0,0.0,0.0,-1,1,6026.15,0.23,1.0,0.5,0.0,12052.3,2,0,0.0,12052.3,2,0,0.0,12052.3,2,0,0.0,12052.3,2,0,0.0,0
LGS2ORD0005268,C014142,2025-02-11 17:00:00,Male,38,Silver,Lazada,Bangkok,1368,TV_Show,COD,17,2,1,0,30-40,45.6,1.0,0.0,0.0,-1,15,3742.47,0.1,0.0,0.0,0.0,0.0,0,0,0.0,3742.47,1,0,0.0,3742.47,1,0,0.0,3742.47,1,0,0.0,1
LGS2ORD0005269,C012049,2025-02-11 17:00:00,Male,44,Silver,TV,Remote_Area,1347,Shopee,COD,17,2,1,0,40-50,44.9,1.0,1.0,1.0,-1,6,5632.61,0.15,1.0,0.0,0.0,5632.61,1,1,1.0,5632.61,1,1,1.0,5632.61,1,1,1.0,5632.61,1,1,1.0,1
LGS2ORD0005270,C016646,2025-02-11 17:00:00,Male,38,Bronze,TV,Chiang Mai,339,Shopee,PromptPay,17,2,1,0,30-40,11.3,0.0,0.0,0.0,-1,-1,0.0,0.0,0.0,0.0,0.0,0.0,0,0,0.0,0.0,0,0,0.0,0.0,0,0,0.0,0.0,0,0,0.0,0
LGS2ORD0005271,C010340,2025-02-11 18:00:00,Male,53,Platinum,Shopee,Khon Kaen,1232,CallCenter,COD,18,2,1,0,>50,41.06666666666667,1.0,0.0,0.0,-1,11,1300.29,0.1,1.0,0.0,0.0,0.0,0,0,0.0,1300.29,1,0,0.0,1300.29,1,0,0.0,1300.29,1,0,0.0,0
LGS2ORD0005272,C017198,2025-02-11 18:00:00,Male,51,Bronze,Shopee,Chonburi,1317,Web,Credit_Card,18,2,1,0,>50,43.9,0.0,0.0,0.0,-1,-1,0.0,0.0,0.0,0.0,0.0,0.0,0,0,0.0,0.0,0,0,0.0,0.0,0,0,0.0,0.0,0,0,0.0,0
LGS2ORD0005273,C016603,2025-02-11 18:00:00,Female,36,Bronze,Web,Remote_Area,705,TV_Show,Bank_Transfer,18,2,1,0,30-40,23.5,0.0,0.0,0.0,-1,-1,0.0,0.0,0.0,0.0,0.0,0.0,0,0,0.0,0.0,0,0,0.0,0.0,0,0,0.0,0.0,0,0,0.0,0
LGS2ORD0005274,C010293,2025-02-11 18:00:00,Female,34,Gold,Shopee,Bangkok,156,CallCenter,Credit_Card,18,2,1,0,30-40,5.2,1.0,0.0,0.0,-1,18,1055.47,0.2299999999999999,1.0,1.0,0.0,0.0,0,0,0.0,1055.47,1,0,0.0,1055.47,1,0,0.0,1055.47,1,0,0.0,0
LGS2ORD0005275,C015582,2025-02-11 18:00:00,Female,29,Bronze,Web,Chonburi,123,Shopee,COD,18,2,1,0,20-30,4.1,1.0,0.0,0.0,-1,14,624.76,0.28,0.0,1.0,0.0,0.0,0,0,0.0,624.76,1,0,0.0,624.76,1,0,0.0,624.76,1,0,0.0,0
LGS2ORD0005276,C010393,2025-02-11 19:00:00,Male,51,Bronze,Web,Remote_Area,986,Shopee,PromptPay,19,2,1,0,>50,32.86666666666667,1.0,0.0,0.0,-1,12,2762.66,0.23,1.0,1.0,0.0,0.0,0,0,0.0,2762.66,1,0,0.0,2762.66,1,0,0.0,2762.66,1,0,0.0,0
LGS2ORD0005277,C011720,2025-02-11 19:00:00,Male,71,Bronze,Lazada,Nakhon Ratchasima,1398,Lazada,COD,19,2,1,0,>50,46.6,0.0,0.0,0.0,-1,-1,0.0,0.0,0.0,0.0,0.0,0.0,0,0,0.0,0.0,0,0,0.0,0.0,0,0,0.0,0.0,0,0,0.0,0
LGS2ORD0005278,C012831,2025-02-11 19:00:00,Other,72,Bronze,CallCenter,Bangkok,76,Web,COD,19,2,1,0,>50,2.533333333333333,0.0,0.0,0.0,-1,-1,0.0,0.0,0.0,0.0,0.0,0.0,0,0,0.0,0.0,0,0,0.0,0.0,0,0,0.0,0.0,0,0,0.0,0
LGS2ORD0005279,C011992,2025-02-11 19:00:00,Female,45,Bronze,TV,Nakhon Ratchasima,755,Lazada,COD,19,2,1,0,40-50,25.166666666666668,0.0,0.0,0.0,-1,-1,0.0,0.0,0.0,0.0,0.0,0.0,0,0,0.0,0.0,0,0,0.0,0.0,0,0,0.0,0.0,0,0,0.0,0
LGS2ORD0005280,C017540,2025-02-11 19:00:00,Male,38,Gold,TV,Phuket,752,Shopee,Credit_Card,19,2,1,0,30-40,25.066666666666666,0.0,0.0,0.0,-1,-1,0.0,0.0,0.0,0.0,0.0,0.0,0,0,0.0,0.0,0,0,0.0,0.0,0,0,0.0,0.0,0,0,0.0,0
LGS2ORD0005281,C012186,2025-02-11 20:00:00,Female,31,Bronze,Shopee,Chiang Mai,511,TV_Show,PromptPay,20,2,1,0,30-40,17.033333333333335,0.0,0.0,0.0,-1,-1,0.0,0.0,0.0,0.0,0.0,0.0,0,0,0.0,0.0,0,0,0.0,0.0,0,0,0.0,0.0,0,0,0.0,1
LGS2ORD0005282,C010175,2025-02-11 20:00:00,Male,47,Bronze,CallCenter,Bangkok,126,Web,COD,20,2,1,0,40-50,4.2,1.0,0.0,0.0,-1,38,4351.78,0.28,0.0,1.0,0.0,0.0,0,0,0.0,0.0,0,0,0.0,4351.78,1,0,0.0,4351.78,1,0,0.0,0
LGS2ORD0005283,C016964,2025-02-11 20:00:00,Female,35,Bronze,Web,Bangkok,1443,Lazada,COD,20,2,1,0,30-40,48.1,1.0,0.0,0.0,-1,36,1167.25,0.28,0.0,1.0,0.0,0.0,0,0,0.0,0.0,0,0,0.0,1167.25,1,0,0.0,1167.25,1,0,0.0,0
LGS2ORD0005284,C017017,2025-02-11 20:00:00,Female,62,Silver,Web,Bangkok,590,Web,COD,20,2,1,0,>50,19.666666666666668,0.0,0.0,0.0,-1,-1,0.0,0.0,0.0,0.0,0.0,0.0,0,0,0.0,0.0,0,0,0.0,0.0,0,0,0.0,0.0,0,0,0.0,0
LGS2ORD0005285,C014919,2025-02-11 20:00:00,Male,40,Bronze,TV,Songkhla,1313,CallCenter,PromptPay,20,2,1,0,30-40,43.766666666666666,2.0,0.0,0.0,-1,0,6387.700000000001,0.18,0.5,0.0,0.0,2633.8,1,0,0.0,2633.8,1,0,0.0,12775.400000000001,2,0,0.0,12775.400000000001,2,0,0.0,0
LGS2ORD0005286,C017227,2025-02-11 20:00:00,Male,47,Platinum,Shopee,Bangkok,196,Shopee,Bank_Transfer,20,2,1,0,40-50,6.533333333333333,0.0,0.0,0.0,-1,-1,0.0,0.0,0.0,0.0,0.0,0.0,0,0,0.0,0.0,0,0,0.0,0.0,0,0,0.0,0.0,0,0,0.0,0
LGS2ORD0005287,C016532,2025-02-11 21:00:00,Male,70,Platinum,Shopee,Bangkok,1073,Lazada,PromptPay,21,2,1,0,>50,35.766666666666666,0.0,0.0,0.0,-1,-1,0.0,0.0,0.0,0.0,0.0,0.0,0,0,0.0,0.0,0,0,0.0,0.0,0,0,0.0,0.0,0,0,0.0,0
LGS2ORD0005288,C016880,2025-02-11 21:00:00,Female,26,Bronze,Lazada,Songkhla,820,Shopee,COD,21,2,1,0,20-30,27.333333333333332,0.0,0.0,0.0,-1,-1,0.0,0.0,0.0,0.0,0.0,0.0,0,0,0.0,0.0,0,0,0.0,0.0,0,0,0.0,0.0,0,0,0.0,1
LGS2ORD0005289,C013689,2025-02-11 21:00:00,Male,48,Gold,Web,Bangkok,181,Web,COD,21,2,1,0,40-50,6.033333333333333,0.0,0.0,0.0,-1,-1,0.0,0.0,0.0,0.0,0.0,0.0,0,0,0.0,0.0,0,0,0.0,0.0,0,0,0.0,0.0,0,0,0.0,0
LGS2ORD0005290,C013972,2025-02-11 21:00:00,Male,43,Silver,Web,Bangkok,1245,Shopee,COD,21,2,1,0,40-50,41.5,0.0,0.0,0.0,-1,-1,0.0,0.0,0.0,0.0,0.0,0.0,0,0,0.0,0.0,0,0,0.0,0.0,0,0,0.0,0.0,0,0,0.0,0
LGS2ORD0005291,C013375,2025-02-11 21:00:00,Male,29,Platinum,TV,Bangkok,231,Web,Credit_Card,21,2,1,0,20-30,7.7,1.0,0.0,0.0,-1,35,3167.8,0.2,0.0,0.0,0.0,0.0,0,0,0.0,0.0,0,0,0.0,3167.8,1,0,0.0,3167.8,1,0,0.0,0
LGS2ORD0005292,C017849,2025-02-11 22:00:00,Female,40,Bronze,Lazada,Chonburi,1338,Shopee,COD,22,2,1,0,30-40,44.6,0.0,0.0,0.0,-1,-1,0.0,0.0,0.0,0.0,0.0,0.0,0,0,0.0,0.0,0,0,0.0,0.0,0,0,0.0,0.0,0,0,0.0,0
LGS2ORD0005293,C012051,2025-02-11 22:00:00,Male,52,Gold,Shopee,Chiang Mai,774,Shopee,Credit_Card,22,2,1,0,>50,25.8,1.0,1.0,1.0,16,25,19754.95,0.2299999999999999,1.0,1.0,0.0,0.0,0,0,0.0,19754.95,1,1,1.0,19754.95,1,1,1.0,19754.95,1,1,1.0,0
LGS2ORD0005294,C013630,2025-02-11 22:00:00,Female,54,Bronze,Shopee,Phuket,1307,Shopee,COD,22,2,1,0,>50,43.56666666666667,1.0,0.0,0.0,-1,5,10080.89,0.08,0.0,0.0,0.0,10080.89,1,0,0.0,10080.89,1,0,0.0,10080.89,1,0,0.0,10080.89,1,0,0.0,1
LGS2ORD0005295,C017271,2025-02-11 22:00:00,Male,41,Bronze,TV,Nakhon Ratchasima,1141,Lazada,COD,22,2,1,0,40-50,38.03333333333333,1.0,0.0,0.0,-1,31,1263.07,0.03,1.0,0.0,0.0,0.0,0,0,0.0,0.0,0,0,0.0,1263.07,1,0,0.0,1263.07,1,0,0.0,0
LGS2ORD0005296,C010946,2025-02-11 22:00:00,Male,48,Gold,CallCenter,Bangkok,716,Lazada,COD,22,2,1,0,40-50,23.866666666666667,1.0,0.0,0.0,-1,17,2691.57,0.13,0.0,0.0,0.0,0.0,0,0,0.0,2691.57,1,0,0.0,2691.57,1,0,0.0,2691.57,1,0,0.0,1
LGS2ORD0005297,C010468,2025-02-11 23:00:00,Male,44,Bronze,Shopee,Chiang Mai,1317,TV_Show,COD,23,2,1,0,40-50,43.9,1.0,1.0,1.0,9,21,15483.11,0.28,1.0,1.0,0.0,0.0,0,0,0.0,15483.11,1,1,1.0,15483.11,1,1,1.0,15483.11,1,1,1.0,0
LGS2ORD0005298,C011518,2025-02-11 23:00:00,Female,50,Bronze,Web,Nakhon Ratchasima,1426,CallCenter,Credit_Card,23,2,1,0,40-50,47.53333333333333,1.0,0.0,0.0,-1,40,8018.53,0.18,1.0,0.0,0.0,0.0,0,0,0.0,0.0,0,0,0.0,8018.53,1,0,0.0,8018.53,1,0,0.0,0
LGS2ORD0005299,C014350,2025-02-11 23:00:00,Female,49,Gold,Web,Bangkok,783,Web,PromptPay,23,2,1,0,40-50,26.1,1.0,0.0,0.0,-1,33,5285.91,0.18,0.0,0.0,0.0,0.0,0,0,0.0,0.0,0,0,0.0,5285.91,1,0,0.0,5285.91,1,0,0.0,0
LGS2ORD0005300,C012679,2025-02-11 23:00:00,Male,46,Silver,Lazada,Khon Kaen,1267,Web,COD,23,2,1,0,40-50,42.233333333333334,1.0,0.0,0.0,-1,35,11666.09,0.2,0.0,0.0,0.0,0.0,0,0,0.0,0.0,0,0,0.0,11666.09,1,0,0.0,11666.09,1,0,0.0,0
LGS2ORD0005301,C011444,2025-02-11 23:00:00,Male,39,Bronze,Lazada,Bangkok,1240,TV_Show,PromptPay,23,2,1,0,30-40,41.333333333333336,1.0,1.0,1.0,23,33,1141.85,0.28,0.0,1.0,0.0,0.0,0,0,0.0,0.0,0,0,0.0,1141.85,1,1,1.0,1141.85,1,1,1.0,0
LGS2ORD0005302,C015406,2025-02-12 00:00:00,Male,29,Bronze,TV,Bangkok,58,Shopee,COD,0,2,2,0,20-30,1.9333333333333333,2.0,0.0,0.0,-1,23,2631.0499999999997,0.18,0.5,0.0,0.0,0.0,0,0,0.0,4566.9,1,0,0.0,5262.099999999999,2,0,0.0,5262.099999999999,2,0,0.0,0
LGS2ORD0005303,C011287,2025-02-12 00:00:00,Male,41,Silver,Web,Bangkok,83,Lazada,PromptPay,0,2,2,0,40-50,2.7666666666666666,1.0,0.0,0.0,-1,31,1383.23,0.3,0.0,1.0,0.0,0.0,0,0,0.0,0.0,0,0,0.0,1383.23,1,0,0.0,1383.23,1,0,0.0,0
LGS2ORD0005304,C017795,2025-02-12 00:00:00,Male,50,Bronze,Shopee,Bangkok,790,TV_Show,PromptPay,0,2,2,0,40-50,26.333333333333332,0.0,0.0,0.0,-1,-1,0.0,0.0,0.0,0.0,0.0,0.0,0,0,0.0,0.0,0,0,0.0,0.0,0,0,0.0,0.0,0,0,0.0,1
LGS2ORD0005305,C017471,2025-02-12 00:00:00,Female,46,Silver,CallCenter,Bangkok,1426,Web,COD,0,2,2,0,40-50,47.53333333333333,0.0,0.0,0.0,-1,-1,0.0,0.0,0.0,0.0,0.0,0.0,0,0,0.0,0.0,0,0,0.0,0.0,0,0,0.0,0.0,0,0,0.0,1
LGS2ORD0005306,C012868,2025-02-12 00:00:00,Female,58,Platinum,TV,Phuket,129,CallCenter,COD,0,2,2,0,>50,4.3,0.0,0.0,0.0,-1,-1,0.0,0.0,0.0,0.0,0.0,0.0,0,0,0.0,0.0,0,0,0.0,0.0,0,0,0.0,0.0,0,0,0.0,0
LGS2ORD0005307,C012809,2025-02-12 00:00:00,Female,34,Silver,TV,Bangkok,283,Lazada,COD,0,2,2,0,30-40,9.433333333333334,0.0,0.0,0.0,-1,-1,0.0,0.0,0.0,0.0,0.0,0.0,0,0,0.0,0.0,0,0,0.0,0.0,0,0,0.0,0.0,0,0,0.0,1
LGS2ORD0005308,C016328,2025-02-12 01:00:00,Female,72,Silver,CallCenter,Remote_Area,292,Web,PromptPay,1,2,2,0,>50,9.733333333333333,1.0,0.0,0.0,-1,23,1948.22,0.15,0.0,0.0,0.0,0.0,0,0,0.0,1948.22,1,0,0.0,1948.22,1,0,0.0,1948.22,1,0,0.0,0
LGS2ORD0005309,C011374,2025-02-12 01:00:00,Female,31,Silver,CallCenter,Chonburi,777,Lazada,Credit_Card,1,2,2,0,30-40,25.9,0.0,0.0,0.0,-1,-1,0.0,0.0,0.0,0.0,0.0,0.0,0,0,0.0,0.0,0,0,0.0,0.0,0,0,0.0,0.0,0,0,0.0,1
LGS2ORD0005310,C013305,2025-02-12 01:00:00,Female,38,Bronze,Shopee,Chonburi,1314,Shopee,Credit_Card,1,2,2,0,30-40,43.8,2.0,0.0,0.0,-1,13,3775.255,0.18,0.0,0.0,0.0,0.0,0,0,0.0,7550.51,2,0,0.0,7550.51,2,0,0.0,7550.51,2,0,0.0,0
LGS2ORD0005311,C016427,2025-02-12 01:00:00,Female,45,Bronze,TV,Remote_Area,1219,Shopee,Credit_Card,1,2,2,0,40-50,40.63333333333333,1.0,1.0,1.0,27,33,6583.17,0.18,1.0,0.0,0.0,0.0,0,0,0.0,0.0,0,0,0.0,6583.17,1,1,1.0,6583.17,1,1,1.0,0
LGS2ORD0005312,C011688,2025-02-12 01:00:00,Female,27,Gold,Web,Chonburi,707,Shopee,COD,1,2,2,0,20-30,23.566666666666666,1.0,0.0,0.0,-1,40,2386.85,0.18,0.0,0.0,0.0,0.0,0,0,0.0,0.0,0,0,0.0,2386.85,1,0,0.0,2386.85,1,0,0.0,1
LGS2ORD0005313,C015991,2025-02-12 02:00:00,Female,41,Silver,Shopee,Nakhon Ratchasima,401,Web,Bank_Transfer,2,2,2,0,40-50,13.366666666666667,1.0,0.0,0.0,-1,38,3468.59,0.05,1.0,0.0,0.0,0.0,0,0,0.0,0.0,0,0,0.0,3468.59,1,0,0.0,3468.59,1,0,0.0,0
LGS2ORD0005314,C015752,2025-02-12 02:00:00,Female,57,Bronze,CallCenter,Remote_Area,923,Web,COD,2,2,2,0,>50,30.766666666666666,3.0,2.0,0.6666666666666666,7,9,7174.673333333332,0.08,0.0,0.0,0.0,0.0,0,0,0.0,21524.019999999997,3,2,0.6666666666666666,21524.019999999997,3,2,0.6666666666666666,21524.019999999997,3,2,0.6666666666666666,0
LGS2ORD0005315,C011863,2025-02-12 02:00:00,Male,41,Bronze,CallCenter,Bangkok,264,Shopee,COD,2,2,2,0,40-50,8.8,1.0,1.0,1.0,16,28,1427.57,0.28,1.0,1.0,0.0,0.0,0,0,0.0,1427.57,1,1,1.0,1427.57,1,1,1.0,1427.57,1,1,1.0,1
LGS2ORD0005316,C016451,2025-02-12 02:00:00,Male,34,Bronze,Web,Chonburi,1483,Lazada,COD,2,2,2,0,30-40,49.43333333333333,2.0,0.0,0.0,-1,4,14444.965,0.23,0.5,0.5,0.0,27681.65,1,0,0.0,27681.65,1,0,0.0,28889.93,2,0,0.0,28889.93,2,0,0.0,1
LGS2ORD0005317,C013820,2025-02-12 02:00:00,Male,26,Silver,Lazada,Bangkok,1172,Shopee,COD,2,2,2,0,20-30,39.06666666666667,0.0,0.0,0.0,-1,-1,0.0,0.0,0.0,0.0,0.0,0.0,0,0,0.0,0.0,0,0,0.0,0.0,0,0,0.0,0.0,0,0,0.0,0
LGS2ORD0005318,C012267,2025-02-12 03:00:00,Female,25,Gold,TV,Bangkok,662,CallCenter,COD,3,2,2,0,20-30,22.066666666666666,0.0,0.0,0.0,-1,-1,0.0,0.0,0.0,0.0,0.0,0.0,0,0,0.0,0.0,0,0,0.0,0.0,0,0,0.0,0.0,0,0,0.0,0
LGS2ORD0005319,C016185,2025-02-12 03:00:00,Male,24,Gold,Lazada,Chonburi,514,Web,PromptPay,3,2,2,0,20-30,17.133333333333333,0.0,0.0,0.0,-1,-1,0.0,0.0,0.0,0.0,0.0,0.0,0,0,0.0,0.0,0,0,0.0,0.0,0,0,0.0,0.0,0,0,0.0,0
LGS2ORD0005320,C010825,2025-02-12 03:00:00,Female,31,Silver,Shopee,Bangkok,1151,Web,COD,3,2,2,0,30-40,38.36666666666667,2.0,0.0,0.0,-1,16,968.59,0.2,0.0,0.0,0.0,0.0,0,0,0.0,1937.18,2,0,0.0,1937.18,2,0,0.0,1937.18,2,0,0.0,0
LGS2ORD0005321,C016433,2025-02-12 03:00:00,Male,51,Gold,Shopee,Chiang Mai,630,CallCenter,PromptPay,3,2,2,0,>50,21.0,1.0,0.0,0.0,-1,2,3330.64,0.13,1.0,0.0,0.0,3330.64,1,0,0.0,3330.64,1,0,0.0,3330.64,1,0,0.0,3330.64,1,0,0.0,1
LGS2ORD0005322,C016311,2025-02-12 03:00:00,Female,42,Silver,Web,Chonburi,1133,Web,COD,3,2,2,0,40-50,37.766666666666666,1.0,0.0,0.0,-1,11,6749.53,0.2,0.0,0.0,0.0,0.0,0,0,0.0,6749.53,1,0,0.0,6749.53,1,0,0.0,6749.53,1,0,0.0,1
LGS2ORD0005323,C017713,2025-02-12 04:00:00,Female,47,Silver,Shopee,Songkhla,264,TV_Show,COD,4,2,2,0,40-50,8.8,0.0,0.0,0.0,-1,-1,0.0,0.0,0.0,0.0,0.0,0.0,0,0,0.0,0.0,0,0,0.0,0.0,0,0,0.0,0.0,0,0,0.0,1
LGS2ORD0005324,C013791,2025-02-12 04:00:00,Female,54,Silver,Shopee,Bangkok,512,Web,Bank_Transfer,4,2,2,0,>50,17.066666666666666,1.0,1.0,1.0,12,15,13234.62,0.2,0.0,0.0,0.0,0.0,0,0,0.0,13234.62,1,1,1.0,13234.62,1,1,1.0,13234.62,1,1,1.0,0
LGS2ORD0005325,C010632,2025-02-12 04:00:00,Female,66,Bronze,TV,Remote_Area,948,Lazada,Credit_Card,4,2,2,0,>50,31.6,0.0,0.0,0.0,-1,-1,0.0,0.0,0.0,0.0,0.0,0.0,0,0,0.0,0.0,0,0,0.0,0.0,0,0,0.0,0.0,0,0,0.0,0
LGS2ORD0005326,C016807,2025-02-12 04:00:00,Female,18,Gold,TV,Bangkok,1392,Shopee,COD,4,2,2,0,<20,46.4,0.0,0.0,0.0,-1,-1,0.0,0.0,0.0,0.0,0.0,0.0,0,0,0.0,0.0,0,0,0.0,0.0,0,0,0.0,0.0,0,0,0.0,1
LGS2ORD0005327,C015312,2025-02-12 04:00:00,Male,35,Bronze,Web,Bangkok,951,Lazada,COD,4,2,2,0,30-40,31.7,1.0,0.0,0.0,-1,16,1481.62,0.18,0.0,0.0,0.0,0.0,0,0,0.0,1481.62,1,0,0.0,1481.62,1,0,0.0,1481.62,1,0,0.0,1
LGS2ORD0005328,C013685,2025-02-12 04:00:00,Male,42,Bronze,Shopee,Khon Kaen,1016,Web,COD,4,2,2,0,40-50,33.86666666666667,2.0,0.0,0.0,-1,12,6920.315,0.08,0.0,0.0,0.0,0.0,0,0,0.0,4376.42,1,0,0.0,13840.63,2,0,0.0,13840.63,2,0,0.0,0
LGS2ORD0005329,C015914,2025-02-12 05:00:00,Male,18,Bronze,Shopee,Songkhla,176,CallCenter,COD,5,2,2,0,<20,5.866666666666666,1.0,0.0,0.0,-1,37,1119.67,0.13,1.0,0.0,0.0,0.0,0,0,0.0,0.0,0,0,0.0,1119.67,1,0,0.0,1119.67,1,0,0.0,0
LGS2ORD0005330,C015325,2025-02-12 05:00:00,Female,42,Bronze,Shopee,Bangkok,1376,Lazada,COD,5,2,2,0,40-50,45.86666666666667,2.0,1.0,0.5,27,31,3226.375,0.23,0.5,0.5,0.0,0.0,0,0,0.0,0.0,0,0,0.0,6452.75,2,1,0.5,6452.75,2,1,0.5,1
LGS2ORD0005331,C010737,2025-02-12 05:00:00,Male,62,Bronze,Lazada,Chonburi,1313,CallCenter,COD,5,2,2,0,>50,43.766666666666666,0.0,0.0,0.0,-1,-1,0.0,0.0,0.0,0.0,0.0,0.0,0,0,0.0,0.0,0,0,0.0,0.0,0,0,0.0,0.0,0,0,0.0,0
LGS2ORD0005332,C012845,2025-02-12 05:00:00,Female,18,Bronze,Web,Remote_Area,108,Lazada,COD,5,2,2,0,<20,3.6,1.0,1.0,1.0,18,25,6966.8,0.03,1.0,0.0,0.0,0.0,0,0,0.0,6966.8,1,1,1.0,6966.8,1,1,1.0,6966.8,1,1,1.0,1
LGS2ORD0005333,C013781,2025-02-12 05:00:00,Female,40,Bronze,TV,Remote_Area,698,Web,Bank_Transfer,5,2,2,0,30-40,23.266666666666666,0.0,0.0,0.0,-1,-1,0.0,0.0,0.0,0.0,0.0,0.0,0,0,0.0,0.0,0,0,0.0,0.0,0,0,0.0,0.0,0,0,0.0,0
LGS2ORD0005334,C014843,2025-02-12 06:00:00,Other,37,Bronze,TV,Remote_Area,499,Web,Bank_Transfer,6,2,2,0,30-40,16.633333333333333,0.0,0.0,0.0,-1,-1,0.0,0.0,0.0,0.0,0.0,0.0,0,0,0.0,0.0,0,0,0.0,0.0,0,0,0.0,0.0,0,0,0.0,0
LGS2ORD0005335,C014719,2025-02-12 06:00:00,Female,56,Bronze,Shopee,Chonburi,792,Shopee,COD,6,2,2,0,>50,26.4,1.0,1.0,1.0,28,37,2489.42,0.13,0.0,0.0,0.0,0.0,0,0,0.0,0.0,0,0,0.0,2489.42,1,1,1.0,2489.42,1,1,1.0,0
LGS2ORD0005336,C015405,2025-02-12 06:00:00,Female,46,Platinum,Lazada,Bangkok,1018,Shopee,COD,6,2,2,0,40-50,33.93333333333333,1.0,0.0,0.0,-1,29,2398.99,0.3,1.0,1.0,0.0,0.0,0,0,0.0,2398.99,1,0,0.0,2398.99,1,0,0.0,2398.99,1,0,0.0,0
LGS2ORD0005337,C016720,2025-02-12 06:00:00,Male,57,Bronze,Lazada,Songkhla,308,Web,PromptPay,6,2,2,0,>50,10.266666666666667,1.0,0.0,0.0,-1,32,261.95,0.23,0.0,1.0,0.0,0.0,0,0,0.0,0.0,0,0,0.0,261.95,1,0,0.0,261.95,1,0,0.0,0
LGS2ORD0005338,C010084,2025-02-12 06:00:00,Male,28,Gold,TV,Songkhla,1044,Lazada,COD,6,2,2,0,20-30,34.8,1.0,0.0,0.0,-1,29,3530.77,0.08,0.0,0.0,0.0,0.0,0,0,0.0,3530.77,1,0,0.0,3530.77,1,0,0.0,3530.77,1,0,0.0,0
LGS2ORD0005339,C017151,2025-02-12 07:00:00,Female,29,Bronze,TV,Songkhla,1375,CallCenter,COD,7,2,2,0,20-30,45.833333333333336,1.0,0.0,0.0,-1,15,4759.83,0.08,0.0,0.0,0.0,0.0,0,0,0.0,4759.83,1,0,0.0,4759.83,1,0,0.0,4759.83,1,0,0.0,0
LGS2ORD0005340,C011103,2025-02-12 07:00:00,Female,50,Gold,CallCenter,Phuket,1315,Shopee,PromptPay,7,2,2,0,40-50,43.833333333333336,1.0,0.0,0.0,-1,5,8137.6,0.18,1.0,0.0,0.0,8137.6,1,0,0.0,8137.6,1,0,0.0,8137.6,1,0,0.0,8137.6,1,0,0.0,1
LGS2ORD0005341,C010890,2025-02-12 07:00:00,Female,34,Bronze,TV,Bangkok,406,Web,COD,7,2,2,0,30-40,13.533333333333333,1.0,1.0,1.0,-11,4,17752.88,0.18,1.0,0.0,0.0,17752.88,1,1,1.0,17752.88,1,1,1.0,17752.88,1,1,1.0,17752.88,1,1,1.0,0
LGS2ORD0005342,C011059,2025-02-12 07:00:00,Male,64,Gold,TV,Chonburi,1036,Lazada,Credit_Card,7,2,2,0,>50,34.53333333333333,3.0,2.0,0.6666666666666666,-8,1,3110.883333333333,0.33,1.0,1.0,0.0,3285.57,1,1,1.0,9332.65,3,2,0.6666666666666666,9332.65,3,2,0.6666666666666666,9332.65,3,2,0.6666666666666666,0
LGS2ORD0005343,C011931,2025-02-12 07:00:00,Other,45,Silver,Web,Bangkok,1422,Lazada,Credit_Card,7,2,2,0,40-50,47.4,1.0,0.0,0.0,-1,19,3588.5,0.25,1.0,1.0,0.0,0.0,0,0,0.0,3588.5,1,0,0.0,3588.5,1,0,0.0,3588.5,1,0,0.0,0
LGS2ORD0005344,C017388,2025-02-12 08:00:00,Female,30,Silver,CallCenter,Bangkok,1489,Lazada,Credit_Card,8,2,2,0,20-30,49.63333333333333,1.0,1.0,1.0,3,14,8978.89,0.05,1.0,0.0,0.0,0.0,0,0,0.0,8978.89,1,1,1.0,8978.89,1,1,1.0,8978.89,1,1,1.0,0
LGS2ORD0005345,C017728,2025-02-12 08:00:00,Female,34,Platinum,Lazada,Khon Kaen,313,CallCenter,COD,8,2,2,0,30-40,10.433333333333334,0.0,0.0,0.0,-1,-1,0.0,0.0,0.0,0.0,0.0,0.0,0,0,0.0,0.0,0,0,0.0,0.0,0,0,0.0,0.0,0,0,0.0,1
LGS2ORD0005346,C012008,2025-02-12 08:00:00,Female,36,Silver,CallCenter,Khon Kaen,845,Web,PromptPay,8,2,2,0,30-40,28.166666666666668,0.0,0.0,0.0,-1,-1,0.0,0.0,0.0,0.0,0.0,0.0,0,0,0.0,0.0,0,0,0.0,0.0,0,0,0.0,0.0,0,0,0.0,0
LGS2ORD0005347,C017963,2025-02-12 08:00:00,Male,30,Silver,TV,Chonburi,609,Shopee,COD,8,2,2,0,20-30,20.3,1.0,0.0,0.0,-1,27,8911.87,0.05,1.0,0.0,0.0,0.0,0,0,0.0,8911.87,1,0,0.0,8911.87,1,0,0.0,8911.87,1,0,0.0,1
LGS2ORD0005348,C013349,2025-02-12 08:00:00,Female,37,Bronze,TV,Khon Kaen,387,Lazada,COD,8,2,2,0,30-40,12.9,0.0,0.0,0.0,-1,-1,0.0,0.0,0.0,0.0,0.0,0.0,0,0,0.0,0.0,0,0,0.0,0.0,0,0,0.0,0.0,0,0,0.0,0
LGS2ORD0005349,C010690,2025-02-12 08:00:00,Male,52,Gold,Lazada,Songkhla,1035,TV_Show,Bank_Transfer,8,2,2,0,>50,34.5,1.0,0.0,0.0,-1,4,1701.89,0.28,1.0,1.0,0.0,1701.89,1,0,0.0,1701.89,1,0,0.0,1701.89,1,0,0.0,1701.89,1,0,0.0,0
LGS2ORD0005350,C014084,2025-02-12 09:00:00,Female,40,Bronze,TV,Nakhon Ratchasima,1079,TV_Show,PromptPay,9,2,2,0,30-40,35.96666666666667,0.0,0.0,0.0,-1,-1,0.0,0.0,0.0,0.0,0.0,0.0,0,0,0.0,0.0,0,0,0.0,0.0,0,0,0.0,0.0,0,0,0.0,0
LGS2ORD0005351,C016905,2025-02-12 09:00:00,Female,28,Bronze,CallCenter,Bangkok,719,Lazada,COD,9,2,2,0,20-30,23.966666666666665,0.0,0.0,0.0,-1,-1,0.0,0.0,0.0,0.0,0.0,0.0,0,0,0.0,0.0,0,0,0.0,0.0,0,0,0.0,0.0,0,0,0.0,0
LGS2ORD0005352,C016785,2025-02-12 09:00:00,Female,62,Bronze,TV,Bangkok,779,CallCenter,PromptPay,9,2,2,0,>50,25.966666666666665,1.0,0.0,0.0,-1,13,4412.84,0.23,1.0,1.0,0.0,0.0,0,0,0.0,4412.84,1,0,0.0,4412.84,1,0,0.0,4412.84,1,0,0.0,0
LGS2ORD0005353,C014813,2025-02-12 09:00:00,Male,51,Silver,Shopee,Khon Kaen,1366,Web,COD,9,2,2,0,>50,45.53333333333333,0.0,0.0,0.0,-1,-1,0.0,0.0,0.0,0.0,0.0,0.0,0,0,0.0,0.0,0,0,0.0,0.0,0,0,0.0,0.0,0,0,0.0,0
LGS2ORD0005354,C015416,2025-02-12 09:00:00,Male,33,Bronze,Web,Bangkok,1489,CallCenter,COD,9,2,2,0,30-40,49.63333333333333,0.0,0.0,0.0,-1,-1,0.0,0.0,0.0,0.0,0.0,0.0,0,0,0.0,0.0,0,0,0.0,0.0,0,0,0.0,0.0,0,0,0.0,0
LGS2ORD0005355,C012481,2025-02-12 10:00:00,Female,49,Platinum,TV,Phuket,1092,Web,COD,10,2,2,0,40-50,36.4,2.0,1.0,0.5,0,6,6927.71,0.35,0.5,1.0,0.0,3395.09,1,1,1.0,13855.42,2,1,0.5,13855.42,2,1,0.5,13855.42,2,1,0.5,1
LGS2ORD0005356,C010588,2025-02-12 10:00:00,Male,40,Bronze,Shopee,Remote_Area,1139,Shopee,Bank_Transfer,10,2,2,0,30-40,37.96666666666667,0.0,0.0,0.0,-1,-1,0.0,0.0,0.0,0.0,0.0,0.0,0,0,0.0,0.0,0,0,0.0,0.0,0,0,0.0,0.0,0,0,0.0,0
LGS2ORD0005357,C012564,2025-02-12 10:00:00,Female,46,Bronze,TV,Bangkok,415,CallCenter,COD,10,2,2,0,40-50,13.833333333333334,2.0,1.0,0.5,6,14,1124.37,0.28,0.5,0.5,0.0,0.0,0,0,0.0,1667.96,1,1,1.0,2248.74,2,1,0.5,2248.74,2,1,0.5,0
LGS2ORD0005358,C016877,2025-02-12 10:00:00,Other,72,Gold,Shopee,Bangkok,1392,Web,COD,10,2,2,0,>50,46.4,1.0,0.0,0.0,-1,11,14295.1,0.13,1.0,0.0,0.0,0.0,0,0,0.0,14295.1,1,0,0.0,14295.1,1,0,0.0,14295.1,1,0,0.0,1
LGS2ORD0005359,C017830,2025-02-12 10:00:00,Male,50,Bronze,CallCenter,Phuket,1319,Web,COD,10,2,2,0,40-50,43.96666666666667,1.0,1.0,1.0,1,10,15423.68,0.23,1.0,1.0,0.0,0.0,0,0,0.0,15423.68,1,1,1.0,15423.68,1,1,1.0,15423.68,1,1,1.0,0
LGS2ORD0005360,C014710,2025-02-12 11:00:00,Female,50,Silver,TV,Remote_Area,215,Web,COD,11,2,2,0,40-50,7.166666666666667,0.0,0.0,0.0,-1,-1,0.0,0.0,0.0,0.0,0.0,0.0,0,0,0.0,0.0,0,0,0.0,0.0,0,0,0.0,0.0,0,0,0.0,1
LGS2ORD0005361,C017271,2025-02-12 11:00:00,Male,41,Bronze,TV,Nakhon Ratchasima,1142,TV_Show,PromptPay,11,2,2,0,40-50,38.06666666666667,2.0,0.0,0.0,-1,0,1225.69,0.28,1.0,0.5,0.0,1188.31,1,0,0.0,1188.31,1,0,0.0,2451.38,2,0,0.0,2451.38,2,0,0.0,0
LGS2ORD0005362,C012060,2025-02-12 11:00:00,Female,39,Gold,TV,Bangkok,426,CallCenter,PromptPay,11,2,2,0,30-40,14.2,0.0,0.0,0.0,-1,-1,0.0,0.0,0.0,0.0,0.0,0.0,0,0,0.0,0.0,0,0,0.0,0.0,0,0,0.0,0.0,0,0,0.0,0
LGS2ORD0005363,C015762,2025-02-12 11:00:00,Female,53,Bronze,Shopee,Remote_Area,415,Lazada,COD,11,2,2,0,>50,13.833333333333334,1.0,0.0,0.0,-1,4,9914.41,0.13,0.0,0.0,0.0,9914.41,1,0,0.0,9914.41,1,0,0.0,9914.41,1,0,0.0,9914.41,1,0,0.0,0
LGS2ORD0005364,C015127,2025-02-12 11:00:00,Male,31,Bronze,Lazada,Chonburi,1388,Lazada,COD,11,2,2,0,30-40,46.266666666666666,1.0,0.0,0.0,-1,20,1630.86,0.23,1.0,1.0,0.0,0.0,0,0,0.0,1630.86,1,0,0.0,1630.86,1,0,0.0,1630.86,1,0,0.0,0
LGS2ORD0005365,C013044,2025-02-12 12:00:00,Female,34,Bronze,Web,Remote_Area,1008,Lazada,Credit_Card,12,2,2,0,30-40,33.6,1.0,1.0,1.0,-10,1,23508.47,0.18,0.0,0.0,0.0,23508.47,1,1,1.0,23508.47,1,1,1.0,23508.47,1,1,1.0,23508.47,1,1,1.0,0
LGS2ORD0005366,C010196,2025-02-12 12:00:00,Female,61,Gold,Web,Bangkok,950,Shopee,PromptPay,12,2,2,0,>50,31.666666666666668,0.0,0.0,0.0,-1,-1,0.0,0.0,0.0,0.0,0.0,0.0,0,0,0.0,0.0,0,0,0.0,0.0,0,0,0.0,0.0,0,0,0.0,1
LGS2ORD0005367,C017571,2025-02-12 12:00:00,Male,55,Bronze,Lazada,Songkhla,1018,Web,COD,12,2,2,0,>50,33.93333333333333,2.0,2.0,1.0,-9,6,3147.3050000000003,0.18,0.0,0.0,0.0,3929.94,1,1,1.0,6294.610000000001,2,2,1.0,6294.610000000001,2,2,1.0,6294.610000000001,2,2,1.0,0
LGS2ORD0005368,C011103,2025-02-12 12:00:00,Female,50,Gold,CallCenter,Phuket,1315,Shopee,Bank_Transfer,12,2,2,0,40-50,43.833333333333336,2.0,1.0,0.5,-7,0,8054.9,0.33,0.5,0.5,0.0,16109.8,2,1,0.5,16109.8,2,1,0.5,16109.8,2,1,0.5,16109.8,2,1,0.5,0
LGS2ORD0005369,C014931,2025-02-12 12:00:00,Female,40,Silver,Lazada,Remote_Area,372,Lazada,COD,12,2,2,0,30-40,12.4,0.0,0.0,0.0,-1,-1,0.0,0.0,0.0,0.0,0.0,0.0,0,0,0.0,0.0,0,0,0.0,0.0,0,0,0.0,0.0,0,0,0.0,1
LGS2ORD0005370,C014644,2025-02-12 12:00:00,Female,47,Bronze,TV,Chonburi,677,TV_Show,COD,12,2,2,0,40-50,22.566666666666666,0.0,0.0,0.0,-1,-1,0.0,0.0,0.0,0.0,0.0,0.0,0,0,0.0,0.0,0,0,0.0,0.0,0,0,0.0,0.0,0,0,0.0,0
LGS2ORD0005371,C011711,2025-02-12 13:00:00,Male,50,Bronze,Shopee,Bangkok,378,Shopee,PromptPay,13,2,2,0,40-50,12.6,0.0,0.0,0.0,-1,-1,0.0,0.0,0.0,0.0,0.0,0.0,0,0,0.0,0.0,0,0,0.0,0.0,0,0,0.0,0.0,0,0,0.0,1
LGS2ORD0005372,C010152,2025-02-12 13:00:00,Female,30,Bronze,Web,Nakhon Ratchasima,520,Web,PromptPay,13,2,2,0,20-30,17.333333333333332,0.0,0.0,0.0,-1,-1,0.0,0.0,0.0,0.0,0.0,0.0,0,0,0.0,0.0,0,0,0.0,0.0,0,0,0.0,0.0,0,0,0.0,0
LGS2ORD0005373,C010656,2025-02-12 13:00:00,Female,28,Bronze,TV,Remote_Area,1132,TV_Show,COD,13,2,2,0,20-30,37.733333333333334,2.0,1.0,0.5,1,12,1668.48,0.23,0.5,0.5,0.0,0.0,0,0,0.0,3336.96,2,1,0.5,3336.96,2,1,0.5,3336.96,2,1,0.5,1
LGS2ORD0005374,C015473,2025-02-12 13:00:00,Male,31,Bronze,Web,Chonburi,710,Lazada,Credit_Card,13,2,2,0,30-40,23.666666666666668,1.0,0.0,0.0,-1,26,10385.81,0.18,0.0,0.0,0.0,0.0,0,0,0.0,10385.81,1,0,0.0,10385.81,1,0,0.0,10385.81,1,0,0.0,1
LGS2ORD0005375,C012708,2025-02-12 13:00:00,Female,34,Silver,TV,Chonburi,956,Shopee,COD,13,2,2,0,30-40,31.866666666666667,1.0,0.0,0.0,-1,38,1014.03,0.25,1.0,1.0,0.0,0.0,0,0,0.0,0.0,0,0,0.0,1014.03,1,0,0.0,1014.03,1,0,0.0,0
LGS2ORD0005376,C010396,2025-02-12 14:00:00,Female,40,Bronze,Shopee,Phuket,608,Lazada,COD,14,2,2,0,30-40,20.266666666666666,2.0,0.0,0.0,-1,38,2041.76,0.23,0.5,0.5,0.0,0.0,0,0,0.0,0.0,0,0,0.0,4083.52,2,0,0.0,4083.52,2,0,0.0,1
LGS2ORD0005377,C016609,2025-02-12 14:00:00,Male,49,Platinum,Lazada,Bangkok,1024,Shopee,PromptPay,14,2,2,0,40-50,34.13333333333333,0.0,0.0,0.0,-1,-1,0.0,0.0,0.0,0.0,0.0,0.0,0,0,0.0,0.0,0,0,0.0,0.0,0,0,0.0,0.0,0,0,0.0,0
LGS2ORD0005378,C016955,2025-02-12 14:00:00,Female,43,Bronze,TV,Chiang Mai,337,Lazada,PromptPay,14,2,2,0,40-50,11.233333333333333,0.0,0.0,0.0,-1,-1,0.0,0.0,0.0,0.0,0.0,0.0,0,0,0.0,0.0,0,0,0.0,0.0,0,0,0.0,0.0,0,0,0.0,0
LGS2ORD0005379,C011608,2025-02-12 14:00:00,Male,47,Silver,Lazada,Khon Kaen,622,TV_Show,Credit_Card,14,2,2,0,40-50,20.733333333333334,2.0,0.0,0.0,-1,33,1149.755,0.3,1.0,0.5,0.0,0.0,0,0,0.0,0.0,0,0,0.0,2299.51,2,0,0.0,2299.51,2,0,0.0,0
LGS2ORD0005380,C014361,2025-02-12 14:00:00,Male,49,Gold,TV,Chiang Mai,261,CallCenter,COD,14,2,2,0,40-50,8.7,1.0,0.0,0.0,-1,36,3310.31,0.18,0.0,0.0,0.0,0.0,0,0,0.0,0.0,0,0,0.0,3310.31,1,0,0.0,3310.31,1,0,0.0,0
LGS2ORD0005381,C016447,2025-02-12 15:00:00,Female,53,Platinum,Shopee,Khon Kaen,210,Web,Credit_Card,15,2,2,0,>50,7.0,0.0,0.0,0.0,-1,-1,0.0,0.0,0.0,0.0,0.0,0.0,0,0,0.0,0.0,0,0,0.0,0.0,0,0,0.0,0.0,0,0,0.0,0
LGS2ORD0005382,C013148,2025-02-12 15:00:00,Female,28,Bronze,TV,Khon Kaen,147,Shopee,COD,15,2,2,0,20-30,4.9,0.0,0.0,0.0,-1,-1,0.0,0.0,0.0,0.0,0.0,0.0,0,0,0.0,0.0,0,0,0.0,0.0,0,0,0.0,0.0,0,0,0.0,0
LGS2ORD0005383,C012685,2025-02-12 15:00:00,Male,53,Bronze,TV,Remote_Area,155,TV_Show,Bank_Transfer,15,2,2,0,>50,5.166666666666667,0.0,0.0,0.0,-1,-1,0.0,0.0,0.0,0.0,0.0,0.0,0,0,0.0,0.0,0,0,0.0,0.0,0,0,0.0,0.0,0,0,0.0,0
LGS2ORD0005384,C012994,2025-02-12 15:00:00,Male,28,Bronze,TV,Nakhon Ratchasima,258,Lazada,COD,15,2,2,0,20-30,8.6,2.0,0.0,0.0,-1,1,3853.985,0.23,1.0,0.5,0.0,2306.13,1,0,0.0,2306.13,1,0,0.0,7707.97,2,0,0.0,7707.97,2,0,0.0,1
LGS2ORD0005385,C015594,2025-02-12 15:00:00,Male,33,Bronze,Shopee,Chonburi,1002,CallCenter,COD,15,2,2,0,30-40,33.4,0.0,0.0,0.0,-1,-1,0.0,0.0,0.0,0.0,0.0,0.0,0,0,0.0,0.0,0,0,0.0,0.0,0,0,0.0,0.0,0,0,0.0,0
LGS2ORD0005386,C017171,2025-02-12 15:00:00,Female,32,Silver,Shopee,Songkhla,518,Lazada,COD,15,2,2,0,30-40,17.266666666666666,0.0,0.0,0.0,-1,-1,0.0,0.0,0.0,0.0,0.0,0.0,0,0,0.0,0.0,0,0,0.0,0.0,0,0,0.0,0.0,0,0,0.0,1
LGS2ORD0005387,C012984,2025-02-12 16:00:00,Male,52,Bronze,TV,Remote_Area,893,Web,COD,16,2,2,0,>50,29.766666666666666,1.0,0.0,0.0,-1,2,13559.2,0.03,1.0,0.0,0.0,13559.2,1,0,0.0,13559.2,1,0,0.0,13559.2,1,0,0.0,13559.2,1,0,0.0,1
LGS2ORD0005388,C013792,2025-02-12 16:00:00,Female,48,Silver,Web,Bangkok,1295,TV_Show,PromptPay,16,2,2,0,40-50,43.166666666666664,0.0,0.0,0.0,-1,-1,0.0,0.0,0.0,0.0,0.0,0.0,0,0,0.0,0.0,0,0,0.0,0.0,0,0,0.0,0.0,0,0,0.0,0
LGS2ORD0005389,C010324,2025-02-12 16:00:00,Male,43,Bronze,TV,Chiang Mai,446,Web,COD,16,2,2,0,40-50,14.866666666666667,2.0,1.0,0.5,11,18,2881.9350000000004,0.18,0.5,0.0,0.0,0.0,0,0,0.0,5763.870000000001,2,1,0.5,5763.870000000001,2,1,0.5,5763.870000000001,2,1,0.5,0
LGS2ORD0005390,C012859,2025-02-12 16:00:00,Male,72,Bronze,Web,Nakhon Ratchasima,1021,Lazada,COD,16,2,2,0,>50,34.03333333333333,0.0,0.0,0.0,-1,-1,0.0,0.0,0.0,0.0,0.0,0.0,0,0,0.0,0.0,0,0,0.0,0.0,0,0,0.0,0.0,0,0,0.0,0
LGS2ORD0005391,C014679,2025-02-12 16:00:00,Female,33,Silver,Lazada,Bangkok,673,Web,PromptPay,16,2,2,0,30-40,22.433333333333334,1.0,0.0,0.0,-1,24,6319.2,0.05,1.0,0.0,0.0,0.0,0,0,0.0,6319.2,1,0,0.0,6319.2,1,0,0.0,6319.2,1,0,0.0,0
LGS2ORD0005392,C012815,2025-02-12 17:00:00,Female,59,Bronze,Lazada,Bangkok,1446,CallCenter,PromptPay,17,2,2,0,>50,48.2,2.0,0.0,0.0,-1,34,2987.3199999999997,0.13,1.0,0.0,0.0,0.0,0,0,0.0,0.0,0,0,0.0,5974.639999999999,2,0,0.0,5974.639999999999,2,0,0.0,1
LGS2ORD0005393,C014796,2025-02-12 17:00:00,Female,18,Platinum,Web,Bangkok,726,TV_Show,PromptPay,17,2,2,0,<20,24.2,0.0,0.0,0.0,-1,-1,0.0,0.0,0.0,0.0,0.0,0.0,0,0,0.0,0.0,0,0,0.0,0.0,0,0,0.0,0.0,0,0,0.0,0
LGS2ORD0005394,C016470,2025-02-12 17:00:00,Female,40,Silver,Lazada,Chonburi,1140,Lazada,PromptPay,17,2,2,0,30-40,38.0,0.0,0.0,0.0,-1,-1,0.0,0.0,0.0,0.0,0.0,0.0,0,0,0.0,0.0,0,0,0.0,0.0,0,0,0.0,0.0,0,0,0.0,0
LGS2ORD0005395,C013412,2025-02-12 17:00:00,Male,48,Silver,Web,Songkhla,612,Web,Credit_Card,17,2,2,0,40-50,20.4,2.0,1.0,0.5,19,31,3678.55,0.2,0.5,0.0,0.0,0.0,0,0,0.0,0.0,0,0,0.0,7357.1,2,1,0.5,7357.1,2,1,0.5,1
LGS2ORD0005396,C013098,2025-02-12 17:00:00,Female,22,Gold,Shopee,Bangkok,519,TV_Show,COD,17,2,2,0,20-30,17.3,1.0,0.0,0.0,-1,41,7418.94,0.08,1.0,0.0,0.0,0.0,0,0,0.0,0.0,0,0,0.0,7418.94,1,0,0.0,7418.94,1,0,0.0,0
LGS2ORD0005397,C017577,2025-02-12 18:00:00,Female,54,Bronze,Web,Remote_Area,423,Shopee,COD,18,2,2,0,>50,14.1,0.0,0.0,0.0,-1,-1,0.0,0.0,0.0,0.0,0.0,0.0,0,0,0.0,0.0,0,0,0.0,0.0,0,0,0.0,0.0,0,0,0.0,1
LGS2ORD0005398,C011289,2025-02-12 18:00:00,Female,37,Silver,Shopee,Remote_Area,765,TV_Show,COD,18,2,2,0,30-40,25.5,0.0,0.0,0.0,-1,-1,0.0,0.0,0.0,0.0,0.0,0.0,0,0,0.0,0.0,0,0,0.0,0.0,0,0,0.0,0.0,0,0,0.0,0
LGS2ORD0005399,C016184,2025-02-12 18:00:00,Male,40,Bronze,TV,Remote_Area,897,CallCenter,COD,18,2,2,0,30-40,29.9,1.0,0.0,0.0,-1,24,6267.12,0.18,0.0,0.0,0.0,0.0,0,0,0.0,6267.12,1,0,0.0,6267.12,1,0,0.0,6267.12,1,0,0.0,0
LGS2ORD0005400,C011268,2025-02-12 18:00:00,Female,43,Gold,Lazada,Khon Kaen,1390,Web,PromptPay,18,2,2,0,40-50,46.333333333333336,1.0,0.0,0.0,-1,40,1996.22,0.2299999999999999,0.0,1.0,0.0,0.0,0,0,0.0,0.0,0,0,0.0,1996.22,1,0,0.0,1996.22,1,0,0.0,0
LGS2ORD0005401,C014208,2025-02-12 18:00:00,Male,38,Silver,Web,Remote_Area,533,Web,COD,18,2,2,0,30-40,17.766666666666666,0.0,0.0,0.0,-1,-1,0.0,0.0,0.0,0.0,0.0,0.0,0,0,0.0,0.0,0,0,0.0,0.0,0,0,0.0,0.0,0,0,0.0,1
LGS2ORD0005402,C012653,2025-02-12 19:00:00,Female,42,Bronze,Web,Khon Kaen,784,Lazada,COD,19,2,2,0,40-50,26.133333333333333,1.0,1.0,1.0,20,33,10140.1,0.03,1.0,0.0,0.0,0.0,0,0,0.0,0.0,0,0,0.0,10140.1,1,1,1.0,10140.1,1,1,1.0,0
LGS2ORD0005403,C014941,2025-02-12 19:00:00,Male,30,Bronze,TV,Phuket,1053,Shopee,COD,19,2,2,0,20-30,35.1,1.0,1.0,1.0,-5,3,1036.32,0.28,0.0,1.0,0.0,1036.32,1,1,1.0,1036.32,1,1,1.0,1036.32,1,1,1.0,1036.32,1,1,1.0,0
LGS2ORD0005404,C011722,2025-02-12 19:00:00,Female,43,Silver,TV,Khon Kaen,1113,CallCenter,COD,19,2,2,0,40-50,37.1,0.0,0.0,0.0,-1,-1,0.0,0.0,0.0,0.0,0.0,0.0,0,0,0.0,0.0,0,0,0.0,0.0,0,0,0.0,0.0,0,0,0.0,1
LGS2ORD0005405,C017377,2025-02-12 19:00:00,Male,47,Silver,Web,Khon Kaen,1470,Shopee,Credit_Card,19,2,2,0,40-50,49.0,1.0,0.0,0.0,-1,22,2112.92,0.15,1.0,0.0,0.0,0.0,0,0,0.0,2112.92,1,0,0.0,2112.92,1,0,0.0,2112.92,1,0,0.0,0
LGS2ORD0005406,C017657,2025-02-12 19:00:00,Female,58,Gold,TV,Nakhon Ratchasima,645,Lazada,Credit_Card,19,2,2,0,>50,21.5,0.0,0.0,0.0,-1,-1,0.0,0.0,0.0,0.0,0.0,0.0,0,0,0.0,0.0,0,0,0.0,0.0,0,0,0.0,0.0,0,0,0.0,1
LGS2ORD0005407,C014580,2025-02-12 19:00:00,Male,63,Gold,Lazada,Bangkok,475,Web,COD,19,2,2,0,>50,15.833333333333334,0.0,0.0,0.0,-1,-1,0.0,0.0,0.0,0.0,0.0,0.0,0,0,0.0,0.0,0,0,0.0,0.0,0,0,0.0,0.0,0,0,0.0,0
LGS2ORD0005408,C010720,2025-02-12 20:00:00,Female,18,Bronze,Web,Bangkok,1170,Web,COD,20,2,2,0,<20,39.0,0.0,0.0,0.0,-1,-1,0.0,0.0,0.0,0.0,0.0,0.0,0,0,0.0,0.0,0,0,0.0,0.0,0,0,0.0,0.0,0,0,0.0,0
LGS2ORD0005409,C014665,2025-02-12 20:00:00,Male,36,Bronze,Web,Nakhon Ratchasima,501,Lazada,PromptPay,20,2,2,0,30-40,16.7,0.0,0.0,0.0,-1,-1,0.0,0.0,0.0,0.0,0.0,0.0,0,0,0.0,0.0,0,0,0.0,0.0,0,0,0.0,0.0,0,0,0.0,0
LGS2ORD0005410,C010884,2025-02-12 20:00:00,Female,33,Gold,CallCenter,Nakhon Ratchasima,345,Shopee,Credit_Card,20,2,2,0,30-40,11.5,1.0,0.0,0.0,-1,19,444.05,0.13,1.0,0.0,0.0,0.0,0,0,0.0,444.05,1,0,0.0,444.05,1,0,0.0,444.05,1,0,0.0,1
LGS2ORD0005411,C012920,2025-02-12 20:00:00,Male,32,Gold,CallCenter,Phuket,1022,Lazada,Credit_Card,20,2,2,0,30-40,34.06666666666667,3.0,0.0,0.0,-1,4,6106.633333333334,0.2299999999999999,0.3333333333333333,0.3333333333333333,0.0,6845.93,1,0,0.0,18319.9,3,0,0.0,18319.9,3,0,0.0,18319.9,3,0,0.0,0
LGS2ORD0005412,C017743,2025-02-12 20:00:00,Female,55,Silver,Web,Chiang Mai,1229,Web,COD,20,2,2,0,>50,40.96666666666667,0.0,0.0,0.0,-1,-1,0.0,0.0,0.0,0.0,0.0,0.0,0,0,0.0,0.0,0,0,0.0,0.0,0,0,0.0,0.0,0,0,0.0,0
LGS2ORD0005413,C015018,2025-02-12 21:00:00,Male,37,Gold,TV,Phuket,1425,Lazada,PromptPay,21,2,2,0,30-40,47.5,2.0,0.0,0.0,-1,4,2485.44,0.28,0.5,0.5,0.0,1996.29,1,0,0.0,4970.88,2,0,0.0,4970.88,2,0,0.0,4970.88,2,0,0.0,0
LGS2ORD0005414,C012105,2025-02-12 21:00:00,Female,32,Gold,TV,Remote_Area,1244,CallCenter,COD,21,2,2,0,30-40,41.46666666666667,1.0,0.0,0.0,-1,24,1751.18,0.2299999999999999,1.0,1.0,0.0,0.0,0,0,0.0,1751.18,1,0,0.0,1751.18,1,0,0.0,1751.18,1,0,0.0,1
LGS2ORD0005415,C013299,2025-02-12 21:00:00,Female,57,Bronze,Lazada,Chiang Mai,455,Lazada,Bank_Transfer,21,2,2,0,>50,15.166666666666666,0.0,0.0,0.0,-1,-1,0.0,0.0,0.0,0.0,0.0,0.0,0,0,0.0,0.0,0,0,0.0,0.0,0,0,0.0,0.0,0,0,0.0,1
LGS2ORD0005416,C014875,2025-02-12 21:00:00,Male,18,Silver,Shopee,Chonburi,288,CallCenter,COD,21,2,2,0,<20,9.6,0.0,0.0,0.0,-1,-1,0.0,0.0,0.0,0.0,0.0,0.0,0,0,0.0,0.0,0,0,0.0,0.0,0,0,0.0,0.0,0,0,0.0,1
LGS2ORD0005417,C014007,2025-02-12 21:00:00,Male,57,Bronze,Web,Chonburi,991,Web,Credit_Card,21,2,2,0,>50,33.03333333333333,0.0,0.0,0.0,-1,-1,0.0,0.0,0.0,0.0,0.0,0.0,0,0,0.0,0.0,0,0,0.0,0.0,0,0,0.0,0.0,0,0,0.0,0
LGS2ORD0005418,C017378,2025-02-12 22:00:00,Male,36,Bronze,CallCenter,Chonburi,705,Web,COD,22,2,2,0,30-40,23.5,1.0,0.0,0.0,-1,31,3634.51,0.08,0.0,0.0,0.0,0.0,0,0,0.0,0.0,0,0,0.0,3634.51,1,0,0.0,3634.51,1,0,0.0,0
LGS2ORD0005419,C010152,2025-02-12 22:00:00,Female,30,Bronze,Web,Nakhon Ratchasima,520,Web,COD,22,2,2,0,20-30,17.333333333333332,1.0,0.0,0.0,-1,0,1983.96,0.08,0.0,0.0,0.0,1983.96,1,0,0.0,1983.96,1,0,0.0,1983.96,1,0,0.0,1983.96,1,0,0.0,0
LGS2ORD0005420,C011461,2025-02-12 22:00:00,Female,60,Bronze,Web,Remote_Area,1108,CallCenter,COD,22,2,2,0,>50,36.93333333333333,0.0,0.0,0.0,-1,-1,0.0,0.0,0.0,0.0,0.0,0.0,0,0,0.0,0.0,0,0,0.0,0.0,0,0,0.0,0.0,0,0,0.0,0
LGS2ORD0005421,C010653,2025-02-12 22:00:00,Male,45,Gold,Web,Bangkok,396,Web,Credit_Card,22,2,2,0,40-50,13.2,0.0,0.0,0.0,-1,-1,0.0,0.0,0.0,0.0,0.0,0.0,0,0,0.0,0.0,0,0,0.0,0.0,0,0,0.0,0.0,0,0,0.0,0
LGS2ORD0005422,C013291,2025-02-12 22:00:00,Male,60,Silver,Lazada,Khon Kaen,367,TV_Show,COD,22,2,2,0,>50,12.233333333333333,0.0,0.0,0.0,-1,-1,0.0,0.0,0.0,0.0,0.0,0.0,0,0,0.0,0.0,0,0,0.0,0.0,0,0,0.0,0.0,0,0,0.0,0
LGS2ORD0005423,C010771,2025-02-12 23:00:00,Other,50,Bronze,Shopee,Chonburi,1383,Shopee,COD,23,2,2,0,40-50,46.1,0.0,0.0,0.0,-1,-1,0.0,0.0,0.0,0.0,0.0,0.0,0,0,0.0,0.0,0,0,0.0,0.0,0,0,0.0,0.0,0,0,0.0,0
LGS2ORD0005424,C017224,2025-02-12 23:00:00,Female,43,Gold,Shopee,Chiang Mai,709,TV_Show,Credit_Card,23,2,2,0,40-50,23.633333333333333,0.0,0.0,0.0,-1,-1,0.0,0.0,0.0,0.0,0.0,0.0,0,0,0.0,0.0,0,0,0.0,0.0,0,0,0.0,0.0,0,0,0.0,0
LGS2ORD0005425,C015984,2025-02-12 23:00:00,Male,50,Silver,Shopee,Bangkok,1448,TV_Show,COD,23,2,2,0,40-50,48.266666666666666,2.0,0.0,0.0,-1,19,6844.76,0.2,0.0,0.0,0.0,0.0,0,0,0.0,13689.52,2,0,0.0,13689.52,2,0,0.0,13689.52,2,0,0.0,1
LGS2ORD0005426,C012015,2025-02-12 23:00:00,Male,57,Bronze,CallCenter,Phuket,1081,Shopee,COD,23,2,2,0,>50,36.03333333333333,0.0,0.0,0.0,-1,-1,0.0,0.0,0.0,0.0,0.0,0.0,0,0,0.0,0.0,0,0,0.0,0.0,0,0,0.0,0.0,0,0,0.0,1
LGS2ORD0005427,C011031,2025-02-12 23:00:00,Female,37,Gold,TV,Chiang Mai,979,Web,PromptPay,23,2,2,0,30-40,32.63333333333333,0.0,0.0,0.0,-1,-1,0.0,0.0,0.0,0.0,0.0,0.0,0,0,0.0,0.0,0,0,0.0,0.0,0,0,0.0,0.0,0,0,0.0,1
LGS2ORD0005428,C011049,2025-02-12 23:00:00,Female,44,Bronze,Lazada,Bangkok,724,Lazada,Credit_Card,23,2,2,0,40-50,24.133333333333333,1.0,1.0,1.0,4,13,1448.62,0.28,1.0,1.0,0.0,0.0,0,0,0.0,1448.62,1,1,1.0,1448.62,1,1,1.0,1448.62,1,1,1.0,0
LGS2ORD0005429,C010848,2025-02-13 00:00:00,Male,42,Bronze,Lazada,Chiang Mai,218,Shopee,Credit_Card,0,2,3,0,40-50,7.266666666666667,0.0,0.0,0.0,-1,-1,0.0,0.0,0.0,0.0,0.0,0.0,0,0,0.0,0.0,0,0,0.0,0.0,0,0,0.0,0.0,0,0,0.0,0
LGS2ORD0005430,C014748,2025-02-13 00:00:00,Female,44,Silver,TV,Bangkok,915,Web,Credit_Card,0,2,3,0,40-50,30.5,1.0,0.0,0.0,-1,9,6676.95,0.15,0.0,0.0,0.0,0.0,0,0,0.0,6676.95,1,0,0.0,6676.95,1,0,0.0,6676.95,1,0,0.0,1
LGS2ORD0005431,C015277,2025-02-13 00:00:00,Male,42,Bronze,Web,Bangkok,1311,Web,Credit_Card,0,2,3,0,40-50,43.7,1.0,0.0,0.0,-1,9,1190.28,0.13,1.0,0.0,0.0,0.0,0,0,0.0,1190.28,1,0,0.0,1190.28,1,0,0.0,1190.28,1,0,0.0,0
LGS2ORD0005432,C014805,2025-02-13 00:00:00,Male,41,Bronze,TV,Chonburi,581,Lazada,COD,0,2,3,0,40-50,19.366666666666667,1.0,0.0,0.0,-1,8,970.65,0.03,0.0,0.0,0.0,0.0,0,0,0.0,970.65,1,0,0.0,970.65,1,0,0.0,970.65,1,0,0.0,0
LGS2ORD0005433,C012621,2025-02-13 00:00:00,Male,59,Gold,TV,Bangkok,246,Shopee,PromptPay,0,2,3,0,>50,8.2,0.0,0.0,0.0,-1,-1,0.0,0.0,0.0,0.0,0.0,0.0,0,0,0.0,0.0,0,0,0.0,0.0,0,0,0.0,0.0,0,0,0.0,0
LGS2ORD0005434,C017654,2025-02-13 01:00:00,Female,44,Bronze,TV,Bangkok,430,TV_Show,COD,1,2,3,0,40-50,14.333333333333334,0.0,0.0,0.0,-1,-1,0.0,0.0,0.0,0.0,0.0,0.0,0,0,0.0,0.0,0,0,0.0,0.0,0,0,0.0,0.0,0,0,0.0,1
LGS2ORD0005435,C011517,2025-02-13 01:00:00,Male,50,Bronze,Shopee,Nakhon Ratchasima,117,Lazada,Credit_Card,1,2,3,0,40-50,3.9,1.0,0.0,0.0,-1,28,377.87,0.03,1.0,0.0,0.0,0.0,0,0,0.0,377.87,1,0,0.0,377.87,1,0,0.0,377.87,1,0,0.0,0
LGS2ORD0005436,C010210,2025-02-13 01:00:00,Female,42,Gold,Lazada,Chonburi,678,CallCenter,COD,1,2,3,0,40-50,22.6,2.0,1.0,0.5,1,7,3311.68,0.28,0.0,0.5,0.0,0.0,0,0,0.0,5072.54,1,1,1.0,6623.36,2,1,0.5,6623.36,2,1,0.5,0
LGS2ORD0005437,C016501,2025-02-13 01:00:00,Female,51,Bronze,Shopee,Khon Kaen,91,Web,COD,1,2,3,0,>50,3.033333333333333,0.0,0.0,0.0,-1,-1,0.0,0.0,0.0,0.0,0.0,0.0,0,0,0.0,0.0,0,0,0.0,0.0,0,0,0.0,0.0,0,0,0.0,1
LGS2ORD0005438,C015400,2025-02-13 01:00:00,Female,71,Bronze,Shopee,Songkhla,779,Web,Credit_Card,1,2,3,0,>50,25.966666666666665,1.0,0.0,0.0,-1,17,1932.79,0.03,0.0,0.0,0.0,0.0,0,0,0.0,1932.79,1,0,0.0,1932.79,1,0,0.0,1932.79,1,0,0.0,1
LGS2ORD0005439,C016914,2025-02-13 02:00:00,Female,39,Bronze,Shopee,Phuket,1356,Lazada,COD,2,2,3,0,30-40,45.2,2.0,1.0,0.5,10,23,11226.635,0.03,0.0,0.0,0.0,0.0,0,0,0.0,20489.24,1,1,1.0,22453.27,2,1,0.5,22453.27,2,1,0.5,0
LGS2ORD0005440,C013462,2025-02-13 02:00:00,Female,57,Bronze,CallCenter,Chonburi,545,Shopee,Credit_Card,2,2,3,0,>50,18.166666666666668,1.0,0.0,0.0,-1,38,2070.32,0.08,0.0,0.0,0.0,0.0,0,0,0.0,0.0,0,0,0.0,2070.32,1,0,0.0,2070.32,1,0,0.0,1
LGS2ORD0005441,C015008,2025-02-13 02:00:00,Male,51,Bronze,Lazada,Songkhla,844,TV_Show,COD,2,2,3,0,>50,28.133333333333333,2.0,1.0,0.5,36,39,4046.135,0.23,0.5,0.5,0.0,0.0,0,0,0.0,0.0,0,0,0.0,8092.27,2,1,0.5,8092.27,2,1,0.5,1
LGS2ORD0005442,C014821,2025-02-13 02:00:00,Female,38,Bronze,TV,Bangkok,396,Web,Bank_Transfer,2,2,3,0,30-40,13.2,1.0,0.0,0.0,-1,38,35567.14,0.03,1.0,0.0,0.0,0.0,0,0,0.0,0.0,0,0,0.0,35567.14,1,0,0.0,35567.14,1,0,0.0,0
LGS2ORD0005443,C012589,2025-02-13 02:00:00,Female,39,Bronze,TV,Chonburi,954,TV_Show,PromptPay,2,2,3,0,30-40,31.8,3.0,0.0,0.0,-1,2,7878.46,0.13,0.6666666666666666,0.0,0.0,9934.11,1,0,0.0,10769.44,2,0,0.0,23635.38,3,0,0.0,23635.38,3,0,0.0,0
LGS2ORD0005444,C017041,2025-02-13 03:00:00,Male,62,Bronze,Lazada,Songkhla,647,TV_Show,PromptPay,3,2,3,0,>50,21.566666666666666,0.0,0.0,0.0,-1,-1,0.0,0.0,0.0,0.0,0.0,0.0,0,0,0.0,0.0,0,0,0.0,0.0,0,0,0.0,0.0,0,0,0.0,0
LGS2ORD0005445,C017679,2025-02-13 03:00:00,Female,26,Bronze,Web,Phuket,426,Lazada,COD,3,2,3,0,20-30,14.2,1.0,0.0,0.0,-1,40,896.98,0.18,0.0,0.0,0.0,0.0,0,0,0.0,0.0,0,0,0.0,896.98,1,0,0.0,896.98,1,0,0.0,1
LGS2ORD0005446,C016270,2025-02-13 03:00:00,Male,48,Bronze,Lazada,Songkhla,1159,TV_Show,COD,3,2,3,0,40-50,38.63333333333333,2.0,2.0,1.0,3,8,902.855,0.28,1.0,0.5,0.0,0.0,0,0,0.0,1805.71,2,2,1.0,1805.71,2,2,1.0,1805.71,2,2,1.0,0
LGS2ORD0005447,C015111,2025-02-13 03:00:00,Female,54,Bronze,TV,Bangkok,426,Shopee,COD,3,2,3,0,>50,14.2,1.0,0.0,0.0,-1,35,2538.8,0.18,0.0,0.0,0.0,0.0,0,0,0.0,0.0,0,0,0.0,2538.8,1,0,0.0,2538.8,1,0,0.0,0
LGS2ORD0005448,C017598,2025-02-13 03:00:00,Male,46,Silver,CallCenter,Chiang Mai,1466,Lazada,Credit_Card,3,2,3,0,40-50,48.86666666666667,0.0,0.0,0.0,-1,-1,0.0,0.0,0.0,0.0,0.0,0.0,0,0,0.0,0.0,0,0,0.0,0.0,0,0,0.0,0.0,0,0,0.0,0
LGS2ORD0005449,C016600,2025-02-13 03:00:00,Female,58,Platinum,TV,Chonburi,247,Lazada,Credit_Card,3,2,3,0,>50,8.233333333333333,1.0,1.0,1.0,15,23,1752.19,0.3,1.0,1.0,0.0,0.0,0,0,0.0,1752.19,1,1,1.0,1752.19,1,1,1.0,1752.19,1,1,1.0,0
LGS2ORD0005450,C013562,2025-02-13 04:00:00,Male,56,Bronze,Lazada,Remote_Area,767,CallCenter,PromptPay,4,2,3,0,>50,25.566666666666666,1.0,1.0,1.0,6,21,12820.97,0.23,1.0,1.0,0.0,0.0,0,0,0.0,12820.97,1,1,1.0,12820.97,1,1,1.0,12820.97,1,1,1.0,0
LGS2ORD0005451,C014880,2025-02-13 04:00:00,Female,38,Silver,Lazada,Bangkok,578,Web,Credit_Card,4,2,3,0,30-40,19.266666666666666,0.0,0.0,0.0,-1,-1,0.0,0.0,0.0,0.0,0.0,0.0,0,0,0.0,0.0,0,0,0.0,0.0,0,0,0.0,0.0,0,0,0.0,0
LGS2ORD0005452,C015203,2025-02-13 04:00:00,Female,44,Gold,TV,Bangkok,552,Web,COD,4,2,3,0,40-50,18.4,2.0,0.0,0.0,-1,7,1516.09,0.28,1.0,0.5,0.0,0.0,0,0,0.0,3032.18,2,0,0.0,3032.18,2,0,0.0,3032.18,2,0,0.0,0
LGS2ORD0005453,C011538,2025-02-13 04:00:00,Female,55,Bronze,TV,Phuket,313,TV_Show,COD,4,2,3,0,>50,10.433333333333334,0.0,0.0,0.0,-1,-1,0.0,0.0,0.0,0.0,0.0,0.0,0,0,0.0,0.0,0,0,0.0,0.0,0,0,0.0,0.0,0,0,0.0,1
LGS2ORD0005454,C012374,2025-02-13 04:00:00,Male,40,Bronze,Lazada,Remote_Area,382,Lazada,Credit_Card,4,2,3,0,30-40,12.733333333333333,1.0,1.0,1.0,6,13,16134.69,0.18,1.0,0.0,0.0,0.0,0,0,0.0,16134.69,1,1,1.0,16134.69,1,1,1.0,16134.69,1,1,1.0,0
LGS2ORD0005455,C010157,2025-02-13 05:00:00,Female,47,Silver,Lazada,Khon Kaen,810,TV_Show,PromptPay,5,2,3,0,40-50,27.0,0.0,0.0,0.0,-1,-1,0.0,0.0,0.0,0.0,0.0,0.0,0,0,0.0,0.0,0,0,0.0,0.0,0,0,0.0,0.0,0,0,0.0,0
LGS2ORD0005456,C014313,2025-02-13 05:00:00,Female,49,Bronze,Shopee,Chiang Mai,124,TV_Show,COD,5,2,3,0,40-50,4.133333333333334,2.0,0.0,0.0,-1,10,14003.27,0.13,0.0,0.0,0.0,0.0,0,0,0.0,28006.54,2,0,0.0,28006.54,2,0,0.0,28006.54,2,0,0.0,0
LGS2ORD0005457,C015527,2025-02-13 05:00:00,Male,58,Bronze,Lazada,Bangkok,228,Shopee,PromptPay,5,2,3,0,>50,7.6,0.0,0.0,0.0,-1,-1,0.0,0.0,0.0,0.0,0.0,0.0,0,0,0.0,0.0,0,0,0.0,0.0,0,0,0.0,0.0,0,0,0.0,0
LGS2ORD0005458,C015920,2025-02-13 05:00:00,Male,54,Silver,TV,Songkhla,924,Lazada,COD,5,2,3,0,>50,30.8,0.0,0.0,0.0,-1,-1,0.0,0.0,0.0,0.0,0.0,0.0,0,0,0.0,0.0,0,0,0.0,0.0,0,0,0.0,0.0,0,0,0.0,1
LGS2ORD0005459,C010232,2025-02-13 05:00:00,Male,46,Bronze,TV,Bangkok,1496,CallCenter,Bank_Transfer,5,2,3,0,40-50,49.86666666666667,0.0,0.0,0.0,-1,-1,0.0,0.0,0.0,0.0,0.0,0.0,0,0,0.0,0.0,0,0,0.0,0.0,0,0,0.0,0.0,0,0,0.0,0
LGS2ORD0005460,C014318,2025-02-13 06:00:00,Male,46,Platinum,Lazada,Khon Kaen,1042,Shopee,Credit_Card,6,2,3,0,40-50,34.733333333333334,0.0,0.0,0.0,-1,-1,0.0,0.0,0.0,0.0,0.0,0.0,0,0,0.0,0.0,0,0,0.0,0.0,0,0,0.0,0.0,0,0,0.0,0
LGS2ORD0005461,C016842,2025-02-13 06:00:00,Female,22,Silver,Web,Bangkok,691,TV_Show,COD,6,2,3,0,20-30,23.033333333333335,0.0,0.0,0.0,-1,-1,0.0,0.0,0.0,0.0,0.0,0.0,0,0,0.0,0.0,0,0,0.0,0.0,0,0,0.0,0.0,0,0,0.0,0
LGS2ORD0005462,C016325,2025-02-13 06:00:00,Female,52,Bronze,TV,Remote_Area,1146,Shopee,COD,6,2,3,0,>50,38.2,1.0,1.0,1.0,-6,10,9327.59,0.23,0.0,1.0,0.0,0.0,0,0,0.0,9327.59,1,1,1.0,9327.59,1,1,1.0,9327.59,1,1,1.0,1
LGS2ORD0005463,C014431,2025-02-13 06:00:00,Female,52,Bronze,TV,Khon Kaen,657,Web,COD,6,2,3,0,>50,21.9,1.0,0.0,0.0,-1,31,1399.54,0.03,1.0,0.0,0.0,0.0,0,0,0.0,0.0,0,0,0.0,1399.54,1,0,0.0,1399.54,1,0,0.0,0
LGS2ORD0005464,C012380,2025-02-13 06:00:00,Female,31,Gold,Shopee,Bangkok,676,Web,Credit_Card,6,2,3,0,30-40,22.533333333333335,0.0,0.0,0.0,-1,-1,0.0,0.0,0.0,0.0,0.0,0.0,0,0,0.0,0.0,0,0,0.0,0.0,0,0,0.0,0.0,0,0,0.0,1
LGS2ORD0005465,C011769,2025-02-13 07:00:00,Female,46,Gold,Shopee,Chiang Mai,710,Web,COD,7,2,3,0,40-50,23.666666666666668,0.0,0.0,0.0,-1,-1,0.0,0.0,0.0,0.0,0.0,0.0,0,0,0.0,0.0,0,0,0.0,0.0,0,0,0.0,0.0,0,0,0.0,0
LGS2ORD0005466,C014758,2025-02-13 07:00:00,Female,52,Bronze,Lazada,Khon Kaen,930,Web,Credit_Card,7,2,3,0,>50,31.0,0.0,0.0,0.0,-1,-1,0.0,0.0,0.0,0.0,0.0,0.0,0,0,0.0,0.0,0,0,0.0,0.0,0,0,0.0,0.0,0,0,0.0,0
LGS2ORD0005467,C015234,2025-02-13 07:00:00,Female,42,Bronze,TV,Chonburi,382,Web,COD,7,2,3,0,40-50,12.733333333333333,3.0,0.0,0.0,-1,10,4346.846666666667,0.28,0.3333333333333333,0.3333333333333333,0.0,0.0,0,0,0.0,10105.45,2,0,0.0,13040.54,3,0,0.0,13040.54,3,0,0.0,0
LGS2ORD0005468,C013707,2025-02-13 07:00:00,Other,32,Gold,CallCenter,Nakhon Ratchasima,1415,TV_Show,PromptPay,7,2,3,0,30-40,47.166666666666664,0.0,0.0,0.0,-1,-1,0.0,0.0,0.0,0.0,0.0,0.0,0,0,0.0,0.0,0,0,0.0,0.0,0,0,0.0,0.0,0,0,0.0,0
LGS2ORD0005469,C010047,2025-02-13 07:00:00,Male,51,Bronze,CallCenter,Chonburi,1394,Web,Bank_Transfer,7,2,3,0,>50,46.46666666666667,0.0,0.0,0.0,-1,-1,0.0,0.0,0.0,0.0,0.0,0.0,0,0,0.0,0.0,0,0,0.0,0.0,0,0,0.0,0.0,0,0,0.0,0
LGS2ORD0005470,C013536,2025-02-13 07:00:00,Female,52,Silver,Web,Bangkok,775,Web,PromptPay,7,2,3,0,>50,25.833333333333332,0.0,0.0,0.0,-1,-1,0.0,0.0,0.0,0.0,0.0,0.0,0,0,0.0,0.0,0,0,0.0,0.0,0,0,0.0,0.0,0,0,0.0,0
LGS2ORD0005471,C012554,2025-02-13 08:00:00,Female,54,Bronze,Shopee,Chonburi,1397,TV_Show,COD,8,2,3,0,>50,46.56666666666667,0.0,0.0,0.0,-1,-1,0.0,0.0,0.0,0.0,0.0,0.0,0,0,0.0,0.0,0,0,0.0,0.0,0,0,0.0,0.0,0,0,0.0,1
LGS2ORD0005472,C010654,2025-02-13 08:00:00,Male,50,Platinum,TV,Nakhon Ratchasima,772,Web,Bank_Transfer,8,2,3,0,40-50,25.733333333333334,0.0,0.0,0.0,-1,-1,0.0,0.0,0.0,0.0,0.0,0.0,0,0,0.0,0.0,0,0,0.0,0.0,0,0,0.0,0.0,0,0,0.0,0
LGS2ORD0005473,C010900,2025-02-13 08:00:00,Female,58,Bronze,Web,Songkhla,73,CallCenter,Credit_Card,8,2,3,0,>50,2.433333333333333,1.0,0.0,0.0,-1,12,14749.57,0.28,0.0,1.0,0.0,0.0,0,0,0.0,14749.57,1,0,0.0,14749.57,1,0,0.0,14749.57,1,0,0.0,0
LGS2ORD0005474,C013737,2025-02-13 08:00:00,Male,39,Bronze,Web,Chonburi,878,Web,COD,8,2,3,0,30-40,29.266666666666666,0.0,0.0,0.0,-1,-1,0.0,0.0,0.0,0.0,0.0,0.0,0,0,0.0,0.0,0,0,0.0,0.0,0,0,0.0,0.0,0,0,0.0,1
LGS2ORD0005475,C010953,2025-02-13 08:00:00,Male,38,Bronze,Web,Chiang Mai,1050,Shopee,COD,8,2,3,0,30-40,35.0,1.0,0.0,0.0,-1,10,5070.56,0.08,1.0,0.0,0.0,0.0,0,0,0.0,5070.56,1,0,0.0,5070.56,1,0,0.0,5070.56,1,0,0.0,1
LGS2ORD0005476,C012828,2025-02-13 09:00:00,Female,66,Gold,Lazada,Chiang Mai,1387,TV_Show,Bank_Transfer,9,2,3,0,>50,46.233333333333334,0.0,0.0,0.0,-1,-1,0.0,0.0,0.0,0.0,0.0,0.0,0,0,0.0,0.0,0,0,0.0,0.0,0,0,0.0,0.0,0,0,0.0,0
LGS2ORD0005477,C017270,2025-02-13 09:00:00,Female,40,Bronze,TV,Bangkok,253,Shopee,COD,9,2,3,0,30-40,8.433333333333334,0.0,0.0,0.0,-1,-1,0.0,0.0,0.0,0.0,0.0,0.0,0,0,0.0,0.0,0,0,0.0,0.0,0,0,0.0,0.0,0,0,0.0,0
LGS2ORD0005478,C017190,2025-02-13 09:00:00,Male,50,Bronze,TV,Nakhon Ratchasima,324,Lazada,COD,9,2,3,0,40-50,10.8,0.0,0.0,0.0,-1,-1,0.0,0.0,0.0,0.0,0.0,0.0,0,0,0.0,0.0,0,0,0.0,0.0,0,0,0.0,0.0,0,0,0.0,1
LGS2ORD0005479,C014330,2025-02-13 09:00:00,Male,19,Silver,TV,Phuket,1319,CallCenter,COD,9,2,3,0,<20,43.96666666666667,1.0,1.0,1.0,23,28,1795.47,0.2,0.0,0.0,0.0,0.0,0,0,0.0,1795.47,1,1,1.0,1795.47,1,1,1.0,1795.47,1,1,1.0,0
LGS2ORD0005480,C015930,2025-02-13 09:00:00,Male,31,Gold,Shopee,Phuket,419,Web,COD,9,2,3,0,30-40,13.966666666666667,0.0,0.0,0.0,-1,-1,0.0,0.0,0.0,0.0,0.0,0.0,0,0,0.0,0.0,0,0,0.0,0.0,0,0,0.0,0.0,0,0,0.0,0
LGS2ORD0005481,C011108,2025-02-13 10:00:00,Female,42,Bronze,TV,Phuket,1174,TV_Show,Credit_Card,10,2,3,0,40-50,39.13333333333333,1.0,0.0,0.0,-1,25,34659.66,0.03,0.0,0.0,0.0,0.0,0,0,0.0,34659.66,1,0,0.0,34659.66,1,0,0.0,34659.66,1,0,0.0,0
LGS2ORD0005482,C014262,2025-02-13 10:00:00,Female,27,Bronze,Lazada,Bangkok,873,TV_Show,COD,10,2,3,0,20-30,29.1,0.0,0.0,0.0,-1,-1,0.0,0.0,0.0,0.0,0.0,0.0,0,0,0.0,0.0,0,0,0.0,0.0,0,0,0.0,0.0,0,0,0.0,0
LGS2ORD0005483,C012364,2025-02-13 10:00:00,Male,33,Gold,CallCenter,Songkhla,257,TV_Show,COD,10,2,3,0,30-40,8.566666666666666,1.0,1.0,1.0,17,29,1989.53,0.2299999999999999,1.0,1.0,0.0,0.0,0,0,0.0,1989.53,1,1,1.0,1989.53,1,1,1.0,1989.53,1,1,1.0,1
LGS2ORD0005484,C017599,2025-02-13 10:00:00,Other,48,Gold,Lazada,Bangkok,1168,TV_Show,Credit_Card,10,2,3,0,40-50,38.93333333333333,0.0,0.0,0.0,-1,-1,0.0,0.0,0.0,0.0,0.0,0.0,0,0,0.0,0.0,0,0,0.0,0.0,0,0,0.0,0.0,0,0,0.0,0
LGS2ORD0005485,C011394,2025-02-13 10:00:00,Male,49,Silver,Web,Chiang Mai,1473,Lazada,Credit_Card,10,2,3,0,40-50,49.1,0.0,0.0,0.0,-1,-1,0.0,0.0,0.0,0.0,0.0,0.0,0,0,0.0,0.0,0,0,0.0,0.0,0,0,0.0,0.0,0,0,0.0,0
LGS2ORD0005486,C010559,2025-02-13 10:00:00,Male,18,Silver,Web,Bangkok,597,Web,PromptPay,10,2,3,0,<20,19.9,0.0,0.0,0.0,-1,-1,0.0,0.0,0.0,0.0,0.0,0.0,0,0,0.0,0.0,0,0,0.0,0.0,0,0,0.0,0.0,0,0,0.0,0
LGS2ORD0005487,C015296,2025-02-13 11:00:00,Female,39,Bronze,Shopee,Songkhla,546,Lazada,PromptPay,11,2,3,0,30-40,18.2,0.0,0.0,0.0,-1,-1,0.0,0.0,0.0,0.0,0.0,0.0,0,0,0.0,0.0,0,0,0.0,0.0,0,0,0.0,0.0,0,0,0.0,0
LGS2ORD0005488,C017735,2025-02-13 11:00:00,Female,39,Gold,TV,Bangkok,483,Shopee,Credit_Card,11,2,3,0,30-40,16.1,2.0,0.0,0.0,-1,22,2700.565,0.13,0.0,0.0,0.0,0.0,0,0,0.0,1782.92,1,0,0.0,5401.13,2,0,0.0,5401.13,2,0,0.0,0
LGS2ORD0005489,C012954,2025-02-13 11:00:00,Other,30,Bronze,Web,Nakhon Ratchasima,960,CallCenter,Credit_Card,11,2,3,0,20-30,32.0,0.0,0.0,0.0,-1,-1,0.0,0.0,0.0,0.0,0.0,0.0,0,0,0.0,0.0,0,0,0.0,0.0,0,0,0.0,0.0,0,0,0.0,0
LGS2ORD0005490,C010124,2025-02-13 11:00:00,Female,42,Bronze,Web,Chonburi,740,TV_Show,COD,11,2,3,0,40-50,24.666666666666668,0.0,0.0,0.0,-1,-1,0.0,0.0,0.0,0.0,0.0,0.0,0,0,0.0,0.0,0,0,0.0,0.0,0,0,0.0,0.0,0,0,0.0,0
LGS2ORD0005491,C012942,2025-02-13 11:00:00,Male,45,Bronze,Lazada,Chonburi,77,Web,Credit_Card,11,2,3,0,40-50,2.566666666666667,0.0,0.0,0.0,-1,-1,0.0,0.0,0.0,0.0,0.0,0.0,0,0,0.0,0.0,0,0,0.0,0.0,0,0,0.0,0.0,0,0,0.0,0
LGS2ORD0005492,C016859,2025-02-13 12:00:00,Male,50,Silver,Shopee,Phuket,1045,CallCenter,Credit_Card,12,2,3,0,40-50,34.833333333333336,1.0,1.0,1.0,8,14,1799.6,0.25,1.0,1.0,0.0,0.0,0,0,0.0,1799.6,1,1,1.0,1799.6,1,1,1.0,1799.6,1,1,1.0,0
LGS2ORD0005493,C011519,2025-02-13 12:00:00,Male,59,Bronze,CallCenter,Remote_Area,399,TV_Show,COD,12,2,3,0,>50,13.3,0.0,0.0,0.0,-1,-1,0.0,0.0,0.0,0.0,0.0,0.0,0,0,0.0,0.0,0,0,0.0,0.0,0,0,0.0,0.0,0,0,0.0,1
LGS2ORD0005494,C010471,2025-02-13 12:00:00,Female,56,Gold,TV,Nakhon Ratchasima,791,TV_Show,PromptPay,12,2,3,0,>50,26.366666666666667,0.0,0.0,0.0,-1,-1,0.0,0.0,0.0,0.0,0.0,0.0,0,0,0.0,0.0,0,0,0.0,0.0,0,0,0.0,0.0,0,0,0.0,1
LGS2ORD0005495,C010390,2025-02-13 12:00:00,Female,47,Bronze,Web,Bangkok,158,Shopee,PromptPay,12,2,3,0,40-50,5.266666666666667,1.0,0.0,0.0,-1,3,741.46,0.13,0.0,0.0,0.0,741.46,1,0,0.0,741.46,1,0,0.0,741.46,1,0,0.0,741.46,1,0,0.0,0
LGS2ORD0005496,C016472,2025-02-13 12:00:00,Male,33,Platinum,Web,Bangkok,633,CallCenter,Credit_Card,12,2,3,0,30-40,21.1,0.0,0.0,0.0,-1,-1,0.0,0.0,0.0,0.0,0.0,0.0,0,0,0.0,0.0,0,0,0.0,0.0,0,0,0.0,0.0,0,0,0.0,0
LGS2ORD0005497,C017984,2025-02-13 13:00:00,Female,61,Bronze,Lazada,Khon Kaen,1339,CallCenter,COD,13,2,3,0,>50,44.63333333333333,0.0,0.0,0.0,-1,-1,0.0,0.0,0.0,0.0,0.0,0.0,0,0,0.0,0.0,0,0,0.0,0.0,0,0,0.0,0.0,0,0,0.0,0
LGS2ORD0005498,C010017,2025-02-13 13:00:00,Male,50,Silver,TV,Phuket,625,Shopee,COD,13,2,3,0,40-50,20.833333333333332,1.0,1.0,1.0,0,4,1427.36,0.1,0.0,0.0,0.0,1427.36,1,1,1.0,1427.36,1,1,1.0,1427.36,1,1,1.0,1427.36,1,1,1.0,1
LGS2ORD0005499,C010704,2025-02-13 13:00:00,Male,38,Gold,CallCenter,Bangkok,1374,Web,PromptPay,13,2,3,0,30-40,45.8,0.0,0.0,0.0,-1,-1,0.0,0.0,0.0,0.0,0.0,0.0,0,0,0.0,0.0,0,0,0.0,0.0,0,0,0.0,0.0,0,0,0.0,0
LGS2ORD0005500,C012721,2025-02-13 13:00:00,Male,45,Bronze,Shopee,Songkhla,216,Lazada,COD,13,2,3,0,40-50,7.2,0.0,0.0,0.0,-1,-1,0.0,0.0,0.0,0.0,0.0,0.0,0,0,0.0,0.0,0,0,0.0,0.0,0,0,0.0,0.0,0,0,0.0,0
LGS2ORD0005501,C013259,2025-02-13 13:00:00,Female,58,Silver,TV,Chonburi,367,Lazada,COD,13,2,3,0,>50,12.233333333333333,1.0,0.0,0.0,-1,4,7003.24,0.3,0.0,1.0,0.0,7003.24,1,0,0.0,7003.24,1,0,0.0,7003.24,1,0,0.0,7003.24,1,0,0.0,1
LGS2ORD0005502,C016408,2025-02-13 14:00:00,Female,57,Bronze,Web,Bangkok,1330,Shopee,COD,14,2,3,0,>50,44.333333333333336,0.0,0.0,0.0,-1,-1,0.0,0.0,0.0,0.0,0.0,0.0,0,0,0.0,0.0,0,0,0.0,0.0,0,0,0.0,0.0,0,0,0.0,0
LGS2ORD0005503,C013260,2025-02-13 14:00:00,Male,35,Silver,TV,Phuket,796,Web,Bank_Transfer,14,2,3,0,30-40,26.533333333333335,0.0,0.0,0.0,-1,-1,0.0,0.0,0.0,0.0,0.0,0.0,0,0,0.0,0.0,0,0,0.0,0.0,0,0,0.0,0.0,0,0,0.0,0
LGS2ORD0005504,C017969,2025-02-13 14:00:00,Male,50,Silver,TV,Remote_Area,1091,Shopee,Credit_Card,14,2,3,0,40-50,36.36666666666667,0.0,0.0,0.0,-1,-1,0.0,0.0,0.0,0.0,0.0,0.0,0,0,0.0,0.0,0,0,0.0,0.0,0,0,0.0,0.0,0,0,0.0,0
LGS2ORD0005505,C016216,2025-02-13 14:00:00,Female,61,Bronze,Shopee,Remote_Area,448,TV_Show,Credit_Card,14,2,3,0,>50,14.933333333333334,2.0,1.0,0.5,-2,10,1203.635,0.23,0.5,0.5,0.0,0.0,0,0,0.0,2407.27,2,1,0.5,2407.27,2,1,0.5,2407.27,2,1,0.5,0
LGS2ORD0005506,C011670,2025-02-13 14:00:00,Male,51,Bronze,Shopee,Chonburi,948,TV_Show,Credit_Card,14,2,3,0,>50,31.6,1.0,1.0,1.0,-3,10,3666.78,0.03,0.0,0.0,0.0,0.0,0,0,0.0,3666.78,1,1,1.0,3666.78,1,1,1.0,3666.78,1,1,1.0,0
LGS2ORD0005507,C016741,2025-02-13 14:00:00,Female,36,Silver,Lazada,Songkhla,78,Lazada,COD,14,2,3,0,30-40,2.6,1.0,0.0,0.0,-1,36,1248.25,0.25,1.0,1.0,0.0,0.0,0,0,0.0,0.0,0,0,0.0,1248.25,1,0,0.0,1248.25,1,0,0.0,1
LGS2ORD0005508,C014887,2025-02-13 15:00:00,Female,25,Silver,Shopee,Bangkok,1436,Lazada,Bank_Transfer,15,2,3,0,20-30,47.86666666666667,3.0,0.0,0.0,-1,2,6973.433333333333,0.25,0.6666666666666666,0.3333333333333333,0.0,1489.86,1,0,0.0,5150.13,2,0,0.0,20920.3,3,0,0.0,20920.3,3,0,0.0,0
LGS2ORD0005509,C012885,2025-02-13 15:00:00,Male,43,Gold,Lazada,Bangkok,947,Lazada,Credit_Card,15,2,3,0,40-50,31.566666666666666,0.0,0.0,0.0,-1,-1,0.0,0.0,0.0,0.0,0.0,0.0,0,0,0.0,0.0,0,0,0.0,0.0,0,0,0.0,0.0,0,0,0.0,0
LGS2ORD0005510,C011791,2025-02-13 15:00:00,Male,55,Bronze,Lazada,Chiang Mai,337,Lazada,COD,15,2,3,0,>50,11.233333333333333,0.0,0.0,0.0,-1,-1,0.0,0.0,0.0,0.0,0.0,0.0,0,0,0.0,0.0,0,0,0.0,0.0,0,0,0.0,0.0,0,0,0.0,0
LGS2ORD0005511,C017752,2025-02-13 15:00:00,Male,34,Silver,TV,Bangkok,1210,TV_Show,COD,15,2,3,0,30-40,40.333333333333336,0.0,0.0,0.0,-1,-1,0.0,0.0,0.0,0.0,0.0,0.0,0,0,0.0,0.0,0,0,0.0,0.0,0,0,0.0,0.0,0,0,0.0,1
LGS2ORD0005512,C010488,2025-02-13 15:00:00,Female,51,Silver,Web,Songkhla,252,Web,COD,15,2,3,0,>50,8.4,0.0,0.0,0.0,-1,-1,0.0,0.0,0.0,0.0,0.0,0.0,0,0,0.0,0.0,0,0,0.0,0.0,0,0,0.0,0.0,0,0,0.0,1
LGS2ORD0005513,C015626,2025-02-13 16:00:00,Male,72,Bronze,Lazada,Bangkok,1288,Web,COD,16,2,3,0,>50,42.93333333333333,1.0,1.0,1.0,-3,13,2871.89,0.23,1.0,1.0,0.0,0.0,0,0,0.0,2871.89,1,1,1.0,2871.89,1,1,1.0,2871.89,1,1,1.0,0
LGS2ORD0005514,C010428,2025-02-13 16:00:00,Female,23,Silver,Lazada,Bangkok,1091,Shopee,Credit_Card,16,2,3,0,20-30,36.36666666666667,0.0,0.0,0.0,-1,-1,0.0,0.0,0.0,0.0,0.0,0.0,0,0,0.0,0.0,0,0,0.0,0.0,0,0,0.0,0.0,0,0,0.0,0
LGS2ORD0005515,C011146,2025-02-13 16:00:00,Male,38,Gold,Lazada,Chiang Mai,348,TV_Show,PromptPay,16,2,3,0,30-40,11.6,1.0,0.0,0.0,-1,35,1214.98,0.13,1.0,0.0,0.0,0.0,0,0,0.0,0.0,0,0,0.0,1214.98,1,0,0.0,1214.98,1,0,0.0,0
LGS2ORD0005516,C016367,2025-02-13 16:00:00,Male,41,Gold,CallCenter,Nakhon Ratchasima,302,TV_Show,Bank_Transfer,16,2,3,0,40-50,10.066666666666666,1.0,0.0,0.0,-1,9,1755.0,0.13,0.0,0.0,0.0,0.0,0,0,0.0,1755.0,1,0,0.0,1755.0,1,0,0.0,1755.0,1,0,0.0,0
LGS2ORD0005517,C013106,2025-02-13 16:00:00,Male,28,Bronze,TV,Nakhon Ratchasima,68,Shopee,PromptPay,16,2,3,0,20-30,2.2666666666666666,0.0,0.0,0.0,-1,-1,0.0,0.0,0.0,0.0,0.0,0.0,0,0,0.0,0.0,0,0,0.0,0.0,0,0,0.0,0.0,0,0,0.0,0
LGS2ORD0005518,C017002,2025-02-13 17:00:00,Female,40,Bronze,Lazada,Bangkok,222,Web,COD,17,2,3,0,30-40,7.4,1.0,0.0,0.0,-1,7,1880.87,0.13,0.0,0.0,0.0,0.0,0,0,0.0,1880.87,1,0,0.0,1880.87,1,0,0.0,1880.87,1,0,0.0,0
LGS2ORD0005519,C014574,2025-02-13 17:00:00,Female,22,Silver,TV,Bangkok,1156,TV_Show,Credit_Card,17,2,3,0,20-30,38.53333333333333,1.0,0.0,0.0,-1,22,1157.8,0.15,0.0,0.0,0.0,0.0,0,0,0.0,1157.8,1,0,0.0,1157.8,1,0,0.0,1157.8,1,0,0.0,0
LGS2ORD0005520,C017141,2025-02-13 17:00:00,Male,44,Gold,Lazada,Bangkok,1030,TV_Show,Credit_Card,17,2,3,0,40-50,34.333333333333336,0.0,0.0,0.0,-1,-1,0.0,0.0,0.0,0.0,0.0,0.0,0,0,0.0,0.0,0,0,0.0,0.0,0,0,0.0,0.0,0,0,0.0,1
LGS2ORD0005521,C011079,2025-02-13 17:00:00,Female,20,Silver,Shopee,Khon Kaen,696,TV_Show,COD,17,2,3,0,<20,23.2,1.0,0.0,0.0,-1,39,360.83,0.05,1.0,0.0,0.0,0.0,0,0,0.0,0.0,0,0,0.0,360.83,1,0,0.0,360.83,1,0,0.0,0
LGS2ORD0005522,C013740,2025-02-13 17:00:00,Male,42,Bronze,Shopee,Bangkok,938,TV_Show,PromptPay,17,2,3,0,40-50,31.266666666666666,0.0,0.0,0.0,-1,-1,0.0,0.0,0.0,0.0,0.0,0.0,0,0,0.0,0.0,0,0,0.0,0.0,0,0,0.0,0.0,0,0,0.0,0
LGS2ORD0005523,C011696,2025-02-13 18:00:00,Female,51,Silver,CallCenter,Bangkok,431,TV_Show,COD,18,2,3,0,>50,14.366666666666667,2.0,1.0,0.5,24,37,2684.4049999999997,0.25,1.0,0.5,0.0,0.0,0,0,0.0,0.0,0,0,0.0,5368.8099999999995,2,1,0.5,5368.8099999999995,2,1,0.5,1
LGS2ORD0005524,C016907,2025-02-13 18:00:00,Male,43,Gold,Lazada,Chonburi,825,TV_Show,Credit_Card,18,2,3,0,40-50,27.5,0.0,0.0,0.0,-1,-1,0.0,0.0,0.0,0.0,0.0,0.0,0,0,0.0,0.0,0,0,0.0,0.0,0,0,0.0,0.0,0,0,0.0,0
LGS2ORD0005525,C014795,2025-02-13 18:00:00,Female,49,Silver,Shopee,Khon Kaen,114,Web,Credit_Card,18,2,3,0,40-50,3.8,0.0,0.0,0.0,-1,-1,0.0,0.0,0.0,0.0,0.0,0.0,0,0,0.0,0.0,0,0,0.0,0.0,0,0,0.0,0.0,0,0,0.0,1
LGS2ORD0005526,C017942,2025-02-13 18:00:00,Female,53,Bronze,Shopee,Phuket,577,TV_Show,PromptPay,18,2,3,0,>50,19.233333333333334,0.0,0.0,0.0,-1,-1,0.0,0.0,0.0,0.0,0.0,0.0,0,0,0.0,0.0,0,0,0.0,0.0,0,0,0.0,0.0,0,0,0.0,0
LGS2ORD0005527,C010726,2025-02-13 18:00:00,Female,33,Silver,TV,Nakhon Ratchasima,1411,CallCenter,Bank_Transfer,18,2,3,0,30-40,47.03333333333333,2.0,0.0,0.0,-1,18,6035.27,0.25,0.0,0.5,0.0,0.0,0,0,0.0,12070.54,2,0,0.0,12070.54,2,0,0.0,12070.54,2,0,0.0,0
LGS2ORD0005528,C010138,2025-02-13 18:00:00,Female,26,Silver,Shopee,Bangkok,1422,Lazada,COD,18,2,3,0,20-30,47.4,0.0,0.0,0.0,-1,-1,0.0,0.0,0.0,0.0,0.0,0.0,0,0,0.0,0.0,0,0,0.0,0.0,0,0,0.0,0.0,0,0,0.0,0
LGS2ORD0005529,C016327,2025-02-13 19:00:00,Female,37,Gold,Web,Chonburi,1206,CallCenter,COD,19,2,3,0,30-40,40.2,0.0,0.0,0.0,-1,-1,0.0,0.0,0.0,0.0,0.0,0.0,0,0,0.0,0.0,0,0,0.0,0.0,0,0,0.0,0.0,0,0,0.0,0
LGS2ORD0005530,C017544,2025-02-13 19:00:00,Female,51,Bronze,CallCenter,Bangkok,718,Web,COD,19,2,3,0,>50,23.933333333333334,0.0,0.0,0.0,-1,-1,0.0,0.0,0.0,0.0,0.0,0.0,0,0,0.0,0.0,0,0,0.0,0.0,0,0,0.0,0.0,0,0,0.0,0
LGS2ORD0005531,C011940,2025-02-13 19:00:00,Male,50,Bronze,Web,Bangkok,1253,TV_Show,COD,19,2,3,0,40-50,41.766666666666666,1.0,0.0,0.0,-1,16,16046.21,0.13,1.0,0.0,0.0,0.0,0,0,0.0,16046.21,1,0,0.0,16046.21,1,0,0.0,16046.21,1,0,0.0,1
LGS2ORD0005532,C011021,2025-02-13 19:00:00,Male,64,Bronze,TV,Bangkok,1378,Web,Credit_Card,19,2,3,0,>50,45.93333333333333,0.0,0.0,0.0,-1,-1,0.0,0.0,0.0,0.0,0.0,0.0,0,0,0.0,0.0,0,0,0.0,0.0,0,0,0.0,0.0,0,0,0.0,0
LGS2ORD0005533,C016931,2025-02-13 19:00:00,Male,41,Gold,Shopee,Bangkok,996,Web,Bank_Transfer,19,2,3,0,40-50,33.2,0.0,0.0,0.0,-1,-1,0.0,0.0,0.0,0.0,0.0,0.0,0,0,0.0,0.0,0,0,0.0,0.0,0,0,0.0,0.0,0,0,0.0,0
LGS2ORD0005534,C014270,2025-02-13 20:00:00,Female,42,Gold,TV,Chiang Mai,1026,CallCenter,COD,20,2,3,0,40-50,34.2,1.0,0.0,0.0,-1,20,5076.19,0.28,1.0,1.0,0.0,0.0,0,0,0.0,5076.19,1,0,0.0,5076.19,1,0,0.0,5076.19,1,0,0.0,0
LGS2ORD0005535,C016507,2025-02-13 20:00:00,Female,41,Bronze,TV,Chonburi,389,Shopee,COD,20,2,3,0,40-50,12.966666666666667,1.0,1.0,1.0,1,14,502.2,0.08,1.0,0.0,0.0,0.0,0,0,0.0,502.2,1,1,1.0,502.2,1,1,1.0,502.2,1,1,1.0,1
LGS2ORD0005536,C012591,2025-02-13 20:00:00,Female,36,Silver,Web,Bangkok,854,Lazada,COD,20,2,3,0,30-40,28.466666666666665,0.0,0.0,0.0,-1,-1,0.0,0.0,0.0,0.0,0.0,0.0,0,0,0.0,0.0,0,0,0.0,0.0,0,0,0.0,0.0,0,0,0.0,1
LGS2ORD0005537,C016615,2025-02-13 20:00:00,Female,33,Bronze,Web,Bangkok,1495,Lazada,Bank_Transfer,20,2,3,0,30-40,49.833333333333336,1.0,0.0,0.0,-1,40,8473.69,0.18,1.0,0.0,0.0,0.0,0,0,0.0,0.0,0,0,0.0,8473.69,1,0,0.0,8473.69,1,0,0.0,0
LGS2ORD0005538,C014391,2025-02-13 20:00:00,Male,23,Bronze,Web,Chiang Mai,585,Shopee,PromptPay,20,2,3,0,20-30,19.5,0.0,0.0,0.0,-1,-1,0.0,0.0,0.0,0.0,0.0,0.0,0,0,0.0,0.0,0,0,0.0,0.0,0,0,0.0,0.0,0,0,0.0,0
LGS2ORD0005539,C012263,2025-02-13 21:00:00,Female,33,Gold,Shopee,Chiang Mai,332,CallCenter,COD,21,2,3,0,30-40,11.066666666666666,2.0,0.0,0.0,-1,29,2145.05,0.13,0.0,0.0,0.0,0.0,0,0,0.0,4290.1,2,0,0.0,4290.1,2,0,0.0,4290.1,2,0,0.0,0
LGS2ORD0005540,C014124,2025-02-13 21:00:00,Female,45,Bronze,Shopee,Remote_Area,1168,CallCenter,COD,21,2,3,0,40-50,38.93333333333333,2.0,0.0,0.0,-1,14,5010.55,0.18,0.5,0.0,0.0,0.0,0,0,0.0,10021.1,2,0,0.0,10021.1,2,0,0.0,10021.1,2,0,0.0,1
LGS2ORD0005541,C015720,2025-02-13 21:00:00,Other,37,Bronze,Shopee,Remote_Area,1137,CallCenter,PromptPay,21,2,3,0,30-40,37.9,3.0,0.0,0.0,-1,27,3402.4466666666667,0.23,0.3333333333333333,1.0,0.0,0.0,0,0,0.0,5270.67,1,0,0.0,10207.34,3,0,0.0,10207.34,3,0,0.0,0
LGS2ORD0005542,C012290,2025-02-13 21:00:00,Female,51,Gold,Web,Chonburi,858,TV_Show,Credit_Card,21,2,3,0,>50,28.6,2.0,0.0,0.0,-1,16,1127.02,0.2299999999999999,0.5,1.0,0.0,0.0,0,0,0.0,2254.04,2,0,0.0,2254.04,2,0,0.0,2254.04,2,0,0.0,0
LGS2ORD0005543,C014169,2025-02-13 21:00:00,Male,39,Bronze,Web,Bangkok,1332,Lazada,COD,21,2,3,0,30-40,44.4,2.0,0.0,0.0,-1,10,7522.514999999999,0.08,1.0,0.0,0.0,0.0,0,0,0.0,15045.029999999999,2,0,0.0,15045.029999999999,2,0,0.0,15045.029999999999,2,0,0.0,0
LGS2ORD0005544,C010466,2025-02-13 22:00:00,Other,29,Silver,Shopee,Chonburi,1027,CallCenter,COD,22,2,3,0,20-30,34.233333333333334,1.0,0.0,0.0,-1,34,6723.39,0.25,0.0,1.0,0.0,0.0,0,0,0.0,0.0,0,0,0.0,6723.39,1,0,0.0,6723.39,1,0,0.0,0
LGS2ORD0005545,C016200,2025-02-13 22:00:00,Female,48,Gold,TV,Bangkok,126,Lazada,COD,22,2,3,0,40-50,4.2,0.0,0.0,0.0,-1,-1,0.0,0.0,0.0,0.0,0.0,0.0,0,0,0.0,0.0,0,0,0.0,0.0,0,0,0.0,0.0,0,0,0.0,0
LGS2ORD0005546,C013255,2025-02-13 22:00:00,Male,45,Silver,Web,Remote_Area,1014,Shopee,Bank_Transfer,22,2,3,0,40-50,33.8,0.0,0.0,0.0,-1,-1,0.0,0.0,0.0,0.0,0.0,0.0,0,0,0.0,0.0,0,0,0.0,0.0,0,0,0.0,0.0,0,0,0.0,0
LGS2ORD0005547,C011292,2025-02-13 22:00:00,Male,39,Bronze,TV,Nakhon Ratchasima,427,Shopee,COD,22,2,3,0,30-40,14.233333333333333,1.0,0.0,0.0,-1,26,7638.3,0.13,0.0,0.0,0.0,0.0,0,0,0.0,7638.3,1,0,0.0,7638.3,1,0,0.0,7638.3,1,0,0.0,0
LGS2ORD0005548,C015186,2025-02-13 22:00:00,Male,49,Bronze,Lazada,Khon Kaen,925,TV_Show,COD,22,2,3,0,40-50,30.833333333333332,0.0,0.0,0.0,-1,-1,0.0,0.0,0.0,0.0,0.0,0.0,0,0,0.0,0.0,0,0,0.0,0.0,0,0,0.0,0.0,0,0,0.0,0
LGS2ORD0005549,C017343,2025-02-13 22:00:00,Female,30,Bronze,CallCenter,Bangkok,299,Web,COD,22,2,3,0,20-30,9.966666666666667,0.0,0.0,0.0,-1,-1,0.0,0.0,0.0,0.0,0.0,0.0,0,0,0.0,0.0,0,0,0.0,0.0,0,0,0.0,0.0,0,0,0.0,1
LGS2ORD0005550,C014536,2025-02-13 23:00:00,Male,19,Bronze,Lazada,Chiang Mai,922,Web,Credit_Card,23,2,3,0,<20,30.733333333333334,0.0,0.0,0.0,-1,-1,0.0,0.0,0.0,0.0,0.0,0.0,0,0,0.0,0.0,0,0,0.0,0.0,0,0,0.0,0.0,0,0,0.0,0
LGS2ORD0005551,C016129,2025-02-13 23:00:00,Male,44,Gold,Lazada,Bangkok,608,Lazada,Bank_Transfer,23,2,3,0,40-50,20.266666666666666,2.0,0.0,0.0,-1,8,675.505,0.28,0.5,0.5,0.0,0.0,0,0,0.0,1351.01,2,0,0.0,1351.01,2,0,0.0,1351.01,2,0,0.0,0
LGS2ORD0005552,C014654,2025-02-13 23:00:00,Female,42,Gold,TV,Nakhon Ratchasima,757,CallCenter,Bank_Transfer,23,2,3,0,40-50,25.233333333333334,1.0,0.0,0.0,-1,5,8205.16,0.33,1.0,1.0,0.0,8205.16,1,0,0.0,8205.16,1,0,0.0,8205.16,1,0,0.0,8205.16,1,0,0.0,1
LGS2ORD0005553,C016661,2025-02-13 23:00:00,Female,39,Bronze,TV,Phuket,1058,Shopee,COD,23,2,3,0,30-40,35.266666666666666,2.0,0.0,0.0,-1,15,7618.57,0.13,0.5,0.0,0.0,0.0,0,0,0.0,9782.28,1,0,0.0,15237.14,2,0,0.0,15237.14,2,0,0.0,0
LGS2ORD0005554,C012474,2025-02-13 23:00:00,Female,65,Gold,CallCenter,Bangkok,438,Shopee,PromptPay,23,2,3,0,>50,14.6,1.0,0.0,0.0,-1,10,1313.93,0.33,0.0,1.0,0.0,0.0,0,0,0.0,1313.93,1,0,0.0,1313.93,1,0,0.0,1313.93,1,0,0.0,0
LGS2ORD0005555,C012250,2025-02-14 00:00:00,Other,38,Bronze,Shopee,Remote_Area,1347,Lazada,COD,0,2,4,0,30-40,44.9,3.0,1.0,0.3333333333333333,23,12,4520.84,0.08,0.0,0.0,0.0,0.0,0,0,0.0,8192.69,1,0,0.0,13562.52,3,1,0.3333333333333333,13562.52,3,1,0.3333333333333333,1
LGS2ORD0005556,C017307,2025-02-14 00:00:00,Female,52,Silver,TV,Chiang Mai,232,Web,COD,0,2,4,0,>50,7.733333333333333,0.0,0.0,0.0,-1,-1,0.0,0.0,0.0,0.0,0.0,0.0,0,0,0.0,0.0,0,0,0.0,0.0,0,0,0.0,0.0,0,0,0.0,1
LGS2ORD0005557,C015882,2025-02-14 00:00:00,Female,37,Gold,Shopee,Bangkok,153,Web,COD,0,2,4,0,30-40,5.1,0.0,0.0,0.0,-1,-1,0.0,0.0,0.0,0.0,0.0,0.0,0,0,0.0,0.0,0,0,0.0,0.0,0,0,0.0,0.0,0,0,0.0,0
LGS2ORD0005558,C010514,2025-02-14 00:00:00,Male,41,Bronze,Web,Khon Kaen,152,Lazada,COD,0,2,4,0,40-50,5.066666666666666,0.0,0.0,0.0,-1,-1,0.0,0.0,0.0,0.0,0.0,0.0,0,0,0.0,0.0,0,0,0.0,0.0,0,0,0.0,0.0,0,0,0.0,0
LGS2ORD0005559,C014292,2025-02-14 00:00:00,Male,41,Bronze,CallCenter,Bangkok,127,CallCenter,COD,0,2,4,0,40-50,4.233333333333333,1.0,1.0,1.0,7,13,2105.72,0.18,1.0,0.0,0.0,0.0,0,0,0.0,2105.72,1,1,1.0,2105.72,1,1,1.0,2105.72,1,1,1.0,0
LGS2ORD0005560,C015336,2025-02-14 01:00:00,Female,22,Silver,Lazada,Phuket,741,Web,Credit_Card,1,2,4,0,20-30,24.7,0.0,0.0,0.0,-1,-1,0.0,0.0,0.0,0.0,0.0,0.0,0,0,0.0,0.0,0,0,0.0,0.0,0,0,0.0,0.0,0,0,0.0,0
LGS2ORD0005561,C015006,2025-02-14 01:00:00,Male,48,Silver,CallCenter,Nakhon Ratchasima,363,Shopee,COD,1,2,4,0,40-50,12.1,2.0,0.0,0.0,-1,10,9112.995,0.2,1.0,0.0,0.0,0.0,0,0,0.0,18225.99,2,0,0.0,18225.99,2,0,0.0,18225.99,2,0,0.0,0
LGS2ORD0005562,C012555,2025-02-14 01:00:00,Female,36,Gold,CallCenter,Bangkok,130,TV_Show,COD,1,2,4,0,30-40,4.333333333333333,0.0,0.0,0.0,-1,-1,0.0,0.0,0.0,0.0,0.0,0.0,0,0,0.0,0.0,0,0,0.0,0.0,0,0,0.0,0.0,0,0,0.0,1
LGS2ORD0005563,C013398,2025-02-14 01:00:00,Male,52,Gold,CallCenter,Khon Kaen,1105,TV_Show,COD,1,2,4,0,>50,36.833333333333336,0.0,0.0,0.0,-1,-1,0.0,0.0,0.0,0.0,0.0,0.0,0,0,0.0,0.0,0,0,0.0,0.0,0,0,0.0,0.0,0,0,0.0,0
LGS2ORD0005564,C014390,2025-02-14 01:00:00,Male,39,Bronze,Lazada,Bangkok,478,TV_Show,COD,1,2,4,0,30-40,15.933333333333334,0.0,0.0,0.0,-1,-1,0.0,0.0,0.0,0.0,0.0,0.0,0,0,0.0,0.0,0,0,0.0,0.0,0,0,0.0,0.0,0,0,0.0,1
LGS2ORD0005565,C011114,2025-02-14 02:00:00,Male,30,Gold,Shopee,Bangkok,802,CallCenter,PromptPay,2,2,4,0,20-30,26.733333333333334,0.0,0.0,0.0,-1,-1,0.0,0.0,0.0,0.0,0.0,0.0,0,0,0.0,0.0,0,0,0.0,0.0,0,0,0.0,0.0,0,0,0.0,1
LGS2ORD0005566,C012592,2025-02-14 02:00:00,Female,31,Bronze,TV,Bangkok,362,TV_Show,PromptPay,2,2,4,0,30-40,12.066666666666666,0.0,0.0,0.0,-1,-1,0.0,0.0,0.0,0.0,0.0,0.0,0,0,0.0,0.0,0,0,0.0,0.0,0,0,0.0,0.0,0,0,0.0,0
LGS2ORD0005567,C014332,2025-02-14 02:00:00,Female,36,Bronze,Web,Remote_Area,948,CallCenter,Bank_Transfer,2,2,4,0,30-40,31.6,2.0,0.0,0.0,-1,41,7404.035,0.03,0.5,0.0,0.0,0.0,0,0,0.0,0.0,0,0,0.0,14808.07,2,0,0.0,14808.07,2,0,0.0,0
LGS2ORD0005568,C016512,2025-02-14 02:00:00,Female,25,Silver,Lazada,Bangkok,687,TV_Show,COD,2,2,4,0,20-30,22.9,0.0,0.0,0.0,-1,-1,0.0,0.0,0.0,0.0,0.0,0.0,0,0,0.0,0.0,0,0,0.0,0.0,0,0,0.0,0.0,0,0,0.0,0
LGS2ORD0005569,C016550,2025-02-14 02:00:00,Male,32,Bronze,Shopee,Bangkok,1389,Web,COD,2,2,4,0,30-40,46.3,0.0,0.0,0.0,-1,-1,0.0,0.0,0.0,0.0,0.0,0.0,0,0,0.0,0.0,0,0,0.0,0.0,0,0,0.0,0.0,0,0,0.0,0
LGS2ORD0005570,C015655,2025-02-14 02:00:00,Male,40,Silver,Shopee,Songkhla,1204,Web,COD,2,2,4,0,30-40,40.13333333333333,0.0,0.0,0.0,-1,-1,0.0,0.0,0.0,0.0,0.0,0.0,0,0,0.0,0.0,0,0,0.0,0.0,0,0,0.0,0.0,0,0,0.0,1
LGS2ORD0005571,C010947,2025-02-14 03:00:00,Female,35,Bronze,TV,Nakhon Ratchasima,1027,Web,COD,3,2,4,0,30-40,34.233333333333334,0.0,0.0,0.0,-1,-1,0.0,0.0,0.0,0.0,0.0,0.0,0,0,0.0,0.0,0,0,0.0,0.0,0,0,0.0,0.0,0,0,0.0,0
LGS2ORD0005572,C015605,2025-02-14 03:00:00,Male,19,Silver,TV,Remote_Area,1409,TV_Show,COD,3,2,4,0,<20,46.96666666666667,0.0,0.0,0.0,-1,-1,0.0,0.0,0.0,0.0,0.0,0.0,0,0,0.0,0.0,0,0,0.0,0.0,0,0,0.0,0.0,0,0,0.0,1
LGS2ORD0005573,C013510,2025-02-14 03:00:00,Male,48,Silver,Shopee,Bangkok,889,Shopee,PromptPay,3,2,4,0,40-50,29.633333333333333,1.0,0.0,0.0,-1,17,6386.78,0.25,0.0,1.0,0.0,0.0,0,0,0.0,6386.78,1,0,0.0,6386.78,1,0,0.0,6386.78,1,0,0.0,0
LGS2ORD0005574,C011509,2025-02-14 03:00:00,Male,47,Bronze,TV,Phuket,381,Web,PromptPay,3,2,4,0,40-50,12.7,1.0,0.0,0.0,-1,40,1570.36,0.18,0.0,0.0,0.0,0.0,0,0,0.0,0.0,0,0,0.0,1570.36,1,0,0.0,1570.36,1,0,0.0,1
LGS2ORD0005575,C013515,2025-02-14 03:00:00,Male,32,Bronze,TV,Remote_Area,265,Web,COD,3,2,4,0,30-40,8.833333333333334,1.0,0.0,0.0,-1,27,1649.1,0.08,1.0,0.0,0.0,0.0,0,0,0.0,1649.1,1,0,0.0,1649.1,1,0,0.0,1649.1,1,0,0.0,1
LGS2ORD0005576,C011169,2025-02-14 04:00:00,Female,53,Bronze,TV,Chiang Mai,661,Lazada,COD,4,2,4,0,>50,22.033333333333335,0.0,0.0,0.0,-1,-1,0.0,0.0,0.0,0.0,0.0,0.0,0,0,0.0,0.0,0,0,0.0,0.0,0,0,0.0,0.0,0,0,0.0,0
LGS2ORD0005577,C016094,2025-02-14 04:00:00,Female,32,Gold,CallCenter,Phuket,93,TV_Show,COD,4,2,4,0,30-40,3.1,2.0,0.0,0.0,-1,5,2850.38,0.2299999999999999,1.0,0.5,0.0,2198.95,1,0,0.0,2198.95,1,0,0.0,5700.76,2,0,0.0,5700.76,2,0,0.0,0
LGS2ORD0005578,C010858,2025-02-14 04:00:00,Female,61,Platinum,Shopee,Chiang Mai,1474,TV_Show,Bank_Transfer,4,2,4,0,>50,49.13333333333333,1.0,0.0,0.0,-1,32,7010.11,0.25,1.0,1.0,0.0,0.0,0,0,0.0,0.0,0,0,0.0,7010.11,1,0,0.0,7010.11,1,0,0.0,0
LGS2ORD0005579,C014187,2025-02-14 04:00:00,Female,55,Bronze,Lazada,Bangkok,85,Web,Credit_Card,4,2,4,0,>50,2.8333333333333335,0.0,0.0,0.0,-1,-1,0.0,0.0,0.0,0.0,0.0,0.0,0,0,0.0,0.0,0,0,0.0,0.0,0,0,0.0,0.0,0,0,0.0,0
LGS2ORD0005580,C011852,2025-02-14 04:00:00,Male,55,Bronze,Shopee,Bangkok,1044,Shopee,PromptPay,4,2,4,0,>50,34.8,1.0,1.0,1.0,2,13,1328.67,0.18,1.0,0.0,0.0,0.0,0,0,0.0,1328.67,1,1,1.0,1328.67,1,1,1.0,1328.67,1,1,1.0,1
LGS2ORD0005581,C014640,2025-02-14 05:00:00,Female,57,Bronze,TV,Phuket,337,Shopee,COD,5,2,4,0,>50,11.233333333333333,1.0,1.0,1.0,-2,3,4803.44,0.18,1.0,0.0,0.0,4803.44,1,1,1.0,4803.44,1,1,1.0,4803.44,1,1,1.0,4803.44,1,1,1.0,0
LGS2ORD0005582,C012416,2025-02-14 05:00:00,Male,29,Silver,Web,Songkhla,540,Web,COD,5,2,4,0,20-30,18.0,1.0,1.0,1.0,2,14,1238.38,0.2,0.0,0.0,0.0,0.0,0,0,0.0,1238.38,1,1,1.0,1238.38,1,1,1.0,1238.38,1,1,1.0,0
LGS2ORD0005583,C014759,2025-02-14 05:00:00,Female,32,Bronze,Lazada,Chiang Mai,1055,TV_Show,COD,5,2,4,0,30-40,35.166666666666664,1.0,0.0,0.0,-1,19,184.85,0.23,1.0,1.0,0.0,0.0,0,0,0.0,184.85,1,0,0.0,184.85,1,0,0.0,184.85,1,0,0.0,1
LGS2ORD0005584,C015250,2025-02-14 05:00:00,Male,52,Gold,TV,Bangkok,644,Web,COD,5,2,4,0,>50,21.466666666666665,0.0,0.0,0.0,-1,-1,0.0,0.0,0.0,0.0,0.0,0.0,0,0,0.0,0.0,0,0,0.0,0.0,0,0,0.0,0.0,0,0,0.0,0
LGS2ORD0005585,C011786,2025-02-14 05:00:00,Male,58,Bronze,CallCenter,Bangkok,628,Web,COD,5,2,4,0,>50,20.933333333333334,1.0,0.0,0.0,-1,40,715.05,0.18,1.0,0.0,0.0,0.0,0,0,0.0,0.0,0,0,0.0,715.05,1,0,0.0,715.05,1,0,0.0,0
LGS2ORD0005586,C016143,2025-02-14 06:00:00,Male,33,Gold,TV,Bangkok,1156,Shopee,Credit_Card,6,2,4,0,30-40,38.53333333333333,0.0,0.0,0.0,-1,-1,0.0,0.0,0.0,0.0,0.0,0.0,0,0,0.0,0.0,0,0,0.0,0.0,0,0,0.0,0.0,0,0,0.0,0
LGS2ORD0005587,C016452,2025-02-14 06:00:00,Female,37,Gold,TV,Chiang Mai,1171,TV_Show,Bank_Transfer,6,2,4,0,30-40,39.03333333333333,0.0,0.0,0.0,-1,-1,0.0,0.0,0.0,0.0,0.0,0.0,0,0,0.0,0.0,0,0,0.0,0.0,0,0,0.0,0.0,0,0,0.0,0
LGS2ORD0005588,C014161,2025-02-14 06:00:00,Female,40,Gold,Shopee,Bangkok,501,TV_Show,COD,6,2,4,0,30-40,16.7,0.0,0.0,0.0,-1,-1,0.0,0.0,0.0,0.0,0.0,0.0,0,0,0.0,0.0,0,0,0.0,0.0,0,0,0.0,0.0,0,0,0.0,0
LGS2ORD0005589,C011832,2025-02-14 06:00:00,Female,33,Silver,CallCenter,Songkhla,1154,TV_Show,COD,6,2,4,0,30-40,38.46666666666667,0.0,0.0,0.0,-1,-1,0.0,0.0,0.0,0.0,0.0,0.0,0,0,0.0,0.0,0,0,0.0,0.0,0,0,0.0,0.0,0,0,0.0,1
LGS2ORD0005590,C015772,2025-02-14 06:00:00,Female,30,Silver,Web,Chiang Mai,249,Shopee,Bank_Transfer,6,2,4,0,20-30,8.3,0.0,0.0,0.0,-1,-1,0.0,0.0,0.0,0.0,0.0,0.0,0,0,0.0,0.0,0,0,0.0,0.0,0,0,0.0,0.0,0,0,0.0,0
LGS2ORD0005591,C015778,2025-02-14 06:00:00,Female,38,Gold,Web,Khon Kaen,1225,CallCenter,Credit_Card,6,2,4,0,30-40,40.833333333333336,0.0,0.0,0.0,-1,-1,0.0,0.0,0.0,0.0,0.0,0.0,0,0,0.0,0.0,0,0,0.0,0.0,0,0,0.0,0.0,0,0,0.0,0
LGS2ORD0005592,C015525,2025-02-14 07:00:00,Female,32,Silver,Web,Chiang Mai,1496,Shopee,COD,7,2,4,0,30-40,49.86666666666667,0.0,0.0,0.0,-1,-1,0.0,0.0,0.0,0.0,0.0,0.0,0,0,0.0,0.0,0,0,0.0,0.0,0,0,0.0,0.0,0,0,0.0,1
LGS2ORD0005593,C012891,2025-02-14 07:00:00,Female,42,Bronze,TV,Phuket,531,CallCenter,Credit_Card,7,2,4,0,40-50,17.7,2.0,2.0,1.0,-3,4,3867.985,0.03,0.5,0.0,0.0,2298.96,1,1,1.0,7735.97,2,2,1.0,7735.97,2,2,1.0,7735.97,2,2,1.0,1
LGS2ORD0005594,C016869,2025-02-14 07:00:00,Male,52,Bronze,Shopee,Khon Kaen,908,Web,COD,7,2,4,0,>50,30.266666666666666,0.0,0.0,0.0,-1,-1,0.0,0.0,0.0,0.0,0.0,0.0,0,0,0.0,0.0,0,0,0.0,0.0,0,0,0.0,0.0,0,0,0.0,0
LGS2ORD0005595,C017091,2025-02-14 07:00:00,Male,56,Silver,Lazada,Bangkok,174,CallCenter,COD,7,2,4,0,>50,5.8,1.0,1.0,1.0,-6,3,9436.62,0.2,1.0,0.0,0.0,9436.62,1,1,1.0,9436.62,1,1,1.0,9436.62,1,1,1.0,9436.62,1,1,1.0,1
LGS2ORD0005596,C010699,2025-02-14 07:00:00,Female,34,Platinum,Shopee,Bangkok,556,CallCenter,COD,7,2,4,0,30-40,18.533333333333335,1.0,0.0,0.0,-1,5,1514.17,0.3,0.0,1.0,0.0,1514.17,1,0,0.0,1514.17,1,0,0.0,1514.17,1,0,0.0,1514.17,1,0,0.0,1
LGS2ORD0005597,C010667,2025-02-14 08:00:00,Other,72,Bronze,Shopee,Remote_Area,695,CallCenter,COD,8,2,4,0,>50,23.166666666666668,0.0,0.0,0.0,-1,-1,0.0,0.0,0.0,0.0,0.0,0.0,0,0,0.0,0.0,0,0,0.0,0.0,0,0,0.0,0.0,0,0,0.0,1
LGS2ORD0005598,C010727,2025-02-14 08:00:00,Male,44,Silver,Web,Khon Kaen,837,Lazada,COD,8,2,4,0,40-50,27.9,2.0,1.0,0.5,-5,4,9650.380000000001,0.2,0.5,0.0,0.0,10082.5,1,1,1.0,19300.760000000002,2,1,0.5,19300.760000000002,2,1,0.5,19300.760000000002,2,1,0.5,0
LGS2ORD0005599,C016943,2025-02-14 08:00:00,Female,45,Bronze,TV,Bangkok,602,CallCenter,Credit_Card,8,2,4,0,40-50,20.066666666666666,0.0,0.0,0.0,-1,-1,0.0,0.0,0.0,0.0,0.0,0.0,0,0,0.0,0.0,0,0,0.0,0.0,0,0,0.0,0.0,0,0,0.0,0
LGS2ORD0005600,C015865,2025-02-14 08:00:00,Female,57,Gold,Shopee,Nakhon Ratchasima,1007,Shopee,Credit_Card,8,2,4,0,>50,33.56666666666667,1.0,0.0,0.0,-1,16,2921.77,0.2299999999999999,0.0,1.0,0.0,0.0,0,0,0.0,2921.77,1,0,0.0,2921.77,1,0,0.0,2921.77,1,0,0.0,1
LGS2ORD0005601,C011332,2025-02-14 08:00:00,Female,47,Platinum,Web,Songkhla,1441,Lazada,Bank_Transfer,8,2,4,0,40-50,48.03333333333333,1.0,0.0,0.0,-1,38,5393.55,0.15,1.0,0.0,0.0,0.0,0,0,0.0,0.0,0,0,0.0,5393.55,1,0,0.0,5393.55,1,0,0.0,0
LGS2ORD0005602,C016113,2025-02-14 09:00:00,Female,37,Bronze,TV,Chiang Mai,1214,TV_Show,Credit_Card,9,2,4,0,30-40,40.46666666666667,1.0,0.0,0.0,-1,37,33844.01,0.13,1.0,0.0,0.0,0.0,0,0,0.0,0.0,0,0,0.0,33844.01,1,0,0.0,33844.01,1,0,0.0,0
LGS2ORD0005603,C011854,2025-02-14 09:00:00,Male,57,Bronze,CallCenter,Remote_Area,579,Web,COD,9,2,4,0,>50,19.3,1.0,1.0,1.0,-7,4,4203.73,0.08,1.0,0.0,0.0,4203.73,1,1,1.0,4203.73,1,1,1.0,4203.73,1,1,1.0,4203.73,1,1,1.0,1
LGS2ORD0005604,C010341,2025-02-14 09:00:00,Male,38,Bronze,TV,Remote_Area,256,TV_Show,Credit_Card,9,2,4,0,30-40,8.533333333333333,3.0,2.0,0.6666666666666666,2,7,8229.789999999999,0.23,1.0,0.3333333333333333,0.0,0.0,0,0,0.0,24689.37,3,2,0.6666666666666666,24689.37,3,2,0.6666666666666666,24689.37,3,2,0.6666666666666666,0
LGS2ORD0005605,C015158,2025-02-14 09:00:00,Female,46,Gold,Lazada,Bangkok,370,TV_Show,Bank_Transfer,9,2,4,0,40-50,12.333333333333334,0.0,0.0,0.0,-1,-1,0.0,0.0,0.0,0.0,0.0,0.0,0,0,0.0,0.0,0,0,0.0,0.0,0,0,0.0,0.0,0,0,0.0,0
LGS2ORD0005606,C016819,2025-02-14 09:00:00,Female,62,Bronze,TV,Bangkok,213,CallCenter,Bank_Transfer,9,2,4,0,>50,7.1,0.0,0.0,0.0,-1,-1,0.0,0.0,0.0,0.0,0.0,0.0,0,0,0.0,0.0,0,0,0.0,0.0,0,0,0.0,0.0,0,0,0.0,0
LGS2ORD0005607,C016264,2025-02-14 09:00:00,Female,45,Gold,TV,Chonburi,795,TV_Show,Credit_Card,9,2,4,0,40-50,26.5,0.0,0.0,0.0,-1,-1,0.0,0.0,0.0,0.0,0.0,0.0,0,0,0.0,0.0,0,0,0.0,0.0,0,0,0.0,0.0,0,0,0.0,0
LGS2ORD0005608,C014922,2025-02-14 10:00:00,Female,49,Bronze,Shopee,Chiang Mai,463,TV_Show,Credit_Card,10,2,4,0,40-50,15.433333333333334,0.0,0.0,0.0,-1,-1,0.0,0.0,0.0,0.0,0.0,0.0,0,0,0.0,0.0,0,0,0.0,0.0,0,0,0.0,0.0,0,0,0.0,0
LGS2ORD0005609,C012439,2025-02-14 10:00:00,Male,51,Bronze,TV,Khon Kaen,996,Shopee,PromptPay,10,2,4,0,>50,33.2,3.0,1.0,0.3333333333333333,22,14,1128.25,0.23,0.3333333333333333,0.3333333333333333,0.0,0.0,0,0,0.0,1467.18,1,0,0.0,3384.75,3,1,0.3333333333333333,3384.75,3,1,0.3333333333333333,1
LGS2ORD0005610,C014896,2025-02-14 10:00:00,Male,31,Bronze,TV,Khon Kaen,1453,Web,COD,10,2,4,0,30-40,48.43333333333333,2.0,0.0,0.0,-1,35,2000.055,0.23,0.0,0.5,0.0,0.0,0,0,0.0,0.0,0,0,0.0,4000.11,2,0,0.0,4000.11,2,0,0.0,0
LGS2ORD0005611,C013645,2025-02-14 10:00:00,Male,64,Silver,TV,Khon Kaen,1220,TV_Show,PromptPay,10,2,4,0,>50,40.666666666666664,0.0,0.0,0.0,-1,-1,0.0,0.0,0.0,0.0,0.0,0.0,0,0,0.0,0.0,0,0,0.0,0.0,0,0,0.0,0.0,0,0,0.0,1
LGS2ORD0005612,C014548,2025-02-14 10:00:00,Female,35,Bronze,Shopee,Nakhon Ratchasima,562,Shopee,PromptPay,10,2,4,0,30-40,18.733333333333334,1.0,0.0,0.0,-1,36,1417.54,0.03,1.0,0.0,0.0,0.0,0,0,0.0,0.0,0,0,0.0,1417.54,1,0,0.0,1417.54,1,0,0.0,0
LGS2ORD0005613,C017223,2025-02-14 11:00:00,Female,43,Bronze,Lazada,Nakhon Ratchasima,436,Web,Bank_Transfer,11,2,4,0,40-50,14.533333333333333,1.0,0.0,0.0,-1,30,9756.02,0.03,1.0,0.0,0.0,0.0,0,0,0.0,0.0,0,0,0.0,9756.02,1,0,0.0,9756.02,1,0,0.0,0
LGS2ORD0005614,C014405,2025-02-14 11:00:00,Female,26,Bronze,CallCenter,Bangkok,1253,Web,COD,11,2,4,0,20-30,41.766666666666666,0.0,0.0,0.0,-1,-1,0.0,0.0,0.0,0.0,0.0,0.0,0,0,0.0,0.0,0,0,0.0,0.0,0,0,0.0,0.0,0,0,0.0,1
LGS2ORD0005615,C014918,2025-02-14 11:00:00,Female,34,Gold,TV,Khon Kaen,797,TV_Show,COD,11,2,4,0,30-40,26.566666666666666,0.0,0.0,0.0,-1,-1,0.0,0.0,0.0,0.0,0.0,0.0,0,0,0.0,0.0,0,0,0.0,0.0,0,0,0.0,0.0,0,0,0.0,0
LGS2ORD0005616,C014618,2025-02-14 11:00:00,Male,43,Platinum,TV,Chonburi,1036,TV_Show,Credit_Card,11,2,4,0,40-50,34.53333333333333,2.0,0.0,0.0,-1,15,5851.06,0.1,1.0,0.0,0.0,0.0,0,0,0.0,11702.12,2,0,0.0,11702.12,2,0,0.0,11702.12,2,0,0.0,0
LGS2ORD0005617,C012474,2025-02-14 11:00:00,Female,65,Gold,CallCenter,Bangkok,439,Shopee,Credit_Card,11,2,4,0,>50,14.633333333333333,2.0,0.0,0.0,-1,0,3707.455,0.33,0.0,0.5,0.0,6100.98,1,0,0.0,7414.91,2,0,0.0,7414.91,2,0,0.0,7414.91,2,0,0.0,0
LGS2ORD0005618,C015712,2025-02-14 12:00:00,Female,46,Silver,Web,Songkhla,469,Shopee,COD,12,2,4,0,40-50,15.633333333333333,2.0,0.0,0.0,-1,10,2722.1499999999996,0.2,1.0,0.0,0.0,0.0,0,0,0.0,5444.299999999999,2,0,0.0,5444.299999999999,2,0,0.0,5444.299999999999,2,0,0.0,0
LGS2ORD0005619,C012493,2025-02-14 12:00:00,Other,56,Bronze,Shopee,Chiang Mai,857,Shopee,COD,12,2,4,0,>50,28.566666666666666,1.0,0.0,0.0,-1,10,1099.6,0.03,1.0,0.0,0.0,0.0,0,0,0.0,1099.6,1,0,0.0,1099.6,1,0,0.0,1099.6,1,0,0.0,1
LGS2ORD0005620,C017267,2025-02-14 12:00:00,Female,23,Platinum,CallCenter,Bangkok,379,Web,COD,12,2,4,0,20-30,12.633333333333333,1.0,0.0,0.0,-1,29,1483.4,0.15,1.0,0.0,0.0,0.0,0,0,0.0,1483.4,1,0,0.0,1483.4,1,0,0.0,1483.4,1,0,0.0,1
LGS2ORD0005621,C011477,2025-02-14 12:00:00,Other,47,Bronze,Lazada,Remote_Area,1436,Shopee,COD,12,2,4,0,40-50,47.86666666666667,1.0,1.0,1.0,21,36,5019.6,0.23,1.0,1.0,0.0,0.0,0,0,0.0,0.0,0,0,0.0,5019.6,1,1,1.0,5019.6,1,1,1.0,1
LGS2ORD0005622,C013884,2025-02-14 12:00:00,Female,33,Gold,Lazada,Chonburi,1334,TV_Show,PromptPay,12,2,4,0,30-40,44.46666666666667,0.0,0.0,0.0,-1,-1,0.0,0.0,0.0,0.0,0.0,0.0,0,0,0.0,0.0,0,0,0.0,0.0,0,0,0.0,0.0,0,0,0.0,0
LGS2ORD0005623,C010408,2025-02-14 13:00:00,Male,28,Platinum,Lazada,Nakhon Ratchasima,695,TV_Show,PromptPay,13,2,4,0,20-30,23.166666666666668,0.0,0.0,0.0,-1,-1,0.0,0.0,0.0,0.0,0.0,0.0,0,0,0.0,0.0,0,0,0.0,0.0,0,0,0.0,0.0,0,0,0.0,0
LGS2ORD0005624,C011075,2025-02-14 13:00:00,Male,20,Silver,Lazada,Nakhon Ratchasima,870,Web,Credit_Card,13,2,4,0,<20,29.0,1.0,0.0,0.0,-1,12,8184.94,0.1,0.0,0.0,0.0,0.0,0,0,0.0,8184.94,1,0,0.0,8184.94,1,0,0.0,8184.94,1,0,0.0,0
LGS2ORD0005625,C014375,2025-02-14 13:00:00,Male,61,Silver,CallCenter,Bangkok,1068,TV_Show,Bank_Transfer,13,2,4,0,>50,35.6,2.0,1.0,0.5,31,8,15672.285,0.2,0.5,0.0,0.0,0.0,0,0,0.0,30762.5,1,0,0.0,31344.57,2,1,0.5,31344.57,2,1,0.5,0
LGS2ORD0005626,C010188,2025-02-14 13:00:00,Male,58,Bronze,TV,Chonburi,559,TV_Show,COD,13,2,4,0,>50,18.633333333333333,0.0,0.0,0.0,-1,-1,0.0,0.0,0.0,0.0,0.0,0.0,0,0,0.0,0.0,0,0,0.0,0.0,0,0,0.0,0.0,0,0,0.0,0
LGS2ORD0005627,C013554,2025-02-14 13:00:00,Female,51,Bronze,CallCenter,Khon Kaen,130,Shopee,COD,13,2,4,0,>50,4.333333333333333,0.0,0.0,0.0,-1,-1,0.0,0.0,0.0,0.0,0.0,0.0,0,0,0.0,0.0,0,0,0.0,0.0,0,0,0.0,0.0,0,0,0.0,0
LGS2ORD0005628,C012512,2025-02-14 13:00:00,Male,28,Bronze,TV,Chiang Mai,534,Web,COD,13,2,4,0,20-30,17.8,0.0,0.0,0.0,-1,-1,0.0,0.0,0.0,0.0,0.0,0.0,0,0,0.0,0.0,0,0,0.0,0.0,0,0,0.0,0.0,0,0,0.0,0
LGS2ORD0005629,C016002,2025-02-14 14:00:00,Female,35,Silver,Lazada,Nakhon Ratchasima,826,Shopee,COD,14,2,4,0,30-40,27.533333333333335,0.0,0.0,0.0,-1,-1,0.0,0.0,0.0,0.0,0.0,0.0,0,0,0.0,0.0,0,0,0.0,0.0,0,0,0.0,0.0,0,0,0.0,0
LGS2ORD0005630,C013251,2025-02-14 14:00:00,Male,30,Silver,Web,Phuket,404,TV_Show,COD,14,2,4,0,20-30,13.466666666666667,1.0,0.0,0.0,-1,36,2159.12,0.2,0.0,0.0,0.0,0.0,0,0,0.0,0.0,0,0,0.0,2159.12,1,0,0.0,2159.12,1,0,0.0,0
LGS2ORD0005631,C012316,2025-02-14 14:00:00,Male,49,Bronze,Shopee,Bangkok,159,Shopee,PromptPay,14,2,4,0,40-50,5.3,0.0,0.0,0.0,-1,-1,0.0,0.0,0.0,0.0,0.0,0.0,0,0,0.0,0.0,0,0,0.0,0.0,0,0,0.0,0.0,0,0,0.0,0
LGS2ORD0005632,C012896,2025-02-14 14:00:00,Female,26,Bronze,CallCenter,Khon Kaen,251,Shopee,PromptPay,14,2,4,0,20-30,8.366666666666667,0.0,0.0,0.0,-1,-1,0.0,0.0,0.0,0.0,0.0,0.0,0,0,0.0,0.0,0,0,0.0,0.0,0,0,0.0,0.0,0,0,0.0,1
LGS2ORD0005633,C013409,2025-02-14 14:00:00,Male,38,Silver,CallCenter,Bangkok,795,TV_Show,PromptPay,14,2,4,0,30-40,26.5,1.0,0.0,0.0,-1,24,776.59,0.3,0.0,1.0,0.0,0.0,0,0,0.0,776.59,1,0,0.0,776.59,1,0,0.0,776.59,1,0,0.0,0
LGS2ORD0005634,C011086,2025-02-14 15:00:00,Male,35,Bronze,Web,Chiang Mai,576,Lazada,COD,15,2,4,0,30-40,19.2,2.0,1.0,0.5,2,7,9567.275,0.23,1.0,0.5,0.0,0.0,0,0,0.0,19134.55,2,1,0.5,19134.55,2,1,0.5,19134.55,2,1,0.5,0
LGS2ORD0005635,C011921,2025-02-14 15:00:00,Other,39,Bronze,Web,Remote_Area,1000,Web,COD,15,2,4,0,30-40,33.333333333333336,0.0,0.0,0.0,-1,-1,0.0,0.0,0.0,0.0,0.0,0.0,0,0,0.0,0.0,0,0,0.0,0.0,0,0,0.0,0.0,0,0,0.0,1
LGS2ORD0005636,C015451,2025-02-14 15:00:00,Female,56,Silver,Web,Khon Kaen,1269,Shopee,COD,15,2,4,0,>50,42.3,1.0,0.0,0.0,-1,16,4693.09,0.1,0.0,0.0,0.0,0.0,0,0,0.0,4693.09,1,0,0.0,4693.09,1,0,0.0,4693.09,1,0,0.0,0
LGS2ORD0005637,C013760,2025-02-14 15:00:00,Male,27,Bronze,Lazada,Khon Kaen,656,CallCenter,COD,15,2,4,0,20-30,21.866666666666667,1.0,0.0,0.0,-1,17,4967.62,0.08,1.0,0.0,0.0,0.0,0,0,0.0,4967.62,1,0,0.0,4967.62,1,0,0.0,4967.62,1,0,0.0,0
LGS2ORD0005638,C016177,2025-02-14 15:00:00,Female,59,Gold,CallCenter,Chonburi,1202,Lazada,COD,15,2,4,0,>50,40.06666666666667,1.0,0.0,0.0,-1,27,2766.95,0.28,0.0,1.0,0.0,0.0,0,0,0.0,2766.95,1,0,0.0,2766.95,1,0,0.0,2766.95,1,0,0.0,0
LGS2ORD0005639,C017383,2025-02-14 16:00:00,Female,46,Gold,CallCenter,Chonburi,1455,Shopee,Bank_Transfer,16,2,4,0,40-50,48.5,0.0,0.0,0.0,-1,-1,0.0,0.0,0.0,0.0,0.0,0.0,0,0,0.0,0.0,0,0,0.0,0.0,0,0,0.0,0.0,0,0,0.0,0
LGS2ORD0005640,C015315,2025-02-14 16:00:00,Male,49,Bronze,TV,Chiang Mai,1204,Web,COD,16,2,4,0,40-50,40.13333333333333,1.0,1.0,1.0,-6,8,1462.87,0.08,0.0,0.0,0.0,0.0,0,0,0.0,1462.87,1,1,1.0,1462.87,1,1,1.0,1462.87,1,1,1.0,1
LGS2ORD0005641,C015150,2025-02-14 16:00:00,Male,18,Gold,TV,Khon Kaen,1155,Shopee,Credit_Card,16,2,4,0,<20,38.5,0.0,0.0,0.0,-1,-1,0.0,0.0,0.0,0.0,0.0,0.0,0,0,0.0,0.0,0,0,0.0,0.0,0,0,0.0,0.0,0,0,0.0,0
LGS2ORD0005642,C014335,2025-02-14 16:00:00,Male,43,Bronze,Shopee,Remote_Area,1267,Lazada,COD,16,2,4,0,40-50,42.233333333333334,1.0,0.0,0.0,-1,13,645.08,0.18,1.0,0.0,0.0,0.0,0,0,0.0,645.08,1,0,0.0,645.08,1,0,0.0,645.08,1,0,0.0,1
LGS2ORD0005643,C010559,2025-02-14 16:00:00,Male,18,Silver,Web,Bangkok,598,TV_Show,PromptPay,16,2,4,0,<20,19.933333333333334,1.0,0.0,0.0,-1,1,15417.41,0.05,0.0,0.0,0.0,15417.41,1,0,0.0,15417.41,1,0,0.0,15417.41,1,0,0.0,15417.41,1,0,0.0,0
LGS2ORD0005644,C012980,2025-02-14 17:00:00,Other,26,Silver,CallCenter,Phuket,1464,TV_Show,Credit_Card,17,2,4,0,20-30,48.8,1.0,1.0,1.0,15,20,1749.93,0.25,0.0,1.0,0.0,0.0,0,0,0.0,1749.93,1,1,1.0,1749.93,1,1,1.0,1749.93,1,1,1.0,1
LGS2ORD0005645,C011356,2025-02-14 17:00:00,Female,58,Bronze,Shopee,Chiang Mai,139,Web,COD,17,2,4,0,>50,4.633333333333334,0.0,0.0,0.0,-1,-1,0.0,0.0,0.0,0.0,0.0,0.0,0,0,0.0,0.0,0,0,0.0,0.0,0,0,0.0,0.0,0,0,0.0,0
LGS2ORD0005646,C017645,2025-02-14 17:00:00,Female,59,Gold,CallCenter,Bangkok,936,Lazada,Credit_Card,17,2,4,0,>50,31.2,0.0,0.0,0.0,-1,-1,0.0,0.0,0.0,0.0,0.0,0.0,0,0,0.0,0.0,0,0,0.0,0.0,0,0,0.0,0.0,0,0,0.0,0
LGS2ORD0005647,C017130,2025-02-14 17:00:00,Female,52,Gold,CallCenter,Phuket,273,Lazada,COD,17,2,4,0,>50,9.1,0.0,0.0,0.0,-1,-1,0.0,0.0,0.0,0.0,0.0,0.0,0,0,0.0,0.0,0,0,0.0,0.0,0,0,0.0,0.0,0,0,0.0,0
LGS2ORD0005648,C014543,2025-02-14 17:00:00,Female,40,Silver,TV,Remote_Area,1391,CallCenter,Credit_Card,17,2,4,0,30-40,46.36666666666667,0.0,0.0,0.0,-1,-1,0.0,0.0,0.0,0.0,0.0,0.0,0,0,0.0,0.0,0,0,0.0,0.0,0,0,0.0,0.0,0,0,0.0,0
LGS2ORD0005649,C015143,2025-02-14 17:00:00,Female,37,Bronze,TV,Remote_Area,656,Lazada,Bank_Transfer,17,2,4,0,30-40,21.866666666666667,0.0,0.0,0.0,-1,-1,0.0,0.0,0.0,0.0,0.0,0.0,0,0,0.0,0.0,0,0,0.0,0.0,0,0,0.0,0.0,0,0,0.0,1
LGS2ORD0005650,C017747,2025-02-14 18:00:00,Female,32,Bronze,Shopee,Khon Kaen,1486,Shopee,Credit_Card,18,2,4,0,30-40,49.53333333333333,1.0,1.0,1.0,1,11,3450.02,0.28,0.0,1.0,0.0,0.0,0,0,0.0,3450.02,1,1,1.0,3450.02,1,1,1.0,3450.02,1,1,1.0,0
LGS2ORD0005651,C010764,2025-02-14 18:00:00,Male,37,Silver,Lazada,Remote_Area,324,Web,COD,18,2,4,0,30-40,10.8,1.0,0.0,0.0,-1,30,10421.72,0.1,1.0,0.0,0.0,0.0,0,0,0.0,0.0,0,0,0.0,10421.72,1,0,0.0,10421.72,1,0,0.0,1
LGS2ORD0005652,C016091,2025-02-14 18:00:00,Male,52,Bronze,TV,Bangkok,209,Web,Credit_Card,18,2,4,0,>50,6.966666666666667,0.0,0.0,0.0,-1,-1,0.0,0.0,0.0,0.0,0.0,0.0,0,0,0.0,0.0,0,0,0.0,0.0,0,0,0.0,0.0,0,0,0.0,0
LGS2ORD0005653,C016329,2025-02-14 18:00:00,Female,41,Bronze,Shopee,Khon Kaen,484,TV_Show,PromptPay,18,2,4,0,40-50,16.133333333333333,1.0,0.0,0.0,-1,10,5194.46,0.08,1.0,0.0,0.0,0.0,0,0,0.0,5194.46,1,0,0.0,5194.46,1,0,0.0,5194.46,1,0,0.0,0
LGS2ORD0005654,C012451,2025-02-14 18:00:00,Male,27,Platinum,TV,Chonburi,1008,Web,Bank_Transfer,18,2,4,0,20-30,33.6,0.0,0.0,0.0,-1,-1,0.0,0.0,0.0,0.0,0.0,0.0,0,0,0.0,0.0,0,0,0.0,0.0,0,0,0.0,0.0,0,0,0.0,0
LGS2ORD0005655,C014364,2025-02-14 19:00:00,Female,40,Bronze,TV,Phuket,183,TV_Show,Credit_Card,19,2,4,0,30-40,6.1,1.0,0.0,0.0,-1,10,2922.33,0.23,1.0,1.0,0.0,0.0,0,0,0.0,2922.33,1,0,0.0,2922.33,1,0,0.0,2922.33,1,0,0.0,0
LGS2ORD0005656,C017390,2025-02-14 19:00:00,Female,30,Gold,Web,Chiang Mai,254,Shopee,Bank_Transfer,19,2,4,0,20-30,8.466666666666667,1.0,1.0,1.0,17,25,1545.23,0.2299999999999999,0.0,1.0,0.0,0.0,0,0,0.0,1545.23,1,1,1.0,1545.23,1,1,1.0,1545.23,1,1,1.0,0
LGS2ORD0005657,C013147,2025-02-14 19:00:00,Male,65,Bronze,TV,Chiang Mai,563,Shopee,COD,19,2,4,0,>50,18.766666666666666,1.0,0.0,0.0,-1,30,805.54,0.08,1.0,0.0,0.0,0.0,0,0,0.0,0.0,0,0,0.0,805.54,1,0,0.0,805.54,1,0,0.0,0
LGS2ORD0005658,C017101,2025-02-14 19:00:00,Female,38,Bronze,Web,Bangkok,789,Lazada,Credit_Card,19,2,4,0,30-40,26.3,1.0,0.0,0.0,-1,41,17763.68,0.03,0.0,0.0,0.0,0.0,0,0,0.0,0.0,0,0,0.0,17763.68,1,0,0.0,17763.68,1,0,0.0,0
LGS2ORD0005659,C017747,2025-02-14 19:00:00,Female,32,Bronze,Shopee,Khon Kaen,1486,Shopee,COD,19,2,4,0,30-40,49.53333333333333,2.0,1.0,0.5,1,0,7780.77,0.28,0.0,0.5,0.0,12111.52,1,0,0.0,15561.54,2,1,0.5,15561.54,2,1,0.5,15561.54,2,1,0.5,0
LGS2ORD0005660,C016554,2025-02-14 20:00:00,Female,39,Bronze,TV,Chiang Mai,800,Web,COD,20,2,4,0,30-40,26.666666666666668,2.0,0.0,0.0,-1,8,14619.9,0.08,0.5,0.0,0.0,0.0,0,0,0.0,14617.98,1,0,0.0,29239.8,2,0,0.0,29239.8,2,0,0.0,1
LGS2ORD0005661,C016412,2025-02-14 20:00:00,Female,50,Silver,Web,Khon Kaen,679,Shopee,COD,20,2,4,0,40-50,22.633333333333333,0.0,0.0,0.0,-1,-1,0.0,0.0,0.0,0.0,0.0,0.0,0,0,0.0,0.0,0,0,0.0,0.0,0,0,0.0,0.0,0,0,0.0,0
LGS2ORD0005662,C013333,2025-02-14 20:00:00,Male,29,Gold,CallCenter,Bangkok,179,Lazada,COD,20,2,4,0,20-30,5.966666666666667,0.0,0.0,0.0,-1,-1,0.0,0.0,0.0,0.0,0.0,0.0,0,0,0.0,0.0,0,0,0.0,0.0,0,0,0.0,0.0,0,0,0.0,0
LGS2ORD0005663,C014449,2025-02-14 20:00:00,Male,32,Silver,TV,Khon Kaen,528,Shopee,PromptPay,20,2,4,0,30-40,17.6,0.0,0.0,0.0,-1,-1,0.0,0.0,0.0,0.0,0.0,0.0,0,0,0.0,0.0,0,0,0.0,0.0,0,0,0.0,0.0,0,0,0.0,0
LGS2ORD0005664,C010736,2025-02-14 20:00:00,Male,33,Bronze,Shopee,Remote_Area,757,Web,PromptPay,20,2,4,0,30-40,25.233333333333334,1.0,0.0,0.0,-1,28,2357.58,0.08,1.0,0.0,0.0,0.0,0,0,0.0,2357.58,1,0,0.0,2357.58,1,0,0.0,2357.58,1,0,0.0,0
LGS2ORD0005665,C011613,2025-02-14 21:00:00,Female,45,Bronze,Shopee,Bangkok,1450,Web,COD,21,2,4,0,40-50,48.333333333333336,0.0,0.0,0.0,-1,-1,0.0,0.0,0.0,0.0,0.0,0.0,0,0,0.0,0.0,0,0,0.0,0.0,0,0,0.0,0.0,0,0,0.0,0
LGS2ORD0005666,C010065,2025-02-14 21:00:00,Male,38,Bronze,CallCenter,Khon Kaen,1502,Web,COD,21,2,4,0,30-40,50.06666666666667,1.0,0.0,0.0,-1,44,1876.41,0.23,1.0,1.0,0.0,0.0,0,0,0.0,0.0,0,0,0.0,1876.41,1,0,0.0,1876.41,1,0,0.0,0
LGS2ORD0005667,C012328,2025-02-14 21:00:00,Female,63,Bronze,Web,Chiang Mai,377,Web,Credit_Card,21,2,4,0,>50,12.566666666666666,0.0,0.0,0.0,-1,-1,0.0,0.0,0.0,0.0,0.0,0.0,0,0,0.0,0.0,0,0,0.0,0.0,0,0,0.0,0.0,0,0,0.0,0
LGS2ORD0005668,C014527,2025-02-14 21:00:00,Female,26,Bronze,Shopee,Chiang Mai,996,Web,Credit_Card,21,2,4,0,20-30,33.2,0.0,0.0,0.0,-1,-1,0.0,0.0,0.0,0.0,0.0,0.0,0,0,0.0,0.0,0,0,0.0,0.0,0,0,0.0,0.0,0,0,0.0,0
LGS2ORD0005669,C016974,2025-02-14 21:00:00,Female,40,Bronze,TV,Khon Kaen,427,Lazada,Credit_Card,21,2,4,0,30-40,14.233333333333333,0.0,0.0,0.0,-1,-1,0.0,0.0,0.0,0.0,0.0,0.0,0,0,0.0,0.0,0,0,0.0,0.0,0,0,0.0,0.0,0,0,0.0,0
LGS2ORD0005670,C013977,2025-02-14 21:00:00,Male,62,Bronze,TV,Chiang Mai,1142,Lazada,COD,21,2,4,0,>50,38.06666666666667,1.0,0.0,0.0,-1,9,6136.94,0.18,1.0,0.0,0.0,0.0,0,0,0.0,6136.94,1,0,0.0,6136.94,1,0,0.0,6136.94,1,0,0.0,1
LGS2ORD0005671,C011508,2025-02-14 22:00:00,Female,22,Silver,Lazada,Khon Kaen,803,Shopee,Credit_Card,22,2,4,0,20-30,26.766666666666666,0.0,0.0,0.0,-1,-1,0.0,0.0,0.0,0.0,0.0,0.0,0,0,0.0,0.0,0,0,0.0,0.0,0,0,0.0,0.0,0,0,0.0,0
LGS2ORD0005672,C010169,2025-02-14 22:00:00,Male,53,Bronze,Lazada,Remote_Area,1276,Lazada,PromptPay,22,2,4,0,>50,42.53333333333333,2.0,1.0,0.5,3,8,4608.38,0.23,0.0,1.0,0.0,0.0,0,0,0.0,9216.76,2,1,0.5,9216.76,2,1,0.5,9216.76,2,1,0.5,0
LGS2ORD0005673,C017044,2025-02-14 22:00:00,Female,38,Silver,CallCenter,Chiang Mai,1038,CallCenter,Credit_Card,22,2,4,0,30-40,34.6,1.0,0.0,0.0,-1,17,1560.13,0.25,1.0,1.0,0.0,0.0,0,0,0.0,1560.13,1,0,0.0,1560.13,1,0,0.0,1560.13,1,0,0.0,0
LGS2ORD0005674,C011870,2025-02-14 22:00:00,Male,40,Silver,CallCenter,Bangkok,1467,Lazada,COD,22,2,4,0,30-40,48.9,1.0,0.0,0.0,-1,16,2358.35,0.05,1.0,0.0,0.0,0.0,0,0,0.0,2358.35,1,0,0.0,2358.35,1,0,0.0,2358.35,1,0,0.0,1
LGS2ORD0005675,C016200,2025-02-14 22:00:00,Female,48,Gold,TV,Bangkok,127,Web,Bank_Transfer,22,2,4,0,40-50,4.233333333333333,1.0,0.0,0.0,-1,1,1959.39,0.28,1.0,1.0,0.0,1959.39,1,0,0.0,1959.39,1,0,0.0,1959.39,1,0,0.0,1959.39,1,0,0.0,0
LGS2ORD0005676,C011973,2025-02-14 23:00:00,Female,72,Bronze,Web,Phuket,288,Lazada,COD,23,2,4,0,>50,9.6,0.0,0.0,0.0,-1,-1,0.0,0.0,0.0,0.0,0.0,0.0,0,0,0.0,0.0,0,0,0.0,0.0,0,0,0.0,0.0,0,0,0.0,0
LGS2ORD0005677,C012132,2025-02-14 23:00:00,Female,47,Bronze,CallCenter,Bangkok,467,Shopee,COD,23,2,4,0,40-50,15.566666666666666,1.0,0.0,0.0,-1,16,181.25,0.13,1.0,0.0,0.0,0.0,0,0,0.0,181.25,1,0,0.0,181.25,1,0,0.0,181.25,1,0,0.0,1
LGS2ORD0005678,C013167,2025-02-14 23:00:00,Female,30,Gold,CallCenter,Bangkok,1314,Web,Credit_Card,23,2,4,0,20-30,43.8,1.0,0.0,0.0,-1,5,3686.7,0.08,1.0,0.0,0.0,3686.7,1,0,0.0,3686.7,1,0,0.0,3686.7,1,0,0.0,3686.7,1,0,0.0,0
LGS2ORD0005679,C010982,2025-02-14 23:00:00,Other,46,Bronze,TV,Khon Kaen,934,TV_Show,COD,23,2,4,0,40-50,31.133333333333333,1.0,0.0,0.0,-1,41,1219.66,0.13,0.0,0.0,0.0,0.0,0,0,0.0,0.0,0,0,0.0,1219.66,1,0,0.0,1219.66,1,0,0.0,0
LGS2ORD0005680,C014213,2025-02-14 23:00:00,Male,50,Silver,Shopee,Chonburi,1399,Shopee,PromptPay,23,2,4,0,40-50,46.63333333333333,0.0,0.0,0.0,-1,-1,0.0,0.0,0.0,0.0,0.0,0.0,0,0,0.0,0.0,0,0,0.0,0.0,0,0,0.0,0.0,0,0,0.0,1
LGS2ORD0005681,C015707,2025-02-15 00:00:00,Male,35,Silver,Web,Phuket,595,Shopee,COD,0,2,5,1,30-40,19.833333333333332,1.0,0.0,0.0,-1,11,1104.56,0.2,1.0,0.0,0.0,0.0,0,0,0.0,1104.56,1,0,0.0,1104.56,1,0,0.0,1104.56,1,0,0.0,0
LGS2ORD0005682,C015350,2025-02-15 00:00:00,Male,45,Bronze,Web,Remote_Area,1134,Shopee,COD,0,2,5,1,40-50,37.8,2.0,1.0,0.5,-13,4,2940.1,0.23,0.5,0.5,0.0,399.97,1,1,1.0,5880.2,2,1,0.5,5880.2,2,1,0.5,5880.2,2,1,0.5,1
LGS2ORD0005683,C011859,2025-02-15 00:00:00,Female,44,Bronze,Lazada,Bangkok,592,Web,Credit_Card,0,2,5,1,40-50,19.733333333333334,0.0,0.0,0.0,-1,-1,0.0,0.0,0.0,0.0,0.0,0.0,0,0,0.0,0.0,0,0,0.0,0.0,0,0,0.0,0.0,0,0,0.0,0
LGS2ORD0005684,C012348,2025-02-15 00:00:00,Female,36,Bronze,CallCenter,Bangkok,497,TV_Show,COD,0,2,5,1,30-40,16.566666666666666,0.0,0.0,0.0,-1,-1,0.0,0.0,0.0,0.0,0.0,0.0,0,0,0.0,0.0,0,0,0.0,0.0,0,0,0.0,0.0,0,0,0.0,0
LGS2ORD0005685,C013659,2025-02-15 00:00:00,Male,72,Bronze,TV,Remote_Area,1204,Lazada,Credit_Card,0,2,5,1,>50,40.13333333333333,1.0,0.0,0.0,-1,13,4170.01,0.03,0.0,0.0,0.0,0.0,0,0,0.0,4170.01,1,0,0.0,4170.01,1,0,0.0,4170.01,1,0,0.0,0
LGS2ORD0005686,C016507,2025-02-15 01:00:00,Female,41,Bronze,TV,Chonburi,391,Web,Credit_Card,1,2,5,1,40-50,13.033333333333333,2.0,2.0,1.0,-12,1,1014.3100000000001,0.23,1.0,0.5,0.0,1526.42,1,1,1.0,2028.6200000000001,2,2,1.0,2028.6200000000001,2,2,1.0,2028.6200000000001,2,2,1.0,1
LGS2ORD0005687,C014806,2025-02-15 01:00:00,Female,65,Gold,Shopee,Chiang Mai,472,Shopee,Bank_Transfer,1,2,5,1,>50,15.733333333333333,2.0,0.0,0.0,-1,24,3701.2299999999996,0.33,0.5,0.5,0.0,0.0,0,0,0.0,7402.459999999999,2,0,0.0,7402.459999999999,2,0,0.0,7402.459999999999,2,0,0.0,0
LGS2ORD0005688,C015864,2025-02-15 01:00:00,Male,18,Gold,Web,Phuket,1440,Web,Credit_Card,1,2,5,1,<20,48.0,1.0,0.0,0.0,-1,37,21219.26,0.08,0.0,0.0,0.0,0.0,0,0,0.0,0.0,0,0,0.0,21219.26,1,0,0.0,21219.26,1,0,0.0,0
LGS2ORD0005689,C014063,2025-02-15 01:00:00,Male,40,Gold,TV,Chonburi,1103,TV_Show,COD,1,2,5,1,30-40,36.766666666666666,1.0,0.0,0.0,-1,18,4578.99,0.2299999999999999,0.0,1.0,0.0,0.0,0,0,0.0,4578.99,1,0,0.0,4578.99,1,0,0.0,4578.99,1,0,0.0,0
LGS2ORD0005690,C013951,2025-02-15 01:00:00,Male,40,Bronze,Lazada,Bangkok,1366,TV_Show,Credit_Card,1,2,5,1,30-40,45.53333333333333,1.0,0.0,0.0,-1,30,511.77,0.23,0.0,1.0,0.0,0.0,0,0,0.0,0.0,0,0,0.0,511.77,1,0,0.0,511.77,1,0,0.0,0
LGS2ORD0005691,C010075,2025-02-15 01:00:00,Female,37,Bronze,TV,Bangkok,767,Web,COD,1,2,5,1,30-40,25.566666666666666,2.0,0.0,0.0,-1,13,2007.31,0.18,0.5,0.0,0.0,0.0,0,0,0.0,4014.62,2,0,0.0,4014.62,2,0,0.0,4014.62,2,0,0.0,0
LGS2ORD0005692,C013805,2025-02-15 02:00:00,Male,56,Gold,Lazada,Chonburi,895,TV_Show,Credit_Card,2,2,5,1,>50,29.833333333333332,1.0,0.0,0.0,-1,29,5400.16,0.08,0.0,0.0,0.0,0.0,0,0,0.0,5400.16,1,0,0.0,5400.16,1,0,0.0,5400.16,1,0,0.0,0
LGS2ORD0005693,C017643,2025-02-15 02:00:00,Male,37,Silver,Web,Songkhla,534,Shopee,COD,2,2,5,1,30-40,17.8,0.0,0.0,0.0,-1,-1,0.0,0.0,0.0,0.0,0.0,0.0,0,0,0.0,0.0,0,0,0.0,0.0,0,0,0.0,0.0,0,0,0.0,0
LGS2ORD0005694,C014859,2025-02-15 02:00:00,Female,36,Gold,CallCenter,Bangkok,486,Web,Credit_Card,2,2,5,1,30-40,16.2,0.0,0.0,0.0,-1,-1,0.0,0.0,0.0,0.0,0.0,0.0,0,0,0.0,0.0,0,0,0.0,0.0,0,0,0.0,0.0,0,0,0.0,0
LGS2ORD0005695,C013721,2025-02-15 02:00:00,Other,39,Silver,Web,Bangkok,626,Lazada,COD,2,2,5,1,30-40,20.866666666666667,1.0,0.0,0.0,-1,20,2193.53,0.05,0.0,0.0,0.0,0.0,0,0,0.0,2193.53,1,0,0.0,2193.53,1,0,0.0,2193.53,1,0,0.0,0
LGS2ORD0005696,C014574,2025-02-15 02:00:00,Female,22,Silver,TV,Bangkok,1158,Lazada,COD,2,2,5,1,20-30,38.6,2.0,0.0,0.0,-1,1,1337.9099999999999,0.15,0.0,0.0,0.0,1518.02,1,0,0.0,2675.8199999999997,2,0,0.0,2675.8199999999997,2,0,0.0,2675.8199999999997,2,0,0.0,0
LGS2ORD0005697,C014519,2025-02-15 03:00:00,Female,48,Bronze,Shopee,Bangkok,81,TV_Show,Credit_Card,3,2,5,1,40-50,2.7,0.0,0.0,0.0,-1,-1,0.0,0.0,0.0,0.0,0.0,0.0,0,0,0.0,0.0,0,0,0.0,0.0,0,0,0.0,0.0,0,0,0.0,0
LGS2ORD0005698,C016163,2025-02-15 03:00:00,Male,32,Bronze,Shopee,Phuket,192,Web,Credit_Card,3,2,5,1,30-40,6.4,1.0,1.0,1.0,-1,14,923.92,0.18,0.0,0.0,0.0,0.0,0,0,0.0,923.92,1,1,1.0,923.92,1,1,1.0,923.92,1,1,1.0,0
LGS2ORD0005699,C017928,2025-02-15 03:00:00,Male,38,Gold,Web,Chiang Mai,452,Web,COD,3,2,5,1,30-40,15.066666666666666,4.0,1.0,0.25,6,8,3558.445,0.2299999999999999,0.75,0.25,0.0,0.0,0,0,0.0,12211.44,3,1,0.3333333333333333,14233.78,4,1,0.25,14233.78,4,1,0.25,0
LGS2ORD0005700,C014470,2025-02-15 03:00:00,Male,35,Gold,Shopee,Khon Kaen,1106,Shopee,Credit_Card,3,2,5,1,30-40,36.86666666666667,0.0,0.0,0.0,-1,-1,0.0,0.0,0.0,0.0,0.0,0.0,0,0,0.0,0.0,0,0,0.0,0.0,0,0,0.0,0.0,0,0,0.0,1
LGS2ORD0005701,C010726,2025-02-15 03:00:00,Female,33,Silver,TV,Nakhon Ratchasima,1413,Lazada,Credit_Card,3,2,5,1,30-40,47.1,3.0,0.0,0.0,-1,1,6615.336666666667,0.25,0.0,0.3333333333333333,0.0,7775.47,1,0,0.0,19846.010000000002,3,0,0.0,19846.010000000002,3,0,0.0,19846.010000000002,3,0,0.0,0
LGS2ORD0005702,C017881,2025-02-15 04:00:00,Female,48,Platinum,Web,Chiang Mai,1484,Lazada,Credit_Card,4,2,5,1,40-50,49.46666666666667,0.0,0.0,0.0,-1,-1,0.0,0.0,0.0,0.0,0.0,0.0,0,0,0.0,0.0,0,0,0.0,0.0,0,0,0.0,0.0,0,0,0.0,0
LGS2ORD0005703,C015063,2025-02-15 04:00:00,Female,18,Silver,Web,Bangkok,512,TV_Show,COD,4,2,5,1,<20,17.066666666666666,0.0,0.0,0.0,-1,-1,0.0,0.0,0.0,0.0,0.0,0.0,0,0,0.0,0.0,0,0,0.0,0.0,0,0,0.0,0.0,0,0,0.0,0
LGS2ORD0005704,C012016,2025-02-15 04:00:00,Male,32,Platinum,Web,Songkhla,810,Shopee,COD,4,2,5,1,30-40,27.0,0.0,0.0,0.0,-1,-1,0.0,0.0,0.0,0.0,0.0,0.0,0,0,0.0,0.0,0,0,0.0,0.0,0,0,0.0,0.0,0,0,0.0,0
LGS2ORD0005705,C014156,2025-02-15 04:00:00,Male,42,Bronze,Web,Chonburi,1174,Lazada,COD,4,2,5,1,40-50,39.13333333333333,1.0,0.0,0.0,-1,33,2348.85,0.28,1.0,1.0,0.0,0.0,0,0,0.0,0.0,0,0,0.0,2348.85,1,0,0.0,2348.85,1,0,0.0,1
LGS2ORD0005706,C014073,2025-02-15 04:00:00,Female,46,Silver,Web,Khon Kaen,577,TV_Show,Credit_Card,4,2,5,1,40-50,19.233333333333334,0.0,0.0,0.0,-1,-1,0.0,0.0,0.0,0.0,0.0,0.0,0,0,0.0,0.0,0,0,0.0,0.0,0,0,0.0,0.0,0,0,0.0,0
LGS2ORD0005707,C010262,2025-02-15 05:00:00,Female,49,Bronze,TV,Chiang Mai,707,Web,Bank_Transfer,5,2,5,1,40-50,23.566666666666666,0.0,0.0,0.0,-1,-1,0.0,0.0,0.0,0.0,0.0,0.0,0,0,0.0,0.0,0,0,0.0,0.0,0,0,0.0,0.0,0,0,0.0,0
LGS2ORD0005708,C012231,2025-02-15 05:00:00,Male,23,Bronze,CallCenter,Remote_Area,1502,TV_Show,Bank_Transfer,5,2,5,1,20-30,50.06666666666667,0.0,0.0,0.0,-1,-1,0.0,0.0,0.0,0.0,0.0,0.0,0,0,0.0,0.0,0,0,0.0,0.0,0,0,0.0,0.0,0,0,0.0,0
LGS2ORD0005709,C010378,2025-02-15 05:00:00,Female,26,Gold,Lazada,Bangkok,979,TV_Show,Credit_Card,5,2,5,1,20-30,32.63333333333333,0.0,0.0,0.0,-1,-1,0.0,0.0,0.0,0.0,0.0,0.0,0,0,0.0,0.0,0,0,0.0,0.0,0,0,0.0,0.0,0,0,0.0,0
LGS2ORD0005710,C014987,2025-02-15 05:00:00,Female,27,Gold,TV,Bangkok,1009,TV_Show,Bank_Transfer,5,2,5,1,20-30,33.63333333333333,0.0,0.0,0.0,-1,-1,0.0,0.0,0.0,0.0,0.0,0.0,0,0,0.0,0.0,0,0,0.0,0.0,0,0,0.0,0.0,0,0,0.0,0
LGS2ORD0005711,C011402,2025-02-15 05:00:00,Male,39,Platinum,Shopee,Bangkok,442,TV_Show,COD,5,2,5,1,30-40,14.733333333333333,0.0,0.0,0.0,-1,-1,0.0,0.0,0.0,0.0,0.0,0.0,0,0,0.0,0.0,0,0,0.0,0.0,0,0,0.0,0.0,0,0,0.0,0
LGS2ORD0005712,C016158,2025-02-15 05:00:00,Male,52,Bronze,Web,Phuket,1169,Lazada,Bank_Transfer,5,2,5,1,>50,38.96666666666667,1.0,0.0,0.0,-1,9,3329.92,0.28,0.0,1.0,0.0,0.0,0,0,0.0,3329.92,1,0,0.0,3329.92,1,0,0.0,3329.92,1,0,0.0,0
LGS2ORD0005713,C010836,2025-02-15 06:00:00,Male,54,Bronze,Shopee,Phuket,759,TV_Show,PromptPay,6,2,5,1,>50,25.3,0.0,0.0,0.0,-1,-1,0.0,0.0,0.0,0.0,0.0,0.0,0,0,0.0,0.0,0,0,0.0,0.0,0,0,0.0,0.0,0,0,0.0,1
LGS2ORD0005714,C014951,2025-02-15 06:00:00,Male,36,Gold,Web,Nakhon Ratchasima,991,Web,COD,6,2,5,1,30-40,33.03333333333333,1.0,1.0,1.0,34,43,2811.6,0.08,0.0,0.0,0.0,0.0,0,0,0.0,0.0,0,0,0.0,2811.6,1,1,1.0,2811.6,1,1,1.0,1
LGS2ORD0005715,C016127,2025-02-15 06:00:00,Male,44,Silver,TV,Bangkok,315,Shopee,COD,6,2,5,1,40-50,10.5,1.0,0.0,0.0,-1,19,8105.6,0.25,1.0,1.0,0.0,0.0,0,0,0.0,8105.6,1,0,0.0,8105.6,1,0,0.0,8105.6,1,0,0.0,0
LGS2ORD0005716,C011869,2025-02-15 06:00:00,Male,49,Platinum,Web,Bangkok,1406,Lazada,COD,6,2,5,1,40-50,46.86666666666667,1.0,0.0,0.0,-1,25,348.37,0.25,1.0,1.0,0.0,0.0,0,0,0.0,348.37,1,0,0.0,348.37,1,0,0.0,348.37,1,0,0.0,0
LGS2ORD0005717,C016613,2025-02-15 06:00:00,Female,33,Silver,Web,Chiang Mai,243,Web,COD,6,2,5,1,30-40,8.1,0.0,0.0,0.0,-1,-1,0.0,0.0,0.0,0.0,0.0,0.0,0,0,0.0,0.0,0,0,0.0,0.0,0,0,0.0,0.0,0,0,0.0,0
LGS2ORD0005718,C014950,2025-02-15 07:00:00,Male,55,Gold,TV,Khon Kaen,1144,Web,COD,7,2,5,1,>50,38.13333333333333,2.0,0.0,0.0,-1,10,2784.535,0.33,1.0,0.5,0.0,0.0,0,0,0.0,5569.07,2,0,0.0,5569.07,2,0,0.0,5569.07,2,0,0.0,0
LGS2ORD0005719,C011482,2025-02-15 07:00:00,Male,54,Silver,Web,Nakhon Ratchasima,233,Lazada,COD,7,2,5,1,>50,7.766666666666667,0.0,0.0,0.0,-1,-1,0.0,0.0,0.0,0.0,0.0,0.0,0,0,0.0,0.0,0,0,0.0,0.0,0,0,0.0,0.0,0,0,0.0,0
LGS2ORD0005720,C014166,2025-02-15 07:00:00,Female,46,Bronze,TV,Phuket,1021,Shopee,COD,7,2,5,1,40-50,34.03333333333333,0.0,0.0,0.0,-1,-1,0.0,0.0,0.0,0.0,0.0,0.0,0,0,0.0,0.0,0,0,0.0,0.0,0,0,0.0,0.0,0,0,0.0,1
LGS2ORD0005721,C011951,2025-02-15 07:00:00,Female,49,Bronze,TV,Chonburi,1209,TV_Show,COD,7,2,5,1,40-50,40.3,0.0,0.0,0.0,-1,-1,0.0,0.0,0.0,0.0,0.0,0.0,0,0,0.0,0.0,0,0,0.0,0.0,0,0,0.0,0.0,0,0,0.0,0
LGS2ORD0005722,C015274,2025-02-15 07:00:00,Female,32,Bronze,Web,Chiang Mai,191,Web,COD,7,2,5,1,30-40,6.366666666666666,0.0,0.0,0.0,-1,-1,0.0,0.0,0.0,0.0,0.0,0.0,0,0,0.0,0.0,0,0,0.0,0.0,0,0,0.0,0.0,0,0,0.0,0
LGS2ORD0005723,C014380,2025-02-15 08:00:00,Male,41,Silver,Shopee,Nakhon Ratchasima,1484,Shopee,COD,8,2,5,1,40-50,49.46666666666667,3.0,1.0,0.3333333333333333,32,21,3936.5466666666666,0.15,0.6666666666666666,0.0,0.0,0.0,0,0,0.0,10114.01,1,0,0.0,11809.64,3,1,0.3333333333333333,11809.64,3,1,0.3333333333333333,0
LGS2ORD0005724,C017690,2025-02-15 08:00:00,Female,39,Silver,Web,Bangkok,242,Shopee,PromptPay,8,2,5,1,30-40,8.066666666666666,0.0,0.0,0.0,-1,-1,0.0,0.0,0.0,0.0,0.0,0.0,0,0,0.0,0.0,0,0,0.0,0.0,0,0,0.0,0.0,0,0,0.0,1
LGS2ORD0005725,C014651,2025-02-15 08:00:00,Female,51,Gold,Shopee,Chonburi,130,Web,Credit_Card,8,2,5,1,>50,4.333333333333333,0.0,0.0,0.0,-1,-1,0.0,0.0,0.0,0.0,0.0,0.0,0,0,0.0,0.0,0,0,0.0,0.0,0,0,0.0,0.0,0,0,0.0,0
LGS2ORD0005726,C012463,2025-02-15 08:00:00,Female,44,Platinum,TV,Khon Kaen,199,TV_Show,PromptPay,8,2,5,1,40-50,6.633333333333334,0.0,0.0,0.0,-1,-1,0.0,0.0,0.0,0.0,0.0,0.0,0,0,0.0,0.0,0,0,0.0,0.0,0,0,0.0,0.0,0,0,0.0,0
LGS2ORD0005727,C015886,2025-02-15 08:00:00,Female,44,Silver,Web,Khon Kaen,1164,CallCenter,Credit_Card,8,2,5,1,40-50,38.8,0.0,0.0,0.0,-1,-1,0.0,0.0,0.0,0.0,0.0,0.0,0,0,0.0,0.0,0,0,0.0,0.0,0,0,0.0,0.0,0,0,0.0,0
LGS2ORD0005728,C011250,2025-02-15 08:00:00,Female,43,Gold,Lazada,Bangkok,262,CallCenter,COD,8,2,5,1,40-50,8.733333333333333,0.0,0.0,0.0,-1,-1,0.0,0.0,0.0,0.0,0.0,0.0,0,0,0.0,0.0,0,0,0.0,0.0,0,0,0.0,0.0,0,0,0.0,0
LGS2ORD0005729,C015407,2025-02-15 09:00:00,Female,56,Gold,Lazada,Songkhla,609,CallCenter,Credit_Card,9,2,5,1,>50,20.3,3.0,1.0,0.3333333333333333,26,16,3539.7933333333335,0.28,1.0,0.6666666666666666,0.0,0.0,0,0,0.0,8434.79,2,0,0.0,10619.380000000001,3,1,0.3333333333333333,10619.380000000001,3,1,0.3333333333333333,0
LGS2ORD0005730,C011103,2025-02-15 09:00:00,Female,50,Gold,CallCenter,Phuket,1318,TV_Show,COD,9,2,5,1,40-50,43.93333333333333,3.0,1.0,0.3333333333333333,-4,2,5943.763333333333,0.33,0.3333333333333333,0.6666666666666666,0.0,9693.69,2,1,0.5,17831.29,3,1,0.3333333333333333,17831.29,3,1,0.3333333333333333,17831.29,3,1,0.3333333333333333,1
LGS2ORD0005731,C017034,2025-02-15 09:00:00,Female,28,Bronze,Shopee,Songkhla,529,Lazada,COD,9,2,5,1,20-30,17.633333333333333,4.0,2.0,0.5,1,17,3589.4275,0.18,0.25,0.0,0.0,0.0,0,0,0.0,5114.13,1,1,1.0,14357.71,4,2,0.5,14357.71,4,2,0.5,0
LGS2ORD0005732,C017413,2025-02-15 09:00:00,Female,21,Gold,CallCenter,Bangkok,1027,Shopee,PromptPay,9,2,5,1,20-30,34.233333333333334,1.0,1.0,1.0,-7,4,6978.3,0.2299999999999999,1.0,1.0,0.0,6978.3,1,1,1.0,6978.3,1,1,1.0,6978.3,1,1,1.0,6978.3,1,1,1.0,1
LGS2ORD0005733,C012884,2025-02-15 09:00:00,Female,41,Platinum,TV,Bangkok,608,TV_Show,Credit_Card,9,2,5,1,40-50,20.266666666666666,0.0,0.0,0.0,-1,-1,0.0,0.0,0.0,0.0,0.0,0.0,0,0,0.0,0.0,0,0,0.0,0.0,0,0,0.0,0.0,0,0,0.0,0
LGS2ORD0005734,C013072,2025-02-15 10:00:00,Female,23,Bronze,CallCenter,Khon Kaen,1164,Shopee,PromptPay,10,2,5,1,20-30,38.8,0.0,0.0,0.0,-1,-1,0.0,0.0,0.0,0.0,0.0,0.0,0,0,0.0,0.0,0,0,0.0,0.0,0,0,0.0,0.0,0,0,0.0,0
LGS2ORD0005735,C012440,2025-02-15 10:00:00,Female,48,Silver,TV,Khon Kaen,655,Lazada,Bank_Transfer,10,2,5,1,40-50,21.833333333333332,0.0,0.0,0.0,-1,-1,0.0,0.0,0.0,0.0,0.0,0.0,0,0,0.0,0.0,0,0,0.0,0.0,0,0,0.0,0.0,0,0,0.0,0
LGS2ORD0005736,C012857,2025-02-15 10:00:00,Male,54,Bronze,Web,Chonburi,684,CallCenter,COD,10,2,5,1,>50,22.8,0.0,0.0,0.0,-1,-1,0.0,0.0,0.0,0.0,0.0,0.0,0,0,0.0,0.0,0,0,0.0,0.0,0,0,0.0,0.0,0,0,0.0,1
LGS2ORD0005737,C011531,2025-02-15 10:00:00,Male,53,Silver,TV,Remote_Area,1325,Web,Credit_Card,10,2,5,1,>50,44.166666666666664,0.0,0.0,0.0,-1,-1,0.0,0.0,0.0,0.0,0.0,0.0,0,0,0.0,0.0,0,0,0.0,0.0,0,0,0.0,0.0,0,0,0.0,0
LGS2ORD0005738,C013317,2025-02-15 10:00:00,Female,32,Silver,Web,Bangkok,1108,Shopee,COD,10,2,5,1,30-40,36.93333333333333,1.0,0.0,0.0,-1,23,722.6,0.1,0.0,0.0,0.0,0.0,0,0,0.0,722.6,1,0,0.0,722.6,1,0,0.0,722.6,1,0,0.0,1
LGS2ORD0005739,C015994,2025-02-15 11:00:00,Male,23,Bronze,Shopee,Khon Kaen,1493,Lazada,PromptPay,11,2,5,1,20-30,49.766666666666666,1.0,0.0,0.0,-1,15,1535.81,0.28,0.0,1.0,0.0,0.0,0,0,0.0,1535.81,1,0,0.0,1535.81,1,0,0.0,1535.81,1,0,0.0,0
LGS2ORD0005740,C011026,2025-02-15 11:00:00,Male,31,Bronze,Web,Bangkok,948,TV_Show,Credit_Card,11,2,5,1,30-40,31.6,2.0,0.0,0.0,-1,34,4484.78,0.13,0.5,0.0,0.0,0.0,0,0,0.0,0.0,0,0,0.0,8969.56,2,0,0.0,8969.56,2,0,0.0,0
LGS2ORD0005741,C014443,2025-02-15 11:00:00,Male,47,Silver,TV,Remote_Area,1402,Web,COD,11,2,5,1,40-50,46.733333333333334,0.0,0.0,0.0,-1,-1,0.0,0.0,0.0,0.0,0.0,0.0,0,0,0.0,0.0,0,0,0.0,0.0,0,0,0.0,0.0,0,0,0.0,0
LGS2ORD0005742,C012335,2025-02-15 11:00:00,Female,55,Gold,CallCenter,Bangkok,547,Lazada,COD,11,2,5,1,>50,18.233333333333334,1.0,0.0,0.0,-1,7,2596.11,0.08,0.0,0.0,0.0,0.0,0,0,0.0,2596.11,1,0,0.0,2596.11,1,0,0.0,2596.11,1,0,0.0,0
LGS2ORD0005743,C013362,2025-02-15 11:00:00,Female,33,Platinum,Web,Chiang Mai,1105,CallCenter,COD,11,2,5,1,30-40,36.833333333333336,1.0,0.0,0.0,-1,34,763.75,0.15,0.0,0.0,0.0,0.0,0,0,0.0,0.0,0,0,0.0,763.75,1,0,0.0,763.75,1,0,0.0,1
LGS2ORD0005744,C010706,2025-02-15 12:00:00,Female,37,Silver,Lazada,Chonburi,265,Web,COD,12,2,5,1,30-40,8.833333333333334,0.0,0.0,0.0,-1,-1,0.0,0.0,0.0,0.0,0.0,0.0,0,0,0.0,0.0,0,0,0.0,0.0,0,0,0.0,0.0,0,0,0.0,1
LGS2ORD0005745,C015308,2025-02-15 12:00:00,Female,33,Bronze,Lazada,Bangkok,1428,CallCenter,COD,12,2,5,1,30-40,47.6,0.0,0.0,0.0,-1,-1,0.0,0.0,0.0,0.0,0.0,0.0,0,0,0.0,0.0,0,0,0.0,0.0,0,0,0.0,0.0,0,0,0.0,0
LGS2ORD0005746,C017582,2025-02-15 12:00:00,Male,42,Bronze,TV,Phuket,102,CallCenter,Credit_Card,12,2,5,1,40-50,3.4,1.0,0.0,0.0,-1,23,4264.51,0.08,0.0,0.0,0.0,0.0,0,0,0.0,4264.51,1,0,0.0,4264.51,1,0,0.0,4264.51,1,0,0.0,0
LGS2ORD0005747,C014410,2025-02-15 12:00:00,Male,45,Gold,CallCenter,Nakhon Ratchasima,808,TV_Show,COD,12,2,5,1,40-50,26.933333333333334,0.0,0.0,0.0,-1,-1,0.0,0.0,0.0,0.0,0.0,0.0,0,0,0.0,0.0,0,0,0.0,0.0,0,0,0.0,0.0,0,0,0.0,0
LGS2ORD0005748,C012717,2025-02-15 12:00:00,Male,58,Bronze,Shopee,Chonburi,1303,Web,COD,12,2,5,1,>50,43.43333333333333,3.0,0.0,0.0,-1,11,3511.5,0.13,0.3333333333333333,0.0,0.0,0.0,0,0,0.0,4711.18,1,0,0.0,10534.5,3,0,0.0,10534.5,3,0,0.0,1
LGS2ORD0005749,C016228,2025-02-15 12:00:00,Female,40,Platinum,TV,Bangkok,872,Shopee,Bank_Transfer,12,2,5,1,30-40,29.066666666666666,0.0,0.0,0.0,-1,-1,0.0,0.0,0.0,0.0,0.0,0.0,0,0,0.0,0.0,0,0,0.0,0.0,0,0,0.0,0.0,0,0,0.0,1
LGS2ORD0005750,C012832,2025-02-15 13:00:00,Female,43,Bronze,Shopee,Bangkok,393,Web,Bank_Transfer,13,2,5,1,40-50,13.1,0.0,0.0,0.0,-1,-1,0.0,0.0,0.0,0.0,0.0,0.0,0,0,0.0,0.0,0,0,0.0,0.0,0,0,0.0,0.0,0,0,0.0,0
LGS2ORD0005751,C011780,2025-02-15 13:00:00,Male,38,Silver,TV,Phuket,1427,TV_Show,PromptPay,13,2,5,1,30-40,47.56666666666667,0.0,0.0,0.0,-1,-1,0.0,0.0,0.0,0.0,0.0,0.0,0,0,0.0,0.0,0,0,0.0,0.0,0,0,0.0,0.0,0,0,0.0,0
LGS2ORD0005752,C014932,2025-02-15 13:00:00,Male,35,Silver,CallCenter,Bangkok,1263,Web,Credit_Card,13,2,5,1,30-40,42.1,0.0,0.0,0.0,-1,-1,0.0,0.0,0.0,0.0,0.0,0.0,0,0,0.0,0.0,0,0,0.0,0.0,0,0,0.0,0.0,0,0,0.0,0
LGS2ORD0005753,C018000,2025-02-15 13:00:00,Female,45,Bronze,CallCenter,Chonburi,1479,TV_Show,Credit_Card,13,2,5,1,40-50,49.3,2.0,0.0,0.0,-1,7,1962.0300000000002,0.18,0.5,0.0,0.0,0.0,0,0,0.0,3924.0600000000004,2,0,0.0,3924.0600000000004,2,0,0.0,3924.0600000000004,2,0,0.0,0
LGS2ORD0005754,C016192,2025-02-15 13:00:00,Female,23,Silver,Web,Phuket,876,Web,Bank_Transfer,13,2,5,1,20-30,29.2,1.0,0.0,0.0,-1,44,3948.18,0.05,1.0,0.0,0.0,0.0,0,0,0.0,0.0,0,0,0.0,3948.18,1,0,0.0,3948.18,1,0,0.0,1
LGS2ORD0005755,C010701,2025-02-15 14:00:00,Male,44,Silver,TV,Bangkok,674,TV_Show,Credit_Card,14,2,5,1,40-50,22.466666666666665,0.0,0.0,0.0,-1,-1,0.0,0.0,0.0,0.0,0.0,0.0,0,0,0.0,0.0,0,0,0.0,0.0,0,0,0.0,0.0,0,0,0.0,0
LGS2ORD0005756,C011902,2025-02-15 14:00:00,Female,51,Gold,TV,Bangkok,1493,Web,COD,14,2,5,1,>50,49.766666666666666,0.0,0.0,0.0,-1,-1,0.0,0.0,0.0,0.0,0.0,0.0,0,0,0.0,0.0,0,0,0.0,0.0,0,0,0.0,0.0,0,0,0.0,0
LGS2ORD0005757,C012711,2025-02-15 14:00:00,Female,51,Bronze,Shopee,Phuket,427,TV_Show,Bank_Transfer,14,2,5,1,>50,14.233333333333333,0.0,0.0,0.0,-1,-1,0.0,0.0,0.0,0.0,0.0,0.0,0,0,0.0,0.0,0,0,0.0,0.0,0,0,0.0,0.0,0,0,0.0,0
LGS2ORD0005758,C010844,2025-02-15 14:00:00,Male,44,Silver,TV,Remote_Area,105,CallCenter,COD,14,2,5,1,40-50,3.5,1.0,1.0,1.0,15,23,16807.11,0.3,0.0,1.0,0.0,0.0,0,0,0.0,16807.11,1,1,1.0,16807.11,1,1,1.0,16807.11,1,1,1.0,0
LGS2ORD0005759,C017869,2025-02-15 14:00:00,Male,43,Silver,TV,Songkhla,128,Shopee,COD,14,2,5,1,40-50,4.266666666666667,1.0,0.0,0.0,-1,12,655.04,0.3,1.0,1.0,0.0,0.0,0,0,0.0,655.04,1,0,0.0,655.04,1,0,0.0,655.04,1,0,0.0,0
LGS2ORD0005760,C012140,2025-02-15 15:00:00,Male,52,Gold,Shopee,Songkhla,819,Lazada,COD,15,2,5,1,>50,27.3,0.0,0.0,0.0,-1,-1,0.0,0.0,0.0,0.0,0.0,0.0,0,0,0.0,0.0,0,0,0.0,0.0,0,0,0.0,0.0,0,0,0.0,1
LGS2ORD0005761,C012584,2025-02-15 15:00:00,Male,45,Platinum,CallCenter,Songkhla,578,Web,PromptPay,15,2,5,1,40-50,19.266666666666666,1.0,0.0,0.0,-1,44,289.48,0.1,1.0,0.0,0.0,0.0,0,0,0.0,0.0,0,0,0.0,289.48,1,0,0.0,289.48,1,0,0.0,0
LGS2ORD0005762,C011260,2025-02-15 15:00:00,Female,36,Bronze,Web,Chiang Mai,712,TV_Show,COD,15,2,5,1,30-40,23.733333333333334,1.0,0.0,0.0,-1,39,4712.67,0.08,0.0,0.0,0.0,0.0,0,0,0.0,0.0,0,0,0.0,4712.67,1,0,0.0,4712.67,1,0,0.0,1
LGS2ORD0005763,C013128,2025-02-15 15:00:00,Male,46,Silver,Web,Songkhla,551,TV_Show,COD,15,2,5,1,40-50,18.366666666666667,0.0,0.0,0.0,-1,-1,0.0,0.0,0.0,0.0,0.0,0.0,0,0,0.0,0.0,0,0,0.0,0.0,0,0,0.0,0.0,0,0,0.0,0
LGS2ORD0005764,C015565,2025-02-15 15:00:00,Male,39,Gold,Web,Nakhon Ratchasima,232,Lazada,COD,15,2,5,1,30-40,7.733333333333333,2.0,0.0,0.0,-1,26,4373.02,0.33,0.5,0.5,0.0,0.0,0,0,0.0,7479.72,1,0,0.0,8746.04,2,0,0.0,8746.04,2,0,0.0,0
LGS2ORD0005765,C015144,2025-02-15 16:00:00,Male,56,Gold,Shopee,Chiang Mai,123,TV_Show,COD,16,2,5,1,>50,4.1,0.0,0.0,0.0,-1,-1,0.0,0.0,0.0,0.0,0.0,0.0,0,0,0.0,0.0,0,0,0.0,0.0,0,0,0.0,0.0,0,0,0.0,0
LGS2ORD0005766,C017711,2025-02-15 16:00:00,Male,47,Bronze,Shopee,Remote_Area,698,TV_Show,Credit_Card,16,2,5,1,40-50,23.266666666666666,1.0,1.0,1.0,19,29,1890.18,0.23,0.0,1.0,0.0,0.0,0,0,0.0,1890.18,1,1,1.0,1890.18,1,1,1.0,1890.18,1,1,1.0,1
LGS2ORD0005767,C016552,2025-02-15 16:00:00,Female,18,Bronze,Lazada,Bangkok,498,Shopee,COD,16,2,5,1,<20,16.6,0.0,0.0,0.0,-1,-1,0.0,0.0,0.0,0.0,0.0,0.0,0,0,0.0,0.0,0,0,0.0,0.0,0,0,0.0,0.0,0,0,0.0,0
LGS2ORD0005768,C014314,2025-02-15 16:00:00,Male,58,Bronze,Lazada,Chonburi,677,TV_Show,COD,16,2,5,1,>50,22.566666666666666,0.0,0.0,0.0,-1,-1,0.0,0.0,0.0,0.0,0.0,0.0,0,0,0.0,0.0,0,0,0.0,0.0,0,0,0.0,0.0,0,0,0.0,0
LGS2ORD0005769,C014878,2025-02-15 16:00:00,Male,29,Silver,Lazada,Songkhla,64,Web,COD,16,2,5,1,20-30,2.1333333333333333,0.0,0.0,0.0,-1,-1,0.0,0.0,0.0,0.0,0.0,0.0,0,0,0.0,0.0,0,0,0.0,0.0,0,0,0.0,0.0,0,0,0.0,1
LGS2ORD0005770,C011274,2025-02-15 16:00:00,Male,54,Silver,TV,Phuket,411,Lazada,COD,16,2,5,1,>50,13.7,1.0,1.0,1.0,2,14,2091.01,0.2,1.0,0.0,0.0,0.0,0,0,0.0,2091.01,1,1,1.0,2091.01,1,1,1.0,2091.01,1,1,1.0,0
LGS2ORD0005771,C017793,2025-02-15 17:00:00,Male,44,Bronze,Lazada,Nakhon Ratchasima,1456,TV_Show,Credit_Card,17,2,5,1,40-50,48.53333333333333,0.0,0.0,0.0,-1,-1,0.0,0.0,0.0,0.0,0.0,0.0,0,0,0.0,0.0,0,0,0.0,0.0,0,0,0.0,0.0,0,0,0.0,0
LGS2ORD0005772,C012619,2025-02-15 17:00:00,Female,29,Bronze,Web,Khon Kaen,528,CallCenter,COD,17,2,5,1,20-30,17.6,1.0,1.0,1.0,28,35,2366.47,0.28,0.0,1.0,0.0,0.0,0,0,0.0,0.0,0,0,0.0,2366.47,1,1,1.0,2366.47,1,1,1.0,0
LGS2ORD0005773,C015041,2025-02-15 17:00:00,Female,43,Bronze,Lazada,Bangkok,515,Lazada,COD,17,2,5,1,40-50,17.166666666666668,1.0,0.0,0.0,-1,15,26285.89,0.03,1.0,0.0,0.0,0.0,0,0,0.0,26285.89,1,0,0.0,26285.89,1,0,0.0,26285.89,1,0,0.0,1
LGS2ORD0005774,C012738,2025-02-15 17:00:00,Female,27,Silver,Web,Nakhon Ratchasima,1249,Web,Bank_Transfer,17,2,5,1,20-30,41.63333333333333,0.0,0.0,0.0,-1,-1,0.0,0.0,0.0,0.0,0.0,0.0,0,0,0.0,0.0,0,0,0.0,0.0,0,0,0.0,0.0,0,0,0.0,0
LGS2ORD0005775,C011257,2025-02-15 17:00:00,Male,23,Silver,CallCenter,Remote_Area,131,Web,COD,17,2,5,1,20-30,4.366666666666666,1.0,0.0,0.0,-1,15,1008.78,0.2,0.0,0.0,0.0,0.0,0,0,0.0,1008.78,1,0,0.0,1008.78,1,0,0.0,1008.78,1,0,0.0,0
LGS2ORD0005776,C014337,2025-02-15 18:00:00,Male,46,Silver,CallCenter,Chonburi,1173,CallCenter,Bank_Transfer,18,2,5,1,40-50,39.1,1.0,0.0,0.0,-1,10,1748.95,0.05,1.0,0.0,0.0,0.0,0,0,0.0,1748.95,1,0,0.0,1748.95,1,0,0.0,1748.95,1,0,0.0,0
LGS2ORD0005777,C011128,2025-02-15 18:00:00,Female,59,Gold,Lazada,Bangkok,758,Web,Credit_Card,18,2,5,1,>50,25.266666666666666,0.0,0.0,0.0,-1,-1,0.0,0.0,0.0,0.0,0.0,0.0,0,0,0.0,0.0,0,0,0.0,0.0,0,0,0.0,0.0,0,0,0.0,0
LGS2ORD0005778,C015891,2025-02-15 18:00:00,Female,40,Bronze,TV,Phuket,479,Web,COD,18,2,5,1,30-40,15.966666666666667,0.0,0.0,0.0,-1,-1,0.0,0.0,0.0,0.0,0.0,0.0,0,0,0.0,0.0,0,0,0.0,0.0,0,0,0.0,0.0,0,0,0.0,0
LGS2ORD0005779,C013698,2025-02-15 18:00:00,Female,24,Bronze,TV,Remote_Area,377,Lazada,PromptPay,18,2,5,1,20-30,12.566666666666666,0.0,0.0,0.0,-1,-1,0.0,0.0,0.0,0.0,0.0,0.0,0,0,0.0,0.0,0,0,0.0,0.0,0,0,0.0,0.0,0,0,0.0,0
LGS2ORD0005780,C013595,2025-02-15 18:00:00,Female,52,Gold,Lazada,Nakhon Ratchasima,326,Web,Credit_Card,18,2,5,1,>50,10.866666666666667,0.0,0.0,0.0,-1,-1,0.0,0.0,0.0,0.0,0.0,0.0,0,0,0.0,0.0,0,0,0.0,0.0,0,0,0.0,0.0,0,0,0.0,0
LGS2ORD0005781,C012328,2025-02-15 19:00:00,Female,63,Bronze,Web,Chiang Mai,378,Web,COD,19,2,5,1,>50,12.6,1.0,0.0,0.0,-1,0,1712.2,0.03,0.0,0.0,0.0,1712.2,1,0,0.0,1712.2,1,0,0.0,1712.2,1,0,0.0,1712.2,1,0,0.0,0
LGS2ORD0005782,C016953,2025-02-15 19:00:00,Male,30,Gold,Shopee,Remote_Area,916,TV_Show,COD,19,2,5,1,20-30,30.533333333333335,1.0,0.0,0.0,-1,45,2006.54,0.2299999999999999,1.0,1.0,0.0,0.0,0,0,0.0,0.0,0,0,0.0,2006.54,1,0,0.0,2006.54,1,0,0.0,1
LGS2ORD0005783,C016596,2025-02-15 19:00:00,Female,39,Bronze,Web,Chonburi,548,Shopee,Bank_Transfer,19,2,5,1,30-40,18.266666666666666,0.0,0.0,0.0,-1,-1,0.0,0.0,0.0,0.0,0.0,0.0,0,0,0.0,0.0,0,0,0.0,0.0,0,0,0.0,0.0,0,0,0.0,0
LGS2ORD0005784,C015197,2025-02-15 19:00:00,Female,48,Platinum,TV,Bangkok,839,TV_Show,Credit_Card,19,2,5,1,40-50,27.966666666666665,1.0,0.0,0.0,-1,38,1262.92,0.2,0.0,0.0,0.0,0.0,0,0,0.0,0.0,0,0,0.0,1262.92,1,0,0.0,1262.92,1,0,0.0,0
LGS2ORD0005785,C017784,2025-02-15 19:00:00,Female,47,Bronze,TV,Remote_Area,127,Lazada,Credit_Card,19,2,5,1,40-50,4.233333333333333,3.0,2.0,0.6666666666666666,-8,7,3884.4366666666665,0.23,0.0,0.3333333333333333,0.0,0.0,0,0,0.0,10935.8,2,2,1.0,11653.31,3,2,0.6666666666666666,11653.31,3,2,0.6666666666666666,1
LGS2ORD0005786,C016891,2025-02-15 20:00:00,Female,49,Bronze,TV,Khon Kaen,775,TV_Show,COD,20,2,5,1,40-50,25.833333333333332,0.0,0.0,0.0,-1,-1,0.0,0.0,0.0,0.0,0.0,0.0,0,0,0.0,0.0,0,0,0.0,0.0,0,0,0.0,0.0,0,0,0.0,0
LGS2ORD0005787,C013571,2025-02-15 20:00:00,Male,47,Gold,Web,Bangkok,784,Shopee,COD,20,2,5,1,40-50,26.133333333333333,0.0,0.0,0.0,-1,-1,0.0,0.0,0.0,0.0,0.0,0.0,0,0,0.0,0.0,0,0,0.0,0.0,0,0,0.0,0.0,0,0,0.0,0
LGS2ORD0005788,C016467,2025-02-15 20:00:00,Female,29,Gold,Shopee,Khon Kaen,1456,Shopee,COD,20,2,5,1,20-30,48.53333333333333,1.0,0.0,0.0,-1,28,1107.74,0.13,0.0,0.0,0.0,0.0,0,0,0.0,1107.74,1,0,0.0,1107.74,1,0,0.0,1107.74,1,0,0.0,0
LGS2ORD0005789,C017992,2025-02-15 20:00:00,Male,67,Bronze,Web,Songkhla,1237,TV_Show,COD,20,2,5,1,>50,41.233333333333334,1.0,0.0,0.0,-1,25,196.12,0.08,1.0,0.0,0.0,0.0,0,0,0.0,196.12,1,0,0.0,196.12,1,0,0.0,196.12,1,0,0.0,1
LGS2ORD0005790,C017720,2025-02-15 20:00:00,Female,39,Silver,Lazada,Bangkok,862,Web,Bank_Transfer,20,2,5,1,30-40,28.733333333333334,2.0,0.0,0.0,-1,36,1274.1599999999999,0.3,0.0,1.0,0.0,0.0,0,0,0.0,0.0,0,0,0.0,2548.3199999999997,2,0,0.0,2548.3199999999997,2,0,0.0,0
LGS2ORD0005791,C016894,2025-02-15 20:00:00,Other,53,Bronze,Shopee,Bangkok,1436,TV_Show,COD,20,2,5,1,>50,47.86666666666667,3.0,0.0,0.0,-1,4,3566.6633333333334,0.18,0.3333333333333333,0.0,0.0,5397.82,1,0,0.0,7265.08,2,0,0.0,10699.99,3,0,0.0,10699.99,3,0,0.0,0
LGS2ORD0005792,C010301,2025-02-15 21:00:00,Male,53,Bronze,CallCenter,Bangkok,515,TV_Show,COD,21,2,5,1,>50,17.166666666666668,2.0,0.0,0.0,-1,12,2310.665,0.18,1.0,0.0,0.0,0.0,0,0,0.0,2364.84,1,0,0.0,4621.33,2,0,0.0,4621.33,2,0,0.0,1
LGS2ORD0005793,C012370,2025-02-15 21:00:00,Female,64,Bronze,Shopee,Remote_Area,1372,Lazada,COD,21,2,5,1,>50,45.733333333333334,0.0,0.0,0.0,-1,-1,0.0,0.0,0.0,0.0,0.0,0.0,0,0,0.0,0.0,0,0,0.0,0.0,0,0,0.0,0.0,0,0,0.0,0
LGS2ORD0005794,C010526,2025-02-15 21:00:00,Male,48,Bronze,Lazada,Khon Kaen,867,Lazada,Bank_Transfer,21,2,5,1,40-50,28.9,0.0,0.0,0.0,-1,-1,0.0,0.0,0.0,0.0,0.0,0.0,0,0,0.0,0.0,0,0,0.0,0.0,0,0,0.0,0.0,0,0,0.0,0
LGS2ORD0005795,C012232,2025-02-15 21:00:00,Male,28,Platinum,CallCenter,Chiang Mai,1258,Shopee,Credit_Card,21,2,5,1,20-30,41.93333333333333,1.0,0.0,0.0,-1,8,6703.08,0.1,0.0,0.0,0.0,0.0,0,0,0.0,6703.08,1,0,0.0,6703.08,1,0,0.0,6703.08,1,0,0.0,0
LGS2ORD0005796,C010908,2025-02-15 21:00:00,Male,31,Bronze,TV,Chiang Mai,496,TV_Show,COD,21,2,5,1,30-40,16.533333333333335,0.0,0.0,0.0,-1,-1,0.0,0.0,0.0,0.0,0.0,0.0,0,0,0.0,0.0,0,0,0.0,0.0,0,0,0.0,0.0,0,0,0.0,0
LGS2ORD0005797,C017299,2025-02-15 22:00:00,Female,39,Bronze,CallCenter,Bangkok,254,CallCenter,PromptPay,22,2,5,1,30-40,8.466666666666667,0.0,0.0,0.0,-1,-1,0.0,0.0,0.0,0.0,0.0,0.0,0,0,0.0,0.0,0,0,0.0,0.0,0,0,0.0,0.0,0,0,0.0,0
LGS2ORD0005798,C010657,2025-02-15 22:00:00,Female,45,Bronze,Shopee,Phuket,766,Lazada,COD,22,2,5,1,40-50,25.533333333333335,0.0,0.0,0.0,-1,-1,0.0,0.0,0.0,0.0,0.0,0.0,0,0,0.0,0.0,0,0,0.0,0.0,0,0,0.0,0.0,0,0,0.0,0
LGS2ORD0005799,C013099,2025-02-15 22:00:00,Male,23,Silver,Web,Khon Kaen,599,Lazada,COD,22,2,5,1,20-30,19.966666666666665,0.0,0.0,0.0,-1,-1,0.0,0.0,0.0,0.0,0.0,0.0,0,0,0.0,0.0,0,0,0.0,0.0,0,0,0.0,0.0,0,0,0.0,0
LGS2ORD0005800,C015559,2025-02-15 22:00:00,Female,37,Platinum,Web,Bangkok,595,Web,COD,22,2,5,1,30-40,19.833333333333332,0.0,0.0,0.0,-1,-1,0.0,0.0,0.0,0.0,0.0,0.0,0,0,0.0,0.0,0,0,0.0,0.0,0,0,0.0,0.0,0,0,0.0,1
LGS2ORD0005801,C010096,2025-02-15 22:00:00,Female,57,Gold,TV,Bangkok,245,CallCenter,COD,22,2,5,1,>50,8.166666666666666,0.0,0.0,0.0,-1,-1,0.0,0.0,0.0,0.0,0.0,0.0,0,0,0.0,0.0,0,0,0.0,0.0,0,0,0.0,0.0,0,0,0.0,0
LGS2ORD0005802,C012506,2025-02-15 23:00:00,Female,54,Bronze,CallCenter,Bangkok,599,Lazada,PromptPay,23,2,5,1,>50,19.966666666666665,0.0,0.0,0.0,-1,-1,0.0,0.0,0.0,0.0,0.0,0.0,0,0,0.0,0.0,0,0,0.0,0.0,0,0,0.0,0.0,0,0,0.0,0
LGS2ORD0005803,C014994,2025-02-15 23:00:00,Male,63,Bronze,CallCenter,Khon Kaen,460,Web,Credit_Card,23,2,5,1,>50,15.333333333333334,0.0,0.0,0.0,-1,-1,0.0,0.0,0.0,0.0,0.0,0.0,0,0,0.0,0.0,0,0,0.0,0.0,0,0,0.0,0.0,0,0,0.0,0
LGS2ORD0005804,C013294,2025-02-15 23:00:00,Female,33,Platinum,CallCenter,Nakhon Ratchasima,744,CallCenter,PromptPay,23,2,5,1,30-40,24.8,2.0,0.0,0.0,-1,18,6358.46,0.15,1.0,0.0,0.0,0.0,0,0,0.0,12716.92,2,0,0.0,12716.92,2,0,0.0,12716.92,2,0,0.0,0
LGS2ORD0005805,C015010,2025-02-15 23:00:00,Female,41,Bronze,Shopee,Bangkok,253,Web,Credit_Card,23,2,5,1,40-50,8.433333333333334,0.0,0.0,0.0,-1,-1,0.0,0.0,0.0,0.0,0.0,0.0,0,0,0.0,0.0,0,0,0.0,0.0,0,0,0.0,0.0,0,0,0.0,0
LGS2ORD0005806,C010228,2025-02-15 23:00:00,Male,43,Bronze,TV,Songkhla,1461,CallCenter,PromptPay,23,2,5,1,40-50,48.7,0.0,0.0,0.0,-1,-1,0.0,0.0,0.0,0.0,0.0,0.0,0,0,0.0,0.0,0,0,0.0,0.0,0,0,0.0,0.0,0,0,0.0,0
LGS2ORD0005807,C015410,2025-02-16 00:00:00,Male,46,Bronze,TV,Bangkok,928,Lazada,Credit_Card,0,2,6,1,40-50,30.933333333333334,0.0,0.0,0.0,-1,-1,0.0,0.0,0.0,0.0,0.0,0.0,0,0,0.0,0.0,0,0,0.0,0.0,0,0,0.0,0.0,0,0,0.0,0
LGS2ORD0005808,C014673,2025-02-16 00:00:00,Male,33,Silver,Shopee,Khon Kaen,851,TV_Show,Credit_Card,0,2,6,1,30-40,28.366666666666667,0.0,0.0,0.0,-1,-1,0.0,0.0,0.0,0.0,0.0,0.0,0,0,0.0,0.0,0,0,0.0,0.0,0,0,0.0,0.0,0,0,0.0,0
LGS2ORD0005809,C011587,2025-02-16 00:00:00,Female,22,Gold,Web,Bangkok,1258,Shopee,COD,0,2,6,1,20-30,41.93333333333333,0.0,0.0,0.0,-1,-1,0.0,0.0,0.0,0.0,0.0,0.0,0,0,0.0,0.0,0,0,0.0,0.0,0,0,0.0,0.0,0,0,0.0,0
LGS2ORD0005810,C014831,2025-02-16 00:00:00,Female,38,Bronze,Shopee,Remote_Area,611,Web,Credit_Card,0,2,6,1,30-40,20.366666666666667,1.0,1.0,1.0,20,26,1337.76,0.08,1.0,0.0,0.0,0.0,0,0,0.0,1337.76,1,1,1.0,1337.76,1,1,1.0,1337.76,1,1,1.0,1
LGS2ORD0005811,C013425,2025-02-16 00:00:00,Male,51,Bronze,Lazada,Khon Kaen,976,TV_Show,PromptPay,0,2,6,1,>50,32.53333333333333,0.0,0.0,0.0,-1,-1,0.0,0.0,0.0,0.0,0.0,0.0,0,0,0.0,0.0,0,0,0.0,0.0,0,0,0.0,0.0,0,0,0.0,0
LGS2ORD0005812,C015323,2025-02-16 00:00:00,Female,40,Bronze,TV,Songkhla,918,Lazada,COD,0,2,6,1,30-40,30.6,1.0,0.0,0.0,-1,28,10156.56,0.28,0.0,1.0,0.0,0.0,0,0,0.0,10156.56,1,0,0.0,10156.56,1,0,0.0,10156.56,1,0,0.0,1
LGS2ORD0005813,C016329,2025-02-16 01:00:00,Female,41,Bronze,Shopee,Khon Kaen,486,Shopee,COD,1,2,6,1,40-50,16.2,2.0,0.0,0.0,-1,1,4389.82,0.23,0.5,0.5,0.0,3585.18,1,0,0.0,8779.64,2,0,0.0,8779.64,2,0,0.0,8779.64,2,0,0.0,0
LGS2ORD0005814,C014177,2025-02-16 01:00:00,Male,61,Platinum,Shopee,Chiang Mai,1126,Lazada,Credit_Card,1,2,6,1,>50,37.53333333333333,1.0,0.0,0.0,-1,35,10133.13,0.25,1.0,1.0,0.0,0.0,0,0,0.0,0.0,0,0,0.0,10133.13,1,0,0.0,10133.13,1,0,0.0,0
LGS2ORD0005815,C014110,2025-02-16 01:00:00,Male,60,Bronze,Shopee,Chiang Mai,578,Shopee,COD,1,2,6,1,>50,19.266666666666666,1.0,0.0,0.0,-1,35,203.25,0.03,0.0,0.0,0.0,0.0,0,0,0.0,0.0,0,0,0.0,203.25,1,0,0.0,203.25,1,0,0.0,0
LGS2ORD0005816,C012636,2025-02-16 01:00:00,Female,53,Bronze,TV,Nakhon Ratchasima,348,Shopee,COD,1,2,6,1,>50,11.6,0.0,0.0,0.0,-1,-1,0.0,0.0,0.0,0.0,0.0,0.0,0,0,0.0,0.0,0,0,0.0,0.0,0,0,0.0,0.0,0,0,0.0,0
LGS2ORD0005817,C015900,2025-02-16 01:00:00,Other,18,Platinum,Lazada,Songkhla,1384,Shopee,Credit_Card,1,2,6,1,<20,46.13333333333333,0.0,0.0,0.0,-1,-1,0.0,0.0,0.0,0.0,0.0,0.0,0,0,0.0,0.0,0,0,0.0,0.0,0,0,0.0,0.0,0,0,0.0,0
LGS2ORD0005818,C013620,2025-02-16 02:00:00,Female,47,Bronze,Shopee,Remote_Area,337,Shopee,COD,2,2,6,1,40-50,11.233333333333333,1.0,0.0,0.0,-1,19,665.05,0.23,0.0,1.0,0.0,0.0,0,0,0.0,665.05,1,0,0.0,665.05,1,0,0.0,665.05,1,0,0.0,1
LGS2ORD0005819,C011097,2025-02-16 02:00:00,Female,58,Gold,TV,Chiang Mai,1011,TV_Show,PromptPay,2,2,6,1,>50,33.7,2.0,1.0,0.5,5,15,3725.6400000000003,0.28,0.5,1.0,0.0,0.0,0,0,0.0,7451.280000000001,2,1,0.5,7451.280000000001,2,1,0.5,7451.280000000001,2,1,0.5,0
LGS2ORD0005820,C010797,2025-02-16 02:00:00,Female,31,Gold,CallCenter,Khon Kaen,1331,Shopee,Credit_Card,2,2,6,1,30-40,44.36666666666667,1.0,1.0,1.0,4,16,1396.25,0.08,1.0,0.0,0.0,0.0,0,0,0.0,1396.25,1,1,1.0,1396.25,1,1,1.0,1396.25,1,1,1.0,0
LGS2ORD0005821,C016340,2025-02-16 02:00:00,Male,43,Silver,TV,Nakhon Ratchasima,705,Web,COD,2,2,6,1,40-50,23.5,0.0,0.0,0.0,-1,-1,0.0,0.0,0.0,0.0,0.0,0.0,0,0,0.0,0.0,0,0,0.0,0.0,0,0,0.0,0.0,0,0,0.0,0
LGS2ORD0005822,C015044,2025-02-16 02:00:00,Female,40,Bronze,TV,Songkhla,702,CallCenter,COD,2,2,6,1,30-40,23.4,1.0,0.0,0.0,-1,19,6101.14,0.18,0.0,0.0,0.0,0.0,0,0,0.0,6101.14,1,0,0.0,6101.14,1,0,0.0,6101.14,1,0,0.0,1
LGS2ORD0005823,C010126,2025-02-16 03:00:00,Female,37,Bronze,Web,Phuket,523,Lazada,COD,3,2,6,1,30-40,17.433333333333334,0.0,0.0,0.0,-1,-1,0.0,0.0,0.0,0.0,0.0,0.0,0,0,0.0,0.0,0,0,0.0,0.0,0,0,0.0,0.0,0,0,0.0,1
LGS2ORD0005824,C013645,2025-02-16 03:00:00,Male,64,Silver,TV,Khon Kaen,1222,CallCenter,Bank_Transfer,3,2,6,1,>50,40.733333333333334,1.0,1.0,1.0,-7,1,1596.27,0.25,0.0,1.0,0.0,1596.27,1,1,1.0,1596.27,1,1,1.0,1596.27,1,1,1.0,1596.27,1,1,1.0,0
LGS2ORD0005825,C013365,2025-02-16 03:00:00,Male,38,Silver,Web,Bangkok,946,CallCenter,PromptPay,3,2,6,1,30-40,31.533333333333335,1.0,1.0,1.0,38,45,3024.72,0.2,0.0,0.0,0.0,0.0,0,0,0.0,0.0,0,0,0.0,3024.72,1,1,1.0,3024.72,1,1,1.0,1
LGS2ORD0005826,C017481,2025-02-16 03:00:00,Male,54,Bronze,Shopee,Nakhon Ratchasima,256,Lazada,COD,3,2,6,1,>50,8.533333333333333,1.0,0.0,0.0,-1,14,3619.02,0.08,0.0,0.0,0.0,0.0,0,0,0.0,3619.02,1,0,0.0,3619.02,1,0,0.0,3619.02,1,0,0.0,0
LGS2ORD0005827,C012843,2025-02-16 03:00:00,Male,34,Platinum,Shopee,Bangkok,624,Web,Credit_Card,3,2,6,1,30-40,20.8,1.0,1.0,1.0,20,33,1380.12,0.15,0.0,0.0,0.0,0.0,0,0,0.0,0.0,0,0,0.0,1380.12,1,1,1.0,1380.12,1,1,1.0,0
LGS2ORD0005828,C013094,2025-02-16 04:00:00,Female,37,Gold,Shopee,Bangkok,1299,Web,Credit_Card,4,2,6,1,30-40,43.3,1.0,0.0,0.0,-1,15,859.44,0.33,0.0,1.0,0.0,0.0,0,0,0.0,859.44,1,0,0.0,859.44,1,0,0.0,859.44,1,0,0.0,0
LGS2ORD0005829,C011770,2025-02-16 04:00:00,Female,37,Bronze,Shopee,Bangkok,664,Lazada,COD,4,2,6,1,30-40,22.133333333333333,0.0,0.0,0.0,-1,-1,0.0,0.0,0.0,0.0,0.0,0.0,0,0,0.0,0.0,0,0,0.0,0.0,0,0,0.0,0.0,0,0,0.0,1
LGS2ORD0005830,C013102,2025-02-16 04:00:00,Female,48,Silver,Lazada,Khon Kaen,1120,CallCenter,Credit_Card,4,2,6,1,40-50,37.333333333333336,0.0,0.0,0.0,-1,-1,0.0,0.0,0.0,0.0,0.0,0.0,0,0,0.0,0.0,0,0,0.0,0.0,0,0,0.0,0.0,0,0,0.0,0
LGS2ORD0005831,C010189,2025-02-16 04:00:00,Female,48,Bronze,TV,Khon Kaen,591,Lazada,COD,4,2,6,1,40-50,19.7,0.0,0.0,0.0,-1,-1,0.0,0.0,0.0,0.0,0.0,0.0,0,0,0.0,0.0,0,0,0.0,0.0,0,0,0.0,0.0,0,0,0.0,0
LGS2ORD0005832,C015887,2025-02-16 04:00:00,Female,47,Silver,Lazada,Bangkok,124,Web,COD,4,2,6,1,40-50,4.133333333333334,1.0,0.0,0.0,-1,7,1129.01,0.05,0.0,0.0,0.0,0.0,0,0,0.0,1129.01,1,0,0.0,1129.01,1,0,0.0,1129.01,1,0,0.0,0
LGS2ORD0005833,C016342,2025-02-16 04:00:00,Female,27,Gold,TV,Chiang Mai,977,Shopee,Bank_Transfer,4,2,6,1,20-30,32.56666666666667,1.0,0.0,0.0,-1,4,4173.28,0.08,1.0,0.0,0.0,4173.28,1,0,0.0,4173.28,1,0,0.0,4173.28,1,0,0.0,4173.28,1,0,0.0,0
LGS2ORD0005834,C010873,2025-02-16 05:00:00,Male,58,Bronze,TV,Chiang Mai,1003,Shopee,Credit_Card,5,2,6,1,>50,33.43333333333333,0.0,0.0,0.0,-1,-1,0.0,0.0,0.0,0.0,0.0,0.0,0,0,0.0,0.0,0,0,0.0,0.0,0,0,0.0,0.0,0,0,0.0,1
LGS2ORD0005835,C016420,2025-02-16 05:00:00,Female,33,Bronze,TV,Chiang Mai,793,CallCenter,Credit_Card,5,2,6,1,30-40,26.433333333333334,2.0,1.0,0.5,33,39,5879.76,0.18,0.5,0.0,0.0,0.0,0,0,0.0,0.0,0,0,0.0,11759.52,2,1,0.5,11759.52,2,1,0.5,0
LGS2ORD0005836,C013281,2025-02-16 05:00:00,Male,47,Silver,Lazada,Bangkok,1344,Web,Credit_Card,5,2,6,1,40-50,44.8,0.0,0.0,0.0,-1,-1,0.0,0.0,0.0,0.0,0.0,0.0,0,0,0.0,0.0,0,0,0.0,0.0,0,0,0.0,0.0,0,0,0.0,0
LGS2ORD0005837,C010520,2025-02-16 05:00:00,Female,31,Gold,TV,Nakhon Ratchasima,1280,Shopee,COD,5,2,6,1,30-40,42.666666666666664,0.0,0.0,0.0,-1,-1,0.0,0.0,0.0,0.0,0.0,0.0,0,0,0.0,0.0,0,0,0.0,0.0,0,0,0.0,0.0,0,0,0.0,0
LGS2ORD0005838,C014822,2025-02-16 05:00:00,Male,33,Bronze,Lazada,Bangkok,177,Shopee,COD,5,2,6,1,30-40,5.9,2.0,1.0,0.5,5,10,4035.3050000000003,0.18,0.5,0.0,0.0,0.0,0,0,0.0,8070.610000000001,2,1,0.5,8070.610000000001,2,1,0.5,8070.610000000001,2,1,0.5,0
LGS2ORD0005839,C017012,2025-02-16 06:00:00,Male,25,Silver,Web,Phuket,431,Shopee,COD,6,2,6,1,20-30,14.366666666666667,0.0,0.0,0.0,-1,-1,0.0,0.0,0.0,0.0,0.0,0.0,0,0,0.0,0.0,0,0,0.0,0.0,0,0,0.0,0.0,0,0,0.0,0
LGS2ORD0005840,C010598,2025-02-16 06:00:00,Male,24,Gold,Web,Bangkok,1018,Web,COD,6,2,6,1,20-30,33.93333333333333,0.0,0.0,0.0,-1,-1,0.0,0.0,0.0,0.0,0.0,0.0,0,0,0.0,0.0,0,0,0.0,0.0,0,0,0.0,0.0,0,0,0.0,0
LGS2ORD0005841,C013997,2025-02-16 06:00:00,Female,43,Silver,Shopee,Bangkok,1194,TV_Show,Credit_Card,6,2,6,1,40-50,39.8,0.0,0.0,0.0,-1,-1,0.0,0.0,0.0,0.0,0.0,0.0,0,0,0.0,0.0,0,0,0.0,0.0,0,0,0.0,0.0,0,0,0.0,0
LGS2ORD0005842,C010998,2025-02-16 06:00:00,Female,25,Gold,Web,Khon Kaen,1435,Shopee,COD,6,2,6,1,20-30,47.833333333333336,0.0,0.0,0.0,-1,-1,0.0,0.0,0.0,0.0,0.0,0.0,0,0,0.0,0.0,0,0,0.0,0.0,0,0,0.0,0.0,0,0,0.0,0
LGS2ORD0005843,C016646,2025-02-16 06:00:00,Male,38,Bronze,TV,Chiang Mai,344,Web,COD,6,2,6,1,30-40,11.466666666666667,1.0,0.0,0.0,-1,4,1109.67,0.13,0.0,0.0,0.0,1109.67,1,0,0.0,1109.67,1,0,0.0,1109.67,1,0,0.0,1109.67,1,0,0.0,0
LGS2ORD0005844,C015349,2025-02-16 07:00:00,Male,20,Bronze,TV,Phuket,225,Lazada,COD,7,2,6,1,<20,7.5,1.0,1.0,1.0,19,27,1341.89,0.13,0.0,0.0,0.0,0.0,0,0,0.0,1341.89,1,1,1.0,1341.89,1,1,1.0,1341.89,1,1,1.0,1
LGS2ORD0005845,C016822,2025-02-16 07:00:00,Female,31,Bronze,Web,Remote_Area,166,TV_Show,Bank_Transfer,7,2,6,1,30-40,5.533333333333333,3.0,2.0,0.6666666666666666,11,26,2515.2433333333333,0.23,0.3333333333333333,0.3333333333333333,0.0,0.0,0,0,0.0,4818.18,1,1,1.0,7545.7300000000005,3,2,0.6666666666666666,7545.7300000000005,3,2,0.6666666666666666,0
LGS2ORD0005846,C012479,2025-02-16 07:00:00,Female,35,Gold,Web,Bangkok,646,Web,COD,7,2,6,1,30-40,21.533333333333335,0.0,0.0,0.0,-1,-1,0.0,0.0,0.0,0.0,0.0,0.0,0,0,0.0,0.0,0,0,0.0,0.0,0,0,0.0,0.0,0,0,0.0,0
LGS2ORD0005847,C017708,2025-02-16 07:00:00,Male,59,Bronze,Lazada,Nakhon Ratchasima,1423,TV_Show,COD,7,2,6,1,>50,47.43333333333333,0.0,0.0,0.0,-1,-1,0.0,0.0,0.0,0.0,0.0,0.0,0,0,0.0,0.0,0,0,0.0,0.0,0,0,0.0,0.0,0,0,0.0,0
LGS2ORD0005848,C012531,2025-02-16 07:00:00,Female,38,Bronze,Web,Phuket,1081,Lazada,COD,7,2,6,1,30-40,36.03333333333333,0.0,0.0,0.0,-1,-1,0.0,0.0,0.0,0.0,0.0,0.0,0,0,0.0,0.0,0,0,0.0,0.0,0,0,0.0,0.0,0,0,0.0,1
LGS2ORD0005849,C017554,2025-02-16 07:00:00,Male,33,Bronze,TV,Bangkok,256,TV_Show,COD,7,2,6,1,30-40,8.533333333333333,2.0,1.0,0.5,16,11,3964.5,0.18,1.0,0.0,0.0,0.0,0,0,0.0,7929.0,2,1,0.5,7929.0,2,1,0.5,7929.0,2,1,0.5,0
LGS2ORD0005850,C013419,2025-02-16 08:00:00,Female,41,Bronze,TV,Bangkok,1119,Web,Bank_Transfer,8,2,6,1,40-50,37.3,1.0,0.0,0.0,-1,7,2703.6,0.18,0.0,0.0,0.0,0.0,0,0,0.0,2703.6,1,0,0.0,2703.6,1,0,0.0,2703.6,1,0,0.0,0
LGS2ORD0005851,C010348,2025-02-16 08:00:00,Male,33,Bronze,TV,Bangkok,108,CallCenter,COD,8,2,6,1,30-40,3.6,1.0,0.0,0.0,-1,5,2388.69,0.23,1.0,1.0,0.0,2388.69,1,0,0.0,2388.69,1,0,0.0,2388.69,1,0,0.0,2388.69,1,0,0.0,1
LGS2ORD0005852,C014288,2025-02-16 08:00:00,Female,58,Gold,Shopee,Remote_Area,1186,Shopee,Bank_Transfer,8,2,6,1,>50,39.53333333333333,0.0,0.0,0.0,-1,-1,0.0,0.0,0.0,0.0,0.0,0.0,0,0,0.0,0.0,0,0,0.0,0.0,0,0,0.0,0.0,0,0,0.0,0
LGS2ORD0005853,C017873,2025-02-16 08:00:00,Male,65,Gold,Shopee,Bangkok,867,TV_Show,COD,8,2,6,1,>50,28.9,1.0,0.0,0.0,-1,26,3514.77,0.18,0.0,0.0,0.0,0.0,0,0,0.0,3514.77,1,0,0.0,3514.77,1,0,0.0,3514.77,1,0,0.0,0
LGS2ORD0005854,C017854,2025-02-16 08:00:00,Male,69,Silver,Shopee,Remote_Area,869,TV_Show,COD,8,2,6,1,>50,28.966666666666665,2.0,1.0,0.5,-1,14,4329.1050000000005,0.25,1.0,0.5,0.0,0.0,0,0,0.0,8658.210000000001,2,1,0.5,8658.210000000001,2,1,0.5,8658.210000000001,2,1,0.5,1
LGS2ORD0005855,C017319,2025-02-16 09:00:00,Male,48,Bronze,Shopee,Nakhon Ratchasima,174,Web,COD,9,2,6,1,40-50,5.8,0.0,0.0,0.0,-1,-1,0.0,0.0,0.0,0.0,0.0,0.0,0,0,0.0,0.0,0,0,0.0,0.0,0,0,0.0,0.0,0,0,0.0,0
LGS2ORD0005856,C013177,2025-02-16 09:00:00,Other,26,Silver,CallCenter,Nakhon Ratchasima,1143,CallCenter,PromptPay,9,2,6,1,20-30,38.1,0.0,0.0,0.0,-1,-1,0.0,0.0,0.0,0.0,0.0,0.0,0,0,0.0,0.0,0,0,0.0,0.0,0,0,0.0,0.0,0,0,0.0,0
LGS2ORD0005857,C012328,2025-02-16 09:00:00,Female,63,Bronze,Web,Chiang Mai,379,TV_Show,PromptPay,9,2,6,1,>50,12.633333333333333,2.0,0.0,0.0,-1,0,3595.855,0.13,0.5,0.0,0.0,7191.71,2,0,0.0,7191.71,2,0,0.0,7191.71,2,0,0.0,7191.71,2,0,0.0,1
LGS2ORD0005858,C011954,2025-02-16 09:00:00,Female,46,Platinum,TV,Phuket,1161,CallCenter,Credit_Card,9,2,6,1,40-50,38.7,0.0,0.0,0.0,-1,-1,0.0,0.0,0.0,0.0,0.0,0.0,0,0,0.0,0.0,0,0,0.0,0.0,0,0,0.0,0.0,0,0,0.0,0
LGS2ORD0005859,C013450,2025-02-16 09:00:00,Male,40,Silver,Lazada,Khon Kaen,139,Web,PromptPay,9,2,6,1,30-40,4.633333333333334,0.0,0.0,0.0,-1,-1,0.0,0.0,0.0,0.0,0.0,0.0,0,0,0.0,0.0,0,0,0.0,0.0,0,0,0.0,0.0,0,0,0.0,0
LGS2ORD0005860,C014555,2025-02-16 10:00:00,Male,32,Bronze,Shopee,Remote_Area,391,Shopee,Bank_Transfer,10,2,6,1,30-40,13.033333333333333,0.0,0.0,0.0,-1,-1,0.0,0.0,0.0,0.0,0.0,0.0,0,0,0.0,0.0,0,0,0.0,0.0,0,0,0.0,0.0,0,0,0.0,0
LGS2ORD0005861,C015547,2025-02-16 10:00:00,Male,54,Bronze,Web,Bangkok,74,TV_Show,PromptPay,10,2,6,1,>50,2.466666666666667,0.0,0.0,0.0,-1,-1,0.0,0.0,0.0,0.0,0.0,0.0,0,0,0.0,0.0,0,0,0.0,0.0,0,0,0.0,0.0,0,0,0.0,0
LGS2ORD0005862,C013239,2025-02-16 10:00:00,Male,29,Bronze,Shopee,Khon Kaen,535,Shopee,COD,10,2,6,1,20-30,17.833333333333332,0.0,0.0,0.0,-1,-1,0.0,0.0,0.0,0.0,0.0,0.0,0,0,0.0,0.0,0,0,0.0,0.0,0,0,0.0,0.0,0,0,0.0,0
LGS2ORD0005863,C014465,2025-02-16 10:00:00,Male,64,Bronze,Lazada,Bangkok,537,Web,COD,10,2,6,1,>50,17.9,0.0,0.0,0.0,-1,-1,0.0,0.0,0.0,0.0,0.0,0.0,0,0,0.0,0.0,0,0,0.0,0.0,0,0,0.0,0.0,0,0,0.0,0
LGS2ORD0005864,C015024,2025-02-16 10:00:00,Male,27,Bronze,Web,Songkhla,1236,Shopee,COD,10,2,6,1,20-30,41.2,1.0,0.0,0.0,-1,23,1870.45,0.23,1.0,1.0,0.0,0.0,0,0,0.0,1870.45,1,0,0.0,1870.45,1,0,0.0,1870.45,1,0,0.0,0
LGS2ORD0005865,C011570,2025-02-16 11:00:00,Male,36,Silver,Web,Chonburi,1481,CallCenter,COD,11,2,6,1,30-40,49.36666666666667,0.0,0.0,0.0,-1,-1,0.0,0.0,0.0,0.0,0.0,0.0,0,0,0.0,0.0,0,0,0.0,0.0,0,0,0.0,0.0,0,0,0.0,0
LGS2ORD0005866,C010929,2025-02-16 11:00:00,Female,46,Silver,Web,Khon Kaen,1164,Web,Bank_Transfer,11,2,6,1,40-50,38.8,4.0,2.0,0.5,10,21,6089.765000000001,0.25,0.5,0.25,0.0,0.0,0,0,0.0,12135.4,2,2,1.0,24359.060000000005,4,2,0.5,24359.060000000005,4,2,0.5,1
LGS2ORD0005867,C016852,2025-02-16 11:00:00,Male,19,Silver,TV,Nakhon Ratchasima,574,TV_Show,Bank_Transfer,11,2,6,1,<20,19.133333333333333,0.0,0.0,0.0,-1,-1,0.0,0.0,0.0,0.0,0.0,0.0,0,0,0.0,0.0,0,0,0.0,0.0,0,0,0.0,0.0,0,0,0.0,0
LGS2ORD0005868,C013194,2025-02-16 11:00:00,Male,22,Bronze,TV,Bangkok,458,Web,COD,11,2,6,1,20-30,15.266666666666667,1.0,0.0,0.0,-1,33,6560.9,0.23,0.0,1.0,0.0,0.0,0,0,0.0,0.0,0,0,0.0,6560.9,1,0,0.0,6560.9,1,0,0.0,0
LGS2ORD0005869,C016025,2025-02-16 11:00:00,Male,32,Bronze,TV,Chiang Mai,977,Web,COD,11,2,6,1,30-40,32.56666666666667,0.0,0.0,0.0,-1,-1,0.0,0.0,0.0,0.0,0.0,0.0,0,0,0.0,0.0,0,0,0.0,0.0,0,0,0.0,0.0,0,0,0.0,0
LGS2ORD0005870,C014655,2025-02-16 11:00:00,Female,54,Bronze,TV,Phuket,564,Shopee,COD,11,2,6,1,>50,18.8,1.0,0.0,0.0,-1,45,24788.53,0.03,0.0,0.0,0.0,0.0,0,0,0.0,0.0,0,0,0.0,24788.53,1,0,0.0,24788.53,1,0,0.0,1
LGS2ORD0005871,C015857,2025-02-16 12:00:00,Male,63,Silver,Web,Nakhon Ratchasima,517,TV_Show,COD,12,2,6,1,>50,17.233333333333334,3.0,0.0,0.0,-1,5,9589.166666666668,0.3,0.0,0.6666666666666666,0.0,423.13,1,0,0.0,423.13,1,0,0.0,28767.500000000004,3,0,0.0,28767.500000000004,3,0,0.0,1
LGS2ORD0005872,C011607,2025-02-16 12:00:00,Male,39,Bronze,Shopee,Chonburi,680,TV_Show,Credit_Card,12,2,6,1,30-40,22.666666666666668,0.0,0.0,0.0,-1,-1,0.0,0.0,0.0,0.0,0.0,0.0,0,0,0.0,0.0,0,0,0.0,0.0,0,0,0.0,0.0,0,0,0.0,1
LGS2ORD0005873,C011248,2025-02-16 12:00:00,Male,41,Gold,Web,Remote_Area,615,TV_Show,COD,12,2,6,1,40-50,20.5,0.0,0.0,0.0,-1,-1,0.0,0.0,0.0,0.0,0.0,0.0,0,0,0.0,0.0,0,0,0.0,0.0,0,0,0.0,0.0,0,0,0.0,0
LGS2ORD0005874,C011368,2025-02-16 12:00:00,Female,35,Platinum,TV,Chiang Mai,1132,Lazada,COD,12,2,6,1,30-40,37.733333333333334,1.0,0.0,0.0,-1,20,1211.56,0.1,1.0,0.0,0.0,0.0,0,0,0.0,1211.56,1,0,0.0,1211.56,1,0,0.0,1211.56,1,0,0.0,0
LGS2ORD0005875,C013827,2025-02-16 12:00:00,Female,59,Bronze,TV,Khon Kaen,975,Shopee,COD,12,2,6,1,>50,32.5,2.0,1.0,0.5,-2,10,2230.68,0.13,0.5,0.0,0.0,0.0,0,0,0.0,3961.75,1,1,1.0,4461.36,2,1,0.5,4461.36,2,1,0.5,0
LGS2ORD0005876,C014180,2025-02-16 13:00:00,Female,33,Silver,Web,Bangkok,1204,Lazada,Credit_Card,13,2,6,1,30-40,40.13333333333333,0.0,0.0,0.0,-1,-1,0.0,0.0,0.0,0.0,0.0,0.0,0,0,0.0,0.0,0,0,0.0,0.0,0,0,0.0,0.0,0,0,0.0,0
LGS2ORD0005877,C016797,2025-02-16 13:00:00,Male,59,Silver,TV,Bangkok,81,Shopee,COD,13,2,6,1,>50,2.7,0.0,0.0,0.0,-1,-1,0.0,0.0,0.0,0.0,0.0,0.0,0,0,0.0,0.0,0,0,0.0,0.0,0,0,0.0,0.0,0,0,0.0,1
LGS2ORD0005878,C017392,2025-02-16 13:00:00,Female,36,Bronze,Web,Khon Kaen,640,Web,Credit_Card,13,2,6,1,30-40,21.333333333333332,0.0,0.0,0.0,-1,-1,0.0,0.0,0.0,0.0,0.0,0.0,0,0,0.0,0.0,0,0,0.0,0.0,0,0,0.0,0.0,0,0,0.0,0
LGS2ORD0005879,C012082,2025-02-16 13:00:00,Female,23,Platinum,Shopee,Bangkok,1405,CallCenter,COD,13,2,6,1,20-30,46.833333333333336,0.0,0.0,0.0,-1,-1,0.0,0.0,0.0,0.0,0.0,0.0,0,0,0.0,0.0,0,0,0.0,0.0,0,0,0.0,0.0,0,0,0.0,0
LGS2ORD0005880,C015362,2025-02-16 13:00:00,Female,44,Bronze,Lazada,Bangkok,506,Lazada,Credit_Card,13,2,6,1,40-50,16.866666666666667,1.0,0.0,0.0,-1,10,893.87,0.03,0.0,0.0,0.0,0.0,0,0,0.0,893.87,1,0,0.0,893.87,1,0,0.0,893.87,1,0,0.0,0
LGS2ORD0005881,C010427,2025-02-16 14:00:00,Female,45,Bronze,Web,Chiang Mai,438,Shopee,PromptPay,14,2,6,1,40-50,14.6,0.0,0.0,0.0,-1,-1,0.0,0.0,0.0,0.0,0.0,0.0,0,0,0.0,0.0,0,0,0.0,0.0,0,0,0.0,0.0,0,0,0.0,0
LGS2ORD0005882,C017057,2025-02-16 14:00:00,Female,29,Gold,Web,Chonburi,775,Lazada,PromptPay,14,2,6,1,20-30,25.833333333333332,1.0,0.0,0.0,-1,34,8259.36,0.2299999999999999,0.0,1.0,0.0,0.0,0,0,0.0,0.0,0,0,0.0,8259.36,1,0,0.0,8259.36,1,0,0.0,0
LGS2ORD0005883,C013467,2025-02-16 14:00:00,Female,39,Silver,Web,Bangkok,1314,TV_Show,COD,14,2,6,1,30-40,43.8,2.0,1.0,0.5,-5,5,2354.4449999999997,0.25,1.0,0.5,0.0,3978.08,1,0,0.0,4708.889999999999,2,1,0.5,4708.889999999999,2,1,0.5,4708.889999999999,2,1,0.5,1
LGS2ORD0005884,C015340,2025-02-16 14:00:00,Female,42,Silver,TV,Chiang Mai,1137,Web,COD,14,2,6,1,40-50,37.9,0.0,0.0,0.0,-1,-1,0.0,0.0,0.0,0.0,0.0,0.0,0,0,0.0,0.0,0,0,0.0,0.0,0,0,0.0,0.0,0,0,0.0,0
LGS2ORD0005885,C012384,2025-02-16 14:00:00,Female,43,Silver,TV,Khon Kaen,289,TV_Show,Credit_Card,14,2,6,1,40-50,9.633333333333333,1.0,0.0,0.0,-1,44,7654.15,0.05,1.0,0.0,0.0,0.0,0,0,0.0,0.0,0,0,0.0,7654.15,1,0,0.0,7654.15,1,0,0.0,0
LGS2ORD0005886,C016538,2025-02-16 15:00:00,Other,42,Gold,Shopee,Khon Kaen,1311,Lazada,COD,15,2,6,1,40-50,43.7,2.0,0.0,0.0,-1,17,1273.9299999999998,0.13,0.0,0.0,0.0,0.0,0,0,0.0,2547.8599999999997,2,0,0.0,2547.8599999999997,2,0,0.0,2547.8599999999997,2,0,0.0,0
LGS2ORD0005887,C014610,2025-02-16 15:00:00,Male,40,Bronze,Lazada,Nakhon Ratchasima,733,TV_Show,Credit_Card,15,2,6,1,30-40,24.433333333333334,2.0,1.0,0.5,15,10,7129.505,0.03,1.0,0.0,0.0,0.0,0,0,0.0,14259.01,2,1,0.5,14259.01,2,1,0.5,14259.01,2,1,0.5,0
LGS2ORD0005888,C015017,2025-02-16 15:00:00,Male,50,Bronze,CallCenter,Remote_Area,184,Web,COD,15,2,6,1,40-50,6.133333333333334,1.0,0.0,0.0,-1,25,10986.43,0.03,0.0,0.0,0.0,0.0,0,0,0.0,10986.43,1,0,0.0,10986.43,1,0,0.0,10986.43,1,0,0.0,1
LGS2ORD0005889,C010393,2025-02-16 15:00:00,Male,51,Bronze,Web,Remote_Area,991,TV_Show,COD,15,2,6,1,>50,33.03333333333333,2.0,0.0,0.0,-1,4,1579.8449999999998,0.23,0.5,0.5,0.0,397.03,1,0,0.0,3159.6899999999996,2,0,0.0,3159.6899999999996,2,0,0.0,3159.6899999999996,2,0,0.0,0
LGS2ORD0005890,C017097,2025-02-16 15:00:00,Male,42,Silver,Shopee,Chiang Mai,282,CallCenter,COD,15,2,6,1,40-50,9.4,1.0,1.0,1.0,37,45,1644.96,0.05,1.0,0.0,0.0,0.0,0,0,0.0,0.0,0,0,0.0,1644.96,1,1,1.0,1644.96,1,1,1.0,0
LGS2ORD0005891,C014035,2025-02-16 15:00:00,Female,62,Platinum,Web,Chonburi,774,Shopee,Bank_Transfer,15,2,6,1,>50,25.8,0.0,0.0,0.0,-1,-1,0.0,0.0,0.0,0.0,0.0,0.0,0,0,0.0,0.0,0,0,0.0,0.0,0,0,0.0,0.0,0,0,0.0,0
LGS2ORD0005892,C017790,2025-02-16 16:00:00,Male,40,Gold,Web,Songkhla,606,Web,COD,16,2,6,1,30-40,20.2,1.0,0.0,0.0,-1,42,5967.53,0.08,0.0,0.0,0.0,0.0,0,0,0.0,0.0,0,0,0.0,5967.53,1,0,0.0,5967.53,1,0,0.0,0
LGS2ORD0005893,C014668,2025-02-16 16:00:00,Female,34,Bronze,Web,Chiang Mai,417,Lazada,COD,16,2,6,1,30-40,13.9,0.0,0.0,0.0,-1,-1,0.0,0.0,0.0,0.0,0.0,0.0,0,0,0.0,0.0,0,0,0.0,0.0,0,0,0.0,0.0,0,0,0.0,0
LGS2ORD0005894,C010302,2025-02-16 16:00:00,Female,35,Bronze,Shopee,Remote_Area,1270,CallCenter,COD,16,2,6,1,30-40,42.333333333333336,0.0,0.0,0.0,-1,-1,0.0,0.0,0.0,0.0,0.0,0.0,0,0,0.0,0.0,0,0,0.0,0.0,0,0,0.0,0.0,0,0,0.0,1
LGS2ORD0005895,C011069,2025-02-16 16:00:00,Female,47,Silver,Lazada,Phuket,390,Shopee,Credit_Card,16,2,6,1,40-50,13.0,0.0,0.0,0.0,-1,-1,0.0,0.0,0.0,0.0,0.0,0.0,0,0,0.0,0.0,0,0,0.0,0.0,0,0,0.0,0.0,0,0,0.0,0
LGS2ORD0005896,C012838,2025-02-16 16:00:00,Female,40,Silver,TV,Bangkok,126,TV_Show,PromptPay,16,2,6,1,30-40,4.2,0.0,0.0,0.0,-1,-1,0.0,0.0,0.0,0.0,0.0,0.0,0,0,0.0,0.0,0,0,0.0,0.0,0,0,0.0,0.0,0,0,0.0,0
LGS2ORD0005897,C016624,2025-02-16 17:00:00,Female,32,Gold,TV,Remote_Area,415,TV_Show,PromptPay,17,2,6,1,30-40,13.833333333333334,0.0,0.0,0.0,-1,-1,0.0,0.0,0.0,0.0,0.0,0.0,0,0,0.0,0.0,0,0,0.0,0.0,0,0,0.0,0.0,0,0,0.0,1
LGS2ORD0005898,C015197,2025-02-16 17:00:00,Female,48,Platinum,TV,Bangkok,840,Web,PromptPay,17,2,6,1,40-50,28.0,2.0,0.0,0.0,-1,0,2981.89,0.2,0.0,0.0,0.0,4700.86,1,0,0.0,4700.86,1,0,0.0,5963.78,2,0,0.0,5963.78,2,0,0.0,0
LGS2ORD0005899,C011087,2025-02-16 17:00:00,Female,50,Bronze,TV,Bangkok,869,Lazada,Credit_Card,17,2,6,1,40-50,28.966666666666665,1.0,0.0,0.0,-1,36,849.2,0.23,0.0,1.0,0.0,0.0,0,0,0.0,0.0,0,0,0.0,849.2,1,0,0.0,849.2,1,0,0.0,0
LGS2ORD0005900,C013131,2025-02-16 17:00:00,Female,55,Silver,TV,Chiang Mai,576,Web,PromptPay,17,2,6,1,>50,19.2,0.0,0.0,0.0,-1,-1,0.0,0.0,0.0,0.0,0.0,0.0,0,0,0.0,0.0,0,0,0.0,0.0,0,0,0.0,0.0,0,0,0.0,0
LGS2ORD0005901,C011936,2025-02-16 17:00:00,Male,58,Bronze,Web,Chiang Mai,799,CallCenter,Credit_Card,17,2,6,1,>50,26.633333333333333,0.0,0.0,0.0,-1,-1,0.0,0.0,0.0,0.0,0.0,0.0,0,0,0.0,0.0,0,0,0.0,0.0,0,0,0.0,0.0,0,0,0.0,0
LGS2ORD0005902,C014777,2025-02-16 18:00:00,Male,54,Silver,Lazada,Chiang Mai,876,TV_Show,COD,18,2,6,1,>50,29.2,0.0,0.0,0.0,-1,-1,0.0,0.0,0.0,0.0,0.0,0.0,0,0,0.0,0.0,0,0,0.0,0.0,0,0,0.0,0.0,0,0,0.0,0
LGS2ORD0005903,C013347,2025-02-16 18:00:00,Female,53,Bronze,TV,Khon Kaen,185,Shopee,COD,18,2,6,1,>50,6.166666666666667,0.0,0.0,0.0,-1,-1,0.0,0.0,0.0,0.0,0.0,0.0,0,0,0.0,0.0,0,0,0.0,0.0,0,0,0.0,0.0,0,0,0.0,0
LGS2ORD0005904,C014546,2025-02-16 18:00:00,Male,39,Bronze,Shopee,Khon Kaen,938,Lazada,COD,18,2,6,1,30-40,31.266666666666666,1.0,0.0,0.0,-1,5,20173.21,0.18,0.0,0.0,0.0,20173.21,1,0,0.0,20173.21,1,0,0.0,20173.21,1,0,0.0,20173.21,1,0,0.0,1
LGS2ORD0005905,C012284,2025-02-16 18:00:00,Female,35,Platinum,Web,Chonburi,435,TV_Show,COD,18,2,6,1,30-40,14.5,1.0,0.0,0.0,-1,35,704.88,0.15,0.0,0.0,0.0,0.0,0,0,0.0,0.0,0,0,0.0,704.88,1,0,0.0,704.88,1,0,0.0,0
LGS2ORD0005906,C014079,2025-02-16 18:00:00,Female,54,Bronze,Shopee,Remote_Area,1393,Lazada,COD,18,2,6,1,>50,46.43333333333333,0.0,0.0,0.0,-1,-1,0.0,0.0,0.0,0.0,0.0,0.0,0,0,0.0,0.0,0,0,0.0,0.0,0,0,0.0,0.0,0,0,0.0,0
LGS2ORD0005907,C010337,2025-02-16 19:00:00,Male,56,Bronze,TV,Chonburi,1300,Shopee,COD,19,2,6,1,>50,43.333333333333336,1.0,0.0,0.0,-1,8,1753.52,0.23,0.0,1.0,0.0,0.0,0,0,0.0,1753.52,1,0,0.0,1753.52,1,0,0.0,1753.52,1,0,0.0,1
LGS2ORD0005908,C014429,2025-02-16 19:00:00,Male,42,Silver,Web,Bangkok,103,TV_Show,PromptPay,19,2,6,1,40-50,3.433333333333333,0.0,0.0,0.0,-1,-1,0.0,0.0,0.0,0.0,0.0,0.0,0,0,0.0,0.0,0,0,0.0,0.0,0,0,0.0,0.0,0,0,0.0,0
LGS2ORD0005909,C010603,2025-02-16 19:00:00,Female,38,Bronze,CallCenter,Bangkok,958,TV_Show,Bank_Transfer,19,2,6,1,30-40,31.933333333333334,2.0,1.0,0.5,1,11,3654.275,0.23,0.5,0.5,0.0,0.0,0,0,0.0,7308.55,2,1,0.5,7308.55,2,1,0.5,7308.55,2,1,0.5,0
LGS2ORD0005910,C011323,2025-02-16 19:00:00,Male,36,Silver,Web,Nakhon Ratchasima,631,Web,Credit_Card,19,2,6,1,30-40,21.033333333333335,1.0,1.0,1.0,21,33,1384.51,0.15,1.0,0.0,0.0,0.0,0,0,0.0,0.0,0,0,0.0,1384.51,1,1,1.0,1384.51,1,1,1.0,0
LGS2ORD0005911,C017873,2025-02-16 19:00:00,Male,65,Gold,Shopee,Bangkok,867,Lazada,Credit_Card,19,2,6,1,>50,28.9,2.0,0.0,0.0,-1,0,12420.35,0.18,0.5,0.0,0.0,21325.93,1,0,0.0,24840.7,2,0,0.0,24840.7,2,0,0.0,24840.7,2,0,0.0,0
LGS2ORD0005912,C017392,2025-02-16 19:00:00,Female,36,Bronze,Web,Khon Kaen,640,Web,Credit_Card,19,2,6,1,30-40,21.333333333333332,1.0,0.0,0.0,-1,0,12025.22,0.03,0.0,0.0,0.0,12025.22,1,0,0.0,12025.22,1,0,0.0,12025.22,1,0,0.0,12025.22,1,0,0.0,1
LGS2ORD0005913,C011989,2025-02-16 20:00:00,Male,32,Bronze,TV,Phuket,1092,Lazada,Bank_Transfer,20,2,6,1,30-40,36.4,1.0,1.0,1.0,17,28,5262.72,0.18,1.0,0.0,0.0,0.0,0,0,0.0,5262.72,1,1,1.0,5262.72,1,1,1.0,5262.72,1,1,1.0,0
LGS2ORD0005914,C012677,2025-02-16 20:00:00,Female,20,Bronze,Shopee,Songkhla,1137,CallCenter,COD,20,2,6,1,<20,37.9,0.0,0.0,0.0,-1,-1,0.0,0.0,0.0,0.0,0.0,0.0,0,0,0.0,0.0,0,0,0.0,0.0,0,0,0.0,0.0,0,0,0.0,0
LGS2ORD0005915,C014279,2025-02-16 20:00:00,Female,52,Bronze,TV,Phuket,77,TV_Show,PromptPay,20,2,6,1,>50,2.566666666666667,0.0,0.0,0.0,-1,-1,0.0,0.0,0.0,0.0,0.0,0.0,0,0,0.0,0.0,0,0,0.0,0.0,0,0,0.0,0.0,0,0,0.0,0
LGS2ORD0005916,C014088,2025-02-16 20:00:00,Female,30,Silver,TV,Songkhla,427,CallCenter,Credit_Card,20,2,6,1,20-30,14.233333333333333,1.0,0.0,0.0,-1,14,1048.2,0.25,0.0,1.0,0.0,0.0,0,0,0.0,1048.2,1,0,0.0,1048.2,1,0,0.0,1048.2,1,0,0.0,0
LGS2ORD0005917,C015991,2025-02-16 20:00:00,Female,41,Silver,Shopee,Nakhon Ratchasima,405,Shopee,COD,20,2,6,1,40-50,13.5,2.0,0.0,0.0,-1,4,4456.945,0.25,0.5,0.5,0.0,5445.3,1,0,0.0,5445.3,1,0,0.0,8913.89,2,0,0.0,8913.89,2,0,0.0,0
LGS2ORD0005918,C015783,2025-02-16 21:00:00,Female,44,Gold,CallCenter,Chonburi,565,Shopee,Credit_Card,21,2,6,1,40-50,18.833333333333332,1.0,0.0,0.0,-1,5,4764.34,0.08,1.0,0.0,0.0,4764.34,1,0,0.0,4764.34,1,0,0.0,4764.34,1,0,0.0,4764.34,1,0,0.0,0
LGS2ORD0005919,C012712,2025-02-16 21:00:00,Female,47,Bronze,TV,Songkhla,631,TV_Show,Credit_Card,21,2,6,1,40-50,21.033333333333335,4.0,1.0,0.25,26,13,2948.77,0.18,0.5,0.0,0.0,0.0,0,0,0.0,3692.09,2,0,0.0,11795.08,4,1,0.25,11795.08,4,1,0.25,0
LGS2ORD0005920,C010912,2025-02-16 21:00:00,Male,40,Silver,Lazada,Khon Kaen,653,Lazada,Bank_Transfer,21,2,6,1,30-40,21.766666666666666,0.0,0.0,0.0,-1,-1,0.0,0.0,0.0,0.0,0.0,0.0,0,0,0.0,0.0,0,0,0.0,0.0,0,0,0.0,0.0,0,0,0.0,0
LGS2ORD0005921,C013407,2025-02-16 21:00:00,Male,54,Gold,Web,Chiang Mai,1050,TV_Show,COD,21,2,6,1,>50,35.0,0.0,0.0,0.0,-1,-1,0.0,0.0,0.0,0.0,0.0,0.0,0,0,0.0,0.0,0,0,0.0,0.0,0,0,0.0,0.0,0,0,0.0,0
LGS2ORD0005922,C016340,2025-02-16 21:00:00,Male,43,Silver,TV,Nakhon Ratchasima,705,Shopee,COD,21,2,6,1,40-50,23.5,1.0,0.0,0.0,-1,0,3379.19,0.2,1.0,0.0,0.0,3379.19,1,0,0.0,3379.19,1,0,0.0,3379.19,1,0,0.0,3379.19,1,0,0.0,0
LGS2ORD0005923,C013395,2025-02-16 22:00:00,Male,55,Bronze,Shopee,Phuket,682,CallCenter,COD,22,2,6,1,>50,22.733333333333334,0.0,0.0,0.0,-1,-1,0.0,0.0,0.0,0.0,0.0,0.0,0,0,0.0,0.0,0,0,0.0,0.0,0,0,0.0,0.0,0,0,0.0,1
LGS2ORD0005924,C011931,2025-02-16 22:00:00,Other,45,Silver,Web,Bangkok,1426,Shopee,COD,22,2,6,1,40-50,47.53333333333333,2.0,0.0,0.0,-1,4,3945.405,0.25,0.5,0.5,0.0,4302.31,1,0,0.0,7890.81,2,0,0.0,7890.81,2,0,0.0,7890.81,2,0,0.0,0
LGS2ORD0005925,C014622,2025-02-16 22:00:00,Male,49,Silver,Shopee,Remote_Area,1000,Web,Bank_Transfer,22,2,6,1,40-50,33.333333333333336,3.0,0.0,0.0,-1,14,1031.6366666666665,0.2,0.3333333333333333,0.0,0.0,0.0,0,0,0.0,3094.91,3,0,0.0,3094.91,3,0,0.0,3094.91,3,0,0.0,0
LGS2ORD0005926,C010077,2025-02-16 22:00:00,Other,46,Platinum,Web,Bangkok,1269,Shopee,COD,22,2,6,1,40-50,42.3,0.0,0.0,0.0,-1,-1,0.0,0.0,0.0,0.0,0.0,0.0,0,0,0.0,0.0,0,0,0.0,0.0,0,0,0.0,0.0,0,0,0.0,0
LGS2ORD0005927,C013675,2025-02-16 22:00:00,Female,31,Bronze,TV,Chonburi,160,Shopee,PromptPay,22,2,6,1,30-40,5.333333333333333,0.0,0.0,0.0,-1,-1,0.0,0.0,0.0,0.0,0.0,0.0,0,0,0.0,0.0,0,0,0.0,0.0,0,0,0.0,0.0,0,0,0.0,0
LGS2ORD0005928,C012348,2025-02-16 23:00:00,Female,36,Bronze,CallCenter,Bangkok,498,TV_Show,COD,23,2,6,1,30-40,16.6,1.0,0.0,0.0,-1,1,7545.98,0.18,1.0,0.0,0.0,7545.98,1,0,0.0,7545.98,1,0,0.0,7545.98,1,0,0.0,7545.98,1,0,0.0,0
LGS2ORD0005929,C012609,2025-02-16 23:00:00,Female,65,Gold,Shopee,Bangkok,598,Web,Credit_Card,23,2,6,1,>50,19.933333333333334,1.0,0.0,0.0,-1,19,6863.86,0.08,0.0,0.0,0.0,0.0,0,0,0.0,6863.86,1,0,0.0,6863.86,1,0,0.0,6863.86,1,0,0.0,0
LGS2ORD0005930,C015820,2025-02-16 23:00:00,Female,33,Platinum,Shopee,Songkhla,108,TV_Show,Bank_Transfer,23,2,6,1,30-40,3.6,3.0,0.0,0.0,-1,15,5083.923333333333,0.25,0.0,0.3333333333333333,0.0,0.0,0,0,0.0,714.19,1,0,0.0,15251.77,3,0,0.0,15251.77,3,0,0.0,1
LGS2ORD0005931,C012149,2025-02-16 23:00:00,Male,52,Gold,Lazada,Bangkok,737,Shopee,PromptPay,23,2,6,1,>50,24.566666666666666,1.0,1.0,1.0,1,12,1052.79,0.33,0.0,1.0,0.0,0.0,0,0,0.0,1052.79,1,1,1.0,1052.79,1,1,1.0,1052.79,1,1,1.0,1
LGS2ORD0005932,C016947,2025-02-16 23:00:00,Female,39,Bronze,CallCenter,Bangkok,1018,TV_Show,Credit_Card,23,2,6,1,30-40,33.93333333333333,2.0,0.0,0.0,-1,19,2554.835,0.18,0.5,0.0,0.0,0.0,0,0,0.0,3367.39,1,0,0.0,5109.67,2,0,0.0,5109.67,2,0,0.0,1
LGS2ORD0005933,C014523,2025-02-16 23:00:00,Male,50,Silver,TV,Remote_Area,83,Shopee,PromptPay,23,2,6,1,40-50,2.7666666666666666,0.0,0.0,0.0,-1,-1,0.0,0.0,0.0,0.0,0.0,0.0,0,0,0.0,0.0,0,0,0.0,0.0,0,0,0.0,0.0,0,0,0.0,0
LGS2ORD0005934,C014711,2025-02-17 00:00:00,Female,49,Silver,Web,Songkhla,681,Web,Credit_Card,0,2,0,0,40-50,22.7,0.0,0.0,0.0,-1,-1,0.0,0.0,0.0,0.0,0.0,0.0,0,0,0.0,0.0,0,0,0.0,0.0,0,0,0.0,0.0,0,0,0.0,0
LGS2ORD0005935,C014087,2025-02-17 00:00:00,Female,69,Bronze,TV,Phuket,416,Web,COD,0,2,0,0,>50,13.866666666666667,2.0,1.0,0.5,0,16,7601.764999999999,0.13,1.0,0.0,0.0,0.0,0,0,0.0,15203.529999999999,2,1,0.5,15203.529999999999,2,1,0.5,15203.529999999999,2,1,0.5,0
LGS2ORD0005936,C015293,2025-02-17 00:00:00,Female,61,Silver,CallCenter,Nakhon Ratchasima,399,Web,COD,0,2,0,0,>50,13.3,0.0,0.0,0.0,-1,-1,0.0,0.0,0.0,0.0,0.0,0.0,0,0,0.0,0.0,0,0,0.0,0.0,0,0,0.0,0.0,0,0,0.0,1
LGS2ORD0005937,C011065,2025-02-17 00:00:00,Male,35,Platinum,Web,Chiang Mai,841,Shopee,COD,0,2,0,0,30-40,28.033333333333335,1.0,0.0,0.0,-1,18,13557.04,0.15,0.0,0.0,0.0,0.0,0,0,0.0,13557.04,1,0,0.0,13557.04,1,0,0.0,13557.04,1,0,0.0,0
LGS2ORD0005938,C017884,2025-02-17 00:00:00,Female,58,Gold,Shopee,Bangkok,1194,Shopee,COD,0,2,0,0,>50,39.8,0.0,0.0,0.0,-1,-1,0.0,0.0,0.0,0.0,0.0,0.0,0,0,0.0,0.0,0,0,0.0,0.0,0,0,0.0,0.0,0,0,0.0,0
LGS2ORD0005939,C010262,2025-02-17 01:00:00,Female,49,Bronze,TV,Chiang Mai,709,Lazada,COD,1,2,0,0,40-50,23.633333333333333,1.0,0.0,0.0,-1,1,1424.26,0.18,0.0,0.0,0.0,1424.26,1,0,0.0,1424.26,1,0,0.0,1424.26,1,0,0.0,1424.26,1,0,0.0,0
LGS2ORD0005940,C015187,2025-02-17 01:00:00,Male,41,Silver,Web,Nakhon Ratchasima,990,CallCenter,Bank_Transfer,1,2,0,0,40-50,33.0,1.0,0.0,0.0,-1,43,3067.21,0.05,0.0,0.0,0.0,0.0,0,0,0.0,0.0,0,0,0.0,3067.21,1,0,0.0,3067.21,1,0,0.0,0
LGS2ORD0005941,C010407,2025-02-17 01:00:00,Other,43,Gold,TV,Phuket,784,CallCenter,Bank_Transfer,1,2,0,0,40-50,26.133333333333333,0.0,0.0,0.0,-1,-1,0.0,0.0,0.0,0.0,0.0,0.0,0,0,0.0,0.0,0,0,0.0,0.0,0,0,0.0,0.0,0,0,0.0,0
LGS2ORD0005942,C015798,2025-02-17 01:00:00,Female,18,Bronze,Shopee,Bangkok,695,CallCenter,COD,1,2,0,0,<20,23.166666666666668,1.0,0.0,0.0,-1,35,5504.89,0.03,0.0,0.0,0.0,0.0,0,0,0.0,0.0,0,0,0.0,5504.89,1,0,0.0,5504.89,1,0,0.0,0
LGS2ORD0005943,C011058,2025-02-17 01:00:00,Male,32,Bronze,Web,Phuket,442,Shopee,Credit_Card,1,2,0,0,30-40,14.733333333333333,0.0,0.0,0.0,-1,-1,0.0,0.0,0.0,0.0,0.0,0.0,0,0,0.0,0.0,0,0,0.0,0.0,0,0,0.0,0.0,0,0,0.0,0
LGS2ORD0005944,C017069,2025-02-17 02:00:00,Female,35,Silver,TV,Chonburi,369,Shopee,COD,2,2,0,0,30-40,12.3,0.0,0.0,0.0,-1,-1,0.0,0.0,0.0,0.0,0.0,0.0,0,0,0.0,0.0,0,0,0.0,0.0,0,0,0.0,0.0,0,0,0.0,0
LGS2ORD0005945,C010231,2025-02-17 02:00:00,Female,57,Silver,TV,Songkhla,428,Lazada,Bank_Transfer,2,2,0,0,>50,14.266666666666667,2.0,1.0,0.5,5,13,2376.795,0.25,0.5,0.5,0.0,0.0,0,0,0.0,4753.59,2,1,0.5,4753.59,2,1,0.5,4753.59,2,1,0.5,0
LGS2ORD0005946,C017501,2025-02-17 02:00:00,Female,48,Gold,Web,Phuket,869,TV_Show,Credit_Card,2,2,0,0,40-50,28.966666666666665,1.0,1.0,1.0,0,9,3984.61,0.33,0.0,1.0,0.0,0.0,0,0,0.0,3984.61,1,1,1.0,3984.61,1,1,1.0,3984.61,1,1,1.0,0
LGS2ORD0005947,C010599,2025-02-17 02:00:00,Male,39,Silver,Web,Bangkok,74,Web,COD,2,2,0,0,30-40,2.466666666666667,3.0,0.0,0.0,-1,7,3464.8033333333333,0.3,0.3333333333333333,0.3333333333333333,0.0,0.0,0,0,0.0,8955.279999999999,2,0,0.0,10394.41,3,0,0.0,10394.41,3,0,0.0,0
LGS2ORD0005948,C011990,2025-02-17 02:00:00,Female,51,Bronze,TV,Songkhla,663,CallCenter,PromptPay,2,2,0,0,>50,22.1,0.0,0.0,0.0,-1,-1,0.0,0.0,0.0,0.0,0.0,0.0,0,0,0.0,0.0,0,0,0.0,0.0,0,0,0.0,0.0,0,0,0.0,0
LGS2ORD0005949,C015014,2025-02-17 02:00:00,Female,35,Bronze,Shopee,Bangkok,588,Shopee,Credit_Card,2,2,0,0,30-40,19.6,1.0,0.0,0.0,-1,15,5514.42,0.23,0.0,1.0,0.0,0.0,0,0,0.0,5514.42,1,0,0.0,5514.42,1,0,0.0,5514.42,1,0,0.0,1
LGS2ORD0005950,C011246,2025-02-17 03:00:00,Male,60,Silver,TV,Bangkok,1194,CallCenter,COD,3,2,0,0,>50,39.8,0.0,0.0,0.0,-1,-1,0.0,0.0,0.0,0.0,0.0,0.0,0,0,0.0,0.0,0,0,0.0,0.0,0,0,0.0,0.0,0,0,0.0,1
LGS2ORD0005951,C010914,2025-02-17 03:00:00,Female,36,Silver,Shopee,Khon Kaen,156,CallCenter,Credit_Card,3,2,0,0,30-40,5.2,0.0,0.0,0.0,-1,-1,0.0,0.0,0.0,0.0,0.0,0.0,0,0,0.0,0.0,0,0,0.0,0.0,0,0,0.0,0.0,0,0,0.0,0
LGS2ORD0005952,C015629,2025-02-17 03:00:00,Female,18,Bronze,Web,Bangkok,112,Web,PromptPay,3,2,0,0,<20,3.7333333333333334,0.0,0.0,0.0,-1,-1,0.0,0.0,0.0,0.0,0.0,0.0,0,0,0.0,0.0,0,0,0.0,0.0,0,0,0.0,0.0,0,0,0.0,0
LGS2ORD0005953,C017415,2025-02-17 03:00:00,Female,58,Bronze,Shopee,Songkhla,1394,CallCenter,COD,3,2,0,0,>50,46.46666666666667,1.0,0.0,0.0,-1,22,2334.54,0.03,0.0,0.0,0.0,0.0,0,0,0.0,2334.54,1,0,0.0,2334.54,1,0,0.0,2334.54,1,0,0.0,0
LGS2ORD0005954,C014711,2025-02-17 03:00:00,Female,49,Silver,Web,Songkhla,681,Web,COD,3,2,0,0,40-50,22.7,1.0,0.0,0.0,-1,0,3863.17,0.2,0.0,0.0,0.0,3863.17,1,0,0.0,3863.17,1,0,0.0,3863.17,1,0,0.0,3863.17,1,0,0.0,1
LGS2ORD0005955,C017992,2025-02-17 04:00:00,Male,67,Bronze,Web,Songkhla,1239,Shopee,Bank_Transfer,4,2,0,0,>50,41.3,2.0,1.0,0.5,-8,1,784.8900000000001,0.23,1.0,0.5,0.0,1373.66,1,1,1.0,1569.7800000000002,2,1,0.5,1569.7800000000002,2,1,0.5,1569.7800000000002,2,1,0.5,1
LGS2ORD0005956,C016045,2025-02-17 04:00:00,Female,48,Silver,CallCenter,Chonburi,471,Lazada,PromptPay,4,2,0,0,40-50,15.7,0.0,0.0,0.0,-1,-1,0.0,0.0,0.0,0.0,0.0,0.0,0,0,0.0,0.0,0,0,0.0,0.0,0,0,0.0,0.0,0,0,0.0,0
LGS2ORD0005957,C015329,2025-02-17 04:00:00,Male,52,Bronze,Shopee,Phuket,348,Web,COD,4,2,0,0,>50,11.6,0.0,0.0,0.0,-1,-1,0.0,0.0,0.0,0.0,0.0,0.0,0,0,0.0,0.0,0,0,0.0,0.0,0,0,0.0,0.0,0,0,0.0,1
LGS2ORD0005958,C015234,2025-02-17 04:00:00,Female,42,Bronze,TV,Chonburi,386,CallCenter,COD,4,2,0,0,40-50,12.866666666666667,4.0,0.0,0.0,-1,3,3493.4625,0.28,0.5,0.5,0.0,933.31,1,0,0.0,3839.16,2,0,0.0,13973.85,4,0,0.0,13973.85,4,0,0.0,1
LGS2ORD0005959,C010520,2025-02-17 04:00:00,Female,31,Gold,TV,Nakhon Ratchasima,1281,Web,Credit_Card,4,2,0,0,30-40,42.7,1.0,0.0,0.0,-1,0,699.21,0.28,1.0,1.0,0.0,699.21,1,0,0.0,699.21,1,0,0.0,699.21,1,0,0.0,699.21,1,0,0.0,0
LGS2ORD0005960,C017337,2025-02-17 05:00:00,Female,39,Platinum,Shopee,Nakhon Ratchasima,538,Shopee,Bank_Transfer,5,2,0,0,30-40,17.933333333333334,0.0,0.0,0.0,-1,-1,0.0,0.0,0.0,0.0,0.0,0.0,0,0,0.0,0.0,0,0,0.0,0.0,0,0,0.0,0.0,0,0,0.0,0
LGS2ORD0005961,C017776,2025-02-17 05:00:00,Female,36,Silver,Web,Bangkok,271,CallCenter,COD,5,2,0,0,30-40,9.033333333333333,1.0,0.0,0.0,-1,20,2335.48,0.2,0.0,0.0,0.0,0.0,0,0,0.0,2335.48,1,0,0.0,2335.48,1,0,0.0,2335.48,1,0,0.0,1
LGS2ORD0005962,C010863,2025-02-17 05:00:00,Female,35,Bronze,Shopee,Remote_Area,1262,CallCenter,Credit_Card,5,2,0,0,30-40,42.06666666666667,1.0,0.0,0.0,-1,21,4987.3,0.18,1.0,0.0,0.0,0.0,0,0,0.0,4987.3,1,0,0.0,4987.3,1,0,0.0,4987.3,1,0,0.0,0
LGS2ORD0005963,C017569,2025-02-17 05:00:00,Male,53,Silver,TV,Chonburi,641,Lazada,COD,5,2,0,0,>50,21.366666666666667,0.0,0.0,0.0,-1,-1,0.0,0.0,0.0,0.0,0.0,0.0,0,0,0.0,0.0,0,0,0.0,0.0,0,0,0.0,0.0,0,0,0.0,0
LGS2ORD0005964,C016984,2025-02-17 05:00:00,Male,24,Gold,Web,Khon Kaen,794,TV_Show,PromptPay,5,2,0,0,20-30,26.466666666666665,1.0,1.0,1.0,25,39,1180.78,0.33,1.0,1.0,0.0,0.0,0,0,0.0,0.0,0,0,0.0,1180.78,1,1,1.0,1180.78,1,1,1.0,1
LGS2ORD0005965,C013267,2025-02-17 06:00:00,Female,34,Silver,Shopee,Remote_Area,292,TV_Show,COD,6,2,0,0,30-40,9.733333333333333,1.0,0.0,0.0,-1,21,611.91,0.2,1.0,0.0,0.0,0.0,0,0,0.0,611.91,1,0,0.0,611.91,1,0,0.0,611.91,1,0,0.0,1
LGS2ORD0005966,C012494,2025-02-17 06:00:00,Male,56,Bronze,Web,Songkhla,1393,TV_Show,COD,6,2,0,0,>50,46.43333333333333,2.0,1.0,0.5,20,8,1922.2199999999998,0.28,0.5,0.5,0.0,0.0,0,0,0.0,3844.4399999999996,2,1,0.5,3844.4399999999996,2,1,0.5,3844.4399999999996,2,1,0.5,1
LGS2ORD0005967,C013561,2025-02-17 06:00:00,Male,47,Platinum,Web,Chiang Mai,1279,Web,Credit_Card,6,2,0,0,40-50,42.63333333333333,0.0,0.0,0.0,-1,-1,0.0,0.0,0.0,0.0,0.0,0.0,0,0,0.0,0.0,0,0,0.0,0.0,0,0,0.0,0.0,0,0,0.0,0
LGS2ORD0005968,C013071,2025-02-17 06:00:00,Male,23,Bronze,Lazada,Khon Kaen,1029,Lazada,Credit_Card,6,2,0,0,20-30,34.3,1.0,1.0,1.0,0,12,3364.85,0.28,1.0,1.0,0.0,0.0,0,0,0.0,3364.85,1,1,1.0,3364.85,1,1,1.0,3364.85,1,1,1.0,0
LGS2ORD0005969,C016266,2025-02-17 06:00:00,Male,51,Silver,Web,Bangkok,195,Shopee,Bank_Transfer,6,2,0,0,>50,6.5,0.0,0.0,0.0,-1,-1,0.0,0.0,0.0,0.0,0.0,0.0,0,0,0.0,0.0,0,0,0.0,0.0,0,0,0.0,0.0,0,0,0.0,0
LGS2ORD0005970,C016209,2025-02-17 06:00:00,Female,32,Bronze,Lazada,Nakhon Ratchasima,1254,Shopee,COD,6,2,0,0,30-40,41.8,0.0,0.0,0.0,-1,-1,0.0,0.0,0.0,0.0,0.0,0.0,0,0,0.0,0.0,0,0,0.0,0.0,0,0,0.0,0.0,0,0,0.0,1
LGS2ORD0005971,C012806,2025-02-17 07:00:00,Male,56,Gold,Shopee,Bangkok,1234,TV_Show,Credit_Card,7,2,0,0,>50,41.13333333333333,1.0,0.0,0.0,-1,39,751.37,0.33,0.0,1.0,0.0,0.0,0,0,0.0,0.0,0,0,0.0,751.37,1,0,0.0,751.37,1,0,0.0,0
LGS2ORD0005972,C014427,2025-02-17 07:00:00,Male,48,Gold,Lazada,Bangkok,65,CallCenter,COD,7,2,0,0,40-50,2.1666666666666665,1.0,0.0,0.0,-1,39,11855.45,0.18,0.0,0.0,0.0,0.0,0,0,0.0,0.0,0,0,0.0,11855.45,1,0,0.0,11855.45,1,0,0.0,0
LGS2ORD0005973,C017430,2025-02-17 07:00:00,Female,51,Silver,CallCenter,Remote_Area,1071,Web,COD,7,2,0,0,>50,35.7,1.0,0.0,0.0,-1,39,3087.28,0.05,1.0,0.0,0.0,0.0,0,0,0.0,0.0,0,0,0.0,3087.28,1,0,0.0,3087.28,1,0,0.0,1
LGS2ORD0005974,C012823,2025-02-17 07:00:00,Female,56,Bronze,Web,Phuket,1264,Web,COD,7,2,0,0,>50,42.13333333333333,0.0,0.0,0.0,-1,-1,0.0,0.0,0.0,0.0,0.0,0.0,0,0,0.0,0.0,0,0,0.0,0.0,0,0,0.0,0.0,0,0,0.0,1
LGS2ORD0005975,C017259,2025-02-17 07:00:00,Male,57,Bronze,Shopee,Khon Kaen,485,Shopee,COD,7,2,0,0,>50,16.166666666666668,0.0,0.0,0.0,-1,-1,0.0,0.0,0.0,0.0,0.0,0.0,0,0,0.0,0.0,0,0,0.0,0.0,0,0,0.0,0.0,0,0,0.0,0
LGS2ORD0005976,C015272,2025-02-17 08:00:00,Female,39,Bronze,TV,Khon Kaen,685,TV_Show,Credit_Card,8,2,0,0,30-40,22.833333333333332,1.0,0.0,0.0,-1,46,1117.93,0.08,0.0,0.0,0.0,0.0,0,0,0.0,0.0,0,0,0.0,1117.93,1,0,0.0,1117.93,1,0,0.0,0
LGS2ORD0005977,C014052,2025-02-17 08:00:00,Male,38,Bronze,Web,Nakhon Ratchasima,721,TV_Show,PromptPay,8,2,0,0,30-40,24.033333333333335,1.0,0.0,0.0,-1,10,2964.78,0.28,1.0,1.0,0.0,0.0,0,0,0.0,2964.78,1,0,0.0,2964.78,1,0,0.0,2964.78,1,0,0.0,0
LGS2ORD0005978,C012008,2025-02-17 08:00:00,Female,36,Silver,CallCenter,Khon Kaen,850,Web,Credit_Card,8,2,0,0,30-40,28.333333333333332,1.0,0.0,0.0,-1,5,1054.09,0.05,0.0,0.0,0.0,1054.09,1,0,0.0,1054.09,1,0,0.0,1054.09,1,0,0.0,1054.09,1,0,0.0,0
LGS2ORD0005979,C017945,2025-02-17 08:00:00,Male,38,Platinum,Shopee,Khon Kaen,308,Shopee,COD,8,2,0,0,30-40,10.266666666666667,2.0,0.0,0.0,-1,17,7728.115000000001,0.15,1.0,0.0,0.0,0.0,0,0,0.0,3441.53,1,0,0.0,15456.230000000001,2,0,0.0,15456.230000000001,2,0,0.0,0
LGS2ORD0005980,C010113,2025-02-17 08:00:00,Female,52,Bronze,Lazada,Remote_Area,1416,TV_Show,Credit_Card,8,2,0,0,>50,47.2,0.0,0.0,0.0,-1,-1,0.0,0.0,0.0,0.0,0.0,0.0,0,0,0.0,0.0,0,0,0.0,0.0,0,0,0.0,0.0,0,0,0.0,0
LGS2ORD0005981,C015515,2025-02-17 09:00:00,Male,58,Bronze,TV,Phuket,1182,CallCenter,Credit_Card,9,2,0,0,>50,39.4,0.0,0.0,0.0,-1,-1,0.0,0.0,0.0,0.0,0.0,0.0,0,0,0.0,0.0,0,0,0.0,0.0,0,0,0.0,0.0,0,0,0.0,0
LGS2ORD0005982,C017927,2025-02-17 09:00:00,Male,46,Bronze,Lazada,Bangkok,783,TV_Show,PromptPay,9,2,0,0,40-50,26.1,0.0,0.0,0.0,-1,-1,0.0,0.0,0.0,0.0,0.0,0.0,0,0,0.0,0.0,0,0,0.0,0.0,0,0,0.0,0.0,0,0,0.0,0
LGS2ORD0005983,C011485,2025-02-17 09:00:00,Male,37,Gold,Lazada,Nakhon Ratchasima,447,Shopee,COD,9,2,0,0,30-40,14.9,1.0,0.0,0.0,-1,34,4834.24,0.08,0.0,0.0,0.0,0.0,0,0,0.0,0.0,0,0,0.0,4834.24,1,0,0.0,4834.24,1,0,0.0,0
LGS2ORD0005984,C016177,2025-02-17 09:00:00,Female,59,Gold,CallCenter,Chonburi,1205,Lazada,COD,9,2,0,0,>50,40.166666666666664,2.0,0.0,0.0,-1,2,2425.2,0.28,0.5,0.5,0.0,2083.45,1,0,0.0,4850.4,2,0,0.0,4850.4,2,0,0.0,4850.4,2,0,0.0,0
LGS2ORD0005985,C013652,2025-02-17 09:00:00,Other,34,Silver,Web,Chonburi,674,CallCenter,COD,9,2,0,0,30-40,22.466666666666665,1.0,1.0,1.0,23,30,1816.15,0.2,1.0,0.0,0.0,0.0,0,0,0.0,0.0,0,0,0.0,1816.15,1,1,1.0,1816.15,1,1,1.0,0
LGS2ORD0005986,C013762,2025-02-17 10:00:00,Male,29,Silver,TV,Remote_Area,1425,Web,PromptPay,10,2,0,0,20-30,47.5,1.0,0.0,0.0,-1,12,6989.43,0.15,1.0,0.0,0.0,0.0,0,0,0.0,6989.43,1,0,0.0,6989.43,1,0,0.0,6989.43,1,0,0.0,1
LGS2ORD0005987,C012742,2025-02-17 10:00:00,Female,48,Gold,Web,Chiang Mai,1003,TV_Show,PromptPay,10,2,0,0,40-50,33.43333333333333,0.0,0.0,0.0,-1,-1,0.0,0.0,0.0,0.0,0.0,0.0,0,0,0.0,0.0,0,0,0.0,0.0,0,0,0.0,0.0,0,0,0.0,0
LGS2ORD0005988,C017277,2025-02-17 10:00:00,Female,59,Bronze,Web,Khon Kaen,259,Web,Credit_Card,10,2,0,0,>50,8.633333333333333,1.0,0.0,0.0,-1,25,3590.26,0.13,1.0,0.0,0.0,0.0,0,0,0.0,3590.26,1,0,0.0,3590.26,1,0,0.0,3590.26,1,0,0.0,0
LGS2ORD0005989,C012030,2025-02-17 10:00:00,Male,52,Bronze,TV,Bangkok,129,Lazada,Credit_Card,10,2,0,0,>50,4.3,0.0,0.0,0.0,-1,-1,0.0,0.0,0.0,0.0,0.0,0.0,0,0,0.0,0.0,0,0,0.0,0.0,0,0,0.0,0.0,0,0,0.0,0
LGS2ORD0005990,C017743,2025-02-17 10:00:00,Female,55,Silver,Web,Chiang Mai,1234,CallCenter,Credit_Card,10,2,0,0,>50,41.13333333333333,1.0,0.0,0.0,-1,4,5252.37,0.2,1.0,0.0,0.0,5252.37,1,0,0.0,5252.37,1,0,0.0,5252.37,1,0,0.0,5252.37,1,0,0.0,1
LGS2ORD0005991,C017801,2025-02-17 10:00:00,Female,50,Bronze,Shopee,Phuket,396,Shopee,PromptPay,10,2,0,0,40-50,13.2,3.0,1.0,0.3333333333333333,7,19,3207.35,0.18,0.6666666666666666,0.0,0.0,0.0,0,0,0.0,5895.12,1,1,1.0,9622.05,3,1,0.3333333333333333,9622.05,3,1,0.3333333333333333,0
LGS2ORD0005992,C014856,2025-02-17 11:00:00,Male,36,Silver,TV,Nakhon Ratchasima,1090,TV_Show,COD,11,2,0,0,30-40,36.333333333333336,0.0,0.0,0.0,-1,-1,0.0,0.0,0.0,0.0,0.0,0.0,0,0,0.0,0.0,0,0,0.0,0.0,0,0,0.0,0.0,0,0,0.0,0
LGS2ORD0005993,C012808,2025-02-17 11:00:00,Male,34,Bronze,Shopee,Songkhla,919,Web,COD,11,2,0,0,30-40,30.633333333333333,0.0,0.0,0.0,-1,-1,0.0,0.0,0.0,0.0,0.0,0.0,0,0,0.0,0.0,0,0,0.0,0.0,0,0,0.0,0.0,0,0,0.0,1
LGS2ORD0005994,C017678,2025-02-17 11:00:00,Male,18,Bronze,Shopee,Remote_Area,1144,CallCenter,Credit_Card,11,2,0,0,<20,38.13333333333333,2.0,0.0,0.0,-1,7,3258.905,0.08,0.5,0.0,0.0,4503.64,1,0,0.0,6517.81,2,0,0.0,6517.81,2,0,0.0,6517.81,2,0,0.0,0
LGS2ORD0005995,C011169,2025-02-17 11:00:00,Female,53,Bronze,TV,Chiang Mai,664,Shopee,Credit_Card,11,2,0,0,>50,22.133333333333333,1.0,0.0,0.0,-1,3,1680.08,0.18,1.0,0.0,0.0,1680.08,1,0,0.0,1680.08,1,0,0.0,1680.08,1,0,0.0,1680.08,1,0,0.0,0
LGS2ORD0005996,C017659,2025-02-17 11:00:00,Male,45,Gold,TV,Bangkok,300,Lazada,COD,11,2,0,0,40-50,10.0,0.0,0.0,0.0,-1,-1,0.0,0.0,0.0,0.0,0.0,0.0,0,0,0.0,0.0,0,0,0.0,0.0,0,0,0.0,0.0,0,0,0.0,1
LGS2ORD0005997,C017312,2025-02-17 12:00:00,Female,25,Silver,CallCenter,Bangkok,790,TV_Show,PromptPay,12,2,0,0,20-30,26.333333333333332,1.0,0.0,0.0,-1,10,9728.44,0.15,0.0,0.0,0.0,0.0,0,0,0.0,9728.44,1,0,0.0,9728.44,1,0,0.0,9728.44,1,0,0.0,0
LGS2ORD0005998,C011540,2025-02-17 12:00:00,Female,27,Silver,Web,Bangkok,448,TV_Show,PromptPay,12,2,0,0,20-30,14.933333333333334,0.0,0.0,0.0,-1,-1,0.0,0.0,0.0,0.0,0.0,0.0,0,0,0.0,0.0,0,0,0.0,0.0,0,0,0.0,0.0,0,0,0.0,0
LGS2ORD0005999,C014939,2025-02-17 12:00:00,Male,26,Bronze,Shopee,Bangkok,1357,TV_Show,COD,12,2,0,0,20-30,45.233333333333334,0.0,0.0,0.0,-1,-1,0.0,0.0,0.0,0.0,0.0,0.0,0,0,0.0,0.0,0,0,0.0,0.0,0,0,0.0,0.0,0,0,0.0,1
LGS2ORD0006000,C012089,2025-02-17 12:00:00,Female,26,Bronze,Web,Chonburi,361,Lazada,COD,12,2,0,0,20-30,12.033333333333333,1.0,0.0,0.0,-1,20,2375.82,0.03,1.0,0.0,0.0,0.0,0,0,0.0,2375.82,1,0,0.0,2375.82,1,0,0.0,2375.82,1,0,0.0,1
LGS2ORD0006001,C013637,2025-02-17 12:00:00,Female,42,Silver,Lazada,Remote_Area,1175,Web,Bank_Transfer,12,2,0,0,40-50,39.166666666666664,0.0,0.0,0.0,-1,-1,0.0,0.0,0.0,0.0,0.0,0.0,0,0,0.0,0.0,0,0,0.0,0.0,0,0,0.0,0.0,0,0,0.0,0
LGS2ORD0006002,C016002,2025-02-17 13:00:00,Female,35,Silver,Lazada,Nakhon Ratchasima,829,Shopee,COD,13,2,0,0,30-40,27.633333333333333,1.0,0.0,0.0,-1,2,1500.57,0.3,1.0,1.0,0.0,1500.57,1,0,0.0,1500.57,1,0,0.0,1500.57,1,0,0.0,1500.57,1,0,0.0,1
LGS2ORD0006003,C010572,2025-02-17 13:00:00,Female,18,Silver,Web,Bangkok,606,Lazada,COD,13,2,0,0,<20,20.2,0.0,0.0,0.0,-1,-1,0.0,0.0,0.0,0.0,0.0,0.0,0,0,0.0,0.0,0,0,0.0,0.0,0,0,0.0,0.0,0,0,0.0,0
LGS2ORD0006004,C013353,2025-02-17 13:00:00,Male,46,Bronze,CallCenter,Khon Kaen,1374,Lazada,COD,13,2,0,0,40-50,45.8,0.0,0.0,0.0,-1,-1,0.0,0.0,0.0,0.0,0.0,0.0,0,0,0.0,0.0,0,0,0.0,0.0,0,0,0.0,0.0,0,0,0.0,0
LGS2ORD0006005,C012212,2025-02-17 13:00:00,Male,35,Silver,Web,Chiang Mai,985,Lazada,COD,13,2,0,0,30-40,32.833333333333336,0.0,0.0,0.0,-1,-1,0.0,0.0,0.0,0.0,0.0,0.0,0,0,0.0,0.0,0,0,0.0,0.0,0,0,0.0,0.0,0,0,0.0,0
LGS2ORD0006006,C011997,2025-02-17 13:00:00,Male,50,Silver,TV,Khon Kaen,809,Web,COD,13,2,0,0,40-50,26.966666666666665,1.0,1.0,1.0,19,26,18266.88,0.05,0.0,0.0,0.0,0.0,0,0,0.0,18266.88,1,1,1.0,18266.88,1,1,1.0,18266.88,1,1,1.0,0
LGS2ORD0006007,C011384,2025-02-17 14:00:00,Female,52,Platinum,Web,Nakhon Ratchasima,1237,TV_Show,PromptPay,14,2,0,0,>50,41.233333333333334,1.0,0.0,0.0,-1,42,1657.07,0.1,0.0,0.0,0.0,0.0,0,0,0.0,0.0,0,0,0.0,1657.07,1,0,0.0,1657.07,1,0,0.0,0
LGS2ORD0006008,C011439,2025-02-17 14:00:00,Female,45,Silver,TV,Bangkok,1244,TV_Show,PromptPay,14,2,0,0,40-50,41.46666666666667,1.0,1.0,1.0,12,26,6685.53,0.05,1.0,0.0,0.0,0.0,0,0,0.0,6685.53,1,1,1.0,6685.53,1,1,1.0,6685.53,1,1,1.0,1
LGS2ORD0006009,C012890,2025-02-17 14:00:00,Male,41,Silver,Shopee,Khon Kaen,223,CallCenter,PromptPay,14,2,0,0,40-50,7.433333333333334,0.0,0.0,0.0,-1,-1,0.0,0.0,0.0,0.0,0.0,0.0,0,0,0.0,0.0,0,0,0.0,0.0,0,0,0.0,0.0,0,0,0.0,0
LGS2ORD0006010,C014173,2025-02-17 14:00:00,Female,57,Silver,CallCenter,Khon Kaen,1006,Shopee,COD,14,2,0,0,>50,33.53333333333333,1.0,0.0,0.0,-1,46,9337.29,0.2,1.0,0.0,0.0,0.0,0,0,0.0,0.0,0,0,0.0,9337.29,1,0,0.0,9337.29,1,0,0.0,0
LGS2ORD0006011,C014282,2025-02-17 14:00:00,Male,48,Gold,Shopee,Remote_Area,855,CallCenter,Credit_Card,14,2,0,0,40-50,28.5,0.0,0.0,0.0,-1,-1,0.0,0.0,0.0,0.0,0.0,0.0,0,0,0.0,0.0,0,0,0.0,0.0,0,0,0.0,0.0,0,0,0.0,0
LGS2ORD0006012,C016759,2025-02-17 14:00:00,Female,38,Silver,Shopee,Chonburi,1156,Web,COD,14,2,0,0,30-40,38.53333333333333,2.0,1.0,0.5,34,43,2864.165,0.2,0.0,0.0,0.0,0.0,0,0,0.0,0.0,0,0,0.0,5728.33,2,1,0.5,5728.33,2,1,0.5,1
LGS2ORD0006013,C017678,2025-02-17 15:00:00,Male,18,Bronze,Shopee,Remote_Area,1144,TV_Show,Credit_Card,15,2,0,0,<20,38.13333333333333,3.0,0.0,0.0,-1,0,2998.4900000000002,0.18,0.3333333333333333,0.0,0.0,2477.66,1,0,0.0,8995.470000000001,3,0,0.0,8995.470000000001,3,0,0.0,8995.470000000001,3,0,0.0,0
LGS2ORD0006014,C017806,2025-02-17 15:00:00,Male,50,Bronze,Shopee,Bangkok,172,Web,Credit_Card,15,2,0,0,40-50,5.733333333333333,0.0,0.0,0.0,-1,-1,0.0,0.0,0.0,0.0,0.0,0.0,0,0,0.0,0.0,0,0,0.0,0.0,0,0,0.0,0.0,0,0,0.0,0
LGS2ORD0006015,C015788,2025-02-17 15:00:00,Female,36,Bronze,Shopee,Phuket,657,TV_Show,COD,15,2,0,0,30-40,21.9,0.0,0.0,0.0,-1,-1,0.0,0.0,0.0,0.0,0.0,0.0,0,0,0.0,0.0,0,0,0.0,0.0,0,0,0.0,0.0,0,0,0.0,1
LGS2ORD0006016,C017053,2025-02-17 15:00:00,Male,45,Bronze,TV,Khon Kaen,862,TV_Show,COD,15,2,0,0,40-50,28.733333333333334,0.0,0.0,0.0,-1,-1,0.0,0.0,0.0,0.0,0.0,0.0,0,0,0.0,0.0,0,0,0.0,0.0,0,0,0.0,0.0,0,0,0.0,0
LGS2ORD0006017,C014718,2025-02-17 15:00:00,Male,18,Gold,Web,Nakhon Ratchasima,1454,Lazada,Credit_Card,15,2,0,0,<20,48.46666666666667,1.0,0.0,0.0,-1,34,706.5,0.13,0.0,0.0,0.0,0.0,0,0,0.0,0.0,0,0,0.0,706.5,1,0,0.0,706.5,1,0,0.0,0
LGS2ORD0006018,C015983,2025-02-17 16:00:00,Female,40,Gold,Lazada,Bangkok,1183,Shopee,PromptPay,16,2,0,0,30-40,39.43333333333333,0.0,0.0,0.0,-1,-1,0.0,0.0,0.0,0.0,0.0,0.0,0,0,0.0,0.0,0,0,0.0,0.0,0,0,0.0,0.0,0,0,0.0,0
LGS2ORD0006019,C011666,2025-02-17 16:00:00,Male,37,Bronze,Lazada,Phuket,136,TV_Show,COD,16,2,0,0,30-40,4.533333333333333,1.0,0.0,0.0,-1,45,5426.52,0.23,1.0,1.0,0.0,0.0,0,0,0.0,0.0,0,0,0.0,5426.52,1,0,0.0,5426.52,1,0,0.0,0
LGS2ORD0006020,C011569,2025-02-17 16:00:00,Male,34,Bronze,TV,Remote_Area,574,Lazada,PromptPay,16,2,0,0,30-40,19.133333333333333,1.0,1.0,1.0,20,26,853.12,0.28,1.0,1.0,0.0,0.0,0,0,0.0,853.12,1,1,1.0,853.12,1,1,1.0,853.12,1,1,1.0,0
LGS2ORD0006021,C011965,2025-02-17 16:00:00,Male,58,Bronze,Lazada,Bangkok,476,CallCenter,COD,16,2,0,0,>50,15.866666666666667,1.0,0.0,0.0,-1,7,2530.12,0.03,1.0,0.0,0.0,0.0,0,0,0.0,2530.12,1,0,0.0,2530.12,1,0,0.0,2530.12,1,0,0.0,0
LGS2ORD0006022,C010287,2025-02-17 16:00:00,Male,51,Gold,Shopee,Bangkok,201,Web,Credit_Card,16,2,0,0,>50,6.7,0.0,0.0,0.0,-1,-1,0.0,0.0,0.0,0.0,0.0,0.0,0,0,0.0,0.0,0,0,0.0,0.0,0,0,0.0,0.0,0,0,0.0,0
LGS2ORD0006023,C015669,2025-02-17 17:00:00,Female,24,Bronze,Web,Bangkok,1505,Web,Credit_Card,17,2,0,0,20-30,50.166666666666664,1.0,0.0,0.0,-1,9,4840.96,0.03,0.0,0.0,0.0,0.0,0,0,0.0,4840.96,1,0,0.0,4840.96,1,0,0.0,4840.96,1,0,0.0,0
LGS2ORD0006024,C012180,2025-02-17 17:00:00,Male,57,Bronze,Shopee,Chonburi,820,Web,COD,17,2,0,0,>50,27.333333333333332,0.0,0.0,0.0,-1,-1,0.0,0.0,0.0,0.0,0.0,0.0,0,0,0.0,0.0,0,0,0.0,0.0,0,0,0.0,0.0,0,0,0.0,0
LGS2ORD0006025,C013208,2025-02-17 17:00:00,Male,40,Silver,TV,Chiang Mai,638,Shopee,COD,17,2,0,0,30-40,21.266666666666666,2.0,1.0,0.5,24,34,4148.575,0.2,0.5,0.0,0.0,0.0,0,0,0.0,0.0,0,0,0.0,8297.15,2,1,0.5,8297.15,2,1,0.5,1
LGS2ORD0006026,C014580,2025-02-17 17:00:00,Male,63,Gold,Lazada,Bangkok,480,Shopee,COD,17,2,0,0,>50,16.0,1.0,0.0,0.0,-1,4,3739.99,0.13,1.0,0.0,0.0,3739.99,1,0,0.0,3739.99,1,0,0.0,3739.99,1,0,0.0,3739.99,1,0,0.0,0
LGS2ORD0006027,C016469,2025-02-17 17:00:00,Male,40,Silver,TV,Chiang Mai,1353,TV_Show,PromptPay,17,2,0,0,30-40,45.1,2.0,2.0,1.0,7,18,2154.25,0.25,0.5,0.5,0.0,0.0,0,0,0.0,2770.72,1,1,1.0,4308.5,2,2,1.0,4308.5,2,2,1.0,1
LGS2ORD0006028,C015449,2025-02-17 18:00:00,Female,44,Gold,Web,Chonburi,1015,Lazada,COD,18,2,0,0,40-50,33.833333333333336,0.0,0.0,0.0,-1,-1,0.0,0.0,0.0,0.0,0.0,0.0,0,0,0.0,0.0,0,0,0.0,0.0,0,0,0.0,0.0,0,0,0.0,0
LGS2ORD0006029,C010439,2025-02-17 18:00:00,Female,48,Bronze,TV,Bangkok,1030,Shopee,COD,18,2,0,0,40-50,34.333333333333336,1.0,0.0,0.0,-1,29,739.04,0.08,0.0,0.0,0.0,0.0,0,0,0.0,739.04,1,0,0.0,739.04,1,0,0.0,739.04,1,0,0.0,0
LGS2ORD0006030,C012004,2025-02-17 18:00:00,Male,50,Bronze,Lazada,Bangkok,514,TV_Show,Credit_Card,18,2,0,0,40-50,17.133333333333333,0.0,0.0,0.0,-1,-1,0.0,0.0,0.0,0.0,0.0,0.0,0,0,0.0,0.0,0,0,0.0,0.0,0,0,0.0,0.0,0,0,0.0,1
LGS2ORD0006031,C015689,2025-02-17 18:00:00,Male,36,Silver,Shopee,Songkhla,842,Web,COD,18,2,0,0,30-40,28.066666666666666,1.0,1.0,1.0,-1,9,2874.99,0.2,1.0,0.0,0.0,0.0,0,0,0.0,2874.99,1,1,1.0,2874.99,1,1,1.0,2874.99,1,1,1.0,1
LGS2ORD0006032,C011820,2025-02-17 18:00:00,Male,41,Gold,Web,Bangkok,1278,Lazada,Credit_Card,18,2,0,0,40-50,42.6,1.0,0.0,0.0,-1,42,139.28,0.28,0.0,1.0,0.0,0.0,0,0,0.0,0.0,0,0,0.0,139.28,1,0,0.0,139.28,1,0,0.0,0
LGS2ORD0006033,C016391,2025-02-17 18:00:00,Male,37,Bronze,CallCenter,Bangkok,239,CallCenter,PromptPay,18,2,0,0,30-40,7.966666666666667,2.0,0.0,0.0,-1,34,725.245,0.18,1.0,0.0,0.0,0.0,0,0,0.0,0.0,0,0,0.0,1450.49,2,0,0.0,1450.49,2,0,0.0,0
LGS2ORD0006034,C011388,2025-02-17 19:00:00,Female,57,Silver,Lazada,Nakhon Ratchasima,221,Web,COD,19,2,0,0,>50,7.366666666666666,0.0,0.0,0.0,-1,-1,0.0,0.0,0.0,0.0,0.0,0.0,0,0,0.0,0.0,0,0,0.0,0.0,0,0,0.0,0.0,0,0,0.0,0
LGS2ORD0006035,C017072,2025-02-17 19:00:00,Female,52,Silver,Shopee,Songkhla,1356,CallCenter,COD,19,2,0,0,>50,45.2,2.0,1.0,0.5,18,27,3975.59,0.1,0.5,0.0,0.0,0.0,0,0,0.0,2132.73,1,1,1.0,7951.18,2,1,0.5,7951.18,2,1,0.5,0
LGS2ORD0006036,C014192,2025-02-17 19:00:00,Male,38,Silver,CallCenter,Phuket,1486,Shopee,PromptPay,19,2,0,0,30-40,49.53333333333333,0.0,0.0,0.0,-1,-1,0.0,0.0,0.0,0.0,0.0,0.0,0,0,0.0,0.0,0,0,0.0,0.0,0,0,0.0,0.0,0,0,0.0,0
LGS2ORD0006037,C016177,2025-02-17 19:00:00,Female,59,Gold,CallCenter,Chonburi,1205,Web,Credit_Card,19,2,0,0,>50,40.166666666666664,3.0,0.0,0.0,-1,0,1916.03,0.28,0.6666666666666666,0.3333333333333333,0.0,2981.14,2,0,0.0,2981.14,2,0,0.0,5748.09,3,0,0.0,5748.09,3,0,0.0,0
LGS2ORD0006038,C015551,2025-02-17 19:00:00,Female,48,Bronze,CallCenter,Khon Kaen,372,Web,COD,19,2,0,0,40-50,12.4,0.0,0.0,0.0,-1,-1,0.0,0.0,0.0,0.0,0.0,0.0,0,0,0.0,0.0,0,0,0.0,0.0,0,0,0.0,0.0,0,0,0.0,0
LGS2ORD0006039,C014776,2025-02-17 20:00:00,Female,41,Bronze,Lazada,Khon Kaen,748,CallCenter,Bank_Transfer,20,2,0,0,40-50,24.933333333333334,2.0,0.0,0.0,-1,13,3054.4049999999997,0.08,0.5,0.0,0.0,0.0,0,0,0.0,6108.8099999999995,2,0,0.0,6108.8099999999995,2,0,0.0,6108.8099999999995,2,0,0.0,0
LGS2ORD0006040,C011860,2025-02-17 20:00:00,Female,48,Bronze,TV,Bangkok,445,CallCenter,Credit_Card,20,2,0,0,40-50,14.833333333333334,1.0,1.0,1.0,42,45,5503.1,0.03,1.0,0.0,0.0,0.0,0,0,0.0,0.0,0,0,0.0,5503.1,1,1,1.0,5503.1,1,1,1.0,0
LGS2ORD0006041,C011853,2025-02-17 20:00:00,Male,29,Bronze,Web,Chonburi,497,Web,COD,20,2,0,0,20-30,16.566666666666666,1.0,0.0,0.0,-1,11,9206.39,0.08,0.0,0.0,0.0,0.0,0,0,0.0,9206.39,1,0,0.0,9206.39,1,0,0.0,9206.39,1,0,0.0,0
LGS2ORD0006042,C015871,2025-02-17 20:00:00,Female,36,Bronze,CallCenter,Bangkok,773,CallCenter,COD,20,2,0,0,30-40,25.766666666666666,1.0,0.0,0.0,-1,25,3867.14,0.23,1.0,1.0,0.0,0.0,0,0,0.0,3867.14,1,0,0.0,3867.14,1,0,0.0,3867.14,1,0,0.0,1
LGS2ORD0006043,C015031,2025-02-17 20:00:00,Female,39,Bronze,Shopee,Chonburi,931,Web,Credit_Card,20,2,0,0,30-40,31.033333333333335,1.0,1.0,1.0,25,35,2846.91,0.18,1.0,0.0,0.0,0.0,0,0,0.0,0.0,0,0,0.0,2846.91,1,1,1.0,2846.91,1,1,1.0,0
LGS2ORD0006044,C015020,2025-02-17 21:00:00,Female,33,Bronze,TV,Bangkok,1282,Shopee,Credit_Card,21,2,0,0,30-40,42.733333333333334,1.0,0.0,0.0,-1,21,4159.43,0.03,1.0,0.0,0.0,0.0,0,0,0.0,4159.43,1,0,0.0,4159.43,1,0,0.0,4159.43,1,0,0.0,1
LGS2ORD0006045,C015996,2025-02-17 21:00:00,Other,55,Silver,Web,Bangkok,244,Web,Bank_Transfer,21,2,0,0,>50,8.133333333333333,1.0,1.0,1.0,39,43,13623.43,0.05,0.0,0.0,0.0,0.0,0,0,0.0,0.0,0,0,0.0,13623.43,1,1,1.0,13623.43,1,1,1.0,0
LGS2ORD0006046,C013712,2025-02-17 21:00:00,Female,51,Bronze,CallCenter,Remote_Area,466,TV_Show,COD,21,2,0,0,>50,15.533333333333333,1.0,0.0,0.0,-1,42,1203.52,0.03,1.0,0.0,0.0,0.0,0,0,0.0,0.0,0,0,0.0,1203.52,1,0,0.0,1203.52,1,0,0.0,0
LGS2ORD0006047,C011746,2025-02-17 21:00:00,Other,27,Gold,Shopee,Bangkok,638,Web,COD,21,2,0,0,20-30,21.266666666666666,2.0,0.0,0.0,-1,9,10467.875,0.28,1.0,0.5,0.0,0.0,0,0,0.0,4889.18,1,0,0.0,20935.75,2,0,0.0,20935.75,2,0,0.0,0
LGS2ORD0006048,C015600,2025-02-17 21:00:00,Male,18,Silver,Web,Nakhon Ratchasima,587,CallCenter,Credit_Card,21,2,0,0,<20,19.566666666666666,1.0,0.0,0.0,-1,25,2636.06,0.2,1.0,0.0,0.0,0.0,0,0,0.0,2636.06,1,0,0.0,2636.06,1,0,0.0,2636.06,1,0,0.0,0
LGS2ORD0006049,C014518,2025-02-17 22:00:00,Female,21,Bronze,Shopee,Songkhla,130,Web,COD,22,2,0,0,20-30,4.333333333333333,3.0,2.0,0.6666666666666666,-5,6,8979.17,0.23,1.0,0.3333333333333333,0.0,4050.78,1,1,1.0,5344.7300000000005,2,1,0.5,26937.51,3,2,0.6666666666666666,26937.51,3,2,0.6666666666666666,1
LGS2ORD0006050,C010546,2025-02-17 22:00:00,Male,30,Silver,Shopee,Chiang Mai,796,Lazada,PromptPay,22,2,0,0,20-30,26.533333333333335,1.0,0.0,0.0,-1,32,2021.85,0.2,0.0,0.0,0.0,0.0,0,0,0.0,0.0,0,0,0.0,2021.85,1,0,0.0,2021.85,1,0,0.0,0
LGS2ORD0006051,C017532,2025-02-17 22:00:00,Other,72,Silver,Shopee,Remote_Area,1388,Lazada,Credit_Card,22,2,0,0,>50,46.266666666666666,0.0,0.0,0.0,-1,-1,0.0,0.0,0.0,0.0,0.0,0.0,0,0,0.0,0.0,0,0,0.0,0.0,0,0,0.0,0.0,0,0,0.0,1
LGS2ORD0006052,C017947,2025-02-17 22:00:00,Other,28,Bronze,CallCenter,Phuket,627,TV_Show,Credit_Card,22,2,0,0,20-30,20.9,1.0,0.0,0.0,-1,20,9735.48,0.03,1.0,0.0,0.0,0.0,0,0,0.0,9735.48,1,0,0.0,9735.48,1,0,0.0,9735.48,1,0,0.0,1
LGS2ORD0006053,C011800,2025-02-17 22:00:00,Female,56,Gold,TV,Chonburi,980,TV_Show,COD,22,2,0,0,>50,32.666666666666664,1.0,0.0,0.0,-1,40,1477.95,0.28,0.0,1.0,0.0,0.0,0,0,0.0,0.0,0,0,0.0,1477.95,1,0,0.0,1477.95,1,0,0.0,1
LGS2ORD0006054,C014355,2025-02-17 22:00:00,Female,57,Platinum,TV,Bangkok,1375,Shopee,COD,22,2,0,0,>50,45.833333333333336,2.0,1.0,0.5,9,23,5526.28,0.35,0.5,0.5,0.0,0.0,0,0,0.0,3060.89,1,1,1.0,11052.56,2,1,0.5,11052.56,2,1,0.5,1
LGS2ORD0006055,C015047,2025-02-17 23:00:00,Male,33,Silver,CallCenter,Phuket,404,Lazada,COD,23,2,0,0,30-40,13.466666666666667,0.0,0.0,0.0,-1,-1,0.0,0.0,0.0,0.0,0.0,0.0,0,0,0.0,0.0,0,0,0.0,0.0,0,0,0.0,0.0,0,0,0.0,1
LGS2ORD0006056,C017944,2025-02-17 23:00:00,Male,38,Bronze,Lazada,Chonburi,152,TV_Show,COD,23,2,0,0,30-40,5.066666666666666,0.0,0.0,0.0,-1,-1,0.0,0.0,0.0,0.0,0.0,0.0,0,0,0.0,0.0,0,0,0.0,0.0,0,0,0.0,0.0,0,0,0.0,0
LGS2ORD0006057,C017499,2025-02-17 23:00:00,Female,41,Bronze,Shopee,Chonburi,1080,Shopee,COD,23,2,0,0,40-50,36.0,2.0,2.0,1.0,1,10,5418.344999999999,0.13,0.5,0.0,0.0,0.0,0,0,0.0,5013.03,1,1,1.0,10836.689999999999,2,2,1.0,10836.689999999999,2,2,1.0,1
LGS2ORD0006058,C011426,2025-02-17 23:00:00,Male,48,Silver,TV,Nakhon Ratchasima,622,TV_Show,COD,23,2,0,0,40-50,20.733333333333334,1.0,0.0,0.0,-1,16,980.85,0.15,0.0,0.0,0.0,0.0,0,0,0.0,980.85,1,0,0.0,980.85,1,0,0.0,980.85,1,0,0.0,0
LGS2ORD0006059,C010087,2025-02-17 23:00:00,Female,41,Bronze,Shopee,Chiang Mai,988,TV_Show,Credit_Card,23,2,0,0,40-50,32.93333333333333,1.0,0.0,0.0,-1,41,11524.67,0.23,0.0,1.0,0.0,0.0,0,0,0.0,0.0,0,0,0.0,11524.67,1,0,0.0,11524.67,1,0,0.0,0
LGS2ORD0006060,C010490,2025-02-18 00:00:00,Male,41,Bronze,CallCenter,Songkhla,1293,Shopee,COD,0,2,1,0,40-50,43.1,0.0,0.0,0.0,-1,-1,0.0,0.0,0.0,0.0,0.0,0.0,0,0,0.0,0.0,0,0,0.0,0.0,0,0,0.0,0.0,0,0,0.0,1
LGS2ORD0006061,C012935,2025-02-18 00:00:00,Female,33,Bronze,TV,Bangkok,1126,Lazada,COD,0,2,1,0,30-40,37.53333333333333,0.0,0.0,0.0,-1,-1,0.0,0.0,0.0,0.0,0.0,0.0,0,0,0.0,0.0,0,0,0.0,0.0,0,0,0.0,0.0,0,0,0.0,0
LGS2ORD0006062,C013224,2025-02-18 00:00:00,Male,37,Bronze,Web,Bangkok,840,TV_Show,Bank_Transfer,0,2,1,0,30-40,28.0,2.0,1.0,0.5,-6,7,1003.595,0.13,1.0,0.0,0.0,1212.8,1,1,1.0,2007.19,2,1,0.5,2007.19,2,1,0.5,2007.19,2,1,0.5,0
LGS2ORD0006063,C012874,2025-02-18 00:00:00,Male,45,Bronze,Lazada,Songkhla,1013,Shopee,COD,0,2,1,0,40-50,33.766666666666666,0.0,0.0,0.0,-1,-1,0.0,0.0,0.0,0.0,0.0,0.0,0,0,0.0,0.0,0,0,0.0,0.0,0,0,0.0,0.0,0,0,0.0,1
LGS2ORD0006064,C013818,2025-02-18 00:00:00,Female,37,Gold,Web,Nakhon Ratchasima,801,Shopee,PromptPay,0,2,1,0,30-40,26.7,0.0,0.0,0.0,-1,-1,0.0,0.0,0.0,0.0,0.0,0.0,0,0,0.0,0.0,0,0,0.0,0.0,0,0,0.0,0.0,0,0,0.0,0
LGS2ORD0006065,C017293,2025-02-18 01:00:00,Male,39,Bronze,TV,Khon Kaen,317,Lazada,Bank_Transfer,1,2,1,0,30-40,10.566666666666666,0.0,0.0,0.0,-1,-1,0.0,0.0,0.0,0.0,0.0,0.0,0,0,0.0,0.0,0,0,0.0,0.0,0,0,0.0,0.0,0,0,0.0,0
LGS2ORD0006066,C016609,2025-02-18 01:00:00,Male,49,Platinum,Lazada,Bangkok,1030,Lazada,Bank_Transfer,1,2,1,0,40-50,34.333333333333336,1.0,0.0,0.0,-1,5,1522.91,0.1,0.0,0.0,0.0,1522.91,1,0,0.0,1522.91,1,0,0.0,1522.91,1,0,0.0,1522.91,1,0,0.0,0
LGS2ORD0006067,C011612,2025-02-18 01:00:00,Male,56,Silver,Shopee,Chonburi,1193,Shopee,COD,1,2,1,0,>50,39.766666666666666,0.0,0.0,0.0,-1,-1,0.0,0.0,0.0,0.0,0.0,0.0,0,0,0.0,0.0,0,0,0.0,0.0,0,0,0.0,0.0,0,0,0.0,0
LGS2ORD0006068,C013070,2025-02-18 01:00:00,Female,68,Bronze,TV,Songkhla,80,Shopee,Credit_Card,1,2,1,0,>50,2.6666666666666665,0.0,0.0,0.0,-1,-1,0.0,0.0,0.0,0.0,0.0,0.0,0,0,0.0,0.0,0,0,0.0,0.0,0,0,0.0,0.0,0,0,0.0,0
LGS2ORD0006069,C011594,2025-02-18 01:00:00,Female,27,Gold,CallCenter,Bangkok,1387,TV_Show,COD,1,2,1,0,20-30,46.233333333333334,2.0,0.0,0.0,-1,9,9264.544999999998,0.2299999999999999,0.5,0.5,0.0,0.0,0,0,0.0,18529.089999999997,2,0,0.0,18529.089999999997,2,0,0.0,18529.089999999997,2,0,0.0,0
LGS2ORD0006070,C011031,2025-02-18 01:00:00,Female,37,Gold,TV,Chiang Mai,985,Shopee,PromptPay,1,2,1,0,30-40,32.833333333333336,1.0,1.0,1.0,-4,5,1856.85,0.2299999999999999,0.0,1.0,0.0,1856.85,1,1,1.0,1856.85,1,1,1.0,1856.85,1,1,1.0,1856.85,1,1,1.0,1
LGS2ORD0006071,C013180,2025-02-18 02:00:00,Male,21,Gold,Web,Khon Kaen,853,Shopee,COD,2,2,1,0,20-30,28.433333333333334,0.0,0.0,0.0,-1,-1,0.0,0.0,0.0,0.0,0.0,0.0,0,0,0.0,0.0,0,0,0.0,0.0,0,0,0.0,0.0,0,0,0.0,0
LGS2ORD0006072,C016070,2025-02-18 02:00:00,Male,43,Bronze,Shopee,Bangkok,1292,TV_Show,PromptPay,2,2,1,0,40-50,43.06666666666667,2.0,0.0,0.0,-1,31,14994.095,0.23,0.5,0.5,0.0,0.0,0,0,0.0,0.0,0,0,0.0,29988.19,2,0,0.0,29988.19,2,0,0.0,0
LGS2ORD0006073,C011526,2025-02-18 02:00:00,Female,42,Bronze,TV,Bangkok,1508,Web,COD,2,2,1,0,40-50,50.266666666666666,0.0,0.0,0.0,-1,-1,0.0,0.0,0.0,0.0,0.0,0.0,0,0,0.0,0.0,0,0,0.0,0.0,0,0,0.0,0.0,0,0,0.0,0
LGS2ORD0006074,C012457,2025-02-18 02:00:00,Female,32,Platinum,Lazada,Bangkok,726,Shopee,Credit_Card,2,2,1,0,30-40,24.2,0.0,0.0,0.0,-1,-1,0.0,0.0,0.0,0.0,0.0,0.0,0,0,0.0,0.0,0,0,0.0,0.0,0,0,0.0,0.0,0,0,0.0,0
LGS2ORD0006075,C016738,2025-02-18 02:00:00,Male,22,Bronze,CallCenter,Bangkok,530,Web,COD,2,2,1,0,20-30,17.666666666666668,1.0,1.0,1.0,-5,9,1777.34,0.28,1.0,1.0,0.0,0.0,0,0,0.0,1777.34,1,1,1.0,1777.34,1,1,1.0,1777.34,1,1,1.0,0
LGS2ORD0006076,C016303,2025-02-18 03:00:00,Female,34,Bronze,Shopee,Bangkok,1353,Shopee,Credit_Card,3,2,1,0,30-40,45.1,0.0,0.0,0.0,-1,-1,0.0,0.0,0.0,0.0,0.0,0.0,0,0,0.0,0.0,0,0,0.0,0.0,0,0,0.0,0.0,0,0,0.0,1
LGS2ORD0006077,C015248,2025-02-18 03:00:00,Male,66,Silver,TV,Songkhla,1203,Shopee,COD,3,2,1,0,>50,40.1,0.0,0.0,0.0,-1,-1,0.0,0.0,0.0,0.0,0.0,0.0,0,0,0.0,0.0,0,0,0.0,0.0,0,0,0.0,0.0,0,0,0.0,1
LGS2ORD0006078,C012955,2025-02-18 03:00:00,Male,35,Silver,TV,Nakhon Ratchasima,1074,CallCenter,PromptPay,3,2,1,0,30-40,35.8,0.0,0.0,0.0,-1,-1,0.0,0.0,0.0,0.0,0.0,0.0,0,0,0.0,0.0,0,0,0.0,0.0,0,0,0.0,0.0,0,0,0.0,0
LGS2ORD0006079,C011239,2025-02-18 03:00:00,Male,64,Bronze,TV,Phuket,622,Web,Credit_Card,3,2,1,0,>50,20.733333333333334,0.0,0.0,0.0,-1,-1,0.0,0.0,0.0,0.0,0.0,0.0,0,0,0.0,0.0,0,0,0.0,0.0,0,0,0.0,0.0,0,0,0.0,0
LGS2ORD0006080,C016867,2025-02-18 03:00:00,Female,50,Silver,TV,Bangkok,1413,TV_Show,COD,3,2,1,0,40-50,47.1,1.0,0.0,0.0,-1,27,1682.16,0.05,1.0,0.0,0.0,0.0,0,0,0.0,1682.16,1,0,0.0,1682.16,1,0,0.0,1682.16,1,0,0.0,1
LGS2ORD0006081,C011494,2025-02-18 04:00:00,Female,23,Platinum,Lazada,Bangkok,167,Web,COD,4,2,1,0,20-30,5.566666666666666,1.0,0.0,0.0,-1,45,8308.54,0.1,0.0,0.0,0.0,0.0,0,0,0.0,0.0,0,0,0.0,8308.54,1,0,0.0,8308.54,1,0,0.0,1
LGS2ORD0006082,C016646,2025-02-18 04:00:00,Male,38,Bronze,TV,Chiang Mai,346,TV_Show,COD,4,2,1,0,30-40,11.533333333333333,2.0,0.0,0.0,-1,1,637.1,0.18,0.5,0.0,0.0,1274.2,2,0,0.0,1274.2,2,0,0.0,1274.2,2,0,0.0,1274.2,2,0,0.0,0
LGS2ORD0006083,C014210,2025-02-18 04:00:00,Male,34,Bronze,Web,Remote_Area,541,TV_Show,Bank_Transfer,4,2,1,0,30-40,18.033333333333335,3.0,0.0,0.0,-1,12,2127.4566666666665,0.13,0.0,0.0,0.0,0.0,0,0,0.0,625.36,1,0,0.0,6382.37,3,0,0.0,6382.37,3,0,0.0,0
LGS2ORD0006084,C016718,2025-02-18 04:00:00,Male,72,Silver,Lazada,Songkhla,1365,CallCenter,COD,4,2,1,0,>50,45.5,0.0,0.0,0.0,-1,-1,0.0,0.0,0.0,0.0,0.0,0.0,0,0,0.0,0.0,0,0,0.0,0.0,0,0,0.0,0.0,0,0,0.0,0
LGS2ORD0006085,C010190,2025-02-18 04:00:00,Female,40,Platinum,Shopee,Chonburi,1368,CallCenter,COD,4,2,1,0,30-40,45.6,1.0,1.0,1.0,6,16,1257.17,0.35,0.0,1.0,0.0,0.0,0,0,0.0,1257.17,1,1,1.0,1257.17,1,1,1.0,1257.17,1,1,1.0,1
LGS2ORD0006086,C016176,2025-02-18 05:00:00,Female,44,Platinum,Shopee,Phuket,1123,Lazada,Credit_Card,5,2,1,0,40-50,37.43333333333333,0.0,0.0,0.0,-1,-1,0.0,0.0,0.0,0.0,0.0,0.0,0,0,0.0,0.0,0,0,0.0,0.0,0,0,0.0,0.0,0,0,0.0,0
LGS2ORD0006087,C017031,2025-02-18 05:00:00,Male,38,Bronze,TV,Phuket,946,CallCenter,PromptPay,5,2,1,0,30-40,31.533333333333335,1.0,0.0,0.0,-1,46,1133.3,0.18,0.0,0.0,0.0,0.0,0,0,0.0,0.0,0,0,0.0,1133.3,1,0,0.0,1133.3,1,0,0.0,0
LGS2ORD0006088,C012972,2025-02-18 05:00:00,Female,48,Bronze,Web,Bangkok,958,Lazada,COD,5,2,1,0,40-50,31.933333333333334,0.0,0.0,0.0,-1,-1,0.0,0.0,0.0,0.0,0.0,0.0,0,0,0.0,0.0,0,0,0.0,0.0,0,0,0.0,0.0,0,0,0.0,0
LGS2ORD0006089,C011451,2025-02-18 05:00:00,Male,38,Silver,CallCenter,Chiang Mai,445,Lazada,Credit_Card,5,2,1,0,30-40,14.833333333333334,0.0,0.0,0.0,-1,-1,0.0,0.0,0.0,0.0,0.0,0.0,0,0,0.0,0.0,0,0,0.0,0.0,0,0,0.0,0.0,0,0,0.0,0
LGS2ORD0006090,C015458,2025-02-18 05:00:00,Female,36,Bronze,Lazada,Khon Kaen,914,Shopee,Bank_Transfer,5,2,1,0,30-40,30.466666666666665,1.0,0.0,0.0,-1,29,1733.63,0.08,1.0,0.0,0.0,0.0,0,0,0.0,1733.63,1,0,0.0,1733.63,1,0,0.0,1733.63,1,0,0.0,0
LGS2ORD0006091,C017526,2025-02-18 05:00:00,Male,37,Gold,Shopee,Chonburi,1415,Lazada,Credit_Card,5,2,1,0,30-40,47.166666666666664,0.0,0.0,0.0,-1,-1,0.0,0.0,0.0,0.0,0.0,0.0,0,0,0.0,0.0,0,0,0.0,0.0,0,0,0.0,0.0,0,0,0.0,0
LGS2ORD0006092,C010951,2025-02-18 06:00:00,Female,51,Platinum,Web,Khon Kaen,285,CallCenter,PromptPay,6,2,1,0,>50,9.5,0.0,0.0,0.0,-1,-1,0.0,0.0,0.0,0.0,0.0,0.0,0,0,0.0,0.0,0,0,0.0,0.0,0,0,0.0,0.0,0,0,0.0,0
LGS2ORD0006093,C013322,2025-02-18 06:00:00,Male,52,Bronze,TV,Chiang Mai,945,Shopee,COD,6,2,1,0,>50,31.5,0.0,0.0,0.0,-1,-1,0.0,0.0,0.0,0.0,0.0,0.0,0,0,0.0,0.0,0,0,0.0,0.0,0,0,0.0,0.0,0,0,0.0,0
LGS2ORD0006094,C012716,2025-02-18 06:00:00,Male,54,Bronze,Lazada,Songkhla,719,Shopee,COD,6,2,1,0,>50,23.966666666666665,0.0,0.0,0.0,-1,-1,0.0,0.0,0.0,0.0,0.0,0.0,0,0,0.0,0.0,0,0,0.0,0.0,0,0,0.0,0.0,0,0,0.0,1
LGS2ORD0006095,C013349,2025-02-18 06:00:00,Female,37,Bronze,TV,Khon Kaen,393,TV_Show,COD,6,2,1,0,30-40,13.1,1.0,0.0,0.0,-1,5,1018.81,0.28,1.0,1.0,0.0,1018.81,1,0,0.0,1018.81,1,0,0.0,1018.81,1,0,0.0,1018.81,1,0,0.0,0
LGS2ORD0006096,C010284,2025-02-18 06:00:00,Female,31,Gold,Shopee,Bangkok,784,Shopee,Credit_Card,6,2,1,0,30-40,26.133333333333333,0.0,0.0,0.0,-1,-1,0.0,0.0,0.0,0.0,0.0,0.0,0,0,0.0,0.0,0,0,0.0,0.0,0,0,0.0,0.0,0,0,0.0,0
LGS2ORD0006097,C012137,2025-02-18 07:00:00,Female,39,Silver,Lazada,Chiang Mai,808,Web,COD,7,2,1,0,30-40,26.933333333333334,0.0,0.0,0.0,-1,-1,0.0,0.0,0.0,0.0,0.0,0.0,0,0,0.0,0.0,0,0,0.0,0.0,0,0,0.0,0.0,0,0,0.0,0
LGS2ORD0006098,C014761,2025-02-18 07:00:00,Male,49,Bronze,TV,Remote_Area,1124,Shopee,COD,7,2,1,0,40-50,37.46666666666667,0.0,0.0,0.0,-1,-1,0.0,0.0,0.0,0.0,0.0,0.0,0,0,0.0,0.0,0,0,0.0,0.0,0,0,0.0,0.0,0,0,0.0,1
LGS2ORD0006099,C013685,2025-02-18 07:00:00,Male,42,Bronze,Shopee,Khon Kaen,1022,Web,COD,7,2,1,0,40-50,34.06666666666667,3.0,0.0,0.0,-1,6,6989.599999999999,0.08,0.3333333333333333,0.0,0.0,7128.17,1,0,0.0,11504.59,2,0,0.0,20968.8,3,0,0.0,20968.8,3,0,0.0,0
LGS2ORD0006100,C017056,2025-02-18 07:00:00,Female,43,Silver,Shopee,Khon Kaen,1261,TV_Show,COD,7,2,1,0,40-50,42.03333333333333,1.0,1.0,1.0,28,33,1548.27,0.2,1.0,0.0,0.0,0.0,0,0,0.0,0.0,0,0,0.0,1548.27,1,1,1.0,1548.27,1,1,1.0,0
LGS2ORD0006101,C014668,2025-02-18 07:00:00,Female,34,Bronze,Web,Chiang Mai,419,TV_Show,COD,7,2,1,0,30-40,13.966666666666667,1.0,0.0,0.0,-1,1,5966.65,0.13,1.0,0.0,0.0,5966.65,1,0,0.0,5966.65,1,0,0.0,5966.65,1,0,0.0,5966.65,1,0,0.0,0
LGS2ORD0006102,C013695,2025-02-18 08:00:00,Female,49,Gold,Shopee,Remote_Area,64,CallCenter,Credit_Card,8,2,1,0,40-50,2.1333333333333333,1.0,0.0,0.0,-1,37,1480.13,0.13,0.0,0.0,0.0,0.0,0,0,0.0,0.0,0,0,0.0,1480.13,1,0,0.0,1480.13,1,0,0.0,0
LGS2ORD0006103,C014353,2025-02-18 08:00:00,Male,41,Silver,TV,Songkhla,643,TV_Show,COD,8,2,1,0,40-50,21.433333333333334,0.0,0.0,0.0,-1,-1,0.0,0.0,0.0,0.0,0.0,0.0,0,0,0.0,0.0,0,0,0.0,0.0,0,0,0.0,0.0,0,0,0.0,0
LGS2ORD0006104,C014950,2025-02-18 08:00:00,Male,55,Gold,TV,Khon Kaen,1147,TV_Show,Credit_Card,8,2,1,0,>50,38.233333333333334,3.0,0.0,0.0,-1,3,2816.3033333333333,0.33,1.0,0.3333333333333333,0.0,2879.84,1,0,0.0,8448.91,3,0,0.0,8448.91,3,0,0.0,8448.91,3,0,0.0,0
LGS2ORD0006105,C017959,2025-02-18 08:00:00,Female,54,Silver,Web,Bangkok,932,TV_Show,COD,8,2,1,0,>50,31.066666666666666,0.0,0.0,0.0,-1,-1,0.0,0.0,0.0,0.0,0.0,0.0,0,0,0.0,0.0,0,0,0.0,0.0,0,0,0.0,0.0,0,0,0.0,0
LGS2ORD0006106,C014290,2025-02-18 08:00:00,Female,48,Bronze,Shopee,Bangkok,163,Web,Bank_Transfer,8,2,1,0,40-50,5.433333333333334,0.0,0.0,0.0,-1,-1,0.0,0.0,0.0,0.0,0.0,0.0,0,0,0.0,0.0,0,0,0.0,0.0,0,0,0.0,0.0,0,0,0.0,0
LGS2ORD0006107,C014617,2025-02-18 09:00:00,Male,45,Bronze,TV,Bangkok,878,TV_Show,COD,9,2,1,0,40-50,29.266666666666666,2.0,0.0,0.0,-1,24,9086.205,0.08,0.5,0.0,0.0,0.0,0,0,0.0,18172.41,2,0,0.0,18172.41,2,0,0.0,18172.41,2,0,0.0,0
LGS2ORD0006108,C016150,2025-02-18 09:00:00,Other,72,Silver,Shopee,Bangkok,1226,TV_Show,Bank_Transfer,9,2,1,0,>50,40.86666666666667,0.0,0.0,0.0,-1,-1,0.0,0.0,0.0,0.0,0.0,0.0,0,0,0.0,0.0,0,0,0.0,0.0,0,0,0.0,0.0,0,0,0.0,0
LGS2ORD0006109,C016575,2025-02-18 09:00:00,Male,53,Silver,Web,Khon Kaen,1113,Web,Credit_Card,9,2,1,0,>50,37.1,0.0,0.0,0.0,-1,-1,0.0,0.0,0.0,0.0,0.0,0.0,0,0,0.0,0.0,0,0,0.0,0.0,0,0,0.0,0.0,0,0,0.0,0
LGS2ORD0006110,C012396,2025-02-18 09:00:00,Female,56,Silver,Shopee,Remote_Area,599,TV_Show,COD,9,2,1,0,>50,19.966666666666665,0.0,0.0,0.0,-1,-1,0.0,0.0,0.0,0.0,0.0,0.0,0,0,0.0,0.0,0,0,0.0,0.0,0,0,0.0,0.0,0,0,0.0,1
LGS2ORD0006111,C010049,2025-02-18 09:00:00,Male,19,Silver,CallCenter,Nakhon Ratchasima,1369,Shopee,COD,9,2,1,0,<20,45.63333333333333,1.0,0.0,0.0,-1,8,3761.08,0.25,0.0,1.0,0.0,0.0,0,0,0.0,3761.08,1,0,0.0,3761.08,1,0,0.0,3761.08,1,0,0.0,0
LGS2ORD0006112,C015765,2025-02-18 09:00:00,Female,28,Bronze,Shopee,Bangkok,82,Web,PromptPay,9,2,1,0,20-30,2.7333333333333334,0.0,0.0,0.0,-1,-1,0.0,0.0,0.0,0.0,0.0,0.0,0,0,0.0,0.0,0,0,0.0,0.0,0,0,0.0,0.0,0,0,0.0,0
LGS2ORD0006113,C014401,2025-02-18 10:00:00,Male,44,Platinum,Web,Khon Kaen,124,Shopee,COD,10,2,1,0,40-50,4.133333333333334,0.0,0.0,0.0,-1,-1,0.0,0.0,0.0,0.0,0.0,0.0,0,0,0.0,0.0,0,0,0.0,0.0,0,0,0.0,0.0,0,0,0.0,0
LGS2ORD0006114,C016186,2025-02-18 10:00:00,Female,48,Silver,Shopee,Bangkok,912,Shopee,Credit_Card,10,2,1,0,40-50,30.4,0.0,0.0,0.0,-1,-1,0.0,0.0,0.0,0.0,0.0,0.0,0,0,0.0,0.0,0,0,0.0,0.0,0,0,0.0,0.0,0,0,0.0,0
LGS2ORD0006115,C017268,2025-02-18 10:00:00,Male,48,Silver,TV,Chonburi,1433,CallCenter,Credit_Card,10,2,1,0,40-50,47.766666666666666,2.0,1.0,0.5,29,19,9243.24,0.2,0.5,0.0,0.0,0.0,0,0,0.0,2186.97,1,0,0.0,18486.48,2,1,0.5,18486.48,2,1,0.5,0
LGS2ORD0006116,C016468,2025-02-18 10:00:00,Male,31,Gold,Web,Bangkok,1122,Web,Credit_Card,10,2,1,0,30-40,37.4,0.0,0.0,0.0,-1,-1,0.0,0.0,0.0,0.0,0.0,0.0,0,0,0.0,0.0,0,0,0.0,0.0,0,0,0.0,0.0,0,0,0.0,0
LGS2ORD0006117,C015649,2025-02-18 10:00:00,Female,38,Bronze,TV,Bangkok,780,CallCenter,COD,10,2,1,0,30-40,26.0,1.0,0.0,0.0,-1,31,10522.31,0.13,1.0,0.0,0.0,0.0,0,0,0.0,0.0,0,0,0.0,10522.31,1,0,0.0,10522.31,1,0,0.0,1
LGS2ORD0006118,C013716,2025-02-18 11:00:00,Female,50,Gold,Lazada,Nakhon Ratchasima,1404,Shopee,Credit_Card,11,2,1,0,40-50,46.8,1.0,1.0,1.0,25,39,29646.94,0.18,0.0,0.0,0.0,0.0,0,0,0.0,0.0,0,0,0.0,29646.94,1,1,1.0,29646.94,1,1,1.0,1
LGS2ORD0006119,C010016,2025-02-18 11:00:00,Male,39,Silver,Web,Chonburi,818,Web,Bank_Transfer,11,2,1,0,30-40,27.266666666666666,0.0,0.0,0.0,-1,-1,0.0,0.0,0.0,0.0,0.0,0.0,0,0,0.0,0.0,0,0,0.0,0.0,0,0,0.0,0.0,0,0,0.0,1
LGS2ORD0006120,C011835,2025-02-18 11:00:00,Female,58,Silver,Lazada,Bangkok,555,Lazada,COD,11,2,1,0,>50,18.5,1.0,0.0,0.0,-1,31,53746.5,0.05,0.0,0.0,0.0,0.0,0,0,0.0,0.0,0,0,0.0,53746.5,1,0,0.0,53746.5,1,0,0.0,0
LGS2ORD0006121,C015198,2025-02-18 11:00:00,Female,33,Bronze,Web,Chiang Mai,947,TV_Show,COD,11,2,1,0,30-40,31.566666666666666,0.0,0.0,0.0,-1,-1,0.0,0.0,0.0,0.0,0.0,0.0,0,0,0.0,0.0,0,0,0.0,0.0,0,0,0.0,0.0,0,0,0.0,0
LGS2ORD0006122,C013584,2025-02-18 11:00:00,Female,55,Gold,CallCenter,Bangkok,1507,CallCenter,COD,11,2,1,0,>50,50.233333333333334,0.0,0.0,0.0,-1,-1,0.0,0.0,0.0,0.0,0.0,0.0,0,0,0.0,0.0,0,0,0.0,0.0,0,0,0.0,0.0,0,0,0.0,0
LGS2ORD0006123,C012911,2025-02-18 12:00:00,Male,37,Bronze,Lazada,Chonburi,692,TV_Show,COD,12,2,1,0,30-40,23.066666666666666,1.0,0.0,0.0,-1,24,4682.24,0.03,0.0,0.0,0.0,0.0,0,0,0.0,4682.24,1,0,0.0,4682.24,1,0,0.0,4682.24,1,0,0.0,0
LGS2ORD0006124,C015905,2025-02-18 12:00:00,Male,46,Silver,Web,Phuket,246,CallCenter,Credit_Card,12,2,1,0,40-50,8.2,0.0,0.0,0.0,-1,-1,0.0,0.0,0.0,0.0,0.0,0.0,0,0,0.0,0.0,0,0,0.0,0.0,0,0,0.0,0.0,0,0,0.0,1
LGS2ORD0006125,C010215,2025-02-18 12:00:00,Female,53,Bronze,TV,Bangkok,549,Shopee,Credit_Card,12,2,1,0,>50,18.3,1.0,1.0,1.0,30,43,9496.85,0.23,0.0,1.0,0.0,0.0,0,0,0.0,0.0,0,0,0.0,9496.85,1,1,1.0,9496.85,1,1,1.0,1
LGS2ORD0006126,C011855,2025-02-18 12:00:00,Male,39,Gold,Web,Chiang Mai,1230,CallCenter,Credit_Card,12,2,1,0,30-40,41.0,1.0,1.0,1.0,28,35,8723.06,0.13,1.0,0.0,0.0,0.0,0,0,0.0,0.0,0,0,0.0,8723.06,1,1,1.0,8723.06,1,1,1.0,0
LGS2ORD0006127,C015410,2025-02-18 12:00:00,Male,46,Bronze,TV,Bangkok,930,Lazada,PromptPay,12,2,1,0,40-50,31.0,1.0,0.0,0.0,-1,2,11175.78,0.13,0.0,0.0,0.0,11175.78,1,0,0.0,11175.78,1,0,0.0,11175.78,1,0,0.0,11175.78,1,0,0.0,0
LGS2ORD0006128,C010166,2025-02-18 13:00:00,Female,33,Gold,Shopee,Phuket,766,Shopee,COD,13,2,1,0,30-40,25.533333333333335,1.0,0.0,0.0,-1,30,12369.15,0.2299999999999999,0.0,1.0,0.0,0.0,0,0,0.0,0.0,0,0,0.0,12369.15,1,0,0.0,12369.15,1,0,0.0,0
LGS2ORD0006129,C017381,2025-02-18 13:00:00,Male,35,Bronze,CallCenter,Khon Kaen,79,Web,COD,13,2,1,0,30-40,2.6333333333333333,1.0,0.0,0.0,-1,14,1855.18,0.03,0.0,0.0,0.0,0.0,0,0,0.0,1855.18,1,0,0.0,1855.18,1,0,0.0,1855.18,1,0,0.0,1
LGS2ORD0006130,C014200,2025-02-18 13:00:00,Female,48,Bronze,TV,Remote_Area,1083,Web,COD,13,2,1,0,40-50,36.1,2.0,2.0,1.0,8,23,10108.605,0.28,1.0,1.0,0.0,0.0,0,0,0.0,18649.79,1,1,1.0,20217.21,2,2,1.0,20217.21,2,2,1.0,0
LGS2ORD0006131,C011165,2025-02-18 13:00:00,Female,58,Silver,Web,Remote_Area,736,Web,COD,13,2,1,0,>50,24.533333333333335,1.0,0.0,0.0,-1,41,1335.6,0.25,0.0,1.0,0.0,0.0,0,0,0.0,0.0,0,0,0.0,1335.6,1,0,0.0,1335.6,1,0,0.0,1
LGS2ORD0006132,C016950,2025-02-18 13:00:00,Female,25,Silver,TV,Khon Kaen,321,Shopee,COD,13,2,1,0,20-30,10.7,0.0,0.0,0.0,-1,-1,0.0,0.0,0.0,0.0,0.0,0.0,0,0,0.0,0.0,0,0,0.0,0.0,0,0,0.0,0.0,0,0,0.0,1
LGS2ORD0006133,C013672,2025-02-18 13:00:00,Male,38,Silver,TV,Remote_Area,505,Lazada,COD,13,2,1,0,30-40,16.833333333333332,0.0,0.0,0.0,-1,-1,0.0,0.0,0.0,0.0,0.0,0.0,0,0,0.0,0.0,0,0,0.0,0.0,0,0,0.0,0.0,0,0,0.0,1
LGS2ORD0006134,C017622,2025-02-18 14:00:00,Female,49,Silver,TV,Chiang Mai,943,Shopee,PromptPay,14,2,1,0,40-50,31.433333333333334,2.0,0.0,0.0,-1,16,709.7249999999999,0.2,1.0,0.0,0.0,0.0,0,0,0.0,533.77,1,0,0.0,1419.4499999999998,2,0,0.0,1419.4499999999998,2,0,0.0,1
LGS2ORD0006135,C015691,2025-02-18 14:00:00,Female,46,Gold,Shopee,Chonburi,425,Shopee,PromptPay,14,2,1,0,40-50,14.166666666666666,0.0,0.0,0.0,-1,-1,0.0,0.0,0.0,0.0,0.0,0.0,0,0,0.0,0.0,0,0,0.0,0.0,0,0,0.0,0.0,0,0,0.0,0
LGS2ORD0006136,C012859,2025-02-18 14:00:00,Male,72,Bronze,Web,Nakhon Ratchasima,1027,Lazada,Bank_Transfer,14,2,1,0,>50,34.233333333333334,1.0,0.0,0.0,-1,5,13710.19,0.08,1.0,0.0,0.0,13710.19,1,0,0.0,13710.19,1,0,0.0,13710.19,1,0,0.0,13710.19,1,0,0.0,0
LGS2ORD0006137,C015466,2025-02-18 14:00:00,Male,39,Gold,Web,Khon Kaen,1232,TV_Show,Credit_Card,14,2,1,0,30-40,41.06666666666667,0.0,0.0,0.0,-1,-1,0.0,0.0,0.0,0.0,0.0,0.0,0,0,0.0,0.0,0,0,0.0,0.0,0,0,0.0,0.0,0,0,0.0,0
LGS2ORD0006138,C013110,2025-02-18 14:00:00,Male,42,Gold,Web,Bangkok,485,CallCenter,COD,14,2,1,0,40-50,16.166666666666668,1.0,0.0,0.0,-1,8,3682.12,0.13,0.0,0.0,0.0,0.0,0,0,0.0,3682.12,1,0,0.0,3682.12,1,0,0.0,3682.12,1,0,0.0,0
LGS2ORD0006139,C010578,2025-02-18 15:00:00,Female,52,Bronze,TV,Chiang Mai,663,TV_Show,COD,15,2,1,0,>50,22.1,0.0,0.0,0.0,-1,-1,0.0,0.0,0.0,0.0,0.0,0.0,0,0,0.0,0.0,0,0,0.0,0.0,0,0,0.0,0.0,0,0,0.0,0
LGS2ORD0006140,C012229,2025-02-18 15:00:00,Female,19,Bronze,Web,Khon Kaen,233,CallCenter,Credit_Card,15,2,1,0,<20,7.766666666666667,0.0,0.0,0.0,-1,-1,0.0,0.0,0.0,0.0,0.0,0.0,0,0,0.0,0.0,0,0,0.0,0.0,0,0,0.0,0.0,0,0,0.0,0
LGS2ORD0006141,C010033,2025-02-18 15:00:00,Female,50,Silver,Shopee,Khon Kaen,1249,TV_Show,PromptPay,15,2,1,0,40-50,41.63333333333333,2.0,0.0,0.0,-1,12,2003.985,0.2,0.5,0.0,0.0,0.0,0,0,0.0,4007.97,2,0,0.0,4007.97,2,0,0.0,4007.97,2,0,0.0,0
LGS2ORD0006142,C011297,2025-02-18 15:00:00,Female,62,Gold,Shopee,Chiang Mai,275,Lazada,COD,15,2,1,0,>50,9.166666666666666,0.0,0.0,0.0,-1,-1,0.0,0.0,0.0,0.0,0.0,0.0,0,0,0.0,0.0,0,0,0.0,0.0,0,0,0.0,0.0,0,0,0.0,0
LGS2ORD0006143,C015989,2025-02-18 15:00:00,Female,42,Bronze,Shopee,Chonburi,584,Shopee,Credit_Card,15,2,1,0,40-50,19.466666666666665,0.0,0.0,0.0,-1,-1,0.0,0.0,0.0,0.0,0.0,0.0,0,0,0.0,0.0,0,0,0.0,0.0,0,0,0.0,0.0,0,0,0.0,0
LGS2ORD0006144,C015717,2025-02-18 16:00:00,Male,18,Silver,TV,Nakhon Ratchasima,901,CallCenter,COD,16,2,1,0,<20,30.033333333333335,1.0,1.0,1.0,33,46,392.47,0.2,1.0,0.0,0.0,0.0,0,0,0.0,0.0,0,0,0.0,392.47,1,1,1.0,392.47,1,1,1.0,0
LGS2ORD0006145,C013980,2025-02-18 16:00:00,Male,54,Bronze,Shopee,Phuket,808,CallCenter,COD,16,2,1,0,>50,26.933333333333334,2.0,1.0,0.5,0,8,7682.415,0.28,0.5,0.5,0.0,0.0,0,0,0.0,7685.64,1,1,1.0,15364.83,2,1,0.5,15364.83,2,1,0.5,1
LGS2ORD0006146,C010041,2025-02-18 16:00:00,Female,51,Silver,Web,Bangkok,865,Lazada,COD,16,2,1,0,>50,28.833333333333332,1.0,0.0,0.0,-1,28,3789.59,0.25,0.0,1.0,0.0,0.0,0,0,0.0,3789.59,1,0,0.0,3789.59,1,0,0.0,3789.59,1,0,0.0,1
LGS2ORD0006147,C015598,2025-02-18 16:00:00,Male,34,Bronze,Shopee,Bangkok,858,Shopee,Credit_Card,16,2,1,0,30-40,28.6,1.0,0.0,0.0,-1,27,992.65,0.18,1.0,0.0,0.0,0.0,0,0,0.0,992.65,1,0,0.0,992.65,1,0,0.0,992.65,1,0,0.0,0
LGS2ORD0006148,C014210,2025-02-18 16:00:00,Male,34,Bronze,Web,Remote_Area,541,Web,COD,16,2,1,0,30-40,18.033333333333335,4.0,0.0,0.0,-1,0,1733.3025,0.13,0.0,0.0,0.0,550.84,1,0,0.0,1176.2,2,0,0.0,6933.21,4,0,0.0,6933.21,4,0,0.0,0
LGS2ORD0006149,C017395,2025-02-18 17:00:00,Male,42,Bronze,Lazada,Khon Kaen,1080,Web,Credit_Card,17,2,1,0,40-50,36.0,1.0,0.0,0.0,-1,15,7625.78,0.13,1.0,0.0,0.0,0.0,0,0,0.0,7625.78,1,0,0.0,7625.78,1,0,0.0,7625.78,1,0,0.0,0
LGS2ORD0006150,C016397,2025-02-18 17:00:00,Male,57,Gold,Lazada,Chiang Mai,1101,Web,Bank_Transfer,17,2,1,0,>50,36.7,0.0,0.0,0.0,-1,-1,0.0,0.0,0.0,0.0,0.0,0.0,0,0,0.0,0.0,0,0,0.0,0.0,0,0,0.0,0.0,0,0,0.0,0
LGS2ORD0006151,C015948,2025-02-18 17:00:00,Female,43,Silver,Lazada,Chiang Mai,217,TV_Show,COD,17,2,1,0,40-50,7.233333333333333,0.0,0.0,0.0,-1,-1,0.0,0.0,0.0,0.0,0.0,0.0,0,0,0.0,0.0,0,0,0.0,0.0,0,0,0.0,0.0,0,0,0.0,0
LGS2ORD0006152,C015883,2025-02-18 17:00:00,Female,26,Bronze,Web,Chonburi,1224,Web,Bank_Transfer,17,2,1,0,20-30,40.8,1.0,0.0,0.0,-1,20,11893.91,0.03,0.0,0.0,0.0,0.0,0,0,0.0,11893.91,1,0,0.0,11893.91,1,0,0.0,11893.91,1,0,0.0,0
LGS2ORD0006153,C010287,2025-02-18 17:00:00,Male,51,Gold,Shopee,Bangkok,202,Web,COD,17,2,1,0,>50,6.733333333333333,1.0,0.0,0.0,-1,1,384.1,0.33,0.0,1.0,0.0,384.1,1,0,0.0,384.1,1,0,0.0,384.1,1,0,0.0,384.1,1,0,0.0,0
LGS2ORD0006154,C011977,2025-02-18 17:00:00,Male,60,Bronze,Shopee,Bangkok,378,Lazada,COD,17,2,1,0,>50,12.6,0.0,0.0,0.0,-1,-1,0.0,0.0,0.0,0.0,0.0,0.0,0,0,0.0,0.0,0,0,0.0,0.0,0,0,0.0,0.0,0,0,0.0,0
LGS2ORD0006155,C015830,2025-02-18 18:00:00,Male,38,Silver,TV,Chonburi,1426,Web,Credit_Card,18,2,1,0,30-40,47.53333333333333,0.0,0.0,0.0,-1,-1,0.0,0.0,0.0,0.0,0.0,0.0,0,0,0.0,0.0,0,0,0.0,0.0,0,0,0.0,0.0,0,0,0.0,0
LGS2ORD0006156,C016577,2025-02-18 18:00:00,Female,33,Silver,Web,Khon Kaen,1211,TV_Show,Credit_Card,18,2,1,0,30-40,40.36666666666667,2.0,0.0,0.0,-1,9,6301.675,0.25,0.0,0.5,0.0,0.0,0,0,0.0,12603.35,2,0,0.0,12603.35,2,0,0.0,12603.35,2,0,0.0,0
LGS2ORD0006157,C012303,2025-02-18 18:00:00,Male,39,Silver,TV,Nakhon Ratchasima,1247,TV_Show,COD,18,2,1,0,30-40,41.56666666666667,1.0,0.0,0.0,-1,35,1582.34,0.05,0.0,0.0,0.0,0.0,0,0,0.0,0.0,0,0,0.0,1582.34,1,0,0.0,1582.34,1,0,0.0,0
LGS2ORD0006158,C016077,2025-02-18 18:00:00,Male,40,Bronze,Web,Bangkok,190,Shopee,Credit_Card,18,2,1,0,30-40,6.333333333333333,0.0,0.0,0.0,-1,-1,0.0,0.0,0.0,0.0,0.0,0.0,0,0,0.0,0.0,0,0,0.0,0.0,0,0,0.0,0.0,0,0,0.0,0
LGS2ORD0006159,C012497,2025-02-18 18:00:00,Male,53,Silver,TV,Chiang Mai,209,Lazada,Bank_Transfer,18,2,1,0,>50,6.966666666666667,1.0,0.0,0.0,-1,18,4258.42,0.15,0.0,0.0,0.0,0.0,0,0,0.0,4258.42,1,0,0.0,4258.42,1,0,0.0,4258.42,1,0,0.0,0
LGS2ORD0006160,C016809,2025-02-18 19:00:00,Female,72,Bronze,TV,Chonburi,617,CallCenter,PromptPay,19,2,1,0,>50,20.566666666666666,0.0,0.0,0.0,-1,-1,0.0,0.0,0.0,0.0,0.0,0.0,0,0,0.0,0.0,0,0,0.0,0.0,0,0,0.0,0.0,0,0,0.0,1
LGS2ORD0006161,C010102,2025-02-18 19:00:00,Female,39,Bronze,Lazada,Chonburi,222,Lazada,PromptPay,19,2,1,0,30-40,7.4,1.0,0.0,0.0,-1,9,289.8,0.03,0.0,0.0,0.0,0.0,0,0,0.0,289.8,1,0,0.0,289.8,1,0,0.0,289.8,1,0,0.0,0
LGS2ORD0006162,C016446,2025-02-18 19:00:00,Female,28,Gold,TV,Bangkok,149,Web,PromptPay,19,2,1,0,20-30,4.966666666666667,1.0,0.0,0.0,-1,20,1866.27,0.2299999999999999,0.0,1.0,0.0,0.0,0,0,0.0,1866.27,1,0,0.0,1866.27,1,0,0.0,1866.27,1,0,0.0,0
LGS2ORD0006163,C010792,2025-02-18 19:00:00,Female,31,Gold,Shopee,Chonburi,1435,Shopee,Bank_Transfer,19,2,1,0,30-40,47.833333333333336,0.0,0.0,0.0,-1,-1,0.0,0.0,0.0,0.0,0.0,0.0,0,0,0.0,0.0,0,0,0.0,0.0,0,0,0.0,0.0,0,0,0.0,0
LGS2ORD0006164,C014881,2025-02-18 19:00:00,Female,55,Bronze,TV,Bangkok,626,Shopee,COD,19,2,1,0,>50,20.866666666666667,2.0,0.0,0.0,-1,8,19123.83,0.18,0.0,0.0,0.0,0.0,0,0,0.0,38247.66,2,0,0.0,38247.66,2,0,0.0,38247.66,2,0,0.0,0
LGS2ORD0006165,C011182,2025-02-18 20:00:00,Female,31,Silver,Lazada,Remote_Area,1315,Shopee,COD,20,2,1,0,30-40,43.833333333333336,2.0,0.0,0.0,-1,19,12896.595000000001,0.3,0.0,0.5,0.0,0.0,0,0,0.0,25793.190000000002,2,0,0.0,25793.190000000002,2,0,0.0,25793.190000000002,2,0,0.0,0
LGS2ORD0006166,C013240,2025-02-18 20:00:00,Male,62,Gold,TV,Songkhla,1300,Lazada,PromptPay,20,2,1,0,>50,43.333333333333336,2.0,1.0,0.5,10,17,7061.735000000001,0.33,0.5,0.5,0.0,0.0,0,0,0.0,14123.470000000001,2,1,0.5,14123.470000000001,2,1,0.5,14123.470000000001,2,1,0.5,0
LGS2ORD0006167,C016586,2025-02-18 20:00:00,Male,47,Bronze,Web,Bangkok,217,TV_Show,Credit_Card,20,2,1,0,40-50,7.233333333333333,1.0,0.0,0.0,-1,12,1696.3,0.03,0.0,0.0,0.0,0.0,0,0,0.0,1696.3,1,0,0.0,1696.3,1,0,0.0,1696.3,1,0,0.0,0
LGS2ORD0006168,C011676,2025-02-18 20:00:00,Male,28,Gold,Shopee,Nakhon Ratchasima,955,CallCenter,Credit_Card,20,2,1,0,20-30,31.833333333333332,1.0,0.0,0.0,-1,23,905.79,0.28,0.0,1.0,0.0,0.0,0,0,0.0,905.79,1,0,0.0,905.79,1,0,0.0,905.79,1,0,0.0,0
LGS2ORD0006169,C015781,2025-02-18 20:00:00,Female,45,Bronze,Shopee,Songkhla,1326,Shopee,Credit_Card,20,2,1,0,40-50,44.2,0.0,0.0,0.0,-1,-1,0.0,0.0,0.0,0.0,0.0,0.0,0,0,0.0,0.0,0,0,0.0,0.0,0,0,0.0,0.0,0,0,0.0,0
LGS2ORD0006170,C013230,2025-02-18 21:00:00,Male,54,Bronze,TV,Nakhon Ratchasima,1048,Lazada,Bank_Transfer,21,2,1,0,>50,34.93333333333333,0.0,0.0,0.0,-1,-1,0.0,0.0,0.0,0.0,0.0,0.0,0,0,0.0,0.0,0,0,0.0,0.0,0,0,0.0,0.0,0,0,0.0,0
LGS2ORD0006171,C012328,2025-02-18 21:00:00,Female,63,Bronze,Web,Chiang Mai,381,Web,COD,21,2,1,0,>50,12.7,3.0,1.0,0.3333333333333333,-4,2,3862.2899999999995,0.13,0.3333333333333333,0.0,0.0,11586.869999999999,3,1,0.3333333333333333,11586.869999999999,3,1,0.3333333333333333,11586.869999999999,3,1,0.3333333333333333,11586.869999999999,3,1,0.3333333333333333,0
LGS2ORD0006172,C010542,2025-02-18 21:00:00,Male,50,Platinum,CallCenter,Bangkok,540,Web,COD,21,2,1,0,40-50,18.0,1.0,0.0,0.0,-1,9,1019.39,0.35,0.0,1.0,0.0,0.0,0,0,0.0,1019.39,1,0,0.0,1019.39,1,0,0.0,1019.39,1,0,0.0,0
LGS2ORD0006173,C011902,2025-02-18 21:00:00,Female,51,Gold,TV,Bangkok,1496,Web,Credit_Card,21,2,1,0,>50,49.86666666666667,1.0,0.0,0.0,-1,3,2857.47,0.13,1.0,0.0,0.0,2857.47,1,0,0.0,2857.47,1,0,0.0,2857.47,1,0,0.0,2857.47,1,0,0.0,0
LGS2ORD0006174,C010081,2025-02-18 21:00:00,Male,46,Bronze,Shopee,Chonburi,670,Web,Credit_Card,21,2,1,0,40-50,22.333333333333332,0.0,0.0,0.0,-1,-1,0.0,0.0,0.0,0.0,0.0,0.0,0,0,0.0,0.0,0,0,0.0,0.0,0,0,0.0,0.0,0,0,0.0,1
LGS2ORD0006175,C011969,2025-02-18 21:00:00,Female,32,Bronze,TV,Bangkok,1454,Web,COD,21,2,1,0,30-40,48.46666666666667,1.0,1.0,1.0,13,26,3620.47,0.23,0.0,1.0,0.0,0.0,0,0,0.0,3620.47,1,1,1.0,3620.47,1,1,1.0,3620.47,1,1,1.0,0
LGS2ORD0006176,C012669,2025-02-18 22:00:00,Male,26,Silver,Web,Chonburi,679,Web,COD,22,2,1,0,20-30,22.633333333333333,0.0,0.0,0.0,-1,-1,0.0,0.0,0.0,0.0,0.0,0.0,0,0,0.0,0.0,0,0,0.0,0.0,0,0,0.0,0.0,0,0,0.0,0
LGS2ORD0006177,C013045,2025-02-18 22:00:00,Female,56,Bronze,TV,Khon Kaen,397,Web,COD,22,2,1,0,>50,13.233333333333333,1.0,1.0,1.0,0,9,3917.7,0.18,1.0,0.0,0.0,0.0,0,0,0.0,3917.7,1,1,1.0,3917.7,1,1,1.0,3917.7,1,1,1.0,0
LGS2ORD0006178,C016623,2025-02-18 22:00:00,Female,52,Gold,TV,Phuket,361,TV_Show,Credit_Card,22,2,1,0,>50,12.033333333333333,1.0,0.0,0.0,-1,35,965.71,0.08,1.0,0.0,0.0,0.0,0,0,0.0,0.0,0,0,0.0,965.71,1,0,0.0,965.71,1,0,0.0,0
LGS2ORD0006179,C015748,2025-02-18 22:00:00,Male,58,Bronze,Web,Chonburi,119,Shopee,COD,22,2,1,0,>50,3.966666666666667,0.0,0.0,0.0,-1,-1,0.0,0.0,0.0,0.0,0.0,0.0,0,0,0.0,0.0,0,0,0.0,0.0,0,0,0.0,0.0,0,0,0.0,0
LGS2ORD0006180,C011439,2025-02-18 22:00:00,Female,45,Silver,TV,Bangkok,1245,Lazada,COD,22,2,1,0,40-50,41.5,2.0,2.0,1.0,-14,1,3725.265,0.2,0.5,0.0,0.0,765.0,1,1,1.0,7450.53,2,2,1.0,7450.53,2,2,1.0,7450.53,2,2,1.0,0
LGS2ORD0006181,C015155,2025-02-18 23:00:00,Male,30,Platinum,Web,Nakhon Ratchasima,227,TV_Show,COD,23,2,1,0,20-30,7.566666666666666,0.0,0.0,0.0,-1,-1,0.0,0.0,0.0,0.0,0.0,0.0,0,0,0.0,0.0,0,0,0.0,0.0,0,0,0.0,0.0,0,0,0.0,0
LGS2ORD0006182,C010399,2025-02-18 23:00:00,Male,46,Platinum,Shopee,Chonburi,452,TV_Show,PromptPay,23,2,1,0,40-50,15.066666666666666,2.0,0.0,0.0,-1,26,1623.6399999999999,0.25,0.5,1.0,0.0,0.0,0,0,0.0,1272.17,1,0,0.0,3247.2799999999997,2,0,0.0,3247.2799999999997,2,0,0.0,0
LGS2ORD0006183,C016248,2025-02-18 23:00:00,Female,44,Silver,TV,Nakhon Ratchasima,748,Lazada,COD,23,2,1,0,40-50,24.933333333333334,2.0,0.0,0.0,-1,15,5435.58,0.25,0.0,0.5,0.0,0.0,0,0,0.0,8728.36,1,0,0.0,10871.16,2,0,0.0,10871.16,2,0,0.0,0
LGS2ORD0006184,C014931,2025-02-18 23:00:00,Female,40,Silver,Lazada,Remote_Area,378,Shopee,COD,23,2,1,0,30-40,12.6,1.0,1.0,1.0,1,6,11568.72,0.2,1.0,0.0,0.0,11568.72,1,1,1.0,11568.72,1,1,1.0,11568.72,1,1,1.0,11568.72,1,1,1.0,0
LGS2ORD0006185,C015768,2025-02-18 23:00:00,Female,18,Bronze,CallCenter,Nakhon Ratchasima,1392,Shopee,COD,23,2,1,0,<20,46.4,2.0,1.0,0.5,-6,8,4955.35,0.23,1.0,0.5,0.0,0.0,0,0,0.0,8981.19,1,1,1.0,9910.7,2,1,0.5,9910.7,2,1,0.5,1
LGS2ORD0006186,C010641,2025-02-19 00:00:00,Male,18,Bronze,Shopee,Chiang Mai,448,Lazada,PromptPay,0,2,2,0,<20,14.933333333333334,0.0,0.0,0.0,-1,-1,0.0,0.0,0.0,0.0,0.0,0.0,0,0,0.0,0.0,0,0,0.0,0.0,0,0,0.0,0.0,0,0,0.0,0
LGS2ORD0006187,C017374,2025-02-19 00:00:00,Male,48,Bronze,Shopee,Chiang Mai,1345,Lazada,Credit_Card,0,2,2,0,40-50,44.833333333333336,0.0,0.0,0.0,-1,-1,0.0,0.0,0.0,0.0,0.0,0.0,0,0,0.0,0.0,0,0,0.0,0.0,0,0,0.0,0.0,0,0,0.0,0
LGS2ORD0006188,C014661,2025-02-19 00:00:00,Male,48,Silver,Shopee,Nakhon Ratchasima,1285,TV_Show,COD,0,2,2,0,40-50,42.833333333333336,2.0,0.0,0.0,-1,26,1218.345,0.15,1.0,0.0,0.0,0.0,0,0,0.0,1529.11,1,0,0.0,2436.69,2,0,0.0,2436.69,2,0,0.0,0
LGS2ORD0006189,C015524,2025-02-19 00:00:00,Other,43,Silver,Lazada,Remote_Area,1210,TV_Show,Bank_Transfer,0,2,2,0,40-50,40.333333333333336,1.0,1.0,1.0,33,47,561.83,0.25,0.0,1.0,0.0,0.0,0,0,0.0,0.0,0,0,0.0,561.83,1,1,1.0,561.83,1,1,1.0,0
LGS2ORD0006190,C017817,2025-02-19 00:00:00,Male,18,Gold,Web,Chiang Mai,418,Shopee,Bank_Transfer,0,2,2,0,<20,13.933333333333334,2.0,1.0,0.5,22,7,4410.815,0.08,1.0,0.0,0.0,0.0,0,0,0.0,5250.66,1,0,0.0,8821.63,2,1,0.5,8821.63,2,1,0.5,0
LGS2ORD0006191,C016900,2025-02-19 00:00:00,Female,45,Bronze,Lazada,Remote_Area,1156,TV_Show,COD,0,2,2,0,40-50,38.53333333333333,0.0,0.0,0.0,-1,-1,0.0,0.0,0.0,0.0,0.0,0.0,0,0,0.0,0.0,0,0,0.0,0.0,0,0,0.0,0.0,0,0,0.0,1
LGS2ORD0006192,C012852,2025-02-19 01:00:00,Female,70,Bronze,CallCenter,Bangkok,1117,Web,COD,1,2,2,0,>50,37.233333333333334,3.0,1.0,0.3333333333333333,14,26,2995.183333333333,0.23,0.3333333333333333,0.3333333333333333,0.0,0.0,0,0,0.0,7592.31,1,1,1.0,8985.55,3,1,0.3333333333333333,8985.55,3,1,0.3333333333333333,0
LGS2ORD0006193,C016911,2025-02-19 01:00:00,Male,41,Silver,Shopee,Chonburi,931,TV_Show,COD,1,2,2,0,40-50,31.033333333333335,0.0,0.0,0.0,-1,-1,0.0,0.0,0.0,0.0,0.0,0.0,0,0,0.0,0.0,0,0,0.0,0.0,0,0,0.0,0.0,0,0,0.0,1
LGS2ORD0006194,C016903,2025-02-19 01:00:00,Female,52,Bronze,TV,Khon Kaen,818,Shopee,Bank_Transfer,1,2,2,0,>50,27.266666666666666,0.0,0.0,0.0,-1,-1,0.0,0.0,0.0,0.0,0.0,0.0,0,0,0.0,0.0,0,0,0.0,0.0,0,0,0.0,0.0,0,0,0.0,0
LGS2ORD0006195,C016886,2025-02-19 01:00:00,Male,27,Silver,Web,Nakhon Ratchasima,1505,TV_Show,COD,1,2,2,0,20-30,50.166666666666664,0.0,0.0,0.0,-1,-1,0.0,0.0,0.0,0.0,0.0,0.0,0,0,0.0,0.0,0,0,0.0,0.0,0,0,0.0,0.0,0,0,0.0,0
LGS2ORD0006196,C013003,2025-02-19 01:00:00,Female,42,Bronze,Lazada,Chiang Mai,827,TV_Show,Credit_Card,1,2,2,0,40-50,27.566666666666666,3.0,0.0,0.0,-1,12,2253.9066666666663,0.18,0.0,0.0,0.0,0.0,0,0,0.0,1189.07,1,0,0.0,6761.719999999999,3,0,0.0,6761.719999999999,3,0,0.0,0
LGS2ORD0006197,C016819,2025-02-19 02:00:00,Female,62,Bronze,TV,Bangkok,218,Shopee,COD,2,2,2,0,>50,7.266666666666667,1.0,0.0,0.0,-1,4,10608.63,0.18,0.0,0.0,0.0,10608.63,1,0,0.0,10608.63,1,0,0.0,10608.63,1,0,0.0,10608.63,1,0,0.0,0
LGS2ORD0006198,C017334,2025-02-19 02:00:00,Male,45,Silver,Web,Remote_Area,373,Shopee,COD,2,2,2,0,40-50,12.433333333333334,2.0,0.0,0.0,-1,25,1836.42,0.2,0.0,0.0,0.0,0.0,0,0,0.0,2887.0,1,0,0.0,3672.84,2,0,0.0,3672.84,2,0,0.0,0
LGS2ORD0006199,C015750,2025-02-19 02:00:00,Female,46,Gold,Lazada,Bangkok,726,Web,COD,2,2,2,0,40-50,24.2,3.0,1.0,0.3333333333333333,28,8,4843.2,0.28,0.3333333333333333,0.3333333333333333,0.0,0.0,0,0,0.0,6711.38,2,0,0.0,14529.6,3,1,0.3333333333333333,14529.6,3,1,0.3333333333333333,0
LGS2ORD0006200,C015249,2025-02-19 02:00:00,Male,61,Silver,Lazada,Khon Kaen,1311,Web,PromptPay,2,2,2,0,>50,43.7,0.0,0.0,0.0,-1,-1,0.0,0.0,0.0,0.0,0.0,0.0,0,0,0.0,0.0,0,0,0.0,0.0,0,0,0.0,0.0,0,0,0.0,0
LGS2ORD0006201,C014521,2025-02-19 02:00:00,Female,61,Bronze,Lazada,Bangkok,600,Shopee,COD,2,2,2,0,>50,20.0,0.0,0.0,0.0,-1,-1,0.0,0.0,0.0,0.0,0.0,0.0,0,0,0.0,0.0,0,0,0.0,0.0,0,0,0.0,0.0,0,0,0.0,1
LGS2ORD0006202,C010425,2025-02-19 03:00:00,Female,42,Silver,TV,Nakhon Ratchasima,165,CallCenter,Credit_Card,3,2,2,0,40-50,5.5,1.0,0.0,0.0,-1,30,549.2,0.3,0.0,1.0,0.0,0.0,0,0,0.0,0.0,0,0,0.0,549.2,1,0,0.0,549.2,1,0,0.0,0
LGS2ORD0006203,C010416,2025-02-19 03:00:00,Female,40,Platinum,Shopee,Bangkok,791,Lazada,COD,3,2,2,0,30-40,26.366666666666667,0.0,0.0,0.0,-1,-1,0.0,0.0,0.0,0.0,0.0,0.0,0,0,0.0,0.0,0,0,0.0,0.0,0,0,0.0,0.0,0,0,0.0,0
LGS2ORD0006204,C013761,2025-02-19 03:00:00,Female,44,Gold,CallCenter,Chiang Mai,89,Shopee,Credit_Card,3,2,2,0,40-50,2.966666666666667,1.0,0.0,0.0,-1,28,690.5,0.13,1.0,0.0,0.0,0.0,0,0,0.0,690.5,1,0,0.0,690.5,1,0,0.0,690.5,1,0,0.0,0
LGS2ORD0006205,C017088,2025-02-19 03:00:00,Male,38,Bronze,Shopee,Nakhon Ratchasima,1339,TV_Show,Credit_Card,3,2,2,0,30-40,44.63333333333333,0.0,0.0,0.0,-1,-1,0.0,0.0,0.0,0.0,0.0,0.0,0,0,0.0,0.0,0,0,0.0,0.0,0,0,0.0,0.0,0,0,0.0,0
LGS2ORD0006206,C011186,2025-02-19 03:00:00,Female,36,Bronze,Shopee,Bangkok,573,Shopee,Credit_Card,3,2,2,0,30-40,19.1,1.0,0.0,0.0,-1,9,19557.39,0.03,0.0,0.0,0.0,0.0,0,0,0.0,19557.39,1,0,0.0,19557.39,1,0,0.0,19557.39,1,0,0.0,0
LGS2ORD0006207,C012862,2025-02-19 04:00:00,Female,63,Silver,TV,Bangkok,509,CallCenter,COD,4,2,2,0,>50,16.966666666666665,0.0,0.0,0.0,-1,-1,0.0,0.0,0.0,0.0,0.0,0.0,0,0,0.0,0.0,0,0,0.0,0.0,0,0,0.0,0.0,0,0,0.0,0
LGS2ORD0006208,C015700,2025-02-19 04:00:00,Female,43,Gold,Web,Khon Kaen,1443,CallCenter,Credit_Card,4,2,2,0,40-50,48.1,1.0,0.0,0.0,-1,48,319.85,0.2299999999999999,0.0,1.0,0.0,0.0,0,0,0.0,0.0,0,0,0.0,319.85,1,0,0.0,319.85,1,0,0.0,0
LGS2ORD0006209,C016489,2025-02-19 04:00:00,Female,28,Silver,TV,Bangkok,563,Shopee,COD,4,2,2,0,20-30,18.766666666666666,0.0,0.0,0.0,-1,-1,0.0,0.0,0.0,0.0,0.0,0.0,0,0,0.0,0.0,0,0,0.0,0.0,0,0,0.0,0.0,0,0,0.0,0
LGS2ORD0006210,C011304,2025-02-19 04:00:00,Female,23,Bronze,Web,Remote_Area,898,Shopee,Credit_Card,4,2,2,0,20-30,29.933333333333334,0.0,0.0,0.0,-1,-1,0.0,0.0,0.0,0.0,0.0,0.0,0,0,0.0,0.0,0,0,0.0,0.0,0,0,0.0,0.0,0,0,0.0,0
LGS2ORD0006211,C012524,2025-02-19 04:00:00,Female,62,Bronze,CallCenter,Phuket,367,Web,Credit_Card,4,2,2,0,>50,12.233333333333333,0.0,0.0,0.0,-1,-1,0.0,0.0,0.0,0.0,0.0,0.0,0,0,0.0,0.0,0,0,0.0,0.0,0,0,0.0,0.0,0,0,0.0,0
LGS2ORD0006212,C017807,2025-02-19 04:00:00,Male,28,Silver,TV,Songkhla,1070,Shopee,COD,4,2,2,0,20-30,35.666666666666664,0.0,0.0,0.0,-1,-1,0.0,0.0,0.0,0.0,0.0,0.0,0,0,0.0,0.0,0,0,0.0,0.0,0,0,0.0,0.0,0,0,0.0,1
LGS2ORD0006213,C017710,2025-02-19 05:00:00,Female,50,Bronze,CallCenter,Bangkok,626,Lazada,COD,5,2,2,0,40-50,20.866666666666667,1.0,0.0,0.0,-1,31,2257.34,0.03,0.0,0.0,0.0,0.0,0,0,0.0,0.0,0,0,0.0,2257.34,1,0,0.0,2257.34,1,0,0.0,1
LGS2ORD0006214,C011971,2025-02-19 05:00:00,Female,28,Bronze,TV,Songkhla,1195,Web,COD,5,2,2,0,20-30,39.833333333333336,1.0,1.0,1.0,-1,10,3871.41,0.28,0.0,1.0,0.0,0.0,0,0,0.0,3871.41,1,1,1.0,3871.41,1,1,1.0,3871.41,1,1,1.0,0
LGS2ORD0006215,C017119,2025-02-19 05:00:00,Female,46,Silver,Shopee,Chonburi,689,TV_Show,COD,5,2,2,0,40-50,22.966666666666665,0.0,0.0,0.0,-1,-1,0.0,0.0,0.0,0.0,0.0,0.0,0,0,0.0,0.0,0,0,0.0,0.0,0,0,0.0,0.0,0,0,0.0,0
LGS2ORD0006216,C017053,2025-02-19 05:00:00,Male,45,Bronze,TV,Khon Kaen,864,TV_Show,Credit_Card,5,2,2,0,40-50,28.8,1.0,0.0,0.0,-1,1,1694.25,0.03,1.0,0.0,0.0,1694.25,1,0,0.0,1694.25,1,0,0.0,1694.25,1,0,0.0,1694.25,1,0,0.0,0
LGS2ORD0006217,C017370,2025-02-19 05:00:00,Male,46,Silver,TV,Bangkok,1433,TV_Show,PromptPay,5,2,2,0,40-50,47.766666666666666,2.0,1.0,0.5,10,16,794.14,0.25,0.5,0.5,0.0,0.0,0,0,0.0,1390.05,1,1,1.0,1588.28,2,1,0.5,1588.28,2,1,0.5,0
LGS2ORD0006218,C016273,2025-02-19 06:00:00,Female,55,Gold,TV,Phuket,88,Shopee,PromptPay,6,2,2,0,>50,2.933333333333333,0.0,0.0,0.0,-1,-1,0.0,0.0,0.0,0.0,0.0,0.0,0,0,0.0,0.0,0,0,0.0,0.0,0,0,0.0,0.0,0,0,0.0,1
LGS2ORD0006219,C012325,2025-02-19 06:00:00,Male,32,Gold,Web,Khon Kaen,870,TV_Show,PromptPay,6,2,2,0,30-40,29.0,1.0,0.0,0.0,-1,47,2264.38,0.08,1.0,0.0,0.0,0.0,0,0,0.0,0.0,0,0,0.0,2264.38,1,0,0.0,2264.38,1,0,0.0,1
LGS2ORD0006220,C016911,2025-02-19 06:00:00,Male,41,Silver,Shopee,Chonburi,931,Lazada,PromptPay,6,2,2,0,40-50,31.033333333333335,1.0,1.0,1.0,-12,0,10865.44,0.15,1.0,0.0,0.0,10865.44,1,1,1.0,10865.44,1,1,1.0,10865.44,1,1,1.0,10865.44,1,1,1.0,0
LGS2ORD0006221,C015435,2025-02-19 06:00:00,Female,36,Silver,TV,Phuket,169,Lazada,COD,6,2,2,0,30-40,5.633333333333334,0.0,0.0,0.0,-1,-1,0.0,0.0,0.0,0.0,0.0,0.0,0,0,0.0,0.0,0,0,0.0,0.0,0,0,0.0,0.0,0,0,0.0,0
LGS2ORD0006222,C011368,2025-02-19 06:00:00,Female,35,Platinum,TV,Chiang Mai,1135,Shopee,Credit_Card,6,2,2,0,30-40,37.833333333333336,2.0,0.0,0.0,-1,2,5403.615,0.25,1.0,0.5,0.0,9595.67,1,0,0.0,10807.23,2,0,0.0,10807.23,2,0,0.0,10807.23,2,0,0.0,0
LGS2ORD0006223,C016343,2025-02-19 07:00:00,Female,39,Bronze,TV,Songkhla,211,Web,COD,7,2,2,0,30-40,7.033333333333333,0.0,0.0,0.0,-1,-1,0.0,0.0,0.0,0.0,0.0,0.0,0,0,0.0,0.0,0,0,0.0,0.0,0,0,0.0,0.0,0,0,0.0,0
LGS2ORD0006224,C014818,2025-02-19 07:00:00,Female,35,Bronze,TV,Bangkok,1095,Web,Credit_Card,7,2,2,0,30-40,36.5,0.0,0.0,0.0,-1,-1,0.0,0.0,0.0,0.0,0.0,0.0,0,0,0.0,0.0,0,0,0.0,0.0,0,0,0.0,0.0,0,0,0.0,1
LGS2ORD0006225,C015506,2025-02-19 07:00:00,Male,37,Silver,Shopee,Khon Kaen,118,TV_Show,PromptPay,7,2,2,0,30-40,3.933333333333333,0.0,0.0,0.0,-1,-1,0.0,0.0,0.0,0.0,0.0,0.0,0,0,0.0,0.0,0,0,0.0,0.0,0,0,0.0,0.0,0,0,0.0,0
LGS2ORD0006226,C016617,2025-02-19 07:00:00,Male,36,Platinum,TV,Bangkok,1204,Shopee,COD,7,2,2,0,30-40,40.13333333333333,0.0,0.0,0.0,-1,-1,0.0,0.0,0.0,0.0,0.0,0.0,0,0,0.0,0.0,0,0,0.0,0.0,0,0,0.0,0.0,0,0,0.0,0
LGS2ORD0006227,C017560,2025-02-19 07:00:00,Male,20,Platinum,Web,Bangkok,1258,Shopee,COD,7,2,2,0,<20,41.93333333333333,0.0,0.0,0.0,-1,-1,0.0,0.0,0.0,0.0,0.0,0.0,0,0,0.0,0.0,0,0,0.0,0.0,0,0,0.0,0.0,0,0,0.0,0
LGS2ORD0006228,C017389,2025-02-19 08:00:00,Female,39,Bronze,CallCenter,Bangkok,1154,Lazada,COD,8,2,2,0,30-40,38.46666666666667,0.0,0.0,0.0,-1,-1,0.0,0.0,0.0,0.0,0.0,0.0,0,0,0.0,0.0,0,0,0.0,0.0,0,0,0.0,0.0,0,0,0.0,0
LGS2ORD0006229,C014803,2025-02-19 08:00:00,Female,54,Bronze,TV,Chiang Mai,1135,CallCenter,COD,8,2,2,0,>50,37.833333333333336,0.0,0.0,0.0,-1,-1,0.0,0.0,0.0,0.0,0.0,0.0,0,0,0.0,0.0,0,0,0.0,0.0,0,0,0.0,0.0,0,0,0.0,0
LGS2ORD0006230,C016062,2025-02-19 08:00:00,Female,37,Bronze,Web,Songkhla,1442,TV_Show,COD,8,2,2,0,30-40,48.06666666666667,2.0,1.0,0.5,6,14,2035.7600000000002,0.23,0.5,0.5,0.0,0.0,0,0,0.0,4071.5200000000004,2,1,0.5,4071.5200000000004,2,1,0.5,4071.5200000000004,2,1,0.5,0
LGS2ORD0006231,C017440,2025-02-19 08:00:00,Male,40,Bronze,Web,Bangkok,303,Web,COD,8,2,2,0,30-40,10.1,1.0,0.0,0.0,-1,37,1589.07,0.18,0.0,0.0,0.0,0.0,0,0,0.0,0.0,0,0,0.0,1589.07,1,0,0.0,1589.07,1,0,0.0,0
LGS2ORD0006232,C015828,2025-02-19 08:00:00,Male,42,Bronze,TV,Khon Kaen,1282,CallCenter,COD,8,2,2,0,40-50,42.733333333333334,4.0,3.0,0.75,20,26,3817.4275,0.28,1.0,0.5,0.0,0.0,0,0,0.0,14135.119999999999,3,2,0.6666666666666666,15269.71,4,3,0.75,15269.71,4,3,0.75,0
LGS2ORD0006233,C011782,2025-02-19 08:00:00,Female,45,Bronze,TV,Remote_Area,1449,Lazada,Credit_Card,8,2,2,0,40-50,48.3,2.0,1.0,0.5,13,19,1573.815,0.18,0.0,0.0,0.0,0.0,0,0,0.0,3147.63,2,1,0.5,3147.63,2,1,0.5,3147.63,2,1,0.5,0
LGS2ORD0006234,C016965,2025-02-19 09:00:00,Female,50,Silver,TV,Chiang Mai,88,Lazada,COD,9,2,2,0,40-50,2.933333333333333,0.0,0.0,0.0,-1,-1,0.0,0.0,0.0,0.0,0.0,0.0,0,0,0.0,0.0,0,0,0.0,0.0,0,0,0.0,0.0,0,0,0.0,0
LGS2ORD0006235,C013352,2025-02-19 09:00:00,Male,40,Bronze,Shopee,Phuket,1220,Lazada,Credit_Card,9,2,2,0,30-40,40.666666666666664,0.0,0.0,0.0,-1,-1,0.0,0.0,0.0,0.0,0.0,0.0,0,0,0.0,0.0,0,0,0.0,0.0,0,0,0.0,0.0,0,0,0.0,0
LGS2ORD0006236,C013156,2025-02-19 09:00:00,Male,64,Gold,Shopee,Bangkok,1477,TV_Show,Credit_Card,9,2,2,0,>50,49.233333333333334,1.0,0.0,0.0,-1,40,1312.74,0.2299999999999999,0.0,1.0,0.0,0.0,0,0,0.0,0.0,0,0,0.0,1312.74,1,0,0.0,1312.74,1,0,0.0,0
LGS2ORD0006237,C012899,2025-02-19 09:00:00,Male,58,Bronze,TV,Phuket,521,Web,COD,9,2,2,0,>50,17.366666666666667,1.0,0.0,0.0,-1,21,12484.11,0.08,1.0,0.0,0.0,0.0,0,0,0.0,12484.11,1,0,0.0,12484.11,1,0,0.0,12484.11,1,0,0.0,0
LGS2ORD0006238,C015179,2025-02-19 09:00:00,Male,41,Platinum,Lazada,Khon Kaen,1041,TV_Show,Bank_Transfer,9,2,2,0,40-50,34.7,0.0,0.0,0.0,-1,-1,0.0,0.0,0.0,0.0,0.0,0.0,0,0,0.0,0.0,0,0,0.0,0.0,0,0,0.0,0.0,0,0,0.0,0
LGS2ORD0006239,C014105,2025-02-19 10:00:00,Female,52,Silver,TV,Bangkok,880,CallCenter,Credit_Card,10,2,2,0,>50,29.333333333333332,1.0,0.0,0.0,-1,28,647.95,0.25,0.0,1.0,0.0,0.0,0,0,0.0,647.95,1,0,0.0,647.95,1,0,0.0,647.95,1,0,0.0,0
LGS2ORD0006240,C015156,2025-02-19 10:00:00,Female,31,Gold,Lazada,Khon Kaen,566,TV_Show,Bank_Transfer,10,2,2,0,30-40,18.866666666666667,1.0,0.0,0.0,-1,37,704.74,0.33,1.0,1.0,0.0,0.0,0,0,0.0,0.0,0,0,0.0,704.74,1,0,0.0,704.74,1,0,0.0,0
LGS2ORD0006241,C014179,2025-02-19 10:00:00,Male,18,Silver,Lazada,Songkhla,360,TV_Show,COD,10,2,2,0,<20,12.0,3.0,0.0,0.0,-1,8,4293.643333333333,0.2,0.0,0.0,0.0,0.0,0,0,0.0,1352.61,1,0,0.0,12880.93,3,0,0.0,12880.93,3,0,0.0,0
LGS2ORD0006242,C011169,2025-02-19 10:00:00,Female,53,Bronze,TV,Chiang Mai,666,TV_Show,Credit_Card,10,2,2,0,>50,22.2,2.0,0.0,0.0,-1,1,1550.2849999999999,0.18,0.5,0.0,0.0,3100.5699999999997,2,0,0.0,3100.5699999999997,2,0,0.0,3100.5699999999997,2,0,0.0,3100.5699999999997,2,0,0.0,0
LGS2ORD0006243,C013245,2025-02-19 10:00:00,Male,43,Bronze,TV,Songkhla,1193,Web,COD,10,2,2,0,40-50,39.766666666666666,1.0,1.0,1.0,12,17,678.85,0.03,1.0,0.0,0.0,0.0,0,0,0.0,678.85,1,1,1.0,678.85,1,1,1.0,678.85,1,1,1.0,1
LGS2ORD0006244,C014866,2025-02-19 11:00:00,Male,50,Bronze,Lazada,Bangkok,869,Shopee,COD,11,2,2,0,40-50,28.966666666666665,0.0,0.0,0.0,-1,-1,0.0,0.0,0.0,0.0,0.0,0.0,0,0,0.0,0.0,0,0,0.0,0.0,0,0,0.0,0.0,0,0,0.0,0
LGS2ORD0006245,C012645,2025-02-19 11:00:00,Female,45,Silver,Web,Nakhon Ratchasima,488,Web,Credit_Card,11,2,2,0,40-50,16.266666666666666,3.0,1.0,0.3333333333333333,29,35,6972.303333333333,0.2,0.6666666666666666,0.0,0.0,0.0,0,0,0.0,0.0,0,0,0.0,20916.91,3,1,0.3333333333333333,20916.91,3,1,0.3333333333333333,0
LGS2ORD0006246,C010497,2025-02-19 11:00:00,Female,56,Silver,Lazada,Khon Kaen,138,CallCenter,Credit_Card,11,2,2,0,>50,4.6,0.0,0.0,0.0,-1,-1,0.0,0.0,0.0,0.0,0.0,0.0,0,0,0.0,0.0,0,0,0.0,0.0,0,0,0.0,0.0,0,0,0.0,0
LGS2ORD0006247,C013656,2025-02-19 11:00:00,Female,26,Silver,Web,Chonburi,1385,CallCenter,Bank_Transfer,11,2,2,0,20-30,46.166666666666664,1.0,1.0,1.0,12,22,29648.09,0.05,1.0,0.0,0.0,0.0,0,0,0.0,29648.09,1,1,1.0,29648.09,1,1,1.0,29648.09,1,1,1.0,0
LGS2ORD0006248,C016233,2025-02-19 11:00:00,Female,58,Silver,Lazada,Khon Kaen,1322,TV_Show,COD,11,2,2,0,>50,44.06666666666667,2.0,1.0,0.5,25,17,2409.325,0.15,0.5,0.0,0.0,0.0,0,0,0.0,811.67,1,0,0.0,4818.65,2,1,0.5,4818.65,2,1,0.5,0
LGS2ORD0006249,C015755,2025-02-19 12:00:00,Female,27,Gold,TV,Chonburi,657,TV_Show,COD,12,2,2,0,20-30,21.9,1.0,1.0,1.0,15,21,14702.91,0.33,0.0,1.0,0.0,0.0,0,0,0.0,14702.91,1,1,1.0,14702.91,1,1,1.0,14702.91,1,1,1.0,0
LGS2ORD0006250,C012875,2025-02-19 12:00:00,Female,48,Gold,Web,Bangkok,262,TV_Show,COD,12,2,2,0,40-50,8.733333333333333,0.0,0.0,0.0,-1,-1,0.0,0.0,0.0,0.0,0.0,0.0,0,0,0.0,0.0,0,0,0.0,0.0,0,0,0.0,0.0,0,0,0.0,0
LGS2ORD0006251,C016833,2025-02-19 12:00:00,Female,48,Bronze,TV,Chiang Mai,1072,Shopee,COD,12,2,2,0,40-50,35.733333333333334,0.0,0.0,0.0,-1,-1,0.0,0.0,0.0,0.0,0.0,0.0,0,0,0.0,0.0,0,0,0.0,0.0,0,0,0.0,0.0,0,0,0.0,1
LGS2ORD0006252,C010065,2025-02-19 12:00:00,Male,38,Bronze,CallCenter,Khon Kaen,1507,Lazada,Credit_Card,12,2,2,0,30-40,50.233333333333334,2.0,0.0,0.0,-1,4,3016.2599999999998,0.23,1.0,0.5,0.0,4156.11,1,0,0.0,4156.11,1,0,0.0,6032.5199999999995,2,0,0.0,6032.5199999999995,2,0,0.0,0
LGS2ORD0006253,C014875,2025-02-19 12:00:00,Male,18,Silver,Shopee,Chonburi,295,Web,COD,12,2,2,0,<20,9.833333333333334,1.0,1.0,1.0,-6,6,7529.76,0.2,1.0,0.0,0.0,7529.76,1,1,1.0,7529.76,1,1,1.0,7529.76,1,1,1.0,7529.76,1,1,1.0,0
LGS2ORD0006254,C010376,2025-02-19 12:00:00,Female,38,Bronze,TV,Chonburi,807,Lazada,COD,12,2,2,0,30-40,26.9,0.0,0.0,0.0,-1,-1,0.0,0.0,0.0,0.0,0.0,0.0,0,0,0.0,0.0,0,0,0.0,0.0,0,0,0.0,0.0,0,0,0.0,0
LGS2ORD0006255,C015850,2025-02-19 13:00:00,Female,58,Bronze,TV,Nakhon Ratchasima,508,TV_Show,PromptPay,13,2,2,0,>50,16.933333333333334,0.0,0.0,0.0,-1,-1,0.0,0.0,0.0,0.0,0.0,0.0,0,0,0.0,0.0,0,0,0.0,0.0,0,0,0.0,0.0,0,0,0.0,0
LGS2ORD0006256,C017846,2025-02-19 13:00:00,Female,54,Gold,TV,Songkhla,366,Shopee,COD,13,2,2,0,>50,12.2,3.0,0.0,0.0,-1,30,7500.213333333333,0.18,0.3333333333333333,0.0,0.0,0.0,0,0,0.0,0.0,0,0,0.0,22500.64,3,0,0.0,22500.64,3,0,0.0,0
LGS2ORD0006257,C014869,2025-02-19 13:00:00,Female,50,Bronze,Lazada,Chonburi,164,Web,COD,13,2,2,0,40-50,5.466666666666667,2.0,0.0,0.0,-1,26,3934.42,0.08,0.5,0.0,0.0,0.0,0,0,0.0,830.04,1,0,0.0,7868.84,2,0,0.0,7868.84,2,0,0.0,1
LGS2ORD0006258,C013202,2025-02-19 13:00:00,Male,30,Bronze,Web,Khon Kaen,928,Shopee,COD,13,2,2,0,20-30,30.933333333333334,0.0,0.0,0.0,-1,-1,0.0,0.0,0.0,0.0,0.0,0.0,0,0,0.0,0.0,0,0,0.0,0.0,0,0,0.0,0.0,0,0,0.0,1
LGS2ORD0006259,C011487,2025-02-19 13:00:00,Female,31,Silver,Web,Remote_Area,1200,Lazada,COD,13,2,2,0,30-40,40.0,1.0,1.0,1.0,34,41,5533.46,0.25,0.0,1.0,0.0,0.0,0,0,0.0,0.0,0,0,0.0,5533.46,1,1,1.0,5533.46,1,1,1.0,0
LGS2ORD0006260,C015727,2025-02-19 14:00:00,Female,42,Silver,Shopee,Phuket,1076,CallCenter,COD,14,2,2,0,40-50,35.86666666666667,0.0,0.0,0.0,-1,-1,0.0,0.0,0.0,0.0,0.0,0.0,0,0,0.0,0.0,0,0,0.0,0.0,0,0,0.0,0.0,0,0,0.0,0
LGS2ORD0006261,C011299,2025-02-19 14:00:00,Male,43,Bronze,TV,Bangkok,1113,Lazada,COD,14,2,2,0,40-50,37.1,0.0,0.0,0.0,-1,-1,0.0,0.0,0.0,0.0,0.0,0.0,0,0,0.0,0.0,0,0,0.0,0.0,0,0,0.0,0.0,0,0,0.0,0
LGS2ORD0006262,C010016,2025-02-19 14:00:00,Male,39,Silver,Web,Chonburi,819,Web,COD,14,2,2,0,30-40,27.3,1.0,1.0,1.0,-4,1,4372.36,0.3,0.0,1.0,0.0,4372.36,1,1,1.0,4372.36,1,1,1.0,4372.36,1,1,1.0,4372.36,1,1,1.0,0
LGS2ORD0006263,C015013,2025-02-19 14:00:00,Male,51,Bronze,TV,Bangkok,403,Shopee,Bank_Transfer,14,2,2,0,>50,13.433333333333334,0.0,0.0,0.0,-1,-1,0.0,0.0,0.0,0.0,0.0,0.0,0,0,0.0,0.0,0,0,0.0,0.0,0,0,0.0,0.0,0,0,0.0,0
LGS2ORD0006264,C013475,2025-02-19 14:00:00,Male,46,Silver,Shopee,Khon Kaen,888,CallCenter,COD,14,2,2,0,40-50,29.6,1.0,0.0,0.0,-1,33,550.36,0.05,0.0,0.0,0.0,0.0,0,0,0.0,0.0,0,0,0.0,550.36,1,0,0.0,550.36,1,0,0.0,0
LGS2ORD0006265,C014249,2025-02-19 15:00:00,Female,41,Gold,Web,Remote_Area,1120,TV_Show,PromptPay,15,2,2,0,40-50,37.333333333333336,0.0,0.0,0.0,-1,-1,0.0,0.0,0.0,0.0,0.0,0.0,0,0,0.0,0.0,0,0,0.0,0.0,0,0,0.0,0.0,0,0,0.0,0
LGS2ORD0006266,C014917,2025-02-19 15:00:00,Female,56,Gold,TV,Songkhla,701,Shopee,Credit_Card,15,2,2,0,>50,23.366666666666667,0.0,0.0,0.0,-1,-1,0.0,0.0,0.0,0.0,0.0,0.0,0,0,0.0,0.0,0,0,0.0,0.0,0,0,0.0,0.0,0,0,0.0,0
LGS2ORD0006267,C011538,2025-02-19 15:00:00,Female,55,Bronze,TV,Phuket,319,Shopee,COD,15,2,2,0,>50,10.633333333333333,1.0,1.0,1.0,-1,6,565.95,0.28,1.0,1.0,0.0,565.95,1,1,1.0,565.95,1,1,1.0,565.95,1,1,1.0,565.95,1,1,1.0,1
LGS2ORD0006268,C017718,2025-02-19 15:00:00,Female,24,Gold,Shopee,Songkhla,389,Shopee,PromptPay,15,2,2,0,20-30,12.966666666666667,4.0,1.0,0.25,-2,10,7861.305,0.28,0.0,0.5,0.0,0.0,0,0,0.0,1521.72,2,1,0.5,31445.22,4,1,0.25,31445.22,4,1,0.25,1
LGS2ORD0006269,C010099,2025-02-19 15:00:00,Other,52,Bronze,Web,Khon Kaen,1026,TV_Show,COD,15,2,2,0,>50,34.2,1.0,1.0,1.0,7,19,1167.19,0.18,0.0,0.0,0.0,0.0,0,0,0.0,1167.19,1,1,1.0,1167.19,1,1,1.0,1167.19,1,1,1.0,0
LGS2ORD0006270,C016165,2025-02-19 16:00:00,Female,51,Gold,TV,Nakhon Ratchasima,1349,CallCenter,COD,16,2,2,0,>50,44.96666666666667,1.0,0.0,0.0,-1,11,1003.78,0.2299999999999999,1.0,1.0,0.0,0.0,0,0,0.0,1003.78,1,0,0.0,1003.78,1,0,0.0,1003.78,1,0,0.0,0
LGS2ORD0006271,C010569,2025-02-19 16:00:00,Female,34,Gold,CallCenter,Bangkok,770,Lazada,PromptPay,16,2,2,0,30-40,25.666666666666668,1.0,0.0,0.0,-1,24,1906.83,0.28,1.0,1.0,0.0,0.0,0,0,0.0,1906.83,1,0,0.0,1906.83,1,0,0.0,1906.83,1,0,0.0,0
LGS2ORD0006272,C014462,2025-02-19 16:00:00,Female,33,Platinum,Lazada,Chonburi,851,Shopee,PromptPay,16,2,2,0,30-40,28.366666666666667,1.0,0.0,0.0,-1,14,947.64,0.15,0.0,0.0,0.0,0.0,0,0,0.0,947.64,1,0,0.0,947.64,1,0,0.0,947.64,1,0,0.0,0
LGS2ORD0006273,C013458,2025-02-19 16:00:00,Female,18,Silver,Shopee,Songkhla,1106,TV_Show,COD,16,2,2,0,<20,36.86666666666667,1.0,0.0,0.0,-1,32,595.99,0.3,0.0,1.0,0.0,0.0,0,0,0.0,0.0,0,0,0.0,595.99,1,0,0.0,595.99,1,0,0.0,0
LGS2ORD0006274,C017949,2025-02-19 16:00:00,Female,41,Gold,Web,Khon Kaen,483,CallCenter,COD,16,2,2,0,40-50,16.1,3.0,1.0,0.3333333333333333,29,10,5501.376666666667,0.18,1.0,0.0,0.0,0.0,0,0,0.0,1240.27,1,0,0.0,16504.13,3,1,0.3333333333333333,16504.13,3,1,0.3333333333333333,0
LGS2ORD0006275,C015014,2025-02-19 16:00:00,Female,35,Bronze,Shopee,Bangkok,590,TV_Show,Bank_Transfer,16,2,2,0,30-40,19.666666666666668,2.0,1.0,0.5,-12,2,3104.03,0.23,0.0,1.0,0.0,693.64,1,1,1.0,6208.06,2,1,0.5,6208.06,2,1,0.5,6208.06,2,1,0.5,0
LGS2ORD0006276,C011500,2025-02-19 17:00:00,Female,28,Gold,Web,Nakhon Ratchasima,1162,Web,Credit_Card,17,2,2,0,20-30,38.733333333333334,0.0,0.0,0.0,-1,-1,0.0,0.0,0.0,0.0,0.0,0.0,0,0,0.0,0.0,0,0,0.0,0.0,0,0,0.0,0.0,0,0,0.0,0
LGS2ORD0006277,C015641,2025-02-19 17:00:00,Female,52,Gold,TV,Nakhon Ratchasima,70,Lazada,PromptPay,17,2,2,0,>50,2.3333333333333335,0.0,0.0,0.0,-1,-1,0.0,0.0,0.0,0.0,0.0,0.0,0,0,0.0,0.0,0,0,0.0,0.0,0,0,0.0,0.0,0,0,0.0,0
LGS2ORD0006278,C011649,2025-02-19 17:00:00,Male,53,Bronze,CallCenter,Remote_Area,672,Web,COD,17,2,2,0,>50,22.4,0.0,0.0,0.0,-1,-1,0.0,0.0,0.0,0.0,0.0,0.0,0,0,0.0,0.0,0,0,0.0,0.0,0,0,0.0,0.0,0,0,0.0,0
LGS2ORD0006279,C011190,2025-02-19 17:00:00,Female,43,Silver,Shopee,Chonburi,660,TV_Show,COD,17,2,2,0,40-50,22.0,0.0,0.0,0.0,-1,-1,0.0,0.0,0.0,0.0,0.0,0.0,0,0,0.0,0.0,0,0,0.0,0.0,0,0,0.0,0.0,0,0,0.0,0
LGS2ORD0006280,C014401,2025-02-19 17:00:00,Male,44,Platinum,Web,Khon Kaen,125,Web,Credit_Card,17,2,2,0,40-50,4.166666666666667,1.0,0.0,0.0,-1,1,24849.19,0.1,1.0,0.0,0.0,24849.19,1,0,0.0,24849.19,1,0,0.0,24849.19,1,0,0.0,24849.19,1,0,0.0,1
LGS2ORD0006281,C015656,2025-02-19 18:00:00,Male,36,Bronze,TV,Chiang Mai,333,Lazada,COD,18,2,2,0,30-40,11.1,0.0,0.0,0.0,-1,-1,0.0,0.0,0.0,0.0,0.0,0.0,0,0,0.0,0.0,0,0,0.0,0.0,0,0,0.0,0.0,0,0,0.0,0
LGS2ORD0006282,C014922,2025-02-19 18:00:00,Female,49,Bronze,Shopee,Chiang Mai,468,Shopee,Credit_Card,18,2,2,0,40-50,15.6,1.0,0.0,0.0,-1,5,9785.9,0.23,0.0,1.0,0.0,9785.9,1,0,0.0,9785.9,1,0,0.0,9785.9,1,0,0.0,9785.9,1,0,0.0,0
LGS2ORD0006283,C015743,2025-02-19 18:00:00,Male,32,Platinum,Web,Remote_Area,1018,TV_Show,COD,18,2,2,0,30-40,33.93333333333333,0.0,0.0,0.0,-1,-1,0.0,0.0,0.0,0.0,0.0,0.0,0,0,0.0,0.0,0,0,0.0,0.0,0,0,0.0,0.0,0,0,0.0,0
LGS2ORD0006284,C013037,2025-02-19 18:00:00,Female,51,Gold,TV,Chiang Mai,675,CallCenter,Credit_Card,18,2,2,0,>50,22.5,0.0,0.0,0.0,-1,-1,0.0,0.0,0.0,0.0,0.0,0.0,0,0,0.0,0.0,0,0,0.0,0.0,0,0,0.0,0.0,0,0,0.0,0
LGS2ORD0006285,C017303,2025-02-19 18:00:00,Female,72,Bronze,Shopee,Nakhon Ratchasima,547,TV_Show,Credit_Card,18,2,2,0,>50,18.233333333333334,1.0,0.0,0.0,-1,21,29797.27,0.08,1.0,0.0,0.0,0.0,0,0,0.0,29797.27,1,0,0.0,29797.27,1,0,0.0,29797.27,1,0,0.0,0
LGS2ORD0006286,C010842,2025-02-19 19:00:00,Female,64,Gold,Shopee,Chonburi,769,Shopee,Credit_Card,19,2,2,0,>50,25.633333333333333,1.0,1.0,1.0,-1,12,668.53,0.28,1.0,1.0,0.0,0.0,0,0,0.0,668.53,1,1,1.0,668.53,1,1,1.0,668.53,1,1,1.0,0
LGS2ORD0006287,C010109,2025-02-19 19:00:00,Female,19,Bronze,TV,Bangkok,663,Shopee,COD,19,2,2,0,<20,22.1,0.0,0.0,0.0,-1,-1,0.0,0.0,0.0,0.0,0.0,0.0,0,0,0.0,0.0,0,0,0.0,0.0,0,0,0.0,0.0,0,0,0.0,1
LGS2ORD0006288,C017501,2025-02-19 19:00:00,Female,48,Gold,Web,Phuket,871,CallCenter,PromptPay,19,2,2,0,40-50,29.033333333333335,2.0,1.0,0.5,2,2,2270.73,0.33,0.0,0.5,0.0,556.85,1,0,0.0,4541.46,2,1,0.5,4541.46,2,1,0.5,4541.46,2,1,0.5,0
LGS2ORD0006289,C016819,2025-02-19 19:00:00,Female,62,Bronze,TV,Bangkok,218,Shopee,COD,19,2,2,0,>50,7.266666666666667,2.0,0.0,0.0,-1,0,10659.71,0.23,0.5,0.5,0.0,21319.42,2,0,0.0,21319.42,2,0,0.0,21319.42,2,0,0.0,21319.42,2,0,0.0,1
LGS2ORD0006290,C014580,2025-02-19 19:00:00,Male,63,Gold,Lazada,Bangkok,482,Web,PromptPay,19,2,2,0,>50,16.066666666666666,2.0,0.0,0.0,-1,2,2908.3599999999997,0.33,1.0,0.5,0.0,5816.719999999999,2,0,0.0,5816.719999999999,2,0,0.0,5816.719999999999,2,0,0.0,5816.719999999999,2,0,0.0,0
LGS2ORD0006291,C010998,2025-02-19 20:00:00,Female,25,Gold,Web,Khon Kaen,1438,TV_Show,PromptPay,20,2,2,0,20-30,47.93333333333333,1.0,0.0,0.0,-1,3,5121.29,0.18,1.0,0.0,0.0,5121.29,1,0,0.0,5121.29,1,0,0.0,5121.29,1,0,0.0,5121.29,1,0,0.0,0
LGS2ORD0006292,C013072,2025-02-19 20:00:00,Female,23,Bronze,CallCenter,Khon Kaen,1168,Web,COD,20,2,2,0,20-30,38.93333333333333,1.0,0.0,0.0,-1,4,1300.05,0.28,0.0,1.0,0.0,1300.05,1,0,0.0,1300.05,1,0,0.0,1300.05,1,0,0.0,1300.05,1,0,0.0,1
LGS2ORD0006293,C012317,2025-02-19 20:00:00,Male,52,Silver,TV,Phuket,195,Lazada,Credit_Card,20,2,2,0,>50,6.5,1.0,0.0,0.0,-1,15,485.92,0.25,0.0,1.0,0.0,0.0,0,0,0.0,485.92,1,0,0.0,485.92,1,0,0.0,485.92,1,0,0.0,0
LGS2ORD0006294,C013890,2025-02-19 20:00:00,Other,47,Bronze,Shopee,Chiang Mai,1221,Web,COD,20,2,2,0,40-50,40.7,2.0,0.0,0.0,-1,31,5538.79,0.18,1.0,0.0,0.0,0.0,0,0,0.0,0.0,0,0,0.0,11077.58,2,0,0.0,11077.58,2,0,0.0,0
LGS2ORD0006295,C012875,2025-02-19 20:00:00,Female,48,Gold,Web,Bangkok,262,Shopee,COD,20,2,2,0,40-50,8.733333333333333,1.0,0.0,0.0,-1,0,6110.26,0.2299999999999999,1.0,1.0,0.0,6110.26,1,0,0.0,6110.26,1,0,0.0,6110.26,1,0,0.0,6110.26,1,0,0.0,0
LGS2ORD0006296,C014367,2025-02-19 20:00:00,Female,29,Bronze,TV,Remote_Area,537,TV_Show,COD,20,2,2,0,20-30,17.9,1.0,0.0,0.0,-1,13,2240.89,0.08,1.0,0.0,0.0,0.0,0,0,0.0,2240.89,1,0,0.0,2240.89,1,0,0.0,2240.89,1,0,0.0,0
LGS2ORD0006297,C016845,2025-02-19 21:00:00,Female,44,Bronze,TV,Nakhon Ratchasima,879,CallCenter,PromptPay,21,2,2,0,40-50,29.3,2.0,1.0,0.5,34,28,6475.535000000001,0.03,1.0,0.0,0.0,0.0,0,0,0.0,12560.78,1,0,0.0,12951.070000000002,2,1,0.5,12951.070000000002,2,1,0.5,0
LGS2ORD0006298,C012348,2025-02-19 21:00:00,Female,36,Bronze,CallCenter,Bangkok,501,Web,COD,21,2,2,0,30-40,16.7,2.0,0.0,0.0,-1,2,7774.895,0.18,1.0,0.0,0.0,15549.79,2,0,0.0,15549.79,2,0,0.0,15549.79,2,0,0.0,15549.79,2,0,0.0,0
LGS2ORD0006299,C014786,2025-02-19 21:00:00,Male,32,Bronze,TV,Remote_Area,749,Web,PromptPay,21,2,2,0,30-40,24.966666666666665,0.0,0.0,0.0,-1,-1,0.0,0.0,0.0,0.0,0.0,0.0,0,0,0.0,0.0,0,0,0.0,0.0,0,0,0.0,0.0,0,0,0.0,1
LGS2ORD0006300,C013861,2025-02-19 21:00:00,Female,32,Platinum,Lazada,Chonburi,1087,CallCenter,COD,21,2,2,0,30-40,36.233333333333334,0.0,0.0,0.0,-1,-1,0.0,0.0,0.0,0.0,0.0,0.0,0,0,0.0,0.0,0,0,0.0,0.0,0,0,0.0,0.0,0,0,0.0,0
LGS2ORD0006301,C013046,2025-02-19 21:00:00,Male,72,Bronze,TV,Remote_Area,685,TV_Show,COD,21,2,2,0,>50,22.833333333333332,0.0,0.0,0.0,-1,-1,0.0,0.0,0.0,0.0,0.0,0.0,0,0,0.0,0.0,0,0,0.0,0.0,0,0,0.0,0.0,0,0,0.0,1
LGS2ORD0006302,C014346,2025-02-19 22:00:00,Female,62,Silver,Web,Chiang Mai,850,Web,COD,22,2,2,0,>50,28.333333333333332,1.0,0.0,0.0,-1,34,22975.38,0.15,1.0,0.0,0.0,0.0,0,0,0.0,0.0,0,0,0.0,22975.38,1,0,0.0,22975.38,1,0,0.0,1
LGS2ORD0006303,C010386,2025-02-19 22:00:00,Female,32,Silver,Web,Bangkok,995,Web,Credit_Card,22,2,2,0,30-40,33.166666666666664,1.0,0.0,0.0,-1,15,3532.39,0.15,0.0,0.0,0.0,0.0,0,0,0.0,3532.39,1,0,0.0,3532.39,1,0,0.0,3532.39,1,0,0.0,0
LGS2ORD0006304,C014737,2025-02-19 22:00:00,Male,24,Silver,TV,Chonburi,684,Web,COD,22,2,2,0,20-30,22.8,0.0,0.0,0.0,-1,-1,0.0,0.0,0.0,0.0,0.0,0.0,0,0,0.0,0.0,0,0,0.0,0.0,0,0,0.0,0.0,0,0,0.0,0
LGS2ORD0006305,C010118,2025-02-19 22:00:00,Male,33,Silver,Lazada,Songkhla,1303,TV_Show,Bank_Transfer,22,2,2,0,30-40,43.43333333333333,0.0,0.0,0.0,-1,-1,0.0,0.0,0.0,0.0,0.0,0.0,0,0,0.0,0.0,0,0,0.0,0.0,0,0,0.0,0.0,0,0,0.0,0
LGS2ORD0006306,C017176,2025-02-19 22:00:00,Female,43,Bronze,Shopee,Remote_Area,425,Shopee,Bank_Transfer,22,2,2,0,40-50,14.166666666666666,0.0,0.0,0.0,-1,-1,0.0,0.0,0.0,0.0,0.0,0.0,0,0,0.0,0.0,0,0,0.0,0.0,0,0,0.0,0.0,0,0,0.0,0
LGS2ORD0006307,C015796,2025-02-19 23:00:00,Male,60,Bronze,Lazada,Bangkok,70,CallCenter,PromptPay,23,2,2,0,>50,2.3333333333333335,0.0,0.0,0.0,-1,-1,0.0,0.0,0.0,0.0,0.0,0.0,0,0,0.0,0.0,0,0,0.0,0.0,0,0,0.0,0.0,0,0,0.0,0
LGS2ORD0006308,C015211,2025-02-19 23:00:00,Other,41,Platinum,Shopee,Phuket,439,Web,PromptPay,23,2,2,0,40-50,14.633333333333333,1.0,0.0,0.0,-1,24,19583.37,0.15,0.0,0.0,0.0,0.0,0,0,0.0,19583.37,1,0,0.0,19583.37,1,0,0.0,19583.37,1,0,0.0,0
LGS2ORD0006309,C015054,2025-02-19 23:00:00,Female,36,Bronze,Web,Khon Kaen,1344,TV_Show,COD,23,2,2,0,30-40,44.8,0.0,0.0,0.0,-1,-1,0.0,0.0,0.0,0.0,0.0,0.0,0,0,0.0,0.0,0,0,0.0,0.0,0,0,0.0,0.0,0,0,0.0,0
LGS2ORD0006310,C014624,2025-02-19 23:00:00,Male,39,Bronze,Shopee,Khon Kaen,1484,TV_Show,COD,23,2,2,0,30-40,49.46666666666667,0.0,0.0,0.0,-1,-1,0.0,0.0,0.0,0.0,0.0,0.0,0,0,0.0,0.0,0,0,0.0,0.0,0,0,0.0,0.0,0,0,0.0,1
LGS2ORD0006311,C011432,2025-02-19 23:00:00,Female,53,Bronze,CallCenter,Chonburi,460,Lazada,COD,23,2,2,0,>50,15.333333333333334,0.0,0.0,0.0,-1,-1,0.0,0.0,0.0,0.0,0.0,0.0,0,0,0.0,0.0,0,0,0.0,0.0,0,0,0.0,0.0,0,0,0.0,0
LGS2ORD0006312,C016765,2025-02-19 23:00:00,Female,44,Platinum,Shopee,Khon Kaen,831,CallCenter,Credit_Card,23,2,2,0,40-50,27.7,0.0,0.0,0.0,-1,-1,0.0,0.0,0.0,0.0,0.0,0.0,0,0,0.0,0.0,0,0,0.0,0.0,0,0,0.0,0.0,0,0,0.0,1
LGS2ORD0006313,C016800,2025-02-20 00:00:00,Female,34,Bronze,TV,Bangkok,663,CallCenter,Credit_Card,0,2,3,0,30-40,22.1,1.0,0.0,0.0,-1,11,2833.93,0.23,0.0,1.0,0.0,0.0,0,0,0.0,2833.93,1,0,0.0,2833.93,1,0,0.0,2833.93,1,0,0.0,1
LGS2ORD0006314,C010528,2025-02-20 00:00:00,Male,56,Bronze,Web,Bangkok,518,TV_Show,Bank_Transfer,0,2,3,0,>50,17.266666666666666,1.0,1.0,1.0,8,22,4488.52,0.13,1.0,0.0,0.0,0.0,0,0,0.0,4488.52,1,1,1.0,4488.52,1,1,1.0,4488.52,1,1,1.0,1
LGS2ORD0006315,C015882,2025-02-20 00:00:00,Female,37,Gold,Shopee,Bangkok,159,TV_Show,PromptPay,0,2,3,0,30-40,5.3,1.0,0.0,0.0,-1,6,8563.3,0.28,1.0,1.0,0.0,8563.3,1,0,0.0,8563.3,1,0,0.0,8563.3,1,0,0.0,8563.3,1,0,0.0,0
LGS2ORD0006316,C013278,2025-02-20 00:00:00,Male,34,Silver,TV,Khon Kaen,1326,Lazada,COD,0,2,3,0,30-40,44.2,1.0,0.0,0.0,-1,36,3763.36,0.2,1.0,0.0,0.0,0.0,0,0,0.0,0.0,0,0,0.0,3763.36,1,0,0.0,3763.36,1,0,0.0,0
LGS2ORD0006317,C012722,2025-02-20 00:00:00,Male,53,Gold,Shopee,Songkhla,747,Shopee,Credit_Card,0,2,3,0,>50,24.9,0.0,0.0,0.0,-1,-1,0.0,0.0,0.0,0.0,0.0,0.0,0,0,0.0,0.0,0,0,0.0,0.0,0,0,0.0,0.0,0,0,0.0,1
LGS2ORD0006318,C012506,2025-02-20 01:00:00,Female,54,Bronze,CallCenter,Bangkok,604,Shopee,COD,1,2,3,0,>50,20.133333333333333,1.0,0.0,0.0,-1,4,4131.85,0.28,0.0,1.0,0.0,4131.85,1,0,0.0,4131.85,1,0,0.0,4131.85,1,0,0.0,4131.85,1,0,0.0,0
LGS2ORD0006319,C015394,2025-02-20 01:00:00,Male,72,Bronze,Shopee,Remote_Area,116,TV_Show,PromptPay,1,2,3,0,>50,3.8666666666666667,2.0,0.0,0.0,-1,17,4222.655,0.03,0.5,0.0,0.0,0.0,0,0,0.0,8445.31,2,0,0.0,8445.31,2,0,0.0,8445.31,2,0,0.0,0
LGS2ORD0006320,C017440,2025-02-20 01:00:00,Male,40,Bronze,Web,Bangkok,304,Shopee,PromptPay,1,2,3,0,30-40,10.133333333333333,2.0,0.0,0.0,-1,0,2923.96,0.18,0.5,0.0,0.0,4258.85,1,0,0.0,4258.85,1,0,0.0,5847.92,2,0,0.0,5847.92,2,0,0.0,0
LGS2ORD0006321,C014519,2025-02-20 01:00:00,Female,48,Bronze,Shopee,Bangkok,86,Lazada,PromptPay,1,2,3,0,40-50,2.8666666666666667,1.0,0.0,0.0,-1,4,1459.1,0.18,0.0,0.0,0.0,1459.1,1,0,0.0,1459.1,1,0,0.0,1459.1,1,0,0.0,1459.1,1,0,0.0,0
LGS2ORD0006322,C016990,2025-02-20 01:00:00,Male,47,Platinum,Shopee,Bangkok,366,TV_Show,Credit_Card,1,2,3,0,40-50,12.2,0.0,0.0,0.0,-1,-1,0.0,0.0,0.0,0.0,0.0,0.0,0,0,0.0,0.0,0,0,0.0,0.0,0,0,0.0,0.0,0,0,0.0,0
LGS2ORD0006323,C016947,2025-02-20 02:00:00,Female,39,Bronze,CallCenter,Bangkok,1022,TV_Show,COD,2,2,3,0,30-40,34.06666666666667,3.0,1.0,0.3333333333333333,-8,3,2201.686666666667,0.18,0.3333333333333333,0.0,0.0,1495.39,1,1,1.0,4862.78,2,1,0.5,6605.06,3,1,0.3333333333333333,6605.06,3,1,0.3333333333333333,1
LGS2ORD0006324,C017472,2025-02-20 02:00:00,Male,35,Bronze,Web,Bangkok,533,Lazada,Credit_Card,2,2,3,0,30-40,17.766666666666666,0.0,0.0,0.0,-1,-1,0.0,0.0,0.0,0.0,0.0,0.0,0,0,0.0,0.0,0,0,0.0,0.0,0,0,0.0,0.0,0,0,0.0,0
LGS2ORD0006325,C016114,2025-02-20 02:00:00,Female,53,Bronze,Web,Bangkok,377,CallCenter,PromptPay,2,2,3,0,>50,12.566666666666666,1.0,0.0,0.0,-1,42,7621.2,0.23,0.0,1.0,0.0,0.0,0,0,0.0,0.0,0,0,0.0,7621.2,1,0,0.0,7621.2,1,0,0.0,0
LGS2ORD0006326,C017500,2025-02-20 02:00:00,Female,62,Bronze,TV,Bangkok,612,Shopee,COD,2,2,3,0,>50,20.4,1.0,0.0,0.0,-1,25,8632.44,0.13,1.0,0.0,0.0,0.0,0,0,0.0,8632.44,1,0,0.0,8632.44,1,0,0.0,8632.44,1,0,0.0,0
LGS2ORD0006327,C012688,2025-02-20 02:00:00,Male,55,Silver,TV,Remote_Area,318,TV_Show,PromptPay,2,2,3,0,>50,10.6,0.0,0.0,0.0,-1,-1,0.0,0.0,0.0,0.0,0.0,0.0,0,0,0.0,0.0,0,0,0.0,0.0,0,0,0.0,0.0,0,0,0.0,0
LGS2ORD0006328,C012011,2025-02-20 03:00:00,Male,49,Silver,Web,Bangkok,169,Web,PromptPay,3,2,3,0,40-50,5.633333333333334,2.0,1.0,0.5,25,41,5369.094999999999,0.2,0.0,0.0,0.0,0.0,0,0,0.0,0.0,0,0,0.0,10738.189999999999,2,1,0.5,10738.189999999999,2,1,0.5,0
LGS2ORD0006329,C013414,2025-02-20 03:00:00,Male,39,Silver,Lazada,Nakhon Ratchasima,376,Lazada,Credit_Card,3,2,3,0,30-40,12.533333333333333,2.0,0.0,0.0,-1,33,4224.325,0.05,0.5,0.0,0.0,0.0,0,0,0.0,0.0,0,0,0.0,8448.65,2,0,0.0,8448.65,2,0,0.0,0
LGS2ORD0006330,C017245,2025-02-20 03:00:00,Male,60,Bronze,Shopee,Khon Kaen,216,TV_Show,Credit_Card,3,2,3,0,>50,7.2,1.0,1.0,1.0,7,22,2028.21,0.08,1.0,0.0,0.0,0.0,0,0,0.0,2028.21,1,1,1.0,2028.21,1,1,1.0,2028.21,1,1,1.0,0
LGS2ORD0006331,C016317,2025-02-20 03:00:00,Male,45,Bronze,Shopee,Bangkok,105,CallCenter,COD,3,2,3,0,40-50,3.5,2.0,2.0,1.0,3,17,2190.1949999999997,0.23,1.0,0.5,0.0,0.0,0,0,0.0,1174.15,1,1,1.0,4380.389999999999,2,2,1.0,4380.389999999999,2,2,1.0,1
LGS2ORD0006332,C011208,2025-02-20 03:00:00,Female,56,Bronze,TV,Chonburi,263,Web,COD,3,2,3,0,>50,8.766666666666667,0.0,0.0,0.0,-1,-1,0.0,0.0,0.0,0.0,0.0,0.0,0,0,0.0,0.0,0,0,0.0,0.0,0,0,0.0,0.0,0,0,0.0,0
LGS2ORD0006333,C011504,2025-02-20 03:00:00,Male,37,Bronze,TV,Bangkok,508,TV_Show,COD,3,2,3,0,30-40,16.933333333333334,0.0,0.0,0.0,-1,-1,0.0,0.0,0.0,0.0,0.0,0.0,0,0,0.0,0.0,0,0,0.0,0.0,0,0,0.0,0.0,0,0,0.0,0
LGS2ORD0006334,C011178,2025-02-20 04:00:00,Male,27,Silver,TV,Chonburi,81,Lazada,Credit_Card,4,2,3,0,20-30,2.7,0.0,0.0,0.0,-1,-1,0.0,0.0,0.0,0.0,0.0,0.0,0,0,0.0,0.0,0,0,0.0,0.0,0,0,0.0,0.0,0,0,0.0,1
LGS2ORD0006335,C013824,2025-02-20 04:00:00,Female,24,Silver,Lazada,Chiang Mai,1162,Lazada,Bank_Transfer,4,2,3,0,20-30,38.733333333333334,1.0,1.0,1.0,14,24,3074.99,0.2,0.0,0.0,0.0,0.0,0,0,0.0,3074.99,1,1,1.0,3074.99,1,1,1.0,3074.99,1,1,1.0,0
LGS2ORD0006336,C014011,2025-02-20 04:00:00,Female,46,Silver,CallCenter,Phuket,1120,Lazada,Credit_Card,4,2,3,0,40-50,37.333333333333336,0.0,0.0,0.0,-1,-1,0.0,0.0,0.0,0.0,0.0,0.0,0,0,0.0,0.0,0,0,0.0,0.0,0,0,0.0,0.0,0,0,0.0,0
LGS2ORD0006337,C010394,2025-02-20 04:00:00,Male,58,Bronze,Shopee,Songkhla,298,TV_Show,Credit_Card,4,2,3,0,>50,9.933333333333334,0.0,0.0,0.0,-1,-1,0.0,0.0,0.0,0.0,0.0,0.0,0,0,0.0,0.0,0,0,0.0,0.0,0,0,0.0,0.0,0,0,0.0,1
LGS2ORD0006338,C015380,2025-02-20 04:00:00,Male,63,Gold,CallCenter,Songkhla,1317,Web,Credit_Card,4,2,3,0,>50,43.9,1.0,0.0,0.0,-1,19,3710.76,0.13,0.0,0.0,0.0,0.0,0,0,0.0,3710.76,1,0,0.0,3710.76,1,0,0.0,3710.76,1,0,0.0,0
LGS2ORD0006339,C015541,2025-02-20 05:00:00,Female,62,Silver,TV,Chiang Mai,404,Shopee,COD,5,2,3,0,>50,13.466666666666667,2.0,0.0,0.0,-1,24,3024.605,0.2,1.0,0.0,0.0,0.0,0,0,0.0,6049.21,2,0,0.0,6049.21,2,0,0.0,6049.21,2,0,0.0,1
LGS2ORD0006340,C013550,2025-02-20 05:00:00,Female,42,Silver,TV,Bangkok,257,Shopee,COD,5,2,3,0,40-50,8.566666666666666,0.0,0.0,0.0,-1,-1,0.0,0.0,0.0,0.0,0.0,0.0,0,0,0.0,0.0,0,0,0.0,0.0,0,0,0.0,0.0,0,0,0.0,0
LGS2ORD0006341,C017263,2025-02-20 05:00:00,Female,31,Silver,Shopee,Chonburi,1185,TV_Show,COD,5,2,3,0,30-40,39.5,0.0,0.0,0.0,-1,-1,0.0,0.0,0.0,0.0,0.0,0.0,0,0,0.0,0.0,0,0,0.0,0.0,0,0,0.0,0.0,0,0,0.0,0
LGS2ORD0006342,C014979,2025-02-20 05:00:00,Female,59,Bronze,TV,Chiang Mai,1285,Shopee,Bank_Transfer,5,2,3,0,>50,42.833333333333336,0.0,0.0,0.0,-1,-1,0.0,0.0,0.0,0.0,0.0,0.0,0,0,0.0,0.0,0,0,0.0,0.0,0,0,0.0,0.0,0,0,0.0,0
LGS2ORD0006343,C016670,2025-02-20 05:00:00,Female,27,Bronze,Shopee,Nakhon Ratchasima,1107,Web,COD,5,2,3,0,20-30,36.9,1.0,1.0,1.0,28,36,1067.51,0.18,0.0,0.0,0.0,0.0,0,0,0.0,0.0,0,0,0.0,1067.51,1,1,1.0,1067.51,1,1,1.0,0
LGS2ORD0006344,C012856,2025-02-20 06:00:00,Female,37,Bronze,Web,Nakhon Ratchasima,616,Web,COD,6,2,3,0,30-40,20.533333333333335,2.0,0.0,0.0,-1,18,1651.94,0.23,0.0,0.5,0.0,0.0,0,0,0.0,3303.88,2,0,0.0,3303.88,2,0,0.0,3303.88,2,0,0.0,0
LGS2ORD0006345,C016985,2025-02-20 06:00:00,Male,30,Bronze,TV,Phuket,1361,TV_Show,COD,6,2,3,0,20-30,45.36666666666667,1.0,0.0,0.0,-1,24,10694.14,0.18,0.0,0.0,0.0,0.0,0,0,0.0,10694.14,1,0,0.0,10694.14,1,0,0.0,10694.14,1,0,0.0,0
LGS2ORD0006346,C015499,2025-02-20 06:00:00,Male,18,Bronze,Shopee,Bangkok,377,TV_Show,Credit_Card,6,2,3,0,<20,12.566666666666666,0.0,0.0,0.0,-1,-1,0.0,0.0,0.0,0.0,0.0,0.0,0,0,0.0,0.0,0,0,0.0,0.0,0,0,0.0,0.0,0,0,0.0,0
LGS2ORD0006347,C017796,2025-02-20 06:00:00,Female,59,Silver,Web,Phuket,687,TV_Show,Credit_Card,6,2,3,0,>50,22.9,0.0,0.0,0.0,-1,-1,0.0,0.0,0.0,0.0,0.0,0.0,0,0,0.0,0.0,0,0,0.0,0.0,0,0,0.0,0.0,0,0,0.0,0
LGS2ORD0006348,C014885,2025-02-20 06:00:00,Male,57,Silver,Shopee,Bangkok,385,TV_Show,Credit_Card,6,2,3,0,>50,12.833333333333334,0.0,0.0,0.0,-1,-1,0.0,0.0,0.0,0.0,0.0,0.0,0,0,0.0,0.0,0,0,0.0,0.0,0,0,0.0,0.0,0,0,0.0,0
LGS2ORD0006349,C013761,2025-02-20 07:00:00,Female,44,Gold,CallCenter,Chiang Mai,90,Web,COD,7,2,3,0,40-50,3.0,2.0,0.0,0.0,-1,1,4695.615,0.13,0.5,0.0,0.0,8700.73,1,0,0.0,9391.23,2,0,0.0,9391.23,2,0,0.0,9391.23,2,0,0.0,0
LGS2ORD0006350,C012938,2025-02-20 07:00:00,Female,26,Silver,Web,Khon Kaen,1018,Shopee,Bank_Transfer,7,2,3,0,20-30,33.93333333333333,0.0,0.0,0.0,-1,-1,0.0,0.0,0.0,0.0,0.0,0.0,0,0,0.0,0.0,0,0,0.0,0.0,0,0,0.0,0.0,0,0,0.0,0
LGS2ORD0006351,C012514,2025-02-20 07:00:00,Male,47,Silver,TV,Nakhon Ratchasima,1413,Web,COD,7,2,3,0,40-50,47.1,0.0,0.0,0.0,-1,-1,0.0,0.0,0.0,0.0,0.0,0.0,0,0,0.0,0.0,0,0,0.0,0.0,0,0,0.0,0.0,0,0,0.0,0
LGS2ORD0006352,C015644,2025-02-20 07:00:00,Male,43,Silver,Web,Bangkok,391,Shopee,Credit_Card,7,2,3,0,40-50,13.033333333333333,1.0,0.0,0.0,-1,27,1654.69,0.15,0.0,0.0,0.0,0.0,0,0,0.0,1654.69,1,0,0.0,1654.69,1,0,0.0,1654.69,1,0,0.0,0
LGS2ORD0006353,C014436,2025-02-20 07:00:00,Female,41,Silver,Web,Khon Kaen,1036,Web,COD,7,2,3,0,40-50,34.53333333333333,0.0,0.0,0.0,-1,-1,0.0,0.0,0.0,0.0,0.0,0.0,0,0,0.0,0.0,0,0,0.0,0.0,0,0,0.0,0.0,0,0,0.0,0
LGS2ORD0006354,C012792,2025-02-20 07:00:00,Female,18,Gold,Lazada,Bangkok,207,TV_Show,Credit_Card,7,2,3,0,<20,6.9,0.0,0.0,0.0,-1,-1,0.0,0.0,0.0,0.0,0.0,0.0,0,0,0.0,0.0,0,0,0.0,0.0,0,0,0.0,0.0,0,0,0.0,0
LGS2ORD0006355,C015894,2025-02-20 08:00:00,Male,41,Bronze,TV,Remote_Area,1015,Shopee,COD,8,2,3,0,40-50,33.833333333333336,0.0,0.0,0.0,-1,-1,0.0,0.0,0.0,0.0,0.0,0.0,0,0,0.0,0.0,0,0,0.0,0.0,0,0,0.0,0.0,0,0,0.0,1
LGS2ORD0006356,C013203,2025-02-20 08:00:00,Male,42,Gold,Lazada,Chonburi,829,Web,Bank_Transfer,8,2,3,0,40-50,27.633333333333333,0.0,0.0,0.0,-1,-1,0.0,0.0,0.0,0.0,0.0,0.0,0,0,0.0,0.0,0,0,0.0,0.0,0,0,0.0,0.0,0,0,0.0,0
LGS2ORD0006357,C010882,2025-02-20 08:00:00,Female,38,Bronze,TV,Bangkok,230,Shopee,COD,8,2,3,0,30-40,7.666666666666667,2.0,1.0,0.5,19,29,1835.28,0.23,0.5,0.5,0.0,0.0,0,0,0.0,1587.44,1,1,1.0,3670.56,2,1,0.5,3670.56,2,1,0.5,1
LGS2ORD0006358,C013123,2025-02-20 08:00:00,Male,40,Silver,TV,Bangkok,1089,Shopee,PromptPay,8,2,3,0,30-40,36.3,0.0,0.0,0.0,-1,-1,0.0,0.0,0.0,0.0,0.0,0.0,0,0,0.0,0.0,0,0,0.0,0.0,0,0,0.0,0.0,0,0,0.0,1
LGS2ORD0006359,C010066,2025-02-20 08:00:00,Female,45,Gold,TV,Bangkok,792,Shopee,Credit_Card,8,2,3,0,40-50,26.4,0.0,0.0,0.0,-1,-1,0.0,0.0,0.0,0.0,0.0,0.0,0,0,0.0,0.0,0,0,0.0,0.0,0,0,0.0,0.0,0,0,0.0,0
LGS2ORD0006360,C012656,2025-02-20 09:00:00,Female,29,Silver,Shopee,Bangkok,808,Lazada,Bank_Transfer,9,2,3,0,20-30,26.933333333333334,1.0,0.0,0.0,-1,21,4449.23,0.05,0.0,0.0,0.0,0.0,0,0,0.0,4449.23,1,0,0.0,4449.23,1,0,0.0,4449.23,1,0,0.0,0
LGS2ORD0006361,C013173,2025-02-20 09:00:00,Female,45,Silver,Web,Songkhla,1506,TV_Show,COD,9,2,3,0,40-50,50.2,0.0,0.0,0.0,-1,-1,0.0,0.0,0.0,0.0,0.0,0.0,0,0,0.0,0.0,0,0,0.0,0.0,0,0,0.0,0.0,0,0,0.0,1
LGS2ORD0006362,C013452,2025-02-20 09:00:00,Male,43,Bronze,Web,Chiang Mai,990,TV_Show,COD,9,2,3,0,40-50,33.0,0.0,0.0,0.0,-1,-1,0.0,0.0,0.0,0.0,0.0,0.0,0,0,0.0,0.0,0,0,0.0,0.0,0,0,0.0,0.0,0,0,0.0,0
LGS2ORD0006363,C011722,2025-02-20 09:00:00,Female,43,Silver,TV,Khon Kaen,1121,Web,COD,9,2,3,0,40-50,37.36666666666667,1.0,1.0,1.0,-7,7,943.07,0.3,1.0,1.0,0.0,0.0,0,0,0.0,943.07,1,1,1.0,943.07,1,1,1.0,943.07,1,1,1.0,0
LGS2ORD0006364,C013146,2025-02-20 09:00:00,Male,31,Bronze,TV,Songkhla,341,Lazada,Credit_Card,9,2,3,0,30-40,11.366666666666667,1.0,1.0,1.0,2,16,3745.15,0.03,0.0,0.0,0.0,0.0,0,0,0.0,3745.15,1,1,1.0,3745.15,1,1,1.0,3745.15,1,1,1.0,0
LGS2ORD0006365,C017289,2025-02-20 10:00:00,Female,38,Platinum,TV,Khon Kaen,1346,Shopee,COD,10,2,3,0,30-40,44.86666666666667,2.0,0.0,0.0,-1,25,584.515,0.25,1.0,1.0,0.0,0.0,0,0,0.0,1169.03,2,0,0.0,1169.03,2,0,0.0,1169.03,2,0,0.0,0
LGS2ORD0006366,C016588,2025-02-20 10:00:00,Female,43,Silver,Web,Khon Kaen,684,Shopee,COD,10,2,3,0,40-50,22.8,1.0,0.0,0.0,-1,42,6531.62,0.25,0.0,1.0,0.0,0.0,0,0,0.0,0.0,0,0,0.0,6531.62,1,0,0.0,6531.62,1,0,0.0,0
LGS2ORD0006367,C016145,2025-02-20 10:00:00,Female,44,Silver,Shopee,Chonburi,497,Web,Credit_Card,10,2,3,0,40-50,16.566666666666666,0.0,0.0,0.0,-1,-1,0.0,0.0,0.0,0.0,0.0,0.0,0,0,0.0,0.0,0,0,0.0,0.0,0,0,0.0,0.0,0,0,0.0,1
LGS2ORD0006368,C017099,2025-02-20 10:00:00,Female,45,Silver,Lazada,Chiang Mai,627,Lazada,PromptPay,10,2,3,0,40-50,20.9,0.0,0.0,0.0,-1,-1,0.0,0.0,0.0,0.0,0.0,0.0,0,0,0.0,0.0,0,0,0.0,0.0,0,0,0.0,0.0,0,0,0.0,0
LGS2ORD0006369,C010101,2025-02-20 10:00:00,Male,18,Bronze,CallCenter,Chonburi,1420,TV_Show,Credit_Card,10,2,3,0,<20,47.333333333333336,0.0,0.0,0.0,-1,-1,0.0,0.0,0.0,0.0,0.0,0.0,0,0,0.0,0.0,0,0,0.0,0.0,0,0,0.0,0.0,0,0,0.0,0
LGS2ORD0006370,C010433,2025-02-20 11:00:00,Male,32,Gold,CallCenter,Bangkok,587,Web,COD,11,2,3,0,30-40,19.566666666666666,1.0,0.0,0.0,-1,18,5601.75,0.28,0.0,1.0,0.0,0.0,0,0,0.0,5601.75,1,0,0.0,5601.75,1,0,0.0,5601.75,1,0,0.0,1
LGS2ORD0006371,C010723,2025-02-20 11:00:00,Male,38,Gold,Shopee,Khon Kaen,412,CallCenter,COD,11,2,3,0,30-40,13.733333333333333,0.0,0.0,0.0,-1,-1,0.0,0.0,0.0,0.0,0.0,0.0,0,0,0.0,0.0,0,0,0.0,0.0,0,0,0.0,0.0,0,0,0.0,0
LGS2ORD0006372,C010528,2025-02-20 11:00:00,Male,56,Bronze,Web,Bangkok,518,TV_Show,COD,11,2,3,0,>50,17.266666666666666,2.0,2.0,1.0,-6,0,2770.9500000000003,0.13,0.5,0.0,0.0,1053.38,1,1,1.0,5541.900000000001,2,2,1.0,5541.900000000001,2,2,1.0,5541.900000000001,2,2,1.0,1
LGS2ORD0006373,C015672,2025-02-20 11:00:00,Female,44,Bronze,CallCenter,Khon Kaen,1135,Lazada,PromptPay,11,2,3,0,40-50,37.833333333333336,1.0,0.0,0.0,-1,41,5611.36,0.18,1.0,0.0,0.0,0.0,0,0,0.0,0.0,0,0,0.0,5611.36,1,0,0.0,5611.36,1,0,0.0,1
LGS2ORD0006374,C016210,2025-02-20 11:00:00,Female,37,Silver,TV,Chonburi,847,TV_Show,COD,11,2,3,0,30-40,28.233333333333334,1.0,0.0,0.0,-1,11,2731.36,0.2,1.0,0.0,0.0,0.0,0,0,0.0,2731.36,1,0,0.0,2731.36,1,0,0.0,2731.36,1,0,0.0,0
LGS2ORD0006375,C013782,2025-02-20 11:00:00,Male,25,Gold,Shopee,Songkhla,193,TV_Show,Credit_Card,11,2,3,0,20-30,6.433333333333334,1.0,1.0,1.0,36,43,1019.67,0.28,1.0,1.0,0.0,0.0,0,0,0.0,0.0,0,0,0.0,1019.67,1,1,1.0,1019.67,1,1,1.0,0
LGS2ORD0006376,C017154,2025-02-20 12:00:00,Male,54,Bronze,TV,Nakhon Ratchasima,1390,TV_Show,Credit_Card,12,2,3,0,>50,46.333333333333336,0.0,0.0,0.0,-1,-1,0.0,0.0,0.0,0.0,0.0,0.0,0,0,0.0,0.0,0,0,0.0,0.0,0,0,0.0,0.0,0,0,0.0,0
LGS2ORD0006377,C011208,2025-02-20 12:00:00,Female,56,Bronze,TV,Chonburi,263,Lazada,Credit_Card,12,2,3,0,>50,8.766666666666667,1.0,0.0,0.0,-1,0,37861.36,0.08,1.0,0.0,0.0,37861.36,1,0,0.0,37861.36,1,0,0.0,37861.36,1,0,0.0,37861.36,1,0,0.0,0
LGS2ORD0006378,C015378,2025-02-20 12:00:00,Female,32,Silver,Web,Chonburi,923,TV_Show,PromptPay,12,2,3,0,30-40,30.766666666666666,2.0,0.0,0.0,-1,16,11554.745,0.2,0.0,0.0,0.0,0.0,0,0,0.0,21197.31,1,0,0.0,23109.49,2,0,0.0,23109.49,2,0,0.0,0
LGS2ORD0006379,C016659,2025-02-20 12:00:00,Female,52,Gold,Web,Songkhla,288,Web,COD,12,2,3,0,>50,9.6,1.0,0.0,0.0,-1,47,3733.66,0.13,0.0,0.0,0.0,0.0,0,0,0.0,0.0,0,0,0.0,3733.66,1,0,0.0,3733.66,1,0,0.0,1
LGS2ORD0006380,C015001,2025-02-20 12:00:00,Female,40,Bronze,TV,Bangkok,961,TV_Show,COD,12,2,3,0,30-40,32.03333333333333,1.0,0.0,0.0,-1,17,1232.09,0.03,1.0,0.0,0.0,0.0,0,0,0.0,1232.09,1,0,0.0,1232.09,1,0,0.0,1232.09,1,0,0.0,1
LGS2ORD0006381,C014177,2025-02-20 13:00:00,Male,61,Platinum,Shopee,Chiang Mai,1130,TV_Show,COD,13,2,3,0,>50,37.666666666666664,2.0,0.0,0.0,-1,4,5452.9349999999995,0.25,0.5,1.0,0.0,772.74,1,0,0.0,772.74,1,0,0.0,10905.869999999999,2,0,0.0,10905.869999999999,2,0,0.0,0
LGS2ORD0006382,C017576,2025-02-20 13:00:00,Female,42,Silver,TV,Chonburi,648,Shopee,Bank_Transfer,13,2,3,0,40-50,21.6,0.0,0.0,0.0,-1,-1,0.0,0.0,0.0,0.0,0.0,0.0,0,0,0.0,0.0,0,0,0.0,0.0,0,0,0.0,0.0,0,0,0.0,0
LGS2ORD0006383,C012292,2025-02-20 13:00:00,Female,37,Gold,TV,Nakhon Ratchasima,1301,CallCenter,COD,13,2,3,0,30-40,43.36666666666667,1.0,0.0,0.0,-1,35,2079.77,0.33,1.0,1.0,0.0,0.0,0,0,0.0,0.0,0,0,0.0,2079.77,1,0,0.0,2079.77,1,0,0.0,0
LGS2ORD0006384,C014465,2025-02-20 13:00:00,Male,64,Bronze,Lazada,Bangkok,541,Web,Bank_Transfer,13,2,3,0,>50,18.033333333333335,1.0,0.0,0.0,-1,4,20812.56,0.18,1.0,0.0,0.0,20812.56,1,0,0.0,20812.56,1,0,0.0,20812.56,1,0,0.0,20812.56,1,0,0.0,0
LGS2ORD0006385,C013491,2025-02-20 13:00:00,Male,55,Gold,TV,Khon Kaen,294,Shopee,COD,13,2,3,0,>50,9.8,1.0,0.0,0.0,-1,37,1844.06,0.2299999999999999,1.0,1.0,0.0,0.0,0,0,0.0,0.0,0,0,0.0,1844.06,1,0,0.0,1844.06,1,0,0.0,1
LGS2ORD0006386,C015288,2025-02-20 14:00:00,Female,39,Silver,TV,Chiang Mai,1329,TV_Show,Bank_Transfer,14,2,3,0,30-40,44.3,0.0,0.0,0.0,-1,-1,0.0,0.0,0.0,0.0,0.0,0.0,0,0,0.0,0.0,0,0,0.0,0.0,0,0,0.0,0.0,0,0,0.0,0
LGS2ORD0006387,C014638,2025-02-20 14:00:00,Female,58,Bronze,TV,Bangkok,610,Lazada,COD,14,2,3,0,>50,20.333333333333332,1.0,1.0,1.0,1,10,16804.53,0.08,1.0,0.0,0.0,0.0,0,0,0.0,16804.53,1,1,1.0,16804.53,1,1,1.0,16804.53,1,1,1.0,0
LGS2ORD0006388,C010756,2025-02-20 14:00:00,Male,54,Bronze,TV,Phuket,1477,TV_Show,COD,14,2,3,0,>50,49.233333333333334,2.0,0.0,0.0,-1,15,11003.800000000001,0.28,0.5,1.0,0.0,0.0,0,0,0.0,1459.9,1,0,0.0,22007.600000000002,2,0,0.0,22007.600000000002,2,0,0.0,0
LGS2ORD0006389,C010616,2025-02-20 14:00:00,Female,43,Platinum,Shopee,Remote_Area,517,TV_Show,Bank_Transfer,14,2,3,0,40-50,17.233333333333334,0.0,0.0,0.0,-1,-1,0.0,0.0,0.0,0.0,0.0,0.0,0,0,0.0,0.0,0,0,0.0,0.0,0,0,0.0,0.0,0,0,0.0,0
LGS2ORD0006390,C010683,2025-02-20 14:00:00,Male,50,Silver,Shopee,Khon Kaen,316,Shopee,COD,14,2,3,0,40-50,10.533333333333333,1.0,0.0,0.0,-1,17,26015.96,0.2,0.0,0.0,0.0,0.0,0,0,0.0,26015.96,1,0,0.0,26015.96,1,0,0.0,26015.96,1,0,0.0,0
LGS2ORD0006391,C012123,2025-02-20 15:00:00,Female,22,Silver,TV,Khon Kaen,1101,Web,COD,15,2,3,0,20-30,36.7,2.0,1.0,0.5,36,47,4808.855,0.15,1.0,0.0,0.0,0.0,0,0,0.0,0.0,0,0,0.0,9617.71,2,1,0.5,9617.71,2,1,0.5,0
LGS2ORD0006392,C013114,2025-02-20 15:00:00,Female,33,Gold,Shopee,Khon Kaen,666,Shopee,COD,15,2,3,0,30-40,22.2,2.0,0.0,0.0,-1,11,7071.675,0.33,0.0,1.0,0.0,0.0,0,0,0.0,14143.35,2,0,0.0,14143.35,2,0,0.0,14143.35,2,0,0.0,0
LGS2ORD0006393,C011380,2025-02-20 15:00:00,Female,26,Bronze,Shopee,Khon Kaen,1312,CallCenter,COD,15,2,3,0,20-30,43.733333333333334,1.0,0.0,0.0,-1,30,10766.62,0.03,1.0,0.0,0.0,0.0,0,0,0.0,0.0,0,0,0.0,10766.62,1,0,0.0,10766.62,1,0,0.0,1
LGS2ORD0006394,C012892,2025-02-20 15:00:00,Male,35,Bronze,Web,Songkhla,452,TV_Show,COD,15,2,3,0,30-40,15.066666666666666,0.0,0.0,0.0,-1,-1,0.0,0.0,0.0,0.0,0.0,0.0,0,0,0.0,0.0,0,0,0.0,0.0,0,0,0.0,0.0,0,0,0.0,0
LGS2ORD0006395,C012716,2025-02-20 15:00:00,Male,54,Bronze,Lazada,Songkhla,721,CallCenter,Credit_Card,15,2,3,0,>50,24.033333333333335,1.0,1.0,1.0,-11,2,8777.9,0.28,1.0,1.0,0.0,8777.9,1,1,1.0,8777.9,1,1,1.0,8777.9,1,1,1.0,8777.9,1,1,1.0,0
LGS2ORD0006396,C017421,2025-02-20 15:00:00,Female,49,Gold,CallCenter,Bangkok,199,Lazada,COD,15,2,3,0,40-50,6.633333333333334,0.0,0.0,0.0,-1,-1,0.0,0.0,0.0,0.0,0.0,0.0,0,0,0.0,0.0,0,0,0.0,0.0,0,0,0.0,0.0,0,0,0.0,1
LGS2ORD0006397,C017585,2025-02-20 16:00:00,Female,29,Silver,Shopee,Bangkok,673,Shopee,COD,16,2,3,0,20-30,22.433333333333334,0.0,0.0,0.0,-1,-1,0.0,0.0,0.0,0.0,0.0,0.0,0,0,0.0,0.0,0,0,0.0,0.0,0,0,0.0,0.0,0,0,0.0,1
LGS2ORD0006398,C015434,2025-02-20 16:00:00,Female,34,Gold,Web,Nakhon Ratchasima,1478,Web,Bank_Transfer,16,2,3,0,30-40,49.266666666666666,1.0,0.0,0.0,-1,44,1716.47,0.2299999999999999,0.0,1.0,0.0,0.0,0,0,0.0,0.0,0,0,0.0,1716.47,1,0,0.0,1716.47,1,0,0.0,0
LGS2ORD0006399,C015412,2025-02-20 16:00:00,Male,39,Silver,Shopee,Nakhon Ratchasima,525,Lazada,COD,16,2,3,0,30-40,17.5,1.0,0.0,0.0,-1,35,1676.8,0.05,0.0,0.0,0.0,0.0,0,0,0.0,0.0,0,0,0.0,1676.8,1,0,0.0,1676.8,1,0,0.0,1
LGS2ORD0006400,C017001,2025-02-20 16:00:00,Male,60,Silver,TV,Bangkok,128,Shopee,COD,16,2,3,0,>50,4.266666666666667,1.0,1.0,1.0,17,20,6354.21,0.05,1.0,0.0,0.0,0.0,0,0,0.0,6354.21,1,1,1.0,6354.21,1,1,1.0,6354.21,1,1,1.0,0
LGS2ORD0006401,C014212,2025-02-20 16:00:00,Female,51,Silver,TV,Bangkok,91,Shopee,PromptPay,16,2,3,0,>50,3.033333333333333,2.0,1.0,0.5,29,27,946.135,0.2,0.5,0.0,0.0,0.0,0,0,0.0,1094.4,1,0,0.0,1892.27,2,1,0.5,1892.27,2,1,0.5,0
LGS2ORD0006402,C012466,2025-02-20 17:00:00,Female,28,Silver,Web,Chonburi,722,Web,COD,17,2,3,0,20-30,24.066666666666666,1.0,0.0,0.0,-1,37,1644.19,0.25,0.0,1.0,0.0,0.0,0,0,0.0,0.0,0,0,0.0,1644.19,1,0,0.0,1644.19,1,0,0.0,0
LGS2ORD0006403,C011147,2025-02-20 17:00:00,Male,54,Bronze,Shopee,Bangkok,1239,Web,COD,17,2,3,0,>50,41.3,0.0,0.0,0.0,-1,-1,0.0,0.0,0.0,0.0,0.0,0.0,0,0,0.0,0.0,0,0,0.0,0.0,0,0,0.0,0.0,0,0,0.0,1
LGS2ORD0006404,C014943,2025-02-20 17:00:00,Female,32,Bronze,Shopee,Songkhla,1407,Web,COD,17,2,3,0,30-40,46.9,1.0,0.0,0.0,-1,18,470.64,0.03,0.0,0.0,0.0,0.0,0,0,0.0,470.64,1,0,0.0,470.64,1,0,0.0,470.64,1,0,0.0,0
LGS2ORD0006405,C013413,2025-02-20 17:00:00,Male,57,Silver,Web,Bangkok,586,TV_Show,Credit_Card,17,2,3,0,>50,19.533333333333335,0.0,0.0,0.0,-1,-1,0.0,0.0,0.0,0.0,0.0,0.0,0,0,0.0,0.0,0,0,0.0,0.0,0,0,0.0,0.0,0,0,0.0,0
LGS2ORD0006406,C015247,2025-02-20 17:00:00,Female,25,Silver,CallCenter,Chonburi,1123,Shopee,Credit_Card,17,2,3,0,20-30,37.43333333333333,3.0,0.0,0.0,-1,10,20172.636666666665,0.2,0.3333333333333333,0.0,0.0,0.0,0,0,0.0,46466.759999999995,2,0,0.0,60517.909999999996,3,0,0.0,60517.909999999996,3,0,0.0,0
LGS2ORD0006407,C010032,2025-02-20 18:00:00,Male,52,Silver,Shopee,Nakhon Ratchasima,265,Web,Bank_Transfer,18,2,3,0,>50,8.833333333333334,1.0,0.0,0.0,-1,50,3381.91,0.2,0.0,0.0,0.0,0.0,0,0,0.0,0.0,0,0,0.0,3381.91,1,0,0.0,3381.91,1,0,0.0,0
LGS2ORD0006408,C017669,2025-02-20 18:00:00,Female,33,Bronze,TV,Remote_Area,528,TV_Show,COD,18,2,3,0,30-40,17.6,3.0,1.0,0.3333333333333333,38,9,8442.266666666666,0.23,0.3333333333333333,0.3333333333333333,0.0,0.0,0,0,0.0,17775.05,2,0,0.0,25326.8,3,1,0.3333333333333333,25326.8,3,1,0.3333333333333333,0
LGS2ORD0006409,C010379,2025-02-20 18:00:00,Female,36,Silver,Lazada,Bangkok,1212,Web,Credit_Card,18,2,3,0,30-40,40.4,1.0,0.0,0.0,-1,34,1972.58,0.2,1.0,0.0,0.0,0.0,0,0,0.0,0.0,0,0,0.0,1972.58,1,0,0.0,1972.58,1,0,0.0,0
LGS2ORD0006410,C016233,2025-02-20 18:00:00,Female,58,Silver,Lazada,Khon Kaen,1323,Web,COD,18,2,3,0,>50,44.1,3.0,1.0,0.3333333333333333,27,1,1724.5933333333332,0.2,0.6666666666666666,0.0,0.0,355.13,1,0,0.0,1166.8,2,0,0.0,5173.78,3,1,0.3333333333333333,5173.78,3,1,0.3333333333333333,0
LGS2ORD0006411,C016069,2025-02-20 18:00:00,Other,56,Bronze,TV,Bangkok,993,Web,Credit_Card,18,2,3,0,>50,33.1,1.0,1.0,1.0,21,31,4005.05,0.23,1.0,1.0,0.0,0.0,0,0,0.0,0.0,0,0,0.0,4005.05,1,1,1.0,4005.05,1,1,1.0,0
LGS2ORD0006412,C016658,2025-02-20 18:00:00,Male,47,Silver,Lazada,Chiang Mai,472,Shopee,COD,18,2,3,0,40-50,15.733333333333333,1.0,0.0,0.0,-1,31,1457.32,0.2,0.0,0.0,0.0,0.0,0,0,0.0,0.0,0,0,0.0,1457.32,1,0,0.0,1457.32,1,0,0.0,0
LGS2ORD0006413,C010883,2025-02-20 19:00:00,Female,68,Silver,TV,Songkhla,1197,Shopee,COD,19,2,3,0,>50,39.9,0.0,0.0,0.0,-1,-1,0.0,0.0,0.0,0.0,0.0,0.0,0,0,0.0,0.0,0,0,0.0,0.0,0,0,0.0,0.0,0,0,0.0,0
LGS2ORD0006414,C013024,2025-02-20 19:00:00,Male,37,Bronze,Lazada,Khon Kaen,1349,Shopee,Credit_Card,19,2,3,0,30-40,44.96666666666667,2.0,0.0,0.0,-1,20,5675.42,0.28,1.0,0.5,0.0,0.0,0,0,0.0,5215.34,1,0,0.0,11350.84,2,0,0.0,11350.84,2,0,0.0,0
LGS2ORD0006415,C017360,2025-02-20 19:00:00,Female,38,Bronze,Shopee,Khon Kaen,287,TV_Show,PromptPay,19,2,3,0,30-40,9.566666666666666,3.0,0.0,0.0,-1,29,845.7766666666666,0.03,0.3333333333333333,0.0,0.0,0.0,0,0,0.0,967.63,1,0,0.0,2537.33,3,0,0.0,2537.33,3,0,0.0,0
LGS2ORD0006416,C017009,2025-02-20 19:00:00,Male,20,Gold,Lazada,Chiang Mai,797,Shopee,COD,19,2,3,0,<20,26.566666666666666,1.0,0.0,0.0,-1,39,1218.42,0.28,1.0,1.0,0.0,0.0,0,0,0.0,0.0,0,0,0.0,1218.42,1,0,0.0,1218.42,1,0,0.0,1
LGS2ORD0006417,C013896,2025-02-20 19:00:00,Female,65,Bronze,TV,Phuket,421,TV_Show,COD,19,2,3,0,>50,14.033333333333333,1.0,1.0,1.0,-1,15,4064.92,0.23,1.0,1.0,0.0,0.0,0,0,0.0,4064.92,1,1,1.0,4064.92,1,1,1.0,4064.92,1,1,1.0,1
LGS2ORD0006418,C010579,2025-02-20 20:00:00,Male,42,Bronze,TV,Bangkok,259,Lazada,COD,20,2,3,0,40-50,8.633333333333333,1.0,1.0,1.0,15,29,15524.66,0.23,0.0,1.0,0.0,0.0,0,0,0.0,15524.66,1,1,1.0,15524.66,1,1,1.0,15524.66,1,1,1.0,1
LGS2ORD0006419,C017415,2025-02-20 20:00:00,Female,58,Bronze,Shopee,Songkhla,1397,CallCenter,COD,20,2,3,0,>50,46.56666666666667,2.0,0.0,0.0,-1,3,2094.075,0.18,0.5,0.0,0.0,1853.61,1,0,0.0,4188.15,2,0,0.0,4188.15,2,0,0.0,4188.15,2,0,0.0,1
LGS2ORD0006420,C013766,2025-02-20 20:00:00,Male,37,Bronze,TV,Remote_Area,917,Shopee,Credit_Card,20,2,3,0,30-40,30.566666666666666,1.0,0.0,0.0,-1,17,4110.61,0.13,0.0,0.0,0.0,0.0,0,0,0.0,4110.61,1,0,0.0,4110.61,1,0,0.0,4110.61,1,0,0.0,0
LGS2ORD0006421,C011143,2025-02-20 20:00:00,Male,55,Gold,Shopee,Nakhon Ratchasima,715,Lazada,PromptPay,20,2,3,0,>50,23.833333333333332,1.0,0.0,0.0,-1,41,981.63,0.08,1.0,0.0,0.0,0.0,0,0,0.0,0.0,0,0,0.0,981.63,1,0,0.0,981.63,1,0,0.0,0
LGS2ORD0006422,C013811,2025-02-20 20:00:00,Male,54,Gold,Web,Nakhon Ratchasima,524,Web,PromptPay,20,2,3,0,>50,17.466666666666665,0.0,0.0,0.0,-1,-1,0.0,0.0,0.0,0.0,0.0,0.0,0,0,0.0,0.0,0,0,0.0,0.0,0,0,0.0,0.0,0,0,0.0,0
LGS2ORD0006423,C014975,2025-02-20 21:00:00,Female,48,Platinum,Web,Chonburi,662,Shopee,Bank_Transfer,21,2,3,0,40-50,22.066666666666666,0.0,0.0,0.0,-1,-1,0.0,0.0,0.0,0.0,0.0,0.0,0,0,0.0,0.0,0,0,0.0,0.0,0,0,0.0,0.0,0,0,0.0,0
LGS2ORD0006424,C010071,2025-02-20 21:00:00,Female,51,Bronze,TV,Remote_Area,422,CallCenter,PromptPay,21,2,3,0,>50,14.066666666666666,1.0,1.0,1.0,15,24,969.33,0.23,0.0,1.0,0.0,0.0,0,0,0.0,969.33,1,1,1.0,969.33,1,1,1.0,969.33,1,1,1.0,0
LGS2ORD0006425,C010087,2025-02-20 21:00:00,Female,41,Bronze,Shopee,Chiang Mai,991,TV_Show,COD,21,2,3,0,40-50,33.03333333333333,2.0,0.0,0.0,-1,2,7125.805,0.23,0.0,1.0,0.0,2726.94,1,0,0.0,2726.94,1,0,0.0,14251.61,2,0,0.0,14251.61,2,0,0.0,0
LGS2ORD0006426,C017444,2025-02-20 21:00:00,Male,54,Bronze,TV,Chiang Mai,472,Lazada,PromptPay,21,2,3,0,>50,15.733333333333333,1.0,1.0,1.0,37,50,896.22,0.28,1.0,1.0,0.0,0.0,0,0,0.0,0.0,0,0,0.0,896.22,1,1,1.0,896.22,1,1,1.0,0
LGS2ORD0006427,C011863,2025-02-20 21:00:00,Male,41,Bronze,CallCenter,Bangkok,272,TV_Show,COD,21,2,3,0,40-50,9.066666666666666,2.0,2.0,1.0,-3,8,2264.72,0.28,1.0,0.5,0.0,0.0,0,0,0.0,3101.87,1,1,1.0,4529.44,2,2,1.0,4529.44,2,2,1.0,1
LGS2ORD0006428,C013058,2025-02-20 22:00:00,Female,24,Bronze,CallCenter,Chonburi,1457,Lazada,PromptPay,22,2,3,0,20-30,48.56666666666667,1.0,0.0,0.0,-1,21,2833.14,0.03,1.0,0.0,0.0,0.0,0,0,0.0,2833.14,1,0,0.0,2833.14,1,0,0.0,2833.14,1,0,0.0,0
LGS2ORD0006429,C015091,2025-02-20 22:00:00,Female,38,Silver,TV,Chiang Mai,535,Lazada,COD,22,2,3,0,30-40,17.833333333333332,2.0,0.0,0.0,-1,22,6108.55,0.2,0.5,0.0,0.0,0.0,0,0,0.0,1477.42,1,0,0.0,12217.1,2,0,0.0,12217.1,2,0,0.0,0
LGS2ORD0006430,C011295,2025-02-20 22:00:00,Female,44,Silver,Lazada,Bangkok,363,Lazada,Credit_Card,22,2,3,0,40-50,12.1,1.0,0.0,0.0,-1,21,514.61,0.25,0.0,1.0,0.0,0.0,0,0,0.0,514.61,1,0,0.0,514.61,1,0,0.0,514.61,1,0,0.0,0
LGS2ORD0006431,C012154,2025-02-20 22:00:00,Male,34,Platinum,Lazada,Songkhla,962,Lazada,COD,22,2,3,0,30-40,32.06666666666667,0.0,0.0,0.0,-1,-1,0.0,0.0,0.0,0.0,0.0,0.0,0,0,0.0,0.0,0,0,0.0,0.0,0,0,0.0,0.0,0,0,0.0,0
LGS2ORD0006432,C010675,2025-02-20 22:00:00,Female,44,Gold,Web,Chiang Mai,390,CallCenter,PromptPay,22,2,3,0,40-50,13.0,0.0,0.0,0.0,-1,-1,0.0,0.0,0.0,0.0,0.0,0.0,0,0,0.0,0.0,0,0,0.0,0.0,0,0,0.0,0.0,0,0,0.0,0
LGS2ORD0006433,C012969,2025-02-20 22:00:00,Female,43,Bronze,CallCenter,Phuket,1471,Web,Credit_Card,22,2,3,0,40-50,49.03333333333333,1.0,0.0,0.0,-1,48,6354.35,0.23,0.0,1.0,0.0,0.0,0,0,0.0,0.0,0,0,0.0,6354.35,1,0,0.0,6354.35,1,0,0.0,0
LGS2ORD0006434,C013268,2025-02-20 23:00:00,Female,19,Gold,Web,Chonburi,1157,Web,Credit_Card,23,2,3,0,<20,38.56666666666667,0.0,0.0,0.0,-1,-1,0.0,0.0,0.0,0.0,0.0,0.0,0,0,0.0,0.0,0,0,0.0,0.0,0,0,0.0,0.0,0,0,0.0,0
LGS2ORD0006435,C013022,2025-02-20 23:00:00,Male,63,Silver,TV,Nakhon Ratchasima,202,Shopee,Credit_Card,23,2,3,0,>50,6.733333333333333,0.0,0.0,0.0,-1,-1,0.0,0.0,0.0,0.0,0.0,0.0,0,0,0.0,0.0,0,0,0.0,0.0,0,0,0.0,0.0,0,0,0.0,0
LGS2ORD0006436,C011280,2025-02-20 23:00:00,Male,29,Silver,Web,Bangkok,449,TV_Show,Bank_Transfer,23,2,3,0,20-30,14.966666666666667,1.0,1.0,1.0,35,46,1091.6,0.1,1.0,0.0,0.0,0.0,0,0,0.0,0.0,0,0,0.0,1091.6,1,1,1.0,1091.6,1,1,1.0,0
LGS2ORD0006437,C012961,2025-02-20 23:00:00,Female,55,Silver,Web,Phuket,1417,TV_Show,Credit_Card,23,2,3,0,>50,47.233333333333334,0.0,0.0,0.0,-1,-1,0.0,0.0,0.0,0.0,0.0,0.0,0,0,0.0,0.0,0,0,0.0,0.0,0,0,0.0,0.0,0,0,0.0,0
LGS2ORD0006438,C013464,2025-02-20 23:00:00,Female,36,Bronze,Shopee,Chonburi,574,Shopee,PromptPay,23,2,3,0,30-40,19.133333333333333,0.0,0.0,0.0,-1,-1,0.0,0.0,0.0,0.0,0.0,0.0,0,0,0.0,0.0,0,0,0.0,0.0,0,0,0.0,0.0,0,0,0.0,0
LGS2ORD0006439,C015342,2025-02-21 00:00:00,Male,32,Gold,Lazada,Khon Kaen,84,CallCenter,PromptPay,0,2,4,0,30-40,2.8,0.0,0.0,0.0,-1,-1,0.0,0.0,0.0,0.0,0.0,0.0,0,0,0.0,0.0,0,0,0.0,0.0,0,0,0.0,0.0,0,0,0.0,0
LGS2ORD0006440,C011391,2025-02-21 00:00:00,Male,50,Bronze,Web,Bangkok,456,Web,Credit_Card,0,2,4,0,40-50,15.2,0.0,0.0,0.0,-1,-1,0.0,0.0,0.0,0.0,0.0,0.0,0,0,0.0,0.0,0,0,0.0,0.0,0,0,0.0,0.0,0,0,0.0,0
LGS2ORD0006441,C017529,2025-02-21 00:00:00,Male,42,Gold,Web,Bangkok,234,TV_Show,COD,0,2,4,0,40-50,7.8,0.0,0.0,0.0,-1,-1,0.0,0.0,0.0,0.0,0.0,0.0,0,0,0.0,0.0,0,0,0.0,0.0,0,0,0.0,0.0,0,0,0.0,0
LGS2ORD0006442,C015148,2025-02-21 00:00:00,Female,35,Bronze,TV,Phuket,1319,TV_Show,Credit_Card,0,2,4,0,30-40,43.96666666666667,1.0,0.0,0.0,-1,44,2303.59,0.03,0.0,0.0,0.0,0.0,0,0,0.0,0.0,0,0,0.0,2303.59,1,0,0.0,2303.59,1,0,0.0,0
LGS2ORD0006443,C013031,2025-02-21 00:00:00,Female,40,Silver,TV,Phuket,1120,Web,Credit_Card,0,2,4,0,30-40,37.333333333333336,4.0,0.0,0.0,-1,17,4164.4575,0.25,0.75,0.25,0.0,0.0,0,0,0.0,10448.08,2,0,0.0,16657.83,4,0,0.0,16657.83,4,0,0.0,0
LGS2ORD0006444,C016279,2025-02-21 01:00:00,Female,39,Bronze,Web,Bangkok,1013,Web,PromptPay,1,2,4,0,30-40,33.766666666666666,1.0,1.0,1.0,34,50,1415.48,0.28,0.0,1.0,0.0,0.0,0,0,0.0,0.0,0,0,0.0,1415.48,1,1,1.0,1415.48,1,1,1.0,1
LGS2ORD0006445,C012527,2025-02-21 01:00:00,Female,31,Bronze,Lazada,Bangkok,610,Shopee,COD,1,2,4,0,30-40,20.333333333333332,0.0,0.0,0.0,-1,-1,0.0,0.0,0.0,0.0,0.0,0.0,0,0,0.0,0.0,0,0,0.0,0.0,0,0,0.0,0.0,0,0,0.0,0
LGS2ORD0006446,C011359,2025-02-21 01:00:00,Male,23,Silver,Web,Chonburi,1327,Web,PromptPay,1,2,4,0,20-30,44.233333333333334,1.0,1.0,1.0,35,40,428.8,0.2,0.0,0.0,0.0,0.0,0,0,0.0,0.0,0,0,0.0,428.8,1,1,1.0,428.8,1,1,1.0,0
LGS2ORD0006447,C016987,2025-02-21 01:00:00,Male,64,Bronze,TV,Songkhla,403,TV_Show,COD,1,2,4,0,>50,13.433333333333334,0.0,0.0,0.0,-1,-1,0.0,0.0,0.0,0.0,0.0,0.0,0,0,0.0,0.0,0,0,0.0,0.0,0,0,0.0,0.0,0,0,0.0,0
LGS2ORD0006448,C016822,2025-02-21 01:00:00,Female,31,Bronze,Web,Remote_Area,171,TV_Show,COD,1,2,4,0,30-40,5.7,4.0,2.0,0.5,16,4,3019.13,0.23,0.25,0.25,0.0,4530.79,1,0,0.0,4530.79,1,0,0.0,12076.52,4,2,0.5,12076.52,4,2,0.5,1
LGS2ORD0006449,C011281,2025-02-21 02:00:00,Male,53,Silver,Shopee,Bangkok,1188,TV_Show,Credit_Card,2,2,4,0,>50,39.6,0.0,0.0,0.0,-1,-1,0.0,0.0,0.0,0.0,0.0,0.0,0,0,0.0,0.0,0,0,0.0,0.0,0,0,0.0,0.0,0,0,0.0,0
LGS2ORD0006450,C013863,2025-02-21 02:00:00,Female,42,Bronze,Shopee,Nakhon Ratchasima,790,CallCenter,COD,2,2,4,0,40-50,26.333333333333332,1.0,0.0,0.0,-1,32,12608.23,0.08,1.0,0.0,0.0,0.0,0,0,0.0,0.0,0,0,0.0,12608.23,1,0,0.0,12608.23,1,0,0.0,0
LGS2ORD0006451,C016258,2025-02-21 02:00:00,Female,67,Platinum,TV,Songkhla,581,Lazada,Bank_Transfer,2,2,4,0,>50,19.366666666666667,0.0,0.0,0.0,-1,-1,0.0,0.0,0.0,0.0,0.0,0.0,0,0,0.0,0.0,0,0,0.0,0.0,0,0,0.0,0.0,0,0,0.0,0
LGS2ORD0006452,C013649,2025-02-21 02:00:00,Female,46,Bronze,TV,Chonburi,1004,TV_Show,COD,2,2,4,0,40-50,33.46666666666667,1.0,0.0,0.0,-1,38,2984.04,0.03,1.0,0.0,0.0,0.0,0,0,0.0,0.0,0,0,0.0,2984.04,1,0,0.0,2984.04,1,0,0.0,0
LGS2ORD0006453,C010429,2025-02-21 02:00:00,Male,52,Bronze,TV,Bangkok,1330,Lazada,COD,2,2,4,0,>50,44.333333333333336,0.0,0.0,0.0,-1,-1,0.0,0.0,0.0,0.0,0.0,0.0,0,0,0.0,0.0,0,0,0.0,0.0,0,0,0.0,0.0,0,0,0.0,0
LGS2ORD0006454,C011811,2025-02-21 02:00:00,Female,40,Silver,CallCenter,Bangkok,1349,Web,COD,2,2,4,0,30-40,44.96666666666667,0.0,0.0,0.0,-1,-1,0.0,0.0,0.0,0.0,0.0,0.0,0,0,0.0,0.0,0,0,0.0,0.0,0,0,0.0,0.0,0,0,0.0,1
LGS2ORD0006455,C016517,2025-02-21 03:00:00,Male,58,Bronze,TV,Bangkok,1230,CallCenter,PromptPay,3,2,4,0,>50,41.0,1.0,0.0,0.0,-1,38,1936.58,0.03,1.0,0.0,0.0,0.0,0,0,0.0,0.0,0,0,0.0,1936.58,1,0,0.0,1936.58,1,0,0.0,1
LGS2ORD0006456,C017131,2025-02-21 03:00:00,Male,45,Silver,Shopee,Nakhon Ratchasima,594,TV_Show,COD,3,2,4,0,40-50,19.8,3.0,1.0,0.3333333333333333,15,28,3029.94,0.1,0.6666666666666666,0.0,0.0,0.0,0,0,0.0,4196.97,1,1,1.0,9089.82,3,1,0.3333333333333333,9089.82,3,1,0.3333333333333333,1
LGS2ORD0006457,C013270,2025-02-21 03:00:00,Female,38,Bronze,TV,Khon Kaen,1099,CallCenter,COD,3,2,4,0,30-40,36.63333333333333,2.0,1.0,0.5,26,38,2436.58,0.28,1.0,0.5,0.0,0.0,0,0,0.0,0.0,0,0,0.0,4873.16,2,1,0.5,4873.16,2,1,0.5,0
LGS2ORD0006458,C016229,2025-02-21 03:00:00,Female,37,Bronze,Web,Bangkok,257,TV_Show,Credit_Card,3,2,4,0,30-40,8.566666666666666,0.0,0.0,0.0,-1,-1,0.0,0.0,0.0,0.0,0.0,0.0,0,0,0.0,0.0,0,0,0.0,0.0,0,0,0.0,0.0,0,0,0.0,1
LGS2ORD0006459,C017549,2025-02-21 03:00:00,Male,48,Bronze,Shopee,Remote_Area,778,CallCenter,COD,3,2,4,0,40-50,25.933333333333334,0.0,0.0,0.0,-1,-1,0.0,0.0,0.0,0.0,0.0,0.0,0,0,0.0,0.0,0,0,0.0,0.0,0,0,0.0,0.0,0,0,0.0,1
LGS2ORD0006460,C013603,2025-02-21 04:00:00,Female,50,Silver,TV,Chonburi,274,TV_Show,PromptPay,4,2,4,0,40-50,9.133333333333333,1.0,0.0,0.0,-1,29,1832.36,0.2,1.0,0.0,0.0,0.0,0,0,0.0,1832.36,1,0,0.0,1832.36,1,0,0.0,1832.36,1,0,0.0,0
LGS2ORD0006461,C015306,2025-02-21 04:00:00,Male,42,Bronze,TV,Chiang Mai,876,TV_Show,PromptPay,4,2,4,0,40-50,29.2,1.0,0.0,0.0,-1,45,2393.46,0.28,0.0,1.0,0.0,0.0,0,0,0.0,0.0,0,0,0.0,2393.46,1,0,0.0,2393.46,1,0,0.0,0
LGS2ORD0006462,C014393,2025-02-21 04:00:00,Female,55,Gold,Shopee,Khon Kaen,788,Web,COD,4,2,4,0,>50,26.266666666666666,0.0,0.0,0.0,-1,-1,0.0,0.0,0.0,0.0,0.0,0.0,0,0,0.0,0.0,0,0,0.0,0.0,0,0,0.0,0.0,0,0,0.0,0
LGS2ORD0006463,C010057,2025-02-21 04:00:00,Male,40,Gold,Shopee,Nakhon Ratchasima,965,TV_Show,PromptPay,4,2,4,0,30-40,32.166666666666664,1.0,0.0,0.0,-1,23,351.85,0.28,0.0,1.0,0.0,0.0,0,0,0.0,351.85,1,0,0.0,351.85,1,0,0.0,351.85,1,0,0.0,0
LGS2ORD0006464,C010771,2025-02-21 04:00:00,Other,50,Bronze,Shopee,Chonburi,1392,TV_Show,COD,4,2,4,0,40-50,46.4,1.0,0.0,0.0,-1,8,6470.67,0.28,1.0,1.0,0.0,0.0,0,0,0.0,6470.67,1,0,0.0,6470.67,1,0,0.0,6470.67,1,0,0.0,1
LGS2ORD0006465,C017407,2025-02-21 05:00:00,Male,48,Bronze,TV,Chiang Mai,835,Web,COD,5,2,4,0,40-50,27.833333333333332,0.0,0.0,0.0,-1,-1,0.0,0.0,0.0,0.0,0.0,0.0,0,0,0.0,0.0,0,0,0.0,0.0,0,0,0.0,0.0,0,0,0.0,0
LGS2ORD0006466,C015879,2025-02-21 05:00:00,Female,46,Silver,CallCenter,Khon Kaen,362,TV_Show,COD,5,2,4,0,40-50,12.066666666666666,1.0,0.0,0.0,-1,26,4053.99,0.15,1.0,0.0,0.0,0.0,0,0,0.0,4053.99,1,0,0.0,4053.99,1,0,0.0,4053.99,1,0,0.0,0
LGS2ORD0006467,C016207,2025-02-21 05:00:00,Male,32,Bronze,Lazada,Chonburi,621,Lazada,COD,5,2,4,0,30-40,20.7,0.0,0.0,0.0,-1,-1,0.0,0.0,0.0,0.0,0.0,0.0,0,0,0.0,0.0,0,0,0.0,0.0,0,0,0.0,0.0,0,0,0.0,1
LGS2ORD0006468,C010513,2025-02-21 05:00:00,Male,29,Gold,TV,Bangkok,748,Web,Credit_Card,5,2,4,0,20-30,24.933333333333334,1.0,0.0,0.0,-1,13,1056.85,0.08,1.0,0.0,0.0,0.0,0,0,0.0,1056.85,1,0,0.0,1056.85,1,0,0.0,1056.85,1,0,0.0,0
LGS2ORD0006469,C016138,2025-02-21 05:00:00,Female,66,Silver,TV,Bangkok,1245,Shopee,COD,5,2,4,0,>50,41.5,0.0,0.0,0.0,-1,-1,0.0,0.0,0.0,0.0,0.0,0.0,0,0,0.0,0.0,0,0,0.0,0.0,0,0,0.0,0.0,0,0,0.0,0
LGS2ORD0006470,C014434,2025-02-21 06:00:00,Female,56,Bronze,Web,Khon Kaen,318,Shopee,COD,6,2,4,0,>50,10.6,3.0,1.0,0.3333333333333333,29,28,3432.703333333333,0.18,0.3333333333333333,0.0,0.0,0.0,0,0,0.0,9223.05,1,0,0.0,10298.109999999999,3,1,0.3333333333333333,10298.109999999999,3,1,0.3333333333333333,0
LGS2ORD0006471,C013082,2025-02-21 06:00:00,Male,28,Silver,Web,Chonburi,1409,TV_Show,COD,6,2,4,0,20-30,46.96666666666667,0.0,0.0,0.0,-1,-1,0.0,0.0,0.0,0.0,0.0,0.0,0,0,0.0,0.0,0,0,0.0,0.0,0,0,0.0,0.0,0,0,0.0,0
LGS2ORD0006472,C014314,2025-02-21 06:00:00,Male,58,Bronze,Lazada,Chonburi,683,Lazada,COD,6,2,4,0,>50,22.766666666666666,1.0,0.0,0.0,-1,5,20931.84,0.28,1.0,1.0,0.0,20931.84,1,0,0.0,20931.84,1,0,0.0,20931.84,1,0,0.0,20931.84,1,0,0.0,1
LGS2ORD0006473,C017682,2025-02-21 06:00:00,Male,33,Platinum,TV,Chiang Mai,1094,Shopee,Credit_Card,6,2,4,0,30-40,36.46666666666667,0.0,0.0,0.0,-1,-1,0.0,0.0,0.0,0.0,0.0,0.0,0,0,0.0,0.0,0,0,0.0,0.0,0,0,0.0,0.0,0,0,0.0,0
LGS2ORD0006474,C015035,2025-02-21 06:00:00,Male,37,Bronze,Lazada,Chiang Mai,193,Shopee,PromptPay,6,2,4,0,30-40,6.433333333333334,0.0,0.0,0.0,-1,-1,0.0,0.0,0.0,0.0,0.0,0.0,0,0,0.0,0.0,0,0,0.0,0.0,0,0,0.0,0.0,0,0,0.0,0
LGS2ORD0006475,C012662,2025-02-21 06:00:00,Female,31,Silver,CallCenter,Chonburi,223,Web,Bank_Transfer,6,2,4,0,30-40,7.433333333333334,0.0,0.0,0.0,-1,-1,0.0,0.0,0.0,0.0,0.0,0.0,0,0,0.0,0.0,0,0,0.0,0.0,0,0,0.0,0.0,0,0,0.0,0
LGS2ORD0006476,C013027,2025-02-21 07:00:00,Male,55,Platinum,TV,Nakhon Ratchasima,698,Shopee,Credit_Card,7,2,4,0,>50,23.266666666666666,0.0,0.0,0.0,-1,-1,0.0,0.0,0.0,0.0,0.0,0.0,0,0,0.0,0.0,0,0,0.0,0.0,0,0,0.0,0.0,0,0,0.0,0
LGS2ORD0006477,C015378,2025-02-21 07:00:00,Female,32,Silver,Web,Chonburi,924,TV_Show,COD,7,2,4,0,30-40,30.8,3.0,0.0,0.0,-1,0,8708.960000000001,0.25,0.0,0.3333333333333333,0.0,3017.39,1,0,0.0,24214.7,2,0,0.0,26126.88,3,0,0.0,26126.88,3,0,0.0,0
LGS2ORD0006478,C010134,2025-02-21 07:00:00,Female,29,Bronze,CallCenter,Khon Kaen,983,TV_Show,COD,7,2,4,0,20-30,32.766666666666666,1.0,1.0,1.0,15,21,504.49,0.03,1.0,0.0,0.0,0.0,0,0,0.0,504.49,1,1,1.0,504.49,1,1,1.0,504.49,1,1,1.0,1
LGS2ORD0006479,C017273,2025-02-21 07:00:00,Male,26,Bronze,Lazada,Bangkok,1259,Shopee,Credit_Card,7,2,4,0,20-30,41.96666666666667,4.0,2.0,0.5,35,32,2758.0550000000003,0.23,0.5,0.25,0.0,0.0,0,0,0.0,0.0,0,0,0.0,11032.220000000001,4,2,0.5,11032.220000000001,4,2,0.5,0
LGS2ORD0006480,C014753,2025-02-21 07:00:00,Female,48,Gold,Shopee,Bangkok,1117,Web,COD,7,2,4,0,40-50,37.233333333333334,1.0,0.0,0.0,-1,40,14206.7,0.33,0.0,1.0,0.0,0.0,0,0,0.0,0.0,0,0,0.0,14206.7,1,0,0.0,14206.7,1,0,0.0,0
LGS2ORD0006481,C014904,2025-02-21 08:00:00,Female,26,Platinum,CallCenter,Chiang Mai,114,TV_Show,Bank_Transfer,8,2,4,0,20-30,3.8,0.0,0.0,0.0,-1,-1,0.0,0.0,0.0,0.0,0.0,0.0,0,0,0.0,0.0,0,0,0.0,0.0,0,0,0.0,0.0,0,0,0.0,0
LGS2ORD0006482,C014437,2025-02-21 08:00:00,Male,51,Silver,Lazada,Bangkok,990,Web,COD,8,2,4,0,>50,33.0,0.0,0.0,0.0,-1,-1,0.0,0.0,0.0,0.0,0.0,0.0,0,0,0.0,0.0,0,0,0.0,0.0,0,0,0.0,0.0,0,0,0.0,0
LGS2ORD0006483,C017992,2025-02-21 08:00:00,Male,67,Bronze,Web,Songkhla,1243,Lazada,COD,8,2,4,0,>50,41.43333333333333,3.0,2.0,0.6666666666666666,-10,4,1778.17,0.23,0.6666666666666666,0.6666666666666666,0.0,5138.39,2,2,1.0,5138.39,2,2,1.0,5334.51,3,2,0.6666666666666666,5334.51,3,2,0.6666666666666666,0
LGS2ORD0006484,C010987,2025-02-21 08:00:00,Female,37,Bronze,Lazada,Songkhla,711,Lazada,Credit_Card,8,2,4,0,30-40,23.7,0.0,0.0,0.0,-1,-1,0.0,0.0,0.0,0.0,0.0,0.0,0,0,0.0,0.0,0,0,0.0,0.0,0,0,0.0,0.0,0,0,0.0,0
LGS2ORD0006485,C010903,2025-02-21 08:00:00,Male,18,Bronze,TV,Remote_Area,1270,TV_Show,PromptPay,8,2,4,0,<20,42.333333333333336,1.0,1.0,1.0,36,43,1073.54,0.23,1.0,1.0,0.0,0.0,0,0,0.0,0.0,0,0,0.0,1073.54,1,1,1.0,1073.54,1,1,1.0,0
LGS2ORD0006486,C016523,2025-02-21 09:00:00,Female,20,Bronze,TV,Remote_Area,642,Web,COD,9,2,4,0,<20,21.4,0.0,0.0,0.0,-1,-1,0.0,0.0,0.0,0.0,0.0,0.0,0,0,0.0,0.0,0,0,0.0,0.0,0,0,0.0,0.0,0,0,0.0,1
LGS2ORD0006487,C010607,2025-02-21 09:00:00,Female,33,Gold,Lazada,Bangkok,1119,Web,Credit_Card,9,2,4,0,30-40,37.3,1.0,0.0,0.0,-1,18,6439.39,0.18,0.0,0.0,0.0,0.0,0,0,0.0,6439.39,1,0,0.0,6439.39,1,0,0.0,6439.39,1,0,0.0,0
LGS2ORD0006488,C010399,2025-02-21 09:00:00,Male,46,Platinum,Shopee,Chonburi,455,Lazada,PromptPay,9,2,4,0,40-50,15.166666666666666,3.0,0.0,0.0,-1,2,2685.0366666666664,0.25,0.3333333333333333,0.6666666666666666,0.0,4807.83,1,0,0.0,6080.0,2,0,0.0,8055.11,3,0,0.0,8055.11,3,0,0.0,0
LGS2ORD0006489,C015492,2025-02-21 09:00:00,Male,67,Bronze,Shopee,Bangkok,864,Lazada,Credit_Card,9,2,4,0,>50,28.8,1.0,0.0,0.0,-1,9,1806.66,0.28,0.0,1.0,0.0,0.0,0,0,0.0,1806.66,1,0,0.0,1806.66,1,0,0.0,1806.66,1,0,0.0,0
LGS2ORD0006490,C012587,2025-02-21 09:00:00,Female,41,Silver,Lazada,Phuket,1048,Shopee,COD,9,2,4,0,40-50,34.93333333333333,0.0,0.0,0.0,-1,-1,0.0,0.0,0.0,0.0,0.0,0.0,0,0,0.0,0.0,0,0,0.0,0.0,0,0,0.0,0.0,0,0,0.0,1
LGS2ORD0006491,C017929,2025-02-21 10:00:00,Female,64,Bronze,TV,Chonburi,992,TV_Show,Credit_Card,10,2,4,0,>50,33.06666666666667,0.0,0.0,0.0,-1,-1,0.0,0.0,0.0,0.0,0.0,0.0,0,0,0.0,0.0,0,0,0.0,0.0,0,0,0.0,0.0,0,0,0.0,0
LGS2ORD0006492,C010218,2025-02-21 10:00:00,Male,45,Bronze,Shopee,Chiang Mai,640,Shopee,COD,10,2,4,0,40-50,21.333333333333332,0.0,0.0,0.0,-1,-1,0.0,0.0,0.0,0.0,0.0,0.0,0,0,0.0,0.0,0,0,0.0,0.0,0,0,0.0,0.0,0,0,0.0,1
LGS2ORD0006493,C012648,2025-02-21 10:00:00,Male,47,Silver,TV,Khon Kaen,388,Web,COD,10,2,4,0,40-50,12.933333333333334,1.0,1.0,1.0,4,11,6416.61,0.05,0.0,0.0,0.0,0.0,0,0,0.0,6416.61,1,1,1.0,6416.61,1,1,1.0,6416.61,1,1,1.0,0
LGS2ORD0006494,C011752,2025-02-21 10:00:00,Female,39,Bronze,Web,Songkhla,800,Lazada,Credit_Card,10,2,4,0,30-40,26.666666666666668,0.0,0.0,0.0,-1,-1,0.0,0.0,0.0,0.0,0.0,0.0,0,0,0.0,0.0,0,0,0.0,0.0,0,0,0.0,0.0,0,0,0.0,0
LGS2ORD0006495,C014738,2025-02-21 10:00:00,Male,55,Bronze,TV,Chonburi,474,Shopee,COD,10,2,4,0,>50,15.8,0.0,0.0,0.0,-1,-1,0.0,0.0,0.0,0.0,0.0,0.0,0,0,0.0,0.0,0,0,0.0,0.0,0,0,0.0,0.0,0,0,0.0,1
LGS2ORD0006496,C013121,2025-02-21 10:00:00,Male,52,Silver,Shopee,Chonburi,204,Shopee,COD,10,2,4,0,>50,6.8,1.0,0.0,0.0,-1,16,11261.63,0.25,0.0,1.0,0.0,0.0,0,0,0.0,11261.63,1,0,0.0,11261.63,1,0,0.0,11261.63,1,0,0.0,0
LGS2ORD0006497,C012076,2025-02-21 11:00:00,Male,68,Gold,Shopee,Chiang Mai,1395,Lazada,COD,11,2,4,0,>50,46.5,0.0,0.0,0.0,-1,-1,0.0,0.0,0.0,0.0,0.0,0.0,0,0,0.0,0.0,0,0,0.0,0.0,0,0,0.0,0.0,0,0,0.0,1
LGS2ORD0006498,C010847,2025-02-21 11:00:00,Female,43,Gold,Web,Bangkok,606,Shopee,Credit_Card,11,2,4,0,40-50,20.2,1.0,0.0,0.0,-1,50,7392.47,0.13,1.0,0.0,0.0,0.0,0,0,0.0,0.0,0,0,0.0,7392.47,1,0,0.0,7392.47,1,0,0.0,0
LGS2ORD0006499,C010783,2025-02-21 11:00:00,Female,52,Silver,Web,Bangkok,413,CallCenter,COD,11,2,4,0,>50,13.766666666666667,0.0,0.0,0.0,-1,-1,0.0,0.0,0.0,0.0,0.0,0.0,0,0,0.0,0.0,0,0,0.0,0.0,0,0,0.0,0.0,0,0,0.0,1
LGS2ORD0006500,C014230,2025-02-21 11:00:00,Male,35,Platinum,Lazada,Khon Kaen,521,Lazada,PromptPay,11,2,4,0,30-40,17.366666666666667,2.0,1.0,0.5,35,39,5507.415,0.15,0.5,0.0,0.0,0.0,0,0,0.0,0.0,0,0,0.0,11014.83,2,1,0.5,11014.83,2,1,0.5,1
LGS2ORD0006501,C015873,2025-02-21 11:00:00,Male,36,Bronze,Lazada,Chonburi,325,Shopee,Credit_Card,11,2,4,0,30-40,10.833333333333334,0.0,0.0,0.0,-1,-1,0.0,0.0,0.0,0.0,0.0,0.0,0,0,0.0,0.0,0,0,0.0,0.0,0,0,0.0,0.0,0,0,0.0,0
LGS2ORD0006502,C016775,2025-02-21 12:00:00,Female,35,Bronze,Lazada,Bangkok,89,Shopee,COD,12,2,4,0,30-40,2.966666666666667,2.0,0.0,0.0,-1,21,4045.555,0.18,0.5,0.0,0.0,0.0,0,0,0.0,4551.41,1,0,0.0,8091.11,2,0,0.0,8091.11,2,0,0.0,0
LGS2ORD0006503,C012279,2025-02-21 12:00:00,Female,36,Silver,Web,Bangkok,277,TV_Show,COD,12,2,4,0,30-40,9.233333333333333,1.0,0.0,0.0,-1,44,2044.96,0.2,1.0,0.0,0.0,0.0,0,0,0.0,0.0,0,0,0.0,2044.96,1,0,0.0,2044.96,1,0,0.0,0
LGS2ORD0006504,C011647,2025-02-21 12:00:00,Female,40,Bronze,Lazada,Remote_Area,779,CallCenter,Bank_Transfer,12,2,4,0,30-40,25.966666666666665,1.0,0.0,0.0,-1,13,7795.02,0.28,1.0,1.0,0.0,0.0,0,0,0.0,7795.02,1,0,0.0,7795.02,1,0,0.0,7795.02,1,0,0.0,0
LGS2ORD0006505,C017704,2025-02-21 12:00:00,Male,66,Bronze,TV,Remote_Area,480,TV_Show,COD,12,2,4,0,>50,16.0,1.0,1.0,1.0,31,44,10502.73,0.18,0.0,0.0,0.0,0.0,0,0,0.0,0.0,0,0,0.0,10502.73,1,1,1.0,10502.73,1,1,1.0,0
LGS2ORD0006506,C014944,2025-02-21 12:00:00,Male,57,Silver,Web,Bangkok,590,TV_Show,Bank_Transfer,12,2,4,0,>50,19.666666666666668,2.0,0.0,0.0,-1,34,2821.965,0.25,0.0,0.5,0.0,0.0,0,0,0.0,0.0,0,0,0.0,5643.93,2,0,0.0,5643.93,2,0,0.0,0
LGS2ORD0006507,C017547,2025-02-21 13:00:00,Female,50,Gold,Lazada,Remote_Area,994,CallCenter,COD,13,2,4,0,40-50,33.13333333333333,2.0,2.0,1.0,13,20,3280.895,0.18,0.5,0.0,0.0,0.0,0,0,0.0,5890.43,1,1,1.0,6561.79,2,2,1.0,6561.79,2,2,1.0,0
LGS2ORD0006508,C015117,2025-02-21 13:00:00,Male,55,Bronze,Web,Chonburi,1334,TV_Show,Credit_Card,13,2,4,0,>50,44.46666666666667,1.0,0.0,0.0,-1,34,1553.49,0.28,0.0,1.0,0.0,0.0,0,0,0.0,0.0,0,0,0.0,1553.49,1,0,0.0,1553.49,1,0,0.0,0
LGS2ORD0006509,C017216,2025-02-21 13:00:00,Other,45,Bronze,Lazada,Songkhla,686,Web,PromptPay,13,2,4,0,40-50,22.866666666666667,0.0,0.0,0.0,-1,-1,0.0,0.0,0.0,0.0,0.0,0.0,0,0,0.0,0.0,0,0,0.0,0.0,0,0,0.0,0.0,0,0,0.0,1
LGS2ORD0006510,C016915,2025-02-21 13:00:00,Female,57,Bronze,TV,Chonburi,218,CallCenter,Credit_Card,13,2,4,0,>50,7.266666666666667,1.0,0.0,0.0,-1,35,3359.29,0.28,0.0,1.0,0.0,0.0,0,0,0.0,0.0,0,0,0.0,3359.29,1,0,0.0,3359.29,1,0,0.0,0
LGS2ORD0006511,C014796,2025-02-21 13:00:00,Female,18,Platinum,Web,Bangkok,735,Web,Bank_Transfer,13,2,4,0,<20,24.5,1.0,0.0,0.0,-1,8,18536.63,0.2,0.0,0.0,0.0,0.0,0,0,0.0,18536.63,1,0,0.0,18536.63,1,0,0.0,18536.63,1,0,0.0,0
LGS2ORD0006512,C017660,2025-02-21 14:00:00,Male,42,Gold,Lazada,Nakhon Ratchasima,152,Lazada,PromptPay,14,2,4,0,40-50,5.066666666666666,0.0,0.0,0.0,-1,-1,0.0,0.0,0.0,0.0,0.0,0.0,0,0,0.0,0.0,0,0,0.0,0.0,0,0,0.0,0.0,0,0,0.0,0
LGS2ORD0006513,C013362,2025-02-21 14:00:00,Female,33,Platinum,Web,Chiang Mai,1111,Lazada,PromptPay,14,2,4,0,30-40,37.03333333333333,2.0,1.0,0.5,-4,6,665.65,0.25,0.5,0.5,0.0,567.55,1,1,1.0,567.55,1,1,1.0,1331.3,2,1,0.5,1331.3,2,1,0.5,0
LGS2ORD0006514,C012573,2025-02-21 14:00:00,Female,35,Platinum,TV,Chonburi,406,Web,COD,14,2,4,0,30-40,13.533333333333333,0.0,0.0,0.0,-1,-1,0.0,0.0,0.0,0.0,0.0,0.0,0,0,0.0,0.0,0,0,0.0,0.0,0,0,0.0,0.0,0,0,0.0,0
LGS2ORD0006515,C010836,2025-02-21 14:00:00,Male,54,Bronze,Shopee,Phuket,765,Shopee,PromptPay,14,2,4,0,>50,25.5,1.0,1.0,1.0,-5,6,2200.51,0.08,0.0,0.0,0.0,2200.51,1,1,1.0,2200.51,1,1,1.0,2200.51,1,1,1.0,2200.51,1,1,1.0,0
LGS2ORD0006516,C015446,2025-02-21 14:00:00,Female,38,Bronze,Shopee,Bangkok,1140,Shopee,Credit_Card,14,2,4,0,30-40,38.0,1.0,0.0,0.0,-1,38,10173.05,0.23,0.0,1.0,0.0,0.0,0,0,0.0,0.0,0,0,0.0,10173.05,1,0,0.0,10173.05,1,0,0.0,0
LGS2ORD0006517,C013408,2025-02-21 14:00:00,Male,58,Bronze,TV,Songkhla,1260,Web,COD,14,2,4,0,>50,42.0,2.0,0.0,0.0,-1,11,3461.9,0.18,0.0,0.0,0.0,0.0,0,0,0.0,5278.01,1,0,0.0,6923.8,2,0,0.0,6923.8,2,0,0.0,1
LGS2ORD0006518,C010656,2025-02-21 15:00:00,Female,28,Bronze,TV,Remote_Area,1141,Lazada,PromptPay,15,2,4,0,20-30,38.03333333333333,3.0,2.0,0.6666666666666666,-1,9,2477.9900000000002,0.23,0.6666666666666666,0.3333333333333333,0.0,0.0,0,0,0.0,7433.97,3,2,0.6666666666666666,7433.97,3,2,0.6666666666666666,7433.97,3,2,0.6666666666666666,0
LGS2ORD0006519,C015453,2025-02-21 15:00:00,Female,22,Gold,Web,Phuket,513,Lazada,Bank_Transfer,15,2,4,0,20-30,17.1,0.0,0.0,0.0,-1,-1,0.0,0.0,0.0,0.0,0.0,0.0,0,0,0.0,0.0,0,0,0.0,0.0,0,0,0.0,0.0,0,0,0.0,0
LGS2ORD0006520,C017314,2025-02-21 15:00:00,Male,41,Bronze,Web,Remote_Area,1503,TV_Show,PromptPay,15,2,4,0,40-50,50.1,2.0,1.0,0.5,43,39,2210.05,0.18,0.5,0.0,0.0,0.0,0,0,0.0,0.0,0,0,0.0,4420.1,2,1,0.5,4420.1,2,1,0.5,1
LGS2ORD0006521,C013840,2025-02-21 15:00:00,Male,45,Bronze,TV,Remote_Area,459,Shopee,Credit_Card,15,2,4,0,40-50,15.3,1.0,0.0,0.0,-1,17,896.73,0.18,0.0,0.0,0.0,0.0,0,0,0.0,896.73,1,0,0.0,896.73,1,0,0.0,896.73,1,0,0.0,0
LGS2ORD0006522,C014318,2025-02-21 15:00:00,Male,46,Platinum,Lazada,Khon Kaen,1050,TV_Show,COD,15,2,4,0,40-50,35.0,1.0,0.0,0.0,-1,8,4932.66,0.3,0.0,1.0,0.0,0.0,0,0,0.0,4932.66,1,0,0.0,4932.66,1,0,0.0,4932.66,1,0,0.0,1
LGS2ORD0006523,C016087,2025-02-21 16:00:00,Female,44,Bronze,Lazada,Songkhla,651,Web,PromptPay,16,2,4,0,40-50,21.7,1.0,0.0,0.0,-1,46,1193.5,0.28,0.0,1.0,0.0,0.0,0,0,0.0,0.0,0,0,0.0,1193.5,1,0,0.0,1193.5,1,0,0.0,0
LGS2ORD0006524,C014164,2025-02-21 16:00:00,Female,40,Silver,Shopee,Songkhla,514,TV_Show,COD,16,2,4,0,30-40,17.133333333333333,2.0,0.0,0.0,-1,16,2002.6999999999998,0.3,0.5,0.5,0.0,0.0,0,0,0.0,2569.58,1,0,0.0,4005.3999999999996,2,0,0.0,4005.3999999999996,2,0,0.0,0
LGS2ORD0006525,C016284,2025-02-21 16:00:00,Male,67,Bronze,CallCenter,Bangkok,1055,Web,Bank_Transfer,16,2,4,0,>50,35.166666666666664,0.0,0.0,0.0,-1,-1,0.0,0.0,0.0,0.0,0.0,0.0,0,0,0.0,0.0,0,0,0.0,0.0,0,0,0.0,0.0,0,0,0.0,0
LGS2ORD0006526,C013437,2025-02-21 16:00:00,Female,39,Silver,Web,Khon Kaen,854,Web,PromptPay,16,2,4,0,30-40,28.466666666666665,0.0,0.0,0.0,-1,-1,0.0,0.0,0.0,0.0,0.0,0.0,0,0,0.0,0.0,0,0,0.0,0.0,0,0,0.0,0.0,0,0,0.0,0
LGS2ORD0006527,C014254,2025-02-21 16:00:00,Male,24,Bronze,Shopee,Chiang Mai,1107,Shopee,COD,16,2,4,0,20-30,36.9,0.0,0.0,0.0,-1,-1,0.0,0.0,0.0,0.0,0.0,0.0,0,0,0.0,0.0,0,0,0.0,0.0,0,0,0.0,0.0,0,0,0.0,0
LGS2ORD0006528,C013544,2025-02-21 17:00:00,Male,37,Bronze,Lazada,Bangkok,561,TV_Show,PromptPay,17,2,4,0,30-40,18.7,1.0,0.0,0.0,-1,50,310.69,0.08,1.0,0.0,0.0,0.0,0,0,0.0,0.0,0,0,0.0,310.69,1,0,0.0,310.69,1,0,0.0,0
LGS2ORD0006529,C012812,2025-02-21 17:00:00,Female,54,Platinum,CallCenter,Chonburi,853,Web,Credit_Card,17,2,4,0,>50,28.433333333333334,0.0,0.0,0.0,-1,-1,0.0,0.0,0.0,0.0,0.0,0.0,0,0,0.0,0.0,0,0,0.0,0.0,0,0,0.0,0.0,0,0,0.0,0
LGS2ORD0006530,C015317,2025-02-21 17:00:00,Female,56,Bronze,TV,Songkhla,255,Shopee,COD,17,2,4,0,>50,8.5,1.0,0.0,0.0,-1,30,1576.37,0.28,1.0,1.0,0.0,0.0,0,0,0.0,0.0,0,0,0.0,1576.37,1,0,0.0,1576.37,1,0,0.0,0
LGS2ORD0006531,C015174,2025-02-21 17:00:00,Male,47,Silver,Lazada,Bangkok,684,TV_Show,COD,17,2,4,0,40-50,22.8,0.0,0.0,0.0,-1,-1,0.0,0.0,0.0,0.0,0.0,0.0,0,0,0.0,0.0,0,0,0.0,0.0,0,0,0.0,0.0,0,0,0.0,0
LGS2ORD0006532,C014087,2025-02-21 17:00:00,Female,69,Bronze,TV,Phuket,420,Shopee,COD,17,2,4,0,>50,14.0,3.0,1.0,0.3333333333333333,4,4,6115.133333333332,0.18,1.0,0.0,0.0,3141.87,1,0,0.0,18345.399999999998,3,1,0.3333333333333333,18345.399999999998,3,1,0.3333333333333333,18345.399999999998,3,1,0.3333333333333333,1
LGS2ORD0006533,C013851,2025-02-21 17:00:00,Male,42,Bronze,TV,Chiang Mai,672,CallCenter,Credit_Card,17,2,4,0,40-50,22.4,1.0,0.0,0.0,-1,30,1630.83,0.08,0.0,0.0,0.0,0.0,0,0,0.0,0.0,0,0,0.0,1630.83,1,0,0.0,1630.83,1,0,0.0,0
LGS2ORD0006534,C017036,2025-02-21 18:00:00,Female,33,Bronze,CallCenter,Bangkok,238,Lazada,PromptPay,18,2,4,0,30-40,7.933333333333334,1.0,1.0,1.0,36,50,1443.92,0.13,1.0,0.0,0.0,0.0,0,0,0.0,0.0,0,0,0.0,1443.92,1,1,1.0,1443.92,1,1,1.0,0
LGS2ORD0006535,C014703,2025-02-21 18:00:00,Female,41,Silver,TV,Nakhon Ratchasima,1483,Lazada,Credit_Card,18,2,4,0,40-50,49.43333333333333,2.0,1.0,0.5,3,13,3552.1949999999997,0.2,0.5,0.0,0.0,0.0,0,0,0.0,7104.389999999999,2,1,0.5,7104.389999999999,2,1,0.5,7104.389999999999,2,1,0.5,0
LGS2ORD0006536,C015694,2025-02-21 18:00:00,Female,23,Bronze,Shopee,Chonburi,133,Web,COD,18,2,4,0,20-30,4.433333333333334,0.0,0.0,0.0,-1,-1,0.0,0.0,0.0,0.0,0.0,0.0,0,0,0.0,0.0,0,0,0.0,0.0,0,0,0.0,0.0,0,0,0.0,1
LGS2ORD0006537,C012826,2025-02-21 18:00:00,Male,55,Bronze,Shopee,Chiang Mai,321,Lazada,Bank_Transfer,18,2,4,0,>50,10.7,0.0,0.0,0.0,-1,-1,0.0,0.0,0.0,0.0,0.0,0.0,0,0,0.0,0.0,0,0,0.0,0.0,0,0,0.0,0.0,0,0,0.0,0
LGS2ORD0006538,C012771,2025-02-21 18:00:00,Male,58,Platinum,Shopee,Bangkok,1114,Shopee,COD,18,2,4,0,>50,37.13333333333333,0.0,0.0,0.0,-1,-1,0.0,0.0,0.0,0.0,0.0,0.0,0,0,0.0,0.0,0,0,0.0,0.0,0,0,0.0,0.0,0,0,0.0,0
LGS2ORD0006539,C015504,2025-02-21 19:00:00,Female,28,Bronze,Lazada,Nakhon Ratchasima,1079,Web,COD,19,2,4,0,20-30,35.96666666666667,0.0,0.0,0.0,-1,-1,0.0,0.0,0.0,0.0,0.0,0.0,0,0,0.0,0.0,0,0,0.0,0.0,0,0,0.0,0.0,0,0,0.0,0
LGS2ORD0006540,C017669,2025-02-21 19:00:00,Female,33,Bronze,TV,Remote_Area,529,Web,COD,19,2,4,0,30-40,17.633333333333333,4.0,1.0,0.25,39,1,7077.8475,0.23,0.5,0.25,0.0,2984.59,1,0,0.0,20759.64,3,0,0.0,28311.39,4,1,0.25,28311.39,4,1,0.25,1
LGS2ORD0006541,C011432,2025-02-21 19:00:00,Female,53,Bronze,CallCenter,Chonburi,462,Lazada,COD,19,2,4,0,>50,15.4,1.0,0.0,0.0,-1,1,916.88,0.03,1.0,0.0,0.0,916.88,1,0,0.0,916.88,1,0,0.0,916.88,1,0,0.0,916.88,1,0,0.0,0
LGS2ORD0006542,C013432,2025-02-21 19:00:00,Male,57,Bronze,Shopee,Chonburi,875,Web,PromptPay,19,2,4,0,>50,29.166666666666668,2.0,0.0,0.0,-1,23,4907.04,0.03,1.0,0.0,0.0,0.0,0,0,0.0,1344.24,1,0,0.0,9814.08,2,0,0.0,9814.08,2,0,0.0,0
LGS2ORD0006543,C011419,2025-02-21 19:00:00,Female,18,Silver,CallCenter,Bangkok,1272,TV_Show,COD,19,2,4,0,<20,42.4,1.0,0.0,0.0,-1,32,1284.89,0.2,0.0,0.0,0.0,0.0,0,0,0.0,0.0,0,0,0.0,1284.89,1,0,0.0,1284.89,1,0,0.0,0
LGS2ORD0006544,C016675,2025-02-21 20:00:00,Male,33,Silver,TV,Remote_Area,281,TV_Show,Credit_Card,20,2,4,0,30-40,9.366666666666667,0.0,0.0,0.0,-1,-1,0.0,0.0,0.0,0.0,0.0,0.0,0,0,0.0,0.0,0,0,0.0,0.0,0,0,0.0,0.0,0,0,0.0,0
LGS2ORD0006545,C011903,2025-02-21 20:00:00,Male,46,Bronze,TV,Remote_Area,1444,TV_Show,COD,20,2,4,0,40-50,48.13333333333333,1.0,0.0,0.0,-1,39,1408.28,0.03,1.0,0.0,0.0,0.0,0,0,0.0,0.0,0,0,0.0,1408.28,1,0,0.0,1408.28,1,0,0.0,0
LGS2ORD0006546,C011378,2025-02-21 20:00:00,Female,35,Bronze,Lazada,Khon Kaen,960,Web,COD,20,2,4,0,30-40,32.0,1.0,0.0,0.0,-1,42,21943.35,0.03,0.0,0.0,0.0,0.0,0,0,0.0,0.0,0,0,0.0,21943.35,1,0,0.0,21943.35,1,0,0.0,1
LGS2ORD0006547,C016439,2025-02-21 20:00:00,Male,29,Silver,Web,Remote_Area,1488,CallCenter,Credit_Card,20,2,4,0,20-30,49.6,0.0,0.0,0.0,-1,-1,0.0,0.0,0.0,0.0,0.0,0.0,0,0,0.0,0.0,0,0,0.0,0.0,0,0,0.0,0.0,0,0,0.0,1
LGS2ORD0006548,C010105,2025-02-21 20:00:00,Female,43,Gold,Lazada,Bangkok,1300,TV_Show,COD,20,2,4,0,40-50,43.333333333333336,1.0,1.0,1.0,8,23,43562.05,0.08,1.0,0.0,0.0,0.0,0,0,0.0,43562.05,1,1,1.0,43562.05,1,1,1.0,43562.05,1,1,1.0,0
LGS2ORD0006549,C011421,2025-02-21 21:00:00,Female,67,Bronze,Web,Chiang Mai,1191,TV_Show,Credit_Card,21,2,4,0,>50,39.7,1.0,0.0,0.0,-1,20,2361.05,0.18,1.0,0.0,0.0,0.0,0,0,0.0,2361.05,1,0,0.0,2361.05,1,0,0.0,2361.05,1,0,0.0,0
LGS2ORD0006550,C014226,2025-02-21 21:00:00,Male,33,Bronze,TV,Khon Kaen,570,Lazada,COD,21,2,4,0,30-40,19.0,0.0,0.0,0.0,-1,-1,0.0,0.0,0.0,0.0,0.0,0.0,0,0,0.0,0.0,0,0,0.0,0.0,0,0,0.0,0.0,0,0,0.0,0
LGS2ORD0006551,C017688,2025-02-21 21:00:00,Female,30,Platinum,Web,Khon Kaen,684,TV_Show,COD,21,2,4,0,20-30,22.8,0.0,0.0,0.0,-1,-1,0.0,0.0,0.0,0.0,0.0,0.0,0,0,0.0,0.0,0,0,0.0,0.0,0,0,0.0,0.0,0,0,0.0,0
LGS2ORD0006552,C014823,2025-02-21 21:00:00,Female,42,Bronze,TV,Bangkok,171,Web,COD,21,2,4,0,40-50,5.7,1.0,1.0,1.0,33,46,2035.57,0.08,0.0,0.0,0.0,0.0,0,0,0.0,0.0,0,0,0.0,2035.57,1,1,1.0,2035.57,1,1,1.0,0
LGS2ORD0006553,C016077,2025-02-21 21:00:00,Male,40,Bronze,Web,Bangkok,193,Lazada,COD,21,2,4,0,30-40,6.433333333333334,1.0,0.0,0.0,-1,3,3827.94,0.18,0.0,0.0,0.0,3827.94,1,0,0.0,3827.94,1,0,0.0,3827.94,1,0,0.0,3827.94,1,0,0.0,1
LGS2ORD0006554,C010693,2025-02-21 21:00:00,Male,60,Gold,Web,Phuket,1057,Shopee,Bank_Transfer,21,2,4,0,>50,35.233333333333334,1.0,0.0,0.0,-1,27,1578.63,0.13,0.0,0.0,0.0,0.0,0,0,0.0,1578.63,1,0,0.0,1578.63,1,0,0.0,1578.63,1,0,0.0,0
LGS2ORD0006555,C013763,2025-02-21 22:00:00,Female,48,Gold,Web,Bangkok,526,TV_Show,COD,22,2,4,0,40-50,17.533333333333335,0.0,0.0,0.0,-1,-1,0.0,0.0,0.0,0.0,0.0,0.0,0,0,0.0,0.0,0,0,0.0,0.0,0,0,0.0,0.0,0,0,0.0,0
LGS2ORD0006556,C010969,2025-02-21 22:00:00,Female,36,Bronze,TV,Bangkok,777,Shopee,Credit_Card,22,2,4,0,30-40,25.9,0.0,0.0,0.0,-1,-1,0.0,0.0,0.0,0.0,0.0,0.0,0,0,0.0,0.0,0,0,0.0,0.0,0,0,0.0,0.0,0,0,0.0,0
LGS2ORD0006557,C010591,2025-02-21 22:00:00,Female,50,Bronze,Shopee,Chonburi,1227,Lazada,Credit_Card,22,2,4,0,40-50,40.9,2.0,0.0,0.0,-1,33,905.28,0.03,0.0,0.0,0.0,0.0,0,0,0.0,0.0,0,0,0.0,1810.56,2,0,0.0,1810.56,2,0,0.0,0
LGS2ORD0006558,C014660,2025-02-21 22:00:00,Female,41,Bronze,Shopee,Khon Kaen,933,Lazada,COD,22,2,4,0,40-50,31.1,0.0,0.0,0.0,-1,-1,0.0,0.0,0.0,0.0,0.0,0.0,0,0,0.0,0.0,0,0,0.0,0.0,0,0,0.0,0.0,0,0,0.0,0
LGS2ORD0006559,C014968,2025-02-21 22:00:00,Male,24,Silver,Shopee,Chonburi,785,Web,COD,22,2,4,0,20-30,26.166666666666668,0.0,0.0,0.0,-1,-1,0.0,0.0,0.0,0.0,0.0,0.0,0,0,0.0,0.0,0,0,0.0,0.0,0,0,0.0,0.0,0,0,0.0,0
LGS2ORD0006560,C010560,2025-02-21 23:00:00,Female,72,Bronze,Web,Nakhon Ratchasima,873,Web,COD,23,2,4,0,>50,29.1,0.0,0.0,0.0,-1,-1,0.0,0.0,0.0,0.0,0.0,0.0,0,0,0.0,0.0,0,0,0.0,0.0,0,0,0.0,0.0,0,0,0.0,1
LGS2ORD0006561,C012444,2025-02-21 23:00:00,Male,35,Bronze,Web,Bangkok,656,TV_Show,COD,23,2,4,0,30-40,21.866666666666667,1.0,0.0,0.0,-1,41,3794.26,0.18,0.0,0.0,0.0,0.0,0,0,0.0,0.0,0,0,0.0,3794.26,1,0,0.0,3794.26,1,0,0.0,1
LGS2ORD0006562,C010505,2025-02-21 23:00:00,Male,45,Bronze,Web,Bangkok,1134,Shopee,COD,23,2,4,0,40-50,37.8,1.0,1.0,1.0,3,14,6061.84,0.03,1.0,0.0,0.0,0.0,0,0,0.0,6061.84,1,1,1.0,6061.84,1,1,1.0,6061.84,1,1,1.0,0
LGS2ORD0006563,C010852,2025-02-21 23:00:00,Male,49,Gold,Web,Chiang Mai,1311,Lazada,COD,23,2,4,0,40-50,43.7,1.0,0.0,0.0,-1,34,1905.48,0.28,1.0,1.0,0.0,0.0,0,0,0.0,0.0,0,0,0.0,1905.48,1,0,0.0,1905.48,1,0,0.0,0
LGS2ORD0006564,C016514,2025-02-21 23:00:00,Female,43,Platinum,Shopee,Bangkok,606,TV_Show,COD,23,2,4,0,40-50,20.2,0.0,0.0,0.0,-1,-1,0.0,0.0,0.0,0.0,0.0,0.0,0,0,0.0,0.0,0,0,0.0,0.0,0,0,0.0,0.0,0,0,0.0,0
LGS2ORD0006565,C015545,2025-02-22 00:00:00,Female,49,Bronze,TV,Remote_Area,568,Shopee,Credit_Card,0,2,5,1,40-50,18.933333333333334,1.0,1.0,1.0,1,13,7698.1,0.18,0.0,0.0,0.0,0.0,0,0,0.0,7698.1,1,1,1.0,7698.1,1,1,1.0,7698.1,1,1,1.0,0
LGS2ORD0006566,C017607,2025-02-22 00:00:00,Other,32,Bronze,TV,Khon Kaen,215,Web,Credit_Card,0,2,5,1,30-40,7.166666666666667,1.0,0.0,0.0,-1,23,275.63,0.18,0.0,0.0,0.0,0.0,0,0,0.0,275.63,1,0,0.0,275.63,1,0,0.0,275.63,1,0,0.0,0
LGS2ORD0006567,C010645,2025-02-22 00:00:00,Male,45,Bronze,TV,Chonburi,1346,Web,COD,0,2,5,1,40-50,44.86666666666667,2.0,0.0,0.0,-1,19,3943.3,0.28,0.5,1.0,0.0,0.0,0,0,0.0,611.47,1,0,0.0,7886.6,2,0,0.0,7886.6,2,0,0.0,1
LGS2ORD0006568,C010592,2025-02-22 00:00:00,Female,30,Platinum,Lazada,Bangkok,1132,Lazada,PromptPay,0,2,5,1,20-30,37.733333333333334,1.0,0.0,0.0,-1,33,7179.99,0.2,1.0,0.0,0.0,0.0,0,0,0.0,0.0,0,0,0.0,7179.99,1,0,0.0,7179.99,1,0,0.0,0
LGS2ORD0006569,C015454,2025-02-22 00:00:00,Female,30,Platinum,TV,Nakhon Ratchasima,1123,Web,Credit_Card,0,2,5,1,20-30,37.43333333333333,0.0,0.0,0.0,-1,-1,0.0,0.0,0.0,0.0,0.0,0.0,0,0,0.0,0.0,0,0,0.0,0.0,0,0,0.0,0.0,0,0,0.0,1
LGS2ORD0006570,C012506,2025-02-22 01:00:00,Female,54,Bronze,CallCenter,Bangkok,606,CallCenter,COD,1,2,5,1,>50,20.2,2.0,0.0,0.0,-1,2,2328.695,0.28,0.5,0.5,0.0,4657.39,2,0,0.0,4657.39,2,0,0.0,4657.39,2,0,0.0,4657.39,2,0,0.0,0
LGS2ORD0006571,C013232,2025-02-22 01:00:00,Male,59,Silver,Shopee,Chiang Mai,895,Web,COD,1,2,5,1,>50,29.833333333333332,0.0,0.0,0.0,-1,-1,0.0,0.0,0.0,0.0,0.0,0.0,0,0,0.0,0.0,0,0,0.0,0.0,0,0,0.0,0.0,0,0,0.0,0
LGS2ORD0006572,C013431,2025-02-22 01:00:00,Female,39,Bronze,Lazada,Remote_Area,1265,Lazada,COD,1,2,5,1,30-40,42.166666666666664,1.0,1.0,1.0,16,25,1383.13,0.18,0.0,0.0,0.0,0.0,0,0,0.0,1383.13,1,1,1.0,1383.13,1,1,1.0,1383.13,1,1,1.0,1
LGS2ORD0006573,C012855,2025-02-22 01:00:00,Male,35,Bronze,Shopee,Chiang Mai,816,Web,COD,1,2,5,1,30-40,27.2,0.0,0.0,0.0,-1,-1,0.0,0.0,0.0,0.0,0.0,0.0,0,0,0.0,0.0,0,0,0.0,0.0,0,0,0.0,0.0,0,0,0.0,0
LGS2ORD0006574,C016915,2025-02-22 01:00:00,Female,57,Bronze,TV,Chonburi,219,Shopee,COD,1,2,5,1,>50,7.3,2.0,0.0,0.0,-1,0,2629.835,0.28,0.0,0.5,0.0,1900.38,1,0,0.0,1900.38,1,0,0.0,5259.67,2,0,0.0,5259.67,2,0,0.0,0
LGS2ORD0006575,C016824,2025-02-22 01:00:00,Male,53,Bronze,Lazada,Bangkok,730,Web,Credit_Card,1,2,5,1,>50,24.333333333333332,0.0,0.0,0.0,-1,-1,0.0,0.0,0.0,0.0,0.0,0.0,0,0,0.0,0.0,0,0,0.0,0.0,0,0,0.0,0.0,0,0,0.0,1
LGS2ORD0006576,C012856,2025-02-22 02:00:00,Female,37,Bronze,Web,Nakhon Ratchasima,618,CallCenter,COD,2,2,5,1,30-40,20.6,3.0,0.0,0.0,-1,1,1351.5066666666667,0.23,0.3333333333333333,0.3333333333333333,0.0,750.64,1,0,0.0,4054.52,3,0,0.0,4054.52,3,0,0.0,4054.52,3,0,0.0,0
LGS2ORD0006577,C017633,2025-02-22 02:00:00,Female,53,Platinum,Shopee,Bangkok,1023,Shopee,COD,2,2,5,1,>50,34.1,2.0,1.0,0.5,40,47,2343.95,0.25,0.5,0.5,0.0,0.0,0,0,0.0,0.0,0,0,0.0,4687.9,2,1,0.5,4687.9,2,1,0.5,0
LGS2ORD0006578,C016335,2025-02-22 02:00:00,Female,40,Bronze,Shopee,Nakhon Ratchasima,771,Shopee,COD,2,2,5,1,30-40,25.7,0.0,0.0,0.0,-1,-1,0.0,0.0,0.0,0.0,0.0,0.0,0,0,0.0,0.0,0,0,0.0,0.0,0,0,0.0,0.0,0,0,0.0,0
LGS2ORD0006579,C012858,2025-02-22 02:00:00,Male,45,Gold,Web,Chiang Mai,1505,Web,Bank_Transfer,2,2,5,1,40-50,50.166666666666664,1.0,0.0,0.0,-1,48,932.8,0.13,1.0,0.0,0.0,0.0,0,0,0.0,0.0,0,0,0.0,932.8,1,0,0.0,932.8,1,0,0.0,0
LGS2ORD0006580,C017328,2025-02-22 02:00:00,Female,48,Bronze,Lazada,Khon Kaen,1289,Web,COD,2,2,5,1,40-50,42.96666666666667,0.0,0.0,0.0,-1,-1,0.0,0.0,0.0,0.0,0.0,0.0,0,0,0.0,0.0,0,0,0.0,0.0,0,0,0.0,0.0,0,0,0.0,0
LGS2ORD0006581,C010376,2025-02-22 03:00:00,Female,38,Bronze,TV,Chonburi,810,Web,Bank_Transfer,3,2,5,1,30-40,27.0,1.0,0.0,0.0,-1,2,7157.45,0.13,1.0,0.0,0.0,7157.45,1,0,0.0,7157.45,1,0,0.0,7157.45,1,0,0.0,7157.45,1,0,0.0,1
LGS2ORD0006582,C015506,2025-02-22 03:00:00,Male,37,Silver,Shopee,Khon Kaen,121,CallCenter,COD,3,2,5,1,30-40,4.033333333333333,1.0,0.0,0.0,-1,2,13962.06,0.05,0.0,0.0,0.0,13962.06,1,0,0.0,13962.06,1,0,0.0,13962.06,1,0,0.0,13962.06,1,0,0.0,0
LGS2ORD0006583,C015663,2025-02-22 03:00:00,Female,54,Bronze,CallCenter,Chiang Mai,1088,TV_Show,PromptPay,3,2,5,1,>50,36.266666666666666,0.0,0.0,0.0,-1,-1,0.0,0.0,0.0,0.0,0.0,0.0,0,0,0.0,0.0,0,0,0.0,0.0,0,0,0.0,0.0,0,0,0.0,0
LGS2ORD0006584,C015315,2025-02-22 03:00:00,Male,49,Bronze,TV,Chiang Mai,1212,Shopee,COD,3,2,5,1,40-50,40.4,2.0,2.0,1.0,-2,7,2409.21,0.23,0.5,0.5,0.0,0.0,0,0,0.0,4818.42,2,2,1.0,4818.42,2,2,1.0,4818.42,2,2,1.0,0
LGS2ORD0006585,C014175,2025-02-22 03:00:00,Male,18,Silver,TV,Chiang Mai,1293,Lazada,Credit_Card,3,2,5,1,<20,43.1,1.0,0.0,0.0,-1,17,10083.02,0.05,1.0,0.0,0.0,0.0,0,0,0.0,10083.02,1,0,0.0,10083.02,1,0,0.0,10083.02,1,0,0.0,0
LGS2ORD0006586,C017370,2025-02-22 04:00:00,Male,46,Silver,TV,Bangkok,1436,TV_Show,COD,4,2,5,1,40-50,47.86666666666667,3.0,1.0,0.3333333333333333,13,2,6419.713333333333,0.25,0.3333333333333333,0.6666666666666666,0.0,17670.86,1,0,0.0,19060.91,2,1,0.5,19259.14,3,1,0.3333333333333333,19259.14,3,1,0.3333333333333333,1
LGS2ORD0006587,C015395,2025-02-22 04:00:00,Male,43,Silver,TV,Phuket,92,Web,COD,4,2,5,1,40-50,3.066666666666667,2.0,0.0,0.0,-1,17,1689.0949999999998,0.2,1.0,0.0,0.0,0.0,0,0,0.0,1522.86,1,0,0.0,3378.1899999999996,2,0,0.0,3378.1899999999996,2,0,0.0,1
LGS2ORD0006588,C016286,2025-02-22 04:00:00,Male,47,Gold,CallCenter,Nakhon Ratchasima,1250,Web,PromptPay,4,2,5,1,40-50,41.666666666666664,0.0,0.0,0.0,-1,-1,0.0,0.0,0.0,0.0,0.0,0.0,0,0,0.0,0.0,0,0,0.0,0.0,0,0,0.0,0.0,0,0,0.0,0
LGS2ORD0006589,C016972,2025-02-22 04:00:00,Male,57,Bronze,TV,Bangkok,1495,Shopee,COD,4,2,5,1,>50,49.833333333333336,0.0,0.0,0.0,-1,-1,0.0,0.0,0.0,0.0,0.0,0.0,0,0,0.0,0.0,0,0,0.0,0.0,0,0,0.0,0.0,0,0,0.0,0
LGS2ORD0006590,C015360,2025-02-22 04:00:00,Female,43,Bronze,Shopee,Bangkok,1292,TV_Show,COD,4,2,5,1,40-50,43.06666666666667,1.0,1.0,1.0,0,10,15039.57,0.18,1.0,0.0,0.0,0.0,0,0,0.0,15039.57,1,1,1.0,15039.57,1,1,1.0,15039.57,1,1,1.0,0
LGS2ORD0006591,C014917,2025-02-22 05:00:00,Female,56,Gold,TV,Songkhla,704,TV_Show,COD,5,2,5,1,>50,23.466666666666665,1.0,0.0,0.0,-1,2,17908.35,0.08,0.0,0.0,0.0,17908.35,1,0,0.0,17908.35,1,0,0.0,17908.35,1,0,0.0,17908.35,1,0,0.0,0
LGS2ORD0006592,C011999,2025-02-22 05:00:00,Female,38,Gold,Shopee,Chonburi,436,Shopee,COD,5,2,5,1,30-40,14.533333333333333,0.0,0.0,0.0,-1,-1,0.0,0.0,0.0,0.0,0.0,0.0,0,0,0.0,0.0,0,0,0.0,0.0,0,0,0.0,0.0,0,0,0.0,0
LGS2ORD0006593,C017067,2025-02-22 05:00:00,Female,27,Silver,Shopee,Remote_Area,1455,Shopee,COD,5,2,5,1,20-30,48.5,1.0,0.0,0.0,-1,51,2244.46,0.2,0.0,0.0,0.0,0.0,0,0,0.0,0.0,0,0,0.0,2244.46,1,0,0.0,2244.46,1,0,0.0,1
LGS2ORD0006594,C014806,2025-02-22 05:00:00,Female,65,Gold,Shopee,Chiang Mai,479,TV_Show,Bank_Transfer,5,2,5,1,>50,15.966666666666667,3.0,0.0,0.0,-1,7,6151.5199999999995,0.33,0.3333333333333333,0.3333333333333333,0.0,0.0,0,0,0.0,11052.1,1,0,0.0,18454.559999999998,3,0,0.0,18454.559999999998,3,0,0.0,0
LGS2ORD0006595,C015782,2025-02-22 05:00:00,Female,51,Bronze,Shopee,Chiang Mai,846,Web,COD,5,2,5,1,>50,28.2,0.0,0.0,0.0,-1,-1,0.0,0.0,0.0,0.0,0.0,0.0,0,0,0.0,0.0,0,0,0.0,0.0,0,0,0.0,0.0,0,0,0.0,0
LGS2ORD0006596,C011511,2025-02-22 05:00:00,Male,58,Bronze,CallCenter,Nakhon Ratchasima,1249,Shopee,COD,5,2,5,1,>50,41.63333333333333,1.0,0.0,0.0,-1,29,11507.68,0.18,1.0,0.0,0.0,0.0,0,0,0.0,11507.68,1,0,0.0,11507.68,1,0,0.0,11507.68,1,0,0.0,0
LGS2ORD0006597,C013080,2025-02-22 06:00:00,Male,69,Bronze,Web,Chonburi,764,Shopee,COD,6,2,5,1,>50,25.466666666666665,2.0,0.0,0.0,-1,30,3828.71,0.23,0.5,0.5,0.0,0.0,0,0,0.0,0.0,0,0,0.0,7657.42,2,0,0.0,7657.42,2,0,0.0,1
LGS2ORD0006598,C011328,2025-02-22 06:00:00,Female,35,Silver,Web,Phuket,1097,TV_Show,PromptPay,6,2,5,1,30-40,36.56666666666667,0.0,0.0,0.0,-1,-1,0.0,0.0,0.0,0.0,0.0,0.0,0,0,0.0,0.0,0,0,0.0,0.0,0,0,0.0,0.0,0,0,0.0,1
LGS2ORD0006599,C011923,2025-02-22 06:00:00,Female,50,Silver,Web,Khon Kaen,1352,Lazada,Bank_Transfer,6,2,5,1,40-50,45.06666666666667,0.0,0.0,0.0,-1,-1,0.0,0.0,0.0,0.0,0.0,0.0,0,0,0.0,0.0,0,0,0.0,0.0,0,0,0.0,0.0,0,0,0.0,0
LGS2ORD0006600,C016874,2025-02-22 06:00:00,Male,48,Gold,Web,Khon Kaen,655,Lazada,Bank_Transfer,6,2,5,1,40-50,21.833333333333332,1.0,0.0,0.0,-1,44,1682.86,0.28,1.0,1.0,0.0,0.0,0,0,0.0,0.0,0,0,0.0,1682.86,1,0,0.0,1682.86,1,0,0.0,0
LGS2ORD0006601,C011694,2025-02-22 06:00:00,Male,36,Silver,TV,Bangkok,150,Web,COD,6,2,5,1,30-40,5.0,1.0,0.0,0.0,-1,28,15146.21,0.1,0.0,0.0,0.0,0.0,0,0,0.0,15146.21,1,0,0.0,15146.21,1,0,0.0,15146.21,1,0,0.0,0
LGS2ORD0006602,C017086,2025-02-22 07:00:00,Male,26,Silver,Web,Chonburi,1250,TV_Show,COD,7,2,5,1,20-30,41.666666666666664,0.0,0.0,0.0,-1,-1,0.0,0.0,0.0,0.0,0.0,0.0,0,0,0.0,0.0,0,0,0.0,0.0,0,0,0.0,0.0,0,0,0.0,0
LGS2ORD0006603,C017718,2025-02-22 07:00:00,Female,24,Gold,Shopee,Songkhla,392,TV_Show,Credit_Card,7,2,5,1,20-30,13.066666666666666,5.0,2.0,0.4,-5,2,7111.8,0.28,0.0,0.4,0.0,4113.78,1,1,1.0,5635.5,3,2,0.6666666666666666,35559.0,5,2,0.4,35559.0,5,2,0.4,0
LGS2ORD0006604,C015583,2025-02-22 07:00:00,Male,18,Silver,TV,Nakhon Ratchasima,517,Lazada,Credit_Card,7,2,5,1,<20,17.233333333333334,0.0,0.0,0.0,-1,-1,0.0,0.0,0.0,0.0,0.0,0.0,0,0,0.0,0.0,0,0,0.0,0.0,0,0,0.0,0.0,0,0,0.0,0
LGS2ORD0006605,C014195,2025-02-22 07:00:00,Male,29,Silver,Shopee,Bangkok,1488,Shopee,COD,7,2,5,1,20-30,49.6,1.0,1.0,1.0,29,36,11649.08,0.1,0.0,0.0,0.0,0.0,0,0,0.0,0.0,0,0,0.0,11649.08,1,1,1.0,11649.08,1,1,1.0,0
LGS2ORD0006606,C012104,2025-02-22 07:00:00,Male,36,Bronze,TV,Khon Kaen,813,CallCenter,PromptPay,7,2,5,1,30-40,27.1,1.0,0.0,0.0,-1,41,3199.91,0.08,1.0,0.0,0.0,0.0,0,0,0.0,0.0,0,0,0.0,3199.91,1,0,0.0,3199.91,1,0,0.0,1
LGS2ORD0006607,C015748,2025-02-22 08:00:00,Male,58,Bronze,Web,Chonburi,123,TV_Show,COD,8,2,5,1,>50,4.1,1.0,0.0,0.0,-1,3,499.68,0.18,1.0,0.0,0.0,499.68,1,0,0.0,499.68,1,0,0.0,499.68,1,0,0.0,499.68,1,0,0.0,1
LGS2ORD0006608,C016550,2025-02-22 08:00:00,Male,32,Bronze,Shopee,Bangkok,1397,TV_Show,COD,8,2,5,1,30-40,46.56666666666667,1.0,0.0,0.0,-1,8,934.39,0.18,1.0,0.0,0.0,0.0,0,0,0.0,934.39,1,0,0.0,934.39,1,0,0.0,934.39,1,0,0.0,0
LGS2ORD0006609,C016029,2025-02-22 08:00:00,Male,43,Silver,Shopee,Khon Kaen,445,Shopee,COD,8,2,5,1,40-50,14.833333333333334,1.0,1.0,1.0,-7,11,4627.85,0.2,1.0,0.0,0.0,0.0,0,0,0.0,4627.85,1,1,1.0,4627.85,1,1,1.0,4627.85,1,1,1.0,0
LGS2ORD0006610,C016277,2025-02-22 08:00:00,Male,61,Bronze,Shopee,Remote_Area,728,Shopee,COD,8,2,5,1,>50,24.266666666666666,3.0,1.0,0.3333333333333333,0,12,2699.513333333334,0.28,1.0,0.6666666666666666,0.0,0.0,0,0,0.0,5014.969999999999,2,1,0.5,8098.540000000001,3,1,0.3333333333333333,8098.540000000001,3,1,0.3333333333333333,0
LGS2ORD0006611,C016093,2025-02-22 08:00:00,Male,58,Bronze,CallCenter,Bangkok,233,Shopee,Bank_Transfer,8,2,5,1,>50,7.766666666666667,2.0,1.0,0.5,23,28,1188.825,0.08,1.0,0.0,0.0,0.0,0,0,0.0,689.62,1,1,1.0,2377.65,2,1,0.5,2377.65,2,1,0.5,0
LGS2ORD0006612,C010554,2025-02-22 09:00:00,Female,44,Bronze,TV,Songkhla,790,Lazada,COD,9,2,5,1,40-50,26.333333333333332,1.0,1.0,1.0,-3,11,3142.85,0.28,0.0,1.0,0.0,0.0,0,0,0.0,3142.85,1,1,1.0,3142.85,1,1,1.0,3142.85,1,1,1.0,0
LGS2ORD0006613,C011425,2025-02-22 09:00:00,Female,59,Bronze,CallCenter,Nakhon Ratchasima,1405,Lazada,Credit_Card,9,2,5,1,>50,46.833333333333336,2.0,0.0,0.0,-1,28,2562.435,0.18,0.5,0.0,0.0,0.0,0,0,0.0,1077.98,1,0,0.0,5124.87,2,0,0.0,5124.87,2,0,0.0,0
LGS2ORD0006614,C013999,2025-02-22 09:00:00,Female,33,Platinum,Shopee,Khon Kaen,1300,TV_Show,Credit_Card,9,2,5,1,30-40,43.333333333333336,2.0,1.0,0.5,3,12,5316.8099999999995,0.15,0.0,0.0,0.0,0.0,0,0,0.0,10633.619999999999,2,1,0.5,10633.619999999999,2,1,0.5,10633.619999999999,2,1,0.5,0
LGS2ORD0006615,C014920,2025-02-22 09:00:00,Male,68,Bronze,CallCenter,Chiang Mai,877,TV_Show,COD,9,2,5,1,>50,29.233333333333334,1.0,1.0,1.0,33,39,3712.57,0.23,0.0,1.0,0.0,0.0,0,0,0.0,0.0,0,0,0.0,3712.57,1,1,1.0,3712.57,1,1,1.0,0
LGS2ORD0006616,C012581,2025-02-22 09:00:00,Male,43,Bronze,Lazada,Songkhla,1027,CallCenter,PromptPay,9,2,5,1,40-50,34.233333333333334,0.0,0.0,0.0,-1,-1,0.0,0.0,0.0,0.0,0.0,0.0,0,0,0.0,0.0,0,0,0.0,0.0,0,0,0.0,0.0,0,0,0.0,0
LGS2ORD0006617,C017400,2025-02-22 09:00:00,Male,45,Silver,Web,Bangkok,417,Web,Bank_Transfer,9,2,5,1,40-50,13.9,0.0,0.0,0.0,-1,-1,0.0,0.0,0.0,0.0,0.0,0.0,0,0,0.0,0.0,0,0,0.0,0.0,0,0,0.0,0.0,0,0,0.0,0
LGS2ORD0006618,C012356,2025-02-22 10:00:00,Male,29,Silver,TV,Khon Kaen,694,Web,PromptPay,10,2,5,1,20-30,23.133333333333333,2.0,0.0,0.0,-1,15,2250.11,0.05,0.0,0.0,0.0,0.0,0,0,0.0,4500.22,2,0,0.0,4500.22,2,0,0.0,4500.22,2,0,0.0,0
LGS2ORD0006619,C015412,2025-02-22 10:00:00,Male,39,Silver,Shopee,Nakhon Ratchasima,527,TV_Show,Credit_Card,10,2,5,1,30-40,17.566666666666666,2.0,1.0,0.5,-10,1,1502.455,0.15,0.5,0.0,0.0,1328.11,1,1,1.0,1328.11,1,1,1.0,3004.91,2,1,0.5,3004.91,2,1,0.5,0
LGS2ORD0006620,C016895,2025-02-22 10:00:00,Female,34,Bronze,TV,Bangkok,1246,TV_Show,COD,10,2,5,1,30-40,41.53333333333333,0.0,0.0,0.0,-1,-1,0.0,0.0,0.0,0.0,0.0,0.0,0,0,0.0,0.0,0,0,0.0,0.0,0,0,0.0,0.0,0,0,0.0,0
LGS2ORD0006621,C015587,2025-02-22 10:00:00,Male,69,Gold,Web,Bangkok,963,Lazada,COD,10,2,5,1,>50,32.1,0.0,0.0,0.0,-1,-1,0.0,0.0,0.0,0.0,0.0,0.0,0,0,0.0,0.0,0,0,0.0,0.0,0,0,0.0,0.0,0,0,0.0,1
LGS2ORD0006622,C011490,2025-02-22 10:00:00,Female,34,Silver,Lazada,Nakhon Ratchasima,998,Shopee,COD,10,2,5,1,30-40,33.266666666666666,0.0,0.0,0.0,-1,-1,0.0,0.0,0.0,0.0,0.0,0.0,0,0,0.0,0.0,0,0,0.0,0.0,0,0,0.0,0.0,0,0,0.0,0
LGS2ORD0006623,C012868,2025-02-22 11:00:00,Female,58,Platinum,TV,Phuket,139,TV_Show,COD,11,2,5,1,>50,4.633333333333334,1.0,0.0,0.0,-1,10,300.17,0.1,1.0,0.0,0.0,0.0,0,0,0.0,300.17,1,0,0.0,300.17,1,0,0.0,300.17,1,0,0.0,1
LGS2ORD0006624,C011294,2025-02-22 11:00:00,Female,29,Silver,TV,Bangkok,835,CallCenter,Bank_Transfer,11,2,5,1,20-30,27.833333333333332,0.0,0.0,0.0,-1,-1,0.0,0.0,0.0,0.0,0.0,0.0,0,0,0.0,0.0,0,0,0.0,0.0,0,0,0.0,0.0,0,0,0.0,0
LGS2ORD0006625,C015649,2025-02-22 11:00:00,Female,38,Bronze,TV,Bangkok,784,Web,Credit_Card,11,2,5,1,30-40,26.133333333333333,2.0,1.0,0.5,-4,4,5541.04,0.28,1.0,0.5,0.0,559.77,1,1,1.0,559.77,1,1,1.0,11082.08,2,1,0.5,11082.08,2,1,0.5,1
LGS2ORD0006626,C012033,2025-02-22 11:00:00,Male,32,Silver,TV,Khon Kaen,1508,Lazada,Credit_Card,11,2,5,1,30-40,50.266666666666666,2.0,1.0,0.5,10,14,5844.165,0.3,1.0,1.0,0.0,0.0,0,0,0.0,9427.49,1,1,1.0,11688.33,2,1,0.5,11688.33,2,1,0.5,1
LGS2ORD0006627,C017230,2025-02-22 11:00:00,Male,25,Silver,CallCenter,Bangkok,884,CallCenter,COD,11,2,5,1,20-30,29.466666666666665,0.0,0.0,0.0,-1,-1,0.0,0.0,0.0,0.0,0.0,0.0,0,0,0.0,0.0,0,0,0.0,0.0,0,0,0.0,0.0,0,0,0.0,0
LGS2ORD0006628,C013920,2025-02-22 12:00:00,Male,38,Platinum,CallCenter,Bangkok,588,TV_Show,Bank_Transfer,12,2,5,1,30-40,19.6,0.0,0.0,0.0,-1,-1,0.0,0.0,0.0,0.0,0.0,0.0,0,0,0.0,0.0,0,0,0.0,0.0,0,0,0.0,0.0,0,0,0.0,1
LGS2ORD0006629,C015196,2025-02-22 12:00:00,Female,42,Bronze,Lazada,Bangkok,1200,Web,COD,12,2,5,1,40-50,40.0,2.0,0.0,0.0,-1,26,5230.065,0.03,0.0,0.0,0.0,0.0,0,0,0.0,7610.44,1,0,0.0,10460.13,2,0,0.0,10460.13,2,0,0.0,0
LGS2ORD0006630,C017663,2025-02-22 12:00:00,Female,41,Silver,Web,Remote_Area,829,CallCenter,PromptPay,12,2,5,1,40-50,27.633333333333333,0.0,0.0,0.0,-1,-1,0.0,0.0,0.0,0.0,0.0,0.0,0,0,0.0,0.0,0,0,0.0,0.0,0,0,0.0,0.0,0,0,0.0,0
LGS2ORD0006631,C016988,2025-02-22 12:00:00,Male,36,Bronze,TV,Phuket,846,Lazada,COD,12,2,5,1,30-40,28.2,1.0,1.0,1.0,29,41,4073.22,0.08,1.0,0.0,0.0,0.0,0,0,0.0,0.0,0,0,0.0,4073.22,1,1,1.0,4073.22,1,1,1.0,0
LGS2ORD0006632,C017900,2025-02-22 12:00:00,Other,41,Bronze,Lazada,Remote_Area,468,TV_Show,PromptPay,12,2,5,1,40-50,15.6,2.0,1.0,0.5,19,11,2237.315,0.18,0.5,0.0,0.0,0.0,0,0,0.0,1905.7,1,0,0.0,4474.63,2,1,0.5,4474.63,2,1,0.5,0
LGS2ORD0006633,C012535,2025-02-22 13:00:00,Male,18,Bronze,TV,Chiang Mai,1227,Shopee,COD,13,2,5,1,<20,40.9,0.0,0.0,0.0,-1,-1,0.0,0.0,0.0,0.0,0.0,0.0,0,0,0.0,0.0,0,0,0.0,0.0,0,0,0.0,0.0,0,0,0.0,0
LGS2ORD0006634,C012986,2025-02-22 13:00:00,Female,38,Silver,TV,Bangkok,1399,Web,COD,13,2,5,1,30-40,46.63333333333333,0.0,0.0,0.0,-1,-1,0.0,0.0,0.0,0.0,0.0,0.0,0,0,0.0,0.0,0,0,0.0,0.0,0,0,0.0,0.0,0,0,0.0,0
LGS2ORD0006635,C017460,2025-02-22 13:00:00,Female,37,Silver,TV,Chiang Mai,830,Web,COD,13,2,5,1,30-40,27.666666666666668,1.0,0.0,0.0,-1,46,3915.6,0.05,1.0,0.0,0.0,0.0,0,0,0.0,0.0,0,0,0.0,3915.6,1,0,0.0,3915.6,1,0,0.0,1
LGS2ORD0006636,C016657,2025-02-22 13:00:00,Male,32,Silver,CallCenter,Bangkok,1451,Web,COD,13,2,5,1,30-40,48.36666666666667,0.0,0.0,0.0,-1,-1,0.0,0.0,0.0,0.0,0.0,0.0,0,0,0.0,0.0,0,0,0.0,0.0,0,0,0.0,0.0,0,0,0.0,0
LGS2ORD0006637,C013101,2025-02-22 13:00:00,Male,44,Gold,TV,Chonburi,850,Shopee,Credit_Card,13,2,5,1,40-50,28.333333333333332,0.0,0.0,0.0,-1,-1,0.0,0.0,0.0,0.0,0.0,0.0,0,0,0.0,0.0,0,0,0.0,0.0,0,0,0.0,0.0,0,0,0.0,0
LGS2ORD0006638,C017357,2025-02-22 13:00:00,Male,18,Silver,Web,Phuket,133,TV_Show,PromptPay,13,2,5,1,<20,4.433333333333334,1.0,0.0,0.0,-1,47,2299.53,0.1,1.0,0.0,0.0,0.0,0,0,0.0,0.0,0,0,0.0,2299.53,1,0,0.0,2299.53,1,0,0.0,0
LGS2ORD0006639,C011836,2025-02-22 14:00:00,Female,40,Gold,Shopee,Bangkok,177,TV_Show,PromptPay,14,2,5,1,30-40,5.9,1.0,0.0,0.0,-1,51,3607.24,0.2299999999999999,1.0,1.0,0.0,0.0,0,0,0.0,0.0,0,0,0.0,3607.24,1,0,0.0,3607.24,1,0,0.0,0
LGS2ORD0006640,C013388,2025-02-22 14:00:00,Other,58,Silver,Web,Bangkok,957,Web,Credit_Card,14,2,5,1,>50,31.9,1.0,0.0,0.0,-1,18,897.23,0.15,1.0,0.0,0.0,0.0,0,0,0.0,897.23,1,0,0.0,897.23,1,0,0.0,897.23,1,0,0.0,1
LGS2ORD0006641,C014826,2025-02-22 14:00:00,Female,67,Silver,TV,Bangkok,170,Web,Credit_Card,14,2,5,1,>50,5.666666666666667,1.0,0.0,0.0,-1,28,22308.96,0.05,0.0,0.0,0.0,0.0,0,0,0.0,22308.96,1,0,0.0,22308.96,1,0,0.0,22308.96,1,0,0.0,0
LGS2ORD0006642,C010331,2025-02-22 14:00:00,Female,54,Silver,TV,Bangkok,425,TV_Show,Credit_Card,14,2,5,1,>50,14.166666666666666,2.0,0.0,0.0,-1,38,2126.355,0.25,0.5,0.5,0.0,0.0,0,0,0.0,0.0,0,0,0.0,4252.71,2,0,0.0,4252.71,2,0,0.0,0
LGS2ORD0006643,C012991,2025-02-22 14:00:00,Male,48,Platinum,Shopee,Phuket,955,CallCenter,COD,14,2,5,1,40-50,31.833333333333332,1.0,1.0,1.0,23,34,5119.77,0.1,1.0,0.0,0.0,0.0,0,0,0.0,0.0,0,0,0.0,5119.77,1,1,1.0,5119.77,1,1,1.0,0
LGS2ORD0006644,C010266,2025-02-22 15:00:00,Male,64,Bronze,TV,Songkhla,424,Web,Credit_Card,15,2,5,1,>50,14.133333333333333,0.0,0.0,0.0,-1,-1,0.0,0.0,0.0,0.0,0.0,0.0,0,0,0.0,0.0,0,0,0.0,0.0,0,0,0.0,0.0,0,0,0.0,0
LGS2ORD0006645,C016514,2025-02-22 15:00:00,Female,43,Platinum,Shopee,Bangkok,607,Lazada,Credit_Card,15,2,5,1,40-50,20.233333333333334,1.0,0.0,0.0,-1,0,1443.62,0.1,1.0,0.0,0.0,1443.62,1,0,0.0,1443.62,1,0,0.0,1443.62,1,0,0.0,1443.62,1,0,0.0,0
LGS2ORD0006646,C011325,2025-02-22 15:00:00,Female,22,Silver,Web,Bangkok,631,TV_Show,Credit_Card,15,2,5,1,20-30,21.033333333333335,1.0,0.0,0.0,-1,35,3928.16,0.15,0.0,0.0,0.0,0.0,0,0,0.0,0.0,0,0,0.0,3928.16,1,0,0.0,3928.16,1,0,0.0,0
LGS2ORD0006647,C016596,2025-02-22 15:00:00,Female,39,Bronze,Web,Chonburi,555,Shopee,COD,15,2,5,1,30-40,18.5,1.0,0.0,0.0,-1,6,2193.27,0.18,0.0,0.0,0.0,2193.27,1,0,0.0,2193.27,1,0,0.0,2193.27,1,0,0.0,2193.27,1,0,0.0,0
LGS2ORD0006648,C015676,2025-02-22 15:00:00,Female,41,Platinum,CallCenter,Chiang Mai,979,TV_Show,COD,15,2,5,1,40-50,32.63333333333333,1.0,0.0,0.0,-1,16,26028.76,0.3,0.0,1.0,0.0,0.0,0,0,0.0,26028.76,1,0,0.0,26028.76,1,0,0.0,26028.76,1,0,0.0,1
LGS2ORD0006649,C016696,2025-02-22 16:00:00,Female,30,Platinum,Shopee,Phuket,1056,Web,PromptPay,16,2,5,1,20-30,35.2,2.0,1.0,0.5,29,32,3646.625,0.25,0.5,0.5,0.0,0.0,0,0,0.0,0.0,0,0,0.0,7293.25,2,1,0.5,7293.25,2,1,0.5,0
LGS2ORD0006650,C014124,2025-02-22 16:00:00,Female,45,Bronze,Shopee,Remote_Area,1177,Lazada,COD,16,2,5,1,40-50,39.233333333333334,3.0,1.0,0.3333333333333333,-3,8,4971.14,0.23,0.6666666666666666,0.3333333333333333,0.0,0.0,0,0,0.0,11555.46,2,1,0.5,14913.42,3,1,0.3333333333333333,14913.42,3,1,0.3333333333333333,0
LGS2ORD0006651,C012360,2025-02-22 16:00:00,Female,48,Bronze,TV,Khon Kaen,470,CallCenter,COD,16,2,5,1,40-50,15.666666666666666,0.0,0.0,0.0,-1,-1,0.0,0.0,0.0,0.0,0.0,0.0,0,0,0.0,0.0,0,0,0.0,0.0,0,0,0.0,0.0,0,0,0.0,0
LGS2ORD0006652,C010223,2025-02-22 16:00:00,Male,43,Bronze,TV,Remote_Area,961,CallCenter,COD,16,2,5,1,40-50,32.03333333333333,3.0,2.0,0.6666666666666666,29,39,9889.206666666667,0.18,1.0,0.0,0.0,0.0,0,0,0.0,0.0,0,0,0.0,29667.62,3,2,0.6666666666666666,29667.62,3,2,0.6666666666666666,0
LGS2ORD0006653,C016272,2025-02-22 16:00:00,Other,28,Bronze,Web,Chonburi,562,TV_Show,Bank_Transfer,16,2,5,1,20-30,18.733333333333334,2.0,0.0,0.0,-1,42,9868.735,0.18,0.5,0.0,0.0,0.0,0,0,0.0,0.0,0,0,0.0,19737.47,2,0,0.0,19737.47,2,0,0.0,0
LGS2ORD0006654,C013715,2025-02-22 16:00:00,Female,41,Silver,Shopee,Bangkok,210,Shopee,COD,16,2,5,1,40-50,7.0,1.0,1.0,1.0,29,35,23198.09,0.05,1.0,0.0,0.0,0.0,0,0,0.0,0.0,0,0,0.0,23198.09,1,1,1.0,23198.09,1,1,1.0,0
LGS2ORD0006655,C013921,2025-02-22 17:00:00,Female,41,Gold,Shopee,Bangkok,866,Web,Credit_Card,17,2,5,1,40-50,28.866666666666667,0.0,0.0,0.0,-1,-1,0.0,0.0,0.0,0.0,0.0,0.0,0,0,0.0,0.0,0,0,0.0,0.0,0,0,0.0,0.0,0,0,0.0,0
LGS2ORD0006656,C015911,2025-02-22 17:00:00,Male,23,Platinum,Web,Bangkok,361,Web,Credit_Card,17,2,5,1,20-30,12.033333333333333,2.0,0.0,0.0,-1,24,5693.615,0.25,0.5,0.5,0.0,0.0,0,0,0.0,9719.02,1,0,0.0,11387.23,2,0,0.0,11387.23,2,0,0.0,0
LGS2ORD0006657,C015636,2025-02-22 17:00:00,Male,28,Bronze,Shopee,Phuket,975,TV_Show,COD,17,2,5,1,20-30,32.5,0.0,0.0,0.0,-1,-1,0.0,0.0,0.0,0.0,0.0,0.0,0,0,0.0,0.0,0,0,0.0,0.0,0,0,0.0,0.0,0,0,0.0,0
LGS2ORD0006658,C011425,2025-02-22 17:00:00,Female,59,Bronze,CallCenter,Nakhon Ratchasima,1405,Web,Credit_Card,17,2,5,1,>50,46.833333333333336,3.0,0.0,0.0,-1,0,3181.306666666667,0.23,0.3333333333333333,0.3333333333333333,0.0,4419.05,1,0,0.0,5497.030000000001,2,0,0.0,9543.92,3,0,0.0,9543.92,3,0,0.0,0
LGS2ORD0006659,C017375,2025-02-22 17:00:00,Male,34,Silver,TV,Remote_Area,608,Web,COD,17,2,5,1,30-40,20.266666666666666,0.0,0.0,0.0,-1,-1,0.0,0.0,0.0,0.0,0.0,0.0,0,0,0.0,0.0,0,0,0.0,0.0,0,0,0.0,0.0,0,0,0.0,1
LGS2ORD0006660,C013261,2025-02-22 18:00:00,Female,40,Bronze,Shopee,Chonburi,198,Shopee,Credit_Card,18,2,5,1,30-40,6.6,1.0,0.0,0.0,-1,29,177.6,0.23,0.0,1.0,0.0,0.0,0,0,0.0,177.6,1,0,0.0,177.6,1,0,0.0,177.6,1,0,0.0,0
LGS2ORD0006661,C013087,2025-02-22 18:00:00,Female,60,Bronze,Lazada,Bangkok,345,Lazada,PromptPay,18,2,5,1,>50,11.5,0.0,0.0,0.0,-1,-1,0.0,0.0,0.0,0.0,0.0,0.0,0,0,0.0,0.0,0,0,0.0,0.0,0,0,0.0,0.0,0,0,0.0,0
LGS2ORD0006662,C015039,2025-02-22 18:00:00,Male,40,Bronze,TV,Phuket,336,TV_Show,Bank_Transfer,18,2,5,1,30-40,11.2,1.0,1.0,1.0,29,37,5718.63,0.03,1.0,0.0,0.0,0.0,0,0,0.0,0.0,0,0,0.0,5718.63,1,1,1.0,5718.63,1,1,1.0,0
LGS2ORD0006663,C017802,2025-02-22 18:00:00,Female,42,Bronze,TV,Remote_Area,1471,Lazada,Credit_Card,18,2,5,1,40-50,49.03333333333333,2.0,0.0,0.0,-1,13,7012.790000000001,0.08,1.0,0.0,0.0,0.0,0,0,0.0,4949.96,1,0,0.0,14025.580000000002,2,0,0.0,14025.580000000002,2,0,0.0,0
LGS2ORD0006664,C013784,2025-02-22 18:00:00,Male,27,Bronze,TV,Nakhon Ratchasima,1115,TV_Show,COD,18,2,5,1,20-30,37.166666666666664,0.0,0.0,0.0,-1,-1,0.0,0.0,0.0,0.0,0.0,0.0,0,0,0.0,0.0,0,0,0.0,0.0,0,0,0.0,0.0,0,0,0.0,0
LGS2ORD0006665,C012427,2025-02-22 19:00:00,Female,57,Bronze,Shopee,Songkhla,66,Lazada,Bank_Transfer,19,2,5,1,>50,2.2,0.0,0.0,0.0,-1,-1,0.0,0.0,0.0,0.0,0.0,0.0,0,0,0.0,0.0,0,0,0.0,0.0,0,0,0.0,0.0,0,0,0.0,0
LGS2ORD0006666,C017217,2025-02-22 19:00:00,Male,66,Bronze,Web,Chonburi,445,Web,COD,19,2,5,1,>50,14.833333333333334,3.0,1.0,0.3333333333333333,20,24,10361.093333333332,0.28,0.6666666666666666,0.3333333333333333,0.0,0.0,0,0,0.0,23763.690000000002,2,1,0.5,31083.28,3,1,0.3333333333333333,31083.28,3,1,0.3333333333333333,1
LGS2ORD0006667,C011269,2025-02-22 19:00:00,Male,45,Bronze,TV,Nakhon Ratchasima,436,Shopee,Credit_Card,19,2,5,1,40-50,14.533333333333333,1.0,1.0,1.0,38,51,4523.0,0.28,0.0,1.0,0.0,0.0,0,0,0.0,0.0,0,0,0.0,4523.0,1,1,1.0,4523.0,1,1,1.0,0
LGS2ORD0006668,C017663,2025-02-22 19:00:00,Female,41,Silver,Web,Remote_Area,829,Shopee,COD,19,2,5,1,40-50,27.633333333333333,1.0,0.0,0.0,-1,0,10151.61,0.05,0.0,0.0,0.0,10151.61,1,0,0.0,10151.61,1,0,0.0,10151.61,1,0,0.0,10151.61,1,0,0.0,1
LGS2ORD0006669,C013736,2025-02-22 19:00:00,Female,48,Silver,Lazada,Khon Kaen,402,CallCenter,COD,19,2,5,1,40-50,13.4,0.0,0.0,0.0,-1,-1,0.0,0.0,0.0,0.0,0.0,0.0,0,0,0.0,0.0,0,0,0.0,0.0,0,0,0.0,0.0,0,0,0.0,0
LGS2ORD0006670,C014435,2025-02-22 20:00:00,Female,35,Bronze,TV,Remote_Area,329,TV_Show,COD,20,2,5,1,30-40,10.966666666666667,3.0,2.0,0.6666666666666666,34,39,8573.07,0.28,0.3333333333333333,0.3333333333333333,0.0,0.0,0,0,0.0,0.0,0,0,0.0,25719.21,3,2,0.6666666666666666,25719.21,3,2,0.6666666666666666,1
LGS2ORD0006671,C017636,2025-02-22 20:00:00,Female,42,Bronze,TV,Nakhon Ratchasima,557,TV_Show,Credit_Card,20,2,5,1,40-50,18.566666666666666,1.0,0.0,0.0,-1,30,4204.93,0.08,1.0,0.0,0.0,0.0,0,0,0.0,0.0,0,0,0.0,4204.93,1,0,0.0,4204.93,1,0,0.0,0
LGS2ORD0006672,C011239,2025-02-22 20:00:00,Male,64,Bronze,TV,Phuket,626,Web,COD,20,2,5,1,>50,20.866666666666667,1.0,0.0,0.0,-1,4,3307.78,0.18,0.0,0.0,0.0,3307.78,1,0,0.0,3307.78,1,0,0.0,3307.78,1,0,0.0,3307.78,1,0,0.0,0
LGS2ORD0006673,C017731,2025-02-22 20:00:00,Male,51,Bronze,Web,Bangkok,1037,Shopee,COD,20,2,5,1,>50,34.56666666666667,0.0,0.0,0.0,-1,-1,0.0,0.0,0.0,0.0,0.0,0.0,0,0,0.0,0.0,0,0,0.0,0.0,0,0,0.0,0.0,0,0,0.0,1
LGS2ORD0006674,C010567,2025-02-22 20:00:00,Male,68,Bronze,TV,Phuket,359,Shopee,COD,20,2,5,1,>50,11.966666666666667,1.0,0.0,0.0,-1,31,11352.89,0.08,1.0,0.0,0.0,0.0,0,0,0.0,0.0,0,0,0.0,11352.89,1,0,0.0,11352.89,1,0,0.0,0
LGS2ORD0006675,C012311,2025-02-22 20:00:00,Other,39,Bronze,TV,Phuket,599,TV_Show,Bank_Transfer,20,2,5,1,30-40,19.966666666666665,1.0,0.0,0.0,-1,16,2279.57,0.28,0.0,1.0,0.0,0.0,0,0,0.0,2279.57,1,0,0.0,2279.57,1,0,0.0,2279.57,1,0,0.0,0
LGS2ORD0006676,C012220,2025-02-22 21:00:00,Male,52,Silver,TV,Bangkok,1063,TV_Show,COD,21,2,5,1,>50,35.43333333333333,0.0,0.0,0.0,-1,-1,0.0,0.0,0.0,0.0,0.0,0.0,0,0,0.0,0.0,0,0,0.0,0.0,0,0,0.0,0.0,0,0,0.0,0
LGS2ORD0006677,C010466,2025-02-22 21:00:00,Other,29,Silver,Shopee,Chonburi,1036,TV_Show,Credit_Card,21,2,5,1,20-30,34.53333333333333,2.0,0.0,0.0,-1,8,6372.115,0.25,0.5,0.5,0.0,0.0,0,0,0.0,6020.84,1,0,0.0,12744.23,2,0,0.0,12744.23,2,0,0.0,0
LGS2ORD0006678,C016041,2025-02-22 21:00:00,Male,38,Platinum,Shopee,Bangkok,412,Shopee,Credit_Card,21,2,5,1,30-40,13.733333333333333,0.0,0.0,0.0,-1,-1,0.0,0.0,0.0,0.0,0.0,0.0,0,0,0.0,0.0,0,0,0.0,0.0,0,0,0.0,0.0,0,0,0.0,0
LGS2ORD0006679,C012194,2025-02-22 21:00:00,Female,30,Bronze,TV,Bangkok,866,TV_Show,PromptPay,21,2,5,1,20-30,28.866666666666667,1.0,1.0,1.0,2,12,1423.65,0.28,1.0,1.0,0.0,0.0,0,0,0.0,1423.65,1,1,1.0,1423.65,1,1,1.0,1423.65,1,1,1.0,0
LGS2ORD0006680,C014832,2025-02-22 21:00:00,Male,34,Bronze,Lazada,Songkhla,297,TV_Show,PromptPay,21,2,5,1,30-40,9.9,1.0,1.0,1.0,23,38,10288.83,0.03,1.0,0.0,0.0,0.0,0,0,0.0,0.0,0,0,0.0,10288.83,1,1,1.0,10288.83,1,1,1.0,0
LGS2ORD0006681,C012584,2025-02-22 22:00:00,Male,45,Platinum,CallCenter,Songkhla,585,Web,Credit_Card,22,2,5,1,40-50,19.5,2.0,0.0,0.0,-1,7,845.495,0.25,0.5,0.5,0.0,0.0,0,0,0.0,1401.51,1,0,0.0,1690.99,2,0,0.0,1690.99,2,0,0.0,1
LGS2ORD0006682,C012295,2025-02-22 22:00:00,Other,39,Silver,CallCenter,Nakhon Ratchasima,1483,Lazada,COD,22,2,5,1,30-40,49.43333333333333,3.0,0.0,0.0,-1,37,5290.386666666666,0.3,0.6666666666666666,0.6666666666666666,0.0,0.0,0,0,0.0,0.0,0,0,0.0,15871.16,3,0,0.0,15871.16,3,0,0.0,0
LGS2ORD0006683,C017548,2025-02-22 22:00:00,Female,47,Gold,Shopee,Bangkok,721,Shopee,Bank_Transfer,22,2,5,1,40-50,24.033333333333335,2.0,0.0,0.0,-1,31,407.29999999999995,0.33,0.0,0.5,0.0,0.0,0,0,0.0,0.0,0,0,0.0,814.5999999999999,2,0,0.0,814.5999999999999,2,0,0.0,0
LGS2ORD0006684,C010281,2025-02-22 22:00:00,Female,40,Silver,Web,Bangkok,389,TV_Show,PromptPay,22,2,5,1,30-40,12.966666666666667,0.0,0.0,0.0,-1,-1,0.0,0.0,0.0,0.0,0.0,0.0,0,0,0.0,0.0,0,0,0.0,0.0,0,0,0.0,0.0,0,0,0.0,1
LGS2ORD0006685,C013528,2025-02-22 22:00:00,Female,64,Silver,Shopee,Remote_Area,1103,Shopee,COD,22,2,5,1,>50,36.766666666666666,1.0,0.0,0.0,-1,33,800.32,0.1,0.0,0.0,0.0,0.0,0,0,0.0,0.0,0,0,0.0,800.32,1,0,0.0,800.32,1,0,0.0,1
LGS2ORD0006686,C017433,2025-02-22 23:00:00,Female,44,Gold,TV,Chonburi,497,Shopee,PromptPay,23,2,5,1,40-50,16.566666666666666,2.0,1.0,0.5,44,25,1533.1799999999998,0.28,0.5,0.5,0.0,0.0,0,0,0.0,1640.78,1,0,0.0,3066.3599999999997,2,1,0.5,3066.3599999999997,2,1,0.5,0
LGS2ORD0006687,C010127,2025-02-22 23:00:00,Female,57,Bronze,Web,Songkhla,154,Shopee,COD,23,2,5,1,>50,5.133333333333334,0.0,0.0,0.0,-1,-1,0.0,0.0,0.0,0.0,0.0,0.0,0,0,0.0,0.0,0,0,0.0,0.0,0,0,0.0,0.0,0,0,0.0,0
LGS2ORD0006688,C013218,2025-02-22 23:00:00,Male,50,Silver,Web,Bangkok,284,TV_Show,Credit_Card,23,2,5,1,40-50,9.466666666666667,0.0,0.0,0.0,-1,-1,0.0,0.0,0.0,0.0,0.0,0.0,0,0,0.0,0.0,0,0,0.0,0.0,0,0,0.0,0.0,0,0,0.0,1
LGS2ORD0006689,C013019,2025-02-22 23:00:00,Female,34,Bronze,TV,Chiang Mai,213,Lazada,COD,23,2,5,1,30-40,7.1,2.0,1.0,0.5,29,31,4564.4,0.18,0.5,0.0,0.0,0.0,0,0,0.0,0.0,0,0,0.0,9128.8,2,1,0.5,9128.8,2,1,0.5,0
LGS2ORD0006690,C015750,2025-02-22 23:00:00,Female,46,Gold,Lazada,Bangkok,729,Shopee,COD,23,2,5,1,40-50,24.3,4.0,1.0,0.25,32,3,3755.4925000000003,0.28,0.5,0.25,0.0,492.37,1,0,0.0,7203.75,3,0,0.0,15021.970000000001,4,1,0.25,15021.970000000001,4,1,0.25,1
LGS2ORD0006691,C012641,2025-02-23 00:00:00,Male,43,Platinum,Web,Phuket,572,Web,COD,0,2,6,1,40-50,19.066666666666666,0.0,0.0,0.0,-1,-1,0.0,0.0,0.0,0.0,0.0,0.0,0,0,0.0,0.0,0,0,0.0,0.0,0,0,0.0,0.0,0,0,0.0,1
LGS2ORD0006692,C011198,2025-02-23 00:00:00,Male,46,Bronze,Shopee,Chonburi,1466,Web,COD,0,2,6,1,40-50,48.86666666666667,1.0,0.0,0.0,-1,13,5347.58,0.18,0.0,0.0,0.0,0.0,0,0,0.0,5347.58,1,0,0.0,5347.58,1,0,0.0,5347.58,1,0,0.0,0
LGS2ORD0006693,C011638,2025-02-23 00:00:00,Female,59,Gold,Shopee,Songkhla,346,CallCenter,Credit_Card,0,2,6,1,>50,11.533333333333333,0.0,0.0,0.0,-1,-1,0.0,0.0,0.0,0.0,0.0,0.0,0,0,0.0,0.0,0,0,0.0,0.0,0,0,0.0,0.0,0,0,0.0,0
LGS2ORD0006694,C017624,2025-02-23 00:00:00,Female,47,Bronze,TV,Nakhon Ratchasima,1471,Web,PromptPay,0,2,6,1,40-50,49.03333333333333,0.0,0.0,0.0,-1,-1,0.0,0.0,0.0,0.0,0.0,0.0,0,0,0.0,0.0,0,0,0.0,0.0,0,0,0.0,0.0,0,0,0.0,0
LGS2ORD0006695,C012309,2025-02-23 00:00:00,Male,38,Gold,Web,Bangkok,552,Shopee,Credit_Card,0,2,6,1,30-40,18.4,0.0,0.0,0.0,-1,-1,0.0,0.0,0.0,0.0,0.0,0.0,0,0,0.0,0.0,0,0,0.0,0.0,0,0,0.0,0.0,0,0,0.0,0
LGS2ORD0006696,C013925,2025-02-23 00:00:00,Male,59,Bronze,TV,Bangkok,1089,TV_Show,Credit_Card,0,2,6,1,>50,36.3,2.0,0.0,0.0,-1,13,5756.01,0.08,0.5,0.0,0.0,0.0,0,0,0.0,9151.26,1,0,0.0,11512.02,2,0,0.0,11512.02,2,0,0.0,0
LGS2ORD0006697,C013231,2025-02-23 01:00:00,Male,37,Bronze,Lazada,Nakhon Ratchasima,231,Lazada,COD,1,2,6,1,30-40,7.7,1.0,0.0,0.0,-1,29,1034.8,0.08,1.0,0.0,0.0,0.0,0,0,0.0,1034.8,1,0,0.0,1034.8,1,0,0.0,1034.8,1,0,0.0,0
LGS2ORD0006698,C014964,2025-02-23 01:00:00,Male,39,Silver,TV,Khon Kaen,1003,CallCenter,Credit_Card,1,2,6,1,30-40,33.43333333333333,0.0,0.0,0.0,-1,-1,0.0,0.0,0.0,0.0,0.0,0.0,0,0,0.0,0.0,0,0,0.0,0.0,0,0,0.0,0.0,0,0,0.0,0
LGS2ORD0006699,C015181,2025-02-23 01:00:00,Male,39,Bronze,Shopee,Remote_Area,498,Lazada,COD,1,2,6,1,30-40,16.6,0.0,0.0,0.0,-1,-1,0.0,0.0,0.0,0.0,0.0,0.0,0,0,0.0,0.0,0,0,0.0,0.0,0,0,0.0,0.0,0,0,0.0,0
LGS2ORD0006700,C014871,2025-02-23 01:00:00,Male,31,Bronze,TV,Nakhon Ratchasima,306,Web,Credit_Card,1,2,6,1,30-40,10.2,3.0,1.0,0.3333333333333333,34,19,3145.5833333333335,0.28,0.6666666666666666,0.3333333333333333,0.0,0.0,0,0,0.0,1877.1,1,0,0.0,9436.75,3,1,0.3333333333333333,9436.75,3,1,0.3333333333333333,0
LGS2ORD0006701,C012275,2025-02-23 01:00:00,Male,33,Gold,Web,Bangkok,1016,Lazada,Credit_Card,1,2,6,1,30-40,33.86666666666667,0.0,0.0,0.0,-1,-1,0.0,0.0,0.0,0.0,0.0,0.0,0,0,0.0,0.0,0,0,0.0,0.0,0,0,0.0,0.0,0,0,0.0,0
LGS2ORD0006702,C015078,2025-02-23 02:00:00,Male,32,Bronze,Shopee,Khon Kaen,325,CallCenter,COD,2,2,6,1,30-40,10.833333333333334,0.0,0.0,0.0,-1,-1,0.0,0.0,0.0,0.0,0.0,0.0,0,0,0.0,0.0,0,0,0.0,0.0,0,0,0.0,0.0,0,0,0.0,1
LGS2ORD0006703,C015557,2025-02-23 02:00:00,Female,44,Bronze,TV,Nakhon Ratchasima,138,Web,Credit_Card,2,2,6,1,40-50,4.6,0.0,0.0,0.0,-1,-1,0.0,0.0,0.0,0.0,0.0,0.0,0,0,0.0,0.0,0,0,0.0,0.0,0,0,0.0,0.0,0,0,0.0,0
LGS2ORD0006704,C012870,2025-02-23 02:00:00,Male,55,Silver,Web,Bangkok,672,Web,COD,2,2,6,1,>50,22.4,2.0,0.0,0.0,-1,25,2069.33,0.2,0.0,0.0,0.0,0.0,0,0,0.0,3265.65,1,0,0.0,4138.66,2,0,0.0,4138.66,2,0,0.0,0
LGS2ORD0006705,C011039,2025-02-23 02:00:00,Female,47,Bronze,Lazada,Chonburi,1091,CallCenter,COD,2,2,6,1,40-50,36.36666666666667,1.0,0.0,0.0,-1,34,2499.69,0.08,1.0,0.0,0.0,0.0,0,0,0.0,0.0,0,0,0.0,2499.69,1,0,0.0,2499.69,1,0,0.0,1
LGS2ORD0006706,C014407,2025-02-23 02:00:00,Male,34,Bronze,Shopee,Nakhon Ratchasima,1211,Lazada,COD,2,2,6,1,30-40,40.36666666666667,0.0,0.0,0.0,-1,-1,0.0,0.0,0.0,0.0,0.0,0.0,0,0,0.0,0.0,0,0,0.0,0.0,0,0,0.0,0.0,0,0,0.0,0
LGS2ORD0006707,C010143,2025-02-23 03:00:00,Male,37,Silver,CallCenter,Bangkok,1403,Web,Credit_Card,3,2,6,1,30-40,46.766666666666666,0.0,0.0,0.0,-1,-1,0.0,0.0,0.0,0.0,0.0,0.0,0,0,0.0,0.0,0,0,0.0,0.0,0,0,0.0,0.0,0,0,0.0,0
LGS2ORD0006708,C014864,2025-02-23 03:00:00,Male,42,Gold,TV,Khon Kaen,363,Shopee,COD,3,2,6,1,40-50,12.1,0.0,0.0,0.0,-1,-1,0.0,0.0,0.0,0.0,0.0,0.0,0,0,0.0,0.0,0,0,0.0,0.0,0,0,0.0,0.0,0,0,0.0,0
LGS2ORD0006709,C016711,2025-02-23 03:00:00,Female,39,Bronze,TV,Bangkok,504,Web,COD,3,2,6,1,30-40,16.8,0.0,0.0,0.0,-1,-1,0.0,0.0,0.0,0.0,0.0,0.0,0,0,0.0,0.0,0,0,0.0,0.0,0,0,0.0,0.0,0,0,0.0,0
LGS2ORD0006710,C013907,2025-02-23 03:00:00,Male,46,Gold,Shopee,Songkhla,836,Web,Bank_Transfer,3,2,6,1,40-50,27.866666666666667,1.0,1.0,1.0,1,21,1119.06,0.13,1.0,0.0,0.0,0.0,0,0,0.0,1119.06,1,1,1.0,1119.06,1,1,1.0,1119.06,1,1,1.0,0
LGS2ORD0006711,C017345,2025-02-23 03:00:00,Male,47,Bronze,Lazada,Nakhon Ratchasima,972,CallCenter,COD,3,2,6,1,40-50,32.4,1.0,0.0,0.0,-1,31,16188.8,0.03,1.0,0.0,0.0,0.0,0,0,0.0,0.0,0,0,0.0,16188.8,1,0,0.0,16188.8,1,0,0.0,1
LGS2ORD0006712,C013030,2025-02-23 04:00:00,Female,63,Gold,TV,Songkhla,1284,Shopee,Bank_Transfer,4,2,6,1,>50,42.8,0.0,0.0,0.0,-1,-1,0.0,0.0,0.0,0.0,0.0,0.0,0,0,0.0,0.0,0,0,0.0,0.0,0,0,0.0,0.0,0,0,0.0,0
LGS2ORD0006713,C010365,2025-02-23 04:00:00,Female,18,Bronze,Web,Chonburi,1202,TV_Show,COD,4,2,6,1,<20,40.06666666666667,1.0,0.0,0.0,-1,34,7197.83,0.18,0.0,0.0,0.0,0.0,0,0,0.0,0.0,0,0,0.0,7197.83,1,0,0.0,7197.83,1,0,0.0,1
LGS2ORD0006714,C013686,2025-02-23 04:00:00,Female,25,Silver,Web,Khon Kaen,492,Web,Credit_Card,4,2,6,1,20-30,16.4,1.0,0.0,0.0,-1,27,4841.49,0.05,1.0,0.0,0.0,0.0,0,0,0.0,4841.49,1,0,0.0,4841.49,1,0,0.0,4841.49,1,0,0.0,0
LGS2ORD0006715,C013924,2025-02-23 04:00:00,Male,46,Bronze,CallCenter,Bangkok,930,Shopee,COD,4,2,6,1,40-50,31.0,0.0,0.0,0.0,-1,-1,0.0,0.0,0.0,0.0,0.0,0.0,0,0,0.0,0.0,0,0,0.0,0.0,0,0,0.0,0.0,0,0,0.0,1
LGS2ORD0006716,C011551,2025-02-23 04:00:00,Male,37,Bronze,Shopee,Phuket,1400,TV_Show,Credit_Card,4,2,6,1,30-40,46.666666666666664,0.0,0.0,0.0,-1,-1,0.0,0.0,0.0,0.0,0.0,0.0,0,0,0.0,0.0,0,0,0.0,0.0,0,0,0.0,0.0,0,0,0.0,0
LGS2ORD0006717,C010537,2025-02-23 04:00:00,Female,64,Gold,TV,Songkhla,1348,Web,Credit_Card,4,2,6,1,>50,44.93333333333333,1.0,1.0,1.0,26,33,8960.27,0.13,0.0,0.0,0.0,0.0,0,0,0.0,0.0,0,0,0.0,8960.27,1,1,1.0,8960.27,1,1,1.0,0
LGS2ORD0006718,C012808,2025-02-23 05:00:00,Male,34,Bronze,Shopee,Songkhla,925,TV_Show,COD,5,2,6,1,30-40,30.833333333333332,1.0,1.0,1.0,-6,5,1967.35,0.18,1.0,0.0,0.0,1967.35,1,1,1.0,1967.35,1,1,1.0,1967.35,1,1,1.0,1967.35,1,1,1.0,1
LGS2ORD0006719,C016121,2025-02-23 05:00:00,Male,43,Platinum,TV,Chonburi,1160,Lazada,COD,5,2,6,1,40-50,38.666666666666664,0.0,0.0,0.0,-1,-1,0.0,0.0,0.0,0.0,0.0,0.0,0,0,0.0,0.0,0,0,0.0,0.0,0,0,0.0,0.0,0,0,0.0,1
LGS2ORD0006720,C011172,2025-02-23 05:00:00,Male,48,Platinum,Web,Chonburi,637,TV_Show,COD,5,2,6,1,40-50,21.233333333333334,0.0,0.0,0.0,-1,-1,0.0,0.0,0.0,0.0,0.0,0.0,0,0,0.0,0.0,0,0,0.0,0.0,0,0,0.0,0.0,0,0,0.0,0
LGS2ORD0006721,C016445,2025-02-23 05:00:00,Male,50,Bronze,TV,Remote_Area,562,Web,Credit_Card,5,2,6,1,40-50,18.733333333333334,2.0,1.0,0.5,31,18,24739.805,0.23,0.5,0.5,0.0,0.0,0,0,0.0,17208.4,1,0,0.0,49479.61,2,1,0.5,49479.61,2,1,0.5,1
LGS2ORD0006722,C015489,2025-02-23 05:00:00,Female,28,Gold,Web,Bangkok,212,Lazada,COD,5,2,6,1,20-30,7.066666666666666,2.0,1.0,0.5,13,13,5658.16,0.18,0.5,0.0,0.0,0.0,0,0,0.0,11316.32,2,1,0.5,11316.32,2,1,0.5,11316.32,2,1,0.5,0
LGS2ORD0006723,C017612,2025-02-23 06:00:00,Male,37,Bronze,Web,Chiang Mai,801,Web,COD,6,2,6,1,30-40,26.7,1.0,0.0,0.0,-1,19,2725.57,0.18,1.0,0.0,0.0,0.0,0,0,0.0,2725.57,1,0,0.0,2725.57,1,0,0.0,2725.57,1,0,0.0,0
LGS2ORD0006724,C014409,2025-02-23 06:00:00,Female,50,Bronze,Web,Nakhon Ratchasima,276,TV_Show,COD,6,2,6,1,40-50,9.2,0.0,0.0,0.0,-1,-1,0.0,0.0,0.0,0.0,0.0,0.0,0,0,0.0,0.0,0,0,0.0,0.0,0,0,0.0,0.0,0,0,0.0,1
LGS2ORD0006725,C016640,2025-02-23 06:00:00,Female,43,Silver,Shopee,Phuket,1469,CallCenter,COD,6,2,6,1,40-50,48.96666666666667,1.0,0.0,0.0,-1,48,9324.24,0.25,0.0,1.0,0.0,0.0,0,0,0.0,0.0,0,0,0.0,9324.24,1,0,0.0,9324.24,1,0,0.0,0
LGS2ORD0006726,C011063,2025-02-23 06:00:00,Male,18,Gold,Shopee,Nakhon Ratchasima,667,Shopee,COD,6,2,6,1,<20,22.233333333333334,2.0,0.0,0.0,-1,19,578.72,0.28,0.5,1.0,0.0,0.0,0,0,0.0,1157.44,2,0,0.0,1157.44,2,0,0.0,1157.44,2,0,0.0,0
LGS2ORD0006727,C015878,2025-02-23 06:00:00,Female,30,Platinum,Shopee,Bangkok,1310,Shopee,Bank_Transfer,6,2,6,1,20-30,43.666666666666664,0.0,0.0,0.0,-1,-1,0.0,0.0,0.0,0.0,0.0,0.0,0,0,0.0,0.0,0,0,0.0,0.0,0,0,0.0,0.0,0,0,0.0,0
LGS2ORD0006728,C013427,2025-02-23 07:00:00,Male,53,Bronze,Shopee,Phuket,1423,CallCenter,PromptPay,7,2,6,1,>50,47.43333333333333,1.0,0.0,0.0,-1,39,947.94,0.18,1.0,0.0,0.0,0.0,0,0,0.0,0.0,0,0,0.0,947.94,1,0,0.0,947.94,1,0,0.0,0
LGS2ORD0006729,C017143,2025-02-23 07:00:00,Female,50,Bronze,TV,Nakhon Ratchasima,912,TV_Show,Bank_Transfer,7,2,6,1,40-50,30.4,0.0,0.0,0.0,-1,-1,0.0,0.0,0.0,0.0,0.0,0.0,0,0,0.0,0.0,0,0,0.0,0.0,0,0,0.0,0.0,0,0,0.0,0
LGS2ORD0006730,C015814,2025-02-23 07:00:00,Male,30,Bronze,Lazada,Phuket,1099,TV_Show,PromptPay,7,2,6,1,20-30,36.63333333333333,0.0,0.0,0.0,-1,-1,0.0,0.0,0.0,0.0,0.0,0.0,0,0,0.0,0.0,0,0,0.0,0.0,0,0,0.0,0.0,0,0,0.0,0
LGS2ORD0006731,C011900,2025-02-23 07:00:00,Male,52,Gold,Lazada,Songkhla,925,Web,COD,7,2,6,1,>50,30.833333333333332,0.0,0.0,0.0,-1,-1,0.0,0.0,0.0,0.0,0.0,0.0,0,0,0.0,0.0,0,0,0.0,0.0,0,0,0.0,0.0,0,0,0.0,0
LGS2ORD0006732,C017022,2025-02-23 07:00:00,Female,60,Bronze,Shopee,Chonburi,588,Shopee,COD,7,2,6,1,>50,19.6,0.0,0.0,0.0,-1,-1,0.0,0.0,0.0,0.0,0.0,0.0,0,0,0.0,0.0,0,0,0.0,0.0,0,0,0.0,0.0,0,0,0.0,1
LGS2ORD0006733,C014888,2025-02-23 08:00:00,Male,35,Silver,Shopee,Bangkok,895,CallCenter,PromptPay,8,2,6,1,30-40,29.833333333333332,0.0,0.0,0.0,-1,-1,0.0,0.0,0.0,0.0,0.0,0.0,0,0,0.0,0.0,0,0,0.0,0.0,0,0,0.0,0.0,0,0,0.0,0
LGS2ORD0006734,C010302,2025-02-23 08:00:00,Female,35,Bronze,Shopee,Remote_Area,1277,Web,PromptPay,8,2,6,1,30-40,42.56666666666667,1.0,1.0,1.0,-9,6,4901.94,0.23,1.0,1.0,0.0,4901.94,1,1,1.0,4901.94,1,1,1.0,4901.94,1,1,1.0,4901.94,1,1,1.0,0
LGS2ORD0006735,C010206,2025-02-23 08:00:00,Other,46,Silver,Web,Chiang Mai,598,TV_Show,COD,8,2,6,1,40-50,19.933333333333334,2.0,1.0,0.5,43,16,3995.37,0.3,1.0,0.5,0.0,0.0,0,0,0.0,3107.54,1,0,0.0,7990.74,2,1,0.5,7990.74,2,1,0.5,1
LGS2ORD0006736,C011142,2025-02-23 08:00:00,Male,32,Gold,CallCenter,Bangkok,317,CallCenter,PromptPay,8,2,6,1,30-40,10.566666666666666,1.0,0.0,0.0,-1,29,3180.62,0.08,0.0,0.0,0.0,0.0,0,0,0.0,3180.62,1,0,0.0,3180.62,1,0,0.0,3180.62,1,0,0.0,0
LGS2ORD0006737,C017716,2025-02-23 08:00:00,Female,30,Platinum,Web,Bangkok,775,CallCenter,COD,8,2,6,1,20-30,25.833333333333332,0.0,0.0,0.0,-1,-1,0.0,0.0,0.0,0.0,0.0,0.0,0,0,0.0,0.0,0,0,0.0,0.0,0,0,0.0,0.0,0,0,0.0,0
LGS2ORD0006738,C016415,2025-02-23 08:00:00,Male,69,Bronze,Shopee,Nakhon Ratchasima,1377,Lazada,Credit_Card,8,2,6,1,>50,45.9,3.0,0.0,0.0,-1,15,2742.433333333333,0.23,0.6666666666666666,0.3333333333333333,0.0,0.0,0,0,0.0,526.48,1,0,0.0,8227.3,3,0,0.0,8227.3,3,0,0.0,0
LGS2ORD0006739,C012869,2025-02-23 09:00:00,Female,51,Bronze,Lazada,Chiang Mai,244,Web,Credit_Card,9,2,6,1,>50,8.133333333333333,0.0,0.0,0.0,-1,-1,0.0,0.0,0.0,0.0,0.0,0.0,0,0,0.0,0.0,0,0,0.0,0.0,0,0,0.0,0.0,0,0,0.0,0
LGS2ORD0006740,C014336,2025-02-23 09:00:00,Male,56,Gold,Web,Chonburi,542,Shopee,COD,9,2,6,1,>50,18.066666666666666,0.0,0.0,0.0,-1,-1,0.0,0.0,0.0,0.0,0.0,0.0,0,0,0.0,0.0,0,0,0.0,0.0,0,0,0.0,0.0,0,0,0.0,1
LGS2ORD0006741,C011142,2025-02-23 09:00:00,Male,32,Gold,CallCenter,Bangkok,317,Lazada,Credit_Card,9,2,6,1,30-40,10.566666666666666,2.0,0.0,0.0,-1,0,3221.5950000000003,0.08,0.0,0.0,0.0,3262.57,1,0,0.0,6443.1900000000005,2,0,0.0,6443.1900000000005,2,0,0.0,6443.1900000000005,2,0,0.0,0
LGS2ORD0006742,C013706,2025-02-23 09:00:00,Female,45,Gold,CallCenter,Chonburi,1228,Web,PromptPay,9,2,6,1,40-50,40.93333333333333,0.0,0.0,0.0,-1,-1,0.0,0.0,0.0,0.0,0.0,0.0,0,0,0.0,0.0,0,0,0.0,0.0,0,0,0.0,0.0,0,0,0.0,0
LGS2ORD0006743,C010784,2025-02-23 09:00:00,Female,51,Silver,Lazada,Khon Kaen,1152,TV_Show,COD,9,2,6,1,>50,38.4,1.0,1.0,1.0,5,13,807.05,0.2,1.0,0.0,0.0,0.0,0,0,0.0,807.05,1,1,1.0,807.05,1,1,1.0,807.05,1,1,1.0,1
LGS2ORD0006744,C012625,2025-02-23 10:00:00,Female,42,Silver,Shopee,Songkhla,153,TV_Show,Bank_Transfer,10,2,6,1,40-50,5.1,1.0,0.0,0.0,-1,37,10569.13,0.2,0.0,0.0,0.0,0.0,0,0,0.0,0.0,0,0,0.0,10569.13,1,0,0.0,10569.13,1,0,0.0,0
LGS2ORD0006745,C011938,2025-02-23 10:00:00,Male,36,Silver,Shopee,Bangkok,1025,Shopee,COD,10,2,6,1,30-40,34.166666666666664,1.0,1.0,1.0,-1,14,4677.73,0.15,1.0,0.0,0.0,0.0,0,0,0.0,4677.73,1,1,1.0,4677.73,1,1,1.0,4677.73,1,1,1.0,0
LGS2ORD0006746,C014748,2025-02-23 10:00:00,Female,44,Silver,TV,Bangkok,925,Web,COD,10,2,6,1,40-50,30.833333333333332,2.0,1.0,0.5,1,10,4405.105,0.25,0.0,0.5,0.0,0.0,0,0,0.0,8810.21,2,1,0.5,8810.21,2,1,0.5,8810.21,2,1,0.5,0
LGS2ORD0006747,C016913,2025-02-23 10:00:00,Male,58,Bronze,Web,Bangkok,176,TV_Show,COD,10,2,6,1,>50,5.866666666666666,2.0,1.0,0.5,23,29,1327.3899999999999,0.28,0.5,0.5,0.0,0.0,0,0,0.0,2305.06,1,1,1.0,2654.7799999999997,2,1,0.5,2654.7799999999997,2,1,0.5,0
LGS2ORD0006748,C017170,2025-02-23 10:00:00,Female,48,Silver,Shopee,Phuket,1412,Web,Credit_Card,10,2,6,1,40-50,47.06666666666667,0.0,0.0,0.0,-1,-1,0.0,0.0,0.0,0.0,0.0,0.0,0,0,0.0,0.0,0,0,0.0,0.0,0,0,0.0,0.0,0,0,0.0,0
LGS2ORD0006749,C015554,2025-02-23 11:00:00,Male,51,Gold,Web,Bangkok,564,Lazada,Bank_Transfer,11,2,6,1,>50,18.8,0.0,0.0,0.0,-1,-1,0.0,0.0,0.0,0.0,0.0,0.0,0,0,0.0,0.0,0,0,0.0,0.0,0,0,0.0,0.0,0,0,0.0,0
LGS2ORD0006750,C012040,2025-02-23 11:00:00,Male,42,Bronze,Shopee,Songkhla,1184,Web,COD,11,2,6,1,40-50,39.46666666666667,0.0,0.0,0.0,-1,-1,0.0,0.0,0.0,0.0,0.0,0.0,0,0,0.0,0.0,0,0,0.0,0.0,0,0,0.0,0.0,0,0,0.0,0
LGS2ORD0006751,C011618,2025-02-23 11:00:00,Female,28,Bronze,TV,Remote_Area,432,Shopee,COD,11,2,6,1,20-30,14.4,2.0,0.0,0.0,-1,13,5672.7,0.08,0.0,0.0,0.0,0.0,0,0,0.0,2600.27,1,0,0.0,11345.4,2,0,0.0,11345.4,2,0,0.0,0
LGS2ORD0006752,C014474,2025-02-23 11:00:00,Female,52,Bronze,TV,Khon Kaen,1293,TV_Show,COD,11,2,6,1,>50,43.1,1.0,0.0,0.0,-1,34,830.34,0.03,0.0,0.0,0.0,0.0,0,0,0.0,0.0,0,0,0.0,830.34,1,0,0.0,830.34,1,0,0.0,1
LGS2ORD0006753,C010972,2025-02-23 11:00:00,Male,33,Bronze,Web,Bangkok,1394,Web,Credit_Card,11,2,6,1,30-40,46.46666666666667,0.0,0.0,0.0,-1,-1,0.0,0.0,0.0,0.0,0.0,0.0,0,0,0.0,0.0,0,0,0.0,0.0,0,0,0.0,0.0,0,0,0.0,0
LGS2ORD0006754,C012870,2025-02-23 12:00:00,Male,55,Silver,Web,Bangkok,672,Lazada,COD,12,2,6,1,>50,22.4,3.0,0.0,0.0,-1,0,1759.9166666666667,0.2,0.3333333333333333,0.0,0.0,1141.09,1,0,0.0,4406.74,2,0,0.0,5279.75,3,0,0.0,5279.75,3,0,0.0,1
LGS2ORD0006755,C012143,2025-02-23 12:00:00,Female,50,Silver,Lazada,Nakhon Ratchasima,77,CallCenter,Credit_Card,12,2,6,1,40-50,2.566666666666667,0.0,0.0,0.0,-1,-1,0.0,0.0,0.0,0.0,0.0,0.0,0,0,0.0,0.0,0,0,0.0,0.0,0,0,0.0,0.0,0,0,0.0,0
LGS2ORD0006756,C015135,2025-02-23 12:00:00,Female,40,Gold,Shopee,Khon Kaen,1273,Web,COD,12,2,6,1,30-40,42.43333333333333,2.0,0.0,0.0,-1,42,4333.885,0.33,0.5,0.5,0.0,0.0,0,0,0.0,0.0,0,0,0.0,8667.77,2,0,0.0,8667.77,2,0,0.0,0
LGS2ORD0006757,C016189,2025-02-23 12:00:00,Female,48,Bronze,Lazada,Phuket,1424,Lazada,Credit_Card,12,2,6,1,40-50,47.46666666666667,1.0,1.0,1.0,15,26,5616.24,0.18,0.0,0.0,0.0,0.0,0,0,0.0,5616.24,1,1,1.0,5616.24,1,1,1.0,5616.24,1,1,1.0,0
LGS2ORD0006758,C016199,2025-02-23 12:00:00,Female,51,Gold,Shopee,Nakhon Ratchasima,131,TV_Show,PromptPay,12,2,6,1,>50,4.366666666666666,1.0,0.0,0.0,-1,25,4729.89,0.13,1.0,0.0,0.0,0.0,0,0,0.0,4729.89,1,0,0.0,4729.89,1,0,0.0,4729.89,1,0,0.0,0
LGS2ORD0006759,C012472,2025-02-23 12:00:00,Female,37,Silver,Shopee,Khon Kaen,92,Shopee,Credit_Card,12,2,6,1,30-40,3.066666666666667,1.0,0.0,0.0,-1,51,1175.67,0.2,0.0,0.0,0.0,0.0,0,0,0.0,0.0,0,0,0.0,1175.67,1,0,0.0,1175.67,1,0,0.0,0
LGS2ORD0006760,C014152,2025-02-23 13:00:00,Female,36,Gold,Web,Bangkok,1341,Shopee,Bank_Transfer,13,2,6,1,30-40,44.7,3.0,1.0,0.3333333333333333,28,30,3944.903333333333,0.28,0.6666666666666666,0.6666666666666666,0.0,0.0,0,0,0.0,0.0,0,0,0.0,11834.71,3,1,0.3333333333333333,11834.71,3,1,0.3333333333333333,0
LGS2ORD0006761,C017952,2025-02-23 13:00:00,Female,39,Bronze,Shopee,Bangkok,227,CallCenter,COD,13,2,6,1,30-40,7.566666666666666,0.0,0.0,0.0,-1,-1,0.0,0.0,0.0,0.0,0.0,0.0,0,0,0.0,0.0,0,0,0.0,0.0,0,0,0.0,0.0,0,0,0.0,0
LGS2ORD0006762,C017870,2025-02-23 13:00:00,Male,43,Bronze,TV,Chiang Mai,673,CallCenter,PromptPay,13,2,6,1,40-50,22.433333333333334,2.0,0.0,0.0,-1,17,6491.62,0.08,0.0,0.0,0.0,0.0,0,0,0.0,11916.39,1,0,0.0,12983.24,2,0,0.0,12983.24,2,0,0.0,0
LGS2ORD0006763,C016483,2025-02-23 13:00:00,Other,59,Bronze,Shopee,Phuket,119,Shopee,Credit_Card,13,2,6,1,>50,3.966666666666667,2.0,0.0,0.0,-1,17,4239.005,0.08,1.0,0.0,0.0,0.0,0,0,0.0,5319.26,1,0,0.0,8478.01,2,0,0.0,8478.01,2,0,0.0,1
LGS2ORD0006764,C014359,2025-02-23 13:00:00,Female,25,Bronze,Shopee,Bangkok,1333,CallCenter,COD,13,2,6,1,20-30,44.43333333333333,2.0,1.0,0.5,6,21,2130.67,0.28,1.0,0.5,0.0,0.0,0,0,0.0,1394.0,1,1,1.0,4261.34,2,1,0.5,4261.34,2,1,0.5,0
LGS2ORD0006765,C015251,2025-02-23 14:00:00,Male,25,Platinum,CallCenter,Bangkok,1510,Shopee,COD,14,2,6,1,20-30,50.333333333333336,1.0,0.0,0.0,-1,29,4498.29,0.15,1.0,0.0,0.0,0.0,0,0,0.0,4498.29,1,0,0.0,4498.29,1,0,0.0,4498.29,1,0,0.0,0
LGS2ORD0006766,C010397,2025-02-23 14:00:00,Male,34,Bronze,Web,Nakhon Ratchasima,118,CallCenter,COD,14,2,6,1,30-40,3.933333333333333,1.0,0.0,0.0,-1,18,2312.76,0.03,0.0,0.0,0.0,0.0,0,0,0.0,2312.76,1,0,0.0,2312.76,1,0,0.0,2312.76,1,0,0.0,0
LGS2ORD0006767,C015559,2025-02-23 14:00:00,Female,37,Platinum,Web,Bangkok,603,TV_Show,PromptPay,14,2,6,1,30-40,20.1,1.0,1.0,1.0,0,7,1293.97,0.25,1.0,1.0,0.0,0.0,0,0,0.0,1293.97,1,1,1.0,1293.97,1,1,1.0,1293.97,1,1,1.0,0
LGS2ORD0006768,C016590,2025-02-23 14:00:00,Male,50,Platinum,Lazada,Chonburi,643,Shopee,COD,14,2,6,1,40-50,21.433333333333334,0.0,0.0,0.0,-1,-1,0.0,0.0,0.0,0.0,0.0,0.0,0,0,0.0,0.0,0,0,0.0,0.0,0,0,0.0,0.0,0,0,0.0,0
LGS2ORD0006769,C016881,2025-02-23 14:00:00,Male,23,Bronze,Shopee,Bangkok,727,Shopee,Bank_Transfer,14,2,6,1,20-30,24.233333333333334,0.0,0.0,0.0,-1,-1,0.0,0.0,0.0,0.0,0.0,0.0,0,0,0.0,0.0,0,0,0.0,0.0,0,0,0.0,0.0,0,0,0.0,0
LGS2ORD0006770,C011436,2025-02-23 15:00:00,Male,47,Silver,Web,Bangkok,324,Web,COD,15,2,6,1,40-50,10.8,0.0,0.0,0.0,-1,-1,0.0,0.0,0.0,0.0,0.0,0.0,0,0,0.0,0.0,0,0,0.0,0.0,0,0,0.0,0.0,0,0,0.0,0
LGS2ORD0006771,C010762,2025-02-23 15:00:00,Female,67,Bronze,TV,Chonburi,334,Lazada,PromptPay,15,2,6,1,>50,11.133333333333333,0.0,0.0,0.0,-1,-1,0.0,0.0,0.0,0.0,0.0,0.0,0,0,0.0,0.0,0,0,0.0,0.0,0,0,0.0,0.0,0,0,0.0,1
LGS2ORD0006772,C017544,2025-02-23 15:00:00,Female,51,Bronze,CallCenter,Bangkok,728,Shopee,Credit_Card,15,2,6,1,>50,24.266666666666666,1.0,0.0,0.0,-1,9,1457.15,0.18,1.0,0.0,0.0,0.0,0,0,0.0,1457.15,1,0,0.0,1457.15,1,0,0.0,1457.15,1,0,0.0,0
LGS2ORD0006773,C012142,2025-02-23 15:00:00,Male,40,Silver,Web,Phuket,296,Shopee,PromptPay,15,2,6,1,30-40,9.866666666666667,0.0,0.0,0.0,-1,-1,0.0,0.0,0.0,0.0,0.0,0.0,0,0,0.0,0.0,0,0,0.0,0.0,0,0,0.0,0.0,0,0,0.0,0
LGS2ORD0006774,C015098,2025-02-23 15:00:00,Female,51,Bronze,Shopee,Bangkok,153,Shopee,Credit_Card,15,2,6,1,>50,5.1,1.0,0.0,0.0,-1,30,5142.27,0.03,0.0,0.0,0.0,0.0,0,0,0.0,0.0,0,0,0.0,5142.27,1,0,0.0,5142.27,1,0,0.0,0
LGS2ORD0006775,C011767,2025-02-23 15:00:00,Female,53,Gold,Lazada,Chiang Mai,103,Web,Credit_Card,15,2,6,1,>50,3.433333333333333,0.0,0.0,0.0,-1,-1,0.0,0.0,0.0,0.0,0.0,0.0,0,0,0.0,0.0,0,0,0.0,0.0,0,0,0.0,0.0,0,0,0.0,0
LGS2ORD0006776,C010307,2025-02-23 16:00:00,Male,54,Bronze,Shopee,Chonburi,328,Shopee,COD,16,2,6,1,>50,10.933333333333334,2.0,0.0,0.0,-1,35,6247.535,0.18,1.0,0.0,0.0,0.0,0,0,0.0,0.0,0,0,0.0,12495.07,2,0,0.0,12495.07,2,0,0.0,0
LGS2ORD0006777,C012746,2025-02-23 16:00:00,Female,41,Silver,Lazada,Chonburi,855,Web,Bank_Transfer,16,2,6,1,40-50,28.5,0.0,0.0,0.0,-1,-1,0.0,0.0,0.0,0.0,0.0,0.0,0,0,0.0,0.0,0,0,0.0,0.0,0,0,0.0,0.0,0,0,0.0,0
LGS2ORD0006778,C010872,2025-02-23 16:00:00,Male,23,Gold,Web,Chonburi,440,TV_Show,COD,16,2,6,1,20-30,14.666666666666666,2.0,0.0,0.0,-1,17,7906.3150000000005,0.28,0.0,0.5,0.0,0.0,0,0,0.0,2042.52,1,0,0.0,15812.630000000001,2,0,0.0,15812.630000000001,2,0,0.0,0
LGS2ORD0006779,C013798,2025-02-23 16:00:00,Male,59,Silver,Shopee,Chiang Mai,1009,Shopee,PromptPay,16,2,6,1,>50,33.63333333333333,1.0,0.0,0.0,-1,27,1068.88,0.1,1.0,0.0,0.0,0.0,0,0,0.0,1068.88,1,0,0.0,1068.88,1,0,0.0,1068.88,1,0,0.0,1
LGS2ORD0006780,C013239,2025-02-23 16:00:00,Male,29,Bronze,Shopee,Khon Kaen,542,Shopee,Credit_Card,16,2,6,1,20-30,18.066666666666666,1.0,0.0,0.0,-1,7,11041.52,0.23,1.0,1.0,0.0,0.0,0,0,0.0,11041.52,1,0,0.0,11041.52,1,0,0.0,11041.52,1,0,0.0,1
LGS2ORD0006781,C015374,2025-02-23 17:00:00,Male,38,Bronze,TV,Chiang Mai,148,TV_Show,PromptPay,17,2,6,1,30-40,4.933333333333334,0.0,0.0,0.0,-1,-1,0.0,0.0,0.0,0.0,0.0,0.0,0,0,0.0,0.0,0,0,0.0,0.0,0,0,0.0,0.0,0,0,0.0,0
LGS2ORD0006782,C012155,2025-02-23 17:00:00,Male,60,Bronze,TV,Khon Kaen,689,Shopee,Credit_Card,17,2,6,1,>50,22.966666666666665,2.0,0.0,0.0,-1,34,3266.6,0.18,0.5,0.0,0.0,0.0,0,0,0.0,0.0,0,0,0.0,6533.2,2,0,0.0,6533.2,2,0,0.0,0
LGS2ORD0006783,C011768,2025-02-23 17:00:00,Male,31,Bronze,Lazada,Songkhla,1112,Web,COD,17,2,6,1,30-40,37.06666666666667,0.0,0.0,0.0,-1,-1,0.0,0.0,0.0,0.0,0.0,0.0,0,0,0.0,0.0,0,0,0.0,0.0,0,0,0.0,0.0,0,0,0.0,0
LGS2ORD0006784,C013335,2025-02-23 17:00:00,Male,45,Platinum,Lazada,Remote_Area,1086,CallCenter,Bank_Transfer,17,2,6,1,40-50,36.2,0.0,0.0,0.0,-1,-1,0.0,0.0,0.0,0.0,0.0,0.0,0,0,0.0,0.0,0,0,0.0,0.0,0,0,0.0,0.0,0,0,0.0,0
LGS2ORD0006785,C011164,2025-02-23 17:00:00,Female,51,Bronze,Lazada,Songkhla,110,Web,Credit_Card,17,2,6,1,>50,3.6666666666666665,0.0,0.0,0.0,-1,-1,0.0,0.0,0.0,0.0,0.0,0.0,0,0,0.0,0.0,0,0,0.0,0.0,0,0,0.0,0.0,0,0,0.0,1
LGS2ORD0006786,C015400,2025-02-23 18:00:00,Female,71,Bronze,Shopee,Songkhla,789,Shopee,Credit_Card,18,2,6,1,>50,26.3,2.0,1.0,0.5,2,10,1250.675,0.18,0.0,0.0,0.0,0.0,0,0,0.0,2501.35,2,1,0.5,2501.35,2,1,0.5,2501.35,2,1,0.5,1
LGS2ORD0006787,C016527,2025-02-23 18:00:00,Female,55,Gold,Web,Khon Kaen,752,Lazada,PromptPay,18,2,6,1,>50,25.066666666666666,1.0,1.0,1.0,27,37,7419.54,0.13,0.0,0.0,0.0,0.0,0,0,0.0,0.0,0,0,0.0,7419.54,1,1,1.0,7419.54,1,1,1.0,0
LGS2ORD0006788,C017082,2025-02-23 18:00:00,Female,34,Bronze,TV,Chiang Mai,747,CallCenter,PromptPay,18,2,6,1,30-40,24.9,2.0,1.0,0.5,31,16,2925.5699999999997,0.18,0.5,0.0,0.0,0.0,0,0,0.0,4385.83,1,0,0.0,5851.139999999999,2,1,0.5,5851.139999999999,2,1,0.5,0
LGS2ORD0006789,C015460,2025-02-23 18:00:00,Female,40,Gold,Lazada,Bangkok,457,Web,Bank_Transfer,18,2,6,1,30-40,15.233333333333333,1.0,0.0,0.0,-1,26,4578.96,0.08,1.0,0.0,0.0,0.0,0,0,0.0,4578.96,1,0,0.0,4578.96,1,0,0.0,4578.96,1,0,0.0,0
LGS2ORD0006790,C011277,2025-02-23 18:00:00,Other,40,Silver,Lazada,Bangkok,777,Shopee,PromptPay,18,2,6,1,30-40,25.9,0.0,0.0,0.0,-1,-1,0.0,0.0,0.0,0.0,0.0,0.0,0,0,0.0,0.0,0,0,0.0,0.0,0,0,0.0,0.0,0,0,0.0,0
LGS2ORD0006791,C015859,2025-02-23 19:00:00,Male,51,Bronze,Web,Bangkok,1345,TV_Show,Credit_Card,19,2,6,1,>50,44.833333333333336,1.0,0.0,0.0,-1,13,2669.93,0.28,1.0,1.0,0.0,0.0,0,0,0.0,2669.93,1,0,0.0,2669.93,1,0,0.0,2669.93,1,0,0.0,0
LGS2ORD0006792,C012681,2025-02-23 19:00:00,Female,42,Platinum,Web,Bangkok,1041,Lazada,COD,19,2,6,1,40-50,34.7,1.0,0.0,0.0,-1,49,5226.59,0.15,1.0,0.0,0.0,0.0,0,0,0.0,0.0,0,0,0.0,5226.59,1,0,0.0,5226.59,1,0,0.0,1
LGS2ORD0006793,C016616,2025-02-23 19:00:00,Male,47,Bronze,CallCenter,Bangkok,713,TV_Show,COD,19,2,6,1,40-50,23.766666666666666,0.0,0.0,0.0,-1,-1,0.0,0.0,0.0,0.0,0.0,0.0,0,0,0.0,0.0,0,0,0.0,0.0,0,0,0.0,0.0,0,0,0.0,0
LGS2ORD0006794,C014132,2025-02-23 19:00:00,Other,46,Silver,Web,Songkhla,1086,Lazada,Bank_Transfer,19,2,6,1,40-50,36.2,1.0,0.0,0.0,-1,26,18702.37,0.1,1.0,0.0,0.0,0.0,0,0,0.0,18702.37,1,0,0.0,18702.37,1,0,0.0,18702.37,1,0,0.0,0
LGS2ORD0006795,C014156,2025-02-23 19:00:00,Male,42,Bronze,Web,Chonburi,1182,Lazada,Credit_Card,19,2,6,1,40-50,39.4,2.0,1.0,0.5,-1,8,2173.31,0.28,1.0,0.5,0.0,0.0,0,0,0.0,1997.77,1,1,1.0,4346.62,2,1,0.5,4346.62,2,1,0.5,0
LGS2ORD0006796,C014725,2025-02-23 19:00:00,Female,56,Silver,TV,Bangkok,222,CallCenter,COD,19,2,6,1,>50,7.4,0.0,0.0,0.0,-1,-1,0.0,0.0,0.0,0.0,0.0,0.0,0,0,0.0,0.0,0,0,0.0,0.0,0,0,0.0,0.0,0,0,0.0,1
LGS2ORD0006797,C015996,2025-02-23 20:00:00,Other,55,Silver,Web,Bangkok,250,Web,Credit_Card,20,2,6,1,>50,8.333333333333334,2.0,1.0,0.5,45,5,7833.155000000001,0.2,0.0,0.0,0.0,2042.88,1,0,0.0,2042.88,1,0,0.0,15666.310000000001,2,1,0.5,15666.310000000001,2,1,0.5,0
LGS2ORD0006798,C013162,2025-02-23 20:00:00,Female,48,Silver,Web,Chiang Mai,164,TV_Show,Bank_Transfer,20,2,6,1,40-50,5.466666666666667,0.0,0.0,0.0,-1,-1,0.0,0.0,0.0,0.0,0.0,0.0,0,0,0.0,0.0,0,0,0.0,0.0,0,0,0.0,0.0,0,0,0.0,0
LGS2ORD0006799,C011432,2025-02-23 20:00:00,Female,53,Bronze,CallCenter,Chonburi,464,TV_Show,Bank_Transfer,20,2,6,1,>50,15.466666666666667,2.0,0.0,0.0,-1,2,1315.385,0.28,1.0,0.5,0.0,2630.77,2,0,0.0,2630.77,2,0,0.0,2630.77,2,0,0.0,2630.77,2,0,0.0,0
LGS2ORD0006800,C013082,2025-02-23 20:00:00,Male,28,Silver,Web,Chonburi,1411,CallCenter,COD,20,2,6,1,20-30,47.03333333333333,1.0,0.0,0.0,-1,2,10568.72,0.1,1.0,0.0,0.0,10568.72,1,0,0.0,10568.72,1,0,0.0,10568.72,1,0,0.0,10568.72,1,0,0.0,1
LGS2ORD0006801,C013638,2025-02-23 20:00:00,Male,70,Bronze,Web,Nakhon Ratchasima,347,CallCenter,Credit_Card,20,2,6,1,>50,11.566666666666666,0.0,0.0,0.0,-1,-1,0.0,0.0,0.0,0.0,0.0,0.0,0,0,0.0,0.0,0,0,0.0,0.0,0,0,0.0,0.0,0,0,0.0,1
LGS2ORD0006802,C016882,2025-02-23 21:00:00,Female,25,Silver,Web,Bangkok,437,TV_Show,COD,21,2,6,1,20-30,14.566666666666666,0.0,0.0,0.0,-1,-1,0.0,0.0,0.0,0.0,0.0,0.0,0,0,0.0,0.0,0,0,0.0,0.0,0,0,0.0,0.0,0,0,0.0,1
LGS2ORD0006803,C016479,2025-02-23 21:00:00,Female,46,Gold,TV,Bangkok,777,Web,COD,21,2,6,1,40-50,25.9,0.0,0.0,0.0,-1,-1,0.0,0.0,0.0,0.0,0.0,0.0,0,0,0.0,0.0,0,0,0.0,0.0,0,0,0.0,0.0,0,0,0.0,1
LGS2ORD0006804,C015588,2025-02-23 21:00:00,Male,51,Bronze,TV,Songkhla,134,Shopee,COD,21,2,6,1,>50,4.466666666666667,0.0,0.0,0.0,-1,-1,0.0,0.0,0.0,0.0,0.0,0.0,0,0,0.0,0.0,0,0,0.0,0.0,0,0,0.0,0.0,0,0,0.0,0
LGS2ORD0006805,C011722,2025-02-23 21:00:00,Female,43,Silver,TV,Khon Kaen,1124,Lazada,COD,21,2,6,1,40-50,37.46666666666667,2.0,1.0,0.5,-3,3,1108.57,0.3,1.0,1.0,0.0,1274.07,1,0,0.0,2217.14,2,1,0.5,2217.14,2,1,0.5,2217.14,2,1,0.5,0
LGS2ORD0006806,C014601,2025-02-23 21:00:00,Female,34,Bronze,TV,Songkhla,489,Shopee,COD,21,2,6,1,30-40,16.3,1.0,0.0,0.0,-1,43,7186.94,0.18,0.0,0.0,0.0,0.0,0,0,0.0,0.0,0,0,0.0,7186.94,1,0,0.0,7186.94,1,0,0.0,0
LGS2ORD0006807,C014505,2025-02-23 22:00:00,Female,30,Gold,Lazada,Bangkok,1052,CallCenter,COD,22,2,6,1,20-30,35.06666666666667,1.0,0.0,0.0,-1,30,4954.33,0.08,0.0,0.0,0.0,0.0,0,0,0.0,0.0,0,0,0.0,4954.33,1,0,0.0,4954.33,1,0,0.0,0
LGS2ORD0006808,C011858,2025-02-23 22:00:00,Female,42,Bronze,Web,Remote_Area,514,Web,COD,22,2,6,1,40-50,17.133333333333333,0.0,0.0,0.0,-1,-1,0.0,0.0,0.0,0.0,0.0,0.0,0,0,0.0,0.0,0,0,0.0,0.0,0,0,0.0,0.0,0,0,0.0,1
LGS2ORD0006809,C014036,2025-02-23 22:00:00,Male,52,Gold,TV,Bangkok,174,Lazada,PromptPay,22,2,6,1,>50,5.8,0.0,0.0,0.0,-1,-1,0.0,0.0,0.0,0.0,0.0,0.0,0,0,0.0,0.0,0,0,0.0,0.0,0,0,0.0,0.0,0,0,0.0,0
LGS2ORD0006810,C012725,2025-02-23 22:00:00,Male,60,Bronze,CallCenter,Songkhla,1277,TV_Show,COD,22,2,6,1,>50,42.56666666666667,0.0,0.0,0.0,-1,-1,0.0,0.0,0.0,0.0,0.0,0.0,0,0,0.0,0.0,0,0,0.0,0.0,0,0,0.0,0.0,0,0,0.0,1
LGS2ORD0006811,C010297,2025-02-23 22:00:00,Male,36,Platinum,Shopee,Bangkok,696,TV_Show,PromptPay,22,2,6,1,30-40,23.2,0.0,0.0,0.0,-1,-1,0.0,0.0,0.0,0.0,0.0,0.0,0,0,0.0,0.0,0,0,0.0,0.0,0,0,0.0,0.0,0,0,0.0,0
LGS2ORD0006812,C014843,2025-02-23 23:00:00,Other,37,Bronze,TV,Remote_Area,510,Shopee,PromptPay,23,2,6,1,30-40,17.0,1.0,0.0,0.0,-1,11,3865.35,0.08,0.0,0.0,0.0,0.0,0,0,0.0,3865.35,1,0,0.0,3865.35,1,0,0.0,3865.35,1,0,0.0,0
LGS2ORD0006813,C013208,2025-02-23 23:00:00,Male,40,Silver,TV,Chiang Mai,644,Lazada,COD,23,2,6,1,30-40,21.466666666666665,3.0,2.0,0.6666666666666666,-3,6,3270.513333333333,0.2,0.6666666666666666,0.0,0.0,1514.39,1,1,1.0,1514.39,1,1,1.0,9811.539999999999,3,2,0.6666666666666666,9811.539999999999,3,2,0.6666666666666666,1
LGS2ORD0006814,C017451,2025-02-23 23:00:00,Male,34,Bronze,TV,Songkhla,291,Shopee,PromptPay,23,2,6,1,30-40,9.7,0.0,0.0,0.0,-1,-1,0.0,0.0,0.0,0.0,0.0,0.0,0,0,0.0,0.0,0,0,0.0,0.0,0,0,0.0,0.0,0,0,0.0,0
LGS2ORD0006815,C010615,2025-02-23 23:00:00,Female,40,Platinum,TV,Nakhon Ratchasima,327,Web,Credit_Card,23,2,6,1,30-40,10.9,0.0,0.0,0.0,-1,-1,0.0,0.0,0.0,0.0,0.0,0.0,0,0,0.0,0.0,0,0,0.0,0.0,0,0,0.0,0.0,0,0,0.0,0
LGS2ORD0006816,C010100,2025-02-23 23:00:00,Female,30,Silver,Shopee,Songkhla,153,TV_Show,COD,23,2,6,1,20-30,5.1,0.0,0.0,0.0,-1,-1,0.0,0.0,0.0,0.0,0.0,0.0,0,0,0.0,0.0,0,0,0.0,0.0,0,0,0.0,0.0,0,0,0.0,1
LGS2ORD0006817,C014914,2025-02-23 23:00:00,Male,38,Silver,TV,Chiang Mai,656,Lazada,COD,23,2,6,1,30-40,21.866666666666667,1.0,0.0,0.0,-1,46,430.49,0.1,0.0,0.0,0.0,0.0,0,0,0.0,0.0,0,0,0.0,430.49,1,0,0.0,430.49,1,0,0.0,0
LGS2ORD0006818,C017126,2025-02-24 00:00:00,Male,55,Platinum,TV,Chiang Mai,470,Web,PromptPay,0,2,0,0,>50,15.666666666666666,0.0,0.0,0.0,-1,-1,0.0,0.0,0.0,0.0,0.0,0.0,0,0,0.0,0.0,0,0,0.0,0.0,0,0,0.0,0.0,0,0,0.0,0
LGS2ORD0006819,C013835,2025-02-24 00:00:00,Male,44,Platinum,Web,Bangkok,467,Web,COD,0,2,0,0,40-50,15.566666666666666,0.0,0.0,0.0,-1,-1,0.0,0.0,0.0,0.0,0.0,0.0,0,0,0.0,0.0,0,0,0.0,0.0,0,0,0.0,0.0,0,0,0.0,1
LGS2ORD0006820,C017228,2025-02-24 00:00:00,Male,54,Silver,TV,Phuket,212,Lazada,COD,0,2,0,0,>50,7.066666666666666,1.0,0.0,0.0,-1,38,11754.93,0.05,1.0,0.0,0.0,0.0,0,0,0.0,0.0,0,0,0.0,11754.93,1,0,0.0,11754.93,1,0,0.0,0
LGS2ORD0006821,C015116,2025-02-24 00:00:00,Male,37,Silver,Web,Bangkok,176,Web,Credit_Card,0,2,0,0,30-40,5.866666666666666,0.0,0.0,0.0,-1,-1,0.0,0.0,0.0,0.0,0.0,0.0,0,0,0.0,0.0,0,0,0.0,0.0,0,0,0.0,0.0,0,0,0.0,0
LGS2ORD0006822,C017013,2025-02-24 00:00:00,Female,42,Silver,CallCenter,Nakhon Ratchasima,1299,CallCenter,COD,0,2,0,0,40-50,43.3,1.0,0.0,0.0,-1,25,15734.89,0.05,0.0,0.0,0.0,0.0,0,0,0.0,15734.89,1,0,0.0,15734.89,1,0,0.0,15734.89,1,0,0.0,0
LGS2ORD0006823,C015901,2025-02-24 01:00:00,Female,54,Gold,Shopee,Khon Kaen,121,TV_Show,COD,1,2,0,0,>50,4.033333333333333,0.0,0.0,0.0,-1,-1,0.0,0.0,0.0,0.0,0.0,0.0,0,0,0.0,0.0,0,0,0.0,0.0,0,0,0.0,0.0,0,0,0.0,0
LGS2ORD0006824,C014601,2025-02-24 01:00:00,Female,34,Bronze,TV,Songkhla,490,Web,COD,1,2,0,0,30-40,16.333333333333332,2.0,0.0,0.0,-1,0,4424.18,0.18,0.5,0.0,0.0,1661.42,1,0,0.0,1661.42,1,0,0.0,8848.36,2,0,0.0,8848.36,2,0,0.0,1
LGS2ORD0006825,C011981,2025-02-24 01:00:00,Male,59,Bronze,Web,Remote_Area,1088,Web,Credit_Card,1,2,0,0,>50,36.266666666666666,4.0,1.0,0.25,33,27,8493.494999999999,0.23,0.5,0.25,0.0,0.0,0,0,0.0,4497.2,1,0,0.0,33973.979999999996,4,1,0.25,33973.979999999996,4,1,0.25,1
LGS2ORD0006826,C010588,2025-02-24 01:00:00,Male,40,Bronze,Shopee,Remote_Area,1151,TV_Show,COD,1,2,0,0,30-40,38.36666666666667,1.0,0.0,0.0,-1,11,3564.87,0.18,0.0,0.0,0.0,0.0,0,0,0.0,3564.87,1,0,0.0,3564.87,1,0,0.0,3564.87,1,0,0.0,0
LGS2ORD0006827,C016450,2025-02-24 01:00:00,Female,39,Gold,Shopee,Chiang Mai,1220,Lazada,COD,1,2,0,0,30-40,40.666666666666664,1.0,0.0,0.0,-1,45,25378.51,0.2299999999999999,0.0,1.0,0.0,0.0,0,0,0.0,0.0,0,0,0.0,25378.51,1,0,0.0,25378.51,1,0,0.0,1
LGS2ORD0006828,C014497,2025-02-24 02:00:00,Male,44,Bronze,Web,Chiang Mai,1271,Lazada,PromptPay,2,2,0,0,40-50,42.36666666666667,0.0,0.0,0.0,-1,-1,0.0,0.0,0.0,0.0,0.0,0.0,0,0,0.0,0.0,0,0,0.0,0.0,0,0,0.0,0.0,0,0,0.0,0
LGS2ORD0006829,C012121,2025-02-24 02:00:00,Female,54,Bronze,TV,Songkhla,1031,Lazada,COD,2,2,0,0,>50,34.36666666666667,0.0,0.0,0.0,-1,-1,0.0,0.0,0.0,0.0,0.0,0.0,0,0,0.0,0.0,0,0,0.0,0.0,0,0,0.0,0.0,0,0,0.0,0
LGS2ORD0006830,C010926,2025-02-24 02:00:00,Male,49,Silver,Shopee,Chiang Mai,1248,Web,Credit_Card,2,2,0,0,40-50,41.6,0.0,0.0,0.0,-1,-1,0.0,0.0,0.0,0.0,0.0,0.0,0,0,0.0,0.0,0,0,0.0,0.0,0,0,0.0,0.0,0,0,0.0,0
LGS2ORD0006831,C013780,2025-02-24 02:00:00,Other,20,Bronze,Web,Nakhon Ratchasima,667,TV_Show,COD,2,2,0,0,<20,22.233333333333334,0.0,0.0,0.0,-1,-1,0.0,0.0,0.0,0.0,0.0,0.0,0,0,0.0,0.0,0,0,0.0,0.0,0,0,0.0,0.0,0,0,0.0,0
LGS2ORD0006832,C012259,2025-02-24 02:00:00,Other,42,Bronze,Shopee,Bangkok,1026,TV_Show,Credit_Card,2,2,0,0,40-50,34.2,1.0,0.0,0.0,-1,26,7301.62,0.03,1.0,0.0,0.0,0.0,0,0,0.0,7301.62,1,0,0.0,7301.62,1,0,0.0,7301.62,1,0,0.0,0
LGS2ORD0006833,C013069,2025-02-24 03:00:00,Female,59,Silver,Lazada,Phuket,1045,Web,Credit_Card,3,2,0,0,>50,34.833333333333336,0.0,0.0,0.0,-1,-1,0.0,0.0,0.0,0.0,0.0,0.0,0,0,0.0,0.0,0,0,0.0,0.0,0,0,0.0,0.0,0,0,0.0,0
LGS2ORD0006834,C017996,2025-02-24 03:00:00,Male,48,Gold,TV,Chonburi,1116,Shopee,PromptPay,3,2,0,0,40-50,37.2,0.0,0.0,0.0,-1,-1,0.0,0.0,0.0,0.0,0.0,0.0,0,0,0.0,0.0,0,0,0.0,0.0,0,0,0.0,0.0,0,0,0.0,0
LGS2ORD0006835,C010595,2025-02-24 03:00:00,Female,62,Bronze,Web,Phuket,696,TV_Show,COD,3,2,0,0,>50,23.2,0.0,0.0,0.0,-1,-1,0.0,0.0,0.0,0.0,0.0,0.0,0,0,0.0,0.0,0,0,0.0,0.0,0,0,0.0,0.0,0,0,0.0,1
LGS2ORD0006836,C012020,2025-02-24 03:00:00,Male,48,Platinum,CallCenter,Nakhon Ratchasima,709,Lazada,COD,3,2,0,0,40-50,23.633333333333333,0.0,0.0,0.0,-1,-1,0.0,0.0,0.0,0.0,0.0,0.0,0,0,0.0,0.0,0,0,0.0,0.0,0,0,0.0,0.0,0,0,0.0,0
LGS2ORD0006837,C015512,2025-02-24 03:00:00,Female,66,Gold,Lazada,Songkhla,723,CallCenter,COD,3,2,0,0,>50,24.1,0.0,0.0,0.0,-1,-1,0.0,0.0,0.0,0.0,0.0,0.0,0,0,0.0,0.0,0,0,0.0,0.0,0,0,0.0,0.0,0,0,0.0,0
LGS2ORD0006838,C016546,2025-02-24 03:00:00,Female,40,Gold,TV,Khon Kaen,98,Lazada,PromptPay,3,2,0,0,30-40,3.2666666666666666,1.0,0.0,0.0,-1,19,4253.37,0.08,0.0,0.0,0.0,0.0,0,0,0.0,4253.37,1,0,0.0,4253.37,1,0,0.0,4253.37,1,0,0.0,0
LGS2ORD0006839,C010031,2025-02-24 04:00:00,Male,40,Bronze,TV,Bangkok,1406,Shopee,COD,4,2,0,0,30-40,46.86666666666667,1.0,0.0,0.0,-1,13,567.05,0.18,1.0,0.0,0.0,0.0,0,0,0.0,567.05,1,0,0.0,567.05,1,0,0.0,567.05,1,0,0.0,0
LGS2ORD0006840,C010042,2025-02-24 04:00:00,Female,60,Silver,Lazada,Khon Kaen,696,Web,COD,4,2,0,0,>50,23.2,0.0,0.0,0.0,-1,-1,0.0,0.0,0.0,0.0,0.0,0.0,0,0,0.0,0.0,0,0,0.0,0.0,0,0,0.0,0.0,0,0,0.0,0
LGS2ORD0006841,C012371,2025-02-24 04:00:00,Female,46,Bronze,TV,Khon Kaen,1484,Web,COD,4,2,0,0,40-50,49.46666666666667,0.0,0.0,0.0,-1,-1,0.0,0.0,0.0,0.0,0.0,0.0,0,0,0.0,0.0,0,0,0.0,0.0,0,0,0.0,0.0,0,0,0.0,1
LGS2ORD0006842,C016343,2025-02-24 04:00:00,Female,39,Bronze,TV,Songkhla,216,TV_Show,COD,4,2,0,0,30-40,7.2,1.0,0.0,0.0,-1,4,9686.78,0.08,1.0,0.0,0.0,9686.78,1,0,0.0,9686.78,1,0,0.0,9686.78,1,0,0.0,9686.78,1,0,0.0,0
LGS2ORD0006843,C017341,2025-02-24 04:00:00,Female,19,Gold,Lazada,Chonburi,447,Shopee,COD,4,2,0,0,<20,14.9,0.0,0.0,0.0,-1,-1,0.0,0.0,0.0,0.0,0.0,0.0,0,0,0.0,0.0,0,0,0.0,0.0,0,0,0.0,0.0,0,0,0.0,0
LGS2ORD0006844,C011045,2025-02-24 05:00:00,Male,45,Bronze,TV,Chiang Mai,729,TV_Show,Credit_Card,5,2,0,0,40-50,24.3,0.0,0.0,0.0,-1,-1,0.0,0.0,0.0,0.0,0.0,0.0,0,0,0.0,0.0,0,0,0.0,0.0,0,0,0.0,0.0,0,0,0.0,0
LGS2ORD0006845,C011992,2025-02-24 05:00:00,Female,45,Bronze,TV,Nakhon Ratchasima,768,Web,COD,5,2,0,0,40-50,25.6,1.0,0.0,0.0,-1,12,7834.63,0.08,1.0,0.0,0.0,0.0,0,0,0.0,7834.63,1,0,0.0,7834.63,1,0,0.0,7834.63,1,0,0.0,0
LGS2ORD0006846,C012009,2025-02-24 05:00:00,Female,50,Bronze,Shopee,Bangkok,838,Shopee,COD,5,2,0,0,40-50,27.933333333333334,1.0,0.0,0.0,-1,36,13998.7,0.03,1.0,0.0,0.0,0.0,0,0,0.0,0.0,0,0,0.0,13998.7,1,0,0.0,13998.7,1,0,0.0,1
LGS2ORD0006847,C015141,2025-02-24 05:00:00,Male,53,Silver,Shopee,Bangkok,1418,TV_Show,COD,5,2,0,0,>50,47.266666666666666,1.0,1.0,1.0,40,52,12603.28,0.1,0.0,0.0,0.0,0.0,0,0,0.0,0.0,0,0,0.0,12603.28,1,1,1.0,12603.28,1,1,1.0,0
LGS2ORD0006848,C014586,2025-02-24 05:00:00,Other,50,Bronze,TV,Songkhla,268,Shopee,PromptPay,5,2,0,0,40-50,8.933333333333334,1.0,0.0,0.0,-1,28,15723.77,0.03,0.0,0.0,0.0,0.0,0,0,0.0,15723.77,1,0,0.0,15723.77,1,0,0.0,15723.77,1,0,0.0,1
LGS2ORD0006849,C011031,2025-02-24 06:00:00,Female,37,Gold,TV,Chiang Mai,991,CallCenter,COD,6,2,0,0,30-40,33.03333333333333,2.0,2.0,1.0,-4,6,3822.5249999999996,0.2299999999999999,0.0,1.0,0.0,5788.2,1,1,1.0,7645.049999999999,2,2,1.0,7645.049999999999,2,2,1.0,7645.049999999999,2,2,1.0,0
LGS2ORD0006850,C010990,2025-02-24 06:00:00,Other,38,Bronze,Shopee,Bangkok,1460,TV_Show,COD,6,2,0,0,30-40,48.666666666666664,0.0,0.0,0.0,-1,-1,0.0,0.0,0.0,0.0,0.0,0.0,0,0,0.0,0.0,0,0,0.0,0.0,0,0,0.0,0.0,0,0,0.0,0
LGS2ORD0006851,C011514,2025-02-24 06:00:00,Female,25,Gold,Lazada,Bangkok,405,Web,COD,6,2,0,0,20-30,13.5,0.0,0.0,0.0,-1,-1,0.0,0.0,0.0,0.0,0.0,0.0,0,0,0.0,0.0,0,0,0.0,0.0,0,0,0.0,0.0,0,0,0.0,0
LGS2ORD0006852,C010644,2025-02-24 06:00:00,Male,55,Bronze,Lazada,Bangkok,686,Lazada,PromptPay,6,2,0,0,>50,22.866666666666667,2.0,1.0,0.5,29,37,6670.14,0.08,0.0,0.0,0.0,0.0,0,0,0.0,0.0,0,0,0.0,13340.28,2,1,0.5,13340.28,2,1,0.5,0
LGS2ORD0006853,C015914,2025-02-24 06:00:00,Male,18,Bronze,Shopee,Songkhla,188,Lazada,PromptPay,6,2,0,0,<20,6.266666666666667,2.0,0.0,0.0,-1,12,2170.79,0.18,1.0,0.0,0.0,0.0,0,0,0.0,3221.91,1,0,0.0,4341.58,2,0,0.0,4341.58,2,0,0.0,0
LGS2ORD0006854,C016244,2025-02-24 07:00:00,Female,72,Gold,Shopee,Bangkok,161,Web,Credit_Card,7,2,0,0,>50,5.366666666666666,0.0,0.0,0.0,-1,-1,0.0,0.0,0.0,0.0,0.0,0.0,0,0,0.0,0.0,0,0,0.0,0.0,0,0,0.0,0.0,0,0,0.0,0
LGS2ORD0006855,C014667,2025-02-24 07:00:00,Female,58,Silver,Shopee,Songkhla,584,Web,COD,7,2,0,0,>50,19.466666666666665,0.0,0.0,0.0,-1,-1,0.0,0.0,0.0,0.0,0.0,0.0,0,0,0.0,0.0,0,0,0.0,0.0,0,0,0.0,0.0,0,0,0.0,0
LGS2ORD0006856,C016299,2025-02-24 07:00:00,Male,42,Platinum,Web,Bangkok,524,TV_Show,PromptPay,7,2,0,0,40-50,17.466666666666665,0.0,0.0,0.0,-1,-1,0.0,0.0,0.0,0.0,0.0,0.0,0,0,0.0,0.0,0,0,0.0,0.0,0,0,0.0,0.0,0,0,0.0,1
LGS2ORD0006857,C010242,2025-02-24 07:00:00,Female,72,Bronze,TV,Chonburi,360,CallCenter,Credit_Card,7,2,0,0,>50,12.0,0.0,0.0,0.0,-1,-1,0.0,0.0,0.0,0.0,0.0,0.0,0,0,0.0,0.0,0,0,0.0,0.0,0,0,0.0,0.0,0,0,0.0,0
LGS2ORD0006858,C012181,2025-02-24 07:00:00,Female,47,Silver,Lazada,Bangkok,880,Web,Bank_Transfer,7,2,0,0,40-50,29.333333333333332,0.0,0.0,0.0,-1,-1,0.0,0.0,0.0,0.0,0.0,0.0,0,0,0.0,0.0,0,0,0.0,0.0,0,0,0.0,0.0,0,0,0.0,0
LGS2ORD0006859,C012660,2025-02-24 07:00:00,Female,58,Bronze,TV,Songkhla,671,Lazada,COD,7,2,0,0,>50,22.366666666666667,1.0,0.0,0.0,-1,43,9060.11,0.03,0.0,0.0,0.0,0.0,0,0,0.0,0.0,0,0,0.0,9060.11,1,0,0.0,9060.11,1,0,0.0,1
LGS2ORD0006860,C015236,2025-02-24 08:00:00,Female,18,Bronze,Web,Khon Kaen,1489,Web,COD,8,2,0,0,<20,49.63333333333333,2.0,1.0,0.5,14,25,17715.495,0.28,0.0,0.5,0.0,0.0,0,0,0.0,16660.17,1,1,1.0,35430.99,2,1,0.5,35430.99,2,1,0.5,1
LGS2ORD0006861,C012388,2025-02-24 08:00:00,Male,43,Bronze,Shopee,Phuket,403,TV_Show,COD,8,2,0,0,40-50,13.433333333333334,1.0,0.0,0.0,-1,49,2513.41,0.03,0.0,0.0,0.0,0.0,0,0,0.0,0.0,0,0,0.0,2513.41,1,0,0.0,2513.41,1,0,0.0,0
LGS2ORD0006862,C010900,2025-02-24 08:00:00,Female,58,Bronze,Web,Songkhla,84,Shopee,COD,8,2,0,0,>50,2.8,2.0,0.0,0.0,-1,11,16903.89,0.28,0.0,0.5,0.0,0.0,0,0,0.0,33807.78,2,0,0.0,33807.78,2,0,0.0,33807.78,2,0,0.0,1
LGS2ORD0006863,C011292,2025-02-24 08:00:00,Male,39,Bronze,TV,Nakhon Ratchasima,438,Web,Credit_Card,8,2,0,0,30-40,14.6,2.0,0.0,0.0,-1,10,9068.925,0.13,0.5,0.0,0.0,0.0,0,0,0.0,10499.55,1,0,0.0,18137.85,2,0,0.0,18137.85,2,0,0.0,0
LGS2ORD0006864,C015376,2025-02-24 08:00:00,Female,56,Silver,Shopee,Bangkok,706,TV_Show,PromptPay,8,2,0,0,>50,23.533333333333335,2.0,0.0,0.0,-1,27,935.4699999999999,0.2,0.5,0.0,0.0,0.0,0,0,0.0,1372.36,1,0,0.0,1870.9399999999998,2,0,0.0,1870.9399999999998,2,0,0.0,0
LGS2ORD0006865,C016210,2025-02-24 09:00:00,Female,37,Silver,TV,Chonburi,851,Lazada,COD,9,2,0,0,30-40,28.366666666666667,2.0,0.0,0.0,-1,3,2240.1,0.25,1.0,0.5,0.0,1748.84,1,0,0.0,4480.2,2,0,0.0,4480.2,2,0,0.0,4480.2,2,0,0.0,0
LGS2ORD0006866,C012541,2025-02-24 09:00:00,Female,45,Platinum,Lazada,Nakhon Ratchasima,621,TV_Show,Credit_Card,9,2,0,0,40-50,20.7,1.0,0.0,0.0,-1,14,614.58,0.3,0.0,1.0,0.0,0.0,0,0,0.0,614.58,1,0,0.0,614.58,1,0,0.0,614.58,1,0,0.0,0
LGS2ORD0006867,C016563,2025-02-24 09:00:00,Female,47,Silver,Web,Remote_Area,218,CallCenter,COD,9,2,0,0,40-50,7.266666666666667,0.0,0.0,0.0,-1,-1,0.0,0.0,0.0,0.0,0.0,0.0,0,0,0.0,0.0,0,0,0.0,0.0,0,0,0.0,0.0,0,0,0.0,0
LGS2ORD0006868,C017612,2025-02-24 09:00:00,Male,37,Bronze,Web,Chiang Mai,802,CallCenter,COD,9,2,0,0,30-40,26.733333333333334,2.0,0.0,0.0,-1,1,6091.82,0.18,1.0,0.0,0.0,9458.07,1,0,0.0,12183.64,2,0,0.0,12183.64,2,0,0.0,12183.64,2,0,0.0,1
LGS2ORD0006869,C012166,2025-02-24 09:00:00,Female,64,Bronze,TV,Remote_Area,1292,Shopee,COD,9,2,0,0,>50,43.06666666666667,2.0,2.0,1.0,34,44,11596.904999999999,0.18,0.5,0.0,0.0,0.0,0,0,0.0,0.0,0,0,0.0,23193.809999999998,2,2,1.0,23193.809999999998,2,2,1.0,0
LGS2ORD0006870,C016844,2025-02-24 10:00:00,Male,23,Silver,Lazada,Bangkok,899,TV_Show,Bank_Transfer,10,2,0,0,20-30,29.966666666666665,0.0,0.0,0.0,-1,-1,0.0,0.0,0.0,0.0,0.0,0.0,0,0,0.0,0.0,0,0,0.0,0.0,0,0,0.0,0.0,0,0,0.0,0
LGS2ORD0006871,C014816,2025-02-24 10:00:00,Male,40,Silver,Lazada,Khon Kaen,934,Web,COD,10,2,0,0,30-40,31.133333333333333,0.0,0.0,0.0,-1,-1,0.0,0.0,0.0,0.0,0.0,0.0,0,0,0.0,0.0,0,0,0.0,0.0,0,0,0.0,0.0,0,0,0.0,0
LGS2ORD0006872,C013823,2025-02-24 10:00:00,Female,43,Bronze,TV,Chiang Mai,344,Shopee,PromptPay,10,2,0,0,40-50,11.466666666666667,2.0,1.0,0.5,30,40,3332.4350000000004,0.23,0.5,1.0,0.0,0.0,0,0,0.0,0.0,0,0,0.0,6664.870000000001,2,1,0.5,6664.870000000001,2,1,0.5,0
LGS2ORD0006873,C013544,2025-02-24 10:00:00,Male,37,Bronze,Lazada,Bangkok,564,Shopee,COD,10,2,0,0,30-40,18.8,2.0,0.0,0.0,-1,2,3319.33,0.13,0.5,0.0,0.0,6327.97,1,0,0.0,6327.97,1,0,0.0,6638.66,2,0,0.0,6638.66,2,0,0.0,0
LGS2ORD0006874,C013953,2025-02-24 10:00:00,Female,36,Gold,Web,Chiang Mai,690,Shopee,COD,10,2,0,0,30-40,23.0,1.0,0.0,0.0,-1,27,3446.8,0.28,0.0,1.0,0.0,0.0,0,0,0.0,3446.8,1,0,0.0,3446.8,1,0,0.0,3446.8,1,0,0.0,0
LGS2ORD0006875,C016361,2025-02-24 10:00:00,Female,34,Silver,Web,Bangkok,76,Web,PromptPay,10,2,0,0,30-40,2.533333333333333,1.0,0.0,0.0,-1,15,1462.94,0.2,0.0,0.0,0.0,0.0,0,0,0.0,1462.94,1,0,0.0,1462.94,1,0,0.0,1462.94,1,0,0.0,0
LGS2ORD0006876,C014612,2025-02-24 11:00:00,Female,42,Gold,Web,Bangkok,100,TV_Show,COD,11,2,0,0,40-50,3.3333333333333335,1.0,0.0,0.0,-1,37,1437.14,0.18,1.0,0.0,0.0,0.0,0,0,0.0,0.0,0,0,0.0,1437.14,1,0,0.0,1437.14,1,0,0.0,0
LGS2ORD0006877,C013490,2025-02-24 11:00:00,Female,43,Gold,Web,Khon Kaen,1312,Shopee,PromptPay,11,2,0,0,40-50,43.733333333333334,2.0,2.0,1.0,26,36,2353.96,0.2299999999999999,1.0,0.5,0.0,0.0,0,0,0.0,0.0,0,0,0.0,4707.92,2,2,1.0,4707.92,2,2,1.0,0
LGS2ORD0006878,C015945,2025-02-24 11:00:00,Male,44,Bronze,TV,Chonburi,1507,Web,PromptPay,11,2,0,0,40-50,50.233333333333334,0.0,0.0,0.0,-1,-1,0.0,0.0,0.0,0.0,0.0,0.0,0,0,0.0,0.0,0,0,0.0,0.0,0,0,0.0,0.0,0,0,0.0,0
LGS2ORD0006879,C017818,2025-02-24 11:00:00,Male,53,Bronze,Shopee,Remote_Area,1069,Shopee,COD,11,2,0,0,>50,35.63333333333333,1.0,1.0,1.0,28,38,523.43,0.23,1.0,1.0,0.0,0.0,0,0,0.0,0.0,0,0,0.0,523.43,1,1,1.0,523.43,1,1,1.0,0
LGS2ORD0006880,C012955,2025-02-24 11:00:00,Male,35,Silver,TV,Nakhon Ratchasima,1080,Lazada,COD,11,2,0,0,30-40,36.0,1.0,0.0,0.0,-1,6,3888.46,0.2,0.0,0.0,0.0,3888.46,1,0,0.0,3888.46,1,0,0.0,3888.46,1,0,0.0,3888.46,1,0,0.0,0
LGS2ORD0006881,C012622,2025-02-24 12:00:00,Female,22,Silver,Web,Bangkok,1365,Web,Credit_Card,12,2,0,0,20-30,45.5,0.0,0.0,0.0,-1,-1,0.0,0.0,0.0,0.0,0.0,0.0,0,0,0.0,0.0,0,0,0.0,0.0,0,0,0.0,0.0,0,0,0.0,0
LGS2ORD0006882,C012880,2025-02-24 12:00:00,Female,63,Platinum,Web,Phuket,1232,Lazada,PromptPay,12,2,0,0,>50,41.06666666666667,1.0,0.0,0.0,-1,42,6897.82,0.35,0.0,1.0,0.0,0.0,0,0,0.0,0.0,0,0,0.0,6897.82,1,0,0.0,6897.82,1,0,0.0,0
LGS2ORD0006883,C010058,2025-02-24 12:00:00,Female,39,Bronze,Web,Bangkok,1339,Shopee,COD,12,2,0,0,30-40,44.63333333333333,1.0,1.0,1.0,39,53,2359.82,0.23,1.0,1.0,0.0,0.0,0,0,0.0,0.0,0,0,0.0,2359.82,1,1,1.0,2359.82,1,1,1.0,0
LGS2ORD0006884,C016739,2025-02-24 12:00:00,Male,41,Platinum,Lazada,Bangkok,858,Shopee,Credit_Card,12,2,0,0,40-50,28.6,0.0,0.0,0.0,-1,-1,0.0,0.0,0.0,0.0,0.0,0.0,0,0,0.0,0.0,0,0,0.0,0.0,0,0,0.0,0.0,0,0,0.0,0
LGS2ORD0006885,C013054,2025-02-24 12:00:00,Female,64,Silver,Web,Khon Kaen,1489,Lazada,COD,12,2,0,0,>50,49.63333333333333,1.0,1.0,1.0,26,30,3431.94,0.25,1.0,1.0,0.0,0.0,0,0,0.0,0.0,0,0,0.0,3431.94,1,1,1.0,3431.94,1,1,1.0,0
LGS2ORD0006886,C017898,2025-02-24 13:00:00,Female,45,Bronze,TV,Bangkok,902,Web,COD,13,2,0,0,40-50,30.066666666666666,0.0,0.0,0.0,-1,-1,0.0,0.0,0.0,0.0,0.0,0.0,0,0,0.0,0.0,0,0,0.0,0.0,0,0,0.0,0.0,0,0,0.0,0
LGS2ORD0006887,C011133,2025-02-24 13:00:00,Male,37,Bronze,CallCenter,Remote_Area,986,TV_Show,PromptPay,13,2,0,0,30-40,32.86666666666667,0.0,0.0,0.0,-1,-1,0.0,0.0,0.0,0.0,0.0,0.0,0,0,0.0,0.0,0,0,0.0,0.0,0,0,0.0,0.0,0,0,0.0,0
LGS2ORD0006888,C011177,2025-02-24 13:00:00,Female,49,Bronze,TV,Remote_Area,580,Web,Bank_Transfer,13,2,0,0,40-50,19.333333333333332,2.0,1.0,0.5,35,45,11380.505000000001,0.13,0.5,0.0,0.0,0.0,0,0,0.0,0.0,0,0,0.0,22761.010000000002,2,1,0.5,22761.010000000002,2,1,0.5,0
LGS2ORD0006889,C016409,2025-02-24 13:00:00,Male,26,Bronze,Web,Nakhon Ratchasima,467,Shopee,COD,13,2,0,0,20-30,15.566666666666666,1.0,0.0,0.0,-1,21,2350.78,0.03,0.0,0.0,0.0,0.0,0,0,0.0,2350.78,1,0,0.0,2350.78,1,0,0.0,2350.78,1,0,0.0,0
LGS2ORD0006890,C011566,2025-02-24 13:00:00,Male,38,Gold,Shopee,Khon Kaen,1266,Shopee,Bank_Transfer,13,2,0,0,30-40,42.2,1.0,0.0,0.0,-1,32,759.16,0.2299999999999999,0.0,1.0,0.0,0.0,0,0,0.0,0.0,0,0,0.0,759.16,1,0,0.0,759.16,1,0,0.0,0
LGS2ORD0006891,C017234,2025-02-24 14:00:00,Female,63,Bronze,CallCenter,Songkhla,1380,TV_Show,COD,14,2,0,0,>50,46.0,0.0,0.0,0.0,-1,-1,0.0,0.0,0.0,0.0,0.0,0.0,0,0,0.0,0.0,0,0,0.0,0.0,0,0,0.0,0.0,0,0,0.0,0
LGS2ORD0006892,C010332,2025-02-24 14:00:00,Female,41,Silver,TV,Chiang Mai,1444,Shopee,Bank_Transfer,14,2,0,0,40-50,48.13333333333333,2.0,1.0,0.5,44,51,2868.12,0.1,0.5,0.0,0.0,0.0,0,0,0.0,0.0,0,0,0.0,5736.24,2,1,0.5,5736.24,2,1,0.5,0
LGS2ORD0006893,C012260,2025-02-24 14:00:00,Female,51,Bronze,Lazada,Bangkok,769,Web,PromptPay,14,2,0,0,>50,25.633333333333333,1.0,0.0,0.0,-1,30,169.46,0.28,1.0,1.0,0.0,0.0,0,0,0.0,0.0,0,0,0.0,169.46,1,0,0.0,169.46,1,0,0.0,0
LGS2ORD0006894,C015905,2025-02-24 14:00:00,Male,46,Silver,Web,Phuket,252,Web,COD,14,2,0,0,40-50,8.4,1.0,1.0,1.0,-1,6,578.49,0.3,0.0,1.0,0.0,578.49,1,1,1.0,578.49,1,1,1.0,578.49,1,1,1.0,578.49,1,1,1.0,1
LGS2ORD0006895,C012922,2025-02-24 14:00:00,Female,70,Bronze,TV,Bangkok,401,Shopee,COD,14,2,0,0,>50,13.366666666666667,2.0,0.0,0.0,-1,36,3052.1600000000003,0.18,0.0,0.0,0.0,0.0,0,0,0.0,0.0,0,0,0.0,6104.320000000001,2,0,0.0,6104.320000000001,2,0,0.0,0
LGS2ORD0006896,C016134,2025-02-24 14:00:00,Male,37,Silver,Web,Khon Kaen,165,Shopee,Bank_Transfer,14,2,0,0,30-40,5.5,0.0,0.0,0.0,-1,-1,0.0,0.0,0.0,0.0,0.0,0.0,0,0,0.0,0.0,0,0,0.0,0.0,0,0,0.0,0.0,0,0,0.0,0
LGS2ORD0006897,C011132,2025-02-24 15:00:00,Female,39,Bronze,TV,Khon Kaen,809,Web,COD,15,2,0,0,30-40,26.966666666666665,2.0,1.0,0.5,13,21,11300.734999999999,0.08,1.0,0.0,0.0,0.0,0,0,0.0,22601.469999999998,2,1,0.5,22601.469999999998,2,1,0.5,22601.469999999998,2,1,0.5,1
LGS2ORD0006898,C016742,2025-02-24 15:00:00,Male,49,Silver,TV,Chiang Mai,209,TV_Show,Bank_Transfer,15,2,0,0,40-50,6.966666666666667,0.0,0.0,0.0,-1,-1,0.0,0.0,0.0,0.0,0.0,0.0,0,0,0.0,0.0,0,0,0.0,0.0,0,0,0.0,0.0,0,0,0.0,0
LGS2ORD0006899,C012604,2025-02-24 15:00:00,Female,55,Bronze,TV,Remote_Area,679,TV_Show,COD,15,2,0,0,>50,22.633333333333333,0.0,0.0,0.0,-1,-1,0.0,0.0,0.0,0.0,0.0,0.0,0,0,0.0,0.0,0,0,0.0,0.0,0,0,0.0,0.0,0,0,0.0,1
LGS2ORD0006900,C017138,2025-02-24 15:00:00,Female,44,Gold,Shopee,Phuket,1287,Shopee,COD,15,2,0,0,40-50,42.9,2.0,0.0,0.0,-1,50,6650.02,0.28,0.5,0.5,0.0,0.0,0,0,0.0,0.0,0,0,0.0,13300.04,2,0,0.0,13300.04,2,0,0.0,0
LGS2ORD0006901,C015336,2025-02-24 15:00:00,Female,22,Silver,Lazada,Phuket,751,Web,PromptPay,15,2,0,0,20-30,25.033333333333335,1.0,0.0,0.0,-1,10,1045.76,0.1,0.0,0.0,0.0,0.0,0,0,0.0,1045.76,1,0,0.0,1045.76,1,0,0.0,1045.76,1,0,0.0,0
LGS2ORD0006902,C013045,2025-02-24 16:00:00,Female,56,Bronze,TV,Khon Kaen,403,Web,Bank_Transfer,16,2,0,0,>50,13.433333333333334,2.0,1.0,0.5,5,5,2608.27,0.18,1.0,0.0,0.0,1298.84,1,0,0.0,5216.54,2,1,0.5,5216.54,2,1,0.5,5216.54,2,1,0.5,0
LGS2ORD0006903,C014642,2025-02-24 16:00:00,Male,60,Silver,Shopee,Phuket,1432,Shopee,COD,16,2,0,0,>50,47.733333333333334,0.0,0.0,0.0,-1,-1,0.0,0.0,0.0,0.0,0.0,0.0,0,0,0.0,0.0,0,0,0.0,0.0,0,0,0.0,0.0,0,0,0.0,1
LGS2ORD0006904,C016936,2025-02-24 16:00:00,Male,35,Bronze,CallCenter,Chonburi,646,Web,COD,16,2,0,0,30-40,21.533333333333335,1.0,1.0,1.0,25,38,4751.85,0.28,0.0,1.0,0.0,0.0,0,0,0.0,0.0,0,0,0.0,4751.85,1,1,1.0,4751.85,1,1,1.0,0
LGS2ORD0006905,C017522,2025-02-24 16:00:00,Female,40,Silver,TV,Bangkok,1226,Web,Bank_Transfer,16,2,0,0,30-40,40.86666666666667,0.0,0.0,0.0,-1,-1,0.0,0.0,0.0,0.0,0.0,0.0,0,0,0.0,0.0,0,0,0.0,0.0,0,0,0.0,0.0,0,0,0.0,0
LGS2ORD0006906,C017611,2025-02-24 16:00:00,Female,37,Gold,Lazada,Bangkok,180,Web,Bank_Transfer,16,2,0,0,30-40,6.0,1.0,0.0,0.0,-1,39,11526.49,0.28,1.0,1.0,0.0,0.0,0,0,0.0,0.0,0,0,0.0,11526.49,1,0,0.0,11526.49,1,0,0.0,1
LGS2ORD0006907,C010693,2025-02-24 17:00:00,Male,60,Gold,Web,Phuket,1060,Lazada,Bank_Transfer,17,2,0,0,>50,35.333333333333336,2.0,0.0,0.0,-1,2,2213.4750000000004,0.13,0.0,0.0,0.0,2848.32,1,0,0.0,4426.950000000001,2,0,0.0,4426.950000000001,2,0,0.0,4426.950000000001,2,0,0.0,1
LGS2ORD0006908,C012880,2025-02-24 17:00:00,Female,63,Platinum,Web,Phuket,1232,TV_Show,Bank_Transfer,17,2,0,0,>50,41.06666666666667,2.0,0.0,0.0,-1,0,9492.385,0.35,0.0,0.5,0.0,12086.95,1,0,0.0,12086.95,1,0,0.0,18984.77,2,0,0.0,18984.77,2,0,0.0,0
LGS2ORD0006909,C017232,2025-02-24 17:00:00,Male,24,Silver,Shopee,Bangkok,227,TV_Show,COD,17,2,0,0,20-30,7.566666666666666,0.0,0.0,0.0,-1,-1,0.0,0.0,0.0,0.0,0.0,0.0,0,0,0.0,0.0,0,0,0.0,0.0,0,0,0.0,0.0,0,0,0.0,0
LGS2ORD0006910,C013998,2025-02-24 17:00:00,Female,26,Gold,CallCenter,Remote_Area,379,CallCenter,Credit_Card,17,2,0,0,20-30,12.633333333333333,0.0,0.0,0.0,-1,-1,0.0,0.0,0.0,0.0,0.0,0.0,0,0,0.0,0.0,0,0,0.0,0.0,0,0,0.0,0.0,0,0,0.0,0
LGS2ORD0006911,C015833,2025-02-24 17:00:00,Female,41,Gold,Shopee,Bangkok,1306,Lazada,COD,17,2,0,0,40-50,43.53333333333333,0.0,0.0,0.0,-1,-1,0.0,0.0,0.0,0.0,0.0,0.0,0,0,0.0,0.0,0,0,0.0,0.0,0,0,0.0,0.0,0,0,0.0,0
LGS2ORD0006912,C010985,2025-02-24 18:00:00,Male,48,Bronze,Shopee,Bangkok,1360,Lazada,PromptPay,18,2,0,0,40-50,45.333333333333336,0.0,0.0,0.0,-1,-1,0.0,0.0,0.0,0.0,0.0,0.0,0,0,0.0,0.0,0,0,0.0,0.0,0,0,0.0,0.0,0,0,0.0,0
LGS2ORD0006913,C016199,2025-02-24 18:00:00,Female,51,Gold,Shopee,Nakhon Ratchasima,132,TV_Show,COD,18,2,0,0,>50,4.4,2.0,0.0,0.0,-1,1,5909.1849999999995,0.28,0.5,0.5,0.0,7088.48,1,0,0.0,11818.369999999999,2,0,0.0,11818.369999999999,2,0,0.0,11818.369999999999,2,0,0.0,0
LGS2ORD0006914,C014109,2025-02-24 18:00:00,Male,24,Gold,Shopee,Chonburi,268,TV_Show,PromptPay,18,2,0,0,20-30,8.933333333333334,0.0,0.0,0.0,-1,-1,0.0,0.0,0.0,0.0,0.0,0.0,0,0,0.0,0.0,0,0,0.0,0.0,0,0,0.0,0.0,0,0,0.0,0
LGS2ORD0006915,C017169,2025-02-24 18:00:00,Male,33,Gold,TV,Bangkok,81,TV_Show,Bank_Transfer,18,2,0,0,30-40,2.7,1.0,1.0,1.0,32,41,8781.74,0.28,0.0,1.0,0.0,0.0,0,0,0.0,0.0,0,0,0.0,8781.74,1,1,1.0,8781.74,1,1,1.0,1
LGS2ORD0006916,C015920,2025-02-24 18:00:00,Male,54,Silver,TV,Songkhla,935,Web,Credit_Card,18,2,0,0,>50,31.166666666666668,1.0,1.0,1.0,1,11,2212.28,0.2,1.0,0.0,0.0,0.0,0,0,0.0,2212.28,1,1,1.0,2212.28,1,1,1.0,2212.28,1,1,1.0,0
LGS2ORD0006917,C014684,2025-02-24 18:00:00,Female,43,Silver,Lazada,Bangkok,773,CallCenter,Credit_Card,18,2,0,0,40-50,25.766666666666666,0.0,0.0,0.0,-1,-1,0.0,0.0,0.0,0.0,0.0,0.0,0,0,0.0,0.0,0,0,0.0,0.0,0,0,0.0,0.0,0,0,0.0,0
LGS2ORD0006918,C012910,2025-02-24 19:00:00,Female,55,Silver,TV,Chonburi,269,Web,COD,19,2,0,0,>50,8.966666666666667,0.0,0.0,0.0,-1,-1,0.0,0.0,0.0,0.0,0.0,0.0,0,0,0.0,0.0,0,0,0.0,0.0,0,0,0.0,0.0,0,0,0.0,1
LGS2ORD0006919,C011946,2025-02-24 19:00:00,Female,48,Platinum,Web,Chiang Mai,878,Shopee,PromptPay,19,2,0,0,40-50,29.266666666666666,1.0,0.0,0.0,-1,34,3935.42,0.25,0.0,1.0,0.0,0.0,0,0,0.0,0.0,0,0,0.0,3935.42,1,0,0.0,3935.42,1,0,0.0,0
LGS2ORD0006920,C016720,2025-02-24 19:00:00,Male,57,Bronze,Lazada,Songkhla,320,Lazada,PromptPay,19,2,0,0,>50,10.666666666666666,2.0,0.0,0.0,-1,12,2407.505,0.23,0.0,1.0,0.0,0.0,0,0,0.0,4553.06,1,0,0.0,4815.01,2,0,0.0,4815.01,2,0,0.0,0
LGS2ORD0006921,C015094,2025-02-24 19:00:00,Female,46,Bronze,TV,Chiang Mai,645,Shopee,COD,19,2,0,0,40-50,21.5,0.0,0.0,0.0,-1,-1,0.0,0.0,0.0,0.0,0.0,0.0,0,0,0.0,0.0,0,0,0.0,0.0,0,0,0.0,0.0,0,0,0.0,0
LGS2ORD0006922,C011046,2025-02-24 19:00:00,Female,47,Gold,TV,Remote_Area,939,TV_Show,PromptPay,19,2,0,0,40-50,31.3,2.0,0.0,0.0,-1,14,6746.1849999999995,0.2299999999999999,0.5,0.5,0.0,0.0,0,0,0.0,5073.22,1,0,0.0,13492.369999999999,2,0,0.0,13492.369999999999,2,0,0.0,1
LGS2ORD0006923,C017368,2025-02-24 20:00:00,Male,41,Silver,Web,Nakhon Ratchasima,1459,TV_Show,COD,20,2,0,0,40-50,48.63333333333333,0.0,0.0,0.0,-1,-1,0.0,0.0,0.0,0.0,0.0,0.0,0,0,0.0,0.0,0,0,0.0,0.0,0,0,0.0,0.0,0,0,0.0,1
LGS2ORD0006924,C017414,2025-02-24 20:00:00,Male,35,Bronze,TV,Khon Kaen,1157,Web,COD,20,2,0,0,30-40,38.56666666666667,3.0,1.0,0.3333333333333333,40,35,3376.3799999999997,0.23,0.6666666666666666,0.3333333333333333,0.0,0.0,0,0,0.0,0.0,0,0,0.0,10129.14,3,1,0.3333333333333333,10129.14,3,1,0.3333333333333333,1
LGS2ORD0006925,C013144,2025-02-24 20:00:00,Female,57,Silver,Lazada,Phuket,234,Shopee,COD,20,2,0,0,>50,7.8,1.0,0.0,0.0,-1,52,1321.1,0.2,1.0,0.0,0.0,0.0,0,0,0.0,0.0,0,0,0.0,1321.1,1,0,0.0,1321.1,1,0,0.0,0
LGS2ORD0006926,C017955,2025-02-24 20:00:00,Female,39,Platinum,Shopee,Songkhla,1267,Lazada,PromptPay,20,2,0,0,30-40,42.233333333333334,1.0,0.0,0.0,-1,32,2999.82,0.2,0.0,0.0,0.0,0.0,0,0,0.0,0.0,0,0,0.0,2999.82,1,0,0.0,2999.82,1,0,0.0,1
LGS2ORD0006927,C015214,2025-02-24 20:00:00,Male,52,Silver,Lazada,Khon Kaen,1419,Shopee,COD,20,2,0,0,>50,47.3,1.0,1.0,1.0,30,37,558.03,0.3,1.0,1.0,0.0,0.0,0,0,0.0,0.0,0,0,0.0,558.03,1,1,1.0,558.03,1,1,1.0,0
LGS2ORD0006928,C010141,2025-02-24 21:00:00,Female,30,Bronze,Web,Bangkok,176,Lazada,COD,21,2,0,0,20-30,5.866666666666666,0.0,0.0,0.0,-1,-1,0.0,0.0,0.0,0.0,0.0,0.0,0,0,0.0,0.0,0,0,0.0,0.0,0,0,0.0,0.0,0,0,0.0,0
LGS2ORD0006929,C014942,2025-02-24 21:00:00,Female,42,Bronze,CallCenter,Songkhla,554,Web,COD,21,2,0,0,40-50,18.466666666666665,0.0,0.0,0.0,-1,-1,0.0,0.0,0.0,0.0,0.0,0.0,0,0,0.0,0.0,0,0,0.0,0.0,0,0,0.0,0.0,0,0,0.0,0
LGS2ORD0006930,C016542,2025-02-24 21:00:00,Female,60,Platinum,Lazada,Songkhla,718,Web,COD,21,2,0,0,>50,23.933333333333334,1.0,1.0,1.0,16,27,10304.72,0.15,0.0,0.0,0.0,0.0,0,0,0.0,10304.72,1,1,1.0,10304.72,1,1,1.0,10304.72,1,1,1.0,0
LGS2ORD0006931,C014475,2025-02-24 21:00:00,Female,30,Gold,Web,Chiang Mai,1439,Web,COD,21,2,0,0,20-30,47.96666666666667,0.0,0.0,0.0,-1,-1,0.0,0.0,0.0,0.0,0.0,0.0,0,0,0.0,0.0,0,0,0.0,0.0,0,0,0.0,0.0,0,0,0.0,0
LGS2ORD0006932,C017597,2025-02-24 21:00:00,Male,39,Bronze,TV,Remote_Area,1047,TV_Show,COD,21,2,0,0,30-40,34.9,0.0,0.0,0.0,-1,-1,0.0,0.0,0.0,0.0,0.0,0.0,0,0,0.0,0.0,0,0,0.0,0.0,0,0,0.0,0.0,0,0,0.0,0
LGS2ORD0006933,C010931,2025-02-24 22:00:00,Female,53,Bronze,Shopee,Phuket,118,Shopee,Credit_Card,22,2,0,0,>50,3.933333333333333,0.0,0.0,0.0,-1,-1,0.0,0.0,0.0,0.0,0.0,0.0,0,0,0.0,0.0,0,0,0.0,0.0,0,0,0.0,0.0,0,0,0.0,1
LGS2ORD0006934,C015676,2025-02-24 22:00:00,Female,41,Platinum,CallCenter,Chiang Mai,981,Web,Credit_Card,22,2,0,0,40-50,32.7,2.0,1.0,0.5,-7,2,17685.235,0.3,0.5,0.5,0.0,9341.71,1,1,1.0,35370.47,2,1,0.5,35370.47,2,1,0.5,35370.47,2,1,0.5,0
LGS2ORD0006935,C016355,2025-02-24 22:00:00,Male,44,Bronze,Lazada,Bangkok,229,TV_Show,COD,22,2,0,0,40-50,7.633333333333334,1.0,0.0,0.0,-1,46,3541.14,0.08,1.0,0.0,0.0,0.0,0,0,0.0,0.0,0,0,0.0,3541.14,1,0,0.0,3541.14,1,0,0.0,1
LGS2ORD0006936,C011323,2025-02-24 22:00:00,Male,36,Silver,Web,Nakhon Ratchasima,639,CallCenter,COD,22,2,0,0,30-40,21.3,2.0,1.0,0.5,29,8,1508.3200000000002,0.2,0.5,0.0,0.0,0.0,0,0,0.0,1632.13,1,0,0.0,3016.6400000000003,2,1,0.5,3016.6400000000003,2,1,0.5,0
LGS2ORD0006937,C017861,2025-02-24 22:00:00,Male,51,Bronze,Lazada,Chonburi,272,Web,COD,22,2,0,0,>50,9.066666666666666,1.0,0.0,0.0,-1,13,10278.88,0.13,0.0,0.0,0.0,0.0,0,0,0.0,10278.88,1,0,0.0,10278.88,1,0,0.0,10278.88,1,0,0.0,0
LGS2ORD0006938,C017712,2025-02-24 22:00:00,Female,37,Platinum,Lazada,Bangkok,231,Web,PromptPay,22,2,0,0,30-40,7.7,0.0,0.0,0.0,-1,-1,0.0,0.0,0.0,0.0,0.0,0.0,0,0,0.0,0.0,0,0,0.0,0.0,0,0,0.0,0.0,0,0,0.0,0
LGS2ORD0006939,C012805,2025-02-24 23:00:00,Male,35,Silver,Lazada,Khon Kaen,1126,Lazada,PromptPay,23,2,0,0,30-40,37.53333333333333,0.0,0.0,0.0,-1,-1,0.0,0.0,0.0,0.0,0.0,0.0,0,0,0.0,0.0,0,0,0.0,0.0,0,0,0.0,0.0,0,0,0.0,0
LGS2ORD0006940,C010025,2025-02-24 23:00:00,Female,41,Bronze,Lazada,Chiang Mai,389,CallCenter,Bank_Transfer,23,2,0,0,40-50,12.966666666666667,2.0,1.0,0.5,24,34,1624.165,0.13,1.0,0.0,0.0,0.0,0,0,0.0,0.0,0,0,0.0,3248.33,2,1,0.5,3248.33,2,1,0.5,1
LGS2ORD0006941,C012697,2025-02-24 23:00:00,Male,45,Bronze,CallCenter,Bangkok,111,TV_Show,PromptPay,23,2,0,0,40-50,3.7,1.0,1.0,1.0,12,17,1538.99,0.28,1.0,1.0,0.0,0.0,0,0,0.0,1538.99,1,1,1.0,1538.99,1,1,1.0,1538.99,1,1,1.0,0
LGS2ORD0006942,C014352,2025-02-24 23:00:00,Female,40,Silver,Lazada,Nakhon Ratchasima,245,Web,Credit_Card,23,2,0,0,30-40,8.166666666666666,0.0,0.0,0.0,-1,-1,0.0,0.0,0.0,0.0,0.0,0.0,0,0,0.0,0.0,0,0,0.0,0.0,0,0,0.0,0.0,0,0,0.0,0
LGS2ORD0006943,C016526,2025-02-24 23:00:00,Female,57,Silver,Lazada,Khon Kaen,120,Lazada,COD,23,2,0,0,>50,4.0,2.0,0.0,0.0,-1,25,5399.6900000000005,0.05,0.5,0.0,0.0,0.0,0,0,0.0,2935.32,1,0,0.0,10799.380000000001,2,0,0.0,10799.380000000001,2,0,0.0,0
LGS2ORD0006944,C013727,2025-02-25 00:00:00,Male,41,Bronze,Web,Phuket,760,TV_Show,COD,0,2,1,0,40-50,25.333333333333332,1.0,1.0,1.0,40,54,467.07,0.13,1.0,0.0,0.0,0.0,0,0,0.0,0.0,0,0,0.0,467.07,1,1,1.0,467.07,1,1,1.0,1
LGS2ORD0006945,C017052,2025-02-25 00:00:00,Male,35,Silver,TV,Songkhla,1366,Lazada,Credit_Card,0,2,1,0,30-40,45.53333333333333,1.0,0.0,0.0,-1,28,1746.04,0.05,0.0,0.0,0.0,0.0,0,0,0.0,1746.04,1,0,0.0,1746.04,1,0,0.0,1746.04,1,0,0.0,0
LGS2ORD0006946,C017063,2025-02-25 00:00:00,Male,61,Bronze,TV,Remote_Area,1156,Web,COD,0,2,1,0,>50,38.53333333333333,0.0,0.0,0.0,-1,-1,0.0,0.0,0.0,0.0,0.0,0.0,0,0,0.0,0.0,0,0,0.0,0.0,0,0,0.0,0.0,0,0,0.0,0
LGS2ORD0006947,C014899,2025-02-25 00:00:00,Male,63,Silver,Web,Phuket,867,Lazada,PromptPay,0,2,1,0,>50,28.9,0.0,0.0,0.0,-1,-1,0.0,0.0,0.0,0.0,0.0,0.0,0,0,0.0,0.0,0,0,0.0,0.0,0,0,0.0,0.0,0,0,0.0,0
LGS2ORD0006948,C013181,2025-02-25 00:00:00,Female,44,Platinum,TV,Bangkok,1262,Lazada,COD,0,2,1,0,40-50,42.06666666666667,3.0,2.0,0.6666666666666666,40,41,2758.1666666666665,0.15,0.0,0.0,0.0,0.0,0,0,0.0,0.0,0,0,0.0,8274.5,3,2,0.6666666666666666,8274.5,3,2,0.6666666666666666,0
LGS2ORD0006949,C016743,2025-02-25 01:00:00,Male,34,Silver,Web,Chiang Mai,323,Shopee,COD,1,2,1,0,30-40,10.766666666666667,2.0,2.0,1.0,13,22,1016.78,0.3,1.0,0.5,0.0,0.0,0,0,0.0,2033.56,2,2,1.0,2033.56,2,2,1.0,2033.56,2,2,1.0,1
LGS2ORD0006950,C017900,2025-02-25 01:00:00,Other,41,Bronze,Lazada,Remote_Area,471,Web,COD,1,2,1,0,40-50,15.7,3.0,1.0,0.3333333333333333,21,2,2060.6766666666667,0.18,0.3333333333333333,0.0,0.0,1707.4,1,0,0.0,3613.1000000000004,2,0,0.0,6182.030000000001,3,1,0.3333333333333333,6182.030000000001,3,1,0.3333333333333333,0
LGS2ORD0006951,C011702,2025-02-25 01:00:00,Female,54,Gold,Web,Phuket,113,Shopee,Credit_Card,1,2,1,0,>50,3.7666666666666666,0.0,0.0,0.0,-1,-1,0.0,0.0,0.0,0.0,0.0,0.0,0,0,0.0,0.0,0,0,0.0,0.0,0,0,0.0,0.0,0,0,0.0,0
LGS2ORD0006952,C017786,2025-02-25 01:00:00,Other,50,Silver,Shopee,Bangkok,511,TV_Show,PromptPay,1,2,1,0,40-50,17.033333333333335,0.0,0.0,0.0,-1,-1,0.0,0.0,0.0,0.0,0.0,0.0,0,0,0.0,0.0,0,0,0.0,0.0,0,0,0.0,0.0,0,0,0.0,0
LGS2ORD0006953,C014573,2025-02-25 01:00:00,Female,40,Bronze,TV,Khon Kaen,1194,TV_Show,COD,1,2,1,0,30-40,39.8,0.0,0.0,0.0,-1,-1,0.0,0.0,0.0,0.0,0.0,0.0,0,0,0.0,0.0,0,0,0.0,0.0,0,0,0.0,0.0,0,0,0.0,0
LGS2ORD0006954,C015291,2025-02-25 02:00:00,Female,32,Platinum,Shopee,Bangkok,1117,Web,COD,2,2,1,0,30-40,37.233333333333334,0.0,0.0,0.0,-1,-1,0.0,0.0,0.0,0.0,0.0,0.0,0,0,0.0,0.0,0,0,0.0,0.0,0,0,0.0,0.0,0,0,0.0,0
LGS2ORD0006955,C017379,2025-02-25 02:00:00,Male,51,Bronze,TV,Bangkok,1241,Shopee,COD,2,2,1,0,>50,41.36666666666667,0.0,0.0,0.0,-1,-1,0.0,0.0,0.0,0.0,0.0,0.0,0,0,0.0,0.0,0,0,0.0,0.0,0,0,0.0,0.0,0,0,0.0,0
LGS2ORD0006956,C010597,2025-02-25 02:00:00,Male,65,Bronze,Shopee,Bangkok,90,Web,COD,2,2,1,0,>50,3.0,3.0,0.0,0.0,-1,18,8590.386666666667,0.08,0.3333333333333333,0.0,0.0,0.0,0,0,0.0,4263.48,2,0,0.0,25771.160000000003,3,0,0.0,25771.160000000003,3,0,0.0,0
LGS2ORD0006957,C016474,2025-02-25 02:00:00,Male,40,Bronze,TV,Khon Kaen,943,Web,COD,2,2,1,0,30-40,31.433333333333334,2.0,0.0,0.0,-1,38,6841.925,0.08,0.5,0.0,0.0,0.0,0,0,0.0,0.0,0,0,0.0,13683.85,2,0,0.0,13683.85,2,0,0.0,0
LGS2ORD0006958,C013970,2025-02-25 02:00:00,Female,33,Bronze,Shopee,Khon Kaen,623,Lazada,Credit_Card,2,2,1,0,30-40,20.766666666666666,1.0,0.0,0.0,-1,46,6093.87,0.18,0.0,0.0,0.0,0.0,0,0,0.0,0.0,0,0,0.0,6093.87,1,0,0.0,6093.87,1,0,0.0,0
LGS2ORD0006959,C014386,2025-02-25 02:00:00,Male,64,Bronze,TV,Chiang Mai,847,Web,Credit_Card,2,2,1,0,>50,28.233333333333334,0.0,0.0,0.0,-1,-1,0.0,0.0,0.0,0.0,0.0,0.0,0,0,0.0,0.0,0,0,0.0,0.0,0,0,0.0,0.0,0,0,0.0,0
LGS2ORD0006960,C012994,2025-02-25 03:00:00,Male,28,Bronze,TV,Nakhon Ratchasima,271,TV_Show,COD,3,2,1,0,20-30,9.033333333333333,3.0,1.0,0.3333333333333333,10,12,3602.92,0.23,1.0,0.3333333333333333,0.0,0.0,0,0,0.0,5406.92,2,1,0.5,10808.76,3,1,0.3333333333333333,10808.76,3,1,0.3333333333333333,0
LGS2ORD0006961,C014086,2025-02-25 03:00:00,Male,50,Bronze,Web,Chonburi,969,Shopee,Credit_Card,3,2,1,0,40-50,32.3,1.0,0.0,0.0,-1,42,8080.33,0.03,0.0,0.0,0.0,0.0,0,0,0.0,0.0,0,0,0.0,8080.33,1,0,0.0,8080.33,1,0,0.0,0
LGS2ORD0006962,C015087,2025-02-25 03:00:00,Female,31,Gold,Lazada,Remote_Area,1423,Shopee,COD,3,2,1,0,30-40,47.43333333333333,1.0,0.0,0.0,-1,49,8457.03,0.13,0.0,0.0,0.0,0.0,0,0,0.0,0.0,0,0,0.0,8457.03,1,0,0.0,8457.03,1,0,0.0,1
LGS2ORD0006963,C017517,2025-02-25 03:00:00,Female,56,Silver,CallCenter,Khon Kaen,590,Shopee,COD,3,2,1,0,>50,19.666666666666668,1.0,0.0,0.0,-1,23,6102.03,0.05,1.0,0.0,0.0,0.0,0,0,0.0,6102.03,1,0,0.0,6102.03,1,0,0.0,6102.03,1,0,0.0,1
LGS2ORD0006964,C011842,2025-02-25 03:00:00,Other,36,Bronze,TV,Khon Kaen,1441,Lazada,PromptPay,3,2,1,0,30-40,48.03333333333333,1.0,0.0,0.0,-1,25,1902.95,0.28,1.0,1.0,0.0,0.0,0,0,0.0,1902.95,1,0,0.0,1902.95,1,0,0.0,1902.95,1,0,0.0,0
LGS2ORD0006965,C014772,2025-02-25 04:00:00,Female,34,Platinum,Shopee,Nakhon Ratchasima,1336,Lazada,COD,4,2,1,0,30-40,44.53333333333333,1.0,0.0,0.0,-1,32,4855.44,0.35,1.0,1.0,0.0,0.0,0,0,0.0,0.0,0,0,0.0,4855.44,1,0,0.0,4855.44,1,0,0.0,0
LGS2ORD0006966,C010362,2025-02-25 04:00:00,Male,45,Bronze,Shopee,Remote_Area,702,CallCenter,COD,4,2,1,0,40-50,23.4,1.0,0.0,0.0,-1,37,5449.06,0.13,1.0,0.0,0.0,0.0,0,0,0.0,0.0,0,0,0.0,5449.06,1,0,0.0,5449.06,1,0,0.0,0
LGS2ORD0006967,C017814,2025-02-25 04:00:00,Male,32,Gold,CallCenter,Bangkok,1133,Web,Bank_Transfer,4,2,1,0,30-40,37.766666666666666,0.0,0.0,0.0,-1,-1,0.0,0.0,0.0,0.0,0.0,0.0,0,0,0.0,0.0,0,0,0.0,0.0,0,0,0.0,0.0,0,0,0.0,0
LGS2ORD0006968,C010634,2025-02-25 04:00:00,Female,51,Gold,TV,Bangkok,98,Lazada,COD,4,2,1,0,>50,3.2666666666666666,2.0,0.0,0.0,-1,28,4695.375,0.13,0.5,0.0,0.0,0.0,0,0,0.0,3574.97,1,0,0.0,9390.75,2,0,0.0,9390.75,2,0,0.0,0
LGS2ORD0006969,C016731,2025-02-25 04:00:00,Female,48,Gold,Shopee,Songkhla,191,Web,COD,4,2,1,0,40-50,6.366666666666666,1.0,0.0,0.0,-1,54,6018.33,0.2299999999999999,0.0,1.0,0.0,0.0,0,0,0.0,0.0,0,0,0.0,6018.33,1,0,0.0,6018.33,1,0,0.0,1
LGS2ORD0006970,C015699,2025-02-25 05:00:00,Female,30,Silver,TV,Bangkok,775,TV_Show,Credit_Card,5,2,1,0,20-30,25.833333333333332,1.0,0.0,0.0,-1,25,4315.82,0.2,0.0,0.0,0.0,0.0,0,0,0.0,4315.82,1,0,0.0,4315.82,1,0,0.0,4315.82,1,0,0.0,0
LGS2ORD0006971,C012073,2025-02-25 05:00:00,Female,18,Bronze,Shopee,Khon Kaen,840,Lazada,Credit_Card,5,2,1,0,<20,28.0,1.0,1.0,1.0,32,43,8303.64,0.18,1.0,0.0,0.0,0.0,0,0,0.0,0.0,0,0,0.0,8303.64,1,1,1.0,8303.64,1,1,1.0,0
LGS2ORD0006972,C010936,2025-02-25 05:00:00,Other,51,Bronze,TV,Bangkok,593,TV_Show,PromptPay,5,2,1,0,>50,19.766666666666666,0.0,0.0,0.0,-1,-1,0.0,0.0,0.0,0.0,0.0,0.0,0,0,0.0,0.0,0,0,0.0,0.0,0,0,0.0,0.0,0,0,0.0,0
LGS2ORD0006973,C013157,2025-02-25 05:00:00,Male,48,Silver,TV,Khon Kaen,1308,TV_Show,COD,5,2,1,0,40-50,43.6,1.0,0.0,0.0,-1,53,2164.8,0.25,1.0,1.0,0.0,0.0,0,0,0.0,0.0,0,0,0.0,2164.8,1,0,0.0,2164.8,1,0,0.0,1
LGS2ORD0006974,C017263,2025-02-25 05:00:00,Female,31,Silver,Shopee,Chonburi,1190,Web,COD,5,2,1,0,30-40,39.666666666666664,1.0,0.0,0.0,-1,5,13511.44,0.05,1.0,0.0,0.0,13511.44,1,0,0.0,13511.44,1,0,0.0,13511.44,1,0,0.0,13511.44,1,0,0.0,0
LGS2ORD0006975,C011697,2025-02-25 06:00:00,Male,41,Gold,Lazada,Bangkok,1438,Lazada,COD,6,2,1,0,40-50,47.93333333333333,0.0,0.0,0.0,-1,-1,0.0,0.0,0.0,0.0,0.0,0.0,0,0,0.0,0.0,0,0,0.0,0.0,0,0,0.0,0.0,0,0,0.0,0
LGS2ORD0006976,C011559,2025-02-25 06:00:00,Female,24,Bronze,Shopee,Phuket,1211,CallCenter,Bank_Transfer,6,2,1,0,20-30,40.36666666666667,1.0,0.0,0.0,-1,14,5307.59,0.08,0.0,0.0,0.0,0.0,0,0,0.0,5307.59,1,0,0.0,5307.59,1,0,0.0,5307.59,1,0,0.0,0
LGS2ORD0006977,C014891,2025-02-25 06:00:00,Male,43,Bronze,TV,Bangkok,1047,TV_Show,Credit_Card,6,2,1,0,40-50,34.9,0.0,0.0,0.0,-1,-1,0.0,0.0,0.0,0.0,0.0,0.0,0,0,0.0,0.0,0,0,0.0,0.0,0,0,0.0,0.0,0,0,0.0,0
LGS2ORD0006978,C017926,2025-02-25 06:00:00,Male,41,Bronze,Web,Chonburi,657,CallCenter,Bank_Transfer,6,2,1,0,40-50,21.9,0.0,0.0,0.0,-1,-1,0.0,0.0,0.0,0.0,0.0,0.0,0,0,0.0,0.0,0,0,0.0,0.0,0,0,0.0,0.0,0,0,0.0,0
LGS2ORD0006979,C016582,2025-02-25 06:00:00,Female,52,Gold,Web,Bangkok,442,Lazada,Credit_Card,6,2,1,0,>50,14.733333333333333,3.0,1.0,0.3333333333333333,34,19,4038.11,0.18,1.0,0.0,0.0,0.0,0,0,0.0,10518.46,1,0,0.0,12114.33,3,1,0.3333333333333333,12114.33,3,1,0.3333333333333333,1
LGS2ORD0006980,C014500,2025-02-25 06:00:00,Male,42,Bronze,Shopee,Bangkok,1311,TV_Show,PromptPay,6,2,1,0,40-50,43.7,0.0,0.0,0.0,-1,-1,0.0,0.0,0.0,0.0,0.0,0.0,0,0,0.0,0.0,0,0,0.0,0.0,0,0,0.0,0.0,0,0,0.0,1
LGS2ORD0006981,C011312,2025-02-25 07:00:00,Male,66,Silver,Web,Bangkok,756,Shopee,Credit_Card,7,2,1,0,>50,25.2,0.0,0.0,0.0,-1,-1,0.0,0.0,0.0,0.0,0.0,0.0,0,0,0.0,0.0,0,0,0.0,0.0,0,0,0.0,0.0,0,0,0.0,0
LGS2ORD0006982,C017550,2025-02-25 07:00:00,Female,57,Silver,TV,Bangkok,1077,Shopee,COD,7,2,1,0,>50,35.9,0.0,0.0,0.0,-1,-1,0.0,0.0,0.0,0.0,0.0,0.0,0,0,0.0,0.0,0,0,0.0,0.0,0,0,0.0,0.0,0,0,0.0,0
LGS2ORD0006983,C010613,2025-02-25 07:00:00,Male,47,Silver,Lazada,Remote_Area,830,TV_Show,PromptPay,7,2,1,0,40-50,27.666666666666668,2.0,1.0,0.5,22,24,1910.975,0.25,1.0,0.5,0.0,0.0,0,0,0.0,1889.99,1,0,0.0,3821.95,2,1,0.5,3821.95,2,1,0.5,1
LGS2ORD0006984,C011092,2025-02-25 07:00:00,Male,35,Silver,Web,Khon Kaen,1476,Shopee,Bank_Transfer,7,2,1,0,30-40,49.2,1.0,0.0,0.0,-1,35,7385.93,0.2,0.0,0.0,0.0,0.0,0,0,0.0,0.0,0,0,0.0,7385.93,1,0,0.0,7385.93,1,0,0.0,1
LGS2ORD0006985,C017908,2025-02-25 07:00:00,Female,41,Bronze,Lazada,Remote_Area,560,TV_Show,COD,7,2,1,0,40-50,18.666666666666668,1.0,0.0,0.0,-1,53,3956.06,0.18,0.0,0.0,0.0,0.0,0,0,0.0,0.0,0,0,0.0,3956.06,1,0,0.0,3956.06,1,0,0.0,0
LGS2ORD0006986,C010331,2025-02-25 08:00:00,Female,54,Silver,TV,Bangkok,428,Web,Credit_Card,8,2,1,0,>50,14.266666666666667,3.0,0.0,0.0,-1,2,1753.9466666666667,0.25,0.3333333333333333,0.3333333333333333,0.0,1009.13,1,0,0.0,1009.13,1,0,0.0,5261.84,3,0,0.0,5261.84,3,0,0.0,0
LGS2ORD0006987,C010377,2025-02-25 08:00:00,Female,43,Bronze,Lazada,Songkhla,261,TV_Show,COD,8,2,1,0,40-50,8.7,1.0,1.0,1.0,48,54,356.14,0.18,1.0,0.0,0.0,0.0,0,0,0.0,0.0,0,0,0.0,356.14,1,1,1.0,356.14,1,1,1.0,1
LGS2ORD0006988,C011880,2025-02-25 08:00:00,Male,29,Silver,TV,Chiang Mai,637,Shopee,COD,8,2,1,0,20-30,21.233333333333334,2.0,0.0,0.0,-1,17,3396.2349999999997,0.25,0.5,1.0,0.0,0.0,0,0,0.0,716.23,1,0,0.0,6792.469999999999,2,0,0.0,6792.469999999999,2,0,0.0,0
LGS2ORD0006989,C016614,2025-02-25 08:00:00,Male,21,Bronze,Web,Bangkok,559,Web,Credit_Card,8,2,1,0,20-30,18.633333333333333,0.0,0.0,0.0,-1,-1,0.0,0.0,0.0,0.0,0.0,0.0,0,0,0.0,0.0,0,0,0.0,0.0,0,0,0.0,0.0,0,0,0.0,0
LGS2ORD0006990,C013179,2025-02-25 08:00:00,Male,42,Gold,Shopee,Songkhla,1220,Lazada,COD,8,2,1,0,40-50,40.666666666666664,0.0,0.0,0.0,-1,-1,0.0,0.0,0.0,0.0,0.0,0.0,0,0,0.0,0.0,0,0,0.0,0.0,0,0,0.0,0.0,0,0,0.0,0
LGS2ORD0006991,C011311,2025-02-25 09:00:00,Female,32,Bronze,TV,Songkhla,679,TV_Show,PromptPay,9,2,1,0,30-40,22.633333333333333,3.0,1.0,0.3333333333333333,13,18,2703.7499999999995,0.28,0.3333333333333333,0.3333333333333333,0.0,0.0,0,0,0.0,8111.249999999999,3,1,0.3333333333333333,8111.249999999999,3,1,0.3333333333333333,8111.249999999999,3,1,0.3333333333333333,0
LGS2ORD0006992,C014583,2025-02-25 09:00:00,Female,46,Silver,TV,Songkhla,1261,Shopee,COD,9,2,1,0,40-50,42.03333333333333,3.0,2.0,0.6666666666666666,15,29,4139.2266666666665,0.25,0.6666666666666666,0.3333333333333333,0.0,0.0,0,0,0.0,9300.49,1,1,1.0,12417.68,3,2,0.6666666666666666,12417.68,3,2,0.6666666666666666,1
LGS2ORD0006993,C013852,2025-02-25 09:00:00,Male,51,Bronze,TV,Chonburi,1406,Shopee,Bank_Transfer,9,2,1,0,>50,46.86666666666667,2.0,1.0,0.5,26,25,734.355,0.28,1.0,1.0,0.0,0.0,0,0,0.0,230.45,1,0,0.0,1468.71,2,1,0.5,1468.71,2,1,0.5,1
LGS2ORD0006994,C014431,2025-02-25 09:00:00,Female,52,Bronze,TV,Khon Kaen,669,Lazada,COD,9,2,1,0,>50,22.3,2.0,0.0,0.0,-1,12,1576.915,0.18,1.0,0.0,0.0,0.0,0,0,0.0,1754.29,1,0,0.0,3153.83,2,0,0.0,3153.83,2,0,0.0,1
LGS2ORD0006995,C013453,2025-02-25 09:00:00,Female,41,Bronze,CallCenter,Bangkok,1332,TV_Show,COD,9,2,1,0,40-50,44.4,1.0,1.0,1.0,48,54,2336.52,0.28,0.0,1.0,0.0,0.0,0,0,0.0,0.0,0,0,0.0,2336.52,1,1,1.0,2336.52,1,1,1.0,1
LGS2ORD0006996,C010498,2025-02-25 09:00:00,Female,53,Bronze,Shopee,Bangkok,1173,Shopee,PromptPay,9,2,1,0,>50,39.1,1.0,0.0,0.0,-1,38,1799.72,0.08,1.0,0.0,0.0,0.0,0,0,0.0,0.0,0,0,0.0,1799.72,1,0,0.0,1799.72,1,0,0.0,0
LGS2ORD0006997,C010610,2025-02-25 10:00:00,Female,53,Gold,Web,Phuket,1371,Shopee,Credit_Card,10,2,1,0,>50,45.7,2.0,0.0,0.0,-1,14,1982.8200000000002,0.13,0.5,0.0,0.0,0.0,0,0,0.0,2355.9,1,0,0.0,3965.6400000000003,2,0,0.0,3965.6400000000003,2,0,0.0,0
LGS2ORD0006998,C014857,2025-02-25 10:00:00,Female,69,Bronze,TV,Nakhon Ratchasima,1048,Shopee,Credit_Card,10,2,1,0,>50,34.93333333333333,1.0,1.0,1.0,22,27,5518.93,0.18,1.0,0.0,0.0,0.0,0,0,0.0,5518.93,1,1,1.0,5518.93,1,1,1.0,5518.93,1,1,1.0,0
LGS2ORD0006999,C011525,2025-02-25 10:00:00,Male,47,Silver,CallCenter,Nakhon Ratchasima,503,Shopee,Credit_Card,10,2,1,0,40-50,16.766666666666666,3.0,1.0,0.3333333333333333,50,18,11653.589999999998,0.3,0.0,0.3333333333333333,0.0,0.0,0,0,0.0,5759.09,2,0,0.0,34960.77,3,1,0.3333333333333333,34960.77,3,1,0.3333333333333333,0
LGS2ORD0007000,C010604,2025-02-25 10:00:00,Female,50,Silver,Shopee,Chonburi,490,Web,COD,10,2,1,0,40-50,16.333333333333332,0.0,0.0,0.0,-1,-1,0.0,0.0,0.0,0.0,0.0,0.0,0,0,0.0,0.0,0,0,0.0,0.0,0,0,0.0,0.0,0,0,0.0,0
LGS2ORD0007001,C015296,2025-02-25 10:00:00,Female,39,Bronze,Shopee,Songkhla,558,Shopee,COD,10,2,1,0,30-40,18.6,1.0,0.0,0.0,-1,11,3270.19,0.23,0.0,1.0,0.0,0.0,0,0,0.0,3270.19,1,0,0.0,3270.19,1,0,0.0,3270.19,1,0,0.0,0
LGS2ORD0007002,C016316,2025-02-25 11:00:00,Male,51,Silver,Lazada,Chiang Mai,811,TV_Show,COD,11,2,1,0,>50,27.033333333333335,2.0,0.0,0.0,-1,15,1396.165,0.1,0.5,0.0,0.0,0.0,0,0,0.0,1200.56,1,0,0.0,2792.33,2,0,0.0,2792.33,2,0,0.0,0
LGS2ORD0007003,C011154,2025-02-25 11:00:00,Male,18,Bronze,Web,Nakhon Ratchasima,1058,TV_Show,Bank_Transfer,11,2,1,0,<20,35.266666666666666,0.0,0.0,0.0,-1,-1,0.0,0.0,0.0,0.0,0.0,0.0,0,0,0.0,0.0,0,0,0.0,0.0,0,0,0.0,0.0,0,0,0.0,0
LGS2ORD0007004,C013889,2025-02-25 11:00:00,Female,24,Silver,TV,Chiang Mai,908,TV_Show,COD,11,2,1,0,20-30,30.266666666666666,1.0,0.0,0.0,-1,34,15379.55,0.2,0.0,0.0,0.0,0.0,0,0,0.0,0.0,0,0,0.0,15379.55,1,0,0.0,15379.55,1,0,0.0,0
LGS2ORD0007005,C012668,2025-02-25 11:00:00,Female,53,Bronze,TV,Songkhla,242,CallCenter,COD,11,2,1,0,>50,8.066666666666666,0.0,0.0,0.0,-1,-1,0.0,0.0,0.0,0.0,0.0,0.0,0,0,0.0,0.0,0,0,0.0,0.0,0,0,0.0,0.0,0,0,0.0,0
LGS2ORD0007006,C011349,2025-02-25 11:00:00,Male,32,Bronze,TV,Bangkok,1270,TV_Show,PromptPay,11,2,1,0,30-40,42.333333333333336,0.0,0.0,0.0,-1,-1,0.0,0.0,0.0,0.0,0.0,0.0,0,0,0.0,0.0,0,0,0.0,0.0,0,0,0.0,0.0,0,0,0.0,0
LGS2ORD0007007,C011115,2025-02-25 12:00:00,Female,57,Bronze,Lazada,Chonburi,707,Web,PromptPay,12,2,1,0,>50,23.566666666666666,0.0,0.0,0.0,-1,-1,0.0,0.0,0.0,0.0,0.0,0.0,0,0,0.0,0.0,0,0,0.0,0.0,0,0,0.0,0.0,0,0,0.0,0
LGS2ORD0007008,C015408,2025-02-25 12:00:00,Male,68,Silver,Shopee,Chiang Mai,133,CallCenter,COD,12,2,1,0,>50,4.433333333333334,0.0,0.0,0.0,-1,-1,0.0,0.0,0.0,0.0,0.0,0.0,0,0,0.0,0.0,0,0,0.0,0.0,0,0,0.0,0.0,0,0,0.0,1
LGS2ORD0007009,C014015,2025-02-25 12:00:00,Female,57,Bronze,TV,Remote_Area,1205,Lazada,Credit_Card,12,2,1,0,>50,40.166666666666664,1.0,0.0,0.0,-1,33,9341.12,0.03,1.0,0.0,0.0,0.0,0,0,0.0,0.0,0,0,0.0,9341.12,1,0,0.0,9341.12,1,0,0.0,0
LGS2ORD0007010,C016681,2025-02-25 12:00:00,Male,43,Gold,TV,Bangkok,1239,Lazada,PromptPay,12,2,1,0,40-50,41.3,0.0,0.0,0.0,-1,-1,0.0,0.0,0.0,0.0,0.0,0.0,0,0,0.0,0.0,0,0,0.0,0.0,0,0,0.0,0.0,0,0,0.0,0
LGS2ORD0007011,C011534,2025-02-25 12:00:00,Female,33,Bronze,TV,Khon Kaen,89,Web,Credit_Card,12,2,1,0,30-40,2.966666666666667,1.0,1.0,1.0,8,20,795.54,0.18,1.0,0.0,0.0,0.0,0,0,0.0,795.54,1,1,1.0,795.54,1,1,1.0,795.54,1,1,1.0,0
LGS2ORD0007012,C014927,2025-02-25 13:00:00,Male,47,Bronze,Shopee,Bangkok,263,Lazada,COD,13,2,1,0,40-50,8.766666666666667,1.0,0.0,0.0,-1,27,4640.96,0.13,1.0,0.0,0.0,0.0,0,0,0.0,4640.96,1,0,0.0,4640.96,1,0,0.0,4640.96,1,0,0.0,0
LGS2ORD0007013,C015198,2025-02-25 13:00:00,Female,33,Bronze,Web,Chiang Mai,954,CallCenter,COD,13,2,1,0,30-40,31.8,1.0,0.0,0.0,-1,7,3725.23,0.23,1.0,1.0,0.0,0.0,0,0,0.0,3725.23,1,0,0.0,3725.23,1,0,0.0,3725.23,1,0,0.0,1
LGS2ORD0007014,C016348,2025-02-25 13:00:00,Female,60,Gold,TV,Phuket,1056,Shopee,PromptPay,13,2,1,0,>50,35.2,2.0,0.0,0.0,-1,48,2531.035,0.33,0.0,0.5,0.0,0.0,0,0,0.0,0.0,0,0,0.0,5062.07,2,0,0.0,5062.07,2,0,0.0,0
LGS2ORD0007015,C016593,2025-02-25 13:00:00,Female,50,Silver,Web,Bangkok,548,CallCenter,COD,13,2,1,0,40-50,18.266666666666666,0.0,0.0,0.0,-1,-1,0.0,0.0,0.0,0.0,0.0,0.0,0,0,0.0,0.0,0,0,0.0,0.0,0,0,0.0,0.0,0,0,0.0,0
LGS2ORD0007016,C011372,2025-02-25 13:00:00,Male,72,Bronze,TV,Chiang Mai,130,Lazada,Credit_Card,13,2,1,0,>50,4.333333333333333,1.0,1.0,1.0,26,30,2981.88,0.28,1.0,1.0,0.0,0.0,0,0,0.0,0.0,0,0,0.0,2981.88,1,1,1.0,2981.88,1,1,1.0,0
LGS2ORD0007017,C010695,2025-02-25 13:00:00,Male,55,Bronze,Web,Songkhla,89,Shopee,COD,13,2,1,0,>50,2.966666666666667,2.0,0.0,0.0,-1,17,5381.56,0.08,0.5,0.0,0.0,0.0,0,0,0.0,1858.85,1,0,0.0,10763.12,2,0,0.0,10763.12,2,0,0.0,1
LGS2ORD0007018,C016712,2025-02-25 14:00:00,Male,30,Platinum,Web,Chiang Mai,1350,Lazada,COD,14,2,1,0,20-30,45.0,0.0,0.0,0.0,-1,-1,0.0,0.0,0.0,0.0,0.0,0.0,0,0,0.0,0.0,0,0,0.0,0.0,0,0,0.0,0.0,0,0,0.0,0
LGS2ORD0007019,C011853,2025-02-25 14:00:00,Male,29,Bronze,Web,Chonburi,505,Web,COD,14,2,1,0,20-30,16.833333333333332,2.0,0.0,0.0,-1,7,5019.07,0.28,0.5,0.5,0.0,0.0,0,0,0.0,10038.14,2,0,0.0,10038.14,2,0,0.0,10038.14,2,0,0.0,0
LGS2ORD0007020,C014649,2025-02-25 14:00:00,Female,30,Bronze,TV,Chonburi,1412,Lazada,COD,14,2,1,0,20-30,47.06666666666667,0.0,0.0,0.0,-1,-1,0.0,0.0,0.0,0.0,0.0,0.0,0,0,0.0,0.0,0,0,0.0,0.0,0,0,0.0,0.0,0,0,0.0,0
LGS2ORD0007021,C012393,2025-02-25 14:00:00,Male,56,Bronze,TV,Nakhon Ratchasima,1165,TV_Show,PromptPay,14,2,1,0,>50,38.833333333333336,0.0,0.0,0.0,-1,-1,0.0,0.0,0.0,0.0,0.0,0.0,0,0,0.0,0.0,0,0,0.0,0.0,0,0,0.0,0.0,0,0,0.0,0
LGS2ORD0007022,C017856,2025-02-25 14:00:00,Female,48,Bronze,Web,Bangkok,277,TV_Show,COD,14,2,1,0,40-50,9.233333333333333,0.0,0.0,0.0,-1,-1,0.0,0.0,0.0,0.0,0.0,0.0,0,0,0.0,0.0,0,0,0.0,0.0,0,0,0.0,0.0,0,0,0.0,1
LGS2ORD0007023,C011647,2025-02-25 15:00:00,Female,40,Bronze,Lazada,Remote_Area,783,Web,COD,15,2,1,0,30-40,26.1,2.0,0.0,0.0,-1,4,6036.715,0.28,0.5,0.5,0.0,4278.41,1,0,0.0,12073.43,2,0,0.0,12073.43,2,0,0.0,12073.43,2,0,0.0,1
LGS2ORD0007024,C016936,2025-02-25 15:00:00,Male,35,Bronze,CallCenter,Chonburi,647,Lazada,COD,15,2,1,0,30-40,21.566666666666666,2.0,1.0,0.5,26,0,6652.2300000000005,0.28,0.5,0.5,0.0,8552.61,1,0,0.0,8552.61,1,0,0.0,13304.460000000001,2,1,0.5,13304.460000000001,2,1,0.5,0
LGS2ORD0007025,C010724,2025-02-25 15:00:00,Female,18,Platinum,Lazada,Khon Kaen,1425,CallCenter,COD,15,2,1,0,<20,47.5,1.0,0.0,0.0,-1,33,352.62,0.2,0.0,0.0,0.0,0.0,0,0,0.0,0.0,0,0,0.0,352.62,1,0,0.0,352.62,1,0,0.0,0
LGS2ORD0007026,C014640,2025-02-25 15:00:00,Female,57,Bronze,TV,Phuket,348,CallCenter,Credit_Card,15,2,1,0,>50,11.6,2.0,1.0,0.5,9,11,8924.619999999999,0.18,1.0,0.0,0.0,0.0,0,0,0.0,17849.239999999998,2,1,0.5,17849.239999999998,2,1,0.5,17849.239999999998,2,1,0.5,0
LGS2ORD0007027,C016376,2025-02-25 15:00:00,Female,61,Bronze,Shopee,Nakhon Ratchasima,251,Shopee,Bank_Transfer,15,2,1,0,>50,8.366666666666667,0.0,0.0,0.0,-1,-1,0.0,0.0,0.0,0.0,0.0,0.0,0,0,0.0,0.0,0,0,0.0,0.0,0,0,0.0,0.0,0,0,0.0,0
LGS2ORD0007028,C011149,2025-02-25 16:00:00,Male,48,Bronze,TV,Chonburi,1502,Lazada,COD,16,2,1,0,40-50,50.06666666666667,0.0,0.0,0.0,-1,-1,0.0,0.0,0.0,0.0,0.0,0.0,0,0,0.0,0.0,0,0,0.0,0.0,0,0,0.0,0.0,0,0,0.0,0
LGS2ORD0007029,C016554,2025-02-25 16:00:00,Female,39,Bronze,TV,Chiang Mai,811,Lazada,COD,16,2,1,0,30-40,27.033333333333335,3.0,1.0,0.3333333333333333,-2,10,9870.663333333332,0.28,0.6666666666666666,0.3333333333333333,0.0,0.0,0,0,0.0,14990.17,2,1,0.5,29611.989999999998,3,1,0.3333333333333333,29611.989999999998,3,1,0.3333333333333333,0
LGS2ORD0007030,C014133,2025-02-25 16:00:00,Female,29,Silver,Web,Khon Kaen,178,Shopee,Credit_Card,16,2,1,0,20-30,5.933333333333334,1.0,0.0,0.0,-1,36,1380.04,0.05,0.0,0.0,0.0,0.0,0,0,0.0,0.0,0,0,0.0,1380.04,1,0,0.0,1380.04,1,0,0.0,0
LGS2ORD0007031,C010267,2025-02-25 16:00:00,Female,34,Bronze,Shopee,Remote_Area,174,CallCenter,COD,16,2,1,0,30-40,5.8,0.0,0.0,0.0,-1,-1,0.0,0.0,0.0,0.0,0.0,0.0,0,0,0.0,0.0,0,0,0.0,0.0,0,0,0.0,0.0,0,0,0.0,0
LGS2ORD0007032,C011633,2025-02-25 16:00:00,Male,36,Silver,TV,Phuket,231,Web,COD,16,2,1,0,30-40,7.7,2.0,0.0,0.0,-1,29,16855.23,0.3,0.5,0.5,0.0,0.0,0,0,0.0,13791.33,1,0,0.0,33710.46,2,0,0.0,33710.46,2,0,0.0,1
LGS2ORD0007033,C013587,2025-02-25 17:00:00,Female,29,Silver,Lazada,Khon Kaen,565,Web,Credit_Card,17,2,1,0,20-30,18.833333333333332,0.0,0.0,0.0,-1,-1,0.0,0.0,0.0,0.0,0.0,0.0,0,0,0.0,0.0,0,0,0.0,0.0,0,0,0.0,0.0,0,0,0.0,0
LGS2ORD0007034,C011163,2025-02-25 17:00:00,Male,30,Silver,TV,Chiang Mai,1114,CallCenter,COD,17,2,1,0,20-30,37.13333333333333,1.0,0.0,0.0,-1,36,3286.35,0.05,1.0,0.0,0.0,0.0,0,0,0.0,0.0,0,0,0.0,3286.35,1,0,0.0,3286.35,1,0,0.0,0
LGS2ORD0007035,C012969,2025-02-25 17:00:00,Female,43,Bronze,CallCenter,Phuket,1476,Lazada,PromptPay,17,2,1,0,40-50,49.2,2.0,0.0,0.0,-1,4,19731.7,0.23,0.0,1.0,0.0,33109.05,1,0,0.0,33109.05,1,0,0.0,39463.4,2,0,0.0,39463.4,2,0,0.0,1
LGS2ORD0007036,C011940,2025-02-25 17:00:00,Male,50,Bronze,Web,Bangkok,1265,Lazada,Credit_Card,17,2,1,0,40-50,42.166666666666664,2.0,1.0,0.5,5,11,8603.855,0.13,1.0,0.0,0.0,0.0,0,0,0.0,17207.71,2,1,0.5,17207.71,2,1,0.5,17207.71,2,1,0.5,1
LGS2ORD0007037,C013343,2025-02-25 17:00:00,Female,41,Bronze,CallCenter,Chonburi,752,CallCenter,COD,17,2,1,0,40-50,25.066666666666666,0.0,0.0,0.0,-1,-1,0.0,0.0,0.0,0.0,0.0,0.0,0,0,0.0,0.0,0,0,0.0,0.0,0,0,0.0,0.0,0,0,0.0,1
LGS2ORD0007038,C011634,2025-02-25 17:00:00,Female,72,Silver,TV,Phuket,1092,Web,COD,17,2,1,0,>50,36.4,2.0,2.0,1.0,27,43,1080.325,0.2,0.5,0.0,0.0,0.0,0,0,0.0,0.0,0,0,0.0,2160.65,2,2,1.0,2160.65,2,2,1.0,0
LGS2ORD0007039,C015237,2025-02-25 18:00:00,Other,30,Bronze,Web,Khon Kaen,1060,Web,Bank_Transfer,18,2,1,0,20-30,35.333333333333336,0.0,0.0,0.0,-1,-1,0.0,0.0,0.0,0.0,0.0,0.0,0,0,0.0,0.0,0,0,0.0,0.0,0,0,0.0,0.0,0,0,0.0,0
LGS2ORD0007040,C013049,2025-02-25 18:00:00,Male,23,Bronze,Web,Songkhla,1424,Web,Credit_Card,18,2,1,0,20-30,47.46666666666667,1.0,1.0,1.0,28,33,9556.8,0.23,0.0,1.0,0.0,0.0,0,0,0.0,0.0,0,0,0.0,9556.8,1,1,1.0,9556.8,1,1,1.0,0
LGS2ORD0007041,C016171,2025-02-25 18:00:00,Male,25,Silver,TV,Bangkok,171,Lazada,COD,18,2,1,0,20-30,5.7,0.0,0.0,0.0,-1,-1,0.0,0.0,0.0,0.0,0.0,0.0,0,0,0.0,0.0,0,0,0.0,0.0,0,0,0.0,0.0,0,0,0.0,0
LGS2ORD0007042,C012878,2025-02-25 18:00:00,Female,63,Bronze,TV,Chonburi,469,CallCenter,COD,18,2,1,0,>50,15.633333333333333,0.0,0.0,0.0,-1,-1,0.0,0.0,0.0,0.0,0.0,0.0,0,0,0.0,0.0,0,0,0.0,0.0,0,0,0.0,0.0,0,0,0.0,1
LGS2ORD0007043,C011994,2025-02-25 18:00:00,Male,47,Silver,TV,Chonburi,863,TV_Show,COD,18,2,1,0,40-50,28.766666666666666,3.0,0.0,0.0,-1,25,1807.7366666666667,0.3,1.0,0.3333333333333333,0.0,0.0,0,0,0.0,5423.21,3,0,0.0,5423.21,3,0,0.0,5423.21,3,0,0.0,0
LGS2ORD0007044,C012869,2025-02-25 19:00:00,Female,51,Bronze,Lazada,Chiang Mai,246,Web,COD,19,2,1,0,>50,8.2,1.0,0.0,0.0,-1,2,19730.88,0.18,0.0,0.0,0.0,19730.88,1,0,0.0,19730.88,1,0,0.0,19730.88,1,0,0.0,19730.88,1,0,0.0,0
LGS2ORD0007045,C017208,2025-02-25 19:00:00,Male,53,Silver,Shopee,Bangkok,590,CallCenter,COD,19,2,1,0,>50,19.666666666666668,1.0,1.0,1.0,37,46,1305.33,0.25,1.0,1.0,0.0,0.0,0,0,0.0,0.0,0,0,0.0,1305.33,1,1,1.0,1305.33,1,1,1.0,0
LGS2ORD0007046,C016812,2025-02-25 19:00:00,Male,63,Bronze,Web,Chiang Mai,642,Lazada,Bank_Transfer,19,2,1,0,>50,21.4,2.0,1.0,0.5,49,34,1735.445,0.08,0.5,0.0,0.0,0.0,0,0,0.0,0.0,0,0,0.0,3470.89,2,1,0.5,3470.89,2,1,0.5,0
LGS2ORD0007047,C011949,2025-02-25 19:00:00,Female,33,Gold,Web,Khon Kaen,112,Web,Credit_Card,19,2,1,0,30-40,3.7333333333333334,2.0,0.0,0.0,-1,30,12663.1,0.28,1.0,0.5,0.0,0.0,0,0,0.0,0.0,0,0,0.0,25326.2,2,0,0.0,25326.2,2,0,0.0,0
LGS2ORD0007048,C012147,2025-02-25 19:00:00,Female,41,Silver,Shopee,Chonburi,499,Shopee,COD,19,2,1,0,40-50,16.633333333333333,0.0,0.0,0.0,-1,-1,0.0,0.0,0.0,0.0,0.0,0.0,0,0,0.0,0.0,0,0,0.0,0.0,0,0,0.0,0.0,0,0,0.0,0
LGS2ORD0007049,C013554,2025-02-25 20:00:00,Female,51,Bronze,CallCenter,Khon Kaen,141,TV_Show,Bank_Transfer,20,2,1,0,>50,4.7,1.0,0.0,0.0,-1,11,6676.05,0.03,1.0,0.0,0.0,0.0,0,0,0.0,6676.05,1,0,0.0,6676.05,1,0,0.0,6676.05,1,0,0.0,0
LGS2ORD0007050,C016412,2025-02-25 20:00:00,Female,50,Silver,Web,Khon Kaen,690,Shopee,Credit_Card,20,2,1,0,40-50,23.0,1.0,0.0,0.0,-1,11,2056.92,0.05,1.0,0.0,0.0,0.0,0,0,0.0,2056.92,1,0,0.0,2056.92,1,0,0.0,2056.92,1,0,0.0,0
LGS2ORD0007051,C015264,2025-02-25 20:00:00,Male,61,Silver,TV,Chonburi,779,TV_Show,PromptPay,20,2,1,0,>50,25.966666666666665,0.0,0.0,0.0,-1,-1,0.0,0.0,0.0,0.0,0.0,0.0,0,0,0.0,0.0,0,0,0.0,0.0,0,0,0.0,0.0,0,0,0.0,0
LGS2ORD0007052,C017586,2025-02-25 20:00:00,Male,52,Bronze,Shopee,Bangkok,675,Lazada,COD,20,2,1,0,>50,22.5,0.0,0.0,0.0,-1,-1,0.0,0.0,0.0,0.0,0.0,0.0,0,0,0.0,0.0,0,0,0.0,0.0,0,0,0.0,0.0,0,0,0.0,1
LGS2ORD0007053,C011116,2025-02-25 20:00:00,Female,36,Bronze,Lazada,Bangkok,244,Shopee,Credit_Card,20,2,1,0,30-40,8.133333333333333,0.0,0.0,0.0,-1,-1,0.0,0.0,0.0,0.0,0.0,0.0,0,0,0.0,0.0,0,0,0.0,0.0,0,0,0.0,0.0,0,0,0.0,0
LGS2ORD0007054,C016262,2025-02-25 21:00:00,Male,51,Silver,CallCenter,Bangkok,253,TV_Show,COD,21,2,1,0,>50,8.433333333333334,0.0,0.0,0.0,-1,-1,0.0,0.0,0.0,0.0,0.0,0.0,0,0,0.0,0.0,0,0,0.0,0.0,0,0,0.0,0.0,0,0,0.0,0
LGS2ORD0007055,C017861,2025-02-25 21:00:00,Male,51,Bronze,Lazada,Chonburi,273,Shopee,COD,21,2,1,0,>50,9.1,2.0,0.0,0.0,-1,0,7533.385,0.13,0.5,0.0,0.0,4787.89,1,0,0.0,15066.77,2,0,0.0,15066.77,2,0,0.0,15066.77,2,0,0.0,0
LGS2ORD0007056,C012776,2025-02-25 21:00:00,Female,49,Silver,Shopee,Chonburi,1500,Shopee,Bank_Transfer,21,2,1,0,40-50,50.0,0.0,0.0,0.0,-1,-1,0.0,0.0,0.0,0.0,0.0,0.0,0,0,0.0,0.0,0,0,0.0,0.0,0,0,0.0,0.0,0,0,0.0,1
LGS2ORD0007057,C013900,2025-02-25 21:00:00,Female,39,Bronze,Shopee,Khon Kaen,584,Web,Credit_Card,21,2,1,0,30-40,19.466666666666665,1.0,0.0,0.0,-1,14,392.34,0.03,1.0,0.0,0.0,0.0,0,0,0.0,392.34,1,0,0.0,392.34,1,0,0.0,392.34,1,0,0.0,0
LGS2ORD0007058,C012400,2025-02-25 21:00:00,Female,38,Bronze,TV,Phuket,1491,Lazada,COD,21,2,1,0,30-40,49.7,3.0,0.0,0.0,-1,15,10261.566666666666,0.18,0.6666666666666666,0.0,0.0,0.0,0,0,0.0,30784.699999999997,3,0,0.0,30784.699999999997,3,0,0.0,30784.699999999997,3,0,0.0,0
LGS2ORD0007059,C012427,2025-02-25 21:00:00,Female,57,Bronze,Shopee,Songkhla,69,Web,Bank_Transfer,21,2,1,0,>50,2.3,1.0,0.0,0.0,-1,3,8786.71,0.28,0.0,1.0,0.0,8786.71,1,0,0.0,8786.71,1,0,0.0,8786.71,1,0,0.0,8786.71,1,0,0.0,0
LGS2ORD0007060,C011876,2025-02-25 22:00:00,Male,72,Bronze,CallCenter,Chonburi,295,Web,PromptPay,22,2,1,0,>50,9.833333333333334,2.0,0.0,0.0,-1,39,1809.5149999999999,0.23,0.0,0.5,0.0,0.0,0,0,0.0,0.0,0,0,0.0,3619.0299999999997,2,0,0.0,3619.0299999999997,2,0,0.0,0
LGS2ORD0007061,C013161,2025-02-25 22:00:00,Male,50,Bronze,Shopee,Nakhon Ratchasima,875,CallCenter,PromptPay,22,2,1,0,40-50,29.166666666666668,1.0,0.0,0.0,-1,52,692.16,0.23,1.0,1.0,0.0,0.0,0,0,0.0,0.0,0,0,0.0,692.16,1,0,0.0,692.16,1,0,0.0,0
LGS2ORD0007062,C011423,2025-02-25 22:00:00,Other,60,Bronze,Shopee,Bangkok,1469,Web,COD,22,2,1,0,>50,48.96666666666667,1.0,1.0,1.0,32,49,414.75,0.03,1.0,0.0,0.0,0.0,0,0,0.0,0.0,0,0,0.0,414.75,1,1,1.0,414.75,1,1,1.0,0
LGS2ORD0007063,C015921,2025-02-25 22:00:00,Male,47,Bronze,TV,Khon Kaen,1488,TV_Show,COD,22,2,1,0,40-50,49.6,0.0,0.0,0.0,-1,-1,0.0,0.0,0.0,0.0,0.0,0.0,0,0,0.0,0.0,0,0,0.0,0.0,0,0,0.0,0.0,0,0,0.0,1
LGS2ORD0007064,C012308,2025-02-25 22:00:00,Male,22,Bronze,TV,Songkhla,1013,Shopee,COD,22,2,1,0,20-30,33.766666666666666,2.0,1.0,0.5,27,44,5229.215,0.23,1.0,0.5,0.0,0.0,0,0,0.0,0.0,0,0,0.0,10458.43,2,1,0.5,10458.43,2,1,0.5,0
LGS2ORD0007065,C017597,2025-02-25 23:00:00,Male,39,Bronze,TV,Remote_Area,1048,TV_Show,Credit_Card,23,2,1,0,30-40,34.93333333333333,1.0,0.0,0.0,-1,1,16272.74,0.03,1.0,0.0,0.0,16272.74,1,0,0.0,16272.74,1,0,0.0,16272.74,1,0,0.0,16272.74,1,0,0.0,0
LGS2ORD0007066,C011916,2025-02-25 23:00:00,Male,55,Bronze,TV,Songkhla,816,TV_Show,COD,23,2,1,0,>50,27.2,1.0,0.0,0.0,-1,48,1141.59,0.03,1.0,0.0,0.0,0.0,0,0,0.0,0.0,0,0,0.0,1141.59,1,0,0.0,1141.59,1,0,0.0,0
LGS2ORD0007067,C013383,2025-02-25 23:00:00,Female,31,Bronze,Shopee,Phuket,800,TV_Show,COD,23,2,1,0,30-40,26.666666666666668,0.0,0.0,0.0,-1,-1,0.0,0.0,0.0,0.0,0.0,0.0,0,0,0.0,0.0,0,0,0.0,0.0,0,0,0.0,0.0,0,0,0.0,0
LGS2ORD0007068,C014106,2025-02-25 23:00:00,Male,51,Silver,Shopee,Bangkok,1005,TV_Show,COD,23,2,1,0,>50,33.5,0.0,0.0,0.0,-1,-1,0.0,0.0,0.0,0.0,0.0,0.0,0,0,0.0,0.0,0,0,0.0,0.0,0,0,0.0,0.0,0,0,0.0,0
LGS2ORD0007069,C011592,2025-02-25 23:00:00,Male,25,Bronze,Shopee,Remote_Area,192,Lazada,COD,23,2,1,0,20-30,6.4,0.0,0.0,0.0,-1,-1,0.0,0.0,0.0,0.0,0.0,0.0,0,0,0.0,0.0,0,0,0.0,0.0,0,0,0.0,0.0,0,0,0.0,0
LGS2ORD0007070,C016618,2025-02-26 00:00:00,Male,67,Bronze,TV,Khon Kaen,209,Lazada,Credit_Card,0,2,2,0,>50,6.966666666666667,1.0,0.0,0.0,-1,52,1151.85,0.23,1.0,1.0,0.0,0.0,0,0,0.0,0.0,0,0,0.0,1151.85,1,0,0.0,1151.85,1,0,0.0,0
LGS2ORD0007071,C011136,2025-02-26 00:00:00,Other,64,Silver,Shopee,Nakhon Ratchasima,1461,Shopee,COD,0,2,2,0,>50,48.7,4.0,3.0,0.75,3,15,3250.7775,0.25,1.0,0.25,0.0,0.0,0,0,0.0,6504.01,2,1,0.5,13003.11,4,3,0.75,13003.11,4,3,0.75,0
LGS2ORD0007072,C010800,2025-02-26 00:00:00,Female,46,Bronze,Web,Nakhon Ratchasima,437,Lazada,Credit_Card,0,2,2,0,40-50,14.566666666666666,0.0,0.0,0.0,-1,-1,0.0,0.0,0.0,0.0,0.0,0.0,0,0,0.0,0.0,0,0,0.0,0.0,0,0,0.0,0.0,0,0,0.0,0
LGS2ORD0007073,C010819,2025-02-26 00:00:00,Female,30,Silver,Shopee,Bangkok,1049,Shopee,Credit_Card,0,2,2,0,20-30,34.96666666666667,2.0,1.0,0.5,27,43,4057.0299999999997,0.25,0.5,0.5,0.0,0.0,0,0,0.0,0.0,0,0,0.0,8114.0599999999995,2,1,0.5,8114.0599999999995,2,1,0.5,1
LGS2ORD0007074,C013329,2025-02-26 00:00:00,Female,63,Silver,TV,Chiang Mai,295,TV_Show,Credit_Card,0,2,2,0,>50,9.833333333333334,0.0,0.0,0.0,-1,-1,0.0,0.0,0.0,0.0,0.0,0.0,0,0,0.0,0.0,0,0,0.0,0.0,0,0,0.0,0.0,0,0,0.0,0
LGS2ORD0007075,C011002,2025-02-26 01:00:00,Female,53,Gold,TV,Remote_Area,1003,Web,Credit_Card,1,2,2,0,>50,33.43333333333333,3.0,2.0,0.6666666666666666,3,14,1346.1766666666665,0.33,0.6666666666666666,1.0,0.0,0.0,0,0,0.0,2293.1800000000003,2,2,1.0,4038.5299999999997,3,2,0.6666666666666666,4038.5299999999997,3,2,0.6666666666666666,0
LGS2ORD0007076,C011947,2025-02-26 01:00:00,Female,50,Silver,Shopee,Remote_Area,580,Web,Bank_Transfer,1,2,2,0,40-50,19.333333333333332,0.0,0.0,0.0,-1,-1,0.0,0.0,0.0,0.0,0.0,0.0,0,0,0.0,0.0,0,0,0.0,0.0,0,0,0.0,0.0,0,0,0.0,0
LGS2ORD0007077,C013332,2025-02-26 01:00:00,Male,28,Silver,Shopee,Phuket,217,Lazada,Credit_Card,1,2,2,0,20-30,7.233333333333333,1.0,1.0,1.0,36,42,2569.33,0.05,1.0,0.0,0.0,0.0,0,0,0.0,0.0,0,0,0.0,2569.33,1,1,1.0,2569.33,1,1,1.0,1
LGS2ORD0007078,C010936,2025-02-26 01:00:00,Other,51,Bronze,TV,Bangkok,594,Web,COD,1,2,2,0,>50,19.8,1.0,0.0,0.0,-1,0,1881.4,0.03,0.0,0.0,0.0,1881.4,1,0,0.0,1881.4,1,0,0.0,1881.4,1,0,0.0,1881.4,1,0,0.0,1
LGS2ORD0007079,C010443,2025-02-26 01:00:00,Female,50,Silver,TV,Songkhla,1373,Lazada,COD,1,2,2,0,40-50,45.766666666666666,0.0,0.0,0.0,-1,-1,0.0,0.0,0.0,0.0,0.0,0.0,0,0,0.0,0.0,0,0,0.0,0.0,0,0,0.0,0.0,0,0,0.0,0
LGS2ORD0007080,C012449,2025-02-26 01:00:00,Female,36,Silver,Web,Songkhla,665,Web,Bank_Transfer,1,2,2,0,30-40,22.166666666666668,1.0,1.0,1.0,34,46,1685.34,0.2,0.0,0.0,0.0,0.0,0,0,0.0,0.0,0,0,0.0,1685.34,1,1,1.0,1685.34,1,1,1.0,1
LGS2ORD0007081,C014263,2025-02-26 02:00:00,Female,57,Gold,CallCenter,Bangkok,1446,TV_Show,Credit_Card,2,2,2,0,>50,48.2,1.0,0.0,0.0,-1,39,3709.12,0.28,1.0,1.0,0.0,0.0,0,0,0.0,0.0,0,0,0.0,3709.12,1,0,0.0,3709.12,1,0,0.0,0
LGS2ORD0007082,C011139,2025-02-26 02:00:00,Male,47,Bronze,TV,Songkhla,1193,CallCenter,Credit_Card,2,2,2,0,40-50,39.766666666666666,0.0,0.0,0.0,-1,-1,0.0,0.0,0.0,0.0,0.0,0.0,0,0,0.0,0.0,0,0,0.0,0.0,0,0,0.0,0.0,0,0,0.0,0
LGS2ORD0007083,C013634,2025-02-26 02:00:00,Female,50,Gold,Shopee,Nakhon Ratchasima,575,Web,PromptPay,2,2,2,0,40-50,19.166666666666668,0.0,0.0,0.0,-1,-1,0.0,0.0,0.0,0.0,0.0,0.0,0,0,0.0,0.0,0,0,0.0,0.0,0,0,0.0,0.0,0,0,0.0,1
LGS2ORD0007084,C017141,2025-02-26 02:00:00,Male,44,Gold,Lazada,Bangkok,1043,Web,COD,2,2,2,0,40-50,34.766666666666666,1.0,1.0,1.0,4,12,37728.77,0.13,0.0,0.0,0.0,0.0,0,0,0.0,37728.77,1,1,1.0,37728.77,1,1,1.0,37728.77,1,1,1.0,0
LGS2ORD0007085,C013239,2025-02-26 02:00:00,Male,29,Bronze,Shopee,Khon Kaen,545,Web,COD,2,2,2,0,20-30,18.166666666666668,2.0,1.0,0.5,-4,2,7255.9400000000005,0.23,0.5,0.5,0.0,3470.36,1,1,1.0,14511.880000000001,2,1,0.5,14511.880000000001,2,1,0.5,14511.880000000001,2,1,0.5,1
LGS2ORD0007086,C017651,2025-02-26 03:00:00,Female,53,Bronze,TV,Bangkok,1281,Shopee,PromptPay,3,2,2,0,>50,42.7,1.0,0.0,0.0,-1,35,2097.02,0.18,1.0,0.0,0.0,0.0,0,0,0.0,0.0,0,0,0.0,2097.02,1,0,0.0,2097.02,1,0,0.0,0
LGS2ORD0007087,C016067,2025-02-26 03:00:00,Male,60,Gold,Web,Remote_Area,1463,CallCenter,COD,3,2,2,0,>50,48.766666666666666,1.0,0.0,0.0,-1,53,5144.57,0.28,1.0,1.0,0.0,0.0,0,0,0.0,0.0,0,0,0.0,5144.57,1,0,0.0,5144.57,1,0,0.0,1
LGS2ORD0007088,C014462,2025-02-26 03:00:00,Female,33,Platinum,Lazada,Chonburi,858,TV_Show,COD,3,2,2,0,30-40,28.6,2.0,0.0,0.0,-1,6,3846.965,0.3,0.0,0.5,0.0,6746.29,1,0,0.0,7693.93,2,0,0.0,7693.93,2,0,0.0,7693.93,2,0,0.0,0
LGS2ORD0007089,C013822,2025-02-26 03:00:00,Male,45,Bronze,Lazada,Bangkok,560,CallCenter,Credit_Card,3,2,2,0,40-50,18.666666666666668,0.0,0.0,0.0,-1,-1,0.0,0.0,0.0,0.0,0.0,0.0,0,0,0.0,0.0,0,0,0.0,0.0,0,0,0.0,0.0,0,0,0.0,0
LGS2ORD0007090,C012513,2025-02-26 03:00:00,Female,43,Silver,Lazada,Bangkok,719,Lazada,Credit_Card,3,2,2,0,40-50,23.966666666666665,1.0,0.0,0.0,-1,37,2535.97,0.25,0.0,1.0,0.0,0.0,0,0,0.0,0.0,0,0,0.0,2535.97,1,0,0.0,2535.97,1,0,0.0,0
LGS2ORD0007091,C010839,2025-02-26 04:00:00,Female,57,Silver,Web,Phuket,150,Lazada,Credit_Card,4,2,2,0,>50,5.0,3.0,1.0,0.3333333333333333,42,20,4086.6366666666668,0.25,0.6666666666666666,0.3333333333333333,0.0,0.0,0,0,0.0,2873.88,1,0,0.0,12259.91,3,1,0.3333333333333333,12259.91,3,1,0.3333333333333333,0
LGS2ORD0007092,C014527,2025-02-26 04:00:00,Female,26,Bronze,Shopee,Chiang Mai,1008,TV_Show,Bank_Transfer,4,2,2,0,20-30,33.6,1.0,0.0,0.0,-1,11,413.15,0.08,0.0,0.0,0.0,0.0,0,0,0.0,413.15,1,0,0.0,413.15,1,0,0.0,413.15,1,0,0.0,0
LGS2ORD0007093,C014251,2025-02-26 04:00:00,Female,48,Gold,TV,Bangkok,1436,TV_Show,COD,4,2,2,0,40-50,47.86666666666667,1.0,0.0,0.0,-1,37,15204.61,0.08,1.0,0.0,0.0,0.0,0,0,0.0,0.0,0,0,0.0,15204.61,1,0,0.0,15204.61,1,0,0.0,0
LGS2ORD0007094,C014243,2025-02-26 04:00:00,Male,51,Gold,TV,Bangkok,216,Web,COD,4,2,2,0,>50,7.2,0.0,0.0,0.0,-1,-1,0.0,0.0,0.0,0.0,0.0,0.0,0,0,0.0,0.0,0,0,0.0,0.0,0,0,0.0,0.0,0,0,0.0,0
LGS2ORD0007095,C012014,2025-02-26 04:00:00,Male,35,Gold,Web,Bangkok,1142,TV_Show,Bank_Transfer,4,2,2,0,30-40,38.06666666666667,1.0,0.0,0.0,-1,34,1579.14,0.28,0.0,1.0,0.0,0.0,0,0,0.0,0.0,0,0,0.0,1579.14,1,0,0.0,1579.14,1,0,0.0,0
LGS2ORD0007096,C012066,2025-02-26 05:00:00,Male,35,Silver,Lazada,Bangkok,1300,Web,COD,5,2,2,0,30-40,43.333333333333336,0.0,0.0,0.0,-1,-1,0.0,0.0,0.0,0.0,0.0,0.0,0,0,0.0,0.0,0,0,0.0,0.0,0,0,0.0,0.0,0,0,0.0,0
LGS2ORD0007097,C010785,2025-02-26 05:00:00,Male,48,Silver,Lazada,Bangkok,484,CallCenter,COD,5,2,2,0,40-50,16.133333333333333,1.0,0.0,0.0,-1,26,9329.57,0.25,1.0,1.0,0.0,0.0,0,0,0.0,9329.57,1,0,0.0,9329.57,1,0,0.0,9329.57,1,0,0.0,1
LGS2ORD0007098,C015588,2025-02-26 05:00:00,Male,51,Bronze,TV,Songkhla,137,TV_Show,Credit_Card,5,2,2,0,>50,4.566666666666666,1.0,0.0,0.0,-1,2,754.3,0.13,1.0,0.0,0.0,754.3,1,0,0.0,754.3,1,0,0.0,754.3,1,0,0.0,754.3,1,0,0.0,0
LGS2ORD0007099,C010143,2025-02-26 05:00:00,Male,37,Silver,CallCenter,Bangkok,1406,TV_Show,COD,5,2,2,0,30-40,46.86666666666667,1.0,0.0,0.0,-1,3,6064.32,0.2,0.0,0.0,0.0,6064.32,1,0,0.0,6064.32,1,0,0.0,6064.32,1,0,0.0,6064.32,1,0,0.0,0
LGS2ORD0007100,C013426,2025-02-26 05:00:00,Female,55,Gold,Lazada,Phuket,512,Web,PromptPay,5,2,2,0,>50,17.066666666666666,0.0,0.0,0.0,-1,-1,0.0,0.0,0.0,0.0,0.0,0.0,0,0,0.0,0.0,0,0,0.0,0.0,0,0,0.0,0.0,0,0,0.0,0
LGS2ORD0007101,C012049,2025-02-26 05:00:00,Male,44,Silver,TV,Remote_Area,1362,TV_Show,COD,5,2,2,0,40-50,45.4,2.0,2.0,1.0,0,14,4151.055,0.2,1.0,0.0,0.0,0.0,0,0,0.0,8302.11,2,2,1.0,8302.11,2,2,1.0,8302.11,2,2,1.0,0
LGS2ORD0007102,C013838,2025-02-26 06:00:00,Male,60,Bronze,CallCenter,Remote_Area,152,TV_Show,Credit_Card,6,2,2,0,>50,5.066666666666666,2.0,1.0,0.5,12,29,1838.64,0.28,0.5,0.5,0.0,0.0,0,0,0.0,2536.51,1,1,1.0,3677.28,2,1,0.5,3677.28,2,1,0.5,0
LGS2ORD0007103,C013599,2025-02-26 06:00:00,Female,44,Bronze,TV,Bangkok,1014,CallCenter,COD,6,2,2,0,40-50,33.8,0.0,0.0,0.0,-1,-1,0.0,0.0,0.0,0.0,0.0,0.0,0,0,0.0,0.0,0,0,0.0,0.0,0,0,0.0,0.0,0,0,0.0,0
LGS2ORD0007104,C012245,2025-02-26 06:00:00,Female,22,Bronze,Web,Bangkok,1308,Lazada,COD,6,2,2,0,20-30,43.6,1.0,0.0,0.0,-1,44,5395.51,0.28,0.0,1.0,0.0,0.0,0,0,0.0,0.0,0,0,0.0,5395.51,1,0,0.0,5395.51,1,0,0.0,0
LGS2ORD0007105,C017911,2025-02-26 06:00:00,Male,50,Bronze,Web,Chonburi,1260,Web,Credit_Card,6,2,2,0,40-50,42.0,1.0,0.0,0.0,-1,46,3323.18,0.13,1.0,0.0,0.0,0.0,0,0,0.0,0.0,0,0,0.0,3323.18,1,0,0.0,3323.18,1,0,0.0,0
LGS2ORD0007106,C015793,2025-02-26 06:00:00,Male,51,Gold,TV,Chiang Mai,946,Lazada,Credit_Card,6,2,2,0,>50,31.533333333333335,0.0,0.0,0.0,-1,-1,0.0,0.0,0.0,0.0,0.0,0.0,0,0,0.0,0.0,0,0,0.0,0.0,0,0,0.0,0.0,0,0,0.0,0
LGS2ORD0007107,C015963,2025-02-26 07:00:00,Male,39,Gold,Web,Chiang Mai,403,Lazada,COD,7,2,2,0,30-40,13.433333333333334,0.0,0.0,0.0,-1,-1,0.0,0.0,0.0,0.0,0.0,0.0,0,0,0.0,0.0,0,0,0.0,0.0,0,0,0.0,0.0,0,0,0.0,0
LGS2ORD0007108,C016219,2025-02-26 07:00:00,Female,29,Silver,Web,Chonburi,290,TV_Show,Bank_Transfer,7,2,2,0,20-30,9.666666666666666,1.0,0.0,0.0,-1,20,1067.42,0.25,0.0,1.0,0.0,0.0,0,0,0.0,1067.42,1,0,0.0,1067.42,1,0,0.0,1067.42,1,0,0.0,0
LGS2ORD0007109,C013651,2025-02-26 07:00:00,Female,29,Gold,Web,Bangkok,974,Lazada,COD,7,2,2,0,20-30,32.46666666666667,0.0,0.0,0.0,-1,-1,0.0,0.0,0.0,0.0,0.0,0.0,0,0,0.0,0.0,0,0,0.0,0.0,0,0,0.0,0.0,0,0,0.0,1
LGS2ORD0007110,C015598,2025-02-26 07:00:00,Male,34,Bronze,Shopee,Bangkok,866,TV_Show,COD,7,2,2,0,30-40,28.866666666666667,2.0,0.0,0.0,-1,7,7638.205,0.18,0.5,0.0,0.0,0.0,0,0,0.0,14283.76,1,0,0.0,15276.41,2,0,0.0,15276.41,2,0,0.0,1
LGS2ORD0007111,C013446,2025-02-26 07:00:00,Male,41,Gold,TV,Chiang Mai,76,CallCenter,PromptPay,7,2,2,0,40-50,2.533333333333333,1.0,0.0,0.0,-1,45,2770.11,0.2299999999999999,0.0,1.0,0.0,0.0,0,0,0.0,0.0,0,0,0.0,2770.11,1,0,0.0,2770.11,1,0,0.0,0
LGS2ORD0007112,C016948,2025-02-26 08:00:00,Male,37,Bronze,Lazada,Bangkok,742,CallCenter,Credit_Card,8,2,2,0,30-40,24.733333333333334,1.0,0.0,0.0,-1,50,5040.83,0.03,0.0,0.0,0.0,0.0,0,0,0.0,0.0,0,0,0.0,5040.83,1,0,0.0,5040.83,1,0,0.0,0
LGS2ORD0007113,C010688,2025-02-26 08:00:00,Male,58,Gold,CallCenter,Bangkok,132,TV_Show,Credit_Card,8,2,2,0,>50,4.4,0.0,0.0,0.0,-1,-1,0.0,0.0,0.0,0.0,0.0,0.0,0,0,0.0,0.0,0,0,0.0,0.0,0,0,0.0,0.0,0,0,0.0,0
LGS2ORD0007114,C016450,2025-02-26 08:00:00,Female,39,Gold,Shopee,Chiang Mai,1222,Web,Credit_Card,8,2,2,0,30-40,40.733333333333334,2.0,1.0,0.5,-7,2,17042.699999999997,0.2299999999999999,0.5,1.0,0.0,8706.89,1,1,1.0,8706.89,1,1,1.0,34085.399999999994,2,1,0.5,34085.399999999994,2,1,0.5,0
LGS2ORD0007115,C016009,2025-02-26 08:00:00,Male,45,Bronze,TV,Chiang Mai,1451,TV_Show,COD,8,2,2,0,40-50,48.36666666666667,0.0,0.0,0.0,-1,-1,0.0,0.0,0.0,0.0,0.0,0.0,0,0,0.0,0.0,0,0,0.0,0.0,0,0,0.0,0.0,0,0,0.0,0
LGS2ORD0007116,C011308,2025-02-26 08:00:00,Female,34,Bronze,Web,Bangkok,1077,CallCenter,COD,8,2,2,0,30-40,35.9,0.0,0.0,0.0,-1,-1,0.0,0.0,0.0,0.0,0.0,0.0,0,0,0.0,0.0,0,0,0.0,0.0,0,0,0.0,0.0,0,0,0.0,0
LGS2ORD0007117,C016915,2025-02-26 08:00:00,Female,57,Bronze,TV,Chonburi,223,Web,COD,8,2,2,0,>50,7.433333333333334,3.0,0.0,0.0,-1,4,2121.633333333333,0.28,0.3333333333333333,0.3333333333333333,0.0,3005.61,2,0,0.0,3005.61,2,0,0.0,6364.9,3,0,0.0,6364.9,3,0,0.0,0
LGS2ORD0007118,C011061,2025-02-26 09:00:00,Female,39,Bronze,CallCenter,Bangkok,434,Lazada,PromptPay,9,2,2,0,30-40,14.466666666666667,0.0,0.0,0.0,-1,-1,0.0,0.0,0.0,0.0,0.0,0.0,0,0,0.0,0.0,0,0,0.0,0.0,0,0,0.0,0.0,0,0,0.0,0
LGS2ORD0007119,C014992,2025-02-26 09:00:00,Other,48,Platinum,Web,Chiang Mai,839,CallCenter,COD,9,2,2,0,40-50,27.966666666666665,0.0,0.0,0.0,-1,-1,0.0,0.0,0.0,0.0,0.0,0.0,0,0,0.0,0.0,0,0,0.0,0.0,0,0,0.0,0.0,0,0,0.0,0
LGS2ORD0007120,C011927,2025-02-26 09:00:00,Female,31,Bronze,CallCenter,Remote_Area,496,CallCenter,PromptPay,9,2,2,0,30-40,16.533333333333335,2.0,1.0,0.5,4,16,5719.175,0.18,1.0,0.0,0.0,0.0,0,0,0.0,874.51,1,1,1.0,11438.35,2,1,0.5,11438.35,2,1,0.5,0
LGS2ORD0007121,C012908,2025-02-26 09:00:00,Male,47,Bronze,TV,Remote_Area,885,TV_Show,COD,9,2,2,0,40-50,29.5,1.0,1.0,1.0,43,48,508.33,0.18,0.0,0.0,0.0,0.0,0,0,0.0,0.0,0,0,0.0,508.33,1,1,1.0,508.33,1,1,1.0,1
LGS2ORD0007122,C013843,2025-02-26 09:00:00,Male,27,Bronze,TV,Remote_Area,561,CallCenter,COD,9,2,2,0,20-30,18.7,1.0,1.0,1.0,29,41,1616.78,0.13,1.0,0.0,0.0,0.0,0,0,0.0,0.0,0,0,0.0,1616.78,1,1,1.0,1616.78,1,1,1.0,0
LGS2ORD0007123,C015899,2025-02-26 10:00:00,Female,62,Bronze,Lazada,Nakhon Ratchasima,929,Lazada,PromptPay,10,2,2,0,>50,30.966666666666665,1.0,0.0,0.0,-1,36,1618.53,0.18,0.0,0.0,0.0,0.0,0,0,0.0,0.0,0,0,0.0,1618.53,1,0,0.0,1618.53,1,0,0.0,0
LGS2ORD0007124,C014957,2025-02-26 10:00:00,Female,37,Bronze,CallCenter,Bangkok,647,Web,Credit_Card,10,2,2,0,30-40,21.566666666666666,1.0,0.0,0.0,-1,16,11302.16,0.03,0.0,0.0,0.0,0.0,0,0,0.0,11302.16,1,0,0.0,11302.16,1,0,0.0,11302.16,1,0,0.0,0
LGS2ORD0007125,C016251,2025-02-26 10:00:00,Other,54,Bronze,TV,Remote_Area,1093,Lazada,COD,10,2,2,0,>50,36.43333333333333,0.0,0.0,0.0,-1,-1,0.0,0.0,0.0,0.0,0.0,0.0,0,0,0.0,0.0,0,0,0.0,0.0,0,0,0.0,0.0,0,0,0.0,0
LGS2ORD0007126,C016402,2025-02-26 10:00:00,Male,44,Silver,Shopee,Nakhon Ratchasima,1151,Shopee,COD,10,2,2,0,40-50,38.36666666666667,0.0,0.0,0.0,-1,-1,0.0,0.0,0.0,0.0,0.0,0.0,0,0,0.0,0.0,0,0,0.0,0.0,0,0,0.0,0.0,0,0,0.0,0
LGS2ORD0007127,C016822,2025-02-26 10:00:00,Female,31,Bronze,Web,Remote_Area,176,Shopee,COD,10,2,2,0,30-40,5.866666666666666,5.0,3.0,0.6,-9,5,3273.226,0.28,0.4,0.4,0.0,4289.61,1,1,1.0,8820.4,2,1,0.5,16366.130000000001,5,3,0.6,16366.130000000001,5,3,0.6,0
LGS2ORD0007128,C012849,2025-02-26 11:00:00,Male,54,Platinum,Lazada,Chiang Mai,682,Shopee,COD,11,2,2,0,>50,22.733333333333334,0.0,0.0,0.0,-1,-1,0.0,0.0,0.0,0.0,0.0,0.0,0,0,0.0,0.0,0,0,0.0,0.0,0,0,0.0,0.0,0,0,0.0,0
LGS2ORD0007129,C016342,2025-02-26 11:00:00,Female,27,Gold,TV,Chiang Mai,987,Web,COD,11,2,2,0,20-30,32.9,2.0,0.0,0.0,-1,10,5446.53,0.13,0.5,0.0,0.0,0.0,0,0,0.0,10893.06,2,0,0.0,10893.06,2,0,0.0,10893.06,2,0,0.0,1
LGS2ORD0007130,C010747,2025-02-26 11:00:00,Female,49,Silver,TV,Bangkok,856,TV_Show,PromptPay,11,2,2,0,40-50,28.533333333333335,0.0,0.0,0.0,-1,-1,0.0,0.0,0.0,0.0,0.0,0.0,0,0,0.0,0.0,0,0,0.0,0.0,0,0,0.0,0.0,0,0,0.0,0
LGS2ORD0007131,C014915,2025-02-26 11:00:00,Female,33,Gold,Shopee,Nakhon Ratchasima,954,Shopee,PromptPay,11,2,2,0,30-40,31.8,0.0,0.0,0.0,-1,-1,0.0,0.0,0.0,0.0,0.0,0.0,0,0,0.0,0.0,0,0,0.0,0.0,0,0,0.0,0.0,0,0,0.0,0
LGS2ORD0007132,C017084,2025-02-26 11:00:00,Female,49,Bronze,Web,Songkhla,72,CallCenter,PromptPay,11,2,2,0,40-50,2.4,0.0,0.0,0.0,-1,-1,0.0,0.0,0.0,0.0,0.0,0.0,0,0,0.0,0.0,0,0,0.0,0.0,0,0,0.0,0.0,0,0,0.0,0
LGS2ORD0007133,C017444,2025-02-26 12:00:00,Male,54,Bronze,TV,Chiang Mai,478,TV_Show,COD,12,2,2,0,>50,15.933333333333334,2.0,1.0,0.5,42,5,8692.93,0.28,0.5,0.5,0.0,16489.64,1,0,0.0,16489.64,1,0,0.0,17385.86,2,1,0.5,17385.86,2,1,0.5,0
LGS2ORD0007134,C013959,2025-02-26 12:00:00,Female,60,Silver,Shopee,Khon Kaen,724,Shopee,COD,12,2,2,0,>50,24.133333333333333,0.0,0.0,0.0,-1,-1,0.0,0.0,0.0,0.0,0.0,0.0,0,0,0.0,0.0,0,0,0.0,0.0,0,0,0.0,0.0,0,0,0.0,1
LGS2ORD0007135,C011459,2025-02-26 12:00:00,Male,33,Platinum,CallCenter,Chiang Mai,239,TV_Show,PromptPay,12,2,2,0,30-40,7.966666666666667,1.0,0.0,0.0,-1,27,2530.25,0.25,0.0,1.0,0.0,0.0,0,0,0.0,2530.25,1,0,0.0,2530.25,1,0,0.0,2530.25,1,0,0.0,0
LGS2ORD0007136,C017627,2025-02-26 12:00:00,Male,45,Bronze,Shopee,Bangkok,70,Shopee,COD,12,2,2,0,40-50,2.3333333333333335,1.0,1.0,1.0,29,42,12865.52,0.08,0.0,0.0,0.0,0.0,0,0,0.0,0.0,0,0,0.0,12865.52,1,1,1.0,12865.52,1,1,1.0,0
LGS2ORD0007137,C017947,2025-02-26 12:00:00,Other,28,Bronze,CallCenter,Phuket,636,TV_Show,PromptPay,12,2,2,0,20-30,21.2,2.0,1.0,0.5,-8,8,9118.665,0.13,0.5,0.0,0.0,0.0,0,0,0.0,18237.33,2,1,0.5,18237.33,2,1,0.5,18237.33,2,1,0.5,0
LGS2ORD0007138,C011333,2025-02-26 12:00:00,Female,39,Silver,Lazada,Songkhla,155,Shopee,Credit_Card,12,2,2,0,30-40,5.166666666666667,0.0,0.0,0.0,-1,-1,0.0,0.0,0.0,0.0,0.0,0.0,0,0,0.0,0.0,0,0,0.0,0.0,0,0,0.0,0.0,0,0,0.0,1
LGS2ORD0007139,C014681,2025-02-26 13:00:00,Male,28,Bronze,Web,Chiang Mai,524,TV_Show,COD,13,2,2,0,20-30,17.466666666666665,2.0,0.0,0.0,-1,40,2648.1850000000004,0.08,0.0,0.0,0.0,0.0,0,0,0.0,0.0,0,0,0.0,5296.370000000001,2,0,0.0,5296.370000000001,2,0,0.0,1
LGS2ORD0007140,C012120,2025-02-26 13:00:00,Female,38,Silver,Shopee,Bangkok,1124,Shopee,Credit_Card,13,2,2,0,30-40,37.46666666666667,2.0,1.0,0.5,20,30,8713.015,0.3,0.5,0.5,0.0,0.0,0,0,0.0,0.0,0,0,0.0,17426.03,2,1,0.5,17426.03,2,1,0.5,0
LGS2ORD0007141,C017336,2025-02-26 13:00:00,Male,59,Bronze,TV,Bangkok,731,Lazada,COD,13,2,2,0,>50,24.366666666666667,2.0,2.0,1.0,29,43,5166.295,0.28,1.0,0.5,0.0,0.0,0,0,0.0,0.0,0,0,0.0,10332.59,2,2,1.0,10332.59,2,2,1.0,0
LGS2ORD0007142,C012239,2025-02-26 13:00:00,Male,47,Silver,Shopee,Remote_Area,1517,Shopee,COD,13,2,2,0,40-50,50.56666666666667,2.0,0.0,0.0,-1,19,2342.435,0.3,0.0,1.0,0.0,0.0,0,0,0.0,984.52,1,0,0.0,4684.87,2,0,0.0,4684.87,2,0,0.0,1
LGS2ORD0007143,C014336,2025-02-26 13:00:00,Male,56,Gold,Web,Chonburi,545,CallCenter,COD,13,2,2,0,>50,18.166666666666668,1.0,1.0,1.0,-5,3,8775.86,0.13,1.0,0.0,0.0,8775.86,1,1,1.0,8775.86,1,1,1.0,8775.86,1,1,1.0,8775.86,1,1,1.0,0
LGS2ORD0007144,C014594,2025-02-26 14:00:00,Female,41,Silver,CallCenter,Nakhon Ratchasima,1277,Web,COD,14,2,2,0,40-50,42.56666666666667,1.0,0.0,0.0,-1,15,8033.45,0.2,0.0,0.0,0.0,0.0,0,0,0.0,8033.45,1,0,0.0,8033.45,1,0,0.0,8033.45,1,0,0.0,0
LGS2ORD0007145,C016205,2025-02-26 14:00:00,Other,55,Bronze,Shopee,Bangkok,1219,TV_Show,PromptPay,14,2,2,0,>50,40.63333333333333,0.0,0.0,0.0,-1,-1,0.0,0.0,0.0,0.0,0.0,0.0,0,0,0.0,0.0,0,0,0.0,0.0,0,0,0.0,0.0,0,0,0.0,0
LGS2ORD0007146,C017058,2025-02-26 14:00:00,Female,45,Bronze,CallCenter,Chiang Mai,1052,Shopee,Credit_Card,14,2,2,0,40-50,35.06666666666667,0.0,0.0,0.0,-1,-1,0.0,0.0,0.0,0.0,0.0,0.0,0,0,0.0,0.0,0,0,0.0,0.0,0,0,0.0,0.0,0,0,0.0,0
LGS2ORD0007147,C016446,2025-02-26 14:00:00,Female,28,Gold,TV,Bangkok,157,CallCenter,COD,14,2,2,0,20-30,5.233333333333333,2.0,0.0,0.0,-1,7,10906.44,0.2299999999999999,0.0,1.0,0.0,0.0,0,0,0.0,21812.88,2,0,0.0,21812.88,2,0,0.0,21812.88,2,0,0.0,0
LGS2ORD0007148,C012609,2025-02-26 14:00:00,Female,65,Gold,Shopee,Bangkok,608,Shopee,Bank_Transfer,14,2,2,0,>50,20.266666666666666,2.0,0.0,0.0,-1,9,5328.755,0.13,0.0,0.0,0.0,0.0,0,0,0.0,10657.51,2,0,0.0,10657.51,2,0,0.0,10657.51,2,0,0.0,0
LGS2ORD0007149,C010782,2025-02-26 15:00:00,Female,46,Gold,Shopee,Remote_Area,490,TV_Show,Credit_Card,15,2,2,0,40-50,16.333333333333332,1.0,0.0,0.0,-1,31,779.29,0.18,0.0,0.0,0.0,0.0,0,0,0.0,0.0,0,0,0.0,779.29,1,0,0.0,779.29,1,0,0.0,0
LGS2ORD0007150,C012529,2025-02-26 15:00:00,Female,51,Silver,TV,Remote_Area,1453,TV_Show,COD,15,2,2,0,>50,48.43333333333333,1.0,1.0,1.0,22,34,3416.63,0.25,1.0,1.0,0.0,0.0,0,0,0.0,0.0,0,0,0.0,3416.63,1,1,1.0,3416.63,1,1,1.0,0
LGS2ORD0007151,C014199,2025-02-26 15:00:00,Other,58,Silver,TV,Khon Kaen,144,Web,Bank_Transfer,15,2,2,0,>50,4.8,0.0,0.0,0.0,-1,-1,0.0,0.0,0.0,0.0,0.0,0.0,0,0,0.0,0.0,0,0,0.0,0.0,0,0,0.0,0.0,0,0,0.0,0
LGS2ORD0007152,C011080,2025-02-26 15:00:00,Female,51,Gold,Web,Bangkok,428,TV_Show,COD,15,2,2,0,>50,14.266666666666667,0.0,0.0,0.0,-1,-1,0.0,0.0,0.0,0.0,0.0,0.0,0,0,0.0,0.0,0,0,0.0,0.0,0,0,0.0,0.0,0,0,0.0,0
LGS2ORD0007153,C013626,2025-02-26 15:00:00,Male,52,Silver,Shopee,Chiang Mai,1334,CallCenter,COD,15,2,2,0,>50,44.46666666666667,0.0,0.0,0.0,-1,-1,0.0,0.0,0.0,0.0,0.0,0.0,0,0,0.0,0.0,0,0,0.0,0.0,0,0,0.0,0.0,0,0,0.0,0
LGS2ORD0007154,C017520,2025-02-26 16:00:00,Male,48,Bronze,Web,Chiang Mai,957,Shopee,Credit_Card,16,2,2,0,40-50,31.9,1.0,1.0,1.0,51,55,4629.71,0.03,1.0,0.0,0.0,0.0,0,0,0.0,0.0,0,0,0.0,4629.71,1,1,1.0,4629.71,1,1,1.0,0
LGS2ORD0007155,C012931,2025-02-26 16:00:00,Female,38,Bronze,Lazada,Bangkok,533,Lazada,PromptPay,16,2,2,0,30-40,17.766666666666666,1.0,0.0,0.0,-1,22,2728.19,0.23,0.0,1.0,0.0,0.0,0,0,0.0,2728.19,1,0,0.0,2728.19,1,0,0.0,2728.19,1,0,0.0,1
LGS2ORD0007156,C013541,2025-02-26 16:00:00,Female,35,Gold,TV,Khon Kaen,427,TV_Show,PromptPay,16,2,2,0,30-40,14.233333333333333,1.0,0.0,0.0,-1,24,2838.06,0.08,0.0,0.0,0.0,0.0,0,0,0.0,2838.06,1,0,0.0,2838.06,1,0,0.0,2838.06,1,0,0.0,0
LGS2ORD0007157,C015400,2025-02-26 16:00:00,Female,71,Bronze,Shopee,Songkhla,792,Shopee,Credit_Card,16,2,2,0,>50,26.4,3.0,2.0,0.6666666666666666,-5,2,3044.5733333333333,0.28,0.0,0.3333333333333333,0.0,6632.37,1,1,1.0,7200.93,2,2,1.0,9133.72,3,2,0.6666666666666666,9133.72,3,2,0.6666666666666666,1
LGS2ORD0007158,C017659,2025-02-26 16:00:00,Male,45,Gold,TV,Bangkok,309,Lazada,PromptPay,16,2,2,0,40-50,10.3,1.0,1.0,1.0,-2,9,3270.65,0.28,1.0,1.0,0.0,0.0,0,0,0.0,3270.65,1,1,1.0,3270.65,1,1,1.0,3270.65,1,1,1.0,0
LGS2ORD0007159,C016070,2025-02-26 16:00:00,Male,43,Bronze,Shopee,Bangkok,1300,CallCenter,COD,16,2,2,0,40-50,43.333333333333336,3.0,0.0,0.0,-1,8,10076.46,0.23,0.3333333333333333,0.3333333333333333,0.0,0.0,0,0,0.0,241.19,1,0,0.0,30229.379999999997,3,0,0.0,30229.379999999997,3,0,0.0,0
LGS2ORD0007160,C013381,2025-02-26 17:00:00,Female,39,Gold,Lazada,Chiang Mai,92,Lazada,COD,17,2,2,0,30-40,3.066666666666667,1.0,1.0,1.0,34,39,7744.15,0.2299999999999999,1.0,1.0,0.0,0.0,0,0,0.0,0.0,0,0,0.0,7744.15,1,1,1.0,7744.15,1,1,1.0,0
LGS2ORD0007161,C014191,2025-02-26 17:00:00,Male,29,Bronze,TV,Nakhon Ratchasima,1200,Shopee,COD,17,2,2,0,20-30,40.0,0.0,0.0,0.0,-1,-1,0.0,0.0,0.0,0.0,0.0,0.0,0,0,0.0,0.0,0,0,0.0,0.0,0,0,0.0,0.0,0,0,0.0,0
LGS2ORD0007162,C010381,2025-02-26 17:00:00,Female,28,Silver,CallCenter,Chonburi,723,Shopee,COD,17,2,2,0,20-30,24.1,2.0,0.0,0.0,-1,49,1400.635,0.3,0.0,1.0,0.0,0.0,0,0,0.0,0.0,0,0,0.0,2801.27,2,0,0.0,2801.27,2,0,0.0,0
LGS2ORD0007163,C016028,2025-02-26 17:00:00,Female,39,Silver,TV,Nakhon Ratchasima,736,TV_Show,PromptPay,17,2,2,0,30-40,24.533333333333335,1.0,0.0,0.0,-1,36,8997.62,0.05,1.0,0.0,0.0,0.0,0,0,0.0,0.0,0,0,0.0,8997.62,1,0,0.0,8997.62,1,0,0.0,0
LGS2ORD0007164,C012179,2025-02-26 17:00:00,Male,36,Silver,Shopee,Bangkok,120,TV_Show,Credit_Card,17,2,2,0,30-40,4.0,1.0,0.0,0.0,-1,35,9722.81,0.05,1.0,0.0,0.0,0.0,0,0,0.0,0.0,0,0,0.0,9722.81,1,0,0.0,9722.81,1,0,0.0,0
LGS2ORD0007165,C013766,2025-02-26 18:00:00,Male,37,Bronze,TV,Remote_Area,923,TV_Show,Credit_Card,18,2,2,0,30-40,30.766666666666666,2.0,0.0,0.0,-1,5,10974.135,0.28,0.0,0.5,0.0,17837.66,1,0,0.0,21948.27,2,0,0.0,21948.27,2,0,0.0,21948.27,2,0,0.0,0
LGS2ORD0007166,C012052,2025-02-26 18:00:00,Male,51,Gold,TV,Bangkok,854,Lazada,COD,18,2,2,0,>50,28.466666666666665,0.0,0.0,0.0,-1,-1,0.0,0.0,0.0,0.0,0.0,0.0,0,0,0.0,0.0,0,0,0.0,0.0,0,0,0.0,0.0,0,0,0.0,0
LGS2ORD0007167,C013620,2025-02-26 18:00:00,Female,47,Bronze,Shopee,Remote_Area,347,TV_Show,COD,18,2,2,0,40-50,11.566666666666666,2.0,1.0,0.5,-2,10,975.735,0.23,0.5,1.0,0.0,0.0,0,0,0.0,1286.42,1,1,1.0,1951.47,2,1,0.5,1951.47,2,1,0.5,0
LGS2ORD0007168,C016090,2025-02-26 18:00:00,Female,48,Silver,Shopee,Chonburi,384,Web,Credit_Card,18,2,2,0,40-50,12.8,0.0,0.0,0.0,-1,-1,0.0,0.0,0.0,0.0,0.0,0.0,0,0,0.0,0.0,0,0,0.0,0.0,0,0,0.0,0.0,0,0,0.0,0
LGS2ORD0007169,C014303,2025-02-26 18:00:00,Male,41,Bronze,Web,Chonburi,675,Web,COD,18,2,2,0,40-50,22.5,0.0,0.0,0.0,-1,-1,0.0,0.0,0.0,0.0,0.0,0.0,0,0,0.0,0.0,0,0,0.0,0.0,0,0,0.0,0.0,0,0,0.0,1
LGS2ORD0007170,C017059,2025-02-26 19:00:00,Male,47,Bronze,CallCenter,Nakhon Ratchasima,1016,Lazada,COD,19,2,2,0,40-50,33.86666666666667,1.0,0.0,0.0,-1,18,3306.19,0.23,0.0,1.0,0.0,0.0,0,0,0.0,3306.19,1,0,0.0,3306.19,1,0,0.0,3306.19,1,0,0.0,0
LGS2ORD0007171,C010596,2025-02-26 19:00:00,Female,42,Bronze,Shopee,Bangkok,1129,Shopee,COD,19,2,2,0,40-50,37.63333333333333,0.0,0.0,0.0,-1,-1,0.0,0.0,0.0,0.0,0.0,0.0,0,0,0.0,0.0,0,0,0.0,0.0,0,0,0.0,0.0,0,0,0.0,1
LGS2ORD0007172,C012568,2025-02-26 19:00:00,Female,54,Bronze,Shopee,Khon Kaen,925,TV_Show,COD,19,2,2,0,>50,30.833333333333332,2.0,1.0,0.5,11,19,2660.21,0.23,0.5,0.5,0.0,0.0,0,0,0.0,1840.27,1,1,1.0,5320.42,2,1,0.5,5320.42,2,1,0.5,1
LGS2ORD0007173,C015921,2025-02-26 19:00:00,Male,47,Bronze,TV,Khon Kaen,1489,Web,COD,19,2,2,0,40-50,49.63333333333333,1.0,1.0,1.0,-15,0,4172.23,0.18,1.0,0.0,0.0,4172.23,1,1,1.0,4172.23,1,1,1.0,4172.23,1,1,1.0,4172.23,1,1,1.0,0
LGS2ORD0007174,C012487,2025-02-26 19:00:00,Female,41,Silver,Web,Chonburi,274,TV_Show,Credit_Card,19,2,2,0,40-50,9.133333333333333,1.0,0.0,0.0,-1,51,868.84,0.15,1.0,0.0,0.0,0.0,0,0,0.0,0.0,0,0,0.0,868.84,1,0,0.0,868.84,1,0,0.0,0
LGS2ORD0007175,C014653,2025-02-26 20:00:00,Female,43,Bronze,TV,Remote_Area,1077,Shopee,COD,20,2,2,0,40-50,35.9,0.0,0.0,0.0,-1,-1,0.0,0.0,0.0,0.0,0.0,0.0,0,0,0.0,0.0,0,0,0.0,0.0,0,0,0.0,0.0,0,0,0.0,1
LGS2ORD0007176,C010752,2025-02-26 20:00:00,Female,41,Silver,TV,Bangkok,979,Web,COD,20,2,2,0,40-50,32.63333333333333,1.0,0.0,0.0,-1,55,9872.76,0.1,0.0,0.0,0.0,0.0,0,0,0.0,0.0,0,0,0.0,9872.76,1,0,0.0,9872.76,1,0,0.0,0
LGS2ORD0007177,C011949,2025-02-26 20:00:00,Female,33,Gold,Web,Khon Kaen,113,Lazada,COD,20,2,2,0,30-40,3.7666666666666666,3.0,0.0,0.0,-1,1,9851.76,0.28,0.6666666666666666,0.3333333333333333,0.0,4229.08,1,0,0.0,4229.08,1,0,0.0,29555.28,3,0,0.0,29555.28,3,0,0.0,0
LGS2ORD0007178,C017444,2025-02-26 20:00:00,Male,54,Bronze,TV,Chiang Mai,478,CallCenter,COD,20,2,2,0,>50,15.933333333333334,3.0,1.0,0.3333333333333333,43,0,6618.27,0.28,0.6666666666666666,0.3333333333333333,0.0,18958.59,2,0,0.0,18958.59,2,0,0.0,19854.81,3,1,0.3333333333333333,19854.81,3,1,0.3333333333333333,1
LGS2ORD0007179,C011500,2025-02-26 20:00:00,Female,28,Gold,Web,Nakhon Ratchasima,1169,Web,Bank_Transfer,20,2,2,0,20-30,38.96666666666667,1.0,0.0,0.0,-1,7,2727.16,0.18,0.0,0.0,0.0,0.0,0,0,0.0,2727.16,1,0,0.0,2727.16,1,0,0.0,2727.16,1,0,0.0,0
LGS2ORD0007180,C017337,2025-02-26 20:00:00,Female,39,Platinum,Shopee,Nakhon Ratchasima,547,TV_Show,Bank_Transfer,20,2,2,0,30-40,18.233333333333334,1.0,0.0,0.0,-1,9,553.66,0.25,0.0,1.0,0.0,0.0,0,0,0.0,553.66,1,0,0.0,553.66,1,0,0.0,553.66,1,0,0.0,0
LGS2ORD0007181,C010298,2025-02-26 21:00:00,Male,61,Platinum,Web,Bangkok,1218,CallCenter,COD,21,2,2,0,>50,40.6,1.0,0.0,0.0,-1,33,3536.08,0.25,0.0,1.0,0.0,0.0,0,0,0.0,0.0,0,0,0.0,3536.08,1,0,0.0,3536.08,1,0,0.0,0
LGS2ORD0007182,C017347,2025-02-26 21:00:00,Female,38,Gold,Web,Chiang Mai,98,Lazada,Bank_Transfer,21,2,2,0,30-40,3.2666666666666666,1.0,0.0,0.0,-1,36,1420.46,0.13,0.0,0.0,0.0,0.0,0,0,0.0,0.0,0,0,0.0,1420.46,1,0,0.0,1420.46,1,0,0.0,0
LGS2ORD0007183,C015768,2025-02-26 21:00:00,Female,18,Bronze,CallCenter,Nakhon Ratchasima,1400,Web,PromptPay,21,2,2,0,<20,46.666666666666664,3.0,2.0,0.6666666666666666,0,7,4937.193333333334,0.23,1.0,0.3333333333333333,0.0,0.0,0,0,0.0,13882.07,2,2,1.0,14811.580000000002,3,2,0.6666666666666666,14811.580000000002,3,2,0.6666666666666666,1
LGS2ORD0007184,C013846,2025-02-26 21:00:00,Male,52,Gold,TV,Nakhon Ratchasima,1333,Lazada,COD,21,2,2,0,>50,44.43333333333333,1.0,1.0,1.0,13,26,893.51,0.33,1.0,1.0,0.0,0.0,0,0,0.0,893.51,1,1,1.0,893.51,1,1,1.0,893.51,1,1,1.0,0
LGS2ORD0007185,C015896,2025-02-26 21:00:00,Male,26,Bronze,CallCenter,Chonburi,112,Shopee,Bank_Transfer,21,2,2,0,20-30,3.7333333333333334,0.0,0.0,0.0,-1,-1,0.0,0.0,0.0,0.0,0.0,0.0,0,0,0.0,0.0,0,0,0.0,0.0,0,0,0.0,0.0,0,0,0.0,0
LGS2ORD0007186,C010756,2025-02-26 22:00:00,Male,54,Bronze,TV,Phuket,1483,CallCenter,Bank_Transfer,22,2,2,0,>50,49.43333333333333,3.0,0.0,0.0,-1,6,7847.233333333334,0.28,0.6666666666666666,0.6666666666666666,0.0,1534.1,1,0,0.0,2994.0,2,0,0.0,23541.7,3,0,0.0,23541.7,3,0,0.0,0
LGS2ORD0007187,C012590,2025-02-26 22:00:00,Female,59,Platinum,Shopee,Chiang Mai,538,Lazada,COD,22,2,2,0,>50,17.933333333333334,1.0,0.0,0.0,-1,46,6148.83,0.15,0.0,0.0,0.0,0.0,0,0,0.0,0.0,0,0,0.0,6148.83,1,0,0.0,6148.83,1,0,0.0,0
LGS2ORD0007188,C015708,2025-02-26 22:00:00,Male,46,Bronze,Shopee,Remote_Area,904,CallCenter,COD,22,2,2,0,40-50,30.133333333333333,0.0,0.0,0.0,-1,-1,0.0,0.0,0.0,0.0,0.0,0.0,0,0,0.0,0.0,0,0,0.0,0.0,0,0,0.0,0.0,0,0,0.0,1
LGS2ORD0007189,C017469,2025-02-26 22:00:00,Female,31,Silver,Shopee,Phuket,470,TV_Show,Credit_Card,22,2,2,0,30-40,15.666666666666666,1.0,0.0,0.0,-1,34,22276.37,0.05,1.0,0.0,0.0,0.0,0,0,0.0,0.0,0,0,0.0,22276.37,1,0,0.0,22276.37,1,0,0.0,0
LGS2ORD0007190,C011503,2025-02-26 22:00:00,Female,72,Bronze,Shopee,Khon Kaen,1387,Shopee,Credit_Card,22,2,2,0,>50,46.233333333333334,2.0,0.0,0.0,-1,17,873.9549999999999,0.23,0.0,0.5,0.0,0.0,0,0,0.0,1747.9099999999999,2,0,0.0,1747.9099999999999,2,0,0.0,1747.9099999999999,2,0,0.0,0
LGS2ORD0007191,C011594,2025-02-26 23:00:00,Female,27,Gold,CallCenter,Bangkok,1395,Lazada,COD,23,2,2,0,20-30,46.5,3.0,0.0,0.0,-1,8,7990.123333333332,0.2299999999999999,0.6666666666666666,0.3333333333333333,0.0,0.0,0,0,0.0,22050.039999999997,2,0,0.0,23970.369999999995,3,0,0.0,23970.369999999995,3,0,0.0,0
LGS2ORD0007192,C011888,2025-02-26 23:00:00,Female,43,Gold,Web,Remote_Area,1434,Lazada,COD,23,2,2,0,40-50,47.8,0.0,0.0,0.0,-1,-1,0.0,0.0,0.0,0.0,0.0,0.0,0,0,0.0,0.0,0,0,0.0,0.0,0,0,0.0,0.0,0,0,0.0,0
LGS2ORD0007193,C015136,2025-02-26 23:00:00,Female,28,Silver,Web,Phuket,288,Shopee,PromptPay,23,2,2,0,20-30,9.6,1.0,0.0,0.0,-1,30,3302.03,0.05,1.0,0.0,0.0,0.0,0,0,0.0,0.0,0,0,0.0,3302.03,1,0,0.0,3302.03,1,0,0.0,0
LGS2ORD0007194,C015175,2025-02-26 23:00:00,Female,26,Bronze,Web,Remote_Area,479,TV_Show,COD,23,2,2,0,20-30,15.966666666666667,1.0,0.0,0.0,-1,15,535.14,0.23,1.0,1.0,0.0,0.0,0,0,0.0,535.14,1,0,0.0,535.14,1,0,0.0,535.14,1,0,0.0,0
LGS2ORD0007195,C017849,2025-02-26 23:00:00,Female,40,Bronze,Lazada,Chonburi,1353,Shopee,Credit_Card,23,2,2,0,30-40,45.1,1.0,0.0,0.0,-1,15,2872.78,0.08,1.0,0.0,0.0,0.0,0,0,0.0,2872.78,1,0,0.0,2872.78,1,0,0.0,2872.78,1,0,0.0,0
LGS2ORD0007196,C013439,2025-02-27 00:00:00,Male,42,Silver,Web,Chonburi,240,Shopee,Credit_Card,0,2,3,0,40-50,8.0,0.0,0.0,0.0,-1,-1,0.0,0.0,0.0,0.0,0.0,0.0,0,0,0.0,0.0,0,0,0.0,0.0,0,0,0.0,0.0,0,0,0.0,0
LGS2ORD0007197,C014668,2025-02-27 00:00:00,Female,34,Bronze,Web,Chiang Mai,428,TV_Show,COD,0,2,3,0,30-40,14.266666666666667,2.0,0.0,0.0,-1,8,3650.6499999999996,0.23,1.0,0.5,0.0,0.0,0,0,0.0,7301.299999999999,2,0,0.0,7301.299999999999,2,0,0.0,7301.299999999999,2,0,0.0,0
LGS2ORD0007198,C015509,2025-02-27 00:00:00,Female,52,Gold,Shopee,Phuket,713,Shopee,Credit_Card,0,2,3,0,>50,23.766666666666666,0.0,0.0,0.0,-1,-1,0.0,0.0,0.0,0.0,0.0,0.0,0,0,0.0,0.0,0,0,0.0,0.0,0,0,0.0,0.0,0,0,0.0,0
LGS2ORD0007199,C017330,2025-02-27 00:00:00,Female,27,Gold,Shopee,Khon Kaen,1315,Shopee,Bank_Transfer,0,2,3,0,20-30,43.833333333333336,2.0,0.0,0.0,-1,22,7798.415,0.08,0.0,0.0,0.0,0.0,0,0,0.0,1054.01,1,0,0.0,15596.83,2,0,0.0,15596.83,2,0,0.0,1
LGS2ORD0007200,C016069,2025-02-27 00:00:00,Other,56,Bronze,TV,Bangkok,1000,Web,COD,0,2,3,0,>50,33.333333333333336,2.0,1.0,0.5,27,6,2723.705,0.23,0.5,0.5,0.0,1442.36,1,0,0.0,1442.36,1,0,0.0,5447.41,2,1,0.5,5447.41,2,1,0.5,1
LGS2ORD0007201,C014281,2025-02-27 00:00:00,Male,41,Bronze,Web,Remote_Area,414,Lazada,COD,0,2,3,0,40-50,13.8,0.0,0.0,0.0,-1,-1,0.0,0.0,0.0,0.0,0.0,0.0,0,0,0.0,0.0,0,0,0.0,0.0,0,0,0.0,0.0,0,0,0.0,0
LGS2ORD0007202,C014144,2025-02-27 01:00:00,Female,52,Bronze,Shopee,Bangkok,1097,Web,Credit_Card,1,2,3,0,>50,36.56666666666667,1.0,0.0,0.0,-1,33,1881.38,0.18,1.0,0.0,0.0,0.0,0,0,0.0,0.0,0,0,0.0,1881.38,1,0,0.0,1881.38,1,0,0.0,1
LGS2ORD0007203,C010648,2025-02-27 01:00:00,Male,32,Gold,Web,Chiang Mai,710,Web,PromptPay,1,2,3,0,30-40,23.666666666666668,1.0,0.0,0.0,-1,32,870.79,0.2299999999999999,1.0,1.0,0.0,0.0,0,0,0.0,0.0,0,0,0.0,870.79,1,0,0.0,870.79,1,0,0.0,0
LGS2ORD0007204,C011242,2025-02-27 01:00:00,Female,45,Bronze,TV,Chiang Mai,163,Web,Bank_Transfer,1,2,3,0,40-50,5.433333333333334,0.0,0.0,0.0,-1,-1,0.0,0.0,0.0,0.0,0.0,0.0,0,0,0.0,0.0,0,0,0.0,0.0,0,0,0.0,0.0,0,0,0.0,0
LGS2ORD0007205,C010501,2025-02-27 01:00:00,Male,46,Bronze,Web,Chiang Mai,1271,Lazada,Credit_Card,1,2,3,0,40-50,42.36666666666667,1.0,1.0,1.0,42,47,3100.95,0.18,1.0,0.0,0.0,0.0,0,0,0.0,0.0,0,0,0.0,3100.95,1,1,1.0,3100.95,1,1,1.0,1
LGS2ORD0007206,C013815,2025-02-27 01:00:00,Female,18,Bronze,TV,Bangkok,1249,Shopee,COD,1,2,3,0,<20,41.63333333333333,1.0,0.0,0.0,-1,27,3289.87,0.28,0.0,1.0,0.0,0.0,0,0,0.0,3289.87,1,0,0.0,3289.87,1,0,0.0,3289.87,1,0,0.0,0
LGS2ORD0007207,C015353,2025-02-27 02:00:00,Female,43,Bronze,TV,Chonburi,935,Lazada,PromptPay,2,2,3,0,40-50,31.166666666666668,0.0,0.0,0.0,-1,-1,0.0,0.0,0.0,0.0,0.0,0.0,0,0,0.0,0.0,0,0,0.0,0.0,0,0,0.0,0.0,0,0,0.0,0
LGS2ORD0007208,C017698,2025-02-27 02:00:00,Male,63,Bronze,Web,Khon Kaen,987,Web,Credit_Card,2,2,3,0,>50,32.9,0.0,0.0,0.0,-1,-1,0.0,0.0,0.0,0.0,0.0,0.0,0,0,0.0,0.0,0,0,0.0,0.0,0,0,0.0,0.0,0,0,0.0,0
LGS2ORD0007209,C016321,2025-02-27 02:00:00,Female,45,Bronze,CallCenter,Remote_Area,886,Web,Credit_Card,2,2,3,0,40-50,29.533333333333335,0.0,0.0,0.0,-1,-1,0.0,0.0,0.0,0.0,0.0,0.0,0,0,0.0,0.0,0,0,0.0,0.0,0,0,0.0,0.0,0,0,0.0,0
LGS2ORD0007210,C012192,2025-02-27 02:00:00,Female,60,Bronze,Lazada,Chiang Mai,74,Lazada,COD,2,2,3,0,>50,2.466666666666667,0.0,0.0,0.0,-1,-1,0.0,0.0,0.0,0.0,0.0,0.0,0,0,0.0,0.0,0,0,0.0,0.0,0,0,0.0,0.0,0,0,0.0,0
LGS2ORD0007211,C012525,2025-02-27 02:00:00,Female,50,Bronze,Shopee,Bangkok,776,Shopee,COD,2,2,3,0,40-50,25.866666666666667,0.0,0.0,0.0,-1,-1,0.0,0.0,0.0,0.0,0.0,0.0,0,0,0.0,0.0,0,0,0.0,0.0,0,0,0.0,0.0,0,0,0.0,1
LGS2ORD0007212,C017237,2025-02-27 03:00:00,Female,59,Silver,Lazada,Bangkok,991,Web,COD,3,2,3,0,>50,33.03333333333333,0.0,0.0,0.0,-1,-1,0.0,0.0,0.0,0.0,0.0,0.0,0,0,0.0,0.0,0,0,0.0,0.0,0,0,0.0,0.0,0,0,0.0,1
LGS2ORD0007213,C014697,2025-02-27 03:00:00,Male,65,Bronze,TV,Nakhon Ratchasima,467,CallCenter,COD,3,2,3,0,>50,15.566666666666666,0.0,0.0,0.0,-1,-1,0.0,0.0,0.0,0.0,0.0,0.0,0,0,0.0,0.0,0,0,0.0,0.0,0,0,0.0,0.0,0,0,0.0,1
LGS2ORD0007214,C015406,2025-02-27 03:00:00,Male,29,Bronze,TV,Bangkok,73,Shopee,Credit_Card,3,2,3,0,20-30,2.433333333333333,3.0,0.0,0.0,-1,15,3369.836666666666,0.18,0.6666666666666666,0.0,0.0,0.0,0,0,0.0,4847.41,1,0,0.0,10109.509999999998,3,0,0.0,10109.509999999998,3,0,0.0,0
LGS2ORD0007215,C010589,2025-02-27 03:00:00,Male,40,Bronze,Web,Songkhla,1118,CallCenter,PromptPay,3,2,3,0,30-40,37.266666666666666,0.0,0.0,0.0,-1,-1,0.0,0.0,0.0,0.0,0.0,0.0,0,0,0.0,0.0,0,0,0.0,0.0,0,0,0.0,0.0,0,0,0.0,1
LGS2ORD0007216,C014919,2025-02-27 03:00:00,Male,40,Bronze,TV,Songkhla,1329,Shopee,PromptPay,3,2,3,0,30-40,44.3,3.0,0.0,0.0,-1,15,4606.043333333334,0.18,0.3333333333333333,0.0,0.0,0.0,0,0,0.0,3676.53,2,0,0.0,13818.130000000001,3,0,0.0,13818.130000000001,3,0,0.0,0
LGS2ORD0007217,C012817,2025-02-27 04:00:00,Female,68,Silver,Lazada,Bangkok,181,Web,Credit_Card,4,2,3,0,>50,6.033333333333333,0.0,0.0,0.0,-1,-1,0.0,0.0,0.0,0.0,0.0,0.0,0,0,0.0,0.0,0,0,0.0,0.0,0,0,0.0,0.0,0,0,0.0,0
LGS2ORD0007218,C017992,2025-02-27 04:00:00,Male,67,Bronze,Web,Songkhla,1249,TV_Show,Credit_Card,4,2,3,0,>50,41.63333333333333,4.0,2.0,0.5,-5,5,3278.7799999999997,0.23,0.75,0.5,0.0,7780.61,1,0,0.0,12919.0,3,2,0.6666666666666666,13115.119999999999,4,2,0.5,13115.119999999999,4,2,0.5,0
LGS2ORD0007219,C011992,2025-02-27 04:00:00,Female,45,Bronze,TV,Nakhon Ratchasima,771,TV_Show,COD,4,2,3,0,40-50,25.7,2.0,0.0,0.0,-1,2,4293.92,0.08,1.0,0.0,0.0,753.21,1,0,0.0,8587.84,2,0,0.0,8587.84,2,0,0.0,8587.84,2,0,0.0,0
LGS2ORD0007220,C010047,2025-02-27 04:00:00,Male,51,Bronze,CallCenter,Chonburi,1408,Shopee,PromptPay,4,2,3,0,>50,46.93333333333333,1.0,0.0,0.0,-1,13,2766.5,0.03,0.0,0.0,0.0,0.0,0,0,0.0,2766.5,1,0,0.0,2766.5,1,0,0.0,2766.5,1,0,0.0,0
LGS2ORD0007221,C012645,2025-02-27 04:00:00,Female,45,Silver,Web,Nakhon Ratchasima,496,Web,COD,4,2,3,0,40-50,16.533333333333335,4.0,1.0,0.25,36,7,8915.7275,0.2,0.5,0.0,0.0,0.0,0,0,0.0,14746.0,1,0,0.0,35662.91,4,1,0.25,35662.91,4,1,0.25,0
LGS2ORD0007222,C013539,2025-02-27 04:00:00,Male,18,Gold,Lazada,Bangkok,271,CallCenter,Bank_Transfer,4,2,3,0,<20,9.033333333333333,0.0,0.0,0.0,-1,-1,0.0,0.0,0.0,0.0,0.0,0.0,0,0,0.0,0.0,0,0,0.0,0.0,0,0,0.0,0.0,0,0,0.0,0
LGS2ORD0007223,C013449,2025-02-27 05:00:00,Female,52,Bronze,Web,Chonburi,957,Web,COD,5,2,3,0,>50,31.9,2.0,0.0,0.0,-1,30,7475.51,0.08,0.0,0.0,0.0,0.0,0,0,0.0,0.0,0,0,0.0,14951.02,2,0,0.0,14951.02,2,0,0.0,1
LGS2ORD0007224,C014714,2025-02-27 05:00:00,Female,66,Gold,CallCenter,Bangkok,638,TV_Show,COD,5,2,3,0,>50,21.266666666666666,0.0,0.0,0.0,-1,-1,0.0,0.0,0.0,0.0,0.0,0.0,0,0,0.0,0.0,0,0,0.0,0.0,0,0,0.0,0.0,0,0,0.0,0
LGS2ORD0007225,C011646,2025-02-27 05:00:00,Male,54,Bronze,TV,Phuket,911,Lazada,Credit_Card,5,2,3,0,>50,30.366666666666667,0.0,0.0,0.0,-1,-1,0.0,0.0,0.0,0.0,0.0,0.0,0,0,0.0,0.0,0,0,0.0,0.0,0,0,0.0,0.0,0,0,0.0,0
LGS2ORD0007226,C014264,2025-02-27 05:00:00,Female,41,Bronze,Shopee,Chiang Mai,754,Lazada,Credit_Card,5,2,3,0,40-50,25.133333333333333,2.0,0.0,0.0,-1,51,23340.949999999997,0.23,1.0,0.5,0.0,0.0,0,0,0.0,0.0,0,0,0.0,46681.899999999994,2,0,0.0,46681.899999999994,2,0,0.0,0
LGS2ORD0007227,C014941,2025-02-27 05:00:00,Male,30,Bronze,TV,Phuket,1068,TV_Show,COD,5,2,3,0,20-30,35.6,2.0,1.0,0.5,8,14,7378.68,0.28,0.5,0.5,0.0,0.0,0,0,0.0,14757.36,2,1,0.5,14757.36,2,1,0.5,14757.36,2,1,0.5,0
LGS2ORD0007228,C017632,2025-02-27 06:00:00,Male,40,Bronze,TV,Bangkok,1459,TV_Show,PromptPay,6,2,3,0,30-40,48.63333333333333,2.0,0.0,0.0,-1,41,5795.235000000001,0.23,0.0,0.5,0.0,0.0,0,0,0.0,0.0,0,0,0.0,11590.470000000001,2,0,0.0,11590.470000000001,2,0,0.0,0
LGS2ORD0007229,C010776,2025-02-27 06:00:00,Female,67,Platinum,Lazada,Phuket,494,Shopee,Bank_Transfer,6,2,3,0,>50,16.466666666666665,0.0,0.0,0.0,-1,-1,0.0,0.0,0.0,0.0,0.0,0.0,0,0,0.0,0.0,0,0,0.0,0.0,0,0,0.0,0.0,0,0,0.0,0
LGS2ORD0007230,C016662,2025-02-27 06:00:00,Male,46,Bronze,Web,Remote_Area,916,Web,COD,6,2,3,0,40-50,30.533333333333335,0.0,0.0,0.0,-1,-1,0.0,0.0,0.0,0.0,0.0,0.0,0,0,0.0,0.0,0,0,0.0,0.0,0,0,0.0,0.0,0,0,0.0,0
LGS2ORD0007231,C013996,2025-02-27 06:00:00,Male,18,Bronze,TV,Chiang Mai,1078,CallCenter,Credit_Card,6,2,3,0,<20,35.93333333333333,0.0,0.0,0.0,-1,-1,0.0,0.0,0.0,0.0,0.0,0.0,0,0,0.0,0.0,0,0,0.0,0.0,0,0,0.0,0.0,0,0,0.0,0
LGS2ORD0007232,C015017,2025-02-27 06:00:00,Male,50,Bronze,CallCenter,Remote_Area,195,Web,Credit_Card,6,2,3,0,40-50,6.5,2.0,1.0,0.5,-5,10,6019.945,0.18,0.5,0.0,0.0,0.0,0,0,0.0,1053.46,1,1,1.0,12039.89,2,1,0.5,12039.89,2,1,0.5,0
LGS2ORD0007233,C016528,2025-02-27 07:00:00,Male,47,Bronze,TV,Remote_Area,1022,Lazada,COD,7,2,3,0,40-50,34.06666666666667,1.0,0.0,0.0,-1,21,2427.68,0.28,0.0,1.0,0.0,0.0,0,0,0.0,2427.68,1,0,0.0,2427.68,1,0,0.0,2427.68,1,0,0.0,1
LGS2ORD0007234,C013798,2025-02-27 07:00:00,Male,59,Silver,Shopee,Chiang Mai,1013,TV_Show,Credit_Card,7,2,3,0,>50,33.766666666666666,2.0,1.0,0.5,-2,3,2216.295,0.3,0.5,0.5,0.0,3363.71,1,1,1.0,3363.71,1,1,1.0,4432.59,2,1,0.5,4432.59,2,1,0.5,0
LGS2ORD0007235,C012673,2025-02-27 07:00:00,Female,29,Platinum,TV,Bangkok,1099,Web,Credit_Card,7,2,3,0,20-30,36.63333333333333,0.0,0.0,0.0,-1,-1,0.0,0.0,0.0,0.0,0.0,0.0,0,0,0.0,0.0,0,0,0.0,0.0,0,0,0.0,0.0,0,0,0.0,0
LGS2ORD0007236,C010147,2025-02-27 07:00:00,Male,50,Silver,TV,Songkhla,570,Shopee,PromptPay,7,2,3,0,40-50,19.0,1.0,0.0,0.0,-1,37,650.55,0.2,0.0,0.0,0.0,0.0,0,0,0.0,0.0,0,0,0.0,650.55,1,0,0.0,650.55,1,0,0.0,0
LGS2ORD0007237,C015657,2025-02-27 07:00:00,Male,49,Platinum,Web,Chonburi,373,Shopee,Credit_Card,7,2,3,0,40-50,12.433333333333334,1.0,0.0,0.0,-1,44,1502.48,0.1,0.0,0.0,0.0,0.0,0,0,0.0,0.0,0,0,0.0,1502.48,1,0,0.0,1502.48,1,0,0.0,0
LGS2ORD0007238,C010422,2025-02-27 07:00:00,Female,38,Platinum,TV,Khon Kaen,1464,Web,COD,7,2,3,0,30-40,48.8,0.0,0.0,0.0,-1,-1,0.0,0.0,0.0,0.0,0.0,0.0,0,0,0.0,0.0,0,0,0.0,0.0,0,0,0.0,0.0,0,0,0.0,0
LGS2ORD0007239,C012241,2025-02-27 08:00:00,Male,48,Silver,TV,Chonburi,863,TV_Show,Bank_Transfer,8,2,3,0,40-50,28.766666666666666,0.0,0.0,0.0,-1,-1,0.0,0.0,0.0,0.0,0.0,0.0,0,0,0.0,0.0,0,0,0.0,0.0,0,0,0.0,0.0,0,0,0.0,0
LGS2ORD0007240,C017572,2025-02-27 08:00:00,Female,41,Silver,Lazada,Chiang Mai,159,TV_Show,PromptPay,8,2,3,0,40-50,5.3,2.0,0.0,0.0,-1,53,4609.16,0.25,0.5,0.5,0.0,0.0,0,0,0.0,0.0,0,0,0.0,9218.32,2,0,0.0,9218.32,2,0,0.0,1
LGS2ORD0007241,C015252,2025-02-27 08:00:00,Female,48,Bronze,Web,Chiang Mai,839,CallCenter,PromptPay,8,2,3,0,40-50,27.966666666666665,0.0,0.0,0.0,-1,-1,0.0,0.0,0.0,0.0,0.0,0.0,0,0,0.0,0.0,0,0,0.0,0.0,0,0,0.0,0.0,0,0,0.0,0
LGS2ORD0007242,C014769,2025-02-27 08:00:00,Other,47,Bronze,Shopee,Bangkok,1505,Web,Bank_Transfer,8,2,3,0,40-50,50.166666666666664,0.0,0.0,0.0,-1,-1,0.0,0.0,0.0,0.0,0.0,0.0,0,0,0.0,0.0,0,0,0.0,0.0,0,0,0.0,0.0,0,0,0.0,0
LGS2ORD0007243,C011663,2025-02-27 08:00:00,Male,57,Bronze,CallCenter,Bangkok,1334,Shopee,COD,8,2,3,0,>50,44.46666666666667,3.0,0.0,0.0,-1,47,1269.6266666666668,0.23,0.3333333333333333,0.6666666666666666,0.0,0.0,0,0,0.0,0.0,0,0,0.0,3808.88,3,0,0.0,3808.88,3,0,0.0,0
LGS2ORD0007244,C012387,2025-02-27 09:00:00,Other,31,Bronze,TV,Bangkok,1000,TV_Show,COD,9,2,3,0,30-40,33.333333333333336,1.0,0.0,0.0,-1,51,24174.23,0.08,0.0,0.0,0.0,0.0,0,0,0.0,0.0,0,0,0.0,24174.23,1,0,0.0,24174.23,1,0,0.0,0
LGS2ORD0007245,C010395,2025-02-27 09:00:00,Female,42,Bronze,TV,Phuket,1378,Shopee,Credit_Card,9,2,3,0,40-50,45.93333333333333,1.0,0.0,0.0,-1,29,9453.2,0.08,1.0,0.0,0.0,0.0,0,0,0.0,9453.2,1,0,0.0,9453.2,1,0,0.0,9453.2,1,0,0.0,1
LGS2ORD0007246,C015029,2025-02-27 09:00:00,Female,42,Platinum,Lazada,Phuket,1273,Web,Credit_Card,9,2,3,0,40-50,42.43333333333333,1.0,1.0,1.0,38,48,441.95,0.3,0.0,1.0,0.0,0.0,0,0,0.0,0.0,0,0,0.0,441.95,1,1,1.0,441.95,1,1,1.0,0
LGS2ORD0007247,C013739,2025-02-27 09:00:00,Female,50,Silver,Lazada,Nakhon Ratchasima,333,TV_Show,COD,9,2,3,0,40-50,11.1,0.0,0.0,0.0,-1,-1,0.0,0.0,0.0,0.0,0.0,0.0,0,0,0.0,0.0,0,0,0.0,0.0,0,0,0.0,0.0,0,0,0.0,0
LGS2ORD0007248,C016860,2025-02-27 09:00:00,Male,33,Gold,Lazada,Chonburi,811,CallCenter,Credit_Card,9,2,3,0,30-40,27.033333333333335,1.0,0.0,0.0,-1,52,2498.48,0.08,0.0,0.0,0.0,0.0,0,0,0.0,0.0,0,0,0.0,2498.48,1,0,0.0,2498.48,1,0,0.0,0
LGS2ORD0007249,C015461,2025-02-27 10:00:00,Female,29,Bronze,CallCenter,Bangkok,486,Shopee,COD,10,2,3,0,20-30,16.2,0.0,0.0,0.0,-1,-1,0.0,0.0,0.0,0.0,0.0,0.0,0,0,0.0,0.0,0,0,0.0,0.0,0,0,0.0,0.0,0,0,0.0,0
LGS2ORD0007250,C014969,2025-02-27 10:00:00,Female,30,Platinum,Shopee,Bangkok,116,Shopee,Credit_Card,10,2,3,0,20-30,3.8666666666666667,0.0,0.0,0.0,-1,-1,0.0,0.0,0.0,0.0,0.0,0.0,0,0,0.0,0.0,0,0,0.0,0.0,0,0,0.0,0.0,0,0,0.0,0
LGS2ORD0007251,C013724,2025-02-27 10:00:00,Female,37,Silver,Lazada,Remote_Area,1195,TV_Show,COD,10,2,3,0,30-40,39.833333333333336,1.0,0.0,0.0,-1,47,4018.23,0.05,0.0,0.0,0.0,0.0,0,0,0.0,0.0,0,0,0.0,4018.23,1,0,0.0,4018.23,1,0,0.0,0
LGS2ORD0007252,C014234,2025-02-27 10:00:00,Male,46,Bronze,TV,Chiang Mai,819,Shopee,PromptPay,10,2,3,0,40-50,27.3,1.0,0.0,0.0,-1,30,908.18,0.18,0.0,0.0,0.0,0.0,0,0,0.0,0.0,0,0,0.0,908.18,1,0,0.0,908.18,1,0,0.0,0
LGS2ORD0007253,C011757,2025-02-27 10:00:00,Male,28,Silver,Lazada,Bangkok,925,Lazada,PromptPay,10,2,3,0,20-30,30.833333333333332,0.0,0.0,0.0,-1,-1,0.0,0.0,0.0,0.0,0.0,0.0,0,0,0.0,0.0,0,0,0.0,0.0,0,0,0.0,0.0,0,0,0.0,0
LGS2ORD0007254,C010055,2025-02-27 11:00:00,Female,55,Bronze,Lazada,Remote_Area,478,Lazada,PromptPay,11,2,3,0,>50,15.933333333333334,1.0,0.0,0.0,-1,40,2246.75,0.03,0.0,0.0,0.0,0.0,0,0,0.0,0.0,0,0,0.0,2246.75,1,0,0.0,2246.75,1,0,0.0,0
LGS2ORD0007255,C017293,2025-02-27 11:00:00,Male,39,Bronze,TV,Khon Kaen,326,Web,Credit_Card,11,2,3,0,30-40,10.866666666666667,1.0,0.0,0.0,-1,9,35393.44,0.03,0.0,0.0,0.0,0.0,0,0,0.0,35393.44,1,0,0.0,35393.44,1,0,0.0,35393.44,1,0,0.0,1
LGS2ORD0007256,C014791,2025-02-27 11:00:00,Male,26,Bronze,Lazada,Remote_Area,690,Shopee,COD,11,2,3,0,20-30,23.0,0.0,0.0,0.0,-1,-1,0.0,0.0,0.0,0.0,0.0,0.0,0,0,0.0,0.0,0,0,0.0,0.0,0,0,0.0,0.0,0,0,0.0,1
LGS2ORD0007257,C014448,2025-02-27 11:00:00,Male,67,Bronze,TV,Bangkok,937,Lazada,Bank_Transfer,11,2,3,0,>50,31.233333333333334,1.0,0.0,0.0,-1,52,2581.29,0.18,0.0,0.0,0.0,0.0,0,0,0.0,0.0,0,0,0.0,2581.29,1,0,0.0,2581.29,1,0,0.0,1
LGS2ORD0007258,C016115,2025-02-27 11:00:00,Female,37,Bronze,Shopee,Remote_Area,505,Web,PromptPay,11,2,3,0,30-40,16.833333333333332,1.0,1.0,1.0,20,34,16955.82,0.28,1.0,1.0,0.0,0.0,0,0,0.0,0.0,0,0,0.0,16955.82,1,1,1.0,16955.82,1,1,1.0,0
LGS2ORD0007259,C015128,2025-02-27 11:00:00,Female,33,Gold,Web,Chonburi,568,Web,Credit_Card,11,2,3,0,30-40,18.933333333333334,0.0,0.0,0.0,-1,-1,0.0,0.0,0.0,0.0,0.0,0.0,0,0,0.0,0.0,0,0,0.0,0.0,0,0,0.0,0.0,0,0,0.0,1
LGS2ORD0007260,C010264,2025-02-27 12:00:00,Male,57,Bronze,Shopee,Chiang Mai,549,CallCenter,COD,12,2,3,0,>50,18.3,0.0,0.0,0.0,-1,-1,0.0,0.0,0.0,0.0,0.0,0.0,0,0,0.0,0.0,0,0,0.0,0.0,0,0,0.0,0.0,0,0,0.0,1
LGS2ORD0007261,C013006,2025-02-27 12:00:00,Male,20,Bronze,CallCenter,Remote_Area,744,Shopee,COD,12,2,3,0,<20,24.8,0.0,0.0,0.0,-1,-1,0.0,0.0,0.0,0.0,0.0,0.0,0,0,0.0,0.0,0,0,0.0,0.0,0,0,0.0,0.0,0,0,0.0,1
LGS2ORD0007262,C017241,2025-02-27 12:00:00,Male,58,Bronze,TV,Phuket,1282,Lazada,COD,12,2,3,0,>50,42.733333333333334,1.0,0.0,0.0,-1,43,2040.79,0.03,0.0,0.0,0.0,0.0,0,0,0.0,0.0,0,0,0.0,2040.79,1,0,0.0,2040.79,1,0,0.0,0
LGS2ORD0007263,C014058,2025-02-27 12:00:00,Female,57,Platinum,Web,Bangkok,396,TV_Show,PromptPay,12,2,3,0,>50,13.2,0.0,0.0,0.0,-1,-1,0.0,0.0,0.0,0.0,0.0,0.0,0,0,0.0,0.0,0,0,0.0,0.0,0,0,0.0,0.0,0,0,0.0,0
LGS2ORD0007264,C011246,2025-02-27 12:00:00,Male,60,Silver,TV,Bangkok,1204,Shopee,Credit_Card,12,2,3,0,>50,40.13333333333333,1.0,1.0,1.0,-6,10,3147.39,0.1,1.0,0.0,0.0,0.0,0,0,0.0,3147.39,1,1,1.0,3147.39,1,1,1.0,3147.39,1,1,1.0,0
LGS2ORD0007265,C015086,2025-02-27 13:00:00,Female,35,Bronze,TV,Bangkok,764,Shopee,COD,13,2,3,0,30-40,25.466666666666665,0.0,0.0,0.0,-1,-1,0.0,0.0,0.0,0.0,0.0,0.0,0,0,0.0,0.0,0,0,0.0,0.0,0,0,0.0,0.0,0,0,0.0,0
LGS2ORD0007266,C013635,2025-02-27 13:00:00,Female,22,Platinum,CallCenter,Bangkok,88,Shopee,COD,13,2,3,0,20-30,2.933333333333333,0.0,0.0,0.0,-1,-1,0.0,0.0,0.0,0.0,0.0,0.0,0,0,0.0,0.0,0,0,0.0,0.0,0,0,0.0,0.0,0,0,0.0,0
LGS2ORD0007267,C010183,2025-02-27 13:00:00,Male,38,Bronze,Lazada,Chiang Mai,548,TV_Show,PromptPay,13,2,3,0,30-40,18.266666666666666,1.0,0.0,0.0,-1,47,2844.5,0.03,1.0,0.0,0.0,0.0,0,0,0.0,0.0,0,0,0.0,2844.5,1,0,0.0,2844.5,1,0,0.0,1
LGS2ORD0007268,C010490,2025-02-27 13:00:00,Male,41,Bronze,CallCenter,Songkhla,1302,Shopee,Credit_Card,13,2,3,0,40-50,43.4,1.0,1.0,1.0,-7,9,9818.85,0.03,1.0,0.0,0.0,0.0,0,0,0.0,9818.85,1,1,1.0,9818.85,1,1,1.0,9818.85,1,1,1.0,0
LGS2ORD0007269,C012373,2025-02-27 13:00:00,Female,55,Bronze,TV,Chonburi,1103,Lazada,Credit_Card,13,2,3,0,>50,36.766666666666666,0.0,0.0,0.0,-1,-1,0.0,0.0,0.0,0.0,0.0,0.0,0,0,0.0,0.0,0,0,0.0,0.0,0,0,0.0,0.0,0,0,0.0,0
LGS2ORD0007270,C013736,2025-02-27 14:00:00,Female,48,Silver,Lazada,Khon Kaen,407,CallCenter,COD,14,2,3,0,40-50,13.566666666666666,1.0,0.0,0.0,-1,4,1305.43,0.05,1.0,0.0,0.0,1305.43,1,0,0.0,1305.43,1,0,0.0,1305.43,1,0,0.0,1305.43,1,0,0.0,0
LGS2ORD0007271,C013665,2025-02-27 14:00:00,Female,38,Gold,TV,Bangkok,1295,CallCenter,COD,14,2,3,0,30-40,43.166666666666664,1.0,0.0,0.0,-1,32,2160.94,0.33,1.0,1.0,0.0,0.0,0,0,0.0,0.0,0,0,0.0,2160.94,1,0,0.0,2160.94,1,0,0.0,0
LGS2ORD0007272,C015812,2025-02-27 14:00:00,Male,46,Platinum,TV,Bangkok,829,Web,Credit_Card,14,2,3,0,40-50,27.633333333333333,1.0,0.0,0.0,-1,31,6885.15,0.1,0.0,0.0,0.0,0.0,0,0,0.0,0.0,0,0,0.0,6885.15,1,0,0.0,6885.15,1,0,0.0,1
LGS2ORD0007273,C016053,2025-02-27 14:00:00,Male,29,Gold,Shopee,Chonburi,541,CallCenter,COD,14,2,3,0,20-30,18.033333333333335,4.0,1.0,0.25,35,46,3901.9224999999997,0.28,0.75,0.75,0.0,0.0,0,0,0.0,0.0,0,0,0.0,15607.689999999999,4,1,0.25,15607.689999999999,4,1,0.25,1
LGS2ORD0007274,C013975,2025-02-27 14:00:00,Male,22,Silver,Lazada,Chonburi,100,CallCenter,Credit_Card,14,2,3,0,20-30,3.3333333333333335,2.0,1.0,0.5,31,26,2658.385,0.2,1.0,0.0,0.0,0.0,0,0,0.0,2093.86,1,0,0.0,5316.77,2,1,0.5,5316.77,2,1,0.5,0
LGS2ORD0007275,C010327,2025-02-27 15:00:00,Other,44,Gold,Web,Nakhon Ratchasima,311,TV_Show,PromptPay,15,2,3,0,40-50,10.366666666666667,0.0,0.0,0.0,-1,-1,0.0,0.0,0.0,0.0,0.0,0.0,0,0,0.0,0.0,0,0,0.0,0.0,0,0,0.0,0.0,0,0,0.0,0
LGS2ORD0007276,C013245,2025-02-27 15:00:00,Male,43,Bronze,TV,Songkhla,1201,Lazada,COD,15,2,3,0,40-50,40.03333333333333,2.0,2.0,1.0,-2,8,1523.0349999999999,0.08,1.0,0.0,0.0,0.0,0,0,0.0,3046.0699999999997,2,2,1.0,3046.0699999999997,2,2,1.0,3046.0699999999997,2,2,1.0,0
LGS2ORD0007277,C011097,2025-02-27 15:00:00,Female,58,Gold,TV,Chiang Mai,1022,TV_Show,COD,15,2,3,0,>50,34.06666666666667,3.0,1.0,0.3333333333333333,17,11,4532.89,0.28,0.3333333333333333,1.0,0.0,0.0,0,0,0.0,8765.710000000001,2,1,0.5,13598.670000000002,3,1,0.3333333333333333,13598.670000000002,3,1,0.3333333333333333,0
LGS2ORD0007278,C014273,2025-02-27 15:00:00,Male,56,Gold,Shopee,Bangkok,1005,CallCenter,Credit_Card,15,2,3,0,>50,33.5,0.0,0.0,0.0,-1,-1,0.0,0.0,0.0,0.0,0.0,0.0,0,0,0.0,0.0,0,0,0.0,0.0,0,0,0.0,0.0,0,0,0.0,0
LGS2ORD0007279,C012903,2025-02-27 15:00:00,Male,44,Silver,Shopee,Chonburi,482,Lazada,COD,15,2,3,0,40-50,16.066666666666666,2.0,1.0,0.5,31,45,5937.705,0.05,0.5,0.0,0.0,0.0,0,0,0.0,0.0,0,0,0.0,11875.41,2,1,0.5,11875.41,2,1,0.5,0
LGS2ORD0007280,C011275,2025-02-27 15:00:00,Female,46,Platinum,Shopee,Bangkok,1095,Web,COD,15,2,3,0,40-50,36.5,0.0,0.0,0.0,-1,-1,0.0,0.0,0.0,0.0,0.0,0.0,0,0,0.0,0.0,0,0,0.0,0.0,0,0,0.0,0.0,0,0,0.0,1
LGS2ORD0007281,C015901,2025-02-27 16:00:00,Female,54,Gold,Shopee,Khon Kaen,124,Lazada,COD,16,2,3,0,>50,4.133333333333334,1.0,0.0,0.0,-1,3,1838.06,0.33,1.0,1.0,0.0,1838.06,1,0,0.0,1838.06,1,0,0.0,1838.06,1,0,0.0,1838.06,1,0,0.0,0
LGS2ORD0007282,C012707,2025-02-27 16:00:00,Male,41,Gold,TV,Phuket,171,Shopee,COD,16,2,3,0,40-50,5.7,0.0,0.0,0.0,-1,-1,0.0,0.0,0.0,0.0,0.0,0.0,0,0,0.0,0.0,0,0,0.0,0.0,0,0,0.0,0.0,0,0,0.0,1
LGS2ORD0007283,C015337,2025-02-27 16:00:00,Female,41,Bronze,TV,Chonburi,272,Shopee,COD,16,2,3,0,40-50,9.066666666666666,1.0,0.0,0.0,-1,38,4312.91,0.03,0.0,0.0,0.0,0.0,0,0,0.0,0.0,0,0,0.0,4312.91,1,0,0.0,4312.91,1,0,0.0,0
LGS2ORD0007284,C011434,2025-02-27 16:00:00,Male,53,Bronze,TV,Bangkok,89,TV_Show,COD,16,2,3,0,>50,2.966666666666667,3.0,1.0,0.3333333333333333,35,45,2984.343333333333,0.23,0.6666666666666666,0.3333333333333333,0.0,0.0,0,0,0.0,0.0,0,0,0.0,8953.029999999999,3,1,0.3333333333333333,8953.029999999999,3,1,0.3333333333333333,1
LGS2ORD0007285,C014779,2025-02-27 16:00:00,Female,56,Silver,TV,Remote_Area,333,CallCenter,Credit_Card,16,2,3,0,>50,11.1,2.0,1.0,0.5,36,38,5068.705,0.1,0.0,0.0,0.0,0.0,0,0,0.0,0.0,0,0,0.0,10137.41,2,1,0.5,10137.41,2,1,0.5,0
LGS2ORD0007286,C015333,2025-02-27 17:00:00,Male,58,Bronze,TV,Khon Kaen,916,Shopee,COD,17,2,3,0,>50,30.533333333333335,1.0,0.0,0.0,-1,34,24066.35,0.03,0.0,0.0,0.0,0.0,0,0,0.0,0.0,0,0,0.0,24066.35,1,0,0.0,24066.35,1,0,0.0,0
LGS2ORD0007287,C015251,2025-02-27 17:00:00,Male,25,Platinum,CallCenter,Bangkok,1514,TV_Show,COD,17,2,3,0,20-30,50.46666666666667,2.0,0.0,0.0,-1,4,3454.41,0.25,1.0,0.5,0.0,2410.53,1,0,0.0,2410.53,1,0,0.0,6908.82,2,0,0.0,6908.82,2,0,0.0,1
LGS2ORD0007288,C013808,2025-02-27 17:00:00,Female,34,Bronze,Shopee,Bangkok,911,TV_Show,Credit_Card,17,2,3,0,30-40,30.366666666666667,0.0,0.0,0.0,-1,-1,0.0,0.0,0.0,0.0,0.0,0.0,0,0,0.0,0.0,0,0,0.0,0.0,0,0,0.0,0.0,0,0,0.0,0
LGS2ORD0007289,C016096,2025-02-27 17:00:00,Male,56,Bronze,TV,Khon Kaen,228,CallCenter,COD,17,2,3,0,>50,7.6,1.0,0.0,0.0,-1,25,1501.67,0.23,1.0,1.0,0.0,0.0,0,0,0.0,1501.67,1,0,0.0,1501.67,1,0,0.0,1501.67,1,0,0.0,0
LGS2ORD0007290,C010531,2025-02-27 17:00:00,Male,42,Bronze,Shopee,Bangkok,1433,Shopee,Bank_Transfer,17,2,3,0,40-50,47.766666666666666,2.0,1.0,0.5,35,47,7855.975,0.03,1.0,0.0,0.0,0.0,0,0,0.0,0.0,0,0,0.0,15711.95,2,1,0.5,15711.95,2,1,0.5,0
LGS2ORD0007291,C016053,2025-02-27 18:00:00,Male,29,Gold,Shopee,Chonburi,541,CallCenter,PromptPay,18,2,3,0,20-30,18.033333333333335,5.0,2.0,0.4,-11,0,3334.0299999999997,0.28,0.8,0.6,0.0,1062.46,1,1,1.0,1062.46,1,1,1.0,16670.149999999998,5,2,0.4,16670.149999999998,5,2,0.4,0
LGS2ORD0007292,C012859,2025-02-27 18:00:00,Male,72,Bronze,Web,Nakhon Ratchasima,1036,Lazada,COD,18,2,3,0,>50,34.53333333333333,2.0,0.0,0.0,-1,9,8545.035,0.08,0.5,0.0,0.0,0.0,0,0,0.0,17090.07,2,0,0.0,17090.07,2,0,0.0,17090.07,2,0,0.0,0
LGS2ORD0007293,C014003,2025-02-27 18:00:00,Female,46,Bronze,Shopee,Chiang Mai,90,TV_Show,COD,18,2,3,0,40-50,3.0,1.0,0.0,0.0,-1,43,13527.17,0.08,1.0,0.0,0.0,0.0,0,0,0.0,0.0,0,0,0.0,13527.17,1,0,0.0,13527.17,1,0,0.0,0
LGS2ORD0007294,C016518,2025-02-27 18:00:00,Female,30,Bronze,TV,Phuket,1028,CallCenter,Credit_Card,18,2,3,0,20-30,34.266666666666666,1.0,1.0,1.0,32,36,1192.18,0.03,0.0,0.0,0.0,0.0,0,0,0.0,0.0,0,0,0.0,1192.18,1,1,1.0,1192.18,1,1,1.0,0
LGS2ORD0007295,C017465,2025-02-27 18:00:00,Male,46,Bronze,Lazada,Songkhla,1141,Web,Bank_Transfer,18,2,3,0,40-50,38.03333333333333,0.0,0.0,0.0,-1,-1,0.0,0.0,0.0,0.0,0.0,0.0,0,0,0.0,0.0,0,0,0.0,0.0,0,0,0.0,0.0,0,0,0.0,1
LGS2ORD0007296,C013416,2025-02-27 19:00:00,Male,43,Bronze,CallCenter,Songkhla,542,Shopee,PromptPay,19,2,3,0,40-50,18.066666666666666,0.0,0.0,0.0,-1,-1,0.0,0.0,0.0,0.0,0.0,0.0,0,0,0.0,0.0,0,0,0.0,0.0,0,0,0.0,0.0,0,0,0.0,0
LGS2ORD0007297,C012461,2025-02-27 19:00:00,Male,72,Bronze,TV,Chonburi,442,Web,PromptPay,19,2,3,0,>50,14.733333333333333,0.0,0.0,0.0,-1,-1,0.0,0.0,0.0,0.0,0.0,0.0,0,0,0.0,0.0,0,0,0.0,0.0,0,0,0.0,0.0,0,0,0.0,0
LGS2ORD0007298,C017633,2025-02-27 19:00:00,Female,53,Platinum,Shopee,Bangkok,1028,Lazada,COD,19,2,3,0,>50,34.266666666666666,3.0,1.0,0.3333333333333333,46,5,2921.09,0.25,0.6666666666666666,0.3333333333333333,0.0,4075.37,1,0,0.0,4075.37,1,0,0.0,8763.27,3,1,0.3333333333333333,8763.27,3,1,0.3333333333333333,0
LGS2ORD0007299,C014333,2025-02-27 19:00:00,Female,38,Bronze,Shopee,Remote_Area,145,CallCenter,COD,19,2,3,0,30-40,4.833333333333333,1.0,0.0,0.0,-1,20,2031.32,0.28,1.0,1.0,0.0,0.0,0,0,0.0,2031.32,1,0,0.0,2031.32,1,0,0.0,2031.32,1,0,0.0,0
LGS2ORD0007300,C011725,2025-02-27 19:00:00,Male,50,Bronze,TV,Chiang Mai,942,Web,COD,19,2,3,0,40-50,31.4,0.0,0.0,0.0,-1,-1,0.0,0.0,0.0,0.0,0.0,0.0,0,0,0.0,0.0,0,0,0.0,0.0,0,0,0.0,0.0,0,0,0.0,0
LGS2ORD0007301,C011921,2025-02-27 19:00:00,Other,39,Bronze,Web,Remote_Area,1013,Lazada,COD,19,2,3,0,30-40,33.766666666666666,1.0,1.0,1.0,1,13,881.21,0.03,1.0,0.0,0.0,0.0,0,0,0.0,881.21,1,1,1.0,881.21,1,1,1.0,881.21,1,1,1.0,1
LGS2ORD0007302,C011178,2025-02-27 20:00:00,Male,27,Silver,TV,Chonburi,88,Lazada,COD,20,2,3,0,20-30,2.933333333333333,1.0,1.0,1.0,-7,7,1843.01,0.05,0.0,0.0,0.0,0.0,0,0,0.0,1843.01,1,1,1.0,1843.01,1,1,1.0,1843.01,1,1,1.0,0
LGS2ORD0007303,C011189,2025-02-27 20:00:00,Male,34,Bronze,TV,Khon Kaen,1499,Lazada,COD,20,2,3,0,30-40,49.96666666666667,0.0,0.0,0.0,-1,-1,0.0,0.0,0.0,0.0,0.0,0.0,0,0,0.0,0.0,0,0,0.0,0.0,0,0,0.0,0.0,0,0,0.0,0
LGS2ORD0007304,C014252,2025-02-27 20:00:00,Male,30,Silver,Lazada,Chonburi,822,Web,COD,20,2,3,0,20-30,27.4,1.0,0.0,0.0,-1,24,6151.14,0.3,0.0,1.0,0.0,0.0,0,0,0.0,6151.14,1,0,0.0,6151.14,1,0,0.0,6151.14,1,0,0.0,0
LGS2ORD0007305,C017587,2025-02-27 20:00:00,Male,19,Gold,TV,Khon Kaen,535,TV_Show,Bank_Transfer,20,2,3,0,<20,17.833333333333332,3.0,1.0,0.3333333333333333,33,17,2226.0666666666666,0.28,0.6666666666666666,0.3333333333333333,0.0,0.0,0,0,0.0,2062.67,1,0,0.0,6678.2,3,1,0.3333333333333333,6678.2,3,1,0.3333333333333333,0
LGS2ORD0007306,C012954,2025-02-27 20:00:00,Other,30,Bronze,Web,Nakhon Ratchasima,974,Lazada,COD,20,2,3,0,20-30,32.46666666666667,1.0,0.0,0.0,-1,14,1307.4,0.23,0.0,1.0,0.0,0.0,0,0,0.0,1307.4,1,0,0.0,1307.4,1,0,0.0,1307.4,1,0,0.0,1
LGS2ORD0007307,C012731,2025-02-27 21:00:00,Male,45,Bronze,Web,Remote_Area,1265,Lazada,Credit_Card,21,2,3,0,40-50,42.166666666666664,2.0,1.0,0.5,26,24,1756.505,0.23,0.5,0.5,0.0,0.0,0,0,0.0,1616.17,1,0,0.0,3513.01,2,1,0.5,3513.01,2,1,0.5,0
LGS2ORD0007308,C011671,2025-02-27 21:00:00,Female,51,Bronze,TV,Remote_Area,728,CallCenter,COD,21,2,3,0,>50,24.266666666666666,1.0,0.0,0.0,-1,43,9830.31,0.03,0.0,0.0,0.0,0.0,0,0,0.0,0.0,0,0,0.0,9830.31,1,0,0.0,9830.31,1,0,0.0,0
LGS2ORD0007309,C015148,2025-02-27 21:00:00,Female,35,Bronze,TV,Phuket,1325,Lazada,COD,21,2,3,0,30-40,44.166666666666664,2.0,0.0,0.0,-1,6,2941.0,0.23,0.0,0.5,0.0,3578.41,1,0,0.0,3578.41,1,0,0.0,5882.0,2,0,0.0,5882.0,2,0,0.0,0
LGS2ORD0007310,C013839,2025-02-27 21:00:00,Female,61,Bronze,TV,Bangkok,263,CallCenter,Credit_Card,21,2,3,0,>50,8.766666666666667,1.0,0.0,0.0,-1,54,9151.72,0.13,0.0,0.0,0.0,0.0,0,0,0.0,0.0,0,0,0.0,9151.72,1,0,0.0,9151.72,1,0,0.0,0
LGS2ORD0007311,C013843,2025-02-27 21:00:00,Male,27,Bronze,TV,Remote_Area,562,TV_Show,COD,21,2,3,0,20-30,18.733333333333334,2.0,1.0,0.5,31,1,1372.335,0.13,1.0,0.0,0.0,1127.89,1,0,0.0,1127.89,1,0,0.0,2744.67,2,1,0.5,2744.67,2,1,0.5,1
LGS2ORD0007312,C010465,2025-02-27 22:00:00,Female,32,Gold,Shopee,Khon Kaen,649,CallCenter,COD,22,2,3,0,30-40,21.633333333333333,0.0,0.0,0.0,-1,-1,0.0,0.0,0.0,0.0,0.0,0.0,0,0,0.0,0.0,0,0,0.0,0.0,0,0,0.0,0.0,0,0,0.0,0
LGS2ORD0007313,C011850,2025-02-27 22:00:00,Male,57,Bronze,Shopee,Remote_Area,359,CallCenter,COD,22,2,3,0,>50,11.966666666666667,0.0,0.0,0.0,-1,-1,0.0,0.0,0.0,0.0,0.0,0.0,0,0,0.0,0.0,0,0,0.0,0.0,0,0,0.0,0.0,0,0,0.0,0
LGS2ORD0007314,C014759,2025-02-27 22:00:00,Female,32,Bronze,Lazada,Chiang Mai,1068,TV_Show,COD,22,2,3,0,30-40,35.6,2.0,1.0,0.5,-1,13,1906.615,0.23,1.0,1.0,0.0,0.0,0,0,0.0,3628.38,1,1,1.0,3813.23,2,1,0.5,3813.23,2,1,0.5,0
LGS2ORD0007315,C013381,2025-02-27 22:00:00,Female,39,Gold,Lazada,Chiang Mai,93,Web,COD,22,2,3,0,30-40,3.1,2.0,1.0,0.5,35,1,12736.880000000001,0.2299999999999999,1.0,0.5,0.0,17729.61,1,0,0.0,17729.61,1,0,0.0,25473.760000000002,2,1,0.5,25473.760000000002,2,1,0.5,0
LGS2ORD0007316,C016503,2025-02-27 22:00:00,Female,25,Bronze,Shopee,Remote_Area,1499,Lazada,PromptPay,22,2,3,0,20-30,49.96666666666667,0.0,0.0,0.0,-1,-1,0.0,0.0,0.0,0.0,0.0,0.0,0,0,0.0,0.0,0,0,0.0,0.0,0,0,0.0,0.0,0,0,0.0,1
LGS2ORD0007317,C015144,2025-02-27 23:00:00,Male,56,Gold,Shopee,Chiang Mai,135,Web,COD,23,2,3,0,>50,4.5,1.0,0.0,0.0,-1,12,1874.19,0.18,1.0,0.0,0.0,0.0,0,0,0.0,1874.19,1,0,0.0,1874.19,1,0,0.0,1874.19,1,0,0.0,0
LGS2ORD0007318,C012691,2025-02-27 23:00:00,Other,31,Bronze,TV,Nakhon Ratchasima,780,Lazada,COD,23,2,3,0,30-40,26.0,0.0,0.0,0.0,-1,-1,0.0,0.0,0.0,0.0,0.0,0.0,0,0,0.0,0.0,0,0,0.0,0.0,0,0,0.0,0.0,0,0,0.0,0
LGS2ORD0007319,C010189,2025-02-27 23:00:00,Female,48,Bronze,TV,Khon Kaen,602,TV_Show,Credit_Card,23,2,3,0,40-50,20.066666666666666,1.0,0.0,0.0,-1,11,19068.85,0.18,1.0,0.0,0.0,0.0,0,0,0.0,19068.85,1,0,0.0,19068.85,1,0,0.0,19068.85,1,0,0.0,1
LGS2ORD0007320,C012027,2025-02-27 23:00:00,Female,41,Bronze,Shopee,Bangkok,1213,TV_Show,COD,23,2,3,0,40-50,40.43333333333333,2.0,0.0,0.0,-1,23,13097.86,0.28,0.5,0.5,0.0,0.0,0,0,0.0,22817.84,1,0,0.0,26195.72,2,0,0.0,26195.72,2,0,0.0,1
LGS2ORD0007321,C016211,2025-02-27 23:00:00,Female,43,Bronze,Web,Bangkok,718,Shopee,Credit_Card,23,2,3,0,40-50,23.933333333333334,1.0,0.0,0.0,-1,55,15682.27,0.03,1.0,0.0,0.0,0.0,0,0,0.0,0.0,0,0,0.0,15682.27,1,0,0.0,15682.27,1,0,0.0,0
LGS2ORD0007322,C013320,2025-02-27 23:00:00,Male,50,Silver,CallCenter,Remote_Area,860,Lazada,COD,23,2,3,0,40-50,28.666666666666668,0.0,0.0,0.0,-1,-1,0.0,0.0,0.0,0.0,0.0,0.0,0,0,0.0,0.0,0,0,0.0,0.0,0,0,0.0,0.0,0,0,0.0,1
LGS2ORD0007323,C012593,2025-02-28 00:00:00,Female,45,Bronze,TV,Remote_Area,222,Web,COD,0,2,4,0,40-50,7.4,1.0,0.0,0.0,-1,23,8845.76,0.03,0.0,0.0,0.0,0.0,0,0,0.0,8845.76,1,0,0.0,8845.76,1,0,0.0,8845.76,1,0,0.0,0
LGS2ORD0007324,C011748,2025-02-28 00:00:00,Female,29,Bronze,Shopee,Khon Kaen,1068,CallCenter,Credit_Card,0,2,4,0,20-30,35.6,0.0,0.0,0.0,-1,-1,0.0,0.0,0.0,0.0,0.0,0.0,0,0,0.0,0.0,0,0,0.0,0.0,0,0,0.0,0.0,0,0,0.0,0
LGS2ORD0007325,C014604,2025-02-28 00:00:00,Female,34,Bronze,TV,Remote_Area,381,CallCenter,Bank_Transfer,0,2,4,0,30-40,12.7,0.0,0.0,0.0,-1,-1,0.0,0.0,0.0,0.0,0.0,0.0,0,0,0.0,0.0,0,0,0.0,0.0,0,0,0.0,0.0,0,0,0.0,0
LGS2ORD0007326,C016486,2025-02-28 00:00:00,Male,45,Silver,TV,Bangkok,367,TV_Show,COD,0,2,4,0,40-50,12.233333333333333,1.0,0.0,0.0,-1,39,13094.2,0.05,0.0,0.0,0.0,0.0,0,0,0.0,0.0,0,0,0.0,13094.2,1,0,0.0,13094.2,1,0,0.0,0
LGS2ORD0007327,C013083,2025-02-28 00:00:00,Female,40,Gold,Web,Bangkok,145,Shopee,Credit_Card,0,2,4,0,30-40,4.833333333333333,0.0,0.0,0.0,-1,-1,0.0,0.0,0.0,0.0,0.0,0.0,0,0,0.0,0.0,0,0,0.0,0.0,0,0,0.0,0.0,0,0,0.0,0
LGS2ORD0007328,C014614,2025-02-28 01:00:00,Female,58,Silver,Shopee,Remote_Area,153,Web,COD,1,2,4,0,>50,5.1,1.0,0.0,0.0,-1,47,1691.08,0.2,1.0,0.0,0.0,0.0,0,0,0.0,0.0,0,0,0.0,1691.08,1,0,0.0,1691.08,1,0,0.0,0
LGS2ORD0007329,C017733,2025-02-28 01:00:00,Male,45,Silver,TV,Songkhla,878,TV_Show,Credit_Card,1,2,4,0,40-50,29.266666666666666,1.0,0.0,0.0,-1,31,3508.67,0.05,1.0,0.0,0.0,0.0,0,0,0.0,0.0,0,0,0.0,3508.67,1,0,0.0,3508.67,1,0,0.0,0
LGS2ORD0007330,C013974,2025-02-28 01:00:00,Male,32,Bronze,TV,Bangkok,1319,Shopee,PromptPay,1,2,4,0,30-40,43.96666666666667,0.0,0.0,0.0,-1,-1,0.0,0.0,0.0,0.0,0.0,0.0,0,0,0.0,0.0,0,0,0.0,0.0,0,0,0.0,0.0,0,0,0.0,0
LGS2ORD0007331,C010028,2025-02-28 01:00:00,Male,32,Bronze,TV,Phuket,768,Lazada,COD,1,2,4,0,30-40,25.6,0.0,0.0,0.0,-1,-1,0.0,0.0,0.0,0.0,0.0,0.0,0,0,0.0,0.0,0,0,0.0,0.0,0,0,0.0,0.0,0,0,0.0,1
LGS2ORD0007332,C016700,2025-02-28 01:00:00,Female,39,Gold,Lazada,Khon Kaen,1107,Shopee,Credit_Card,1,2,4,0,30-40,36.9,1.0,0.0,0.0,-1,27,3947.46,0.08,0.0,0.0,0.0,0.0,0,0,0.0,3947.46,1,0,0.0,3947.46,1,0,0.0,3947.46,1,0,0.0,0
LGS2ORD0007333,C017650,2025-02-28 02:00:00,Female,26,Gold,TV,Phuket,1071,Lazada,COD,2,2,4,0,20-30,35.7,1.0,1.0,1.0,26,38,14644.12,0.08,1.0,0.0,0.0,0.0,0,0,0.0,0.0,0,0,0.0,14644.12,1,1,1.0,14644.12,1,1,1.0,0
LGS2ORD0007334,C012266,2025-02-28 02:00:00,Female,38,Silver,TV,Nakhon Ratchasima,1337,CallCenter,COD,2,2,4,0,30-40,44.56666666666667,1.0,1.0,1.0,38,54,3385.83,0.3,1.0,1.0,0.0,0.0,0,0,0.0,0.0,0,0,0.0,3385.83,1,1,1.0,3385.83,1,1,1.0,0
LGS2ORD0007335,C017748,2025-02-28 02:00:00,Female,62,Silver,TV,Nakhon Ratchasima,548,TV_Show,Credit_Card,2,2,4,0,>50,18.266666666666666,0.0,0.0,0.0,-1,-1,0.0,0.0,0.0,0.0,0.0,0.0,0,0,0.0,0.0,0,0,0.0,0.0,0,0,0.0,0.0,0,0,0.0,0
LGS2ORD0007336,C016226,2025-02-28 02:00:00,Male,29,Bronze,Lazada,Chiang Mai,1065,TV_Show,PromptPay,2,2,4,0,20-30,35.5,0.0,0.0,0.0,-1,-1,0.0,0.0,0.0,0.0,0.0,0.0,0,0,0.0,0.0,0,0,0.0,0.0,0,0,0.0,0.0,0,0,0.0,0
LGS2ORD0007337,C017661,2025-02-28 02:00:00,Male,44,Bronze,TV,Khon Kaen,1083,Web,Credit_Card,2,2,4,0,40-50,36.1,0.0,0.0,0.0,-1,-1,0.0,0.0,0.0,0.0,0.0,0.0,0,0,0.0,0.0,0,0,0.0,0.0,0,0,0.0,0.0,0,0,0.0,0
LGS2ORD0007338,C010778,2025-02-28 02:00:00,Female,31,Bronze,TV,Bangkok,1497,Web,COD,2,2,4,0,30-40,49.9,1.0,0.0,0.0,-1,18,6176.31,0.03,1.0,0.0,0.0,0.0,0,0,0.0,6176.31,1,0,0.0,6176.31,1,0,0.0,6176.31,1,0,0.0,1
LGS2ORD0007339,C013709,2025-02-28 03:00:00,Male,27,Bronze,TV,Phuket,1083,Web,PromptPay,3,2,4,0,20-30,36.1,0.0,0.0,0.0,-1,-1,0.0,0.0,0.0,0.0,0.0,0.0,0,0,0.0,0.0,0,0,0.0,0.0,0,0,0.0,0.0,0,0,0.0,0
LGS2ORD0007340,C013528,2025-02-28 03:00:00,Female,64,Silver,Shopee,Remote_Area,1109,Shopee,PromptPay,3,2,4,0,>50,36.96666666666667,2.0,1.0,0.5,-1,5,5902.095,0.2,0.5,0.0,0.0,11003.87,1,1,1.0,11003.87,1,1,1.0,11804.19,2,1,0.5,11804.19,2,1,0.5,1
LGS2ORD0007341,C010201,2025-02-28 03:00:00,Male,31,Bronze,Lazada,Nakhon Ratchasima,528,TV_Show,COD,3,2,4,0,30-40,17.6,1.0,1.0,1.0,40,46,2802.25,0.18,0.0,0.0,0.0,0.0,0,0,0.0,0.0,0,0,0.0,2802.25,1,1,1.0,2802.25,1,1,1.0,0
LGS2ORD0007342,C011510,2025-02-28 03:00:00,Male,47,Platinum,Shopee,Khon Kaen,1167,TV_Show,PromptPay,3,2,4,0,40-50,38.9,0.0,0.0,0.0,-1,-1,0.0,0.0,0.0,0.0,0.0,0.0,0,0,0.0,0.0,0,0,0.0,0.0,0,0,0.0,0.0,0,0,0.0,0
LGS2ORD0007343,C017264,2025-02-28 03:00:00,Male,61,Bronze,TV,Phuket,1298,Web,Credit_Card,3,2,4,0,>50,43.266666666666666,0.0,0.0,0.0,-1,-1,0.0,0.0,0.0,0.0,0.0,0.0,0,0,0.0,0.0,0,0,0.0,0.0,0,0,0.0,0.0,0,0,0.0,0
LGS2ORD0007344,C011358,2025-02-28 04:00:00,Male,27,Silver,Lazada,Bangkok,586,Web,Credit_Card,4,2,4,0,20-30,19.533333333333335,1.0,0.0,0.0,-1,28,3255.28,0.2,1.0,0.0,0.0,0.0,0,0,0.0,3255.28,1,0,0.0,3255.28,1,0,0.0,3255.28,1,0,0.0,0
LGS2ORD0007345,C017444,2025-02-28 04:00:00,Male,54,Bronze,TV,Chiang Mai,480,Web,Credit_Card,4,2,4,0,>50,16.0,4.0,2.0,0.5,-8,1,5227.275000000001,0.28,0.75,0.5,0.0,3523.24,2,1,0.5,20012.88,3,1,0.3333333333333333,20909.100000000002,4,2,0.5,20909.100000000002,4,2,0.5,0
LGS2ORD0007346,C013509,2025-02-28 04:00:00,Male,42,Platinum,TV,Chiang Mai,1214,Lazada,Credit_Card,4,2,4,0,40-50,40.46666666666667,1.0,0.0,0.0,-1,38,5112.8,0.3,1.0,1.0,0.0,0.0,0,0,0.0,0.0,0,0,0.0,5112.8,1,0,0.0,5112.8,1,0,0.0,0
LGS2ORD0007347,C013672,2025-02-28 04:00:00,Male,38,Silver,TV,Remote_Area,515,Shopee,COD,4,2,4,0,30-40,17.166666666666668,1.0,1.0,1.0,0,9,6327.69,0.25,1.0,1.0,0.0,0.0,0,0,0.0,6327.69,1,1,1.0,6327.69,1,1,1.0,6327.69,1,1,1.0,1
LGS2ORD0007348,C013318,2025-02-28 04:00:00,Male,47,Bronze,Lazada,Bangkok,262,TV_Show,COD,4,2,4,0,40-50,8.733333333333333,1.0,0.0,0.0,-1,17,1894.56,0.23,1.0,1.0,0.0,0.0,0,0,0.0,1894.56,1,0,0.0,1894.56,1,0,0.0,1894.56,1,0,0.0,1
LGS2ORD0007349,C015114,2025-02-28 05:00:00,Female,51,Silver,Lazada,Bangkok,516,CallCenter,COD,5,2,4,0,>50,17.2,4.0,0.0,0.0,-1,23,13159.9375,0.25,0.25,0.25,0.0,0.0,0,0,0.0,47575.990000000005,3,0,0.0,52639.75,4,0,0.0,52639.75,4,0,0.0,0
LGS2ORD0007350,C012845,2025-02-28 05:00:00,Female,18,Bronze,Web,Remote_Area,124,Shopee,COD,5,2,4,0,<20,4.133333333333334,2.0,2.0,1.0,7,16,5028.33,0.23,1.0,0.5,0.0,0.0,0,0,0.0,3089.86,1,1,1.0,10056.66,2,2,1.0,10056.66,2,2,1.0,0
LGS2ORD0007351,C010916,2025-02-28 05:00:00,Male,41,Bronze,CallCenter,Khon Kaen,157,Lazada,Credit_Card,5,2,4,0,40-50,5.233333333333333,0.0,0.0,0.0,-1,-1,0.0,0.0,0.0,0.0,0.0,0.0,0,0,0.0,0.0,0,0,0.0,0.0,0,0,0.0,0.0,0,0,0.0,0
LGS2ORD0007352,C011922,2025-02-28 05:00:00,Female,25,Gold,Shopee,Chonburi,1199,Shopee,Credit_Card,5,2,4,0,20-30,39.96666666666667,0.0,0.0,0.0,-1,-1,0.0,0.0,0.0,0.0,0.0,0.0,0,0,0.0,0.0,0,0,0.0,0.0,0,0,0.0,0.0,0,0,0.0,0
LGS2ORD0007353,C011853,2025-02-28 05:00:00,Male,29,Bronze,Web,Chonburi,508,TV_Show,COD,5,2,4,0,20-30,16.933333333333334,3.0,0.0,0.0,-1,2,6338.666666666667,0.28,0.6666666666666666,0.3333333333333333,0.0,8977.86,1,0,0.0,19016.0,3,0,0.0,19016.0,3,0,0.0,19016.0,3,0,0.0,1
LGS2ORD0007354,C012492,2025-02-28 06:00:00,Other,18,Platinum,Lazada,Bangkok,660,Lazada,Credit_Card,6,2,4,0,<20,22.0,1.0,1.0,1.0,16,26,15336.51,0.25,1.0,1.0,0.0,0.0,0,0,0.0,15336.51,1,1,1.0,15336.51,1,1,1.0,15336.51,1,1,1.0,0
LGS2ORD0007355,C017302,2025-02-28 06:00:00,Female,18,Silver,CallCenter,Phuket,396,Lazada,Credit_Card,6,2,4,0,<20,13.2,1.0,0.0,0.0,-1,20,2143.38,0.1,1.0,0.0,0.0,0.0,0,0,0.0,2143.38,1,0,0.0,2143.38,1,0,0.0,2143.38,1,0,0.0,0
LGS2ORD0007356,C010078,2025-02-28 06:00:00,Female,55,Bronze,CallCenter,Songkhla,537,Shopee,COD,6,2,4,0,>50,17.9,1.0,1.0,1.0,28,42,1128.01,0.08,0.0,0.0,0.0,0.0,0,0,0.0,0.0,0,0,0.0,1128.01,1,1,1.0,1128.01,1,1,1.0,1
LGS2ORD0007357,C016028,2025-02-28 06:00:00,Female,39,Silver,TV,Nakhon Ratchasima,738,Shopee,PromptPay,6,2,4,0,30-40,24.6,2.0,0.0,0.0,-1,1,5278.015,0.05,0.5,0.0,0.0,1558.41,1,0,0.0,1558.41,1,0,0.0,10556.03,2,0,0.0,10556.03,2,0,0.0,1
LGS2ORD0007358,C014322,2025-02-28 06:00:00,Male,45,Bronze,Shopee,Nakhon Ratchasima,523,Web,COD,6,2,4,0,40-50,17.433333333333334,0.0,0.0,0.0,-1,-1,0.0,0.0,0.0,0.0,0.0,0.0,0,0,0.0,0.0,0,0,0.0,0.0,0,0,0.0,0.0,0,0,0.0,0
LGS2ORD0007359,C015361,2025-02-28 06:00:00,Female,46,Bronze,TV,Chonburi,838,Web,PromptPay,6,2,4,0,40-50,27.933333333333334,3.0,1.0,0.3333333333333333,12,26,4777.626666666667,0.23,1.0,0.3333333333333333,0.0,0.0,0,0,0.0,12323.65,2,1,0.5,14332.880000000001,3,1,0.3333333333333333,14332.880000000001,3,1,0.3333333333333333,1
LGS2ORD0007360,C012361,2025-02-28 07:00:00,Male,37,Silver,TV,Remote_Area,1000,Lazada,COD,7,2,4,0,30-40,33.333333333333336,0.0,0.0,0.0,-1,-1,0.0,0.0,0.0,0.0,0.0,0.0,0,0,0.0,0.0,0,0,0.0,0.0,0,0,0.0,0.0,0,0,0.0,1
LGS2ORD0007361,C011969,2025-02-28 07:00:00,Female,32,Bronze,TV,Bangkok,1464,Web,PromptPay,7,2,4,0,30-40,48.8,2.0,1.0,0.5,23,9,3311.4049999999997,0.23,0.5,1.0,0.0,0.0,0,0,0.0,3002.34,1,0,0.0,6622.8099999999995,2,1,0.5,6622.8099999999995,2,1,0.5,0
LGS2ORD0007362,C014898,2025-02-28 07:00:00,Female,30,Bronze,TV,Bangkok,655,Shopee,COD,7,2,4,0,20-30,21.833333333333332,2.0,1.0,0.5,9,16,1426.76,0.28,1.0,0.5,0.0,0.0,0,0,0.0,2226.59,1,1,1.0,2853.52,2,1,0.5,2853.52,2,1,0.5,1
LGS2ORD0007363,C010440,2025-02-28 07:00:00,Male,36,Gold,Shopee,Chiang Mai,651,Web,Credit_Card,7,2,4,0,30-40,21.7,0.0,0.0,0.0,-1,-1,0.0,0.0,0.0,0.0,0.0,0.0,0,0,0.0,0.0,0,0,0.0,0.0,0,0,0.0,0.0,0,0,0.0,0
LGS2ORD0007364,C013380,2025-02-28 07:00:00,Female,34,Gold,Lazada,Khon Kaen,841,Web,COD,7,2,4,0,30-40,28.033333333333335,1.0,0.0,0.0,-1,34,2738.68,0.13,0.0,0.0,0.0,0.0,0,0,0.0,0.0,0,0,0.0,2738.68,1,0,0.0,2738.68,1,0,0.0,0
LGS2ORD0007365,C014742,2025-02-28 08:00:00,Male,44,Platinum,Lazada,Chonburi,686,Shopee,COD,8,2,4,0,40-50,22.866666666666667,0.0,0.0,0.0,-1,-1,0.0,0.0,0.0,0.0,0.0,0.0,0,0,0.0,0.0,0,0,0.0,0.0,0,0,0.0,0.0,0,0,0.0,0
LGS2ORD0007366,C013594,2025-02-28 08:00:00,Male,39,Bronze,Lazada,Chonburi,1122,TV_Show,Bank_Transfer,8,2,4,0,30-40,37.4,1.0,0.0,0.0,-1,55,4497.98,0.08,1.0,0.0,0.0,0.0,0,0,0.0,0.0,0,0,0.0,4497.98,1,0,0.0,4497.98,1,0,0.0,0
LGS2ORD0007367,C017912,2025-02-28 08:00:00,Male,53,Gold,CallCenter,Bangkok,271,Shopee,Bank_Transfer,8,2,4,0,>50,9.033333333333333,0.0,0.0,0.0,-1,-1,0.0,0.0,0.0,0.0,0.0,0.0,0,0,0.0,0.0,0,0,0.0,0.0,0,0,0.0,0.0,0,0,0.0,0
LGS2ORD0007368,C011609,2025-02-28 08:00:00,Male,63,Silver,TV,Bangkok,1244,Web,Credit_Card,8,2,4,0,>50,41.46666666666667,1.0,0.0,0.0,-1,28,2816.57,0.2,1.0,0.0,0.0,0.0,0,0,0.0,2816.57,1,0,0.0,2816.57,1,0,0.0,2816.57,1,0,0.0,0
LGS2ORD0007369,C014667,2025-02-28 08:00:00,Female,58,Silver,Shopee,Songkhla,588,Shopee,COD,8,2,4,0,>50,19.6,1.0,0.0,0.0,-1,4,1588.75,0.3,1.0,1.0,0.0,1588.75,1,0,0.0,1588.75,1,0,0.0,1588.75,1,0,0.0,1588.75,1,0,0.0,1
LGS2ORD0007370,C017886,2025-02-28 09:00:00,Female,54,Silver,TV,Chiang Mai,462,Lazada,COD,9,2,4,0,>50,15.4,1.0,1.0,1.0,46,57,570.75,0.3,1.0,1.0,0.0,0.0,0,0,0.0,0.0,0,0,0.0,570.75,1,1,1.0,570.75,1,1,1.0,1
LGS2ORD0007371,C015869,2025-02-28 09:00:00,Female,56,Bronze,Lazada,Phuket,1244,Shopee,Credit_Card,9,2,4,0,>50,41.46666666666667,0.0,0.0,0.0,-1,-1,0.0,0.0,0.0,0.0,0.0,0.0,0,0,0.0,0.0,0,0,0.0,0.0,0,0,0.0,0.0,0,0,0.0,0
LGS2ORD0007372,C017468,2025-02-28 09:00:00,Female,53,Bronze,Web,Remote_Area,374,Web,COD,9,2,4,0,>50,12.466666666666667,0.0,0.0,0.0,-1,-1,0.0,0.0,0.0,0.0,0.0,0.0,0,0,0.0,0.0,0,0,0.0,0.0,0,0,0.0,0.0,0,0,0.0,1
LGS2ORD0007373,C017119,2025-02-28 09:00:00,Female,46,Silver,Shopee,Chonburi,698,Lazada,COD,9,2,4,0,40-50,23.266666666666666,1.0,0.0,0.0,-1,9,18497.69,0.25,1.0,1.0,0.0,0.0,0,0,0.0,18497.69,1,0,0.0,18497.69,1,0,0.0,18497.69,1,0,0.0,0
LGS2ORD0007374,C011189,2025-02-28 09:00:00,Male,34,Bronze,TV,Khon Kaen,1500,Lazada,PromptPay,9,2,4,0,30-40,50.0,1.0,0.0,0.0,-1,0,4328.53,0.18,1.0,0.0,0.0,4328.53,1,0,0.0,4328.53,1,0,0.0,4328.53,1,0,0.0,4328.53,1,0,0.0,0
LGS2ORD0007375,C017983,2025-02-28 10:00:00,Male,39,Platinum,Shopee,Bangkok,830,Web,COD,10,2,4,0,30-40,27.666666666666668,0.0,0.0,0.0,-1,-1,0.0,0.0,0.0,0.0,0.0,0.0,0,0,0.0,0.0,0,0,0.0,0.0,0,0,0.0,0.0,0,0,0.0,0
LGS2ORD0007376,C017013,2025-02-28 10:00:00,Female,42,Silver,CallCenter,Nakhon Ratchasima,1303,Shopee,Credit_Card,10,2,4,0,40-50,43.43333333333333,2.0,0.0,0.0,-1,4,8492.529999999999,0.25,0.5,0.5,0.0,1250.17,1,0,0.0,16985.059999999998,2,0,0.0,16985.059999999998,2,0,0.0,16985.059999999998,2,0,0.0,0
LGS2ORD0007377,C015227,2025-02-28 10:00:00,Male,23,Silver,Lazada,Bangkok,635,CallCenter,COD,10,2,4,0,20-30,21.166666666666668,1.0,0.0,0.0,-1,28,469.04,0.05,1.0,0.0,0.0,0.0,0,0,0.0,469.04,1,0,0.0,469.04,1,0,0.0,469.04,1,0,0.0,1
LGS2ORD0007378,C011979,2025-02-28 10:00:00,Female,18,Silver,Web,Remote_Area,605,CallCenter,COD,10,2,4,0,<20,20.166666666666668,0.0,0.0,0.0,-1,-1,0.0,0.0,0.0,0.0,0.0,0.0,0,0,0.0,0.0,0,0,0.0,0.0,0,0,0.0,0.0,0,0,0.0,1
LGS2ORD0007379,C013235,2025-02-28 10:00:00,Male,43,Gold,Web,Nakhon Ratchasima,1038,Lazada,PromptPay,10,2,4,0,40-50,34.6,1.0,0.0,0.0,-1,53,1432.4,0.18,0.0,0.0,0.0,0.0,0,0,0.0,0.0,0,0,0.0,1432.4,1,0,0.0,1432.4,1,0,0.0,0
LGS2ORD0007380,C011200,2025-02-28 10:00:00,Male,58,Silver,TV,Chiang Mai,1262,CallCenter,COD,10,2,4,0,>50,42.06666666666667,1.0,0.0,0.0,-1,57,6926.99,0.1,0.0,0.0,0.0,0.0,0,0,0.0,0.0,0,0,0.0,6926.99,1,0,0.0,6926.99,1,0,0.0,0
LGS2ORD0007381,C012886,2025-02-28 11:00:00,Female,27,Bronze,Web,Nakhon Ratchasima,1047,Shopee,Credit_Card,11,2,4,0,20-30,34.9,0.0,0.0,0.0,-1,-1,0.0,0.0,0.0,0.0,0.0,0.0,0,0,0.0,0.0,0,0,0.0,0.0,0,0,0.0,0.0,0,0,0.0,0
LGS2ORD0007382,C016592,2025-02-28 11:00:00,Female,48,Silver,Lazada,Bangkok,1513,TV_Show,PromptPay,11,2,4,0,40-50,50.43333333333333,0.0,0.0,0.0,-1,-1,0.0,0.0,0.0,0.0,0.0,0.0,0,0,0.0,0.0,0,0,0.0,0.0,0,0,0.0,0.0,0,0,0.0,0
LGS2ORD0007383,C011549,2025-02-28 11:00:00,Other,51,Gold,TV,Nakhon Ratchasima,871,Lazada,COD,11,2,4,0,>50,29.033333333333335,0.0,0.0,0.0,-1,-1,0.0,0.0,0.0,0.0,0.0,0.0,0,0,0.0,0.0,0,0,0.0,0.0,0,0,0.0,0.0,0,0,0.0,0
LGS2ORD0007384,C013997,2025-02-28 11:00:00,Female,43,Silver,Shopee,Bangkok,1206,TV_Show,Credit_Card,11,2,4,0,40-50,40.2,1.0,0.0,0.0,-1,12,3665.0,0.2,0.0,0.0,0.0,0.0,0,0,0.0,3665.0,1,0,0.0,3665.0,1,0,0.0,3665.0,1,0,0.0,0
LGS2ORD0007385,C012397,2025-02-28 11:00:00,Male,49,Bronze,TV,Nakhon Ratchasima,1187,CallCenter,COD,11,2,4,0,40-50,39.56666666666667,2.0,0.0,0.0,-1,22,10194.975,0.18,1.0,0.0,0.0,0.0,0,0,0.0,20389.95,2,0,0.0,20389.95,2,0,0.0,20389.95,2,0,0.0,1
LGS2ORD0007386,C011405,2025-02-28 12:00:00,Male,54,Platinum,TV,Bangkok,1498,TV_Show,PromptPay,12,2,4,0,>50,49.93333333333333,0.0,0.0,0.0,-1,-1,0.0,0.0,0.0,0.0,0.0,0.0,0,0,0.0,0.0,0,0,0.0,0.0,0,0,0.0,0.0,0,0,0.0,0
LGS2ORD0007387,C017990,2025-02-28 12:00:00,Male,36,Bronze,Shopee,Bangkok,1451,Shopee,COD,12,2,4,0,30-40,48.36666666666667,0.0,0.0,0.0,-1,-1,0.0,0.0,0.0,0.0,0.0,0.0,0,0,0.0,0.0,0,0,0.0,0.0,0,0,0.0,0.0,0,0,0.0,0
LGS2ORD0007388,C017014,2025-02-28 12:00:00,Male,39,Bronze,Shopee,Khon Kaen,333,TV_Show,COD,12,2,4,0,30-40,11.1,1.0,0.0,0.0,-1,17,3479.43,0.18,1.0,0.0,0.0,0.0,0,0,0.0,3479.43,1,0,0.0,3479.43,1,0,0.0,3479.43,1,0,0.0,1
LGS2ORD0007389,C012066,2025-02-28 12:00:00,Male,35,Silver,Lazada,Bangkok,1302,Lazada,Bank_Transfer,12,2,4,0,30-40,43.4,1.0,0.0,0.0,-1,2,8215.61,0.2,1.0,0.0,0.0,8215.61,1,0,0.0,8215.61,1,0,0.0,8215.61,1,0,0.0,8215.61,1,0,0.0,0
LGS2ORD0007390,C013441,2025-02-28 12:00:00,Male,21,Gold,TV,Remote_Area,439,Web,PromptPay,12,2,4,0,20-30,14.633333333333333,0.0,0.0,0.0,-1,-1,0.0,0.0,0.0,0.0,0.0,0.0,0,0,0.0,0.0,0,0,0.0,0.0,0,0,0.0,0.0,0,0,0.0,0
LGS2ORD0007391,C015498,2025-02-28 13:00:00,Female,54,Bronze,TV,Songkhla,1469,CallCenter,COD,13,2,4,0,>50,48.96666666666667,0.0,0.0,0.0,-1,-1,0.0,0.0,0.0,0.0,0.0,0.0,0,0,0.0,0.0,0,0,0.0,0.0,0,0,0.0,0.0,0,0,0.0,0
LGS2ORD0007392,C012475,2025-02-28 13:00:00,Female,32,Bronze,Lazada,Bangkok,931,TV_Show,COD,13,2,4,0,30-40,31.033333333333335,0.0,0.0,0.0,-1,-1,0.0,0.0,0.0,0.0,0.0,0.0,0,0,0.0,0.0,0,0,0.0,0.0,0,0,0.0,0.0,0,0,0.0,0
LGS2ORD0007393,C010141,2025-02-28 13:00:00,Female,30,Bronze,Web,Bangkok,180,Shopee,Credit_Card,13,2,4,0,20-30,6.0,1.0,0.0,0.0,-1,3,4580.95,0.23,1.0,1.0,0.0,4580.95,1,0,0.0,4580.95,1,0,0.0,4580.95,1,0,0.0,4580.95,1,0,0.0,1
LGS2ORD0007394,C011300,2025-02-28 13:00:00,Female,29,Bronze,TV,Nakhon Ratchasima,891,Shopee,COD,13,2,4,0,20-30,29.7,0.0,0.0,0.0,-1,-1,0.0,0.0,0.0,0.0,0.0,0.0,0,0,0.0,0.0,0,0,0.0,0.0,0,0,0.0,0.0,0,0,0.0,0
LGS2ORD0007395,C012094,2025-02-28 13:00:00,Male,45,Bronze,Web,Chiang Mai,621,Web,Bank_Transfer,13,2,4,0,40-50,20.7,1.0,0.0,0.0,-1,30,30404.65,0.03,1.0,0.0,0.0,0.0,0,0,0.0,0.0,0,0,0.0,30404.65,1,0,0.0,30404.65,1,0,0.0,1
LGS2ORD0007396,C014972,2025-02-28 14:00:00,Male,30,Bronze,CallCenter,Nakhon Ratchasima,1336,Web,Bank_Transfer,14,2,4,0,20-30,44.53333333333333,0.0,0.0,0.0,-1,-1,0.0,0.0,0.0,0.0,0.0,0.0,0,0,0.0,0.0,0,0,0.0,0.0,0,0,0.0,0.0,0,0,0.0,0
LGS2ORD0007397,C010900,2025-02-28 14:00:00,Female,58,Bronze,Web,Songkhla,88,Web,COD,14,2,4,0,>50,2.933333333333333,3.0,1.0,0.3333333333333333,-3,4,11846.113333333333,0.28,0.3333333333333333,0.3333333333333333,0.0,1730.56,1,1,1.0,35538.34,3,1,0.3333333333333333,35538.34,3,1,0.3333333333333333,35538.34,3,1,0.3333333333333333,1
LGS2ORD0007398,C012052,2025-02-28 14:00:00,Male,51,Gold,TV,Bangkok,856,TV_Show,Credit_Card,14,2,4,0,>50,28.533333333333335,1.0,0.0,0.0,-1,1,6424.12,0.08,1.0,0.0,0.0,6424.12,1,0,0.0,6424.12,1,0,0.0,6424.12,1,0,0.0,6424.12,1,0,0.0,0
LGS2ORD0007399,C011453,2025-02-28 14:00:00,Female,45,Silver,CallCenter,Remote_Area,616,Web,COD,14,2,4,0,40-50,20.533333333333335,0.0,0.0,0.0,-1,-1,0.0,0.0,0.0,0.0,0.0,0.0,0,0,0.0,0.0,0,0,0.0,0.0,0,0,0.0,0.0,0,0,0.0,1
LGS2ORD0007400,C012989,2025-02-28 14:00:00,Female,18,Gold,Web,Bangkok,806,TV_Show,COD,14,2,4,0,<20,26.866666666666667,0.0,0.0,0.0,-1,-1,0.0,0.0,0.0,0.0,0.0,0.0,0,0,0.0,0.0,0,0,0.0,0.0,0,0,0.0,0.0,0,0,0.0,0
LGS2ORD0007401,C016762,2025-02-28 14:00:00,Female,40,Gold,CallCenter,Nakhon Ratchasima,1383,Shopee,COD,14,2,4,0,30-40,46.1,0.0,0.0,0.0,-1,-1,0.0,0.0,0.0,0.0,0.0,0.0,0,0,0.0,0.0,0,0,0.0,0.0,0,0,0.0,0.0,0,0,0.0,1
LGS2ORD0007402,C016565,2025-02-28 15:00:00,Male,49,Bronze,TV,Phuket,240,Shopee,PromptPay,15,2,4,0,40-50,8.0,0.0,0.0,0.0,-1,-1,0.0,0.0,0.0,0.0,0.0,0.0,0,0,0.0,0.0,0,0,0.0,0.0,0,0,0.0,0.0,0,0,0.0,0
LGS2ORD0007403,C012834,2025-02-28 15:00:00,Male,43,Bronze,TV,Bangkok,1126,TV_Show,Credit_Card,15,2,4,0,40-50,37.53333333333333,0.0,0.0,0.0,-1,-1,0.0,0.0,0.0,0.0,0.0,0.0,0,0,0.0,0.0,0,0,0.0,0.0,0,0,0.0,0.0,0,0,0.0,0
LGS2ORD0007404,C017028,2025-02-28 15:00:00,Female,55,Bronze,TV,Khon Kaen,446,Web,Bank_Transfer,15,2,4,0,>50,14.866666666666667,1.0,0.0,0.0,-1,58,1348.3,0.03,0.0,0.0,0.0,0.0,0,0,0.0,0.0,0,0,0.0,1348.3,1,0,0.0,1348.3,1,0,0.0,0
LGS2ORD0007405,C015219,2025-02-28 15:00:00,Male,38,Platinum,Web,Bangkok,1096,Web,Credit_Card,15,2,4,0,30-40,36.53333333333333,0.0,0.0,0.0,-1,-1,0.0,0.0,0.0,0.0,0.0,0.0,0,0,0.0,0.0,0,0,0.0,0.0,0,0,0.0,0.0,0,0,0.0,0
LGS2ORD0007406,C013738,2025-02-28 15:00:00,Female,49,Silver,Lazada,Phuket,1354,Web,COD,15,2,4,0,40-50,45.13333333333333,0.0,0.0,0.0,-1,-1,0.0,0.0,0.0,0.0,0.0,0.0,0,0,0.0,0.0,0,0,0.0,0.0,0,0,0.0,0.0,0,0,0.0,0
LGS2ORD0007407,C014894,2025-02-28 16:00:00,Male,47,Silver,TV,Chonburi,735,Web,Credit_Card,16,2,4,0,40-50,24.5,1.0,0.0,0.0,-1,17,1170.14,0.25,1.0,1.0,0.0,0.0,0,0,0.0,1170.14,1,0,0.0,1170.14,1,0,0.0,1170.14,1,0,0.0,0
LGS2ORD0007408,C013237,2025-02-28 16:00:00,Male,49,Bronze,CallCenter,Chonburi,134,Shopee,COD,16,2,4,0,40-50,4.466666666666667,0.0,0.0,0.0,-1,-1,0.0,0.0,0.0,0.0,0.0,0.0,0,0,0.0,0.0,0,0,0.0,0.0,0,0,0.0,0.0,0,0,0.0,1
LGS2ORD0007409,C014982,2025-02-28 16:00:00,Male,44,Silver,Lazada,Bangkok,1501,CallCenter,COD,16,2,4,0,40-50,50.03333333333333,0.0,0.0,0.0,-1,-1,0.0,0.0,0.0,0.0,0.0,0.0,0,0,0.0,0.0,0,0,0.0,0.0,0,0,0.0,0.0,0,0,0.0,0
LGS2ORD0007410,C010297,2025-02-28 16:00:00,Male,36,Platinum,Shopee,Bangkok,701,TV_Show,Credit_Card,16,2,4,0,30-40,23.366666666666667,1.0,0.0,0.0,-1,4,11792.54,0.1,0.0,0.0,0.0,11792.54,1,0,0.0,11792.54,1,0,0.0,11792.54,1,0,0.0,11792.54,1,0,0.0,0
LGS2ORD0007411,C017600,2025-02-28 16:00:00,Female,48,Bronze,Web,Chiang Mai,549,TV_Show,Credit_Card,16,2,4,0,40-50,18.3,0.0,0.0,0.0,-1,-1,0.0,0.0,0.0,0.0,0.0,0.0,0,0,0.0,0.0,0,0,0.0,0.0,0,0,0.0,0.0,0,0,0.0,0
LGS2ORD0007412,C017566,2025-02-28 17:00:00,Male,49,Bronze,Lazada,Khon Kaen,959,TV_Show,COD,17,2,4,0,40-50,31.966666666666665,1.0,1.0,1.0,40,51,5711.35,0.28,1.0,1.0,0.0,0.0,0,0,0.0,0.0,0,0,0.0,5711.35,1,1,1.0,5711.35,1,1,1.0,0
LGS2ORD0007413,C011660,2025-02-28 17:00:00,Male,58,Platinum,CallCenter,Phuket,474,Web,COD,17,2,4,0,>50,15.8,1.0,0.0,0.0,-1,52,913.3,0.25,0.0,1.0,0.0,0.0,0,0,0.0,0.0,0,0,0.0,913.3,1,0,0.0,913.3,1,0,0.0,1
LGS2ORD0007414,C012516,2025-02-28 17:00:00,Male,27,Bronze,Web,Nakhon Ratchasima,497,TV_Show,Bank_Transfer,17,2,4,0,20-30,16.566666666666666,0.0,0.0,0.0,-1,-1,0.0,0.0,0.0,0.0,0.0,0.0,0,0,0.0,0.0,0,0,0.0,0.0,0,0,0.0,0.0,0,0,0.0,0
LGS2ORD0007415,C015710,2025-02-28 17:00:00,Female,46,Platinum,TV,Khon Kaen,222,TV_Show,Bank_Transfer,17,2,4,0,40-50,7.4,0.0,0.0,0.0,-1,-1,0.0,0.0,0.0,0.0,0.0,0.0,0,0,0.0,0.0,0,0,0.0,0.0,0,0,0.0,0.0,0,0,0.0,0
LGS2ORD0007416,C015015,2025-02-28 17:00:00,Female,44,Bronze,Web,Bangkok,92,Web,Credit_Card,17,2,4,0,40-50,3.066666666666667,0.0,0.0,0.0,-1,-1,0.0,0.0,0.0,0.0,0.0,0.0,0,0,0.0,0.0,0,0,0.0,0.0,0,0,0.0,0.0,0,0,0.0,0
LGS2ORD0007417,C015455,2025-02-28 18:00:00,Female,47,Bronze,TV,Phuket,1390,CallCenter,COD,18,2,4,0,40-50,46.333333333333336,0.0,0.0,0.0,-1,-1,0.0,0.0,0.0,0.0,0.0,0.0,0,0,0.0,0.0,0,0,0.0,0.0,0,0,0.0,0.0,0,0,0.0,0
LGS2ORD0007418,C013767,2025-02-28 18:00:00,Female,23,Bronze,TV,Nakhon Ratchasima,616,TV_Show,COD,18,2,4,0,20-30,20.533333333333335,3.0,1.0,0.3333333333333333,39,27,4329.98,0.28,0.6666666666666666,0.3333333333333333,0.0,0.0,0,0,0.0,2696.7,1,0,0.0,12989.939999999999,3,1,0.3333333333333333,12989.939999999999,3,1,0.3333333333333333,0
LGS2ORD0007419,C011756,2025-02-28 18:00:00,Female,59,Bronze,Web,Chiang Mai,1348,Web,Credit_Card,18,2,4,0,>50,44.93333333333333,0.0,0.0,0.0,-1,-1,0.0,0.0,0.0,0.0,0.0,0.0,0,0,0.0,0.0,0,0,0.0,0.0,0,0,0.0,0.0,0,0,0.0,0
LGS2ORD0007420,C011445,2025-02-28 18:00:00,Female,39,Bronze,Lazada,Bangkok,334,Shopee,COD,18,2,4,0,30-40,11.133333333333333,0.0,0.0,0.0,-1,-1,0.0,0.0,0.0,0.0,0.0,0.0,0,0,0.0,0.0,0,0,0.0,0.0,0,0,0.0,0.0,0,0,0.0,1
LGS2ORD0007421,C011905,2025-02-28 18:00:00,Female,63,Silver,TV,Remote_Area,1414,TV_Show,Credit_Card,18,2,4,0,>50,47.13333333333333,0.0,0.0,0.0,-1,-1,0.0,0.0,0.0,0.0,0.0,0.0,0,0,0.0,0.0,0,0,0.0,0.0,0,0,0.0,0.0,0,0,0.0,0
LGS2ORD0007422,C012095,2025-02-28 18:00:00,Female,49,Bronze,TV,Bangkok,1206,Web,COD,18,2,4,0,40-50,40.2,1.0,1.0,1.0,42,49,12385.59,0.08,1.0,0.0,0.0,0.0,0,0,0.0,0.0,0,0,0.0,12385.59,1,1,1.0,12385.59,1,1,1.0,0
LGS2ORD0007423,C017007,2025-02-28 19:00:00,Male,39,Bronze,CallCenter,Chonburi,749,Shopee,COD,19,2,4,0,30-40,24.966666666666665,0.0,0.0,0.0,-1,-1,0.0,0.0,0.0,0.0,0.0,0.0,0,0,0.0,0.0,0,0,0.0,0.0,0,0,0.0,0.0,0,0,0.0,0
LGS2ORD0007424,C015165,2025-02-28 19:00:00,Female,45,Bronze,TV,Bangkok,1456,CallCenter,Credit_Card,19,2,4,0,40-50,48.53333333333333,2.0,0.0,0.0,-1,22,3891.2799999999997,0.28,0.0,1.0,0.0,0.0,0,0,0.0,5046.25,1,0,0.0,7782.5599999999995,2,0,0.0,7782.5599999999995,2,0,0.0,0
LGS2ORD0007425,C012916,2025-02-28 19:00:00,Male,59,Silver,Web,Bangkok,655,Web,COD,19,2,4,0,>50,21.833333333333332,0.0,0.0,0.0,-1,-1,0.0,0.0,0.0,0.0,0.0,0.0,0,0,0.0,0.0,0,0,0.0,0.0,0,0,0.0,0.0,0,0,0.0,0
LGS2ORD0007426,C013838,2025-02-28 19:00:00,Male,60,Bronze,CallCenter,Remote_Area,154,Lazada,COD,19,2,4,0,>50,5.133333333333334,3.0,1.0,0.3333333333333333,15,2,4701.64,0.28,0.3333333333333333,0.3333333333333333,0.0,10427.64,1,0,0.0,10427.64,1,0,0.0,14104.92,3,1,0.3333333333333333,14104.92,3,1,0.3333333333333333,1
LGS2ORD0007427,C015573,2025-02-28 19:00:00,Female,45,Silver,Shopee,Bangkok,1467,CallCenter,COD,19,2,4,0,40-50,48.9,1.0,0.0,0.0,-1,34,708.36,0.1,1.0,0.0,0.0,0.0,0,0,0.0,0.0,0,0,0.0,708.36,1,0,0.0,708.36,1,0,0.0,0
LGS2ORD0007428,C015074,2025-02-28 20:00:00,Female,55,Silver,Shopee,Nakhon Ratchasima,113,Lazada,COD,20,2,4,0,>50,3.7666666666666666,1.0,0.0,0.0,-1,21,2171.97,0.05,0.0,0.0,0.0,0.0,0,0,0.0,2171.97,1,0,0.0,2171.97,1,0,0.0,2171.97,1,0,0.0,1
LGS2ORD0007429,C013864,2025-02-28 20:00:00,Male,27,Gold,Web,Phuket,168,Web,Credit_Card,20,2,4,0,20-30,5.6,2.0,2.0,1.0,31,43,15854.07,0.28,1.0,1.0,0.0,0.0,0,0,0.0,0.0,0,0,0.0,31708.14,2,2,1.0,31708.14,2,2,1.0,0
LGS2ORD0007430,C014937,2025-02-28 20:00:00,Male,42,Bronze,Shopee,Phuket,1131,Shopee,COD,20,2,4,0,40-50,37.7,0.0,0.0,0.0,-1,-1,0.0,0.0,0.0,0.0,0.0,0.0,0,0,0.0,0.0,0,0,0.0,0.0,0,0,0.0,0.0,0,0,0.0,0
LGS2ORD0007431,C012512,2025-02-28 20:00:00,Male,28,Bronze,TV,Chiang Mai,548,TV_Show,COD,20,2,4,0,20-30,18.266666666666666,1.0,0.0,0.0,-1,14,14947.48,0.13,1.0,0.0,0.0,0.0,0,0,0.0,14947.48,1,0,0.0,14947.48,1,0,0.0,14947.48,1,0,0.0,0
LGS2ORD0007432,C015511,2025-02-28 20:00:00,Male,57,Silver,CallCenter,Bangkok,375,TV_Show,PromptPay,20,2,4,0,>50,12.5,0.0,0.0,0.0,-1,-1,0.0,0.0,0.0,0.0,0.0,0.0,0,0,0.0,0.0,0,0,0.0,0.0,0,0,0.0,0.0,0,0,0.0,0
LGS2ORD0007433,C012001,2025-02-28 21:00:00,Female,39,Silver,Web,Remote_Area,944,Web,Credit_Card,21,2,4,0,30-40,31.466666666666665,0.0,0.0,0.0,-1,-1,0.0,0.0,0.0,0.0,0.0,0.0,0,0,0.0,0.0,0,0,0.0,0.0,0,0,0.0,0.0,0,0,0.0,1
LGS2ORD0007434,C014935,2025-02-28 21:00:00,Male,33,Silver,Shopee,Chonburi,806,Shopee,Credit_Card,21,2,4,0,30-40,26.866666666666667,0.0,0.0,0.0,-1,-1,0.0,0.0,0.0,0.0,0.0,0.0,0,0,0.0,0.0,0,0,0.0,0.0,0,0,0.0,0.0,0,0,0.0,1
LGS2ORD0007435,C012003,2025-02-28 21:00:00,Male,47,Bronze,Web,Chiang Mai,388,TV_Show,PromptPay,21,2,4,0,40-50,12.933333333333334,1.0,0.0,0.0,-1,27,9888.93,0.18,0.0,0.0,0.0,0.0,0,0,0.0,9888.93,1,0,0.0,9888.93,1,0,0.0,9888.93,1,0,0.0,0
LGS2ORD0007436,C015136,2025-02-28 21:00:00,Female,28,Silver,Web,Phuket,290,Shopee,COD,21,2,4,0,20-30,9.666666666666666,2.0,0.0,0.0,-1,1,2459.75,0.25,0.5,0.5,0.0,1617.47,1,0,0.0,1617.47,1,0,0.0,4919.5,2,0,0.0,4919.5,2,0,0.0,1
LGS2ORD0007437,C014156,2025-02-28 21:00:00,Male,42,Bronze,Web,Chonburi,1187,Lazada,COD,21,2,4,0,40-50,39.56666666666667,3.0,1.0,0.3333333333333333,3,5,1678.6666666666667,0.28,0.6666666666666666,0.3333333333333333,0.0,689.38,1,0,0.0,2687.15,2,1,0.5,5036.0,3,1,0.3333333333333333,5036.0,3,1,0.3333333333333333,0
LGS2ORD0007438,C016511,2025-02-28 22:00:00,Female,56,Bronze,CallCenter,Chiang Mai,208,Web,COD,22,2,4,0,>50,6.933333333333334,0.0,0.0,0.0,-1,-1,0.0,0.0,0.0,0.0,0.0,0.0,0,0,0.0,0.0,0,0,0.0,0.0,0,0,0.0,0.0,0,0,0.0,0
LGS2ORD0007439,C016641,2025-02-28 22:00:00,Female,37,Bronze,TV,Chonburi,722,Shopee,COD,22,2,4,0,30-40,24.066666666666666,3.0,1.0,0.3333333333333333,34,25,13636.563333333334,0.28,0.3333333333333333,0.6666666666666666,0.0,0.0,0,0,0.0,9089.4,1,0,0.0,40909.69,3,1,0.3333333333333333,40909.69,3,1,0.3333333333333333,0
LGS2ORD0007440,C011263,2025-02-28 22:00:00,Female,47,Silver,Shopee,Remote_Area,825,CallCenter,Bank_Transfer,22,2,4,0,40-50,27.5,0.0,0.0,0.0,-1,-1,0.0,0.0,0.0,0.0,0.0,0.0,0,0,0.0,0.0,0,0,0.0,0.0,0,0,0.0,0.0,0,0,0.0,1
LGS2ORD0007441,C010613,2025-02-28 22:00:00,Male,47,Silver,Lazada,Remote_Area,833,CallCenter,COD,22,2,4,0,40-50,27.766666666666666,3.0,2.0,0.6666666666666666,-10,3,2258.133333333333,0.25,0.6666666666666666,0.6666666666666666,0.0,2952.45,1,1,1.0,4842.44,2,1,0.5,6774.4,3,2,0.6666666666666666,6774.4,3,2,0.6666666666666666,1
LGS2ORD0007442,C014160,2025-02-28 22:00:00,Male,31,Bronze,Shopee,Phuket,1080,Shopee,COD,22,2,4,0,30-40,36.0,2.0,0.0,0.0,-1,28,2834.015,0.23,0.5,0.5,0.0,0.0,0,0,0.0,3399.6,1,0,0.0,5668.03,2,0,0.0,5668.03,2,0,0.0,1
LGS2ORD0007443,C015934,2025-02-28 22:00:00,Male,51,Gold,Shopee,Bangkok,1151,Web,Credit_Card,22,2,4,0,>50,38.36666666666667,0.0,0.0,0.0,-1,-1,0.0,0.0,0.0,0.0,0.0,0.0,0,0,0.0,0.0,0,0,0.0,0.0,0,0,0.0,0.0,0,0,0.0,0
LGS2ORD0007444,C011856,2025-02-28 23:00:00,Female,43,Bronze,Web,Khon Kaen,573,TV_Show,COD,23,2,4,0,40-50,19.1,0.0,0.0,0.0,-1,-1,0.0,0.0,0.0,0.0,0.0,0.0,0,0,0.0,0.0,0,0,0.0,0.0,0,0,0.0,0.0,0,0,0.0,1
LGS2ORD0007445,C013558,2025-02-28 23:00:00,Female,47,Bronze,TV,Bangkok,549,Web,COD,23,2,4,0,40-50,18.3,1.0,0.0,0.0,-1,44,13505.34,0.18,0.0,0.0,0.0,0.0,0,0,0.0,0.0,0,0,0.0,13505.34,1,0,0.0,13505.34,1,0,0.0,0
LGS2ORD0007446,C015846,2025-02-28 23:00:00,Male,42,Bronze,TV,Songkhla,1485,Shopee,PromptPay,23,2,4,0,40-50,49.5,0.0,0.0,0.0,-1,-1,0.0,0.0,0.0,0.0,0.0,0.0,0,0,0.0,0.0,0,0,0.0,0.0,0,0,0.0,0.0,0,0,0.0,1
LGS2ORD0007447,C010876,2025-02-28 23:00:00,Female,49,Gold,TV,Chiang Mai,89,TV_Show,Credit_Card,23,2,4,0,40-50,2.966666666666667,0.0,0.0,0.0,-1,-1,0.0,0.0,0.0,0.0,0.0,0.0,0,0,0.0,0.0,0,0,0.0,0.0,0,0,0.0,0.0,0,0,0.0,0
LGS2ORD0007448,C014457,2025-02-28 23:00:00,Male,29,Silver,CallCenter,Phuket,1107,Lazada,COD,23,2,4,0,20-30,36.9,0.0,0.0,0.0,-1,-1,0.0,0.0,0.0,0.0,0.0,0.0,0,0,0.0,0.0,0,0,0.0,0.0,0,0,0.0,0.0,0,0,0.0,0
LGS2ORD0007449,C013755,2025-03-01 00:00:00,Female,34,Silver,Shopee,Chiang Mai,638,TV_Show,COD,0,3,5,1,30-40,21.266666666666666,0.0,0.0,0.0,-1,-1,0.0,0.0,0.0,0.0,0.0,0.0,0,0,0.0,0.0,0,0,0.0,0.0,0,0,0.0,0.0,0,0,0.0,1
LGS2ORD0007450,C010147,2025-03-01 00:00:00,Male,50,Silver,TV,Songkhla,572,TV_Show,Bank_Transfer,0,3,5,1,40-50,19.066666666666666,2.0,0.0,0.0,-1,1,1872.52,0.25,0.0,0.5,0.0,3094.49,1,0,0.0,3094.49,1,0,0.0,3745.04,2,0,0.0,3745.04,2,0,0.0,0
LGS2ORD0007451,C015843,2025-03-01 00:00:00,Male,48,Bronze,Shopee,Songkhla,705,TV_Show,Bank_Transfer,0,3,5,1,40-50,23.5,0.0,0.0,0.0,-1,-1,0.0,0.0,0.0,0.0,0.0,0.0,0,0,0.0,0.0,0,0,0.0,0.0,0,0,0.0,0.0,0,0,0.0,1
LGS2ORD0007452,C012377,2025-03-01 00:00:00,Male,36,Silver,Shopee,Remote_Area,103,TV_Show,Credit_Card,0,3,5,1,30-40,3.433333333333333,1.0,0.0,0.0,-1,29,1852.38,0.1,0.0,0.0,0.0,0.0,0,0,0.0,1852.38,1,0,0.0,1852.38,1,0,0.0,1852.38,1,0,0.0,0
LGS2ORD0007453,C014464,2025-03-01 00:00:00,Male,35,Bronze,TV,Chonburi,1158,Web,COD,0,3,5,1,30-40,38.6,0.0,0.0,0.0,-1,-1,0.0,0.0,0.0,0.0,0.0,0.0,0,0,0.0,0.0,0,0,0.0,0.0,0,0,0.0,0.0,0,0,0.0,0
LGS2ORD0007454,C011637,2025-03-01 01:00:00,Male,36,Gold,Shopee,Nakhon Ratchasima,996,TV_Show,PromptPay,1,3,5,1,30-40,33.2,1.0,0.0,0.0,-1,35,6474.31,0.2299999999999999,0.0,1.0,0.0,0.0,0,0,0.0,0.0,0,0,0.0,6474.31,1,0,0.0,6474.31,1,0,0.0,0
LGS2ORD0007455,C014860,2025-03-01 01:00:00,Male,33,Bronze,TV,Songkhla,1140,TV_Show,COD,1,3,5,1,30-40,38.0,2.0,0.0,0.0,-1,33,7152.76,0.28,0.0,0.5,0.0,0.0,0,0,0.0,0.0,0,0,0.0,14305.52,2,0,0.0,14305.52,2,0,0.0,0
LGS2ORD0007456,C016914,2025-03-01 01:00:00,Female,39,Bronze,Shopee,Phuket,1372,TV_Show,COD,1,3,5,1,30-40,45.733333333333334,3.0,1.0,0.3333333333333333,26,15,8273.27,0.08,0.3333333333333333,0.0,0.0,0.0,0,0,0.0,2366.54,1,0,0.0,24819.81,3,1,0.3333333333333333,24819.81,3,1,0.3333333333333333,0
LGS2ORD0007457,C017866,2025-03-01 01:00:00,Female,66,Bronze,Shopee,Chonburi,1494,Shopee,COD,1,3,5,1,>50,49.8,0.0,0.0,0.0,-1,-1,0.0,0.0,0.0,0.0,0.0,0.0,0,0,0.0,0.0,0,0,0.0,0.0,0,0,0.0,0.0,0,0,0.0,1
LGS2ORD0007458,C011249,2025-03-01 01:00:00,Female,52,Bronze,TV,Remote_Area,1069,TV_Show,COD,1,3,5,1,>50,35.63333333333333,0.0,0.0,0.0,-1,-1,0.0,0.0,0.0,0.0,0.0,0.0,0,0,0.0,0.0,0,0,0.0,0.0,0,0,0.0,0.0,0,0,0.0,1
LGS2ORD0007459,C015852,2025-03-01 01:00:00,Male,51,Silver,CallCenter,Phuket,202,Web,Credit_Card,1,3,5,1,>50,6.733333333333333,1.0,1.0,1.0,45,52,13128.25,0.3,1.0,1.0,0.0,0.0,0,0,0.0,0.0,0,0,0.0,13128.25,1,1,1.0,13128.25,1,1,1.0,0
LGS2ORD0007460,C011172,2025-03-01 02:00:00,Male,48,Platinum,Web,Chonburi,643,Web,COD,2,3,5,1,40-50,21.433333333333334,1.0,0.0,0.0,-1,5,1862.62,0.1,1.0,0.0,0.0,1862.62,1,0,0.0,1862.62,1,0,0.0,1862.62,1,0,0.0,1862.62,1,0,0.0,0
LGS2ORD0007461,C017248,2025-03-01 02:00:00,Female,72,Bronze,TV,Phuket,455,CallCenter,PromptPay,2,3,5,1,>50,15.166666666666666,1.0,0.0,0.0,-1,48,1855.94,0.03,1.0,0.0,0.0,0.0,0,0,0.0,0.0,0,0,0.0,1855.94,1,0,0.0,1855.94,1,0,0.0,0
LGS2ORD0007462,C017583,2025-03-01 02:00:00,Male,46,Bronze,TV,Khon Kaen,1020,TV_Show,COD,2,3,5,1,40-50,34.0,2.0,0.0,0.0,-1,18,1295.91,0.08,0.0,0.0,0.0,0.0,0,0,0.0,1740.94,1,0,0.0,2591.82,2,0,0.0,2591.82,2,0,0.0,0
LGS2ORD0007463,C015094,2025-03-01 02:00:00,Female,46,Bronze,TV,Chiang Mai,650,TV_Show,COD,2,3,5,1,40-50,21.666666666666668,1.0,0.0,0.0,-1,4,7974.67,0.08,1.0,0.0,0.0,7974.67,1,0,0.0,7974.67,1,0,0.0,7974.67,1,0,0.0,7974.67,1,0,0.0,1
LGS2ORD0007464,C013256,2025-03-01 02:00:00,Male,58,Silver,Lazada,Khon Kaen,1475,Web,PromptPay,2,3,5,1,>50,49.166666666666664,1.0,0.0,0.0,-1,45,562.6,0.25,0.0,1.0,0.0,0.0,0,0,0.0,0.0,0,0,0.0,562.6,1,0,0.0,562.6,1,0,0.0,0
LGS2ORD0007465,C014576,2025-03-01 03:00:00,Male,48,Silver,Shopee,Khon Kaen,838,Web,Credit_Card,3,3,5,1,40-50,27.933333333333334,0.0,0.0,0.0,-1,-1,0.0,0.0,0.0,0.0,0.0,0.0,0,0,0.0,0.0,0,0,0.0,0.0,0,0,0.0,0.0,0,0,0.0,0
LGS2ORD0007466,C017019,2025-03-01 03:00:00,Female,44,Bronze,TV,Chonburi,251,Shopee,Credit_Card,3,3,5,1,40-50,8.366666666666667,2.0,1.0,0.5,34,43,3060.88,0.23,0.5,0.5,0.0,0.0,0,0,0.0,0.0,0,0,0.0,6121.76,2,1,0.5,6121.76,2,1,0.5,0
LGS2ORD0007467,C016955,2025-03-01 03:00:00,Female,43,Bronze,TV,Chiang Mai,354,TV_Show,COD,3,3,5,1,40-50,11.8,1.0,0.0,0.0,-1,16,10430.18,0.03,0.0,0.0,0.0,0.0,0,0,0.0,10430.18,1,0,0.0,10430.18,1,0,0.0,10430.18,1,0,0.0,0
LGS2ORD0007468,C012464,2025-03-01 03:00:00,Male,41,Gold,Web,Songkhla,602,Web,PromptPay,3,3,5,1,40-50,20.066666666666666,0.0,0.0,0.0,-1,-1,0.0,0.0,0.0,0.0,0.0,0.0,0,0,0.0,0.0,0,0,0.0,0.0,0,0,0.0,0.0,0,0,0.0,0
LGS2ORD0007469,C012249,2025-03-01 03:00:00,Female,37,Bronze,Shopee,Songkhla,668,Shopee,COD,3,3,5,1,30-40,22.266666666666666,1.0,1.0,1.0,30,38,7308.63,0.18,0.0,0.0,0.0,0.0,0,0,0.0,0.0,0,0,0.0,7308.63,1,1,1.0,7308.63,1,1,1.0,1
LGS2ORD0007470,C016732,2025-03-01 04:00:00,Male,63,Platinum,Web,Chiang Mai,963,Lazada,Credit_Card,4,3,5,1,>50,32.1,0.0,0.0,0.0,-1,-1,0.0,0.0,0.0,0.0,0.0,0.0,0,0,0.0,0.0,0,0,0.0,0.0,0,0,0.0,0.0,0,0,0.0,0
LGS2ORD0007471,C014223,2025-03-01 04:00:00,Female,56,Bronze,Shopee,Nakhon Ratchasima,151,Shopee,COD,4,3,5,1,>50,5.033333333333333,1.0,1.0,1.0,41,56,809.21,0.23,1.0,1.0,0.0,0.0,0,0,0.0,0.0,0,0,0.0,809.21,1,1,1.0,809.21,1,1,1.0,1
LGS2ORD0007472,C014048,2025-03-01 04:00:00,Female,37,Bronze,CallCenter,Phuket,747,Web,COD,4,3,5,1,30-40,24.9,0.0,0.0,0.0,-1,-1,0.0,0.0,0.0,0.0,0.0,0.0,0,0,0.0,0.0,0,0,0.0,0.0,0,0,0.0,0.0,0,0,0.0,0
LGS2ORD0007473,C013744,2025-03-01 04:00:00,Male,45,Bronze,CallCenter,Songkhla,233,TV_Show,COD,4,3,5,1,40-50,7.766666666666667,2.0,2.0,1.0,9,19,1355.85,0.23,0.5,0.5,0.0,0.0,0,0,0.0,2711.7,2,2,1.0,2711.7,2,2,1.0,2711.7,2,2,1.0,0
LGS2ORD0007474,C012229,2025-03-01 04:00:00,Female,19,Bronze,Web,Khon Kaen,244,CallCenter,COD,4,3,5,1,<20,8.133333333333333,1.0,0.0,0.0,-1,10,23755.99,0.08,0.0,0.0,0.0,0.0,0,0,0.0,23755.99,1,0,0.0,23755.99,1,0,0.0,23755.99,1,0,0.0,0
LGS2ORD0007475,C013212,2025-03-01 05:00:00,Female,31,Silver,Shopee,Songkhla,871,TV_Show,COD,5,3,5,1,30-40,29.033333333333335,1.0,0.0,0.0,-1,19,1043.71,0.15,1.0,0.0,0.0,0.0,0,0,0.0,1043.71,1,0,0.0,1043.71,1,0,0.0,1043.71,1,0,0.0,0
LGS2ORD0007476,C011220,2025-03-01 05:00:00,Male,71,Bronze,CallCenter,Bangkok,680,CallCenter,Credit_Card,5,3,5,1,>50,22.666666666666668,1.0,0.0,0.0,-1,24,6496.67,0.03,0.0,0.0,0.0,0.0,0,0,0.0,6496.67,1,0,0.0,6496.67,1,0,0.0,6496.67,1,0,0.0,0
LGS2ORD0007477,C010816,2025-03-01 05:00:00,Male,68,Silver,Shopee,Bangkok,401,TV_Show,PromptPay,5,3,5,1,>50,13.366666666666667,0.0,0.0,0.0,-1,-1,0.0,0.0,0.0,0.0,0.0,0.0,0,0,0.0,0.0,0,0,0.0,0.0,0,0,0.0,0.0,0,0,0.0,1
LGS2ORD0007478,C012307,2025-03-01 05:00:00,Male,49,Bronze,TV,Phuket,1347,TV_Show,COD,5,3,5,1,40-50,44.9,1.0,0.0,0.0,-1,33,3497.23,0.08,1.0,0.0,0.0,0.0,0,0,0.0,0.0,0,0,0.0,3497.23,1,0,0.0,3497.23,1,0,0.0,0
LGS2ORD0007479,C012920,2025-03-01 05:00:00,Male,32,Gold,CallCenter,Phuket,1039,Lazada,COD,5,3,5,1,30-40,34.63333333333333,4.0,0.0,0.0,-1,16,5186.5225,0.2299999999999999,0.25,0.25,0.0,0.0,0,0,0.0,9272.12,2,0,0.0,20746.09,4,0,0.0,20746.09,4,0,0.0,1
LGS2ORD0007480,C015931,2025-03-01 05:00:00,Male,37,Silver,Web,Nakhon Ratchasima,689,Shopee,COD,5,3,5,1,30-40,22.966666666666665,1.0,0.0,0.0,-1,56,1071.92,0.25,1.0,1.0,0.0,0.0,0,0,0.0,0.0,0,0,0.0,1071.92,1,0,0.0,1071.92,1,0,0.0,0
LGS2ORD0007481,C017404,2025-03-01 06:00:00,Female,37,Gold,Web,Bangkok,639,Shopee,COD,6,3,5,1,30-40,21.3,0.0,0.0,0.0,-1,-1,0.0,0.0,0.0,0.0,0.0,0.0,0,0,0.0,0.0,0,0,0.0,0.0,0,0,0.0,0.0,0,0,0.0,0
LGS2ORD0007482,C012064,2025-03-01 06:00:00,Female,40,Silver,Web,Khon Kaen,1145,Shopee,COD,6,3,5,1,30-40,38.166666666666664,0.0,0.0,0.0,-1,-1,0.0,0.0,0.0,0.0,0.0,0.0,0,0,0.0,0.0,0,0,0.0,0.0,0,0,0.0,0.0,0,0,0.0,0
LGS2ORD0007483,C012822,2025-03-01 06:00:00,Male,52,Bronze,TV,Remote_Area,832,TV_Show,COD,6,3,5,1,>50,27.733333333333334,0.0,0.0,0.0,-1,-1,0.0,0.0,0.0,0.0,0.0,0.0,0,0,0.0,0.0,0,0,0.0,0.0,0,0,0.0,0.0,0,0,0.0,1
LGS2ORD0007484,C010058,2025-03-01 06:00:00,Female,39,Bronze,Web,Bangkok,1344,Lazada,PromptPay,6,3,5,1,30-40,44.8,2.0,1.0,0.5,43,4,6147.94,0.28,1.0,1.0,0.0,9936.06,1,0,0.0,9936.06,1,0,0.0,12295.88,2,1,0.5,12295.88,2,1,0.5,0
LGS2ORD0007485,C015246,2025-03-01 06:00:00,Female,39,Bronze,Shopee,Bangkok,648,Shopee,Credit_Card,6,3,5,1,30-40,21.6,1.0,0.0,0.0,-1,36,2736.66,0.23,1.0,1.0,0.0,0.0,0,0,0.0,0.0,0,0,0.0,2736.66,1,0,0.0,2736.66,1,0,0.0,0
LGS2ORD0007486,C017458,2025-03-01 07:00:00,Female,53,Bronze,Web,Nakhon Ratchasima,907,Web,Bank_Transfer,7,3,5,1,>50,30.233333333333334,1.0,0.0,0.0,-1,43,5126.28,0.23,0.0,1.0,0.0,0.0,0,0,0.0,0.0,0,0,0.0,5126.28,1,0,0.0,5126.28,1,0,0.0,0
LGS2ORD0007487,C011202,2025-03-01 07:00:00,Other,58,Bronze,Web,Khon Kaen,788,Lazada,Bank_Transfer,7,3,5,1,>50,26.266666666666666,1.0,0.0,0.0,-1,36,2079.57,0.03,0.0,0.0,0.0,0.0,0,0,0.0,0.0,0,0,0.0,2079.57,1,0,0.0,2079.57,1,0,0.0,0
LGS2ORD0007488,C011663,2025-03-01 07:00:00,Male,57,Bronze,CallCenter,Bangkok,1336,Lazada,COD,7,3,5,1,>50,44.53333333333333,4.0,0.0,0.0,-1,1,2553.15,0.23,0.5,0.5,0.0,6403.72,1,0,0.0,6403.72,1,0,0.0,10212.6,4,0,0.0,10212.6,4,0,0.0,1
LGS2ORD0007489,C014812,2025-03-01 07:00:00,Female,37,Silver,Shopee,Chiang Mai,845,Lazada,PromptPay,7,3,5,1,30-40,28.166666666666668,2.0,0.0,0.0,-1,55,4236.945,0.15,0.5,0.0,0.0,0.0,0,0,0.0,0.0,0,0,0.0,8473.89,2,0,0.0,8473.89,2,0,0.0,0
LGS2ORD0007490,C010248,2025-03-01 07:00:00,Female,63,Platinum,Shopee,Bangkok,286,Lazada,Credit_Card,7,3,5,1,>50,9.533333333333333,1.0,1.0,1.0,6,18,2726.86,0.3,1.0,1.0,0.0,0.0,0,0,0.0,2726.86,1,1,1.0,2726.86,1,1,1.0,2726.86,1,1,1.0,0
LGS2ORD0007491,C015384,2025-03-01 08:00:00,Male,34,Silver,CallCenter,Chonburi,721,Web,COD,8,3,5,1,30-40,24.033333333333335,2.0,1.0,0.5,6,21,4623.5650000000005,0.1,0.5,0.0,0.0,0.0,0,0,0.0,9247.130000000001,2,1,0.5,9247.130000000001,2,1,0.5,9247.130000000001,2,1,0.5,0
LGS2ORD0007492,C017364,2025-03-01 08:00:00,Male,32,Silver,CallCenter,Chiang Mai,1329,TV_Show,Bank_Transfer,8,3,5,1,30-40,44.3,0.0,0.0,0.0,-1,-1,0.0,0.0,0.0,0.0,0.0,0.0,0,0,0.0,0.0,0,0,0.0,0.0,0,0,0.0,0.0,0,0,0.0,0
LGS2ORD0007493,C014088,2025-03-01 08:00:00,Female,30,Silver,TV,Songkhla,440,TV_Show,COD,8,3,5,1,20-30,14.666666666666666,2.0,0.0,0.0,-1,12,4132.13,0.25,0.0,0.5,0.0,0.0,0,0,0.0,8264.26,2,0,0.0,8264.26,2,0,0.0,8264.26,2,0,0.0,0
LGS2ORD0007494,C014753,2025-03-01 08:00:00,Female,48,Gold,Shopee,Bangkok,1125,CallCenter,PromptPay,8,3,5,1,40-50,37.5,2.0,0.0,0.0,-1,8,8429.305,0.33,0.5,1.0,0.0,0.0,0,0,0.0,2651.91,1,0,0.0,16858.61,2,0,0.0,16858.61,2,0,0.0,0
LGS2ORD0007495,C017075,2025-03-01 08:00:00,Female,63,Silver,Shopee,Phuket,865,CallCenter,Credit_Card,8,3,5,1,>50,28.833333333333332,0.0,0.0,0.0,-1,-1,0.0,0.0,0.0,0.0,0.0,0.0,0,0,0.0,0.0,0,0,0.0,0.0,0,0,0.0,0.0,0,0,0.0,0
LGS2ORD0007496,C014686,2025-03-01 09:00:00,Female,42,Silver,Web,Khon Kaen,941,CallCenter,PromptPay,9,3,5,1,40-50,31.366666666666667,1.0,0.0,0.0,-1,58,2162.39,0.1,0.0,0.0,0.0,0.0,0,0,0.0,0.0,0,0,0.0,2162.39,1,0,0.0,2162.39,1,0,0.0,0
LGS2ORD0007497,C012773,2025-03-01 09:00:00,Male,40,Bronze,CallCenter,Songkhla,107,Web,COD,9,3,5,1,30-40,3.566666666666667,0.0,0.0,0.0,-1,-1,0.0,0.0,0.0,0.0,0.0,0.0,0,0,0.0,0.0,0,0,0.0,0.0,0,0,0.0,0.0,0,0,0.0,0
LGS2ORD0007498,C016602,2025-03-01 09:00:00,Other,48,Gold,Web,Chonburi,781,TV_Show,Credit_Card,9,3,5,1,40-50,26.033333333333335,0.0,0.0,0.0,-1,-1,0.0,0.0,0.0,0.0,0.0,0.0,0,0,0.0,0.0,0,0,0.0,0.0,0,0,0.0,0.0,0,0,0.0,0
LGS2ORD0007499,C016977,2025-03-01 09:00:00,Male,28,Silver,TV,Bangkok,1471,TV_Show,COD,9,3,5,1,20-30,49.03333333333333,0.0,0.0,0.0,-1,-1,0.0,0.0,0.0,0.0,0.0,0.0,0,0,0.0,0.0,0,0,0.0,0.0,0,0,0.0,0.0,0,0,0.0,0
LGS2ORD0007500,C011603,2025-03-01 09:00:00,Female,32,Bronze,Web,Nakhon Ratchasima,649,Shopee,Bank_Transfer,9,3,5,1,30-40,21.633333333333333,0.0,0.0,0.0,-1,-1,0.0,0.0,0.0,0.0,0.0,0.0,0,0,0.0,0.0,0,0,0.0,0.0,0,0,0.0,0.0,0,0,0.0,0
LGS2ORD0007501,C013460,2025-03-01 09:00:00,Male,48,Gold,Lazada,Bangkok,1100,TV_Show,COD,9,3,5,1,40-50,36.666666666666664,1.0,0.0,0.0,-1,55,8971.16,0.08,0.0,0.0,0.0,0.0,0,0,0.0,0.0,0,0,0.0,8971.16,1,0,0.0,8971.16,1,0,0.0,0
LGS2ORD0007502,C010053,2025-03-01 10:00:00,Female,47,Platinum,Shopee,Nakhon Ratchasima,966,TV_Show,PromptPay,10,3,5,1,40-50,32.2,2.0,0.0,0.0,-1,19,4337.295,0.15,0.5,0.0,0.0,0.0,0,0,0.0,2157.68,1,0,0.0,8674.59,2,0,0.0,8674.59,2,0,0.0,0
LGS2ORD0007503,C012879,2025-03-01 10:00:00,Male,56,Gold,Web,Chonburi,904,Shopee,COD,10,3,5,1,>50,30.133333333333333,0.0,0.0,0.0,-1,-1,0.0,0.0,0.0,0.0,0.0,0.0,0,0,0.0,0.0,0,0,0.0,0.0,0,0,0.0,0.0,0,0,0.0,1
LGS2ORD0007504,C014247,2025-03-01 10:00:00,Female,67,Bronze,Lazada,Songkhla,892,Shopee,COD,10,3,5,1,>50,29.733333333333334,1.0,0.0,0.0,-1,53,4053.77,0.08,0.0,0.0,0.0,0.0,0,0,0.0,0.0,0,0,0.0,4053.77,1,0,0.0,4053.77,1,0,0.0,0
LGS2ORD0007505,C017867,2025-03-01 10:00:00,Male,32,Bronze,Web,Remote_Area,1345,CallCenter,COD,10,3,5,1,30-40,44.833333333333336,1.0,0.0,0.0,-1,18,807.71,0.08,0.0,0.0,0.0,0.0,0,0,0.0,807.71,1,0,0.0,807.71,1,0,0.0,807.71,1,0,0.0,0
LGS2ORD0007506,C014989,2025-03-01 10:00:00,Male,52,Gold,TV,Nakhon Ratchasima,855,Lazada,COD,10,3,5,1,>50,28.5,1.0,0.0,0.0,-1,55,6023.74,0.18,1.0,0.0,0.0,0.0,0,0,0.0,0.0,0,0,0.0,6023.74,1,0,0.0,6023.74,1,0,0.0,0
LGS2ORD0007507,C016161,2025-03-01 11:00:00,Female,37,Silver,Web,Songkhla,655,Lazada,COD,11,3,5,1,30-40,21.833333333333332,1.0,0.0,0.0,-1,23,924.91,0.05,0.0,0.0,0.0,0.0,0,0,0.0,924.91,1,0,0.0,924.91,1,0,0.0,924.91,1,0,0.0,1
LGS2ORD0007508,C010956,2025-03-01 11:00:00,Female,27,Gold,Web,Phuket,301,Shopee,PromptPay,11,3,5,1,20-30,10.033333333333333,1.0,0.0,0.0,-1,21,8704.19,0.13,0.0,0.0,0.0,0.0,0,0,0.0,8704.19,1,0,0.0,8704.19,1,0,0.0,8704.19,1,0,0.0,1
LGS2ORD0007509,C013890,2025-03-01 11:00:00,Other,47,Bronze,Shopee,Chiang Mai,1231,Web,COD,11,3,5,1,40-50,41.03333333333333,3.0,0.0,0.0,-1,9,4320.18,0.18,1.0,0.0,0.0,0.0,0,0,0.0,1882.96,1,0,0.0,12960.54,3,0,0.0,12960.54,3,0,0.0,0
LGS2ORD0007510,C016436,2025-03-01 11:00:00,Male,57,Bronze,CallCenter,Bangkok,1388,Web,COD,11,3,5,1,>50,46.266666666666666,1.0,0.0,0.0,-1,34,14518.62,0.08,1.0,0.0,0.0,0.0,0,0,0.0,0.0,0,0,0.0,14518.62,1,0,0.0,14518.62,1,0,0.0,1
LGS2ORD0007511,C014486,2025-03-01 11:00:00,Male,38,Bronze,TV,Khon Kaen,563,Shopee,COD,11,3,5,1,30-40,18.766666666666666,0.0,0.0,0.0,-1,-1,0.0,0.0,0.0,0.0,0.0,0.0,0,0,0.0,0.0,0,0,0.0,0.0,0,0,0.0,0.0,0,0,0.0,1
LGS2ORD0007512,C017685,2025-03-01 12:00:00,Female,45,Bronze,TV,Khon Kaen,110,Lazada,COD,12,3,5,1,40-50,3.6666666666666665,0.0,0.0,0.0,-1,-1,0.0,0.0,0.0,0.0,0.0,0.0,0,0,0.0,0.0,0,0,0.0,0.0,0,0,0.0,0.0,0,0,0.0,0
LGS2ORD0007513,C010502,2025-03-01 12:00:00,Male,61,Bronze,TV,Remote_Area,660,CallCenter,COD,12,3,5,1,>50,22.0,0.0,0.0,0.0,-1,-1,0.0,0.0,0.0,0.0,0.0,0.0,0,0,0.0,0.0,0,0,0.0,0.0,0,0,0.0,0.0,0,0,0.0,1
LGS2ORD0007514,C011698,2025-03-01 12:00:00,Female,32,Bronze,Lazada,Bangkok,724,Shopee,Bank_Transfer,12,3,5,1,30-40,24.133333333333333,0.0,0.0,0.0,-1,-1,0.0,0.0,0.0,0.0,0.0,0.0,0,0,0.0,0.0,0,0,0.0,0.0,0,0,0.0,0.0,0,0,0.0,0
LGS2ORD0007515,C015835,2025-03-01 12:00:00,Other,46,Silver,Web,Chonburi,957,Shopee,Credit_Card,12,3,5,1,40-50,31.9,1.0,0.0,0.0,-1,21,5714.08,0.2,1.0,0.0,0.0,0.0,0,0,0.0,5714.08,1,0,0.0,5714.08,1,0,0.0,5714.08,1,0,0.0,0
LGS2ORD0007516,C015759,2025-03-01 12:00:00,Female,25,Platinum,Web,Bangkok,919,Shopee,Credit_Card,12,3,5,1,20-30,30.633333333333333,2.0,0.0,0.0,-1,19,7293.514999999999,0.1,0.5,0.0,0.0,0.0,0,0,0.0,2800.14,1,0,0.0,14587.029999999999,2,0,0.0,14587.029999999999,2,0,0.0,0
LGS2ORD0007517,C013759,2025-03-01 13:00:00,Female,72,Bronze,Lazada,Nakhon Ratchasima,203,Shopee,PromptPay,13,3,5,1,>50,6.766666666666667,1.0,0.0,0.0,-1,48,989.59,0.18,1.0,0.0,0.0,0.0,0,0,0.0,0.0,0,0,0.0,989.59,1,0,0.0,989.59,1,0,0.0,0
LGS2ORD0007518,C017459,2025-03-01 13:00:00,Female,18,Gold,Web,Bangkok,1517,CallCenter,Credit_Card,13,3,5,1,<20,50.56666666666667,0.0,0.0,0.0,-1,-1,0.0,0.0,0.0,0.0,0.0,0.0,0,0,0.0,0.0,0,0,0.0,0.0,0,0,0.0,0.0,0,0,0.0,0
LGS2ORD0007519,C015435,2025-03-01 13:00:00,Female,36,Silver,TV,Phuket,179,Shopee,Credit_Card,13,3,5,1,30-40,5.966666666666667,1.0,0.0,0.0,-1,10,2113.82,0.1,1.0,0.0,0.0,0.0,0,0,0.0,2113.82,1,0,0.0,2113.82,1,0,0.0,2113.82,1,0,0.0,1
LGS2ORD0007520,C010301,2025-03-01 13:00:00,Male,53,Bronze,CallCenter,Bangkok,529,Shopee,Credit_Card,13,3,5,1,>50,17.633333333333333,3.0,1.0,0.3333333333333333,0,13,1925.7833333333335,0.18,1.0,0.0,0.0,0.0,0,0,0.0,3520.86,2,1,0.5,5777.35,3,1,0.3333333333333333,5777.35,3,1,0.3333333333333333,0
LGS2ORD0007521,C014121,2025-03-01 13:00:00,Female,46,Silver,CallCenter,Nakhon Ratchasima,942,Shopee,COD,13,3,5,1,40-50,31.4,1.0,0.0,0.0,-1,28,1332.71,0.05,0.0,0.0,0.0,0.0,0,0,0.0,1332.71,1,0,0.0,1332.71,1,0,0.0,1332.71,1,0,0.0,0
LGS2ORD0007522,C015699,2025-03-01 13:00:00,Female,30,Silver,TV,Bangkok,779,Lazada,Bank_Transfer,13,3,5,1,20-30,25.966666666666665,2.0,0.0,0.0,-1,4,3809.845,0.2,0.0,0.0,0.0,3303.87,1,0,0.0,3303.87,1,0,0.0,7619.69,2,0,0.0,7619.69,2,0,0.0,0
LGS2ORD0007523,C015491,2025-03-01 14:00:00,Male,38,Bronze,CallCenter,Chiang Mai,1390,CallCenter,PromptPay,14,3,5,1,30-40,46.333333333333336,1.0,1.0,1.0,39,52,3838.61,0.08,1.0,0.0,0.0,0.0,0,0,0.0,0.0,0,0,0.0,3838.61,1,1,1.0,3838.61,1,1,1.0,0
LGS2ORD0007524,C016343,2025-03-01 14:00:00,Female,39,Bronze,TV,Songkhla,221,Shopee,COD,14,3,5,1,30-40,7.366666666666666,2.0,0.0,0.0,-1,5,8013.965,0.08,1.0,0.0,0.0,6341.15,1,0,0.0,16027.93,2,0,0.0,16027.93,2,0,0.0,16027.93,2,0,0.0,0
LGS2ORD0007525,C014967,2025-03-01 14:00:00,Male,25,Gold,Web,Khon Kaen,413,Shopee,PromptPay,14,3,5,1,20-30,13.766666666666667,0.0,0.0,0.0,-1,-1,0.0,0.0,0.0,0.0,0.0,0.0,0,0,0.0,0.0,0,0,0.0,0.0,0,0,0.0,0.0,0,0,0.0,0
LGS2ORD0007526,C017212,2025-03-01 14:00:00,Female,54,Bronze,CallCenter,Phuket,1516,Shopee,Bank_Transfer,14,3,5,1,>50,50.53333333333333,1.0,0.0,0.0,-1,39,1153.22,0.18,0.0,0.0,0.0,0.0,0,0,0.0,0.0,0,0,0.0,1153.22,1,0,0.0,1153.22,1,0,0.0,0
LGS2ORD0007527,C016489,2025-03-01 14:00:00,Female,28,Silver,TV,Bangkok,573,CallCenter,Bank_Transfer,14,3,5,1,20-30,19.1,1.0,0.0,0.0,-1,10,3682.79,0.25,1.0,1.0,0.0,0.0,0,0,0.0,3682.79,1,0,0.0,3682.79,1,0,0.0,3682.79,1,0,0.0,0
LGS2ORD0007528,C016073,2025-03-01 15:00:00,Female,32,Bronze,Shopee,Bangkok,567,Web,COD,15,3,5,1,30-40,18.9,1.0,0.0,0.0,-1,32,27984.77,0.18,1.0,0.0,0.0,0.0,0,0,0.0,0.0,0,0,0.0,27984.77,1,0,0.0,27984.77,1,0,0.0,0
LGS2ORD0007529,C011034,2025-03-01 15:00:00,Female,44,Gold,CallCenter,Nakhon Ratchasima,457,Web,COD,15,3,5,1,40-50,15.233333333333333,2.0,1.0,0.5,47,44,2530.215,0.28,0.5,1.0,0.0,0.0,0,0,0.0,0.0,0,0,0.0,5060.43,2,1,0.5,5060.43,2,1,0.5,0
LGS2ORD0007530,C015343,2025-03-01 15:00:00,Female,30,Gold,Web,Bangkok,1321,Web,PromptPay,15,3,5,1,20-30,44.03333333333333,0.0,0.0,0.0,-1,-1,0.0,0.0,0.0,0.0,0.0,0.0,0,0,0.0,0.0,0,0,0.0,0.0,0,0,0.0,0.0,0,0,0.0,0
LGS2ORD0007531,C016258,2025-03-01 15:00:00,Female,67,Platinum,TV,Songkhla,589,Shopee,Credit_Card,15,3,5,1,>50,19.633333333333333,1.0,0.0,0.0,-1,8,6134.17,0.15,0.0,0.0,0.0,0.0,0,0,0.0,6134.17,1,0,0.0,6134.17,1,0,0.0,6134.17,1,0,0.0,1
LGS2ORD0007532,C017555,2025-03-01 15:00:00,Female,72,Gold,Web,Phuket,1259,Web,Bank_Transfer,15,3,5,1,>50,41.96666666666667,1.0,0.0,0.0,-1,24,913.79,0.2299999999999999,1.0,1.0,0.0,0.0,0,0,0.0,913.79,1,0,0.0,913.79,1,0,0.0,913.79,1,0,0.0,0
LGS2ORD0007533,C014809,2025-03-01 16:00:00,Male,55,Bronze,TV,Phuket,1052,CallCenter,COD,16,3,5,1,>50,35.06666666666667,0.0,0.0,0.0,-1,-1,0.0,0.0,0.0,0.0,0.0,0.0,0,0,0.0,0.0,0,0,0.0,0.0,0,0,0.0,0.0,0,0,0.0,1
LGS2ORD0007534,C016409,2025-03-01 16:00:00,Male,26,Bronze,Web,Nakhon Ratchasima,472,Web,PromptPay,16,3,5,1,20-30,15.733333333333333,2.0,0.0,0.0,-1,5,1554.2800000000002,0.08,0.5,0.0,0.0,757.78,1,0,0.0,3108.5600000000004,2,0,0.0,3108.5600000000004,2,0,0.0,3108.5600000000004,2,0,0.0,0
LGS2ORD0007535,C012186,2025-03-01 16:00:00,Female,31,Bronze,Shopee,Chiang Mai,529,CallCenter,COD,16,3,5,1,30-40,17.633333333333333,1.0,1.0,1.0,11,17,1328.72,0.03,0.0,0.0,0.0,0.0,0,0,0.0,1328.72,1,1,1.0,1328.72,1,1,1.0,1328.72,1,1,1.0,0
LGS2ORD0007536,C016858,2025-03-01 16:00:00,Male,40,Bronze,TV,Songkhla,445,Shopee,COD,16,3,5,1,30-40,14.833333333333334,1.0,0.0,0.0,-1,38,2763.59,0.28,0.0,1.0,0.0,0.0,0,0,0.0,0.0,0,0,0.0,2763.59,1,0,0.0,2763.59,1,0,0.0,1
LGS2ORD0007537,C016916,2025-03-01 16:00:00,Female,56,Silver,TV,Remote_Area,515,TV_Show,COD,16,3,5,1,>50,17.166666666666668,0.0,0.0,0.0,-1,-1,0.0,0.0,0.0,0.0,0.0,0.0,0,0,0.0,0.0,0,0,0.0,0.0,0,0,0.0,0.0,0,0,0.0,0
LGS2ORD0007538,C013490,2025-03-01 17:00:00,Female,43,Gold,Web,Khon Kaen,1317,TV_Show,COD,17,3,5,1,40-50,43.9,3.0,2.0,0.6666666666666666,32,5,1731.2233333333334,0.28,0.6666666666666666,0.6666666666666666,0.0,485.75,1,0,0.0,485.75,1,0,0.0,5193.67,3,2,0.6666666666666666,5193.67,3,2,0.6666666666666666,0
LGS2ORD0007539,C015089,2025-03-01 17:00:00,Female,46,Gold,TV,Khon Kaen,1408,Web,Credit_Card,17,3,5,1,40-50,46.93333333333333,2.0,0.0,0.0,-1,29,5342.065,0.08,0.0,0.0,0.0,0.0,0,0,0.0,9757.56,1,0,0.0,10684.13,2,0,0.0,10684.13,2,0,0.0,0
LGS2ORD0007540,C012167,2025-03-01 17:00:00,Male,35,Gold,Lazada,Bangkok,584,Lazada,COD,17,3,5,1,30-40,19.466666666666665,1.0,0.0,0.0,-1,56,1308.18,0.08,0.0,0.0,0.0,0.0,0,0,0.0,0.0,0,0,0.0,1308.18,1,0,0.0,1308.18,1,0,0.0,0
LGS2ORD0007541,C016768,2025-03-01 17:00:00,Male,24,Gold,Lazada,Bangkok,1000,TV_Show,COD,17,3,5,1,20-30,33.333333333333336,0.0,0.0,0.0,-1,-1,0.0,0.0,0.0,0.0,0.0,0.0,0,0,0.0,0.0,0,0,0.0,0.0,0,0,0.0,0.0,0,0,0.0,0
LGS2ORD0007542,C016061,2025-03-01 17:00:00,Male,40,Bronze,CallCenter,Khon Kaen,442,TV_Show,Bank_Transfer,17,3,5,1,30-40,14.733333333333333,0.0,0.0,0.0,-1,-1,0.0,0.0,0.0,0.0,0.0,0.0,0,0,0.0,0.0,0,0,0.0,0.0,0,0,0.0,0.0,0,0,0.0,0
LGS2ORD0007543,C012384,2025-03-01 17:00:00,Female,43,Silver,TV,Khon Kaen,302,Shopee,Bank_Transfer,17,3,5,1,40-50,10.066666666666666,2.0,0.0,0.0,-1,13,5896.68,0.3,0.5,0.5,0.0,0.0,0,0,0.0,4139.21,1,0,0.0,11793.36,2,0,0.0,11793.36,2,0,0.0,0
LGS2ORD0007544,C010795,2025-03-01 18:00:00,Female,67,Bronze,TV,Bangkok,1352,Web,COD,18,3,5,1,>50,45.06666666666667,0.0,0.0,0.0,-1,-1,0.0,0.0,0.0,0.0,0.0,0.0,0,0,0.0,0.0,0,0,0.0,0.0,0,0,0.0,0.0,0,0,0.0,0
LGS2ORD0007545,C017665,2025-03-01 18:00:00,Male,57,Gold,TV,Remote_Area,1302,Web,COD,18,3,5,1,>50,43.4,0.0,0.0,0.0,-1,-1,0.0,0.0,0.0,0.0,0.0,0.0,0,0,0.0,0.0,0,0,0.0,0.0,0,0,0.0,0.0,0,0,0.0,0
LGS2ORD0007546,C017925,2025-03-01 18:00:00,Male,46,Gold,CallCenter,Nakhon Ratchasima,346,TV_Show,Bank_Transfer,18,3,5,1,40-50,11.533333333333333,1.0,0.0,0.0,-1,40,3517.75,0.2299999999999999,1.0,1.0,0.0,0.0,0,0,0.0,0.0,0,0,0.0,3517.75,1,0,0.0,3517.75,1,0,0.0,1
LGS2ORD0007547,C017032,2025-03-01 18:00:00,Female,36,Bronze,CallCenter,Nakhon Ratchasima,723,Shopee,COD,18,3,5,1,30-40,24.1,0.0,0.0,0.0,-1,-1,0.0,0.0,0.0,0.0,0.0,0.0,0,0,0.0,0.0,0,0,0.0,0.0,0,0,0.0,0.0,0,0,0.0,0
LGS2ORD0007548,C014623,2025-03-01 18:00:00,Female,44,Bronze,Shopee,Nakhon Ratchasima,364,Shopee,Bank_Transfer,18,3,5,1,40-50,12.133333333333333,0.0,0.0,0.0,-1,-1,0.0,0.0,0.0,0.0,0.0,0.0,0,0,0.0,0.0,0,0,0.0,0.0,0,0,0.0,0.0,0,0,0.0,0
LGS2ORD0007549,C011647,2025-03-01 19:00:00,Female,40,Bronze,Lazada,Remote_Area,787,Web,Credit_Card,19,3,5,1,30-40,26.233333333333334,3.0,1.0,0.3333333333333333,-9,4,4988.71,0.28,0.6666666666666666,0.3333333333333333,0.0,2892.7,1,1,1.0,14966.130000000001,3,1,0.3333333333333333,14966.130000000001,3,1,0.3333333333333333,14966.130000000001,3,1,0.3333333333333333,0
LGS2ORD0007550,C010169,2025-03-01 19:00:00,Male,53,Bronze,Lazada,Remote_Area,1291,TV_Show,COD,19,3,5,1,>50,43.03333333333333,3.0,1.0,0.3333333333333333,18,14,4690.413333333333,0.23,0.0,0.6666666666666666,0.0,0.0,0,0,0.0,14071.24,3,1,0.3333333333333333,14071.24,3,1,0.3333333333333333,14071.24,3,1,0.3333333333333333,0
LGS2ORD0007551,C010111,2025-03-01 19:00:00,Female,48,Silver,Lazada,Nakhon Ratchasima,510,Shopee,COD,19,3,5,1,40-50,17.0,0.0,0.0,0.0,-1,-1,0.0,0.0,0.0,0.0,0.0,0.0,0,0,0.0,0.0,0,0,0.0,0.0,0,0,0.0,0.0,0,0,0.0,0
LGS2ORD0007552,C012689,2025-03-01 19:00:00,Female,28,Bronze,Web,Khon Kaen,1178,Shopee,PromptPay,19,3,5,1,20-30,39.266666666666666,0.0,0.0,0.0,-1,-1,0.0,0.0,0.0,0.0,0.0,0.0,0,0,0.0,0.0,0,0,0.0,0.0,0,0,0.0,0.0,0,0,0.0,0
LGS2ORD0007553,C014974,2025-03-01 19:00:00,Male,52,Silver,Shopee,Phuket,911,TV_Show,Bank_Transfer,19,3,5,1,>50,30.366666666666667,1.0,1.0,1.0,36,50,1319.72,0.05,1.0,0.0,0.0,0.0,0,0,0.0,0.0,0,0,0.0,1319.72,1,1,1.0,1319.72,1,1,1.0,1
LGS2ORD0007554,C012281,2025-03-01 20:00:00,Male,44,Platinum,Lazada,Songkhla,1371,Shopee,PromptPay,20,3,5,1,40-50,45.7,0.0,0.0,0.0,-1,-1,0.0,0.0,0.0,0.0,0.0,0.0,0,0,0.0,0.0,0,0,0.0,0.0,0,0,0.0,0.0,0,0,0.0,0
LGS2ORD0007555,C014135,2025-03-01 20:00:00,Female,38,Gold,Web,Remote_Area,594,TV_Show,Credit_Card,20,3,5,1,30-40,19.8,2.0,0.0,0.0,-1,19,10938.145,0.2299999999999999,0.5,0.5,0.0,0.0,0,0,0.0,5345.67,1,0,0.0,21876.29,2,0,0.0,21876.29,2,0,0.0,1
LGS2ORD0007556,C017741,2025-03-01 20:00:00,Male,34,Silver,Lazada,Chiang Mai,1466,CallCenter,Credit_Card,20,3,5,1,30-40,48.86666666666667,1.0,1.0,1.0,46,53,4642.81,0.05,1.0,0.0,0.0,0.0,0,0,0.0,0.0,0,0,0.0,4642.81,1,1,1.0,4642.81,1,1,1.0,0
LGS2ORD0007557,C011237,2025-03-01 20:00:00,Male,58,Bronze,TV,Khon Kaen,405,TV_Show,COD,20,3,5,1,>50,13.5,2.0,0.0,0.0,-1,22,1409.415,0.28,0.0,1.0,0.0,0.0,0,0,0.0,1729.87,1,0,0.0,2818.83,2,0,0.0,2818.83,2,0,0.0,0
LGS2ORD0007558,C010145,2025-03-01 20:00:00,Male,18,Bronze,Web,Bangkok,1288,TV_Show,PromptPay,20,3,5,1,<20,42.93333333333333,0.0,0.0,0.0,-1,-1,0.0,0.0,0.0,0.0,0.0,0.0,0,0,0.0,0.0,0,0,0.0,0.0,0,0,0.0,0.0,0,0,0.0,0
LGS2ORD0007559,C014910,2025-03-01 21:00:00,Male,34,Bronze,Lazada,Nakhon Ratchasima,1396,TV_Show,COD,21,3,5,1,30-40,46.53333333333333,0.0,0.0,0.0,-1,-1,0.0,0.0,0.0,0.0,0.0,0.0,0,0,0.0,0.0,0,0,0.0,0.0,0,0,0.0,0.0,0,0,0.0,1
LGS2ORD0007560,C010796,2025-03-01 21:00:00,Male,53,Bronze,Web,Bangkok,1333,Shopee,Credit_Card,21,3,5,1,>50,44.43333333333333,1.0,0.0,0.0,-1,52,907.28,0.18,1.0,0.0,0.0,0.0,0,0,0.0,0.0,0,0,0.0,907.28,1,0,0.0,907.28,1,0,0.0,0
LGS2ORD0007561,C017792,2025-03-01 21:00:00,Female,43,Platinum,TV,Chonburi,660,Shopee,Credit_Card,21,3,5,1,40-50,22.0,0.0,0.0,0.0,-1,-1,0.0,0.0,0.0,0.0,0.0,0.0,0,0,0.0,0.0,0,0,0.0,0.0,0,0,0.0,0.0,0,0,0.0,0
LGS2ORD0007562,C011121,2025-03-01 21:00:00,Male,44,Silver,TV,Bangkok,203,Shopee,COD,21,3,5,1,40-50,6.766666666666667,0.0,0.0,0.0,-1,-1,0.0,0.0,0.0,0.0,0.0,0.0,0,0,0.0,0.0,0,0,0.0,0.0,0,0,0.0,0.0,0,0,0.0,0
LGS2ORD0007563,C010219,2025-03-01 21:00:00,Male,43,Bronze,Web,Bangkok,733,TV_Show,COD,21,3,5,1,40-50,24.433333333333334,0.0,0.0,0.0,-1,-1,0.0,0.0,0.0,0.0,0.0,0.0,0,0,0.0,0.0,0,0,0.0,0.0,0,0,0.0,0.0,0,0,0.0,0
LGS2ORD0007564,C014160,2025-03-01 21:00:00,Male,31,Bronze,Shopee,Phuket,1081,TV_Show,COD,21,3,5,1,30-40,36.03333333333333,3.0,1.0,0.3333333333333333,-13,0,2316.3966666666665,0.23,0.6666666666666666,0.6666666666666666,0.0,1281.16,1,1,1.0,4680.76,2,1,0.5,6949.19,3,1,0.3333333333333333,6949.19,3,1,0.3333333333333333,1
LGS2ORD0007565,C011713,2025-03-01 22:00:00,Male,57,Platinum,Shopee,Khon Kaen,622,Web,Bank_Transfer,22,3,5,1,>50,20.733333333333334,2.0,2.0,1.0,10,21,8672.135,0.25,0.5,0.5,0.0,0.0,0,0,0.0,7949.36,1,1,1.0,17344.27,2,2,1.0,17344.27,2,2,1.0,0
LGS2ORD0007566,C011618,2025-03-01 22:00:00,Female,28,Bronze,TV,Remote_Area,438,Web,PromptPay,22,3,5,1,20-30,14.6,3.0,0.0,0.0,-1,6,3935.8799999999997,0.18,0.3333333333333333,0.0,0.0,462.24,1,0,0.0,3062.51,2,0,0.0,11807.64,3,0,0.0,11807.64,3,0,0.0,1
LGS2ORD0007567,C015176,2025-03-01 22:00:00,Female,69,Gold,TV,Phuket,336,Web,PromptPay,22,3,5,1,>50,11.2,2.0,0.0,0.0,-1,24,1923.1699999999998,0.13,0.0,0.0,0.0,0.0,0,0,0.0,1239.37,1,0,0.0,3846.3399999999997,2,0,0.0,3846.3399999999997,2,0,0.0,0
LGS2ORD0007568,C015921,2025-03-01 22:00:00,Male,47,Bronze,TV,Khon Kaen,1492,CallCenter,COD,22,3,5,1,40-50,49.733333333333334,2.0,1.0,0.5,-12,3,2764.7599999999998,0.18,1.0,0.0,0.0,5529.5199999999995,2,1,0.5,5529.5199999999995,2,1,0.5,5529.5199999999995,2,1,0.5,5529.5199999999995,2,1,0.5,0
LGS2ORD0007569,C017311,2025-03-01 22:00:00,Female,36,Silver,Web,Chiang Mai,998,TV_Show,COD,22,3,5,1,30-40,33.266666666666666,0.0,0.0,0.0,-1,-1,0.0,0.0,0.0,0.0,0.0,0.0,0,0,0.0,0.0,0,0,0.0,0.0,0,0,0.0,0.0,0,0,0.0,1
LGS2ORD0007570,C010689,2025-03-01 23:00:00,Female,45,Gold,Lazada,Chonburi,135,Web,COD,23,3,5,1,40-50,4.5,1.0,0.0,0.0,-1,18,2299.92,0.08,0.0,0.0,0.0,0.0,0,0,0.0,2299.92,1,0,0.0,2299.92,1,0,0.0,2299.92,1,0,0.0,1
LGS2ORD0007571,C013704,2025-03-01 23:00:00,Male,42,Bronze,TV,Khon Kaen,1263,Web,Credit_Card,23,3,5,1,40-50,42.1,1.0,0.0,0.0,-1,36,3281.29,0.03,1.0,0.0,0.0,0.0,0,0,0.0,0.0,0,0,0.0,3281.29,1,0,0.0,3281.29,1,0,0.0,0
LGS2ORD0007572,C013120,2025-03-01 23:00:00,Female,43,Silver,Shopee,Phuket,468,Web,Credit_Card,23,3,5,1,40-50,15.6,0.0,0.0,0.0,-1,-1,0.0,0.0,0.0,0.0,0.0,0.0,0,0,0.0,0.0,0,0,0.0,0.0,0,0,0.0,0.0,0,0,0.0,0
LGS2ORD0007573,C012636,2025-03-01 23:00:00,Female,53,Bronze,TV,Nakhon Ratchasima,361,CallCenter,Credit_Card,23,3,5,1,>50,12.033333333333333,1.0,0.0,0.0,-1,13,1843.89,0.03,1.0,0.0,0.0,0.0,0,0,0.0,1843.89,1,0,0.0,1843.89,1,0,0.0,1843.89,1,0,0.0,0
LGS2ORD0007574,C010596,2025-03-01 23:00:00,Female,42,Bronze,Shopee,Bangkok,1132,TV_Show,Bank_Transfer,23,3,5,1,40-50,37.733333333333334,1.0,1.0,1.0,-10,3,1479.69,0.18,1.0,0.0,0.0,1479.69,1,1,1.0,1479.69,1,1,1.0,1479.69,1,1,1.0,1479.69,1,1,1.0,0
LGS2ORD0007575,C017991,2025-03-02 00:00:00,Other,62,Bronze,Web,Songkhla,926,Web,COD,0,3,6,1,>50,30.866666666666667,1.0,0.0,0.0,-1,21,1471.55,0.03,1.0,0.0,0.0,0.0,0,0,0.0,1471.55,1,0,0.0,1471.55,1,0,0.0,1471.55,1,0,0.0,0
LGS2ORD0007576,C015606,2025-03-02 00:00:00,Male,37,Silver,Shopee,Remote_Area,615,TV_Show,Credit_Card,0,3,6,1,30-40,20.5,0.0,0.0,0.0,-1,-1,0.0,0.0,0.0,0.0,0.0,0.0,0,0,0.0,0.0,0,0,0.0,0.0,0,0,0.0,0.0,0,0,0.0,0
LGS2ORD0007577,C015351,2025-03-02 00:00:00,Male,49,Silver,Lazada,Bangkok,1026,Shopee,COD,0,3,6,1,40-50,34.2,0.0,0.0,0.0,-1,-1,0.0,0.0,0.0,0.0,0.0,0.0,0,0,0.0,0.0,0,0,0.0,0.0,0,0,0.0,0.0,0,0,0.0,0
LGS2ORD0007578,C014921,2025-03-02 00:00:00,Male,21,Silver,CallCenter,Khon Kaen,1137,Web,Credit_Card,0,3,6,1,20-30,37.9,0.0,0.0,0.0,-1,-1,0.0,0.0,0.0,0.0,0.0,0.0,0,0,0.0,0.0,0,0,0.0,0.0,0,0,0.0,0.0,0,0,0.0,0
LGS2ORD0007579,C012196,2025-03-02 00:00:00,Male,48,Silver,Web,Khon Kaen,1172,Shopee,COD,0,3,6,1,40-50,39.06666666666667,1.0,0.0,0.0,-1,20,2575.51,0.05,1.0,0.0,0.0,0.0,0,0,0.0,2575.51,1,0,0.0,2575.51,1,0,0.0,2575.51,1,0,0.0,0
LGS2ORD0007580,C016097,2025-03-02 00:00:00,Female,67,Silver,TV,Remote_Area,1064,Web,COD,0,3,6,1,>50,35.46666666666667,0.0,0.0,0.0,-1,-1,0.0,0.0,0.0,0.0,0.0,0.0,0,0,0.0,0.0,0,0,0.0,0.0,0,0,0.0,0.0,0,0,0.0,0
LGS2ORD0007581,C013129,2025-03-02 01:00:00,Male,32,Bronze,TV,Remote_Area,607,CallCenter,COD,1,3,6,1,30-40,20.233333333333334,1.0,0.0,0.0,-1,32,14492.22,0.23,1.0,1.0,0.0,0.0,0,0,0.0,0.0,0,0,0.0,14492.22,1,0,0.0,14492.22,1,0,0.0,0
LGS2ORD0007582,C015852,2025-03-02 01:00:00,Male,51,Silver,CallCenter,Phuket,203,TV_Show,COD,1,3,6,1,>50,6.766666666666667,2.0,1.0,0.5,46,1,7397.675,0.3,0.5,0.5,0.0,1667.1,1,0,0.0,1667.1,1,0,0.0,14795.35,2,1,0.5,14795.35,2,1,0.5,1
LGS2ORD0007583,C013347,2025-03-02 01:00:00,Female,53,Bronze,TV,Khon Kaen,199,Web,Credit_Card,1,3,6,1,>50,6.633333333333334,1.0,0.0,0.0,-1,13,1665.55,0.03,1.0,0.0,0.0,0.0,0,0,0.0,1665.55,1,0,0.0,1665.55,1,0,0.0,1665.55,1,0,0.0,0
LGS2ORD0007584,C015543,2025-03-02 01:00:00,Female,55,Platinum,Shopee,Khon Kaen,385,CallCenter,Credit_Card,1,3,6,1,>50,12.833333333333334,1.0,0.0,0.0,-1,32,1639.07,0.2,1.0,0.0,0.0,0.0,0,0,0.0,0.0,0,0,0.0,1639.07,1,0,0.0,1639.07,1,0,0.0,0
LGS2ORD0007585,C011694,2025-03-02 01:00:00,Male,36,Silver,TV,Bangkok,158,Lazada,PromptPay,1,3,6,1,30-40,5.266666666666667,2.0,0.0,0.0,-1,7,9573.4,0.1,0.5,0.0,0.0,0.0,0,0,0.0,4000.59,1,0,0.0,19146.8,2,0,0.0,19146.8,2,0,0.0,0
LGS2ORD0007586,C012496,2025-03-02 02:00:00,Female,42,Bronze,Shopee,Songkhla,249,Lazada,COD,2,3,6,1,40-50,8.3,1.0,1.0,1.0,43,47,5575.44,0.28,1.0,1.0,0.0,0.0,0,0,0.0,0.0,0,0,0.0,5575.44,1,1,1.0,5575.44,1,1,1.0,0
LGS2ORD0007587,C017002,2025-03-02 02:00:00,Female,40,Bronze,Lazada,Bangkok,239,Web,COD,2,3,6,1,30-40,7.966666666666667,2.0,0.0,0.0,-1,16,6357.799999999999,0.13,0.5,0.0,0.0,0.0,0,0,0.0,12715.599999999999,2,0,0.0,12715.599999999999,2,0,0.0,12715.599999999999,2,0,0.0,0
LGS2ORD0007588,C015762,2025-03-02 02:00:00,Female,53,Bronze,Shopee,Remote_Area,433,Shopee,COD,2,3,6,1,>50,14.433333333333334,2.0,0.0,0.0,-1,17,10297.355,0.23,0.5,0.5,0.0,0.0,0,0,0.0,20594.71,2,0,0.0,20594.71,2,0,0.0,20594.71,2,0,0.0,1
LGS2ORD0007589,C017914,2025-03-02 02:00:00,Male,32,Bronze,Web,Remote_Area,1382,Lazada,COD,2,3,6,1,30-40,46.06666666666667,1.0,1.0,1.0,42,49,18639.5,0.23,0.0,1.0,0.0,0.0,0,0,0.0,0.0,0,0,0.0,18639.5,1,1,1.0,18639.5,1,1,1.0,0
LGS2ORD0007590,C010521,2025-03-02 02:00:00,Male,52,Bronze,TV,Remote_Area,796,Shopee,Credit_Card,2,3,6,1,>50,26.533333333333335,0.0,0.0,0.0,-1,-1,0.0,0.0,0.0,0.0,0.0,0.0,0,0,0.0,0.0,0,0,0.0,0.0,0,0,0.0,0.0,0,0,0.0,0
LGS2ORD0007591,C013740,2025-03-02 03:00:00,Male,42,Bronze,Shopee,Bangkok,955,Shopee,COD,3,3,6,1,40-50,31.833333333333332,1.0,0.0,0.0,-1,16,7107.46,0.03,0.0,0.0,0.0,0.0,0,0,0.0,7107.46,1,0,0.0,7107.46,1,0,0.0,7107.46,1,0,0.0,0
LGS2ORD0007592,C016395,2025-03-02 03:00:00,Male,45,Bronze,Shopee,Nakhon Ratchasima,956,Lazada,COD,3,3,6,1,40-50,31.866666666666667,0.0,0.0,0.0,-1,-1,0.0,0.0,0.0,0.0,0.0,0.0,0,0,0.0,0.0,0,0,0.0,0.0,0,0,0.0,0.0,0,0,0.0,1
LGS2ORD0007593,C017940,2025-03-02 03:00:00,Female,30,Silver,Shopee,Nakhon Ratchasima,1323,Shopee,COD,3,3,6,1,20-30,44.1,1.0,0.0,0.0,-1,47,2730.76,0.3,1.0,1.0,0.0,0.0,0,0,0.0,0.0,0,0,0.0,2730.76,1,0,0.0,2730.76,1,0,0.0,0
LGS2ORD0007594,C012156,2025-03-02 03:00:00,Male,45,Bronze,TV,Chiang Mai,672,CallCenter,COD,3,3,6,1,40-50,22.4,0.0,0.0,0.0,-1,-1,0.0,0.0,0.0,0.0,0.0,0.0,0,0,0.0,0.0,0,0,0.0,0.0,0,0,0.0,0.0,0,0,0.0,0
LGS2ORD0007595,C015151,2025-03-02 03:00:00,Female,43,Gold,TV,Nakhon Ratchasima,173,CallCenter,COD,3,3,6,1,40-50,5.766666666666667,3.0,0.0,0.0,-1,22,2708.93,0.2299999999999999,0.3333333333333333,0.3333333333333333,0.0,0.0,0,0,0.0,8126.79,3,0,0.0,8126.79,3,0,0.0,8126.79,3,0,0.0,0
LGS2ORD0007596,C014729,2025-03-02 04:00:00,Female,57,Bronze,CallCenter,Bangkok,1438,Web,Bank_Transfer,4,3,6,1,>50,47.93333333333333,1.0,0.0,0.0,-1,29,1618.12,0.13,0.0,0.0,0.0,0.0,0,0,0.0,1618.12,1,0,0.0,1618.12,1,0,0.0,1618.12,1,0,0.0,0
LGS2ORD0007597,C016362,2025-03-02 04:00:00,Female,21,Platinum,TV,Bangkok,511,Shopee,COD,4,3,6,1,20-30,17.033333333333335,0.0,0.0,0.0,-1,-1,0.0,0.0,0.0,0.0,0.0,0.0,0,0,0.0,0.0,0,0,0.0,0.0,0,0,0.0,0.0,0,0,0.0,0
LGS2ORD0007598,C017146,2025-03-02 04:00:00,Female,32,Platinum,TV,Chiang Mai,557,Web,COD,4,3,6,1,30-40,18.566666666666666,0.0,0.0,0.0,-1,-1,0.0,0.0,0.0,0.0,0.0,0.0,0,0,0.0,0.0,0,0,0.0,0.0,0,0,0.0,0.0,0,0,0.0,1
LGS2ORD0007599,C013193,2025-03-02 04:00:00,Male,58,Bronze,Shopee,Phuket,359,TV_Show,Bank_Transfer,4,3,6,1,>50,11.966666666666667,1.0,0.0,0.0,-1,48,1420.12,0.13,1.0,0.0,0.0,0.0,0,0,0.0,0.0,0,0,0.0,1420.12,1,0,0.0,1420.12,1,0,0.0,1
LGS2ORD0007600,C016791,2025-03-02 04:00:00,Male,44,Bronze,TV,Chonburi,77,Web,PromptPay,4,3,6,1,40-50,2.566666666666667,0.0,0.0,0.0,-1,-1,0.0,0.0,0.0,0.0,0.0,0.0,0,0,0.0,0.0,0,0,0.0,0.0,0,0,0.0,0.0,0,0,0.0,1
LGS2ORD0007601,C010835,2025-03-02 04:00:00,Female,43,Bronze,Lazada,Nakhon Ratchasima,1368,Web,Credit_Card,4,3,6,1,40-50,45.6,0.0,0.0,0.0,-1,-1,0.0,0.0,0.0,0.0,0.0,0.0,0,0,0.0,0.0,0,0,0.0,0.0,0,0,0.0,0.0,0,0,0.0,0
LGS2ORD0007602,C016524,2025-03-02 05:00:00,Female,64,Platinum,CallCenter,Bangkok,1410,Web,COD,5,3,6,1,>50,47.0,2.0,2.0,1.0,25,32,2314.78,0.25,0.5,0.5,0.0,0.0,0,0,0.0,0.0,0,0,0.0,4629.56,2,2,1.0,4629.56,2,2,1.0,0
LGS2ORD0007603,C015714,2025-03-02 05:00:00,Male,35,Platinum,Web,Khon Kaen,920,Lazada,COD,5,3,6,1,30-40,30.666666666666668,0.0,0.0,0.0,-1,-1,0.0,0.0,0.0,0.0,0.0,0.0,0,0,0.0,0.0,0,0,0.0,0.0,0,0,0.0,0.0,0,0,0.0,1
LGS2ORD0007604,C013118,2025-03-02 05:00:00,Female,41,Gold,Web,Remote_Area,886,Shopee,COD,5,3,6,1,40-50,29.533333333333335,0.0,0.0,0.0,-1,-1,0.0,0.0,0.0,0.0,0.0,0.0,0,0,0.0,0.0,0,0,0.0,0.0,0,0,0.0,0.0,0,0,0.0,0
LGS2ORD0007605,C011361,2025-03-02 05:00:00,Female,40,Bronze,TV,Remote_Area,1235,Shopee,COD,5,3,6,1,30-40,41.166666666666664,3.0,0.0,0.0,-1,38,2294.86,0.23,1.0,0.3333333333333333,0.0,0.0,0,0,0.0,0.0,0,0,0.0,6884.58,3,0,0.0,6884.58,3,0,0.0,1
LGS2ORD0007606,C010049,2025-03-02 05:00:00,Male,19,Silver,CallCenter,Nakhon Ratchasima,1381,CallCenter,COD,5,3,6,1,<20,46.03333333333333,2.0,0.0,0.0,-1,11,11230.485,0.3,0.5,1.0,0.0,0.0,0,0,0.0,22460.97,2,0,0.0,22460.97,2,0,0.0,22460.97,2,0,0.0,0
LGS2ORD0007607,C012187,2025-03-02 06:00:00,Female,59,Silver,Shopee,Khon Kaen,643,Web,Credit_Card,6,3,6,1,>50,21.433333333333334,0.0,0.0,0.0,-1,-1,0.0,0.0,0.0,0.0,0.0,0.0,0,0,0.0,0.0,0,0,0.0,0.0,0,0,0.0,0.0,0,0,0.0,0
LGS2ORD0007608,C014827,2025-03-02 06:00:00,Other,48,Gold,Web,Chiang Mai,93,Shopee,COD,6,3,6,1,40-50,3.1,1.0,1.0,1.0,25,34,382.73,0.08,1.0,0.0,0.0,0.0,0,0,0.0,0.0,0,0,0.0,382.73,1,1,1.0,382.73,1,1,1.0,1
LGS2ORD0007609,C010526,2025-03-02 06:00:00,Male,48,Bronze,Lazada,Khon Kaen,882,Lazada,PromptPay,6,3,6,1,40-50,29.4,1.0,0.0,0.0,-1,14,1978.7,0.03,0.0,0.0,0.0,0.0,0,0,0.0,1978.7,1,0,0.0,1978.7,1,0,0.0,1978.7,1,0,0.0,0
LGS2ORD0007610,C017062,2025-03-02 06:00:00,Female,18,Gold,CallCenter,Nakhon Ratchasima,1040,Web,COD,6,3,6,1,<20,34.666666666666664,0.0,0.0,0.0,-1,-1,0.0,0.0,0.0,0.0,0.0,0.0,0,0,0.0,0.0,0,0,0.0,0.0,0,0,0.0,0.0,0,0,0.0,0
LGS2ORD0007611,C014754,2025-03-02 06:00:00,Female,63,Bronze,TV,Songkhla,831,Shopee,Bank_Transfer,6,3,6,1,>50,27.7,1.0,1.0,1.0,48,58,771.3,0.18,1.0,0.0,0.0,0.0,0,0,0.0,0.0,0,0,0.0,771.3,1,1,1.0,771.3,1,1,1.0,0
LGS2ORD0007612,C015148,2025-03-02 07:00:00,Female,35,Bronze,TV,Phuket,1328,Lazada,COD,7,3,6,1,30-40,44.266666666666666,3.0,0.0,0.0,-1,2,3035.99,0.23,0.3333333333333333,0.3333333333333333,0.0,3225.97,1,0,0.0,6804.379999999999,2,0,0.0,9107.97,3,0,0.0,9107.97,3,0,0.0,0
LGS2ORD0007613,C017108,2025-03-02 07:00:00,Male,63,Silver,Web,Nakhon Ratchasima,577,Shopee,COD,7,3,6,1,>50,19.233333333333334,0.0,0.0,0.0,-1,-1,0.0,0.0,0.0,0.0,0.0,0.0,0,0,0.0,0.0,0,0,0.0,0.0,0,0,0.0,0.0,0,0,0.0,0
LGS2ORD0007614,C017037,2025-03-02 07:00:00,Female,41,Bronze,Web,Bangkok,1195,Lazada,Bank_Transfer,7,3,6,1,40-50,39.833333333333336,1.0,0.0,0.0,-1,32,6037.63,0.08,1.0,0.0,0.0,0.0,0,0,0.0,0.0,0,0,0.0,6037.63,1,0,0.0,6037.63,1,0,0.0,0
LGS2ORD0007615,C010906,2025-03-02 07:00:00,Female,18,Silver,CallCenter,Songkhla,582,Lazada,Bank_Transfer,7,3,6,1,<20,19.4,0.0,0.0,0.0,-1,-1,0.0,0.0,0.0,0.0,0.0,0.0,0,0,0.0,0.0,0,0,0.0,0.0,0,0,0.0,0.0,0,0,0.0,0
LGS2ORD0007616,C012316,2025-03-02 07:00:00,Male,49,Bronze,Shopee,Bangkok,175,Shopee,COD,7,3,6,1,40-50,5.833333333333333,1.0,0.0,0.0,-1,15,4646.65,0.08,0.0,0.0,0.0,0.0,0,0,0.0,4646.65,1,0,0.0,4646.65,1,0,0.0,4646.65,1,0,0.0,0
LGS2ORD0007617,C015239,2025-03-02 08:00:00,Female,51,Silver,TV,Khon Kaen,941,CallCenter,Credit_Card,8,3,6,1,>50,31.366666666666667,0.0,0.0,0.0,-1,-1,0.0,0.0,0.0,0.0,0.0,0.0,0,0,0.0,0.0,0,0,0.0,0.0,0,0,0.0,0.0,0,0,0.0,0
LGS2ORD0007618,C011586,2025-03-02 08:00:00,Female,51,Gold,Shopee,Remote_Area,315,Shopee,Credit_Card,8,3,6,1,>50,10.5,2.0,1.0,0.5,19,32,3077.985,0.33,0.0,0.5,0.0,0.0,0,0,0.0,0.0,0,0,0.0,6155.97,2,1,0.5,6155.97,2,1,0.5,0
LGS2ORD0007619,C016604,2025-03-02 08:00:00,Female,49,Silver,TV,Chiang Mai,743,CallCenter,COD,8,3,6,1,40-50,24.766666666666666,0.0,0.0,0.0,-1,-1,0.0,0.0,0.0,0.0,0.0,0.0,0,0,0.0,0.0,0,0,0.0,0.0,0,0,0.0,0.0,0,0,0.0,1
LGS2ORD0007620,C015514,2025-03-02 08:00:00,Female,27,Bronze,Lazada,Bangkok,760,CallCenter,Credit_Card,8,3,6,1,20-30,25.333333333333332,1.0,0.0,0.0,-1,51,15201.74,0.08,0.0,0.0,0.0,0.0,0,0,0.0,0.0,0,0,0.0,15201.74,1,0,0.0,15201.74,1,0,0.0,0
LGS2ORD0007621,C011676,2025-03-02 08:00:00,Male,28,Gold,Shopee,Nakhon Ratchasima,967,TV_Show,Credit_Card,8,3,6,1,20-30,32.233333333333334,2.0,0.0,0.0,-1,11,1202.05,0.28,0.0,0.5,0.0,0.0,0,0,0.0,1498.31,1,0,0.0,2404.1,2,0,0.0,2404.1,2,0,0.0,0
LGS2ORD0007622,C017907,2025-03-02 08:00:00,Female,54,Silver,Lazada,Nakhon Ratchasima,1073,TV_Show,Bank_Transfer,8,3,6,1,>50,35.766666666666666,1.0,0.0,0.0,-1,50,1102.51,0.05,0.0,0.0,0.0,0.0,0,0,0.0,0.0,0,0,0.0,1102.51,1,0,0.0,1102.51,1,0,0.0,0
LGS2ORD0007623,C010054,2025-03-02 09:00:00,Female,24,Silver,Web,Chonburi,402,TV_Show,Credit_Card,9,3,6,1,20-30,13.4,1.0,0.0,0.0,-1,20,2364.84,0.2,1.0,0.0,0.0,0.0,0,0,0.0,2364.84,1,0,0.0,2364.84,1,0,0.0,2364.84,1,0,0.0,0
LGS2ORD0007624,C015050,2025-03-02 09:00:00,Female,37,Silver,TV,Songkhla,642,Lazada,Bank_Transfer,9,3,6,1,30-40,21.4,0.0,0.0,0.0,-1,-1,0.0,0.0,0.0,0.0,0.0,0.0,0,0,0.0,0.0,0,0,0.0,0.0,0,0,0.0,0.0,0,0,0.0,0
LGS2ORD0007625,C012378,2025-03-02 09:00:00,Female,59,Silver,Lazada,Chiang Mai,719,Web,COD,9,3,6,1,>50,23.966666666666665,0.0,0.0,0.0,-1,-1,0.0,0.0,0.0,0.0,0.0,0.0,0,0,0.0,0.0,0,0,0.0,0.0,0,0,0.0,0.0,0,0,0.0,0
LGS2ORD0007626,C014847,2025-03-02 09:00:00,Male,28,Silver,Web,Remote_Area,1189,Web,Credit_Card,9,3,6,1,20-30,39.63333333333333,0.0,0.0,0.0,-1,-1,0.0,0.0,0.0,0.0,0.0,0.0,0,0,0.0,0.0,0,0,0.0,0.0,0,0,0.0,0.0,0,0,0.0,0
LGS2ORD0007627,C014577,2025-03-02 09:00:00,Male,30,Silver,Web,Phuket,1337,TV_Show,COD,9,3,6,1,20-30,44.56666666666667,0.0,0.0,0.0,-1,-1,0.0,0.0,0.0,0.0,0.0,0.0,0,0,0.0,0.0,0,0,0.0,0.0,0,0,0.0,0.0,0,0,0.0,0
LGS2ORD0007628,C016413,2025-03-02 10:00:00,Female,66,Bronze,Web,Bangkok,304,CallCenter,Credit_Card,10,3,6,1,>50,10.133333333333333,1.0,0.0,0.0,-1,39,7477.01,0.08,1.0,0.0,0.0,0.0,0,0,0.0,0.0,0,0,0.0,7477.01,1,0,0.0,7477.01,1,0,0.0,0
LGS2ORD0007629,C011737,2025-03-02 10:00:00,Male,40,Gold,TV,Bangkok,1424,CallCenter,PromptPay,10,3,6,1,30-40,47.46666666666667,1.0,0.0,0.0,-1,33,10654.28,0.2299999999999999,0.0,1.0,0.0,0.0,0,0,0.0,0.0,0,0,0.0,10654.28,1,0,0.0,10654.28,1,0,0.0,0
LGS2ORD0007630,C015290,2025-03-02 10:00:00,Female,39,Bronze,Lazada,Chiang Mai,1307,TV_Show,COD,10,3,6,1,30-40,43.56666666666667,1.0,0.0,0.0,-1,37,1680.16,0.08,1.0,0.0,0.0,0.0,0,0,0.0,0.0,0,0,0.0,1680.16,1,0,0.0,1680.16,1,0,0.0,0
LGS2ORD0007631,C013168,2025-03-02 10:00:00,Female,37,Platinum,Lazada,Khon Kaen,625,TV_Show,PromptPay,10,3,6,1,30-40,20.833333333333332,1.0,0.0,0.0,-1,32,8357.47,0.2,0.0,0.0,0.0,0.0,0,0,0.0,0.0,0,0,0.0,8357.47,1,0,0.0,8357.47,1,0,0.0,0
LGS2ORD0007632,C015692,2025-03-02 10:00:00,Female,40,Bronze,TV,Bangkok,974,Web,Credit_Card,10,3,6,1,30-40,32.46666666666667,1.0,0.0,0.0,-1,47,2506.61,0.23,0.0,1.0,0.0,0.0,0,0,0.0,0.0,0,0,0.0,2506.61,1,0,0.0,2506.61,1,0,0.0,1
LGS2ORD0007633,C014678,2025-03-02 11:00:00,Male,62,Bronze,Shopee,Remote_Area,1453,TV_Show,Credit_Card,11,3,6,1,>50,48.43333333333333,0.0,0.0,0.0,-1,-1,0.0,0.0,0.0,0.0,0.0,0.0,0,0,0.0,0.0,0,0,0.0,0.0,0,0,0.0,0.0,0,0,0.0,0
LGS2ORD0007634,C014918,2025-03-02 11:00:00,Female,34,Gold,TV,Khon Kaen,813,TV_Show,PromptPay,11,3,6,1,30-40,27.1,1.0,0.0,0.0,-1,16,188.14,0.08,1.0,0.0,0.0,0.0,0,0,0.0,188.14,1,0,0.0,188.14,1,0,0.0,188.14,1,0,0.0,0
LGS2ORD0007635,C011430,2025-03-02 11:00:00,Female,45,Silver,Lazada,Chiang Mai,1323,Shopee,COD,11,3,6,1,40-50,44.1,2.0,0.0,0.0,-1,34,1579.5049999999999,0.25,0.0,0.5,0.0,0.0,0,0,0.0,0.0,0,0,0.0,3159.0099999999998,2,0,0.0,3159.0099999999998,2,0,0.0,0
LGS2ORD0007636,C010078,2025-03-02 11:00:00,Female,55,Bronze,CallCenter,Songkhla,539,TV_Show,Credit_Card,11,3,6,1,>50,17.966666666666665,2.0,2.0,1.0,-10,2,1592.4850000000001,0.08,0.5,0.0,0.0,2056.96,1,1,1.0,2056.96,1,1,1.0,3184.9700000000003,2,2,1.0,3184.9700000000003,2,2,1.0,1
LGS2ORD0007637,C011139,2025-03-02 11:00:00,Male,47,Bronze,TV,Songkhla,1197,Lazada,Credit_Card,11,3,6,1,40-50,39.9,1.0,0.0,0.0,-1,4,8276.63,0.03,0.0,0.0,0.0,8276.63,1,0,0.0,8276.63,1,0,0.0,8276.63,1,0,0.0,8276.63,1,0,0.0,0
LGS2ORD0007638,C013272,2025-03-02 12:00:00,Male,52,Silver,TV,Khon Kaen,1008,Shopee,Credit_Card,12,3,6,1,>50,33.6,0.0,0.0,0.0,-1,-1,0.0,0.0,0.0,0.0,0.0,0.0,0,0,0.0,0.0,0,0,0.0,0.0,0,0,0.0,0.0,0,0,0.0,1
LGS2ORD0007639,C013406,2025-03-02 12:00:00,Female,57,Bronze,Lazada,Chiang Mai,970,Shopee,COD,12,3,6,1,>50,32.333333333333336,1.0,0.0,0.0,-1,52,3584.21,0.03,1.0,0.0,0.0,0.0,0,0,0.0,0.0,0,0,0.0,3584.21,1,0,0.0,3584.21,1,0,0.0,0
LGS2ORD0007640,C013696,2025-03-02 12:00:00,Male,46,Bronze,TV,Chiang Mai,1391,Web,Credit_Card,12,3,6,1,40-50,46.36666666666667,1.0,0.0,0.0,-1,41,4377.39,0.03,1.0,0.0,0.0,0.0,0,0,0.0,0.0,0,0,0.0,4377.39,1,0,0.0,4377.39,1,0,0.0,0
LGS2ORD0007641,C015842,2025-03-02 12:00:00,Male,31,Gold,Web,Bangkok,1096,Web,PromptPay,12,3,6,1,30-40,36.53333333333333,1.0,1.0,1.0,18,31,1304.37,0.2299999999999999,1.0,1.0,0.0,0.0,0,0,0.0,0.0,0,0,0.0,1304.37,1,1,1.0,1304.37,1,1,1.0,0
LGS2ORD0007642,C015018,2025-03-02 12:00:00,Male,37,Gold,TV,Phuket,1443,TV_Show,Credit_Card,12,3,6,1,30-40,48.1,3.0,0.0,0.0,-1,17,2845.5033333333336,0.28,0.3333333333333333,0.3333333333333333,0.0,0.0,0,0,0.0,5561.92,2,0,0.0,8536.51,3,0,0.0,8536.51,3,0,0.0,0
LGS2ORD0007643,C017226,2025-03-02 12:00:00,Female,25,Silver,Lazada,Chonburi,876,Web,PromptPay,12,3,6,1,20-30,29.2,1.0,0.0,0.0,-1,58,24056.93,0.15,0.0,0.0,0.0,0.0,0,0,0.0,0.0,0,0,0.0,24056.93,1,0,0.0,24056.93,1,0,0.0,0
LGS2ORD0007644,C015581,2025-03-02 13:00:00,Female,23,Silver,CallCenter,Chonburi,1380,Lazada,COD,13,3,6,1,20-30,46.0,0.0,0.0,0.0,-1,-1,0.0,0.0,0.0,0.0,0.0,0.0,0,0,0.0,0.0,0,0,0.0,0.0,0,0,0.0,0.0,0,0,0.0,0
LGS2ORD0007645,C015136,2025-03-02 13:00:00,Female,28,Silver,Web,Phuket,292,Web,COD,13,3,6,1,20-30,9.733333333333333,3.0,1.0,0.3333333333333333,0,1,2364.7066666666665,0.25,0.6666666666666666,0.6666666666666666,0.0,3792.09,2,1,0.5,3792.09,2,1,0.5,7094.12,3,1,0.3333333333333333,7094.12,3,1,0.3333333333333333,0
LGS2ORD0007646,C012879,2025-03-02 13:00:00,Male,56,Gold,Web,Chonburi,905,Web,COD,13,3,6,1,>50,30.166666666666668,1.0,1.0,1.0,-4,1,4333.04,0.33,1.0,1.0,0.0,4333.04,1,1,1.0,4333.04,1,1,1.0,4333.04,1,1,1.0,4333.04,1,1,1.0,0
LGS2ORD0007647,C013071,2025-03-02 13:00:00,Male,23,Bronze,Lazada,Khon Kaen,1042,Web,COD,13,3,6,1,20-30,34.733333333333334,2.0,1.0,0.5,13,13,3696.185,0.28,0.5,0.5,0.0,0.0,0,0,0.0,7392.37,2,1,0.5,7392.37,2,1,0.5,7392.37,2,1,0.5,1
LGS2ORD0007648,C012944,2025-03-02 13:00:00,Male,56,Bronze,TV,Khon Kaen,1451,Lazada,COD,13,3,6,1,>50,48.36666666666667,0.0,0.0,0.0,-1,-1,0.0,0.0,0.0,0.0,0.0,0.0,0,0,0.0,0.0,0,0,0.0,0.0,0,0,0.0,0.0,0,0,0.0,0
LGS2ORD0007649,C014342,2025-03-02 14:00:00,Female,40,Bronze,Shopee,Bangkok,1311,TV_Show,Credit_Card,14,3,6,1,30-40,43.7,1.0,0.0,0.0,-1,37,3381.58,0.23,0.0,1.0,0.0,0.0,0,0,0.0,0.0,0,0,0.0,3381.58,1,0,0.0,3381.58,1,0,0.0,0
LGS2ORD0007650,C015504,2025-03-02 14:00:00,Female,28,Bronze,Lazada,Nakhon Ratchasima,1088,TV_Show,COD,14,3,6,1,20-30,36.266666666666666,1.0,0.0,0.0,-1,8,1581.87,0.08,1.0,0.0,0.0,0.0,0,0,0.0,1581.87,1,0,0.0,1581.87,1,0,0.0,1581.87,1,0,0.0,1
LGS2ORD0007651,C010058,2025-03-02 14:00:00,Female,39,Bronze,Web,Bangkok,1345,Web,PromptPay,14,3,6,1,30-40,44.833333333333336,3.0,1.0,0.3333333333333333,45,1,4582.19,0.28,0.6666666666666666,0.6666666666666666,0.0,11386.75,2,0,0.0,11386.75,2,0,0.0,13746.57,3,1,0.3333333333333333,13746.57,3,1,0.3333333333333333,0
LGS2ORD0007652,C014839,2025-03-02 14:00:00,Male,49,Bronze,Shopee,Khon Kaen,1510,Web,Bank_Transfer,14,3,6,1,40-50,50.333333333333336,1.0,1.0,1.0,22,33,12662.28,0.08,0.0,0.0,0.0,0.0,0,0,0.0,0.0,0,0,0.0,12662.28,1,1,1.0,12662.28,1,1,1.0,0
LGS2ORD0007653,C014615,2025-03-02 14:00:00,Male,41,Silver,Web,Chiang Mai,874,CallCenter,COD,14,3,6,1,40-50,29.133333333333333,0.0,0.0,0.0,-1,-1,0.0,0.0,0.0,0.0,0.0,0.0,0,0,0.0,0.0,0,0,0.0,0.0,0,0,0.0,0.0,0,0,0.0,0
LGS2ORD0007654,C015733,2025-03-02 15:00:00,Female,23,Silver,Lazada,Chiang Mai,482,TV_Show,COD,15,3,6,1,20-30,16.066666666666666,0.0,0.0,0.0,-1,-1,0.0,0.0,0.0,0.0,0.0,0.0,0,0,0.0,0.0,0,0,0.0,0.0,0,0,0.0,0.0,0,0,0.0,0
LGS2ORD0007655,C014400,2025-03-02 15:00:00,Female,61,Platinum,CallCenter,Khon Kaen,1070,Lazada,Credit_Card,15,3,6,1,>50,35.666666666666664,0.0,0.0,0.0,-1,-1,0.0,0.0,0.0,0.0,0.0,0.0,0,0,0.0,0.0,0,0,0.0,0.0,0,0,0.0,0.0,0,0,0.0,0
LGS2ORD0007656,C015142,2025-03-02 15:00:00,Female,27,Silver,CallCenter,Remote_Area,898,Lazada,COD,15,3,6,1,20-30,29.933333333333334,1.0,1.0,1.0,34,41,1451.03,0.25,0.0,1.0,0.0,0.0,0,0,0.0,0.0,0,0,0.0,1451.03,1,1,1.0,1451.03,1,1,1.0,1
LGS2ORD0007657,C017382,2025-03-02 15:00:00,Female,18,Bronze,Shopee,Chonburi,823,Web,Bank_Transfer,15,3,6,1,<20,27.433333333333334,1.0,0.0,0.0,-1,32,3393.09,0.18,1.0,0.0,0.0,0.0,0,0,0.0,0.0,0,0,0.0,3393.09,1,0,0.0,3393.09,1,0,0.0,1
LGS2ORD0007658,C016890,2025-03-02 15:00:00,Male,27,Gold,Shopee,Khon Kaen,979,TV_Show,PromptPay,15,3,6,1,20-30,32.63333333333333,0.0,0.0,0.0,-1,-1,0.0,0.0,0.0,0.0,0.0,0.0,0,0,0.0,0.0,0,0,0.0,0.0,0,0,0.0,0.0,0,0,0.0,0
LGS2ORD0007659,C010185,2025-03-02 16:00:00,Male,41,Bronze,TV,Nakhon Ratchasima,1354,Shopee,Credit_Card,16,3,6,1,40-50,45.13333333333333,0.0,0.0,0.0,-1,-1,0.0,0.0,0.0,0.0,0.0,0.0,0,0,0.0,0.0,0,0,0.0,0.0,0,0,0.0,0.0,0,0,0.0,0
LGS2ORD0007660,C015807,2025-03-02 16:00:00,Male,33,Silver,Web,Chiang Mai,788,Shopee,COD,16,3,6,1,30-40,26.266666666666666,0.0,0.0,0.0,-1,-1,0.0,0.0,0.0,0.0,0.0,0.0,0,0,0.0,0.0,0,0,0.0,0.0,0,0,0.0,0.0,0,0,0.0,1
LGS2ORD0007661,C011732,2025-03-02 16:00:00,Male,39,Bronze,Web,Chiang Mai,854,CallCenter,COD,16,3,6,1,30-40,28.466666666666665,1.0,1.0,1.0,40,48,7627.35,0.18,1.0,0.0,0.0,0.0,0,0,0.0,0.0,0,0,0.0,7627.35,1,1,1.0,7627.35,1,1,1.0,1
LGS2ORD0007662,C010474,2025-03-02 16:00:00,Female,27,Silver,Lazada,Khon Kaen,212,Shopee,COD,16,3,6,1,20-30,7.066666666666666,0.0,0.0,0.0,-1,-1,0.0,0.0,0.0,0.0,0.0,0.0,0,0,0.0,0.0,0,0,0.0,0.0,0,0,0.0,0.0,0,0,0.0,0
LGS2ORD0007663,C011781,2025-03-02 16:00:00,Female,59,Gold,Web,Bangkok,814,Lazada,COD,16,3,6,1,>50,27.133333333333333,0.0,0.0,0.0,-1,-1,0.0,0.0,0.0,0.0,0.0,0.0,0,0,0.0,0.0,0,0,0.0,0.0,0,0,0.0,0.0,0,0,0.0,0
LGS2ORD0007664,C011005,2025-03-02 16:00:00,Male,30,Bronze,Web,Nakhon Ratchasima,1515,Lazada,COD,16,3,6,1,20-30,50.5,3.0,2.0,0.6666666666666666,26,20,2331.5733333333333,0.23,0.6666666666666666,0.3333333333333333,0.0,0.0,0,0,0.0,3272.64,1,0,0.0,6994.719999999999,3,2,0.6666666666666666,6994.719999999999,3,2,0.6666666666666666,0
LGS2ORD0007665,C015165,2025-03-02 17:00:00,Female,45,Bronze,TV,Bangkok,1458,Lazada,PromptPay,17,3,6,1,40-50,48.6,3.0,0.0,0.0,-1,1,4589.413333333333,0.28,0.0,1.0,0.0,5985.68,1,0,0.0,11031.93,2,0,0.0,13768.24,3,0,0.0,13768.24,3,0,0.0,0
LGS2ORD0007666,C013803,2025-03-02 17:00:00,Male,54,Bronze,TV,Chonburi,1232,CallCenter,Bank_Transfer,17,3,6,1,>50,41.06666666666667,2.0,1.0,0.5,26,26,1543.085,0.23,0.5,0.5,0.0,0.0,0,0,0.0,2250.61,1,0,0.0,3086.17,2,1,0.5,3086.17,2,1,0.5,0
LGS2ORD0007667,C014177,2025-03-02 17:00:00,Male,61,Platinum,Shopee,Chiang Mai,1140,TV_Show,COD,17,3,6,1,>50,38.0,3.0,0.0,0.0,-1,10,4198.63,0.3,0.6666666666666666,1.0,0.0,0.0,0,0,0.0,2462.76,2,0,0.0,12595.89,3,0,0.0,12595.89,3,0,0.0,1
LGS2ORD0007668,C014541,2025-03-02 17:00:00,Female,48,Bronze,Lazada,Phuket,706,TV_Show,COD,17,3,6,1,40-50,23.533333333333335,0.0,0.0,0.0,-1,-1,0.0,0.0,0.0,0.0,0.0,0.0,0,0,0.0,0.0,0,0,0.0,0.0,0,0,0.0,0.0,0,0,0.0,0
LGS2ORD0007669,C014489,2025-03-02 17:00:00,Female,50,Gold,Lazada,Chonburi,931,TV_Show,COD,17,3,6,1,40-50,31.033333333333335,0.0,0.0,0.0,-1,-1,0.0,0.0,0.0,0.0,0.0,0.0,0,0,0.0,0.0,0,0,0.0,0.0,0,0,0.0,0.0,0,0,0.0,0
LGS2ORD0007670,C013367,2025-03-02 18:00:00,Male,53,Bronze,TV,Phuket,1089,TV_Show,COD,18,3,6,1,>50,36.3,0.0,0.0,0.0,-1,-1,0.0,0.0,0.0,0.0,0.0,0.0,0,0,0.0,0.0,0,0,0.0,0.0,0,0,0.0,0.0,0,0,0.0,0
LGS2ORD0007671,C013779,2025-03-02 18:00:00,Male,39,Silver,TV,Chonburi,1418,Web,Credit_Card,18,3,6,1,30-40,47.266666666666666,0.0,0.0,0.0,-1,-1,0.0,0.0,0.0,0.0,0.0,0.0,0,0,0.0,0.0,0,0,0.0,0.0,0,0,0.0,0.0,0,0,0.0,0
LGS2ORD0007672,C017097,2025-03-02 18:00:00,Male,42,Silver,Shopee,Chiang Mai,296,Shopee,PromptPay,18,3,6,1,40-50,9.866666666666667,2.0,1.0,0.5,51,14,4357.27,0.3,1.0,0.5,0.0,0.0,0,0,0.0,7069.58,1,0,0.0,8714.54,2,1,0.5,8714.54,2,1,0.5,0
LGS2ORD0007673,C013232,2025-03-02 18:00:00,Male,59,Silver,Shopee,Chiang Mai,903,TV_Show,COD,18,3,6,1,>50,30.1,1.0,0.0,0.0,-1,8,4072.08,0.25,1.0,1.0,0.0,0.0,0,0,0.0,4072.08,1,0,0.0,4072.08,1,0,0.0,4072.08,1,0,0.0,0
LGS2ORD0007674,C015745,2025-03-02 18:00:00,Male,39,Bronze,Web,Phuket,855,Web,PromptPay,18,3,6,1,30-40,28.5,3.0,0.0,0.0,-1,22,6470.153333333333,0.23,0.3333333333333333,0.3333333333333333,0.0,0.0,0,0,0.0,8151.16,1,0,0.0,19410.46,3,0,0.0,19410.46,3,0,0.0,0
LGS2ORD0007675,C017339,2025-03-02 19:00:00,Male,42,Gold,TV,Phuket,1245,Web,COD,19,3,6,1,40-50,41.5,2.0,0.0,0.0,-1,39,12436.955,0.13,0.0,0.0,0.0,0.0,0,0,0.0,0.0,0,0,0.0,24873.91,2,0,0.0,24873.91,2,0,0.0,1
LGS2ORD0007676,C015569,2025-03-02 19:00:00,Male,49,Gold,CallCenter,Remote_Area,798,Lazada,COD,19,3,6,1,40-50,26.6,0.0,0.0,0.0,-1,-1,0.0,0.0,0.0,0.0,0.0,0.0,0,0,0.0,0.0,0,0,0.0,0.0,0,0,0.0,0.0,0,0,0.0,1
LGS2ORD0007677,C010013,2025-03-02 19:00:00,Female,62,Gold,TV,Bangkok,1126,Lazada,COD,19,3,6,1,>50,37.53333333333333,0.0,0.0,0.0,-1,-1,0.0,0.0,0.0,0.0,0.0,0.0,0,0,0.0,0.0,0,0,0.0,0.0,0,0,0.0,0.0,0,0,0.0,0
LGS2ORD0007678,C012354,2025-03-02 19:00:00,Female,49,Bronze,Lazada,Bangkok,93,Shopee,Credit_Card,19,3,6,1,40-50,3.1,0.0,0.0,0.0,-1,-1,0.0,0.0,0.0,0.0,0.0,0.0,0,0,0.0,0.0,0,0,0.0,0.0,0,0,0.0,0.0,0,0,0.0,0
LGS2ORD0007679,C015057,2025-03-02 19:00:00,Female,62,Bronze,Shopee,Remote_Area,73,Web,COD,19,3,6,1,>50,2.433333333333333,2.0,0.0,0.0,-1,43,5134.785,0.08,0.5,0.0,0.0,0.0,0,0,0.0,0.0,0,0,0.0,10269.57,2,0,0.0,10269.57,2,0,0.0,0
LGS2ORD0007680,C017363,2025-03-02 19:00:00,Female,40,Silver,CallCenter,Khon Kaen,263,CallCenter,COD,19,3,6,1,30-40,8.766666666666667,1.0,1.0,1.0,21,31,1438.38,0.05,1.0,0.0,0.0,0.0,0,0,0.0,0.0,0,0,0.0,1438.38,1,1,1.0,1438.38,1,1,1.0,0
LGS2ORD0007681,C014033,2025-03-02 20:00:00,Female,69,Silver,TV,Nakhon Ratchasima,415,Lazada,COD,20,3,6,1,>50,13.833333333333334,0.0,0.0,0.0,-1,-1,0.0,0.0,0.0,0.0,0.0,0.0,0,0,0.0,0.0,0,0,0.0,0.0,0,0,0.0,0.0,0,0,0.0,0
LGS2ORD0007682,C015680,2025-03-02 20:00:00,Male,66,Bronze,Shopee,Remote_Area,1074,Shopee,COD,20,3,6,1,>50,35.8,0.0,0.0,0.0,-1,-1,0.0,0.0,0.0,0.0,0.0,0.0,0,0,0.0,0.0,0,0,0.0,0.0,0,0,0.0,0.0,0,0,0.0,0
LGS2ORD0007683,C016891,2025-03-02 20:00:00,Female,49,Bronze,TV,Khon Kaen,790,Web,COD,20,3,6,1,40-50,26.333333333333332,1.0,0.0,0.0,-1,15,3979.65,0.03,1.0,0.0,0.0,0.0,0,0,0.0,3979.65,1,0,0.0,3979.65,1,0,0.0,3979.65,1,0,0.0,0
LGS2ORD0007684,C010175,2025-03-02 20:00:00,Male,47,Bronze,CallCenter,Bangkok,145,Shopee,COD,20,3,6,1,40-50,4.833333333333333,2.0,0.0,0.0,-1,19,2618.725,0.28,0.5,0.5,0.0,0.0,0,0,0.0,885.67,1,0,0.0,5237.45,2,0,0.0,5237.45,2,0,0.0,1
LGS2ORD0007685,C011682,2025-03-02 20:00:00,Female,27,Silver,Web,Bangkok,808,TV_Show,COD,20,3,6,1,20-30,26.933333333333334,0.0,0.0,0.0,-1,-1,0.0,0.0,0.0,0.0,0.0,0.0,0,0,0.0,0.0,0,0,0.0,0.0,0,0,0.0,0.0,0,0,0.0,0
LGS2ORD0007686,C015373,2025-03-02 21:00:00,Female,47,Bronze,TV,Bangkok,1242,CallCenter,COD,21,3,6,1,40-50,41.4,2.0,0.0,0.0,-1,35,3819.01,0.08,0.5,0.0,0.0,0.0,0,0,0.0,0.0,0,0,0.0,7638.02,2,0,0.0,7638.02,2,0,0.0,0
LGS2ORD0007687,C014449,2025-03-02 21:00:00,Male,32,Silver,TV,Khon Kaen,544,TV_Show,COD,21,3,6,1,30-40,18.133333333333333,1.0,0.0,0.0,-1,16,10083.99,0.2,0.0,0.0,0.0,0.0,0,0,0.0,10083.99,1,0,0.0,10083.99,1,0,0.0,10083.99,1,0,0.0,0
LGS2ORD0007688,C010089,2025-03-02 21:00:00,Female,61,Silver,CallCenter,Bangkok,1125,TV_Show,COD,21,3,6,1,>50,37.5,1.0,0.0,0.0,-1,47,1299.56,0.05,0.0,0.0,0.0,0.0,0,0,0.0,0.0,0,0,0.0,1299.56,1,0,0.0,1299.56,1,0,0.0,0
LGS2ORD0007689,C012312,2025-03-02 21:00:00,Female,40,Bronze,Lazada,Khon Kaen,796,Lazada,COD,21,3,6,1,30-40,26.533333333333335,0.0,0.0,0.0,-1,-1,0.0,0.0,0.0,0.0,0.0,0.0,0,0,0.0,0.0,0,0,0.0,0.0,0,0,0.0,0.0,0,0,0.0,0
LGS2ORD0007690,C016581,2025-03-02 21:00:00,Female,35,Gold,Shopee,Nakhon Ratchasima,1362,Shopee,Credit_Card,21,3,6,1,30-40,45.4,0.0,0.0,0.0,-1,-1,0.0,0.0,0.0,0.0,0.0,0.0,0,0,0.0,0.0,0,0,0.0,0.0,0,0,0.0,0.0,0,0,0.0,0
LGS2ORD0007691,C015601,2025-03-02 22:00:00,Female,61,Bronze,TV,Bangkok,1372,TV_Show,COD,22,3,6,1,>50,45.733333333333334,0.0,0.0,0.0,-1,-1,0.0,0.0,0.0,0.0,0.0,0.0,0,0,0.0,0.0,0,0,0.0,0.0,0,0,0.0,0.0,0,0,0.0,0
LGS2ORD0007692,C014268,2025-03-02 22:00:00,Male,47,Gold,Shopee,Bangkok,1490,Shopee,COD,22,3,6,1,40-50,49.666666666666664,0.0,0.0,0.0,-1,-1,0.0,0.0,0.0,0.0,0.0,0.0,0,0,0.0,0.0,0,0,0.0,0.0,0,0,0.0,0.0,0,0,0.0,1
LGS2ORD0007693,C012456,2025-03-02 22:00:00,Male,29,Bronze,TV,Remote_Area,1224,CallCenter,COD,22,3,6,1,20-30,40.8,0.0,0.0,0.0,-1,-1,0.0,0.0,0.0,0.0,0.0,0.0,0,0,0.0,0.0,0,0,0.0,0.0,0,0,0.0,0.0,0,0,0.0,0
LGS2ORD0007694,C011312,2025-03-02 22:00:00,Male,66,Silver,Web,Bangkok,761,Lazada,PromptPay,22,3,6,1,>50,25.366666666666667,1.0,0.0,0.0,-1,5,3652.37,0.25,0.0,1.0,0.0,3652.37,1,0,0.0,3652.37,1,0,0.0,3652.37,1,0,0.0,3652.37,1,0,0.0,1
LGS2ORD0007695,C013503,2025-03-02 22:00:00,Female,50,Gold,Lazada,Phuket,218,CallCenter,COD,22,3,6,1,40-50,7.266666666666667,1.0,0.0,0.0,-1,55,4622.52,0.18,1.0,0.0,0.0,0.0,0,0,0.0,0.0,0,0,0.0,4622.52,1,0,0.0,4622.52,1,0,0.0,1
LGS2ORD0007696,C014739,2025-03-02 23:00:00,Female,54,Platinum,Lazada,Phuket,929,TV_Show,Credit_Card,23,3,6,1,>50,30.966666666666665,0.0,0.0,0.0,-1,-1,0.0,0.0,0.0,0.0,0.0,0.0,0,0,0.0,0.0,0,0,0.0,0.0,0,0,0.0,0.0,0,0,0.0,1
LGS2ORD0007697,C015155,2025-03-02 23:00:00,Male,30,Platinum,Web,Nakhon Ratchasima,239,Web,Credit_Card,23,3,6,1,20-30,7.966666666666667,1.0,0.0,0.0,-1,12,2245.03,0.15,1.0,0.0,0.0,0.0,0,0,0.0,2245.03,1,0,0.0,2245.03,1,0,0.0,2245.03,1,0,0.0,0
LGS2ORD0007698,C012925,2025-03-02 23:00:00,Female,40,Bronze,Shopee,Khon Kaen,1112,TV_Show,Credit_Card,23,3,6,1,30-40,37.06666666666667,1.0,0.0,0.0,-1,60,5015.22,0.08,1.0,0.0,0.0,0.0,0,0,0.0,0.0,0,0,0.0,5015.22,1,0,0.0,5015.22,1,0,0.0,0
LGS2ORD0007699,C013158,2025-03-02 23:00:00,Male,51,Silver,Shopee,Chonburi,842,TV_Show,Credit_Card,23,3,6,1,>50,28.066666666666666,1.0,1.0,1.0,30,46,3019.99,0.3,0.0,1.0,0.0,0.0,0,0,0.0,0.0,0,0,0.0,3019.99,1,1,1.0,3019.99,1,1,1.0,0
LGS2ORD0007700,C017665,2025-03-02 23:00:00,Male,57,Gold,TV,Remote_Area,1303,CallCenter,Bank_Transfer,23,3,6,1,>50,43.43333333333333,1.0,0.0,0.0,-1,1,4259.15,0.2299999999999999,1.0,1.0,0.0,4259.15,1,0,0.0,4259.15,1,0,0.0,4259.15,1,0,0.0,4259.15,1,0,0.0,0
LGS2ORD0007701,C011420,2025-03-02 23:00:00,Male,32,Gold,Lazada,Chiang Mai,1501,Lazada,COD,23,3,6,1,30-40,50.03333333333333,0.0,0.0,0.0,-1,-1,0.0,0.0,0.0,0.0,0.0,0.0,0,0,0.0,0.0,0,0,0.0,0.0,0,0,0.0,0.0,0,0,0.0,0
LGS2ORD0007702,C016532,2025-03-03 00:00:00,Male,70,Platinum,Shopee,Bangkok,1093,CallCenter,Credit_Card,0,3,0,0,>50,36.43333333333333,1.0,0.0,0.0,-1,19,12353.04,0.1,0.0,0.0,0.0,0.0,0,0,0.0,12353.04,1,0,0.0,12353.04,1,0,0.0,12353.04,1,0,0.0,0
LGS2ORD0007703,C010241,2025-03-03 00:00:00,Male,40,Bronze,Lazada,Bangkok,791,Lazada,COD,0,3,0,0,30-40,26.366666666666667,2.0,0.0,0.0,-1,30,7238.6,0.18,0.0,0.0,0.0,0.0,0,0,0.0,0.0,0,0,0.0,14477.2,2,0,0.0,14477.2,2,0,0.0,1
LGS2ORD0007704,C012899,2025-03-03 00:00:00,Male,58,Bronze,TV,Phuket,533,Lazada,Credit_Card,0,3,0,0,>50,17.766666666666666,2.0,0.0,0.0,-1,11,7205.715,0.08,1.0,0.0,0.0,0.0,0,0,0.0,1927.32,1,0,0.0,14411.43,2,0,0.0,14411.43,2,0,0.0,0
LGS2ORD0007705,C010110,2025-03-03 00:00:00,Male,22,Bronze,Web,Chiang Mai,752,TV_Show,COD,0,3,0,0,20-30,25.066666666666666,0.0,0.0,0.0,-1,-1,0.0,0.0,0.0,0.0,0.0,0.0,0,0,0.0,0.0,0,0,0.0,0.0,0,0,0.0,0.0,0,0,0.0,0
LGS2ORD0007706,C014533,2025-03-03 00:00:00,Female,47,Bronze,TV,Songkhla,1424,CallCenter,PromptPay,0,3,0,0,40-50,47.46666666666667,2.0,0.0,0.0,-1,25,3490.12,0.13,0.5,0.0,0.0,0.0,0,0,0.0,1827.04,1,0,0.0,6980.24,2,0,0.0,6980.24,2,0,0.0,0
LGS2ORD0007707,C012129,2025-03-03 01:00:00,Male,56,Silver,TV,Khon Kaen,989,TV_Show,COD,1,3,0,0,>50,32.96666666666667,0.0,0.0,0.0,-1,-1,0.0,0.0,0.0,0.0,0.0,0.0,0,0,0.0,0.0,0,0,0.0,0.0,0,0,0.0,0.0,0,0,0.0,0
LGS2ORD0007708,C015593,2025-03-03 01:00:00,Female,38,Silver,Shopee,Chiang Mai,626,Lazada,COD,1,3,0,0,30-40,20.866666666666667,2.0,1.0,0.5,17,21,8135.92,0.25,0.5,0.5,0.0,0.0,0,0,0.0,1227.73,1,1,1.0,16271.84,2,1,0.5,16271.84,2,1,0.5,0
LGS2ORD0007709,C012852,2025-03-03 01:00:00,Female,70,Bronze,CallCenter,Bangkok,1129,Lazada,PromptPay,1,3,0,0,>50,37.63333333333333,4.0,1.0,0.25,26,12,2591.7599999999998,0.23,0.5,0.25,0.0,0.0,0,0,0.0,1381.49,1,0,0.0,10367.039999999999,4,1,0.25,10367.039999999999,4,1,0.25,0
LGS2ORD0007710,C010828,2025-03-03 01:00:00,Male,39,Bronze,Shopee,Remote_Area,1087,Shopee,PromptPay,1,3,0,0,30-40,36.233333333333334,0.0,0.0,0.0,-1,-1,0.0,0.0,0.0,0.0,0.0,0.0,0,0,0.0,0.0,0,0,0.0,0.0,0,0,0.0,0.0,0,0,0.0,0
LGS2ORD0007711,C010897,2025-03-03 01:00:00,Other,72,Bronze,Lazada,Songkhla,749,Web,COD,1,3,0,0,>50,24.966666666666665,0.0,0.0,0.0,-1,-1,0.0,0.0,0.0,0.0,0.0,0.0,0,0,0.0,0.0,0,0,0.0,0.0,0,0,0.0,0.0,0,0,0.0,0
LGS2ORD0007712,C014541,2025-03-03 02:00:00,Female,48,Bronze,Lazada,Phuket,707,CallCenter,Credit_Card,2,3,0,0,40-50,23.566666666666666,1.0,0.0,0.0,-1,0,1530.96,0.23,1.0,1.0,0.0,1530.96,1,0,0.0,1530.96,1,0,0.0,1530.96,1,0,0.0,1530.96,1,0,0.0,0
LGS2ORD0007713,C010218,2025-03-03 02:00:00,Male,45,Bronze,Shopee,Chiang Mai,650,CallCenter,COD,2,3,0,0,40-50,21.666666666666668,1.0,1.0,1.0,0,9,766.93,0.18,1.0,0.0,0.0,0.0,0,0,0.0,766.93,1,1,1.0,766.93,1,1,1.0,766.93,1,1,1.0,0
LGS2ORD0007714,C014699,2025-03-03 02:00:00,Male,34,Bronze,Web,Chiang Mai,309,CallCenter,PromptPay,2,3,0,0,30-40,10.3,1.0,1.0,1.0,42,50,3679.15,0.23,1.0,1.0,0.0,0.0,0,0,0.0,0.0,0,0,0.0,3679.15,1,1,1.0,3679.15,1,1,1.0,0
LGS2ORD0007715,C012497,2025-03-03 02:00:00,Male,53,Silver,TV,Chiang Mai,222,CallCenter,COD,2,3,0,0,>50,7.4,2.0,0.0,0.0,-1,12,2388.28,0.25,0.0,0.5,0.0,0.0,0,0,0.0,518.14,1,0,0.0,4776.56,2,0,0.0,4776.56,2,0,0.0,0
LGS2ORD0007716,C010995,2025-03-03 02:00:00,Male,42,Silver,Shopee,Khon Kaen,1049,Lazada,COD,2,3,0,0,40-50,34.96666666666667,1.0,0.0,0.0,-1,31,5071.0,0.05,0.0,0.0,0.0,0.0,0,0,0.0,0.0,0,0,0.0,5071.0,1,0,0.0,5071.0,1,0,0.0,0
LGS2ORD0007717,C017434,2025-03-03 03:00:00,Female,54,Platinum,Shopee,Bangkok,897,TV_Show,PromptPay,3,3,0,0,>50,29.9,0.0,0.0,0.0,-1,-1,0.0,0.0,0.0,0.0,0.0,0.0,0,0,0.0,0.0,0,0,0.0,0.0,0,0,0.0,0.0,0,0,0.0,1
LGS2ORD0007718,C016610,2025-03-03 03:00:00,Female,43,Silver,Shopee,Bangkok,412,Lazada,COD,3,3,0,0,40-50,13.733333333333333,1.0,1.0,1.0,21,35,947.99,0.25,0.0,1.0,0.0,0.0,0,0,0.0,0.0,0,0,0.0,947.99,1,1,1.0,947.99,1,1,1.0,0
LGS2ORD0007719,C015439,2025-03-03 03:00:00,Male,37,Bronze,Lazada,Remote_Area,113,Shopee,Bank_Transfer,3,3,0,0,30-40,3.7666666666666666,1.0,0.0,0.0,-1,54,1346.92,0.03,1.0,0.0,0.0,0.0,0,0,0.0,0.0,0,0,0.0,1346.92,1,0,0.0,1346.92,1,0,0.0,0
LGS2ORD0007720,C017529,2025-03-03 03:00:00,Male,42,Gold,Web,Bangkok,244,Lazada,PromptPay,3,3,0,0,40-50,8.133333333333333,1.0,0.0,0.0,-1,10,4715.95,0.33,1.0,1.0,0.0,0.0,0,0,0.0,4715.95,1,0,0.0,4715.95,1,0,0.0,4715.95,1,0,0.0,0
LGS2ORD0007721,C017917,2025-03-03 03:00:00,Male,46,Gold,TV,Khon Kaen,448,TV_Show,Bank_Transfer,3,3,0,0,40-50,14.933333333333334,1.0,0.0,0.0,-1,39,1775.97,0.08,0.0,0.0,0.0,0.0,0,0,0.0,0.0,0,0,0.0,1775.97,1,0,0.0,1775.97,1,0,0.0,0
LGS2ORD0007722,C010632,2025-03-03 03:00:00,Female,66,Bronze,TV,Remote_Area,967,TV_Show,Bank_Transfer,3,3,0,0,>50,32.233333333333334,1.0,0.0,0.0,-1,18,1778.05,0.28,0.0,1.0,0.0,0.0,0,0,0.0,1778.05,1,0,0.0,1778.05,1,0,0.0,1778.05,1,0,0.0,0
LGS2ORD0007723,C011998,2025-03-03 04:00:00,Female,53,Silver,TV,Bangkok,1026,CallCenter,COD,4,3,0,0,>50,34.2,0.0,0.0,0.0,-1,-1,0.0,0.0,0.0,0.0,0.0,0.0,0,0,0.0,0.0,0,0,0.0,0.0,0,0,0.0,0.0,0,0,0.0,0
LGS2ORD0007724,C012738,2025-03-03 04:00:00,Female,27,Silver,Web,Nakhon Ratchasima,1265,TV_Show,COD,4,3,0,0,20-30,42.166666666666664,1.0,0.0,0.0,-1,15,15253.48,0.15,0.0,0.0,0.0,0.0,0,0,0.0,15253.48,1,0,0.0,15253.48,1,0,0.0,15253.48,1,0,0.0,0
LGS2ORD0007725,C011992,2025-03-03 04:00:00,Female,45,Bronze,TV,Nakhon Ratchasima,775,TV_Show,COD,4,3,0,0,40-50,25.833333333333332,3.0,0.0,0.0,-1,4,5890.91,0.08,1.0,0.0,0.0,9838.099999999999,2,0,0.0,17672.73,3,0,0.0,17672.73,3,0,0.0,17672.73,3,0,0.0,0
LGS2ORD0007726,C013030,2025-03-03 04:00:00,Female,63,Gold,TV,Songkhla,1292,CallCenter,Bank_Transfer,4,3,0,0,>50,43.06666666666667,1.0,0.0,0.0,-1,8,8847.63,0.08,0.0,0.0,0.0,0.0,0,0,0.0,8847.63,1,0,0.0,8847.63,1,0,0.0,8847.63,1,0,0.0,0
LGS2ORD0007727,C015004,2025-03-03 04:00:00,Female,34,Silver,Shopee,Khon Kaen,468,TV_Show,COD,4,3,0,0,30-40,15.6,0.0,0.0,0.0,-1,-1,0.0,0.0,0.0,0.0,0.0,0.0,0,0,0.0,0.0,0,0,0.0,0.0,0,0,0.0,0.0,0,0,0.0,1
LGS2ORD0007728,C010224,2025-03-03 05:00:00,Female,64,Bronze,Web,Khon Kaen,203,Lazada,Credit_Card,5,3,0,0,>50,6.766666666666667,2.0,1.0,0.5,40,19,10350.83,0.13,1.0,0.0,0.0,0.0,0,0,0.0,11528.38,1,0,0.0,20701.66,2,1,0.5,20701.66,2,1,0.5,0
LGS2ORD0007729,C016495,2025-03-03 05:00:00,Female,44,Bronze,TV,Nakhon Ratchasima,614,CallCenter,COD,5,3,0,0,40-50,20.466666666666665,0.0,0.0,0.0,-1,-1,0.0,0.0,0.0,0.0,0.0,0.0,0,0,0.0,0.0,0,0,0.0,0.0,0,0,0.0,0.0,0,0,0.0,0
LGS2ORD0007730,C011982,2025-03-03 05:00:00,Female,55,Silver,Web,Bangkok,829,Web,COD,5,3,0,0,>50,27.633333333333333,0.0,0.0,0.0,-1,-1,0.0,0.0,0.0,0.0,0.0,0.0,0,0,0.0,0.0,0,0,0.0,0.0,0,0,0.0,0.0,0,0,0.0,0
LGS2ORD0007731,C011486,2025-03-03 05:00:00,Male,42,Gold,Web,Songkhla,196,TV_Show,COD,5,3,0,0,40-50,6.533333333333333,1.0,0.0,0.0,-1,42,2696.36,0.28,0.0,1.0,0.0,0.0,0,0,0.0,0.0,0,0,0.0,2696.36,1,0,0.0,2696.36,1,0,0.0,0
LGS2ORD0007732,C016126,2025-03-03 05:00:00,Female,47,Gold,TV,Chonburi,1349,Lazada,COD,5,3,0,0,40-50,44.96666666666667,1.0,0.0,0.0,-1,26,16313.96,0.08,0.0,0.0,0.0,0.0,0,0,0.0,16313.96,1,0,0.0,16313.96,1,0,0.0,16313.96,1,0,0.0,0
LGS2ORD0007733,C012830,2025-03-03 06:00:00,Male,42,Bronze,TV,Khon Kaen,1067,Lazada,COD,6,3,0,0,40-50,35.56666666666667,1.0,0.0,0.0,-1,22,10038.55,0.13,0.0,0.0,0.0,0.0,0,0,0.0,10038.55,1,0,0.0,10038.55,1,0,0.0,10038.55,1,0,0.0,1
LGS2ORD0007734,C016304,2025-03-03 06:00:00,Male,44,Bronze,TV,Chonburi,641,Shopee,COD,6,3,0,0,40-50,21.366666666666667,1.0,0.0,0.0,-1,43,6390.93,0.13,1.0,0.0,0.0,0.0,0,0,0.0,0.0,0,0,0.0,6390.93,1,0,0.0,6390.93,1,0,0.0,0
LGS2ORD0007735,C017072,2025-03-03 06:00:00,Female,52,Silver,Shopee,Songkhla,1370,Web,PromptPay,6,3,0,0,>50,45.666666666666664,3.0,1.0,0.3333333333333333,32,13,3163.936666666667,0.2,0.6666666666666666,0.0,0.0,0.0,0,0,0.0,1540.63,1,0,0.0,9491.810000000001,3,1,0.3333333333333333,9491.810000000001,3,1,0.3333333333333333,0
LGS2ORD0007736,C015883,2025-03-03 06:00:00,Female,26,Bronze,Web,Chonburi,1237,Web,COD,6,3,0,0,20-30,41.233333333333334,2.0,0.0,0.0,-1,12,6842.49,0.08,0.0,0.0,0.0,0.0,0,0,0.0,1791.07,1,0,0.0,13684.98,2,0,0.0,13684.98,2,0,0.0,0
LGS2ORD0007737,C016646,2025-03-03 06:00:00,Male,38,Bronze,TV,Chiang Mai,359,Shopee,COD,6,3,0,0,30-40,11.966666666666667,3.0,0.0,0.0,-1,13,3506.9,0.18,0.6666666666666666,0.0,0.0,0.0,0,0,0.0,10520.7,3,0,0.0,10520.7,3,0,0.0,10520.7,3,0,0.0,0
LGS2ORD0007738,C010464,2025-03-03 07:00:00,Female,45,Gold,CallCenter,Bangkok,236,Lazada,Credit_Card,7,3,0,0,40-50,7.866666666666666,0.0,0.0,0.0,-1,-1,0.0,0.0,0.0,0.0,0.0,0.0,0,0,0.0,0.0,0,0,0.0,0.0,0,0,0.0,0.0,0,0,0.0,0
LGS2ORD0007739,C017217,2025-03-03 07:00:00,Male,66,Bronze,Web,Chonburi,454,TV_Show,Credit_Card,7,3,0,0,>50,15.133333333333333,4.0,2.0,0.5,1,8,8003.9375,0.28,0.75,0.25,0.0,0.0,0,0,0.0,932.47,1,1,1.0,32015.75,4,2,0.5,32015.75,4,2,0.5,1
LGS2ORD0007740,C014706,2025-03-03 07:00:00,Male,34,Silver,Web,Chonburi,266,Shopee,COD,7,3,0,0,30-40,8.866666666666667,0.0,0.0,0.0,-1,-1,0.0,0.0,0.0,0.0,0.0,0.0,0,0,0.0,0.0,0,0,0.0,0.0,0,0,0.0,0.0,0,0,0.0,0
LGS2ORD0007741,C014786,2025-03-03 07:00:00,Male,32,Bronze,TV,Remote_Area,761,TV_Show,COD,7,3,0,0,30-40,25.366666666666667,1.0,1.0,1.0,1,11,587.03,0.18,0.0,0.0,0.0,0.0,0,0,0.0,587.03,1,1,1.0,587.03,1,1,1.0,587.03,1,1,1.0,0
LGS2ORD0007742,C011920,2025-03-03 07:00:00,Female,32,Gold,Shopee,Chonburi,450,Lazada,Credit_Card,7,3,0,0,30-40,15.0,0.0,0.0,0.0,-1,-1,0.0,0.0,0.0,0.0,0.0,0.0,0,0,0.0,0.0,0,0,0.0,0.0,0,0,0.0,0.0,0,0,0.0,0
LGS2ORD0007743,C010314,2025-03-03 07:00:00,Female,36,Platinum,Shopee,Nakhon Ratchasima,691,Web,COD,7,3,0,0,30-40,23.033333333333335,0.0,0.0,0.0,-1,-1,0.0,0.0,0.0,0.0,0.0,0.0,0,0,0.0,0.0,0,0,0.0,0.0,0,0,0.0,0.0,0,0,0.0,0
LGS2ORD0007744,C014858,2025-03-03 08:00:00,Male,30,Gold,Shopee,Remote_Area,1183,Lazada,COD,8,3,0,0,20-30,39.43333333333333,0.0,0.0,0.0,-1,-1,0.0,0.0,0.0,0.0,0.0,0.0,0,0,0.0,0.0,0,0,0.0,0.0,0,0,0.0,0.0,0,0,0.0,0
LGS2ORD0007745,C015001,2025-03-03 08:00:00,Female,40,Bronze,TV,Bangkok,972,Shopee,COD,8,3,0,0,30-40,32.4,2.0,1.0,0.5,4,10,1867.6149999999998,0.08,1.0,0.0,0.0,0.0,0,0,0.0,3735.2299999999996,2,1,0.5,3735.2299999999996,2,1,0.5,3735.2299999999996,2,1,0.5,0
LGS2ORD0007746,C013323,2025-03-03 08:00:00,Female,44,Bronze,Shopee,Chonburi,1450,Lazada,Credit_Card,8,3,0,0,40-50,48.333333333333336,0.0,0.0,0.0,-1,-1,0.0,0.0,0.0,0.0,0.0,0.0,0,0,0.0,0.0,0,0,0.0,0.0,0,0,0.0,0.0,0,0,0.0,1
LGS2ORD0007747,C010509,2025-03-03 08:00:00,Female,31,Gold,Shopee,Songkhla,1042,Web,COD,8,3,0,0,30-40,34.733333333333334,0.0,0.0,0.0,-1,-1,0.0,0.0,0.0,0.0,0.0,0.0,0,0,0.0,0.0,0,0,0.0,0.0,0,0,0.0,0.0,0,0,0.0,1
LGS2ORD0007748,C014582,2025-03-03 08:00:00,Male,33,Silver,CallCenter,Bangkok,463,Web,Credit_Card,8,3,0,0,30-40,15.433333333333334,1.0,0.0,0.0,-1,27,3142.8,0.25,0.0,1.0,0.0,0.0,0,0,0.0,3142.8,1,0,0.0,3142.8,1,0,0.0,3142.8,1,0,0.0,0
LGS2ORD0007749,C017536,2025-03-03 09:00:00,Male,57,Bronze,TV,Bangkok,694,CallCenter,COD,9,3,0,0,>50,23.133333333333333,1.0,0.0,0.0,-1,60,12490.12,0.03,1.0,0.0,0.0,0.0,0,0,0.0,0.0,0,0,0.0,12490.12,1,0,0.0,12490.12,1,0,0.0,1
LGS2ORD0007750,C013599,2025-03-03 09:00:00,Female,44,Bronze,TV,Bangkok,1019,CallCenter,COD,9,3,0,0,40-50,33.96666666666667,1.0,0.0,0.0,-1,5,2209.77,0.18,1.0,0.0,0.0,2209.77,1,0,0.0,2209.77,1,0,0.0,2209.77,1,0,0.0,2209.77,1,0,0.0,1
LGS2ORD0007751,C016973,2025-03-03 09:00:00,Female,33,Bronze,TV,Chiang Mai,498,Web,COD,9,3,0,0,30-40,16.6,0.0,0.0,0.0,-1,-1,0.0,0.0,0.0,0.0,0.0,0.0,0,0,0.0,0.0,0,0,0.0,0.0,0,0,0.0,0.0,0,0,0.0,0
LGS2ORD0007752,C014088,2025-03-03 09:00:00,Female,30,Silver,TV,Songkhla,442,Shopee,Bank_Transfer,9,3,0,0,20-30,14.733333333333333,3.0,0.0,0.0,-1,2,4212.016666666666,0.25,0.3333333333333333,0.3333333333333333,0.0,4371.79,1,0,0.0,12636.05,3,0,0.0,12636.05,3,0,0.0,12636.05,3,0,0.0,0
LGS2ORD0007753,C017079,2025-03-03 09:00:00,Female,49,Bronze,Shopee,Phuket,1276,Web,COD,9,3,0,0,40-50,42.53333333333333,0.0,0.0,0.0,-1,-1,0.0,0.0,0.0,0.0,0.0,0.0,0,0,0.0,0.0,0,0,0.0,0.0,0,0,0.0,0.0,0,0,0.0,1
LGS2ORD0007754,C013040,2025-03-03 10:00:00,Male,53,Gold,TV,Khon Kaen,1034,Lazada,COD,10,3,0,0,>50,34.46666666666667,0.0,0.0,0.0,-1,-1,0.0,0.0,0.0,0.0,0.0,0.0,0,0,0.0,0.0,0,0,0.0,0.0,0,0,0.0,0.0,0,0,0.0,0
LGS2ORD0007755,C011287,2025-03-03 10:00:00,Male,41,Silver,Web,Bangkok,102,Lazada,PromptPay,10,3,0,0,40-50,3.4,2.0,0.0,0.0,-1,19,1663.85,0.3,0.0,0.5,0.0,0.0,0,0,0.0,1944.47,1,0,0.0,3327.7,2,0,0.0,3327.7,2,0,0.0,1
LGS2ORD0007756,C014964,2025-03-03 10:00:00,Male,39,Silver,TV,Khon Kaen,1011,Web,COD,10,3,0,0,30-40,33.7,1.0,0.0,0.0,-1,8,13167.91,0.05,0.0,0.0,0.0,0.0,0,0,0.0,13167.91,1,0,0.0,13167.91,1,0,0.0,13167.91,1,0,0.0,0
LGS2ORD0007757,C015045,2025-03-03 10:00:00,Male,39,Bronze,Shopee,Phuket,603,Lazada,COD,10,3,0,0,30-40,20.1,0.0,0.0,0.0,-1,-1,0.0,0.0,0.0,0.0,0.0,0.0,0,0,0.0,0.0,0,0,0.0,0.0,0,0,0.0,0.0,0,0,0.0,1
LGS2ORD0007758,C010496,2025-03-03 10:00:00,Female,46,Gold,Lazada,Chonburi,1010,TV_Show,COD,10,3,0,0,40-50,33.666666666666664,1.0,0.0,0.0,-1,58,1669.19,0.08,1.0,0.0,0.0,0.0,0,0,0.0,0.0,0,0,0.0,1669.19,1,0,0.0,1669.19,1,0,0.0,0
LGS2ORD0007759,C017115,2025-03-03 11:00:00,Female,36,Platinum,Web,Bangkok,207,Shopee,COD,11,3,0,0,30-40,6.9,0.0,0.0,0.0,-1,-1,0.0,0.0,0.0,0.0,0.0,0.0,0,0,0.0,0.0,0,0,0.0,0.0,0,0,0.0,0.0,0,0,0.0,0
LGS2ORD0007760,C014209,2025-03-03 11:00:00,Male,54,Bronze,TV,Songkhla,456,Shopee,COD,11,3,0,0,>50,15.2,2.0,0.0,0.0,-1,31,1424.24,0.23,0.5,0.5,0.0,0.0,0,0,0.0,0.0,0,0,0.0,2848.48,2,0,0.0,2848.48,2,0,0.0,0
LGS2ORD0007761,C016983,2025-03-03 11:00:00,Female,59,Silver,Shopee,Remote_Area,1054,TV_Show,COD,11,3,0,0,>50,35.13333333333333,1.0,1.0,1.0,47,52,483.8,0.2,1.0,0.0,0.0,0.0,0,0,0.0,0.0,0,0,0.0,483.8,1,1,1.0,483.8,1,1,1.0,0
LGS2ORD0007762,C012678,2025-03-03 11:00:00,Female,42,Silver,Web,Remote_Area,300,Lazada,COD,11,3,0,0,40-50,10.0,2.0,0.0,0.0,-1,27,3718.37,0.25,1.0,0.5,0.0,0.0,0,0,0.0,6483.07,1,0,0.0,7436.74,2,0,0.0,7436.74,2,0,0.0,0
LGS2ORD0007763,C014150,2025-03-03 11:00:00,Male,39,Silver,TV,Khon Kaen,592,Lazada,Credit_Card,11,3,0,0,30-40,19.733333333333334,0.0,0.0,0.0,-1,-1,0.0,0.0,0.0,0.0,0.0,0.0,0,0,0.0,0.0,0,0,0.0,0.0,0,0,0.0,0.0,0,0,0.0,0
LGS2ORD0007764,C017953,2025-03-03 11:00:00,Male,53,Bronze,TV,Chonburi,606,TV_Show,COD,11,3,0,0,>50,20.2,0.0,0.0,0.0,-1,-1,0.0,0.0,0.0,0.0,0.0,0.0,0,0,0.0,0.0,0,0,0.0,0.0,0,0,0.0,0.0,0,0,0.0,0
LGS2ORD0007765,C015051,2025-03-03 12:00:00,Male,46,Gold,Lazada,Bangkok,1495,Shopee,COD,12,3,0,0,40-50,49.833333333333336,0.0,0.0,0.0,-1,-1,0.0,0.0,0.0,0.0,0.0,0.0,0,0,0.0,0.0,0,0,0.0,0.0,0,0,0.0,0.0,0,0,0.0,0
LGS2ORD0007766,C014896,2025-03-03 12:00:00,Male,31,Bronze,TV,Khon Kaen,1470,Lazada,Bank_Transfer,12,3,0,0,30-40,49.0,3.0,0.0,0.0,-1,17,1952.8233333333335,0.23,0.3333333333333333,0.3333333333333333,0.0,0.0,0,0,0.0,1858.36,1,0,0.0,5858.47,3,0,0.0,5858.47,3,0,0.0,0
LGS2ORD0007767,C014865,2025-03-03 12:00:00,Female,38,Bronze,TV,Chonburi,765,CallCenter,COD,12,3,0,0,30-40,25.5,1.0,0.0,0.0,-1,23,7651.68,0.18,0.0,0.0,0.0,0.0,0,0,0.0,7651.68,1,0,0.0,7651.68,1,0,0.0,7651.68,1,0,0.0,0
LGS2ORD0007768,C010960,2025-03-03 12:00:00,Female,51,Bronze,TV,Chonburi,372,TV_Show,COD,12,3,0,0,>50,12.4,0.0,0.0,0.0,-1,-1,0.0,0.0,0.0,0.0,0.0,0.0,0,0,0.0,0.0,0,0,0.0,0.0,0,0,0.0,0.0,0,0,0.0,0
LGS2ORD0007769,C011278,2025-03-03 12:00:00,Female,48,Bronze,Lazada,Chiang Mai,530,Web,COD,12,3,0,0,40-50,17.666666666666668,1.0,0.0,0.0,-1,60,4852.96,0.18,0.0,0.0,0.0,0.0,0,0,0.0,0.0,0,0,0.0,4852.96,1,0,0.0,4852.96,1,0,0.0,0
LGS2ORD0007770,C014521,2025-03-03 13:00:00,Female,61,Bronze,Lazada,Bangkok,612,CallCenter,COD,13,3,0,0,>50,20.4,1.0,1.0,1.0,8,12,1526.99,0.18,1.0,0.0,0.0,0.0,0,0,0.0,1526.99,1,1,1.0,1526.99,1,1,1.0,1526.99,1,1,1.0,1
LGS2ORD0007771,C016047,2025-03-03 13:00:00,Male,25,Bronze,Shopee,Nakhon Ratchasima,926,Lazada,COD,13,3,0,0,20-30,30.866666666666667,0.0,0.0,0.0,-1,-1,0.0,0.0,0.0,0.0,0.0,0.0,0,0,0.0,0.0,0,0,0.0,0.0,0,0,0.0,0.0,0,0,0.0,1
LGS2ORD0007772,C013078,2025-03-03 13:00:00,Female,45,Gold,Lazada,Remote_Area,863,TV_Show,Credit_Card,13,3,0,0,40-50,28.766666666666666,0.0,0.0,0.0,-1,-1,0.0,0.0,0.0,0.0,0.0,0.0,0,0,0.0,0.0,0,0,0.0,0.0,0,0,0.0,0.0,0,0,0.0,0
LGS2ORD0007773,C010294,2025-03-03 13:00:00,Female,46,Silver,Lazada,Phuket,374,CallCenter,COD,13,3,0,0,40-50,12.466666666666667,0.0,0.0,0.0,-1,-1,0.0,0.0,0.0,0.0,0.0,0.0,0,0,0.0,0.0,0,0,0.0,0.0,0,0,0.0,0.0,0,0,0.0,1
LGS2ORD0007774,C013437,2025-03-03 13:00:00,Female,39,Silver,Web,Khon Kaen,864,Lazada,COD,13,3,0,0,30-40,28.8,1.0,0.0,0.0,-1,9,1462.15,0.1,0.0,0.0,0.0,0.0,0,0,0.0,1462.15,1,0,0.0,1462.15,1,0,0.0,1462.15,1,0,0.0,0
LGS2ORD0007775,C015486,2025-03-03 14:00:00,Female,21,Bronze,Shopee,Khon Kaen,1114,TV_Show,PromptPay,14,3,0,0,20-30,37.13333333333333,1.0,1.0,1.0,37,47,1287.18,0.18,1.0,0.0,0.0,0.0,0,0,0.0,0.0,0,0,0.0,1287.18,1,1,1.0,1287.18,1,1,1.0,0
LGS2ORD0007776,C010445,2025-03-03 14:00:00,Male,40,Gold,Web,Bangkok,1314,Lazada,COD,14,3,0,0,30-40,43.8,0.0,0.0,0.0,-1,-1,0.0,0.0,0.0,0.0,0.0,0.0,0,0,0.0,0.0,0,0,0.0,0.0,0,0,0.0,0.0,0,0,0.0,0
LGS2ORD0007777,C016002,2025-03-03 14:00:00,Female,35,Silver,Lazada,Nakhon Ratchasima,843,TV_Show,COD,14,3,0,0,30-40,28.1,2.0,1.0,0.5,0,14,11741.86,0.3,1.0,0.5,0.0,0.0,0,0,0.0,23483.72,2,1,0.5,23483.72,2,1,0.5,23483.72,2,1,0.5,0
LGS2ORD0007778,C015735,2025-03-03 14:00:00,Female,37,Bronze,TV,Nakhon Ratchasima,1458,Shopee,PromptPay,14,3,0,0,30-40,48.6,0.0,0.0,0.0,-1,-1,0.0,0.0,0.0,0.0,0.0,0.0,0,0,0.0,0.0,0,0,0.0,0.0,0,0,0.0,0.0,0,0,0.0,0
LGS2ORD0007779,C011275,2025-03-03 14:00:00,Female,46,Platinum,Shopee,Bangkok,1099,CallCenter,Credit_Card,14,3,0,0,40-50,36.63333333333333,1.0,1.0,1.0,-10,3,643.3,0.2,1.0,0.0,0.0,643.3,1,1,1.0,643.3,1,1,1.0,643.3,1,1,1.0,643.3,1,1,1.0,0
LGS2ORD0007780,C015075,2025-03-03 15:00:00,Male,40,Bronze,Shopee,Chonburi,528,TV_Show,Bank_Transfer,15,3,0,0,30-40,17.6,1.0,0.0,0.0,-1,32,367.67,0.18,0.0,0.0,0.0,0.0,0,0,0.0,0.0,0,0,0.0,367.67,1,0,0.0,367.67,1,0,0.0,0
LGS2ORD0007781,C017929,2025-03-03 15:00:00,Female,64,Bronze,TV,Chonburi,1002,Shopee,COD,15,3,0,0,>50,33.4,1.0,0.0,0.0,-1,10,4360.06,0.03,0.0,0.0,0.0,0.0,0,0,0.0,4360.06,1,0,0.0,4360.06,1,0,0.0,4360.06,1,0,0.0,0
LGS2ORD0007782,C011814,2025-03-03 15:00:00,Female,44,Gold,Web,Chonburi,1043,Shopee,COD,15,3,0,0,40-50,34.766666666666666,1.0,0.0,0.0,-1,32,1522.82,0.33,0.0,1.0,0.0,0.0,0,0,0.0,0.0,0,0,0.0,1522.82,1,0,0.0,1522.82,1,0,0.0,0
LGS2ORD0007783,C014896,2025-03-03 15:00:00,Male,31,Bronze,TV,Khon Kaen,1470,TV_Show,COD,15,3,0,0,30-40,49.0,4.0,0.0,0.0,-1,0,4705.415,0.23,0.25,0.25,0.0,12963.19,1,0,0.0,14821.550000000001,2,0,0.0,18821.66,4,0,0.0,18821.66,4,0,0.0,0
LGS2ORD0007784,C015593,2025-03-03 15:00:00,Female,38,Silver,Shopee,Chiang Mai,626,Lazada,PromptPay,15,3,0,0,30-40,20.866666666666667,3.0,1.0,0.3333333333333333,17,0,8717.49,0.25,0.6666666666666666,0.3333333333333333,0.0,9880.63,1,0,0.0,11108.359999999999,2,1,0.5,26152.47,3,1,0.3333333333333333,26152.47,3,1,0.3333333333333333,0
LGS2ORD0007785,C010405,2025-03-03 15:00:00,Female,29,Bronze,Shopee,Nakhon Ratchasima,243,CallCenter,Credit_Card,15,3,0,0,20-30,8.1,1.0,1.0,1.0,17,31,12038.56,0.03,1.0,0.0,0.0,0.0,0,0,0.0,0.0,0,0,0.0,12038.56,1,1,1.0,12038.56,1,1,1.0,0
LGS2ORD0007786,C015162,2025-03-03 16:00:00,Female,47,Bronze,Web,Nakhon Ratchasima,533,Web,Credit_Card,16,3,0,0,40-50,17.766666666666666,1.0,0.0,0.0,-1,40,1626.23,0.13,1.0,0.0,0.0,0.0,0,0,0.0,0.0,0,0,0.0,1626.23,1,0,0.0,1626.23,1,0,0.0,0
LGS2ORD0007787,C014408,2025-03-03 16:00:00,Female,27,Silver,Shopee,Songkhla,466,Lazada,COD,16,3,0,0,20-30,15.533333333333333,1.0,0.0,0.0,-1,56,1714.62,0.25,1.0,1.0,0.0,0.0,0,0,0.0,0.0,0,0,0.0,1714.62,1,0,0.0,1714.62,1,0,0.0,0
LGS2ORD0007788,C011747,2025-03-03 16:00:00,Male,65,Bronze,Web,Phuket,686,TV_Show,COD,16,3,0,0,>50,22.866666666666667,0.0,0.0,0.0,-1,-1,0.0,0.0,0.0,0.0,0.0,0.0,0,0,0.0,0.0,0,0,0.0,0.0,0,0,0.0,0.0,0,0,0.0,0
LGS2ORD0007789,C014476,2025-03-03 16:00:00,Other,25,Silver,TV,Bangkok,702,Web,PromptPay,16,3,0,0,20-30,23.4,0.0,0.0,0.0,-1,-1,0.0,0.0,0.0,0.0,0.0,0.0,0,0,0.0,0.0,0,0,0.0,0.0,0,0,0.0,0.0,0,0,0.0,1
LGS2ORD0007790,C014360,2025-03-03 16:00:00,Female,49,Gold,Lazada,Chiang Mai,777,Web,PromptPay,16,3,0,0,40-50,25.9,2.0,0.0,0.0,-1,26,3062.23,0.13,0.0,0.0,0.0,0.0,0,0,0.0,1929.14,1,0,0.0,6124.46,2,0,0.0,6124.46,2,0,0.0,1
LGS2ORD0007791,C014350,2025-03-03 17:00:00,Female,49,Gold,Web,Bangkok,803,Shopee,PromptPay,17,3,0,0,40-50,26.766666666666666,2.0,0.0,0.0,-1,19,2802.24,0.33,0.0,0.5,0.0,0.0,0,0,0.0,318.57,1,0,0.0,5604.48,2,0,0.0,5604.48,2,0,0.0,0
LGS2ORD0007792,C014507,2025-03-03 17:00:00,Female,57,Bronze,Shopee,Songkhla,624,TV_Show,COD,17,3,0,0,>50,20.8,0.0,0.0,0.0,-1,-1,0.0,0.0,0.0,0.0,0.0,0.0,0,0,0.0,0.0,0,0,0.0,0.0,0,0,0.0,0.0,0,0,0.0,1
LGS2ORD0007793,C017673,2025-03-03 17:00:00,Female,64,Bronze,Web,Bangkok,547,Lazada,COD,17,3,0,0,>50,18.233333333333334,2.0,1.0,0.5,13,24,990.675,0.23,0.5,0.5,0.0,0.0,0,0,0.0,838.08,1,1,1.0,1981.35,2,1,0.5,1981.35,2,1,0.5,0
LGS2ORD0007794,C011629,2025-03-03 17:00:00,Male,52,Gold,CallCenter,Songkhla,1198,Shopee,COD,17,3,0,0,>50,39.93333333333333,2.0,0.0,0.0,-1,36,2468.08,0.2299999999999999,1.0,0.5,0.0,0.0,0,0,0.0,0.0,0,0,0.0,4936.16,2,0,0.0,4936.16,2,0,0.0,1
LGS2ORD0007795,C014651,2025-03-03 17:00:00,Female,51,Gold,Shopee,Chonburi,146,Lazada,COD,17,3,0,0,>50,4.866666666666666,1.0,0.0,0.0,-1,16,1624.49,0.28,0.0,1.0,0.0,0.0,0,0,0.0,1624.49,1,0,0.0,1624.49,1,0,0.0,1624.49,1,0,0.0,0
LGS2ORD0007796,C016414,2025-03-03 18:00:00,Female,49,Bronze,Lazada,Nakhon Ratchasima,84,Lazada,PromptPay,18,3,0,0,40-50,2.8,0.0,0.0,0.0,-1,-1,0.0,0.0,0.0,0.0,0.0,0.0,0,0,0.0,0.0,0,0,0.0,0.0,0,0,0.0,0.0,0,0,0.0,0
LGS2ORD0007797,C011307,2025-03-03 18:00:00,Female,55,Gold,Web,Remote_Area,1324,Shopee,Credit_Card,18,3,0,0,>50,44.13333333333333,0.0,0.0,0.0,-1,-1,0.0,0.0,0.0,0.0,0.0,0.0,0,0,0.0,0.0,0,0,0.0,0.0,0,0,0.0,0.0,0,0,0.0,1
LGS2ORD0007798,C011788,2025-03-03 18:00:00,Male,66,Platinum,Lazada,Bangkok,597,Shopee,COD,18,3,0,0,>50,19.9,0.0,0.0,0.0,-1,-1,0.0,0.0,0.0,0.0,0.0,0.0,0,0,0.0,0.0,0,0,0.0,0.0,0,0,0.0,0.0,0,0,0.0,0
LGS2ORD0007799,C015829,2025-03-03 18:00:00,Female,25,Silver,Shopee,Phuket,1258,Shopee,COD,18,3,0,0,20-30,41.93333333333333,0.0,0.0,0.0,-1,-1,0.0,0.0,0.0,0.0,0.0,0.0,0,0,0.0,0.0,0,0,0.0,0.0,0,0,0.0,0.0,0,0,0.0,1
LGS2ORD0007800,C012303,2025-03-03 18:00:00,Male,39,Silver,TV,Nakhon Ratchasima,1260,Lazada,Credit_Card,18,3,0,0,30-40,42.0,2.0,0.0,0.0,-1,13,4398.495,0.05,0.5,0.0,0.0,0.0,0,0,0.0,7214.65,1,0,0.0,8796.99,2,0,0.0,8796.99,2,0,0.0,0
LGS2ORD0007801,C010439,2025-03-03 18:00:00,Female,48,Bronze,TV,Bangkok,1044,TV_Show,COD,18,3,0,0,40-50,34.8,2.0,0.0,0.0,-1,14,1135.92,0.18,0.5,0.0,0.0,0.0,0,0,0.0,1532.8,1,0,0.0,2271.84,2,0,0.0,2271.84,2,0,0.0,1
LGS2ORD0007802,C016957,2025-03-03 19:00:00,Female,50,Silver,TV,Bangkok,845,Shopee,Credit_Card,19,3,0,0,40-50,28.166666666666668,0.0,0.0,0.0,-1,-1,0.0,0.0,0.0,0.0,0.0,0.0,0,0,0.0,0.0,0,0,0.0,0.0,0,0,0.0,0.0,0,0,0.0,1
LGS2ORD0007803,C016736,2025-03-03 19:00:00,Female,62,Silver,TV,Chonburi,1471,Shopee,Bank_Transfer,19,3,0,0,>50,49.03333333333333,0.0,0.0,0.0,-1,-1,0.0,0.0,0.0,0.0,0.0,0.0,0,0,0.0,0.0,0,0,0.0,0.0,0,0,0.0,0.0,0,0,0.0,1
LGS2ORD0007804,C012903,2025-03-03 19:00:00,Male,44,Silver,Shopee,Chonburi,486,TV_Show,COD,19,3,0,0,40-50,16.2,3.0,1.0,0.3333333333333333,36,4,11839.82,0.05,0.6666666666666666,0.0,0.0,23644.05,1,0,0.0,23644.05,1,0,0.0,35519.46,3,1,0.3333333333333333,35519.46,3,1,0.3333333333333333,0
LGS2ORD0007805,C011778,2025-03-03 19:00:00,Male,51,Silver,Lazada,Chiang Mai,1422,Shopee,PromptPay,19,3,0,0,>50,47.4,0.0,0.0,0.0,-1,-1,0.0,0.0,0.0,0.0,0.0,0.0,0,0,0.0,0.0,0,0,0.0,0.0,0,0,0.0,0.0,0,0,0.0,0
LGS2ORD0007806,C010601,2025-03-03 19:00:00,Female,52,Gold,TV,Bangkok,193,TV_Show,PromptPay,19,3,0,0,>50,6.433333333333334,1.0,0.0,0.0,-1,57,10467.95,0.08,0.0,0.0,0.0,0.0,0,0,0.0,0.0,0,0,0.0,10467.95,1,0,0.0,10467.95,1,0,0.0,0
LGS2ORD0007807,C016104,2025-03-03 20:00:00,Male,55,Bronze,TV,Phuket,1173,Lazada,Bank_Transfer,20,3,0,0,>50,39.1,1.0,1.0,1.0,50,60,3247.68,0.03,1.0,0.0,0.0,0.0,0,0,0.0,0.0,0,0,0.0,3247.68,1,1,1.0,3247.68,1,1,1.0,0
LGS2ORD0007808,C012187,2025-03-03 20:00:00,Female,59,Silver,Shopee,Khon Kaen,644,Shopee,COD,20,3,0,0,>50,21.466666666666665,1.0,0.0,0.0,-1,1,20489.77,0.1,0.0,0.0,0.0,20489.77,1,0,0.0,20489.77,1,0,0.0,20489.77,1,0,0.0,20489.77,1,0,0.0,0
LGS2ORD0007809,C010481,2025-03-03 20:00:00,Male,53,Bronze,CallCenter,Chonburi,1393,Lazada,COD,20,3,0,0,>50,46.43333333333333,2.0,1.0,0.5,48,49,9758.48,0.08,0.5,0.0,0.0,0.0,0,0,0.0,0.0,0,0,0.0,19516.96,2,1,0.5,19516.96,2,1,0.5,0
LGS2ORD0007810,C011033,2025-03-03 20:00:00,Female,45,Bronze,CallCenter,Chonburi,705,Lazada,COD,20,3,0,0,40-50,23.5,1.0,1.0,1.0,7,22,2016.04,0.08,1.0,0.0,0.0,0.0,0,0,0.0,2016.04,1,1,1.0,2016.04,1,1,1.0,2016.04,1,1,1.0,0
LGS2ORD0007811,C011501,2025-03-03 20:00:00,Female,56,Bronze,TV,Remote_Area,971,CallCenter,COD,20,3,0,0,>50,32.36666666666667,1.0,1.0,1.0,49,59,1281.65,0.08,1.0,0.0,0.0,0.0,0,0,0.0,0.0,0,0,0.0,1281.65,1,1,1.0,1281.65,1,1,1.0,0
LGS2ORD0007812,C012191,2025-03-03 21:00:00,Female,58,Gold,Shopee,Bangkok,1287,TV_Show,Bank_Transfer,21,3,0,0,>50,42.9,2.0,1.0,0.5,14,24,8958.68,0.2299999999999999,1.0,0.5,0.0,0.0,0,0,0.0,11757.02,1,1,1.0,17917.36,2,1,0.5,17917.36,2,1,0.5,1
LGS2ORD0007813,C012106,2025-03-03 21:00:00,Female,51,Silver,CallCenter,Phuket,821,Shopee,Bank_Transfer,21,3,0,0,>50,27.366666666666667,0.0,0.0,0.0,-1,-1,0.0,0.0,0.0,0.0,0.0,0.0,0,0,0.0,0.0,0,0,0.0,0.0,0,0,0.0,0.0,0,0,0.0,1
LGS2ORD0007814,C012982,2025-03-03 21:00:00,Female,51,Silver,TV,Songkhla,1127,Shopee,Bank_Transfer,21,3,0,0,>50,37.56666666666667,0.0,0.0,0.0,-1,-1,0.0,0.0,0.0,0.0,0.0,0.0,0,0,0.0,0.0,0,0,0.0,0.0,0,0,0.0,0.0,0,0,0.0,0
LGS2ORD0007815,C011218,2025-03-03 21:00:00,Male,43,Gold,Lazada,Chonburi,277,Shopee,Credit_Card,21,3,0,0,40-50,9.233333333333333,0.0,0.0,0.0,-1,-1,0.0,0.0,0.0,0.0,0.0,0.0,0,0,0.0,0.0,0,0,0.0,0.0,0,0,0.0,0.0,0,0,0.0,0
LGS2ORD0007816,C010623,2025-03-03 21:00:00,Male,52,Silver,CallCenter,Nakhon Ratchasima,738,Shopee,Credit_Card,21,3,0,0,>50,24.6,1.0,0.0,0.0,-1,61,11244.76,0.15,1.0,0.0,0.0,0.0,0,0,0.0,0.0,0,0,0.0,11244.76,1,0,0.0,11244.76,1,0,0.0,0
LGS2ORD0007817,C016034,2025-03-03 22:00:00,Female,40,Bronze,Web,Songkhla,1022,Lazada,PromptPay,22,3,0,0,30-40,34.06666666666667,3.0,3.0,1.0,21,27,3764.2499999999995,0.23,0.3333333333333333,0.3333333333333333,0.0,0.0,0,0,0.0,545.13,1,1,1.0,11292.749999999998,3,3,1.0,11292.749999999998,3,3,1.0,1
LGS2ORD0007818,C016203,2025-03-03 22:00:00,Male,46,Bronze,Shopee,Remote_Area,1298,Shopee,COD,22,3,0,0,40-50,43.266666666666666,2.0,0.0,0.0,-1,27,4991.67,0.23,1.0,0.5,0.0,0.0,0,0,0.0,9983.34,2,0,0.0,9983.34,2,0,0.0,9983.34,2,0,0.0,0
LGS2ORD0007819,C017308,2025-03-03 22:00:00,Female,45,Bronze,Shopee,Nakhon Ratchasima,1374,Lazada,Bank_Transfer,22,3,0,0,40-50,45.8,1.0,0.0,0.0,-1,22,2437.89,0.08,1.0,0.0,0.0,0.0,0,0,0.0,2437.89,1,0,0.0,2437.89,1,0,0.0,2437.89,1,0,0.0,1
LGS2ORD0007820,C017339,2025-03-03 22:00:00,Male,42,Gold,TV,Phuket,1246,Shopee,COD,22,3,0,0,40-50,41.53333333333333,3.0,1.0,0.3333333333333333,-7,1,8882.393333333333,0.2299999999999999,0.3333333333333333,0.3333333333333333,0.0,1773.27,1,1,1.0,1773.27,1,1,1.0,26647.18,3,1,0.3333333333333333,26647.18,3,1,0.3333333333333333,0
LGS2ORD0007821,C014788,2025-03-03 22:00:00,Female,35,Silver,Web,Chiang Mai,707,TV_Show,COD,22,3,0,0,30-40,23.566666666666666,0.0,0.0,0.0,-1,-1,0.0,0.0,0.0,0.0,0.0,0.0,0,0,0.0,0.0,0,0,0.0,0.0,0,0,0.0,0.0,0,0,0.0,1
LGS2ORD0007822,C012500,2025-03-03 22:00:00,Female,32,Gold,Web,Chonburi,169,TV_Show,COD,22,3,0,0,30-40,5.633333333333334,0.0,0.0,0.0,-1,-1,0.0,0.0,0.0,0.0,0.0,0.0,0,0,0.0,0.0,0,0,0.0,0.0,0,0,0.0,0.0,0,0,0.0,0
LGS2ORD0007823,C014845,2025-03-03 23:00:00,Female,58,Silver,TV,Bangkok,727,TV_Show,COD,23,3,0,0,>50,24.233333333333334,3.0,0.0,0.0,-1,35,2881.883333333333,0.1,0.3333333333333333,0.0,0.0,0.0,0,0,0.0,0.0,0,0,0.0,8645.65,3,0,0.0,8645.65,3,0,0.0,0
LGS2ORD0007824,C017901,2025-03-03 23:00:00,Male,44,Bronze,Shopee,Chiang Mai,1340,TV_Show,Credit_Card,23,3,0,0,40-50,44.666666666666664,1.0,0.0,0.0,-1,42,9186.48,0.08,1.0,0.0,0.0,0.0,0,0,0.0,0.0,0,0,0.0,9186.48,1,0,0.0,9186.48,1,0,0.0,1
LGS2ORD0007825,C010082,2025-03-03 23:00:00,Female,42,Gold,Shopee,Remote_Area,1165,Shopee,COD,23,3,0,0,40-50,38.833333333333336,2.0,0.0,0.0,-1,59,18482.260000000002,0.2299999999999999,1.0,0.5,0.0,0.0,0,0,0.0,0.0,0,0,0.0,36964.520000000004,2,0,0.0,36964.520000000004,2,0,0.0,1
LGS2ORD0007826,C010655,2025-03-03 23:00:00,Female,25,Platinum,TV,Bangkok,566,Web,Credit_Card,23,3,0,0,20-30,18.866666666666667,1.0,0.0,0.0,-1,37,1880.75,0.2,0.0,0.0,0.0,0.0,0,0,0.0,0.0,0,0,0.0,1880.75,1,0,0.0,1880.75,1,0,0.0,0
LGS2ORD0007827,C013374,2025-03-03 23:00:00,Male,52,Bronze,Shopee,Nakhon Ratchasima,1194,TV_Show,COD,23,3,0,0,>50,39.8,0.0,0.0,0.0,-1,-1,0.0,0.0,0.0,0.0,0.0,0.0,0,0,0.0,0.0,0,0,0.0,0.0,0,0,0.0,0.0,0,0,0.0,0
LGS2ORD0007828,C010347,2025-03-04 00:00:00,Female,31,Gold,Shopee,Bangkok,1487,Shopee,Bank_Transfer,0,3,1,0,30-40,49.56666666666667,0.0,0.0,0.0,-1,-1,0.0,0.0,0.0,0.0,0.0,0.0,0,0,0.0,0.0,0,0,0.0,0.0,0,0,0.0,0.0,0,0,0.0,0
LGS2ORD0007829,C017398,2025-03-04 00:00:00,Male,18,Gold,TV,Chiang Mai,1176,Shopee,COD,0,3,1,0,<20,39.2,0.0,0.0,0.0,-1,-1,0.0,0.0,0.0,0.0,0.0,0.0,0,0,0.0,0.0,0,0,0.0,0.0,0,0,0.0,0.0,0,0,0.0,0
LGS2ORD0007830,C016877,2025-03-04 00:00:00,Other,72,Gold,Shopee,Bangkok,1412,Shopee,Credit_Card,0,3,1,0,>50,47.06666666666667,2.0,1.0,0.5,15,19,8639.395,0.2299999999999999,1.0,0.5,0.0,0.0,0,0,0.0,2983.69,1,1,1.0,17278.79,2,1,0.5,17278.79,2,1,0.5,0
LGS2ORD0007831,C013051,2025-03-04 00:00:00,Female,40,Bronze,Web,Phuket,812,TV_Show,COD,0,3,1,0,30-40,27.066666666666666,1.0,0.0,0.0,-1,38,1927.74,0.18,0.0,0.0,0.0,0.0,0,0,0.0,0.0,0,0,0.0,1927.74,1,0,0.0,1927.74,1,0,0.0,0
LGS2ORD0007832,C010781,2025-03-04 00:00:00,Male,43,Silver,TV,Khon Kaen,1119,Shopee,COD,0,3,1,0,40-50,37.3,0.0,0.0,0.0,-1,-1,0.0,0.0,0.0,0.0,0.0,0.0,0,0,0.0,0.0,0,0,0.0,0.0,0,0,0.0,0.0,0,0,0.0,1
LGS2ORD0007833,C014956,2025-03-04 01:00:00,Female,27,Bronze,TV,Phuket,243,Shopee,COD,1,3,1,0,20-30,8.1,3.0,1.0,0.3333333333333333,40,26,1776.1000000000001,0.18,0.6666666666666666,0.0,0.0,0.0,0,0,0.0,1138.66,1,0,0.0,5328.3,3,1,0.3333333333333333,5328.3,3,1,0.3333333333333333,0
LGS2ORD0007834,C013535,2025-03-04 01:00:00,Male,35,Bronze,Shopee,Bangkok,596,Shopee,PromptPay,1,3,1,0,30-40,19.866666666666667,0.0,0.0,0.0,-1,-1,0.0,0.0,0.0,0.0,0.0,0.0,0,0,0.0,0.0,0,0,0.0,0.0,0,0,0.0,0.0,0,0,0.0,0
LGS2ORD0007835,C015201,2025-03-04 01:00:00,Female,38,Silver,TV,Bangkok,912,Web,COD,1,3,1,0,30-40,30.4,1.0,0.0,0.0,-1,38,4977.55,0.05,0.0,0.0,0.0,0.0,0,0,0.0,0.0,0,0,0.0,4977.55,1,0,0.0,4977.55,1,0,0.0,0
LGS2ORD0007836,C014150,2025-03-04 01:00:00,Male,39,Silver,TV,Khon Kaen,593,Shopee,Credit_Card,1,3,1,0,30-40,19.766666666666666,1.0,0.0,0.0,-1,0,2212.4,0.05,0.0,0.0,0.0,2212.4,1,0,0.0,2212.4,1,0,0.0,2212.4,1,0,0.0,2212.4,1,0,0.0,0
LGS2ORD0007837,C016187,2025-03-04 01:00:00,Female,20,Bronze,Web,Bangkok,219,TV_Show,Credit_Card,1,3,1,0,<20,7.3,1.0,0.0,0.0,-1,60,12939.33,0.03,0.0,0.0,0.0,0.0,0,0,0.0,0.0,0,0,0.0,12939.33,1,0,0.0,12939.33,1,0,0.0,1
LGS2ORD0007838,C012744,2025-03-04 02:00:00,Female,34,Silver,Lazada,Chonburi,1308,Shopee,PromptPay,2,3,1,0,30-40,43.6,1.0,0.0,0.0,-1,23,24585.36,0.05,0.0,0.0,0.0,0.0,0,0,0.0,24585.36,1,0,0.0,24585.36,1,0,0.0,24585.36,1,0,0.0,0
LGS2ORD0007839,C014873,2025-03-04 02:00:00,Female,33,Silver,TV,Nakhon Ratchasima,401,Web,Bank_Transfer,2,3,1,0,30-40,13.366666666666667,1.0,1.0,1.0,44,52,1457.83,0.2,1.0,0.0,0.0,0.0,0,0,0.0,0.0,0,0,0.0,1457.83,1,1,1.0,1457.83,1,1,1.0,0
LGS2ORD0007840,C016629,2025-03-04 02:00:00,Male,29,Gold,Web,Bangkok,541,Shopee,COD,2,3,1,0,20-30,18.033333333333335,1.0,0.0,0.0,-1,59,6206.09,0.13,0.0,0.0,0.0,0.0,0,0,0.0,0.0,0,0,0.0,6206.09,1,0,0.0,6206.09,1,0,0.0,0
LGS2ORD0007841,C017931,2025-03-04 02:00:00,Female,72,Gold,Shopee,Chiang Mai,168,Lazada,Credit_Card,2,3,1,0,>50,5.6,0.0,0.0,0.0,-1,-1,0.0,0.0,0.0,0.0,0.0,0.0,0,0,0.0,0.0,0,0,0.0,0.0,0,0,0.0,0.0,0,0,0.0,0
LGS2ORD0007842,C012675,2025-03-04 02:00:00,Male,64,Bronze,TV,Phuket,564,TV_Show,COD,2,3,1,0,>50,18.8,1.0,1.0,1.0,6,25,3020.0,0.23,1.0,1.0,0.0,0.0,0,0,0.0,3020.0,1,1,1.0,3020.0,1,1,1.0,3020.0,1,1,1.0,0
LGS2ORD0007843,C010356,2025-03-04 02:00:00,Male,39,Silver,Shopee,Bangkok,403,Web,Credit_Card,2,3,1,0,30-40,13.433333333333334,0.0,0.0,0.0,-1,-1,0.0,0.0,0.0,0.0,0.0,0.0,0,0,0.0,0.0,0,0,0.0,0.0,0,0,0.0,0.0,0,0,0.0,0
LGS2ORD0007844,C012326,2025-03-04 03:00:00,Male,39,Gold,TV,Khon Kaen,700,TV_Show,COD,3,3,1,0,30-40,23.333333333333332,0.0,0.0,0.0,-1,-1,0.0,0.0,0.0,0.0,0.0,0.0,0,0,0.0,0.0,0,0,0.0,0.0,0,0,0.0,0.0,0,0,0.0,1
LGS2ORD0007845,C012043,2025-03-04 03:00:00,Female,30,Silver,Shopee,Remote_Area,278,Web,COD,3,3,1,0,20-30,9.266666666666667,0.0,0.0,0.0,-1,-1,0.0,0.0,0.0,0.0,0.0,0.0,0,0,0.0,0.0,0,0,0.0,0.0,0,0,0.0,0.0,0,0,0.0,0
LGS2ORD0007846,C016150,2025-03-04 03:00:00,Other,72,Silver,Shopee,Bangkok,1240,Lazada,PromptPay,3,3,1,0,>50,41.333333333333336,1.0,0.0,0.0,-1,13,3534.79,0.05,0.0,0.0,0.0,0.0,0,0,0.0,3534.79,1,0,0.0,3534.79,1,0,0.0,3534.79,1,0,0.0,0
LGS2ORD0007847,C010558,2025-03-04 03:00:00,Male,35,Bronze,Shopee,Bangkok,130,Lazada,Bank_Transfer,3,3,1,0,30-40,4.333333333333333,0.0,0.0,0.0,-1,-1,0.0,0.0,0.0,0.0,0.0,0.0,0,0,0.0,0.0,0,0,0.0,0.0,0,0,0.0,0.0,0,0,0.0,0
LGS2ORD0007848,C012035,2025-03-04 03:00:00,Male,37,Bronze,TV,Chonburi,88,TV_Show,COD,3,3,1,0,30-40,2.933333333333333,2.0,0.0,0.0,-1,57,11301.94,0.08,0.5,0.0,0.0,0.0,0,0,0.0,0.0,0,0,0.0,22603.88,2,0,0.0,22603.88,2,0,0.0,0
LGS2ORD0007849,C015638,2025-03-04 04:00:00,Male,41,Bronze,CallCenter,Nakhon Ratchasima,829,TV_Show,Bank_Transfer,4,3,1,0,40-50,27.633333333333333,0.0,0.0,0.0,-1,-1,0.0,0.0,0.0,0.0,0.0,0.0,0,0,0.0,0.0,0,0,0.0,0.0,0,0,0.0,0.0,0,0,0.0,0
LGS2ORD0007850,C011803,2025-03-04 04:00:00,Other,18,Bronze,Shopee,Bangkok,523,TV_Show,PromptPay,4,3,1,0,<20,17.433333333333334,2.0,1.0,0.5,33,39,4043.2749999999996,0.23,1.0,0.5,0.0,0.0,0,0,0.0,0.0,0,0,0.0,8086.549999999999,2,1,0.5,8086.549999999999,2,1,0.5,0
LGS2ORD0007851,C013016,2025-03-04 04:00:00,Female,56,Bronze,Lazada,Remote_Area,1077,CallCenter,PromptPay,4,3,1,0,>50,35.9,0.0,0.0,0.0,-1,-1,0.0,0.0,0.0,0.0,0.0,0.0,0,0,0.0,0.0,0,0,0.0,0.0,0,0,0.0,0.0,0,0,0.0,0
LGS2ORD0007852,C011969,2025-03-04 04:00:00,Female,32,Bronze,TV,Bangkok,1468,Lazada,PromptPay,4,3,1,0,30-40,48.93333333333333,3.0,1.0,0.3333333333333333,27,3,3155.78,0.23,0.3333333333333333,0.6666666666666666,0.0,2844.53,1,0,0.0,5846.870000000001,2,0,0.0,9467.34,3,1,0.3333333333333333,9467.34,3,1,0.3333333333333333,0
LGS2ORD0007853,C010916,2025-03-04 04:00:00,Male,41,Bronze,CallCenter,Khon Kaen,161,Lazada,Bank_Transfer,4,3,1,0,40-50,5.366666666666666,1.0,0.0,0.0,-1,3,5182.13,0.23,0.0,1.0,0.0,5182.13,1,0,0.0,5182.13,1,0,0.0,5182.13,1,0,0.0,5182.13,1,0,0.0,0
LGS2ORD0007854,C013313,2025-03-04 05:00:00,Male,37,Bronze,TV,Chonburi,1098,Web,COD,5,3,1,0,30-40,36.6,1.0,0.0,0.0,-1,31,1248.72,0.03,1.0,0.0,0.0,0.0,0,0,0.0,0.0,0,0,0.0,1248.72,1,0,0.0,1248.72,1,0,0.0,0
LGS2ORD0007855,C010634,2025-03-04 05:00:00,Female,51,Gold,TV,Bangkok,105,Lazada,COD,5,3,1,0,>50,3.5,3.0,0.0,0.0,-1,7,6086.959999999999,0.13,0.6666666666666666,0.0,0.0,0.0,0,0,0.0,8870.13,1,0,0.0,18260.879999999997,3,0,0.0,18260.879999999997,3,0,0.0,0
LGS2ORD0007856,C014120,2025-03-04 05:00:00,Female,54,Gold,Web,Bangkok,1510,Web,Bank_Transfer,5,3,1,0,>50,50.333333333333336,1.0,0.0,0.0,-1,46,1529.19,0.28,0.0,1.0,0.0,0.0,0,0,0.0,0.0,0,0,0.0,1529.19,1,0,0.0,1529.19,1,0,0.0,0
LGS2ORD0007857,C013410,2025-03-04 05:00:00,Female,35,Bronze,Lazada,Bangkok,1506,CallCenter,Credit_Card,5,3,1,0,30-40,50.2,0.0,0.0,0.0,-1,-1,0.0,0.0,0.0,0.0,0.0,0.0,0,0,0.0,0.0,0,0,0.0,0.0,0,0,0.0,0.0,0,0,0.0,0
LGS2ORD0007858,C015831,2025-03-04 05:00:00,Male,49,Bronze,Shopee,Bangkok,638,Web,COD,5,3,1,0,40-50,21.266666666666666,2.0,0.0,0.0,-1,39,7846.285,0.13,1.0,0.0,0.0,0.0,0,0,0.0,0.0,0,0,0.0,15692.57,2,0,0.0,15692.57,2,0,0.0,1
LGS2ORD0007859,C016062,2025-03-04 06:00:00,Female,37,Bronze,Web,Songkhla,1455,Shopee,COD,6,3,1,0,30-40,48.5,3.0,1.0,0.3333333333333333,19,12,1837.36,0.23,0.6666666666666666,0.6666666666666666,0.0,0.0,0,0,0.0,5512.08,3,1,0.3333333333333333,5512.08,3,1,0.3333333333333333,5512.08,3,1,0.3333333333333333,1
LGS2ORD0007860,C011449,2025-03-04 06:00:00,Male,23,Gold,Lazada,Chiang Mai,1197,Lazada,COD,6,3,1,0,20-30,39.9,0.0,0.0,0.0,-1,-1,0.0,0.0,0.0,0.0,0.0,0.0,0,0,0.0,0.0,0,0,0.0,0.0,0,0,0.0,0.0,0,0,0.0,1
LGS2ORD0007861,C013032,2025-03-04 06:00:00,Male,44,Bronze,TV,Phuket,377,TV_Show,PromptPay,6,3,1,0,40-50,12.566666666666666,0.0,0.0,0.0,-1,-1,0.0,0.0,0.0,0.0,0.0,0.0,0,0,0.0,0.0,0,0,0.0,0.0,0,0,0.0,0.0,0,0,0.0,0
LGS2ORD0007862,C011059,2025-03-04 06:00:00,Male,64,Gold,TV,Chonburi,1056,Web,Bank_Transfer,6,3,1,0,>50,35.2,4.0,2.0,0.5,11,19,2481.1974999999998,0.33,0.75,1.0,0.0,0.0,0,0,0.0,3877.71,2,1,0.5,9924.789999999999,4,2,0.5,9924.789999999999,4,2,0.5,0
LGS2ORD0007863,C014821,2025-03-04 06:00:00,Female,38,Bronze,TV,Bangkok,415,Lazada,COD,6,3,1,0,30-40,13.833333333333334,2.0,0.0,0.0,-1,19,19014.61,0.08,0.5,0.0,0.0,0.0,0,0,0.0,2462.08,1,0,0.0,38029.22,2,0,0.0,38029.22,2,0,0.0,1
LGS2ORD0007864,C016562,2025-03-04 06:00:00,Male,45,Gold,Lazada,Bangkok,571,CallCenter,COD,6,3,1,0,40-50,19.033333333333335,1.0,0.0,0.0,-1,46,855.17,0.28,0.0,1.0,0.0,0.0,0,0,0.0,0.0,0,0,0.0,855.17,1,0,0.0,855.17,1,0,0.0,0
LGS2ORD0007865,C015630,2025-03-04 07:00:00,Female,44,Bronze,Web,Bangkok,448,TV_Show,PromptPay,7,3,1,0,40-50,14.933333333333334,0.0,0.0,0.0,-1,-1,0.0,0.0,0.0,0.0,0.0,0.0,0,0,0.0,0.0,0,0,0.0,0.0,0,0,0.0,0.0,0,0,0.0,0
LGS2ORD0007866,C013343,2025-03-04 07:00:00,Female,41,Bronze,CallCenter,Chonburi,759,Shopee,COD,7,3,1,0,40-50,25.3,1.0,1.0,1.0,-2,6,1026.94,0.23,1.0,1.0,0.0,1026.94,1,1,1.0,1026.94,1,1,1.0,1026.94,1,1,1.0,1026.94,1,1,1.0,0
LGS2ORD0007867,C015751,2025-03-04 07:00:00,Male,51,Silver,TV,Remote_Area,207,CallCenter,COD,7,3,1,0,>50,6.9,0.0,0.0,0.0,-1,-1,0.0,0.0,0.0,0.0,0.0,0.0,0,0,0.0,0.0,0,0,0.0,0.0,0,0,0.0,0.0,0,0,0.0,0
LGS2ORD0007868,C010507,2025-03-04 07:00:00,Female,48,Gold,Web,Chonburi,1242,Web,Credit_Card,7,3,1,0,40-50,41.4,1.0,1.0,1.0,40,50,4124.96,0.2299999999999999,1.0,1.0,0.0,0.0,0,0,0.0,0.0,0,0,0.0,4124.96,1,1,1.0,4124.96,1,1,1.0,0
LGS2ORD0007869,C017898,2025-03-04 07:00:00,Female,45,Bronze,TV,Bangkok,910,Lazada,Bank_Transfer,7,3,1,0,40-50,30.333333333333332,1.0,0.0,0.0,-1,7,2785.02,0.08,1.0,0.0,0.0,0.0,0,0,0.0,2785.02,1,0,0.0,2785.02,1,0,0.0,2785.02,1,0,0.0,0
LGS2ORD0007870,C014510,2025-03-04 08:00:00,Female,72,Platinum,Lazada,Bangkok,486,TV_Show,COD,8,3,1,0,>50,16.2,1.0,0.0,0.0,-1,39,4295.19,0.1,1.0,0.0,0.0,0.0,0,0,0.0,0.0,0,0,0.0,4295.19,1,0,0.0,4295.19,1,0,0.0,0
LGS2ORD0007871,C010958,2025-03-04 08:00:00,Female,28,Bronze,TV,Phuket,766,TV_Show,COD,8,3,1,0,20-30,25.533333333333335,0.0,0.0,0.0,-1,-1,0.0,0.0,0.0,0.0,0.0,0.0,0,0,0.0,0.0,0,0,0.0,0.0,0,0,0.0,0.0,0,0,0.0,1
LGS2ORD0007872,C011951,2025-03-04 08:00:00,Female,49,Bronze,TV,Chonburi,1226,Lazada,COD,8,3,1,0,40-50,40.86666666666667,1.0,0.0,0.0,-1,17,793.49,0.03,1.0,0.0,0.0,0.0,0,0,0.0,793.49,1,0,0.0,793.49,1,0,0.0,793.49,1,0,0.0,1
LGS2ORD0007873,C010775,2025-03-04 08:00:00,Male,40,Bronze,Lazada,Bangkok,537,TV_Show,Bank_Transfer,8,3,1,0,30-40,17.9,1.0,0.0,0.0,-1,56,8261.49,0.18,1.0,0.0,0.0,0.0,0,0,0.0,0.0,0,0,0.0,8261.49,1,0,0.0,8261.49,1,0,0.0,0
LGS2ORD0007874,C012705,2025-03-04 08:00:00,Male,52,Bronze,Shopee,Nakhon Ratchasima,483,Shopee,Credit_Card,8,3,1,0,>50,16.1,1.0,0.0,0.0,-1,36,8301.59,0.03,1.0,0.0,0.0,0.0,0,0,0.0,0.0,0,0,0.0,8301.59,1,0,0.0,8301.59,1,0,0.0,0
LGS2ORD0007875,C014358,2025-03-04 09:00:00,Male,34,Gold,Web,Chiang Mai,810,Shopee,COD,9,3,1,0,30-40,27.0,0.0,0.0,0.0,-1,-1,0.0,0.0,0.0,0.0,0.0,0.0,0,0,0.0,0.0,0,0,0.0,0.0,0,0,0.0,0.0,0,0,0.0,1
LGS2ORD0007876,C010560,2025-03-04 09:00:00,Female,72,Bronze,Web,Nakhon Ratchasima,884,CallCenter,Bank_Transfer,9,3,1,0,>50,29.466666666666665,1.0,1.0,1.0,-3,10,3691.85,0.13,1.0,0.0,0.0,0.0,0,0,0.0,3691.85,1,1,1.0,3691.85,1,1,1.0,3691.85,1,1,1.0,0
LGS2ORD0007877,C011824,2025-03-04 09:00:00,Male,44,Bronze,Shopee,Nakhon Ratchasima,1352,Shopee,Bank_Transfer,9,3,1,0,40-50,45.06666666666667,1.0,1.0,1.0,24,38,3018.2,0.23,1.0,1.0,0.0,0.0,0,0,0.0,0.0,0,0,0.0,3018.2,1,1,1.0,3018.2,1,1,1.0,1
LGS2ORD0007878,C014858,2025-03-04 09:00:00,Male,30,Gold,Shopee,Remote_Area,1184,Web,Bank_Transfer,9,3,1,0,20-30,39.46666666666667,1.0,0.0,0.0,-1,1,5277.97,0.28,1.0,1.0,0.0,5277.97,1,0,0.0,5277.97,1,0,0.0,5277.97,1,0,0.0,5277.97,1,0,0.0,0
LGS2ORD0007879,C012032,2025-03-04 09:00:00,Male,47,Bronze,Lazada,Nakhon Ratchasima,882,Web,COD,9,3,1,0,40-50,29.4,1.0,0.0,0.0,-1,37,6678.06,0.13,1.0,0.0,0.0,0.0,0,0,0.0,0.0,0,0,0.0,6678.06,1,0,0.0,6678.06,1,0,0.0,0
LGS2ORD0007880,C010879,2025-03-04 10:00:00,Male,44,Bronze,Web,Bangkok,1386,Shopee,Credit_Card,10,3,1,0,40-50,46.2,0.0,0.0,0.0,-1,-1,0.0,0.0,0.0,0.0,0.0,0.0,0,0,0.0,0.0,0,0,0.0,0.0,0,0,0.0,0.0,0,0,0.0,0
LGS2ORD0007881,C016916,2025-03-04 10:00:00,Female,56,Silver,TV,Remote_Area,518,CallCenter,Credit_Card,10,3,1,0,>50,17.266666666666666,1.0,0.0,0.0,-1,2,6477.57,0.15,1.0,0.0,0.0,6477.57,1,0,0.0,6477.57,1,0,0.0,6477.57,1,0,0.0,6477.57,1,0,0.0,0
LGS2ORD0007882,C016562,2025-03-04 10:00:00,Male,45,Gold,Lazada,Bangkok,571,TV_Show,COD,10,3,1,0,40-50,19.033333333333335,2.0,0.0,0.0,-1,0,4210.025,0.28,0.5,0.5,0.0,7564.88,1,0,0.0,7564.88,1,0,0.0,8420.05,2,0,0.0,8420.05,2,0,0.0,0
LGS2ORD0007883,C017134,2025-03-04 10:00:00,Female,51,Silver,TV,Khon Kaen,1498,Web,COD,10,3,1,0,>50,49.93333333333333,1.0,0.0,0.0,-1,41,8672.2,0.05,1.0,0.0,0.0,0.0,0,0,0.0,0.0,0,0,0.0,8672.2,1,0,0.0,8672.2,1,0,0.0,0
LGS2ORD0007884,C010821,2025-03-04 10:00:00,Female,30,Platinum,TV,Songkhla,271,CallCenter,Credit_Card,10,3,1,0,20-30,9.033333333333333,0.0,0.0,0.0,-1,-1,0.0,0.0,0.0,0.0,0.0,0.0,0,0,0.0,0.0,0,0,0.0,0.0,0,0,0.0,0.0,0,0,0.0,0
LGS2ORD0007885,C014566,2025-03-04 10:00:00,Other,38,Bronze,TV,Bangkok,142,Lazada,COD,10,3,1,0,30-40,4.733333333333333,3.0,1.0,0.3333333333333333,14,27,15371.883333333331,0.23,1.0,0.3333333333333333,0.0,0.0,0,0,0.0,29301.42,2,1,0.5,46115.649999999994,3,1,0.3333333333333333,46115.649999999994,3,1,0.3333333333333333,1
LGS2ORD0007886,C011803,2025-03-04 11:00:00,Other,18,Bronze,Shopee,Bangkok,523,TV_Show,COD,11,3,1,0,<20,17.433333333333334,3.0,1.0,0.3333333333333333,33,0,3805.9199999999996,0.23,0.6666666666666666,0.3333333333333333,0.0,3331.21,1,0,0.0,3331.21,1,0,0.0,11417.759999999998,3,1,0.3333333333333333,11417.759999999998,3,1,0.3333333333333333,0
LGS2ORD0007887,C011098,2025-03-04 11:00:00,Female,41,Bronze,Web,Remote_Area,1502,Web,COD,11,3,1,0,40-50,50.06666666666667,1.0,0.0,0.0,-1,41,1692.96,0.08,0.0,0.0,0.0,0.0,0,0,0.0,0.0,0,0,0.0,1692.96,1,0,0.0,1692.96,1,0,0.0,0
LGS2ORD0007888,C017263,2025-03-04 11:00:00,Female,31,Silver,Shopee,Chonburi,1197,TV_Show,COD,11,3,1,0,30-40,39.9,2.0,0.0,0.0,-1,7,9563.855,0.3,1.0,0.5,0.0,0.0,0,0,0.0,19127.71,2,0,0.0,19127.71,2,0,0.0,19127.71,2,0,0.0,0
LGS2ORD0007889,C015184,2025-03-04 11:00:00,Female,47,Bronze,TV,Songkhla,1352,TV_Show,COD,11,3,1,0,40-50,45.06666666666667,0.0,0.0,0.0,-1,-1,0.0,0.0,0.0,0.0,0.0,0.0,0,0,0.0,0.0,0,0,0.0,0.0,0,0,0.0,0.0,0,0,0.0,0
LGS2ORD0007890,C010981,2025-03-04 11:00:00,Female,43,Bronze,Web,Chonburi,1409,Web,COD,11,3,1,0,40-50,46.96666666666667,1.0,0.0,0.0,-1,42,4458.88,0.08,0.0,0.0,0.0,0.0,0,0,0.0,0.0,0,0,0.0,4458.88,1,0,0.0,4458.88,1,0,0.0,0
LGS2ORD0007891,C017665,2025-03-04 12:00:00,Male,57,Gold,TV,Remote_Area,1305,TV_Show,COD,12,3,1,0,>50,43.5,2.0,0.0,0.0,-1,1,13329.27,0.2299999999999999,0.5,0.5,0.0,26658.54,2,0,0.0,26658.54,2,0,0.0,26658.54,2,0,0.0,26658.54,2,0,0.0,0
LGS2ORD0007892,C014037,2025-03-04 12:00:00,Other,51,Gold,Web,Remote_Area,77,TV_Show,COD,12,3,1,0,>50,2.566666666666667,0.0,0.0,0.0,-1,-1,0.0,0.0,0.0,0.0,0.0,0.0,0,0,0.0,0.0,0,0,0.0,0.0,0,0,0.0,0.0,0,0,0.0,1
LGS2ORD0007893,C015847,2025-03-04 12:00:00,Male,41,Bronze,TV,Bangkok,1148,Web,COD,12,3,1,0,40-50,38.266666666666666,1.0,0.0,0.0,-1,31,3262.94,0.18,0.0,0.0,0.0,0.0,0,0,0.0,0.0,0,0,0.0,3262.94,1,0,0.0,3262.94,1,0,0.0,0
LGS2ORD0007894,C015338,2025-03-04 12:00:00,Female,45,Silver,Web,Chonburi,270,Shopee,Credit_Card,12,3,1,0,40-50,9.0,0.0,0.0,0.0,-1,-1,0.0,0.0,0.0,0.0,0.0,0.0,0,0,0.0,0.0,0,0,0.0,0.0,0,0,0.0,0.0,0,0,0.0,0
LGS2ORD0007895,C011337,2025-03-04 12:00:00,Male,22,Bronze,TV,Remote_Area,546,Shopee,PromptPay,12,3,1,0,20-30,18.2,2.0,1.0,0.5,35,29,4802.295,0.23,0.5,0.5,0.0,0.0,0,0,0.0,8052.87,1,0,0.0,9604.59,2,1,0.5,9604.59,2,1,0.5,0
LGS2ORD0007896,C013973,2025-03-04 13:00:00,Female,35,Bronze,TV,Phuket,1400,Shopee,COD,13,3,1,0,30-40,46.666666666666664,1.0,0.0,0.0,-1,56,3708.51,0.03,0.0,0.0,0.0,0.0,0,0,0.0,0.0,0,0,0.0,3708.51,1,0,0.0,3708.51,1,0,0.0,0
LGS2ORD0007897,C011597,2025-03-04 13:00:00,Female,50,Bronze,Web,Khon Kaen,1425,Lazada,Credit_Card,13,3,1,0,40-50,47.5,0.0,0.0,0.0,-1,-1,0.0,0.0,0.0,0.0,0.0,0.0,0,0,0.0,0.0,0,0,0.0,0.0,0,0,0.0,0.0,0,0,0.0,0
LGS2ORD0007898,C014202,2025-03-04 13:00:00,Other,39,Platinum,Web,Bangkok,525,Shopee,Bank_Transfer,13,3,1,0,30-40,17.5,1.0,0.0,0.0,-1,25,1019.88,0.15,1.0,0.0,0.0,0.0,0,0,0.0,1019.88,1,0,0.0,1019.88,1,0,0.0,1019.88,1,0,0.0,0
LGS2ORD0007899,C017261,2025-03-04 13:00:00,Male,27,Gold,Lazada,Remote_Area,1429,Web,Credit_Card,13,3,1,0,20-30,47.63333333333333,0.0,0.0,0.0,-1,-1,0.0,0.0,0.0,0.0,0.0,0.0,0,0,0.0,0.0,0,0,0.0,0.0,0,0,0.0,0.0,0,0,0.0,0
LGS2ORD0007900,C012461,2025-03-04 13:00:00,Male,72,Bronze,TV,Chonburi,447,Lazada,COD,13,3,1,0,>50,14.9,1.0,0.0,0.0,-1,4,2457.88,0.08,0.0,0.0,0.0,2457.88,1,0,0.0,2457.88,1,0,0.0,2457.88,1,0,0.0,2457.88,1,0,0.0,0
LGS2ORD0007901,C013542,2025-03-04 14:00:00,Female,22,Bronze,TV,Bangkok,1044,Lazada,COD,14,3,1,0,20-30,34.8,1.0,1.0,1.0,13,27,1022.78,0.18,1.0,0.0,0.0,0.0,0,0,0.0,1022.78,1,1,1.0,1022.78,1,1,1.0,1022.78,1,1,1.0,1
LGS2ORD0007902,C015924,2025-03-04 14:00:00,Male,55,Gold,Shopee,Chiang Mai,335,TV_Show,PromptPay,14,3,1,0,>50,11.166666666666666,0.0,0.0,0.0,-1,-1,0.0,0.0,0.0,0.0,0.0,0.0,0,0,0.0,0.0,0,0,0.0,0.0,0,0,0.0,0.0,0,0,0.0,1
LGS2ORD0007903,C010231,2025-03-04 14:00:00,Female,57,Silver,TV,Songkhla,443,TV_Show,COD,14,3,1,0,>50,14.766666666666667,3.0,1.0,0.3333333333333333,20,15,2491.193333333333,0.25,0.3333333333333333,0.3333333333333333,0.0,0.0,0,0,0.0,3198.5,2,1,0.5,7473.58,3,1,0.3333333333333333,7473.58,3,1,0.3333333333333333,0
LGS2ORD0007904,C012262,2025-03-04 14:00:00,Male,43,Platinum,TV,Bangkok,706,Shopee,Credit_Card,14,3,1,0,40-50,23.533333333333335,0.0,0.0,0.0,-1,-1,0.0,0.0,0.0,0.0,0.0,0.0,0,0,0.0,0.0,0,0,0.0,0.0,0,0,0.0,0.0,0,0,0.0,0
LGS2ORD0007905,C014417,2025-03-04 14:00:00,Male,54,Silver,Shopee,Chonburi,1199,Shopee,Credit_Card,14,3,1,0,>50,39.96666666666667,1.0,0.0,0.0,-1,41,683.39,0.2,0.0,0.0,0.0,0.0,0,0,0.0,0.0,0,0,0.0,683.39,1,0,0.0,683.39,1,0,0.0,0
LGS2ORD0007906,C011576,2025-03-04 14:00:00,Female,19,Bronze,Shopee,Songkhla,1234,TV_Show,COD,14,3,1,0,<20,41.13333333333333,1.0,0.0,0.0,-1,54,2812.11,0.03,0.0,0.0,0.0,0.0,0,0,0.0,0.0,0,0,0.0,2812.11,1,0,0.0,2812.11,1,0,0.0,1
LGS2ORD0007907,C010916,2025-03-04 15:00:00,Male,41,Bronze,CallCenter,Khon Kaen,161,Lazada,Credit_Card,15,3,1,0,40-50,5.366666666666666,2.0,0.0,0.0,-1,0,3320.95,0.23,0.0,0.5,0.0,6641.9,2,0,0.0,6641.9,2,0,0.0,6641.9,2,0,0.0,6641.9,2,0,0.0,0
LGS2ORD0007908,C016956,2025-03-04 15:00:00,Male,30,Bronze,TV,Chonburi,1164,TV_Show,COD,15,3,1,0,20-30,38.8,4.0,2.0,0.5,37,44,4193.2975,0.28,0.75,0.25,0.0,0.0,0,0,0.0,0.0,0,0,0.0,16773.19,4,2,0.5,16773.19,4,2,0.5,0
LGS2ORD0007909,C014677,2025-03-04 15:00:00,Female,34,Gold,TV,Phuket,1038,Shopee,Credit_Card,15,3,1,0,30-40,34.6,3.0,3.0,1.0,20,32,3071.0,0.28,1.0,0.6666666666666666,0.0,0.0,0,0,0.0,0.0,0,0,0.0,9213.0,3,3,1.0,9213.0,3,3,1.0,0
LGS2ORD0007910,C011701,2025-03-04 15:00:00,Female,54,Bronze,Web,Phuket,242,CallCenter,COD,15,3,1,0,>50,8.066666666666666,3.0,1.0,0.3333333333333333,7,21,2885.7933333333335,0.08,0.3333333333333333,0.0,0.0,0.0,0,0,0.0,8657.380000000001,3,1,0.3333333333333333,8657.380000000001,3,1,0.3333333333333333,8657.380000000001,3,1,0.3333333333333333,1
LGS2ORD0007911,C017942,2025-03-04 15:00:00,Female,53,Bronze,Shopee,Phuket,596,Lazada,Credit_Card,15,3,1,0,>50,19.866666666666667,1.0,0.0,0.0,-1,18,5967.57,0.08,0.0,0.0,0.0,0.0,0,0,0.0,5967.57,1,0,0.0,5967.57,1,0,0.0,5967.57,1,0,0.0,1
LGS2ORD0007912,C010192,2025-03-04 16:00:00,Female,36,Platinum,Web,Bangkok,457,Shopee,PromptPay,16,3,1,0,30-40,15.233333333333333,1.0,0.0,0.0,-1,59,9710.18,0.15,0.0,0.0,0.0,0.0,0,0,0.0,0.0,0,0,0.0,9710.18,1,0,0.0,9710.18,1,0,0.0,0
LGS2ORD0007913,C016802,2025-03-04 16:00:00,Female,44,Bronze,Shopee,Bangkok,1264,CallCenter,Credit_Card,16,3,1,0,40-50,42.13333333333333,3.0,2.0,0.6666666666666666,15,25,10392.923333333334,0.18,1.0,0.0,0.0,0.0,0,0,0.0,1639.97,1,1,1.0,31178.77,3,2,0.6666666666666666,31178.77,3,2,0.6666666666666666,0
LGS2ORD0007914,C016906,2025-03-04 16:00:00,Male,37,Bronze,Web,Nakhon Ratchasima,1211,Lazada,COD,16,3,1,0,30-40,40.36666666666667,0.0,0.0,0.0,-1,-1,0.0,0.0,0.0,0.0,0.0,0.0,0,0,0.0,0.0,0,0,0.0,0.0,0,0,0.0,0.0,0,0,0.0,0
LGS2ORD0007915,C013139,2025-03-04 16:00:00,Male,26,Silver,TV,Nakhon Ratchasima,1256,Web,Bank_Transfer,16,3,1,0,20-30,41.86666666666667,0.0,0.0,0.0,-1,-1,0.0,0.0,0.0,0.0,0.0,0.0,0,0,0.0,0.0,0,0,0.0,0.0,0,0,0.0,0.0,0,0,0.0,0
LGS2ORD0007916,C011560,2025-03-04 16:00:00,Female,52,Gold,TV,Nakhon Ratchasima,92,CallCenter,Credit_Card,16,3,1,0,>50,3.066666666666667,0.0,0.0,0.0,-1,-1,0.0,0.0,0.0,0.0,0.0,0.0,0,0,0.0,0.0,0,0,0.0,0.0,0,0,0.0,0.0,0,0,0.0,0
LGS2ORD0007917,C014529,2025-03-04 17:00:00,Male,31,Silver,TV,Chonburi,1196,Web,COD,17,3,1,0,30-40,39.86666666666667,1.0,0.0,0.0,-1,26,28779.95,0.1,0.0,0.0,0.0,0.0,0,0,0.0,28779.95,1,0,0.0,28779.95,1,0,0.0,28779.95,1,0,0.0,1
LGS2ORD0007918,C011648,2025-03-04 17:00:00,Female,41,Silver,TV,Bangkok,397,Shopee,Bank_Transfer,17,3,1,0,40-50,13.233333333333333,0.0,0.0,0.0,-1,-1,0.0,0.0,0.0,0.0,0.0,0.0,0,0,0.0,0.0,0,0,0.0,0.0,0,0,0.0,0.0,0,0,0.0,0
LGS2ORD0007919,C013207,2025-03-04 17:00:00,Female,68,Silver,Shopee,Bangkok,327,Web,Credit_Card,17,3,1,0,>50,10.9,1.0,1.0,1.0,23,28,15761.26,0.3,1.0,1.0,0.0,0.0,0,0,0.0,15761.26,1,1,1.0,15761.26,1,1,1.0,15761.26,1,1,1.0,0
LGS2ORD0007920,C011001,2025-03-04 17:00:00,Male,57,Silver,TV,Nakhon Ratchasima,1200,CallCenter,PromptPay,17,3,1,0,>50,40.0,0.0,0.0,0.0,-1,-1,0.0,0.0,0.0,0.0,0.0,0.0,0,0,0.0,0.0,0,0,0.0,0.0,0,0,0.0,0.0,0,0,0.0,0
LGS2ORD0007921,C010636,2025-03-04 17:00:00,Male,37,Silver,TV,Phuket,1223,Shopee,Credit_Card,17,3,1,0,30-40,40.766666666666666,0.0,0.0,0.0,-1,-1,0.0,0.0,0.0,0.0,0.0,0.0,0,0,0.0,0.0,0,0,0.0,0.0,0,0,0.0,0.0,0,0,0.0,0
LGS2ORD0007922,C015839,2025-03-04 17:00:00,Female,30,Silver,Shopee,Chiang Mai,328,Shopee,COD,17,3,1,0,20-30,10.933333333333334,0.0,0.0,0.0,-1,-1,0.0,0.0,0.0,0.0,0.0,0.0,0,0,0.0,0.0,0,0,0.0,0.0,0,0,0.0,0.0,0,0,0.0,0
LGS2ORD0007923,C013394,2025-03-04 18:00:00,Female,41,Bronze,TV,Bangkok,805,Shopee,Bank_Transfer,18,3,1,0,40-50,26.833333333333332,1.0,0.0,0.0,-1,21,7301.91,0.03,1.0,0.0,0.0,0.0,0,0,0.0,7301.91,1,0,0.0,7301.91,1,0,0.0,7301.91,1,0,0.0,0
LGS2ORD0007924,C017732,2025-03-04 18:00:00,Male,49,Silver,Lazada,Bangkok,1389,Lazada,Credit_Card,18,3,1,0,40-50,46.3,2.0,1.0,0.5,44,49,3762.225,0.15,0.0,0.0,0.0,0.0,0,0,0.0,0.0,0,0,0.0,7524.45,2,1,0.5,7524.45,2,1,0.5,0
LGS2ORD0007925,C011346,2025-03-04 18:00:00,Male,41,Silver,Shopee,Chiang Mai,1486,Web,COD,18,3,1,0,40-50,49.53333333333333,1.0,0.0,0.0,-1,38,1283.92,0.3,1.0,1.0,0.0,0.0,0,0,0.0,0.0,0,0,0.0,1283.92,1,0,0.0,1283.92,1,0,0.0,0
LGS2ORD0007926,C012971,2025-03-04 18:00:00,Female,61,Bronze,Lazada,Bangkok,1182,CallCenter,PromptPay,18,3,1,0,>50,39.4,1.0,0.0,0.0,-1,44,886.43,0.23,0.0,1.0,0.0,0.0,0,0,0.0,0.0,0,0,0.0,886.43,1,0,0.0,886.43,1,0,0.0,0
LGS2ORD0007927,C010308,2025-03-04 18:00:00,Female,53,Bronze,TV,Bangkok,1229,Lazada,Credit_Card,18,3,1,0,>50,40.96666666666667,3.0,0.0,0.0,-1,38,5659.313333333334,0.28,1.0,0.3333333333333333,0.0,0.0,0,0,0.0,0.0,0,0,0.0,16977.940000000002,3,0,0.0,16977.940000000002,3,0,0.0,0
LGS2ORD0007928,C017114,2025-03-04 19:00:00,Female,38,Silver,Web,Songkhla,257,Shopee,COD,19,3,1,0,30-40,8.566666666666666,0.0,0.0,0.0,-1,-1,0.0,0.0,0.0,0.0,0.0,0.0,0,0,0.0,0.0,0,0,0.0,0.0,0,0,0.0,0.0,0,0,0.0,1
LGS2ORD0007929,C016387,2025-03-04 19:00:00,Female,56,Gold,CallCenter,Songkhla,523,Shopee,Credit_Card,19,3,1,0,>50,17.433333333333334,0.0,0.0,0.0,-1,-1,0.0,0.0,0.0,0.0,0.0,0.0,0,0,0.0,0.0,0,0,0.0,0.0,0,0,0.0,0.0,0,0,0.0,0
LGS2ORD0007930,C012388,2025-03-04 19:00:00,Male,43,Bronze,Shopee,Phuket,411,TV_Show,COD,19,3,1,0,40-50,13.7,2.0,0.0,0.0,-1,8,19367.705,0.08,0.5,0.0,0.0,0.0,0,0,0.0,36222.0,1,0,0.0,38735.41,2,0,0.0,38735.41,2,0,0.0,1
LGS2ORD0007931,C017499,2025-03-04 19:00:00,Female,41,Bronze,Shopee,Chonburi,1095,TV_Show,COD,19,3,1,0,40-50,36.5,3.0,3.0,1.0,1,14,4070.216666666666,0.18,0.6666666666666666,0.0,0.0,0.0,0,0,0.0,6386.99,2,2,1.0,12210.649999999998,3,3,1.0,12210.649999999998,3,3,1.0,0
LGS2ORD0007932,C016900,2025-03-04 19:00:00,Female,45,Bronze,Lazada,Remote_Area,1169,Lazada,COD,19,3,1,0,40-50,38.96666666666667,1.0,1.0,1.0,0,13,4636.52,0.08,1.0,0.0,0.0,0.0,0,0,0.0,4636.52,1,1,1.0,4636.52,1,1,1.0,4636.52,1,1,1.0,1
LGS2ORD0007933,C011460,2025-03-04 20:00:00,Female,59,Silver,CallCenter,Songkhla,831,Web,Credit_Card,20,3,1,0,>50,27.7,0.0,0.0,0.0,-1,-1,0.0,0.0,0.0,0.0,0.0,0.0,0,0,0.0,0.0,0,0,0.0,0.0,0,0,0.0,0.0,0,0,0.0,1
LGS2ORD0007934,C017931,2025-03-04 20:00:00,Female,72,Gold,Shopee,Chiang Mai,168,Shopee,PromptPay,20,3,1,0,>50,5.6,1.0,0.0,0.0,-1,0,1482.81,0.18,0.0,0.0,0.0,1482.81,1,0,0.0,1482.81,1,0,0.0,1482.81,1,0,0.0,1482.81,1,0,0.0,0
LGS2ORD0007935,C011461,2025-03-04 20:00:00,Female,60,Bronze,Web,Remote_Area,1128,Lazada,COD,20,3,1,0,>50,37.6,1.0,0.0,0.0,-1,19,1976.33,0.08,1.0,0.0,0.0,0.0,0,0,0.0,1976.33,1,0,0.0,1976.33,1,0,0.0,1976.33,1,0,0.0,1
LGS2ORD0007936,C016867,2025-03-04 20:00:00,Female,50,Silver,TV,Bangkok,1427,Shopee,Bank_Transfer,20,3,1,0,40-50,47.56666666666667,2.0,1.0,0.5,6,14,5408.755,0.15,1.0,0.0,0.0,0.0,0,0,0.0,9135.35,1,1,1.0,10817.51,2,1,0.5,10817.51,2,1,0.5,0
LGS2ORD0007937,C013058,2025-03-04 20:00:00,Female,24,Bronze,CallCenter,Chonburi,1469,Web,COD,20,3,1,0,20-30,48.96666666666667,2.0,0.0,0.0,-1,11,2008.58,0.18,0.5,0.0,0.0,0.0,0,0,0.0,1184.02,1,0,0.0,4017.16,2,0,0.0,4017.16,2,0,0.0,0
LGS2ORD0007938,C015185,2025-03-04 21:00:00,Female,50,Gold,TV,Chonburi,383,Shopee,Credit_Card,21,3,1,0,40-50,12.766666666666667,0.0,0.0,0.0,-1,-1,0.0,0.0,0.0,0.0,0.0,0.0,0,0,0.0,0.0,0,0,0.0,0.0,0,0,0.0,0.0,0,0,0.0,0
LGS2ORD0007939,C015267,2025-03-04 21:00:00,Male,28,Bronze,TV,Khon Kaen,971,Web,COD,21,3,1,0,20-30,32.36666666666667,0.0,0.0,0.0,-1,-1,0.0,0.0,0.0,0.0,0.0,0.0,0,0,0.0,0.0,0,0,0.0,0.0,0,0,0.0,0.0,0,0,0.0,0
LGS2ORD0007940,C016924,2025-03-04 21:00:00,Female,41,Gold,Web,Chiang Mai,1142,TV_Show,Credit_Card,21,3,1,0,40-50,38.06666666666667,0.0,0.0,0.0,-1,-1,0.0,0.0,0.0,0.0,0.0,0.0,0,0,0.0,0.0,0,0,0.0,0.0,0,0,0.0,0.0,0,0,0.0,0
LGS2ORD0007941,C011189,2025-03-04 21:00:00,Male,34,Bronze,TV,Khon Kaen,1504,Shopee,Credit_Card,21,3,1,0,30-40,50.13333333333333,2.0,0.0,0.0,-1,4,4309.73,0.18,0.5,0.0,0.0,8619.46,2,0,0.0,8619.46,2,0,0.0,8619.46,2,0,0.0,8619.46,2,0,0.0,0
LGS2ORD0007942,C017665,2025-03-04 21:00:00,Male,57,Gold,TV,Remote_Area,1305,TV_Show,PromptPay,21,3,1,0,>50,43.5,3.0,0.0,0.0,-1,0,10470.326666666666,0.2299999999999999,0.6666666666666666,0.3333333333333333,0.0,31410.98,3,0,0.0,31410.98,3,0,0.0,31410.98,3,0,0.0,31410.98,3,0,0.0,0
LGS2ORD0007943,C012434,2025-03-04 21:00:00,Female,57,Gold,Web,Chonburi,1248,Lazada,PromptPay,21,3,1,0,>50,41.6,0.0,0.0,0.0,-1,-1,0.0,0.0,0.0,0.0,0.0,0.0,0,0,0.0,0.0,0,0,0.0,0.0,0,0,0.0,0.0,0,0,0.0,0
LGS2ORD0007944,C015804,2025-03-04 22:00:00,Female,32,Gold,Lazada,Khon Kaen,810,TV_Show,PromptPay,22,3,1,0,30-40,27.0,2.0,0.0,0.0,-1,47,11736.619999999999,0.13,0.5,0.0,0.0,0.0,0,0,0.0,0.0,0,0,0.0,23473.239999999998,2,0,0.0,23473.239999999998,2,0,0.0,1
LGS2ORD0007945,C016309,2025-03-04 22:00:00,Male,38,Silver,Shopee,Bangkok,1199,Web,COD,22,3,1,0,30-40,39.96666666666667,0.0,0.0,0.0,-1,-1,0.0,0.0,0.0,0.0,0.0,0.0,0,0,0.0,0.0,0,0,0.0,0.0,0,0,0.0,0.0,0,0,0.0,0
LGS2ORD0007946,C016365,2025-03-04 22:00:00,Male,43,Bronze,TV,Khon Kaen,1237,TV_Show,COD,22,3,1,0,40-50,41.233333333333334,2.0,1.0,0.5,54,24,9302.04,0.18,1.0,0.0,0.0,0.0,0,0,0.0,4602.82,1,0,0.0,18604.08,2,1,0.5,18604.08,2,1,0.5,1
LGS2ORD0007947,C011756,2025-03-04 22:00:00,Female,59,Bronze,Web,Chiang Mai,1352,CallCenter,Credit_Card,22,3,1,0,>50,45.06666666666667,1.0,0.0,0.0,-1,4,9317.85,0.13,0.0,0.0,0.0,9317.85,1,0,0.0,9317.85,1,0,0.0,9317.85,1,0,0.0,9317.85,1,0,0.0,0
LGS2ORD0007948,C012200,2025-03-04 22:00:00,Female,41,Silver,Lazada,Khon Kaen,558,TV_Show,PromptPay,22,3,1,0,40-50,18.6,0.0,0.0,0.0,-1,-1,0.0,0.0,0.0,0.0,0.0,0.0,0,0,0.0,0.0,0,0,0.0,0.0,0,0,0.0,0.0,0,0,0.0,0
LGS2ORD0007949,C011876,2025-03-04 23:00:00,Male,72,Bronze,CallCenter,Chonburi,302,Web,COD,23,3,1,0,>50,10.066666666666666,3.0,0.0,0.0,-1,7,7989.84,0.23,0.0,0.6666666666666666,0.0,0.0,0,0,0.0,20350.49,1,0,0.0,23969.52,3,0,0.0,23969.52,3,0,0.0,0
LGS2ORD0007950,C015047,2025-03-04 23:00:00,Male,33,Silver,CallCenter,Phuket,419,Shopee,Credit_Card,23,3,1,0,30-40,13.966666666666667,1.0,1.0,1.0,8,15,415.65,0.3,1.0,1.0,0.0,0.0,0,0,0.0,415.65,1,1,1.0,415.65,1,1,1.0,415.65,1,1,1.0,1
LGS2ORD0007951,C017630,2025-03-04 23:00:00,Female,68,Gold,TV,Nakhon Ratchasima,173,Web,Credit_Card,23,3,1,0,>50,5.766666666666667,0.0,0.0,0.0,-1,-1,0.0,0.0,0.0,0.0,0.0,0.0,0,0,0.0,0.0,0,0,0.0,0.0,0,0,0.0,0.0,0,0,0.0,0
LGS2ORD0007952,C015995,2025-03-04 23:00:00,Female,46,Silver,TV,Bangkok,310,Shopee,Bank_Transfer,23,3,1,0,40-50,10.333333333333334,1.0,0.0,0.0,-1,23,2527.07,0.15,0.0,0.0,0.0,0.0,0,0,0.0,2527.07,1,0,0.0,2527.07,1,0,0.0,2527.07,1,0,0.0,0
LGS2ORD0007953,C010625,2025-03-04 23:00:00,Female,25,Platinum,Web,Bangkok,725,TV_Show,Credit_Card,23,3,1,0,20-30,24.166666666666668,0.0,0.0,0.0,-1,-1,0.0,0.0,0.0,0.0,0.0,0.0,0,0,0.0,0.0,0,0,0.0,0.0,0,0,0.0,0.0,0,0,0.0,0
LGS2ORD0007954,C012991,2025-03-05 00:00:00,Male,48,Platinum,Shopee,Phuket,966,Shopee,COD,0,3,2,0,40-50,32.2,2.0,1.0,0.5,34,10,2744.05,0.15,1.0,0.0,0.0,0.0,0,0,0.0,368.33,1,0,0.0,5488.1,2,1,0.5,5488.1,2,1,0.5,0
LGS2ORD0007955,C017591,2025-03-05 00:00:00,Male,49,Bronze,Lazada,Remote_Area,918,CallCenter,COD,0,3,2,0,40-50,30.6,0.0,0.0,0.0,-1,-1,0.0,0.0,0.0,0.0,0.0,0.0,0,0,0.0,0.0,0,0,0.0,0.0,0,0,0.0,0.0,0,0,0.0,1
LGS2ORD0007956,C015345,2025-03-05 00:00:00,Male,46,Bronze,Shopee,Bangkok,1061,Lazada,COD,0,3,2,0,40-50,35.36666666666667,0.0,0.0,0.0,-1,-1,0.0,0.0,0.0,0.0,0.0,0.0,0,0,0.0,0.0,0,0,0.0,0.0,0,0,0.0,0.0,0,0,0.0,0
LGS2ORD0007957,C014046,2025-03-05 00:00:00,Female,39,Gold,TV,Khon Kaen,994,Web,COD,0,3,2,0,30-40,33.13333333333333,1.0,0.0,0.0,-1,61,1346.38,0.33,0.0,1.0,0.0,0.0,0,0,0.0,0.0,0,0,0.0,1346.38,1,0,0.0,1346.38,1,0,0.0,0
LGS2ORD0007958,C016118,2025-03-05 00:00:00,Male,43,Bronze,Lazada,Chonburi,760,TV_Show,Bank_Transfer,0,3,2,0,40-50,25.333333333333332,0.0,0.0,0.0,-1,-1,0.0,0.0,0.0,0.0,0.0,0.0,0,0,0.0,0.0,0,0,0.0,0.0,0,0,0.0,0.0,0,0,0.0,0
LGS2ORD0007959,C015044,2025-03-05 01:00:00,Female,40,Bronze,TV,Songkhla,719,TV_Show,COD,1,3,2,0,30-40,23.966666666666665,2.0,1.0,0.5,8,16,4485.505,0.28,0.5,0.5,0.0,0.0,0,0,0.0,2869.87,1,1,1.0,8971.01,2,1,0.5,8971.01,2,1,0.5,0
LGS2ORD0007960,C014967,2025-03-05 01:00:00,Male,25,Gold,Web,Khon Kaen,417,Lazada,COD,1,3,2,0,20-30,13.9,1.0,0.0,0.0,-1,3,150.56,0.2299999999999999,0.0,1.0,0.0,150.56,1,0,0.0,150.56,1,0,0.0,150.56,1,0,0.0,150.56,1,0,0.0,0
LGS2ORD0007961,C014340,2025-03-05 01:00:00,Female,37,Bronze,TV,Chiang Mai,1403,Web,PromptPay,1,3,2,0,30-40,46.766666666666666,0.0,0.0,0.0,-1,-1,0.0,0.0,0.0,0.0,0.0,0.0,0,0,0.0,0.0,0,0,0.0,0.0,0,0,0.0,0.0,0,0,0.0,0
LGS2ORD0007962,C017067,2025-03-05 01:00:00,Female,27,Silver,Shopee,Remote_Area,1466,CallCenter,Bank_Transfer,1,3,2,0,20-30,48.86666666666667,2.0,1.0,0.5,-2,10,4261.945,0.25,0.5,0.5,0.0,0.0,0,0,0.0,6279.43,1,1,1.0,8523.89,2,1,0.5,8523.89,2,1,0.5,0
LGS2ORD0007963,C010624,2025-03-05 01:00:00,Female,64,Bronze,Shopee,Songkhla,1032,Shopee,COD,1,3,2,0,>50,34.4,1.0,0.0,0.0,-1,32,2762.72,0.03,1.0,0.0,0.0,0.0,0,0,0.0,0.0,0,0,0.0,2762.72,1,0,0.0,2762.72,1,0,0.0,1
LGS2ORD0007964,C010924,2025-03-05 01:00:00,Female,47,Silver,TV,Remote_Area,1507,Shopee,PromptPay,1,3,2,0,40-50,50.233333333333334,0.0,0.0,0.0,-1,-1,0.0,0.0,0.0,0.0,0.0,0.0,0,0,0.0,0.0,0,0,0.0,0.0,0,0,0.0,0.0,0,0,0.0,0
LGS2ORD0007965,C011698,2025-03-05 02:00:00,Female,32,Bronze,Lazada,Bangkok,728,CallCenter,COD,2,3,2,0,30-40,24.266666666666666,1.0,0.0,0.0,-1,3,6235.59,0.08,0.0,0.0,0.0,6235.59,1,0,0.0,6235.59,1,0,0.0,6235.59,1,0,0.0,6235.59,1,0,0.0,0
LGS2ORD0007966,C016475,2025-03-05 02:00:00,Other,35,Platinum,Web,Khon Kaen,1178,TV_Show,COD,2,3,2,0,30-40,39.266666666666666,0.0,0.0,0.0,-1,-1,0.0,0.0,0.0,0.0,0.0,0.0,0,0,0.0,0.0,0,0,0.0,0.0,0,0,0.0,0.0,0,0,0.0,0
LGS2ORD0007967,C016251,2025-03-05 02:00:00,Other,54,Bronze,TV,Remote_Area,1100,TV_Show,PromptPay,2,3,2,0,>50,36.666666666666664,1.0,0.0,0.0,-1,6,11119.63,0.03,1.0,0.0,0.0,11119.63,1,0,0.0,11119.63,1,0,0.0,11119.63,1,0,0.0,11119.63,1,0,0.0,1
LGS2ORD0007968,C011002,2025-03-05 02:00:00,Female,53,Gold,TV,Remote_Area,1010,Lazada,COD,2,3,2,0,>50,33.666666666666664,4.0,2.0,0.5,10,7,2333.38,0.33,0.5,0.75,0.0,0.0,0,0,0.0,7588.17,3,2,0.6666666666666666,9333.52,4,2,0.5,9333.52,4,2,0.5,0
LGS2ORD0007969,C017132,2025-03-05 02:00:00,Male,61,Silver,TV,Bangkok,592,TV_Show,PromptPay,2,3,2,0,>50,19.733333333333334,3.0,2.0,0.6666666666666666,29,21,8088.55,0.2,0.3333333333333333,0.0,0.0,0.0,0,0,0.0,9508.17,1,0,0.0,24265.65,3,2,0.6666666666666666,24265.65,3,2,0.6666666666666666,0
LGS2ORD0007970,C010689,2025-03-05 03:00:00,Female,45,Gold,Lazada,Chonburi,139,Web,Credit_Card,3,3,2,0,40-50,4.633333333333334,2.0,1.0,0.5,-2,3,1498.415,0.2299999999999999,0.5,0.5,0.0,696.91,1,1,1.0,2996.83,2,1,0.5,2996.83,2,1,0.5,2996.83,2,1,0.5,0
LGS2ORD0007971,C016732,2025-03-05 03:00:00,Male,63,Platinum,Web,Chiang Mai,967,TV_Show,COD,3,3,2,0,>50,32.233333333333334,1.0,0.0,0.0,-1,3,2167.44,0.3,0.0,1.0,0.0,2167.44,1,0,0.0,2167.44,1,0,0.0,2167.44,1,0,0.0,2167.44,1,0,0.0,1
LGS2ORD0007972,C011081,2025-03-05 03:00:00,Female,41,Bronze,TV,Phuket,1158,CallCenter,COD,3,3,2,0,40-50,38.6,0.0,0.0,0.0,-1,-1,0.0,0.0,0.0,0.0,0.0,0.0,0,0,0.0,0.0,0,0,0.0,0.0,0,0,0.0,0.0,0,0,0.0,0
LGS2ORD0007973,C017680,2025-03-05 03:00:00,Female,47,Bronze,TV,Chiang Mai,659,Shopee,COD,3,3,2,0,40-50,21.966666666666665,0.0,0.0,0.0,-1,-1,0.0,0.0,0.0,0.0,0.0,0.0,0,0,0.0,0.0,0,0,0.0,0.0,0,0,0.0,0.0,0,0,0.0,0
LGS2ORD0007974,C011751,2025-03-05 03:00:00,Male,37,Bronze,Lazada,Khon Kaen,564,Shopee,Credit_Card,3,3,2,0,30-40,18.8,0.0,0.0,0.0,-1,-1,0.0,0.0,0.0,0.0,0.0,0.0,0,0,0.0,0.0,0,0,0.0,0.0,0,0,0.0,0.0,0,0,0.0,1
LGS2ORD0007975,C012214,2025-03-05 04:00:00,Female,48,Bronze,Shopee,Remote_Area,1446,Shopee,COD,4,3,2,0,40-50,48.2,1.0,0.0,0.0,-1,37,21387.52,0.03,0.0,0.0,0.0,0.0,0,0,0.0,0.0,0,0,0.0,21387.52,1,0,0.0,21387.52,1,0,0.0,0
LGS2ORD0007976,C015404,2025-03-05 04:00:00,Female,60,Bronze,Shopee,Songkhla,991,Web,COD,4,3,2,0,>50,33.03333333333333,3.0,1.0,0.3333333333333333,24,31,5960.37,0.18,1.0,0.0,0.0,0.0,0,0,0.0,0.0,0,0,0.0,17881.11,3,1,0.3333333333333333,17881.11,3,1,0.3333333333333333,0
LGS2ORD0007977,C013452,2025-03-05 04:00:00,Male,43,Bronze,Web,Chiang Mai,1003,Shopee,COD,4,3,2,0,40-50,33.43333333333333,1.0,0.0,0.0,-1,12,2937.99,0.23,1.0,1.0,0.0,0.0,0,0,0.0,2937.99,1,0,0.0,2937.99,1,0,0.0,2937.99,1,0,0.0,0
LGS2ORD0007978,C014699,2025-03-05 04:00:00,Male,34,Bronze,Web,Chiang Mai,311,CallCenter,COD,4,3,2,0,30-40,10.366666666666667,2.0,1.0,0.5,44,2,3513.77,0.23,0.5,0.5,0.0,3348.39,1,0,0.0,3348.39,1,0,0.0,7027.54,2,1,0.5,7027.54,2,1,0.5,1
LGS2ORD0007979,C015867,2025-03-05 04:00:00,Male,46,Silver,Lazada,Bangkok,870,Web,COD,4,3,2,0,40-50,29.0,0.0,0.0,0.0,-1,-1,0.0,0.0,0.0,0.0,0.0,0.0,0,0,0.0,0.0,0,0,0.0,0.0,0,0,0.0,0.0,0,0,0.0,0
LGS2ORD0007980,C016415,2025-03-05 05:00:00,Male,69,Bronze,Shopee,Nakhon Ratchasima,1387,TV_Show,Credit_Card,5,3,2,0,>50,46.233333333333334,4.0,0.0,0.0,-1,9,2600.035,0.23,0.5,0.25,0.0,0.0,0,0,0.0,2699.32,2,0,0.0,10400.14,4,0,0.0,10400.14,4,0,0.0,0
LGS2ORD0007981,C016904,2025-03-05 05:00:00,Female,35,Silver,Web,Chiang Mai,1040,Shopee,COD,5,3,2,0,30-40,34.666666666666664,0.0,0.0,0.0,-1,-1,0.0,0.0,0.0,0.0,0.0,0.0,0,0,0.0,0.0,0,0,0.0,0.0,0,0,0.0,0.0,0,0,0.0,1
LGS2ORD0007982,C010736,2025-03-05 05:00:00,Male,33,Bronze,Shopee,Remote_Area,776,Lazada,COD,5,3,2,0,30-40,25.866666666666667,2.0,0.0,0.0,-1,18,1336.905,0.28,0.5,0.5,0.0,0.0,0,0,0.0,316.23,1,0,0.0,2673.81,2,0,0.0,2673.81,2,0,0.0,0
LGS2ORD0007983,C010216,2025-03-05 05:00:00,Male,23,Bronze,Web,Bangkok,1022,Web,PromptPay,5,3,2,0,20-30,34.06666666666667,2.0,0.0,0.0,-1,57,2589.625,0.18,0.0,0.0,0.0,0.0,0,0,0.0,0.0,0,0,0.0,5179.25,2,0,0.0,5179.25,2,0,0.0,0
LGS2ORD0007984,C014047,2025-03-05 05:00:00,Male,43,Gold,Web,Nakhon Ratchasima,1188,Shopee,COD,5,3,2,0,40-50,39.6,2.0,0.0,0.0,-1,24,659.095,0.2299999999999999,0.5,0.5,0.0,0.0,0,0,0.0,856.61,1,0,0.0,1318.19,2,0,0.0,1318.19,2,0,0.0,0
LGS2ORD0007985,C016157,2025-03-05 05:00:00,Male,34,Bronze,Shopee,Bangkok,981,TV_Show,Credit_Card,5,3,2,0,30-40,32.7,0.0,0.0,0.0,-1,-1,0.0,0.0,0.0,0.0,0.0,0.0,0,0,0.0,0.0,0,0,0.0,0.0,0,0,0.0,0.0,0,0,0.0,0
LGS2ORD0007986,C012508,2025-03-05 06:00:00,Male,53,Bronze,Lazada,Songkhla,674,Lazada,Credit_Card,6,3,2,0,>50,22.466666666666665,0.0,0.0,0.0,-1,-1,0.0,0.0,0.0,0.0,0.0,0.0,0,0,0.0,0.0,0,0,0.0,0.0,0,0,0.0,0.0,0,0,0.0,1
LGS2ORD0007987,C010907,2025-03-05 06:00:00,Female,18,Bronze,Web,Chonburi,580,Web,COD,6,3,2,0,<20,19.333333333333332,0.0,0.0,0.0,-1,-1,0.0,0.0,0.0,0.0,0.0,0.0,0,0,0.0,0.0,0,0,0.0,0.0,0,0,0.0,0.0,0,0,0.0,0
LGS2ORD0007988,C016542,2025-03-05 06:00:00,Female,60,Platinum,Lazada,Songkhla,727,CallCenter,COD,6,3,2,0,>50,24.233333333333334,2.0,1.0,0.5,25,8,7038.83,0.25,0.5,0.5,0.0,0.0,0,0,0.0,3772.94,1,0,0.0,14077.66,2,1,0.5,14077.66,2,1,0.5,0
LGS2ORD0007989,C014884,2025-03-05 06:00:00,Female,32,Bronze,TV,Phuket,300,Shopee,COD,6,3,2,0,30-40,10.0,3.0,0.0,0.0,-1,45,5030.823333333333,0.18,1.0,0.0,0.0,0.0,0,0,0.0,0.0,0,0,0.0,15092.47,3,0,0.0,15092.47,3,0,0.0,1
LGS2ORD0007990,C016911,2025-03-05 06:00:00,Male,41,Silver,Shopee,Chonburi,945,CallCenter,Credit_Card,6,3,2,0,40-50,31.5,2.0,1.0,0.5,1,14,6365.17,0.15,0.5,0.0,0.0,0.0,0,0,0.0,12730.34,2,1,0.5,12730.34,2,1,0.5,12730.34,2,1,0.5,0
LGS2ORD0007991,C012076,2025-03-05 07:00:00,Male,68,Gold,Shopee,Chiang Mai,1407,Shopee,COD,7,3,2,0,>50,46.9,1.0,1.0,1.0,2,11,12198.9,0.2299999999999999,1.0,1.0,0.0,0.0,0,0,0.0,12198.9,1,1,1.0,12198.9,1,1,1.0,12198.9,1,1,1.0,1
LGS2ORD0007992,C010143,2025-03-05 07:00:00,Male,37,Silver,CallCenter,Bangkok,1413,Shopee,COD,7,3,2,0,30-40,47.1,2.0,0.0,0.0,-1,7,7809.875,0.2,0.5,0.0,0.0,0.0,0,0,0.0,15619.75,2,0,0.0,15619.75,2,0,0.0,15619.75,2,0,0.0,0
LGS2ORD0007993,C010475,2025-03-05 07:00:00,Female,44,Bronze,TV,Phuket,1495,Lazada,COD,7,3,2,0,40-50,49.833333333333336,1.0,1.0,1.0,39,42,10351.43,0.23,0.0,1.0,0.0,0.0,0,0,0.0,0.0,0,0,0.0,10351.43,1,1,1.0,10351.43,1,1,1.0,0
LGS2ORD0007994,C016209,2025-03-05 07:00:00,Female,32,Bronze,Lazada,Nakhon Ratchasima,1270,Lazada,COD,7,3,2,0,30-40,42.333333333333336,1.0,1.0,1.0,6,16,3123.74,0.23,1.0,1.0,0.0,0.0,0,0,0.0,3123.74,1,1,1.0,3123.74,1,1,1.0,3123.74,1,1,1.0,0
LGS2ORD0007995,C017058,2025-03-05 07:00:00,Female,45,Bronze,CallCenter,Chiang Mai,1059,Web,COD,7,3,2,0,40-50,35.3,1.0,0.0,0.0,-1,6,1322.29,0.18,0.0,0.0,0.0,1322.29,1,0,0.0,1322.29,1,0,0.0,1322.29,1,0,0.0,1322.29,1,0,0.0,1
LGS2ORD0007996,C015227,2025-03-05 08:00:00,Male,23,Silver,Lazada,Bangkok,640,Shopee,COD,8,3,2,0,20-30,21.333333333333332,2.0,1.0,0.5,-5,4,1349.365,0.1,1.0,0.0,0.0,2229.69,1,1,1.0,2229.69,1,1,1.0,2698.73,2,1,0.5,2698.73,2,1,0.5,0
LGS2ORD0007997,C016950,2025-03-05 08:00:00,Female,25,Silver,TV,Khon Kaen,336,TV_Show,PromptPay,8,3,2,0,20-30,11.2,1.0,1.0,1.0,0,14,5370.38,0.2,1.0,0.0,0.0,0.0,0,0,0.0,5370.38,1,1,1.0,5370.38,1,1,1.0,5370.38,1,1,1.0,0
LGS2ORD0007998,C015151,2025-03-05 08:00:00,Female,43,Gold,TV,Nakhon Ratchasima,176,TV_Show,COD,8,3,2,0,40-50,5.866666666666666,4.0,0.0,0.0,-1,3,2485.87,0.2299999999999999,0.5,0.25,0.0,1816.69,1,0,0.0,2325.33,2,0,0.0,9943.48,4,0,0.0,9943.48,4,0,0.0,0
LGS2ORD0007999,C013716,2025-03-05 08:00:00,Female,50,Gold,Lazada,Nakhon Ratchasima,1419,Lazada,COD,8,3,2,0,40-50,47.3,2.0,2.0,1.0,2,14,16001.835,0.28,0.0,0.5,0.0,0.0,0,0,0.0,2356.73,1,1,1.0,32003.67,2,2,1.0,32003.67,2,2,1.0,0
LGS2ORD0008000,C013775,2025-03-05 08:00:00,Male,55,Gold,TV,Chonburi,406,Shopee,COD,8,3,2,0,>50,13.533333333333333,0.0,0.0,0.0,-1,-1,0.0,0.0,0.0,0.0,0.0,0.0,0,0,0.0,0.0,0,0,0.0,0.0,0,0,0.0,0.0,0,0,0.0,0
LGS2ORD0008001,C012466,2025-03-05 09:00:00,Female,28,Silver,Web,Chonburi,735,Web,PromptPay,9,3,2,0,20-30,24.5,2.0,0.0,0.0,-1,12,2597.665,0.25,0.5,0.5,0.0,0.0,0,0,0.0,3551.14,1,0,0.0,5195.33,2,0,0.0,5195.33,2,0,0.0,0
LGS2ORD0008002,C012013,2025-03-05 09:00:00,Female,52,Silver,CallCenter,Chiang Mai,137,TV_Show,COD,9,3,2,0,>50,4.566666666666666,0.0,0.0,0.0,-1,-1,0.0,0.0,0.0,0.0,0.0,0.0,0,0,0.0,0.0,0,0,0.0,0.0,0,0,0.0,0.0,0,0,0.0,1
LGS2ORD0008003,C016996,2025-03-05 09:00:00,Female,51,Silver,Lazada,Chiang Mai,444,CallCenter,COD,9,3,2,0,>50,14.8,2.0,0.0,0.0,-1,35,8280.985,0.2,0.0,0.0,0.0,0.0,0,0,0.0,0.0,0,0,0.0,16561.97,2,0,0.0,16561.97,2,0,0.0,0
LGS2ORD0008004,C014639,2025-03-05 09:00:00,Male,64,Bronze,TV,Remote_Area,935,TV_Show,COD,9,3,2,0,>50,31.166666666666668,3.0,2.0,0.6666666666666666,8,23,4264.1466666666665,0.23,1.0,0.3333333333333333,0.0,0.0,0,0,0.0,4339.46,1,1,1.0,12792.439999999999,3,2,0.6666666666666666,12792.439999999999,3,2,0.6666666666666666,0
LGS2ORD0008005,C017037,2025-03-05 09:00:00,Female,41,Bronze,Web,Bangkok,1198,Lazada,PromptPay,9,3,2,0,40-50,39.93333333333333,2.0,0.0,0.0,-1,3,3224.675,0.08,0.5,0.0,0.0,411.72,1,0,0.0,411.72,1,0,0.0,6449.35,2,0,0.0,6449.35,2,0,0.0,0
LGS2ORD0008006,C017064,2025-03-05 09:00:00,Male,46,Silver,Shopee,Songkhla,668,TV_Show,PromptPay,9,3,2,0,40-50,22.266666666666666,0.0,0.0,0.0,-1,-1,0.0,0.0,0.0,0.0,0.0,0.0,0,0,0.0,0.0,0,0,0.0,0.0,0,0,0.0,0.0,0,0,0.0,0
LGS2ORD0008007,C011000,2025-03-05 10:00:00,Female,31,Bronze,Shopee,Bangkok,283,TV_Show,Credit_Card,10,3,2,0,30-40,9.433333333333334,3.0,1.0,0.3333333333333333,19,32,7718.233333333334,0.23,1.0,0.3333333333333333,0.0,0.0,0,0,0.0,0.0,0,0,0.0,23154.7,3,1,0.3333333333333333,23154.7,3,1,0.3333333333333333,1
LGS2ORD0008008,C014206,2025-03-05 10:00:00,Female,43,Bronze,Shopee,Bangkok,1277,Lazada,Credit_Card,10,3,2,0,40-50,42.56666666666667,1.0,0.0,0.0,-1,44,1066.75,0.18,1.0,0.0,0.0,0.0,0,0,0.0,0.0,0,0,0.0,1066.75,1,0,0.0,1066.75,1,0,0.0,0
LGS2ORD0008009,C016953,2025-03-05 10:00:00,Male,30,Gold,Shopee,Remote_Area,934,Shopee,COD,10,3,2,0,20-30,31.133333333333333,2.0,1.0,0.5,6,17,1395.68,0.33,1.0,1.0,0.0,0.0,0,0,0.0,784.82,1,1,1.0,2791.36,2,1,0.5,2791.36,2,1,0.5,0
LGS2ORD0008010,C010946,2025-03-05 10:00:00,Male,48,Gold,CallCenter,Bangkok,738,Shopee,COD,10,3,2,0,40-50,24.6,2.0,1.0,0.5,8,21,4146.155,0.2299999999999999,0.5,0.5,0.0,0.0,0,0,0.0,5600.74,1,1,1.0,8292.31,2,1,0.5,8292.31,2,1,0.5,0
LGS2ORD0008011,C010320,2025-03-05 10:00:00,Female,49,Gold,Web,Bangkok,709,TV_Show,Credit_Card,10,3,2,0,40-50,23.633333333333333,1.0,0.0,0.0,-1,26,2294.47,0.08,0.0,0.0,0.0,0.0,0,0,0.0,2294.47,1,0,0.0,2294.47,1,0,0.0,2294.47,1,0,0.0,0
LGS2ORD0008012,C017775,2025-03-05 11:00:00,Female,53,Bronze,Web,Bangkok,1374,Web,COD,11,3,2,0,>50,45.8,0.0,0.0,0.0,-1,-1,0.0,0.0,0.0,0.0,0.0,0.0,0,0,0.0,0.0,0,0,0.0,0.0,0,0,0.0,0.0,0,0,0.0,1
LGS2ORD0008013,C015036,2025-03-05 11:00:00,Female,45,Bronze,Web,Chonburi,1368,Web,PromptPay,11,3,2,0,40-50,45.6,0.0,0.0,0.0,-1,-1,0.0,0.0,0.0,0.0,0.0,0.0,0,0,0.0,0.0,0,0,0.0,0.0,0,0,0.0,0.0,0,0,0.0,0
LGS2ORD0008014,C014579,2025-03-05 11:00:00,Female,46,Gold,Web,Remote_Area,1466,Web,COD,11,3,2,0,40-50,48.86666666666667,0.0,0.0,0.0,-1,-1,0.0,0.0,0.0,0.0,0.0,0.0,0,0,0.0,0.0,0,0,0.0,0.0,0,0,0.0,0.0,0,0,0.0,1
LGS2ORD0008015,C015934,2025-03-05 11:00:00,Male,51,Gold,Shopee,Bangkok,1156,Shopee,PromptPay,11,3,2,0,>50,38.53333333333333,1.0,0.0,0.0,-1,4,8943.73,0.08,0.0,0.0,0.0,8943.73,1,0,0.0,8943.73,1,0,0.0,8943.73,1,0,0.0,8943.73,1,0,0.0,0
LGS2ORD0008016,C010689,2025-03-05 11:00:00,Female,45,Gold,Lazada,Chonburi,139,Web,Credit_Card,11,3,2,0,40-50,4.633333333333334,3.0,1.0,0.3333333333333333,-2,0,1383.0133333333333,0.2299999999999999,0.3333333333333333,0.3333333333333333,0.0,1849.12,2,1,0.5,4149.04,3,1,0.3333333333333333,4149.04,3,1,0.3333333333333333,4149.04,3,1,0.3333333333333333,0
LGS2ORD0008017,C016893,2025-03-05 12:00:00,Other,37,Gold,Shopee,Bangkok,137,CallCenter,Credit_Card,12,3,2,0,30-40,4.566666666666666,0.0,0.0,0.0,-1,-1,0.0,0.0,0.0,0.0,0.0,0.0,0,0,0.0,0.0,0,0,0.0,0.0,0,0,0.0,0.0,0,0,0.0,0
LGS2ORD0008018,C017237,2025-03-05 12:00:00,Female,59,Silver,Lazada,Bangkok,997,Shopee,COD,12,3,2,0,>50,33.233333333333334,1.0,1.0,1.0,-7,6,1974.54,0.1,1.0,0.0,0.0,1974.54,1,1,1.0,1974.54,1,1,1.0,1974.54,1,1,1.0,1974.54,1,1,1.0,0
LGS2ORD0008019,C017239,2025-03-05 12:00:00,Female,40,Gold,TV,Nakhon Ratchasima,120,CallCenter,COD,12,3,2,0,30-40,4.0,1.0,0.0,0.0,-1,29,5658.27,0.13,0.0,0.0,0.0,0.0,0,0,0.0,5658.27,1,0,0.0,5658.27,1,0,0.0,5658.27,1,0,0.0,0
LGS2ORD0008020,C010001,2025-03-05 12:00:00,Male,41,Bronze,TV,Phuket,961,TV_Show,COD,12,3,2,0,40-50,32.03333333333333,1.0,0.0,0.0,-1,61,2529.04,0.18,1.0,0.0,0.0,0.0,0,0,0.0,0.0,0,0,0.0,2529.04,1,0,0.0,2529.04,1,0,0.0,0
LGS2ORD0008021,C017736,2025-03-05 12:00:00,Male,45,Gold,Lazada,Chonburi,648,Shopee,COD,12,3,2,0,40-50,21.6,1.0,0.0,0.0,-1,44,752.98,0.28,0.0,1.0,0.0,0.0,0,0,0.0,0.0,0,0,0.0,752.98,1,0,0.0,752.98,1,0,0.0,0
LGS2ORD0008022,C012783,2025-03-05 13:00:00,Male,32,Silver,Shopee,Chiang Mai,1116,CallCenter,COD,13,3,2,0,30-40,37.2,0.0,0.0,0.0,-1,-1,0.0,0.0,0.0,0.0,0.0,0.0,0,0,0.0,0.0,0,0,0.0,0.0,0,0,0.0,0.0,0,0,0.0,0
LGS2ORD0008023,C015317,2025-03-05 13:00:00,Female,56,Bronze,TV,Songkhla,267,Lazada,COD,13,3,2,0,>50,8.9,2.0,0.0,0.0,-1,11,2071.58,0.28,1.0,0.5,0.0,0.0,0,0,0.0,2566.79,1,0,0.0,4143.16,2,0,0.0,4143.16,2,0,0.0,0
LGS2ORD0008024,C017778,2025-03-05 13:00:00,Male,37,Platinum,CallCenter,Bangkok,1073,TV_Show,PromptPay,13,3,2,0,30-40,35.766666666666666,1.0,1.0,1.0,17,30,9926.4,0.1,1.0,0.0,0.0,0.0,0,0,0.0,9926.4,1,1,1.0,9926.4,1,1,1.0,9926.4,1,1,1.0,0
LGS2ORD0008025,C017260,2025-03-05 13:00:00,Female,27,Bronze,CallCenter,Bangkok,998,TV_Show,COD,13,3,2,0,20-30,33.266666666666666,0.0,0.0,0.0,-1,-1,0.0,0.0,0.0,0.0,0.0,0.0,0,0,0.0,0.0,0,0,0.0,0.0,0,0,0.0,0.0,0,0,0.0,0
LGS2ORD0008026,C010198,2025-03-05 13:00:00,Male,72,Silver,Lazada,Bangkok,1442,Shopee,COD,13,3,2,0,>50,48.06666666666667,1.0,0.0,0.0,-1,28,1466.97,0.05,1.0,0.0,0.0,0.0,0,0,0.0,1466.97,1,0,0.0,1466.97,1,0,0.0,1466.97,1,0,0.0,1
LGS2ORD0008027,C015675,2025-03-05 13:00:00,Other,26,Silver,Shopee,Remote_Area,1349,Shopee,Credit_Card,13,3,2,0,20-30,44.96666666666667,1.0,0.0,0.0,-1,38,2847.45,0.3,0.0,1.0,0.0,0.0,0,0,0.0,0.0,0,0,0.0,2847.45,1,0,0.0,2847.45,1,0,0.0,0
LGS2ORD0008028,C013176,2025-03-05 14:00:00,Male,56,Bronze,Shopee,Songkhla,713,Web,COD,14,3,2,0,>50,23.766666666666666,0.0,0.0,0.0,-1,-1,0.0,0.0,0.0,0.0,0.0,0.0,0,0,0.0,0.0,0,0,0.0,0.0,0,0,0.0,0.0,0,0,0.0,1
LGS2ORD0008029,C015555,2025-03-05 14:00:00,Male,40,Bronze,TV,Nakhon Ratchasima,1265,Web,Credit_Card,14,3,2,0,30-40,42.166666666666664,1.0,0.0,0.0,-1,46,12286.98,0.03,1.0,0.0,0.0,0.0,0,0,0.0,0.0,0,0,0.0,12286.98,1,0,0.0,12286.98,1,0,0.0,0
LGS2ORD0008030,C012911,2025-03-05 14:00:00,Male,37,Bronze,Lazada,Chonburi,707,Shopee,Credit_Card,14,3,2,0,30-40,23.566666666666666,2.0,0.0,0.0,-1,15,2802.4849999999997,0.23,0.5,0.5,0.0,0.0,0,0,0.0,922.73,1,0,0.0,5604.969999999999,2,0,0.0,5604.969999999999,2,0,0.0,0
LGS2ORD0008031,C015682,2025-03-05 14:00:00,Male,33,Silver,Shopee,Songkhla,749,Web,COD,14,3,2,0,30-40,24.966666666666665,0.0,0.0,0.0,-1,-1,0.0,0.0,0.0,0.0,0.0,0.0,0,0,0.0,0.0,0,0,0.0,0.0,0,0,0.0,0.0,0,0,0.0,0
LGS2ORD0008032,C016568,2025-03-05 14:00:00,Female,56,Bronze,TV,Remote_Area,151,TV_Show,Credit_Card,14,3,2,0,>50,5.033333333333333,5.0,3.0,0.6,28,35,9073.714000000002,0.28,1.0,0.4,0.0,0.0,0,0,0.0,0.0,0,0,0.0,45368.57000000001,5,3,0.6,45368.57000000001,5,3,0.6,0
LGS2ORD0008033,C016946,2025-03-05 15:00:00,Male,54,Silver,TV,Phuket,237,CallCenter,PromptPay,15,3,2,0,>50,7.9,2.0,2.0,1.0,13,23,2549.38,0.2,1.0,0.0,0.0,0.0,0,0,0.0,720.0,1,1,1.0,5098.76,2,2,1.0,5098.76,2,2,1.0,0
LGS2ORD0008034,C017594,2025-03-05 15:00:00,Male,41,Bronze,Lazada,Chiang Mai,426,CallCenter,COD,15,3,2,0,40-50,14.2,1.0,0.0,0.0,-1,54,12090.67,0.18,0.0,0.0,0.0,0.0,0,0,0.0,0.0,0,0,0.0,12090.67,1,0,0.0,12090.67,1,0,0.0,0
LGS2ORD0008035,C011306,2025-03-05 15:00:00,Female,40,Silver,CallCenter,Bangkok,442,Shopee,COD,15,3,2,0,30-40,14.733333333333333,1.0,0.0,0.0,-1,27,13072.67,0.05,0.0,0.0,0.0,0.0,0,0,0.0,13072.67,1,0,0.0,13072.67,1,0,0.0,13072.67,1,0,0.0,0
LGS2ORD0008036,C012947,2025-03-05 15:00:00,Female,56,Bronze,TV,Chiang Mai,627,Web,COD,15,3,2,0,>50,20.9,1.0,0.0,0.0,-1,47,1029.39,0.23,0.0,1.0,0.0,0.0,0,0,0.0,0.0,0,0,0.0,1029.39,1,0,0.0,1029.39,1,0,0.0,0
LGS2ORD0008037,C014466,2025-03-05 15:00:00,Female,49,Bronze,TV,Chonburi,1121,Shopee,PromptPay,15,3,2,0,40-50,37.36666666666667,1.0,0.0,0.0,-1,28,3241.35,0.08,1.0,0.0,0.0,0.0,0,0,0.0,3241.35,1,0,0.0,3241.35,1,0,0.0,3241.35,1,0,0.0,0
LGS2ORD0008038,C011792,2025-03-05 16:00:00,Other,27,Gold,TV,Bangkok,417,Web,COD,16,3,2,0,20-30,13.9,1.0,0.0,0.0,-1,32,4230.32,0.2299999999999999,1.0,1.0,0.0,0.0,0,0,0.0,0.0,0,0,0.0,4230.32,1,0,0.0,4230.32,1,0,0.0,0
LGS2ORD0008039,C016262,2025-03-05 16:00:00,Male,51,Silver,CallCenter,Bangkok,261,CallCenter,COD,16,3,2,0,>50,8.7,1.0,0.0,0.0,-1,7,19011.76,0.05,1.0,0.0,0.0,0.0,0,0,0.0,19011.76,1,0,0.0,19011.76,1,0,0.0,19011.76,1,0,0.0,0
LGS2ORD0008040,C010490,2025-03-05 16:00:00,Male,41,Bronze,CallCenter,Songkhla,1308,Shopee,Credit_Card,16,3,2,0,40-50,43.6,2.0,1.0,0.5,-1,6,5678.965,0.03,0.5,0.0,0.0,1539.08,1,0,0.0,11357.93,2,1,0.5,11357.93,2,1,0.5,11357.93,2,1,0.5,0
LGS2ORD0008041,C013523,2025-03-05 16:00:00,Female,45,Gold,TV,Phuket,756,Web,PromptPay,16,3,2,0,40-50,25.2,0.0,0.0,0.0,-1,-1,0.0,0.0,0.0,0.0,0.0,0.0,0,0,0.0,0.0,0,0,0.0,0.0,0,0,0.0,0.0,0,0,0.0,0
LGS2ORD0008042,C012884,2025-03-05 16:00:00,Female,41,Platinum,TV,Bangkok,626,Web,Credit_Card,16,3,2,0,40-50,20.866666666666667,1.0,0.0,0.0,-1,18,4651.28,0.1,0.0,0.0,0.0,0.0,0,0,0.0,4651.28,1,0,0.0,4651.28,1,0,0.0,4651.28,1,0,0.0,0
LGS2ORD0008043,C010451,2025-03-05 16:00:00,Male,54,Bronze,Shopee,Bangkok,1183,Web,COD,16,3,2,0,>50,39.43333333333333,0.0,0.0,0.0,-1,-1,0.0,0.0,0.0,0.0,0.0,0.0,0,0,0.0,0.0,0,0,0.0,0.0,0,0,0.0,0.0,0,0,0.0,1
LGS2ORD0008044,C017617,2025-03-05 17:00:00,Female,44,Bronze,TV,Remote_Area,1189,Shopee,COD,17,3,2,0,40-50,39.63333333333333,0.0,0.0,0.0,-1,-1,0.0,0.0,0.0,0.0,0.0,0.0,0,0,0.0,0.0,0,0,0.0,0.0,0,0,0.0,0.0,0,0,0.0,1
LGS2ORD0008045,C015051,2025-03-05 17:00:00,Male,46,Gold,Lazada,Bangkok,1497,Web,COD,17,3,2,0,40-50,49.9,1.0,0.0,0.0,-1,2,630.54,0.08,1.0,0.0,0.0,630.54,1,0,0.0,630.54,1,0,0.0,630.54,1,0,0.0,630.54,1,0,0.0,0
LGS2ORD0008046,C014088,2025-03-05 17:00:00,Female,30,Silver,TV,Songkhla,444,CallCenter,COD,17,3,2,0,20-30,14.8,4.0,0.0,0.0,-1,2,3296.435,0.25,0.25,0.25,0.0,4921.48,2,0,0.0,12137.54,3,0,0.0,13185.74,4,0,0.0,13185.74,4,0,0.0,1
LGS2ORD0008047,C015728,2025-03-05 17:00:00,Female,33,Bronze,CallCenter,Remote_Area,241,CallCenter,Bank_Transfer,17,3,2,0,30-40,8.033333333333333,1.0,1.0,1.0,24,32,6641.1,0.23,1.0,1.0,0.0,0.0,0,0,0.0,0.0,0,0,0.0,6641.1,1,1,1.0,6641.1,1,1,1.0,0
LGS2ORD0008048,C016382,2025-03-05 17:00:00,Female,72,Bronze,CallCenter,Chonburi,775,TV_Show,Credit_Card,17,3,2,0,>50,25.833333333333332,1.0,1.0,1.0,16,27,1121.53,0.23,0.0,1.0,0.0,0.0,0,0,0.0,1121.53,1,1,1.0,1121.53,1,1,1.0,1121.53,1,1,1.0,0
LGS2ORD0008049,C015837,2025-03-05 18:00:00,Other,62,Silver,TV,Songkhla,205,Lazada,COD,18,3,2,0,>50,6.833333333333333,0.0,0.0,0.0,-1,-1,0.0,0.0,0.0,0.0,0.0,0.0,0,0,0.0,0.0,0,0,0.0,0.0,0,0,0.0,0.0,0,0,0.0,1
LGS2ORD0008050,C017556,2025-03-05 18:00:00,Male,41,Bronze,Web,Chiang Mai,485,CallCenter,COD,18,3,2,0,40-50,16.166666666666668,0.0,0.0,0.0,-1,-1,0.0,0.0,0.0,0.0,0.0,0.0,0,0,0.0,0.0,0,0,0.0,0.0,0,0,0.0,0.0,0,0,0.0,0
LGS2ORD0008051,C011477,2025-03-05 18:00:00,Other,47,Bronze,Lazada,Remote_Area,1455,Web,Credit_Card,18,3,2,0,40-50,48.5,2.0,2.0,1.0,9,19,2702.4100000000003,0.23,1.0,0.5,0.0,0.0,0,0,0.0,385.22,1,1,1.0,5404.820000000001,2,2,1.0,5404.820000000001,2,2,1.0,0
LGS2ORD0008052,C017516,2025-03-05 18:00:00,Male,60,Gold,TV,Bangkok,565,Web,Bank_Transfer,18,3,2,0,>50,18.833333333333332,1.0,0.0,0.0,-1,41,3529.86,0.13,1.0,0.0,0.0,0.0,0,0,0.0,0.0,0,0,0.0,3529.86,1,0,0.0,3529.86,1,0,0.0,0
LGS2ORD0008053,C011136,2025-03-05 18:00:00,Other,64,Silver,Shopee,Nakhon Ratchasima,1468,Shopee,COD,18,3,2,0,>50,48.93333333333333,5.0,3.0,0.6,11,7,2999.458,0.25,1.0,0.2,0.0,0.0,0,0,0.0,8498.19,3,1,0.3333333333333333,14997.29,5,3,0.6,14997.29,5,3,0.6,0
LGS2ORD0008054,C013248,2025-03-05 19:00:00,Female,54,Gold,Web,Songkhla,1200,Shopee,COD,19,3,2,0,>50,40.0,3.0,1.0,0.3333333333333333,52,43,2535.0166666666664,0.2299999999999999,0.3333333333333333,0.3333333333333333,0.0,0.0,0,0,0.0,0.0,0,0,0.0,7605.049999999999,3,1,0.3333333333333333,7605.049999999999,3,1,0.3333333333333333,0
LGS2ORD0008055,C015459,2025-03-05 19:00:00,Female,39,Bronze,Shopee,Bangkok,820,TV_Show,COD,19,3,2,0,30-40,27.333333333333332,1.0,0.0,0.0,-1,60,2434.14,0.23,0.0,1.0,0.0,0.0,0,0,0.0,0.0,0,0,0.0,2434.14,1,0,0.0,2434.14,1,0,0.0,1
LGS2ORD0008056,C013314,2025-03-05 19:00:00,Male,42,Gold,Shopee,Chonburi,547,Web,COD,19,3,2,0,40-50,18.233333333333334,0.0,0.0,0.0,-1,-1,0.0,0.0,0.0,0.0,0.0,0.0,0,0,0.0,0.0,0,0,0.0,0.0,0,0,0.0,0.0,0,0,0.0,0
LGS2ORD0008057,C017704,2025-03-05 19:00:00,Male,66,Bronze,TV,Remote_Area,492,Shopee,COD,19,3,2,0,>50,16.4,2.0,1.0,0.5,43,12,7067.78,0.18,0.5,0.0,0.0,0.0,0,0,0.0,3632.83,1,0,0.0,14135.56,2,1,0.5,14135.56,2,1,0.5,0
LGS2ORD0008058,C015716,2025-03-05 19:00:00,Male,27,Bronze,Lazada,Chiang Mai,672,TV_Show,PromptPay,19,3,2,0,20-30,22.4,1.0,1.0,1.0,16,25,1002.6,0.23,1.0,1.0,0.0,0.0,0,0,0.0,1002.6,1,1,1.0,1002.6,1,1,1.0,1002.6,1,1,1.0,0
LGS2ORD0008059,C010673,2025-03-05 20:00:00,Male,47,Silver,Lazada,Chiang Mai,1427,Lazada,PromptPay,20,3,2,0,40-50,47.56666666666667,0.0,0.0,0.0,-1,-1,0.0,0.0,0.0,0.0,0.0,0.0,0,0,0.0,0.0,0,0,0.0,0.0,0,0,0.0,0.0,0,0,0.0,1
LGS2ORD0008060,C017221,2025-03-05 20:00:00,Female,29,Gold,Shopee,Bangkok,1410,CallCenter,PromptPay,20,3,2,0,20-30,47.0,1.0,0.0,0.0,-1,30,14312.73,0.13,0.0,0.0,0.0,0.0,0,0,0.0,0.0,0,0,0.0,14312.73,1,0,0.0,14312.73,1,0,0.0,0
LGS2ORD0008061,C015804,2025-03-05 20:00:00,Female,32,Gold,Lazada,Khon Kaen,811,Shopee,Bank_Transfer,20,3,2,0,30-40,27.033333333333335,3.0,1.0,0.3333333333333333,-12,0,10024.013333333332,0.33,0.3333333333333333,0.3333333333333333,0.0,6598.8,1,1,1.0,6598.8,1,1,1.0,30072.039999999997,3,1,0.3333333333333333,30072.039999999997,3,1,0.3333333333333333,0
LGS2ORD0008062,C010396,2025-03-05 20:00:00,Female,40,Bronze,Shopee,Phuket,629,Web,COD,20,3,2,0,30-40,20.966666666666665,3.0,1.0,0.3333333333333333,10,21,1579.26,0.23,0.6666666666666666,0.6666666666666666,0.0,0.0,0,0,0.0,654.26,1,1,1.0,4737.78,3,1,0.3333333333333333,4737.78,3,1,0.3333333333333333,0
LGS2ORD0008063,C016088,2025-03-05 20:00:00,Female,28,Gold,Shopee,Bangkok,126,Shopee,COD,20,3,2,0,20-30,4.2,0.0,0.0,0.0,-1,-1,0.0,0.0,0.0,0.0,0.0,0.0,0,0,0.0,0.0,0,0,0.0,0.0,0,0,0.0,0.0,0,0,0.0,0
LGS2ORD0008064,C015934,2025-03-05 20:00:00,Male,51,Gold,Shopee,Bangkok,1156,Lazada,PromptPay,20,3,2,0,>50,38.53333333333333,2.0,0.0,0.0,-1,0,5201.555,0.33,0.0,0.5,0.0,10403.11,2,0,0.0,10403.11,2,0,0.0,10403.11,2,0,0.0,10403.11,2,0,0.0,0
LGS2ORD0008065,C012185,2025-03-05 21:00:00,Female,49,Silver,Web,Khon Kaen,720,Web,COD,21,3,2,0,40-50,24.0,0.0,0.0,0.0,-1,-1,0.0,0.0,0.0,0.0,0.0,0.0,0,0,0.0,0.0,0,0,0.0,0.0,0,0,0.0,0.0,0,0,0.0,0
LGS2ORD0008066,C016785,2025-03-05 21:00:00,Female,62,Bronze,TV,Bangkok,800,TV_Show,PromptPay,21,3,2,0,>50,26.666666666666668,2.0,0.0,0.0,-1,21,3843.865,0.28,0.5,1.0,0.0,0.0,0,0,0.0,3274.89,1,0,0.0,7687.73,2,0,0.0,7687.73,2,0,0.0,0
LGS2ORD0008067,C016546,2025-03-05 21:00:00,Female,40,Gold,TV,Khon Kaen,107,Lazada,Bank_Transfer,21,3,2,0,30-40,3.566666666666667,2.0,0.0,0.0,-1,9,3069.38,0.13,0.0,0.0,0.0,0.0,0,0,0.0,6138.76,2,0,0.0,6138.76,2,0,0.0,6138.76,2,0,0.0,0
LGS2ORD0008068,C017667,2025-03-05 21:00:00,Female,41,Bronze,Shopee,Chiang Mai,349,CallCenter,COD,21,3,2,0,40-50,11.633333333333333,2.0,1.0,0.5,25,33,4826.76,0.28,0.0,0.5,0.0,0.0,0,0,0.0,0.0,0,0,0.0,9653.52,2,1,0.5,9653.52,2,1,0.5,1
LGS2ORD0008069,C014608,2025-03-05 21:00:00,Female,50,Bronze,Lazada,Nakhon Ratchasima,1362,Web,COD,21,3,2,0,40-50,45.4,0.0,0.0,0.0,-1,-1,0.0,0.0,0.0,0.0,0.0,0.0,0,0,0.0,0.0,0,0,0.0,0.0,0,0,0.0,0.0,0,0,0.0,0
LGS2ORD0008070,C010155,2025-03-05 22:00:00,Male,37,Bronze,Shopee,Bangkok,475,Web,Bank_Transfer,22,3,2,0,30-40,15.833333333333334,0.0,0.0,0.0,-1,-1,0.0,0.0,0.0,0.0,0.0,0.0,0,0,0.0,0.0,0,0,0.0,0.0,0,0,0.0,0.0,0,0,0.0,0
LGS2ORD0008071,C014205,2025-03-05 22:00:00,Male,35,Bronze,TV,Songkhla,154,Shopee,COD,22,3,2,0,30-40,5.133333333333334,1.0,1.0,1.0,49,57,2105.89,0.03,1.0,0.0,0.0,0.0,0,0,0.0,0.0,0,0,0.0,2105.89,1,1,1.0,2105.89,1,1,1.0,0
LGS2ORD0008072,C012873,2025-03-05 22:00:00,Female,33,Bronze,Shopee,Songkhla,356,Shopee,Credit_Card,22,3,2,0,30-40,11.866666666666667,0.0,0.0,0.0,-1,-1,0.0,0.0,0.0,0.0,0.0,0.0,0,0,0.0,0.0,0,0,0.0,0.0,0,0,0.0,0.0,0,0,0.0,0
LGS2ORD0008073,C010185,2025-03-05 22:00:00,Male,41,Bronze,TV,Nakhon Ratchasima,1357,TV_Show,Bank_Transfer,22,3,2,0,40-50,45.233333333333334,1.0,0.0,0.0,-1,3,31155.81,0.13,0.0,0.0,0.0,31155.81,1,0,0.0,31155.81,1,0,0.0,31155.81,1,0,0.0,31155.81,1,0,0.0,0
LGS2ORD0008074,C017061,2025-03-05 22:00:00,Female,40,Bronze,Shopee,Bangkok,784,TV_Show,PromptPay,22,3,2,0,30-40,26.133333333333333,1.0,0.0,0.0,-1,28,34137.43,0.03,0.0,0.0,0.0,0.0,0,0,0.0,34137.43,1,0,0.0,34137.43,1,0,0.0,34137.43,1,0,0.0,0
LGS2ORD0008075,C016703,2025-03-05 23:00:00,Female,34,Bronze,Lazada,Bangkok,966,Shopee,Bank_Transfer,23,3,2,0,30-40,32.2,1.0,0.0,0.0,-1,31,1093.58,0.08,1.0,0.0,0.0,0.0,0,0,0.0,0.0,0,0,0.0,1093.58,1,0,0.0,1093.58,1,0,0.0,0
LGS2ORD0008076,C014365,2025-03-05 23:00:00,Female,55,Silver,TV,Chiang Mai,1480,CallCenter,PromptPay,23,3,2,0,>50,49.333333333333336,0.0,0.0,0.0,-1,-1,0.0,0.0,0.0,0.0,0.0,0.0,0,0,0.0,0.0,0,0,0.0,0.0,0,0,0.0,0.0,0,0,0.0,1
LGS2ORD0008077,C013672,2025-03-05 23:00:00,Male,38,Silver,TV,Remote_Area,520,Web,COD,23,3,2,0,30-40,17.333333333333332,2.0,2.0,1.0,-9,5,4156.305,0.25,1.0,0.5,0.0,1984.92,1,1,1.0,8312.61,2,2,1.0,8312.61,2,2,1.0,8312.61,2,2,1.0,1
LGS2ORD0008078,C015281,2025-03-05 23:00:00,Male,42,Bronze,TV,Chonburi,173,Shopee,COD,23,3,2,0,40-50,5.766666666666667,0.0,0.0,0.0,-1,-1,0.0,0.0,0.0,0.0,0.0,0.0,0,0,0.0,0.0,0,0,0.0,0.0,0,0,0.0,0.0,0,0,0.0,1
LGS2ORD0008079,C013345,2025-03-05 23:00:00,Female,47,Bronze,Shopee,Khon Kaen,619,Web,COD,23,3,2,0,40-50,20.633333333333333,0.0,0.0,0.0,-1,-1,0.0,0.0,0.0,0.0,0.0,0.0,0,0,0.0,0.0,0,0,0.0,0.0,0,0,0.0,0.0,0,0,0.0,0
LGS2ORD0008080,C012668,2025-03-06 00:00:00,Female,53,Bronze,TV,Songkhla,251,TV_Show,COD,0,3,3,0,>50,8.366666666666667,1.0,0.0,0.0,-1,8,2190.59,0.18,1.0,0.0,0.0,0.0,0,0,0.0,2190.59,1,0,0.0,2190.59,1,0,0.0,2190.59,1,0,0.0,0
LGS2ORD0008081,C014018,2025-03-06 00:00:00,Male,37,Gold,Web,Bangkok,335,Shopee,Credit_Card,0,3,3,0,30-40,11.166666666666666,1.0,0.0,0.0,-1,34,26722.93,0.28,0.0,1.0,0.0,0.0,0,0,0.0,0.0,0,0,0.0,26722.93,1,0,0.0,26722.93,1,0,0.0,1
LGS2ORD0008082,C016996,2025-03-06 00:00:00,Female,51,Silver,Lazada,Chiang Mai,445,Shopee,Credit_Card,0,3,3,0,>50,14.833333333333334,3.0,0.0,0.0,-1,0,7093.080000000001,0.2,0.3333333333333333,0.0,0.0,4717.27,1,0,0.0,4717.27,1,0,0.0,21279.24,3,0,0.0,21279.24,3,0,0.0,0
LGS2ORD0008083,C015931,2025-03-06 00:00:00,Male,37,Silver,Web,Nakhon Ratchasima,694,CallCenter,COD,0,3,3,0,30-40,23.133333333333333,2.0,0.0,0.0,-1,4,1236.385,0.25,1.0,0.5,0.0,1400.85,1,0,0.0,1400.85,1,0,0.0,2472.77,2,0,0.0,2472.77,2,0,0.0,0
LGS2ORD0008084,C012709,2025-03-06 00:00:00,Male,24,Bronze,CallCenter,Phuket,105,Shopee,Bank_Transfer,0,3,3,0,20-30,3.5,2.0,0.0,0.0,-1,39,8183.215,0.13,0.5,0.0,0.0,0.0,0,0,0.0,0.0,0,0,0.0,16366.43,2,0,0.0,16366.43,2,0,0.0,0
LGS2ORD0008085,C016396,2025-03-06 00:00:00,Female,30,Silver,Web,Chiang Mai,1491,Web,Credit_Card,0,3,3,0,20-30,49.7,0.0,0.0,0.0,-1,-1,0.0,0.0,0.0,0.0,0.0,0.0,0,0,0.0,0.0,0,0,0.0,0.0,0,0,0.0,0.0,0,0,0.0,1
LGS2ORD0008086,C010573,2025-03-06 01:00:00,Female,45,Bronze,TV,Khon Kaen,174,Web,PromptPay,1,3,3,0,40-50,5.8,0.0,0.0,0.0,-1,-1,0.0,0.0,0.0,0.0,0.0,0.0,0,0,0.0,0.0,0,0,0.0,0.0,0,0,0.0,0.0,0,0,0.0,0
LGS2ORD0008087,C015590,2025-03-06 01:00:00,Male,46,Bronze,Web,Chonburi,1479,TV_Show,Credit_Card,1,3,3,0,40-50,49.3,2.0,1.0,0.5,47,40,4701.595,0.08,1.0,0.0,0.0,0.0,0,0,0.0,0.0,0,0,0.0,9403.19,2,1,0.5,9403.19,2,1,0.5,0
LGS2ORD0008088,C010385,2025-03-06 01:00:00,Male,48,Silver,CallCenter,Bangkok,331,Shopee,Credit_Card,1,3,3,0,40-50,11.033333333333333,0.0,0.0,0.0,-1,-1,0.0,0.0,0.0,0.0,0.0,0.0,0,0,0.0,0.0,0,0,0.0,0.0,0,0,0.0,0.0,0,0,0.0,0
LGS2ORD0008089,C016193,2025-03-06 01:00:00,Male,43,Bronze,Lazada,Bangkok,316,Web,PromptPay,1,3,3,0,40-50,10.533333333333333,0.0,0.0,0.0,-1,-1,0.0,0.0,0.0,0.0,0.0,0.0,0,0,0.0,0.0,0,0,0.0,0.0,0,0,0.0,0.0,0,0,0.0,0
LGS2ORD0008090,C013101,2025-03-06 01:00:00,Male,44,Gold,TV,Chonburi,862,CallCenter,PromptPay,1,3,3,0,40-50,28.733333333333334,1.0,0.0,0.0,-1,11,314.54,0.28,0.0,1.0,0.0,0.0,0,0,0.0,314.54,1,0,0.0,314.54,1,0,0.0,314.54,1,0,0.0,1
LGS2ORD0008091,C017591,2025-03-06 02:00:00,Male,49,Bronze,Lazada,Remote_Area,919,TV_Show,Bank_Transfer,2,3,3,0,40-50,30.633333333333333,1.0,1.0,1.0,-11,1,14738.32,0.03,1.0,0.0,0.0,14738.32,1,1,1.0,14738.32,1,1,1.0,14738.32,1,1,1.0,14738.32,1,1,1.0,0
LGS2ORD0008092,C011512,2025-03-06 02:00:00,Female,34,Bronze,Web,Bangkok,524,Lazada,PromptPay,2,3,3,0,30-40,17.466666666666665,0.0,0.0,0.0,-1,-1,0.0,0.0,0.0,0.0,0.0,0.0,0,0,0.0,0.0,0,0,0.0,0.0,0,0,0.0,0.0,0,0,0.0,0
LGS2ORD0008093,C017419,2025-03-06 02:00:00,Female,62,Bronze,TV,Khon Kaen,694,Lazada,COD,2,3,3,0,>50,23.133333333333333,2.0,1.0,0.5,49,49,3850.715,0.23,1.0,0.5,0.0,0.0,0,0,0.0,0.0,0,0,0.0,7701.43,2,1,0.5,7701.43,2,1,0.5,0
LGS2ORD0008094,C016654,2025-03-06 02:00:00,Male,52,Bronze,TV,Khon Kaen,170,Lazada,COD,2,3,3,0,>50,5.666666666666667,1.0,0.0,0.0,-1,31,1709.73,0.03,1.0,0.0,0.0,0.0,0,0,0.0,0.0,0,0,0.0,1709.73,1,0,0.0,1709.73,1,0,0.0,0
LGS2ORD0008095,C016729,2025-03-06 02:00:00,Male,43,Silver,Web,Bangkok,252,Web,PromptPay,2,3,3,0,40-50,8.4,1.0,0.0,0.0,-1,45,770.07,0.25,0.0,1.0,0.0,0.0,0,0,0.0,0.0,0,0,0.0,770.07,1,0,0.0,770.07,1,0,0.0,0
LGS2ORD0008096,C012865,2025-03-06 03:00:00,Female,33,Bronze,Shopee,Bangkok,1279,TV_Show,Credit_Card,3,3,3,0,30-40,42.63333333333333,0.0,0.0,0.0,-1,-1,0.0,0.0,0.0,0.0,0.0,0.0,0,0,0.0,0.0,0,0,0.0,0.0,0,0,0.0,0.0,0,0,0.0,0
LGS2ORD0008097,C011952,2025-03-06 03:00:00,Female,48,Bronze,Web,Bangkok,1088,Web,Credit_Card,3,3,3,0,40-50,36.266666666666666,1.0,0.0,0.0,-1,30,1146.3,0.03,0.0,0.0,0.0,0.0,0,0,0.0,0.0,0,0,0.0,1146.3,1,0,0.0,1146.3,1,0,0.0,0
LGS2ORD0008098,C012105,2025-03-06 03:00:00,Female,32,Gold,TV,Remote_Area,1266,TV_Show,COD,3,3,3,0,30-40,42.2,2.0,1.0,0.5,6,21,4888.94,0.2299999999999999,1.0,0.5,0.0,0.0,0,0,0.0,8026.7,1,1,1.0,9777.88,2,1,0.5,9777.88,2,1,0.5,1
LGS2ORD0008099,C015019,2025-03-06 03:00:00,Female,62,Bronze,CallCenter,Nakhon Ratchasima,373,CallCenter,PromptPay,3,3,3,0,>50,12.433333333333334,2.0,0.0,0.0,-1,23,14548.285,0.08,0.5,0.0,0.0,0.0,0,0,0.0,1162.0,1,0,0.0,29096.57,2,0,0.0,29096.57,2,0,0.0,0
LGS2ORD0008100,C013933,2025-03-06 03:00:00,Other,46,Gold,Shopee,Bangkok,105,Lazada,Credit_Card,3,3,3,0,40-50,3.5,0.0,0.0,0.0,-1,-1,0.0,0.0,0.0,0.0,0.0,0.0,0,0,0.0,0.0,0,0,0.0,0.0,0,0,0.0,0.0,0,0,0.0,0
LGS2ORD0008101,C017215,2025-03-06 04:00:00,Female,43,Bronze,Lazada,Bangkok,1208,Web,Credit_Card,4,3,3,0,40-50,40.266666666666666,0.0,0.0,0.0,-1,-1,0.0,0.0,0.0,0.0,0.0,0.0,0,0,0.0,0.0,0,0,0.0,0.0,0,0,0.0,0.0,0,0,0.0,1
LGS2ORD0008102,C014911,2025-03-06 04:00:00,Male,39,Bronze,Web,Bangkok,501,Lazada,Bank_Transfer,4,3,3,0,30-40,16.7,0.0,0.0,0.0,-1,-1,0.0,0.0,0.0,0.0,0.0,0.0,0,0,0.0,0.0,0,0,0.0,0.0,0,0,0.0,0.0,0,0,0.0,1
LGS2ORD0008103,C012006,2025-03-06 04:00:00,Female,33,Gold,Lazada,Bangkok,1134,TV_Show,COD,4,3,3,0,30-40,37.8,0.0,0.0,0.0,-1,-1,0.0,0.0,0.0,0.0,0.0,0.0,0,0,0.0,0.0,0,0,0.0,0.0,0,0,0.0,0.0,0,0,0.0,0
LGS2ORD0008104,C011631,2025-03-06 04:00:00,Female,60,Bronze,Lazada,Bangkok,1272,Web,COD,4,3,3,0,>50,42.4,0.0,0.0,0.0,-1,-1,0.0,0.0,0.0,0.0,0.0,0.0,0,0,0.0,0.0,0,0,0.0,0.0,0,0,0.0,0.0,0,0,0.0,0
LGS2ORD0008105,C010858,2025-03-06 04:00:00,Female,61,Platinum,Shopee,Chiang Mai,1494,Shopee,PromptPay,4,3,3,0,>50,49.8,2.0,0.0,0.0,-1,20,4491.17,0.3,0.5,1.0,0.0,0.0,0,0,0.0,1972.23,1,0,0.0,8982.34,2,0,0.0,8982.34,2,0,0.0,1
LGS2ORD0008106,C016265,2025-03-06 04:00:00,Male,39,Silver,Lazada,Bangkok,1182,Lazada,Credit_Card,4,3,3,0,30-40,39.4,1.0,0.0,0.0,-1,25,606.57,0.3,1.0,1.0,0.0,0.0,0,0,0.0,606.57,1,0,0.0,606.57,1,0,0.0,606.57,1,0,0.0,0
LGS2ORD0008107,C013934,2025-03-06 05:00:00,Female,36,Bronze,CallCenter,Khon Kaen,318,CallCenter,Bank_Transfer,5,3,3,0,30-40,10.6,1.0,0.0,0.0,-1,39,1584.46,0.23,1.0,1.0,0.0,0.0,0,0,0.0,0.0,0,0,0.0,1584.46,1,0,0.0,1584.46,1,0,0.0,0
LGS2ORD0008108,C014843,2025-03-06 05:00:00,Other,37,Bronze,TV,Remote_Area,521,Web,COD,5,3,3,0,30-40,17.366666666666667,2.0,0.0,0.0,-1,10,6471.125,0.13,0.0,0.0,0.0,0.0,0,0,0.0,12942.25,2,0,0.0,12942.25,2,0,0.0,12942.25,2,0,0.0,1
LGS2ORD0008109,C012723,2025-03-06 05:00:00,Male,20,Silver,Lazada,Chiang Mai,1064,Web,Credit_Card,5,3,3,0,<20,35.46666666666667,1.0,0.0,0.0,-1,41,6604.12,0.15,1.0,0.0,0.0,0.0,0,0,0.0,0.0,0,0,0.0,6604.12,1,0,0.0,6604.12,1,0,0.0,0
LGS2ORD0008110,C010719,2025-03-06 05:00:00,Male,60,Bronze,TV,Khon Kaen,113,CallCenter,Credit_Card,5,3,3,0,>50,3.7666666666666666,0.0,0.0,0.0,-1,-1,0.0,0.0,0.0,0.0,0.0,0.0,0,0,0.0,0.0,0,0,0.0,0.0,0,0,0.0,0.0,0,0,0.0,0
LGS2ORD0008111,C016196,2025-03-06 05:00:00,Female,53,Silver,Shopee,Phuket,1289,Web,COD,5,3,3,0,>50,42.96666666666667,0.0,0.0,0.0,-1,-1,0.0,0.0,0.0,0.0,0.0,0.0,0,0,0.0,0.0,0,0,0.0,0.0,0,0,0.0,0.0,0,0,0.0,0
LGS2ORD0008112,C011031,2025-03-06 06:00:00,Female,37,Gold,TV,Chiang Mai,1001,CallCenter,COD,6,3,3,0,30-40,33.36666666666667,3.0,2.0,0.6666666666666666,5,10,3102.683333333333,0.2299999999999999,0.3333333333333333,0.6666666666666666,0.0,0.0,0,0,0.0,9308.05,3,2,0.6666666666666666,9308.05,3,2,0.6666666666666666,9308.05,3,2,0.6666666666666666,0
LGS2ORD0008113,C017237,2025-03-06 06:00:00,Female,59,Silver,Lazada,Bangkok,998,Shopee,Bank_Transfer,6,3,3,0,>50,33.266666666666666,2.0,1.0,0.5,-6,0,11588.720000000001,0.2,1.0,0.0,0.0,21202.9,1,0,0.0,23177.440000000002,2,1,0.5,23177.440000000002,2,1,0.5,23177.440000000002,2,1,0.5,0
LGS2ORD0008114,C016302,2025-03-06 06:00:00,Male,59,Silver,CallCenter,Chonburi,590,Web,PromptPay,6,3,3,0,>50,19.666666666666668,1.0,0.0,0.0,-1,41,14519.15,0.1,0.0,0.0,0.0,0.0,0,0,0.0,0.0,0,0,0.0,14519.15,1,0,0.0,14519.15,1,0,0.0,0
LGS2ORD0008115,C015148,2025-03-06 06:00:00,Female,35,Bronze,TV,Phuket,1332,TV_Show,COD,6,3,3,0,30-40,44.4,4.0,0.0,0.0,-1,3,4303.3025,0.23,0.5,0.25,0.0,11331.21,2,0,0.0,14909.619999999999,3,0,0.0,17213.21,4,0,0.0,17213.21,4,0,0.0,1
LGS2ORD0008116,C012870,2025-03-06 06:00:00,Male,55,Silver,Web,Bangkok,683,Shopee,PromptPay,6,3,3,0,>50,22.766666666666666,4.0,1.0,0.25,4,10,1790.2275,0.2,0.5,0.0,0.0,0.0,0,0,0.0,3022.25,2,1,0.5,7160.91,4,1,0.25,7160.91,4,1,0.25,0
LGS2ORD0008117,C017962,2025-03-06 07:00:00,Female,35,Bronze,CallCenter,Khon Kaen,1114,TV_Show,COD,7,3,3,0,30-40,37.13333333333333,1.0,0.0,0.0,-1,48,944.23,0.08,0.0,0.0,0.0,0.0,0,0,0.0,0.0,0,0,0.0,944.23,1,0,0.0,944.23,1,0,0.0,0
LGS2ORD0008118,C015893,2025-03-06 07:00:00,Male,41,Silver,CallCenter,Chonburi,1213,Web,PromptPay,7,3,3,0,40-50,40.43333333333333,1.0,1.0,1.0,52,59,11638.41,0.15,1.0,0.0,0.0,0.0,0,0,0.0,0.0,0,0,0.0,11638.41,1,1,1.0,11638.41,1,1,1.0,0
LGS2ORD0008119,C013396,2025-03-06 07:00:00,Female,49,Gold,Shopee,Phuket,1516,TV_Show,PromptPay,7,3,3,0,40-50,50.53333333333333,1.0,0.0,0.0,-1,29,7748.11,0.28,1.0,1.0,0.0,0.0,0,0,0.0,7748.11,1,0,0.0,7748.11,1,0,0.0,7748.11,1,0,0.0,1
LGS2ORD0008120,C011441,2025-03-06 07:00:00,Male,38,Bronze,TV,Khon Kaen,1119,Web,COD,7,3,3,0,30-40,37.3,2.0,0.0,0.0,-1,25,17581.43,0.28,1.0,0.5,0.0,0.0,0,0,0.0,453.78,1,0,0.0,35162.86,2,0,0.0,35162.86,2,0,0.0,0
LGS2ORD0008121,C011750,2025-03-06 07:00:00,Female,59,Bronze,TV,Khon Kaen,273,Lazada,COD,7,3,3,0,>50,9.1,3.0,1.0,0.3333333333333333,45,36,4271.12,0.28,1.0,0.3333333333333333,0.0,0.0,0,0,0.0,0.0,0,0,0.0,12813.36,3,1,0.3333333333333333,12813.36,3,1,0.3333333333333333,1
LGS2ORD0008122,C014009,2025-03-06 08:00:00,Female,32,Bronze,Lazada,Bangkok,125,CallCenter,COD,8,3,3,0,30-40,4.166666666666667,0.0,0.0,0.0,-1,-1,0.0,0.0,0.0,0.0,0.0,0.0,0,0,0.0,0.0,0,0,0.0,0.0,0,0,0.0,0.0,0,0,0.0,0
LGS2ORD0008123,C017053,2025-03-06 08:00:00,Male,45,Bronze,TV,Khon Kaen,879,Lazada,Credit_Card,8,3,3,0,40-50,29.3,2.0,0.0,0.0,-1,15,1372.575,0.23,0.5,0.5,0.0,0.0,0,0,0.0,2745.15,2,0,0.0,2745.15,2,0,0.0,2745.15,2,0,0.0,0
LGS2ORD0008124,C011178,2025-03-06 08:00:00,Male,27,Silver,TV,Chonburi,95,Lazada,PromptPay,8,3,3,0,20-30,3.1666666666666665,2.0,1.0,0.5,0,6,1613.9299999999998,0.2,0.5,0.0,0.0,1384.85,1,0,0.0,3227.8599999999997,2,1,0.5,3227.8599999999997,2,1,0.5,3227.8599999999997,2,1,0.5,1
LGS2ORD0008125,C010420,2025-03-06 08:00:00,Male,52,Platinum,Shopee,Songkhla,498,Web,COD,8,3,3,0,>50,16.6,0.0,0.0,0.0,-1,-1,0.0,0.0,0.0,0.0,0.0,0.0,0,0,0.0,0.0,0,0,0.0,0.0,0,0,0.0,0.0,0,0,0.0,0
LGS2ORD0008126,C011246,2025-03-06 08:00:00,Male,60,Silver,TV,Bangkok,1211,TV_Show,Credit_Card,8,3,3,0,>50,40.36666666666667,2.0,1.0,0.5,0,6,4891.855,0.2,0.5,0.0,0.0,6636.32,1,0,0.0,9783.71,2,1,0.5,9783.71,2,1,0.5,9783.71,2,1,0.5,0
LGS2ORD0008127,C017812,2025-03-06 08:00:00,Female,32,Gold,Shopee,Bangkok,1161,TV_Show,COD,8,3,3,0,30-40,38.7,0.0,0.0,0.0,-1,-1,0.0,0.0,0.0,0.0,0.0,0.0,0,0,0.0,0.0,0,0,0.0,0.0,0,0,0.0,0.0,0,0,0.0,0
LGS2ORD0008128,C015236,2025-03-06 09:00:00,Female,18,Bronze,Web,Khon Kaen,1499,TV_Show,Credit_Card,9,3,3,0,<20,49.96666666666667,3.0,2.0,0.6666666666666666,-2,10,12327.673333333332,0.28,0.3333333333333333,0.3333333333333333,0.0,0.0,0,0,0.0,1552.03,1,1,1.0,36983.02,3,2,0.6666666666666666,36983.02,3,2,0.6666666666666666,0
LGS2ORD0008129,C013097,2025-03-06 09:00:00,Male,65,Bronze,Web,Songkhla,335,Lazada,COD,9,3,3,0,>50,11.166666666666666,0.0,0.0,0.0,-1,-1,0.0,0.0,0.0,0.0,0.0,0.0,0,0,0.0,0.0,0,0,0.0,0.0,0,0,0.0,0.0,0,0,0.0,1
LGS2ORD0008130,C017147,2025-03-06 09:00:00,Female,61,Silver,TV,Phuket,1287,Shopee,Credit_Card,9,3,3,0,>50,42.9,2.0,0.0,0.0,-1,31,1706.335,0.3,0.0,0.5,0.0,0.0,0,0,0.0,0.0,0,0,0.0,3412.67,2,0,0.0,3412.67,2,0,0.0,0
LGS2ORD0008131,C012690,2025-03-06 09:00:00,Male,34,Platinum,Web,Bangkok,811,Lazada,Bank_Transfer,9,3,3,0,30-40,27.033333333333335,2.0,1.0,0.5,27,37,6000.41,0.25,0.0,1.0,0.0,0.0,0,0,0.0,0.0,0,0,0.0,12000.82,2,1,0.5,12000.82,2,1,0.5,0
LGS2ORD0008132,C017962,2025-03-06 09:00:00,Female,35,Bronze,CallCenter,Khon Kaen,1114,Web,COD,9,3,3,0,30-40,37.13333333333333,2.0,0.0,0.0,-1,0,1333.855,0.18,0.5,0.0,0.0,1723.48,1,0,0.0,1723.48,1,0,0.0,2667.71,2,0,0.0,2667.71,2,0,0.0,0
LGS2ORD0008133,C015278,2025-03-06 10:00:00,Male,28,Gold,TV,Bangkok,795,TV_Show,PromptPay,10,3,3,0,20-30,26.5,2.0,0.0,0.0,-1,30,4445.09,0.2299999999999999,0.5,0.5,0.0,0.0,0,0,0.0,0.0,0,0,0.0,8890.18,2,0,0.0,8890.18,2,0,0.0,0
LGS2ORD0008134,C016733,2025-03-06 10:00:00,Female,43,Gold,Web,Bangkok,287,TV_Show,COD,10,3,3,0,40-50,9.566666666666666,2.0,0.0,0.0,-1,42,8727.439999999999,0.28,0.0,0.5,0.0,0.0,0,0,0.0,0.0,0,0,0.0,17454.879999999997,2,0,0.0,17454.879999999997,2,0,0.0,0
LGS2ORD0008135,C013852,2025-03-06 10:00:00,Male,51,Bronze,TV,Chonburi,1415,TV_Show,COD,10,3,3,0,>50,47.166666666666664,3.0,2.0,0.6666666666666666,-2,9,1775.5666666666666,0.28,0.6666666666666666,0.6666666666666666,0.0,0.0,0,0,0.0,3857.99,1,1,1.0,5326.7,3,2,0.6666666666666666,5326.7,3,2,0.6666666666666666,0
LGS2ORD0008136,C016132,2025-03-06 10:00:00,Female,61,Bronze,Shopee,Khon Kaen,703,TV_Show,Bank_Transfer,10,3,3,0,>50,23.433333333333334,0.0,0.0,0.0,-1,-1,0.0,0.0,0.0,0.0,0.0,0.0,0,0,0.0,0.0,0,0,0.0,0.0,0,0,0.0,0.0,0,0,0.0,0
LGS2ORD0008137,C016465,2025-03-06 10:00:00,Female,56,Platinum,CallCenter,Chonburi,315,TV_Show,Credit_Card,10,3,3,0,>50,10.5,0.0,0.0,0.0,-1,-1,0.0,0.0,0.0,0.0,0.0,0.0,0,0,0.0,0.0,0,0,0.0,0.0,0,0,0.0,0.0,0,0,0.0,0
LGS2ORD0008138,C014383,2025-03-06 11:00:00,Male,32,Silver,CallCenter,Chiang Mai,245,CallCenter,PromptPay,11,3,3,0,30-40,8.166666666666666,0.0,0.0,0.0,-1,-1,0.0,0.0,0.0,0.0,0.0,0.0,0,0,0.0,0.0,0,0,0.0,0.0,0,0,0.0,0.0,0,0,0.0,0
LGS2ORD0008139,C013932,2025-03-06 11:00:00,Female,46,Bronze,Web,Chiang Mai,819,Lazada,COD,11,3,3,0,40-50,27.3,1.0,0.0,0.0,-1,28,6416.74,0.18,1.0,0.0,0.0,0.0,0,0,0.0,6416.74,1,0,0.0,6416.74,1,0,0.0,6416.74,1,0,0.0,0
LGS2ORD0008140,C011013,2025-03-06 11:00:00,Male,69,Platinum,TV,Nakhon Ratchasima,1013,Lazada,PromptPay,11,3,3,0,>50,33.766666666666666,0.0,0.0,0.0,-1,-1,0.0,0.0,0.0,0.0,0.0,0.0,0,0,0.0,0.0,0,0,0.0,0.0,0,0,0.0,0.0,0,0,0.0,0
LGS2ORD0008141,C010181,2025-03-06 11:00:00,Male,51,Bronze,Shopee,Phuket,1068,TV_Show,COD,11,3,3,0,>50,35.6,1.0,0.0,0.0,-1,29,4648.78,0.03,1.0,0.0,0.0,0.0,0,0,0.0,4648.78,1,0,0.0,4648.78,1,0,0.0,4648.78,1,0,0.0,0
LGS2ORD0008142,C013517,2025-03-06 11:00:00,Female,36,Silver,TV,Bangkok,419,TV_Show,COD,11,3,3,0,30-40,13.966666666666667,0.0,0.0,0.0,-1,-1,0.0,0.0,0.0,0.0,0.0,0.0,0,0,0.0,0.0,0,0,0.0,0.0,0,0,0.0,0.0,0,0,0.0,0
LGS2ORD0008143,C012129,2025-03-06 11:00:00,Male,56,Silver,TV,Khon Kaen,992,Lazada,COD,11,3,3,0,>50,33.06666666666667,1.0,0.0,0.0,-1,3,14523.25,0.2,1.0,0.0,0.0,14523.25,1,0,0.0,14523.25,1,0,0.0,14523.25,1,0,0.0,14523.25,1,0,0.0,0
LGS2ORD0008144,C011618,2025-03-06 12:00:00,Female,28,Bronze,TV,Remote_Area,443,Lazada,COD,12,3,3,0,20-30,14.766666666666667,4.0,1.0,0.25,-12,4,3171.3174999999997,0.18,0.25,0.0,0.0,877.63,1,1,1.0,3940.1400000000003,3,1,0.3333333333333333,12685.269999999999,4,1,0.25,12685.269999999999,4,1,0.25,1
LGS2ORD0008145,C015599,2025-03-06 12:00:00,Male,36,Bronze,Shopee,Bangkok,1450,Lazada,COD,12,3,3,0,30-40,48.333333333333336,1.0,0.0,0.0,-1,42,3121.16,0.08,1.0,0.0,0.0,0.0,0,0,0.0,0.0,0,0,0.0,3121.16,1,0,0.0,3121.16,1,0,0.0,0
LGS2ORD0008146,C011020,2025-03-06 12:00:00,Female,47,Bronze,Lazada,Chiang Mai,1425,Web,PromptPay,12,3,3,0,40-50,47.5,1.0,0.0,0.0,-1,56,1033.27,0.13,0.0,0.0,0.0,0.0,0,0,0.0,0.0,0,0,0.0,1033.27,1,0,0.0,1033.27,1,0,0.0,0
LGS2ORD0008147,C011947,2025-03-06 12:00:00,Female,50,Silver,Shopee,Remote_Area,588,Lazada,Bank_Transfer,12,3,3,0,40-50,19.6,1.0,0.0,0.0,-1,8,1823.91,0.25,0.0,1.0,0.0,0.0,0,0,0.0,1823.91,1,0,0.0,1823.91,1,0,0.0,1823.91,1,0,0.0,0
LGS2ORD0008148,C010900,2025-03-06 12:00:00,Female,58,Bronze,Web,Songkhla,94,Lazada,Credit_Card,12,3,3,0,>50,3.1333333333333333,4.0,2.0,0.5,1,5,10720.6875,0.28,0.5,0.25,0.0,7344.41,1,1,1.0,28133.18,3,2,0.6666666666666666,42882.75,4,2,0.5,42882.75,4,2,0.5,0
LGS2ORD0008149,C016640,2025-03-06 13:00:00,Female,43,Silver,Shopee,Phuket,1480,TV_Show,COD,13,3,3,0,40-50,49.333333333333336,2.0,0.0,0.0,-1,11,16032.18,0.25,0.5,0.5,0.0,0.0,0,0,0.0,22740.12,1,0,0.0,32064.36,2,0,0.0,32064.36,2,0,0.0,0
LGS2ORD0008150,C016280,2025-03-06 13:00:00,Female,46,Bronze,Shopee,Songkhla,213,CallCenter,COD,13,3,3,0,40-50,7.1,1.0,0.0,0.0,-1,52,3513.49,0.03,0.0,0.0,0.0,0.0,0,0,0.0,0.0,0,0,0.0,3513.49,1,0,0.0,3513.49,1,0,0.0,0
LGS2ORD0008151,C014479,2025-03-06 13:00:00,Male,55,Gold,Shopee,Bangkok,569,Web,Credit_Card,13,3,3,0,>50,18.966666666666665,1.0,0.0,0.0,-1,55,1192.78,0.28,1.0,1.0,0.0,0.0,0,0,0.0,0.0,0,0,0.0,1192.78,1,0,0.0,1192.78,1,0,0.0,1
LGS2ORD0008152,C010525,2025-03-06 13:00:00,Female,37,Gold,TV,Chiang Mai,542,Shopee,Bank_Transfer,13,3,3,0,30-40,18.066666666666666,0.0,0.0,0.0,-1,-1,0.0,0.0,0.0,0.0,0.0,0.0,0,0,0.0,0.0,0,0,0.0,0.0,0,0,0.0,0.0,0,0,0.0,1
LGS2ORD0008153,C010075,2025-03-06 13:00:00,Female,37,Bronze,TV,Bangkok,786,TV_Show,COD,13,3,3,0,30-40,26.2,3.0,0.0,0.0,-1,19,2716.806666666667,0.18,0.6666666666666666,0.0,0.0,0.0,0,0,0.0,4135.8,1,0,0.0,8150.42,3,0,0.0,8150.42,3,0,0.0,1
LGS2ORD0008154,C015452,2025-03-06 14:00:00,Female,34,Bronze,Shopee,Chonburi,357,Web,PromptPay,14,3,3,0,30-40,11.9,0.0,0.0,0.0,-1,-1,0.0,0.0,0.0,0.0,0.0,0.0,0,0,0.0,0.0,0,0,0.0,0.0,0,0,0.0,0.0,0,0,0.0,0
LGS2ORD0008155,C010787,2025-03-06 14:00:00,Female,51,Gold,CallCenter,Songkhla,252,Lazada,Credit_Card,14,3,3,0,>50,8.4,1.0,1.0,1.0,43,56,827.66,0.2299999999999999,0.0,1.0,0.0,0.0,0,0,0.0,0.0,0,0,0.0,827.66,1,1,1.0,827.66,1,1,1.0,0
LGS2ORD0008156,C013843,2025-03-06 14:00:00,Male,27,Bronze,TV,Remote_Area,569,Shopee,COD,14,3,3,0,20-30,18.966666666666665,3.0,2.0,0.6666666666666666,-9,6,1391.493333333333,0.23,1.0,0.3333333333333333,0.0,1429.81,1,1,1.0,2557.7,2,1,0.5,4174.48,3,2,0.6666666666666666,4174.48,3,2,0.6666666666666666,1
LGS2ORD0008157,C015454,2025-03-06 14:00:00,Female,30,Platinum,TV,Nakhon Ratchasima,1135,Lazada,Credit_Card,14,3,3,0,20-30,37.833333333333336,1.0,1.0,1.0,5,12,2719.71,0.1,0.0,0.0,0.0,0.0,0,0,0.0,2719.71,1,1,1.0,2719.71,1,1,1.0,2719.71,1,1,1.0,0
LGS2ORD0008158,C016858,2025-03-06 14:00:00,Male,40,Bronze,TV,Songkhla,450,Web,COD,14,3,3,0,30-40,15.0,2.0,1.0,0.5,-2,4,2966.46,0.28,0.5,1.0,0.0,3169.33,1,1,1.0,3169.33,1,1,1.0,5932.92,2,1,0.5,5932.92,2,1,0.5,0
LGS2ORD0008159,C013282,2025-03-06 15:00:00,Female,56,Gold,TV,Remote_Area,869,Lazada,COD,15,3,3,0,>50,28.966666666666665,1.0,1.0,1.0,36,42,333.04,0.2299999999999999,0.0,1.0,0.0,0.0,0,0,0.0,0.0,0,0,0.0,333.04,1,1,1.0,333.04,1,1,1.0,0
LGS2ORD0008160,C011589,2025-03-06 15:00:00,Male,43,Silver,TV,Chiang Mai,1248,TV_Show,COD,15,3,3,0,40-50,41.6,1.0,0.0,0.0,-1,59,10657.81,0.2,0.0,0.0,0.0,0.0,0,0,0.0,0.0,0,0,0.0,10657.81,1,0,0.0,10657.81,1,0,0.0,1
LGS2ORD0008161,C017273,2025-03-06 15:00:00,Male,26,Bronze,Lazada,Bangkok,1272,Lazada,COD,15,3,3,0,20-30,42.4,5.0,2.0,0.4,49,13,9808.97,0.23,0.4,0.2,0.0,0.0,0,0,0.0,38012.63,1,0,0.0,49044.85,5,2,0.4,49044.85,5,2,0.4,0
LGS2ORD0008162,C014391,2025-03-06 15:00:00,Male,23,Bronze,Web,Chiang Mai,606,TV_Show,COD,15,3,3,0,20-30,20.2,1.0,0.0,0.0,-1,20,10784.1,0.08,0.0,0.0,0.0,0.0,0,0,0.0,10784.1,1,0,0.0,10784.1,1,0,0.0,10784.1,1,0,0.0,0
LGS2ORD0008163,C012993,2025-03-06 15:00:00,Male,47,Bronze,Lazada,Nakhon Ratchasima,127,Shopee,COD,15,3,3,0,40-50,4.233333333333333,0.0,0.0,0.0,-1,-1,0.0,0.0,0.0,0.0,0.0,0.0,0,0,0.0,0.0,0,0,0.0,0.0,0,0,0.0,0.0,0,0,0.0,0
LGS2ORD0008164,C013548,2025-03-06 15:00:00,Female,50,Silver,Shopee,Bangkok,568,Shopee,COD,15,3,3,0,40-50,18.933333333333334,1.0,1.0,1.0,24,38,19158.91,0.2,0.0,0.0,0.0,0.0,0,0,0.0,0.0,0,0,0.0,19158.91,1,1,1.0,19158.91,1,1,1.0,1
LGS2ORD0008165,C014147,2025-03-06 16:00:00,Female,18,Silver,Web,Nakhon Ratchasima,1438,Web,Credit_Card,16,3,3,0,<20,47.93333333333333,0.0,0.0,0.0,-1,-1,0.0,0.0,0.0,0.0,0.0,0.0,0,0,0.0,0.0,0,0,0.0,0.0,0,0,0.0,0.0,0,0,0.0,1
LGS2ORD0008166,C015336,2025-03-06 16:00:00,Female,22,Silver,Lazada,Phuket,761,Lazada,Credit_Card,16,3,3,0,20-30,25.366666666666667,2.0,0.0,0.0,-1,10,3022.3650000000002,0.1,0.0,0.0,0.0,0.0,0,0,0.0,6044.7300000000005,2,0,0.0,6044.7300000000005,2,0,0.0,6044.7300000000005,2,0,0.0,0
LGS2ORD0008167,C014011,2025-03-06 16:00:00,Female,46,Silver,CallCenter,Phuket,1134,TV_Show,COD,16,3,3,0,40-50,37.8,1.0,0.0,0.0,-1,14,6920.44,0.1,0.0,0.0,0.0,0.0,0,0,0.0,6920.44,1,0,0.0,6920.44,1,0,0.0,6920.44,1,0,0.0,0
LGS2ORD0008168,C017284,2025-03-06 16:00:00,Female,49,Bronze,Shopee,Songkhla,560,TV_Show,Credit_Card,16,3,3,0,40-50,18.666666666666668,3.0,1.0,0.3333333333333333,17,23,2981.44,0.23,0.6666666666666666,0.3333333333333333,0.0,0.0,0,0,0.0,2593.24,1,1,1.0,8944.32,3,1,0.3333333333333333,8944.32,3,1,0.3333333333333333,0
LGS2ORD0008169,C012891,2025-03-06 16:00:00,Female,42,Bronze,TV,Phuket,551,Shopee,Credit_Card,16,3,3,0,40-50,18.366666666666667,3.0,3.0,1.0,17,20,2918.763333333334,0.18,0.3333333333333333,0.0,0.0,0.0,0,0,0.0,8756.29,3,3,1.0,8756.29,3,3,1.0,8756.29,3,3,1.0,0
LGS2ORD0008170,C011214,2025-03-06 17:00:00,Other,37,Gold,Web,Songkhla,358,Shopee,COD,17,3,3,0,30-40,11.933333333333334,1.0,0.0,0.0,-1,47,3084.97,0.18,1.0,0.0,0.0,0.0,0,0,0.0,0.0,0,0,0.0,3084.97,1,0,0.0,3084.97,1,0,0.0,0
LGS2ORD0008171,C011438,2025-03-06 17:00:00,Female,33,Gold,Web,Bangkok,1045,Lazada,PromptPay,17,3,3,0,30-40,34.833333333333336,0.0,0.0,0.0,-1,-1,0.0,0.0,0.0,0.0,0.0,0.0,0,0,0.0,0.0,0,0,0.0,0.0,0,0,0.0,0.0,0,0,0.0,1
LGS2ORD0008172,C016674,2025-03-06 17:00:00,Female,53,Bronze,Lazada,Phuket,904,TV_Show,Credit_Card,17,3,3,0,>50,30.133333333333333,1.0,1.0,1.0,48,54,393.91,0.18,1.0,0.0,0.0,0.0,0,0,0.0,0.0,0,0,0.0,393.91,1,1,1.0,393.91,1,1,1.0,0
LGS2ORD0008173,C014851,2025-03-06 17:00:00,Male,22,Silver,TV,Khon Kaen,80,Lazada,Bank_Transfer,17,3,3,0,20-30,2.6666666666666665,1.0,0.0,0.0,-1,36,2900.64,0.05,0.0,0.0,0.0,0.0,0,0,0.0,0.0,0,0,0.0,2900.64,1,0,0.0,2900.64,1,0,0.0,0
LGS2ORD0008174,C010100,2025-03-06 17:00:00,Female,30,Silver,Shopee,Songkhla,164,Shopee,PromptPay,17,3,3,0,20-30,5.466666666666667,1.0,1.0,1.0,-2,10,1041.98,0.2,1.0,0.0,0.0,0.0,0,0,0.0,1041.98,1,1,1.0,1041.98,1,1,1.0,1041.98,1,1,1.0,1
LGS2ORD0008175,C012059,2025-03-06 18:00:00,Male,22,Gold,TV,Bangkok,1065,TV_Show,Credit_Card,18,3,3,0,20-30,35.5,1.0,0.0,0.0,-1,28,9457.41,0.28,1.0,1.0,0.0,0.0,0,0,0.0,9457.41,1,0,0.0,9457.41,1,0,0.0,9457.41,1,0,0.0,0
LGS2ORD0008176,C011724,2025-03-06 18:00:00,Female,46,Silver,Web,Phuket,447,TV_Show,COD,18,3,3,0,40-50,14.9,0.0,0.0,0.0,-1,-1,0.0,0.0,0.0,0.0,0.0,0.0,0,0,0.0,0.0,0,0,0.0,0.0,0,0,0.0,0.0,0,0,0.0,1
LGS2ORD0008177,C014268,2025-03-06 18:00:00,Male,47,Gold,Shopee,Bangkok,1494,TV_Show,COD,18,3,3,0,40-50,49.8,1.0,1.0,1.0,-2,3,1040.36,0.33,1.0,1.0,0.0,1040.36,1,1,1.0,1040.36,1,1,1.0,1040.36,1,1,1.0,1040.36,1,1,1.0,1
LGS2ORD0008178,C016725,2025-03-06 18:00:00,Female,45,Bronze,Web,Songkhla,1158,TV_Show,Credit_Card,18,3,3,0,40-50,38.6,0.0,0.0,0.0,-1,-1,0.0,0.0,0.0,0.0,0.0,0.0,0,0,0.0,0.0,0,0,0.0,0.0,0,0,0.0,0.0,0,0,0.0,0
LGS2ORD0008179,C016017,2025-03-06 18:00:00,Female,41,Bronze,TV,Bangkok,98,TV_Show,Credit_Card,18,3,3,0,40-50,3.2666666666666666,0.0,0.0,0.0,-1,-1,0.0,0.0,0.0,0.0,0.0,0.0,0,0,0.0,0.0,0,0,0.0,0.0,0,0,0.0,0.0,0,0,0.0,0
LGS2ORD0008180,C012343,2025-03-06 19:00:00,Male,50,Silver,TV,Nakhon Ratchasima,539,Web,COD,19,3,3,0,40-50,17.966666666666665,0.0,0.0,0.0,-1,-1,0.0,0.0,0.0,0.0,0.0,0.0,0,0,0.0,0.0,0,0,0.0,0.0,0,0,0.0,0.0,0,0,0.0,1
LGS2ORD0008181,C011572,2025-03-06 19:00:00,Male,39,Platinum,TV,Songkhla,133,TV_Show,Credit_Card,19,3,3,0,30-40,4.433333333333334,0.0,0.0,0.0,-1,-1,0.0,0.0,0.0,0.0,0.0,0.0,0,0,0.0,0.0,0,0,0.0,0.0,0,0,0.0,0.0,0,0,0.0,0
LGS2ORD0008182,C013155,2025-03-06 19:00:00,Female,72,Silver,Lazada,Khon Kaen,257,Lazada,PromptPay,19,3,3,0,>50,8.566666666666666,1.0,1.0,1.0,11,23,7033.37,0.25,0.0,1.0,0.0,0.0,0,0,0.0,7033.37,1,1,1.0,7033.37,1,1,1.0,7033.37,1,1,1.0,0
LGS2ORD0008183,C016328,2025-03-06 19:00:00,Female,72,Silver,CallCenter,Remote_Area,314,Shopee,Bank_Transfer,19,3,3,0,>50,10.466666666666667,2.0,0.0,0.0,-1,22,11733.545,0.15,0.0,0.0,0.0,0.0,0,0,0.0,21518.87,1,0,0.0,23467.09,2,0,0.0,23467.09,2,0,0.0,1
LGS2ORD0008184,C012426,2025-03-06 19:00:00,Female,53,Bronze,TV,Chonburi,209,CallCenter,COD,19,3,3,0,>50,6.966666666666667,0.0,0.0,0.0,-1,-1,0.0,0.0,0.0,0.0,0.0,0.0,0,0,0.0,0.0,0,0,0.0,0.0,0,0,0.0,0.0,0,0,0.0,1
LGS2ORD0008185,C015415,2025-03-06 19:00:00,Female,31,Silver,CallCenter,Nakhon Ratchasima,117,Shopee,Bank_Transfer,19,3,3,0,30-40,3.9,0.0,0.0,0.0,-1,-1,0.0,0.0,0.0,0.0,0.0,0.0,0,0,0.0,0.0,0,0,0.0,0.0,0,0,0.0,0.0,0,0,0.0,1
LGS2ORD0008186,C010531,2025-03-06 20:00:00,Male,42,Bronze,Shopee,Bangkok,1440,Lazada,COD,20,3,3,0,40-50,48.0,3.0,1.0,0.3333333333333333,42,7,10472.553333333333,0.18,0.6666666666666666,0.0,0.0,0.0,0,0,0.0,15705.71,1,0,0.0,31417.66,3,1,0.3333333333333333,31417.66,3,1,0.3333333333333333,0
LGS2ORD0008187,C013535,2025-03-06 20:00:00,Male,35,Bronze,Shopee,Bangkok,598,Shopee,Credit_Card,20,3,3,0,30-40,19.933333333333334,1.0,0.0,0.0,-1,2,2919.3,0.08,0.0,0.0,0.0,2919.3,1,0,0.0,2919.3,1,0,0.0,2919.3,1,0,0.0,2919.3,1,0,0.0,0
LGS2ORD0008188,C012535,2025-03-06 20:00:00,Male,18,Bronze,TV,Chiang Mai,1239,TV_Show,Credit_Card,20,3,3,0,<20,41.3,1.0,0.0,0.0,-1,12,9133.93,0.08,1.0,0.0,0.0,0.0,0,0,0.0,9133.93,1,0,0.0,9133.93,1,0,0.0,9133.93,1,0,0.0,0
LGS2ORD0008189,C012900,2025-03-06 20:00:00,Male,41,Gold,CallCenter,Bangkok,562,TV_Show,Credit_Card,20,3,3,0,40-50,18.733333333333334,0.0,0.0,0.0,-1,-1,0.0,0.0,0.0,0.0,0.0,0.0,0,0,0.0,0.0,0,0,0.0,0.0,0,0,0.0,0.0,0,0,0.0,0
LGS2ORD0008190,C016314,2025-03-06 20:00:00,Female,30,Bronze,Shopee,Bangkok,1035,Web,PromptPay,20,3,3,0,20-30,34.5,1.0,1.0,1.0,29,40,1105.47,0.23,1.0,1.0,0.0,0.0,0,0,0.0,0.0,0,0,0.0,1105.47,1,1,1.0,1105.47,1,1,1.0,0
LGS2ORD0008191,C010569,2025-03-06 21:00:00,Female,34,Gold,CallCenter,Bangkok,785,Shopee,Credit_Card,21,3,3,0,30-40,26.166666666666668,2.0,0.0,0.0,-1,15,3805.22,0.28,0.5,0.5,0.0,0.0,0,0,0.0,5703.61,1,0,0.0,7610.44,2,0,0.0,7610.44,2,0,0.0,0
LGS2ORD0008192,C014084,2025-03-06 21:00:00,Female,40,Bronze,TV,Nakhon Ratchasima,1101,TV_Show,Bank_Transfer,21,3,3,0,30-40,36.7,1.0,0.0,0.0,-1,22,3959.22,0.03,0.0,0.0,0.0,0.0,0,0,0.0,3959.22,1,0,0.0,3959.22,1,0,0.0,3959.22,1,0,0.0,0
LGS2ORD0008193,C016012,2025-03-06 21:00:00,Male,47,Silver,Shopee,Nakhon Ratchasima,1022,CallCenter,Credit_Card,21,3,3,0,40-50,34.06666666666667,0.0,0.0,0.0,-1,-1,0.0,0.0,0.0,0.0,0.0,0.0,0,0,0.0,0.0,0,0,0.0,0.0,0,0,0.0,0.0,0,0,0.0,0
LGS2ORD0008194,C015945,2025-03-06 21:00:00,Male,44,Bronze,TV,Chonburi,1517,Lazada,Bank_Transfer,21,3,3,0,40-50,50.56666666666667,1.0,0.0,0.0,-1,10,6032.71,0.03,0.0,0.0,0.0,0.0,0,0,0.0,6032.71,1,0,0.0,6032.71,1,0,0.0,6032.71,1,0,0.0,0
LGS2ORD0008195,C015361,2025-03-06 21:00:00,Female,46,Bronze,TV,Chonburi,844,Shopee,COD,21,3,3,0,40-50,28.133333333333333,4.0,2.0,0.5,-1,6,3691.3325000000004,0.23,0.75,0.25,0.0,432.45,1,1,1.0,432.45,1,1,1.0,14765.330000000002,4,2,0.5,14765.330000000002,4,2,0.5,0
LGS2ORD0008196,C010648,2025-03-06 22:00:00,Male,32,Gold,Web,Chiang Mai,717,TV_Show,COD,22,3,3,0,30-40,23.9,2.0,0.0,0.0,-1,7,3006.6349999999998,0.33,0.5,1.0,0.0,0.0,0,0,0.0,5142.48,1,0,0.0,6013.2699999999995,2,0,0.0,6013.2699999999995,2,0,0.0,0
LGS2ORD0008197,C014016,2025-03-06 22:00:00,Female,34,Platinum,CallCenter,Chonburi,1124,Lazada,PromptPay,22,3,3,0,30-40,37.46666666666667,1.0,0.0,0.0,-1,51,1591.43,0.15,1.0,0.0,0.0,0.0,0,0,0.0,0.0,0,0,0.0,1591.43,1,0,0.0,1591.43,1,0,0.0,0
LGS2ORD0008198,C017665,2025-03-06 22:00:00,Male,57,Gold,TV,Remote_Area,1307,Lazada,PromptPay,22,3,3,0,>50,43.56666666666667,4.0,0.0,0.0,-1,2,8216.4625,0.2299999999999999,0.5,0.5,0.0,32865.85,4,0,0.0,32865.85,4,0,0.0,32865.85,4,0,0.0,32865.85,4,0,0.0,0
LGS2ORD0008199,C017671,2025-03-06 22:00:00,Male,42,Silver,TV,Remote_Area,1153,Shopee,COD,22,3,3,0,40-50,38.43333333333333,0.0,0.0,0.0,-1,-1,0.0,0.0,0.0,0.0,0.0,0.0,0,0,0.0,0.0,0,0,0.0,0.0,0,0,0.0,0.0,0,0,0.0,1
LGS2ORD0008200,C011933,2025-03-06 22:00:00,Male,43,Bronze,TV,Bangkok,1488,Lazada,COD,22,3,3,0,40-50,49.6,0.0,0.0,0.0,-1,-1,0.0,0.0,0.0,0.0,0.0,0.0,0,0,0.0,0.0,0,0,0.0,0.0,0,0,0.0,0.0,0,0,0.0,0
LGS2ORD0008201,C015642,2025-03-06 23:00:00,Male,43,Bronze,TV,Chiang Mai,172,Web,COD,23,3,3,0,40-50,5.733333333333333,0.0,0.0,0.0,-1,-1,0.0,0.0,0.0,0.0,0.0,0.0,0,0,0.0,0.0,0,0,0.0,0.0,0,0,0.0,0.0,0,0,0.0,0
LGS2ORD0008202,C016355,2025-03-06 23:00:00,Male,44,Bronze,Lazada,Bangkok,239,Lazada,Credit_Card,23,3,3,0,40-50,7.966666666666667,2.0,1.0,0.5,-4,10,3331.465,0.18,1.0,0.0,0.0,0.0,0,0,0.0,3121.79,1,1,1.0,6662.93,2,1,0.5,6662.93,2,1,0.5,0
LGS2ORD0008203,C012677,2025-03-06 23:00:00,Female,20,Bronze,Shopee,Songkhla,1155,Lazada,Credit_Card,23,3,3,0,<20,38.5,1.0,0.0,0.0,-1,18,1658.13,0.13,1.0,0.0,0.0,0.0,0,0,0.0,1658.13,1,0,0.0,1658.13,1,0,0.0,1658.13,1,0,0.0,0
LGS2ORD0008204,C016028,2025-03-06 23:00:00,Female,39,Silver,TV,Nakhon Ratchasima,744,Shopee,COD,23,3,3,0,30-40,24.8,3.0,1.0,0.3333333333333333,-1,6,4196.7266666666665,0.2,0.3333333333333333,0.0,0.0,2034.15,1,1,1.0,3592.5600000000004,2,1,0.5,12590.18,3,1,0.3333333333333333,12590.18,3,1,0.3333333333333333,0
LGS2ORD0008205,C014894,2025-03-06 23:00:00,Male,47,Silver,TV,Chonburi,741,TV_Show,PromptPay,23,3,3,0,40-50,24.7,2.0,0.0,0.0,-1,6,5645.045,0.25,0.5,0.5,0.0,10119.95,1,0,0.0,11290.09,2,0,0.0,11290.09,2,0,0.0,11290.09,2,0,0.0,0
LGS2ORD0008206,C012257,2025-03-06 23:00:00,Male,36,Platinum,CallCenter,Phuket,916,CallCenter,Credit_Card,23,3,3,0,30-40,30.533333333333335,0.0,0.0,0.0,-1,-1,0.0,0.0,0.0,0.0,0.0,0.0,0,0,0.0,0.0,0,0,0.0,0.0,0,0,0.0,0.0,0,0,0.0,0
LGS2ORD0008207,C016715,2025-03-07 00:00:00,Female,60,Silver,TV,Khon Kaen,936,Web,COD,0,3,4,0,>50,31.2,1.0,0.0,0.0,-1,31,8369.74,0.05,1.0,0.0,0.0,0.0,0,0,0.0,0.0,0,0,0.0,8369.74,1,0,0.0,8369.74,1,0,0.0,0
LGS2ORD0008208,C017001,2025-03-07 00:00:00,Male,60,Silver,TV,Bangkok,143,TV_Show,Bank_Transfer,0,3,4,0,>50,4.766666666666667,2.0,1.0,0.5,31,14,3797.175,0.15,1.0,0.0,0.0,0.0,0,0,0.0,1240.14,1,0,0.0,7594.35,2,1,0.5,7594.35,2,1,0.5,0
LGS2ORD0008209,C017334,2025-03-07 00:00:00,Male,45,Silver,Web,Remote_Area,389,Web,PromptPay,0,3,4,0,40-50,12.966666666666667,3.0,0.0,0.0,-1,15,3929.0633333333335,0.2,0.3333333333333333,0.0,0.0,0.0,0,0,0.0,8114.35,1,0,0.0,11787.19,3,0,0.0,11787.19,3,0,0.0,0
LGS2ORD0008210,C012059,2025-03-07 00:00:00,Male,22,Gold,TV,Bangkok,1066,Web,COD,0,3,4,0,20-30,35.53333333333333,2.0,0.0,0.0,-1,0,8069.625,0.28,0.5,1.0,0.0,6681.84,1,0,0.0,16139.25,2,0,0.0,16139.25,2,0,0.0,16139.25,2,0,0.0,0
LGS2ORD0008211,C015878,2025-03-07 00:00:00,Female,30,Platinum,Shopee,Bangkok,1322,Web,Credit_Card,0,3,4,0,20-30,44.06666666666667,1.0,0.0,0.0,-1,11,2061.42,0.25,0.0,1.0,0.0,0.0,0,0,0.0,2061.42,1,0,0.0,2061.42,1,0,0.0,2061.42,1,0,0.0,0
LGS2ORD0008212,C015074,2025-03-07 01:00:00,Female,55,Silver,Shopee,Nakhon Ratchasima,120,Shopee,PromptPay,1,3,4,0,>50,4.0,2.0,1.0,0.5,-9,6,1373.105,0.25,0.5,0.5,0.0,574.24,1,1,1.0,2746.21,2,1,0.5,2746.21,2,1,0.5,2746.21,2,1,0.5,0
LGS2ORD0008213,C012849,2025-03-07 01:00:00,Male,54,Platinum,Lazada,Chiang Mai,691,Web,Credit_Card,1,3,4,0,>50,23.033333333333335,1.0,0.0,0.0,-1,8,4823.21,0.15,1.0,0.0,0.0,0.0,0,0,0.0,4823.21,1,0,0.0,4823.21,1,0,0.0,4823.21,1,0,0.0,0
LGS2ORD0008214,C013144,2025-03-07 01:00:00,Female,57,Silver,Lazada,Phuket,245,TV_Show,COD,1,3,4,0,>50,8.166666666666666,2.0,0.0,0.0,-1,10,1264.0149999999999,0.2,1.0,0.0,0.0,0.0,0,0,0.0,1206.93,1,0,0.0,2528.0299999999997,2,0,0.0,2528.0299999999997,2,0,0.0,0
LGS2ORD0008215,C014145,2025-03-07 01:00:00,Female,37,Gold,TV,Khon Kaen,233,CallCenter,PromptPay,1,3,4,0,30-40,7.766666666666667,0.0,0.0,0.0,-1,-1,0.0,0.0,0.0,0.0,0.0,0.0,0,0,0.0,0.0,0,0,0.0,0.0,0,0,0.0,0.0,0,0,0.0,0
LGS2ORD0008216,C012359,2025-03-07 01:00:00,Female,72,Silver,Lazada,Bangkok,1500,Web,COD,1,3,4,0,>50,50.0,0.0,0.0,0.0,-1,-1,0.0,0.0,0.0,0.0,0.0,0.0,0,0,0.0,0.0,0,0,0.0,0.0,0,0,0.0,0.0,0,0,0.0,0
LGS2ORD0008217,C013492,2025-03-07 02:00:00,Female,51,Silver,Web,Nakhon Ratchasima,988,TV_Show,PromptPay,2,3,4,0,>50,32.93333333333333,0.0,0.0,0.0,-1,-1,0.0,0.0,0.0,0.0,0.0,0.0,0,0,0.0,0.0,0,0,0.0,0.0,0,0,0.0,0.0,0,0,0.0,0
LGS2ORD0008218,C017070,2025-03-07 02:00:00,Male,27,Platinum,TV,Songkhla,1325,Web,COD,2,3,4,0,20-30,44.166666666666664,0.0,0.0,0.0,-1,-1,0.0,0.0,0.0,0.0,0.0,0.0,0,0,0.0,0.0,0,0,0.0,0.0,0,0,0.0,0.0,0,0,0.0,0
LGS2ORD0008219,C014423,2025-03-07 02:00:00,Female,50,Gold,Lazada,Bangkok,1331,TV_Show,COD,2,3,4,0,40-50,44.36666666666667,0.0,0.0,0.0,-1,-1,0.0,0.0,0.0,0.0,0.0,0.0,0,0,0.0,0.0,0,0,0.0,0.0,0,0,0.0,0.0,0,0,0.0,0
LGS2ORD0008220,C017591,2025-03-07 02:00:00,Male,49,Bronze,Lazada,Remote_Area,920,TV_Show,Credit_Card,2,3,4,0,40-50,30.666666666666668,2.0,1.0,0.5,-10,1,8750.715,0.23,0.5,0.5,0.0,17501.43,2,1,0.5,17501.43,2,1,0.5,17501.43,2,1,0.5,17501.43,2,1,0.5,0
LGS2ORD0008221,C013458,2025-03-07 02:00:00,Female,18,Silver,Shopee,Songkhla,1122,Shopee,COD,2,3,4,0,<20,37.4,2.0,0.0,0.0,-1,15,774.925,0.3,0.5,0.5,0.0,0.0,0,0,0.0,953.86,1,0,0.0,1549.85,2,0,0.0,1549.85,2,0,0.0,0
LGS2ORD0008222,C014151,2025-03-07 03:00:00,Female,53,Bronze,TV,Phuket,147,Shopee,COD,3,3,4,0,>50,4.9,1.0,0.0,0.0,-1,38,8853.5,0.18,1.0,0.0,0.0,0.0,0,0,0.0,0.0,0,0,0.0,8853.5,1,0,0.0,8853.5,1,0,0.0,0
LGS2ORD0008223,C010118,2025-03-07 03:00:00,Male,33,Silver,Lazada,Songkhla,1319,TV_Show,Credit_Card,3,3,4,0,30-40,43.96666666666667,1.0,0.0,0.0,-1,15,22819.06,0.05,0.0,0.0,0.0,0.0,0,0,0.0,22819.06,1,0,0.0,22819.06,1,0,0.0,22819.06,1,0,0.0,0
LGS2ORD0008224,C010613,2025-03-07 03:00:00,Male,47,Silver,Lazada,Remote_Area,840,Shopee,Credit_Card,3,3,4,0,40-50,28.0,4.0,3.0,0.75,-5,6,2428.7875,0.25,0.75,0.5,0.0,2940.75,1,1,1.0,5893.2,2,2,1.0,9715.15,4,3,0.75,9715.15,4,3,0.75,0
LGS2ORD0008225,C015627,2025-03-07 03:00:00,Female,35,Bronze,TV,Bangkok,699,CallCenter,COD,3,3,4,0,30-40,23.3,2.0,0.0,0.0,-1,51,6420.8,0.13,0.5,0.0,0.0,0.0,0,0,0.0,0.0,0,0,0.0,12841.6,2,0,0.0,12841.6,2,0,0.0,0
LGS2ORD0008226,C014283,2025-03-07 03:00:00,Male,58,Gold,Lazada,Bangkok,764,TV_Show,Credit_Card,3,3,4,0,>50,25.466666666666665,2.0,1.0,0.5,18,30,1194.37,0.2299999999999999,0.5,0.5,0.0,0.0,0,0,0.0,0.0,0,0,0.0,2388.74,2,1,0.5,2388.74,2,1,0.5,0
LGS2ORD0008227,C015436,2025-03-07 03:00:00,Male,44,Silver,Lazada,Nakhon Ratchasima,1009,TV_Show,COD,3,3,4,0,40-50,33.63333333333333,1.0,0.0,0.0,-1,24,2018.25,0.25,0.0,1.0,0.0,0.0,0,0,0.0,2018.25,1,0,0.0,2018.25,1,0,0.0,2018.25,1,0,0.0,0
LGS2ORD0008228,C010240,2025-03-07 04:00:00,Female,36,Bronze,Web,Nakhon Ratchasima,1459,Shopee,COD,4,3,4,0,30-40,48.63333333333333,1.0,0.0,0.0,-1,30,15651.32,0.28,1.0,1.0,0.0,0.0,0,0,0.0,15651.32,1,0,0.0,15651.32,1,0,0.0,15651.32,1,0,0.0,0
LGS2ORD0008229,C011891,2025-03-07 04:00:00,Female,21,Bronze,Web,Bangkok,1108,Shopee,PromptPay,4,3,4,0,20-30,36.93333333333333,1.0,0.0,0.0,-1,49,5557.12,0.08,1.0,0.0,0.0,0.0,0,0,0.0,0.0,0,0,0.0,5557.12,1,0,0.0,5557.12,1,0,0.0,0
LGS2ORD0008230,C016117,2025-03-07 04:00:00,Female,55,Bronze,TV,Nakhon Ratchasima,1064,TV_Show,Credit_Card,4,3,4,0,>50,35.46666666666667,0.0,0.0,0.0,-1,-1,0.0,0.0,0.0,0.0,0.0,0.0,0,0,0.0,0.0,0,0,0.0,0.0,0,0,0.0,0.0,0,0,0.0,1
LGS2ORD0008231,C014086,2025-03-07 04:00:00,Male,50,Bronze,Web,Chonburi,979,CallCenter,Bank_Transfer,4,3,4,0,40-50,32.63333333333333,2.0,0.0,0.0,-1,10,6873.135,0.08,0.0,0.0,0.0,0.0,0,0,0.0,5665.94,1,0,0.0,13746.27,2,0,0.0,13746.27,2,0,0.0,1
LGS2ORD0008232,C016448,2025-03-07 04:00:00,Female,44,Bronze,Lazada,Bangkok,1504,CallCenter,COD,4,3,4,0,40-50,50.13333333333333,1.0,0.0,0.0,-1,33,3031.88,0.18,0.0,0.0,0.0,0.0,0,0,0.0,0.0,0,0,0.0,3031.88,1,0,0.0,3031.88,1,0,0.0,0
LGS2ORD0008233,C012758,2025-03-07 05:00:00,Female,47,Silver,CallCenter,Bangkok,1267,Lazada,COD,5,3,4,0,40-50,42.233333333333334,1.0,0.0,0.0,-1,53,7361.63,0.25,1.0,1.0,0.0,0.0,0,0,0.0,0.0,0,0,0.0,7361.63,1,0,0.0,7361.63,1,0,0.0,0
LGS2ORD0008234,C017891,2025-03-07 05:00:00,Male,40,Bronze,Shopee,Bangkok,241,Lazada,COD,5,3,4,0,30-40,8.033333333333333,1.0,1.0,1.0,24,40,770.46,0.28,0.0,1.0,0.0,0.0,0,0,0.0,0.0,0,0,0.0,770.46,1,1,1.0,770.46,1,1,1.0,1
LGS2ORD0008235,C015573,2025-03-07 05:00:00,Female,45,Silver,Shopee,Bangkok,1474,TV_Show,Credit_Card,5,3,4,0,40-50,49.13333333333333,2.0,0.0,0.0,-1,6,1660.0,0.2,1.0,0.0,0.0,2611.64,1,0,0.0,2611.64,1,0,0.0,3320.0,2,0,0.0,3320.0,2,0,0.0,1
LGS2ORD0008236,C016005,2025-03-07 05:00:00,Female,18,Bronze,TV,Bangkok,648,Shopee,Credit_Card,5,3,4,0,<20,21.6,0.0,0.0,0.0,-1,-1,0.0,0.0,0.0,0.0,0.0,0.0,0,0,0.0,0.0,0,0,0.0,0.0,0,0,0.0,0.0,0,0,0.0,1
LGS2ORD0008237,C014622,2025-03-07 05:00:00,Male,49,Silver,Shopee,Remote_Area,1019,Shopee,COD,5,3,4,0,40-50,33.96666666666667,4.0,0.0,0.0,-1,18,1716.7375,0.2,0.25,0.0,0.0,0.0,0,0,0.0,3772.04,1,0,0.0,6866.95,4,0,0.0,6866.95,4,0,0.0,0
LGS2ORD0008238,C013487,2025-03-07 06:00:00,Male,55,Bronze,Web,Bangkok,437,Shopee,COD,6,3,4,0,>50,14.566666666666666,2.0,0.0,0.0,-1,40,12317.800000000001,0.18,0.5,0.0,0.0,0.0,0,0,0.0,0.0,0,0,0.0,24635.600000000002,2,0,0.0,24635.600000000002,2,0,0.0,1
LGS2ORD0008239,C013584,2025-03-07 06:00:00,Female,55,Gold,CallCenter,Bangkok,1524,Shopee,PromptPay,6,3,4,0,>50,50.8,1.0,0.0,0.0,-1,16,1648.05,0.18,1.0,0.0,0.0,0.0,0,0,0.0,1648.05,1,0,0.0,1648.05,1,0,0.0,1648.05,1,0,0.0,0
LGS2ORD0008240,C012978,2025-03-07 06:00:00,Female,50,Silver,Shopee,Khon Kaen,110,Web,COD,6,3,4,0,40-50,3.6666666666666665,0.0,0.0,0.0,-1,-1,0.0,0.0,0.0,0.0,0.0,0.0,0,0,0.0,0.0,0,0,0.0,0.0,0,0,0.0,0.0,0,0,0.0,0
LGS2ORD0008241,C012924,2025-03-07 06:00:00,Female,61,Bronze,Lazada,Remote_Area,203,Shopee,Credit_Card,6,3,4,0,>50,6.766666666666667,1.0,1.0,1.0,44,53,2699.05,0.18,1.0,0.0,0.0,0.0,0,0,0.0,0.0,0,0,0.0,2699.05,1,1,1.0,2699.05,1,1,1.0,1
LGS2ORD0008242,C013067,2025-03-07 06:00:00,Female,33,Gold,Lazada,Bangkok,1176,Lazada,COD,6,3,4,0,30-40,39.2,0.0,0.0,0.0,-1,-1,0.0,0.0,0.0,0.0,0.0,0.0,0,0,0.0,0.0,0,0,0.0,0.0,0,0,0.0,0.0,0,0,0.0,0
LGS2ORD0008243,C012402,2025-03-07 07:00:00,Male,41,Silver,Shopee,Chonburi,895,TV_Show,COD,7,3,4,0,40-50,29.833333333333332,0.0,0.0,0.0,-1,-1,0.0,0.0,0.0,0.0,0.0,0.0,0,0,0.0,0.0,0,0,0.0,0.0,0,0,0.0,0.0,0,0,0.0,1
LGS2ORD0008244,C011924,2025-03-07 07:00:00,Female,32,Bronze,TV,Chonburi,340,Web,Credit_Card,7,3,4,0,30-40,11.333333333333334,1.0,1.0,1.0,40,54,15289.87,0.23,0.0,1.0,0.0,0.0,0,0,0.0,0.0,0,0,0.0,15289.87,1,1,1.0,15289.87,1,1,1.0,1
LGS2ORD0008245,C011313,2025-03-07 07:00:00,Male,42,Bronze,Web,Bangkok,551,TV_Show,Credit_Card,7,3,4,0,40-50,18.366666666666667,1.0,0.0,0.0,-1,28,4762.57,0.18,0.0,0.0,0.0,0.0,0,0,0.0,4762.57,1,0,0.0,4762.57,1,0,0.0,4762.57,1,0,0.0,0
LGS2ORD0008246,C016629,2025-03-07 07:00:00,Male,29,Gold,Web,Bangkok,544,TV_Show,Credit_Card,7,3,4,0,20-30,18.133333333333333,2.0,0.0,0.0,-1,3,8322.79,0.13,0.5,0.0,0.0,10439.49,1,0,0.0,10439.49,1,0,0.0,16645.58,2,0,0.0,16645.58,2,0,0.0,1
LGS2ORD0008247,C016485,2025-03-07 07:00:00,Male,38,Silver,Shopee,Songkhla,1321,Web,Credit_Card,7,3,4,0,30-40,44.03333333333333,1.0,1.0,1.0,48,51,411.3,0.3,1.0,1.0,0.0,0.0,0,0,0.0,0.0,0,0,0.0,411.3,1,1,1.0,411.3,1,1,1.0,1
LGS2ORD0008248,C014882,2025-03-07 07:00:00,Male,51,Bronze,Lazada,Remote_Area,1288,CallCenter,Credit_Card,7,3,4,0,>50,42.93333333333333,1.0,1.0,1.0,49,61,3453.35,0.18,0.0,0.0,0.0,0.0,0,0,0.0,0.0,0,0,0.0,3453.35,1,1,1.0,3453.35,1,1,1.0,0
LGS2ORD0008249,C013992,2025-03-07 08:00:00,Male,36,Bronze,CallCenter,Bangkok,1280,CallCenter,COD,8,3,4,0,30-40,42.666666666666664,0.0,0.0,0.0,-1,-1,0.0,0.0,0.0,0.0,0.0,0.0,0,0,0.0,0.0,0,0,0.0,0.0,0,0,0.0,0.0,0,0,0.0,0
LGS2ORD0008250,C012782,2025-03-07 08:00:00,Male,52,Silver,TV,Khon Kaen,771,Shopee,COD,8,3,4,0,>50,25.7,0.0,0.0,0.0,-1,-1,0.0,0.0,0.0,0.0,0.0,0.0,0,0,0.0,0.0,0,0,0.0,0.0,0,0,0.0,0.0,0,0,0.0,0
LGS2ORD0008251,C011074,2025-03-07 08:00:00,Other,44,Silver,Web,Bangkok,187,Web,Credit_Card,8,3,4,0,40-50,6.233333333333333,0.0,0.0,0.0,-1,-1,0.0,0.0,0.0,0.0,0.0,0.0,0,0,0.0,0.0,0,0,0.0,0.0,0,0,0.0,0.0,0,0,0.0,0
LGS2ORD0008252,C015338,2025-03-07 08:00:00,Female,45,Silver,Web,Chonburi,273,TV_Show,PromptPay,8,3,4,0,40-50,9.1,1.0,0.0,0.0,-1,2,577.77,0.15,0.0,0.0,0.0,577.77,1,0,0.0,577.77,1,0,0.0,577.77,1,0,0.0,577.77,1,0,0.0,0
LGS2ORD0008253,C012282,2025-03-07 08:00:00,Female,20,Silver,TV,Phuket,832,Web,COD,8,3,4,0,<20,27.733333333333334,0.0,0.0,0.0,-1,-1,0.0,0.0,0.0,0.0,0.0,0.0,0,0,0.0,0.0,0,0,0.0,0.0,0,0,0.0,0.0,0,0,0.0,1
LGS2ORD0008254,C011479,2025-03-07 09:00:00,Male,43,Bronze,Shopee,Songkhla,295,Lazada,COD,9,3,4,0,40-50,9.833333333333334,1.0,0.0,0.0,-1,44,21123.6,0.03,0.0,0.0,0.0,0.0,0,0,0.0,0.0,0,0,0.0,21123.6,1,0,0.0,21123.6,1,0,0.0,1
LGS2ORD0008255,C012470,2025-03-07 09:00:00,Female,28,Bronze,Shopee,Bangkok,781,TV_Show,COD,9,3,4,0,20-30,26.033333333333335,3.0,0.0,0.0,-1,24,6589.8,0.18,0.6666666666666666,0.0,0.0,0.0,0,0,0.0,6190.98,2,0,0.0,19769.4,3,0,0.0,19769.4,3,0,0.0,0
LGS2ORD0008256,C016643,2025-03-07 09:00:00,Female,50,Bronze,CallCenter,Bangkok,823,Lazada,PromptPay,9,3,4,0,40-50,27.433333333333334,2.0,0.0,0.0,-1,29,12147.83,0.28,0.0,0.5,0.0,0.0,0,0,0.0,18721.97,1,0,0.0,24295.66,2,0,0.0,24295.66,2,0,0.0,0
LGS2ORD0008257,C015536,2025-03-07 09:00:00,Male,51,Silver,Lazada,Phuket,611,TV_Show,Credit_Card,9,3,4,0,>50,20.366666666666667,3.0,0.0,0.0,-1,34,3572.34,0.05,0.3333333333333333,0.0,0.0,0.0,0,0,0.0,0.0,0,0,0.0,10717.02,3,0,0.0,10717.02,3,0,0.0,0
LGS2ORD0008258,C016650,2025-03-07 09:00:00,Male,53,Silver,Web,Bangkok,1023,Web,COD,9,3,4,0,>50,34.1,2.0,0.0,0.0,-1,24,23689.649999999998,0.15,0.5,0.0,0.0,0.0,0,0,0.0,47379.299999999996,2,0,0.0,47379.299999999996,2,0,0.0,47379.299999999996,2,0,0.0,0
LGS2ORD0008259,C016072,2025-03-07 10:00:00,Female,18,Platinum,Web,Bangkok,864,Shopee,Credit_Card,10,3,4,0,<20,28.8,0.0,0.0,0.0,-1,-1,0.0,0.0,0.0,0.0,0.0,0.0,0,0,0.0,0.0,0,0,0.0,0.0,0,0,0.0,0.0,0,0,0.0,0
LGS2ORD0008260,C016252,2025-03-07 10:00:00,Male,62,Bronze,Shopee,Nakhon Ratchasima,1372,Web,COD,10,3,4,0,>50,45.733333333333334,2.0,0.0,0.0,-1,50,8050.57,0.23,0.5,0.5,0.0,0.0,0,0,0.0,0.0,0,0,0.0,16101.14,2,0,0.0,16101.14,2,0,0.0,0
LGS2ORD0008261,C011359,2025-03-07 10:00:00,Male,23,Silver,Web,Chonburi,1341,Shopee,COD,10,3,4,0,20-30,44.7,2.0,1.0,0.5,50,14,1754.6750000000002,0.2,0.0,0.0,0.0,0.0,0,0,0.0,3080.55,1,0,0.0,3509.3500000000004,2,1,0.5,3509.3500000000004,2,1,0.5,0
LGS2ORD0008262,C017051,2025-03-07 10:00:00,Male,54,Bronze,Lazada,Nakhon Ratchasima,1261,Shopee,COD,10,3,4,0,>50,42.03333333333333,1.0,1.0,1.0,42,44,1244.67,0.08,0.0,0.0,0.0,0.0,0,0,0.0,0.0,0,0,0.0,1244.67,1,1,1.0,1244.67,1,1,1.0,1
LGS2ORD0008263,C017565,2025-03-07 10:00:00,Male,59,Gold,Lazada,Phuket,317,CallCenter,Bank_Transfer,10,3,4,0,>50,10.566666666666666,1.0,1.0,1.0,36,46,8636.86,0.2299999999999999,1.0,1.0,0.0,0.0,0,0,0.0,0.0,0,0,0.0,8636.86,1,1,1.0,8636.86,1,1,1.0,0
LGS2ORD0008264,C010043,2025-03-07 10:00:00,Female,20,Platinum,Web,Chonburi,400,TV_Show,Credit_Card,10,3,4,0,<20,13.333333333333334,0.0,0.0,0.0,-1,-1,0.0,0.0,0.0,0.0,0.0,0.0,0,0,0.0,0.0,0,0,0.0,0.0,0,0,0.0,0.0,0,0,0.0,0
LGS2ORD0008265,C017964,2025-03-07 11:00:00,Male,49,Platinum,Shopee,Bangkok,1047,Web,COD,11,3,4,0,40-50,34.9,1.0,0.0,0.0,-1,45,7559.2,0.1,0.0,0.0,0.0,0.0,0,0,0.0,0.0,0,0,0.0,7559.2,1,0,0.0,7559.2,1,0,0.0,0
LGS2ORD0008266,C010369,2025-03-07 11:00:00,Male,49,Bronze,CallCenter,Bangkok,836,TV_Show,Bank_Transfer,11,3,4,0,40-50,27.866666666666667,0.0,0.0,0.0,-1,-1,0.0,0.0,0.0,0.0,0.0,0.0,0,0,0.0,0.0,0,0,0.0,0.0,0,0,0.0,0.0,0,0,0.0,0
LGS2ORD0008267,C010733,2025-03-07 11:00:00,Female,51,Silver,Lazada,Bangkok,273,Shopee,PromptPay,11,3,4,0,>50,9.1,1.0,1.0,1.0,32,42,27138.74,0.15,0.0,0.0,0.0,0.0,0,0,0.0,0.0,0,0,0.0,27138.74,1,1,1.0,27138.74,1,1,1.0,0
LGS2ORD0008268,C013397,2025-03-07 11:00:00,Female,37,Bronze,Web,Khon Kaen,1184,TV_Show,COD,11,3,4,0,30-40,39.46666666666667,1.0,0.0,0.0,-1,36,1003.79,0.23,1.0,1.0,0.0,0.0,0,0,0.0,0.0,0,0,0.0,1003.79,1,0,0.0,1003.79,1,0,0.0,0
LGS2ORD0008269,C010365,2025-03-07 11:00:00,Female,18,Bronze,Web,Chonburi,1214,TV_Show,COD,11,3,4,0,<20,40.46666666666667,2.0,1.0,0.5,5,12,5009.125,0.18,0.5,0.0,0.0,0.0,0,0,0.0,2820.42,1,1,1.0,10018.25,2,1,0.5,10018.25,2,1,0.5,0
LGS2ORD0008270,C016443,2025-03-07 12:00:00,Male,44,Silver,Web,Bangkok,1504,Web,COD,12,3,4,0,40-50,50.13333333333333,2.0,1.0,0.5,22,31,2076.42,0.1,0.5,0.0,0.0,0.0,0,0,0.0,0.0,0,0,0.0,4152.84,2,1,0.5,4152.84,2,1,0.5,0
LGS2ORD0008271,C015100,2025-03-07 12:00:00,Female,41,Bronze,Web,Chiang Mai,1453,Lazada,COD,12,3,4,0,40-50,48.43333333333333,0.0,0.0,0.0,-1,-1,0.0,0.0,0.0,0.0,0.0,0.0,0,0,0.0,0.0,0,0,0.0,0.0,0,0,0.0,0.0,0,0,0.0,0
LGS2ORD0008272,C014840,2025-03-07 12:00:00,Female,47,Bronze,CallCenter,Chonburi,864,Web,COD,12,3,4,0,40-50,28.8,0.0,0.0,0.0,-1,-1,0.0,0.0,0.0,0.0,0.0,0.0,0,0,0.0,0.0,0,0,0.0,0.0,0,0,0.0,0.0,0,0,0.0,1
LGS2ORD0008273,C014408,2025-03-07 12:00:00,Female,27,Silver,Shopee,Songkhla,470,TV_Show,Credit_Card,12,3,4,0,20-30,15.666666666666666,2.0,0.0,0.0,-1,3,1971.27,0.3,1.0,1.0,0.0,2227.92,1,0,0.0,2227.92,1,0,0.0,3942.54,2,0,0.0,3942.54,2,0,0.0,0
LGS2ORD0008274,C015558,2025-03-07 12:00:00,Female,43,Gold,TV,Bangkok,133,Shopee,Credit_Card,12,3,4,0,40-50,4.433333333333334,0.0,0.0,0.0,-1,-1,0.0,0.0,0.0,0.0,0.0,0.0,0,0,0.0,0.0,0,0,0.0,0.0,0,0,0.0,0.0,0,0,0.0,0
LGS2ORD0008275,C010636,2025-03-07 13:00:00,Male,37,Silver,TV,Phuket,1226,CallCenter,COD,13,3,4,0,30-40,40.86666666666667,1.0,0.0,0.0,-1,2,1510.78,0.25,0.0,1.0,0.0,1510.78,1,0,0.0,1510.78,1,0,0.0,1510.78,1,0,0.0,1510.78,1,0,0.0,1
LGS2ORD0008276,C017671,2025-03-07 13:00:00,Male,42,Silver,TV,Remote_Area,1154,CallCenter,PromptPay,13,3,4,0,40-50,38.46666666666667,1.0,1.0,1.0,-7,0,6795.09,0.15,1.0,0.0,0.0,6795.09,1,1,1.0,6795.09,1,1,1.0,6795.09,1,1,1.0,6795.09,1,1,1.0,0
LGS2ORD0008277,C011380,2025-03-07 13:00:00,Female,26,Bronze,Shopee,Khon Kaen,1327,Lazada,Credit_Card,13,3,4,0,20-30,44.233333333333334,2.0,1.0,0.5,3,14,6284.715,0.23,1.0,0.5,0.0,0.0,0,0,0.0,1802.81,1,1,1.0,12569.43,2,1,0.5,12569.43,2,1,0.5,0
LGS2ORD0008278,C015216,2025-03-07 13:00:00,Female,45,Bronze,TV,Chiang Mai,679,Web,COD,13,3,4,0,40-50,22.633333333333333,1.0,0.0,0.0,-1,35,9141.67,0.18,0.0,0.0,0.0,0.0,0,0,0.0,0.0,0,0,0.0,9141.67,1,0,0.0,9141.67,1,0,0.0,0
LGS2ORD0008279,C010362,2025-03-07 13:00:00,Male,45,Bronze,Shopee,Remote_Area,712,Shopee,COD,13,3,4,0,40-50,23.733333333333334,2.0,0.0,0.0,-1,10,3432.13,0.23,1.0,0.5,0.0,0.0,0,0,0.0,1415.2,1,0,0.0,6864.26,2,0,0.0,6864.26,2,0,0.0,0
LGS2ORD0008280,C013990,2025-03-07 14:00:00,Female,38,Silver,Lazada,Nakhon Ratchasima,1230,CallCenter,COD,14,3,4,0,30-40,41.0,0.0,0.0,0.0,-1,-1,0.0,0.0,0.0,0.0,0.0,0.0,0,0,0.0,0.0,0,0,0.0,0.0,0,0,0.0,0.0,0,0,0.0,0
LGS2ORD0008281,C016744,2025-03-07 14:00:00,Female,27,Bronze,Web,Khon Kaen,1322,Web,PromptPay,14,3,4,0,20-30,44.06666666666667,1.0,0.0,0.0,-1,35,5113.48,0.13,1.0,0.0,0.0,0.0,0,0,0.0,0.0,0,0,0.0,5113.48,1,0,0.0,5113.48,1,0,0.0,0
LGS2ORD0008282,C012555,2025-03-07 14:00:00,Female,36,Gold,CallCenter,Bangkok,151,Shopee,COD,14,3,4,0,30-40,5.033333333333333,1.0,1.0,1.0,5,21,1075.38,0.33,1.0,1.0,0.0,0.0,0,0,0.0,1075.38,1,1,1.0,1075.38,1,1,1.0,1075.38,1,1,1.0,0
LGS2ORD0008283,C017086,2025-03-07 14:00:00,Male,26,Silver,Web,Chonburi,1263,CallCenter,PromptPay,14,3,4,0,20-30,42.1,1.0,0.0,0.0,-1,13,580.92,0.05,1.0,0.0,0.0,0.0,0,0,0.0,580.92,1,0,0.0,580.92,1,0,0.0,580.92,1,0,0.0,0
LGS2ORD0008284,C017711,2025-03-07 14:00:00,Male,47,Bronze,Shopee,Remote_Area,718,Web,Bank_Transfer,14,3,4,0,40-50,23.933333333333334,2.0,2.0,1.0,12,19,1805.98,0.28,0.0,1.0,0.0,0.0,0,0,0.0,1721.78,1,1,1.0,3611.96,2,2,1.0,3611.96,2,2,1.0,0
LGS2ORD0008285,C016644,2025-03-07 14:00:00,Female,32,Platinum,TV,Bangkok,1457,CallCenter,COD,14,3,4,0,30-40,48.56666666666667,0.0,0.0,0.0,-1,-1,0.0,0.0,0.0,0.0,0.0,0.0,0,0,0.0,0.0,0,0,0.0,0.0,0,0,0.0,0.0,0,0,0.0,0
LGS2ORD0008286,C011487,2025-03-07 15:00:00,Female,31,Silver,Web,Remote_Area,1216,TV_Show,Credit_Card,15,3,4,0,30-40,40.53333333333333,2.0,1.0,0.5,50,16,9125.845,0.25,0.5,0.5,0.0,0.0,0,0,0.0,12718.23,1,0,0.0,18251.69,2,1,0.5,18251.69,2,1,0.5,0
LGS2ORD0008287,C016156,2025-03-07 15:00:00,Female,28,Gold,Web,Nakhon Ratchasima,1238,TV_Show,COD,15,3,4,0,20-30,41.266666666666666,0.0,0.0,0.0,-1,-1,0.0,0.0,0.0,0.0,0.0,0.0,0,0,0.0,0.0,0,0,0.0,0.0,0,0,0.0,0.0,0,0,0.0,1
LGS2ORD0008288,C011165,2025-03-07 15:00:00,Female,58,Silver,Web,Remote_Area,753,Web,COD,15,3,4,0,>50,25.1,2.0,1.0,0.5,8,17,5987.925,0.25,0.5,0.5,0.0,0.0,0,0,0.0,10640.25,1,1,1.0,11975.85,2,1,0.5,11975.85,2,1,0.5,0
LGS2ORD0008289,C010038,2025-03-07 15:00:00,Female,47,Silver,Shopee,Bangkok,128,Shopee,PromptPay,15,3,4,0,40-50,4.266666666666667,0.0,0.0,0.0,-1,-1,0.0,0.0,0.0,0.0,0.0,0.0,0,0,0.0,0.0,0,0,0.0,0.0,0,0,0.0,0.0,0,0,0.0,1
LGS2ORD0008290,C016748,2025-03-07 15:00:00,Male,29,Silver,Web,Chonburi,656,CallCenter,PromptPay,15,3,4,0,20-30,21.866666666666667,1.0,0.0,0.0,-1,43,4350.49,0.05,1.0,0.0,0.0,0.0,0,0,0.0,0.0,0,0,0.0,4350.49,1,0,0.0,4350.49,1,0,0.0,0
LGS2ORD0008291,C013471,2025-03-07 16:00:00,Female,36,Bronze,Lazada,Bangkok,284,TV_Show,COD,16,3,4,0,30-40,9.466666666666667,0.0,0.0,0.0,-1,-1,0.0,0.0,0.0,0.0,0.0,0.0,0,0,0.0,0.0,0,0,0.0,0.0,0,0,0.0,0.0,0,0,0.0,1
LGS2ORD0008292,C010660,2025-03-07 16:00:00,Male,20,Bronze,Shopee,Chiang Mai,1417,Lazada,Credit_Card,16,3,4,0,<20,47.233333333333334,1.0,0.0,0.0,-1,59,1675.99,0.23,0.0,1.0,0.0,0.0,0,0,0.0,0.0,0,0,0.0,1675.99,1,0,0.0,1675.99,1,0,0.0,0
LGS2ORD0008293,C013437,2025-03-07 16:00:00,Female,39,Silver,Web,Khon Kaen,868,TV_Show,Credit_Card,16,3,4,0,30-40,28.933333333333334,2.0,0.0,0.0,-1,4,9137.6,0.15,0.5,0.0,0.0,16813.05,1,0,0.0,18275.2,2,0,0.0,18275.2,2,0,0.0,18275.2,2,0,0.0,0
LGS2ORD0008294,C016659,2025-03-07 16:00:00,Female,52,Gold,Web,Songkhla,303,Shopee,COD,16,3,4,0,>50,10.1,2.0,1.0,0.5,3,15,2205.395,0.28,0.5,0.5,0.0,0.0,0,0,0.0,677.13,1,1,1.0,4410.79,2,1,0.5,4410.79,2,1,0.5,1
LGS2ORD0008295,C011143,2025-03-07 16:00:00,Male,55,Gold,Shopee,Nakhon Ratchasima,730,Web,PromptPay,16,3,4,0,>50,24.333333333333332,2.0,0.0,0.0,-1,14,3035.215,0.08,0.5,0.0,0.0,0.0,0,0,0.0,5088.8,1,0,0.0,6070.43,2,0,0.0,6070.43,2,0,0.0,0
LGS2ORD0008296,C016916,2025-03-07 17:00:00,Female,56,Silver,TV,Remote_Area,521,CallCenter,COD,17,3,4,0,>50,17.366666666666667,2.0,0.0,0.0,-1,3,4254.0,0.15,0.5,0.0,0.0,8508.0,2,0,0.0,8508.0,2,0,0.0,8508.0,2,0,0.0,8508.0,2,0,0.0,1
LGS2ORD0008297,C015935,2025-03-07 17:00:00,Female,38,Bronze,TV,Songkhla,388,Web,COD,17,3,4,0,30-40,12.933333333333334,2.0,1.0,0.5,28,33,5927.155,0.18,0.5,0.0,0.0,0.0,0,0,0.0,0.0,0,0,0.0,11854.31,2,1,0.5,11854.31,2,1,0.5,0
LGS2ORD0008298,C012425,2025-03-07 17:00:00,Male,49,Gold,TV,Nakhon Ratchasima,1151,Shopee,COD,17,3,4,0,40-50,38.36666666666667,0.0,0.0,0.0,-1,-1,0.0,0.0,0.0,0.0,0.0,0.0,0,0,0.0,0.0,0,0,0.0,0.0,0,0,0.0,0.0,0,0,0.0,0
LGS2ORD0008299,C013878,2025-03-07 17:00:00,Male,31,Gold,TV,Chiang Mai,949,Shopee,Credit_Card,17,3,4,0,30-40,31.633333333333333,1.0,0.0,0.0,-1,45,7126.44,0.08,0.0,0.0,0.0,0.0,0,0,0.0,0.0,0,0,0.0,7126.44,1,0,0.0,7126.44,1,0,0.0,0
LGS2ORD0008300,C013372,2025-03-07 17:00:00,Female,67,Gold,Web,Phuket,1354,Lazada,COD,17,3,4,0,>50,45.13333333333333,0.0,0.0,0.0,-1,-1,0.0,0.0,0.0,0.0,0.0,0.0,0,0,0.0,0.0,0,0,0.0,0.0,0,0,0.0,0.0,0,0,0.0,0
LGS2ORD0008301,C015577,2025-03-07 18:00:00,Male,29,Silver,CallCenter,Nakhon Ratchasima,1202,Web,COD,18,3,4,0,20-30,40.06666666666667,1.0,0.0,0.0,-1,28,3061.47,0.05,1.0,0.0,0.0,0.0,0,0,0.0,3061.47,1,0,0.0,3061.47,1,0,0.0,3061.47,1,0,0.0,1
LGS2ORD0008302,C015038,2025-03-07 18:00:00,Female,72,Silver,Shopee,Nakhon Ratchasima,1047,Web,COD,18,3,4,0,>50,34.9,0.0,0.0,0.0,-1,-1,0.0,0.0,0.0,0.0,0.0,0.0,0,0,0.0,0.0,0,0,0.0,0.0,0,0,0.0,0.0,0,0,0.0,0
LGS2ORD0008303,C017049,2025-03-07 18:00:00,Female,42,Bronze,Web,Songkhla,1113,Shopee,Credit_Card,18,3,4,0,40-50,37.1,0.0,0.0,0.0,-1,-1,0.0,0.0,0.0,0.0,0.0,0.0,0,0,0.0,0.0,0,0,0.0,0.0,0,0,0.0,0.0,0,0,0.0,0
LGS2ORD0008304,C010682,2025-03-07 18:00:00,Male,56,Bronze,Web,Bangkok,1220,CallCenter,PromptPay,18,3,4,0,>50,40.666666666666664,1.0,0.0,0.0,-1,64,653.21,0.03,0.0,0.0,0.0,0.0,0,0,0.0,0.0,0,0,0.0,653.21,1,0,0.0,653.21,1,0,0.0,1
LGS2ORD0008305,C014588,2025-03-07 18:00:00,Female,29,Silver,Web,Chonburi,1374,Lazada,COD,18,3,4,0,20-30,45.8,3.0,1.0,0.3333333333333333,29,31,2653.75,0.25,0.3333333333333333,0.3333333333333333,0.0,0.0,0,0,0.0,0.0,0,0,0.0,7961.25,3,1,0.3333333333333333,7961.25,3,1,0.3333333333333333,0
LGS2ORD0008306,C016526,2025-03-07 18:00:00,Female,57,Silver,Lazada,Khon Kaen,131,TV_Show,COD,18,3,4,0,>50,4.366666666666666,3.0,0.0,0.0,-1,10,4367.490000000001,0.05,0.6666666666666666,0.0,0.0,0.0,0,0,0.0,2303.09,1,0,0.0,13102.470000000001,3,0,0.0,13102.470000000001,3,0,0.0,0
LGS2ORD0008307,C015596,2025-03-07 19:00:00,Female,29,Bronze,CallCenter,Bangkok,514,Web,PromptPay,19,3,4,0,20-30,17.133333333333333,1.0,1.0,1.0,50,53,15254.33,0.23,0.0,1.0,0.0,0.0,0,0,0.0,0.0,0,0,0.0,15254.33,1,1,1.0,15254.33,1,1,1.0,0
LGS2ORD0008308,C010615,2025-03-07 19:00:00,Female,40,Platinum,TV,Nakhon Ratchasima,339,Web,COD,19,3,4,0,30-40,11.3,1.0,0.0,0.0,-1,11,20427.33,0.15,0.0,0.0,0.0,0.0,0,0,0.0,20427.33,1,0,0.0,20427.33,1,0,0.0,20427.33,1,0,0.0,0
LGS2ORD0008309,C011203,2025-03-07 19:00:00,Female,46,Bronze,TV,Songkhla,1235,Shopee,PromptPay,19,3,4,0,40-50,41.166666666666664,0.0,0.0,0.0,-1,-1,0.0,0.0,0.0,0.0,0.0,0.0,0,0,0.0,0.0,0,0,0.0,0.0,0,0,0.0,0.0,0,0,0.0,0
LGS2ORD0008310,C011145,2025-03-07 19:00:00,Male,68,Gold,Web,Chonburi,343,Shopee,Credit_Card,19,3,4,0,>50,11.433333333333334,1.0,0.0,0.0,-1,54,1125.97,0.08,0.0,0.0,0.0,0.0,0,0,0.0,0.0,0,0,0.0,1125.97,1,0,0.0,1125.97,1,0,0.0,0
LGS2ORD0008311,C014637,2025-03-07 19:00:00,Female,44,Bronze,Web,Bangkok,1113,Lazada,COD,19,3,4,0,40-50,37.1,2.0,0.0,0.0,-1,24,8866.574999999999,0.13,0.0,0.0,0.0,0.0,0,0,0.0,16914.67,1,0,0.0,17733.149999999998,2,0,0.0,17733.149999999998,2,0,0.0,0
LGS2ORD0008312,C014701,2025-03-07 20:00:00,Female,63,Bronze,Lazada,Bangkok,1492,Web,COD,20,3,4,0,>50,49.733333333333334,1.0,0.0,0.0,-1,55,1373.79,0.18,1.0,0.0,0.0,0.0,0,0,0.0,0.0,0,0,0.0,1373.79,1,0,0.0,1373.79,1,0,0.0,0
LGS2ORD0008313,C017493,2025-03-07 20:00:00,Male,47,Silver,TV,Songkhla,1006,TV_Show,COD,20,3,4,0,40-50,33.53333333333333,0.0,0.0,0.0,-1,-1,0.0,0.0,0.0,0.0,0.0,0.0,0,0,0.0,0.0,0,0,0.0,0.0,0,0,0.0,0.0,0,0,0.0,0
LGS2ORD0008314,C017850,2025-03-07 20:00:00,Female,39,Silver,Web,Chonburi,344,TV_Show,COD,20,3,4,0,30-40,11.466666666666667,0.0,0.0,0.0,-1,-1,0.0,0.0,0.0,0.0,0.0,0.0,0,0,0.0,0.0,0,0,0.0,0.0,0,0,0.0,0.0,0,0,0.0,0
LGS2ORD0008315,C013654,2025-03-07 20:00:00,Male,38,Bronze,Lazada,Songkhla,1431,Lazada,COD,20,3,4,0,30-40,47.7,0.0,0.0,0.0,-1,-1,0.0,0.0,0.0,0.0,0.0,0.0,0,0,0.0,0.0,0,0,0.0,0.0,0,0,0.0,0.0,0,0,0.0,0
LGS2ORD0008316,C014707,2025-03-07 20:00:00,Male,38,Bronze,Web,Khon Kaen,385,TV_Show,COD,20,3,4,0,30-40,12.833333333333334,2.0,0.0,0.0,-1,48,1954.1399999999999,0.23,1.0,0.5,0.0,0.0,0,0,0.0,0.0,0,0,0.0,3908.2799999999997,2,0,0.0,3908.2799999999997,2,0,0.0,0
LGS2ORD0008317,C011987,2025-03-07 21:00:00,Female,37,Platinum,Shopee,Bangkok,890,Shopee,COD,21,3,4,0,30-40,29.666666666666668,0.0,0.0,0.0,-1,-1,0.0,0.0,0.0,0.0,0.0,0.0,0,0,0.0,0.0,0,0,0.0,0.0,0,0,0.0,0.0,0,0,0.0,1
LGS2ORD0008318,C011660,2025-03-07 21:00:00,Male,58,Platinum,CallCenter,Phuket,481,Lazada,Bank_Transfer,21,3,4,0,>50,16.033333333333335,2.0,1.0,0.5,-5,7,756.915,0.25,0.5,1.0,0.0,0.0,0,0,0.0,600.53,1,1,1.0,1513.83,2,1,0.5,1513.83,2,1,0.5,0
LGS2ORD0008319,C017260,2025-03-07 21:00:00,Female,27,Bronze,CallCenter,Bangkok,1000,TV_Show,Credit_Card,21,3,4,0,20-30,33.333333333333336,1.0,0.0,0.0,-1,2,3847.4,0.13,1.0,0.0,0.0,3847.4,1,0,0.0,3847.4,1,0,0.0,3847.4,1,0,0.0,3847.4,1,0,0.0,0
LGS2ORD0008320,C011185,2025-03-07 21:00:00,Male,31,Gold,Shopee,Chiang Mai,1110,Web,COD,21,3,4,0,30-40,37.0,0.0,0.0,0.0,-1,-1,0.0,0.0,0.0,0.0,0.0,0.0,0,0,0.0,0.0,0,0,0.0,0.0,0,0,0.0,0.0,0,0,0.0,0
LGS2ORD0008321,C013271,2025-03-07 21:00:00,Male,18,Bronze,TV,Khon Kaen,815,CallCenter,COD,21,3,4,0,<20,27.166666666666668,0.0,0.0,0.0,-1,-1,0.0,0.0,0.0,0.0,0.0,0.0,0,0,0.0,0.0,0,0,0.0,0.0,0,0,0.0,0.0,0,0,0.0,0
LGS2ORD0008322,C014481,2025-03-07 22:00:00,Female,48,Silver,TV,Bangkok,1159,TV_Show,Credit_Card,22,3,4,0,40-50,38.63333333333333,0.0,0.0,0.0,-1,-1,0.0,0.0,0.0,0.0,0.0,0.0,0,0,0.0,0.0,0,0,0.0,0.0,0,0,0.0,0.0,0,0,0.0,0
LGS2ORD0008323,C014967,2025-03-07 22:00:00,Male,25,Gold,Web,Khon Kaen,419,CallCenter,COD,22,3,4,0,20-30,13.966666666666667,2.0,0.0,0.0,-1,2,707.535,0.2299999999999999,0.5,1.0,0.0,1415.07,2,0,0.0,1415.07,2,0,0.0,1415.07,2,0,0.0,1415.07,2,0,0.0,0
LGS2ORD0008324,C011993,2025-03-07 22:00:00,Male,54,Silver,TV,Nakhon Ratchasima,1294,CallCenter,Credit_Card,22,3,4,0,>50,43.13333333333333,1.0,0.0,0.0,-1,47,2308.54,0.2,0.0,0.0,0.0,0.0,0,0,0.0,0.0,0,0,0.0,2308.54,1,0,0.0,2308.54,1,0,0.0,0
LGS2ORD0008325,C015123,2025-03-07 22:00:00,Male,48,Silver,Web,Chiang Mai,1462,Web,Credit_Card,22,3,4,0,40-50,48.733333333333334,0.0,0.0,0.0,-1,-1,0.0,0.0,0.0,0.0,0.0,0.0,0,0,0.0,0.0,0,0,0.0,0.0,0,0,0.0,0.0,0,0,0.0,0
LGS2ORD0008326,C011079,2025-03-07 22:00:00,Female,20,Silver,Shopee,Khon Kaen,718,TV_Show,COD,22,3,4,0,<20,23.933333333333334,2.0,0.0,0.0,-1,22,8088.195,0.05,1.0,0.0,0.0,0.0,0,0,0.0,15815.56,1,0,0.0,16176.39,2,0,0.0,16176.39,2,0,0.0,0
LGS2ORD0008327,C016577,2025-03-07 22:00:00,Female,33,Silver,Web,Khon Kaen,1228,TV_Show,COD,22,3,4,0,30-40,40.93333333333333,3.0,0.0,0.0,-1,17,5080.5,0.25,0.0,0.3333333333333333,0.0,0.0,0,0,0.0,12637.74,2,0,0.0,15241.5,3,0,0.0,15241.5,3,0,0.0,0
LGS2ORD0008328,C013348,2025-03-07 23:00:00,Female,52,Silver,Lazada,Bangkok,192,TV_Show,COD,23,3,4,0,>50,6.4,0.0,0.0,0.0,-1,-1,0.0,0.0,0.0,0.0,0.0,0.0,0,0,0.0,0.0,0,0,0.0,0.0,0,0,0.0,0.0,0,0,0.0,1
LGS2ORD0008329,C011884,2025-03-07 23:00:00,Male,52,Bronze,Shopee,Nakhon Ratchasima,1422,Web,COD,23,3,4,0,>50,47.4,0.0,0.0,0.0,-1,-1,0.0,0.0,0.0,0.0,0.0,0.0,0,0,0.0,0.0,0,0,0.0,0.0,0,0,0.0,0.0,0,0,0.0,0
LGS2ORD0008330,C013347,2025-03-07 23:00:00,Female,53,Bronze,TV,Khon Kaen,204,Shopee,PromptPay,23,3,4,0,>50,6.8,2.0,0.0,0.0,-1,5,1274.1399999999999,0.23,0.5,0.5,0.0,882.73,1,0,0.0,2548.2799999999997,2,0,0.0,2548.2799999999997,2,0,0.0,2548.2799999999997,2,0,0.0,0
LGS2ORD0008331,C015621,2025-03-07 23:00:00,Male,34,Gold,Web,Bangkok,222,Web,Bank_Transfer,23,3,4,0,30-40,7.4,0.0,0.0,0.0,-1,-1,0.0,0.0,0.0,0.0,0.0,0.0,0,0,0.0,0.0,0,0,0.0,0.0,0,0,0.0,0.0,0,0,0.0,0
LGS2ORD0008332,C011914,2025-03-07 23:00:00,Female,56,Gold,CallCenter,Chiang Mai,407,TV_Show,COD,23,3,4,0,>50,13.566666666666666,0.0,0.0,0.0,-1,-1,0.0,0.0,0.0,0.0,0.0,0.0,0,0,0.0,0.0,0,0,0.0,0.0,0,0,0.0,0.0,0,0,0.0,0
LGS2ORD0008333,C017788,2025-03-08 00:00:00,Male,52,Gold,Web,Bangkok,1241,Shopee,Bank_Transfer,0,3,5,1,>50,41.36666666666667,2.0,1.0,0.5,44,29,1161.8,0.2299999999999999,0.0,0.5,0.0,0.0,0,0,0.0,963.36,1,0,0.0,2323.6,2,1,0.5,2323.6,2,1,0.5,0
LGS2ORD0008334,C015182,2025-03-08 00:00:00,Male,60,Gold,TV,Bangkok,420,Shopee,Credit_Card,0,3,5,1,>50,14.0,0.0,0.0,0.0,-1,-1,0.0,0.0,0.0,0.0,0.0,0.0,0,0,0.0,0.0,0,0,0.0,0.0,0,0,0.0,0.0,0,0,0.0,0
LGS2ORD0008335,C014392,2025-03-08 00:00:00,Female,39,Bronze,TV,Nakhon Ratchasima,306,Web,Bank_Transfer,0,3,5,1,30-40,10.2,0.0,0.0,0.0,-1,-1,0.0,0.0,0.0,0.0,0.0,0.0,0,0,0.0,0.0,0,0,0.0,0.0,0,0,0.0,0.0,0,0,0.0,0
LGS2ORD0008336,C016670,2025-03-08 00:00:00,Female,27,Bronze,Shopee,Nakhon Ratchasima,1123,TV_Show,PromptPay,0,3,5,1,20-30,37.43333333333333,2.0,1.0,0.5,44,15,859.385,0.18,0.5,0.0,0.0,0.0,0,0,0.0,651.26,1,0,0.0,1718.77,2,1,0.5,1718.77,2,1,0.5,0
LGS2ORD0008337,C016216,2025-03-08 00:00:00,Female,61,Bronze,Shopee,Remote_Area,471,Web,COD,0,3,5,1,>50,15.7,3.0,1.0,0.3333333333333333,19,22,1495.6499999999999,0.23,0.3333333333333333,0.6666666666666666,0.0,0.0,0,0,0.0,2079.68,1,0,0.0,4486.95,3,1,0.3333333333333333,4486.95,3,1,0.3333333333333333,0
LGS2ORD0008338,C016973,2025-03-08 01:00:00,Female,33,Bronze,TV,Chiang Mai,503,Web,Credit_Card,1,3,5,1,30-40,16.766666666666666,1.0,0.0,0.0,-1,4,1220.02,0.08,1.0,0.0,0.0,1220.02,1,0,0.0,1220.02,1,0,0.0,1220.02,1,0,0.0,1220.02,1,0,0.0,0
LGS2ORD0008339,C010778,2025-03-08 01:00:00,Female,31,Bronze,TV,Bangkok,1505,Lazada,COD,1,3,5,1,30-40,50.166666666666664,2.0,1.0,0.5,2,7,3434.8100000000004,0.23,1.0,0.5,0.0,0.0,0,0,0.0,6869.620000000001,2,1,0.5,6869.620000000001,2,1,0.5,6869.620000000001,2,1,0.5,1
LGS2ORD0008340,C011580,2025-03-08 01:00:00,Male,36,Gold,Shopee,Nakhon Ratchasima,469,Web,Credit_Card,1,3,5,1,30-40,15.633333333333333,0.0,0.0,0.0,-1,-1,0.0,0.0,0.0,0.0,0.0,0.0,0,0,0.0,0.0,0,0,0.0,0.0,0,0,0.0,0.0,0,0,0.0,0
LGS2ORD0008341,C015871,2025-03-08 01:00:00,Female,36,Bronze,CallCenter,Bangkok,792,Web,Credit_Card,1,3,5,1,30-40,26.4,2.0,1.0,0.5,15,18,2853.045,0.23,1.0,0.5,0.0,0.0,0,0,0.0,1838.95,1,1,1.0,5706.09,2,1,0.5,5706.09,2,1,0.5,0
LGS2ORD0008342,C012813,2025-03-08 01:00:00,Female,46,Silver,TV,Khon Kaen,574,TV_Show,COD,1,3,5,1,40-50,19.133333333333333,0.0,0.0,0.0,-1,-1,0.0,0.0,0.0,0.0,0.0,0.0,0,0,0.0,0.0,0,0,0.0,0.0,0,0,0.0,0.0,0,0,0.0,0
LGS2ORD0008343,C017433,2025-03-08 02:00:00,Female,44,Gold,TV,Chonburi,511,Web,COD,2,3,5,1,40-50,17.033333333333335,3.0,1.0,0.3333333333333333,57,13,1554.9333333333332,0.33,0.3333333333333333,0.6666666666666666,0.0,0.0,0,0,0.0,1598.44,1,0,0.0,4664.799999999999,3,1,0.3333333333333333,4664.799999999999,3,1,0.3333333333333333,0
LGS2ORD0008344,C015652,2025-03-08 02:00:00,Female,34,Silver,Web,Remote_Area,1282,Lazada,COD,2,3,5,1,30-40,42.733333333333334,1.0,0.0,0.0,-1,35,19758.79,0.15,0.0,0.0,0.0,0.0,0,0,0.0,0.0,0,0,0.0,19758.79,1,0,0.0,19758.79,1,0,0.0,0
LGS2ORD0008345,C014893,2025-03-08 02:00:00,Female,29,Bronze,Shopee,Phuket,608,Lazada,Credit_Card,2,3,5,1,20-30,20.266666666666666,2.0,0.0,0.0,-1,52,6447.375,0.23,0.0,1.0,0.0,0.0,0,0,0.0,0.0,0,0,0.0,12894.75,2,0,0.0,12894.75,2,0,0.0,0
LGS2ORD0008346,C014718,2025-03-08 02:00:00,Male,18,Gold,Web,Nakhon Ratchasima,1473,Lazada,COD,2,3,5,1,<20,49.1,2.0,0.0,0.0,-1,18,4472.175,0.13,0.0,0.0,0.0,0.0,0,0,0.0,8237.85,1,0,0.0,8944.35,2,0,0.0,8944.35,2,0,0.0,1
LGS2ORD0008347,C015311,2025-03-08 02:00:00,Female,38,Gold,Web,Phuket,623,Web,COD,2,3,5,1,30-40,20.766666666666666,0.0,0.0,0.0,-1,-1,0.0,0.0,0.0,0.0,0.0,0.0,0,0,0.0,0.0,0,0,0.0,0.0,0,0,0.0,0.0,0,0,0.0,0
LGS2ORD0008348,C010891,2025-03-08 02:00:00,Female,43,Gold,Shopee,Khon Kaen,1519,Shopee,Bank_Transfer,2,3,5,1,40-50,50.63333333333333,0.0,0.0,0.0,-1,-1,0.0,0.0,0.0,0.0,0.0,0.0,0,0,0.0,0.0,0,0,0.0,0.0,0,0,0.0,0.0,0,0,0.0,0
LGS2ORD0008349,C013593,2025-03-08 03:00:00,Male,71,Bronze,CallCenter,Phuket,1148,Web,Credit_Card,3,3,5,1,>50,38.266666666666666,1.0,0.0,0.0,-1,54,4301.21,0.08,0.0,0.0,0.0,0.0,0,0,0.0,0.0,0,0,0.0,4301.21,1,0,0.0,4301.21,1,0,0.0,1
LGS2ORD0008350,C016158,2025-03-08 03:00:00,Male,52,Bronze,Web,Phuket,1190,Web,COD,3,3,5,1,>50,39.666666666666664,2.0,0.0,0.0,-1,20,2222.79,0.28,0.0,0.5,0.0,0.0,0,0,0.0,1115.66,1,0,0.0,4445.58,2,0,0.0,4445.58,2,0,0.0,0
LGS2ORD0008351,C013650,2025-03-08 03:00:00,Male,37,Bronze,Lazada,Khon Kaen,1334,CallCenter,COD,3,3,5,1,30-40,44.46666666666667,0.0,0.0,0.0,-1,-1,0.0,0.0,0.0,0.0,0.0,0.0,0,0,0.0,0.0,0,0,0.0,0.0,0,0,0.0,0.0,0,0,0.0,0
LGS2ORD0008352,C013205,2025-03-08 03:00:00,Male,50,Bronze,TV,Remote_Area,513,TV_Show,Credit_Card,3,3,5,1,40-50,17.1,1.0,0.0,0.0,-1,63,6232.96,0.03,0.0,0.0,0.0,0.0,0,0,0.0,0.0,0,0,0.0,6232.96,1,0,0.0,6232.96,1,0,0.0,0
LGS2ORD0008353,C012253,2025-03-08 03:00:00,Other,41,Silver,Web,Chonburi,854,Lazada,PromptPay,3,3,5,1,40-50,28.466666666666665,0.0,0.0,0.0,-1,-1,0.0,0.0,0.0,0.0,0.0,0.0,0,0,0.0,0.0,0,0,0.0,0.0,0,0,0.0,0.0,0,0,0.0,0
LGS2ORD0008354,C014379,2025-03-08 04:00:00,Female,49,Platinum,TV,Bangkok,221,CallCenter,COD,4,3,5,1,40-50,7.366666666666666,1.0,0.0,0.0,-1,33,4290.89,0.1,1.0,0.0,0.0,0.0,0,0,0.0,0.0,0,0,0.0,4290.89,1,0,0.0,4290.89,1,0,0.0,0
LGS2ORD0008355,C012163,2025-03-08 04:00:00,Female,45,Gold,Web,Bangkok,413,TV_Show,Credit_Card,4,3,5,1,40-50,13.766666666666667,0.0,0.0,0.0,-1,-1,0.0,0.0,0.0,0.0,0.0,0.0,0,0,0.0,0.0,0,0,0.0,0.0,0,0,0.0,0.0,0,0,0.0,0
LGS2ORD0008356,C015414,2025-03-08 04:00:00,Female,35,Bronze,CallCenter,Chiang Mai,598,TV_Show,COD,4,3,5,1,30-40,19.933333333333334,0.0,0.0,0.0,-1,-1,0.0,0.0,0.0,0.0,0.0,0.0,0,0,0.0,0.0,0,0,0.0,0.0,0,0,0.0,0.0,0,0,0.0,0
LGS2ORD0008357,C010006,2025-03-08 04:00:00,Female,40,Silver,Shopee,Chiang Mai,951,Web,COD,4,3,5,1,30-40,31.7,0.0,0.0,0.0,-1,-1,0.0,0.0,0.0,0.0,0.0,0.0,0,0,0.0,0.0,0,0,0.0,0.0,0,0,0.0,0.0,0,0,0.0,0
LGS2ORD0008358,C012271,2025-03-08 04:00:00,Female,42,Bronze,CallCenter,Chonburi,357,TV_Show,COD,4,3,5,1,40-50,11.9,0.0,0.0,0.0,-1,-1,0.0,0.0,0.0,0.0,0.0,0.0,0,0,0.0,0.0,0,0,0.0,0.0,0,0,0.0,0.0,0,0,0.0,0
LGS2ORD0008359,C010241,2025-03-08 05:00:00,Male,40,Bronze,Lazada,Bangkok,796,Web,Credit_Card,5,3,5,1,30-40,26.533333333333335,3.0,1.0,0.3333333333333333,1,5,5152.643333333333,0.18,0.3333333333333333,0.0,0.0,980.73,1,1,1.0,980.73,1,1,1.0,15457.93,3,1,0.3333333333333333,15457.93,3,1,0.3333333333333333,0
LGS2ORD0008360,C014033,2025-03-08 05:00:00,Female,69,Silver,TV,Nakhon Ratchasima,421,Shopee,COD,5,3,5,1,>50,14.033333333333333,1.0,0.0,0.0,-1,5,9632.69,0.25,1.0,1.0,0.0,9632.69,1,0,0.0,9632.69,1,0,0.0,9632.69,1,0,0.0,9632.69,1,0,0.0,0
LGS2ORD0008361,C015459,2025-03-08 05:00:00,Female,39,Bronze,Shopee,Bangkok,823,Lazada,COD,5,3,5,1,30-40,27.433333333333334,2.0,1.0,0.5,-5,2,2543.925,0.23,0.5,1.0,0.0,2653.71,1,1,1.0,2653.71,1,1,1.0,5087.85,2,1,0.5,5087.85,2,1,0.5,0
LGS2ORD0008362,C017290,2025-03-08 05:00:00,Female,51,Bronze,Web,Bangkok,230,Shopee,COD,5,3,5,1,>50,7.666666666666667,2.0,0.0,0.0,-1,33,1209.805,0.18,0.0,0.0,0.0,0.0,0,0,0.0,0.0,0,0,0.0,2419.61,2,0,0.0,2419.61,2,0,0.0,0
LGS2ORD0008363,C016094,2025-03-08 05:00:00,Female,32,Gold,CallCenter,Phuket,115,Shopee,COD,5,3,5,1,30-40,3.8333333333333335,3.0,0.0,0.0,-1,22,2365.04,0.2299999999999999,1.0,0.6666666666666666,0.0,0.0,0,0,0.0,3593.3099999999995,2,0,0.0,7095.12,3,0,0.0,7095.12,3,0,0.0,0
LGS2ORD0008364,C010263,2025-03-08 06:00:00,Female,33,Gold,Lazada,Songkhla,1255,TV_Show,COD,6,3,5,1,30-40,41.833333333333336,0.0,0.0,0.0,-1,-1,0.0,0.0,0.0,0.0,0.0,0.0,0,0,0.0,0.0,0,0,0.0,0.0,0,0,0.0,0.0,0,0,0.0,1
LGS2ORD0008365,C014912,2025-03-08 06:00:00,Male,44,Silver,Web,Remote_Area,662,Shopee,Credit_Card,6,3,5,1,40-50,22.066666666666666,2.0,2.0,1.0,32,38,16393.265,0.15,0.5,0.0,0.0,0.0,0,0,0.0,0.0,0,0,0.0,32786.53,2,2,1.0,32786.53,2,2,1.0,0
LGS2ORD0008366,C011647,2025-03-08 06:00:00,Female,40,Bronze,Lazada,Remote_Area,794,Shopee,COD,6,3,5,1,30-40,26.466666666666665,4.0,1.0,0.25,-3,6,4627.465,0.28,0.5,0.25,0.0,3543.73,1,0,0.0,18509.86,4,1,0.25,18509.86,4,1,0.25,18509.86,4,1,0.25,1
LGS2ORD0008367,C011699,2025-03-08 06:00:00,Male,47,Bronze,TV,Khon Kaen,1082,Web,COD,6,3,5,1,40-50,36.06666666666667,0.0,0.0,0.0,-1,-1,0.0,0.0,0.0,0.0,0.0,0.0,0,0,0.0,0.0,0,0,0.0,0.0,0,0,0.0,0.0,0,0,0.0,0
LGS2ORD0008368,C016802,2025-03-08 06:00:00,Female,44,Bronze,Shopee,Bangkok,1268,Lazada,COD,6,3,5,1,40-50,42.266666666666666,4.0,2.0,0.5,19,3,8049.8675,0.18,0.75,0.0,0.0,1020.7,1,0,0.0,2660.67,2,1,0.5,32199.47,4,2,0.5,32199.47,4,2,0.5,0
LGS2ORD0008369,C013412,2025-03-08 06:00:00,Male,48,Silver,Web,Songkhla,636,Web,PromptPay,6,3,5,1,40-50,21.2,3.0,2.0,0.6666666666666666,12,23,2686.7333333333336,0.2,0.3333333333333333,0.0,0.0,0.0,0,0,0.0,703.1,1,1,1.0,8060.200000000001,3,2,0.6666666666666666,8060.200000000001,3,2,0.6666666666666666,1
LGS2ORD0008370,C012351,2025-03-08 07:00:00,Male,59,Gold,Lazada,Nakhon Ratchasima,624,CallCenter,PromptPay,7,3,5,1,>50,20.8,0.0,0.0,0.0,-1,-1,0.0,0.0,0.0,0.0,0.0,0.0,0,0,0.0,0.0,0,0,0.0,0.0,0,0,0.0,0.0,0,0,0.0,0
LGS2ORD0008371,C014412,2025-03-08 07:00:00,Other,48,Gold,TV,Bangkok,762,Shopee,COD,7,3,5,1,40-50,25.4,0.0,0.0,0.0,-1,-1,0.0,0.0,0.0,0.0,0.0,0.0,0,0,0.0,0.0,0,0,0.0,0.0,0,0,0.0,0.0,0,0,0.0,0
LGS2ORD0008372,C016043,2025-03-08 07:00:00,Male,69,Bronze,TV,Chonburi,829,CallCenter,PromptPay,7,3,5,1,>50,27.633333333333333,0.0,0.0,0.0,-1,-1,0.0,0.0,0.0,0.0,0.0,0.0,0,0,0.0,0.0,0,0,0.0,0.0,0,0,0.0,0.0,0,0,0.0,0
LGS2ORD0008373,C016605,2025-03-08 07:00:00,Female,32,Silver,TV,Bangkok,739,Web,COD,7,3,5,1,30-40,24.633333333333333,0.0,0.0,0.0,-1,-1,0.0,0.0,0.0,0.0,0.0,0.0,0,0,0.0,0.0,0,0,0.0,0.0,0,0,0.0,0.0,0,0,0.0,0
LGS2ORD0008374,C010735,2025-03-08 07:00:00,Female,34,Bronze,Web,Bangkok,588,TV_Show,Bank_Transfer,7,3,5,1,30-40,19.6,1.0,0.0,0.0,-1,57,1188.35,0.23,0.0,1.0,0.0,0.0,0,0,0.0,0.0,0,0,0.0,1188.35,1,0,0.0,1188.35,1,0,0.0,1
LGS2ORD0008375,C011454,2025-03-08 08:00:00,Male,25,Silver,TV,Phuket,951,Lazada,PromptPay,8,3,5,1,20-30,31.7,1.0,0.0,0.0,-1,46,1800.34,0.1,0.0,0.0,0.0,0.0,0,0,0.0,0.0,0,0,0.0,1800.34,1,0,0.0,1800.34,1,0,0.0,1
LGS2ORD0008376,C013816,2025-03-08 08:00:00,Female,44,Bronze,TV,Bangkok,1086,Web,COD,8,3,5,1,40-50,36.2,1.0,1.0,1.0,50,57,9351.31,0.23,1.0,1.0,0.0,0.0,0,0,0.0,0.0,0,0,0.0,9351.31,1,1,1.0,9351.31,1,1,1.0,0
LGS2ORD0008377,C015368,2025-03-08 08:00:00,Female,42,Bronze,Web,Khon Kaen,281,Lazada,PromptPay,8,3,5,1,40-50,9.366666666666667,0.0,0.0,0.0,-1,-1,0.0,0.0,0.0,0.0,0.0,0.0,0,0,0.0,0.0,0,0,0.0,0.0,0,0,0.0,0.0,0,0,0.0,0
LGS2ORD0008378,C013695,2025-03-08 08:00:00,Female,49,Gold,Shopee,Remote_Area,82,TV_Show,COD,8,3,5,1,40-50,2.7333333333333334,2.0,0.0,0.0,-1,18,2301.46,0.28,0.0,0.5,0.0,0.0,0,0,0.0,3122.79,1,0,0.0,4602.92,2,0,0.0,4602.92,2,0,0.0,1
LGS2ORD0008379,C015740,2025-03-08 08:00:00,Male,44,Bronze,Shopee,Phuket,859,TV_Show,COD,8,3,5,1,40-50,28.633333333333333,1.0,0.0,0.0,-1,40,4126.47,0.13,0.0,0.0,0.0,0.0,0,0,0.0,0.0,0,0,0.0,4126.47,1,0,0.0,4126.47,1,0,0.0,0
LGS2ORD0008380,C014833,2025-03-08 09:00:00,Female,32,Silver,CallCenter,Chiang Mai,1362,TV_Show,Credit_Card,9,3,5,1,30-40,45.4,1.0,0.0,0.0,-1,44,1227.11,0.1,0.0,0.0,0.0,0.0,0,0,0.0,0.0,0,0,0.0,1227.11,1,0,0.0,1227.11,1,0,0.0,0
LGS2ORD0008381,C017702,2025-03-08 09:00:00,Female,52,Gold,Web,Bangkok,327,Shopee,COD,9,3,5,1,>50,10.9,0.0,0.0,0.0,-1,-1,0.0,0.0,0.0,0.0,0.0,0.0,0,0,0.0,0.0,0,0,0.0,0.0,0,0,0.0,0.0,0,0,0.0,0
LGS2ORD0008382,C013484,2025-03-08 09:00:00,Female,39,Silver,TV,Bangkok,837,Web,PromptPay,9,3,5,1,30-40,27.9,0.0,0.0,0.0,-1,-1,0.0,0.0,0.0,0.0,0.0,0.0,0,0,0.0,0.0,0,0,0.0,0.0,0,0,0.0,0.0,0,0,0.0,0
LGS2ORD0008383,C014052,2025-03-08 09:00:00,Male,38,Bronze,Web,Nakhon Ratchasima,740,Web,COD,9,3,5,1,30-40,24.666666666666668,2.0,0.0,0.0,-1,19,2692.025,0.28,0.5,0.5,0.0,0.0,0,0,0.0,5384.05,2,0,0.0,5384.05,2,0,0.0,5384.05,2,0,0.0,1
LGS2ORD0008384,C011267,2025-03-08 09:00:00,Female,48,Gold,TV,Bangkok,1111,TV_Show,Credit_Card,9,3,5,1,40-50,37.03333333333333,1.0,1.0,1.0,25,37,3519.46,0.28,0.0,1.0,0.0,0.0,0,0,0.0,0.0,0,0,0.0,3519.46,1,1,1.0,3519.46,1,1,1.0,0
LGS2ORD0008385,C013305,2025-03-08 09:00:00,Female,38,Bronze,Shopee,Chonburi,1338,Shopee,COD,9,3,5,1,30-40,44.6,3.0,0.0,0.0,-1,24,2850.7833333333333,0.18,0.0,0.0,0.0,0.0,0,0,0.0,1001.84,1,0,0.0,8552.35,3,0,0.0,8552.35,3,0,0.0,1
LGS2ORD0008386,C016307,2025-03-08 10:00:00,Male,40,Silver,Shopee,Nakhon Ratchasima,1462,TV_Show,COD,10,3,5,1,30-40,48.733333333333334,2.0,0.0,0.0,-1,51,1723.025,0.2,0.0,0.0,0.0,0.0,0,0,0.0,0.0,0,0,0.0,3446.05,2,0,0.0,3446.05,2,0,0.0,0
LGS2ORD0008387,C017304,2025-03-08 10:00:00,Female,31,Silver,Shopee,Chiang Mai,334,Web,COD,10,3,5,1,30-40,11.133333333333333,1.0,0.0,0.0,-1,46,3585.22,0.15,0.0,0.0,0.0,0.0,0,0,0.0,0.0,0,0,0.0,3585.22,1,0,0.0,3585.22,1,0,0.0,0
LGS2ORD0008388,C015583,2025-03-08 10:00:00,Male,18,Silver,TV,Nakhon Ratchasima,531,Shopee,Credit_Card,10,3,5,1,<20,17.7,1.0,0.0,0.0,-1,14,2370.37,0.05,0.0,0.0,0.0,0.0,0,0,0.0,2370.37,1,0,0.0,2370.37,1,0,0.0,2370.37,1,0,0.0,0
LGS2ORD0008389,C012788,2025-03-08 10:00:00,Male,32,Gold,Web,Phuket,1277,Lazada,Credit_Card,10,3,5,1,30-40,42.56666666666667,0.0,0.0,0.0,-1,-1,0.0,0.0,0.0,0.0,0.0,0.0,0,0,0.0,0.0,0,0,0.0,0.0,0,0,0.0,0.0,0,0,0.0,0
LGS2ORD0008390,C016242,2025-03-08 10:00:00,Male,36,Silver,Shopee,Bangkok,895,Shopee,COD,10,3,5,1,30-40,29.833333333333332,2.0,0.0,0.0,-1,59,8647.045,0.25,0.5,0.5,0.0,0.0,0,0,0.0,0.0,0,0,0.0,17294.09,2,0,0.0,17294.09,2,0,0.0,0
LGS2ORD0008391,C016087,2025-03-08 11:00:00,Female,44,Bronze,Lazada,Songkhla,666,Web,Credit_Card,11,3,5,1,40-50,22.2,2.0,0.0,0.0,-1,14,3968.37,0.28,0.0,0.5,0.0,0.0,0,0,0.0,6743.24,1,0,0.0,7936.74,2,0,0.0,7936.74,2,0,0.0,0
LGS2ORD0008392,C016275,2025-03-08 11:00:00,Male,38,Silver,Web,Songkhla,925,Lazada,Credit_Card,11,3,5,1,30-40,30.833333333333332,0.0,0.0,0.0,-1,-1,0.0,0.0,0.0,0.0,0.0,0.0,0,0,0.0,0.0,0,0,0.0,0.0,0,0,0.0,0.0,0,0,0.0,0
LGS2ORD0008393,C017431,2025-03-08 11:00:00,Female,42,Silver,TV,Khon Kaen,1160,TV_Show,Bank_Transfer,11,3,5,1,40-50,38.666666666666664,2.0,0.0,0.0,-1,49,1268.76,0.3,0.0,0.5,0.0,0.0,0,0,0.0,0.0,0,0,0.0,2537.52,2,0,0.0,2537.52,2,0,0.0,0
LGS2ORD0008394,C015847,2025-03-08 11:00:00,Male,41,Bronze,TV,Bangkok,1152,TV_Show,Credit_Card,11,3,5,1,40-50,38.4,2.0,0.0,0.0,-1,3,6098.435,0.18,0.5,0.0,0.0,8933.93,1,0,0.0,8933.93,1,0,0.0,12196.87,2,0,0.0,12196.87,2,0,0.0,0
LGS2ORD0008395,C016052,2025-03-08 11:00:00,Male,31,Platinum,TV,Songkhla,277,Web,Bank_Transfer,11,3,5,1,30-40,9.233333333333333,0.0,0.0,0.0,-1,-1,0.0,0.0,0.0,0.0,0.0,0.0,0,0,0.0,0.0,0,0,0.0,0.0,0,0,0.0,0.0,0,0,0.0,0
LGS2ORD0008396,C015898,2025-03-08 12:00:00,Female,39,Gold,TV,Chiang Mai,227,TV_Show,COD,12,3,5,1,30-40,7.566666666666666,0.0,0.0,0.0,-1,-1,0.0,0.0,0.0,0.0,0.0,0.0,0,0,0.0,0.0,0,0,0.0,0.0,0,0,0.0,0.0,0,0,0.0,1
LGS2ORD0008397,C015758,2025-03-08 12:00:00,Female,53,Bronze,TV,Khon Kaen,1344,Web,Credit_Card,12,3,5,1,>50,44.8,2.0,0.0,0.0,-1,31,8901.355,0.18,0.5,0.0,0.0,0.0,0,0,0.0,0.0,0,0,0.0,17802.71,2,0,0.0,17802.71,2,0,0.0,1
LGS2ORD0008398,C011904,2025-03-08 12:00:00,Female,27,Bronze,Shopee,Bangkok,397,Lazada,COD,12,3,5,1,20-30,13.233333333333333,0.0,0.0,0.0,-1,-1,0.0,0.0,0.0,0.0,0.0,0.0,0,0,0.0,0.0,0,0,0.0,0.0,0,0,0.0,0.0,0,0,0.0,0
LGS2ORD0008399,C012861,2025-03-08 12:00:00,Female,26,Silver,TV,Songkhla,347,TV_Show,COD,12,3,5,1,20-30,11.566666666666666,0.0,0.0,0.0,-1,-1,0.0,0.0,0.0,0.0,0.0,0.0,0,0,0.0,0.0,0,0,0.0,0.0,0,0,0.0,0.0,0,0,0.0,1
LGS2ORD0008400,C014371,2025-03-08 12:00:00,Female,54,Platinum,TV,Chonburi,984,Shopee,PromptPay,12,3,5,1,>50,32.8,1.0,0.0,0.0,-1,44,7217.53,0.2,1.0,0.0,0.0,0.0,0,0,0.0,0.0,0,0,0.0,7217.53,1,0,0.0,7217.53,1,0,0.0,0
LGS2ORD0008401,C013833,2025-03-08 13:00:00,Female,55,Bronze,Web,Nakhon Ratchasima,1090,Shopee,PromptPay,13,3,5,1,>50,36.333333333333336,1.0,1.0,1.0,54,61,3651.73,0.18,1.0,0.0,0.0,0.0,0,0,0.0,0.0,0,0,0.0,3651.73,1,1,1.0,3651.73,1,1,1.0,0
LGS2ORD0008402,C011928,2025-03-08 13:00:00,Female,41,Bronze,Shopee,Chonburi,1220,TV_Show,COD,13,3,5,1,40-50,40.666666666666664,1.0,0.0,0.0,-1,35,5047.3,0.03,0.0,0.0,0.0,0.0,0,0,0.0,0.0,0,0,0.0,5047.3,1,0,0.0,5047.3,1,0,0.0,0
LGS2ORD0008403,C016272,2025-03-08 13:00:00,Other,28,Bronze,Web,Chonburi,576,Web,COD,13,3,5,1,20-30,19.2,3.0,0.0,0.0,-1,13,7077.463333333333,0.18,0.3333333333333333,0.0,0.0,0.0,0,0,0.0,1494.92,1,0,0.0,21232.39,3,0,0.0,21232.39,3,0,0.0,1
LGS2ORD0008404,C010193,2025-03-08 13:00:00,Female,50,Silver,TV,Chiang Mai,846,TV_Show,Credit_Card,13,3,5,1,40-50,28.2,0.0,0.0,0.0,-1,-1,0.0,0.0,0.0,0.0,0.0,0.0,0,0,0.0,0.0,0,0,0.0,0.0,0,0,0.0,0.0,0,0,0.0,1
LGS2ORD0008405,C011340,2025-03-08 13:00:00,Female,57,Bronze,Web,Songkhla,533,Web,COD,13,3,5,1,>50,17.766666666666666,1.0,0.0,0.0,-1,41,1730.35,0.03,1.0,0.0,0.0,0.0,0,0,0.0,0.0,0,0,0.0,1730.35,1,0,0.0,1730.35,1,0,0.0,0
LGS2ORD0008406,C016947,2025-03-08 13:00:00,Female,39,Bronze,CallCenter,Bangkok,1038,CallCenter,COD,13,3,5,1,30-40,34.6,4.0,2.0,0.5,4,16,3701.8050000000003,0.23,0.5,0.25,0.0,0.0,0,0,0.0,9697.55,2,2,1.0,14807.220000000001,4,2,0.5,14807.220000000001,4,2,0.5,0
LGS2ORD0008407,C012442,2025-03-08 14:00:00,Female,48,Bronze,Web,Phuket,229,TV_Show,Credit_Card,14,3,5,1,40-50,7.633333333333334,0.0,0.0,0.0,-1,-1,0.0,0.0,0.0,0.0,0.0,0.0,0,0,0.0,0.0,0,0,0.0,0.0,0,0,0.0,0.0,0,0,0.0,0
LGS2ORD0008408,C014608,2025-03-08 14:00:00,Female,50,Bronze,Lazada,Nakhon Ratchasima,1365,Web,COD,14,3,5,1,40-50,45.5,1.0,0.0,0.0,-1,2,485.06,0.23,1.0,1.0,0.0,485.06,1,0,0.0,485.06,1,0,0.0,485.06,1,0,0.0,485.06,1,0,0.0,1
LGS2ORD0008409,C014423,2025-03-08 14:00:00,Female,50,Gold,Lazada,Bangkok,1332,Shopee,Credit_Card,14,3,5,1,40-50,44.4,1.0,0.0,0.0,-1,1,8475.63,0.08,1.0,0.0,0.0,8475.63,1,0,0.0,8475.63,1,0,0.0,8475.63,1,0,0.0,8475.63,1,0,0.0,1
LGS2ORD0008410,C017185,2025-03-08 14:00:00,Male,33,Silver,TV,Bangkok,1350,Web,PromptPay,14,3,5,1,30-40,45.0,1.0,1.0,1.0,55,63,745.9,0.3,1.0,1.0,0.0,0.0,0,0,0.0,0.0,0,0,0.0,745.9,1,1,1.0,745.9,1,1,1.0,0
LGS2ORD0008411,C015120,2025-03-08 14:00:00,Female,22,Silver,Web,Bangkok,1187,Shopee,COD,14,3,5,1,20-30,39.56666666666667,2.0,0.0,0.0,-1,42,704.4649999999999,0.2,0.0,0.0,0.0,0.0,0,0,0.0,0.0,0,0,0.0,1408.9299999999998,2,0,0.0,1408.9299999999998,2,0,0.0,0
LGS2ORD0008412,C015836,2025-03-08 15:00:00,Female,48,Bronze,Shopee,Songkhla,1461,Lazada,Bank_Transfer,15,3,5,1,40-50,48.7,2.0,0.0,0.0,-1,29,6003.049999999999,0.13,0.0,0.0,0.0,0.0,0,0,0.0,10653.21,1,0,0.0,12006.099999999999,2,0,0.0,12006.099999999999,2,0,0.0,0
LGS2ORD0008413,C010985,2025-03-08 15:00:00,Male,48,Bronze,Shopee,Bangkok,1372,TV_Show,Credit_Card,15,3,5,1,40-50,45.733333333333334,1.0,0.0,0.0,-1,11,1939.94,0.03,0.0,0.0,0.0,0.0,0,0,0.0,1939.94,1,0,0.0,1939.94,1,0,0.0,1939.94,1,0,0.0,0
LGS2ORD0008414,C011007,2025-03-08 15:00:00,Male,28,Gold,TV,Bangkok,872,TV_Show,COD,15,3,5,1,20-30,29.066666666666666,0.0,0.0,0.0,-1,-1,0.0,0.0,0.0,0.0,0.0,0.0,0,0,0.0,0.0,0,0,0.0,0.0,0,0,0.0,0.0,0,0,0.0,0
LGS2ORD0008415,C011562,2025-03-08 15:00:00,Female,47,Gold,TV,Bangkok,1375,Shopee,COD,15,3,5,1,40-50,45.833333333333336,1.0,0.0,0.0,-1,32,1277.19,0.08,0.0,0.0,0.0,0.0,0,0,0.0,0.0,0,0,0.0,1277.19,1,0,0.0,1277.19,1,0,0.0,0
LGS2ORD0008416,C014067,2025-03-08 15:00:00,Male,38,Bronze,TV,Chiang Mai,353,Lazada,Credit_Card,15,3,5,1,30-40,11.766666666666667,0.0,0.0,0.0,-1,-1,0.0,0.0,0.0,0.0,0.0,0.0,0,0,0.0,0.0,0,0,0.0,0.0,0,0,0.0,0.0,0,0,0.0,0
LGS2ORD0008417,C012280,2025-03-08 16:00:00,Female,31,Bronze,TV,Khon Kaen,208,Shopee,Credit_Card,16,3,5,1,30-40,6.933333333333334,1.0,0.0,0.0,-1,63,3826.63,0.08,0.0,0.0,0.0,0.0,0,0,0.0,0.0,0,0,0.0,3826.63,1,0,0.0,3826.63,1,0,0.0,0
LGS2ORD0008418,C015517,2025-03-08 16:00:00,Male,57,Gold,Shopee,Bangkok,1287,CallCenter,Credit_Card,16,3,5,1,>50,42.9,1.0,1.0,1.0,33,47,292.03,0.28,1.0,1.0,0.0,0.0,0,0,0.0,0.0,0,0,0.0,292.03,1,1,1.0,292.03,1,1,1.0,0
LGS2ORD0008419,C010570,2025-03-08 16:00:00,Male,28,Bronze,TV,Bangkok,1026,Shopee,COD,16,3,5,1,20-30,34.2,1.0,0.0,0.0,-1,41,15167.01,0.03,0.0,0.0,0.0,0.0,0,0,0.0,0.0,0,0,0.0,15167.01,1,0,0.0,15167.01,1,0,0.0,1
LGS2ORD0008420,C014691,2025-03-08 16:00:00,Female,44,Bronze,Web,Bangkok,1245,TV_Show,Credit_Card,16,3,5,1,40-50,41.5,0.0,0.0,0.0,-1,-1,0.0,0.0,0.0,0.0,0.0,0.0,0,0,0.0,0.0,0,0,0.0,0.0,0,0,0.0,0.0,0,0,0.0,0
LGS2ORD0008421,C017284,2025-03-08 16:00:00,Female,49,Bronze,Shopee,Songkhla,562,Lazada,Credit_Card,16,3,5,1,40-50,18.733333333333334,4.0,1.0,0.25,19,2,3615.6949999999997,0.23,0.5,0.25,0.0,5518.46,1,0,0.0,8111.7,2,1,0.5,14462.779999999999,4,1,0.25,14462.779999999999,4,1,0.25,0
LGS2ORD0008422,C017924,2025-03-08 17:00:00,Male,39,Gold,Shopee,Chiang Mai,196,Web,Bank_Transfer,17,3,5,1,30-40,6.533333333333333,0.0,0.0,0.0,-1,-1,0.0,0.0,0.0,0.0,0.0,0.0,0,0,0.0,0.0,0,0,0.0,0.0,0,0,0.0,0.0,0,0,0.0,0
LGS2ORD0008423,C013859,2025-03-08 17:00:00,Female,34,Silver,Shopee,Chonburi,1515,TV_Show,Credit_Card,17,3,5,1,30-40,50.5,0.0,0.0,0.0,-1,-1,0.0,0.0,0.0,0.0,0.0,0.0,0,0,0.0,0.0,0,0,0.0,0.0,0,0,0.0,0.0,0,0,0.0,0
LGS2ORD0008424,C013939,2025-03-08 17:00:00,Female,42,Bronze,TV,Remote_Area,532,Shopee,COD,17,3,5,1,40-50,17.733333333333334,1.0,0.0,0.0,-1,43,625.92,0.03,1.0,0.0,0.0,0.0,0,0,0.0,0.0,0,0,0.0,625.92,1,0,0.0,625.92,1,0,0.0,0
LGS2ORD0008425,C010986,2025-03-08 17:00:00,Male,37,Bronze,Shopee,Phuket,1087,Lazada,Bank_Transfer,17,3,5,1,30-40,36.233333333333334,0.0,0.0,0.0,-1,-1,0.0,0.0,0.0,0.0,0.0,0.0,0,0,0.0,0.0,0,0,0.0,0.0,0,0,0.0,0.0,0,0,0.0,1
LGS2ORD0008426,C017414,2025-03-08 17:00:00,Male,35,Bronze,TV,Khon Kaen,1169,Web,Credit_Card,17,3,5,1,30-40,38.96666666666667,4.0,2.0,0.5,4,11,4804.9575,0.23,0.75,0.25,0.0,0.0,0,0,0.0,9090.69,1,1,1.0,19219.83,4,2,0.5,19219.83,4,2,0.5,0
LGS2ORD0008427,C010611,2025-03-08 17:00:00,Female,72,Bronze,Shopee,Songkhla,1254,Shopee,COD,17,3,5,1,>50,41.8,1.0,0.0,0.0,-1,46,2359.23,0.13,0.0,0.0,0.0,0.0,0,0,0.0,0.0,0,0,0.0,2359.23,1,0,0.0,2359.23,1,0,0.0,0
LGS2ORD0008428,C010178,2025-03-08 18:00:00,Male,46,Bronze,Lazada,Songkhla,434,TV_Show,COD,18,3,5,1,40-50,14.466666666666667,0.0,0.0,0.0,-1,-1,0.0,0.0,0.0,0.0,0.0,0.0,0,0,0.0,0.0,0,0,0.0,0.0,0,0,0.0,0.0,0,0,0.0,0
LGS2ORD0008429,C013460,2025-03-08 18:00:00,Male,48,Gold,Lazada,Bangkok,1107,Lazada,COD,18,3,5,1,40-50,36.9,2.0,0.0,0.0,-1,7,10026.39,0.13,0.5,0.0,0.0,0.0,0,0,0.0,11081.62,1,0,0.0,20052.78,2,0,0.0,20052.78,2,0,0.0,0
LGS2ORD0008430,C015001,2025-03-08 18:00:00,Female,40,Bronze,TV,Bangkok,977,Web,COD,18,3,5,1,30-40,32.56666666666667,3.0,1.0,0.3333333333333333,10,5,2557.4466666666667,0.23,1.0,0.3333333333333333,0.0,3937.11,1,0,0.0,6440.25,2,1,0.5,7672.34,3,1,0.3333333333333333,7672.34,3,1,0.3333333333333333,1
LGS2ORD0008431,C017800,2025-03-08 18:00:00,Female,38,Silver,Lazada,Bangkok,1420,Lazada,PromptPay,18,3,5,1,30-40,47.333333333333336,3.0,0.0,0.0,-1,29,15837.506666666668,0.2,0.3333333333333333,0.0,0.0,0.0,0,0,0.0,8908.77,1,0,0.0,47512.520000000004,3,0,0.0,47512.520000000004,3,0,0.0,0
LGS2ORD0008432,C014347,2025-03-08 18:00:00,Male,27,Bronze,TV,Chonburi,748,Web,COD,18,3,5,1,20-30,24.933333333333334,0.0,0.0,0.0,-1,-1,0.0,0.0,0.0,0.0,0.0,0.0,0,0,0.0,0.0,0,0,0.0,0.0,0,0,0.0,0.0,0,0,0.0,0
LGS2ORD0008433,C015016,2025-03-08 19:00:00,Male,47,Bronze,Shopee,Nakhon Ratchasima,840,Shopee,PromptPay,19,3,5,1,40-50,28.0,0.0,0.0,0.0,-1,-1,0.0,0.0,0.0,0.0,0.0,0.0,0,0,0.0,0.0,0,0,0.0,0.0,0,0,0.0,0.0,0,0,0.0,0
LGS2ORD0008434,C013721,2025-03-08 19:00:00,Other,39,Silver,Web,Bangkok,647,Shopee,Credit_Card,19,3,5,1,30-40,21.566666666666666,2.0,0.0,0.0,-1,21,1305.4850000000001,0.05,0.5,0.0,0.0,0.0,0,0,0.0,417.44,1,0,0.0,2610.9700000000003,2,0,0.0,2610.9700000000003,2,0,0.0,0
LGS2ORD0008435,C013959,2025-03-08 19:00:00,Female,60,Silver,Shopee,Khon Kaen,734,Shopee,COD,19,3,5,1,>50,24.466666666666665,1.0,1.0,1.0,5,10,9902.53,0.25,1.0,1.0,0.0,0.0,0,0,0.0,9902.53,1,1,1.0,9902.53,1,1,1.0,9902.53,1,1,1.0,0
LGS2ORD0008436,C011749,2025-03-08 19:00:00,Female,47,Bronze,TV,Khon Kaen,150,Shopee,Credit_Card,19,3,5,1,40-50,5.0,1.0,0.0,0.0,-1,36,11350.21,0.08,0.0,0.0,0.0,0.0,0,0,0.0,0.0,0,0,0.0,11350.21,1,0,0.0,11350.21,1,0,0.0,0
LGS2ORD0008437,C012337,2025-03-08 19:00:00,Male,50,Bronze,Web,Bangkok,1391,Web,PromptPay,19,3,5,1,40-50,46.36666666666667,0.0,0.0,0.0,-1,-1,0.0,0.0,0.0,0.0,0.0,0.0,0,0,0.0,0.0,0,0,0.0,0.0,0,0,0.0,0.0,0,0,0.0,0
LGS2ORD0008438,C017542,2025-03-08 20:00:00,Female,45,Bronze,TV,Chiang Mai,138,Shopee,COD,20,3,5,1,40-50,4.6,2.0,1.0,0.5,25,33,3142.91,0.18,0.5,0.0,0.0,0.0,0,0,0.0,0.0,0,0,0.0,6285.82,2,1,0.5,6285.82,2,1,0.5,0
LGS2ORD0008439,C014628,2025-03-08 20:00:00,Female,49,Gold,Web,Songkhla,907,Shopee,COD,20,3,5,1,40-50,30.233333333333334,0.0,0.0,0.0,-1,-1,0.0,0.0,0.0,0.0,0.0,0.0,0,0,0.0,0.0,0,0,0.0,0.0,0,0,0.0,0.0,0,0,0.0,0
LGS2ORD0008440,C017021,2025-03-08 20:00:00,Male,45,Bronze,Lazada,Bangkok,1202,Lazada,PromptPay,20,3,5,1,40-50,40.06666666666667,0.0,0.0,0.0,-1,-1,0.0,0.0,0.0,0.0,0.0,0.0,0,0,0.0,0.0,0,0,0.0,0.0,0,0,0.0,0.0,0,0,0.0,0
LGS2ORD0008441,C012519,2025-03-08 20:00:00,Male,31,Bronze,CallCenter,Remote_Area,652,TV_Show,COD,20,3,5,1,30-40,21.733333333333334,1.0,1.0,1.0,52,57,11220.16,0.23,1.0,1.0,0.0,0.0,0,0,0.0,0.0,0,0,0.0,11220.16,1,1,1.0,11220.16,1,1,1.0,0
LGS2ORD0008442,C014004,2025-03-08 20:00:00,Male,53,Silver,CallCenter,Bangkok,873,Web,COD,20,3,5,1,>50,29.1,0.0,0.0,0.0,-1,-1,0.0,0.0,0.0,0.0,0.0,0.0,0,0,0.0,0.0,0,0,0.0,0.0,0,0,0.0,0.0,0,0,0.0,0
LGS2ORD0008443,C011284,2025-03-08 21:00:00,Female,46,Bronze,TV,Remote_Area,1304,CallCenter,Credit_Card,21,3,5,1,40-50,43.46666666666667,2.0,1.0,0.5,33,43,14580.325,0.18,1.0,0.0,0.0,0.0,0,0,0.0,0.0,0,0,0.0,29160.65,2,1,0.5,29160.65,2,1,0.5,0
LGS2ORD0008444,C010162,2025-03-08 21:00:00,Male,34,Silver,Lazada,Chonburi,1098,Lazada,COD,21,3,5,1,30-40,36.6,1.0,1.0,1.0,48,63,11384.46,0.05,1.0,0.0,0.0,0.0,0,0,0.0,0.0,0,0,0.0,11384.46,1,1,1.0,11384.46,1,1,1.0,0
LGS2ORD0008445,C016395,2025-03-08 21:00:00,Male,45,Bronze,Shopee,Nakhon Ratchasima,962,TV_Show,COD,21,3,5,1,40-50,32.06666666666667,1.0,1.0,1.0,-8,6,7369.43,0.23,1.0,1.0,0.0,7369.43,1,1,1.0,7369.43,1,1,1.0,7369.43,1,1,1.0,7369.43,1,1,1.0,0
LGS2ORD0008446,C011241,2025-03-08 21:00:00,Female,29,Gold,Web,Bangkok,382,CallCenter,COD,21,3,5,1,20-30,12.733333333333333,0.0,0.0,0.0,-1,-1,0.0,0.0,0.0,0.0,0.0,0.0,0,0,0.0,0.0,0,0,0.0,0.0,0,0,0.0,0.0,0,0,0.0,1
LGS2ORD0008447,C015330,2025-03-08 21:00:00,Female,38,Silver,Lazada,Songkhla,691,Shopee,Credit_Card,21,3,5,1,30-40,23.033333333333335,0.0,0.0,0.0,-1,-1,0.0,0.0,0.0,0.0,0.0,0.0,0,0,0.0,0.0,0,0,0.0,0.0,0,0,0.0,0.0,0,0,0.0,0
LGS2ORD0008448,C017915,2025-03-08 21:00:00,Female,31,Silver,Lazada,Nakhon Ratchasima,838,TV_Show,Credit_Card,21,3,5,1,30-40,27.933333333333334,0.0,0.0,0.0,-1,-1,0.0,0.0,0.0,0.0,0.0,0.0,0,0,0.0,0.0,0,0,0.0,0.0,0,0,0.0,0.0,0,0,0.0,0
LGS2ORD0008449,C010623,2025-03-08 22:00:00,Male,52,Silver,CallCenter,Nakhon Ratchasima,743,Web,COD,22,3,5,1,>50,24.766666666666666,2.0,0.0,0.0,-1,5,8520.26,0.2,0.5,0.0,0.0,5795.76,1,0,0.0,5795.76,1,0,0.0,17040.52,2,0,0.0,17040.52,2,0,0.0,0
LGS2ORD0008450,C013021,2025-03-08 22:00:00,Male,65,Gold,TV,Khon Kaen,1165,Web,COD,22,3,5,1,>50,38.833333333333336,0.0,0.0,0.0,-1,-1,0.0,0.0,0.0,0.0,0.0,0.0,0,0,0.0,0.0,0,0,0.0,0.0,0,0,0.0,0.0,0,0,0.0,0
LGS2ORD0008451,C013016,2025-03-08 22:00:00,Female,56,Bronze,Lazada,Remote_Area,1081,Shopee,Bank_Transfer,22,3,5,1,>50,36.03333333333333,1.0,0.0,0.0,-1,4,958.35,0.23,0.0,1.0,0.0,958.35,1,0,0.0,958.35,1,0,0.0,958.35,1,0,0.0,958.35,1,0,0.0,0
LGS2ORD0008452,C013858,2025-03-08 22:00:00,Male,48,Bronze,Shopee,Nakhon Ratchasima,762,CallCenter,PromptPay,22,3,5,1,40-50,25.4,0.0,0.0,0.0,-1,-1,0.0,0.0,0.0,0.0,0.0,0.0,0,0,0.0,0.0,0,0,0.0,0.0,0,0,0.0,0.0,0,0,0.0,1
LGS2ORD0008453,C016013,2025-03-08 22:00:00,Male,55,Bronze,Lazada,Khon Kaen,311,TV_Show,COD,22,3,5,1,>50,10.366666666666667,0.0,0.0,0.0,-1,-1,0.0,0.0,0.0,0.0,0.0,0.0,0,0,0.0,0.0,0,0,0.0,0.0,0,0,0.0,0.0,0,0,0.0,0
LGS2ORD0008454,C012057,2025-03-08 23:00:00,Male,43,Gold,TV,Bangkok,151,Shopee,Bank_Transfer,23,3,5,1,40-50,5.033333333333333,0.0,0.0,0.0,-1,-1,0.0,0.0,0.0,0.0,0.0,0.0,0,0,0.0,0.0,0,0,0.0,0.0,0,0,0.0,0.0,0,0,0.0,0
LGS2ORD0008455,C010588,2025-03-08 23:00:00,Male,40,Bronze,Shopee,Remote_Area,1163,CallCenter,PromptPay,23,3,5,1,30-40,38.766666666666666,2.0,0.0,0.0,-1,12,2543.33,0.23,0.5,0.5,0.0,0.0,0,0,0.0,5086.66,2,0,0.0,5086.66,2,0,0.0,5086.66,2,0,0.0,0
LGS2ORD0008456,C017033,2025-03-08 23:00:00,Female,48,Silver,Lazada,Bangkok,1487,TV_Show,PromptPay,23,3,5,1,40-50,49.56666666666667,1.0,0.0,0.0,-1,58,2048.89,0.2,0.0,0.0,0.0,0.0,0,0,0.0,0.0,0,0,0.0,2048.89,1,0,0.0,2048.89,1,0,0.0,0
LGS2ORD0008457,C010169,2025-03-08 23:00:00,Male,53,Bronze,Lazada,Remote_Area,1298,Web,Credit_Card,23,3,5,1,>50,43.266666666666666,4.0,1.0,0.25,25,7,3746.2375,0.23,0.25,0.5,0.0,0.0,0,0,0.0,5768.19,2,0,0.0,14984.95,4,1,0.25,14984.95,4,1,0.25,0
LGS2ORD0008458,C010887,2025-03-08 23:00:00,Other,36,Gold,Web,Khon Kaen,720,Lazada,COD,23,3,5,1,30-40,24.0,0.0,0.0,0.0,-1,-1,0.0,0.0,0.0,0.0,0.0,0.0,0,0,0.0,0.0,0,0,0.0,0.0,0,0,0.0,0.0,0,0,0.0,0
LGS2ORD0008459,C014946,2025-03-09 00:00:00,Male,36,Bronze,TV,Khon Kaen,1123,CallCenter,COD,0,3,6,1,30-40,37.43333333333333,0.0,0.0,0.0,-1,-1,0.0,0.0,0.0,0.0,0.0,0.0,0,0,0.0,0.0,0,0,0.0,0.0,0,0,0.0,0.0,0,0,0.0,1
LGS2ORD0008460,C016938,2025-03-09 00:00:00,Male,18,Silver,Shopee,Bangkok,864,TV_Show,COD,0,3,6,1,<20,28.8,1.0,1.0,1.0,15,26,2188.11,0.05,0.0,0.0,0.0,0.0,0,0,0.0,2188.11,1,1,1.0,2188.11,1,1,1.0,2188.11,1,1,1.0,1
LGS2ORD0008461,C011750,2025-03-09 00:00:00,Female,59,Bronze,TV,Khon Kaen,276,Shopee,COD,0,3,6,1,>50,9.2,4.0,2.0,0.5,-1,2,5325.172500000001,0.28,1.0,0.5,0.0,8487.33,1,1,1.0,8487.33,1,1,1.0,21300.690000000002,4,2,0.5,21300.690000000002,4,2,0.5,0
LGS2ORD0008462,C013966,2025-03-09 00:00:00,Male,25,Bronze,Shopee,Chiang Mai,255,TV_Show,Credit_Card,0,3,6,1,20-30,8.5,0.0,0.0,0.0,-1,-1,0.0,0.0,0.0,0.0,0.0,0.0,0,0,0.0,0.0,0,0,0.0,0.0,0,0,0.0,0.0,0,0,0.0,1
LGS2ORD0008463,C013636,2025-03-09 00:00:00,Female,45,Bronze,Shopee,Khon Kaen,966,Shopee,COD,0,3,6,1,40-50,32.2,1.0,0.0,0.0,-1,55,2553.14,0.03,0.0,0.0,0.0,0.0,0,0,0.0,0.0,0,0,0.0,2553.14,1,0,0.0,2553.14,1,0,0.0,0
LGS2ORD0008464,C014626,2025-03-09 01:00:00,Male,43,Bronze,Shopee,Khon Kaen,944,TV_Show,Credit_Card,1,3,6,1,40-50,31.466666666666665,1.0,1.0,1.0,52,61,1684.85,0.23,0.0,1.0,0.0,0.0,0,0,0.0,0.0,0,0,0.0,1684.85,1,1,1.0,1684.85,1,1,1.0,0
LGS2ORD0008465,C010735,2025-03-09 01:00:00,Female,34,Bronze,Web,Bangkok,589,Shopee,COD,1,3,6,1,30-40,19.633333333333333,2.0,1.0,0.5,-9,0,812.185,0.28,0.0,1.0,0.0,436.02,1,1,1.0,436.02,1,1,1.0,1624.37,2,1,0.5,1624.37,2,1,0.5,0
LGS2ORD0008466,C016082,2025-03-09 01:00:00,Female,44,Bronze,TV,Phuket,1095,Web,Credit_Card,1,3,6,1,40-50,36.5,1.0,1.0,1.0,39,50,15913.11,0.23,0.0,1.0,0.0,0.0,0,0,0.0,0.0,0,0,0.0,15913.11,1,1,1.0,15913.11,1,1,1.0,0
LGS2ORD0008467,C010798,2025-03-09 01:00:00,Female,28,Silver,Lazada,Phuket,274,TV_Show,COD,1,3,6,1,20-30,9.133333333333333,1.0,1.0,1.0,46,57,8552.59,0.25,0.0,1.0,0.0,0.0,0,0,0.0,0.0,0,0,0.0,8552.59,1,1,1.0,8552.59,1,1,1.0,0
LGS2ORD0008468,C011122,2025-03-09 01:00:00,Female,44,Gold,Web,Songkhla,849,Shopee,COD,1,3,6,1,40-50,28.3,1.0,0.0,0.0,-1,35,582.59,0.13,1.0,0.0,0.0,0.0,0,0,0.0,0.0,0,0,0.0,582.59,1,0,0.0,582.59,1,0,0.0,1
LGS2ORD0008469,C010759,2025-03-09 01:00:00,Female,51,Silver,TV,Nakhon Ratchasima,445,Shopee,PromptPay,1,3,6,1,>50,14.833333333333334,1.0,0.0,0.0,-1,35,19884.34,0.1,0.0,0.0,0.0,0.0,0,0,0.0,0.0,0,0,0.0,19884.34,1,0,0.0,19884.34,1,0,0.0,0
LGS2ORD0008470,C013163,2025-03-09 02:00:00,Female,48,Bronze,Shopee,Chiang Mai,373,Lazada,Credit_Card,2,3,6,1,40-50,12.433333333333334,1.0,1.0,1.0,15,27,11607.92,0.08,1.0,0.0,0.0,0.0,0,0,0.0,11607.92,1,1,1.0,11607.92,1,1,1.0,11607.92,1,1,1.0,0
LGS2ORD0008471,C011004,2025-03-09 02:00:00,Female,50,Bronze,TV,Chonburi,985,Web,COD,2,3,6,1,40-50,32.833333333333336,0.0,0.0,0.0,-1,-1,0.0,0.0,0.0,0.0,0.0,0.0,0,0,0.0,0.0,0,0,0.0,0.0,0,0,0.0,0.0,0,0,0.0,0
LGS2ORD0008472,C016709,2025-03-09 02:00:00,Female,46,Platinum,Shopee,Phuket,1299,Lazada,COD,2,3,6,1,40-50,43.3,1.0,0.0,0.0,-1,38,1786.58,0.3,1.0,1.0,0.0,0.0,0,0,0.0,0.0,0,0,0.0,1786.58,1,0,0.0,1786.58,1,0,0.0,1
LGS2ORD0008473,C011452,2025-03-09 02:00:00,Male,49,Platinum,Shopee,Nakhon Ratchasima,495,Web,Bank_Transfer,2,3,6,1,40-50,16.5,2.0,0.0,0.0,-1,36,2335.97,0.3,0.0,1.0,0.0,0.0,0,0,0.0,0.0,0,0,0.0,4671.94,2,0,0.0,4671.94,2,0,0.0,0
LGS2ORD0008474,C012440,2025-03-09 02:00:00,Female,48,Silver,TV,Khon Kaen,677,CallCenter,COD,2,3,6,1,40-50,22.566666666666666,1.0,0.0,0.0,-1,21,8056.43,0.2,0.0,0.0,0.0,0.0,0,0,0.0,8056.43,1,0,0.0,8056.43,1,0,0.0,8056.43,1,0,0.0,0
LGS2ORD0008475,C011156,2025-03-09 03:00:00,Male,46,Platinum,TV,Songkhla,453,TV_Show,Credit_Card,3,3,6,1,40-50,15.1,0.0,0.0,0.0,-1,-1,0.0,0.0,0.0,0.0,0.0,0.0,0,0,0.0,0.0,0,0,0.0,0.0,0,0,0.0,0.0,0,0,0.0,0
LGS2ORD0008476,C016086,2025-03-09 03:00:00,Female,44,Bronze,Shopee,Remote_Area,1047,TV_Show,COD,3,3,6,1,40-50,34.9,0.0,0.0,0.0,-1,-1,0.0,0.0,0.0,0.0,0.0,0.0,0,0,0.0,0.0,0,0,0.0,0.0,0,0,0.0,0.0,0,0,0.0,0
LGS2ORD0008477,C010938,2025-03-09 03:00:00,Female,54,Silver,TV,Bangkok,1500,TV_Show,Credit_Card,3,3,6,1,>50,50.0,0.0,0.0,0.0,-1,-1,0.0,0.0,0.0,0.0,0.0,0.0,0,0,0.0,0.0,0,0,0.0,0.0,0,0,0.0,0.0,0,0,0.0,0
LGS2ORD0008478,C017030,2025-03-09 03:00:00,Male,46,Gold,Lazada,Chiang Mai,151,Lazada,COD,3,3,6,1,40-50,5.033333333333333,0.0,0.0,0.0,-1,-1,0.0,0.0,0.0,0.0,0.0,0.0,0,0,0.0,0.0,0,0,0.0,0.0,0,0,0.0,0.0,0,0,0.0,0
LGS2ORD0008479,C010800,2025-03-09 03:00:00,Female,46,Bronze,Web,Nakhon Ratchasima,448,CallCenter,COD,3,3,6,1,40-50,14.933333333333334,1.0,0.0,0.0,-1,11,757.08,0.08,0.0,0.0,0.0,0.0,0,0,0.0,757.08,1,0,0.0,757.08,1,0,0.0,757.08,1,0,0.0,0
LGS2ORD0008480,C016307,2025-03-09 04:00:00,Male,40,Silver,Shopee,Nakhon Ratchasima,1463,TV_Show,COD,4,3,6,1,30-40,48.766666666666666,3.0,0.0,0.0,-1,0,1737.9533333333336,0.2,0.3333333333333333,0.0,0.0,1767.81,1,0,0.0,1767.81,1,0,0.0,5213.860000000001,3,0,0.0,5213.860000000001,3,0,0.0,0
LGS2ORD0008481,C015105,2025-03-09 04:00:00,Male,63,Bronze,Lazada,Chonburi,925,Lazada,Bank_Transfer,4,3,6,1,>50,30.833333333333332,1.0,1.0,1.0,40,51,13571.44,0.03,0.0,0.0,0.0,0.0,0,0,0.0,0.0,0,0,0.0,13571.44,1,1,1.0,13571.44,1,1,1.0,0
LGS2ORD0008482,C017278,2025-03-09 04:00:00,Male,43,Gold,Shopee,Bangkok,501,Shopee,COD,4,3,6,1,40-50,16.7,0.0,0.0,0.0,-1,-1,0.0,0.0,0.0,0.0,0.0,0.0,0,0,0.0,0.0,0,0,0.0,0.0,0,0,0.0,0.0,0,0,0.0,0
LGS2ORD0008483,C013446,2025-03-09 04:00:00,Male,41,Gold,TV,Chiang Mai,87,Lazada,COD,4,3,6,1,40-50,2.9,2.0,0.0,0.0,-1,10,1959.06,0.2299999999999999,0.0,0.5,0.0,0.0,0,0,0.0,1148.01,1,0,0.0,3918.12,2,0,0.0,3918.12,2,0,0.0,0
LGS2ORD0008484,C013036,2025-03-09 04:00:00,Female,31,Bronze,Shopee,Chonburi,374,CallCenter,COD,4,3,6,1,30-40,12.466666666666667,0.0,0.0,0.0,-1,-1,0.0,0.0,0.0,0.0,0.0,0.0,0,0,0.0,0.0,0,0,0.0,0.0,0,0,0.0,0.0,0,0,0.0,0
LGS2ORD0008485,C011047,2025-03-09 05:00:00,Female,26,Silver,Lazada,Bangkok,1142,CallCenter,COD,5,3,6,1,20-30,38.06666666666667,0.0,0.0,0.0,-1,-1,0.0,0.0,0.0,0.0,0.0,0.0,0,0,0.0,0.0,0,0,0.0,0.0,0,0,0.0,0.0,0,0,0.0,0
LGS2ORD0008486,C017216,2025-03-09 05:00:00,Other,45,Bronze,Lazada,Songkhla,702,TV_Show,Credit_Card,5,3,6,1,40-50,23.4,1.0,1.0,1.0,6,15,1926.54,0.03,0.0,0.0,0.0,0.0,0,0,0.0,1926.54,1,1,1.0,1926.54,1,1,1.0,1926.54,1,1,1.0,0
LGS2ORD0008487,C016196,2025-03-09 05:00:00,Female,53,Silver,Shopee,Phuket,1292,Web,COD,5,3,6,1,>50,43.06666666666667,1.0,0.0,0.0,-1,3,863.48,0.05,1.0,0.0,0.0,863.48,1,0,0.0,863.48,1,0,0.0,863.48,1,0,0.0,863.48,1,0,0.0,0
LGS2ORD0008488,C011447,2025-03-09 05:00:00,Male,39,Gold,TV,Chonburi,181,Lazada,COD,5,3,6,1,30-40,6.033333333333333,2.0,0.0,0.0,-1,44,5945.005,0.2299999999999999,0.5,0.5,0.0,0.0,0,0,0.0,0.0,0,0,0.0,11890.01,2,0,0.0,11890.01,2,0,0.0,0
LGS2ORD0008489,C010782,2025-03-09 05:00:00,Female,46,Gold,Shopee,Remote_Area,501,Web,COD,5,3,6,1,40-50,16.7,2.0,0.0,0.0,-1,10,1520.18,0.18,0.0,0.0,0.0,0.0,0,0,0.0,2261.07,1,0,0.0,3040.36,2,0,0.0,3040.36,2,0,0.0,0
LGS2ORD0008490,C011460,2025-03-09 05:00:00,Female,59,Silver,CallCenter,Songkhla,836,TV_Show,PromptPay,5,3,6,1,>50,27.866666666666667,1.0,1.0,1.0,-2,4,1693.82,0.25,0.0,1.0,0.0,1693.82,1,1,1.0,1693.82,1,1,1.0,1693.82,1,1,1.0,1693.82,1,1,1.0,0
LGS2ORD0008491,C011908,2025-03-09 06:00:00,Male,39,Platinum,CallCenter,Bangkok,448,CallCenter,PromptPay,6,3,6,1,30-40,14.933333333333334,0.0,0.0,0.0,-1,-1,0.0,0.0,0.0,0.0,0.0,0.0,0,0,0.0,0.0,0,0,0.0,0.0,0,0,0.0,0.0,0,0,0.0,0
LGS2ORD0008492,C011077,2025-03-09 06:00:00,Female,71,Bronze,Shopee,Chonburi,1013,TV_Show,COD,6,3,6,1,>50,33.766666666666666,2.0,0.0,0.0,-1,57,2233.21,0.18,0.5,0.0,0.0,0.0,0,0,0.0,0.0,0,0,0.0,4466.42,2,0,0.0,4466.42,2,0,0.0,0
LGS2ORD0008493,C012245,2025-03-09 06:00:00,Female,22,Bronze,Web,Bangkok,1319,TV_Show,COD,6,3,6,1,20-30,43.96666666666667,2.0,0.0,0.0,-1,11,5668.3099999999995,0.28,0.5,0.5,0.0,0.0,0,0,0.0,5941.11,1,0,0.0,11336.619999999999,2,0,0.0,11336.619999999999,2,0,0.0,1
LGS2ORD0008494,C017558,2025-03-09 06:00:00,Male,45,Bronze,Shopee,Phuket,1247,Shopee,COD,6,3,6,1,40-50,41.56666666666667,1.0,0.0,0.0,-1,40,4202.3,0.08,0.0,0.0,0.0,0.0,0,0,0.0,0.0,0,0,0.0,4202.3,1,0,0.0,4202.3,1,0,0.0,1
LGS2ORD0008495,C017848,2025-03-09 06:00:00,Male,44,Silver,TV,Chonburi,463,TV_Show,COD,6,3,6,1,40-50,15.433333333333334,1.0,0.0,0.0,-1,46,8544.49,0.1,0.0,0.0,0.0,0.0,0,0,0.0,0.0,0,0,0.0,8544.49,1,0,0.0,8544.49,1,0,0.0,0
LGS2ORD0008496,C011387,2025-03-09 07:00:00,Male,59,Silver,TV,Phuket,623,Shopee,Bank_Transfer,7,3,6,1,>50,20.766666666666666,1.0,1.0,1.0,30,47,2072.98,0.05,0.0,0.0,0.0,0.0,0,0,0.0,0.0,0,0,0.0,2072.98,1,1,1.0,2072.98,1,1,1.0,1
LGS2ORD0008497,C012419,2025-03-09 07:00:00,Male,45,Gold,Lazada,Remote_Area,1315,TV_Show,PromptPay,7,3,6,1,40-50,43.833333333333336,0.0,0.0,0.0,-1,-1,0.0,0.0,0.0,0.0,0.0,0.0,0,0,0.0,0.0,0,0,0.0,0.0,0,0,0.0,0.0,0,0,0.0,0
LGS2ORD0008498,C012749,2025-03-09 07:00:00,Male,51,Silver,Shopee,Chonburi,1108,Lazada,COD,7,3,6,1,>50,36.93333333333333,0.0,0.0,0.0,-1,-1,0.0,0.0,0.0,0.0,0.0,0.0,0,0,0.0,0.0,0,0,0.0,0.0,0,0,0.0,0.0,0,0,0.0,0
LGS2ORD0008499,C017119,2025-03-09 07:00:00,Female,46,Silver,Shopee,Chonburi,707,Shopee,Credit_Card,7,3,6,1,40-50,23.566666666666666,2.0,0.0,0.0,-1,8,11360.869999999999,0.25,1.0,0.5,0.0,0.0,0,0,0.0,22721.739999999998,2,0,0.0,22721.739999999998,2,0,0.0,22721.739999999998,2,0,0.0,0
LGS2ORD0008500,C017105,2025-03-09 07:00:00,Female,35,Gold,Web,Khon Kaen,1188,Shopee,Bank_Transfer,7,3,6,1,30-40,39.6,0.0,0.0,0.0,-1,-1,0.0,0.0,0.0,0.0,0.0,0.0,0,0,0.0,0.0,0,0,0.0,0.0,0,0,0.0,0.0,0,0,0.0,0
LGS2ORD0008501,C012523,2025-03-09 08:00:00,Female,51,Bronze,TV,Chonburi,1149,Web,Credit_Card,8,3,6,1,>50,38.3,1.0,1.0,1.0,51,59,9832.88,0.03,1.0,0.0,0.0,0.0,0,0,0.0,0.0,0,0,0.0,9832.88,1,1,1.0,9832.88,1,1,1.0,0
LGS2ORD0008502,C013651,2025-03-09 08:00:00,Female,29,Gold,Web,Bangkok,985,Lazada,PromptPay,8,3,6,1,20-30,32.833333333333336,1.0,1.0,1.0,2,11,1213.25,0.2299999999999999,1.0,1.0,0.0,0.0,0,0,0.0,1213.25,1,1,1.0,1213.25,1,1,1.0,1213.25,1,1,1.0,0
LGS2ORD0008503,C014127,2025-03-09 08:00:00,Female,40,Silver,TV,Phuket,412,CallCenter,COD,8,3,6,1,30-40,13.733333333333333,1.0,0.0,0.0,-1,50,578.27,0.2,0.0,0.0,0.0,0.0,0,0,0.0,0.0,0,0,0.0,578.27,1,0,0.0,578.27,1,0,0.0,1
LGS2ORD0008504,C010207,2025-03-09 08:00:00,Female,49,Bronze,CallCenter,Songkhla,217,Lazada,Credit_Card,8,3,6,1,40-50,7.233333333333333,1.0,1.0,1.0,58,65,5357.05,0.18,1.0,0.0,0.0,0.0,0,0,0.0,0.0,0,0,0.0,5357.05,1,1,1.0,5357.05,1,1,1.0,0
LGS2ORD0008505,C014181,2025-03-09 08:00:00,Female,42,Gold,Lazada,Chiang Mai,611,Shopee,COD,8,3,6,1,40-50,20.366666666666667,0.0,0.0,0.0,-1,-1,0.0,0.0,0.0,0.0,0.0,0.0,0,0,0.0,0.0,0,0,0.0,0.0,0,0,0.0,0.0,0,0,0.0,0
LGS2ORD0008506,C011831,2025-03-09 08:00:00,Female,69,Bronze,TV,Songkhla,955,Shopee,Credit_Card,8,3,6,1,>50,31.833333333333332,0.0,0.0,0.0,-1,-1,0.0,0.0,0.0,0.0,0.0,0.0,0,0,0.0,0.0,0,0,0.0,0.0,0,0,0.0,0.0,0,0,0.0,0
LGS2ORD0008507,C015340,2025-03-09 09:00:00,Female,42,Silver,TV,Chiang Mai,1158,Shopee,Credit_Card,9,3,6,1,40-50,38.6,1.0,0.0,0.0,-1,20,2823.08,0.05,1.0,0.0,0.0,0.0,0,0,0.0,2823.08,1,0,0.0,2823.08,1,0,0.0,2823.08,1,0,0.0,0
LGS2ORD0008508,C015887,2025-03-09 09:00:00,Female,47,Silver,Lazada,Bangkok,145,Web,PromptPay,9,3,6,1,40-50,4.833333333333333,2.0,0.0,0.0,-1,21,9051.92,0.25,0.5,0.5,0.0,0.0,0,0,0.0,18103.84,2,0,0.0,18103.84,2,0,0.0,18103.84,2,0,0.0,0
LGS2ORD0008509,C014305,2025-03-09 09:00:00,Female,32,Bronze,Lazada,Bangkok,287,Lazada,COD,9,3,6,1,30-40,9.566666666666666,1.0,0.0,0.0,-1,51,1151.01,0.08,1.0,0.0,0.0,0.0,0,0,0.0,0.0,0,0,0.0,1151.01,1,0,0.0,1151.01,1,0,0.0,1
LGS2ORD0008510,C014321,2025-03-09 09:00:00,Female,35,Gold,Web,Bangkok,1486,CallCenter,COD,9,3,6,1,30-40,49.53333333333333,0.0,0.0,0.0,-1,-1,0.0,0.0,0.0,0.0,0.0,0.0,0,0,0.0,0.0,0,0,0.0,0.0,0,0,0.0,0.0,0,0,0.0,0
LGS2ORD0008511,C014705,2025-03-09 09:00:00,Male,32,Platinum,Lazada,Bangkok,1514,TV_Show,PromptPay,9,3,6,1,30-40,50.46666666666667,0.0,0.0,0.0,-1,-1,0.0,0.0,0.0,0.0,0.0,0.0,0,0,0.0,0.0,0,0,0.0,0.0,0,0,0.0,0.0,0,0,0.0,0
LGS2ORD0008512,C016716,2025-03-09 10:00:00,Female,48,Silver,Lazada,Bangkok,290,Shopee,COD,10,3,6,1,40-50,9.666666666666666,2.0,0.0,0.0,-1,27,4355.415,0.25,0.5,0.5,0.0,0.0,0,0,0.0,6610.71,1,0,0.0,8710.83,2,0,0.0,8710.83,2,0,0.0,0
LGS2ORD0008513,C011934,2025-03-09 10:00:00,Male,49,Bronze,Lazada,Bangkok,420,Lazada,COD,10,3,6,1,40-50,14.0,0.0,0.0,0.0,-1,-1,0.0,0.0,0.0,0.0,0.0,0.0,0,0,0.0,0.0,0,0,0.0,0.0,0,0,0.0,0.0,0,0,0.0,0
LGS2ORD0008514,C017738,2025-03-09 10:00:00,Male,29,Bronze,Shopee,Chonburi,255,Shopee,Credit_Card,10,3,6,1,20-30,8.5,0.0,0.0,0.0,-1,-1,0.0,0.0,0.0,0.0,0.0,0.0,0,0,0.0,0.0,0,0,0.0,0.0,0,0,0.0,0.0,0,0,0.0,0
LGS2ORD0008515,C017219,2025-03-09 10:00:00,Female,63,Gold,Web,Bangkok,659,TV_Show,PromptPay,10,3,6,1,>50,21.966666666666665,0.0,0.0,0.0,-1,-1,0.0,0.0,0.0,0.0,0.0,0.0,0,0,0.0,0.0,0,0,0.0,0.0,0,0,0.0,0.0,0,0,0.0,1
LGS2ORD0008516,C011015,2025-03-09 10:00:00,Female,41,Silver,CallCenter,Bangkok,950,Web,COD,10,3,6,1,40-50,31.666666666666668,0.0,0.0,0.0,-1,-1,0.0,0.0,0.0,0.0,0.0,0.0,0,0,0.0,0.0,0,0,0.0,0.0,0,0,0.0,0.0,0,0,0.0,0
LGS2ORD0008517,C016302,2025-03-09 11:00:00,Male,59,Silver,CallCenter,Chonburi,593,Web,PromptPay,11,3,6,1,>50,19.766666666666666,2.0,0.0,0.0,-1,3,12040.625,0.2,0.0,0.0,0.0,9562.1,1,0,0.0,9562.1,1,0,0.0,24081.25,2,0,0.0,24081.25,2,0,0.0,0
LGS2ORD0008518,C012518,2025-03-09 11:00:00,Other,46,Bronze,CallCenter,Khon Kaen,390,TV_Show,Credit_Card,11,3,6,1,40-50,13.0,1.0,0.0,0.0,-1,61,18183.43,0.13,0.0,0.0,0.0,0.0,0,0,0.0,0.0,0,0,0.0,18183.43,1,0,0.0,18183.43,1,0,0.0,1
LGS2ORD0008519,C013514,2025-03-09 11:00:00,Male,18,Platinum,Web,Chonburi,1500,TV_Show,PromptPay,11,3,6,1,<20,50.0,0.0,0.0,0.0,-1,-1,0.0,0.0,0.0,0.0,0.0,0.0,0,0,0.0,0.0,0,0,0.0,0.0,0,0,0.0,0.0,0,0,0.0,0
LGS2ORD0008520,C014654,2025-03-09 11:00:00,Female,42,Gold,TV,Nakhon Ratchasima,781,Web,PromptPay,11,3,6,1,40-50,26.033333333333335,2.0,1.0,0.5,21,23,5486.355,0.33,0.5,1.0,0.0,0.0,0,0,0.0,10972.71,2,1,0.5,10972.71,2,1,0.5,10972.71,2,1,0.5,0
LGS2ORD0008521,C016275,2025-03-09 11:00:00,Male,38,Silver,Web,Songkhla,926,CallCenter,COD,11,3,6,1,30-40,30.866666666666667,1.0,0.0,0.0,-1,1,1401.74,0.15,0.0,0.0,0.0,1401.74,1,0,0.0,1401.74,1,0,0.0,1401.74,1,0,0.0,1401.74,1,0,0.0,0
LGS2ORD0008522,C012619,2025-03-09 12:00:00,Female,29,Bronze,Web,Khon Kaen,550,Lazada,Credit_Card,12,3,6,1,20-30,18.333333333333332,2.0,1.0,0.5,50,21,1696.81,0.28,0.5,0.5,0.0,0.0,0,0,0.0,1027.15,1,0,0.0,3393.62,2,1,0.5,3393.62,2,1,0.5,0
LGS2ORD0008523,C012236,2025-03-09 12:00:00,Male,25,Bronze,Shopee,Nakhon Ratchasima,472,CallCenter,COD,12,3,6,1,20-30,15.733333333333333,3.0,0.0,0.0,-1,29,3462.16,0.28,0.0,0.3333333333333333,0.0,0.0,0,0,0.0,5784.54,1,0,0.0,10386.48,3,0,0.0,10386.48,3,0,0.0,0
LGS2ORD0008524,C011804,2025-03-09 12:00:00,Male,45,Bronze,TV,Khon Kaen,664,Shopee,COD,12,3,6,1,40-50,22.133333333333333,0.0,0.0,0.0,-1,-1,0.0,0.0,0.0,0.0,0.0,0.0,0,0,0.0,0.0,0,0,0.0,0.0,0,0,0.0,0.0,0,0,0.0,0
LGS2ORD0008525,C016110,2025-03-09 12:00:00,Female,49,Silver,Web,Phuket,1475,Web,PromptPay,12,3,6,1,40-50,49.166666666666664,0.0,0.0,0.0,-1,-1,0.0,0.0,0.0,0.0,0.0,0.0,0,0,0.0,0.0,0,0,0.0,0.0,0,0,0.0,0.0,0,0,0.0,0
LGS2ORD0008526,C015765,2025-03-09 12:00:00,Female,28,Bronze,Shopee,Bangkok,101,Lazada,COD,12,3,6,1,20-30,3.3666666666666667,1.0,0.0,0.0,-1,19,1923.56,0.28,0.0,1.0,0.0,0.0,0,0,0.0,1923.56,1,0,0.0,1923.56,1,0,0.0,1923.56,1,0,0.0,0
LGS2ORD0008527,C012235,2025-03-09 12:00:00,Female,49,Platinum,Shopee,Phuket,1278,TV_Show,Credit_Card,12,3,6,1,40-50,42.6,0.0,0.0,0.0,-1,-1,0.0,0.0,0.0,0.0,0.0,0.0,0,0,0.0,0.0,0,0,0.0,0.0,0,0,0.0,0.0,0,0,0.0,0
LGS2ORD0008528,C017013,2025-03-09 13:00:00,Female,42,Silver,CallCenter,Nakhon Ratchasima,1312,Shopee,Credit_Card,13,3,6,1,40-50,43.733333333333334,3.0,0.0,0.0,-1,9,11267.199999999999,0.3,0.3333333333333333,0.6666666666666666,0.0,0.0,0,0,0.0,18066.71,2,0,0.0,33801.6,3,0,0.0,33801.6,3,0,0.0,0
LGS2ORD0008529,C011912,2025-03-09 13:00:00,Female,46,Gold,Shopee,Chiang Mai,818,Lazada,Credit_Card,13,3,6,1,40-50,27.266666666666666,1.0,0.0,0.0,-1,54,2354.8,0.18,0.0,0.0,0.0,0.0,0,0,0.0,0.0,0,0,0.0,2354.8,1,0,0.0,2354.8,1,0,0.0,0
LGS2ORD0008530,C014680,2025-03-09 13:00:00,Female,50,Gold,TV,Bangkok,649,Shopee,COD,13,3,6,1,40-50,21.633333333333333,0.0,0.0,0.0,-1,-1,0.0,0.0,0.0,0.0,0.0,0.0,0,0,0.0,0.0,0,0,0.0,0.0,0,0,0.0,0.0,0,0,0.0,0
LGS2ORD0008531,C014651,2025-03-09 13:00:00,Female,51,Gold,Shopee,Chonburi,152,Shopee,COD,13,3,6,1,>50,5.066666666666666,2.0,0.0,0.0,-1,5,1142.975,0.28,0.5,1.0,0.0,661.46,1,0,0.0,2285.95,2,0,0.0,2285.95,2,0,0.0,2285.95,2,0,0.0,1
LGS2ORD0008532,C012089,2025-03-09 13:00:00,Female,26,Bronze,Web,Chonburi,381,TV_Show,Credit_Card,13,3,6,1,20-30,12.7,2.0,1.0,0.5,5,20,3447.385,0.03,1.0,0.0,0.0,0.0,0,0,0.0,4518.95,1,1,1.0,6894.77,2,1,0.5,6894.77,2,1,0.5,0
LGS2ORD0008533,C010443,2025-03-09 14:00:00,Female,50,Silver,TV,Songkhla,1384,TV_Show,PromptPay,14,3,6,1,40-50,46.13333333333333,1.0,0.0,0.0,-1,11,2436.83,0.1,1.0,0.0,0.0,0.0,0,0,0.0,2436.83,1,0,0.0,2436.83,1,0,0.0,2436.83,1,0,0.0,0
LGS2ORD0008534,C014129,2025-03-09 14:00:00,Female,52,Gold,Web,Songkhla,408,Web,COD,14,3,6,1,>50,13.6,0.0,0.0,0.0,-1,-1,0.0,0.0,0.0,0.0,0.0,0.0,0,0,0.0,0.0,0,0,0.0,0.0,0,0,0.0,0.0,0,0,0.0,0
LGS2ORD0008535,C011512,2025-03-09 14:00:00,Female,34,Bronze,Web,Bangkok,527,Lazada,COD,14,3,6,1,30-40,17.566666666666666,1.0,0.0,0.0,-1,3,3351.73,0.08,0.0,0.0,0.0,3351.73,1,0,0.0,3351.73,1,0,0.0,3351.73,1,0,0.0,3351.73,1,0,0.0,0
LGS2ORD0008536,C014860,2025-03-09 14:00:00,Male,33,Bronze,TV,Songkhla,1148,Shopee,Credit_Card,14,3,6,1,30-40,38.266666666666666,3.0,0.0,0.0,-1,8,6045.656666666667,0.28,0.3333333333333333,0.3333333333333333,0.0,0.0,0,0,0.0,3831.45,1,0,0.0,18136.97,3,0,0.0,18136.97,3,0,0.0,0
LGS2ORD0008537,C016988,2025-03-09 14:00:00,Male,36,Bronze,TV,Phuket,861,TV_Show,COD,14,3,6,1,30-40,28.7,2.0,1.0,0.5,44,15,7391.38,0.18,1.0,0.0,0.0,0.0,0,0,0.0,10709.54,1,0,0.0,14782.76,2,1,0.5,14782.76,2,1,0.5,1
LGS2ORD0008538,C012506,2025-03-09 15:00:00,Female,54,Bronze,CallCenter,Bangkok,621,Web,COD,15,3,6,1,>50,20.7,3.0,0.0,0.0,-1,15,3532.623333333333,0.28,0.6666666666666666,0.6666666666666666,0.0,0.0,0,0,0.0,10597.869999999999,3,0,0.0,10597.869999999999,3,0,0.0,10597.869999999999,3,0,0.0,1
LGS2ORD0008539,C010003,2025-03-09 15:00:00,Male,38,Bronze,Shopee,Khon Kaen,1231,TV_Show,COD,15,3,6,1,30-40,41.03333333333333,2.0,0.0,0.0,-1,34,2782.545,0.18,0.0,0.0,0.0,0.0,0,0,0.0,0.0,0,0,0.0,5565.09,2,0,0.0,5565.09,2,0,0.0,0
LGS2ORD0008540,C010129,2025-03-09 15:00:00,Male,21,Bronze,TV,Remote_Area,1207,CallCenter,COD,15,3,6,1,20-30,40.233333333333334,1.0,0.0,0.0,-1,40,1125.81,0.03,1.0,0.0,0.0,0.0,0,0,0.0,0.0,0,0,0.0,1125.81,1,0,0.0,1125.81,1,0,0.0,0
LGS2ORD0008541,C016662,2025-03-09 15:00:00,Male,46,Bronze,Web,Remote_Area,926,CallCenter,Credit_Card,15,3,6,1,40-50,30.866666666666667,1.0,0.0,0.0,-1,10,1863.81,0.18,1.0,0.0,0.0,0.0,0,0,0.0,1863.81,1,0,0.0,1863.81,1,0,0.0,1863.81,1,0,0.0,0
LGS2ORD0008542,C014253,2025-03-09 15:00:00,Female,44,Bronze,Lazada,Phuket,1368,TV_Show,Bank_Transfer,15,3,6,1,40-50,45.6,0.0,0.0,0.0,-1,-1,0.0,0.0,0.0,0.0,0.0,0.0,0,0,0.0,0.0,0,0,0.0,0.0,0,0,0.0,0.0,0,0,0.0,0
LGS2ORD0008543,C013491,2025-03-09 16:00:00,Male,55,Gold,TV,Khon Kaen,311,Shopee,COD,16,3,6,1,>50,10.366666666666667,2.0,1.0,0.5,8,17,3116.925,0.2299999999999999,1.0,0.5,0.0,0.0,0,0,0.0,4389.79,1,1,1.0,6233.85,2,1,0.5,6233.85,2,1,0.5,0
LGS2ORD0008544,C013348,2025-03-09 16:00:00,Female,52,Silver,Lazada,Bangkok,194,Shopee,COD,16,3,6,1,>50,6.466666666666667,1.0,1.0,1.0,-10,1,3186.16,0.2,1.0,0.0,0.0,3186.16,1,1,1.0,3186.16,1,1,1.0,3186.16,1,1,1.0,3186.16,1,1,1.0,1
LGS2ORD0008545,C014792,2025-03-09 16:00:00,Male,43,Gold,Lazada,Bangkok,1107,Web,PromptPay,16,3,6,1,40-50,36.9,1.0,0.0,0.0,-1,41,842.64,0.13,0.0,0.0,0.0,0.0,0,0,0.0,0.0,0,0,0.0,842.64,1,0,0.0,842.64,1,0,0.0,0
LGS2ORD0008546,C013758,2025-03-09 16:00:00,Male,41,Silver,Lazada,Chonburi,954,Shopee,PromptPay,16,3,6,1,40-50,31.8,0.0,0.0,0.0,-1,-1,0.0,0.0,0.0,0.0,0.0,0.0,0,0,0.0,0.0,0,0,0.0,0.0,0,0,0.0,0.0,0,0,0.0,0
LGS2ORD0008547,C011912,2025-03-09 16:00:00,Female,46,Gold,Shopee,Chiang Mai,818,Shopee,PromptPay,16,3,6,1,40-50,27.266666666666666,2.0,0.0,0.0,-1,0,3457.245,0.2299999999999999,0.0,0.5,0.0,4559.69,1,0,0.0,4559.69,1,0,0.0,6914.49,2,0,0.0,6914.49,2,0,0.0,0
LGS2ORD0008548,C014063,2025-03-09 16:00:00,Male,40,Gold,TV,Chonburi,1125,Shopee,PromptPay,16,3,6,1,30-40,37.5,2.0,0.0,0.0,-1,22,3347.6499999999996,0.2299999999999999,0.5,1.0,0.0,0.0,0,0,0.0,2116.31,1,0,0.0,6695.299999999999,2,0,0.0,6695.299999999999,2,0,0.0,0
LGS2ORD0008549,C017322,2025-03-09 17:00:00,Female,18,Bronze,TV,Chiang Mai,1255,TV_Show,COD,17,3,6,1,<20,41.833333333333336,0.0,0.0,0.0,-1,-1,0.0,0.0,0.0,0.0,0.0,0.0,0,0,0.0,0.0,0,0,0.0,0.0,0,0,0.0,0.0,0,0,0.0,1
LGS2ORD0008550,C013838,2025-03-09 17:00:00,Male,60,Bronze,CallCenter,Remote_Area,163,TV_Show,Bank_Transfer,17,3,6,1,>50,5.433333333333334,4.0,2.0,0.5,3,8,3839.5575,0.28,0.5,0.25,0.0,0.0,0,0,0.0,11680.949999999999,2,1,0.5,15358.23,4,2,0.5,15358.23,4,2,0.5,0
LGS2ORD0008551,C017365,2025-03-09 17:00:00,Female,42,Gold,Shopee,Bangkok,264,Web,Bank_Transfer,17,3,6,1,40-50,8.8,2.0,1.0,0.5,19,29,15715.03,0.2299999999999999,0.5,1.0,0.0,0.0,0,0,0.0,27563.83,1,1,1.0,31430.06,2,1,0.5,31430.06,2,1,0.5,0
LGS2ORD0008552,C010473,2025-03-09 17:00:00,Male,44,Gold,TV,Phuket,121,Shopee,Credit_Card,17,3,6,1,40-50,4.033333333333333,1.0,0.0,0.0,-1,61,4734.18,0.13,0.0,0.0,0.0,0.0,0,0,0.0,0.0,0,0,0.0,4734.18,1,0,0.0,4734.18,1,0,0.0,0
LGS2ORD0008553,C016171,2025-03-09 17:00:00,Male,25,Silver,TV,Bangkok,183,TV_Show,COD,17,3,6,1,20-30,6.1,1.0,0.0,0.0,-1,11,27222.13,0.15,1.0,0.0,0.0,0.0,0,0,0.0,27222.13,1,0,0.0,27222.13,1,0,0.0,27222.13,1,0,0.0,0
LGS2ORD0008554,C011607,2025-03-09 18:00:00,Male,39,Bronze,Shopee,Chonburi,701,CallCenter,Credit_Card,18,3,6,1,30-40,23.366666666666667,1.0,1.0,1.0,8,21,1804.86,0.28,0.0,1.0,0.0,0.0,0,0,0.0,1804.86,1,1,1.0,1804.86,1,1,1.0,1804.86,1,1,1.0,0
LGS2ORD0008555,C011437,2025-03-09 18:00:00,Female,33,Silver,Web,Songkhla,1211,TV_Show,Credit_Card,18,3,6,1,30-40,40.36666666666667,1.0,1.0,1.0,32,46,1459.76,0.25,0.0,1.0,0.0,0.0,0,0,0.0,0.0,0,0,0.0,1459.76,1,1,1.0,1459.76,1,1,1.0,1
LGS2ORD0008556,C015366,2025-03-09 18:00:00,Female,36,Bronze,Shopee,Bangkok,1068,TV_Show,COD,18,3,6,1,30-40,35.6,0.0,0.0,0.0,-1,-1,0.0,0.0,0.0,0.0,0.0,0.0,0,0,0.0,0.0,0,0,0.0,0.0,0,0,0.0,0.0,0,0,0.0,0
LGS2ORD0008557,C010279,2025-03-09 18:00:00,Male,42,Gold,Web,Khon Kaen,1063,Shopee,COD,18,3,6,1,40-50,35.43333333333333,0.0,0.0,0.0,-1,-1,0.0,0.0,0.0,0.0,0.0,0.0,0,0,0.0,0.0,0,0,0.0,0.0,0,0,0.0,0.0,0,0,0.0,0
LGS2ORD0008558,C015932,2025-03-09 18:00:00,Female,46,Platinum,Shopee,Phuket,289,Web,Credit_Card,18,3,6,1,40-50,9.633333333333333,1.0,0.0,0.0,-1,67,2043.46,0.25,0.0,1.0,0.0,0.0,0,0,0.0,0.0,0,0,0.0,2043.46,1,0,0.0,2043.46,1,0,0.0,0
LGS2ORD0008559,C016387,2025-03-09 19:00:00,Female,56,Gold,CallCenter,Songkhla,528,Lazada,PromptPay,19,3,6,1,>50,17.6,1.0,0.0,0.0,-1,5,914.46,0.08,0.0,0.0,0.0,914.46,1,0,0.0,914.46,1,0,0.0,914.46,1,0,0.0,914.46,1,0,0.0,1
LGS2ORD0008560,C014857,2025-03-09 19:00:00,Female,69,Bronze,TV,Nakhon Ratchasima,1060,CallCenter,PromptPay,19,3,6,1,>50,35.333333333333336,2.0,1.0,0.5,34,12,3014.105,0.18,0.5,0.0,0.0,0.0,0,0,0.0,509.28,1,0,0.0,6028.21,2,1,0.5,6028.21,2,1,0.5,0
LGS2ORD0008561,C014896,2025-03-09 19:00:00,Male,31,Bronze,TV,Khon Kaen,1476,Web,COD,19,3,6,1,30-40,49.2,5.0,0.0,0.0,-1,6,5488.472,0.23,0.4,0.2,0.0,21583.89,2,0,0.0,23442.25,3,0,0.0,27442.36,5,0,0.0,27442.36,5,0,0.0,0
LGS2ORD0008562,C012961,2025-03-09 19:00:00,Female,55,Silver,Web,Phuket,1434,TV_Show,COD,19,3,6,1,>50,47.8,1.0,0.0,0.0,-1,16,10384.48,0.1,0.0,0.0,0.0,0.0,0,0,0.0,10384.48,1,0,0.0,10384.48,1,0,0.0,10384.48,1,0,0.0,0
LGS2ORD0008563,C015810,2025-03-09 19:00:00,Male,53,Gold,TV,Phuket,202,Lazada,PromptPay,19,3,6,1,>50,6.733333333333333,1.0,0.0,0.0,-1,48,7931.44,0.13,1.0,0.0,0.0,0.0,0,0,0.0,0.0,0,0,0.0,7931.44,1,0,0.0,7931.44,1,0,0.0,0
LGS2ORD0008564,C016184,2025-03-09 20:00:00,Male,40,Bronze,TV,Remote_Area,922,Lazada,COD,20,3,6,1,30-40,30.733333333333334,2.0,0.0,0.0,-1,25,4941.49,0.18,0.5,0.0,0.0,0.0,0,0,0.0,3615.86,1,0,0.0,9882.98,2,0,0.0,9882.98,2,0,0.0,0
LGS2ORD0008565,C011943,2025-03-09 20:00:00,Female,50,Silver,Web,Remote_Area,644,Web,COD,20,3,6,1,40-50,21.466666666666665,0.0,0.0,0.0,-1,-1,0.0,0.0,0.0,0.0,0.0,0.0,0,0,0.0,0.0,0,0,0.0,0.0,0,0,0.0,0.0,0,0,0.0,0
LGS2ORD0008566,C013420,2025-03-09 20:00:00,Male,46,Gold,Shopee,Bangkok,601,Shopee,Credit_Card,20,3,6,1,40-50,20.033333333333335,1.0,0.0,0.0,-1,65,438.17,0.2299999999999999,0.0,1.0,0.0,0.0,0,0,0.0,0.0,0,0,0.0,438.17,1,0,0.0,438.17,1,0,0.0,0
LGS2ORD0008567,C013653,2025-03-09 20:00:00,Female,56,Bronze,CallCenter,Remote_Area,1504,Lazada,COD,20,3,6,1,>50,50.13333333333333,0.0,0.0,0.0,-1,-1,0.0,0.0,0.0,0.0,0.0,0.0,0,0,0.0,0.0,0,0,0.0,0.0,0,0,0.0,0.0,0,0,0.0,1
LGS2ORD0008568,C013192,2025-03-09 20:00:00,Male,53,Gold,Shopee,Khon Kaen,495,Web,PromptPay,20,3,6,1,>50,16.5,2.0,1.0,0.5,48,55,4156.764999999999,0.2299999999999999,1.0,0.5,0.0,0.0,0,0,0.0,0.0,0,0,0.0,8313.529999999999,2,1,0.5,8313.529999999999,2,1,0.5,0
LGS2ORD0008569,C017807,2025-03-09 20:00:00,Male,28,Silver,TV,Songkhla,1088,Shopee,Credit_Card,20,3,6,1,20-30,36.266666666666666,1.0,1.0,1.0,12,18,5624.66,0.1,1.0,0.0,0.0,0.0,0,0,0.0,5624.66,1,1,1.0,5624.66,1,1,1.0,5624.66,1,1,1.0,0
LGS2ORD0008570,C011447,2025-03-09 21:00:00,Male,39,Gold,TV,Chonburi,181,Web,PromptPay,21,3,6,1,30-40,6.033333333333333,3.0,0.0,0.0,-1,0,4520.5199999999995,0.2299999999999999,0.6666666666666666,0.3333333333333333,0.0,1671.55,1,0,0.0,1671.55,1,0,0.0,13561.56,3,0,0.0,13561.56,3,0,0.0,0
LGS2ORD0008571,C016533,2025-03-09 21:00:00,Female,26,Gold,Web,Chonburi,983,CallCenter,Bank_Transfer,21,3,6,1,20-30,32.766666666666666,0.0,0.0,0.0,-1,-1,0.0,0.0,0.0,0.0,0.0,0.0,0,0,0.0,0.0,0,0,0.0,0.0,0,0,0.0,0.0,0,0,0.0,0
LGS2ORD0008572,C015608,2025-03-09 21:00:00,Female,41,Bronze,Shopee,Bangkok,840,Shopee,Credit_Card,21,3,6,1,40-50,28.0,1.0,0.0,0.0,-1,35,9741.23,0.28,1.0,1.0,0.0,0.0,0,0,0.0,0.0,0,0,0.0,9741.23,1,0,0.0,9741.23,1,0,0.0,1
LGS2ORD0008573,C015767,2025-03-09 21:00:00,Female,39,Platinum,Shopee,Bangkok,1401,Lazada,COD,21,3,6,1,30-40,46.7,0.0,0.0,0.0,-1,-1,0.0,0.0,0.0,0.0,0.0,0.0,0,0,0.0,0.0,0,0,0.0,0.0,0,0,0.0,0.0,0,0,0.0,1
LGS2ORD0008574,C015682,2025-03-09 21:00:00,Male,33,Silver,Shopee,Songkhla,753,Web,COD,21,3,6,1,30-40,25.1,1.0,0.0,0.0,-1,4,6270.01,0.2,1.0,0.0,0.0,6270.01,1,0,0.0,6270.01,1,0,0.0,6270.01,1,0,0.0,6270.01,1,0,0.0,0
LGS2ORD0008575,C015654,2025-03-09 22:00:00,Female,46,Silver,Lazada,Bangkok,227,Lazada,Bank_Transfer,22,3,6,1,40-50,7.566666666666666,0.0,0.0,0.0,-1,-1,0.0,0.0,0.0,0.0,0.0,0.0,0,0,0.0,0.0,0,0,0.0,0.0,0,0,0.0,0.0,0,0,0.0,0
LGS2ORD0008576,C010514,2025-03-09 22:00:00,Male,41,Bronze,Web,Khon Kaen,175,Shopee,Credit_Card,22,3,6,1,40-50,5.833333333333333,1.0,0.0,0.0,-1,23,870.54,0.03,1.0,0.0,0.0,0.0,0,0,0.0,870.54,1,0,0.0,870.54,1,0,0.0,870.54,1,0,0.0,0
LGS2ORD0008577,C015781,2025-03-09 22:00:00,Female,45,Bronze,Shopee,Songkhla,1345,CallCenter,PromptPay,22,3,6,1,40-50,44.833333333333336,1.0,0.0,0.0,-1,19,3027.41,0.08,0.0,0.0,0.0,0.0,0,0,0.0,3027.41,1,0,0.0,3027.41,1,0,0.0,3027.41,1,0,0.0,1
LGS2ORD0008578,C010389,2025-03-09 22:00:00,Male,46,Bronze,Shopee,Phuket,166,Lazada,Bank_Transfer,22,3,6,1,40-50,5.533333333333333,0.0,0.0,0.0,-1,-1,0.0,0.0,0.0,0.0,0.0,0.0,0,0,0.0,0.0,0,0,0.0,0.0,0,0,0.0,0.0,0,0,0.0,0
LGS2ORD0008579,C011916,2025-03-09 22:00:00,Male,55,Bronze,TV,Songkhla,828,Lazada,COD,22,3,6,1,>50,27.6,2.0,0.0,0.0,-1,11,4797.225,0.08,1.0,0.0,0.0,0.0,0,0,0.0,8452.86,1,0,0.0,9594.45,2,0,0.0,9594.45,2,0,0.0,1
LGS2ORD0008580,C012086,2025-03-09 23:00:00,Male,62,Silver,Shopee,Bangkok,1341,Lazada,Bank_Transfer,23,3,6,1,>50,44.7,2.0,0.0,0.0,-1,26,4633.889999999999,0.1,0.5,0.0,0.0,0.0,0,0,0.0,8103.69,1,0,0.0,9267.779999999999,2,0,0.0,9267.779999999999,2,0,0.0,0
LGS2ORD0008581,C011129,2025-03-09 23:00:00,Female,47,Silver,Web,Khon Kaen,743,Web,COD,23,3,6,1,40-50,24.766666666666666,1.0,0.0,0.0,-1,50,1337.1,0.25,0.0,1.0,0.0,0.0,0,0,0.0,0.0,0,0,0.0,1337.1,1,0,0.0,1337.1,1,0,0.0,1
LGS2ORD0008582,C017802,2025-03-09 23:00:00,Female,42,Bronze,TV,Remote_Area,1486,Shopee,COD,23,3,6,1,40-50,49.53333333333333,3.0,0.0,0.0,-1,15,6442.306666666667,0.08,0.6666666666666666,0.0,0.0,0.0,0,0,0.0,10251.3,2,0,0.0,19326.920000000002,3,0,0.0,19326.920000000002,3,0,0.0,1
LGS2ORD0008583,C015650,2025-03-09 23:00:00,Female,49,Silver,Shopee,Nakhon Ratchasima,167,CallCenter,COD,23,3,6,1,40-50,5.566666666666666,0.0,0.0,0.0,-1,-1,0.0,0.0,0.0,0.0,0.0,0.0,0,0,0.0,0.0,0,0,0.0,0.0,0,0,0.0,0.0,0,0,0.0,0
LGS2ORD0008584,C017048,2025-03-09 23:00:00,Male,46,Bronze,Lazada,Khon Kaen,1089,CallCenter,PromptPay,23,3,6,1,40-50,36.3,2.0,0.0,0.0,-1,35,5592.360000000001,0.28,1.0,0.5,0.0,0.0,0,0,0.0,0.0,0,0,0.0,11184.720000000001,2,0,0.0,11184.720000000001,2,0,0.0,0
LGS2ORD0008585,C015250,2025-03-10 00:00:00,Male,52,Gold,TV,Bangkok,668,TV_Show,Credit_Card,0,3,0,0,>50,22.266666666666666,1.0,0.0,0.0,-1,23,2828.73,0.13,1.0,0.0,0.0,0.0,0,0,0.0,2828.73,1,0,0.0,2828.73,1,0,0.0,2828.73,1,0,0.0,0
LGS2ORD0008586,C016676,2025-03-10 00:00:00,Male,50,Gold,TV,Nakhon Ratchasima,1501,Shopee,Credit_Card,0,3,0,0,40-50,50.03333333333333,1.0,0.0,0.0,-1,44,1539.86,0.13,0.0,0.0,0.0,0.0,0,0,0.0,0.0,0,0,0.0,1539.86,1,0,0.0,1539.86,1,0,0.0,0
LGS2ORD0008587,C017147,2025-03-10 00:00:00,Female,61,Silver,TV,Phuket,1291,TV_Show,COD,0,3,0,0,>50,43.03333333333333,3.0,0.0,0.0,-1,3,2811.0033333333336,0.3,0.0,0.3333333333333333,0.0,5020.34,1,0,0.0,5020.34,1,0,0.0,8433.01,3,0,0.0,8433.01,3,0,0.0,1
LGS2ORD0008588,C014398,2025-03-10 00:00:00,Female,65,Gold,Web,Khon Kaen,787,CallCenter,Credit_Card,0,3,0,0,>50,26.233333333333334,1.0,1.0,1.0,44,56,3766.17,0.13,1.0,0.0,0.0,0.0,0,0,0.0,0.0,0,0,0.0,3766.17,1,1,1.0,3766.17,1,1,1.0,0
LGS2ORD0008589,C011511,2025-03-10 00:00:00,Male,58,Bronze,CallCenter,Nakhon Ratchasima,1265,Web,COD,0,3,0,0,>50,42.166666666666664,2.0,0.0,0.0,-1,15,8361.6,0.18,1.0,0.0,0.0,0.0,0,0,0.0,5215.52,1,0,0.0,16723.2,2,0,0.0,16723.2,2,0,0.0,0
LGS2ORD0008590,C016086,2025-03-10 00:00:00,Female,44,Bronze,Shopee,Remote_Area,1048,CallCenter,COD,0,3,0,0,40-50,34.93333333333333,1.0,0.0,0.0,-1,0,4278.9,0.13,1.0,0.0,0.0,4278.9,1,0,0.0,4278.9,1,0,0.0,4278.9,1,0,0.0,4278.9,1,0,0.0,0
LGS2ORD0008591,C015120,2025-03-10 01:00:00,Female,22,Silver,Web,Bangkok,1189,TV_Show,COD,1,3,0,0,20-30,39.63333333333333,3.0,0.0,0.0,-1,1,2129.226666666667,0.2,0.3333333333333333,0.0,0.0,4978.75,1,0,0.0,4978.75,1,0,0.0,6387.68,3,0,0.0,6387.68,3,0,0.0,0
LGS2ORD0008592,C012918,2025-03-10 01:00:00,Female,58,Gold,Web,Bangkok,923,Lazada,PromptPay,1,3,0,0,>50,30.766666666666666,0.0,0.0,0.0,-1,-1,0.0,0.0,0.0,0.0,0.0,0.0,0,0,0.0,0.0,0,0,0.0,0.0,0,0,0.0,0.0,0,0,0.0,1
LGS2ORD0008593,C013649,2025-03-10 01:00:00,Female,46,Bronze,TV,Chonburi,1021,Lazada,COD,1,3,0,0,40-50,34.03333333333333,2.0,0.0,0.0,-1,16,2294.765,0.23,1.0,0.5,0.0,0.0,0,0,0.0,1605.49,1,0,0.0,4589.53,2,0,0.0,4589.53,2,0,0.0,0
LGS2ORD0008594,C014148,2025-03-10 01:00:00,Male,33,Platinum,TV,Remote_Area,1172,TV_Show,Credit_Card,1,3,0,0,30-40,39.06666666666667,0.0,0.0,0.0,-1,-1,0.0,0.0,0.0,0.0,0.0,0.0,0,0,0.0,0.0,0,0,0.0,0.0,0,0,0.0,0.0,0,0,0.0,0
LGS2ORD0008595,C013400,2025-03-10 01:00:00,Male,46,Gold,Web,Nakhon Ratchasima,1464,CallCenter,COD,1,3,0,0,40-50,48.8,0.0,0.0,0.0,-1,-1,0.0,0.0,0.0,0.0,0.0,0.0,0,0,0.0,0.0,0,0,0.0,0.0,0,0,0.0,0.0,0,0,0.0,0
LGS2ORD0008596,C016615,2025-03-10 02:00:00,Female,33,Bronze,Web,Bangkok,1520,Web,COD,2,3,0,0,30-40,50.666666666666664,2.0,0.0,0.0,-1,24,6116.22,0.23,0.5,0.5,0.0,0.0,0,0,0.0,3758.75,1,0,0.0,12232.44,2,0,0.0,12232.44,2,0,0.0,1
LGS2ORD0008597,C013732,2025-03-10 02:00:00,Female,24,Silver,Lazada,Chiang Mai,1036,Shopee,Bank_Transfer,2,3,0,0,20-30,34.53333333333333,0.0,0.0,0.0,-1,-1,0.0,0.0,0.0,0.0,0.0,0.0,0,0,0.0,0.0,0,0,0.0,0.0,0,0,0.0,0.0,0,0,0.0,0
LGS2ORD0008598,C016760,2025-03-10 02:00:00,Male,36,Bronze,TV,Phuket,1157,TV_Show,COD,2,3,0,0,30-40,38.56666666666667,1.0,0.0,0.0,-1,55,9193.86,0.28,0.0,1.0,0.0,0.0,0,0,0.0,0.0,0,0,0.0,9193.86,1,0,0.0,9193.86,1,0,0.0,0
LGS2ORD0008599,C017110,2025-03-10 02:00:00,Female,53,Gold,Web,Nakhon Ratchasima,931,TV_Show,COD,2,3,0,0,>50,31.033333333333335,0.0,0.0,0.0,-1,-1,0.0,0.0,0.0,0.0,0.0,0.0,0,0,0.0,0.0,0,0,0.0,0.0,0,0,0.0,0.0,0,0,0.0,0
LGS2ORD0008600,C013174,2025-03-10 02:00:00,Female,40,Bronze,Web,Chiang Mai,795,Shopee,Bank_Transfer,2,3,0,0,30-40,26.5,0.0,0.0,0.0,-1,-1,0.0,0.0,0.0,0.0,0.0,0.0,0,0,0.0,0.0,0,0,0.0,0.0,0,0,0.0,0.0,0,0,0.0,0
LGS2ORD0008601,C011939,2025-03-10 03:00:00,Female,55,Silver,TV,Remote_Area,1486,Web,COD,3,3,0,0,>50,49.53333333333333,0.0,0.0,0.0,-1,-1,0.0,0.0,0.0,0.0,0.0,0.0,0,0,0.0,0.0,0,0,0.0,0.0,0,0,0.0,0.0,0,0,0.0,1
LGS2ORD0008602,C016503,2025-03-10 03:00:00,Female,25,Bronze,Shopee,Remote_Area,1510,CallCenter,COD,3,3,0,0,20-30,50.333333333333336,1.0,1.0,1.0,5,10,731.53,0.18,0.0,0.0,0.0,0.0,0,0,0.0,731.53,1,1,1.0,731.53,1,1,1.0,731.53,1,1,1.0,0
LGS2ORD0008603,C012988,2025-03-10 03:00:00,Male,48,Bronze,Shopee,Nakhon Ratchasima,1268,Shopee,COD,3,3,0,0,40-50,42.266666666666666,0.0,0.0,0.0,-1,-1,0.0,0.0,0.0,0.0,0.0,0.0,0,0,0.0,0.0,0,0,0.0,0.0,0,0,0.0,0.0,0,0,0.0,0
LGS2ORD0008604,C010527,2025-03-10 03:00:00,Female,33,Gold,TV,Chiang Mai,748,Shopee,Credit_Card,3,3,0,0,30-40,24.933333333333334,0.0,0.0,0.0,-1,-1,0.0,0.0,0.0,0.0,0.0,0.0,0,0,0.0,0.0,0,0,0.0,0.0,0,0,0.0,0.0,0,0,0.0,0
LGS2ORD0008605,C014305,2025-03-10 03:00:00,Female,32,Bronze,Lazada,Bangkok,288,Lazada,COD,3,3,0,0,30-40,9.6,2.0,1.0,0.5,-7,0,1070.565,0.23,1.0,0.5,0.0,990.12,1,1,1.0,990.12,1,1,1.0,2141.13,2,1,0.5,2141.13,2,1,0.5,0
LGS2ORD0008606,C017313,2025-03-10 03:00:00,Male,48,Gold,CallCenter,Songkhla,393,CallCenter,COD,3,3,0,0,40-50,13.1,0.0,0.0,0.0,-1,-1,0.0,0.0,0.0,0.0,0.0,0.0,0,0,0.0,0.0,0,0,0.0,0.0,0,0,0.0,0.0,0,0,0.0,1
LGS2ORD0008607,C014903,2025-03-10 04:00:00,Female,18,Bronze,TV,Phuket,579,Lazada,Credit_Card,4,3,0,0,<20,19.3,0.0,0.0,0.0,-1,-1,0.0,0.0,0.0,0.0,0.0,0.0,0,0,0.0,0.0,0,0,0.0,0.0,0,0,0.0,0.0,0,0,0.0,0
LGS2ORD0008608,C014170,2025-03-10 04:00:00,Female,39,Silver,Lazada,Bangkok,262,Web,Credit_Card,4,3,0,0,30-40,8.733333333333333,1.0,0.0,0.0,-1,54,3240.36,0.2,0.0,0.0,0.0,0.0,0,0,0.0,0.0,0,0,0.0,3240.36,1,0,0.0,3240.36,1,0,0.0,0
LGS2ORD0008609,C012965,2025-03-10 04:00:00,Male,61,Bronze,TV,Bangkok,1001,Shopee,COD,4,3,0,0,>50,33.36666666666667,2.0,0.0,0.0,-1,44,10531.84,0.23,0.5,0.5,0.0,0.0,0,0,0.0,0.0,0,0,0.0,21063.68,2,0,0.0,21063.68,2,0,0.0,0
LGS2ORD0008610,C016599,2025-03-10 04:00:00,Female,71,Bronze,Shopee,Phuket,1236,TV_Show,Credit_Card,4,3,0,0,>50,41.2,2.0,0.0,0.0,-1,59,1990.3049999999998,0.13,0.5,0.0,0.0,0.0,0,0,0.0,0.0,0,0,0.0,3980.6099999999997,2,0,0.0,3980.6099999999997,2,0,0.0,1
LGS2ORD0008611,C011007,2025-03-10 04:00:00,Male,28,Gold,TV,Bangkok,874,Lazada,COD,4,3,0,0,20-30,29.133333333333333,1.0,0.0,0.0,-1,1,3515.71,0.13,1.0,0.0,0.0,3515.71,1,0,0.0,3515.71,1,0,0.0,3515.71,1,0,0.0,3515.71,1,0,0.0,1
LGS2ORD0008612,C017031,2025-03-10 05:00:00,Male,38,Bronze,TV,Phuket,966,Web,COD,5,3,0,0,30-40,32.2,2.0,0.0,0.0,-1,20,11576.359999999999,0.18,0.0,0.0,0.0,0.0,0,0,0.0,22019.42,1,0,0.0,23152.719999999998,2,0,0.0,23152.719999999998,2,0,0.0,1
LGS2ORD0008613,C015127,2025-03-10 05:00:00,Male,31,Bronze,Lazada,Chonburi,1414,TV_Show,COD,5,3,0,0,30-40,47.13333333333333,2.0,0.0,0.0,-1,25,7901.805,0.23,1.0,0.5,0.0,0.0,0,0,0.0,14172.75,1,0,0.0,15803.61,2,0,0.0,15803.61,2,0,0.0,1
LGS2ORD0008614,C017217,2025-03-10 05:00:00,Male,66,Bronze,Web,Chonburi,461,Lazada,Bank_Transfer,5,3,0,0,>50,15.366666666666667,5.0,3.0,0.6,-4,6,7249.197999999999,0.28,0.6,0.2,0.0,4230.24,1,1,1.0,5162.71,2,2,1.0,36245.99,5,3,0.6,36245.99,5,3,0.6,0
LGS2ORD0008615,C017014,2025-03-10 05:00:00,Male,39,Bronze,Shopee,Khon Kaen,343,Web,COD,5,3,0,0,30-40,11.433333333333334,2.0,1.0,0.5,-4,9,2233.2,0.23,1.0,0.5,0.0,0.0,0,0,0.0,4466.4,2,1,0.5,4466.4,2,1,0.5,4466.4,2,1,0.5,0
LGS2ORD0008616,C013210,2025-03-10 05:00:00,Female,43,Bronze,TV,Nakhon Ratchasima,1515,Shopee,PromptPay,5,3,0,0,40-50,50.5,1.0,0.0,0.0,-1,46,600.14,0.03,0.0,0.0,0.0,0.0,0,0,0.0,0.0,0,0,0.0,600.14,1,0,0.0,600.14,1,0,0.0,1
LGS2ORD0008617,C011305,2025-03-10 06:00:00,Female,40,Silver,Web,Bangkok,84,Shopee,COD,6,3,0,0,30-40,2.8,2.0,0.0,0.0,-1,39,6439.8949999999995,0.25,0.5,0.5,0.0,0.0,0,0,0.0,0.0,0,0,0.0,12879.789999999999,2,0,0.0,12879.789999999999,2,0,0.0,0
LGS2ORD0008618,C015720,2025-03-10 06:00:00,Other,37,Bronze,Shopee,Remote_Area,1162,Web,Credit_Card,6,3,0,0,30-40,38.733333333333334,4.0,0.0,0.0,-1,24,2876.5875,0.23,0.25,0.75,0.0,0.0,0,0,0.0,1299.01,1,0,0.0,11506.35,4,0,0.0,11506.35,4,0,0.0,1
LGS2ORD0008619,C015075,2025-03-10 06:00:00,Male,40,Bronze,Shopee,Chonburi,535,CallCenter,PromptPay,6,3,0,0,30-40,17.833333333333332,2.0,0.0,0.0,-1,6,1404.395,0.18,0.0,0.0,0.0,2441.12,1,0,0.0,2441.12,1,0,0.0,2808.79,2,0,0.0,2808.79,2,0,0.0,0
LGS2ORD0008620,C016947,2025-03-10 06:00:00,Female,39,Bronze,CallCenter,Bangkok,1040,Lazada,COD,6,3,0,0,30-40,34.666666666666664,5.0,2.0,0.4,6,1,3222.94,0.23,0.6,0.2,0.0,1307.48,1,0,0.0,11005.029999999999,3,2,0.6666666666666666,16114.7,5,2,0.4,16114.7,5,2,0.4,0
LGS2ORD0008621,C013393,2025-03-10 06:00:00,Male,61,Bronze,TV,Chonburi,109,TV_Show,Bank_Transfer,6,3,0,0,>50,3.6333333333333333,1.0,0.0,0.0,-1,41,1477.79,0.03,1.0,0.0,0.0,0.0,0,0,0.0,0.0,0,0,0.0,1477.79,1,0,0.0,1477.79,1,0,0.0,0
LGS2ORD0008622,C011890,2025-03-10 07:00:00,Female,44,Bronze,TV,Khon Kaen,510,TV_Show,Credit_Card,7,3,0,0,40-50,17.0,0.0,0.0,0.0,-1,-1,0.0,0.0,0.0,0.0,0.0,0.0,0,0,0.0,0.0,0,0,0.0,0.0,0,0,0.0,0.0,0,0,0.0,0
LGS2ORD0008623,C010226,2025-03-10 07:00:00,Female,51,Bronze,TV,Remote_Area,1480,Web,Credit_Card,7,3,0,0,>50,49.333333333333336,0.0,0.0,0.0,-1,-1,0.0,0.0,0.0,0.0,0.0,0.0,0,0,0.0,0.0,0,0,0.0,0.0,0,0,0.0,0.0,0,0,0.0,0
LGS2ORD0008624,C012633,2025-03-10 07:00:00,Female,45,Silver,CallCenter,Songkhla,173,Web,Credit_Card,7,3,0,0,40-50,5.766666666666667,1.0,0.0,0.0,-1,40,2073.72,0.15,1.0,0.0,0.0,0.0,0,0,0.0,0.0,0,0,0.0,2073.72,1,0,0.0,2073.72,1,0,0.0,0
LGS2ORD0008625,C017942,2025-03-10 07:00:00,Female,53,Bronze,Shopee,Phuket,602,Web,COD,7,3,0,0,>50,20.066666666666666,2.0,1.0,0.5,-3,5,3481.115,0.18,0.0,0.0,0.0,994.66,1,1,1.0,6962.23,2,1,0.5,6962.23,2,1,0.5,6962.23,2,1,0.5,1
LGS2ORD0008626,C010632,2025-03-10 07:00:00,Female,66,Bronze,TV,Remote_Area,974,Web,COD,7,3,0,0,>50,32.46666666666667,2.0,0.0,0.0,-1,7,5444.065,0.28,0.0,0.5,0.0,0.0,0,0,0.0,10888.13,2,0,0.0,10888.13,2,0,0.0,10888.13,2,0,0.0,0
LGS2ORD0008627,C016798,2025-03-10 07:00:00,Male,37,Gold,Web,Phuket,619,Lazada,Credit_Card,7,3,0,0,30-40,20.633333333333333,2.0,0.0,0.0,-1,31,6640.725,0.28,0.5,1.0,0.0,0.0,0,0,0.0,0.0,0,0,0.0,13281.45,2,0,0.0,13281.45,2,0,0.0,0
LGS2ORD0008628,C017020,2025-03-10 08:00:00,Male,55,Silver,TV,Chiang Mai,558,Web,COD,8,3,0,0,>50,18.6,1.0,1.0,1.0,58,62,6782.33,0.3,1.0,1.0,0.0,0.0,0,0,0.0,0.0,0,0,0.0,6782.33,1,1,1.0,6782.33,1,1,1.0,0
LGS2ORD0008629,C011691,2025-03-10 08:00:00,Male,47,Silver,Lazada,Nakhon Ratchasima,696,CallCenter,COD,8,3,0,0,40-50,23.2,0.0,0.0,0.0,-1,-1,0.0,0.0,0.0,0.0,0.0,0.0,0,0,0.0,0.0,0,0,0.0,0.0,0,0,0.0,0.0,0,0,0.0,0
LGS2ORD0008630,C011731,2025-03-10 08:00:00,Male,41,Bronze,Lazada,Bangkok,348,Web,COD,8,3,0,0,40-50,11.6,0.0,0.0,0.0,-1,-1,0.0,0.0,0.0,0.0,0.0,0.0,0,0,0.0,0.0,0,0,0.0,0.0,0,0,0.0,0.0,0,0,0.0,0
LGS2ORD0008631,C014121,2025-03-10 08:00:00,Female,46,Silver,CallCenter,Nakhon Ratchasima,951,Lazada,COD,8,3,0,0,40-50,31.7,2.0,0.0,0.0,-1,8,6851.1849999999995,0.05,0.5,0.0,0.0,0.0,0,0,0.0,12369.66,1,0,0.0,13702.369999999999,2,0,0.0,13702.369999999999,2,0,0.0,0
LGS2ORD0008632,C012204,2025-03-10 08:00:00,Male,41,Platinum,Lazada,Bangkok,764,Shopee,COD,8,3,0,0,40-50,25.466666666666665,1.0,0.0,0.0,-1,51,1591.97,0.2,0.0,0.0,0.0,0.0,0,0,0.0,0.0,0,0,0.0,1591.97,1,0,0.0,1591.97,1,0,0.0,1
LGS2ORD0008633,C016823,2025-03-10 09:00:00,Other,45,Bronze,TV,Phuket,382,Shopee,COD,9,3,0,0,40-50,12.733333333333333,1.0,1.0,1.0,50,60,1512.3,0.23,1.0,1.0,0.0,0.0,0,0,0.0,0.0,0,0,0.0,1512.3,1,1,1.0,1512.3,1,1,1.0,0
LGS2ORD0008634,C016958,2025-03-10 09:00:00,Male,56,Silver,TV,Bangkok,1467,CallCenter,Credit_Card,9,3,0,0,>50,48.9,0.0,0.0,0.0,-1,-1,0.0,0.0,0.0,0.0,0.0,0.0,0,0,0.0,0.0,0,0,0.0,0.0,0,0,0.0,0.0,0,0,0.0,0
LGS2ORD0008635,C016498,2025-03-10 09:00:00,Male,33,Gold,CallCenter,Bangkok,1506,Lazada,Credit_Card,9,3,0,0,30-40,50.2,2.0,0.0,0.0,-1,44,7174.9349999999995,0.33,0.5,0.5,0.0,0.0,0,0,0.0,0.0,0,0,0.0,14349.869999999999,2,0,0.0,14349.869999999999,2,0,0.0,0
LGS2ORD0008636,C013103,2025-03-10 09:00:00,Female,67,Gold,Lazada,Bangkok,208,TV_Show,PromptPay,9,3,0,0,>50,6.933333333333334,1.0,0.0,0.0,-1,44,16507.05,0.33,1.0,1.0,0.0,0.0,0,0,0.0,0.0,0,0,0.0,16507.05,1,0,0.0,16507.05,1,0,0.0,0
LGS2ORD0008637,C016391,2025-03-10 09:00:00,Male,37,Bronze,CallCenter,Bangkok,260,Web,Bank_Transfer,9,3,0,0,30-40,8.666666666666666,3.0,0.0,0.0,-1,20,1934.6266666666668,0.18,0.6666666666666666,0.0,0.0,0.0,0,0,0.0,4353.39,1,0,0.0,5803.88,3,0,0.0,5803.88,3,0,0.0,0
LGS2ORD0008638,C011137,2025-03-10 10:00:00,Female,26,Platinum,Web,Khon Kaen,1521,TV_Show,PromptPay,10,3,0,0,20-30,50.7,1.0,1.0,1.0,12,30,4449.83,0.1,1.0,0.0,0.0,0.0,0,0,0.0,0.0,0,0,0.0,4449.83,1,1,1.0,4449.83,1,1,1.0,0
LGS2ORD0008639,C011073,2025-03-10 10:00:00,Other,32,Silver,Web,Songkhla,535,TV_Show,COD,10,3,0,0,30-40,17.833333333333332,0.0,0.0,0.0,-1,-1,0.0,0.0,0.0,0.0,0.0,0.0,0,0,0.0,0.0,0,0,0.0,0.0,0,0,0.0,0.0,0,0,0.0,1
LGS2ORD0008640,C014510,2025-03-10 10:00:00,Female,72,Platinum,Lazada,Bangkok,492,Shopee,COD,10,3,0,0,>50,16.4,2.0,0.0,0.0,-1,6,3348.4349999999995,0.15,1.0,0.0,0.0,2401.68,1,0,0.0,2401.68,1,0,0.0,6696.869999999999,2,0,0.0,6696.869999999999,2,0,0.0,0
LGS2ORD0008641,C016666,2025-03-10 10:00:00,Male,37,Bronze,Lazada,Bangkok,308,Shopee,COD,10,3,0,0,30-40,10.266666666666667,1.0,0.0,0.0,-1,40,15101.55,0.08,0.0,0.0,0.0,0.0,0,0,0.0,0.0,0,0,0.0,15101.55,1,0,0.0,15101.55,1,0,0.0,0
LGS2ORD0008642,C017931,2025-03-10 10:00:00,Female,72,Gold,Shopee,Chiang Mai,174,Shopee,PromptPay,10,3,0,0,>50,5.8,2.0,0.0,0.0,-1,5,2236.14,0.28,0.0,0.5,0.0,4472.28,2,0,0.0,4472.28,2,0,0.0,4472.28,2,0,0.0,4472.28,2,0,0.0,0
LGS2ORD0008643,C013773,2025-03-10 11:00:00,Male,45,Gold,Web,Bangkok,1400,Web,PromptPay,11,3,0,0,40-50,46.666666666666664,0.0,0.0,0.0,-1,-1,0.0,0.0,0.0,0.0,0.0,0.0,0,0,0.0,0.0,0,0,0.0,0.0,0,0,0.0,0.0,0,0,0.0,0
LGS2ORD0008644,C014834,2025-03-10 11:00:00,Male,46,Silver,Shopee,Nakhon Ratchasima,467,Lazada,COD,11,3,0,0,40-50,15.566666666666666,1.0,0.0,0.0,-1,52,2380.9,0.05,0.0,0.0,0.0,0.0,0,0,0.0,0.0,0,0,0.0,2380.9,1,0,0.0,2380.9,1,0,0.0,0
LGS2ORD0008645,C013098,2025-03-10 11:00:00,Female,22,Gold,Shopee,Bangkok,545,Shopee,COD,11,3,0,0,20-30,18.166666666666668,2.0,0.0,0.0,-1,25,7343.885,0.08,1.0,0.0,0.0,0.0,0,0,0.0,7268.83,1,0,0.0,14687.77,2,0,0.0,14687.77,2,0,0.0,0
LGS2ORD0008646,C010066,2025-03-10 11:00:00,Female,45,Gold,TV,Bangkok,810,TV_Show,Credit_Card,11,3,0,0,40-50,27.0,1.0,0.0,0.0,-1,18,7997.09,0.13,0.0,0.0,0.0,0.0,0,0,0.0,7997.09,1,0,0.0,7997.09,1,0,0.0,7997.09,1,0,0.0,0
LGS2ORD0008647,C010340,2025-03-10 11:00:00,Male,53,Platinum,Shopee,Khon Kaen,1259,Web,COD,11,3,0,0,>50,41.96666666666667,2.0,0.0,0.0,-1,26,1366.5549999999998,0.1,1.0,0.0,0.0,0.0,0,0,0.0,1432.82,1,0,0.0,2733.1099999999997,2,0,0.0,2733.1099999999997,2,0,0.0,1
LGS2ORD0008648,C012854,2025-03-10 11:00:00,Female,56,Gold,TV,Chonburi,615,Shopee,PromptPay,11,3,0,0,>50,20.5,0.0,0.0,0.0,-1,-1,0.0,0.0,0.0,0.0,0.0,0.0,0,0,0.0,0.0,0,0,0.0,0.0,0,0,0.0,0.0,0,0,0.0,0
LGS2ORD0008649,C016864,2025-03-10 12:00:00,Female,56,Bronze,CallCenter,Nakhon Ratchasima,1140,TV_Show,COD,12,3,0,0,>50,38.0,0.0,0.0,0.0,-1,-1,0.0,0.0,0.0,0.0,0.0,0.0,0,0,0.0,0.0,0,0,0.0,0.0,0,0,0.0,0.0,0,0,0.0,0
LGS2ORD0008650,C011118,2025-03-10 12:00:00,Female,29,Silver,CallCenter,Khon Kaen,1488,Lazada,Credit_Card,12,3,0,0,20-30,49.6,0.0,0.0,0.0,-1,-1,0.0,0.0,0.0,0.0,0.0,0.0,0,0,0.0,0.0,0,0,0.0,0.0,0,0,0.0,0.0,0,0,0.0,1
LGS2ORD0008651,C017512,2025-03-10 12:00:00,Male,37,Gold,TV,Khon Kaen,249,Shopee,COD,12,3,0,0,30-40,8.3,0.0,0.0,0.0,-1,-1,0.0,0.0,0.0,0.0,0.0,0.0,0,0,0.0,0.0,0,0,0.0,0.0,0,0,0.0,0.0,0,0,0.0,0
LGS2ORD0008652,C011476,2025-03-10 12:00:00,Female,39,Gold,Shopee,Khon Kaen,188,CallCenter,COD,12,3,0,0,30-40,6.266666666666667,0.0,0.0,0.0,-1,-1,0.0,0.0,0.0,0.0,0.0,0.0,0,0,0.0,0.0,0,0,0.0,0.0,0,0,0.0,0.0,0,0,0.0,1
LGS2ORD0008653,C010771,2025-03-10 12:00:00,Other,50,Bronze,Shopee,Chonburi,1409,Shopee,COD,12,3,0,0,40-50,46.96666666666667,2.0,1.0,0.5,5,17,4131.54,0.28,1.0,1.0,0.0,0.0,0,0,0.0,8263.08,2,1,0.5,8263.08,2,1,0.5,8263.08,2,1,0.5,1
LGS2ORD0008654,C015269,2025-03-10 13:00:00,Female,18,Bronze,Web,Khon Kaen,1453,Shopee,COD,13,3,0,0,<20,48.43333333333333,2.0,0.0,0.0,-1,61,4022.355,0.28,0.0,0.5,0.0,0.0,0,0,0.0,0.0,0,0,0.0,8044.71,2,0,0.0,8044.71,2,0,0.0,1
LGS2ORD0008655,C015688,2025-03-10 13:00:00,Female,27,Silver,TV,Phuket,1032,Web,PromptPay,13,3,0,0,20-30,34.4,1.0,0.0,0.0,-1,46,5875.15,0.2,0.0,0.0,0.0,0.0,0,0,0.0,0.0,0,0,0.0,5875.15,1,0,0.0,5875.15,1,0,0.0,0
LGS2ORD0008656,C014719,2025-03-10 13:00:00,Female,56,Bronze,Shopee,Chonburi,818,Lazada,Bank_Transfer,13,3,0,0,>50,27.266666666666666,2.0,1.0,0.5,55,26,1919.98,0.13,0.5,0.0,0.0,0.0,0,0,0.0,1350.54,1,0,0.0,3839.96,2,1,0.5,3839.96,2,1,0.5,0
LGS2ORD0008657,C016676,2025-03-10 13:00:00,Male,50,Gold,TV,Nakhon Ratchasima,1501,Shopee,COD,13,3,0,0,40-50,50.03333333333333,2.0,0.0,0.0,-1,0,5288.635,0.13,0.0,0.0,0.0,9037.41,1,0,0.0,9037.41,1,0,0.0,10577.27,2,0,0.0,10577.27,2,0,0.0,1
LGS2ORD0008658,C017147,2025-03-10 13:00:00,Female,61,Silver,TV,Phuket,1291,Shopee,Bank_Transfer,13,3,0,0,>50,43.03333333333333,4.0,1.0,0.25,-12,0,2199.89,0.3,0.25,0.25,0.0,5386.89,2,1,0.5,5386.89,2,1,0.5,8799.56,4,1,0.25,8799.56,4,1,0.25,1
LGS2ORD0008659,C010440,2025-03-10 14:00:00,Male,36,Gold,Shopee,Chiang Mai,661,TV_Show,COD,14,3,0,0,30-40,22.033333333333335,1.0,0.0,0.0,-1,10,8023.96,0.08,0.0,0.0,0.0,0.0,0,0,0.0,8023.96,1,0,0.0,8023.96,1,0,0.0,8023.96,1,0,0.0,0
LGS2ORD0008660,C010830,2025-03-10 14:00:00,Male,35,Silver,TV,Chonburi,529,TV_Show,Credit_Card,14,3,0,0,30-40,17.633333333333333,1.0,0.0,0.0,-1,29,1959.96,0.2,1.0,0.0,0.0,0.0,0,0,0.0,1959.96,1,0,0.0,1959.96,1,0,0.0,1959.96,1,0,0.0,0
LGS2ORD0008661,C012199,2025-03-10 14:00:00,Female,56,Silver,TV,Phuket,1400,Lazada,COD,14,3,0,0,>50,46.666666666666664,0.0,0.0,0.0,-1,-1,0.0,0.0,0.0,0.0,0.0,0.0,0,0,0.0,0.0,0,0,0.0,0.0,0,0,0.0,0.0,0,0,0.0,1
LGS2ORD0008662,C013395,2025-03-10 14:00:00,Male,55,Bronze,Shopee,Phuket,704,TV_Show,Credit_Card,14,3,0,0,>50,23.466666666666665,1.0,1.0,1.0,6,21,1670.35,0.23,1.0,1.0,0.0,0.0,0,0,0.0,1670.35,1,1,1.0,1670.35,1,1,1.0,1670.35,1,1,1.0,0
LGS2ORD0008663,C014173,2025-03-10 14:00:00,Female,57,Silver,CallCenter,Khon Kaen,1027,Shopee,COD,14,3,0,0,>50,34.233333333333334,2.0,0.0,0.0,-1,21,5272.6050000000005,0.2,1.0,0.0,0.0,0.0,0,0,0.0,1207.92,1,0,0.0,10545.210000000001,2,0,0.0,10545.210000000001,2,0,0.0,0
LGS2ORD0008664,C010767,2025-03-10 15:00:00,Male,27,Bronze,CallCenter,Chonburi,457,Web,PromptPay,15,3,0,0,20-30,15.233333333333333,0.0,0.0,0.0,-1,-1,0.0,0.0,0.0,0.0,0.0,0.0,0,0,0.0,0.0,0,0,0.0,0.0,0,0,0.0,0.0,0,0,0.0,0
LGS2ORD0008665,C017040,2025-03-10 15:00:00,Female,28,Platinum,CallCenter,Bangkok,1121,Shopee,COD,15,3,0,0,20-30,37.36666666666667,3.0,1.0,0.3333333333333333,45,42,1229.4966666666667,0.35,0.3333333333333333,0.6666666666666666,0.0,0.0,0,0,0.0,0.0,0,0,0.0,3688.49,3,1,0.3333333333333333,3688.49,3,1,0.3333333333333333,0
LGS2ORD0008666,C015287,2025-03-10 15:00:00,Female,28,Silver,TV,Phuket,947,Web,Credit_Card,15,3,0,0,20-30,31.566666666666666,0.0,0.0,0.0,-1,-1,0.0,0.0,0.0,0.0,0.0,0.0,0,0,0.0,0.0,0,0,0.0,0.0,0,0,0.0,0.0,0,0,0.0,0
LGS2ORD0008667,C017703,2025-03-10 15:00:00,Female,54,Bronze,TV,Chiang Mai,862,Web,COD,15,3,0,0,>50,28.733333333333334,1.0,0.0,0.0,-1,35,7444.53,0.03,0.0,0.0,0.0,0.0,0,0,0.0,0.0,0,0,0.0,7444.53,1,0,0.0,7444.53,1,0,0.0,0
LGS2ORD0008668,C016371,2025-03-10 15:00:00,Female,38,Silver,TV,Bangkok,1361,TV_Show,COD,15,3,0,0,30-40,45.36666666666667,1.0,0.0,0.0,-1,58,1527.56,0.25,0.0,1.0,0.0,0.0,0,0,0.0,0.0,0,0,0.0,1527.56,1,0,0.0,1527.56,1,0,0.0,0
LGS2ORD0008669,C014918,2025-03-10 15:00:00,Female,34,Gold,TV,Khon Kaen,821,Shopee,COD,15,3,0,0,30-40,27.366666666666667,2.0,0.0,0.0,-1,8,1349.7749999999999,0.08,0.5,0.0,0.0,0.0,0,0,0.0,2699.5499999999997,2,0,0.0,2699.5499999999997,2,0,0.0,2699.5499999999997,2,0,0.0,1
LGS2ORD0008670,C014266,2025-03-10 16:00:00,Male,34,Silver,CallCenter,Bangkok,119,Web,Credit_Card,16,3,0,0,30-40,3.966666666666667,0.0,0.0,0.0,-1,-1,0.0,0.0,0.0,0.0,0.0,0.0,0,0,0.0,0.0,0,0,0.0,0.0,0,0,0.0,0.0,0,0,0.0,0
LGS2ORD0008671,C012315,2025-03-10 16:00:00,Female,69,Platinum,TV,Bangkok,858,Shopee,COD,16,3,0,0,>50,28.6,1.0,0.0,0.0,-1,61,1377.36,0.3,0.0,1.0,0.0,0.0,0,0,0.0,0.0,0,0,0.0,1377.36,1,0,0.0,1377.36,1,0,0.0,0
LGS2ORD0008672,C015847,2025-03-10 16:00:00,Male,41,Bronze,TV,Bangkok,1154,Lazada,COD,16,3,0,0,40-50,38.46666666666667,3.0,0.0,0.0,-1,2,4662.753333333333,0.18,0.3333333333333333,0.0,0.0,10725.32,2,0,0.0,10725.32,2,0,0.0,13988.26,3,0,0.0,13988.26,3,0,0.0,1
LGS2ORD0008673,C012961,2025-03-10 16:00:00,Female,55,Silver,Web,Phuket,1435,TV_Show,COD,16,3,0,0,>50,47.833333333333336,2.0,0.0,0.0,-1,0,6455.53,0.2,0.5,0.0,0.0,2526.58,1,0,0.0,12911.06,2,0,0.0,12911.06,2,0,0.0,12911.06,2,0,0.0,0
LGS2ORD0008674,C014008,2025-03-10 16:00:00,Male,54,Bronze,Lazada,Remote_Area,449,Shopee,Bank_Transfer,16,3,0,0,>50,14.966666666666667,0.0,0.0,0.0,-1,-1,0.0,0.0,0.0,0.0,0.0,0.0,0,0,0.0,0.0,0,0,0.0,0.0,0,0,0.0,0.0,0,0,0.0,0
LGS2ORD0008675,C017823,2025-03-10 17:00:00,Male,44,Gold,Lazada,Khon Kaen,534,Web,COD,17,3,0,0,40-50,17.8,1.0,0.0,0.0,-1,65,5334.93,0.13,0.0,0.0,0.0,0.0,0,0,0.0,0.0,0,0,0.0,5334.93,1,0,0.0,5334.93,1,0,0.0,0
LGS2ORD0008676,C011168,2025-03-10 17:00:00,Male,45,Bronze,Lazada,Bangkok,95,CallCenter,Credit_Card,17,3,0,0,40-50,3.1666666666666665,2.0,0.0,0.0,-1,29,2951.96,0.18,1.0,0.0,0.0,0.0,0,0,0.0,3908.71,1,0,0.0,5903.92,2,0,0.0,5903.92,2,0,0.0,0
LGS2ORD0008677,C017785,2025-03-10 17:00:00,Female,58,Silver,Lazada,Khon Kaen,875,Lazada,COD,17,3,0,0,>50,29.166666666666668,0.0,0.0,0.0,-1,-1,0.0,0.0,0.0,0.0,0.0,0.0,0,0,0.0,0.0,0,0,0.0,0.0,0,0,0.0,0.0,0,0,0.0,0
LGS2ORD0008678,C011131,2025-03-10 17:00:00,Female,42,Bronze,TV,Remote_Area,1285,Lazada,COD,17,3,0,0,40-50,42.833333333333336,2.0,0.0,0.0,-1,44,3683.035,0.28,0.5,0.5,0.0,0.0,0,0,0.0,0.0,0,0,0.0,7366.07,2,0,0.0,7366.07,2,0,0.0,0
LGS2ORD0008679,C010603,2025-03-10 17:00:00,Female,38,Bronze,CallCenter,Bangkok,980,Web,COD,17,3,0,0,30-40,32.666666666666664,3.0,1.0,0.3333333333333333,23,21,4692.053333333333,0.23,0.3333333333333333,0.3333333333333333,0.0,0.0,0,0,0.0,6767.61,1,0,0.0,14076.16,3,1,0.3333333333333333,14076.16,3,1,0.3333333333333333,0
LGS2ORD0008680,C013570,2025-03-10 18:00:00,Male,33,Bronze,TV,Bangkok,174,CallCenter,Bank_Transfer,18,3,0,0,30-40,5.8,0.0,0.0,0.0,-1,-1,0.0,0.0,0.0,0.0,0.0,0.0,0,0,0.0,0.0,0,0,0.0,0.0,0,0,0.0,0.0,0,0,0.0,0
LGS2ORD0008681,C016965,2025-03-10 18:00:00,Female,50,Silver,TV,Chiang Mai,107,Shopee,COD,18,3,0,0,40-50,3.566666666666667,1.0,0.0,0.0,-1,19,10349.86,0.2,1.0,0.0,0.0,0.0,0,0,0.0,10349.86,1,0,0.0,10349.86,1,0,0.0,10349.86,1,0,0.0,1
LGS2ORD0008682,C012595,2025-03-10 18:00:00,Female,24,Gold,TV,Chonburi,1108,Web,PromptPay,18,3,0,0,20-30,36.93333333333333,1.0,0.0,0.0,-1,65,11590.42,0.13,0.0,0.0,0.0,0.0,0,0,0.0,0.0,0,0,0.0,11590.42,1,0,0.0,11590.42,1,0,0.0,0
LGS2ORD0008683,C012409,2025-03-10 18:00:00,Female,47,Silver,TV,Bangkok,275,TV_Show,COD,18,3,0,0,40-50,9.166666666666666,1.0,0.0,0.0,-1,53,14022.1,0.25,1.0,1.0,0.0,0.0,0,0,0.0,0.0,0,0,0.0,14022.1,1,0,0.0,14022.1,1,0,0.0,0
LGS2ORD0008684,C016827,2025-03-10 18:00:00,Female,47,Bronze,Web,Bangkok,1094,Lazada,COD,18,3,0,0,40-50,36.46666666666667,1.0,0.0,0.0,-1,58,1894.46,0.08,1.0,0.0,0.0,0.0,0,0,0.0,0.0,0,0,0.0,1894.46,1,0,0.0,1894.46,1,0,0.0,0
LGS2ORD0008685,C013424,2025-03-10 19:00:00,Male,62,Bronze,Web,Chonburi,864,TV_Show,COD,19,3,0,0,>50,28.8,2.0,1.0,0.5,20,35,3766.995,0.18,1.0,0.0,0.0,0.0,0,0,0.0,0.0,0,0,0.0,7533.99,2,1,0.5,7533.99,2,1,0.5,0
LGS2ORD0008686,C013270,2025-03-10 19:00:00,Female,38,Bronze,TV,Khon Kaen,1116,Lazada,PromptPay,19,3,0,0,30-40,37.2,3.0,1.0,0.3333333333333333,44,17,4490.3966666666665,0.28,1.0,0.6666666666666666,0.0,0.0,0,0,0.0,8598.03,1,0,0.0,13471.19,3,1,0.3333333333333333,13471.19,3,1,0.3333333333333333,0
LGS2ORD0008687,C013933,2025-03-10 19:00:00,Other,46,Gold,Shopee,Bangkok,109,Web,COD,19,3,0,0,40-50,3.6333333333333333,1.0,0.0,0.0,-1,4,5875.57,0.18,0.0,0.0,0.0,5875.57,1,0,0.0,5875.57,1,0,0.0,5875.57,1,0,0.0,5875.57,1,0,0.0,0
LGS2ORD0008688,C014102,2025-03-10 19:00:00,Male,59,Platinum,Web,Bangkok,1336,TV_Show,COD,19,3,0,0,>50,44.53333333333333,0.0,0.0,0.0,-1,-1,0.0,0.0,0.0,0.0,0.0,0.0,0,0,0.0,0.0,0,0,0.0,0.0,0,0,0.0,0.0,0,0,0.0,0
LGS2ORD0008689,C011689,2025-03-10 19:00:00,Female,61,Gold,Lazada,Chonburi,702,Shopee,Credit_Card,19,3,0,0,>50,23.4,2.0,1.0,0.5,43,39,2310.62,0.28,0.5,1.0,0.0,0.0,0,0,0.0,0.0,0,0,0.0,4621.24,2,1,0.5,4621.24,2,1,0.5,0
LGS2ORD0008690,C016530,2025-03-10 19:00:00,Male,42,Silver,Shopee,Bangkok,938,Shopee,COD,19,3,0,0,40-50,31.266666666666666,1.0,0.0,0.0,-1,56,2497.98,0.2,0.0,0.0,0.0,0.0,0,0,0.0,0.0,0,0,0.0,2497.98,1,0,0.0,2497.98,1,0,0.0,0
LGS2ORD0008691,C015231,2025-03-10 20:00:00,Female,55,Bronze,TV,Nakhon Ratchasima,688,Shopee,COD,20,3,0,0,>50,22.933333333333334,0.0,0.0,0.0,-1,-1,0.0,0.0,0.0,0.0,0.0,0.0,0,0,0.0,0.0,0,0,0.0,0.0,0,0,0.0,0.0,0,0,0.0,0
LGS2ORD0008692,C011304,2025-03-10 20:00:00,Female,23,Bronze,Web,Remote_Area,917,CallCenter,PromptPay,20,3,0,0,20-30,30.566666666666666,1.0,0.0,0.0,-1,19,1114.06,0.23,0.0,1.0,0.0,0.0,0,0,0.0,1114.06,1,0,0.0,1114.06,1,0,0.0,1114.06,1,0,0.0,0
LGS2ORD0008693,C014664,2025-03-10 20:00:00,Female,55,Silver,TV,Khon Kaen,623,Shopee,COD,20,3,0,0,>50,20.766666666666666,1.0,0.0,0.0,-1,56,14040.66,0.2,0.0,0.0,0.0,0.0,0,0,0.0,0.0,0,0,0.0,14040.66,1,0,0.0,14040.66,1,0,0.0,0
LGS2ORD0008694,C014960,2025-03-10 20:00:00,Female,25,Bronze,CallCenter,Bangkok,669,Lazada,COD,20,3,0,0,20-30,22.3,1.0,0.0,0.0,-1,58,2933.19,0.18,0.0,0.0,0.0,0.0,0,0,0.0,0.0,0,0,0.0,2933.19,1,0,0.0,2933.19,1,0,0.0,0
LGS2ORD0008695,C016002,2025-03-10 20:00:00,Female,35,Silver,Lazada,Nakhon Ratchasima,850,Shopee,PromptPay,20,3,0,0,30-40,28.333333333333332,3.0,1.0,0.3333333333333333,7,7,8650.793333333333,0.3,1.0,0.3333333333333333,0.0,0.0,0,0,0.0,25952.38,3,1,0.3333333333333333,25952.38,3,1,0.3333333333333333,25952.38,3,1,0.3333333333333333,0
LGS2ORD0008696,C010651,2025-03-10 21:00:00,Male,58,Gold,Shopee,Bangkok,1350,Web,Credit_Card,21,3,0,0,>50,45.0,0.0,0.0,0.0,-1,-1,0.0,0.0,0.0,0.0,0.0,0.0,0,0,0.0,0.0,0,0,0.0,0.0,0,0,0.0,0.0,0,0,0.0,0
LGS2ORD0008697,C013142,2025-03-10 21:00:00,Female,49,Silver,Shopee,Bangkok,1219,Shopee,COD,21,3,0,0,40-50,40.63333333333333,0.0,0.0,0.0,-1,-1,0.0,0.0,0.0,0.0,0.0,0.0,0,0,0.0,0.0,0,0,0.0,0.0,0,0,0.0,0.0,0,0,0.0,0
LGS2ORD0008698,C016523,2025-03-10 21:00:00,Female,20,Bronze,TV,Remote_Area,659,Shopee,Bank_Transfer,21,3,0,0,<20,21.966666666666665,1.0,1.0,1.0,0,17,3651.98,0.03,1.0,0.0,0.0,0.0,0,0,0.0,3651.98,1,1,1.0,3651.98,1,1,1.0,3651.98,1,1,1.0,0
LGS2ORD0008699,C016067,2025-03-10 21:00:00,Male,60,Gold,Web,Remote_Area,1475,Shopee,Credit_Card,21,3,0,0,>50,49.166666666666664,2.0,1.0,0.5,1,12,8553.06,0.28,1.0,0.5,0.0,0.0,0,0,0.0,11961.55,1,1,1.0,17106.12,2,1,0.5,17106.12,2,1,0.5,0
LGS2ORD0008700,C016849,2025-03-10 21:00:00,Other,48,Silver,Shopee,Bangkok,297,TV_Show,COD,21,3,0,0,40-50,9.9,1.0,0.0,0.0,-1,66,5281.04,0.25,0.0,1.0,0.0,0.0,0,0,0.0,0.0,0,0,0.0,5281.04,1,0,0.0,5281.04,1,0,0.0,0
LGS2ORD0008701,C017157,2025-03-10 22:00:00,Female,45,Gold,TV,Khon Kaen,1397,Shopee,COD,22,3,0,0,40-50,46.56666666666667,0.0,0.0,0.0,-1,-1,0.0,0.0,0.0,0.0,0.0,0.0,0,0,0.0,0.0,0,0,0.0,0.0,0,0,0.0,0.0,0,0,0.0,0
LGS2ORD0008702,C014091,2025-03-10 22:00:00,Female,39,Silver,Lazada,Bangkok,337,Web,COD,22,3,0,0,30-40,11.233333333333333,2.0,1.0,0.5,35,42,4061.355,0.3,0.5,0.5,0.0,0.0,0,0,0.0,0.0,0,0,0.0,8122.71,2,1,0.5,8122.71,2,1,0.5,0
LGS2ORD0008703,C012692,2025-03-10 22:00:00,Male,38,Bronze,CallCenter,Remote_Area,657,Shopee,COD,22,3,0,0,30-40,21.9,1.0,1.0,1.0,32,42,3100.47,0.23,0.0,1.0,0.0,0.0,0,0,0.0,0.0,0,0,0.0,3100.47,1,1,1.0,3100.47,1,1,1.0,1
LGS2ORD0008704,C016161,2025-03-10 22:00:00,Female,37,Silver,Web,Songkhla,664,Shopee,Bank_Transfer,22,3,0,0,30-40,22.133333333333333,2.0,1.0,0.5,-1,9,1263.92,0.05,0.5,0.0,0.0,0.0,0,0,0.0,1602.93,1,1,1.0,2527.84,2,1,0.5,2527.84,2,1,0.5,0
LGS2ORD0008705,C014141,2025-03-10 22:00:00,Male,25,Bronze,Lazada,Nakhon Ratchasima,657,Lazada,COD,22,3,0,0,20-30,21.9,1.0,0.0,0.0,-1,54,5534.21,0.13,1.0,0.0,0.0,0.0,0,0,0.0,0.0,0,0,0.0,5534.21,1,0,0.0,5534.21,1,0,0.0,1
LGS2ORD0008706,C010229,2025-03-10 23:00:00,Male,42,Bronze,TV,Nakhon Ratchasima,810,Web,COD,23,3,0,0,40-50,27.0,0.0,0.0,0.0,-1,-1,0.0,0.0,0.0,0.0,0.0,0.0,0,0,0.0,0.0,0,0,0.0,0.0,0,0,0.0,0.0,0,0,0.0,0
LGS2ORD0008707,C014222,2025-03-10 23:00:00,Female,23,Gold,Lazada,Bangkok,236,Web,Bank_Transfer,23,3,0,0,20-30,7.866666666666666,0.0,0.0,0.0,-1,-1,0.0,0.0,0.0,0.0,0.0,0.0,0,0,0.0,0.0,0,0,0.0,0.0,0,0,0.0,0.0,0,0,0.0,0
LGS2ORD0008708,C012808,2025-03-10 23:00:00,Male,34,Bronze,Shopee,Songkhla,940,Web,Bank_Transfer,23,3,0,0,30-40,31.333333333333332,2.0,2.0,1.0,5,15,3078.4449999999997,0.23,1.0,0.5,0.0,0.0,0,0,0.0,6156.889999999999,2,2,1.0,6156.889999999999,2,2,1.0,6156.889999999999,2,2,1.0,1
LGS2ORD0008709,C016217,2025-03-10 23:00:00,Male,41,Silver,Web,Chiang Mai,269,TV_Show,Credit_Card,23,3,0,0,40-50,8.966666666666667,1.0,1.0,1.0,14,28,576.02,0.3,0.0,1.0,0.0,0.0,0,0,0.0,576.02,1,1,1.0,576.02,1,1,1.0,576.02,1,1,1.0,1
LGS2ORD0008710,C015234,2025-03-10 23:00:00,Female,42,Bronze,TV,Chonburi,407,Shopee,Credit_Card,23,3,0,0,40-50,13.566666666666666,5.0,1.0,0.2,12,21,3050.68,0.28,0.6,0.6,0.0,0.0,0,0,0.0,2212.8599999999997,2,1,0.5,15253.4,5,1,0.2,15253.4,5,1,0.2,0
LGS2ORD0008711,C014001,2025-03-10 23:00:00,Female,38,Silver,Web,Chiang Mai,906,Shopee,PromptPay,23,3,0,0,30-40,30.2,0.0,0.0,0.0,-1,-1,0.0,0.0,0.0,0.0,0.0,0.0,0,0,0.0,0.0,0,0,0.0,0.0,0,0,0.0,0.0,0,0,0.0,0
LGS2ORD0008712,C015411,2025-03-11 00:00:00,Female,36,Platinum,Shopee,Nakhon Ratchasima,966,Web,COD,0,3,1,0,30-40,32.2,0.0,0.0,0.0,-1,-1,0.0,0.0,0.0,0.0,0.0,0.0,0,0,0.0,0.0,0,0,0.0,0.0,0,0,0.0,0.0,0,0,0.0,0
LGS2ORD0008713,C014057,2025-03-11 00:00:00,Male,63,Silver,Web,Chonburi,591,TV_Show,Credit_Card,0,3,1,0,>50,19.7,1.0,0.0,0.0,-1,37,1437.04,0.05,0.0,0.0,0.0,0.0,0,0,0.0,0.0,0,0,0.0,1437.04,1,0,0.0,1437.04,1,0,0.0,0
LGS2ORD0008714,C015058,2025-03-11 00:00:00,Male,47,Bronze,CallCenter,Nakhon Ratchasima,737,CallCenter,COD,0,3,1,0,40-50,24.566666666666666,0.0,0.0,0.0,-1,-1,0.0,0.0,0.0,0.0,0.0,0.0,0,0,0.0,0.0,0,0,0.0,0.0,0,0,0.0,0.0,0,0,0.0,0
LGS2ORD0008715,C015453,2025-03-11 00:00:00,Female,22,Gold,Web,Phuket,531,TV_Show,Credit_Card,0,3,1,0,20-30,17.7,1.0,0.0,0.0,-1,17,2868.3,0.08,0.0,0.0,0.0,0.0,0,0,0.0,2868.3,1,0,0.0,2868.3,1,0,0.0,2868.3,1,0,0.0,0
LGS2ORD0008716,C017637,2025-03-11 00:00:00,Female,34,Bronze,Web,Phuket,237,TV_Show,COD,0,3,1,0,30-40,7.9,1.0,1.0,1.0,35,53,4463.51,0.23,1.0,1.0,0.0,0.0,0,0,0.0,0.0,0,0,0.0,4463.51,1,1,1.0,4463.51,1,1,1.0,1
LGS2ORD0008717,C012954,2025-03-11 01:00:00,Other,30,Bronze,Web,Nakhon Ratchasima,986,TV_Show,COD,1,3,1,0,20-30,32.86666666666667,2.0,1.0,0.5,0,11,10189.975,0.23,0.5,1.0,0.0,0.0,0,0,0.0,20379.95,2,1,0.5,20379.95,2,1,0.5,20379.95,2,1,0.5,0
LGS2ORD0008718,C015588,2025-03-11 01:00:00,Male,51,Bronze,TV,Songkhla,150,TV_Show,COD,1,3,1,0,>50,5.0,2.0,0.0,0.0,-1,12,1159.3600000000001,0.28,0.5,0.5,0.0,0.0,0,0,0.0,2318.7200000000003,2,0,0.0,2318.7200000000003,2,0,0.0,2318.7200000000003,2,0,0.0,1
LGS2ORD0008719,C013239,2025-03-11 01:00:00,Male,29,Bronze,Shopee,Khon Kaen,558,Web,PromptPay,1,3,1,0,20-30,18.6,3.0,2.0,0.6666666666666666,2,12,5234.693333333334,0.23,0.6666666666666666,0.3333333333333333,0.0,0.0,0,0,0.0,15704.080000000002,3,2,0.6666666666666666,15704.080000000002,3,2,0.6666666666666666,15704.080000000002,3,2,0.6666666666666666,0
LGS2ORD0008720,C017703,2025-03-11 01:00:00,Female,54,Bronze,TV,Chiang Mai,863,Lazada,Credit_Card,1,3,1,0,>50,28.766666666666666,2.0,0.0,0.0,-1,0,4774.764999999999,0.08,0.5,0.0,0.0,2105.0,1,0,0.0,2105.0,1,0,0.0,9549.529999999999,2,0,0.0,9549.529999999999,2,0,0.0,0
LGS2ORD0008721,C017596,2025-03-11 01:00:00,Female,32,Bronze,Shopee,Chonburi,1001,Lazada,COD,1,3,1,0,30-40,33.36666666666667,0.0,0.0,0.0,-1,-1,0.0,0.0,0.0,0.0,0.0,0.0,0,0,0.0,0.0,0,0,0.0,0.0,0,0,0.0,0.0,0,0,0.0,0
LGS2ORD0008722,C012881,2025-03-11 02:00:00,Male,50,Platinum,Web,Bangkok,943,TV_Show,PromptPay,2,3,1,0,40-50,31.433333333333334,0.0,0.0,0.0,-1,-1,0.0,0.0,0.0,0.0,0.0,0.0,0,0,0.0,0.0,0,0,0.0,0.0,0,0,0.0,0.0,0,0,0.0,1
LGS2ORD0008723,C015291,2025-03-11 02:00:00,Female,32,Platinum,Shopee,Bangkok,1131,Lazada,COD,2,3,1,0,30-40,37.7,1.0,0.0,0.0,-1,14,6041.22,0.25,1.0,1.0,0.0,0.0,0,0,0.0,6041.22,1,0,0.0,6041.22,1,0,0.0,6041.22,1,0,0.0,0
LGS2ORD0008724,C017570,2025-03-11 02:00:00,Male,72,Bronze,Shopee,Songkhla,1176,TV_Show,COD,2,3,1,0,>50,39.2,0.0,0.0,0.0,-1,-1,0.0,0.0,0.0,0.0,0.0,0.0,0,0,0.0,0.0,0,0,0.0,0.0,0,0,0.0,0.0,0,0,0.0,1
LGS2ORD0008725,C015333,2025-03-11 02:00:00,Male,58,Bronze,TV,Khon Kaen,928,Shopee,COD,2,3,1,0,>50,30.933333333333334,2.0,0.0,0.0,-1,11,12263.765,0.03,0.5,0.0,0.0,0.0,0,0,0.0,461.18,1,0,0.0,24527.53,2,0,0.0,24527.53,2,0,0.0,1
LGS2ORD0008726,C015456,2025-03-11 02:00:00,Female,47,Bronze,TV,Songkhla,252,Shopee,COD,2,3,1,0,40-50,8.4,1.0,0.0,0.0,-1,47,420.68,0.28,0.0,1.0,0.0,0.0,0,0,0.0,0.0,0,0,0.0,420.68,1,0,0.0,420.68,1,0,0.0,1
LGS2ORD0008727,C015015,2025-03-11 02:00:00,Female,44,Bronze,Web,Bangkok,103,TV_Show,Bank_Transfer,2,3,1,0,40-50,3.433333333333333,1.0,0.0,0.0,-1,10,3617.95,0.08,0.0,0.0,0.0,0.0,0,0,0.0,3617.95,1,0,0.0,3617.95,1,0,0.0,3617.95,1,0,0.0,0
LGS2ORD0008728,C017665,2025-03-11 03:00:00,Male,57,Gold,TV,Remote_Area,1312,Shopee,COD,3,3,1,0,>50,43.733333333333334,5.0,0.0,0.0,-1,4,7315.395999999999,0.28,0.4,0.6,0.0,9918.439999999999,3,0,0.0,36576.979999999996,5,0,0.0,36576.979999999996,5,0,0.0,36576.979999999996,5,0,0.0,0
LGS2ORD0008729,C010057,2025-03-11 03:00:00,Male,40,Gold,Shopee,Nakhon Ratchasima,983,Shopee,Credit_Card,3,3,1,0,30-40,32.766666666666666,2.0,0.0,0.0,-1,17,1544.5049999999999,0.28,0.0,1.0,0.0,0.0,0,0,0.0,2737.16,1,0,0.0,3089.0099999999998,2,0,0.0,3089.0099999999998,2,0,0.0,0
LGS2ORD0008730,C012476,2025-03-11 03:00:00,Female,46,Gold,Web,Bangkok,888,CallCenter,Bank_Transfer,3,3,1,0,40-50,29.6,2.0,1.0,0.5,57,37,1639.535,0.28,1.0,0.5,0.0,0.0,0,0,0.0,0.0,0,0,0.0,3279.07,2,1,0.5,3279.07,2,1,0.5,0
LGS2ORD0008731,C014058,2025-03-11 03:00:00,Female,57,Platinum,Web,Bangkok,408,Shopee,Credit_Card,3,3,1,0,>50,13.6,1.0,0.0,0.0,-1,11,4069.22,0.1,0.0,0.0,0.0,0.0,0,0,0.0,4069.22,1,0,0.0,4069.22,1,0,0.0,4069.22,1,0,0.0,0
LGS2ORD0008732,C014413,2025-03-11 03:00:00,Male,21,Gold,CallCenter,Khon Kaen,348,Shopee,COD,3,3,1,0,20-30,11.6,1.0,1.0,1.0,57,68,4711.4,0.08,1.0,0.0,0.0,0.0,0,0,0.0,0.0,0,0,0.0,4711.4,1,1,1.0,4711.4,1,1,1.0,0
LGS2ORD0008733,C012725,2025-03-11 04:00:00,Male,60,Bronze,CallCenter,Songkhla,1293,TV_Show,COD,4,3,1,0,>50,43.1,1.0,1.0,1.0,4,15,1135.08,0.18,1.0,0.0,0.0,0.0,0,0,0.0,1135.08,1,1,1.0,1135.08,1,1,1.0,1135.08,1,1,1.0,1
LGS2ORD0008734,C010052,2025-03-11 04:00:00,Male,23,Bronze,CallCenter,Nakhon Ratchasima,516,Web,COD,4,3,1,0,20-30,17.2,1.0,1.0,1.0,54,68,1116.41,0.23,1.0,1.0,0.0,0.0,0,0,0.0,0.0,0,0,0.0,1116.41,1,1,1.0,1116.41,1,1,1.0,0
LGS2ORD0008735,C015854,2025-03-11 04:00:00,Male,55,Bronze,TV,Phuket,1321,CallCenter,COD,4,3,1,0,>50,44.03333333333333,0.0,0.0,0.0,-1,-1,0.0,0.0,0.0,0.0,0.0,0.0,0,0,0.0,0.0,0,0,0.0,0.0,0,0,0.0,0.0,0,0,0.0,1
LGS2ORD0008736,C017961,2025-03-11 04:00:00,Female,35,Bronze,Lazada,Chiang Mai,941,TV_Show,COD,4,3,1,0,30-40,31.366666666666667,2.0,1.0,0.5,31,35,21263.960000000003,0.03,0.0,0.0,0.0,0.0,0,0,0.0,0.0,0,0,0.0,42527.920000000006,2,1,0.5,42527.920000000006,2,1,0.5,0
LGS2ORD0008737,C014671,2025-03-11 04:00:00,Male,37,Bronze,CallCenter,Chonburi,1214,CallCenter,PromptPay,4,3,1,0,30-40,40.46666666666667,0.0,0.0,0.0,-1,-1,0.0,0.0,0.0,0.0,0.0,0.0,0,0,0.0,0.0,0,0,0.0,0.0,0,0,0.0,0.0,0,0,0.0,0
LGS2ORD0008738,C015550,2025-03-11 05:00:00,Female,35,Bronze,Shopee,Chiang Mai,726,Shopee,Credit_Card,5,3,1,0,30-40,24.2,0.0,0.0,0.0,-1,-1,0.0,0.0,0.0,0.0,0.0,0.0,0,0,0.0,0.0,0,0,0.0,0.0,0,0,0.0,0.0,0,0,0.0,0
LGS2ORD0008739,C012829,2025-03-11 05:00:00,Female,72,Silver,TV,Bangkok,900,Web,COD,5,3,1,0,>50,30.0,3.0,1.0,0.3333333333333333,24,36,2035.8500000000001,0.25,0.3333333333333333,0.3333333333333333,0.0,0.0,0,0,0.0,0.0,0,0,0.0,6107.55,3,1,0.3333333333333333,6107.55,3,1,0.3333333333333333,0
LGS2ORD0008740,C011404,2025-03-11 05:00:00,Female,46,Bronze,TV,Chiang Mai,651,TV_Show,Credit_Card,5,3,1,0,40-50,21.7,0.0,0.0,0.0,-1,-1,0.0,0.0,0.0,0.0,0.0,0.0,0,0,0.0,0.0,0,0,0.0,0.0,0,0,0.0,0.0,0,0,0.0,0
LGS2ORD0008741,C011181,2025-03-11 05:00:00,Female,40,Bronze,TV,Bangkok,416,Web,COD,5,3,1,0,30-40,13.866666666666667,0.0,0.0,0.0,-1,-1,0.0,0.0,0.0,0.0,0.0,0.0,0,0,0.0,0.0,0,0,0.0,0.0,0,0,0.0,0.0,0,0,0.0,0
LGS2ORD0008742,C015946,2025-03-11 05:00:00,Male,18,Silver,TV,Phuket,626,CallCenter,Bank_Transfer,5,3,1,0,<20,20.866666666666667,0.0,0.0,0.0,-1,-1,0.0,0.0,0.0,0.0,0.0,0.0,0,0,0.0,0.0,0,0,0.0,0.0,0,0,0.0,0.0,0,0,0.0,1
LGS2ORD0008743,C015494,2025-03-11 06:00:00,Female,38,Gold,Shopee,Phuket,315,TV_Show,COD,6,3,1,0,30-40,10.5,1.0,0.0,0.0,-1,36,4047.2,0.08,1.0,0.0,0.0,0.0,0,0,0.0,0.0,0,0,0.0,4047.2,1,0,0.0,4047.2,1,0,0.0,0
LGS2ORD0008744,C013795,2025-03-11 06:00:00,Male,19,Bronze,Shopee,Songkhla,625,TV_Show,Credit_Card,6,3,1,0,<20,20.833333333333332,1.0,0.0,0.0,-1,28,3999.2,0.23,1.0,1.0,0.0,0.0,0,0,0.0,3999.2,1,0,0.0,3999.2,1,0,0.0,3999.2,1,0,0.0,0
LGS2ORD0008745,C011523,2025-03-11 06:00:00,Female,31,Silver,TV,Bangkok,277,TV_Show,PromptPay,6,3,1,0,30-40,9.233333333333333,1.0,0.0,0.0,-1,55,438.19,0.25,1.0,1.0,0.0,0.0,0,0,0.0,0.0,0,0,0.0,438.19,1,0,0.0,438.19,1,0,0.0,0
LGS2ORD0008746,C011023,2025-03-11 06:00:00,Female,38,Gold,Lazada,Bangkok,504,Shopee,Bank_Transfer,6,3,1,0,30-40,16.8,1.0,0.0,0.0,-1,33,4127.68,0.18,1.0,0.0,0.0,0.0,0,0,0.0,0.0,0,0,0.0,4127.68,1,0,0.0,4127.68,1,0,0.0,0
LGS2ORD0008747,C011403,2025-03-11 06:00:00,Female,59,Gold,TV,Nakhon Ratchasima,476,Web,Credit_Card,6,3,1,0,>50,15.866666666666667,1.0,0.0,0.0,-1,32,3434.23,0.08,1.0,0.0,0.0,0.0,0,0,0.0,0.0,0,0,0.0,3434.23,1,0,0.0,3434.23,1,0,0.0,0
LGS2ORD0008748,C015787,2025-03-11 06:00:00,Female,39,Gold,TV,Phuket,384,Shopee,Bank_Transfer,6,3,1,0,30-40,12.8,1.0,1.0,1.0,53,60,12825.59,0.33,1.0,1.0,0.0,0.0,0,0,0.0,0.0,0,0,0.0,12825.59,1,1,1.0,12825.59,1,1,1.0,0
LGS2ORD0008749,C012982,2025-03-11 07:00:00,Female,51,Silver,TV,Songkhla,1135,Shopee,COD,7,3,1,0,>50,37.833333333333336,1.0,0.0,0.0,-1,7,6474.59,0.1,0.0,0.0,0.0,0.0,0,0,0.0,6474.59,1,0,0.0,6474.59,1,0,0.0,6474.59,1,0,0.0,1
LGS2ORD0008750,C014411,2025-03-11 07:00:00,Female,44,Silver,Lazada,Chonburi,343,Shopee,Credit_Card,7,3,1,0,40-50,11.433333333333334,0.0,0.0,0.0,-1,-1,0.0,0.0,0.0,0.0,0.0,0.0,0,0,0.0,0.0,0,0,0.0,0.0,0,0,0.0,0.0,0,0,0.0,1
LGS2ORD0008751,C014689,2025-03-11 07:00:00,Male,37,Silver,Shopee,Chiang Mai,324,TV_Show,COD,7,3,1,0,30-40,10.8,0.0,0.0,0.0,-1,-1,0.0,0.0,0.0,0.0,0.0,0.0,0,0,0.0,0.0,0,0,0.0,0.0,0,0,0.0,0.0,0,0,0.0,0
LGS2ORD0008752,C017950,2025-03-11 07:00:00,Male,63,Bronze,Shopee,Chiang Mai,356,Web,COD,7,3,1,0,>50,11.866666666666667,1.0,0.0,0.0,-1,28,494.41,0.18,0.0,0.0,0.0,0.0,0,0,0.0,494.41,1,0,0.0,494.41,1,0,0.0,494.41,1,0,0.0,1
LGS2ORD0008753,C010244,2025-03-11 07:00:00,Male,35,Gold,Shopee,Songkhla,314,Shopee,Credit_Card,7,3,1,0,30-40,10.466666666666667,0.0,0.0,0.0,-1,-1,0.0,0.0,0.0,0.0,0.0,0.0,0,0,0.0,0.0,0,0,0.0,0.0,0,0,0.0,0.0,0,0,0.0,0
LGS2ORD0008754,C013183,2025-03-11 08:00:00,Female,61,Bronze,TV,Khon Kaen,1480,Shopee,COD,8,3,1,0,>50,49.333333333333336,0.0,0.0,0.0,-1,-1,0.0,0.0,0.0,0.0,0.0,0.0,0,0,0.0,0.0,0,0,0.0,0.0,0,0,0.0,0.0,0,0,0.0,0
LGS2ORD0008755,C014626,2025-03-11 08:00:00,Male,43,Bronze,Shopee,Khon Kaen,946,Web,PromptPay,8,3,1,0,40-50,31.533333333333335,2.0,1.0,0.5,54,2,1404.36,0.23,0.0,1.0,0.0,1123.87,1,0,0.0,1123.87,1,0,0.0,2808.72,2,1,0.5,2808.72,2,1,0.5,1
LGS2ORD0008756,C014394,2025-03-11 08:00:00,Male,42,Platinum,TV,Nakhon Ratchasima,1145,Shopee,Bank_Transfer,8,3,1,0,40-50,38.166666666666664,2.0,0.0,0.0,-1,34,1661.535,0.35,0.0,0.5,0.0,0.0,0,0,0.0,0.0,0,0,0.0,3323.07,2,0,0.0,3323.07,2,0,0.0,0
LGS2ORD0008757,C010944,2025-03-11 08:00:00,Female,41,Bronze,Lazada,Khon Kaen,961,Web,Bank_Transfer,8,3,1,0,40-50,32.03333333333333,0.0,0.0,0.0,-1,-1,0.0,0.0,0.0,0.0,0.0,0.0,0,0,0.0,0.0,0,0,0.0,0.0,0,0,0.0,0.0,0,0,0.0,0
LGS2ORD0008758,C012755,2025-03-11 08:00:00,Female,35,Bronze,Shopee,Bangkok,1254,Lazada,Credit_Card,8,3,1,0,30-40,41.8,0.0,0.0,0.0,-1,-1,0.0,0.0,0.0,0.0,0.0,0.0,0,0,0.0,0.0,0,0,0.0,0.0,0,0,0.0,0.0,0,0,0.0,0
LGS2ORD0008759,C010232,2025-03-11 09:00:00,Male,46,Bronze,TV,Bangkok,1522,TV_Show,COD,9,3,1,0,40-50,50.733333333333334,1.0,0.0,0.0,-1,26,8377.84,0.23,0.0,1.0,0.0,0.0,0,0,0.0,8377.84,1,0,0.0,8377.84,1,0,0.0,8377.84,1,0,0.0,0
LGS2ORD0008760,C017248,2025-03-11 09:00:00,Female,72,Bronze,TV,Phuket,465,Shopee,COD,9,3,1,0,>50,15.5,2.0,0.0,0.0,-1,10,1163.425,0.13,0.5,0.0,0.0,0.0,0,0,0.0,470.91,1,0,0.0,2326.85,2,0,0.0,2326.85,2,0,0.0,0
LGS2ORD0008761,C014860,2025-03-11 09:00:00,Male,33,Bronze,TV,Songkhla,1150,TV_Show,COD,9,3,1,0,30-40,38.333333333333336,4.0,0.0,0.0,-1,1,7385.185,0.28,0.25,0.25,0.0,11403.77,1,0,0.0,15235.220000000001,2,0,0.0,29540.74,4,0,0.0,29540.74,4,0,0.0,0
LGS2ORD0008762,C011477,2025-03-11 09:00:00,Other,47,Bronze,Lazada,Remote_Area,1461,Web,Credit_Card,9,3,1,0,40-50,48.7,3.0,2.0,0.6666666666666666,14,5,2100.826666666667,0.23,0.6666666666666666,0.3333333333333333,0.0,897.66,1,0,0.0,1282.88,2,1,0.5,6302.4800000000005,3,2,0.6666666666666666,6302.4800000000005,3,2,0.6666666666666666,0
LGS2ORD0008763,C011472,2025-03-11 09:00:00,Male,22,Bronze,Lazada,Chonburi,199,Shopee,Credit_Card,9,3,1,0,20-30,6.633333333333334,1.0,0.0,0.0,-1,63,6530.59,0.23,1.0,1.0,0.0,0.0,0,0,0.0,0.0,0,0,0.0,6530.59,1,0,0.0,6530.59,1,0,0.0,0
LGS2ORD0008764,C016531,2025-03-11 10:00:00,Male,28,Gold,Web,Khon Kaen,1152,Lazada,Credit_Card,10,3,1,0,20-30,38.4,2.0,0.0,0.0,-1,41,10705.39,0.08,0.0,0.0,0.0,0.0,0,0,0.0,0.0,0,0,0.0,21410.78,2,0,0.0,21410.78,2,0,0.0,0
LGS2ORD0008765,C014136,2025-03-11 10:00:00,Other,57,Bronze,CallCenter,Khon Kaen,211,CallCenter,COD,10,3,1,0,>50,7.033333333333333,1.0,0.0,0.0,-1,67,6415.72,0.13,0.0,0.0,0.0,0.0,0,0,0.0,0.0,0,0,0.0,6415.72,1,0,0.0,6415.72,1,0,0.0,0
LGS2ORD0008766,C015567,2025-03-11 10:00:00,Female,72,Bronze,Shopee,Chonburi,1246,Shopee,PromptPay,10,3,1,0,>50,41.53333333333333,1.0,1.0,1.0,55,66,4214.89,0.18,1.0,0.0,0.0,0.0,0,0,0.0,0.0,0,0,0.0,4214.89,1,1,1.0,4214.89,1,1,1.0,0
LGS2ORD0008767,C012228,2025-03-11 10:00:00,Female,45,Bronze,Web,Bangkok,327,Lazada,Credit_Card,10,3,1,0,40-50,10.9,1.0,0.0,0.0,-1,66,3872.18,0.03,0.0,0.0,0.0,0.0,0,0,0.0,0.0,0,0,0.0,3872.18,1,0,0.0,3872.18,1,0,0.0,0
LGS2ORD0008768,C012361,2025-03-11 10:00:00,Male,37,Silver,TV,Remote_Area,1011,CallCenter,COD,10,3,1,0,30-40,33.7,1.0,1.0,1.0,-5,11,3436.51,0.25,1.0,1.0,0.0,0.0,0,0,0.0,3436.51,1,1,1.0,3436.51,1,1,1.0,3436.51,1,1,1.0,0
LGS2ORD0008769,C013037,2025-03-11 10:00:00,Female,51,Gold,TV,Chiang Mai,695,CallCenter,COD,10,3,1,0,>50,23.166666666666668,1.0,0.0,0.0,-1,19,8060.11,0.08,0.0,0.0,0.0,0.0,0,0,0.0,8060.11,1,0,0.0,8060.11,1,0,0.0,8060.11,1,0,0.0,0
LGS2ORD0008770,C017799,2025-03-11 11:00:00,Female,43,Gold,Lazada,Khon Kaen,1295,Lazada,Bank_Transfer,11,3,1,0,40-50,43.166666666666664,0.0,0.0,0.0,-1,-1,0.0,0.0,0.0,0.0,0.0,0.0,0,0,0.0,0.0,0,0,0.0,0.0,0,0,0.0,0.0,0,0,0.0,0
LGS2ORD0008771,C017725,2025-03-11 11:00:00,Female,59,Bronze,Web,Khon Kaen,1008,TV_Show,PromptPay,11,3,1,0,>50,33.6,2.0,0.0,0.0,-1,31,15139.545,0.23,1.0,0.5,0.0,0.0,0,0,0.0,0.0,0,0,0.0,30279.09,2,0,0.0,30279.09,2,0,0.0,0
LGS2ORD0008772,C013411,2025-03-11 11:00:00,Female,40,Gold,Web,Bangkok,1153,Web,COD,11,3,1,0,30-40,38.43333333333333,1.0,0.0,0.0,-1,34,483.59,0.2299999999999999,0.0,1.0,0.0,0.0,0,0,0.0,0.0,0,0,0.0,483.59,1,0,0.0,483.59,1,0,0.0,0
LGS2ORD0008773,C016712,2025-03-11 11:00:00,Male,30,Platinum,Web,Chiang Mai,1364,Shopee,COD,11,3,1,0,20-30,45.46666666666667,1.0,0.0,0.0,-1,13,16308.08,0.3,1.0,1.0,0.0,0.0,0,0,0.0,16308.08,1,0,0.0,16308.08,1,0,0.0,16308.08,1,0,0.0,0
LGS2ORD0008774,C011799,2025-03-11 11:00:00,Female,30,Bronze,Shopee,Khon Kaen,1143,TV_Show,COD,11,3,1,0,20-30,38.1,1.0,0.0,0.0,-1,30,1540.89,0.23,0.0,1.0,0.0,0.0,0,0,0.0,0.0,0,0,0.0,1540.89,1,0,0.0,1540.89,1,0,0.0,1
LGS2ORD0008775,C015319,2025-03-11 12:00:00,Female,41,Bronze,Lazada,Khon Kaen,1520,TV_Show,COD,12,3,1,0,40-50,50.666666666666664,0.0,0.0,0.0,-1,-1,0.0,0.0,0.0,0.0,0.0,0.0,0,0,0.0,0.0,0,0,0.0,0.0,0,0,0.0,0.0,0,0,0.0,1
LGS2ORD0008776,C013499,2025-03-11 12:00:00,Male,36,Bronze,Web,Khon Kaen,730,Web,COD,12,3,1,0,30-40,24.333333333333332,2.0,1.0,0.5,30,42,1130.5700000000002,0.28,1.0,0.5,0.0,0.0,0,0,0.0,0.0,0,0,0.0,2261.1400000000003,2,1,0.5,2261.1400000000003,2,1,0.5,0
LGS2ORD0008777,C010906,2025-03-11 12:00:00,Female,18,Silver,CallCenter,Songkhla,591,CallCenter,COD,12,3,1,0,<20,19.7,1.0,0.0,0.0,-1,9,25440.27,0.05,0.0,0.0,0.0,0.0,0,0,0.0,25440.27,1,0,0.0,25440.27,1,0,0.0,25440.27,1,0,0.0,1
LGS2ORD0008778,C013631,2025-03-11 12:00:00,Female,54,Silver,Lazada,Remote_Area,626,Web,COD,12,3,1,0,>50,20.866666666666667,0.0,0.0,0.0,-1,-1,0.0,0.0,0.0,0.0,0.0,0.0,0,0,0.0,0.0,0,0,0.0,0.0,0,0,0.0,0.0,0,0,0.0,1
LGS2ORD0008779,C017016,2025-03-11 12:00:00,Male,18,Gold,Web,Nakhon Ratchasima,723,TV_Show,COD,12,3,1,0,<20,24.1,0.0,0.0,0.0,-1,-1,0.0,0.0,0.0,0.0,0.0,0.0,0,0,0.0,0.0,0,0,0.0,0.0,0,0,0.0,0.0,0,0,0.0,0
LGS2ORD0008780,C014807,2025-03-11 13:00:00,Male,62,Silver,Web,Khon Kaen,832,TV_Show,PromptPay,13,3,1,0,>50,27.733333333333334,1.0,0.0,0.0,-1,63,1252.5,0.2,0.0,0.0,0.0,0.0,0,0,0.0,0.0,0,0,0.0,1252.5,1,0,0.0,1252.5,1,0,0.0,0
LGS2ORD0008781,C012650,2025-03-11 13:00:00,Female,37,Gold,Lazada,Bangkok,184,TV_Show,COD,13,3,1,0,30-40,6.133333333333334,0.0,0.0,0.0,-1,-1,0.0,0.0,0.0,0.0,0.0,0.0,0,0,0.0,0.0,0,0,0.0,0.0,0,0,0.0,0.0,0,0,0.0,0
LGS2ORD0008782,C014509,2025-03-11 13:00:00,Male,53,Bronze,Lazada,Songkhla,713,Web,Credit_Card,13,3,1,0,>50,23.766666666666666,0.0,0.0,0.0,-1,-1,0.0,0.0,0.0,0.0,0.0,0.0,0,0,0.0,0.0,0,0,0.0,0.0,0,0,0.0,0.0,0,0,0.0,1
LGS2ORD0008783,C015603,2025-03-11 13:00:00,Female,52,Gold,Shopee,Chonburi,137,Shopee,Credit_Card,13,3,1,0,>50,4.566666666666666,1.0,1.0,1.0,28,34,2486.31,0.08,1.0,0.0,0.0,0.0,0,0,0.0,0.0,0,0,0.0,2486.31,1,1,1.0,2486.31,1,1,1.0,0
LGS2ORD0008784,C010345,2025-03-11 13:00:00,Female,50,Bronze,Web,Bangkok,468,Lazada,Bank_Transfer,13,3,1,0,40-50,15.6,1.0,0.0,0.0,-1,66,17422.35,0.18,0.0,0.0,0.0,0.0,0,0,0.0,0.0,0,0,0.0,17422.35,1,0,0.0,17422.35,1,0,0.0,0
LGS2ORD0008785,C017732,2025-03-11 14:00:00,Male,49,Silver,Lazada,Bangkok,1396,TV_Show,COD,14,3,1,0,40-50,46.53333333333333,3.0,1.0,0.3333333333333333,50,6,3439.1566666666663,0.15,0.0,0.0,0.0,2793.02,1,0,0.0,2793.02,1,0,0.0,10317.47,3,1,0.3333333333333333,10317.47,3,1,0.3333333333333333,1
LGS2ORD0008786,C014754,2025-03-11 14:00:00,Female,63,Bronze,TV,Songkhla,840,CallCenter,Credit_Card,14,3,1,0,>50,28.0,2.0,1.0,0.5,58,9,4331.264999999999,0.23,0.5,0.5,0.0,0.0,0,0,0.0,7891.23,1,0,0.0,8662.529999999999,2,1,0.5,8662.529999999999,2,1,0.5,0
LGS2ORD0008787,C017103,2025-03-11 14:00:00,Male,38,Bronze,Lazada,Nakhon Ratchasima,503,Shopee,COD,14,3,1,0,30-40,16.766666666666666,2.0,1.0,0.5,48,43,3215.91,0.18,0.5,0.0,0.0,0.0,0,0,0.0,0.0,0,0,0.0,6431.82,2,1,0.5,6431.82,2,1,0.5,1
LGS2ORD0008788,C013320,2025-03-11 14:00:00,Male,50,Silver,CallCenter,Remote_Area,872,TV_Show,Credit_Card,14,3,1,0,40-50,29.066666666666666,1.0,1.0,1.0,1,11,2338.94,0.3,1.0,1.0,0.0,0.0,0,0,0.0,2338.94,1,1,1.0,2338.94,1,1,1.0,2338.94,1,1,1.0,1
LGS2ORD0008789,C014028,2025-03-11 14:00:00,Female,25,Platinum,CallCenter,Nakhon Ratchasima,1416,TV_Show,COD,14,3,1,0,20-30,47.2,0.0,0.0,0.0,-1,-1,0.0,0.0,0.0,0.0,0.0,0.0,0,0,0.0,0.0,0,0,0.0,0.0,0,0,0.0,0.0,0,0,0.0,0
LGS2ORD0008790,C013338,2025-03-11 14:00:00,Male,49,Bronze,TV,Phuket,201,Shopee,COD,14,3,1,0,40-50,6.7,0.0,0.0,0.0,-1,-1,0.0,0.0,0.0,0.0,0.0,0.0,0,0,0.0,0.0,0,0,0.0,0.0,0,0,0.0,0.0,0,0,0.0,1
LGS2ORD0008791,C011799,2025-03-11 15:00:00,Female,30,Bronze,Shopee,Khon Kaen,1143,TV_Show,Bank_Transfer,15,3,1,0,20-30,38.1,2.0,1.0,0.5,-13,0,1346.415,0.23,0.5,0.5,0.0,1151.94,1,1,1.0,1151.94,1,1,1.0,2692.83,2,1,0.5,2692.83,2,1,0.5,0
LGS2ORD0008792,C010322,2025-03-11 15:00:00,Female,25,Bronze,Web,Chiang Mai,714,TV_Show,Bank_Transfer,15,3,1,0,20-30,23.8,0.0,0.0,0.0,-1,-1,0.0,0.0,0.0,0.0,0.0,0.0,0,0,0.0,0.0,0,0,0.0,0.0,0,0,0.0,0.0,0,0,0.0,0
LGS2ORD0008793,C012718,2025-03-11 15:00:00,Male,53,Bronze,TV,Remote_Area,253,Lazada,COD,15,3,1,0,>50,8.433333333333334,2.0,1.0,0.5,35,50,11170.465,0.23,1.0,0.5,0.0,0.0,0,0,0.0,0.0,0,0,0.0,22340.93,2,1,0.5,22340.93,2,1,0.5,1
LGS2ORD0008794,C014394,2025-03-11 15:00:00,Male,42,Platinum,TV,Nakhon Ratchasima,1145,TV_Show,COD,15,3,1,0,40-50,38.166666666666664,3.0,0.0,0.0,-1,0,1464.2333333333336,0.35,0.0,0.3333333333333333,0.0,1069.63,1,0,0.0,1069.63,1,0,0.0,4392.700000000001,3,0,0.0,4392.700000000001,3,0,0.0,0
LGS2ORD0008795,C013301,2025-03-11 15:00:00,Female,42,Bronze,Web,Nakhon Ratchasima,1084,Lazada,COD,15,3,1,0,40-50,36.13333333333333,3.0,0.0,0.0,-1,40,5172.556666666667,0.18,0.3333333333333333,0.0,0.0,0.0,0,0,0.0,0.0,0,0,0.0,15517.670000000002,3,0,0.0,15517.670000000002,3,0,0.0,1
LGS2ORD0008796,C013879,2025-03-11 16:00:00,Female,43,Bronze,TV,Chiang Mai,1039,Web,PromptPay,16,3,1,0,40-50,34.63333333333333,0.0,0.0,0.0,-1,-1,0.0,0.0,0.0,0.0,0.0,0.0,0,0,0.0,0.0,0,0,0.0,0.0,0,0,0.0,0.0,0,0,0.0,1
LGS2ORD0008797,C013511,2025-03-11 16:00:00,Female,30,Platinum,Web,Bangkok,1150,Web,COD,16,3,1,0,20-30,38.333333333333336,0.0,0.0,0.0,-1,-1,0.0,0.0,0.0,0.0,0.0,0.0,0,0,0.0,0.0,0,0,0.0,0.0,0,0,0.0,0.0,0,0,0.0,1
LGS2ORD0008798,C014324,2025-03-11 16:00:00,Female,33,Silver,TV,Khon Kaen,1460,TV_Show,COD,16,3,1,0,30-40,48.666666666666664,1.0,0.0,0.0,-1,47,2897.52,0.05,1.0,0.0,0.0,0.0,0,0,0.0,0.0,0,0,0.0,2897.52,1,0,0.0,2897.52,1,0,0.0,1
LGS2ORD0008799,C014080,2025-03-11 16:00:00,Male,29,Bronze,Shopee,Songkhla,1418,Shopee,PromptPay,16,3,1,0,20-30,47.266666666666666,0.0,0.0,0.0,-1,-1,0.0,0.0,0.0,0.0,0.0,0.0,0,0,0.0,0.0,0,0,0.0,0.0,0,0,0.0,0.0,0,0,0.0,0
LGS2ORD0008800,C015571,2025-03-11 16:00:00,Female,49,Bronze,TV,Nakhon Ratchasima,82,TV_Show,COD,16,3,1,0,40-50,2.7333333333333334,0.0,0.0,0.0,-1,-1,0.0,0.0,0.0,0.0,0.0,0.0,0,0,0.0,0.0,0,0,0.0,0.0,0,0,0.0,0.0,0,0,0.0,0
LGS2ORD0008801,C012878,2025-03-11 17:00:00,Female,63,Bronze,TV,Chonburi,483,CallCenter,COD,17,3,1,0,>50,16.1,1.0,1.0,1.0,5,13,1826.42,0.18,1.0,0.0,0.0,0.0,0,0,0.0,1826.42,1,1,1.0,1826.42,1,1,1.0,1826.42,1,1,1.0,0
LGS2ORD0008802,C014792,2025-03-11 17:00:00,Male,43,Gold,Lazada,Bangkok,1109,Shopee,Bank_Transfer,17,3,1,0,40-50,36.96666666666667,2.0,0.0,0.0,-1,2,1388.7549999999999,0.13,0.0,0.0,0.0,1934.87,1,0,0.0,1934.87,1,0,0.0,2777.5099999999998,2,0,0.0,2777.5099999999998,2,0,0.0,0
LGS2ORD0008803,C017649,2025-03-11 17:00:00,Male,21,Bronze,TV,Songkhla,1067,Shopee,PromptPay,17,3,1,0,20-30,35.56666666666667,0.0,0.0,0.0,-1,-1,0.0,0.0,0.0,0.0,0.0,0.0,0,0,0.0,0.0,0,0,0.0,0.0,0,0,0.0,0.0,0,0,0.0,0
LGS2ORD0008804,C013461,2025-03-11 17:00:00,Female,47,Bronze,CallCenter,Bangkok,119,Web,Credit_Card,17,3,1,0,40-50,3.966666666666667,1.0,0.0,0.0,-1,65,2719.96,0.08,1.0,0.0,0.0,0.0,0,0,0.0,0.0,0,0,0.0,2719.96,1,0,0.0,2719.96,1,0,0.0,0
LGS2ORD0008805,C010997,2025-03-11 17:00:00,Male,18,Bronze,Lazada,Nakhon Ratchasima,129,Shopee,COD,17,3,1,0,<20,4.3,0.0,0.0,0.0,-1,-1,0.0,0.0,0.0,0.0,0.0,0.0,0,0,0.0,0.0,0,0,0.0,0.0,0,0,0.0,0.0,0,0,0.0,0
LGS2ORD0008806,C012164,2025-03-11 18:00:00,Female,53,Silver,Shopee,Khon Kaen,499,Web,COD,18,3,1,0,>50,16.633333333333333,1.0,0.0,0.0,-1,32,1578.15,0.25,0.0,1.0,0.0,0.0,0,0,0.0,0.0,0,0,0.0,1578.15,1,0,0.0,1578.15,1,0,0.0,0
LGS2ORD0008807,C012452,2025-03-11 18:00:00,Female,38,Bronze,TV,Bangkok,1283,Shopee,Bank_Transfer,18,3,1,0,30-40,42.766666666666666,0.0,0.0,0.0,-1,-1,0.0,0.0,0.0,0.0,0.0,0.0,0,0,0.0,0.0,0,0,0.0,0.0,0,0,0.0,0.0,0,0,0.0,0
LGS2ORD0008808,C010368,2025-03-11 18:00:00,Male,61,Bronze,Lazada,Bangkok,544,TV_Show,COD,18,3,1,0,>50,18.133333333333333,0.0,0.0,0.0,-1,-1,0.0,0.0,0.0,0.0,0.0,0.0,0,0,0.0,0.0,0,0,0.0,0.0,0,0,0.0,0.0,0,0,0.0,0
LGS2ORD0008809,C010019,2025-03-11 18:00:00,Male,39,Silver,Web,Chiang Mai,315,CallCenter,PromptPay,18,3,1,0,30-40,10.5,0.0,0.0,0.0,-1,-1,0.0,0.0,0.0,0.0,0.0,0.0,0,0,0.0,0.0,0,0,0.0,0.0,0,0,0.0,0.0,0,0,0.0,0
LGS2ORD0008810,C013144,2025-03-11 18:00:00,Female,57,Silver,Lazada,Phuket,249,CallCenter,Bank_Transfer,18,3,1,0,>50,8.3,3.0,0.0,0.0,-1,4,2052.153333333333,0.2,1.0,0.0,0.0,3628.43,1,0,0.0,4835.36,2,0,0.0,6156.459999999999,3,0,0.0,6156.459999999999,3,0,0.0,0
LGS2ORD0008811,C013487,2025-03-11 18:00:00,Male,55,Bronze,Web,Bangkok,441,CallCenter,Credit_Card,18,3,1,0,>50,14.7,3.0,1.0,0.3333333333333333,0,4,11582.92,0.28,0.6666666666666666,0.3333333333333333,0.0,10113.16,1,1,1.0,10113.16,1,1,1.0,34748.76,3,1,0.3333333333333333,34748.76,3,1,0.3333333333333333,0
LGS2ORD0008812,C017451,2025-03-11 19:00:00,Male,34,Bronze,TV,Songkhla,307,TV_Show,Credit_Card,19,3,1,0,30-40,10.233333333333333,1.0,0.0,0.0,-1,15,6009.78,0.03,0.0,0.0,0.0,0.0,0,0,0.0,6009.78,1,0,0.0,6009.78,1,0,0.0,6009.78,1,0,0.0,0
LGS2ORD0008813,C014482,2025-03-11 19:00:00,Female,55,Bronze,Web,Songkhla,313,TV_Show,COD,19,3,1,0,>50,10.433333333333334,2.0,0.0,0.0,-1,37,2934.185,0.28,1.0,0.5,0.0,0.0,0,0,0.0,0.0,0,0,0.0,5868.37,2,0,0.0,5868.37,2,0,0.0,1
LGS2ORD0008814,C016844,2025-03-11 19:00:00,Male,23,Silver,Lazada,Bangkok,914,Lazada,COD,19,3,1,0,20-30,30.466666666666665,1.0,0.0,0.0,-1,15,1766.41,0.05,0.0,0.0,0.0,0.0,0,0,0.0,1766.41,1,0,0.0,1766.41,1,0,0.0,1766.41,1,0,0.0,0
LGS2ORD0008815,C011670,2025-03-11 19:00:00,Male,51,Bronze,Shopee,Chonburi,974,TV_Show,Credit_Card,19,3,1,0,>50,32.46666666666667,2.0,1.0,0.5,22,26,2456.3900000000003,0.13,0.0,0.0,0.0,0.0,0,0,0.0,1246.0,1,0,0.0,4912.780000000001,2,1,0.5,4912.780000000001,2,1,0.5,0
LGS2ORD0008816,C017206,2025-03-11 19:00:00,Male,49,Bronze,Lazada,Bangkok,673,Web,Credit_Card,19,3,1,0,40-50,22.433333333333334,0.0,0.0,0.0,-1,-1,0.0,0.0,0.0,0.0,0.0,0.0,0,0,0.0,0.0,0,0,0.0,0.0,0,0,0.0,0.0,0,0,0.0,0
LGS2ORD0008817,C010749,2025-03-11 20:00:00,Male,53,Bronze,Shopee,Songkhla,742,Shopee,PromptPay,20,3,1,0,>50,24.733333333333334,1.0,1.0,1.0,45,53,2127.2,0.23,1.0,1.0,0.0,0.0,0,0,0.0,0.0,0,0,0.0,2127.2,1,1,1.0,2127.2,1,1,1.0,0
LGS2ORD0008818,C014972,2025-03-11 20:00:00,Male,30,Bronze,CallCenter,Nakhon Ratchasima,1347,Shopee,PromptPay,20,3,1,0,20-30,44.9,1.0,0.0,0.0,-1,11,20723.99,0.03,0.0,0.0,0.0,0.0,0,0,0.0,20723.99,1,0,0.0,20723.99,1,0,0.0,20723.99,1,0,0.0,0
LGS2ORD0008819,C013422,2025-03-11 20:00:00,Female,43,Gold,Shopee,Bangkok,228,CallCenter,COD,20,3,1,0,40-50,7.6,2.0,0.0,0.0,-1,30,865.085,0.13,1.0,0.0,0.0,0.0,0,0,0.0,0.0,0,0,0.0,1730.17,2,0,0.0,1730.17,2,0,0.0,0
LGS2ORD0008820,C011161,2025-03-11 20:00:00,Female,48,Gold,Web,Chonburi,704,TV_Show,COD,20,3,1,0,40-50,23.466666666666665,0.0,0.0,0.0,-1,-1,0.0,0.0,0.0,0.0,0.0,0.0,0,0,0.0,0.0,0,0,0.0,0.0,0,0,0.0,0.0,0,0,0.0,1
LGS2ORD0008821,C017638,2025-03-11 20:00:00,Female,61,Silver,TV,Bangkok,1317,Web,Credit_Card,20,3,1,0,>50,43.9,1.0,1.0,1.0,19,28,7801.8,0.25,1.0,1.0,0.0,0.0,0,0,0.0,7801.8,1,1,1.0,7801.8,1,1,1.0,7801.8,1,1,1.0,0
LGS2ORD0008822,C012197,2025-03-11 21:00:00,Female,37,Silver,TV,Songkhla,599,Web,COD,21,3,1,0,30-40,19.966666666666665,0.0,0.0,0.0,-1,-1,0.0,0.0,0.0,0.0,0.0,0.0,0,0,0.0,0.0,0,0,0.0,0.0,0,0,0.0,0.0,0,0,0.0,0
LGS2ORD0008823,C011502,2025-03-11 21:00:00,Male,53,Bronze,TV,Nakhon Ratchasima,675,CallCenter,Credit_Card,21,3,1,0,>50,22.5,1.0,1.0,1.0,47,54,10444.95,0.28,1.0,1.0,0.0,0.0,0,0,0.0,0.0,0,0,0.0,10444.95,1,1,1.0,10444.95,1,1,1.0,0
LGS2ORD0008824,C012513,2025-03-11 21:00:00,Female,43,Silver,Lazada,Bangkok,732,Lazada,Credit_Card,21,3,1,0,40-50,24.4,2.0,0.0,0.0,-1,13,4969.865,0.25,0.0,0.5,0.0,0.0,0,0,0.0,7403.76,1,0,0.0,9939.73,2,0,0.0,9939.73,2,0,0.0,0
LGS2ORD0008825,C011389,2025-03-11 21:00:00,Male,51,Gold,Shopee,Khon Kaen,148,Shopee,Credit_Card,21,3,1,0,>50,4.933333333333334,0.0,0.0,0.0,-1,-1,0.0,0.0,0.0,0.0,0.0,0.0,0,0,0.0,0.0,0,0,0.0,0.0,0,0,0.0,0.0,0,0,0.0,0
LGS2ORD0008826,C014903,2025-03-11 21:00:00,Female,18,Bronze,TV,Phuket,580,CallCenter,COD,21,3,1,0,<20,19.333333333333332,1.0,0.0,0.0,-1,1,336.82,0.18,0.0,0.0,0.0,336.82,1,0,0.0,336.82,1,0,0.0,336.82,1,0,0.0,336.82,1,0,0.0,0
LGS2ORD0008827,C014807,2025-03-11 22:00:00,Male,62,Silver,Web,Khon Kaen,832,Shopee,COD,22,3,1,0,>50,27.733333333333334,2.0,0.0,0.0,-1,0,6653.645,0.2,0.0,0.0,0.0,12054.79,1,0,0.0,12054.79,1,0,0.0,13307.29,2,0,0.0,13307.29,2,0,0.0,0
LGS2ORD0008828,C017066,2025-03-11 22:00:00,Male,34,Silver,Web,Bangkok,563,Lazada,Credit_Card,22,3,1,0,30-40,18.766666666666666,1.0,0.0,0.0,-1,29,22846.12,0.05,1.0,0.0,0.0,0.0,0,0,0.0,22846.12,1,0,0.0,22846.12,1,0,0.0,22846.12,1,0,0.0,0
LGS2ORD0008829,C014214,2025-03-11 22:00:00,Male,50,Silver,Lazada,Chonburi,990,Shopee,COD,22,3,1,0,40-50,33.0,0.0,0.0,0.0,-1,-1,0.0,0.0,0.0,0.0,0.0,0.0,0,0,0.0,0.0,0,0,0.0,0.0,0,0,0.0,0.0,0,0,0.0,0
LGS2ORD0008830,C016711,2025-03-11 22:00:00,Female,39,Bronze,TV,Bangkok,520,Web,Credit_Card,22,3,1,0,30-40,17.333333333333332,1.0,0.0,0.0,-1,16,9912.0,0.08,1.0,0.0,0.0,0.0,0,0,0.0,9912.0,1,0,0.0,9912.0,1,0,0.0,9912.0,1,0,0.0,1
LGS2ORD0008831,C014613,2025-03-11 22:00:00,Female,35,Gold,CallCenter,Bangkok,889,TV_Show,PromptPay,22,3,1,0,30-40,29.633333333333333,0.0,0.0,0.0,-1,-1,0.0,0.0,0.0,0.0,0.0,0.0,0,0,0.0,0.0,0,0,0.0,0.0,0,0,0.0,0.0,0,0,0.0,1
LGS2ORD0008832,C012831,2025-03-11 22:00:00,Other,72,Bronze,CallCenter,Bangkok,104,Shopee,PromptPay,22,3,1,0,>50,3.466666666666667,1.0,0.0,0.0,-1,28,9390.4,0.03,1.0,0.0,0.0,0.0,0,0,0.0,9390.4,1,0,0.0,9390.4,1,0,0.0,9390.4,1,0,0.0,0
LGS2ORD0008833,C014235,2025-03-11 23:00:00,Male,31,Silver,TV,Bangkok,388,Web,COD,23,3,1,0,30-40,12.933333333333334,2.0,0.0,0.0,-1,46,10679.86,0.15,0.5,0.0,0.0,0.0,0,0,0.0,0.0,0,0,0.0,21359.72,2,0,0.0,21359.72,2,0,0.0,0
LGS2ORD0008834,C015835,2025-03-11 23:00:00,Other,46,Silver,Web,Chonburi,967,CallCenter,PromptPay,23,3,1,0,40-50,32.233333333333334,2.0,0.0,0.0,-1,10,3820.23,0.2,0.5,0.0,0.0,0.0,0,0,0.0,1926.38,1,0,0.0,7640.46,2,0,0.0,7640.46,2,0,0.0,0
LGS2ORD0008835,C013091,2025-03-11 23:00:00,Female,54,Silver,Web,Bangkok,422,Web,COD,23,3,1,0,>50,14.066666666666666,1.0,1.0,1.0,17,34,29280.94,0.2,1.0,0.0,0.0,0.0,0,0,0.0,0.0,0,0,0.0,29280.94,1,1,1.0,29280.94,1,1,1.0,0
LGS2ORD0008836,C016495,2025-03-11 23:00:00,Female,44,Bronze,TV,Nakhon Ratchasima,622,CallCenter,Credit_Card,23,3,1,0,40-50,20.733333333333334,1.0,0.0,0.0,-1,8,278.54,0.28,1.0,1.0,0.0,0.0,0,0,0.0,278.54,1,0,0.0,278.54,1,0,0.0,278.54,1,0,0.0,1
LGS2ORD0008837,C012935,2025-03-11 23:00:00,Female,33,Bronze,TV,Bangkok,1147,Lazada,Credit_Card,23,3,1,0,30-40,38.233333333333334,1.0,0.0,0.0,-1,21,21362.16,0.18,1.0,0.0,0.0,0.0,0,0,0.0,21362.16,1,0,0.0,21362.16,1,0,0.0,21362.16,1,0,0.0,0
LGS2ORD0008838,C012878,2025-03-12 00:00:00,Female,63,Bronze,TV,Chonburi,484,TV_Show,COD,0,3,2,0,>50,16.133333333333333,2.0,1.0,0.5,6,0,3135.37,0.18,1.0,0.0,0.0,4444.32,1,0,0.0,6270.74,2,1,0.5,6270.74,2,1,0.5,6270.74,2,1,0.5,0
LGS2ORD0008839,C011565,2025-03-12 00:00:00,Male,64,Gold,Shopee,Remote_Area,1152,TV_Show,COD,0,3,2,0,>50,38.4,1.0,0.0,0.0,-1,50,653.19,0.28,1.0,1.0,0.0,0.0,0,0,0.0,0.0,0,0,0.0,653.19,1,0,0.0,653.19,1,0,0.0,0
LGS2ORD0008840,C011057,2025-03-12 00:00:00,Female,51,Bronze,Shopee,Nakhon Ratchasima,480,TV_Show,COD,0,3,2,0,>50,16.0,1.0,0.0,0.0,-1,58,1635.78,0.18,0.0,0.0,0.0,0.0,0,0,0.0,0.0,0,0,0.0,1635.78,1,0,0.0,1635.78,1,0,0.0,0
LGS2ORD0008841,C014589,2025-03-12 00:00:00,Female,26,Bronze,Web,Bangkok,1221,Web,PromptPay,0,3,2,0,20-30,40.7,1.0,0.0,0.0,-1,42,461.69,0.18,0.0,0.0,0.0,0.0,0,0,0.0,0.0,0,0,0.0,461.69,1,0,0.0,461.69,1,0,0.0,0
LGS2ORD0008842,C013612,2025-03-12 00:00:00,Female,27,Gold,Lazada,Bangkok,777,Lazada,COD,0,3,2,0,20-30,25.9,1.0,0.0,0.0,-1,31,7813.1,0.13,0.0,0.0,0.0,0.0,0,0,0.0,0.0,0,0,0.0,7813.1,1,0,0.0,7813.1,1,0,0.0,0
LGS2ORD0008843,C013383,2025-03-12 01:00:00,Female,31,Bronze,Shopee,Phuket,815,CallCenter,COD,1,3,2,0,30-40,27.166666666666668,1.0,0.0,0.0,-1,14,4745.47,0.08,1.0,0.0,0.0,0.0,0,0,0.0,4745.47,1,0,0.0,4745.47,1,0,0.0,4745.47,1,0,0.0,0
LGS2ORD0008844,C016498,2025-03-12 01:00:00,Male,33,Gold,CallCenter,Bangkok,1508,CallCenter,Credit_Card,1,3,2,0,30-40,50.266666666666666,3.0,0.0,0.0,-1,1,4947.106666666667,0.33,0.3333333333333333,0.3333333333333333,0.0,491.45,1,0,0.0,491.45,1,0,0.0,14841.32,3,0,0.0,14841.32,3,0,0.0,0
LGS2ORD0008845,C015747,2025-03-12 01:00:00,Male,55,Silver,CallCenter,Khon Kaen,1473,TV_Show,COD,1,3,2,0,>50,49.1,0.0,0.0,0.0,-1,-1,0.0,0.0,0.0,0.0,0.0,0.0,0,0,0.0,0.0,0,0,0.0,0.0,0,0,0.0,0.0,0,0,0.0,0
LGS2ORD0008846,C011494,2025-03-12 01:00:00,Female,23,Platinum,Lazada,Bangkok,189,TV_Show,Credit_Card,1,3,2,0,20-30,6.3,2.0,1.0,0.5,14,21,10531.59,0.1,0.5,0.0,0.0,0.0,0,0,0.0,12754.64,1,1,1.0,21063.18,2,1,0.5,21063.18,2,1,0.5,0
LGS2ORD0008847,C011838,2025-03-12 01:00:00,Male,32,Silver,Web,Remote_Area,1296,Web,COD,1,3,2,0,30-40,43.2,0.0,0.0,0.0,-1,-1,0.0,0.0,0.0,0.0,0.0,0.0,0,0,0.0,0.0,0,0,0.0,0.0,0,0,0.0,0.0,0,0,0.0,1
LGS2ORD0008848,C012910,2025-03-12 01:00:00,Female,55,Silver,TV,Chonburi,285,Web,COD,1,3,2,0,>50,9.5,1.0,1.0,1.0,8,15,1860.15,0.1,1.0,0.0,0.0,0.0,0,0,0.0,1860.15,1,1,1.0,1860.15,1,1,1.0,1860.15,1,1,1.0,1
LGS2ORD0008849,C011941,2025-03-12 02:00:00,Female,37,Platinum,TV,Bangkok,389,Shopee,COD,2,3,2,0,30-40,12.966666666666667,0.0,0.0,0.0,-1,-1,0.0,0.0,0.0,0.0,0.0,0.0,0,0,0.0,0.0,0,0,0.0,0.0,0,0,0.0,0.0,0,0,0.0,0
LGS2ORD0008850,C016322,2025-03-12 02:00:00,Female,19,Silver,Lazada,Bangkok,1300,TV_Show,Bank_Transfer,2,3,2,0,<20,43.333333333333336,0.0,0.0,0.0,-1,-1,0.0,0.0,0.0,0.0,0.0,0.0,0,0,0.0,0.0,0,0,0.0,0.0,0,0,0.0,0.0,0,0,0.0,0
LGS2ORD0008851,C010894,2025-03-12 02:00:00,Male,29,Bronze,TV,Bangkok,215,TV_Show,Credit_Card,2,3,2,0,20-30,7.166666666666667,1.0,0.0,0.0,-1,59,3852.68,0.18,0.0,0.0,0.0,0.0,0,0,0.0,0.0,0,0,0.0,3852.68,1,0,0.0,3852.68,1,0,0.0,1
LGS2ORD0008852,C010092,2025-03-12 02:00:00,Male,54,Gold,Shopee,Bangkok,1488,CallCenter,COD,2,3,2,0,>50,49.6,0.0,0.0,0.0,-1,-1,0.0,0.0,0.0,0.0,0.0,0.0,0,0,0.0,0.0,0,0,0.0,0.0,0,0,0.0,0.0,0,0,0.0,0
LGS2ORD0008853,C010894,2025-03-12 02:00:00,Male,29,Bronze,TV,Bangkok,215,TV_Show,PromptPay,2,3,2,0,20-30,7.166666666666667,1.0,0.0,0.0,-1,59,3852.68,0.18,0.0,0.0,0.0,0.0,0,0,0.0,0.0,0,0,0.0,3852.68,1,0,0.0,3852.68,1,0,0.0,0
LGS2ORD0008854,C010315,2025-03-12 03:00:00,Female,32,Platinum,Web,Chonburi,662,Shopee,Credit_Card,3,3,2,0,30-40,22.066666666666666,1.0,0.0,0.0,-1,57,713.1,0.1,0.0,0.0,0.0,0.0,0,0,0.0,0.0,0,0,0.0,713.1,1,0,0.0,713.1,1,0,0.0,0
LGS2ORD0008855,C015590,2025-03-12 03:00:00,Male,46,Bronze,Web,Chonburi,1485,CallCenter,PromptPay,3,3,2,0,40-50,49.5,3.0,1.0,0.3333333333333333,53,6,3388.97,0.08,0.6666666666666666,0.0,0.0,763.72,1,0,0.0,763.72,1,0,0.0,10166.91,3,1,0.3333333333333333,10166.91,3,1,0.3333333333333333,0
LGS2ORD0008856,C010438,2025-03-12 03:00:00,Male,46,Silver,TV,Chiang Mai,369,TV_Show,COD,3,3,2,0,40-50,12.3,0.0,0.0,0.0,-1,-1,0.0,0.0,0.0,0.0,0.0,0.0,0,0,0.0,0.0,0,0,0.0,0.0,0,0,0.0,0.0,0,0,0.0,0
LGS2ORD0008857,C017871,2025-03-12 03:00:00,Male,45,Silver,TV,Chiang Mai,1172,CallCenter,PromptPay,3,3,2,0,40-50,39.06666666666667,1.0,1.0,1.0,50,57,12283.28,0.2,1.0,0.0,0.0,0.0,0,0,0.0,0.0,0,0,0.0,12283.28,1,1,1.0,12283.28,1,1,1.0,0
LGS2ORD0008858,C011386,2025-03-12 03:00:00,Female,59,Silver,Web,Chonburi,714,Lazada,Credit_Card,3,3,2,0,>50,23.8,0.0,0.0,0.0,-1,-1,0.0,0.0,0.0,0.0,0.0,0.0,0,0,0.0,0.0,0,0,0.0,0.0,0,0,0.0,0.0,0,0,0.0,0
LGS2ORD0008859,C016443,2025-03-12 04:00:00,Male,44,Silver,Web,Bangkok,1509,Lazada,COD,4,3,2,0,40-50,50.3,3.0,1.0,0.3333333333333333,26,4,10113.42,0.1,0.6666666666666666,0.0,0.0,26187.42,1,0,0.0,26187.42,1,0,0.0,30340.26,3,1,0.3333333333333333,30340.26,3,1,0.3333333333333333,0
LGS2ORD0008860,C016767,2025-03-12 04:00:00,Female,54,Bronze,TV,Remote_Area,153,TV_Show,Credit_Card,4,3,2,0,>50,5.1,1.0,0.0,0.0,-1,47,4446.11,0.03,0.0,0.0,0.0,0.0,0,0,0.0,0.0,0,0,0.0,4446.11,1,0,0.0,4446.11,1,0,0.0,1
LGS2ORD0008861,C013380,2025-03-12 04:00:00,Female,34,Gold,Lazada,Khon Kaen,853,Lazada,COD,4,3,2,0,30-40,28.433333333333334,2.0,0.0,0.0,-1,11,3715.965,0.28,0.5,0.5,0.0,0.0,0,0,0.0,4693.25,1,0,0.0,7431.93,2,0,0.0,7431.93,2,0,0.0,1
LGS2ORD0008862,C013070,2025-03-12 04:00:00,Female,68,Bronze,TV,Songkhla,102,Shopee,COD,4,3,2,0,>50,3.4,1.0,0.0,0.0,-1,22,4338.62,0.03,0.0,0.0,0.0,0.0,0,0,0.0,4338.62,1,0,0.0,4338.62,1,0,0.0,4338.62,1,0,0.0,0
LGS2ORD0008863,C012421,2025-03-12 04:00:00,Male,66,Silver,CallCenter,Songkhla,739,Lazada,COD,4,3,2,0,>50,24.633333333333333,1.0,0.0,0.0,-1,42,5952.06,0.05,1.0,0.0,0.0,0.0,0,0,0.0,0.0,0,0,0.0,5952.06,1,0,0.0,5952.06,1,0,0.0,0
LGS2ORD0008864,C015181,2025-03-12 05:00:00,Male,39,Bronze,Shopee,Remote_Area,515,Lazada,Credit_Card,5,3,2,0,30-40,17.166666666666668,1.0,0.0,0.0,-1,17,14812.3,0.28,1.0,1.0,0.0,0.0,0,0,0.0,14812.3,1,0,0.0,14812.3,1,0,0.0,14812.3,1,0,0.0,0
LGS2ORD0008865,C012527,2025-03-12 05:00:00,Female,31,Bronze,Lazada,Bangkok,629,Lazada,COD,5,3,2,0,30-40,20.966666666666665,1.0,0.0,0.0,-1,19,5623.14,0.08,1.0,0.0,0.0,0.0,0,0,0.0,5623.14,1,0,0.0,5623.14,1,0,0.0,5623.14,1,0,0.0,1
LGS2ORD0008866,C017428,2025-03-12 05:00:00,Male,35,Gold,Lazada,Phuket,1370,TV_Show,COD,5,3,2,0,30-40,45.666666666666664,0.0,0.0,0.0,-1,-1,0.0,0.0,0.0,0.0,0.0,0.0,0,0,0.0,0.0,0,0,0.0,0.0,0,0,0.0,0.0,0,0,0.0,1
LGS2ORD0008867,C010275,2025-03-12 05:00:00,Female,27,Platinum,TV,Nakhon Ratchasima,652,Web,COD,5,3,2,0,20-30,21.733333333333334,0.0,0.0,0.0,-1,-1,0.0,0.0,0.0,0.0,0.0,0.0,0,0,0.0,0.0,0,0,0.0,0.0,0,0,0.0,0.0,0,0,0.0,0
LGS2ORD0008868,C011600,2025-03-12 05:00:00,Female,26,Bronze,TV,Phuket,228,Lazada,COD,5,3,2,0,20-30,7.6,3.0,2.0,0.6666666666666666,36,43,3920.7066666666665,0.18,0.6666666666666666,0.0,0.0,0.0,0,0,0.0,0.0,0,0,0.0,11762.119999999999,3,2,0.6666666666666666,11762.119999999999,3,2,0.6666666666666666,1
LGS2ORD0008869,C015130,2025-03-12 05:00:00,Female,27,Silver,Web,Chiang Mai,124,Lazada,COD,5,3,2,0,20-30,4.133333333333334,1.0,0.0,0.0,-1,33,27364.72,0.25,0.0,1.0,0.0,0.0,0,0,0.0,0.0,0,0,0.0,27364.72,1,0,0.0,27364.72,1,0,0.0,0
LGS2ORD0008870,C012319,2025-03-12 06:00:00,Male,40,Bronze,TV,Remote_Area,258,CallCenter,Credit_Card,6,3,2,0,30-40,8.6,2.0,1.0,0.5,31,43,1733.0300000000002,0.23,0.5,0.5,0.0,0.0,0,0,0.0,0.0,0,0,0.0,3466.0600000000004,2,1,0.5,3466.0600000000004,2,1,0.5,1
LGS2ORD0008871,C014276,2025-03-12 06:00:00,Male,43,Bronze,Lazada,Khon Kaen,1474,Web,PromptPay,6,3,2,0,40-50,49.13333333333333,2.0,0.0,0.0,-1,33,3590.875,0.18,0.5,0.0,0.0,0.0,0,0,0.0,0.0,0,0,0.0,7181.75,2,0,0.0,7181.75,2,0,0.0,0
LGS2ORD0008872,C013737,2025-03-12 06:00:00,Male,39,Bronze,Web,Chonburi,905,Shopee,COD,6,3,2,0,30-40,30.166666666666668,1.0,1.0,1.0,15,26,731.62,0.13,1.0,0.0,0.0,0.0,0,0,0.0,731.62,1,1,1.0,731.62,1,1,1.0,731.62,1,1,1.0,1
LGS2ORD0008873,C010335,2025-03-12 06:00:00,Female,37,Bronze,Shopee,Phuket,463,Web,PromptPay,6,3,2,0,30-40,15.433333333333334,2.0,1.0,0.5,44,49,2132.8050000000003,0.18,1.0,0.0,0.0,0.0,0,0,0.0,0.0,0,0,0.0,4265.610000000001,2,1,0.5,4265.610000000001,2,1,0.5,0
LGS2ORD0008874,C011600,2025-03-12 06:00:00,Female,26,Bronze,TV,Phuket,228,Web,Credit_Card,6,3,2,0,20-30,7.6,4.0,3.0,0.75,-11,0,3119.8799999999997,0.18,0.75,0.0,0.0,717.4,1,1,1.0,717.4,1,1,1.0,12479.519999999999,4,3,0.75,12479.519999999999,4,3,0.75,0
LGS2ORD0008875,C012502,2025-03-12 07:00:00,Male,57,Bronze,CallCenter,Bangkok,1041,Shopee,COD,7,3,2,0,>50,34.7,0.0,0.0,0.0,-1,-1,0.0,0.0,0.0,0.0,0.0,0.0,0,0,0.0,0.0,0,0,0.0,0.0,0,0,0.0,0.0,0,0,0.0,0
LGS2ORD0008876,C016196,2025-03-12 07:00:00,Female,53,Silver,Shopee,Phuket,1295,TV_Show,Credit_Card,7,3,2,0,>50,43.166666666666664,2.0,0.0,0.0,-1,3,2527.865,0.05,1.0,0.0,0.0,5055.73,2,0,0.0,5055.73,2,0,0.0,5055.73,2,0,0.0,5055.73,2,0,0.0,0
LGS2ORD0008877,C010574,2025-03-12 07:00:00,Female,38,Gold,CallCenter,Songkhla,444,Lazada,COD,7,3,2,0,30-40,14.8,0.0,0.0,0.0,-1,-1,0.0,0.0,0.0,0.0,0.0,0.0,0,0,0.0,0.0,0,0,0.0,0.0,0,0,0.0,0.0,0,0,0.0,0
LGS2ORD0008878,C014498,2025-03-12 07:00:00,Female,53,Silver,Web,Khon Kaen,505,Shopee,Bank_Transfer,7,3,2,0,>50,16.833333333333332,1.0,0.0,0.0,-1,42,23233.94,0.05,1.0,0.0,0.0,0.0,0,0,0.0,0.0,0,0,0.0,23233.94,1,0,0.0,23233.94,1,0,0.0,0
LGS2ORD0008879,C010578,2025-03-12 07:00:00,Female,52,Bronze,TV,Chiang Mai,685,Web,Credit_Card,7,3,2,0,>50,22.833333333333332,1.0,0.0,0.0,-1,21,2044.17,0.08,1.0,0.0,0.0,0.0,0,0,0.0,2044.17,1,0,0.0,2044.17,1,0,0.0,2044.17,1,0,0.0,1
LGS2ORD0008880,C015008,2025-03-12 08:00:00,Male,51,Bronze,Lazada,Songkhla,871,TV_Show,COD,8,3,2,0,>50,29.033333333333335,3.0,2.0,0.6666666666666666,23,27,2902.6233333333334,0.23,0.6666666666666666,0.3333333333333333,0.0,0.0,0,0,0.0,615.6,1,1,1.0,8707.87,3,2,0.6666666666666666,8707.87,3,2,0.6666666666666666,0
LGS2ORD0008881,C017493,2025-03-12 08:00:00,Male,47,Silver,TV,Songkhla,1011,Web,COD,8,3,2,0,40-50,33.7,1.0,0.0,0.0,-1,4,3302.95,0.15,1.0,0.0,0.0,3302.95,1,0,0.0,3302.95,1,0,0.0,3302.95,1,0,0.0,3302.95,1,0,0.0,1
LGS2ORD0008882,C016401,2025-03-12 08:00:00,Male,46,Platinum,Web,Bangkok,1460,Shopee,Credit_Card,8,3,2,0,40-50,48.666666666666664,0.0,0.0,0.0,-1,-1,0.0,0.0,0.0,0.0,0.0,0.0,0,0,0.0,0.0,0,0,0.0,0.0,0,0,0.0,0.0,0,0,0.0,0
LGS2ORD0008883,C012120,2025-03-12 08:00:00,Female,38,Silver,Shopee,Bangkok,1138,Web,Credit_Card,8,3,2,0,30-40,37.93333333333333,3.0,1.0,0.3333333333333333,33,13,8254.533333333333,0.3,0.3333333333333333,0.3333333333333333,0.0,0.0,0,0,0.0,7337.57,1,0,0.0,24763.6,3,1,0.3333333333333333,24763.6,3,1,0.3333333333333333,0
LGS2ORD0008884,C010028,2025-03-12 08:00:00,Male,32,Bronze,TV,Phuket,780,Lazada,COD,8,3,2,0,30-40,26.0,1.0,1.0,1.0,1,12,2089.72,0.18,1.0,0.0,0.0,0.0,0,0,0.0,2089.72,1,1,1.0,2089.72,1,1,1.0,2089.72,1,1,1.0,1
LGS2ORD0008885,C013971,2025-03-12 09:00:00,Male,50,Bronze,Web,Songkhla,429,CallCenter,Bank_Transfer,9,3,2,0,40-50,14.3,0.0,0.0,0.0,-1,-1,0.0,0.0,0.0,0.0,0.0,0.0,0,0,0.0,0.0,0,0,0.0,0.0,0,0,0.0,0.0,0,0,0.0,1
LGS2ORD0008886,C010736,2025-03-12 09:00:00,Male,33,Bronze,Shopee,Remote_Area,783,Shopee,COD,9,3,2,0,30-40,26.1,3.0,0.0,0.0,-1,7,1265.81,0.28,0.6666666666666666,0.3333333333333333,0.0,0.0,0,0,0.0,1439.85,2,0,0.0,3797.43,3,0,0.0,3797.43,3,0,0.0,1
LGS2ORD0008887,C016140,2025-03-12 09:00:00,Male,27,Silver,Web,Chiang Mai,171,Lazada,COD,9,3,2,0,20-30,5.7,0.0,0.0,0.0,-1,-1,0.0,0.0,0.0,0.0,0.0,0.0,0,0,0.0,0.0,0,0,0.0,0.0,0,0,0.0,0.0,0,0,0.0,0
LGS2ORD0008888,C016932,2025-03-12 09:00:00,Female,43,Bronze,TV,Songkhla,1058,Web,COD,9,3,2,0,40-50,35.266666666666666,0.0,0.0,0.0,-1,-1,0.0,0.0,0.0,0.0,0.0,0.0,0,0,0.0,0.0,0,0,0.0,0.0,0,0,0.0,0.0,0,0,0.0,0
LGS2ORD0008889,C012015,2025-03-12 09:00:00,Male,57,Bronze,CallCenter,Phuket,1109,TV_Show,COD,9,3,2,0,>50,36.96666666666667,1.0,1.0,1.0,24,27,786.9,0.03,1.0,0.0,0.0,0.0,0,0,0.0,786.9,1,1,1.0,786.9,1,1,1.0,786.9,1,1,1.0,0
LGS2ORD0008890,C016637,2025-03-12 09:00:00,Male,72,Bronze,Shopee,Bangkok,417,Web,COD,9,3,2,0,>50,13.9,1.0,1.0,1.0,58,61,2558.65,0.23,0.0,1.0,0.0,0.0,0,0,0.0,0.0,0,0,0.0,2558.65,1,1,1.0,2558.65,1,1,1.0,1
LGS2ORD0008891,C016594,2025-03-12 10:00:00,Female,43,Bronze,Lazada,Nakhon Ratchasima,1362,TV_Show,COD,10,3,2,0,40-50,45.4,3.0,0.0,0.0,-1,38,4123.9,0.28,0.3333333333333333,0.6666666666666666,0.0,0.0,0,0,0.0,0.0,0,0,0.0,12371.699999999999,3,0,0.0,12371.699999999999,3,0,0.0,0
LGS2ORD0008892,C016817,2025-03-12 10:00:00,Female,45,Bronze,Shopee,Bangkok,864,TV_Show,COD,10,3,2,0,40-50,28.8,0.0,0.0,0.0,-1,-1,0.0,0.0,0.0,0.0,0.0,0.0,0,0,0.0,0.0,0,0,0.0,0.0,0,0,0.0,0.0,0,0,0.0,0
LGS2ORD0008893,C012642,2025-03-12 10:00:00,Female,26,Silver,Web,Chiang Mai,755,Shopee,COD,10,3,2,0,20-30,25.166666666666668,1.0,0.0,0.0,-1,67,1086.71,0.1,1.0,0.0,0.0,0.0,0,0,0.0,0.0,0,0,0.0,1086.71,1,0,0.0,1086.71,1,0,0.0,1
LGS2ORD0008894,C015129,2025-03-12 10:00:00,Female,38,Gold,Shopee,Bangkok,477,Lazada,Bank_Transfer,10,3,2,0,30-40,15.9,1.0,0.0,0.0,-1,68,3060.8,0.28,1.0,1.0,0.0,0.0,0,0,0.0,0.0,0,0,0.0,3060.8,1,0,0.0,3060.8,1,0,0.0,0
LGS2ORD0008895,C011584,2025-03-12 10:00:00,Male,51,Bronze,Web,Nakhon Ratchasima,163,Lazada,PromptPay,10,3,2,0,>50,5.433333333333334,0.0,0.0,0.0,-1,-1,0.0,0.0,0.0,0.0,0.0,0.0,0,0,0.0,0.0,0,0,0.0,0.0,0,0,0.0,0.0,0,0,0.0,0
LGS2ORD0008896,C013639,2025-03-12 11:00:00,Female,56,Silver,TV,Songkhla,452,Web,PromptPay,11,3,2,0,>50,15.066666666666666,0.0,0.0,0.0,-1,-1,0.0,0.0,0.0,0.0,0.0,0.0,0,0,0.0,0.0,0,0,0.0,0.0,0,0,0.0,0.0,0,0,0.0,0
LGS2ORD0008897,C015934,2025-03-12 11:00:00,Male,51,Gold,Shopee,Bangkok,1163,CallCenter,COD,11,3,2,0,>50,38.766666666666666,3.0,0.0,0.0,-1,6,6777.323333333334,0.33,0.0,0.3333333333333333,0.0,11388.240000000002,2,0,0.0,20331.97,3,0,0.0,20331.97,3,0,0.0,20331.97,3,0,0.0,0
LGS2ORD0008898,C010065,2025-03-12 11:00:00,Male,38,Bronze,CallCenter,Khon Kaen,1528,Lazada,Credit_Card,11,3,2,0,30-40,50.93333333333333,3.0,0.0,0.0,-1,20,4334.233333333334,0.23,0.6666666666666666,0.6666666666666666,0.0,0.0,0,0,0.0,11126.29,2,0,0.0,13002.7,3,0,0.0,13002.7,3,0,0.0,0
LGS2ORD0008899,C014900,2025-03-12 11:00:00,Male,51,Gold,Web,Phuket,986,CallCenter,COD,11,3,2,0,>50,32.86666666666667,0.0,0.0,0.0,-1,-1,0.0,0.0,0.0,0.0,0.0,0.0,0,0,0.0,0.0,0,0,0.0,0.0,0,0,0.0,0.0,0,0,0.0,1
LGS2ORD0008900,C011730,2025-03-12 11:00:00,Female,37,Silver,Web,Chonburi,1101,TV_Show,COD,11,3,2,0,30-40,36.7,1.0,0.0,0.0,-1,55,7337.44,0.05,0.0,0.0,0.0,0.0,0,0,0.0,0.0,0,0,0.0,7337.44,1,0,0.0,7337.44,1,0,0.0,1
LGS2ORD0008901,C014511,2025-03-12 12:00:00,Male,36,Silver,Lazada,Remote_Area,1199,Shopee,Credit_Card,12,3,2,0,30-40,39.96666666666667,0.0,0.0,0.0,-1,-1,0.0,0.0,0.0,0.0,0.0,0.0,0,0,0.0,0.0,0,0,0.0,0.0,0,0,0.0,0.0,0,0,0.0,1
LGS2ORD0008902,C012768,2025-03-12 12:00:00,Female,36,Bronze,Shopee,Bangkok,1291,TV_Show,COD,12,3,2,0,30-40,43.03333333333333,1.0,0.0,0.0,-1,34,167.72,0.08,1.0,0.0,0.0,0.0,0,0,0.0,0.0,0,0,0.0,167.72,1,0,0.0,167.72,1,0,0.0,0
LGS2ORD0008903,C011024,2025-03-12 12:00:00,Female,41,Gold,TV,Bangkok,666,TV_Show,COD,12,3,2,0,40-50,22.2,1.0,1.0,1.0,48,58,2783.87,0.2299999999999999,0.0,1.0,0.0,0.0,0,0,0.0,0.0,0,0,0.0,2783.87,1,1,1.0,2783.87,1,1,1.0,0
LGS2ORD0008904,C013540,2025-03-12 12:00:00,Other,40,Silver,CallCenter,Bangkok,1300,TV_Show,PromptPay,12,3,2,0,30-40,43.333333333333336,0.0,0.0,0.0,-1,-1,0.0,0.0,0.0,0.0,0.0,0.0,0,0,0.0,0.0,0,0,0.0,0.0,0,0,0.0,0.0,0,0,0.0,0
LGS2ORD0008905,C016432,2025-03-12 12:00:00,Male,60,Bronze,Shopee,Phuket,1457,TV_Show,PromptPay,12,3,2,0,>50,48.56666666666667,0.0,0.0,0.0,-1,-1,0.0,0.0,0.0,0.0,0.0,0.0,0,0,0.0,0.0,0,0,0.0,0.0,0,0,0.0,0.0,0,0,0.0,0
LGS2ORD0008906,C016360,2025-03-12 13:00:00,Female,38,Bronze,CallCenter,Bangkok,547,TV_Show,Credit_Card,13,3,2,0,30-40,18.233333333333334,0.0,0.0,0.0,-1,-1,0.0,0.0,0.0,0.0,0.0,0.0,0,0,0.0,0.0,0,0,0.0,0.0,0,0,0.0,0.0,0,0,0.0,0
LGS2ORD0008907,C011226,2025-03-12 13:00:00,Male,56,Silver,TV,Remote_Area,1232,Shopee,COD,13,3,2,0,>50,41.06666666666667,0.0,0.0,0.0,-1,-1,0.0,0.0,0.0,0.0,0.0,0.0,0,0,0.0,0.0,0,0,0.0,0.0,0,0,0.0,0.0,0,0,0.0,0
LGS2ORD0008908,C017187,2025-03-12 13:00:00,Male,53,Silver,Web,Chonburi,87,TV_Show,COD,13,3,2,0,>50,2.9,0.0,0.0,0.0,-1,-1,0.0,0.0,0.0,0.0,0.0,0.0,0,0,0.0,0.0,0,0,0.0,0.0,0,0,0.0,0.0,0,0,0.0,0
LGS2ORD0008909,C015091,2025-03-12 13:00:00,Female,38,Silver,TV,Chiang Mai,555,Web,COD,13,3,2,0,30-40,18.5,3.0,0.0,0.0,-1,19,4708.776666666667,0.2,0.6666666666666666,0.0,0.0,0.0,0,0,0.0,1909.23,1,0,0.0,14126.33,3,0,0.0,14126.33,3,0,0.0,1
LGS2ORD0008910,C014538,2025-03-12 13:00:00,Male,57,Bronze,Shopee,Bangkok,664,Web,COD,13,3,2,0,>50,22.133333333333333,0.0,0.0,0.0,-1,-1,0.0,0.0,0.0,0.0,0.0,0.0,0,0,0.0,0.0,0,0,0.0,0.0,0,0,0.0,0.0,0,0,0.0,1
LGS2ORD0008911,C010412,2025-03-12 13:00:00,Female,34,Bronze,TV,Bangkok,990,Shopee,COD,13,3,2,0,30-40,33.0,1.0,0.0,0.0,-1,52,1610.29,0.03,1.0,0.0,0.0,0.0,0,0,0.0,0.0,0,0,0.0,1610.29,1,0,0.0,1610.29,1,0,0.0,0
LGS2ORD0008912,C012206,2025-03-12 14:00:00,Male,22,Silver,Web,Nakhon Ratchasima,442,Lazada,COD,14,3,2,0,20-30,14.733333333333333,0.0,0.0,0.0,-1,-1,0.0,0.0,0.0,0.0,0.0,0.0,0,0,0.0,0.0,0,0,0.0,0.0,0,0,0.0,0.0,0,0,0.0,0
LGS2ORD0008913,C013476,2025-03-12 14:00:00,Male,65,Silver,Web,Phuket,908,Lazada,Credit_Card,14,3,2,0,>50,30.266666666666666,0.0,0.0,0.0,-1,-1,0.0,0.0,0.0,0.0,0.0,0.0,0,0,0.0,0.0,0,0,0.0,0.0,0,0,0.0,0.0,0,0,0.0,0
LGS2ORD0008914,C010468,2025-03-12 14:00:00,Male,44,Bronze,Shopee,Chiang Mai,1346,TV_Show,COD,14,3,2,0,40-50,44.86666666666667,2.0,1.0,0.5,38,28,12477.64,0.28,1.0,0.5,0.0,0.0,0,0,0.0,9472.17,1,0,0.0,24955.28,2,1,0.5,24955.28,2,1,0.5,0
LGS2ORD0008915,C011423,2025-03-12 14:00:00,Other,60,Bronze,Shopee,Bangkok,1484,Web,COD,14,3,2,0,>50,49.46666666666667,2.0,1.0,0.5,47,14,1944.19,0.08,1.0,0.0,0.0,0.0,0,0,0.0,3473.63,1,0,0.0,3888.38,2,1,0.5,3888.38,2,1,0.5,0
LGS2ORD0008916,C014787,2025-03-12 14:00:00,Male,26,Bronze,Shopee,Bangkok,230,TV_Show,Bank_Transfer,14,3,2,0,20-30,7.666666666666667,2.0,0.0,0.0,-1,44,18056.34,0.23,1.0,0.5,0.0,0.0,0,0,0.0,0.0,0,0,0.0,36112.68,2,0,0.0,36112.68,2,0,0.0,0
LGS2ORD0008917,C013868,2025-03-12 15:00:00,Male,40,Platinum,Web,Chiang Mai,614,Lazada,COD,15,3,2,0,30-40,20.466666666666665,0.0,0.0,0.0,-1,-1,0.0,0.0,0.0,0.0,0.0,0.0,0,0,0.0,0.0,0,0,0.0,0.0,0,0,0.0,0.0,0,0,0.0,0
LGS2ORD0008918,C015075,2025-03-12 15:00:00,Male,40,Bronze,Shopee,Chonburi,537,Shopee,COD,15,3,2,0,30-40,17.9,3.0,0.0,0.0,-1,2,2444.69,0.18,0.0,0.0,0.0,4525.28,1,0,0.0,6966.4,2,0,0.0,7334.07,3,0,0.0,7334.07,3,0,0.0,0
LGS2ORD0008919,C017845,2025-03-12 15:00:00,Male,25,Gold,Web,Chiang Mai,137,Lazada,Bank_Transfer,15,3,2,0,20-30,4.566666666666666,0.0,0.0,0.0,-1,-1,0.0,0.0,0.0,0.0,0.0,0.0,0,0,0.0,0.0,0,0,0.0,0.0,0,0,0.0,0.0,0,0,0.0,1
LGS2ORD0008920,C010638,2025-03-12 15:00:00,Female,44,Gold,Web,Chonburi,97,Web,COD,15,3,2,0,40-50,3.2333333333333334,1.0,0.0,0.0,-1,35,8823.33,0.33,0.0,1.0,0.0,0.0,0,0,0.0,0.0,0,0,0.0,8823.33,1,0,0.0,8823.33,1,0,0.0,1
LGS2ORD0008921,C013676,2025-03-12 15:00:00,Female,35,Platinum,TV,Chiang Mai,1339,Shopee,Credit_Card,15,3,2,0,30-40,44.63333333333333,1.0,1.0,1.0,48,62,3342.9,0.25,0.0,1.0,0.0,0.0,0,0,0.0,0.0,0,0,0.0,3342.9,1,1,1.0,3342.9,1,1,1.0,1
LGS2ORD0008922,C010966,2025-03-12 16:00:00,Male,33,Gold,Web,Bangkok,1429,CallCenter,COD,16,3,2,0,30-40,47.63333333333333,0.0,0.0,0.0,-1,-1,0.0,0.0,0.0,0.0,0.0,0.0,0,0,0.0,0.0,0,0,0.0,0.0,0,0,0.0,0.0,0,0,0.0,1
LGS2ORD0008923,C011899,2025-03-12 16:00:00,Female,27,Silver,Web,Chiang Mai,646,Lazada,COD,16,3,2,0,20-30,21.533333333333335,0.0,0.0,0.0,-1,-1,0.0,0.0,0.0,0.0,0.0,0.0,0,0,0.0,0.0,0,0,0.0,0.0,0,0,0.0,0.0,0,0,0.0,1
LGS2ORD0008924,C017855,2025-03-12 16:00:00,Male,44,Platinum,Web,Chonburi,1433,TV_Show,Credit_Card,16,3,2,0,40-50,47.766666666666666,1.0,0.0,0.0,-1,54,2091.45,0.25,0.0,1.0,0.0,0.0,0,0,0.0,0.0,0,0,0.0,2091.45,1,0,0.0,2091.45,1,0,0.0,1
LGS2ORD0008925,C011039,2025-03-12 16:00:00,Female,47,Bronze,Lazada,Chonburi,1108,TV_Show,COD,16,3,2,0,40-50,36.93333333333333,2.0,1.0,0.5,12,17,1734.835,0.23,1.0,0.5,0.0,0.0,0,0,0.0,969.98,1,1,1.0,3469.67,2,1,0.5,3469.67,2,1,0.5,0
LGS2ORD0008926,C011229,2025-03-12 16:00:00,Male,42,Silver,Web,Bangkok,1421,Shopee,Bank_Transfer,16,3,2,0,40-50,47.36666666666667,0.0,0.0,0.0,-1,-1,0.0,0.0,0.0,0.0,0.0,0.0,0,0,0.0,0.0,0,0,0.0,0.0,0,0,0.0,0.0,0,0,0.0,0
LGS2ORD0008927,C012858,2025-03-12 17:00:00,Male,45,Gold,Web,Chiang Mai,1523,Shopee,Credit_Card,17,3,2,0,40-50,50.766666666666666,2.0,0.0,0.0,-1,18,1875.565,0.28,0.5,0.5,0.0,0.0,0,0,0.0,2818.33,1,0,0.0,3751.13,2,0,0.0,3751.13,2,0,0.0,0
LGS2ORD0008928,C015418,2025-03-12 17:00:00,Male,50,Silver,Web,Remote_Area,300,Shopee,COD,17,3,2,0,40-50,10.0,2.0,1.0,0.5,32,41,2026.79,0.05,0.5,0.0,0.0,0.0,0,0,0.0,0.0,0,0,0.0,4053.58,2,1,0.5,4053.58,2,1,0.5,1
LGS2ORD0008929,C010940,2025-03-12 17:00:00,Female,45,Gold,Shopee,Chonburi,234,Web,Credit_Card,17,3,2,0,40-50,7.8,1.0,1.0,1.0,27,44,4065.35,0.08,1.0,0.0,0.0,0.0,0,0,0.0,0.0,0,0,0.0,4065.35,1,1,1.0,4065.35,1,1,1.0,0
LGS2ORD0008930,C011953,2025-03-12 17:00:00,Male,40,Bronze,Lazada,Bangkok,1021,Web,COD,17,3,2,0,30-40,34.03333333333333,0.0,0.0,0.0,-1,-1,0.0,0.0,0.0,0.0,0.0,0.0,0,0,0.0,0.0,0,0,0.0,0.0,0,0,0.0,0.0,0,0,0.0,1
LGS2ORD0008931,C014071,2025-03-12 17:00:00,Male,44,Bronze,CallCenter,Remote_Area,1473,Web,Bank_Transfer,17,3,2,0,40-50,49.1,0.0,0.0,0.0,-1,-1,0.0,0.0,0.0,0.0,0.0,0.0,0,0,0.0,0.0,0,0,0.0,0.0,0,0,0.0,0.0,0,0,0.0,1
LGS2ORD0008932,C012300,2025-03-12 17:00:00,Male,19,Gold,Web,Bangkok,662,Lazada,COD,17,3,2,0,<20,22.066666666666666,0.0,0.0,0.0,-1,-1,0.0,0.0,0.0,0.0,0.0,0.0,0,0,0.0,0.0,0,0,0.0,0.0,0,0,0.0,0.0,0,0,0.0,1
LGS2ORD0008933,C012049,2025-03-12 18:00:00,Male,44,Silver,TV,Remote_Area,1376,CallCenter,Credit_Card,18,3,2,0,40-50,45.86666666666667,3.0,2.0,0.6666666666666666,14,14,3975.1733333333336,0.2,1.0,0.0,0.0,0.0,0,0,0.0,6292.91,2,1,0.5,11925.52,3,2,0.6666666666666666,11925.52,3,2,0.6666666666666666,0
LGS2ORD0008934,C012485,2025-03-12 18:00:00,Female,50,Platinum,Lazada,Bangkok,711,Web,Credit_Card,18,3,2,0,40-50,23.7,0.0,0.0,0.0,-1,-1,0.0,0.0,0.0,0.0,0.0,0.0,0,0,0.0,0.0,0,0,0.0,0.0,0,0,0.0,0.0,0,0,0.0,0
LGS2ORD0008935,C011992,2025-03-12 18:00:00,Female,45,Bronze,TV,Nakhon Ratchasima,784,Web,COD,18,3,2,0,40-50,26.133333333333333,4.0,0.0,0.0,-1,9,4757.51,0.18,1.0,0.0,0.0,0.0,0,0,0.0,19030.04,4,0,0.0,19030.04,4,0,0.0,19030.04,4,0,0.0,0
LGS2ORD0008936,C015978,2025-03-12 18:00:00,Female,40,Bronze,Web,Bangkok,909,Shopee,COD,18,3,2,0,30-40,30.3,0.0,0.0,0.0,-1,-1,0.0,0.0,0.0,0.0,0.0,0.0,0,0,0.0,0.0,0,0,0.0,0.0,0,0,0.0,0.0,0,0,0.0,0
LGS2ORD0008937,C015012,2025-03-12 18:00:00,Female,55,Silver,Web,Khon Kaen,394,TV_Show,COD,18,3,2,0,>50,13.133333333333333,1.0,0.0,0.0,-1,52,2792.33,0.1,0.0,0.0,0.0,0.0,0,0,0.0,0.0,0,0,0.0,2792.33,1,0,0.0,2792.33,1,0,0.0,1
LGS2ORD0008938,C017867,2025-03-12 19:00:00,Male,32,Bronze,Web,Remote_Area,1356,Web,COD,19,3,2,0,30-40,45.2,2.0,0.0,0.0,-1,11,5418.24,0.13,0.5,0.0,0.0,0.0,0,0,0.0,10028.77,1,0,0.0,10836.48,2,0,0.0,10836.48,2,0,0.0,0
LGS2ORD0008939,C015922,2025-03-12 19:00:00,Male,50,Bronze,Lazada,Bangkok,1094,TV_Show,COD,19,3,2,0,40-50,36.46666666666667,0.0,0.0,0.0,-1,-1,0.0,0.0,0.0,0.0,0.0,0.0,0,0,0.0,0.0,0,0,0.0,0.0,0,0,0.0,0.0,0,0,0.0,1
LGS2ORD0008940,C017534,2025-03-12 19:00:00,Female,51,Bronze,Shopee,Chonburi,90,CallCenter,COD,19,3,2,0,>50,3.0,2.0,1.0,0.5,22,31,1385.7,0.28,1.0,0.5,0.0,0.0,0,0,0.0,0.0,0,0,0.0,2771.4,2,1,0.5,2771.4,2,1,0.5,0
LGS2ORD0008941,C011286,2025-03-12 19:00:00,Female,48,Bronze,CallCenter,Khon Kaen,301,Shopee,COD,19,3,2,0,40-50,10.033333333333333,1.0,0.0,0.0,-1,31,767.64,0.23,0.0,1.0,0.0,0.0,0,0,0.0,0.0,0,0,0.0,767.64,1,0,0.0,767.64,1,0,0.0,0
LGS2ORD0008942,C016927,2025-03-12 19:00:00,Male,39,Bronze,TV,Chonburi,156,Lazada,Credit_Card,19,3,2,0,30-40,5.2,0.0,0.0,0.0,-1,-1,0.0,0.0,0.0,0.0,0.0,0.0,0,0,0.0,0.0,0,0,0.0,0.0,0,0,0.0,0.0,0,0,0.0,0
LGS2ORD0008943,C017465,2025-03-12 20:00:00,Male,46,Bronze,Lazada,Songkhla,1154,TV_Show,Credit_Card,20,3,2,0,40-50,38.46666666666667,1.0,1.0,1.0,2,13,4642.43,0.08,0.0,0.0,0.0,0.0,0,0,0.0,4642.43,1,1,1.0,4642.43,1,1,1.0,4642.43,1,1,1.0,0
LGS2ORD0008944,C012855,2025-03-12 20:00:00,Male,35,Bronze,Shopee,Chiang Mai,834,TV_Show,PromptPay,20,3,2,0,30-40,27.8,1.0,0.0,0.0,-1,18,1949.74,0.18,1.0,0.0,0.0,0.0,0,0,0.0,1949.74,1,0,0.0,1949.74,1,0,0.0,1949.74,1,0,0.0,0
LGS2ORD0008945,C011361,2025-03-12 20:00:00,Female,40,Bronze,TV,Remote_Area,1245,Web,Bank_Transfer,20,3,2,0,30-40,41.5,4.0,1.0,0.25,0,10,2516.735,0.28,1.0,0.5,0.0,0.0,0,0,0.0,3182.36,1,1,1.0,10066.94,4,1,0.25,10066.94,4,1,0.25,0
LGS2ORD0008946,C014407,2025-03-12 20:00:00,Male,34,Bronze,Shopee,Nakhon Ratchasima,1228,CallCenter,COD,20,3,2,0,30-40,40.93333333333333,1.0,0.0,0.0,-1,17,4005.51,0.23,1.0,1.0,0.0,0.0,0,0,0.0,4005.51,1,0,0.0,4005.51,1,0,0.0,4005.51,1,0,0.0,1
LGS2ORD0008947,C016552,2025-03-12 20:00:00,Female,18,Bronze,Lazada,Bangkok,523,TV_Show,Bank_Transfer,20,3,2,0,<20,17.433333333333334,1.0,0.0,0.0,-1,25,1577.69,0.18,1.0,0.0,0.0,0.0,0,0,0.0,1577.69,1,0,0.0,1577.69,1,0,0.0,1577.69,1,0,0.0,0
LGS2ORD0008948,C011074,2025-03-12 21:00:00,Other,44,Silver,Web,Bangkok,192,Shopee,Credit_Card,21,3,2,0,40-50,6.4,1.0,0.0,0.0,-1,5,1044.94,0.1,0.0,0.0,0.0,1044.94,1,0,0.0,1044.94,1,0,0.0,1044.94,1,0,0.0,1044.94,1,0,0.0,0
LGS2ORD0008949,C017059,2025-03-12 21:00:00,Male,47,Bronze,CallCenter,Nakhon Ratchasima,1030,Web,COD,21,3,2,0,40-50,34.333333333333336,2.0,0.0,0.0,-1,14,4076.825,0.23,0.5,0.5,0.0,0.0,0,0,0.0,4847.46,1,0,0.0,8153.65,2,0,0.0,8153.65,2,0,0.0,0
LGS2ORD0008950,C016105,2025-03-12 21:00:00,Male,66,Gold,Shopee,Chonburi,1133,Lazada,COD,21,3,2,0,>50,37.766666666666666,0.0,0.0,0.0,-1,-1,0.0,0.0,0.0,0.0,0.0,0.0,0,0,0.0,0.0,0,0,0.0,0.0,0,0,0.0,0.0,0,0,0.0,0
LGS2ORD0008951,C011315,2025-03-12 21:00:00,Female,37,Silver,Shopee,Bangkok,100,Shopee,COD,21,3,2,0,30-40,3.3333333333333335,1.0,0.0,0.0,-1,36,4252.77,0.25,0.0,1.0,0.0,0.0,0,0,0.0,0.0,0,0,0.0,4252.77,1,0,0.0,4252.77,1,0,0.0,0
LGS2ORD0008952,C014998,2025-03-12 21:00:00,Male,65,Gold,Web,Nakhon Ratchasima,553,TV_Show,COD,21,3,2,0,>50,18.433333333333334,0.0,0.0,0.0,-1,-1,0.0,0.0,0.0,0.0,0.0,0.0,0,0,0.0,0.0,0,0,0.0,0.0,0,0,0.0,0.0,0,0,0.0,1
LGS2ORD0008953,C012386,2025-03-12 21:00:00,Male,43,Silver,Web,Remote_Area,826,Web,Credit_Card,21,3,2,0,40-50,27.533333333333335,0.0,0.0,0.0,-1,-1,0.0,0.0,0.0,0.0,0.0,0.0,0,0,0.0,0.0,0,0,0.0,0.0,0,0,0.0,0.0,0,0,0.0,0
LGS2ORD0008954,C011793,2025-03-12 22:00:00,Female,53,Silver,TV,Bangkok,1501,Lazada,COD,22,3,2,0,>50,50.03333333333333,1.0,0.0,0.0,-1,40,864.31,0.1,1.0,0.0,0.0,0.0,0,0,0.0,0.0,0,0,0.0,864.31,1,0,0.0,864.31,1,0,0.0,1
LGS2ORD0008955,C014086,2025-03-12 22:00:00,Male,50,Bronze,Web,Chonburi,984,Lazada,Credit_Card,22,3,2,0,40-50,32.8,3.0,1.0,0.3333333333333333,-1,5,7448.153333333333,0.28,0.0,0.3333333333333333,0.0,8598.19,1,1,1.0,14264.130000000001,2,1,0.5,22344.46,3,1,0.3333333333333333,22344.46,3,1,0.3333333333333333,0
LGS2ORD0008956,C013226,2025-03-12 22:00:00,Female,44,Bronze,Shopee,Chonburi,996,Web,PromptPay,22,3,2,0,40-50,33.2,1.0,0.0,0.0,-1,62,19488.92,0.08,0.0,0.0,0.0,0.0,0,0,0.0,0.0,0,0,0.0,19488.92,1,0,0.0,19488.92,1,0,0.0,0
LGS2ORD0008957,C010250,2025-03-12 22:00:00,Male,31,Bronze,Shopee,Bangkok,1300,TV_Show,Credit_Card,22,3,2,0,30-40,43.333333333333336,0.0,0.0,0.0,-1,-1,0.0,0.0,0.0,0.0,0.0,0.0,0,0,0.0,0.0,0,0,0.0,0.0,0,0,0.0,0.0,0,0,0.0,0
LGS2ORD0008958,C014685,2025-03-12 22:00:00,Other,52,Bronze,Shopee,Songkhla,816,CallCenter,COD,22,3,2,0,>50,27.2,0.0,0.0,0.0,-1,-1,0.0,0.0,0.0,0.0,0.0,0.0,0,0,0.0,0.0,0,0,0.0,0.0,0,0,0.0,0.0,0,0,0.0,0
LGS2ORD0008959,C010633,2025-03-12 23:00:00,Male,38,Bronze,Lazada,Remote_Area,217,Shopee,COD,23,3,2,0,30-40,7.233333333333333,0.0,0.0,0.0,-1,-1,0.0,0.0,0.0,0.0,0.0,0.0,0,0,0.0,0.0,0,0,0.0,0.0,0,0,0.0,0.0,0,0,0.0,1
LGS2ORD0008960,C011092,2025-03-12 23:00:00,Male,35,Silver,Web,Khon Kaen,1491,CallCenter,COD,23,3,2,0,30-40,49.7,2.0,1.0,0.5,6,15,4207.7300000000005,0.2,0.0,0.0,0.0,0.0,0,0,0.0,1029.53,1,1,1.0,8415.460000000001,2,1,0.5,8415.460000000001,2,1,0.5,0
LGS2ORD0008961,C011000,2025-03-12 23:00:00,Female,31,Bronze,Shopee,Bangkok,290,Web,Bank_Transfer,23,3,2,0,30-40,9.666666666666666,4.0,2.0,0.5,-1,7,6345.99,0.28,0.75,0.5,0.0,0.0,0,0,0.0,2229.26,1,1,1.0,25383.96,4,2,0.5,25383.96,4,2,0.5,0
LGS2ORD0008962,C011253,2025-03-12 23:00:00,Male,42,Platinum,Lazada,Chiang Mai,840,Lazada,Credit_Card,23,3,2,0,40-50,28.0,0.0,0.0,0.0,-1,-1,0.0,0.0,0.0,0.0,0.0,0.0,0,0,0.0,0.0,0,0,0.0,0.0,0,0,0.0,0.0,0,0,0.0,0
LGS2ORD0008963,C011996,2025-03-12 23:00:00,Male,38,Gold,Shopee,Bangkok,1131,Shopee,PromptPay,23,3,2,0,30-40,37.7,0.0,0.0,0.0,-1,-1,0.0,0.0,0.0,0.0,0.0,0.0,0,0,0.0,0.0,0,0,0.0,0.0,0,0,0.0,0.0,0,0,0.0,0
LGS2ORD0008964,C010076,2025-03-13 00:00:00,Male,39,Bronze,TV,Chonburi,1457,CallCenter,Credit_Card,0,3,3,0,30-40,48.56666666666667,1.0,0.0,0.0,-1,34,1029.61,0.18,0.0,0.0,0.0,0.0,0,0,0.0,0.0,0,0,0.0,1029.61,1,0,0.0,1029.61,1,0,0.0,0
LGS2ORD0008965,C010456,2025-03-13 00:00:00,Female,33,Bronze,Lazada,Bangkok,1327,Lazada,Credit_Card,0,3,3,0,30-40,44.233333333333334,2.0,1.0,0.5,34,42,1818.105,0.03,0.0,0.0,0.0,0.0,0,0,0.0,0.0,0,0,0.0,3636.21,2,1,0.5,3636.21,2,1,0.5,0
LGS2ORD0008966,C015491,2025-03-13 00:00:00,Male,38,Bronze,CallCenter,Chiang Mai,1402,CallCenter,PromptPay,0,3,3,0,30-40,46.733333333333334,2.0,1.0,0.5,51,11,5142.38,0.13,0.5,0.0,0.0,0.0,0,0,0.0,6446.15,1,0,0.0,10284.76,2,1,0.5,10284.76,2,1,0.5,0
LGS2ORD0008967,C016788,2025-03-13 00:00:00,Female,18,Bronze,Lazada,Songkhla,953,Lazada,PromptPay,0,3,3,0,<20,31.766666666666666,1.0,0.0,0.0,-1,70,8658.0,0.23,1.0,1.0,0.0,0.0,0,0,0.0,0.0,0,0,0.0,8658.0,1,0,0.0,8658.0,1,0,0.0,0
LGS2ORD0008968,C017567,2025-03-13 00:00:00,Male,55,Bronze,TV,Bangkok,477,Lazada,Bank_Transfer,0,3,3,0,>50,15.9,1.0,1.0,1.0,57,62,1267.44,0.28,1.0,1.0,0.0,0.0,0,0,0.0,0.0,0,0,0.0,1267.44,1,1,1.0,1267.44,1,1,1.0,0
LGS2ORD0008969,C016929,2025-03-13 00:00:00,Male,33,Bronze,Shopee,Remote_Area,971,TV_Show,Credit_Card,0,3,3,0,30-40,32.36666666666667,2.0,2.0,1.0,30,45,9955.349999999999,0.18,1.0,0.0,0.0,0.0,0,0,0.0,0.0,0,0,0.0,19910.699999999997,2,2,1.0,19910.699999999997,2,2,1.0,1
LGS2ORD0008970,C011816,2025-03-13 01:00:00,Female,43,Bronze,Lazada,Bangkok,866,Web,PromptPay,1,3,3,0,40-50,28.866666666666667,1.0,1.0,1.0,25,34,1756.56,0.03,1.0,0.0,0.0,0.0,0,0,0.0,0.0,0,0,0.0,1756.56,1,1,1.0,1756.56,1,1,1.0,0
LGS2ORD0008971,C010791,2025-03-13 01:00:00,Female,48,Silver,Lazada,Chonburi,1090,Lazada,COD,1,3,3,0,40-50,36.333333333333336,1.0,0.0,0.0,-1,40,3529.49,0.15,0.0,0.0,0.0,0.0,0,0,0.0,0.0,0,0,0.0,3529.49,1,0,0.0,3529.49,1,0,0.0,0
LGS2ORD0008972,C015142,2025-03-13 01:00:00,Female,27,Silver,CallCenter,Remote_Area,909,Shopee,COD,1,3,3,0,20-30,30.3,2.0,2.0,1.0,0,10,4891.3,0.25,0.5,0.5,0.0,0.0,0,0,0.0,8331.57,1,1,1.0,9782.6,2,2,1.0,9782.6,2,2,1.0,1
LGS2ORD0008973,C011135,2025-03-13 01:00:00,Male,41,Silver,Shopee,Khon Kaen,241,Shopee,PromptPay,1,3,3,0,40-50,8.033333333333333,1.0,0.0,0.0,-1,44,3325.75,0.1,0.0,0.0,0.0,0.0,0,0,0.0,0.0,0,0,0.0,3325.75,1,0,0.0,3325.75,1,0,0.0,1
LGS2ORD0008974,C013042,2025-03-13 01:00:00,Male,47,Bronze,TV,Remote_Area,1428,CallCenter,COD,1,3,3,0,40-50,47.6,1.0,0.0,0.0,-1,50,2219.73,0.23,1.0,1.0,0.0,0.0,0,0,0.0,0.0,0,0,0.0,2219.73,1,0,0.0,2219.73,1,0,0.0,0
LGS2ORD0008975,C012848,2025-03-13 02:00:00,Male,48,Bronze,TV,Songkhla,1200,Lazada,Credit_Card,2,3,3,0,40-50,40.0,1.0,1.0,1.0,58,63,1239.0,0.03,1.0,0.0,0.0,0.0,0,0,0.0,0.0,0,0,0.0,1239.0,1,1,1.0,1239.0,1,1,1.0,0
LGS2ORD0008976,C017911,2025-03-13 02:00:00,Male,50,Bronze,Web,Chonburi,1275,Lazada,PromptPay,2,3,3,0,40-50,42.5,2.0,0.0,0.0,-1,14,3403.395,0.13,0.5,0.0,0.0,0.0,0,0,0.0,3483.61,1,0,0.0,6806.79,2,0,0.0,6806.79,2,0,0.0,0
LGS2ORD0008977,C017388,2025-03-13 02:00:00,Female,30,Silver,CallCenter,Bangkok,1518,CallCenter,Bank_Transfer,2,3,3,0,20-30,50.6,2.0,1.0,0.5,31,28,5746.335,0.05,0.5,0.0,0.0,0.0,0,0,0.0,2513.78,1,0,0.0,11492.67,2,1,0.5,11492.67,2,1,0.5,0
LGS2ORD0008978,C015231,2025-03-13 02:00:00,Female,55,Bronze,TV,Nakhon Ratchasima,691,Web,Credit_Card,2,3,3,0,>50,23.033333333333335,1.0,0.0,0.0,-1,2,4330.75,0.03,1.0,0.0,0.0,4330.75,1,0,0.0,4330.75,1,0,0.0,4330.75,1,0,0.0,4330.75,1,0,0.0,0
LGS2ORD0008979,C012474,2025-03-13 02:00:00,Female,65,Gold,CallCenter,Bangkok,466,Web,Bank_Transfer,2,3,3,0,>50,15.533333333333333,3.0,0.0,0.0,-1,26,9540.613333333333,0.33,0.0,0.3333333333333333,0.0,0.0,0,0,0.0,27307.91,2,0,0.0,28621.84,3,0,0.0,28621.84,3,0,0.0,0
LGS2ORD0008980,C015835,2025-03-13 03:00:00,Other,46,Silver,Web,Chonburi,969,Web,COD,3,3,3,0,40-50,32.3,3.0,0.0,0.0,-1,1,4917.05,0.2,0.3333333333333333,0.0,0.0,7110.69,1,0,0.0,9037.07,2,0,0.0,14751.15,3,0,0.0,14751.15,3,0,0.0,0
LGS2ORD0008981,C011195,2025-03-13 03:00:00,Female,39,Bronze,Lazada,Phuket,732,TV_Show,COD,3,3,3,0,30-40,24.4,1.0,0.0,0.0,-1,61,259.1,0.08,1.0,0.0,0.0,0.0,0,0,0.0,0.0,0,0,0.0,259.1,1,0,0.0,259.1,1,0,0.0,1
LGS2ORD0008982,C012976,2025-03-13 03:00:00,Female,51,Gold,TV,Remote_Area,133,Web,Credit_Card,3,3,3,0,>50,4.433333333333334,2.0,0.0,0.0,-1,34,599.49,0.28,0.5,0.5,0.0,0.0,0,0,0.0,0.0,0,0,0.0,1198.98,2,0,0.0,1198.98,2,0,0.0,0
LGS2ORD0008983,C012923,2025-03-13 03:00:00,Male,38,Bronze,TV,Chiang Mai,751,Web,Credit_Card,3,3,3,0,30-40,25.033333333333335,0.0,0.0,0.0,-1,-1,0.0,0.0,0.0,0.0,0.0,0.0,0,0,0.0,0.0,0,0,0.0,0.0,0,0,0.0,0.0,0,0,0.0,0
LGS2ORD0008984,C010739,2025-03-13 03:00:00,Male,34,Bronze,CallCenter,Bangkok,307,Shopee,PromptPay,3,3,3,0,30-40,10.233333333333333,0.0,0.0,0.0,-1,-1,0.0,0.0,0.0,0.0,0.0,0.0,0,0,0.0,0.0,0,0,0.0,0.0,0,0,0.0,0.0,0,0,0.0,0
LGS2ORD0008985,C016494,2025-03-13 04:00:00,Male,33,Silver,Shopee,Khon Kaen,1005,TV_Show,Credit_Card,4,3,3,0,30-40,33.5,0.0,0.0,0.0,-1,-1,0.0,0.0,0.0,0.0,0.0,0.0,0,0,0.0,0.0,0,0,0.0,0.0,0,0,0.0,0.0,0,0,0.0,0
LGS2ORD0008986,C015004,2025-03-13 04:00:00,Female,34,Silver,Shopee,Khon Kaen,478,Shopee,COD,4,3,3,0,30-40,15.933333333333334,1.0,1.0,1.0,1,10,8972.83,0.1,1.0,0.0,0.0,0.0,0,0,0.0,8972.83,1,1,1.0,8972.83,1,1,1.0,8972.83,1,1,1.0,0
LGS2ORD0008987,C011734,2025-03-13 04:00:00,Female,52,Bronze,Web,Songkhla,1278,Shopee,COD,4,3,3,0,>50,42.6,0.0,0.0,0.0,-1,-1,0.0,0.0,0.0,0.0,0.0,0.0,0,0,0.0,0.0,0,0,0.0,0.0,0,0,0.0,0.0,0,0,0.0,1
LGS2ORD0008988,C011130,2025-03-13 04:00:00,Female,40,Silver,TV,Chiang Mai,911,Lazada,Credit_Card,4,3,3,0,30-40,30.366666666666667,1.0,0.0,0.0,-1,58,2994.56,0.05,1.0,0.0,0.0,0.0,0,0,0.0,0.0,0,0,0.0,2994.56,1,0,0.0,2994.56,1,0,0.0,0
LGS2ORD0008989,C015511,2025-03-13 04:00:00,Male,57,Silver,CallCenter,Bangkok,388,Web,COD,4,3,3,0,>50,12.933333333333334,1.0,0.0,0.0,-1,12,6764.46,0.15,0.0,0.0,0.0,0.0,0,0,0.0,6764.46,1,0,0.0,6764.46,1,0,0.0,6764.46,1,0,0.0,0
LGS2ORD0008990,C016931,2025-03-13 04:00:00,Male,41,Gold,Shopee,Bangkok,1024,CallCenter,COD,4,3,3,0,40-50,34.13333333333333,1.0,0.0,0.0,-1,27,930.05,0.18,0.0,0.0,0.0,0.0,0,0,0.0,930.05,1,0,0.0,930.05,1,0,0.0,930.05,1,0,0.0,1
LGS2ORD0008991,C010023,2025-03-13 05:00:00,Male,41,Silver,CallCenter,Nakhon Ratchasima,116,Lazada,COD,5,3,3,0,40-50,3.8666666666666667,0.0,0.0,0.0,-1,-1,0.0,0.0,0.0,0.0,0.0,0.0,0,0,0.0,0.0,0,0,0.0,0.0,0,0,0.0,0.0,0,0,0.0,0
LGS2ORD0008992,C014491,2025-03-13 05:00:00,Other,26,Bronze,Web,Songkhla,1523,Web,PromptPay,5,3,3,0,20-30,50.766666666666666,0.0,0.0,0.0,-1,-1,0.0,0.0,0.0,0.0,0.0,0.0,0,0,0.0,0.0,0,0,0.0,0.0,0,0,0.0,0.0,0,0,0.0,0
LGS2ORD0008993,C016017,2025-03-13 05:00:00,Female,41,Bronze,TV,Bangkok,105,Web,PromptPay,5,3,3,0,40-50,3.5,1.0,0.0,0.0,-1,6,4945.79,0.03,0.0,0.0,0.0,4945.79,1,0,0.0,4945.79,1,0,0.0,4945.79,1,0,0.0,4945.79,1,0,0.0,0
LGS2ORD0008994,C011058,2025-03-13 05:00:00,Male,32,Bronze,Web,Phuket,466,CallCenter,PromptPay,5,3,3,0,30-40,15.533333333333333,1.0,0.0,0.0,-1,24,6968.87,0.03,0.0,0.0,0.0,0.0,0,0,0.0,6968.87,1,0,0.0,6968.87,1,0,0.0,6968.87,1,0,0.0,0
LGS2ORD0008995,C012456,2025-03-13 05:00:00,Male,29,Bronze,TV,Remote_Area,1235,CallCenter,COD,5,3,3,0,20-30,41.166666666666664,1.0,0.0,0.0,-1,10,9986.88,0.18,1.0,0.0,0.0,0.0,0,0,0.0,9986.88,1,0,0.0,9986.88,1,0,0.0,9986.88,1,0,0.0,1
LGS2ORD0008996,C012833,2025-03-13 06:00:00,Female,54,Bronze,Web,Nakhon Ratchasima,743,Shopee,Credit_Card,6,3,3,0,>50,24.766666666666666,0.0,0.0,0.0,-1,-1,0.0,0.0,0.0,0.0,0.0,0.0,0,0,0.0,0.0,0,0,0.0,0.0,0,0,0.0,0.0,0,0,0.0,0
LGS2ORD0008997,C017076,2025-03-13 06:00:00,Female,49,Silver,Web,Nakhon Ratchasima,1267,CallCenter,PromptPay,6,3,3,0,40-50,42.233333333333334,2.0,0.0,0.0,-1,30,5802.61,0.2,0.5,0.0,0.0,0.0,0,0,0.0,0.0,0,0,0.0,11605.22,2,0,0.0,11605.22,2,0,0.0,0
LGS2ORD0008998,C017503,2025-03-13 06:00:00,Female,23,Silver,Shopee,Bangkok,1061,Web,PromptPay,6,3,3,0,20-30,35.36666666666667,0.0,0.0,0.0,-1,-1,0.0,0.0,0.0,0.0,0.0,0.0,0,0,0.0,0.0,0,0,0.0,0.0,0,0,0.0,0.0,0,0,0.0,0
LGS2ORD0008999,C017731,2025-03-13 06:00:00,Male,51,Bronze,Web,Bangkok,1056,CallCenter,PromptPay,6,3,3,0,>50,35.2,1.0,1.0,1.0,13,18,17460.77,0.28,1.0,1.0,0.0,0.0,0,0,0.0,17460.77,1,1,1.0,17460.77,1,1,1.0,17460.77,1,1,1.0,1
LGS2ORD0009000,C011933,2025-03-13 06:00:00,Male,43,Bronze,TV,Bangkok,1495,TV_Show,COD,6,3,3,0,40-50,49.833333333333336,1.0,0.0,0.0,-1,6,2293.79,0.03,1.0,0.0,0.0,2293.79,1,0,0.0,2293.79,1,0,0.0,2293.79,1,0,0.0,2293.79,1,0,0.0,0
LGS2ORD0009001,C012894,2025-03-13 07:00:00,Female,53,Bronze,Web,Khon Kaen,421,CallCenter,PromptPay,7,3,3,0,>50,14.033333333333333,1.0,1.0,1.0,53,67,4587.8,0.28,0.0,1.0,0.0,0.0,0,0,0.0,0.0,0,0,0.0,4587.8,1,1,1.0,4587.8,1,1,1.0,1
LGS2ORD0009002,C012649,2025-03-13 07:00:00,Male,44,Bronze,Lazada,Bangkok,1291,Web,Bank_Transfer,7,3,3,0,40-50,43.03333333333333,1.0,1.0,1.0,26,35,7923.37,0.13,1.0,0.0,0.0,0.0,0,0,0.0,0.0,0,0,0.0,7923.37,1,1,1.0,7923.37,1,1,1.0,0
LGS2ORD0009003,C014089,2025-03-13 07:00:00,Female,29,Gold,TV,Bangkok,1284,CallCenter,COD,7,3,3,0,20-30,42.8,2.0,0.0,0.0,-1,47,2060.42,0.2299999999999999,0.5,0.5,0.0,0.0,0,0,0.0,0.0,0,0,0.0,4120.84,2,0,0.0,4120.84,2,0,0.0,1
LGS2ORD0009004,C017069,2025-03-13 07:00:00,Female,35,Silver,TV,Chonburi,393,Web,COD,7,3,3,0,30-40,13.1,1.0,0.0,0.0,-1,24,4078.56,0.15,1.0,0.0,0.0,0.0,0,0,0.0,4078.56,1,0,0.0,4078.56,1,0,0.0,4078.56,1,0,0.0,0
LGS2ORD0009005,C015685,2025-03-13 07:00:00,Male,60,Silver,Lazada,Chonburi,1331,Lazada,PromptPay,7,3,3,0,>50,44.36666666666667,2.0,0.0,0.0,-1,33,10692.895,0.2,1.0,0.0,0.0,0.0,0,0,0.0,0.0,0,0,0.0,21385.79,2,0,0.0,21385.79,2,0,0.0,0
LGS2ORD0009006,C017867,2025-03-13 08:00:00,Male,32,Bronze,Web,Remote_Area,1357,Shopee,PromptPay,8,3,3,0,30-40,45.233333333333334,3.0,0.0,0.0,-1,0,4311.236666666667,0.13,0.6666666666666666,0.0,0.0,2097.23,1,0,0.0,12126.0,2,0,0.0,12933.71,3,0,0.0,12933.71,3,0,0.0,0
LGS2ORD0009007,C011839,2025-03-13 08:00:00,Female,52,Silver,TV,Chonburi,522,TV_Show,Credit_Card,8,3,3,0,>50,17.4,0.0,0.0,0.0,-1,-1,0.0,0.0,0.0,0.0,0.0,0.0,0,0,0.0,0.0,0,0,0.0,0.0,0,0,0.0,0.0,0,0,0.0,0
LGS2ORD0009008,C017910,2025-03-13 08:00:00,Female,53,Platinum,Web,Khon Kaen,432,Shopee,Bank_Transfer,8,3,3,0,>50,14.4,0.0,0.0,0.0,-1,-1,0.0,0.0,0.0,0.0,0.0,0.0,0,0,0.0,0.0,0,0,0.0,0.0,0,0,0.0,0.0,0,0,0.0,0
LGS2ORD0009009,C014728,2025-03-13 08:00:00,Male,34,Bronze,TV,Remote_Area,295,Lazada,COD,8,3,3,0,30-40,9.833333333333334,2.0,0.0,0.0,-1,29,18976.8,0.18,0.5,0.0,0.0,0.0,0,0,0.0,13637.96,1,0,0.0,37953.6,2,0,0.0,37953.6,2,0,0.0,1
LGS2ORD0009010,C011972,2025-03-13 08:00:00,Male,47,Silver,TV,Bangkok,359,Shopee,COD,8,3,3,0,40-50,11.966666666666667,1.0,0.0,0.0,-1,55,25473.79,0.05,0.0,0.0,0.0,0.0,0,0,0.0,0.0,0,0,0.0,25473.79,1,0,0.0,25473.79,1,0,0.0,0
LGS2ORD0009011,C011774,2025-03-13 08:00:00,Male,70,Silver,TV,Nakhon Ratchasima,224,Lazada,COD,8,3,3,0,>50,7.466666666666667,1.0,0.0,0.0,-1,44,836.77,0.05,1.0,0.0,0.0,0.0,0,0,0.0,0.0,0,0,0.0,836.77,1,0,0.0,836.77,1,0,0.0,0
LGS2ORD0009012,C017507,2025-03-13 09:00:00,Male,26,Silver,Web,Phuket,870,Web,COD,9,3,3,0,20-30,29.0,1.0,0.0,0.0,-1,46,5520.94,0.05,1.0,0.0,0.0,0.0,0,0,0.0,0.0,0,0,0.0,5520.94,1,0,0.0,5520.94,1,0,0.0,0
LGS2ORD0009013,C014528,2025-03-13 09:00:00,Male,35,Bronze,Web,Bangkok,514,Shopee,COD,9,3,3,0,30-40,17.133333333333333,0.0,0.0,0.0,-1,-1,0.0,0.0,0.0,0.0,0.0,0.0,0,0,0.0,0.0,0,0,0.0,0.0,0,0,0.0,0.0,0,0,0.0,0
LGS2ORD0009014,C011460,2025-03-13 09:00:00,Female,59,Silver,CallCenter,Songkhla,840,Shopee,Credit_Card,9,3,3,0,>50,28.0,2.0,1.0,0.5,1,4,9207.025,0.25,0.0,1.0,0.0,16720.23,1,0,0.0,18414.05,2,1,0.5,18414.05,2,1,0.5,18414.05,2,1,0.5,0
LGS2ORD0009015,C013707,2025-03-13 09:00:00,Other,32,Gold,CallCenter,Nakhon Ratchasima,1443,Web,Bank_Transfer,9,3,3,0,30-40,48.1,1.0,0.0,0.0,-1,28,5822.34,0.13,0.0,0.0,0.0,0.0,0,0,0.0,5822.34,1,0,0.0,5822.34,1,0,0.0,5822.34,1,0,0.0,0
LGS2ORD0009016,C012472,2025-03-13 09:00:00,Female,37,Silver,Shopee,Khon Kaen,110,TV_Show,COD,9,3,3,0,30-40,3.6666666666666665,2.0,0.0,0.0,-1,17,3650.605,0.25,0.0,0.5,0.0,0.0,0,0,0.0,6125.54,1,0,0.0,7301.21,2,0,0.0,7301.21,2,0,0.0,1
LGS2ORD0009017,C010888,2025-03-13 10:00:00,Other,36,Bronze,TV,Bangkok,1114,TV_Show,Bank_Transfer,10,3,3,0,30-40,37.13333333333333,0.0,0.0,0.0,-1,-1,0.0,0.0,0.0,0.0,0.0,0.0,0,0,0.0,0.0,0,0,0.0,0.0,0,0,0.0,0.0,0,0,0.0,0
LGS2ORD0009018,C016749,2025-03-13 10:00:00,Male,22,Bronze,TV,Songkhla,333,TV_Show,COD,10,3,3,0,20-30,11.1,2.0,0.0,0.0,-1,42,5428.275,0.08,0.5,0.0,0.0,0.0,0,0,0.0,0.0,0,0,0.0,10856.55,2,0,0.0,10856.55,2,0,0.0,0
LGS2ORD0009019,C010174,2025-03-13 10:00:00,Female,41,Bronze,TV,Chonburi,735,TV_Show,COD,10,3,3,0,40-50,24.5,1.0,0.0,0.0,-1,39,2889.55,0.18,1.0,0.0,0.0,0.0,0,0,0.0,0.0,0,0,0.0,2889.55,1,0,0.0,2889.55,1,0,0.0,0
LGS2ORD0009020,C016508,2025-03-13 10:00:00,Female,66,Silver,Shopee,Chonburi,263,Web,Credit_Card,10,3,3,0,>50,8.766666666666667,0.0,0.0,0.0,-1,-1,0.0,0.0,0.0,0.0,0.0,0.0,0,0,0.0,0.0,0,0,0.0,0.0,0,0,0.0,0.0,0,0,0.0,0
LGS2ORD0009021,C015785,2025-03-13 10:00:00,Male,33,Silver,Web,Bangkok,873,Web,PromptPay,10,3,3,0,30-40,29.1,0.0,0.0,0.0,-1,-1,0.0,0.0,0.0,0.0,0.0,0.0,0,0,0.0,0.0,0,0,0.0,0.0,0,0,0.0,0.0,0,0,0.0,0
LGS2ORD0009022,C011760,2025-03-13 11:00:00,Male,27,Bronze,TV,Khon Kaen,148,Lazada,COD,11,3,3,0,20-30,4.933333333333334,1.0,0.0,0.0,-1,30,4431.86,0.18,0.0,0.0,0.0,0.0,0,0,0.0,0.0,0,0,0.0,4431.86,1,0,0.0,4431.86,1,0,0.0,0
LGS2ORD0009023,C017856,2025-03-13 11:00:00,Female,48,Bronze,Web,Bangkok,293,Shopee,PromptPay,11,3,3,0,40-50,9.766666666666667,1.0,1.0,1.0,0,15,568.84,0.23,1.0,1.0,0.0,0.0,0,0,0.0,568.84,1,1,1.0,568.84,1,1,1.0,568.84,1,1,1.0,1
LGS2ORD0009024,C010597,2025-03-13 11:00:00,Male,65,Bronze,Shopee,Bangkok,106,TV_Show,Credit_Card,11,3,3,0,>50,3.533333333333333,4.0,0.0,0.0,-1,16,14155.61,0.18,0.5,0.0,0.0,0.0,0,0,0.0,30851.28,1,0,0.0,56622.44,4,0,0.0,56622.44,4,0,0.0,0
LGS2ORD0009025,C010571,2025-03-13 11:00:00,Female,38,Bronze,Web,Chonburi,88,CallCenter,Credit_Card,11,3,3,0,30-40,2.933333333333333,2.0,1.0,0.5,24,35,4871.389999999999,0.08,1.0,0.0,0.0,0.0,0,0,0.0,0.0,0,0,0.0,9742.779999999999,2,1,0.5,9742.779999999999,2,1,0.5,0
LGS2ORD0009026,C014513,2025-03-13 11:00:00,Male,47,Silver,CallCenter,Chonburi,984,Shopee,COD,11,3,3,0,40-50,32.8,2.0,1.0,0.5,29,35,2670.48,0.2,0.5,0.0,0.0,0.0,0,0,0.0,0.0,0,0,0.0,5340.96,2,1,0.5,5340.96,2,1,0.5,0
LGS2ORD0009027,C017466,2025-03-13 12:00:00,Female,34,Silver,Web,Songkhla,414,Lazada,Bank_Transfer,12,3,3,0,30-40,13.8,0.0,0.0,0.0,-1,-1,0.0,0.0,0.0,0.0,0.0,0.0,0,0,0.0,0.0,0,0,0.0,0.0,0,0,0.0,0.0,0,0,0.0,0
LGS2ORD0009028,C013680,2025-03-13 12:00:00,Female,41,Silver,Web,Khon Kaen,447,TV_Show,PromptPay,12,3,3,0,40-50,14.9,0.0,0.0,0.0,-1,-1,0.0,0.0,0.0,0.0,0.0,0.0,0,0,0.0,0.0,0,0,0.0,0.0,0,0,0.0,0.0,0,0,0.0,1
LGS2ORD0009029,C010681,2025-03-13 12:00:00,Female,41,Bronze,Shopee,Khon Kaen,1309,Shopee,COD,12,3,3,0,40-50,43.63333333333333,0.0,0.0,0.0,-1,-1,0.0,0.0,0.0,0.0,0.0,0.0,0,0,0.0,0.0,0,0,0.0,0.0,0,0,0.0,0.0,0,0,0.0,0
LGS2ORD0009030,C011741,2025-03-13 12:00:00,Female,69,Bronze,TV,Songkhla,1138,Web,COD,12,3,3,0,>50,37.93333333333333,1.0,0.0,0.0,-1,56,1267.93,0.08,0.0,0.0,0.0,0.0,0,0,0.0,0.0,0,0,0.0,1267.93,1,0,0.0,1267.93,1,0,0.0,1
LGS2ORD0009031,C012057,2025-03-13 12:00:00,Male,43,Gold,TV,Bangkok,156,Web,COD,12,3,3,0,40-50,5.2,1.0,0.0,0.0,-1,4,1724.35,0.13,0.0,0.0,0.0,1724.35,1,0,0.0,1724.35,1,0,0.0,1724.35,1,0,0.0,1724.35,1,0,0.0,0
LGS2ORD0009032,C016632,2025-03-13 12:00:00,Male,18,Gold,Web,Bangkok,286,Shopee,Credit_Card,12,3,3,0,<20,9.533333333333333,1.0,0.0,0.0,-1,71,2039.19,0.13,0.0,0.0,0.0,0.0,0,0,0.0,0.0,0,0,0.0,2039.19,1,0,0.0,2039.19,1,0,0.0,0
LGS2ORD0009033,C013958,2025-03-13 13:00:00,Female,45,Silver,TV,Nakhon Ratchasima,315,Web,PromptPay,13,3,3,0,40-50,10.5,0.0,0.0,0.0,-1,-1,0.0,0.0,0.0,0.0,0.0,0.0,0,0,0.0,0.0,0,0,0.0,0.0,0,0,0.0,0.0,0,0,0.0,0
LGS2ORD0009034,C012884,2025-03-13 13:00:00,Female,41,Platinum,TV,Bangkok,634,Web,PromptPay,13,3,3,0,40-50,21.133333333333333,2.0,0.0,0.0,-1,7,3729.005,0.15,0.0,0.0,0.0,0.0,0,0,0.0,7458.01,2,0,0.0,7458.01,2,0,0.0,7458.01,2,0,0.0,0
LGS2ORD0009035,C014074,2025-03-13 13:00:00,Male,37,Gold,CallCenter,Bangkok,91,Web,COD,13,3,3,0,30-40,3.033333333333333,0.0,0.0,0.0,-1,-1,0.0,0.0,0.0,0.0,0.0,0.0,0,0,0.0,0.0,0,0,0.0,0.0,0,0,0.0,0.0,0,0,0.0,1
LGS2ORD0009036,C014432,2025-03-13 13:00:00,Female,45,Gold,TV,Bangkok,1021,Lazada,PromptPay,13,3,3,0,40-50,34.03333333333333,0.0,0.0,0.0,-1,-1,0.0,0.0,0.0,0.0,0.0,0.0,0,0,0.0,0.0,0,0,0.0,0.0,0,0,0.0,0.0,0,0,0.0,1
LGS2ORD0009037,C016943,2025-03-13 13:00:00,Female,45,Bronze,TV,Bangkok,629,Lazada,PromptPay,13,3,3,0,40-50,20.966666666666665,1.0,0.0,0.0,-1,27,19201.33,0.18,0.0,0.0,0.0,0.0,0,0,0.0,19201.33,1,0,0.0,19201.33,1,0,0.0,19201.33,1,0,0.0,0
LGS2ORD0009038,C015887,2025-03-13 14:00:00,Female,47,Silver,Lazada,Bangkok,149,TV_Show,COD,14,3,3,0,40-50,4.966666666666667,3.0,0.0,0.0,-1,4,12449.606666666667,0.25,0.3333333333333333,0.6666666666666666,0.0,19244.98,1,0,0.0,36219.81,2,0,0.0,37348.82,3,0,0.0,37348.82,3,0,0.0,1
LGS2ORD0009039,C016396,2025-03-13 14:00:00,Female,30,Silver,Web,Chiang Mai,1498,Lazada,Bank_Transfer,14,3,3,0,20-30,49.93333333333333,1.0,1.0,1.0,-9,7,9826.35,0.1,0.0,0.0,0.0,0.0,0,0,0.0,9826.35,1,1,1.0,9826.35,1,1,1.0,9826.35,1,1,1.0,1
LGS2ORD0009040,C017536,2025-03-13 14:00:00,Male,57,Bronze,TV,Bangkok,704,Shopee,Credit_Card,14,3,3,0,>50,23.466666666666665,2.0,1.0,0.5,1,10,7055.18,0.28,1.0,0.5,0.0,0.0,0,0,0.0,1620.24,1,1,1.0,14110.36,2,1,0.5,14110.36,2,1,0.5,0
LGS2ORD0009041,C016891,2025-03-13 14:00:00,Female,49,Bronze,TV,Khon Kaen,801,Shopee,Credit_Card,14,3,3,0,40-50,26.7,2.0,0.0,0.0,-1,10,3680.17,0.23,1.0,0.5,0.0,0.0,0,0,0.0,7360.34,2,0,0.0,7360.34,2,0,0.0,7360.34,2,0,0.0,0
LGS2ORD0009042,C012407,2025-03-13 14:00:00,Female,26,Bronze,Shopee,Remote_Area,1317,Web,Bank_Transfer,14,3,3,0,20-30,43.9,0.0,0.0,0.0,-1,-1,0.0,0.0,0.0,0.0,0.0,0.0,0,0,0.0,0.0,0,0,0.0,0.0,0,0,0.0,0.0,0,0,0.0,0
LGS2ORD0009043,C013405,2025-03-13 15:00:00,Male,27,Silver,Lazada,Nakhon Ratchasima,944,Web,Credit_Card,15,3,3,0,20-30,31.466666666666665,2.0,1.0,0.5,43,49,7234.3949999999995,0.25,0.5,0.5,0.0,0.0,0,0,0.0,0.0,0,0,0.0,14468.789999999999,2,1,0.5,14468.789999999999,2,1,0.5,1
LGS2ORD0009044,C012813,2025-03-13 15:00:00,Female,46,Silver,TV,Khon Kaen,579,TV_Show,COD,15,3,3,0,40-50,19.3,1.0,0.0,0.0,-1,5,14770.71,0.2,1.0,0.0,0.0,14770.71,1,0,0.0,14770.71,1,0,0.0,14770.71,1,0,0.0,14770.71,1,0,0.0,0
LGS2ORD0009045,C010485,2025-03-13 15:00:00,Female,41,Silver,Shopee,Bangkok,1058,TV_Show,Credit_Card,15,3,3,0,40-50,35.266666666666666,0.0,0.0,0.0,-1,-1,0.0,0.0,0.0,0.0,0.0,0.0,0,0,0.0,0.0,0,0,0.0,0.0,0,0,0.0,0.0,0,0,0.0,0
LGS2ORD0009046,C014076,2025-03-13 15:00:00,Female,31,Bronze,CallCenter,Bangkok,982,Lazada,COD,15,3,3,0,30-40,32.733333333333334,0.0,0.0,0.0,-1,-1,0.0,0.0,0.0,0.0,0.0,0.0,0,0,0.0,0.0,0,0,0.0,0.0,0,0,0.0,0.0,0,0,0.0,0
LGS2ORD0009047,C012894,2025-03-13 15:00:00,Female,53,Bronze,Web,Khon Kaen,421,Web,COD,15,3,3,0,>50,14.033333333333333,2.0,2.0,1.0,-9,0,2935.31,0.28,0.0,1.0,0.0,1282.82,1,1,1.0,1282.82,1,1,1.0,5870.62,2,2,1.0,5870.62,2,2,1.0,1
LGS2ORD0009048,C013493,2025-03-13 16:00:00,Female,34,Bronze,Shopee,Bangkok,1509,Web,COD,16,3,3,0,30-40,50.3,0.0,0.0,0.0,-1,-1,0.0,0.0,0.0,0.0,0.0,0.0,0,0,0.0,0.0,0,0,0.0,0.0,0,0,0.0,0.0,0,0,0.0,0
LGS2ORD0009049,C017773,2025-03-13 16:00:00,Female,33,Bronze,TV,Chiang Mai,374,Lazada,COD,16,3,3,0,30-40,12.466666666666667,0.0,0.0,0.0,-1,-1,0.0,0.0,0.0,0.0,0.0,0.0,0,0,0.0,0.0,0,0,0.0,0.0,0,0,0.0,0.0,0,0,0.0,0
LGS2ORD0009050,C015609,2025-03-13 16:00:00,Female,53,Silver,Shopee,Songkhla,1229,Shopee,PromptPay,16,3,3,0,>50,40.96666666666667,1.0,0.0,0.0,-1,30,2415.86,0.15,1.0,0.0,0.0,0.0,0,0,0.0,0.0,0,0,0.0,2415.86,1,0,0.0,2415.86,1,0,0.0,0
LGS2ORD0009051,C014319,2025-03-13 16:00:00,Female,43,Bronze,Shopee,Bangkok,1179,Web,Bank_Transfer,16,3,3,0,40-50,39.3,1.0,0.0,0.0,-1,48,5051.69,0.08,1.0,0.0,0.0,0.0,0,0,0.0,0.0,0,0,0.0,5051.69,1,0,0.0,5051.69,1,0,0.0,1
LGS2ORD0009052,C012883,2025-03-13 16:00:00,Female,41,Gold,TV,Khon Kaen,626,Web,COD,16,3,3,0,40-50,20.866666666666667,2.0,0.0,0.0,-1,33,2093.525,0.28,0.5,0.5,0.0,0.0,0,0,0.0,0.0,0,0,0.0,4187.05,2,0,0.0,4187.05,2,0,0.0,0
LGS2ORD0009053,C012694,2025-03-13 16:00:00,Female,48,Bronze,Web,Chiang Mai,990,TV_Show,COD,16,3,3,0,40-50,33.0,1.0,1.0,1.0,38,48,4803.19,0.28,1.0,1.0,0.0,0.0,0,0,0.0,0.0,0,0,0.0,4803.19,1,1,1.0,4803.19,1,1,1.0,0
LGS2ORD0009054,C010016,2025-03-13 17:00:00,Male,39,Silver,Web,Chonburi,841,CallCenter,Credit_Card,17,3,3,0,30-40,28.033333333333335,2.0,1.0,0.5,17,22,6546.110000000001,0.3,0.5,0.5,0.0,0.0,0,0,0.0,13092.220000000001,2,1,0.5,13092.220000000001,2,1,0.5,13092.220000000001,2,1,0.5,0
LGS2ORD0009055,C014872,2025-03-13 17:00:00,Male,46,Bronze,CallCenter,Nakhon Ratchasima,422,Web,Credit_Card,17,3,3,0,40-50,14.066666666666666,2.0,1.0,0.5,31,44,8788.925,0.08,0.5,0.0,0.0,0.0,0,0,0.0,0.0,0,0,0.0,17577.85,2,1,0.5,17577.85,2,1,0.5,0
LGS2ORD0009056,C010255,2025-03-13 17:00:00,Female,66,Silver,CallCenter,Khon Kaen,1346,Shopee,COD,17,3,3,0,>50,44.86666666666667,4.0,2.0,0.5,32,37,9177.4475,0.25,1.0,0.25,0.0,0.0,0,0,0.0,0.0,0,0,0.0,36709.79,4,2,0.5,36709.79,4,2,0.5,0
LGS2ORD0009057,C011658,2025-03-13 17:00:00,Female,27,Bronze,CallCenter,Bangkok,1501,Lazada,COD,17,3,3,0,20-30,50.03333333333333,0.0,0.0,0.0,-1,-1,0.0,0.0,0.0,0.0,0.0,0.0,0,0,0.0,0.0,0,0,0.0,0.0,0,0,0.0,0.0,0,0,0.0,0
LGS2ORD0009058,C014482,2025-03-13 17:00:00,Female,55,Bronze,Web,Songkhla,315,Lazada,PromptPay,17,3,3,0,>50,10.5,3.0,1.0,0.3333333333333333,-5,1,3531.943333333333,0.28,1.0,0.6666666666666666,0.0,4727.46,1,1,1.0,4727.46,1,1,1.0,10595.83,3,1,0.3333333333333333,10595.83,3,1,0.3333333333333333,0
LGS2ORD0009059,C014027,2025-03-13 18:00:00,Male,41,Gold,Web,Bangkok,477,Web,Credit_Card,18,3,3,0,40-50,15.9,2.0,1.0,0.5,22,34,5054.425,0.2299999999999999,0.5,0.5,0.0,0.0,0,0,0.0,0.0,0,0,0.0,10108.85,2,1,0.5,10108.85,2,1,0.5,0
LGS2ORD0009060,C013189,2025-03-13 18:00:00,Female,42,Bronze,Web,Bangkok,1301,Web,Credit_Card,18,3,3,0,40-50,43.36666666666667,2.0,0.0,0.0,-1,52,4467.264999999999,0.28,0.5,0.5,0.0,0.0,0,0,0.0,0.0,0,0,0.0,8934.529999999999,2,0,0.0,8934.529999999999,2,0,0.0,0
LGS2ORD0009061,C012176,2025-03-13 18:00:00,Male,35,Silver,Web,Khon Kaen,1502,Web,COD,18,3,3,0,30-40,50.06666666666667,0.0,0.0,0.0,-1,-1,0.0,0.0,0.0,0.0,0.0,0.0,0,0,0.0,0.0,0,0,0.0,0.0,0,0,0.0,0.0,0,0,0.0,0
LGS2ORD0009062,C012533,2025-03-13 18:00:00,Female,31,Bronze,Shopee,Bangkok,640,TV_Show,Credit_Card,18,3,3,0,30-40,21.333333333333332,1.0,0.0,0.0,-1,39,457.74,0.08,1.0,0.0,0.0,0.0,0,0,0.0,0.0,0,0,0.0,457.74,1,0,0.0,457.74,1,0,0.0,0
LGS2ORD0009063,C016067,2025-03-13 18:00:00,Male,60,Gold,Web,Remote_Area,1478,TV_Show,COD,18,3,3,0,>50,49.266666666666666,3.0,1.0,0.3333333333333333,4,2,5957.259999999999,0.28,0.6666666666666666,0.3333333333333333,0.0,765.66,1,0,0.0,12727.21,2,1,0.5,17871.78,3,1,0.3333333333333333,17871.78,3,1,0.3333333333333333,1
LGS2ORD0009064,C011944,2025-03-13 19:00:00,Male,41,Platinum,TV,Bangkok,734,Shopee,Bank_Transfer,19,3,3,0,40-50,24.466666666666665,0.0,0.0,0.0,-1,-1,0.0,0.0,0.0,0.0,0.0,0.0,0,0,0.0,0.0,0,0,0.0,0.0,0,0,0.0,0.0,0,0,0.0,0
LGS2ORD0009065,C010376,2025-03-13 19:00:00,Female,38,Bronze,TV,Chonburi,829,Web,COD,19,3,3,0,30-40,27.633333333333333,2.0,1.0,0.5,16,19,5940.219999999999,0.23,0.5,0.5,0.0,0.0,0,0,0.0,11880.439999999999,2,1,0.5,11880.439999999999,2,1,0.5,11880.439999999999,2,1,0.5,0
LGS2ORD0009066,C014490,2025-03-13 19:00:00,Female,33,Gold,Web,Remote_Area,385,Web,COD,19,3,3,0,30-40,12.833333333333334,0.0,0.0,0.0,-1,-1,0.0,0.0,0.0,0.0,0.0,0.0,0,0,0.0,0.0,0,0,0.0,0.0,0,0,0.0,0.0,0,0,0.0,0
LGS2ORD0009067,C014047,2025-03-13 19:00:00,Male,43,Gold,Web,Nakhon Ratchasima,1196,Shopee,COD,19,3,3,0,40-50,39.86666666666667,3.0,0.0,0.0,-1,8,5892.723333333332,0.2299999999999999,0.6666666666666666,0.3333333333333333,0.0,0.0,0,0,0.0,16359.98,1,0,0.0,17678.17,3,0,0.0,17678.17,3,0,0.0,0
LGS2ORD0009068,C017027,2025-03-13 19:00:00,Female,48,Platinum,Web,Bangkok,1062,Web,PromptPay,19,3,3,0,40-50,35.4,2.0,0.0,0.0,-1,46,1490.82,0.35,0.5,0.5,0.0,0.0,0,0,0.0,0.0,0,0,0.0,2981.64,2,0,0.0,2981.64,2,0,0.0,0
LGS2ORD0009069,C014394,2025-03-13 19:00:00,Male,42,Platinum,TV,Nakhon Ratchasima,1147,TV_Show,COD,19,3,3,0,40-50,38.233333333333334,4.0,0.0,0.0,-1,2,1433.0825000000002,0.35,0.25,0.25,0.0,2409.26,2,0,0.0,2409.26,2,0,0.0,5732.330000000001,4,0,0.0,5732.330000000001,4,0,0.0,0
LGS2ORD0009070,C010083,2025-03-13 20:00:00,Male,45,Gold,TV,Khon Kaen,226,Web,COD,20,3,3,0,40-50,7.533333333333333,1.0,0.0,0.0,-1,64,2182.42,0.13,0.0,0.0,0.0,0.0,0,0,0.0,0.0,0,0,0.0,2182.42,1,0,0.0,2182.42,1,0,0.0,1
LGS2ORD0009071,C016643,2025-03-13 20:00:00,Female,50,Bronze,CallCenter,Bangkok,829,Web,PromptPay,20,3,3,0,40-50,27.633333333333333,3.0,0.0,0.0,-1,6,9164.356666666667,0.28,0.0,0.3333333333333333,0.0,3197.41,1,0,0.0,3197.41,1,0,0.0,27493.07,3,0,0.0,27493.07,3,0,0.0,0
LGS2ORD0009072,C011767,2025-03-13 20:00:00,Female,53,Gold,Lazada,Chiang Mai,121,Shopee,COD,20,3,3,0,>50,4.033333333333333,1.0,0.0,0.0,-1,18,4822.31,0.2299999999999999,0.0,1.0,0.0,0.0,0,0,0.0,4822.31,1,0,0.0,4822.31,1,0,0.0,4822.31,1,0,0.0,0
LGS2ORD0009073,C012628,2025-03-13 20:00:00,Male,34,Platinum,Shopee,Bangkok,769,Shopee,PromptPay,20,3,3,0,30-40,25.633333333333333,1.0,0.0,0.0,-1,36,1077.33,0.25,1.0,1.0,0.0,0.0,0,0,0.0,0.0,0,0,0.0,1077.33,1,0,0.0,1077.33,1,0,0.0,0
LGS2ORD0009074,C017195,2025-03-13 20:00:00,Male,59,Bronze,Lazada,Phuket,1023,Web,COD,20,3,3,0,>50,34.1,0.0,0.0,0.0,-1,-1,0.0,0.0,0.0,0.0,0.0,0.0,0,0,0.0,0.0,0,0,0.0,0.0,0,0,0.0,0.0,0,0,0.0,0
LGS2ORD0009075,C010915,2025-03-13 21:00:00,Male,47,Bronze,Lazada,Bangkok,1141,Lazada,Credit_Card,21,3,3,0,40-50,38.03333333333333,2.0,1.0,0.5,25,40,8455.07,0.23,0.5,0.5,0.0,0.0,0,0,0.0,0.0,0,0,0.0,16910.14,2,1,0.5,16910.14,2,1,0.5,0
LGS2ORD0009076,C016825,2025-03-13 21:00:00,Female,49,Bronze,Shopee,Nakhon Ratchasima,538,CallCenter,COD,21,3,3,0,40-50,17.933333333333334,1.0,0.0,0.0,-1,59,340.18,0.08,1.0,0.0,0.0,0.0,0,0,0.0,0.0,0,0,0.0,340.18,1,0,0.0,340.18,1,0,0.0,1
LGS2ORD0009077,C014751,2025-03-13 21:00:00,Female,45,Bronze,CallCenter,Chonburi,500,CallCenter,PromptPay,21,3,3,0,40-50,16.666666666666668,0.0,0.0,0.0,-1,-1,0.0,0.0,0.0,0.0,0.0,0.0,0,0,0.0,0.0,0,0,0.0,0.0,0,0,0.0,0.0,0,0,0.0,0
LGS2ORD0009078,C017985,2025-03-13 21:00:00,Female,48,Gold,Shopee,Phuket,1144,Web,Credit_Card,21,3,3,0,40-50,38.13333333333333,0.0,0.0,0.0,-1,-1,0.0,0.0,0.0,0.0,0.0,0.0,0,0,0.0,0.0,0,0,0.0,0.0,0,0,0.0,0.0,0,0,0.0,0
LGS2ORD0009079,C013049,2025-03-13 21:00:00,Male,23,Bronze,Web,Songkhla,1440,Lazada,COD,21,3,3,0,20-30,48.0,2.0,1.0,0.5,45,16,14235.414999999999,0.23,0.0,0.5,0.0,0.0,0,0,0.0,18914.03,1,0,0.0,28470.829999999998,2,1,0.5,28470.829999999998,2,1,0.5,0
LGS2ORD0009080,C014727,2025-03-13 22:00:00,Male,24,Bronze,Shopee,Bangkok,764,Web,Bank_Transfer,22,3,3,0,20-30,25.466666666666665,1.0,0.0,0.0,-1,40,1750.98,0.03,1.0,0.0,0.0,0.0,0,0,0.0,0.0,0,0,0.0,1750.98,1,0,0.0,1750.98,1,0,0.0,0
LGS2ORD0009081,C014407,2025-03-13 22:00:00,Male,34,Bronze,Shopee,Nakhon Ratchasima,1229,CallCenter,Credit_Card,22,3,3,0,30-40,40.96666666666667,2.0,1.0,0.5,-4,1,6194.53,0.23,1.0,0.5,0.0,8383.55,1,1,1.0,12389.06,2,1,0.5,12389.06,2,1,0.5,12389.06,2,1,0.5,0
LGS2ORD0009082,C017452,2025-03-13 22:00:00,Male,41,Bronze,Web,Chonburi,286,TV_Show,COD,22,3,3,0,40-50,9.533333333333333,1.0,1.0,1.0,52,60,12460.01,0.18,0.0,0.0,0.0,0.0,0,0,0.0,0.0,0,0,0.0,12460.01,1,1,1.0,12460.01,1,1,1.0,0
LGS2ORD0009083,C011731,2025-03-13 22:00:00,Male,41,Bronze,Lazada,Bangkok,351,CallCenter,COD,22,3,3,0,40-50,11.7,1.0,0.0,0.0,-1,3,1761.77,0.03,1.0,0.0,0.0,1761.77,1,0,0.0,1761.77,1,0,0.0,1761.77,1,0,0.0,1761.77,1,0,0.0,0
LGS2ORD0009084,C017534,2025-03-13 22:00:00,Female,51,Bronze,Shopee,Chonburi,91,TV_Show,COD,22,3,3,0,>50,3.033333333333333,3.0,1.0,0.3333333333333333,23,1,1470.7466666666667,0.28,1.0,0.6666666666666666,0.0,1640.84,1,0,0.0,1640.84,1,0,0.0,4412.24,3,1,0.3333333333333333,4412.24,3,1,0.3333333333333333,1
LGS2ORD0009085,C017503,2025-03-13 23:00:00,Female,23,Silver,Shopee,Bangkok,1061,Lazada,Credit_Card,23,3,3,0,20-30,35.36666666666667,1.0,0.0,0.0,-1,0,4295.49,0.05,0.0,0.0,0.0,4295.49,1,0,0.0,4295.49,1,0,0.0,4295.49,1,0,0.0,4295.49,1,0,0.0,0
LGS2ORD0009086,C010062,2025-03-13 23:00:00,Male,48,Silver,TV,Remote_Area,1468,Shopee,Credit_Card,23,3,3,0,40-50,48.93333333333333,0.0,0.0,0.0,-1,-1,0.0,0.0,0.0,0.0,0.0,0.0,0,0,0.0,0.0,0,0,0.0,0.0,0,0,0.0,0.0,0,0,0.0,0
LGS2ORD0009087,C010125,2025-03-13 23:00:00,Female,25,Silver,TV,Phuket,1506,Web,PromptPay,23,3,3,0,20-30,50.2,0.0,0.0,0.0,-1,-1,0.0,0.0,0.0,0.0,0.0,0.0,0,0,0.0,0.0,0,0,0.0,0.0,0,0,0.0,0.0,0,0,0.0,1
LGS2ORD0009088,C012934,2025-03-13 23:00:00,Female,42,Bronze,Lazada,Phuket,888,CallCenter,Bank_Transfer,23,3,3,0,40-50,29.6,1.0,1.0,1.0,29,38,1770.25,0.18,0.0,0.0,0.0,0.0,0,0,0.0,0.0,0,0,0.0,1770.25,1,1,1.0,1770.25,1,1,1.0,1
LGS2ORD0009089,C014737,2025-03-13 23:00:00,Male,24,Silver,TV,Chonburi,706,Web,COD,23,3,3,0,20-30,23.533333333333335,1.0,0.0,0.0,-1,22,171.07,0.2,1.0,0.0,0.0,0.0,0,0,0.0,171.07,1,0,0.0,171.07,1,0,0.0,171.07,1,0,0.0,1
LGS2ORD0009090,C015178,2025-03-13 23:00:00,Female,28,Gold,CallCenter,Songkhla,1152,CallCenter,COD,23,3,3,0,20-30,38.4,0.0,0.0,0.0,-1,-1,0.0,0.0,0.0,0.0,0.0,0.0,0,0,0.0,0.0,0,0,0.0,0.0,0,0,0.0,0.0,0,0,0.0,1
LGS2ORD0009091,C013321,2025-03-14 00:00:00,Male,35,Silver,Web,Bangkok,1449,Shopee,Credit_Card,0,3,4,0,30-40,48.3,0.0,0.0,0.0,-1,-1,0.0,0.0,0.0,0.0,0.0,0.0,0,0,0.0,0.0,0,0,0.0,0.0,0,0,0.0,0.0,0,0,0.0,0
LGS2ORD0009092,C014818,2025-03-14 00:00:00,Female,35,Bronze,TV,Bangkok,1118,TV_Show,PromptPay,0,3,4,0,30-40,37.266666666666666,1.0,1.0,1.0,14,22,1158.31,0.18,0.0,0.0,0.0,0.0,0,0,0.0,1158.31,1,1,1.0,1158.31,1,1,1.0,1158.31,1,1,1.0,0
LGS2ORD0009093,C012650,2025-03-14 00:00:00,Female,37,Gold,Lazada,Bangkok,187,Shopee,COD,0,3,4,0,30-40,6.233333333333333,1.0,0.0,0.0,-1,2,24080.78,0.13,1.0,0.0,0.0,24080.78,1,0,0.0,24080.78,1,0,0.0,24080.78,1,0,0.0,24080.78,1,0,0.0,1
LGS2ORD0009094,C010824,2025-03-14 00:00:00,Male,34,Silver,TV,Khon Kaen,1047,Shopee,COD,0,3,4,0,30-40,34.9,0.0,0.0,0.0,-1,-1,0.0,0.0,0.0,0.0,0.0,0.0,0,0,0.0,0.0,0,0,0.0,0.0,0,0,0.0,0.0,0,0,0.0,0
LGS2ORD0009095,C015792,2025-03-14 00:00:00,Female,26,Silver,CallCenter,Bangkok,873,TV_Show,Credit_Card,0,3,4,0,20-30,29.1,1.0,0.0,0.0,-1,51,6297.31,0.25,0.0,1.0,0.0,0.0,0,0,0.0,0.0,0,0,0.0,6297.31,1,0,0.0,6297.31,1,0,0.0,0
LGS2ORD0009096,C017840,2025-03-14 01:00:00,Male,39,Bronze,Shopee,Chiang Mai,135,Shopee,PromptPay,1,3,4,0,30-40,4.5,3.0,0.0,0.0,-1,54,8629.963333333333,0.23,0.3333333333333333,0.3333333333333333,0.0,0.0,0,0,0.0,0.0,0,0,0.0,25889.89,3,0,0.0,25889.89,3,0,0.0,0
LGS2ORD0009097,C013789,2025-03-14 01:00:00,Female,37,Silver,Lazada,Songkhla,713,TV_Show,COD,1,3,4,0,30-40,23.766666666666666,1.0,1.0,1.0,32,46,2762.57,0.25,1.0,1.0,0.0,0.0,0,0,0.0,0.0,0,0,0.0,2762.57,1,1,1.0,2762.57,1,1,1.0,1
LGS2ORD0009098,C012670,2025-03-14 01:00:00,Male,34,Bronze,TV,Chonburi,272,Web,Credit_Card,1,3,4,0,30-40,9.066666666666666,0.0,0.0,0.0,-1,-1,0.0,0.0,0.0,0.0,0.0,0.0,0,0,0.0,0.0,0,0,0.0,0.0,0,0,0.0,0.0,0,0,0.0,0
LGS2ORD0009099,C011125,2025-03-14 01:00:00,Other,64,Bronze,TV,Remote_Area,1276,Web,Credit_Card,1,3,4,0,>50,42.53333333333333,0.0,0.0,0.0,-1,-1,0.0,0.0,0.0,0.0,0.0,0.0,0,0,0.0,0.0,0,0,0.0,0.0,0,0,0.0,0.0,0,0,0.0,0
LGS2ORD0009100,C014298,2025-03-14 01:00:00,Other,20,Platinum,Web,Bangkok,237,Shopee,Bank_Transfer,1,3,4,0,<20,7.9,0.0,0.0,0.0,-1,-1,0.0,0.0,0.0,0.0,0.0,0.0,0,0,0.0,0.0,0,0,0.0,0.0,0,0,0.0,0.0,0,0,0.0,0
LGS2ORD0009101,C014532,2025-03-14 02:00:00,Male,31,Silver,TV,Phuket,1430,TV_Show,COD,2,3,4,0,30-40,47.666666666666664,2.0,1.0,0.5,42,33,1689.22,0.3,0.5,0.5,0.0,0.0,0,0,0.0,0.0,0,0,0.0,3378.44,2,1,0.5,3378.44,2,1,0.5,1
LGS2ORD0009102,C017244,2025-03-14 02:00:00,Female,61,Platinum,TV,Bangkok,1429,TV_Show,COD,2,3,4,0,>50,47.63333333333333,1.0,0.0,0.0,-1,33,2353.49,0.1,1.0,0.0,0.0,0.0,0,0,0.0,0.0,0,0,0.0,2353.49,1,0,0.0,2353.49,1,0,0.0,0
LGS2ORD0009103,C010394,2025-03-14 02:00:00,Male,58,Bronze,Shopee,Songkhla,320,Web,COD,2,3,4,0,>50,10.666666666666666,1.0,1.0,1.0,11,21,573.14,0.18,0.0,0.0,0.0,0.0,0,0,0.0,573.14,1,1,1.0,573.14,1,1,1.0,573.14,1,1,1.0,1
LGS2ORD0009104,C011831,2025-03-14 02:00:00,Female,69,Bronze,TV,Songkhla,960,Web,COD,2,3,4,0,>50,32.0,1.0,0.0,0.0,-1,4,956.4,0.23,0.0,1.0,0.0,956.4,1,0,0.0,956.4,1,0,0.0,956.4,1,0,0.0,956.4,1,0,0.0,1
LGS2ORD0009105,C011500,2025-03-14 02:00:00,Female,28,Gold,Web,Nakhon Ratchasima,1185,Web,Credit_Card,2,3,4,0,20-30,39.5,2.0,0.0,0.0,-1,15,3511.295,0.18,0.0,0.0,0.0,0.0,0,0,0.0,7022.59,2,0,0.0,7022.59,2,0,0.0,7022.59,2,0,0.0,0
LGS2ORD0009106,C017650,2025-03-14 03:00:00,Female,26,Gold,TV,Phuket,1085,Shopee,COD,3,3,4,0,20-30,36.166666666666664,2.0,1.0,0.5,40,14,9340.595000000001,0.13,1.0,0.0,0.0,0.0,0,0,0.0,4037.07,1,0,0.0,18681.190000000002,2,1,0.5,18681.190000000002,2,1,0.5,0
LGS2ORD0009107,C010822,2025-03-14 03:00:00,Male,25,Bronze,Web,Chiang Mai,1201,Shopee,PromptPay,3,3,4,0,20-30,40.03333333333333,1.0,0.0,0.0,-1,39,7771.59,0.03,0.0,0.0,0.0,0.0,0,0,0.0,0.0,0,0,0.0,7771.59,1,0,0.0,7771.59,1,0,0.0,0
LGS2ORD0009108,C013591,2025-03-14 03:00:00,Male,31,Silver,TV,Remote_Area,464,CallCenter,COD,3,3,4,0,30-40,15.466666666666667,0.0,0.0,0.0,-1,-1,0.0,0.0,0.0,0.0,0.0,0.0,0,0,0.0,0.0,0,0,0.0,0.0,0,0,0.0,0.0,0,0,0.0,0
LGS2ORD0009109,C016585,2025-03-14 03:00:00,Male,49,Bronze,Lazada,Songkhla,990,TV_Show,PromptPay,3,3,4,0,40-50,33.0,0.0,0.0,0.0,-1,-1,0.0,0.0,0.0,0.0,0.0,0.0,0,0,0.0,0.0,0,0,0.0,0.0,0,0,0.0,0.0,0,0,0.0,1
LGS2ORD0009110,C016638,2025-03-14 03:00:00,Male,46,Silver,CallCenter,Phuket,200,Web,PromptPay,3,3,4,0,40-50,6.666666666666667,1.0,0.0,0.0,-1,60,726.16,0.05,0.0,0.0,0.0,0.0,0,0,0.0,0.0,0,0,0.0,726.16,1,0,0.0,726.16,1,0,0.0,0
LGS2ORD0009111,C010146,2025-03-14 03:00:00,Male,41,Gold,Shopee,Bangkok,727,TV_Show,COD,3,3,4,0,40-50,24.233333333333334,2.0,1.0,0.5,56,52,10027.71,0.08,1.0,0.0,0.0,0.0,0,0,0.0,0.0,0,0,0.0,20055.42,2,1,0.5,20055.42,2,1,0.5,0
LGS2ORD0009112,C012134,2025-03-14 04:00:00,Male,35,Gold,Shopee,Chonburi,733,TV_Show,Bank_Transfer,4,3,4,0,30-40,24.433333333333334,1.0,1.0,1.0,28,35,7180.14,0.2299999999999999,0.0,1.0,0.0,0.0,0,0,0.0,0.0,0,0,0.0,7180.14,1,1,1.0,7180.14,1,1,1.0,1
LGS2ORD0009113,C014043,2025-03-14 04:00:00,Female,40,Silver,Shopee,Chonburi,1515,TV_Show,PromptPay,4,3,4,0,30-40,50.5,1.0,1.0,1.0,48,56,12366.98,0.3,1.0,1.0,0.0,0.0,0,0,0.0,0.0,0,0,0.0,12366.98,1,1,1.0,12366.98,1,1,1.0,0
LGS2ORD0009114,C013343,2025-03-14 04:00:00,Female,41,Bronze,CallCenter,Chonburi,769,CallCenter,COD,4,3,4,0,40-50,25.633333333333333,2.0,1.0,0.5,7,9,1324.51,0.23,1.0,0.5,0.0,0.0,0,0,0.0,2649.02,2,1,0.5,2649.02,2,1,0.5,2649.02,2,1,0.5,1
LGS2ORD0009115,C016374,2025-03-14 04:00:00,Female,48,Platinum,Shopee,Khon Kaen,455,Web,PromptPay,4,3,4,0,40-50,15.166666666666666,1.0,0.0,0.0,-1,66,3055.32,0.35,0.0,1.0,0.0,0.0,0,0,0.0,0.0,0,0,0.0,3055.32,1,0,0.0,3055.32,1,0,0.0,0
LGS2ORD0009116,C016507,2025-03-14 04:00:00,Female,41,Bronze,TV,Chonburi,418,TV_Show,COD,4,3,4,0,40-50,13.933333333333334,3.0,3.0,1.0,14,27,981.6233333333333,0.23,0.6666666666666666,0.3333333333333333,0.0,0.0,0,0,0.0,2442.67,2,2,1.0,2944.87,3,3,1.0,2944.87,3,3,1.0,0
LGS2ORD0009117,C014517,2025-03-14 05:00:00,Female,50,Silver,CallCenter,Songkhla,99,Shopee,PromptPay,5,3,4,0,40-50,3.3,3.0,1.0,0.3333333333333333,34,41,5485.23,0.3,1.0,0.3333333333333333,0.0,0.0,0,0,0.0,0.0,0,0,0.0,16455.69,3,1,0.3333333333333333,16455.69,3,1,0.3333333333333333,0
LGS2ORD0009118,C014009,2025-03-14 05:00:00,Female,32,Bronze,Lazada,Bangkok,133,Web,COD,5,3,4,0,30-40,4.433333333333334,1.0,0.0,0.0,-1,7,1954.29,0.03,1.0,0.0,0.0,0.0,0,0,0.0,1954.29,1,0,0.0,1954.29,1,0,0.0,1954.29,1,0,0.0,0
LGS2ORD0009119,C010597,2025-03-14 05:00:00,Male,65,Bronze,Shopee,Bangkok,107,Lazada,PromptPay,5,3,4,0,>50,3.566666666666667,5.0,0.0,0.0,-1,0,11984.526000000002,0.23,0.4,0.2,0.0,3300.19,1,0,0.0,34151.47,2,0,0.0,59922.630000000005,5,0,0.0,59922.630000000005,5,0,0.0,0
LGS2ORD0009120,C016503,2025-03-14 05:00:00,Female,25,Bronze,Shopee,Remote_Area,1514,Web,COD,5,3,4,0,20-30,50.46666666666667,2.0,1.0,0.5,9,4,2279.515,0.18,0.5,0.0,0.0,3827.5,1,0,0.0,4559.03,2,1,0.5,4559.03,2,1,0.5,4559.03,2,1,0.5,1
LGS2ORD0009121,C014237,2025-03-14 05:00:00,Female,28,Silver,Web,Bangkok,1049,Lazada,COD,5,3,4,0,20-30,34.96666666666667,0.0,0.0,0.0,-1,-1,0.0,0.0,0.0,0.0,0.0,0.0,0,0,0.0,0.0,0,0,0.0,0.0,0,0,0.0,0.0,0,0,0.0,0
LGS2ORD0009122,C016894,2025-03-14 06:00:00,Other,53,Bronze,Shopee,Bangkok,1463,Web,Credit_Card,6,3,4,0,>50,48.766666666666666,4.0,0.0,0.0,-1,26,4705.65,0.18,0.5,0.0,0.0,0.0,0,0,0.0,8122.61,1,0,0.0,18822.6,4,0,0.0,18822.6,4,0,0.0,0
LGS2ORD0009123,C016485,2025-03-14 06:00:00,Male,38,Silver,Shopee,Songkhla,1328,Lazada,Credit_Card,6,3,4,0,30-40,44.266666666666666,2.0,2.0,1.0,-4,6,911.67,0.3,0.5,1.0,0.0,1412.04,1,1,1.0,1412.04,1,1,1.0,1823.34,2,2,1.0,1823.34,2,2,1.0,0
LGS2ORD0009124,C014588,2025-03-14 06:00:00,Female,29,Silver,Web,Chonburi,1381,Lazada,COD,6,3,4,0,20-30,46.03333333333333,4.0,1.0,0.25,36,6,10153.8875,0.25,0.5,0.25,0.0,32654.3,1,0,0.0,32654.3,1,0,0.0,40615.55,4,1,0.25,40615.55,4,1,0.25,0
LGS2ORD0009125,C012856,2025-03-14 06:00:00,Female,37,Bronze,Web,Nakhon Ratchasima,638,TV_Show,PromptPay,6,3,4,0,30-40,21.266666666666666,4.0,0.0,0.0,-1,20,1501.2525,0.28,0.5,0.5,0.0,0.0,0,0,0.0,2701.13,2,0,0.0,6005.01,4,0,0.0,6005.01,4,0,0.0,0
LGS2ORD0009126,C010375,2025-03-14 06:00:00,Female,51,Silver,TV,Chiang Mai,989,Shopee,PromptPay,6,3,4,0,>50,32.96666666666667,0.0,0.0,0.0,-1,-1,0.0,0.0,0.0,0.0,0.0,0.0,0,0,0.0,0.0,0,0,0.0,0.0,0,0,0.0,0.0,0,0,0.0,0
LGS2ORD0009127,C013096,2025-03-14 07:00:00,Male,30,Gold,Web,Khon Kaen,1355,Web,COD,7,3,4,0,20-30,45.166666666666664,0.0,0.0,0.0,-1,-1,0.0,0.0,0.0,0.0,0.0,0.0,0,0,0.0,0.0,0,0,0.0,0.0,0,0,0.0,0.0,0,0,0.0,0
LGS2ORD0009128,C012122,2025-03-14 07:00:00,Female,30,Platinum,Lazada,Chonburi,670,TV_Show,COD,7,3,4,0,20-30,22.333333333333332,0.0,0.0,0.0,-1,-1,0.0,0.0,0.0,0.0,0.0,0.0,0,0,0.0,0.0,0,0,0.0,0.0,0,0,0.0,0.0,0,0,0.0,0
LGS2ORD0009129,C013748,2025-03-14 07:00:00,Female,45,Silver,Web,Nakhon Ratchasima,1477,CallCenter,Credit_Card,7,3,4,0,40-50,49.233333333333334,0.0,0.0,0.0,-1,-1,0.0,0.0,0.0,0.0,0.0,0.0,0,0,0.0,0.0,0,0,0.0,0.0,0,0,0.0,0.0,0,0,0.0,0
LGS2ORD0009130,C010440,2025-03-14 07:00:00,Male,36,Gold,Shopee,Chiang Mai,665,Shopee,Credit_Card,7,3,4,0,30-40,22.166666666666668,2.0,0.0,0.0,-1,3,4393.015,0.18,0.5,0.0,0.0,762.07,1,0,0.0,8786.03,2,0,0.0,8786.03,2,0,0.0,8786.03,2,0,0.0,0
LGS2ORD0009131,C010362,2025-03-14 07:00:00,Male,45,Bronze,Shopee,Remote_Area,719,TV_Show,PromptPay,7,3,4,0,40-50,23.966666666666665,3.0,0.0,0.0,-1,6,2999.736666666666,0.23,1.0,0.3333333333333333,0.0,2134.95,1,0,0.0,3550.1499999999996,2,0,0.0,8999.21,3,0,0.0,8999.21,3,0,0.0,1
LGS2ORD0009132,C016147,2025-03-14 07:00:00,Female,61,Bronze,TV,Bangkok,738,CallCenter,PromptPay,7,3,4,0,>50,24.6,0.0,0.0,0.0,-1,-1,0.0,0.0,0.0,0.0,0.0,0.0,0,0,0.0,0.0,0,0,0.0,0.0,0,0,0.0,0.0,0,0,0.0,0
LGS2ORD0009133,C016783,2025-03-14 08:00:00,Female,36,Bronze,Shopee,Bangkok,565,Web,COD,8,3,4,0,30-40,18.833333333333332,0.0,0.0,0.0,-1,-1,0.0,0.0,0.0,0.0,0.0,0.0,0,0,0.0,0.0,0,0,0.0,0.0,0,0,0.0,0.0,0,0,0.0,0
LGS2ORD0009134,C011629,2025-03-14 08:00:00,Male,52,Gold,CallCenter,Songkhla,1209,Lazada,COD,8,3,4,0,>50,40.3,3.0,1.0,0.3333333333333333,3,10,1914.8666666666668,0.33,1.0,0.6666666666666666,0.0,0.0,0,0,0.0,808.44,1,1,1.0,5744.6,3,1,0.3333333333333333,5744.6,3,1,0.3333333333333333,0
LGS2ORD0009135,C016377,2025-03-14 08:00:00,Female,52,Silver,Web,Chiang Mai,218,Web,COD,8,3,4,0,>50,7.266666666666667,0.0,0.0,0.0,-1,-1,0.0,0.0,0.0,0.0,0.0,0.0,0,0,0.0,0.0,0,0,0.0,0.0,0,0,0.0,0.0,0,0,0.0,0
LGS2ORD0009136,C011208,2025-03-14 08:00:00,Female,56,Bronze,TV,Chonburi,285,CallCenter,COD,8,3,4,0,>50,9.5,2.0,0.0,0.0,-1,21,23307.28,0.08,0.5,0.0,0.0,0.0,0,0,0.0,46614.56,2,0,0.0,46614.56,2,0,0.0,46614.56,2,0,0.0,0
LGS2ORD0009137,C012679,2025-03-14 08:00:00,Male,46,Silver,Lazada,Khon Kaen,1298,Lazada,COD,8,3,4,0,40-50,43.266666666666666,2.0,0.0,0.0,-1,30,7910.085,0.25,0.5,0.5,0.0,0.0,0,0,0.0,0.0,0,0,0.0,15820.17,2,0,0.0,15820.17,2,0,0.0,0
LGS2ORD0009138,C011909,2025-03-14 09:00:00,Female,39,Bronze,Shopee,Bangkok,1521,Shopee,COD,9,3,4,0,30-40,50.7,1.0,0.0,0.0,-1,67,1935.84,0.08,0.0,0.0,0.0,0.0,0,0,0.0,0.0,0,0,0.0,1935.84,1,0,0.0,1935.84,1,0,0.0,1
LGS2ORD0009139,C012909,2025-03-14 09:00:00,Male,41,Bronze,Shopee,Nakhon Ratchasima,1330,CallCenter,COD,9,3,4,0,40-50,44.333333333333336,0.0,0.0,0.0,-1,-1,0.0,0.0,0.0,0.0,0.0,0.0,0,0,0.0,0.0,0,0,0.0,0.0,0,0,0.0,0.0,0,0,0.0,0
LGS2ORD0009140,C015312,2025-03-14 09:00:00,Male,35,Bronze,Web,Bangkok,981,Web,COD,9,3,4,0,30-40,32.7,2.0,1.0,0.5,25,30,2112.17,0.18,0.5,0.0,0.0,0.0,0,0,0.0,0.0,0,0,0.0,4224.34,2,1,0.5,4224.34,2,1,0.5,1
LGS2ORD0009141,C016898,2025-03-14 09:00:00,Female,49,Bronze,Shopee,Phuket,1339,Shopee,Credit_Card,9,3,4,0,40-50,44.63333333333333,4.0,1.0,0.25,33,31,12031.2125,0.23,0.25,0.25,0.0,0.0,0,0,0.0,0.0,0,0,0.0,48124.85,4,1,0.25,48124.85,4,1,0.25,0
LGS2ORD0009142,C010705,2025-03-14 09:00:00,Female,35,Silver,Lazada,Chiang Mai,880,Web,Bank_Transfer,9,3,4,0,30-40,29.333333333333332,0.0,0.0,0.0,-1,-1,0.0,0.0,0.0,0.0,0.0,0.0,0,0,0.0,0.0,0,0,0.0,0.0,0,0,0.0,0.0,0,0,0.0,0
LGS2ORD0009143,C017040,2025-03-14 10:00:00,Female,28,Platinum,CallCenter,Bangkok,1125,TV_Show,Credit_Card,10,3,4,0,20-30,37.5,4.0,1.0,0.25,49,3,2386.8525,0.35,0.5,0.75,0.0,5858.92,1,0,0.0,5858.92,1,0,0.0,9547.41,4,1,0.25,9547.41,4,1,0.25,0
LGS2ORD0009144,C010488,2025-03-14 10:00:00,Female,51,Silver,Web,Songkhla,281,Shopee,COD,10,3,4,0,>50,9.366666666666667,1.0,1.0,1.0,15,28,4477.42,0.1,1.0,0.0,0.0,0.0,0,0,0.0,4477.42,1,1,1.0,4477.42,1,1,1.0,4477.42,1,1,1.0,0
LGS2ORD0009145,C017720,2025-03-14 10:00:00,Female,39,Silver,Lazada,Bangkok,889,Lazada,PromptPay,10,3,4,0,30-40,29.633333333333333,3.0,0.0,0.0,-1,26,1529.4499999999998,0.3,0.0,0.6666666666666666,0.0,0.0,0,0,0.0,2040.03,1,0,0.0,4588.349999999999,3,0,0.0,4588.349999999999,3,0,0.0,1
LGS2ORD0009146,C016698,2025-03-14 10:00:00,Female,56,Silver,CallCenter,Khon Kaen,1501,Shopee,PromptPay,10,3,4,0,>50,50.03333333333333,0.0,0.0,0.0,-1,-1,0.0,0.0,0.0,0.0,0.0,0.0,0,0,0.0,0.0,0,0,0.0,0.0,0,0,0.0,0.0,0,0,0.0,0
LGS2ORD0009147,C016285,2025-03-14 10:00:00,Male,71,Bronze,Shopee,Bangkok,1424,CallCenter,PromptPay,10,3,4,0,>50,47.46666666666667,2.0,1.0,0.5,42,42,12305.79,0.18,1.0,0.0,0.0,0.0,0,0,0.0,0.0,0,0,0.0,24611.58,2,1,0.5,24611.58,2,1,0.5,0
LGS2ORD0009148,C011016,2025-03-14 11:00:00,Male,47,Bronze,CallCenter,Bangkok,1269,TV_Show,COD,11,3,4,0,40-50,42.3,0.0,0.0,0.0,-1,-1,0.0,0.0,0.0,0.0,0.0,0.0,0,0,0.0,0.0,0,0,0.0,0.0,0,0,0.0,0.0,0,0,0.0,0
LGS2ORD0009149,C015062,2025-03-14 11:00:00,Female,34,Silver,TV,Nakhon Ratchasima,916,Shopee,PromptPay,11,3,4,0,30-40,30.533333333333335,2.0,2.0,1.0,36,42,5389.275000000001,0.2,1.0,0.0,0.0,0.0,0,0,0.0,0.0,0,0,0.0,10778.550000000001,2,2,1.0,10778.550000000001,2,2,1.0,0
LGS2ORD0009150,C014431,2025-03-14 11:00:00,Female,52,Bronze,TV,Khon Kaen,686,Lazada,PromptPay,11,3,4,0,>50,22.866666666666667,3.0,1.0,0.3333333333333333,14,17,2000.9233333333334,0.18,1.0,0.0,0.0,0.0,0,0,0.0,4603.23,2,1,0.5,6002.77,3,1,0.3333333333333333,6002.77,3,1,0.3333333333333333,0
LGS2ORD0009151,C014966,2025-03-14 11:00:00,Female,54,Platinum,Shopee,Chiang Mai,757,Lazada,PromptPay,11,3,4,0,>50,25.233333333333334,1.0,0.0,0.0,-1,61,1310.37,0.1,0.0,0.0,0.0,0.0,0,0,0.0,0.0,0,0,0.0,1310.37,1,0,0.0,1310.37,1,0,0.0,0
LGS2ORD0009152,C016565,2025-03-14 11:00:00,Male,49,Bronze,TV,Phuket,254,Web,PromptPay,11,3,4,0,40-50,8.466666666666667,1.0,0.0,0.0,-1,13,1311.76,0.13,0.0,0.0,0.0,0.0,0,0,0.0,1311.76,1,0,0.0,1311.76,1,0,0.0,1311.76,1,0,0.0,0
LGS2ORD0009153,C011839,2025-03-14 11:00:00,Female,52,Silver,TV,Chonburi,523,TV_Show,PromptPay,11,3,4,0,>50,17.433333333333334,1.0,0.0,0.0,-1,1,1957.08,0.05,0.0,0.0,0.0,1957.08,1,0,0.0,1957.08,1,0,0.0,1957.08,1,0,0.0,1957.08,1,0,0.0,1
LGS2ORD0009154,C017992,2025-03-14 12:00:00,Male,67,Bronze,Web,Songkhla,1264,Lazada,COD,12,3,4,0,>50,42.13333333333333,5.0,2.0,0.4,10,15,3244.4479999999994,0.23,0.6,0.4,0.0,0.0,0,0,0.0,16026.119999999999,4,2,0.5,16222.239999999998,5,2,0.4,16222.239999999998,5,2,0.4,1
LGS2ORD0009155,C014353,2025-03-14 12:00:00,Male,41,Silver,TV,Songkhla,667,CallCenter,COD,12,3,4,0,40-50,22.233333333333334,1.0,0.0,0.0,-1,24,4916.66,0.1,1.0,0.0,0.0,0.0,0,0,0.0,4916.66,1,0,0.0,4916.66,1,0,0.0,4916.66,1,0,0.0,1
LGS2ORD0009156,C013652,2025-03-14 12:00:00,Other,34,Silver,Web,Chonburi,699,Lazada,COD,12,3,4,0,30-40,23.3,2.0,1.0,0.5,48,25,10224.565,0.2,1.0,0.0,0.0,0.0,0,0,0.0,18632.98,1,0,0.0,20449.13,2,1,0.5,20449.13,2,1,0.5,0
LGS2ORD0009157,C013898,2025-03-14 12:00:00,Female,32,Bronze,Shopee,Chonburi,216,Shopee,Credit_Card,12,3,4,0,30-40,7.2,0.0,0.0,0.0,-1,-1,0.0,0.0,0.0,0.0,0.0,0.0,0,0,0.0,0.0,0,0,0.0,0.0,0,0,0.0,0.0,0,0,0.0,1
LGS2ORD0009158,C017422,2025-03-14 12:00:00,Male,44,Bronze,CallCenter,Bangkok,656,Lazada,PromptPay,12,3,4,0,40-50,21.866666666666667,1.0,0.0,0.0,-1,48,2031.07,0.18,0.0,0.0,0.0,0.0,0,0,0.0,0.0,0,0,0.0,2031.07,1,0,0.0,2031.07,1,0,0.0,0
LGS2ORD0009159,C013617,2025-03-14 13:00:00,Female,56,Bronze,TV,Phuket,558,Web,COD,13,3,4,0,>50,18.6,1.0,1.0,1.0,62,71,3058.95,0.23,1.0,1.0,0.0,0.0,0,0,0.0,0.0,0,0,0.0,3058.95,1,1,1.0,3058.95,1,1,1.0,0
LGS2ORD0009160,C012522,2025-03-14 13:00:00,Male,39,Bronze,TV,Songkhla,1383,Web,Bank_Transfer,13,3,4,0,30-40,46.1,1.0,0.0,0.0,-1,50,12465.44,0.13,0.0,0.0,0.0,0.0,0,0,0.0,0.0,0,0,0.0,12465.44,1,0,0.0,12465.44,1,0,0.0,0
LGS2ORD0009161,C016689,2025-03-14 13:00:00,Female,42,Silver,TV,Chiang Mai,1497,Shopee,COD,13,3,4,0,40-50,49.9,0.0,0.0,0.0,-1,-1,0.0,0.0,0.0,0.0,0.0,0.0,0,0,0.0,0.0,0,0,0.0,0.0,0,0,0.0,0.0,0,0,0.0,0
LGS2ORD0009162,C012493,2025-03-14 13:00:00,Other,56,Bronze,Shopee,Chiang Mai,885,CallCenter,COD,13,3,4,0,>50,29.5,2.0,1.0,0.5,24,28,1737.05,0.23,1.0,0.5,0.0,0.0,0,0,0.0,2374.5,1,1,1.0,3474.1,2,1,0.5,3474.1,2,1,0.5,0
LGS2ORD0009163,C012630,2025-03-14 13:00:00,Male,54,Platinum,Web,Chonburi,149,Web,COD,13,3,4,0,>50,4.966666666666667,0.0,0.0,0.0,-1,-1,0.0,0.0,0.0,0.0,0.0,0.0,0,0,0.0,0.0,0,0,0.0,0.0,0,0,0.0,0.0,0,0,0.0,1
LGS2ORD0009164,C017922,2025-03-14 14:00:00,Male,42,Bronze,CallCenter,Khon Kaen,924,Shopee,COD,14,3,4,0,40-50,30.8,1.0,1.0,1.0,44,50,1406.79,0.18,0.0,0.0,0.0,0.0,0,0,0.0,0.0,0,0,0.0,1406.79,1,1,1.0,1406.79,1,1,1.0,0
LGS2ORD0009165,C014715,2025-03-14 14:00:00,Male,22,Bronze,Shopee,Songkhla,483,Web,Credit_Card,14,3,4,0,20-30,16.1,0.0,0.0,0.0,-1,-1,0.0,0.0,0.0,0.0,0.0,0.0,0,0,0.0,0.0,0,0,0.0,0.0,0,0,0.0,0.0,0,0,0.0,1
LGS2ORD0009166,C014449,2025-03-14 14:00:00,Male,32,Silver,TV,Khon Kaen,556,TV_Show,COD,14,3,4,0,30-40,18.533333333333335,2.0,0.0,0.0,-1,11,5344.72,0.2,0.5,0.0,0.0,0.0,0,0,0.0,10689.44,2,0,0.0,10689.44,2,0,0.0,10689.44,2,0,0.0,0
LGS2ORD0009167,C014745,2025-03-14 14:00:00,Female,30,Silver,TV,Chiang Mai,1196,Shopee,COD,14,3,4,0,20-30,39.86666666666667,1.0,1.0,1.0,35,49,4785.67,0.25,1.0,1.0,0.0,0.0,0,0,0.0,0.0,0,0,0.0,4785.67,1,1,1.0,4785.67,1,1,1.0,0
LGS2ORD0009168,C016767,2025-03-14 14:00:00,Female,54,Bronze,TV,Remote_Area,155,TV_Show,PromptPay,14,3,4,0,>50,5.166666666666667,2.0,1.0,0.5,-7,2,5130.96,0.18,0.0,0.0,0.0,5815.81,1,1,1.0,5815.81,1,1,1.0,10261.92,2,1,0.5,10261.92,2,1,0.5,1
LGS2ORD0009169,C012560,2025-03-14 15:00:00,Female,37,Silver,Web,Phuket,342,Web,COD,15,3,4,0,30-40,11.4,1.0,0.0,0.0,-1,61,7095.3,0.15,1.0,0.0,0.0,0.0,0,0,0.0,0.0,0,0,0.0,7095.3,1,0,0.0,7095.3,1,0,0.0,1
LGS2ORD0009170,C012128,2025-03-14 15:00:00,Female,68,Gold,Lazada,Chiang Mai,1171,Web,PromptPay,15,3,4,0,>50,39.03333333333333,0.0,0.0,0.0,-1,-1,0.0,0.0,0.0,0.0,0.0,0.0,0,0,0.0,0.0,0,0,0.0,0.0,0,0,0.0,0.0,0,0,0.0,1
LGS2ORD0009171,C015483,2025-03-14 15:00:00,Female,36,Bronze,CallCenter,Bangkok,1256,Shopee,COD,15,3,4,0,30-40,41.86666666666667,2.0,0.0,0.0,-1,33,5088.165,0.18,1.0,0.0,0.0,0.0,0,0,0.0,0.0,0,0,0.0,10176.33,2,0,0.0,10176.33,2,0,0.0,0
LGS2ORD0009172,C014802,2025-03-14 15:00:00,Female,39,Silver,Web,Phuket,537,Lazada,PromptPay,15,3,4,0,30-40,17.9,1.0,0.0,0.0,-1,37,5253.74,0.05,0.0,0.0,0.0,0.0,0,0,0.0,0.0,0,0,0.0,5253.74,1,0,0.0,5253.74,1,0,0.0,0
LGS2ORD0009173,C011116,2025-03-14 15:00:00,Female,36,Bronze,Lazada,Bangkok,261,Shopee,COD,15,3,4,0,30-40,8.7,1.0,0.0,0.0,-1,16,5572.48,0.03,0.0,0.0,0.0,0.0,0,0,0.0,5572.48,1,0,0.0,5572.48,1,0,0.0,5572.48,1,0,0.0,0
LGS2ORD0009174,C014822,2025-03-14 15:00:00,Male,33,Bronze,Lazada,Bangkok,203,CallCenter,COD,15,3,4,0,30-40,6.766666666666667,3.0,1.0,0.3333333333333333,31,26,3402.943333333333,0.18,0.6666666666666666,0.0,0.0,0.0,0,0,0.0,2138.22,1,0,0.0,10208.83,3,1,0.3333333333333333,10208.83,3,1,0.3333333333333333,0
LGS2ORD0009175,C010272,2025-03-14 16:00:00,Female,34,Gold,TV,Songkhla,1072,TV_Show,PromptPay,16,3,4,0,30-40,35.733333333333334,0.0,0.0,0.0,-1,-1,0.0,0.0,0.0,0.0,0.0,0.0,0,0,0.0,0.0,0,0,0.0,0.0,0,0,0.0,0.0,0,0,0.0,0
LGS2ORD0009176,C015989,2025-03-14 16:00:00,Female,42,Bronze,Shopee,Chonburi,608,Web,COD,16,3,4,0,40-50,20.266666666666666,1.0,0.0,0.0,-1,24,1317.26,0.28,0.0,1.0,0.0,0.0,0,0,0.0,1317.26,1,0,0.0,1317.26,1,0,0.0,1317.26,1,0,0.0,0
LGS2ORD0009177,C015601,2025-03-14 16:00:00,Female,61,Bronze,TV,Bangkok,1384,CallCenter,COD,16,3,4,0,>50,46.13333333333333,1.0,0.0,0.0,-1,11,19970.85,0.13,1.0,0.0,0.0,0.0,0,0,0.0,19970.85,1,0,0.0,19970.85,1,0,0.0,19970.85,1,0,0.0,0
LGS2ORD0009178,C011268,2025-03-14 16:00:00,Female,43,Gold,Lazada,Khon Kaen,1420,Shopee,COD,16,3,4,0,40-50,47.333333333333336,2.0,0.0,0.0,-1,29,2301.81,0.2299999999999999,0.0,1.0,0.0,0.0,0,0,0.0,2607.4,1,0,0.0,4603.62,2,0,0.0,4603.62,2,0,0.0,0
LGS2ORD0009179,C014879,2025-03-14 16:00:00,Male,26,Gold,Shopee,Bangkok,742,Web,Credit_Card,16,3,4,0,20-30,24.733333333333334,1.0,0.0,0.0,-1,47,2236.86,0.2299999999999999,0.0,1.0,0.0,0.0,0,0,0.0,0.0,0,0,0.0,2236.86,1,0,0.0,2236.86,1,0,0.0,0
LGS2ORD0009180,C016747,2025-03-14 17:00:00,Female,26,Bronze,TV,Bangkok,1495,TV_Show,Credit_Card,17,3,4,0,20-30,49.833333333333336,0.0,0.0,0.0,-1,-1,0.0,0.0,0.0,0.0,0.0,0.0,0,0,0.0,0.0,0,0,0.0,0.0,0,0,0.0,0.0,0,0,0.0,1
LGS2ORD0009181,C010961,2025-03-14 17:00:00,Female,50,Platinum,Shopee,Bangkok,1333,Shopee,Credit_Card,17,3,4,0,40-50,44.43333333333333,0.0,0.0,0.0,-1,-1,0.0,0.0,0.0,0.0,0.0,0.0,0,0,0.0,0.0,0,0,0.0,0.0,0,0,0.0,0.0,0,0,0.0,0
LGS2ORD0009182,C016820,2025-03-14 17:00:00,Female,38,Silver,Shopee,Phuket,934,TV_Show,COD,17,3,4,0,30-40,31.133333333333333,2.0,1.0,0.5,31,38,2568.19,0.25,0.5,0.5,0.0,0.0,0,0,0.0,0.0,0,0,0.0,5136.38,2,1,0.5,5136.38,2,1,0.5,0
LGS2ORD0009183,C014626,2025-03-14 17:00:00,Male,43,Bronze,Shopee,Khon Kaen,949,Shopee,Credit_Card,17,3,4,0,40-50,31.633333333333333,3.0,2.0,0.6666666666666666,-7,3,6351.14,0.23,0.0,0.6666666666666666,0.0,17368.57,2,1,0.5,17368.57,2,1,0.5,19053.420000000002,3,2,0.6666666666666666,19053.420000000002,3,2,0.6666666666666666,0
LGS2ORD0009184,C014173,2025-03-14 17:00:00,Female,57,Silver,CallCenter,Khon Kaen,1031,Web,COD,17,3,4,0,>50,34.36666666666667,3.0,0.0,0.0,-1,4,4176.5233333333335,0.2,1.0,0.0,0.0,1984.36,1,0,0.0,3192.2799999999997,2,0,0.0,12529.570000000002,3,0,0.0,12529.570000000002,3,0,0.0,0
LGS2ORD0009185,C012422,2025-03-14 18:00:00,Female,43,Silver,TV,Chiang Mai,1196,Web,COD,18,3,4,0,40-50,39.86666666666667,1.0,1.0,1.0,65,70,587.96,0.3,1.0,1.0,0.0,0.0,0,0,0.0,0.0,0,0,0.0,587.96,1,1,1.0,587.96,1,1,1.0,0
LGS2ORD0009186,C014744,2025-03-14 18:00:00,Female,32,Platinum,TV,Chonburi,1242,CallCenter,Credit_Card,18,3,4,0,30-40,41.4,0.0,0.0,0.0,-1,-1,0.0,0.0,0.0,0.0,0.0,0.0,0,0,0.0,0.0,0,0,0.0,0.0,0,0,0.0,0.0,0,0,0.0,0
LGS2ORD0009187,C012990,2025-03-14 18:00:00,Male,64,Bronze,CallCenter,Khon Kaen,550,TV_Show,COD,18,3,4,0,>50,18.333333333333332,3.0,0.0,0.0,-1,47,8121.383333333332,0.23,0.3333333333333333,0.3333333333333333,0.0,0.0,0,0,0.0,0.0,0,0,0.0,24364.149999999998,3,0,0.0,24364.149999999998,3,0,0.0,0
LGS2ORD0009188,C016029,2025-03-14 18:00:00,Male,43,Silver,Shopee,Khon Kaen,465,TV_Show,COD,18,3,4,0,40-50,15.5,2.0,1.0,0.5,12,20,2726.9500000000003,0.2,1.0,0.0,0.0,0.0,0,0,0.0,826.05,1,0,0.0,5453.900000000001,2,1,0.5,5453.900000000001,2,1,0.5,0
LGS2ORD0009189,C011931,2025-03-14 18:00:00,Other,45,Silver,Web,Bangkok,1452,Web,Credit_Card,18,3,4,0,40-50,48.4,3.0,0.0,0.0,-1,25,4888.433333333333,0.25,0.6666666666666666,0.6666666666666666,0.0,0.0,0,0,0.0,6774.49,1,0,0.0,14665.3,3,0,0.0,14665.3,3,0,0.0,1
LGS2ORD0009190,C015751,2025-03-14 18:00:00,Male,51,Silver,TV,Remote_Area,217,Shopee,COD,18,3,4,0,>50,7.233333333333333,1.0,0.0,0.0,-1,10,855.57,0.25,1.0,1.0,0.0,0.0,0,0,0.0,855.57,1,0,0.0,855.57,1,0,0.0,855.57,1,0,0.0,1
LGS2ORD0009191,C017537,2025-03-14 19:00:00,Male,21,Bronze,TV,Khon Kaen,1318,Shopee,COD,19,3,4,0,20-30,43.93333333333333,1.0,0.0,0.0,-1,38,4107.53,0.23,0.0,1.0,0.0,0.0,0,0,0.0,0.0,0,0,0.0,4107.53,1,0,0.0,4107.53,1,0,0.0,1
LGS2ORD0009192,C010370,2025-03-14 19:00:00,Female,36,Bronze,CallCenter,Nakhon Ratchasima,1248,CallCenter,PromptPay,19,3,4,0,30-40,41.6,0.0,0.0,0.0,-1,-1,0.0,0.0,0.0,0.0,0.0,0.0,0,0,0.0,0.0,0,0,0.0,0.0,0,0,0.0,0.0,0,0,0.0,0
LGS2ORD0009193,C012829,2025-03-14 19:00:00,Female,72,Silver,TV,Bangkok,903,Lazada,PromptPay,19,3,4,0,>50,30.1,4.0,1.0,0.25,27,3,5493.705,0.25,0.5,0.25,0.0,15867.27,1,0,0.0,15867.27,1,0,0.0,21974.82,4,1,0.25,21974.82,4,1,0.25,0
LGS2ORD0009194,C017506,2025-03-14 19:00:00,Other,40,Silver,CallCenter,Bangkok,384,TV_Show,COD,19,3,4,0,30-40,12.8,1.0,0.0,0.0,-1,45,1336.1,0.15,0.0,0.0,0.0,0.0,0,0,0.0,0.0,0,0,0.0,1336.1,1,0,0.0,1336.1,1,0,0.0,0
LGS2ORD0009195,C016077,2025-03-14 19:00:00,Male,40,Bronze,Web,Bangkok,214,Lazada,Bank_Transfer,19,3,4,0,30-40,7.133333333333334,2.0,1.0,0.5,4,20,9548.675,0.23,0.5,0.5,0.0,0.0,0,0,0.0,19097.35,2,1,0.5,19097.35,2,1,0.5,19097.35,2,1,0.5,1
LGS2ORD0009196,C017171,2025-03-14 20:00:00,Female,32,Silver,Shopee,Songkhla,548,Shopee,PromptPay,20,3,4,0,30-40,18.266666666666666,1.0,1.0,1.0,24,30,20317.22,0.25,1.0,1.0,0.0,0.0,0,0,0.0,0.0,0,0,0.0,20317.22,1,1,1.0,20317.22,1,1,1.0,0
LGS2ORD0009197,C017311,2025-03-14 20:00:00,Female,36,Silver,Web,Chiang Mai,1011,CallCenter,Bank_Transfer,20,3,4,0,30-40,33.7,1.0,1.0,1.0,5,12,1318.53,0.2,1.0,0.0,0.0,0.0,0,0,0.0,1318.53,1,1,1.0,1318.53,1,1,1.0,1318.53,1,1,1.0,1
LGS2ORD0009198,C015572,2025-03-14 20:00:00,Male,23,Bronze,Web,Songkhla,115,TV_Show,COD,20,3,4,0,20-30,3.8333333333333335,0.0,0.0,0.0,-1,-1,0.0,0.0,0.0,0.0,0.0,0.0,0,0,0.0,0.0,0,0,0.0,0.0,0,0,0.0,0.0,0,0,0.0,0
LGS2ORD0009199,C010522,2025-03-14 20:00:00,Male,29,Bronze,TV,Chonburi,566,CallCenter,PromptPay,20,3,4,0,20-30,18.866666666666667,1.0,0.0,0.0,-1,39,964.89,0.03,0.0,0.0,0.0,0.0,0,0,0.0,0.0,0,0,0.0,964.89,1,0,0.0,964.89,1,0,0.0,0
LGS2ORD0009200,C010709,2025-03-14 20:00:00,Female,41,Bronze,CallCenter,Remote_Area,619,CallCenter,Credit_Card,20,3,4,0,40-50,20.633333333333333,1.0,1.0,1.0,43,47,6547.3,0.23,0.0,1.0,0.0,0.0,0,0,0.0,0.0,0,0,0.0,6547.3,1,1,1.0,6547.3,1,1,1.0,0
LGS2ORD0009201,C016372,2025-03-14 21:00:00,Female,57,Gold,CallCenter,Bangkok,396,Lazada,COD,21,3,4,0,>50,13.2,0.0,0.0,0.0,-1,-1,0.0,0.0,0.0,0.0,0.0,0.0,0,0,0.0,0.0,0,0,0.0,0.0,0,0,0.0,0.0,0,0,0.0,1
LGS2ORD0009202,C010523,2025-03-14 21:00:00,Female,25,Silver,Web,Phuket,1087,TV_Show,Bank_Transfer,21,3,4,0,20-30,36.233333333333334,0.0,0.0,0.0,-1,-1,0.0,0.0,0.0,0.0,0.0,0.0,0,0,0.0,0.0,0,0,0.0,0.0,0,0,0.0,0.0,0,0,0.0,0
LGS2ORD0009203,C017006,2025-03-14 21:00:00,Female,51,Bronze,TV,Remote_Area,1052,CallCenter,Credit_Card,21,3,4,0,>50,35.06666666666667,2.0,0.0,0.0,-1,42,3486.145,0.13,0.0,0.0,0.0,0.0,0,0,0.0,0.0,0,0,0.0,6972.29,2,0,0.0,6972.29,2,0,0.0,0
LGS2ORD0009204,C010618,2025-03-14 21:00:00,Other,45,Bronze,Shopee,Nakhon Ratchasima,1004,TV_Show,Credit_Card,21,3,4,0,40-50,33.46666666666667,0.0,0.0,0.0,-1,-1,0.0,0.0,0.0,0.0,0.0,0.0,0,0,0.0,0.0,0,0,0.0,0.0,0,0,0.0,0.0,0,0,0.0,0
LGS2ORD0009205,C013624,2025-03-14 21:00:00,Female,42,Bronze,CallCenter,Remote_Area,405,Lazada,Bank_Transfer,21,3,4,0,40-50,13.5,2.0,1.0,0.5,46,57,2901.445,0.23,1.0,0.5,0.0,0.0,0,0,0.0,0.0,0,0,0.0,5802.89,2,1,0.5,5802.89,2,1,0.5,1
LGS2ORD0009206,C012327,2025-03-14 22:00:00,Male,39,Bronze,Shopee,Nakhon Ratchasima,1353,Shopee,COD,22,3,4,0,30-40,45.1,0.0,0.0,0.0,-1,-1,0.0,0.0,0.0,0.0,0.0,0.0,0,0,0.0,0.0,0,0,0.0,0.0,0,0,0.0,0.0,0,0,0.0,0
LGS2ORD0009207,C016062,2025-03-14 22:00:00,Female,37,Bronze,Web,Songkhla,1465,Web,COD,22,3,4,0,30-40,48.833333333333336,4.0,2.0,0.5,-3,10,1626.68,0.28,0.75,0.75,0.0,0.0,0,0,0.0,2435.2,2,1,0.5,6506.72,4,2,0.5,6506.72,4,2,0.5,1
LGS2ORD0009208,C014351,2025-03-14 22:00:00,Male,30,Gold,Shopee,Phuket,792,TV_Show,COD,22,3,4,0,20-30,26.4,1.0,0.0,0.0,-1,69,3733.61,0.08,0.0,0.0,0.0,0.0,0,0,0.0,0.0,0,0,0.0,3733.61,1,0,0.0,3733.61,1,0,0.0,0
LGS2ORD0009209,C014936,2025-03-14 22:00:00,Female,32,Silver,CallCenter,Nakhon Ratchasima,1358,TV_Show,COD,22,3,4,0,30-40,45.266666666666666,0.0,0.0,0.0,-1,-1,0.0,0.0,0.0,0.0,0.0,0.0,0,0,0.0,0.0,0,0,0.0,0.0,0,0,0.0,0.0,0,0,0.0,0
LGS2ORD0009210,C010857,2025-03-14 22:00:00,Female,28,Bronze,Shopee,Chiang Mai,408,Shopee,Credit_Card,22,3,4,0,20-30,13.6,1.0,0.0,0.0,-1,46,1491.1,0.28,1.0,1.0,0.0,0.0,0,0,0.0,0.0,0,0,0.0,1491.1,1,0,0.0,1491.1,1,0,0.0,0
LGS2ORD0009211,C013056,2025-03-14 22:00:00,Female,35,Platinum,Web,Songkhla,1488,Shopee,PromptPay,22,3,4,0,30-40,49.6,0.0,0.0,0.0,-1,-1,0.0,0.0,0.0,0.0,0.0,0.0,0,0,0.0,0.0,0,0,0.0,0.0,0,0,0.0,0.0,0,0,0.0,0
LGS2ORD0009212,C012135,2025-03-14 23:00:00,Female,60,Silver,Web,Bangkok,694,TV_Show,COD,23,3,4,0,>50,23.133333333333333,0.0,0.0,0.0,-1,-1,0.0,0.0,0.0,0.0,0.0,0.0,0,0,0.0,0.0,0,0,0.0,0.0,0,0,0.0,0.0,0,0,0.0,1
LGS2ORD0009213,C017417,2025-03-14 23:00:00,Female,41,Bronze,TV,Remote_Area,1244,TV_Show,Credit_Card,23,3,4,0,40-50,41.46666666666667,0.0,0.0,0.0,-1,-1,0.0,0.0,0.0,0.0,0.0,0.0,0,0,0.0,0.0,0,0,0.0,0.0,0,0,0.0,0.0,0,0,0.0,1
LGS2ORD0009214,C015754,2025-03-14 23:00:00,Female,69,Bronze,CallCenter,Songkhla,1097,Shopee,Bank_Transfer,23,3,4,0,>50,36.56666666666667,1.0,1.0,1.0,32,43,2610.8,0.18,0.0,0.0,0.0,0.0,0,0,0.0,0.0,0,0,0.0,2610.8,1,1,1.0,2610.8,1,1,1.0,1
LGS2ORD0009215,C015102,2025-03-14 23:00:00,Female,38,Gold,TV,Nakhon Ratchasima,1101,Web,COD,23,3,4,0,30-40,36.7,1.0,0.0,0.0,-1,72,918.54,0.13,0.0,0.0,0.0,0.0,0,0,0.0,0.0,0,0,0.0,918.54,1,0,0.0,918.54,1,0,0.0,0
LGS2ORD0009216,C015661,2025-03-14 23:00:00,Female,54,Bronze,Shopee,Nakhon Ratchasima,921,Lazada,Credit_Card,23,3,4,0,>50,30.7,0.0,0.0,0.0,-1,-1,0.0,0.0,0.0,0.0,0.0,0.0,0,0,0.0,0.0,0,0,0.0,0.0,0,0,0.0,0.0,0,0,0.0,0
LGS2ORD0009217,C013276,2025-03-15 00:00:00,Female,35,Bronze,Web,Phuket,963,TV_Show,Credit_Card,0,3,5,1,30-40,32.1,1.0,0.0,0.0,-1,57,4591.18,0.03,0.0,0.0,0.0,0.0,0,0,0.0,0.0,0,0,0.0,4591.18,1,0,0.0,4591.18,1,0,0.0,0
LGS2ORD0009218,C015692,2025-03-15 00:00:00,Female,40,Bronze,TV,Bangkok,987,TV_Show,Credit_Card,0,3,5,1,30-40,32.9,2.0,1.0,0.5,-1,12,1747.98,0.28,0.0,1.0,0.0,0.0,0,0,0.0,989.35,1,1,1.0,3495.96,2,1,0.5,3495.96,2,1,0.5,0
LGS2ORD0009219,C012909,2025-03-15 00:00:00,Male,41,Bronze,Shopee,Nakhon Ratchasima,1331,Shopee,COD,0,3,5,1,40-50,44.36666666666667,1.0,0.0,0.0,-1,0,6121.39,0.18,1.0,0.0,0.0,6121.39,1,0,0.0,6121.39,1,0,0.0,6121.39,1,0,0.0,6121.39,1,0,0.0,0
LGS2ORD0009220,C015217,2025-03-15 00:00:00,Other,41,Bronze,Web,Chonburi,1166,Web,PromptPay,0,3,5,1,40-50,38.86666666666667,0.0,0.0,0.0,-1,-1,0.0,0.0,0.0,0.0,0.0,0.0,0,0,0.0,0.0,0,0,0.0,0.0,0,0,0.0,0.0,0,0,0.0,0
LGS2ORD0009221,C011348,2025-03-15 00:00:00,Female,41,Platinum,Shopee,Chiang Mai,1455,TV_Show,COD,0,3,5,1,40-50,48.5,1.0,0.0,0.0,-1,52,7798.52,0.1,0.0,0.0,0.0,0.0,0,0,0.0,0.0,0,0,0.0,7798.52,1,0,0.0,7798.52,1,0,0.0,1
LGS2ORD0009222,C012936,2025-03-15 01:00:00,Female,45,Silver,Lazada,Khon Kaen,115,Shopee,COD,1,3,5,1,40-50,3.8333333333333335,0.0,0.0,0.0,-1,-1,0.0,0.0,0.0,0.0,0.0,0.0,0,0,0.0,0.0,0,0,0.0,0.0,0,0,0.0,0.0,0,0,0.0,0
LGS2ORD0009223,C017832,2025-03-15 01:00:00,Male,65,Bronze,CallCenter,Chiang Mai,1463,TV_Show,COD,1,3,5,1,>50,48.766666666666666,0.0,0.0,0.0,-1,-1,0.0,0.0,0.0,0.0,0.0,0.0,0,0,0.0,0.0,0,0,0.0,0.0,0,0,0.0,0.0,0,0,0.0,1
LGS2ORD0009224,C017627,2025-03-15 01:00:00,Male,45,Bronze,Shopee,Bangkok,87,Web,COD,1,3,5,1,40-50,2.9,2.0,1.0,0.5,45,16,6766.775000000001,0.23,0.5,0.5,0.0,0.0,0,0,0.0,668.03,1,0,0.0,13533.550000000001,2,1,0.5,13533.550000000001,2,1,0.5,0
LGS2ORD0009225,C012834,2025-03-15 01:00:00,Male,43,Bronze,TV,Bangkok,1141,Web,COD,1,3,5,1,40-50,38.03333333333333,1.0,0.0,0.0,-1,14,3914.7,0.03,0.0,0.0,0.0,0.0,0,0,0.0,3914.7,1,0,0.0,3914.7,1,0,0.0,3914.7,1,0,0.0,0
LGS2ORD0009226,C013368,2025-03-15 01:00:00,Male,54,Gold,TV,Bangkok,489,Lazada,Bank_Transfer,1,3,5,1,>50,16.3,0.0,0.0,0.0,-1,-1,0.0,0.0,0.0,0.0,0.0,0.0,0,0,0.0,0.0,0,0,0.0,0.0,0,0,0.0,0.0,0,0,0.0,0
LGS2ORD0009227,C015237,2025-03-15 02:00:00,Other,30,Bronze,Web,Khon Kaen,1078,Shopee,PromptPay,2,3,5,1,20-30,35.93333333333333,1.0,0.0,0.0,-1,17,4134.42,0.23,0.0,1.0,0.0,0.0,0,0,0.0,4134.42,1,0,0.0,4134.42,1,0,0.0,4134.42,1,0,0.0,1
LGS2ORD0009228,C014702,2025-03-15 02:00:00,Male,41,Bronze,Shopee,Bangkok,619,Shopee,PromptPay,2,3,5,1,40-50,20.633333333333333,0.0,0.0,0.0,-1,-1,0.0,0.0,0.0,0.0,0.0,0.0,0,0,0.0,0.0,0,0,0.0,0.0,0,0,0.0,0.0,0,0,0.0,0
LGS2ORD0009229,C010819,2025-03-15 02:00:00,Female,30,Silver,Shopee,Bangkok,1066,Web,COD,2,3,5,1,20-30,35.53333333333333,3.0,2.0,0.6666666666666666,5,17,3377.6266666666666,0.25,0.3333333333333333,0.3333333333333333,0.0,0.0,0,0,0.0,2018.82,1,1,1.0,10132.88,3,2,0.6666666666666666,10132.88,3,2,0.6666666666666666,0
LGS2ORD0009230,C017054,2025-03-15 02:00:00,Male,29,Bronze,Shopee,Nakhon Ratchasima,440,Shopee,COD,2,3,5,1,20-30,14.666666666666666,1.0,0.0,0.0,-1,34,1893.71,0.08,0.0,0.0,0.0,0.0,0,0,0.0,0.0,0,0,0.0,1893.71,1,0,0.0,1893.71,1,0,0.0,1
LGS2ORD0009231,C017603,2025-03-15 02:00:00,Male,42,Bronze,TV,Bangkok,383,TV_Show,COD,2,3,5,1,40-50,12.766666666666667,0.0,0.0,0.0,-1,-1,0.0,0.0,0.0,0.0,0.0,0.0,0,0,0.0,0.0,0,0,0.0,0.0,0,0,0.0,0.0,0,0,0.0,1
LGS2ORD0009232,C015519,2025-03-15 02:00:00,Female,49,Gold,Web,Remote_Area,733,Web,PromptPay,2,3,5,1,40-50,24.433333333333334,1.0,0.0,0.0,-1,58,3235.97,0.28,1.0,1.0,0.0,0.0,0,0,0.0,0.0,0,0,0.0,3235.97,1,0,0.0,3235.97,1,0,0.0,0
LGS2ORD0009233,C012930,2025-03-15 03:00:00,Female,36,Silver,Web,Nakhon Ratchasima,289,Lazada,PromptPay,3,3,5,1,30-40,9.633333333333333,0.0,0.0,0.0,-1,-1,0.0,0.0,0.0,0.0,0.0,0.0,0,0,0.0,0.0,0,0,0.0,0.0,0,0,0.0,0.0,0,0,0.0,0
LGS2ORD0009234,C010704,2025-03-15 03:00:00,Male,38,Gold,CallCenter,Bangkok,1404,Shopee,COD,3,3,5,1,30-40,46.8,1.0,0.0,0.0,-1,29,1751.8,0.13,0.0,0.0,0.0,0.0,0,0,0.0,1751.8,1,0,0.0,1751.8,1,0,0.0,1751.8,1,0,0.0,0
LGS2ORD0009235,C011971,2025-03-15 03:00:00,Female,28,Bronze,TV,Songkhla,1219,Web,Credit_Card,3,3,5,1,20-30,40.63333333333333,2.0,1.0,0.5,22,23,13657.93,0.28,0.5,0.5,0.0,0.0,0,0,0.0,23444.45,1,0,0.0,27315.86,2,1,0.5,27315.86,2,1,0.5,1
LGS2ORD0009236,C017378,2025-03-15 03:00:00,Male,36,Bronze,CallCenter,Chonburi,736,Shopee,COD,3,3,5,1,30-40,24.533333333333335,2.0,0.0,0.0,-1,30,2084.46,0.18,0.5,0.0,0.0,0.0,0,0,0.0,0.0,0,0,0.0,4168.92,2,0,0.0,4168.92,2,0,0.0,0
LGS2ORD0009237,C015852,2025-03-15 03:00:00,Male,51,Silver,CallCenter,Phuket,216,TV_Show,Credit_Card,3,3,5,1,>50,7.2,3.0,2.0,0.6666666666666666,3,13,8358.783333333333,0.3,0.6666666666666666,0.3333333333333333,0.0,0.0,0,0,0.0,11948.1,2,1,0.5,25076.35,3,2,0.6666666666666666,25076.35,3,2,0.6666666666666666,0
LGS2ORD0009238,C015209,2025-03-15 04:00:00,Female,43,Bronze,Web,Nakhon Ratchasima,1093,TV_Show,COD,4,3,5,1,40-50,36.43333333333333,2.0,1.0,0.5,51,35,15796.21,0.23,1.0,0.5,0.0,0.0,0,0,0.0,0.0,0,0,0.0,31592.42,2,1,0.5,31592.42,2,1,0.5,0
LGS2ORD0009239,C017049,2025-03-15 04:00:00,Female,42,Bronze,Web,Songkhla,1121,Lazada,COD,4,3,5,1,40-50,37.36666666666667,1.0,0.0,0.0,-1,7,5381.6,0.03,0.0,0.0,0.0,0.0,0,0,0.0,5381.6,1,0,0.0,5381.6,1,0,0.0,5381.6,1,0,0.0,0
LGS2ORD0009240,C016403,2025-03-15 04:00:00,Male,39,Silver,TV,Khon Kaen,1120,Lazada,COD,4,3,5,1,30-40,37.333333333333336,2.0,0.0,0.0,-1,34,3689.115,0.15,1.0,0.0,0.0,0.0,0,0,0.0,0.0,0,0,0.0,7378.23,2,0,0.0,7378.23,2,0,0.0,1
LGS2ORD0009241,C012289,2025-03-15 04:00:00,Male,45,Bronze,TV,Songkhla,1255,Web,Credit_Card,4,3,5,1,40-50,41.833333333333336,1.0,1.0,1.0,64,72,2015.94,0.08,1.0,0.0,0.0,0.0,0,0,0.0,0.0,0,0,0.0,2015.94,1,1,1.0,2015.94,1,1,1.0,0
LGS2ORD0009242,C016617,2025-03-15 04:00:00,Male,36,Platinum,TV,Bangkok,1228,CallCenter,COD,4,3,5,1,30-40,40.93333333333333,1.0,0.0,0.0,-1,23,4547.44,0.1,1.0,0.0,0.0,0.0,0,0,0.0,4547.44,1,0,0.0,4547.44,1,0,0.0,4547.44,1,0,0.0,0
LGS2ORD0009243,C013789,2025-03-15 05:00:00,Female,37,Silver,Lazada,Songkhla,714,Lazada,COD,5,3,5,1,30-40,23.8,2.0,2.0,1.0,-17,1,2586.165,0.25,1.0,1.0,0.0,2409.76,1,1,1.0,2409.76,1,1,1.0,5172.33,2,2,1.0,5172.33,2,2,1.0,1
LGS2ORD0009244,C015571,2025-03-15 05:00:00,Female,49,Bronze,TV,Nakhon Ratchasima,86,Shopee,COD,5,3,5,1,40-50,2.8666666666666667,1.0,0.0,0.0,-1,3,3805.67,0.08,1.0,0.0,0.0,3805.67,1,0,0.0,3805.67,1,0,0.0,3805.67,1,0,0.0,3805.67,1,0,0.0,0
LGS2ORD0009245,C014986,2025-03-15 05:00:00,Male,49,Silver,Shopee,Bangkok,573,Shopee,Credit_Card,5,3,5,1,40-50,19.1,1.0,0.0,0.0,-1,58,3233.36,0.2,0.0,0.0,0.0,0.0,0,0,0.0,0.0,0,0,0.0,3233.36,1,0,0.0,3233.36,1,0,0.0,0
LGS2ORD0009246,C017081,2025-03-15 05:00:00,Female,18,Silver,Lazada,Bangkok,1352,CallCenter,COD,5,3,5,1,<20,45.06666666666667,1.0,0.0,0.0,-1,61,584.97,0.15,0.0,0.0,0.0,0.0,0,0,0.0,0.0,0,0,0.0,584.97,1,0,0.0,584.97,1,0,0.0,0
LGS2ORD0009247,C014975,2025-03-15 05:00:00,Female,48,Platinum,Web,Chonburi,685,TV_Show,PromptPay,5,3,5,1,40-50,22.833333333333332,1.0,0.0,0.0,-1,22,10008.87,0.1,0.0,0.0,0.0,0.0,0,0,0.0,10008.87,1,0,0.0,10008.87,1,0,0.0,10008.87,1,0,0.0,0
LGS2ORD0009248,C013135,2025-03-15 06:00:00,Female,48,Platinum,Shopee,Phuket,656,Lazada,Credit_Card,6,3,5,1,40-50,21.866666666666667,1.0,0.0,0.0,-1,37,810.37,0.2,1.0,0.0,0.0,0.0,0,0,0.0,0.0,0,0,0.0,810.37,1,0,0.0,810.37,1,0,0.0,0
LGS2ORD0009249,C012584,2025-03-15 06:00:00,Male,45,Platinum,CallCenter,Songkhla,606,Web,PromptPay,6,3,5,1,40-50,20.2,3.0,1.0,0.3333333333333333,11,20,1769.0566666666666,0.25,0.3333333333333333,0.6666666666666666,0.0,0.0,0,0,0.0,5017.69,2,1,0.5,5307.17,3,1,0.3333333333333333,5307.17,3,1,0.3333333333333333,0
LGS2ORD0009250,C010105,2025-03-15 06:00:00,Female,43,Gold,Lazada,Bangkok,1322,Shopee,Bank_Transfer,6,3,5,1,40-50,44.06666666666667,2.0,1.0,0.5,29,21,22044.335000000003,0.2299999999999999,1.0,0.5,0.0,0.0,0,0,0.0,526.62,1,0,0.0,44088.670000000006,2,1,0.5,44088.670000000006,2,1,0.5,0
LGS2ORD0009251,C013365,2025-03-15 06:00:00,Male,38,Silver,Web,Bangkok,973,TV_Show,Credit_Card,6,3,5,1,30-40,32.43333333333333,2.0,2.0,1.0,22,27,2547.0699999999997,0.2,0.0,0.0,0.0,0.0,0,0,0.0,2069.42,1,1,1.0,5094.139999999999,2,2,1.0,5094.139999999999,2,2,1.0,0
LGS2ORD0009252,C016984,2025-03-15 06:00:00,Male,24,Gold,Web,Khon Kaen,820,Shopee,PromptPay,6,3,5,1,20-30,27.333333333333332,2.0,2.0,1.0,19,26,1342.6599999999999,0.33,0.5,1.0,0.0,0.0,0,0,0.0,1504.54,1,1,1.0,2685.3199999999997,2,2,1.0,2685.3199999999997,2,2,1.0,1
LGS2ORD0009253,C014414,2025-03-15 06:00:00,Male,46,Bronze,TV,Chiang Mai,1272,TV_Show,COD,6,3,5,1,40-50,42.4,2.0,0.0,0.0,-1,50,1359.12,0.08,0.5,0.0,0.0,0.0,0,0,0.0,0.0,0,0,0.0,2718.24,2,0,0.0,2718.24,2,0,0.0,1
LGS2ORD0009254,C011083,2025-03-15 07:00:00,Female,43,Gold,Web,Chonburi,437,TV_Show,Credit_Card,7,3,5,1,40-50,14.566666666666666,0.0,0.0,0.0,-1,-1,0.0,0.0,0.0,0.0,0.0,0.0,0,0,0.0,0.0,0,0,0.0,0.0,0,0,0.0,0.0,0,0,0.0,0
LGS2ORD0009255,C013952,2025-03-15 07:00:00,Female,32,Silver,Shopee,Bangkok,835,TV_Show,COD,7,3,5,1,30-40,27.833333333333332,3.0,3.0,1.0,27,37,2900.056666666667,0.2,0.6666666666666666,0.0,0.0,0.0,0,0,0.0,0.0,0,0,0.0,8700.17,3,3,1.0,8700.17,3,3,1.0,0
LGS2ORD0009256,C016575,2025-03-15 07:00:00,Male,53,Silver,Web,Khon Kaen,1138,Lazada,PromptPay,7,3,5,1,>50,37.93333333333333,1.0,0.0,0.0,-1,24,2183.29,0.05,0.0,0.0,0.0,0.0,0,0,0.0,2183.29,1,0,0.0,2183.29,1,0,0.0,2183.29,1,0,0.0,0
LGS2ORD0009257,C010686,2025-03-15 07:00:00,Male,43,Bronze,TV,Chiang Mai,1452,TV_Show,COD,7,3,5,1,40-50,48.4,0.0,0.0,0.0,-1,-1,0.0,0.0,0.0,0.0,0.0,0.0,0,0,0.0,0.0,0,0,0.0,0.0,0,0,0.0,0.0,0,0,0.0,1
LGS2ORD0009258,C014482,2025-03-15 07:00:00,Female,55,Bronze,Web,Songkhla,317,Lazada,COD,7,3,5,1,>50,10.566666666666666,4.0,1.0,0.25,-3,1,4363.2474999999995,0.28,0.75,0.5,0.0,11584.619999999999,2,1,0.5,11584.619999999999,2,1,0.5,17452.989999999998,4,1,0.25,17452.989999999998,4,1,0.25,0
LGS2ORD0009259,C015328,2025-03-15 08:00:00,Female,72,Bronze,Lazada,Chonburi,817,Lazada,COD,8,3,5,1,>50,27.233333333333334,0.0,0.0,0.0,-1,-1,0.0,0.0,0.0,0.0,0.0,0.0,0,0,0.0,0.0,0,0,0.0,0.0,0,0,0.0,0.0,0,0,0.0,1
LGS2ORD0009260,C017445,2025-03-15 08:00:00,Other,70,Platinum,Web,Chonburi,1202,CallCenter,Credit_Card,8,3,5,1,>50,40.06666666666667,0.0,0.0,0.0,-1,-1,0.0,0.0,0.0,0.0,0.0,0.0,0,0,0.0,0.0,0,0,0.0,0.0,0,0,0.0,0.0,0,0,0.0,0
LGS2ORD0009261,C014930,2025-03-15 08:00:00,Female,18,Gold,Lazada,Bangkok,246,Web,Credit_Card,8,3,5,1,<20,8.2,0.0,0.0,0.0,-1,-1,0.0,0.0,0.0,0.0,0.0,0.0,0,0,0.0,0.0,0,0,0.0,0.0,0,0,0.0,0.0,0,0,0.0,1
LGS2ORD0009262,C013901,2025-03-15 08:00:00,Female,21,Bronze,TV,Khon Kaen,1409,Web,COD,8,3,5,1,20-30,46.96666666666667,1.0,0.0,0.0,-1,44,4429.47,0.18,1.0,0.0,0.0,0.0,0,0,0.0,0.0,0,0,0.0,4429.47,1,0,0.0,4429.47,1,0,0.0,0
LGS2ORD0009263,C014137,2025-03-15 08:00:00,Female,41,Bronze,Shopee,Songkhla,791,Lazada,COD,8,3,5,1,40-50,26.366666666666667,0.0,0.0,0.0,-1,-1,0.0,0.0,0.0,0.0,0.0,0.0,0,0,0.0,0.0,0,0,0.0,0.0,0,0,0.0,0.0,0,0,0.0,0
LGS2ORD0009264,C011520,2025-03-15 09:00:00,Male,59,Bronze,Shopee,Songkhla,1314,Shopee,Bank_Transfer,9,3,5,1,>50,43.8,1.0,0.0,0.0,-1,58,4753.8,0.23,1.0,1.0,0.0,0.0,0,0,0.0,0.0,0,0,0.0,4753.8,1,0,0.0,4753.8,1,0,0.0,0
LGS2ORD0009265,C010242,2025-03-15 09:00:00,Female,72,Bronze,TV,Chonburi,379,CallCenter,COD,9,3,5,1,>50,12.633333333333333,1.0,0.0,0.0,-1,19,746.8,0.28,0.0,1.0,0.0,0.0,0,0,0.0,746.8,1,0,0.0,746.8,1,0,0.0,746.8,1,0,0.0,0
LGS2ORD0009266,C016384,2025-03-15 09:00:00,Female,30,Gold,TV,Bangkok,862,TV_Show,Bank_Transfer,9,3,5,1,20-30,28.733333333333334,0.0,0.0,0.0,-1,-1,0.0,0.0,0.0,0.0,0.0,0.0,0,0,0.0,0.0,0,0,0.0,0.0,0,0,0.0,0.0,0,0,0.0,0
LGS2ORD0009267,C011354,2025-03-15 09:00:00,Female,39,Bronze,Shopee,Remote_Area,917,TV_Show,COD,9,3,5,1,30-40,30.566666666666666,1.0,0.0,0.0,-1,68,3171.28,0.03,1.0,0.0,0.0,0.0,0,0,0.0,0.0,0,0,0.0,3171.28,1,0,0.0,3171.28,1,0,0.0,0
LGS2ORD0009268,C011785,2025-03-15 09:00:00,Male,23,Silver,Shopee,Songkhla,1487,Shopee,COD,9,3,5,1,20-30,49.56666666666667,1.0,0.0,0.0,-1,42,1159.21,0.2,1.0,0.0,0.0,0.0,0,0,0.0,0.0,0,0,0.0,1159.21,1,0,0.0,1159.21,1,0,0.0,1
LGS2ORD0009269,C016487,2025-03-15 10:00:00,Male,38,Silver,Web,Songkhla,845,Lazada,Bank_Transfer,10,3,5,1,30-40,28.166666666666668,0.0,0.0,0.0,-1,-1,0.0,0.0,0.0,0.0,0.0,0.0,0,0,0.0,0.0,0,0,0.0,0.0,0,0,0.0,0.0,0,0,0.0,0
LGS2ORD0009270,C013076,2025-03-15 10:00:00,Female,43,Bronze,CallCenter,Bangkok,250,Web,Bank_Transfer,10,3,5,1,40-50,8.333333333333334,1.0,0.0,0.0,-1,53,27508.29,0.28,1.0,1.0,0.0,0.0,0,0,0.0,0.0,0,0,0.0,27508.29,1,0,0.0,27508.29,1,0,0.0,0
LGS2ORD0009271,C016984,2025-03-15 10:00:00,Male,24,Gold,Web,Khon Kaen,820,TV_Show,Credit_Card,10,3,5,1,20-30,27.333333333333332,3.0,3.0,1.0,-11,0,2021.7233333333334,0.33,0.3333333333333333,1.0,0.0,3379.85,1,1,1.0,4884.389999999999,2,2,1.0,6065.17,3,3,1.0,6065.17,3,3,1.0,0
LGS2ORD0009272,C013190,2025-03-15 10:00:00,Female,35,Silver,TV,Bangkok,872,Web,COD,10,3,5,1,30-40,29.066666666666666,1.0,0.0,0.0,-1,37,4850.84,0.15,0.0,0.0,0.0,0.0,0,0,0.0,0.0,0,0,0.0,4850.84,1,0,0.0,4850.84,1,0,0.0,1
LGS2ORD0009273,C015550,2025-03-15 10:00:00,Female,35,Bronze,Shopee,Chiang Mai,730,TV_Show,Credit_Card,10,3,5,1,30-40,24.333333333333332,1.0,0.0,0.0,-1,4,3026.75,0.28,0.0,1.0,0.0,3026.75,1,0,0.0,3026.75,1,0,0.0,3026.75,1,0,0.0,3026.75,1,0,0.0,1
LGS2ORD0009274,C015837,2025-03-15 10:00:00,Other,62,Silver,TV,Songkhla,215,CallCenter,COD,10,3,5,1,>50,7.166666666666667,1.0,1.0,1.0,0,9,1183.04,0.05,1.0,0.0,0.0,0.0,0,0,0.0,1183.04,1,1,1.0,1183.04,1,1,1.0,1183.04,1,1,1.0,0
LGS2ORD0009275,C013148,2025-03-15 11:00:00,Female,28,Bronze,TV,Khon Kaen,178,Web,COD,11,3,5,1,20-30,5.933333333333334,1.0,0.0,0.0,-1,30,5753.72,0.03,1.0,0.0,0.0,0.0,0,0,0.0,0.0,0,0,0.0,5753.72,1,0,0.0,5753.72,1,0,0.0,0
LGS2ORD0009276,C011664,2025-03-15 11:00:00,Female,18,Gold,Web,Bangkok,1353,CallCenter,Credit_Card,11,3,5,1,<20,45.1,3.0,0.0,0.0,-1,31,4214.423333333333,0.28,0.3333333333333333,0.6666666666666666,0.0,0.0,0,0,0.0,0.0,0,0,0.0,12643.27,3,0,0.0,12643.27,3,0,0.0,0
LGS2ORD0009277,C017771,2025-03-15 11:00:00,Female,46,Bronze,CallCenter,Remote_Area,341,Web,Credit_Card,11,3,5,1,40-50,11.366666666666667,2.0,0.0,0.0,-1,35,7407.53,0.08,0.5,0.0,0.0,0.0,0,0,0.0,0.0,0,0,0.0,14815.06,2,0,0.0,14815.06,2,0,0.0,0
LGS2ORD0009278,C014417,2025-03-15 11:00:00,Male,54,Silver,Shopee,Chonburi,1210,Shopee,PromptPay,11,3,5,1,>50,40.333333333333336,2.0,0.0,0.0,-1,10,2281.27,0.25,0.0,0.5,0.0,0.0,0,0,0.0,3879.15,1,0,0.0,4562.54,2,0,0.0,4562.54,2,0,0.0,0
LGS2ORD0009279,C017357,2025-03-15 11:00:00,Male,18,Silver,Web,Phuket,154,TV_Show,Bank_Transfer,11,3,5,1,<20,5.133333333333334,2.0,0.0,0.0,-1,20,5653.535000000001,0.25,0.5,0.5,0.0,0.0,0,0,0.0,9007.54,1,0,0.0,11307.070000000002,2,0,0.0,11307.070000000002,2,0,0.0,0
LGS2ORD0009280,C011044,2025-03-15 12:00:00,Female,46,Silver,Web,Chonburi,1030,Lazada,PromptPay,12,3,5,1,40-50,34.333333333333336,0.0,0.0,0.0,-1,-1,0.0,0.0,0.0,0.0,0.0,0.0,0,0,0.0,0.0,0,0,0.0,0.0,0,0,0.0,0.0,0,0,0.0,0
LGS2ORD0009281,C017723,2025-03-15 12:00:00,Male,43,Bronze,CallCenter,Chonburi,1421,Web,COD,12,3,5,1,40-50,47.36666666666667,0.0,0.0,0.0,-1,-1,0.0,0.0,0.0,0.0,0.0,0.0,0,0,0.0,0.0,0,0,0.0,0.0,0,0,0.0,0.0,0,0,0.0,0
LGS2ORD0009282,C010791,2025-03-15 12:00:00,Female,48,Silver,Lazada,Chonburi,1092,TV_Show,COD,12,3,5,1,40-50,36.4,2.0,0.0,0.0,-1,2,6216.035,0.15,0.5,0.0,0.0,8902.58,1,0,0.0,8902.58,1,0,0.0,12432.07,2,0,0.0,12432.07,2,0,0.0,0
LGS2ORD0009283,C010169,2025-03-15 12:00:00,Male,53,Bronze,Lazada,Remote_Area,1305,TV_Show,Credit_Card,12,3,5,1,>50,43.5,5.0,1.0,0.2,32,6,4616.13,0.23,0.2,0.4,0.0,8095.7,1,0,0.0,13863.89,3,0,0.0,23080.65,5,1,0.2,23080.65,5,1,0.2,0
LGS2ORD0009284,C011408,2025-03-15 12:00:00,Female,40,Platinum,TV,Phuket,415,Lazada,PromptPay,12,3,5,1,30-40,13.833333333333334,0.0,0.0,0.0,-1,-1,0.0,0.0,0.0,0.0,0.0,0.0,0,0,0.0,0.0,0,0,0.0,0.0,0,0,0.0,0.0,0,0,0.0,0
LGS2ORD0009285,C011104,2025-03-15 13:00:00,Female,45,Bronze,Shopee,Bangkok,1339,Web,Credit_Card,13,3,5,1,40-50,44.63333333333333,0.0,0.0,0.0,-1,-1,0.0,0.0,0.0,0.0,0.0,0.0,0,0,0.0,0.0,0,0,0.0,0.0,0,0,0.0,0.0,0,0,0.0,0
LGS2ORD0009286,C011011,2025-03-15 13:00:00,Male,24,Bronze,Shopee,Phuket,1037,Web,COD,13,3,5,1,20-30,34.56666666666667,0.0,0.0,0.0,-1,-1,0.0,0.0,0.0,0.0,0.0,0.0,0,0,0.0,0.0,0,0,0.0,0.0,0,0,0.0,0.0,0,0,0.0,1
LGS2ORD0009287,C014248,2025-03-15 13:00:00,Female,33,Bronze,Web,Chonburi,1256,CallCenter,COD,13,3,5,1,30-40,41.86666666666667,0.0,0.0,0.0,-1,-1,0.0,0.0,0.0,0.0,0.0,0.0,0,0,0.0,0.0,0,0,0.0,0.0,0,0,0.0,0.0,0,0,0.0,0
LGS2ORD0009288,C017576,2025-03-15 13:00:00,Female,42,Silver,TV,Chonburi,671,TV_Show,COD,13,3,5,1,40-50,22.366666666666667,1.0,0.0,0.0,-1,23,1064.51,0.2,0.0,0.0,0.0,0.0,0,0,0.0,1064.51,1,0,0.0,1064.51,1,0,0.0,1064.51,1,0,0.0,0
LGS2ORD0009289,C016264,2025-03-15 13:00:00,Female,45,Gold,TV,Chonburi,824,CallCenter,COD,13,3,5,1,40-50,27.466666666666665,1.0,0.0,0.0,-1,29,3762.83,0.18,0.0,0.0,0.0,0.0,0,0,0.0,3762.83,1,0,0.0,3762.83,1,0,0.0,3762.83,1,0,0.0,0
LGS2ORD0009290,C014863,2025-03-15 14:00:00,Male,21,Gold,Lazada,Bangkok,1315,Lazada,Credit_Card,14,3,5,1,20-30,43.833333333333336,0.0,0.0,0.0,-1,-1,0.0,0.0,0.0,0.0,0.0,0.0,0,0,0.0,0.0,0,0,0.0,0.0,0,0,0.0,0.0,0,0,0.0,0
LGS2ORD0009291,C016130,2025-03-15 14:00:00,Male,36,Gold,Shopee,Bangkok,1267,CallCenter,PromptPay,14,3,5,1,30-40,42.233333333333334,2.0,0.0,0.0,-1,49,4117.515,0.28,1.0,0.5,0.0,0.0,0,0,0.0,0.0,0,0,0.0,8235.03,2,0,0.0,8235.03,2,0,0.0,0
LGS2ORD0009292,C013822,2025-03-15 14:00:00,Male,45,Bronze,Lazada,Bangkok,577,CallCenter,COD,14,3,5,1,40-50,19.233333333333334,1.0,0.0,0.0,-1,17,370.72,0.28,0.0,1.0,0.0,0.0,0,0,0.0,370.72,1,0,0.0,370.72,1,0,0.0,370.72,1,0,0.0,0
LGS2ORD0009293,C017850,2025-03-15 14:00:00,Female,39,Silver,Web,Chonburi,352,Lazada,Credit_Card,14,3,5,1,30-40,11.733333333333333,1.0,0.0,0.0,-1,7,549.38,0.05,1.0,0.0,0.0,0.0,0,0,0.0,549.38,1,0,0.0,549.38,1,0,0.0,549.38,1,0,0.0,0
LGS2ORD0009294,C015240,2025-03-15 14:00:00,Female,48,Bronze,TV,Bangkok,1169,Web,COD,14,3,5,1,40-50,38.96666666666667,0.0,0.0,0.0,-1,-1,0.0,0.0,0.0,0.0,0.0,0.0,0,0,0.0,0.0,0,0,0.0,0.0,0,0,0.0,0.0,0,0,0.0,0
LGS2ORD0009295,C013916,2025-03-15 14:00:00,Male,26,Gold,CallCenter,Bangkok,858,TV_Show,Bank_Transfer,14,3,5,1,20-30,28.6,0.0,0.0,0.0,-1,-1,0.0,0.0,0.0,0.0,0.0,0.0,0,0,0.0,0.0,0,0,0.0,0.0,0,0,0.0,0.0,0,0,0.0,0
LGS2ORD0009296,C011599,2025-03-15 15:00:00,Male,18,Silver,Lazada,Chiang Mai,1396,Web,COD,15,3,5,1,<20,46.53333333333333,0.0,0.0,0.0,-1,-1,0.0,0.0,0.0,0.0,0.0,0.0,0,0,0.0,0.0,0,0,0.0,0.0,0,0,0.0,0.0,0,0,0.0,0
LGS2ORD0009297,C011128,2025-03-15 15:00:00,Female,59,Gold,Lazada,Bangkok,786,Lazada,COD,15,3,5,1,>50,26.2,1.0,0.0,0.0,-1,27,6453.54,0.28,0.0,1.0,0.0,0.0,0,0,0.0,6453.54,1,0,0.0,6453.54,1,0,0.0,6453.54,1,0,0.0,1
LGS2ORD0009298,C011547,2025-03-15 15:00:00,Male,50,Bronze,CallCenter,Bangkok,1508,Lazada,PromptPay,15,3,5,1,40-50,50.266666666666666,3.0,0.0,0.0,-1,36,5575.646666666667,0.28,0.6666666666666666,0.3333333333333333,0.0,0.0,0,0,0.0,0.0,0,0,0.0,16726.940000000002,3,0,0.0,16726.940000000002,3,0,0.0,0
LGS2ORD0009299,C011451,2025-03-15 15:00:00,Male,38,Silver,CallCenter,Chiang Mai,470,Shopee,COD,15,3,5,1,30-40,15.666666666666666,1.0,0.0,0.0,-1,25,9484.38,0.25,0.0,1.0,0.0,0.0,0,0,0.0,9484.38,1,0,0.0,9484.38,1,0,0.0,9484.38,1,0,0.0,0
LGS2ORD0009300,C017511,2025-03-15 15:00:00,Female,28,Gold,CallCenter,Bangkok,434,Web,COD,15,3,5,1,20-30,14.466666666666667,1.0,0.0,0.0,-1,38,551.59,0.33,0.0,1.0,0.0,0.0,0,0,0.0,0.0,0,0,0.0,551.59,1,0,0.0,551.59,1,0,0.0,0
LGS2ORD0009301,C012040,2025-03-15 16:00:00,Male,42,Bronze,Shopee,Songkhla,1204,Lazada,Credit_Card,16,3,5,1,40-50,40.13333333333333,1.0,0.0,0.0,-1,20,1255.01,0.08,1.0,0.0,0.0,0.0,0,0,0.0,1255.01,1,0,0.0,1255.01,1,0,0.0,1255.01,1,0,0.0,0
LGS2ORD0009302,C014839,2025-03-15 16:00:00,Male,49,Bronze,Shopee,Khon Kaen,1523,CallCenter,PromptPay,16,3,5,1,40-50,50.766666666666666,2.0,1.0,0.5,35,13,7079.3,0.23,0.0,0.5,0.0,0.0,0,0,0.0,1496.32,1,0,0.0,14158.6,2,1,0.5,14158.6,2,1,0.5,0
LGS2ORD0009303,C010280,2025-03-15 16:00:00,Male,43,Bronze,Web,Chonburi,500,Shopee,COD,16,3,5,1,40-50,16.666666666666668,1.0,0.0,0.0,-1,36,1851.12,0.03,0.0,0.0,0.0,0.0,0,0,0.0,0.0,0,0,0.0,1851.12,1,0,0.0,1851.12,1,0,0.0,1
LGS2ORD0009304,C012416,2025-03-15 16:00:00,Male,29,Silver,Web,Songkhla,569,CallCenter,Bank_Transfer,16,3,5,1,20-30,18.966666666666665,2.0,1.0,0.5,32,29,1214.3200000000002,0.2,0.5,0.0,0.0,0.0,0,0,0.0,1190.26,1,0,0.0,2428.6400000000003,2,1,0.5,2428.6400000000003,2,1,0.5,0
LGS2ORD0009305,C014332,2025-03-15 16:00:00,Female,36,Bronze,Web,Remote_Area,977,Web,COD,16,3,5,1,30-40,32.56666666666667,3.0,0.0,0.0,-1,29,11007.816666666666,0.28,0.3333333333333333,0.3333333333333333,0.0,0.0,0,0,0.0,18215.38,1,0,0.0,33023.45,3,0,0.0,33023.45,3,0,0.0,1
LGS2ORD0009306,C010055,2025-03-15 17:00:00,Female,55,Bronze,Lazada,Remote_Area,494,Web,Credit_Card,17,3,5,1,>50,16.466666666666665,2.0,0.0,0.0,-1,16,2280.52,0.08,0.0,0.0,0.0,0.0,0,0,0.0,2314.29,1,0,0.0,4561.04,2,0,0.0,4561.04,2,0,0.0,0
LGS2ORD0009307,C016838,2025-03-15 17:00:00,Female,39,Bronze,TV,Chonburi,1031,Web,COD,17,3,5,1,30-40,34.36666666666667,0.0,0.0,0.0,-1,-1,0.0,0.0,0.0,0.0,0.0,0.0,0,0,0.0,0.0,0,0,0.0,0.0,0,0,0.0,0.0,0,0,0.0,1
LGS2ORD0009308,C010758,2025-03-15 17:00:00,Female,45,Gold,CallCenter,Bangkok,671,CallCenter,Bank_Transfer,17,3,5,1,40-50,22.366666666666667,0.0,0.0,0.0,-1,-1,0.0,0.0,0.0,0.0,0.0,0.0,0,0,0.0,0.0,0,0,0.0,0.0,0,0,0.0,0.0,0,0,0.0,0
LGS2ORD0009309,C014972,2025-03-15 17:00:00,Male,30,Bronze,CallCenter,Nakhon Ratchasima,1351,TV_Show,Bank_Transfer,17,3,5,1,20-30,45.03333333333333,2.0,0.0,0.0,-1,3,26716.085,0.23,0.0,0.5,0.0,32708.18,1,0,0.0,53432.17,2,0,0.0,53432.17,2,0,0.0,53432.17,2,0,0.0,0
LGS2ORD0009310,C017924,2025-03-15 17:00:00,Male,39,Gold,Shopee,Chiang Mai,203,Web,Bank_Transfer,17,3,5,1,30-40,6.766666666666667,1.0,0.0,0.0,-1,7,3566.09,0.28,0.0,1.0,0.0,3566.09,1,0,0.0,3566.09,1,0,0.0,3566.09,1,0,0.0,3566.09,1,0,0.0,0
LGS2ORD0009311,C010650,2025-03-15 17:00:00,Female,63,Gold,Lazada,Phuket,1285,TV_Show,Bank_Transfer,17,3,5,1,>50,42.833333333333336,2.0,1.0,0.5,51,54,3344.2650000000003,0.18,0.5,0.0,0.0,0.0,0,0,0.0,0.0,0,0,0.0,6688.530000000001,2,1,0.5,6688.530000000001,2,1,0.5,0
LGS2ORD0009312,C010768,2025-03-15 18:00:00,Female,59,Silver,Shopee,Bangkok,374,Web,Credit_Card,18,3,5,1,>50,12.466666666666667,1.0,0.0,0.0,-1,63,1071.59,0.3,1.0,1.0,0.0,0.0,0,0,0.0,0.0,0,0,0.0,1071.59,1,0,0.0,1071.59,1,0,0.0,0
LGS2ORD0009313,C012142,2025-03-15 18:00:00,Male,40,Silver,Web,Phuket,316,CallCenter,Bank_Transfer,18,3,5,1,30-40,10.533333333333333,1.0,0.0,0.0,-1,20,3421.65,0.05,0.0,0.0,0.0,0.0,0,0,0.0,3421.65,1,0,0.0,3421.65,1,0,0.0,3421.65,1,0,0.0,1
LGS2ORD0009314,C017498,2025-03-15 18:00:00,Other,28,Bronze,CallCenter,Remote_Area,639,Lazada,COD,18,3,5,1,20-30,21.3,0.0,0.0,0.0,-1,-1,0.0,0.0,0.0,0.0,0.0,0.0,0,0,0.0,0.0,0,0,0.0,0.0,0,0,0.0,0.0,0,0,0.0,0
LGS2ORD0009315,C017270,2025-03-15 18:00:00,Female,40,Bronze,TV,Bangkok,283,Shopee,COD,18,3,5,1,30-40,9.433333333333334,1.0,0.0,0.0,-1,30,355.96,0.13,1.0,0.0,0.0,0.0,0,0,0.0,0.0,0,0,0.0,355.96,1,0,0.0,355.96,1,0,0.0,0
LGS2ORD0009316,C010406,2025-03-15 18:00:00,Male,49,Platinum,CallCenter,Phuket,116,Web,COD,18,3,5,1,40-50,3.8666666666666667,1.0,1.0,1.0,29,35,15237.44,0.2,1.0,0.0,0.0,0.0,0,0,0.0,0.0,0,0,0.0,15237.44,1,1,1.0,15237.44,1,1,1.0,1
LGS2ORD0009317,C010788,2025-03-15 19:00:00,Male,35,Gold,Shopee,Bangkok,893,Web,Credit_Card,19,3,5,1,30-40,29.766666666666666,1.0,1.0,1.0,56,68,2342.05,0.08,0.0,0.0,0.0,0.0,0,0,0.0,0.0,0,0,0.0,2342.05,1,1,1.0,2342.05,1,1,1.0,0
LGS2ORD0009318,C011397,2025-03-15 19:00:00,Male,51,Silver,Web,Songkhla,454,Shopee,Credit_Card,19,3,5,1,>50,15.133333333333333,0.0,0.0,0.0,-1,-1,0.0,0.0,0.0,0.0,0.0,0.0,0,0,0.0,0.0,0,0,0.0,0.0,0,0,0.0,0.0,0,0,0.0,0
LGS2ORD0009319,C014020,2025-03-15 19:00:00,Female,43,Platinum,TV,Chiang Mai,579,Lazada,Credit_Card,19,3,5,1,40-50,19.3,0.0,0.0,0.0,-1,-1,0.0,0.0,0.0,0.0,0.0,0.0,0,0,0.0,0.0,0,0,0.0,0.0,0,0,0.0,0.0,0,0,0.0,0
LGS2ORD0009320,C015299,2025-03-15 19:00:00,Male,41,Bronze,CallCenter,Bangkok,1528,Web,COD,19,3,5,1,40-50,50.93333333333333,0.0,0.0,0.0,-1,-1,0.0,0.0,0.0,0.0,0.0,0.0,0,0,0.0,0.0,0,0,0.0,0.0,0,0,0.0,0.0,0,0,0.0,0
LGS2ORD0009321,C012494,2025-03-15 19:00:00,Male,56,Bronze,Web,Songkhla,1419,TV_Show,COD,19,3,5,1,>50,47.3,3.0,2.0,0.6666666666666666,20,26,10119.406666666666,0.28,0.6666666666666666,0.6666666666666666,0.0,0.0,0,0,0.0,26513.78,1,1,1.0,30358.219999999998,3,2,0.6666666666666666,30358.219999999998,3,2,0.6666666666666666,1
LGS2ORD0009322,C014130,2025-03-15 20:00:00,Male,38,Bronze,Shopee,Chiang Mai,851,Web,COD,20,3,5,1,30-40,28.366666666666667,0.0,0.0,0.0,-1,-1,0.0,0.0,0.0,0.0,0.0,0.0,0,0,0.0,0.0,0,0,0.0,0.0,0,0,0.0,0.0,0,0,0.0,0
LGS2ORD0009323,C012560,2025-03-15 20:00:00,Female,37,Silver,Web,Phuket,343,Web,COD,20,3,5,1,30-40,11.433333333333334,2.0,1.0,0.5,-10,1,4066.635,0.15,1.0,0.0,0.0,1037.97,1,1,1.0,1037.97,1,1,1.0,8133.27,2,1,0.5,8133.27,2,1,0.5,0
LGS2ORD0009324,C012645,2025-03-15 20:00:00,Female,45,Silver,Web,Nakhon Ratchasima,512,Shopee,Credit_Card,20,3,5,1,40-50,17.066666666666666,5.0,1.0,0.2,53,16,8451.988000000001,0.2,0.6,0.0,0.0,0.0,0,0,0.0,21343.03,2,0,0.0,42259.94,5,1,0.2,42259.94,5,1,0.2,0
LGS2ORD0009325,C011343,2025-03-15 20:00:00,Male,45,Gold,CallCenter,Phuket,1408,TV_Show,COD,20,3,5,1,40-50,46.93333333333333,0.0,0.0,0.0,-1,-1,0.0,0.0,0.0,0.0,0.0,0.0,0,0,0.0,0.0,0,0,0.0,0.0,0,0,0.0,0.0,0,0,0.0,0
LGS2ORD0009326,C015081,2025-03-15 20:00:00,Male,46,Gold,Shopee,Bangkok,308,Web,Credit_Card,20,3,5,1,40-50,10.266666666666667,0.0,0.0,0.0,-1,-1,0.0,0.0,0.0,0.0,0.0,0.0,0,0,0.0,0.0,0,0,0.0,0.0,0,0,0.0,0.0,0,0,0.0,0
LGS2ORD0009327,C013115,2025-03-15 21:00:00,Female,37,Gold,Shopee,Chonburi,1475,Lazada,Credit_Card,21,3,5,1,30-40,49.166666666666664,0.0,0.0,0.0,-1,-1,0.0,0.0,0.0,0.0,0.0,0.0,0,0,0.0,0.0,0,0,0.0,0.0,0,0,0.0,0.0,0,0,0.0,0
LGS2ORD0009328,C013229,2025-03-15 21:00:00,Male,50,Gold,Shopee,Remote_Area,779,CallCenter,COD,21,3,5,1,40-50,25.966666666666665,2.0,0.0,0.0,-1,32,2396.6400000000003,0.28,0.5,0.5,0.0,0.0,0,0,0.0,0.0,0,0,0.0,4793.280000000001,2,0,0.0,4793.280000000001,2,0,0.0,0
LGS2ORD0009329,C016859,2025-03-15 21:00:00,Male,50,Silver,Shopee,Phuket,1075,Lazada,Credit_Card,21,3,5,1,40-50,35.833333333333336,2.0,1.0,0.5,38,30,1545.4299999999998,0.25,0.5,0.5,0.0,0.0,0,0,0.0,0.0,0,0,0.0,3090.8599999999997,2,1,0.5,3090.8599999999997,2,1,0.5,0
LGS2ORD0009330,C013368,2025-03-15 21:00:00,Male,54,Gold,TV,Bangkok,489,CallCenter,COD,21,3,5,1,>50,16.3,1.0,0.0,0.0,-1,0,6404.39,0.28,0.0,1.0,0.0,6404.39,1,0,0.0,6404.39,1,0,0.0,6404.39,1,0,0.0,6404.39,1,0,0.0,1
LGS2ORD0009331,C015473,2025-03-15 21:00:00,Male,31,Bronze,Web,Chonburi,741,Lazada,COD,21,3,5,1,30-40,24.7,2.0,1.0,0.5,18,31,5416.8949999999995,0.18,0.0,0.0,0.0,0.0,0,0,0.0,0.0,0,0,0.0,10833.789999999999,2,1,0.5,10833.789999999999,2,1,0.5,1
LGS2ORD0009332,C014455,2025-03-15 21:00:00,Male,31,Gold,Web,Chiang Mai,1278,TV_Show,PromptPay,21,3,5,1,30-40,42.6,2.0,1.0,0.5,24,32,3851.3,0.18,1.0,0.0,0.0,0.0,0,0,0.0,0.0,0,0,0.0,7702.6,2,1,0.5,7702.6,2,1,0.5,0
LGS2ORD0009333,C010173,2025-03-15 22:00:00,Male,29,Gold,Web,Nakhon Ratchasima,674,Shopee,Bank_Transfer,22,3,5,1,20-30,22.466666666666665,0.0,0.0,0.0,-1,-1,0.0,0.0,0.0,0.0,0.0,0.0,0,0,0.0,0.0,0,0,0.0,0.0,0,0,0.0,0.0,0,0,0.0,0
LGS2ORD0009334,C012270,2025-03-15 22:00:00,Male,51,Platinum,TV,Nakhon Ratchasima,442,Web,Credit_Card,22,3,5,1,>50,14.733333333333333,0.0,0.0,0.0,-1,-1,0.0,0.0,0.0,0.0,0.0,0.0,0,0,0.0,0.0,0,0,0.0,0.0,0,0,0.0,0.0,0,0,0.0,0
LGS2ORD0009335,C011361,2025-03-15 22:00:00,Female,40,Bronze,TV,Remote_Area,1248,Lazada,Credit_Card,22,3,5,1,30-40,41.6,5.0,1.0,0.2,2,3,5420.8460000000005,0.28,0.8,0.4,0.0,17037.29,1,0,0.0,20219.65,2,1,0.5,27104.230000000003,5,1,0.2,27104.230000000003,5,1,0.2,0
LGS2ORD0009336,C015083,2025-03-15 22:00:00,Female,26,Bronze,TV,Bangkok,680,CallCenter,Credit_Card,22,3,5,1,20-30,22.666666666666668,1.0,0.0,0.0,-1,73,15911.45,0.03,1.0,0.0,0.0,0.0,0,0,0.0,0.0,0,0,0.0,15911.45,1,0,0.0,15911.45,1,0,0.0,0
LGS2ORD0009337,C014288,2025-03-15 22:00:00,Female,58,Gold,Shopee,Remote_Area,1213,TV_Show,Credit_Card,22,3,5,1,>50,40.43333333333333,1.0,0.0,0.0,-1,27,1910.83,0.28,0.0,1.0,0.0,0.0,0,0,0.0,1910.83,1,0,0.0,1910.83,1,0,0.0,1910.83,1,0,0.0,0
LGS2ORD0009338,C012035,2025-03-15 23:00:00,Male,37,Bronze,TV,Chonburi,99,CallCenter,Credit_Card,23,3,5,1,30-40,3.3,3.0,0.0,0.0,-1,11,10509.596666666666,0.13,0.6666666666666666,0.0,0.0,0.0,0,0,0.0,8924.91,1,0,0.0,31528.79,3,0,0.0,31528.79,3,0,0.0,0
LGS2ORD0009339,C010650,2025-03-15 23:00:00,Female,63,Gold,Lazada,Phuket,1285,Shopee,Credit_Card,23,3,5,1,>50,42.833333333333336,3.0,1.0,0.3333333333333333,51,0,3256.236666666667,0.2299999999999999,0.3333333333333333,0.3333333333333333,0.0,3080.18,1,0,0.0,3080.18,1,0,0.0,9768.710000000001,3,1,0.3333333333333333,9768.710000000001,3,1,0.3333333333333333,0
LGS2ORD0009340,C010583,2025-03-15 23:00:00,Female,56,Bronze,Shopee,Bangkok,794,TV_Show,Bank_Transfer,23,3,5,1,>50,26.466666666666665,1.0,0.0,0.0,-1,68,702.41,0.18,1.0,0.0,0.0,0.0,0,0,0.0,0.0,0,0,0.0,702.41,1,0,0.0,702.41,1,0,0.0,1
LGS2ORD0009341,C015902,2025-03-15 23:00:00,Male,37,Bronze,Web,Nakhon Ratchasima,92,CallCenter,COD,23,3,5,1,30-40,3.066666666666667,0.0,0.0,0.0,-1,-1,0.0,0.0,0.0,0.0,0.0,0.0,0,0,0.0,0.0,0,0,0.0,0.0,0,0,0.0,0.0,0,0,0.0,0
LGS2ORD0009342,C016179,2025-03-15 23:00:00,Female,40,Bronze,Shopee,Phuket,524,TV_Show,COD,23,3,5,1,30-40,17.466666666666665,1.0,0.0,0.0,-1,50,7816.47,0.08,0.0,0.0,0.0,0.0,0,0,0.0,0.0,0,0,0.0,7816.47,1,0,0.0,7816.47,1,0,0.0,0
LGS2ORD0009343,C010138,2025-03-16 00:00:00,Female,26,Silver,Shopee,Bangkok,1453,Web,COD,0,3,6,1,20-30,48.43333333333333,1.0,0.0,0.0,-1,30,22200.11,0.05,1.0,0.0,0.0,0.0,0,0,0.0,0.0,0,0,0.0,22200.11,1,0,0.0,22200.11,1,0,0.0,0
LGS2ORD0009344,C014695,2025-03-16 00:00:00,Female,56,Bronze,Shopee,Bangkok,1199,Shopee,PromptPay,0,3,6,1,>50,39.96666666666667,0.0,0.0,0.0,-1,-1,0.0,0.0,0.0,0.0,0.0,0.0,0,0,0.0,0.0,0,0,0.0,0.0,0,0,0.0,0.0,0,0,0.0,0
LGS2ORD0009345,C016816,2025-03-16 00:00:00,Male,39,Bronze,Web,Bangkok,426,Web,COD,0,3,6,1,30-40,14.2,0.0,0.0,0.0,-1,-1,0.0,0.0,0.0,0.0,0.0,0.0,0,0,0.0,0.0,0,0,0.0,0.0,0,0,0.0,0.0,0,0,0.0,1
LGS2ORD0009346,C016825,2025-03-16 00:00:00,Female,49,Bronze,Shopee,Nakhon Ratchasima,541,Shopee,COD,0,3,6,1,40-50,18.033333333333335,2.0,1.0,0.5,-6,2,13009.14,0.18,1.0,0.0,0.0,25678.1,1,1,1.0,25678.1,1,1,1.0,26018.28,2,1,0.5,26018.28,2,1,0.5,1
LGS2ORD0009347,C015037,2025-03-16 00:00:00,Female,48,Bronze,Lazada,Khon Kaen,755,Shopee,COD,0,3,6,1,40-50,25.166666666666668,0.0,0.0,0.0,-1,-1,0.0,0.0,0.0,0.0,0.0,0.0,0,0,0.0,0.0,0,0,0.0,0.0,0,0,0.0,0.0,0,0,0.0,0
LGS2ORD0009348,C012571,2025-03-16 01:00:00,Male,19,Gold,Web,Bangkok,831,CallCenter,Credit_Card,1,3,6,1,<20,27.7,0.0,0.0,0.0,-1,-1,0.0,0.0,0.0,0.0,0.0,0.0,0,0,0.0,0.0,0,0,0.0,0.0,0,0,0.0,0.0,0,0,0.0,0
LGS2ORD0009349,C016286,2025-03-16 01:00:00,Male,47,Gold,CallCenter,Nakhon Ratchasima,1272,Web,Credit_Card,1,3,6,1,40-50,42.4,1.0,0.0,0.0,-1,21,921.92,0.2299999999999999,0.0,1.0,0.0,0.0,0,0,0.0,921.92,1,0,0.0,921.92,1,0,0.0,921.92,1,0,0.0,0
LGS2ORD0009350,C011897,2025-03-16 01:00:00,Male,60,Platinum,Lazada,Khon Kaen,355,Web,Credit_Card,1,3,6,1,>50,11.833333333333334,1.0,0.0,0.0,-1,58,1578.73,0.15,1.0,0.0,0.0,0.0,0,0,0.0,0.0,0,0,0.0,1578.73,1,0,0.0,1578.73,1,0,0.0,0
LGS2ORD0009351,C015206,2025-03-16 01:00:00,Female,60,Bronze,Lazada,Chiang Mai,606,CallCenter,COD,1,3,6,1,>50,20.2,1.0,0.0,0.0,-1,43,1417.25,0.03,0.0,0.0,0.0,0.0,0,0,0.0,0.0,0,0,0.0,1417.25,1,0,0.0,1417.25,1,0,0.0,0
LGS2ORD0009352,C013055,2025-03-16 01:00:00,Female,27,Gold,Shopee,Chiang Mai,904,CallCenter,COD,1,3,6,1,20-30,30.133333333333333,1.0,0.0,0.0,-1,70,2602.85,0.28,0.0,1.0,0.0,0.0,0,0,0.0,0.0,0,0,0.0,2602.85,1,0,0.0,2602.85,1,0,0.0,0
LGS2ORD0009353,C016127,2025-03-16 01:00:00,Male,44,Silver,TV,Bangkok,344,TV_Show,COD,1,3,6,1,40-50,11.466666666666667,2.0,0.0,0.0,-1,28,5575.89,0.25,1.0,0.5,0.0,0.0,0,0,0.0,3046.18,1,0,0.0,11151.78,2,0,0.0,11151.78,2,0,0.0,0
LGS2ORD0009354,C015764,2025-03-16 02:00:00,Other,35,Bronze,TV,Phuket,466,CallCenter,COD,2,3,6,1,30-40,15.533333333333333,0.0,0.0,0.0,-1,-1,0.0,0.0,0.0,0.0,0.0,0.0,0,0,0.0,0.0,0,0,0.0,0.0,0,0,0.0,0.0,0,0,0.0,1
LGS2ORD0009355,C011214,2025-03-16 02:00:00,Other,37,Gold,Web,Songkhla,368,CallCenter,Credit_Card,2,3,6,1,30-40,12.266666666666667,2.0,0.0,0.0,-1,9,2600.64,0.18,1.0,0.0,0.0,0.0,0,0,0.0,2116.31,1,0,0.0,5201.28,2,0,0.0,5201.28,2,0,0.0,0
LGS2ORD0009356,C015570,2025-03-16 02:00:00,Other,38,Platinum,Web,Bangkok,376,TV_Show,Credit_Card,2,3,6,1,30-40,12.533333333333333,0.0,0.0,0.0,-1,-1,0.0,0.0,0.0,0.0,0.0,0.0,0,0,0.0,0.0,0,0,0.0,0.0,0,0,0.0,0.0,0,0,0.0,0
LGS2ORD0009357,C017559,2025-03-16 02:00:00,Female,37,Gold,Web,Bangkok,156,Web,COD,2,3,6,1,30-40,5.2,1.0,1.0,1.0,60,66,1999.74,0.2299999999999999,1.0,1.0,0.0,0.0,0,0,0.0,0.0,0,0,0.0,1999.74,1,1,1.0,1999.74,1,1,1.0,0
LGS2ORD0009358,C012730,2025-03-16 02:00:00,Female,22,Bronze,TV,Chonburi,219,CallCenter,Credit_Card,2,3,6,1,20-30,7.3,1.0,0.0,0.0,-1,47,3546.4,0.08,0.0,0.0,0.0,0.0,0,0,0.0,0.0,0,0,0.0,3546.4,1,0,0.0,3546.4,1,0,0.0,1
LGS2ORD0009359,C017732,2025-03-16 03:00:00,Male,49,Silver,Lazada,Bangkok,1401,Shopee,COD,3,3,6,1,40-50,46.7,4.0,2.0,0.5,-6,4,3421.1124999999997,0.25,0.25,0.25,0.0,3366.98,1,1,1.0,6160.0,2,1,0.5,13684.449999999999,4,2,0.5,13684.449999999999,4,2,0.5,0
LGS2ORD0009360,C013665,2025-03-16 03:00:00,Female,38,Gold,TV,Bangkok,1312,Shopee,Credit_Card,3,3,6,1,30-40,43.733333333333334,2.0,0.0,0.0,-1,16,2613.065,0.33,1.0,1.0,0.0,0.0,0,0,0.0,3065.19,1,0,0.0,5226.13,2,0,0.0,5226.13,2,0,0.0,0
LGS2ORD0009361,C017743,2025-03-16 03:00:00,Female,55,Silver,Web,Chiang Mai,1261,TV_Show,COD,3,3,6,1,>50,42.03333333333333,2.0,1.0,0.5,15,26,3433.325,0.2,0.5,0.0,0.0,0.0,0,0,0.0,1614.28,1,1,1.0,6866.65,2,1,0.5,6866.65,2,1,0.5,1
LGS2ORD0009362,C014249,2025-03-16 03:00:00,Female,41,Gold,Web,Remote_Area,1145,TV_Show,COD,3,3,6,1,40-50,38.166666666666664,1.0,0.0,0.0,-1,24,7007.53,0.13,0.0,0.0,0.0,0.0,0,0,0.0,7007.53,1,0,0.0,7007.53,1,0,0.0,7007.53,1,0,0.0,0
LGS2ORD0009363,C015800,2025-03-16 03:00:00,Male,24,Gold,CallCenter,Bangkok,601,CallCenter,COD,3,3,6,1,20-30,20.033333333333335,0.0,0.0,0.0,-1,-1,0.0,0.0,0.0,0.0,0.0,0.0,0,0,0.0,0.0,0,0,0.0,0.0,0,0,0.0,0.0,0,0,0.0,0
LGS2ORD0009364,C010267,2025-03-16 04:00:00,Female,34,Bronze,Shopee,Remote_Area,193,Lazada,COD,4,3,6,1,30-40,6.433333333333334,1.0,0.0,0.0,-1,18,776.24,0.23,1.0,1.0,0.0,0.0,0,0,0.0,776.24,1,0,0.0,776.24,1,0,0.0,776.24,1,0,0.0,1
LGS2ORD0009365,C014091,2025-03-16 04:00:00,Female,39,Silver,Lazada,Bangkok,343,Shopee,COD,4,3,6,1,30-40,11.433333333333334,3.0,1.0,0.3333333333333333,41,5,3415.0,0.3,0.6666666666666666,0.3333333333333333,0.0,2122.29,1,0,0.0,2122.29,1,0,0.0,10245.0,3,1,0.3333333333333333,10245.0,3,1,0.3333333333333333,0
LGS2ORD0009366,C011909,2025-03-16 04:00:00,Female,39,Bronze,Shopee,Bangkok,1523,TV_Show,COD,4,3,6,1,30-40,50.766666666666666,2.0,1.0,0.5,-10,1,2628.22,0.18,0.5,0.0,0.0,3320.6,1,1,1.0,3320.6,1,1,1.0,5256.44,2,1,0.5,5256.44,2,1,0.5,0
LGS2ORD0009367,C013130,2025-03-16 04:00:00,Other,56,Gold,CallCenter,Chiang Mai,887,TV_Show,COD,4,3,6,1,>50,29.566666666666666,3.0,0.0,0.0,-1,34,5770.7699999999995,0.18,0.6666666666666666,0.0,0.0,0.0,0,0,0.0,0.0,0,0,0.0,17312.309999999998,3,0,0.0,17312.309999999998,3,0,0.0,0
LGS2ORD0009368,C013839,2025-03-16 04:00:00,Female,61,Bronze,TV,Bangkok,280,Lazada,Bank_Transfer,4,3,6,1,>50,9.333333333333334,2.0,0.0,0.0,-1,16,7503.86,0.13,0.0,0.0,0.0,0.0,0,0,0.0,5856.0,1,0,0.0,15007.72,2,0,0.0,15007.72,2,0,0.0,1
LGS2ORD0009369,C015376,2025-03-16 05:00:00,Female,56,Silver,Shopee,Bangkok,726,TV_Show,COD,5,3,6,1,>50,24.2,3.0,0.0,0.0,-1,19,1396.9799999999998,0.2,0.3333333333333333,0.0,0.0,0.0,0,0,0.0,2320.0,1,0,0.0,4190.94,3,0,0.0,4190.94,3,0,0.0,1
LGS2ORD0009370,C015443,2025-03-16 05:00:00,Female,18,Bronze,Web,Chonburi,534,Web,COD,5,3,6,1,<20,17.8,0.0,0.0,0.0,-1,-1,0.0,0.0,0.0,0.0,0.0,0.0,0,0,0.0,0.0,0,0,0.0,0.0,0,0,0.0,0.0,0,0,0.0,0
LGS2ORD0009371,C017513,2025-03-16 05:00:00,Other,47,Silver,Web,Remote_Area,202,Lazada,Credit_Card,5,3,6,1,40-50,6.733333333333333,0.0,0.0,0.0,-1,-1,0.0,0.0,0.0,0.0,0.0,0.0,0,0,0.0,0.0,0,0,0.0,0.0,0,0,0.0,0.0,0,0,0.0,0
LGS2ORD0009372,C010457,2025-03-16 05:00:00,Male,42,Gold,TV,Bangkok,251,Web,COD,5,3,6,1,40-50,8.366666666666667,3.0,0.0,0.0,-1,37,11230.596666666666,0.33,0.3333333333333333,1.0,0.0,0.0,0,0,0.0,0.0,0,0,0.0,33691.79,3,0,0.0,33691.79,3,0,0.0,0
LGS2ORD0009373,C015459,2025-03-16 05:00:00,Female,39,Bronze,Shopee,Bangkok,831,Lazada,COD,5,3,6,1,30-40,27.7,3.0,1.0,0.3333333333333333,2,8,6586.953333333334,0.23,0.6666666666666666,0.6666666666666666,0.0,0.0,0,0,0.0,17326.72,2,1,0.5,19760.86,3,1,0.3333333333333333,19760.86,3,1,0.3333333333333333,0
LGS2ORD0009374,C016963,2025-03-16 05:00:00,Male,46,Bronze,Shopee,Khon Kaen,927,Lazada,Credit_Card,5,3,6,1,40-50,30.9,0.0,0.0,0.0,-1,-1,0.0,0.0,0.0,0.0,0.0,0.0,0,0,0.0,0.0,0,0,0.0,0.0,0,0,0.0,0.0,0,0,0.0,0
LGS2ORD0009375,C012948,2025-03-16 06:00:00,Female,46,Bronze,TV,Bangkok,1156,TV_Show,COD,6,3,6,1,40-50,38.53333333333333,0.0,0.0,0.0,-1,-1,0.0,0.0,0.0,0.0,0.0,0.0,0,0,0.0,0.0,0,0,0.0,0.0,0,0,0.0,0.0,0,0,0.0,1
LGS2ORD0009376,C015210,2025-03-16 06:00:00,Male,49,Silver,Shopee,Chonburi,1117,Shopee,Credit_Card,6,3,6,1,40-50,37.233333333333334,0.0,0.0,0.0,-1,-1,0.0,0.0,0.0,0.0,0.0,0.0,0,0,0.0,0.0,0,0,0.0,0.0,0,0,0.0,0.0,0,0,0.0,0
LGS2ORD0009377,C011282,2025-03-16 06:00:00,Male,52,Bronze,Web,Chiang Mai,959,Web,COD,6,3,6,1,>50,31.966666666666665,0.0,0.0,0.0,-1,-1,0.0,0.0,0.0,0.0,0.0,0.0,0,0,0.0,0.0,0,0,0.0,0.0,0,0,0.0,0.0,0,0,0.0,0
LGS2ORD0009378,C010083,2025-03-16 06:00:00,Male,45,Gold,TV,Khon Kaen,229,Shopee,COD,6,3,6,1,40-50,7.633333333333334,2.0,1.0,0.5,-3,2,1172.33,0.2299999999999999,0.5,0.5,0.0,162.24,1,1,1.0,162.24,1,1,1.0,2344.66,2,1,0.5,2344.66,2,1,0.5,0
LGS2ORD0009379,C013651,2025-03-16 06:00:00,Female,29,Gold,Web,Bangkok,992,Web,Bank_Transfer,6,3,6,1,20-30,33.06666666666667,2.0,1.0,0.5,8,6,3999.045,0.2299999999999999,0.5,0.5,0.0,6784.84,1,0,0.0,7998.09,2,1,0.5,7998.09,2,1,0.5,7998.09,2,1,0.5,0
LGS2ORD0009380,C010535,2025-03-16 07:00:00,Male,65,Silver,CallCenter,Khon Kaen,736,Lazada,Credit_Card,7,3,6,1,>50,24.533333333333335,2.0,0.0,0.0,-1,54,4588.8099999999995,0.2,0.0,0.0,0.0,0.0,0,0,0.0,0.0,0,0,0.0,9177.619999999999,2,0,0.0,9177.619999999999,2,0,0.0,0
LGS2ORD0009381,C013934,2025-03-16 07:00:00,Female,36,Bronze,CallCenter,Khon Kaen,328,Web,Credit_Card,7,3,6,1,30-40,10.933333333333334,2.0,0.0,0.0,-1,10,5718.280000000001,0.23,0.5,0.5,0.0,0.0,0,0,0.0,9852.1,1,0,0.0,11436.560000000001,2,0,0.0,11436.560000000001,2,0,0.0,0
LGS2ORD0009382,C017929,2025-03-16 07:00:00,Female,64,Bronze,TV,Chonburi,1015,Web,COD,7,3,6,1,>50,33.833333333333336,2.0,0.0,0.0,-1,12,4528.325000000001,0.13,0.5,0.0,0.0,0.0,0,0,0.0,9056.650000000001,2,0,0.0,9056.650000000001,2,0,0.0,9056.650000000001,2,0,0.0,1
LGS2ORD0009383,C010770,2025-03-16 07:00:00,Female,29,Bronze,TV,Bangkok,1306,Lazada,Credit_Card,7,3,6,1,20-30,43.53333333333333,1.0,0.0,0.0,-1,67,2808.8,0.13,0.0,0.0,0.0,0.0,0,0,0.0,0.0,0,0,0.0,2808.8,1,0,0.0,2808.8,1,0,0.0,0
LGS2ORD0009384,C010917,2025-03-16 07:00:00,Male,55,Silver,Shopee,Chonburi,1516,Shopee,COD,7,3,6,1,>50,50.53333333333333,1.0,0.0,0.0,-1,63,4555.29,0.05,0.0,0.0,0.0,0.0,0,0,0.0,0.0,0,0,0.0,4555.29,1,0,0.0,4555.29,1,0,0.0,0
LGS2ORD0009385,C014127,2025-03-16 08:00:00,Female,40,Silver,TV,Phuket,419,Shopee,Credit_Card,8,3,6,1,30-40,13.966666666666667,2.0,1.0,0.5,-3,7,2245.4700000000003,0.2,0.5,0.0,0.0,3912.67,1,1,1.0,3912.67,1,1,1.0,4490.9400000000005,2,1,0.5,4490.9400000000005,2,1,0.5,1
LGS2ORD0009386,C012993,2025-03-16 08:00:00,Male,47,Bronze,Lazada,Nakhon Ratchasima,137,TV_Show,Credit_Card,8,3,6,1,40-50,4.566666666666666,1.0,0.0,0.0,-1,9,3775.3,0.23,1.0,1.0,0.0,0.0,0,0,0.0,3775.3,1,0,0.0,3775.3,1,0,0.0,3775.3,1,0,0.0,1
LGS2ORD0009387,C011658,2025-03-16 08:00:00,Female,27,Bronze,CallCenter,Bangkok,1504,Shopee,PromptPay,8,3,6,1,20-30,50.13333333333333,1.0,0.0,0.0,-1,2,5572.47,0.08,1.0,0.0,0.0,5572.47,1,0,0.0,5572.47,1,0,0.0,5572.47,1,0,0.0,5572.47,1,0,0.0,0
LGS2ORD0009388,C015865,2025-03-16 08:00:00,Female,57,Gold,Shopee,Nakhon Ratchasima,1037,Lazada,COD,8,3,6,1,>50,34.56666666666667,2.0,1.0,0.5,20,30,4115.4,0.2299999999999999,0.0,1.0,0.0,0.0,0,0,0.0,5309.03,1,1,1.0,8230.8,2,1,0.5,8230.8,2,1,0.5,0
LGS2ORD0009389,C010071,2025-03-16 08:00:00,Female,51,Bronze,TV,Remote_Area,446,TV_Show,COD,8,3,6,1,>50,14.866666666666667,2.0,1.0,0.5,39,23,6169.13,0.23,0.0,0.5,0.0,0.0,0,0,0.0,11368.93,1,0,0.0,12338.26,2,1,0.5,12338.26,2,1,0.5,0
LGS2ORD0009390,C013265,2025-03-16 09:00:00,Male,52,Bronze,TV,Songkhla,859,Shopee,COD,9,3,6,1,>50,28.633333333333333,2.0,0.0,0.0,-1,49,12950.695,0.23,0.5,0.5,0.0,0.0,0,0,0.0,0.0,0,0,0.0,25901.39,2,0,0.0,25901.39,2,0,0.0,0
LGS2ORD0009391,C012854,2025-03-16 09:00:00,Female,56,Gold,TV,Chonburi,621,CallCenter,COD,9,3,6,1,>50,20.7,1.0,0.0,0.0,-1,5,4147.02,0.18,0.0,0.0,0.0,4147.02,1,0,0.0,4147.02,1,0,0.0,4147.02,1,0,0.0,4147.02,1,0,0.0,0
LGS2ORD0009392,C016867,2025-03-16 09:00:00,Female,50,Silver,TV,Bangkok,1439,Shopee,COD,9,3,6,1,40-50,47.96666666666667,3.0,1.0,0.3333333333333333,18,11,5088.043333333334,0.15,0.6666666666666666,0.0,0.0,0.0,0,0,0.0,13581.970000000001,2,1,0.5,15264.130000000001,3,1,0.3333333333333333,15264.130000000001,3,1,0.3333333333333333,0
LGS2ORD0009393,C013350,2025-03-16 09:00:00,Male,51,Platinum,Web,Nakhon Ratchasima,656,Web,PromptPay,9,3,6,1,>50,21.866666666666667,0.0,0.0,0.0,-1,-1,0.0,0.0,0.0,0.0,0.0,0.0,0,0,0.0,0.0,0,0,0.0,0.0,0,0,0.0,0.0,0,0,0.0,0
LGS2ORD0009394,C015452,2025-03-16 09:00:00,Female,34,Bronze,Shopee,Chonburi,367,Shopee,COD,9,3,6,1,30-40,12.233333333333333,1.0,0.0,0.0,-1,9,11040.07,0.13,0.0,0.0,0.0,0.0,0,0,0.0,11040.07,1,0,0.0,11040.07,1,0,0.0,11040.07,1,0,0.0,0
LGS2ORD0009395,C015888,2025-03-16 09:00:00,Male,34,Gold,Shopee,Khon Kaen,732,TV_Show,Credit_Card,9,3,6,1,30-40,24.4,0.0,0.0,0.0,-1,-1,0.0,0.0,0.0,0.0,0.0,0.0,0,0,0.0,0.0,0,0,0.0,0.0,0,0,0.0,0.0,0,0,0.0,0
LGS2ORD0009396,C015712,2025-03-16 10:00:00,Female,46,Silver,Web,Songkhla,499,Shopee,COD,10,3,6,1,40-50,16.633333333333333,3.0,0.0,0.0,-1,29,5329.8966666666665,0.2,1.0,0.0,0.0,0.0,0,0,0.0,10545.39,1,0,0.0,15989.689999999999,3,0,0.0,15989.689999999999,3,0,0.0,0
LGS2ORD0009397,C015228,2025-03-16 10:00:00,Male,50,Bronze,TV,Phuket,1247,Web,COD,10,3,6,1,40-50,41.56666666666667,0.0,0.0,0.0,-1,-1,0.0,0.0,0.0,0.0,0.0,0.0,0,0,0.0,0.0,0,0,0.0,0.0,0,0,0.0,0.0,0,0,0.0,1
LGS2ORD0009398,C013097,2025-03-16 10:00:00,Male,65,Bronze,Web,Songkhla,345,Lazada,Credit_Card,10,3,6,1,>50,11.5,1.0,1.0,1.0,-4,10,1652.21,0.23,1.0,1.0,0.0,0.0,0,0,0.0,1652.21,1,1,1.0,1652.21,1,1,1.0,1652.21,1,1,1.0,0
LGS2ORD0009399,C011364,2025-03-16 10:00:00,Male,44,Silver,Web,Khon Kaen,1451,CallCenter,COD,10,3,6,1,40-50,48.36666666666667,1.0,0.0,0.0,-1,64,773.69,0.1,1.0,0.0,0.0,0.0,0,0,0.0,0.0,0,0,0.0,773.69,1,0,0.0,773.69,1,0,0.0,0
LGS2ORD0009400,C010260,2025-03-16 10:00:00,Male,52,Gold,Lazada,Songkhla,329,Shopee,PromptPay,10,3,6,1,>50,10.966666666666667,1.0,0.0,0.0,-1,67,10625.27,0.08,0.0,0.0,0.0,0.0,0,0,0.0,0.0,0,0,0.0,10625.27,1,0,0.0,10625.27,1,0,0.0,0
LGS2ORD0009401,C012944,2025-03-16 11:00:00,Male,56,Bronze,TV,Khon Kaen,1465,Lazada,PromptPay,11,3,6,1,>50,48.833333333333336,1.0,0.0,0.0,-1,13,1314.18,0.18,1.0,0.0,0.0,0.0,0,0,0.0,1314.18,1,0,0.0,1314.18,1,0,0.0,1314.18,1,0,0.0,0
LGS2ORD0009402,C015943,2025-03-16 11:00:00,Male,18,Silver,Shopee,Remote_Area,806,TV_Show,PromptPay,11,3,6,1,<20,26.866666666666667,0.0,0.0,0.0,-1,-1,0.0,0.0,0.0,0.0,0.0,0.0,0,0,0.0,0.0,0,0,0.0,0.0,0,0,0.0,0.0,0,0,0.0,0
LGS2ORD0009403,C015355,2025-03-16 11:00:00,Male,24,Gold,TV,Chiang Mai,883,CallCenter,Credit_Card,11,3,6,1,20-30,29.433333333333334,2.0,1.0,0.5,36,48,632.995,0.33,0.5,0.5,0.0,0.0,0,0,0.0,0.0,0,0,0.0,1265.99,2,1,0.5,1265.99,2,1,0.5,0
LGS2ORD0009404,C017656,2025-03-16 11:00:00,Male,59,Bronze,TV,Nakhon Ratchasima,1479,Shopee,COD,11,3,6,1,>50,49.3,0.0,0.0,0.0,-1,-1,0.0,0.0,0.0,0.0,0.0,0.0,0,0,0.0,0.0,0,0,0.0,0.0,0,0,0.0,0.0,0,0,0.0,0
LGS2ORD0009405,C017024,2025-03-16 11:00:00,Female,29,Bronze,TV,Nakhon Ratchasima,368,Web,Credit_Card,11,3,6,1,20-30,12.266666666666667,1.0,0.0,0.0,-1,33,2127.87,0.08,1.0,0.0,0.0,0.0,0,0,0.0,0.0,0,0,0.0,2127.87,1,0,0.0,2127.87,1,0,0.0,0
LGS2ORD0009406,C016369,2025-03-16 12:00:00,Other,22,Silver,Shopee,Bangkok,235,Shopee,Credit_Card,12,3,6,1,20-30,7.833333333333333,1.0,0.0,0.0,-1,57,8230.77,0.2,1.0,0.0,0.0,0.0,0,0,0.0,0.0,0,0,0.0,8230.77,1,0,0.0,8230.77,1,0,0.0,0
LGS2ORD0009407,C012584,2025-03-16 12:00:00,Male,45,Platinum,CallCenter,Songkhla,607,Web,Bank_Transfer,12,3,6,1,40-50,20.233333333333334,4.0,1.0,0.25,12,1,1499.21,0.25,0.25,0.75,0.0,689.67,1,0,0.0,5707.36,3,1,0.3333333333333333,5996.84,4,1,0.25,5996.84,4,1,0.25,0
LGS2ORD0009408,C015052,2025-03-16 12:00:00,Female,48,Bronze,Lazada,Bangkok,446,Lazada,PromptPay,12,3,6,1,40-50,14.866666666666667,1.0,0.0,0.0,-1,66,21194.27,0.13,1.0,0.0,0.0,0.0,0,0,0.0,0.0,0,0,0.0,21194.27,1,0,0.0,21194.27,1,0,0.0,0
LGS2ORD0009409,C017668,2025-03-16 12:00:00,Male,55,Bronze,Shopee,Remote_Area,406,Web,Credit_Card,12,3,6,1,>50,13.533333333333333,1.0,0.0,0.0,-1,60,1211.11,0.28,0.0,1.0,0.0,0.0,0,0,0.0,0.0,0,0,0.0,1211.11,1,0,0.0,1211.11,1,0,0.0,0
LGS2ORD0009410,C015597,2025-03-16 12:00:00,Male,30,Gold,Lazada,Chiang Mai,1109,Lazada,Bank_Transfer,12,3,6,1,20-30,36.96666666666667,0.0,0.0,0.0,-1,-1,0.0,0.0,0.0,0.0,0.0,0.0,0,0,0.0,0.0,0,0,0.0,0.0,0,0,0.0,0.0,0,0,0.0,0
LGS2ORD0009411,C015229,2025-03-16 13:00:00,Female,28,Bronze,Shopee,Bangkok,1391,Web,COD,13,3,6,1,20-30,46.36666666666667,2.0,0.0,0.0,-1,33,6421.0650000000005,0.13,0.5,0.0,0.0,0.0,0,0,0.0,0.0,0,0,0.0,12842.130000000001,2,0,0.0,12842.130000000001,2,0,0.0,1
LGS2ORD0009412,C013441,2025-03-16 13:00:00,Male,21,Gold,TV,Remote_Area,455,TV_Show,COD,13,3,6,1,20-30,15.166666666666666,1.0,0.0,0.0,-1,16,5452.6,0.33,0.0,1.0,0.0,0.0,0,0,0.0,5452.6,1,0,0.0,5452.6,1,0,0.0,5452.6,1,0,0.0,1
LGS2ORD0009413,C016898,2025-03-16 13:00:00,Female,49,Bronze,Shopee,Phuket,1341,TV_Show,Bank_Transfer,13,3,6,1,40-50,44.7,5.0,1.0,0.2,35,2,10699.514,0.23,0.2,0.2,0.0,5372.72,1,0,0.0,5372.72,1,0,0.0,53497.57,5,1,0.2,53497.57,5,1,0.2,0
LGS2ORD0009414,C017428,2025-03-16 13:00:00,Male,35,Gold,Lazada,Phuket,1374,Shopee,Credit_Card,13,3,6,1,30-40,45.8,1.0,1.0,1.0,-7,4,5820.7,0.28,1.0,1.0,0.0,5820.7,1,1,1.0,5820.7,1,1,1.0,5820.7,1,1,1.0,5820.7,1,1,1.0,0
LGS2ORD0009415,C010972,2025-03-16 13:00:00,Male,33,Bronze,Web,Bangkok,1415,TV_Show,COD,13,3,6,1,30-40,47.166666666666664,1.0,0.0,0.0,-1,21,12475.75,0.03,0.0,0.0,0.0,0.0,0,0,0.0,12475.75,1,0,0.0,12475.75,1,0,0.0,12475.75,1,0,0.0,1
LGS2ORD0009416,C012559,2025-03-16 13:00:00,Male,41,Silver,Web,Phuket,255,Web,COD,13,3,6,1,40-50,8.5,1.0,0.0,0.0,-1,69,1655.76,0.05,1.0,0.0,0.0,0.0,0,0,0.0,0.0,0,0,0.0,1655.76,1,0,0.0,1655.76,1,0,0.0,1
LGS2ORD0009417,C016405,2025-03-16 14:00:00,Male,50,Bronze,TV,Phuket,641,CallCenter,PromptPay,14,3,6,1,40-50,21.366666666666667,0.0,0.0,0.0,-1,-1,0.0,0.0,0.0,0.0,0.0,0.0,0,0,0.0,0.0,0,0,0.0,0.0,0,0,0.0,0.0,0,0,0.0,0
LGS2ORD0009418,C015501,2025-03-16 14:00:00,Male,44,Bronze,TV,Phuket,983,Shopee,COD,14,3,6,1,40-50,32.766666666666666,1.0,1.0,1.0,67,72,388.3,0.18,1.0,0.0,0.0,0.0,0,0,0.0,0.0,0,0,0.0,388.3,1,1,1.0,388.3,1,1,1.0,0
LGS2ORD0009419,C015273,2025-03-16 14:00:00,Male,57,Gold,Web,Chonburi,1106,Web,Credit_Card,14,3,6,1,>50,36.86666666666667,2.0,0.0,0.0,-1,42,17321.63,0.28,0.5,0.5,0.0,0.0,0,0,0.0,0.0,0,0,0.0,34643.26,2,0,0.0,34643.26,2,0,0.0,0
LGS2ORD0009420,C011593,2025-03-16 14:00:00,Female,38,Bronze,TV,Chiang Mai,375,CallCenter,PromptPay,14,3,6,1,30-40,12.5,0.0,0.0,0.0,-1,-1,0.0,0.0,0.0,0.0,0.0,0.0,0,0,0.0,0.0,0,0,0.0,0.0,0,0,0.0,0.0,0,0,0.0,0
LGS2ORD0009421,C015922,2025-03-16 14:00:00,Male,50,Bronze,Lazada,Bangkok,1098,TV_Show,COD,14,3,6,1,40-50,36.6,1.0,1.0,1.0,-5,3,800.18,0.03,1.0,0.0,0.0,800.18,1,1,1.0,800.18,1,1,1.0,800.18,1,1,1.0,800.18,1,1,1.0,0
LGS2ORD0009422,C013052,2025-03-16 15:00:00,Female,61,Gold,CallCenter,Bangkok,421,Shopee,Bank_Transfer,15,3,6,1,>50,14.033333333333333,0.0,0.0,0.0,-1,-1,0.0,0.0,0.0,0.0,0.0,0.0,0,0,0.0,0.0,0,0,0.0,0.0,0,0,0.0,0.0,0,0,0.0,0
LGS2ORD0009423,C013482,2025-03-16 15:00:00,Female,51,Gold,Shopee,Chiang Mai,612,Web,COD,15,3,6,1,>50,20.4,2.0,1.0,0.5,44,49,2575.0249999999996,0.13,0.5,0.0,0.0,0.0,0,0,0.0,0.0,0,0,0.0,5150.049999999999,2,1,0.5,5150.049999999999,2,1,0.5,0
LGS2ORD0009424,C012838,2025-03-16 15:00:00,Female,40,Silver,TV,Bangkok,154,Shopee,COD,15,3,6,1,30-40,5.133333333333334,1.0,0.0,0.0,-1,27,2258.2,0.05,0.0,0.0,0.0,0.0,0,0,0.0,2258.2,1,0,0.0,2258.2,1,0,0.0,2258.2,1,0,0.0,0
LGS2ORD0009425,C015497,2025-03-16 15:00:00,Male,55,Silver,Lazada,Nakhon Ratchasima,417,Lazada,COD,15,3,6,1,>50,13.9,1.0,1.0,1.0,41,52,3312.83,0.25,1.0,1.0,0.0,0.0,0,0,0.0,0.0,0,0,0.0,3312.83,1,1,1.0,3312.83,1,1,1.0,0
LGS2ORD0009426,C012048,2025-03-16 15:00:00,Female,29,Gold,Lazada,Nakhon Ratchasima,480,TV_Show,COD,15,3,6,1,20-30,16.0,0.0,0.0,0.0,-1,-1,0.0,0.0,0.0,0.0,0.0,0.0,0,0,0.0,0.0,0,0,0.0,0.0,0,0,0.0,0.0,0,0,0.0,1
LGS2ORD0009427,C012716,2025-03-16 16:00:00,Male,54,Bronze,Lazada,Songkhla,745,TV_Show,PromptPay,16,3,6,1,>50,24.833333333333332,2.0,1.0,0.5,12,24,6853.59,0.28,0.5,0.5,0.0,0.0,0,0,0.0,13707.18,2,1,0.5,13707.18,2,1,0.5,13707.18,2,1,0.5,0
LGS2ORD0009428,C012188,2025-03-16 16:00:00,Female,50,Bronze,Web,Songkhla,1359,TV_Show,Credit_Card,16,3,6,1,40-50,45.3,0.0,0.0,0.0,-1,-1,0.0,0.0,0.0,0.0,0.0,0.0,0,0,0.0,0.0,0,0,0.0,0.0,0,0,0.0,0.0,0,0,0.0,0
LGS2ORD0009429,C017696,2025-03-16 16:00:00,Male,40,Silver,TV,Bangkok,1158,Lazada,COD,16,3,6,1,30-40,38.6,1.0,1.0,1.0,25,40,11271.97,0.2,1.0,0.0,0.0,0.0,0,0,0.0,0.0,0,0,0.0,11271.97,1,1,1.0,11271.97,1,1,1.0,1
LGS2ORD0009430,C013263,2025-03-16 16:00:00,Female,30,Bronze,TV,Remote_Area,1185,TV_Show,Bank_Transfer,16,3,6,1,20-30,39.5,0.0,0.0,0.0,-1,-1,0.0,0.0,0.0,0.0,0.0,0.0,0,0,0.0,0.0,0,0,0.0,0.0,0,0,0.0,0.0,0,0,0.0,0
LGS2ORD0009431,C016973,2025-03-16 16:00:00,Female,33,Bronze,TV,Chiang Mai,511,Web,COD,16,3,6,1,30-40,17.033333333333335,2.0,0.0,0.0,-1,8,1810.045,0.08,0.5,0.0,0.0,0.0,0,0,0.0,3620.09,2,0,0.0,3620.09,2,0,0.0,3620.09,2,0,0.0,0
LGS2ORD0009432,C012426,2025-03-16 16:00:00,Female,53,Bronze,TV,Chonburi,219,Web,PromptPay,16,3,6,1,>50,7.3,1.0,1.0,1.0,-1,9,2322.23,0.08,1.0,0.0,0.0,0.0,0,0,0.0,2322.23,1,1,1.0,2322.23,1,1,1.0,2322.23,1,1,1.0,1
LGS2ORD0009433,C010309,2025-03-16 17:00:00,Male,18,Bronze,TV,Chonburi,354,TV_Show,Credit_Card,17,3,6,1,<20,11.8,0.0,0.0,0.0,-1,-1,0.0,0.0,0.0,0.0,0.0,0.0,0,0,0.0,0.0,0,0,0.0,0.0,0,0,0.0,0.0,0,0,0.0,0
LGS2ORD0009434,C017702,2025-03-16 17:00:00,Female,52,Gold,Web,Bangkok,335,TV_Show,COD,17,3,6,1,>50,11.166666666666666,1.0,0.0,0.0,-1,8,824.79,0.2299999999999999,1.0,1.0,0.0,0.0,0,0,0.0,824.79,1,0,0.0,824.79,1,0,0.0,824.79,1,0,0.0,0
LGS2ORD0009435,C013432,2025-03-16 17:00:00,Male,57,Bronze,Shopee,Chonburi,898,TV_Show,Credit_Card,17,3,6,1,>50,29.933333333333334,3.0,0.0,0.0,-1,22,3503.4833333333336,0.23,0.6666666666666666,0.3333333333333333,0.0,0.0,0,0,0.0,696.37,1,0,0.0,10510.45,3,0,0.0,10510.45,3,0,0.0,0
LGS2ORD0009436,C014897,2025-03-16 17:00:00,Male,20,Bronze,TV,Bangkok,1236,Lazada,Credit_Card,17,3,6,1,<20,41.2,1.0,0.0,0.0,-1,63,605.85,0.08,1.0,0.0,0.0,0.0,0,0,0.0,0.0,0,0,0.0,605.85,1,0,0.0,605.85,1,0,0.0,0
LGS2ORD0009437,C010307,2025-03-16 17:00:00,Male,54,Bronze,Shopee,Chonburi,349,Web,COD,17,3,6,1,>50,11.633333333333333,3.0,0.0,0.0,-1,21,5687.97,0.18,1.0,0.0,0.0,0.0,0,0,0.0,4568.84,1,0,0.0,17063.91,3,0,0.0,17063.91,3,0,0.0,1
LGS2ORD0009438,C017573,2025-03-16 18:00:00,Male,44,Bronze,Web,Khon Kaen,165,Shopee,COD,18,3,6,1,40-50,5.5,0.0,0.0,0.0,-1,-1,0.0,0.0,0.0,0.0,0.0,0.0,0,0,0.0,0.0,0,0,0.0,0.0,0,0,0.0,0.0,0,0,0.0,1
LGS2ORD0009439,C012099,2025-03-16 18:00:00,Female,33,Bronze,TV,Bangkok,1478,Shopee,COD,18,3,6,1,30-40,49.266666666666666,1.0,1.0,1.0,49,61,8968.91,0.03,0.0,0.0,0.0,0.0,0,0,0.0,0.0,0,0,0.0,8968.91,1,1,1.0,8968.91,1,1,1.0,0
LGS2ORD0009440,C011956,2025-03-16 18:00:00,Female,31,Bronze,Lazada,Phuket,190,Web,Bank_Transfer,18,3,6,1,30-40,6.333333333333333,0.0,0.0,0.0,-1,-1,0.0,0.0,0.0,0.0,0.0,0.0,0,0,0.0,0.0,0,0,0.0,0.0,0,0,0.0,0.0,0,0,0.0,0
LGS2ORD0009441,C011132,2025-03-16 18:00:00,Female,39,Bronze,TV,Khon Kaen,829,Web,PromptPay,18,3,6,1,30-40,27.633333333333333,3.0,2.0,0.6666666666666666,10,20,7726.589999999999,0.23,1.0,0.3333333333333333,0.0,0.0,0,0,0.0,578.3,1,1,1.0,23179.769999999997,3,2,0.6666666666666666,23179.769999999997,3,2,0.6666666666666666,0
LGS2ORD0009442,C017763,2025-03-16 18:00:00,Male,38,Bronze,TV,Nakhon Ratchasima,99,CallCenter,Credit_Card,18,3,6,1,30-40,3.3,1.0,0.0,0.0,-1,59,8628.26,0.03,0.0,0.0,0.0,0.0,0,0,0.0,0.0,0,0,0.0,8628.26,1,0,0.0,8628.26,1,0,0.0,0
LGS2ORD0009443,C011750,2025-03-16 19:00:00,Female,59,Bronze,TV,Khon Kaen,283,Shopee,COD,19,3,6,1,>50,9.433333333333334,5.0,2.0,0.4,6,7,5673.620000000001,0.28,1.0,0.4,0.0,0.0,0,0,0.0,15554.74,2,1,0.5,28368.100000000002,5,2,0.4,28368.100000000002,5,2,0.4,0
LGS2ORD0009444,C013483,2025-03-16 19:00:00,Other,33,Silver,Web,Bangkok,176,CallCenter,COD,19,3,6,1,30-40,5.866666666666666,0.0,0.0,0.0,-1,-1,0.0,0.0,0.0,0.0,0.0,0.0,0,0,0.0,0.0,0,0,0.0,0.0,0,0,0.0,0.0,0,0,0.0,0
LGS2ORD0009445,C013896,2025-03-16 19:00:00,Female,65,Bronze,TV,Phuket,445,Web,Bank_Transfer,19,3,6,1,>50,14.833333333333334,2.0,2.0,1.0,20,24,4143.045,0.23,1.0,0.5,0.0,0.0,0,0,0.0,4221.17,1,1,1.0,8286.09,2,2,1.0,8286.09,2,2,1.0,1
LGS2ORD0009446,C014847,2025-03-16 19:00:00,Male,28,Silver,Web,Remote_Area,1203,TV_Show,Bank_Transfer,19,3,6,1,20-30,40.1,1.0,0.0,0.0,-1,14,285.62,0.2,0.0,0.0,0.0,0.0,0,0,0.0,285.62,1,0,0.0,285.62,1,0,0.0,285.62,1,0,0.0,0
LGS2ORD0009447,C014623,2025-03-16 19:00:00,Female,44,Bronze,Shopee,Nakhon Ratchasima,379,Lazada,Bank_Transfer,19,3,6,1,40-50,12.633333333333333,1.0,0.0,0.0,-1,15,7577.87,0.03,0.0,0.0,0.0,0.0,0,0,0.0,7577.87,1,0,0.0,7577.87,1,0,0.0,7577.87,1,0,0.0,0
LGS2ORD0009448,C012820,2025-03-16 20:00:00,Female,49,Silver,TV,Remote_Area,1518,TV_Show,PromptPay,20,3,6,1,40-50,50.6,0.0,0.0,0.0,-1,-1,0.0,0.0,0.0,0.0,0.0,0.0,0,0,0.0,0.0,0,0,0.0,0.0,0,0,0.0,0.0,0,0,0.0,0
LGS2ORD0009449,C013424,2025-03-16 20:00:00,Male,62,Bronze,Web,Chonburi,870,Lazada,COD,20,3,6,1,>50,29.0,3.0,1.0,0.3333333333333333,26,6,11049.99,0.18,1.0,0.0,0.0,25615.98,1,0,0.0,25615.98,1,0,0.0,33149.97,3,1,0.3333333333333333,33149.97,3,1,0.3333333333333333,0
LGS2ORD0009450,C014747,2025-03-16 20:00:00,Female,21,Bronze,Web,Phuket,836,Lazada,COD,20,3,6,1,20-30,27.866666666666667,1.0,0.0,0.0,-1,48,1070.75,0.18,0.0,0.0,0.0,0.0,0,0,0.0,0.0,0,0,0.0,1070.75,1,0,0.0,1070.75,1,0,0.0,1
LGS2ORD0009451,C012823,2025-03-16 20:00:00,Female,56,Bronze,Web,Phuket,1291,CallCenter,Bank_Transfer,20,3,6,1,>50,43.03333333333333,1.0,1.0,1.0,13,27,4965.5,0.28,1.0,1.0,0.0,0.0,0,0,0.0,4965.5,1,1,1.0,4965.5,1,1,1.0,4965.5,1,1,1.0,0
LGS2ORD0009452,C017969,2025-03-16 20:00:00,Male,50,Silver,TV,Remote_Area,1122,Lazada,COD,20,3,6,1,40-50,37.4,1.0,0.0,0.0,-1,31,1993.67,0.1,0.0,0.0,0.0,0.0,0,0,0.0,0.0,0,0,0.0,1993.67,1,0,0.0,1993.67,1,0,0.0,0
LGS2ORD0009453,C010860,2025-03-16 20:00:00,Female,59,Bronze,TV,Phuket,1322,Web,Credit_Card,20,3,6,1,>50,44.06666666666667,1.0,1.0,1.0,41,53,1635.44,0.18,0.0,0.0,0.0,0.0,0,0,0.0,0.0,0,0,0.0,1635.44,1,1,1.0,1635.44,1,1,1.0,1
LGS2ORD0009454,C011494,2025-03-16 21:00:00,Female,23,Platinum,Lazada,Bangkok,193,Lazada,COD,21,3,6,1,20-30,6.433333333333334,3.0,1.0,0.3333333333333333,19,4,9542.746666666668,0.1,0.3333333333333333,0.0,0.0,7565.06,1,0,0.0,20319.7,2,1,0.5,28628.24,3,1,0.3333333333333333,28628.24,3,1,0.3333333333333333,1
LGS2ORD0009455,C013213,2025-03-16 21:00:00,Female,53,Bronze,Web,Songkhla,1336,Web,Credit_Card,21,3,6,1,>50,44.53333333333333,2.0,2.0,1.0,24,33,5242.24,0.28,1.0,1.0,0.0,0.0,0,0,0.0,0.0,0,0,0.0,10484.48,2,2,1.0,10484.48,2,2,1.0,0
LGS2ORD0009456,C015115,2025-03-16 21:00:00,Female,53,Gold,Lazada,Phuket,226,Web,Credit_Card,21,3,6,1,>50,7.533333333333333,0.0,0.0,0.0,-1,-1,0.0,0.0,0.0,0.0,0.0,0.0,0,0,0.0,0.0,0,0,0.0,0.0,0,0,0.0,0.0,0,0,0.0,0
LGS2ORD0009457,C011646,2025-03-16 21:00:00,Male,54,Bronze,TV,Phuket,928,Web,COD,21,3,6,1,>50,30.933333333333334,1.0,0.0,0.0,-1,17,25082.18,0.08,0.0,0.0,0.0,0.0,0,0,0.0,25082.18,1,0,0.0,25082.18,1,0,0.0,25082.18,1,0,0.0,0
LGS2ORD0009458,C016954,2025-03-16 21:00:00,Male,51,Bronze,Web,Chonburi,848,TV_Show,Credit_Card,21,3,6,1,>50,28.266666666666666,0.0,0.0,0.0,-1,-1,0.0,0.0,0.0,0.0,0.0,0.0,0,0,0.0,0.0,0,0,0.0,0.0,0,0,0.0,0.0,0,0,0.0,0
LGS2ORD0009459,C010838,2025-03-16 22:00:00,Female,28,Gold,TV,Remote_Area,741,Web,Bank_Transfer,22,3,6,1,20-30,24.7,1.0,0.0,0.0,-1,35,13535.15,0.08,1.0,0.0,0.0,0.0,0,0,0.0,0.0,0,0,0.0,13535.15,1,0,0.0,13535.15,1,0,0.0,1
LGS2ORD0009460,C011358,2025-03-16 22:00:00,Male,27,Silver,Lazada,Bangkok,602,Lazada,Credit_Card,22,3,6,1,20-30,20.066666666666666,2.0,0.0,0.0,-1,16,3604.0550000000003,0.2,0.5,0.0,0.0,0.0,0,0,0.0,3952.83,1,0,0.0,7208.110000000001,2,0,0.0,7208.110000000001,2,0,0.0,0
LGS2ORD0009461,C012078,2025-03-16 22:00:00,Male,36,Silver,Web,Chiang Mai,627,TV_Show,COD,22,3,6,1,30-40,20.9,1.0,0.0,0.0,-1,73,1578.21,0.05,0.0,0.0,0.0,0.0,0,0,0.0,0.0,0,0,0.0,1578.21,1,0,0.0,1578.21,1,0,0.0,0
LGS2ORD0009462,C011546,2025-03-16 22:00:00,Female,43,Bronze,Lazada,Nakhon Ratchasima,715,Lazada,COD,22,3,6,1,40-50,23.833333333333332,2.0,1.0,0.5,50,61,5378.36,0.08,1.0,0.0,0.0,0.0,0,0,0.0,0.0,0,0,0.0,10756.72,2,1,0.5,10756.72,2,1,0.5,1
LGS2ORD0009463,C016474,2025-03-16 22:00:00,Male,40,Bronze,TV,Khon Kaen,962,CallCenter,COD,22,3,6,1,30-40,32.06666666666667,3.0,0.0,0.0,-1,19,6037.040000000001,0.18,0.6666666666666666,0.0,0.0,0.0,0,0,0.0,4427.27,1,0,0.0,18111.120000000003,3,0,0.0,18111.120000000003,3,0,0.0,0
LGS2ORD0009464,C013648,2025-03-16 23:00:00,Female,61,Bronze,TV,Bangkok,489,TV_Show,PromptPay,23,3,6,1,>50,16.3,1.0,0.0,0.0,-1,59,18388.99,0.13,1.0,0.0,0.0,0.0,0,0,0.0,0.0,0,0,0.0,18388.99,1,0,0.0,18388.99,1,0,0.0,0
LGS2ORD0009465,C012810,2025-03-16 23:00:00,Female,49,Bronze,CallCenter,Chonburi,277,TV_Show,COD,23,3,6,1,40-50,9.233333333333333,1.0,0.0,0.0,-1,74,862.31,0.18,1.0,0.0,0.0,0.0,0,0,0.0,0.0,0,0,0.0,862.31,1,0,0.0,862.31,1,0,0.0,0
LGS2ORD0009466,C012140,2025-03-16 23:00:00,Male,52,Gold,Shopee,Songkhla,848,TV_Show,PromptPay,23,3,6,1,>50,28.266666666666666,1.0,1.0,1.0,20,29,6871.19,0.28,1.0,1.0,0.0,0.0,0,0,0.0,6871.19,1,1,1.0,6871.19,1,1,1.0,6871.19,1,1,1.0,0
LGS2ORD0009467,C012034,2025-03-16 23:00:00,Female,25,Bronze,TV,Bangkok,542,TV_Show,PromptPay,23,3,6,1,20-30,18.066666666666666,3.0,1.0,0.3333333333333333,20,34,2804.396666666667,0.23,0.3333333333333333,0.3333333333333333,0.0,0.0,0,0,0.0,0.0,0,0,0.0,8413.19,3,1,0.3333333333333333,8413.19,3,1,0.3333333333333333,0
LGS2ORD0009468,C014642,2025-03-16 23:00:00,Male,60,Silver,Shopee,Phuket,1452,TV_Show,COD,23,3,6,1,>50,48.4,1.0,1.0,1.0,8,20,624.0,0.1,1.0,0.0,0.0,0.0,0,0,0.0,624.0,1,1,1.0,624.0,1,1,1.0,624.0,1,1,1.0,0
LGS2ORD0009469,C014645,2025-03-17 00:00:00,Female,53,Gold,Shopee,Bangkok,1208,Web,PromptPay,0,3,0,0,>50,40.266666666666666,0.0,0.0,0.0,-1,-1,0.0,0.0,0.0,0.0,0.0,0.0,0,0,0.0,0.0,0,0,0.0,0.0,0,0,0.0,0.0,0,0,0.0,1
LGS2ORD0009470,C014771,2025-03-17 00:00:00,Female,40,Gold,TV,Khon Kaen,1265,Web,PromptPay,0,3,0,0,30-40,42.166666666666664,1.0,0.0,0.0,-1,34,5339.02,0.18,1.0,0.0,0.0,0.0,0,0,0.0,0.0,0,0,0.0,5339.02,1,0,0.0,5339.02,1,0,0.0,0
LGS2ORD0009471,C011922,2025-03-17 00:00:00,Female,25,Gold,Shopee,Chonburi,1216,Shopee,COD,0,3,0,0,20-30,40.53333333333333,1.0,0.0,0.0,-1,16,10730.31,0.08,0.0,0.0,0.0,0.0,0,0,0.0,10730.31,1,0,0.0,10730.31,1,0,0.0,10730.31,1,0,0.0,0
LGS2ORD0009472,C010925,2025-03-17 00:00:00,Male,39,Bronze,TV,Chiang Mai,999,TV_Show,COD,0,3,0,0,30-40,33.3,0.0,0.0,0.0,-1,-1,0.0,0.0,0.0,0.0,0.0,0.0,0,0,0.0,0.0,0,0,0.0,0.0,0,0,0.0,0.0,0,0,0.0,0
LGS2ORD0009473,C011974,2025-03-17 00:00:00,Male,37,Silver,TV,Khon Kaen,771,TV_Show,PromptPay,0,3,0,0,30-40,25.7,1.0,0.0,0.0,-1,70,7639.54,0.2,0.0,0.0,0.0,0.0,0,0,0.0,0.0,0,0,0.0,7639.54,1,0,0.0,7639.54,1,0,0.0,0
LGS2ORD0009474,C014907,2025-03-17 00:00:00,Male,50,Gold,CallCenter,Chiang Mai,347,Shopee,Credit_Card,0,3,0,0,40-50,11.566666666666666,1.0,0.0,0.0,-1,47,7319.91,0.18,0.0,0.0,0.0,0.0,0,0,0.0,0.0,0,0,0.0,7319.91,1,0,0.0,7319.91,1,0,0.0,1
LGS2ORD0009475,C010158,2025-03-17 01:00:00,Male,31,Silver,Web,Remote_Area,1429,Shopee,COD,1,3,0,0,30-40,47.63333333333333,0.0,0.0,0.0,-1,-1,0.0,0.0,0.0,0.0,0.0,0.0,0,0,0.0,0.0,0,0,0.0,0.0,0,0,0.0,0.0,0,0,0.0,1
LGS2ORD0009476,C016567,2025-03-17 01:00:00,Female,48,Gold,TV,Khon Kaen,752,Shopee,Bank_Transfer,1,3,0,0,40-50,25.066666666666666,0.0,0.0,0.0,-1,-1,0.0,0.0,0.0,0.0,0.0,0.0,0,0,0.0,0.0,0,0,0.0,0.0,0,0,0.0,0.0,0,0,0.0,0
LGS2ORD0009477,C017077,2025-03-17 01:00:00,Male,48,Silver,Web,Bangkok,1128,Lazada,Bank_Transfer,1,3,0,0,40-50,37.6,1.0,1.0,1.0,26,39,8392.53,0.15,1.0,0.0,0.0,0.0,0,0,0.0,0.0,0,0,0.0,8392.53,1,1,1.0,8392.53,1,1,1.0,1
LGS2ORD0009478,C011336,2025-03-17 01:00:00,Male,27,Bronze,TV,Chiang Mai,307,TV_Show,Bank_Transfer,1,3,0,0,20-30,10.233333333333333,0.0,0.0,0.0,-1,-1,0.0,0.0,0.0,0.0,0.0,0.0,0,0,0.0,0.0,0,0,0.0,0.0,0,0,0.0,0.0,0,0,0.0,0
LGS2ORD0009479,C010972,2025-03-17 01:00:00,Male,33,Bronze,Web,Bangkok,1416,CallCenter,PromptPay,1,3,0,0,30-40,47.2,2.0,1.0,0.5,-9,0,9004.195,0.18,0.5,0.0,0.0,5532.64,1,1,1.0,18008.39,2,1,0.5,18008.39,2,1,0.5,18008.39,2,1,0.5,0
LGS2ORD0009480,C016931,2025-03-17 02:00:00,Male,41,Gold,Shopee,Bangkok,1028,Web,PromptPay,2,3,0,0,40-50,34.266666666666666,2.0,1.0,0.5,-7,3,2185.715,0.18,0.5,0.0,0.0,3441.38,1,1,1.0,3441.38,1,1,1.0,4371.43,2,1,0.5,4371.43,2,1,0.5,1
LGS2ORD0009481,C010607,2025-03-17 02:00:00,Female,33,Gold,Lazada,Bangkok,1143,Lazada,Bank_Transfer,2,3,0,0,30-40,38.1,2.0,0.0,0.0,-1,23,4251.005,0.18,0.0,0.0,0.0,0.0,0,0,0.0,2062.62,1,0,0.0,8502.01,2,0,0.0,8502.01,2,0,0.0,0
LGS2ORD0009482,C017482,2025-03-17 02:00:00,Female,29,Bronze,TV,Chiang Mai,1090,Lazada,PromptPay,2,3,0,0,20-30,36.333333333333336,2.0,0.0,0.0,-1,52,1036.81,0.08,0.0,0.0,0.0,0.0,0,0,0.0,0.0,0,0,0.0,2073.62,2,0,0.0,2073.62,2,0,0.0,1
LGS2ORD0009483,C017647,2025-03-17 02:00:00,Female,68,Silver,Lazada,Nakhon Ratchasima,884,Shopee,Credit_Card,2,3,0,0,>50,29.466666666666665,1.0,0.0,0.0,-1,40,8779.91,0.25,0.0,1.0,0.0,0.0,0,0,0.0,0.0,0,0,0.0,8779.91,1,0,0.0,8779.91,1,0,0.0,0
LGS2ORD0009484,C017396,2025-03-17 02:00:00,Male,28,Bronze,TV,Remote_Area,1061,Lazada,COD,2,3,0,0,20-30,35.36666666666667,3.0,2.0,0.6666666666666666,30,41,5732.003333333334,0.13,0.6666666666666666,0.0,0.0,0.0,0,0,0.0,0.0,0,0,0.0,17196.010000000002,3,2,0.6666666666666666,17196.010000000002,3,2,0.6666666666666666,1
LGS2ORD0009485,C015864,2025-03-17 03:00:00,Male,18,Gold,Web,Phuket,1470,Lazada,Credit_Card,3,3,0,0,<20,49.0,2.0,0.0,0.0,-1,30,17505.445,0.13,0.0,0.0,0.0,0.0,0,0,0.0,0.0,0,0,0.0,35010.89,2,0,0.0,35010.89,2,0,0.0,0
LGS2ORD0009486,C013122,2025-03-17 03:00:00,Female,41,Bronze,Lazada,Bangkok,87,Lazada,COD,3,3,0,0,40-50,2.9,0.0,0.0,0.0,-1,-1,0.0,0.0,0.0,0.0,0.0,0.0,0,0,0.0,0.0,0,0,0.0,0.0,0,0,0.0,0.0,0,0,0.0,1
LGS2ORD0009487,C015441,2025-03-17 03:00:00,Male,42,Bronze,Shopee,Phuket,1345,TV_Show,PromptPay,3,3,0,0,40-50,44.833333333333336,0.0,0.0,0.0,-1,-1,0.0,0.0,0.0,0.0,0.0,0.0,0,0,0.0,0.0,0,0,0.0,0.0,0,0,0.0,0.0,0,0,0.0,0
LGS2ORD0009488,C014088,2025-03-17 03:00:00,Female,30,Silver,TV,Songkhla,456,Web,Bank_Transfer,3,3,0,0,20-30,15.2,5.0,1.0,0.2,7,11,2971.868,0.25,0.4,0.2,0.0,0.0,0,0,0.0,13811.140000000001,4,1,0.25,14859.34,5,1,0.2,14859.34,5,1,0.2,0
LGS2ORD0009489,C011021,2025-03-17 03:00:00,Male,64,Bronze,TV,Bangkok,1410,Web,COD,3,3,0,0,>50,47.0,1.0,0.0,0.0,-1,31,3434.3,0.08,0.0,0.0,0.0,0.0,0,0,0.0,0.0,0,0,0.0,3434.3,1,0,0.0,3434.3,1,0,0.0,0
LGS2ORD0009490,C017013,2025-03-17 04:00:00,Female,42,Silver,CallCenter,Nakhon Ratchasima,1320,Web,Credit_Card,4,3,0,0,40-50,44.0,4.0,0.0,0.0,-1,7,11204.914999999999,0.3,0.25,0.5,0.0,0.0,0,0,0.0,29084.769999999997,3,0,0.0,44819.659999999996,4,0,0.0,44819.659999999996,4,0,0.0,0
LGS2ORD0009491,C015814,2025-03-17 04:00:00,Male,30,Bronze,Lazada,Phuket,1121,Web,COD,4,3,0,0,20-30,37.36666666666667,1.0,0.0,0.0,-1,21,684.41,0.28,0.0,1.0,0.0,0.0,0,0,0.0,684.41,1,0,0.0,684.41,1,0,0.0,684.41,1,0,0.0,0
LGS2ORD0009492,C010873,2025-03-17 04:00:00,Male,58,Bronze,TV,Chiang Mai,1032,TV_Show,COD,4,3,0,0,>50,34.4,1.0,1.0,1.0,14,28,5659.21,0.03,0.0,0.0,0.0,0.0,0,0,0.0,5659.21,1,1,1.0,5659.21,1,1,1.0,5659.21,1,1,1.0,0
LGS2ORD0009493,C010459,2025-03-17 04:00:00,Female,42,Silver,TV,Remote_Area,1216,Shopee,Credit_Card,4,3,0,0,40-50,40.53333333333333,1.0,0.0,0.0,-1,58,1216.57,0.2,1.0,0.0,0.0,0.0,0,0,0.0,0.0,0,0,0.0,1216.57,1,0,0.0,1216.57,1,0,0.0,0
LGS2ORD0009494,C013701,2025-03-17 04:00:00,Other,66,Gold,CallCenter,Khon Kaen,1246,Shopee,Bank_Transfer,4,3,0,0,>50,41.53333333333333,3.0,0.0,0.0,-1,53,6194.906666666667,0.28,0.3333333333333333,0.3333333333333333,0.0,0.0,0,0,0.0,0.0,0,0,0.0,18584.72,3,0,0.0,18584.72,3,0,0.0,1
LGS2ORD0009495,C012826,2025-03-17 04:00:00,Male,55,Bronze,Shopee,Chiang Mai,345,Lazada,PromptPay,4,3,0,0,>50,11.5,1.0,0.0,0.0,-1,23,861.24,0.03,0.0,0.0,0.0,0.0,0,0,0.0,861.24,1,0,0.0,861.24,1,0,0.0,861.24,1,0,0.0,0
LGS2ORD0009496,C017555,2025-03-17 05:00:00,Female,72,Gold,Web,Phuket,1275,Shopee,Credit_Card,5,3,0,0,>50,42.5,2.0,0.0,0.0,-1,15,1178.74,0.2299999999999999,0.5,0.5,0.0,0.0,0,0,0.0,1443.69,1,0,0.0,2357.48,2,0,0.0,2357.48,2,0,0.0,0
LGS2ORD0009497,C016924,2025-03-17 05:00:00,Female,41,Gold,Web,Chiang Mai,1155,CallCenter,COD,5,3,0,0,40-50,38.5,1.0,0.0,0.0,-1,12,7342.57,0.33,0.0,1.0,0.0,0.0,0,0,0.0,7342.57,1,0,0.0,7342.57,1,0,0.0,7342.57,1,0,0.0,1
LGS2ORD0009498,C011317,2025-03-17 05:00:00,Male,22,Gold,Shopee,Phuket,1077,TV_Show,COD,5,3,0,0,20-30,35.9,0.0,0.0,0.0,-1,-1,0.0,0.0,0.0,0.0,0.0,0.0,0,0,0.0,0.0,0,0,0.0,0.0,0,0,0.0,0.0,0,0,0.0,0
LGS2ORD0009499,C017158,2025-03-17 05:00:00,Male,60,Bronze,CallCenter,Chiang Mai,279,Shopee,COD,5,3,0,0,>50,9.3,0.0,0.0,0.0,-1,-1,0.0,0.0,0.0,0.0,0.0,0.0,0,0,0.0,0.0,0,0,0.0,0.0,0,0,0.0,0.0,0,0,0.0,0
LGS2ORD0009500,C014612,2025-03-17 05:00:00,Female,42,Gold,Web,Bangkok,121,Shopee,COD,5,3,0,0,40-50,4.033333333333333,2.0,0.0,0.0,-1,20,5272.174999999999,0.28,1.0,0.5,0.0,0.0,0,0,0.0,9107.21,1,0,0.0,10544.349999999999,2,0,0.0,10544.349999999999,2,0,0.0,0
LGS2ORD0009501,C014900,2025-03-17 06:00:00,Male,51,Gold,Web,Phuket,991,TV_Show,COD,6,3,0,0,>50,33.03333333333333,1.0,1.0,1.0,-9,4,3090.95,0.13,1.0,0.0,0.0,3090.95,1,1,1.0,3090.95,1,1,1.0,3090.95,1,1,1.0,3090.95,1,1,1.0,0
LGS2ORD0009502,C014474,2025-03-17 06:00:00,Female,52,Bronze,TV,Khon Kaen,1315,TV_Show,COD,6,3,0,0,>50,43.833333333333336,2.0,1.0,0.5,13,21,11808.18,0.23,0.5,0.5,0.0,0.0,0,0,0.0,22786.02,1,1,1.0,23616.36,2,1,0.5,23616.36,2,1,0.5,0
LGS2ORD0009503,C015843,2025-03-17 06:00:00,Male,48,Bronze,Shopee,Songkhla,721,Shopee,Credit_Card,6,3,0,0,40-50,24.033333333333335,1.0,1.0,1.0,7,16,3144.86,0.08,0.0,0.0,0.0,0.0,0,0,0.0,3144.86,1,1,1.0,3144.86,1,1,1.0,3144.86,1,1,1.0,0
LGS2ORD0009504,C017133,2025-03-17 06:00:00,Female,22,Gold,Shopee,Nakhon Ratchasima,1001,Shopee,Bank_Transfer,6,3,0,0,20-30,33.36666666666667,1.0,0.0,0.0,-1,61,8088.07,0.13,0.0,0.0,0.0,0.0,0,0,0.0,0.0,0,0,0.0,8088.07,1,0,0.0,8088.07,1,0,0.0,0
LGS2ORD0009505,C017039,2025-03-17 06:00:00,Female,25,Bronze,TV,Songkhla,1013,TV_Show,COD,6,3,0,0,20-30,33.766666666666666,0.0,0.0,0.0,-1,-1,0.0,0.0,0.0,0.0,0.0,0.0,0,0,0.0,0.0,0,0,0.0,0.0,0,0,0.0,0.0,0,0,0.0,0
LGS2ORD0009506,C016147,2025-03-17 07:00:00,Female,61,Bronze,TV,Bangkok,741,CallCenter,COD,7,3,0,0,>50,24.7,1.0,0.0,0.0,-1,3,11392.22,0.18,0.0,0.0,0.0,11392.22,1,0,0.0,11392.22,1,0,0.0,11392.22,1,0,0.0,11392.22,1,0,0.0,0
LGS2ORD0009507,C012765,2025-03-17 07:00:00,Female,36,Bronze,TV,Chiang Mai,1227,TV_Show,COD,7,3,0,0,30-40,40.9,1.0,0.0,0.0,-1,45,1472.29,0.23,0.0,1.0,0.0,0.0,0,0,0.0,0.0,0,0,0.0,1472.29,1,0,0.0,1472.29,1,0,0.0,1
LGS2ORD0009508,C013137,2025-03-17 07:00:00,Female,31,Gold,TV,Songkhla,511,Lazada,COD,7,3,0,0,30-40,17.033333333333335,1.0,1.0,1.0,27,37,1213.05,0.28,1.0,1.0,0.0,0.0,0,0,0.0,0.0,0,0,0.0,1213.05,1,1,1.0,1213.05,1,1,1.0,0
LGS2ORD0009509,C014016,2025-03-17 07:00:00,Female,34,Platinum,CallCenter,Chonburi,1135,Shopee,Credit_Card,7,3,0,0,30-40,37.833333333333336,2.0,0.0,0.0,-1,10,5808.145,0.15,0.5,0.0,0.0,0.0,0,0,0.0,10024.86,1,0,0.0,11616.29,2,0,0.0,11616.29,2,0,0.0,1
LGS2ORD0009510,C013249,2025-03-17 07:00:00,Female,63,Bronze,Web,Bangkok,474,Web,Credit_Card,7,3,0,0,>50,15.8,1.0,0.0,0.0,-1,63,1093.05,0.18,1.0,0.0,0.0,0.0,0,0,0.0,0.0,0,0,0.0,1093.05,1,0,0.0,1093.05,1,0,0.0,0
LGS2ORD0009511,C010973,2025-03-17 08:00:00,Female,35,Silver,TV,Songkhla,1208,CallCenter,COD,8,3,0,0,30-40,40.266666666666666,1.0,1.0,1.0,59,67,2747.32,0.3,1.0,1.0,0.0,0.0,0,0,0.0,0.0,0,0,0.0,2747.32,1,1,1.0,2747.32,1,1,1.0,0
LGS2ORD0009512,C010165,2025-03-17 08:00:00,Male,46,Gold,Web,Khon Kaen,647,Lazada,Credit_Card,8,3,0,0,40-50,21.566666666666666,0.0,0.0,0.0,-1,-1,0.0,0.0,0.0,0.0,0.0,0.0,0,0,0.0,0.0,0,0,0.0,0.0,0,0,0.0,0.0,0,0,0.0,1
LGS2ORD0009513,C010393,2025-03-17 08:00:00,Male,51,Bronze,Web,Remote_Area,1020,Web,PromptPay,8,3,0,0,>50,34.0,3.0,0.0,0.0,-1,28,6165.483333333334,0.23,0.6666666666666666,0.3333333333333333,0.0,0.0,0,0,0.0,15336.76,1,0,0.0,18496.45,3,0,0.0,18496.45,3,0,0.0,0
LGS2ORD0009514,C017052,2025-03-17 08:00:00,Male,35,Silver,TV,Songkhla,1386,Web,Bank_Transfer,8,3,0,0,30-40,46.2,2.0,0.0,0.0,-1,20,1347.4,0.05,0.0,0.0,0.0,0.0,0,0,0.0,948.76,1,0,0.0,2694.8,2,0,0.0,2694.8,2,0,0.0,1
LGS2ORD0009515,C012649,2025-03-17 08:00:00,Male,44,Bronze,Lazada,Bangkok,1295,Shopee,Credit_Card,8,3,0,0,40-50,43.166666666666664,2.0,1.0,0.5,30,4,4723.425,0.28,0.5,0.5,0.0,1523.48,1,0,0.0,1523.48,1,0,0.0,9446.85,2,1,0.5,9446.85,2,1,0.5,0
LGS2ORD0009516,C013829,2025-03-17 08:00:00,Female,66,Bronze,Lazada,Bangkok,806,TV_Show,COD,8,3,0,0,>50,26.866666666666667,0.0,0.0,0.0,-1,-1,0.0,0.0,0.0,0.0,0.0,0.0,0,0,0.0,0.0,0,0,0.0,0.0,0,0,0.0,0.0,0,0,0.0,0
LGS2ORD0009517,C016812,2025-03-17 09:00:00,Male,63,Bronze,Web,Chiang Mai,662,Shopee,Credit_Card,9,3,0,0,>50,22.066666666666666,3.0,1.0,0.3333333333333333,69,19,1248.8966666666668,0.28,0.3333333333333333,0.3333333333333333,0.0,0.0,0,0,0.0,275.8,1,0,0.0,3746.69,3,1,0.3333333333333333,3746.69,3,1,0.3333333333333333,0
LGS2ORD0009518,C015948,2025-03-17 09:00:00,Female,43,Silver,Lazada,Chiang Mai,244,Lazada,COD,9,3,0,0,40-50,8.133333333333333,1.0,0.0,0.0,-1,26,1672.82,0.15,1.0,0.0,0.0,0.0,0,0,0.0,1672.82,1,0,0.0,1672.82,1,0,0.0,1672.82,1,0,0.0,1
LGS2ORD0009519,C016473,2025-03-17 09:00:00,Male,46,Silver,Lazada,Phuket,825,Web,PromptPay,9,3,0,0,40-50,27.5,1.0,0.0,0.0,-1,58,2346.76,0.05,0.0,0.0,0.0,0.0,0,0,0.0,0.0,0,0,0.0,2346.76,1,0,0.0,2346.76,1,0,0.0,0
LGS2ORD0009520,C014633,2025-03-17 09:00:00,Male,38,Bronze,CallCenter,Chonburi,190,Shopee,COD,9,3,0,0,30-40,6.333333333333333,1.0,0.0,0.0,-1,53,1534.44,0.18,1.0,0.0,0.0,0.0,0,0,0.0,0.0,0,0,0.0,1534.44,1,0,0.0,1534.44,1,0,0.0,0
LGS2ORD0009521,C016496,2025-03-17 09:00:00,Female,62,Bronze,TV,Bangkok,101,TV_Show,COD,9,3,0,0,>50,3.3666666666666667,0.0,0.0,0.0,-1,-1,0.0,0.0,0.0,0.0,0.0,0.0,0,0,0.0,0.0,0,0,0.0,0.0,0,0,0.0,0.0,0,0,0.0,0
LGS2ORD0009522,C015902,2025-03-17 10:00:00,Male,37,Bronze,Web,Nakhon Ratchasima,94,TV_Show,COD,10,3,0,0,30-40,3.1333333333333333,1.0,0.0,0.0,-1,1,2280.58,0.08,1.0,0.0,0.0,2280.58,1,0,0.0,2280.58,1,0,0.0,2280.58,1,0,0.0,2280.58,1,0,0.0,0
LGS2ORD0009523,C011095,2025-03-17 10:00:00,Male,54,Gold,Shopee,Bangkok,1284,Shopee,Credit_Card,10,3,0,0,>50,42.8,0.0,0.0,0.0,-1,-1,0.0,0.0,0.0,0.0,0.0,0.0,0,0,0.0,0.0,0,0,0.0,0.0,0,0,0.0,0.0,0,0,0.0,0
LGS2ORD0009524,C014143,2025-03-17 10:00:00,Male,25,Silver,Shopee,Bangkok,1017,Lazada,PromptPay,10,3,0,0,20-30,33.9,1.0,0.0,0.0,-1,70,3633.58,0.2,1.0,0.0,0.0,0.0,0,0,0.0,0.0,0,0,0.0,3633.58,1,0,0.0,3633.58,1,0,0.0,0
LGS2ORD0009525,C014909,2025-03-17 10:00:00,Female,44,Bronze,Shopee,Phuket,328,Lazada,PromptPay,10,3,0,0,40-50,10.933333333333334,1.0,0.0,0.0,-1,34,10267.86,0.03,0.0,0.0,0.0,0.0,0,0,0.0,0.0,0,0,0.0,10267.86,1,0,0.0,10267.86,1,0,0.0,0
LGS2ORD0009526,C013912,2025-03-17 10:00:00,Female,37,Bronze,CallCenter,Chonburi,1156,TV_Show,Credit_Card,10,3,0,0,30-40,38.53333333333333,0.0,0.0,0.0,-1,-1,0.0,0.0,0.0,0.0,0.0,0.0,0,0,0.0,0.0,0,0,0.0,0.0,0,0,0.0,0.0,0,0,0.0,0
LGS2ORD0009527,C011326,2025-03-17 11:00:00,Female,46,Gold,Web,Bangkok,620,Web,Credit_Card,11,3,0,0,40-50,20.666666666666668,0.0,0.0,0.0,-1,-1,0.0,0.0,0.0,0.0,0.0,0.0,0,0,0.0,0.0,0,0,0.0,0.0,0,0,0.0,0.0,0,0,0.0,1
LGS2ORD0009528,C011701,2025-03-17 11:00:00,Female,54,Bronze,Web,Phuket,255,Shopee,COD,11,3,0,0,>50,8.5,4.0,2.0,0.5,-3,12,4160.1525,0.08,0.5,0.0,0.0,0.0,0,0,0.0,7983.23,1,1,1.0,16640.61,4,2,0.5,16640.61,4,2,0.5,1
LGS2ORD0009529,C016900,2025-03-17 11:00:00,Female,45,Bronze,Lazada,Remote_Area,1182,CallCenter,COD,11,3,0,0,40-50,39.4,2.0,2.0,1.0,4,12,2815.8700000000003,0.28,1.0,0.5,0.0,0.0,0,0,0.0,5631.740000000001,2,2,1.0,5631.740000000001,2,2,1.0,5631.740000000001,2,2,1.0,0
LGS2ORD0009530,C014294,2025-03-17 11:00:00,Male,53,Gold,Web,Chonburi,455,Shopee,COD,11,3,0,0,>50,15.166666666666666,1.0,0.0,0.0,-1,59,180.97,0.18,0.0,0.0,0.0,0.0,0,0,0.0,0.0,0,0,0.0,180.97,1,0,0.0,180.97,1,0,0.0,0
LGS2ORD0009531,C016788,2025-03-17 11:00:00,Female,18,Bronze,Lazada,Songkhla,957,Shopee,COD,11,3,0,0,<20,31.9,2.0,0.0,0.0,-1,4,8903.255000000001,0.23,0.5,0.5,0.0,9148.51,1,0,0.0,9148.51,1,0,0.0,17806.510000000002,2,0,0.0,17806.510000000002,2,0,0.0,0
LGS2ORD0009532,C014809,2025-03-17 11:00:00,Male,55,Bronze,TV,Phuket,1068,Lazada,Credit_Card,11,3,0,0,>50,35.6,1.0,1.0,1.0,3,15,1980.03,0.03,1.0,0.0,0.0,0.0,0,0,0.0,1980.03,1,1,1.0,1980.03,1,1,1.0,1980.03,1,1,1.0,0
LGS2ORD0009533,C013190,2025-03-17 12:00:00,Female,35,Silver,TV,Bangkok,874,CallCenter,PromptPay,12,3,0,0,30-40,29.133333333333333,2.0,1.0,0.5,-12,2,2742.215,0.3,0.5,0.5,0.0,633.59,1,1,1.0,633.59,1,1,1.0,5484.43,2,1,0.5,5484.43,2,1,0.5,0
LGS2ORD0009534,C011615,2025-03-17 12:00:00,Female,51,Silver,Web,Chiang Mai,269,Web,Credit_Card,12,3,0,0,>50,8.966666666666667,1.0,0.0,0.0,-1,48,7293.05,0.15,1.0,0.0,0.0,0.0,0,0,0.0,0.0,0,0,0.0,7293.05,1,0,0.0,7293.05,1,0,0.0,0
LGS2ORD0009535,C017907,2025-03-17 12:00:00,Female,54,Silver,Lazada,Nakhon Ratchasima,1088,Web,PromptPay,12,3,0,0,>50,36.266666666666666,2.0,0.0,0.0,-1,15,1480.6,0.1,0.0,0.0,0.0,0.0,0,0,0.0,1858.69,1,0,0.0,2961.2,2,0,0.0,2961.2,2,0,0.0,1
LGS2ORD0009536,C010644,2025-03-17 12:00:00,Male,55,Bronze,Lazada,Bangkok,707,Web,COD,12,3,0,0,>50,23.566666666666666,3.0,1.0,0.3333333333333333,50,21,7687.78,0.13,0.0,0.0,0.0,0.0,0,0,0.0,9723.06,1,0,0.0,23063.34,3,1,0.3333333333333333,23063.34,3,1,0.3333333333333333,0
LGS2ORD0009537,C010502,2025-03-17 12:00:00,Male,61,Bronze,TV,Remote_Area,676,Shopee,COD,12,3,0,0,>50,22.533333333333335,1.0,1.0,1.0,10,16,8177.11,0.18,1.0,0.0,0.0,0.0,0,0,0.0,8177.11,1,1,1.0,8177.11,1,1,1.0,8177.11,1,1,1.0,1
LGS2ORD0009538,C015261,2025-03-17 13:00:00,Male,54,Silver,CallCenter,Chiang Mai,1422,TV_Show,Credit_Card,13,3,0,0,>50,47.4,0.0,0.0,0.0,-1,-1,0.0,0.0,0.0,0.0,0.0,0.0,0,0,0.0,0.0,0,0,0.0,0.0,0,0,0.0,0.0,0,0,0.0,0
LGS2ORD0009539,C015145,2025-03-17 13:00:00,Female,31,Bronze,CallCenter,Remote_Area,1153,Shopee,Credit_Card,13,3,0,0,30-40,38.43333333333333,1.0,1.0,1.0,49,65,13898.23,0.18,0.0,0.0,0.0,0.0,0,0,0.0,0.0,0,0,0.0,13898.23,1,1,1.0,13898.23,1,1,1.0,1
LGS2ORD0009540,C015733,2025-03-17 13:00:00,Female,23,Silver,Lazada,Chiang Mai,497,Web,Bank_Transfer,13,3,0,0,20-30,16.566666666666666,1.0,0.0,0.0,-1,14,4864.08,0.3,1.0,1.0,0.0,0.0,0,0,0.0,4864.08,1,0,0.0,4864.08,1,0,0.0,4864.08,1,0,0.0,0
LGS2ORD0009541,C017388,2025-03-17 13:00:00,Female,30,Silver,CallCenter,Bangkok,1522,TV_Show,PromptPay,13,3,0,0,20-30,50.733333333333334,3.0,1.0,0.3333333333333333,36,4,5108.553333333333,0.15,0.3333333333333333,0.0,0.0,3832.99,1,0,0.0,3832.99,1,0,0.0,15325.66,3,1,0.3333333333333333,15325.66,3,1,0.3333333333333333,0
LGS2ORD0009542,C014882,2025-03-17 13:00:00,Male,51,Bronze,Lazada,Remote_Area,1298,Shopee,PromptPay,13,3,0,0,>50,43.266666666666666,2.0,1.0,0.5,59,10,2707.705,0.18,0.0,0.0,0.0,0.0,0,0,0.0,1962.06,1,0,0.0,5415.41,2,1,0.5,5415.41,2,1,0.5,1
LGS2ORD0009543,C017693,2025-03-17 14:00:00,Female,44,Bronze,CallCenter,Phuket,368,TV_Show,Credit_Card,14,3,0,0,40-50,12.266666666666667,0.0,0.0,0.0,-1,-1,0.0,0.0,0.0,0.0,0.0,0.0,0,0,0.0,0.0,0,0,0.0,0.0,0,0,0.0,0.0,0,0,0.0,1
LGS2ORD0009544,C010745,2025-03-17 14:00:00,Male,49,Silver,CallCenter,Nakhon Ratchasima,985,TV_Show,COD,14,3,0,0,40-50,32.833333333333336,0.0,0.0,0.0,-1,-1,0.0,0.0,0.0,0.0,0.0,0.0,0,0,0.0,0.0,0,0,0.0,0.0,0,0,0.0,0.0,0,0,0.0,1
LGS2ORD0009545,C011532,2025-03-17 14:00:00,Male,56,Bronze,Web,Phuket,1242,TV_Show,COD,14,3,0,0,>50,41.4,1.0,0.0,0.0,-1,56,1229.18,0.08,1.0,0.0,0.0,0.0,0,0,0.0,0.0,0,0,0.0,1229.18,1,0,0.0,1229.18,1,0,0.0,0
LGS2ORD0009546,C011943,2025-03-17 14:00:00,Female,50,Silver,Web,Remote_Area,652,Shopee,COD,14,3,0,0,40-50,21.733333333333334,1.0,0.0,0.0,-1,7,211.29,0.05,1.0,0.0,0.0,0.0,0,0,0.0,211.29,1,0,0.0,211.29,1,0,0.0,211.29,1,0,0.0,0
LGS2ORD0009547,C016103,2025-03-17 14:00:00,Male,55,Gold,CallCenter,Remote_Area,1126,CallCenter,PromptPay,14,3,0,0,>50,37.53333333333333,0.0,0.0,0.0,-1,-1,0.0,0.0,0.0,0.0,0.0,0.0,0,0,0.0,0.0,0,0,0.0,0.0,0,0,0.0,0.0,0,0,0.0,1
LGS2ORD0009548,C016633,2025-03-17 15:00:00,Male,59,Bronze,CallCenter,Khon Kaen,1028,Web,COD,15,3,0,0,>50,34.266666666666666,0.0,0.0,0.0,-1,-1,0.0,0.0,0.0,0.0,0.0,0.0,0,0,0.0,0.0,0,0,0.0,0.0,0,0,0.0,0.0,0,0,0.0,0
LGS2ORD0009549,C011858,2025-03-17 15:00:00,Female,42,Bronze,Web,Remote_Area,536,Web,Bank_Transfer,15,3,0,0,40-50,17.866666666666667,1.0,1.0,1.0,15,21,2093.84,0.23,1.0,1.0,0.0,0.0,0,0,0.0,2093.84,1,1,1.0,2093.84,1,1,1.0,2093.84,1,1,1.0,0
LGS2ORD0009550,C015521,2025-03-17 15:00:00,Male,34,Gold,Shopee,Chiang Mai,1235,Lazada,Credit_Card,15,3,0,0,30-40,41.166666666666664,1.0,1.0,1.0,47,59,632.63,0.08,1.0,0.0,0.0,0.0,0,0,0.0,0.0,0,0,0.0,632.63,1,1,1.0,632.63,1,1,1.0,0
LGS2ORD0009551,C015332,2025-03-17 15:00:00,Male,38,Silver,Lazada,Songkhla,1477,Shopee,Credit_Card,15,3,0,0,30-40,49.233333333333334,0.0,0.0,0.0,-1,-1,0.0,0.0,0.0,0.0,0.0,0.0,0,0,0.0,0.0,0,0,0.0,0.0,0,0,0.0,0.0,0,0,0.0,0
LGS2ORD0009552,C011467,2025-03-17 15:00:00,Female,45,Bronze,Shopee,Chiang Mai,566,Lazada,COD,15,3,0,0,40-50,18.866666666666667,0.0,0.0,0.0,-1,-1,0.0,0.0,0.0,0.0,0.0,0.0,0,0,0.0,0.0,0,0,0.0,0.0,0,0,0.0,0.0,0,0,0.0,1
LGS2ORD0009553,C010832,2025-03-17 15:00:00,Female,37,Gold,TV,Songkhla,371,Shopee,COD,15,3,0,0,30-40,12.366666666666667,1.0,0.0,0.0,-1,57,3056.01,0.2299999999999999,0.0,1.0,0.0,0.0,0,0,0.0,0.0,0,0,0.0,3056.01,1,0,0.0,3056.01,1,0,0.0,0
LGS2ORD0009554,C012400,2025-03-17 16:00:00,Female,38,Bronze,TV,Phuket,1511,Lazada,Credit_Card,16,3,0,0,30-40,50.36666666666667,4.0,0.0,0.0,-1,19,9985.0625,0.18,0.75,0.0,0.0,0.0,0,0,0.0,9155.55,1,0,0.0,39940.25,4,0,0.0,39940.25,4,0,0.0,0
LGS2ORD0009555,C014837,2025-03-17 16:00:00,Female,42,Bronze,Lazada,Bangkok,1174,Web,PromptPay,16,3,0,0,40-50,39.13333333333333,2.0,0.0,0.0,-1,67,12709.2,0.18,0.0,0.0,0.0,0.0,0,0,0.0,0.0,0,0,0.0,25418.4,2,0,0.0,25418.4,2,0,0.0,1
LGS2ORD0009556,C016115,2025-03-17 16:00:00,Female,37,Bronze,Shopee,Remote_Area,523,TV_Show,COD,16,3,0,0,30-40,17.433333333333334,2.0,1.0,0.5,38,18,15638.99,0.28,0.5,0.5,0.0,0.0,0,0,0.0,14322.16,1,0,0.0,31277.98,2,1,0.5,31277.98,2,1,0.5,0
LGS2ORD0009557,C014443,2025-03-17 16:00:00,Male,47,Silver,TV,Remote_Area,1432,Lazada,COD,16,3,0,0,40-50,47.733333333333334,1.0,0.0,0.0,-1,30,910.48,0.15,1.0,0.0,0.0,0.0,0,0,0.0,0.0,0,0,0.0,910.48,1,0,0.0,910.48,1,0,0.0,1
LGS2ORD0009558,C012097,2025-03-17 16:00:00,Female,49,Gold,TV,Chiang Mai,1270,Shopee,COD,16,3,0,0,40-50,42.333333333333336,2.0,0.0,0.0,-1,35,426.775,0.13,0.5,0.0,0.0,0.0,0,0,0.0,0.0,0,0,0.0,853.55,2,0,0.0,853.55,2,0,0.0,1
LGS2ORD0009559,C015151,2025-03-17 17:00:00,Female,43,Gold,TV,Nakhon Ratchasima,188,Shopee,COD,17,3,0,0,40-50,6.266666666666667,5.0,0.0,0.0,-1,12,2266.064,0.28,0.6,0.4,0.0,0.0,0,0,0.0,3203.5299999999997,2,0,0.0,11330.32,5,0,0.0,11330.32,5,0,0.0,1
LGS2ORD0009560,C013891,2025-03-17 17:00:00,Female,35,Silver,Lazada,Remote_Area,917,Shopee,COD,17,3,0,0,30-40,30.566666666666666,0.0,0.0,0.0,-1,-1,0.0,0.0,0.0,0.0,0.0,0.0,0,0,0.0,0.0,0,0,0.0,0.0,0,0,0.0,0.0,0,0,0.0,0
LGS2ORD0009561,C013940,2025-03-17 17:00:00,Other,45,Gold,Shopee,Nakhon Ratchasima,354,Web,COD,17,3,0,0,40-50,11.8,0.0,0.0,0.0,-1,-1,0.0,0.0,0.0,0.0,0.0,0.0,0,0,0.0,0.0,0,0,0.0,0.0,0,0,0.0,0.0,0,0,0.0,0
LGS2ORD0009562,C015985,2025-03-17 17:00:00,Male,37,Bronze,Shopee,Remote_Area,1417,Lazada,PromptPay,17,3,0,0,30-40,47.233333333333334,1.0,0.0,0.0,-1,65,9521.15,0.13,0.0,0.0,0.0,0.0,0,0,0.0,0.0,0,0,0.0,9521.15,1,0,0.0,9521.15,1,0,0.0,0
LGS2ORD0009563,C012176,2025-03-17 17:00:00,Male,35,Silver,Web,Khon Kaen,1506,Shopee,PromptPay,17,3,0,0,30-40,50.2,1.0,0.0,0.0,-1,3,3164.02,0.05,1.0,0.0,0.0,3164.02,1,0,0.0,3164.02,1,0,0.0,3164.02,1,0,0.0,3164.02,1,0,0.0,1
LGS2ORD0009564,C011490,2025-03-17 18:00:00,Female,34,Silver,Lazada,Nakhon Ratchasima,1021,Shopee,Bank_Transfer,18,3,0,0,30-40,34.03333333333333,1.0,0.0,0.0,-1,23,1627.97,0.05,1.0,0.0,0.0,0.0,0,0,0.0,1627.97,1,0,0.0,1627.97,1,0,0.0,1627.97,1,0,0.0,0
LGS2ORD0009565,C016823,2025-03-17 18:00:00,Other,45,Bronze,TV,Phuket,389,Shopee,COD,18,3,0,0,40-50,12.966666666666667,2.0,1.0,0.5,57,7,4416.195,0.23,1.0,1.0,0.0,0.0,0,0,0.0,7320.09,1,0,0.0,8832.39,2,1,0.5,8832.39,2,1,0.5,1
LGS2ORD0009566,C013276,2025-03-17 18:00:00,Female,35,Bronze,Web,Phuket,965,TV_Show,Bank_Transfer,18,3,0,0,30-40,32.166666666666664,2.0,0.0,0.0,-1,2,3774.6050000000005,0.03,0.0,0.0,0.0,2958.03,1,0,0.0,2958.03,1,0,0.0,7549.210000000001,2,0,0.0,7549.210000000001,2,0,0.0,0
LGS2ORD0009567,C014709,2025-03-17 18:00:00,Male,40,Silver,Shopee,Khon Kaen,184,TV_Show,PromptPay,18,3,0,0,30-40,6.133333333333334,1.0,0.0,0.0,-1,62,6419.85,0.25,0.0,1.0,0.0,0.0,0,0,0.0,0.0,0,0,0.0,6419.85,1,0,0.0,6419.85,1,0,0.0,0
LGS2ORD0009568,C010262,2025-03-17 18:00:00,Female,49,Bronze,TV,Chiang Mai,737,Web,COD,18,3,0,0,40-50,24.566666666666666,2.0,0.0,0.0,-1,28,1057.99,0.18,0.5,0.0,0.0,0.0,0,0,0.0,691.72,1,0,0.0,2115.98,2,0,0.0,2115.98,2,0,0.0,1
LGS2ORD0009569,C011490,2025-03-17 19:00:00,Female,34,Silver,Lazada,Nakhon Ratchasima,1021,Lazada,COD,19,3,0,0,30-40,34.03333333333333,2.0,0.0,0.0,-1,0,4479.61,0.25,0.5,0.5,0.0,7331.25,1,0,0.0,8959.22,2,0,0.0,8959.22,2,0,0.0,8959.22,2,0,0.0,0
LGS2ORD0009570,C014146,2025-03-17 19:00:00,Female,37,Bronze,Lazada,Khon Kaen,833,Web,Credit_Card,19,3,0,0,30-40,27.766666666666666,1.0,0.0,0.0,-1,73,9743.94,0.18,1.0,0.0,0.0,0.0,0,0,0.0,0.0,0,0,0.0,9743.94,1,0,0.0,9743.94,1,0,0.0,0
LGS2ORD0009571,C017022,2025-03-17 19:00:00,Female,60,Bronze,Shopee,Chonburi,610,Shopee,Bank_Transfer,19,3,0,0,>50,20.333333333333332,1.0,1.0,1.0,13,22,1686.48,0.08,1.0,0.0,0.0,0.0,0,0,0.0,1686.48,1,1,1.0,1686.48,1,1,1.0,1686.48,1,1,1.0,0
LGS2ORD0009572,C013028,2025-03-17 19:00:00,Female,67,Silver,Lazada,Khon Kaen,177,TV_Show,Credit_Card,19,3,0,0,>50,5.9,0.0,0.0,0.0,-1,-1,0.0,0.0,0.0,0.0,0.0,0.0,0,0,0.0,0.0,0,0,0.0,0.0,0,0,0.0,0.0,0,0,0.0,0
LGS2ORD0009573,C017761,2025-03-17 19:00:00,Female,39,Bronze,Shopee,Nakhon Ratchasima,388,Web,COD,19,3,0,0,30-40,12.933333333333334,1.0,1.0,1.0,51,59,826.78,0.13,0.0,0.0,0.0,0.0,0,0,0.0,0.0,0,0,0.0,826.78,1,1,1.0,826.78,1,1,1.0,0
LGS2ORD0009574,C012622,2025-03-17 19:00:00,Female,22,Silver,Web,Bangkok,1386,Lazada,PromptPay,19,3,0,0,20-30,46.2,1.0,0.0,0.0,-1,21,208.49,0.1,0.0,0.0,0.0,0.0,0,0,0.0,208.49,1,0,0.0,208.49,1,0,0.0,208.49,1,0,0.0,0
LGS2ORD0009575,C010560,2025-03-17 20:00:00,Female,72,Bronze,Web,Nakhon Ratchasima,897,Shopee,Credit_Card,20,3,0,0,>50,29.9,2.0,1.0,0.5,9,13,3400.54,0.13,0.5,0.0,0.0,0.0,0,0,0.0,6801.08,2,1,0.5,6801.08,2,1,0.5,6801.08,2,1,0.5,0
LGS2ORD0009576,C010651,2025-03-17 20:00:00,Male,58,Gold,Shopee,Bangkok,1357,Shopee,COD,20,3,0,0,>50,45.233333333333334,1.0,0.0,0.0,-1,6,843.06,0.08,0.0,0.0,0.0,843.06,1,0,0.0,843.06,1,0,0.0,843.06,1,0,0.0,843.06,1,0,0.0,0
LGS2ORD0009577,C017455,2025-03-17 20:00:00,Male,47,Bronze,Web,Remote_Area,917,Shopee,COD,20,3,0,0,40-50,30.566666666666666,0.0,0.0,0.0,-1,-1,0.0,0.0,0.0,0.0,0.0,0.0,0,0,0.0,0.0,0,0,0.0,0.0,0,0,0.0,0.0,0,0,0.0,1
LGS2ORD0009578,C017880,2025-03-17 20:00:00,Female,32,Platinum,TV,Chonburi,438,Shopee,Credit_Card,20,3,0,0,30-40,14.6,0.0,0.0,0.0,-1,-1,0.0,0.0,0.0,0.0,0.0,0.0,0,0,0.0,0.0,0,0,0.0,0.0,0,0,0.0,0.0,0,0,0.0,1
LGS2ORD0009579,C015101,2025-03-17 20:00:00,Female,40,Gold,Shopee,Bangkok,1370,Lazada,PromptPay,20,3,0,0,30-40,45.666666666666664,0.0,0.0,0.0,-1,-1,0.0,0.0,0.0,0.0,0.0,0.0,0,0,0.0,0.0,0,0,0.0,0.0,0,0,0.0,0.0,0,0,0.0,0
LGS2ORD0009580,C011017,2025-03-17 21:00:00,Female,45,Gold,TV,Nakhon Ratchasima,148,Web,COD,21,3,0,0,40-50,4.933333333333334,0.0,0.0,0.0,-1,-1,0.0,0.0,0.0,0.0,0.0,0.0,0,0,0.0,0.0,0,0,0.0,0.0,0,0,0.0,0.0,0,0,0.0,1
LGS2ORD0009581,C011980,2025-03-17 21:00:00,Male,30,Silver,Shopee,Bangkok,1082,Lazada,Bank_Transfer,21,3,0,0,20-30,36.06666666666667,0.0,0.0,0.0,-1,-1,0.0,0.0,0.0,0.0,0.0,0.0,0,0,0.0,0.0,0,0,0.0,0.0,0,0,0.0,0.0,0,0,0.0,0
LGS2ORD0009582,C014383,2025-03-17 21:00:00,Male,32,Silver,CallCenter,Chiang Mai,256,TV_Show,Credit_Card,21,3,0,0,30-40,8.533333333333333,1.0,0.0,0.0,-1,11,258.56,0.2,0.0,0.0,0.0,0.0,0,0,0.0,258.56,1,0,0.0,258.56,1,0,0.0,258.56,1,0,0.0,0
LGS2ORD0009583,C014843,2025-03-17 21:00:00,Other,37,Bronze,TV,Remote_Area,532,TV_Show,PromptPay,21,3,0,0,30-40,17.733333333333334,3.0,1.0,0.3333333333333333,1,11,4716.42,0.23,0.3333333333333333,0.3333333333333333,0.0,0.0,0,0,0.0,10283.91,2,1,0.5,14149.26,3,1,0.3333333333333333,14149.26,3,1,0.3333333333333333,0
LGS2ORD0009584,C014957,2025-03-17 21:00:00,Female,37,Bronze,CallCenter,Bangkok,666,Shopee,Credit_Card,21,3,0,0,30-40,22.2,2.0,0.0,0.0,-1,19,7481.7,0.03,0.0,0.0,0.0,0.0,0,0,0.0,3661.24,1,0,0.0,14963.4,2,0,0.0,14963.4,2,0,0.0,0
LGS2ORD0009585,C012816,2025-03-17 22:00:00,Male,56,Silver,Web,Bangkok,1213,Lazada,PromptPay,22,3,0,0,>50,40.43333333333333,0.0,0.0,0.0,-1,-1,0.0,0.0,0.0,0.0,0.0,0.0,0,0,0.0,0.0,0,0,0.0,0.0,0,0,0.0,0.0,0,0,0.0,1
LGS2ORD0009586,C010796,2025-03-17 22:00:00,Male,53,Bronze,Web,Bangkok,1349,Lazada,Credit_Card,22,3,0,0,>50,44.96666666666667,2.0,0.0,0.0,-1,16,3626.22,0.18,0.5,0.0,0.0,0.0,0,0,0.0,6345.16,1,0,0.0,7252.44,2,0,0.0,7252.44,2,0,0.0,0
LGS2ORD0009587,C010226,2025-03-17 22:00:00,Female,51,Bronze,TV,Remote_Area,1487,Web,COD,22,3,0,0,>50,49.56666666666667,1.0,0.0,0.0,-1,7,4340.15,0.03,0.0,0.0,0.0,0.0,0,0,0.0,4340.15,1,0,0.0,4340.15,1,0,0.0,4340.15,1,0,0.0,0
LGS2ORD0009588,C010079,2025-03-17 22:00:00,Male,41,Bronze,Web,Khon Kaen,1043,Web,COD,22,3,0,0,40-50,34.766666666666666,0.0,0.0,0.0,-1,-1,0.0,0.0,0.0,0.0,0.0,0.0,0,0,0.0,0.0,0,0,0.0,0.0,0,0,0.0,0.0,0,0,0.0,0
LGS2ORD0009589,C013943,2025-03-17 22:00:00,Male,26,Bronze,Lazada,Chiang Mai,257,Web,PromptPay,22,3,0,0,20-30,8.566666666666666,0.0,0.0,0.0,-1,-1,0.0,0.0,0.0,0.0,0.0,0.0,0,0,0.0,0.0,0,0,0.0,0.0,0,0,0.0,0.0,0,0,0.0,0
LGS2ORD0009590,C017667,2025-03-17 23:00:00,Female,41,Bronze,Shopee,Chiang Mai,361,Web,COD,23,3,0,0,40-50,12.033333333333333,3.0,2.0,0.6666666666666666,2,12,7370.45,0.28,0.3333333333333333,0.3333333333333333,0.0,0.0,0,0,0.0,12457.83,1,1,1.0,22111.35,3,2,0.6666666666666666,22111.35,3,2,0.6666666666666666,0
LGS2ORD0009591,C013110,2025-03-17 23:00:00,Male,42,Gold,Web,Bangkok,512,Lazada,COD,23,3,0,0,40-50,17.066666666666666,2.0,0.0,0.0,-1,27,12950.115,0.28,0.5,0.5,0.0,0.0,0,0,0.0,22218.11,1,0,0.0,25900.23,2,0,0.0,25900.23,2,0,0.0,0
LGS2ORD0009592,C010817,2025-03-17 23:00:00,Female,41,Silver,Web,Remote_Area,150,Lazada,PromptPay,23,3,0,0,40-50,5.0,0.0,0.0,0.0,-1,-1,0.0,0.0,0.0,0.0,0.0,0.0,0,0,0.0,0.0,0,0,0.0,0.0,0,0,0.0,0.0,0,0,0.0,0
LGS2ORD0009593,C016382,2025-03-17 23:00:00,Female,72,Bronze,CallCenter,Chonburi,787,TV_Show,COD,23,3,0,0,>50,26.233333333333334,2.0,1.0,0.5,28,12,3030.0699999999997,0.23,0.0,0.5,0.0,0.0,0,0,0.0,4938.61,1,0,0.0,6060.139999999999,2,1,0.5,6060.139999999999,2,1,0.5,0
LGS2ORD0009594,C012267,2025-03-17 23:00:00,Female,25,Gold,TV,Bangkok,695,Web,COD,23,3,0,0,20-30,23.166666666666668,1.0,0.0,0.0,-1,33,599.97,0.2299999999999999,1.0,1.0,0.0,0.0,0,0,0.0,0.0,0,0,0.0,599.97,1,0,0.0,599.97,1,0,0.0,0
LGS2ORD0009595,C011281,2025-03-17 23:00:00,Male,53,Silver,Shopee,Bangkok,1212,Web,COD,23,3,0,0,>50,40.4,1.0,0.0,0.0,-1,24,5491.62,0.05,0.0,0.0,0.0,0.0,0,0,0.0,5491.62,1,0,0.0,5491.62,1,0,0.0,5491.62,1,0,0.0,0
LGS2ORD0009596,C013060,2025-03-18 00:00:00,Male,42,Bronze,TV,Remote_Area,696,Lazada,COD,0,3,1,0,40-50,23.2,0.0,0.0,0.0,-1,-1,0.0,0.0,0.0,0.0,0.0,0.0,0,0,0.0,0.0,0,0,0.0,0.0,0,0,0.0,0.0,0,0,0.0,1
LGS2ORD0009597,C014703,2025-03-18 00:00:00,Female,41,Silver,TV,Nakhon Ratchasima,1508,Web,PromptPay,0,3,1,0,40-50,50.266666666666666,3.0,1.0,0.3333333333333333,27,24,2584.5899999999997,0.2,0.3333333333333333,0.0,0.0,0.0,0,0,0.0,649.38,1,0,0.0,7753.7699999999995,3,1,0.3333333333333333,7753.7699999999995,3,1,0.3333333333333333,0
LGS2ORD0009598,C014367,2025-03-18 00:00:00,Female,29,Bronze,TV,Remote_Area,564,TV_Show,Bank_Transfer,0,3,1,0,20-30,18.8,2.0,0.0,0.0,-1,26,1878.685,0.23,1.0,0.5,0.0,0.0,0,0,0.0,1516.48,1,0,0.0,3757.37,2,0,0.0,3757.37,2,0,0.0,1
LGS2ORD0009599,C010104,2025-03-18 00:00:00,Male,35,Bronze,TV,Remote_Area,382,Web,Credit_Card,0,3,1,0,30-40,12.733333333333333,0.0,0.0,0.0,-1,-1,0.0,0.0,0.0,0.0,0.0,0.0,0,0,0.0,0.0,0,0,0.0,0.0,0,0,0.0,0.0,0,0,0.0,0
LGS2ORD0009600,C010377,2025-03-18 00:00:00,Female,43,Bronze,Lazada,Songkhla,282,CallCenter,Credit_Card,0,3,1,0,40-50,9.4,2.0,2.0,1.0,10,20,2240.905,0.18,1.0,0.0,0.0,0.0,0,0,0.0,4125.67,1,1,1.0,4481.81,2,2,1.0,4481.81,2,2,1.0,0
LGS2ORD0009601,C010276,2025-03-18 01:00:00,Female,18,Bronze,TV,Chonburi,889,Shopee,Bank_Transfer,1,3,1,0,<20,29.633333333333333,1.0,0.0,0.0,-1,50,1440.36,0.08,1.0,0.0,0.0,0.0,0,0,0.0,0.0,0,0,0.0,1440.36,1,0,0.0,1440.36,1,0,0.0,1
LGS2ORD0009602,C016362,2025-03-18 01:00:00,Female,21,Platinum,TV,Bangkok,527,Web,PromptPay,1,3,1,0,20-30,17.566666666666666,1.0,0.0,0.0,-1,15,882.01,0.35,1.0,1.0,0.0,0.0,0,0,0.0,882.01,1,0,0.0,882.01,1,0,0.0,882.01,1,0,0.0,0
LGS2ORD0009603,C014319,2025-03-18 01:00:00,Female,43,Bronze,Shopee,Bangkok,1184,Shopee,COD,1,3,1,0,40-50,39.46666666666667,2.0,1.0,0.5,-8,4,6878.280000000001,0.08,0.5,0.0,0.0,8704.87,1,1,1.0,8704.87,1,1,1.0,13756.560000000001,2,1,0.5,13756.560000000001,2,1,0.5,1
LGS2ORD0009604,C012611,2025-03-18 01:00:00,Male,55,Gold,Web,Remote_Area,600,Web,PromptPay,1,3,1,0,>50,20.0,2.0,1.0,0.5,43,37,2798.445,0.2299999999999999,0.5,0.5,0.0,0.0,0,0,0.0,0.0,0,0,0.0,5596.89,2,1,0.5,5596.89,2,1,0.5,0
LGS2ORD0009605,C016456,2025-03-18 01:00:00,Male,62,Bronze,TV,Remote_Area,851,Web,PromptPay,1,3,1,0,>50,28.366666666666667,1.0,1.0,1.0,58,75,1638.16,0.23,1.0,1.0,0.0,0.0,0,0,0.0,0.0,0,0,0.0,1638.16,1,1,1.0,1638.16,1,1,1.0,0
LGS2ORD0009606,C017146,2025-03-18 02:00:00,Female,32,Platinum,TV,Chiang Mai,573,Web,COD,2,3,1,0,30-40,19.1,1.0,1.0,1.0,-4,15,3258.02,0.25,1.0,1.0,0.0,0.0,0,0,0.0,3258.02,1,1,1.0,3258.02,1,1,1.0,3258.02,1,1,1.0,1
LGS2ORD0009607,C010656,2025-03-18 02:00:00,Female,28,Bronze,TV,Remote_Area,1166,Lazada,PromptPay,2,3,1,0,20-30,38.86666666666667,4.0,2.0,0.5,22,24,2153.48,0.23,0.5,0.25,0.0,0.0,0,0,0.0,1179.95,1,0,0.0,8613.92,4,2,0.5,8613.92,4,2,0.5,1
LGS2ORD0009608,C011141,2025-03-18 02:00:00,Male,35,Platinum,Web,Phuket,745,CallCenter,Credit_Card,2,3,1,0,30-40,24.833333333333332,0.0,0.0,0.0,-1,-1,0.0,0.0,0.0,0.0,0.0,0.0,0,0,0.0,0.0,0,0,0.0,0.0,0,0,0.0,0.0,0,0,0.0,0
LGS2ORD0009609,C015494,2025-03-18 02:00:00,Female,38,Gold,Shopee,Phuket,322,Shopee,COD,2,3,1,0,30-40,10.733333333333333,2.0,0.0,0.0,-1,6,2537.925,0.13,1.0,0.0,0.0,1028.65,1,0,0.0,1028.65,1,0,0.0,5075.85,2,0,0.0,5075.85,2,0,0.0,1
LGS2ORD0009610,C015204,2025-03-18 02:00:00,Female,53,Gold,CallCenter,Chiang Mai,375,Shopee,PromptPay,2,3,1,0,>50,12.5,0.0,0.0,0.0,-1,-1,0.0,0.0,0.0,0.0,0.0,0.0,0,0,0.0,0.0,0,0,0.0,0.0,0,0,0.0,0.0,0,0,0.0,0
LGS2ORD0009611,C012583,2025-03-18 03:00:00,Male,39,Bronze,CallCenter,Chiang Mai,1424,Shopee,COD,3,3,1,0,30-40,47.46666666666667,0.0,0.0,0.0,-1,-1,0.0,0.0,0.0,0.0,0.0,0.0,0,0,0.0,0.0,0,0,0.0,0.0,0,0,0.0,0.0,0,0,0.0,0
LGS2ORD0009612,C014554,2025-03-18 03:00:00,Female,50,Silver,TV,Chonburi,1073,Lazada,COD,3,3,1,0,40-50,35.766666666666666,1.0,1.0,1.0,35,46,3677.17,0.1,0.0,0.0,0.0,0.0,0,0,0.0,0.0,0,0,0.0,3677.17,1,1,1.0,3677.17,1,1,1.0,0
LGS2ORD0009613,C014726,2025-03-18 03:00:00,Female,38,Gold,TV,Chiang Mai,144,Lazada,Credit_Card,3,3,1,0,30-40,4.8,5.0,1.0,0.2,53,35,9424.511999999999,0.33,0.4,0.6,0.0,0.0,0,0,0.0,0.0,0,0,0.0,47122.56,5,1,0.2,47122.56,5,1,0.2,0
LGS2ORD0009614,C014391,2025-03-18 03:00:00,Male,23,Bronze,Web,Chiang Mai,618,TV_Show,COD,3,3,1,0,20-30,20.6,2.0,0.0,0.0,-1,11,6160.245,0.08,0.5,0.0,0.0,0.0,0,0,0.0,1536.39,1,0,0.0,12320.49,2,0,0.0,12320.49,2,0,0.0,0
LGS2ORD0009615,C013396,2025-03-18 03:00:00,Female,49,Gold,Shopee,Phuket,1528,Shopee,COD,3,3,1,0,40-50,50.93333333333333,2.0,1.0,0.5,0,11,4121.92,0.28,0.5,1.0,0.0,0.0,0,0,0.0,495.73,1,1,1.0,8243.84,2,1,0.5,8243.84,2,1,0.5,0
LGS2ORD0009616,C010841,2025-03-18 03:00:00,Male,22,Silver,TV,Bangkok,1447,Web,PromptPay,3,3,1,0,20-30,48.233333333333334,0.0,0.0,0.0,-1,-1,0.0,0.0,0.0,0.0,0.0,0.0,0,0,0.0,0.0,0,0,0.0,0.0,0,0,0.0,0.0,0,0,0.0,0
LGS2ORD0009617,C011466,2025-03-18 04:00:00,Male,27,Gold,CallCenter,Bangkok,1095,Shopee,PromptPay,4,3,1,0,20-30,36.5,0.0,0.0,0.0,-1,-1,0.0,0.0,0.0,0.0,0.0,0.0,0,0,0.0,0.0,0,0,0.0,0.0,0,0,0.0,0.0,0,0,0.0,0
LGS2ORD0009618,C016252,2025-03-18 04:00:00,Male,62,Bronze,Shopee,Nakhon Ratchasima,1383,Web,COD,4,3,1,0,>50,46.1,3.0,0.0,0.0,-1,10,6678.889999999999,0.23,0.6666666666666666,0.3333333333333333,0.0,0.0,0,0,0.0,3935.53,1,0,0.0,20036.67,3,0,0.0,20036.67,3,0,0.0,1
LGS2ORD0009619,C011471,2025-03-18 04:00:00,Male,22,Gold,Web,Songkhla,340,Web,PromptPay,4,3,1,0,20-30,11.333333333333334,0.0,0.0,0.0,-1,-1,0.0,0.0,0.0,0.0,0.0,0.0,0,0,0.0,0.0,0,0,0.0,0.0,0,0,0.0,0.0,0,0,0.0,0
LGS2ORD0009620,C013047,2025-03-18 04:00:00,Female,18,Bronze,Shopee,Remote_Area,1409,Shopee,Credit_Card,4,3,1,0,<20,46.96666666666667,1.0,1.0,1.0,33,50,1884.74,0.03,1.0,0.0,0.0,0.0,0,0,0.0,0.0,0,0,0.0,1884.74,1,1,1.0,1884.74,1,1,1.0,0
LGS2ORD0009621,C012425,2025-03-18 04:00:00,Male,49,Gold,TV,Nakhon Ratchasima,1162,CallCenter,COD,4,3,1,0,40-50,38.733333333333334,1.0,0.0,0.0,-1,10,3226.76,0.2299999999999999,1.0,1.0,0.0,0.0,0,0,0.0,3226.76,1,0,0.0,3226.76,1,0,0.0,3226.76,1,0,0.0,1
LGS2ORD0009622,C010736,2025-03-18 05:00:00,Male,33,Bronze,Shopee,Remote_Area,789,CallCenter,Credit_Card,5,3,1,0,30-40,26.3,4.0,1.0,0.25,0,5,1470.8,0.28,0.75,0.25,0.0,2085.77,1,1,1.0,3209.39,2,1,0.5,5883.2,4,1,0.25,5883.2,4,1,0.25,0
LGS2ORD0009623,C014039,2025-03-18 05:00:00,Female,32,Bronze,TV,Bangkok,1344,TV_Show,Bank_Transfer,5,3,1,0,30-40,44.8,0.0,0.0,0.0,-1,-1,0.0,0.0,0.0,0.0,0.0,0.0,0,0,0.0,0.0,0,0,0.0,0.0,0,0,0.0,0.0,0,0,0.0,1
LGS2ORD0009624,C012400,2025-03-18 05:00:00,Female,38,Bronze,TV,Phuket,1512,Web,PromptPay,5,3,1,0,30-40,50.4,5.0,0.0,0.0,-1,0,9565.294,0.18,0.6,0.0,0.0,7886.22,1,0,0.0,17041.77,2,0,0.0,47826.47,5,0,0.0,47826.47,5,0,0.0,0
LGS2ORD0009625,C017541,2025-03-18 05:00:00,Female,41,Platinum,Web,Phuket,905,Lazada,COD,5,3,1,0,40-50,30.166666666666668,1.0,0.0,0.0,-1,57,3769.24,0.2,0.0,0.0,0.0,0.0,0,0,0.0,0.0,0,0,0.0,3769.24,1,0,0.0,3769.24,1,0,0.0,0
LGS2ORD0009626,C015226,2025-03-18 05:00:00,Female,46,Bronze,TV,Songkhla,414,CallCenter,COD,5,3,1,0,40-50,13.8,1.0,0.0,0.0,-1,66,41974.13,0.23,1.0,1.0,0.0,0.0,0,0,0.0,0.0,0,0,0.0,41974.13,1,0,0.0,41974.13,1,0,0.0,0
LGS2ORD0009627,C010514,2025-03-18 06:00:00,Male,41,Bronze,Web,Khon Kaen,184,Web,COD,6,3,1,0,40-50,6.133333333333334,2.0,0.0,0.0,-1,8,5400.35,0.03,0.5,0.0,0.0,0.0,0,0,0.0,9930.16,1,0,0.0,10800.7,2,0,0.0,10800.7,2,0,0.0,0
LGS2ORD0009628,C017174,2025-03-18 06:00:00,Male,62,Silver,CallCenter,Phuket,1384,Shopee,COD,6,3,1,0,>50,46.13333333333333,2.0,0.0,0.0,-1,60,2725.4,0.2,0.5,0.0,0.0,0.0,0,0,0.0,0.0,0,0,0.0,5450.8,2,0,0.0,5450.8,2,0,0.0,0
LGS2ORD0009629,C014059,2025-03-18 06:00:00,Male,31,Silver,Web,Bangkok,272,Shopee,COD,6,3,1,0,30-40,9.066666666666666,0.0,0.0,0.0,-1,-1,0.0,0.0,0.0,0.0,0.0,0.0,0,0,0.0,0.0,0,0,0.0,0.0,0,0,0.0,0.0,0,0,0.0,0
LGS2ORD0009630,C014969,2025-03-18 06:00:00,Female,30,Platinum,Shopee,Bangkok,135,TV_Show,Credit_Card,6,3,1,0,20-30,4.5,1.0,0.0,0.0,-1,18,9513.17,0.15,0.0,0.0,0.0,0.0,0,0,0.0,9513.17,1,0,0.0,9513.17,1,0,0.0,9513.17,1,0,0.0,0
LGS2ORD0009631,C016377,2025-03-18 06:00:00,Female,52,Silver,Web,Chiang Mai,222,Lazada,Credit_Card,6,3,1,0,>50,7.4,1.0,0.0,0.0,-1,3,1303.05,0.05,1.0,0.0,0.0,1303.05,1,0,0.0,1303.05,1,0,0.0,1303.05,1,0,0.0,1303.05,1,0,0.0,1
LGS2ORD0009632,C016066,2025-03-18 07:00:00,Male,60,Silver,Web,Songkhla,1377,Web,COD,7,3,1,0,>50,45.9,1.0,1.0,1.0,34,41,2801.28,0.05,0.0,0.0,0.0,0.0,0,0,0.0,0.0,0,0,0.0,2801.28,1,1,1.0,2801.28,1,1,1.0,1
LGS2ORD0009633,C015647,2025-03-18 07:00:00,Other,46,Bronze,TV,Remote_Area,827,TV_Show,PromptPay,7,3,1,0,40-50,27.566666666666666,1.0,0.0,0.0,-1,75,7943.96,0.18,0.0,0.0,0.0,0.0,0,0,0.0,0.0,0,0,0.0,7943.96,1,0,0.0,7943.96,1,0,0.0,0
LGS2ORD0009634,C014787,2025-03-18 07:00:00,Male,26,Bronze,Shopee,Bangkok,236,Web,COD,7,3,1,0,20-30,7.866666666666666,3.0,0.0,0.0,-1,5,12453.453333333333,0.23,0.6666666666666666,0.3333333333333333,0.0,1247.68,1,0,0.0,1247.68,1,0,0.0,37360.36,3,0,0.0,37360.36,3,0,0.0,0
LGS2ORD0009635,C016959,2025-03-18 07:00:00,Male,32,Gold,Lazada,Khon Kaen,143,Web,COD,7,3,1,0,30-40,4.766666666666667,0.0,0.0,0.0,-1,-1,0.0,0.0,0.0,0.0,0.0,0.0,0,0,0.0,0.0,0,0,0.0,0.0,0,0,0.0,0.0,0,0,0.0,0
LGS2ORD0009636,C010978,2025-03-18 07:00:00,Male,29,Bronze,CallCenter,Nakhon Ratchasima,264,TV_Show,Credit_Card,7,3,1,0,20-30,8.8,0.0,0.0,0.0,-1,-1,0.0,0.0,0.0,0.0,0.0,0.0,0,0,0.0,0.0,0,0,0.0,0.0,0,0,0.0,0.0,0,0,0.0,0
LGS2ORD0009637,C011433,2025-03-18 07:00:00,Male,61,Bronze,Shopee,Chonburi,1286,Shopee,PromptPay,7,3,1,0,>50,42.86666666666667,3.0,1.0,0.3333333333333333,46,42,1886.36,0.03,0.0,0.0,0.0,0.0,0,0,0.0,0.0,0,0,0.0,5659.08,3,1,0.3333333333333333,5659.08,3,1,0.3333333333333333,0
LGS2ORD0009638,C010216,2025-03-18 08:00:00,Male,23,Bronze,Web,Bangkok,1035,TV_Show,COD,8,3,1,0,20-30,34.5,3.0,0.0,0.0,-1,13,2220.14,0.18,0.0,0.0,0.0,0.0,0,0,0.0,1481.17,1,0,0.0,6660.42,3,0,0.0,6660.42,3,0,0.0,0
LGS2ORD0009639,C017061,2025-03-18 08:00:00,Female,40,Bronze,Shopee,Bangkok,797,CallCenter,COD,8,3,1,0,30-40,26.566666666666666,2.0,0.0,0.0,-1,12,17934.37,0.18,0.0,0.0,0.0,0.0,0,0,0.0,1731.31,1,0,0.0,35868.74,2,0,0.0,35868.74,2,0,0.0,0
LGS2ORD0009640,C011270,2025-03-18 08:00:00,Female,27,Silver,TV,Chonburi,1354,CallCenter,PromptPay,8,3,1,0,20-30,45.13333333333333,1.0,0.0,0.0,-1,66,29294.05,0.25,0.0,1.0,0.0,0.0,0,0,0.0,0.0,0,0,0.0,29294.05,1,0,0.0,29294.05,1,0,0.0,0
LGS2ORD0009641,C015166,2025-03-18 08:00:00,Male,33,Silver,Shopee,Nakhon Ratchasima,1503,Web,COD,8,3,1,0,30-40,50.1,0.0,0.0,0.0,-1,-1,0.0,0.0,0.0,0.0,0.0,0.0,0,0,0.0,0.0,0,0,0.0,0.0,0,0,0.0,0.0,0,0,0.0,0
LGS2ORD0009642,C017769,2025-03-18 08:00:00,Female,55,Silver,Lazada,Remote_Area,306,TV_Show,COD,8,3,1,0,>50,10.2,0.0,0.0,0.0,-1,-1,0.0,0.0,0.0,0.0,0.0,0.0,0,0,0.0,0.0,0,0,0.0,0.0,0,0,0.0,0.0,0,0,0.0,0
LGS2ORD0009643,C010531,2025-03-18 09:00:00,Male,42,Bronze,Shopee,Bangkok,1452,TV_Show,COD,9,3,1,0,40-50,48.4,4.0,1.0,0.25,54,11,13025.9,0.23,0.75,0.25,0.0,0.0,0,0,0.0,36391.649999999994,2,0,0.0,52103.6,4,1,0.25,52103.6,4,1,0.25,0
LGS2ORD0009644,C016552,2025-03-18 09:00:00,Female,18,Bronze,Lazada,Bangkok,529,Web,PromptPay,9,3,1,0,<20,17.633333333333333,2.0,0.0,0.0,-1,5,2992.54,0.18,0.5,0.0,0.0,4407.39,1,0,0.0,4407.39,1,0,0.0,5985.08,2,0,0.0,5985.08,2,0,0.0,1
LGS2ORD0009645,C010898,2025-03-18 09:00:00,Female,55,Bronze,Shopee,Songkhla,1041,TV_Show,Credit_Card,9,3,1,0,>50,34.7,2.0,1.0,0.5,32,41,3089.16,0.23,1.0,0.5,0.0,0.0,0,0,0.0,0.0,0,0,0.0,6178.32,2,1,0.5,6178.32,2,1,0.5,0
LGS2ORD0009646,C010162,2025-03-18 09:00:00,Male,34,Silver,Lazada,Chonburi,1108,TV_Show,PromptPay,9,3,1,0,30-40,36.93333333333333,2.0,1.0,0.5,57,9,6000.8949999999995,0.15,1.0,0.0,0.0,0.0,0,0,0.0,617.33,1,0,0.0,12001.789999999999,2,1,0.5,12001.789999999999,2,1,0.5,1
LGS2ORD0009647,C017790,2025-03-18 09:00:00,Male,40,Gold,Web,Songkhla,636,Web,COD,9,3,1,0,30-40,21.2,2.0,0.0,0.0,-1,29,4552.945,0.28,0.5,0.5,0.0,0.0,0,0,0.0,3138.36,1,0,0.0,9105.89,2,0,0.0,9105.89,2,0,0.0,0
LGS2ORD0009648,C012829,2025-03-18 10:00:00,Female,72,Silver,TV,Bangkok,907,TV_Show,COD,10,3,1,0,>50,30.233333333333334,5.0,1.0,0.2,31,3,6612.532000000001,0.25,0.4,0.4,0.0,11087.84,1,0,0.0,26955.11,2,0,0.0,33062.66,5,1,0.2,33062.66,5,1,0.2,1
LGS2ORD0009649,C015587,2025-03-18 10:00:00,Male,69,Gold,Web,Bangkok,987,Shopee,COD,10,3,1,0,>50,32.9,1.0,1.0,1.0,18,24,8673.56,0.2299999999999999,1.0,1.0,0.0,0.0,0,0,0.0,8673.56,1,1,1.0,8673.56,1,1,1.0,8673.56,1,1,1.0,0
LGS2ORD0009650,C016991,2025-03-18 10:00:00,Male,42,Bronze,TV,Remote_Area,445,Web,COD,10,3,1,0,40-50,14.833333333333334,0.0,0.0,0.0,-1,-1,0.0,0.0,0.0,0.0,0.0,0.0,0,0,0.0,0.0,0,0,0.0,0.0,0,0,0.0,0.0,0,0,0.0,1
LGS2ORD0009651,C013889,2025-03-18 10:00:00,Female,24,Silver,TV,Chiang Mai,929,Shopee,COD,10,3,1,0,20-30,30.966666666666665,2.0,0.0,0.0,-1,20,9157.63,0.2,0.5,0.0,0.0,0.0,0,0,0.0,2935.71,1,0,0.0,18315.26,2,0,0.0,18315.26,2,0,0.0,1
LGS2ORD0009652,C016647,2025-03-18 10:00:00,Male,39,Bronze,TV,Remote_Area,417,Shopee,Credit_Card,10,3,1,0,30-40,13.9,1.0,1.0,1.0,28,37,9681.38,0.23,1.0,1.0,0.0,0.0,0,0,0.0,0.0,0,0,0.0,9681.38,1,1,1.0,9681.38,1,1,1.0,0
LGS2ORD0009653,C014697,2025-03-18 10:00:00,Male,65,Bronze,TV,Nakhon Ratchasima,486,Shopee,COD,10,3,1,0,>50,16.2,1.0,1.0,1.0,6,19,1398.57,0.18,1.0,0.0,0.0,0.0,0,0,0.0,1398.57,1,1,1.0,1398.57,1,1,1.0,1398.57,1,1,1.0,0
LGS2ORD0009654,C013691,2025-03-18 11:00:00,Male,46,Bronze,Shopee,Songkhla,88,Web,COD,11,3,1,0,40-50,2.933333333333333,0.0,0.0,0.0,-1,-1,0.0,0.0,0.0,0.0,0.0,0.0,0,0,0.0,0.0,0,0,0.0,0.0,0,0,0.0,0.0,0,0,0.0,0
LGS2ORD0009655,C016544,2025-03-18 11:00:00,Male,30,Bronze,Shopee,Bangkok,1503,Shopee,COD,11,3,1,0,20-30,50.1,0.0,0.0,0.0,-1,-1,0.0,0.0,0.0,0.0,0.0,0.0,0,0,0.0,0.0,0,0,0.0,0.0,0,0,0.0,0.0,0,0,0.0,0
LGS2ORD0009656,C015448,2025-03-18 11:00:00,Female,36,Silver,Shopee,Chiang Mai,137,TV_Show,COD,11,3,1,0,30-40,4.566666666666666,2.0,0.0,0.0,-1,44,7762.635,0.1,1.0,0.0,0.0,0.0,0,0,0.0,0.0,0,0,0.0,15525.27,2,0,0.0,15525.27,2,0,0.0,0
LGS2ORD0009657,C015648,2025-03-18 11:00:00,Male,38,Silver,TV,Bangkok,532,Shopee,COD,11,3,1,0,30-40,17.733333333333334,0.0,0.0,0.0,-1,-1,0.0,0.0,0.0,0.0,0.0,0.0,0,0,0.0,0.0,0,0,0.0,0.0,0,0,0.0,0.0,0,0,0.0,1
LGS2ORD0009658,C014479,2025-03-18 11:00:00,Male,55,Gold,Shopee,Bangkok,581,Shopee,PromptPay,11,3,1,0,>50,19.366666666666667,2.0,1.0,0.5,1,11,1372.475,0.28,0.5,0.5,0.0,0.0,0,0,0.0,1552.17,1,1,1.0,2744.95,2,1,0.5,2744.95,2,1,0.5,0
LGS2ORD0009659,C017786,2025-03-18 12:00:00,Other,50,Silver,Shopee,Bangkok,532,TV_Show,Credit_Card,12,3,1,0,40-50,17.733333333333334,1.0,0.0,0.0,-1,21,1485.01,0.15,0.0,0.0,0.0,0.0,0,0,0.0,1485.01,1,0,0.0,1485.01,1,0,0.0,1485.01,1,0,0.0,0
LGS2ORD0009660,C010822,2025-03-18 12:00:00,Male,25,Bronze,Web,Chiang Mai,1205,Shopee,Credit_Card,12,3,1,0,20-30,40.166666666666664,2.0,0.0,0.0,-1,4,4225.66,0.18,0.0,0.0,0.0,679.73,1,0,0.0,679.73,1,0,0.0,8451.32,2,0,0.0,8451.32,2,0,0.0,0
LGS2ORD0009661,C011608,2025-03-18 12:00:00,Male,47,Silver,Lazada,Khon Kaen,656,Web,COD,12,3,1,0,40-50,21.866666666666667,3.0,0.0,0.0,-1,33,1897.0133333333335,0.3,0.6666666666666666,0.3333333333333333,0.0,0.0,0,0,0.0,0.0,0,0,0.0,5691.040000000001,3,0,0.0,5691.040000000001,3,0,0.0,0
LGS2ORD0009662,C010451,2025-03-18 12:00:00,Male,54,Bronze,Shopee,Bangkok,1196,TV_Show,Credit_Card,12,3,1,0,>50,39.86666666666667,1.0,1.0,1.0,0,12,6440.8,0.03,1.0,0.0,0.0,0.0,0,0,0.0,6440.8,1,1,1.0,6440.8,1,1,1.0,6440.8,1,1,1.0,0
LGS2ORD0009663,C016941,2025-03-18 12:00:00,Female,51,Silver,Shopee,Chiang Mai,630,Shopee,Credit_Card,12,3,1,0,>50,21.0,0.0,0.0,0.0,-1,-1,0.0,0.0,0.0,0.0,0.0,0.0,0,0,0.0,0.0,0,0,0.0,0.0,0,0,0.0,0.0,0,0,0.0,0
LGS2ORD0009664,C014131,2025-03-18 13:00:00,Female,51,Silver,Shopee,Bangkok,1311,TV_Show,COD,13,3,1,0,>50,43.7,0.0,0.0,0.0,-1,-1,0.0,0.0,0.0,0.0,0.0,0.0,0,0,0.0,0.0,0,0,0.0,0.0,0,0,0.0,0.0,0,0,0.0,1
LGS2ORD0009665,C011668,2025-03-18 13:00:00,Female,50,Gold,TV,Chiang Mai,1251,Shopee,Bank_Transfer,13,3,1,0,40-50,41.7,1.0,0.0,0.0,-1,47,1026.85,0.28,0.0,1.0,0.0,0.0,0,0,0.0,0.0,0,0,0.0,1026.85,1,0,0.0,1026.85,1,0,0.0,0
LGS2ORD0009666,C013064,2025-03-18 13:00:00,Male,32,Platinum,Web,Khon Kaen,412,TV_Show,COD,13,3,1,0,30-40,13.733333333333333,2.0,0.0,0.0,-1,64,1806.15,0.3,0.5,0.5,0.0,0.0,0,0,0.0,0.0,0,0,0.0,3612.3,2,0,0.0,3612.3,2,0,0.0,1
LGS2ORD0009667,C016041,2025-03-18 13:00:00,Male,38,Platinum,Shopee,Bangkok,436,Shopee,Credit_Card,13,3,1,0,30-40,14.533333333333333,1.0,0.0,0.0,-1,23,2036.27,0.1,0.0,0.0,0.0,0.0,0,0,0.0,2036.27,1,0,0.0,2036.27,1,0,0.0,2036.27,1,0,0.0,0
LGS2ORD0009668,C013062,2025-03-18 13:00:00,Female,30,Platinum,Lazada,Khon Kaen,1106,Lazada,COD,13,3,1,0,20-30,36.86666666666667,1.0,0.0,0.0,-1,66,1430.01,0.2,0.0,0.0,0.0,0.0,0,0,0.0,0.0,0,0,0.0,1430.01,1,0,0.0,1430.01,1,0,0.0,0
LGS2ORD0009669,C010291,2025-03-18 14:00:00,Female,53,Bronze,Lazada,Khon Kaen,921,Lazada,COD,14,3,1,0,>50,30.7,0.0,0.0,0.0,-1,-1,0.0,0.0,0.0,0.0,0.0,0.0,0,0,0.0,0.0,0,0,0.0,0.0,0,0,0.0,0.0,0,0,0.0,0
LGS2ORD0009670,C014757,2025-03-18 14:00:00,Male,41,Gold,Lazada,Phuket,1466,Web,PromptPay,14,3,1,0,40-50,48.86666666666667,2.0,0.0,0.0,-1,39,2487.2,0.33,0.5,1.0,0.0,0.0,0,0,0.0,0.0,0,0,0.0,4974.4,2,0,0.0,4974.4,2,0,0.0,0
LGS2ORD0009671,C013649,2025-03-18 14:00:00,Female,46,Bronze,TV,Chonburi,1029,Lazada,COD,14,3,1,0,40-50,34.3,3.0,0.0,0.0,-1,8,1794.6833333333332,0.23,1.0,0.3333333333333333,0.0,0.0,0,0,0.0,2400.01,2,0,0.0,5384.049999999999,3,0,0.0,5384.049999999999,3,0,0.0,0
LGS2ORD0009672,C014818,2025-03-18 14:00:00,Female,35,Bronze,TV,Bangkok,1122,Web,COD,14,3,1,0,30-40,37.4,2.0,1.0,0.5,19,4,2994.87,0.18,0.0,0.0,0.0,4831.43,1,0,0.0,5989.74,2,1,0.5,5989.74,2,1,0.5,5989.74,2,1,0.5,0
LGS2ORD0009673,C017005,2025-03-18 14:00:00,Male,18,Silver,TV,Chiang Mai,569,TV_Show,COD,14,3,1,0,<20,18.966666666666665,0.0,0.0,0.0,-1,-1,0.0,0.0,0.0,0.0,0.0,0.0,0,0,0.0,0.0,0,0,0.0,0.0,0,0,0.0,0.0,0,0,0.0,0
LGS2ORD0009674,C017251,2025-03-18 14:00:00,Female,51,Gold,Shopee,Khon Kaen,566,Web,Credit_Card,14,3,1,0,>50,18.866666666666667,0.0,0.0,0.0,-1,-1,0.0,0.0,0.0,0.0,0.0,0.0,0,0,0.0,0.0,0,0,0.0,0.0,0,0,0.0,0.0,0,0,0.0,0
LGS2ORD0009675,C017212,2025-03-18 15:00:00,Female,54,Bronze,CallCenter,Phuket,1533,Web,COD,15,3,1,0,>50,51.1,2.0,0.0,0.0,-1,17,5366.46,0.18,0.0,0.0,0.0,0.0,0,0,0.0,9579.7,1,0,0.0,10732.92,2,0,0.0,10732.92,2,0,0.0,0
LGS2ORD0009676,C014201,2025-03-18 15:00:00,Female,56,Silver,Shopee,Bangkok,171,Web,COD,15,3,1,0,>50,5.7,0.0,0.0,0.0,-1,-1,0.0,0.0,0.0,0.0,0.0,0.0,0,0,0.0,0.0,0,0,0.0,0.0,0,0,0.0,0.0,0,0,0.0,0
LGS2ORD0009677,C017822,2025-03-18 15:00:00,Female,40,Bronze,Web,Phuket,1388,Web,PromptPay,15,3,1,0,30-40,46.266666666666666,0.0,0.0,0.0,-1,-1,0.0,0.0,0.0,0.0,0.0,0.0,0,0,0.0,0.0,0,0,0.0,0.0,0,0,0.0,0.0,0,0,0.0,0
LGS2ORD0009678,C013182,2025-03-18 15:00:00,Male,38,Silver,Web,Bangkok,604,Lazada,PromptPay,15,3,1,0,30-40,20.133333333333333,1.0,0.0,0.0,-1,54,13306.48,0.05,1.0,0.0,0.0,0.0,0,0,0.0,0.0,0,0,0.0,13306.48,1,0,0.0,13306.48,1,0,0.0,0
LGS2ORD0009679,C014688,2025-03-18 15:00:00,Male,39,Gold,CallCenter,Bangkok,108,CallCenter,COD,15,3,1,0,30-40,3.6,1.0,0.0,0.0,-1,62,3421.79,0.18,0.0,0.0,0.0,0.0,0,0,0.0,0.0,0,0,0.0,3421.79,1,0,0.0,3421.79,1,0,0.0,0
LGS2ORD0009680,C014474,2025-03-18 16:00:00,Female,52,Bronze,TV,Khon Kaen,1316,TV_Show,COD,16,3,1,0,>50,43.86666666666667,3.0,1.0,0.3333333333333333,15,1,12200.186666666666,0.23,0.6666666666666666,0.3333333333333333,0.0,12984.2,1,0,0.0,35770.22,2,1,0.5,36600.56,3,1,0.3333333333333333,36600.56,3,1,0.3333333333333333,0
LGS2ORD0009681,C015956,2025-03-18 16:00:00,Female,45,Bronze,Shopee,Bangkok,890,Shopee,COD,16,3,1,0,40-50,29.666666666666668,3.0,2.0,0.6666666666666666,52,65,5832.93,0.23,0.3333333333333333,0.3333333333333333,0.0,0.0,0,0,0.0,0.0,0,0,0.0,17498.79,3,2,0.6666666666666666,17498.79,3,2,0.6666666666666666,0
LGS2ORD0009682,C016678,2025-03-18 16:00:00,Female,70,Silver,TV,Khon Kaen,907,CallCenter,COD,16,3,1,0,>50,30.233333333333334,3.0,1.0,0.3333333333333333,46,47,4742.966666666667,0.3,0.6666666666666666,0.6666666666666666,0.0,0.0,0,0,0.0,0.0,0,0,0.0,14228.900000000001,3,1,0.3333333333333333,14228.900000000001,3,1,0.3333333333333333,0
LGS2ORD0009683,C012306,2025-03-18 16:00:00,Male,31,Bronze,Shopee,Bangkok,1488,TV_Show,PromptPay,16,3,1,0,30-40,49.6,0.0,0.0,0.0,-1,-1,0.0,0.0,0.0,0.0,0.0,0.0,0,0,0.0,0.0,0,0,0.0,0.0,0,0,0.0,0.0,0,0,0.0,0
LGS2ORD0009684,C017668,2025-03-18 16:00:00,Male,55,Bronze,Shopee,Remote_Area,408,Web,COD,16,3,1,0,>50,13.6,2.0,0.0,0.0,-1,2,973.48,0.28,0.0,0.5,0.0,735.85,1,0,0.0,735.85,1,0,0.0,1946.96,2,0,0.0,1946.96,2,0,0.0,0
LGS2ORD0009685,C016073,2025-03-18 17:00:00,Female,32,Bronze,Shopee,Bangkok,584,Lazada,COD,17,3,1,0,30-40,19.466666666666665,2.0,0.0,0.0,-1,17,17811.485,0.23,1.0,0.5,0.0,0.0,0,0,0.0,7638.2,1,0,0.0,35622.97,2,0,0.0,35622.97,2,0,0.0,0
LGS2ORD0009686,C012934,2025-03-18 17:00:00,Female,42,Bronze,Lazada,Phuket,893,Shopee,COD,17,3,1,0,40-50,29.766666666666666,2.0,2.0,1.0,-10,4,1233.665,0.23,0.0,0.5,0.0,697.08,1,1,1.0,697.08,1,1,1.0,2467.33,2,2,1.0,2467.33,2,2,1.0,1
LGS2ORD0009687,C017910,2025-03-18 17:00:00,Female,53,Platinum,Web,Khon Kaen,437,Lazada,PromptPay,17,3,1,0,>50,14.566666666666666,1.0,0.0,0.0,-1,5,1134.22,0.3,0.0,1.0,0.0,1134.22,1,0,0.0,1134.22,1,0,0.0,1134.22,1,0,0.0,1134.22,1,0,0.0,0
LGS2ORD0009688,C016628,2025-03-18 17:00:00,Male,53,Bronze,TV,Bangkok,353,TV_Show,Credit_Card,17,3,1,0,>50,11.766666666666667,1.0,0.0,0.0,-1,59,23382.64,0.23,1.0,1.0,0.0,0.0,0,0,0.0,0.0,0,0,0.0,23382.64,1,0,0.0,23382.64,1,0,0.0,0
LGS2ORD0009689,C015964,2025-03-18 17:00:00,Female,43,Bronze,Shopee,Chonburi,354,Web,COD,17,3,1,0,40-50,11.8,0.0,0.0,0.0,-1,-1,0.0,0.0,0.0,0.0,0.0,0.0,0,0,0.0,0.0,0,0,0.0,0.0,0,0,0.0,0.0,0,0,0.0,0
LGS2ORD0009690,C015204,2025-03-18 18:00:00,Female,53,Gold,CallCenter,Chiang Mai,375,TV_Show,PromptPay,18,3,1,0,>50,12.5,1.0,0.0,0.0,-1,0,1199.35,0.2299999999999999,0.0,1.0,0.0,1199.35,1,0,0.0,1199.35,1,0,0.0,1199.35,1,0,0.0,1199.35,1,0,0.0,1
LGS2ORD0009691,C013098,2025-03-18 18:00:00,Female,22,Gold,Shopee,Bangkok,553,Lazada,Credit_Card,18,3,1,0,20-30,18.433333333333334,3.0,0.0,0.0,-1,8,5415.1466666666665,0.08,1.0,0.0,0.0,0.0,0,0,0.0,1557.67,1,0,0.0,16245.44,3,0,0.0,16245.44,3,0,0.0,0
LGS2ORD0009692,C015890,2025-03-18 18:00:00,Male,43,Bronze,Shopee,Phuket,658,Lazada,Bank_Transfer,18,3,1,0,40-50,21.933333333333334,1.0,0.0,0.0,-1,35,1518.75,0.28,0.0,1.0,0.0,0.0,0,0,0.0,0.0,0,0,0.0,1518.75,1,0,0.0,1518.75,1,0,0.0,0
LGS2ORD0009693,C010196,2025-03-18 18:00:00,Female,61,Gold,Web,Bangkok,984,TV_Show,PromptPay,18,3,1,0,>50,32.8,1.0,1.0,1.0,23,34,1517.63,0.08,0.0,0.0,0.0,0.0,0,0,0.0,0.0,0,0,0.0,1517.63,1,1,1.0,1517.63,1,1,1.0,1
LGS2ORD0009694,C013942,2025-03-18 18:00:00,Female,50,Platinum,Lazada,Bangkok,793,TV_Show,Credit_Card,18,3,1,0,40-50,26.433333333333334,0.0,0.0,0.0,-1,-1,0.0,0.0,0.0,0.0,0.0,0.0,0,0,0.0,0.0,0,0,0.0,0.0,0,0,0.0,0.0,0,0,0.0,1
LGS2ORD0009695,C011191,2025-03-18 18:00:00,Male,55,Bronze,Web,Nakhon Ratchasima,1191,Lazada,COD,18,3,1,0,>50,39.7,2.0,1.0,0.5,47,55,2892.74,0.28,0.5,1.0,0.0,0.0,0,0,0.0,0.0,0,0,0.0,5785.48,2,1,0.5,5785.48,2,1,0.5,0
LGS2ORD0009696,C016542,2025-03-18 19:00:00,Female,60,Platinum,Lazada,Songkhla,740,Lazada,PromptPay,19,3,1,0,>50,24.666666666666668,3.0,1.0,0.3333333333333333,38,13,15203.316666666666,0.25,0.6666666666666666,0.3333333333333333,0.0,0.0,0,0,0.0,35305.23,2,0,0.0,45609.95,3,1,0.3333333333333333,45609.95,3,1,0.3333333333333333,0
LGS2ORD0009697,C015896,2025-03-18 19:00:00,Male,26,Bronze,CallCenter,Chonburi,132,Lazada,PromptPay,19,3,1,0,20-30,4.4,1.0,0.0,0.0,-1,19,2552.4,0.18,0.0,0.0,0.0,0.0,0,0,0.0,2552.4,1,0,0.0,2552.4,1,0,0.0,2552.4,1,0,0.0,1
LGS2ORD0009698,C012969,2025-03-18 19:00:00,Female,43,Bronze,CallCenter,Phuket,1497,Shopee,COD,19,3,1,0,40-50,49.9,3.0,1.0,0.3333333333333333,4,21,13544.33,0.23,0.0,1.0,0.0,0.0,0,0,0.0,34278.64,2,1,0.5,40632.99,3,1,0.3333333333333333,40632.99,3,1,0.3333333333333333,0
LGS2ORD0009699,C011562,2025-03-18 19:00:00,Female,47,Gold,TV,Bangkok,1385,Web,COD,19,3,1,0,40-50,46.166666666666664,2.0,0.0,0.0,-1,10,1257.9450000000002,0.33,0.5,0.5,0.0,0.0,0,0,0.0,1238.7,1,0,0.0,2515.8900000000003,2,0,0.0,2515.8900000000003,2,0,0.0,0
LGS2ORD0009700,C012584,2025-03-18 19:00:00,Male,45,Platinum,CallCenter,Songkhla,609,Web,COD,19,3,1,0,40-50,20.3,5.0,1.0,0.2,14,2,1997.6240000000003,0.25,0.2,0.6,0.0,4680.95,2,0,0.0,8297.13,3,1,0.3333333333333333,9988.12,5,1,0.2,9988.12,5,1,0.2,0
LGS2ORD0009701,C014833,2025-03-18 20:00:00,Female,32,Silver,CallCenter,Chiang Mai,1372,Lazada,COD,20,3,1,0,30-40,45.733333333333334,2.0,0.0,0.0,-1,10,4836.56,0.1,0.0,0.0,0.0,0.0,0,0,0.0,8446.01,1,0,0.0,9673.12,2,0,0.0,9673.12,2,0,0.0,1
LGS2ORD0009702,C015849,2025-03-18 20:00:00,Female,43,Bronze,CallCenter,Khon Kaen,670,TV_Show,COD,20,3,1,0,40-50,22.333333333333332,0.0,0.0,0.0,-1,-1,0.0,0.0,0.0,0.0,0.0,0.0,0,0,0.0,0.0,0,0,0.0,0.0,0,0,0.0,0.0,0,0,0.0,1
LGS2ORD0009703,C014865,2025-03-18 20:00:00,Female,38,Bronze,TV,Chonburi,780,Shopee,COD,20,3,1,0,30-40,26.0,2.0,0.0,0.0,-1,15,4218.135,0.18,0.5,0.0,0.0,0.0,0,0,0.0,784.59,1,0,0.0,8436.27,2,0,0.0,8436.27,2,0,0.0,0
LGS2ORD0009704,C012487,2025-03-18 20:00:00,Female,41,Silver,Web,Chonburi,294,TV_Show,Bank_Transfer,20,3,1,0,40-50,9.8,2.0,0.0,0.0,-1,20,960.375,0.2,0.5,0.0,0.0,0.0,0,0,0.0,1051.91,1,0,0.0,1920.75,2,0,0.0,1920.75,2,0,0.0,0
LGS2ORD0009705,C015548,2025-03-18 20:00:00,Male,50,Silver,Web,Chiang Mai,448,TV_Show,COD,20,3,1,0,40-50,14.933333333333334,0.0,0.0,0.0,-1,-1,0.0,0.0,0.0,0.0,0.0,0.0,0,0,0.0,0.0,0,0,0.0,0.0,0,0,0.0,0.0,0,0,0.0,1
LGS2ORD0009706,C016733,2025-03-18 21:00:00,Female,43,Gold,Web,Bangkok,299,Shopee,PromptPay,21,3,1,0,40-50,9.966666666666667,3.0,0.0,0.0,-1,12,6116.629999999998,0.28,0.3333333333333333,0.3333333333333333,0.0,0.0,0,0,0.0,895.01,1,0,0.0,18349.889999999996,3,0,0.0,18349.889999999996,3,0,0.0,0
LGS2ORD0009707,C010517,2025-03-18 21:00:00,Female,55,Bronze,Lazada,Songkhla,1500,Lazada,COD,21,3,1,0,>50,50.0,0.0,0.0,0.0,-1,-1,0.0,0.0,0.0,0.0,0.0,0.0,0,0,0.0,0.0,0,0,0.0,0.0,0,0,0.0,0.0,0,0,0.0,0
LGS2ORD0009708,C010994,2025-03-18 21:00:00,Female,35,Silver,Lazada,Bangkok,1093,TV_Show,Credit_Card,21,3,1,0,30-40,36.43333333333333,0.0,0.0,0.0,-1,-1,0.0,0.0,0.0,0.0,0.0,0.0,0,0,0.0,0.0,0,0,0.0,0.0,0,0,0.0,0.0,0,0,0.0,1
LGS2ORD0009709,C014226,2025-03-18 21:00:00,Male,33,Bronze,TV,Khon Kaen,595,TV_Show,PromptPay,21,3,1,0,30-40,19.833333333333332,1.0,0.0,0.0,-1,25,1600.93,0.13,1.0,0.0,0.0,0.0,0,0,0.0,1600.93,1,0,0.0,1600.93,1,0,0.0,1600.93,1,0,0.0,0
LGS2ORD0009710,C010991,2025-03-18 21:00:00,Female,57,Bronze,CallCenter,Remote_Area,963,Shopee,PromptPay,21,3,1,0,>50,32.1,1.0,0.0,0.0,-1,57,8901.74,0.23,1.0,1.0,0.0,0.0,0,0,0.0,0.0,0,0,0.0,8901.74,1,0,0.0,8901.74,1,0,0.0,0
LGS2ORD0009711,C010435,2025-03-18 22:00:00,Female,31,Silver,Lazada,Nakhon Ratchasima,900,Shopee,COD,22,3,1,0,30-40,30.0,1.0,0.0,0.0,-1,52,20317.49,0.25,0.0,1.0,0.0,0.0,0,0,0.0,0.0,0,0,0.0,20317.49,1,0,0.0,20317.49,1,0,0.0,1
LGS2ORD0009712,C014668,2025-03-18 22:00:00,Female,34,Bronze,Web,Chiang Mai,447,Shopee,COD,22,3,1,0,30-40,14.9,3.0,0.0,0.0,-1,19,4198.349999999999,0.23,1.0,0.3333333333333333,0.0,0.0,0,0,0.0,6628.4,2,0,0.0,12595.05,3,0,0.0,12595.05,3,0,0.0,0
LGS2ORD0009713,C011586,2025-03-18 22:00:00,Female,51,Gold,Shopee,Remote_Area,331,Lazada,Credit_Card,22,3,1,0,>50,11.033333333333333,3.0,1.0,0.3333333333333333,36,16,2409.1433333333334,0.33,0.0,0.6666666666666666,0.0,0.0,0,0,0.0,1071.46,1,0,0.0,7227.43,3,1,0.3333333333333333,7227.43,3,1,0.3333333333333333,0
LGS2ORD0009714,C010509,2025-03-18 22:00:00,Female,31,Gold,Shopee,Songkhla,1057,CallCenter,COD,22,3,1,0,30-40,35.233333333333334,1.0,1.0,1.0,4,15,1431.25,0.28,1.0,1.0,0.0,0.0,0,0,0.0,1431.25,1,1,1.0,1431.25,1,1,1.0,1431.25,1,1,1.0,0
LGS2ORD0009715,C010919,2025-03-18 22:00:00,Male,56,Bronze,TV,Chiang Mai,194,Lazada,COD,22,3,1,0,>50,6.466666666666667,1.0,0.0,0.0,-1,52,6487.07,0.23,1.0,1.0,0.0,0.0,0,0,0.0,0.0,0,0,0.0,6487.07,1,0,0.0,6487.07,1,0,0.0,0
LGS2ORD0009716,C016604,2025-03-18 22:00:00,Female,49,Silver,TV,Chiang Mai,759,TV_Show,COD,22,3,1,0,40-50,25.3,1.0,1.0,1.0,4,16,2316.19,0.15,1.0,0.0,0.0,0.0,0,0,0.0,2316.19,1,1,1.0,2316.19,1,1,1.0,2316.19,1,1,1.0,0
LGS2ORD0009717,C014540,2025-03-18 23:00:00,Female,47,Bronze,TV,Chiang Mai,208,CallCenter,COD,23,3,1,0,40-50,6.933333333333334,2.0,1.0,0.5,51,64,1446.1799999999998,0.18,0.5,0.0,0.0,0.0,0,0,0.0,0.0,0,0,0.0,2892.3599999999997,2,1,0.5,2892.3599999999997,2,1,0.5,0
LGS2ORD0009718,C013652,2025-03-18 23:00:00,Other,34,Silver,Web,Chonburi,703,TV_Show,PromptPay,23,3,1,0,30-40,23.433333333333334,3.0,1.0,0.3333333333333333,52,4,7966.376666666667,0.2,1.0,0.0,0.0,3450.0,1,0,0.0,22082.98,2,0,0.0,23899.13,3,1,0.3333333333333333,23899.13,3,1,0.3333333333333333,0
LGS2ORD0009719,C011282,2025-03-18 23:00:00,Male,52,Bronze,Web,Chiang Mai,961,TV_Show,Credit_Card,23,3,1,0,>50,32.03333333333333,1.0,0.0,0.0,-1,2,5686.49,0.28,1.0,1.0,0.0,5686.49,1,0,0.0,5686.49,1,0,0.0,5686.49,1,0,0.0,5686.49,1,0,0.0,0
LGS2ORD0009720,C014923,2025-03-18 23:00:00,Female,22,Silver,Lazada,Songkhla,296,TV_Show,Bank_Transfer,23,3,1,0,20-30,9.866666666666667,0.0,0.0,0.0,-1,-1,0.0,0.0,0.0,0.0,0.0,0.0,0,0,0.0,0.0,0,0,0.0,0.0,0,0,0.0,0.0,0,0,0.0,0
LGS2ORD0009721,C012305,2025-03-18 23:00:00,Female,43,Gold,Web,Khon Kaen,1471,CallCenter,COD,23,3,1,0,40-50,49.03333333333333,1.0,0.0,0.0,-1,72,1179.8,0.33,1.0,1.0,0.0,0.0,0,0,0.0,0.0,0,0,0.0,1179.8,1,0,0.0,1179.8,1,0,0.0,0
LGS2ORD0009722,C011414,2025-03-19 00:00:00,Male,51,Bronze,CallCenter,Chiang Mai,1497,CallCenter,COD,0,3,2,0,>50,49.9,1.0,0.0,0.0,-1,48,10747.75,0.08,0.0,0.0,0.0,0.0,0,0,0.0,0.0,0,0,0.0,10747.75,1,0,0.0,10747.75,1,0,0.0,1
LGS2ORD0009723,C017170,2025-03-19 00:00:00,Female,48,Silver,Shopee,Phuket,1436,Web,Credit_Card,0,3,2,0,40-50,47.86666666666667,1.0,0.0,0.0,-1,23,887.81,0.05,0.0,0.0,0.0,0.0,0,0,0.0,887.81,1,0,0.0,887.81,1,0,0.0,887.81,1,0,0.0,0
LGS2ORD0009724,C011014,2025-03-19 00:00:00,Male,48,Bronze,TV,Bangkok,778,CallCenter,COD,0,3,2,0,40-50,25.933333333333334,1.0,1.0,1.0,26,39,5725.93,0.03,0.0,0.0,0.0,0.0,0,0,0.0,0.0,0,0,0.0,5725.93,1,1,1.0,5725.93,1,1,1.0,0
LGS2ORD0009725,C010423,2025-03-19 00:00:00,Male,44,Platinum,TV,Remote_Area,1511,CallCenter,PromptPay,0,3,2,0,40-50,50.36666666666667,1.0,0.0,0.0,-1,43,9828.95,0.1,0.0,0.0,0.0,0.0,0,0,0.0,0.0,0,0,0.0,9828.95,1,0,0.0,9828.95,1,0,0.0,0
LGS2ORD0009726,C014152,2025-03-19 00:00:00,Female,36,Gold,Web,Bangkok,1365,Web,Credit_Card,0,3,2,0,30-40,45.5,4.0,1.0,0.25,52,23,3170.3424999999997,0.28,0.5,0.75,0.0,0.0,0,0,0.0,846.66,1,0,0.0,12681.369999999999,4,1,0.25,12681.369999999999,4,1,0.25,0
LGS2ORD0009727,C012752,2025-03-19 01:00:00,Male,71,Bronze,TV,Nakhon Ratchasima,1128,CallCenter,COD,1,3,2,0,>50,37.6,0.0,0.0,0.0,-1,-1,0.0,0.0,0.0,0.0,0.0,0.0,0,0,0.0,0.0,0,0,0.0,0.0,0,0,0.0,0.0,0,0,0.0,1
LGS2ORD0009728,C011205,2025-03-19 01:00:00,Male,24,Silver,CallCenter,Nakhon Ratchasima,1010,Lazada,COD,1,3,2,0,20-30,33.666666666666664,1.0,0.0,0.0,-1,74,6078.5,0.1,0.0,0.0,0.0,0.0,0,0,0.0,0.0,0,0,0.0,6078.5,1,0,0.0,6078.5,1,0,0.0,1
LGS2ORD0009729,C012922,2025-03-19 01:00:00,Female,70,Bronze,TV,Bangkok,424,Web,COD,1,3,2,0,>50,14.133333333333333,3.0,0.0,0.0,-1,22,5856.163333333334,0.18,0.3333333333333333,0.0,0.0,0.0,0,0,0.0,11464.17,1,0,0.0,17568.49,3,0,0.0,17568.49,3,0,0.0,0
LGS2ORD0009730,C010792,2025-03-19 01:00:00,Female,31,Gold,Shopee,Chonburi,1464,TV_Show,Credit_Card,1,3,2,0,30-40,48.8,1.0,0.0,0.0,-1,28,3112.13,0.18,0.0,0.0,0.0,0.0,0,0,0.0,3112.13,1,0,0.0,3112.13,1,0,0.0,3112.13,1,0,0.0,0
LGS2ORD0009731,C017269,2025-03-19 01:00:00,Female,51,Bronze,Web,Bangkok,1517,Web,COD,1,3,2,0,>50,50.56666666666667,3.0,0.0,0.0,-1,37,2383.8700000000003,0.23,0.6666666666666666,0.3333333333333333,0.0,0.0,0,0,0.0,0.0,0,0,0.0,7151.610000000001,3,0,0.0,7151.610000000001,3,0,0.0,0
LGS2ORD0009732,C017766,2025-03-19 02:00:00,Male,42,Bronze,TV,Chiang Mai,755,Shopee,COD,2,3,2,0,40-50,25.166666666666668,1.0,1.0,1.0,31,44,2064.81,0.08,1.0,0.0,0.0,0.0,0,0,0.0,0.0,0,0,0.0,2064.81,1,1,1.0,2064.81,1,1,1.0,0
LGS2ORD0009733,C015899,2025-03-19 02:00:00,Female,62,Bronze,Lazada,Nakhon Ratchasima,950,Shopee,COD,2,3,2,0,>50,31.666666666666668,2.0,0.0,0.0,-1,20,4878.75,0.23,0.0,0.5,0.0,0.0,0,0,0.0,8138.97,1,0,0.0,9757.5,2,0,0.0,9757.5,2,0,0.0,0
LGS2ORD0009734,C013876,2025-03-19 02:00:00,Female,37,Bronze,Shopee,Songkhla,1039,Lazada,COD,2,3,2,0,30-40,34.63333333333333,0.0,0.0,0.0,-1,-1,0.0,0.0,0.0,0.0,0.0,0.0,0,0,0.0,0.0,0,0,0.0,0.0,0,0,0.0,0.0,0,0,0.0,1
LGS2ORD0009735,C013550,2025-03-19 02:00:00,Female,42,Silver,TV,Bangkok,284,CallCenter,Credit_Card,2,3,2,0,40-50,9.466666666666667,1.0,0.0,0.0,-1,26,3288.74,0.3,1.0,1.0,0.0,0.0,0,0,0.0,3288.74,1,0,0.0,3288.74,1,0,0.0,3288.74,1,0,0.0,0
LGS2ORD0009736,C014496,2025-03-19 02:00:00,Female,57,Gold,Lazada,Khon Kaen,426,Shopee,PromptPay,2,3,2,0,>50,14.2,1.0,1.0,1.0,50,56,14666.49,0.2299999999999999,0.0,1.0,0.0,0.0,0,0,0.0,0.0,0,0,0.0,14666.49,1,1,1.0,14666.49,1,1,1.0,0
LGS2ORD0009737,C014395,2025-03-19 02:00:00,Male,33,Bronze,Shopee,Chonburi,133,TV_Show,COD,2,3,2,0,30-40,4.433333333333334,0.0,0.0,0.0,-1,-1,0.0,0.0,0.0,0.0,0.0,0.0,0,0,0.0,0.0,0,0,0.0,0.0,0,0,0.0,0.0,0,0,0.0,0
LGS2ORD0009738,C012374,2025-03-19 03:00:00,Male,40,Bronze,Lazada,Remote_Area,416,Shopee,COD,3,3,2,0,30-40,13.866666666666667,2.0,1.0,0.5,40,33,9668.255000000001,0.18,0.5,0.0,0.0,0.0,0,0,0.0,0.0,0,0,0.0,19336.510000000002,2,1,0.5,19336.510000000002,2,1,0.5,1
LGS2ORD0009739,C014806,2025-03-19 03:00:00,Female,65,Gold,Shopee,Chiang Mai,504,Web,COD,3,3,2,0,>50,16.8,4.0,0.0,0.0,-1,24,5283.482499999999,0.33,0.25,0.25,0.0,0.0,0,0,0.0,2679.37,1,0,0.0,21133.929999999997,4,0,0.0,21133.929999999997,4,0,0.0,1
LGS2ORD0009740,C010419,2025-03-19 03:00:00,Male,37,Bronze,CallCenter,Songkhla,1256,TV_Show,Bank_Transfer,3,3,2,0,30-40,41.86666666666667,0.0,0.0,0.0,-1,-1,0.0,0.0,0.0,0.0,0.0,0.0,0,0,0.0,0.0,0,0,0.0,0.0,0,0,0.0,0.0,0,0,0.0,0
LGS2ORD0009741,C017129,2025-03-19 03:00:00,Male,38,Platinum,CallCenter,Nakhon Ratchasima,623,Web,Credit_Card,3,3,2,0,30-40,20.766666666666666,0.0,0.0,0.0,-1,-1,0.0,0.0,0.0,0.0,0.0,0.0,0,0,0.0,0.0,0,0,0.0,0.0,0,0,0.0,0.0,0,0,0.0,1
LGS2ORD0009742,C014087,2025-03-19 03:00:00,Female,69,Bronze,TV,Phuket,446,TV_Show,Credit_Card,3,3,2,0,>50,14.866666666666667,4.0,2.0,0.5,20,25,9887.82,0.23,1.0,0.25,0.0,0.0,0,0,0.0,21205.88,1,1,1.0,39551.28,4,2,0.5,39551.28,4,2,0.5,0
LGS2ORD0009743,C010006,2025-03-19 04:00:00,Female,40,Silver,Shopee,Chiang Mai,962,Web,PromptPay,4,3,2,0,30-40,32.06666666666667,1.0,0.0,0.0,-1,11,7301.2,0.05,1.0,0.0,0.0,0.0,0,0,0.0,7301.2,1,0,0.0,7301.2,1,0,0.0,7301.2,1,0,0.0,0
LGS2ORD0009744,C013178,2025-03-19 04:00:00,Female,37,Silver,CallCenter,Remote_Area,141,CallCenter,COD,4,3,2,0,30-40,4.7,2.0,0.0,0.0,-1,54,1069.15,0.05,0.0,0.0,0.0,0.0,0,0,0.0,0.0,0,0,0.0,2138.3,2,0,0.0,2138.3,2,0,0.0,0
LGS2ORD0009745,C015107,2025-03-19 04:00:00,Female,49,Bronze,Web,Khon Kaen,812,TV_Show,COD,4,3,2,0,40-50,27.066666666666666,0.0,0.0,0.0,-1,-1,0.0,0.0,0.0,0.0,0.0,0.0,0,0,0.0,0.0,0,0,0.0,0.0,0,0,0.0,0.0,0,0,0.0,1
LGS2ORD0009746,C015075,2025-03-19 04:00:00,Male,40,Bronze,Shopee,Chonburi,544,Shopee,COD,4,3,2,0,30-40,18.133333333333333,4.0,0.0,0.0,-1,6,2394.495,0.18,0.25,0.0,0.0,2243.91,1,0,0.0,9210.31,3,0,0.0,9577.98,4,0,0.0,9577.98,4,0,0.0,0
LGS2ORD0009747,C017172,2025-03-19 04:00:00,Male,62,Gold,TV,Bangkok,1123,Web,PromptPay,4,3,2,0,>50,37.43333333333333,0.0,0.0,0.0,-1,-1,0.0,0.0,0.0,0.0,0.0,0.0,0,0,0.0,0.0,0,0,0.0,0.0,0,0,0.0,0.0,0,0,0.0,0
LGS2ORD0009748,C015676,2025-03-19 05:00:00,Female,41,Platinum,CallCenter,Chiang Mai,1004,Web,Credit_Card,5,3,2,0,40-50,33.46666666666667,3.0,1.0,0.3333333333333333,14,22,14631.85,0.3,0.3333333333333333,0.3333333333333333,0.0,0.0,0,0,0.0,17866.79,2,1,0.5,43895.55,3,1,0.3333333333333333,43895.55,3,1,0.3333333333333333,0
LGS2ORD0009749,C015225,2025-03-19 05:00:00,Female,20,Bronze,Shopee,Bangkok,982,TV_Show,Credit_Card,5,3,2,0,<20,32.733333333333334,1.0,0.0,0.0,-1,54,4824.11,0.03,0.0,0.0,0.0,0.0,0,0,0.0,0.0,0,0,0.0,4824.11,1,0,0.0,4824.11,1,0,0.0,0
LGS2ORD0009750,C012888,2025-03-19 05:00:00,Female,45,Silver,TV,Bangkok,314,Web,COD,5,3,2,0,40-50,10.466666666666667,0.0,0.0,0.0,-1,-1,0.0,0.0,0.0,0.0,0.0,0.0,0,0,0.0,0.0,0,0,0.0,0.0,0,0,0.0,0.0,0,0,0.0,0
LGS2ORD0009751,C012562,2025-03-19 05:00:00,Male,58,Bronze,Web,Chonburi,1443,Web,COD,5,3,2,0,>50,48.1,0.0,0.0,0.0,-1,-1,0.0,0.0,0.0,0.0,0.0,0.0,0,0,0.0,0.0,0,0,0.0,0.0,0,0,0.0,0.0,0,0,0.0,0
LGS2ORD0009752,C016579,2025-03-19 05:00:00,Male,29,Bronze,TV,Chiang Mai,1085,Shopee,COD,5,3,2,0,20-30,36.166666666666664,0.0,0.0,0.0,-1,-1,0.0,0.0,0.0,0.0,0.0,0.0,0,0,0.0,0.0,0,0,0.0,0.0,0,0,0.0,0.0,0,0,0.0,0
LGS2ORD0009753,C016801,2025-03-19 06:00:00,Female,30,Gold,Web,Nakhon Ratchasima,535,TV_Show,Credit_Card,6,3,2,0,20-30,17.833333333333332,1.0,0.0,0.0,-1,76,1740.74,0.13,1.0,0.0,0.0,0.0,0,0,0.0,0.0,0,0,0.0,1740.74,1,0,0.0,1740.74,1,0,0.0,0
LGS2ORD0009754,C017768,2025-03-19 06:00:00,Female,50,Platinum,Shopee,Bangkok,1334,Shopee,COD,6,3,2,0,40-50,44.46666666666667,1.0,0.0,0.0,-1,47,3271.05,0.1,0.0,0.0,0.0,0.0,0,0,0.0,0.0,0,0,0.0,3271.05,1,0,0.0,3271.05,1,0,0.0,0
LGS2ORD0009755,C016099,2025-03-19 06:00:00,Male,44,Bronze,Shopee,Phuket,853,Lazada,COD,6,3,2,0,40-50,28.433333333333334,0.0,0.0,0.0,-1,-1,0.0,0.0,0.0,0.0,0.0,0.0,0,0,0.0,0.0,0,0,0.0,0.0,0,0,0.0,0.0,0,0,0.0,0
LGS2ORD0009756,C016193,2025-03-19 06:00:00,Male,43,Bronze,Lazada,Bangkok,329,Lazada,PromptPay,6,3,2,0,40-50,10.966666666666667,1.0,0.0,0.0,-1,13,2220.45,0.03,0.0,0.0,0.0,0.0,0,0,0.0,2220.45,1,0,0.0,2220.45,1,0,0.0,2220.45,1,0,0.0,0
LGS2ORD0009757,C015491,2025-03-19 06:00:00,Male,38,Bronze,CallCenter,Chiang Mai,1408,TV_Show,COD,6,3,2,0,30-40,46.93333333333333,3.0,1.0,0.3333333333333333,57,6,4119.183333333333,0.18,0.3333333333333333,0.0,0.0,2072.79,1,0,0.0,8518.939999999999,2,0,0.0,12357.55,3,1,0.3333333333333333,12357.55,3,1,0.3333333333333333,0
LGS2ORD0009758,C010702,2025-03-19 06:00:00,Male,39,Silver,Shopee,Nakhon Ratchasima,657,Web,Credit_Card,6,3,2,0,30-40,21.9,0.0,0.0,0.0,-1,-1,0.0,0.0,0.0,0.0,0.0,0.0,0,0,0.0,0.0,0,0,0.0,0.0,0,0,0.0,0.0,0,0,0.0,0
LGS2ORD0009759,C014396,2025-03-19 07:00:00,Male,37,Bronze,Shopee,Chiang Mai,1450,Shopee,COD,7,3,2,0,30-40,48.333333333333336,0.0,0.0,0.0,-1,-1,0.0,0.0,0.0,0.0,0.0,0.0,0,0,0.0,0.0,0,0,0.0,0.0,0,0,0.0,0.0,0,0,0.0,0
LGS2ORD0009760,C013765,2025-03-19 07:00:00,Male,50,Bronze,Shopee,Chonburi,286,Web,PromptPay,7,3,2,0,40-50,9.533333333333333,0.0,0.0,0.0,-1,-1,0.0,0.0,0.0,0.0,0.0,0.0,0,0,0.0,0.0,0,0,0.0,0.0,0,0,0.0,0.0,0,0,0.0,0
LGS2ORD0009761,C012863,2025-03-19 07:00:00,Female,41,Bronze,TV,Songkhla,1085,CallCenter,PromptPay,7,3,2,0,40-50,36.166666666666664,0.0,0.0,0.0,-1,-1,0.0,0.0,0.0,0.0,0.0,0.0,0,0,0.0,0.0,0,0,0.0,0.0,0,0,0.0,0.0,0,0,0.0,0
LGS2ORD0009762,C011070,2025-03-19 07:00:00,Male,38,Gold,TV,Bangkok,1267,Web,COD,7,3,2,0,30-40,42.233333333333334,0.0,0.0,0.0,-1,-1,0.0,0.0,0.0,0.0,0.0,0.0,0,0,0.0,0.0,0,0,0.0,0.0,0,0,0.0,0.0,0,0,0.0,0
LGS2ORD0009763,C014649,2025-03-19 07:00:00,Female,30,Bronze,TV,Chonburi,1434,CallCenter,COD,7,3,2,0,20-30,47.8,1.0,0.0,0.0,-1,21,2212.54,0.03,1.0,0.0,0.0,0.0,0,0,0.0,2212.54,1,0,0.0,2212.54,1,0,0.0,2212.54,1,0,0.0,1
LGS2ORD0009764,C011110,2025-03-19 08:00:00,Female,39,Gold,Shopee,Chiang Mai,1054,Web,COD,8,3,2,0,30-40,35.13333333333333,2.0,0.0,0.0,-1,40,2665.625,0.2299999999999999,0.5,0.5,0.0,0.0,0,0,0.0,0.0,0,0,0.0,5331.25,2,0,0.0,5331.25,2,0,0.0,1
LGS2ORD0009765,C012393,2025-03-19 08:00:00,Male,56,Bronze,TV,Nakhon Ratchasima,1187,CallCenter,Credit_Card,8,3,2,0,>50,39.56666666666667,1.0,0.0,0.0,-1,21,12406.25,0.18,0.0,0.0,0.0,0.0,0,0,0.0,12406.25,1,0,0.0,12406.25,1,0,0.0,12406.25,1,0,0.0,1
LGS2ORD0009766,C010870,2025-03-19 08:00:00,Female,26,Gold,Web,Bangkok,305,Shopee,COD,8,3,2,0,20-30,10.166666666666666,1.0,0.0,0.0,-1,75,701.2,0.08,0.0,0.0,0.0,0.0,0,0,0.0,0.0,0,0,0.0,701.2,1,0,0.0,701.2,1,0,0.0,1
LGS2ORD0009767,C011749,2025-03-19 08:00:00,Female,47,Bronze,TV,Khon Kaen,161,Web,COD,8,3,2,0,40-50,5.366666666666666,2.0,0.0,0.0,-1,10,8333.029999999999,0.23,0.0,0.5,0.0,0.0,0,0,0.0,5315.85,1,0,0.0,16666.059999999998,2,0,0.0,16666.059999999998,2,0,0.0,0
LGS2ORD0009768,C017811,2025-03-19 08:00:00,Female,26,Silver,Shopee,Songkhla,546,Web,COD,8,3,2,0,20-30,18.2,1.0,0.0,0.0,-1,50,1577.77,0.25,1.0,1.0,0.0,0.0,0,0,0.0,0.0,0,0,0.0,1577.77,1,0,0.0,1577.77,1,0,0.0,1
LGS2ORD0009769,C012399,2025-03-19 09:00:00,Male,47,Bronze,TV,Phuket,1045,Shopee,COD,9,3,2,0,40-50,34.833333333333336,1.0,1.0,1.0,46,54,4486.65,0.03,0.0,0.0,0.0,0.0,0,0,0.0,0.0,0,0,0.0,4486.65,1,1,1.0,4486.65,1,1,1.0,1
LGS2ORD0009770,C011281,2025-03-19 09:00:00,Male,53,Silver,Shopee,Bangkok,1214,Lazada,Credit_Card,9,3,2,0,>50,40.46666666666667,2.0,0.0,0.0,-1,1,3646.92,0.05,0.5,0.0,0.0,1802.22,1,0,0.0,7293.84,2,0,0.0,7293.84,2,0,0.0,7293.84,2,0,0.0,0
LGS2ORD0009771,C014028,2025-03-19 09:00:00,Female,25,Platinum,CallCenter,Nakhon Ratchasima,1424,Web,COD,9,3,2,0,20-30,47.46666666666667,1.0,0.0,0.0,-1,7,1557.66,0.25,1.0,1.0,0.0,0.0,0,0,0.0,1557.66,1,0,0.0,1557.66,1,0,0.0,1557.66,1,0,0.0,0
LGS2ORD0009772,C017758,2025-03-19 09:00:00,Other,33,Gold,Web,Bangkok,838,Web,Credit_Card,9,3,2,0,30-40,27.933333333333334,0.0,0.0,0.0,-1,-1,0.0,0.0,0.0,0.0,0.0,0.0,0,0,0.0,0.0,0,0,0.0,0.0,0,0,0.0,0.0,0,0,0.0,0
LGS2ORD0009773,C013106,2025-03-19 09:00:00,Male,28,Bronze,TV,Nakhon Ratchasima,102,TV_Show,Credit_Card,9,3,2,0,20-30,3.4,1.0,0.0,0.0,-1,33,677.63,0.23,0.0,1.0,0.0,0.0,0,0,0.0,0.0,0,0,0.0,677.63,1,0,0.0,677.63,1,0,0.0,0
LGS2ORD0009774,C015782,2025-03-19 09:00:00,Female,51,Bronze,Shopee,Chiang Mai,871,Web,COD,9,3,2,0,>50,29.033333333333335,1.0,0.0,0.0,-1,25,16275.72,0.03,1.0,0.0,0.0,0.0,0,0,0.0,16275.72,1,0,0.0,16275.72,1,0,0.0,16275.72,1,0,0.0,0
LGS2ORD0009775,C016392,2025-03-19 10:00:00,Female,46,Bronze,Shopee,Bangkok,457,Web,PromptPay,10,3,2,0,40-50,15.233333333333333,0.0,0.0,0.0,-1,-1,0.0,0.0,0.0,0.0,0.0,0.0,0,0,0.0,0.0,0,0,0.0,0.0,0,0,0.0,0.0,0,0,0.0,0
LGS2ORD0009776,C010212,2025-03-19 10:00:00,Male,51,Bronze,Web,Bangkok,1366,CallCenter,COD,10,3,2,0,>50,45.53333333333333,3.0,2.0,0.6666666666666666,38,46,19229.58666666667,0.28,0.6666666666666666,0.6666666666666666,0.0,0.0,0,0,0.0,0.0,0,0,0.0,57688.76000000001,3,2,0.6666666666666666,57688.76000000001,3,2,0.6666666666666666,0
LGS2ORD0009777,C010449,2025-03-19 10:00:00,Female,41,Gold,Web,Bangkok,565,TV_Show,Credit_Card,10,3,2,0,40-50,18.833333333333332,2.0,1.0,0.5,55,62,2597.65,0.13,1.0,0.0,0.0,0.0,0,0,0.0,0.0,0,0,0.0,5195.3,2,1,0.5,5195.3,2,1,0.5,0
LGS2ORD0009778,C016328,2025-03-19 10:00:00,Female,72,Silver,CallCenter,Remote_Area,327,TV_Show,PromptPay,10,3,2,0,>50,10.9,3.0,1.0,0.3333333333333333,4,12,8451.243333333334,0.15,0.0,0.0,0.0,0.0,0,0,0.0,1886.64,1,1,1.0,25353.73,3,1,0.3333333333333333,25353.73,3,1,0.3333333333333333,0
LGS2ORD0009779,C015533,2025-03-19 10:00:00,Female,22,Silver,CallCenter,Bangkok,998,Web,COD,10,3,2,0,20-30,33.266666666666666,2.0,0.0,0.0,-1,36,3058.2000000000003,0.25,0.5,0.5,0.0,0.0,0,0,0.0,0.0,0,0,0.0,6116.400000000001,2,0,0.0,6116.400000000001,2,0,0.0,0
LGS2ORD0009780,C010660,2025-03-19 11:00:00,Male,20,Bronze,Shopee,Chiang Mai,1429,Web,Bank_Transfer,11,3,2,0,<20,47.63333333333333,2.0,0.0,0.0,-1,11,4311.265,0.23,0.0,0.5,0.0,0.0,0,0,0.0,6946.54,1,0,0.0,8622.53,2,0,0.0,8622.53,2,0,0.0,1
LGS2ORD0009781,C011839,2025-03-19 11:00:00,Female,52,Silver,TV,Chonburi,528,Lazada,COD,11,3,2,0,>50,17.6,2.0,1.0,0.5,-11,5,5806.07,0.05,0.0,0.0,0.0,11612.14,2,1,0.5,11612.14,2,1,0.5,11612.14,2,1,0.5,11612.14,2,1,0.5,0
LGS2ORD0009782,C016369,2025-03-19 11:00:00,Other,22,Silver,Shopee,Bangkok,238,TV_Show,COD,11,3,2,0,20-30,7.933333333333334,2.0,0.0,0.0,-1,2,5797.305,0.3,0.5,0.5,0.0,3363.84,1,0,0.0,3363.84,1,0,0.0,11594.61,2,0,0.0,11594.61,2,0,0.0,1
LGS2ORD0009783,C011891,2025-03-19 11:00:00,Female,21,Bronze,Web,Bangkok,1120,CallCenter,PromptPay,11,3,2,0,20-30,37.333333333333336,2.0,0.0,0.0,-1,12,3592.125,0.28,0.5,0.5,0.0,0.0,0,0,0.0,1627.13,1,0,0.0,7184.25,2,0,0.0,7184.25,2,0,0.0,0
LGS2ORD0009784,C013491,2025-03-19 11:00:00,Male,55,Gold,TV,Khon Kaen,321,Web,Credit_Card,11,3,2,0,>50,10.7,3.0,1.0,0.3333333333333333,17,9,4220.323333333334,0.2299999999999999,1.0,0.3333333333333333,0.0,0.0,0,0,0.0,10816.91,2,1,0.5,12660.970000000001,3,1,0.3333333333333333,12660.970000000001,3,1,0.3333333333333333,0
LGS2ORD0009785,C017749,2025-03-19 12:00:00,Male,40,Gold,Web,Khon Kaen,1377,TV_Show,Credit_Card,12,3,2,0,30-40,45.9,0.0,0.0,0.0,-1,-1,0.0,0.0,0.0,0.0,0.0,0.0,0,0,0.0,0.0,0,0,0.0,0.0,0,0,0.0,0.0,0,0,0.0,0
LGS2ORD0009786,C010524,2025-03-19 12:00:00,Female,40,Bronze,Lazada,Bangkok,586,TV_Show,COD,12,3,2,0,30-40,19.533333333333335,1.0,0.0,0.0,-1,50,14263.27,0.23,0.0,1.0,0.0,0.0,0,0,0.0,0.0,0,0,0.0,14263.27,1,0,0.0,14263.27,1,0,0.0,0
LGS2ORD0009787,C010684,2025-03-19 12:00:00,Female,31,Gold,Shopee,Chiang Mai,1194,Lazada,COD,12,3,2,0,30-40,39.8,0.0,0.0,0.0,-1,-1,0.0,0.0,0.0,0.0,0.0,0.0,0,0,0.0,0.0,0,0,0.0,0.0,0,0,0.0,0.0,0,0,0.0,0
LGS2ORD0009788,C013376,2025-03-19 12:00:00,Male,37,Silver,Lazada,Bangkok,243,Web,COD,12,3,2,0,30-40,8.1,0.0,0.0,0.0,-1,-1,0.0,0.0,0.0,0.0,0.0,0.0,0,0,0.0,0.0,0,0,0.0,0.0,0,0,0.0,0.0,0,0,0.0,0
LGS2ORD0009789,C012920,2025-03-19 12:00:00,Male,32,Gold,CallCenter,Phuket,1057,Web,Credit_Card,12,3,2,0,30-40,35.233333333333334,5.0,1.0,0.2,2,18,6721.2339999999995,0.2299999999999999,0.4,0.2,0.0,0.0,0,0,0.0,12860.08,1,1,1.0,33606.17,5,1,0.2,33606.17,5,1,0.2,0
LGS2ORD0009790,C012064,2025-03-19 13:00:00,Female,40,Silver,Web,Khon Kaen,1163,TV_Show,Credit_Card,13,3,2,0,30-40,38.766666666666666,1.0,0.0,0.0,-1,18,436.04,0.25,1.0,1.0,0.0,0.0,0,0,0.0,436.04,1,0,0.0,436.04,1,0,0.0,436.04,1,0,0.0,0
LGS2ORD0009791,C014086,2025-03-19 13:00:00,Male,50,Bronze,Web,Chonburi,991,Shopee,COD,13,3,2,0,40-50,33.03333333333333,4.0,1.0,0.25,5,6,7285.6675,0.28,0.0,0.25,0.0,6798.21,1,0,0.0,21062.34,3,1,0.3333333333333333,29142.67,4,1,0.25,29142.67,4,1,0.25,0
LGS2ORD0009792,C010701,2025-03-19 13:00:00,Male,44,Silver,TV,Bangkok,706,Lazada,COD,13,3,2,0,40-50,23.533333333333335,1.0,0.0,0.0,-1,31,1479.31,0.1,0.0,0.0,0.0,0.0,0,0,0.0,0.0,0,0,0.0,1479.31,1,0,0.0,1479.31,1,0,0.0,1
LGS2ORD0009793,C010456,2025-03-19 13:00:00,Female,33,Bronze,Lazada,Bangkok,1333,Shopee,COD,13,3,2,0,30-40,44.43333333333333,3.0,1.0,0.3333333333333333,40,6,6149.09,0.18,0.0,0.0,0.0,14811.06,1,0,0.0,14811.06,1,0,0.0,18447.27,3,1,0.3333333333333333,18447.27,3,1,0.3333333333333333,0
LGS2ORD0009794,C010401,2025-03-19 13:00:00,Female,37,Bronze,Lazada,Phuket,1196,TV_Show,Bank_Transfer,13,3,2,0,30-40,39.86666666666667,1.0,1.0,1.0,35,47,6929.77,0.23,1.0,1.0,0.0,0.0,0,0,0.0,0.0,0,0,0.0,6929.77,1,1,1.0,6929.77,1,1,1.0,1
LGS2ORD0009795,C012876,2025-03-19 13:00:00,Other,36,Silver,CallCenter,Khon Kaen,302,Web,Credit_Card,13,3,2,0,30-40,10.066666666666666,0.0,0.0,0.0,-1,-1,0.0,0.0,0.0,0.0,0.0,0.0,0,0,0.0,0.0,0,0,0.0,0.0,0,0,0.0,0.0,0,0,0.0,0
LGS2ORD0009796,C011838,2025-03-19 14:00:00,Male,32,Silver,Web,Remote_Area,1303,Shopee,COD,14,3,2,0,30-40,43.43333333333333,1.0,1.0,1.0,-7,7,1291.55,0.25,1.0,1.0,0.0,0.0,0,0,0.0,1291.55,1,1,1.0,1291.55,1,1,1.0,1291.55,1,1,1.0,0
LGS2ORD0009797,C013108,2025-03-19 14:00:00,Female,42,Bronze,Lazada,Khon Kaen,172,Web,COD,14,3,2,0,40-50,5.733333333333333,0.0,0.0,0.0,-1,-1,0.0,0.0,0.0,0.0,0.0,0.0,0,0,0.0,0.0,0,0,0.0,0.0,0,0,0.0,0.0,0,0,0.0,1
LGS2ORD0009798,C014117,2025-03-19 14:00:00,Male,28,Silver,Shopee,Remote_Area,848,Shopee,COD,14,3,2,0,20-30,28.266666666666666,1.0,1.0,1.0,48,61,1755.02,0.1,1.0,0.0,0.0,0.0,0,0,0.0,0.0,0,0,0.0,1755.02,1,1,1.0,1755.02,1,1,1.0,0
LGS2ORD0009799,C012268,2025-03-19 14:00:00,Female,44,Bronze,Shopee,Chonburi,1411,TV_Show,COD,14,3,2,0,40-50,47.03333333333333,0.0,0.0,0.0,-1,-1,0.0,0.0,0.0,0.0,0.0,0.0,0,0,0.0,0.0,0,0,0.0,0.0,0,0,0.0,0.0,0,0,0.0,0
LGS2ORD0009800,C016754,2025-03-19 14:00:00,Female,38,Silver,Lazada,Bangkok,1223,Lazada,COD,14,3,2,0,30-40,40.766666666666666,4.0,0.0,0.0,-1,40,3064.6875,0.25,0.25,0.25,0.0,0.0,0,0,0.0,0.0,0,0,0.0,12258.75,4,0,0.0,12258.75,4,0,0.0,0
LGS2ORD0009801,C011090,2025-03-19 15:00:00,Female,33,Gold,Shopee,Phuket,210,TV_Show,COD,15,3,2,0,30-40,7.0,1.0,0.0,0.0,-1,72,567.2,0.08,1.0,0.0,0.0,0.0,0,0,0.0,0.0,0,0,0.0,567.2,1,0,0.0,567.2,1,0,0.0,0
LGS2ORD0009802,C016406,2025-03-19 15:00:00,Female,29,Gold,TV,Bangkok,1050,Web,PromptPay,15,3,2,0,20-30,35.0,0.0,0.0,0.0,-1,-1,0.0,0.0,0.0,0.0,0.0,0.0,0,0,0.0,0.0,0,0,0.0,0.0,0,0,0.0,0.0,0,0,0.0,1
LGS2ORD0009803,C013996,2025-03-19 15:00:00,Male,18,Bronze,TV,Chiang Mai,1098,Web,Credit_Card,15,3,2,0,<20,36.6,1.0,0.0,0.0,-1,20,1988.59,0.03,0.0,0.0,0.0,0.0,0,0,0.0,1988.59,1,0,0.0,1988.59,1,0,0.0,1988.59,1,0,0.0,0
LGS2ORD0009804,C013116,2025-03-19 15:00:00,Female,46,Silver,Web,Chiang Mai,1361,Web,COD,15,3,2,0,40-50,45.36666666666667,2.0,0.0,0.0,-1,60,4200.6900000000005,0.25,1.0,1.0,0.0,0.0,0,0,0.0,0.0,0,0,0.0,8401.380000000001,2,0,0.0,8401.380000000001,2,0,0.0,0
LGS2ORD0009805,C012962,2025-03-19 15:00:00,Male,35,Gold,Web,Khon Kaen,888,TV_Show,PromptPay,15,3,2,0,30-40,29.6,1.0,0.0,0.0,-1,68,2056.86,0.13,0.0,0.0,0.0,0.0,0,0,0.0,0.0,0,0,0.0,2056.86,1,0,0.0,2056.86,1,0,0.0,1
LGS2ORD0009806,C010194,2025-03-19 16:00:00,Female,51,Gold,TV,Remote_Area,1511,Lazada,COD,16,3,2,0,>50,50.36666666666667,0.0,0.0,0.0,-1,-1,0.0,0.0,0.0,0.0,0.0,0.0,0,0,0.0,0.0,0,0,0.0,0.0,0,0,0.0,0.0,0,0,0.0,0
LGS2ORD0009807,C012506,2025-03-19 16:00:00,Female,54,Bronze,CallCenter,Bangkok,631,TV_Show,Bank_Transfer,16,3,2,0,>50,21.033333333333335,4.0,1.0,0.25,-1,10,5320.67,0.28,0.75,0.5,0.0,0.0,0,0,0.0,17150.829999999998,3,1,0.3333333333333333,21282.68,4,1,0.25,21282.68,4,1,0.25,0
LGS2ORD0009808,C013709,2025-03-19 16:00:00,Male,27,Bronze,TV,Phuket,1102,Shopee,Credit_Card,16,3,2,0,20-30,36.733333333333334,1.0,0.0,0.0,-1,19,13161.7,0.08,0.0,0.0,0.0,0.0,0,0,0.0,13161.7,1,0,0.0,13161.7,1,0,0.0,13161.7,1,0,0.0,0
LGS2ORD0009809,C012310,2025-03-19 16:00:00,Male,31,Bronze,Lazada,Nakhon Ratchasima,1067,TV_Show,COD,16,3,2,0,30-40,35.56666666666667,0.0,0.0,0.0,-1,-1,0.0,0.0,0.0,0.0,0.0,0.0,0,0,0.0,0.0,0,0,0.0,0.0,0,0,0.0,0.0,0,0,0.0,0
LGS2ORD0009810,C011071,2025-03-19 16:00:00,Female,36,Bronze,Web,Nakhon Ratchasima,1453,Web,PromptPay,16,3,2,0,30-40,48.43333333333333,1.0,0.0,0.0,-1,57,1502.64,0.23,0.0,1.0,0.0,0.0,0,0,0.0,0.0,0,0,0.0,1502.64,1,0,0.0,1502.64,1,0,0.0,0
LGS2ORD0009811,C011925,2025-03-19 17:00:00,Male,47,Gold,Lazada,Bangkok,765,Lazada,PromptPay,17,3,2,0,40-50,25.5,0.0,0.0,0.0,-1,-1,0.0,0.0,0.0,0.0,0.0,0.0,0,0,0.0,0.0,0,0,0.0,0.0,0,0,0.0,0.0,0,0,0.0,0
LGS2ORD0009812,C010594,2025-03-19 17:00:00,Male,24,Silver,Lazada,Chonburi,1320,Shopee,COD,17,3,2,0,20-30,44.0,1.0,0.0,0.0,-1,56,1204.96,0.3,0.0,1.0,0.0,0.0,0,0,0.0,0.0,0,0,0.0,1204.96,1,0,0.0,1204.96,1,0,0.0,0
LGS2ORD0009813,C011259,2025-03-19 17:00:00,Other,40,Gold,Lazada,Khon Kaen,1151,Shopee,Bank_Transfer,17,3,2,0,30-40,38.36666666666667,0.0,0.0,0.0,-1,-1,0.0,0.0,0.0,0.0,0.0,0.0,0,0,0.0,0.0,0,0,0.0,0.0,0,0,0.0,0.0,0,0,0.0,0
LGS2ORD0009814,C012936,2025-03-19 17:00:00,Female,45,Silver,Lazada,Khon Kaen,119,CallCenter,Bank_Transfer,17,3,2,0,40-50,3.966666666666667,1.0,0.0,0.0,-1,4,8266.39,0.2,1.0,0.0,0.0,8266.39,1,0,0.0,8266.39,1,0,0.0,8266.39,1,0,0.0,8266.39,1,0,0.0,0
LGS2ORD0009815,C010979,2025-03-19 17:00:00,Male,60,Bronze,Lazada,Khon Kaen,411,Shopee,Credit_Card,17,3,2,0,>50,13.7,4.0,0.0,0.0,-1,38,2657.085,0.23,0.0,0.25,0.0,0.0,0,0,0.0,0.0,0,0,0.0,10628.34,4,0,0.0,10628.34,4,0,0.0,0
LGS2ORD0009816,C013253,2025-03-19 17:00:00,Female,27,Bronze,TV,Songkhla,798,CallCenter,COD,17,3,2,0,20-30,26.6,1.0,0.0,0.0,-1,76,8615.66,0.03,0.0,0.0,0.0,0.0,0,0,0.0,0.0,0,0,0.0,8615.66,1,0,0.0,8615.66,1,0,0.0,0
LGS2ORD0009817,C013778,2025-03-19 18:00:00,Female,26,Bronze,CallCenter,Bangkok,1398,TV_Show,COD,18,3,2,0,20-30,46.6,0.0,0.0,0.0,-1,-1,0.0,0.0,0.0,0.0,0.0,0.0,0,0,0.0,0.0,0,0,0.0,0.0,0,0,0.0,0.0,0,0,0.0,0
LGS2ORD0009818,C017547,2025-03-19 18:00:00,Female,50,Gold,Lazada,Remote_Area,1020,Web,COD,18,3,2,0,40-50,34.0,3.0,2.0,0.6666666666666666,39,26,3780.5099999999998,0.18,0.6666666666666666,0.0,0.0,0.0,0,0,0.0,4779.74,1,0,0.0,11341.529999999999,3,2,0.6666666666666666,11341.529999999999,3,2,0.6666666666666666,1
LGS2ORD0009819,C015289,2025-03-19 18:00:00,Male,43,Bronze,Web,Khon Kaen,1002,Shopee,COD,18,3,2,0,40-50,33.4,1.0,0.0,0.0,-1,44,2022.36,0.03,1.0,0.0,0.0,0.0,0,0,0.0,0.0,0,0,0.0,2022.36,1,0,0.0,2022.36,1,0,0.0,1
LGS2ORD0009820,C011464,2025-03-19 18:00:00,Female,38,Gold,Lazada,Bangkok,314,Lazada,PromptPay,18,3,2,0,30-40,10.466666666666667,0.0,0.0,0.0,-1,-1,0.0,0.0,0.0,0.0,0.0,0.0,0,0,0.0,0.0,0,0,0.0,0.0,0,0,0.0,0.0,0,0,0.0,0
LGS2ORD0009821,C015976,2025-03-19 18:00:00,Female,40,Bronze,CallCenter,Khon Kaen,460,Shopee,COD,18,3,2,0,30-40,15.333333333333334,0.0,0.0,0.0,-1,-1,0.0,0.0,0.0,0.0,0.0,0.0,0,0,0.0,0.0,0,0,0.0,0.0,0,0,0.0,0.0,0,0,0.0,0
LGS2ORD0009822,C017166,2025-03-19 19:00:00,Female,25,Bronze,TV,Khon Kaen,628,Lazada,COD,19,3,2,0,20-30,20.933333333333334,0.0,0.0,0.0,-1,-1,0.0,0.0,0.0,0.0,0.0,0.0,0,0,0.0,0.0,0,0,0.0,0.0,0,0,0.0,0.0,0,0,0.0,0
LGS2ORD0009823,C016616,2025-03-19 19:00:00,Male,47,Bronze,CallCenter,Bangkok,737,TV_Show,COD,19,3,2,0,40-50,24.566666666666666,1.0,0.0,0.0,-1,24,1821.51,0.23,1.0,1.0,0.0,0.0,0,0,0.0,1821.51,1,0,0.0,1821.51,1,0,0.0,1821.51,1,0,0.0,0
LGS2ORD0009824,C011796,2025-03-19 19:00:00,Female,49,Bronze,Lazada,Nakhon Ratchasima,919,CallCenter,Credit_Card,19,3,2,0,40-50,30.633333333333333,0.0,0.0,0.0,-1,-1,0.0,0.0,0.0,0.0,0.0,0.0,0,0,0.0,0.0,0,0,0.0,0.0,0,0,0.0,0.0,0,0,0.0,0
LGS2ORD0009825,C015427,2025-03-19 19:00:00,Female,50,Bronze,Web,Remote_Area,746,CallCenter,COD,19,3,2,0,40-50,24.866666666666667,1.0,1.0,1.0,39,47,1627.39,0.23,1.0,1.0,0.0,0.0,0,0,0.0,0.0,0,0,0.0,1627.39,1,1,1.0,1627.39,1,1,1.0,0
LGS2ORD0009826,C012191,2025-03-19 19:00:00,Female,58,Gold,Shopee,Bangkok,1303,TV_Show,COD,19,3,2,0,>50,43.43333333333333,3.0,2.0,0.6666666666666666,8,15,7127.743333333333,0.2299999999999999,0.6666666666666666,0.6666666666666666,0.0,0.0,0,0,0.0,3465.87,1,1,1.0,21383.23,3,2,0.6666666666666666,21383.23,3,2,0.6666666666666666,0
LGS2ORD0009827,C011910,2025-03-19 20:00:00,Female,31,Silver,TV,Chonburi,1221,TV_Show,Credit_Card,20,3,2,0,30-40,40.7,0.0,0.0,0.0,-1,-1,0.0,0.0,0.0,0.0,0.0,0.0,0,0,0.0,0.0,0,0,0.0,0.0,0,0,0.0,0.0,0,0,0.0,0
LGS2ORD0009828,C017791,2025-03-19 20:00:00,Female,60,Gold,Web,Nakhon Ratchasima,1521,TV_Show,Credit_Card,20,3,2,0,>50,50.7,0.0,0.0,0.0,-1,-1,0.0,0.0,0.0,0.0,0.0,0.0,0,0,0.0,0.0,0,0,0.0,0.0,0,0,0.0,0.0,0,0,0.0,0
LGS2ORD0009829,C015711,2025-03-19 20:00:00,Female,45,Gold,Web,Khon Kaen,1450,TV_Show,COD,20,3,2,0,40-50,48.333333333333336,0.0,0.0,0.0,-1,-1,0.0,0.0,0.0,0.0,0.0,0.0,0,0,0.0,0.0,0,0,0.0,0.0,0,0,0.0,0.0,0,0,0.0,1
LGS2ORD0009830,C012772,2025-03-19 20:00:00,Female,25,Gold,Lazada,Bangkok,552,Shopee,COD,20,3,2,0,20-30,18.4,1.0,0.0,0.0,-1,72,992.74,0.2299999999999999,1.0,1.0,0.0,0.0,0,0,0.0,0.0,0,0,0.0,992.74,1,0,0.0,992.74,1,0,0.0,1
LGS2ORD0009831,C017398,2025-03-19 20:00:00,Male,18,Gold,TV,Chiang Mai,1191,Shopee,Credit_Card,20,3,2,0,<20,39.7,1.0,0.0,0.0,-1,15,1303.89,0.13,1.0,0.0,0.0,0.0,0,0,0.0,1303.89,1,0,0.0,1303.89,1,0,0.0,1303.89,1,0,0.0,0
LGS2ORD0009832,C016166,2025-03-19 21:00:00,Male,32,Bronze,Lazada,Chiang Mai,964,Shopee,PromptPay,21,3,2,0,30-40,32.13333333333333,3.0,0.0,0.0,-1,38,1935.0200000000002,0.23,0.3333333333333333,0.3333333333333333,0.0,0.0,0,0,0.0,0.0,0,0,0.0,5805.06,3,0,0.0,5805.06,3,0,0.0,0
LGS2ORD0009833,C016451,2025-03-19 21:00:00,Male,34,Bronze,Web,Chonburi,1518,Web,Credit_Card,21,3,2,0,30-40,50.6,3.0,1.0,0.3333333333333333,20,35,10222.18,0.23,0.6666666666666666,0.3333333333333333,0.0,0.0,0,0,0.0,0.0,0,0,0.0,30666.54,3,1,0.3333333333333333,30666.54,3,1,0.3333333333333333,0
LGS2ORD0009834,C017743,2025-03-19 21:00:00,Female,55,Silver,Web,Chiang Mai,1264,Lazada,COD,21,3,2,0,>50,42.13333333333333,3.0,2.0,0.6666666666666666,-2,3,4593.04,0.2,0.6666666666666666,0.0,0.0,6912.47,1,1,1.0,6912.47,1,1,1.0,13779.119999999999,3,2,0.6666666666666666,13779.119999999999,3,2,0.6666666666666666,1
LGS2ORD0009835,C014594,2025-03-19 21:00:00,Female,41,Silver,CallCenter,Nakhon Ratchasima,1298,Web,COD,21,3,2,0,40-50,43.266666666666666,2.0,0.0,0.0,-1,21,7861.255,0.2,0.5,0.0,0.0,0.0,0,0,0.0,7689.06,1,0,0.0,15722.51,2,0,0.0,15722.51,2,0,0.0,0
LGS2ORD0009836,C017358,2025-03-19 21:00:00,Female,50,Gold,Web,Chiang Mai,985,CallCenter,COD,21,3,2,0,40-50,32.833333333333336,0.0,0.0,0.0,-1,-1,0.0,0.0,0.0,0.0,0.0,0.0,0,0,0.0,0.0,0,0,0.0,0.0,0,0,0.0,0.0,0,0,0.0,0
LGS2ORD0009837,C017945,2025-03-19 21:00:00,Male,38,Platinum,Shopee,Khon Kaen,338,TV_Show,COD,21,3,2,0,30-40,11.266666666666667,3.0,0.0,0.0,-1,30,8637.65,0.3,1.0,0.3333333333333333,0.0,0.0,0,0,0.0,0.0,0,0,0.0,25912.95,3,0,0.0,25912.95,3,0,0.0,0
LGS2ORD0009838,C013597,2025-03-19 22:00:00,Female,33,Bronze,TV,Remote_Area,322,TV_Show,Credit_Card,22,3,2,0,30-40,10.733333333333333,0.0,0.0,0.0,-1,-1,0.0,0.0,0.0,0.0,0.0,0.0,0,0,0.0,0.0,0,0,0.0,0.0,0,0,0.0,0.0,0,0,0.0,1
LGS2ORD0009839,C016326,2025-03-19 22:00:00,Female,44,Silver,Shopee,Phuket,1340,TV_Show,COD,22,3,2,0,40-50,44.666666666666664,0.0,0.0,0.0,-1,-1,0.0,0.0,0.0,0.0,0.0,0.0,0,0,0.0,0.0,0,0,0.0,0.0,0,0,0.0,0.0,0,0,0.0,0
LGS2ORD0009840,C015693,2025-03-19 22:00:00,Other,37,Silver,TV,Bangkok,213,Lazada,COD,22,3,2,0,30-40,7.1,3.0,1.0,0.3333333333333333,34,40,12719.406666666668,0.2,0.6666666666666666,0.0,0.0,0.0,0,0,0.0,0.0,0,0,0.0,38158.22,3,1,0.3333333333333333,38158.22,3,1,0.3333333333333333,1
LGS2ORD0009841,C016415,2025-03-19 22:00:00,Male,69,Bronze,Shopee,Nakhon Ratchasima,1401,Lazada,COD,22,3,2,0,>50,46.7,5.0,0.0,0.0,-1,14,2131.014,0.23,0.4,0.4,0.0,0.0,0,0,0.0,2427.77,2,0,0.0,10655.07,5,0,0.0,10655.07,5,0,0.0,0
LGS2ORD0009842,C016638,2025-03-19 22:00:00,Male,46,Silver,CallCenter,Phuket,205,Shopee,Credit_Card,22,3,2,0,40-50,6.833333333333333,2.0,0.0,0.0,-1,5,890.5799999999999,0.25,0.0,0.5,0.0,1055.0,1,0,0.0,1055.0,1,0,0.0,1781.1599999999999,2,0,0.0,1781.1599999999999,2,0,0.0,1
LGS2ORD0009843,C012064,2025-03-19 23:00:00,Female,40,Silver,Web,Khon Kaen,1163,Shopee,COD,23,3,2,0,30-40,38.766666666666666,2.0,0.0,0.0,-1,0,1012.395,0.25,0.5,0.5,0.0,1588.75,1,0,0.0,2024.79,2,0,0.0,2024.79,2,0,0.0,2024.79,2,0,0.0,0
LGS2ORD0009844,C013414,2025-03-19 23:00:00,Male,39,Silver,Lazada,Nakhon Ratchasima,403,Web,PromptPay,23,3,2,0,30-40,13.433333333333334,3.0,0.0,0.0,-1,27,3400.58,0.1,0.3333333333333333,0.0,0.0,0.0,0,0,0.0,1753.09,1,0,0.0,10201.74,3,0,0.0,10201.74,3,0,0.0,0
LGS2ORD0009845,C015042,2025-03-19 23:00:00,Female,38,Silver,Web,Bangkok,1294,Shopee,COD,23,3,2,0,30-40,43.13333333333333,0.0,0.0,0.0,-1,-1,0.0,0.0,0.0,0.0,0.0,0.0,0,0,0.0,0.0,0,0,0.0,0.0,0,0,0.0,0.0,0,0,0.0,0
LGS2ORD0009846,C017894,2025-03-19 23:00:00,Female,42,Gold,Web,Bangkok,475,TV_Show,Bank_Transfer,23,3,2,0,40-50,15.833333333333334,0.0,0.0,0.0,-1,-1,0.0,0.0,0.0,0.0,0.0,0.0,0,0,0.0,0.0,0,0,0.0,0.0,0,0,0.0,0.0,0,0,0.0,0
LGS2ORD0009847,C015958,2025-03-19 23:00:00,Female,44,Platinum,Shopee,Nakhon Ratchasima,1533,TV_Show,PromptPay,23,3,2,0,40-50,51.1,0.0,0.0,0.0,-1,-1,0.0,0.0,0.0,0.0,0.0,0.0,0,0,0.0,0.0,0,0,0.0,0.0,0,0,0.0,0.0,0,0,0.0,0
LGS2ORD0009848,C017363,2025-03-20 00:00:00,Female,40,Silver,CallCenter,Khon Kaen,281,Lazada,PromptPay,0,3,3,0,30-40,9.366666666666667,2.0,1.0,0.5,39,17,2131.17,0.05,1.0,0.0,0.0,0.0,0,0,0.0,2823.96,1,0,0.0,4262.34,2,1,0.5,4262.34,2,1,0.5,0
LGS2ORD0009849,C016683,2025-03-20 00:00:00,Female,31,Silver,Lazada,Chonburi,250,Shopee,COD,0,3,3,0,30-40,8.333333333333334,0.0,0.0,0.0,-1,-1,0.0,0.0,0.0,0.0,0.0,0.0,0,0,0.0,0.0,0,0,0.0,0.0,0,0,0.0,0.0,0,0,0.0,1
LGS2ORD0009850,C011677,2025-03-20 00:00:00,Male,54,Bronze,Web,Chiang Mai,657,TV_Show,PromptPay,0,3,3,0,>50,21.9,0.0,0.0,0.0,-1,-1,0.0,0.0,0.0,0.0,0.0,0.0,0,0,0.0,0.0,0,0,0.0,0.0,0,0,0.0,0.0,0,0,0.0,0
LGS2ORD0009851,C015317,2025-03-20 00:00:00,Female,56,Bronze,TV,Songkhla,282,Lazada,COD,0,3,3,0,>50,9.4,3.0,0.0,0.0,-1,14,2452.4066666666663,0.28,1.0,0.3333333333333333,0.0,0.0,0,0,0.0,5780.85,2,0,0.0,7357.219999999999,3,0,0.0,7357.219999999999,3,0,0.0,0
LGS2ORD0009852,C010452,2025-03-20 00:00:00,Female,52,Bronze,Shopee,Bangkok,1109,Web,COD,0,3,3,0,>50,36.96666666666667,0.0,0.0,0.0,-1,-1,0.0,0.0,0.0,0.0,0.0,0.0,0,0,0.0,0.0,0,0,0.0,0.0,0,0,0.0,0.0,0,0,0.0,1
LGS2ORD0009853,C015765,2025-03-20 01:00:00,Female,28,Bronze,Shopee,Bangkok,112,Web,COD,1,3,3,0,20-30,3.7333333333333334,2.0,0.0,0.0,-1,10,4549.925,0.28,0.5,0.5,0.0,0.0,0,0,0.0,9099.85,2,0,0.0,9099.85,2,0,0.0,9099.85,2,0,0.0,0
LGS2ORD0009854,C016490,2025-03-20 01:00:00,Female,33,Bronze,Web,Nakhon Ratchasima,437,Lazada,Bank_Transfer,1,3,3,0,30-40,14.566666666666666,0.0,0.0,0.0,-1,-1,0.0,0.0,0.0,0.0,0.0,0.0,0,0,0.0,0.0,0,0,0.0,0.0,0,0,0.0,0.0,0,0,0.0,0
LGS2ORD0009855,C014214,2025-03-20 01:00:00,Male,50,Silver,Lazada,Chonburi,999,Lazada,Bank_Transfer,1,3,3,0,40-50,33.3,1.0,0.0,0.0,-1,8,18709.34,0.2,1.0,0.0,0.0,0.0,0,0,0.0,18709.34,1,0,0.0,18709.34,1,0,0.0,18709.34,1,0,0.0,0
LGS2ORD0009856,C016753,2025-03-20 01:00:00,Female,42,Bronze,TV,Phuket,551,TV_Show,Credit_Card,1,3,3,0,40-50,18.366666666666667,0.0,0.0,0.0,-1,-1,0.0,0.0,0.0,0.0,0.0,0.0,0,0,0.0,0.0,0,0,0.0,0.0,0,0,0.0,0.0,0,0,0.0,0
LGS2ORD0009857,C014351,2025-03-20 01:00:00,Male,30,Gold,Shopee,Phuket,798,CallCenter,PromptPay,1,3,3,0,20-30,26.6,2.0,0.0,0.0,-1,5,4468.05,0.08,0.5,0.0,0.0,5202.49,1,0,0.0,5202.49,1,0,0.0,8936.1,2,0,0.0,8936.1,2,0,0.0,0
LGS2ORD0009858,C014654,2025-03-20 01:00:00,Female,42,Gold,TV,Nakhon Ratchasima,792,CallCenter,PromptPay,1,3,3,0,40-50,26.4,3.0,1.0,0.3333333333333333,32,10,5756.86,0.33,0.3333333333333333,0.6666666666666666,0.0,0.0,0,0,0.0,6297.87,1,0,0.0,17270.579999999998,3,1,0.3333333333333333,17270.579999999998,3,1,0.3333333333333333,0
LGS2ORD0009859,C014525,2025-03-20 02:00:00,Other,26,Silver,TV,Chonburi,597,Shopee,Bank_Transfer,2,3,3,0,20-30,19.9,0.0,0.0,0.0,-1,-1,0.0,0.0,0.0,0.0,0.0,0.0,0,0,0.0,0.0,0,0,0.0,0.0,0,0,0.0,0.0,0,0,0.0,0
LGS2ORD0009860,C014850,2025-03-20 02:00:00,Female,24,Gold,TV,Phuket,156,Web,Credit_Card,2,3,3,0,20-30,5.2,0.0,0.0,0.0,-1,-1,0.0,0.0,0.0,0.0,0.0,0.0,0,0,0.0,0.0,0,0,0.0,0.0,0,0,0.0,0.0,0,0,0.0,0
LGS2ORD0009861,C012612,2025-03-20 02:00:00,Male,46,Bronze,Shopee,Bangkok,1132,Shopee,COD,2,3,3,0,40-50,37.733333333333334,0.0,0.0,0.0,-1,-1,0.0,0.0,0.0,0.0,0.0,0.0,0,0,0.0,0.0,0,0,0.0,0.0,0,0,0.0,0.0,0,0,0.0,0
LGS2ORD0009862,C015683,2025-03-20 02:00:00,Male,26,Platinum,TV,Bangkok,633,TV_Show,Credit_Card,2,3,3,0,20-30,21.1,1.0,0.0,0.0,-1,66,3021.04,0.1,0.0,0.0,0.0,0.0,0,0,0.0,0.0,0,0,0.0,3021.04,1,0,0.0,3021.04,1,0,0.0,0
LGS2ORD0009863,C013302,2025-03-20 02:00:00,Male,56,Silver,TV,Remote_Area,1142,CallCenter,Credit_Card,2,3,3,0,>50,38.06666666666667,1.0,0.0,0.0,-1,56,3773.89,0.15,0.0,0.0,0.0,0.0,0,0,0.0,0.0,0,0,0.0,3773.89,1,0,0.0,3773.89,1,0,0.0,0
LGS2ORD0009864,C017550,2025-03-20 03:00:00,Female,57,Silver,TV,Bangkok,1100,CallCenter,COD,3,3,3,0,>50,36.666666666666664,1.0,0.0,0.0,-1,22,7988.47,0.3,1.0,1.0,0.0,0.0,0,0,0.0,7988.47,1,0,0.0,7988.47,1,0,0.0,7988.47,1,0,0.0,0
LGS2ORD0009865,C010686,2025-03-20 03:00:00,Male,43,Bronze,TV,Chiang Mai,1457,Lazada,COD,3,3,3,0,40-50,48.56666666666667,1.0,1.0,1.0,-2,4,2020.73,0.23,1.0,1.0,0.0,2020.73,1,1,1.0,2020.73,1,1,1.0,2020.73,1,1,1.0,2020.73,1,1,1.0,0
LGS2ORD0009866,C012145,2025-03-20 03:00:00,Female,27,Silver,Shopee,Bangkok,241,TV_Show,COD,3,3,3,0,20-30,8.033333333333333,0.0,0.0,0.0,-1,-1,0.0,0.0,0.0,0.0,0.0,0.0,0,0,0.0,0.0,0,0,0.0,0.0,0,0,0.0,0.0,0,0,0.0,0
LGS2ORD0009867,C013450,2025-03-20 03:00:00,Male,40,Silver,Lazada,Khon Kaen,171,TV_Show,COD,3,3,3,0,30-40,5.7,1.0,0.0,0.0,-1,31,1122.74,0.2,0.0,0.0,0.0,0.0,0,0,0.0,0.0,0,0,0.0,1122.74,1,0,0.0,1122.74,1,0,0.0,1
LGS2ORD0009868,C014667,2025-03-20 03:00:00,Female,58,Silver,Shopee,Songkhla,608,TV_Show,COD,3,3,3,0,>50,20.266666666666666,2.0,1.0,0.5,15,19,1434.815,0.3,1.0,0.5,0.0,0.0,0,0,0.0,2869.63,2,1,0.5,2869.63,2,1,0.5,2869.63,2,1,0.5,1
LGS2ORD0009869,C012389,2025-03-20 04:00:00,Female,55,Gold,Shopee,Bangkok,166,TV_Show,COD,4,3,3,0,>50,5.533333333333333,2.0,0.0,0.0,-1,54,4055.415,0.33,0.5,0.5,0.0,0.0,0,0,0.0,0.0,0,0,0.0,8110.83,2,0,0.0,8110.83,2,0,0.0,0
LGS2ORD0009870,C013228,2025-03-20 04:00:00,Female,42,Silver,TV,Bangkok,458,Shopee,COD,4,3,3,0,40-50,15.266666666666667,0.0,0.0,0.0,-1,-1,0.0,0.0,0.0,0.0,0.0,0.0,0,0,0.0,0.0,0,0,0.0,0.0,0,0,0.0,0.0,0,0,0.0,0
LGS2ORD0009871,C016173,2025-03-20 04:00:00,Female,45,Gold,TV,Remote_Area,1088,Shopee,Bank_Transfer,4,3,3,0,40-50,36.266666666666666,1.0,0.0,0.0,-1,72,2185.0,0.18,1.0,0.0,0.0,0.0,0,0,0.0,0.0,0,0,0.0,2185.0,1,0,0.0,2185.0,1,0,0.0,0
LGS2ORD0009872,C017648,2025-03-20 04:00:00,Male,25,Platinum,Lazada,Nakhon Ratchasima,1150,TV_Show,COD,4,3,3,0,20-30,38.333333333333336,0.0,0.0,0.0,-1,-1,0.0,0.0,0.0,0.0,0.0,0.0,0,0,0.0,0.0,0,0,0.0,0.0,0,0,0.0,0.0,0,0,0.0,0
LGS2ORD0009873,C010824,2025-03-20 04:00:00,Male,34,Silver,TV,Khon Kaen,1053,TV_Show,COD,4,3,3,0,30-40,35.1,1.0,0.0,0.0,-1,6,34390.96,0.05,1.0,0.0,0.0,34390.96,1,0,0.0,34390.96,1,0,0.0,34390.96,1,0,0.0,34390.96,1,0,0.0,0
LGS2ORD0009874,C014610,2025-03-20 04:00:00,Male,40,Bronze,Lazada,Nakhon Ratchasima,765,TV_Show,COD,4,3,3,0,30-40,25.5,3.0,1.0,0.3333333333333333,47,31,6138.626666666667,0.23,0.6666666666666666,0.3333333333333333,0.0,0.0,0,0,0.0,0.0,0,0,0.0,18415.88,3,1,0.3333333333333333,18415.88,3,1,0.3333333333333333,0
LGS2ORD0009875,C010224,2025-03-20 05:00:00,Female,64,Bronze,Web,Khon Kaen,220,Lazada,COD,5,3,3,0,>50,7.333333333333333,3.0,1.0,0.3333333333333333,57,17,7773.099999999999,0.13,0.6666666666666666,0.0,0.0,0.0,0,0,0.0,2617.64,1,0,0.0,23319.3,3,1,0.3333333333333333,23319.3,3,1,0.3333333333333333,1
LGS2ORD0009876,C010570,2025-03-20 05:00:00,Male,28,Bronze,TV,Bangkok,1038,TV_Show,COD,5,3,3,0,20-30,34.6,2.0,1.0,0.5,5,11,8215.545,0.23,0.5,0.5,0.0,0.0,0,0,0.0,1264.08,1,1,1.0,16431.09,2,1,0.5,16431.09,2,1,0.5,0
LGS2ORD0009877,C017564,2025-03-20 05:00:00,Male,31,Silver,Lazada,Chonburi,1332,Shopee,PromptPay,5,3,3,0,30-40,44.4,0.0,0.0,0.0,-1,-1,0.0,0.0,0.0,0.0,0.0,0.0,0,0,0.0,0.0,0,0,0.0,0.0,0,0,0.0,0.0,0,0,0.0,1
LGS2ORD0009878,C011167,2025-03-20 05:00:00,Female,42,Silver,Web,Chiang Mai,1034,Shopee,COD,5,3,3,0,40-50,34.46666666666667,2.0,1.0,0.5,63,44,1293.345,0.25,1.0,0.5,0.0,0.0,0,0,0.0,0.0,0,0,0.0,2586.69,2,1,0.5,2586.69,2,1,0.5,0
LGS2ORD0009879,C017197,2025-03-20 05:00:00,Female,43,Silver,Lazada,Nakhon Ratchasima,1023,Web,PromptPay,5,3,3,0,40-50,34.1,0.0,0.0,0.0,-1,-1,0.0,0.0,0.0,0.0,0.0,0.0,0,0,0.0,0.0,0,0,0.0,0.0,0,0,0.0,0.0,0,0,0.0,0
LGS2ORD0009880,C016236,2025-03-20 06:00:00,Female,18,Bronze,Lazada,Khon Kaen,192,CallCenter,COD,6,3,3,0,<20,6.4,0.0,0.0,0.0,-1,-1,0.0,0.0,0.0,0.0,0.0,0.0,0,0,0.0,0.0,0,0,0.0,0.0,0,0,0.0,0.0,0,0,0.0,0
LGS2ORD0009881,C012248,2025-03-20 06:00:00,Female,41,Silver,Lazada,Songkhla,258,Web,Bank_Transfer,6,3,3,0,40-50,8.6,0.0,0.0,0.0,-1,-1,0.0,0.0,0.0,0.0,0.0,0.0,0,0,0.0,0.0,0,0,0.0,0.0,0,0,0.0,0.0,0,0,0.0,1
LGS2ORD0009882,C017663,2025-03-20 06:00:00,Female,41,Silver,Web,Remote_Area,855,Lazada,COD,6,3,3,0,40-50,28.5,2.0,1.0,0.5,17,25,6444.04,0.25,0.5,0.5,0.0,0.0,0,0,0.0,12888.08,2,1,0.5,12888.08,2,1,0.5,12888.08,2,1,0.5,0
LGS2ORD0009883,C014017,2025-03-20 06:00:00,Male,31,Platinum,CallCenter,Bangkok,513,Shopee,COD,6,3,3,0,30-40,17.1,0.0,0.0,0.0,-1,-1,0.0,0.0,0.0,0.0,0.0,0.0,0,0,0.0,0.0,0,0,0.0,0.0,0,0,0.0,0.0,0,0,0.0,1
LGS2ORD0009884,C015865,2025-03-20 06:00:00,Female,57,Gold,Shopee,Nakhon Ratchasima,1041,Web,Bank_Transfer,6,3,3,0,>50,34.7,3.0,1.0,0.3333333333333333,23,3,3053.7433333333333,0.2299999999999999,0.3333333333333333,0.6666666666666666,0.0,930.43,1,0,0.0,930.43,1,0,0.0,9161.23,3,1,0.3333333333333333,9161.23,3,1,0.3333333333333333,1
LGS2ORD0009885,C013481,2025-03-20 07:00:00,Male,39,Bronze,Shopee,Chonburi,761,Web,Credit_Card,7,3,3,0,30-40,25.366666666666667,1.0,0.0,0.0,-1,52,4768.56,0.08,0.0,0.0,0.0,0.0,0,0,0.0,0.0,0,0,0.0,4768.56,1,0,0.0,4768.56,1,0,0.0,1
LGS2ORD0009886,C016085,2025-03-20 07:00:00,Male,58,Silver,Shopee,Songkhla,300,Lazada,COD,7,3,3,0,>50,10.0,1.0,0.0,0.0,-1,53,1966.51,0.25,1.0,1.0,0.0,0.0,0,0,0.0,0.0,0,0,0.0,1966.51,1,0,0.0,1966.51,1,0,0.0,0
LGS2ORD0009887,C014120,2025-03-20 07:00:00,Female,54,Gold,Web,Bangkok,1526,TV_Show,COD,7,3,3,0,>50,50.86666666666667,2.0,0.0,0.0,-1,16,5009.66,0.28,0.0,0.5,0.0,0.0,0,0,0.0,8490.13,1,0,0.0,10019.32,2,0,0.0,10019.32,2,0,0.0,0
LGS2ORD0009888,C015409,2025-03-20 07:00:00,Male,24,Gold,TV,Chiang Mai,1014,TV_Show,Credit_Card,7,3,3,0,20-30,33.8,1.0,0.0,0.0,-1,70,2444.68,0.08,0.0,0.0,0.0,0.0,0,0,0.0,0.0,0,0,0.0,2444.68,1,0,0.0,2444.68,1,0,0.0,0
LGS2ORD0009889,C014770,2025-03-20 07:00:00,Female,30,Bronze,Web,Bangkok,426,Shopee,COD,7,3,3,0,20-30,14.2,1.0,0.0,0.0,-1,48,4038.81,0.03,1.0,0.0,0.0,0.0,0,0,0.0,0.0,0,0,0.0,4038.81,1,0,0.0,4038.81,1,0,0.0,0
LGS2ORD0009890,C015861,2025-03-20 08:00:00,Female,61,Silver,TV,Khon Kaen,526,Shopee,COD,8,3,3,0,>50,17.533333333333335,1.0,0.0,0.0,-1,44,3504.08,0.05,0.0,0.0,0.0,0.0,0,0,0.0,0.0,0,0,0.0,3504.08,1,0,0.0,3504.08,1,0,0.0,0
LGS2ORD0009891,C012888,2025-03-20 08:00:00,Female,45,Silver,TV,Bangkok,315,Web,Credit_Card,8,3,3,0,40-50,10.5,1.0,0.0,0.0,-1,1,724.05,0.3,1.0,1.0,0.0,724.05,1,0,0.0,724.05,1,0,0.0,724.05,1,0,0.0,724.05,1,0,0.0,0
LGS2ORD0009892,C014517,2025-03-20 08:00:00,Female,50,Silver,CallCenter,Songkhla,105,Lazada,COD,8,3,3,0,40-50,3.5,4.0,1.0,0.25,40,6,4991.1875,0.3,0.75,0.25,0.0,3509.06,1,0,0.0,3509.06,1,0,0.0,19964.75,4,1,0.25,19964.75,4,1,0.25,1
LGS2ORD0009893,C015522,2025-03-20 08:00:00,Female,31,Bronze,TV,Bangkok,314,Shopee,Credit_Card,8,3,3,0,30-40,10.466666666666667,0.0,0.0,0.0,-1,-1,0.0,0.0,0.0,0.0,0.0,0.0,0,0,0.0,0.0,0,0,0.0,0.0,0,0,0.0,0.0,0,0,0.0,0
LGS2ORD0009894,C010464,2025-03-20 08:00:00,Female,45,Gold,CallCenter,Bangkok,253,CallCenter,PromptPay,8,3,3,0,40-50,8.433333333333334,1.0,0.0,0.0,-1,17,390.91,0.2299999999999999,0.0,1.0,0.0,0.0,0,0,0.0,390.91,1,0,0.0,390.91,1,0,0.0,390.91,1,0,0.0,0
LGS2ORD0009895,C011400,2025-03-20 08:00:00,Male,56,Bronze,TV,Khon Kaen,300,TV_Show,Credit_Card,8,3,3,0,>50,10.0,0.0,0.0,0.0,-1,-1,0.0,0.0,0.0,0.0,0.0,0.0,0,0,0.0,0.0,0,0,0.0,0.0,0,0,0.0,0.0,0,0,0.0,0
LGS2ORD0009896,C013428,2025-03-20 09:00:00,Female,40,Bronze,TV,Bangkok,1131,TV_Show,PromptPay,9,3,3,0,30-40,37.7,1.0,1.0,1.0,49,55,686.32,0.03,1.0,0.0,0.0,0.0,0,0,0.0,0.0,0,0,0.0,686.32,1,1,1.0,686.32,1,1,1.0,0
LGS2ORD0009897,C014868,2025-03-20 09:00:00,Female,60,Bronze,Lazada,Bangkok,710,Lazada,Credit_Card,9,3,3,0,>50,23.666666666666668,0.0,0.0,0.0,-1,-1,0.0,0.0,0.0,0.0,0.0,0.0,0,0,0.0,0.0,0,0,0.0,0.0,0,0,0.0,0.0,0,0,0.0,0
LGS2ORD0009898,C015837,2025-03-20 09:00:00,Other,62,Silver,TV,Songkhla,220,TV_Show,Credit_Card,9,3,3,0,>50,7.333333333333333,2.0,1.0,0.5,4,4,4266.535,0.15,1.0,0.0,0.0,7350.03,1,0,0.0,8533.07,2,1,0.5,8533.07,2,1,0.5,8533.07,2,1,0.5,0
LGS2ORD0009899,C010954,2025-03-20 09:00:00,Male,39,Silver,Shopee,Songkhla,412,Web,COD,9,3,3,0,30-40,13.733333333333333,0.0,0.0,0.0,-1,-1,0.0,0.0,0.0,0.0,0.0,0.0,0,0,0.0,0.0,0,0,0.0,0.0,0,0,0.0,0.0,0,0,0.0,1
LGS2ORD0009900,C014083,2025-03-20 09:00:00,Male,42,Gold,Web,Chonburi,92,TV_Show,PromptPay,9,3,3,0,40-50,3.066666666666667,0.0,0.0,0.0,-1,-1,0.0,0.0,0.0,0.0,0.0,0.0,0,0,0.0,0.0,0,0,0.0,0.0,0,0,0.0,0.0,0,0,0.0,0
LGS2ORD0009901,C011706,2025-03-20 10:00:00,Female,53,Silver,Web,Bangkok,948,Lazada,COD,10,3,3,0,>50,31.6,1.0,0.0,0.0,-1,37,1224.61,0.25,1.0,1.0,0.0,0.0,0,0,0.0,0.0,0,0,0.0,1224.61,1,0,0.0,1224.61,1,0,0.0,0
LGS2ORD0009902,C017745,2025-03-20 10:00:00,Female,49,Silver,Lazada,Bangkok,486,TV_Show,PromptPay,10,3,3,0,40-50,16.2,0.0,0.0,0.0,-1,-1,0.0,0.0,0.0,0.0,0.0,0.0,0,0,0.0,0.0,0,0,0.0,0.0,0,0,0.0,0.0,0,0,0.0,0
LGS2ORD0009903,C013131,2025-03-20 10:00:00,Female,55,Silver,TV,Chiang Mai,608,Shopee,COD,10,3,3,0,>50,20.266666666666666,1.0,0.0,0.0,-1,31,7413.08,0.2,0.0,0.0,0.0,0.0,0,0,0.0,0.0,0,0,0.0,7413.08,1,0,0.0,7413.08,1,0,0.0,0
LGS2ORD0009904,C010125,2025-03-20 10:00:00,Female,25,Silver,TV,Phuket,1513,Web,PromptPay,10,3,3,0,20-30,50.43333333333333,1.0,1.0,1.0,0,6,3990.5,0.1,0.0,0.0,0.0,3990.5,1,1,1.0,3990.5,1,1,1.0,3990.5,1,1,1.0,3990.5,1,1,1.0,1
LGS2ORD0009905,C016217,2025-03-20 10:00:00,Male,41,Silver,Web,Chiang Mai,279,TV_Show,COD,10,3,3,0,40-50,9.3,2.0,2.0,1.0,1,9,2298.725,0.3,0.0,0.5,0.0,0.0,0,0,0.0,4021.43,1,1,1.0,4597.45,2,2,1.0,4597.45,2,2,1.0,1
LGS2ORD0009906,C012662,2025-03-20 11:00:00,Female,31,Silver,CallCenter,Chonburi,250,TV_Show,Credit_Card,11,3,3,0,30-40,8.333333333333334,1.0,0.0,0.0,-1,27,911.51,0.1,0.0,0.0,0.0,0.0,0,0,0.0,911.51,1,0,0.0,911.51,1,0,0.0,911.51,1,0,0.0,0
LGS2ORD0009907,C015628,2025-03-20 11:00:00,Female,33,Bronze,TV,Khon Kaen,381,Shopee,PromptPay,11,3,3,0,30-40,12.7,0.0,0.0,0.0,-1,-1,0.0,0.0,0.0,0.0,0.0,0.0,0,0,0.0,0.0,0,0,0.0,0.0,0,0,0.0,0.0,0,0,0.0,1
LGS2ORD0009908,C010391,2025-03-20 11:00:00,Female,39,Platinum,TV,Bangkok,133,TV_Show,PromptPay,11,3,3,0,30-40,4.433333333333334,0.0,0.0,0.0,-1,-1,0.0,0.0,0.0,0.0,0.0,0.0,0,0,0.0,0.0,0,0,0.0,0.0,0,0,0.0,0.0,0,0,0.0,0
LGS2ORD0009909,C010497,2025-03-20 11:00:00,Female,56,Silver,Lazada,Khon Kaen,167,Shopee,COD,11,3,3,0,>50,5.566666666666666,1.0,0.0,0.0,-1,29,23231.05,0.05,0.0,0.0,0.0,0.0,0,0,0.0,23231.05,1,0,0.0,23231.05,1,0,0.0,23231.05,1,0,0.0,1
LGS2ORD0009910,C017526,2025-03-20 11:00:00,Male,37,Gold,Shopee,Chonburi,1445,Shopee,Credit_Card,11,3,3,0,30-40,48.166666666666664,1.0,0.0,0.0,-1,30,7228.13,0.08,0.0,0.0,0.0,0.0,0,0,0.0,0.0,0,0,0.0,7228.13,1,0,0.0,7228.13,1,0,0.0,0
LGS2ORD0009911,C016589,2025-03-20 12:00:00,Female,38,Gold,Shopee,Bangkok,1130,TV_Show,Credit_Card,12,3,3,0,30-40,37.666666666666664,0.0,0.0,0.0,-1,-1,0.0,0.0,0.0,0.0,0.0,0.0,0,0,0.0,0.0,0,0,0.0,0.0,0,0,0.0,0.0,0,0,0.0,0
LGS2ORD0009912,C013076,2025-03-20 12:00:00,Female,43,Bronze,CallCenter,Bangkok,255,Lazada,COD,12,3,3,0,40-50,8.5,2.0,0.0,0.0,-1,5,26769.535,0.28,0.5,0.5,0.0,26030.78,1,0,0.0,26030.78,1,0,0.0,53539.07,2,0,0.0,53539.07,2,0,0.0,1
LGS2ORD0009913,C016940,2025-03-20 12:00:00,Male,41,Bronze,Shopee,Phuket,442,CallCenter,COD,12,3,3,0,40-50,14.733333333333333,1.0,0.0,0.0,-1,37,1346.3,0.18,0.0,0.0,0.0,0.0,0,0,0.0,0.0,0,0,0.0,1346.3,1,0,0.0,1346.3,1,0,0.0,0
LGS2ORD0009914,C016324,2025-03-20 12:00:00,Female,48,Bronze,TV,Remote_Area,94,Web,PromptPay,12,3,3,0,40-50,3.1333333333333333,0.0,0.0,0.0,-1,-1,0.0,0.0,0.0,0.0,0.0,0.0,0,0,0.0,0.0,0,0,0.0,0.0,0,0,0.0,0.0,0,0,0.0,1
LGS2ORD0009915,C014045,2025-03-20 12:00:00,Male,63,Gold,Lazada,Chonburi,892,Shopee,PromptPay,12,3,3,0,>50,29.733333333333334,0.0,0.0,0.0,-1,-1,0.0,0.0,0.0,0.0,0.0,0.0,0,0,0.0,0.0,0,0,0.0,0.0,0,0,0.0,0.0,0,0,0.0,0
LGS2ORD0009916,C015273,2025-03-20 12:00:00,Male,57,Gold,Web,Chonburi,1110,Web,Bank_Transfer,12,3,3,0,>50,37.0,3.0,0.0,0.0,-1,3,12099.766666666668,0.28,0.3333333333333333,0.3333333333333333,0.0,1656.04,1,0,0.0,1656.04,1,0,0.0,36299.3,3,0,0.0,36299.3,3,0,0.0,0
LGS2ORD0009917,C016358,2025-03-20 13:00:00,Male,48,Bronze,TV,Khon Kaen,214,Shopee,Credit_Card,13,3,3,0,40-50,7.133333333333334,2.0,2.0,1.0,37,47,1619.08,0.18,0.5,0.0,0.0,0.0,0,0,0.0,0.0,0,0,0.0,3238.16,2,2,1.0,3238.16,2,2,1.0,0
LGS2ORD0009918,C015701,2025-03-20 13:00:00,Male,63,Platinum,TV,Chonburi,1059,Lazada,COD,13,3,3,0,>50,35.3,0.0,0.0,0.0,-1,-1,0.0,0.0,0.0,0.0,0.0,0.0,0,0,0.0,0.0,0,0,0.0,0.0,0,0,0.0,0.0,0,0,0.0,1
LGS2ORD0009919,C013680,2025-03-20 13:00:00,Female,41,Silver,Web,Khon Kaen,454,Web,PromptPay,13,3,3,0,40-50,15.133333333333333,1.0,1.0,1.0,-2,7,2537.53,0.2,0.0,0.0,0.0,0.0,0,0,0.0,2537.53,1,1,1.0,2537.53,1,1,1.0,2537.53,1,1,1.0,0
LGS2ORD0009920,C011922,2025-03-20 13:00:00,Female,25,Gold,Shopee,Chonburi,1219,Shopee,PromptPay,13,3,3,0,20-30,40.63333333333333,2.0,0.0,0.0,-1,3,6224.9,0.08,0.5,0.0,0.0,1719.49,1,0,0.0,12449.8,2,0,0.0,12449.8,2,0,0.0,12449.8,2,0,0.0,0
LGS2ORD0009921,C012624,2025-03-20 13:00:00,Male,47,Silver,Shopee,Remote_Area,872,Shopee,Bank_Transfer,13,3,3,0,40-50,29.066666666666666,0.0,0.0,0.0,-1,-1,0.0,0.0,0.0,0.0,0.0,0.0,0,0,0.0,0.0,0,0,0.0,0.0,0,0,0.0,0.0,0,0,0.0,0
LGS2ORD0009922,C010716,2025-03-20 14:00:00,Female,44,Platinum,Lazada,Chiang Mai,588,Shopee,Credit_Card,14,3,3,0,40-50,19.6,1.0,0.0,0.0,-1,65,687.12,0.35,0.0,1.0,0.0,0.0,0,0,0.0,0.0,0,0,0.0,687.12,1,0,0.0,687.12,1,0,0.0,0
LGS2ORD0009923,C016941,2025-03-20 14:00:00,Female,51,Silver,Shopee,Chiang Mai,632,Shopee,PromptPay,14,3,3,0,>50,21.066666666666666,1.0,0.0,0.0,-1,2,708.39,0.2,0.0,0.0,0.0,708.39,1,0,0.0,708.39,1,0,0.0,708.39,1,0,0.0,708.39,1,0,0.0,0
LGS2ORD0009924,C011489,2025-03-20 14:00:00,Male,66,Silver,Web,Bangkok,864,Web,Credit_Card,14,3,3,0,>50,28.8,1.0,1.0,1.0,54,63,2884.63,0.05,1.0,0.0,0.0,0.0,0,0,0.0,0.0,0,0,0.0,2884.63,1,1,1.0,2884.63,1,1,1.0,0
LGS2ORD0009925,C010077,2025-03-20 14:00:00,Other,46,Platinum,Web,Bangkok,1301,TV_Show,PromptPay,14,3,3,0,40-50,43.36666666666667,1.0,0.0,0.0,-1,31,1834.17,0.3,1.0,1.0,0.0,0.0,0,0,0.0,0.0,0,0,0.0,1834.17,1,0,0.0,1834.17,1,0,0.0,0
LGS2ORD0009926,C011105,2025-03-20 14:00:00,Female,58,Gold,TV,Bangkok,1086,Lazada,COD,14,3,3,0,>50,36.2,1.0,0.0,0.0,-1,41,719.55,0.28,0.0,1.0,0.0,0.0,0,0,0.0,0.0,0,0,0.0,719.55,1,0,0.0,719.55,1,0,0.0,0
LGS2ORD0009927,C014659,2025-03-20 15:00:00,Female,50,Gold,TV,Khon Kaen,1316,Web,Bank_Transfer,15,3,3,0,40-50,43.86666666666667,0.0,0.0,0.0,-1,-1,0.0,0.0,0.0,0.0,0.0,0.0,0,0,0.0,0.0,0,0,0.0,0.0,0,0,0.0,0.0,0,0,0.0,0
LGS2ORD0009928,C011507,2025-03-20 15:00:00,Male,35,Gold,Lazada,Bangkok,381,Lazada,COD,15,3,3,0,30-40,12.7,0.0,0.0,0.0,-1,-1,0.0,0.0,0.0,0.0,0.0,0.0,0,0,0.0,0.0,0,0,0.0,0.0,0,0,0.0,0.0,0,0,0.0,0
LGS2ORD0009929,C017070,2025-03-20 15:00:00,Male,27,Platinum,TV,Songkhla,1338,Lazada,COD,15,3,3,0,20-30,44.6,1.0,0.0,0.0,-1,13,6378.68,0.2,1.0,0.0,0.0,0.0,0,0,0.0,6378.68,1,0,0.0,6378.68,1,0,0.0,6378.68,1,0,0.0,1
LGS2ORD0009930,C015492,2025-03-20 15:00:00,Male,67,Bronze,Shopee,Bangkok,891,TV_Show,Credit_Card,15,3,3,0,>50,29.7,2.0,0.0,0.0,-1,27,19398.165,0.28,0.0,0.5,0.0,0.0,0,0,0.0,36989.67,1,0,0.0,38796.33,2,0,0.0,38796.33,2,0,0.0,0
LGS2ORD0009931,C014812,2025-03-20 15:00:00,Female,37,Silver,Shopee,Chiang Mai,864,Shopee,Credit_Card,15,3,3,0,30-40,28.8,3.0,0.0,0.0,-1,19,5243.706666666666,0.15,0.3333333333333333,0.0,0.0,0.0,0,0,0.0,7257.23,1,0,0.0,15731.119999999999,3,0,0.0,15731.119999999999,3,0,0.0,0
LGS2ORD0009932,C010495,2025-03-20 16:00:00,Female,57,Gold,Web,Phuket,180,TV_Show,PromptPay,16,3,3,0,>50,6.0,0.0,0.0,0.0,-1,-1,0.0,0.0,0.0,0.0,0.0,0.0,0,0,0.0,0.0,0,0,0.0,0.0,0,0,0.0,0.0,0,0,0.0,1
LGS2ORD0009933,C010268,2025-03-20 16:00:00,Other,49,Bronze,Lazada,Chiang Mai,509,Web,COD,16,3,3,0,40-50,16.966666666666665,0.0,0.0,0.0,-1,-1,0.0,0.0,0.0,0.0,0.0,0.0,0,0,0.0,0.0,0,0,0.0,0.0,0,0,0.0,0.0,0,0,0.0,0
LGS2ORD0009934,C014698,2025-03-20 16:00:00,Female,38,Gold,Shopee,Songkhla,1345,TV_Show,Bank_Transfer,16,3,3,0,30-40,44.833333333333336,0.0,0.0,0.0,-1,-1,0.0,0.0,0.0,0.0,0.0,0.0,0,0,0.0,0.0,0,0,0.0,0.0,0,0,0.0,0.0,0,0,0.0,0
LGS2ORD0009935,C014420,2025-03-20 16:00:00,Female,56,Silver,Shopee,Bangkok,426,Lazada,Bank_Transfer,16,3,3,0,>50,14.2,0.0,0.0,0.0,-1,-1,0.0,0.0,0.0,0.0,0.0,0.0,0,0,0.0,0.0,0,0,0.0,0.0,0,0,0.0,0.0,0,0,0.0,1
LGS2ORD0009936,C011578,2025-03-20 16:00:00,Male,49,Bronze,Lazada,Chiang Mai,1124,Shopee,COD,16,3,3,0,40-50,37.46666666666667,0.0,0.0,0.0,-1,-1,0.0,0.0,0.0,0.0,0.0,0.0,0,0,0.0,0.0,0,0,0.0,0.0,0,0,0.0,0.0,0,0,0.0,0
LGS2ORD0009937,C010229,2025-03-20 16:00:00,Male,42,Bronze,TV,Nakhon Ratchasima,820,Lazada,PromptPay,16,3,3,0,40-50,27.333333333333332,1.0,0.0,0.0,-1,9,921.81,0.18,1.0,0.0,0.0,0.0,0,0,0.0,921.81,1,0,0.0,921.81,1,0,0.0,921.81,1,0,0.0,1
LGS2ORD0009938,C010294,2025-03-20 17:00:00,Female,46,Silver,Lazada,Phuket,391,TV_Show,Bank_Transfer,17,3,3,0,40-50,13.033333333333333,1.0,1.0,1.0,2,17,8024.64,0.1,1.0,0.0,0.0,0.0,0,0,0.0,8024.64,1,1,1.0,8024.64,1,1,1.0,8024.64,1,1,1.0,0
LGS2ORD0009939,C011434,2025-03-20 17:00:00,Male,53,Bronze,TV,Bangkok,110,Web,COD,17,3,3,0,>50,3.6666666666666665,4.0,2.0,0.5,18,21,4124.71,0.23,0.75,0.5,0.0,0.0,0,0,0.0,7545.81,1,1,1.0,16498.84,4,2,0.5,16498.84,4,2,0.5,0
LGS2ORD0009940,C017382,2025-03-20 17:00:00,Female,18,Bronze,Shopee,Chonburi,841,TV_Show,COD,17,3,3,0,<20,28.033333333333335,2.0,1.0,0.5,6,18,9445.395,0.18,0.5,0.0,0.0,0.0,0,0,0.0,15497.7,1,1,1.0,18890.79,2,1,0.5,18890.79,2,1,0.5,1
LGS2ORD0009941,C012212,2025-03-20 17:00:00,Male,35,Silver,Web,Chiang Mai,1016,CallCenter,COD,17,3,3,0,30-40,33.86666666666667,1.0,0.0,0.0,-1,31,12951.55,0.15,1.0,0.0,0.0,0.0,0,0,0.0,0.0,0,0,0.0,12951.55,1,0,0.0,12951.55,1,0,0.0,0
LGS2ORD0009942,C015875,2025-03-20 17:00:00,Male,39,Silver,TV,Bangkok,1118,Lazada,Credit_Card,17,3,3,0,30-40,37.266666666666666,1.0,1.0,1.0,38,48,2561.87,0.15,0.0,0.0,0.0,0.0,0,0,0.0,0.0,0,0,0.0,2561.87,1,1,1.0,2561.87,1,1,1.0,0
LGS2ORD0009943,C015803,2025-03-20 18:00:00,Male,39,Gold,Shopee,Bangkok,1323,Lazada,COD,18,3,3,0,30-40,44.1,0.0,0.0,0.0,-1,-1,0.0,0.0,0.0,0.0,0.0,0.0,0,0,0.0,0.0,0,0,0.0,0.0,0,0,0.0,0.0,0,0,0.0,0
LGS2ORD0009944,C011367,2025-03-20 18:00:00,Male,50,Bronze,TV,Bangkok,1098,Lazada,COD,18,3,3,0,40-50,36.6,1.0,0.0,0.0,-1,77,12321.83,0.23,0.0,1.0,0.0,0.0,0,0,0.0,0.0,0,0,0.0,12321.83,1,0,0.0,12321.83,1,0,0.0,1
LGS2ORD0009945,C011904,2025-03-20 18:00:00,Female,27,Bronze,Shopee,Bangkok,409,TV_Show,COD,18,3,3,0,20-30,13.633333333333333,1.0,0.0,0.0,-1,12,2495.17,0.08,1.0,0.0,0.0,0.0,0,0,0.0,2495.17,1,0,0.0,2495.17,1,0,0.0,2495.17,1,0,0.0,0
LGS2ORD0009946,C014636,2025-03-20 18:00:00,Female,29,Bronze,TV,Remote_Area,1156,Shopee,COD,18,3,3,0,20-30,38.53333333333333,0.0,0.0,0.0,-1,-1,0.0,0.0,0.0,0.0,0.0,0.0,0,0,0.0,0.0,0,0,0.0,0.0,0,0,0.0,0.0,0,0,0.0,0
LGS2ORD0009947,C016140,2025-03-20 18:00:00,Male,27,Silver,Web,Chiang Mai,179,Web,COD,18,3,3,0,20-30,5.966666666666667,1.0,0.0,0.0,-1,8,2006.89,0.3,1.0,1.0,0.0,0.0,0,0,0.0,2006.89,1,0,0.0,2006.89,1,0,0.0,2006.89,1,0,0.0,0
LGS2ORD0009948,C013652,2025-03-20 19:00:00,Other,34,Silver,Web,Chonburi,705,Lazada,COD,19,3,3,0,30-40,23.5,4.0,1.0,0.25,54,1,9669.615,0.2,0.75,0.0,0.0,18229.33,2,0,0.0,18229.33,2,0,0.0,38678.46,4,1,0.25,38678.46,4,1,0.25,0
LGS2ORD0009949,C010385,2025-03-20 19:00:00,Male,48,Silver,CallCenter,Bangkok,345,Lazada,COD,19,3,3,0,40-50,11.5,1.0,0.0,0.0,-1,14,7052.65,0.05,0.0,0.0,0.0,0.0,0,0,0.0,7052.65,1,0,0.0,7052.65,1,0,0.0,7052.65,1,0,0.0,0
LGS2ORD0009950,C014084,2025-03-20 19:00:00,Female,40,Bronze,TV,Nakhon Ratchasima,1115,Shopee,Credit_Card,19,3,3,0,30-40,37.166666666666664,2.0,0.0,0.0,-1,13,3089.1,0.08,0.0,0.0,0.0,0.0,0,0,0.0,2218.98,1,0,0.0,6178.2,2,0,0.0,6178.2,2,0,0.0,0
LGS2ORD0009951,C017957,2025-03-20 19:00:00,Male,35,Bronze,CallCenter,Chiang Mai,237,TV_Show,COD,19,3,3,0,30-40,7.9,1.0,0.0,0.0,-1,73,3552.8,0.13,1.0,0.0,0.0,0.0,0,0,0.0,0.0,0,0,0.0,3552.8,1,0,0.0,3552.8,1,0,0.0,0
LGS2ORD0009952,C013156,2025-03-20 19:00:00,Male,64,Gold,Shopee,Bangkok,1506,TV_Show,COD,19,3,3,0,>50,50.2,2.0,0.0,0.0,-1,29,2521.94,0.2299999999999999,0.0,0.5,0.0,0.0,0,0,0.0,3731.14,1,0,0.0,5043.88,2,0,0.0,5043.88,2,0,0.0,0
LGS2ORD0009953,C016382,2025-03-20 20:00:00,Female,72,Bronze,CallCenter,Chonburi,790,Web,COD,20,3,3,0,>50,26.333333333333332,3.0,1.0,0.3333333333333333,31,2,2648.6866666666665,0.23,0.3333333333333333,0.3333333333333333,0.0,1885.92,1,0,0.0,6824.53,2,0,0.0,7946.0599999999995,3,1,0.3333333333333333,7946.0599999999995,3,1,0.3333333333333333,1
LGS2ORD0009954,C014336,2025-03-20 20:00:00,Male,56,Gold,Web,Chonburi,567,Web,COD,20,3,3,0,>50,18.9,2.0,1.0,0.5,16,22,5400.6050000000005,0.18,1.0,0.0,0.0,0.0,0,0,0.0,10801.210000000001,2,1,0.5,10801.210000000001,2,1,0.5,10801.210000000001,2,1,0.5,0
LGS2ORD0009955,C015278,2025-03-20 20:00:00,Male,28,Gold,TV,Bangkok,809,TV_Show,COD,20,3,3,0,20-30,26.966666666666665,3.0,0.0,0.0,-1,14,4216.026666666667,0.33,0.3333333333333333,0.6666666666666666,0.0,0.0,0,0,0.0,3757.9,1,0,0.0,12648.08,3,0,0.0,12648.08,3,0,0.0,0
LGS2ORD0009956,C014597,2025-03-20 20:00:00,Female,32,Bronze,CallCenter,Bangkok,963,CallCenter,PromptPay,20,3,3,0,30-40,32.1,1.0,0.0,0.0,-1,39,3574.31,0.28,0.0,1.0,0.0,0.0,0,0,0.0,0.0,0,0,0.0,3574.31,1,0,0.0,3574.31,1,0,0.0,0
LGS2ORD0009957,C013563,2025-03-20 20:00:00,Female,31,Bronze,Lazada,Khon Kaen,973,Web,COD,20,3,3,0,30-40,32.43333333333333,0.0,0.0,0.0,-1,-1,0.0,0.0,0.0,0.0,0.0,0.0,0,0,0.0,0.0,0,0,0.0,0.0,0,0,0.0,0.0,0,0,0.0,0
LGS2ORD0009958,C017053,2025-03-20 20:00:00,Male,45,Bronze,TV,Khon Kaen,893,CallCenter,COD,20,3,3,0,40-50,29.766666666666666,3.0,0.0,0.0,-1,14,1447.0366666666669,0.23,0.3333333333333333,0.3333333333333333,0.0,0.0,0,0,0.0,2646.86,2,0,0.0,4341.110000000001,3,0,0.0,4341.110000000001,3,0,0.0,0
LGS2ORD0009959,C014443,2025-03-20 21:00:00,Male,47,Silver,TV,Remote_Area,1435,Web,COD,21,3,3,0,40-50,47.833333333333336,2.0,1.0,0.5,-2,3,1570.165,0.25,1.0,0.5,0.0,2229.85,1,1,1.0,2229.85,1,1,1.0,3140.33,2,1,0.5,3140.33,2,1,0.5,1
LGS2ORD0009960,C013280,2025-03-20 21:00:00,Female,29,Silver,TV,Remote_Area,945,Web,PromptPay,21,3,3,0,20-30,31.5,1.0,0.0,0.0,-1,49,448.72,0.1,0.0,0.0,0.0,0.0,0,0,0.0,0.0,0,0,0.0,448.72,1,0,0.0,448.72,1,0,0.0,1
LGS2ORD0009961,C012646,2025-03-20 21:00:00,Female,61,Silver,Lazada,Phuket,766,Web,COD,21,3,3,0,>50,25.533333333333335,0.0,0.0,0.0,-1,-1,0.0,0.0,0.0,0.0,0.0,0.0,0,0,0.0,0.0,0,0,0.0,0.0,0,0,0.0,0.0,0,0,0.0,1
LGS2ORD0009962,C017538,2025-03-20 21:00:00,Female,38,Gold,Web,Bangkok,1261,Web,COD,21,3,3,0,30-40,42.03333333333333,1.0,0.0,0.0,-1,63,1322.65,0.28,1.0,1.0,0.0,0.0,0,0,0.0,0.0,0,0,0.0,1322.65,1,0,0.0,1322.65,1,0,0.0,1
LGS2ORD0009963,C010636,2025-03-20 21:00:00,Male,37,Silver,TV,Phuket,1239,Web,COD,21,3,3,0,30-40,41.3,2.0,1.0,0.5,-1,13,987.645,0.25,0.5,0.5,0.0,0.0,0,0,0.0,1975.29,2,1,0.5,1975.29,2,1,0.5,1975.29,2,1,0.5,0
LGS2ORD0009964,C010714,2025-03-20 22:00:00,Female,49,Bronze,TV,Remote_Area,958,Shopee,PromptPay,22,3,3,0,40-50,31.933333333333334,1.0,1.0,1.0,48,55,6262.26,0.28,1.0,1.0,0.0,0.0,0,0,0.0,0.0,0,0,0.0,6262.26,1,1,1.0,6262.26,1,1,1.0,0
LGS2ORD0009965,C010020,2025-03-20 22:00:00,Male,34,Bronze,TV,Chiang Mai,1464,Web,Bank_Transfer,22,3,3,0,30-40,48.8,0.0,0.0,0.0,-1,-1,0.0,0.0,0.0,0.0,0.0,0.0,0,0,0.0,0.0,0,0,0.0,0.0,0,0,0.0,0.0,0,0,0.0,0
LGS2ORD0009966,C013313,2025-03-20 22:00:00,Male,37,Bronze,TV,Chonburi,1114,TV_Show,PromptPay,22,3,3,0,30-40,37.13333333333333,2.0,0.0,0.0,-1,16,5161.964999999999,0.28,1.0,0.5,0.0,0.0,0,0,0.0,9075.21,1,0,0.0,10323.929999999998,2,0,0.0,10323.929999999998,2,0,0.0,0
LGS2ORD0009967,C014818,2025-03-20 22:00:00,Female,35,Bronze,TV,Bangkok,1124,Shopee,COD,22,3,3,0,30-40,37.46666666666667,3.0,1.0,0.3333333333333333,21,2,3189.3933333333334,0.18,0.3333333333333333,0.0,0.0,8409.87,2,0,0.0,9568.18,3,1,0.3333333333333333,9568.18,3,1,0.3333333333333333,9568.18,3,1,0.3333333333333333,0
LGS2ORD0009968,C016273,2025-03-20 22:00:00,Female,55,Gold,TV,Phuket,117,Web,COD,22,3,3,0,>50,3.9,1.0,1.0,1.0,15,29,4263.64,0.2299999999999999,0.0,1.0,0.0,0.0,0,0,0.0,4263.64,1,1,1.0,4263.64,1,1,1.0,4263.64,1,1,1.0,0
LGS2ORD0009969,C017117,2025-03-20 23:00:00,Other,45,Bronze,CallCenter,Khon Kaen,1286,CallCenter,COD,23,3,3,0,40-50,42.86666666666667,0.0,0.0,0.0,-1,-1,0.0,0.0,0.0,0.0,0.0,0.0,0,0,0.0,0.0,0,0,0.0,0.0,0,0,0.0,0.0,0,0,0.0,0
LGS2ORD0009970,C015573,2025-03-20 23:00:00,Female,45,Silver,Shopee,Bangkok,1487,TV_Show,COD,23,3,3,0,40-50,49.56666666666667,3.0,1.0,0.3333333333333333,-2,13,1513.1133333333335,0.2,0.6666666666666666,0.0,0.0,0.0,0,0,0.0,3830.9799999999996,2,1,0.5,4539.34,3,1,0.3333333333333333,4539.34,3,1,0.3333333333333333,0
LGS2ORD0009971,C016380,2025-03-20 23:00:00,Female,60,Bronze,Web,Khon Kaen,608,CallCenter,PromptPay,23,3,3,0,>50,20.266666666666666,1.0,1.0,1.0,28,42,14332.89,0.23,0.0,1.0,0.0,0.0,0,0,0.0,0.0,0,0,0.0,14332.89,1,1,1.0,14332.89,1,1,1.0,0
LGS2ORD0009972,C011901,2025-03-20 23:00:00,Female,68,Gold,Web,Phuket,141,TV_Show,COD,23,3,3,0,>50,4.7,2.0,0.0,0.0,-1,38,4946.780000000001,0.2299999999999999,0.5,1.0,0.0,0.0,0,0,0.0,0.0,0,0,0.0,9893.560000000001,2,0,0.0,9893.560000000001,2,0,0.0,1
LGS2ORD0009973,C016364,2025-03-20 23:00:00,Female,48,Silver,CallCenter,Remote_Area,1242,Shopee,COD,23,3,3,0,40-50,41.4,0.0,0.0,0.0,-1,-1,0.0,0.0,0.0,0.0,0.0,0.0,0,0,0.0,0.0,0,0,0.0,0.0,0,0,0.0,0.0,0,0,0.0,0
LGS2ORD0009974,C014276,2025-03-21 00:00:00,Male,43,Bronze,Lazada,Khon Kaen,1483,TV_Show,COD,0,3,4,0,40-50,49.43333333333333,3.0,0.0,0.0,-1,8,2522.4466666666667,0.23,0.3333333333333333,0.3333333333333333,0.0,0.0,0,0,0.0,385.59,1,0,0.0,7567.34,3,0,0.0,7567.34,3,0,0.0,1
LGS2ORD0009975,C011506,2025-03-21 00:00:00,Male,35,Bronze,Web,Khon Kaen,525,TV_Show,COD,0,3,4,0,30-40,17.5,1.0,0.0,0.0,-1,47,4772.76,0.03,0.0,0.0,0.0,0.0,0,0,0.0,0.0,0,0,0.0,4772.76,1,0,0.0,4772.76,1,0,0.0,0
LGS2ORD0009976,C014715,2025-03-21 00:00:00,Male,22,Bronze,Shopee,Songkhla,490,TV_Show,COD,0,3,4,0,20-30,16.333333333333332,1.0,1.0,1.0,-9,6,605.96,0.23,0.0,1.0,0.0,605.96,1,1,1.0,605.96,1,1,1.0,605.96,1,1,1.0,605.96,1,1,1.0,1
LGS2ORD0009977,C011506,2025-03-21 00:00:00,Male,35,Bronze,Web,Khon Kaen,525,Shopee,COD,0,3,4,0,30-40,17.5,1.0,0.0,0.0,-1,47,4772.76,0.03,0.0,0.0,0.0,0.0,0,0,0.0,0.0,0,0,0.0,4772.76,1,0,0.0,4772.76,1,0,0.0,0
LGS2ORD0009978,C013713,2025-03-21 00:00:00,Male,47,Bronze,TV,Bangkok,481,Web,COD,0,3,4,0,40-50,16.033333333333335,1.0,0.0,0.0,-1,53,7520.22,0.03,0.0,0.0,0.0,0.0,0,0,0.0,0.0,0,0,0.0,7520.22,1,0,0.0,7520.22,1,0,0.0,0
LGS2ORD0009979,C013906,2025-03-21 00:00:00,Female,37,Bronze,Shopee,Bangkok,699,Web,COD,0,3,4,0,30-40,23.3,0.0,0.0,0.0,-1,-1,0.0,0.0,0.0,0.0,0.0,0.0,0,0,0.0,0.0,0,0,0.0,0.0,0,0,0.0,0.0,0,0,0.0,0
LGS2ORD0009980,C011219,2025-03-21 01:00:00,Male,54,Silver,Web,Chiang Mai,583,TV_Show,Credit_Card,1,3,4,0,>50,19.433333333333334,0.0,0.0,0.0,-1,-1,0.0,0.0,0.0,0.0,0.0,0.0,0,0,0.0,0.0,0,0,0.0,0.0,0,0,0.0,0.0,0,0,0.0,0
LGS2ORD0009981,C010718,2025-03-21 01:00:00,Male,30,Bronze,TV,Bangkok,1106,Web,Credit_Card,1,3,4,0,20-30,36.86666666666667,1.0,0.0,0.0,-1,55,1570.79,0.08,1.0,0.0,0.0,0.0,0,0,0.0,0.0,0,0,0.0,1570.79,1,0,0.0,1570.79,1,0,0.0,0
LGS2ORD0009982,C010898,2025-03-21 01:00:00,Female,55,Bronze,Shopee,Songkhla,1044,TV_Show,COD,1,3,4,0,>50,34.8,3.0,1.0,0.3333333333333333,35,2,4667.33,0.23,0.6666666666666666,0.3333333333333333,0.0,7823.67,1,0,0.0,7823.67,1,0,0.0,14001.99,3,1,0.3333333333333333,14001.99,3,1,0.3333333333333333,0
LGS2ORD0009983,C014795,2025-03-21 01:00:00,Female,49,Silver,Shopee,Khon Kaen,150,Web,COD,1,3,4,0,40-50,5.0,1.0,1.0,1.0,27,35,10272.22,0.05,0.0,0.0,0.0,0.0,0,0,0.0,0.0,0,0,0.0,10272.22,1,1,1.0,10272.22,1,1,1.0,0
LGS2ORD0009984,C015907,2025-03-21 01:00:00,Male,37,Silver,Lazada,Khon Kaen,206,Shopee,COD,1,3,4,0,30-40,6.866666666666666,1.0,0.0,0.0,-1,76,169.69,0.05,0.0,0.0,0.0,0.0,0,0,0.0,0.0,0,0,0.0,169.69,1,0,0.0,169.69,1,0,0.0,1
LGS2ORD0009985,C016043,2025-03-21 02:00:00,Male,69,Bronze,TV,Chonburi,842,Lazada,Credit_Card,2,3,4,0,>50,28.066666666666666,1.0,0.0,0.0,-1,12,5913.78,0.18,0.0,0.0,0.0,0.0,0,0,0.0,5913.78,1,0,0.0,5913.78,1,0,0.0,5913.78,1,0,0.0,0
LGS2ORD0009986,C010126,2025-03-21 02:00:00,Female,37,Bronze,Web,Phuket,556,Shopee,PromptPay,2,3,4,0,30-40,18.533333333333335,1.0,1.0,1.0,25,32,11682.08,0.03,1.0,0.0,0.0,0.0,0,0,0.0,0.0,0,0,0.0,11682.08,1,1,1.0,11682.08,1,1,1.0,0
LGS2ORD0009987,C010154,2025-03-21 02:00:00,Female,41,Bronze,Shopee,Bangkok,368,Web,Credit_Card,2,3,4,0,40-50,12.266666666666667,1.0,1.0,1.0,47,59,7604.89,0.03,1.0,0.0,0.0,0.0,0,0,0.0,0.0,0,0,0.0,7604.89,1,1,1.0,7604.89,1,1,1.0,0
LGS2ORD0009988,C016103,2025-03-21 02:00:00,Male,55,Gold,CallCenter,Remote_Area,1130,CallCenter,Bank_Transfer,2,3,4,0,>50,37.666666666666664,1.0,1.0,1.0,-7,3,7613.11,0.33,0.0,1.0,0.0,7613.11,1,1,1.0,7613.11,1,1,1.0,7613.11,1,1,1.0,7613.11,1,1,1.0,0
LGS2ORD0009989,C011260,2025-03-21 02:00:00,Female,36,Bronze,Web,Chiang Mai,746,TV_Show,COD,2,3,4,0,30-40,24.866666666666667,2.0,1.0,0.5,26,33,2647.54,0.18,0.5,0.0,0.0,0.0,0,0,0.0,0.0,0,0,0.0,5295.08,2,1,0.5,5295.08,2,1,0.5,0
LGS2ORD0009990,C017406,2025-03-21 03:00:00,Female,37,Gold,Shopee,Bangkok,1269,Web,COD,3,3,4,0,30-40,42.3,1.0,0.0,0.0,-1,55,3830.72,0.08,1.0,0.0,0.0,0.0,0,0,0.0,0.0,0,0,0.0,3830.72,1,0,0.0,3830.72,1,0,0.0,0
LGS2ORD0009991,C011492,2025-03-21 03:00:00,Female,56,Gold,Web,Bangkok,784,Web,COD,3,3,4,0,>50,26.133333333333333,0.0,0.0,0.0,-1,-1,0.0,0.0,0.0,0.0,0.0,0.0,0,0,0.0,0.0,0,0,0.0,0.0,0,0,0.0,0.0,0,0,0.0,0
LGS2ORD0009992,C012362,2025-03-21 03:00:00,Male,66,Silver,CallCenter,Remote_Area,745,Shopee,COD,3,3,4,0,>50,24.833333333333332,1.0,1.0,1.0,48,59,1828.89,0.05,1.0,0.0,0.0,0.0,0,0,0.0,0.0,0,0,0.0,1828.89,1,1,1.0,1828.89,1,1,1.0,0
LGS2ORD0009993,C016155,2025-03-21 03:00:00,Female,54,Bronze,TV,Chiang Mai,1135,Web,COD,3,3,4,0,>50,37.833333333333336,1.0,0.0,0.0,-1,48,3528.82,0.18,0.0,0.0,0.0,0.0,0,0,0.0,0.0,0,0,0.0,3528.82,1,0,0.0,3528.82,1,0,0.0,0
LGS2ORD0009994,C017263,2025-03-21 03:00:00,Female,31,Silver,Shopee,Chonburi,1214,Web,Credit_Card,3,3,4,0,30-40,40.46666666666667,3.0,0.0,0.0,-1,16,6859.496666666666,0.3,1.0,0.3333333333333333,0.0,0.0,0,0,0.0,20578.489999999998,3,0,0.0,20578.489999999998,3,0,0.0,20578.489999999998,3,0,0.0,0
LGS2ORD0009995,C015019,2025-03-21 03:00:00,Female,62,Bronze,CallCenter,Nakhon Ratchasima,388,TV_Show,Bank_Transfer,3,3,4,0,>50,12.933333333333334,3.0,0.0,0.0,-1,15,11664.456666666667,0.08,0.3333333333333333,0.0,0.0,0.0,0,0,0.0,5896.8,1,0,0.0,34993.37,3,0,0.0,34993.37,3,0,0.0,0
LGS2ORD0009996,C010189,2025-03-21 04:00:00,Female,48,Bronze,TV,Khon Kaen,624,Web,COD,4,3,4,0,40-50,20.8,2.0,1.0,0.5,13,21,13482.419999999998,0.18,0.5,0.0,0.0,0.0,0,0,0.0,7895.99,1,1,1.0,26964.839999999997,2,1,0.5,26964.839999999997,2,1,0.5,0
LGS2ORD0009997,C017846,2025-03-21 04:00:00,Female,54,Gold,TV,Songkhla,396,TV_Show,Credit_Card,4,3,4,0,>50,13.2,4.0,0.0,0.0,-1,29,7092.6325,0.18,0.5,0.0,0.0,0.0,0,0,0.0,5869.89,1,0,0.0,28370.53,4,0,0.0,28370.53,4,0,0.0,1
LGS2ORD0009998,C013307,2025-03-21 04:00:00,Male,43,Gold,TV,Nakhon Ratchasima,1026,TV_Show,PromptPay,4,3,4,0,40-50,34.2,0.0,0.0,0.0,-1,-1,0.0,0.0,0.0,0.0,0.0,0.0,0,0,0.0,0.0,0,0,0.0,0.0,0,0,0.0,0.0,0,0,0.0,0
LGS2ORD0009999,C010167,2025-03-21 04:00:00,Male,57,Bronze,TV,Bangkok,1030,TV_Show,COD,4,3,4,0,>50,34.333333333333336,1.0,0.0,0.0,-1,58,11810.65,0.03,0.0,0.0,0.0,0.0,0,0,0.0,0.0,0,0,0.0,11810.65,1,0,0.0,11810.65,1,0,0.0,1
LGS2ORD0010000,C010018,2025-03-21 04:00:00,Female,40,Silver,TV,Bangkok,1347,TV_Show,Credit_Card,4,3,4,0,30-40,44.9,0.0,0.0,0.0,-1,-1,0.0,0.0,0.0,0.0,0.0,0.0,0,0,0.0,0.0,0,0,0.0,0.0,0,0,0.0,0.0,0,0,0.0,1
LGS2ORD0010001,C016111,2025-03-21 05:00:00,Female,47,Bronze,Shopee,Nakhon Ratchasima,255,Lazada,Credit_Card,5,3,4,0,40-50,8.5,0.0,0.0,0.0,-1,-1,0.0,0.0,0.0,0.0,0.0,0.0,0,0,0.0,0.0,0,0,0.0,0.0,0,0,0.0,0.0,0,0,0.0,1
LGS2ORD0010002,C017166,2025-03-21 05:00:00,Female,25,Bronze,TV,Khon Kaen,630,TV_Show,PromptPay,5,3,4,0,20-30,21.0,1.0,0.0,0.0,-1,1,12454.68,0.03,1.0,0.0,0.0,12454.68,1,0,0.0,12454.68,1,0,0.0,12454.68,1,0,0.0,12454.68,1,0,0.0,1
LGS2ORD0010003,C016443,2025-03-21 05:00:00,Male,44,Silver,Web,Bangkok,1518,Shopee,COD,5,3,4,0,40-50,50.6,4.0,1.0,0.25,35,9,8905.3175,0.2,0.75,0.0,0.0,0.0,0,0,0.0,31468.43,2,0,0.0,35621.27,4,1,0.25,35621.27,4,1,0.25,1
LGS2ORD0010004,C016947,2025-03-21 05:00:00,Female,39,Bronze,CallCenter,Bangkok,1051,Web,COD,5,3,4,0,30-40,35.03333333333333,6.0,2.0,0.3333333333333333,17,10,2839.866666666667,0.23,0.6666666666666666,0.3333333333333333,0.0,0.0,0,0,0.0,10434.14,3,1,0.3333333333333333,17039.2,6,2,0.3333333333333333,17039.2,6,2,0.3333333333333333,0
LGS2ORD0010005,C015300,2025-03-21 05:00:00,Female,39,Silver,Web,Chonburi,1484,Lazada,COD,5,3,4,0,30-40,49.46666666666667,0.0,0.0,0.0,-1,-1,0.0,0.0,0.0,0.0,0.0,0.0,0,0,0.0,0.0,0,0,0.0,0.0,0,0,0.0,0.0,0,0,0.0,0
LGS2ORD0010006,C012508,2025-03-21 06:00:00,Male,53,Bronze,Lazada,Songkhla,690,Shopee,COD,6,3,4,0,>50,23.0,1.0,1.0,1.0,5,16,940.08,0.18,0.0,0.0,0.0,0.0,0,0,0.0,940.08,1,1,1.0,940.08,1,1,1.0,940.08,1,1,1.0,1
LGS2ORD0010007,C015236,2025-03-21 06:00:00,Female,18,Bronze,Web,Khon Kaen,1514,Web,PromptPay,6,3,4,0,<20,50.46666666666667,4.0,2.0,0.5,11,14,9552.572499999998,0.28,0.25,0.5,0.0,0.0,0,0,0.0,2779.3,2,1,0.5,38210.28999999999,4,2,0.5,38210.28999999999,4,2,0.5,0
LGS2ORD0010008,C014709,2025-03-21 06:00:00,Male,40,Silver,Shopee,Khon Kaen,188,CallCenter,Credit_Card,6,3,4,0,30-40,6.266666666666667,2.0,0.0,0.0,-1,3,8333.955,0.25,0.0,0.5,0.0,10248.06,1,0,0.0,10248.06,1,0,0.0,16667.91,2,0,0.0,16667.91,2,0,0.0,0
LGS2ORD0010009,C015526,2025-03-21 06:00:00,Female,54,Bronze,Lazada,Chonburi,384,TV_Show,COD,6,3,4,0,>50,12.8,1.0,0.0,0.0,-1,49,4159.96,0.03,0.0,0.0,0.0,0.0,0,0,0.0,0.0,0,0,0.0,4159.96,1,0,0.0,4159.96,1,0,0.0,0
LGS2ORD0010010,C011595,2025-03-21 06:00:00,Female,64,Bronze,TV,Bangkok,127,Lazada,Credit_Card,6,3,4,0,>50,4.233333333333333,1.0,0.0,0.0,-1,64,10244.36,0.03,0.0,0.0,0.0,0.0,0,0,0.0,0.0,0,0,0.0,10244.36,1,0,0.0,10244.36,1,0,0.0,0
LGS2ORD0010011,C014279,2025-03-21 07:00:00,Female,52,Bronze,TV,Phuket,110,Lazada,COD,7,3,4,0,>50,3.6666666666666665,1.0,0.0,0.0,-1,32,1137.9,0.08,0.0,0.0,0.0,0.0,0,0,0.0,0.0,0,0,0.0,1137.9,1,0,0.0,1137.9,1,0,0.0,1
LGS2ORD0010012,C016085,2025-03-21 07:00:00,Male,58,Silver,Shopee,Songkhla,301,Shopee,COD,7,3,4,0,>50,10.033333333333333,2.0,0.0,0.0,-1,1,3826.96,0.25,1.0,0.5,0.0,5687.41,1,0,0.0,5687.41,1,0,0.0,7653.92,2,0,0.0,7653.92,2,0,0.0,0
LGS2ORD0010013,C013077,2025-03-21 07:00:00,Female,46,Gold,Shopee,Chiang Mai,912,Lazada,PromptPay,7,3,4,0,40-50,30.4,1.0,0.0,0.0,-1,55,208.37,0.08,0.0,0.0,0.0,0.0,0,0,0.0,0.0,0,0,0.0,208.37,1,0,0.0,208.37,1,0,0.0,0
LGS2ORD0010014,C010329,2025-03-21 07:00:00,Male,41,Bronze,Web,Bangkok,145,Shopee,COD,7,3,4,0,40-50,4.833333333333333,2.0,0.0,0.0,-1,67,1071.375,0.28,0.0,0.5,0.0,0.0,0,0,0.0,0.0,0,0,0.0,2142.75,2,0,0.0,2142.75,2,0,0.0,1
LGS2ORD0010015,C011094,2025-03-21 07:00:00,Male,67,Bronze,CallCenter,Khon Kaen,655,Lazada,PromptPay,7,3,4,0,>50,21.833333333333332,0.0,0.0,0.0,-1,-1,0.0,0.0,0.0,0.0,0.0,0.0,0,0,0.0,0.0,0,0,0.0,0.0,0,0,0.0,0.0,0,0,0.0,0
LGS2ORD0010016,C015580,2025-03-21 07:00:00,Female,60,Bronze,Lazada,Phuket,1399,CallCenter,COD,7,3,4,0,>50,46.63333333333333,1.0,0.0,0.0,-1,73,40973.12,0.13,1.0,0.0,0.0,0.0,0,0,0.0,0.0,0,0,0.0,40973.12,1,0,0.0,40973.12,1,0,0.0,1
LGS2ORD0010017,C013754,2025-03-21 08:00:00,Female,49,Bronze,TV,Chiang Mai,266,Web,COD,8,3,4,0,40-50,8.866666666666667,0.0,0.0,0.0,-1,-1,0.0,0.0,0.0,0.0,0.0,0.0,0,0,0.0,0.0,0,0,0.0,0.0,0,0,0.0,0.0,0,0,0.0,1
LGS2ORD0010018,C017494,2025-03-21 08:00:00,Male,33,Platinum,Lazada,Nakhon Ratchasima,807,Shopee,PromptPay,8,3,4,0,30-40,26.9,1.0,0.0,0.0,-1,62,11656.7,0.1,1.0,0.0,0.0,0.0,0,0,0.0,0.0,0,0,0.0,11656.7,1,0,0.0,11656.7,1,0,0.0,0
LGS2ORD0010019,C015350,2025-03-21 08:00:00,Male,45,Bronze,Web,Remote_Area,1168,TV_Show,Credit_Card,8,3,4,0,40-50,38.93333333333333,3.0,2.0,0.6666666666666666,20,34,2688.116666666667,0.23,0.6666666666666666,0.3333333333333333,0.0,0.0,0,0,0.0,0.0,0,0,0.0,8064.35,3,2,0.6666666666666666,8064.35,3,2,0.6666666666666666,0
LGS2ORD0010020,C010299,2025-03-21 08:00:00,Female,18,Bronze,TV,Chonburi,297,Web,Bank_Transfer,8,3,4,0,<20,9.9,1.0,0.0,0.0,-1,40,16415.36,0.23,0.0,1.0,0.0,0.0,0,0,0.0,0.0,0,0,0.0,16415.36,1,0,0.0,16415.36,1,0,0.0,0
LGS2ORD0010021,C011139,2025-03-21 08:00:00,Male,47,Bronze,TV,Songkhla,1216,Lazada,COD,8,3,4,0,40-50,40.53333333333333,2.0,0.0,0.0,-1,18,5188.785,0.13,0.0,0.0,0.0,0.0,0,0,0.0,10377.57,2,0,0.0,10377.57,2,0,0.0,10377.57,2,0,0.0,1
LGS2ORD0010022,C017288,2025-03-21 09:00:00,Male,34,Bronze,Shopee,Khon Kaen,1270,Web,COD,9,3,4,0,30-40,42.333333333333336,0.0,0.0,0.0,-1,-1,0.0,0.0,0.0,0.0,0.0,0.0,0,0,0.0,0.0,0,0,0.0,0.0,0,0,0.0,0.0,0,0,0.0,1
LGS2ORD0010023,C011317,2025-03-21 09:00:00,Male,22,Gold,Shopee,Phuket,1081,Web,Bank_Transfer,9,3,4,0,20-30,36.03333333333333,1.0,0.0,0.0,-1,4,3587.45,0.13,1.0,0.0,0.0,3587.45,1,0,0.0,3587.45,1,0,0.0,3587.45,1,0,0.0,3587.45,1,0,0.0,0
LGS2ORD0010024,C017568,2025-03-21 09:00:00,Other,61,Bronze,Shopee,Nakhon Ratchasima,294,CallCenter,COD,9,3,4,0,>50,9.8,0.0,0.0,0.0,-1,-1,0.0,0.0,0.0,0.0,0.0,0.0,0,0,0.0,0.0,0,0,0.0,0.0,0,0,0.0,0.0,0,0,0.0,0
LGS2ORD0010025,C011441,2025-03-21 09:00:00,Male,38,Bronze,TV,Khon Kaen,1134,Shopee,COD,9,3,4,0,30-40,37.8,3.0,0.0,0.0,-1,15,12537.123333333335,0.28,1.0,0.3333333333333333,0.0,0.0,0,0,0.0,2448.51,1,0,0.0,37611.37,3,0,0.0,37611.37,3,0,0.0,0
LGS2ORD0010026,C017288,2025-03-21 09:00:00,Male,34,Bronze,Shopee,Khon Kaen,1270,Web,PromptPay,9,3,4,0,30-40,42.333333333333336,0.0,0.0,0.0,-1,-1,0.0,0.0,0.0,0.0,0.0,0.0,0,0,0.0,0.0,0,0,0.0,0.0,0,0,0.0,0.0,0,0,0.0,0
LGS2ORD0010027,C010743,2025-03-21 10:00:00,Male,44,Silver,Shopee,Songkhla,902,Lazada,PromptPay,10,3,4,0,40-50,30.066666666666666,2.0,1.0,0.5,45,48,5369.725,0.2,0.0,0.0,0.0,0.0,0,0,0.0,0.0,0,0,0.0,10739.45,2,1,0.5,10739.45,2,1,0.5,0
LGS2ORD0010028,C016695,2025-03-21 10:00:00,Male,36,Gold,Lazada,Bangkok,354,Web,COD,10,3,4,0,30-40,11.8,1.0,0.0,0.0,-1,70,1983.98,0.33,1.0,1.0,0.0,0.0,0,0,0.0,0.0,0,0,0.0,1983.98,1,0,0.0,1983.98,1,0,0.0,0
LGS2ORD0010029,C017150,2025-03-21 10:00:00,Female,52,Gold,Web,Chonburi,250,TV_Show,Credit_Card,10,3,4,0,>50,8.333333333333334,4.0,0.0,0.0,-1,50,5181.82,0.28,0.25,0.75,0.0,0.0,0,0,0.0,0.0,0,0,0.0,20727.28,4,0,0.0,20727.28,4,0,0.0,1
LGS2ORD0010030,C010999,2025-03-21 10:00:00,Male,49,Bronze,TV,Khon Kaen,1480,TV_Show,COD,10,3,4,0,40-50,49.333333333333336,0.0,0.0,0.0,-1,-1,0.0,0.0,0.0,0.0,0.0,0.0,0,0,0.0,0.0,0,0,0.0,0.0,0,0,0.0,0.0,0,0,0.0,0
LGS2ORD0010031,C010026,2025-03-21 10:00:00,Female,51,Bronze,Web,Bangkok,606,TV_Show,Credit_Card,10,3,4,0,>50,20.2,1.0,1.0,1.0,53,64,942.01,0.28,1.0,1.0,0.0,0.0,0,0,0.0,0.0,0,0,0.0,942.01,1,1,1.0,942.01,1,1,1.0,1
LGS2ORD0010032,C013760,2025-03-21 11:00:00,Male,27,Bronze,Lazada,Khon Kaen,691,Shopee,COD,11,3,4,0,20-30,23.033333333333335,2.0,0.0,0.0,-1,34,5134.365,0.18,1.0,0.0,0.0,0.0,0,0,0.0,0.0,0,0,0.0,10268.73,2,0,0.0,10268.73,2,0,0.0,1
LGS2ORD0010033,C010165,2025-03-21 11:00:00,Male,46,Gold,Web,Khon Kaen,651,TV_Show,Credit_Card,11,3,4,0,40-50,21.7,1.0,1.0,1.0,-3,4,1463.08,0.08,0.0,0.0,0.0,1463.08,1,1,1.0,1463.08,1,1,1.0,1463.08,1,1,1.0,1463.08,1,1,1.0,0
LGS2ORD0010034,C015764,2025-03-21 11:00:00,Other,35,Bronze,TV,Phuket,471,Web,COD,11,3,4,0,30-40,15.7,1.0,1.0,1.0,-3,5,536.65,0.28,1.0,1.0,0.0,536.65,1,1,1.0,536.65,1,1,1.0,536.65,1,1,1.0,536.65,1,1,1.0,0
LGS2ORD0010035,C014497,2025-03-21 11:00:00,Male,44,Bronze,Web,Chiang Mai,1296,Web,COD,11,3,4,0,40-50,43.2,1.0,0.0,0.0,-1,25,12143.84,0.28,0.0,1.0,0.0,0.0,0,0,0.0,12143.84,1,0,0.0,12143.84,1,0,0.0,12143.84,1,0,0.0,1
LGS2ORD0010036,C017653,2025-03-21 11:00:00,Female,33,Gold,Shopee,Songkhla,1032,CallCenter,COD,11,3,4,0,30-40,34.4,0.0,0.0,0.0,-1,-1,0.0,0.0,0.0,0.0,0.0,0.0,0,0,0.0,0.0,0,0,0.0,0.0,0,0,0.0,0.0,0,0,0.0,0
LGS2ORD0010037,C012388,2025-03-21 11:00:00,Male,43,Bronze,Shopee,Phuket,428,Web,Credit_Card,11,3,4,0,40-50,14.266666666666667,3.0,1.0,0.3333333333333333,4,16,15244.830000000002,0.18,0.6666666666666666,0.0,0.0,0.0,0,0,0.0,43221.08,2,1,0.5,45734.490000000005,3,1,0.3333333333333333,45734.490000000005,3,1,0.3333333333333333,0
LGS2ORD0010038,C012298,2025-03-21 12:00:00,Male,54,Platinum,Shopee,Bangkok,386,TV_Show,PromptPay,12,3,4,0,>50,12.866666666666667,0.0,0.0,0.0,-1,-1,0.0,0.0,0.0,0.0,0.0,0.0,0,0,0.0,0.0,0,0,0.0,0.0,0,0,0.0,0.0,0,0,0.0,0
LGS2ORD0010039,C015640,2025-03-21 12:00:00,Female,52,Silver,TV,Remote_Area,330,Lazada,PromptPay,12,3,4,0,>50,11.0,2.0,1.0,0.5,41,40,17717.1,0.2,1.0,0.0,0.0,0.0,0,0,0.0,0.0,0,0,0.0,35434.2,2,1,0.5,35434.2,2,1,0.5,0
LGS2ORD0010040,C011477,2025-03-21 12:00:00,Other,47,Bronze,Lazada,Remote_Area,1471,Web,COD,12,3,4,0,40-50,49.03333333333333,4.0,2.0,0.5,25,10,2167.5,0.23,0.5,0.25,0.0,0.0,0,0,0.0,3265.18,2,0,0.0,8670.0,4,2,0.5,8670.0,4,2,0.5,1
LGS2ORD0010041,C014672,2025-03-21 12:00:00,Female,39,Bronze,Shopee,Chiang Mai,1505,TV_Show,Credit_Card,12,3,4,0,30-40,50.166666666666664,2.0,1.0,0.5,40,48,2018.0,0.18,0.5,0.0,0.0,0.0,0,0,0.0,0.0,0,0,0.0,4036.0,2,1,0.5,4036.0,2,1,0.5,0
LGS2ORD0010042,C017841,2025-03-21 12:00:00,Female,72,Silver,TV,Phuket,349,TV_Show,COD,12,3,4,0,>50,11.633333333333333,0.0,0.0,0.0,-1,-1,0.0,0.0,0.0,0.0,0.0,0.0,0,0,0.0,0.0,0,0,0.0,0.0,0,0,0.0,0.0,0,0,0.0,0
LGS2ORD0010043,C017940,2025-03-21 13:00:00,Female,30,Silver,Shopee,Nakhon Ratchasima,1342,Web,Credit_Card,13,3,4,0,20-30,44.733333333333334,2.0,0.0,0.0,-1,19,12157.345000000001,0.3,1.0,1.0,0.0,0.0,0,0,0.0,21583.93,1,0,0.0,24314.690000000002,2,0,0.0,24314.690000000002,2,0,0.0,0
LGS2ORD0010044,C012705,2025-03-21 13:00:00,Male,52,Bronze,Shopee,Nakhon Ratchasima,500,Lazada,Credit_Card,13,3,4,0,>50,16.666666666666668,2.0,0.0,0.0,-1,17,5267.06,0.03,0.5,0.0,0.0,0.0,0,0,0.0,2232.53,1,0,0.0,10534.12,2,0,0.0,10534.12,2,0,0.0,0
LGS2ORD0010045,C012123,2025-03-21 13:00:00,Female,22,Silver,TV,Khon Kaen,1130,TV_Show,Bank_Transfer,13,3,4,0,20-30,37.666666666666664,3.0,1.0,0.3333333333333333,65,28,6874.836666666666,0.15,1.0,0.0,0.0,0.0,0,0,0.0,11006.8,1,0,0.0,20624.51,3,1,0.3333333333333333,20624.51,3,1,0.3333333333333333,0
LGS2ORD0010046,C010170,2025-03-21 13:00:00,Male,36,Silver,Lazada,Bangkok,730,Web,Credit_Card,13,3,4,0,30-40,24.333333333333332,0.0,0.0,0.0,-1,-1,0.0,0.0,0.0,0.0,0.0,0.0,0,0,0.0,0.0,0,0,0.0,0.0,0,0,0.0,0.0,0,0,0.0,0
LGS2ORD0010047,C010675,2025-03-21 13:00:00,Female,44,Gold,Web,Chiang Mai,419,Lazada,COD,13,3,4,0,40-50,13.966666666666667,1.0,0.0,0.0,-1,28,958.42,0.08,0.0,0.0,0.0,0.0,0,0,0.0,958.42,1,0,0.0,958.42,1,0,0.0,958.42,1,0,0.0,0
LGS2ORD0010048,C010510,2025-03-21 14:00:00,Female,19,Gold,CallCenter,Bangkok,605,Web,COD,14,3,4,0,<20,20.166666666666668,0.0,0.0,0.0,-1,-1,0.0,0.0,0.0,0.0,0.0,0.0,0,0,0.0,0.0,0,0,0.0,0.0,0,0,0.0,0.0,0,0,0.0,1
LGS2ORD0010049,C011996,2025-03-21 14:00:00,Male,38,Gold,Shopee,Bangkok,1140,Web,PromptPay,14,3,4,0,30-40,38.0,1.0,0.0,0.0,-1,8,5130.17,0.2299999999999999,0.0,1.0,0.0,0.0,0,0,0.0,5130.17,1,0,0.0,5130.17,1,0,0.0,5130.17,1,0,0.0,0
LGS2ORD0010050,C011356,2025-03-21 14:00:00,Female,58,Bronze,Shopee,Chiang Mai,174,Shopee,PromptPay,14,3,4,0,>50,5.8,1.0,0.0,0.0,-1,34,6180.37,0.28,1.0,1.0,0.0,0.0,0,0,0.0,0.0,0,0,0.0,6180.37,1,0,0.0,6180.37,1,0,0.0,1
LGS2ORD0010051,C014768,2025-03-21 14:00:00,Female,53,Gold,Shopee,Bangkok,1118,Lazada,Credit_Card,14,3,4,0,>50,37.266666666666666,1.0,0.0,0.0,-1,49,2651.79,0.18,0.0,0.0,0.0,0.0,0,0,0.0,0.0,0,0,0.0,2651.79,1,0,0.0,2651.79,1,0,0.0,0
LGS2ORD0010052,C016040,2025-03-21 14:00:00,Female,67,Silver,Web,Bangkok,263,TV_Show,PromptPay,14,3,4,0,>50,8.766666666666667,0.0,0.0,0.0,-1,-1,0.0,0.0,0.0,0.0,0.0,0.0,0,0,0.0,0.0,0,0,0.0,0.0,0,0,0.0,0.0,0,0,0.0,0
LGS2ORD0010053,C016525,2025-03-21 15:00:00,Female,45,Silver,Shopee,Bangkok,1410,TV_Show,PromptPay,15,3,4,0,40-50,47.0,0.0,0.0,0.0,-1,-1,0.0,0.0,0.0,0.0,0.0,0.0,0,0,0.0,0.0,0,0,0.0,0.0,0,0,0.0,0.0,0,0,0.0,1
LGS2ORD0010054,C016863,2025-03-21 15:00:00,Male,61,Bronze,TV,Songkhla,123,CallCenter,COD,15,3,4,0,>50,4.1,0.0,0.0,0.0,-1,-1,0.0,0.0,0.0,0.0,0.0,0.0,0,0,0.0,0.0,0,0,0.0,0.0,0,0,0.0,0.0,0,0,0.0,0
LGS2ORD0010055,C016193,2025-03-21 15:00:00,Male,43,Bronze,Lazada,Bangkok,331,Lazada,COD,15,3,4,0,40-50,11.033333333333333,2.0,0.0,0.0,-1,2,2750.845,0.18,0.0,0.0,0.0,3281.24,1,0,0.0,5501.69,2,0,0.0,5501.69,2,0,0.0,5501.69,2,0,0.0,0
LGS2ORD0010056,C011360,2025-03-21 15:00:00,Female,48,Gold,Web,Bangkok,1057,Web,COD,15,3,4,0,40-50,35.233333333333334,0.0,0.0,0.0,-1,-1,0.0,0.0,0.0,0.0,0.0,0.0,0,0,0.0,0.0,0,0,0.0,0.0,0,0,0.0,0.0,0,0,0.0,0
LGS2ORD0010057,C013002,2025-03-21 15:00:00,Female,26,Bronze,TV,Songkhla,325,Web,COD,15,3,4,0,20-30,10.833333333333334,1.0,0.0,0.0,-1,48,1010.35,0.23,0.0,1.0,0.0,0.0,0,0,0.0,0.0,0,0,0.0,1010.35,1,0,0.0,1010.35,1,0,0.0,1
LGS2ORD0010058,C016559,2025-03-21 15:00:00,Female,42,Bronze,CallCenter,Chonburi,275,Web,Bank_Transfer,15,3,4,0,40-50,9.166666666666666,0.0,0.0,0.0,-1,-1,0.0,0.0,0.0,0.0,0.0,0.0,0,0,0.0,0.0,0,0,0.0,0.0,0,0,0.0,0.0,0,0,0.0,0
LGS2ORD0010059,C010593,2025-03-21 16:00:00,Male,26,Bronze,TV,Phuket,1043,Web,PromptPay,16,3,4,0,20-30,34.766666666666666,1.0,0.0,0.0,-1,60,2139.32,0.08,0.0,0.0,0.0,0.0,0,0,0.0,0.0,0,0,0.0,2139.32,1,0,0.0,2139.32,1,0,0.0,0
LGS2ORD0010060,C011857,2025-03-21 16:00:00,Male,37,Bronze,Web,Songkhla,1442,TV_Show,COD,16,3,4,0,30-40,48.06666666666667,1.0,0.0,0.0,-1,46,1174.64,0.08,1.0,0.0,0.0,0.0,0,0,0.0,0.0,0,0,0.0,1174.64,1,0,0.0,1174.64,1,0,0.0,0
LGS2ORD0010061,C014709,2025-03-21 16:00:00,Male,40,Silver,Shopee,Khon Kaen,188,Lazada,Bank_Transfer,16,3,4,0,30-40,6.266666666666667,3.0,0.0,0.0,-1,0,7343.393333333333,0.25,0.0,0.3333333333333333,0.0,15610.33,2,0,0.0,15610.33,2,0,0.0,22030.18,3,0,0.0,22030.18,3,0,0.0,0
LGS2ORD0010062,C017135,2025-03-21 16:00:00,Female,30,Bronze,TV,Bangkok,1485,TV_Show,COD,16,3,4,0,20-30,49.5,2.0,0.0,0.0,-1,44,4121.845,0.23,0.0,0.5,0.0,0.0,0,0,0.0,0.0,0,0,0.0,8243.69,2,0,0.0,8243.69,2,0,0.0,0
LGS2ORD0010063,C014827,2025-03-21 16:00:00,Other,48,Gold,Web,Chiang Mai,112,Lazada,Bank_Transfer,16,3,4,0,40-50,3.7333333333333334,2.0,2.0,1.0,9,19,2021.96,0.08,1.0,0.0,0.0,0.0,0,0,0.0,3661.19,1,1,1.0,4043.92,2,2,1.0,4043.92,2,2,1.0,0
LGS2ORD0010064,C014055,2025-03-21 17:00:00,Female,29,Bronze,Web,Bangkok,1065,TV_Show,Credit_Card,17,3,4,0,20-30,35.5,0.0,0.0,0.0,-1,-1,0.0,0.0,0.0,0.0,0.0,0.0,0,0,0.0,0.0,0,0,0.0,0.0,0,0,0.0,0.0,0,0,0.0,0
LGS2ORD0010065,C012895,2025-03-21 17:00:00,Female,46,Silver,Web,Khon Kaen,615,CallCenter,Bank_Transfer,17,3,4,0,40-50,20.5,0.0,0.0,0.0,-1,-1,0.0,0.0,0.0,0.0,0.0,0.0,0,0,0.0,0.0,0,0,0.0,0.0,0,0,0.0,0.0,0,0,0.0,1
LGS2ORD0010066,C014117,2025-03-21 17:00:00,Male,28,Silver,Shopee,Remote_Area,850,Web,COD,17,3,4,0,20-30,28.333333333333332,2.0,1.0,0.5,50,2,1976.905,0.1,1.0,0.0,0.0,2198.79,1,0,0.0,2198.79,1,0,0.0,3953.81,2,1,0.5,3953.81,2,1,0.5,0
LGS2ORD0010067,C010449,2025-03-21 17:00:00,Female,41,Gold,Web,Bangkok,567,TV_Show,COD,17,3,4,0,40-50,18.9,3.0,1.0,0.3333333333333333,58,2,2283.4900000000002,0.13,0.6666666666666666,0.0,0.0,1655.17,1,0,0.0,1655.17,1,0,0.0,6850.47,3,1,0.3333333333333333,6850.47,3,1,0.3333333333333333,0
LGS2ORD0010068,C012049,2025-03-21 17:00:00,Male,44,Silver,TV,Remote_Area,1385,CallCenter,COD,17,3,4,0,40-50,46.166666666666664,4.0,2.0,0.5,23,8,4589.005,0.2,0.75,0.0,0.0,0.0,0,0,0.0,10053.91,2,0,0.0,18356.02,4,2,0.5,18356.02,4,2,0.5,1
LGS2ORD0010069,C016643,2025-03-21 18:00:00,Female,50,Bronze,CallCenter,Bangkok,837,TV_Show,COD,18,3,4,0,40-50,27.9,4.0,0.0,0.0,-1,7,11087.295,0.28,0.0,0.5,0.0,0.0,0,0,0.0,20053.52,2,0,0.0,44349.18,4,0,0.0,44349.18,4,0,0.0,1
LGS2ORD0010070,C010813,2025-03-21 18:00:00,Other,37,Bronze,TV,Nakhon Ratchasima,997,Shopee,COD,18,3,4,0,30-40,33.233333333333334,1.0,0.0,0.0,-1,49,21951.76,0.03,0.0,0.0,0.0,0.0,0,0,0.0,0.0,0,0,0.0,21951.76,1,0,0.0,21951.76,1,0,0.0,0
LGS2ORD0010071,C015227,2025-03-21 18:00:00,Male,23,Silver,Lazada,Bangkok,656,Shopee,Bank_Transfer,18,3,4,0,20-30,21.866666666666667,3.0,1.0,0.3333333333333333,11,16,1668.9133333333332,0.2,1.0,0.0,0.0,0.0,0,0,0.0,4537.700000000001,2,1,0.5,5006.74,3,1,0.3333333333333333,5006.74,3,1,0.3333333333333333,0
LGS2ORD0010072,C014984,2025-03-21 18:00:00,Female,29,Silver,Web,Bangkok,963,Shopee,COD,18,3,4,0,20-30,32.1,0.0,0.0,0.0,-1,-1,0.0,0.0,0.0,0.0,0.0,0.0,0,0,0.0,0.0,0,0,0.0,0.0,0,0,0.0,0.0,0,0,0.0,0
LGS2ORD0010073,C012882,2025-03-21 18:00:00,Male,57,Silver,Shopee,Chiang Mai,116,Web,Credit_Card,18,3,4,0,>50,3.8666666666666667,0.0,0.0,0.0,-1,-1,0.0,0.0,0.0,0.0,0.0,0.0,0,0,0.0,0.0,0,0,0.0,0.0,0,0,0.0,0.0,0,0,0.0,0
LGS2ORD0010074,C016487,2025-03-21 19:00:00,Male,38,Silver,Web,Songkhla,851,CallCenter,COD,19,3,4,0,30-40,28.366666666666667,1.0,0.0,0.0,-1,6,24737.67,0.15,0.0,0.0,0.0,24737.67,1,0,0.0,24737.67,1,0,0.0,24737.67,1,0,0.0,24737.67,1,0,0.0,1
LGS2ORD0010075,C010989,2025-03-21 19:00:00,Male,42,Bronze,Lazada,Nakhon Ratchasima,809,Web,Bank_Transfer,19,3,4,0,40-50,26.966666666666665,0.0,0.0,0.0,-1,-1,0.0,0.0,0.0,0.0,0.0,0.0,0,0,0.0,0.0,0,0,0.0,0.0,0,0,0.0,0.0,0,0,0.0,0
LGS2ORD0010076,C012745,2025-03-21 19:00:00,Male,43,Silver,Lazada,Songkhla,181,Shopee,COD,19,3,4,0,40-50,6.033333333333333,2.0,0.0,0.0,-1,52,6005.855,0.25,0.0,0.5,0.0,0.0,0,0,0.0,0.0,0,0,0.0,12011.71,2,0,0.0,12011.71,2,0,0.0,1
LGS2ORD0010077,C017253,2025-03-21 19:00:00,Male,18,Silver,Web,Khon Kaen,333,Web,COD,19,3,4,0,<20,11.1,1.0,0.0,0.0,-1,51,14902.19,0.1,0.0,0.0,0.0,0.0,0,0,0.0,0.0,0,0,0.0,14902.19,1,0,0.0,14902.19,1,0,0.0,1
LGS2ORD0010078,C016773,2025-03-21 19:00:00,Female,26,Silver,TV,Khon Kaen,488,Web,Bank_Transfer,19,3,4,0,20-30,16.266666666666666,0.0,0.0,0.0,-1,-1,0.0,0.0,0.0,0.0,0.0,0.0,0,0,0.0,0.0,0,0,0.0,0.0,0,0,0.0,0.0,0,0,0.0,0
LGS2ORD0010079,C013850,2025-03-21 19:00:00,Male,37,Bronze,Web,Bangkok,933,CallCenter,Credit_Card,19,3,4,0,30-40,31.1,0.0,0.0,0.0,-1,-1,0.0,0.0,0.0,0.0,0.0,0.0,0,0,0.0,0.0,0,0,0.0,0.0,0,0,0.0,0.0,0,0,0.0,0
LGS2ORD0010080,C014781,2025-03-21 20:00:00,Male,39,Platinum,Web,Phuket,1194,Web,COD,20,3,4,0,30-40,39.8,0.0,0.0,0.0,-1,-1,0.0,0.0,0.0,0.0,0.0,0.0,0,0,0.0,0.0,0,0,0.0,0.0,0,0,0.0,0.0,0,0,0.0,1
LGS2ORD0010081,C016390,2025-03-21 20:00:00,Male,28,Silver,Lazada,Bangkok,690,Shopee,COD,20,3,4,0,20-30,23.0,2.0,1.0,0.5,52,60,3071.5899999999997,0.25,0.5,0.5,0.0,0.0,0,0,0.0,0.0,0,0,0.0,6143.179999999999,2,1,0.5,6143.179999999999,2,1,0.5,1
LGS2ORD0010082,C017516,2025-03-21 20:00:00,Male,60,Gold,TV,Bangkok,581,TV_Show,COD,20,3,4,0,>50,19.366666666666667,2.0,0.0,0.0,-1,16,4049.205,0.2299999999999999,0.5,0.5,0.0,0.0,0,0,0.0,4568.55,1,0,0.0,8098.41,2,0,0.0,8098.41,2,0,0.0,0
LGS2ORD0010083,C014154,2025-03-21 20:00:00,Male,50,Bronze,Lazada,Bangkok,844,Web,PromptPay,20,3,4,0,40-50,28.133333333333333,0.0,0.0,0.0,-1,-1,0.0,0.0,0.0,0.0,0.0,0.0,0,0,0.0,0.0,0,0,0.0,0.0,0,0,0.0,0.0,0,0,0.0,0
LGS2ORD0010084,C016888,2025-03-21 20:00:00,Male,32,Silver,Shopee,Nakhon Ratchasima,717,TV_Show,COD,20,3,4,0,30-40,23.9,0.0,0.0,0.0,-1,-1,0.0,0.0,0.0,0.0,0.0,0.0,0,0,0.0,0.0,0,0,0.0,0.0,0,0,0.0,0.0,0,0,0.0,0
LGS2ORD0010085,C011633,2025-03-21 21:00:00,Male,36,Silver,TV,Phuket,255,TV_Show,COD,21,3,4,0,30-40,8.5,3.0,1.0,0.3333333333333333,11,24,14881.9,0.3,0.6666666666666666,0.3333333333333333,0.0,0.0,0,0,0.0,10935.24,1,1,1.0,44645.7,3,1,0.3333333333333333,44645.7,3,1,0.3333333333333333,1
LGS2ORD0010086,C011972,2025-03-21 21:00:00,Male,47,Silver,TV,Bangkok,367,Lazada,COD,21,3,4,0,40-50,12.233333333333333,2.0,0.0,0.0,-1,8,13072.9,0.15,0.5,0.0,0.0,0.0,0,0,0.0,672.01,1,0,0.0,26145.8,2,0,0.0,26145.8,2,0,0.0,0
LGS2ORD0010087,C015615,2025-03-21 21:00:00,Male,34,Platinum,TV,Bangkok,482,Web,PromptPay,21,3,4,0,30-40,16.066666666666666,0.0,0.0,0.0,-1,-1,0.0,0.0,0.0,0.0,0.0,0.0,0,0,0.0,0.0,0,0,0.0,0.0,0,0,0.0,0.0,0,0,0.0,0
LGS2ORD0010088,C014306,2025-03-21 21:00:00,Male,26,Platinum,Web,Chonburi,903,Shopee,Bank_Transfer,21,3,4,0,20-30,30.1,2.0,0.0,0.0,-1,39,12986.22,0.3,0.0,1.0,0.0,0.0,0,0,0.0,0.0,0,0,0.0,25972.44,2,0,0.0,25972.44,2,0,0.0,0
LGS2ORD0010089,C015614,2025-03-21 21:00:00,Male,56,Bronze,TV,Khon Kaen,1040,Lazada,Bank_Transfer,21,3,4,0,>50,34.666666666666664,2.0,1.0,0.5,57,45,9217.23,0.18,0.5,0.0,0.0,0.0,0,0,0.0,0.0,0,0,0.0,18434.46,2,1,0.5,18434.46,2,1,0.5,0
LGS2ORD0010090,C010727,2025-03-21 22:00:00,Male,44,Silver,Web,Khon Kaen,872,Shopee,COD,22,3,4,0,40-50,29.066666666666666,3.0,1.0,0.3333333333333333,30,35,7246.3566666666675,0.3,0.6666666666666666,0.3333333333333333,0.0,0.0,0,0,0.0,0.0,0,0,0.0,21739.070000000003,3,1,0.3333333333333333,21739.070000000003,3,1,0.3333333333333333,0
LGS2ORD0010091,C015998,2025-03-21 22:00:00,Male,28,Bronze,Web,Phuket,1382,Web,COD,22,3,4,0,20-30,46.06666666666667,1.0,0.0,0.0,-1,48,969.8,0.18,0.0,0.0,0.0,0.0,0,0,0.0,0.0,0,0,0.0,969.8,1,0,0.0,969.8,1,0,0.0,1
LGS2ORD0010092,C016469,2025-03-21 22:00:00,Male,40,Silver,TV,Chiang Mai,1385,Shopee,Credit_Card,22,3,4,0,30-40,46.166666666666664,3.0,3.0,1.0,25,32,3431.5499999999997,0.25,0.3333333333333333,0.3333333333333333,0.0,0.0,0,0,0.0,0.0,0,0,0.0,10294.65,3,3,1.0,10294.65,3,3,1.0,0
LGS2ORD0010093,C017083,2025-03-21 22:00:00,Male,31,Bronze,Web,Chiang Mai,1066,TV_Show,Credit_Card,22,3,4,0,30-40,35.53333333333333,3.0,1.0,0.3333333333333333,66,45,2964.593333333333,0.18,1.0,0.0,0.0,0.0,0,0,0.0,0.0,0,0,0.0,8893.779999999999,3,1,0.3333333333333333,8893.779999999999,3,1,0.3333333333333333,0
LGS2ORD0010094,C014074,2025-03-21 22:00:00,Male,37,Gold,CallCenter,Bangkok,99,Web,COD,22,3,4,0,30-40,3.3,1.0,1.0,1.0,0,8,5172.57,0.33,1.0,1.0,0.0,0.0,0,0,0.0,5172.57,1,1,1.0,5172.57,1,1,1.0,5172.57,1,1,1.0,0
LGS2ORD0010095,C013312,2025-03-21 23:00:00,Male,58,Gold,TV,Chonburi,753,TV_Show,COD,23,3,4,0,>50,25.1,0.0,0.0,0.0,-1,-1,0.0,0.0,0.0,0.0,0.0,0.0,0,0,0.0,0.0,0,0,0.0,0.0,0,0,0.0,0.0,0,0,0.0,0
LGS2ORD0010096,C014172,2025-03-21 23:00:00,Female,42,Silver,TV,Nakhon Ratchasima,899,Shopee,PromptPay,23,3,4,0,40-50,29.966666666666665,0.0,0.0,0.0,-1,-1,0.0,0.0,0.0,0.0,0.0,0.0,0,0,0.0,0.0,0,0,0.0,0.0,0,0,0.0,0.0,0,0,0.0,0
LGS2ORD0010097,C015484,2025-03-21 23:00:00,Female,47,Silver,TV,Chonburi,768,Shopee,PromptPay,23,3,4,0,40-50,25.6,2.0,0.0,0.0,-1,42,1071.4850000000001,0.2,1.0,0.0,0.0,0.0,0,0,0.0,0.0,0,0,0.0,2142.9700000000003,2,0,0.0,2142.9700000000003,2,0,0.0,0
LGS2ORD0010098,C015881,2025-03-21 23:00:00,Male,54,Bronze,Lazada,Nakhon Ratchasima,1525,Lazada,PromptPay,23,3,4,0,>50,50.833333333333336,0.0,0.0,0.0,-1,-1,0.0,0.0,0.0,0.0,0.0,0.0,0,0,0.0,0.0,0,0,0.0,0.0,0,0,0.0,0.0,0,0,0.0,0
LGS2ORD0010099,C015567,2025-03-21 23:00:00,Female,72,Bronze,Shopee,Chonburi,1256,CallCenter,COD,23,3,4,0,>50,41.86666666666667,2.0,1.0,0.5,65,10,2841.6450000000004,0.18,0.5,0.0,0.0,0.0,0,0,0.0,1468.4,1,0,0.0,5683.290000000001,2,1,0.5,5683.290000000001,2,1,0.5,0
LGS2ORD0010100,C011748,2025-03-21 23:00:00,Female,29,Bronze,Shopee,Khon Kaen,1089,Lazada,Credit_Card,23,3,4,0,20-30,36.3,1.0,0.0,0.0,-1,21,886.3,0.13,0.0,0.0,0.0,0.0,0,0,0.0,886.3,1,0,0.0,886.3,1,0,0.0,886.3,1,0,0.0,0
LGS2ORD0010101,C013137,2025-03-22 00:00:00,Female,31,Gold,TV,Songkhla,516,CallCenter,PromptPay,0,3,5,1,30-40,17.2,2.0,1.0,0.5,31,4,2764.315,0.28,1.0,0.5,0.0,4315.58,1,0,0.0,4315.58,1,0,0.0,5528.63,2,1,0.5,5528.63,2,1,0.5,0
LGS2ORD0010102,C013344,2025-03-22 00:00:00,Female,56,Silver,Web,Remote_Area,1257,Shopee,COD,0,3,5,1,>50,41.9,2.0,1.0,0.5,45,59,2132.935,0.1,0.5,0.0,0.0,0.0,0,0,0.0,0.0,0,0,0.0,4265.87,2,1,0.5,4265.87,2,1,0.5,0
LGS2ORD0010103,C016660,2025-03-22 00:00:00,Male,36,Bronze,Web,Bangkok,1493,Lazada,PromptPay,0,3,5,1,30-40,49.766666666666666,0.0,0.0,0.0,-1,-1,0.0,0.0,0.0,0.0,0.0,0.0,0,0,0.0,0.0,0,0,0.0,0.0,0,0,0.0,0.0,0,0,0.0,0
LGS2ORD0010104,C014558,2025-03-22 00:00:00,Male,39,Bronze,Web,Remote_Area,371,TV_Show,Bank_Transfer,0,3,5,1,30-40,12.366666666666667,1.0,0.0,0.0,-1,44,3568.75,0.08,0.0,0.0,0.0,0.0,0,0,0.0,0.0,0,0,0.0,3568.75,1,0,0.0,3568.75,1,0,0.0,0
LGS2ORD0010105,C010912,2025-03-22 00:00:00,Male,40,Silver,Lazada,Khon Kaen,687,CallCenter,PromptPay,0,3,5,1,30-40,22.9,1.0,0.0,0.0,-1,33,17264.83,0.2,0.0,0.0,0.0,0.0,0,0,0.0,0.0,0,0,0.0,17264.83,1,0,0.0,17264.83,1,0,0.0,0
LGS2ORD0010106,C011006,2025-03-22 01:00:00,Female,30,Bronze,Shopee,Remote_Area,944,CallCenter,COD,1,3,5,1,20-30,31.466666666666665,0.0,0.0,0.0,-1,-1,0.0,0.0,0.0,0.0,0.0,0.0,0,0,0.0,0.0,0,0,0.0,0.0,0,0,0.0,0.0,0,0,0.0,1
LGS2ORD0010107,C013105,2025-03-22 01:00:00,Female,45,Bronze,Lazada,Nakhon Ratchasima,817,CallCenter,Bank_Transfer,1,3,5,1,40-50,27.233333333333334,0.0,0.0,0.0,-1,-1,0.0,0.0,0.0,0.0,0.0,0.0,0,0,0.0,0.0,0,0,0.0,0.0,0,0,0.0,0.0,0,0,0.0,0
LGS2ORD0010108,C010385,2025-03-22 01:00:00,Male,48,Silver,CallCenter,Bangkok,347,Lazada,PromptPay,1,3,5,1,40-50,11.566666666666666,2.0,0.0,0.0,-1,1,8975.720000000001,0.1,0.5,0.0,0.0,10898.79,1,0,0.0,17951.440000000002,2,0,0.0,17951.440000000002,2,0,0.0,17951.440000000002,2,0,0.0,0
LGS2ORD0010109,C014566,2025-03-22 01:00:00,Other,38,Bronze,TV,Bangkok,160,Shopee,Credit_Card,1,3,5,1,30-40,5.333333333333333,4.0,2.0,0.5,11,17,13282.182499999999,0.23,1.0,0.25,0.0,0.0,0,0,0.0,7013.08,1,1,1.0,53128.729999999996,4,2,0.5,53128.729999999996,4,2,0.5,0
LGS2ORD0010110,C012656,2025-03-22 01:00:00,Female,29,Silver,Shopee,Bangkok,838,Shopee,Credit_Card,1,3,5,1,20-30,27.933333333333334,2.0,0.0,0.0,-1,29,2509.035,0.2,0.0,0.0,0.0,0.0,0,0,0.0,568.84,1,0,0.0,5018.07,2,0,0.0,5018.07,2,0,0.0,0
LGS2ORD0010111,C016801,2025-03-22 02:00:00,Female,30,Gold,Web,Nakhon Ratchasima,538,Lazada,COD,2,3,5,1,20-30,17.933333333333334,2.0,0.0,0.0,-1,2,2901.485,0.13,0.5,0.0,0.0,4062.23,1,0,0.0,4062.23,1,0,0.0,5802.97,2,0,0.0,5802.97,2,0,0.0,1
LGS2ORD0010112,C012820,2025-03-22 02:00:00,Female,49,Silver,TV,Remote_Area,1524,Shopee,PromptPay,2,3,5,1,40-50,50.8,1.0,0.0,0.0,-1,5,2734.96,0.05,0.0,0.0,0.0,2734.96,1,0,0.0,2734.96,1,0,0.0,2734.96,1,0,0.0,2734.96,1,0,0.0,1
LGS2ORD0010113,C014535,2025-03-22 02:00:00,Female,49,Bronze,Lazada,Bangkok,867,TV_Show,Credit_Card,2,3,5,1,40-50,28.9,0.0,0.0,0.0,-1,-1,0.0,0.0,0.0,0.0,0.0,0.0,0,0,0.0,0.0,0,0,0.0,0.0,0,0,0.0,0.0,0,0,0.0,0
LGS2ORD0010114,C014704,2025-03-22 02:00:00,Other,52,Bronze,Lazada,Bangkok,1537,Lazada,PromptPay,2,3,5,1,>50,51.233333333333334,0.0,0.0,0.0,-1,-1,0.0,0.0,0.0,0.0,0.0,0.0,0,0,0.0,0.0,0,0,0.0,0.0,0,0,0.0,0.0,0,0,0.0,1
LGS2ORD0010115,C017605,2025-03-22 02:00:00,Female,63,Silver,Web,Songkhla,666,TV_Show,COD,2,3,5,1,>50,22.2,0.0,0.0,0.0,-1,-1,0.0,0.0,0.0,0.0,0.0,0.0,0,0,0.0,0.0,0,0,0.0,0.0,0,0,0.0,0.0,0,0,0.0,1
LGS2ORD0010116,C015440,2025-03-22 02:00:00,Other,57,Bronze,Web,Phuket,774,Lazada,Credit_Card,2,3,5,1,>50,25.8,0.0,0.0,0.0,-1,-1,0.0,0.0,0.0,0.0,0.0,0.0,0,0,0.0,0.0,0,0,0.0,0.0,0,0,0.0,0.0,0,0,0.0,0
LGS2ORD0010117,C011921,2025-03-22 03:00:00,Other,39,Bronze,Web,Remote_Area,1036,TV_Show,COD,3,3,5,1,30-40,34.53333333333333,2.0,2.0,1.0,10,22,768.825,0.23,1.0,0.5,0.0,0.0,0,0,0.0,656.44,1,1,1.0,1537.65,2,2,1.0,1537.65,2,2,1.0,1
LGS2ORD0010118,C013055,2025-03-22 03:00:00,Female,27,Gold,Shopee,Chiang Mai,910,Lazada,Credit_Card,3,3,5,1,20-30,30.333333333333332,2.0,0.0,0.0,-1,6,3569.8199999999997,0.28,0.5,0.5,0.0,4536.79,1,0,0.0,4536.79,1,0,0.0,7139.639999999999,2,0,0.0,7139.639999999999,2,0,0.0,0
LGS2ORD0010119,C012698,2025-03-22 03:00:00,Male,38,Gold,Web,Bangkok,178,Web,Credit_Card,3,3,5,1,30-40,5.933333333333334,0.0,0.0,0.0,-1,-1,0.0,0.0,0.0,0.0,0.0,0.0,0,0,0.0,0.0,0,0,0.0,0.0,0,0,0.0,0.0,0,0,0.0,0
LGS2ORD0010120,C011963,2025-03-22 03:00:00,Male,35,Silver,TV,Chonburi,835,Shopee,COD,3,3,5,1,30-40,27.833333333333332,0.0,0.0,0.0,-1,-1,0.0,0.0,0.0,0.0,0.0,0.0,0,0,0.0,0.0,0,0,0.0,0.0,0,0,0.0,0.0,0,0,0.0,1
LGS2ORD0010121,C014495,2025-03-22 03:00:00,Male,40,Bronze,TV,Bangkok,972,Lazada,Credit_Card,3,3,5,1,30-40,32.4,0.0,0.0,0.0,-1,-1,0.0,0.0,0.0,0.0,0.0,0.0,0,0,0.0,0.0,0,0,0.0,0.0,0,0,0.0,0.0,0,0,0.0,0
LGS2ORD0010122,C010514,2025-03-22 04:00:00,Male,41,Bronze,Web,Khon Kaen,188,Web,Bank_Transfer,4,3,5,1,40-50,6.266666666666667,3.0,0.0,0.0,-1,3,4717.3,0.13,0.6666666666666666,0.0,0.0,3351.2,1,0,0.0,13281.36,2,0,0.0,14151.900000000001,3,0,0.0,14151.900000000001,3,0,0.0,0
LGS2ORD0010123,C016141,2025-03-22 04:00:00,Male,55,Silver,Lazada,Bangkok,679,Web,COD,4,3,5,1,>50,22.633333333333333,2.0,0.0,0.0,-1,70,1765.57,0.2,0.0,0.0,0.0,0.0,0,0,0.0,0.0,0,0,0.0,3531.14,2,0,0.0,3531.14,2,0,0.0,0
LGS2ORD0010124,C010411,2025-03-22 04:00:00,Female,34,Silver,Shopee,Bangkok,662,Lazada,COD,4,3,5,1,30-40,22.066666666666666,0.0,0.0,0.0,-1,-1,0.0,0.0,0.0,0.0,0.0,0.0,0,0,0.0,0.0,0,0,0.0,0.0,0,0,0.0,0.0,0,0,0.0,0
LGS2ORD0010125,C010043,2025-03-22 04:00:00,Female,20,Platinum,Web,Chonburi,415,TV_Show,PromptPay,4,3,5,1,<20,13.833333333333334,1.0,0.0,0.0,-1,14,1877.36,0.3,0.0,1.0,0.0,0.0,0,0,0.0,1877.36,1,0,0.0,1877.36,1,0,0.0,1877.36,1,0,0.0,0
LGS2ORD0010126,C013061,2025-03-22 04:00:00,Female,41,Silver,TV,Nakhon Ratchasima,1272,Web,PromptPay,4,3,5,1,40-50,42.4,1.0,0.0,0.0,-1,67,726.46,0.15,0.0,0.0,0.0,0.0,0,0,0.0,0.0,0,0,0.0,726.46,1,0,0.0,726.46,1,0,0.0,1
LGS2ORD0010127,C015999,2025-03-22 05:00:00,Male,40,Silver,Lazada,Remote_Area,231,Shopee,COD,5,3,5,1,30-40,7.7,1.0,1.0,1.0,53,62,749.79,0.3,1.0,1.0,0.0,0.0,0,0,0.0,0.0,0,0,0.0,749.79,1,1,1.0,749.79,1,1,1.0,0
LGS2ORD0010128,C010611,2025-03-22 05:00:00,Female,72,Bronze,Shopee,Songkhla,1268,TV_Show,Bank_Transfer,5,3,5,1,>50,42.266666666666666,2.0,0.0,0.0,-1,13,6473.075,0.13,0.5,0.0,0.0,0.0,0,0,0.0,10586.92,1,0,0.0,12946.15,2,0,0.0,12946.15,2,0,0.0,1
LGS2ORD0010129,C011027,2025-03-22 05:00:00,Female,46,Bronze,CallCenter,Phuket,927,CallCenter,Credit_Card,5,3,5,1,40-50,30.9,0.0,0.0,0.0,-1,-1,0.0,0.0,0.0,0.0,0.0,0.0,0,0,0.0,0.0,0,0,0.0,0.0,0,0,0.0,0.0,0,0,0.0,1
LGS2ORD0010130,C012062,2025-03-22 05:00:00,Male,25,Silver,Web,Chonburi,1456,Web,Credit_Card,5,3,5,1,20-30,48.53333333333333,1.0,0.0,0.0,-1,44,7540.89,0.2,0.0,0.0,0.0,0.0,0,0,0.0,0.0,0,0,0.0,7540.89,1,0,0.0,7540.89,1,0,0.0,0
LGS2ORD0010131,C012718,2025-03-22 05:00:00,Male,53,Bronze,TV,Remote_Area,264,TV_Show,PromptPay,5,3,5,1,>50,8.8,3.0,2.0,0.6666666666666666,0,10,8112.333333333333,0.23,1.0,0.3333333333333333,0.0,0.0,0,0,0.0,1996.07,1,1,1.0,24337.0,3,2,0.6666666666666666,24337.0,3,2,0.6666666666666666,1
LGS2ORD0010132,C015444,2025-03-22 06:00:00,Male,51,Bronze,TV,Bangkok,523,Web,COD,6,3,5,1,>50,17.433333333333334,1.0,0.0,0.0,-1,42,1644.92,0.18,0.0,0.0,0.0,0.0,0,0,0.0,0.0,0,0,0.0,1644.92,1,0,0.0,1644.92,1,0,0.0,1
LGS2ORD0010133,C012392,2025-03-22 06:00:00,Female,44,Bronze,CallCenter,Songkhla,970,CallCenter,COD,6,3,5,1,40-50,32.333333333333336,1.0,1.0,1.0,30,41,1176.09,0.08,1.0,0.0,0.0,0.0,0,0,0.0,0.0,0,0,0.0,1176.09,1,1,1.0,1176.09,1,1,1.0,0
LGS2ORD0010134,C011763,2025-03-22 06:00:00,Male,50,Silver,TV,Bangkok,862,Shopee,PromptPay,6,3,5,1,40-50,28.733333333333334,1.0,0.0,0.0,-1,67,609.25,0.05,1.0,0.0,0.0,0.0,0,0,0.0,0.0,0,0,0.0,609.25,1,0,0.0,609.25,1,0,0.0,0
LGS2ORD0010135,C010620,2025-03-22 06:00:00,Female,55,Silver,Web,Songkhla,711,Web,COD,6,3,5,1,>50,23.7,0.0,0.0,0.0,-1,-1,0.0,0.0,0.0,0.0,0.0,0.0,0,0,0.0,0.0,0,0,0.0,0.0,0,0,0.0,0.0,0,0,0.0,0
LGS2ORD0010136,C014685,2025-03-22 06:00:00,Other,52,Bronze,Shopee,Songkhla,826,Shopee,COD,6,3,5,1,>50,27.533333333333335,1.0,0.0,0.0,-1,9,1349.85,0.03,1.0,0.0,0.0,0.0,0,0,0.0,1349.85,1,0,0.0,1349.85,1,0,0.0,1349.85,1,0,0.0,1
LGS2ORD0010137,C013529,2025-03-22 06:00:00,Male,29,Bronze,CallCenter,Bangkok,813,TV_Show,COD,6,3,5,1,20-30,27.1,2.0,0.0,0.0,-1,41,4759.34,0.28,1.0,0.5,0.0,0.0,0,0,0.0,0.0,0,0,0.0,9518.68,2,0,0.0,9518.68,2,0,0.0,0
LGS2ORD0010138,C010036,2025-03-22 07:00:00,Female,31,Silver,Web,Chiang Mai,449,Web,Bank_Transfer,7,3,5,1,30-40,14.966666666666667,2.0,0.0,0.0,-1,44,2251.585,0.25,0.5,0.5,0.0,0.0,0,0,0.0,0.0,0,0,0.0,4503.17,2,0,0.0,4503.17,2,0,0.0,0
LGS2ORD0010139,C016308,2025-03-22 07:00:00,Female,25,Bronze,TV,Chonburi,1139,TV_Show,PromptPay,7,3,5,1,20-30,37.96666666666667,0.0,0.0,0.0,-1,-1,0.0,0.0,0.0,0.0,0.0,0.0,0,0,0.0,0.0,0,0,0.0,0.0,0,0,0.0,0.0,0,0,0.0,0
LGS2ORD0010140,C016292,2025-03-22 07:00:00,Male,35,Bronze,TV,Remote_Area,241,TV_Show,Credit_Card,7,3,5,1,30-40,8.033333333333333,1.0,0.0,0.0,-1,65,1768.15,0.08,0.0,0.0,0.0,0.0,0,0,0.0,0.0,0,0,0.0,1768.15,1,0,0.0,1768.15,1,0,0.0,0
LGS2ORD0010141,C016970,2025-03-22 07:00:00,Female,70,Bronze,Lazada,Chiang Mai,538,CallCenter,COD,7,3,5,1,>50,17.933333333333334,0.0,0.0,0.0,-1,-1,0.0,0.0,0.0,0.0,0.0,0.0,0,0,0.0,0.0,0,0,0.0,0.0,0,0,0.0,0.0,0,0,0.0,0
LGS2ORD0010142,C012850,2025-03-22 07:00:00,Female,21,Bronze,Lazada,Khon Kaen,404,Shopee,PromptPay,7,3,5,1,20-30,13.466666666666667,0.0,0.0,0.0,-1,-1,0.0,0.0,0.0,0.0,0.0,0.0,0,0,0.0,0.0,0,0,0.0,0.0,0,0,0.0,0.0,0,0,0.0,0
LGS2ORD0010143,C010775,2025-03-22 08:00:00,Male,40,Bronze,Lazada,Bangkok,555,TV_Show,COD,8,3,5,1,30-40,18.5,2.0,0.0,0.0,-1,18,7250.585,0.28,0.5,0.5,0.0,0.0,0,0,0.0,6239.68,1,0,0.0,14501.17,2,0,0.0,14501.17,2,0,0.0,1
LGS2ORD0010144,C015209,2025-03-22 08:00:00,Female,43,Bronze,Web,Nakhon Ratchasima,1100,Shopee,COD,8,3,5,1,40-50,36.666666666666664,3.0,1.0,0.3333333333333333,58,7,11049.050000000001,0.23,1.0,0.3333333333333333,0.0,0.0,0,0,0.0,1554.73,1,0,0.0,33147.15,3,1,0.3333333333333333,33147.15,3,1,0.3333333333333333,0
LGS2ORD0010145,C012976,2025-03-22 08:00:00,Female,51,Gold,TV,Remote_Area,142,Lazada,COD,8,3,5,1,>50,4.733333333333333,3.0,0.0,0.0,-1,9,2447.5699999999997,0.28,0.3333333333333333,0.3333333333333333,0.0,0.0,0,0,0.0,6143.73,1,0,0.0,7342.709999999999,3,0,0.0,7342.709999999999,3,0,0.0,0
LGS2ORD0010146,C010216,2025-03-22 08:00:00,Male,23,Bronze,Web,Bangkok,1039,Shopee,Bank_Transfer,8,3,5,1,20-30,34.63333333333333,4.0,0.0,0.0,-1,4,2139.5925,0.18,0.25,0.0,0.0,1897.95,1,0,0.0,3379.12,2,0,0.0,8558.37,4,0,0.0,8558.37,4,0,0.0,0
LGS2ORD0010147,C012648,2025-03-22 08:00:00,Male,47,Silver,TV,Khon Kaen,417,Shopee,COD,8,3,5,1,40-50,13.9,2.0,1.0,0.5,32,28,4976.18,0.05,0.5,0.0,0.0,0.0,0,0,0.0,3535.75,1,0,0.0,9952.36,2,1,0.5,9952.36,2,1,0.5,0
LGS2ORD0010148,C017677,2025-03-22 09:00:00,Female,38,Gold,TV,Chonburi,1283,TV_Show,COD,9,3,5,1,30-40,42.766666666666666,2.0,1.0,0.5,62,74,9055.085,0.28,0.0,1.0,0.0,0.0,0,0,0.0,0.0,0,0,0.0,18110.17,2,1,0.5,18110.17,2,1,0.5,0
LGS2ORD0010149,C012492,2025-03-22 09:00:00,Other,18,Platinum,Lazada,Bangkok,682,Shopee,Credit_Card,9,3,5,1,<20,22.733333333333334,2.0,1.0,0.5,39,22,11289.105,0.25,0.5,1.0,0.0,0.0,0,0,0.0,7241.7,1,0,0.0,22578.21,2,1,0.5,22578.21,2,1,0.5,0
LGS2ORD0010150,C016003,2025-03-22 09:00:00,Female,33,Bronze,TV,Bangkok,856,TV_Show,COD,9,3,5,1,30-40,28.533333333333335,2.0,1.0,0.5,65,74,6471.325,0.18,0.0,0.0,0.0,0.0,0,0,0.0,0.0,0,0,0.0,12942.65,2,1,0.5,12942.65,2,1,0.5,0
LGS2ORD0010151,C013388,2025-03-22 09:00:00,Other,58,Silver,Web,Bangkok,985,CallCenter,COD,9,3,5,1,>50,32.833333333333336,2.0,1.0,0.5,17,27,1416.8600000000001,0.15,0.5,0.0,0.0,0.0,0,0,0.0,1936.49,1,1,1.0,2833.7200000000003,2,1,0.5,2833.7200000000003,2,1,0.5,0
LGS2ORD0010152,C015552,2025-03-22 09:00:00,Female,44,Gold,Shopee,Remote_Area,563,Web,COD,9,3,5,1,40-50,18.766666666666666,3.0,1.0,0.3333333333333333,37,53,3340.2466666666664,0.08,0.3333333333333333,0.0,0.0,0.0,0,0,0.0,0.0,0,0,0.0,10020.74,3,1,0.3333333333333333,10020.74,3,1,0.3333333333333333,1
LGS2ORD0010153,C017498,2025-03-22 10:00:00,Other,28,Bronze,CallCenter,Remote_Area,646,Web,Bank_Transfer,10,3,5,1,20-30,21.533333333333335,1.0,0.0,0.0,-1,6,1862.55,0.03,1.0,0.0,0.0,1862.55,1,0,0.0,1862.55,1,0,0.0,1862.55,1,0,0.0,1862.55,1,0,0.0,0
LGS2ORD0010154,C012318,2025-03-22 10:00:00,Male,72,Bronze,TV,Chiang Mai,1194,Shopee,COD,10,3,5,1,>50,39.8,1.0,0.0,0.0,-1,42,6808.02,0.13,0.0,0.0,0.0,0.0,0,0,0.0,0.0,0,0,0.0,6808.02,1,0,0.0,6808.02,1,0,0.0,0
LGS2ORD0010155,C011658,2025-03-22 10:00:00,Female,27,Bronze,CallCenter,Bangkok,1510,Web,COD,10,3,5,1,20-30,50.333333333333336,2.0,0.0,0.0,-1,6,4614.375,0.13,0.5,0.0,0.0,3656.28,1,0,0.0,9228.75,2,0,0.0,9228.75,2,0,0.0,9228.75,2,0,0.0,0
LGS2ORD0010156,C013026,2025-03-22 10:00:00,Male,63,Bronze,Shopee,Bangkok,1520,Lazada,COD,10,3,5,1,>50,50.666666666666664,1.0,0.0,0.0,-1,51,1581.6,0.08,0.0,0.0,0.0,0.0,0,0,0.0,0.0,0,0,0.0,1581.6,1,0,0.0,1581.6,1,0,0.0,1
LGS2ORD0010157,C016898,2025-03-22 10:00:00,Female,49,Bronze,Shopee,Phuket,1347,Shopee,COD,10,3,5,1,40-50,44.9,6.0,1.0,0.16666666666666666,41,5,9186.723333333333,0.28,0.16666666666666666,0.3333333333333333,0.0,1622.77,1,0,0.0,6995.49,2,0,0.0,55120.34,6,1,0.16666666666666666,55120.34,6,1,0.16666666666666666,1
LGS2ORD0010158,C015914,2025-03-22 10:00:00,Male,18,Bronze,Shopee,Songkhla,214,Lazada,COD,10,3,5,1,<20,7.133333333333334,3.0,0.0,0.0,-1,26,2998.8366666666666,0.18,0.6666666666666666,0.0,0.0,0.0,0,0,0.0,4654.93,1,0,0.0,8996.51,3,0,0.0,8996.51,3,0,0.0,1
LGS2ORD0010159,C012291,2025-03-22 11:00:00,Male,47,Bronze,Shopee,Chonburi,1190,Lazada,COD,11,3,5,1,40-50,39.666666666666664,0.0,0.0,0.0,-1,-1,0.0,0.0,0.0,0.0,0.0,0.0,0,0,0.0,0.0,0,0,0.0,0.0,0,0,0.0,0.0,0,0,0.0,1
LGS2ORD0010160,C014268,2025-03-22 11:00:00,Male,47,Gold,Shopee,Bangkok,1510,TV_Show,COD,11,3,5,1,40-50,50.333333333333336,2.0,2.0,1.0,5,15,2901.765,0.33,1.0,1.0,0.0,0.0,0,0,0.0,5803.53,2,2,1.0,5803.53,2,2,1.0,5803.53,2,2,1.0,0
LGS2ORD0010161,C012368,2025-03-22 11:00:00,Male,45,Platinum,TV,Bangkok,1173,Lazada,COD,11,3,5,1,40-50,39.1,0.0,0.0,0.0,-1,-1,0.0,0.0,0.0,0.0,0.0,0.0,0,0,0.0,0.0,0,0,0.0,0.0,0,0,0.0,0.0,0,0,0.0,0
LGS2ORD0010162,C016183,2025-03-22 11:00:00,Male,38,Silver,Web,Chiang Mai,1416,Shopee,Credit_Card,11,3,5,1,30-40,47.2,1.0,0.0,0.0,-1,68,419.29,0.1,0.0,0.0,0.0,0.0,0,0,0.0,0.0,0,0,0.0,419.29,1,0,0.0,419.29,1,0,0.0,0
LGS2ORD0010163,C015825,2025-03-22 11:00:00,Female,26,Gold,Web,Khon Kaen,585,Shopee,PromptPay,11,3,5,1,20-30,19.5,1.0,0.0,0.0,-1,72,1317.82,0.08,0.0,0.0,0.0,0.0,0,0,0.0,0.0,0,0,0.0,1317.82,1,0,0.0,1317.82,1,0,0.0,0
LGS2ORD0010164,C017598,2025-03-22 12:00:00,Male,46,Silver,CallCenter,Chiang Mai,1503,TV_Show,Credit_Card,12,3,5,1,40-50,50.1,1.0,0.0,0.0,-1,37,3857.74,0.2,0.0,0.0,0.0,0.0,0,0,0.0,0.0,0,0,0.0,3857.74,1,0,0.0,3857.74,1,0,0.0,0
LGS2ORD0010165,C011974,2025-03-22 12:00:00,Male,37,Silver,TV,Khon Kaen,776,TV_Show,Credit_Card,12,3,5,1,30-40,25.866666666666667,2.0,0.0,0.0,-1,5,4152.925,0.2,0.0,0.0,0.0,666.31,1,0,0.0,666.31,1,0,0.0,8305.85,2,0,0.0,8305.85,2,0,0.0,1
LGS2ORD0010166,C014300,2025-03-22 12:00:00,Male,38,Platinum,CallCenter,Bangkok,1502,Shopee,Credit_Card,12,3,5,1,30-40,50.06666666666667,0.0,0.0,0.0,-1,-1,0.0,0.0,0.0,0.0,0.0,0.0,0,0,0.0,0.0,0,0,0.0,0.0,0,0,0.0,0.0,0,0,0.0,0
LGS2ORD0010167,C016519,2025-03-22 12:00:00,Male,44,Bronze,TV,Phuket,522,Shopee,Bank_Transfer,12,3,5,1,40-50,17.4,1.0,1.0,1.0,55,63,1905.46,0.23,0.0,1.0,0.0,0.0,0,0,0.0,0.0,0,0,0.0,1905.46,1,1,1.0,1905.46,1,1,1.0,0
LGS2ORD0010168,C017459,2025-03-22 12:00:00,Female,18,Gold,Web,Bangkok,1538,Lazada,COD,12,3,5,1,<20,51.266666666666666,1.0,0.0,0.0,-1,20,5543.01,0.28,0.0,1.0,0.0,0.0,0,0,0.0,5543.01,1,0,0.0,5543.01,1,0,0.0,5543.01,1,0,0.0,0
LGS2ORD0010169,C015224,2025-03-22 13:00:00,Female,30,Bronze,Web,Nakhon Ratchasima,387,Lazada,COD,13,3,5,1,20-30,12.9,2.0,0.0,0.0,-1,52,2220.835,0.23,1.0,1.0,0.0,0.0,0,0,0.0,0.0,0,0,0.0,4441.67,2,0,0.0,4441.67,2,0,0.0,0
LGS2ORD0010170,C016991,2025-03-22 13:00:00,Male,42,Bronze,TV,Remote_Area,449,TV_Show,COD,13,3,5,1,40-50,14.966666666666667,1.0,1.0,1.0,-8,4,19326.64,0.08,1.0,0.0,0.0,19326.64,1,1,1.0,19326.64,1,1,1.0,19326.64,1,1,1.0,19326.64,1,1,1.0,0
LGS2ORD0010171,C016041,2025-03-22 13:00:00,Male,38,Platinum,Shopee,Bangkok,440,TV_Show,Credit_Card,13,3,5,1,30-40,14.666666666666666,2.0,0.0,0.0,-1,4,2367.58,0.2,0.0,0.0,0.0,2698.89,1,0,0.0,4735.16,2,0,0.0,4735.16,2,0,0.0,4735.16,2,0,0.0,1
LGS2ORD0010172,C013804,2025-03-22 13:00:00,Male,61,Bronze,TV,Bangkok,455,Shopee,COD,13,3,5,1,>50,15.166666666666666,3.0,1.0,0.3333333333333333,27,45,3020.61,0.23,0.3333333333333333,0.3333333333333333,0.0,0.0,0,0,0.0,0.0,0,0,0.0,9061.83,3,1,0.3333333333333333,9061.83,3,1,0.3333333333333333,0
LGS2ORD0010173,C013770,2025-03-22 13:00:00,Male,46,Bronze,Shopee,Bangkok,1358,TV_Show,COD,13,3,5,1,40-50,45.266666666666666,0.0,0.0,0.0,-1,-1,0.0,0.0,0.0,0.0,0.0,0.0,0,0,0.0,0.0,0,0,0.0,0.0,0,0,0.0,0.0,0,0,0.0,1
LGS2ORD0010174,C015709,2025-03-22 14:00:00,Male,62,Silver,TV,Khon Kaen,1088,TV_Show,Credit_Card,14,3,5,1,>50,36.266666666666666,0.0,0.0,0.0,-1,-1,0.0,0.0,0.0,0.0,0.0,0.0,0,0,0.0,0.0,0,0,0.0,0.0,0,0,0.0,0.0,0,0,0.0,0
LGS2ORD0010175,C010807,2025-03-22 14:00:00,Male,45,Gold,Web,Chiang Mai,807,Shopee,COD,14,3,5,1,40-50,26.9,0.0,0.0,0.0,-1,-1,0.0,0.0,0.0,0.0,0.0,0.0,0,0,0.0,0.0,0,0,0.0,0.0,0,0,0.0,0.0,0,0,0.0,0
LGS2ORD0010176,C017245,2025-03-22 14:00:00,Male,60,Bronze,Shopee,Khon Kaen,246,Shopee,PromptPay,14,3,5,1,>50,8.2,2.0,1.0,0.5,38,30,3689.88,0.08,0.5,0.0,0.0,0.0,0,0,0.0,0.0,0,0,0.0,7379.76,2,1,0.5,7379.76,2,1,0.5,0
LGS2ORD0010177,C013817,2025-03-22 14:00:00,Male,57,Gold,Lazada,Bangkok,1179,Web,Bank_Transfer,14,3,5,1,>50,39.3,0.0,0.0,0.0,-1,-1,0.0,0.0,0.0,0.0,0.0,0.0,0,0,0.0,0.0,0,0,0.0,0.0,0,0,0.0,0.0,0,0,0.0,0
LGS2ORD0010178,C012483,2025-03-22 14:00:00,Male,36,Silver,TV,Khon Kaen,1530,Shopee,COD,14,3,5,1,30-40,51.0,3.0,1.0,0.3333333333333333,29,41,1826.2166666666665,0.25,0.3333333333333333,0.3333333333333333,0.0,0.0,0,0,0.0,0.0,0,0,0.0,5478.65,3,1,0.3333333333333333,5478.65,3,1,0.3333333333333333,0
LGS2ORD0010179,C010686,2025-03-22 14:00:00,Male,43,Bronze,TV,Chiang Mai,1459,Web,COD,14,3,5,1,40-50,48.63333333333333,2.0,1.0,0.5,0,2,3816.16,0.23,1.0,0.5,0.0,5611.59,1,0,0.0,7632.32,2,1,0.5,7632.32,2,1,0.5,7632.32,2,1,0.5,0
LGS2ORD0010180,C015827,2025-03-22 15:00:00,Female,32,Bronze,TV,Chiang Mai,709,Lazada,PromptPay,15,3,5,1,30-40,23.633333333333333,1.0,0.0,0.0,-1,78,7968.04,0.18,1.0,0.0,0.0,0.0,0,0,0.0,0.0,0,0,0.0,7968.04,1,0,0.0,7968.04,1,0,0.0,0
LGS2ORD0010181,C010212,2025-03-22 15:00:00,Male,51,Bronze,Web,Bangkok,1369,Lazada,COD,15,3,5,1,>50,45.63333333333333,4.0,2.0,0.5,42,3,14651.297500000002,0.28,0.75,0.75,0.0,916.43,1,0,0.0,916.43,1,0,0.0,58605.19000000001,4,2,0.5,58605.19000000001,4,2,0.5,0
LGS2ORD0010182,C010854,2025-03-22 15:00:00,Other,45,Bronze,CallCenter,Bangkok,1440,Lazada,Credit_Card,15,3,5,1,40-50,48.0,0.0,0.0,0.0,-1,-1,0.0,0.0,0.0,0.0,0.0,0.0,0,0,0.0,0.0,0,0,0.0,0.0,0,0,0.0,0.0,0,0,0.0,0
LGS2ORD0010183,C010589,2025-03-22 15:00:00,Male,40,Bronze,Web,Songkhla,1141,Lazada,COD,15,3,5,1,30-40,38.03333333333333,1.0,1.0,1.0,17,23,4694.85,0.18,0.0,0.0,0.0,0.0,0,0,0.0,4694.85,1,1,1.0,4694.85,1,1,1.0,4694.85,1,1,1.0,0
LGS2ORD0010184,C017696,2025-03-22 15:00:00,Male,40,Silver,TV,Bangkok,1164,Web,Credit_Card,15,3,5,1,30-40,38.8,2.0,2.0,1.0,-2,5,8439.9,0.2,1.0,0.0,0.0,5607.83,1,1,1.0,5607.83,1,1,1.0,16879.8,2,2,1.0,16879.8,2,2,1.0,0
LGS2ORD0010185,C014732,2025-03-22 16:00:00,Female,54,Bronze,Web,Chonburi,1511,Shopee,COD,16,3,5,1,>50,50.36666666666667,1.0,0.0,0.0,-1,55,443.68,0.03,0.0,0.0,0.0,0.0,0,0,0.0,0.0,0,0,0.0,443.68,1,0,0.0,443.68,1,0,0.0,1
LGS2ORD0010186,C011391,2025-03-22 16:00:00,Male,50,Bronze,Web,Bangkok,485,CallCenter,COD,16,3,5,1,40-50,16.166666666666668,1.0,0.0,0.0,-1,29,1094.69,0.13,0.0,0.0,0.0,0.0,0,0,0.0,1094.69,1,0,0.0,1094.69,1,0,0.0,1094.69,1,0,0.0,0
LGS2ORD0010187,C017544,2025-03-22 16:00:00,Female,51,Bronze,CallCenter,Bangkok,755,Web,PromptPay,16,3,5,1,>50,25.166666666666668,2.0,0.0,0.0,-1,27,3767.33,0.23,0.5,0.5,0.0,0.0,0,0,0.0,6077.51,1,0,0.0,7534.66,2,0,0.0,7534.66,2,0,0.0,1
LGS2ORD0010188,C016254,2025-03-22 16:00:00,Male,29,Silver,TV,Chiang Mai,831,Shopee,Credit_Card,16,3,5,1,20-30,27.7,0.0,0.0,0.0,-1,-1,0.0,0.0,0.0,0.0,0.0,0.0,0,0,0.0,0.0,0,0,0.0,0.0,0,0,0.0,0.0,0,0,0.0,0
LGS2ORD0010189,C015579,2025-03-22 16:00:00,Male,48,Platinum,Web,Phuket,570,Web,PromptPay,16,3,5,1,40-50,19.0,0.0,0.0,0.0,-1,-1,0.0,0.0,0.0,0.0,0.0,0.0,0,0,0.0,0.0,0,0,0.0,0.0,0,0,0.0,0.0,0,0,0.0,0
LGS2ORD0010190,C012835,2025-03-22 17:00:00,Male,56,Bronze,Shopee,Remote_Area,1085,Web,PromptPay,17,3,5,1,>50,36.166666666666664,1.0,0.0,0.0,-1,78,1300.51,0.23,0.0,1.0,0.0,0.0,0,0,0.0,0.0,0,0,0.0,1300.51,1,0,0.0,1300.51,1,0,0.0,1
LGS2ORD0010191,C016697,2025-03-22 17:00:00,Male,37,Bronze,Lazada,Chiang Mai,595,Lazada,PromptPay,17,3,5,1,30-40,19.833333333333332,0.0,0.0,0.0,-1,-1,0.0,0.0,0.0,0.0,0.0,0.0,0,0,0.0,0.0,0,0,0.0,0.0,0,0,0.0,0.0,0,0,0.0,0
LGS2ORD0010192,C017826,2025-03-22 17:00:00,Female,30,Bronze,CallCenter,Remote_Area,282,Lazada,COD,17,3,5,1,20-30,9.4,0.0,0.0,0.0,-1,-1,0.0,0.0,0.0,0.0,0.0,0.0,0,0,0.0,0.0,0,0,0.0,0.0,0,0,0.0,0.0,0,0,0.0,1
LGS2ORD0010193,C010210,2025-03-22 17:00:00,Female,42,Gold,Lazada,Chonburi,715,Shopee,Credit_Card,17,3,5,1,40-50,23.833333333333332,3.0,1.0,0.3333333333333333,39,37,4314.883333333333,0.28,0.3333333333333333,0.6666666666666666,0.0,0.0,0,0,0.0,0.0,0,0,0.0,12944.65,3,1,0.3333333333333333,12944.65,3,1,0.3333333333333333,0
LGS2ORD0010194,C017313,2025-03-22 17:00:00,Male,48,Gold,CallCenter,Songkhla,405,Lazada,COD,17,3,5,1,40-50,13.5,1.0,1.0,1.0,3,12,1895.55,0.08,1.0,0.0,0.0,0.0,0,0,0.0,1895.55,1,1,1.0,1895.55,1,1,1.0,1895.55,1,1,1.0,1
LGS2ORD0010195,C017858,2025-03-22 18:00:00,Male,30,Silver,TV,Remote_Area,272,TV_Show,COD,18,3,5,1,20-30,9.066666666666666,0.0,0.0,0.0,-1,-1,0.0,0.0,0.0,0.0,0.0,0.0,0,0,0.0,0.0,0,0,0.0,0.0,0,0,0.0,0.0,0,0,0.0,1
LGS2ORD0010196,C014849,2025-03-22 18:00:00,Female,64,Bronze,TV,Songkhla,1366,Shopee,COD,18,3,5,1,>50,45.53333333333333,0.0,0.0,0.0,-1,-1,0.0,0.0,0.0,0.0,0.0,0.0,0,0,0.0,0.0,0,0,0.0,0.0,0,0,0.0,0.0,0,0,0.0,0
LGS2ORD0010197,C017224,2025-03-22 18:00:00,Female,43,Gold,Shopee,Chiang Mai,747,CallCenter,COD,18,3,5,1,40-50,24.9,1.0,0.0,0.0,-1,37,2038.79,0.13,0.0,0.0,0.0,0.0,0,0,0.0,0.0,0,0,0.0,2038.79,1,0,0.0,2038.79,1,0,0.0,0
LGS2ORD0010198,C012013,2025-03-22 18:00:00,Female,52,Silver,CallCenter,Chiang Mai,154,CallCenter,COD,18,3,5,1,>50,5.133333333333334,1.0,1.0,1.0,7,17,3219.01,0.1,1.0,0.0,0.0,0.0,0,0,0.0,3219.01,1,1,1.0,3219.01,1,1,1.0,3219.01,1,1,1.0,0
LGS2ORD0010199,C012326,2025-03-22 18:00:00,Male,39,Gold,TV,Khon Kaen,718,Shopee,Bank_Transfer,18,3,5,1,30-40,23.933333333333334,1.0,1.0,1.0,4,18,2001.35,0.08,1.0,0.0,0.0,0.0,0,0,0.0,2001.35,1,1,1.0,2001.35,1,1,1.0,2001.35,1,1,1.0,0
LGS2ORD0010200,C011277,2025-03-22 18:00:00,Other,40,Silver,Lazada,Bangkok,804,Shopee,COD,18,3,5,1,30-40,26.8,1.0,0.0,0.0,-1,27,4263.68,0.05,0.0,0.0,0.0,0.0,0,0,0.0,4263.68,1,0,0.0,4263.68,1,0,0.0,4263.68,1,0,0.0,1
LGS2ORD0010201,C011568,2025-03-22 19:00:00,Female,43,Bronze,Web,Remote_Area,323,Lazada,Bank_Transfer,19,3,5,1,40-50,10.766666666666667,3.0,1.0,0.3333333333333333,57,39,8132.4800000000005,0.23,0.6666666666666666,0.3333333333333333,0.0,0.0,0,0,0.0,0.0,0,0,0.0,24397.440000000002,3,1,0.3333333333333333,24397.440000000002,3,1,0.3333333333333333,0
LGS2ORD0010202,C014297,2025-03-22 19:00:00,Female,44,Silver,Web,Bangkok,1290,Shopee,COD,19,3,5,1,40-50,43.0,2.0,1.0,0.5,32,39,2735.69,0.2,0.5,0.0,0.0,0.0,0,0,0.0,0.0,0,0,0.0,5471.38,2,1,0.5,5471.38,2,1,0.5,0
LGS2ORD0010203,C012785,2025-03-22 19:00:00,Male,46,Bronze,Lazada,Bangkok,384,Lazada,COD,19,3,5,1,40-50,12.8,0.0,0.0,0.0,-1,-1,0.0,0.0,0.0,0.0,0.0,0.0,0,0,0.0,0.0,0,0,0.0,0.0,0,0,0.0,0.0,0,0,0.0,1
LGS2ORD0010204,C015978,2025-03-22 19:00:00,Female,40,Bronze,Web,Bangkok,919,TV_Show,Credit_Card,19,3,5,1,30-40,30.633333333333333,1.0,0.0,0.0,-1,10,324.39,0.03,1.0,0.0,0.0,0.0,0,0,0.0,324.39,1,0,0.0,324.39,1,0,0.0,324.39,1,0,0.0,0
LGS2ORD0010205,C016807,2025-03-22 19:00:00,Female,18,Gold,TV,Bangkok,1430,CallCenter,COD,19,3,5,1,<20,47.666666666666664,1.0,1.0,1.0,26,38,4094.89,0.18,1.0,0.0,0.0,0.0,0,0,0.0,0.0,0,0,0.0,4094.89,1,1,1.0,4094.89,1,1,1.0,0
LGS2ORD0010206,C017874,2025-03-22 20:00:00,Female,57,Bronze,Shopee,Bangkok,1329,Lazada,COD,20,3,5,1,>50,44.3,0.0,0.0,0.0,-1,-1,0.0,0.0,0.0,0.0,0.0,0.0,0,0,0.0,0.0,0,0,0.0,0.0,0,0,0.0,0.0,0,0,0.0,0
LGS2ORD0010207,C013293,2025-03-22 20:00:00,Male,46,Bronze,TV,Bangkok,209,Shopee,COD,20,3,5,1,40-50,6.966666666666667,0.0,0.0,0.0,-1,-1,0.0,0.0,0.0,0.0,0.0,0.0,0,0,0.0,0.0,0,0,0.0,0.0,0,0,0.0,0.0,0,0,0.0,1
LGS2ORD0010208,C013595,2025-03-22 20:00:00,Female,52,Gold,Lazada,Nakhon Ratchasima,361,Lazada,PromptPay,20,3,5,1,>50,12.033333333333333,1.0,0.0,0.0,-1,35,10915.17,0.28,0.0,1.0,0.0,0.0,0,0,0.0,0.0,0,0,0.0,10915.17,1,0,0.0,10915.17,1,0,0.0,0
LGS2ORD0010209,C012260,2025-03-22 20:00:00,Female,51,Bronze,Lazada,Bangkok,795,CallCenter,Credit_Card,20,3,5,1,>50,26.5,2.0,0.0,0.0,-1,26,6287.919999999999,0.28,0.5,0.5,0.0,0.0,0,0,0.0,12406.38,1,0,0.0,12575.839999999998,2,0,0.0,12575.839999999998,2,0,0.0,0
LGS2ORD0010210,C014489,2025-03-22 20:00:00,Female,50,Gold,Lazada,Chonburi,951,Web,Bank_Transfer,20,3,5,1,40-50,31.7,1.0,0.0,0.0,-1,20,3688.67,0.08,1.0,0.0,0.0,0.0,0,0,0.0,3688.67,1,0,0.0,3688.67,1,0,0.0,3688.67,1,0,0.0,0
LGS2ORD0010211,C014904,2025-03-22 21:00:00,Female,26,Platinum,CallCenter,Chiang Mai,143,Web,Bank_Transfer,21,3,5,1,20-30,4.766666666666667,1.0,0.0,0.0,-1,29,6411.62,0.2,0.0,0.0,0.0,0.0,0,0,0.0,6411.62,1,0,0.0,6411.62,1,0,0.0,6411.62,1,0,0.0,0
LGS2ORD0010212,C016237,2025-03-22 21:00:00,Female,40,Silver,CallCenter,Bangkok,1506,TV_Show,COD,21,3,5,1,30-40,50.2,2.0,0.0,0.0,-1,57,4020.75,0.1,0.0,0.0,0.0,0.0,0,0,0.0,0.0,0,0,0.0,8041.5,2,0,0.0,8041.5,2,0,0.0,0
LGS2ORD0010213,C017245,2025-03-22 21:00:00,Male,60,Bronze,Shopee,Khon Kaen,246,TV_Show,Bank_Transfer,21,3,5,1,>50,8.2,3.0,1.0,0.3333333333333333,38,0,8406.043333333333,0.18,0.3333333333333333,0.0,0.0,17838.37,1,0,0.0,17838.37,1,0,0.0,25218.129999999997,3,1,0.3333333333333333,25218.129999999997,3,1,0.3333333333333333,0
LGS2ORD0010214,C011587,2025-03-22 21:00:00,Female,22,Gold,Web,Bangkok,1292,Lazada,COD,21,3,5,1,20-30,43.06666666666667,1.0,0.0,0.0,-1,34,740.96,0.2299999999999999,1.0,1.0,0.0,0.0,0,0,0.0,0.0,0,0,0.0,740.96,1,0,0.0,740.96,1,0,0.0,0
LGS2ORD0010215,C010893,2025-03-22 21:00:00,Other,52,Silver,CallCenter,Nakhon Ratchasima,561,TV_Show,COD,21,3,5,1,>50,18.7,0.0,0.0,0.0,-1,-1,0.0,0.0,0.0,0.0,0.0,0.0,0,0,0.0,0.0,0,0,0.0,0.0,0,0,0.0,0.0,0,0,0.0,0
LGS2ORD0010216,C017741,2025-03-22 22:00:00,Male,34,Silver,Lazada,Chiang Mai,1487,Lazada,COD,22,3,5,1,30-40,49.56666666666667,2.0,1.0,0.5,67,21,9330.755000000001,0.1,0.5,0.0,0.0,0.0,0,0,0.0,14018.7,1,0,0.0,18661.510000000002,2,1,0.5,18661.510000000002,2,1,0.5,0
LGS2ORD0010217,C017830,2025-03-22 22:00:00,Male,50,Bronze,CallCenter,Phuket,1357,TV_Show,COD,22,3,5,1,40-50,45.233333333333334,2.0,1.0,0.5,39,38,17840.370000000003,0.23,1.0,0.5,0.0,0.0,0,0,0.0,0.0,0,0,0.0,35680.740000000005,2,1,0.5,35680.740000000005,2,1,0.5,1
LGS2ORD0010218,C017789,2025-03-22 22:00:00,Male,41,Platinum,Shopee,Songkhla,757,Lazada,Credit_Card,22,3,5,1,40-50,25.233333333333334,1.0,0.0,0.0,-1,57,1611.22,0.1,0.0,0.0,0.0,0.0,0,0,0.0,0.0,0,0,0.0,1611.22,1,0,0.0,1611.22,1,0,0.0,0
LGS2ORD0010219,C012439,2025-03-22 22:00:00,Male,51,Bronze,TV,Khon Kaen,1032,Web,COD,22,3,5,1,>50,34.4,4.0,2.0,0.5,27,36,1624.33,0.23,0.25,0.5,0.0,0.0,0,0,0.0,0.0,0,0,0.0,6497.32,4,2,0.5,6497.32,4,2,0.5,0
LGS2ORD0010220,C014205,2025-03-22 22:00:00,Male,35,Bronze,TV,Songkhla,171,Web,Bank_Transfer,22,3,5,1,30-40,5.7,2.0,1.0,0.5,66,17,2400.385,0.28,1.0,0.5,0.0,0.0,0,0,0.0,2694.88,1,0,0.0,4800.77,2,1,0.5,4800.77,2,1,0.5,1
LGS2ORD0010221,C013830,2025-03-22 22:00:00,Male,61,Gold,Lazada,Bangkok,470,TV_Show,Credit_Card,22,3,5,1,>50,15.666666666666666,2.0,0.0,0.0,-1,63,3278.79,0.28,0.5,1.0,0.0,0.0,0,0,0.0,0.0,0,0,0.0,6557.58,2,0,0.0,6557.58,2,0,0.0,0
LGS2ORD0010222,C010833,2025-03-22 23:00:00,Female,46,Silver,TV,Remote_Area,1254,TV_Show,COD,23,3,5,1,40-50,41.8,0.0,0.0,0.0,-1,-1,0.0,0.0,0.0,0.0,0.0,0.0,0,0,0.0,0.0,0,0,0.0,0.0,0,0,0.0,0.0,0,0,0.0,1
LGS2ORD0010223,C017818,2025-03-22 23:00:00,Male,53,Bronze,Shopee,Remote_Area,1095,CallCenter,Credit_Card,23,3,5,1,>50,36.5,2.0,1.0,0.5,54,26,4191.855,0.23,1.0,0.5,0.0,0.0,0,0,0.0,7860.28,1,0,0.0,8383.71,2,1,0.5,8383.71,2,1,0.5,0
LGS2ORD0010224,C014033,2025-03-22 23:00:00,Female,69,Silver,TV,Nakhon Ratchasima,435,Lazada,Credit_Card,23,3,5,1,>50,14.5,2.0,0.0,0.0,-1,14,5354.13,0.25,1.0,1.0,0.0,0.0,0,0,0.0,10708.26,2,0,0.0,10708.26,2,0,0.0,10708.26,2,0,0.0,0
LGS2ORD0010225,C014309,2025-03-22 23:00:00,Male,65,Bronze,Web,Khon Kaen,1237,CallCenter,Credit_Card,23,3,5,1,>50,41.233333333333334,0.0,0.0,0.0,-1,-1,0.0,0.0,0.0,0.0,0.0,0.0,0,0,0.0,0.0,0,0,0.0,0.0,0,0,0.0,0.0,0,0,0.0,1
LGS2ORD0010226,C010498,2025-03-22 23:00:00,Female,53,Bronze,Shopee,Bangkok,1198,Lazada,Bank_Transfer,23,3,5,1,>50,39.93333333333333,2.0,0.0,0.0,-1,25,4916.695,0.23,0.5,0.5,0.0,0.0,0,0,0.0,8033.67,1,0,0.0,9833.39,2,0,0.0,9833.39,2,0,0.0,0
LGS2ORD0010227,C010628,2025-03-23 00:00:00,Male,50,Bronze,Shopee,Songkhla,118,Shopee,COD,0,3,6,1,40-50,3.933333333333333,3.0,1.0,0.3333333333333333,62,73,3052.8766666666666,0.18,0.3333333333333333,0.0,0.0,0.0,0,0,0.0,0.0,0,0,0.0,9158.63,3,1,0.3333333333333333,9158.63,3,1,0.3333333333333333,1
LGS2ORD0010228,C013673,2025-03-23 00:00:00,Female,19,Gold,Web,Bangkok,1196,Shopee,Bank_Transfer,0,3,6,1,<20,39.86666666666667,0.0,0.0,0.0,-1,-1,0.0,0.0,0.0,0.0,0.0,0.0,0,0,0.0,0.0,0,0,0.0,0.0,0,0,0.0,0.0,0,0,0.0,0
LGS2ORD0010229,C010333,2025-03-23 00:00:00,Male,40,Silver,Web,Songkhla,531,Web,Credit_Card,0,3,6,1,30-40,17.7,3.0,1.0,0.3333333333333333,37,44,2073.483333333333,0.15,0.3333333333333333,0.0,0.0,0.0,0,0,0.0,0.0,0,0,0.0,6220.45,3,1,0.3333333333333333,6220.45,3,1,0.3333333333333333,1
LGS2ORD0010230,C014476,2025-03-23 00:00:00,Other,25,Silver,TV,Bangkok,722,Shopee,COD,0,3,6,1,20-30,24.066666666666666,1.0,1.0,1.0,15,19,2327.25,0.2,0.0,0.0,0.0,0.0,0,0,0.0,2327.25,1,1,1.0,2327.25,1,1,1.0,2327.25,1,1,1.0,0
LGS2ORD0010231,C015243,2025-03-23 00:00:00,Male,45,Bronze,TV,Songkhla,271,Web,COD,0,3,6,1,40-50,9.033333333333333,1.0,1.0,1.0,51,60,2281.1,0.18,1.0,0.0,0.0,0.0,0,0,0.0,0.0,0,0,0.0,2281.1,1,1,1.0,2281.1,1,1,1.0,1
LGS2ORD0010232,C016375,2025-03-23 01:00:00,Female,46,Bronze,TV,Khon Kaen,1319,Web,COD,1,3,6,1,40-50,43.96666666666667,1.0,0.0,0.0,-1,68,3235.48,0.03,1.0,0.0,0.0,0.0,0,0,0.0,0.0,0,0,0.0,3235.48,1,0,0.0,3235.48,1,0,0.0,0
LGS2ORD0010233,C013114,2025-03-23 01:00:00,Female,33,Gold,Shopee,Khon Kaen,697,CallCenter,COD,1,3,6,1,30-40,23.233333333333334,3.0,0.0,0.0,-1,30,4865.2733333333335,0.33,0.3333333333333333,0.6666666666666666,0.0,0.0,0,0,0.0,0.0,0,0,0.0,14595.82,3,0,0.0,14595.82,3,0,0.0,1
LGS2ORD0010234,C013846,2025-03-23 01:00:00,Male,52,Gold,TV,Nakhon Ratchasima,1358,Lazada,Bank_Transfer,1,3,6,1,>50,45.266666666666666,2.0,1.0,0.5,37,24,6042.185,0.33,1.0,0.5,0.0,0.0,0,0,0.0,11190.86,1,0,0.0,12084.37,2,1,0.5,12084.37,2,1,0.5,0
LGS2ORD0010235,C017210,2025-03-23 01:00:00,Male,47,Bronze,CallCenter,Phuket,1130,Shopee,Credit_Card,1,3,6,1,40-50,37.666666666666664,0.0,0.0,0.0,-1,-1,0.0,0.0,0.0,0.0,0.0,0.0,0,0,0.0,0.0,0,0,0.0,0.0,0,0,0.0,0.0,0,0,0.0,1
LGS2ORD0010236,C017269,2025-03-23 01:00:00,Female,51,Bronze,Web,Bangkok,1521,TV_Show,COD,1,3,6,1,>50,50.7,4.0,0.0,0.0,-1,4,4405.08,0.23,0.75,0.25,0.0,10468.71,1,0,0.0,10468.71,1,0,0.0,17620.32,4,0,0.0,17620.32,4,0,0.0,1
LGS2ORD0010237,C017990,2025-03-23 01:00:00,Male,36,Bronze,Shopee,Bangkok,1474,Web,PromptPay,1,3,6,1,30-40,49.13333333333333,1.0,0.0,0.0,-1,22,1905.49,0.08,1.0,0.0,0.0,0.0,0,0,0.0,1905.49,1,0,0.0,1905.49,1,0,0.0,1905.49,1,0,0.0,0
LGS2ORD0010238,C015387,2025-03-23 02:00:00,Male,47,Bronze,Shopee,Bangkok,364,Web,COD,2,3,6,1,40-50,12.133333333333333,0.0,0.0,0.0,-1,-1,0.0,0.0,0.0,0.0,0.0,0.0,0,0,0.0,0.0,0,0,0.0,0.0,0,0,0.0,0.0,0,0,0.0,0
LGS2ORD0010239,C011887,2025-03-23 02:00:00,Female,56,Gold,CallCenter,Bangkok,1217,Shopee,COD,2,3,6,1,>50,40.56666666666667,1.0,0.0,0.0,-1,65,12980.6,0.33,0.0,1.0,0.0,0.0,0,0,0.0,0.0,0,0,0.0,12980.6,1,0,0.0,12980.6,1,0,0.0,0
LGS2ORD0010240,C015680,2025-03-23 02:00:00,Male,66,Bronze,Shopee,Remote_Area,1095,TV_Show,COD,2,3,6,1,>50,36.5,1.0,0.0,0.0,-1,20,432.7,0.18,1.0,0.0,0.0,0.0,0,0,0.0,432.7,1,0,0.0,432.7,1,0,0.0,432.7,1,0,0.0,1
LGS2ORD0010241,C013913,2025-03-23 02:00:00,Male,41,Silver,TV,Bangkok,1496,TV_Show,COD,2,3,6,1,40-50,49.86666666666667,0.0,0.0,0.0,-1,-1,0.0,0.0,0.0,0.0,0.0,0.0,0,0,0.0,0.0,0,0,0.0,0.0,0,0,0.0,0.0,0,0,0.0,0
LGS2ORD0010242,C014078,2025-03-23 02:00:00,Female,42,Gold,TV,Khon Kaen,1151,TV_Show,COD,2,3,6,1,40-50,38.36666666666667,0.0,0.0,0.0,-1,-1,0.0,0.0,0.0,0.0,0.0,0.0,0,0,0.0,0.0,0,0,0.0,0.0,0,0,0.0,0.0,0,0,0.0,1
LGS2ORD0010243,C010683,2025-03-23 03:00:00,Male,50,Silver,Shopee,Khon Kaen,347,Web,Credit_Card,3,3,6,1,40-50,11.566666666666666,2.0,0.0,0.0,-1,30,13993.115,0.2,0.5,0.0,0.0,0.0,0,0,0.0,0.0,0,0,0.0,27986.23,2,0,0.0,27986.23,2,0,0.0,0
LGS2ORD0010244,C013176,2025-03-23 03:00:00,Male,56,Bronze,Shopee,Songkhla,731,TV_Show,COD,3,3,6,1,>50,24.366666666666667,1.0,1.0,1.0,2,17,858.6,0.18,1.0,0.0,0.0,0.0,0,0,0.0,858.6,1,1,1.0,858.6,1,1,1.0,858.6,1,1,1.0,0
LGS2ORD0010245,C017717,2025-03-23 03:00:00,Female,44,Bronze,TV,Chiang Mai,616,Lazada,COD,3,3,6,1,40-50,20.533333333333335,1.0,0.0,0.0,-1,50,8057.15,0.23,0.0,1.0,0.0,0.0,0,0,0.0,0.0,0,0,0.0,8057.15,1,0,0.0,8057.15,1,0,0.0,0
LGS2ORD0010246,C012878,2025-03-23 03:00:00,Female,63,Bronze,TV,Chonburi,495,TV_Show,COD,3,3,6,1,>50,16.5,3.0,1.0,0.3333333333333333,17,11,5024.2300000000005,0.23,1.0,0.3333333333333333,0.0,0.0,0,0,0.0,15072.69,3,1,0.3333333333333333,15072.69,3,1,0.3333333333333333,15072.69,3,1,0.3333333333333333,1
LGS2ORD0010247,C013452,2025-03-23 03:00:00,Male,43,Bronze,Web,Chiang Mai,1021,Lazada,Credit_Card,3,3,6,1,40-50,34.03333333333333,2.0,0.0,0.0,-1,17,5327.105,0.23,1.0,0.5,0.0,0.0,0,0,0.0,7716.22,1,0,0.0,10654.21,2,0,0.0,10654.21,2,0,0.0,0
LGS2ORD0010248,C015949,2025-03-23 04:00:00,Female,46,Bronze,TV,Nakhon Ratchasima,1054,Shopee,Credit_Card,4,3,6,1,40-50,35.13333333333333,1.0,0.0,0.0,-1,63,15716.06,0.08,1.0,0.0,0.0,0.0,0,0,0.0,0.0,0,0,0.0,15716.06,1,0,0.0,15716.06,1,0,0.0,0
LGS2ORD0010249,C010515,2025-03-23 04:00:00,Male,44,Bronze,TV,Bangkok,1135,Lazada,COD,4,3,6,1,40-50,37.833333333333336,0.0,0.0,0.0,-1,-1,0.0,0.0,0.0,0.0,0.0,0.0,0,0,0.0,0.0,0,0,0.0,0.0,0,0,0.0,0.0,0,0,0.0,0
LGS2ORD0010250,C016630,2025-03-23 04:00:00,Male,23,Bronze,TV,Phuket,1127,Lazada,Credit_Card,4,3,6,1,20-30,37.56666666666667,1.0,0.0,0.0,-1,47,4671.12,0.03,1.0,0.0,0.0,0.0,0,0,0.0,0.0,0,0,0.0,4671.12,1,0,0.0,4671.12,1,0,0.0,0
LGS2ORD0010251,C014146,2025-03-23 04:00:00,Female,37,Bronze,Lazada,Khon Kaen,839,TV_Show,COD,4,3,6,1,30-40,27.966666666666665,2.0,0.0,0.0,-1,5,7003.415000000001,0.18,0.5,0.0,0.0,4262.89,1,0,0.0,4262.89,1,0,0.0,14006.830000000002,2,0,0.0,14006.830000000002,2,0,0.0,0
LGS2ORD0010252,C013178,2025-03-23 04:00:00,Female,37,Silver,CallCenter,Remote_Area,145,CallCenter,Credit_Card,4,3,6,1,30-40,4.833333333333333,3.0,0.0,0.0,-1,4,3511.403333333333,0.05,0.3333333333333333,0.0,0.0,8395.91,1,0,0.0,8395.91,1,0,0.0,10534.21,3,0,0.0,10534.21,3,0,0.0,0
LGS2ORD0010253,C015070,2025-03-23 05:00:00,Female,60,Gold,TV,Bangkok,1263,Lazada,PromptPay,5,3,6,1,>50,42.1,0.0,0.0,0.0,-1,-1,0.0,0.0,0.0,0.0,0.0,0.0,0,0,0.0,0.0,0,0,0.0,0.0,0,0,0.0,0.0,0,0,0.0,0
LGS2ORD0010254,C012929,2025-03-23 05:00:00,Female,36,Silver,Lazada,Bangkok,584,Lazada,Bank_Transfer,5,3,6,1,30-40,19.466666666666665,1.0,0.0,0.0,-1,61,1918.72,0.05,0.0,0.0,0.0,0.0,0,0,0.0,0.0,0,0,0.0,1918.72,1,0,0.0,1918.72,1,0,0.0,0
LGS2ORD0010255,C015392,2025-03-23 05:00:00,Male,41,Bronze,TV,Bangkok,256,TV_Show,COD,5,3,6,1,40-50,8.533333333333333,1.0,0.0,0.0,-1,57,1112.53,0.13,1.0,0.0,0.0,0.0,0,0,0.0,0.0,0,0,0.0,1112.53,1,0,0.0,1112.53,1,0,0.0,0
LGS2ORD0010256,C011685,2025-03-23 05:00:00,Female,53,Gold,TV,Bangkok,1267,Shopee,Bank_Transfer,5,3,6,1,>50,42.233333333333334,0.0,0.0,0.0,-1,-1,0.0,0.0,0.0,0.0,0.0,0.0,0,0,0.0,0.0,0,0,0.0,0.0,0,0,0.0,0.0,0,0,0.0,0
LGS2ORD0010257,C017587,2025-03-23 05:00:00,Male,19,Gold,TV,Khon Kaen,559,Web,COD,5,3,6,1,<20,18.633333333333333,4.0,1.0,0.25,57,23,2376.9125,0.28,0.5,0.25,0.0,0.0,0,0,0.0,2829.45,1,0,0.0,9507.65,4,1,0.25,9507.65,4,1,0.25,1
LGS2ORD0010258,C015105,2025-03-23 05:00:00,Male,63,Bronze,Lazada,Chonburi,939,Shopee,COD,5,3,6,1,>50,31.3,2.0,1.0,0.5,54,14,7057.615,0.23,0.0,0.5,0.0,0.0,0,0,0.0,543.79,1,0,0.0,14115.23,2,1,0.5,14115.23,2,1,0.5,0
LGS2ORD0010259,C015996,2025-03-23 06:00:00,Other,55,Silver,Web,Bangkok,278,Shopee,COD,6,3,6,1,>50,9.266666666666667,3.0,1.0,0.3333333333333333,72,27,18681.7,0.2,0.0,0.0,0.0,0.0,0,0,0.0,40378.79,1,0,0.0,56045.100000000006,3,1,0.3333333333333333,56045.100000000006,3,1,0.3333333333333333,0
LGS2ORD0010260,C012245,2025-03-23 06:00:00,Female,22,Bronze,Web,Bangkok,1333,Lazada,COD,6,3,6,1,20-30,44.43333333333333,3.0,1.0,0.3333333333333333,-2,14,4420.589999999999,0.28,0.6666666666666666,0.6666666666666666,0.0,0.0,0,0,0.0,7866.26,2,1,0.5,13261.769999999999,3,1,0.3333333333333333,13261.769999999999,3,1,0.3333333333333333,0
LGS2ORD0010261,C014922,2025-03-23 06:00:00,Female,49,Bronze,Shopee,Chiang Mai,500,TV_Show,COD,6,3,6,1,40-50,16.666666666666668,2.0,0.0,0.0,-1,31,8333.615,0.28,0.0,1.0,0.0,0.0,0,0,0.0,0.0,0,0,0.0,16667.23,2,0,0.0,16667.23,2,0,0.0,0
LGS2ORD0010262,C013298,2025-03-23 06:00:00,Male,59,Bronze,CallCenter,Phuket,1223,Shopee,COD,6,3,6,1,>50,40.766666666666666,1.0,0.0,0.0,-1,72,2823.24,0.08,0.0,0.0,0.0,0.0,0,0,0.0,0.0,0,0,0.0,2823.24,1,0,0.0,2823.24,1,0,0.0,1
LGS2ORD0010263,C017151,2025-03-23 06:00:00,Female,29,Bronze,TV,Songkhla,1414,Shopee,Credit_Card,6,3,6,1,20-30,47.13333333333333,2.0,0.0,0.0,-1,38,5801.135,0.18,0.5,0.0,0.0,0.0,0,0,0.0,0.0,0,0,0.0,11602.27,2,0,0.0,11602.27,2,0,0.0,1
LGS2ORD0010264,C011147,2025-03-23 07:00:00,Male,54,Bronze,Shopee,Bangkok,1270,Web,PromptPay,7,3,6,1,>50,42.333333333333336,1.0,1.0,1.0,25,30,5649.41,0.23,1.0,1.0,0.0,0.0,0,0,0.0,0.0,0,0,0.0,5649.41,1,1,1.0,5649.41,1,1,1.0,0
LGS2ORD0010265,C010171,2025-03-23 07:00:00,Male,25,Platinum,Web,Khon Kaen,821,Shopee,Credit_Card,7,3,6,1,20-30,27.366666666666667,0.0,0.0,0.0,-1,-1,0.0,0.0,0.0,0.0,0.0,0.0,0,0,0.0,0.0,0,0,0.0,0.0,0,0,0.0,0.0,0,0,0.0,0
LGS2ORD0010266,C017543,2025-03-23 07:00:00,Female,34,Silver,Shopee,Chiang Mai,979,TV_Show,COD,7,3,6,1,30-40,32.63333333333333,0.0,0.0,0.0,-1,-1,0.0,0.0,0.0,0.0,0.0,0.0,0,0,0.0,0.0,0,0,0.0,0.0,0,0,0.0,0.0,0,0,0.0,0
LGS2ORD0010267,C015281,2025-03-23 07:00:00,Male,42,Bronze,TV,Chonburi,191,CallCenter,PromptPay,7,3,6,1,40-50,6.366666666666666,1.0,1.0,1.0,9,17,621.74,0.23,1.0,1.0,0.0,0.0,0,0,0.0,621.74,1,1,1.0,621.74,1,1,1.0,621.74,1,1,1.0,0
LGS2ORD0010268,C013918,2025-03-23 07:00:00,Female,69,Bronze,TV,Chonburi,1246,Lazada,COD,7,3,6,1,>50,41.53333333333333,2.0,1.0,0.5,71,71,5732.735000000001,0.18,0.5,0.0,0.0,0.0,0,0,0.0,0.0,0,0,0.0,11465.470000000001,2,1,0.5,11465.470000000001,2,1,0.5,0
LGS2ORD0010269,C012071,2025-03-23 08:00:00,Female,40,Silver,Lazada,Bangkok,921,Lazada,COD,8,3,6,1,30-40,30.7,0.0,0.0,0.0,-1,-1,0.0,0.0,0.0,0.0,0.0,0.0,0,0,0.0,0.0,0,0,0.0,0.0,0,0,0.0,0.0,0,0,0.0,0
LGS2ORD0010270,C016259,2025-03-23 08:00:00,Female,53,Silver,TV,Bangkok,957,Lazada,COD,8,3,6,1,>50,31.9,2.0,1.0,0.5,34,46,9001.805,0.2,0.5,0.0,0.0,0.0,0,0,0.0,0.0,0,0,0.0,18003.61,2,1,0.5,18003.61,2,1,0.5,0
LGS2ORD0010271,C016507,2025-03-23 08:00:00,Female,41,Bronze,TV,Chonburi,427,Shopee,PromptPay,8,3,6,1,40-50,14.233333333333333,4.0,3.0,0.75,23,9,1379.775,0.23,0.75,0.25,0.0,0.0,0,0,0.0,2574.23,1,0,0.0,5519.1,4,3,0.75,5519.1,4,3,0.75,0
LGS2ORD0010272,C015259,2025-03-23 08:00:00,Male,50,Silver,TV,Songkhla,1009,Lazada,PromptPay,8,3,6,1,40-50,33.63333333333333,0.0,0.0,0.0,-1,-1,0.0,0.0,0.0,0.0,0.0,0.0,0,0,0.0,0.0,0,0,0.0,0.0,0,0,0.0,0.0,0,0,0.0,0
LGS2ORD0010273,C014073,2025-03-23 08:00:00,Female,46,Silver,Web,Khon Kaen,613,CallCenter,Credit_Card,8,3,6,1,40-50,20.433333333333334,1.0,0.0,0.0,-1,36,2988.44,0.1,0.0,0.0,0.0,0.0,0,0,0.0,0.0,0,0,0.0,2988.44,1,0,0.0,2988.44,1,0,0.0,0
LGS2ORD0010274,C017898,2025-03-23 09:00:00,Female,45,Bronze,TV,Bangkok,929,Web,COD,9,3,6,1,40-50,30.966666666666665,2.0,0.0,0.0,-1,19,3350.5950000000003,0.23,0.5,0.5,0.0,0.0,0,0,0.0,6701.1900000000005,2,0,0.0,6701.1900000000005,2,0,0.0,6701.1900000000005,2,0,0.0,1
LGS2ORD0010275,C015008,2025-03-23 09:00:00,Male,51,Bronze,Lazada,Songkhla,882,TV_Show,COD,9,3,6,1,>50,29.4,4.0,2.0,0.5,34,11,4224.85,0.23,0.75,0.5,0.0,0.0,0,0,0.0,8191.53,1,0,0.0,16899.4,4,2,0.5,16899.4,4,2,0.5,0
LGS2ORD0010276,C017300,2025-03-23 09:00:00,Female,43,Bronze,TV,Songkhla,133,Lazada,Credit_Card,9,3,6,1,40-50,4.433333333333334,0.0,0.0,0.0,-1,-1,0.0,0.0,0.0,0.0,0.0,0.0,0,0,0.0,0.0,0,0,0.0,0.0,0,0,0.0,0.0,0,0,0.0,0
LGS2ORD0010277,C011272,2025-03-23 09:00:00,Other,43,Gold,Lazada,Khon Kaen,1376,TV_Show,Bank_Transfer,9,3,6,1,40-50,45.86666666666667,1.0,0.0,0.0,-1,43,621.86,0.08,0.0,0.0,0.0,0.0,0,0,0.0,0.0,0,0,0.0,621.86,1,0,0.0,621.86,1,0,0.0,0
LGS2ORD0010278,C012292,2025-03-23 09:00:00,Female,37,Gold,TV,Nakhon Ratchasima,1332,Lazada,COD,9,3,6,1,30-40,44.4,2.0,0.0,0.0,-1,30,2934.9,0.33,1.0,0.5,0.0,0.0,0,0,0.0,0.0,0,0,0.0,5869.8,2,0,0.0,5869.8,2,0,0.0,1
LGS2ORD0010279,C017354,2025-03-23 09:00:00,Male,52,Silver,Web,Songkhla,1224,TV_Show,COD,9,3,6,1,>50,40.8,0.0,0.0,0.0,-1,-1,0.0,0.0,0.0,0.0,0.0,0.0,0,0,0.0,0.0,0,0,0.0,0.0,0,0,0.0,0.0,0,0,0.0,1
LGS2ORD0010280,C014516,2025-03-23 10:00:00,Other,57,Bronze,Lazada,Chonburi,852,Shopee,COD,10,3,6,1,>50,28.4,1.0,1.0,1.0,42,50,5150.84,0.28,1.0,1.0,0.0,0.0,0,0,0.0,0.0,0,0,0.0,5150.84,1,1,1.0,5150.84,1,1,1.0,0
LGS2ORD0010281,C017760,2025-03-23 10:00:00,Female,72,Bronze,Shopee,Phuket,499,Shopee,COD,10,3,6,1,>50,16.633333333333333,0.0,0.0,0.0,-1,-1,0.0,0.0,0.0,0.0,0.0,0.0,0,0,0.0,0.0,0,0,0.0,0.0,0,0,0.0,0.0,0,0,0.0,1
LGS2ORD0010282,C015755,2025-03-23 10:00:00,Female,27,Gold,TV,Chonburi,689,Lazada,Credit_Card,10,3,6,1,20-30,22.966666666666665,2.0,1.0,0.5,47,31,10811.355,0.33,0.5,0.5,0.0,0.0,0,0,0.0,0.0,0,0,0.0,21622.71,2,1,0.5,21622.71,2,1,0.5,0
LGS2ORD0010283,C012866,2025-03-23 10:00:00,Female,43,Silver,Web,Chiang Mai,559,Web,Credit_Card,10,3,6,1,40-50,18.633333333333333,0.0,0.0,0.0,-1,-1,0.0,0.0,0.0,0.0,0.0,0.0,0,0,0.0,0.0,0,0,0.0,0.0,0,0,0.0,0.0,0,0,0.0,0
LGS2ORD0010284,C015604,2025-03-23 10:00:00,Female,47,Bronze,Web,Nakhon Ratchasima,397,CallCenter,Credit_Card,10,3,6,1,40-50,13.233333333333333,2.0,0.0,0.0,-1,42,1776.7849999999999,0.18,0.5,0.0,0.0,0.0,0,0,0.0,0.0,0,0,0.0,3553.5699999999997,2,0,0.0,3553.5699999999997,2,0,0.0,1
LGS2ORD0010285,C016580,2025-03-23 11:00:00,Female,32,Bronze,Web,Bangkok,490,TV_Show,COD,11,3,6,1,30-40,16.333333333333332,0.0,0.0,0.0,-1,-1,0.0,0.0,0.0,0.0,0.0,0.0,0,0,0.0,0.0,0,0,0.0,0.0,0,0,0.0,0.0,0,0,0.0,0
LGS2ORD0010286,C015953,2025-03-23 11:00:00,Female,27,Silver,Lazada,Chiang Mai,352,CallCenter,COD,11,3,6,1,20-30,11.733333333333333,1.0,0.0,0.0,-1,48,1023.13,0.15,1.0,0.0,0.0,0.0,0,0,0.0,0.0,0,0,0.0,1023.13,1,0,0.0,1023.13,1,0,0.0,1
LGS2ORD0010287,C011009,2025-03-23 11:00:00,Female,72,Silver,Shopee,Chonburi,1380,Lazada,COD,11,3,6,1,>50,46.0,0.0,0.0,0.0,-1,-1,0.0,0.0,0.0,0.0,0.0,0.0,0,0,0.0,0.0,0,0,0.0,0.0,0,0,0.0,0.0,0,0,0.0,0
LGS2ORD0010288,C016524,2025-03-23 11:00:00,Female,64,Platinum,CallCenter,Bangkok,1431,Shopee,COD,11,3,6,1,>50,47.7,3.0,2.0,0.6666666666666666,46,21,1914.6933333333334,0.3,0.6666666666666666,0.6666666666666666,0.0,0.0,0,0,0.0,1114.52,1,0,0.0,5744.08,3,2,0.6666666666666666,5744.08,3,2,0.6666666666666666,0
LGS2ORD0010289,C010332,2025-03-23 11:00:00,Female,41,Silver,TV,Chiang Mai,1471,Web,COD,11,3,6,1,40-50,49.03333333333333,3.0,1.0,0.3333333333333333,71,26,3438.0499999999997,0.1,0.3333333333333333,0.0,0.0,0.0,0,0,0.0,4577.91,1,0,0.0,10314.15,3,1,0.3333333333333333,10314.15,3,1,0.3333333333333333,0
LGS2ORD0010290,C013962,2025-03-23 12:00:00,Male,35,Bronze,Shopee,Chiang Mai,524,Shopee,PromptPay,12,3,6,1,30-40,17.466666666666665,3.0,1.0,0.3333333333333333,38,46,1677.4066666666668,0.18,0.6666666666666666,0.0,0.0,0.0,0,0,0.0,0.0,0,0,0.0,5032.22,3,1,0.3333333333333333,5032.22,3,1,0.3333333333333333,0
LGS2ORD0010291,C016512,2025-03-23 12:00:00,Female,25,Silver,Lazada,Bangkok,724,Web,PromptPay,12,3,6,1,20-30,24.133333333333333,1.0,0.0,0.0,-1,37,7723.04,0.05,1.0,0.0,0.0,0.0,0,0,0.0,0.0,0,0,0.0,7723.04,1,0,0.0,7723.04,1,0,0.0,0
LGS2ORD0010292,C017415,2025-03-23 12:00:00,Female,58,Bronze,Shopee,Songkhla,1428,TV_Show,COD,12,3,6,1,>50,47.6,3.0,1.0,0.3333333333333333,22,30,2176.31,0.18,0.6666666666666666,0.0,0.0,0.0,0,0,0.0,0.0,0,0,0.0,6528.93,3,1,0.3333333333333333,6528.93,3,1,0.3333333333333333,0
LGS2ORD0010293,C015400,2025-03-23 12:00:00,Female,71,Bronze,Shopee,Songkhla,817,CallCenter,PromptPay,12,3,6,1,>50,27.233333333333334,4.0,3.0,0.75,17,24,2865.8725,0.28,0.0,0.25,0.0,0.0,0,0,0.0,8962.14,2,2,1.0,11463.49,4,3,0.75,11463.49,4,3,0.75,1
LGS2ORD0010294,C016568,2025-03-23 12:00:00,Female,56,Bronze,TV,Remote_Area,169,Lazada,COD,12,3,6,1,>50,5.633333333333334,6.0,3.0,0.5,46,17,8760.910000000002,0.28,0.8333333333333334,0.5,0.0,0.0,0,0,0.0,7196.89,1,0,0.0,52565.46000000001,6,3,0.5,52565.46000000001,6,3,0.5,1
LGS2ORD0010295,C012203,2025-03-23 13:00:00,Male,54,Bronze,Shopee,Chonburi,1481,Shopee,Credit_Card,13,3,6,1,>50,49.36666666666667,0.0,0.0,0.0,-1,-1,0.0,0.0,0.0,0.0,0.0,0.0,0,0,0.0,0.0,0,0,0.0,0.0,0,0,0.0,0.0,0,0,0.0,0
LGS2ORD0010296,C011052,2025-03-23 13:00:00,Male,42,Silver,TV,Chonburi,644,Lazada,Credit_Card,13,3,6,1,40-50,21.466666666666665,1.0,0.0,0.0,-1,41,4675.33,0.2,1.0,0.0,0.0,0.0,0,0,0.0,0.0,0,0,0.0,4675.33,1,0,0.0,4675.33,1,0,0.0,0
LGS2ORD0010297,C015277,2025-03-23 13:00:00,Male,42,Bronze,Web,Bangkok,1349,Shopee,COD,13,3,6,1,40-50,44.96666666666667,2.0,0.0,0.0,-1,38,4452.06,0.28,0.5,0.5,0.0,0.0,0,0,0.0,0.0,0,0,0.0,8904.12,2,0,0.0,8904.12,2,0,0.0,0
LGS2ORD0010298,C014334,2025-03-23 13:00:00,Female,34,Gold,Web,Chonburi,1329,Lazada,COD,13,3,6,1,30-40,44.3,0.0,0.0,0.0,-1,-1,0.0,0.0,0.0,0.0,0.0,0.0,0,0,0.0,0.0,0,0,0.0,0.0,0,0,0.0,0.0,0,0,0.0,0
LGS2ORD0010299,C015237,2025-03-23 13:00:00,Other,30,Bronze,Web,Khon Kaen,1086,CallCenter,Credit_Card,13,3,6,1,20-30,36.2,2.0,1.0,0.5,0,8,3538.145,0.23,0.0,0.5,0.0,0.0,0,0,0.0,7076.29,2,1,0.5,7076.29,2,1,0.5,7076.29,2,1,0.5,0
LGS2ORD0010300,C013449,2025-03-23 13:00:00,Female,52,Bronze,Web,Chonburi,981,CallCenter,Credit_Card,13,3,6,1,>50,32.7,3.0,1.0,0.3333333333333333,15,24,5395.36,0.08,0.3333333333333333,0.0,0.0,0.0,0,0,0.0,1235.06,1,1,1.0,16186.08,3,1,0.3333333333333333,16186.08,3,1,0.3333333333333333,1
LGS2ORD0010301,C011708,2025-03-23 14:00:00,Male,44,Platinum,CallCenter,Chiang Mai,220,CallCenter,PromptPay,14,3,6,1,40-50,7.333333333333333,0.0,0.0,0.0,-1,-1,0.0,0.0,0.0,0.0,0.0,0.0,0,0,0.0,0.0,0,0,0.0,0.0,0,0,0.0,0.0,0,0,0.0,0
LGS2ORD0010302,C017841,2025-03-23 14:00:00,Female,72,Silver,TV,Phuket,351,TV_Show,COD,14,3,6,1,>50,11.7,1.0,0.0,0.0,-1,2,1493.6,0.05,1.0,0.0,0.0,1493.6,1,0,0.0,1493.6,1,0,0.0,1493.6,1,0,0.0,1493.6,1,0,0.0,0
LGS2ORD0010303,C010864,2025-03-23 14:00:00,Male,19,Bronze,Shopee,Khon Kaen,638,Shopee,Credit_Card,14,3,6,1,<20,21.266666666666666,0.0,0.0,0.0,-1,-1,0.0,0.0,0.0,0.0,0.0,0.0,0,0,0.0,0.0,0,0,0.0,0.0,0,0,0.0,0.0,0,0,0.0,0
LGS2ORD0010304,C014570,2025-03-23 14:00:00,Male,28,Bronze,Shopee,Bangkok,1126,Web,COD,14,3,6,1,20-30,37.53333333333333,1.0,0.0,0.0,-1,80,1573.18,0.03,0.0,0.0,0.0,0.0,0,0,0.0,0.0,0,0,0.0,1573.18,1,0,0.0,1573.18,1,0,0.0,0
LGS2ORD0010305,C017156,2025-03-23 14:00:00,Male,21,Bronze,TV,Nakhon Ratchasima,197,TV_Show,PromptPay,14,3,6,1,20-30,6.566666666666666,1.0,1.0,1.0,33,42,1078.2,0.08,0.0,0.0,0.0,0.0,0,0,0.0,0.0,0,0,0.0,1078.2,1,1,1.0,1078.2,1,1,1.0,0
LGS2ORD0010306,C010387,2025-03-23 15:00:00,Male,47,Bronze,Shopee,Phuket,829,CallCenter,COD,15,3,6,1,40-50,27.633333333333333,1.0,0.0,0.0,-1,57,3074.87,0.03,1.0,0.0,0.0,0.0,0,0,0.0,0.0,0,0,0.0,3074.87,1,0,0.0,3074.87,1,0,0.0,1
LGS2ORD0010307,C011629,2025-03-23 15:00:00,Male,52,Gold,CallCenter,Songkhla,1218,CallCenter,Credit_Card,15,3,6,1,>50,40.6,4.0,1.0,0.25,12,9,4210.1224999999995,0.33,1.0,0.5,0.0,0.0,0,0,0.0,11904.33,2,1,0.5,16840.489999999998,4,1,0.25,16840.489999999998,4,1,0.25,0
LGS2ORD0010308,C016932,2025-03-23 15:00:00,Female,43,Bronze,TV,Songkhla,1069,Lazada,COD,15,3,6,1,40-50,35.63333333333333,1.0,0.0,0.0,-1,11,7188.46,0.18,1.0,0.0,0.0,0.0,0,0,0.0,7188.46,1,0,0.0,7188.46,1,0,0.0,7188.46,1,0,0.0,1
LGS2ORD0010309,C015863,2025-03-23 15:00:00,Male,47,Bronze,TV,Khon Kaen,161,CallCenter,Credit_Card,15,3,6,1,40-50,5.366666666666666,1.0,1.0,1.0,59,70,705.7,0.28,1.0,1.0,0.0,0.0,0,0,0.0,0.0,0,0,0.0,705.7,1,1,1.0,705.7,1,1,1.0,1
LGS2ORD0010310,C013645,2025-03-23 15:00:00,Male,64,Silver,TV,Khon Kaen,1257,CallCenter,COD,15,3,6,1,>50,41.9,2.0,1.0,0.5,28,35,2885.67,0.25,0.0,0.5,0.0,0.0,0,0,0.0,0.0,0,0,0.0,5771.34,2,1,0.5,5771.34,2,1,0.5,0
LGS2ORD0010311,C015502,2025-03-23 16:00:00,Male,31,Platinum,Shopee,Phuket,318,Shopee,COD,16,3,6,1,30-40,10.6,0.0,0.0,0.0,-1,-1,0.0,0.0,0.0,0.0,0.0,0.0,0,0,0.0,0.0,0,0,0.0,0.0,0,0,0.0,0.0,0,0,0.0,0
LGS2ORD0010312,C010012,2025-03-23 16:00:00,Male,54,Bronze,Web,Songkhla,153,TV_Show,Bank_Transfer,16,3,6,1,>50,5.1,1.0,0.0,0.0,-1,47,12806.99,0.08,0.0,0.0,0.0,0.0,0,0,0.0,0.0,0,0,0.0,12806.99,1,0,0.0,12806.99,1,0,0.0,0
LGS2ORD0010313,C015797,2025-03-23 16:00:00,Female,41,Silver,Web,Remote_Area,509,Web,COD,16,3,6,1,40-50,16.966666666666665,0.0,0.0,0.0,-1,-1,0.0,0.0,0.0,0.0,0.0,0.0,0,0,0.0,0.0,0,0,0.0,0.0,0,0,0.0,0.0,0,0,0.0,0
LGS2ORD0010314,C010823,2025-03-23 16:00:00,Female,34,Silver,Web,Chonburi,505,Shopee,COD,16,3,6,1,30-40,16.833333333333332,0.0,0.0,0.0,-1,-1,0.0,0.0,0.0,0.0,0.0,0.0,0,0,0.0,0.0,0,0,0.0,0.0,0,0,0.0,0.0,0,0,0.0,1
LGS2ORD0010315,C013276,2025-03-23 16:00:00,Female,35,Bronze,Web,Phuket,971,CallCenter,Bank_Transfer,16,3,6,1,30-40,32.36666666666667,3.0,0.0,0.0,-1,5,3825.9200000000005,0.28,0.0,0.3333333333333333,0.0,3928.55,1,0,0.0,6886.58,2,0,0.0,11477.760000000002,3,0,0.0,11477.760000000002,3,0,0.0,1
LGS2ORD0010316,C012463,2025-03-23 17:00:00,Female,44,Platinum,TV,Khon Kaen,235,Web,COD,17,3,6,1,40-50,7.833333333333333,1.0,0.0,0.0,-1,36,2721.1,0.15,0.0,0.0,0.0,0.0,0,0,0.0,0.0,0,0,0.0,2721.1,1,0,0.0,2721.1,1,0,0.0,0
LGS2ORD0010317,C014612,2025-03-23 17:00:00,Female,42,Gold,Web,Bangkok,127,Web,COD,17,3,6,1,40-50,4.233333333333333,3.0,0.0,0.0,-1,6,3950.2666666666664,0.28,1.0,0.3333333333333333,0.0,1306.45,1,0,0.0,10413.66,2,0,0.0,11850.8,3,0,0.0,11850.8,3,0,0.0,0
LGS2ORD0010318,C015820,2025-03-23 17:00:00,Female,33,Platinum,Shopee,Songkhla,143,CallCenter,COD,17,3,6,1,30-40,4.766666666666667,4.0,1.0,0.25,18,34,4193.0,0.25,0.0,0.5,0.0,0.0,0,0,0.0,0.0,0,0,0.0,16772.0,4,1,0.25,16772.0,4,1,0.25,0
LGS2ORD0010319,C011434,2025-03-23 17:00:00,Male,53,Bronze,TV,Bangkok,113,CallCenter,PromptPay,17,3,6,1,>50,3.7666666666666666,5.0,2.0,0.4,21,3,3905.1400000000003,0.23,0.8,0.4,0.0,3026.86,1,0,0.0,10572.67,2,1,0.5,19525.7,5,2,0.4,19525.7,5,2,0.4,0
LGS2ORD0010320,C016883,2025-03-23 17:00:00,Male,28,Silver,Web,Bangkok,375,Shopee,Bank_Transfer,17,3,6,1,20-30,12.5,1.0,1.0,1.0,60,74,2199.13,0.25,1.0,1.0,0.0,0.0,0,0,0.0,0.0,0,0,0.0,2199.13,1,1,1.0,2199.13,1,1,1.0,0
LGS2ORD0010321,C017092,2025-03-23 17:00:00,Female,48,Gold,CallCenter,Nakhon Ratchasima,1110,CallCenter,Bank_Transfer,17,3,6,1,40-50,37.0,0.0,0.0,0.0,-1,-1,0.0,0.0,0.0,0.0,0.0,0.0,0,0,0.0,0.0,0,0,0.0,0.0,0,0,0.0,0.0,0,0,0.0,1
LGS2ORD0010322,C012870,2025-03-23 18:00:00,Male,55,Silver,Web,Bangkok,700,Shopee,PromptPay,18,3,6,1,>50,23.333333333333332,5.0,1.0,0.2,22,17,2831.0260000000003,0.3,0.4,0.2,0.0,0.0,0,0,0.0,10016.470000000001,3,1,0.3333333333333333,14155.130000000001,5,1,0.2,14155.130000000001,5,1,0.2,0
LGS2ORD0010323,C011155,2025-03-23 18:00:00,Male,33,Silver,Shopee,Songkhla,849,TV_Show,COD,18,3,6,1,30-40,28.3,0.0,0.0,0.0,-1,-1,0.0,0.0,0.0,0.0,0.0,0.0,0,0,0.0,0.0,0,0,0.0,0.0,0,0,0.0,0.0,0,0,0.0,0
LGS2ORD0010324,C017767,2025-03-23 18:00:00,Male,60,Bronze,Lazada,Phuket,403,TV_Show,Credit_Card,18,3,6,1,>50,13.433333333333334,0.0,0.0,0.0,-1,-1,0.0,0.0,0.0,0.0,0.0,0.0,0,0,0.0,0.0,0,0,0.0,0.0,0,0,0.0,0.0,0,0,0.0,0
LGS2ORD0010325,C010676,2025-03-23 18:00:00,Female,45,Silver,Web,Remote_Area,602,Web,Credit_Card,18,3,6,1,40-50,20.066666666666666,0.0,0.0,0.0,-1,-1,0.0,0.0,0.0,0.0,0.0,0.0,0,0,0.0,0.0,0,0,0.0,0.0,0,0,0.0,0.0,0,0,0.0,0
LGS2ORD0010326,C011487,2025-03-23 18:00:00,Female,31,Silver,Web,Remote_Area,1232,Lazada,Credit_Card,18,3,6,1,30-40,41.06666666666667,3.0,1.0,0.3333333333333333,66,16,6667.793333333332,0.25,0.3333333333333333,0.3333333333333333,0.0,0.0,0,0,0.0,1751.69,1,0,0.0,20003.379999999997,3,1,0.3333333333333333,20003.379999999997,3,1,0.3333333333333333,1
LGS2ORD0010327,C012839,2025-03-23 19:00:00,Male,28,Platinum,Web,Khon Kaen,403,CallCenter,Bank_Transfer,19,3,6,1,20-30,13.433333333333334,0.0,0.0,0.0,-1,-1,0.0,0.0,0.0,0.0,0.0,0.0,0,0,0.0,0.0,0,0,0.0,0.0,0,0,0.0,0.0,0,0,0.0,0
LGS2ORD0010328,C014678,2025-03-23 19:00:00,Male,62,Bronze,Shopee,Remote_Area,1474,Web,Bank_Transfer,19,3,6,1,>50,49.13333333333333,1.0,0.0,0.0,-1,21,14872.87,0.13,0.0,0.0,0.0,0.0,0,0,0.0,14872.87,1,0,0.0,14872.87,1,0,0.0,14872.87,1,0,0.0,0
LGS2ORD0010329,C011961,2025-03-23 19:00:00,Female,59,Gold,CallCenter,Bangkok,619,Web,Credit_Card,19,3,6,1,>50,20.633333333333333,2.0,0.0,0.0,-1,51,2953.31,0.18,0.5,0.0,0.0,0.0,0,0,0.0,0.0,0,0,0.0,5906.62,2,0,0.0,5906.62,2,0,0.0,0
LGS2ORD0010330,C012252,2025-03-23 19:00:00,Female,35,Bronze,TV,Bangkok,833,Lazada,Credit_Card,19,3,6,1,30-40,27.766666666666666,0.0,0.0,0.0,-1,-1,0.0,0.0,0.0,0.0,0.0,0.0,0,0,0.0,0.0,0,0,0.0,0.0,0,0,0.0,0.0,0,0,0.0,0
LGS2ORD0010331,C013233,2025-03-23 19:00:00,Female,32,Platinum,Lazada,Bangkok,1282,Web,COD,19,3,6,1,30-40,42.733333333333334,0.0,0.0,0.0,-1,-1,0.0,0.0,0.0,0.0,0.0,0.0,0,0,0.0,0.0,0,0,0.0,0.0,0,0,0.0,0.0,0,0,0.0,1
LGS2ORD0010332,C012101,2025-03-23 20:00:00,Female,62,Bronze,CallCenter,Songkhla,105,Web,Bank_Transfer,20,3,6,1,>50,3.5,0.0,0.0,0.0,-1,-1,0.0,0.0,0.0,0.0,0.0,0.0,0,0,0.0,0.0,0,0,0.0,0.0,0,0,0.0,0.0,0,0,0.0,1
LGS2ORD0010333,C010320,2025-03-23 20:00:00,Female,49,Gold,Web,Bangkok,727,CallCenter,COD,20,3,6,1,40-50,24.233333333333334,2.0,0.0,0.0,-1,18,5885.23,0.08,0.0,0.0,0.0,0.0,0,0,0.0,9475.99,1,0,0.0,11770.46,2,0,0.0,11770.46,2,0,0.0,0
LGS2ORD0010334,C012807,2025-03-23 20:00:00,Female,37,Gold,TV,Phuket,447,Web,COD,20,3,6,1,30-40,14.9,0.0,0.0,0.0,-1,-1,0.0,0.0,0.0,0.0,0.0,0.0,0,0,0.0,0.0,0,0,0.0,0.0,0,0,0.0,0.0,0,0,0.0,0
LGS2ORD0010335,C013580,2025-03-23 20:00:00,Male,37,Silver,Web,Khon Kaen,938,Lazada,COD,20,3,6,1,30-40,31.266666666666666,0.0,0.0,0.0,-1,-1,0.0,0.0,0.0,0.0,0.0,0.0,0,0,0.0,0.0,0,0,0.0,0.0,0,0,0.0,0.0,0,0,0.0,1
LGS2ORD0010336,C010015,2025-03-23 20:00:00,Female,46,Silver,Web,Songkhla,358,TV_Show,COD,20,3,6,1,40-50,11.933333333333334,0.0,0.0,0.0,-1,-1,0.0,0.0,0.0,0.0,0.0,0.0,0,0,0.0,0.0,0,0,0.0,0.0,0,0,0.0,0.0,0,0,0.0,0
LGS2ORD0010337,C017282,2025-03-23 20:00:00,Other,24,Silver,TV,Khon Kaen,256,Lazada,Bank_Transfer,20,3,6,1,20-30,8.533333333333333,0.0,0.0,0.0,-1,-1,0.0,0.0,0.0,0.0,0.0,0.0,0,0,0.0,0.0,0,0,0.0,0.0,0,0,0.0,0.0,0,0,0.0,1
LGS2ORD0010338,C012563,2025-03-23 21:00:00,Male,49,Silver,TV,Phuket,1514,Lazada,COD,21,3,6,1,40-50,50.46666666666667,0.0,0.0,0.0,-1,-1,0.0,0.0,0.0,0.0,0.0,0.0,0,0,0.0,0.0,0,0,0.0,0.0,0,0,0.0,0.0,0,0,0.0,0
LGS2ORD0010339,C012844,2025-03-23 21:00:00,Female,24,Bronze,TV,Chonburi,935,CallCenter,PromptPay,21,3,6,1,20-30,31.166666666666668,0.0,0.0,0.0,-1,-1,0.0,0.0,0.0,0.0,0.0,0.0,0,0,0.0,0.0,0,0,0.0,0.0,0,0,0.0,0.0,0,0,0.0,0
LGS2ORD0010340,C015194,2025-03-23 21:00:00,Female,34,Bronze,Web,Nakhon Ratchasima,140,Shopee,PromptPay,21,3,6,1,30-40,4.666666666666667,0.0,0.0,0.0,-1,-1,0.0,0.0,0.0,0.0,0.0,0.0,0,0,0.0,0.0,0,0,0.0,0.0,0,0,0.0,0.0,0,0,0.0,0
LGS2ORD0010341,C016043,2025-03-23 21:00:00,Male,69,Bronze,TV,Chonburi,844,Shopee,COD,21,3,6,1,>50,28.133333333333333,2.0,0.0,0.0,-1,2,3742.3149999999996,0.18,0.0,0.0,0.0,1570.85,1,0,0.0,7484.629999999999,2,0,0.0,7484.629999999999,2,0,0.0,7484.629999999999,2,0,0.0,0
LGS2ORD0010342,C013974,2025-03-23 21:00:00,Male,32,Bronze,TV,Bangkok,1342,Web,PromptPay,21,3,6,1,30-40,44.733333333333334,1.0,0.0,0.0,-1,23,5224.34,0.13,0.0,0.0,0.0,0.0,0,0,0.0,5224.34,1,0,0.0,5224.34,1,0,0.0,5224.34,1,0,0.0,1
LGS2ORD0010343,C012769,2025-03-23 22:00:00,Male,57,Bronze,TV,Remote_Area,1389,Lazada,COD,22,3,6,1,>50,46.3,0.0,0.0,0.0,-1,-1,0.0,0.0,0.0,0.0,0.0,0.0,0,0,0.0,0.0,0,0,0.0,0.0,0,0,0.0,0.0,0,0,0.0,1
LGS2ORD0010344,C012409,2025-03-23 22:00:00,Female,47,Silver,TV,Bangkok,288,TV_Show,PromptPay,22,3,6,1,40-50,9.6,2.0,0.0,0.0,-1,13,7635.635,0.25,1.0,0.5,0.0,0.0,0,0,0.0,1249.17,1,0,0.0,15271.27,2,0,0.0,15271.27,2,0,0.0,0
LGS2ORD0010345,C016586,2025-03-23 22:00:00,Male,47,Bronze,Web,Bangkok,250,TV_Show,COD,22,3,6,1,40-50,8.333333333333334,2.0,0.0,0.0,-1,33,1542.135,0.08,0.0,0.0,0.0,0.0,0,0,0.0,0.0,0,0,0.0,3084.27,2,0,0.0,3084.27,2,0,0.0,1
LGS2ORD0010346,C017964,2025-03-23 22:00:00,Male,49,Platinum,Shopee,Bangkok,1063,Lazada,PromptPay,22,3,6,1,40-50,35.43333333333333,2.0,0.0,0.0,-1,16,4485.07,0.1,0.5,0.0,0.0,0.0,0,0,0.0,1410.94,1,0,0.0,8970.14,2,0,0.0,8970.14,2,0,0.0,0
LGS2ORD0010347,C015796,2025-03-23 22:00:00,Male,60,Bronze,Lazada,Bangkok,102,Shopee,PromptPay,22,3,6,1,>50,3.4,1.0,0.0,0.0,-1,31,10251.22,0.03,0.0,0.0,0.0,0.0,0,0,0.0,0.0,0,0,0.0,10251.22,1,0,0.0,10251.22,1,0,0.0,0
LGS2ORD0010348,C016235,2025-03-23 23:00:00,Male,37,Bronze,Web,Chiang Mai,626,Web,COD,23,3,6,1,30-40,20.866666666666667,2.0,0.0,0.0,-1,46,7807.15,0.03,0.5,0.0,0.0,0.0,0,0,0.0,0.0,0,0,0.0,15614.3,2,0,0.0,15614.3,2,0,0.0,0
LGS2ORD0010349,C010944,2025-03-23 23:00:00,Female,41,Bronze,Lazada,Khon Kaen,973,Shopee,PromptPay,23,3,6,1,40-50,32.43333333333333,1.0,0.0,0.0,-1,12,4440.57,0.08,0.0,0.0,0.0,0.0,0,0,0.0,4440.57,1,0,0.0,4440.57,1,0,0.0,4440.57,1,0,0.0,0
LGS2ORD0010350,C012287,2025-03-23 23:00:00,Female,27,Bronze,Web,Bangkok,1083,Web,Credit_Card,23,3,6,1,20-30,36.1,1.0,0.0,0.0,-1,55,11915.83,0.13,0.0,0.0,0.0,0.0,0,0,0.0,0.0,0,0,0.0,11915.83,1,0,0.0,11915.83,1,0,0.0,0
LGS2ORD0010351,C015209,2025-03-23 23:00:00,Female,43,Bronze,Web,Nakhon Ratchasima,1101,Shopee,PromptPay,23,3,6,1,40-50,36.7,4.0,1.0,0.25,59,1,9839.045,0.23,1.0,0.25,0.0,6209.03,1,0,0.0,7763.76,2,0,0.0,39356.18,4,1,0.25,39356.18,4,1,0.25,1
LGS2ORD0010352,C011971,2025-03-23 23:00:00,Female,28,Bronze,TV,Songkhla,1227,Shopee,COD,23,3,6,1,20-30,40.9,3.0,2.0,0.6666666666666666,-2,8,12172.226666666667,0.28,0.3333333333333333,0.6666666666666666,0.0,0.0,0,0,0.0,9200.82,1,1,1.0,36516.68,3,2,0.6666666666666666,36516.68,3,2,0.6666666666666666,1
LGS2ORD0010353,C016649,2025-03-24 00:00:00,Female,41,Gold,TV,Chonburi,1027,Shopee,COD,0,3,0,0,40-50,34.233333333333334,0.0,0.0,0.0,-1,-1,0.0,0.0,0.0,0.0,0.0,0.0,0,0,0.0,0.0,0,0,0.0,0.0,0,0,0.0,0.0,0,0,0.0,0
LGS2ORD0010354,C013411,2025-03-24 00:00:00,Female,40,Gold,Web,Bangkok,1166,TV_Show,COD,0,3,0,0,30-40,38.86666666666667,2.0,0.0,0.0,-1,12,4551.825,0.2299999999999999,0.5,0.5,0.0,0.0,0,0,0.0,8620.06,1,0,0.0,9103.65,2,0,0.0,9103.65,2,0,0.0,0
LGS2ORD0010355,C010379,2025-03-24 00:00:00,Female,36,Silver,Lazada,Bangkok,1244,Shopee,COD,0,3,0,0,30-40,41.46666666666667,2.0,0.0,0.0,-1,31,3034.66,0.2,0.5,0.0,0.0,0.0,0,0,0.0,0.0,0,0,0.0,6069.32,2,0,0.0,6069.32,2,0,0.0,0
LGS2ORD0010356,C011590,2025-03-24 00:00:00,Male,70,Silver,CallCenter,Phuket,556,CallCenter,COD,0,3,0,0,>50,18.533333333333335,1.0,1.0,1.0,42,45,4258.66,0.05,1.0,0.0,0.0,0.0,0,0,0.0,0.0,0,0,0.0,4258.66,1,1,1.0,4258.66,1,1,1.0,0
LGS2ORD0010357,C010532,2025-03-24 00:00:00,Female,56,Bronze,TV,Phuket,106,CallCenter,COD,0,3,0,0,>50,3.533333333333333,0.0,0.0,0.0,-1,-1,0.0,0.0,0.0,0.0,0.0,0.0,0,0,0.0,0.0,0,0,0.0,0.0,0,0,0.0,0.0,0,0,0.0,1
LGS2ORD0010358,C014989,2025-03-24 00:00:00,Male,52,Gold,TV,Nakhon Ratchasima,878,Lazada,PromptPay,0,3,0,0,>50,29.266666666666666,2.0,0.0,0.0,-1,22,3135.2,0.2299999999999999,1.0,0.5,0.0,0.0,0,0,0.0,246.66,1,0,0.0,6270.4,2,0,0.0,6270.4,2,0,0.0,1
LGS2ORD0010359,C017378,2025-03-24 01:00:00,Male,36,Bronze,CallCenter,Chonburi,745,Shopee,COD,1,3,0,0,30-40,24.833333333333332,3.0,0.0,0.0,-1,8,3859.9500000000003,0.23,0.6666666666666666,0.3333333333333333,0.0,0.0,0,0,0.0,7410.93,1,0,0.0,11579.85,3,0,0.0,11579.85,3,0,0.0,0
LGS2ORD0010360,C014540,2025-03-24 01:00:00,Female,47,Bronze,TV,Chiang Mai,214,Web,COD,1,3,0,0,40-50,7.133333333333334,3.0,1.0,0.3333333333333333,56,5,4628.986666666667,0.18,0.6666666666666666,0.0,0.0,10994.6,1,0,0.0,10994.6,1,0,0.0,13886.96,3,1,0.3333333333333333,13886.96,3,1,0.3333333333333333,0
LGS2ORD0010361,C013360,2025-03-24 01:00:00,Other,38,Bronze,Web,Chiang Mai,1393,TV_Show,COD,1,3,0,0,30-40,46.43333333333333,0.0,0.0,0.0,-1,-1,0.0,0.0,0.0,0.0,0.0,0.0,0,0,0.0,0.0,0,0,0.0,0.0,0,0,0.0,0.0,0,0,0.0,1
LGS2ORD0010362,C013827,2025-03-24 01:00:00,Female,59,Bronze,TV,Khon Kaen,1011,Web,COD,1,3,0,0,>50,33.7,3.0,1.0,0.3333333333333333,32,35,2003.1333333333332,0.23,0.6666666666666666,0.3333333333333333,0.0,0.0,0,0,0.0,0.0,0,0,0.0,6009.4,3,1,0.3333333333333333,6009.4,3,1,0.3333333333333333,0
LGS2ORD0010363,C014791,2025-03-24 01:00:00,Male,26,Bronze,Lazada,Remote_Area,715,Web,COD,1,3,0,0,20-30,23.833333333333332,1.0,1.0,1.0,19,24,1750.2,0.18,1.0,0.0,0.0,0.0,0,0,0.0,1750.2,1,1,1.0,1750.2,1,1,1.0,1750.2,1,1,1.0,0
LGS2ORD0010364,C017980,2025-03-24 02:00:00,Female,49,Bronze,TV,Chiang Mai,756,CallCenter,Bank_Transfer,2,3,0,0,40-50,25.2,0.0,0.0,0.0,-1,-1,0.0,0.0,0.0,0.0,0.0,0.0,0,0,0.0,0.0,0,0,0.0,0.0,0,0,0.0,0.0,0,0,0.0,0
LGS2ORD0010365,C015361,2025-03-24 02:00:00,Female,46,Bronze,TV,Chonburi,862,CallCenter,COD,2,3,0,0,40-50,28.733333333333334,5.0,2.0,0.4,15,17,3240.6940000000004,0.23,0.8,0.2,0.0,0.0,0,0,0.0,1870.5900000000001,2,1,0.5,16203.470000000001,5,2,0.4,16203.470000000001,5,2,0.4,0
LGS2ORD0010366,C010409,2025-03-24 02:00:00,Female,57,Platinum,Web,Chiang Mai,1267,CallCenter,COD,2,3,0,0,>50,42.233333333333334,0.0,0.0,0.0,-1,-1,0.0,0.0,0.0,0.0,0.0,0.0,0,0,0.0,0.0,0,0,0.0,0.0,0,0,0.0,0.0,0,0,0.0,0
LGS2ORD0010367,C013825,2025-03-24 02:00:00,Male,46,Gold,Lazada,Bangkok,1373,Shopee,Credit_Card,2,3,0,0,40-50,45.766666666666666,0.0,0.0,0.0,-1,-1,0.0,0.0,0.0,0.0,0.0,0.0,0,0,0.0,0.0,0,0,0.0,0.0,0,0,0.0,0.0,0,0,0.0,0
LGS2ORD0010368,C016202,2025-03-24 02:00:00,Male,55,Gold,TV,Chonburi,826,Lazada,COD,2,3,0,0,>50,27.533333333333335,1.0,0.0,0.0,-1,51,2231.85,0.18,0.0,0.0,0.0,0.0,0,0,0.0,0.0,0,0,0.0,2231.85,1,0,0.0,2231.85,1,0,0.0,0
LGS2ORD0010369,C011581,2025-03-24 03:00:00,Male,59,Bronze,Lazada,Phuket,559,Lazada,Credit_Card,3,3,0,0,>50,18.633333333333333,0.0,0.0,0.0,-1,-1,0.0,0.0,0.0,0.0,0.0,0.0,0,0,0.0,0.0,0,0,0.0,0.0,0,0,0.0,0.0,0,0,0.0,1
LGS2ORD0010370,C015663,2025-03-24 03:00:00,Female,54,Bronze,CallCenter,Chiang Mai,1118,Web,COD,3,3,0,0,>50,37.266666666666666,1.0,0.0,0.0,-1,30,19835.15,0.03,0.0,0.0,0.0,0.0,0,0,0.0,19835.15,1,0,0.0,19835.15,1,0,0.0,19835.15,1,0,0.0,1
LGS2ORD0010371,C017914,2025-03-24 03:00:00,Male,32,Bronze,Web,Remote_Area,1404,Shopee,COD,3,3,0,0,30-40,46.8,2.0,1.0,0.5,64,22,9722.055,0.23,0.5,0.5,0.0,0.0,0,0,0.0,804.61,1,0,0.0,19444.11,2,1,0.5,19444.11,2,1,0.5,1
LGS2ORD0010372,C014265,2025-03-24 03:00:00,Female,32,Silver,Web,Bangkok,894,CallCenter,Credit_Card,3,3,0,0,30-40,29.8,1.0,1.0,1.0,62,77,8691.44,0.05,1.0,0.0,0.0,0.0,0,0,0.0,0.0,0,0,0.0,8691.44,1,1,1.0,8691.44,1,1,1.0,0
LGS2ORD0010373,C010771,2025-03-24 03:00:00,Other,50,Bronze,Shopee,Chonburi,1423,Lazada,Bank_Transfer,3,3,0,0,40-50,47.43333333333333,3.0,2.0,0.6666666666666666,0,13,4136.863333333334,0.28,1.0,0.6666666666666666,0.0,0.0,0,0,0.0,4147.51,1,1,1.0,12410.59,3,2,0.6666666666666666,12410.59,3,2,0.6666666666666666,0
LGS2ORD0010374,C011732,2025-03-24 04:00:00,Male,39,Bronze,Web,Chiang Mai,876,TV_Show,COD,4,3,0,0,30-40,29.2,2.0,2.0,1.0,17,21,5039.435,0.18,1.0,0.0,0.0,0.0,0,0,0.0,2451.52,1,1,1.0,10078.87,2,2,1.0,10078.87,2,2,1.0,0
LGS2ORD0010375,C016591,2025-03-24 04:00:00,Male,34,Bronze,Shopee,Remote_Area,812,Shopee,COD,4,3,0,0,30-40,27.066666666666666,0.0,0.0,0.0,-1,-1,0.0,0.0,0.0,0.0,0.0,0.0,0,0,0.0,0.0,0,0,0.0,0.0,0,0,0.0,0.0,0,0,0.0,0
LGS2ORD0010376,C013346,2025-03-24 04:00:00,Male,55,Silver,Shopee,Chonburi,612,Shopee,COD,4,3,0,0,>50,20.4,0.0,0.0,0.0,-1,-1,0.0,0.0,0.0,0.0,0.0,0.0,0,0,0.0,0.0,0,0,0.0,0.0,0,0,0.0,0.0,0,0,0.0,1
LGS2ORD0010377,C012324,2025-03-24 04:00:00,Male,42,Silver,Web,Chiang Mai,961,Shopee,COD,4,3,0,0,40-50,32.03333333333333,0.0,0.0,0.0,-1,-1,0.0,0.0,0.0,0.0,0.0,0.0,0,0,0.0,0.0,0,0,0.0,0.0,0,0,0.0,0.0,0,0,0.0,0
LGS2ORD0010378,C010141,2025-03-24 04:00:00,Female,30,Bronze,Web,Bangkok,204,TV_Show,Credit_Card,4,3,0,0,20-30,6.8,2.0,1.0,0.5,10,23,6039.719999999999,0.23,0.5,0.5,0.0,0.0,0,0,0.0,12079.439999999999,2,1,0.5,12079.439999999999,2,1,0.5,12079.439999999999,2,1,0.5,0
LGS2ORD0010379,C014419,2025-03-24 04:00:00,Female,35,Silver,Web,Bangkok,625,Web,Credit_Card,4,3,0,0,30-40,20.833333333333332,0.0,0.0,0.0,-1,-1,0.0,0.0,0.0,0.0,0.0,0.0,0,0,0.0,0.0,0,0,0.0,0.0,0,0,0.0,0.0,0,0,0.0,1
LGS2ORD0010380,C013539,2025-03-24 05:00:00,Male,18,Gold,Lazada,Bangkok,296,Lazada,COD,5,3,0,0,<20,9.866666666666667,1.0,0.0,0.0,-1,25,2781.73,0.18,0.0,0.0,0.0,0.0,0,0,0.0,2781.73,1,0,0.0,2781.73,1,0,0.0,2781.73,1,0,0.0,0
LGS2ORD0010381,C011342,2025-03-24 05:00:00,Female,34,Platinum,Lazada,Nakhon Ratchasima,1091,TV_Show,COD,5,3,0,0,30-40,36.36666666666667,0.0,0.0,0.0,-1,-1,0.0,0.0,0.0,0.0,0.0,0.0,0,0,0.0,0.0,0,0,0.0,0.0,0,0,0.0,0.0,0,0,0.0,1
LGS2ORD0010382,C013940,2025-03-24 05:00:00,Other,45,Gold,Shopee,Nakhon Ratchasima,361,CallCenter,Bank_Transfer,5,3,0,0,40-50,12.033333333333333,1.0,0.0,0.0,-1,6,3857.92,0.13,1.0,0.0,0.0,3857.92,1,0,0.0,3857.92,1,0,0.0,3857.92,1,0,0.0,3857.92,1,0,0.0,1
LGS2ORD0010383,C015647,2025-03-24 05:00:00,Other,46,Bronze,TV,Remote_Area,833,Web,Credit_Card,5,3,0,0,40-50,27.766666666666666,2.0,0.0,0.0,-1,5,6149.610000000001,0.18,0.0,0.0,0.0,4355.26,1,0,0.0,4355.26,1,0,0.0,12299.220000000001,2,0,0.0,12299.220000000001,2,0,0.0,1
LGS2ORD0010384,C010275,2025-03-24 05:00:00,Female,27,Platinum,TV,Nakhon Ratchasima,664,Shopee,COD,5,3,0,0,20-30,22.133333333333333,1.0,0.0,0.0,-1,12,6652.83,0.1,1.0,0.0,0.0,0.0,0,0,0.0,6652.83,1,0,0.0,6652.83,1,0,0.0,6652.83,1,0,0.0,0
LGS2ORD0010385,C016796,2025-03-24 06:00:00,Male,59,Gold,TV,Phuket,309,Web,Bank_Transfer,6,3,0,0,>50,10.3,0.0,0.0,0.0,-1,-1,0.0,0.0,0.0,0.0,0.0,0.0,0,0,0.0,0.0,0,0,0.0,0.0,0,0,0.0,0.0,0,0,0.0,0
LGS2ORD0010386,C011341,2025-03-24 06:00:00,Female,59,Bronze,Web,Bangkok,1001,Shopee,COD,6,3,0,0,>50,33.36666666666667,0.0,0.0,0.0,-1,-1,0.0,0.0,0.0,0.0,0.0,0.0,0,0,0.0,0.0,0,0,0.0,0.0,0,0,0.0,0.0,0,0,0.0,0
LGS2ORD0010387,C012567,2025-03-24 06:00:00,Male,18,Bronze,Lazada,Bangkok,585,CallCenter,Bank_Transfer,6,3,0,0,<20,19.5,0.0,0.0,0.0,-1,-1,0.0,0.0,0.0,0.0,0.0,0.0,0,0,0.0,0.0,0,0,0.0,0.0,0,0,0.0,0.0,0,0,0.0,0
LGS2ORD0010388,C017647,2025-03-24 06:00:00,Female,68,Silver,Lazada,Nakhon Ratchasima,891,Web,COD,6,3,0,0,>50,29.7,2.0,0.0,0.0,-1,7,4764.9,0.25,0.0,0.5,0.0,0.0,0,0,0.0,749.89,1,0,0.0,9529.8,2,0,0.0,9529.8,2,0,0.0,0
LGS2ORD0010389,C011607,2025-03-24 06:00:00,Male,39,Bronze,Shopee,Chonburi,716,Shopee,Credit_Card,6,3,0,0,30-40,23.866666666666667,2.0,1.0,0.5,22,14,1970.355,0.28,0.0,0.5,0.0,0.0,0,0,0.0,2135.85,1,0,0.0,3940.71,2,1,0.5,3940.71,2,1,0.5,0
LGS2ORD0010390,C011434,2025-03-24 07:00:00,Male,53,Bronze,TV,Bangkok,114,Shopee,COD,7,3,0,0,>50,3.8,6.0,2.0,0.3333333333333333,21,0,4540.14,0.23,0.6666666666666666,0.3333333333333333,0.0,10742.0,2,0,0.0,18287.81,3,1,0.3333333333333333,27240.84,6,2,0.3333333333333333,27240.84,6,2,0.3333333333333333,1
LGS2ORD0010391,C017458,2025-03-24 07:00:00,Female,53,Bronze,Web,Nakhon Ratchasima,930,Web,Credit_Card,7,3,0,0,>50,31.0,2.0,0.0,0.0,-1,23,4700.1849999999995,0.23,0.0,0.5,0.0,0.0,0,0,0.0,4274.09,1,0,0.0,9400.369999999999,2,0,0.0,9400.369999999999,2,0,0.0,0
LGS2ORD0010392,C011157,2025-03-24 07:00:00,Male,28,Silver,CallCenter,Chiang Mai,1393,TV_Show,COD,7,3,0,0,20-30,46.43333333333333,1.0,0.0,0.0,-1,55,958.31,0.05,1.0,0.0,0.0,0.0,0,0,0.0,0.0,0,0,0.0,958.31,1,0,0.0,958.31,1,0,0.0,0
LGS2ORD0010393,C012203,2025-03-24 07:00:00,Male,54,Bronze,Shopee,Chonburi,1482,Web,Bank_Transfer,7,3,0,0,>50,49.4,1.0,0.0,0.0,-1,0,7172.15,0.28,0.0,1.0,0.0,7172.15,1,0,0.0,7172.15,1,0,0.0,7172.15,1,0,0.0,7172.15,1,0,0.0,0
LGS2ORD0010394,C017837,2025-03-24 07:00:00,Female,55,Platinum,TV,Songkhla,444,CallCenter,PromptPay,7,3,0,0,>50,14.8,0.0,0.0,0.0,-1,-1,0.0,0.0,0.0,0.0,0.0,0.0,0,0,0.0,0.0,0,0,0.0,0.0,0,0,0.0,0.0,0,0,0.0,0
LGS2ORD0010395,C010209,2025-03-24 08:00:00,Female,38,Silver,Shopee,Phuket,326,Web,Bank_Transfer,8,3,0,0,30-40,10.866666666666667,0.0,0.0,0.0,-1,-1,0.0,0.0,0.0,0.0,0.0,0.0,0,0,0.0,0.0,0,0,0.0,0.0,0,0,0.0,0.0,0,0,0.0,0
LGS2ORD0010396,C016062,2025-03-24 08:00:00,Female,37,Bronze,Web,Songkhla,1475,Web,COD,8,3,0,0,30-40,49.166666666666664,5.0,3.0,0.6,-2,9,3999.6459999999997,0.28,0.8,0.6,0.0,0.0,0,0,0.0,14486.15,2,2,1.0,19998.23,5,3,0.6,19998.23,5,3,0.6,0
LGS2ORD0010397,C010393,2025-03-24 08:00:00,Male,51,Bronze,Web,Remote_Area,1027,Shopee,PromptPay,8,3,0,0,>50,34.233333333333334,4.0,0.0,0.0,-1,7,5865.5650000000005,0.23,0.5,0.25,0.0,4965.81,1,0,0.0,4965.81,1,0,0.0,23462.260000000002,4,0,0.0,23462.260000000002,4,0,0.0,1
LGS2ORD0010398,C016120,2025-03-24 08:00:00,Female,57,Silver,Web,Bangkok,945,Lazada,COD,8,3,0,0,>50,31.5,0.0,0.0,0.0,-1,-1,0.0,0.0,0.0,0.0,0.0,0.0,0,0,0.0,0.0,0,0,0.0,0.0,0,0,0.0,0.0,0,0,0.0,1
LGS2ORD0010399,C016010,2025-03-24 08:00:00,Male,45,Bronze,TV,Nakhon Ratchasima,773,Shopee,COD,8,3,0,0,40-50,25.766666666666666,0.0,0.0,0.0,-1,-1,0.0,0.0,0.0,0.0,0.0,0.0,0,0,0.0,0.0,0,0,0.0,0.0,0,0,0.0,0.0,0,0,0.0,0
LGS2ORD0010400,C014597,2025-03-24 08:00:00,Female,32,Bronze,CallCenter,Bangkok,967,TV_Show,PromptPay,8,3,0,0,30-40,32.233333333333334,2.0,0.0,0.0,-1,3,4014.125,0.28,0.0,0.5,0.0,4453.94,1,0,0.0,4453.94,1,0,0.0,8028.25,2,0,0.0,8028.25,2,0,0.0,0
LGS2ORD0010401,C013155,2025-03-24 09:00:00,Female,72,Silver,Lazada,Khon Kaen,275,CallCenter,Bank_Transfer,9,3,0,0,>50,9.166666666666666,2.0,1.0,0.5,28,17,6279.755,0.3,0.0,1.0,0.0,0.0,0,0,0.0,5526.14,1,0,0.0,12559.51,2,1,0.5,12559.51,2,1,0.5,0
LGS2ORD0010402,C015919,2025-03-24 09:00:00,Male,60,Silver,Shopee,Chiang Mai,1063,TV_Show,PromptPay,9,3,0,0,>50,35.43333333333333,0.0,0.0,0.0,-1,-1,0.0,0.0,0.0,0.0,0.0,0.0,0,0,0.0,0.0,0,0,0.0,0.0,0,0,0.0,0.0,0,0,0.0,0
LGS2ORD0010403,C011616,2025-03-24 09:00:00,Male,57,Silver,Shopee,Remote_Area,419,TV_Show,COD,9,3,0,0,>50,13.966666666666667,0.0,0.0,0.0,-1,-1,0.0,0.0,0.0,0.0,0.0,0.0,0,0,0.0,0.0,0,0,0.0,0.0,0,0,0.0,0.0,0,0,0.0,0
LGS2ORD0010404,C011041,2025-03-24 09:00:00,Female,46,Bronze,CallCenter,Bangkok,876,Shopee,COD,9,3,0,0,40-50,29.2,2.0,0.0,0.0,-1,66,7238.41,0.13,1.0,0.0,0.0,0.0,0,0,0.0,0.0,0,0,0.0,14476.82,2,0,0.0,14476.82,2,0,0.0,0
LGS2ORD0010405,C010122,2025-03-24 09:00:00,Female,45,Bronze,TV,Bangkok,260,Shopee,COD,9,3,0,0,40-50,8.666666666666666,0.0,0.0,0.0,-1,-1,0.0,0.0,0.0,0.0,0.0,0.0,0,0,0.0,0.0,0,0,0.0,0.0,0,0,0.0,0.0,0,0,0.0,0
LGS2ORD0010406,C014729,2025-03-24 10:00:00,Female,57,Bronze,CallCenter,Bangkok,1460,TV_Show,COD,10,3,0,0,>50,48.666666666666664,2.0,0.0,0.0,-1,22,932.4649999999999,0.23,0.0,0.5,0.0,0.0,0,0,0.0,246.81,1,0,0.0,1864.9299999999998,2,0,0.0,1864.9299999999998,2,0,0.0,0
LGS2ORD0010407,C014891,2025-03-24 10:00:00,Male,43,Bronze,TV,Bangkok,1074,Shopee,Credit_Card,10,3,0,0,40-50,35.8,1.0,0.0,0.0,-1,27,899.44,0.23,0.0,1.0,0.0,0.0,0,0,0.0,899.44,1,0,0.0,899.44,1,0,0.0,899.44,1,0,0.0,0
LGS2ORD0010408,C014927,2025-03-24 10:00:00,Male,47,Bronze,Shopee,Bangkok,290,Web,COD,10,3,0,0,40-50,9.666666666666666,2.0,0.0,0.0,-1,26,3858.66,0.18,1.0,0.0,0.0,0.0,0,0,0.0,3076.36,1,0,0.0,7717.32,2,0,0.0,7717.32,2,0,0.0,0
LGS2ORD0010409,C014636,2025-03-24 10:00:00,Female,29,Bronze,TV,Remote_Area,1160,Shopee,Credit_Card,10,3,0,0,20-30,38.666666666666664,1.0,0.0,0.0,-1,3,350.33,0.28,1.0,1.0,0.0,350.33,1,0,0.0,350.33,1,0,0.0,350.33,1,0,0.0,350.33,1,0,0.0,0
LGS2ORD0010410,C014084,2025-03-24 10:00:00,Female,40,Bronze,TV,Nakhon Ratchasima,1119,Web,Credit_Card,10,3,0,0,30-40,37.3,3.0,0.0,0.0,-1,3,4544.163333333333,0.08,0.0,0.0,0.0,7454.29,1,0,0.0,9673.27,2,0,0.0,13632.49,3,0,0.0,13632.49,3,0,0.0,0
LGS2ORD0010411,C011911,2025-03-24 11:00:00,Male,26,Bronze,TV,Bangkok,881,Web,COD,11,3,0,0,20-30,29.366666666666667,0.0,0.0,0.0,-1,-1,0.0,0.0,0.0,0.0,0.0,0.0,0,0,0.0,0.0,0,0,0.0,0.0,0,0,0.0,0.0,0,0,0.0,0
LGS2ORD0010412,C018000,2025-03-24 11:00:00,Female,45,Bronze,CallCenter,Chonburi,1516,CallCenter,COD,11,3,0,0,40-50,50.53333333333333,3.0,0.0,0.0,-1,36,5181.666666666667,0.18,0.3333333333333333,0.0,0.0,0.0,0,0,0.0,0.0,0,0,0.0,15545.0,3,0,0.0,15545.0,3,0,0.0,0
LGS2ORD0010413,C016351,2025-03-24 11:00:00,Female,30,Bronze,TV,Bangkok,372,Web,Credit_Card,11,3,0,0,20-30,12.4,0.0,0.0,0.0,-1,-1,0.0,0.0,0.0,0.0,0.0,0.0,0,0,0.0,0.0,0,0,0.0,0.0,0,0,0.0,0.0,0,0,0.0,0
LGS2ORD0010414,C011949,2025-03-24 11:00:00,Female,33,Gold,Web,Khon Kaen,139,Shopee,COD,11,3,0,0,30-40,4.633333333333334,4.0,0.0,0.0,-1,25,9349.0325,0.28,0.75,0.25,0.0,0.0,0,0,0.0,12069.93,2,0,0.0,37396.13,4,0,0.0,37396.13,4,0,0.0,0
LGS2ORD0010415,C017324,2025-03-24 11:00:00,Male,50,Silver,Web,Khon Kaen,507,Lazada,COD,11,3,0,0,40-50,16.9,0.0,0.0,0.0,-1,-1,0.0,0.0,0.0,0.0,0.0,0.0,0,0,0.0,0.0,0,0,0.0,0.0,0,0,0.0,0.0,0,0,0.0,1
LGS2ORD0010416,C014301,2025-03-24 12:00:00,Male,18,Silver,Lazada,Songkhla,1251,TV_Show,Credit_Card,12,3,0,0,<20,41.7,0.0,0.0,0.0,-1,-1,0.0,0.0,0.0,0.0,0.0,0.0,0,0,0.0,0.0,0,0,0.0,0.0,0,0,0.0,0.0,0,0,0.0,0
LGS2ORD0010417,C012034,2025-03-24 12:00:00,Female,25,Bronze,TV,Bangkok,550,CallCenter,PromptPay,12,3,0,0,20-30,18.333333333333332,4.0,1.0,0.25,28,7,11638.725,0.23,0.25,0.25,0.0,0.0,0,0,0.0,38141.71,1,0,0.0,46554.9,4,1,0.25,46554.9,4,1,0.25,1
LGS2ORD0010418,C012961,2025-03-24 12:00:00,Female,55,Silver,Web,Phuket,1449,CallCenter,COD,12,3,0,0,>50,48.3,3.0,0.0,0.0,-1,13,7173.339999999999,0.2,0.6666666666666666,0.0,0.0,0.0,0,0,0.0,11135.539999999999,2,0,0.0,21520.019999999997,3,0,0.0,21520.019999999997,3,0,0.0,0
LGS2ORD0010419,C016552,2025-03-24 12:00:00,Female,18,Bronze,Lazada,Bangkok,535,Web,COD,12,3,0,0,<20,17.833333333333332,3.0,1.0,0.3333333333333333,-4,6,2555.693333333333,0.23,0.3333333333333333,0.3333333333333333,0.0,1682.0,1,1,1.0,6089.39,2,1,0.5,7667.08,3,1,0.3333333333333333,7667.08,3,1,0.3333333333333333,0
LGS2ORD0010420,C016898,2025-03-24 12:00:00,Female,49,Bronze,Shopee,Phuket,1349,CallCenter,PromptPay,12,3,0,0,40-50,44.96666666666667,7.0,2.0,0.2857142857142857,-5,2,12548.651428571427,0.28,0.2857142857142857,0.2857142857142857,0.0,32720.22,1,1,1.0,39715.71,3,1,0.3333333333333333,87840.56,7,2,0.2857142857142857,87840.56,7,2,0.2857142857142857,0
LGS2ORD0010421,C016244,2025-03-24 12:00:00,Female,72,Gold,Shopee,Bangkok,189,TV_Show,PromptPay,12,3,0,0,>50,6.3,1.0,0.0,0.0,-1,28,8798.53,0.18,0.0,0.0,0.0,0.0,0,0,0.0,8798.53,1,0,0.0,8798.53,1,0,0.0,8798.53,1,0,0.0,0
LGS2ORD0010422,C015294,2025-03-24 13:00:00,Female,37,Gold,Lazada,Bangkok,814,Shopee,COD,13,3,0,0,30-40,27.133333333333333,0.0,0.0,0.0,-1,-1,0.0,0.0,0.0,0.0,0.0,0.0,0,0,0.0,0.0,0,0,0.0,0.0,0,0,0.0,0.0,0,0,0.0,0
LGS2ORD0010423,C012447,2025-03-24 13:00:00,Female,61,Bronze,TV,Remote_Area,789,TV_Show,COD,13,3,0,0,>50,26.3,2.0,2.0,1.0,40,48,5306.915,0.18,0.5,0.0,0.0,0.0,0,0,0.0,0.0,0,0,0.0,10613.83,2,2,1.0,10613.83,2,2,1.0,0
LGS2ORD0010424,C011556,2025-03-24 13:00:00,Male,33,Silver,Shopee,Chiang Mai,1332,Shopee,PromptPay,13,3,0,0,30-40,44.4,0.0,0.0,0.0,-1,-1,0.0,0.0,0.0,0.0,0.0,0.0,0,0,0.0,0.0,0,0,0.0,0.0,0,0,0.0,0.0,0,0,0.0,0
LGS2ORD0010425,C013015,2025-03-24 13:00:00,Female,56,Platinum,TV,Chonburi,1179,Web,COD,13,3,0,0,>50,39.3,0.0,0.0,0.0,-1,-1,0.0,0.0,0.0,0.0,0.0,0.0,0,0,0.0,0.0,0,0,0.0,0.0,0,0,0.0,0.0,0,0,0.0,0
LGS2ORD0010426,C017542,2025-03-24 13:00:00,Female,45,Bronze,TV,Chiang Mai,154,Lazada,COD,13,3,0,0,40-50,5.133333333333334,3.0,1.0,0.3333333333333333,40,15,10832.583333333334,0.18,0.6666666666666666,0.0,0.0,0.0,0,0,0.0,26211.93,1,0,0.0,32497.75,3,1,0.3333333333333333,32497.75,3,1,0.3333333333333333,0
LGS2ORD0010427,C016460,2025-03-24 14:00:00,Female,58,Silver,CallCenter,Khon Kaen,500,TV_Show,COD,14,3,0,0,>50,16.666666666666668,0.0,0.0,0.0,-1,-1,0.0,0.0,0.0,0.0,0.0,0.0,0,0,0.0,0.0,0,0,0.0,0.0,0,0,0.0,0.0,0,0,0.0,1
LGS2ORD0010428,C017949,2025-03-24 14:00:00,Female,41,Gold,Web,Khon Kaen,516,Web,Credit_Card,14,3,0,0,40-50,17.2,4.0,1.0,0.25,62,32,4541.882500000001,0.2299999999999999,1.0,0.25,0.0,0.0,0,0,0.0,0.0,0,0,0.0,18167.530000000002,4,1,0.25,18167.530000000002,4,1,0.25,0
LGS2ORD0010429,C013201,2025-03-24 14:00:00,Female,38,Bronze,CallCenter,Bangkok,433,Shopee,Credit_Card,14,3,0,0,30-40,14.433333333333334,0.0,0.0,0.0,-1,-1,0.0,0.0,0.0,0.0,0.0,0.0,0,0,0.0,0.0,0,0,0.0,0.0,0,0,0.0,0.0,0,0,0.0,0
LGS2ORD0010430,C010886,2025-03-24 14:00:00,Female,53,Gold,TV,Chonburi,1372,TV_Show,COD,14,3,0,0,>50,45.733333333333334,1.0,0.0,0.0,-1,41,3890.55,0.13,0.0,0.0,0.0,0.0,0,0,0.0,0.0,0,0,0.0,3890.55,1,0,0.0,3890.55,1,0,0.0,0
LGS2ORD0010431,C010302,2025-03-24 14:00:00,Female,35,Bronze,Shopee,Remote_Area,1306,Web,PromptPay,14,3,0,0,30-40,43.53333333333333,2.0,1.0,0.5,19,29,3014.545,0.23,0.5,0.5,0.0,0.0,0,0,0.0,1127.15,1,0,0.0,6029.09,2,1,0.5,6029.09,2,1,0.5,0
LGS2ORD0010432,C015600,2025-03-24 15:00:00,Male,18,Silver,Web,Nakhon Ratchasima,622,Lazada,COD,15,3,0,0,<20,20.733333333333334,2.0,0.0,0.0,-1,34,10084.485,0.2,0.5,0.0,0.0,0.0,0,0,0.0,0.0,0,0,0.0,20168.97,2,0,0.0,20168.97,2,0,0.0,0
LGS2ORD0010433,C014083,2025-03-24 15:00:00,Male,42,Gold,Web,Chonburi,96,TV_Show,COD,15,3,0,0,40-50,3.2,1.0,0.0,0.0,-1,4,18595.0,0.13,0.0,0.0,0.0,18595.0,1,0,0.0,18595.0,1,0,0.0,18595.0,1,0,0.0,18595.0,1,0,0.0,1
LGS2ORD0010434,C010597,2025-03-24 15:00:00,Male,65,Bronze,Shopee,Bangkok,117,Shopee,COD,15,3,0,0,>50,3.9,6.0,0.0,0.0,-1,10,10491.536666666667,0.23,0.3333333333333333,0.3333333333333333,0.0,0.0,0,0,0.0,37178.06,3,0,0.0,62949.22,6,0,0.0,62949.22,6,0,0.0,1
LGS2ORD0010435,C012371,2025-03-24 15:00:00,Female,46,Bronze,TV,Khon Kaen,1512,TV_Show,Credit_Card,15,3,0,0,40-50,50.4,1.0,1.0,1.0,23,28,3064.42,0.03,1.0,0.0,0.0,0.0,0,0,0.0,3064.42,1,1,1.0,3064.42,1,1,1.0,3064.42,1,1,1.0,0
LGS2ORD0010436,C010031,2025-03-24 15:00:00,Male,40,Bronze,TV,Bangkok,1434,CallCenter,Credit_Card,15,3,0,0,30-40,47.8,2.0,0.0,0.0,-1,28,4116.005,0.18,1.0,0.0,0.0,0.0,0,0,0.0,7664.96,1,0,0.0,8232.01,2,0,0.0,8232.01,2,0,0.0,1
LGS2ORD0010437,C010623,2025-03-24 16:00:00,Male,52,Silver,CallCenter,Nakhon Ratchasima,759,TV_Show,COD,16,3,0,0,>50,25.3,3.0,0.0,0.0,-1,15,9824.31,0.2,0.6666666666666666,0.0,0.0,0.0,0,0,0.0,18228.17,2,0,0.0,29472.93,3,0,0.0,29472.93,3,0,0.0,1
LGS2ORD0010438,C014133,2025-03-24 16:00:00,Female,29,Silver,Web,Khon Kaen,205,Lazada,Bank_Transfer,16,3,0,0,20-30,6.833333333333333,2.0,0.0,0.0,-1,27,1159.415,0.3,0.0,0.5,0.0,0.0,0,0,0.0,938.79,1,0,0.0,2318.83,2,0,0.0,2318.83,2,0,0.0,0
LGS2ORD0010439,C012301,2025-03-24 16:00:00,Male,48,Bronze,TV,Songkhla,415,Web,PromptPay,16,3,0,0,40-50,13.833333333333334,1.0,1.0,1.0,37,55,4189.55,0.03,1.0,0.0,0.0,0.0,0,0,0.0,0.0,0,0,0.0,4189.55,1,1,1.0,4189.55,1,1,1.0,0
LGS2ORD0010440,C015226,2025-03-24 16:00:00,Female,46,Bronze,TV,Songkhla,420,Web,COD,16,3,0,0,40-50,14.0,2.0,0.0,0.0,-1,6,33447.24,0.23,1.0,0.5,0.0,24920.35,1,0,0.0,24920.35,1,0,0.0,66894.48,2,0,0.0,66894.48,2,0,0.0,0
LGS2ORD0010441,C016283,2025-03-24 16:00:00,Male,42,Gold,CallCenter,Phuket,1427,TV_Show,COD,16,3,0,0,40-50,47.56666666666667,0.0,0.0,0.0,-1,-1,0.0,0.0,0.0,0.0,0.0,0.0,0,0,0.0,0.0,0,0,0.0,0.0,0,0,0.0,0.0,0,0,0.0,0
LGS2ORD0010442,C015916,2025-03-24 16:00:00,Female,54,Bronze,TV,Bangkok,1453,Web,PromptPay,16,3,0,0,>50,48.43333333333333,0.0,0.0,0.0,-1,-1,0.0,0.0,0.0,0.0,0.0,0.0,0,0,0.0,0.0,0,0,0.0,0.0,0,0,0.0,0.0,0,0,0.0,0
LGS2ORD0010443,C012072,2025-03-24 17:00:00,Male,28,Silver,Shopee,Bangkok,1045,Lazada,Bank_Transfer,17,3,0,0,20-30,34.833333333333336,0.0,0.0,0.0,-1,-1,0.0,0.0,0.0,0.0,0.0,0.0,0,0,0.0,0.0,0,0,0.0,0.0,0,0,0.0,0.0,0,0,0.0,0
LGS2ORD0010444,C010838,2025-03-24 17:00:00,Female,28,Gold,TV,Remote_Area,749,Shopee,COD,17,3,0,0,20-30,24.966666666666665,2.0,1.0,0.5,-9,7,11600.915,0.2299999999999999,0.5,0.5,0.0,0.0,0,0,0.0,9666.68,1,1,1.0,23201.83,2,1,0.5,23201.83,2,1,0.5,1
LGS2ORD0010445,C010083,2025-03-24 17:00:00,Male,45,Gold,TV,Khon Kaen,237,Web,PromptPay,17,3,0,0,40-50,7.9,3.0,1.0,0.3333333333333333,4,8,1143.29,0.2299999999999999,0.6666666666666666,0.3333333333333333,0.0,0.0,0,0,0.0,1247.45,2,1,0.5,3429.87,3,1,0.3333333333333333,3429.87,3,1,0.3333333333333333,0
LGS2ORD0010446,C010384,2025-03-24 17:00:00,Male,25,Platinum,TV,Khon Kaen,1273,TV_Show,Credit_Card,17,3,0,0,20-30,42.43333333333333,0.0,0.0,0.0,-1,-1,0.0,0.0,0.0,0.0,0.0,0.0,0,0,0.0,0.0,0,0,0.0,0.0,0,0,0.0,0.0,0,0,0.0,0
LGS2ORD0010447,C014151,2025-03-24 17:00:00,Female,53,Bronze,TV,Phuket,164,Web,COD,17,3,0,0,>50,5.466666666666667,2.0,0.0,0.0,-1,17,6168.235,0.18,1.0,0.0,0.0,0.0,0,0,0.0,3482.97,1,0,0.0,12336.47,2,0,0.0,12336.47,2,0,0.0,1
LGS2ORD0010448,C010975,2025-03-24 18:00:00,Female,51,Gold,Lazada,Chiang Mai,504,TV_Show,Credit_Card,18,3,0,0,>50,16.8,3.0,1.0,0.3333333333333333,50,42,1826.6433333333332,0.33,0.0,1.0,0.0,0.0,0,0,0.0,0.0,0,0,0.0,5479.929999999999,3,1,0.3333333333333333,5479.929999999999,3,1,0.3333333333333333,0
LGS2ORD0010449,C010968,2025-03-24 18:00:00,Female,50,Bronze,CallCenter,Phuket,724,Shopee,COD,18,3,0,0,40-50,24.133333333333333,1.0,1.0,1.0,61,74,1700.86,0.03,1.0,0.0,0.0,0.0,0,0,0.0,0.0,0,0,0.0,1700.86,1,1,1.0,1700.86,1,1,1.0,0
LGS2ORD0010450,C011855,2025-03-24 18:00:00,Male,39,Gold,Web,Chiang Mai,1264,TV_Show,COD,18,3,0,0,30-40,42.13333333333333,2.0,1.0,0.5,62,34,6884.91,0.13,0.5,0.0,0.0,0.0,0,0,0.0,0.0,0,0,0.0,13769.82,2,1,0.5,13769.82,2,1,0.5,0
LGS2ORD0010451,C013138,2025-03-24 18:00:00,Male,48,Bronze,TV,Khon Kaen,1133,Shopee,PromptPay,18,3,0,0,40-50,37.766666666666666,0.0,0.0,0.0,-1,-1,0.0,0.0,0.0,0.0,0.0,0.0,0,0,0.0,0.0,0,0,0.0,0.0,0,0,0.0,0.0,0,0,0.0,0
LGS2ORD0010452,C015271,2025-03-24 18:00:00,Female,37,Bronze,TV,Chonburi,1495,Web,Bank_Transfer,18,3,0,0,30-40,49.833333333333336,1.0,0.0,0.0,-1,60,460.86,0.23,0.0,1.0,0.0,0.0,0,0,0.0,0.0,0,0,0.0,460.86,1,0,0.0,460.86,1,0,0.0,0
LGS2ORD0010453,C014142,2025-03-24 19:00:00,Male,38,Silver,Lazada,Bangkok,1409,Shopee,COD,19,3,0,0,30-40,46.96666666666667,2.0,1.0,0.5,27,41,6156.375,0.2,0.5,0.0,0.0,0.0,0,0,0.0,0.0,0,0,0.0,12312.75,2,1,0.5,12312.75,2,1,0.5,0
LGS2ORD0010454,C015119,2025-03-24 19:00:00,Female,38,Bronze,Shopee,Remote_Area,1266,Lazada,COD,19,3,0,0,30-40,42.2,0.0,0.0,0.0,-1,-1,0.0,0.0,0.0,0.0,0.0,0.0,0,0,0.0,0.0,0,0,0.0,0.0,0,0,0.0,0.0,0,0,0.0,1
LGS2ORD0010455,C013095,2025-03-24 19:00:00,Female,48,Bronze,TV,Remote_Area,669,CallCenter,COD,19,3,0,0,40-50,22.3,2.0,1.0,0.5,34,45,2815.5699999999997,0.03,0.5,0.0,0.0,0.0,0,0,0.0,0.0,0,0,0.0,5631.139999999999,2,1,0.5,5631.139999999999,2,1,0.5,0
LGS2ORD0010456,C015165,2025-03-24 19:00:00,Female,45,Bronze,TV,Bangkok,1480,Lazada,Credit_Card,19,3,0,0,40-50,49.333333333333336,4.0,0.0,0.0,-1,22,3819.91,0.28,0.0,0.75,0.0,0.0,0,0,0.0,7497.08,2,0,0.0,15279.64,4,0,0.0,15279.64,4,0,0.0,0
LGS2ORD0010457,C010977,2025-03-24 19:00:00,Female,43,Silver,TV,Phuket,593,Web,Credit_Card,19,3,0,0,40-50,19.766666666666666,2.0,1.0,0.5,69,45,1273.155,0.1,1.0,0.0,0.0,0.0,0,0,0.0,0.0,0,0,0.0,2546.31,2,1,0.5,2546.31,2,1,0.5,1
LGS2ORD0010458,C011009,2025-03-24 19:00:00,Female,72,Silver,Shopee,Chonburi,1381,Lazada,PromptPay,19,3,0,0,>50,46.03333333333333,1.0,0.0,0.0,-1,1,2177.97,0.05,1.0,0.0,0.0,2177.97,1,0,0.0,2177.97,1,0,0.0,2177.97,1,0,0.0,2177.97,1,0,0.0,0
LGS2ORD0010459,C015157,2025-03-24 20:00:00,Male,25,Bronze,Shopee,Chonburi,1086,Shopee,PromptPay,20,3,0,0,20-30,36.2,1.0,1.0,1.0,35,45,7051.7,0.23,1.0,1.0,0.0,0.0,0,0,0.0,0.0,0,0,0.0,7051.7,1,1,1.0,7051.7,1,1,1.0,0
LGS2ORD0010460,C010658,2025-03-24 20:00:00,Male,67,Gold,CallCenter,Bangkok,835,Shopee,COD,20,3,0,0,>50,27.833333333333332,1.0,0.0,0.0,-1,66,1297.4,0.08,1.0,0.0,0.0,0.0,0,0,0.0,0.0,0,0,0.0,1297.4,1,0,0.0,1297.4,1,0,0.0,0
LGS2ORD0010461,C015291,2025-03-24 20:00:00,Female,32,Platinum,Shopee,Bangkok,1144,CallCenter,COD,20,3,0,0,30-40,38.13333333333333,2.0,0.0,0.0,-1,13,5773.075000000001,0.25,1.0,0.5,0.0,0.0,0,0,0.0,11546.150000000001,2,0,0.0,11546.150000000001,2,0,0.0,11546.150000000001,2,0,0.0,0
LGS2ORD0010462,C014791,2025-03-24 20:00:00,Male,26,Bronze,Lazada,Remote_Area,715,TV_Show,COD,20,3,0,0,20-30,23.833333333333332,2.0,1.0,0.5,20,0,8664.945,0.18,1.0,0.0,0.0,15579.69,1,0,0.0,17329.89,2,1,0.5,17329.89,2,1,0.5,17329.89,2,1,0.5,0
LGS2ORD0010463,C017370,2025-03-24 20:00:00,Male,46,Silver,TV,Bangkok,1466,Shopee,Credit_Card,20,3,0,0,40-50,48.86666666666667,4.0,2.0,0.5,20,30,5420.5375,0.25,0.5,0.75,0.0,0.0,0,0,0.0,0.0,0,0,0.0,21682.15,4,2,0.5,21682.15,4,2,0.5,0
LGS2ORD0010464,C017651,2025-03-24 21:00:00,Female,53,Bronze,TV,Bangkok,1307,Lazada,COD,21,3,0,0,>50,43.56666666666667,2.0,0.0,0.0,-1,26,2043.205,0.18,0.5,0.0,0.0,0.0,0,0,0.0,1989.39,1,0,0.0,4086.41,2,0,0.0,4086.41,2,0,0.0,0
LGS2ORD0010465,C014902,2025-03-24 21:00:00,Male,41,Silver,TV,Phuket,597,Shopee,Credit_Card,21,3,0,0,40-50,19.9,0.0,0.0,0.0,-1,-1,0.0,0.0,0.0,0.0,0.0,0.0,0,0,0.0,0.0,0,0,0.0,0.0,0,0,0.0,0.0,0,0,0.0,0
LGS2ORD0010466,C013866,2025-03-24 21:00:00,Female,30,Bronze,TV,Khon Kaen,1421,Web,Credit_Card,21,3,0,0,20-30,47.36666666666667,1.0,0.0,0.0,-1,80,4919.45,0.08,1.0,0.0,0.0,0.0,0,0,0.0,0.0,0,0,0.0,4919.45,1,0,0.0,4919.45,1,0,0.0,1
LGS2ORD0010467,C013177,2025-03-24 21:00:00,Other,26,Silver,CallCenter,Nakhon Ratchasima,1179,TV_Show,Bank_Transfer,21,3,0,0,20-30,39.3,1.0,0.0,0.0,-1,36,2000.35,0.3,0.0,1.0,0.0,0.0,0,0,0.0,0.0,0,0,0.0,2000.35,1,0,0.0,2000.35,1,0,0.0,0
LGS2ORD0010468,C014135,2025-03-24 21:00:00,Female,38,Gold,Web,Remote_Area,617,Web,COD,21,3,0,0,30-40,20.566666666666666,3.0,1.0,0.3333333333333333,13,23,9362.956666666667,0.33,0.3333333333333333,0.6666666666666666,0.0,0.0,0,0,0.0,6212.58,1,1,1.0,28088.870000000003,3,1,0.3333333333333333,28088.870000000003,3,1,0.3333333333333333,0
LGS2ORD0010469,C014283,2025-03-24 22:00:00,Male,58,Gold,Lazada,Bangkok,781,Web,Credit_Card,22,3,0,0,>50,26.033333333333335,3.0,1.0,0.3333333333333333,36,17,1043.8933333333332,0.2299999999999999,0.3333333333333333,0.6666666666666666,0.0,0.0,0,0,0.0,742.94,1,0,0.0,3131.68,3,1,0.3333333333333333,3131.68,3,1,0.3333333333333333,0
LGS2ORD0010470,C017738,2025-03-24 22:00:00,Male,29,Bronze,Shopee,Chonburi,270,TV_Show,PromptPay,22,3,0,0,20-30,9.0,1.0,0.0,0.0,-1,15,6169.64,0.03,0.0,0.0,0.0,0.0,0,0,0.0,6169.64,1,0,0.0,6169.64,1,0,0.0,6169.64,1,0,0.0,0
LGS2ORD0010471,C015109,2025-03-24 22:00:00,Female,58,Bronze,TV,Remote_Area,836,TV_Show,COD,22,3,0,0,>50,27.866666666666667,0.0,0.0,0.0,-1,-1,0.0,0.0,0.0,0.0,0.0,0.0,0,0,0.0,0.0,0,0,0.0,0.0,0,0,0.0,0.0,0,0,0.0,0
LGS2ORD0010472,C013216,2025-03-24 22:00:00,Female,20,Bronze,TV,Bangkok,1438,TV_Show,Bank_Transfer,22,3,0,0,<20,47.93333333333333,0.0,0.0,0.0,-1,-1,0.0,0.0,0.0,0.0,0.0,0.0,0,0,0.0,0.0,0,0,0.0,0.0,0,0,0.0,0.0,0,0,0.0,1
LGS2ORD0010473,C015580,2025-03-24 22:00:00,Female,60,Bronze,Lazada,Phuket,1402,Shopee,COD,22,3,0,0,>50,46.733333333333334,2.0,1.0,0.5,0,3,20972.475000000002,0.18,1.0,0.0,0.0,971.83,1,1,1.0,971.83,1,1,1.0,41944.950000000004,2,1,0.5,41944.950000000004,2,1,0.5,0
LGS2ORD0010474,C017244,2025-03-24 23:00:00,Female,61,Platinum,TV,Bangkok,1439,Web,PromptPay,23,3,0,0,>50,47.96666666666667,2.0,0.0,0.0,-1,10,2666.125,0.3,1.0,0.5,0.0,0.0,0,0,0.0,2978.76,1,0,0.0,5332.25,2,0,0.0,5332.25,2,0,0.0,0
LGS2ORD0010475,C016987,2025-03-24 23:00:00,Male,64,Bronze,TV,Songkhla,434,CallCenter,COD,23,3,0,0,>50,14.466666666666667,1.0,0.0,0.0,-1,31,3073.81,0.03,1.0,0.0,0.0,0.0,0,0,0.0,0.0,0,0,0.0,3073.81,1,0,0.0,3073.81,1,0,0.0,1
LGS2ORD0010476,C012424,2025-03-24 23:00:00,Female,45,Bronze,Web,Bangkok,441,TV_Show,Bank_Transfer,23,3,0,0,40-50,14.7,0.0,0.0,0.0,-1,-1,0.0,0.0,0.0,0.0,0.0,0.0,0,0,0.0,0.0,0,0,0.0,0.0,0,0,0.0,0.0,0,0,0.0,0
LGS2ORD0010477,C010554,2025-03-24 23:00:00,Female,44,Bronze,TV,Songkhla,820,Web,Credit_Card,23,3,0,0,40-50,27.333333333333332,2.0,1.0,0.5,27,30,3120.56,0.28,0.5,0.5,0.0,0.0,0,0,0.0,0.0,0,0,0.0,6241.12,2,1,0.5,6241.12,2,1,0.5,0
LGS2ORD0010478,C015635,2025-03-24 23:00:00,Male,26,Bronze,TV,Chonburi,391,CallCenter,COD,23,3,0,0,20-30,13.033333333333333,0.0,0.0,0.0,-1,-1,0.0,0.0,0.0,0.0,0.0,0.0,0,0,0.0,0.0,0,0,0.0,0.0,0,0,0.0,0.0,0,0,0.0,0
LGS2ORD0010479,C016073,2025-03-24 23:00:00,Female,32,Bronze,Shopee,Bangkok,590,Shopee,Credit_Card,23,3,0,0,30-40,19.666666666666668,3.0,0.0,0.0,-1,6,15717.946666666669,0.23,1.0,0.3333333333333333,0.0,11530.87,1,0,0.0,19169.07,2,0,0.0,47153.840000000004,3,0,0.0,47153.840000000004,3,0,0.0,0
LGS2ORD0010480,C017773,2025-03-25 00:00:00,Female,33,Bronze,TV,Chiang Mai,386,Shopee,COD,0,3,1,0,30-40,12.866666666666667,1.0,0.0,0.0,-1,11,3992.01,0.08,1.0,0.0,0.0,0.0,0,0,0.0,3992.01,1,0,0.0,3992.01,1,0,0.0,3992.01,1,0,0.0,0
LGS2ORD0010481,C011564,2025-03-25 00:00:00,Male,45,Silver,Lazada,Chonburi,121,TV_Show,COD,0,3,1,0,40-50,4.033333333333333,1.0,0.0,0.0,-1,45,4392.23,0.2,0.0,0.0,0.0,0.0,0,0,0.0,0.0,0,0,0.0,4392.23,1,0,0.0,4392.23,1,0,0.0,0
LGS2ORD0010482,C012568,2025-03-25 00:00:00,Female,54,Bronze,Shopee,Khon Kaen,952,Shopee,PromptPay,0,3,1,0,>50,31.733333333333334,3.0,2.0,0.6666666666666666,15,26,3818.3233333333337,0.23,0.6666666666666666,0.6666666666666666,0.0,0.0,0,0,0.0,6134.55,1,1,1.0,11454.970000000001,3,2,0.6666666666666666,11454.970000000001,3,2,0.6666666666666666,0
LGS2ORD0010483,C012328,2025-03-25 00:00:00,Female,63,Bronze,Web,Chiang Mai,416,CallCenter,COD,0,3,1,0,>50,13.866666666666667,4.0,1.0,0.25,29,34,3340.2724999999996,0.28,0.5,0.25,0.0,0.0,0,0,0.0,0.0,0,0,0.0,13361.089999999998,4,1,0.25,13361.089999999998,4,1,0.25,0
LGS2ORD0010484,C015514,2025-03-25 00:00:00,Female,27,Bronze,Lazada,Bangkok,783,Web,Bank_Transfer,0,3,1,0,20-30,26.1,2.0,0.0,0.0,-1,22,10545.65,0.23,0.0,0.5,0.0,0.0,0,0,0.0,5889.56,1,0,0.0,21091.3,2,0,0.0,21091.3,2,0,0.0,0
LGS2ORD0010485,C011064,2025-03-25 01:00:00,Female,61,Bronze,Web,Songkhla,181,TV_Show,Credit_Card,1,3,1,0,>50,6.033333333333333,1.0,0.0,0.0,-1,52,18629.97,0.28,0.0,1.0,0.0,0.0,0,0,0.0,0.0,0,0,0.0,18629.97,1,0,0.0,18629.97,1,0,0.0,0
LGS2ORD0010486,C013321,2025-03-25 01:00:00,Male,35,Silver,Web,Bangkok,1460,Web,COD,1,3,1,0,30-40,48.666666666666664,1.0,0.0,0.0,-1,11,4994.62,0.15,0.0,0.0,0.0,0.0,0,0,0.0,4994.62,1,0,0.0,4994.62,1,0,0.0,4994.62,1,0,0.0,0
LGS2ORD0010487,C014064,2025-03-25 01:00:00,Male,33,Bronze,Web,Phuket,382,TV_Show,COD,1,3,1,0,30-40,12.733333333333333,0.0,0.0,0.0,-1,-1,0.0,0.0,0.0,0.0,0.0,0.0,0,0,0.0,0.0,0,0,0.0,0.0,0,0,0.0,0.0,0,0,0.0,0
LGS2ORD0010488,C017992,2025-03-25 01:00:00,Male,67,Bronze,Web,Songkhla,1275,CallCenter,Credit_Card,1,3,1,0,>50,42.5,6.0,3.0,0.5,-2,10,2954.838333333333,0.23,0.6666666666666666,0.3333333333333333,0.0,0.0,0,0,0.0,4613.91,2,1,0.5,17729.03,6,3,0.5,17729.03,6,3,0.5,0
LGS2ORD0010489,C010942,2025-03-25 01:00:00,Male,46,Bronze,Shopee,Bangkok,266,Lazada,Credit_Card,1,3,1,0,40-50,8.866666666666667,0.0,0.0,0.0,-1,-1,0.0,0.0,0.0,0.0,0.0,0.0,0,0,0.0,0.0,0,0,0.0,0.0,0,0,0.0,0.0,0,0,0.0,0
LGS2ORD0010490,C015584,2025-03-25 02:00:00,Other,31,Silver,Shopee,Bangkok,1075,Web,COD,2,3,1,0,30-40,35.833333333333336,0.0,0.0,0.0,-1,-1,0.0,0.0,0.0,0.0,0.0,0.0,0,0,0.0,0.0,0,0,0.0,0.0,0,0,0.0,0.0,0,0,0.0,0
LGS2ORD0010491,C010608,2025-03-25 02:00:00,Female,35,Bronze,Shopee,Chonburi,932,TV_Show,COD,2,3,1,0,30-40,31.066666666666666,1.0,1.0,1.0,70,78,1827.82,0.03,1.0,0.0,0.0,0.0,0,0,0.0,0.0,0,0,0.0,1827.82,1,1,1.0,1827.82,1,1,1.0,1
LGS2ORD0010492,C010638,2025-03-25 02:00:00,Female,44,Gold,Web,Chonburi,110,Lazada,Bank_Transfer,2,3,1,0,40-50,3.6666666666666665,2.0,1.0,0.5,0,12,6743.25,0.33,0.5,0.5,0.0,0.0,0,0,0.0,4663.17,1,1,1.0,13486.5,2,1,0.5,13486.5,2,1,0.5,0
LGS2ORD0010493,C017752,2025-03-25 02:00:00,Male,34,Silver,TV,Bangkok,1250,Web,Credit_Card,2,3,1,0,30-40,41.666666666666664,1.0,1.0,1.0,33,39,5460.36,0.25,1.0,1.0,0.0,0.0,0,0,0.0,0.0,0,0,0.0,5460.36,1,1,1.0,5460.36,1,1,1.0,0
LGS2ORD0010494,C014585,2025-03-25 02:00:00,Male,55,Bronze,TV,Khon Kaen,621,Shopee,COD,2,3,1,0,>50,20.7,1.0,0.0,0.0,-1,41,1144.07,0.18,1.0,0.0,0.0,0.0,0,0,0.0,0.0,0,0,0.0,1144.07,1,0,0.0,1144.07,1,0,0.0,0
LGS2ORD0010495,C013780,2025-03-25 03:00:00,Other,20,Bronze,Web,Nakhon Ratchasima,696,Web,Credit_Card,3,3,1,0,<20,23.2,1.0,0.0,0.0,-1,29,5057.97,0.18,1.0,0.0,0.0,0.0,0,0,0.0,5057.97,1,0,0.0,5057.97,1,0,0.0,5057.97,1,0,0.0,0
LGS2ORD0010496,C016154,2025-03-25 03:00:00,Other,58,Bronze,Shopee,Songkhla,130,CallCenter,COD,3,3,1,0,>50,4.333333333333333,4.0,2.0,0.5,45,56,4788.4275,0.28,0.25,0.25,0.0,0.0,0,0,0.0,0.0,0,0,0.0,19153.71,4,2,0.5,19153.71,4,2,0.5,0
LGS2ORD0010497,C012474,2025-03-25 03:00:00,Female,65,Gold,CallCenter,Bangkok,478,Lazada,PromptPay,3,3,1,0,>50,15.933333333333334,4.0,0.0,0.0,-1,12,7566.8625,0.33,0.0,0.5,0.0,0.0,0,0,0.0,1645.61,1,0,0.0,30267.45,4,0,0.0,30267.45,4,0,0.0,0
LGS2ORD0010498,C015699,2025-03-25 03:00:00,Female,30,Silver,TV,Bangkok,803,Shopee,COD,3,3,1,0,20-30,26.766666666666666,3.0,0.0,0.0,-1,23,3232.1733333333336,0.2,0.0,0.0,0.0,0.0,0,0,0.0,5380.7,2,0,0.0,9696.52,3,0,0.0,9696.52,3,0,0.0,0
LGS2ORD0010499,C013503,2025-03-25 03:00:00,Female,50,Gold,Lazada,Phuket,241,TV_Show,PromptPay,3,3,1,0,40-50,8.033333333333333,2.0,1.0,0.5,7,22,2946.755,0.2299999999999999,1.0,0.5,0.0,0.0,0,0,0.0,1270.99,1,1,1.0,5893.51,2,1,0.5,5893.51,2,1,0.5,0
LGS2ORD0010500,C013522,2025-03-25 03:00:00,Male,49,Gold,TV,Bangkok,1310,Web,Credit_Card,3,3,1,0,40-50,43.666666666666664,1.0,0.0,0.0,-1,78,1630.3,0.2299999999999999,1.0,1.0,0.0,0.0,0,0,0.0,0.0,0,0,0.0,1630.3,1,0,0.0,1630.3,1,0,0.0,0
LGS2ORD0010501,C013761,2025-03-25 04:00:00,Female,44,Gold,CallCenter,Chiang Mai,123,Web,PromptPay,4,3,1,0,40-50,4.1,3.0,0.0,0.0,-1,32,4106.076666666667,0.28,0.6666666666666666,0.3333333333333333,0.0,0.0,0,0,0.0,0.0,0,0,0.0,12318.23,3,0,0.0,12318.23,3,0,0.0,0
LGS2ORD0010502,C010675,2025-03-25 04:00:00,Female,44,Gold,Web,Chiang Mai,423,CallCenter,PromptPay,4,3,1,0,40-50,14.1,2.0,0.0,0.0,-1,3,969.885,0.28,0.5,0.5,0.0,981.35,1,0,0.0,981.35,1,0,0.0,1939.77,2,0,0.0,1939.77,2,0,0.0,0
LGS2ORD0010503,C013947,2025-03-25 04:00:00,Female,36,Bronze,Shopee,Phuket,851,Lazada,COD,4,3,1,0,30-40,28.366666666666667,1.0,0.0,0.0,-1,72,1217.3,0.18,0.0,0.0,0.0,0.0,0,0,0.0,0.0,0,0,0.0,1217.3,1,0,0.0,1217.3,1,0,0.0,0
LGS2ORD0010504,C016197,2025-03-25 04:00:00,Male,42,Bronze,TV,Chonburi,1045,Lazada,COD,4,3,1,0,40-50,34.833333333333336,0.0,0.0,0.0,-1,-1,0.0,0.0,0.0,0.0,0.0,0.0,0,0,0.0,0.0,0,0,0.0,0.0,0,0,0.0,0.0,0,0,0.0,1
LGS2ORD0010505,C011693,2025-03-25 04:00:00,Male,47,Silver,Web,Chiang Mai,492,TV_Show,Credit_Card,4,3,1,0,40-50,16.4,1.0,0.0,0.0,-1,67,4140.8,0.25,1.0,1.0,0.0,0.0,0,0,0.0,0.0,0,0,0.0,4140.8,1,0,0.0,4140.8,1,0,0.0,0
LGS2ORD0010506,C013527,2025-03-25 05:00:00,Female,41,Bronze,Lazada,Khon Kaen,1186,TV_Show,COD,5,3,1,0,40-50,39.53333333333333,0.0,0.0,0.0,-1,-1,0.0,0.0,0.0,0.0,0.0,0.0,0,0,0.0,0.0,0,0,0.0,0.0,0,0,0.0,0.0,0,0,0.0,0
LGS2ORD0010507,C014198,2025-03-25 05:00:00,Male,37,Gold,Shopee,Khon Kaen,544,Lazada,COD,5,3,1,0,30-40,18.133333333333333,0.0,0.0,0.0,-1,-1,0.0,0.0,0.0,0.0,0.0,0.0,0,0,0.0,0.0,0,0,0.0,0.0,0,0,0.0,0.0,0,0,0.0,0
LGS2ORD0010508,C014055,2025-03-25 05:00:00,Female,29,Bronze,Web,Bangkok,1069,TV_Show,Credit_Card,5,3,1,0,20-30,35.63333333333333,1.0,0.0,0.0,-1,3,9440.83,0.18,0.0,0.0,0.0,9440.83,1,0,0.0,9440.83,1,0,0.0,9440.83,1,0,0.0,9440.83,1,0,0.0,0
LGS2ORD0010509,C014769,2025-03-25 05:00:00,Other,47,Bronze,Shopee,Bangkok,1531,Web,Bank_Transfer,5,3,1,0,40-50,51.03333333333333,1.0,0.0,0.0,-1,25,1231.85,0.13,0.0,0.0,0.0,0.0,0,0,0.0,1231.85,1,0,0.0,1231.85,1,0,0.0,1231.85,1,0,0.0,1
LGS2ORD0010510,C017164,2025-03-25 05:00:00,Female,41,Bronze,CallCenter,Bangkok,230,Web,Credit_Card,5,3,1,0,40-50,7.666666666666667,1.0,0.0,0.0,-1,73,4122.04,0.08,0.0,0.0,0.0,0.0,0,0,0.0,0.0,0,0,0.0,4122.04,1,0,0.0,4122.04,1,0,0.0,0
LGS2ORD0010511,C010694,2025-03-25 06:00:00,Male,54,Gold,TV,Bangkok,274,Shopee,Credit_Card,6,3,1,0,>50,9.133333333333333,1.0,0.0,0.0,-1,49,1488.24,0.2299999999999999,0.0,1.0,0.0,0.0,0,0,0.0,0.0,0,0,0.0,1488.24,1,0,0.0,1488.24,1,0,0.0,0
LGS2ORD0010512,C010262,2025-03-25 06:00:00,Female,49,Bronze,TV,Chiang Mai,745,Lazada,COD,6,3,1,0,40-50,24.833333333333332,3.0,1.0,0.3333333333333333,-2,7,3507.313333333333,0.18,0.6666666666666666,0.0,0.0,0.0,0,0,0.0,8405.96,1,1,1.0,10521.939999999999,3,1,0.3333333333333333,10521.939999999999,3,1,0.3333333333333333,0
LGS2ORD0010513,C016430,2025-03-25 06:00:00,Male,43,Silver,Shopee,Chiang Mai,1069,Shopee,PromptPay,6,3,1,0,40-50,35.63333333333333,0.0,0.0,0.0,-1,-1,0.0,0.0,0.0,0.0,0.0,0.0,0,0,0.0,0.0,0,0,0.0,0.0,0,0,0.0,0.0,0,0,0.0,0
LGS2ORD0010514,C013382,2025-03-25 06:00:00,Female,48,Platinum,Shopee,Chonburi,1493,CallCenter,COD,6,3,1,0,40-50,49.766666666666666,2.0,1.0,0.5,55,41,6212.705,0.25,0.5,0.5,0.0,0.0,0,0,0.0,0.0,0,0,0.0,12425.41,2,1,0.5,12425.41,2,1,0.5,0
LGS2ORD0010515,C011951,2025-03-25 06:00:00,Female,49,Bronze,TV,Chonburi,1247,Lazada,COD,6,3,1,0,40-50,41.56666666666667,2.0,1.0,0.5,17,20,904.52,0.18,1.0,0.0,0.0,0.0,0,0,0.0,1015.55,1,1,1.0,1809.04,2,1,0.5,1809.04,2,1,0.5,0
LGS2ORD0010516,C014441,2025-03-25 07:00:00,Male,72,Silver,Shopee,Chiang Mai,1056,Web,COD,7,3,1,0,>50,35.2,0.0,0.0,0.0,-1,-1,0.0,0.0,0.0,0.0,0.0,0.0,0,0,0.0,0.0,0,0,0.0,0.0,0,0,0.0,0.0,0,0,0.0,0
LGS2ORD0010517,C010247,2025-03-25 07:00:00,Male,67,Bronze,TV,Remote_Area,1116,TV_Show,COD,7,3,1,0,>50,37.2,2.0,0.0,0.0,-1,72,1431.28,0.23,0.5,1.0,0.0,0.0,0,0,0.0,0.0,0,0,0.0,2862.56,2,0,0.0,2862.56,2,0,0.0,1
LGS2ORD0010518,C010685,2025-03-25 07:00:00,Female,33,Gold,Web,Chiang Mai,1236,TV_Show,COD,7,3,1,0,30-40,41.2,1.0,0.0,0.0,-1,57,1354.78,0.08,0.0,0.0,0.0,0.0,0,0,0.0,0.0,0,0,0.0,1354.78,1,0,0.0,1354.78,1,0,0.0,0
LGS2ORD0010519,C013215,2025-03-25 07:00:00,Female,18,Silver,Shopee,Chonburi,1084,CallCenter,Bank_Transfer,7,3,1,0,<20,36.13333333333333,1.0,0.0,0.0,-1,79,1646.59,0.05,0.0,0.0,0.0,0.0,0,0,0.0,0.0,0,0,0.0,1646.59,1,0,0.0,1646.59,1,0,0.0,0
LGS2ORD0010520,C013979,2025-03-25 07:00:00,Female,54,Silver,Lazada,Remote_Area,1253,Shopee,Bank_Transfer,7,3,1,0,>50,41.766666666666666,0.0,0.0,0.0,-1,-1,0.0,0.0,0.0,0.0,0.0,0.0,0,0,0.0,0.0,0,0,0.0,0.0,0,0,0.0,0.0,0,0,0.0,0
LGS2ORD0010521,C015910,2025-03-25 07:00:00,Male,45,Gold,Lazada,Nakhon Ratchasima,683,Shopee,COD,7,3,1,0,40-50,22.766666666666666,0.0,0.0,0.0,-1,-1,0.0,0.0,0.0,0.0,0.0,0.0,0,0,0.0,0.0,0,0,0.0,0.0,0,0,0.0,0.0,0,0,0.0,0
LGS2ORD0010522,C012313,2025-03-25 08:00:00,Male,32,Platinum,Lazada,Chonburi,1504,Lazada,COD,8,3,1,0,30-40,50.13333333333333,0.0,0.0,0.0,-1,-1,0.0,0.0,0.0,0.0,0.0,0.0,0,0,0.0,0.0,0,0,0.0,0.0,0,0,0.0,0.0,0,0,0.0,0
LGS2ORD0010523,C014090,2025-03-25 08:00:00,Female,32,Platinum,Shopee,Phuket,1110,Shopee,Credit_Card,8,3,1,0,30-40,37.0,1.0,0.0,0.0,-1,82,10086.5,0.35,1.0,1.0,0.0,0.0,0,0,0.0,0.0,0,0,0.0,10086.5,1,0,0.0,10086.5,1,0,0.0,1
LGS2ORD0010524,C013470,2025-03-25 08:00:00,Other,54,Silver,Web,Bangkok,186,Shopee,PromptPay,8,3,1,0,>50,6.2,0.0,0.0,0.0,-1,-1,0.0,0.0,0.0,0.0,0.0,0.0,0,0,0.0,0.0,0,0,0.0,0.0,0,0,0.0,0.0,0,0,0.0,0
LGS2ORD0010525,C017345,2025-03-25 08:00:00,Male,47,Bronze,Lazada,Nakhon Ratchasima,1002,TV_Show,PromptPay,8,3,1,0,40-50,33.4,2.0,1.0,0.5,20,30,8670.17,0.28,1.0,0.5,0.0,0.0,0,0,0.0,0.0,0,0,0.0,17340.34,2,1,0.5,17340.34,2,1,0.5,0
LGS2ORD0010526,C012509,2025-03-25 08:00:00,Female,25,Platinum,Web,Nakhon Ratchasima,806,TV_Show,PromptPay,8,3,1,0,20-30,26.866666666666667,0.0,0.0,0.0,-1,-1,0.0,0.0,0.0,0.0,0.0,0.0,0,0,0.0,0.0,0,0,0.0,0.0,0,0,0.0,0.0,0,0,0.0,1
LGS2ORD0010527,C011286,2025-03-25 09:00:00,Female,48,Bronze,CallCenter,Khon Kaen,314,Web,Credit_Card,9,3,1,0,40-50,10.466666666666667,2.0,0.0,0.0,-1,12,7229.639999999999,0.23,0.5,1.0,0.0,0.0,0,0,0.0,13691.64,1,0,0.0,14459.279999999999,2,0,0.0,14459.279999999999,2,0,0.0,0
LGS2ORD0010528,C012974,2025-03-25 09:00:00,Female,56,Gold,Web,Songkhla,830,Shopee,COD,9,3,1,0,>50,27.666666666666668,0.0,0.0,0.0,-1,-1,0.0,0.0,0.0,0.0,0.0,0.0,0,0,0.0,0.0,0,0,0.0,0.0,0,0,0.0,0.0,0,0,0.0,1
LGS2ORD0010529,C011361,2025-03-25 09:00:00,Female,40,Bronze,TV,Remote_Area,1258,Web,Credit_Card,9,3,1,0,30-40,41.93333333333333,6.0,1.0,0.16666666666666666,12,9,5212.6050000000005,0.28,0.6666666666666666,0.3333333333333333,0.0,0.0,0,0,0.0,24391.050000000003,3,1,0.3333333333333333,31275.630000000005,6,1,0.16666666666666666,31275.630000000005,6,1,0.16666666666666666,0
LGS2ORD0010530,C016016,2025-03-25 09:00:00,Male,59,Gold,Web,Chonburi,469,TV_Show,Credit_Card,9,3,1,0,>50,15.633333333333333,1.0,0.0,0.0,-1,70,1844.25,0.28,0.0,1.0,0.0,0.0,0,0,0.0,0.0,0,0,0.0,1844.25,1,0,0.0,1844.25,1,0,0.0,1
LGS2ORD0010531,C017188,2025-03-25 09:00:00,Female,37,Bronze,Web,Chiang Mai,449,Shopee,COD,9,3,1,0,30-40,14.966666666666667,1.0,0.0,0.0,-1,50,10786.31,0.13,1.0,0.0,0.0,0.0,0,0,0.0,0.0,0,0,0.0,10786.31,1,0,0.0,10786.31,1,0,0.0,1
LGS2ORD0010532,C015645,2025-03-25 10:00:00,Male,24,Bronze,Lazada,Remote_Area,1270,Lazada,PromptPay,10,3,1,0,20-30,42.333333333333336,0.0,0.0,0.0,-1,-1,0.0,0.0,0.0,0.0,0.0,0.0,0,0,0.0,0.0,0,0,0.0,0.0,0,0,0.0,0.0,0,0,0.0,0
LGS2ORD0010533,C011527,2025-03-25 10:00:00,Male,34,Platinum,Shopee,Phuket,635,Lazada,Credit_Card,10,3,1,0,30-40,21.166666666666668,0.0,0.0,0.0,-1,-1,0.0,0.0,0.0,0.0,0.0,0.0,0,0,0.0,0.0,0,0,0.0,0.0,0,0,0.0,0.0,0,0,0.0,0
LGS2ORD0010534,C016554,2025-03-25 10:00:00,Female,39,Bronze,TV,Chiang Mai,839,Web,COD,10,3,1,0,30-40,27.966666666666665,4.0,1.0,0.25,25,27,12372.849999999999,0.28,0.75,0.25,0.0,0.0,0,0,0.0,19879.41,1,0,0.0,49491.399999999994,4,1,0.25,49491.399999999994,4,1,0.25,0
LGS2ORD0010535,C012836,2025-03-25 10:00:00,Female,54,Gold,Web,Songkhla,1159,CallCenter,PromptPay,10,3,1,0,>50,38.63333333333333,0.0,0.0,0.0,-1,-1,0.0,0.0,0.0,0.0,0.0,0.0,0,0,0.0,0.0,0,0,0.0,0.0,0,0,0.0,0.0,0,0,0.0,0
LGS2ORD0010536,C017544,2025-03-25 10:00:00,Female,51,Bronze,CallCenter,Bangkok,758,Web,Bank_Transfer,10,3,1,0,>50,25.266666666666666,3.0,1.0,0.3333333333333333,-2,2,6114.026666666668,0.23,0.3333333333333333,0.3333333333333333,0.0,10807.42,1,1,1.0,16884.93,2,1,0.5,18342.08,3,1,0.3333333333333333,18342.08,3,1,0.3333333333333333,0
LGS2ORD0010537,C011176,2025-03-25 11:00:00,Female,22,Gold,Shopee,Bangkok,881,TV_Show,COD,11,3,1,0,20-30,29.366666666666667,0.0,0.0,0.0,-1,-1,0.0,0.0,0.0,0.0,0.0,0.0,0,0,0.0,0.0,0,0,0.0,0.0,0,0,0.0,0.0,0,0,0.0,1
LGS2ORD0010538,C013542,2025-03-25 11:00:00,Female,22,Bronze,TV,Bangkok,1065,Shopee,COD,11,3,1,0,20-30,35.5,2.0,2.0,1.0,12,20,2065.495,0.23,1.0,0.5,0.0,0.0,0,0,0.0,3108.21,1,1,1.0,4130.99,2,2,1.0,4130.99,2,2,1.0,0
LGS2ORD0010539,C012625,2025-03-25 11:00:00,Female,42,Silver,Shopee,Songkhla,183,TV_Show,COD,11,3,1,0,40-50,6.1,2.0,0.0,0.0,-1,30,7534.724999999999,0.2,0.0,0.0,0.0,0.0,0,0,0.0,0.0,0,0,0.0,15069.449999999999,2,0,0.0,15069.449999999999,2,0,0.0,0
LGS2ORD0010540,C010777,2025-03-25 11:00:00,Female,36,Platinum,Web,Phuket,507,Web,COD,11,3,1,0,30-40,16.9,0.0,0.0,0.0,-1,-1,0.0,0.0,0.0,0.0,0.0,0.0,0,0,0.0,0.0,0,0,0.0,0.0,0,0,0.0,0.0,0,0,0.0,0
LGS2ORD0010541,C012808,2025-03-25 11:00:00,Male,34,Bronze,Shopee,Songkhla,955,Lazada,Bank_Transfer,11,3,1,0,30-40,31.833333333333332,3.0,3.0,1.0,3,14,2669.9133333333334,0.23,0.6666666666666666,0.3333333333333333,0.0,0.0,0,0,0.0,1852.85,1,1,1.0,8009.74,3,3,1.0,8009.74,3,3,1.0,1
LGS2ORD0010542,C016744,2025-03-25 11:00:00,Female,27,Bronze,Web,Khon Kaen,1340,Web,PromptPay,11,3,1,0,20-30,44.666666666666664,2.0,0.0,0.0,-1,17,3493.81,0.13,0.5,0.0,0.0,0.0,0,0,0.0,1874.14,1,0,0.0,6987.62,2,0,0.0,6987.62,2,0,0.0,0
LGS2ORD0010543,C011558,2025-03-25 12:00:00,Female,29,Platinum,Lazada,Bangkok,763,Lazada,COD,12,3,1,0,20-30,25.433333333333334,0.0,0.0,0.0,-1,-1,0.0,0.0,0.0,0.0,0.0,0.0,0,0,0.0,0.0,0,0,0.0,0.0,0,0,0.0,0.0,0,0,0.0,0
LGS2ORD0010544,C011466,2025-03-25 12:00:00,Male,27,Gold,CallCenter,Bangkok,1102,Web,PromptPay,12,3,1,0,20-30,36.733333333333334,1.0,0.0,0.0,-1,7,1987.27,0.28,0.0,1.0,0.0,0.0,0,0,0.0,1987.27,1,0,0.0,1987.27,1,0,0.0,1987.27,1,0,0.0,0
LGS2ORD0010545,C016252,2025-03-25 12:00:00,Male,62,Bronze,Shopee,Nakhon Ratchasima,1390,Web,COD,12,3,1,0,>50,46.333333333333336,4.0,1.0,0.25,-1,7,5743.7575,0.23,0.75,0.5,0.0,0.0,0,0,0.0,6873.89,2,1,0.5,22975.03,4,1,0.25,22975.03,4,1,0.25,0
LGS2ORD0010546,C015619,2025-03-25 12:00:00,Female,36,Bronze,Web,Chiang Mai,187,TV_Show,Credit_Card,12,3,1,0,30-40,6.233333333333333,1.0,1.0,1.0,36,52,2936.61,0.03,0.0,0.0,0.0,0.0,0,0,0.0,0.0,0,0,0.0,2936.61,1,1,1.0,2936.61,1,1,1.0,0
LGS2ORD0010547,C014084,2025-03-25 12:00:00,Female,40,Bronze,TV,Nakhon Ratchasima,1120,Shopee,COD,12,3,1,0,30-40,37.333333333333336,4.0,0.0,0.0,-1,1,3670.165,0.08,0.0,0.0,0.0,8502.46,2,0,0.0,10721.44,3,0,0.0,14680.66,4,0,0.0,14680.66,4,0,0.0,0
LGS2ORD0010548,C014851,2025-03-25 13:00:00,Male,22,Silver,TV,Khon Kaen,99,CallCenter,COD,13,3,1,0,20-30,3.3,2.0,0.0,0.0,-1,18,3884.21,0.05,0.0,0.0,0.0,0.0,0,0,0.0,4867.78,1,0,0.0,7768.42,2,0,0.0,7768.42,2,0,0.0,0
LGS2ORD0010549,C016139,2025-03-25 13:00:00,Female,52,Bronze,TV,Phuket,1026,Web,PromptPay,13,3,1,0,>50,34.2,0.0,0.0,0.0,-1,-1,0.0,0.0,0.0,0.0,0.0,0.0,0,0,0.0,0.0,0,0,0.0,0.0,0,0,0.0,0.0,0,0,0.0,0
LGS2ORD0010550,C011519,2025-03-25 13:00:00,Male,59,Bronze,CallCenter,Remote_Area,439,Shopee,COD,13,3,1,0,>50,14.633333333333333,1.0,1.0,1.0,31,40,516.35,0.18,1.0,0.0,0.0,0.0,0,0,0.0,0.0,0,0,0.0,516.35,1,1,1.0,516.35,1,1,1.0,0
LGS2ORD0010551,C013110,2025-03-25 13:00:00,Male,42,Gold,Web,Bangkok,520,TV_Show,COD,13,3,1,0,40-50,17.333333333333332,3.0,0.0,0.0,-1,7,9028.833333333334,0.28,0.6666666666666666,0.3333333333333333,0.0,0.0,0,0,0.0,1186.27,1,0,0.0,27086.5,3,0,0.0,27086.5,3,0,0.0,0
LGS2ORD0010552,C014853,2025-03-25 13:00:00,Male,60,Platinum,Shopee,Chiang Mai,857,CallCenter,PromptPay,13,3,1,0,>50,28.566666666666666,0.0,0.0,0.0,-1,-1,0.0,0.0,0.0,0.0,0.0,0.0,0,0,0.0,0.0,0,0,0.0,0.0,0,0,0.0,0.0,0,0,0.0,0
LGS2ORD0010553,C014390,2025-03-25 14:00:00,Male,39,Bronze,Lazada,Bangkok,517,Web,COD,14,3,1,0,30-40,17.233333333333334,1.0,1.0,1.0,30,39,7226.94,0.23,1.0,1.0,0.0,0.0,0,0,0.0,0.0,0,0,0.0,7226.94,1,1,1.0,7226.94,1,1,1.0,1
LGS2ORD0010554,C015861,2025-03-25 14:00:00,Female,61,Silver,TV,Khon Kaen,531,CallCenter,COD,14,3,1,0,>50,17.7,2.0,0.0,0.0,-1,5,6439.9,0.05,0.5,0.0,0.0,9375.72,1,0,0.0,9375.72,1,0,0.0,12879.8,2,0,0.0,12879.8,2,0,0.0,1
LGS2ORD0010555,C011696,2025-03-25 14:00:00,Female,51,Silver,CallCenter,Bangkok,471,Lazada,COD,14,3,1,0,>50,15.7,3.0,2.0,0.6666666666666666,30,39,2402.7766666666666,0.25,1.0,0.3333333333333333,0.0,0.0,0,0,0.0,0.0,0,0,0.0,7208.33,3,2,0.6666666666666666,7208.33,3,2,0.6666666666666666,0
LGS2ORD0010556,C015591,2025-03-25 14:00:00,Female,18,Silver,TV,Chiang Mai,1353,CallCenter,Credit_Card,14,3,1,0,<20,45.1,0.0,0.0,0.0,-1,-1,0.0,0.0,0.0,0.0,0.0,0.0,0,0,0.0,0.0,0,0,0.0,0.0,0,0,0.0,0.0,0,0,0.0,0
LGS2ORD0010557,C011508,2025-03-25 14:00:00,Female,22,Silver,Lazada,Khon Kaen,842,Shopee,COD,14,3,1,0,20-30,28.066666666666666,1.0,0.0,0.0,-1,38,3423.08,0.3,0.0,1.0,0.0,0.0,0,0,0.0,0.0,0,0,0.0,3423.08,1,0,0.0,3423.08,1,0,0.0,0
LGS2ORD0010558,C014761,2025-03-25 15:00:00,Male,49,Bronze,TV,Remote_Area,1159,TV_Show,COD,15,3,1,0,40-50,38.63333333333333,1.0,1.0,1.0,27,35,2494.67,0.03,1.0,0.0,0.0,0.0,0,0,0.0,0.0,0,0,0.0,2494.67,1,1,1.0,2494.67,1,1,1.0,0
LGS2ORD0010559,C013672,2025-03-25 15:00:00,Male,38,Silver,TV,Remote_Area,540,CallCenter,COD,15,3,1,0,30-40,18.0,3.0,3.0,1.0,9,19,4533.943333333334,0.25,1.0,0.3333333333333333,0.0,0.0,0,0,0.0,7274.14,2,2,1.0,13601.830000000002,3,3,1.0,13601.830000000002,3,3,1.0,1
LGS2ORD0010560,C012262,2025-03-25 15:00:00,Male,43,Platinum,TV,Bangkok,727,Web,COD,15,3,1,0,40-50,24.233333333333334,1.0,0.0,0.0,-1,21,4851.81,0.1,0.0,0.0,0.0,0.0,0,0,0.0,4851.81,1,0,0.0,4851.81,1,0,0.0,4851.81,1,0,0.0,0
LGS2ORD0010561,C015668,2025-03-25 15:00:00,Male,57,Gold,Shopee,Chonburi,1130,Shopee,Bank_Transfer,15,3,1,0,>50,37.666666666666664,1.0,0.0,0.0,-1,61,6208.15,0.08,0.0,0.0,0.0,0.0,0,0,0.0,0.0,0,0,0.0,6208.15,1,0,0.0,6208.15,1,0,0.0,0
LGS2ORD0010562,C014178,2025-03-25 15:00:00,Female,37,Bronze,TV,Khon Kaen,1106,Shopee,COD,15,3,1,0,30-40,36.86666666666667,1.0,1.0,1.0,37,47,3706.37,0.03,0.0,0.0,0.0,0.0,0,0,0.0,0.0,0,0,0.0,3706.37,1,1,1.0,3706.37,1,1,1.0,0
LGS2ORD0010563,C013511,2025-03-25 15:00:00,Female,30,Platinum,Web,Bangkok,1164,TV_Show,COD,15,3,1,0,20-30,38.8,1.0,1.0,1.0,10,13,1263.07,0.35,1.0,1.0,0.0,0.0,0,0,0.0,1263.07,1,1,1.0,1263.07,1,1,1.0,1263.07,1,1,1.0,0
LGS2ORD0010564,C014482,2025-03-25 16:00:00,Female,55,Bronze,Web,Songkhla,327,TV_Show,COD,16,3,1,0,>50,10.9,5.0,1.0,0.2,6,10,3857.5099999999998,0.28,0.8,0.4,0.0,0.0,0,0,0.0,13419.179999999998,3,1,0.3333333333333333,19287.55,5,1,0.2,19287.55,5,1,0.2,1
LGS2ORD0010565,C015406,2025-03-25 16:00:00,Male,29,Bronze,TV,Bangkok,99,Shopee,Credit_Card,16,3,1,0,20-30,3.3,4.0,0.0,0.0,-1,26,2742.2825,0.18,0.5,0.0,0.0,0.0,0,0,0.0,859.62,1,0,0.0,10969.13,4,0,0.0,10969.13,4,0,0.0,0
LGS2ORD0010566,C011807,2025-03-25 16:00:00,Male,58,Gold,TV,Khon Kaen,206,Lazada,PromptPay,16,3,1,0,>50,6.866666666666666,0.0,0.0,0.0,-1,-1,0.0,0.0,0.0,0.0,0.0,0.0,0,0,0.0,0.0,0,0,0.0,0.0,0,0,0.0,0.0,0,0,0.0,0
LGS2ORD0010567,C013684,2025-03-25 16:00:00,Male,31,Bronze,Shopee,Bangkok,1157,TV_Show,COD,16,3,1,0,30-40,38.56666666666667,0.0,0.0,0.0,-1,-1,0.0,0.0,0.0,0.0,0.0,0.0,0,0,0.0,0.0,0,0,0.0,0.0,0,0,0.0,0.0,0,0,0.0,1
LGS2ORD0010568,C016076,2025-03-25 16:00:00,Female,42,Gold,Shopee,Bangkok,1410,CallCenter,PromptPay,16,3,1,0,40-50,47.0,1.0,0.0,0.0,-1,53,7752.3,0.2299999999999999,0.0,1.0,0.0,0.0,0,0,0.0,0.0,0,0,0.0,7752.3,1,0,0.0,7752.3,1,0,0.0,1
LGS2ORD0010569,C012269,2025-03-25 17:00:00,Male,32,Gold,Lazada,Bangkok,1363,Lazada,Credit_Card,17,3,1,0,30-40,45.43333333333333,2.0,1.0,0.5,48,43,1657.73,0.2299999999999999,0.0,0.5,0.0,0.0,0,0,0.0,0.0,0,0,0.0,3315.46,2,1,0.5,3315.46,2,1,0.5,0
LGS2ORD0010570,C011344,2025-03-25 17:00:00,Female,44,Bronze,Web,Nakhon Ratchasima,180,Web,PromptPay,17,3,1,0,40-50,6.0,0.0,0.0,0.0,-1,-1,0.0,0.0,0.0,0.0,0.0,0.0,0,0,0.0,0.0,0,0,0.0,0.0,0,0,0.0,0.0,0,0,0.0,0
LGS2ORD0010571,C014452,2025-03-25 17:00:00,Male,43,Bronze,Web,Nakhon Ratchasima,815,CallCenter,COD,17,3,1,0,40-50,27.166666666666668,0.0,0.0,0.0,-1,-1,0.0,0.0,0.0,0.0,0.0,0.0,0,0,0.0,0.0,0,0,0.0,0.0,0,0,0.0,0.0,0,0,0.0,1
LGS2ORD0010572,C017628,2025-03-25 17:00:00,Male,51,Bronze,Web,Nakhon Ratchasima,1337,Shopee,COD,17,3,1,0,>50,44.56666666666667,0.0,0.0,0.0,-1,-1,0.0,0.0,0.0,0.0,0.0,0.0,0,0,0.0,0.0,0,0,0.0,0.0,0,0,0.0,0.0,0,0,0.0,1
LGS2ORD0010573,C013793,2025-03-25 17:00:00,Female,33,Silver,Lazada,Phuket,536,CallCenter,Credit_Card,17,3,1,0,30-40,17.866666666666667,1.0,1.0,1.0,65,74,3384.18,0.25,0.0,1.0,0.0,0.0,0,0,0.0,0.0,0,0,0.0,3384.18,1,1,1.0,3384.18,1,1,1.0,1
LGS2ORD0010574,C010032,2025-03-25 18:00:00,Male,52,Silver,Shopee,Nakhon Ratchasima,298,Lazada,COD,18,3,1,0,>50,9.933333333333334,2.0,0.0,0.0,-1,33,1866.46,0.2,0.0,0.0,0.0,0.0,0,0,0.0,0.0,0,0,0.0,3732.92,2,0,0.0,3732.92,2,0,0.0,1
LGS2ORD0010575,C011375,2025-03-25 18:00:00,Male,37,Platinum,Shopee,Phuket,986,CallCenter,Bank_Transfer,18,3,1,0,30-40,32.86666666666667,1.0,0.0,0.0,-1,71,1756.3,0.1,1.0,0.0,0.0,0.0,0,0,0.0,0.0,0,0,0.0,1756.3,1,0,0.0,1756.3,1,0,0.0,0
LGS2ORD0010576,C014845,2025-03-25 18:00:00,Female,58,Silver,TV,Bangkok,749,Shopee,COD,18,3,1,0,>50,24.966666666666665,4.0,0.0,0.0,-1,21,3277.43,0.1,0.5,0.0,0.0,0.0,0,0,0.0,4464.07,1,0,0.0,13109.72,4,0,0.0,13109.72,4,0,0.0,0
LGS2ORD0010577,C015984,2025-03-25 18:00:00,Male,50,Silver,Shopee,Bangkok,1489,Web,Credit_Card,18,3,1,0,40-50,49.63333333333333,3.0,1.0,0.3333333333333333,27,40,5105.76,0.25,0.3333333333333333,0.3333333333333333,0.0,0.0,0,0,0.0,0.0,0,0,0.0,15317.28,3,1,0.3333333333333333,15317.28,3,1,0.3333333333333333,0
LGS2ORD0010578,C011962,2025-03-25 18:00:00,Female,38,Silver,Lazada,Remote_Area,1515,CallCenter,PromptPay,18,3,1,0,30-40,50.5,1.0,0.0,0.0,-1,50,10140.83,0.15,0.0,0.0,0.0,0.0,0,0,0.0,0.0,0,0,0.0,10140.83,1,0,0.0,10140.83,1,0,0.0,0
LGS2ORD0010579,C011282,2025-03-25 18:00:00,Male,52,Bronze,Web,Chiang Mai,968,TV_Show,COD,18,3,1,0,>50,32.266666666666666,2.0,0.0,0.0,-1,6,4465.735,0.28,0.5,0.5,0.0,3244.98,1,0,0.0,8931.47,2,0,0.0,8931.47,2,0,0.0,8931.47,2,0,0.0,1
LGS2ORD0010580,C013773,2025-03-25 19:00:00,Male,45,Gold,Web,Bangkok,1415,TV_Show,Credit_Card,19,3,1,0,40-50,47.166666666666664,1.0,0.0,0.0,-1,15,1671.33,0.13,0.0,0.0,0.0,0.0,0,0,0.0,1671.33,1,0,0.0,1671.33,1,0,0.0,1671.33,1,0,0.0,1
LGS2ORD0010581,C013358,2025-03-25 19:00:00,Female,71,Bronze,TV,Bangkok,263,Shopee,COD,19,3,1,0,>50,8.766666666666667,2.0,0.0,0.0,-1,69,3911.09,0.03,0.5,0.0,0.0,0.0,0,0,0.0,0.0,0,0,0.0,7822.18,2,0,0.0,7822.18,2,0,0.0,0
LGS2ORD0010582,C011442,2025-03-25 19:00:00,Female,59,Silver,TV,Phuket,361,Web,COD,19,3,1,0,>50,12.033333333333333,0.0,0.0,0.0,-1,-1,0.0,0.0,0.0,0.0,0.0,0.0,0,0,0.0,0.0,0,0,0.0,0.0,0,0,0.0,0.0,0,0,0.0,0
LGS2ORD0010583,C013517,2025-03-25 19:00:00,Female,36,Silver,TV,Bangkok,438,Shopee,COD,19,3,1,0,30-40,14.6,1.0,0.0,0.0,-1,19,1803.65,0.2,1.0,0.0,0.0,0.0,0,0,0.0,1803.65,1,0,0.0,1803.65,1,0,0.0,1803.65,1,0,0.0,0
LGS2ORD0010584,C016617,2025-03-25 19:00:00,Male,36,Platinum,TV,Bangkok,1238,Lazada,PromptPay,19,3,1,0,30-40,41.266666666666666,2.0,0.0,0.0,-1,10,6141.32,0.15,1.0,0.0,0.0,0.0,0,0,0.0,7735.2,1,0,0.0,12282.64,2,0,0.0,12282.64,2,0,0.0,0
LGS2ORD0010585,C012388,2025-03-25 20:00:00,Male,43,Bronze,Shopee,Phuket,432,Web,COD,20,3,1,0,40-50,14.4,4.0,1.0,0.25,9,4,15456.612500000001,0.18,0.5,0.0,0.0,16091.96,1,0,0.0,59313.04,3,1,0.3333333333333333,61826.450000000004,4,1,0.25,61826.450000000004,4,1,0.25,0
LGS2ORD0010586,C013982,2025-03-25 20:00:00,Female,39,Silver,Shopee,Nakhon Ratchasima,1465,CallCenter,COD,20,3,1,0,30-40,48.833333333333336,0.0,0.0,0.0,-1,-1,0.0,0.0,0.0,0.0,0.0,0.0,0,0,0.0,0.0,0,0,0.0,0.0,0,0,0.0,0.0,0,0,0.0,1
LGS2ORD0010587,C015224,2025-03-25 20:00:00,Female,30,Bronze,Web,Nakhon Ratchasima,390,CallCenter,PromptPay,20,3,1,0,20-30,13.0,3.0,0.0,0.0,-1,3,1887.9399999999998,0.23,1.0,0.6666666666666666,0.0,1222.15,1,0,0.0,1222.15,1,0,0.0,5663.82,3,0,0.0,5663.82,3,0,0.0,0
LGS2ORD0010588,C017388,2025-03-25 20:00:00,Female,30,Silver,CallCenter,Bangkok,1530,CallCenter,PromptPay,20,3,1,0,20-30,51.0,4.0,1.0,0.25,44,8,4312.2125,0.2,0.25,0.0,0.0,0.0,0,0,0.0,5756.18,2,0,0.0,17248.85,4,1,0.25,17248.85,4,1,0.25,0
LGS2ORD0010589,C016161,2025-03-25 20:00:00,Female,37,Silver,Web,Songkhla,679,Lazada,COD,20,3,1,0,30-40,22.633333333333333,3.0,1.0,0.3333333333333333,13,14,1087.1166666666668,0.1,0.3333333333333333,0.0,0.0,0.0,0,0,0.0,2336.44,2,1,0.5,3261.3500000000004,3,1,0.3333333333333333,3261.3500000000004,3,1,0.3333333333333333,1
LGS2ORD0010590,C011643,2025-03-25 21:00:00,Female,39,Platinum,Shopee,Bangkok,674,Lazada,PromptPay,21,3,1,0,30-40,22.466666666666665,0.0,0.0,0.0,-1,-1,0.0,0.0,0.0,0.0,0.0,0.0,0,0,0.0,0.0,0,0,0.0,0.0,0,0,0.0,0.0,0,0,0.0,0
LGS2ORD0010591,C011196,2025-03-25 21:00:00,Male,57,Bronze,Lazada,Bangkok,393,Lazada,Bank_Transfer,21,3,1,0,>50,13.1,2.0,0.0,0.0,-1,57,5620.485000000001,0.03,0.5,0.0,0.0,0.0,0,0,0.0,0.0,0,0,0.0,11240.970000000001,2,0,0.0,11240.970000000001,2,0,0.0,0
LGS2ORD0010592,C013130,2025-03-25 21:00:00,Other,56,Gold,CallCenter,Chiang Mai,896,Shopee,PromptPay,21,3,1,0,>50,29.866666666666667,4.0,0.0,0.0,-1,9,6455.134999999999,0.2299999999999999,0.75,0.25,0.0,0.0,0,0,0.0,8508.23,1,0,0.0,25820.539999999997,4,0,0.0,25820.539999999997,4,0,0.0,0
LGS2ORD0010593,C010737,2025-03-25 21:00:00,Male,62,Bronze,Lazada,Chonburi,1354,Shopee,Bank_Transfer,21,3,1,0,>50,45.13333333333333,1.0,0.0,0.0,-1,41,1009.7,0.23,1.0,1.0,0.0,0.0,0,0,0.0,0.0,0,0,0.0,1009.7,1,0,0.0,1009.7,1,0,0.0,1
LGS2ORD0010594,C016178,2025-03-25 21:00:00,Male,45,Bronze,Web,Chiang Mai,444,Shopee,COD,21,3,1,0,40-50,14.8,0.0,0.0,0.0,-1,-1,0.0,0.0,0.0,0.0,0.0,0.0,0,0,0.0,0.0,0,0,0.0,0.0,0,0,0.0,0.0,0,0,0.0,0
LGS2ORD0010595,C013297,2025-03-25 22:00:00,Female,48,Bronze,Web,Chonburi,580,TV_Show,COD,22,3,1,0,40-50,19.333333333333332,0.0,0.0,0.0,-1,-1,0.0,0.0,0.0,0.0,0.0,0.0,0,0,0.0,0.0,0,0,0.0,0.0,0,0,0.0,0.0,0,0,0.0,0
LGS2ORD0010596,C013348,2025-03-25 22:00:00,Female,52,Silver,Lazada,Bangkok,210,Shopee,Bank_Transfer,22,3,1,0,>50,7.0,2.0,2.0,1.0,5,16,2110.125,0.2,1.0,0.0,0.0,0.0,0,0,0.0,4220.25,2,2,1.0,4220.25,2,2,1.0,4220.25,2,2,1.0,0
LGS2ORD0010597,C013378,2025-03-25 22:00:00,Female,50,Bronze,Lazada,Bangkok,750,Shopee,COD,22,3,1,0,40-50,25.0,0.0,0.0,0.0,-1,-1,0.0,0.0,0.0,0.0,0.0,0.0,0,0,0.0,0.0,0,0,0.0,0.0,0,0,0.0,0.0,0,0,0.0,1
LGS2ORD0010598,C012556,2025-03-25 22:00:00,Female,38,Silver,CallCenter,Remote_Area,1339,Shopee,PromptPay,22,3,1,0,30-40,44.63333333333333,0.0,0.0,0.0,-1,-1,0.0,0.0,0.0,0.0,0.0,0.0,0,0,0.0,0.0,0,0,0.0,0.0,0,0,0.0,0.0,0,0,0.0,0
LGS2ORD0010599,C014537,2025-03-25 22:00:00,Male,47,Bronze,Web,Nakhon Ratchasima,1489,CallCenter,Bank_Transfer,22,3,1,0,40-50,49.63333333333333,0.0,0.0,0.0,-1,-1,0.0,0.0,0.0,0.0,0.0,0.0,0,0,0.0,0.0,0,0,0.0,0.0,0,0,0.0,0.0,0,0,0.0,0
LGS2ORD0010600,C015061,2025-03-25 22:00:00,Male,40,Gold,Web,Bangkok,1318,TV_Show,Bank_Transfer,22,3,1,0,30-40,43.93333333333333,1.0,0.0,0.0,-1,74,432.38,0.33,1.0,1.0,0.0,0.0,0,0,0.0,0.0,0,0,0.0,432.38,1,0,0.0,432.38,1,0,0.0,0
LGS2ORD0010601,C015923,2025-03-25 23:00:00,Male,59,Bronze,TV,Phuket,712,Shopee,COD,23,3,1,0,>50,23.733333333333334,0.0,0.0,0.0,-1,-1,0.0,0.0,0.0,0.0,0.0,0.0,0,0,0.0,0.0,0,0,0.0,0.0,0,0,0.0,0.0,0,0,0.0,1
LGS2ORD0010602,C011598,2025-03-25 23:00:00,Female,29,Silver,TV,Remote_Area,286,TV_Show,Credit_Card,23,3,1,0,20-30,9.533333333333333,1.0,0.0,0.0,-1,54,452.23,0.25,1.0,1.0,0.0,0.0,0,0,0.0,0.0,0,0,0.0,452.23,1,0,0.0,452.23,1,0,0.0,0
LGS2ORD0010603,C017047,2025-03-25 23:00:00,Male,50,Platinum,Shopee,Bangkok,1422,Web,COD,23,3,1,0,40-50,47.4,0.0,0.0,0.0,-1,-1,0.0,0.0,0.0,0.0,0.0,0.0,0,0,0.0,0.0,0,0,0.0,0.0,0,0,0.0,0.0,0,0,0.0,0
LGS2ORD0010604,C015275,2025-03-25 23:00:00,Female,45,Silver,Web,Bangkok,386,Shopee,COD,23,3,1,0,40-50,12.866666666666667,0.0,0.0,0.0,-1,-1,0.0,0.0,0.0,0.0,0.0,0.0,0,0,0.0,0.0,0,0,0.0,0.0,0,0,0.0,0.0,0,0,0.0,0
LGS2ORD0010605,C014324,2025-03-25 23:00:00,Female,33,Silver,TV,Khon Kaen,1474,CallCenter,COD,23,3,1,0,30-40,49.13333333333333,2.0,1.0,0.5,10,14,3990.5249999999996,0.2,1.0,0.0,0.0,0.0,0,0,0.0,5083.53,1,1,1.0,7981.049999999999,2,1,0.5,7981.049999999999,2,1,0.5,1
LGS2ORD0010606,C011277,2025-03-26 00:00:00,Other,40,Silver,Lazada,Bangkok,808,Web,COD,0,3,2,0,30-40,26.933333333333334,2.0,1.0,0.5,-8,3,4174.64,0.2,0.5,0.0,0.0,4085.6,1,1,1.0,4085.6,1,1,1.0,8349.28,2,1,0.5,8349.28,2,1,0.5,1
LGS2ORD0010607,C013142,2025-03-26 00:00:00,Female,49,Silver,Shopee,Bangkok,1235,CallCenter,COD,0,3,2,0,40-50,41.166666666666664,1.0,0.0,0.0,-1,15,787.44,0.2,1.0,0.0,0.0,0.0,0,0,0.0,787.44,1,0,0.0,787.44,1,0,0.0,787.44,1,0,0.0,1
LGS2ORD0010608,C016997,2025-03-26 00:00:00,Male,23,Bronze,TV,Nakhon Ratchasima,1037,Lazada,COD,0,3,2,0,20-30,34.56666666666667,0.0,0.0,0.0,-1,-1,0.0,0.0,0.0,0.0,0.0,0.0,0,0,0.0,0.0,0,0,0.0,0.0,0,0,0.0,0.0,0,0,0.0,0
LGS2ORD0010609,C011003,2025-03-26 00:00:00,Male,52,Silver,CallCenter,Khon Kaen,557,CallCenter,PromptPay,0,3,2,0,>50,18.566666666666666,0.0,0.0,0.0,-1,-1,0.0,0.0,0.0,0.0,0.0,0.0,0,0,0.0,0.0,0,0,0.0,0.0,0,0,0.0,0.0,0,0,0.0,0
LGS2ORD0010610,C016820,2025-03-26 00:00:00,Female,38,Silver,Shopee,Phuket,946,CallCenter,PromptPay,0,3,2,0,30-40,31.533333333333335,3.0,1.0,0.3333333333333333,43,11,3130.11,0.25,0.6666666666666666,0.3333333333333333,0.0,0.0,0,0,0.0,4253.95,1,0,0.0,9390.33,3,1,0.3333333333333333,9390.33,3,1,0.3333333333333333,0
LGS2ORD0010611,C011780,2025-03-26 01:00:00,Male,38,Silver,TV,Phuket,1466,Web,COD,1,3,2,0,30-40,48.86666666666667,1.0,0.0,0.0,-1,38,1126.28,0.25,0.0,1.0,0.0,0.0,0,0,0.0,0.0,0,0,0.0,1126.28,1,0,0.0,1126.28,1,0,0.0,0
LGS2ORD0010612,C011356,2025-03-26 01:00:00,Female,58,Bronze,Shopee,Chiang Mai,179,Lazada,PromptPay,1,3,2,0,>50,5.966666666666667,2.0,1.0,0.5,-5,4,3607.7799999999997,0.28,0.5,0.5,0.0,1035.19,1,1,1.0,1035.19,1,1,1.0,7215.5599999999995,2,1,0.5,7215.5599999999995,2,1,0.5,0
LGS2ORD0010613,C013274,2025-03-26 01:00:00,Female,63,Silver,Shopee,Phuket,477,Lazada,Bank_Transfer,1,3,2,0,>50,15.9,0.0,0.0,0.0,-1,-1,0.0,0.0,0.0,0.0,0.0,0.0,0,0,0.0,0.0,0,0,0.0,0.0,0,0,0.0,0.0,0,0,0.0,0
LGS2ORD0010614,C011958,2025-03-26 01:00:00,Male,26,Bronze,CallCenter,Phuket,1520,CallCenter,Bank_Transfer,1,3,2,0,20-30,50.666666666666664,0.0,0.0,0.0,-1,-1,0.0,0.0,0.0,0.0,0.0,0.0,0,0,0.0,0.0,0,0,0.0,0.0,0,0,0.0,0.0,0,0,0.0,0
LGS2ORD0010615,C010884,2025-03-26 01:00:00,Female,33,Gold,CallCenter,Nakhon Ratchasima,387,Web,COD,1,3,2,0,30-40,12.9,2.0,1.0,0.5,29,41,2610.7200000000003,0.2299999999999999,0.5,0.5,0.0,0.0,0,0,0.0,0.0,0,0,0.0,5221.4400000000005,2,1,0.5,5221.4400000000005,2,1,0.5,0
LGS2ORD0010616,C013722,2025-03-26 02:00:00,Male,53,Gold,Web,Chonburi,122,Shopee,COD,2,3,2,0,>50,4.066666666666666,0.0,0.0,0.0,-1,-1,0.0,0.0,0.0,0.0,0.0,0.0,0,0,0.0,0.0,0,0,0.0,0.0,0,0,0.0,0.0,0,0,0.0,0
LGS2ORD0010617,C010768,2025-03-26 02:00:00,Female,59,Silver,Shopee,Bangkok,385,Web,COD,2,3,2,0,>50,12.833333333333334,2.0,0.0,0.0,-1,10,1008.3699999999999,0.3,0.5,1.0,0.0,0.0,0,0,0.0,945.15,1,0,0.0,2016.7399999999998,2,0,0.0,2016.7399999999998,2,0,0.0,0
LGS2ORD0010618,C014386,2025-03-26 02:00:00,Male,64,Bronze,TV,Chiang Mai,876,CallCenter,COD,2,3,2,0,>50,29.2,1.0,0.0,0.0,-1,29,5843.85,0.08,0.0,0.0,0.0,0.0,0,0,0.0,5843.85,1,0,0.0,5843.85,1,0,0.0,5843.85,1,0,0.0,0
LGS2ORD0010619,C011132,2025-03-26 02:00:00,Female,39,Bronze,TV,Khon Kaen,839,TV_Show,COD,2,3,2,0,30-40,27.966666666666665,4.0,2.0,0.5,19,9,7843.459999999999,0.28,0.75,0.5,0.0,0.0,0,0,0.0,8772.369999999999,2,1,0.5,31373.839999999997,4,2,0.5,31373.839999999997,4,2,0.5,0
LGS2ORD0010620,C010377,2025-03-26 02:00:00,Female,43,Bronze,Lazada,Songkhla,290,CallCenter,COD,2,3,2,0,40-50,9.666666666666666,3.0,2.0,0.6666666666666666,18,8,2176.4,0.18,0.6666666666666666,0.0,0.0,0.0,0,0,0.0,6173.06,2,1,0.5,6529.200000000001,3,2,0.6666666666666666,6529.200000000001,3,2,0.6666666666666666,0
LGS2ORD0010621,C010508,2025-03-26 02:00:00,Male,57,Bronze,TV,Chiang Mai,510,TV_Show,PromptPay,2,3,2,0,>50,17.0,0.0,0.0,0.0,-1,-1,0.0,0.0,0.0,0.0,0.0,0.0,0,0,0.0,0.0,0,0,0.0,0.0,0,0,0.0,0.0,0,0,0.0,1
LGS2ORD0010622,C016361,2025-03-26 03:00:00,Female,34,Silver,Web,Bangkok,106,Lazada,Credit_Card,3,3,2,0,30-40,3.533333333333333,2.0,0.0,0.0,-1,29,1290.63,0.2,0.0,0.0,0.0,0.0,0,0,0.0,1118.32,1,0,0.0,2581.26,2,0,0.0,2581.26,2,0,0.0,0
LGS2ORD0010623,C011669,2025-03-26 03:00:00,Male,35,Bronze,Lazada,Remote_Area,346,CallCenter,Credit_Card,3,3,2,0,30-40,11.533333333333333,1.0,0.0,0.0,-1,81,1204.48,0.03,1.0,0.0,0.0,0.0,0,0,0.0,0.0,0,0,0.0,1204.48,1,0,0.0,1204.48,1,0,0.0,0
LGS2ORD0010624,C010575,2025-03-26 03:00:00,Male,52,Gold,TV,Bangkok,1092,Shopee,Credit_Card,3,3,2,0,>50,36.4,0.0,0.0,0.0,-1,-1,0.0,0.0,0.0,0.0,0.0,0.0,0,0,0.0,0.0,0,0,0.0,0.0,0,0,0.0,0.0,0,0,0.0,0
LGS2ORD0010625,C011627,2025-03-26 03:00:00,Female,40,Gold,Web,Bangkok,829,Lazada,PromptPay,3,3,2,0,30-40,27.633333333333333,0.0,0.0,0.0,-1,-1,0.0,0.0,0.0,0.0,0.0,0.0,0,0,0.0,0.0,0,0,0.0,0.0,0,0,0.0,0.0,0,0,0.0,0
LGS2ORD0010626,C013816,2025-03-26 03:00:00,Female,44,Bronze,TV,Bangkok,1104,CallCenter,COD,3,3,2,0,40-50,36.8,2.0,1.0,0.5,68,17,5344.34,0.23,1.0,0.5,0.0,0.0,0,0,0.0,1337.37,1,0,0.0,10688.68,2,1,0.5,10688.68,2,1,0.5,0
LGS2ORD0010627,C013557,2025-03-26 04:00:00,Male,31,Gold,TV,Chiang Mai,1295,Shopee,COD,4,3,2,0,30-40,43.166666666666664,1.0,0.0,0.0,-1,80,712.34,0.33,0.0,1.0,0.0,0.0,0,0,0.0,0.0,0,0,0.0,712.34,1,0,0.0,712.34,1,0,0.0,0
LGS2ORD0010628,C012415,2025-03-26 04:00:00,Female,54,Gold,TV,Phuket,482,TV_Show,COD,4,3,2,0,>50,16.066666666666666,2.0,1.0,0.5,44,50,9588.28,0.18,0.5,0.0,0.0,0.0,0,0,0.0,0.0,0,0,0.0,19176.56,2,1,0.5,19176.56,2,1,0.5,1
LGS2ORD0010629,C016443,2025-03-26 04:00:00,Male,44,Silver,Web,Bangkok,1523,Web,PromptPay,4,3,2,0,40-50,50.766666666666666,5.0,2.0,0.4,-1,4,8018.535999999998,0.25,0.8,0.2,0.0,4471.41,1,1,1.0,35939.84,3,1,0.3333333333333333,40092.67999999999,5,2,0.4,40092.67999999999,5,2,0.4,0
LGS2ORD0010630,C014630,2025-03-26 04:00:00,Male,49,Bronze,TV,Chiang Mai,1281,CallCenter,COD,4,3,2,0,40-50,42.7,1.0,1.0,1.0,65,82,1882.0,0.13,0.0,0.0,0.0,0.0,0,0,0.0,0.0,0,0,0.0,1882.0,1,1,1.0,1882.0,1,1,1.0,1
LGS2ORD0010631,C011187,2025-03-26 04:00:00,Male,50,Bronze,Shopee,Nakhon Ratchasima,997,CallCenter,Bank_Transfer,4,3,2,0,40-50,33.233333333333334,0.0,0.0,0.0,-1,-1,0.0,0.0,0.0,0.0,0.0,0.0,0,0,0.0,0.0,0,0,0.0,0.0,0,0,0.0,0.0,0,0,0.0,0
LGS2ORD0010632,C013155,2025-03-26 05:00:00,Female,72,Silver,Lazada,Khon Kaen,277,Lazada,Bank_Transfer,5,3,2,0,>50,9.233333333333333,3.0,1.0,0.3333333333333333,30,1,5883.033333333333,0.3,0.0,0.6666666666666666,0.0,5089.59,1,0,0.0,10615.73,2,0,0.0,17649.1,3,1,0.3333333333333333,17649.1,3,1,0.3333333333333333,0
LGS2ORD0010633,C012173,2025-03-26 05:00:00,Male,40,Bronze,Shopee,Songkhla,353,Shopee,COD,5,3,2,0,30-40,11.766666666666667,0.0,0.0,0.0,-1,-1,0.0,0.0,0.0,0.0,0.0,0.0,0,0,0.0,0.0,0,0,0.0,0.0,0,0,0.0,0.0,0,0,0.0,0
LGS2ORD0010634,C017320,2025-03-26 05:00:00,Male,52,Silver,Web,Bangkok,937,Shopee,Credit_Card,5,3,2,0,>50,31.233333333333334,1.0,0.0,0.0,-1,48,25167.13,0.1,0.0,0.0,0.0,0.0,0,0,0.0,0.0,0,0,0.0,25167.13,1,0,0.0,25167.13,1,0,0.0,0
LGS2ORD0010635,C010661,2025-03-26 05:00:00,Female,46,Bronze,Web,Phuket,1218,Web,COD,5,3,2,0,40-50,40.6,1.0,1.0,1.0,52,56,2953.66,0.03,0.0,0.0,0.0,0.0,0,0,0.0,0.0,0,0,0.0,2953.66,1,1,1.0,2953.66,1,1,1.0,0
LGS2ORD0010636,C015891,2025-03-26 05:00:00,Female,40,Bronze,TV,Phuket,518,TV_Show,Credit_Card,5,3,2,0,30-40,17.266666666666666,1.0,0.0,0.0,-1,38,16250.4,0.08,1.0,0.0,0.0,0.0,0,0,0.0,0.0,0,0,0.0,16250.4,1,0,0.0,16250.4,1,0,0.0,1
LGS2ORD0010637,C012869,2025-03-26 06:00:00,Female,51,Bronze,Lazada,Chiang Mai,275,Shopee,COD,6,3,2,0,>50,9.166666666666666,2.0,0.0,0.0,-1,28,11430.45,0.18,0.5,0.0,0.0,0.0,0,0,0.0,3130.02,1,0,0.0,22860.9,2,0,0.0,22860.9,2,0,0.0,1
LGS2ORD0010638,C016015,2025-03-26 06:00:00,Female,35,Platinum,TV,Chonburi,410,TV_Show,PromptPay,6,3,2,0,30-40,13.666666666666666,1.0,0.0,0.0,-1,82,5809.81,0.1,0.0,0.0,0.0,0.0,0,0,0.0,0.0,0,0,0.0,5809.81,1,0,0.0,5809.81,1,0,0.0,0
LGS2ORD0010639,C017178,2025-03-26 06:00:00,Male,45,Bronze,TV,Phuket,1065,Web,COD,6,3,2,0,40-50,35.5,1.0,1.0,1.0,58,70,2574.24,0.18,1.0,0.0,0.0,0.0,0,0,0.0,0.0,0,0,0.0,2574.24,1,1,1.0,2574.24,1,1,1.0,1
LGS2ORD0010640,C013562,2025-03-26 06:00:00,Male,56,Bronze,Lazada,Remote_Area,808,TV_Show,COD,6,3,2,0,>50,26.933333333333334,2.0,1.0,0.5,47,41,9092.5,0.23,0.5,0.5,0.0,0.0,0,0,0.0,0.0,0,0,0.0,18185.0,2,1,0.5,18185.0,2,1,0.5,0
LGS2ORD0010641,C015050,2025-03-26 06:00:00,Female,37,Silver,TV,Songkhla,666,Shopee,COD,6,3,2,0,30-40,22.2,1.0,0.0,0.0,-1,23,1413.06,0.05,0.0,0.0,0.0,0.0,0,0,0.0,1413.06,1,0,0.0,1413.06,1,0,0.0,1413.06,1,0,0.0,0
LGS2ORD0010642,C012297,2025-03-26 06:00:00,Female,32,Gold,Lazada,Bangkok,1407,TV_Show,PromptPay,6,3,2,0,30-40,46.9,0.0,0.0,0.0,-1,-1,0.0,0.0,0.0,0.0,0.0,0.0,0,0,0.0,0.0,0,0,0.0,0.0,0,0,0.0,0.0,0,0,0.0,0
LGS2ORD0010643,C013590,2025-03-26 07:00:00,Female,30,Bronze,Web,Bangkok,517,Web,COD,7,3,2,0,20-30,17.233333333333334,0.0,0.0,0.0,-1,-1,0.0,0.0,0.0,0.0,0.0,0.0,0,0,0.0,0.0,0,0,0.0,0.0,0,0,0.0,0.0,0,0,0.0,0
LGS2ORD0010644,C017531,2025-03-26 07:00:00,Male,27,Silver,CallCenter,Nakhon Ratchasima,690,Shopee,Credit_Card,7,3,2,0,20-30,23.0,2.0,0.0,0.0,-1,55,9199.91,0.2,0.5,0.0,0.0,0.0,0,0,0.0,0.0,0,0,0.0,18399.82,2,0,0.0,18399.82,2,0,0.0,1
LGS2ORD0010645,C015949,2025-03-26 07:00:00,Female,46,Bronze,TV,Nakhon Ratchasima,1057,Web,Credit_Card,7,3,2,0,40-50,35.233333333333334,2.0,0.0,0.0,-1,3,8287.76,0.23,0.5,0.5,0.0,859.46,1,0,0.0,859.46,1,0,0.0,16575.52,2,0,0.0,16575.52,2,0,0.0,0
LGS2ORD0010646,C013220,2025-03-26 07:00:00,Female,30,Silver,CallCenter,Bangkok,1381,TV_Show,Credit_Card,7,3,2,0,20-30,46.03333333333333,2.0,0.0,0.0,-1,60,1737.26,0.2,0.0,0.0,0.0,0.0,0,0,0.0,0.0,0,0,0.0,3474.52,2,0,0.0,3474.52,2,0,0.0,0
LGS2ORD0010647,C011513,2025-03-26 07:00:00,Other,35,Bronze,Lazada,Bangkok,1098,Shopee,PromptPay,7,3,2,0,30-40,36.6,1.0,1.0,1.0,32,45,529.84,0.18,1.0,0.0,0.0,0.0,0,0,0.0,0.0,0,0,0.0,529.84,1,1,1.0,529.84,1,1,1.0,0
LGS2ORD0010648,C017924,2025-03-26 08:00:00,Male,39,Gold,Shopee,Chiang Mai,214,TV_Show,COD,8,3,2,0,30-40,7.133333333333334,2.0,0.0,0.0,-1,10,2713.12,0.28,0.0,0.5,0.0,0.0,0,0,0.0,5426.24,2,0,0.0,5426.24,2,0,0.0,5426.24,2,0,0.0,1
LGS2ORD0010649,C015589,2025-03-26 08:00:00,Female,42,Bronze,Web,Chonburi,934,Web,COD,8,3,2,0,40-50,31.133333333333333,0.0,0.0,0.0,-1,-1,0.0,0.0,0.0,0.0,0.0,0.0,0,0,0.0,0.0,0,0,0.0,0.0,0,0,0.0,0.0,0,0,0.0,0
LGS2ORD0010650,C017362,2025-03-26 08:00:00,Female,39,Gold,CallCenter,Bangkok,1223,Web,Credit_Card,8,3,2,0,30-40,40.766666666666666,1.0,0.0,0.0,-1,80,9309.06,0.13,0.0,0.0,0.0,0.0,0,0,0.0,0.0,0,0,0.0,9309.06,1,0,0.0,9309.06,1,0,0.0,0
LGS2ORD0010651,C014375,2025-03-26 08:00:00,Male,61,Silver,CallCenter,Bangkok,1108,Web,COD,8,3,2,0,>50,36.93333333333333,3.0,1.0,0.3333333333333333,70,39,11155.006666666666,0.3,0.3333333333333333,0.3333333333333333,0.0,0.0,0,0,0.0,0.0,0,0,0.0,33465.02,3,1,0.3333333333333333,33465.02,3,1,0.3333333333333333,0
LGS2ORD0010652,C013591,2025-03-26 08:00:00,Male,31,Silver,TV,Remote_Area,476,TV_Show,COD,8,3,2,0,30-40,15.866666666666667,1.0,0.0,0.0,-1,12,3005.26,0.2,1.0,0.0,0.0,0.0,0,0,0.0,3005.26,1,0,0.0,3005.26,1,0,0.0,3005.26,1,0,0.0,0
LGS2ORD0010653,C017674,2025-03-26 09:00:00,Female,50,Gold,Lazada,Chonburi,1375,Web,Credit_Card,9,3,2,0,40-50,45.833333333333336,0.0,0.0,0.0,-1,-1,0.0,0.0,0.0,0.0,0.0,0.0,0,0,0.0,0.0,0,0,0.0,0.0,0,0,0.0,0.0,0,0,0.0,0
LGS2ORD0010654,C016098,2025-03-26 09:00:00,Female,46,Bronze,Lazada,Chiang Mai,399,Shopee,Bank_Transfer,9,3,2,0,40-50,13.3,0.0,0.0,0.0,-1,-1,0.0,0.0,0.0,0.0,0.0,0.0,0,0,0.0,0.0,0,0,0.0,0.0,0,0,0.0,0.0,0,0,0.0,0
LGS2ORD0010655,C012582,2025-03-26 09:00:00,Male,38,Silver,TV,Phuket,1195,Lazada,Credit_Card,9,3,2,0,30-40,39.833333333333336,0.0,0.0,0.0,-1,-1,0.0,0.0,0.0,0.0,0.0,0.0,0,0,0.0,0.0,0,0,0.0,0.0,0,0,0.0,0.0,0,0,0.0,0
LGS2ORD0010656,C014973,2025-03-26 09:00:00,Male,27,Silver,TV,Chiang Mai,947,Shopee,Bank_Transfer,9,3,2,0,20-30,31.566666666666666,2.0,0.0,0.0,-1,56,3981.8999999999996,0.3,0.5,0.5,0.0,0.0,0,0,0.0,0.0,0,0,0.0,7963.799999999999,2,0,0.0,7963.799999999999,2,0,0.0,0
LGS2ORD0010657,C015424,2025-03-26 09:00:00,Male,37,Gold,Web,Khon Kaen,130,Shopee,COD,9,3,2,0,30-40,4.333333333333333,1.0,0.0,0.0,-1,71,1115.59,0.13,0.0,0.0,0.0,0.0,0,0,0.0,0.0,0,0,0.0,1115.59,1,0,0.0,1115.59,1,0,0.0,0
LGS2ORD0010658,C012319,2025-03-26 10:00:00,Male,40,Bronze,TV,Remote_Area,272,CallCenter,COD,10,3,2,0,30-40,9.066666666666666,3.0,2.0,0.6666666666666666,3,14,1493.75,0.23,0.3333333333333333,0.3333333333333333,0.0,0.0,0,0,0.0,1015.19,1,1,1.0,4481.25,3,2,0.6666666666666666,4481.25,3,2,0.6666666666666666,1
LGS2ORD0010659,C017681,2025-03-26 10:00:00,Female,41,Silver,Shopee,Phuket,1299,Lazada,COD,10,3,2,0,40-50,43.3,1.0,0.0,0.0,-1,58,8766.2,0.05,0.0,0.0,0.0,0.0,0,0,0.0,0.0,0,0,0.0,8766.2,1,0,0.0,8766.2,1,0,0.0,1
LGS2ORD0010660,C013480,2025-03-26 10:00:00,Male,45,Bronze,Shopee,Chiang Mai,1302,CallCenter,PromptPay,10,3,2,0,40-50,43.4,0.0,0.0,0.0,-1,-1,0.0,0.0,0.0,0.0,0.0,0.0,0,0,0.0,0.0,0,0,0.0,0.0,0,0,0.0,0.0,0,0,0.0,1
LGS2ORD0010661,C013836,2025-03-26 10:00:00,Female,59,Bronze,Shopee,Songkhla,1217,Shopee,Credit_Card,10,3,2,0,>50,40.56666666666667,1.0,0.0,0.0,-1,64,6429.77,0.23,1.0,1.0,0.0,0.0,0,0,0.0,0.0,0,0,0.0,6429.77,1,0,0.0,6429.77,1,0,0.0,0
LGS2ORD0010662,C014804,2025-03-26 10:00:00,Male,27,Bronze,Lazada,Songkhla,1429,TV_Show,PromptPay,10,3,2,0,20-30,47.63333333333333,1.0,0.0,0.0,-1,57,6546.82,0.08,0.0,0.0,0.0,0.0,0,0,0.0,0.0,0,0,0.0,6546.82,1,0,0.0,6546.82,1,0,0.0,0
LGS2ORD0010663,C014414,2025-03-26 10:00:00,Male,46,Bronze,TV,Chiang Mai,1283,TV_Show,Credit_Card,10,3,2,0,40-50,42.766666666666666,3.0,1.0,0.3333333333333333,-4,11,1476.4633333333331,0.28,0.6666666666666666,0.3333333333333333,0.0,0.0,0,0,0.0,1711.15,1,1,1.0,4429.389999999999,3,1,0.3333333333333333,4429.389999999999,3,1,0.3333333333333333,0
LGS2ORD0010664,C015714,2025-03-26 11:00:00,Male,35,Platinum,Web,Khon Kaen,944,Shopee,PromptPay,11,3,2,0,30-40,31.466666666666665,1.0,1.0,1.0,15,24,14020.96,0.3,1.0,1.0,0.0,0.0,0,0,0.0,14020.96,1,1,1.0,14020.96,1,1,1.0,14020.96,1,1,1.0,0
LGS2ORD0010665,C010074,2025-03-26 11:00:00,Female,61,Platinum,TV,Chiang Mai,974,Web,COD,11,3,2,0,>50,32.46666666666667,3.0,0.0,0.0,-1,53,8136.063333333334,0.2,0.6666666666666666,0.0,0.0,0.0,0,0,0.0,0.0,0,0,0.0,24408.190000000002,3,0,0.0,24408.190000000002,3,0,0.0,0
LGS2ORD0010666,C017413,2025-03-26 11:00:00,Female,21,Gold,CallCenter,Bangkok,1066,Shopee,COD,11,3,2,0,20-30,35.53333333333333,2.0,2.0,1.0,27,39,7767.735000000001,0.2299999999999999,0.5,1.0,0.0,0.0,0,0,0.0,0.0,0,0,0.0,15535.470000000001,2,2,1.0,15535.470000000001,2,2,1.0,0
LGS2ORD0010667,C011917,2025-03-26 11:00:00,Male,48,Silver,TV,Bangkok,932,Web,COD,11,3,2,0,40-50,31.066666666666666,0.0,0.0,0.0,-1,-1,0.0,0.0,0.0,0.0,0.0,0.0,0,0,0.0,0.0,0,0,0.0,0.0,0,0,0.0,0.0,0,0,0.0,1
LGS2ORD0010668,C015482,2025-03-26 11:00:00,Female,49,Silver,Lazada,Chiang Mai,1307,Lazada,Credit_Card,11,3,2,0,40-50,43.56666666666667,0.0,0.0,0.0,-1,-1,0.0,0.0,0.0,0.0,0.0,0.0,0,0,0.0,0.0,0,0,0.0,0.0,0,0,0.0,0.0,0,0,0.0,0
LGS2ORD0010669,C017037,2025-03-26 12:00:00,Female,41,Bronze,Web,Bangkok,1219,Shopee,COD,12,3,2,0,40-50,40.63333333333333,3.0,0.0,0.0,-1,21,4122.526666666667,0.28,0.3333333333333333,0.3333333333333333,0.0,0.0,0,0,0.0,6329.95,2,0,0.0,12367.58,3,0,0.0,12367.58,3,0,0.0,0
LGS2ORD0010670,C017254,2025-03-26 12:00:00,Male,56,Gold,TV,Bangkok,1392,Shopee,COD,12,3,2,0,>50,46.4,0.0,0.0,0.0,-1,-1,0.0,0.0,0.0,0.0,0.0,0.0,0,0,0.0,0.0,0,0,0.0,0.0,0,0,0.0,0.0,0,0,0.0,0
LGS2ORD0010671,C013523,2025-03-26 12:00:00,Female,45,Gold,TV,Phuket,777,CallCenter,Credit_Card,12,3,2,0,40-50,25.9,1.0,0.0,0.0,-1,20,16611.23,0.08,0.0,0.0,0.0,0.0,0,0,0.0,16611.23,1,0,0.0,16611.23,1,0,0.0,16611.23,1,0,0.0,0
LGS2ORD0010672,C013929,2025-03-26 12:00:00,Male,19,Platinum,Web,Bangkok,905,CallCenter,Bank_Transfer,12,3,2,0,<20,30.166666666666668,0.0,0.0,0.0,-1,-1,0.0,0.0,0.0,0.0,0.0,0.0,0,0,0.0,0.0,0,0,0.0,0.0,0,0,0.0,0.0,0,0,0.0,0
LGS2ORD0010673,C010996,2025-03-26 12:00:00,Female,48,Bronze,Web,Chiang Mai,462,Lazada,PromptPay,12,3,2,0,40-50,15.4,0.0,0.0,0.0,-1,-1,0.0,0.0,0.0,0.0,0.0,0.0,0,0,0.0,0.0,0,0,0.0,0.0,0,0,0.0,0.0,0,0,0.0,0
LGS2ORD0010674,C016751,2025-03-26 13:00:00,Male,18,Bronze,TV,Nakhon Ratchasima,429,Lazada,COD,13,3,2,0,<20,14.3,0.0,0.0,0.0,-1,-1,0.0,0.0,0.0,0.0,0.0,0.0,0,0,0.0,0.0,0,0,0.0,0.0,0,0,0.0,0.0,0,0,0.0,0
LGS2ORD0010675,C011517,2025-03-26 13:00:00,Male,50,Bronze,Shopee,Nakhon Ratchasima,158,Web,Bank_Transfer,13,3,2,0,40-50,5.266666666666667,2.0,0.0,0.0,-1,41,1086.535,0.18,0.5,0.0,0.0,0.0,0,0,0.0,0.0,0,0,0.0,2173.07,2,0,0.0,2173.07,2,0,0.0,0
LGS2ORD0010676,C012537,2025-03-26 13:00:00,Other,33,Bronze,TV,Bangkok,894,Web,PromptPay,13,3,2,0,30-40,29.8,1.0,1.0,1.0,39,45,8715.31,0.23,0.0,1.0,0.0,0.0,0,0,0.0,0.0,0,0,0.0,8715.31,1,1,1.0,8715.31,1,1,1.0,0
LGS2ORD0010677,C011667,2025-03-26 13:00:00,Male,41,Bronze,Shopee,Remote_Area,442,Shopee,Credit_Card,13,3,2,0,40-50,14.733333333333333,0.0,0.0,0.0,-1,-1,0.0,0.0,0.0,0.0,0.0,0.0,0,0,0.0,0.0,0,0,0.0,0.0,0,0,0.0,0.0,0,0,0.0,0
LGS2ORD0010678,C010370,2025-03-26 13:00:00,Female,36,Bronze,CallCenter,Nakhon Ratchasima,1260,CallCenter,Credit_Card,13,3,2,0,30-40,42.0,1.0,0.0,0.0,-1,11,10878.8,0.08,0.0,0.0,0.0,0.0,0,0,0.0,10878.8,1,0,0.0,10878.8,1,0,0.0,10878.8,1,0,0.0,1
LGS2ORD0010679,C014768,2025-03-26 14:00:00,Female,53,Gold,Shopee,Bangkok,1123,Lazada,Credit_Card,14,3,2,0,>50,37.43333333333333,2.0,0.0,0.0,-1,5,12674.525,0.18,0.0,0.0,0.0,22697.26,1,0,0.0,22697.26,1,0,0.0,25349.05,2,0,0.0,25349.05,2,0,0.0,0
LGS2ORD0010680,C017848,2025-03-26 14:00:00,Male,44,Silver,TV,Chonburi,480,Web,COD,14,3,2,0,40-50,16.0,2.0,0.0,0.0,-1,17,4586.42,0.2,0.5,0.0,0.0,0.0,0,0,0.0,628.35,1,0,0.0,9172.84,2,0,0.0,9172.84,2,0,0.0,0
LGS2ORD0010681,C011729,2025-03-26 14:00:00,Female,55,Gold,Web,Chonburi,1132,CallCenter,Bank_Transfer,14,3,2,0,>50,37.733333333333334,0.0,0.0,0.0,-1,-1,0.0,0.0,0.0,0.0,0.0,0.0,0,0,0.0,0.0,0,0,0.0,0.0,0,0,0.0,0.0,0,0,0.0,0
LGS2ORD0010682,C016022,2025-03-26 14:00:00,Male,43,Silver,Lazada,Chonburi,175,TV_Show,PromptPay,14,3,2,0,40-50,5.833333333333333,1.0,0.0,0.0,-1,52,8137.99,0.3,0.0,1.0,0.0,0.0,0,0,0.0,0.0,0,0,0.0,8137.99,1,0,0.0,8137.99,1,0,0.0,0
LGS2ORD0010683,C013365,2025-03-26 14:00:00,Male,38,Silver,Web,Bangkok,984,Lazada,Credit_Card,14,3,2,0,30-40,32.8,3.0,2.0,0.6666666666666666,33,11,2800.66,0.2,0.0,0.0,0.0,0.0,0,0,0.0,3307.84,1,0,0.0,8401.98,3,2,0.6666666666666666,8401.98,3,2,0.6666666666666666,0
LGS2ORD0010684,C012578,2025-03-26 14:00:00,Female,41,Bronze,Web,Chiang Mai,648,TV_Show,Bank_Transfer,14,3,2,0,40-50,21.6,2.0,0.0,0.0,-1,79,1996.215,0.23,0.0,0.5,0.0,0.0,0,0,0.0,0.0,0,0,0.0,3992.43,2,0,0.0,3992.43,2,0,0.0,1
LGS2ORD0010685,C011183,2025-03-26 15:00:00,Male,18,Platinum,TV,Nakhon Ratchasima,1363,Shopee,Credit_Card,15,3,2,0,<20,45.43333333333333,0.0,0.0,0.0,-1,-1,0.0,0.0,0.0,0.0,0.0,0.0,0,0,0.0,0.0,0,0,0.0,0.0,0,0,0.0,0.0,0,0,0.0,0
LGS2ORD0010686,C015701,2025-03-26 15:00:00,Male,63,Platinum,TV,Chonburi,1065,CallCenter,COD,15,3,2,0,>50,35.5,1.0,1.0,1.0,-2,6,1423.27,0.3,1.0,1.0,0.0,1423.27,1,1,1.0,1423.27,1,1,1.0,1423.27,1,1,1.0,1423.27,1,1,1.0,0
LGS2ORD0010687,C011203,2025-03-26 15:00:00,Female,46,Bronze,TV,Songkhla,1254,CallCenter,COD,15,3,2,0,40-50,41.8,1.0,0.0,0.0,-1,18,1822.76,0.18,0.0,0.0,0.0,0.0,0,0,0.0,1822.76,1,0,0.0,1822.76,1,0,0.0,1822.76,1,0,0.0,1
LGS2ORD0010688,C017678,2025-03-26 15:00:00,Male,18,Bronze,Shopee,Remote_Area,1181,Web,COD,15,3,2,0,<20,39.36666666666667,4.0,0.0,0.0,-1,37,2753.6000000000004,0.23,0.25,0.25,0.0,0.0,0,0,0.0,0.0,0,0,0.0,11014.400000000001,4,0,0.0,11014.400000000001,4,0,0.0,1
LGS2ORD0010689,C012759,2025-03-26 15:00:00,Male,45,Silver,Shopee,Bangkok,858,Shopee,COD,15,3,2,0,40-50,28.6,0.0,0.0,0.0,-1,-1,0.0,0.0,0.0,0.0,0.0,0.0,0,0,0.0,0.0,0,0,0.0,0.0,0,0,0.0,0.0,0,0,0.0,0
LGS2ORD0010690,C012060,2025-03-26 16:00:00,Female,39,Gold,TV,Bangkok,468,TV_Show,PromptPay,16,3,2,0,30-40,15.6,1.0,0.0,0.0,-1,42,3917.57,0.13,0.0,0.0,0.0,0.0,0,0,0.0,0.0,0,0,0.0,3917.57,1,0,0.0,3917.57,1,0,0.0,1
LGS2ORD0010691,C016650,2025-03-26 16:00:00,Male,53,Silver,Web,Bangkok,1042,TV_Show,COD,16,3,2,0,>50,34.733333333333334,3.0,0.0,0.0,-1,19,18778.3,0.15,0.6666666666666666,0.0,0.0,0.0,0,0,0.0,8955.6,1,0,0.0,56334.899999999994,3,0,0.0,56334.899999999994,3,0,0.0,1
LGS2ORD0010692,C012604,2025-03-26 16:00:00,Female,55,Bronze,TV,Remote_Area,709,TV_Show,Credit_Card,16,3,2,0,>50,23.633333333333333,1.0,1.0,1.0,18,30,4353.1,0.28,1.0,1.0,0.0,0.0,0,0,0.0,0.0,0,0,0.0,4353.1,1,1,1.0,4353.1,1,1,1.0,0
LGS2ORD0010693,C012666,2025-03-26 16:00:00,Female,44,Bronze,TV,Chonburi,1251,CallCenter,COD,16,3,2,0,40-50,41.7,0.0,0.0,0.0,-1,-1,0.0,0.0,0.0,0.0,0.0,0.0,0,0,0.0,0.0,0,0,0.0,0.0,0,0,0.0,0.0,0,0,0.0,0
LGS2ORD0010694,C010036,2025-03-26 16:00:00,Female,31,Silver,Web,Chiang Mai,453,Web,PromptPay,16,3,2,0,30-40,15.1,3.0,0.0,0.0,-1,4,2830.786666666667,0.25,0.3333333333333333,0.3333333333333333,0.0,3989.19,1,0,0.0,3989.19,1,0,0.0,8492.36,3,0,0.0,8492.36,3,0,0.0,0
LGS2ORD0010695,C014358,2025-03-26 17:00:00,Male,34,Gold,Web,Chiang Mai,832,TV_Show,COD,17,3,2,0,30-40,27.733333333333334,1.0,1.0,1.0,7,22,14147.41,0.2299999999999999,1.0,1.0,0.0,0.0,0,0,0.0,14147.41,1,1,1.0,14147.41,1,1,1.0,14147.41,1,1,1.0,0
LGS2ORD0010696,C011613,2025-03-26 17:00:00,Female,45,Bronze,Shopee,Bangkok,1490,Lazada,Credit_Card,17,3,2,0,40-50,49.666666666666664,1.0,0.0,0.0,-1,39,15125.56,0.03,1.0,0.0,0.0,0.0,0,0,0.0,0.0,0,0,0.0,15125.56,1,0,0.0,15125.56,1,0,0.0,0
LGS2ORD0010697,C012322,2025-03-26 17:00:00,Male,24,Silver,TV,Nakhon Ratchasima,183,Shopee,COD,17,3,2,0,20-30,6.1,1.0,1.0,1.0,34,48,4469.38,0.05,1.0,0.0,0.0,0.0,0,0,0.0,0.0,0,0,0.0,4469.38,1,1,1.0,4469.38,1,1,1.0,0
LGS2ORD0010698,C016278,2025-03-26 17:00:00,Female,59,Bronze,Shopee,Phuket,1194,Lazada,COD,17,3,2,0,>50,39.8,2.0,0.0,0.0,-1,52,1603.865,0.28,0.5,0.5,0.0,0.0,0,0,0.0,0.0,0,0,0.0,3207.73,2,0,0.0,3207.73,2,0,0.0,1
LGS2ORD0010699,C015694,2025-03-26 17:00:00,Female,23,Bronze,Shopee,Chonburi,166,Lazada,Bank_Transfer,17,3,2,0,20-30,5.533333333333333,1.0,1.0,1.0,21,32,652.34,0.03,1.0,0.0,0.0,0.0,0,0,0.0,0.0,0,0,0.0,652.34,1,1,1.0,652.34,1,1,1.0,1
LGS2ORD0010700,C012463,2025-03-26 17:00:00,Female,44,Platinum,TV,Khon Kaen,238,CallCenter,COD,17,3,2,0,40-50,7.933333333333334,2.0,0.0,0.0,-1,3,8241.955,0.2,0.5,0.0,0.0,13762.81,1,0,0.0,13762.81,1,0,0.0,16483.91,2,0,0.0,16483.91,2,0,0.0,0
LGS2ORD0010701,C011329,2025-03-26 18:00:00,Other,27,Bronze,TV,Bangkok,103,Web,Credit_Card,18,3,2,0,20-30,3.433333333333333,1.0,0.0,0.0,-1,54,12258.03,0.18,0.0,0.0,0.0,0.0,0,0,0.0,0.0,0,0,0.0,12258.03,1,0,0.0,12258.03,1,0,0.0,0
LGS2ORD0010702,C013241,2025-03-26 18:00:00,Female,46,Bronze,Lazada,Khon Kaen,1389,CallCenter,Credit_Card,18,3,2,0,40-50,46.3,1.0,0.0,0.0,-1,43,12740.45,0.03,1.0,0.0,0.0,0.0,0,0,0.0,0.0,0,0,0.0,12740.45,1,0,0.0,12740.45,1,0,0.0,0
LGS2ORD0010703,C011362,2025-03-26 18:00:00,Male,37,Bronze,Shopee,Songkhla,786,Web,COD,18,3,2,0,30-40,26.2,0.0,0.0,0.0,-1,-1,0.0,0.0,0.0,0.0,0.0,0.0,0,0,0.0,0.0,0,0,0.0,0.0,0,0,0.0,0.0,0,0,0.0,1
LGS2ORD0010704,C011003,2025-03-26 18:00:00,Male,52,Silver,CallCenter,Khon Kaen,557,Web,Credit_Card,18,3,2,0,>50,18.566666666666666,1.0,0.0,0.0,-1,0,1019.95,0.3,0.0,1.0,0.0,1019.95,1,0,0.0,1019.95,1,0,0.0,1019.95,1,0,0.0,1019.95,1,0,0.0,0
LGS2ORD0010705,C016511,2025-03-26 18:00:00,Female,56,Bronze,CallCenter,Chiang Mai,234,TV_Show,PromptPay,18,3,2,0,>50,7.8,1.0,0.0,0.0,-1,25,976.83,0.18,1.0,0.0,0.0,0.0,0,0,0.0,976.83,1,0,0.0,976.83,1,0,0.0,976.83,1,0,0.0,0
LGS2ORD0010706,C016106,2025-03-26 19:00:00,Male,27,Bronze,CallCenter,Remote_Area,524,TV_Show,PromptPay,19,3,2,0,20-30,17.466666666666665,0.0,0.0,0.0,-1,-1,0.0,0.0,0.0,0.0,0.0,0.0,0,0,0.0,0.0,0,0,0.0,0.0,0,0,0.0,0.0,0,0,0.0,0
LGS2ORD0010707,C014642,2025-03-26 19:00:00,Male,60,Silver,Shopee,Phuket,1462,Lazada,Credit_Card,19,3,2,0,>50,48.733333333333334,2.0,1.0,0.5,18,9,811.355,0.25,1.0,0.5,0.0,0.0,0,0,0.0,998.71,1,0,0.0,1622.71,2,1,0.5,1622.71,2,1,0.5,0
LGS2ORD0010708,C015015,2025-03-26 19:00:00,Female,44,Bronze,Web,Bangkok,118,Web,PromptPay,19,3,2,0,40-50,3.933333333333333,2.0,0.0,0.0,-1,15,5112.360000000001,0.23,0.0,0.5,0.0,0.0,0,0,0.0,10224.720000000001,2,0,0.0,10224.720000000001,2,0,0.0,10224.720000000001,2,0,0.0,0
LGS2ORD0010709,C011758,2025-03-26 19:00:00,Female,34,Gold,Lazada,Chiang Mai,192,CallCenter,COD,19,3,2,0,30-40,6.4,0.0,0.0,0.0,-1,-1,0.0,0.0,0.0,0.0,0.0,0.0,0,0,0.0,0.0,0,0,0.0,0.0,0,0,0.0,0.0,0,0,0.0,0
LGS2ORD0010710,C017415,2025-03-26 19:00:00,Female,58,Bronze,Shopee,Songkhla,1431,Shopee,COD,19,3,2,0,>50,47.7,4.0,1.0,0.25,25,3,2076.665,0.18,0.75,0.0,0.0,1777.73,1,0,0.0,1777.73,1,0,0.0,8306.66,4,1,0.25,8306.66,4,1,0.25,0
LGS2ORD0010711,C014891,2025-03-26 20:00:00,Male,43,Bronze,TV,Bangkok,1076,Web,Credit_Card,20,3,2,0,40-50,35.86666666666667,2.0,0.0,0.0,-1,2,1473.595,0.23,0.0,0.5,0.0,2047.75,1,0,0.0,2947.19,2,0,0.0,2947.19,2,0,0.0,2947.19,2,0,0.0,0
LGS2ORD0010712,C014742,2025-03-26 20:00:00,Male,44,Platinum,Lazada,Chonburi,712,Web,COD,20,3,2,0,40-50,23.733333333333334,1.0,0.0,0.0,-1,26,3929.52,0.25,1.0,1.0,0.0,0.0,0,0,0.0,3929.52,1,0,0.0,3929.52,1,0,0.0,3929.52,1,0,0.0,0
LGS2ORD0010713,C014478,2025-03-26 20:00:00,Female,59,Platinum,Shopee,Nakhon Ratchasima,175,TV_Show,Bank_Transfer,20,3,2,0,>50,5.833333333333333,0.0,0.0,0.0,-1,-1,0.0,0.0,0.0,0.0,0.0,0.0,0,0,0.0,0.0,0,0,0.0,0.0,0,0,0.0,0.0,0,0,0.0,0
LGS2ORD0010714,C011926,2025-03-26 20:00:00,Male,47,Silver,Web,Nakhon Ratchasima,812,Lazada,COD,20,3,2,0,40-50,27.066666666666666,0.0,0.0,0.0,-1,-1,0.0,0.0,0.0,0.0,0.0,0.0,0,0,0.0,0.0,0,0,0.0,0.0,0,0,0.0,0.0,0,0,0.0,0
LGS2ORD0010715,C013391,2025-03-26 20:00:00,Male,37,Platinum,Web,Bangkok,1264,Shopee,Bank_Transfer,20,3,2,0,30-40,42.13333333333333,0.0,0.0,0.0,-1,-1,0.0,0.0,0.0,0.0,0.0,0.0,0,0,0.0,0.0,0,0,0.0,0.0,0,0,0.0,0.0,0,0,0.0,0
LGS2ORD0010716,C012260,2025-03-26 21:00:00,Female,51,Bronze,Lazada,Bangkok,799,Shopee,PromptPay,21,3,2,0,>50,26.633333333333333,3.0,0.0,0.0,-1,4,5745.093333333333,0.28,0.3333333333333333,0.3333333333333333,0.0,4659.44,1,0,0.0,4659.44,1,0,0.0,17235.28,3,0,0.0,17235.28,3,0,0.0,0
LGS2ORD0010717,C017159,2025-03-26 21:00:00,Male,33,Bronze,TV,Remote_Area,484,TV_Show,COD,21,3,2,0,30-40,16.133333333333333,1.0,0.0,0.0,-1,66,4608.9,0.13,1.0,0.0,0.0,0.0,0,0,0.0,0.0,0,0,0.0,4608.9,1,0,0.0,4608.9,1,0,0.0,0
LGS2ORD0010718,C013866,2025-03-26 21:00:00,Female,30,Bronze,TV,Khon Kaen,1423,Lazada,Credit_Card,21,3,2,0,20-30,47.43333333333333,2.0,1.0,0.5,-5,2,4437.395,0.08,0.5,0.0,0.0,3955.34,1,1,1.0,3955.34,1,1,1.0,8874.79,2,1,0.5,8874.79,2,1,0.5,0
LGS2ORD0010719,C013810,2025-03-26 21:00:00,Female,55,Gold,Shopee,Bangkok,1194,Lazada,COD,21,3,2,0,>50,39.8,0.0,0.0,0.0,-1,-1,0.0,0.0,0.0,0.0,0.0,0.0,0,0,0.0,0.0,0,0,0.0,0.0,0,0,0.0,0.0,0,0,0.0,0
LGS2ORD0010720,C014323,2025-03-26 21:00:00,Male,34,Silver,TV,Nakhon Ratchasima,1212,Shopee,Bank_Transfer,21,3,2,0,30-40,40.4,0.0,0.0,0.0,-1,-1,0.0,0.0,0.0,0.0,0.0,0.0,0,0,0.0,0.0,0,0,0.0,0.0,0,0,0.0,0.0,0,0,0.0,0
LGS2ORD0010721,C016889,2025-03-26 21:00:00,Male,47,Bronze,Shopee,Chonburi,657,TV_Show,Credit_Card,21,3,2,0,40-50,21.9,1.0,0.0,0.0,-1,59,4603.35,0.03,0.0,0.0,0.0,0.0,0,0,0.0,0.0,0,0,0.0,4603.35,1,0,0.0,4603.35,1,0,0.0,0
LGS2ORD0010722,C011098,2025-03-26 22:00:00,Female,41,Bronze,Web,Remote_Area,1524,TV_Show,PromptPay,22,3,2,0,40-50,50.8,2.0,0.0,0.0,-1,22,5220.855,0.08,0.5,0.0,0.0,0.0,0,0,0.0,8748.75,1,0,0.0,10441.71,2,0,0.0,10441.71,2,0,0.0,0
LGS2ORD0010723,C012228,2025-03-26 22:00:00,Female,45,Bronze,Web,Bangkok,342,CallCenter,PromptPay,22,3,2,0,40-50,11.4,2.0,0.0,0.0,-1,15,3776.505,0.13,0.0,0.0,0.0,0.0,0,0,0.0,3680.83,1,0,0.0,7553.01,2,0,0.0,7553.01,2,0,0.0,0
LGS2ORD0010724,C016947,2025-03-26 22:00:00,Female,39,Bronze,CallCenter,Bangkok,1056,TV_Show,COD,22,3,2,0,30-40,35.2,7.0,2.0,0.2857142857142857,22,5,6331.892857142857,0.23,0.7142857142857143,0.2857142857142857,0.0,27284.05,1,0,0.0,29516.03,3,0,0.0,44323.25,7,2,0.2857142857142857,44323.25,7,2,0.2857142857142857,0
LGS2ORD0010725,C013436,2025-03-26 22:00:00,Male,53,Bronze,TV,Chiang Mai,466,Web,Credit_Card,22,3,2,0,>50,15.533333333333333,4.0,2.0,0.5,40,47,7505.2425,0.23,0.5,0.5,0.0,0.0,0,0,0.0,0.0,0,0,0.0,30020.97,4,2,0.5,30020.97,4,2,0.5,0
LGS2ORD0010726,C013796,2025-03-26 22:00:00,Male,53,Bronze,Shopee,Khon Kaen,143,Web,COD,22,3,2,0,>50,4.766666666666667,1.0,0.0,0.0,-1,55,1031.64,0.18,0.0,0.0,0.0,0.0,0,0,0.0,0.0,0,0,0.0,1031.64,1,0,0.0,1031.64,1,0,0.0,0
LGS2ORD0010727,C012339,2025-03-26 23:00:00,Male,52,Bronze,TV,Phuket,716,Shopee,COD,23,3,2,0,>50,23.866666666666667,0.0,0.0,0.0,-1,-1,0.0,0.0,0.0,0.0,0.0,0.0,0,0,0.0,0.0,0,0,0.0,0.0,0,0,0.0,0.0,0,0,0.0,1
LGS2ORD0010728,C016023,2025-03-26 23:00:00,Male,28,Silver,TV,Remote_Area,1027,Web,COD,23,3,2,0,20-30,34.233333333333334,0.0,0.0,0.0,-1,-1,0.0,0.0,0.0,0.0,0.0,0.0,0,0,0.0,0.0,0,0,0.0,0.0,0,0,0.0,0.0,0,0,0.0,1
LGS2ORD0010729,C015379,2025-03-26 23:00:00,Female,38,Bronze,Web,Chonburi,512,Web,COD,23,3,2,0,30-40,17.066666666666666,1.0,1.0,1.0,69,81,3008.95,0.08,1.0,0.0,0.0,0.0,0,0,0.0,0.0,0,0,0.0,3008.95,1,1,1.0,3008.95,1,1,1.0,1
LGS2ORD0010730,C017304,2025-03-26 23:00:00,Female,31,Silver,Shopee,Chiang Mai,352,CallCenter,Credit_Card,23,3,2,0,30-40,11.733333333333333,2.0,0.0,0.0,-1,18,3476.52,0.25,0.5,0.5,0.0,0.0,0,0,0.0,3367.82,1,0,0.0,6953.04,2,0,0.0,6953.04,2,0,0.0,0
LGS2ORD0010731,C011628,2025-03-26 23:00:00,Male,51,Bronze,Shopee,Bangkok,1339,TV_Show,COD,23,3,2,0,>50,44.63333333333333,0.0,0.0,0.0,-1,-1,0.0,0.0,0.0,0.0,0.0,0.0,0,0,0.0,0.0,0,0,0.0,0.0,0,0,0.0,0.0,0,0,0.0,1
LGS2ORD0010732,C016688,2025-03-27 00:00:00,Female,47,Bronze,CallCenter,Remote_Area,493,TV_Show,PromptPay,0,3,3,0,40-50,16.433333333333334,2.0,1.0,0.5,37,47,2992.5649999999996,0.18,0.0,0.0,0.0,0.0,0,0,0.0,0.0,0,0,0.0,5985.129999999999,2,1,0.5,5985.129999999999,2,1,0.5,0
LGS2ORD0010733,C013208,2025-03-27 00:00:00,Male,40,Silver,TV,Chiang Mai,676,TV_Show,COD,0,3,3,0,30-40,22.533333333333335,4.0,3.0,0.75,27,31,2980.1699999999996,0.2,0.75,0.0,0.0,0.0,0,0,0.0,0.0,0,0,0.0,11920.679999999998,4,3,0.75,11920.679999999998,4,3,0.75,0
LGS2ORD0010734,C017327,2025-03-27 00:00:00,Male,25,Bronze,Web,Chonburi,1162,Web,COD,0,3,3,0,20-30,38.733333333333334,1.0,0.0,0.0,-1,76,18420.48,0.23,0.0,1.0,0.0,0.0,0,0,0.0,0.0,0,0,0.0,18420.48,1,0,0.0,18420.48,1,0,0.0,0
LGS2ORD0010735,C016260,2025-03-27 00:00:00,Male,53,Bronze,TV,Bangkok,748,Lazada,COD,0,3,3,0,>50,24.933333333333334,0.0,0.0,0.0,-1,-1,0.0,0.0,0.0,0.0,0.0,0.0,0,0,0.0,0.0,0,0,0.0,0.0,0,0,0.0,0.0,0,0,0.0,0
LGS2ORD0010736,C012205,2025-03-27 00:00:00,Male,31,Bronze,TV,Remote_Area,910,Web,Credit_Card,0,3,3,0,30-40,30.333333333333332,3.0,1.0,0.3333333333333333,55,47,960.8633333333333,0.23,0.6666666666666666,0.3333333333333333,0.0,0.0,0,0,0.0,0.0,0,0,0.0,2882.59,3,1,0.3333333333333333,2882.59,3,1,0.3333333333333333,0
LGS2ORD0010737,C013021,2025-03-27 01:00:00,Male,65,Gold,TV,Khon Kaen,1184,TV_Show,Credit_Card,1,3,3,0,>50,39.46666666666667,1.0,0.0,0.0,-1,18,3523.35,0.13,1.0,0.0,0.0,0.0,0,0,0.0,3523.35,1,0,0.0,3523.35,1,0,0.0,3523.35,1,0,0.0,0
LGS2ORD0010738,C016341,2025-03-27 01:00:00,Other,36,Bronze,Web,Phuket,245,Web,COD,1,3,3,0,30-40,8.166666666666666,1.0,0.0,0.0,-1,56,3156.02,0.08,1.0,0.0,0.0,0.0,0,0,0.0,0.0,0,0,0.0,3156.02,1,0,0.0,3156.02,1,0,0.0,1
LGS2ORD0010739,C012222,2025-03-27 01:00:00,Female,53,Bronze,Shopee,Chiang Mai,522,Web,COD,1,3,3,0,>50,17.4,0.0,0.0,0.0,-1,-1,0.0,0.0,0.0,0.0,0.0,0.0,0,0,0.0,0.0,0,0,0.0,0.0,0,0,0.0,0.0,0,0,0.0,0
LGS2ORD0010740,C014026,2025-03-27 01:00:00,Female,60,Silver,Lazada,Remote_Area,192,Web,PromptPay,1,3,3,0,>50,6.4,1.0,0.0,0.0,-1,80,8411.0,0.25,1.0,1.0,0.0,0.0,0,0,0.0,0.0,0,0,0.0,8411.0,1,0,0.0,8411.0,1,0,0.0,0
LGS2ORD0010741,C010711,2025-03-27 01:00:00,Female,53,Silver,Web,Nakhon Ratchasima,1094,Shopee,PromptPay,1,3,3,0,>50,36.46666666666667,0.0,0.0,0.0,-1,-1,0.0,0.0,0.0,0.0,0.0,0.0,0,0,0.0,0.0,0,0,0.0,0.0,0,0,0.0,0.0,0,0,0.0,0
LGS2ORD0010742,C011913,2025-03-27 01:00:00,Female,46,Bronze,Web,Bangkok,921,TV_Show,COD,1,3,3,0,40-50,30.7,1.0,0.0,0.0,-1,75,1479.59,0.08,0.0,0.0,0.0,0.0,0,0,0.0,0.0,0,0,0.0,1479.59,1,0,0.0,1479.59,1,0,0.0,0
LGS2ORD0010743,C011548,2025-03-27 02:00:00,Male,63,Silver,Web,Chiang Mai,942,CallCenter,Credit_Card,2,3,3,0,>50,31.4,0.0,0.0,0.0,-1,-1,0.0,0.0,0.0,0.0,0.0,0.0,0,0,0.0,0.0,0,0,0.0,0.0,0,0,0.0,0.0,0,0,0.0,0
LGS2ORD0010744,C014236,2025-03-27 02:00:00,Male,37,Silver,TV,Songkhla,1481,Shopee,COD,2,3,3,0,30-40,49.36666666666667,2.0,1.0,0.5,66,50,6078.634999999999,0.05,0.5,0.0,0.0,0.0,0,0,0.0,0.0,0,0,0.0,12157.269999999999,2,1,0.5,12157.269999999999,2,1,0.5,0
LGS2ORD0010745,C016993,2025-03-27 02:00:00,Female,32,Bronze,Shopee,Nakhon Ratchasima,140,Lazada,Bank_Transfer,2,3,3,0,30-40,4.666666666666667,1.0,0.0,0.0,-1,68,12174.14,0.03,0.0,0.0,0.0,0.0,0,0,0.0,0.0,0,0,0.0,12174.14,1,0,0.0,12174.14,1,0,0.0,1
LGS2ORD0010746,C016439,2025-03-27 02:00:00,Male,29,Silver,Web,Remote_Area,1522,TV_Show,COD,2,3,3,0,20-30,50.733333333333334,1.0,1.0,1.0,16,33,1241.6,0.2,0.0,0.0,0.0,0.0,0,0,0.0,0.0,0,0,0.0,1241.6,1,1,1.0,1241.6,1,1,1.0,0
LGS2ORD0010747,C012203,2025-03-27 02:00:00,Male,54,Bronze,Shopee,Chonburi,1485,CallCenter,PromptPay,2,3,3,0,>50,49.5,2.0,0.0,0.0,-1,2,7144.125,0.28,0.0,0.5,0.0,14288.25,2,0,0.0,14288.25,2,0,0.0,14288.25,2,0,0.0,14288.25,2,0,0.0,0
LGS2ORD0010748,C013974,2025-03-27 03:00:00,Male,32,Bronze,TV,Bangkok,1346,Web,COD,3,3,3,0,30-40,44.86666666666667,2.0,1.0,0.5,-3,3,17081.915,0.23,0.0,0.5,0.0,28939.49,1,1,1.0,34163.83,2,1,0.5,34163.83,2,1,0.5,34163.83,2,1,0.5,0
LGS2ORD0010749,C010979,2025-03-27 03:00:00,Male,60,Bronze,Lazada,Khon Kaen,419,Shopee,COD,3,3,3,0,>50,13.966666666666667,5.0,0.0,0.0,-1,7,3071.278,0.28,0.0,0.4,0.0,0.0,0,0,0.0,4728.05,1,0,0.0,15356.39,5,0,0.0,15356.39,5,0,0.0,0
LGS2ORD0010750,C013791,2025-03-27 03:00:00,Female,54,Silver,Shopee,Bangkok,555,TV_Show,Bank_Transfer,3,3,3,0,>50,18.5,2.0,1.0,0.5,55,42,12046.045,0.2,0.0,0.0,0.0,0.0,0,0,0.0,0.0,0,0,0.0,24092.09,2,1,0.5,24092.09,2,1,0.5,0
LGS2ORD0010751,C011914,2025-03-27 03:00:00,Female,56,Gold,CallCenter,Chiang Mai,427,Lazada,COD,3,3,3,0,>50,14.233333333333333,1.0,0.0,0.0,-1,19,2280.67,0.13,1.0,0.0,0.0,0.0,0,0,0.0,2280.67,1,0,0.0,2280.67,1,0,0.0,2280.67,1,0,0.0,1
LGS2ORD0010752,C012397,2025-03-27 03:00:00,Male,49,Bronze,TV,Nakhon Ratchasima,1214,TV_Show,Bank_Transfer,3,3,3,0,40-50,40.46666666666667,3.0,1.0,0.3333333333333333,15,26,8220.94,0.18,1.0,0.0,0.0,0.0,0,0,0.0,4272.87,1,1,1.0,24662.82,3,1,0.3333333333333333,24662.82,3,1,0.3333333333333333,0
LGS2ORD0010753,C012607,2025-03-27 04:00:00,Male,44,Bronze,TV,Chiang Mai,521,TV_Show,Credit_Card,4,3,3,0,40-50,17.366666666666667,1.0,0.0,0.0,-1,47,3469.39,0.18,1.0,0.0,0.0,0.0,0,0,0.0,0.0,0,0,0.0,3469.39,1,0,0.0,3469.39,1,0,0.0,0
LGS2ORD0010754,C012031,2025-03-27 04:00:00,Female,27,Silver,Web,Khon Kaen,901,Shopee,COD,4,3,3,0,20-30,30.033333333333335,1.0,0.0,0.0,-1,70,2060.39,0.1,0.0,0.0,0.0,0.0,0,0,0.0,0.0,0,0,0.0,2060.39,1,0,0.0,2060.39,1,0,0.0,0
LGS2ORD0010755,C011643,2025-03-27 04:00:00,Female,39,Platinum,Shopee,Bangkok,676,Lazada,Credit_Card,4,3,3,0,30-40,22.533333333333335,1.0,0.0,0.0,-1,1,7041.43,0.25,0.0,1.0,0.0,7041.43,1,0,0.0,7041.43,1,0,0.0,7041.43,1,0,0.0,7041.43,1,0,0.0,0
LGS2ORD0010756,C012810,2025-03-27 04:00:00,Female,49,Bronze,CallCenter,Chonburi,288,Shopee,COD,4,3,3,0,40-50,9.6,2.0,0.0,0.0,-1,10,869.9449999999999,0.18,1.0,0.0,0.0,0.0,0,0,0.0,877.58,1,0,0.0,1739.8899999999999,2,0,0.0,1739.8899999999999,2,0,0.0,0
LGS2ORD0010757,C012938,2025-03-27 04:00:00,Female,26,Silver,Web,Khon Kaen,1053,TV_Show,COD,4,3,3,0,20-30,35.1,1.0,0.0,0.0,-1,34,2485.6,0.05,0.0,0.0,0.0,0.0,0,0,0.0,0.0,0,0,0.0,2485.6,1,0,0.0,2485.6,1,0,0.0,0
LGS2ORD0010758,C017529,2025-03-27 05:00:00,Male,42,Gold,Web,Bangkok,268,Lazada,COD,5,3,3,0,40-50,8.933333333333334,2.0,0.0,0.0,-1,24,3065.14,0.33,0.5,0.5,0.0,0.0,0,0,0.0,1414.33,1,0,0.0,6130.28,2,0,0.0,6130.28,2,0,0.0,1
LGS2ORD0010759,C011294,2025-03-27 05:00:00,Female,29,Silver,TV,Bangkok,868,Web,Bank_Transfer,5,3,3,0,20-30,28.933333333333334,1.0,0.0,0.0,-1,32,2952.54,0.05,0.0,0.0,0.0,0.0,0,0,0.0,0.0,0,0,0.0,2952.54,1,0,0.0,2952.54,1,0,0.0,0
LGS2ORD0010760,C011527,2025-03-27 05:00:00,Male,34,Platinum,Shopee,Phuket,637,Web,COD,5,3,3,0,30-40,21.233333333333334,1.0,0.0,0.0,-1,1,19474.66,0.1,0.0,0.0,0.0,19474.66,1,0,0.0,19474.66,1,0,0.0,19474.66,1,0,0.0,19474.66,1,0,0.0,0
LGS2ORD0010761,C012808,2025-03-27 05:00:00,Male,34,Bronze,Shopee,Songkhla,957,Shopee,Credit_Card,5,3,3,0,30-40,31.9,4.0,4.0,1.0,-12,1,2263.46,0.23,0.5,0.25,0.0,1044.1,1,1,1.0,2896.95,2,2,1.0,9053.84,4,4,1.0,9053.84,4,4,1.0,1
LGS2ORD0010762,C017815,2025-03-27 05:00:00,Female,55,Bronze,Shopee,Chiang Mai,1491,Shopee,Credit_Card,5,3,3,0,>50,49.7,1.0,0.0,0.0,-1,54,3860.17,0.13,1.0,0.0,0.0,0.0,0,0,0.0,0.0,0,0,0.0,3860.17,1,0,0.0,3860.17,1,0,0.0,0
LGS2ORD0010763,C017110,2025-03-27 05:00:00,Female,53,Gold,Web,Nakhon Ratchasima,948,Web,COD,5,3,3,0,>50,31.6,1.0,0.0,0.0,-1,17,4121.32,0.08,1.0,0.0,0.0,0.0,0,0,0.0,4121.32,1,0,0.0,4121.32,1,0,0.0,4121.32,1,0,0.0,0
LGS2ORD0010764,C011211,2025-03-27 06:00:00,Female,26,Bronze,TV,Bangkok,1365,Web,COD,6,3,3,0,20-30,45.5,0.0,0.0,0.0,-1,-1,0.0,0.0,0.0,0.0,0.0,0.0,0,0,0.0,0.0,0,0,0.0,0.0,0,0,0.0,0.0,0,0,0.0,1
LGS2ORD0010765,C015219,2025-03-27 06:00:00,Male,38,Platinum,Web,Bangkok,1123,Shopee,COD,6,3,3,0,30-40,37.43333333333333,1.0,0.0,0.0,-1,26,1793.49,0.1,0.0,0.0,0.0,0.0,0,0,0.0,1793.49,1,0,0.0,1793.49,1,0,0.0,1793.49,1,0,0.0,0
LGS2ORD0010766,C014848,2025-03-27 06:00:00,Female,27,Silver,Web,Bangkok,1190,TV_Show,Bank_Transfer,6,3,3,0,20-30,39.666666666666664,0.0,0.0,0.0,-1,-1,0.0,0.0,0.0,0.0,0.0,0.0,0,0,0.0,0.0,0,0,0.0,0.0,0,0,0.0,0.0,0,0,0.0,1
LGS2ORD0010767,C013767,2025-03-27 06:00:00,Female,23,Bronze,TV,Nakhon Ratchasima,643,Lazada,Credit_Card,6,3,3,0,20-30,21.433333333333334,4.0,1.0,0.25,65,26,5754.275,0.28,0.75,0.25,0.0,0.0,0,0,0.0,10027.16,1,0,0.0,23017.1,4,1,0.25,23017.1,4,1,0.25,0
LGS2ORD0010768,C014283,2025-03-27 06:00:00,Male,58,Gold,Lazada,Bangkok,784,TV_Show,COD,6,3,3,0,>50,26.133333333333333,4.0,1.0,0.25,38,2,1002.5024999999999,0.33,0.25,0.75,0.0,878.33,1,0,0.0,1621.27,2,0,0.0,4010.0099999999998,4,1,0.25,4010.0099999999998,4,1,0.25,0
LGS2ORD0010769,C012528,2025-03-27 07:00:00,Male,45,Gold,TV,Remote_Area,134,Shopee,COD,7,3,3,0,40-50,4.466666666666667,1.0,0.0,0.0,-1,57,2540.2,0.08,0.0,0.0,0.0,0.0,0,0,0.0,0.0,0,0,0.0,2540.2,1,0,0.0,2540.2,1,0,0.0,0
LGS2ORD0010770,C010200,2025-03-27 07:00:00,Male,25,Gold,TV,Bangkok,1103,Shopee,COD,7,3,3,0,20-30,36.766666666666666,0.0,0.0,0.0,-1,-1,0.0,0.0,0.0,0.0,0.0,0.0,0,0,0.0,0.0,0,0,0.0,0.0,0,0,0.0,0.0,0,0,0.0,0
LGS2ORD0010771,C017022,2025-03-27 07:00:00,Female,60,Bronze,Shopee,Chonburi,620,Web,COD,7,3,3,0,>50,20.666666666666668,2.0,1.0,0.5,23,9,2799.45,0.18,0.5,0.0,0.0,0.0,0,0,0.0,3912.42,1,0,0.0,5598.9,2,1,0.5,5598.9,2,1,0.5,0
LGS2ORD0010772,C010234,2025-03-27 07:00:00,Male,35,Bronze,Web,Bangkok,1177,Lazada,PromptPay,7,3,3,0,30-40,39.233333333333334,0.0,0.0,0.0,-1,-1,0.0,0.0,0.0,0.0,0.0,0.0,0,0,0.0,0.0,0,0,0.0,0.0,0,0,0.0,0.0,0,0,0.0,0
LGS2ORD0010773,C013799,2025-03-27 07:00:00,Female,63,Bronze,TV,Chiang Mai,409,CallCenter,PromptPay,7,3,3,0,>50,13.633333333333333,1.0,0.0,0.0,-1,54,2435.5,0.13,1.0,0.0,0.0,0.0,0,0,0.0,0.0,0,0,0.0,2435.5,1,0,0.0,2435.5,1,0,0.0,0
LGS2ORD0010774,C010758,2025-03-27 08:00:00,Female,45,Gold,CallCenter,Bangkok,683,Shopee,PromptPay,8,3,3,0,40-50,22.766666666666666,1.0,0.0,0.0,-1,11,2252.1,0.18,0.0,0.0,0.0,0.0,0,0,0.0,2252.1,1,0,0.0,2252.1,1,0,0.0,2252.1,1,0,0.0,0
LGS2ORD0010775,C014042,2025-03-27 08:00:00,Female,35,Silver,Web,Chiang Mai,928,TV_Show,Credit_Card,8,3,3,0,30-40,30.933333333333334,1.0,0.0,0.0,-1,67,927.0,0.05,0.0,0.0,0.0,0.0,0,0,0.0,0.0,0,0,0.0,927.0,1,0,0.0,927.0,1,0,0.0,0
LGS2ORD0010776,C012878,2025-03-27 08:00:00,Female,63,Bronze,TV,Chonburi,499,CallCenter,COD,8,3,3,0,>50,16.633333333333333,4.0,2.0,0.5,-7,4,4537.695,0.23,1.0,0.25,0.0,3078.09,1,1,1.0,18150.78,4,2,0.5,18150.78,4,2,0.5,18150.78,4,2,0.5,0
LGS2ORD0010777,C015373,2025-03-27 08:00:00,Female,47,Bronze,TV,Bangkok,1267,CallCenter,COD,8,3,3,0,40-50,42.233333333333334,3.0,0.0,0.0,-1,24,3315.513333333334,0.08,0.6666666666666666,0.0,0.0,0.0,0,0,0.0,2308.52,1,0,0.0,9946.54,3,0,0.0,9946.54,3,0,0.0,0
LGS2ORD0010778,C010403,2025-03-27 08:00:00,Male,55,Bronze,Shopee,Bangkok,991,TV_Show,COD,8,3,3,0,>50,33.03333333333333,1.0,1.0,1.0,36,50,2449.52,0.08,1.0,0.0,0.0,0.0,0,0,0.0,0.0,0,0,0.0,2449.52,1,1,1.0,2449.52,1,1,1.0,0
LGS2ORD0010779,C015150,2025-03-27 09:00:00,Male,18,Gold,TV,Khon Kaen,1196,CallCenter,Credit_Card,9,3,3,0,<20,39.86666666666667,1.0,0.0,0.0,-1,40,1394.6,0.08,0.0,0.0,0.0,0.0,0,0,0.0,0.0,0,0,0.0,1394.6,1,0,0.0,1394.6,1,0,0.0,0
LGS2ORD0010780,C013998,2025-03-27 09:00:00,Female,26,Gold,CallCenter,Remote_Area,410,Web,PromptPay,9,3,3,0,20-30,13.666666666666666,1.0,0.0,0.0,-1,30,5020.72,0.13,0.0,0.0,0.0,0.0,0,0,0.0,0.0,0,0,0.0,5020.72,1,0,0.0,5020.72,1,0,0.0,0
LGS2ORD0010781,C015614,2025-03-27 09:00:00,Male,56,Bronze,TV,Khon Kaen,1046,CallCenter,COD,9,3,3,0,>50,34.86666666666667,3.0,1.0,0.3333333333333333,63,5,8134.766666666666,0.18,0.3333333333333333,0.0,0.0,5969.84,1,0,0.0,5969.84,1,0,0.0,24404.3,3,1,0.3333333333333333,24404.3,3,1,0.3333333333333333,1
LGS2ORD0010782,C012638,2025-03-27 09:00:00,Female,52,Bronze,Lazada,Chonburi,234,Web,COD,9,3,3,0,>50,7.8,1.0,0.0,0.0,-1,84,5780.96,0.13,1.0,0.0,0.0,0.0,0,0,0.0,0.0,0,0,0.0,5780.96,1,0,0.0,5780.96,1,0,0.0,0
LGS2ORD0010783,C011879,2025-03-27 09:00:00,Male,52,Gold,Shopee,Bangkok,998,Shopee,PromptPay,9,3,3,0,>50,33.266666666666666,3.0,0.0,0.0,-1,46,2721.52,0.33,0.3333333333333333,0.6666666666666666,0.0,0.0,0,0,0.0,0.0,0,0,0.0,8164.56,3,0,0.0,8164.56,3,0,0.0,0
LGS2ORD0010784,C011481,2025-03-27 09:00:00,Male,39,Gold,Web,Bangkok,530,TV_Show,PromptPay,9,3,3,0,30-40,17.666666666666668,0.0,0.0,0.0,-1,-1,0.0,0.0,0.0,0.0,0.0,0.0,0,0,0.0,0.0,0,0,0.0,0.0,0,0,0.0,0.0,0,0,0.0,1
LGS2ORD0010785,C010463,2025-03-27 10:00:00,Male,33,Silver,Shopee,Khon Kaen,1513,Lazada,COD,10,3,3,0,30-40,50.43333333333333,0.0,0.0,0.0,-1,-1,0.0,0.0,0.0,0.0,0.0,0.0,0,0,0.0,0.0,0,0,0.0,0.0,0,0,0.0,0.0,0,0,0.0,1
LGS2ORD0010786,C011573,2025-03-27 10:00:00,Female,53,Platinum,Web,Chonburi,197,Shopee,COD,10,3,3,0,>50,6.566666666666666,1.0,1.0,1.0,41,49,1581.34,0.3,1.0,1.0,0.0,0.0,0,0,0.0,0.0,0,0,0.0,1581.34,1,1,1.0,1581.34,1,1,1.0,0
LGS2ORD0010787,C011618,2025-03-27 10:00:00,Female,28,Bronze,TV,Remote_Area,464,Web,COD,10,3,3,0,20-30,15.466666666666667,5.0,2.0,0.4,8,20,5515.231999999999,0.18,0.4,0.0,0.0,0.0,0,0,0.0,15768.519999999999,2,2,1.0,27576.159999999996,5,2,0.4,27576.159999999996,5,2,0.4,0
LGS2ORD0010788,C014204,2025-03-27 10:00:00,Other,36,Platinum,Web,Bangkok,1519,CallCenter,COD,10,3,3,0,30-40,50.63333333333333,0.0,0.0,0.0,-1,-1,0.0,0.0,0.0,0.0,0.0,0.0,0,0,0.0,0.0,0,0,0.0,0.0,0,0,0.0,0.0,0,0,0.0,0
LGS2ORD0010789,C014854,2025-03-27 10:00:00,Male,41,Bronze,Shopee,Songkhla,463,Shopee,COD,10,3,3,0,40-50,15.433333333333334,0.0,0.0,0.0,-1,-1,0.0,0.0,0.0,0.0,0.0,0.0,0,0,0.0,0.0,0,0,0.0,0.0,0,0,0.0,0.0,0,0,0.0,0
LGS2ORD0010790,C016459,2025-03-27 11:00:00,Female,20,Gold,CallCenter,Bangkok,1141,Shopee,Credit_Card,11,3,3,0,<20,38.03333333333333,1.0,0.0,0.0,-1,50,5707.18,0.08,1.0,0.0,0.0,0.0,0,0,0.0,0.0,0,0,0.0,5707.18,1,0,0.0,5707.18,1,0,0.0,0
LGS2ORD0010791,C016544,2025-03-27 11:00:00,Male,30,Bronze,Shopee,Bangkok,1512,Shopee,Credit_Card,11,3,3,0,20-30,50.4,1.0,0.0,0.0,-1,9,13845.58,0.13,1.0,0.0,0.0,0.0,0,0,0.0,13845.58,1,0,0.0,13845.58,1,0,0.0,13845.58,1,0,0.0,0
LGS2ORD0010792,C013311,2025-03-27 11:00:00,Female,29,Silver,Shopee,Chonburi,1403,Web,COD,11,3,3,0,20-30,46.766666666666666,0.0,0.0,0.0,-1,-1,0.0,0.0,0.0,0.0,0.0,0.0,0,0,0.0,0.0,0,0,0.0,0.0,0,0,0.0,0.0,0,0,0.0,1
LGS2ORD0010793,C012461,2025-03-27 11:00:00,Male,72,Bronze,TV,Chonburi,470,TV_Show,Credit_Card,11,3,3,0,>50,15.666666666666666,2.0,0.0,0.0,-1,22,2058.54,0.08,0.5,0.0,0.0,0.0,0,0,0.0,4117.08,2,0,0.0,4117.08,2,0,0.0,4117.08,2,0,0.0,0
LGS2ORD0010794,C014750,2025-03-27 11:00:00,Male,39,Bronze,Lazada,Bangkok,1409,Web,Credit_Card,11,3,3,0,30-40,46.96666666666667,0.0,0.0,0.0,-1,-1,0.0,0.0,0.0,0.0,0.0,0.0,0,0,0.0,0.0,0,0,0.0,0.0,0,0,0.0,0.0,0,0,0.0,0
LGS2ORD0010795,C013536,2025-03-27 12:00:00,Female,52,Silver,Web,Bangkok,817,Web,COD,12,3,3,0,>50,27.233333333333334,1.0,0.0,0.0,-1,42,10093.64,0.25,0.0,1.0,0.0,0.0,0,0,0.0,0.0,0,0,0.0,10093.64,1,0,0.0,10093.64,1,0,0.0,0
LGS2ORD0010796,C012977,2025-03-27 12:00:00,Male,19,Gold,Web,Songkhla,1401,Shopee,COD,12,3,3,0,<20,46.7,0.0,0.0,0.0,-1,-1,0.0,0.0,0.0,0.0,0.0,0.0,0,0,0.0,0.0,0,0,0.0,0.0,0,0,0.0,0.0,0,0,0.0,0
LGS2ORD0010797,C010015,2025-03-27 12:00:00,Female,46,Silver,Web,Songkhla,362,TV_Show,COD,12,3,3,0,40-50,12.066666666666666,1.0,0.0,0.0,-1,3,14914.6,0.3,1.0,1.0,0.0,14914.6,1,0,0.0,14914.6,1,0,0.0,14914.6,1,0,0.0,14914.6,1,0,0.0,0
LGS2ORD0010798,C016970,2025-03-27 12:00:00,Female,70,Bronze,Lazada,Chiang Mai,543,Shopee,Credit_Card,12,3,3,0,>50,18.1,1.0,0.0,0.0,-1,5,645.71,0.28,1.0,1.0,0.0,645.71,1,0,0.0,645.71,1,0,0.0,645.71,1,0,0.0,645.71,1,0,0.0,0
LGS2ORD0010799,C010523,2025-03-27 12:00:00,Female,25,Silver,Web,Phuket,1100,Shopee,PromptPay,12,3,3,0,20-30,36.666666666666664,1.0,0.0,0.0,-1,12,3388.37,0.1,0.0,0.0,0.0,0.0,0,0,0.0,3388.37,1,0,0.0,3388.37,1,0,0.0,3388.37,1,0,0.0,0
LGS2ORD0010800,C013968,2025-03-27 12:00:00,Male,46,Silver,Web,Bangkok,886,Lazada,COD,12,3,3,0,40-50,29.533333333333335,1.0,1.0,1.0,39,52,9868.72,0.2,0.0,0.0,0.0,0.0,0,0,0.0,0.0,0,0,0.0,9868.72,1,1,1.0,9868.72,1,1,1.0,0
LGS2ORD0010801,C017811,2025-03-27 13:00:00,Female,26,Silver,Shopee,Songkhla,554,Shopee,COD,13,3,3,0,20-30,18.466666666666665,2.0,1.0,0.5,-7,8,1289.575,0.25,1.0,1.0,0.0,0.0,0,0,0.0,1001.38,1,1,1.0,2579.15,2,1,0.5,2579.15,2,1,0.5,0
LGS2ORD0010802,C014015,2025-03-27 13:00:00,Female,57,Bronze,TV,Remote_Area,1235,Shopee,Credit_Card,13,3,3,0,>50,41.166666666666664,2.0,0.0,0.0,-1,30,5177.165000000001,0.23,0.5,0.5,0.0,0.0,0,0,0.0,0.0,0,0,0.0,10354.330000000002,2,0,0.0,10354.330000000002,2,0,0.0,0
LGS2ORD0010803,C010521,2025-03-27 13:00:00,Male,52,Bronze,TV,Remote_Area,821,Shopee,Credit_Card,13,3,3,0,>50,27.366666666666667,1.0,0.0,0.0,-1,25,2345.66,0.08,0.0,0.0,0.0,0.0,0,0,0.0,2345.66,1,0,0.0,2345.66,1,0,0.0,2345.66,1,0,0.0,1
LGS2ORD0010804,C013612,2025-03-27 13:00:00,Female,27,Gold,Lazada,Bangkok,792,Lazada,Credit_Card,13,3,3,0,20-30,26.4,2.0,0.0,0.0,-1,15,5002.905000000001,0.13,0.5,0.0,0.0,0.0,0,0,0.0,2192.71,1,0,0.0,10005.810000000001,2,0,0.0,10005.810000000001,2,0,0.0,0
LGS2ORD0010805,C016199,2025-03-27 13:00:00,Female,51,Gold,Shopee,Nakhon Ratchasima,163,Shopee,PromptPay,13,3,3,0,>50,5.433333333333334,3.0,0.0,0.0,-1,30,4505.553333333333,0.28,0.6666666666666666,0.6666666666666666,0.0,0.0,0,0,0.0,0.0,0,0,0.0,13516.66,3,0,0.0,13516.66,3,0,0.0,0
LGS2ORD0010806,C016737,2025-03-27 14:00:00,Female,44,Silver,Shopee,Khon Kaen,1139,Web,COD,14,3,3,0,40-50,37.96666666666667,0.0,0.0,0.0,-1,-1,0.0,0.0,0.0,0.0,0.0,0.0,0,0,0.0,0.0,0,0,0.0,0.0,0,0,0.0,0.0,0,0,0.0,0
LGS2ORD0010807,C017727,2025-03-27 14:00:00,Other,68,Bronze,CallCenter,Bangkok,922,TV_Show,COD,14,3,3,0,>50,30.733333333333334,0.0,0.0,0.0,-1,-1,0.0,0.0,0.0,0.0,0.0,0.0,0,0,0.0,0.0,0,0,0.0,0.0,0,0,0.0,0.0,0,0,0.0,1
LGS2ORD0010808,C014166,2025-03-27 14:00:00,Female,46,Bronze,TV,Phuket,1061,TV_Show,Credit_Card,14,3,3,0,40-50,35.36666666666667,1.0,1.0,1.0,27,40,1719.32,0.08,1.0,0.0,0.0,0.0,0,0,0.0,0.0,0,0,0.0,1719.32,1,1,1.0,1719.32,1,1,1.0,0
LGS2ORD0010809,C014352,2025-03-27 14:00:00,Female,40,Silver,Lazada,Nakhon Ratchasima,276,Lazada,COD,14,3,3,0,30-40,9.2,1.0,0.0,0.0,-1,30,10472.52,0.2,0.0,0.0,0.0,0.0,0,0,0.0,0.0,0,0,0.0,10472.52,1,0,0.0,10472.52,1,0,0.0,1
LGS2ORD0010810,C016871,2025-03-27 14:00:00,Male,61,Gold,CallCenter,Bangkok,998,TV_Show,Credit_Card,14,3,3,0,>50,33.266666666666666,2.0,0.0,0.0,-1,63,2610.2349999999997,0.18,0.5,0.0,0.0,0.0,0,0,0.0,0.0,0,0,0.0,5220.469999999999,2,0,0.0,5220.469999999999,2,0,0.0,0
LGS2ORD0010811,C016160,2025-03-27 15:00:00,Female,46,Bronze,Web,Chonburi,828,Shopee,PromptPay,15,3,3,0,40-50,27.6,1.0,0.0,0.0,-1,70,2261.19,0.23,1.0,1.0,0.0,0.0,0,0,0.0,0.0,0,0,0.0,2261.19,1,0,0.0,2261.19,1,0,0.0,0
LGS2ORD0010812,C017182,2025-03-27 15:00:00,Female,36,Gold,Shopee,Khon Kaen,1148,TV_Show,Credit_Card,15,3,3,0,30-40,38.266666666666666,0.0,0.0,0.0,-1,-1,0.0,0.0,0.0,0.0,0.0,0.0,0,0,0.0,0.0,0,0,0.0,0.0,0,0,0.0,0.0,0,0,0.0,0
LGS2ORD0010813,C015229,2025-03-27 15:00:00,Female,28,Bronze,Shopee,Bangkok,1402,Lazada,COD,15,3,3,0,20-30,46.733333333333334,3.0,1.0,0.3333333333333333,5,11,5238.64,0.28,0.6666666666666666,0.3333333333333333,0.0,0.0,0,0,0.0,2873.79,1,1,1.0,15715.920000000002,3,1,0.3333333333333333,15715.920000000002,3,1,0.3333333333333333,0
LGS2ORD0010814,C015845,2025-03-27 15:00:00,Female,34,Gold,TV,Bangkok,416,Web,PromptPay,15,3,3,0,30-40,13.866666666666667,1.0,0.0,0.0,-1,79,7427.45,0.08,0.0,0.0,0.0,0.0,0,0,0.0,0.0,0,0,0.0,7427.45,1,0,0.0,7427.45,1,0,0.0,0
LGS2ORD0010815,C017519,2025-03-27 15:00:00,Female,43,Silver,Lazada,Nakhon Ratchasima,346,TV_Show,COD,15,3,3,0,40-50,11.533333333333333,1.0,0.0,0.0,-1,64,3037.69,0.2,1.0,0.0,0.0,0.0,0,0,0.0,0.0,0,0,0.0,3037.69,1,0,0.0,3037.69,1,0,0.0,0
LGS2ORD0010816,C014839,2025-03-27 16:00:00,Male,49,Bronze,Shopee,Khon Kaen,1535,TV_Show,COD,16,3,3,0,40-50,51.166666666666664,3.0,1.0,0.3333333333333333,47,12,8697.483333333334,0.23,0.0,0.3333333333333333,0.0,0.0,0,0,0.0,13430.17,2,0,0.0,26092.45,3,1,0.3333333333333333,26092.45,3,1,0.3333333333333333,0
LGS2ORD0010817,C016543,2025-03-27 16:00:00,Female,63,Silver,Lazada,Bangkok,267,Lazada,COD,16,3,3,0,>50,8.9,1.0,0.0,0.0,-1,45,923.07,0.1,0.0,0.0,0.0,0.0,0,0,0.0,0.0,0,0,0.0,923.07,1,0,0.0,923.07,1,0,0.0,1
LGS2ORD0010818,C015437,2025-03-27 16:00:00,Female,41,Gold,Web,Bangkok,624,Lazada,COD,16,3,3,0,40-50,20.8,3.0,1.0,0.3333333333333333,69,45,5846.063333333333,0.28,0.6666666666666666,0.3333333333333333,0.0,0.0,0,0,0.0,0.0,0,0,0.0,17538.19,3,1,0.3333333333333333,17538.19,3,1,0.3333333333333333,0
LGS2ORD0010819,C015272,2025-03-27 16:00:00,Female,39,Bronze,TV,Khon Kaen,723,Web,Bank_Transfer,16,3,3,0,30-40,24.1,2.0,0.0,0.0,-1,38,1971.7600000000002,0.23,0.0,0.5,0.0,0.0,0,0,0.0,0.0,0,0,0.0,3943.5200000000004,2,0,0.0,3943.5200000000004,2,0,0.0,0
LGS2ORD0010820,C010358,2025-03-27 16:00:00,Other,32,Bronze,Web,Bangkok,1436,Web,PromptPay,16,3,3,0,30-40,47.86666666666667,0.0,0.0,0.0,-1,-1,0.0,0.0,0.0,0.0,0.0,0.0,0,0,0.0,0.0,0,0,0.0,0.0,0,0,0.0,0.0,0,0,0.0,0
LGS2ORD0010821,C017251,2025-03-27 16:00:00,Female,51,Gold,Shopee,Khon Kaen,575,Shopee,COD,16,3,3,0,>50,19.166666666666668,1.0,0.0,0.0,-1,9,18499.38,0.13,0.0,0.0,0.0,0.0,0,0,0.0,18499.38,1,0,0.0,18499.38,1,0,0.0,18499.38,1,0,0.0,0
LGS2ORD0010822,C014507,2025-03-27 17:00:00,Female,57,Bronze,Shopee,Songkhla,648,CallCenter,Credit_Card,17,3,3,0,>50,21.6,1.0,1.0,1.0,10,24,10946.37,0.18,1.0,0.0,0.0,0.0,0,0,0.0,10946.37,1,1,1.0,10946.37,1,1,1.0,10946.37,1,1,1.0,0
LGS2ORD0010823,C017406,2025-03-27 17:00:00,Female,37,Gold,Shopee,Bangkok,1275,Lazada,Credit_Card,17,3,3,0,30-40,42.5,2.0,0.0,0.0,-1,6,3437.9849999999997,0.13,1.0,0.0,0.0,3045.25,1,0,0.0,3045.25,1,0,0.0,6875.969999999999,2,0,0.0,6875.969999999999,2,0,0.0,0
LGS2ORD0010824,C016637,2025-03-27 17:00:00,Male,72,Bronze,Shopee,Bangkok,432,CallCenter,COD,17,3,3,0,>50,14.4,2.0,2.0,1.0,1,15,5548.655,0.23,0.5,0.5,0.0,0.0,0,0,0.0,8538.66,1,1,1.0,11097.31,2,2,1.0,11097.31,2,2,1.0,0
LGS2ORD0010825,C018000,2025-03-27 17:00:00,Female,45,Bronze,CallCenter,Chonburi,1519,Shopee,PromptPay,17,3,3,0,40-50,50.63333333333333,4.0,0.0,0.0,-1,3,4167.1,0.18,0.5,0.0,0.0,1123.4,1,0,0.0,1123.4,1,0,0.0,16668.4,4,0,0.0,16668.4,4,0,0.0,0
LGS2ORD0010826,C010925,2025-03-27 17:00:00,Male,39,Bronze,TV,Chiang Mai,1009,TV_Show,Credit_Card,17,3,3,0,30-40,33.63333333333333,1.0,0.0,0.0,-1,10,14992.42,0.18,1.0,0.0,0.0,0.0,0,0,0.0,14992.42,1,0,0.0,14992.42,1,0,0.0,14992.42,1,0,0.0,0
LGS2ORD0010827,C012659,2025-03-27 18:00:00,Female,36,Platinum,TV,Remote_Area,210,CallCenter,COD,18,3,3,0,30-40,7.0,0.0,0.0,0.0,-1,-1,0.0,0.0,0.0,0.0,0.0,0.0,0,0,0.0,0.0,0,0,0.0,0.0,0,0,0.0,0.0,0,0,0.0,0
LGS2ORD0010828,C010537,2025-03-27 18:00:00,Female,64,Gold,TV,Songkhla,1380,Shopee,COD,18,3,3,0,>50,46.0,2.0,1.0,0.5,59,32,5694.89,0.28,0.0,0.5,0.0,0.0,0,0,0.0,0.0,0,0,0.0,11389.78,2,1,0.5,11389.78,2,1,0.5,0
LGS2ORD0010829,C015949,2025-03-27 18:00:00,Female,46,Bronze,TV,Nakhon Ratchasima,1058,Shopee,Credit_Card,18,3,3,0,40-50,35.266666666666666,3.0,0.0,0.0,-1,1,13561.68,0.23,0.3333333333333333,0.3333333333333333,0.0,24968.98,2,0,0.0,24968.98,2,0,0.0,40685.04,3,0,0.0,40685.04,3,0,0.0,0
LGS2ORD0010830,C017264,2025-03-27 18:00:00,Male,61,Bronze,TV,Phuket,1325,Lazada,COD,18,3,3,0,>50,44.166666666666664,1.0,0.0,0.0,-1,27,2482.16,0.18,0.0,0.0,0.0,0.0,0,0,0.0,2482.16,1,0,0.0,2482.16,1,0,0.0,2482.16,1,0,0.0,1
LGS2ORD0010831,C013244,2025-03-27 18:00:00,Female,24,Silver,Lazada,Nakhon Ratchasima,1020,Web,Bank_Transfer,18,3,3,0,20-30,34.0,0.0,0.0,0.0,-1,-1,0.0,0.0,0.0,0.0,0.0,0.0,0,0,0.0,0.0,0,0,0.0,0.0,0,0,0.0,0.0,0,0,0.0,0
LGS2ORD0010832,C017762,2025-03-27 19:00:00,Other,23,Gold,Lazada,Nakhon Ratchasima,950,TV_Show,Credit_Card,19,3,3,0,20-30,31.666666666666668,1.0,1.0,1.0,61,71,2145.67,0.33,1.0,1.0,0.0,0.0,0,0,0.0,0.0,0,0,0.0,2145.67,1,1,1.0,2145.67,1,1,1.0,0
LGS2ORD0010833,C010626,2025-03-27 19:00:00,Female,49,Bronze,CallCenter,Remote_Area,1537,Web,Credit_Card,19,3,3,0,40-50,51.233333333333334,0.0,0.0,0.0,-1,-1,0.0,0.0,0.0,0.0,0.0,0.0,0,0,0.0,0.0,0,0,0.0,0.0,0,0,0.0,0.0,0,0,0.0,0
LGS2ORD0010834,C017640,2025-03-27 19:00:00,Female,54,Platinum,Lazada,Chonburi,978,Shopee,PromptPay,19,3,3,0,>50,32.6,0.0,0.0,0.0,-1,-1,0.0,0.0,0.0,0.0,0.0,0.0,0,0,0.0,0.0,0,0,0.0,0.0,0,0,0.0,0.0,0,0,0.0,0
LGS2ORD0010835,C015550,2025-03-27 19:00:00,Female,35,Bronze,Shopee,Chiang Mai,742,Shopee,COD,19,3,3,0,30-40,24.733333333333334,2.0,1.0,0.5,-3,12,2024.715,0.28,0.0,1.0,0.0,0.0,0,0,0.0,4049.43,2,1,0.5,4049.43,2,1,0.5,4049.43,2,1,0.5,0
LGS2ORD0010836,C016312,2025-03-27 19:00:00,Male,38,Bronze,Shopee,Bangkok,1365,Shopee,PromptPay,19,3,3,0,30-40,45.5,0.0,0.0,0.0,-1,-1,0.0,0.0,0.0,0.0,0.0,0.0,0,0,0.0,0.0,0,0,0.0,0.0,0,0,0.0,0.0,0,0,0.0,0
LGS2ORD0010837,C011885,2025-03-27 20:00:00,Male,49,Silver,Shopee,Khon Kaen,137,CallCenter,COD,20,3,3,0,40-50,4.566666666666666,1.0,0.0,0.0,-1,47,878.09,0.1,0.0,0.0,0.0,0.0,0,0,0.0,0.0,0,0,0.0,878.09,1,0,0.0,878.09,1,0,0.0,0
LGS2ORD0010838,C016121,2025-03-27 20:00:00,Male,43,Platinum,TV,Chonburi,1192,Shopee,COD,20,3,3,0,40-50,39.733333333333334,1.0,1.0,1.0,18,32,2496.97,0.35,1.0,1.0,0.0,0.0,0,0,0.0,0.0,0,0,0.0,2496.97,1,1,1.0,2496.97,1,1,1.0,0
LGS2ORD0010839,C014186,2025-03-27 20:00:00,Male,44,Gold,TV,Bangkok,780,Lazada,COD,20,3,3,0,40-50,26.0,0.0,0.0,0.0,-1,-1,0.0,0.0,0.0,0.0,0.0,0.0,0,0,0.0,0.0,0,0,0.0,0.0,0,0,0.0,0.0,0,0,0.0,1
LGS2ORD0010840,C011424,2025-03-27 20:00:00,Female,46,Bronze,Lazada,Bangkok,474,Lazada,PromptPay,20,3,3,0,40-50,15.8,1.0,0.0,0.0,-1,48,17289.93,0.08,0.0,0.0,0.0,0.0,0,0,0.0,0.0,0,0,0.0,17289.93,1,0,0.0,17289.93,1,0,0.0,0
LGS2ORD0010841,C013177,2025-03-27 20:00:00,Other,26,Silver,CallCenter,Nakhon Ratchasima,1182,TV_Show,COD,20,3,3,0,20-30,39.4,2.0,0.0,0.0,-1,2,3008.37,0.3,0.0,1.0,0.0,4016.39,1,0,0.0,4016.39,1,0,0.0,6016.74,2,0,0.0,6016.74,2,0,0.0,0
LGS2ORD0010842,C011631,2025-03-27 20:00:00,Female,60,Bronze,Lazada,Bangkok,1293,Web,PromptPay,20,3,3,0,>50,43.1,1.0,0.0,0.0,-1,21,1249.98,0.28,1.0,1.0,0.0,0.0,0,0,0.0,1249.98,1,0,0.0,1249.98,1,0,0.0,1249.98,1,0,0.0,0
LGS2ORD0010843,C015106,2025-03-27 21:00:00,Female,32,Bronze,Shopee,Bangkok,868,TV_Show,COD,21,3,3,0,30-40,28.933333333333334,2.0,0.0,0.0,-1,58,5199.844999999999,0.18,0.0,0.0,0.0,0.0,0,0,0.0,0.0,0,0,0.0,10399.689999999999,2,0,0.0,10399.689999999999,2,0,0.0,1
LGS2ORD0010844,C012260,2025-03-27 21:00:00,Female,51,Bronze,Lazada,Bangkok,800,TV_Show,Credit_Card,21,3,3,0,>50,26.666666666666668,4.0,0.0,0.0,-1,1,6452.6975,0.28,0.25,0.5,0.0,13234.95,2,0,0.0,13234.95,2,0,0.0,25810.79,4,0,0.0,25810.79,4,0,0.0,0
LGS2ORD0010845,C017480,2025-03-27 21:00:00,Female,32,Bronze,Web,Khon Kaen,1108,TV_Show,COD,21,3,3,0,30-40,36.93333333333333,0.0,0.0,0.0,-1,-1,0.0,0.0,0.0,0.0,0.0,0.0,0,0,0.0,0.0,0,0,0.0,0.0,0,0,0.0,0.0,0,0,0.0,1
LGS2ORD0010846,C012308,2025-03-27 21:00:00,Male,22,Bronze,TV,Songkhla,1043,TV_Show,Bank_Transfer,21,3,3,0,20-30,34.766666666666666,3.0,1.0,0.3333333333333333,57,29,3716.766666666667,0.23,1.0,0.6666666666666666,0.0,0.0,0,0,0.0,691.87,1,0,0.0,11150.300000000001,3,1,0.3333333333333333,11150.300000000001,3,1,0.3333333333333333,0
LGS2ORD0010847,C012031,2025-03-27 21:00:00,Female,27,Silver,Web,Khon Kaen,901,Lazada,COD,21,3,3,0,20-30,30.033333333333335,2.0,0.0,0.0,-1,0,1619.175,0.1,0.5,0.0,0.0,1177.96,1,0,0.0,1177.96,1,0,0.0,3238.35,2,0,0.0,3238.35,2,0,0.0,0
LGS2ORD0010848,C010941,2025-03-27 22:00:00,Female,36,Silver,TV,Bangkok,830,TV_Show,COD,22,3,3,0,30-40,27.666666666666668,2.0,2.0,1.0,36,48,4347.22,0.3,1.0,1.0,0.0,0.0,0,0,0.0,0.0,0,0,0.0,8694.44,2,2,1.0,8694.44,2,2,1.0,0
LGS2ORD0010849,C012373,2025-03-27 22:00:00,Female,55,Bronze,TV,Chonburi,1131,CallCenter,COD,22,3,3,0,>50,37.7,1.0,0.0,0.0,-1,28,7653.74,0.03,0.0,0.0,0.0,0.0,0,0,0.0,7653.74,1,0,0.0,7653.74,1,0,0.0,7653.74,1,0,0.0,0
LGS2ORD0010850,C012087,2025-03-27 22:00:00,Female,39,Gold,Web,Remote_Area,1452,Shopee,Credit_Card,22,3,3,0,30-40,48.4,2.0,0.0,0.0,-1,67,2533.175,0.2299999999999999,0.5,0.5,0.0,0.0,0,0,0.0,0.0,0,0,0.0,5066.35,2,0,0.0,5066.35,2,0,0.0,0
LGS2ORD0010851,C016591,2025-03-27 22:00:00,Male,34,Bronze,Shopee,Remote_Area,815,TV_Show,PromptPay,22,3,3,0,30-40,27.166666666666668,1.0,0.0,0.0,-1,3,6432.55,0.03,1.0,0.0,0.0,6432.55,1,0,0.0,6432.55,1,0,0.0,6432.55,1,0,0.0,6432.55,1,0,0.0,0
LGS2ORD0010852,C014682,2025-03-27 22:00:00,Female,47,Gold,TV,Bangkok,1443,Web,Credit_Card,22,3,3,0,40-50,48.1,1.0,0.0,0.0,-1,78,3637.44,0.33,0.0,1.0,0.0,0.0,0,0,0.0,0.0,0,0,0.0,3637.44,1,0,0.0,3637.44,1,0,0.0,0
LGS2ORD0010853,C015446,2025-03-27 23:00:00,Female,38,Bronze,Shopee,Bangkok,1174,TV_Show,COD,23,3,3,0,30-40,39.13333333333333,2.0,0.0,0.0,-1,34,5907.179999999999,0.23,0.0,0.5,0.0,0.0,0,0,0.0,0.0,0,0,0.0,11814.359999999999,2,0,0.0,11814.359999999999,2,0,0.0,0
LGS2ORD0010854,C011698,2025-03-27 23:00:00,Female,32,Bronze,Lazada,Bangkok,750,Web,Credit_Card,23,3,3,0,30-40,25.0,2.0,0.0,0.0,-1,22,6255.405000000001,0.08,0.5,0.0,0.0,0.0,0,0,0.0,12510.810000000001,2,0,0.0,12510.810000000001,2,0,0.0,12510.810000000001,2,0,0.0,0
LGS2ORD0010855,C015340,2025-03-27 23:00:00,Female,42,Silver,TV,Chiang Mai,1176,CallCenter,COD,23,3,3,0,40-50,39.2,2.0,0.0,0.0,-1,18,4126.02,0.05,0.5,0.0,0.0,0.0,0,0,0.0,5428.96,1,0,0.0,8252.04,2,0,0.0,8252.04,2,0,0.0,0
LGS2ORD0010856,C012524,2025-03-27 23:00:00,Female,62,Bronze,CallCenter,Phuket,403,TV_Show,COD,23,3,3,0,>50,13.433333333333334,1.0,0.0,0.0,-1,36,5020.58,0.18,0.0,0.0,0.0,0.0,0,0,0.0,0.0,0,0,0.0,5020.58,1,0,0.0,5020.58,1,0,0.0,0
LGS2ORD0010857,C014536,2025-03-27 23:00:00,Male,19,Bronze,Lazada,Chiang Mai,964,Lazada,Credit_Card,23,3,3,0,<20,32.13333333333333,1.0,0.0,0.0,-1,42,2997.38,0.18,0.0,0.0,0.0,0.0,0,0,0.0,0.0,0,0,0.0,2997.38,1,0,0.0,2997.38,1,0,0.0,0
LGS2ORD0010858,C012461,2025-03-28 00:00:00,Male,72,Bronze,TV,Chonburi,471,Shopee,COD,0,3,4,0,>50,15.7,3.0,0.0,0.0,-1,0,4158.29,0.08,0.3333333333333333,0.0,0.0,8357.79,1,0,0.0,12474.87,3,0,0.0,12474.87,3,0,0.0,12474.87,3,0,0.0,0
LGS2ORD0010859,C014354,2025-03-28 00:00:00,Male,46,Gold,Lazada,Khon Kaen,1130,Lazada,PromptPay,0,3,4,0,40-50,37.666666666666664,0.0,0.0,0.0,-1,-1,0.0,0.0,0.0,0.0,0.0,0.0,0,0,0.0,0.0,0,0,0.0,0.0,0,0,0.0,0.0,0,0,0.0,0
LGS2ORD0010860,C011566,2025-03-28 00:00:00,Male,38,Gold,Shopee,Khon Kaen,1298,Shopee,COD,0,3,4,0,30-40,43.266666666666666,2.0,0.0,0.0,-1,31,2245.155,0.2299999999999999,0.0,0.5,0.0,0.0,0,0,0.0,0.0,0,0,0.0,4490.31,2,0,0.0,4490.31,2,0,0.0,1
LGS2ORD0010861,C016624,2025-03-28 00:00:00,Female,32,Gold,TV,Remote_Area,455,TV_Show,COD,0,3,4,0,30-40,15.166666666666666,1.0,1.0,1.0,23,39,8571.97,0.2299999999999999,0.0,1.0,0.0,0.0,0,0,0.0,0.0,0,0,0.0,8571.97,1,1,1.0,8571.97,1,1,1.0,1
LGS2ORD0010862,C016119,2025-03-28 00:00:00,Female,32,Silver,Web,Khon Kaen,1262,TV_Show,Bank_Transfer,0,3,4,0,30-40,42.06666666666667,0.0,0.0,0.0,-1,-1,0.0,0.0,0.0,0.0,0.0,0.0,0,0,0.0,0.0,0,0,0.0,0.0,0,0,0.0,0.0,0,0,0.0,0
LGS2ORD0010863,C010902,2025-03-28 00:00:00,Male,41,Silver,Lazada,Songkhla,982,Shopee,COD,0,3,4,0,40-50,32.733333333333334,0.0,0.0,0.0,-1,-1,0.0,0.0,0.0,0.0,0.0,0.0,0,0,0.0,0.0,0,0,0.0,0.0,0,0,0.0,0.0,0,0,0.0,1
LGS2ORD0010864,C015759,2025-03-28 01:00:00,Female,25,Platinum,Web,Bangkok,946,CallCenter,Credit_Card,1,3,4,0,20-30,31.533333333333335,3.0,0.0,0.0,-1,26,5460.8099999999995,0.3,0.3333333333333333,0.3333333333333333,0.0,0.0,0,0,0.0,1795.4,1,0,0.0,16382.429999999998,3,0,0.0,16382.429999999998,3,0,0.0,0
LGS2ORD0010865,C015570,2025-03-28 01:00:00,Other,38,Platinum,Web,Bangkok,388,Lazada,Bank_Transfer,1,3,4,0,30-40,12.933333333333334,1.0,0.0,0.0,-1,11,3256.5,0.1,0.0,0.0,0.0,0.0,0,0,0.0,3256.5,1,0,0.0,3256.5,1,0,0.0,3256.5,1,0,0.0,0
LGS2ORD0010866,C016507,2025-03-28 01:00:00,Female,41,Bronze,TV,Chonburi,432,TV_Show,COD,1,3,4,0,40-50,14.4,5.0,3.0,0.6,28,4,2752.7560000000003,0.23,0.6,0.2,0.0,8244.68,1,0,0.0,10818.91,2,0,0.0,13763.78,5,3,0.6,13763.78,5,3,0.6,1
LGS2ORD0010867,C017008,2025-03-28 01:00:00,Female,46,Bronze,Web,Bangkok,1114,CallCenter,PromptPay,1,3,4,0,40-50,37.13333333333333,1.0,1.0,1.0,64,70,7887.41,0.28,1.0,1.0,0.0,0.0,0,0,0.0,0.0,0,0,0.0,7887.41,1,1,1.0,7887.41,1,1,1.0,0
LGS2ORD0010868,C013892,2025-03-28 01:00:00,Female,28,Bronze,CallCenter,Bangkok,568,Lazada,Bank_Transfer,1,3,4,0,20-30,18.933333333333334,1.0,0.0,0.0,-1,44,7380.41,0.23,0.0,1.0,0.0,0.0,0,0,0.0,0.0,0,0,0.0,7380.41,1,0,0.0,7380.41,1,0,0.0,1
LGS2ORD0010869,C014867,2025-03-28 02:00:00,Female,41,Bronze,TV,Remote_Area,831,CallCenter,COD,2,3,4,0,40-50,27.7,1.0,0.0,0.0,-1,59,11030.97,0.08,0.0,0.0,0.0,0.0,0,0,0.0,0.0,0,0,0.0,11030.97,1,0,0.0,11030.97,1,0,0.0,0
LGS2ORD0010870,C017816,2025-03-28 02:00:00,Male,58,Bronze,Shopee,Remote_Area,238,Lazada,COD,2,3,4,0,>50,7.933333333333334,1.0,0.0,0.0,-1,67,10520.41,0.03,1.0,0.0,0.0,0.0,0,0,0.0,0.0,0,0,0.0,10520.41,1,0,0.0,10520.41,1,0,0.0,1
LGS2ORD0010871,C012510,2025-03-28 02:00:00,Female,51,Bronze,Shopee,Songkhla,1262,TV_Show,COD,2,3,4,0,>50,42.06666666666667,3.0,1.0,0.3333333333333333,41,55,3381.653333333333,0.18,0.3333333333333333,0.0,0.0,0.0,0,0,0.0,0.0,0,0,0.0,10144.96,3,1,0.3333333333333333,10144.96,3,1,0.3333333333333333,1
LGS2ORD0010872,C012105,2025-03-28 02:00:00,Female,32,Gold,TV,Remote_Area,1288,Lazada,COD,2,3,4,0,30-40,42.93333333333333,3.0,2.0,0.6666666666666666,14,21,3554.763333333333,0.28,1.0,0.6666666666666666,0.0,0.0,0,0,0.0,886.41,1,1,1.0,10664.289999999999,3,2,0.6666666666666666,10664.289999999999,3,2,0.6666666666666666,1
LGS2ORD0010873,C012253,2025-03-28 02:00:00,Other,41,Silver,Web,Chonburi,874,Shopee,COD,2,3,4,0,40-50,29.133333333333333,1.0,0.0,0.0,-1,19,4868.98,0.1,0.0,0.0,0.0,0.0,0,0,0.0,4868.98,1,0,0.0,4868.98,1,0,0.0,4868.98,1,0,0.0,0
LGS2ORD0010874,C016866,2025-03-28 03:00:00,Male,41,Silver,TV,Phuket,1482,Web,PromptPay,3,3,4,0,40-50,49.4,0.0,0.0,0.0,-1,-1,0.0,0.0,0.0,0.0,0.0,0.0,0,0,0.0,0.0,0,0,0.0,0.0,0,0,0.0,0.0,0,0,0.0,0
LGS2ORD0010875,C012017,2025-03-28 03:00:00,Male,27,Silver,Shopee,Bangkok,1406,TV_Show,COD,3,3,4,0,20-30,46.86666666666667,2.0,1.0,0.5,58,67,5437.8,0.1,0.0,0.0,0.0,0.0,0,0,0.0,0.0,0,0,0.0,10875.6,2,1,0.5,10875.6,2,1,0.5,0
LGS2ORD0010876,C014019,2025-03-28 03:00:00,Female,41,Gold,Web,Chonburi,201,TV_Show,COD,3,3,4,0,40-50,6.7,2.0,1.0,0.5,40,55,3575.21,0.2299999999999999,0.5,0.5,0.0,0.0,0,0,0.0,0.0,0,0,0.0,7150.42,2,1,0.5,7150.42,2,1,0.5,1
LGS2ORD0010877,C015126,2025-03-28 03:00:00,Female,51,Gold,TV,Songkhla,754,Lazada,Credit_Card,3,3,4,0,>50,25.133333333333333,1.0,1.0,1.0,43,50,1730.46,0.33,1.0,1.0,0.0,0.0,0,0,0.0,0.0,0,0,0.0,1730.46,1,1,1.0,1730.46,1,1,1.0,0
LGS2ORD0010878,C016885,2025-03-28 03:00:00,Male,51,Bronze,TV,Bangkok,1369,Shopee,COD,3,3,4,0,>50,45.63333333333333,0.0,0.0,0.0,-1,-1,0.0,0.0,0.0,0.0,0.0,0.0,0,0,0.0,0.0,0,0,0.0,0.0,0,0,0.0,0.0,0,0,0.0,1
LGS2ORD0010879,C016418,2025-03-28 04:00:00,Male,38,Bronze,Shopee,Bangkok,401,Web,COD,4,3,4,0,30-40,13.366666666666667,0.0,0.0,0.0,-1,-1,0.0,0.0,0.0,0.0,0.0,0.0,0,0,0.0,0.0,0,0,0.0,0.0,0,0,0.0,0.0,0,0,0.0,1
LGS2ORD0010880,C014703,2025-03-28 04:00:00,Female,41,Silver,TV,Nakhon Ratchasima,1518,TV_Show,COD,4,3,4,0,40-50,50.6,4.0,1.0,0.25,38,10,4646.37,0.2,0.25,0.0,0.0,0.0,0,0,0.0,10831.71,1,0,0.0,18585.48,4,1,0.25,18585.48,4,1,0.25,0
LGS2ORD0010881,C011621,2025-03-28 04:00:00,Female,42,Gold,Lazada,Bangkok,853,Web,COD,4,3,4,0,40-50,28.433333333333334,1.0,0.0,0.0,-1,67,26271.7,0.28,1.0,1.0,0.0,0.0,0,0,0.0,0.0,0,0,0.0,26271.7,1,0,0.0,26271.7,1,0,0.0,1
LGS2ORD0010882,C017493,2025-03-28 04:00:00,Male,47,Silver,TV,Songkhla,1027,Lazada,COD,4,3,4,0,40-50,34.233333333333334,2.0,1.0,0.5,11,15,7399.3150000000005,0.15,1.0,0.0,0.0,0.0,0,0,0.0,14798.630000000001,2,1,0.5,14798.630000000001,2,1,0.5,14798.630000000001,2,1,0.5,1
LGS2ORD0010883,C013238,2025-03-28 04:00:00,Male,54,Gold,TV,Songkhla,304,Web,COD,4,3,4,0,>50,10.133333333333333,0.0,0.0,0.0,-1,-1,0.0,0.0,0.0,0.0,0.0,0.0,0,0,0.0,0.0,0,0,0.0,0.0,0,0,0.0,0.0,0,0,0.0,0
LGS2ORD0010884,C011129,2025-03-28 04:00:00,Female,47,Silver,Web,Khon Kaen,762,TV_Show,COD,4,3,4,0,40-50,25.4,2.0,1.0,0.5,6,18,4345.66,0.25,0.5,0.5,0.0,0.0,0,0,0.0,7354.22,1,1,1.0,8691.32,2,1,0.5,8691.32,2,1,0.5,1
LGS2ORD0010885,C013093,2025-03-28 05:00:00,Male,41,Bronze,Web,Chiang Mai,115,Web,COD,5,3,4,0,40-50,3.8333333333333335,1.0,0.0,0.0,-1,73,3524.46,0.18,1.0,0.0,0.0,0.0,0,0,0.0,0.0,0,0,0.0,3524.46,1,0,0.0,3524.46,1,0,0.0,0
LGS2ORD0010886,C011421,2025-03-28 05:00:00,Female,67,Bronze,Web,Chiang Mai,1226,Shopee,PromptPay,5,3,4,0,>50,40.86666666666667,2.0,0.0,0.0,-1,34,14806.119999999999,0.18,0.5,0.0,0.0,0.0,0,0,0.0,0.0,0,0,0.0,29612.239999999998,2,0,0.0,29612.239999999998,2,0,0.0,0
LGS2ORD0010887,C011658,2025-03-28 05:00:00,Female,27,Bronze,CallCenter,Bangkok,1516,Web,Credit_Card,5,3,4,0,20-30,50.53333333333333,3.0,0.0,0.0,-1,5,4953.633333333333,0.23,0.6666666666666666,0.3333333333333333,0.0,5632.15,1,0,0.0,14860.9,3,0,0.0,14860.9,3,0,0.0,14860.9,3,0,0.0,0
LGS2ORD0010888,C015586,2025-03-28 05:00:00,Male,25,Gold,Web,Bangkok,1317,CallCenter,Credit_Card,5,3,4,0,20-30,43.9,1.0,0.0,0.0,-1,50,5415.08,0.28,1.0,1.0,0.0,0.0,0,0,0.0,0.0,0,0,0.0,5415.08,1,0,0.0,5415.08,1,0,0.0,1
LGS2ORD0010889,C014915,2025-03-28 05:00:00,Female,33,Gold,Shopee,Nakhon Ratchasima,984,Shopee,COD,5,3,4,0,30-40,32.8,1.0,0.0,0.0,-1,29,1480.08,0.13,0.0,0.0,0.0,0.0,0,0,0.0,1480.08,1,0,0.0,1480.08,1,0,0.0,1480.08,1,0,0.0,0
LGS2ORD0010890,C016430,2025-03-28 06:00:00,Male,43,Silver,Shopee,Chiang Mai,1072,Shopee,PromptPay,6,3,4,0,40-50,35.733333333333334,1.0,0.0,0.0,-1,3,9797.74,0.2,0.0,0.0,0.0,9797.74,1,0,0.0,9797.74,1,0,0.0,9797.74,1,0,0.0,9797.74,1,0,0.0,0
LGS2ORD0010891,C014447,2025-03-28 06:00:00,Male,35,Bronze,CallCenter,Bangkok,1486,Shopee,COD,6,3,4,0,30-40,49.53333333333333,2.0,0.0,0.0,-1,57,7697.255,0.08,1.0,0.0,0.0,0.0,0,0,0.0,0.0,0,0,0.0,15394.51,2,0,0.0,15394.51,2,0,0.0,1
LGS2ORD0010892,C013526,2025-03-28 06:00:00,Male,39,Gold,CallCenter,Bangkok,158,Shopee,COD,6,3,4,0,30-40,5.266666666666667,0.0,0.0,0.0,-1,-1,0.0,0.0,0.0,0.0,0.0,0.0,0,0,0.0,0.0,0,0,0.0,0.0,0,0,0.0,0.0,0,0,0.0,1
LGS2ORD0010893,C017296,2025-03-28 06:00:00,Female,41,Gold,Lazada,Bangkok,167,Shopee,COD,6,3,4,0,40-50,5.566666666666666,1.0,0.0,0.0,-1,62,565.42,0.08,0.0,0.0,0.0,0.0,0,0,0.0,0.0,0,0,0.0,565.42,1,0,0.0,565.42,1,0,0.0,0
LGS2ORD0010894,C011152,2025-03-28 06:00:00,Female,18,Silver,Web,Bangkok,333,Shopee,Credit_Card,6,3,4,0,<20,11.1,2.0,0.0,0.0,-1,52,1816.24,0.15,0.0,0.0,0.0,0.0,0,0,0.0,0.0,0,0,0.0,3632.48,2,0,0.0,3632.48,2,0,0.0,0
LGS2ORD0010895,C017076,2025-03-28 07:00:00,Female,49,Silver,Web,Nakhon Ratchasima,1282,Shopee,COD,7,3,4,0,40-50,42.733333333333334,3.0,0.0,0.0,-1,15,5500.740000000001,0.2,0.3333333333333333,0.0,0.0,0.0,0,0,0.0,4897.0,1,0,0.0,16502.22,3,0,0.0,16502.22,3,0,0.0,1
LGS2ORD0010896,C010879,2025-03-28 07:00:00,Male,44,Bronze,Web,Bangkok,1410,TV_Show,Bank_Transfer,7,3,4,0,40-50,47.0,1.0,0.0,0.0,-1,23,4869.57,0.03,0.0,0.0,0.0,0.0,0,0,0.0,4869.57,1,0,0.0,4869.57,1,0,0.0,4869.57,1,0,0.0,0
LGS2ORD0010897,C013061,2025-03-28 07:00:00,Female,41,Silver,TV,Nakhon Ratchasima,1278,TV_Show,COD,7,3,4,0,40-50,42.6,2.0,1.0,0.5,-1,6,2458.63,0.15,0.0,0.0,0.0,4190.8,1,1,1.0,4190.8,1,1,1.0,4917.26,2,1,0.5,4917.26,2,1,0.5,1
LGS2ORD0010898,C010665,2025-03-28 07:00:00,Male,43,Bronze,Lazada,Bangkok,1363,Lazada,COD,7,3,4,0,40-50,45.43333333333333,0.0,0.0,0.0,-1,-1,0.0,0.0,0.0,0.0,0.0,0.0,0,0,0.0,0.0,0,0,0.0,0.0,0,0,0.0,0.0,0,0,0.0,0
LGS2ORD0010899,C016692,2025-03-28 07:00:00,Female,60,Gold,Lazada,Chiang Mai,373,Web,Credit_Card,7,3,4,0,>50,12.433333333333334,1.0,0.0,0.0,-1,45,1319.72,0.18,1.0,0.0,0.0,0.0,0,0,0.0,0.0,0,0,0.0,1319.72,1,0,0.0,1319.72,1,0,0.0,0
LGS2ORD0010900,C015100,2025-03-28 08:00:00,Female,41,Bronze,Web,Chiang Mai,1474,Lazada,COD,8,3,4,0,40-50,49.13333333333333,1.0,0.0,0.0,-1,20,2541.85,0.08,1.0,0.0,0.0,0.0,0,0,0.0,2541.85,1,0,0.0,2541.85,1,0,0.0,2541.85,1,0,0.0,0
LGS2ORD0010901,C014831,2025-03-28 08:00:00,Female,38,Bronze,Shopee,Remote_Area,651,Web,Credit_Card,8,3,4,0,30-40,21.7,2.0,2.0,1.0,32,40,2224.5,0.08,0.5,0.0,0.0,0.0,0,0,0.0,0.0,0,0,0.0,4449.0,2,2,1.0,4449.0,2,2,1.0,0
LGS2ORD0010902,C011324,2025-03-28 08:00:00,Male,48,Platinum,Lazada,Bangkok,1323,TV_Show,PromptPay,8,3,4,0,40-50,44.1,0.0,0.0,0.0,-1,-1,0.0,0.0,0.0,0.0,0.0,0.0,0,0,0.0,0.0,0,0,0.0,0.0,0,0,0.0,0.0,0,0,0.0,0
LGS2ORD0010903,C013236,2025-03-28 08:00:00,Female,54,Bronze,TV,Bangkok,1169,TV_Show,COD,8,3,4,0,>50,38.96666666666667,0.0,0.0,0.0,-1,-1,0.0,0.0,0.0,0.0,0.0,0.0,0,0,0.0,0.0,0,0,0.0,0.0,0,0,0.0,0.0,0,0,0.0,0
LGS2ORD0010904,C010458,2025-03-28 08:00:00,Male,41,Silver,CallCenter,Bangkok,454,Shopee,COD,8,3,4,0,40-50,15.133333333333333,0.0,0.0,0.0,-1,-1,0.0,0.0,0.0,0.0,0.0,0.0,0,0,0.0,0.0,0,0,0.0,0.0,0,0,0.0,0.0,0,0,0.0,1
LGS2ORD0010905,C017357,2025-03-28 08:00:00,Male,18,Silver,Web,Phuket,167,Lazada,Credit_Card,8,3,4,0,<20,5.566666666666666,3.0,0.0,0.0,-1,12,4315.193333333334,0.25,0.3333333333333333,0.3333333333333333,0.0,0.0,0,0,0.0,1638.51,1,0,0.0,12945.580000000002,3,0,0.0,12945.580000000002,3,0,0.0,0
LGS2ORD0010906,C011997,2025-03-28 09:00:00,Male,50,Silver,TV,Khon Kaen,848,CallCenter,COD,9,3,4,0,40-50,28.266666666666666,2.0,1.0,0.5,58,38,10456.565,0.2,0.5,0.0,0.0,0.0,0,0,0.0,0.0,0,0,0.0,20913.13,2,1,0.5,20913.13,2,1,0.5,0
LGS2ORD0010907,C010790,2025-03-28 09:00:00,Female,36,Silver,Web,Khon Kaen,307,Shopee,Credit_Card,9,3,4,0,30-40,10.233333333333333,0.0,0.0,0.0,-1,-1,0.0,0.0,0.0,0.0,0.0,0.0,0,0,0.0,0.0,0,0,0.0,0.0,0,0,0.0,0.0,0,0,0.0,0
LGS2ORD0010908,C015760,2025-03-28 09:00:00,Male,60,Bronze,CallCenter,Khon Kaen,160,Shopee,Credit_Card,9,3,4,0,>50,5.333333333333333,0.0,0.0,0.0,-1,-1,0.0,0.0,0.0,0.0,0.0,0.0,0,0,0.0,0.0,0,0,0.0,0.0,0,0,0.0,0.0,0,0,0.0,0
LGS2ORD0010909,C012931,2025-03-28 09:00:00,Female,38,Bronze,Lazada,Bangkok,563,Shopee,Credit_Card,9,3,4,0,30-40,18.766666666666666,2.0,1.0,0.5,23,29,1814.56,0.23,0.0,0.5,0.0,0.0,0,0,0.0,900.93,1,1,1.0,3629.12,2,1,0.5,3629.12,2,1,0.5,0
LGS2ORD0010910,C016918,2025-03-28 09:00:00,Male,51,Gold,Lazada,Nakhon Ratchasima,1287,Shopee,COD,9,3,4,0,>50,42.9,0.0,0.0,0.0,-1,-1,0.0,0.0,0.0,0.0,0.0,0.0,0,0,0.0,0.0,0,0,0.0,0.0,0,0,0.0,0.0,0,0,0.0,0
LGS2ORD0010911,C016746,2025-03-28 10:00:00,Female,55,Silver,TV,Nakhon Ratchasima,1044,Shopee,COD,10,3,4,0,>50,34.8,0.0,0.0,0.0,-1,-1,0.0,0.0,0.0,0.0,0.0,0.0,0,0,0.0,0.0,0,0,0.0,0.0,0,0,0.0,0.0,0,0,0.0,0
LGS2ORD0010912,C016556,2025-03-28 10:00:00,Female,47,Silver,TV,Remote_Area,565,CallCenter,COD,10,3,4,0,40-50,18.833333333333332,1.0,0.0,0.0,-1,75,1272.72,0.1,1.0,0.0,0.0,0.0,0,0,0.0,0.0,0,0,0.0,1272.72,1,0,0.0,1272.72,1,0,0.0,0
LGS2ORD0010913,C013119,2025-03-28 10:00:00,Male,38,Bronze,Lazada,Chiang Mai,1144,Web,PromptPay,10,3,4,0,30-40,38.13333333333333,1.0,0.0,0.0,-1,53,19130.8,0.13,1.0,0.0,0.0,0.0,0,0,0.0,0.0,0,0,0.0,19130.8,1,0,0.0,19130.8,1,0,0.0,0
LGS2ORD0010914,C015980,2025-03-28 10:00:00,Other,36,Bronze,Web,Bangkok,122,Web,PromptPay,10,3,4,0,30-40,4.066666666666666,0.0,0.0,0.0,-1,-1,0.0,0.0,0.0,0.0,0.0,0.0,0,0,0.0,0.0,0,0,0.0,0.0,0,0,0.0,0.0,0,0,0.0,0
LGS2ORD0010915,C017467,2025-03-28 10:00:00,Female,60,Bronze,TV,Phuket,468,Shopee,PromptPay,10,3,4,0,>50,15.6,1.0,0.0,0.0,-1,67,1742.05,0.13,0.0,0.0,0.0,0.0,0,0,0.0,0.0,0,0,0.0,1742.05,1,0,0.0,1742.05,1,0,0.0,0
LGS2ORD0010916,C013320,2025-03-28 11:00:00,Male,50,Silver,CallCenter,Remote_Area,889,Shopee,Bank_Transfer,11,3,4,0,40-50,29.633333333333333,2.0,2.0,1.0,9,16,3172.885,0.3,0.5,1.0,0.0,0.0,0,0,0.0,6345.77,2,2,1.0,6345.77,2,2,1.0,6345.77,2,2,1.0,0
LGS2ORD0010917,C017788,2025-03-28 11:00:00,Male,52,Gold,Web,Bangkok,1261,Web,COD,11,3,4,0,>50,42.03333333333333,3.0,1.0,0.3333333333333333,64,20,2602.41,0.2299999999999999,0.0,0.6666666666666666,0.0,0.0,0,0,0.0,5483.63,1,0,0.0,7807.23,3,1,0.3333333333333333,7807.23,3,1,0.3333333333333333,0
LGS2ORD0010918,C015311,2025-03-28 11:00:00,Female,38,Gold,Web,Phuket,643,Shopee,COD,11,3,4,0,30-40,21.433333333333334,1.0,0.0,0.0,-1,20,1117.76,0.28,1.0,1.0,0.0,0.0,0,0,0.0,1117.76,1,0,0.0,1117.76,1,0,0.0,1117.76,1,0,0.0,0
LGS2ORD0010919,C015650,2025-03-28 11:00:00,Female,49,Silver,Shopee,Nakhon Ratchasima,186,Web,Credit_Card,11,3,4,0,40-50,6.2,1.0,0.0,0.0,-1,18,805.02,0.1,1.0,0.0,0.0,0.0,0,0,0.0,805.02,1,0,0.0,805.02,1,0,0.0,805.02,1,0,0.0,0
LGS2ORD0010920,C013015,2025-03-28 11:00:00,Female,56,Platinum,TV,Chonburi,1183,Lazada,COD,11,3,4,0,>50,39.43333333333333,1.0,0.0,0.0,-1,3,3196.68,0.3,1.0,1.0,0.0,3196.68,1,0,0.0,3196.68,1,0,0.0,3196.68,1,0,0.0,3196.68,1,0,0.0,0
LGS2ORD0010921,C010808,2025-03-28 11:00:00,Female,30,Silver,CallCenter,Chiang Mai,692,Shopee,COD,11,3,4,0,20-30,23.066666666666666,0.0,0.0,0.0,-1,-1,0.0,0.0,0.0,0.0,0.0,0.0,0,0,0.0,0.0,0,0,0.0,0.0,0,0,0.0,0.0,0,0,0.0,1
LGS2ORD0010922,C015471,2025-03-28 12:00:00,Male,27,Silver,Web,Chiang Mai,612,Web,COD,12,3,4,0,20-30,20.4,0.0,0.0,0.0,-1,-1,0.0,0.0,0.0,0.0,0.0,0.0,0,0,0.0,0.0,0,0,0.0,0.0,0,0,0.0,0.0,0,0,0.0,1
LGS2ORD0010923,C017184,2025-03-28 12:00:00,Male,37,Silver,Shopee,Bangkok,1203,Web,COD,12,3,4,0,30-40,40.1,1.0,0.0,0.0,-1,83,2017.64,0.05,0.0,0.0,0.0,0.0,0,0,0.0,0.0,0,0,0.0,2017.64,1,0,0.0,2017.64,1,0,0.0,0
LGS2ORD0010924,C013047,2025-03-28 12:00:00,Female,18,Bronze,Shopee,Remote_Area,1419,Shopee,COD,12,3,4,0,<20,47.3,2.0,1.0,0.5,43,10,2316.09,0.28,0.5,0.5,0.0,0.0,0,0,0.0,2747.44,1,0,0.0,4632.18,2,1,0.5,4632.18,2,1,0.5,1
LGS2ORD0010925,C013561,2025-03-28 12:00:00,Male,47,Platinum,Web,Chiang Mai,1318,TV_Show,Credit_Card,12,3,4,0,40-50,43.93333333333333,1.0,0.0,0.0,-1,39,1215.02,0.1,0.0,0.0,0.0,0.0,0,0,0.0,0.0,0,0,0.0,1215.02,1,0,0.0,1215.02,1,0,0.0,0
LGS2ORD0010926,C014689,2025-03-28 12:00:00,Male,37,Silver,Shopee,Chiang Mai,341,TV_Show,Credit_Card,12,3,4,0,30-40,11.366666666666667,1.0,0.0,0.0,-1,17,2062.93,0.15,1.0,0.0,0.0,0.0,0,0,0.0,2062.93,1,0,0.0,2062.93,1,0,0.0,2062.93,1,0,0.0,0
LGS2ORD0010927,C010467,2025-03-28 13:00:00,Female,29,Bronze,Web,Nakhon Ratchasima,1366,Shopee,Credit_Card,13,3,4,0,20-30,45.53333333333333,0.0,0.0,0.0,-1,-1,0.0,0.0,0.0,0.0,0.0,0.0,0,0,0.0,0.0,0,0,0.0,0.0,0,0,0.0,0.0,0,0,0.0,0
LGS2ORD0010928,C017154,2025-03-28 13:00:00,Male,54,Bronze,TV,Nakhon Ratchasima,1426,Lazada,COD,13,3,4,0,>50,47.53333333333333,1.0,0.0,0.0,-1,36,570.84,0.08,0.0,0.0,0.0,0.0,0,0,0.0,0.0,0,0,0.0,570.84,1,0,0.0,570.84,1,0,0.0,0
LGS2ORD0010929,C012933,2025-03-28 13:00:00,Female,40,Bronze,Shopee,Phuket,261,Lazada,Credit_Card,13,3,4,0,30-40,8.7,2.0,1.0,0.5,33,44,19301.855,0.13,0.5,0.0,0.0,0.0,0,0,0.0,0.0,0,0,0.0,38603.71,2,1,0.5,38603.71,2,1,0.5,0
LGS2ORD0010930,C015573,2025-03-28 13:00:00,Female,45,Silver,Shopee,Bangkok,1495,Shopee,PromptPay,13,3,4,0,40-50,49.833333333333336,4.0,1.0,0.25,5,7,2081.07,0.3,0.75,0.25,0.0,0.0,0,0,0.0,7615.92,3,1,0.3333333333333333,8324.28,4,1,0.25,8324.28,4,1,0.25,0
LGS2ORD0010931,C010887,2025-03-28 13:00:00,Other,36,Gold,Web,Khon Kaen,740,Web,PromptPay,13,3,4,0,30-40,24.666666666666668,1.0,0.0,0.0,-1,19,3202.82,0.2299999999999999,1.0,1.0,0.0,0.0,0,0,0.0,3202.82,1,0,0.0,3202.82,1,0,0.0,3202.82,1,0,0.0,0
LGS2ORD0010932,C012572,2025-03-28 14:00:00,Female,30,Platinum,Lazada,Bangkok,257,TV_Show,COD,14,3,4,0,20-30,8.566666666666666,0.0,0.0,0.0,-1,-1,0.0,0.0,0.0,0.0,0.0,0.0,0,0,0.0,0.0,0,0,0.0,0.0,0,0,0.0,0.0,0,0,0.0,1
LGS2ORD0010933,C014024,2025-03-28 14:00:00,Male,36,Gold,CallCenter,Chiang Mai,151,Lazada,COD,14,3,4,0,30-40,5.033333333333333,0.0,0.0,0.0,-1,-1,0.0,0.0,0.0,0.0,0.0,0.0,0,0,0.0,0.0,0,0,0.0,0.0,0,0,0.0,0.0,0,0,0.0,0
LGS2ORD0010934,C012269,2025-03-28 14:00:00,Male,32,Gold,Lazada,Bangkok,1366,Lazada,PromptPay,14,3,4,0,30-40,45.53333333333333,3.0,1.0,0.3333333333333333,51,2,1655.0866666666668,0.2299999999999999,0.0,0.3333333333333333,0.0,1649.8,1,0,0.0,1649.8,1,0,0.0,4965.26,3,1,0.3333333333333333,4965.26,3,1,0.3333333333333333,0
LGS2ORD0010935,C016829,2025-03-28 14:00:00,Female,42,Bronze,TV,Songkhla,130,CallCenter,COD,14,3,4,0,40-50,4.333333333333333,2.0,2.0,1.0,40,54,1835.525,0.23,0.5,0.5,0.0,0.0,0,0,0.0,0.0,0,0,0.0,3671.05,2,2,1.0,3671.05,2,2,1.0,1
LGS2ORD0010936,C011055,2025-03-28 14:00:00,Male,18,Bronze,Web,Remote_Area,1427,Lazada,Credit_Card,14,3,4,0,<20,47.56666666666667,0.0,0.0,0.0,-1,-1,0.0,0.0,0.0,0.0,0.0,0.0,0,0,0.0,0.0,0,0,0.0,0.0,0,0,0.0,0.0,0,0,0.0,0
LGS2ORD0010937,C016393,2025-03-28 15:00:00,Other,36,Silver,Lazada,Songkhla,790,CallCenter,Credit_Card,15,3,4,0,30-40,26.333333333333332,0.0,0.0,0.0,-1,-1,0.0,0.0,0.0,0.0,0.0,0.0,0,0,0.0,0.0,0,0,0.0,0.0,0,0,0.0,0.0,0,0,0.0,0
LGS2ORD0010938,C014024,2025-03-28 15:00:00,Male,36,Gold,CallCenter,Chiang Mai,151,Web,COD,15,3,4,0,30-40,5.033333333333333,1.0,0.0,0.0,-1,0,6783.89,0.13,1.0,0.0,0.0,6783.89,1,0,0.0,6783.89,1,0,0.0,6783.89,1,0,0.0,6783.89,1,0,0.0,0
LGS2ORD0010939,C017665,2025-03-28 15:00:00,Male,57,Gold,TV,Remote_Area,1329,TV_Show,COD,15,3,4,0,>50,44.3,6.0,0.0,0.0,-1,17,6959.736666666667,0.28,0.5,0.5,0.0,0.0,0,0,0.0,41758.42,6,0,0.0,41758.42,6,0,0.0,41758.42,6,0,0.0,1
LGS2ORD0010940,C014231,2025-03-28 15:00:00,Male,31,Silver,TV,Chonburi,532,CallCenter,Credit_Card,15,3,4,0,30-40,17.733333333333334,0.0,0.0,0.0,-1,-1,0.0,0.0,0.0,0.0,0.0,0.0,0,0,0.0,0.0,0,0,0.0,0.0,0,0,0.0,0.0,0,0,0.0,0
LGS2ORD0010941,C016909,2025-03-28 15:00:00,Female,72,Silver,Web,Remote_Area,442,Shopee,Credit_Card,15,3,4,0,>50,14.733333333333333,1.0,1.0,1.0,75,83,680.44,0.05,1.0,0.0,0.0,0.0,0,0,0.0,0.0,0,0,0.0,680.44,1,1,1.0,680.44,1,1,1.0,0
LGS2ORD0010942,C016942,2025-03-28 15:00:00,Male,53,Bronze,TV,Nakhon Ratchasima,1368,Shopee,COD,15,3,4,0,>50,45.6,4.0,0.0,0.0,-1,51,3751.2475,0.23,0.5,0.25,0.0,0.0,0,0,0.0,0.0,0,0,0.0,15004.99,4,0,0.0,15004.99,4,0,0.0,1
LGS2ORD0010943,C017060,2025-03-28 16:00:00,Male,40,Silver,Web,Bangkok,420,Web,Credit_Card,16,3,4,0,30-40,14.0,1.0,0.0,0.0,-1,71,13386.12,0.05,0.0,0.0,0.0,0.0,0,0,0.0,0.0,0,0,0.0,13386.12,1,0,0.0,13386.12,1,0,0.0,0
LGS2ORD0010944,C012015,2025-03-28 16:00:00,Male,57,Bronze,CallCenter,Phuket,1125,CallCenter,PromptPay,16,3,4,0,>50,37.5,2.0,1.0,0.5,40,16,1162.04,0.13,1.0,0.0,0.0,0.0,0,0,0.0,1537.18,1,0,0.0,2324.08,2,1,0.5,2324.08,2,1,0.5,0
LGS2ORD0010945,C011167,2025-03-28 16:00:00,Female,42,Silver,Web,Chiang Mai,1042,Shopee,COD,16,3,4,0,40-50,34.733333333333334,3.0,1.0,0.3333333333333333,72,8,1836.7833333333335,0.25,1.0,0.3333333333333333,0.0,0.0,0,0,0.0,2923.66,1,0,0.0,5510.35,3,1,0.3333333333333333,5510.35,3,1,0.3333333333333333,1
LGS2ORD0010946,C011676,2025-03-28 16:00:00,Male,28,Gold,Shopee,Nakhon Ratchasima,993,Lazada,PromptPay,16,3,4,0,20-30,33.1,3.0,0.0,0.0,-1,26,5109.34,0.28,0.0,0.3333333333333333,0.0,0.0,0,0,0.0,12923.92,1,0,0.0,15328.02,3,0,0.0,15328.02,3,0,0.0,0
LGS2ORD0010947,C016448,2025-03-28 16:00:00,Female,44,Bronze,Lazada,Bangkok,1525,TV_Show,PromptPay,16,3,4,0,40-50,50.833333333333336,2.0,0.0,0.0,-1,21,2187.1400000000003,0.18,0.5,0.0,0.0,0.0,0,0,0.0,1342.4,1,0,0.0,4374.280000000001,2,0,0.0,4374.280000000001,2,0,0.0,0
LGS2ORD0010948,C014322,2025-03-28 17:00:00,Male,45,Bronze,Shopee,Nakhon Ratchasima,551,Lazada,COD,17,3,4,0,40-50,18.366666666666667,1.0,0.0,0.0,-1,28,1790.11,0.28,1.0,1.0,0.0,0.0,0,0,0.0,1790.11,1,0,0.0,1790.11,1,0,0.0,1790.11,1,0,0.0,1
LGS2ORD0010949,C015395,2025-03-28 17:00:00,Male,43,Silver,TV,Phuket,126,TV_Show,PromptPay,17,3,4,0,40-50,4.2,3.0,1.0,0.3333333333333333,28,34,3918.056666666666,0.2,1.0,0.0,0.0,0.0,0,0,0.0,0.0,0,0,0.0,11754.169999999998,3,1,0.3333333333333333,11754.169999999998,3,1,0.3333333333333333,0
LGS2ORD0010950,C013204,2025-03-28 17:00:00,Male,60,Silver,TV,Nakhon Ratchasima,1356,Lazada,COD,17,3,4,0,>50,45.2,0.0,0.0,0.0,-1,-1,0.0,0.0,0.0,0.0,0.0,0.0,0,0,0.0,0.0,0,0,0.0,0.0,0,0,0.0,0.0,0,0,0.0,1
LGS2ORD0010951,C011727,2025-03-28 17:00:00,Female,34,Bronze,Web,Phuket,1500,Web,PromptPay,17,3,4,0,30-40,50.0,1.0,0.0,0.0,-1,75,1501.35,0.08,1.0,0.0,0.0,0.0,0,0,0.0,0.0,0,0,0.0,1501.35,1,0,0.0,1501.35,1,0,0.0,1
LGS2ORD0010952,C013715,2025-03-28 17:00:00,Female,41,Silver,Shopee,Bangkok,244,TV_Show,COD,17,3,4,0,40-50,8.133333333333333,2.0,1.0,0.5,63,34,13311.945,0.2,1.0,0.0,0.0,0.0,0,0,0.0,0.0,0,0,0.0,26623.89,2,1,0.5,26623.89,2,1,0.5,0
LGS2ORD0010953,C013239,2025-03-28 18:00:00,Male,29,Bronze,Shopee,Khon Kaen,575,Web,COD,18,3,4,0,20-30,19.166666666666668,4.0,2.0,0.5,20,17,4015.3125000000005,0.28,0.5,0.5,0.0,0.0,0,0,0.0,357.17,1,0,0.0,16061.250000000002,4,2,0.5,16061.250000000002,4,2,0.5,1
LGS2ORD0010954,C012353,2025-03-28 18:00:00,Female,72,Bronze,Shopee,Remote_Area,1228,CallCenter,PromptPay,18,3,4,0,>50,40.93333333333333,4.0,1.0,0.25,73,67,3160.8125,0.18,0.5,0.0,0.0,0.0,0,0,0.0,0.0,0,0,0.0,12643.25,4,1,0.25,12643.25,4,1,0.25,0
LGS2ORD0010955,C012705,2025-03-28 18:00:00,Male,52,Bronze,Shopee,Nakhon Ratchasima,507,CallCenter,COD,18,3,4,0,>50,16.9,3.0,0.0,0.0,-1,7,3866.64,0.18,0.3333333333333333,0.0,0.0,0.0,0,0,0.0,3298.33,2,0,0.0,11599.92,3,0,0.0,11599.92,3,0,0.0,1
LGS2ORD0010956,C012259,2025-03-28 18:00:00,Other,42,Bronze,Shopee,Bangkok,1058,Shopee,PromptPay,18,3,4,0,40-50,35.266666666666666,2.0,0.0,0.0,-1,32,7305.65,0.18,0.5,0.0,0.0,0.0,0,0,0.0,0.0,0,0,0.0,14611.3,2,0,0.0,14611.3,2,0,0.0,1
LGS2ORD0010957,C016718,2025-03-28 18:00:00,Male,72,Silver,Lazada,Songkhla,1403,Web,PromptPay,18,3,4,0,>50,46.766666666666666,1.0,0.0,0.0,-1,38,4327.4,0.1,1.0,0.0,0.0,0.0,0,0,0.0,0.0,0,0,0.0,4327.4,1,0,0.0,4327.4,1,0,0.0,0
LGS2ORD0010958,C015728,2025-03-28 19:00:00,Female,33,Bronze,CallCenter,Remote_Area,264,Shopee,PromptPay,19,3,4,0,30-40,8.8,2.0,1.0,0.5,47,23,6019.495000000001,0.28,0.5,1.0,0.0,0.0,0,0,0.0,5397.89,1,0,0.0,12038.990000000002,2,1,0.5,12038.990000000002,2,1,0.5,0
LGS2ORD0010959,C014267,2025-03-28 19:00:00,Male,55,Gold,TV,Chonburi,1165,CallCenter,Credit_Card,19,3,4,0,>50,38.833333333333336,1.0,1.0,1.0,62,71,1497.16,0.08,1.0,0.0,0.0,0.0,0,0,0.0,0.0,0,0,0.0,1497.16,1,1,1.0,1497.16,1,1,1.0,0
LGS2ORD0010960,C013682,2025-03-28 19:00:00,Other,30,Silver,Web,Songkhla,861,Lazada,COD,19,3,4,0,20-30,28.7,0.0,0.0,0.0,-1,-1,0.0,0.0,0.0,0.0,0.0,0.0,0,0,0.0,0.0,0,0,0.0,0.0,0,0,0.0,0.0,0,0,0.0,0
LGS2ORD0010961,C014146,2025-03-28 19:00:00,Female,37,Bronze,Lazada,Khon Kaen,844,TV_Show,COD,19,3,4,0,30-40,28.133333333333333,3.0,0.0,0.0,-1,5,5167.923333333334,0.28,0.6666666666666666,0.3333333333333333,0.0,1496.94,1,0,0.0,5759.83,2,0,0.0,15503.770000000002,3,0,0.0,15503.770000000002,3,0,0.0,0
LGS2ORD0010962,C015659,2025-03-28 19:00:00,Female,41,Silver,Shopee,Phuket,1128,Web,COD,19,3,4,0,40-50,37.6,1.0,0.0,0.0,-1,45,9485.59,0.25,0.0,1.0,0.0,0.0,0,0,0.0,0.0,0,0,0.0,9485.59,1,0,0.0,9485.59,1,0,0.0,1
LGS2ORD0010963,C012512,2025-03-28 19:00:00,Male,28,Bronze,TV,Chiang Mai,576,CallCenter,COD,19,3,4,0,20-30,19.2,2.0,0.0,0.0,-1,27,8523.85,0.18,1.0,0.0,0.0,0.0,0,0,0.0,2100.22,1,0,0.0,17047.7,2,0,0.0,17047.7,2,0,0.0,1
LGS2ORD0010964,C015867,2025-03-28 20:00:00,Male,46,Silver,Lazada,Bangkok,893,Shopee,COD,20,3,4,0,40-50,29.766666666666666,1.0,0.0,0.0,-1,23,6324.56,0.15,1.0,0.0,0.0,0.0,0,0,0.0,6324.56,1,0,0.0,6324.56,1,0,0.0,6324.56,1,0,0.0,1
LGS2ORD0010965,C017130,2025-03-28 20:00:00,Female,52,Gold,CallCenter,Phuket,315,Shopee,COD,20,3,4,0,>50,10.5,1.0,0.0,0.0,-1,42,5756.19,0.28,1.0,1.0,0.0,0.0,0,0,0.0,0.0,0,0,0.0,5756.19,1,0,0.0,5756.19,1,0,0.0,0
LGS2ORD0010966,C012758,2025-03-28 20:00:00,Female,47,Silver,CallCenter,Bangkok,1288,Lazada,Bank_Transfer,20,3,4,0,40-50,42.93333333333333,2.0,0.0,0.0,-1,21,15269.855000000001,0.25,1.0,0.5,0.0,0.0,0,0,0.0,23178.08,1,0,0.0,30539.710000000003,2,0,0.0,30539.710000000003,2,0,0.0,1
LGS2ORD0010967,C014363,2025-03-28 20:00:00,Male,49,Gold,Web,Phuket,1010,TV_Show,COD,20,3,4,0,40-50,33.666666666666664,2.0,1.0,0.5,72,49,1350.22,0.13,1.0,0.0,0.0,0.0,0,0,0.0,0.0,0,0,0.0,2700.44,2,1,0.5,2700.44,2,1,0.5,0
LGS2ORD0010968,C011197,2025-03-28 20:00:00,Male,32,Gold,Shopee,Remote_Area,1193,CallCenter,COD,20,3,4,0,30-40,39.766666666666666,0.0,0.0,0.0,-1,-1,0.0,0.0,0.0,0.0,0.0,0.0,0,0,0.0,0.0,0,0,0.0,0.0,0,0,0.0,0.0,0,0,0.0,1
LGS2ORD0010969,C016689,2025-03-28 21:00:00,Female,42,Silver,TV,Chiang Mai,1511,Shopee,COD,21,3,4,0,40-50,50.36666666666667,1.0,0.0,0.0,-1,14,2960.56,0.15,1.0,0.0,0.0,0.0,0,0,0.0,2960.56,1,0,0.0,2960.56,1,0,0.0,2960.56,1,0,0.0,0
LGS2ORD0010970,C010308,2025-03-28 21:00:00,Female,53,Bronze,TV,Bangkok,1253,Shopee,Credit_Card,21,3,4,0,>50,41.766666666666666,4.0,0.0,0.0,-1,24,4879.5375,0.28,0.75,0.5,0.0,0.0,0,0,0.0,2540.21,1,0,0.0,19518.15,4,0,0.0,19518.15,4,0,0.0,0
LGS2ORD0010971,C014376,2025-03-28 21:00:00,Female,51,Bronze,Shopee,Bangkok,953,Shopee,COD,21,3,4,0,>50,31.766666666666666,1.0,0.0,0.0,-1,53,7711.21,0.18,0.0,0.0,0.0,0.0,0,0,0.0,0.0,0,0,0.0,7711.21,1,0,0.0,7711.21,1,0,0.0,1
LGS2ORD0010972,C013471,2025-03-28 21:00:00,Female,36,Bronze,Lazada,Bangkok,305,TV_Show,Credit_Card,21,3,4,0,30-40,10.166666666666666,1.0,1.0,1.0,14,21,1722.59,0.18,1.0,0.0,0.0,0.0,0,0,0.0,1722.59,1,1,1.0,1722.59,1,1,1.0,1722.59,1,1,1.0,0
LGS2ORD0010973,C013449,2025-03-28 21:00:00,Female,52,Bronze,Web,Chonburi,986,Shopee,COD,21,3,4,0,>50,32.86666666666667,4.0,2.0,0.5,-11,5,11380.6825,0.08,0.25,0.0,0.0,29336.65,1,1,1.0,30571.710000000003,2,2,1.0,45522.73,4,2,0.5,45522.73,4,2,0.5,0
LGS2ORD0010974,C016090,2025-03-28 22:00:00,Female,48,Silver,Shopee,Chonburi,414,TV_Show,PromptPay,22,3,4,0,40-50,13.8,1.0,0.0,0.0,-1,30,3046.53,0.05,0.0,0.0,0.0,0.0,0,0,0.0,0.0,0,0,0.0,3046.53,1,0,0.0,3046.53,1,0,0.0,0
LGS2ORD0010975,C010213,2025-03-28 22:00:00,Female,57,Silver,Lazada,Songkhla,256,Web,COD,22,3,4,0,>50,8.533333333333333,1.0,0.0,0.0,-1,77,24497.25,0.1,0.0,0.0,0.0,0.0,0,0,0.0,0.0,0,0,0.0,24497.25,1,0,0.0,24497.25,1,0,0.0,0
LGS2ORD0010976,C016039,2025-03-28 22:00:00,Female,30,Gold,Web,Bangkok,125,Shopee,Bank_Transfer,22,3,4,0,20-30,4.166666666666667,0.0,0.0,0.0,-1,-1,0.0,0.0,0.0,0.0,0.0,0.0,0,0,0.0,0.0,0,0,0.0,0.0,0,0,0.0,0.0,0,0,0.0,0
LGS2ORD0010977,C016535,2025-03-28 22:00:00,Male,51,Bronze,Web,Khon Kaen,1409,TV_Show,Credit_Card,22,3,4,0,>50,46.96666666666667,1.0,1.0,1.0,57,63,9083.43,0.03,1.0,0.0,0.0,0.0,0,0,0.0,0.0,0,0,0.0,9083.43,1,1,1.0,9083.43,1,1,1.0,0
LGS2ORD0010978,C017896,2025-03-28 22:00:00,Male,53,Gold,TV,Chiang Mai,642,TV_Show,PromptPay,22,3,4,0,>50,21.4,1.0,0.0,0.0,-1,72,10115.59,0.13,0.0,0.0,0.0,0.0,0,0,0.0,0.0,0,0,0.0,10115.59,1,0,0.0,10115.59,1,0,0.0,0
LGS2ORD0010979,C011712,2025-03-28 23:00:00,Other,54,Bronze,Shopee,Phuket,1220,Shopee,Credit_Card,23,3,4,0,>50,40.666666666666664,1.0,0.0,0.0,-1,71,4744.06,0.13,0.0,0.0,0.0,0.0,0,0,0.0,0.0,0,0,0.0,4744.06,1,0,0.0,4744.06,1,0,0.0,0
LGS2ORD0010980,C011330,2025-03-28 23:00:00,Male,49,Bronze,Web,Bangkok,797,Web,COD,23,3,4,0,40-50,26.566666666666666,0.0,0.0,0.0,-1,-1,0.0,0.0,0.0,0.0,0.0,0.0,0,0,0.0,0.0,0,0,0.0,0.0,0,0,0.0,0.0,0,0,0.0,0
LGS2ORD0010981,C012271,2025-03-28 23:00:00,Female,42,Bronze,CallCenter,Chonburi,377,TV_Show,COD,23,3,4,0,40-50,12.566666666666666,1.0,0.0,0.0,-1,20,11496.71,0.23,1.0,1.0,0.0,0.0,0,0,0.0,11496.71,1,0,0.0,11496.71,1,0,0.0,11496.71,1,0,0.0,1
LGS2ORD0010982,C016527,2025-03-28 23:00:00,Female,55,Gold,Web,Khon Kaen,785,Web,Credit_Card,23,3,4,0,>50,26.166666666666668,2.0,1.0,0.5,60,33,4115.31,0.18,0.0,0.0,0.0,0.0,0,0,0.0,0.0,0,0,0.0,8230.62,2,1,0.5,8230.62,2,1,0.5,0
LGS2ORD0010983,C010022,2025-03-28 23:00:00,Other,38,Bronze,Web,Remote_Area,1120,Web,COD,23,3,4,0,30-40,37.333333333333336,0.0,0.0,0.0,-1,-1,0.0,0.0,0.0,0.0,0.0,0.0,0,0,0.0,0.0,0,0,0.0,0.0,0,0,0.0,0.0,0,0,0.0,1
LGS2ORD0010984,C014085,2025-03-28 23:00:00,Female,40,Gold,Shopee,Khon Kaen,929,Web,COD,23,3,4,0,30-40,30.966666666666665,3.0,0.0,0.0,-1,48,1797.6566666666665,0.2299999999999999,0.0,1.0,0.0,0.0,0,0,0.0,0.0,0,0,0.0,5392.969999999999,3,0,0.0,5392.969999999999,3,0,0.0,0
LGS2ORD0010985,C013989,2025-03-29 00:00:00,Female,21,Bronze,Web,Chiang Mai,582,Shopee,COD,0,3,5,1,20-30,19.4,0.0,0.0,0.0,-1,-1,0.0,0.0,0.0,0.0,0.0,0.0,0,0,0.0,0.0,0,0,0.0,0.0,0,0,0.0,0.0,0,0,0.0,1
LGS2ORD0010986,C016833,2025-03-29 00:00:00,Female,48,Bronze,TV,Chiang Mai,1110,Web,Credit_Card,0,3,5,1,40-50,37.0,1.0,1.0,1.0,25,37,1623.34,0.03,1.0,0.0,0.0,0.0,0,0,0.0,0.0,0,0,0.0,1623.34,1,1,1.0,1623.34,1,1,1.0,0
LGS2ORD0010987,C015413,2025-03-29 00:00:00,Male,25,Silver,Shopee,Phuket,323,Web,COD,0,3,5,1,20-30,10.766666666666667,0.0,0.0,0.0,-1,-1,0.0,0.0,0.0,0.0,0.0,0.0,0,0,0.0,0.0,0,0,0.0,0.0,0,0,0.0,0.0,0,0,0.0,1
LGS2ORD0010988,C011750,2025-03-29 00:00:00,Female,59,Bronze,TV,Khon Kaen,296,Lazada,COD,0,3,5,1,>50,9.866666666666667,6.0,2.0,0.3333333333333333,18,12,4978.383333333334,0.28,1.0,0.3333333333333333,0.0,0.0,0,0,0.0,17056.94,3,1,0.3333333333333333,29870.300000000003,6,2,0.3333333333333333,29870.300000000003,6,2,0.3333333333333333,0
LGS2ORD0010989,C014886,2025-03-29 00:00:00,Female,31,Gold,TV,Khon Kaen,493,CallCenter,COD,0,3,5,1,30-40,16.433333333333334,3.0,0.0,0.0,-1,61,2991.1166666666663,0.33,0.0,0.6666666666666666,0.0,0.0,0,0,0.0,0.0,0,0,0.0,8973.349999999999,3,0,0.0,8973.349999999999,3,0,0.0,0
LGS2ORD0010990,C014264,2025-03-29 01:00:00,Female,41,Bronze,Shopee,Chiang Mai,784,TV_Show,COD,1,3,5,1,40-50,26.133333333333333,3.0,0.0,0.0,-1,29,15662.293333333333,0.23,0.6666666666666666,0.3333333333333333,0.0,0.0,0,0,0.0,304.98,1,0,0.0,46986.88,3,0,0.0,46986.88,3,0,0.0,0
LGS2ORD0010991,C010623,2025-03-29 01:00:00,Male,52,Silver,CallCenter,Nakhon Ratchasima,764,TV_Show,Credit_Card,1,3,5,1,>50,25.466666666666665,4.0,1.0,0.25,-1,4,9465.66,0.2,0.75,0.0,0.0,8389.71,1,1,1.0,26617.879999999997,3,1,0.3333333333333333,37862.64,4,1,0.25,37862.64,4,1,0.25,0
LGS2ORD0010992,C011232,2025-03-29 01:00:00,Male,47,Bronze,Web,Chiang Mai,1433,Lazada,COD,1,3,5,1,40-50,47.766666666666666,0.0,0.0,0.0,-1,-1,0.0,0.0,0.0,0.0,0.0,0.0,0,0,0.0,0.0,0,0,0.0,0.0,0,0,0.0,0.0,0,0,0.0,0
LGS2ORD0010993,C017903,2025-03-29 01:00:00,Female,51,Silver,Lazada,Bangkok,688,CallCenter,PromptPay,1,3,5,1,>50,22.933333333333334,0.0,0.0,0.0,-1,-1,0.0,0.0,0.0,0.0,0.0,0.0,0,0,0.0,0.0,0,0,0.0,0.0,0,0,0.0,0.0,0,0,0.0,0
LGS2ORD0010994,C013037,2025-03-29 01:00:00,Female,51,Gold,TV,Chiang Mai,713,Web,COD,1,3,5,1,>50,23.766666666666666,2.0,0.0,0.0,-1,17,5415.525,0.18,0.5,0.0,0.0,0.0,0,0,0.0,2770.94,1,0,0.0,10831.05,2,0,0.0,10831.05,2,0,0.0,0
LGS2ORD0010995,C012822,2025-03-29 02:00:00,Male,52,Bronze,TV,Remote_Area,860,TV_Show,COD,2,3,5,1,>50,28.666666666666668,1.0,1.0,1.0,18,27,1204.03,0.18,1.0,0.0,0.0,0.0,0,0,0.0,1204.03,1,1,1.0,1204.03,1,1,1.0,1204.03,1,1,1.0,0
LGS2ORD0010996,C012242,2025-03-29 02:00:00,Male,54,Silver,CallCenter,Chonburi,958,Shopee,Bank_Transfer,2,3,5,1,>50,31.933333333333334,0.0,0.0,0.0,-1,-1,0.0,0.0,0.0,0.0,0.0,0.0,0,0,0.0,0.0,0,0,0.0,0.0,0,0,0.0,0.0,0,0,0.0,0
LGS2ORD0010997,C015666,2025-03-29 02:00:00,Female,37,Gold,Shopee,Bangkok,574,TV_Show,PromptPay,2,3,5,1,30-40,19.133333333333333,0.0,0.0,0.0,-1,-1,0.0,0.0,0.0,0.0,0.0,0.0,0,0,0.0,0.0,0,0,0.0,0.0,0,0,0.0,0.0,0,0,0.0,1
LGS2ORD0010998,C010719,2025-03-29 02:00:00,Male,60,Bronze,TV,Khon Kaen,136,Web,Bank_Transfer,2,3,5,1,>50,4.533333333333333,1.0,0.0,0.0,-1,22,886.21,0.13,0.0,0.0,0.0,0.0,0,0,0.0,886.21,1,0,0.0,886.21,1,0,0.0,886.21,1,0,0.0,0
LGS2ORD0010999,C016067,2025-03-29 02:00:00,Male,60,Gold,Web,Remote_Area,1494,Lazada,COD,2,3,5,1,>50,49.8,4.0,2.0,0.5,8,15,6270.3125,0.28,0.75,0.5,0.0,0.0,0,0,0.0,7975.13,2,1,0.5,25081.25,4,2,0.5,25081.25,4,2,0.5,0
LGS2ORD0011000,C010374,2025-03-29 03:00:00,Female,40,Bronze,CallCenter,Bangkok,1017,TV_Show,PromptPay,3,3,5,1,30-40,33.9,2.0,0.0,0.0,-1,84,8614.1,0.23,1.0,0.5,0.0,0.0,0,0,0.0,0.0,0,0,0.0,17228.2,2,0,0.0,17228.2,2,0,0.0,0
LGS2ORD0011001,C012711,2025-03-29 03:00:00,Female,51,Bronze,Shopee,Phuket,469,TV_Show,COD,3,3,5,1,>50,15.633333333333333,1.0,0.0,0.0,-1,41,12509.43,0.03,0.0,0.0,0.0,0.0,0,0,0.0,0.0,0,0,0.0,12509.43,1,0,0.0,12509.43,1,0,0.0,1
LGS2ORD0011002,C015511,2025-03-29 03:00:00,Male,57,Silver,CallCenter,Bangkok,404,Lazada,COD,3,3,5,1,>50,13.466666666666667,2.0,0.0,0.0,-1,15,7143.66,0.2,0.5,0.0,0.0,0.0,0,0,0.0,14287.32,2,0,0.0,14287.32,2,0,0.0,14287.32,2,0,0.0,0
LGS2ORD0011003,C010225,2025-03-29 03:00:00,Female,70,Bronze,Shopee,Songkhla,1365,Shopee,COD,3,3,5,1,>50,45.5,1.0,1.0,1.0,51,66,1549.99,0.28,0.0,1.0,0.0,0.0,0,0,0.0,0.0,0,0,0.0,1549.99,1,1,1.0,1549.99,1,1,1.0,0
LGS2ORD0011004,C013515,2025-03-29 03:00:00,Male,32,Bronze,TV,Remote_Area,308,Web,COD,3,3,5,1,30-40,10.266666666666667,2.0,1.0,0.5,33,43,4211.73,0.18,1.0,0.0,0.0,0.0,0,0,0.0,0.0,0,0,0.0,8423.46,2,1,0.5,8423.46,2,1,0.5,1
LGS2ORD0011005,C014783,2025-03-29 03:00:00,Female,33,Platinum,Shopee,Bangkok,1058,Shopee,COD,3,3,5,1,30-40,35.266666666666666,0.0,0.0,0.0,-1,-1,0.0,0.0,0.0,0.0,0.0,0.0,0,0,0.0,0.0,0,0,0.0,0.0,0,0,0.0,0.0,0,0,0.0,1
LGS2ORD0011006,C016071,2025-03-29 04:00:00,Female,65,Silver,TV,Chiang Mai,278,CallCenter,COD,4,3,5,1,>50,9.266666666666667,0.0,0.0,0.0,-1,-1,0.0,0.0,0.0,0.0,0.0,0.0,0,0,0.0,0.0,0,0,0.0,0.0,0,0,0.0,0.0,0,0,0.0,1
LGS2ORD0011007,C014527,2025-03-29 04:00:00,Female,26,Bronze,Shopee,Chiang Mai,1039,CallCenter,Credit_Card,4,3,5,1,20-30,34.63333333333333,2.0,0.0,0.0,-1,31,801.05,0.08,0.0,0.0,0.0,0.0,0,0,0.0,0.0,0,0,0.0,1602.1,2,0,0.0,1602.1,2,0,0.0,0
LGS2ORD0011008,C014933,2025-03-29 04:00:00,Male,58,Bronze,TV,Remote_Area,452,Web,Credit_Card,4,3,5,1,>50,15.066666666666666,1.0,0.0,0.0,-1,52,584.07,0.08,0.0,0.0,0.0,0.0,0,0,0.0,0.0,0,0,0.0,584.07,1,0,0.0,584.07,1,0,0.0,1
LGS2ORD0011009,C013461,2025-03-29 04:00:00,Female,47,Bronze,CallCenter,Bangkok,137,Web,Credit_Card,4,3,5,1,40-50,4.566666666666666,2.0,0.0,0.0,-1,17,1746.065,0.28,0.5,0.5,0.0,0.0,0,0,0.0,772.17,1,0,0.0,3492.13,2,0,0.0,3492.13,2,0,0.0,0
LGS2ORD0011010,C014807,2025-03-29 04:00:00,Male,62,Silver,Web,Khon Kaen,850,CallCenter,COD,4,3,5,1,>50,28.333333333333332,3.0,0.0,0.0,-1,17,7419.84,0.2,0.3333333333333333,0.0,0.0,0.0,0,0,0.0,21007.02,2,0,0.0,22259.52,3,0,0.0,22259.52,3,0,0.0,1
LGS2ORD0011011,C015200,2025-03-29 05:00:00,Male,31,Platinum,Lazada,Bangkok,422,Shopee,PromptPay,5,3,5,1,30-40,14.066666666666666,1.0,0.0,0.0,-1,62,2184.99,0.1,0.0,0.0,0.0,0.0,0,0,0.0,0.0,0,0,0.0,2184.99,1,0,0.0,2184.99,1,0,0.0,0
LGS2ORD0011012,C016250,2025-03-29 05:00:00,Female,26,Bronze,Lazada,Bangkok,209,Web,COD,5,3,5,1,20-30,6.966666666666667,1.0,0.0,0.0,-1,61,509.96,0.23,1.0,1.0,0.0,0.0,0,0,0.0,0.0,0,0,0.0,509.96,1,0,0.0,509.96,1,0,0.0,0
LGS2ORD0011013,C015929,2025-03-29 05:00:00,Female,40,Gold,Web,Bangkok,657,Web,Credit_Card,5,3,5,1,30-40,21.9,2.0,0.0,0.0,-1,59,3687.09,0.2299999999999999,0.0,0.5,0.0,0.0,0,0,0.0,0.0,0,0,0.0,7374.18,2,0,0.0,7374.18,2,0,0.0,1
LGS2ORD0011014,C014946,2025-03-29 05:00:00,Male,36,Bronze,TV,Khon Kaen,1143,CallCenter,COD,5,3,5,1,30-40,38.1,1.0,1.0,1.0,8,20,2770.93,0.18,1.0,0.0,0.0,0.0,0,0,0.0,2770.93,1,1,1.0,2770.93,1,1,1.0,2770.93,1,1,1.0,0
LGS2ORD0011015,C017945,2025-03-29 05:00:00,Male,38,Platinum,Shopee,Khon Kaen,348,Lazada,Credit_Card,5,3,5,1,30-40,11.6,4.0,0.0,0.0,-1,9,8137.4275,0.3,1.0,0.25,0.0,0.0,0,0,0.0,6636.76,1,0,0.0,32549.71,4,0,0.0,32549.71,4,0,0.0,0
LGS2ORD0011016,C012580,2025-03-29 06:00:00,Female,39,Bronze,Lazada,Chiang Mai,902,TV_Show,COD,6,3,5,1,30-40,30.066666666666666,0.0,0.0,0.0,-1,-1,0.0,0.0,0.0,0.0,0.0,0.0,0,0,0.0,0.0,0,0,0.0,0.0,0,0,0.0,0.0,0,0,0.0,1
LGS2ORD0011017,C017394,2025-03-29 06:00:00,Female,50,Gold,Lazada,Bangkok,1042,Lazada,Credit_Card,6,3,5,1,40-50,34.733333333333334,1.0,1.0,1.0,54,64,3424.7,0.33,1.0,1.0,0.0,0.0,0,0,0.0,0.0,0,0,0.0,3424.7,1,1,1.0,3424.7,1,1,1.0,0
LGS2ORD0011018,C015068,2025-03-29 06:00:00,Male,48,Bronze,TV,Chiang Mai,1075,Shopee,COD,6,3,5,1,40-50,35.833333333333336,1.0,1.0,1.0,77,86,895.24,0.08,1.0,0.0,0.0,0.0,0,0,0.0,0.0,0,0,0.0,895.24,1,1,1.0,895.24,1,1,1.0,0
LGS2ORD0011019,C010626,2025-03-29 06:00:00,Female,49,Bronze,CallCenter,Remote_Area,1539,TV_Show,Credit_Card,6,3,5,1,40-50,51.3,1.0,0.0,0.0,-1,1,28703.36,0.08,0.0,0.0,0.0,28703.36,1,0,0.0,28703.36,1,0,0.0,28703.36,1,0,0.0,28703.36,1,0,0.0,1
LGS2ORD0011020,C012841,2025-03-29 06:00:00,Female,34,Bronze,Web,Bangkok,262,Web,COD,6,3,5,1,30-40,8.733333333333333,0.0,0.0,0.0,-1,-1,0.0,0.0,0.0,0.0,0.0,0.0,0,0,0.0,0.0,0,0,0.0,0.0,0,0,0.0,0.0,0,0,0.0,1
LGS2ORD0011021,C017210,2025-03-29 07:00:00,Male,47,Bronze,CallCenter,Phuket,1136,CallCenter,COD,7,3,5,1,40-50,37.86666666666667,1.0,1.0,1.0,-6,6,1373.48,0.18,0.0,0.0,0.0,1373.48,1,1,1.0,1373.48,1,1,1.0,1373.48,1,1,1.0,1373.48,1,1,1.0,0
LGS2ORD0011022,C014731,2025-03-29 07:00:00,Male,37,Silver,TV,Nakhon Ratchasima,1173,Shopee,COD,7,3,5,1,30-40,39.1,1.0,0.0,0.0,-1,52,17391.79,0.1,1.0,0.0,0.0,0.0,0,0,0.0,0.0,0,0,0.0,17391.79,1,0,0.0,17391.79,1,0,0.0,0
LGS2ORD0011023,C013638,2025-03-29 07:00:00,Male,70,Bronze,Web,Nakhon Ratchasima,381,TV_Show,COD,7,3,5,1,>50,12.7,1.0,1.0,1.0,26,33,8068.27,0.23,0.0,1.0,0.0,0.0,0,0,0.0,0.0,0,0,0.0,8068.27,1,1,1.0,8068.27,1,1,1.0,0
LGS2ORD0011024,C016307,2025-03-29 07:00:00,Male,40,Silver,Shopee,Nakhon Ratchasima,1483,TV_Show,PromptPay,7,3,5,1,30-40,49.43333333333333,4.0,0.0,0.0,-1,20,3065.0775000000003,0.2,0.5,0.0,0.0,0.0,0,0,0.0,8814.26,2,0,0.0,12260.310000000001,4,0,0.0,12260.310000000001,4,0,0.0,0
LGS2ORD0011025,C010986,2025-03-29 07:00:00,Male,37,Bronze,Shopee,Phuket,1108,Lazada,COD,7,3,5,1,30-40,36.93333333333333,1.0,1.0,1.0,2,20,16103.68,0.23,0.0,1.0,0.0,0.0,0,0,0.0,16103.68,1,1,1.0,16103.68,1,1,1.0,16103.68,1,1,1.0,0
LGS2ORD0011026,C010718,2025-03-29 07:00:00,Male,30,Bronze,TV,Bangkok,1114,TV_Show,Credit_Card,7,3,5,1,20-30,37.13333333333333,2.0,0.0,0.0,-1,8,8527.56,0.08,0.5,0.0,0.0,0.0,0,0,0.0,15484.33,1,0,0.0,17055.12,2,0,0.0,17055.12,2,0,0.0,0
LGS2ORD0011027,C017350,2025-03-29 08:00:00,Male,63,Platinum,Web,Chiang Mai,939,Shopee,COD,8,3,5,1,>50,31.3,0.0,0.0,0.0,-1,-1,0.0,0.0,0.0,0.0,0.0,0.0,0,0,0.0,0.0,0,0,0.0,0.0,0,0,0.0,0.0,0,0,0.0,0
LGS2ORD0011028,C016907,2025-03-29 08:00:00,Male,43,Gold,Lazada,Chonburi,869,Shopee,COD,8,3,5,1,40-50,28.966666666666665,1.0,0.0,0.0,-1,43,3963.21,0.08,0.0,0.0,0.0,0.0,0,0,0.0,0.0,0,0,0.0,3963.21,1,0,0.0,3963.21,1,0,0.0,1
LGS2ORD0011029,C012509,2025-03-29 08:00:00,Female,25,Platinum,Web,Nakhon Ratchasima,810,CallCenter,COD,8,3,5,1,20-30,27.0,1.0,1.0,1.0,-6,4,13269.65,0.1,0.0,0.0,0.0,13269.65,1,1,1.0,13269.65,1,1,1.0,13269.65,1,1,1.0,13269.65,1,1,1.0,0
LGS2ORD0011030,C017905,2025-03-29 08:00:00,Male,38,Bronze,Shopee,Songkhla,981,TV_Show,COD,8,3,5,1,30-40,32.7,1.0,0.0,0.0,-1,76,1744.27,0.08,0.0,0.0,0.0,0.0,0,0,0.0,0.0,0,0,0.0,1744.27,1,0,0.0,1744.27,1,0,0.0,0
LGS2ORD0011031,C012040,2025-03-29 08:00:00,Male,42,Bronze,Shopee,Songkhla,1218,CallCenter,PromptPay,8,3,5,1,40-50,40.6,2.0,0.0,0.0,-1,13,4514.2699999999995,0.08,0.5,0.0,0.0,0.0,0,0,0.0,7773.53,1,0,0.0,9028.539999999999,2,0,0.0,9028.539999999999,2,0,0.0,0
LGS2ORD0011032,C016041,2025-03-29 09:00:00,Male,38,Platinum,Shopee,Bangkok,447,Shopee,Credit_Card,9,3,5,1,30-40,14.9,3.0,1.0,0.3333333333333333,-3,6,2323.596666666667,0.2,0.0,0.0,0.0,2235.63,1,1,1.0,4934.52,2,1,0.5,6970.79,3,1,0.3333333333333333,6970.79,3,1,0.3333333333333333,0
LGS2ORD0011033,C014339,2025-03-29 09:00:00,Female,48,Bronze,CallCenter,Bangkok,496,Web,Credit_Card,9,3,5,1,40-50,16.533333333333335,0.0,0.0,0.0,-1,-1,0.0,0.0,0.0,0.0,0.0,0.0,0,0,0.0,0.0,0,0,0.0,0.0,0,0,0.0,0.0,0,0,0.0,0
LGS2ORD0011034,C016440,2025-03-29 09:00:00,Female,32,Gold,Lazada,Chiang Mai,1029,TV_Show,COD,9,3,5,1,30-40,34.3,0.0,0.0,0.0,-1,-1,0.0,0.0,0.0,0.0,0.0,0.0,0,0,0.0,0.0,0,0,0.0,0.0,0,0,0.0,0.0,0,0,0.0,0
LGS2ORD0011035,C012993,2025-03-29 09:00:00,Male,47,Bronze,Lazada,Nakhon Ratchasima,150,Web,COD,9,3,5,1,40-50,5.0,2.0,1.0,0.5,-4,13,9852.085000000001,0.23,0.5,0.5,0.0,0.0,0,0,0.0,19704.170000000002,2,1,0.5,19704.170000000002,2,1,0.5,19704.170000000002,2,1,0.5,1
LGS2ORD0011036,C012607,2025-03-29 09:00:00,Male,44,Bronze,TV,Chiang Mai,523,TV_Show,Credit_Card,9,3,5,1,40-50,17.433333333333334,2.0,0.0,0.0,-1,2,2065.475,0.18,0.5,0.0,0.0,661.56,1,0,0.0,661.56,1,0,0.0,4130.95,2,0,0.0,4130.95,2,0,0.0,0
LGS2ORD0011037,C011662,2025-03-29 10:00:00,Other,37,Bronze,Shopee,Chonburi,315,Shopee,COD,10,3,5,1,30-40,10.5,0.0,0.0,0.0,-1,-1,0.0,0.0,0.0,0.0,0.0,0.0,0,0,0.0,0.0,0,0,0.0,0.0,0,0,0.0,0.0,0,0,0.0,0
LGS2ORD0011038,C015074,2025-03-29 10:00:00,Female,55,Silver,Shopee,Nakhon Ratchasima,142,CallCenter,COD,10,3,5,1,>50,4.733333333333333,3.0,1.0,0.3333333333333333,12,22,1348.8500000000001,0.3,0.3333333333333333,0.6666666666666666,0.0,0.0,0,0,0.0,1874.58,2,1,0.5,4046.55,3,1,0.3333333333333333,4046.55,3,1,0.3333333333333333,0
LGS2ORD0011039,C015000,2025-03-29 10:00:00,Male,43,Bronze,Shopee,Remote_Area,742,Shopee,Bank_Transfer,10,3,5,1,40-50,24.733333333333334,0.0,0.0,0.0,-1,-1,0.0,0.0,0.0,0.0,0.0,0.0,0,0,0.0,0.0,0,0,0.0,0.0,0,0,0.0,0.0,0,0,0.0,0
LGS2ORD0011040,C013695,2025-03-29 10:00:00,Female,49,Gold,Shopee,Remote_Area,103,Web,COD,10,3,5,1,40-50,3.433333333333333,3.0,1.0,0.3333333333333333,11,21,4040.0200000000004,0.28,0.3333333333333333,0.3333333333333333,0.0,0.0,0,0,0.0,7517.14,1,1,1.0,12120.060000000001,3,1,0.3333333333333333,12120.060000000001,3,1,0.3333333333333333,1
LGS2ORD0011041,C017615,2025-03-29 10:00:00,Female,51,Bronze,Web,Chonburi,697,TV_Show,COD,10,3,5,1,>50,23.233333333333334,1.0,1.0,1.0,60,67,1563.58,0.18,1.0,0.0,0.0,0.0,0,0,0.0,0.0,0,0,0.0,1563.58,1,1,1.0,1563.58,1,1,1.0,1
LGS2ORD0011042,C012007,2025-03-29 10:00:00,Male,42,Silver,TV,Bangkok,810,CallCenter,COD,10,3,5,1,40-50,27.0,1.0,1.0,1.0,70,74,7407.07,0.1,0.0,0.0,0.0,0.0,0,0,0.0,0.0,0,0,0.0,7407.07,1,1,1.0,7407.07,1,1,1.0,0
LGS2ORD0011043,C015568,2025-03-29 11:00:00,Male,59,Bronze,Shopee,Khon Kaen,1377,Web,COD,11,3,5,1,>50,45.9,1.0,0.0,0.0,-1,77,5329.07,0.28,0.0,1.0,0.0,0.0,0,0,0.0,0.0,0,0,0.0,5329.07,1,0,0.0,5329.07,1,0,0.0,0
LGS2ORD0011044,C010809,2025-03-29 11:00:00,Male,38,Platinum,Web,Bangkok,1493,TV_Show,PromptPay,11,3,5,1,30-40,49.766666666666666,1.0,0.0,0.0,-1,67,1862.93,0.3,1.0,1.0,0.0,0.0,0,0,0.0,0.0,0,0,0.0,1862.93,1,0,0.0,1862.93,1,0,0.0,0
LGS2ORD0011045,C016343,2025-03-29 11:00:00,Female,39,Bronze,TV,Songkhla,249,Web,COD,11,3,5,1,30-40,8.3,3.0,0.0,0.0,-1,27,6943.676666666666,0.08,1.0,0.0,0.0,0.0,0,0,0.0,4803.1,1,0,0.0,20831.03,3,0,0.0,20831.03,3,0,0.0,0
LGS2ORD0011046,C011723,2025-03-29 11:00:00,Male,50,Silver,TV,Chonburi,257,TV_Show,Bank_Transfer,11,3,5,1,40-50,8.566666666666666,0.0,0.0,0.0,-1,-1,0.0,0.0,0.0,0.0,0.0,0.0,0,0,0.0,0.0,0,0,0.0,0.0,0,0,0.0,0.0,0,0,0.0,1
LGS2ORD0011047,C015680,2025-03-29 11:00:00,Male,66,Bronze,Shopee,Remote_Area,1101,TV_Show,COD,11,3,5,1,>50,36.7,2.0,1.0,0.5,-3,6,1589.28,0.18,1.0,0.0,0.0,2745.86,1,1,1.0,3178.56,2,1,0.5,3178.56,2,1,0.5,3178.56,2,1,0.5,0
LGS2ORD0011048,C014728,2025-03-29 12:00:00,Male,34,Bronze,TV,Remote_Area,311,Shopee,Bank_Transfer,12,3,5,1,30-40,10.366666666666667,3.0,1.0,0.3333333333333333,6,16,14451.93,0.18,0.6666666666666666,0.0,0.0,0.0,0,0,0.0,5402.19,1,1,1.0,43355.79,3,1,0.3333333333333333,43355.79,3,1,0.3333333333333333,0
LGS2ORD0011049,C012955,2025-03-29 12:00:00,Male,35,Silver,TV,Nakhon Ratchasima,1113,TV_Show,COD,12,3,5,1,30-40,37.1,2.0,0.0,0.0,-1,33,2499.37,0.2,0.5,0.0,0.0,0.0,0,0,0.0,0.0,0,0,0.0,4998.74,2,0,0.0,4998.74,2,0,0.0,1
LGS2ORD0011050,C011711,2025-03-29 12:00:00,Male,50,Bronze,Shopee,Bangkok,423,Web,COD,12,3,5,1,40-50,14.1,1.0,1.0,1.0,32,44,5126.59,0.18,0.0,0.0,0.0,0.0,0,0,0.0,0.0,0,0,0.0,5126.59,1,1,1.0,5126.59,1,1,1.0,0
LGS2ORD0011051,C010857,2025-03-29 12:00:00,Female,28,Bronze,Shopee,Chiang Mai,423,Shopee,Credit_Card,12,3,5,1,20-30,14.1,2.0,0.0,0.0,-1,14,4053.215,0.28,0.5,0.5,0.0,0.0,0,0,0.0,6615.33,1,0,0.0,8106.43,2,0,0.0,8106.43,2,0,0.0,0
LGS2ORD0011052,C017222,2025-03-29 12:00:00,Female,39,Bronze,TV,Bangkok,596,TV_Show,COD,12,3,5,1,30-40,19.866666666666667,0.0,0.0,0.0,-1,-1,0.0,0.0,0.0,0.0,0.0,0.0,0,0,0.0,0.0,0,0,0.0,0.0,0,0,0.0,0.0,0,0,0.0,1
LGS2ORD0011053,C012215,2025-03-29 13:00:00,Male,61,Bronze,Shopee,Nakhon Ratchasima,1125,Lazada,PromptPay,13,3,5,1,>50,37.5,0.0,0.0,0.0,-1,-1,0.0,0.0,0.0,0.0,0.0,0.0,0,0,0.0,0.0,0,0,0.0,0.0,0,0,0.0,0.0,0,0,0.0,0
LGS2ORD0011054,C016713,2025-03-29 13:00:00,Male,41,Silver,Shopee,Bangkok,1242,TV_Show,COD,13,3,5,1,40-50,41.4,0.0,0.0,0.0,-1,-1,0.0,0.0,0.0,0.0,0.0,0.0,0,0,0.0,0.0,0,0,0.0,0.0,0,0,0.0,0.0,0,0,0.0,1
LGS2ORD0011055,C014765,2025-03-29 13:00:00,Male,37,Bronze,Lazada,Chonburi,942,Web,Credit_Card,13,3,5,1,30-40,31.4,1.0,0.0,0.0,-1,50,2254.36,0.03,1.0,0.0,0.0,0.0,0,0,0.0,0.0,0,0,0.0,2254.36,1,0,0.0,2254.36,1,0,0.0,0
LGS2ORD0011056,C017444,2025-03-29 13:00:00,Male,54,Bronze,TV,Chiang Mai,509,TV_Show,COD,13,3,5,1,>50,16.966666666666665,5.0,2.0,0.4,20,29,4538.18,0.28,0.6,0.4,0.0,0.0,0,0,0.0,1781.8,1,0,0.0,22690.9,5,2,0.4,22690.9,5,2,0.4,0
LGS2ORD0011057,C015192,2025-03-29 13:00:00,Female,30,Silver,Lazada,Phuket,413,Shopee,Credit_Card,13,3,5,1,20-30,13.766666666666667,0.0,0.0,0.0,-1,-1,0.0,0.0,0.0,0.0,0.0,0.0,0,0,0.0,0.0,0,0,0.0,0.0,0,0,0.0,0.0,0,0,0.0,0
LGS2ORD0011058,C015537,2025-03-29 14:00:00,Female,36,Platinum,Shopee,Khon Kaen,1031,Web,COD,14,3,5,1,30-40,34.36666666666667,0.0,0.0,0.0,-1,-1,0.0,0.0,0.0,0.0,0.0,0.0,0,0,0.0,0.0,0,0,0.0,0.0,0,0,0.0,0.0,0,0,0.0,1
LGS2ORD0011059,C015746,2025-03-29 14:00:00,Male,31,Bronze,Web,Khon Kaen,1398,CallCenter,Credit_Card,14,3,5,1,30-40,46.6,0.0,0.0,0.0,-1,-1,0.0,0.0,0.0,0.0,0.0,0.0,0,0,0.0,0.0,0,0,0.0,0.0,0,0,0.0,0.0,0,0,0.0,1
LGS2ORD0011060,C012675,2025-03-29 14:00:00,Male,64,Bronze,TV,Phuket,589,Shopee,COD,14,3,5,1,>50,19.633333333333333,2.0,1.0,0.5,32,25,1761.79,0.23,1.0,0.5,0.0,0.0,0,0,0.0,503.58,1,0,0.0,3523.58,2,1,0.5,3523.58,2,1,0.5,0
LGS2ORD0011061,C016341,2025-03-29 14:00:00,Other,36,Bronze,Web,Phuket,247,Shopee,Bank_Transfer,14,3,5,1,30-40,8.233333333333333,2.0,1.0,0.5,-9,2,2619.835,0.08,1.0,0.0,0.0,2083.65,1,1,1.0,2083.65,1,1,1.0,5239.67,2,1,0.5,5239.67,2,1,0.5,1
LGS2ORD0011062,C013848,2025-03-29 14:00:00,Female,38,Silver,CallCenter,Bangkok,869,Shopee,COD,14,3,5,1,30-40,28.966666666666665,2.0,1.0,0.5,66,70,5919.0650000000005,0.2,0.0,0.0,0.0,0.0,0,0,0.0,0.0,0,0,0.0,11838.130000000001,2,1,0.5,11838.130000000001,2,1,0.5,0
LGS2ORD0011063,C011185,2025-03-29 14:00:00,Male,31,Gold,Shopee,Chiang Mai,1132,Shopee,COD,14,3,5,1,30-40,37.733333333333334,1.0,0.0,0.0,-1,21,3437.57,0.13,1.0,0.0,0.0,0.0,0,0,0.0,3437.57,1,0,0.0,3437.57,1,0,0.0,3437.57,1,0,0.0,1
LGS2ORD0011064,C013629,2025-03-29 15:00:00,Male,62,Platinum,Lazada,Chiang Mai,1318,TV_Show,Credit_Card,15,3,5,1,>50,43.93333333333333,0.0,0.0,0.0,-1,-1,0.0,0.0,0.0,0.0,0.0,0.0,0,0,0.0,0.0,0,0,0.0,0.0,0,0,0.0,0.0,0,0,0.0,1
LGS2ORD0011065,C017710,2025-03-29 15:00:00,Female,50,Bronze,CallCenter,Bangkok,664,CallCenter,Credit_Card,15,3,5,1,40-50,22.133333333333333,2.0,1.0,0.5,28,38,1360.4550000000002,0.28,0.5,0.5,0.0,0.0,0,0,0.0,0.0,0,0,0.0,2720.9100000000003,2,1,0.5,2720.9100000000003,2,1,0.5,0
LGS2ORD0011066,C013663,2025-03-29 15:00:00,Female,65,Bronze,Web,Chiang Mai,1287,Web,Bank_Transfer,15,3,5,1,>50,42.9,0.0,0.0,0.0,-1,-1,0.0,0.0,0.0,0.0,0.0,0.0,0,0,0.0,0.0,0,0,0.0,0.0,0,0,0.0,0.0,0,0,0.0,0
LGS2ORD0011067,C012686,2025-03-29 15:00:00,Female,64,Bronze,CallCenter,Bangkok,1260,Lazada,COD,15,3,5,1,>50,42.0,1.0,0.0,0.0,-1,60,653.98,0.13,0.0,0.0,0.0,0.0,0,0,0.0,0.0,0,0,0.0,653.98,1,0,0.0,653.98,1,0,0.0,0
LGS2ORD0011068,C014494,2025-03-29 15:00:00,Female,26,Bronze,Web,Bangkok,409,Web,COD,15,3,5,1,20-30,13.633333333333333,0.0,0.0,0.0,-1,-1,0.0,0.0,0.0,0.0,0.0,0.0,0,0,0.0,0.0,0,0,0.0,0.0,0,0,0.0,0.0,0,0,0.0,0
LGS2ORD0011069,C017617,2025-03-29 16:00:00,Female,44,Bronze,TV,Remote_Area,1213,Web,COD,16,3,5,1,40-50,40.43333333333333,1.0,1.0,1.0,10,23,3810.35,0.23,1.0,1.0,0.0,0.0,0,0,0.0,3810.35,1,1,1.0,3810.35,1,1,1.0,3810.35,1,1,1.0,1
LGS2ORD0011070,C013292,2025-03-29 16:00:00,Female,43,Silver,TV,Bangkok,187,CallCenter,Credit_Card,16,3,5,1,40-50,6.233333333333333,1.0,0.0,0.0,-1,52,3121.23,0.25,0.0,1.0,0.0,0.0,0,0,0.0,0.0,0,0,0.0,3121.23,1,0,0.0,3121.23,1,0,0.0,0
LGS2ORD0011071,C013945,2025-03-29 16:00:00,Male,41,Gold,Lazada,Nakhon Ratchasima,208,Lazada,COD,16,3,5,1,40-50,6.933333333333334,0.0,0.0,0.0,-1,-1,0.0,0.0,0.0,0.0,0.0,0.0,0,0,0.0,0.0,0,0,0.0,0.0,0,0,0.0,0.0,0,0,0.0,0
LGS2ORD0011072,C013296,2025-03-29 16:00:00,Female,46,Silver,Web,Khon Kaen,1066,Shopee,PromptPay,16,3,5,1,40-50,35.53333333333333,1.0,0.0,0.0,-1,56,1285.93,0.1,1.0,0.0,0.0,0.0,0,0,0.0,0.0,0,0,0.0,1285.93,1,0,0.0,1285.93,1,0,0.0,0
LGS2ORD0011073,C015236,2025-03-29 16:00:00,Female,18,Bronze,Web,Khon Kaen,1522,TV_Show,Credit_Card,16,3,5,1,<20,50.733333333333334,5.0,2.0,0.4,20,8,7778.075999999998,0.28,0.2,0.4,0.0,0.0,0,0,0.0,1907.3600000000001,2,0,0.0,38890.37999999999,5,2,0.4,38890.37999999999,5,2,0.4,1
LGS2ORD0011074,C011230,2025-03-29 17:00:00,Female,45,Bronze,TV,Chiang Mai,365,TV_Show,COD,17,3,5,1,40-50,12.166666666666666,0.0,0.0,0.0,-1,-1,0.0,0.0,0.0,0.0,0.0,0.0,0,0,0.0,0.0,0,0,0.0,0.0,0,0,0.0,0.0,0,0,0.0,0
LGS2ORD0011075,C016745,2025-03-29 17:00:00,Female,31,Gold,Shopee,Khon Kaen,458,TV_Show,COD,17,3,5,1,30-40,15.266666666666667,0.0,0.0,0.0,-1,-1,0.0,0.0,0.0,0.0,0.0,0.0,0,0,0.0,0.0,0,0,0.0,0.0,0,0,0.0,0.0,0,0,0.0,0
LGS2ORD0011076,C013306,2025-03-29 17:00:00,Female,18,Silver,Lazada,Songkhla,399,TV_Show,PromptPay,17,3,5,1,<20,13.3,0.0,0.0,0.0,-1,-1,0.0,0.0,0.0,0.0,0.0,0.0,0,0,0.0,0.0,0,0,0.0,0.0,0,0,0.0,0.0,0,0,0.0,0
LGS2ORD0011077,C017178,2025-03-29 17:00:00,Male,45,Bronze,TV,Phuket,1068,Web,Bank_Transfer,17,3,5,1,40-50,35.6,2.0,2.0,1.0,-2,3,2125.81,0.18,1.0,0.0,0.0,1677.38,1,1,1.0,1677.38,1,1,1.0,4251.62,2,2,1.0,4251.62,2,2,1.0,0
LGS2ORD0011078,C014613,2025-03-29 17:00:00,Female,35,Gold,CallCenter,Bangkok,907,Shopee,Credit_Card,17,3,5,1,30-40,30.233333333333334,1.0,1.0,1.0,5,17,8028.55,0.08,0.0,0.0,0.0,0.0,0,0,0.0,8028.55,1,1,1.0,8028.55,1,1,1.0,8028.55,1,1,1.0,0
LGS2ORD0011079,C014871,2025-03-29 18:00:00,Male,31,Bronze,TV,Nakhon Ratchasima,340,Web,COD,18,3,5,1,30-40,11.333333333333334,4.0,1.0,0.25,69,34,3374.8175,0.28,0.5,0.25,0.0,0.0,0,0,0.0,0.0,0,0,0.0,13499.27,4,1,0.25,13499.27,4,1,0.25,1
LGS2ORD0011080,C014404,2025-03-29 18:00:00,Male,51,Bronze,TV,Chiang Mai,232,Web,COD,18,3,5,1,>50,7.733333333333333,0.0,0.0,0.0,-1,-1,0.0,0.0,0.0,0.0,0.0,0.0,0,0,0.0,0.0,0,0,0.0,0.0,0,0,0.0,0.0,0,0,0.0,0
LGS2ORD0011081,C012127,2025-03-29 18:00:00,Male,53,Gold,Web,Bangkok,1265,TV_Show,Credit_Card,18,3,5,1,>50,42.166666666666664,0.0,0.0,0.0,-1,-1,0.0,0.0,0.0,0.0,0.0,0.0,0,0,0.0,0.0,0,0,0.0,0.0,0,0,0.0,0.0,0,0,0.0,0
LGS2ORD0011082,C012230,2025-03-29 18:00:00,Female,34,Silver,Web,Khon Kaen,725,TV_Show,COD,18,3,5,1,30-40,24.166666666666668,1.0,0.0,0.0,-1,53,7671.06,0.2,0.0,0.0,0.0,0.0,0,0,0.0,0.0,0,0,0.0,7671.06,1,0,0.0,7671.06,1,0,0.0,1
LGS2ORD0011083,C017681,2025-03-29 18:00:00,Female,41,Silver,Shopee,Phuket,1302,TV_Show,PromptPay,18,3,5,1,40-50,43.4,2.0,1.0,0.5,-8,3,5309.535,0.3,0.5,0.5,0.0,1852.87,1,1,1.0,1852.87,1,1,1.0,10619.07,2,1,0.5,10619.07,2,1,0.5,0
LGS2ORD0011084,C013739,2025-03-29 18:00:00,Female,50,Silver,Lazada,Nakhon Ratchasima,363,Shopee,Bank_Transfer,18,3,5,1,40-50,12.1,1.0,0.0,0.0,-1,30,8276.7,0.1,1.0,0.0,0.0,0.0,0,0,0.0,0.0,0,0,0.0,8276.7,1,0,0.0,8276.7,1,0,0.0,0
LGS2ORD0011085,C017921,2025-03-29 19:00:00,Other,60,Bronze,Web,Nakhon Ratchasima,831,Lazada,COD,19,3,5,1,>50,27.7,2.0,1.0,0.5,49,57,1498.565,0.08,0.0,0.0,0.0,0.0,0,0,0.0,0.0,0,0,0.0,2997.13,2,1,0.5,2997.13,2,1,0.5,0
LGS2ORD0011086,C010200,2025-03-29 19:00:00,Male,25,Gold,TV,Bangkok,1105,Lazada,PromptPay,19,3,5,1,20-30,36.833333333333336,1.0,0.0,0.0,-1,2,879.21,0.08,1.0,0.0,0.0,879.21,1,0,0.0,879.21,1,0,0.0,879.21,1,0,0.0,879.21,1,0,0.0,1
LGS2ORD0011087,C017492,2025-03-29 19:00:00,Other,56,Silver,Web,Nakhon Ratchasima,133,Web,COD,19,3,5,1,>50,4.433333333333334,0.0,0.0,0.0,-1,-1,0.0,0.0,0.0,0.0,0.0,0.0,0,0,0.0,0.0,0,0,0.0,0.0,0,0,0.0,0.0,0,0,0.0,0
LGS2ORD0011088,C010579,2025-03-29 19:00:00,Male,42,Bronze,TV,Bangkok,296,TV_Show,Bank_Transfer,19,3,5,1,40-50,9.866666666666667,2.0,2.0,1.0,31,36,12421.220000000001,0.28,0.5,1.0,0.0,0.0,0,0,0.0,0.0,0,0,0.0,24842.440000000002,2,2,1.0,24842.440000000002,2,2,1.0,0
LGS2ORD0011089,C014587,2025-03-29 19:00:00,Male,27,Gold,TV,Bangkok,1248,Web,Credit_Card,19,3,5,1,20-30,41.6,0.0,0.0,0.0,-1,-1,0.0,0.0,0.0,0.0,0.0,0.0,0,0,0.0,0.0,0,0,0.0,0.0,0,0,0.0,0.0,0,0,0.0,0
LGS2ORD0011090,C017750,2025-03-29 20:00:00,Female,23,Silver,TV,Bangkok,1211,TV_Show,PromptPay,20,3,5,1,20-30,40.36666666666667,0.0,0.0,0.0,-1,-1,0.0,0.0,0.0,0.0,0.0,0.0,0,0,0.0,0.0,0,0,0.0,0.0,0,0,0.0,0.0,0,0,0.0,0
LGS2ORD0011091,C013202,2025-03-29 20:00:00,Male,30,Bronze,Web,Khon Kaen,966,Web,COD,20,3,5,1,20-30,32.2,1.0,1.0,1.0,29,38,2174.58,0.03,1.0,0.0,0.0,0.0,0,0,0.0,0.0,0,0,0.0,2174.58,1,1,1.0,2174.58,1,1,1.0,0
LGS2ORD0011092,C013956,2025-03-29 20:00:00,Other,41,Platinum,Lazada,Songkhla,1474,Lazada,COD,20,3,5,1,40-50,49.13333333333333,2.0,0.0,0.0,-1,49,2862.8149999999996,0.2,1.0,0.0,0.0,0.0,0,0,0.0,0.0,0,0,0.0,5725.629999999999,2,0,0.0,5725.629999999999,2,0,0.0,0
LGS2ORD0011093,C016015,2025-03-29 20:00:00,Female,35,Platinum,TV,Chonburi,413,Shopee,Bank_Transfer,20,3,5,1,30-40,13.766666666666667,2.0,0.0,0.0,-1,3,3672.3450000000003,0.25,0.0,0.5,0.0,1534.88,1,0,0.0,1534.88,1,0,0.0,7344.6900000000005,2,0,0.0,7344.6900000000005,2,0,0.0,0
LGS2ORD0011094,C013071,2025-03-29 20:00:00,Male,23,Bronze,Lazada,Khon Kaen,1069,Shopee,PromptPay,20,3,5,1,20-30,35.63333333333333,3.0,2.0,0.6666666666666666,17,27,5253.723333333332,0.28,0.6666666666666666,0.3333333333333333,0.0,0.0,0,0,0.0,8368.8,1,1,1.0,15761.169999999998,3,2,0.6666666666666666,15761.169999999998,3,2,0.6666666666666666,0
LGS2ORD0011095,C017273,2025-03-29 21:00:00,Male,26,Bronze,Lazada,Bangkok,1295,Lazada,COD,21,3,5,1,20-30,43.166666666666664,6.0,2.0,0.3333333333333333,72,23,9068.211666666666,0.28,0.5,0.3333333333333333,0.0,0.0,0,0,0.0,5364.42,1,0,0.0,54409.27,6,2,0.3333333333333333,54409.27,6,2,0.3333333333333333,0
LGS2ORD0011096,C015618,2025-03-29 21:00:00,Female,53,Bronze,Lazada,Bangkok,903,Web,COD,21,3,5,1,>50,30.1,0.0,0.0,0.0,-1,-1,0.0,0.0,0.0,0.0,0.0,0.0,0,0,0.0,0.0,0,0,0.0,0.0,0,0,0.0,0.0,0,0,0.0,0
LGS2ORD0011097,C011903,2025-03-29 21:00:00,Male,46,Bronze,TV,Remote_Area,1480,Shopee,COD,21,3,5,1,40-50,49.333333333333336,2.0,0.0,0.0,-1,36,1489.915,0.03,1.0,0.0,0.0,0.0,0,0,0.0,0.0,0,0,0.0,2979.83,2,0,0.0,2979.83,2,0,0.0,0
LGS2ORD0011098,C012903,2025-03-29 21:00:00,Male,44,Silver,Shopee,Chonburi,512,Web,COD,21,3,5,1,40-50,17.066666666666666,4.0,1.0,0.25,62,26,12271.467499999999,0.05,0.75,0.0,0.0,0.0,0,0,0.0,13566.41,1,0,0.0,49085.869999999995,4,1,0.25,49085.869999999995,4,1,0.25,0
LGS2ORD0011099,C013178,2025-03-29 21:00:00,Female,37,Silver,CallCenter,Remote_Area,151,Shopee,PromptPay,21,3,5,1,30-40,5.033333333333333,4.0,0.0,0.0,-1,6,4936.98,0.1,0.25,0.0,0.0,9213.71,1,0,0.0,17609.62,2,0,0.0,19747.92,4,0,0.0,19747.92,4,0,0.0,0
LGS2ORD0011100,C013351,2025-03-29 22:00:00,Female,41,Gold,Shopee,Chonburi,280,Web,COD,22,3,5,1,40-50,9.333333333333334,0.0,0.0,0.0,-1,-1,0.0,0.0,0.0,0.0,0.0,0.0,0,0,0.0,0.0,0,0,0.0,0.0,0,0,0.0,0.0,0,0,0.0,0
LGS2ORD0011101,C010955,2025-03-29 22:00:00,Female,45,Silver,CallCenter,Phuket,1176,Web,Credit_Card,22,3,5,1,40-50,39.2,0.0,0.0,0.0,-1,-1,0.0,0.0,0.0,0.0,0.0,0.0,0,0,0.0,0.0,0,0,0.0,0.0,0,0,0.0,0.0,0,0,0.0,1
LGS2ORD0011102,C014660,2025-03-29 22:00:00,Female,41,Bronze,Shopee,Khon Kaen,969,TV_Show,Bank_Transfer,22,3,5,1,40-50,32.3,1.0,0.0,0.0,-1,36,1474.33,0.08,1.0,0.0,0.0,0.0,0,0,0.0,0.0,0,0,0.0,1474.33,1,0,0.0,1474.33,1,0,0.0,0
LGS2ORD0011103,C011591,2025-03-29 22:00:00,Male,38,Silver,Lazada,Khon Kaen,762,Lazada,COD,22,3,5,1,30-40,25.4,0.0,0.0,0.0,-1,-1,0.0,0.0,0.0,0.0,0.0,0.0,0,0,0.0,0.0,0,0,0.0,0.0,0,0,0.0,0.0,0,0,0.0,0
LGS2ORD0011104,C015838,2025-03-29 22:00:00,Male,52,Bronze,Shopee,Remote_Area,1121,TV_Show,COD,22,3,5,1,>50,37.36666666666667,1.0,1.0,1.0,57,69,2111.97,0.18,1.0,0.0,0.0,0.0,0,0,0.0,0.0,0,0,0.0,2111.97,1,1,1.0,2111.97,1,1,1.0,1
LGS2ORD0011105,C016476,2025-03-29 22:00:00,Female,46,Silver,Web,Remote_Area,805,CallCenter,Credit_Card,22,3,5,1,40-50,26.833333333333332,1.0,0.0,0.0,-1,77,1667.38,0.05,1.0,0.0,0.0,0.0,0,0,0.0,0.0,0,0,0.0,1667.38,1,0,0.0,1667.38,1,0,0.0,0
LGS2ORD0011106,C011292,2025-03-29 23:00:00,Male,39,Bronze,TV,Nakhon Ratchasima,471,TV_Show,COD,23,3,5,1,30-40,15.7,3.0,0.0,0.0,-1,33,6378.509999999999,0.13,0.3333333333333333,0.0,0.0,0.0,0,0,0.0,0.0,0,0,0.0,19135.53,3,0,0.0,19135.53,3,0,0.0,0
LGS2ORD0011107,C017227,2025-03-29 23:00:00,Male,47,Platinum,Shopee,Bangkok,242,TV_Show,COD,23,3,5,1,40-50,8.066666666666666,1.0,0.0,0.0,-1,46,984.14,0.25,0.0,1.0,0.0,0.0,0,0,0.0,0.0,0,0,0.0,984.14,1,0,0.0,984.14,1,0,0.0,0
LGS2ORD0011108,C015795,2025-03-29 23:00:00,Female,18,Bronze,TV,Nakhon Ratchasima,323,CallCenter,Bank_Transfer,23,3,5,1,<20,10.766666666666667,3.0,0.0,0.0,-1,49,3163.5066666666667,0.08,0.3333333333333333,0.0,0.0,0.0,0,0,0.0,0.0,0,0,0.0,9490.52,3,0,0.0,9490.52,3,0,0.0,0
LGS2ORD0011109,C016828,2025-03-29 23:00:00,Female,37,Platinum,Web,Bangkok,1427,Web,Credit_Card,23,3,5,1,30-40,47.56666666666667,0.0,0.0,0.0,-1,-1,0.0,0.0,0.0,0.0,0.0,0.0,0,0,0.0,0.0,0,0,0.0,0.0,0,0,0.0,0.0,0,0,0.0,0
LGS2ORD0011110,C012458,2025-03-29 23:00:00,Male,49,Bronze,TV,Bangkok,1327,Lazada,COD,23,3,5,1,40-50,44.233333333333334,0.0,0.0,0.0,-1,-1,0.0,0.0,0.0,0.0,0.0,0.0,0,0,0.0,0.0,0,0,0.0,0.0,0,0,0.0,0.0,0,0,0.0,0
LGS2ORD0011111,C016689,2025-03-30 00:00:00,Female,42,Silver,TV,Chiang Mai,1513,Lazada,COD,0,3,6,1,40-50,50.43333333333333,2.0,0.0,0.0,-1,1,3037.1499999999996,0.15,1.0,0.0,0.0,3113.74,1,0,0.0,6074.299999999999,2,0,0.0,6074.299999999999,2,0,0.0,6074.299999999999,2,0,0.0,0
LGS2ORD0011112,C012559,2025-03-30 00:00:00,Male,41,Silver,Web,Phuket,269,Lazada,COD,0,3,6,1,40-50,8.966666666666667,2.0,1.0,0.5,5,13,10354.394999999999,0.2,1.0,0.0,0.0,0.0,0,0,0.0,19053.03,1,1,1.0,20708.789999999997,2,1,0.5,20708.789999999997,2,1,0.5,0
LGS2ORD0011113,C014474,2025-03-30 00:00:00,Female,52,Bronze,TV,Khon Kaen,1328,CallCenter,COD,0,3,6,1,>50,44.266666666666666,4.0,1.0,0.25,26,11,9763.5625,0.23,0.75,0.25,0.0,0.0,0,0,0.0,15437.890000000001,2,0,0.0,39054.25,4,1,0.25,39054.25,4,1,0.25,0
LGS2ORD0011114,C015169,2025-03-30 00:00:00,Female,44,Bronze,TV,Bangkok,1184,Shopee,PromptPay,0,3,6,1,40-50,39.46666666666667,1.0,0.0,0.0,-1,84,1139.56,0.18,1.0,0.0,0.0,0.0,0,0,0.0,0.0,0,0,0.0,1139.56,1,0,0.0,1139.56,1,0,0.0,0
LGS2ORD0011115,C015098,2025-03-30 00:00:00,Female,51,Bronze,Shopee,Bangkok,188,TV_Show,Credit_Card,0,3,6,1,>50,6.266666666666667,2.0,0.0,0.0,-1,34,11811.075,0.18,0.0,0.0,0.0,0.0,0,0,0.0,0.0,0,0,0.0,23622.15,2,0,0.0,23622.15,2,0,0.0,0
LGS2ORD0011116,C017298,2025-03-30 01:00:00,Female,36,Silver,Lazada,Nakhon Ratchasima,799,Web,Credit_Card,1,3,6,1,30-40,26.633333333333333,0.0,0.0,0.0,-1,-1,0.0,0.0,0.0,0.0,0.0,0.0,0,0,0.0,0.0,0,0,0.0,0.0,0,0,0.0,0.0,0,0,0.0,0
LGS2ORD0011117,C013599,2025-03-30 01:00:00,Female,44,Bronze,TV,Bangkok,1046,Web,Credit_Card,1,3,6,1,40-50,34.86666666666667,2.0,1.0,0.5,20,26,3336.4849999999997,0.18,1.0,0.0,0.0,0.0,0,0,0.0,4463.2,1,1,1.0,6672.969999999999,2,1,0.5,6672.969999999999,2,1,0.5,0
LGS2ORD0011118,C012292,2025-03-30 01:00:00,Female,37,Gold,TV,Nakhon Ratchasima,1339,TV_Show,Credit_Card,1,3,6,1,30-40,44.63333333333333,3.0,1.0,0.3333333333333333,-2,6,2321.0833333333335,0.33,1.0,0.3333333333333333,0.0,1093.45,1,1,1.0,1093.45,1,1,1.0,6963.25,3,1,0.3333333333333333,6963.25,3,1,0.3333333333333333,1
LGS2ORD0011119,C017560,2025-03-30 01:00:00,Male,20,Platinum,Web,Bangkok,1297,Shopee,PromptPay,1,3,6,1,<20,43.233333333333334,1.0,0.0,0.0,-1,38,3315.58,0.35,1.0,1.0,0.0,0.0,0,0,0.0,0.0,0,0,0.0,3315.58,1,0,0.0,3315.58,1,0,0.0,0
LGS2ORD0011120,C017561,2025-03-30 01:00:00,Female,24,Gold,TV,Phuket,738,TV_Show,COD,1,3,6,1,20-30,24.6,1.0,1.0,1.0,73,81,10202.58,0.2299999999999999,1.0,1.0,0.0,0.0,0,0,0.0,0.0,0,0,0.0,10202.58,1,1,1.0,10202.58,1,1,1.0,0
LGS2ORD0011121,C015108,2025-03-30 02:00:00,Male,30,Bronze,Lazada,Nakhon Ratchasima,620,Lazada,COD,2,3,6,1,20-30,20.666666666666668,1.0,1.0,1.0,62,68,11721.02,0.03,0.0,0.0,0.0,0.0,0,0,0.0,0.0,0,0,0.0,11721.02,1,1,1.0,11721.02,1,1,1.0,0
LGS2ORD0011122,C017872,2025-03-30 02:00:00,Male,31,Bronze,Shopee,Bangkok,305,TV_Show,COD,2,3,6,1,30-40,10.166666666666666,0.0,0.0,0.0,-1,-1,0.0,0.0,0.0,0.0,0.0,0.0,0,0,0.0,0.0,0,0,0.0,0.0,0,0,0.0,0.0,0,0,0.0,0
LGS2ORD0011123,C010211,2025-03-30 02:00:00,Male,29,Bronze,Web,Nakhon Ratchasima,219,CallCenter,Bank_Transfer,2,3,6,1,20-30,7.3,0.0,0.0,0.0,-1,-1,0.0,0.0,0.0,0.0,0.0,0.0,0,0,0.0,0.0,0,0,0.0,0.0,0,0,0.0,0.0,0,0,0.0,0
LGS2ORD0011124,C015366,2025-03-30 02:00:00,Female,36,Bronze,Shopee,Bangkok,1089,CallCenter,PromptPay,2,3,6,1,30-40,36.3,1.0,0.0,0.0,-1,20,6717.0,0.18,1.0,0.0,0.0,0.0,0,0,0.0,6717.0,1,0,0.0,6717.0,1,0,0.0,6717.0,1,0,0.0,0
LGS2ORD0011125,C016710,2025-03-30 02:00:00,Male,40,Bronze,TV,Chiang Mai,121,Web,COD,2,3,6,1,30-40,4.033333333333333,1.0,0.0,0.0,-1,85,7788.85,0.18,1.0,0.0,0.0,0.0,0,0,0.0,0.0,0,0,0.0,7788.85,1,0,0.0,7788.85,1,0,0.0,0
LGS2ORD0011126,C016617,2025-03-30 02:00:00,Male,36,Platinum,TV,Bangkok,1243,Lazada,PromptPay,2,3,6,1,30-40,41.43333333333333,3.0,0.0,0.0,-1,4,4968.073333333333,0.25,0.6666666666666666,0.3333333333333333,0.0,2621.58,1,0,0.0,10356.779999999999,2,0,0.0,14904.22,3,0,0.0,14904.22,3,0,0.0,0
LGS2ORD0011127,C013175,2025-03-30 03:00:00,Male,41,Bronze,Shopee,Bangkok,431,Shopee,COD,3,3,6,1,40-50,14.366666666666667,0.0,0.0,0.0,-1,-1,0.0,0.0,0.0,0.0,0.0,0.0,0,0,0.0,0.0,0,0,0.0,0.0,0,0,0.0,0.0,0,0,0.0,0
LGS2ORD0011128,C016158,2025-03-30 03:00:00,Male,52,Bronze,Web,Phuket,1212,Web,COD,3,3,6,1,>50,40.4,3.0,0.0,0.0,-1,22,4537.263333333333,0.28,0.3333333333333333,0.3333333333333333,0.0,0.0,0,0,0.0,9166.21,1,0,0.0,13611.789999999999,3,0,0.0,13611.789999999999,3,0,0.0,0
LGS2ORD0011129,C013538,2025-03-30 03:00:00,Female,18,Gold,Lazada,Bangkok,1313,Lazada,Bank_Transfer,3,3,6,1,<20,43.766666666666666,2.0,1.0,0.5,38,50,7485.775,0.2299999999999999,0.5,1.0,0.0,0.0,0,0,0.0,0.0,0,0,0.0,14971.55,2,1,0.5,14971.55,2,1,0.5,0
LGS2ORD0011130,C012247,2025-03-30 03:00:00,Male,66,Bronze,Lazada,Remote_Area,578,TV_Show,Bank_Transfer,3,3,6,1,>50,19.266666666666666,0.0,0.0,0.0,-1,-1,0.0,0.0,0.0,0.0,0.0,0.0,0,0,0.0,0.0,0,0,0.0,0.0,0,0,0.0,0.0,0,0,0.0,0
LGS2ORD0011131,C017761,2025-03-30 03:00:00,Female,39,Bronze,Shopee,Nakhon Ratchasima,401,CallCenter,COD,3,3,6,1,30-40,13.366666666666667,2.0,1.0,0.5,63,12,955.78,0.28,0.5,0.5,0.0,0.0,0,0,0.0,1084.78,1,0,0.0,1911.56,2,1,0.5,1911.56,2,1,0.5,0
LGS2ORD0011132,C012121,2025-03-30 04:00:00,Female,54,Bronze,TV,Songkhla,1065,Lazada,COD,4,3,6,1,>50,35.5,1.0,0.0,0.0,-1,34,1698.0,0.08,1.0,0.0,0.0,0.0,0,0,0.0,0.0,0,0,0.0,1698.0,1,0,0.0,1698.0,1,0,0.0,1
LGS2ORD0011133,C013297,2025-03-30 04:00:00,Female,48,Bronze,Web,Chonburi,585,Lazada,COD,4,3,6,1,40-50,19.5,1.0,0.0,0.0,-1,4,1121.01,0.23,1.0,1.0,0.0,1121.01,1,0,0.0,1121.01,1,0,0.0,1121.01,1,0,0.0,1121.01,1,0,0.0,0
LGS2ORD0011134,C016582,2025-03-30 04:00:00,Female,52,Gold,Web,Bangkok,475,TV_Show,COD,4,3,6,1,>50,15.833333333333334,4.0,2.0,0.5,19,32,3746.015,0.18,0.75,0.0,0.0,0.0,0,0,0.0,0.0,0,0,0.0,14984.06,4,2,0.5,14984.06,4,2,0.5,0
LGS2ORD0011135,C013154,2025-03-30 04:00:00,Female,54,Gold,Lazada,Phuket,1092,TV_Show,COD,4,3,6,1,>50,36.4,0.0,0.0,0.0,-1,-1,0.0,0.0,0.0,0.0,0.0,0.0,0,0,0.0,0.0,0,0,0.0,0.0,0,0,0.0,0.0,0,0,0.0,1
LGS2ORD0011136,C017372,2025-03-30 04:00:00,Female,35,Bronze,Web,Bangkok,166,Shopee,Bank_Transfer,4,3,6,1,30-40,5.533333333333333,1.0,0.0,0.0,-1,79,8387.84,0.13,0.0,0.0,0.0,0.0,0,0,0.0,0.0,0,0,0.0,8387.84,1,0,0.0,8387.84,1,0,0.0,0
LGS2ORD0011137,C010577,2025-03-30 05:00:00,Female,27,Gold,Web,Bangkok,205,TV_Show,Credit_Card,5,3,6,1,20-30,6.833333333333333,0.0,0.0,0.0,-1,-1,0.0,0.0,0.0,0.0,0.0,0.0,0,0,0.0,0.0,0,0,0.0,0.0,0,0,0.0,0.0,0,0,0.0,0
LGS2ORD0011138,C010722,2025-03-30 05:00:00,Female,37,Bronze,Lazada,Chiang Mai,497,Shopee,COD,5,3,6,1,30-40,16.566666666666666,0.0,0.0,0.0,-1,-1,0.0,0.0,0.0,0.0,0.0,0.0,0,0,0.0,0.0,0,0,0.0,0.0,0,0,0.0,0.0,0,0,0.0,0
LGS2ORD0011139,C011464,2025-03-30 05:00:00,Female,38,Gold,Lazada,Bangkok,325,Lazada,COD,5,3,6,1,30-40,10.833333333333334,1.0,0.0,0.0,-1,10,2383.41,0.28,0.0,1.0,0.0,0.0,0,0,0.0,2383.41,1,0,0.0,2383.41,1,0,0.0,2383.41,1,0,0.0,0
LGS2ORD0011140,C010066,2025-03-30 05:00:00,Female,45,Gold,TV,Bangkok,830,Shopee,PromptPay,5,3,6,1,40-50,27.666666666666668,2.0,0.0,0.0,-1,19,8870.529999999999,0.33,0.0,0.5,0.0,0.0,0,0,0.0,9743.97,1,0,0.0,17741.059999999998,2,0,0.0,17741.059999999998,2,0,0.0,0
LGS2ORD0011141,C012119,2025-03-30 05:00:00,Female,43,Silver,Web,Bangkok,442,Web,Credit_Card,5,3,6,1,40-50,14.733333333333333,0.0,0.0,0.0,-1,-1,0.0,0.0,0.0,0.0,0.0,0.0,0,0,0.0,0.0,0,0,0.0,0.0,0,0,0.0,0.0,0,0,0.0,0
LGS2ORD0011142,C013878,2025-03-30 06:00:00,Male,31,Gold,TV,Chiang Mai,972,Shopee,COD,6,3,6,1,30-40,32.4,2.0,0.0,0.0,-1,22,9370.164999999999,0.13,0.0,0.0,0.0,0.0,0,0,0.0,11613.89,1,0,0.0,18740.329999999998,2,0,0.0,18740.329999999998,2,0,0.0,0
LGS2ORD0011143,C017660,2025-03-30 06:00:00,Male,42,Gold,Lazada,Nakhon Ratchasima,189,Shopee,Credit_Card,6,3,6,1,40-50,6.3,1.0,0.0,0.0,-1,36,10706.41,0.08,0.0,0.0,0.0,0.0,0,0,0.0,0.0,0,0,0.0,10706.41,1,0,0.0,10706.41,1,0,0.0,0
LGS2ORD0011144,C015092,2025-03-30 06:00:00,Female,59,Gold,TV,Bangkok,1091,Lazada,COD,6,3,6,1,>50,36.36666666666667,1.0,0.0,0.0,-1,70,1587.46,0.2299999999999999,1.0,1.0,0.0,0.0,0,0,0.0,0.0,0,0,0.0,1587.46,1,0,0.0,1587.46,1,0,0.0,0
LGS2ORD0011145,C016692,2025-03-30 06:00:00,Female,60,Gold,Lazada,Chiang Mai,375,CallCenter,PromptPay,6,3,6,1,>50,12.5,2.0,0.0,0.0,-1,1,4417.68,0.18,0.5,0.0,0.0,7515.64,1,0,0.0,7515.64,1,0,0.0,8835.36,2,0,0.0,8835.36,2,0,0.0,1
LGS2ORD0011146,C016931,2025-03-30 06:00:00,Male,41,Gold,Shopee,Bangkok,1041,TV_Show,Credit_Card,6,3,6,1,40-50,34.7,3.0,2.0,0.6666666666666666,0,13,2637.4633333333336,0.18,0.3333333333333333,0.0,0.0,0.0,0,0,0.0,6982.34,2,2,1.0,7912.39,3,2,0.6666666666666666,7912.39,3,2,0.6666666666666666,0
LGS2ORD0011147,C015186,2025-03-30 06:00:00,Male,49,Bronze,Lazada,Khon Kaen,970,Lazada,COD,6,3,6,1,40-50,32.333333333333336,1.0,0.0,0.0,-1,44,2770.17,0.23,1.0,1.0,0.0,0.0,0,0,0.0,0.0,0,0,0.0,2770.17,1,0,0.0,2770.17,1,0,0.0,0
LGS2ORD0011148,C016837,2025-03-30 07:00:00,Male,53,Silver,TV,Chonburi,746,TV_Show,COD,7,3,6,1,>50,24.866666666666667,1.0,1.0,1.0,70,83,1045.99,0.2,0.0,0.0,0.0,0.0,0,0,0.0,0.0,0,0,0.0,1045.99,1,1,1.0,1045.99,1,1,1.0,0
LGS2ORD0011149,C016707,2025-03-30 07:00:00,Male,37,Bronze,Lazada,Chonburi,940,TV_Show,COD,7,3,6,1,30-40,31.333333333333332,1.0,1.0,1.0,38,52,767.91,0.23,1.0,1.0,0.0,0.0,0,0,0.0,0.0,0,0,0.0,767.91,1,1,1.0,767.91,1,1,1.0,0
LGS2ORD0011150,C010771,2025-03-30 07:00:00,Other,50,Bronze,Shopee,Chonburi,1429,CallCenter,COD,7,3,6,1,40-50,47.63333333333333,4.0,2.0,0.5,5,6,3288.275,0.28,0.75,0.75,0.0,742.51,1,0,0.0,4890.02,2,1,0.5,13153.1,4,2,0.5,13153.1,4,2,0.5,0
LGS2ORD0011151,C017848,2025-03-30 07:00:00,Male,44,Silver,TV,Chonburi,484,Shopee,PromptPay,7,3,6,1,40-50,16.133333333333333,3.0,0.0,0.0,-1,3,7295.97,0.2,0.6666666666666666,0.0,0.0,12715.07,1,0,0.0,13343.42,2,0,0.0,21887.91,3,0,0.0,21887.91,3,0,0.0,0
LGS2ORD0011152,C014938,2025-03-30 07:00:00,Male,47,Silver,Lazada,Chonburi,684,Web,COD,7,3,6,1,40-50,22.8,1.0,0.0,0.0,-1,52,1490.83,0.2,1.0,0.0,0.0,0.0,0,0,0.0,0.0,0,0,0.0,1490.83,1,0,0.0,1490.83,1,0,0.0,0
LGS2ORD0011153,C012480,2025-03-30 08:00:00,Male,39,Silver,CallCenter,Bangkok,1491,CallCenter,COD,8,3,6,1,30-40,49.7,2.0,0.0,0.0,-1,59,1968.605,0.25,0.5,0.5,0.0,0.0,0,0,0.0,0.0,0,0,0.0,3937.21,2,0,0.0,3937.21,2,0,0.0,0
LGS2ORD0011154,C010147,2025-03-30 08:00:00,Male,50,Silver,TV,Songkhla,601,Lazada,Credit_Card,8,3,6,1,40-50,20.033333333333335,3.0,0.0,0.0,-1,29,1798.96,0.25,0.0,0.6666666666666666,0.0,0.0,0,0,0.0,1651.84,1,0,0.0,5396.88,3,0,0.0,5396.88,3,0,0.0,0
LGS2ORD0011155,C011959,2025-03-30 08:00:00,Male,18,Platinum,Web,Phuket,654,TV_Show,COD,8,3,6,1,<20,21.8,2.0,0.0,0.0,-1,48,12454.415,0.15,0.5,0.0,0.0,0.0,0,0,0.0,0.0,0,0,0.0,24908.83,2,0,0.0,24908.83,2,0,0.0,1
LGS2ORD0011156,C016897,2025-03-30 08:00:00,Male,56,Silver,TV,Chiang Mai,938,TV_Show,COD,8,3,6,1,>50,31.266666666666666,2.0,0.0,0.0,-1,53,1421.67,0.15,0.5,0.0,0.0,0.0,0,0,0.0,0.0,0,0,0.0,2843.34,2,0,0.0,2843.34,2,0,0.0,0
LGS2ORD0011157,C011057,2025-03-30 08:00:00,Female,51,Bronze,Shopee,Nakhon Ratchasima,498,Web,COD,8,3,6,1,>50,16.6,2.0,0.0,0.0,-1,18,3838.025,0.28,0.5,0.5,0.0,0.0,0,0,0.0,6040.27,1,0,0.0,7676.05,2,0,0.0,7676.05,2,0,0.0,0
LGS2ORD0011158,C013846,2025-03-30 09:00:00,Male,52,Gold,TV,Nakhon Ratchasima,1365,Lazada,PromptPay,9,3,6,1,>50,45.5,3.0,1.0,0.3333333333333333,45,7,9748.543333333333,0.33,0.6666666666666666,0.6666666666666666,0.0,0.0,0,0,0.0,17161.26,1,0,0.0,29245.629999999997,3,1,0.3333333333333333,29245.629999999997,3,1,0.3333333333333333,0
LGS2ORD0011159,C011174,2025-03-30 09:00:00,Male,26,Gold,Lazada,Songkhla,1076,CallCenter,Credit_Card,9,3,6,1,20-30,35.86666666666667,0.0,0.0,0.0,-1,-1,0.0,0.0,0.0,0.0,0.0,0.0,0,0,0.0,0.0,0,0,0.0,0.0,0,0,0.0,0.0,0,0,0.0,0
LGS2ORD0011160,C010241,2025-03-30 09:00:00,Male,40,Bronze,Lazada,Bangkok,818,Web,COD,9,3,6,1,30-40,27.266666666666666,4.0,1.0,0.25,23,22,4266.7475,0.18,0.25,0.0,0.0,0.0,0,0,0.0,2589.79,2,1,0.5,17066.99,4,1,0.25,17066.99,4,1,0.25,0
LGS2ORD0011161,C014474,2025-03-30 09:00:00,Female,52,Bronze,TV,Khon Kaen,1328,Web,Credit_Card,9,3,6,1,>50,44.266666666666666,5.0,1.0,0.2,26,0,8661.344000000001,0.23,0.8,0.2,0.0,4252.47,1,0,0.0,19690.36,3,0,0.0,43306.72,5,1,0.2,43306.72,5,1,0.2,0
LGS2ORD0011162,C015151,2025-03-30 09:00:00,Female,43,Gold,TV,Nakhon Ratchasima,201,Lazada,PromptPay,9,3,6,1,40-50,6.7,6.0,1.0,0.16666666666666666,6,12,2144.8333333333335,0.28,0.6666666666666666,0.3333333333333333,0.0,0.0,0,0,0.0,4742.21,3,1,0.3333333333333333,12869.0,6,1,0.16666666666666666,12869.0,6,1,0.16666666666666666,0
LGS2ORD0011163,C015981,2025-03-30 09:00:00,Female,37,Silver,Lazada,Bangkok,1274,Shopee,COD,9,3,6,1,30-40,42.46666666666667,0.0,0.0,0.0,-1,-1,0.0,0.0,0.0,0.0,0.0,0.0,0,0,0.0,0.0,0,0,0.0,0.0,0,0,0.0,0.0,0,0,0.0,0
LGS2ORD0011164,C015350,2025-03-30 10:00:00,Male,45,Bronze,Web,Remote_Area,1177,Lazada,COD,10,3,6,1,40-50,39.233333333333334,4.0,2.0,0.5,29,9,2282.76,0.28,0.5,0.5,0.0,0.0,0,0,0.0,1066.69,1,0,0.0,9131.04,4,2,0.5,9131.04,4,2,0.5,1
LGS2ORD0011165,C017967,2025-03-30 10:00:00,Female,46,Silver,Shopee,Bangkok,264,TV_Show,PromptPay,10,3,6,1,40-50,8.8,0.0,0.0,0.0,-1,-1,0.0,0.0,0.0,0.0,0.0,0.0,0,0,0.0,0.0,0,0,0.0,0.0,0,0,0.0,0.0,0,0,0.0,0
LGS2ORD0011166,C010899,2025-03-30 10:00:00,Female,29,Bronze,TV,Chiang Mai,1375,TV_Show,COD,10,3,6,1,20-30,45.833333333333336,0.0,0.0,0.0,-1,-1,0.0,0.0,0.0,0.0,0.0,0.0,0,0,0.0,0.0,0,0,0.0,0.0,0,0,0.0,0.0,0,0,0.0,1
LGS2ORD0011167,C017195,2025-03-30 10:00:00,Male,59,Bronze,Lazada,Phuket,1040,Shopee,COD,10,3,6,1,>50,34.666666666666664,1.0,0.0,0.0,-1,16,1881.06,0.03,1.0,0.0,0.0,0.0,0,0,0.0,1881.06,1,0,0.0,1881.06,1,0,0.0,1881.06,1,0,0.0,0
LGS2ORD0011168,C014646,2025-03-30 10:00:00,Male,54,Bronze,TV,Bangkok,277,Web,Credit_Card,10,3,6,1,>50,9.233333333333333,0.0,0.0,0.0,-1,-1,0.0,0.0,0.0,0.0,0.0,0.0,0,0,0.0,0.0,0,0,0.0,0.0,0,0,0.0,0.0,0,0,0.0,0
LGS2ORD0011169,C015454,2025-03-30 11:00:00,Female,30,Platinum,TV,Nakhon Ratchasima,1159,TV_Show,COD,11,3,6,1,20-30,38.63333333333333,2.0,1.0,0.5,29,23,1662.135,0.1,0.0,0.0,0.0,0.0,0,0,0.0,604.56,1,0,0.0,3324.27,2,1,0.5,3324.27,2,1,0.5,0
LGS2ORD0011170,C010175,2025-03-30 11:00:00,Male,47,Bronze,CallCenter,Bangkok,173,Shopee,Credit_Card,11,3,6,1,40-50,5.766666666666667,3.0,1.0,0.3333333333333333,14,27,3111.343333333333,0.28,0.6666666666666666,0.3333333333333333,0.0,0.0,0,0,0.0,4096.58,1,1,1.0,9334.029999999999,3,1,0.3333333333333333,9334.029999999999,3,1,0.3333333333333333,0
LGS2ORD0011171,C015136,2025-03-30 11:00:00,Female,28,Silver,Web,Phuket,320,TV_Show,COD,11,3,6,1,20-30,10.666666666666666,4.0,1.0,0.25,27,27,3918.8275000000003,0.25,0.75,0.75,0.0,0.0,0,0,0.0,10755.810000000001,2,1,0.5,15675.310000000001,4,1,0.25,15675.310000000001,4,1,0.25,0
LGS2ORD0011172,C013524,2025-03-30 11:00:00,Other,29,Gold,TV,Phuket,518,Shopee,COD,11,3,6,1,20-30,17.266666666666666,0.0,0.0,0.0,-1,-1,0.0,0.0,0.0,0.0,0.0,0.0,0,0,0.0,0.0,0,0,0.0,0.0,0,0,0.0,0.0,0,0,0.0,0
LGS2ORD0011173,C014343,2025-03-30 11:00:00,Female,50,Silver,CallCenter,Remote_Area,1100,Shopee,Credit_Card,11,3,6,1,40-50,36.666666666666664,0.0,0.0,0.0,-1,-1,0.0,0.0,0.0,0.0,0.0,0.0,0,0,0.0,0.0,0,0,0.0,0.0,0,0,0.0,0.0,0,0,0.0,0
LGS2ORD0011174,C016276,2025-03-30 12:00:00,Female,25,Bronze,Lazada,Chiang Mai,1076,Shopee,PromptPay,12,3,6,1,20-30,35.86666666666667,0.0,0.0,0.0,-1,-1,0.0,0.0,0.0,0.0,0.0,0.0,0,0,0.0,0.0,0,0,0.0,0.0,0,0,0.0,0.0,0,0,0.0,1
LGS2ORD0011175,C013148,2025-03-30 12:00:00,Female,28,Bronze,TV,Khon Kaen,193,TV_Show,PromptPay,12,3,6,1,20-30,6.433333333333334,2.0,0.0,0.0,-1,15,7560.764999999999,0.23,1.0,0.5,0.0,0.0,0,0,0.0,9367.81,1,0,0.0,15121.529999999999,2,0,0.0,15121.529999999999,2,0,0.0,0
LGS2ORD0011176,C015478,2025-03-30 12:00:00,Female,22,Gold,Web,Khon Kaen,693,Shopee,COD,12,3,6,1,20-30,23.1,1.0,0.0,0.0,-1,56,1815.17,0.08,1.0,0.0,0.0,0.0,0,0,0.0,0.0,0,0,0.0,1815.17,1,0,0.0,1815.17,1,0,0.0,0
LGS2ORD0011177,C010686,2025-03-30 12:00:00,Male,43,Bronze,TV,Chiang Mai,1467,Web,Credit_Card,12,3,6,1,40-50,48.9,3.0,1.0,0.3333333333333333,8,7,3348.65,0.23,1.0,0.3333333333333333,0.0,0.0,0,0,0.0,10045.95,3,1,0.3333333333333333,10045.95,3,1,0.3333333333333333,10045.95,3,1,0.3333333333333333,0
LGS2ORD0011178,C012410,2025-03-30 12:00:00,Female,53,Bronze,TV,Bangkok,1317,Shopee,Bank_Transfer,12,3,6,1,>50,43.9,2.0,0.0,0.0,-1,70,1817.745,0.18,0.5,0.0,0.0,0.0,0,0,0.0,0.0,0,0,0.0,3635.49,2,0,0.0,3635.49,2,0,0.0,1
LGS2ORD0011179,C014005,2025-03-30 13:00:00,Male,27,Gold,TV,Bangkok,1009,Shopee,Credit_Card,13,3,6,1,20-30,33.63333333333333,0.0,0.0,0.0,-1,-1,0.0,0.0,0.0,0.0,0.0,0.0,0,0,0.0,0.0,0,0,0.0,0.0,0,0,0.0,0.0,0,0,0.0,1
LGS2ORD0011180,C012520,2025-03-30 13:00:00,Female,44,Silver,Lazada,Remote_Area,1284,CallCenter,Credit_Card,13,3,6,1,40-50,42.8,0.0,0.0,0.0,-1,-1,0.0,0.0,0.0,0.0,0.0,0.0,0,0,0.0,0.0,0,0,0.0,0.0,0,0,0.0,0.0,0,0,0.0,0
LGS2ORD0011181,C015560,2025-03-30 13:00:00,Female,28,Silver,Web,Phuket,429,CallCenter,COD,13,3,6,1,20-30,14.3,1.0,0.0,0.0,-1,73,3363.91,0.25,1.0,1.0,0.0,0.0,0,0,0.0,0.0,0,0,0.0,3363.91,1,0,0.0,3363.91,1,0,0.0,1
LGS2ORD0011182,C014960,2025-03-30 13:00:00,Female,25,Bronze,CallCenter,Bangkok,689,Web,COD,13,3,6,1,20-30,22.966666666666665,2.0,0.0,0.0,-1,19,1884.815,0.18,0.5,0.0,0.0,0.0,0,0,0.0,836.44,1,0,0.0,3769.63,2,0,0.0,3769.63,2,0,0.0,1
LGS2ORD0011183,C015004,2025-03-30 13:00:00,Female,34,Silver,Shopee,Khon Kaen,495,Web,Bank_Transfer,13,3,6,1,30-40,16.5,2.0,1.0,0.5,18,17,5074.405,0.1,1.0,0.0,0.0,0.0,0,0,0.0,10148.81,2,1,0.5,10148.81,2,1,0.5,10148.81,2,1,0.5,0
LGS2ORD0011184,C014671,2025-03-30 13:00:00,Male,37,Bronze,CallCenter,Chonburi,1233,Web,PromptPay,13,3,6,1,30-40,41.1,1.0,0.0,0.0,-1,19,2622.79,0.13,0.0,0.0,0.0,0.0,0,0,0.0,2622.79,1,0,0.0,2622.79,1,0,0.0,2622.79,1,0,0.0,0
LGS2ORD0011185,C016046,2025-03-30 14:00:00,Male,47,Bronze,Web,Remote_Area,552,Lazada,Credit_Card,14,3,6,1,40-50,18.4,0.0,0.0,0.0,-1,-1,0.0,0.0,0.0,0.0,0.0,0.0,0,0,0.0,0.0,0,0,0.0,0.0,0,0,0.0,0.0,0,0,0.0,0
LGS2ORD0011186,C011635,2025-03-30 14:00:00,Female,18,Silver,Lazada,Phuket,169,CallCenter,COD,14,3,6,1,<20,5.633333333333334,1.0,0.0,0.0,-1,88,2660.86,0.2,1.0,0.0,0.0,0.0,0,0,0.0,0.0,0,0,0.0,2660.86,1,0,0.0,2660.86,1,0,0.0,0
LGS2ORD0011187,C016883,2025-03-30 14:00:00,Male,28,Silver,Web,Bangkok,382,CallCenter,Credit_Card,14,3,6,1,20-30,12.733333333333333,2.0,1.0,0.5,67,6,4356.93,0.25,0.5,0.5,0.0,6514.73,1,0,0.0,6514.73,1,0,0.0,8713.86,2,1,0.5,8713.86,2,1,0.5,0
LGS2ORD0011188,C017388,2025-03-30 14:00:00,Female,30,Silver,CallCenter,Bangkok,1535,Lazada,COD,14,3,6,1,20-30,51.166666666666664,5.0,1.0,0.2,49,4,4798.396,0.25,0.2,0.2,0.0,6743.13,1,0,0.0,12499.310000000001,3,0,0.0,23991.98,5,1,0.2,23991.98,5,1,0.2,0
LGS2ORD0011189,C013596,2025-03-30 14:00:00,Male,25,Gold,Web,Chonburi,681,TV_Show,Credit_Card,14,3,6,1,20-30,22.7,0.0,0.0,0.0,-1,-1,0.0,0.0,0.0,0.0,0.0,0.0,0,0,0.0,0.0,0,0,0.0,0.0,0,0,0.0,0.0,0,0,0.0,0
LGS2ORD0011190,C016666,2025-03-30 15:00:00,Male,37,Bronze,Lazada,Bangkok,328,Web,PromptPay,15,3,6,1,30-40,10.933333333333334,2.0,0.0,0.0,-1,20,8017.844999999999,0.28,0.5,0.5,0.0,0.0,0,0,0.0,934.14,1,0,0.0,16035.689999999999,2,0,0.0,16035.689999999999,2,0,0.0,0
LGS2ORD0011191,C010144,2025-03-30 15:00:00,Female,51,Bronze,CallCenter,Nakhon Ratchasima,923,TV_Show,COD,15,3,6,1,>50,30.766666666666666,1.0,0.0,0.0,-1,76,10955.91,0.18,1.0,0.0,0.0,0.0,0,0,0.0,0.0,0,0,0.0,10955.91,1,0,0.0,10955.91,1,0,0.0,1
LGS2ORD0011192,C012043,2025-03-30 15:00:00,Female,30,Silver,Shopee,Remote_Area,304,TV_Show,PromptPay,15,3,6,1,20-30,10.133333333333333,1.0,0.0,0.0,-1,26,1431.92,0.05,1.0,0.0,0.0,0.0,0,0,0.0,1431.92,1,0,0.0,1431.92,1,0,0.0,1431.92,1,0,0.0,0
LGS2ORD0011193,C013616,2025-03-30 15:00:00,Male,18,Gold,Web,Chonburi,838,Web,Credit_Card,15,3,6,1,<20,27.933333333333334,1.0,1.0,1.0,54,63,11174.97,0.13,1.0,0.0,0.0,0.0,0,0,0.0,0.0,0,0,0.0,11174.97,1,1,1.0,11174.97,1,1,1.0,0
LGS2ORD0011194,C016026,2025-03-30 15:00:00,Male,63,Silver,Shopee,Nakhon Ratchasima,854,CallCenter,Bank_Transfer,15,3,6,1,>50,28.466666666666665,0.0,0.0,0.0,-1,-1,0.0,0.0,0.0,0.0,0.0,0.0,0,0,0.0,0.0,0,0,0.0,0.0,0,0,0.0,0.0,0,0,0.0,0
LGS2ORD0011195,C013098,2025-03-30 16:00:00,Female,22,Gold,Shopee,Bangkok,565,TV_Show,COD,16,3,6,1,20-30,18.833333333333332,4.0,0.0,0.0,-1,11,4334.7925000000005,0.2299999999999999,0.75,0.25,0.0,0.0,0,0,0.0,2651.4,2,0,0.0,17339.170000000002,4,0,0.0,17339.170000000002,4,0,0.0,0
LGS2ORD0011196,C014907,2025-03-30 16:00:00,Male,50,Gold,CallCenter,Chiang Mai,360,Web,COD,16,3,6,1,40-50,12.0,2.0,1.0,0.5,1,13,4495.385,0.18,0.0,0.0,0.0,0.0,0,0,0.0,1670.86,1,1,1.0,8990.77,2,1,0.5,8990.77,2,1,0.5,0
LGS2ORD0011197,C016744,2025-03-30 16:00:00,Female,27,Bronze,Web,Khon Kaen,1345,TV_Show,Credit_Card,16,3,6,1,20-30,44.833333333333336,3.0,0.0,0.0,-1,5,3806.0699999999997,0.23,0.3333333333333333,0.3333333333333333,0.0,4430.59,1,0,0.0,6304.7300000000005,2,0,0.0,11418.21,3,0,0.0,11418.21,3,0,0.0,0
LGS2ORD0011198,C016690,2025-03-30 16:00:00,Male,52,Gold,Web,Khon Kaen,329,CallCenter,Credit_Card,16,3,6,1,>50,10.966666666666667,1.0,0.0,0.0,-1,84,958.52,0.33,0.0,1.0,0.0,0.0,0,0,0.0,0.0,0,0,0.0,958.52,1,0,0.0,958.52,1,0,0.0,0
LGS2ORD0011199,C015861,2025-03-30 16:00:00,Female,61,Silver,TV,Khon Kaen,536,Shopee,COD,16,3,6,1,>50,17.866666666666667,3.0,1.0,0.3333333333333333,1,5,6626.816666666666,0.2,0.6666666666666666,0.0,0.0,7000.65,1,1,1.0,16376.369999999999,2,1,0.5,19880.449999999997,3,1,0.3333333333333333,19880.449999999997,3,1,0.3333333333333333,0
LGS2ORD0011200,C017769,2025-03-30 17:00:00,Female,55,Silver,Lazada,Remote_Area,318,Lazada,Credit_Card,17,3,6,1,>50,10.6,1.0,0.0,0.0,-1,12,405.77,0.3,1.0,1.0,0.0,0.0,0,0,0.0,405.77,1,0,0.0,405.77,1,0,0.0,405.77,1,0,0.0,0
LGS2ORD0011201,C017573,2025-03-30 17:00:00,Male,44,Bronze,Web,Khon Kaen,179,Shopee,COD,17,3,6,1,40-50,5.966666666666667,1.0,1.0,1.0,8,13,832.91,0.28,1.0,1.0,0.0,0.0,0,0,0.0,832.91,1,1,1.0,832.91,1,1,1.0,832.91,1,1,1.0,1
LGS2ORD0011202,C013864,2025-03-30 17:00:00,Male,27,Gold,Web,Phuket,198,CallCenter,COD,17,3,6,1,20-30,6.6,3.0,2.0,0.6666666666666666,61,29,10754.333333333334,0.28,0.6666666666666666,1.0,0.0,0.0,0,0,0.0,554.86,1,0,0.0,32263.0,3,2,0.6666666666666666,32263.0,3,2,0.6666666666666666,0
LGS2ORD0011203,C012066,2025-03-30 17:00:00,Male,35,Silver,Lazada,Bangkok,1332,CallCenter,COD,17,3,6,1,30-40,44.4,2.0,0.0,0.0,-1,30,16149.16,0.2,0.5,0.0,0.0,0.0,0,0,0.0,0.0,0,0,0.0,32298.32,2,0,0.0,32298.32,2,0,0.0,0
LGS2ORD0011204,C016027,2025-03-30 17:00:00,Male,34,Gold,Web,Bangkok,1315,Web,PromptPay,17,3,6,1,30-40,43.833333333333336,1.0,1.0,1.0,70,83,1891.92,0.2299999999999999,0.0,1.0,0.0,0.0,0,0,0.0,0.0,0,0,0.0,1891.92,1,1,1.0,1891.92,1,1,1.0,0
LGS2ORD0011205,C011862,2025-03-30 17:00:00,Male,52,Bronze,TV,Bangkok,245,TV_Show,COD,17,3,6,1,>50,8.166666666666666,0.0,0.0,0.0,-1,-1,0.0,0.0,0.0,0.0,0.0,0.0,0,0,0.0,0.0,0,0,0.0,0.0,0,0,0.0,0.0,0,0,0.0,0
LGS2ORD0011206,C015236,2025-03-30 18:00:00,Female,18,Bronze,Web,Khon Kaen,1523,Web,PromptPay,18,3,6,1,<20,50.766666666666666,6.0,3.0,0.5,-11,1,7117.231666666666,0.28,0.16666666666666666,0.3333333333333333,0.0,3813.01,1,1,1.0,5720.370000000001,3,1,0.3333333333333333,42703.38999999999,6,3,0.5,42703.38999999999,6,3,0.5,1
LGS2ORD0011207,C016294,2025-03-30 18:00:00,Male,32,Silver,CallCenter,Bangkok,544,CallCenter,COD,18,3,6,1,30-40,18.133333333333333,0.0,0.0,0.0,-1,-1,0.0,0.0,0.0,0.0,0.0,0.0,0,0,0.0,0.0,0,0,0.0,0.0,0,0,0.0,0.0,0,0,0.0,0
LGS2ORD0011208,C014984,2025-03-30 18:00:00,Female,29,Silver,Web,Bangkok,972,Lazada,PromptPay,18,3,6,1,20-30,32.4,1.0,0.0,0.0,-1,9,2870.01,0.05,1.0,0.0,0.0,0.0,0,0,0.0,2870.01,1,0,0.0,2870.01,1,0,0.0,2870.01,1,0,0.0,1
LGS2ORD0011209,C015807,2025-03-30 18:00:00,Male,33,Silver,Web,Chiang Mai,816,CallCenter,Credit_Card,18,3,6,1,30-40,27.2,1.0,1.0,1.0,16,28,8973.38,0.2,1.0,0.0,0.0,0.0,0,0,0.0,8973.38,1,1,1.0,8973.38,1,1,1.0,8973.38,1,1,1.0,0
LGS2ORD0011210,C011550,2025-03-30 18:00:00,Female,53,Silver,Shopee,Nakhon Ratchasima,458,TV_Show,COD,18,3,6,1,>50,15.266666666666667,2.0,0.0,0.0,-1,53,16985.77,0.2,0.5,0.0,0.0,0.0,0,0,0.0,0.0,0,0,0.0,33971.54,2,0,0.0,33971.54,2,0,0.0,0
LGS2ORD0011211,C012319,2025-03-30 19:00:00,Male,40,Bronze,TV,Remote_Area,276,TV_Show,COD,19,3,6,1,30-40,9.2,4.0,3.0,0.75,-9,4,1598.69,0.23,0.5,0.5,0.0,1913.51,1,1,1.0,2928.7,2,2,1.0,6394.76,4,3,0.75,6394.76,4,3,0.75,1
LGS2ORD0011212,C010421,2025-03-30 19:00:00,Female,42,Bronze,Lazada,Songkhla,608,Shopee,Bank_Transfer,19,3,6,1,40-50,20.266666666666666,0.0,0.0,0.0,-1,-1,0.0,0.0,0.0,0.0,0.0,0.0,0,0,0.0,0.0,0,0,0.0,0.0,0,0,0.0,0.0,0,0,0.0,0
LGS2ORD0011213,C014859,2025-03-30 19:00:00,Female,36,Gold,CallCenter,Bangkok,529,TV_Show,COD,19,3,6,1,30-40,17.633333333333333,1.0,0.0,0.0,-1,43,1684.8,0.08,0.0,0.0,0.0,0.0,0,0,0.0,0.0,0,0,0.0,1684.8,1,0,0.0,1684.8,1,0,0.0,0
LGS2ORD0011214,C015200,2025-03-30 19:00:00,Male,31,Platinum,Lazada,Bangkok,423,CallCenter,Credit_Card,19,3,6,1,30-40,14.1,2.0,0.0,0.0,-1,1,1988.96,0.15,0.0,0.0,0.0,1792.93,1,0,0.0,1792.93,1,0,0.0,3977.92,2,0,0.0,3977.92,2,0,0.0,0
LGS2ORD0011215,C012958,2025-03-30 19:00:00,Male,40,Silver,Lazada,Bangkok,1432,Shopee,COD,19,3,6,1,30-40,47.733333333333334,1.0,0.0,0.0,-1,84,2319.37,0.1,1.0,0.0,0.0,0.0,0,0,0.0,0.0,0,0,0.0,2319.37,1,0,0.0,2319.37,1,0,0.0,1
LGS2ORD0011216,C013348,2025-03-30 20:00:00,Female,52,Silver,Lazada,Bangkok,215,Lazada,PromptPay,20,3,6,1,>50,7.166666666666667,3.0,2.0,0.6666666666666666,10,4,4015.09,0.2,0.6666666666666666,0.0,0.0,7825.02,1,0,0.0,12045.27,3,2,0.6666666666666666,12045.27,3,2,0.6666666666666666,12045.27,3,2,0.6666666666666666,0
LGS2ORD0011217,C016971,2025-03-30 20:00:00,Male,46,Bronze,TV,Songkhla,465,Web,Credit_Card,20,3,6,1,40-50,15.5,0.0,0.0,0.0,-1,-1,0.0,0.0,0.0,0.0,0.0,0.0,0,0,0.0,0.0,0,0,0.0,0.0,0,0,0.0,0.0,0,0,0.0,0
LGS2ORD0011218,C014072,2025-03-30 20:00:00,Male,43,Bronze,TV,Chiang Mai,1293,Lazada,PromptPay,20,3,6,1,40-50,43.1,0.0,0.0,0.0,-1,-1,0.0,0.0,0.0,0.0,0.0,0.0,0,0,0.0,0.0,0,0,0.0,0.0,0,0,0.0,0.0,0,0,0.0,0
LGS2ORD0011219,C016073,2025-03-30 20:00:00,Female,32,Bronze,Shopee,Bangkok,596,CallCenter,COD,20,3,6,1,30-40,19.866666666666667,4.0,0.0,0.0,-1,5,13576.1025,0.23,0.75,0.25,0.0,7150.57,1,0,0.0,26319.64,3,0,0.0,54304.41,4,0,0.0,54304.41,4,0,0.0,0
LGS2ORD0011220,C010028,2025-03-30 20:00:00,Male,32,Bronze,TV,Phuket,798,TV_Show,COD,20,3,6,1,30-40,26.6,2.0,2.0,1.0,11,18,2518.39,0.28,1.0,0.5,0.0,0.0,0,0,0.0,2947.06,1,1,1.0,5036.78,2,2,1.0,5036.78,2,2,1.0,0
LGS2ORD0011221,C012890,2025-03-30 21:00:00,Male,41,Silver,Shopee,Khon Kaen,264,Shopee,COD,21,3,6,1,40-50,8.8,1.0,0.0,0.0,-1,41,10441.51,0.1,0.0,0.0,0.0,0.0,0,0,0.0,0.0,0,0,0.0,10441.51,1,0,0.0,10441.51,1,0,0.0,0
LGS2ORD0011222,C011155,2025-03-30 21:00:00,Male,33,Silver,Shopee,Songkhla,856,TV_Show,COD,21,3,6,1,30-40,28.533333333333335,1.0,0.0,0.0,-1,7,3793.97,0.05,1.0,0.0,0.0,0.0,0,0,0.0,3793.97,1,0,0.0,3793.97,1,0,0.0,3793.97,1,0,0.0,1
LGS2ORD0011223,C011291,2025-03-30 21:00:00,Male,29,Gold,Lazada,Bangkok,986,CallCenter,PromptPay,21,3,6,1,20-30,32.86666666666667,0.0,0.0,0.0,-1,-1,0.0,0.0,0.0,0.0,0.0,0.0,0,0,0.0,0.0,0,0,0.0,0.0,0,0,0.0,0.0,0,0,0.0,0
LGS2ORD0011224,C012297,2025-03-30 21:00:00,Female,32,Gold,Lazada,Bangkok,1411,Shopee,PromptPay,21,3,6,1,30-40,47.03333333333333,1.0,0.0,0.0,-1,4,4005.94,0.2299999999999999,0.0,1.0,0.0,4005.94,1,0,0.0,4005.94,1,0,0.0,4005.94,1,0,0.0,4005.94,1,0,0.0,0
LGS2ORD0011225,C011847,2025-03-30 21:00:00,Female,50,Bronze,Web,Nakhon Ratchasima,609,TV_Show,COD,21,3,6,1,40-50,20.3,1.0,1.0,1.0,32,47,2907.27,0.23,1.0,1.0,0.0,0.0,0,0,0.0,0.0,0,0,0.0,2907.27,1,1,1.0,2907.27,1,1,1.0,0
LGS2ORD0011226,C014743,2025-03-30 21:00:00,Female,49,Bronze,Shopee,Chonburi,707,Lazada,COD,21,3,6,1,40-50,23.566666666666666,0.0,0.0,0.0,-1,-1,0.0,0.0,0.0,0.0,0.0,0.0,0,0,0.0,0.0,0,0,0.0,0.0,0,0,0.0,0.0,0,0,0.0,0
LGS2ORD0011227,C013106,2025-03-30 22:00:00,Male,28,Bronze,TV,Nakhon Ratchasima,113,Web,Credit_Card,22,3,6,1,20-30,3.7666666666666666,2.0,0.0,0.0,-1,11,2355.775,0.23,0.0,0.5,0.0,0.0,0,0,0.0,4033.92,1,0,0.0,4711.55,2,0,0.0,4711.55,2,0,0.0,1
LGS2ORD0011228,C012746,2025-03-30 22:00:00,Female,41,Silver,Lazada,Chonburi,890,Shopee,Credit_Card,22,3,6,1,40-50,29.666666666666668,1.0,0.0,0.0,-1,35,2473.22,0.05,0.0,0.0,0.0,0.0,0,0,0.0,0.0,0,0,0.0,2473.22,1,0,0.0,2473.22,1,0,0.0,1
LGS2ORD0011229,C013311,2025-03-30 22:00:00,Female,29,Silver,Shopee,Chonburi,1406,Lazada,COD,22,3,6,1,20-30,46.86666666666667,1.0,1.0,1.0,-7,3,1147.74,0.1,1.0,0.0,0.0,1147.74,1,1,1.0,1147.74,1,1,1.0,1147.74,1,1,1.0,1147.74,1,1,1.0,0
LGS2ORD0011230,C017442,2025-03-30 22:00:00,Male,48,Silver,CallCenter,Bangkok,463,Shopee,Credit_Card,22,3,6,1,40-50,15.433333333333334,1.0,0.0,0.0,-1,53,9020.86,0.2,1.0,0.0,0.0,0.0,0,0,0.0,0.0,0,0,0.0,9020.86,1,0,0.0,9020.86,1,0,0.0,0
LGS2ORD0011231,C016917,2025-03-30 22:00:00,Female,48,Bronze,TV,Chonburi,1136,Shopee,COD,22,3,6,1,40-50,37.86666666666667,1.0,0.0,0.0,-1,68,3715.07,0.28,1.0,1.0,0.0,0.0,0,0,0.0,0.0,0,0,0.0,3715.07,1,0,0.0,3715.07,1,0,0.0,0
LGS2ORD0011232,C016507,2025-03-30 23:00:00,Female,41,Bronze,TV,Chonburi,434,Lazada,COD,23,3,6,1,40-50,14.466666666666667,6.0,4.0,0.6666666666666666,-7,2,2622.606666666667,0.23,0.6666666666666666,0.16666666666666666,0.0,1971.86,1,1,1.0,12790.77,3,1,0.3333333333333333,15735.640000000001,6,4,0.6666666666666666,15735.640000000001,6,4,0.6666666666666666,0
LGS2ORD0011233,C015507,2025-03-30 23:00:00,Male,23,Platinum,TV,Bangkok,1105,Shopee,COD,23,3,6,1,20-30,36.833333333333336,0.0,0.0,0.0,-1,-1,0.0,0.0,0.0,0.0,0.0,0.0,0,0,0.0,0.0,0,0,0.0,0.0,0,0,0.0,0.0,0,0,0.0,0
LGS2ORD0011234,C017707,2025-03-30 23:00:00,Female,42,Gold,Shopee,Khon Kaen,1258,Shopee,Bank_Transfer,23,3,6,1,40-50,41.93333333333333,0.0,0.0,0.0,-1,-1,0.0,0.0,0.0,0.0,0.0,0.0,0,0,0.0,0.0,0,0,0.0,0.0,0,0,0.0,0.0,0,0,0.0,0
LGS2ORD0011235,C017258,2025-03-30 23:00:00,Female,39,Silver,Shopee,Nakhon Ratchasima,553,Shopee,Credit_Card,23,3,6,1,30-40,18.433333333333334,0.0,0.0,0.0,-1,-1,0.0,0.0,0.0,0.0,0.0,0.0,0,0,0.0,0.0,0,0,0.0,0.0,0,0,0.0,0.0,0,0,0.0,0
LGS2ORD0011236,C015869,2025-03-30 23:00:00,Female,56,Bronze,Lazada,Phuket,1274,TV_Show,Credit_Card,23,3,6,1,>50,42.46666666666667,1.0,0.0,0.0,-1,30,11983.9,0.08,0.0,0.0,0.0,0.0,0,0,0.0,0.0,0,0,0.0,11983.9,1,0,0.0,11983.9,1,0,0.0,1
LGS2ORD0011237,C011123,2025-03-31 00:00:00,Female,45,Bronze,TV,Chiang Mai,154,Web,PromptPay,0,3,0,0,40-50,5.133333333333334,1.0,0.0,0.0,-1,89,28031.2,0.18,0.0,0.0,0.0,0.0,0,0,0.0,0.0,0,0,0.0,28031.2,1,0,0.0,28031.2,1,0,0.0,1
LGS2ORD0011238,C016472,2025-03-31 00:00:00,Male,33,Platinum,Web,Bangkok,679,Shopee,COD,0,3,0,0,30-40,22.633333333333333,1.0,0.0,0.0,-1,45,13951.04,0.15,0.0,0.0,0.0,0.0,0,0,0.0,0.0,0,0,0.0,13951.04,1,0,0.0,13951.04,1,0,0.0,0
LGS2ORD0011239,C015912,2025-03-31 00:00:00,Male,44,Silver,Lazada,Khon Kaen,1338,Web,COD,0,3,0,0,40-50,44.6,0.0,0.0,0.0,-1,-1,0.0,0.0,0.0,0.0,0.0,0.0,0,0,0.0,0.0,0,0,0.0,0.0,0,0,0.0,0.0,0,0,0.0,1
LGS2ORD0011240,C013650,2025-03-31 00:00:00,Male,37,Bronze,Lazada,Khon Kaen,1357,TV_Show,COD,0,3,0,0,30-40,45.233333333333334,1.0,0.0,0.0,-1,22,8010.63,0.08,1.0,0.0,0.0,0.0,0,0,0.0,8010.63,1,0,0.0,8010.63,1,0,0.0,8010.63,1,0,0.0,1
LGS2ORD0011241,C014687,2025-03-31 00:00:00,Female,60,Silver,TV,Chiang Mai,1134,CallCenter,COD,0,3,0,0,>50,37.8,0.0,0.0,0.0,-1,-1,0.0,0.0,0.0,0.0,0.0,0.0,0,0,0.0,0.0,0,0,0.0,0.0,0,0,0.0,0.0,0,0,0.0,0
LGS2ORD0011242,C010612,2025-03-31 01:00:00,Male,41,Gold,Shopee,Bangkok,1463,Shopee,COD,1,3,0,0,40-50,48.766666666666666,1.0,0.0,0.0,-1,65,6276.93,0.2299999999999999,0.0,1.0,0.0,0.0,0,0,0.0,0.0,0,0,0.0,6276.93,1,0,0.0,6276.93,1,0,0.0,1
LGS2ORD0011243,C017849,2025-03-31 01:00:00,Female,40,Bronze,Lazada,Chonburi,1386,Shopee,Bank_Transfer,1,3,0,0,30-40,46.2,2.0,0.0,0.0,-1,32,10393.109999999999,0.08,0.5,0.0,0.0,0.0,0,0,0.0,0.0,0,0,0.0,20786.219999999998,2,0,0.0,20786.219999999998,2,0,0.0,0
LGS2ORD0011244,C014943,2025-03-31 01:00:00,Female,32,Bronze,Shopee,Songkhla,1446,Shopee,COD,1,3,0,0,30-40,48.2,2.0,0.0,0.0,-1,38,1196.48,0.08,0.5,0.0,0.0,0.0,0,0,0.0,0.0,0,0,0.0,2392.96,2,0,0.0,2392.96,2,0,0.0,0
LGS2ORD0011245,C015970,2025-03-31 01:00:00,Male,31,Gold,Web,Bangkok,1005,Web,Credit_Card,1,3,0,0,30-40,33.5,1.0,0.0,0.0,-1,60,5370.14,0.08,0.0,0.0,0.0,0.0,0,0,0.0,0.0,0,0,0.0,5370.14,1,0,0.0,5370.14,1,0,0.0,0
LGS2ORD0011246,C010937,2025-03-31 01:00:00,Male,37,Silver,TV,Chonburi,928,TV_Show,Credit_Card,1,3,0,0,30-40,30.933333333333334,2.0,1.0,0.5,36,48,9557.605,0.3,0.5,0.5,0.0,0.0,0,0,0.0,0.0,0,0,0.0,19115.21,2,1,0.5,19115.21,2,1,0.5,1
LGS2ORD0011247,C014321,2025-03-31 01:00:00,Female,35,Gold,Web,Bangkok,1508,Web,COD,1,3,0,0,30-40,50.266666666666666,1.0,0.0,0.0,-1,21,1723.54,0.08,1.0,0.0,0.0,0.0,0,0,0.0,1723.54,1,0,0.0,1723.54,1,0,0.0,1723.54,1,0,0.0,0
LGS2ORD0011248,C012770,2025-03-31 02:00:00,Male,45,Bronze,CallCenter,Bangkok,129,Web,Bank_Transfer,2,3,0,0,40-50,4.3,0.0,0.0,0.0,-1,-1,0.0,0.0,0.0,0.0,0.0,0.0,0,0,0.0,0.0,0,0,0.0,0.0,0,0,0.0,0.0,0,0,0.0,1
LGS2ORD0011249,C014440,2025-03-31 02:00:00,Male,53,Bronze,Lazada,Nakhon Ratchasima,387,Shopee,PromptPay,2,3,0,0,>50,12.9,2.0,1.0,0.5,40,52,5954.8150000000005,0.03,0.0,0.0,0.0,0.0,0,0,0.0,0.0,0,0,0.0,11909.630000000001,2,1,0.5,11909.630000000001,2,1,0.5,1
LGS2ORD0011250,C016114,2025-03-31 02:00:00,Female,53,Bronze,Web,Bangkok,416,CallCenter,Credit_Card,2,3,0,0,>50,13.866666666666667,2.0,0.0,0.0,-1,39,5830.915,0.23,0.0,0.5,0.0,0.0,0,0,0.0,0.0,0,0,0.0,11661.83,2,0,0.0,11661.83,2,0,0.0,1
LGS2ORD0011251,C010297,2025-03-31 02:00:00,Male,36,Platinum,Shopee,Bangkok,732,TV_Show,PromptPay,2,3,0,0,30-40,24.4,2.0,0.0,0.0,-1,30,10257.865000000002,0.1,0.0,0.0,0.0,0.0,0,0,0.0,0.0,0,0,0.0,20515.730000000003,2,0,0.0,20515.730000000003,2,0,0.0,0
LGS2ORD0011252,C012969,2025-03-31 02:00:00,Female,43,Bronze,CallCenter,Phuket,1510,Shopee,COD,2,3,0,0,40-50,50.333333333333336,4.0,1.0,0.25,16,12,18749.375,0.23,0.25,0.75,0.0,0.0,0,0,0.0,34364.51,1,0,0.0,74997.5,4,1,0.25,74997.5,4,1,0.25,0
LGS2ORD0011253,C017678,2025-03-31 03:00:00,Male,18,Bronze,Shopee,Remote_Area,1186,Shopee,Credit_Card,3,3,0,0,<20,39.53333333333333,5.0,1.0,0.2,-2,4,2356.1940000000004,0.23,0.4,0.2,0.0,766.57,1,1,1.0,766.57,1,1,1.0,11780.970000000001,5,1,0.2,11780.970000000001,5,1,0.2,1
LGS2ORD0011254,C016171,2025-03-31 03:00:00,Male,25,Silver,TV,Bangkok,205,TV_Show,COD,3,3,0,0,20-30,6.833333333333333,2.0,0.0,0.0,-1,21,16027.16,0.15,1.0,0.0,0.0,0.0,0,0,0.0,4832.19,1,0,0.0,32054.32,2,0,0.0,32054.32,2,0,0.0,0
LGS2ORD0011255,C015665,2025-03-31 03:00:00,Other,19,Gold,TV,Nakhon Ratchasima,1127,Shopee,Credit_Card,3,3,0,0,<20,37.56666666666667,0.0,0.0,0.0,-1,-1,0.0,0.0,0.0,0.0,0.0,0.0,0,0,0.0,0.0,0,0,0.0,0.0,0,0,0.0,0.0,0,0,0.0,1
LGS2ORD0011256,C012594,2025-03-31 03:00:00,Male,71,Gold,Web,Nakhon Ratchasima,1041,Lazada,Credit_Card,3,3,0,0,>50,34.7,1.0,0.0,0.0,-1,63,3585.56,0.28,1.0,1.0,0.0,0.0,0,0,0.0,0.0,0,0,0.0,3585.56,1,0,0.0,3585.56,1,0,0.0,0
LGS2ORD0011257,C010663,2025-03-31 03:00:00,Male,32,Bronze,TV,Songkhla,1086,Shopee,COD,3,3,0,0,30-40,36.2,3.0,0.0,0.0,-1,51,2616.693333333333,0.23,0.3333333333333333,0.3333333333333333,0.0,0.0,0,0,0.0,0.0,0,0,0.0,7850.08,3,0,0.0,7850.08,3,0,0.0,0
LGS2ORD0011258,C016541,2025-03-31 04:00:00,Male,31,Platinum,Shopee,Nakhon Ratchasima,768,Web,Credit_Card,4,3,0,0,30-40,25.6,0.0,0.0,0.0,-1,-1,0.0,0.0,0.0,0.0,0.0,0.0,0,0,0.0,0.0,0,0,0.0,0.0,0,0,0.0,0.0,0,0,0.0,0
LGS2ORD0011259,C013944,2025-03-31 04:00:00,Female,46,Bronze,Web,Remote_Area,164,Shopee,COD,4,3,0,0,40-50,5.466666666666667,0.0,0.0,0.0,-1,-1,0.0,0.0,0.0,0.0,0.0,0.0,0,0,0.0,0.0,0,0,0.0,0.0,0,0,0.0,0.0,0,0,0.0,1
LGS2ORD0011260,C012592,2025-03-31 04:00:00,Female,31,Bronze,TV,Bangkok,407,TV_Show,COD,4,3,0,0,30-40,13.566666666666666,1.0,0.0,0.0,-1,45,15207.49,0.08,0.0,0.0,0.0,0.0,0,0,0.0,0.0,0,0,0.0,15207.49,1,0,0.0,15207.49,1,0,0.0,0
LGS2ORD0011261,C015855,2025-03-31 04:00:00,Female,41,Silver,TV,Nakhon Ratchasima,1177,TV_Show,PromptPay,4,3,0,0,40-50,39.233333333333334,0.0,0.0,0.0,-1,-1,0.0,0.0,0.0,0.0,0.0,0.0,0,0,0.0,0.0,0,0,0.0,0.0,0,0,0.0,0.0,0,0,0.0,0
LGS2ORD0011262,C012424,2025-03-31 04:00:00,Female,45,Bronze,Web,Bangkok,448,TV_Show,Credit_Card,4,3,0,0,40-50,14.933333333333334,1.0,0.0,0.0,-1,6,3564.07,0.03,0.0,0.0,0.0,3564.07,1,0,0.0,3564.07,1,0,0.0,3564.07,1,0,0.0,3564.07,1,0,0.0,0
LGS2ORD0011263,C012019,2025-03-31 04:00:00,Male,36,Bronze,TV,Khon Kaen,1450,TV_Show,Credit_Card,4,3,0,0,30-40,48.333333333333336,1.0,0.0,0.0,-1,63,2619.47,0.03,1.0,0.0,0.0,0.0,0,0,0.0,0.0,0,0,0.0,2619.47,1,0,0.0,2619.47,1,0,0.0,0
LGS2ORD0011264,C013516,2025-03-31 05:00:00,Male,18,Bronze,TV,Khon Kaen,1349,Shopee,COD,5,3,0,0,<20,44.96666666666667,1.0,0.0,0.0,-1,51,3209.07,0.08,1.0,0.0,0.0,0.0,0,0,0.0,0.0,0,0,0.0,3209.07,1,0,0.0,3209.07,1,0,0.0,0
LGS2ORD0011265,C016500,2025-03-31 05:00:00,Male,55,Bronze,TV,Chonburi,933,TV_Show,COD,5,3,0,0,>50,31.1,0.0,0.0,0.0,-1,-1,0.0,0.0,0.0,0.0,0.0,0.0,0,0,0.0,0.0,0,0,0.0,0.0,0,0,0.0,0.0,0,0,0.0,0
LGS2ORD0011266,C011880,2025-03-31 05:00:00,Male,29,Silver,TV,Chiang Mai,671,TV_Show,PromptPay,5,3,0,0,20-30,22.366666666666667,3.0,0.0,0.0,-1,33,6010.183333333333,0.25,0.6666666666666666,1.0,0.0,0.0,0,0,0.0,0.0,0,0,0.0,18030.55,3,0,0.0,18030.55,3,0,0.0,0
LGS2ORD0011267,C017687,2025-03-31 05:00:00,Male,47,Silver,CallCenter,Chonburi,281,CallCenter,Credit_Card,5,3,0,0,40-50,9.366666666666667,4.0,2.0,0.5,36,48,6578.6375,0.25,0.5,0.5,0.0,0.0,0,0,0.0,0.0,0,0,0.0,26314.55,4,2,0.5,26314.55,4,2,0.5,0
LGS2ORD0011268,C011169,2025-03-31 05:00:00,Female,53,Bronze,TV,Chiang Mai,706,Shopee,COD,5,3,0,0,>50,23.533333333333335,3.0,0.0,0.0,-1,39,6550.09,0.18,0.3333333333333333,0.0,0.0,0.0,0,0,0.0,0.0,0,0,0.0,19650.27,3,0,0.0,19650.27,3,0,0.0,1
LGS2ORD0011269,C014903,2025-03-31 06:00:00,Female,18,Bronze,TV,Phuket,600,CallCenter,COD,6,3,0,0,<20,20.0,2.0,0.0,0.0,-1,19,2400.74,0.18,0.5,0.0,0.0,0.0,0,0,0.0,4801.48,2,0,0.0,4801.48,2,0,0.0,4801.48,2,0,0.0,1
LGS2ORD0011270,C012113,2025-03-31 06:00:00,Male,35,Bronze,Web,Songkhla,158,Web,COD,6,3,0,0,30-40,5.266666666666667,1.0,1.0,1.0,52,64,5492.23,0.03,0.0,0.0,0.0,0.0,0,0,0.0,0.0,0,0,0.0,5492.23,1,1,1.0,5492.23,1,1,1.0,1
LGS2ORD0011271,C010676,2025-03-31 06:00:00,Female,45,Silver,Web,Remote_Area,610,CallCenter,Bank_Transfer,6,3,0,0,40-50,20.333333333333332,1.0,0.0,0.0,-1,7,13010.29,0.05,0.0,0.0,0.0,0.0,0,0,0.0,13010.29,1,0,0.0,13010.29,1,0,0.0,13010.29,1,0,0.0,0
LGS2ORD0011272,C012696,2025-03-31 06:00:00,Male,46,Bronze,Web,Remote_Area,741,Lazada,PromptPay,6,3,0,0,40-50,24.7,0.0,0.0,0.0,-1,-1,0.0,0.0,0.0,0.0,0.0,0.0,0,0,0.0,0.0,0,0,0.0,0.0,0,0,0.0,0.0,0,0,0.0,0
LGS2ORD0011273,C011763,2025-03-31 06:00:00,Male,50,Silver,TV,Bangkok,871,Web,PromptPay,6,3,0,0,40-50,29.033333333333335,2.0,0.0,0.0,-1,9,956.95,0.1,0.5,0.0,0.0,0.0,0,0,0.0,1304.65,1,0,0.0,1913.9,2,0,0.0,1913.9,2,0,0.0,0
LGS2ORD0011274,C013588,2025-03-31 07:00:00,Male,45,Bronze,Web,Remote_Area,317,Shopee,COD,7,3,0,0,40-50,10.566666666666666,2.0,1.0,0.5,41,49,8043.82,0.18,1.0,0.0,0.0,0.0,0,0,0.0,0.0,0,0,0.0,16087.64,2,1,0.5,16087.64,2,1,0.5,1
LGS2ORD0011275,C011177,2025-03-31 07:00:00,Female,49,Bronze,TV,Remote_Area,615,Web,COD,7,3,0,0,40-50,20.5,3.0,1.0,0.3333333333333333,69,34,7871.580000000001,0.13,0.3333333333333333,0.0,0.0,0.0,0,0,0.0,0.0,0,0,0.0,23614.74,3,1,0.3333333333333333,23614.74,3,1,0.3333333333333333,1
LGS2ORD0011276,C012107,2025-03-31 07:00:00,Female,47,Silver,TV,Remote_Area,785,Lazada,COD,7,3,0,0,40-50,26.166666666666668,0.0,0.0,0.0,-1,-1,0.0,0.0,0.0,0.0,0.0,0.0,0,0,0.0,0.0,0,0,0.0,0.0,0,0,0.0,0.0,0,0,0.0,1
LGS2ORD0011277,C010784,2025-03-31 07:00:00,Female,51,Silver,Lazada,Khon Kaen,1188,Shopee,Credit_Card,7,3,0,0,>50,39.6,2.0,2.0,1.0,28,35,585.03,0.2,1.0,0.0,0.0,0.0,0,0,0.0,0.0,0,0,0.0,1170.06,2,2,1.0,1170.06,2,2,1.0,0
LGS2ORD0011278,C015039,2025-03-31 07:00:00,Male,40,Bronze,TV,Phuket,373,Shopee,COD,7,3,0,0,30-40,12.433333333333334,2.0,1.0,0.5,66,36,6377.514999999999,0.18,0.5,0.0,0.0,0.0,0,0,0.0,0.0,0,0,0.0,12755.029999999999,2,1,0.5,12755.029999999999,2,1,0.5,0
LGS2ORD0011279,C010735,2025-03-31 08:00:00,Female,34,Bronze,Web,Bangkok,611,Web,COD,8,3,0,0,30-40,20.366666666666667,3.0,1.0,0.3333333333333333,13,22,670.02,0.28,0.3333333333333333,0.6666666666666666,0.0,0.0,0,0,0.0,821.71,2,1,0.5,2010.06,3,1,0.3333333333333333,2010.06,3,1,0.3333333333333333,0
LGS2ORD0011280,C015932,2025-03-31 08:00:00,Female,46,Platinum,Shopee,Phuket,311,Lazada,Bank_Transfer,8,3,0,0,40-50,10.366666666666667,2.0,0.0,0.0,-1,21,4862.305,0.25,0.0,0.5,0.0,0.0,0,0,0.0,7681.15,1,0,0.0,9724.61,2,0,0.0,9724.61,2,0,0.0,0
LGS2ORD0011281,C016506,2025-03-31 08:00:00,Female,45,Platinum,TV,Khon Kaen,1048,Shopee,COD,8,3,0,0,40-50,34.93333333333333,1.0,0.0,0.0,-1,60,831.76,0.3,1.0,1.0,0.0,0.0,0,0,0.0,0.0,0,0,0.0,831.76,1,0,0.0,831.76,1,0,0.0,1
LGS2ORD0011282,C017574,2025-03-31 08:00:00,Male,27,Gold,Lazada,Phuket,1299,TV_Show,Credit_Card,8,3,0,0,20-30,43.3,0.0,0.0,0.0,-1,-1,0.0,0.0,0.0,0.0,0.0,0.0,0,0,0.0,0.0,0,0,0.0,0.0,0,0,0.0,0.0,0,0,0.0,0
LGS2ORD0011283,C011858,2025-03-31 08:00:00,Female,42,Bronze,Web,Remote_Area,550,Shopee,Credit_Card,8,3,0,0,40-50,18.333333333333332,2.0,1.0,0.5,29,13,3887.67,0.23,0.5,0.5,0.0,0.0,0,0,0.0,5681.5,1,0,0.0,7775.34,2,1,0.5,7775.34,2,1,0.5,0
LGS2ORD0011284,C013638,2025-03-31 08:00:00,Male,70,Bronze,Web,Nakhon Ratchasima,383,Lazada,COD,8,3,0,0,>50,12.766666666666667,2.0,1.0,0.5,28,2,6007.625,0.23,0.5,0.5,0.0,3946.98,1,0,0.0,3946.98,1,0,0.0,12015.25,2,1,0.5,12015.25,2,1,0.5,1
LGS2ORD0011285,C014505,2025-03-31 09:00:00,Female,30,Gold,Lazada,Bangkok,1088,CallCenter,Bank_Transfer,9,3,0,0,20-30,36.266666666666666,2.0,0.0,0.0,-1,35,3589.875,0.08,0.5,0.0,0.0,0.0,0,0,0.0,0.0,0,0,0.0,7179.75,2,0,0.0,7179.75,2,0,0.0,0
LGS2ORD0011286,C015446,2025-03-31 09:00:00,Female,38,Bronze,Shopee,Bangkok,1178,Lazada,COD,9,3,0,0,30-40,39.266666666666666,3.0,0.0,0.0,-1,3,6930.919999999999,0.23,0.3333333333333333,0.3333333333333333,0.0,8978.4,1,0,0.0,8978.4,1,0,0.0,20792.76,3,0,0.0,20792.76,3,0,0.0,0
LGS2ORD0011287,C015765,2025-03-31 09:00:00,Female,28,Bronze,Shopee,Bangkok,123,Lazada,COD,9,3,0,0,20-30,4.1,3.0,0.0,0.0,-1,11,6810.133333333334,0.28,0.6666666666666666,0.3333333333333333,0.0,0.0,0,0,0.0,18506.84,2,0,0.0,20430.4,3,0,0.0,20430.4,3,0,0.0,0
LGS2ORD0011288,C013444,2025-03-31 09:00:00,Female,40,Gold,Web,Remote_Area,403,Shopee,PromptPay,9,3,0,0,30-40,13.433333333333334,0.0,0.0,0.0,-1,-1,0.0,0.0,0.0,0.0,0.0,0.0,0,0,0.0,0.0,0,0,0.0,0.0,0,0,0.0,0.0,0,0,0.0,0
LGS2ORD0011289,C014489,2025-03-31 09:00:00,Female,50,Gold,Lazada,Chonburi,960,Shopee,PromptPay,9,3,0,0,40-50,32.0,2.0,0.0,0.0,-1,8,2499.53,0.2299999999999999,0.5,0.5,0.0,0.0,0,0,0.0,4999.06,2,0,0.0,4999.06,2,0,0.0,4999.06,2,0,0.0,0
LGS2ORD0011290,C011829,2025-03-31 10:00:00,Male,44,Bronze,TV,Khon Kaen,1009,TV_Show,Credit_Card,10,3,0,0,40-50,33.63333333333333,0.0,0.0,0.0,-1,-1,0.0,0.0,0.0,0.0,0.0,0.0,0,0,0.0,0.0,0,0,0.0,0.0,0,0,0.0,0.0,0,0,0.0,0
LGS2ORD0011291,C017576,2025-03-31 10:00:00,Female,42,Silver,TV,Chonburi,687,Shopee,COD,10,3,0,0,40-50,22.9,2.0,0.0,0.0,-1,15,2441.225,0.25,0.5,0.5,0.0,0.0,0,0,0.0,3817.94,1,0,0.0,4882.45,2,0,0.0,4882.45,2,0,0.0,0
LGS2ORD0011292,C010910,2025-03-31 10:00:00,Female,48,Gold,Lazada,Chonburi,1356,Shopee,Credit_Card,10,3,0,0,40-50,45.2,0.0,0.0,0.0,-1,-1,0.0,0.0,0.0,0.0,0.0,0.0,0,0,0.0,0.0,0,0,0.0,0.0,0,0,0.0,0.0,0,0,0.0,0
LGS2ORD0011293,C014026,2025-03-31 10:00:00,Female,60,Silver,Lazada,Remote_Area,196,Web,COD,10,3,0,0,>50,6.533333333333333,2.0,0.0,0.0,-1,4,8032.71,0.25,0.5,0.5,0.0,7654.42,1,0,0.0,7654.42,1,0,0.0,16065.42,2,0,0.0,16065.42,2,0,0.0,0
LGS2ORD0011294,C014892,2025-03-31 10:00:00,Male,48,Gold,TV,Nakhon Ratchasima,396,CallCenter,COD,10,3,0,0,40-50,13.2,1.0,1.0,1.0,69,80,884.02,0.13,1.0,0.0,0.0,0.0,0,0,0.0,0.0,0,0,0.0,884.02,1,1,1.0,884.02,1,1,1.0,0
LGS2ORD0011295,C016455,2025-03-31 11:00:00,Female,20,Bronze,CallCenter,Bangkok,1277,Web,Bank_Transfer,11,3,0,0,<20,42.56666666666667,2.0,1.0,0.5,45,64,8420.955,0.18,0.5,0.0,0.0,0.0,0,0,0.0,0.0,0,0,0.0,16841.91,2,1,0.5,16841.91,2,1,0.5,0
LGS2ORD0011296,C014679,2025-03-31 11:00:00,Female,33,Silver,Lazada,Bangkok,720,Lazada,COD,11,3,0,0,30-40,24.0,2.0,0.0,0.0,-1,46,12461.225,0.25,0.5,0.5,0.0,0.0,0,0,0.0,0.0,0,0,0.0,24922.45,2,0,0.0,24922.45,2,0,0.0,1
LGS2ORD0011297,C010161,2025-03-31 11:00:00,Male,37,Gold,Web,Khon Kaen,1202,TV_Show,COD,11,3,0,0,30-40,40.06666666666667,1.0,0.0,0.0,-1,69,10483.59,0.08,1.0,0.0,0.0,0.0,0,0,0.0,0.0,0,0,0.0,10483.59,1,0,0.0,10483.59,1,0,0.0,0
LGS2ORD0011298,C011823,2025-03-31 11:00:00,Male,39,Bronze,Lazada,Chiang Mai,718,Web,COD,11,3,0,0,30-40,23.933333333333334,0.0,0.0,0.0,-1,-1,0.0,0.0,0.0,0.0,0.0,0.0,0,0,0.0,0.0,0,0,0.0,0.0,0,0,0.0,0.0,0,0,0.0,0
LGS2ORD0011299,C014026,2025-03-31 11:00:00,Female,60,Silver,Lazada,Remote_Area,196,TV_Show,Credit_Card,11,3,0,0,>50,6.533333333333333,3.0,0.0,0.0,-1,0,5932.826666666667,0.25,0.6666666666666666,0.3333333333333333,0.0,9387.48,2,0,0.0,9387.48,2,0,0.0,17798.48,3,0,0.0,17798.48,3,0,0.0,0
LGS2ORD0011300,C017072,2025-03-31 12:00:00,Female,52,Silver,Shopee,Songkhla,1398,Lazada,COD,12,3,0,0,>50,46.6,4.0,1.0,0.25,60,28,3215.0825000000004,0.2,0.5,0.0,0.0,0.0,0,0,0.0,3368.52,1,0,0.0,12860.330000000002,4,1,0.25,12860.330000000002,4,1,0.25,0
LGS2ORD0011301,C010747,2025-03-31 12:00:00,Female,49,Silver,TV,Bangkok,889,Shopee,COD,12,3,0,0,40-50,29.633333333333333,1.0,0.0,0.0,-1,33,4050.61,0.25,0.0,1.0,0.0,0.0,0,0,0.0,0.0,0,0,0.0,4050.61,1,0,0.0,4050.61,1,0,0.0,0
LGS2ORD0011302,C010551,2025-03-31 12:00:00,Male,56,Bronze,Shopee,Chiang Mai,1123,CallCenter,PromptPay,12,3,0,0,>50,37.43333333333333,0.0,0.0,0.0,-1,-1,0.0,0.0,0.0,0.0,0.0,0.0,0,0,0.0,0.0,0,0,0.0,0.0,0,0,0.0,0.0,0,0,0.0,1
LGS2ORD0011303,C016657,2025-03-31 12:00:00,Male,32,Silver,CallCenter,Bangkok,1488,Lazada,COD,12,3,0,0,30-40,49.6,1.0,0.0,0.0,-1,36,2909.43,0.05,1.0,0.0,0.0,0.0,0,0,0.0,0.0,0,0,0.0,2909.43,1,0,0.0,2909.43,1,0,0.0,0
LGS2ORD0011304,C017744,2025-03-31 12:00:00,Female,46,Gold,Lazada,Bangkok,1309,Web,PromptPay,12,3,0,0,40-50,43.63333333333333,0.0,0.0,0.0,-1,-1,0.0,0.0,0.0,0.0,0.0,0.0,0,0,0.0,0.0,0,0,0.0,0.0,0,0,0.0,0.0,0,0,0.0,0
LGS2ORD0011305,C010330,2025-03-31 12:00:00,Female,43,Bronze,TV,Bangkok,134,Shopee,COD,12,3,0,0,40-50,4.466666666666667,2.0,0.0,0.0,-1,84,1758.165,0.28,0.5,0.5,0.0,0.0,0,0,0.0,0.0,0,0,0.0,3516.33,2,0,0.0,3516.33,2,0,0.0,0
LGS2ORD0011306,C016905,2025-03-31 13:00:00,Female,28,Bronze,CallCenter,Bangkok,766,TV_Show,PromptPay,13,3,0,0,20-30,25.533333333333335,1.0,0.0,0.0,-1,47,2186.55,0.08,1.0,0.0,0.0,0.0,0,0,0.0,0.0,0,0,0.0,2186.55,1,0,0.0,2186.55,1,0,0.0,1
LGS2ORD0011307,C014934,2025-03-31 13:00:00,Male,48,Silver,TV,Bangkok,1362,Shopee,Credit_Card,13,3,0,0,40-50,45.4,1.0,0.0,0.0,-1,89,3577.92,0.3,0.0,1.0,0.0,0.0,0,0,0.0,0.0,0,0,0.0,3577.92,1,0,0.0,3577.92,1,0,0.0,0
LGS2ORD0011308,C017599,2025-03-31 13:00:00,Other,48,Gold,Lazada,Bangkok,1214,CallCenter,Credit_Card,13,3,0,0,40-50,40.46666666666667,1.0,0.0,0.0,-1,46,1728.83,0.13,0.0,0.0,0.0,0.0,0,0,0.0,0.0,0,0,0.0,1728.83,1,0,0.0,1728.83,1,0,0.0,0
LGS2ORD0011309,C015454,2025-03-31 13:00:00,Female,30,Platinum,TV,Nakhon Ratchasima,1160,Web,COD,13,3,0,0,20-30,38.666666666666664,3.0,1.0,0.3333333333333333,30,1,1914.36,0.3,0.3333333333333333,0.3333333333333333,0.0,2418.81,1,0,0.0,3023.37,2,0,0.0,5743.08,3,1,0.3333333333333333,5743.08,3,1,0.3333333333333333,1
LGS2ORD0011310,C010875,2025-03-31 13:00:00,Male,54,Bronze,CallCenter,Chonburi,779,Shopee,PromptPay,13,3,0,0,>50,25.966666666666665,2.0,0.0,0.0,-1,56,4123.35,0.13,0.5,0.0,0.0,0.0,0,0,0.0,0.0,0,0,0.0,8246.7,2,0,0.0,8246.7,2,0,0.0,1
LGS2ORD0011311,C011672,2025-03-31 14:00:00,Female,35,Bronze,Web,Chonburi,1095,Web,COD,14,3,0,0,30-40,36.5,1.0,0.0,0.0,-1,73,1147.17,0.03,1.0,0.0,0.0,0.0,0,0,0.0,0.0,0,0,0.0,1147.17,1,0,0.0,1147.17,1,0,0.0,0
LGS2ORD0011312,C010768,2025-03-31 14:00:00,Female,59,Silver,Shopee,Bangkok,390,CallCenter,Credit_Card,14,3,0,0,>50,13.0,3.0,0.0,0.0,-1,5,1226.4066666666665,0.3,0.6666666666666666,0.6666666666666666,0.0,1662.48,1,0,0.0,2607.63,2,0,0.0,3679.22,3,0,0.0,3679.22,3,0,0.0,0
LGS2ORD0011313,C017435,2025-03-31 14:00:00,Female,51,Bronze,Web,Nakhon Ratchasima,1546,TV_Show,PromptPay,14,3,0,0,>50,51.53333333333333,0.0,0.0,0.0,-1,-1,0.0,0.0,0.0,0.0,0.0,0.0,0,0,0.0,0.0,0,0,0.0,0.0,0,0,0.0,0.0,0,0,0.0,0
LGS2ORD0011314,C014904,2025-03-31 14:00:00,Female,26,Platinum,CallCenter,Chiang Mai,152,Web,PromptPay,14,3,0,0,20-30,5.066666666666666,2.0,0.0,0.0,-1,8,3602.355,0.25,0.0,0.5,0.0,0.0,0,0,0.0,793.09,1,0,0.0,7204.71,2,0,0.0,7204.71,2,0,0.0,0
LGS2ORD0011315,C015292,2025-03-31 14:00:00,Male,33,Gold,Web,Chonburi,1453,TV_Show,Bank_Transfer,14,3,0,0,30-40,48.43333333333333,0.0,0.0,0.0,-1,-1,0.0,0.0,0.0,0.0,0.0,0.0,0,0,0.0,0.0,0,0,0.0,0.0,0,0,0.0,0.0,0,0,0.0,0
LGS2ORD0011316,C010129,2025-03-31 15:00:00,Male,21,Bronze,TV,Remote_Area,1229,TV_Show,COD,15,3,0,0,20-30,40.96666666666667,2.0,0.0,0.0,-1,22,8394.56,0.03,1.0,0.0,0.0,0.0,0,0,0.0,15663.31,1,0,0.0,16789.12,2,0,0.0,16789.12,2,0,0.0,1
LGS2ORD0011317,C012410,2025-03-31 15:00:00,Female,53,Bronze,TV,Bangkok,1318,Lazada,Credit_Card,15,3,0,0,>50,43.93333333333333,3.0,1.0,0.3333333333333333,-5,1,1806.96,0.23,0.3333333333333333,0.3333333333333333,0.0,1785.39,1,1,1.0,1785.39,1,1,1.0,5420.88,3,1,0.3333333333333333,5420.88,3,1,0.3333333333333333,0
LGS2ORD0011318,C010978,2025-03-31 15:00:00,Male,29,Bronze,CallCenter,Nakhon Ratchasima,277,Web,Bank_Transfer,15,3,0,0,20-30,9.233333333333333,1.0,0.0,0.0,-1,13,1449.27,0.03,0.0,0.0,0.0,0.0,0,0,0.0,1449.27,1,0,0.0,1449.27,1,0,0.0,1449.27,1,0,0.0,1
LGS2ORD0011319,C015618,2025-03-31 15:00:00,Female,53,Bronze,Lazada,Bangkok,905,Lazada,COD,15,3,0,0,>50,30.166666666666668,1.0,0.0,0.0,-1,1,792.86,0.08,1.0,0.0,0.0,792.86,1,0,0.0,792.86,1,0,0.0,792.86,1,0,0.0,792.86,1,0,0.0,0
LGS2ORD0011320,C012892,2025-03-31 15:00:00,Male,35,Bronze,Web,Songkhla,491,CallCenter,Bank_Transfer,15,3,0,0,30-40,16.366666666666667,1.0,0.0,0.0,-1,39,1964.96,0.03,1.0,0.0,0.0,0.0,0,0,0.0,0.0,0,0,0.0,1964.96,1,0,0.0,1964.96,1,0,0.0,0
LGS2ORD0011321,C015063,2025-03-31 16:00:00,Female,18,Silver,Web,Bangkok,556,TV_Show,Credit_Card,16,3,0,0,<20,18.533333333333335,1.0,0.0,0.0,-1,44,606.49,0.2,1.0,0.0,0.0,0.0,0,0,0.0,0.0,0,0,0.0,606.49,1,0,0.0,606.49,1,0,0.0,0
LGS2ORD0011322,C013604,2025-03-31 16:00:00,Female,40,Bronze,TV,Khon Kaen,233,Web,COD,16,3,0,0,30-40,7.766666666666667,0.0,0.0,0.0,-1,-1,0.0,0.0,0.0,0.0,0.0,0.0,0,0,0.0,0.0,0,0,0.0,0.0,0,0,0.0,0.0,0,0,0.0,1
LGS2ORD0011323,C017009,2025-03-31 16:00:00,Male,20,Gold,Lazada,Chiang Mai,836,Lazada,Bank_Transfer,16,3,0,0,<20,27.866666666666667,2.0,1.0,0.5,26,38,4284.795,0.28,1.0,0.5,0.0,0.0,0,0,0.0,0.0,0,0,0.0,8569.59,2,1,0.5,8569.59,2,1,0.5,0
LGS2ORD0011324,C014800,2025-03-31 16:00:00,Male,45,Silver,Web,Phuket,1482,TV_Show,Bank_Transfer,16,3,0,0,40-50,49.4,0.0,0.0,0.0,-1,-1,0.0,0.0,0.0,0.0,0.0,0.0,0,0,0.0,0.0,0,0,0.0,0.0,0,0,0.0,0.0,0,0,0.0,0
LGS2ORD0011325,C016988,2025-03-31 16:00:00,Male,36,Bronze,TV,Phuket,883,TV_Show,Credit_Card,16,3,0,0,30-40,29.433333333333334,3.0,2.0,0.6666666666666666,12,22,5811.063333333333,0.18,1.0,0.0,0.0,0.0,0,0,0.0,2650.43,1,1,1.0,17433.19,3,2,0.6666666666666666,17433.19,3,2,0.6666666666666666,0
LGS2ORD0011326,C016275,2025-03-31 16:00:00,Male,38,Silver,Web,Songkhla,948,Shopee,PromptPay,16,3,0,0,30-40,31.6,2.0,0.0,0.0,-1,22,1556.205,0.15,0.5,0.0,0.0,0.0,0,0,0.0,3112.41,2,0,0.0,3112.41,2,0,0.0,3112.41,2,0,0.0,1
LGS2ORD0011327,C017573,2025-03-31 17:00:00,Male,44,Bronze,Web,Khon Kaen,180,CallCenter,Bank_Transfer,17,3,0,0,40-50,6.0,2.0,2.0,1.0,-6,1,2644.7599999999998,0.28,1.0,0.5,0.0,4456.61,1,1,1.0,5289.5199999999995,2,2,1.0,5289.5199999999995,2,2,1.0,5289.5199999999995,2,2,1.0,0
LGS2ORD0011328,C013209,2025-03-31 17:00:00,Female,47,Silver,CallCenter,Nakhon Ratchasima,1099,Lazada,Bank_Transfer,17,3,0,0,40-50,36.63333333333333,0.0,0.0,0.0,-1,-1,0.0,0.0,0.0,0.0,0.0,0.0,0,0,0.0,0.0,0,0,0.0,0.0,0,0,0.0,0.0,0,0,0.0,0
LGS2ORD0011329,C011273,2025-03-31 17:00:00,Female,45,Silver,Web,Bangkok,1264,Web,COD,17,3,0,0,40-50,42.13333333333333,0.0,0.0,0.0,-1,-1,0.0,0.0,0.0,0.0,0.0,0.0,0,0,0.0,0.0,0,0,0.0,0.0,0,0,0.0,0.0,0,0,0.0,1
LGS2ORD0011330,C013926,2025-03-31 17:00:00,Female,20,Silver,Lazada,Nakhon Ratchasima,1429,TV_Show,Credit_Card,17,3,0,0,<20,47.63333333333333,0.0,0.0,0.0,-1,-1,0.0,0.0,0.0,0.0,0.0,0.0,0,0,0.0,0.0,0,0,0.0,0.0,0,0,0.0,0.0,0,0,0.0,0
LGS2ORD0011331,C010892,2025-03-31 17:00:00,Female,44,Bronze,Web,Remote_Area,532,Web,COD,17,3,0,0,40-50,17.733333333333334,0.0,0.0,0.0,-1,-1,0.0,0.0,0.0,0.0,0.0,0.0,0,0,0.0,0.0,0,0,0.0,0.0,0,0,0.0,0.0,0,0,0.0,0
LGS2ORD0011332,C011203,2025-03-31 18:00:00,Female,46,Bronze,TV,Songkhla,1259,Lazada,COD,18,3,0,0,40-50,41.96666666666667,2.0,1.0,0.5,-4,5,3790.885,0.18,0.5,0.0,0.0,5759.01,1,1,1.0,7581.77,2,1,0.5,7581.77,2,1,0.5,7581.77,2,1,0.5,1
LGS2ORD0011333,C011092,2025-03-31 18:00:00,Male,35,Silver,Web,Khon Kaen,1510,Shopee,Credit_Card,18,3,0,0,30-40,50.333333333333336,3.0,1.0,0.3333333333333333,25,18,3595.9533333333334,0.2,0.3333333333333333,0.0,0.0,0.0,0,0,0.0,2372.4,1,0,0.0,10787.86,3,1,0.3333333333333333,10787.86,3,1,0.3333333333333333,0
LGS2ORD0011334,C010572,2025-03-31 18:00:00,Female,18,Silver,Web,Bangkok,648,Web,Bank_Transfer,18,3,0,0,<20,21.6,1.0,0.0,0.0,-1,42,4114.2,0.05,1.0,0.0,0.0,0.0,0,0,0.0,0.0,0,0,0.0,4114.2,1,0,0.0,4114.2,1,0,0.0,0
LGS2ORD0011335,C012653,2025-03-31 18:00:00,Female,42,Bronze,Web,Khon Kaen,831,TV_Show,COD,18,3,0,0,40-50,27.7,2.0,1.0,0.5,67,46,5821.085,0.08,1.0,0.0,0.0,0.0,0,0,0.0,0.0,0,0,0.0,11642.17,2,1,0.5,11642.17,2,1,0.5,0
LGS2ORD0011336,C011997,2025-03-31 18:00:00,Male,50,Silver,TV,Khon Kaen,851,Lazada,COD,18,3,0,0,40-50,28.366666666666667,3.0,1.0,0.3333333333333333,62,3,9262.910000000002,0.2,0.6666666666666666,0.0,0.0,6875.6,1,0,0.0,6875.6,1,0,0.0,27788.730000000003,3,1,0.3333333333333333,27788.730000000003,3,1,0.3333333333333333,1
LGS2ORD0011337,C015968,2025-03-31 19:00:00,Female,30,Silver,Shopee,Chiang Mai,1428,Shopee,COD,19,3,0,0,20-30,47.6,0.0,0.0,0.0,-1,-1,0.0,0.0,0.0,0.0,0.0,0.0,0,0,0.0,0.0,0,0,0.0,0.0,0,0,0.0,0.0,0,0,0.0,1
LGS2ORD0011338,C014650,2025-03-31 19:00:00,Female,52,Bronze,Lazada,Phuket,1531,Shopee,COD,19,3,0,0,>50,51.03333333333333,2.0,1.0,0.5,64,73,4573.26,0.08,0.5,0.0,0.0,0.0,0,0,0.0,0.0,0,0,0.0,9146.52,2,1,0.5,9146.52,2,1,0.5,1
LGS2ORD0011339,C016027,2025-03-31 19:00:00,Male,34,Gold,Web,Bangkok,1316,Shopee,COD,19,3,0,0,30-40,43.86666666666667,2.0,1.0,0.5,71,1,16887.02,0.2299999999999999,0.0,0.5,0.0,31882.12,1,0,0.0,31882.12,1,0,0.0,33774.04,2,1,0.5,33774.04,2,1,0.5,0
LGS2ORD0011340,C013670,2025-03-31 19:00:00,Female,29,Silver,CallCenter,Chiang Mai,713,Shopee,COD,19,3,0,0,20-30,23.766666666666666,1.0,0.0,0.0,-1,78,3755.97,0.2,1.0,0.0,0.0,0.0,0,0,0.0,0.0,0,0,0.0,3755.97,1,0,0.0,3755.97,1,0,0.0,1
LGS2ORD0011341,C011015,2025-03-31 19:00:00,Female,41,Silver,CallCenter,Bangkok,972,CallCenter,COD,19,3,0,0,40-50,32.4,1.0,0.0,0.0,-1,22,855.09,0.05,1.0,0.0,0.0,0.0,0,0,0.0,855.09,1,0,0.0,855.09,1,0,0.0,855.09,1,0,0.0,0
LGS2ORD0011342,C016520,2025-03-31 20:00:00,Male,61,Bronze,CallCenter,Khon Kaen,907,TV_Show,COD,20,3,0,0,>50,30.233333333333334,2.0,2.0,1.0,50,57,3926.335,0.18,0.5,0.0,0.0,0.0,0,0,0.0,0.0,0,0,0.0,7852.67,2,2,1.0,7852.67,2,2,1.0,0
LGS2ORD0011343,C016934,2025-03-31 20:00:00,Female,53,Bronze,Web,Bangkok,810,Web,Bank_Transfer,20,3,0,0,>50,27.0,1.0,0.0,0.0,-1,89,1790.61,0.03,0.0,0.0,0.0,0.0,0,0,0.0,0.0,0,0,0.0,1790.61,1,0,0.0,1790.61,1,0,0.0,0
LGS2ORD0011344,C011793,2025-03-31 20:00:00,Female,53,Silver,TV,Bangkok,1520,Shopee,COD,20,3,0,0,>50,50.666666666666664,2.0,1.0,0.5,15,18,1001.87,0.1,1.0,0.0,0.0,0.0,0,0,0.0,1139.43,1,1,1.0,2003.74,2,1,0.5,2003.74,2,1,0.5,0
LGS2ORD0011345,C017014,2025-03-31 20:00:00,Male,39,Bronze,Shopee,Khon Kaen,364,Lazada,Credit_Card,20,3,0,0,30-40,12.133333333333333,3.0,1.0,0.3333333333333333,17,21,2355.7566666666667,0.28,1.0,0.6666666666666666,0.0,0.0,0,0,0.0,2600.87,1,0,0.0,7067.2699999999995,3,1,0.3333333333333333,7067.2699999999995,3,1,0.3333333333333333,0
LGS2ORD0011346,C013233,2025-03-31 20:00:00,Female,32,Platinum,Lazada,Bangkok,1290,CallCenter,PromptPay,20,3,0,0,30-40,43.0,1.0,1.0,1.0,5,8,1463.14,0.25,1.0,1.0,0.0,0.0,0,0,0.0,1463.14,1,1,1.0,1463.14,1,1,1.0,1463.14,1,1,1.0,0
LGS2ORD0011347,C016164,2025-03-31 20:00:00,Male,57,Silver,Web,Remote_Area,219,Lazada,COD,20,3,0,0,>50,7.3,1.0,1.0,1.0,53,67,3184.96,0.15,0.0,0.0,0.0,0.0,0,0,0.0,0.0,0,0,0.0,3184.96,1,1,1.0,3184.96,1,1,1.0,1
LGS2ORD0011348,C015142,2025-03-31 21:00:00,Female,27,Silver,CallCenter,Remote_Area,927,TV_Show,PromptPay,21,3,0,0,20-30,30.9,3.0,3.0,1.0,8,18,3743.22,0.25,0.6666666666666666,0.6666666666666666,0.0,0.0,0,0,0.0,9778.63,2,2,1.0,11229.66,3,3,1.0,11229.66,3,3,1.0,0
LGS2ORD0011349,C017545,2025-03-31 21:00:00,Female,61,Platinum,Web,Songkhla,583,Shopee,Credit_Card,21,3,0,0,>50,19.433333333333334,1.0,0.0,0.0,-1,62,1538.55,0.3,1.0,1.0,0.0,0.0,0,0,0.0,0.0,0,0,0.0,1538.55,1,0,0.0,1538.55,1,0,0.0,0
LGS2ORD0011350,C013035,2025-03-31 21:00:00,Female,46,Gold,CallCenter,Chiang Mai,149,Shopee,Bank_Transfer,21,3,0,0,40-50,4.966666666666667,1.0,0.0,0.0,-1,58,561.51,0.28,1.0,1.0,0.0,0.0,0,0,0.0,0.0,0,0,0.0,561.51,1,0,0.0,561.51,1,0,0.0,0
LGS2ORD0011351,C015797,2025-03-31 21:00:00,Female,41,Silver,Web,Remote_Area,517,Web,Credit_Card,21,3,0,0,40-50,17.233333333333334,1.0,0.0,0.0,-1,8,1639.84,0.2,1.0,0.0,0.0,0.0,0,0,0.0,1639.84,1,0,0.0,1639.84,1,0,0.0,1639.84,1,0,0.0,0
LGS2ORD0011352,C014404,2025-03-31 21:00:00,Male,51,Bronze,TV,Chiang Mai,234,Web,PromptPay,21,3,0,0,>50,7.8,1.0,0.0,0.0,-1,2,8469.95,0.03,1.0,0.0,0.0,8469.95,1,0,0.0,8469.95,1,0,0.0,8469.95,1,0,0.0,8469.95,1,0,0.0,0
LGS2ORD0011353,C012519,2025-03-31 22:00:00,Male,31,Bronze,CallCenter,Remote_Area,675,TV_Show,Bank_Transfer,22,3,0,0,30-40,22.5,2.0,1.0,0.5,75,23,6508.945,0.23,1.0,0.5,0.0,0.0,0,0,0.0,1797.73,1,0,0.0,13017.89,2,1,0.5,13017.89,2,1,0.5,0
LGS2ORD0011354,C015555,2025-03-31 22:00:00,Male,40,Bronze,TV,Nakhon Ratchasima,1291,CallCenter,PromptPay,22,3,0,0,30-40,43.03333333333333,2.0,0.0,0.0,-1,26,8889.68,0.18,0.5,0.0,0.0,0.0,0,0,0.0,5492.38,1,0,0.0,17779.36,2,0,0.0,17779.36,2,0,0.0,0
LGS2ORD0011355,C015266,2025-03-31 22:00:00,Male,52,Bronze,Lazada,Bangkok,655,Lazada,PromptPay,22,3,0,0,>50,21.833333333333332,1.0,0.0,0.0,-1,88,3372.72,0.08,0.0,0.0,0.0,0.0,0,0,0.0,0.0,0,0,0.0,3372.72,1,0,0.0,3372.72,1,0,0.0,0
LGS2ORD0011356,C012462,2025-03-31 22:00:00,Female,46,Silver,Shopee,Khon Kaen,1360,Shopee,Credit_Card,22,3,0,0,40-50,45.333333333333336,0.0,0.0,0.0,-1,-1,0.0,0.0,0.0,0.0,0.0,0.0,0,0,0.0,0.0,0,0,0.0,0.0,0,0,0.0,0.0,0,0,0.0,0
LGS2ORD0011357,C015576,2025-03-31 22:00:00,Female,44,Platinum,Shopee,Bangkok,954,Shopee,Bank_Transfer,22,3,0,0,40-50,31.8,0.0,0.0,0.0,-1,-1,0.0,0.0,0.0,0.0,0.0,0.0,0,0,0.0,0.0,0,0,0.0,0.0,0,0,0.0,0.0,0,0,0.0,0
LGS2ORD0011358,C012196,2025-03-31 23:00:00,Male,48,Silver,Web,Khon Kaen,1201,Lazada,COD,23,3,0,0,40-50,40.03333333333333,2.0,0.0,0.0,-1,29,3000.545,0.25,1.0,0.5,0.0,0.0,0,0,0.0,3425.58,1,0,0.0,6001.09,2,0,0.0,6001.09,2,0,0.0,0
LGS2ORD0011359,C017416,2025-03-31 23:00:00,Male,50,Bronze,Shopee,Chiang Mai,1247,Lazada,PromptPay,23,3,0,0,40-50,41.56666666666667,0.0,0.0,0.0,-1,-1,0.0,0.0,0.0,0.0,0.0,0.0,0,0,0.0,0.0,0,0,0.0,0.0,0,0,0.0,0.0,0,0,0.0,0
LGS2ORD0011360,C013384,2025-03-31 23:00:00,Female,34,Platinum,Web,Nakhon Ratchasima,554,Web,Bank_Transfer,23,3,0,0,30-40,18.466666666666665,0.0,0.0,0.0,-1,-1,0.0,0.0,0.0,0.0,0.0,0.0,0,0,0.0,0.0,0,0,0.0,0.0,0,0,0.0,0.0,0,0,0.0,0
LGS2ORD0011361,C015947,2025-03-31 23:00:00,Female,42,Bronze,Shopee,Songkhla,1533,CallCenter,Bank_Transfer,23,3,0,0,40-50,51.1,0.0,0.0,0.0,-1,-1,0.0,0.0,0.0,0.0,0.0,0.0,0,0,0.0,0.0,0,0,0.0,0.0,0,0,0.0,0.0,0,0,0.0,1
LGS2ORD0011362,C013444,2025-03-31 23:00:00,Female,40,Gold,Web,Remote_Area,403,Web,COD,23,3,0,0,30-40,13.433333333333334,1.0,0.0,0.0,-1,0,3453.26,0.08,0.0,0.0,0.0,3453.26,1,0,0.0,3453.26,1,0,0.0,3453.26,1,0,0.0,3453.26,1,0,0.0,1
LGS2ORD0011363,C010006,2025-04-01 00:00:00,Female,40,Silver,Shopee,Chiang Mai,975,Shopee,Credit_Card,0,4,1,0,30-40,32.5,2.0,0.0,0.0,-1,12,3815.16,0.25,0.5,0.5,0.0,0.0,0,0,0.0,7630.32,2,0,0.0,7630.32,2,0,0.0,7630.32,2,0,0.0,0
LGS2ORD0011364,C016166,2025-04-01 00:00:00,Male,32,Bronze,Lazada,Chiang Mai,977,Shopee,Credit_Card,0,4,1,0,30-40,32.56666666666667,4.0,0.0,0.0,-1,12,2170.82,0.23,0.25,0.25,0.0,0.0,0,0,0.0,2878.22,1,0,0.0,8683.28,4,0,0.0,8683.28,4,0,0.0,0
LGS2ORD0011365,C017440,2025-04-01 00:00:00,Male,40,Bronze,Web,Bangkok,344,Shopee,PromptPay,0,4,1,0,30-40,11.466666666666667,3.0,0.0,0.0,-1,39,2548.07,0.18,0.3333333333333333,0.0,0.0,0.0,0,0,0.0,0.0,0,0,0.0,7644.21,3,0,0.0,7644.21,3,0,0.0,1
LGS2ORD0011366,C015032,2025-04-01 00:00:00,Female,63,Bronze,Shopee,Bangkok,1207,Lazada,COD,0,4,1,0,>50,40.233333333333334,0.0,0.0,0.0,-1,-1,0.0,0.0,0.0,0.0,0.0,0.0,0,0,0.0,0.0,0,0,0.0,0.0,0,0,0.0,0.0,0,0,0.0,0
LGS2ORD0011367,C016168,2025-04-01 00:00:00,Female,58,Silver,TV,Songkhla,1257,TV_Show,Credit_Card,0,4,1,0,>50,41.9,2.0,1.0,0.5,74,86,1273.795,0.2,1.0,0.0,0.0,0.0,0,0,0.0,0.0,0,0,0.0,2547.59,2,1,0.5,2547.59,2,1,0.5,0
LGS2ORD0011368,C010988,2025-04-01 00:00:00,Female,24,Platinum,Shopee,Bangkok,959,CallCenter,PromptPay,0,4,1,0,20-30,31.966666666666665,0.0,0.0,0.0,-1,-1,0.0,0.0,0.0,0.0,0.0,0.0,0,0,0.0,0.0,0,0,0.0,0.0,0,0,0.0,0.0,0,0,0.0,0
LGS2ORD0011369,C013417,2025-04-01 01:00:00,Female,45,Bronze,Web,Bangkok,794,Shopee,Credit_Card,1,4,1,0,40-50,26.466666666666665,0.0,0.0,0.0,-1,-1,0.0,0.0,0.0,0.0,0.0,0.0,0,0,0.0,0.0,0,0,0.0,0.0,0,0,0.0,0.0,0,0,0.0,0
LGS2ORD0011370,C010382,2025-04-01 01:00:00,Other,37,Bronze,Shopee,Bangkok,717,Web,COD,1,4,1,0,30-40,23.9,1.0,0.0,0.0,-1,70,3413.41,0.08,0.0,0.0,0.0,0.0,0,0,0.0,0.0,0,0,0.0,3413.41,1,0,0.0,3413.41,1,0,0.0,0
LGS2ORD0011371,C010781,2025-04-01 01:00:00,Male,43,Silver,TV,Khon Kaen,1147,Shopee,COD,1,4,1,0,40-50,38.233333333333334,1.0,1.0,1.0,19,28,2202.9,0.05,1.0,0.0,0.0,0.0,0,0,0.0,2202.9,1,1,1.0,2202.9,1,1,1.0,2202.9,1,1,1.0,0
LGS2ORD0011372,C015408,2025-04-01 01:00:00,Male,68,Silver,Shopee,Chiang Mai,168,CallCenter,COD,1,4,1,0,>50,5.6,1.0,1.0,1.0,30,34,7213.35,0.2,1.0,0.0,0.0,0.0,0,0,0.0,0.0,0,0,0.0,7213.35,1,1,1.0,7213.35,1,1,1.0,0
LGS2ORD0011373,C016471,2025-04-01 01:00:00,Female,28,Gold,Web,Bangkok,639,TV_Show,Credit_Card,1,4,1,0,20-30,21.3,0.0,0.0,0.0,-1,-1,0.0,0.0,0.0,0.0,0.0,0.0,0,0,0.0,0.0,0,0,0.0,0.0,0,0,0.0,0.0,0,0,0.0,0
LGS2ORD0011374,C014766,2025-04-01 02:00:00,Female,55,Bronze,TV,Songkhla,1436,Lazada,Credit_Card,2,4,1,0,>50,47.86666666666667,1.0,0.0,0.0,-1,77,1644.28,0.03,1.0,0.0,0.0,0.0,0,0,0.0,0.0,0,0,0.0,1644.28,1,0,0.0,1644.28,1,0,0.0,0
LGS2ORD0011375,C017240,2025-04-01 02:00:00,Male,37,Bronze,Shopee,Chiang Mai,1419,Shopee,Credit_Card,2,4,1,0,30-40,47.3,0.0,0.0,0.0,-1,-1,0.0,0.0,0.0,0.0,0.0,0.0,0,0,0.0,0.0,0,0,0.0,0.0,0,0,0.0,0.0,0,0,0.0,1
LGS2ORD0011376,C012452,2025-04-01 02:00:00,Female,38,Bronze,TV,Bangkok,1304,CallCenter,COD,2,4,1,0,30-40,43.46666666666667,1.0,0.0,0.0,-1,20,515.34,0.13,0.0,0.0,0.0,0.0,0,0,0.0,515.34,1,0,0.0,515.34,1,0,0.0,515.34,1,0,0.0,0
LGS2ORD0011377,C012856,2025-04-01 02:00:00,Female,37,Bronze,Web,Nakhon Ratchasima,656,Shopee,PromptPay,2,4,1,0,30-40,21.866666666666667,5.0,0.0,0.0,-1,17,3001.098,0.28,0.4,0.4,0.0,0.0,0,0,0.0,9000.48,1,0,0.0,15005.49,5,0,0.0,15005.49,5,0,0.0,0
LGS2ORD0011378,C010047,2025-04-01 02:00:00,Male,51,Bronze,CallCenter,Chonburi,1441,TV_Show,COD,2,4,1,0,>50,48.03333333333333,2.0,0.0,0.0,-1,32,2263.93,0.18,0.0,0.0,0.0,0.0,0,0,0.0,0.0,0,0,0.0,4527.86,2,0,0.0,4527.86,2,0,0.0,0
LGS2ORD0011379,C011647,2025-04-01 03:00:00,Female,40,Bronze,Lazada,Remote_Area,818,CallCenter,Bank_Transfer,3,4,1,0,30-40,27.266666666666666,5.0,2.0,0.4,14,23,4130.008,0.28,0.6,0.2,0.0,0.0,0,0,0.0,2140.18,1,1,1.0,20650.04,5,2,0.4,20650.04,5,2,0.4,0
LGS2ORD0011380,C013457,2025-04-01 03:00:00,Female,52,Silver,Lazada,Phuket,574,Web,COD,3,4,1,0,>50,19.133333333333333,1.0,1.0,1.0,63,69,5962.43,0.25,1.0,1.0,0.0,0.0,0,0,0.0,0.0,0,0,0.0,5962.43,1,1,1.0,5962.43,1,1,1.0,1
LGS2ORD0011381,C014536,2025-04-01 03:00:00,Male,19,Bronze,Lazada,Chiang Mai,969,Shopee,Bank_Transfer,3,4,1,0,<20,32.3,2.0,0.0,0.0,-1,4,7331.9,0.18,0.0,0.0,0.0,11666.42,1,0,0.0,11666.42,1,0,0.0,14663.8,2,0,0.0,14663.8,2,0,0.0,0
LGS2ORD0011382,C016030,2025-04-01 03:00:00,Female,36,Gold,TV,Bangkok,506,CallCenter,PromptPay,3,4,1,0,30-40,16.866666666666667,0.0,0.0,0.0,-1,-1,0.0,0.0,0.0,0.0,0.0,0.0,0,0,0.0,0.0,0,0,0.0,0.0,0,0,0.0,0.0,0,0,0.0,0
LGS2ORD0011383,C010529,2025-04-01 03:00:00,Female,50,Bronze,CallCenter,Bangkok,1448,Web,Credit_Card,3,4,1,0,40-50,48.266666666666666,0.0,0.0,0.0,-1,-1,0.0,0.0,0.0,0.0,0.0,0.0,0,0,0.0,0.0,0,0,0.0,0.0,0,0,0.0,0.0,0,0,0.0,0
LGS2ORD0011384,C016612,2025-04-01 03:00:00,Male,28,Platinum,CallCenter,Remote_Area,399,Shopee,COD,3,4,1,0,20-30,13.3,0.0,0.0,0.0,-1,-1,0.0,0.0,0.0,0.0,0.0,0.0,0,0,0.0,0.0,0,0,0.0,0.0,0,0,0.0,0.0,0,0,0.0,0
LGS2ORD0011385,C013448,2025-04-01 04:00:00,Male,40,Gold,Web,Songkhla,932,Lazada,Credit_Card,4,4,1,0,30-40,31.066666666666666,0.0,0.0,0.0,-1,-1,0.0,0.0,0.0,0.0,0.0,0.0,0,0,0.0,0.0,0,0,0.0,0.0,0,0,0.0,0.0,0,0,0.0,0
LGS2ORD0011386,C014491,2025-04-01 04:00:00,Other,26,Bronze,Web,Songkhla,1542,Lazada,COD,4,4,1,0,20-30,51.4,1.0,0.0,0.0,-1,18,1172.95,0.08,0.0,0.0,0.0,0.0,0,0,0.0,1172.95,1,0,0.0,1172.95,1,0,0.0,1172.95,1,0,0.0,1
LGS2ORD0011387,C011843,2025-04-01 04:00:00,Female,34,Silver,Shopee,Chiang Mai,513,TV_Show,Credit_Card,4,4,1,0,30-40,17.1,1.0,1.0,1.0,80,85,2106.06,0.2,1.0,0.0,0.0,0.0,0,0,0.0,0.0,0,0,0.0,2106.06,1,1,1.0,2106.06,1,1,1.0,0
LGS2ORD0011388,C016593,2025-04-01 04:00:00,Female,50,Silver,Web,Bangkok,583,Lazada,COD,4,4,1,0,40-50,19.433333333333334,1.0,0.0,0.0,-1,34,18309.29,0.25,1.0,1.0,0.0,0.0,0,0,0.0,0.0,0,0,0.0,18309.29,1,0,0.0,18309.29,1,0,0.0,1
LGS2ORD0011389,C017402,2025-04-01 04:00:00,Male,18,Gold,Web,Bangkok,617,CallCenter,COD,4,4,1,0,<20,20.566666666666666,0.0,0.0,0.0,-1,-1,0.0,0.0,0.0,0.0,0.0,0.0,0,0,0.0,0.0,0,0,0.0,0.0,0,0,0.0,0.0,0,0,0.0,1
LGS2ORD0011390,C011337,2025-04-01 05:00:00,Male,22,Bronze,TV,Remote_Area,574,Web,PromptPay,5,4,1,0,20-30,19.133333333333333,3.0,1.0,0.3333333333333333,62,27,4614.583333333333,0.23,0.3333333333333333,0.3333333333333333,0.0,0.0,0,0,0.0,4239.16,1,0,0.0,13843.75,3,1,0.3333333333333333,13843.75,3,1,0.3333333333333333,0
LGS2ORD0011391,C011282,2025-04-01 05:00:00,Male,52,Bronze,Web,Chiang Mai,975,Lazada,PromptPay,5,4,1,0,>50,32.5,3.0,1.0,0.3333333333333333,0,6,3125.5533333333333,0.28,0.6666666666666666,0.3333333333333333,0.0,445.19,1,1,1.0,9376.66,3,1,0.3333333333333333,9376.66,3,1,0.3333333333333333,9376.66,3,1,0.3333333333333333,0
LGS2ORD0011392,C012936,2025-04-01 05:00:00,Female,45,Silver,Lazada,Khon Kaen,132,Lazada,PromptPay,5,4,1,0,40-50,4.4,2.0,0.0,0.0,-1,12,5254.235,0.2,0.5,0.0,0.0,0.0,0,0,0.0,10508.47,2,0,0.0,10508.47,2,0,0.0,10508.47,2,0,0.0,1
LGS2ORD0011393,C014065,2025-04-01 05:00:00,Female,37,Silver,Shopee,Bangkok,990,Shopee,COD,5,4,1,0,30-40,33.0,0.0,0.0,0.0,-1,-1,0.0,0.0,0.0,0.0,0.0,0.0,0,0,0.0,0.0,0,0,0.0,0.0,0,0,0.0,0.0,0,0,0.0,0
LGS2ORD0011394,C010759,2025-04-01 05:00:00,Female,51,Silver,TV,Nakhon Ratchasima,468,Web,COD,5,4,1,0,>50,15.6,2.0,0.0,0.0,-1,23,14001.91,0.2,0.0,0.0,0.0,0.0,0,0,0.0,8119.48,1,0,0.0,28003.82,2,0,0.0,28003.82,2,0,0.0,0
LGS2ORD0011395,C013125,2025-04-01 06:00:00,Male,37,Platinum,Shopee,Chonburi,725,Web,PromptPay,6,4,1,0,30-40,24.166666666666668,0.0,0.0,0.0,-1,-1,0.0,0.0,0.0,0.0,0.0,0.0,0,0,0.0,0.0,0,0,0.0,0.0,0,0,0.0,0.0,0,0,0.0,0
LGS2ORD0011396,C012030,2025-04-01 06:00:00,Male,52,Bronze,TV,Bangkok,172,Shopee,PromptPay,6,4,1,0,>50,5.733333333333333,1.0,0.0,0.0,-1,42,2243.05,0.03,0.0,0.0,0.0,0.0,0,0,0.0,0.0,0,0,0.0,2243.05,1,0,0.0,2243.05,1,0,0.0,0
LGS2ORD0011397,C015700,2025-04-01 06:00:00,Female,43,Gold,Web,Khon Kaen,1484,Lazada,PromptPay,6,4,1,0,40-50,49.46666666666667,2.0,0.0,0.0,-1,41,3228.6000000000004,0.2299999999999999,0.0,0.5,0.0,0.0,0,0,0.0,0.0,0,0,0.0,6457.200000000001,2,0,0.0,6457.200000000001,2,0,0.0,0
LGS2ORD0011398,C010971,2025-04-01 06:00:00,Male,50,Bronze,Shopee,Bangkok,932,Web,COD,6,4,1,0,40-50,31.066666666666666,2.0,1.0,0.5,68,76,8007.955,0.23,0.5,0.5,0.0,0.0,0,0,0.0,0.0,0,0,0.0,16015.91,2,1,0.5,16015.91,2,1,0.5,0
LGS2ORD0011399,C011871,2025-04-01 06:00:00,Male,35,Bronze,Web,Remote_Area,624,TV_Show,PromptPay,6,4,1,0,30-40,20.8,0.0,0.0,0.0,-1,-1,0.0,0.0,0.0,0.0,0.0,0.0,0,0,0.0,0.0,0,0,0.0,0.0,0,0,0.0,0.0,0,0,0.0,0
LGS2ORD0011400,C010263,2025-04-01 07:00:00,Female,33,Gold,Lazada,Songkhla,1279,Shopee,COD,7,4,1,0,30-40,42.63333333333333,1.0,1.0,1.0,13,24,2635.67,0.2299999999999999,1.0,1.0,0.0,0.0,0,0,0.0,2635.67,1,1,1.0,2635.67,1,1,1.0,2635.67,1,1,1.0,1
LGS2ORD0011401,C016153,2025-04-01 07:00:00,Female,50,Bronze,Shopee,Bangkok,322,TV_Show,COD,7,4,1,0,40-50,10.733333333333333,1.0,0.0,0.0,-1,70,3410.86,0.03,0.0,0.0,0.0,0.0,0,0,0.0,0.0,0,0,0.0,3410.86,1,0,0.0,3410.86,1,0,0.0,0
LGS2ORD0011402,C014010,2025-04-01 07:00:00,Male,53,Bronze,CallCenter,Khon Kaen,1457,TV_Show,Credit_Card,7,4,1,0,>50,48.56666666666667,0.0,0.0,0.0,-1,-1,0.0,0.0,0.0,0.0,0.0,0.0,0,0,0.0,0.0,0,0,0.0,0.0,0,0,0.0,0.0,0,0,0.0,1
LGS2ORD0011403,C012632,2025-04-01 07:00:00,Female,40,Bronze,CallCenter,Bangkok,969,Web,Bank_Transfer,7,4,1,0,30-40,32.3,0.0,0.0,0.0,-1,-1,0.0,0.0,0.0,0.0,0.0,0.0,0,0,0.0,0.0,0,0,0.0,0.0,0,0,0.0,0.0,0,0,0.0,0
LGS2ORD0011404,C013187,2025-04-01 07:00:00,Male,55,Silver,TV,Khon Kaen,355,Web,Credit_Card,7,4,1,0,>50,11.833333333333334,1.0,0.0,0.0,-1,64,2052.07,0.05,1.0,0.0,0.0,0.0,0,0,0.0,0.0,0,0,0.0,2052.07,1,0,0.0,2052.07,1,0,0.0,0
LGS2ORD0011405,C012238,2025-04-01 07:00:00,Female,36,Silver,Shopee,Nakhon Ratchasima,699,TV_Show,COD,7,4,1,0,30-40,23.3,2.0,0.0,0.0,-1,65,7634.835,0.25,1.0,0.5,0.0,0.0,0,0,0.0,0.0,0,0,0.0,2175.9,1,0,0.0,15269.67,2,0,0.0,0
LGS2ORD0011406,C011087,2025-04-01 08:00:00,Female,50,Bronze,TV,Bangkok,913,Shopee,Credit_Card,8,4,1,0,40-50,30.433333333333334,2.0,0.0,0.0,-1,43,899.1700000000001,0.23,0.0,0.5,0.0,0.0,0,0,0.0,0.0,0,0,0.0,1798.3400000000001,2,0,0.0,1798.3400000000001,2,0,0.0,0
LGS2ORD0011407,C010178,2025-04-01 08:00:00,Male,46,Bronze,Lazada,Songkhla,458,Shopee,COD,8,4,1,0,40-50,15.266666666666667,1.0,0.0,0.0,-1,23,2280.71,0.08,1.0,0.0,0.0,0.0,0,0,0.0,2280.71,1,0,0.0,2280.71,1,0,0.0,2280.71,1,0,0.0,0
LGS2ORD0011408,C011994,2025-04-01 08:00:00,Male,47,Silver,TV,Chonburi,898,Lazada,COD,8,4,1,0,40-50,29.933333333333334,4.0,0.0,0.0,-1,34,1785.1475,0.3,1.0,0.5,0.0,0.0,0,0,0.0,0.0,0,0,0.0,7140.59,4,0,0.0,7140.59,4,0,0.0,1
LGS2ORD0011409,C016922,2025-04-01 08:00:00,Male,47,Gold,Shopee,Bangkok,275,Web,Credit_Card,8,4,1,0,40-50,9.166666666666666,0.0,0.0,0.0,-1,-1,0.0,0.0,0.0,0.0,0.0,0.0,0,0,0.0,0.0,0,0,0.0,0.0,0,0,0.0,0.0,0,0,0.0,0
LGS2ORD0011410,C010744,2025-04-01 08:00:00,Female,56,Silver,Web,Khon Kaen,304,Web,PromptPay,8,4,1,0,>50,10.133333333333333,0.0,0.0,0.0,-1,-1,0.0,0.0,0.0,0.0,0.0,0.0,0,0,0.0,0.0,0,0,0.0,0.0,0,0,0.0,0.0,0,0,0.0,0
LGS2ORD0011411,C016040,2025-04-01 09:00:00,Female,67,Silver,Web,Bangkok,274,Web,Credit_Card,9,4,1,0,>50,9.133333333333333,1.0,0.0,0.0,-1,10,3646.15,0.1,0.0,0.0,0.0,0.0,0,0,0.0,3646.15,1,0,0.0,3646.15,1,0,0.0,3646.15,1,0,0.0,1
LGS2ORD0011412,C017736,2025-04-01 09:00:00,Male,45,Gold,Lazada,Chonburi,675,TV_Show,COD,9,4,1,0,40-50,22.5,2.0,0.0,0.0,-1,26,1091.45,0.28,0.5,0.5,0.0,0.0,0,0,0.0,1429.92,1,0,0.0,2182.9,2,0,0.0,2182.9,2,0,0.0,1
LGS2ORD0011413,C017048,2025-04-01 09:00:00,Male,46,Bronze,Lazada,Khon Kaen,1112,TV_Show,COD,9,4,1,0,40-50,37.06666666666667,3.0,0.0,0.0,-1,22,4448.666666666667,0.28,0.6666666666666666,0.3333333333333333,0.0,0.0,0,0,0.0,2161.28,1,0,0.0,13346.000000000002,3,0,0.0,13346.000000000002,3,0,0.0,0
LGS2ORD0011414,C014734,2025-04-01 09:00:00,Female,72,Silver,Web,Bangkok,592,TV_Show,Credit_Card,9,4,1,0,>50,19.733333333333334,5.0,1.0,0.2,63,58,4153.354,0.25,0.0,0.4,0.0,0.0,0,0,0.0,0.0,0,0,0.0,20766.77,5,1,0.2,20766.77,5,1,0.2,0
LGS2ORD0011415,C017532,2025-04-01 09:00:00,Other,72,Silver,Shopee,Remote_Area,1431,CallCenter,Credit_Card,9,4,1,0,>50,47.7,1.0,1.0,1.0,34,42,6147.96,0.05,0.0,0.0,0.0,0.0,0,0,0.0,0.0,0,0,0.0,6147.96,1,1,1.0,6147.96,1,1,1.0,0
LGS2ORD0011416,C013091,2025-04-01 10:00:00,Female,54,Silver,Web,Bangkok,443,Web,Credit_Card,10,4,1,0,>50,14.766666666666667,2.0,1.0,0.5,37,20,24752.37,0.2,1.0,0.0,0.0,0.0,0,0,0.0,20223.8,1,0,0.0,49504.74,2,1,0.5,49504.74,2,1,0.5,0
LGS2ORD0011417,C010271,2025-04-01 10:00:00,Male,27,Gold,CallCenter,Chonburi,949,Lazada,COD,10,4,1,0,20-30,31.633333333333333,0.0,0.0,0.0,-1,-1,0.0,0.0,0.0,0.0,0.0,0.0,0,0,0.0,0.0,0,0,0.0,0.0,0,0,0.0,0.0,0,0,0.0,0
LGS2ORD0011418,C013259,2025-04-01 10:00:00,Female,58,Silver,TV,Chonburi,414,Web,Credit_Card,10,4,1,0,>50,13.8,2.0,1.0,0.5,37,46,4093.315,0.3,0.5,0.5,0.0,0.0,0,0,0.0,0.0,0,0,0.0,8186.63,2,1,0.5,8186.63,2,1,0.5,0
LGS2ORD0011419,C016402,2025-04-01 10:00:00,Male,44,Silver,Shopee,Nakhon Ratchasima,1185,Lazada,PromptPay,10,4,1,0,40-50,39.5,1.0,0.0,0.0,-1,34,3134.26,0.25,1.0,1.0,0.0,0.0,0,0,0.0,0.0,0,0,0.0,3134.26,1,0,0.0,3134.26,1,0,0.0,0
LGS2ORD0011420,C017678,2025-04-01 10:00:00,Male,18,Bronze,Shopee,Remote_Area,1187,CallCenter,Credit_Card,10,4,1,0,<20,39.56666666666667,6.0,2.0,0.3333333333333333,-3,1,2356.465,0.23,0.3333333333333333,0.16666666666666666,0.0,3124.3900000000003,2,2,1.0,3124.3900000000003,2,2,1.0,14138.79,6,2,0.3333333333333333,14138.79,6,2,0.3333333333333333,1
LGS2ORD0011421,C017517,2025-04-01 11:00:00,Female,56,Silver,CallCenter,Khon Kaen,625,TV_Show,Credit_Card,11,4,1,0,>50,20.833333333333332,2.0,1.0,0.5,23,35,4828.76,0.2,1.0,0.0,0.0,0.0,0,0,0.0,0.0,0,0,0.0,9657.52,2,1,0.5,9657.52,2,1,0.5,0
LGS2ORD0011422,C017352,2025-04-01 11:00:00,Female,50,Bronze,Shopee,Songkhla,783,Shopee,COD,11,4,1,0,40-50,26.1,1.0,1.0,1.0,71,84,7205.26,0.03,1.0,0.0,0.0,0.0,0,0,0.0,0.0,0,0,0.0,7205.26,1,1,1.0,7205.26,1,1,1.0,0
LGS2ORD0011423,C010845,2025-04-01 11:00:00,Male,44,Silver,Web,Bangkok,890,Lazada,Credit_Card,11,4,1,0,40-50,29.666666666666668,0.0,0.0,0.0,-1,-1,0.0,0.0,0.0,0.0,0.0,0.0,0,0,0.0,0.0,0,0,0.0,0.0,0,0,0.0,0.0,0,0,0.0,0
LGS2ORD0011424,C017699,2025-04-01 11:00:00,Female,46,Platinum,Shopee,Bangkok,921,Shopee,COD,11,4,1,0,40-50,30.7,0.0,0.0,0.0,-1,-1,0.0,0.0,0.0,0.0,0.0,0.0,0,0,0.0,0.0,0,0,0.0,0.0,0,0,0.0,0.0,0,0,0.0,0
LGS2ORD0011425,C015948,2025-04-01 11:00:00,Female,43,Silver,Lazada,Chiang Mai,259,Lazada,COD,11,4,1,0,40-50,8.633333333333333,2.0,1.0,0.5,8,15,6612.3949999999995,0.2,1.0,0.0,0.0,0.0,0,0,0.0,11551.97,1,1,1.0,13224.789999999999,2,1,0.5,13224.789999999999,2,1,0.5,0
LGS2ORD0011426,C016033,2025-04-01 11:00:00,Female,45,Gold,Shopee,Bangkok,1506,Lazada,Credit_Card,11,4,1,0,40-50,50.2,1.0,0.0,0.0,-1,57,4482.53,0.08,1.0,0.0,0.0,0.0,0,0,0.0,0.0,0,0,0.0,4482.53,1,0,0.0,4482.53,1,0,0.0,0
LGS2ORD0011427,C010637,2025-04-01 12:00:00,Female,32,Bronze,Shopee,Chonburi,1494,CallCenter,COD,12,4,1,0,30-40,49.8,0.0,0.0,0.0,-1,-1,0.0,0.0,0.0,0.0,0.0,0.0,0,0,0.0,0.0,0,0,0.0,0.0,0,0,0.0,0.0,0,0,0.0,1
LGS2ORD0011428,C011365,2025-04-01 12:00:00,Female,35,Silver,TV,Chiang Mai,719,Shopee,COD,12,4,1,0,30-40,23.966666666666665,1.0,0.0,0.0,-1,86,349.29,0.25,0.0,1.0,0.0,0.0,0,0,0.0,0.0,0,0,0.0,349.29,1,0,0.0,349.29,1,0,0.0,1
LGS2ORD0011429,C012211,2025-04-01 12:00:00,Female,37,Platinum,CallCenter,Phuket,1143,Shopee,COD,12,4,1,0,30-40,38.1,1.0,0.0,0.0,-1,80,749.5,0.1,0.0,0.0,0.0,0.0,0,0,0.0,0.0,0,0,0.0,749.5,1,0,0.0,749.5,1,0,0.0,0
LGS2ORD0011430,C014017,2025-04-01 12:00:00,Male,31,Platinum,CallCenter,Bangkok,525,Lazada,COD,12,4,1,0,30-40,17.5,1.0,1.0,1.0,0,12,678.84,0.1,1.0,0.0,0.0,0.0,0,0,0.0,678.84,1,1,1.0,678.84,1,1,1.0,678.84,1,1,1.0,0
LGS2ORD0011431,C016743,2025-04-01 12:00:00,Male,34,Silver,Web,Chiang Mai,358,TV_Show,PromptPay,12,4,1,0,30-40,11.933333333333334,3.0,3.0,1.0,26,35,1075.2733333333333,0.3,1.0,0.3333333333333333,0.0,0.0,0,0,0.0,0.0,0,0,0.0,3225.8199999999997,3,3,1.0,3225.8199999999997,3,3,1.0,0
LGS2ORD0011432,C016970,2025-04-01 13:00:00,Female,70,Bronze,Lazada,Chiang Mai,548,TV_Show,Credit_Card,13,4,1,0,>50,18.266666666666666,2.0,0.0,0.0,-1,5,9677.57,0.28,0.5,0.5,0.0,18709.43,1,0,0.0,19355.14,2,0,0.0,19355.14,2,0,0.0,19355.14,2,0,0.0,0
LGS2ORD0011433,C017089,2025-04-01 13:00:00,Male,53,Bronze,Shopee,Songkhla,1441,Shopee,COD,13,4,1,0,>50,48.03333333333333,0.0,0.0,0.0,-1,-1,0.0,0.0,0.0,0.0,0.0,0.0,0,0,0.0,0.0,0,0,0.0,0.0,0,0,0.0,0.0,0,0,0.0,0
LGS2ORD0011434,C017836,2025-04-01 13:00:00,Male,43,Gold,Lazada,Chiang Mai,708,TV_Show,Credit_Card,13,4,1,0,40-50,23.6,1.0,0.0,0.0,-1,84,2074.22,0.08,1.0,0.0,0.0,0.0,0,0,0.0,0.0,0,0,0.0,2074.22,1,0,0.0,2074.22,1,0,0.0,1
LGS2ORD0011435,C016544,2025-04-01 13:00:00,Male,30,Bronze,Shopee,Bangkok,1517,TV_Show,COD,13,4,1,0,20-30,50.56666666666667,2.0,0.0,0.0,-1,5,12695.64,0.18,0.5,0.0,0.0,11545.7,1,0,0.0,25391.28,2,0,0.0,25391.28,2,0,0.0,25391.28,2,0,0.0,0
LGS2ORD0011436,C015555,2025-04-01 13:00:00,Male,40,Bronze,TV,Nakhon Ratchasima,1292,CallCenter,COD,13,4,1,0,30-40,43.06666666666667,3.0,0.0,0.0,-1,0,6570.360000000001,0.18,0.3333333333333333,0.0,0.0,1931.72,1,0,0.0,7424.1,2,0,0.0,19711.08,3,0,0.0,19711.08,3,0,0.0,0
LGS2ORD0011437,C015441,2025-04-01 14:00:00,Male,42,Bronze,Shopee,Phuket,1360,Lazada,COD,14,4,1,0,40-50,45.333333333333336,1.0,0.0,0.0,-1,15,1221.71,0.08,0.0,0.0,0.0,0.0,0,0,0.0,1221.71,1,0,0.0,1221.71,1,0,0.0,1221.71,1,0,0.0,0
LGS2ORD0011438,C011790,2025-04-01 14:00:00,Male,52,Silver,Shopee,Khon Kaen,1181,Lazada,Credit_Card,14,4,1,0,>50,39.36666666666667,0.0,0.0,0.0,-1,-1,0.0,0.0,0.0,0.0,0.0,0.0,0,0,0.0,0.0,0,0,0.0,0.0,0,0,0.0,0.0,0,0,0.0,0
LGS2ORD0011439,C016569,2025-04-01 14:00:00,Male,44,Gold,Web,Bangkok,594,Web,COD,14,4,1,0,40-50,19.8,1.0,0.0,0.0,-1,68,988.87,0.2299999999999999,0.0,1.0,0.0,0.0,0,0,0.0,0.0,0,0,0.0,988.87,1,0,0.0,988.87,1,0,0.0,0
LGS2ORD0011440,C010950,2025-04-01 14:00:00,Female,45,Gold,Lazada,Chonburi,710,Shopee,Credit_Card,14,4,1,0,40-50,23.666666666666668,0.0,0.0,0.0,-1,-1,0.0,0.0,0.0,0.0,0.0,0.0,0,0,0.0,0.0,0,0,0.0,0.0,0,0,0.0,0.0,0,0,0.0,0
LGS2ORD0011441,C013881,2025-04-01 14:00:00,Male,28,Bronze,Web,Bangkok,1092,Web,COD,14,4,1,0,20-30,36.4,1.0,0.0,0.0,-1,73,3923.02,0.08,1.0,0.0,0.0,0.0,0,0,0.0,0.0,0,0,0.0,3923.02,1,0,0.0,3923.02,1,0,0.0,1
LGS2ORD0011442,C013144,2025-04-01 15:00:00,Female,57,Silver,Lazada,Phuket,270,Shopee,COD,15,4,1,0,>50,9.0,4.0,0.0,0.0,-1,20,1905.7674999999997,0.2,0.75,0.0,0.0,0.0,0,0,0.0,5095.04,2,0,0.0,7623.069999999999,4,0,0.0,7623.069999999999,4,0,0.0,1
LGS2ORD0011443,C016112,2025-04-01 15:00:00,Male,37,Silver,TV,Bangkok,1014,Lazada,Credit_Card,15,4,1,0,30-40,33.8,0.0,0.0,0.0,-1,-1,0.0,0.0,0.0,0.0,0.0,0.0,0,0,0.0,0.0,0,0,0.0,0.0,0,0,0.0,0.0,0,0,0.0,0
LGS2ORD0011444,C014750,2025-04-01 15:00:00,Male,39,Bronze,Lazada,Bangkok,1414,Lazada,COD,15,4,1,0,30-40,47.13333333333333,1.0,0.0,0.0,-1,5,9576.14,0.23,0.0,1.0,0.0,9576.14,1,0,0.0,9576.14,1,0,0.0,9576.14,1,0,0.0,9576.14,1,0,0.0,0
LGS2ORD0011445,C015008,2025-04-01 15:00:00,Male,51,Bronze,Lazada,Songkhla,891,Lazada,Credit_Card,15,4,1,0,>50,29.7,5.0,2.0,0.4,43,9,5889.302000000001,0.23,0.8,0.4,0.0,0.0,0,0,0.0,20738.64,2,0,0.0,29446.510000000002,5,2,0.4,29446.510000000002,5,2,0.4,0
LGS2ORD0011446,C017339,2025-04-01 15:00:00,Male,42,Gold,TV,Phuket,1275,Web,Credit_Card,15,4,1,0,40-50,42.5,4.0,1.0,0.25,20,28,6784.37,0.2299999999999999,0.5,0.25,0.0,0.0,0,0,0.0,2263.57,2,1,0.5,27137.48,4,1,0.25,27137.48,4,1,0.25,0
LGS2ORD0011447,C011059,2025-04-01 15:00:00,Male,64,Gold,TV,Chonburi,1084,TV_Show,PromptPay,15,4,1,0,>50,36.13333333333333,5.0,2.0,0.4,39,28,3423.4080000000004,0.33,0.6,0.8,0.0,0.0,0,0,0.0,7192.25,1,0,0.0,17117.04,5,2,0.4,17117.04,5,2,0.4,0
LGS2ORD0011448,C011607,2025-04-01 16:00:00,Male,39,Bronze,Shopee,Chonburi,724,Web,COD,16,4,1,0,30-40,24.133333333333333,3.0,1.0,0.3333333333333333,31,8,3343.0066666666667,0.28,0.0,0.3333333333333333,0.0,0.0,0,0,0.0,8224.16,2,0,0.0,10029.02,3,1,0.3333333333333333,10029.02,3,1,0.3333333333333333,0
LGS2ORD0011449,C014655,2025-04-01 16:00:00,Female,54,Bronze,TV,Phuket,608,Web,COD,16,4,1,0,>50,20.266666666666666,2.0,1.0,0.5,33,44,20760.394999999997,0.18,0.5,0.0,0.0,0.0,0,0,0.0,0.0,0,0,0.0,41520.78999999999,2,1,0.5,41520.78999999999,2,1,0.5,0
LGS2ORD0011450,C016806,2025-04-01 16:00:00,Female,21,Gold,Web,Khon Kaen,1451,Shopee,PromptPay,16,4,1,0,20-30,48.36666666666667,0.0,0.0,0.0,-1,-1,0.0,0.0,0.0,0.0,0.0,0.0,0,0,0.0,0.0,0,0,0.0,0.0,0,0,0.0,0.0,0,0,0.0,0
LGS2ORD0011451,C010789,2025-04-01 16:00:00,Male,63,Gold,TV,Bangkok,546,CallCenter,COD,16,4,1,0,>50,18.2,1.0,1.0,1.0,59,66,2739.83,0.08,1.0,0.0,0.0,0.0,0,0,0.0,0.0,0,0,0.0,2739.83,1,1,1.0,2739.83,1,1,1.0,0
LGS2ORD0011452,C010595,2025-04-01 16:00:00,Female,62,Bronze,Web,Phuket,732,Shopee,Bank_Transfer,16,4,1,0,>50,24.4,1.0,1.0,1.0,21,36,19633.46,0.18,1.0,0.0,0.0,0.0,0,0,0.0,0.0,0,0,0.0,19633.46,1,1,1.0,19633.46,1,1,1.0,1
LGS2ORD0011453,C016981,2025-04-01 17:00:00,Male,40,Gold,Lazada,Phuket,538,Web,PromptPay,17,4,1,0,30-40,17.933333333333334,0.0,0.0,0.0,-1,-1,0.0,0.0,0.0,0.0,0.0,0.0,0,0,0.0,0.0,0,0,0.0,0.0,0,0,0.0,0.0,0,0,0.0,0
LGS2ORD0011454,C013370,2025-04-01 17:00:00,Female,54,Silver,Shopee,Bangkok,992,TV_Show,COD,17,4,1,0,>50,33.06666666666667,2.0,1.0,0.5,50,56,907.75,0.25,0.5,0.5,0.0,0.0,0,0,0.0,0.0,0,0,0.0,1815.5,2,1,0.5,1815.5,2,1,0.5,0
LGS2ORD0011455,C011681,2025-04-01 17:00:00,Male,42,Bronze,Shopee,Bangkok,116,Shopee,COD,17,4,1,0,40-50,3.8666666666666667,1.0,0.0,0.0,-1,66,6717.86,0.18,1.0,0.0,0.0,0.0,0,0,0.0,0.0,0,0,0.0,6717.86,1,0,0.0,6717.86,1,0,0.0,0
LGS2ORD0011456,C012770,2025-04-01 17:00:00,Male,45,Bronze,CallCenter,Bangkok,130,Lazada,Bank_Transfer,17,4,1,0,40-50,4.333333333333333,1.0,1.0,1.0,-3,1,1562.22,0.23,0.0,1.0,0.0,1562.22,1,1,1.0,1562.22,1,1,1.0,1562.22,1,1,1.0,1562.22,1,1,1.0,0
LGS2ORD0011457,C015814,2025-04-01 17:00:00,Male,30,Bronze,Lazada,Phuket,1136,Web,COD,17,4,1,0,20-30,37.86666666666667,2.0,0.0,0.0,-1,15,6249.885,0.28,0.5,0.5,0.0,0.0,0,0,0.0,11815.36,1,0,0.0,12499.77,2,0,0.0,12499.77,2,0,0.0,0
LGS2ORD0011458,C017331,2025-04-01 18:00:00,Female,50,Gold,TV,Chiang Mai,462,TV_Show,COD,18,4,1,0,40-50,15.4,1.0,0.0,0.0,-1,72,8634.59,0.08,1.0,0.0,0.0,0.0,0,0,0.0,0.0,0,0,0.0,8634.59,1,0,0.0,8634.59,1,0,0.0,0
LGS2ORD0011459,C013360,2025-04-01 18:00:00,Other,38,Bronze,Web,Chiang Mai,1401,Shopee,COD,18,4,1,0,30-40,46.7,1.0,1.0,1.0,-3,8,562.71,0.18,1.0,0.0,0.0,0.0,0,0,0.0,562.71,1,1,1.0,562.71,1,1,1.0,562.71,1,1,1.0,0
LGS2ORD0011460,C011596,2025-04-01 18:00:00,Female,44,Bronze,Web,Chonburi,1138,Web,COD,18,4,1,0,40-50,37.93333333333333,1.0,0.0,0.0,-1,72,1526.46,0.03,0.0,0.0,0.0,0.0,0,0,0.0,0.0,0,0,0.0,1526.46,1,0,0.0,1526.46,1,0,0.0,0
LGS2ORD0011461,C015548,2025-04-01 18:00:00,Male,50,Silver,Web,Chiang Mai,462,CallCenter,Credit_Card,18,4,1,0,40-50,15.4,1.0,1.0,1.0,2,13,1912.68,0.2,1.0,0.0,0.0,0.0,0,0,0.0,1912.68,1,1,1.0,1912.68,1,1,1.0,1912.68,1,1,1.0,0
LGS2ORD0011462,C015258,2025-04-01 18:00:00,Male,40,Silver,Web,Khon Kaen,1466,CallCenter,PromptPay,18,4,1,0,30-40,48.86666666666667,3.0,0.0,0.0,-1,51,4758.186666666667,0.2,1.0,0.0,0.0,0.0,0,0,0.0,0.0,0,0,0.0,14274.560000000001,3,0,0.0,14274.560000000001,3,0,0.0,0
LGS2ORD0011463,C013019,2025-04-01 19:00:00,Female,34,Bronze,TV,Chiang Mai,251,Web,Credit_Card,19,4,1,0,30-40,8.366666666666667,3.0,1.0,0.3333333333333333,67,37,4672.343333333333,0.23,0.6666666666666666,0.3333333333333333,0.0,0.0,0,0,0.0,0.0,0,0,0.0,14017.029999999999,3,1,0.3333333333333333,14017.029999999999,3,1,0.3333333333333333,0
LGS2ORD0011464,C010128,2025-04-01 19:00:00,Male,37,Bronze,Shopee,Phuket,229,TV_Show,COD,19,4,1,0,30-40,7.633333333333334,1.0,1.0,1.0,41,52,3864.99,0.28,1.0,1.0,0.0,0.0,0,0,0.0,0.0,0,0,0.0,3864.99,1,1,1.0,3864.99,1,1,1.0,1
LGS2ORD0011465,C011212,2025-04-01 19:00:00,Female,54,Bronze,Web,Bangkok,1450,Shopee,COD,19,4,1,0,>50,48.333333333333336,2.0,0.0,0.0,-1,65,1121.29,0.08,0.5,0.0,0.0,0.0,0,0,0.0,0.0,0,0,0.0,2242.58,2,0,0.0,2242.58,2,0,0.0,0
LGS2ORD0011466,C011905,2025-04-01 19:00:00,Female,63,Silver,TV,Remote_Area,1446,TV_Show,PromptPay,19,4,1,0,>50,48.2,1.0,0.0,0.0,-1,32,5768.37,0.1,0.0,0.0,0.0,0.0,0,0,0.0,0.0,0,0,0.0,5768.37,1,0,0.0,5768.37,1,0,0.0,0
LGS2ORD0011467,C010186,2025-04-01 19:00:00,Male,21,Bronze,CallCenter,Bangkok,382,Shopee,Credit_Card,19,4,1,0,20-30,12.733333333333333,0.0,0.0,0.0,-1,-1,0.0,0.0,0.0,0.0,0.0,0.0,0,0,0.0,0.0,0,0,0.0,0.0,0,0,0.0,0.0,0,0,0.0,0
LGS2ORD0011468,C014047,2025-04-01 19:00:00,Male,43,Gold,Web,Nakhon Ratchasima,1215,Shopee,Credit_Card,19,4,1,0,40-50,40.5,4.0,0.0,0.0,-1,19,5596.8324999999995,0.2299999999999999,0.75,0.25,0.0,0.0,0,0,0.0,21069.14,2,0,0.0,22387.329999999998,4,0,0.0,22387.329999999998,4,0,0.0,0
LGS2ORD0011469,C016556,2025-04-01 20:00:00,Female,47,Silver,TV,Remote_Area,569,TV_Show,COD,20,4,1,0,40-50,18.966666666666665,2.0,0.0,0.0,-1,4,3646.85,0.2,1.0,0.0,0.0,6020.98,1,0,0.0,6020.98,1,0,0.0,7293.7,2,0,0.0,7293.7,2,0,0.0,0
LGS2ORD0011470,C015399,2025-04-01 20:00:00,Female,49,Platinum,TV,Bangkok,1182,Lazada,COD,20,4,1,0,40-50,39.4,1.0,1.0,1.0,64,78,664.52,0.25,1.0,1.0,0.0,0.0,0,0,0.0,0.0,0,0,0.0,664.52,1,1,1.0,664.52,1,1,1.0,0
LGS2ORD0011471,C016253,2025-04-01 20:00:00,Other,28,Bronze,Web,Phuket,948,Web,COD,20,4,1,0,20-30,31.6,1.0,1.0,1.0,79,88,3580.81,0.03,0.0,0.0,0.0,0.0,0,0,0.0,0.0,0,0,0.0,3580.81,1,1,1.0,3580.81,1,1,1.0,1
LGS2ORD0011472,C012310,2025-04-01 20:00:00,Male,31,Bronze,Lazada,Nakhon Ratchasima,1080,TV_Show,Bank_Transfer,20,4,1,0,30-40,36.0,1.0,0.0,0.0,-1,13,1130.21,0.18,1.0,0.0,0.0,0.0,0,0,0.0,1130.21,1,0,0.0,1130.21,1,0,0.0,1130.21,1,0,0.0,0
LGS2ORD0011473,C011239,2025-04-01 20:00:00,Male,64,Bronze,TV,Phuket,664,Web,COD,20,4,1,0,>50,22.133333333333333,2.0,0.0,0.0,-1,38,2237.585,0.18,0.5,0.0,0.0,0.0,0,0,0.0,0.0,0,0,0.0,4475.17,2,0,0.0,4475.17,2,0,0.0,1
LGS2ORD0011474,C013837,2025-04-01 21:00:00,Male,40,Silver,TV,Bangkok,728,CallCenter,PromptPay,21,4,1,0,30-40,24.266666666666666,0.0,0.0,0.0,-1,-1,0.0,0.0,0.0,0.0,0.0,0.0,0,0,0.0,0.0,0,0,0.0,0.0,0,0,0.0,0.0,0,0,0.0,0
LGS2ORD0011475,C014899,2025-04-01 21:00:00,Male,63,Silver,Web,Phuket,902,TV_Show,COD,21,4,1,0,>50,30.066666666666666,1.0,0.0,0.0,-1,35,8903.3,0.25,0.0,1.0,0.0,0.0,0,0,0.0,0.0,0,0,0.0,8903.3,1,0,0.0,8903.3,1,0,0.0,1
LGS2ORD0011476,C015599,2025-04-01 21:00:00,Male,36,Bronze,Shopee,Bangkok,1476,TV_Show,Credit_Card,21,4,1,0,30-40,49.2,2.0,0.0,0.0,-1,26,4251.945,0.13,1.0,0.0,0.0,0.0,0,0,0.0,5382.73,1,0,0.0,8503.89,2,0,0.0,8503.89,2,0,0.0,0
LGS2ORD0011477,C017975,2025-04-01 21:00:00,Male,18,Gold,Shopee,Bangkok,1371,TV_Show,Credit_Card,21,4,1,0,<20,45.7,0.0,0.0,0.0,-1,-1,0.0,0.0,0.0,0.0,0.0,0.0,0,0,0.0,0.0,0,0,0.0,0.0,0,0,0.0,0.0,0,0,0.0,1
LGS2ORD0011478,C016683,2025-04-01 21:00:00,Female,31,Silver,Lazada,Chonburi,262,Shopee,Credit_Card,21,4,1,0,30-40,8.733333333333333,1.0,1.0,1.0,0,12,1592.44,0.25,1.0,1.0,0.0,0.0,0,0,0.0,1592.44,1,1,1.0,1592.44,1,1,1.0,1592.44,1,1,1.0,0
LGS2ORD0011479,C013449,2025-04-01 22:00:00,Female,52,Bronze,Web,Chonburi,990,Web,COD,22,4,1,0,>50,33.0,5.0,2.0,0.4,-7,4,9202.988000000001,0.08,0.4,0.0,0.0,492.21,1,0,0.0,29828.86,2,1,0.5,46014.94,5,2,0.4,46014.94,5,2,0.4,1
LGS2ORD0011480,C017484,2025-04-01 22:00:00,Female,51,Silver,TV,Chonburi,154,TV_Show,Credit_Card,22,4,1,0,>50,5.133333333333334,1.0,0.0,0.0,-1,62,184.72,0.1,1.0,0.0,0.0,0.0,0,0,0.0,0.0,0,0,0.0,184.72,1,0,0.0,184.72,1,0,0.0,0
LGS2ORD0011481,C010004,2025-04-01 22:00:00,Male,42,Platinum,Shopee,Chonburi,420,CallCenter,COD,22,4,1,0,40-50,14.0,1.0,0.0,0.0,-1,80,2821.61,0.3,1.0,1.0,0.0,0.0,0,0,0.0,0.0,0,0,0.0,2821.61,1,0,0.0,2821.61,1,0,0.0,0
LGS2ORD0011482,C013821,2025-04-01 22:00:00,Male,18,Gold,Web,Bangkok,1451,Web,Credit_Card,22,4,1,0,<20,48.36666666666667,1.0,0.0,0.0,-1,83,11149.77,0.08,0.0,0.0,0.0,0.0,0,0,0.0,0.0,0,0,0.0,11149.77,1,0,0.0,11149.77,1,0,0.0,0
LGS2ORD0011483,C013049,2025-04-01 22:00:00,Male,23,Bronze,Web,Songkhla,1459,Lazada,PromptPay,22,4,1,0,20-30,48.63333333333333,3.0,1.0,0.3333333333333333,64,19,10084.393333333332,0.23,0.3333333333333333,0.3333333333333333,0.0,0.0,0,0,0.0,1782.35,1,0,0.0,30253.179999999997,3,1,0.3333333333333333,30253.179999999997,3,1,0.3333333333333333,0
LGS2ORD0011484,C014622,2025-04-01 23:00:00,Male,49,Silver,Shopee,Remote_Area,1044,Web,Credit_Card,23,4,1,0,40-50,34.8,5.0,0.0,0.0,-1,25,2533.4900000000002,0.25,0.4,0.2,0.0,0.0,0,0,0.0,5800.5,1,0,0.0,12667.45,5,0,0.0,12667.45,5,0,0.0,0
LGS2ORD0011485,C011389,2025-04-01 23:00:00,Male,51,Gold,Shopee,Khon Kaen,169,Web,Credit_Card,23,4,1,0,>50,5.633333333333334,1.0,0.0,0.0,-1,21,2276.19,0.08,0.0,0.0,0.0,0.0,0,0,0.0,2276.19,1,0,0.0,2276.19,1,0,0.0,2276.19,1,0,0.0,0
LGS2ORD0011486,C017522,2025-04-01 23:00:00,Female,40,Silver,TV,Bangkok,1262,Shopee,COD,23,4,1,0,30-40,42.06666666666667,1.0,0.0,0.0,-1,36,10880.48,0.1,0.0,0.0,0.0,0.0,0,0,0.0,0.0,0,0,0.0,10880.48,1,0,0.0,10880.48,1,0,0.0,0
LGS2ORD0011487,C011341,2025-04-01 23:00:00,Female,59,Bronze,Web,Bangkok,1009,CallCenter,COD,23,4,1,0,>50,33.63333333333333,1.0,0.0,0.0,-1,8,4407.09,0.08,1.0,0.0,0.0,0.0,0,0,0.0,4407.09,1,0,0.0,4407.09,1,0,0.0,4407.09,1,0,0.0,0
LGS2ORD0011488,C011303,2025-04-01 23:00:00,Male,62,Silver,TV,Khon Kaen,925,Web,Credit_Card,23,4,1,0,>50,30.833333333333332,1.0,1.0,1.0,69,81,1548.7,0.2,1.0,0.0,0.0,0.0,0,0,0.0,0.0,0,0,0.0,1548.7,1,1,1.0,1548.7,1,1,1.0,0
LGS2ORD0011489,C014358,2025-04-01 23:00:00,Male,34,Gold,Web,Chiang Mai,838,Shopee,COD,23,4,1,0,30-40,27.933333333333334,2.0,1.0,0.5,13,6,8042.055,0.2299999999999999,1.0,0.5,0.0,1936.7,1,0,0.0,16084.11,2,1,0.5,16084.11,2,1,0.5,16084.11,2,1,0.5,0
LGS2ORD0011490,C013361,2025-04-02 00:00:00,Male,37,Gold,Shopee,Bangkok,1222,TV_Show,COD,0,4,2,0,30-40,40.733333333333334,0.0,0.0,0.0,-1,-1,0.0,0.0,0.0,0.0,0.0,0.0,0,0,0.0,0.0,0,0,0.0,0.0,0,0,0.0,0.0,0,0,0.0,0
LGS2ORD0011491,C010494,2025-04-02 00:00:00,Male,45,Platinum,Shopee,Chonburi,754,TV_Show,Credit_Card,0,4,2,0,40-50,25.133333333333333,0.0,0.0,0.0,-1,-1,0.0,0.0,0.0,0.0,0.0,0.0,0,0,0.0,0.0,0,0,0.0,0.0,0,0,0.0,0.0,0,0,0.0,0
LGS2ORD0011492,C010449,2025-04-02 00:00:00,Female,41,Gold,Web,Bangkok,579,Web,PromptPay,0,4,2,0,40-50,19.3,4.0,1.0,0.25,69,11,2206.31,0.13,0.75,0.0,0.0,0.0,0,0,0.0,3629.94,2,0,0.0,8825.24,4,1,0.25,8825.24,4,1,0.25,0
LGS2ORD0011493,C014602,2025-04-02 00:00:00,Female,52,Gold,TV,Nakhon Ratchasima,1367,Web,Bank_Transfer,0,4,2,0,>50,45.56666666666667,0.0,0.0,0.0,-1,-1,0.0,0.0,0.0,0.0,0.0,0.0,0,0,0.0,0.0,0,0,0.0,0.0,0,0,0.0,0.0,0,0,0.0,1
LGS2ORD0011494,C016731,2025-04-02 00:00:00,Female,48,Gold,Shopee,Songkhla,227,Lazada,Credit_Card,0,4,2,0,40-50,7.566666666666666,2.0,1.0,0.5,24,35,4232.21,0.33,0.5,1.0,0.0,0.0,0,0,0.0,0.0,0,0,0.0,8464.42,2,1,0.5,8464.42,2,1,0.5,0
LGS2ORD0011495,C015071,2025-04-02 01:00:00,Female,59,Bronze,Shopee,Chonburi,1440,TV_Show,Bank_Transfer,1,4,2,0,>50,48.0,0.0,0.0,0.0,-1,-1,0.0,0.0,0.0,0.0,0.0,0.0,0,0,0.0,0.0,0,0,0.0,0.0,0,0,0.0,0.0,0,0,0.0,0
LGS2ORD0011496,C011342,2025-04-02 01:00:00,Female,34,Platinum,Lazada,Nakhon Ratchasima,1100,CallCenter,COD,1,4,2,0,30-40,36.666666666666664,1.0,1.0,1.0,1,8,1767.73,0.35,1.0,1.0,0.0,0.0,0,0,0.0,1767.73,1,1,1.0,1767.73,1,1,1.0,1767.73,1,1,1.0,1
LGS2ORD0011497,C016605,2025-04-02 01:00:00,Female,32,Silver,TV,Bangkok,764,Web,COD,1,4,2,0,30-40,25.466666666666665,1.0,0.0,0.0,-1,24,11139.22,0.1,1.0,0.0,0.0,0.0,0,0,0.0,11139.22,1,0,0.0,11139.22,1,0,0.0,11139.22,1,0,0.0,0
LGS2ORD0011498,C017110,2025-04-02 01:00:00,Female,53,Gold,Web,Nakhon Ratchasima,954,TV_Show,COD,1,4,2,0,>50,31.8,2.0,0.0,0.0,-1,5,5813.639999999999,0.08,1.0,0.0,0.0,7505.96,1,0,0.0,11627.279999999999,2,0,0.0,11627.279999999999,2,0,0.0,11627.279999999999,2,0,0.0,0
LGS2ORD0011499,C014444,2025-04-02 01:00:00,Male,39,Bronze,Shopee,Chonburi,1088,Shopee,Bank_Transfer,1,4,2,0,30-40,36.266666666666666,1.0,0.0,0.0,-1,54,9813.26,0.18,0.0,0.0,0.0,0.0,0,0,0.0,0.0,0,0,0.0,9813.26,1,0,0.0,9813.26,1,0,0.0,0
LGS2ORD0011500,C015073,2025-04-02 02:00:00,Male,22,Bronze,Web,Nakhon Ratchasima,608,Shopee,Credit_Card,2,4,2,0,20-30,20.266666666666666,1.0,0.0,0.0,-1,67,2326.84,0.08,0.0,0.0,0.0,0.0,0,0,0.0,0.0,0,0,0.0,2326.84,1,0,0.0,2326.84,1,0,0.0,0
LGS2ORD0011501,C017694,2025-04-02 02:00:00,Male,50,Silver,Lazada,Chiang Mai,743,TV_Show,Credit_Card,2,4,2,0,40-50,24.766666666666666,0.0,0.0,0.0,-1,-1,0.0,0.0,0.0,0.0,0.0,0.0,0,0,0.0,0.0,0,0,0.0,0.0,0,0,0.0,0.0,0,0,0.0,0
LGS2ORD0011502,C010763,2025-04-02 02:00:00,Female,46,Platinum,Web,Chiang Mai,1264,Shopee,COD,2,4,2,0,40-50,42.13333333333333,0.0,0.0,0.0,-1,-1,0.0,0.0,0.0,0.0,0.0,0.0,0,0,0.0,0.0,0,0,0.0,0.0,0,0,0.0,0.0,0,0,0.0,0
LGS2ORD0011503,C016471,2025-04-02 02:00:00,Female,28,Gold,Web,Bangkok,640,Web,Credit_Card,2,4,2,0,20-30,21.333333333333332,1.0,0.0,0.0,-1,1,8617.97,0.08,0.0,0.0,0.0,8617.97,1,0,0.0,8617.97,1,0,0.0,8617.97,1,0,0.0,8617.97,1,0,0.0,0
LGS2ORD0011504,C017196,2025-04-02 02:00:00,Male,45,Bronze,TV,Remote_Area,191,TV_Show,Credit_Card,2,4,2,0,40-50,6.366666666666666,0.0,0.0,0.0,-1,-1,0.0,0.0,0.0,0.0,0.0,0.0,0,0,0.0,0.0,0,0,0.0,0.0,0,0,0.0,0.0,0,0,0.0,1
LGS2ORD0011505,C011785,2025-04-02 02:00:00,Male,23,Silver,Shopee,Songkhla,1505,CallCenter,PromptPay,2,4,2,0,20-30,50.166666666666664,2.0,1.0,0.5,7,17,1853.345,0.2,1.0,0.0,0.0,0.0,0,0,0.0,2547.48,1,1,1.0,3706.69,2,1,0.5,3706.69,2,1,0.5,0
LGS2ORD0011506,C015291,2025-04-02 03:00:00,Female,32,Platinum,Shopee,Bangkok,1153,CallCenter,COD,3,4,2,0,30-40,38.43333333333333,3.0,0.0,0.0,-1,8,4407.54,0.25,1.0,0.3333333333333333,0.0,0.0,0,0,0.0,7181.400000000001,2,0,0.0,13222.62,3,0,0.0,13222.62,3,0,0.0,0
LGS2ORD0011507,C016248,2025-04-02 03:00:00,Female,44,Silver,TV,Nakhon Ratchasima,791,Web,COD,3,4,2,0,40-50,26.366666666666667,3.0,0.0,0.0,-1,42,8788.423333333334,0.25,0.3333333333333333,0.3333333333333333,0.0,0.0,0,0,0.0,0.0,0,0,0.0,26365.27,3,0,0.0,26365.27,3,0,0.0,0
LGS2ORD0011508,C015372,2025-04-02 03:00:00,Male,39,Bronze,Web,Remote_Area,649,TV_Show,PromptPay,3,4,2,0,30-40,21.633333333333333,0.0,0.0,0.0,-1,-1,0.0,0.0,0.0,0.0,0.0,0.0,0,0,0.0,0.0,0,0,0.0,0.0,0,0,0.0,0.0,0,0,0.0,0
LGS2ORD0011509,C012758,2025-04-02 03:00:00,Female,47,Silver,CallCenter,Bangkok,1293,TV_Show,COD,3,4,2,0,40-50,43.1,3.0,1.0,0.3333333333333333,-7,4,13228.273333333336,0.25,0.6666666666666666,0.6666666666666666,0.0,9145.11,1,1,1.0,32323.190000000002,2,1,0.5,39684.82000000001,3,1,0.3333333333333333,39684.82000000001,3,1,0.3333333333333333,1
LGS2ORD0011510,C011226,2025-04-02 03:00:00,Male,56,Silver,TV,Remote_Area,1253,TV_Show,Bank_Transfer,3,4,2,0,>50,41.766666666666666,1.0,0.0,0.0,-1,20,3267.96,0.1,1.0,0.0,0.0,0.0,0,0,0.0,3267.96,1,0,0.0,3267.96,1,0,0.0,3267.96,1,0,0.0,0
LGS2ORD0011511,C010352,2025-04-02 04:00:00,Female,48,Gold,Web,Bangkok,1168,TV_Show,COD,4,4,2,0,40-50,38.93333333333333,0.0,0.0,0.0,-1,-1,0.0,0.0,0.0,0.0,0.0,0.0,0,0,0.0,0.0,0,0,0.0,0.0,0,0,0.0,0.0,0,0,0.0,0
LGS2ORD0011512,C016401,2025-04-02 04:00:00,Male,46,Platinum,Web,Bangkok,1481,TV_Show,Credit_Card,4,4,2,0,40-50,49.36666666666667,1.0,0.0,0.0,-1,20,19591.6,0.1,0.0,0.0,0.0,0.0,0,0,0.0,19591.6,1,0,0.0,19591.6,1,0,0.0,19591.6,1,0,0.0,0
LGS2ORD0011513,C016040,2025-04-02 04:00:00,Female,67,Silver,Web,Bangkok,275,Shopee,COD,4,4,2,0,>50,9.166666666666666,2.0,1.0,0.5,-9,0,9637.075,0.1,0.0,0.0,0.0,15628.0,1,1,1.0,19274.15,2,1,0.5,19274.15,2,1,0.5,19274.15,2,1,0.5,1
LGS2ORD0011514,C015847,2025-04-02 04:00:00,Male,41,Bronze,TV,Bangkok,1177,TV_Show,COD,4,4,2,0,40-50,39.233333333333334,4.0,1.0,0.25,13,22,4241.86,0.18,0.5,0.0,0.0,0.0,0,0,0.0,13704.5,3,1,0.3333333333333333,16967.44,4,1,0.25,16967.44,4,1,0.25,0
LGS2ORD0011515,C016600,2025-04-02 04:00:00,Female,58,Platinum,TV,Chonburi,295,Lazada,COD,4,4,2,0,>50,9.833333333333334,2.0,1.0,0.5,63,48,1469.8000000000002,0.3,0.5,0.5,0.0,0.0,0,0,0.0,0.0,0,0,0.0,2939.6000000000004,2,1,0.5,2939.6000000000004,2,1,0.5,0
LGS2ORD0011516,C014859,2025-04-02 05:00:00,Female,36,Gold,CallCenter,Bangkok,532,TV_Show,Bank_Transfer,5,4,2,0,30-40,17.733333333333334,2.0,0.0,0.0,-1,2,976.085,0.13,0.5,0.0,0.0,267.37,1,0,0.0,267.37,1,0,0.0,1952.17,2,0,0.0,1952.17,2,0,0.0,0
LGS2ORD0011517,C012376,2025-04-02 05:00:00,Male,44,Bronze,TV,Bangkok,1326,Web,COD,5,4,2,0,40-50,44.2,0.0,0.0,0.0,-1,-1,0.0,0.0,0.0,0.0,0.0,0.0,0,0,0.0,0.0,0,0,0.0,0.0,0,0,0.0,0.0,0,0,0.0,0
LGS2ORD0011518,C017881,2025-04-02 05:00:00,Female,48,Platinum,Web,Chiang Mai,1530,Web,COD,5,4,2,0,40-50,51.0,1.0,0.0,0.0,-1,46,29771.81,0.1,0.0,0.0,0.0,0.0,0,0,0.0,0.0,0,0,0.0,29771.81,1,0,0.0,29771.81,1,0,0.0,0
LGS2ORD0011519,C011650,2025-04-02 05:00:00,Male,54,Gold,Web,Phuket,931,Shopee,COD,5,4,2,0,>50,31.033333333333335,0.0,0.0,0.0,-1,-1,0.0,0.0,0.0,0.0,0.0,0.0,0,0,0.0,0.0,0,0,0.0,0.0,0,0,0.0,0.0,0,0,0.0,0
LGS2ORD0011520,C011484,2025-04-02 05:00:00,Male,36,Silver,Web,Chiang Mai,1065,TV_Show,Bank_Transfer,5,4,2,0,30-40,35.5,0.0,0.0,0.0,-1,-1,0.0,0.0,0.0,0.0,0.0,0.0,0,0,0.0,0.0,0,0,0.0,0.0,0,0,0.0,0.0,0,0,0.0,0
LGS2ORD0011521,C017951,2025-04-02 06:00:00,Male,52,Bronze,Shopee,Bangkok,785,Web,Credit_Card,6,4,2,0,>50,26.166666666666668,0.0,0.0,0.0,-1,-1,0.0,0.0,0.0,0.0,0.0,0.0,0,0,0.0,0.0,0,0,0.0,0.0,0,0,0.0,0.0,0,0,0.0,0
LGS2ORD0011522,C011327,2025-04-02 06:00:00,Male,46,Gold,TV,Bangkok,925,TV_Show,COD,6,4,2,0,40-50,30.833333333333332,0.0,0.0,0.0,-1,-1,0.0,0.0,0.0,0.0,0.0,0.0,0,0,0.0,0.0,0,0,0.0,0.0,0,0,0.0,0.0,0,0,0.0,0
LGS2ORD0011523,C010930,2025-04-02 06:00:00,Female,38,Bronze,Web,Phuket,1358,TV_Show,COD,6,4,2,0,30-40,45.266666666666666,0.0,0.0,0.0,-1,-1,0.0,0.0,0.0,0.0,0.0,0.0,0,0,0.0,0.0,0,0,0.0,0.0,0,0,0.0,0.0,0,0,0.0,0
LGS2ORD0011524,C015600,2025-04-02 06:00:00,Male,18,Silver,Web,Nakhon Ratchasima,631,CallCenter,COD,6,4,2,0,<20,21.033333333333335,3.0,0.0,0.0,-1,8,15732.99,0.2,0.6666666666666666,0.0,0.0,0.0,0,0,0.0,27030.0,1,0,0.0,47198.97,3,0,0.0,47198.97,3,0,0.0,1
LGS2ORD0011525,C011662,2025-04-02 06:00:00,Other,37,Bronze,Shopee,Chonburi,319,TV_Show,COD,6,4,2,0,30-40,10.633333333333333,1.0,0.0,0.0,-1,3,16881.44,0.08,1.0,0.0,0.0,16881.44,1,0,0.0,16881.44,1,0,0.0,16881.44,1,0,0.0,16881.44,1,0,0.0,1
LGS2ORD0011526,C010701,2025-04-02 06:00:00,Male,44,Silver,TV,Bangkok,720,TV_Show,COD,6,4,2,0,40-50,24.0,2.0,1.0,0.5,4,13,1729.7849999999999,0.1,0.5,0.0,0.0,0.0,0,0,0.0,1980.26,1,1,1.0,3459.5699999999997,2,1,0.5,3459.5699999999997,2,1,0.5,0
LGS2ORD0011527,C013906,2025-04-02 07:00:00,Female,37,Bronze,Shopee,Bangkok,711,Lazada,COD,7,4,2,0,30-40,23.7,1.0,0.0,0.0,-1,12,2553.56,0.08,1.0,0.0,0.0,0.0,0,0,0.0,2553.56,1,0,0.0,2553.56,1,0,0.0,2553.56,1,0,0.0,1
LGS2ORD0011528,C017475,2025-04-02 07:00:00,Female,22,Silver,Shopee,Bangkok,973,Shopee,Bank_Transfer,7,4,2,0,20-30,32.43333333333333,1.0,0.0,0.0,-1,91,13750.94,0.3,0.0,1.0,0.0,0.0,0,0,0.0,0.0,0,0,0.0,0.0,0,0,0.0,13750.94,1,0,0.0,0
LGS2ORD0011529,C013728,2025-04-02 07:00:00,Male,35,Bronze,Web,Chiang Mai,1509,Lazada,Credit_Card,7,4,2,0,30-40,50.3,0.0,0.0,0.0,-1,-1,0.0,0.0,0.0,0.0,0.0,0.0,0,0,0.0,0.0,0,0,0.0,0.0,0,0,0.0,0.0,0,0,0.0,0
LGS2ORD0011530,C017259,2025-04-02 07:00:00,Male,57,Bronze,Shopee,Khon Kaen,529,Web,COD,7,4,2,0,>50,17.633333333333333,1.0,0.0,0.0,-1,44,5498.43,0.18,1.0,0.0,0.0,0.0,0,0,0.0,0.0,0,0,0.0,5498.43,1,0,0.0,5498.43,1,0,0.0,0
LGS2ORD0011531,C017197,2025-04-02 07:00:00,Female,43,Silver,Lazada,Nakhon Ratchasima,1036,Web,PromptPay,7,4,2,0,40-50,34.53333333333333,1.0,0.0,0.0,-1,13,1631.53,0.05,0.0,0.0,0.0,0.0,0,0,0.0,1631.53,1,0,0.0,1631.53,1,0,0.0,1631.53,1,0,0.0,0
LGS2ORD0011532,C013864,2025-04-02 08:00:00,Male,27,Gold,Web,Phuket,201,TV_Show,PromptPay,8,4,2,0,20-30,6.7,4.0,2.0,0.5,64,2,8449.2325,0.28,0.75,0.75,0.0,1533.93,1,0,0.0,1533.93,1,0,0.0,33796.93,4,2,0.5,33796.93,4,2,0.5,0
LGS2ORD0011533,C013890,2025-04-02 08:00:00,Other,47,Bronze,Shopee,Chiang Mai,1263,Web,PromptPay,8,4,2,0,40-50,42.1,4.0,0.0,0.0,-1,31,10125.83,0.28,1.0,0.25,0.0,0.0,0,0,0.0,0.0,0,0,0.0,40503.32,4,0,0.0,40503.32,4,0,0.0,0
LGS2ORD0011534,C014330,2025-04-02 08:00:00,Male,19,Silver,TV,Phuket,1367,Web,COD,8,4,2,0,<20,45.56666666666667,2.0,1.0,0.5,71,47,3970.665,0.2,0.5,0.0,0.0,0.0,0,0,0.0,0.0,0,0,0.0,7941.33,2,1,0.5,7941.33,2,1,0.5,1
LGS2ORD0011535,C017847,2025-04-02 08:00:00,Male,35,Bronze,Web,Phuket,1331,Web,Credit_Card,8,4,2,0,30-40,44.36666666666667,1.0,0.0,0.0,-1,67,5554.35,0.03,1.0,0.0,0.0,0.0,0,0,0.0,0.0,0,0,0.0,5554.35,1,0,0.0,5554.35,1,0,0.0,0
LGS2ORD0011536,C012145,2025-04-02 08:00:00,Female,27,Silver,Shopee,Bangkok,254,Shopee,Credit_Card,8,4,2,0,20-30,8.466666666666667,1.0,0.0,0.0,-1,13,514.3,0.1,1.0,0.0,0.0,0.0,0,0,0.0,514.3,1,0,0.0,514.3,1,0,0.0,514.3,1,0,0.0,0
LGS2ORD0011537,C012168,2025-04-02 09:00:00,Female,44,Bronze,Web,Chonburi,876,Shopee,COD,9,4,2,0,40-50,29.2,0.0,0.0,0.0,-1,-1,0.0,0.0,0.0,0.0,0.0,0.0,0,0,0.0,0.0,0,0,0.0,0.0,0,0,0.0,0.0,0,0,0.0,0
LGS2ORD0011538,C011575,2025-04-02 09:00:00,Female,36,Bronze,TV,Chiang Mai,1203,CallCenter,COD,9,4,2,0,30-40,40.1,2.0,1.0,0.5,37,49,2355.25,0.23,0.5,1.0,0.0,0.0,0,0,0.0,0.0,0,0,0.0,4710.5,2,1,0.5,4710.5,2,1,0.5,1
LGS2ORD0011539,C017586,2025-04-02 09:00:00,Male,52,Bronze,Shopee,Bangkok,711,CallCenter,Credit_Card,9,4,2,0,>50,23.7,1.0,1.0,1.0,20,35,1938.97,0.28,1.0,1.0,0.0,0.0,0,0,0.0,0.0,0,0,0.0,1938.97,1,1,1.0,1938.97,1,1,1.0,0
LGS2ORD0011540,C014027,2025-04-02 09:00:00,Male,41,Gold,Web,Bangkok,497,Web,COD,9,4,2,0,40-50,16.566666666666666,3.0,1.0,0.3333333333333333,41,19,6340.596666666667,0.2299999999999999,0.3333333333333333,0.3333333333333333,0.0,0.0,0,0,0.0,8912.94,1,0,0.0,19021.79,3,1,0.3333333333333333,19021.79,3,1,0.3333333333333333,0
LGS2ORD0011541,C016109,2025-04-02 09:00:00,Female,35,Bronze,Shopee,Chonburi,762,Web,PromptPay,9,4,2,0,30-40,25.4,0.0,0.0,0.0,-1,-1,0.0,0.0,0.0,0.0,0.0,0.0,0,0,0.0,0.0,0,0,0.0,0.0,0,0,0.0,0.0,0,0,0.0,0
LGS2ORD0011542,C011281,2025-04-02 10:00:00,Male,53,Silver,Shopee,Bangkok,1228,Shopee,COD,10,4,2,0,>50,40.93333333333333,3.0,0.0,0.0,-1,14,5137.746666666667,0.1,0.3333333333333333,0.0,0.0,0.0,0,0,0.0,9921.619999999999,2,0,0.0,15413.24,3,0,0.0,15413.24,3,0,0.0,0
LGS2ORD0011543,C015360,2025-04-02 10:00:00,Female,43,Bronze,Shopee,Bangkok,1331,Web,Credit_Card,10,4,2,0,40-50,44.36666666666667,2.0,1.0,0.5,39,39,18779.1,0.18,1.0,0.0,0.0,0.0,0,0,0.0,0.0,0,0,0.0,37558.2,2,1,0.5,37558.2,2,1,0.5,0
LGS2ORD0011544,C016215,2025-04-02 10:00:00,Male,37,Bronze,Lazada,Chonburi,652,TV_Show,COD,10,4,2,0,30-40,21.733333333333334,0.0,0.0,0.0,-1,-1,0.0,0.0,0.0,0.0,0.0,0.0,0,0,0.0,0.0,0,0,0.0,0.0,0,0,0.0,0.0,0,0,0.0,1
LGS2ORD0011545,C011928,2025-04-02 10:00:00,Female,41,Bronze,Shopee,Chonburi,1245,TV_Show,COD,10,4,2,0,40-50,41.5,2.0,0.0,0.0,-1,24,3587.405,0.13,0.5,0.0,0.0,0.0,0,0,0.0,2127.51,1,0,0.0,7174.81,2,0,0.0,7174.81,2,0,0.0,1
LGS2ORD0011546,C013228,2025-04-02 10:00:00,Female,42,Silver,TV,Bangkok,471,CallCenter,PromptPay,10,4,2,0,40-50,15.7,1.0,0.0,0.0,-1,13,1421.9,0.05,1.0,0.0,0.0,0.0,0,0,0.0,1421.9,1,0,0.0,1421.9,1,0,0.0,1421.9,1,0,0.0,0
LGS2ORD0011547,C013063,2025-04-02 10:00:00,Female,37,Gold,Lazada,Nakhon Ratchasima,831,Lazada,COD,10,4,2,0,30-40,27.7,1.0,0.0,0.0,-1,89,1501.44,0.28,1.0,1.0,0.0,0.0,0,0,0.0,0.0,0,0,0.0,1501.44,1,0,0.0,1501.44,1,0,0.0,0
LGS2ORD0011548,C013635,2025-04-02 11:00:00,Female,22,Platinum,CallCenter,Bangkok,122,TV_Show,COD,11,4,2,0,20-30,4.066666666666666,1.0,0.0,0.0,-1,33,1770.36,0.15,1.0,0.0,0.0,0.0,0,0,0.0,0.0,0,0,0.0,1770.36,1,0,0.0,1770.36,1,0,0.0,0
LGS2ORD0011549,C012836,2025-04-02 11:00:00,Female,54,Gold,Web,Songkhla,1167,Shopee,PromptPay,11,4,2,0,>50,38.9,1.0,0.0,0.0,-1,8,1117.19,0.13,0.0,0.0,0.0,0.0,0,0,0.0,1117.19,1,0,0.0,1117.19,1,0,0.0,1117.19,1,0,0.0,0
LGS2ORD0011550,C016649,2025-04-02 11:00:00,Female,41,Gold,TV,Chonburi,1036,Shopee,COD,11,4,2,0,40-50,34.53333333333333,1.0,0.0,0.0,-1,9,322.99,0.28,1.0,1.0,0.0,0.0,0,0,0.0,322.99,1,0,0.0,322.99,1,0,0.0,322.99,1,0,0.0,1
LGS2ORD0011551,C014848,2025-04-02 11:00:00,Female,27,Silver,Web,Bangkok,1196,Shopee,Bank_Transfer,11,4,2,0,20-30,39.86666666666667,1.0,1.0,1.0,-8,6,1026.95,0.25,0.0,1.0,0.0,1026.95,1,1,1.0,1026.95,1,1,1.0,1026.95,1,1,1.0,1026.95,1,1,1.0,1
LGS2ORD0011552,C010869,2025-04-02 11:00:00,Male,41,Gold,Web,Chiang Mai,377,Web,Credit_Card,11,4,2,0,40-50,12.566666666666666,0.0,0.0,0.0,-1,-1,0.0,0.0,0.0,0.0,0.0,0.0,0,0,0.0,0.0,0,0,0.0,0.0,0,0,0.0,0.0,0,0,0.0,0
LGS2ORD0011553,C010347,2025-04-02 12:00:00,Female,31,Gold,Shopee,Bangkok,1516,TV_Show,Credit_Card,12,4,2,0,30-40,50.53333333333333,1.0,0.0,0.0,-1,29,4542.53,0.28,0.0,1.0,0.0,0.0,0,0,0.0,4542.53,1,0,0.0,4542.53,1,0,0.0,4542.53,1,0,0.0,0
LGS2ORD0011554,C015628,2025-04-02 12:00:00,Female,33,Bronze,TV,Khon Kaen,394,Shopee,COD,12,4,2,0,30-40,13.133333333333333,1.0,1.0,1.0,-3,13,5219.82,0.23,0.0,1.0,0.0,0.0,0,0,0.0,5219.82,1,1,1.0,5219.82,1,1,1.0,5219.82,1,1,1.0,0
LGS2ORD0011555,C011568,2025-04-02 12:00:00,Female,43,Bronze,Web,Remote_Area,334,TV_Show,Credit_Card,12,4,2,0,40-50,11.133333333333333,4.0,1.0,0.25,68,10,6240.802500000001,0.23,0.5,0.25,0.0,0.0,0,0,0.0,565.77,1,0,0.0,24963.210000000003,4,1,0.25,24963.210000000003,4,1,0.25,0
LGS2ORD0011556,C011300,2025-04-02 12:00:00,Female,29,Bronze,TV,Nakhon Ratchasima,924,TV_Show,PromptPay,12,4,2,0,20-30,30.8,1.0,0.0,0.0,-1,32,2366.4,0.08,1.0,0.0,0.0,0.0,0,0,0.0,0.0,0,0,0.0,2366.4,1,0,0.0,2366.4,1,0,0.0,0
LGS2ORD0011557,C016445,2025-04-02 12:00:00,Male,50,Bronze,TV,Remote_Area,600,Web,COD,12,4,2,0,40-50,20.0,3.0,2.0,0.6666666666666666,26,38,17105.3,0.23,0.3333333333333333,0.3333333333333333,0.0,0.0,0,0,0.0,0.0,0,0,0.0,51315.9,3,2,0.6666666666666666,51315.9,3,2,0.6666666666666666,0
LGS2ORD0011558,C015031,2025-04-02 13:00:00,Female,39,Bronze,Shopee,Chonburi,975,CallCenter,COD,13,4,2,0,30-40,32.5,2.0,1.0,0.5,69,43,5038.48,0.23,0.5,0.5,0.0,0.0,0,0,0.0,0.0,0,0,0.0,10076.96,2,1,0.5,10076.96,2,1,0.5,0
LGS2ORD0011559,C011532,2025-04-02 13:00:00,Male,56,Bronze,Web,Phuket,1258,CallCenter,COD,13,4,2,0,>50,41.93333333333333,2.0,0.0,0.0,-1,15,6577.900000000001,0.08,1.0,0.0,0.0,0.0,0,0,0.0,11926.62,1,0,0.0,13155.800000000001,2,0,0.0,13155.800000000001,2,0,0.0,0
LGS2ORD0011560,C014868,2025-04-02 13:00:00,Female,60,Bronze,Lazada,Bangkok,723,CallCenter,COD,13,4,2,0,>50,24.1,1.0,0.0,0.0,-1,13,11963.21,0.18,0.0,0.0,0.0,0.0,0,0,0.0,11963.21,1,0,0.0,11963.21,1,0,0.0,11963.21,1,0,0.0,0
LGS2ORD0011561,C013680,2025-04-02 13:00:00,Female,41,Silver,Web,Khon Kaen,467,Web,COD,13,4,2,0,40-50,15.566666666666666,2.0,1.0,0.5,10,13,1761.79,0.2,0.0,0.0,0.0,0.0,0,0,0.0,3523.58,2,1,0.5,3523.58,2,1,0.5,3523.58,2,1,0.5,0
LGS2ORD0011562,C015298,2025-04-02 13:00:00,Female,42,Silver,Web,Bangkok,499,TV_Show,Bank_Transfer,13,4,2,0,40-50,16.633333333333333,2.0,1.0,0.5,70,58,13951.25,0.15,1.0,0.0,0.0,0.0,0,0,0.0,0.0,0,0,0.0,27902.5,2,1,0.5,27902.5,2,1,0.5,0
LGS2ORD0011563,C013036,2025-04-02 14:00:00,Female,31,Bronze,Shopee,Chonburi,398,Lazada,Credit_Card,14,4,2,0,30-40,13.266666666666667,1.0,0.0,0.0,-1,24,9155.13,0.03,1.0,0.0,0.0,0.0,0,0,0.0,9155.13,1,0,0.0,9155.13,1,0,0.0,9155.13,1,0,0.0,1
LGS2ORD0011564,C013664,2025-04-02 14:00:00,Female,45,Silver,CallCenter,Remote_Area,471,Shopee,Credit_Card,14,4,2,0,40-50,15.7,0.0,0.0,0.0,-1,-1,0.0,0.0,0.0,0.0,0.0,0.0,0,0,0.0,0.0,0,0,0.0,0.0,0,0,0.0,0.0,0,0,0.0,0
LGS2ORD0011565,C011383,2025-04-02 14:00:00,Male,62,Silver,Shopee,Songkhla,147,Web,COD,14,4,2,0,>50,4.9,0.0,0.0,0.0,-1,-1,0.0,0.0,0.0,0.0,0.0,0.0,0,0,0.0,0.0,0,0,0.0,0.0,0,0,0.0,0.0,0,0,0.0,1
LGS2ORD0011566,C014399,2025-04-02 14:00:00,Male,48,Silver,CallCenter,Chiang Mai,410,TV_Show,Bank_Transfer,14,4,2,0,40-50,13.666666666666666,0.0,0.0,0.0,-1,-1,0.0,0.0,0.0,0.0,0.0,0.0,0,0,0.0,0.0,0,0,0.0,0.0,0,0,0.0,0.0,0,0,0.0,0
LGS2ORD0011567,C013573,2025-04-02 14:00:00,Male,41,Silver,Web,Chonburi,1457,Web,Credit_Card,14,4,2,0,40-50,48.56666666666667,0.0,0.0,0.0,-1,-1,0.0,0.0,0.0,0.0,0.0,0.0,0,0,0.0,0.0,0,0,0.0,0.0,0,0,0.0,0.0,0,0,0.0,1
LGS2ORD0011568,C012932,2025-04-02 14:00:00,Male,57,Gold,Web,Bangkok,1422,CallCenter,COD,14,4,2,0,>50,47.4,1.0,0.0,0.0,-1,57,10804.94,0.33,0.0,1.0,0.0,0.0,0,0,0.0,0.0,0,0,0.0,10804.94,1,0,0.0,10804.94,1,0,0.0,1
LGS2ORD0011569,C012252,2025-04-02 15:00:00,Female,35,Bronze,TV,Bangkok,843,TV_Show,COD,15,4,2,0,30-40,28.1,1.0,0.0,0.0,-1,9,1868.14,0.18,0.0,0.0,0.0,0.0,0,0,0.0,1868.14,1,0,0.0,1868.14,1,0,0.0,1868.14,1,0,0.0,0
LGS2ORD0011570,C012015,2025-04-02 15:00:00,Male,57,Bronze,CallCenter,Phuket,1130,TV_Show,COD,15,4,2,0,>50,37.666666666666664,3.0,1.0,0.3333333333333333,45,4,6022.583333333333,0.13,0.6666666666666666,0.0,0.0,15743.67,1,0,0.0,17280.85,2,0,0.0,18067.75,3,1,0.3333333333333333,18067.75,3,1,0.3333333333333333,1
LGS2ORD0011571,C013161,2025-04-02 15:00:00,Male,50,Bronze,Shopee,Nakhon Ratchasima,911,TV_Show,COD,15,4,2,0,40-50,30.366666666666667,2.0,0.0,0.0,-1,35,3535.06,0.23,0.5,0.5,0.0,0.0,0,0,0.0,0.0,0,0,0.0,7070.12,2,0,0.0,7070.12,2,0,0.0,0
LGS2ORD0011572,C012731,2025-04-02 15:00:00,Male,45,Bronze,Web,Remote_Area,1299,Lazada,COD,15,4,2,0,40-50,43.3,3.0,1.0,0.3333333333333333,60,33,5191.933333333333,0.23,0.3333333333333333,0.3333333333333333,0.0,0.0,0,0,0.0,0.0,0,0,0.0,15575.800000000001,3,1,0.3333333333333333,15575.800000000001,3,1,0.3333333333333333,1
LGS2ORD0011573,C012649,2025-04-02 15:00:00,Male,44,Bronze,Lazada,Bangkok,1311,Shopee,PromptPay,15,4,2,0,40-50,43.7,3.0,1.0,0.3333333333333333,46,16,6039.453333333334,0.28,0.3333333333333333,0.6666666666666666,0.0,0.0,0,0,0.0,10194.99,2,0,0.0,18118.36,3,1,0.3333333333333333,18118.36,3,1,0.3333333333333333,0
LGS2ORD0011574,C017427,2025-04-02 16:00:00,Female,33,Bronze,Lazada,Khon Kaen,968,CallCenter,Bank_Transfer,16,4,2,0,30-40,32.266666666666666,0.0,0.0,0.0,-1,-1,0.0,0.0,0.0,0.0,0.0,0.0,0,0,0.0,0.0,0,0,0.0,0.0,0,0,0.0,0.0,0,0,0.0,0
LGS2ORD0011575,C015876,2025-04-02 16:00:00,Female,37,Bronze,Web,Songkhla,501,Lazada,PromptPay,16,4,2,0,30-40,16.7,0.0,0.0,0.0,-1,-1,0.0,0.0,0.0,0.0,0.0,0.0,0,0,0.0,0.0,0,0,0.0,0.0,0,0,0.0,0.0,0,0,0.0,0
LGS2ORD0011576,C012719,2025-04-02 16:00:00,Male,62,Silver,Shopee,Chiang Mai,1214,Shopee,Credit_Card,16,4,2,0,>50,40.46666666666667,1.0,0.0,0.0,-1,79,9070.01,0.15,1.0,0.0,0.0,0.0,0,0,0.0,0.0,0,0,0.0,9070.01,1,0,0.0,9070.01,1,0,0.0,0
LGS2ORD0011577,C010233,2025-04-02 16:00:00,Male,26,Gold,Web,Khon Kaen,573,Lazada,COD,16,4,2,0,20-30,19.1,0.0,0.0,0.0,-1,-1,0.0,0.0,0.0,0.0,0.0,0.0,0,0,0.0,0.0,0,0,0.0,0.0,0,0,0.0,0.0,0,0,0.0,0
LGS2ORD0011578,C013599,2025-04-02 16:00:00,Female,44,Bronze,TV,Bangkok,1049,Shopee,COD,16,4,2,0,40-50,34.96666666666667,3.0,1.0,0.3333333333333333,24,3,5620.593333333333,0.18,0.6666666666666666,0.0,0.0,10188.81,1,0,0.0,10188.81,1,0,0.0,16861.78,3,1,0.3333333333333333,16861.78,3,1,0.3333333333333333,0
LGS2ORD0011579,C014477,2025-04-02 17:00:00,Male,43,Gold,TV,Remote_Area,105,Lazada,Credit_Card,17,4,2,0,40-50,3.5,1.0,1.0,1.0,48,60,2024.19,0.33,1.0,1.0,0.0,0.0,0,0,0.0,0.0,0,0,0.0,2024.19,1,1,1.0,2024.19,1,1,1.0,1
LGS2ORD0011580,C017067,2025-04-02 17:00:00,Female,27,Silver,Shopee,Remote_Area,1494,CallCenter,COD,17,4,2,0,20-30,49.8,3.0,1.0,0.3333333333333333,26,28,3559.273333333333,0.25,0.3333333333333333,0.3333333333333333,0.0,0.0,0,0,0.0,2153.93,1,0,0.0,8433.36,2,1,0.5,10677.82,3,1,0.3333333333333333,0
LGS2ORD0011581,C016142,2025-04-02 17:00:00,Other,21,Gold,Lazada,Bangkok,812,Web,COD,17,4,2,0,20-30,27.066666666666666,0.0,0.0,0.0,-1,-1,0.0,0.0,0.0,0.0,0.0,0.0,0,0,0.0,0.0,0,0,0.0,0.0,0,0,0.0,0.0,0,0,0.0,0
LGS2ORD0011582,C016703,2025-04-02 17:00:00,Female,34,Bronze,Lazada,Bangkok,994,Lazada,Credit_Card,17,4,2,0,30-40,33.13333333333333,2.0,0.0,0.0,-1,27,1902.11,0.28,0.5,0.5,0.0,0.0,0,0,0.0,2710.64,1,0,0.0,3804.22,2,0,0.0,3804.22,2,0,0.0,0
LGS2ORD0011583,C010833,2025-04-02 17:00:00,Female,46,Silver,TV,Remote_Area,1265,Shopee,COD,17,4,2,0,40-50,42.166666666666664,1.0,1.0,1.0,5,10,5071.35,0.3,1.0,1.0,0.0,0.0,0,0,0.0,5071.35,1,1,1.0,5071.35,1,1,1.0,5071.35,1,1,1.0,1
LGS2ORD0011584,C015347,2025-04-02 18:00:00,Male,33,Bronze,TV,Chiang Mai,643,Shopee,COD,18,4,2,0,30-40,21.433333333333334,4.0,0.0,0.0,-1,59,3648.8525,0.23,0.25,0.25,0.0,0.0,0,0,0.0,0.0,0,0,0.0,14595.41,4,0,0.0,14595.41,4,0,0.0,0
LGS2ORD0011585,C010242,2025-04-02 18:00:00,Female,72,Bronze,TV,Chonburi,397,TV_Show,PromptPay,18,4,2,0,>50,13.233333333333333,2.0,0.0,0.0,-1,18,3877.8250000000003,0.28,0.5,0.5,0.0,0.0,0,0,0.0,7008.85,1,0,0.0,7755.650000000001,2,0,0.0,7755.650000000001,2,0,0.0,0
LGS2ORD0011586,C017097,2025-04-02 18:00:00,Male,42,Silver,Shopee,Chiang Mai,327,Lazada,COD,18,4,2,0,40-50,10.9,3.0,1.0,0.3333333333333333,82,31,3688.116666666667,0.3,0.6666666666666666,0.3333333333333333,0.0,0.0,0,0,0.0,0.0,0,0,0.0,9419.39,2,0,0.0,11064.35,3,1,0.3333333333333333,0
LGS2ORD0011587,C013652,2025-04-02 18:00:00,Other,34,Silver,Web,Chonburi,718,TV_Show,PromptPay,18,4,2,0,30-40,23.933333333333334,5.0,1.0,0.2,67,12,9178.144,0.2,0.8,0.0,0.0,0.0,0,0,0.0,25441.590000000004,3,0,0.0,45890.72,5,1,0.2,45890.72,5,1,0.2,0
LGS2ORD0011588,C017192,2025-04-02 18:00:00,Male,33,Gold,Web,Chiang Mai,284,Web,COD,18,4,2,0,30-40,9.466666666666667,1.0,0.0,0.0,-1,58,2877.38,0.08,1.0,0.0,0.0,0.0,0,0,0.0,0.0,0,0,0.0,2877.38,1,0,0.0,2877.38,1,0,0.0,0
LGS2ORD0011589,C015475,2025-04-02 18:00:00,Female,42,Platinum,Shopee,Bangkok,809,TV_Show,COD,18,4,2,0,40-50,26.966666666666665,1.0,0.0,0.0,-1,71,756.09,0.3,0.0,1.0,0.0,0.0,0,0,0.0,0.0,0,0,0.0,756.09,1,0,0.0,756.09,1,0,0.0,0
LGS2ORD0011590,C010659,2025-04-02 19:00:00,Female,30,Bronze,Web,Songkhla,1316,Web,COD,19,4,2,0,20-30,43.86666666666667,0.0,0.0,0.0,-1,-1,0.0,0.0,0.0,0.0,0.0,0.0,0,0,0.0,0.0,0,0,0.0,0.0,0,0,0.0,0.0,0,0,0.0,0
LGS2ORD0011591,C012100,2025-04-02 19:00:00,Female,61,Platinum,CallCenter,Khon Kaen,544,Web,COD,19,4,2,0,>50,18.133333333333333,1.0,0.0,0.0,-1,88,609.01,0.3,0.0,1.0,0.0,0.0,0,0,0.0,0.0,0,0,0.0,609.01,1,0,0.0,609.01,1,0,0.0,0
LGS2ORD0011592,C013597,2025-04-02 19:00:00,Female,33,Bronze,TV,Remote_Area,336,Shopee,Bank_Transfer,19,4,2,0,30-40,11.2,1.0,1.0,1.0,6,13,1693.81,0.18,0.0,0.0,0.0,0.0,0,0,0.0,1693.81,1,1,1.0,1693.81,1,1,1.0,1693.81,1,1,1.0,0
LGS2ORD0011593,C011733,2025-04-02 19:00:00,Female,50,Silver,TV,Nakhon Ratchasima,773,CallCenter,COD,19,4,2,0,40-50,25.766666666666666,0.0,0.0,0.0,-1,-1,0.0,0.0,0.0,0.0,0.0,0.0,0,0,0.0,0.0,0,0,0.0,0.0,0,0,0.0,0.0,0,0,0.0,0
LGS2ORD0011594,C017132,2025-04-02 19:00:00,Male,61,Silver,TV,Bangkok,620,Lazada,Credit_Card,19,4,2,0,>50,20.666666666666668,4.0,2.0,0.5,58,28,7151.587500000001,0.2,0.25,0.0,0.0,0.0,0,0,0.0,4340.7,1,0,0.0,28606.350000000002,4,2,0.5,28606.350000000002,4,2,0.5,0
LGS2ORD0011595,C010371,2025-04-02 20:00:00,Female,36,Bronze,Shopee,Nakhon Ratchasima,1300,TV_Show,COD,20,4,2,0,30-40,43.333333333333336,0.0,0.0,0.0,-1,-1,0.0,0.0,0.0,0.0,0.0,0.0,0,0,0.0,0.0,0,0,0.0,0.0,0,0,0.0,0.0,0,0,0.0,0
LGS2ORD0011596,C016840,2025-04-02 20:00:00,Male,55,Silver,Web,Bangkok,1062,Shopee,PromptPay,20,4,2,0,>50,35.4,0.0,0.0,0.0,-1,-1,0.0,0.0,0.0,0.0,0.0,0.0,0,0,0.0,0.0,0,0,0.0,0.0,0,0,0.0,0.0,0,0,0.0,1
LGS2ORD0011597,C013040,2025-04-02 20:00:00,Male,53,Gold,TV,Khon Kaen,1064,TV_Show,COD,20,4,2,0,>50,35.46666666666667,1.0,0.0,0.0,-1,30,2341.58,0.2299999999999999,1.0,1.0,0.0,0.0,0,0,0.0,0.0,0,0,0.0,2341.58,1,0,0.0,2341.58,1,0,0.0,0
LGS2ORD0011598,C010646,2025-04-02 20:00:00,Male,48,Bronze,Lazada,Bangkok,1352,Web,Credit_Card,20,4,2,0,40-50,45.06666666666667,1.0,0.0,0.0,-1,55,1806.23,0.28,1.0,1.0,0.0,0.0,0,0,0.0,0.0,0,0,0.0,1806.23,1,0,0.0,1806.23,1,0,0.0,0
LGS2ORD0011599,C015452,2025-04-02 20:00:00,Female,34,Bronze,Shopee,Chonburi,384,Lazada,Credit_Card,20,4,2,0,30-40,12.8,2.0,0.0,0.0,-1,17,11481.76,0.18,0.5,0.0,0.0,0.0,0,0,0.0,22963.52,2,0,0.0,22963.52,2,0,0.0,22963.52,2,0,0.0,0
LGS2ORD0011600,C013507,2025-04-02 21:00:00,Female,71,Bronze,TV,Songkhla,528,Web,COD,21,4,2,0,>50,17.6,2.0,0.0,0.0,-1,61,10423.84,0.18,1.0,0.0,0.0,0.0,0,0,0.0,0.0,0,0,0.0,20847.68,2,0,0.0,20847.68,2,0,0.0,0
LGS2ORD0011601,C017935,2025-04-02 21:00:00,Female,54,Bronze,Web,Phuket,901,CallCenter,COD,21,4,2,0,>50,30.033333333333335,1.0,0.0,0.0,-1,62,8270.55,0.18,1.0,0.0,0.0,0.0,0,0,0.0,0.0,0,0,0.0,8270.55,1,0,0.0,8270.55,1,0,0.0,1
LGS2ORD0011602,C010936,2025-04-02 21:00:00,Other,51,Bronze,TV,Bangkok,629,TV_Show,PromptPay,21,4,2,0,>50,20.966666666666665,2.0,1.0,0.5,27,35,1688.025,0.18,0.5,0.0,0.0,0.0,0,0,0.0,0.0,0,0,0.0,3376.05,2,1,0.5,3376.05,2,1,0.5,0
LGS2ORD0011603,C017492,2025-04-02 21:00:00,Other,56,Silver,Web,Nakhon Ratchasima,137,Web,Credit_Card,21,4,2,0,>50,4.566666666666666,1.0,0.0,0.0,-1,4,1238.28,0.3,1.0,1.0,0.0,1238.28,1,0,0.0,1238.28,1,0,0.0,1238.28,1,0,0.0,1238.28,1,0,0.0,0
LGS2ORD0011604,C010034,2025-04-02 21:00:00,Male,31,Platinum,Lazada,Songkhla,216,TV_Show,PromptPay,21,4,2,0,30-40,7.2,1.0,1.0,1.0,62,69,7439.31,0.15,1.0,0.0,0.0,0.0,0,0,0.0,0.0,0,0,0.0,7439.31,1,1,1.0,7439.31,1,1,1.0,0
LGS2ORD0011605,C014926,2025-04-02 22:00:00,Female,50,Silver,Lazada,Songkhla,949,Web,PromptPay,22,4,2,0,40-50,31.633333333333333,1.0,0.0,0.0,-1,65,4182.52,0.2,0.0,0.0,0.0,0.0,0,0,0.0,0.0,0,0,0.0,4182.52,1,0,0.0,4182.52,1,0,0.0,0
LGS2ORD0011606,C017655,2025-04-02 22:00:00,Male,49,Platinum,Lazada,Chonburi,136,Shopee,Credit_Card,22,4,2,0,40-50,4.533333333333333,0.0,0.0,0.0,-1,-1,0.0,0.0,0.0,0.0,0.0,0.0,0,0,0.0,0.0,0,0,0.0,0.0,0,0,0.0,0.0,0,0,0.0,0
LGS2ORD0011607,C013183,2025-04-02 22:00:00,Female,61,Bronze,TV,Khon Kaen,1502,Web,COD,22,4,2,0,>50,50.06666666666667,1.0,0.0,0.0,-1,22,8147.05,0.13,1.0,0.0,0.0,0.0,0,0,0.0,8147.05,1,0,0.0,8147.05,1,0,0.0,8147.05,1,0,0.0,0
LGS2ORD0011608,C011937,2025-04-02 22:00:00,Female,46,Gold,TV,Bangkok,521,Shopee,PromptPay,22,4,2,0,40-50,17.366666666666667,1.0,0.0,0.0,-1,56,2811.09,0.28,0.0,1.0,0.0,0.0,0,0,0.0,0.0,0,0,0.0,2811.09,1,0,0.0,2811.09,1,0,0.0,1
LGS2ORD0011609,C017512,2025-04-02 22:00:00,Male,37,Gold,TV,Khon Kaen,272,CallCenter,PromptPay,22,4,2,0,30-40,9.066666666666666,1.0,0.0,0.0,-1,23,793.33,0.28,1.0,1.0,0.0,0.0,0,0,0.0,793.33,1,0,0.0,793.33,1,0,0.0,793.33,1,0,0.0,0
LGS2ORD0011610,C014213,2025-04-02 22:00:00,Male,50,Silver,Shopee,Chonburi,1446,Web,COD,22,4,2,0,40-50,48.2,1.0,1.0,1.0,38,46,2824.32,0.25,0.0,1.0,0.0,0.0,0,0,0.0,0.0,0,0,0.0,2824.32,1,1,1.0,2824.32,1,1,1.0,0
LGS2ORD0011611,C015402,2025-04-02 23:00:00,Male,68,Gold,Shopee,Chonburi,1089,Shopee,Credit_Card,23,4,2,0,>50,36.3,0.0,0.0,0.0,-1,-1,0.0,0.0,0.0,0.0,0.0,0.0,0,0,0.0,0.0,0,0,0.0,0.0,0,0,0.0,0.0,0,0,0.0,0
LGS2ORD0011612,C010354,2025-04-02 23:00:00,Male,33,Bronze,TV,Chonburi,1156,TV_Show,Credit_Card,23,4,2,0,30-40,38.53333333333333,1.0,1.0,1.0,74,84,10128.96,0.18,1.0,0.0,0.0,0.0,0,0,0.0,0.0,0,0,0.0,10128.96,1,1,1.0,10128.96,1,1,1.0,1
LGS2ORD0011613,C014372,2025-04-02 23:00:00,Female,40,Silver,Web,Songkhla,363,CallCenter,Credit_Card,23,4,2,0,30-40,12.1,1.0,0.0,0.0,-1,69,6247.19,0.05,1.0,0.0,0.0,0.0,0,0,0.0,0.0,0,0,0.0,6247.19,1,0,0.0,6247.19,1,0,0.0,0
LGS2ORD0011614,C014847,2025-04-02 23:00:00,Male,28,Silver,Web,Remote_Area,1220,Shopee,COD,23,4,2,0,20-30,40.666666666666664,2.0,0.0,0.0,-1,17,2012.5,0.2,0.0,0.0,0.0,0.0,0,0,0.0,3739.38,1,0,0.0,4025.0,2,0,0.0,4025.0,2,0,0.0,0
LGS2ORD0011615,C014519,2025-04-02 23:00:00,Female,48,Bronze,Shopee,Bangkok,127,CallCenter,COD,23,4,2,0,40-50,4.233333333333333,2.0,0.0,0.0,-1,41,3465.285,0.18,0.0,0.0,0.0,0.0,0,0,0.0,0.0,0,0,0.0,6930.57,2,0,0.0,6930.57,2,0,0.0,0
LGS2ORD0011616,C010545,2025-04-03 00:00:00,Female,35,Bronze,TV,Chiang Mai,766,Web,Credit_Card,0,4,3,0,30-40,25.533333333333335,0.0,0.0,0.0,-1,-1,0.0,0.0,0.0,0.0,0.0,0.0,0,0,0.0,0.0,0,0,0.0,0.0,0,0,0.0,0.0,0,0,0.0,0
LGS2ORD0011617,C011128,2025-04-03 00:00:00,Female,59,Gold,Lazada,Bangkok,805,TV_Show,COD,0,4,3,0,>50,26.833333333333332,2.0,1.0,0.5,11,18,7138.68,0.28,0.5,1.0,0.0,0.0,0,0,0.0,7823.82,1,1,1.0,14277.36,2,1,0.5,14277.36,2,1,0.5,1
LGS2ORD0011618,C010746,2025-04-03 00:00:00,Male,51,Bronze,Web,Songkhla,893,CallCenter,COD,0,4,3,0,>50,29.766666666666666,1.0,0.0,0.0,-1,56,11865.23,0.23,0.0,1.0,0.0,0.0,0,0,0.0,0.0,0,0,0.0,11865.23,1,0,0.0,11865.23,1,0,0.0,1
LGS2ORD0011619,C016332,2025-04-03 00:00:00,Female,39,Bronze,TV,Nakhon Ratchasima,202,Lazada,Credit_Card,0,4,3,0,30-40,6.733333333333333,1.0,0.0,0.0,-1,83,2470.83,0.03,0.0,0.0,0.0,0.0,0,0,0.0,0.0,0,0,0.0,2470.83,1,0,0.0,2470.83,1,0,0.0,0
LGS2ORD0011620,C016243,2025-04-03 00:00:00,Male,62,Bronze,Shopee,Bangkok,427,Shopee,COD,0,4,3,0,>50,14.233333333333333,0.0,0.0,0.0,-1,-1,0.0,0.0,0.0,0.0,0.0,0.0,0,0,0.0,0.0,0,0,0.0,0.0,0,0,0.0,0.0,0,0,0.0,0
LGS2ORD0011621,C010330,2025-04-03 01:00:00,Female,43,Bronze,TV,Bangkok,137,TV_Show,COD,1,4,3,0,40-50,4.566666666666666,3.0,0.0,0.0,-1,2,2448.2433333333333,0.28,0.6666666666666666,0.6666666666666666,0.0,3828.4,1,0,0.0,3828.4,1,0,0.0,7344.73,3,0,0.0,7344.73,3,0,0.0,1
LGS2ORD0011622,C015428,2025-04-03 01:00:00,Male,58,Bronze,TV,Remote_Area,1169,Lazada,COD,1,4,3,0,>50,38.96666666666667,0.0,0.0,0.0,-1,-1,0.0,0.0,0.0,0.0,0.0,0.0,0,0,0.0,0.0,0,0,0.0,0.0,0,0,0.0,0.0,0,0,0.0,0
LGS2ORD0011623,C013361,2025-04-03 01:00:00,Male,37,Gold,Shopee,Bangkok,1223,Web,COD,1,4,3,0,30-40,40.766666666666666,1.0,0.0,0.0,-1,1,3960.82,0.08,1.0,0.0,0.0,3960.82,1,0,0.0,3960.82,1,0,0.0,3960.82,1,0,0.0,3960.82,1,0,0.0,1
LGS2ORD0011624,C013021,2025-04-03 01:00:00,Male,65,Gold,TV,Khon Kaen,1191,Shopee,COD,1,4,3,0,>50,39.7,2.0,0.0,0.0,-1,7,2450.12,0.28,0.5,0.5,0.0,1376.89,1,0,0.0,4900.24,2,0,0.0,4900.24,2,0,0.0,4900.24,2,0,0.0,0
LGS2ORD0011625,C012140,2025-04-03 01:00:00,Male,52,Gold,Shopee,Songkhla,866,TV_Show,Bank_Transfer,1,4,3,0,>50,28.866666666666667,2.0,1.0,0.5,37,17,3677.4849999999997,0.28,0.5,1.0,0.0,0.0,0,0,0.0,483.78,1,0,0.0,7354.969999999999,2,1,0.5,7354.969999999999,2,1,0.5,1
LGS2ORD0011626,C014184,2025-04-03 01:00:00,Female,43,Bronze,TV,Chiang Mai,235,Shopee,Credit_Card,1,4,3,0,40-50,7.833333333333333,0.0,0.0,0.0,-1,-1,0.0,0.0,0.0,0.0,0.0,0.0,0,0,0.0,0.0,0,0,0.0,0.0,0,0,0.0,0.0,0,0,0.0,0
LGS2ORD0011627,C014673,2025-04-03 02:00:00,Male,33,Silver,Shopee,Khon Kaen,897,TV_Show,COD,2,4,3,0,30-40,29.9,1.0,0.0,0.0,-1,46,7334.56,0.05,0.0,0.0,0.0,0.0,0,0,0.0,0.0,0,0,0.0,7334.56,1,0,0.0,7334.56,1,0,0.0,0
LGS2ORD0011628,C016815,2025-04-03 02:00:00,Female,50,Silver,Lazada,Bangkok,1181,Shopee,Credit_Card,2,4,3,0,40-50,39.36666666666667,0.0,0.0,0.0,-1,-1,0.0,0.0,0.0,0.0,0.0,0.0,0,0,0.0,0.0,0,0,0.0,0.0,0,0,0.0,0.0,0,0,0.0,0
LGS2ORD0011629,C013910,2025-04-03 02:00:00,Male,33,Silver,Lazada,Chiang Mai,769,Lazada,Credit_Card,2,4,3,0,30-40,25.633333333333333,0.0,0.0,0.0,-1,-1,0.0,0.0,0.0,0.0,0.0,0.0,0,0,0.0,0.0,0,0,0.0,0.0,0,0,0.0,0.0,0,0,0.0,0
LGS2ORD0011630,C013005,2025-04-03 02:00:00,Female,39,Gold,Lazada,Chiang Mai,725,Web,COD,2,4,3,0,30-40,24.166666666666668,1.0,0.0,0.0,-1,61,2266.64,0.2299999999999999,0.0,1.0,0.0,0.0,0,0,0.0,0.0,0,0,0.0,2266.64,1,0,0.0,2266.64,1,0,0.0,0
LGS2ORD0011631,C010220,2025-04-03 02:00:00,Female,42,Silver,Shopee,Nakhon Ratchasima,288,Shopee,COD,2,4,3,0,40-50,9.6,1.0,0.0,0.0,-1,79,5056.76,0.05,0.0,0.0,0.0,0.0,0,0,0.0,0.0,0,0,0.0,5056.76,1,0,0.0,5056.76,1,0,0.0,0
LGS2ORD0011632,C012188,2025-04-03 03:00:00,Female,50,Bronze,Web,Songkhla,1377,Shopee,COD,3,4,3,0,40-50,45.9,1.0,0.0,0.0,-1,17,1308.55,0.03,0.0,0.0,0.0,0.0,0,0,0.0,1308.55,1,0,0.0,1308.55,1,0,0.0,1308.55,1,0,0.0,0
LGS2ORD0011633,C015535,2025-04-03 03:00:00,Female,50,Silver,Shopee,Songkhla,519,Web,COD,3,4,3,0,40-50,17.3,0.0,0.0,0.0,-1,-1,0.0,0.0,0.0,0.0,0.0,0.0,0,0,0.0,0.0,0,0,0.0,0.0,0,0,0.0,0.0,0,0,0.0,0
LGS2ORD0011634,C015185,2025-04-03 03:00:00,Female,50,Gold,TV,Chonburi,413,Web,COD,3,4,3,0,40-50,13.766666666666667,1.0,0.0,0.0,-1,29,2524.71,0.28,0.0,1.0,0.0,0.0,0,0,0.0,2524.71,1,0,0.0,2524.71,1,0,0.0,2524.71,1,0,0.0,1
LGS2ORD0011635,C011469,2025-04-03 03:00:00,Male,27,Silver,Web,Songkhla,614,Web,COD,3,4,3,0,20-30,20.466666666666665,2.0,1.0,0.5,52,52,13505.68,0.1,0.5,0.0,0.0,0.0,0,0,0.0,0.0,0,0,0.0,27011.36,2,1,0.5,27011.36,2,1,0.5,0
LGS2ORD0011636,C011713,2025-04-03 03:00:00,Male,57,Platinum,Shopee,Khon Kaen,655,Shopee,COD,3,4,3,0,>50,21.833333333333332,3.0,2.0,0.6666666666666666,42,32,10581.730000000001,0.25,0.3333333333333333,0.6666666666666666,0.0,0.0,0,0,0.0,0.0,0,0,0.0,31745.190000000002,3,2,0.6666666666666666,31745.190000000002,3,2,0.6666666666666666,1
LGS2ORD0011637,C014370,2025-04-03 04:00:00,Female,32,Bronze,CallCenter,Nakhon Ratchasima,865,Lazada,COD,4,4,3,0,30-40,28.833333333333332,1.0,0.0,0.0,-1,56,10115.88,0.28,1.0,1.0,0.0,0.0,0,0,0.0,0.0,0,0,0.0,10115.88,1,0,0.0,10115.88,1,0,0.0,0
LGS2ORD0011638,C016164,2025-04-03 04:00:00,Male,57,Silver,Web,Remote_Area,222,CallCenter,PromptPay,4,4,3,0,>50,7.4,2.0,2.0,1.0,-13,2,4131.6,0.25,0.5,0.5,0.0,5078.24,1,1,1.0,5078.24,1,1,1.0,8263.2,2,2,1.0,8263.2,2,2,1.0,0
LGS2ORD0011639,C011260,2025-04-03 04:00:00,Female,36,Bronze,Web,Chiang Mai,759,CallCenter,COD,4,4,3,0,30-40,25.3,3.0,1.0,0.3333333333333333,39,13,3142.4933333333333,0.23,0.6666666666666666,0.3333333333333333,0.0,0.0,0,0,0.0,4132.4,1,0,0.0,9427.48,3,1,0.3333333333333333,9427.48,3,1,0.3333333333333333,0
LGS2ORD0011640,C012573,2025-04-03 04:00:00,Female,35,Platinum,TV,Chonburi,447,TV_Show,Credit_Card,4,4,3,0,30-40,14.9,1.0,0.0,0.0,-1,40,1548.31,0.25,1.0,1.0,0.0,0.0,0,0,0.0,0.0,0,0,0.0,1548.31,1,0,0.0,1548.31,1,0,0.0,0
LGS2ORD0011641,C014691,2025-04-03 04:00:00,Female,44,Bronze,Web,Bangkok,1271,TV_Show,Credit_Card,4,4,3,0,40-50,42.36666666666667,1.0,0.0,0.0,-1,25,3105.27,0.03,0.0,0.0,0.0,0.0,0,0,0.0,3105.27,1,0,0.0,3105.27,1,0,0.0,3105.27,1,0,0.0,0
LGS2ORD0011642,C011954,2025-04-03 05:00:00,Female,46,Platinum,TV,Phuket,1207,Shopee,COD,5,4,3,0,40-50,40.233333333333334,1.0,0.0,0.0,-1,45,12428.95,0.15,0.0,0.0,0.0,0.0,0,0,0.0,0.0,0,0,0.0,12428.95,1,0,0.0,12428.95,1,0,0.0,1
LGS2ORD0011643,C011039,2025-04-03 05:00:00,Female,47,Bronze,Lazada,Chonburi,1130,Shopee,COD,5,4,3,0,40-50,37.666666666666664,3.0,1.0,0.3333333333333333,34,21,3731.4233333333336,0.23,1.0,0.6666666666666666,0.0,0.0,0,0,0.0,7724.6,1,0,0.0,11194.27,3,1,0.3333333333333333,11194.27,3,1,0.3333333333333333,1
LGS2ORD0011644,C012786,2025-04-03 05:00:00,Male,26,Gold,Web,Chiang Mai,269,TV_Show,COD,5,4,3,0,20-30,8.966666666666667,0.0,0.0,0.0,-1,-1,0.0,0.0,0.0,0.0,0.0,0.0,0,0,0.0,0.0,0,0,0.0,0.0,0,0,0.0,0.0,0,0,0.0,0
LGS2ORD0011645,C016370,2025-04-03 05:00:00,Male,46,Bronze,Shopee,Nakhon Ratchasima,279,TV_Show,PromptPay,5,4,3,0,40-50,9.3,1.0,0.0,0.0,-1,89,1412.27,0.18,1.0,0.0,0.0,0.0,0,0,0.0,0.0,0,0,0.0,1412.27,1,0,0.0,1412.27,1,0,0.0,0
LGS2ORD0011646,C013583,2025-04-03 05:00:00,Female,39,Gold,Web,Chonburi,907,Web,Credit_Card,5,4,3,0,30-40,30.233333333333334,0.0,0.0,0.0,-1,-1,0.0,0.0,0.0,0.0,0.0,0.0,0,0,0.0,0.0,0,0,0.0,0.0,0,0,0.0,0.0,0,0,0.0,0
LGS2ORD0011647,C015310,2025-04-03 05:00:00,Female,38,Gold,Lazada,Chiang Mai,1128,TV_Show,COD,5,4,3,0,30-40,37.6,1.0,1.0,1.0,48,58,2524.48,0.33,0.0,1.0,0.0,0.0,0,0,0.0,0.0,0,0,0.0,2524.48,1,1,1.0,2524.48,1,1,1.0,0
LGS2ORD0011648,C010248,2025-04-03 06:00:00,Female,63,Platinum,Shopee,Bangkok,319,TV_Show,Credit_Card,6,4,3,0,>50,10.633333333333333,2.0,1.0,0.5,39,32,3750.45,0.3,0.5,0.5,0.0,0.0,0,0,0.0,0.0,0,0,0.0,7500.9,2,1,0.5,7500.9,2,1,0.5,0
LGS2ORD0011649,C014455,2025-04-03 06:00:00,Male,31,Gold,Web,Chiang Mai,1297,Web,COD,6,4,3,0,30-40,43.233333333333334,3.0,1.0,0.3333333333333333,42,18,3225.013333333334,0.28,0.6666666666666666,0.3333333333333333,0.0,0.0,0,0,0.0,1972.44,1,0,0.0,9675.04,3,1,0.3333333333333333,9675.04,3,1,0.3333333333333333,0
LGS2ORD0011650,C011951,2025-04-03 06:00:00,Female,49,Bronze,TV,Chonburi,1256,Lazada,COD,6,4,3,0,40-50,41.86666666666667,3.0,1.0,0.3333333333333333,26,9,3425.5833333333335,0.18,1.0,0.0,0.0,0.0,0,0,0.0,9483.259999999998,2,1,0.5,10276.75,3,1,0.3333333333333333,10276.75,3,1,0.3333333333333333,1
LGS2ORD0011651,C017913,2025-04-03 06:00:00,Male,42,Gold,Lazada,Chiang Mai,815,Lazada,Bank_Transfer,6,4,3,0,40-50,27.166666666666668,1.0,0.0,0.0,-1,67,196.96,0.08,1.0,0.0,0.0,0.0,0,0,0.0,0.0,0,0,0.0,196.96,1,0,0.0,196.96,1,0,0.0,0
LGS2ORD0011652,C011906,2025-04-03 06:00:00,Female,36,Silver,CallCenter,Nakhon Ratchasima,174,Web,PromptPay,6,4,3,0,30-40,5.8,0.0,0.0,0.0,-1,-1,0.0,0.0,0.0,0.0,0.0,0.0,0,0,0.0,0.0,0,0,0.0,0.0,0,0,0.0,0.0,0,0,0.0,0
LGS2ORD0011653,C015824,2025-04-03 07:00:00,Male,51,Bronze,Shopee,Nakhon Ratchasima,913,Web,PromptPay,7,4,3,0,>50,30.433333333333334,1.0,0.0,0.0,-1,82,2431.99,0.03,1.0,0.0,0.0,0.0,0,0,0.0,0.0,0,0,0.0,2431.99,1,0,0.0,2431.99,1,0,0.0,1
LGS2ORD0011654,C012692,2025-04-03 07:00:00,Male,38,Bronze,CallCenter,Remote_Area,681,CallCenter,COD,7,4,3,0,30-40,22.7,2.0,2.0,1.0,10,23,2302.8849999999998,0.23,0.5,0.5,0.0,0.0,0,0,0.0,1505.3,1,1,1.0,4605.7699999999995,2,2,1.0,4605.7699999999995,2,2,1.0,0
LGS2ORD0011655,C014521,2025-04-03 07:00:00,Female,61,Bronze,Lazada,Bangkok,643,TV_Show,COD,7,4,3,0,>50,21.433333333333334,2.0,2.0,1.0,24,30,3860.9,0.18,1.0,0.0,0.0,0.0,0,0,0.0,0.0,0,0,0.0,7721.8,2,2,1.0,7721.8,2,2,1.0,1
LGS2ORD0011656,C013546,2025-04-03 07:00:00,Female,60,Gold,Shopee,Chonburi,1337,Lazada,PromptPay,7,4,3,0,>50,44.56666666666667,0.0,0.0,0.0,-1,-1,0.0,0.0,0.0,0.0,0.0,0.0,0,0,0.0,0.0,0,0,0.0,0.0,0,0,0.0,0.0,0,0,0.0,0
LGS2ORD0011657,C017594,2025-04-03 07:00:00,Male,41,Bronze,Lazada,Chiang Mai,455,CallCenter,Credit_Card,7,4,3,0,40-50,15.166666666666666,2.0,0.0,0.0,-1,28,7182.08,0.18,0.5,0.0,0.0,0.0,0,0,0.0,2273.49,1,0,0.0,14364.16,2,0,0.0,14364.16,2,0,0.0,0
LGS2ORD0011658,C016296,2025-04-03 08:00:00,Male,42,Bronze,Web,Nakhon Ratchasima,414,Lazada,PromptPay,8,4,3,0,40-50,13.8,2.0,2.0,1.0,42,50,1202.445,0.23,1.0,0.5,0.0,0.0,0,0,0.0,0.0,0,0,0.0,2404.89,2,2,1.0,2404.89,2,2,1.0,0
LGS2ORD0011659,C011067,2025-04-03 08:00:00,Male,24,Bronze,Web,Songkhla,549,Lazada,COD,8,4,3,0,20-30,18.3,1.0,1.0,1.0,36,51,29763.01,0.18,1.0,0.0,0.0,0.0,0,0,0.0,0.0,0,0,0.0,29763.01,1,1,1.0,29763.01,1,1,1.0,1
LGS2ORD0011660,C014839,2025-04-03 08:00:00,Male,49,Bronze,Shopee,Khon Kaen,1542,TV_Show,Credit_Card,8,4,3,0,40-50,51.4,4.0,1.0,0.25,53,6,6801.125,0.23,0.25,0.25,0.0,1112.05,1,0,0.0,13045.9,2,0,0.0,27204.5,4,1,0.25,27204.5,4,1,0.25,0
LGS2ORD0011661,C015392,2025-04-03 08:00:00,Male,41,Bronze,TV,Bangkok,267,Shopee,COD,8,4,3,0,40-50,8.9,2.0,0.0,0.0,-1,11,6860.14,0.13,1.0,0.0,0.0,0.0,0,0,0.0,12607.75,1,0,0.0,13720.28,2,0,0.0,13720.28,2,0,0.0,0
LGS2ORD0011662,C014454,2025-04-03 08:00:00,Male,46,Bronze,Lazada,Songkhla,1469,Lazada,COD,8,4,3,0,40-50,48.96666666666667,0.0,0.0,0.0,-1,-1,0.0,0.0,0.0,0.0,0.0,0.0,0,0,0.0,0.0,0,0,0.0,0.0,0,0,0.0,0.0,0,0,0.0,0
LGS2ORD0011663,C014813,2025-04-03 09:00:00,Male,51,Silver,Shopee,Khon Kaen,1416,Web,COD,9,4,3,0,>50,47.2,1.0,0.0,0.0,-1,50,856.22,0.1,1.0,0.0,0.0,0.0,0,0,0.0,0.0,0,0,0.0,856.22,1,0,0.0,856.22,1,0,0.0,1
LGS2ORD0011664,C010301,2025-04-03 09:00:00,Male,53,Bronze,CallCenter,Bangkok,562,TV_Show,Credit_Card,9,4,3,0,>50,18.733333333333334,4.0,1.0,0.25,32,32,2944.2675,0.18,0.75,0.0,0.0,0.0,0,0,0.0,0.0,0,0,0.0,11777.07,4,1,0.25,11777.07,4,1,0.25,0
LGS2ORD0011665,C017429,2025-04-03 09:00:00,Male,42,Silver,TV,Nakhon Ratchasima,840,CallCenter,COD,9,4,3,0,40-50,28.0,1.0,0.0,0.0,-1,68,6478.61,0.15,0.0,0.0,0.0,0.0,0,0,0.0,0.0,0,0,0.0,6478.61,1,0,0.0,6478.61,1,0,0.0,0
LGS2ORD0011666,C011554,2025-04-03 09:00:00,Male,40,Bronze,TV,Remote_Area,733,TV_Show,COD,9,4,3,0,30-40,24.433333333333334,2.0,0.0,0.0,-1,55,661.4549999999999,0.23,0.5,0.5,0.0,0.0,0,0,0.0,0.0,0,0,0.0,1322.9099999999999,2,0,0.0,1322.9099999999999,2,0,0.0,0
LGS2ORD0011667,C014312,2025-04-03 09:00:00,Female,41,Silver,CallCenter,Bangkok,136,CallCenter,COD,9,4,3,0,40-50,4.533333333333333,2.0,1.0,0.5,72,60,6941.915,0.25,0.0,0.5,0.0,0.0,0,0,0.0,0.0,0,0,0.0,13883.83,2,1,0.5,13883.83,2,1,0.5,0
LGS2ORD0011668,C010912,2025-04-03 09:00:00,Male,40,Silver,Lazada,Khon Kaen,699,Web,Credit_Card,9,4,3,0,30-40,23.3,2.0,0.0,0.0,-1,12,24496.82,0.2,0.0,0.0,0.0,0.0,0,0,0.0,31728.81,1,0,0.0,48993.64,2,0,0.0,48993.64,2,0,0.0,1
LGS2ORD0011669,C010660,2025-04-03 10:00:00,Male,20,Bronze,Shopee,Chiang Mai,1444,Shopee,Bank_Transfer,10,4,3,0,<20,48.13333333333333,3.0,1.0,0.3333333333333333,7,14,5363.263333333333,0.23,0.0,0.6666666666666666,0.0,0.0,0,0,0.0,14413.8,2,1,0.5,16089.79,3,1,0.3333333333333333,16089.79,3,1,0.3333333333333333,1
LGS2ORD0011670,C014851,2025-04-03 10:00:00,Male,22,Silver,TV,Khon Kaen,108,Web,Credit_Card,10,4,3,0,20-30,3.6,3.0,0.0,0.0,-1,8,3737.726666666667,0.2,0.3333333333333333,0.0,0.0,0.0,0,0,0.0,8312.54,2,0,0.0,11213.18,3,0,0.0,11213.18,3,0,0.0,0
LGS2ORD0011671,C013339,2025-04-03 10:00:00,Male,48,Silver,Web,Nakhon Ratchasima,397,CallCenter,COD,10,4,3,0,40-50,13.233333333333333,0.0,0.0,0.0,-1,-1,0.0,0.0,0.0,0.0,0.0,0.0,0,0,0.0,0.0,0,0,0.0,0.0,0,0,0.0,0.0,0,0,0.0,0
LGS2ORD0011672,C010463,2025-04-03 10:00:00,Male,33,Silver,Shopee,Khon Kaen,1520,Lazada,COD,10,4,3,0,30-40,50.666666666666664,1.0,1.0,1.0,-5,7,3855.95,0.15,1.0,0.0,0.0,3855.95,1,1,1.0,3855.95,1,1,1.0,3855.95,1,1,1.0,3855.95,1,1,1.0,0
LGS2ORD0011673,C010712,2025-04-03 10:00:00,Male,28,Silver,TV,Bangkok,163,Lazada,PromptPay,10,4,3,0,20-30,5.433333333333334,0.0,0.0,0.0,-1,-1,0.0,0.0,0.0,0.0,0.0,0.0,0,0,0.0,0.0,0,0,0.0,0.0,0,0,0.0,0.0,0,0,0.0,0
LGS2ORD0011674,C014397,2025-04-03 11:00:00,Male,55,Gold,Lazada,Nakhon Ratchasima,736,Shopee,Bank_Transfer,11,4,3,0,>50,24.533333333333335,2.0,0.0,0.0,-1,74,1535.9650000000001,0.2299999999999999,0.0,0.5,0.0,0.0,0,0,0.0,0.0,0,0,0.0,3071.9300000000003,2,0,0.0,3071.9300000000003,2,0,0.0,0
LGS2ORD0011675,C014624,2025-04-03 11:00:00,Male,39,Bronze,Shopee,Khon Kaen,1527,TV_Show,Credit_Card,11,4,3,0,30-40,50.9,1.0,1.0,1.0,24,42,11221.23,0.03,1.0,0.0,0.0,0.0,0,0,0.0,0.0,0,0,0.0,11221.23,1,1,1.0,11221.23,1,1,1.0,0
LGS2ORD0011676,C012013,2025-04-03 11:00:00,Female,52,Silver,CallCenter,Chiang Mai,166,TV_Show,Bank_Transfer,11,4,3,0,>50,5.533333333333333,2.0,1.0,0.5,19,11,16069.755000000001,0.1,1.0,0.0,0.0,0.0,0,0,0.0,32139.510000000002,2,1,0.5,32139.510000000002,2,1,0.5,32139.510000000002,2,1,0.5,0
LGS2ORD0011677,C012827,2025-04-03 11:00:00,Female,47,Bronze,CallCenter,Songkhla,810,Shopee,COD,11,4,3,0,40-50,27.0,2.0,1.0,0.5,43,56,3919.9800000000005,0.23,0.5,0.5,0.0,0.0,0,0,0.0,0.0,0,0,0.0,7839.960000000001,2,1,0.5,7839.960000000001,2,1,0.5,1
LGS2ORD0011678,C014838,2025-04-03 11:00:00,Male,54,Bronze,TV,Bangkok,1291,Shopee,COD,11,4,3,0,>50,43.03333333333333,0.0,0.0,0.0,-1,-1,0.0,0.0,0.0,0.0,0.0,0.0,0,0,0.0,0.0,0,0,0.0,0.0,0,0,0.0,0.0,0,0,0.0,1
LGS2ORD0011679,C012857,2025-04-03 12:00:00,Male,54,Bronze,Web,Chonburi,731,TV_Show,COD,12,4,3,0,>50,24.366666666666667,1.0,1.0,1.0,34,47,6662.08,0.18,1.0,0.0,0.0,0.0,0,0,0.0,0.0,0,0,0.0,6662.08,1,1,1.0,6662.08,1,1,1.0,1
LGS2ORD0011680,C011128,2025-04-03 12:00:00,Female,59,Gold,Lazada,Bangkok,805,Shopee,COD,12,4,3,0,>50,26.833333333333332,3.0,2.0,0.6666666666666666,-8,0,5309.593333333333,0.28,0.6666666666666666,0.6666666666666666,0.0,1651.42,1,1,1.0,9475.24,2,2,1.0,15928.78,3,2,0.6666666666666666,15928.78,3,2,0.6666666666666666,0
LGS2ORD0011681,C011543,2025-04-03 12:00:00,Female,24,Platinum,Web,Chonburi,714,Web,Credit_Card,12,4,3,0,20-30,23.8,0.0,0.0,0.0,-1,-1,0.0,0.0,0.0,0.0,0.0,0.0,0,0,0.0,0.0,0,0,0.0,0.0,0,0,0.0,0.0,0,0,0.0,0
LGS2ORD0011682,C012133,2025-04-03 12:00:00,Female,41,Gold,TV,Bangkok,422,Shopee,COD,12,4,3,0,40-50,14.066666666666666,4.0,1.0,0.25,49,55,2557.7799999999997,0.33,0.5,0.25,0.0,0.0,0,0,0.0,0.0,0,0,0.0,10231.119999999999,4,1,0.25,10231.119999999999,4,1,0.25,0
LGS2ORD0011683,C012538,2025-04-03 12:00:00,Male,33,Silver,Shopee,Khon Kaen,1127,CallCenter,Bank_Transfer,12,4,3,0,30-40,37.56666666666667,1.0,0.0,0.0,-1,76,3377.18,0.3,1.0,1.0,0.0,0.0,0,0,0.0,0.0,0,0,0.0,3377.18,1,0,0.0,3377.18,1,0,0.0,0
LGS2ORD0011684,C016434,2025-04-03 13:00:00,Male,64,Bronze,Lazada,Chonburi,397,Shopee,COD,13,4,3,0,>50,13.233333333333333,0.0,0.0,0.0,-1,-1,0.0,0.0,0.0,0.0,0.0,0.0,0,0,0.0,0.0,0,0,0.0,0.0,0,0,0.0,0.0,0,0,0.0,0
LGS2ORD0011685,C013650,2025-04-03 13:00:00,Male,37,Bronze,Lazada,Khon Kaen,1360,CallCenter,PromptPay,13,4,3,0,30-40,45.333333333333336,2.0,1.0,0.5,-4,3,5978.6900000000005,0.23,1.0,0.5,0.0,3946.75,1,1,1.0,11957.380000000001,2,1,0.5,11957.380000000001,2,1,0.5,11957.380000000001,2,1,0.5,0
LGS2ORD0011686,C011962,2025-04-03 13:00:00,Female,38,Silver,Lazada,Remote_Area,1524,Lazada,PromptPay,13,4,3,0,30-40,50.8,2.0,0.0,0.0,-1,8,9153.279999999999,0.3,0.0,0.5,0.0,0.0,0,0,0.0,8165.73,1,0,0.0,18306.559999999998,2,0,0.0,18306.559999999998,2,0,0.0,0
LGS2ORD0011687,C016892,2025-04-03 13:00:00,Male,62,Bronze,TV,Songkhla,1384,TV_Show,COD,13,4,3,0,>50,46.13333333333333,0.0,0.0,0.0,-1,-1,0.0,0.0,0.0,0.0,0.0,0.0,0,0,0.0,0.0,0,0,0.0,0.0,0,0,0.0,0.0,0,0,0.0,1
LGS2ORD0011688,C015606,2025-04-03 13:00:00,Male,37,Silver,Shopee,Remote_Area,647,TV_Show,Bank_Transfer,13,4,3,0,30-40,21.566666666666666,1.0,0.0,0.0,-1,32,2945.8,0.1,0.0,0.0,0.0,0.0,0,0,0.0,0.0,0,0,0.0,2945.8,1,0,0.0,2945.8,1,0,0.0,0
LGS2ORD0011689,C015100,2025-04-03 13:00:00,Female,41,Bronze,Web,Chiang Mai,1480,TV_Show,Credit_Card,13,4,3,0,40-50,49.333333333333336,2.0,0.0,0.0,-1,6,2493.1099999999997,0.18,1.0,0.0,0.0,2444.37,1,0,0.0,4986.219999999999,2,0,0.0,4986.219999999999,2,0,0.0,4986.219999999999,2,0,0.0,0
LGS2ORD0011690,C014753,2025-04-03 14:00:00,Female,48,Gold,Shopee,Bangkok,1158,Shopee,COD,14,4,3,0,40-50,38.6,3.0,0.0,0.0,-1,33,7663.153333333333,0.33,0.3333333333333333,0.6666666666666666,0.0,0.0,0,0,0.0,0.0,0,0,0.0,22989.46,3,0,0.0,22989.46,3,0,0.0,1
LGS2ORD0011691,C016887,2025-04-03 14:00:00,Male,44,Silver,CallCenter,Bangkok,1096,CallCenter,COD,14,4,3,0,40-50,36.53333333333333,1.0,0.0,0.0,-1,86,2056.56,0.15,0.0,0.0,0.0,0.0,0,0,0.0,0.0,0,0,0.0,2056.56,1,0,0.0,2056.56,1,0,0.0,0
LGS2ORD0011692,C012173,2025-04-03 14:00:00,Male,40,Bronze,Shopee,Songkhla,361,TV_Show,COD,14,4,3,0,30-40,12.033333333333333,1.0,0.0,0.0,-1,8,8410.21,0.23,1.0,1.0,0.0,0.0,0,0,0.0,8410.21,1,0,0.0,8410.21,1,0,0.0,8410.21,1,0,0.0,0
LGS2ORD0011693,C016203,2025-04-03 14:00:00,Male,46,Bronze,Shopee,Remote_Area,1329,CallCenter,COD,14,4,3,0,40-50,44.3,3.0,0.0,0.0,-1,30,4148.3533333333335,0.23,1.0,0.3333333333333333,0.0,0.0,0,0,0.0,0.0,0,0,0.0,12445.06,3,0,0.0,12445.06,3,0,0.0,0
LGS2ORD0011694,C014896,2025-04-03 14:00:00,Male,31,Bronze,TV,Khon Kaen,1501,Shopee,PromptPay,14,4,3,0,30-40,50.03333333333333,6.0,0.0,0.0,-1,24,4738.883333333333,0.23,0.5,0.16666666666666666,0.0,0.0,0,0,0.0,990.94,1,0,0.0,28433.3,6,0,0.0,28433.3,6,0,0.0,0
LGS2ORD0011695,C013130,2025-04-03 15:00:00,Other,56,Gold,CallCenter,Chiang Mai,905,Web,Credit_Card,15,4,3,0,>50,30.166666666666668,5.0,0.0,0.0,-1,8,5479.438,0.2299999999999999,0.6,0.2,0.0,0.0,0,0,0.0,10084.88,2,0,0.0,27397.19,5,0,0.0,27397.19,5,0,0.0,0
LGS2ORD0011696,C012679,2025-04-03 15:00:00,Male,46,Silver,Lazada,Khon Kaen,1318,Shopee,COD,15,4,3,0,40-50,43.93333333333333,3.0,0.0,0.0,-1,20,5579.94,0.25,0.6666666666666666,0.3333333333333333,0.0,0.0,0,0,0.0,919.65,1,0,0.0,16739.82,3,0,0.0,16739.82,3,0,0.0,0
LGS2ORD0011697,C017647,2025-04-03 15:00:00,Female,68,Silver,Lazada,Nakhon Ratchasima,901,TV_Show,COD,15,4,3,0,>50,30.033333333333335,3.0,0.0,0.0,-1,10,3764.8566666666666,0.25,0.3333333333333333,0.3333333333333333,0.0,0.0,0,0,0.0,2514.66,2,0,0.0,11294.57,3,0,0.0,11294.57,3,0,0.0,0
LGS2ORD0011698,C013941,2025-04-03 15:00:00,Male,53,Gold,Lazada,Bangkok,437,TV_Show,COD,15,4,3,0,>50,14.566666666666666,0.0,0.0,0.0,-1,-1,0.0,0.0,0.0,0.0,0.0,0.0,0,0,0.0,0.0,0,0,0.0,0.0,0,0,0.0,0.0,0,0,0.0,0
LGS2ORD0011699,C013864,2025-04-03 15:00:00,Male,27,Gold,Web,Phuket,202,CallCenter,COD,15,4,3,0,20-30,6.733333333333333,5.0,2.0,0.4,65,1,7125.1,0.28,0.6,0.6,0.0,3362.5,2,0,0.0,3362.5,2,0,0.0,35625.5,5,2,0.4,35625.5,5,2,0.4,1
LGS2ORD0011700,C013277,2025-04-03 16:00:00,Female,41,Bronze,TV,Chonburi,627,Web,Credit_Card,16,4,3,0,40-50,20.9,1.0,0.0,0.0,-1,82,845.77,0.18,1.0,0.0,0.0,0.0,0,0,0.0,0.0,0,0,0.0,845.77,1,0,0.0,845.77,1,0,0.0,0
LGS2ORD0011701,C016717,2025-04-03 16:00:00,Male,54,Platinum,Web,Chonburi,429,Lazada,COD,16,4,3,0,>50,14.3,0.0,0.0,0.0,-1,-1,0.0,0.0,0.0,0.0,0.0,0.0,0,0,0.0,0.0,0,0,0.0,0.0,0,0,0.0,0.0,0,0,0.0,0
LGS2ORD0011702,C017294,2025-04-03 16:00:00,Male,51,Bronze,Shopee,Songkhla,1545,Shopee,Credit_Card,16,4,3,0,>50,51.5,0.0,0.0,0.0,-1,-1,0.0,0.0,0.0,0.0,0.0,0.0,0,0,0.0,0.0,0,0,0.0,0.0,0,0,0.0,0.0,0,0,0.0,0
LGS2ORD0011703,C015833,2025-04-03 16:00:00,Female,41,Gold,Shopee,Bangkok,1344,Shopee,Credit_Card,16,4,3,0,40-50,44.8,1.0,0.0,0.0,-1,37,2088.99,0.08,1.0,0.0,0.0,0.0,0,0,0.0,0.0,0,0,0.0,2088.99,1,0,0.0,2088.99,1,0,0.0,0
LGS2ORD0011704,C012612,2025-04-03 16:00:00,Male,46,Bronze,Shopee,Bangkok,1146,TV_Show,COD,16,4,3,0,40-50,38.2,1.0,0.0,0.0,-1,14,954.64,0.28,1.0,1.0,0.0,0.0,0,0,0.0,954.64,1,0,0.0,954.64,1,0,0.0,954.64,1,0,0.0,1
LGS2ORD0011705,C015410,2025-04-03 17:00:00,Male,46,Bronze,TV,Bangkok,974,TV_Show,COD,17,4,3,0,40-50,32.46666666666667,2.0,0.0,0.0,-1,44,7330.3150000000005,0.13,0.0,0.0,0.0,0.0,0,0,0.0,0.0,0,0,0.0,14660.630000000001,2,0,0.0,14660.630000000001,2,0,0.0,0
LGS2ORD0011706,C010942,2025-04-03 17:00:00,Male,46,Bronze,Shopee,Bangkok,275,Shopee,Bank_Transfer,17,4,3,0,40-50,9.166666666666666,1.0,0.0,0.0,-1,9,712.64,0.18,0.0,0.0,0.0,0.0,0,0,0.0,712.64,1,0,0.0,712.64,1,0,0.0,712.64,1,0,0.0,0
LGS2ORD0011707,C015325,2025-04-03 17:00:00,Female,42,Bronze,Shopee,Bangkok,1426,TV_Show,COD,17,4,3,0,40-50,47.53333333333333,3.0,2.0,0.6666666666666666,36,50,2678.23,0.23,0.6666666666666666,0.6666666666666666,0.0,0.0,0,0,0.0,0.0,0,0,0.0,8034.6900000000005,3,2,0.6666666666666666,8034.6900000000005,3,2,0.6666666666666666,0
LGS2ORD0011708,C012620,2025-04-03 17:00:00,Male,27,Silver,TV,Bangkok,1510,Shopee,PromptPay,17,4,3,0,20-30,50.333333333333336,0.0,0.0,0.0,-1,-1,0.0,0.0,0.0,0.0,0.0,0.0,0,0,0.0,0.0,0,0,0.0,0.0,0,0,0.0,0.0,0,0,0.0,0
LGS2ORD0011709,C015828,2025-04-03 17:00:00,Male,42,Bronze,TV,Khon Kaen,1325,Web,Credit_Card,17,4,3,0,40-50,44.166666666666664,5.0,3.0,0.6,63,43,6212.386,0.28,1.0,0.4,0.0,0.0,0,0,0.0,0.0,0,0,0.0,31061.93,5,3,0.6,31061.93,5,3,0.6,0
LGS2ORD0011710,C016089,2025-04-03 17:00:00,Female,40,Silver,TV,Chiang Mai,463,Lazada,COD,17,4,3,0,30-40,15.433333333333334,0.0,0.0,0.0,-1,-1,0.0,0.0,0.0,0.0,0.0,0.0,0,0,0.0,0.0,0,0,0.0,0.0,0,0,0.0,0.0,0,0,0.0,1
LGS2ORD0011711,C011718,2025-04-03 18:00:00,Female,45,Gold,CallCenter,Bangkok,1484,TV_Show,COD,18,4,3,0,40-50,49.46666666666667,2.0,0.0,0.0,-1,52,7017.635,0.13,0.0,0.0,0.0,0.0,0,0,0.0,0.0,0,0,0.0,14035.27,2,0,0.0,14035.27,2,0,0.0,0
LGS2ORD0011712,C011210,2025-04-03 18:00:00,Other,35,Bronze,TV,Songkhla,474,Shopee,PromptPay,18,4,3,0,30-40,15.8,1.0,0.0,0.0,-1,83,8018.63,0.13,1.0,0.0,0.0,0.0,0,0,0.0,0.0,0,0,0.0,8018.63,1,0,0.0,8018.63,1,0,0.0,0
LGS2ORD0011713,C014510,2025-04-03 18:00:00,Female,72,Platinum,Lazada,Bangkok,516,Shopee,Credit_Card,18,4,3,0,>50,17.2,3.0,0.0,0.0,-1,24,3461.4599999999996,0.35,1.0,0.3333333333333333,0.0,0.0,0,0,0.0,3687.51,1,0,0.0,10384.38,3,0,0.0,10384.38,3,0,0.0,1
LGS2ORD0011714,C017504,2025-04-03 18:00:00,Male,38,Bronze,TV,Nakhon Ratchasima,439,Lazada,Credit_Card,18,4,3,0,30-40,14.633333333333333,0.0,0.0,0.0,-1,-1,0.0,0.0,0.0,0.0,0.0,0.0,0,0,0.0,0.0,0,0,0.0,0.0,0,0,0.0,0.0,0,0,0.0,0
LGS2ORD0011715,C013405,2025-04-03 18:00:00,Male,27,Silver,Lazada,Nakhon Ratchasima,965,Lazada,Credit_Card,18,4,3,0,20-30,32.166666666666664,3.0,2.0,0.6666666666666666,9,21,5277.29,0.25,0.3333333333333333,0.3333333333333333,0.0,0.0,0,0,0.0,1363.08,1,1,1.0,15831.869999999999,3,2,0.6666666666666666,15831.869999999999,3,2,0.6666666666666666,0
LGS2ORD0011716,C015238,2025-04-03 19:00:00,Female,23,Platinum,Web,Remote_Area,660,Web,Credit_Card,19,4,3,0,20-30,22.0,0.0,0.0,0.0,-1,-1,0.0,0.0,0.0,0.0,0.0,0.0,0,0,0.0,0.0,0,0,0.0,0.0,0,0,0.0,0.0,0,0,0.0,0
LGS2ORD0011717,C012644,2025-04-03 19:00:00,Male,32,Bronze,Web,Bangkok,1447,CallCenter,Credit_Card,19,4,3,0,30-40,48.233333333333334,2.0,1.0,0.5,38,51,15234.814999999999,0.13,1.0,0.0,0.0,0.0,0,0,0.0,0.0,0,0,0.0,30469.629999999997,2,1,0.5,30469.629999999997,2,1,0.5,0
LGS2ORD0011718,C012887,2025-04-03 19:00:00,Female,57,Bronze,Shopee,Chonburi,1288,Shopee,COD,19,4,3,0,>50,42.93333333333333,4.0,3.0,0.75,48,60,5200.804999999999,0.23,1.0,0.25,0.0,0.0,0,0,0.0,0.0,0,0,0.0,20803.219999999998,4,3,0.75,20803.219999999998,4,3,0.75,1
LGS2ORD0011719,C014261,2025-04-03 19:00:00,Male,28,Bronze,Shopee,Bangkok,1080,CallCenter,COD,19,4,3,0,20-30,36.0,0.0,0.0,0.0,-1,-1,0.0,0.0,0.0,0.0,0.0,0.0,0,0,0.0,0.0,0,0,0.0,0.0,0,0,0.0,0.0,0,0,0.0,0
LGS2ORD0011720,C015083,2025-04-03 19:00:00,Female,26,Bronze,TV,Bangkok,699,Shopee,PromptPay,19,4,3,0,20-30,23.3,2.0,0.0,0.0,-1,18,8699.42,0.13,0.5,0.0,0.0,0.0,0,0,0.0,1487.39,1,0,0.0,1487.39,1,0,0.0,17398.84,2,0,0.0,0
LGS2ORD0011721,C010345,2025-04-03 20:00:00,Female,50,Bronze,Web,Bangkok,491,Web,PromptPay,20,4,3,0,40-50,16.366666666666667,2.0,0.0,0.0,-1,23,9514.535,0.18,0.0,0.0,0.0,0.0,0,0,0.0,1606.72,1,0,0.0,19029.07,2,0,0.0,19029.07,2,0,0.0,1
LGS2ORD0011722,C012563,2025-04-03 20:00:00,Male,49,Silver,TV,Phuket,1525,Lazada,Credit_Card,20,4,3,0,40-50,50.833333333333336,1.0,0.0,0.0,-1,10,6497.2,0.1,1.0,0.0,0.0,0.0,0,0,0.0,6497.2,1,0,0.0,6497.2,1,0,0.0,6497.2,1,0,0.0,0
LGS2ORD0011723,C015357,2025-04-03 20:00:00,Male,48,Gold,TV,Nakhon Ratchasima,612,Shopee,PromptPay,20,4,3,0,40-50,20.4,0.0,0.0,0.0,-1,-1,0.0,0.0,0.0,0.0,0.0,0.0,0,0,0.0,0.0,0,0,0.0,0.0,0,0,0.0,0.0,0,0,0.0,1
LGS2ORD0011724,C013388,2025-04-03 20:00:00,Other,58,Silver,Web,Bangkok,997,Shopee,Credit_Card,20,4,3,0,>50,33.233333333333334,3.0,1.0,0.3333333333333333,30,12,2556.4733333333334,0.3,0.6666666666666666,0.3333333333333333,0.0,0.0,0,0,0.0,4835.7,1,0,0.0,7669.42,3,1,0.3333333333333333,7669.42,3,1,0.3333333333333333,0
LGS2ORD0011725,C013800,2025-04-03 20:00:00,Female,23,Silver,Lazada,Chiang Mai,1496,CallCenter,Credit_Card,20,4,3,0,20-30,49.86666666666667,0.0,0.0,0.0,-1,-1,0.0,0.0,0.0,0.0,0.0,0.0,0,0,0.0,0.0,0,0,0.0,0.0,0,0,0.0,0.0,0,0,0.0,0
LGS2ORD0011726,C017064,2025-04-03 20:00:00,Male,46,Silver,Shopee,Songkhla,697,Lazada,COD,20,4,3,0,40-50,23.233333333333334,1.0,0.0,0.0,-1,29,525.41,0.2,0.0,0.0,0.0,0.0,0,0,0.0,525.41,1,0,0.0,525.41,1,0,0.0,525.41,1,0,0.0,1
LGS2ORD0011727,C011935,2025-04-03 21:00:00,Female,45,Bronze,TV,Remote_Area,1203,TV_Show,COD,21,4,3,0,40-50,40.1,0.0,0.0,0.0,-1,-1,0.0,0.0,0.0,0.0,0.0,0.0,0,0,0.0,0.0,0,0,0.0,0.0,0,0,0.0,0.0,0,0,0.0,1
LGS2ORD0011728,C015741,2025-04-03 21:00:00,Female,38,Gold,Shopee,Songkhla,1225,Lazada,PromptPay,21,4,3,0,30-40,40.833333333333336,0.0,0.0,0.0,-1,-1,0.0,0.0,0.0,0.0,0.0,0.0,0,0,0.0,0.0,0,0,0.0,0.0,0,0,0.0,0.0,0,0,0.0,0
LGS2ORD0011729,C017461,2025-04-03 21:00:00,Male,31,Bronze,Web,Nakhon Ratchasima,187,CallCenter,COD,21,4,3,0,30-40,6.233333333333333,1.0,0.0,0.0,-1,58,4463.83,0.13,0.0,0.0,0.0,0.0,0,0,0.0,0.0,0,0,0.0,4463.83,1,0,0.0,4463.83,1,0,0.0,1
LGS2ORD0011730,C013392,2025-04-03 21:00:00,Male,51,Silver,Web,Phuket,1431,TV_Show,COD,21,4,3,0,>50,47.7,1.0,0.0,0.0,-1,92,1042.01,0.15,0.0,0.0,0.0,0.0,0,0,0.0,0.0,0,0,0.0,0.0,0,0,0.0,1042.01,1,0,0.0,0
LGS2ORD0011731,C015233,2025-04-03 21:00:00,Female,23,Gold,Shopee,Khon Kaen,1010,Web,COD,21,4,3,0,20-30,33.666666666666664,0.0,0.0,0.0,-1,-1,0.0,0.0,0.0,0.0,0.0,0.0,0,0,0.0,0.0,0,0,0.0,0.0,0,0,0.0,0.0,0,0,0.0,0
LGS2ORD0011732,C011115,2025-04-03 22:00:00,Female,57,Bronze,Lazada,Chonburi,744,Shopee,COD,22,4,3,0,>50,24.8,1.0,0.0,0.0,-1,37,1979.76,0.23,0.0,1.0,0.0,0.0,0,0,0.0,0.0,0,0,0.0,1979.76,1,0,0.0,1979.76,1,0,0.0,0
LGS2ORD0011733,C012346,2025-04-03 22:00:00,Male,24,Bronze,TV,Chiang Mai,921,Shopee,COD,22,4,3,0,20-30,30.7,3.0,1.0,0.3333333333333333,66,70,5000.8,0.23,0.6666666666666666,0.3333333333333333,0.0,0.0,0,0,0.0,0.0,0,0,0.0,15002.4,3,1,0.3333333333333333,15002.4,3,1,0.3333333333333333,1
LGS2ORD0011734,C011825,2025-04-03 22:00:00,Male,51,Silver,Web,Chonburi,949,Shopee,COD,22,4,3,0,>50,31.633333333333333,3.0,1.0,0.3333333333333333,84,65,5626.393333333333,0.25,0.6666666666666666,0.3333333333333333,0.0,0.0,0,0,0.0,0.0,0,0,0.0,14443.32,2,0,0.0,16879.18,3,1,0.3333333333333333,0
LGS2ORD0011735,C013129,2025-04-03 22:00:00,Male,32,Bronze,TV,Remote_Area,639,Web,PromptPay,22,4,3,0,30-40,21.3,2.0,0.0,0.0,-1,32,7886.73,0.23,1.0,0.5,0.0,0.0,0,0,0.0,0.0,0,0,0.0,15773.46,2,0,0.0,15773.46,2,0,0.0,0
LGS2ORD0011736,C011200,2025-04-03 22:00:00,Male,58,Silver,TV,Chiang Mai,1296,TV_Show,Bank_Transfer,22,4,3,0,>50,43.2,2.0,0.0,0.0,-1,34,6101.255,0.1,0.5,0.0,0.0,0.0,0,0,0.0,0.0,0,0,0.0,5275.52,1,0,0.0,12202.51,2,0,0.0,0
LGS2ORD0011737,C015186,2025-04-03 23:00:00,Male,49,Bronze,Lazada,Khon Kaen,974,Shopee,COD,23,4,3,0,40-50,32.46666666666667,2.0,0.0,0.0,-1,4,4106.745,0.23,1.0,0.5,0.0,5443.32,1,0,0.0,5443.32,1,0,0.0,8213.49,2,0,0.0,8213.49,2,0,0.0,1
LGS2ORD0011738,C017753,2025-04-03 23:00:00,Male,20,Silver,Shopee,Khon Kaen,1100,Shopee,COD,23,4,3,0,<20,36.666666666666664,0.0,0.0,0.0,-1,-1,0.0,0.0,0.0,0.0,0.0,0.0,0,0,0.0,0.0,0,0,0.0,0.0,0,0,0.0,0.0,0,0,0.0,0
LGS2ORD0011739,C010657,2025-04-03 23:00:00,Female,45,Bronze,Shopee,Phuket,813,Lazada,Credit_Card,23,4,3,0,40-50,27.1,1.0,0.0,0.0,-1,47,4212.18,0.13,1.0,0.0,0.0,0.0,0,0,0.0,0.0,0,0,0.0,4212.18,1,0,0.0,4212.18,1,0,0.0,0
LGS2ORD0011740,C013764,2025-04-03 23:00:00,Male,47,Platinum,Web,Nakhon Ratchasima,382,Lazada,Credit_Card,23,4,3,0,40-50,12.733333333333333,1.0,0.0,0.0,-1,78,16199.98,0.3,1.0,1.0,0.0,0.0,0,0,0.0,0.0,0,0,0.0,16199.98,1,0,0.0,16199.98,1,0,0.0,0
LGS2ORD0011741,C013567,2025-04-03 23:00:00,Female,31,Bronze,Shopee,Bangkok,144,Web,Credit_Card,23,4,3,0,30-40,4.8,1.0,1.0,1.0,73,84,6216.58,0.08,0.0,0.0,0.0,0.0,0,0,0.0,0.0,0,0,0.0,6216.58,1,1,1.0,6216.58,1,1,1.0,0
LGS2ORD0011742,C013746,2025-04-04 00:00:00,Female,49,Gold,Shopee,Bangkok,230,CallCenter,COD,0,4,4,0,40-50,7.666666666666667,3.0,0.0,0.0,-1,86,2102.7833333333333,0.28,0.0,0.3333333333333333,0.0,0.0,0,0,0.0,0.0,0,0,0.0,4504.9,2,0,0.0,6308.35,3,0,0.0,0
LGS2ORD0011743,C016683,2025-04-04 00:00:00,Female,31,Silver,Lazada,Chonburi,265,Lazada,Credit_Card,0,4,4,0,30-40,8.833333333333334,2.0,1.0,0.5,3,2,1221.49,0.25,0.5,0.5,0.0,850.54,1,0,0.0,2442.98,2,1,0.5,2442.98,2,1,0.5,2442.98,2,1,0.5,0
LGS2ORD0011744,C011284,2025-04-04 00:00:00,Female,46,Bronze,TV,Remote_Area,1331,TV_Show,COD,0,4,4,0,40-50,44.36666666666667,3.0,1.0,0.3333333333333333,59,26,12975.253333333334,0.18,0.6666666666666666,0.0,0.0,0.0,0,0,0.0,9765.11,1,0,0.0,38925.76,3,1,0.3333333333333333,38925.76,3,1,0.3333333333333333,1
LGS2ORD0011745,C011353,2025-04-04 00:00:00,Male,27,Bronze,TV,Remote_Area,280,Shopee,COD,0,4,4,0,20-30,9.333333333333334,1.0,0.0,0.0,-1,81,16919.12,0.08,1.0,0.0,0.0,0.0,0,0,0.0,0.0,0,0,0.0,16919.12,1,0,0.0,16919.12,1,0,0.0,1
LGS2ORD0011746,C011387,2025-04-04 00:00:00,Male,59,Silver,TV,Phuket,649,Lazada,COD,0,4,4,0,>50,21.633333333333333,2.0,2.0,1.0,17,25,1858.645,0.25,0.0,0.5,0.0,0.0,0,0,0.0,1644.31,1,1,1.0,3717.29,2,2,1.0,3717.29,2,2,1.0,0
LGS2ORD0011747,C015360,2025-04-04 00:00:00,Female,43,Bronze,Shopee,Bangkok,1333,TV_Show,Bank_Transfer,0,4,4,0,40-50,44.43333333333333,3.0,1.0,0.3333333333333333,41,1,13017.706666666665,0.18,0.6666666666666666,0.0,0.0,1494.92,1,0,0.0,1494.92,1,0,0.0,39053.119999999995,3,1,0.3333333333333333,39053.119999999995,3,1,0.3333333333333333,0
LGS2ORD0011748,C017056,2025-04-04 01:00:00,Female,43,Silver,Shopee,Khon Kaen,1306,Shopee,COD,1,4,4,0,40-50,43.53333333333333,2.0,1.0,0.5,73,44,2995.6850000000004,0.2,1.0,0.0,0.0,0.0,0,0,0.0,0.0,0,0,0.0,5991.370000000001,2,1,0.5,5991.370000000001,2,1,0.5,1
LGS2ORD0011749,C010636,2025-04-04 01:00:00,Male,37,Silver,TV,Phuket,1254,Web,PromptPay,1,4,4,0,30-40,41.8,3.0,1.0,0.3333333333333333,12,14,1723.6033333333332,0.25,0.6666666666666666,0.3333333333333333,0.0,0.0,0,0,0.0,3660.0299999999997,2,1,0.5,5170.8099999999995,3,1,0.3333333333333333,5170.8099999999995,3,1,0.3333333333333333,0
LGS2ORD0011750,C017976,2025-04-04 01:00:00,Female,37,Silver,TV,Chonburi,1428,Shopee,COD,1,4,4,0,30-40,47.6,1.0,0.0,0.0,-1,64,6604.26,0.1,0.0,0.0,0.0,0.0,0,0,0.0,0.0,0,0,0.0,6604.26,1,0,0.0,6604.26,1,0,0.0,1
LGS2ORD0011751,C017267,2025-04-04 01:00:00,Female,23,Platinum,CallCenter,Bangkok,428,Web,COD,1,4,4,0,20-30,14.266666666666667,2.0,1.0,0.5,35,48,16253.960000000001,0.25,1.0,0.5,0.0,0.0,0,0,0.0,0.0,0,0,0.0,32507.920000000002,2,1,0.5,32507.920000000002,2,1,0.5,0
LGS2ORD0011752,C015589,2025-04-04 01:00:00,Female,42,Bronze,Web,Chonburi,943,Lazada,COD,1,4,4,0,40-50,31.433333333333334,1.0,0.0,0.0,-1,8,2346.72,0.13,1.0,0.0,0.0,0.0,0,0,0.0,2346.72,1,0,0.0,2346.72,1,0,0.0,2346.72,1,0,0.0,1
LGS2ORD0011753,C010614,2025-04-04 02:00:00,Male,27,Platinum,Lazada,Khon Kaen,938,TV_Show,Credit_Card,2,4,4,0,20-30,31.266666666666666,0.0,0.0,0.0,-1,-1,0.0,0.0,0.0,0.0,0.0,0.0,0,0,0.0,0.0,0,0,0.0,0.0,0,0,0.0,0.0,0,0,0.0,0
LGS2ORD0011754,C016832,2025-04-04 02:00:00,Female,29,Silver,Web,Phuket,1407,Web,COD,2,4,4,0,20-30,46.9,0.0,0.0,0.0,-1,-1,0.0,0.0,0.0,0.0,0.0,0.0,0,0,0.0,0.0,0,0,0.0,0.0,0,0,0.0,0.0,0,0,0.0,0
LGS2ORD0011755,C016538,2025-04-04 02:00:00,Other,42,Gold,Shopee,Khon Kaen,1358,Web,Credit_Card,2,4,4,0,40-50,45.266666666666666,3.0,0.0,0.0,-1,46,1279.6133333333332,0.33,0.3333333333333333,0.3333333333333333,0.0,0.0,0,0,0.0,0.0,0,0,0.0,3838.8399999999997,3,0,0.0,3838.8399999999997,3,0,0.0,0
LGS2ORD0011756,C010982,2025-04-04 02:00:00,Other,46,Bronze,TV,Khon Kaen,983,TV_Show,PromptPay,2,4,4,0,40-50,32.766666666666666,2.0,0.0,0.0,-1,48,1754.815,0.18,0.5,0.0,0.0,0.0,0,0,0.0,0.0,0,0,0.0,3509.63,2,0,0.0,3509.63,2,0,0.0,0
LGS2ORD0011757,C014720,2025-04-04 02:00:00,Male,35,Bronze,Shopee,Chonburi,1073,Web,COD,2,4,4,0,30-40,35.766666666666666,2.0,0.0,0.0,-1,79,6352.505,0.03,0.0,0.0,0.0,0.0,0,0,0.0,0.0,0,0,0.0,11038.92,1,0,0.0,12705.01,2,0,0.0,0
LGS2ORD0011758,C010656,2025-04-04 03:00:00,Female,28,Bronze,TV,Remote_Area,1183,CallCenter,Credit_Card,3,4,4,0,20-30,39.43333333333333,5.0,3.0,0.6,4,17,1912.2220000000002,0.23,0.4,0.2,0.0,0.0,0,0,0.0,947.19,1,1,1.0,9561.11,5,3,0.6,9561.11,5,3,0.6,1
LGS2ORD0011759,C017750,2025-04-04 03:00:00,Female,23,Silver,TV,Bangkok,1217,CallCenter,COD,3,4,4,0,20-30,40.56666666666667,1.0,0.0,0.0,-1,5,285.56,0.05,0.0,0.0,0.0,285.56,1,0,0.0,285.56,1,0,0.0,285.56,1,0,0.0,285.56,1,0,0.0,0
LGS2ORD0011760,C013134,2025-04-04 03:00:00,Female,64,Bronze,TV,Remote_Area,1033,Web,COD,3,4,4,0,>50,34.43333333333333,0.0,0.0,0.0,-1,-1,0.0,0.0,0.0,0.0,0.0,0.0,0,0,0.0,0.0,0,0,0.0,0.0,0,0,0.0,0.0,0,0,0.0,0
LGS2ORD0011761,C017478,2025-04-04 03:00:00,Female,56,Gold,TV,Chiang Mai,614,TV_Show,COD,3,4,4,0,>50,20.466666666666665,1.0,0.0,0.0,-1,61,1205.38,0.2299999999999999,1.0,1.0,0.0,0.0,0,0,0.0,0.0,0,0,0.0,1205.38,1,0,0.0,1205.38,1,0,0.0,0
LGS2ORD0011762,C014319,2025-04-04 03:00:00,Female,43,Bronze,Shopee,Bangkok,1201,CallCenter,COD,3,4,4,0,40-50,40.03333333333333,3.0,2.0,0.6666666666666666,8,17,4910.363333333334,0.23,0.6666666666666666,0.3333333333333333,0.0,0.0,0,0,0.0,9679.400000000001,2,2,1.0,14731.090000000002,3,2,0.6666666666666666,14731.090000000002,3,2,0.6666666666666666,0
LGS2ORD0011763,C011010,2025-04-04 04:00:00,Female,40,Silver,CallCenter,Songkhla,941,Web,Credit_Card,4,4,4,0,30-40,31.366666666666667,0.0,0.0,0.0,-1,-1,0.0,0.0,0.0,0.0,0.0,0.0,0,0,0.0,0.0,0,0,0.0,0.0,0,0,0.0,0.0,0,0,0.0,1
LGS2ORD0011764,C016407,2025-04-04 04:00:00,Male,18,Gold,CallCenter,Bangkok,602,TV_Show,COD,4,4,4,0,<20,20.066666666666666,0.0,0.0,0.0,-1,-1,0.0,0.0,0.0,0.0,0.0,0.0,0,0,0.0,0.0,0,0,0.0,0.0,0,0,0.0,0.0,0,0,0.0,0
LGS2ORD0011765,C014258,2025-04-04 04:00:00,Female,39,Gold,Web,Nakhon Ratchasima,1032,Shopee,COD,4,4,4,0,30-40,34.4,1.0,0.0,0.0,-1,55,2707.19,0.08,1.0,0.0,0.0,0.0,0,0,0.0,0.0,0,0,0.0,2707.19,1,0,0.0,2707.19,1,0,0.0,0
LGS2ORD0011766,C016415,2025-04-04 04:00:00,Male,69,Bronze,Shopee,Nakhon Ratchasima,1417,TV_Show,COD,4,4,4,0,>50,47.233333333333334,6.0,0.0,0.0,-1,15,5482.541666666667,0.23,0.5,0.3333333333333333,0.0,0.0,0,0,0.0,22495.11,2,0,0.0,32895.25,6,0,0.0,32895.25,6,0,0.0,1
LGS2ORD0011767,C011028,2025-04-04 04:00:00,Female,35,Platinum,Shopee,Bangkok,683,Shopee,Credit_Card,4,4,4,0,30-40,22.766666666666666,0.0,0.0,0.0,-1,-1,0.0,0.0,0.0,0.0,0.0,0.0,0,0,0.0,0.0,0,0,0.0,0.0,0,0,0.0,0.0,0,0,0.0,0
LGS2ORD0011768,C015634,2025-04-04 04:00:00,Male,42,Bronze,TV,Songkhla,1169,CallCenter,COD,4,4,4,0,40-50,38.96666666666667,0.0,0.0,0.0,-1,-1,0.0,0.0,0.0,0.0,0.0,0.0,0,0,0.0,0.0,0,0,0.0,0.0,0,0,0.0,0.0,0,0,0.0,1
LGS2ORD0011769,C013723,2025-04-04 05:00:00,Male,23,Bronze,TV,Songkhla,521,Web,COD,5,4,4,0,20-30,17.366666666666667,3.0,0.0,0.0,-1,54,7837.110000000001,0.18,0.3333333333333333,0.0,0.0,0.0,0,0,0.0,0.0,0,0,0.0,23511.33,3,0,0.0,23511.33,3,0,0.0,0
LGS2ORD0011770,C011104,2025-04-04 05:00:00,Female,45,Bronze,Shopee,Bangkok,1359,Web,COD,5,4,4,0,40-50,45.3,1.0,0.0,0.0,-1,19,3755.36,0.08,0.0,0.0,0.0,0.0,0,0,0.0,3755.36,1,0,0.0,3755.36,1,0,0.0,3755.36,1,0,0.0,1
LGS2ORD0011771,C010044,2025-04-04 05:00:00,Female,28,Bronze,Shopee,Nakhon Ratchasima,1201,TV_Show,PromptPay,5,4,4,0,20-30,40.03333333333333,0.0,0.0,0.0,-1,-1,0.0,0.0,0.0,0.0,0.0,0.0,0,0,0.0,0.0,0,0,0.0,0.0,0,0,0.0,0.0,0,0,0.0,0
LGS2ORD0011772,C011925,2025-04-04 05:00:00,Male,47,Gold,Lazada,Bangkok,781,Shopee,PromptPay,5,4,4,0,40-50,26.033333333333335,1.0,0.0,0.0,-1,15,1938.04,0.08,0.0,0.0,0.0,0.0,0,0,0.0,1938.04,1,0,0.0,1938.04,1,0,0.0,1938.04,1,0,0.0,0
LGS2ORD0011773,C013258,2025-04-04 05:00:00,Female,37,Bronze,Lazada,Chonburi,1178,CallCenter,COD,5,4,4,0,30-40,39.266666666666666,2.0,1.0,0.5,64,63,9905.19,0.18,0.5,0.0,0.0,0.0,0,0,0.0,0.0,0,0,0.0,19810.38,2,1,0.5,19810.38,2,1,0.5,0
LGS2ORD0011774,C010401,2025-04-04 06:00:00,Female,37,Bronze,Lazada,Phuket,1212,CallCenter,COD,6,4,4,0,30-40,40.4,2.0,2.0,1.0,0,15,6495.995000000001,0.23,0.5,0.5,0.0,0.0,0,0,0.0,6062.22,1,1,1.0,12991.990000000002,2,2,1.0,12991.990000000002,2,2,1.0,0
LGS2ORD0011775,C011409,2025-04-04 06:00:00,Female,56,Bronze,CallCenter,Chonburi,1398,CallCenter,Credit_Card,6,4,4,0,>50,46.6,1.0,0.0,0.0,-1,85,13408.44,0.23,1.0,1.0,0.0,0.0,0,0,0.0,0.0,0,0,0.0,13408.44,1,0,0.0,13408.44,1,0,0.0,0
LGS2ORD0011776,C015077,2025-04-04 06:00:00,Male,60,Bronze,Shopee,Chonburi,905,TV_Show,PromptPay,6,4,4,0,>50,30.166666666666668,2.0,0.0,0.0,-1,62,6863.625,0.23,1.0,0.5,0.0,0.0,0,0,0.0,0.0,0,0,0.0,1115.94,1,0,0.0,13727.25,2,0,0.0,0
LGS2ORD0011777,C017492,2025-04-04 06:00:00,Other,56,Silver,Web,Nakhon Ratchasima,139,Lazada,COD,6,4,4,0,>50,4.633333333333334,2.0,0.0,0.0,-1,1,3066.12,0.3,0.5,0.5,0.0,6132.24,2,0,0.0,6132.24,2,0,0.0,6132.24,2,0,0.0,6132.24,2,0,0.0,0
LGS2ORD0011778,C010773,2025-04-04 06:00:00,Female,57,Bronze,TV,Chiang Mai,126,TV_Show,Bank_Transfer,6,4,4,0,>50,4.2,0.0,0.0,0.0,-1,-1,0.0,0.0,0.0,0.0,0.0,0.0,0,0,0.0,0.0,0,0,0.0,0.0,0,0,0.0,0.0,0,0,0.0,0
LGS2ORD0011779,C016445,2025-04-04 07:00:00,Male,50,Bronze,TV,Remote_Area,602,Web,COD,7,4,4,0,40-50,20.066666666666666,4.0,2.0,0.5,28,1,14047.112500000001,0.23,0.5,0.5,0.0,4872.55,1,0,0.0,4872.55,1,0,0.0,56188.450000000004,4,2,0.5,56188.450000000004,4,2,0.5,0
LGS2ORD0011780,C011983,2025-04-04 07:00:00,Female,50,Silver,Lazada,Chonburi,872,Web,Credit_Card,7,4,4,0,40-50,29.066666666666666,1.0,1.0,1.0,72,84,3099.96,0.2,0.0,0.0,0.0,0.0,0,0,0.0,0.0,0,0,0.0,3099.96,1,1,1.0,3099.96,1,1,1.0,0
LGS2ORD0011781,C012308,2025-04-04 07:00:00,Male,22,Bronze,TV,Songkhla,1051,Web,COD,7,4,4,0,20-30,35.03333333333333,4.0,1.0,0.25,64,7,4904.465,0.23,0.75,0.5,0.0,0.0,0,0,0.0,8467.56,1,0,0.0,19143.440000000002,3,1,0.3333333333333333,19617.86,4,1,0.25,1
LGS2ORD0011782,C016067,2025-04-04 07:00:00,Male,60,Gold,Web,Remote_Area,1500,TV_Show,COD,7,4,4,0,>50,50.0,5.0,2.0,0.4,14,6,8322.64,0.28,0.8,0.4,0.0,16531.95,1,0,0.0,24507.08,3,1,0.3333333333333333,36468.630000000005,4,2,0.5,41613.2,5,2,0.4,0
LGS2ORD0011783,C010972,2025-04-04 07:00:00,Male,33,Bronze,Web,Bangkok,1434,Lazada,PromptPay,7,4,4,0,30-40,47.8,3.0,1.0,0.3333333333333333,8,18,7218.256666666667,0.18,0.3333333333333333,0.0,0.0,0.0,0,0,0.0,9179.02,2,1,0.5,21654.77,3,1,0.3333333333333333,21654.77,3,1,0.3333333333333333,0
LGS2ORD0011784,C015484,2025-04-04 08:00:00,Female,47,Silver,TV,Chonburi,782,TV_Show,COD,8,4,4,0,40-50,26.066666666666666,3.0,0.0,0.0,-1,13,1423.7,0.2,0.6666666666666666,0.0,0.0,0.0,0,0,0.0,2128.13,1,0,0.0,4271.1,3,0,0.0,4271.1,3,0,0.0,0
LGS2ORD0011785,C010680,2025-04-04 08:00:00,Male,47,Bronze,Lazada,Nakhon Ratchasima,377,Shopee,COD,8,4,4,0,40-50,12.566666666666666,2.0,0.0,0.0,-1,59,3752.8,0.08,0.0,0.0,0.0,0.0,0,0,0.0,0.0,0,0,0.0,7505.6,2,0,0.0,7505.6,2,0,0.0,1
LGS2ORD0011786,C012140,2025-04-04 08:00:00,Male,52,Gold,Shopee,Songkhla,867,CallCenter,COD,8,4,4,0,>50,28.9,3.0,2.0,0.6666666666666666,-13,1,10164.473333333333,0.28,0.3333333333333333,0.6666666666666666,0.0,23138.45,1,1,1.0,23622.23,2,1,0.5,30493.42,3,2,0.6666666666666666,30493.42,3,2,0.6666666666666666,0
LGS2ORD0011787,C011420,2025-04-04 08:00:00,Male,32,Gold,Lazada,Chiang Mai,1534,Web,Credit_Card,8,4,4,0,30-40,51.13333333333333,1.0,0.0,0.0,-1,32,4850.84,0.18,1.0,0.0,0.0,0.0,0,0,0.0,0.0,0,0,0.0,4850.84,1,0,0.0,4850.84,1,0,0.0,0
LGS2ORD0011788,C015921,2025-04-04 08:00:00,Male,47,Bronze,TV,Khon Kaen,1526,CallCenter,COD,8,4,4,0,40-50,50.86666666666667,3.0,1.0,0.3333333333333333,21,33,2479.4599999999996,0.18,1.0,0.0,0.0,0.0,0,0,0.0,0.0,0,0,0.0,7438.379999999999,3,1,0.3333333333333333,7438.379999999999,3,1,0.3333333333333333,0
LGS2ORD0011789,C013398,2025-04-04 08:00:00,Male,52,Gold,CallCenter,Khon Kaen,1154,CallCenter,Credit_Card,8,4,4,0,>50,38.46666666666667,1.0,0.0,0.0,-1,49,7644.89,0.28,1.0,1.0,0.0,0.0,0,0,0.0,0.0,0,0,0.0,7644.89,1,0,0.0,7644.89,1,0,0.0,0
LGS2ORD0011790,C014523,2025-04-04 09:00:00,Male,50,Silver,TV,Remote_Area,130,Shopee,COD,9,4,4,0,40-50,4.333333333333333,1.0,0.0,0.0,-1,46,5014.1,0.05,0.0,0.0,0.0,0.0,0,0,0.0,0.0,0,0,0.0,5014.1,1,0,0.0,5014.1,1,0,0.0,0
LGS2ORD0011791,C017760,2025-04-04 09:00:00,Female,72,Bronze,Shopee,Phuket,511,Shopee,COD,9,4,4,0,>50,17.033333333333335,1.0,1.0,1.0,0,11,16719.32,0.03,1.0,0.0,0.0,0.0,0,0,0.0,16719.32,1,1,1.0,16719.32,1,1,1.0,16719.32,1,1,1.0,1
LGS2ORD0011792,C011341,2025-04-04 09:00:00,Female,59,Bronze,Web,Bangkok,1012,Lazada,PromptPay,9,4,4,0,>50,33.733333333333334,2.0,0.0,0.0,-1,2,2554.69,0.13,1.0,0.0,0.0,702.29,1,0,0.0,5109.38,2,0,0.0,5109.38,2,0,0.0,5109.38,2,0,0.0,1
LGS2ORD0011793,C015599,2025-04-04 09:00:00,Male,36,Bronze,Shopee,Bangkok,1479,Lazada,COD,9,4,4,0,30-40,49.3,3.0,0.0,0.0,-1,2,3800.843333333333,0.23,0.6666666666666666,0.3333333333333333,0.0,2898.64,1,0,0.0,8281.369999999999,2,0,0.0,11402.529999999999,3,0,0.0,11402.529999999999,3,0,0.0,1
LGS2ORD0011794,C017103,2025-04-04 09:00:00,Male,38,Bronze,Lazada,Nakhon Ratchasima,527,Shopee,COD,9,4,4,0,30-40,17.566666666666666,3.0,2.0,0.6666666666666666,16,23,3062.1633333333334,0.18,0.6666666666666666,0.0,0.0,0.0,0,0,0.0,2754.67,1,1,1.0,9186.49,3,2,0.6666666666666666,9186.49,3,2,0.6666666666666666,1
LGS2ORD0011795,C013949,2025-04-04 10:00:00,Male,48,Platinum,Lazada,Bangkok,313,Shopee,COD,10,4,4,0,40-50,10.433333333333334,2.0,0.0,0.0,-1,54,6818.764999999999,0.3,0.5,0.5,0.0,0.0,0,0,0.0,0.0,0,0,0.0,13637.529999999999,2,0,0.0,13637.529999999999,2,0,0.0,0
LGS2ORD0011796,C016653,2025-04-04 10:00:00,Female,38,Bronze,CallCenter,Songkhla,200,CallCenter,COD,10,4,4,0,30-40,6.666666666666667,1.0,0.0,0.0,-1,73,2408.0,0.13,0.0,0.0,0.0,0.0,0,0,0.0,0.0,0,0,0.0,2408.0,1,0,0.0,2408.0,1,0,0.0,0
LGS2ORD0011797,C016384,2025-04-04 10:00:00,Female,30,Gold,TV,Bangkok,882,Web,COD,10,4,4,0,20-30,29.4,1.0,0.0,0.0,-1,20,1403.83,0.33,0.0,1.0,0.0,0.0,0,0,0.0,1403.83,1,0,0.0,1403.83,1,0,0.0,1403.83,1,0,0.0,0
LGS2ORD0011798,C014836,2025-04-04 10:00:00,Male,51,Silver,TV,Remote_Area,1063,Web,PromptPay,10,4,4,0,>50,35.43333333333333,0.0,0.0,0.0,-1,-1,0.0,0.0,0.0,0.0,0.0,0.0,0,0,0.0,0.0,0,0,0.0,0.0,0,0,0.0,0.0,0,0,0.0,1
LGS2ORD0011799,C016017,2025-04-04 10:00:00,Female,41,Bronze,TV,Bangkok,127,Lazada,Credit_Card,10,4,4,0,40-50,4.233333333333333,2.0,0.0,0.0,-1,22,3665.1549999999997,0.08,0.0,0.0,0.0,0.0,0,0,0.0,7330.3099999999995,2,0,0.0,7330.3099999999995,2,0,0.0,7330.3099999999995,2,0,0.0,1
LGS2ORD0011800,C010920,2025-04-04 11:00:00,Male,21,Gold,CallCenter,Bangkok,1206,Lazada,COD,11,4,4,0,20-30,40.2,2.0,1.0,0.5,59,53,2311.185,0.28,0.0,1.0,0.0,0.0,0,0,0.0,0.0,0,0,0.0,4622.37,2,1,0.5,4622.37,2,1,0.5,0
LGS2ORD0011801,C016481,2025-04-04 11:00:00,Female,47,Silver,Web,Nakhon Ratchasima,996,Shopee,PromptPay,11,4,4,0,40-50,33.2,0.0,0.0,0.0,-1,-1,0.0,0.0,0.0,0.0,0.0,0.0,0,0,0.0,0.0,0,0,0.0,0.0,0,0,0.0,0.0,0,0,0.0,0
LGS2ORD0011802,C014273,2025-04-04 11:00:00,Male,56,Gold,Shopee,Bangkok,1041,CallCenter,COD,11,4,4,0,>50,34.7,1.0,0.0,0.0,-1,35,292.43,0.13,0.0,0.0,0.0,0.0,0,0,0.0,0.0,0,0,0.0,292.43,1,0,0.0,292.43,1,0,0.0,0
LGS2ORD0011803,C016943,2025-04-04 11:00:00,Female,45,Bronze,TV,Bangkok,651,TV_Show,COD,11,4,4,0,40-50,21.7,2.0,0.0,0.0,-1,21,11652.965,0.18,0.0,0.0,0.0,0.0,0,0,0.0,4104.6,1,0,0.0,23305.93,2,0,0.0,23305.93,2,0,0.0,1
LGS2ORD0011804,C016038,2025-04-04 11:00:00,Female,41,Gold,TV,Khon Kaen,730,CallCenter,COD,11,4,4,0,40-50,24.333333333333332,0.0,0.0,0.0,-1,-1,0.0,0.0,0.0,0.0,0.0,0.0,0,0,0.0,0.0,0,0,0.0,0.0,0,0,0.0,0.0,0,0,0.0,0
LGS2ORD0011805,C014498,2025-04-04 12:00:00,Female,53,Silver,Web,Khon Kaen,528,TV_Show,Bank_Transfer,12,4,4,0,>50,17.6,2.0,0.0,0.0,-1,23,12288.814999999999,0.25,0.5,0.5,0.0,0.0,0,0,0.0,1343.69,1,0,0.0,24577.629999999997,2,0,0.0,24577.629999999997,2,0,0.0,0
LGS2ORD0011806,C016621,2025-04-04 12:00:00,Male,34,Gold,Web,Chiang Mai,890,Web,Credit_Card,12,4,4,0,30-40,29.666666666666668,0.0,0.0,0.0,-1,-1,0.0,0.0,0.0,0.0,0.0,0.0,0,0,0.0,0.0,0,0,0.0,0.0,0,0,0.0,0.0,0,0,0.0,1
LGS2ORD0011807,C016733,2025-04-04 12:00:00,Female,43,Gold,Web,Bangkok,316,Lazada,COD,12,4,4,0,40-50,10.533333333333333,4.0,0.0,0.0,-1,16,4892.669999999999,0.28,0.25,0.5,0.0,0.0,0,0,0.0,2115.8,2,0,0.0,19570.679999999997,4,0,0.0,19570.679999999997,4,0,0.0,1
LGS2ORD0011808,C016443,2025-04-04 12:00:00,Male,44,Silver,Web,Bangkok,1532,TV_Show,COD,12,4,4,0,40-50,51.06666666666667,6.0,2.0,0.3333333333333333,8,9,7326.729999999999,0.25,0.6666666666666666,0.16666666666666666,0.0,0.0,0,0,0.0,39807.53999999999,4,1,0.25,42970.5,5,2,0.4,43960.37999999999,6,2,0.3333333333333333,0
LGS2ORD0011809,C017484,2025-04-04 12:00:00,Female,51,Silver,TV,Chonburi,157,TV_Show,COD,12,4,4,0,>50,5.233333333333333,2.0,0.0,0.0,-1,2,2201.31,0.1,0.5,0.0,0.0,4217.9,1,0,0.0,4217.9,1,0,0.0,4402.62,2,0,0.0,4402.62,2,0,0.0,0
LGS2ORD0011810,C011081,2025-04-04 12:00:00,Female,41,Bronze,TV,Phuket,1188,Shopee,Credit_Card,12,4,4,0,40-50,39.6,1.0,0.0,0.0,-1,30,554.38,0.08,1.0,0.0,0.0,0.0,0,0,0.0,0.0,0,0,0.0,554.38,1,0,0.0,554.38,1,0,0.0,0
LGS2ORD0011811,C016990,2025-04-04 13:00:00,Male,47,Platinum,Shopee,Bangkok,409,Shopee,Credit_Card,13,4,4,0,40-50,13.633333333333333,1.0,0.0,0.0,-1,43,738.35,0.1,0.0,0.0,0.0,0.0,0,0,0.0,0.0,0,0,0.0,738.35,1,0,0.0,738.35,1,0,0.0,0
LGS2ORD0011812,C010828,2025-04-04 13:00:00,Male,39,Bronze,Shopee,Remote_Area,1119,Shopee,PromptPay,13,4,4,0,30-40,37.3,1.0,0.0,0.0,-1,32,3048.69,0.03,0.0,0.0,0.0,0.0,0,0,0.0,0.0,0,0,0.0,3048.69,1,0,0.0,3048.69,1,0,0.0,0
LGS2ORD0011813,C011387,2025-04-04 13:00:00,Male,59,Silver,TV,Phuket,649,Shopee,COD,13,4,4,0,>50,21.633333333333333,3.0,2.0,0.6666666666666666,18,0,12404.076666666668,0.25,0.3333333333333333,0.3333333333333333,0.0,33494.94,1,0,0.0,35139.25,2,1,0.5,37212.23,3,2,0.6666666666666666,37212.23,3,2,0.6666666666666666,0
LGS2ORD0011814,C015052,2025-04-04 13:00:00,Female,48,Bronze,Lazada,Bangkok,465,TV_Show,COD,13,4,4,0,40-50,15.5,2.0,0.0,0.0,-1,19,11563.630000000001,0.13,0.5,0.0,0.0,0.0,0,0,0.0,1932.99,1,0,0.0,23127.260000000002,2,0,0.0,23127.260000000002,2,0,0.0,0
LGS2ORD0011815,C016415,2025-04-04 13:00:00,Male,69,Bronze,Shopee,Nakhon Ratchasima,1417,Web,Credit_Card,13,4,4,0,>50,47.233333333333334,7.0,1.0,0.14285714285714285,-4,0,7269.527142857143,0.23,0.5714285714285714,0.2857142857142857,0.0,17991.44,1,1,1.0,40231.619999999995,2,1,0.5,50886.69,7,1,0.14285714285714285,50886.69,7,1,0.14285714285714285,1
LGS2ORD0011816,C016794,2025-04-04 14:00:00,Female,33,Bronze,Web,Chonburi,1346,Shopee,COD,14,4,4,0,30-40,44.86666666666667,0.0,0.0,0.0,-1,-1,0.0,0.0,0.0,0.0,0.0,0.0,0,0,0.0,0.0,0,0,0.0,0.0,0,0,0.0,0.0,0,0,0.0,0
LGS2ORD0011817,C010850,2025-04-04 14:00:00,Other,43,Silver,TV,Chiang Mai,731,TV_Show,Credit_Card,14,4,4,0,40-50,24.366666666666667,2.0,1.0,0.5,42,53,9006.705,0.1,1.0,0.0,0.0,0.0,0,0,0.0,0.0,0,0,0.0,18013.41,2,1,0.5,18013.41,2,1,0.5,0
LGS2ORD0011818,C012540,2025-04-04 14:00:00,Female,52,Silver,Web,Songkhla,382,TV_Show,Credit_Card,14,4,4,0,>50,12.733333333333333,1.0,0.0,0.0,-1,64,8715.46,0.25,1.0,1.0,0.0,0.0,0,0,0.0,0.0,0,0,0.0,8715.46,1,0,0.0,8715.46,1,0,0.0,0
LGS2ORD0011819,C017499,2025-04-04 14:00:00,Female,41,Bronze,Shopee,Chonburi,1126,Shopee,COD,14,4,4,0,40-50,37.53333333333333,4.0,3.0,0.75,32,30,5290.855,0.18,0.75,0.0,0.0,0.0,0,0,0.0,0.0,0,0,0.0,21163.42,4,3,0.75,21163.42,4,3,0.75,0
LGS2ORD0011820,C015864,2025-04-04 14:00:00,Male,18,Gold,Web,Phuket,1488,TV_Show,PromptPay,14,4,4,0,<20,49.6,3.0,0.0,0.0,-1,18,11922.589999999998,0.28,0.0,0.3333333333333333,0.0,0.0,0,0,0.0,756.88,1,0,0.0,35767.77,3,0,0.0,35767.77,3,0,0.0,0
LGS2ORD0011821,C017270,2025-04-04 15:00:00,Female,40,Bronze,TV,Bangkok,303,TV_Show,Credit_Card,15,4,4,0,30-40,10.1,2.0,0.0,0.0,-1,19,6729.794999999999,0.13,1.0,0.0,0.0,0.0,0,0,0.0,13103.63,1,0,0.0,13459.589999999998,2,0,0.0,13459.589999999998,2,0,0.0,1
LGS2ORD0011822,C011288,2025-04-04 15:00:00,Male,59,Bronze,Shopee,Bangkok,425,Web,COD,15,4,4,0,>50,14.166666666666666,0.0,0.0,0.0,-1,-1,0.0,0.0,0.0,0.0,0.0,0.0,0,0,0.0,0.0,0,0,0.0,0.0,0,0,0.0,0.0,0,0,0.0,0
LGS2ORD0011823,C010333,2025-04-04 15:00:00,Male,40,Silver,Web,Songkhla,543,Shopee,COD,15,4,4,0,30-40,18.1,4.0,2.0,0.5,-2,12,3337.73,0.2,0.25,0.0,0.0,0.0,0,0,0.0,7130.47,1,1,1.0,13350.92,4,2,0.5,13350.92,4,2,0.5,1
LGS2ORD0011824,C013355,2025-04-04 15:00:00,Female,41,Silver,Web,Phuket,1130,Web,COD,15,4,4,0,40-50,37.666666666666664,0.0,0.0,0.0,-1,-1,0.0,0.0,0.0,0.0,0.0,0.0,0,0,0.0,0.0,0,0,0.0,0.0,0,0,0.0,0.0,0,0,0.0,1
LGS2ORD0011825,C011593,2025-04-04 15:00:00,Female,38,Bronze,TV,Chiang Mai,394,TV_Show,COD,15,4,4,0,30-40,13.133333333333333,1.0,0.0,0.0,-1,19,833.49,0.23,0.0,1.0,0.0,0.0,0,0,0.0,833.49,1,0,0.0,833.49,1,0,0.0,833.49,1,0,0.0,0
LGS2ORD0011826,C017114,2025-04-04 16:00:00,Female,38,Silver,Web,Songkhla,288,TV_Show,COD,16,4,4,0,30-40,9.6,1.0,1.0,1.0,22,30,2471.29,0.25,1.0,1.0,0.0,0.0,0,0,0.0,0.0,0,0,0.0,2471.29,1,1,1.0,2471.29,1,1,1.0,0
LGS2ORD0011827,C014366,2025-04-04 16:00:00,Other,44,Gold,TV,Khon Kaen,994,Shopee,COD,16,4,4,0,40-50,33.13333333333333,1.0,0.0,0.0,-1,58,5429.07,0.2299999999999999,0.0,1.0,0.0,0.0,0,0,0.0,0.0,0,0,0.0,5429.07,1,0,0.0,5429.07,1,0,0.0,0
LGS2ORD0011828,C017947,2025-04-04 16:00:00,Other,28,Bronze,CallCenter,Phuket,673,Web,COD,16,4,4,0,20-30,22.433333333333334,3.0,1.0,0.3333333333333333,28,37,6657.170000000001,0.13,0.3333333333333333,0.0,0.0,0.0,0,0,0.0,0.0,0,0,0.0,19971.510000000002,3,1,0.3333333333333333,19971.510000000002,3,1,0.3333333333333333,1
LGS2ORD0011829,C011832,2025-04-04 16:00:00,Female,33,Silver,CallCenter,Songkhla,1203,TV_Show,COD,16,4,4,0,30-40,40.1,1.0,1.0,1.0,35,49,1650.24,0.2,1.0,0.0,0.0,0.0,0,0,0.0,0.0,0,0,0.0,1650.24,1,1,1.0,1650.24,1,1,1.0,1
LGS2ORD0011830,C015477,2025-04-04 16:00:00,Female,46,Bronze,Shopee,Chonburi,1115,CallCenter,COD,16,4,4,0,40-50,37.166666666666664,2.0,1.0,0.5,43,52,4810.49,0.18,0.5,0.0,0.0,0.0,0,0,0.0,0.0,0,0,0.0,9620.98,2,1,0.5,9620.98,2,1,0.5,0
LGS2ORD0011831,C013248,2025-04-04 16:00:00,Female,54,Gold,Web,Songkhla,1230,CallCenter,Credit_Card,16,4,4,0,>50,41.0,4.0,1.0,0.25,82,29,2395.9649999999997,0.2299999999999999,0.5,0.5,0.0,0.0,0,0,0.0,1978.81,1,0,0.0,7549.91,3,0,0.0,9583.859999999999,4,1,0.25,0
LGS2ORD0011832,C016113,2025-04-04 17:00:00,Female,37,Bronze,TV,Chiang Mai,1263,Shopee,COD,17,4,4,0,30-40,42.1,2.0,0.0,0.0,-1,49,19976.415,0.28,0.5,0.5,0.0,0.0,0,0,0.0,0.0,0,0,0.0,39952.83,2,0,0.0,39952.83,2,0,0.0,1
LGS2ORD0011833,C012846,2025-04-04 17:00:00,Male,37,Silver,TV,Chonburi,754,Web,Credit_Card,17,4,4,0,30-40,25.133333333333333,1.0,0.0,0.0,-1,69,1969.55,0.1,1.0,0.0,0.0,0.0,0,0,0.0,0.0,0,0,0.0,1969.55,1,0,0.0,1969.55,1,0,0.0,0
LGS2ORD0011834,C014829,2025-04-04 17:00:00,Male,37,Silver,TV,Chonburi,820,TV_Show,COD,17,4,4,0,30-40,27.333333333333332,0.0,0.0,0.0,-1,-1,0.0,0.0,0.0,0.0,0.0,0.0,0,0,0.0,0.0,0,0,0.0,0.0,0,0,0.0,0.0,0,0,0.0,0
LGS2ORD0011835,C010594,2025-04-04 17:00:00,Male,24,Silver,Lazada,Chonburi,1336,CallCenter,COD,17,4,4,0,20-30,44.53333333333333,2.0,0.0,0.0,-1,16,1844.255,0.3,0.5,0.5,0.0,0.0,0,0,0.0,2483.55,1,0,0.0,3688.51,2,0,0.0,3688.51,2,0,0.0,1
LGS2ORD0011836,C014297,2025-04-04 17:00:00,Female,44,Silver,Web,Bangkok,1303,Shopee,Credit_Card,17,4,4,0,40-50,43.43333333333333,3.0,1.0,0.3333333333333333,45,12,3563.3266666666664,0.2,0.6666666666666666,0.0,0.0,0.0,0,0,0.0,5218.6,1,0,0.0,10689.98,3,1,0.3333333333333333,10689.98,3,1,0.3333333333333333,1
LGS2ORD0011837,C014261,2025-04-04 18:00:00,Male,28,Bronze,Shopee,Bangkok,1081,Lazada,COD,18,4,4,0,20-30,36.03333333333333,1.0,0.0,0.0,-1,0,1622.62,0.23,1.0,1.0,0.0,1622.62,1,0,0.0,1622.62,1,0,0.0,1622.62,1,0,0.0,1622.62,1,0,0.0,0
LGS2ORD0011838,C011039,2025-04-04 18:00:00,Female,47,Bronze,Lazada,Chonburi,1131,Web,COD,18,4,4,0,40-50,37.7,4.0,2.0,0.5,-4,1,3582.6625000000004,0.23,1.0,0.75,0.0,3136.38,1,1,1.0,10860.98,2,1,0.5,14330.650000000001,4,2,0.5,14330.650000000001,4,2,0.5,1
LGS2ORD0011839,C010558,2025-04-04 18:00:00,Male,35,Bronze,Shopee,Bangkok,161,Web,Bank_Transfer,18,4,4,0,30-40,5.366666666666666,1.0,0.0,0.0,-1,31,814.7,0.18,0.0,0.0,0.0,0.0,0,0,0.0,0.0,0,0,0.0,814.7,1,0,0.0,814.7,1,0,0.0,0
LGS2ORD0011840,C011653,2025-04-04 18:00:00,Female,49,Gold,Lazada,Bangkok,125,Shopee,Credit_Card,18,4,4,0,40-50,4.166666666666667,3.0,0.0,0.0,-1,53,5114.876666666667,0.28,0.3333333333333333,0.3333333333333333,0.0,0.0,0,0,0.0,0.0,0,0,0.0,15344.630000000001,3,0,0.0,15344.630000000001,3,0,0.0,0
LGS2ORD0011841,C017123,2025-04-04 18:00:00,Female,40,Platinum,Lazada,Chonburi,1132,Lazada,COD,18,4,4,0,30-40,37.733333333333334,0.0,0.0,0.0,-1,-1,0.0,0.0,0.0,0.0,0.0,0.0,0,0,0.0,0.0,0,0,0.0,0.0,0,0,0.0,0.0,0,0,0.0,0
LGS2ORD0011842,C017464,2025-04-04 19:00:00,Male,29,Bronze,Web,Bangkok,392,CallCenter,Credit_Card,19,4,4,0,20-30,13.066666666666666,0.0,0.0,0.0,-1,-1,0.0,0.0,0.0,0.0,0.0,0.0,0,0,0.0,0.0,0,0,0.0,0.0,0,0,0.0,0.0,0,0,0.0,0
LGS2ORD0011843,C015708,2025-04-04 19:00:00,Male,46,Bronze,Shopee,Remote_Area,941,Web,Credit_Card,19,4,4,0,40-50,31.366666666666667,1.0,1.0,1.0,23,36,979.89,0.13,1.0,0.0,0.0,0.0,0,0,0.0,0.0,0,0,0.0,979.89,1,1,1.0,979.89,1,1,1.0,1
LGS2ORD0011844,C014006,2025-04-04 19:00:00,Male,48,Gold,Lazada,Phuket,1277,TV_Show,Credit_Card,19,4,4,0,40-50,42.56666666666667,0.0,0.0,0.0,-1,-1,0.0,0.0,0.0,0.0,0.0,0.0,0,0,0.0,0.0,0,0,0.0,0.0,0,0,0.0,0.0,0,0,0.0,1
LGS2ORD0011845,C012308,2025-04-04 19:00:00,Male,22,Bronze,TV,Songkhla,1051,Lazada,PromptPay,19,4,4,0,20-30,35.03333333333333,5.0,2.0,0.4,-11,0,4389.116,0.23,0.8,0.4,0.0,2327.72,1,1,1.0,10795.279999999999,2,1,0.5,21471.160000000003,4,2,0.5,21945.58,5,2,0.4,1
LGS2ORD0011846,C011364,2025-04-04 19:00:00,Male,44,Silver,Web,Khon Kaen,1470,CallCenter,COD,19,4,4,0,40-50,49.0,2.0,0.0,0.0,-1,19,11512.654999999999,0.1,1.0,0.0,0.0,0.0,0,0,0.0,22251.62,1,0,0.0,23025.309999999998,2,0,0.0,23025.309999999998,2,0,0.0,0
LGS2ORD0011847,C015805,2025-04-04 19:00:00,Male,41,Gold,TV,Chiang Mai,1042,TV_Show,COD,19,4,4,0,40-50,34.733333333333334,1.0,0.0,0.0,-1,80,20930.77,0.08,1.0,0.0,0.0,0.0,0,0,0.0,0.0,0,0,0.0,20930.77,1,0,0.0,20930.77,1,0,0.0,0
LGS2ORD0011848,C015447,2025-04-04 20:00:00,Female,53,Bronze,Web,Nakhon Ratchasima,1536,Web,Credit_Card,20,4,4,0,>50,51.2,1.0,0.0,0.0,-1,86,2439.35,0.08,1.0,0.0,0.0,0.0,0,0,0.0,0.0,0,0,0.0,2439.35,1,0,0.0,2439.35,1,0,0.0,0
LGS2ORD0011849,C016416,2025-04-04 20:00:00,Female,42,Silver,CallCenter,Bangkok,812,CallCenter,Credit_Card,20,4,4,0,40-50,27.066666666666666,0.0,0.0,0.0,-1,-1,0.0,0.0,0.0,0.0,0.0,0.0,0,0,0.0,0.0,0,0,0.0,0.0,0,0,0.0,0.0,0,0,0.0,0
LGS2ORD0011850,C010830,2025-04-04 20:00:00,Male,35,Silver,TV,Chonburi,554,CallCenter,COD,20,4,4,0,30-40,18.466666666666665,2.0,0.0,0.0,-1,25,3441.885,0.2,0.5,0.0,0.0,0.0,0,0,0.0,4923.81,1,0,0.0,6883.77,2,0,0.0,6883.77,2,0,0.0,1
LGS2ORD0011851,C010346,2025-04-04 20:00:00,Female,25,Bronze,Lazada,Nakhon Ratchasima,1012,TV_Show,COD,20,4,4,0,20-30,33.733333333333334,0.0,0.0,0.0,-1,-1,0.0,0.0,0.0,0.0,0.0,0.0,0,0,0.0,0.0,0,0,0.0,0.0,0,0,0.0,0.0,0,0,0.0,0
LGS2ORD0011852,C013762,2025-04-04 20:00:00,Male,29,Silver,TV,Remote_Area,1471,TV_Show,PromptPay,20,4,4,0,20-30,49.03333333333333,2.0,1.0,0.5,40,46,4002.3450000000003,0.15,0.5,0.0,0.0,0.0,0,0,0.0,0.0,0,0,0.0,8004.6900000000005,2,1,0.5,8004.6900000000005,2,1,0.5,0
LGS2ORD0011853,C010771,2025-04-04 21:00:00,Other,50,Bronze,Shopee,Chonburi,1434,Shopee,COD,21,4,4,0,40-50,47.8,5.0,2.0,0.4,11,5,3551.5480000000002,0.28,0.8,0.6,0.0,4604.64,1,0,0.0,9494.66,3,1,0.3333333333333333,17757.74,5,2,0.4,17757.74,5,2,0.4,1
LGS2ORD0011854,C011912,2025-04-04 21:00:00,Female,46,Gold,Shopee,Chiang Mai,844,Shopee,COD,21,4,4,0,40-50,28.133333333333333,3.0,0.0,0.0,-1,26,3615.47,0.2299999999999999,0.0,0.3333333333333333,0.0,0.0,0,0,0.0,8491.61,2,0,0.0,10846.41,3,0,0.0,10846.41,3,0,0.0,0
LGS2ORD0011855,C014433,2025-04-04 21:00:00,Female,69,Bronze,TV,Bangkok,363,TV_Show,Credit_Card,21,4,4,0,>50,12.1,2.0,0.0,0.0,-1,58,2797.44,0.28,1.0,0.5,0.0,0.0,0,0,0.0,0.0,0,0,0.0,5594.88,2,0,0.0,5594.88,2,0,0.0,1
LGS2ORD0011856,C017050,2025-04-04 21:00:00,Male,36,Platinum,TV,Nakhon Ratchasima,799,Lazada,PromptPay,21,4,4,0,30-40,26.633333333333333,0.0,0.0,0.0,-1,-1,0.0,0.0,0.0,0.0,0.0,0.0,0,0,0.0,0.0,0,0,0.0,0.0,0,0,0.0,0.0,0,0,0.0,0
LGS2ORD0011857,C014174,2025-04-04 21:00:00,Female,18,Silver,TV,Bangkok,1530,TV_Show,Credit_Card,21,4,4,0,<20,51.0,0.0,0.0,0.0,-1,-1,0.0,0.0,0.0,0.0,0.0,0.0,0,0,0.0,0.0,0,0,0.0,0.0,0,0,0.0,0.0,0,0,0.0,1
LGS2ORD0011858,C013829,2025-04-04 22:00:00,Female,66,Bronze,Lazada,Bangkok,824,Lazada,COD,22,4,4,0,>50,27.466666666666665,1.0,0.0,0.0,-1,18,4021.89,0.08,1.0,0.0,0.0,0.0,0,0,0.0,4021.89,1,0,0.0,4021.89,1,0,0.0,4021.89,1,0,0.0,1
LGS2ORD0011859,C013880,2025-04-04 22:00:00,Female,47,Silver,TV,Chonburi,1361,TV_Show,COD,22,4,4,0,40-50,45.36666666666667,0.0,0.0,0.0,-1,-1,0.0,0.0,0.0,0.0,0.0,0.0,0,0,0.0,0.0,0,0,0.0,0.0,0,0,0.0,0.0,0,0,0.0,0
LGS2ORD0011860,C014503,2025-04-04 22:00:00,Male,44,Gold,Shopee,Khon Kaen,709,Web,COD,22,4,4,0,40-50,23.633333333333333,2.0,0.0,0.0,-1,64,18699.485,0.08,0.0,0.0,0.0,0.0,0,0,0.0,0.0,0,0,0.0,37398.97,2,0,0.0,37398.97,2,0,0.0,0
LGS2ORD0011861,C014025,2025-04-04 22:00:00,Male,47,Bronze,TV,Nakhon Ratchasima,844,TV_Show,COD,22,4,4,0,40-50,28.133333333333333,1.0,0.0,0.0,-1,86,3647.83,0.13,0.0,0.0,0.0,0.0,0,0,0.0,0.0,0,0,0.0,3647.83,1,0,0.0,3647.83,1,0,0.0,1
LGS2ORD0011862,C016985,2025-04-04 22:00:00,Male,30,Bronze,TV,Phuket,1404,Shopee,Credit_Card,22,4,4,0,20-30,46.8,2.0,0.0,0.0,-1,43,9166.64,0.18,0.5,0.0,0.0,0.0,0,0,0.0,0.0,0,0,0.0,18333.28,2,0,0.0,18333.28,2,0,0.0,0
LGS2ORD0011863,C015514,2025-04-04 23:00:00,Female,27,Bronze,Lazada,Bangkok,793,Web,Bank_Transfer,23,4,4,0,20-30,26.433333333333334,3.0,0.0,0.0,-1,10,7769.28,0.23,0.0,0.3333333333333333,0.0,0.0,0,0,0.0,2216.54,1,0,0.0,23307.84,3,0,0.0,23307.84,3,0,0.0,0
LGS2ORD0011864,C014975,2025-04-04 23:00:00,Female,48,Platinum,Web,Chonburi,705,CallCenter,PromptPay,23,4,4,0,40-50,23.5,2.0,0.0,0.0,-1,20,6407.385,0.1,0.0,0.0,0.0,0.0,0,0,0.0,2805.9,1,0,0.0,12814.77,2,0,0.0,12814.77,2,0,0.0,0
LGS2ORD0011865,C017455,2025-04-04 23:00:00,Male,47,Bronze,Web,Remote_Area,935,CallCenter,COD,23,4,4,0,40-50,31.166666666666668,1.0,1.0,1.0,2,18,14866.47,0.08,1.0,0.0,0.0,0.0,0,0,0.0,14866.47,1,1,1.0,14866.47,1,1,1.0,14866.47,1,1,1.0,0
LGS2ORD0011866,C012992,2025-04-04 23:00:00,Male,45,Bronze,CallCenter,Songkhla,395,Lazada,Credit_Card,23,4,4,0,40-50,13.166666666666666,0.0,0.0,0.0,-1,-1,0.0,0.0,0.0,0.0,0.0,0.0,0,0,0.0,0.0,0,0,0.0,0.0,0,0,0.0,0.0,0,0,0.0,0
LGS2ORD0011867,C014681,2025-04-04 23:00:00,Male,28,Bronze,Web,Chiang Mai,561,Lazada,Credit_Card,23,4,4,0,20-30,18.7,3.0,1.0,0.3333333333333333,27,37,2307.2933333333335,0.08,0.3333333333333333,0.0,0.0,0.0,0,0,0.0,0.0,0,0,0.0,6921.880000000001,3,1,0.3333333333333333,6921.880000000001,3,1,0.3333333333333333,0
LGS2ORD0011868,C011386,2025-04-04 23:00:00,Female,59,Silver,Web,Chonburi,737,Lazada,COD,23,4,4,0,>50,24.566666666666666,1.0,0.0,0.0,-1,23,1206.39,0.2,0.0,0.0,0.0,0.0,0,0,0.0,1206.39,1,0,0.0,1206.39,1,0,0.0,1206.39,1,0,0.0,0
LGS2ORD0011869,C015828,2025-04-05 00:00:00,Male,42,Bronze,TV,Khon Kaen,1327,CallCenter,COD,0,4,5,1,40-50,44.233333333333334,6.0,3.0,0.5,65,1,5806.808333333333,0.28,0.8333333333333334,0.3333333333333333,0.0,3778.92,1,0,0.0,3778.92,1,0,0.0,34840.85,6,3,0.5,34840.85,6,3,0.5,1
LGS2ORD0011870,C010818,2025-04-05 00:00:00,Male,36,Bronze,Web,Nakhon Ratchasima,280,TV_Show,COD,0,4,5,1,30-40,9.333333333333334,1.0,1.0,1.0,60,67,4136.58,0.23,0.0,1.0,0.0,0.0,0,0,0.0,0.0,0,0,0.0,4136.58,1,1,1.0,4136.58,1,1,1.0,0
LGS2ORD0011871,C015151,2025-04-05 00:00:00,Female,43,Gold,TV,Nakhon Ratchasima,207,Shopee,Bank_Transfer,0,4,5,1,40-50,6.9,7.0,1.0,0.14285714285714285,12,5,2775.355714285714,0.28,0.5714285714285714,0.42857142857142855,0.0,6558.49,1,0,0.0,8097.17,2,1,0.5,19427.489999999998,7,1,0.14285714285714285,19427.489999999998,7,1,0.14285714285714285,0
LGS2ORD0011872,C014608,2025-04-05 00:00:00,Female,50,Bronze,Lazada,Nakhon Ratchasima,1393,Web,PromptPay,0,4,5,1,40-50,46.43333333333333,2.0,1.0,0.5,17,27,3919.195,0.23,1.0,0.5,0.0,0.0,0,0,0.0,7353.33,1,1,1.0,7838.39,2,1,0.5,7838.39,2,1,0.5,0
LGS2ORD0011873,C012973,2025-04-05 00:00:00,Female,32,Silver,Lazada,Nakhon Ratchasima,549,Web,COD,0,4,5,1,30-40,18.3,0.0,0.0,0.0,-1,-1,0.0,0.0,0.0,0.0,0.0,0.0,0,0,0.0,0.0,0,0,0.0,0.0,0,0,0.0,0.0,0,0,0.0,0
LGS2ORD0011874,C017847,2025-04-05 01:00:00,Male,35,Bronze,Web,Phuket,1334,Shopee,COD,1,4,5,1,30-40,44.46666666666667,2.0,0.0,0.0,-1,2,16254.32,0.28,0.5,0.5,0.0,26954.29,1,0,0.0,26954.29,1,0,0.0,32508.64,2,0,0.0,32508.64,2,0,0.0,0
LGS2ORD0011875,C016983,2025-04-05 01:00:00,Female,59,Silver,Shopee,Remote_Area,1087,Web,COD,1,4,5,1,>50,36.233333333333334,2.0,1.0,0.5,79,32,716.04,0.3,1.0,0.5,0.0,0.0,0,0,0.0,0.0,0,0,0.0,1432.08,2,1,0.5,1432.08,2,1,0.5,0
LGS2ORD0011876,C013836,2025-04-05 01:00:00,Female,59,Bronze,Shopee,Songkhla,1227,TV_Show,COD,1,4,5,1,>50,40.9,2.0,0.0,0.0,-1,9,3974.9800000000005,0.23,0.5,0.5,0.0,0.0,0,0,0.0,1520.19,1,0,0.0,7949.960000000001,2,0,0.0,7949.960000000001,2,0,0.0,1
LGS2ORD0011877,C012621,2025-04-05 01:00:00,Male,59,Gold,TV,Bangkok,297,TV_Show,COD,1,4,5,1,>50,9.9,1.0,0.0,0.0,-1,51,11254.04,0.08,0.0,0.0,0.0,0.0,0,0,0.0,0.0,0,0,0.0,11254.04,1,0,0.0,11254.04,1,0,0.0,0
LGS2ORD0011878,C012786,2025-04-05 01:00:00,Male,26,Gold,Web,Chiang Mai,271,TV_Show,Credit_Card,1,4,5,1,20-30,9.033333333333333,1.0,0.0,0.0,-1,1,10142.98,0.33,1.0,1.0,0.0,10142.98,1,0,0.0,10142.98,1,0,0.0,10142.98,1,0,0.0,10142.98,1,0,0.0,0
LGS2ORD0011879,C010429,2025-04-05 02:00:00,Male,52,Bronze,TV,Bangkok,1373,Lazada,COD,2,4,5,1,>50,45.766666666666666,1.0,0.0,0.0,-1,43,10120.59,0.23,1.0,1.0,0.0,0.0,0,0,0.0,0.0,0,0,0.0,10120.59,1,0,0.0,10120.59,1,0,0.0,0
LGS2ORD0011880,C016810,2025-04-05 02:00:00,Female,46,Bronze,Shopee,Nakhon Ratchasima,1551,Shopee,Bank_Transfer,2,4,5,1,40-50,51.7,0.0,0.0,0.0,-1,-1,0.0,0.0,0.0,0.0,0.0,0.0,0,0,0.0,0.0,0,0,0.0,0.0,0,0,0.0,0.0,0,0,0.0,0
LGS2ORD0011881,C012242,2025-04-05 02:00:00,Male,54,Silver,CallCenter,Chonburi,965,Shopee,COD,2,4,5,1,>50,32.166666666666664,1.0,0.0,0.0,-1,7,1550.69,0.1,0.0,0.0,0.0,1550.69,1,0,0.0,1550.69,1,0,0.0,1550.69,1,0,0.0,1550.69,1,0,0.0,0
LGS2ORD0011882,C011697,2025-04-05 02:00:00,Male,41,Gold,Lazada,Bangkok,1477,Web,COD,2,4,5,1,40-50,49.233333333333334,1.0,0.0,0.0,-1,38,4463.59,0.13,1.0,0.0,0.0,0.0,0,0,0.0,0.0,0,0,0.0,4463.59,1,0,0.0,4463.59,1,0,0.0,0
LGS2ORD0011883,C012190,2025-04-05 02:00:00,Male,42,Silver,Lazada,Chonburi,1070,TV_Show,Credit_Card,2,4,5,1,40-50,35.666666666666664,2.0,0.0,0.0,-1,72,3096.0,0.15,0.5,0.0,0.0,0.0,0,0,0.0,0.0,0,0,0.0,6192.0,2,0,0.0,6192.0,2,0,0.0,0
LGS2ORD0011884,C016979,2025-04-05 03:00:00,Male,57,Gold,Web,Bangkok,686,Lazada,Credit_Card,3,4,5,1,>50,22.866666666666667,1.0,0.0,0.0,-1,71,1373.89,0.13,1.0,0.0,0.0,0.0,0,0,0.0,0.0,0,0,0.0,1373.89,1,0,0.0,1373.89,1,0,0.0,0
LGS2ORD0011885,C015428,2025-04-05 03:00:00,Male,58,Bronze,TV,Remote_Area,1171,Shopee,COD,3,4,5,1,>50,39.03333333333333,1.0,0.0,0.0,-1,2,2566.0,0.28,1.0,1.0,0.0,2566.0,1,0,0.0,2566.0,1,0,0.0,2566.0,1,0,0.0,2566.0,1,0,0.0,0
LGS2ORD0011886,C016682,2025-04-05 03:00:00,Female,53,Bronze,Lazada,Phuket,252,CallCenter,COD,3,4,5,1,>50,8.4,1.0,0.0,0.0,-1,84,3378.34,0.08,0.0,0.0,0.0,0.0,0,0,0.0,0.0,0,0,0.0,3378.34,1,0,0.0,3378.34,1,0,0.0,0
LGS2ORD0011887,C015501,2025-04-05 03:00:00,Male,44,Bronze,TV,Phuket,1003,CallCenter,Bank_Transfer,3,4,5,1,40-50,33.43333333333333,2.0,1.0,0.5,86,19,1675.38,0.23,1.0,0.5,0.0,0.0,0,0,0.0,2962.46,1,0,0.0,2962.46,1,0,0.0,3350.76,2,1,0.5,0
LGS2ORD0011888,C016275,2025-04-05 03:00:00,Male,38,Silver,Web,Songkhla,953,Shopee,COD,3,4,5,1,30-40,31.766666666666666,3.0,1.0,0.3333333333333333,0,4,3684.783333333333,0.25,0.3333333333333333,0.3333333333333333,0.0,7941.94,1,1,1.0,11054.349999999999,3,1,0.3333333333333333,11054.349999999999,3,1,0.3333333333333333,11054.349999999999,3,1,0.3333333333333333,1
LGS2ORD0011889,C014505,2025-04-05 03:00:00,Female,30,Gold,Lazada,Bangkok,1093,TV_Show,COD,3,4,5,1,20-30,36.43333333333333,3.0,0.0,0.0,-1,4,4971.936666666667,0.13,0.3333333333333333,0.0,0.0,7736.06,1,0,0.0,7736.06,1,0,0.0,14915.810000000001,3,0,0.0,14915.810000000001,3,0,0.0,0
LGS2ORD0011890,C011903,2025-04-05 04:00:00,Male,46,Bronze,TV,Remote_Area,1487,Shopee,Credit_Card,4,4,5,1,40-50,49.56666666666667,3.0,0.0,0.0,-1,6,11921.036666666667,0.23,1.0,0.3333333333333333,0.0,32783.28,1,0,0.0,32783.28,1,0,0.0,35763.11,3,0,0.0,35763.11,3,0,0.0,0
LGS2ORD0011891,C014379,2025-04-05 04:00:00,Female,49,Platinum,TV,Bangkok,249,CallCenter,COD,4,4,5,1,40-50,8.3,2.0,0.0,0.0,-1,28,7324.325000000001,0.1,1.0,0.0,0.0,0.0,0,0,0.0,10357.76,1,0,0.0,14648.650000000001,2,0,0.0,14648.650000000001,2,0,0.0,0
LGS2ORD0011892,C016843,2025-04-05 04:00:00,Male,24,Silver,TV,Songkhla,1539,CallCenter,COD,4,4,5,1,20-30,51.3,1.0,0.0,0.0,-1,74,6438.38,0.3,0.0,1.0,0.0,0.0,0,0,0.0,0.0,0,0,0.0,6438.38,1,0,0.0,6438.38,1,0,0.0,1
LGS2ORD0011893,C012472,2025-04-05 04:00:00,Female,37,Silver,Shopee,Khon Kaen,133,Web,PromptPay,4,4,5,1,30-40,4.433333333333334,3.0,1.0,0.3333333333333333,13,22,3367.76,0.3,0.3333333333333333,0.6666666666666666,0.0,0.0,0,0,0.0,2802.07,1,1,1.0,8927.61,2,1,0.5,10103.28,3,1,0.3333333333333333,0
LGS2ORD0011894,C010526,2025-04-05 04:00:00,Male,48,Bronze,Lazada,Khon Kaen,916,TV_Show,Credit_Card,4,4,5,1,40-50,30.533333333333335,2.0,0.0,0.0,-1,33,19116.585,0.08,0.0,0.0,0.0,0.0,0,0,0.0,0.0,0,0,0.0,38233.17,2,0,0.0,38233.17,2,0,0.0,0
LGS2ORD0011895,C010897,2025-04-05 05:00:00,Other,72,Bronze,Lazada,Songkhla,782,Web,COD,5,4,5,1,>50,26.066666666666666,1.0,0.0,0.0,-1,33,2922.55,0.08,1.0,0.0,0.0,0.0,0,0,0.0,0.0,0,0,0.0,2922.55,1,0,0.0,2922.55,1,0,0.0,0
LGS2ORD0011896,C016108,2025-04-05 05:00:00,Male,38,Bronze,Web,Chonburi,1106,CallCenter,PromptPay,5,4,5,1,30-40,36.86666666666667,1.0,0.0,0.0,-1,56,1382.84,0.08,1.0,0.0,0.0,0.0,0,0,0.0,0.0,0,0,0.0,1382.84,1,0,0.0,1382.84,1,0,0.0,0
LGS2ORD0011897,C013000,2025-04-05 05:00:00,Female,43,Silver,TV,Chiang Mai,1259,TV_Show,Bank_Transfer,5,4,5,1,40-50,41.96666666666667,0.0,0.0,0.0,-1,-1,0.0,0.0,0.0,0.0,0.0,0.0,0,0,0.0,0.0,0,0,0.0,0.0,0,0,0.0,0.0,0,0,0.0,0
LGS2ORD0011898,C017326,2025-04-05 05:00:00,Female,36,Platinum,TV,Bangkok,1249,TV_Show,COD,5,4,5,1,30-40,41.63333333333333,0.0,0.0,0.0,-1,-1,0.0,0.0,0.0,0.0,0.0,0.0,0,0,0.0,0.0,0,0,0.0,0.0,0,0,0.0,0.0,0,0,0.0,0
LGS2ORD0011899,C011563,2025-04-05 05:00:00,Male,39,Platinum,CallCenter,Bangkok,508,TV_Show,Credit_Card,5,4,5,1,30-40,16.933333333333334,0.0,0.0,0.0,-1,-1,0.0,0.0,0.0,0.0,0.0,0.0,0,0,0.0,0.0,0,0,0.0,0.0,0,0,0.0,0.0,0,0,0.0,0
LGS2ORD0011900,C015019,2025-04-05 06:00:00,Female,62,Bronze,CallCenter,Nakhon Ratchasima,403,TV_Show,COD,6,4,5,1,>50,13.433333333333334,4.0,0.0,0.0,-1,15,8871.1375,0.23,0.25,0.25,0.0,0.0,0,0,0.0,491.18,1,0,0.0,35484.55,4,0,0.0,35484.55,4,0,0.0,0
LGS2ORD0011901,C013698,2025-04-05 06:00:00,Female,24,Bronze,TV,Remote_Area,426,Shopee,COD,6,4,5,1,20-30,14.2,1.0,0.0,0.0,-1,48,1116.24,0.28,0.0,1.0,0.0,0.0,0,0,0.0,0.0,0,0,0.0,1116.24,1,0,0.0,1116.24,1,0,0.0,1
LGS2ORD0011902,C015507,2025-04-05 06:00:00,Male,23,Platinum,TV,Bangkok,1111,Lazada,COD,6,4,5,1,20-30,37.03333333333333,1.0,0.0,0.0,-1,5,747.73,0.35,1.0,1.0,0.0,747.73,1,0,0.0,747.73,1,0,0.0,747.73,1,0,0.0,747.73,1,0,0.0,0
LGS2ORD0011903,C015113,2025-04-05 06:00:00,Male,48,Silver,TV,Chiang Mai,1106,TV_Show,Bank_Transfer,6,4,5,1,40-50,36.86666666666667,2.0,2.0,1.0,46,55,1525.675,0.2,0.5,0.0,0.0,0.0,0,0,0.0,0.0,0,0,0.0,3051.35,2,2,1.0,3051.35,2,2,1.0,0
LGS2ORD0011904,C016586,2025-04-05 06:00:00,Male,47,Bronze,Web,Bangkok,263,Web,Credit_Card,6,4,5,1,40-50,8.766666666666667,3.0,1.0,0.3333333333333333,-2,12,1606.76,0.28,0.3333333333333333,0.3333333333333333,0.0,0.0,0,0,0.0,1736.01,1,1,1.0,4820.28,3,1,0.3333333333333333,4820.28,3,1,0.3333333333333333,0
LGS2ORD0011905,C013639,2025-04-05 07:00:00,Female,56,Silver,TV,Songkhla,476,Web,COD,7,4,5,1,>50,15.866666666666667,1.0,0.0,0.0,-1,23,11684.23,0.05,0.0,0.0,0.0,0.0,0,0,0.0,11684.23,1,0,0.0,11684.23,1,0,0.0,11684.23,1,0,0.0,0
LGS2ORD0011906,C016660,2025-04-05 07:00:00,Male,36,Bronze,Web,Bangkok,1507,CallCenter,Bank_Transfer,7,4,5,1,30-40,50.233333333333334,1.0,0.0,0.0,-1,14,32649.98,0.18,0.0,0.0,0.0,0.0,0,0,0.0,32649.98,1,0,0.0,32649.98,1,0,0.0,32649.98,1,0,0.0,0
LGS2ORD0011907,C013451,2025-04-05 07:00:00,Female,47,Bronze,Lazada,Phuket,678,Web,COD,7,4,5,1,40-50,22.6,1.0,0.0,0.0,-1,63,1240.45,0.13,1.0,0.0,0.0,0.0,0,0,0.0,0.0,0,0,0.0,1240.45,1,0,0.0,1240.45,1,0,0.0,0
LGS2ORD0011908,C014659,2025-04-05 07:00:00,Female,50,Gold,TV,Khon Kaen,1332,Shopee,COD,7,4,5,1,40-50,44.4,1.0,0.0,0.0,-1,15,3650.79,0.28,0.0,1.0,0.0,0.0,0,0,0.0,3650.79,1,0,0.0,3650.79,1,0,0.0,3650.79,1,0,0.0,0
LGS2ORD0011909,C010465,2025-04-05 07:00:00,Female,32,Gold,Shopee,Khon Kaen,686,Web,COD,7,4,5,1,30-40,22.866666666666667,1.0,0.0,0.0,-1,36,6753.66,0.13,1.0,0.0,0.0,0.0,0,0,0.0,0.0,0,0,0.0,6753.66,1,0,0.0,6753.66,1,0,0.0,0
LGS2ORD0011910,C016791,2025-04-05 07:00:00,Male,44,Bronze,TV,Chonburi,111,Web,Credit_Card,7,4,5,1,40-50,3.7,1.0,1.0,1.0,26,34,1193.94,0.03,0.0,0.0,0.0,0.0,0,0,0.0,0.0,0,0,0.0,1193.94,1,1,1.0,1193.94,1,1,1.0,0
LGS2ORD0011911,C015030,2025-04-05 08:00:00,Female,69,Silver,Web,Bangkok,459,Lazada,COD,8,4,5,1,>50,15.3,1.0,0.0,0.0,-1,68,1743.21,0.1,0.0,0.0,0.0,0.0,0,0,0.0,0.0,0,0,0.0,1743.21,1,0,0.0,1743.21,1,0,0.0,0
LGS2ORD0011912,C012707,2025-04-05 08:00:00,Male,41,Gold,TV,Phuket,208,Lazada,Credit_Card,8,4,5,1,40-50,6.933333333333334,1.0,1.0,1.0,30,36,496.4,0.2299999999999999,1.0,1.0,0.0,0.0,0,0,0.0,0.0,0,0,0.0,496.4,1,1,1.0,496.4,1,1,1.0,1
LGS2ORD0011913,C016228,2025-04-05 08:00:00,Female,40,Platinum,TV,Bangkok,921,TV_Show,PromptPay,8,4,5,1,30-40,30.7,1.0,1.0,1.0,44,48,1347.86,0.1,0.0,0.0,0.0,0.0,0,0,0.0,0.0,0,0,0.0,1347.86,1,1,1.0,1347.86,1,1,1.0,0
LGS2ORD0011914,C011563,2025-04-05 08:00:00,Male,39,Platinum,CallCenter,Bangkok,508,Shopee,COD,8,4,5,1,30-40,16.933333333333334,1.0,0.0,0.0,-1,0,3972.19,0.25,0.0,1.0,0.0,3972.19,1,0,0.0,3972.19,1,0,0.0,3972.19,1,0,0.0,3972.19,1,0,0.0,0
LGS2ORD0011915,C011317,2025-04-05 08:00:00,Male,22,Gold,Shopee,Phuket,1096,CallCenter,COD,8,4,5,1,20-30,36.53333333333333,2.0,0.0,0.0,-1,14,3047.575,0.13,0.5,0.0,0.0,0.0,0,0,0.0,6095.15,2,0,0.0,6095.15,2,0,0.0,6095.15,2,0,0.0,1
LGS2ORD0011916,C013436,2025-04-05 09:00:00,Male,53,Bronze,TV,Chiang Mai,476,Web,Credit_Card,9,4,5,1,>50,15.866666666666667,5.0,2.0,0.4,49,9,7915.004000000001,0.23,0.4,0.4,0.0,0.0,0,0,0.0,9554.05,1,0,0.0,39575.020000000004,5,2,0.4,39575.020000000004,5,2,0.4,0
LGS2ORD0011917,C014965,2025-04-05 09:00:00,Female,48,Bronze,TV,Nakhon Ratchasima,768,Web,Credit_Card,9,4,5,1,40-50,25.6,0.0,0.0,0.0,-1,-1,0.0,0.0,0.0,0.0,0.0,0.0,0,0,0.0,0.0,0,0,0.0,0.0,0,0,0.0,0.0,0,0,0.0,1
LGS2ORD0011918,C011341,2025-04-05 09:00:00,Female,59,Bronze,Web,Bangkok,1013,Web,PromptPay,9,4,5,1,>50,33.766666666666666,3.0,1.0,0.3333333333333333,-8,1,2155.47,0.13,0.6666666666666666,0.0,0.0,2059.3199999999997,2,1,0.5,6466.41,3,1,0.3333333333333333,6466.41,3,1,0.3333333333333333,6466.41,3,1,0.3333333333333333,0
LGS2ORD0011919,C013696,2025-04-05 09:00:00,Male,46,Bronze,TV,Chiang Mai,1425,CallCenter,COD,9,4,5,1,40-50,47.5,2.0,0.0,0.0,-1,33,4432.495000000001,0.08,0.5,0.0,0.0,0.0,0,0,0.0,0.0,0,0,0.0,8864.990000000002,2,0,0.0,8864.990000000002,2,0,0.0,0
LGS2ORD0011920,C016112,2025-04-05 09:00:00,Male,37,Silver,TV,Bangkok,1018,TV_Show,Credit_Card,9,4,5,1,30-40,33.93333333333333,1.0,0.0,0.0,-1,3,5708.66,0.1,0.0,0.0,0.0,5708.66,1,0,0.0,5708.66,1,0,0.0,5708.66,1,0,0.0,5708.66,1,0,0.0,0
LGS2ORD0011921,C017019,2025-04-05 10:00:00,Female,44,Bronze,TV,Chonburi,286,Web,COD,10,4,5,1,40-50,9.533333333333333,3.0,1.0,0.3333333333333333,70,35,2433.7233333333334,0.23,0.3333333333333333,0.3333333333333333,0.0,0.0,0,0,0.0,0.0,0,0,0.0,7301.17,3,1,0.3333333333333333,7301.17,3,1,0.3333333333333333,0
LGS2ORD0011922,C010742,2025-04-05 10:00:00,Female,25,Bronze,Lazada,Songkhla,599,Lazada,Credit_Card,10,4,5,1,20-30,19.966666666666665,0.0,0.0,0.0,-1,-1,0.0,0.0,0.0,0.0,0.0,0.0,0,0,0.0,0.0,0,0,0.0,0.0,0,0,0.0,0.0,0,0,0.0,1
LGS2ORD0011923,C010475,2025-04-05 10:00:00,Female,44,Bronze,TV,Phuket,1526,Web,Credit_Card,10,4,5,1,40-50,50.86666666666667,2.0,1.0,0.5,71,31,6900.775,0.23,0.5,1.0,0.0,0.0,0,0,0.0,0.0,0,0,0.0,13801.55,2,1,0.5,13801.55,2,1,0.5,0
LGS2ORD0011924,C012411,2025-04-05 10:00:00,Male,47,Platinum,Web,Chonburi,1365,Web,COD,10,4,5,1,40-50,45.5,0.0,0.0,0.0,-1,-1,0.0,0.0,0.0,0.0,0.0,0.0,0,0,0.0,0.0,0,0,0.0,0.0,0,0,0.0,0.0,0,0,0.0,1
LGS2ORD0011925,C010091,2025-04-05 10:00:00,Male,69,Bronze,Lazada,Chonburi,1188,Web,COD,10,4,5,1,>50,39.6,3.0,0.0,0.0,-1,52,4687.206666666666,0.23,0.6666666666666666,0.6666666666666666,0.0,0.0,0,0,0.0,0.0,0,0,0.0,14061.619999999999,3,0,0.0,14061.619999999999,3,0,0.0,0
LGS2ORD0011926,C014922,2025-04-05 11:00:00,Female,49,Bronze,Shopee,Chiang Mai,513,Lazada,COD,11,4,5,1,40-50,17.1,3.0,0.0,0.0,-1,13,7072.916666666667,0.28,0.3333333333333333,0.6666666666666666,0.0,0.0,0,0,0.0,4551.52,1,0,0.0,21218.75,3,0,0.0,21218.75,3,0,0.0,0
LGS2ORD0011927,C012326,2025-04-05 11:00:00,Male,39,Gold,TV,Khon Kaen,732,TV_Show,PromptPay,11,4,5,1,30-40,24.4,2.0,1.0,0.5,18,13,22003.315,0.08,0.5,0.0,0.0,0.0,0,0,0.0,42005.28,1,0,0.0,44006.63,2,1,0.5,44006.63,2,1,0.5,0
LGS2ORD0011928,C012134,2025-04-05 11:00:00,Male,35,Gold,Shopee,Chonburi,755,Web,COD,11,4,5,1,30-40,25.166666666666668,2.0,2.0,1.0,14,22,4806.27,0.2299999999999999,0.0,0.5,0.0,0.0,0,0,0.0,2432.4,1,1,1.0,9612.54,2,2,1.0,9612.54,2,2,1.0,0
LGS2ORD0011929,C011669,2025-04-05 11:00:00,Male,35,Bronze,Lazada,Remote_Area,356,Lazada,PromptPay,11,4,5,1,30-40,11.866666666666667,2.0,0.0,0.0,-1,10,5863.969999999999,0.03,0.5,0.0,0.0,0.0,0,0,0.0,10523.46,1,0,0.0,10523.46,1,0,0.0,11727.939999999999,2,0,0.0,0
LGS2ORD0011930,C011982,2025-04-05 11:00:00,Female,55,Silver,Web,Bangkok,862,CallCenter,COD,11,4,5,1,>50,28.733333333333334,1.0,0.0,0.0,-1,33,8946.43,0.05,1.0,0.0,0.0,0.0,0,0,0.0,0.0,0,0,0.0,8946.43,1,0,0.0,8946.43,1,0,0.0,0
LGS2ORD0011931,C015888,2025-04-05 11:00:00,Male,34,Gold,Shopee,Khon Kaen,752,Lazada,PromptPay,11,4,5,1,30-40,25.066666666666666,1.0,0.0,0.0,-1,20,1835.18,0.2299999999999999,0.0,1.0,0.0,0.0,0,0,0.0,1835.18,1,0,0.0,1835.18,1,0,0.0,1835.18,1,0,0.0,0
LGS2ORD0011932,C011681,2025-04-05 12:00:00,Male,42,Bronze,Shopee,Bangkok,120,Lazada,COD,12,4,5,1,40-50,4.0,2.0,0.0,0.0,-1,3,4425.71,0.18,1.0,0.0,0.0,2133.56,1,0,0.0,2133.56,1,0,0.0,8851.42,2,0,0.0,8851.42,2,0,0.0,0
LGS2ORD0011933,C016873,2025-04-05 12:00:00,Male,40,Bronze,TV,Chiang Mai,194,Shopee,COD,12,4,5,1,30-40,6.466666666666667,3.0,2.0,0.6666666666666666,53,59,1616.6000000000001,0.28,0.6666666666666666,0.3333333333333333,0.0,0.0,0,0,0.0,0.0,0,0,0.0,4849.8,3,2,0.6666666666666666,4849.8,3,2,0.6666666666666666,0
LGS2ORD0011934,C010050,2025-04-05 12:00:00,Female,26,Bronze,Shopee,Bangkok,1070,TV_Show,COD,12,4,5,1,20-30,35.666666666666664,2.0,0.0,0.0,-1,63,3374.2299999999996,0.23,0.5,0.5,0.0,0.0,0,0,0.0,0.0,0,0,0.0,2165.48,1,0,0.0,6748.459999999999,2,0,0.0,0
LGS2ORD0011935,C014463,2025-04-05 12:00:00,Female,26,Gold,Shopee,Bangkok,441,CallCenter,COD,12,4,5,1,20-30,14.7,1.0,0.0,0.0,-1,72,2875.55,0.18,0.0,0.0,0.0,0.0,0,0,0.0,0.0,0,0,0.0,2875.55,1,0,0.0,2875.55,1,0,0.0,1
LGS2ORD0011936,C011278,2025-04-05 12:00:00,Female,48,Bronze,Lazada,Chiang Mai,563,CallCenter,Credit_Card,12,4,5,1,40-50,18.766666666666666,2.0,0.0,0.0,-1,33,4655.68,0.18,0.5,0.0,0.0,0.0,0,0,0.0,0.0,0,0,0.0,4458.4,1,0,0.0,9311.36,2,0,0.0,0
LGS2ORD0011937,C017102,2025-04-05 13:00:00,Female,18,Gold,TV,Remote_Area,1345,Lazada,COD,13,4,5,1,<20,44.833333333333336,0.0,0.0,0.0,-1,-1,0.0,0.0,0.0,0.0,0.0,0.0,0,0,0.0,0.0,0,0,0.0,0.0,0,0,0.0,0.0,0,0,0.0,1
LGS2ORD0011938,C011541,2025-04-05 13:00:00,Female,18,Silver,Web,Bangkok,441,Shopee,COD,13,4,5,1,<20,14.7,1.0,0.0,0.0,-1,89,11100.09,0.25,1.0,1.0,0.0,0.0,0,0,0.0,0.0,0,0,0.0,11100.09,1,0,0.0,11100.09,1,0,0.0,0
LGS2ORD0011939,C016889,2025-04-05 13:00:00,Male,47,Bronze,Shopee,Chonburi,667,Lazada,COD,13,4,5,1,40-50,22.233333333333334,2.0,0.0,0.0,-1,9,3912.535,0.03,0.0,0.0,0.0,0.0,0,0,0.0,3221.72,1,0,0.0,7825.07,2,0,0.0,7825.07,2,0,0.0,0
LGS2ORD0011940,C016341,2025-04-05 13:00:00,Other,36,Bronze,Web,Phuket,254,Lazada,COD,13,4,5,1,30-40,8.466666666666667,3.0,2.0,0.6666666666666666,-2,6,5746.943333333334,0.23,0.6666666666666666,0.3333333333333333,0.0,12001.16,1,1,1.0,14084.81,2,2,1.0,17240.83,3,2,0.6666666666666666,17240.83,3,2,0.6666666666666666,1
LGS2ORD0011941,C012720,2025-04-05 13:00:00,Female,53,Silver,Shopee,Bangkok,898,Web,COD,13,4,5,1,>50,29.933333333333334,0.0,0.0,0.0,-1,-1,0.0,0.0,0.0,0.0,0.0,0.0,0,0,0.0,0.0,0,0,0.0,0.0,0,0,0.0,0.0,0,0,0.0,1
LGS2ORD0011942,C010288,2025-04-05 14:00:00,Female,35,Bronze,Shopee,Chiang Mai,1541,CallCenter,PromptPay,14,4,5,1,30-40,51.36666666666667,0.0,0.0,0.0,-1,-1,0.0,0.0,0.0,0.0,0.0,0.0,0,0,0.0,0.0,0,0,0.0,0.0,0,0,0.0,0.0,0,0,0.0,1
LGS2ORD0011943,C012604,2025-04-05 14:00:00,Female,55,Bronze,TV,Remote_Area,719,Web,Credit_Card,14,4,5,1,>50,23.966666666666665,2.0,1.0,0.5,27,9,2951.5350000000003,0.28,0.5,0.5,0.0,0.0,0,0,0.0,1549.97,1,0,0.0,5903.070000000001,2,1,0.5,5903.070000000001,2,1,0.5,0
LGS2ORD0011944,C011161,2025-04-05 14:00:00,Female,48,Gold,Web,Chonburi,729,Shopee,COD,14,4,5,1,40-50,24.3,1.0,1.0,1.0,14,24,4761.71,0.28,1.0,1.0,0.0,0.0,0,0,0.0,4761.71,1,1,1.0,4761.71,1,1,1.0,4761.71,1,1,1.0,0
LGS2ORD0011945,C011732,2025-04-05 14:00:00,Male,39,Bronze,Web,Chiang Mai,888,TV_Show,COD,14,4,5,1,30-40,29.6,3.0,2.0,0.6666666666666666,29,12,3448.1800000000003,0.23,1.0,0.3333333333333333,0.0,0.0,0,0,0.0,265.67,1,0,0.0,10344.54,3,2,0.6666666666666666,10344.54,3,2,0.6666666666666666,0
LGS2ORD0011946,C015476,2025-04-05 14:00:00,Male,50,Silver,TV,Khon Kaen,1014,Shopee,COD,14,4,5,1,40-50,33.8,0.0,0.0,0.0,-1,-1,0.0,0.0,0.0,0.0,0.0,0.0,0,0,0.0,0.0,0,0,0.0,0.0,0,0,0.0,0.0,0,0,0.0,0
LGS2ORD0011947,C012738,2025-04-05 15:00:00,Female,27,Silver,Web,Nakhon Ratchasima,1298,Shopee,Bank_Transfer,15,4,5,1,20-30,43.266666666666666,2.0,0.0,0.0,-1,33,8405.95,0.15,0.5,0.0,0.0,0.0,0,0,0.0,0.0,0,0,0.0,16811.9,2,0,0.0,16811.9,2,0,0.0,0
LGS2ORD0011948,C013515,2025-04-05 15:00:00,Male,32,Bronze,TV,Remote_Area,315,CallCenter,Credit_Card,15,4,5,1,30-40,10.5,3.0,2.0,0.6666666666666666,2,7,3015.5099999999998,0.18,1.0,0.0,0.0,0.0,0,0,0.0,623.07,1,1,1.0,9046.529999999999,3,2,0.6666666666666666,9046.529999999999,3,2,0.6666666666666666,0
LGS2ORD0011949,C014679,2025-04-05 15:00:00,Female,33,Silver,Lazada,Bangkok,725,Web,COD,15,4,5,1,30-40,24.166666666666668,3.0,1.0,0.3333333333333333,-6,5,8566.863333333333,0.3,0.6666666666666666,0.6666666666666666,0.0,778.14,1,1,1.0,778.14,1,1,1.0,25700.59,3,1,0.3333333333333333,25700.59,3,1,0.3333333333333333,1
LGS2ORD0011950,C015142,2025-04-05 15:00:00,Female,27,Silver,CallCenter,Remote_Area,932,Web,COD,15,4,5,1,20-30,31.066666666666666,4.0,3.0,0.75,13,4,3501.5924999999997,0.25,0.5,0.5,0.0,2776.71,1,0,0.0,4223.77,2,1,0.5,14006.369999999999,4,3,0.75,14006.369999999999,4,3,0.75,0
LGS2ORD0011951,C012252,2025-04-05 15:00:00,Female,35,Bronze,TV,Bangkok,846,Lazada,COD,15,4,5,1,30-40,28.2,2.0,0.0,0.0,-1,3,1219.655,0.18,0.5,0.0,0.0,571.17,1,0,0.0,2439.31,2,0,0.0,2439.31,2,0,0.0,2439.31,2,0,0.0,0
LGS2ORD0011952,C017071,2025-04-05 15:00:00,Female,47,Bronze,Lazada,Chonburi,119,Lazada,COD,15,4,5,1,40-50,3.966666666666667,1.0,0.0,0.0,-1,57,1149.36,0.08,1.0,0.0,0.0,0.0,0,0,0.0,0.0,0,0,0.0,1149.36,1,0,0.0,1149.36,1,0,0.0,0
LGS2ORD0011953,C015090,2025-04-05 16:00:00,Male,58,Bronze,Web,Remote_Area,216,Web,PromptPay,16,4,5,1,>50,7.2,2.0,1.0,0.5,62,69,5171.03,0.28,0.5,0.5,0.0,0.0,0,0,0.0,0.0,0,0,0.0,10342.06,2,1,0.5,10342.06,2,1,0.5,0
LGS2ORD0011954,C012633,2025-04-05 16:00:00,Female,45,Silver,CallCenter,Songkhla,199,TV_Show,COD,16,4,5,1,40-50,6.633333333333334,2.0,0.0,0.0,-1,26,1513.985,0.15,0.5,0.0,0.0,0.0,0,0,0.0,954.25,1,0,0.0,3027.97,2,0,0.0,3027.97,2,0,0.0,1
LGS2ORD0011955,C016786,2025-04-05 16:00:00,Female,24,Silver,Shopee,Bangkok,399,Web,PromptPay,16,4,5,1,20-30,13.3,0.0,0.0,0.0,-1,-1,0.0,0.0,0.0,0.0,0.0,0.0,0,0,0.0,0.0,0,0,0.0,0.0,0,0,0.0,0.0,0,0,0.0,0
LGS2ORD0011956,C013042,2025-04-05 16:00:00,Male,47,Bronze,TV,Remote_Area,1451,Shopee,COD,16,4,5,1,40-50,48.36666666666667,2.0,0.0,0.0,-1,23,3505.8950000000004,0.23,1.0,1.0,0.0,0.0,0,0,0.0,4792.06,1,0,0.0,7011.790000000001,2,0,0.0,7011.790000000001,2,0,0.0,1
LGS2ORD0011957,C016173,2025-04-05 16:00:00,Female,45,Gold,TV,Remote_Area,1104,TV_Show,COD,16,4,5,1,40-50,36.8,2.0,0.0,0.0,-1,16,6580.71,0.2299999999999999,0.5,0.5,0.0,0.0,0,0,0.0,10976.42,1,0,0.0,13161.42,2,0,0.0,13161.42,2,0,0.0,1
LGS2ORD0011958,C017788,2025-04-05 17:00:00,Male,52,Gold,Web,Bangkok,1269,CallCenter,COD,17,4,5,1,>50,42.3,4.0,1.0,0.25,73,8,2946.6275,0.2299999999999999,0.25,0.5,0.0,0.0,0,0,0.0,9462.91,2,0,0.0,11786.51,4,1,0.25,11786.51,4,1,0.25,0
LGS2ORD0011959,C017847,2025-04-05 17:00:00,Male,35,Bronze,Web,Phuket,1334,Shopee,COD,17,4,5,1,30-40,44.46666666666667,3.0,0.0,0.0,-1,0,12199.193333333335,0.28,0.6666666666666666,0.3333333333333333,0.0,31043.23,2,0,0.0,31043.23,2,0,0.0,36597.58,3,0,0.0,36597.58,3,0,0.0,0
LGS2ORD0011960,C013282,2025-04-05 17:00:00,Female,56,Gold,TV,Remote_Area,899,TV_Show,COD,17,4,5,1,>50,29.966666666666665,2.0,1.0,0.5,67,30,5559.685,0.2299999999999999,0.5,0.5,0.0,0.0,0,0,0.0,0.0,0,0,0.0,11119.37,2,1,0.5,11119.37,2,1,0.5,1
LGS2ORD0011961,C014156,2025-04-05 17:00:00,Male,42,Bronze,Web,Chonburi,1223,Shopee,Credit_Card,17,4,5,1,40-50,40.766666666666666,4.0,1.0,0.25,39,35,1668.135,0.28,0.75,0.25,0.0,0.0,0,0,0.0,0.0,0,0,0.0,6672.54,4,1,0.25,6672.54,4,1,0.25,0
LGS2ORD0011962,C014475,2025-04-05 17:00:00,Female,30,Gold,Web,Chiang Mai,1479,TV_Show,COD,17,4,5,1,20-30,49.3,1.0,0.0,0.0,-1,39,11185.57,0.18,1.0,0.0,0.0,0.0,0,0,0.0,0.0,0,0,0.0,11185.57,1,0,0.0,11185.57,1,0,0.0,0
LGS2ORD0011963,C016914,2025-04-05 18:00:00,Female,39,Bronze,Shopee,Phuket,1407,TV_Show,Credit_Card,18,4,5,1,30-40,46.9,4.0,1.0,0.25,61,35,6386.8625,0.08,0.5,0.0,0.0,0.0,0,0,0.0,0.0,0,0,0.0,25547.45,4,1,0.25,25547.45,4,1,0.25,1
LGS2ORD0011964,C010767,2025-04-05 18:00:00,Male,27,Bronze,CallCenter,Chonburi,483,TV_Show,PromptPay,18,4,5,1,20-30,16.1,1.0,0.0,0.0,-1,26,630.34,0.03,0.0,0.0,0.0,0.0,0,0,0.0,630.34,1,0,0.0,630.34,1,0,0.0,630.34,1,0,0.0,0
LGS2ORD0011965,C017129,2025-04-05 18:00:00,Male,38,Platinum,CallCenter,Nakhon Ratchasima,640,CallCenter,COD,18,4,5,1,30-40,21.333333333333332,1.0,1.0,1.0,3,17,667.77,0.3,0.0,1.0,0.0,0.0,0,0,0.0,667.77,1,1,1.0,667.77,1,1,1.0,667.77,1,1,1.0,0
LGS2ORD0011966,C010683,2025-04-05 18:00:00,Male,50,Silver,Shopee,Khon Kaen,360,Lazada,COD,18,4,5,1,40-50,12.0,3.0,0.0,0.0,-1,13,10175.373333333333,0.2,0.3333333333333333,0.0,0.0,0.0,0,0,0.0,2539.89,1,0,0.0,30526.12,3,0,0.0,30526.12,3,0,0.0,0
LGS2ORD0011967,C011824,2025-04-05 18:00:00,Male,44,Bronze,Shopee,Nakhon Ratchasima,1384,Web,Bank_Transfer,18,4,5,1,40-50,46.13333333333333,2.0,2.0,1.0,23,32,3007.7749999999996,0.28,0.5,1.0,0.0,0.0,0,0,0.0,0.0,0,0,0.0,6015.549999999999,2,2,1.0,6015.549999999999,2,2,1.0,0
LGS2ORD0011968,C012596,2025-04-05 18:00:00,Female,18,Silver,Web,Bangkok,1185,TV_Show,PromptPay,18,4,5,1,<20,39.5,2.0,0.0,0.0,-1,64,9662.869999999999,0.3,0.0,0.5,0.0,0.0,0,0,0.0,0.0,0,0,0.0,19325.739999999998,2,0,0.0,19325.739999999998,2,0,0.0,0
LGS2ORD0011969,C010893,2025-04-05 19:00:00,Other,52,Silver,CallCenter,Nakhon Ratchasima,575,Web,Bank_Transfer,19,4,5,1,>50,19.166666666666668,1.0,0.0,0.0,-1,13,2471.74,0.05,1.0,0.0,0.0,0.0,0,0,0.0,2471.74,1,0,0.0,2471.74,1,0,0.0,2471.74,1,0,0.0,0
LGS2ORD0011970,C015583,2025-04-05 19:00:00,Male,18,Silver,TV,Nakhon Ratchasima,559,Web,COD,19,4,5,1,<20,18.633333333333333,2.0,0.0,0.0,-1,28,5235.594999999999,0.05,0.0,0.0,0.0,0.0,0,0,0.0,8100.82,1,0,0.0,10471.189999999999,2,0,0.0,10471.189999999999,2,0,0.0,0
LGS2ORD0011971,C015165,2025-04-05 19:00:00,Female,45,Bronze,TV,Bangkok,1492,TV_Show,COD,19,4,5,1,40-50,49.733333333333334,5.0,0.0,0.0,-1,12,3939.4739999999997,0.28,0.0,0.6,0.0,0.0,0,0,0.0,4417.73,1,0,0.0,19697.37,5,0,0.0,19697.37,5,0,0.0,0
LGS2ORD0011972,C013685,2025-04-05 19:00:00,Male,42,Bronze,Shopee,Khon Kaen,1068,Web,COD,19,4,5,1,40-50,35.6,4.0,0.0,0.0,-1,46,9376.6025,0.28,0.5,0.25,0.0,0.0,0,0,0.0,0.0,0,0,0.0,37506.41,4,0,0.0,37506.41,4,0,0.0,0
LGS2ORD0011973,C015008,2025-04-05 19:00:00,Male,51,Bronze,Lazada,Songkhla,895,Lazada,COD,19,4,5,1,>50,29.833333333333332,6.0,2.0,0.3333333333333333,47,4,5214.941666666667,0.23,0.6666666666666666,0.3333333333333333,0.0,1843.14,1,0,0.0,22581.78,3,0,0.0,23197.379999999997,4,1,0.25,31289.65,6,2,0.3333333333333333,0
LGS2ORD0011974,C015055,2025-04-05 20:00:00,Male,41,Gold,TV,Bangkok,663,CallCenter,COD,20,4,5,1,40-50,22.1,0.0,0.0,0.0,-1,-1,0.0,0.0,0.0,0.0,0.0,0.0,0,0,0.0,0.0,0,0,0.0,0.0,0,0,0.0,0.0,0,0,0.0,0
LGS2ORD0011975,C010415,2025-04-05 20:00:00,Female,50,Gold,Web,Bangkok,775,TV_Show,COD,20,4,5,1,40-50,25.833333333333332,1.0,0.0,0.0,-1,74,1820.7,0.08,1.0,0.0,0.0,0.0,0,0,0.0,0.0,0,0,0.0,1820.7,1,0,0.0,1820.7,1,0,0.0,1
LGS2ORD0011976,C014372,2025-04-05 20:00:00,Female,40,Silver,Web,Songkhla,366,Lazada,COD,20,4,5,1,30-40,12.2,2.0,0.0,0.0,-1,2,8078.639999999999,0.05,0.5,0.0,0.0,9910.09,1,0,0.0,9910.09,1,0,0.0,16157.279999999999,2,0,0.0,16157.279999999999,2,0,0.0,0
LGS2ORD0011977,C013451,2025-04-05 20:00:00,Female,47,Bronze,Lazada,Phuket,678,Lazada,Credit_Card,20,4,5,1,40-50,22.6,2.0,0.0,0.0,-1,0,2760.0099999999998,0.13,1.0,0.0,0.0,4279.57,1,0,0.0,4279.57,1,0,0.0,5520.0199999999995,2,0,0.0,5520.0199999999995,2,0,0.0,1
LGS2ORD0011978,C017973,2025-04-05 20:00:00,Female,50,Bronze,CallCenter,Bangkok,1477,Lazada,COD,20,4,5,1,40-50,49.233333333333334,0.0,0.0,0.0,-1,-1,0.0,0.0,0.0,0.0,0.0,0.0,0,0,0.0,0.0,0,0,0.0,0.0,0,0,0.0,0.0,0,0,0.0,0
LGS2ORD0011979,C017995,2025-04-05 21:00:00,Female,37,Silver,Web,Songkhla,384,CallCenter,COD,21,4,5,1,30-40,12.8,0.0,0.0,0.0,-1,-1,0.0,0.0,0.0,0.0,0.0,0.0,0,0,0.0,0.0,0,0,0.0,0.0,0,0,0.0,0.0,0,0,0.0,1
LGS2ORD0011980,C015612,2025-04-05 21:00:00,Female,36,Silver,Web,Khon Kaen,1415,TV_Show,Credit_Card,21,4,5,1,30-40,47.166666666666664,3.0,0.0,0.0,-1,59,875.52,0.2,0.3333333333333333,0.0,0.0,0.0,0,0,0.0,0.0,0,0,0.0,1874.6,2,0,0.0,2626.56,3,0,0.0,0
LGS2ORD0011981,C011475,2025-04-05 21:00:00,Male,34,Bronze,TV,Bangkok,1269,Web,COD,21,4,5,1,30-40,42.3,1.0,1.0,1.0,40,53,4473.4,0.08,1.0,0.0,0.0,0.0,0,0,0.0,0.0,0,0,0.0,4473.4,1,1,1.0,4473.4,1,1,1.0,0
LGS2ORD0011982,C014131,2025-04-05 21:00:00,Female,51,Silver,Shopee,Bangkok,1329,CallCenter,Credit_Card,21,4,5,1,>50,44.3,1.0,1.0,1.0,7,18,1198.64,0.05,1.0,0.0,0.0,0.0,0,0,0.0,1198.64,1,1,1.0,1198.64,1,1,1.0,1198.64,1,1,1.0,0
LGS2ORD0011983,C016745,2025-04-05 21:00:00,Female,31,Gold,Shopee,Khon Kaen,465,CallCenter,Bank_Transfer,21,4,5,1,30-40,15.5,1.0,0.0,0.0,-1,7,4617.03,0.18,1.0,0.0,0.0,0.0,0,0,0.0,4617.03,1,0,0.0,4617.03,1,0,0.0,4617.03,1,0,0.0,0
LGS2ORD0011984,C010487,2025-04-05 22:00:00,Male,63,Bronze,TV,Remote_Area,1105,Shopee,Credit_Card,22,4,5,1,>50,36.833333333333336,0.0,0.0,0.0,-1,-1,0.0,0.0,0.0,0.0,0.0,0.0,0,0,0.0,0.0,0,0,0.0,0.0,0,0,0.0,0.0,0,0,0.0,0
LGS2ORD0011985,C015200,2025-04-05 22:00:00,Male,31,Platinum,Lazada,Bangkok,429,TV_Show,Credit_Card,22,4,5,1,30-40,14.3,3.0,0.0,0.0,-1,6,1850.1200000000001,0.15,0.0,0.0,0.0,1572.44,1,0,0.0,3365.37,2,0,0.0,5550.360000000001,3,0,0.0,5550.360000000001,3,0,0.0,0
LGS2ORD0011986,C017962,2025-04-05 22:00:00,Female,35,Bronze,CallCenter,Khon Kaen,1144,TV_Show,COD,22,4,5,1,30-40,38.13333333333333,3.0,0.0,0.0,-1,30,6791.333333333333,0.28,0.6666666666666666,0.3333333333333333,0.0,0.0,0,0,0.0,0.0,0,0,0.0,20374.0,3,0,0.0,20374.0,3,0,0.0,0
LGS2ORD0011987,C012162,2025-04-05 22:00:00,Male,61,Bronze,Lazada,Phuket,1365,Web,COD,22,4,5,1,>50,45.5,0.0,0.0,0.0,-1,-1,0.0,0.0,0.0,0.0,0.0,0.0,0,0,0.0,0.0,0,0,0.0,0.0,0,0,0.0,0.0,0,0,0.0,0
LGS2ORD0011988,C016703,2025-04-05 22:00:00,Female,34,Bronze,Lazada,Bangkok,997,Web,COD,22,4,5,1,30-40,33.233333333333334,3.0,0.0,0.0,-1,3,1641.5366666666666,0.28,0.3333333333333333,0.3333333333333333,0.0,1120.39,1,0,0.0,1120.39,1,0,0.0,4924.61,3,0,0.0,4924.61,3,0,0.0,1
LGS2ORD0011989,C011000,2025-04-05 22:00:00,Female,31,Bronze,Shopee,Bangkok,314,TV_Show,PromptPay,22,4,5,1,30-40,10.466666666666667,5.0,2.0,0.4,22,23,5385.246,0.28,0.6,0.6,0.0,0.0,0,0,0.0,1542.27,1,0,0.0,26926.23,5,2,0.4,26926.23,5,2,0.4,1
LGS2ORD0011990,C015348,2025-04-05 23:00:00,Male,27,Platinum,Shopee,Bangkok,407,Web,PromptPay,23,4,5,1,20-30,13.566666666666666,0.0,0.0,0.0,-1,-1,0.0,0.0,0.0,0.0,0.0,0.0,0,0,0.0,0.0,0,0,0.0,0.0,0,0,0.0,0.0,0,0,0.0,0
LGS2ORD0011991,C016428,2025-04-05 23:00:00,Female,36,Platinum,Shopee,Chiang Mai,749,Shopee,Credit_Card,23,4,5,1,30-40,24.966666666666665,1.0,0.0,0.0,-1,78,552.44,0.15,0.0,0.0,0.0,0.0,0,0,0.0,0.0,0,0,0.0,552.44,1,0,0.0,552.44,1,0,0.0,0
LGS2ORD0011992,C010364,2025-04-05 23:00:00,Male,41,Silver,TV,Chonburi,867,TV_Show,COD,23,4,5,1,40-50,28.9,0.0,0.0,0.0,-1,-1,0.0,0.0,0.0,0.0,0.0,0.0,0,0,0.0,0.0,0,0,0.0,0.0,0,0,0.0,0.0,0,0,0.0,0
LGS2ORD0011993,C012996,2025-04-05 23:00:00,Female,35,Platinum,Web,Khon Kaen,1231,Web,PromptPay,23,4,5,1,30-40,41.03333333333333,0.0,0.0,0.0,-1,-1,0.0,0.0,0.0,0.0,0.0,0.0,0,0,0.0,0.0,0,0,0.0,0.0,0,0,0.0,0.0,0,0,0.0,0
LGS2ORD0011994,C015213,2025-04-05 23:00:00,Male,36,Silver,Shopee,Nakhon Ratchasima,537,Shopee,Credit_Card,23,4,5,1,30-40,17.9,0.0,0.0,0.0,-1,-1,0.0,0.0,0.0,0.0,0.0,0.0,0,0,0.0,0.0,0,0,0.0,0.0,0,0,0.0,0.0,0,0,0.0,0
LGS2ORD0011995,C012256,2025-04-06 00:00:00,Male,20,Silver,Lazada,Remote_Area,845,Lazada,PromptPay,0,4,6,1,<20,28.166666666666668,0.0,0.0,0.0,-1,-1,0.0,0.0,0.0,0.0,0.0,0.0,0,0,0.0,0.0,0,0,0.0,0.0,0,0,0.0,0.0,0,0,0.0,0
LGS2ORD0011996,C015782,2025-04-06 00:00:00,Female,51,Bronze,Shopee,Chiang Mai,889,Shopee,COD,0,4,6,1,>50,29.633333333333333,2.0,0.0,0.0,-1,17,8534.175,0.08,1.0,0.0,0.0,0.0,0,0,0.0,792.63,1,0,0.0,17068.35,2,0,0.0,17068.35,2,0,0.0,0
LGS2ORD0011997,C011728,2025-04-06 00:00:00,Male,65,Bronze,Shopee,Bangkok,554,Lazada,COD,0,4,6,1,>50,18.466666666666665,1.0,0.0,0.0,-1,89,3509.35,0.08,0.0,0.0,0.0,0.0,0,0,0.0,0.0,0,0,0.0,3509.35,1,0,0.0,3509.35,1,0,0.0,1
LGS2ORD0011998,C016872,2025-04-06 00:00:00,Female,29,Bronze,Shopee,Remote_Area,1131,Web,COD,0,4,6,1,20-30,37.7,1.0,1.0,1.0,84,88,5586.18,0.18,1.0,0.0,0.0,0.0,0,0,0.0,0.0,0,0,0.0,5586.18,1,1,1.0,5586.18,1,1,1.0,0
LGS2ORD0011999,C015339,2025-04-06 00:00:00,Male,60,Bronze,Web,Chonburi,589,TV_Show,COD,0,4,6,1,>50,19.633333333333333,3.0,0.0,0.0,-1,62,2933.8133333333335,0.28,0.3333333333333333,0.6666666666666666,0.0,0.0,0,0,0.0,0.0,0,0,0.0,8801.44,3,0,0.0,8801.44,3,0,0.0,1
LGS2ORD0012000,C015106,2025-04-06 01:00:00,Female,32,Bronze,Shopee,Bangkok,878,Shopee,COD,1,4,6,1,30-40,29.266666666666666,3.0,1.0,0.3333333333333333,-2,9,5646.009999999999,0.23,0.3333333333333333,0.3333333333333333,0.0,0.0,0,0,0.0,6538.34,1,1,1.0,12507.33,2,1,0.5,16938.03,3,1,0.3333333333333333,0
LGS2ORD0012001,C012248,2025-04-06 01:00:00,Female,41,Silver,Lazada,Songkhla,275,Shopee,COD,1,4,6,1,40-50,9.166666666666666,1.0,1.0,1.0,9,16,9980.68,0.15,0.0,0.0,0.0,0.0,0,0,0.0,9980.68,1,1,1.0,9980.68,1,1,1.0,9980.68,1,1,1.0,0
LGS2ORD0012002,C015948,2025-04-06 01:00:00,Female,43,Silver,Lazada,Chiang Mai,264,Web,PromptPay,1,4,6,1,40-50,8.8,3.0,1.0,0.3333333333333333,12,4,5741.213333333333,0.2,1.0,0.0,0.0,3998.85,1,0,0.0,15550.82,2,1,0.5,17223.64,3,1,0.3333333333333333,17223.64,3,1,0.3333333333333333,0
LGS2ORD0012003,C010138,2025-04-06 01:00:00,Female,26,Silver,Shopee,Bangkok,1474,CallCenter,COD,1,4,6,1,20-30,49.13333333333333,2.0,0.0,0.0,-1,21,11953.77,0.1,1.0,0.0,0.0,0.0,0,0,0.0,1707.43,1,0,0.0,23907.54,2,0,0.0,23907.54,2,0,0.0,0
LGS2ORD0012004,C014532,2025-04-06 01:00:00,Male,31,Silver,TV,Phuket,1453,Web,COD,1,4,6,1,30-40,48.43333333333333,3.0,2.0,0.6666666666666666,14,22,3112.7166666666667,0.3,0.6666666666666666,0.3333333333333333,0.0,0.0,0,0,0.0,5959.71,1,1,1.0,9338.15,3,2,0.6666666666666666,9338.15,3,2,0.6666666666666666,0
LGS2ORD0012005,C014928,2025-04-06 02:00:00,Male,58,Bronze,Shopee,Bangkok,1430,Web,COD,2,4,6,1,>50,47.666666666666664,1.0,0.0,0.0,-1,93,713.2,0.23,0.0,1.0,0.0,0.0,0,0,0.0,0.0,0,0,0.0,0.0,0,0,0.0,713.2,1,0,0.0,0
LGS2ORD0012006,C010520,2025-04-06 02:00:00,Female,31,Gold,TV,Nakhon Ratchasima,1329,CallCenter,COD,2,4,6,1,30-40,44.3,2.0,0.0,0.0,-1,47,5610.8099999999995,0.28,0.5,0.5,0.0,0.0,0,0,0.0,0.0,0,0,0.0,11221.619999999999,2,0,0.0,11221.619999999999,2,0,0.0,0
LGS2ORD0012007,C010487,2025-04-06 02:00:00,Male,63,Bronze,TV,Remote_Area,1106,Web,PromptPay,2,4,6,1,>50,36.86666666666667,1.0,0.0,0.0,-1,0,2507.66,0.23,0.0,1.0,0.0,2507.66,1,0,0.0,2507.66,1,0,0.0,2507.66,1,0,0.0,2507.66,1,0,0.0,0
LGS2ORD0012008,C014049,2025-04-06 02:00:00,Female,34,Bronze,TV,Nakhon Ratchasima,158,Shopee,COD,2,4,6,1,30-40,5.266666666666667,0.0,0.0,0.0,-1,-1,0.0,0.0,0.0,0.0,0.0,0.0,0,0,0.0,0.0,0,0,0.0,0.0,0,0,0.0,0.0,0,0,0.0,0
LGS2ORD0012009,C017701,2025-04-06 02:00:00,Male,42,Bronze,Web,Bangkok,992,Web,COD,2,4,6,1,40-50,33.06666666666667,1.0,0.0,0.0,-1,57,2849.34,0.13,1.0,0.0,0.0,0.0,0,0,0.0,0.0,0,0,0.0,2849.34,1,0,0.0,2849.34,1,0,0.0,0
LGS2ORD0012010,C015188,2025-04-06 02:00:00,Male,32,Gold,TV,Bangkok,1041,CallCenter,COD,2,4,6,1,30-40,34.7,1.0,1.0,1.0,76,86,1069.97,0.28,1.0,1.0,0.0,0.0,0,0,0.0,0.0,0,0,0.0,1069.97,1,1,1.0,1069.97,1,1,1.0,0
LGS2ORD0012011,C011763,2025-04-06 03:00:00,Male,50,Silver,TV,Bangkok,877,Shopee,Credit_Card,3,4,6,1,40-50,29.233333333333334,3.0,0.0,0.0,-1,5,1864.99,0.15,0.3333333333333333,0.0,0.0,3681.07,1,0,0.0,4985.72,2,0,0.0,5594.97,3,0,0.0,5594.97,3,0,0.0,1
LGS2ORD0012012,C017572,2025-04-06 03:00:00,Female,41,Silver,Lazada,Chiang Mai,197,Web,COD,3,4,6,1,40-50,6.566666666666666,3.0,1.0,0.3333333333333333,25,37,5371.493333333333,0.25,0.3333333333333333,0.3333333333333333,0.0,0.0,0,0,0.0,0.0,0,0,0.0,6896.16,1,1,1.0,16114.48,3,1,0.3333333333333333,0
LGS2ORD0012013,C014661,2025-04-06 03:00:00,Male,48,Silver,Shopee,Nakhon Ratchasima,1331,Lazada,PromptPay,3,4,6,1,40-50,44.36666666666667,3.0,0.0,0.0,-1,46,2130.1866666666665,0.2,1.0,0.0,0.0,0.0,0,0,0.0,0.0,0,0,0.0,6390.5599999999995,3,0,0.0,6390.5599999999995,3,0,0.0,0
LGS2ORD0012014,C017051,2025-04-06 03:00:00,Male,54,Bronze,Lazada,Nakhon Ratchasima,1291,TV_Show,COD,3,4,6,1,>50,43.03333333333333,2.0,2.0,1.0,19,29,1037.21,0.18,0.5,0.0,0.0,0.0,0,0,0.0,829.75,1,1,1.0,2074.42,2,2,1.0,2074.42,2,2,1.0,0
LGS2ORD0012015,C017606,2025-04-06 03:00:00,Female,45,Silver,TV,Chiang Mai,873,TV_Show,COD,3,4,6,1,40-50,29.1,1.0,1.0,1.0,47,59,4939.22,0.05,1.0,0.0,0.0,0.0,0,0,0.0,0.0,0,0,0.0,4939.22,1,1,1.0,4939.22,1,1,1.0,0
LGS2ORD0012016,C014814,2025-04-06 04:00:00,Female,33,Bronze,Lazada,Remote_Area,1115,Shopee,Credit_Card,4,4,6,1,30-40,37.166666666666664,1.0,1.0,1.0,41,57,1145.62,0.23,0.0,1.0,0.0,0.0,0,0,0.0,0.0,0,0,0.0,1145.62,1,1,1.0,1145.62,1,1,1.0,0
LGS2ORD0012017,C016342,2025-04-06 04:00:00,Female,27,Gold,TV,Chiang Mai,1026,Web,Credit_Card,4,4,6,1,20-30,34.2,3.0,1.0,0.3333333333333333,25,38,5190.2266666666665,0.28,0.6666666666666666,0.3333333333333333,0.0,0.0,0,0,0.0,0.0,0,0,0.0,15570.68,3,1,0.3333333333333333,15570.68,3,1,0.3333333333333333,0
LGS2ORD0012018,C010655,2025-04-06 04:00:00,Female,25,Platinum,TV,Bangkok,600,TV_Show,PromptPay,4,4,6,1,20-30,20.0,2.0,0.0,0.0,-1,33,1723.24,0.3,0.0,0.5,0.0,0.0,0,0,0.0,0.0,0,0,0.0,3446.48,2,0,0.0,3446.48,2,0,0.0,0
LGS2ORD0012019,C015203,2025-04-06 04:00:00,Female,44,Gold,TV,Bangkok,604,Shopee,COD,4,4,6,1,40-50,20.133333333333333,3.0,0.0,0.0,-1,52,1203.08,0.28,1.0,0.3333333333333333,0.0,0.0,0,0,0.0,0.0,0,0,0.0,3609.24,3,0,0.0,3609.24,3,0,0.0,1
LGS2ORD0012020,C016751,2025-04-06 04:00:00,Male,18,Bronze,TV,Nakhon Ratchasima,440,Lazada,PromptPay,4,4,6,1,<20,14.666666666666666,1.0,0.0,0.0,-1,10,374.56,0.28,1.0,1.0,0.0,0.0,0,0,0.0,374.56,1,0,0.0,374.56,1,0,0.0,374.56,1,0,0.0,0
LGS2ORD0012021,C013066,2025-04-06 05:00:00,Female,26,Bronze,Lazada,Remote_Area,1443,TV_Show,Credit_Card,5,4,6,1,20-30,48.1,0.0,0.0,0.0,-1,-1,0.0,0.0,0.0,0.0,0.0,0.0,0,0,0.0,0.0,0,0,0.0,0.0,0,0,0.0,0.0,0,0,0.0,0
LGS2ORD0012022,C017899,2025-04-06 05:00:00,Male,26,Bronze,Lazada,Bangkok,971,TV_Show,PromptPay,5,4,6,1,20-30,32.36666666666667,0.0,0.0,0.0,-1,-1,0.0,0.0,0.0,0.0,0.0,0.0,0,0,0.0,0.0,0,0,0.0,0.0,0,0,0.0,0.0,0,0,0.0,1
LGS2ORD0012023,C015823,2025-04-06 05:00:00,Female,35,Silver,TV,Bangkok,1549,Lazada,COD,5,4,6,1,30-40,51.63333333333333,0.0,0.0,0.0,-1,-1,0.0,0.0,0.0,0.0,0.0,0.0,0,0,0.0,0.0,0,0,0.0,0.0,0,0,0.0,0.0,0,0,0.0,0
LGS2ORD0012024,C011012,2025-04-06 05:00:00,Male,44,Bronze,Web,Bangkok,485,Lazada,PromptPay,5,4,6,1,40-50,16.166666666666668,1.0,0.0,0.0,-1,59,4956.63,0.18,0.0,0.0,0.0,0.0,0,0,0.0,0.0,0,0,0.0,4956.63,1,0,0.0,4956.63,1,0,0.0,0
LGS2ORD0012025,C011169,2025-04-06 05:00:00,Female,53,Bronze,TV,Chiang Mai,712,TV_Show,Credit_Card,5,4,6,1,>50,23.733333333333334,4.0,1.0,0.25,-5,6,5636.15,0.18,0.5,0.0,0.0,2894.33,1,1,1.0,2894.33,1,1,1.0,22544.6,4,1,0.25,22544.6,4,1,0.25,0
LGS2ORD0012026,C014058,2025-04-06 06:00:00,Female,57,Platinum,Web,Bangkok,434,TV_Show,PromptPay,6,4,6,1,>50,14.466666666666667,2.0,0.0,0.0,-1,26,2543.94,0.25,0.0,0.5,0.0,0.0,0,0,0.0,1018.66,1,0,0.0,5087.88,2,0,0.0,5087.88,2,0,0.0,0
LGS2ORD0012027,C016162,2025-04-06 06:00:00,Male,32,Silver,Lazada,Bangkok,761,TV_Show,Credit_Card,6,4,6,1,30-40,25.366666666666667,1.0,1.0,1.0,73,89,2565.48,0.2,1.0,0.0,0.0,0.0,0,0,0.0,0.0,0,0,0.0,2565.48,1,1,1.0,2565.48,1,1,1.0,0
LGS2ORD0012028,C011813,2025-04-06 06:00:00,Male,34,Bronze,Shopee,Bangkok,1356,Web,COD,6,4,6,1,30-40,45.2,3.0,0.0,0.0,-1,57,4274.576666666667,0.23,0.3333333333333333,0.3333333333333333,0.0,0.0,0,0,0.0,0.0,0,0,0.0,12823.73,3,0,0.0,12823.73,3,0,0.0,1
LGS2ORD0012029,C015664,2025-04-06 06:00:00,Female,37,Bronze,CallCenter,Remote_Area,1287,Lazada,COD,6,4,6,1,30-40,42.9,0.0,0.0,0.0,-1,-1,0.0,0.0,0.0,0.0,0.0,0.0,0,0,0.0,0.0,0,0,0.0,0.0,0,0,0.0,0.0,0,0,0.0,0
LGS2ORD0012030,C011007,2025-04-06 06:00:00,Male,28,Gold,TV,Bangkok,901,Lazada,COD,6,4,6,1,20-30,30.033333333333335,2.0,1.0,0.5,19,27,8828.99,0.2299999999999999,1.0,0.5,0.0,0.0,0,0,0.0,17657.98,2,1,0.5,17657.98,2,1,0.5,17657.98,2,1,0.5,0
LGS2ORD0012031,C012700,2025-04-06 06:00:00,Male,34,Platinum,TV,Chiang Mai,450,TV_Show,Credit_Card,6,4,6,1,30-40,15.0,3.0,2.0,0.6666666666666666,55,63,4082.536666666667,0.35,1.0,1.0,0.0,0.0,0,0,0.0,0.0,0,0,0.0,12247.61,3,2,0.6666666666666666,12247.61,3,2,0.6666666666666666,0
LGS2ORD0012032,C013669,2025-04-06 07:00:00,Female,54,Bronze,Shopee,Phuket,561,Web,COD,7,4,6,1,>50,18.7,1.0,0.0,0.0,-1,63,4297.87,0.08,0.0,0.0,0.0,0.0,0,0,0.0,0.0,0,0,0.0,4297.87,1,0,0.0,4297.87,1,0,0.0,1
LGS2ORD0012033,C017767,2025-04-06 07:00:00,Male,60,Bronze,Lazada,Phuket,417,Shopee,PromptPay,7,4,6,1,>50,13.9,1.0,0.0,0.0,-1,13,1113.2,0.03,0.0,0.0,0.0,0.0,0,0,0.0,1113.2,1,0,0.0,1113.2,1,0,0.0,1113.2,1,0,0.0,0
LGS2ORD0012034,C015896,2025-04-06 07:00:00,Male,26,Bronze,CallCenter,Chonburi,151,Shopee,COD,7,4,6,1,20-30,5.033333333333333,2.0,1.0,0.5,11,18,1788.015,0.18,0.0,0.0,0.0,0.0,0,0,0.0,1023.63,1,1,1.0,3576.03,2,1,0.5,3576.03,2,1,0.5,1
LGS2ORD0012035,C013710,2025-04-06 07:00:00,Male,37,Gold,Web,Chiang Mai,868,Web,Bank_Transfer,7,4,6,1,30-40,28.933333333333334,0.0,0.0,0.0,-1,-1,0.0,0.0,0.0,0.0,0.0,0.0,0,0,0.0,0.0,0,0,0.0,0.0,0,0,0.0,0.0,0,0,0.0,0
LGS2ORD0012036,C016292,2025-04-06 07:00:00,Male,35,Bronze,TV,Remote_Area,256,Shopee,COD,7,4,6,1,30-40,8.533333333333333,2.0,0.0,0.0,-1,15,1854.1950000000002,0.08,0.0,0.0,0.0,0.0,0,0,0.0,1940.24,1,0,0.0,3708.3900000000003,2,0,0.0,3708.3900000000003,2,0,0.0,0
LGS2ORD0012037,C017151,2025-04-06 08:00:00,Female,29,Bronze,TV,Songkhla,1428,Lazada,COD,8,4,6,1,20-30,47.6,3.0,1.0,0.3333333333333333,0,14,6209.040000000001,0.18,0.3333333333333333,0.0,0.0,0.0,0,0,0.0,7024.85,1,1,1.0,18627.120000000003,3,1,0.3333333333333333,18627.120000000003,3,1,0.3333333333333333,0
LGS2ORD0012038,C014474,2025-04-06 08:00:00,Female,52,Bronze,TV,Khon Kaen,1335,CallCenter,COD,8,4,6,1,>50,44.5,6.0,1.0,0.16666666666666666,33,6,7384.245,0.23,0.6666666666666666,0.16666666666666666,0.0,998.75,1,0,0.0,20689.11,4,0,0.0,44305.47,6,1,0.16666666666666666,44305.47,6,1,0.16666666666666666,0
LGS2ORD0012039,C015372,2025-04-06 08:00:00,Male,39,Bronze,Web,Remote_Area,653,Shopee,COD,8,4,6,1,30-40,21.766666666666666,1.0,0.0,0.0,-1,4,7822.15,0.03,0.0,0.0,0.0,7822.15,1,0,0.0,7822.15,1,0,0.0,7822.15,1,0,0.0,7822.15,1,0,0.0,1
LGS2ORD0012040,C010115,2025-04-06 08:00:00,Female,43,Silver,Web,Bangkok,173,TV_Show,COD,8,4,6,1,40-50,5.766666666666667,0.0,0.0,0.0,-1,-1,0.0,0.0,0.0,0.0,0.0,0.0,0,0,0.0,0.0,0,0,0.0,0.0,0,0,0.0,0.0,0,0,0.0,1
LGS2ORD0012041,C017516,2025-04-06 08:00:00,Male,60,Gold,TV,Bangkok,597,Shopee,COD,8,4,6,1,>50,19.9,3.0,0.0,0.0,-1,15,3004.866666666667,0.2299999999999999,0.6666666666666666,0.3333333333333333,0.0,0.0,0,0,0.0,916.19,1,0,0.0,9014.6,3,0,0.0,9014.6,3,0,0.0,0
LGS2ORD0012042,C010195,2025-04-06 09:00:00,Male,56,Platinum,TV,Chonburi,1231,CallCenter,Bank_Transfer,9,4,6,1,>50,41.03333333333333,2.0,1.0,0.5,57,63,1199.92,0.2,0.0,0.0,0.0,0.0,0,0,0.0,0.0,0,0,0.0,2399.84,2,1,0.5,2399.84,2,1,0.5,0
LGS2ORD0012043,C017385,2025-04-06 09:00:00,Male,66,Bronze,Lazada,Bangkok,1103,TV_Show,COD,9,4,6,1,>50,36.766666666666666,0.0,0.0,0.0,-1,-1,0.0,0.0,0.0,0.0,0.0,0.0,0,0,0.0,0.0,0,0,0.0,0.0,0,0,0.0,0.0,0,0,0.0,0
LGS2ORD0012044,C012537,2025-04-06 09:00:00,Other,33,Bronze,TV,Bangkok,905,Lazada,COD,9,4,6,1,30-40,30.166666666666668,2.0,1.0,0.5,50,10,4832.4,0.23,0.0,0.5,0.0,0.0,0,0,0.0,949.49,1,0,0.0,9664.8,2,1,0.5,9664.8,2,1,0.5,0
LGS2ORD0012045,C012344,2025-04-06 09:00:00,Other,19,Platinum,Web,Chonburi,599,CallCenter,COD,9,4,6,1,<20,19.966666666666665,1.0,0.0,0.0,-1,75,1824.45,0.25,0.0,1.0,0.0,0.0,0,0,0.0,0.0,0,0,0.0,1824.45,1,0,0.0,1824.45,1,0,0.0,0
LGS2ORD0012046,C015087,2025-04-06 09:00:00,Female,31,Gold,Lazada,Remote_Area,1463,Shopee,COD,9,4,6,1,30-40,48.766666666666666,2.0,1.0,0.5,32,40,5013.925,0.28,0.5,0.5,0.0,0.0,0,0,0.0,0.0,0,0,0.0,1570.82,1,1,1.0,10027.85,2,1,0.5,0
LGS2ORD0012047,C016943,2025-04-06 10:00:00,Female,45,Bronze,TV,Bangkok,653,TV_Show,COD,10,4,6,1,40-50,21.766666666666666,3.0,1.0,0.3333333333333333,0,1,8300.616666666667,0.28,0.3333333333333333,0.3333333333333333,0.0,1595.92,1,1,1.0,5700.52,2,1,0.5,24901.85,3,1,0.3333333333333333,24901.85,3,1,0.3333333333333333,0
LGS2ORD0012048,C013463,2025-04-06 10:00:00,Female,36,Bronze,Web,Khon Kaen,1015,Web,COD,10,4,6,1,30-40,33.833333333333336,1.0,0.0,0.0,-1,63,3427.41,0.08,1.0,0.0,0.0,0.0,0,0,0.0,0.0,0,0,0.0,3427.41,1,0,0.0,3427.41,1,0,0.0,1
LGS2ORD0012049,C013329,2025-04-06 10:00:00,Female,63,Silver,TV,Chiang Mai,334,TV_Show,COD,10,4,6,1,>50,11.133333333333333,1.0,0.0,0.0,-1,39,12241.99,0.15,0.0,0.0,0.0,0.0,0,0,0.0,0.0,0,0,0.0,12241.99,1,0,0.0,12241.99,1,0,0.0,0
LGS2ORD0012050,C015281,2025-04-06 10:00:00,Male,42,Bronze,TV,Chonburi,205,Lazada,Credit_Card,10,4,6,1,40-50,6.833333333333333,2.0,1.0,0.5,23,14,933.17,0.23,0.5,0.5,0.0,0.0,0,0,0.0,1244.6,1,0,0.0,1866.34,2,1,0.5,1866.34,2,1,0.5,0
LGS2ORD0012051,C012248,2025-04-06 10:00:00,Female,41,Silver,Lazada,Songkhla,275,Web,PromptPay,10,4,6,1,40-50,9.166666666666666,2.0,1.0,0.5,10,0,5426.32,0.15,0.5,0.0,0.0,871.96,1,0,0.0,10852.64,2,1,0.5,10852.64,2,1,0.5,10852.64,2,1,0.5,0
LGS2ORD0012052,C013698,2025-04-06 10:00:00,Female,24,Bronze,TV,Remote_Area,427,Web,PromptPay,10,4,6,1,20-30,14.233333333333333,2.0,1.0,0.5,-8,1,2730.4049999999997,0.28,0.5,1.0,0.0,4344.57,1,1,1.0,4344.57,1,1,1.0,5460.8099999999995,2,1,0.5,5460.8099999999995,2,1,0.5,0
LGS2ORD0012053,C010502,2025-04-06 11:00:00,Male,61,Bronze,TV,Remote_Area,696,Web,PromptPay,11,4,6,1,>50,23.2,2.0,2.0,1.0,8,19,8550.73,0.23,1.0,0.5,0.0,0.0,0,0,0.0,8924.35,1,1,1.0,17101.46,2,2,1.0,17101.46,2,2,1.0,0
LGS2ORD0012054,C010498,2025-04-06 11:00:00,Female,53,Bronze,Shopee,Bangkok,1213,TV_Show,PromptPay,11,4,6,1,>50,40.43333333333333,3.0,0.0,0.0,-1,14,5295.05,0.23,0.3333333333333333,0.3333333333333333,0.0,0.0,0,0,0.0,6051.76,1,0,0.0,15885.15,3,0,0.0,15885.15,3,0,0.0,0
LGS2ORD0012055,C016402,2025-04-06 11:00:00,Male,44,Silver,Shopee,Nakhon Ratchasima,1190,CallCenter,COD,11,4,6,1,40-50,39.666666666666664,2.0,0.0,0.0,-1,5,3646.92,0.25,0.5,0.5,0.0,4159.58,1,0,0.0,4159.58,1,0,0.0,7293.84,2,0,0.0,7293.84,2,0,0.0,1
LGS2ORD0012056,C016954,2025-04-06 11:00:00,Male,51,Bronze,Web,Chonburi,869,Lazada,COD,11,4,6,1,>50,28.966666666666665,1.0,0.0,0.0,-1,20,5384.72,0.18,0.0,0.0,0.0,0.0,0,0,0.0,5384.72,1,0,0.0,5384.72,1,0,0.0,5384.72,1,0,0.0,1
LGS2ORD0012057,C013772,2025-04-06 11:00:00,Female,43,Bronze,TV,Khon Kaen,242,Lazada,Credit_Card,11,4,6,1,40-50,8.066666666666666,0.0,0.0,0.0,-1,-1,0.0,0.0,0.0,0.0,0.0,0.0,0,0,0.0,0.0,0,0,0.0,0.0,0,0,0.0,0.0,0,0,0.0,0
LGS2ORD0012058,C014478,2025-04-06 12:00:00,Female,59,Platinum,Shopee,Nakhon Ratchasima,186,CallCenter,Credit_Card,12,4,6,1,>50,6.2,1.0,0.0,0.0,-1,10,2644.64,0.35,0.0,1.0,0.0,0.0,0,0,0.0,2644.64,1,0,0.0,2644.64,1,0,0.0,2644.64,1,0,0.0,0
LGS2ORD0012059,C012277,2025-04-06 12:00:00,Male,34,Gold,Shopee,Bangkok,309,Web,Credit_Card,12,4,6,1,30-40,10.3,0.0,0.0,0.0,-1,-1,0.0,0.0,0.0,0.0,0.0,0.0,0,0,0.0,0.0,0,0,0.0,0.0,0,0,0.0,0.0,0,0,0.0,0
LGS2ORD0012060,C011694,2025-04-06 12:00:00,Male,36,Silver,TV,Bangkok,193,Shopee,COD,12,4,6,1,30-40,6.433333333333334,3.0,0.0,0.0,-1,35,8598.986666666666,0.25,0.3333333333333333,0.3333333333333333,0.0,0.0,0,0,0.0,0.0,0,0,0.0,25796.96,3,0,0.0,25796.96,3,0,0.0,0
LGS2ORD0012061,C015549,2025-04-06 12:00:00,Male,48,Silver,Web,Nakhon Ratchasima,1265,Shopee,COD,12,4,6,1,40-50,42.166666666666664,0.0,0.0,0.0,-1,-1,0.0,0.0,0.0,0.0,0.0,0.0,0,0,0.0,0.0,0,0,0.0,0.0,0,0,0.0,0.0,0,0,0.0,0
LGS2ORD0012062,C017912,2025-04-06 12:00:00,Male,53,Gold,CallCenter,Bangkok,308,TV_Show,COD,12,4,6,1,>50,10.266666666666667,1.0,0.0,0.0,-1,37,5261.11,0.28,0.0,1.0,0.0,0.0,0,0,0.0,0.0,0,0,0.0,5261.11,1,0,0.0,5261.11,1,0,0.0,0
LGS2ORD0012063,C010900,2025-04-06 13:00:00,Female,58,Bronze,Web,Songkhla,125,Lazada,COD,13,4,6,1,>50,4.166666666666667,5.0,2.0,0.4,32,31,9085.132000000001,0.28,0.4,0.2,0.0,0.0,0,0,0.0,0.0,0,0,0.0,45425.66,5,2,0.4,45425.66,5,2,0.4,1
LGS2ORD0012064,C014163,2025-04-06 13:00:00,Male,44,Gold,Web,Chonburi,408,Web,PromptPay,13,4,6,1,40-50,13.6,1.0,0.0,0.0,-1,67,937.63,0.28,0.0,1.0,0.0,0.0,0,0,0.0,0.0,0,0,0.0,937.63,1,0,0.0,937.63,1,0,0.0,0
LGS2ORD0012065,C012510,2025-04-06 13:00:00,Female,51,Bronze,Shopee,Songkhla,1271,Lazada,COD,13,4,6,1,>50,42.36666666666667,4.0,2.0,0.5,0,9,3426.4049999999997,0.23,0.5,0.25,0.0,0.0,0,0,0.0,3560.66,1,1,1.0,13705.619999999999,4,2,0.5,13705.619999999999,4,2,0.5,0
LGS2ORD0012066,C017254,2025-04-06 13:00:00,Male,56,Gold,TV,Bangkok,1403,CallCenter,Credit_Card,13,4,6,1,>50,46.766666666666666,1.0,0.0,0.0,-1,11,827.16,0.18,1.0,0.0,0.0,0.0,0,0,0.0,827.16,1,0,0.0,827.16,1,0,0.0,827.16,1,0,0.0,0
LGS2ORD0012067,C013204,2025-04-06 13:00:00,Male,60,Silver,TV,Nakhon Ratchasima,1365,TV_Show,PromptPay,13,4,6,1,>50,45.5,1.0,1.0,1.0,1,8,3704.76,0.15,1.0,0.0,0.0,0.0,0,0,0.0,3704.76,1,1,1.0,3704.76,1,1,1.0,3704.76,1,1,1.0,0
LGS2ORD0012068,C011660,2025-04-06 13:00:00,Male,58,Platinum,CallCenter,Phuket,511,Lazada,Credit_Card,13,4,6,1,>50,17.033333333333335,3.0,1.0,0.3333333333333333,23,29,1776.1566666666665,0.25,0.3333333333333333,0.6666666666666666,0.0,0.0,0,0,0.0,3814.64,1,0,0.0,5328.469999999999,3,1,0.3333333333333333,5328.469999999999,3,1,0.3333333333333333,1
LGS2ORD0012069,C014821,2025-04-06 14:00:00,Female,38,Bronze,TV,Bangkok,448,CallCenter,COD,14,4,6,1,30-40,14.933333333333334,3.0,1.0,0.3333333333333333,20,33,12959.086666666668,0.23,0.6666666666666666,0.3333333333333333,0.0,0.0,0,0,0.0,0.0,0,0,0.0,3310.12,2,1,0.5,38877.26,3,1,0.3333333333333333,1
LGS2ORD0012070,C012525,2025-04-06 14:00:00,Female,50,Bronze,Shopee,Bangkok,814,CallCenter,COD,14,4,6,1,40-50,27.133333333333333,1.0,1.0,1.0,25,38,10481.17,0.18,1.0,0.0,0.0,0.0,0,0,0.0,0.0,0,0,0.0,10481.17,1,1,1.0,10481.17,1,1,1.0,0
LGS2ORD0012071,C011134,2025-04-06 14:00:00,Male,36,Silver,Lazada,Chonburi,1113,Lazada,PromptPay,14,4,6,1,30-40,37.1,0.0,0.0,0.0,-1,-1,0.0,0.0,0.0,0.0,0.0,0.0,0,0,0.0,0.0,0,0,0.0,0.0,0,0,0.0,0.0,0,0,0.0,0
LGS2ORD0012072,C017745,2025-04-06 14:00:00,Female,49,Silver,Lazada,Bangkok,503,Shopee,COD,14,4,6,1,40-50,16.766666666666666,1.0,0.0,0.0,-1,17,4583.22,0.15,0.0,0.0,0.0,0.0,0,0,0.0,4583.22,1,0,0.0,4583.22,1,0,0.0,4583.22,1,0,0.0,1
LGS2ORD0012073,C017024,2025-04-06 14:00:00,Female,29,Bronze,TV,Nakhon Ratchasima,389,Lazada,Credit_Card,14,4,6,1,20-30,12.966666666666667,2.0,0.0,0.0,-1,21,2660.145,0.08,0.5,0.0,0.0,0.0,0,0,0.0,3192.42,1,0,0.0,5320.29,2,0,0.0,5320.29,2,0,0.0,0
LGS2ORD0012074,C013875,2025-04-06 15:00:00,Male,42,Silver,CallCenter,Bangkok,1186,Lazada,COD,15,4,6,1,40-50,39.53333333333333,2.0,0.0,0.0,-1,73,1167.53,0.1,0.5,0.0,0.0,0.0,0,0,0.0,0.0,0,0,0.0,2335.06,2,0,0.0,2335.06,2,0,0.0,1
LGS2ORD0012075,C016865,2025-04-06 15:00:00,Male,30,Gold,Web,Bangkok,1084,CallCenter,COD,15,4,6,1,20-30,36.13333333333333,1.0,0.0,0.0,-1,55,10983.21,0.08,0.0,0.0,0.0,0.0,0,0,0.0,0.0,0,0,0.0,10983.21,1,0,0.0,10983.21,1,0,0.0,1
LGS2ORD0012076,C015702,2025-04-06 15:00:00,Female,55,Bronze,TV,Songkhla,662,Lazada,COD,15,4,6,1,>50,22.066666666666666,0.0,0.0,0.0,-1,-1,0.0,0.0,0.0,0.0,0.0,0.0,0,0,0.0,0.0,0,0,0.0,0.0,0,0,0.0,0.0,0,0,0.0,0
LGS2ORD0012077,C011404,2025-04-06 15:00:00,Female,46,Bronze,TV,Chiang Mai,677,TV_Show,Bank_Transfer,15,4,6,1,40-50,22.566666666666666,1.0,0.0,0.0,-1,26,1972.16,0.23,0.0,1.0,0.0,0.0,0,0,0.0,1972.16,1,0,0.0,1972.16,1,0,0.0,1972.16,1,0,0.0,0
LGS2ORD0012078,C014655,2025-04-06 15:00:00,Female,54,Bronze,TV,Phuket,613,Lazada,PromptPay,15,4,6,1,>50,20.433333333333334,3.0,1.0,0.3333333333333333,38,4,14948.10333333333,0.28,0.6666666666666666,0.3333333333333333,0.0,3323.52,1,0,0.0,3323.52,1,0,0.0,20055.78,2,1,0.5,44844.30999999999,3,1,0.3333333333333333,0
LGS2ORD0012079,C013279,2025-04-06 16:00:00,Male,67,Gold,TV,Songkhla,1139,Web,PromptPay,16,4,6,1,>50,37.96666666666667,0.0,0.0,0.0,-1,-1,0.0,0.0,0.0,0.0,0.0,0.0,0,0,0.0,0.0,0,0,0.0,0.0,0,0,0.0,0.0,0,0,0.0,0
LGS2ORD0012080,C014872,2025-04-06 16:00:00,Male,46,Bronze,CallCenter,Nakhon Ratchasima,446,CallCenter,Bank_Transfer,16,4,6,1,40-50,14.866666666666667,3.0,1.0,0.3333333333333333,55,23,9232.403333333334,0.23,0.3333333333333333,0.3333333333333333,0.0,0.0,0,0,0.0,10119.36,1,0,0.0,12557.900000000001,2,1,0.5,27697.21,3,1,0.3333333333333333,0
LGS2ORD0012081,C010310,2025-04-06 16:00:00,Male,54,Silver,TV,Chiang Mai,967,Shopee,COD,16,4,6,1,>50,32.233333333333334,2.0,0.0,0.0,-1,62,3701.75,0.25,0.0,0.5,0.0,0.0,0,0,0.0,0.0,0,0,0.0,7403.5,2,0,0.0,7403.5,2,0,0.0,0
LGS2ORD0012082,C014341,2025-04-06 16:00:00,Female,38,Silver,TV,Bangkok,281,Web,PromptPay,16,4,6,1,30-40,9.366666666666667,0.0,0.0,0.0,-1,-1,0.0,0.0,0.0,0.0,0.0,0.0,0,0,0.0,0.0,0,0,0.0,0.0,0,0,0.0,0.0,0,0,0.0,0
LGS2ORD0012083,C011444,2025-04-06 16:00:00,Male,39,Bronze,Lazada,Bangkok,1294,Web,Credit_Card,16,4,6,1,30-40,43.13333333333333,2.0,1.0,0.5,77,53,4750.785,0.28,0.0,0.5,0.0,0.0,0,0,0.0,0.0,0,0,0.0,9501.57,2,1,0.5,9501.57,2,1,0.5,0
LGS2ORD0012084,C012902,2025-04-06 17:00:00,Male,34,Bronze,Shopee,Chiang Mai,185,Shopee,Credit_Card,17,4,6,1,30-40,6.166666666666667,0.0,0.0,0.0,-1,-1,0.0,0.0,0.0,0.0,0.0,0.0,0,0,0.0,0.0,0,0,0.0,0.0,0,0,0.0,0.0,0,0,0.0,0
LGS2ORD0012085,C016034,2025-04-06 17:00:00,Female,40,Bronze,Web,Songkhla,1056,TV_Show,COD,17,4,6,1,30-40,35.2,4.0,4.0,1.0,27,33,4156.849999999999,0.23,0.25,0.25,0.0,0.0,0,0,0.0,0.0,0,0,0.0,16627.399999999998,4,4,1.0,16627.399999999998,4,4,1.0,0
LGS2ORD0012086,C013284,2025-04-06 17:00:00,Female,39,Gold,Lazada,Bangkok,401,CallCenter,PromptPay,17,4,6,1,30-40,13.366666666666667,0.0,0.0,0.0,-1,-1,0.0,0.0,0.0,0.0,0.0,0.0,0,0,0.0,0.0,0,0,0.0,0.0,0,0,0.0,0.0,0,0,0.0,0
LGS2ORD0012087,C014089,2025-04-06 17:00:00,Female,29,Gold,TV,Bangkok,1308,TV_Show,COD,17,4,6,1,20-30,43.6,3.0,1.0,0.3333333333333333,15,24,1596.07,0.2299999999999999,0.6666666666666666,0.3333333333333333,0.0,0.0,0,0,0.0,667.37,1,1,1.0,4788.21,3,1,0.3333333333333333,4788.21,3,1,0.3333333333333333,0
LGS2ORD0012088,C014296,2025-04-06 17:00:00,Female,37,Gold,Web,Chonburi,110,Lazada,PromptPay,17,4,6,1,30-40,3.6666666666666665,0.0,0.0,0.0,-1,-1,0.0,0.0,0.0,0.0,0.0,0.0,0,0,0.0,0.0,0,0,0.0,0.0,0,0,0.0,0.0,0,0,0.0,0
LGS2ORD0012089,C014209,2025-04-06 17:00:00,Male,54,Bronze,TV,Songkhla,490,TV_Show,COD,17,4,6,1,>50,16.333333333333332,3.0,0.0,0.0,-1,34,1388.21,0.23,0.6666666666666666,0.6666666666666666,0.0,0.0,0,0,0.0,0.0,0,0,0.0,4164.63,3,0,0.0,4164.63,3,0,0.0,0
LGS2ORD0012090,C016368,2025-04-06 18:00:00,Female,39,Silver,Web,Khon Kaen,1498,Shopee,Bank_Transfer,18,4,6,1,30-40,49.93333333333333,1.0,0.0,0.0,-1,76,1548.17,0.3,1.0,1.0,0.0,0.0,0,0,0.0,0.0,0,0,0.0,1548.17,1,0,0.0,1548.17,1,0,0.0,0
LGS2ORD0012091,C013255,2025-04-06 18:00:00,Male,45,Silver,Web,Remote_Area,1066,TV_Show,COD,18,4,6,1,40-50,35.53333333333333,1.0,0.0,0.0,-1,51,1682.68,0.25,0.0,1.0,0.0,0.0,0,0,0.0,0.0,0,0,0.0,1682.68,1,0,0.0,1682.68,1,0,0.0,0
LGS2ORD0012092,C017922,2025-04-06 18:00:00,Male,42,Bronze,CallCenter,Khon Kaen,947,TV_Show,Credit_Card,18,4,6,1,40-50,31.566666666666666,2.0,1.0,0.5,67,23,3277.615,0.18,0.5,0.0,0.0,0.0,0,0,0.0,5148.44,1,0,0.0,6555.23,2,1,0.5,6555.23,2,1,0.5,0
LGS2ORD0012093,C017419,2025-04-06 18:00:00,Female,62,Bronze,TV,Khon Kaen,725,CallCenter,COD,18,4,6,1,>50,24.166666666666668,3.0,1.0,0.3333333333333333,81,31,4686.793333333334,0.23,1.0,0.3333333333333333,0.0,0.0,0,0,0.0,0.0,0,0,0.0,14060.380000000001,3,1,0.3333333333333333,14060.380000000001,3,1,0.3333333333333333,0
LGS2ORD0012094,C015953,2025-04-06 18:00:00,Female,27,Silver,Lazada,Chiang Mai,366,Web,PromptPay,18,4,6,1,20-30,12.2,2.0,1.0,0.5,1,14,718.46,0.2,1.0,0.0,0.0,0.0,0,0,0.0,413.79,1,1,1.0,1436.92,2,1,0.5,1436.92,2,1,0.5,0
LGS2ORD0012095,C012527,2025-04-06 19:00:00,Female,31,Bronze,Lazada,Bangkok,654,Web,Credit_Card,19,4,6,1,30-40,21.8,2.0,1.0,0.5,9,25,4126.475,0.18,1.0,0.0,0.0,0.0,0,0,0.0,2629.81,1,1,1.0,8252.95,2,1,0.5,8252.95,2,1,0.5,0
LGS2ORD0012096,C016071,2025-04-06 19:00:00,Female,65,Silver,TV,Chiang Mai,286,Web,Credit_Card,19,4,6,1,>50,9.533333333333333,1.0,1.0,1.0,5,8,218.55,0.15,1.0,0.0,0.0,0.0,0,0,0.0,218.55,1,1,1.0,218.55,1,1,1.0,218.55,1,1,1.0,0
LGS2ORD0012097,C015039,2025-04-06 19:00:00,Male,40,Bronze,TV,Phuket,379,Web,COD,19,4,6,1,30-40,12.633333333333333,3.0,1.0,0.3333333333333333,72,6,8851.076666666666,0.23,0.6666666666666666,0.3333333333333333,0.0,13798.2,1,0,0.0,13798.2,1,0,0.0,26553.23,3,1,0.3333333333333333,26553.23,3,1,0.3333333333333333,0
LGS2ORD0012098,C010015,2025-04-06 19:00:00,Female,46,Silver,Web,Songkhla,372,TV_Show,PromptPay,19,4,6,1,40-50,12.4,2.0,0.0,0.0,-1,10,8424.07,0.3,1.0,0.5,0.0,0.0,0,0,0.0,16848.14,2,0,0.0,16848.14,2,0,0.0,16848.14,2,0,0.0,1
LGS2ORD0012099,C015644,2025-04-06 19:00:00,Male,43,Silver,Web,Bangkok,436,Shopee,Credit_Card,19,4,6,1,40-50,14.533333333333333,2.0,0.0,0.0,-1,45,1626.645,0.25,0.0,0.5,0.0,0.0,0,0,0.0,0.0,0,0,0.0,3253.29,2,0,0.0,3253.29,2,0,0.0,0
LGS2ORD0012100,C010128,2025-04-06 20:00:00,Male,37,Bronze,Shopee,Phuket,234,Shopee,PromptPay,20,4,6,1,30-40,7.8,2.0,2.0,1.0,-8,5,5297.0650000000005,0.28,1.0,0.5,0.0,6729.14,1,1,1.0,6729.14,1,1,1.0,10594.130000000001,2,2,1.0,10594.130000000001,2,2,1.0,0
LGS2ORD0012101,C011705,2025-04-06 20:00:00,Male,46,Gold,TV,Bangkok,925,TV_Show,Bank_Transfer,20,4,6,1,40-50,30.833333333333332,0.0,0.0,0.0,-1,-1,0.0,0.0,0.0,0.0,0.0,0.0,0,0,0.0,0.0,0,0,0.0,0.0,0,0,0.0,0.0,0,0,0.0,0
LGS2ORD0012102,C016770,2025-04-06 20:00:00,Female,38,Bronze,Shopee,Bangkok,492,Lazada,COD,20,4,6,1,30-40,16.4,0.0,0.0,0.0,-1,-1,0.0,0.0,0.0,0.0,0.0,0.0,0,0,0.0,0.0,0,0,0.0,0.0,0,0,0.0,0.0,0,0,0.0,0
LGS2ORD0012103,C014843,2025-04-06 20:00:00,Other,37,Bronze,TV,Remote_Area,552,TV_Show,COD,20,4,6,1,30-40,18.4,4.0,1.0,0.25,21,19,4503.345,0.23,0.25,0.25,0.0,0.0,0,0,0.0,3864.12,1,0,0.0,18013.38,4,1,0.25,18013.38,4,1,0.25,1
LGS2ORD0012104,C014057,2025-04-06 20:00:00,Male,63,Silver,Web,Chonburi,617,Shopee,PromptPay,20,4,6,1,>50,20.566666666666666,2.0,0.0,0.0,-1,26,815.67,0.1,0.0,0.0,0.0,0.0,0,0,0.0,194.3,1,0,0.0,1631.34,2,0,0.0,1631.34,2,0,0.0,0
LGS2ORD0012105,C012766,2025-04-06 21:00:00,Male,33,Platinum,Shopee,Chiang Mai,110,Lazada,COD,21,4,6,1,30-40,3.6666666666666665,0.0,0.0,0.0,-1,-1,0.0,0.0,0.0,0.0,0.0,0.0,0,0,0.0,0.0,0,0,0.0,0.0,0,0,0.0,0.0,0,0,0.0,0
LGS2ORD0012106,C011283,2025-04-06 21:00:00,Male,48,Silver,Web,Remote_Area,386,Web,Credit_Card,21,4,6,1,40-50,12.866666666666667,1.0,0.0,0.0,-1,88,3279.82,0.3,1.0,1.0,0.0,0.0,0,0,0.0,0.0,0,0,0.0,3279.82,1,0,0.0,3279.82,1,0,0.0,0
LGS2ORD0012107,C011317,2025-04-06 21:00:00,Male,22,Gold,Shopee,Phuket,1097,TV_Show,COD,21,4,6,1,20-30,36.56666666666667,3.0,1.0,0.3333333333333333,-8,1,3695.8799999999997,0.2299999999999999,0.6666666666666666,0.3333333333333333,0.0,4992.49,1,1,1.0,11087.64,3,1,0.3333333333333333,11087.64,3,1,0.3333333333333333,11087.64,3,1,0.3333333333333333,1
LGS2ORD0012108,C016997,2025-04-06 21:00:00,Male,23,Bronze,TV,Nakhon Ratchasima,1048,Web,PromptPay,21,4,6,1,20-30,34.93333333333333,1.0,0.0,0.0,-1,11,1878.45,0.28,1.0,1.0,0.0,0.0,0,0,0.0,1878.45,1,0,0.0,1878.45,1,0,0.0,1878.45,1,0,0.0,0
LGS2ORD0012109,C014155,2025-04-06 21:00:00,Female,33,Platinum,Web,Bangkok,197,Lazada,Credit_Card,21,4,6,1,30-40,6.566666666666666,0.0,0.0,0.0,-1,-1,0.0,0.0,0.0,0.0,0.0,0.0,0,0,0.0,0.0,0,0,0.0,0.0,0,0,0.0,0.0,0,0,0.0,0
LGS2ORD0012110,C015558,2025-04-06 21:00:00,Female,43,Gold,TV,Bangkok,163,TV_Show,COD,21,4,6,1,40-50,5.433333333333334,1.0,0.0,0.0,-1,30,1293.84,0.08,0.0,0.0,0.0,0.0,0,0,0.0,0.0,0,0,0.0,1293.84,1,0,0.0,1293.84,1,0,0.0,0
LGS2ORD0012111,C014478,2025-04-06 22:00:00,Female,59,Platinum,Shopee,Nakhon Ratchasima,186,Shopee,PromptPay,22,4,6,1,>50,6.2,2.0,0.0,0.0,-1,0,26345.675,0.35,0.0,0.5,0.0,50046.71,1,0,0.0,52691.35,2,0,0.0,52691.35,2,0,0.0,52691.35,2,0,0.0,1
LGS2ORD0012112,C013440,2025-04-06 22:00:00,Female,48,Silver,Shopee,Bangkok,1098,Web,COD,22,4,6,1,40-50,36.6,0.0,0.0,0.0,-1,-1,0.0,0.0,0.0,0.0,0.0,0.0,0,0,0.0,0.0,0,0,0.0,0.0,0,0,0.0,0.0,0,0,0.0,0
LGS2ORD0012113,C014455,2025-04-06 22:00:00,Male,31,Gold,Web,Chiang Mai,1300,CallCenter,COD,22,4,6,1,30-40,43.333333333333336,4.0,1.0,0.25,46,3,3971.3475000000003,0.28,0.75,0.5,0.0,6210.35,1,0,0.0,8182.790000000001,2,0,0.0,15885.390000000001,4,1,0.25,15885.390000000001,4,1,0.25,1
LGS2ORD0012114,C014964,2025-04-06 22:00:00,Male,39,Silver,TV,Khon Kaen,1045,CallCenter,PromptPay,22,4,6,1,30-40,34.833333333333336,2.0,0.0,0.0,-1,34,7319.995,0.3,0.5,0.5,0.0,0.0,0,0,0.0,0.0,0,0,0.0,14639.99,2,0,0.0,14639.99,2,0,0.0,0
LGS2ORD0012115,C016933,2025-04-06 22:00:00,Female,36,Silver,Web,Songkhla,1312,TV_Show,COD,22,4,6,1,30-40,43.733333333333334,0.0,0.0,0.0,-1,-1,0.0,0.0,0.0,0.0,0.0,0.0,0,0,0.0,0.0,0,0,0.0,0.0,0,0,0.0,0.0,0,0,0.0,0
LGS2ORD0012116,C014554,2025-04-06 23:00:00,Female,50,Silver,TV,Chonburi,1092,Lazada,Credit_Card,23,4,6,1,40-50,36.4,2.0,1.0,0.5,55,19,5172.02,0.15,0.5,0.0,0.0,0.0,0,0,0.0,6666.87,1,0,0.0,10344.04,2,1,0.5,10344.04,2,1,0.5,0
LGS2ORD0012117,C010232,2025-04-06 23:00:00,Male,46,Bronze,TV,Bangkok,1548,Web,COD,23,4,6,1,40-50,51.6,2.0,0.0,0.0,-1,26,7300.0599999999995,0.23,0.5,0.5,0.0,0.0,0,0,0.0,6222.28,1,0,0.0,14600.119999999999,2,0,0.0,14600.119999999999,2,0,0.0,1
LGS2ORD0012118,C010576,2025-04-06 23:00:00,Female,25,Bronze,TV,Remote_Area,434,TV_Show,PromptPay,23,4,6,1,20-30,14.466666666666667,0.0,0.0,0.0,-1,-1,0.0,0.0,0.0,0.0,0.0,0.0,0,0,0.0,0.0,0,0,0.0,0.0,0,0,0.0,0.0,0,0,0.0,0
LGS2ORD0012119,C017520,2025-04-06 23:00:00,Male,48,Bronze,Web,Chiang Mai,996,Web,COD,23,4,6,1,40-50,33.2,2.0,1.0,0.5,90,39,6406.235000000001,0.08,0.5,0.0,0.0,0.0,0,0,0.0,0.0,0,0,0.0,8182.76,1,0,0.0,12812.470000000001,2,1,0.5,0
LGS2ORD0012120,C010667,2025-04-06 23:00:00,Other,72,Bronze,Shopee,Remote_Area,746,TV_Show,Bank_Transfer,23,4,6,1,>50,24.866666666666667,1.0,1.0,1.0,42,51,20524.27,0.18,1.0,0.0,0.0,0.0,0,0,0.0,0.0,0,0,0.0,20524.27,1,1,1.0,20524.27,1,1,1.0,0
LGS2ORD0012121,C013157,2025-04-07 00:00:00,Male,48,Silver,TV,Khon Kaen,1349,TV_Show,COD,0,4,0,0,40-50,44.96666666666667,2.0,1.0,0.5,37,40,1179.17,0.25,1.0,0.5,0.0,0.0,0,0,0.0,0.0,0,0,0.0,193.54,1,1,1.0,2358.34,2,1,0.5,0
LGS2ORD0012122,C010315,2025-04-07 00:00:00,Female,32,Platinum,Web,Chonburi,688,Lazada,COD,0,4,0,0,30-40,22.933333333333334,2.0,0.0,0.0,-1,25,2167.585,0.15,0.0,0.0,0.0,0.0,0,0,0.0,3622.07,1,0,0.0,4335.17,2,0,0.0,4335.17,2,0,0.0,1
LGS2ORD0012123,C016135,2025-04-07 00:00:00,Male,40,Silver,Web,Chonburi,421,CallCenter,COD,0,4,0,0,30-40,14.033333333333333,1.0,1.0,1.0,82,94,17505.86,0.1,1.0,0.0,0.0,0.0,0,0,0.0,0.0,0,0,0.0,0.0,0,0,0.0,17505.86,1,1,1.0,0
LGS2ORD0012124,C014659,2025-04-07 00:00:00,Female,50,Gold,TV,Khon Kaen,1334,TV_Show,Bank_Transfer,0,4,0,0,40-50,44.46666666666667,2.0,0.0,0.0,-1,1,6515.6849999999995,0.33,0.5,1.0,0.0,9380.58,1,0,0.0,13031.369999999999,2,0,0.0,13031.369999999999,2,0,0.0,13031.369999999999,2,0,0.0,0
LGS2ORD0012125,C015781,2025-04-07 00:00:00,Female,45,Bronze,Shopee,Songkhla,1374,TV_Show,COD,0,4,0,0,40-50,45.8,2.0,1.0,0.5,20,28,3760.56,0.08,0.0,0.0,0.0,0.0,0,0,0.0,4493.71,1,1,1.0,7521.12,2,1,0.5,7521.12,2,1,0.5,1
LGS2ORD0012126,C013750,2025-04-07 01:00:00,Female,38,Gold,CallCenter,Nakhon Ratchasima,707,Shopee,PromptPay,1,4,0,0,30-40,23.566666666666666,1.0,0.0,0.0,-1,90,3222.05,0.2299999999999999,1.0,1.0,0.0,0.0,0,0,0.0,0.0,0,0,0.0,0.0,0,0,0.0,3222.05,1,0,0.0,0
LGS2ORD0012127,C017447,2025-04-07 01:00:00,Female,36,Gold,Lazada,Chonburi,1191,Web,COD,1,4,0,0,30-40,39.7,0.0,0.0,0.0,-1,-1,0.0,0.0,0.0,0.0,0.0,0.0,0,0,0.0,0.0,0,0,0.0,0.0,0,0,0.0,0.0,0,0,0.0,1
LGS2ORD0012128,C015504,2025-04-07 01:00:00,Female,28,Bronze,Lazada,Nakhon Ratchasima,1124,Web,COD,1,4,0,0,20-30,37.46666666666667,2.0,1.0,0.5,28,35,1631.965,0.28,1.0,0.5,0.0,0.0,0,0,0.0,0.0,0,0,0.0,3263.93,2,1,0.5,3263.93,2,1,0.5,1
LGS2ORD0012129,C012805,2025-04-07 01:00:00,Male,35,Silver,Lazada,Khon Kaen,1168,Shopee,COD,1,4,0,0,30-40,38.93333333333333,1.0,0.0,0.0,-1,41,590.43,0.05,0.0,0.0,0.0,0.0,0,0,0.0,0.0,0,0,0.0,590.43,1,0,0.0,590.43,1,0,0.0,1
LGS2ORD0012130,C012506,2025-04-07 01:00:00,Female,54,Bronze,CallCenter,Bangkok,650,TV_Show,COD,1,4,0,0,>50,21.666666666666668,5.0,1.0,0.2,16,18,4618.518,0.28,0.6,0.4,0.0,0.0,0,0,0.0,12494.72,2,1,0.5,23092.59,5,1,0.2,23092.59,5,1,0.2,1
LGS2ORD0012131,C015835,2025-04-07 01:00:00,Other,46,Silver,Web,Chonburi,994,CallCenter,COD,1,4,0,0,40-50,33.13333333333333,4.0,0.0,0.0,-1,24,3781.9725,0.2,0.5,0.0,0.0,0.0,0,0,0.0,7487.429999999999,2,0,0.0,15127.89,4,0,0.0,15127.89,4,0,0.0,1
LGS2ORD0012132,C013070,2025-04-07 02:00:00,Female,68,Bronze,TV,Songkhla,128,Shopee,COD,2,4,0,0,>50,4.266666666666667,2.0,0.0,0.0,-1,25,4174.07,0.08,0.5,0.0,0.0,0.0,0,0,0.0,4009.52,1,0,0.0,8348.14,2,0,0.0,8348.14,2,0,0.0,1
LGS2ORD0012133,C010503,2025-04-07 02:00:00,Female,50,Bronze,Lazada,Remote_Area,1012,Lazada,COD,2,4,0,0,40-50,33.733333333333334,2.0,1.0,0.5,75,62,17614.02,0.18,0.5,0.0,0.0,0.0,0,0,0.0,0.0,0,0,0.0,35228.04,2,1,0.5,35228.04,2,1,0.5,0
LGS2ORD0012134,C014351,2025-04-07 02:00:00,Male,30,Gold,Shopee,Phuket,816,TV_Show,COD,2,4,0,0,20-30,27.2,3.0,0.0,0.0,-1,18,5590.693333333334,0.08,0.3333333333333333,0.0,0.0,0.0,0,0,0.0,13038.47,2,0,0.0,13038.47,2,0,0.0,16772.08,3,0,0.0,1
LGS2ORD0012135,C010528,2025-04-07 02:00:00,Male,56,Bronze,Web,Bangkok,564,TV_Show,COD,2,4,0,0,>50,18.8,3.0,3.0,1.0,32,45,4612.386666666666,0.18,0.6666666666666666,0.0,0.0,0.0,0,0,0.0,0.0,0,0,0.0,13837.16,3,3,1.0,13837.16,3,3,1.0,0
LGS2ORD0012136,C012055,2025-04-07 02:00:00,Female,33,Bronze,TV,Bangkok,170,TV_Show,COD,2,4,0,0,30-40,5.666666666666667,0.0,0.0,0.0,-1,-1,0.0,0.0,0.0,0.0,0.0,0.0,0,0,0.0,0.0,0,0,0.0,0.0,0,0,0.0,0.0,0,0,0.0,0
LGS2ORD0012137,C011538,2025-04-07 03:00:00,Female,55,Bronze,TV,Phuket,366,Shopee,PromptPay,3,4,0,0,>50,12.2,2.0,2.0,1.0,35,46,2737.2799999999997,0.28,1.0,0.5,0.0,0.0,0,0,0.0,0.0,0,0,0.0,5474.5599999999995,2,2,1.0,5474.5599999999995,2,2,1.0,1
LGS2ORD0012138,C012256,2025-04-07 03:00:00,Male,20,Silver,Lazada,Remote_Area,846,TV_Show,Credit_Card,3,4,0,0,<20,28.2,1.0,0.0,0.0,-1,1,16324.44,0.05,0.0,0.0,0.0,16324.44,1,0,0.0,16324.44,1,0,0.0,16324.44,1,0,0.0,16324.44,1,0,0.0,0
LGS2ORD0012139,C015448,2025-04-07 03:00:00,Female,36,Silver,Shopee,Chiang Mai,157,Web,PromptPay,3,4,0,0,30-40,5.233333333333333,3.0,0.0,0.0,-1,19,10780.7,0.1,1.0,0.0,0.0,0.0,0,0,0.0,16816.83,1,0,0.0,32342.100000000002,3,0,0.0,32342.100000000002,3,0,0.0,0
LGS2ORD0012140,C016896,2025-04-07 03:00:00,Male,61,Bronze,TV,Bangkok,893,TV_Show,COD,3,4,0,0,>50,29.766666666666666,1.0,0.0,0.0,-1,58,533.87,0.03,0.0,0.0,0.0,0.0,0,0,0.0,0.0,0,0,0.0,533.87,1,0,0.0,533.87,1,0,0.0,1
LGS2ORD0012141,C013267,2025-04-07 03:00:00,Female,34,Silver,Shopee,Remote_Area,341,CallCenter,COD,3,4,0,0,30-40,11.366666666666667,2.0,1.0,0.5,42,48,11008.52,0.2,1.0,0.0,0.0,0.0,0,0,0.0,0.0,0,0,0.0,22017.04,2,1,0.5,22017.04,2,1,0.5,0
LGS2ORD0012142,C015831,2025-04-07 04:00:00,Male,49,Bronze,Shopee,Bangkok,672,Lazada,Credit_Card,4,4,0,0,40-50,22.4,3.0,1.0,0.3333333333333333,23,33,5810.696666666667,0.13,1.0,0.0,0.0,0.0,0,0,0.0,0.0,0,0,0.0,10833.11,2,1,0.5,17432.09,3,1,0.3333333333333333,0
LGS2ORD0012143,C010093,2025-04-07 04:00:00,Male,20,Bronze,Web,Chonburi,336,Web,PromptPay,4,4,0,0,<20,11.2,0.0,0.0,0.0,-1,-1,0.0,0.0,0.0,0.0,0.0,0.0,0,0,0.0,0.0,0,0,0.0,0.0,0,0,0.0,0.0,0,0,0.0,0
LGS2ORD0012144,C017400,2025-04-07 04:00:00,Male,45,Silver,Web,Bangkok,461,Lazada,PromptPay,4,4,0,0,40-50,15.366666666666667,1.0,0.0,0.0,-1,43,530.6,0.05,0.0,0.0,0.0,0.0,0,0,0.0,0.0,0,0,0.0,530.6,1,0,0.0,530.6,1,0,0.0,0
LGS2ORD0012145,C013487,2025-04-07 04:00:00,Male,55,Bronze,Web,Bangkok,468,TV_Show,PromptPay,4,4,0,0,>50,15.6,4.0,1.0,0.25,25,26,9734.400000000001,0.28,0.5,0.25,0.0,0.0,0,0,0.0,4188.84,1,0,0.0,38937.600000000006,4,1,0.25,38937.600000000006,4,1,0.25,0
LGS2ORD0012146,C013325,2025-04-07 04:00:00,Female,35,Bronze,TV,Chiang Mai,903,Web,PromptPay,4,4,0,0,30-40,30.1,0.0,0.0,0.0,-1,-1,0.0,0.0,0.0,0.0,0.0,0.0,0,0,0.0,0.0,0,0,0.0,0.0,0,0,0.0,0.0,0,0,0.0,0
LGS2ORD0012147,C017058,2025-04-07 05:00:00,Female,45,Bronze,CallCenter,Chiang Mai,1092,CallCenter,Bank_Transfer,5,4,0,0,40-50,36.4,2.0,1.0,0.5,28,32,11776.960000000001,0.18,0.5,0.0,0.0,0.0,0,0,0.0,0.0,0,0,0.0,23553.920000000002,2,1,0.5,23553.920000000002,2,1,0.5,0
LGS2ORD0012148,C014419,2025-04-07 05:00:00,Female,35,Silver,Web,Bangkok,639,Web,Bank_Transfer,5,4,0,0,30-40,21.3,1.0,1.0,1.0,7,14,9489.67,0.2,0.0,0.0,0.0,0.0,0,0,0.0,9489.67,1,1,1.0,9489.67,1,1,1.0,9489.67,1,1,1.0,1
LGS2ORD0012149,C017659,2025-04-07 05:00:00,Male,45,Gold,TV,Bangkok,349,Web,PromptPay,5,4,0,0,40-50,11.633333333333333,2.0,1.0,0.5,36,39,2518.32,0.28,0.5,0.5,0.0,0.0,0,0,0.0,0.0,0,0,0.0,5036.64,2,1,0.5,5036.64,2,1,0.5,0
LGS2ORD0012150,C013411,2025-04-07 05:00:00,Female,40,Gold,Web,Bangkok,1180,Lazada,PromptPay,5,4,0,0,30-40,39.333333333333336,3.0,0.0,0.0,-1,14,3614.9233333333336,0.28,0.6666666666666666,0.6666666666666666,0.0,0.0,0,0,0.0,10361.18,2,0,0.0,10844.77,3,0,0.0,10844.77,3,0,0.0,0
LGS2ORD0012151,C015468,2025-04-07 05:00:00,Female,45,Gold,Web,Songkhla,438,TV_Show,Credit_Card,5,4,0,0,40-50,14.6,0.0,0.0,0.0,-1,-1,0.0,0.0,0.0,0.0,0.0,0.0,0,0,0.0,0.0,0,0,0.0,0.0,0,0,0.0,0.0,0,0,0.0,0
LGS2ORD0012152,C011213,2025-04-07 05:00:00,Female,43,Platinum,TV,Bangkok,1545,TV_Show,Credit_Card,5,4,0,0,40-50,51.5,1.0,0.0,0.0,-1,57,846.74,0.1,0.0,0.0,0.0,0.0,0,0,0.0,0.0,0,0,0.0,846.74,1,0,0.0,846.74,1,0,0.0,0
LGS2ORD0012153,C014535,2025-04-07 06:00:00,Female,49,Bronze,Lazada,Bangkok,883,TV_Show,Credit_Card,6,4,0,0,40-50,29.433333333333334,1.0,0.0,0.0,-1,16,1585.27,0.08,0.0,0.0,0.0,0.0,0,0,0.0,1585.27,1,0,0.0,1585.27,1,0,0.0,1585.27,1,0,0.0,0
LGS2ORD0012154,C017445,2025-04-07 06:00:00,Other,70,Platinum,Web,Chonburi,1225,TV_Show,Credit_Card,6,4,0,0,>50,40.833333333333336,1.0,0.0,0.0,-1,22,765.87,0.1,0.0,0.0,0.0,0.0,0,0,0.0,765.87,1,0,0.0,765.87,1,0,0.0,765.87,1,0,0.0,0
LGS2ORD0012155,C010637,2025-04-07 06:00:00,Female,32,Bronze,Shopee,Chonburi,1500,Web,COD,6,4,0,0,30-40,50.0,1.0,1.0,1.0,-9,5,2097.63,0.18,1.0,0.0,0.0,2097.63,1,1,1.0,2097.63,1,1,1.0,2097.63,1,1,1.0,2097.63,1,1,1.0,0
LGS2ORD0012156,C010404,2025-04-07 06:00:00,Male,27,Silver,CallCenter,Phuket,1477,TV_Show,PromptPay,6,4,0,0,20-30,49.233333333333334,1.0,0.0,0.0,-1,79,20439.7,0.1,1.0,0.0,0.0,0.0,0,0,0.0,0.0,0,0,0.0,20439.7,1,0,0.0,20439.7,1,0,0.0,1
LGS2ORD0012157,C017380,2025-04-07 06:00:00,Female,41,Bronze,Lazada,Bangkok,180,Shopee,Credit_Card,6,4,0,0,40-50,6.0,0.0,0.0,0.0,-1,-1,0.0,0.0,0.0,0.0,0.0,0.0,0,0,0.0,0.0,0,0,0.0,0.0,0,0,0.0,0.0,0,0,0.0,0
LGS2ORD0012158,C016452,2025-04-07 07:00:00,Female,37,Gold,TV,Chiang Mai,1223,Shopee,Bank_Transfer,7,4,0,0,30-40,40.766666666666666,1.0,0.0,0.0,-1,52,14380.77,0.08,0.0,0.0,0.0,0.0,0,0,0.0,0.0,0,0,0.0,14380.77,1,0,0.0,14380.77,1,0,0.0,0
LGS2ORD0012159,C014372,2025-04-07 07:00:00,Female,40,Silver,Web,Songkhla,368,Lazada,Bank_Transfer,7,4,0,0,30-40,12.266666666666667,3.0,0.0,0.0,-1,1,6745.073333333333,0.05,0.6666666666666666,0.0,0.0,13988.03,2,0,0.0,13988.03,2,0,0.0,20235.219999999998,3,0,0.0,20235.219999999998,3,0,0.0,0
LGS2ORD0012160,C017975,2025-04-07 07:00:00,Male,18,Gold,Shopee,Bangkok,1377,Web,COD,7,4,0,0,<20,45.9,1.0,1.0,1.0,-6,5,26366.14,0.2299999999999999,0.0,1.0,0.0,26366.14,1,1,1.0,26366.14,1,1,1.0,26366.14,1,1,1.0,26366.14,1,1,1.0,0
LGS2ORD0012161,C014271,2025-04-07 07:00:00,Female,38,Bronze,Shopee,Chonburi,614,Lazada,Bank_Transfer,7,4,0,0,30-40,20.466666666666665,2.0,0.0,0.0,-1,59,3333.735,0.08,0.5,0.0,0.0,0.0,0,0,0.0,0.0,0,0,0.0,6667.47,2,0,0.0,6667.47,2,0,0.0,0
LGS2ORD0012162,C014299,2025-04-07 07:00:00,Female,51,Silver,Shopee,Chiang Mai,1338,TV_Show,COD,7,4,0,0,>50,44.6,0.0,0.0,0.0,-1,-1,0.0,0.0,0.0,0.0,0.0,0.0,0,0,0.0,0.0,0,0,0.0,0.0,0,0,0.0,0.0,0,0,0.0,0
LGS2ORD0012163,C017502,2025-04-07 08:00:00,Female,35,Gold,TV,Bangkok,1328,Shopee,COD,8,4,0,0,30-40,44.266666666666666,1.0,0.0,0.0,-1,60,2875.66,0.18,0.0,0.0,0.0,0.0,0,0,0.0,0.0,0,0,0.0,2875.66,1,0,0.0,2875.66,1,0,0.0,0
LGS2ORD0012164,C016931,2025-04-07 08:00:00,Male,41,Gold,Shopee,Bangkok,1049,CallCenter,PromptPay,8,4,0,0,40-50,34.96666666666667,4.0,2.0,0.5,7,8,2267.1625,0.33,0.25,0.25,0.0,0.0,0,0,0.0,8138.6,3,2,0.6666666666666666,9068.65,4,2,0.5,9068.65,4,2,0.5,1
LGS2ORD0012165,C014101,2025-04-07 08:00:00,Female,56,Bronze,TV,Nakhon Ratchasima,494,Web,Credit_Card,8,4,0,0,>50,16.466666666666665,0.0,0.0,0.0,-1,-1,0.0,0.0,0.0,0.0,0.0,0.0,0,0,0.0,0.0,0,0,0.0,0.0,0,0,0.0,0.0,0,0,0.0,1
LGS2ORD0012166,C014238,2025-04-07 08:00:00,Female,66,Silver,TV,Khon Kaen,1119,TV_Show,COD,8,4,0,0,>50,37.3,1.0,0.0,0.0,-1,69,9444.18,0.25,0.0,1.0,0.0,0.0,0,0,0.0,0.0,0,0,0.0,9444.18,1,0,0.0,9444.18,1,0,0.0,1
LGS2ORD0012167,C013321,2025-04-07 08:00:00,Male,35,Silver,Web,Bangkok,1473,CallCenter,Credit_Card,8,4,0,0,30-40,49.1,2.0,0.0,0.0,-1,13,10703.585,0.3,0.5,0.5,0.0,0.0,0,0,0.0,21407.17,2,0,0.0,21407.17,2,0,0.0,21407.17,2,0,0.0,1
LGS2ORD0012168,C017823,2025-04-07 09:00:00,Male,44,Gold,Lazada,Khon Kaen,562,CallCenter,Credit_Card,9,4,0,0,40-50,18.733333333333334,2.0,0.0,0.0,-1,27,3083.78,0.13,0.5,0.0,0.0,0.0,0,0,0.0,832.63,1,0,0.0,832.63,1,0,0.0,6167.56,2,0,0.0,0
LGS2ORD0012169,C015212,2025-04-07 09:00:00,Female,53,Bronze,Lazada,Khon Kaen,363,TV_Show,COD,9,4,0,0,>50,12.1,0.0,0.0,0.0,-1,-1,0.0,0.0,0.0,0.0,0.0,0.0,0,0,0.0,0.0,0,0,0.0,0.0,0,0,0.0,0.0,0,0,0.0,0
LGS2ORD0012170,C016190,2025-04-07 09:00:00,Male,37,Platinum,Web,Chiang Mai,1227,Shopee,COD,9,4,0,0,30-40,40.9,2.0,0.0,0.0,-1,88,910.35,0.25,1.0,0.5,0.0,0.0,0,0,0.0,0.0,0,0,0.0,409.51,1,0,0.0,1820.7,2,0,0.0,0
LGS2ORD0012171,C016298,2025-04-07 09:00:00,Female,36,Bronze,CallCenter,Bangkok,188,CallCenter,COD,9,4,0,0,30-40,6.266666666666667,0.0,0.0,0.0,-1,-1,0.0,0.0,0.0,0.0,0.0,0.0,0,0,0.0,0.0,0,0,0.0,0.0,0,0,0.0,0.0,0,0,0.0,1
LGS2ORD0012172,C017830,2025-04-07 09:00:00,Male,50,Bronze,CallCenter,Phuket,1373,Shopee,COD,9,4,0,0,40-50,45.766666666666666,3.0,2.0,0.6666666666666666,6,15,12964.876666666669,0.23,1.0,0.3333333333333333,0.0,0.0,0,0,0.0,3213.89,1,1,1.0,38894.630000000005,3,2,0.6666666666666666,38894.630000000005,3,2,0.6666666666666666,0
LGS2ORD0012173,C011381,2025-04-07 09:00:00,Female,51,Gold,Lazada,Bangkok,1541,TV_Show,Bank_Transfer,9,4,0,0,>50,51.36666666666667,1.0,0.0,0.0,-1,54,804.47,0.13,0.0,0.0,0.0,0.0,0,0,0.0,0.0,0,0,0.0,804.47,1,0,0.0,804.47,1,0,0.0,0
LGS2ORD0012174,C016156,2025-04-07 10:00:00,Female,28,Gold,Web,Nakhon Ratchasima,1269,Lazada,COD,10,4,0,0,20-30,42.3,1.0,1.0,1.0,26,30,1491.14,0.28,1.0,1.0,0.0,0.0,0,0,0.0,0.0,0,0,0.0,1491.14,1,1,1.0,1491.14,1,1,1.0,0
LGS2ORD0012175,C011295,2025-04-07 10:00:00,Female,44,Silver,Lazada,Bangkok,409,Lazada,PromptPay,10,4,0,0,40-50,13.633333333333333,2.0,0.0,0.0,-1,45,3865.27,0.25,0.0,0.5,0.0,0.0,0,0,0.0,0.0,0,0,0.0,7730.54,2,0,0.0,7730.54,2,0,0.0,0
LGS2ORD0012176,C013731,2025-04-07 10:00:00,Female,32,Gold,Shopee,Chonburi,744,Web,COD,10,4,0,0,30-40,24.8,0.0,0.0,0.0,-1,-1,0.0,0.0,0.0,0.0,0.0,0.0,0,0,0.0,0.0,0,0,0.0,0.0,0,0,0.0,0.0,0,0,0.0,0
LGS2ORD0012177,C015408,2025-04-07 10:00:00,Male,68,Silver,Shopee,Chiang Mai,174,Lazada,Credit_Card,10,4,0,0,>50,5.8,2.0,1.0,0.5,36,6,4145.6900000000005,0.2,1.0,0.0,0.0,1078.03,1,0,0.0,1078.03,1,0,0.0,8291.380000000001,2,1,0.5,8291.380000000001,2,1,0.5,0
LGS2ORD0012178,C010819,2025-04-07 10:00:00,Female,30,Silver,Shopee,Bangkok,1089,TV_Show,Credit_Card,10,4,0,0,20-30,36.3,4.0,2.0,0.5,28,23,2930.8849999999998,0.25,0.5,0.5,0.0,0.0,0,0,0.0,1590.66,1,0,0.0,8319.93,3,2,0.6666666666666666,11723.539999999999,4,2,0.5,0
LGS2ORD0012179,C017034,2025-04-07 11:00:00,Female,28,Bronze,Shopee,Songkhla,580,Shopee,Credit_Card,11,4,0,0,20-30,19.333333333333332,5.0,2.0,0.4,52,51,4403.668,0.18,0.4,0.0,0.0,0.0,0,0,0.0,0.0,0,0,0.0,20415.5,3,2,0.6666666666666666,22018.34,5,2,0.4,0
LGS2ORD0012180,C011547,2025-04-07 11:00:00,Male,50,Bronze,CallCenter,Bangkok,1531,Lazada,COD,11,4,0,0,40-50,51.03333333333333,4.0,0.0,0.0,-1,22,4658.43,0.28,0.5,0.25,0.0,0.0,0,0,0.0,1906.78,1,0,0.0,15274.54,3,0,0.0,18633.72,4,0,0.0,0
LGS2ORD0012181,C012696,2025-04-07 11:00:00,Male,46,Bronze,Web,Remote_Area,748,Web,PromptPay,11,4,0,0,40-50,24.933333333333334,1.0,0.0,0.0,-1,7,1174.93,0.03,0.0,0.0,0.0,0.0,0,0,0.0,1174.93,1,0,0.0,1174.93,1,0,0.0,1174.93,1,0,0.0,0
LGS2ORD0012182,C012721,2025-04-07 11:00:00,Male,45,Bronze,Shopee,Songkhla,269,TV_Show,COD,11,4,0,0,40-50,8.966666666666667,1.0,0.0,0.0,-1,52,1645.06,0.08,1.0,0.0,0.0,0.0,0,0,0.0,0.0,0,0,0.0,1645.06,1,0,0.0,1645.06,1,0,0.0,1
LGS2ORD0012183,C012072,2025-04-07 11:00:00,Male,28,Silver,Shopee,Bangkok,1059,Lazada,Credit_Card,11,4,0,0,20-30,35.3,1.0,0.0,0.0,-1,13,1338.25,0.05,0.0,0.0,0.0,0.0,0,0,0.0,1338.25,1,0,0.0,1338.25,1,0,0.0,1338.25,1,0,0.0,0
LGS2ORD0012184,C011967,2025-04-07 12:00:00,Female,29,Gold,Web,Bangkok,462,Shopee,COD,12,4,0,0,20-30,15.4,3.0,0.0,0.0,-1,58,5188.900000000001,0.33,0.3333333333333333,0.6666666666666666,0.0,0.0,0,0,0.0,0.0,0,0,0.0,15566.7,3,0,0.0,15566.7,3,0,0.0,1
LGS2ORD0012185,C010340,2025-04-07 12:00:00,Male,53,Platinum,Shopee,Khon Kaen,1287,Shopee,COD,12,4,0,0,>50,42.9,3.0,1.0,0.3333333333333333,18,28,1318.01,0.15,1.0,0.0,0.0,0.0,0,0,0.0,1220.92,1,1,1.0,3954.0299999999997,3,1,0.3333333333333333,3954.0299999999997,3,1,0.3333333333333333,0
LGS2ORD0012186,C011969,2025-04-07 12:00:00,Female,32,Bronze,TV,Bangkok,1502,Web,COD,12,4,0,0,30-40,50.06666666666667,4.0,1.0,0.25,61,34,3308.61,0.23,0.25,0.5,0.0,0.0,0,0,0.0,0.0,0,0,0.0,13234.44,4,1,0.25,13234.44,4,1,0.25,1
LGS2ORD0012187,C014312,2025-04-07 12:00:00,Female,41,Silver,CallCenter,Bangkok,140,CallCenter,Credit_Card,12,4,0,0,40-50,4.666666666666667,3.0,1.0,0.3333333333333333,76,4,5382.24,0.25,0.3333333333333333,0.3333333333333333,0.0,2262.89,1,0,0.0,2262.89,1,0,0.0,14819.08,2,0,0.0,16146.72,3,1,0.3333333333333333,0
LGS2ORD0012188,C013879,2025-04-07 12:00:00,Female,43,Bronze,TV,Chiang Mai,1066,Web,PromptPay,12,4,0,0,40-50,35.53333333333333,1.0,1.0,1.0,21,26,13660.5,0.13,0.0,0.0,0.0,0.0,0,0,0.0,13660.5,1,1,1.0,13660.5,1,1,1.0,13660.5,1,1,1.0,1
LGS2ORD0012189,C013253,2025-04-07 12:00:00,Female,27,Bronze,TV,Songkhla,817,Lazada,COD,12,4,0,0,20-30,27.233333333333334,2.0,0.0,0.0,-1,18,5165.13,0.23,0.5,0.5,0.0,0.0,0,0,0.0,1714.6,1,0,0.0,1714.6,1,0,0.0,10330.26,2,0,0.0,0
LGS2ORD0012190,C011762,2025-04-07 13:00:00,Female,72,Bronze,Shopee,Songkhla,1147,Web,COD,13,4,0,0,>50,38.233333333333334,2.0,0.0,0.0,-1,61,5390.73,0.28,0.5,0.5,0.0,0.0,0,0,0.0,0.0,0,0,0.0,5872.01,1,0,0.0,10781.46,2,0,0.0,0
LGS2ORD0012191,C013930,2025-04-07 13:00:00,Male,34,Bronze,Shopee,Songkhla,1102,Lazada,COD,13,4,0,0,30-40,36.733333333333334,1.0,1.0,1.0,56,71,1630.59,0.13,1.0,0.0,0.0,0.0,0,0,0.0,0.0,0,0,0.0,1630.59,1,1,1.0,1630.59,1,1,1.0,1
LGS2ORD0012192,C016616,2025-04-07 13:00:00,Male,47,Bronze,CallCenter,Bangkok,756,TV_Show,PromptPay,13,4,0,0,40-50,25.2,2.0,0.0,0.0,-1,18,1845.6399999999999,0.23,1.0,0.5,0.0,0.0,0,0,0.0,1869.77,1,0,0.0,3691.2799999999997,2,0,0.0,3691.2799999999997,2,0,0.0,1
LGS2ORD0012193,C013543,2025-04-07 13:00:00,Female,38,Gold,Shopee,Bangkok,1460,TV_Show,PromptPay,13,4,0,0,30-40,48.666666666666664,0.0,0.0,0.0,-1,-1,0.0,0.0,0.0,0.0,0.0,0.0,0,0,0.0,0.0,0,0,0.0,0.0,0,0,0.0,0.0,0,0,0.0,0
LGS2ORD0012194,C010223,2025-04-07 13:00:00,Male,43,Bronze,TV,Remote_Area,1005,CallCenter,COD,13,4,0,0,40-50,33.5,4.0,2.0,0.5,73,43,7918.9349999999995,0.18,1.0,0.0,0.0,0.0,0,0,0.0,0.0,0,0,0.0,15980.689999999999,3,2,0.6666666666666666,31675.739999999998,4,2,0.5,1
LGS2ORD0012195,C012496,2025-04-07 14:00:00,Female,42,Bronze,Shopee,Songkhla,285,Lazada,COD,14,4,0,0,40-50,9.5,2.0,1.0,0.5,80,36,3236.6899999999996,0.28,1.0,0.5,0.0,0.0,0,0,0.0,0.0,0,0,0.0,6473.379999999999,2,1,0.5,6473.379999999999,2,1,0.5,0
LGS2ORD0012196,C012187,2025-04-07 14:00:00,Female,59,Silver,Shopee,Khon Kaen,679,CallCenter,Credit_Card,14,4,0,0,>50,22.633333333333333,2.0,0.0,0.0,-1,34,21890.85,0.3,0.5,0.5,0.0,0.0,0,0,0.0,0.0,0,0,0.0,43781.7,2,0,0.0,43781.7,2,0,0.0,0
LGS2ORD0012197,C012608,2025-04-07 14:00:00,Female,62,Platinum,Shopee,Chiang Mai,1253,Web,COD,14,4,0,0,>50,41.766666666666666,1.0,0.0,0.0,-1,89,8298.39,0.15,0.0,0.0,0.0,0.0,0,0,0.0,0.0,0,0,0.0,8298.39,1,0,0.0,8298.39,1,0,0.0,0
LGS2ORD0012198,C010377,2025-04-07 14:00:00,Female,43,Bronze,Lazada,Songkhla,302,CallCenter,COD,14,4,0,0,40-50,10.066666666666666,4.0,2.0,0.5,31,12,3220.75,0.18,0.75,0.0,0.0,0.0,0,0,0.0,8401.19,2,0,0.0,12526.86,3,1,0.3333333333333333,12883.0,4,2,0.5,0
LGS2ORD0012199,C014880,2025-04-07 14:00:00,Female,38,Silver,Lazada,Bangkok,631,CallCenter,PromptPay,14,4,0,0,30-40,21.033333333333335,1.0,0.0,0.0,-1,53,1142.67,0.2,0.0,0.0,0.0,0.0,0,0,0.0,0.0,0,0,0.0,1142.67,1,0,0.0,1142.67,1,0,0.0,0
LGS2ORD0012200,C014547,2025-04-07 15:00:00,Female,30,Bronze,TV,Chonburi,720,Lazada,COD,15,4,0,0,20-30,24.0,1.0,1.0,1.0,80,95,881.49,0.18,1.0,0.0,0.0,0.0,0,0,0.0,0.0,0,0,0.0,0.0,0,0,0.0,881.49,1,1,1.0,0
LGS2ORD0012201,C014672,2025-04-07 15:00:00,Female,39,Bronze,Shopee,Chiang Mai,1522,Lazada,COD,15,4,0,0,30-40,50.733333333333334,3.0,1.0,0.3333333333333333,57,17,5052.066666666667,0.18,0.3333333333333333,0.0,0.0,0.0,0,0,0.0,11120.2,1,0,0.0,14421.050000000001,2,1,0.5,15156.2,3,1,0.3333333333333333,1
LGS2ORD0012202,C010078,2025-04-07 15:00:00,Female,55,Bronze,CallCenter,Songkhla,575,Web,PromptPay,15,4,0,0,>50,19.166666666666668,3.0,3.0,1.0,25,36,1712.6866666666667,0.18,0.3333333333333333,0.0,0.0,0.0,0,0,0.0,0.0,0,0,0.0,5138.06,3,3,1.0,5138.06,3,3,1.0,0
LGS2ORD0012203,C012868,2025-04-07 15:00:00,Female,58,Platinum,TV,Phuket,183,Lazada,Credit_Card,15,4,0,0,>50,6.1,2.0,1.0,0.5,31,44,1658.29,0.25,1.0,0.5,0.0,0.0,0,0,0.0,0.0,0,0,0.0,3316.58,2,1,0.5,3316.58,2,1,0.5,0
LGS2ORD0012204,C012334,2025-04-07 15:00:00,Female,60,Gold,TV,Khon Kaen,1467,Web,Credit_Card,15,4,0,0,>50,48.9,0.0,0.0,0.0,-1,-1,0.0,0.0,0.0,0.0,0.0,0.0,0,0,0.0,0.0,0,0,0.0,0.0,0,0,0.0,0.0,0,0,0.0,1
LGS2ORD0012205,C011754,2025-04-07 16:00:00,Female,26,Silver,TV,Bangkok,1318,Web,COD,16,4,0,0,20-30,43.93333333333333,1.0,0.0,0.0,-1,93,6401.24,0.1,0.0,0.0,0.0,0.0,0,0,0.0,0.0,0,0,0.0,0.0,0,0,0.0,6401.24,1,0,0.0,0
LGS2ORD0012206,C012896,2025-04-07 16:00:00,Female,26,Bronze,CallCenter,Khon Kaen,303,CallCenter,PromptPay,16,4,0,0,20-30,10.1,1.0,1.0,1.0,44,52,19336.97,0.18,0.0,0.0,0.0,0.0,0,0,0.0,0.0,0,0,0.0,19336.97,1,1,1.0,19336.97,1,1,1.0,0
LGS2ORD0012207,C015773,2025-04-07 16:00:00,Male,57,Bronze,Lazada,Bangkok,878,Lazada,COD,16,4,0,0,>50,29.266666666666666,1.0,0.0,0.0,-1,57,8977.12,0.08,1.0,0.0,0.0,0.0,0,0,0.0,0.0,0,0,0.0,8977.12,1,0,0.0,8977.12,1,0,0.0,0
LGS2ORD0012208,C016406,2025-04-07 16:00:00,Female,29,Gold,TV,Bangkok,1069,TV_Show,PromptPay,16,4,0,0,20-30,35.63333333333333,1.0,1.0,1.0,16,19,1145.23,0.2299999999999999,0.0,1.0,0.0,0.0,0,0,0.0,1145.23,1,1,1.0,1145.23,1,1,1.0,1145.23,1,1,1.0,0
LGS2ORD0012209,C014335,2025-04-07 16:00:00,Male,43,Bronze,Shopee,Remote_Area,1319,TV_Show,Credit_Card,16,4,0,0,40-50,43.96666666666667,2.0,1.0,0.5,40,52,921.605,0.18,1.0,0.0,0.0,0.0,0,0,0.0,0.0,0,0,0.0,1843.21,2,1,0.5,1843.21,2,1,0.5,0
LGS2ORD0012210,C014881,2025-04-07 16:00:00,Female,55,Bronze,TV,Bangkok,674,Shopee,Credit_Card,16,4,0,0,>50,22.466666666666665,3.0,0.0,0.0,-1,47,13368.256666666668,0.18,0.3333333333333333,0.0,0.0,0.0,0,0,0.0,0.0,0,0,0.0,40104.770000000004,3,0,0.0,40104.770000000004,3,0,0.0,1
LGS2ORD0012211,C017291,2025-04-07 17:00:00,Female,34,Bronze,TV,Songkhla,1379,TV_Show,Credit_Card,17,4,0,0,30-40,45.96666666666667,0.0,0.0,0.0,-1,-1,0.0,0.0,0.0,0.0,0.0,0.0,0,0,0.0,0.0,0,0,0.0,0.0,0,0,0.0,0.0,0,0,0.0,0
LGS2ORD0012212,C017433,2025-04-07 17:00:00,Female,44,Gold,TV,Chonburi,541,Web,COD,17,4,0,0,40-50,18.033333333333335,4.0,1.0,0.25,87,30,1973.935,0.33,0.5,0.5,0.0,0.0,0,0,0.0,0.0,0,0,0.0,6470.16,3,0,0.0,7895.74,4,1,0.25,0
LGS2ORD0012213,C013217,2025-04-07 17:00:00,Male,39,Bronze,Shopee,Chonburi,867,Lazada,Bank_Transfer,17,4,0,0,30-40,28.9,0.0,0.0,0.0,-1,-1,0.0,0.0,0.0,0.0,0.0,0.0,0,0,0.0,0.0,0,0,0.0,0.0,0,0,0.0,0.0,0,0,0.0,0
LGS2ORD0012214,C015540,2025-04-07 17:00:00,Female,42,Silver,TV,Bangkok,1479,TV_Show,PromptPay,17,4,0,0,40-50,49.3,0.0,0.0,0.0,-1,-1,0.0,0.0,0.0,0.0,0.0,0.0,0,0,0.0,0.0,0,0,0.0,0.0,0,0,0.0,0.0,0,0,0.0,0
LGS2ORD0012215,C013427,2025-04-07 17:00:00,Male,53,Bronze,Shopee,Phuket,1466,TV_Show,Credit_Card,17,4,0,0,>50,48.86666666666667,2.0,0.0,0.0,-1,43,4522.055,0.28,0.5,0.5,0.0,0.0,0,0,0.0,0.0,0,0,0.0,9044.11,2,0,0.0,9044.11,2,0,0.0,0
LGS2ORD0012216,C010972,2025-04-07 18:00:00,Male,33,Bronze,Web,Bangkok,1437,CallCenter,PromptPay,18,4,0,0,30-40,47.9,4.0,1.0,0.25,12,3,9444.442500000001,0.28,0.25,0.25,0.0,16123.0,1,0,0.0,25302.02,3,1,0.3333333333333333,37777.770000000004,4,1,0.25,37777.770000000004,4,1,0.25,0
LGS2ORD0012217,C015452,2025-04-07 18:00:00,Female,34,Bronze,Shopee,Chonburi,389,CallCenter,COD,18,4,0,0,30-40,12.966666666666667,3.0,0.0,0.0,-1,4,7839.586666666667,0.18,0.3333333333333333,0.0,0.0,555.24,1,0,0.0,12478.69,2,0,0.0,23518.760000000002,3,0,0.0,23518.760000000002,3,0,0.0,0
LGS2ORD0012218,C017876,2025-04-07 18:00:00,Female,18,Platinum,Web,Chonburi,1426,Shopee,Credit_Card,18,4,0,0,<20,47.53333333333333,0.0,0.0,0.0,-1,-1,0.0,0.0,0.0,0.0,0.0,0.0,0,0,0.0,0.0,0,0,0.0,0.0,0,0,0.0,0.0,0,0,0.0,0
LGS2ORD0012219,C015919,2025-04-07 18:00:00,Male,60,Silver,Shopee,Chiang Mai,1077,Shopee,PromptPay,18,4,0,0,>50,35.9,1.0,0.0,0.0,-1,14,7845.46,0.2,0.0,0.0,0.0,0.0,0,0,0.0,7845.46,1,0,0.0,7845.46,1,0,0.0,7845.46,1,0,0.0,0
LGS2ORD0012220,C014810,2025-04-07 18:00:00,Male,51,Bronze,TV,Phuket,427,Web,COD,18,4,0,0,>50,14.233333333333333,1.0,0.0,0.0,-1,62,1134.65,0.03,0.0,0.0,0.0,0.0,0,0,0.0,0.0,0,0,0.0,1134.65,1,0,0.0,1134.65,1,0,0.0,1
LGS2ORD0012221,C014302,2025-04-07 19:00:00,Male,42,Silver,Web,Bangkok,272,TV_Show,Credit_Card,19,4,0,0,40-50,9.066666666666666,0.0,0.0,0.0,-1,-1,0.0,0.0,0.0,0.0,0.0,0.0,0,0,0.0,0.0,0,0,0.0,0.0,0,0,0.0,0.0,0,0,0.0,0
LGS2ORD0012222,C010196,2025-04-07 19:00:00,Female,61,Gold,Web,Bangkok,1004,Lazada,Credit_Card,19,4,0,0,>50,33.46666666666667,2.0,2.0,1.0,11,20,4864.43,0.33,0.0,0.5,0.0,0.0,0,0,0.0,8211.23,1,1,1.0,9728.86,2,2,1.0,9728.86,2,2,1.0,0
LGS2ORD0012223,C017692,2025-04-07 19:00:00,Female,48,Bronze,Web,Chiang Mai,1424,Shopee,COD,19,4,0,0,40-50,47.46666666666667,0.0,0.0,0.0,-1,-1,0.0,0.0,0.0,0.0,0.0,0.0,0,0,0.0,0.0,0,0,0.0,0.0,0,0,0.0,0.0,0,0,0.0,0
LGS2ORD0012224,C017659,2025-04-07 19:00:00,Male,45,Gold,TV,Bangkok,349,CallCenter,COD,19,4,0,0,40-50,11.633333333333333,3.0,1.0,0.3333333333333333,37,0,3945.9966666666674,0.28,0.3333333333333333,0.3333333333333333,0.0,6801.35,1,0,0.0,6801.35,1,0,0.0,11837.990000000002,3,1,0.3333333333333333,11837.990000000002,3,1,0.3333333333333333,1
LGS2ORD0012225,C015532,2025-04-07 19:00:00,Male,58,Bronze,Web,Remote_Area,411,Web,COD,19,4,0,0,>50,13.7,3.0,1.0,0.3333333333333333,83,67,6845.566666666667,0.28,0.0,0.6666666666666666,0.0,0.0,0,0,0.0,0.0,0,0,0.0,15225.849999999999,2,0,0.0,20536.7,3,1,0.3333333333333333,1
LGS2ORD0012226,C013691,2025-04-07 20:00:00,Male,46,Bronze,Shopee,Songkhla,108,TV_Show,COD,20,4,0,0,40-50,3.6,1.0,0.0,0.0,-1,20,8203.67,0.13,1.0,0.0,0.0,0.0,0,0,0.0,8203.67,1,0,0.0,8203.67,1,0,0.0,8203.67,1,0,0.0,0
LGS2ORD0012227,C012475,2025-04-07 20:00:00,Female,32,Bronze,Lazada,Bangkok,969,Lazada,COD,20,4,0,0,30-40,32.3,1.0,0.0,0.0,-1,38,5417.81,0.28,1.0,1.0,0.0,0.0,0,0,0.0,0.0,0,0,0.0,5417.81,1,0,0.0,5417.81,1,0,0.0,0
LGS2ORD0012228,C017379,2025-04-07 20:00:00,Male,51,Bronze,TV,Bangkok,1282,TV_Show,COD,20,4,0,0,>50,42.733333333333334,1.0,0.0,0.0,-1,41,1099.83,0.18,1.0,0.0,0.0,0.0,0,0,0.0,0.0,0,0,0.0,1099.83,1,0,0.0,1099.83,1,0,0.0,0
LGS2ORD0012229,C011111,2025-04-07 20:00:00,Female,48,Bronze,Web,Remote_Area,1494,Web,COD,20,4,0,0,40-50,49.8,1.0,1.0,1.0,46,57,2030.72,0.03,1.0,0.0,0.0,0.0,0,0,0.0,0.0,0,0,0.0,2030.72,1,1,1.0,2030.72,1,1,1.0,1
LGS2ORD0012230,C016105,2025-04-07 20:00:00,Male,66,Gold,Shopee,Chonburi,1159,Lazada,PromptPay,20,4,0,0,>50,38.63333333333333,1.0,0.0,0.0,-1,25,6987.24,0.2299999999999999,1.0,1.0,0.0,0.0,0,0,0.0,6987.24,1,0,0.0,6987.24,1,0,0.0,6987.24,1,0,0.0,1
LGS2ORD0012231,C010865,2025-04-07 20:00:00,Male,31,Silver,Lazada,Chonburi,542,Web,PromptPay,20,4,0,0,30-40,18.066666666666666,0.0,0.0,0.0,-1,-1,0.0,0.0,0.0,0.0,0.0,0.0,0,0,0.0,0.0,0,0,0.0,0.0,0,0,0.0,0.0,0,0,0.0,1
LGS2ORD0012232,C015830,2025-04-07 21:00:00,Male,38,Silver,TV,Chonburi,1474,TV_Show,COD,21,4,0,0,30-40,49.13333333333333,1.0,0.0,0.0,-1,48,5897.85,0.3,0.0,1.0,0.0,0.0,0,0,0.0,0.0,0,0,0.0,5897.85,1,0,0.0,5897.85,1,0,0.0,0
LGS2ORD0012233,C013527,2025-04-07 21:00:00,Female,41,Bronze,Lazada,Khon Kaen,1199,Shopee,COD,21,4,0,0,40-50,39.96666666666667,1.0,0.0,0.0,-1,13,8553.81,0.18,1.0,0.0,0.0,0.0,0,0,0.0,8553.81,1,0,0.0,8553.81,1,0,0.0,8553.81,1,0,0.0,0
LGS2ORD0012234,C011899,2025-04-07 21:00:00,Female,27,Silver,Web,Chiang Mai,672,Shopee,COD,21,4,0,0,20-30,22.4,1.0,1.0,1.0,22,26,2577.56,0.3,1.0,1.0,0.0,0.0,0,0,0.0,2577.56,1,1,1.0,2577.56,1,1,1.0,2577.56,1,1,1.0,0
LGS2ORD0012235,C015974,2025-04-07 21:00:00,Male,41,Platinum,Web,Chonburi,740,TV_Show,COD,21,4,0,0,40-50,24.666666666666668,1.0,0.0,0.0,-1,86,30096.74,0.3,0.0,1.0,0.0,0.0,0,0,0.0,0.0,0,0,0.0,30096.74,1,0,0.0,30096.74,1,0,0.0,1
LGS2ORD0012236,C011110,2025-04-07 21:00:00,Female,39,Gold,Shopee,Chiang Mai,1073,CallCenter,COD,21,4,0,0,30-40,35.766666666666666,3.0,1.0,0.3333333333333333,11,19,2726.596666666667,0.28,0.6666666666666666,0.6666666666666666,0.0,0.0,0,0,0.0,2848.54,1,1,1.0,8179.79,3,1,0.3333333333333333,8179.79,3,1,0.3333333333333333,0
LGS2ORD0012237,C010561,2025-04-07 22:00:00,Male,24,Bronze,Web,Phuket,374,TV_Show,Credit_Card,22,4,0,0,20-30,12.466666666666667,0.0,0.0,0.0,-1,-1,0.0,0.0,0.0,0.0,0.0,0.0,0,0,0.0,0.0,0,0,0.0,0.0,0,0,0.0,0.0,0,0,0.0,0
LGS2ORD0012238,C016324,2025-04-07 22:00:00,Female,48,Bronze,TV,Remote_Area,112,Shopee,COD,22,4,0,0,40-50,3.7333333333333334,1.0,1.0,1.0,6,18,1429.99,0.28,0.0,1.0,0.0,0.0,0,0,0.0,1429.99,1,1,1.0,1429.99,1,1,1.0,1429.99,1,1,1.0,1
LGS2ORD0012239,C014925,2025-04-07 22:00:00,Male,46,Silver,Shopee,Nakhon Ratchasima,1284,Web,COD,22,4,0,0,40-50,42.8,0.0,0.0,0.0,-1,-1,0.0,0.0,0.0,0.0,0.0,0.0,0,0,0.0,0.0,0,0,0.0,0.0,0,0,0.0,0.0,0,0,0.0,0
LGS2ORD0012240,C010398,2025-04-07 22:00:00,Female,48,Gold,Web,Chiang Mai,108,CallCenter,PromptPay,22,4,0,0,40-50,3.6,0.0,0.0,0.0,-1,-1,0.0,0.0,0.0,0.0,0.0,0.0,0,0,0.0,0.0,0,0,0.0,0.0,0,0,0.0,0.0,0,0,0.0,0
LGS2ORD0012241,C012888,2025-04-07 22:00:00,Female,45,Silver,TV,Bangkok,333,TV_Show,COD,22,4,0,0,40-50,11.1,2.0,0.0,0.0,-1,18,1167.9099999999999,0.3,0.5,1.0,0.0,0.0,0,0,0.0,2335.8199999999997,2,0,0.0,2335.8199999999997,2,0,0.0,2335.8199999999997,2,0,0.0,0
LGS2ORD0012242,C017406,2025-04-07 23:00:00,Female,37,Gold,Shopee,Bangkok,1286,TV_Show,COD,23,4,0,0,30-40,42.86666666666667,3.0,0.0,0.0,-1,11,3424.3999999999996,0.13,0.6666666666666666,0.0,0.0,0.0,0,0,0.0,6442.48,2,0,0.0,10273.199999999999,3,0,0.0,10273.199999999999,3,0,0.0,0
LGS2ORD0012243,C011574,2025-04-07 23:00:00,Female,46,Silver,Lazada,Nakhon Ratchasima,1468,Lazada,PromptPay,23,4,0,0,40-50,48.93333333333333,1.0,1.0,1.0,82,88,1317.47,0.3,1.0,1.0,0.0,0.0,0,0,0.0,0.0,0,0,0.0,1317.47,1,1,1.0,1317.47,1,1,1.0,0
LGS2ORD0012244,C016010,2025-04-07 23:00:00,Male,45,Bronze,TV,Nakhon Ratchasima,787,Lazada,Credit_Card,23,4,0,0,40-50,26.233333333333334,1.0,0.0,0.0,-1,14,2710.36,0.18,1.0,0.0,0.0,0.0,0,0,0.0,2710.36,1,0,0.0,2710.36,1,0,0.0,2710.36,1,0,0.0,0
LGS2ORD0012245,C011429,2025-04-07 23:00:00,Male,30,Bronze,TV,Bangkok,424,Lazada,COD,23,4,0,0,20-30,14.133333333333333,2.0,0.0,0.0,-1,78,2802.665,0.28,0.5,0.5,0.0,0.0,0,0,0.0,0.0,0,0,0.0,128.99,1,0,0.0,5605.33,2,0,0.0,0
LGS2ORD0012246,C013152,2025-04-07 23:00:00,Female,46,Bronze,Web,Remote_Area,1071,TV_Show,COD,23,4,0,0,40-50,35.7,0.0,0.0,0.0,-1,-1,0.0,0.0,0.0,0.0,0.0,0.0,0,0,0.0,0.0,0,0,0.0,0.0,0,0,0.0,0.0,0,0,0.0,1
LGS2ORD0012247,C014372,2025-04-08 00:00:00,Female,40,Silver,Web,Songkhla,369,Web,COD,0,4,1,0,30-40,12.3,4.0,0.0,0.0,-1,0,7156.8775,0.1,0.5,0.0,0.0,22380.32,3,0,0.0,22380.32,3,0,0.0,28627.51,4,0,0.0,28627.51,4,0,0.0,0
LGS2ORD0012248,C015455,2025-04-08 00:00:00,Female,47,Bronze,TV,Phuket,1429,Web,COD,0,4,1,0,40-50,47.63333333333333,1.0,0.0,0.0,-1,38,21462.43,0.13,1.0,0.0,0.0,0.0,0,0,0.0,0.0,0,0,0.0,21462.43,1,0,0.0,21462.43,1,0,0.0,0
LGS2ORD0012249,C016266,2025-04-08 00:00:00,Male,51,Silver,Web,Bangkok,245,TV_Show,Credit_Card,0,4,1,0,>50,8.166666666666666,1.0,0.0,0.0,-1,49,3779.99,0.05,0.0,0.0,0.0,0.0,0,0,0.0,0.0,0,0,0.0,3779.99,1,0,0.0,3779.99,1,0,0.0,1
LGS2ORD0012250,C016139,2025-04-08 00:00:00,Female,52,Bronze,TV,Phuket,1040,Web,PromptPay,0,4,1,0,>50,34.666666666666664,1.0,0.0,0.0,-1,13,2810.93,0.28,0.0,1.0,0.0,0.0,0,0,0.0,2810.93,1,0,0.0,2810.93,1,0,0.0,2810.93,1,0,0.0,0
LGS2ORD0012251,C016433,2025-04-08 00:00:00,Male,51,Gold,Shopee,Chiang Mai,685,Lazada,Credit_Card,0,4,1,0,>50,22.833333333333332,2.0,1.0,0.5,48,54,3064.335,0.28,0.5,0.5,0.0,0.0,0,0,0.0,0.0,0,0,0.0,6128.67,2,1,0.5,6128.67,2,1,0.5,1
LGS2ORD0012252,C010109,2025-04-08 00:00:00,Female,19,Bronze,TV,Bangkok,711,Lazada,COD,0,4,1,0,<20,23.7,1.0,1.0,1.0,34,47,4589.83,0.13,1.0,0.0,0.0,0.0,0,0,0.0,0.0,0,0,0.0,4589.83,1,1,1.0,4589.83,1,1,1.0,0
LGS2ORD0012253,C012912,2025-04-08 01:00:00,Female,60,Silver,CallCenter,Khon Kaen,986,Web,COD,1,4,1,0,>50,32.86666666666667,1.0,0.0,0.0,-1,66,4460.96,0.1,0.0,0.0,0.0,0.0,0,0,0.0,0.0,0,0,0.0,4460.96,1,0,0.0,4460.96,1,0,0.0,0
LGS2ORD0012254,C015426,2025-04-08 01:00:00,Male,51,Bronze,Shopee,Songkhla,585,TV_Show,Credit_Card,1,4,1,0,>50,19.5,0.0,0.0,0.0,-1,-1,0.0,0.0,0.0,0.0,0.0,0.0,0,0,0.0,0.0,0,0,0.0,0.0,0,0,0.0,0.0,0,0,0.0,0
LGS2ORD0012255,C010423,2025-04-08 01:00:00,Male,44,Platinum,TV,Remote_Area,1531,Shopee,PromptPay,1,4,1,0,40-50,51.03333333333333,2.0,0.0,0.0,-1,20,5503.320000000001,0.25,0.0,0.5,0.0,0.0,0,0,0.0,1177.69,1,0,0.0,11006.640000000001,2,0,0.0,11006.640000000001,2,0,0.0,0
LGS2ORD0012256,C016656,2025-04-08 01:00:00,Female,43,Bronze,TV,Remote_Area,271,CallCenter,COD,1,4,1,0,40-50,9.033333333333333,1.0,0.0,0.0,-1,88,10208.19,0.08,1.0,0.0,0.0,0.0,0,0,0.0,0.0,0,0,0.0,10208.19,1,0,0.0,10208.19,1,0,0.0,0
LGS2ORD0012257,C011560,2025-04-08 01:00:00,Female,52,Gold,TV,Nakhon Ratchasima,127,Lazada,COD,1,4,1,0,>50,4.233333333333333,1.0,0.0,0.0,-1,34,5907.3,0.13,0.0,0.0,0.0,0.0,0,0,0.0,0.0,0,0,0.0,5907.3,1,0,0.0,5907.3,1,0,0.0,0
LGS2ORD0012258,C016876,2025-04-08 02:00:00,Female,34,Platinum,TV,Phuket,1549,Lazada,COD,2,4,1,0,30-40,51.63333333333333,0.0,0.0,0.0,-1,-1,0.0,0.0,0.0,0.0,0.0,0.0,0,0,0.0,0.0,0,0,0.0,0.0,0,0,0.0,0.0,0,0,0.0,0
LGS2ORD0012259,C016167,2025-04-08 02:00:00,Male,46,Silver,TV,Khon Kaen,124,Shopee,COD,2,4,1,0,40-50,4.133333333333334,1.0,0.0,0.0,-1,86,4928.83,0.15,1.0,0.0,0.0,0.0,0,0,0.0,0.0,0,0,0.0,4928.83,1,0,0.0,4928.83,1,0,0.0,1
LGS2ORD0012260,C010024,2025-04-08 02:00:00,Male,30,Gold,TV,Chiang Mai,823,Web,Credit_Card,2,4,1,0,20-30,27.433333333333334,1.0,1.0,1.0,58,64,1549.06,0.28,0.0,1.0,0.0,0.0,0,0,0.0,0.0,0,0,0.0,1549.06,1,1,1.0,1549.06,1,1,1.0,1
LGS2ORD0012261,C015964,2025-04-08 02:00:00,Female,43,Bronze,Shopee,Chonburi,375,TV_Show,COD,2,4,1,0,40-50,12.5,1.0,0.0,0.0,-1,20,2686.59,0.28,1.0,1.0,0.0,0.0,0,0,0.0,2686.59,1,0,0.0,2686.59,1,0,0.0,2686.59,1,0,0.0,0
LGS2ORD0012262,C010639,2025-04-08 02:00:00,Female,59,Bronze,Lazada,Bangkok,138,Shopee,Credit_Card,2,4,1,0,>50,4.6,0.0,0.0,0.0,-1,-1,0.0,0.0,0.0,0.0,0.0,0.0,0,0,0.0,0.0,0,0,0.0,0.0,0,0,0.0,0.0,0,0,0.0,1
LGS2ORD0012263,C015192,2025-04-08 03:00:00,Female,30,Silver,Lazada,Phuket,423,TV_Show,Credit_Card,3,4,1,0,20-30,14.1,1.0,0.0,0.0,-1,9,819.87,0.25,0.0,1.0,0.0,0.0,0,0,0.0,819.87,1,0,0.0,819.87,1,0,0.0,819.87,1,0,0.0,0
LGS2ORD0012264,C012684,2025-04-08 03:00:00,Female,39,Bronze,Web,Songkhla,1489,Lazada,COD,3,4,1,0,30-40,49.63333333333333,0.0,0.0,0.0,-1,-1,0.0,0.0,0.0,0.0,0.0,0.0,0,0,0.0,0.0,0,0,0.0,0.0,0,0,0.0,0.0,0,0,0.0,1
LGS2ORD0012265,C013981,2025-04-08 03:00:00,Female,24,Silver,Web,Remote_Area,888,Lazada,Bank_Transfer,3,4,1,0,20-30,29.6,1.0,0.0,0.0,-1,82,16327.53,0.2,0.0,0.0,0.0,0.0,0,0,0.0,0.0,0,0,0.0,16327.53,1,0,0.0,16327.53,1,0,0.0,1
LGS2ORD0012266,C012679,2025-04-08 03:00:00,Male,46,Silver,Lazada,Khon Kaen,1323,Lazada,Credit_Card,3,4,1,0,40-50,44.1,4.0,0.0,0.0,-1,4,5235.3575,0.3,0.75,0.5,0.0,4201.61,1,0,0.0,5121.259999999999,2,0,0.0,9275.34,3,0,0.0,20941.43,4,0,0.0,1
LGS2ORD0012267,C017922,2025-04-08 03:00:00,Male,42,Bronze,CallCenter,Khon Kaen,949,TV_Show,Credit_Card,3,4,1,0,40-50,31.633333333333333,3.0,1.0,0.3333333333333333,68,1,2369.1066666666666,0.18,0.3333333333333333,0.0,0.0,552.09,1,0,0.0,5700.53,2,0,0.0,7107.32,3,1,0.3333333333333333,7107.32,3,1,0.3333333333333333,0
LGS2ORD0012268,C012605,2025-04-08 04:00:00,Female,29,Platinum,TV,Khon Kaen,1213,Shopee,PromptPay,4,4,1,0,20-30,40.43333333333333,0.0,0.0,0.0,-1,-1,0.0,0.0,0.0,0.0,0.0,0.0,0,0,0.0,0.0,0,0,0.0,0.0,0,0,0.0,0.0,0,0,0.0,0
LGS2ORD0012269,C014542,2025-04-08 04:00:00,Female,38,Bronze,TV,Remote_Area,1218,Lazada,COD,4,4,1,0,30-40,40.6,1.0,0.0,0.0,-1,96,1241.37,0.23,1.0,1.0,0.0,0.0,0,0,0.0,0.0,0,0,0.0,0.0,0,0,0.0,1241.37,1,0,0.0,0
LGS2ORD0012270,C015687,2025-04-08 04:00:00,Other,58,Bronze,TV,Bangkok,1537,CallCenter,COD,4,4,1,0,>50,51.233333333333334,1.0,0.0,0.0,-1,78,3342.46,0.08,0.0,0.0,0.0,0.0,0,0,0.0,0.0,0,0,0.0,3342.46,1,0,0.0,3342.46,1,0,0.0,0
LGS2ORD0012271,C013774,2025-04-08 04:00:00,Female,52,Bronze,CallCenter,Songkhla,768,Shopee,COD,4,4,1,0,>50,25.6,0.0,0.0,0.0,-1,-1,0.0,0.0,0.0,0.0,0.0,0.0,0,0,0.0,0.0,0,0,0.0,0.0,0,0,0.0,0.0,0,0,0.0,1
LGS2ORD0012272,C010279,2025-04-08 04:00:00,Male,42,Gold,Web,Khon Kaen,1093,CallCenter,PromptPay,4,4,1,0,40-50,36.43333333333333,1.0,0.0,0.0,-1,29,26422.22,0.13,1.0,0.0,0.0,0.0,0,0,0.0,26422.22,1,0,0.0,26422.22,1,0,0.0,26422.22,1,0,0.0,0
LGS2ORD0012273,C010505,2025-04-08 04:00:00,Male,45,Bronze,Web,Bangkok,1180,TV_Show,Credit_Card,4,4,1,0,40-50,39.333333333333336,2.0,1.0,0.5,48,45,6848.280000000001,0.18,1.0,0.0,0.0,0.0,0,0,0.0,0.0,0,0,0.0,13696.560000000001,2,1,0.5,13696.560000000001,2,1,0.5,0
LGS2ORD0012274,C012471,2025-04-08 05:00:00,Female,44,Gold,Lazada,Chiang Mai,1063,Lazada,COD,5,4,1,0,40-50,35.43333333333333,0.0,0.0,0.0,-1,-1,0.0,0.0,0.0,0.0,0.0,0.0,0,0,0.0,0.0,0,0,0.0,0.0,0,0,0.0,0.0,0,0,0.0,0
LGS2ORD0012275,C011490,2025-04-08 05:00:00,Female,34,Silver,Lazada,Nakhon Ratchasima,1043,Web,COD,5,4,1,0,30-40,34.766666666666666,3.0,0.0,0.0,-1,21,4896.443333333333,0.25,0.6666666666666666,0.3333333333333333,0.0,0.0,0,0,0.0,13061.36,2,0,0.0,14689.329999999998,3,0,0.0,14689.329999999998,3,0,0.0,0
LGS2ORD0012276,C017917,2025-04-08 05:00:00,Male,46,Gold,TV,Khon Kaen,484,CallCenter,COD,5,4,1,0,40-50,16.133333333333333,2.0,0.0,0.0,-1,36,9514.085000000001,0.28,0.0,0.5,0.0,0.0,0,0,0.0,0.0,0,0,0.0,19028.170000000002,2,0,0.0,19028.170000000002,2,0,0.0,0
LGS2ORD0012277,C014316,2025-04-08 05:00:00,Female,59,Silver,Lazada,Chonburi,433,TV_Show,Credit_Card,5,4,1,0,>50,14.433333333333334,0.0,0.0,0.0,-1,-1,0.0,0.0,0.0,0.0,0.0,0.0,0,0,0.0,0.0,0,0,0.0,0.0,0,0,0.0,0.0,0,0,0.0,0
LGS2ORD0012278,C014835,2025-04-08 05:00:00,Male,47,Platinum,TV,Remote_Area,231,Shopee,Credit_Card,5,4,1,0,40-50,7.7,0.0,0.0,0.0,-1,-1,0.0,0.0,0.0,0.0,0.0,0.0,0,0,0.0,0.0,0,0,0.0,0.0,0,0,0.0,0.0,0,0,0.0,0
LGS2ORD0012279,C015348,2025-04-08 06:00:00,Male,27,Platinum,Shopee,Bangkok,410,Lazada,Bank_Transfer,6,4,1,0,20-30,13.666666666666666,1.0,0.0,0.0,-1,2,186.66,0.15,0.0,0.0,0.0,186.66,1,0,0.0,186.66,1,0,0.0,186.66,1,0,0.0,186.66,1,0,0.0,0
LGS2ORD0012280,C015706,2025-04-08 06:00:00,Male,32,Silver,Web,Chonburi,381,TV_Show,COD,6,4,1,0,30-40,12.7,1.0,0.0,0.0,-1,58,14795.26,0.1,0.0,0.0,0.0,0.0,0,0,0.0,0.0,0,0,0.0,14795.26,1,0,0.0,14795.26,1,0,0.0,0
LGS2ORD0012281,C014856,2025-04-08 06:00:00,Male,36,Silver,TV,Nakhon Ratchasima,1140,CallCenter,COD,6,4,1,0,30-40,38.0,1.0,0.0,0.0,-1,49,1155.64,0.1,1.0,0.0,0.0,0.0,0,0,0.0,0.0,0,0,0.0,1155.64,1,0,0.0,1155.64,1,0,0.0,0
LGS2ORD0012282,C012448,2025-04-08 06:00:00,Female,72,Gold,Web,Remote_Area,151,CallCenter,COD,6,4,1,0,>50,5.033333333333333,0.0,0.0,0.0,-1,-1,0.0,0.0,0.0,0.0,0.0,0.0,0,0,0.0,0.0,0,0,0.0,0.0,0,0,0.0,0.0,0,0,0.0,0
LGS2ORD0012283,C013373,2025-04-08 06:00:00,Female,52,Bronze,Lazada,Songkhla,594,Lazada,Credit_Card,6,4,1,0,>50,19.8,0.0,0.0,0.0,-1,-1,0.0,0.0,0.0,0.0,0.0,0.0,0,0,0.0,0.0,0,0,0.0,0.0,0,0,0.0,0.0,0,0,0.0,0
LGS2ORD0012284,C012689,2025-04-08 07:00:00,Female,28,Bronze,Web,Khon Kaen,1216,Web,COD,7,4,1,0,20-30,40.53333333333333,1.0,0.0,0.0,-1,37,582.18,0.08,0.0,0.0,0.0,0.0,0,0,0.0,0.0,0,0,0.0,582.18,1,0,0.0,582.18,1,0,0.0,0
LGS2ORD0012285,C013427,2025-04-08 07:00:00,Male,53,Bronze,Shopee,Phuket,1467,CallCenter,COD,7,4,1,0,>50,48.9,3.0,0.0,0.0,-1,0,6367.076666666668,0.28,0.3333333333333333,0.3333333333333333,0.0,10057.12,1,0,0.0,10057.12,1,0,0.0,19101.230000000003,3,0,0.0,19101.230000000003,3,0,0.0,1
LGS2ORD0012286,C011765,2025-04-08 07:00:00,Male,37,Silver,Web,Bangkok,1555,TV_Show,COD,7,4,1,0,30-40,51.833333333333336,0.0,0.0,0.0,-1,-1,0.0,0.0,0.0,0.0,0.0,0.0,0,0,0.0,0.0,0,0,0.0,0.0,0,0,0.0,0.0,0,0,0.0,0
LGS2ORD0012287,C011729,2025-04-08 07:00:00,Female,55,Gold,Web,Chonburi,1145,Shopee,COD,7,4,1,0,>50,38.166666666666664,1.0,0.0,0.0,-1,12,3455.89,0.2299999999999999,0.0,1.0,0.0,0.0,0,0,0.0,3455.89,1,0,0.0,3455.89,1,0,0.0,3455.89,1,0,0.0,0
LGS2ORD0012288,C015045,2025-04-08 07:00:00,Male,39,Bronze,Shopee,Phuket,639,Shopee,Credit_Card,7,4,1,0,30-40,21.3,1.0,1.0,1.0,24,35,1780.54,0.03,1.0,0.0,0.0,0.0,0,0,0.0,0.0,0,0,0.0,1780.54,1,1,1.0,1780.54,1,1,1.0,1
LGS2ORD0012289,C014141,2025-04-08 08:00:00,Male,25,Bronze,Lazada,Nakhon Ratchasima,686,CallCenter,Credit_Card,8,4,1,0,20-30,22.866666666666667,2.0,1.0,0.5,12,28,9459.08,0.18,1.0,0.0,0.0,0.0,0,0,0.0,13383.95,1,1,1.0,18918.16,2,1,0.5,18918.16,2,1,0.5,0
LGS2ORD0012290,C012359,2025-04-08 08:00:00,Female,72,Silver,Lazada,Bangkok,1532,TV_Show,Credit_Card,8,4,1,0,>50,51.06666666666667,1.0,0.0,0.0,-1,32,1991.49,0.1,1.0,0.0,0.0,0.0,0,0,0.0,0.0,0,0,0.0,1991.49,1,0,0.0,1991.49,1,0,0.0,0
LGS2ORD0012291,C016240,2025-04-08 08:00:00,Female,42,Bronze,TV,Bangkok,799,CallCenter,COD,8,4,1,0,40-50,26.633333333333333,0.0,0.0,0.0,-1,-1,0.0,0.0,0.0,0.0,0.0,0.0,0,0,0.0,0.0,0,0,0.0,0.0,0,0,0.0,0.0,0,0,0.0,0
LGS2ORD0012292,C010272,2025-04-08 08:00:00,Female,34,Gold,TV,Songkhla,1097,Lazada,Credit_Card,8,4,1,0,30-40,36.56666666666667,1.0,0.0,0.0,-1,24,10417.13,0.13,0.0,0.0,0.0,0.0,0,0,0.0,10417.13,1,0,0.0,10417.13,1,0,0.0,10417.13,1,0,0.0,0
LGS2ORD0012293,C012859,2025-04-08 08:00:00,Male,72,Bronze,Web,Nakhon Ratchasima,1076,Shopee,COD,8,4,1,0,>50,35.86666666666667,3.0,0.0,0.0,-1,39,6963.2,0.13,0.6666666666666666,0.0,0.0,0.0,0,0,0.0,0.0,0,0,0.0,20889.6,3,0,0.0,20889.6,3,0,0.0,0
LGS2ORD0012294,C015251,2025-04-08 08:00:00,Male,25,Platinum,CallCenter,Bangkok,1554,Shopee,COD,8,4,1,0,20-30,51.8,3.0,1.0,0.3333333333333333,27,39,2512.25,0.35,1.0,0.6666666666666666,0.0,0.0,0,0,0.0,0.0,0,0,0.0,7536.75,3,1,0.3333333333333333,7536.75,3,1,0.3333333333333333,0
LGS2ORD0012295,C012764,2025-04-08 09:00:00,Female,61,Bronze,Shopee,Bangkok,122,Lazada,Credit_Card,9,4,1,0,>50,4.066666666666666,1.0,1.0,1.0,59,70,3665.98,0.23,1.0,1.0,0.0,0.0,0,0,0.0,0.0,0,0,0.0,3665.98,1,1,1.0,3665.98,1,1,1.0,0
LGS2ORD0012296,C017170,2025-04-08 09:00:00,Female,48,Silver,Shopee,Phuket,1456,Lazada,COD,9,4,1,0,40-50,48.53333333333333,2.0,0.0,0.0,-1,20,2581.575,0.1,0.0,0.0,0.0,0.0,0,0,0.0,4275.34,1,0,0.0,5163.15,2,0,0.0,5163.15,2,0,0.0,0
LGS2ORD0012297,C010806,2025-04-08 09:00:00,Female,45,Platinum,Shopee,Phuket,649,Web,COD,9,4,1,0,40-50,21.633333333333333,2.0,1.0,0.5,80,81,7302.8099999999995,0.35,0.5,0.5,0.0,0.0,0,0,0.0,0.0,0,0,0.0,13819.05,1,0,0.0,14605.619999999999,2,1,0.5,1
LGS2ORD0012298,C017573,2025-04-08 09:00:00,Male,44,Bronze,Web,Khon Kaen,188,Shopee,Bank_Transfer,9,4,1,0,40-50,6.266666666666667,3.0,2.0,0.6666666666666666,1,7,2523.1,0.28,0.6666666666666666,0.3333333333333333,0.0,0.0,0,0,0.0,7569.299999999999,3,2,0.6666666666666666,7569.299999999999,3,2,0.6666666666666666,7569.299999999999,3,2,0.6666666666666666,0
LGS2ORD0012299,C015439,2025-04-08 09:00:00,Male,37,Bronze,Lazada,Remote_Area,149,Web,COD,9,4,1,0,30-40,4.966666666666667,2.0,0.0,0.0,-1,36,6266.43,0.08,0.5,0.0,0.0,0.0,0,0,0.0,0.0,0,0,0.0,11185.94,1,0,0.0,12532.86,2,0,0.0,1
LGS2ORD0012300,C014280,2025-04-08 10:00:00,Male,49,Bronze,TV,Chiang Mai,1197,TV_Show,Credit_Card,10,4,1,0,40-50,39.9,0.0,0.0,0.0,-1,-1,0.0,0.0,0.0,0.0,0.0,0.0,0,0,0.0,0.0,0,0,0.0,0.0,0,0,0.0,0.0,0,0,0.0,0
LGS2ORD0012301,C016623,2025-04-08 10:00:00,Female,52,Gold,TV,Phuket,410,TV_Show,Credit_Card,10,4,1,0,>50,13.666666666666666,2.0,0.0,0.0,-1,48,1409.28,0.13,0.5,0.0,0.0,0.0,0,0,0.0,0.0,0,0,0.0,2818.56,2,0,0.0,2818.56,2,0,0.0,0
LGS2ORD0012302,C012237,2025-04-08 10:00:00,Female,34,Bronze,TV,Remote_Area,1499,Lazada,Bank_Transfer,10,4,1,0,30-40,49.96666666666667,0.0,0.0,0.0,-1,-1,0.0,0.0,0.0,0.0,0.0,0.0,0,0,0.0,0.0,0,0,0.0,0.0,0,0,0.0,0.0,0,0,0.0,0
LGS2ORD0012303,C013387,2025-04-08 10:00:00,Other,49,Gold,TV,Songkhla,430,TV_Show,Credit_Card,10,4,1,0,40-50,14.333333333333334,1.0,0.0,0.0,-1,79,5801.45,0.28,0.0,1.0,0.0,0.0,0,0,0.0,0.0,0,0,0.0,5801.45,1,0,0.0,5801.45,1,0,0.0,0
LGS2ORD0012304,C012199,2025-04-08 10:00:00,Female,56,Silver,TV,Phuket,1429,CallCenter,PromptPay,10,4,1,0,>50,47.63333333333333,1.0,1.0,1.0,17,28,1005.95,0.1,1.0,0.0,0.0,0.0,0,0,0.0,1005.95,1,1,1.0,1005.95,1,1,1.0,1005.95,1,1,1.0,0
LGS2ORD0012305,C010043,2025-04-08 11:00:00,Female,20,Platinum,Web,Chonburi,432,Web,Bank_Transfer,11,4,1,0,<20,14.4,2.0,0.0,0.0,-1,17,2714.515,0.35,0.0,1.0,0.0,0.0,0,0,0.0,3551.67,1,0,0.0,5429.03,2,0,0.0,5429.03,2,0,0.0,0
LGS2ORD0012306,C012823,2025-04-08 11:00:00,Female,56,Bronze,Web,Phuket,1314,Web,COD,11,4,1,0,>50,43.8,2.0,1.0,0.5,36,22,5855.005,0.28,0.5,0.5,0.0,0.0,0,0,0.0,6744.51,1,0,0.0,11710.01,2,1,0.5,11710.01,2,1,0.5,0
LGS2ORD0012307,C015881,2025-04-08 11:00:00,Male,54,Bronze,Lazada,Nakhon Ratchasima,1543,Shopee,COD,11,4,1,0,>50,51.43333333333333,1.0,0.0,0.0,-1,17,2133.04,0.18,0.0,0.0,0.0,0.0,0,0,0.0,2133.04,1,0,0.0,2133.04,1,0,0.0,2133.04,1,0,0.0,1
LGS2ORD0012308,C015549,2025-04-08 11:00:00,Male,48,Silver,Web,Nakhon Ratchasima,1267,CallCenter,PromptPay,11,4,1,0,40-50,42.233333333333334,1.0,0.0,0.0,-1,1,6350.13,0.1,1.0,0.0,0.0,6350.13,1,0,0.0,6350.13,1,0,0.0,6350.13,1,0,0.0,6350.13,1,0,0.0,0
LGS2ORD0012309,C011774,2025-04-08 11:00:00,Male,70,Silver,TV,Nakhon Ratchasima,250,Shopee,COD,11,4,1,0,>50,8.333333333333334,2.0,0.0,0.0,-1,26,3513.0,0.25,1.0,0.5,0.0,0.0,0,0,0.0,6189.23,1,0,0.0,7026.0,2,0,0.0,7026.0,2,0,0.0,1
LGS2ORD0012310,C017194,2025-04-08 11:00:00,Male,43,Silver,TV,Bangkok,971,CallCenter,COD,11,4,1,0,40-50,32.36666666666667,1.0,0.0,0.0,-1,77,3381.53,0.3,1.0,1.0,0.0,0.0,0,0,0.0,0.0,0,0,0.0,3381.53,1,0,0.0,3381.53,1,0,0.0,0
LGS2ORD0012311,C013515,2025-04-08 12:00:00,Male,32,Bronze,TV,Remote_Area,318,CallCenter,Credit_Card,12,4,1,0,30-40,10.6,4.0,2.0,0.5,5,2,3363.9849999999997,0.18,0.75,0.0,0.0,4409.41,1,0,0.0,5032.48,2,1,0.5,13455.939999999999,4,2,0.5,13455.939999999999,4,2,0.5,0
LGS2ORD0012312,C013527,2025-04-08 12:00:00,Female,41,Bronze,Lazada,Khon Kaen,1200,TV_Show,Bank_Transfer,12,4,1,0,40-50,40.0,2.0,0.0,0.0,-1,0,11233.9,0.23,1.0,0.5,0.0,13913.99,1,0,0.0,22467.8,2,0,0.0,22467.8,2,0,0.0,22467.8,2,0,0.0,0
LGS2ORD0012313,C014226,2025-04-08 12:00:00,Male,33,Bronze,TV,Khon Kaen,616,TV_Show,COD,12,4,1,0,30-40,20.533333333333335,2.0,0.0,0.0,-1,20,8010.93,0.13,0.5,0.0,0.0,0.0,0,0,0.0,14420.93,1,0,0.0,16021.86,2,0,0.0,16021.86,2,0,0.0,0
LGS2ORD0012314,C013042,2025-04-08 12:00:00,Male,47,Bronze,TV,Remote_Area,1454,Lazada,Credit_Card,12,4,1,0,40-50,48.46666666666667,3.0,1.0,0.3333333333333333,-5,2,11802.733333333332,0.23,1.0,0.6666666666666666,0.0,28396.41,1,1,1.0,33188.47,2,1,0.5,35408.2,3,1,0.3333333333333333,35408.2,3,1,0.3333333333333333,0
LGS2ORD0012315,C013230,2025-04-08 12:00:00,Male,54,Bronze,TV,Nakhon Ratchasima,1097,TV_Show,Credit_Card,12,4,1,0,>50,36.56666666666667,1.0,0.0,0.0,-1,48,3619.12,0.03,0.0,0.0,0.0,0.0,0,0,0.0,0.0,0,0,0.0,3619.12,1,0,0.0,3619.12,1,0,0.0,0
LGS2ORD0012316,C013794,2025-04-08 13:00:00,Female,46,Silver,Web,Khon Kaen,1456,CallCenter,PromptPay,13,4,1,0,40-50,48.53333333333333,0.0,0.0,0.0,-1,-1,0.0,0.0,0.0,0.0,0.0,0.0,0,0,0.0,0.0,0,0,0.0,0.0,0,0,0.0,0.0,0,0,0.0,0
LGS2ORD0012317,C010466,2025-04-08 13:00:00,Other,29,Silver,Shopee,Chonburi,1081,Lazada,COD,13,4,1,0,20-30,36.03333333333333,3.0,0.0,0.0,-1,44,4638.3966666666665,0.25,0.3333333333333333,0.6666666666666666,0.0,0.0,0,0,0.0,0.0,0,0,0.0,13915.189999999999,3,0,0.0,13915.189999999999,3,0,0.0,0
LGS2ORD0012318,C011572,2025-04-08 13:00:00,Male,39,Platinum,TV,Songkhla,166,Web,Credit_Card,13,4,1,0,30-40,5.533333333333333,1.0,0.0,0.0,-1,32,3587.73,0.2,0.0,0.0,0.0,0.0,0,0,0.0,0.0,0,0,0.0,3587.73,1,0,0.0,3587.73,1,0,0.0,1
LGS2ORD0012319,C014070,2025-04-08 13:00:00,Male,42,Bronze,CallCenter,Nakhon Ratchasima,705,CallCenter,Credit_Card,13,4,1,0,40-50,23.5,3.0,1.0,0.3333333333333333,69,73,1358.63,0.23,0.6666666666666666,0.6666666666666666,0.0,0.0,0,0,0.0,0.0,0,0,0.0,4075.8900000000003,3,1,0.3333333333333333,4075.8900000000003,3,1,0.3333333333333333,0
LGS2ORD0012320,C015229,2025-04-08 13:00:00,Female,28,Bronze,Shopee,Bangkok,1414,Shopee,COD,13,4,1,0,20-30,47.13333333333333,4.0,1.0,0.25,17,11,4317.255,0.28,0.75,0.25,0.0,0.0,0,0,0.0,4426.889999999999,2,1,0.5,17269.02,4,1,0.25,17269.02,4,1,0.25,0
LGS2ORD0012321,C015519,2025-04-08 14:00:00,Female,49,Gold,Web,Remote_Area,757,Lazada,COD,14,4,1,0,40-50,25.233333333333334,2.0,0.0,0.0,-1,24,5663.745,0.28,0.5,0.5,0.0,0.0,0,0,0.0,8091.52,1,0,0.0,11327.49,2,0,0.0,11327.49,2,0,0.0,1
LGS2ORD0012322,C017597,2025-04-08 14:00:00,Male,39,Bronze,TV,Remote_Area,1090,TV_Show,Bank_Transfer,14,4,1,0,30-40,36.333333333333336,2.0,0.0,0.0,-1,41,8562.455,0.28,0.5,0.5,0.0,0.0,0,0,0.0,0.0,0,0,0.0,17124.91,2,0,0.0,17124.91,2,0,0.0,0
LGS2ORD0012323,C017579,2025-04-08 14:00:00,Male,41,Bronze,CallCenter,Nakhon Ratchasima,1527,Web,Credit_Card,14,4,1,0,40-50,50.9,2.0,2.0,1.0,59,64,10624.35,0.18,1.0,0.0,0.0,0.0,0,0,0.0,0.0,0,0,0.0,1352.09,1,1,1.0,21248.7,2,2,1.0,0
LGS2ORD0012324,C014801,2025-04-08 14:00:00,Female,54,Silver,Shopee,Chiang Mai,1201,TV_Show,COD,14,4,1,0,>50,40.03333333333333,1.0,0.0,0.0,-1,61,6425.49,0.2,1.0,0.0,0.0,0.0,0,0,0.0,0.0,0,0,0.0,6425.49,1,0,0.0,6425.49,1,0,0.0,1
LGS2ORD0012325,C014541,2025-04-08 14:00:00,Female,48,Bronze,Lazada,Phuket,743,Web,COD,14,4,1,0,40-50,24.766666666666666,2.0,0.0,0.0,-1,36,2688.52,0.23,0.5,1.0,0.0,0.0,0,0,0.0,0.0,0,0,0.0,5377.04,2,0,0.0,5377.04,2,0,0.0,0
LGS2ORD0012326,C017638,2025-04-08 15:00:00,Female,61,Silver,TV,Bangkok,1345,Web,COD,15,4,1,0,>50,44.833333333333336,2.0,1.0,0.5,47,27,5528.535,0.3,0.5,1.0,0.0,0.0,0,0,0.0,3255.27,1,0,0.0,11057.07,2,1,0.5,11057.07,2,1,0.5,0
LGS2ORD0012327,C010401,2025-04-08 15:00:00,Female,37,Bronze,Lazada,Phuket,1216,Lazada,Credit_Card,15,4,1,0,30-40,40.53333333333333,3.0,2.0,0.6666666666666666,5,4,6746.843333333334,0.23,0.6666666666666666,0.6666666666666666,0.0,7248.54,1,0,0.0,13310.76,2,1,0.5,20240.530000000002,3,2,0.6666666666666666,20240.530000000002,3,2,0.6666666666666666,1
LGS2ORD0012328,C011968,2025-04-08 15:00:00,Male,41,Silver,Shopee,Bangkok,1547,TV_Show,Bank_Transfer,15,4,1,0,40-50,51.56666666666667,2.0,1.0,0.5,73,61,5191.12,0.3,0.5,0.5,0.0,0.0,0,0,0.0,0.0,0,0,0.0,10382.24,2,1,0.5,10382.24,2,1,0.5,0
LGS2ORD0012329,C014998,2025-04-08 15:00:00,Male,65,Gold,Web,Nakhon Ratchasima,580,Lazada,Bank_Transfer,15,4,1,0,>50,19.333333333333332,1.0,1.0,1.0,21,26,1533.29,0.08,1.0,0.0,0.0,0.0,0,0,0.0,1533.29,1,1,1.0,1533.29,1,1,1.0,1533.29,1,1,1.0,0
LGS2ORD0012330,C015784,2025-04-08 15:00:00,Female,35,Gold,Web,Chonburi,1188,TV_Show,PromptPay,15,4,1,0,30-40,39.6,0.0,0.0,0.0,-1,-1,0.0,0.0,0.0,0.0,0.0,0.0,0,0,0.0,0.0,0,0,0.0,0.0,0,0,0.0,0.0,0,0,0.0,1
LGS2ORD0012331,C014405,2025-04-08 15:00:00,Female,26,Bronze,CallCenter,Bangkok,1306,Shopee,COD,15,4,1,0,20-30,43.53333333333333,1.0,1.0,1.0,47,53,2422.64,0.03,1.0,0.0,0.0,0.0,0,0,0.0,0.0,0,0,0.0,2422.64,1,1,1.0,2422.64,1,1,1.0,1
LGS2ORD0012332,C013531,2025-04-08 16:00:00,Female,57,Platinum,TV,Chiang Mai,1223,Web,COD,16,4,1,0,>50,40.766666666666666,0.0,0.0,0.0,-1,-1,0.0,0.0,0.0,0.0,0.0,0.0,0,0,0.0,0.0,0,0,0.0,0.0,0,0,0.0,0.0,0,0,0.0,0
LGS2ORD0012333,C015135,2025-04-08 16:00:00,Female,40,Gold,Shopee,Khon Kaen,1317,Shopee,Bank_Transfer,16,4,1,0,30-40,43.9,3.0,0.0,0.0,-1,44,3038.2433333333333,0.33,0.6666666666666666,0.3333333333333333,0.0,0.0,0,0,0.0,0.0,0,0,0.0,1940.55,2,0,0.0,9114.73,3,0,0.0,0
LGS2ORD0012334,C016625,2025-04-08 16:00:00,Male,30,Silver,TV,Chonburi,256,Shopee,Bank_Transfer,16,4,1,0,20-30,8.533333333333333,0.0,0.0,0.0,-1,-1,0.0,0.0,0.0,0.0,0.0,0.0,0,0,0.0,0.0,0,0,0.0,0.0,0,0,0.0,0.0,0,0,0.0,1
LGS2ORD0012335,C014495,2025-04-08 16:00:00,Male,40,Bronze,TV,Bangkok,989,CallCenter,COD,16,4,1,0,30-40,32.96666666666667,1.0,0.0,0.0,-1,17,1673.5,0.18,0.0,0.0,0.0,0.0,0,0,0.0,1673.5,1,0,0.0,1673.5,1,0,0.0,1673.5,1,0,0.0,1
LGS2ORD0012336,C011578,2025-04-08 16:00:00,Male,49,Bronze,Lazada,Chiang Mai,1143,TV_Show,COD,16,4,1,0,40-50,38.1,1.0,0.0,0.0,-1,19,30960.47,0.18,1.0,0.0,0.0,0.0,0,0,0.0,30960.47,1,0,0.0,30960.47,1,0,0.0,30960.47,1,0,0.0,0
LGS2ORD0012337,C010119,2025-04-08 17:00:00,Female,55,Gold,Web,Bangkok,503,Web,COD,17,4,1,0,>50,16.766666666666666,0.0,0.0,0.0,-1,-1,0.0,0.0,0.0,0.0,0.0,0.0,0,0,0.0,0.0,0,0,0.0,0.0,0,0,0.0,0.0,0,0,0.0,0
LGS2ORD0012338,C013546,2025-04-08 17:00:00,Female,60,Gold,Shopee,Chonburi,1342,Shopee,COD,17,4,1,0,>50,44.733333333333334,1.0,0.0,0.0,-1,5,714.39,0.33,0.0,1.0,0.0,714.39,1,0,0.0,714.39,1,0,0.0,714.39,1,0,0.0,714.39,1,0,0.0,0
LGS2ORD0012339,C011452,2025-04-08 17:00:00,Male,49,Platinum,Shopee,Nakhon Ratchasima,525,Lazada,COD,17,4,1,0,40-50,17.5,3.0,0.0,0.0,-1,30,4788.513333333333,0.3,0.0,0.6666666666666666,0.0,0.0,0,0,0.0,0.0,0,0,0.0,14365.54,3,0,0.0,14365.54,3,0,0.0,0
LGS2ORD0012340,C014026,2025-04-08 17:00:00,Female,60,Silver,Lazada,Remote_Area,204,TV_Show,PromptPay,17,4,1,0,>50,6.8,4.0,0.0,0.0,-1,8,4869.1825,0.25,0.5,0.25,0.0,0.0,0,0,0.0,11065.73,3,0,0.0,11065.73,3,0,0.0,19476.73,4,0,0.0,0
LGS2ORD0012341,C011164,2025-04-08 17:00:00,Female,51,Bronze,Lazada,Songkhla,154,Shopee,COD,17,4,1,0,>50,5.133333333333334,1.0,1.0,1.0,40,44,3975.14,0.08,0.0,0.0,0.0,0.0,0,0,0.0,0.0,0,0,0.0,3975.14,1,1,1.0,3975.14,1,1,1.0,0
LGS2ORD0012342,C015809,2025-04-08 18:00:00,Female,20,Bronze,Shopee,Bangkok,646,TV_Show,COD,18,4,1,0,<20,21.533333333333335,0.0,0.0,0.0,-1,-1,0.0,0.0,0.0,0.0,0.0,0.0,0,0,0.0,0.0,0,0,0.0,0.0,0,0,0.0,0.0,0,0,0.0,0
LGS2ORD0012343,C012171,2025-04-08 18:00:00,Female,51,Silver,Lazada,Chonburi,285,Shopee,COD,18,4,1,0,>50,9.5,0.0,0.0,0.0,-1,-1,0.0,0.0,0.0,0.0,0.0,0.0,0,0,0.0,0.0,0,0,0.0,0.0,0,0,0.0,0.0,0,0,0.0,0
LGS2ORD0012344,C017286,2025-04-08 18:00:00,Male,43,Silver,CallCenter,Chonburi,1343,Lazada,Credit_Card,18,4,1,0,40-50,44.766666666666666,1.0,0.0,0.0,-1,68,10781.0,0.05,0.0,0.0,0.0,0.0,0,0,0.0,0.0,0,0,0.0,10781.0,1,0,0.0,10781.0,1,0,0.0,0
LGS2ORD0012345,C013943,2025-04-08 18:00:00,Male,26,Bronze,Lazada,Chiang Mai,279,Web,COD,18,4,1,0,20-30,9.3,1.0,0.0,0.0,-1,21,1554.58,0.08,0.0,0.0,0.0,0.0,0,0,0.0,1554.58,1,0,0.0,1554.58,1,0,0.0,1554.58,1,0,0.0,0
LGS2ORD0012346,C015860,2025-04-08 18:00:00,Female,49,Bronze,Lazada,Bangkok,694,CallCenter,Credit_Card,18,4,1,0,40-50,23.133333333333333,0.0,0.0,0.0,-1,-1,0.0,0.0,0.0,0.0,0.0,0.0,0,0,0.0,0.0,0,0,0.0,0.0,0,0,0.0,0.0,0,0,0.0,0
LGS2ORD0012347,C013165,2025-04-08 19:00:00,Male,31,Silver,Web,Khon Kaen,1001,Shopee,Bank_Transfer,19,4,1,0,30-40,33.36666666666667,1.0,0.0,0.0,-1,94,4807.21,0.15,0.0,0.0,0.0,0.0,0,0,0.0,0.0,0,0,0.0,0.0,0,0,0.0,4807.21,1,0,0.0,0
LGS2ORD0012348,C011582,2025-04-08 19:00:00,Female,36,Bronze,Web,Khon Kaen,318,Shopee,PromptPay,19,4,1,0,30-40,10.6,1.0,0.0,0.0,-1,77,4455.31,0.18,1.0,0.0,0.0,0.0,0,0,0.0,0.0,0,0,0.0,4455.31,1,0,0.0,4455.31,1,0,0.0,0
LGS2ORD0012349,C014634,2025-04-08 19:00:00,Female,43,Silver,Shopee,Songkhla,533,Lazada,COD,19,4,1,0,40-50,17.766666666666666,0.0,0.0,0.0,-1,-1,0.0,0.0,0.0,0.0,0.0,0.0,0,0,0.0,0.0,0,0,0.0,0.0,0,0,0.0,0.0,0,0,0.0,0
LGS2ORD0012350,C017412,2025-04-08 19:00:00,Female,34,Silver,Lazada,Remote_Area,299,Lazada,Credit_Card,19,4,1,0,30-40,9.966666666666667,1.0,0.0,0.0,-1,75,1627.95,0.3,1.0,1.0,0.0,0.0,0,0,0.0,0.0,0,0,0.0,1627.95,1,0,0.0,1627.95,1,0,0.0,0
LGS2ORD0012351,C013624,2025-04-08 19:00:00,Female,42,Bronze,CallCenter,Remote_Area,430,Web,COD,19,4,1,0,40-50,14.333333333333334,3.0,2.0,0.6666666666666666,15,24,2517.2533333333336,0.23,0.6666666666666666,0.3333333333333333,0.3333333333333333,0.0,0,0,0.0,1748.87,1,1,1.0,7551.76,3,2,0.6666666666666666,7551.76,3,2,0.6666666666666666,0
LGS2ORD0012352,C016912,2025-04-08 19:00:00,Male,22,Bronze,TV,Nakhon Ratchasima,1014,Lazada,COD,19,4,1,0,20-30,33.8,0.0,0.0,0.0,-1,-1,0.0,0.0,0.0,0.0,0.0,0.0,0,0,0.0,0.0,0,0,0.0,0.0,0,0,0.0,0.0,0,0,0.0,0
LGS2ORD0012353,C010853,2025-04-08 20:00:00,Female,53,Bronze,Shopee,Bangkok,913,Shopee,PromptPay,20,4,1,0,>50,30.433333333333334,1.0,1.0,1.0,69,73,27900.47,0.08,1.0,0.0,0.0,0.0,0,0,0.0,0.0,0,0,0.0,27900.47,1,1,1.0,27900.47,1,1,1.0,0
LGS2ORD0012354,C015104,2025-04-08 20:00:00,Female,41,Bronze,Web,Songkhla,459,TV_Show,Credit_Card,20,4,1,0,40-50,15.3,0.0,0.0,0.0,-1,-1,0.0,0.0,0.0,0.0,0.0,0.0,0,0,0.0,0.0,0,0,0.0,0.0,0,0,0.0,0.0,0,0,0.0,0
LGS2ORD0012355,C012694,2025-04-08 20:00:00,Female,48,Bronze,Web,Chiang Mai,1016,TV_Show,PromptPay,20,4,1,0,40-50,33.86666666666667,2.0,1.0,0.5,64,26,11150.689999999999,0.28,1.0,0.5,0.0,0.0,0,0,0.0,17498.19,1,0,0.0,22301.379999999997,2,1,0.5,22301.379999999997,2,1,0.5,0
LGS2ORD0012356,C017952,2025-04-08 20:00:00,Female,39,Bronze,Shopee,Bangkok,271,Lazada,Credit_Card,20,4,1,0,30-40,9.033333333333333,1.0,0.0,0.0,-1,44,1950.0,0.23,1.0,1.0,0.0,0.0,0,0,0.0,0.0,0,0,0.0,1950.0,1,0,0.0,1950.0,1,0,0.0,0
LGS2ORD0012357,C016477,2025-04-08 20:00:00,Male,34,Silver,Shopee,Bangkok,1516,Shopee,Credit_Card,20,4,1,0,30-40,50.53333333333333,1.0,1.0,1.0,45,59,5312.25,0.2,1.0,0.0,0.0,0.0,0,0,0.0,0.0,0,0,0.0,5312.25,1,1,1.0,5312.25,1,1,1.0,1
LGS2ORD0012358,C015326,2025-04-08 21:00:00,Male,22,Bronze,Lazada,Chonburi,120,Lazada,PromptPay,21,4,1,0,20-30,4.0,0.0,0.0,0.0,-1,-1,0.0,0.0,0.0,0.0,0.0,0.0,0,0,0.0,0.0,0,0,0.0,0.0,0,0,0.0,0.0,0,0,0.0,0
LGS2ORD0012359,C012055,2025-04-08 21:00:00,Female,33,Bronze,TV,Bangkok,171,Web,Credit_Card,21,4,1,0,30-40,5.7,1.0,0.0,0.0,-1,1,9991.39,0.03,1.0,0.0,0.0,9991.39,1,0,0.0,9991.39,1,0,0.0,9991.39,1,0,0.0,9991.39,1,0,0.0,0
LGS2ORD0012360,C011777,2025-04-08 21:00:00,Male,25,Bronze,Web,Bangkok,1302,Web,Bank_Transfer,21,4,1,0,20-30,43.4,2.0,0.0,0.0,-1,69,6079.98,0.23,0.5,0.5,0.0,0.0,0,0,0.0,0.0,0,0,0.0,12159.96,2,0,0.0,12159.96,2,0,0.0,1
LGS2ORD0012361,C012046,2025-04-08 21:00:00,Female,48,Gold,Web,Nakhon Ratchasima,520,TV_Show,COD,21,4,1,0,40-50,17.333333333333332,0.0,0.0,0.0,-1,-1,0.0,0.0,0.0,0.0,0.0,0.0,0,0,0.0,0.0,0,0,0.0,0.0,0,0,0.0,0.0,0,0,0.0,0
LGS2ORD0012362,C011289,2025-04-08 21:00:00,Female,37,Silver,Shopee,Remote_Area,820,Lazada,Credit_Card,21,4,1,0,30-40,27.333333333333332,1.0,0.0,0.0,-1,55,1978.01,0.15,1.0,0.0,0.0,0.0,0,0,0.0,0.0,0,0,0.0,1978.01,1,0,0.0,1978.01,1,0,0.0,0
LGS2ORD0012363,C010811,2025-04-08 22:00:00,Male,44,Bronze,TV,Chonburi,880,Shopee,COD,22,4,1,0,40-50,29.333333333333332,0.0,0.0,0.0,-1,-1,0.0,0.0,0.0,0.0,0.0,0.0,0,0,0.0,0.0,0,0,0.0,0.0,0,0,0.0,0.0,0,0,0.0,1
LGS2ORD0012364,C015305,2025-04-08 22:00:00,Female,49,Silver,CallCenter,Bangkok,1474,Web,Credit_Card,22,4,1,0,40-50,49.13333333333333,0.0,0.0,0.0,-1,-1,0.0,0.0,0.0,0.0,0.0,0.0,0,0,0.0,0.0,0,0,0.0,0.0,0,0,0.0,0.0,0,0,0.0,1
LGS2ORD0012365,C013403,2025-04-08 22:00:00,Female,38,Platinum,Web,Bangkok,1118,Lazada,PromptPay,22,4,1,0,30-40,37.266666666666666,2.0,1.0,0.5,83,67,1389.2150000000001,0.35,1.0,1.0,0.0,0.0,0,0,0.0,0.0,0,0,0.0,1524.43,1,0,0.0,2778.4300000000003,2,1,0.5,0
LGS2ORD0012366,C010955,2025-04-08 22:00:00,Female,45,Silver,CallCenter,Phuket,1186,Shopee,Bank_Transfer,22,4,1,0,40-50,39.53333333333333,1.0,1.0,1.0,1,10,1624.34,0.1,0.0,0.0,0.0,0.0,0,0,0.0,1624.34,1,1,1.0,1624.34,1,1,1.0,1624.34,1,1,1.0,0
LGS2ORD0012367,C015998,2025-04-08 22:00:00,Male,28,Bronze,Web,Phuket,1400,Web,COD,22,4,1,0,20-30,46.666666666666664,2.0,1.0,0.5,9,18,2288.125,0.23,0.5,0.5,0.0,0.0,0,0,0.0,3606.45,1,1,1.0,4576.25,2,1,0.5,4576.25,2,1,0.5,0
LGS2ORD0012368,C012375,2025-04-08 23:00:00,Female,29,Gold,Shopee,Bangkok,802,TV_Show,Credit_Card,23,4,1,0,20-30,26.733333333333334,0.0,0.0,0.0,-1,-1,0.0,0.0,0.0,0.0,0.0,0.0,0,0,0.0,0.0,0,0,0.0,0.0,0,0,0.0,0.0,0,0,0.0,0
LGS2ORD0012369,C013839,2025-04-08 23:00:00,Female,61,Bronze,TV,Bangkok,303,Shopee,COD,23,4,1,0,>50,10.1,3.0,1.0,0.3333333333333333,10,23,5458.526666666667,0.13,0.0,0.0,0.0,0.0,0,0,0.0,1367.86,1,1,1.0,7223.86,2,1,0.5,16375.58,3,1,0.3333333333333333,1
LGS2ORD0012370,C016936,2025-04-08 23:00:00,Male,35,Bronze,CallCenter,Chonburi,689,Web,COD,23,4,1,0,30-40,22.966666666666665,3.0,1.0,0.3333333333333333,68,42,5937.14,0.28,0.6666666666666666,0.3333333333333333,0.0,0.0,0,0,0.0,0.0,0,0,0.0,17811.420000000002,3,1,0.3333333333333333,17811.420000000002,3,1,0.3333333333333333,0
LGS2ORD0012371,C011560,2025-04-08 23:00:00,Female,52,Gold,TV,Nakhon Ratchasima,127,Web,COD,23,4,1,0,>50,4.233333333333333,2.0,0.0,0.0,-1,0,6408.22,0.13,0.5,0.0,0.0,6909.14,1,0,0.0,6909.14,1,0,0.0,12816.44,2,0,0.0,12816.44,2,0,0.0,1
LGS2ORD0012372,C011612,2025-04-08 23:00:00,Male,56,Silver,Shopee,Chonburi,1242,Shopee,COD,23,4,1,0,>50,41.4,1.0,0.0,0.0,-1,49,904.64,0.2,1.0,0.0,0.0,0.0,0,0,0.0,0.0,0,0,0.0,904.64,1,0,0.0,904.64,1,0,0.0,0
LGS2ORD0012373,C012550,2025-04-08 23:00:00,Female,41,Bronze,Shopee,Songkhla,1102,TV_Show,COD,23,4,1,0,40-50,36.733333333333334,1.0,0.0,0.0,-1,70,5446.18,0.08,0.0,0.0,0.0,0.0,0,0,0.0,0.0,0,0,0.0,5446.18,1,0,0.0,5446.18,1,0,0.0,1
LGS2ORD0012374,C010468,2025-04-09 00:00:00,Male,44,Bronze,Shopee,Chiang Mai,1374,TV_Show,COD,0,4,2,0,40-50,45.8,3.0,1.0,0.3333333333333333,65,27,9089.036666666667,0.28,1.0,0.6666666666666666,0.0,0.0,0,0,0.0,2311.83,1,0,0.0,27267.11,3,1,0.3333333333333333,27267.11,3,1,0.3333333333333333,0
LGS2ORD0012375,C016458,2025-04-09 00:00:00,Male,48,Bronze,Shopee,Chonburi,1460,TV_Show,COD,0,4,2,0,40-50,48.666666666666664,0.0,0.0,0.0,-1,-1,0.0,0.0,0.0,0.0,0.0,0.0,0,0,0.0,0.0,0,0,0.0,0.0,0,0,0.0,0.0,0,0,0.0,1
LGS2ORD0012376,C014707,2025-04-09 00:00:00,Male,38,Bronze,Web,Khon Kaen,418,Shopee,COD,0,4,2,0,30-40,13.933333333333334,3.0,0.0,0.0,-1,32,2112.5266666666666,0.23,1.0,0.6666666666666666,0.0,0.0,0,0,0.0,0.0,0,0,0.0,4310.9800000000005,2,0,0.0,6337.58,3,0,0.0,1
LGS2ORD0012377,C014890,2025-04-09 00:00:00,Male,45,Silver,TV,Chonburi,858,Lazada,Credit_Card,0,4,2,0,40-50,28.6,0.0,0.0,0.0,-1,-1,0.0,0.0,0.0,0.0,0.0,0.0,0,0,0.0,0.0,0,0,0.0,0.0,0,0,0.0,0.0,0,0,0.0,0
LGS2ORD0012378,C016819,2025-04-09 00:00:00,Female,62,Bronze,TV,Bangkok,267,Web,PromptPay,0,4,2,0,>50,8.9,3.0,1.0,0.3333333333333333,41,48,7573.739999999999,0.23,0.6666666666666666,0.3333333333333333,0.0,0.0,0,0,0.0,0.0,0,0,0.0,22721.219999999998,3,1,0.3333333333333333,22721.219999999998,3,1,0.3333333333333333,0
LGS2ORD0012379,C014524,2025-04-09 01:00:00,Male,36,Silver,Shopee,Chiang Mai,1476,Lazada,PromptPay,1,4,2,0,30-40,49.2,0.0,0.0,0.0,-1,-1,0.0,0.0,0.0,0.0,0.0,0.0,0,0,0.0,0.0,0,0,0.0,0.0,0,0,0.0,0.0,0,0,0.0,0
LGS2ORD0012380,C012179,2025-04-09 01:00:00,Male,36,Silver,Shopee,Bangkok,162,Shopee,PromptPay,1,4,2,0,30-40,5.4,2.0,0.0,0.0,-1,41,6914.44,0.15,0.5,0.0,0.0,0.0,0,0,0.0,0.0,0,0,0.0,13828.88,2,0,0.0,13828.88,2,0,0.0,0
LGS2ORD0012381,C012667,2025-04-09 01:00:00,Female,43,Bronze,Shopee,Phuket,384,Shopee,Credit_Card,1,4,2,0,40-50,12.8,1.0,0.0,0.0,-1,79,1309.42,0.03,1.0,0.0,0.0,0.0,0,0,0.0,0.0,0,0,0.0,1309.42,1,0,0.0,1309.42,1,0,0.0,0
LGS2ORD0012382,C011075,2025-04-09 01:00:00,Male,20,Silver,Lazada,Nakhon Ratchasima,924,CallCenter,PromptPay,1,4,2,0,<20,30.8,2.0,0.0,0.0,-1,53,4945.59,0.2,0.0,0.0,0.0,0.0,0,0,0.0,0.0,0,0,0.0,9891.18,2,0,0.0,9891.18,2,0,0.0,0
LGS2ORD0012383,C017636,2025-04-09 01:00:00,Female,42,Bronze,TV,Nakhon Ratchasima,603,Web,COD,1,4,2,0,40-50,20.1,2.0,0.0,0.0,-1,45,2585.815,0.08,0.5,0.0,0.0,0.0,0,0,0.0,0.0,0,0,0.0,5171.63,2,0,0.0,5171.63,2,0,0.0,0
LGS2ORD0012384,C016560,2025-04-09 02:00:00,Male,71,Bronze,Lazada,Bangkok,1395,Web,COD,2,4,2,0,>50,46.5,3.0,1.0,0.3333333333333333,65,72,7923.170000000001,0.28,0.6666666666666666,0.3333333333333333,0.0,0.0,0,0,0.0,0.0,0,0,0.0,4371.88,2,1,0.5,23769.510000000002,3,1,0.3333333333333333,1
LGS2ORD0012385,C017923,2025-04-09 02:00:00,Female,61,Gold,TV,Nakhon Ratchasima,916,Web,COD,2,4,2,0,>50,30.533333333333335,1.0,0.0,0.0,-1,61,8818.73,0.28,0.0,1.0,0.0,0.0,0,0,0.0,0.0,0,0,0.0,8818.73,1,0,0.0,8818.73,1,0,0.0,0
LGS2ORD0012386,C011279,2025-04-09 02:00:00,Male,43,Silver,TV,Bangkok,544,TV_Show,COD,2,4,2,0,40-50,18.133333333333333,0.0,0.0,0.0,-1,-1,0.0,0.0,0.0,0.0,0.0,0.0,0,0,0.0,0.0,0,0,0.0,0.0,0,0,0.0,0.0,0,0,0.0,0
LGS2ORD0012387,C012045,2025-04-09 02:00:00,Male,28,Bronze,Lazada,Bangkok,826,Lazada,COD,2,4,2,0,20-30,27.533333333333335,1.0,0.0,0.0,-1,95,1475.29,0.13,0.0,0.0,0.0,0.0,0,0,0.0,0.0,0,0,0.0,0.0,0,0,0.0,1475.29,1,0,0.0,0
LGS2ORD0012388,C011802,2025-04-09 02:00:00,Male,29,Silver,CallCenter,Chiang Mai,177,TV_Show,COD,2,4,2,0,20-30,5.9,1.0,0.0,0.0,-1,59,1378.96,0.1,1.0,0.0,0.0,0.0,0,0,0.0,0.0,0,0,0.0,1378.96,1,0,0.0,1378.96,1,0,0.0,1
LGS2ORD0012389,C014179,2025-04-09 03:00:00,Male,18,Silver,Lazada,Songkhla,409,TV_Show,COD,3,4,2,0,<20,13.633333333333333,4.0,0.0,0.0,-1,48,10965.29,0.2,0.25,0.0,0.0,0.0,0,0,0.0,0.0,0,0,0.0,43861.16,4,0,0.0,43861.16,4,0,0.0,1
LGS2ORD0012390,C010816,2025-04-09 03:00:00,Male,68,Silver,Shopee,Bangkok,440,CallCenter,COD,3,4,2,0,>50,14.666666666666666,1.0,1.0,1.0,22,38,3585.41,0.05,0.0,0.0,0.0,0.0,0,0,0.0,0.0,0,0,0.0,3585.41,1,1,1.0,3585.41,1,1,1.0,0
LGS2ORD0012391,C016116,2025-04-09 03:00:00,Male,41,Silver,Web,Bangkok,1055,Web,Credit_Card,3,4,2,0,40-50,35.166666666666664,0.0,0.0,0.0,-1,-1,0.0,0.0,0.0,0.0,0.0,0.0,0,0,0.0,0.0,0,0,0.0,0.0,0,0,0.0,0.0,0,0,0.0,1
LGS2ORD0012392,C016888,2025-04-09 03:00:00,Male,32,Silver,Shopee,Nakhon Ratchasima,736,TV_Show,Credit_Card,3,4,2,0,30-40,24.533333333333335,1.0,0.0,0.0,-1,18,6316.67,0.05,1.0,0.0,0.0,0.0,0,0,0.0,6316.67,1,0,0.0,6316.67,1,0,0.0,6316.67,1,0,0.0,0
LGS2ORD0012393,C012707,2025-04-09 03:00:00,Male,41,Gold,TV,Phuket,212,TV_Show,COD,3,4,2,0,40-50,7.066666666666666,2.0,2.0,1.0,-7,3,1188.34,0.2299999999999999,0.5,0.5,0.0,1880.28,1,1,1.0,1880.28,1,1,1.0,2376.68,2,2,1.0,2376.68,2,2,1.0,1
LGS2ORD0012394,C011662,2025-04-09 03:00:00,Other,37,Bronze,Shopee,Chonburi,326,Web,COD,3,4,2,0,30-40,10.866666666666667,2.0,1.0,0.5,-5,6,9336.289999999999,0.08,1.0,0.0,0.0,1791.14,1,1,1.0,18672.579999999998,2,1,0.5,18672.579999999998,2,1,0.5,18672.579999999998,2,1,0.5,0
LGS2ORD0012395,C010179,2025-04-09 04:00:00,Female,33,Bronze,TV,Khon Kaen,561,Shopee,COD,4,4,2,0,30-40,18.7,1.0,0.0,0.0,-1,74,2551.02,0.13,0.0,0.0,0.0,0.0,0,0,0.0,0.0,0,0,0.0,2551.02,1,0,0.0,2551.02,1,0,0.0,1
LGS2ORD0012396,C015323,2025-04-09 04:00:00,Female,40,Bronze,TV,Songkhla,970,Lazada,COD,4,4,2,0,30-40,32.333333333333336,2.0,1.0,0.5,45,52,5256.455,0.28,0.5,1.0,0.0,0.0,0,0,0.0,0.0,0,0,0.0,10512.91,2,1,0.5,10512.91,2,1,0.5,1
LGS2ORD0012397,C012800,2025-04-09 04:00:00,Female,36,Bronze,Web,Remote_Area,535,Shopee,PromptPay,4,4,2,0,30-40,17.833333333333332,0.0,0.0,0.0,-1,-1,0.0,0.0,0.0,0.0,0.0,0.0,0,0,0.0,0.0,0,0,0.0,0.0,0,0,0.0,0.0,0,0,0.0,0
LGS2ORD0012398,C010611,2025-04-09 04:00:00,Female,72,Bronze,Shopee,Songkhla,1286,Web,PromptPay,4,4,2,0,>50,42.86666666666667,3.0,1.0,0.3333333333333333,8,17,4645.333333333333,0.13,0.3333333333333333,0.0,0.0,0.0,0,0,0.0,989.85,1,1,1.0,13936.0,3,1,0.3333333333333333,13936.0,3,1,0.3333333333333333,0
LGS2ORD0012399,C010302,2025-04-09 04:00:00,Female,35,Bronze,Shopee,Remote_Area,1322,TV_Show,Credit_Card,4,4,2,0,30-40,44.06666666666667,3.0,1.0,0.3333333333333333,35,15,2233.8366666666666,0.23,0.3333333333333333,0.3333333333333333,0.0,0.0,0,0,0.0,672.42,1,0,0.0,6701.51,3,1,0.3333333333333333,6701.51,3,1,0.3333333333333333,0
LGS2ORD0012400,C014386,2025-04-09 05:00:00,Male,64,Bronze,TV,Chiang Mai,890,TV_Show,COD,5,4,2,0,>50,29.666666666666668,2.0,0.0,0.0,-1,14,8524.785,0.13,0.5,0.0,0.0,0.0,0,0,0.0,11205.72,1,0,0.0,17049.57,2,0,0.0,17049.57,2,0,0.0,0
LGS2ORD0012401,C011986,2025-04-09 05:00:00,Male,26,Gold,TV,Bangkok,1079,TV_Show,COD,5,4,2,0,20-30,35.96666666666667,0.0,0.0,0.0,-1,-1,0.0,0.0,0.0,0.0,0.0,0.0,0,0,0.0,0.0,0,0,0.0,0.0,0,0,0.0,0.0,0,0,0.0,0
LGS2ORD0012402,C015902,2025-04-09 05:00:00,Male,37,Bronze,Web,Nakhon Ratchasima,117,Lazada,COD,5,4,2,0,30-40,3.9,2.0,0.0,0.0,-1,22,1565.9299999999998,0.13,1.0,0.0,0.0,0.0,0,0,0.0,3131.8599999999997,2,0,0.0,3131.8599999999997,2,0,0.0,3131.8599999999997,2,0,0.0,0
LGS2ORD0012403,C011824,2025-04-09 05:00:00,Male,44,Bronze,Shopee,Nakhon Ratchasima,1388,Lazada,COD,5,4,2,0,40-50,46.266666666666666,3.0,2.0,0.6666666666666666,26,3,5394.72,0.28,0.3333333333333333,0.6666666666666666,0.0,10168.61,1,0,0.0,10168.61,1,0,0.0,16184.16,3,2,0.6666666666666666,16184.16,3,2,0.6666666666666666,0
LGS2ORD0012404,C011726,2025-04-09 05:00:00,Male,32,Bronze,Shopee,Khon Kaen,281,Shopee,COD,5,4,2,0,30-40,9.366666666666667,0.0,0.0,0.0,-1,-1,0.0,0.0,0.0,0.0,0.0,0.0,0,0,0.0,0.0,0,0,0.0,0.0,0,0,0.0,0.0,0,0,0.0,0
LGS2ORD0012405,C010448,2025-04-09 06:00:00,Male,27,Bronze,TV,Bangkok,832,TV_Show,COD,6,4,2,0,20-30,27.733333333333334,1.0,0.0,0.0,-1,60,2013.79,0.18,1.0,0.0,0.0,0.0,0,0,0.0,0.0,0,0,0.0,2013.79,1,0,0.0,2013.79,1,0,0.0,0
LGS2ORD0012406,C012917,2025-04-09 06:00:00,Female,54,Gold,Lazada,Chiang Mai,613,Lazada,Credit_Card,6,4,2,0,>50,20.433333333333334,2.0,0.0,0.0,-1,62,4580.905000000001,0.18,0.0,0.0,0.0,0.0,0,0,0.0,0.0,0,0,0.0,9161.810000000001,2,0,0.0,9161.810000000001,2,0,0.0,0
LGS2ORD0012407,C016341,2025-04-09 06:00:00,Other,36,Bronze,Web,Phuket,258,Shopee,COD,6,4,2,0,30-40,8.6,4.0,3.0,0.75,-1,3,4780.26,0.23,0.75,0.25,0.0,1880.21,1,1,1.0,15965.02,3,3,1.0,19121.04,4,3,0.75,19121.04,4,3,0.75,0
LGS2ORD0012408,C011656,2025-04-09 06:00:00,Female,52,Bronze,Shopee,Remote_Area,1108,Shopee,COD,6,4,2,0,>50,36.93333333333333,0.0,0.0,0.0,-1,-1,0.0,0.0,0.0,0.0,0.0,0.0,0,0,0.0,0.0,0,0,0.0,0.0,0,0,0.0,0.0,0,0,0.0,0
LGS2ORD0012409,C016152,2025-04-09 06:00:00,Male,44,Bronze,Web,Bangkok,280,TV_Show,Bank_Transfer,6,4,2,0,40-50,9.333333333333334,0.0,0.0,0.0,-1,-1,0.0,0.0,0.0,0.0,0.0,0.0,0,0,0.0,0.0,0,0,0.0,0.0,0,0,0.0,0.0,0,0,0.0,0
LGS2ORD0012410,C010563,2025-04-09 07:00:00,Female,37,Gold,Web,Chonburi,836,Web,COD,7,4,2,0,30-40,27.866666666666667,0.0,0.0,0.0,-1,-1,0.0,0.0,0.0,0.0,0.0,0.0,0,0,0.0,0.0,0,0,0.0,0.0,0,0,0.0,0.0,0,0,0.0,1
LGS2ORD0012411,C012820,2025-04-09 07:00:00,Female,49,Silver,TV,Remote_Area,1542,Web,COD,7,4,2,0,40-50,51.4,2.0,1.0,0.5,3,18,3422.4900000000002,0.2,0.0,0.0,0.0,0.0,0,0,0.0,6844.9800000000005,2,1,0.5,6844.9800000000005,2,1,0.5,6844.9800000000005,2,1,0.5,1
LGS2ORD0012412,C010272,2025-04-09 07:00:00,Female,34,Gold,TV,Songkhla,1098,Web,Bank_Transfer,7,4,2,0,30-40,36.6,2.0,0.0,0.0,-1,0,6200.209999999999,0.18,0.0,0.0,0.0,1983.29,1,0,0.0,12400.419999999998,2,0,0.0,12400.419999999998,2,0,0.0,12400.419999999998,2,0,0.0,0
LGS2ORD0012413,C016427,2025-04-09 07:00:00,Female,45,Bronze,TV,Remote_Area,1275,Shopee,Credit_Card,7,4,2,0,40-50,42.5,2.0,1.0,0.5,83,56,4560.33,0.18,0.5,0.0,0.0,0.0,0,0,0.0,0.0,0,0,0.0,9120.66,2,1,0.5,9120.66,2,1,0.5,0
LGS2ORD0012414,C017183,2025-04-09 07:00:00,Male,53,Bronze,Web,Chiang Mai,971,TV_Show,Credit_Card,7,4,2,0,>50,32.36666666666667,0.0,0.0,0.0,-1,-1,0.0,0.0,0.0,0.0,0.0,0.0,0,0,0.0,0.0,0,0,0.0,0.0,0,0,0.0,0.0,0,0,0.0,1
LGS2ORD0012415,C015728,2025-04-09 07:00:00,Female,33,Bronze,CallCenter,Remote_Area,276,Shopee,COD,7,4,2,0,30-40,9.2,3.0,1.0,0.3333333333333333,59,11,6422.463333333333,0.28,0.3333333333333333,0.6666666666666666,0.0,0.0,0,0,0.0,7228.4,1,0,0.0,19267.39,3,1,0.3333333333333333,19267.39,3,1,0.3333333333333333,0
LGS2ORD0012416,C017516,2025-04-09 08:00:00,Male,60,Gold,TV,Bangkok,600,CallCenter,COD,8,4,2,0,>50,20.0,4.0,0.0,0.0,-1,3,4395.24,0.2299999999999999,0.75,0.25,0.0,8566.36,1,0,0.0,9482.550000000001,2,0,0.0,17580.96,4,0,0.0,17580.96,4,0,0.0,0
LGS2ORD0012417,C016211,2025-04-09 08:00:00,Female,43,Bronze,Web,Bangkok,759,CallCenter,COD,8,4,2,0,40-50,25.3,2.0,0.0,0.0,-1,40,8932.655,0.18,0.5,0.0,0.0,0.0,0,0,0.0,0.0,0,0,0.0,2183.04,1,0,0.0,17865.31,2,0,0.0,0
LGS2ORD0012418,C012502,2025-04-09 08:00:00,Male,57,Bronze,CallCenter,Bangkok,1069,TV_Show,Credit_Card,8,4,2,0,>50,35.63333333333333,1.0,0.0,0.0,-1,28,1314.21,0.18,1.0,0.0,0.0,0.0,0,0,0.0,1314.21,1,0,0.0,1314.21,1,0,0.0,1314.21,1,0,0.0,0
LGS2ORD0012419,C015486,2025-04-09 08:00:00,Female,21,Bronze,Shopee,Khon Kaen,1151,TV_Show,COD,8,4,2,0,20-30,38.36666666666667,2.0,1.0,0.5,74,36,2443.13,0.18,0.5,0.0,0.0,0.0,0,0,0.0,0.0,0,0,0.0,4886.26,2,1,0.5,4886.26,2,1,0.5,1
LGS2ORD0012420,C012838,2025-04-09 08:00:00,Female,40,Silver,TV,Bangkok,178,CallCenter,Bank_Transfer,8,4,2,0,30-40,5.933333333333334,2.0,0.0,0.0,-1,23,2380.5299999999997,0.25,0.5,0.5,0.0,0.0,0,0,0.0,2502.86,1,0,0.0,4761.0599999999995,2,0,0.0,4761.0599999999995,2,0,0.0,1
LGS2ORD0012421,C011477,2025-04-09 09:00:00,Other,47,Bronze,Lazada,Remote_Area,1490,Lazada,COD,9,4,2,0,40-50,49.666666666666664,5.0,3.0,0.6,5,18,4094.62,0.23,0.6,0.2,0.0,0.0,0,0,0.0,14170.62,2,1,0.5,15453.5,4,2,0.5,20473.1,5,3,0.6,1
LGS2ORD0012422,C014719,2025-04-09 09:00:00,Female,56,Bronze,Shopee,Chonburi,848,Web,COD,9,4,2,0,>50,28.266666666666666,3.0,1.0,0.3333333333333333,84,29,4145.776666666668,0.13,0.3333333333333333,0.0,0.0,0.0,0,0,0.0,8597.37,1,0,0.0,9947.91,2,0,0.0,12437.330000000002,3,1,0.3333333333333333,0
LGS2ORD0012423,C017744,2025-04-09 09:00:00,Female,46,Gold,Lazada,Bangkok,1318,Web,COD,9,4,2,0,40-50,43.93333333333333,1.0,0.0,0.0,-1,8,3576.74,0.08,0.0,0.0,0.0,0.0,0,0,0.0,3576.74,1,0,0.0,3576.74,1,0,0.0,3576.74,1,0,0.0,0
LGS2ORD0012424,C014432,2025-04-09 09:00:00,Female,45,Gold,TV,Bangkok,1048,CallCenter,Credit_Card,9,4,2,0,40-50,34.93333333333333,1.0,1.0,1.0,12,26,1594.22,0.2299999999999999,0.0,1.0,0.0,0.0,0,0,0.0,1594.22,1,1,1.0,1594.22,1,1,1.0,1594.22,1,1,1.0,0
LGS2ORD0012425,C017713,2025-04-09 09:00:00,Female,47,Silver,Shopee,Songkhla,320,Web,COD,9,4,2,0,40-50,10.666666666666666,1.0,1.0,1.0,43,56,1233.56,0.05,1.0,0.0,0.0,0.0,0,0,0.0,0.0,0,0,0.0,1233.56,1,1,1.0,1233.56,1,1,1.0,1
LGS2ORD0012426,C011960,2025-04-09 10:00:00,Male,18,Bronze,Shopee,Chiang Mai,619,Shopee,Credit_Card,10,4,2,0,<20,20.633333333333333,2.0,1.0,0.5,85,72,11941.150000000001,0.23,0.5,0.5,0.0,0.0,0,0,0.0,0.0,0,0,0.0,15154.76,1,0,0.0,23882.300000000003,2,1,0.5,0
LGS2ORD0012427,C010090,2025-04-09 10:00:00,Female,47,Silver,TV,Songkhla,756,Web,COD,10,4,2,0,40-50,25.2,1.0,0.0,0.0,-1,83,1704.4,0.05,1.0,0.0,0.0,0.0,0,0,0.0,0.0,0,0,0.0,1704.4,1,0,0.0,1704.4,1,0,0.0,1
LGS2ORD0012428,C017502,2025-04-09 10:00:00,Female,35,Gold,TV,Bangkok,1330,Shopee,COD,10,4,2,0,30-40,44.333333333333336,2.0,0.0,0.0,-1,2,1637.7849999999999,0.18,0.5,0.0,0.0,399.91,1,0,0.0,399.91,1,0,0.0,3275.5699999999997,2,0,0.0,3275.5699999999997,2,0,0.0,0
LGS2ORD0012429,C013099,2025-04-09 10:00:00,Male,23,Silver,Web,Khon Kaen,652,Shopee,Credit_Card,10,4,2,0,20-30,21.733333333333334,1.0,0.0,0.0,-1,52,1399.11,0.05,1.0,0.0,0.0,0.0,0,0,0.0,0.0,0,0,0.0,1399.11,1,0,0.0,1399.11,1,0,0.0,0
LGS2ORD0012430,C016145,2025-04-09 10:00:00,Female,44,Silver,Shopee,Chonburi,545,Web,PromptPay,10,4,2,0,40-50,18.166666666666668,1.0,1.0,1.0,37,48,1058.05,0.2,0.0,0.0,0.0,0.0,0,0,0.0,0.0,0,0,0.0,1058.05,1,1,1.0,1058.05,1,1,1.0,0
LGS2ORD0012431,C013003,2025-04-09 10:00:00,Female,42,Bronze,Lazada,Chiang Mai,876,CallCenter,Credit_Card,10,4,2,0,40-50,29.2,4.0,0.0,0.0,-1,49,1864.665,0.18,0.0,0.0,0.0,0.0,0,0,0.0,0.0,0,0,0.0,7458.66,4,0,0.0,7458.66,4,0,0.0,0
LGS2ORD0012432,C012682,2025-04-09 11:00:00,Male,31,Silver,Web,Chonburi,153,Lazada,COD,11,4,2,0,30-40,5.1,1.0,0.0,0.0,-1,60,6452.11,0.15,1.0,0.0,0.0,0.0,0,0,0.0,0.0,0,0,0.0,6452.11,1,0,0.0,6452.11,1,0,0.0,1
LGS2ORD0012433,C017687,2025-04-09 11:00:00,Male,47,Silver,CallCenter,Chonburi,290,CallCenter,Credit_Card,11,4,2,0,40-50,9.666666666666666,5.0,2.0,0.4,45,9,8843.822,0.25,0.4,0.4,0.0,0.0,0,0,0.0,17904.56,1,0,0.0,44219.11,5,2,0.4,44219.11,5,2,0.4,0
LGS2ORD0012434,C017912,2025-04-09 11:00:00,Male,53,Gold,CallCenter,Bangkok,311,Shopee,COD,11,4,2,0,>50,10.366666666666667,2.0,0.0,0.0,-1,2,4600.905,0.28,0.5,1.0,0.0,3940.7,1,0,0.0,3940.7,1,0,0.0,9201.81,2,0,0.0,9201.81,2,0,0.0,1
LGS2ORD0012435,C010644,2025-04-09 11:00:00,Male,55,Bronze,Lazada,Bangkok,730,Shopee,COD,11,4,2,0,>50,24.333333333333332,4.0,1.0,0.25,73,22,7237.610000000001,0.13,0.25,0.0,0.0,0.0,0,0,0.0,5887.1,1,0,0.0,26470.86,3,1,0.3333333333333333,28950.440000000002,4,1,0.25,0
LGS2ORD0012436,C013864,2025-04-09 11:00:00,Male,27,Gold,Web,Phuket,208,Lazada,Credit_Card,11,4,2,0,20-30,6.933333333333334,6.0,3.0,0.5,-8,5,7327.0,0.28,0.6666666666666666,0.5,0.0,8336.5,1,1,1.0,11699.0,3,1,0.3333333333333333,16449.28,5,2,0.4,43962.0,6,3,0.5,0
LGS2ORD0012437,C013014,2025-04-09 12:00:00,Female,54,Bronze,TV,Songkhla,141,TV_Show,Credit_Card,12,4,2,0,>50,4.7,0.0,0.0,0.0,-1,-1,0.0,0.0,0.0,0.0,0.0,0.0,0,0,0.0,0.0,0,0,0.0,0.0,0,0,0.0,0.0,0,0,0.0,1
LGS2ORD0012438,C017929,2025-04-09 12:00:00,Female,64,Bronze,TV,Chonburi,1039,CallCenter,COD,12,4,2,0,>50,34.63333333333333,3.0,1.0,0.3333333333333333,18,24,7541.843333333333,0.28,0.6666666666666666,0.3333333333333333,0.0,0.0,0,0,0.0,13568.88,1,1,1.0,22625.53,3,1,0.3333333333333333,22625.53,3,1,0.3333333333333333,0
LGS2ORD0012439,C017335,2025-04-09 12:00:00,Female,22,Bronze,Shopee,Chonburi,1281,CallCenter,COD,12,4,2,0,20-30,42.7,1.0,0.0,0.0,-1,61,656.65,0.08,0.0,0.0,0.0,0.0,0,0,0.0,0.0,0,0,0.0,656.65,1,0,0.0,656.65,1,0,0.0,1
LGS2ORD0012440,C017227,2025-04-09 12:00:00,Male,47,Platinum,Shopee,Bangkok,253,CallCenter,COD,12,4,2,0,40-50,8.433333333333334,2.0,0.0,0.0,-1,10,1146.91,0.35,0.5,1.0,0.0,0.0,0,0,0.0,1309.68,1,0,0.0,2293.82,2,0,0.0,2293.82,2,0,0.0,0
LGS2ORD0012441,C017837,2025-04-09 12:00:00,Female,55,Platinum,TV,Songkhla,460,Lazada,COD,12,4,2,0,>50,15.333333333333334,1.0,0.0,0.0,-1,16,127.12,0.35,0.0,1.0,0.0,0.0,0,0,0.0,127.12,1,0,0.0,127.12,1,0,0.0,127.12,1,0,0.0,0
LGS2ORD0012442,C016134,2025-04-09 13:00:00,Male,37,Silver,Web,Khon Kaen,209,Lazada,Credit_Card,13,4,2,0,30-40,6.966666666666667,1.0,0.0,0.0,-1,43,688.9,0.2,0.0,0.0,0.0,0.0,0,0,0.0,0.0,0,0,0.0,688.9,1,0,0.0,688.9,1,0,0.0,0
LGS2ORD0012443,C014597,2025-04-09 13:00:00,Female,32,Bronze,CallCenter,Bangkok,983,TV_Show,PromptPay,13,4,2,0,30-40,32.766666666666666,3.0,0.0,0.0,-1,16,5937.84,0.28,0.0,0.3333333333333333,0.0,0.0,0,0,0.0,14239.21,2,0,0.0,17813.52,3,0,0.0,17813.52,3,0,0.0,1
LGS2ORD0012444,C010872,2025-04-09 13:00:00,Male,23,Gold,Web,Chonburi,485,Lazada,Credit_Card,13,4,2,0,20-30,16.166666666666668,3.0,0.0,0.0,-1,44,5913.920000000001,0.28,0.3333333333333333,0.3333333333333333,0.0,0.0,0,0,0.0,0.0,0,0,0.0,17741.760000000002,3,0,0.0,17741.760000000002,3,0,0.0,0
LGS2ORD0012445,C016905,2025-04-09 13:00:00,Female,28,Bronze,CallCenter,Bangkok,775,Lazada,PromptPay,13,4,2,0,20-30,25.833333333333332,2.0,1.0,0.5,5,9,9486.115,0.08,0.5,0.0,0.0,0.0,0,0,0.0,16785.68,1,1,1.0,18972.23,2,1,0.5,18972.23,2,1,0.5,0
LGS2ORD0012446,C011372,2025-04-09 13:00:00,Male,72,Bronze,TV,Chiang Mai,173,Shopee,PromptPay,13,4,2,0,>50,5.766666666666667,2.0,1.0,0.5,69,43,1721.4850000000001,0.28,0.5,1.0,0.0,0.0,0,0,0.0,0.0,0,0,0.0,3442.9700000000003,2,1,0.5,3442.9700000000003,2,1,0.5,0
LGS2ORD0012447,C017930,2025-04-09 14:00:00,Other,67,Bronze,TV,Khon Kaen,1365,TV_Show,COD,14,4,2,0,>50,45.5,0.0,0.0,0.0,-1,-1,0.0,0.0,0.0,0.0,0.0,0.0,0,0,0.0,0.0,0,0,0.0,0.0,0,0,0.0,0.0,0,0,0.0,1
LGS2ORD0012448,C015977,2025-04-09 14:00:00,Male,19,Platinum,TV,Bangkok,222,TV_Show,COD,14,4,2,0,<20,7.4,0.0,0.0,0.0,-1,-1,0.0,0.0,0.0,0.0,0.0,0.0,0,0,0.0,0.0,0,0,0.0,0.0,0,0,0.0,0.0,0,0,0.0,0
LGS2ORD0012449,C016060,2025-04-09 14:00:00,Male,52,Bronze,Shopee,Chiang Mai,350,TV_Show,Credit_Card,14,4,2,0,>50,11.666666666666666,0.0,0.0,0.0,-1,-1,0.0,0.0,0.0,0.0,0.0,0.0,0,0,0.0,0.0,0,0,0.0,0.0,0,0,0.0,0.0,0,0,0.0,0
LGS2ORD0012450,C011886,2025-04-09 14:00:00,Male,56,Bronze,Lazada,Khon Kaen,849,CallCenter,PromptPay,14,4,2,0,>50,28.3,2.0,0.0,0.0,-1,87,4004.21,0.13,0.5,0.0,0.0,0.0,0,0,0.0,0.0,0,0,0.0,8008.42,2,0,0.0,8008.42,2,0,0.0,1
LGS2ORD0012451,C012289,2025-04-09 14:00:00,Male,45,Bronze,TV,Songkhla,1280,TV_Show,COD,14,4,2,0,40-50,42.666666666666664,2.0,1.0,0.5,89,25,1464.475,0.08,0.5,0.0,0.0,0.0,0,0,0.0,913.01,1,0,0.0,913.01,1,0,0.0,2928.95,2,1,0.5,1
LGS2ORD0012452,C014030,2025-04-09 14:00:00,Female,62,Bronze,TV,Khon Kaen,558,Shopee,COD,14,4,2,0,>50,18.6,1.0,0.0,0.0,-1,68,7119.92,0.13,1.0,0.0,0.0,0.0,0,0,0.0,0.0,0,0,0.0,7119.92,1,0,0.0,7119.92,1,0,0.0,0
LGS2ORD0012453,C014146,2025-04-09 15:00:00,Female,37,Bronze,Lazada,Khon Kaen,856,Lazada,COD,15,4,2,0,30-40,28.533333333333335,4.0,0.0,0.0,-1,11,3983.6875000000005,0.28,0.75,0.25,0.0,0.0,0,0,0.0,6190.8099999999995,3,0,0.0,6190.8099999999995,3,0,0.0,15934.750000000002,4,0,0.0,0
LGS2ORD0012454,C015212,2025-04-09 15:00:00,Female,53,Bronze,Lazada,Khon Kaen,365,Lazada,COD,15,4,2,0,>50,12.166666666666666,1.0,0.0,0.0,-1,2,4659.11,0.28,1.0,1.0,0.0,4659.11,1,0,0.0,4659.11,1,0,0.0,4659.11,1,0,0.0,4659.11,1,0,0.0,0
LGS2ORD0012455,C010812,2025-04-09 15:00:00,Female,49,Bronze,Lazada,Bangkok,685,Web,COD,15,4,2,0,40-50,22.833333333333332,0.0,0.0,0.0,-1,-1,0.0,0.0,0.0,0.0,0.0,0.0,0,0,0.0,0.0,0,0,0.0,0.0,0,0,0.0,0.0,0,0,0.0,0
LGS2ORD0012456,C013306,2025-04-09 15:00:00,Female,18,Silver,Lazada,Songkhla,410,CallCenter,Credit_Card,15,4,2,0,<20,13.666666666666666,1.0,0.0,0.0,-1,10,387.07,0.05,0.0,0.0,0.0,0.0,0,0,0.0,387.07,1,0,0.0,387.07,1,0,0.0,387.07,1,0,0.0,0
LGS2ORD0012457,C014251,2025-04-09 15:00:00,Female,48,Gold,TV,Bangkok,1478,TV_Show,PromptPay,15,4,2,0,40-50,49.266666666666666,2.0,0.0,0.0,-1,42,11301.35,0.28,1.0,0.5,0.0,0.0,0,0,0.0,0.0,0,0,0.0,22602.7,2,0,0.0,22602.7,2,0,0.0,0
LGS2ORD0012458,C014831,2025-04-09 16:00:00,Female,38,Bronze,Shopee,Remote_Area,663,CallCenter,COD,16,4,2,0,30-40,22.1,3.0,2.0,0.6666666666666666,44,12,1841.3266666666666,0.08,0.3333333333333333,0.0,0.0,0.0,0,0,0.0,1074.98,1,0,0.0,5523.98,3,2,0.6666666666666666,5523.98,3,2,0.6666666666666666,1
LGS2ORD0012459,C014151,2025-04-09 16:00:00,Female,53,Bronze,TV,Phuket,180,Lazada,COD,16,4,2,0,>50,6.0,3.0,1.0,0.3333333333333333,3,15,4656.793333333333,0.18,1.0,0.0,0.0,0.0,0,0,0.0,1633.91,1,1,1.0,13970.38,3,1,0.3333333333333333,13970.38,3,1,0.3333333333333333,1
LGS2ORD0012460,C014168,2025-04-09 16:00:00,Female,38,Silver,Web,Khon Kaen,1273,CallCenter,COD,16,4,2,0,30-40,42.43333333333333,0.0,0.0,0.0,-1,-1,0.0,0.0,0.0,0.0,0.0,0.0,0,0,0.0,0.0,0,0,0.0,0.0,0,0,0.0,0.0,0,0,0.0,1
LGS2ORD0012461,C010392,2025-04-09 16:00:00,Female,46,Bronze,Shopee,Bangkok,455,Shopee,Bank_Transfer,16,4,2,0,40-50,15.166666666666666,1.0,0.0,0.0,-1,58,4420.77,0.03,1.0,0.0,0.0,0.0,0,0,0.0,0.0,0,0,0.0,4420.77,1,0,0.0,4420.77,1,0,0.0,0
LGS2ORD0012462,C010211,2025-04-09 16:00:00,Male,29,Bronze,Web,Nakhon Ratchasima,229,TV_Show,Credit_Card,16,4,2,0,20-30,7.633333333333334,1.0,0.0,0.0,-1,10,985.34,0.13,0.0,0.0,0.0,0.0,0,0,0.0,985.34,1,0,0.0,985.34,1,0,0.0,985.34,1,0,0.0,1
LGS2ORD0012463,C017539,2025-04-09 17:00:00,Male,37,Gold,Web,Chiang Mai,1305,Shopee,Credit_Card,17,4,2,0,30-40,43.5,0.0,0.0,0.0,-1,-1,0.0,0.0,0.0,0.0,0.0,0.0,0,0,0.0,0.0,0,0,0.0,0.0,0,0,0.0,0.0,0,0,0.0,0
LGS2ORD0012464,C015231,2025-04-09 17:00:00,Female,55,Bronze,TV,Nakhon Ratchasima,718,CallCenter,Credit_Card,17,4,2,0,>50,23.933333333333334,2.0,0.0,0.0,-1,27,8849.48,0.08,0.5,0.0,0.0,0.0,0,0,0.0,17698.96,2,0,0.0,17698.96,2,0,0.0,17698.96,2,0,0.0,0
LGS2ORD0012465,C011027,2025-04-09 17:00:00,Female,46,Bronze,CallCenter,Phuket,945,Lazada,Credit_Card,17,4,2,0,40-50,31.5,1.0,1.0,1.0,5,18,3944.96,0.03,0.0,0.0,0.0,0.0,0,0,0.0,3944.96,1,1,1.0,3944.96,1,1,1.0,3944.96,1,1,1.0,0
LGS2ORD0012466,C015793,2025-04-09 17:00:00,Male,51,Gold,TV,Chiang Mai,988,Lazada,Credit_Card,17,4,2,0,>50,32.93333333333333,1.0,0.0,0.0,-1,42,3919.23,0.2299999999999999,0.0,1.0,0.0,0.0,0,0,0.0,0.0,0,0,0.0,3919.23,1,0,0.0,3919.23,1,0,0.0,1
LGS2ORD0012467,C012131,2025-04-09 17:00:00,Male,53,Bronze,Lazada,Remote_Area,1479,Web,COD,17,4,2,0,>50,49.3,2.0,1.0,0.5,50,60,3634.46,0.18,0.5,0.0,0.0,0.0,0,0,0.0,0.0,0,0,0.0,7268.92,2,1,0.5,7268.92,2,1,0.5,1
LGS2ORD0012468,C013267,2025-04-09 18:00:00,Female,34,Silver,Shopee,Remote_Area,343,TV_Show,COD,18,4,2,0,30-40,11.433333333333334,3.0,1.0,0.3333333333333333,45,2,8200.633333333333,0.2,1.0,0.0,0.0,2584.86,1,0,0.0,2584.86,1,0,0.0,24601.9,3,1,0.3333333333333333,24601.9,3,1,0.3333333333333333,1
LGS2ORD0012469,C014165,2025-04-09 18:00:00,Other,47,Silver,TV,Khon Kaen,890,TV_Show,Credit_Card,18,4,2,0,40-50,29.666666666666668,2.0,0.0,0.0,-1,78,1991.515,0.3,0.5,0.5,0.0,0.0,0,0,0.0,0.0,0,0,0.0,3039.34,1,0,0.0,3983.03,2,0,0.0,0
LGS2ORD0012470,C016413,2025-04-09 18:00:00,Female,66,Bronze,Web,Bangkok,342,Shopee,COD,18,4,2,0,>50,11.4,2.0,0.0,0.0,-1,38,4365.12,0.18,0.5,0.0,0.0,0.0,0,0,0.0,0.0,0,0,0.0,8730.24,2,0,0.0,8730.24,2,0,0.0,1
LGS2ORD0012471,C015722,2025-04-09 18:00:00,Female,44,Gold,Lazada,Phuket,1232,Web,Bank_Transfer,18,4,2,0,40-50,41.06666666666667,1.0,1.0,1.0,63,68,2571.53,0.13,1.0,0.0,0.0,0.0,0,0,0.0,0.0,0,0,0.0,2571.53,1,1,1.0,2571.53,1,1,1.0,0
LGS2ORD0012472,C013880,2025-04-09 18:00:00,Female,47,Silver,TV,Chonburi,1366,Lazada,COD,18,4,2,0,40-50,45.53333333333333,1.0,0.0,0.0,-1,4,8637.57,0.25,1.0,1.0,0.0,8637.57,1,0,0.0,8637.57,1,0,0.0,8637.57,1,0,0.0,8637.57,1,0,0.0,0
LGS2ORD0012473,C016325,2025-04-09 18:00:00,Female,52,Bronze,TV,Remote_Area,1201,Web,PromptPay,18,4,2,0,>50,40.03333333333333,2.0,2.0,1.0,44,55,5238.02,0.23,0.5,0.5,0.0,0.0,0,0,0.0,0.0,0,0,0.0,10476.04,2,2,1.0,10476.04,2,2,1.0,0
LGS2ORD0012474,C017666,2025-04-09 19:00:00,Male,72,Gold,Web,Bangkok,368,Web,Bank_Transfer,19,4,2,0,>50,12.266666666666667,1.0,1.0,1.0,79,84,2116.84,0.33,0.0,1.0,0.0,0.0,0,0,0.0,0.0,0,0,0.0,2116.84,1,1,1.0,2116.84,1,1,1.0,0
LGS2ORD0012475,C014008,2025-04-09 19:00:00,Male,54,Bronze,Lazada,Remote_Area,479,CallCenter,COD,19,4,2,0,>50,15.966666666666667,1.0,0.0,0.0,-1,30,2530.66,0.13,0.0,0.0,0.0,0.0,0,0,0.0,0.0,0,0,0.0,2530.66,1,0,0.0,2530.66,1,0,0.0,0
LGS2ORD0012476,C016395,2025-04-09 19:00:00,Male,45,Bronze,Shopee,Nakhon Ratchasima,994,CallCenter,Credit_Card,19,4,2,0,40-50,33.13333333333333,2.0,1.0,0.5,23,31,4743.99,0.23,1.0,1.0,0.0,0.0,0,0,0.0,0.0,0,0,0.0,9487.98,2,1,0.5,9487.98,2,1,0.5,0
LGS2ORD0012477,C015558,2025-04-09 19:00:00,Female,43,Gold,TV,Bangkok,166,CallCenter,Credit_Card,19,4,2,0,40-50,5.533333333333333,2.0,0.0,0.0,-1,2,1400.24,0.33,0.5,0.5,0.0,1506.64,1,0,0.0,1506.64,1,0,0.0,2800.48,2,0,0.0,2800.48,2,0,0.0,1
LGS2ORD0012478,C011838,2025-04-09 19:00:00,Male,32,Silver,Web,Remote_Area,1324,Shopee,COD,19,4,2,0,30-40,44.13333333333333,2.0,1.0,0.5,13,21,4514.3,0.3,1.0,1.0,0.0,0.0,0,0,0.0,9028.6,2,1,0.5,9028.6,2,1,0.5,9028.6,2,1,0.5,0
LGS2ORD0012479,C013823,2025-04-09 20:00:00,Female,43,Bronze,TV,Chiang Mai,388,Lazada,PromptPay,20,4,2,0,40-50,12.933333333333334,3.0,1.0,0.3333333333333333,75,44,3739.9266666666667,0.23,0.3333333333333333,0.6666666666666666,0.0,0.0,0,0,0.0,0.0,0,0,0.0,11219.78,3,1,0.3333333333333333,11219.78,3,1,0.3333333333333333,0
LGS2ORD0012480,C014332,2025-04-09 20:00:00,Female,36,Bronze,Web,Remote_Area,1002,TV_Show,COD,20,4,2,0,30-40,33.4,4.0,1.0,0.25,16,25,8674.22,0.28,0.5,0.25,0.0,0.0,0,0,0.0,1673.43,1,1,1.0,19888.81,2,1,0.5,34696.88,4,1,0.25,0
LGS2ORD0012481,C012212,2025-04-09 20:00:00,Male,35,Silver,Web,Chiang Mai,1036,Lazada,COD,20,4,2,0,30-40,34.53333333333333,2.0,0.0,0.0,-1,20,10298.474999999999,0.2,1.0,0.0,0.0,0.0,0,0,0.0,7645.4,1,0,0.0,20596.949999999997,2,0,0.0,20596.949999999997,2,0,0.0,0
LGS2ORD0012482,C016543,2025-04-09 20:00:00,Female,63,Silver,Lazada,Bangkok,280,TV_Show,PromptPay,20,4,2,0,>50,9.333333333333334,2.0,1.0,0.5,6,13,650.735,0.15,0.5,0.0,0.0,0.0,0,0,0.0,378.4,1,1,1.0,1301.47,2,1,0.5,1301.47,2,1,0.5,0
LGS2ORD0012483,C011411,2025-04-09 20:00:00,Male,22,Silver,CallCenter,Bangkok,531,Shopee,COD,20,4,2,0,20-30,17.7,0.0,0.0,0.0,-1,-1,0.0,0.0,0.0,0.0,0.0,0.0,0,0,0.0,0.0,0,0,0.0,0.0,0,0,0.0,0.0,0,0,0.0,0
LGS2ORD0012484,C017179,2025-04-09 21:00:00,Other,29,Bronze,TV,Khon Kaen,160,TV_Show,Bank_Transfer,21,4,2,0,20-30,5.333333333333333,0.0,0.0,0.0,-1,-1,0.0,0.0,0.0,0.0,0.0,0.0,0,0,0.0,0.0,0,0,0.0,0.0,0,0,0.0,0.0,0,0,0.0,0
LGS2ORD0012485,C017168,2025-04-09 21:00:00,Male,53,Gold,Web,Bangkok,298,Web,Bank_Transfer,21,4,2,0,>50,9.933333333333334,1.0,0.0,0.0,-1,97,7513.01,0.33,0.0,1.0,0.0,0.0,0,0,0.0,0.0,0,0,0.0,0.0,0,0,0.0,7513.01,1,0,0.0,0
LGS2ORD0012486,C014263,2025-04-09 21:00:00,Female,57,Gold,CallCenter,Bangkok,1488,Web,PromptPay,21,4,2,0,>50,49.6,2.0,0.0,0.0,-1,42,2127.84,0.28,0.5,0.5,0.0,0.0,0,0,0.0,0.0,0,0,0.0,4255.68,2,0,0.0,4255.68,2,0,0.0,0
LGS2ORD0012487,C012194,2025-04-09 21:00:00,Female,30,Bronze,TV,Bangkok,912,TV_Show,COD,21,4,2,0,20-30,30.4,2.0,1.0,0.5,48,46,1699.615,0.28,0.5,0.5,0.0,0.0,0,0,0.0,0.0,0,0,0.0,3399.23,2,1,0.5,3399.23,2,1,0.5,0
LGS2ORD0012488,C013973,2025-04-09 21:00:00,Female,35,Bronze,TV,Phuket,1436,Lazada,COD,21,4,2,0,30-40,47.86666666666667,2.0,0.0,0.0,-1,36,2688.995,0.13,0.5,0.0,0.0,0.0,0,0,0.0,0.0,0,0,0.0,1669.48,1,0,0.0,5377.99,2,0,0.0,1
LGS2ORD0012489,C010513,2025-04-09 22:00:00,Male,29,Gold,TV,Bangkok,795,Shopee,COD,22,4,2,0,20-30,26.5,2.0,0.0,0.0,-1,47,8961.115,0.28,0.5,0.5,0.0,0.0,0,0,0.0,0.0,0,0,0.0,17922.23,2,0,0.0,17922.23,2,0,0.0,0
LGS2ORD0012490,C016321,2025-04-09 22:00:00,Female,45,Bronze,CallCenter,Remote_Area,927,Shopee,PromptPay,22,4,2,0,40-50,30.9,1.0,0.0,0.0,-1,41,15668.17,0.28,0.0,1.0,0.0,0.0,0,0,0.0,0.0,0,0,0.0,15668.17,1,0,0.0,15668.17,1,0,0.0,0
LGS2ORD0012491,C017680,2025-04-09 22:00:00,Female,47,Bronze,TV,Chiang Mai,694,Lazada,COD,22,4,2,0,40-50,23.133333333333333,1.0,0.0,0.0,-1,35,4410.25,0.18,1.0,0.0,0.0,0.0,0,0,0.0,0.0,0,0,0.0,4410.25,1,0,0.0,4410.25,1,0,0.0,0
LGS2ORD0012492,C011772,2025-04-09 22:00:00,Male,40,Bronze,Lazada,Chonburi,437,Shopee,Credit_Card,22,4,2,0,30-40,14.566666666666666,0.0,0.0,0.0,-1,-1,0.0,0.0,0.0,0.0,0.0,0.0,0,0,0.0,0.0,0,0,0.0,0.0,0,0,0.0,0.0,0,0,0.0,0
LGS2ORD0012493,C017776,2025-04-09 22:00:00,Female,36,Silver,Web,Bangkok,322,Shopee,COD,22,4,2,0,30-40,10.733333333333333,2.0,1.0,0.5,37,51,5349.035,0.2,0.5,0.0,0.0,0.0,0,0,0.0,0.0,0,0,0.0,10698.07,2,1,0.5,10698.07,2,1,0.5,0
LGS2ORD0012494,C011938,2025-04-09 22:00:00,Male,36,Silver,Shopee,Bangkok,1070,Lazada,Credit_Card,22,4,2,0,30-40,35.666666666666664,2.0,1.0,0.5,43,45,3668.8199999999997,0.15,1.0,0.0,0.0,0.0,0,0,0.0,0.0,0,0,0.0,7337.639999999999,2,1,0.5,7337.639999999999,2,1,0.5,0
LGS2ORD0012495,C012928,2025-04-09 23:00:00,Female,67,Gold,TV,Bangkok,387,TV_Show,Bank_Transfer,23,4,2,0,>50,12.9,3.0,1.0,0.3333333333333333,70,77,8344.869999999999,0.2299999999999999,0.6666666666666666,0.3333333333333333,0.0,0.0,0,0,0.0,0.0,0,0,0.0,23285.519999999997,2,1,0.5,25034.609999999997,3,1,0.3333333333333333,0
LGS2ORD0012496,C015363,2025-04-09 23:00:00,Female,65,Bronze,TV,Remote_Area,1227,Web,PromptPay,23,4,2,0,>50,40.9,0.0,0.0,0.0,-1,-1,0.0,0.0,0.0,0.0,0.0,0.0,0,0,0.0,0.0,0,0,0.0,0.0,0,0,0.0,0.0,0,0,0.0,0
LGS2ORD0012497,C010264,2025-04-09 23:00:00,Male,57,Bronze,Shopee,Chiang Mai,590,Lazada,PromptPay,23,4,2,0,>50,19.666666666666668,1.0,1.0,1.0,28,41,11370.68,0.03,1.0,0.0,0.0,0.0,0,0,0.0,0.0,0,0,0.0,11370.68,1,1,1.0,11370.68,1,1,1.0,0
LGS2ORD0012498,C011121,2025-04-09 23:00:00,Male,44,Silver,TV,Bangkok,242,Shopee,COD,23,4,2,0,40-50,8.066666666666666,1.0,0.0,0.0,-1,39,9001.87,0.3,1.0,1.0,0.0,0.0,0,0,0.0,0.0,0,0,0.0,9001.87,1,0,0.0,9001.87,1,0,0.0,1
LGS2ORD0012499,C015777,2025-04-09 23:00:00,Male,48,Bronze,TV,Khon Kaen,907,Web,COD,23,4,2,0,40-50,30.233333333333334,0.0,0.0,0.0,-1,-1,0.0,0.0,0.0,0.0,0.0,0.0,0,0,0.0,0.0,0,0,0.0,0.0,0,0,0.0,0.0,0,0,0.0,0
LGS2ORD0012500,C015100,2025-04-10 00:00:00,Female,41,Bronze,Web,Chiang Mai,1487,Lazada,Credit_Card,0,4,3,0,40-50,49.56666666666667,3.0,0.0,0.0,-1,6,2549.5833333333335,0.18,0.6666666666666666,0.0,0.0,2662.53,1,0,0.0,5106.9,2,0,0.0,7648.75,3,0,0.0,7648.75,3,0,0.0,0
LGS2ORD0012501,C014085,2025-04-10 00:00:00,Female,40,Gold,Shopee,Khon Kaen,942,Lazada,Credit_Card,0,4,3,0,30-40,31.4,4.0,0.0,0.0,-1,12,1802.0575,0.2299999999999999,0.25,0.75,0.0,0.0,0,0,0.0,1815.26,1,0,0.0,6698.79,3,0,0.0,7208.23,4,0,0.0,1
LGS2ORD0012502,C016096,2025-04-10 00:00:00,Male,56,Bronze,TV,Khon Kaen,270,CallCenter,COD,0,4,3,0,>50,9.0,2.0,0.0,0.0,-1,41,14315.080000000002,0.28,1.0,1.0,0.0,0.0,0,0,0.0,0.0,0,0,0.0,28630.160000000003,2,0,0.0,28630.160000000003,2,0,0.0,0
LGS2ORD0012503,C013174,2025-04-10 00:00:00,Female,40,Bronze,Web,Chiang Mai,826,Web,Credit_Card,0,4,3,0,30-40,27.533333333333335,1.0,0.0,0.0,-1,30,4397.11,0.13,0.0,0.0,0.0,0.0,0,0,0.0,0.0,0,0,0.0,4397.11,1,0,0.0,4397.11,1,0,0.0,0
LGS2ORD0012504,C017591,2025-04-10 00:00:00,Male,49,Bronze,Lazada,Remote_Area,954,Lazada,PromptPay,0,4,3,0,40-50,31.8,3.0,1.0,0.3333333333333333,23,33,6891.743333333333,0.23,0.3333333333333333,0.3333333333333333,0.0,0.0,0,0,0.0,0.0,0,0,0.0,20675.23,3,1,0.3333333333333333,20675.23,3,1,0.3333333333333333,0
LGS2ORD0012505,C014723,2025-04-10 01:00:00,Female,57,Platinum,TV,Bangkok,688,Shopee,COD,1,4,3,0,>50,22.933333333333334,1.0,1.0,1.0,59,63,2214.14,0.15,0.0,0.0,0.0,0.0,0,0,0.0,0.0,0,0,0.0,2214.14,1,1,1.0,2214.14,1,1,1.0,0
LGS2ORD0012506,C014261,2025-04-10 01:00:00,Male,28,Bronze,Shopee,Bangkok,1087,Shopee,COD,1,4,3,0,20-30,36.233333333333334,2.0,0.0,0.0,-1,5,942.51,0.28,1.0,1.0,0.0,1885.02,2,0,0.0,1885.02,2,0,0.0,1885.02,2,0,0.0,1885.02,2,0,0.0,1
LGS2ORD0012507,C010259,2025-04-10 01:00:00,Male,27,Bronze,Web,Phuket,205,CallCenter,Bank_Transfer,1,4,3,0,20-30,6.833333333333333,0.0,0.0,0.0,-1,-1,0.0,0.0,0.0,0.0,0.0,0.0,0,0,0.0,0.0,0,0,0.0,0.0,0,0,0.0,0.0,0,0,0.0,0
LGS2ORD0012508,C011944,2025-04-10 01:00:00,Male,41,Platinum,TV,Bangkok,762,Shopee,Credit_Card,1,4,3,0,40-50,25.4,1.0,0.0,0.0,-1,27,1961.31,0.35,0.0,1.0,0.0,0.0,0,0,0.0,1961.31,1,0,0.0,1961.31,1,0,0.0,1961.31,1,0,0.0,0
LGS2ORD0012509,C015290,2025-04-10 01:00:00,Female,39,Bronze,Lazada,Chiang Mai,1346,Web,Credit_Card,1,4,3,0,30-40,44.86666666666667,2.0,0.0,0.0,-1,38,1971.3200000000002,0.08,1.0,0.0,0.0,0.0,0,0,0.0,0.0,0,0,0.0,3942.6400000000003,2,0,0.0,3942.6400000000003,2,0,0.0,0
LGS2ORD0012510,C012914,2025-04-10 02:00:00,Female,34,Bronze,Web,Bangkok,545,TV_Show,Bank_Transfer,2,4,3,0,30-40,18.166666666666668,0.0,0.0,0.0,-1,-1,0.0,0.0,0.0,0.0,0.0,0.0,0,0,0.0,0.0,0,0,0.0,0.0,0,0,0.0,0.0,0,0,0.0,0
LGS2ORD0012511,C011933,2025-04-10 02:00:00,Male,43,Bronze,TV,Bangkok,1523,Web,COD,2,4,3,0,40-50,50.766666666666666,2.0,0.0,0.0,-1,27,8194.275,0.23,1.0,0.5,0.0,0.0,0,0,0.0,14094.76,1,0,0.0,16388.55,2,0,0.0,16388.55,2,0,0.0,1
LGS2ORD0012512,C017933,2025-04-10 02:00:00,Male,49,Gold,Web,Chiang Mai,1297,CallCenter,Credit_Card,2,4,3,0,40-50,43.233333333333334,0.0,0.0,0.0,-1,-1,0.0,0.0,0.0,0.0,0.0,0.0,0,0,0.0,0.0,0,0,0.0,0.0,0,0,0.0,0.0,0,0,0.0,0
LGS2ORD0012513,C014457,2025-04-10 02:00:00,Male,29,Silver,CallCenter,Phuket,1148,TV_Show,COD,2,4,3,0,20-30,38.266666666666666,1.0,0.0,0.0,-1,40,1792.03,0.15,1.0,0.0,0.0,0.0,0,0,0.0,0.0,0,0,0.0,1792.03,1,0,0.0,1792.03,1,0,0.0,0
LGS2ORD0012514,C011953,2025-04-10 02:00:00,Male,40,Bronze,Lazada,Bangkok,1050,Lazada,COD,2,4,3,0,30-40,35.0,1.0,1.0,1.0,22,28,5216.45,0.08,1.0,0.0,0.0,0.0,0,0,0.0,5216.45,1,1,1.0,5216.45,1,1,1.0,5216.45,1,1,1.0,0
LGS2ORD0012515,C013402,2025-04-10 02:00:00,Male,40,Bronze,TV,Phuket,497,TV_Show,COD,2,4,3,0,30-40,16.566666666666666,1.0,1.0,1.0,58,67,2311.69,0.18,1.0,0.0,0.0,0.0,0,0,0.0,0.0,0,0,0.0,2311.69,1,1,1.0,2311.69,1,1,1.0,0
LGS2ORD0012516,C010195,2025-04-10 03:00:00,Male,56,Platinum,TV,Chonburi,1235,Lazada,Credit_Card,3,4,3,0,>50,41.166666666666664,3.0,1.0,0.3333333333333333,60,3,1874.6333333333332,0.35,0.0,0.3333333333333333,0.0,3224.06,1,0,0.0,3224.06,1,0,0.0,5623.9,3,1,0.3333333333333333,5623.9,3,1,0.3333333333333333,0
LGS2ORD0012517,C014646,2025-04-10 03:00:00,Male,54,Bronze,TV,Bangkok,288,Lazada,Bank_Transfer,3,4,3,0,>50,9.6,1.0,0.0,0.0,-1,10,1011.1,0.03,0.0,0.0,0.0,0.0,0,0,0.0,1011.1,1,0,0.0,1011.1,1,0,0.0,1011.1,1,0,0.0,1
LGS2ORD0012518,C016125,2025-04-10 03:00:00,Male,31,Bronze,TV,Songkhla,527,TV_Show,COD,3,4,3,0,30-40,17.566666666666666,1.0,1.0,1.0,76,88,17145.62,0.18,0.0,0.0,0.0,0.0,0,0,0.0,0.0,0,0,0.0,17145.62,1,1,1.0,17145.62,1,1,1.0,1
LGS2ORD0012519,C015991,2025-04-10 03:00:00,Female,41,Silver,Shopee,Nakhon Ratchasima,458,CallCenter,PromptPay,3,4,3,0,40-50,15.266666666666667,3.0,0.0,0.0,-1,52,3681.69,0.25,0.6666666666666666,0.3333333333333333,0.0,0.0,0,0,0.0,0.0,0,0,0.0,7576.48,2,0,0.0,11045.07,3,0,0.0,0
LGS2ORD0012520,C011025,2025-04-10 03:00:00,Male,42,Bronze,Lazada,Phuket,1402,Shopee,COD,3,4,3,0,40-50,46.733333333333334,1.0,1.0,1.0,47,58,412.57,0.28,1.0,1.0,0.0,0.0,0,0,0.0,0.0,0,0,0.0,412.57,1,1,1.0,412.57,1,1,1.0,1
LGS2ORD0012521,C011945,2025-04-10 04:00:00,Female,44,Bronze,CallCenter,Bangkok,623,CallCenter,COD,4,4,3,0,40-50,20.766666666666666,1.0,1.0,1.0,51,65,1075.76,0.23,1.0,1.0,0.0,0.0,0,0,0.0,0.0,0,0,0.0,1075.76,1,1,1.0,1075.76,1,1,1.0,0
LGS2ORD0012522,C016636,2025-04-10 04:00:00,Female,41,Bronze,Web,Songkhla,1080,CallCenter,COD,4,4,3,0,40-50,36.0,1.0,0.0,0.0,-1,72,21415.38,0.18,0.0,0.0,0.0,0.0,0,0,0.0,0.0,0,0,0.0,21415.38,1,0,0.0,21415.38,1,0,0.0,0
LGS2ORD0012523,C015452,2025-04-10 04:00:00,Female,34,Bronze,Shopee,Chonburi,392,Web,Credit_Card,4,4,3,0,30-40,13.066666666666666,4.0,0.0,0.0,-1,2,6570.205000000001,0.23,0.5,0.25,0.0,2762.06,1,0,0.0,15240.75,3,0,0.0,26280.820000000003,4,0,0.0,26280.820000000003,4,0,0.0,0
LGS2ORD0012524,C014060,2025-04-10 04:00:00,Female,51,Bronze,Web,Phuket,1197,Lazada,Credit_Card,4,4,3,0,>50,39.9,0.0,0.0,0.0,-1,-1,0.0,0.0,0.0,0.0,0.0,0.0,0,0,0.0,0.0,0,0,0.0,0.0,0,0,0.0,0.0,0,0,0.0,0
LGS2ORD0012525,C011269,2025-04-10 04:00:00,Male,45,Bronze,TV,Nakhon Ratchasima,483,TV_Show,Credit_Card,4,4,3,0,40-50,16.1,2.0,1.0,0.5,84,46,3496.45,0.28,0.0,0.5,0.0,0.0,0,0,0.0,0.0,0,0,0.0,2469.9,1,0,0.0,6992.9,2,1,0.5,0
LGS2ORD0012526,C011479,2025-04-10 05:00:00,Male,43,Bronze,Shopee,Songkhla,329,Shopee,COD,5,4,3,0,40-50,10.966666666666667,2.0,1.0,0.5,23,33,10736.275,0.23,0.5,0.5,0.0,0.0,0,0,0.0,0.0,0,0,0.0,21472.55,2,1,0.5,21472.55,2,1,0.5,1
LGS2ORD0012527,C012447,2025-04-10 05:00:00,Female,61,Bronze,TV,Remote_Area,806,TV_Show,COD,5,4,3,0,>50,26.866666666666667,3.0,2.0,0.6666666666666666,56,16,9969.15,0.18,0.6666666666666666,0.0,0.0,0.0,0,0,0.0,19293.62,1,0,0.0,29907.449999999997,3,2,0.6666666666666666,29907.449999999997,3,2,0.6666666666666666,1
LGS2ORD0012528,C010323,2025-04-10 05:00:00,Female,31,Bronze,CallCenter,Bangkok,601,TV_Show,PromptPay,5,4,3,0,30-40,20.033333333333335,1.0,0.0,0.0,-1,58,11389.82,0.18,0.0,0.0,0.0,0.0,0,0,0.0,0.0,0,0,0.0,11389.82,1,0,0.0,11389.82,1,0,0.0,0
LGS2ORD0012529,C015024,2025-04-10 05:00:00,Male,27,Bronze,Web,Songkhla,1289,CallCenter,COD,5,4,3,0,20-30,42.96666666666667,2.0,0.0,0.0,-1,52,1546.3400000000001,0.23,1.0,0.5,0.0,0.0,0,0,0.0,0.0,0,0,0.0,3092.6800000000003,2,0,0.0,3092.6800000000003,2,0,0.0,1
LGS2ORD0012530,C012890,2025-04-10 05:00:00,Male,41,Silver,Shopee,Khon Kaen,275,Shopee,Bank_Transfer,5,4,3,0,40-50,9.166666666666666,2.0,0.0,0.0,-1,10,8317.04,0.15,0.5,0.0,0.0,0.0,0,0,0.0,6192.57,1,0,0.0,16634.08,2,0,0.0,16634.08,2,0,0.0,0
LGS2ORD0012531,C010173,2025-04-10 05:00:00,Male,29,Gold,Web,Nakhon Ratchasima,700,Lazada,Bank_Transfer,5,4,3,0,20-30,23.333333333333332,1.0,0.0,0.0,-1,25,1820.48,0.33,0.0,1.0,0.0,0.0,0,0,0.0,1820.48,1,0,0.0,1820.48,1,0,0.0,1820.48,1,0,0.0,0
LGS2ORD0012532,C012681,2025-04-10 06:00:00,Female,42,Platinum,Web,Bangkok,1087,TV_Show,Credit_Card,6,4,3,0,40-50,36.233333333333334,2.0,1.0,0.5,33,45,3573.28,0.2,1.0,0.0,0.0,0.0,0,0,0.0,0.0,0,0,0.0,1919.97,1,1,1.0,7146.56,2,1,0.5,0
LGS2ORD0012533,C013110,2025-04-10 06:00:00,Male,42,Gold,Web,Bangkok,536,Lazada,PromptPay,6,4,3,0,40-50,17.866666666666667,4.0,0.0,0.0,-1,15,9828.7275,0.28,0.75,0.25,0.0,0.0,0,0,0.0,13414.68,2,0,0.0,39314.91,4,0,0.0,39314.91,4,0,0.0,0
LGS2ORD0012534,C013556,2025-04-10 06:00:00,Male,32,Silver,Shopee,Khon Kaen,496,Web,Bank_Transfer,6,4,3,0,30-40,16.533333333333335,1.0,0.0,0.0,-1,91,1039.03,0.2,0.0,0.0,0.0,0.0,0,0,0.0,0.0,0,0,0.0,0.0,0,0,0.0,1039.03,1,0,0.0,0
LGS2ORD0012535,C013044,2025-04-10 06:00:00,Female,34,Bronze,Web,Remote_Area,1065,Shopee,PromptPay,6,4,3,0,30-40,35.5,2.0,1.0,0.5,46,56,14333.695,0.28,0.0,0.5,0.0,0.0,0,0,0.0,0.0,0,0,0.0,28667.39,2,1,0.5,28667.39,2,1,0.5,0
LGS2ORD0012536,C013053,2025-04-10 06:00:00,Female,50,Platinum,TV,Chonburi,1110,Shopee,PromptPay,6,4,3,0,40-50,37.0,1.0,0.0,0.0,-1,82,987.27,0.2,1.0,0.0,0.0,0.0,0,0,0.0,0.0,0,0,0.0,987.27,1,0,0.0,987.27,1,0,0.0,0
LGS2ORD0012537,C012285,2025-04-10 07:00:00,Female,49,Bronze,Lazada,Nakhon Ratchasima,584,TV_Show,Credit_Card,7,4,3,0,40-50,19.466666666666665,0.0,0.0,0.0,-1,-1,0.0,0.0,0.0,0.0,0.0,0.0,0,0,0.0,0.0,0,0,0.0,0.0,0,0,0.0,0.0,0,0,0.0,0
LGS2ORD0012538,C011554,2025-04-10 07:00:00,Male,40,Bronze,TV,Remote_Area,740,Lazada,COD,7,4,3,0,30-40,24.666666666666668,3.0,0.0,0.0,-1,6,1907.6000000000001,0.28,0.6666666666666666,0.6666666666666666,0.0,4399.89,1,0,0.0,4399.89,1,0,0.0,5722.8,3,0,0.0,5722.8,3,0,0.0,0
LGS2ORD0012539,C011909,2025-04-10 07:00:00,Female,39,Bronze,Shopee,Bangkok,1548,CallCenter,Credit_Card,7,4,3,0,30-40,51.6,3.0,1.0,0.3333333333333333,14,25,2861.22,0.23,0.6666666666666666,0.3333333333333333,0.0,0.0,0,0,0.0,6647.82,2,1,0.5,6647.82,2,1,0.5,8583.66,3,1,0.3333333333333333,0
LGS2ORD0012540,C011545,2025-04-10 07:00:00,Male,26,Gold,Web,Khon Kaen,1164,TV_Show,COD,7,4,3,0,20-30,38.8,0.0,0.0,0.0,-1,-1,0.0,0.0,0.0,0.0,0.0,0.0,0,0,0.0,0.0,0,0,0.0,0.0,0,0,0.0,0.0,0,0,0.0,0
LGS2ORD0012541,C011151,2025-04-10 07:00:00,Male,22,Gold,Web,Bangkok,1082,TV_Show,Credit_Card,7,4,3,0,20-30,36.06666666666667,0.0,0.0,0.0,-1,-1,0.0,0.0,0.0,0.0,0.0,0.0,0,0,0.0,0.0,0,0,0.0,0.0,0,0,0.0,0.0,0,0,0.0,0
LGS2ORD0012542,C014959,2025-04-10 08:00:00,Female,50,Gold,TV,Khon Kaen,691,CallCenter,COD,8,4,3,0,40-50,23.033333333333335,3.0,1.0,0.3333333333333333,50,58,1211.3966666666665,0.28,0.6666666666666666,0.6666666666666666,0.0,0.0,0,0,0.0,0.0,0,0,0.0,3483.31,2,1,0.5,3634.1899999999996,3,1,0.3333333333333333,0
LGS2ORD0012543,C011574,2025-04-10 08:00:00,Female,46,Silver,Lazada,Nakhon Ratchasima,1471,TV_Show,Credit_Card,8,4,3,0,40-50,49.03333333333333,2.0,1.0,0.5,84,2,840.445,0.3,0.5,1.0,0.0,363.42,1,0,0.0,363.42,1,0,0.0,363.42,1,0,0.0,1680.89,2,1,0.5,0
LGS2ORD0012544,C013921,2025-04-10 08:00:00,Female,41,Gold,Shopee,Bangkok,913,Shopee,PromptPay,8,4,3,0,40-50,30.433333333333334,1.0,0.0,0.0,-1,46,5369.22,0.13,0.0,0.0,0.0,0.0,0,0,0.0,0.0,0,0,0.0,5369.22,1,0,0.0,5369.22,1,0,0.0,0
LGS2ORD0012545,C016073,2025-04-10 08:00:00,Female,32,Bronze,Shopee,Bangkok,607,Web,COD,8,4,3,0,30-40,20.233333333333334,5.0,0.0,0.0,-1,10,12926.134000000002,0.23,0.8,0.4,0.0,0.0,0,0,0.0,29007.700000000004,3,0,0.0,64630.670000000006,5,0,0.0,64630.670000000006,5,0,0.0,0
LGS2ORD0012546,C012183,2025-04-10 08:00:00,Male,45,Silver,Lazada,Nakhon Ratchasima,1403,Web,Credit_Card,8,4,3,0,40-50,46.766666666666666,0.0,0.0,0.0,-1,-1,0.0,0.0,0.0,0.0,0.0,0.0,0,0,0.0,0.0,0,0,0.0,0.0,0,0,0.0,0.0,0,0,0.0,0
LGS2ORD0012547,C017624,2025-04-10 09:00:00,Female,47,Bronze,TV,Nakhon Ratchasima,1517,CallCenter,COD,9,4,3,0,40-50,50.56666666666667,1.0,0.0,0.0,-1,46,13050.6,0.08,0.0,0.0,0.0,0.0,0,0,0.0,0.0,0,0,0.0,13050.6,1,0,0.0,13050.6,1,0,0.0,0
LGS2ORD0012548,C014781,2025-04-10 09:00:00,Male,39,Platinum,Web,Phuket,1214,TV_Show,COD,9,4,3,0,30-40,40.46666666666667,1.0,1.0,1.0,5,19,17362.22,0.1,1.0,0.0,0.0,0.0,0,0,0.0,17362.22,1,1,1.0,17362.22,1,1,1.0,17362.22,1,1,1.0,0
LGS2ORD0012549,C015894,2025-04-10 09:00:00,Male,41,Bronze,TV,Remote_Area,1064,Lazada,COD,9,4,3,0,40-50,35.46666666666667,1.0,1.0,1.0,42,49,4375.75,0.18,1.0,0.0,0.0,0.0,0,0,0.0,0.0,0,0,0.0,4375.75,1,1,1.0,4375.75,1,1,1.0,0
LGS2ORD0012550,C010531,2025-04-10 09:00:00,Male,42,Bronze,Shopee,Bangkok,1475,TV_Show,Bank_Transfer,9,4,3,0,40-50,49.166666666666664,5.0,1.0,0.2,77,23,11287.91,0.28,0.8,0.4,0.0,0.0,0,0,0.0,4335.95,1,0,0.0,42900.689999999995,4,1,0.25,56439.549999999996,5,1,0.2,0
LGS2ORD0012551,C012935,2025-04-10 09:00:00,Female,33,Bronze,TV,Bangkok,1177,TV_Show,Credit_Card,9,4,3,0,30-40,39.233333333333334,2.0,0.0,0.0,-1,29,12534.95,0.18,0.5,0.0,0.0,0.0,0,0,0.0,3707.74,1,0,0.0,25069.9,2,0,0.0,25069.9,2,0,0.0,0
LGS2ORD0012552,C010171,2025-04-10 09:00:00,Male,25,Platinum,Web,Khon Kaen,839,Shopee,COD,9,4,3,0,20-30,27.966666666666665,1.0,0.0,0.0,-1,18,2303.69,0.25,0.0,1.0,0.0,0.0,0,0,0.0,2303.69,1,0,0.0,2303.69,1,0,0.0,2303.69,1,0,0.0,1
LGS2ORD0012553,C012474,2025-04-10 10:00:00,Female,65,Gold,CallCenter,Bangkok,494,TV_Show,COD,10,4,3,0,>50,16.466666666666665,5.0,0.0,0.0,-1,16,6379.052000000001,0.33,0.0,0.4,0.0,0.0,0,0,0.0,3273.42,2,0,0.0,31895.260000000002,5,0,0.0,31895.260000000002,5,0,0.0,0
LGS2ORD0012554,C017834,2025-04-10 10:00:00,Male,36,Platinum,Web,Khon Kaen,334,TV_Show,COD,10,4,3,0,30-40,11.133333333333333,0.0,0.0,0.0,-1,-1,0.0,0.0,0.0,0.0,0.0,0.0,0,0,0.0,0.0,0,0,0.0,0.0,0,0,0.0,0.0,0,0,0.0,0
LGS2ORD0012555,C010954,2025-04-10 10:00:00,Male,39,Silver,Shopee,Songkhla,433,Lazada,COD,10,4,3,0,30-40,14.433333333333334,1.0,1.0,1.0,8,21,4054.14,0.05,1.0,0.0,0.0,0.0,0,0,0.0,4054.14,1,1,1.0,4054.14,1,1,1.0,4054.14,1,1,1.0,1
LGS2ORD0012556,C014268,2025-04-10 10:00:00,Male,47,Gold,Shopee,Bangkok,1529,Web,Bank_Transfer,10,4,3,0,40-50,50.96666666666667,3.0,2.0,0.6666666666666666,24,18,8766.003333333332,0.33,1.0,0.6666666666666666,0.0,0.0,0,0,0.0,20494.48,1,0,0.0,26298.01,3,2,0.6666666666666666,26298.01,3,2,0.6666666666666666,0
LGS2ORD0012557,C014094,2025-04-10 10:00:00,Female,28,Bronze,Lazada,Chiang Mai,507,Lazada,PromptPay,10,4,3,0,20-30,16.9,0.0,0.0,0.0,-1,-1,0.0,0.0,0.0,0.0,0.0,0.0,0,0,0.0,0.0,0,0,0.0,0.0,0,0,0.0,0.0,0,0,0.0,0
LGS2ORD0012558,C013458,2025-04-10 11:00:00,Female,18,Silver,Shopee,Songkhla,1156,Lazada,COD,11,4,3,0,<20,38.53333333333333,3.0,0.0,0.0,-1,34,978.8433333333332,0.3,0.6666666666666666,0.3333333333333333,0.0,0.0,0,0,0.0,0.0,0,0,0.0,2936.5299999999997,3,0,0.0,2936.5299999999997,3,0,0.0,0
LGS2ORD0012559,C015326,2025-04-10 11:00:00,Male,22,Bronze,Lazada,Chonburi,122,Lazada,PromptPay,11,4,3,0,20-30,4.066666666666666,1.0,0.0,0.0,-1,1,7700.61,0.28,0.0,1.0,0.0,7700.61,1,0,0.0,7700.61,1,0,0.0,7700.61,1,0,0.0,7700.61,1,0,0.0,0
LGS2ORD0012560,C011129,2025-04-10 11:00:00,Female,47,Silver,Web,Khon Kaen,775,Web,COD,11,4,3,0,40-50,25.833333333333332,3.0,2.0,0.6666666666666666,7,13,3485.4500000000003,0.25,0.6666666666666666,0.6666666666666666,0.0,0.0,0,0,0.0,1765.03,1,1,1.0,10456.35,3,2,0.6666666666666666,10456.35,3,2,0.6666666666666666,0
LGS2ORD0012561,C010757,2025-04-10 11:00:00,Male,60,Bronze,Shopee,Phuket,898,Shopee,COD,11,4,3,0,>50,29.933333333333334,0.0,0.0,0.0,-1,-1,0.0,0.0,0.0,0.0,0.0,0.0,0,0,0.0,0.0,0,0,0.0,0.0,0,0,0.0,0.0,0,0,0.0,0
LGS2ORD0012562,C016372,2025-04-10 11:00:00,Female,57,Gold,CallCenter,Bangkok,423,Lazada,Credit_Card,11,4,3,0,>50,14.1,1.0,1.0,1.0,17,26,6616.35,0.28,1.0,1.0,0.0,0.0,0,0,0.0,6616.35,1,1,1.0,6616.35,1,1,1.0,6616.35,1,1,1.0,0
LGS2ORD0012563,C017957,2025-04-10 12:00:00,Male,35,Bronze,CallCenter,Chiang Mai,258,Lazada,Credit_Card,12,4,3,0,30-40,8.6,2.0,0.0,0.0,-1,20,5854.43,0.13,1.0,0.0,0.0,0.0,0,0,0.0,8156.06,1,0,0.0,8156.06,1,0,0.0,11708.86,2,0,0.0,0
LGS2ORD0012564,C011774,2025-04-10 12:00:00,Male,70,Silver,TV,Nakhon Ratchasima,252,CallCenter,COD,12,4,3,0,>50,8.4,3.0,1.0,0.3333333333333333,-7,2,2718.266666666667,0.3,1.0,0.6666666666666666,0.0,1128.8,1,1,1.0,7318.03,2,1,0.5,8154.8,3,1,0.3333333333333333,8154.8,3,1,0.3333333333333333,0
LGS2ORD0012565,C017106,2025-04-10 12:00:00,Male,32,Silver,Web,Khon Kaen,1078,Shopee,COD,12,4,3,0,30-40,35.93333333333333,0.0,0.0,0.0,-1,-1,0.0,0.0,0.0,0.0,0.0,0.0,0,0,0.0,0.0,0,0,0.0,0.0,0,0,0.0,0.0,0,0,0.0,0
LGS2ORD0012566,C014636,2025-04-10 12:00:00,Female,29,Bronze,TV,Remote_Area,1177,TV_Show,COD,12,4,3,0,20-30,39.233333333333334,2.0,0.0,0.0,-1,17,8918.165,0.28,0.5,0.5,0.0,0.0,0,0,0.0,17836.33,2,0,0.0,17836.33,2,0,0.0,17836.33,2,0,0.0,0
LGS2ORD0012567,C016421,2025-04-10 12:00:00,Female,30,Bronze,Shopee,Bangkok,974,Shopee,Credit_Card,12,4,3,0,20-30,32.46666666666667,1.0,1.0,1.0,82,90,898.03,0.28,0.0,1.0,0.0,0.0,0,0,0.0,0.0,0,0,0.0,0.0,0,0,0.0,898.03,1,1,1.0,0
LGS2ORD0012568,C012238,2025-04-10 13:00:00,Female,36,Silver,Shopee,Nakhon Ratchasima,708,Lazada,COD,13,4,3,0,30-40,23.6,3.0,0.0,0.0,-1,9,7380.816666666667,0.25,1.0,0.3333333333333333,0.0,0.0,0,0,0.0,6872.78,1,0,0.0,9048.68,2,0,0.0,22142.45,3,0,0.0,0
LGS2ORD0012569,C013692,2025-04-10 13:00:00,Male,48,Gold,TV,Nakhon Ratchasima,401,Web,COD,13,4,3,0,40-50,13.366666666666667,0.0,0.0,0.0,-1,-1,0.0,0.0,0.0,0.0,0.0,0.0,0,0,0.0,0.0,0,0,0.0,0.0,0,0,0.0,0.0,0,0,0.0,0
LGS2ORD0012570,C016494,2025-04-10 13:00:00,Male,33,Silver,Shopee,Khon Kaen,1033,TV_Show,Credit_Card,13,4,3,0,30-40,34.43333333333333,1.0,0.0,0.0,-1,28,12245.52,0.2,0.0,0.0,0.0,0.0,0,0,0.0,12245.52,1,0,0.0,12245.52,1,0,0.0,12245.52,1,0,0.0,0
LGS2ORD0012571,C011989,2025-04-10 13:00:00,Male,32,Bronze,TV,Phuket,1145,Web,Credit_Card,13,4,3,0,30-40,38.166666666666664,2.0,1.0,0.5,70,52,11913.25,0.18,0.5,0.0,0.0,0.0,0,0,0.0,0.0,0,0,0.0,23826.5,2,1,0.5,23826.5,2,1,0.5,0
LGS2ORD0012572,C011052,2025-04-10 13:00:00,Male,42,Silver,TV,Chonburi,662,CallCenter,COD,13,4,3,0,40-50,22.066666666666666,2.0,0.0,0.0,-1,18,5931.675,0.2,0.5,0.0,0.0,0.0,0,0,0.0,7188.02,1,0,0.0,11863.35,2,0,0.0,11863.35,2,0,0.0,1
LGS2ORD0012573,C015124,2025-04-10 13:00:00,Female,54,Bronze,TV,Nakhon Ratchasima,132,TV_Show,COD,13,4,3,0,>50,4.4,2.0,0.0,0.0,-1,71,4982.72,0.28,0.5,0.5,0.0,0.0,0,0,0.0,0.0,0,0,0.0,814.85,1,0,0.0,9965.44,2,0,0.0,1
LGS2ORD0012574,C015914,2025-04-10 14:00:00,Male,18,Bronze,Shopee,Songkhla,233,TV_Show,COD,14,4,3,0,<20,7.766666666666667,4.0,1.0,0.25,17,19,4564.6525,0.18,0.75,0.0,0.0,0.0,0,0,0.0,9262.1,1,1,1.0,17138.940000000002,3,1,0.3333333333333333,18258.61,4,1,0.25,1
LGS2ORD0012575,C017854,2025-04-10 14:00:00,Male,69,Silver,Shopee,Remote_Area,922,Shopee,Credit_Card,14,4,3,0,>50,30.733333333333334,3.0,2.0,0.6666666666666666,38,53,3590.866666666667,0.25,1.0,0.3333333333333333,0.0,0.0,0,0,0.0,0.0,0,0,0.0,10772.6,3,2,0.6666666666666666,10772.6,3,2,0.6666666666666666,0
LGS2ORD0012576,C011305,2025-04-10 14:00:00,Female,40,Silver,Web,Bangkok,115,Shopee,COD,14,4,3,0,30-40,3.8333333333333335,3.0,0.0,0.0,-1,31,5008.41,0.25,0.6666666666666666,0.3333333333333333,0.0,0.0,0,0,0.0,0.0,0,0,0.0,15025.23,3,0,0.0,15025.23,3,0,0.0,0
LGS2ORD0012577,C014658,2025-04-10 14:00:00,Female,45,Platinum,CallCenter,Chonburi,1138,CallCenter,Credit_Card,14,4,3,0,40-50,37.93333333333333,1.0,0.0,0.0,-1,84,6769.01,0.15,0.0,0.0,0.0,0.0,0,0,0.0,0.0,0,0,0.0,6769.01,1,0,0.0,6769.01,1,0,0.0,0
LGS2ORD0012578,C011364,2025-04-10 14:00:00,Male,44,Silver,Web,Khon Kaen,1476,CallCenter,COD,14,4,3,0,40-50,49.2,3.0,0.0,0.0,-1,5,8339.726666666666,0.25,1.0,0.3333333333333333,0.0,1993.87,1,0,0.0,24245.489999999998,2,0,0.0,25019.179999999997,3,0,0.0,25019.179999999997,3,0,0.0,0
LGS2ORD0012579,C017773,2025-04-10 15:00:00,Female,33,Bronze,TV,Chiang Mai,402,CallCenter,COD,15,4,3,0,30-40,13.4,2.0,0.0,0.0,-1,16,11100.965,0.08,1.0,0.0,0.0,0.0,0,0,0.0,22201.93,2,0,0.0,22201.93,2,0,0.0,22201.93,2,0,0.0,0
LGS2ORD0012580,C012980,2025-04-10 15:00:00,Other,26,Silver,CallCenter,Phuket,1519,Shopee,COD,15,4,3,0,20-30,50.63333333333333,2.0,2.0,1.0,48,54,5435.875,0.25,0.0,1.0,0.0,0.0,0,0,0.0,0.0,0,0,0.0,10871.75,2,2,1.0,10871.75,2,2,1.0,1
LGS2ORD0012581,C014611,2025-04-10 15:00:00,Female,46,Bronze,CallCenter,Songkhla,323,Lazada,COD,15,4,3,0,40-50,10.766666666666667,0.0,0.0,0.0,-1,-1,0.0,0.0,0.0,0.0,0.0,0.0,0,0,0.0,0.0,0,0,0.0,0.0,0,0,0.0,0.0,0,0,0.0,0
LGS2ORD0012582,C016516,2025-04-10 15:00:00,Male,41,Bronze,TV,Chiang Mai,1007,Lazada,Bank_Transfer,15,4,3,0,40-50,33.56666666666667,0.0,0.0,0.0,-1,-1,0.0,0.0,0.0,0.0,0.0,0.0,0,0,0.0,0.0,0,0,0.0,0.0,0,0,0.0,0.0,0,0,0.0,0
LGS2ORD0012583,C015324,2025-04-10 15:00:00,Female,42,Gold,Web,Remote_Area,554,Lazada,Credit_Card,15,4,3,0,40-50,18.466666666666665,1.0,0.0,0.0,-1,88,1217.05,0.08,0.0,0.0,0.0,0.0,0,0,0.0,0.0,0,0,0.0,1217.05,1,0,0.0,1217.05,1,0,0.0,0
LGS2ORD0012584,C014070,2025-04-10 16:00:00,Male,42,Bronze,CallCenter,Nakhon Ratchasima,707,Web,PromptPay,16,4,3,0,40-50,23.566666666666666,4.0,1.0,0.25,71,2,2700.13,0.23,0.5,0.75,0.0,6724.63,1,0,0.0,6724.63,1,0,0.0,9838.34,3,1,0.3333333333333333,10800.52,4,1,0.25,0
LGS2ORD0012585,C017102,2025-04-10 16:00:00,Female,18,Gold,TV,Remote_Area,1350,Lazada,COD,16,4,3,0,<20,45.0,1.0,1.0,1.0,-4,5,3487.39,0.13,1.0,0.0,0.0,3487.39,1,1,1.0,3487.39,1,1,1.0,3487.39,1,1,1.0,3487.39,1,1,1.0,1
LGS2ORD0012586,C015623,2025-04-10 16:00:00,Male,25,Silver,Shopee,Phuket,1243,Lazada,COD,16,4,3,0,20-30,41.43333333333333,0.0,0.0,0.0,-1,-1,0.0,0.0,0.0,0.0,0.0,0.0,0,0,0.0,0.0,0,0,0.0,0.0,0,0,0.0,0.0,0,0,0.0,0
LGS2ORD0012587,C013402,2025-04-10 16:00:00,Male,40,Bronze,TV,Phuket,497,Web,COD,16,4,3,0,30-40,16.566666666666666,2.0,1.0,0.5,59,0,2014.41,0.18,1.0,0.0,0.0,1717.13,1,0,0.0,1717.13,1,0,0.0,4028.82,2,1,0.5,4028.82,2,1,0.5,0
LGS2ORD0012588,C011641,2025-04-10 16:00:00,Male,35,Gold,Web,Chonburi,331,CallCenter,Bank_Transfer,16,4,3,0,30-40,11.033333333333333,1.0,0.0,0.0,-1,98,1536.18,0.28,1.0,1.0,0.0,0.0,0,0,0.0,0.0,0,0,0.0,0.0,0,0,0.0,1536.18,1,0,0.0,0
LGS2ORD0012589,C014499,2025-04-10 17:00:00,Male,25,Silver,Shopee,Khon Kaen,452,Web,PromptPay,17,4,3,0,20-30,15.066666666666666,0.0,0.0,0.0,-1,-1,0.0,0.0,0.0,0.0,0.0,0.0,0,0,0.0,0.0,0,0,0.0,0.0,0,0,0.0,0.0,0,0,0.0,0
LGS2ORD0012590,C010727,2025-04-10 17:00:00,Male,44,Silver,Web,Khon Kaen,892,Shopee,COD,17,4,3,0,40-50,29.733333333333334,4.0,1.0,0.25,49,19,7519.045000000001,0.3,0.75,0.25,0.0,0.0,0,0,0.0,8337.11,1,0,0.0,30076.180000000004,4,1,0.25,30076.180000000004,4,1,0.25,1
LGS2ORD0012591,C014697,2025-04-10 17:00:00,Male,65,Bronze,TV,Nakhon Ratchasima,509,Web,PromptPay,17,4,3,0,>50,16.966666666666665,2.0,1.0,0.5,29,23,1308.445,0.18,1.0,0.0,0.0,0.0,0,0,0.0,1218.32,1,0,0.0,2616.89,2,1,0.5,2616.89,2,1,0.5,0
LGS2ORD0012592,C016834,2025-04-10 17:00:00,Male,54,Silver,Lazada,Chonburi,1391,TV_Show,PromptPay,17,4,3,0,>50,46.36666666666667,2.0,0.0,0.0,-1,68,16197.87,0.15,0.5,0.0,0.0,0.0,0,0,0.0,0.0,0,0,0.0,32395.74,2,0,0.0,32395.74,2,0,0.0,0
LGS2ORD0012593,C012005,2025-04-10 17:00:00,Male,71,Gold,TV,Nakhon Ratchasima,1399,Web,COD,17,4,3,0,>50,46.63333333333333,1.0,0.0,0.0,-1,71,7353.57,0.33,0.0,1.0,0.0,0.0,0,0,0.0,0.0,0,0,0.0,7353.57,1,0,0.0,7353.57,1,0,0.0,0
LGS2ORD0012594,C011791,2025-04-10 17:00:00,Male,55,Bronze,Lazada,Chiang Mai,393,Web,PromptPay,17,4,3,0,>50,13.1,1.0,0.0,0.0,-1,56,2344.78,0.08,1.0,0.0,0.0,0.0,0,0,0.0,0.0,0,0,0.0,2344.78,1,0,0.0,2344.78,1,0,0.0,0
LGS2ORD0012595,C016182,2025-04-10 18:00:00,Male,27,Silver,Web,Khon Kaen,1389,Shopee,COD,18,4,3,0,20-30,46.3,1.0,1.0,1.0,78,91,4776.12,0.2,1.0,0.0,0.0,0.0,0,0,0.0,0.0,0,0,0.0,0.0,0,0,0.0,4776.12,1,1,1.0,0
LGS2ORD0012596,C011263,2025-04-10 18:00:00,Female,47,Silver,Shopee,Remote_Area,866,Shopee,PromptPay,18,4,3,0,40-50,28.866666666666667,1.0,1.0,1.0,29,40,4584.9,0.25,0.0,1.0,0.0,0.0,0,0,0.0,0.0,0,0,0.0,4584.9,1,1,1.0,4584.9,1,1,1.0,0
LGS2ORD0012597,C016424,2025-04-10 18:00:00,Female,62,Silver,TV,Bangkok,1348,TV_Show,COD,18,4,3,0,>50,44.93333333333333,0.0,0.0,0.0,-1,-1,0.0,0.0,0.0,0.0,0.0,0.0,0,0,0.0,0.0,0,0,0.0,0.0,0,0,0.0,0.0,0,0,0.0,0
LGS2ORD0012598,C014082,2025-04-10 18:00:00,Male,72,Bronze,CallCenter,Remote_Area,1043,Web,PromptPay,18,4,3,0,>50,34.766666666666666,1.0,0.0,0.0,-1,70,1250.84,0.13,0.0,0.0,0.0,0.0,0,0,0.0,0.0,0,0,0.0,1250.84,1,0,0.0,1250.84,1,0,0.0,0
LGS2ORD0012599,C014593,2025-04-10 18:00:00,Male,38,Bronze,TV,Chiang Mai,1485,Shopee,COD,18,4,3,0,30-40,49.5,1.0,0.0,0.0,-1,72,194.01,0.13,1.0,0.0,0.0,0.0,0,0,0.0,0.0,0,0,0.0,194.01,1,0,0.0,194.01,1,0,0.0,0
LGS2ORD0012600,C013451,2025-04-10 19:00:00,Female,47,Bronze,Lazada,Phuket,683,Web,COD,19,4,3,0,40-50,22.766666666666666,3.0,1.0,0.3333333333333333,-4,4,3202.513333333333,0.13,0.6666666666666666,0.0,0.0,8367.09,2,1,0.5,8367.09,2,1,0.5,9607.539999999999,3,1,0.3333333333333333,9607.539999999999,3,1,0.3333333333333333,1
LGS2ORD0012601,C013697,2025-04-10 19:00:00,Male,66,Bronze,Lazada,Songkhla,1525,CallCenter,COD,19,4,3,0,>50,50.833333333333336,1.0,0.0,0.0,-1,58,3929.56,0.03,0.0,0.0,0.0,0.0,0,0,0.0,0.0,0,0,0.0,3929.56,1,0,0.0,3929.56,1,0,0.0,1
LGS2ORD0012602,C017819,2025-04-10 19:00:00,Female,44,Bronze,Shopee,Bangkok,1012,CallCenter,PromptPay,19,4,3,0,40-50,33.733333333333334,1.0,0.0,0.0,-1,94,2713.6,0.18,0.0,0.0,0.0,0.0,0,0,0.0,0.0,0,0,0.0,0.0,0,0,0.0,2713.6,1,0,0.0,0
LGS2ORD0012603,C010482,2025-04-10 19:00:00,Female,58,Bronze,CallCenter,Bangkok,895,Web,Credit_Card,19,4,3,0,>50,29.833333333333332,2.0,1.0,0.5,84,84,847.735,0.28,0.5,0.5,0.0,0.0,0,0,0.0,0.0,0,0,0.0,959.36,1,0,0.0,1695.47,2,1,0.5,0
LGS2ORD0012604,C010658,2025-04-10 19:00:00,Male,67,Gold,CallCenter,Bangkok,852,Shopee,Credit_Card,19,4,3,0,>50,28.4,2.0,0.0,0.0,-1,16,3467.0950000000003,0.08,1.0,0.0,0.0,0.0,0,0,0.0,5636.79,1,0,0.0,6934.1900000000005,2,0,0.0,6934.1900000000005,2,0,0.0,0
LGS2ORD0012605,C013001,2025-04-10 20:00:00,Female,44,Bronze,Web,Khon Kaen,919,Lazada,PromptPay,20,4,3,0,40-50,30.633333333333333,1.0,0.0,0.0,-1,73,5735.55,0.03,0.0,0.0,0.0,0.0,0,0,0.0,0.0,0,0,0.0,5735.55,1,0,0.0,5735.55,1,0,0.0,0
LGS2ORD0012606,C012854,2025-04-10 20:00:00,Female,56,Gold,TV,Chonburi,646,Web,Bank_Transfer,20,4,3,0,>50,21.533333333333335,2.0,0.0,0.0,-1,25,3698.5200000000004,0.2299999999999999,0.5,0.5,0.0,0.0,0,0,0.0,3250.02,1,0,0.0,7397.040000000001,2,0,0.0,7397.040000000001,2,0,0.0,0
LGS2ORD0012607,C015404,2025-04-10 20:00:00,Female,60,Bronze,Shopee,Songkhla,1027,CallCenter,COD,20,4,3,0,>50,34.233333333333334,4.0,1.0,0.25,61,36,5262.75,0.23,1.0,0.25,0.0,0.0,0,0,0.0,0.0,0,0,0.0,21051.0,4,1,0.25,21051.0,4,1,0.25,1
LGS2ORD0012608,C012440,2025-04-10 20:00:00,Female,48,Silver,TV,Khon Kaen,709,TV_Show,COD,20,4,3,0,40-50,23.633333333333333,2.0,0.0,0.0,-1,32,5460.76,0.2,0.5,0.0,0.0,0.0,0,0,0.0,0.0,0,0,0.0,10921.52,2,0,0.0,10921.52,2,0,0.0,0
LGS2ORD0012609,C017588,2025-04-10 20:00:00,Female,44,Bronze,CallCenter,Phuket,325,Lazada,PromptPay,20,4,3,0,40-50,10.833333333333334,1.0,0.0,0.0,-1,61,2359.57,0.03,0.0,0.0,0.0,0.0,0,0,0.0,0.0,0,0,0.0,2359.57,1,0,0.0,2359.57,1,0,0.0,0
LGS2ORD0012610,C011563,2025-04-10 21:00:00,Male,39,Platinum,CallCenter,Bangkok,513,Lazada,COD,21,4,3,0,30-40,17.1,2.0,0.0,0.0,-1,5,2788.79,0.25,0.5,0.5,0.0,5577.58,2,0,0.0,5577.58,2,0,0.0,5577.58,2,0,0.0,5577.58,2,0,0.0,0
LGS2ORD0012611,C016186,2025-04-10 21:00:00,Female,48,Silver,Shopee,Bangkok,963,Web,Bank_Transfer,21,4,3,0,40-50,32.1,1.0,0.0,0.0,-1,51,1257.21,0.1,0.0,0.0,0.0,0.0,0,0,0.0,0.0,0,0,0.0,1257.21,1,0,0.0,1257.21,1,0,0.0,0
LGS2ORD0012612,C010328,2025-04-10 21:00:00,Female,33,Silver,TV,Chiang Mai,131,Shopee,Bank_Transfer,21,4,3,0,30-40,4.366666666666666,1.0,1.0,1.0,76,80,1895.63,0.15,0.0,0.0,0.0,0.0,0,0,0.0,0.0,0,0,0.0,1895.63,1,1,1.0,1895.63,1,1,1.0,1
LGS2ORD0012613,C014687,2025-04-10 21:00:00,Female,60,Silver,TV,Chiang Mai,1144,Web,COD,21,4,3,0,>50,38.13333333333333,1.0,0.0,0.0,-1,10,25469.45,0.25,1.0,1.0,0.0,0.0,0,0,0.0,25469.45,1,0,0.0,25469.45,1,0,0.0,25469.45,1,0,0.0,0
LGS2ORD0012614,C012922,2025-04-10 21:00:00,Female,70,Bronze,TV,Bangkok,446,Lazada,Credit_Card,21,4,3,0,>50,14.866666666666667,4.0,0.0,0.0,-1,22,4896.8325,0.18,0.5,0.0,0.0,0.0,0,0,0.0,2018.84,1,0,0.0,19587.33,4,0,0.0,19587.33,4,0,0.0,0
LGS2ORD0012615,C011447,2025-04-10 21:00:00,Male,39,Gold,TV,Chonburi,213,Lazada,COD,21,4,3,0,30-40,7.1,4.0,0.0,0.0,-1,32,3831.2574999999997,0.28,0.5,0.5,0.0,0.0,0,0,0.0,0.0,0,0,0.0,15325.029999999999,4,0,0.0,15325.029999999999,4,0,0.0,0
LGS2ORD0012616,C013584,2025-04-10 22:00:00,Female,55,Gold,CallCenter,Bangkok,1558,Web,COD,22,4,3,0,>50,51.93333333333333,2.0,0.0,0.0,-1,34,1974.1950000000002,0.18,0.5,0.0,0.0,0.0,0,0,0.0,0.0,0,0,0.0,3948.3900000000003,2,0,0.0,3948.3900000000003,2,0,0.0,0
LGS2ORD0012617,C012077,2025-04-10 22:00:00,Female,61,Platinum,TV,Bangkok,977,Lazada,COD,22,4,3,0,>50,32.56666666666667,0.0,0.0,0.0,-1,-1,0.0,0.0,0.0,0.0,0.0,0.0,0,0,0.0,0.0,0,0,0.0,0.0,0,0,0.0,0.0,0,0,0.0,0
LGS2ORD0012618,C011279,2025-04-10 22:00:00,Male,43,Silver,TV,Bangkok,545,Web,COD,22,4,3,0,40-50,18.166666666666668,1.0,0.0,0.0,-1,1,4813.37,0.05,1.0,0.0,0.0,4813.37,1,0,0.0,4813.37,1,0,0.0,4813.37,1,0,0.0,4813.37,1,0,0.0,1
LGS2ORD0012619,C013153,2025-04-10 22:00:00,Female,49,Silver,Web,Phuket,1107,Lazada,COD,22,4,3,0,40-50,36.9,0.0,0.0,0.0,-1,-1,0.0,0.0,0.0,0.0,0.0,0.0,0,0,0.0,0.0,0,0,0.0,0.0,0,0,0.0,0.0,0,0,0.0,1
LGS2ORD0012620,C014902,2025-04-10 22:00:00,Male,41,Silver,TV,Phuket,614,Shopee,Credit_Card,22,4,3,0,40-50,20.466666666666665,1.0,0.0,0.0,-1,17,2376.73,0.05,0.0,0.0,0.0,0.0,0,0,0.0,2376.73,1,0,0.0,2376.73,1,0,0.0,2376.73,1,0,0.0,0
LGS2ORD0012621,C010763,2025-04-10 23:00:00,Female,46,Platinum,Web,Chiang Mai,1272,Shopee,Bank_Transfer,23,4,3,0,40-50,42.4,1.0,0.0,0.0,-1,8,5268.33,0.2,1.0,0.0,0.0,0.0,0,0,0.0,5268.33,1,0,0.0,5268.33,1,0,0.0,5268.33,1,0,0.0,0
LGS2ORD0012622,C014970,2025-04-10 23:00:00,Female,40,Bronze,Web,Songkhla,274,Web,Credit_Card,23,4,3,0,30-40,9.133333333333333,0.0,0.0,0.0,-1,-1,0.0,0.0,0.0,0.0,0.0,0.0,0,0,0.0,0.0,0,0,0.0,0.0,0,0,0.0,0.0,0,0,0.0,0
LGS2ORD0012623,C013866,2025-04-10 23:00:00,Female,30,Bronze,TV,Khon Kaen,1438,CallCenter,COD,23,4,3,0,20-30,47.93333333333333,3.0,1.0,0.3333333333333333,10,15,5001.72,0.08,0.3333333333333333,0.0,0.0,0.0,0,0,0.0,10085.71,2,1,0.5,10085.71,2,1,0.5,15005.16,3,1,0.3333333333333333,0
LGS2ORD0012624,C015427,2025-04-10 23:00:00,Female,50,Bronze,Web,Remote_Area,768,Shopee,COD,23,4,3,0,40-50,25.6,2.0,1.0,0.5,61,22,6945.24,0.23,1.0,0.5,0.0,0.0,0,0,0.0,12263.09,1,0,0.0,13890.48,2,1,0.5,13890.48,2,1,0.5,1
LGS2ORD0012625,C015840,2025-04-10 23:00:00,Male,30,Silver,Lazada,Bangkok,1022,TV_Show,COD,23,4,3,0,20-30,34.06666666666667,1.0,0.0,0.0,-1,74,8940.97,0.05,0.0,0.0,0.0,0.0,0,0,0.0,0.0,0,0,0.0,8940.97,1,0,0.0,8940.97,1,0,0.0,0
LGS2ORD0012626,C013799,2025-04-11 00:00:00,Female,63,Bronze,TV,Chiang Mai,424,Lazada,Credit_Card,0,4,4,0,>50,14.133333333333333,2.0,0.0,0.0,-1,14,8303.135,0.18,0.5,0.0,0.0,0.0,0,0,0.0,14170.77,1,0,0.0,16606.27,2,0,0.0,16606.27,2,0,0.0,0
LGS2ORD0012627,C013589,2025-04-11 00:00:00,Male,52,Silver,TV,Remote_Area,1197,TV_Show,COD,0,4,4,0,>50,39.9,0.0,0.0,0.0,-1,-1,0.0,0.0,0.0,0.0,0.0,0.0,0,0,0.0,0.0,0,0,0.0,0.0,0,0,0.0,0.0,0,0,0.0,0
LGS2ORD0012628,C013493,2025-04-11 00:00:00,Female,34,Bronze,Shopee,Bangkok,1538,Lazada,COD,0,4,4,0,30-40,51.266666666666666,1.0,0.0,0.0,-1,28,10019.57,0.03,1.0,0.0,0.0,0.0,0,0,0.0,10019.57,1,0,0.0,10019.57,1,0,0.0,10019.57,1,0,0.0,1
LGS2ORD0012629,C015912,2025-04-11 00:00:00,Male,44,Silver,Lazada,Khon Kaen,1349,Shopee,COD,0,4,4,0,40-50,44.96666666666667,1.0,1.0,1.0,-1,11,4326.42,0.3,1.0,1.0,0.0,0.0,0,0,0.0,4326.42,1,1,1.0,4326.42,1,1,1.0,4326.42,1,1,1.0,0
LGS2ORD0012630,C011260,2025-04-11 00:00:00,Female,36,Bronze,Web,Chiang Mai,767,Web,Credit_Card,0,4,4,0,30-40,25.566666666666666,4.0,1.0,0.25,47,7,3665.5275,0.23,0.75,0.25,0.0,0.0,0,0,0.0,9367.029999999999,2,0,0.0,9949.439999999999,3,1,0.3333333333333333,14662.11,4,1,0.25,0
LGS2ORD0012631,C010098,2025-04-11 01:00:00,Male,50,Bronze,Shopee,Chiang Mai,908,TV_Show,COD,1,4,4,0,40-50,30.266666666666666,0.0,0.0,0.0,-1,-1,0.0,0.0,0.0,0.0,0.0,0.0,0,0,0.0,0.0,0,0,0.0,0.0,0,0,0.0,0.0,0,0,0.0,0
LGS2ORD0012632,C017726,2025-04-11 01:00:00,Male,51,Platinum,Web,Chiang Mai,1241,CallCenter,Bank_Transfer,1,4,4,0,>50,41.36666666666667,0.0,0.0,0.0,-1,-1,0.0,0.0,0.0,0.0,0.0,0.0,0,0,0.0,0.0,0,0,0.0,0.0,0,0,0.0,0.0,0,0,0.0,0
LGS2ORD0012633,C011912,2025-04-11 01:00:00,Female,46,Gold,Shopee,Chiang Mai,851,CallCenter,COD,1,4,4,0,40-50,28.366666666666667,4.0,0.0,0.0,-1,6,3196.92,0.2299999999999999,0.25,0.25,0.0,1941.27,1,0,0.0,1941.27,1,0,0.0,12787.68,4,0,0.0,12787.68,4,0,0.0,0
LGS2ORD0012634,C014371,2025-04-11 01:00:00,Female,54,Platinum,TV,Chonburi,1018,CallCenter,Credit_Card,1,4,4,0,>50,33.93333333333333,2.0,0.0,0.0,-1,33,4584.87,0.3,0.5,0.5,0.0,0.0,0,0,0.0,0.0,0,0,0.0,9169.74,2,0,0.0,9169.74,2,0,0.0,0
LGS2ORD0012635,C012683,2025-04-11 01:00:00,Male,61,Silver,Web,Phuket,870,Lazada,PromptPay,1,4,4,0,>50,29.0,1.0,1.0,1.0,70,74,2268.85,0.3,1.0,1.0,0.0,0.0,0,0,0.0,0.0,0,0,0.0,2268.85,1,1,1.0,2268.85,1,1,1.0,0
LGS2ORD0012636,C011385,2025-04-11 01:00:00,Female,57,Bronze,TV,Bangkok,138,Shopee,Credit_Card,1,4,4,0,>50,4.6,0.0,0.0,0.0,-1,-1,0.0,0.0,0.0,0.0,0.0,0.0,0,0,0.0,0.0,0,0,0.0,0.0,0,0,0.0,0.0,0,0,0.0,0
LGS2ORD0012637,C010875,2025-04-11 02:00:00,Male,54,Bronze,CallCenter,Chonburi,790,Web,PromptPay,2,4,4,0,>50,26.333333333333332,3.0,1.0,0.3333333333333333,6,10,4769.886666666666,0.13,0.3333333333333333,0.0,0.0,0.0,0,0,0.0,6062.96,1,1,1.0,14309.66,3,1,0.3333333333333333,14309.66,3,1,0.3333333333333333,0
LGS2ORD0012638,C015269,2025-04-11 02:00:00,Female,18,Bronze,Web,Khon Kaen,1485,Lazada,COD,2,4,4,0,<20,49.5,3.0,1.0,0.3333333333333333,19,31,6018.516666666666,0.28,0.3333333333333333,0.3333333333333333,0.0,0.0,0,0,0.0,0.0,0,0,0.0,10010.84,1,1,1.0,18055.55,3,1,0.3333333333333333,0
LGS2ORD0012639,C016466,2025-04-11 02:00:00,Male,50,Gold,Lazada,Chiang Mai,329,CallCenter,COD,2,4,4,0,40-50,10.966666666666667,1.0,0.0,0.0,-1,80,12138.68,0.08,0.0,0.0,0.0,0.0,0,0,0.0,0.0,0,0,0.0,12138.68,1,0,0.0,12138.68,1,0,0.0,1
LGS2ORD0012640,C016221,2025-04-11 02:00:00,Female,28,Bronze,TV,Remote_Area,1363,Web,COD,2,4,4,0,20-30,45.43333333333333,3.0,1.0,0.3333333333333333,80,58,6151.923333333333,0.28,0.3333333333333333,0.6666666666666666,0.0,0.0,0,0,0.0,0.0,0,0,0.0,18455.77,3,1,0.3333333333333333,18455.77,3,1,0.3333333333333333,1
LGS2ORD0012641,C017727,2025-04-11 02:00:00,Other,68,Bronze,CallCenter,Bangkok,937,Web,COD,2,4,4,0,>50,31.233333333333334,1.0,1.0,1.0,8,14,1177.38,0.28,1.0,1.0,0.0,0.0,0,0,0.0,1177.38,1,1,1.0,1177.38,1,1,1.0,1177.38,1,1,1.0,0
LGS2ORD0012642,C012334,2025-04-11 03:00:00,Female,60,Gold,TV,Khon Kaen,1471,TV_Show,COD,3,4,4,0,>50,49.03333333333333,1.0,1.0,1.0,-7,3,37353.89,0.2299999999999999,0.0,1.0,0.0,37353.89,1,1,1.0,37353.89,1,1,1.0,37353.89,1,1,1.0,37353.89,1,1,1.0,1
LGS2ORD0012643,C017260,2025-04-11 03:00:00,Female,27,Bronze,CallCenter,Bangkok,1035,Lazada,PromptPay,3,4,4,0,20-30,34.5,2.0,0.0,0.0,-1,34,2204.38,0.13,0.5,0.0,0.0,0.0,0,0,0.0,0.0,0,0,0.0,4408.76,2,0,0.0,4408.76,2,0,0.0,0
LGS2ORD0012644,C011880,2025-04-11 03:00:00,Male,29,Silver,TV,Chiang Mai,682,Web,COD,3,4,4,0,20-30,22.733333333333334,4.0,0.0,0.0,-1,10,7129.395,0.25,0.5,1.0,0.0,0.0,0,0,0.0,10487.03,1,0,0.0,22441.34,3,0,0.0,28517.58,4,0,0.0,0
LGS2ORD0012645,C016814,2025-04-11 03:00:00,Female,32,Silver,Shopee,Khon Kaen,1457,Shopee,PromptPay,3,4,4,0,30-40,48.56666666666667,1.0,1.0,1.0,63,78,1644.28,0.25,1.0,1.0,0.0,0.0,0,0,0.0,0.0,0,0,0.0,1644.28,1,1,1.0,1644.28,1,1,1.0,0
LGS2ORD0012646,C010965,2025-04-11 03:00:00,Male,34,Bronze,TV,Bangkok,232,CallCenter,PromptPay,3,4,4,0,30-40,7.733333333333333,1.0,0.0,0.0,-1,77,1707.61,0.08,0.0,0.0,0.0,0.0,0,0,0.0,0.0,0,0,0.0,1707.61,1,0,0.0,1707.61,1,0,0.0,0
LGS2ORD0012647,C015006,2025-04-11 04:00:00,Male,48,Silver,CallCenter,Nakhon Ratchasima,419,TV_Show,Bank_Transfer,4,4,4,0,40-50,13.966666666666667,3.0,0.0,0.0,-1,56,10336.25,0.25,1.0,0.3333333333333333,0.0,0.0,0,0,0.0,0.0,0,0,0.0,31008.75,3,0,0.0,31008.75,3,0,0.0,0
LGS2ORD0012648,C017380,2025-04-11 04:00:00,Female,41,Bronze,Lazada,Bangkok,184,Lazada,Credit_Card,4,4,4,0,40-50,6.133333333333334,1.0,0.0,0.0,-1,3,23840.07,0.23,0.0,1.0,0.0,23840.07,1,0,0.0,23840.07,1,0,0.0,23840.07,1,0,0.0,23840.07,1,0,0.0,0
LGS2ORD0012649,C013142,2025-04-11 04:00:00,Female,49,Silver,Shopee,Bangkok,1251,TV_Show,PromptPay,4,4,4,0,40-50,41.7,2.0,1.0,0.5,11,16,1224.535,0.2,1.0,0.0,0.0,0.0,0,0,0.0,1661.63,1,1,1.0,2449.07,2,1,0.5,2449.07,2,1,0.5,0
LGS2ORD0012650,C012177,2025-04-11 04:00:00,Female,34,Bronze,Web,Nakhon Ratchasima,1137,CallCenter,COD,4,4,4,0,30-40,37.9,0.0,0.0,0.0,-1,-1,0.0,0.0,0.0,0.0,0.0,0.0,0,0,0.0,0.0,0,0,0.0,0.0,0,0,0.0,0.0,0,0,0.0,1
LGS2ORD0012651,C014313,2025-04-11 04:00:00,Female,49,Bronze,Shopee,Chiang Mai,181,TV_Show,COD,4,4,4,0,40-50,6.033333333333333,3.0,0.0,0.0,-1,56,9870.533333333335,0.18,0.3333333333333333,0.0,0.0,0.0,0,0,0.0,0.0,0,0,0.0,29611.600000000002,3,0,0.0,29611.600000000002,3,0,0.0,1
LGS2ORD0012652,C014780,2025-04-11 04:00:00,Female,46,Bronze,TV,Chiang Mai,1057,Web,COD,4,4,4,0,40-50,35.233333333333334,0.0,0.0,0.0,-1,-1,0.0,0.0,0.0,0.0,0.0,0.0,0,0,0.0,0.0,0,0,0.0,0.0,0,0,0.0,0.0,0,0,0.0,0
LGS2ORD0012653,C015408,2025-04-11 05:00:00,Male,68,Silver,Shopee,Chiang Mai,178,TV_Show,Bank_Transfer,5,4,4,0,>50,5.933333333333334,3.0,1.0,0.3333333333333333,40,3,3780.9500000000003,0.2,0.6666666666666666,0.0,0.0,3051.47,1,0,0.0,4129.5,2,0,0.0,11342.85,3,1,0.3333333333333333,11342.85,3,1,0.3333333333333333,0
LGS2ORD0012654,C012389,2025-04-11 05:00:00,Female,55,Gold,Shopee,Bangkok,188,Lazada,Credit_Card,5,4,4,0,>50,6.266666666666667,3.0,0.0,0.0,-1,22,3158.08,0.33,0.6666666666666666,0.6666666666666666,0.0,0.0,0,0,0.0,1363.41,1,0,0.0,8438.32,2,0,0.0,9474.24,3,0,0.0,0
LGS2ORD0012655,C010502,2025-04-11 05:00:00,Male,61,Bronze,TV,Remote_Area,701,Shopee,Credit_Card,5,4,4,0,>50,23.366666666666667,3.0,2.0,0.6666666666666666,13,4,6500.19,0.23,0.6666666666666666,0.3333333333333333,0.0,2399.11,1,0,0.0,11323.460000000001,2,1,0.5,19500.57,3,2,0.6666666666666666,19500.57,3,2,0.6666666666666666,0
LGS2ORD0012656,C013777,2025-04-11 05:00:00,Female,42,Bronze,Shopee,Nakhon Ratchasima,505,TV_Show,PromptPay,5,4,4,0,40-50,16.833333333333332,0.0,0.0,0.0,-1,-1,0.0,0.0,0.0,0.0,0.0,0.0,0,0,0.0,0.0,0,0,0.0,0.0,0,0,0.0,0.0,0,0,0.0,1
LGS2ORD0012657,C015425,2025-04-11 05:00:00,Male,34,Gold,Web,Bangkok,313,Shopee,Credit_Card,5,4,4,0,30-40,10.433333333333334,1.0,0.0,0.0,-1,60,4686.67,0.2299999999999999,0.0,1.0,0.0,0.0,0,0,0.0,0.0,0,0,0.0,4686.67,1,0,0.0,4686.67,1,0,0.0,0
LGS2ORD0012658,C012939,2025-04-11 06:00:00,Female,43,Gold,TV,Phuket,948,Shopee,COD,6,4,4,0,40-50,31.6,0.0,0.0,0.0,-1,-1,0.0,0.0,0.0,0.0,0.0,0.0,0,0,0.0,0.0,0,0,0.0,0.0,0,0,0.0,0.0,0,0,0.0,0
LGS2ORD0012659,C016429,2025-04-11 06:00:00,Female,43,Bronze,TV,Chiang Mai,777,Shopee,Bank_Transfer,6,4,4,0,40-50,25.9,0.0,0.0,0.0,-1,-1,0.0,0.0,0.0,0.0,0.0,0.0,0,0,0.0,0.0,0,0,0.0,0.0,0,0,0.0,0.0,0,0,0.0,1
LGS2ORD0012660,C013879,2025-04-11 06:00:00,Female,43,Bronze,TV,Chiang Mai,1070,TV_Show,COD,6,4,4,0,40-50,35.666666666666664,2.0,2.0,1.0,0,3,9864.785,0.18,0.0,0.0,0.0,6069.07,1,1,1.0,6069.07,1,1,1.0,19729.57,2,2,1.0,19729.57,2,2,1.0,1
LGS2ORD0012661,C015235,2025-04-11 06:00:00,Female,51,Bronze,Web,Phuket,479,Web,PromptPay,6,4,4,0,>50,15.966666666666667,1.0,1.0,1.0,52,64,2302.07,0.03,1.0,0.0,0.0,0.0,0,0,0.0,0.0,0,0,0.0,2302.07,1,1,1.0,2302.07,1,1,1.0,0
LGS2ORD0012662,C017923,2025-04-11 06:00:00,Female,61,Gold,TV,Nakhon Ratchasima,918,TV_Show,PromptPay,6,4,4,0,>50,30.6,2.0,0.0,0.0,-1,2,28334.945,0.28,0.5,0.5,0.0,47851.16,1,0,0.0,47851.16,1,0,0.0,56669.89,2,0,0.0,56669.89,2,0,0.0,0
LGS2ORD0012663,C015981,2025-04-11 07:00:00,Female,37,Silver,Lazada,Bangkok,1286,Lazada,PromptPay,7,4,4,0,30-40,42.86666666666667,1.0,0.0,0.0,-1,11,7875.02,0.05,1.0,0.0,0.0,0.0,0,0,0.0,7875.02,1,0,0.0,7875.02,1,0,0.0,7875.02,1,0,0.0,0
LGS2ORD0012664,C013464,2025-04-11 07:00:00,Female,36,Bronze,Shopee,Chonburi,624,Shopee,Credit_Card,7,4,4,0,30-40,20.8,1.0,0.0,0.0,-1,49,661.56,0.03,0.0,0.0,0.0,0.0,0,0,0.0,0.0,0,0,0.0,661.56,1,0,0.0,661.56,1,0,0.0,1
LGS2ORD0012665,C014300,2025-04-11 07:00:00,Male,38,Platinum,CallCenter,Bangkok,1522,CallCenter,COD,7,4,4,0,30-40,50.733333333333334,1.0,0.0,0.0,-1,19,3152.55,0.15,0.0,0.0,0.0,0.0,0,0,0.0,3152.55,1,0,0.0,3152.55,1,0,0.0,3152.55,1,0,0.0,1
LGS2ORD0012666,C011712,2025-04-11 07:00:00,Other,54,Bronze,Shopee,Phuket,1234,Web,Bank_Transfer,7,4,4,0,>50,41.13333333333333,2.0,0.0,0.0,-1,13,4090.83,0.28,0.0,0.5,0.0,0.0,0,0,0.0,3437.6,1,0,0.0,8181.66,2,0,0.0,8181.66,2,0,0.0,1
LGS2ORD0012667,C017599,2025-04-11 07:00:00,Other,48,Gold,Lazada,Bangkok,1225,CallCenter,Bank_Transfer,7,4,4,0,40-50,40.833333333333336,2.0,0.0,0.0,-1,10,1392.09,0.18,0.0,0.0,0.0,0.0,0,0,0.0,1055.35,1,0,0.0,2784.18,2,0,0.0,2784.18,2,0,0.0,0
LGS2ORD0012668,C011112,2025-04-11 08:00:00,Female,49,Gold,TV,Khon Kaen,933,TV_Show,Bank_Transfer,8,4,4,0,40-50,31.1,1.0,0.0,0.0,-1,75,928.54,0.13,0.0,0.0,0.0,0.0,0,0,0.0,0.0,0,0,0.0,928.54,1,0,0.0,928.54,1,0,0.0,0
LGS2ORD0012669,C013373,2025-04-11 08:00:00,Female,52,Bronze,Lazada,Songkhla,597,Lazada,COD,8,4,4,0,>50,19.9,1.0,0.0,0.0,-1,3,301.66,0.08,0.0,0.0,0.0,301.66,1,0,0.0,301.66,1,0,0.0,301.66,1,0,0.0,301.66,1,0,0.0,0
LGS2ORD0012670,C011566,2025-04-11 08:00:00,Male,38,Gold,Shopee,Khon Kaen,1312,TV_Show,COD,8,4,4,0,30-40,43.733333333333334,3.0,1.0,0.3333333333333333,2,14,3749.5866666666666,0.33,0.3333333333333333,0.6666666666666666,0.0,0.0,0,0,0.0,6758.45,1,1,1.0,11248.76,3,1,0.3333333333333333,11248.76,3,1,0.3333333333333333,0
LGS2ORD0012671,C015056,2025-04-11 08:00:00,Female,44,Silver,Lazada,Chiang Mai,151,Shopee,COD,8,4,4,0,40-50,5.033333333333333,0.0,0.0,0.0,-1,-1,0.0,0.0,0.0,0.0,0.0,0.0,0,0,0.0,0.0,0,0,0.0,0.0,0,0,0.0,0.0,0,0,0.0,0
LGS2ORD0012672,C011199,2025-04-11 08:00:00,Male,47,Gold,Lazada,Bangkok,979,TV_Show,Bank_Transfer,8,4,4,0,40-50,32.63333333333333,0.0,0.0,0.0,-1,-1,0.0,0.0,0.0,0.0,0.0,0.0,0,0,0.0,0.0,0,0,0.0,0.0,0,0,0.0,0.0,0,0,0.0,0
LGS2ORD0012673,C016209,2025-04-11 08:00:00,Female,32,Bronze,Lazada,Nakhon Ratchasima,1307,Shopee,Credit_Card,8,4,4,0,30-40,43.56666666666667,2.0,1.0,0.5,43,37,9551.86,0.23,1.0,0.5,0.0,0.0,0,0,0.0,0.0,0,0,0.0,19103.72,2,1,0.5,19103.72,2,1,0.5,1
LGS2ORD0012674,C011394,2025-04-11 09:00:00,Male,49,Silver,Web,Chiang Mai,1530,Web,COD,9,4,4,0,40-50,51.0,1.0,0.0,0.0,-1,56,1164.27,0.3,0.0,1.0,0.0,0.0,0,0,0.0,0.0,0,0,0.0,1164.27,1,0,0.0,1164.27,1,0,0.0,0
LGS2ORD0012675,C015084,2025-04-11 09:00:00,Female,30,Bronze,Shopee,Bangkok,242,CallCenter,Credit_Card,9,4,4,0,20-30,8.066666666666666,0.0,0.0,0.0,-1,-1,0.0,0.0,0.0,0.0,0.0,0.0,0,0,0.0,0.0,0,0,0.0,0.0,0,0,0.0,0.0,0,0,0.0,0
LGS2ORD0012676,C013542,2025-04-11 09:00:00,Female,22,Bronze,TV,Bangkok,1082,Shopee,PromptPay,9,4,4,0,20-30,36.06666666666667,3.0,2.0,0.6666666666666666,29,16,1696.5533333333333,0.23,1.0,0.3333333333333333,0.0,0.0,0,0,0.0,958.67,1,0,0.0,5089.66,3,2,0.6666666666666666,5089.66,3,2,0.6666666666666666,1
LGS2ORD0012677,C011850,2025-04-11 09:00:00,Male,57,Bronze,Shopee,Remote_Area,402,Shopee,COD,9,4,4,0,>50,13.4,1.0,0.0,0.0,-1,42,548.34,0.18,1.0,0.0,0.0,0.0,0,0,0.0,0.0,0,0,0.0,548.34,1,0,0.0,548.34,1,0,0.0,1
LGS2ORD0012678,C015114,2025-04-11 09:00:00,Female,51,Silver,Lazada,Bangkok,558,Web,COD,9,4,4,0,>50,18.6,5.0,0.0,0.0,-1,42,11467.592,0.25,0.4,0.2,0.0,0.0,0,0,0.0,0.0,0,0,0.0,57337.96,5,0,0.0,57337.96,5,0,0.0,0
LGS2ORD0012679,C015532,2025-04-11 10:00:00,Male,58,Bronze,Web,Remote_Area,415,CallCenter,COD,10,4,4,0,>50,13.833333333333334,4.0,2.0,0.5,-9,3,6451.2300000000005,0.28,0.25,0.5,0.0,5268.22,1,1,1.0,5268.22,1,1,1.0,20494.07,3,1,0.3333333333333333,25804.920000000002,4,2,0.5,1
LGS2ORD0012680,C016069,2025-04-11 10:00:00,Other,56,Bronze,TV,Bangkok,1043,Lazada,COD,10,4,4,0,>50,34.766666666666666,3.0,2.0,0.6666666666666666,34,43,2951.4300000000003,0.23,0.6666666666666666,0.3333333333333333,0.0,0.0,0,0,0.0,0.0,0,0,0.0,8854.29,3,2,0.6666666666666666,8854.29,3,2,0.6666666666666666,0
LGS2ORD0012681,C016073,2025-04-11 10:00:00,Female,32,Bronze,Shopee,Bangkok,608,Shopee,PromptPay,10,4,4,0,30-40,20.266666666666666,6.0,0.0,0.0,-1,1,11104.198333333334,0.23,0.8333333333333334,0.3333333333333333,0.0,1994.52,1,0,0.0,31002.220000000005,4,0,0.0,66625.19,6,0,0.0,66625.19,6,0,0.0,0
LGS2ORD0012682,C010468,2025-04-11 10:00:00,Male,44,Bronze,Shopee,Chiang Mai,1376,TV_Show,COD,10,4,4,0,40-50,45.86666666666667,4.0,1.0,0.25,68,2,9856.7475,0.28,1.0,0.5,0.0,12159.88,1,0,0.0,14471.71,2,0,0.0,39426.99,4,1,0.25,39426.99,4,1,0.25,0
LGS2ORD0012683,C016517,2025-04-11 10:00:00,Male,58,Bronze,TV,Bangkok,1279,CallCenter,COD,10,4,4,0,>50,42.63333333333333,2.0,1.0,0.5,39,49,9124.970000000001,0.23,0.5,0.5,0.0,0.0,0,0,0.0,0.0,0,0,0.0,18249.940000000002,2,1,0.5,18249.940000000002,2,1,0.5,1
LGS2ORD0012684,C010618,2025-04-11 11:00:00,Other,45,Bronze,Shopee,Nakhon Ratchasima,1032,TV_Show,Credit_Card,11,4,4,0,40-50,34.4,1.0,0.0,0.0,-1,27,18690.38,0.28,0.0,1.0,0.0,0.0,0,0,0.0,18690.38,1,0,0.0,18690.38,1,0,0.0,18690.38,1,0,0.0,0
LGS2ORD0012685,C015516,2025-04-11 11:00:00,Male,46,Silver,TV,Nakhon Ratchasima,519,CallCenter,Credit_Card,11,4,4,0,40-50,17.3,1.0,0.0,0.0,-1,92,1326.14,0.05,1.0,0.0,0.0,0.0,0,0,0.0,0.0,0,0,0.0,0.0,0,0,0.0,1326.14,1,0,0.0,0
LGS2ORD0012686,C012590,2025-04-11 11:00:00,Female,59,Platinum,Shopee,Chiang Mai,582,Lazada,COD,11,4,4,0,>50,19.4,2.0,0.0,0.0,-1,43,5124.54,0.25,0.5,0.5,0.0,0.0,0,0,0.0,0.0,0,0,0.0,4100.25,1,0,0.0,10249.08,2,0,0.0,1
LGS2ORD0012687,C013478,2025-04-11 11:00:00,Male,32,Bronze,Lazada,Bangkok,908,TV_Show,COD,11,4,4,0,30-40,30.266666666666666,2.0,0.0,0.0,-1,59,2818.665,0.03,0.0,0.0,0.0,0.0,0,0,0.0,0.0,0,0,0.0,5637.33,2,0,0.0,5637.33,2,0,0.0,1
LGS2ORD0012688,C014505,2025-04-11 11:00:00,Female,30,Gold,Lazada,Bangkok,1099,Web,COD,11,4,4,0,20-30,36.63333333333333,4.0,0.0,0.0,-1,6,4171.860000000001,0.18,0.5,0.0,0.0,1771.63,1,0,0.0,9507.69,2,0,0.0,16687.440000000002,4,0,0.0,16687.440000000002,4,0,0.0,0
LGS2ORD0012689,C012258,2025-04-11 12:00:00,Male,41,Bronze,Shopee,Songkhla,986,TV_Show,COD,12,4,4,0,40-50,32.86666666666667,1.0,1.0,1.0,59,70,5045.55,0.08,1.0,0.0,0.0,0.0,0,0,0.0,0.0,0,0,0.0,5045.55,1,1,1.0,5045.55,1,1,1.0,0
LGS2ORD0012690,C013826,2025-04-11 12:00:00,Male,44,Gold,CallCenter,Khon Kaen,1144,TV_Show,Bank_Transfer,12,4,4,0,40-50,38.13333333333333,0.0,0.0,0.0,-1,-1,0.0,0.0,0.0,0.0,0.0,0.0,0,0,0.0,0.0,0,0,0.0,0.0,0,0,0.0,0.0,0,0,0.0,0
LGS2ORD0012691,C013337,2025-04-11 12:00:00,Male,21,Silver,Shopee,Nakhon Ratchasima,1476,CallCenter,PromptPay,12,4,4,0,20-30,49.2,0.0,0.0,0.0,-1,-1,0.0,0.0,0.0,0.0,0.0,0.0,0,0,0.0,0.0,0,0,0.0,0.0,0,0,0.0,0.0,0,0,0.0,0
LGS2ORD0012692,C013180,2025-04-11 12:00:00,Male,21,Gold,Web,Khon Kaen,905,Web,COD,12,4,4,0,20-30,30.166666666666668,1.0,0.0,0.0,-1,52,3230.91,0.08,1.0,0.0,0.0,0.0,0,0,0.0,0.0,0,0,0.0,3230.91,1,0,0.0,3230.91,1,0,0.0,0
LGS2ORD0012693,C013520,2025-04-11 12:00:00,Female,29,Bronze,Web,Remote_Area,993,TV_Show,Credit_Card,12,4,4,0,20-30,33.1,0.0,0.0,0.0,-1,-1,0.0,0.0,0.0,0.0,0.0,0.0,0,0,0.0,0.0,0,0,0.0,0.0,0,0,0.0,0.0,0,0,0.0,0
LGS2ORD0012694,C017856,2025-04-11 12:00:00,Female,48,Bronze,Web,Bangkok,322,Shopee,Bank_Transfer,12,4,4,0,40-50,10.733333333333333,2.0,2.0,1.0,24,29,3921.82,0.23,0.5,0.5,0.0,0.0,0,0,0.0,7274.8,1,1,1.0,7843.64,2,2,1.0,7843.64,2,2,1.0,0
LGS2ORD0012695,C012863,2025-04-11 13:00:00,Female,41,Bronze,TV,Songkhla,1108,Shopee,COD,13,4,4,0,40-50,36.93333333333333,1.0,0.0,0.0,-1,23,26607.48,0.08,0.0,0.0,0.0,0.0,0,0,0.0,26607.48,1,0,0.0,26607.48,1,0,0.0,26607.48,1,0,0.0,1
LGS2ORD0012696,C016569,2025-04-11 13:00:00,Male,44,Gold,Web,Bangkok,604,CallCenter,COD,13,4,4,0,40-50,20.133333333333333,2.0,0.0,0.0,-1,9,9143.66,0.2299999999999999,0.5,1.0,0.0,0.0,0,0,0.0,17298.45,1,0,0.0,18287.32,2,0,0.0,18287.32,2,0,0.0,0
LGS2ORD0012697,C014464,2025-04-11 13:00:00,Male,35,Bronze,TV,Chonburi,1199,TV_Show,COD,13,4,4,0,30-40,39.96666666666667,1.0,0.0,0.0,-1,41,2459.14,0.18,1.0,0.0,0.0,0.0,0,0,0.0,0.0,0,0,0.0,2459.14,1,0,0.0,2459.14,1,0,0.0,0
LGS2ORD0012698,C010920,2025-04-11 13:00:00,Male,21,Gold,CallCenter,Bangkok,1213,Shopee,Bank_Transfer,13,4,4,0,20-30,40.43333333333333,3.0,1.0,0.3333333333333333,66,7,2026.2866666666666,0.28,0.3333333333333333,1.0,0.0,0.0,0,0,0.0,1456.49,1,0,0.0,6078.86,3,1,0.3333333333333333,6078.86,3,1,0.3333333333333333,1
LGS2ORD0012699,C016515,2025-04-11 13:00:00,Male,23,Silver,Web,Bangkok,1470,CallCenter,PromptPay,13,4,4,0,20-30,49.0,0.0,0.0,0.0,-1,-1,0.0,0.0,0.0,0.0,0.0,0.0,0,0,0.0,0.0,0,0,0.0,0.0,0,0,0.0,0.0,0,0,0.0,1
LGS2ORD0012700,C012264,2025-04-11 14:00:00,Male,49,Silver,TV,Phuket,1197,Shopee,COD,14,4,4,0,40-50,39.9,0.0,0.0,0.0,-1,-1,0.0,0.0,0.0,0.0,0.0,0.0,0,0,0.0,0.0,0,0,0.0,0.0,0,0,0.0,0.0,0,0,0.0,0
LGS2ORD0012701,C016128,2025-04-11 14:00:00,Male,44,Platinum,Web,Chonburi,196,Web,Bank_Transfer,14,4,4,0,40-50,6.533333333333333,1.0,0.0,0.0,-1,69,15581.01,0.15,0.0,0.0,0.0,0.0,0,0,0.0,0.0,0,0,0.0,15581.01,1,0,0.0,15581.01,1,0,0.0,0
LGS2ORD0012702,C015734,2025-04-11 14:00:00,Male,35,Bronze,Web,Chiang Mai,700,CallCenter,Credit_Card,14,4,4,0,30-40,23.333333333333332,0.0,0.0,0.0,-1,-1,0.0,0.0,0.0,0.0,0.0,0.0,0,0,0.0,0.0,0,0,0.0,0.0,0,0,0.0,0.0,0,0,0.0,0
LGS2ORD0012703,C013679,2025-04-11 14:00:00,Female,31,Silver,Web,Bangkok,700,Lazada,COD,14,4,4,0,30-40,23.333333333333332,0.0,0.0,0.0,-1,-1,0.0,0.0,0.0,0.0,0.0,0.0,0,0,0.0,0.0,0,0,0.0,0.0,0,0,0.0,0.0,0,0,0.0,0
LGS2ORD0012704,C011594,2025-04-11 14:00:00,Female,27,Gold,CallCenter,Bangkok,1439,TV_Show,Credit_Card,14,4,4,0,20-30,47.96666666666667,4.0,0.0,0.0,-1,43,6242.552499999999,0.2299999999999999,0.75,0.25,0.0,0.0,0,0,0.0,0.0,0,0,0.0,24970.209999999995,4,0,0.0,24970.209999999995,4,0,0.0,0
LGS2ORD0012705,C017984,2025-04-11 15:00:00,Female,61,Bronze,Lazada,Khon Kaen,1396,CallCenter,COD,15,4,4,0,>50,46.53333333333333,1.0,0.0,0.0,-1,57,8547.99,0.23,1.0,1.0,0.0,0.0,0,0,0.0,0.0,0,0,0.0,8547.99,1,0,0.0,8547.99,1,0,0.0,1
LGS2ORD0012706,C012801,2025-04-11 15:00:00,Female,29,Gold,CallCenter,Chonburi,636,Web,PromptPay,15,4,4,0,20-30,21.2,0.0,0.0,0.0,-1,-1,0.0,0.0,0.0,0.0,0.0,0.0,0,0,0.0,0.0,0,0,0.0,0.0,0,0,0.0,0.0,0,0,0.0,0
LGS2ORD0012707,C013924,2025-04-11 15:00:00,Male,46,Bronze,CallCenter,Bangkok,977,Shopee,Credit_Card,15,4,4,0,40-50,32.56666666666667,1.0,1.0,1.0,37,47,1264.44,0.13,1.0,0.0,0.0,0.0,0,0,0.0,0.0,0,0,0.0,1264.44,1,1,1.0,1264.44,1,1,1.0,0
LGS2ORD0012708,C011021,2025-04-11 15:00:00,Male,64,Bronze,TV,Bangkok,1435,TV_Show,Bank_Transfer,15,4,4,0,>50,47.833333333333336,2.0,0.0,0.0,-1,25,2641.61,0.28,0.5,0.5,0.0,0.0,0,0,0.0,1848.92,1,0,0.0,5283.22,2,0,0.0,5283.22,2,0,0.0,0
LGS2ORD0012709,C017954,2025-04-11 15:00:00,Female,26,Bronze,Lazada,Remote_Area,1356,TV_Show,Credit_Card,15,4,4,0,20-30,45.2,1.0,0.0,0.0,-1,93,6041.82,0.18,0.0,0.0,0.0,0.0,0,0,0.0,0.0,0,0,0.0,0.0,0,0,0.0,6041.82,1,0,0.0,0
LGS2ORD0012710,C014798,2025-04-11 16:00:00,Female,36,Silver,Lazada,Phuket,1241,Shopee,Credit_Card,16,4,4,0,30-40,41.36666666666667,1.0,1.0,1.0,83,93,3976.57,0.25,0.0,1.0,0.0,0.0,0,0,0.0,0.0,0,0,0.0,0.0,0,0,0.0,3976.57,1,1,1.0,0
LGS2ORD0012711,C016091,2025-04-11 16:00:00,Male,52,Bronze,TV,Bangkok,265,Lazada,PromptPay,16,4,4,0,>50,8.833333333333334,1.0,0.0,0.0,-1,55,589.69,0.18,0.0,0.0,0.0,0.0,0,0,0.0,0.0,0,0,0.0,589.69,1,0,0.0,589.69,1,0,0.0,0
LGS2ORD0012712,C012986,2025-04-11 16:00:00,Female,38,Silver,TV,Bangkok,1447,Web,Bank_Transfer,16,4,4,0,30-40,48.233333333333334,1.0,0.0,0.0,-1,48,3878.17,0.1,1.0,0.0,0.0,0.0,0,0,0.0,0.0,0,0,0.0,3878.17,1,0,0.0,3878.17,1,0,0.0,1
LGS2ORD0012713,C015555,2025-04-11 16:00:00,Male,40,Bronze,TV,Nakhon Ratchasima,1302,TV_Show,COD,16,4,4,0,30-40,43.4,4.0,0.0,0.0,-1,10,7563.465,0.18,0.5,0.0,0.0,0.0,0,0,0.0,12474.5,2,0,0.0,30253.86,4,0,0.0,30253.86,4,0,0.0,0
LGS2ORD0012714,C011339,2025-04-11 16:00:00,Male,41,Bronze,Lazada,Remote_Area,663,Lazada,Bank_Transfer,16,4,4,0,40-50,22.1,0.0,0.0,0.0,-1,-1,0.0,0.0,0.0,0.0,0.0,0.0,0,0,0.0,0.0,0,0,0.0,0.0,0,0,0.0,0.0,0,0,0.0,0
LGS2ORD0012715,C011907,2025-04-11 16:00:00,Male,41,Gold,TV,Phuket,1311,TV_Show,COD,16,4,4,0,40-50,43.7,0.0,0.0,0.0,-1,-1,0.0,0.0,0.0,0.0,0.0,0.0,0,0,0.0,0.0,0,0,0.0,0.0,0,0,0.0,0.0,0,0,0.0,0
LGS2ORD0012716,C011971,2025-04-11 17:00:00,Female,28,Bronze,TV,Songkhla,1246,Shopee,Credit_Card,17,4,4,0,20-30,41.53333333333333,4.0,3.0,0.75,10,18,9928.15,0.28,0.5,0.5,0.0,0.0,0,0,0.0,12396.74,2,2,1.0,39712.6,4,3,0.75,39712.6,4,3,0.75,0
LGS2ORD0012717,C010977,2025-04-11 17:00:00,Female,43,Silver,TV,Phuket,611,Lazada,COD,17,4,4,0,40-50,20.366666666666667,3.0,2.0,0.6666666666666666,11,17,4147.093333333333,0.3,0.6666666666666666,0.3333333333333333,0.0,0.0,0,0,0.0,9894.97,1,1,1.0,10592.24,2,1,0.5,12441.279999999999,3,2,0.6666666666666666,1
LGS2ORD0012718,C016003,2025-04-11 17:00:00,Female,33,Bronze,TV,Bangkok,876,CallCenter,Credit_Card,17,4,4,0,30-40,29.2,3.0,1.0,0.3333333333333333,85,20,5070.583333333333,0.18,0.3333333333333333,0.0,0.0,0.0,0,0,0.0,2269.1,1,0,0.0,2269.1,1,0,0.0,15211.75,3,1,0.3333333333333333,1
LGS2ORD0012719,C017947,2025-04-11 17:00:00,Other,28,Bronze,CallCenter,Phuket,680,TV_Show,COD,17,4,4,0,20-30,22.666666666666668,4.0,2.0,0.5,0,7,7432.43,0.23,0.5,0.25,0.0,0.0,0,0,0.0,9758.21,1,1,1.0,29729.72,4,2,0.5,29729.72,4,2,0.5,0
LGS2ORD0012720,C015543,2025-04-11 17:00:00,Female,55,Platinum,Shopee,Khon Kaen,425,TV_Show,Credit_Card,17,4,4,0,>50,14.166666666666666,2.0,0.0,0.0,-1,40,1073.24,0.2,0.5,0.0,0.0,0.0,0,0,0.0,0.0,0,0,0.0,2146.48,2,0,0.0,2146.48,2,0,0.0,0
LGS2ORD0012721,C010199,2025-04-11 18:00:00,Male,18,Gold,TV,Phuket,1530,Shopee,Bank_Transfer,18,4,4,0,<20,51.0,0.0,0.0,0.0,-1,-1,0.0,0.0,0.0,0.0,0.0,0.0,0,0,0.0,0.0,0,0,0.0,0.0,0,0,0.0,0.0,0,0,0.0,0
LGS2ORD0012722,C012913,2025-04-11 18:00:00,Male,19,Silver,Lazada,Bangkok,1034,Lazada,COD,18,4,4,0,<20,34.46666666666667,0.0,0.0,0.0,-1,-1,0.0,0.0,0.0,0.0,0.0,0.0,0,0,0.0,0.0,0,0,0.0,0.0,0,0,0.0,0.0,0,0,0.0,0
LGS2ORD0012723,C011482,2025-04-11 18:00:00,Male,54,Silver,Web,Nakhon Ratchasima,288,CallCenter,PromptPay,18,4,4,0,>50,9.6,1.0,0.0,0.0,-1,55,19303.26,0.05,1.0,0.0,0.0,0.0,0,0,0.0,0.0,0,0,0.0,19303.26,1,0,0.0,19303.26,1,0,0.0,0
LGS2ORD0012724,C015079,2025-04-11 18:00:00,Male,33,Bronze,TV,Phuket,702,CallCenter,COD,18,4,4,0,30-40,23.4,0.0,0.0,0.0,-1,-1,0.0,0.0,0.0,0.0,0.0,0.0,0,0,0.0,0.0,0,0,0.0,0.0,0,0,0.0,0.0,0,0,0.0,0
LGS2ORD0012725,C016231,2025-04-11 18:00:00,Female,34,Bronze,TV,Songkhla,1237,Shopee,Bank_Transfer,18,4,4,0,30-40,41.233333333333334,0.0,0.0,0.0,-1,-1,0.0,0.0,0.0,0.0,0.0,0.0,0,0,0.0,0.0,0,0,0.0,0.0,0,0,0.0,0.0,0,0,0.0,0
LGS2ORD0012726,C017424,2025-04-11 19:00:00,Female,51,Bronze,TV,Bangkok,1442,TV_Show,COD,19,4,4,0,>50,48.06666666666667,0.0,0.0,0.0,-1,-1,0.0,0.0,0.0,0.0,0.0,0.0,0,0,0.0,0.0,0,0,0.0,0.0,0,0,0.0,0.0,0,0,0.0,0
LGS2ORD0012727,C017804,2025-04-11 19:00:00,Female,46,Silver,Shopee,Phuket,272,TV_Show,Credit_Card,19,4,4,0,40-50,9.066666666666666,1.0,1.0,1.0,51,68,2878.81,0.25,0.0,1.0,0.0,0.0,0,0,0.0,0.0,0,0,0.0,2878.81,1,1,1.0,2878.81,1,1,1.0,0
LGS2ORD0012728,C012882,2025-04-11 19:00:00,Male,57,Silver,Shopee,Chiang Mai,137,TV_Show,Credit_Card,19,4,4,0,>50,4.566666666666666,1.0,0.0,0.0,-1,21,1115.46,0.1,0.0,0.0,0.0,0.0,0,0,0.0,1115.46,1,0,0.0,1115.46,1,0,0.0,1115.46,1,0,0.0,0
LGS2ORD0012729,C017271,2025-04-11 19:00:00,Male,41,Bronze,TV,Nakhon Ratchasima,1200,Web,COD,19,4,4,0,40-50,40.0,3.0,0.0,0.0,-1,58,1138.1066666666668,0.28,0.6666666666666666,0.3333333333333333,0.0,0.0,0,0,0.0,0.0,0,0,0.0,2151.25,2,0,0.0,3414.32,3,0,0.0,1
LGS2ORD0012730,C015132,2025-04-11 19:00:00,Female,46,Gold,TV,Nakhon Ratchasima,1487,Lazada,COD,19,4,4,0,40-50,49.56666666666667,2.0,0.0,0.0,-1,68,3573.435,0.13,0.0,0.0,0.0,0.0,0,0,0.0,0.0,0,0,0.0,1813.89,1,0,0.0,7146.87,2,0,0.0,1
LGS2ORD0012731,C014583,2025-04-11 20:00:00,Female,46,Silver,TV,Songkhla,1306,Shopee,COD,20,4,4,0,40-50,43.53333333333333,4.0,3.0,0.75,40,45,7270.1475,0.25,0.75,0.5,0.0,0.0,0,0,0.0,0.0,0,0,0.0,29080.59,4,3,0.75,29080.59,4,3,0.75,0
LGS2ORD0012732,C017672,2025-04-11 20:00:00,Male,50,Silver,Shopee,Songkhla,554,TV_Show,COD,20,4,4,0,40-50,18.466666666666665,0.0,0.0,0.0,-1,-1,0.0,0.0,0.0,0.0,0.0,0.0,0,0,0.0,0.0,0,0,0.0,0.0,0,0,0.0,0.0,0,0,0.0,1
LGS2ORD0012733,C014536,2025-04-11 20:00:00,Male,19,Bronze,Lazada,Chiang Mai,979,Web,Bank_Transfer,20,4,4,0,<20,32.63333333333333,3.0,0.0,0.0,-1,10,6470.616666666666,0.18,0.0,0.0,0.0,0.0,0,0,0.0,16414.47,2,0,0.0,19411.85,3,0,0.0,19411.85,3,0,0.0,0
LGS2ORD0012734,C017473,2025-04-11 20:00:00,Female,39,Platinum,Web,Chonburi,1107,TV_Show,PromptPay,20,4,4,0,30-40,36.9,0.0,0.0,0.0,-1,-1,0.0,0.0,0.0,0.0,0.0,0.0,0,0,0.0,0.0,0,0,0.0,0.0,0,0,0.0,0.0,0,0,0.0,1
LGS2ORD0012735,C016415,2025-04-11 20:00:00,Male,69,Bronze,Shopee,Nakhon Ratchasima,1424,Web,Credit_Card,20,4,4,0,>50,47.46666666666667,8.0,2.0,0.25,-2,7,7518.13375,0.23,0.5,0.25,0.0,0.0,0,0,0.0,49489.99999999999,3,2,0.6666666666666666,56330.51,7,2,0.2857142857142857,60145.07,8,2,0.25,0
LGS2ORD0012736,C016495,2025-04-11 20:00:00,Female,44,Bronze,TV,Nakhon Ratchasima,653,Lazada,PromptPay,20,4,4,0,40-50,21.766666666666666,2.0,1.0,0.5,28,30,3647.94,0.28,0.5,0.5,0.0,0.0,0,0,0.0,0.0,0,0,0.0,7295.88,2,1,0.5,7295.88,2,1,0.5,0
LGS2ORD0012737,C015556,2025-04-11 21:00:00,Female,47,Silver,Lazada,Nakhon Ratchasima,1183,CallCenter,COD,21,4,4,0,40-50,39.43333333333333,2.0,1.0,0.5,58,70,2865.3450000000003,0.2,0.5,0.0,0.0,0.0,0,0,0.0,0.0,0,0,0.0,5730.6900000000005,2,1,0.5,5730.6900000000005,2,1,0.5,0
LGS2ORD0012738,C012369,2025-04-11 21:00:00,Female,53,Bronze,Shopee,Phuket,258,CallCenter,Credit_Card,21,4,4,0,>50,8.6,0.0,0.0,0.0,-1,-1,0.0,0.0,0.0,0.0,0.0,0.0,0,0,0.0,0.0,0,0,0.0,0.0,0,0,0.0,0.0,0,0,0.0,0
LGS2ORD0012739,C013072,2025-04-11 21:00:00,Female,23,Bronze,CallCenter,Khon Kaen,1219,Shopee,COD,21,4,4,0,20-30,40.63333333333333,2.0,1.0,0.5,36,51,2359.465,0.28,0.5,0.5,0.0,0.0,0,0,0.0,0.0,0,0,0.0,4718.93,2,1,0.5,4718.93,2,1,0.5,1
LGS2ORD0012740,C013344,2025-04-11 21:00:00,Female,56,Silver,Web,Remote_Area,1277,Shopee,COD,21,4,4,0,>50,42.56666666666667,3.0,1.0,0.3333333333333333,66,20,14731.53,0.1,0.6666666666666666,0.0,0.0,0.0,0,0,0.0,39928.72,1,0,0.0,43828.11,2,1,0.5,44194.590000000004,3,1,0.3333333333333333,0
LGS2ORD0012741,C011706,2025-04-11 21:00:00,Female,53,Silver,Web,Bangkok,970,Lazada,COD,21,4,4,0,>50,32.333333333333336,2.0,0.0,0.0,-1,22,5112.070000000001,0.25,1.0,0.5,0.0,0.0,0,0,0.0,8999.53,1,0,0.0,10224.140000000001,2,0,0.0,10224.140000000001,2,0,0.0,1
LGS2ORD0012742,C013169,2025-04-11 22:00:00,Other,54,Gold,Web,Chiang Mai,1490,CallCenter,COD,22,4,4,0,>50,49.666666666666664,0.0,0.0,0.0,-1,-1,0.0,0.0,0.0,0.0,0.0,0.0,0,0,0.0,0.0,0,0,0.0,0.0,0,0,0.0,0.0,0,0,0.0,0
LGS2ORD0012743,C012549,2025-04-11 22:00:00,Female,50,Platinum,Lazada,Chiang Mai,1158,TV_Show,COD,22,4,4,0,40-50,38.6,3.0,1.0,0.3333333333333333,88,78,1997.68,0.3,0.3333333333333333,1.0,0.0,0.0,0,0,0.0,0.0,0,0,0.0,1331.26,1,0,0.0,5993.04,3,1,0.3333333333333333,0
LGS2ORD0012744,C015799,2025-04-11 22:00:00,Female,43,Silver,CallCenter,Phuket,1147,Shopee,Credit_Card,22,4,4,0,40-50,38.233333333333334,0.0,0.0,0.0,-1,-1,0.0,0.0,0.0,0.0,0.0,0.0,0,0,0.0,0.0,0,0,0.0,0.0,0,0,0.0,0.0,0,0,0.0,1
LGS2ORD0012745,C015197,2025-04-11 22:00:00,Female,48,Platinum,TV,Bangkok,894,TV_Show,Bank_Transfer,22,4,4,0,40-50,29.8,3.0,0.0,0.0,-1,54,2524.1166666666663,0.2,0.0,0.0,0.0,0.0,0,0,0.0,0.0,0,0,0.0,6309.429999999999,2,0,0.0,7572.349999999999,3,0,0.0,1
LGS2ORD0012746,C017029,2025-04-11 22:00:00,Female,56,Silver,Shopee,Remote_Area,838,Lazada,COD,22,4,4,0,>50,27.933333333333334,0.0,0.0,0.0,-1,-1,0.0,0.0,0.0,0.0,0.0,0.0,0,0,0.0,0.0,0,0,0.0,0.0,0,0,0.0,0.0,0,0,0.0,0
LGS2ORD0012747,C017274,2025-04-11 23:00:00,Male,18,Silver,Lazada,Bangkok,257,Lazada,COD,23,4,4,0,<20,8.566666666666666,1.0,1.0,1.0,62,69,7643.6,0.25,1.0,1.0,0.0,0.0,0,0,0.0,0.0,0,0,0.0,7643.6,1,1,1.0,7643.6,1,1,1.0,0
LGS2ORD0012748,C012683,2025-04-11 23:00:00,Male,61,Silver,Web,Phuket,870,Lazada,COD,23,4,4,0,>50,29.0,2.0,1.0,0.5,71,0,3098.55,0.3,0.5,0.5,0.0,3928.25,1,0,0.0,3928.25,1,0,0.0,6197.1,2,1,0.5,6197.1,2,1,0.5,0
LGS2ORD0012749,C017424,2025-04-11 23:00:00,Female,51,Bronze,TV,Bangkok,1442,Web,COD,23,4,4,0,>50,48.06666666666667,1.0,0.0,0.0,-1,0,2070.16,0.28,1.0,1.0,0.0,2070.16,1,0,0.0,2070.16,1,0,0.0,2070.16,1,0,0.0,2070.16,1,0,0.0,0
LGS2ORD0012750,C017492,2025-04-11 23:00:00,Other,56,Silver,Web,Nakhon Ratchasima,146,Shopee,COD,23,4,4,0,>50,4.866666666666666,3.0,0.0,0.0,-1,7,2809.7666666666664,0.3,0.6666666666666666,0.3333333333333333,0.0,0.0,0,0,0.0,8429.3,3,0,0.0,8429.3,3,0,0.0,8429.3,3,0,0.0,1
LGS2ORD0012751,C017638,2025-04-11 23:00:00,Female,61,Silver,TV,Bangkok,1348,TV_Show,Credit_Card,23,4,4,0,>50,44.93333333333333,3.0,1.0,0.3333333333333333,50,3,5307.593333333333,0.3,0.6666666666666666,0.6666666666666666,0.0,4865.71,1,0,0.0,4865.71,1,0,0.0,15922.779999999999,3,1,0.3333333333333333,15922.779999999999,3,1,0.3333333333333333,0
LGS2ORD0012752,C016332,2025-04-12 00:00:00,Female,39,Bronze,TV,Nakhon Ratchasima,211,Shopee,Credit_Card,0,4,5,1,30-40,7.033333333333333,2.0,0.0,0.0,-1,9,1913.1100000000001,0.23,0.0,0.5,0.0,0.0,0,0,0.0,1355.39,1,0,0.0,1355.39,1,0,0.0,3826.2200000000003,2,0,0.0,0
LGS2ORD0012753,C015211,2025-04-12 00:00:00,Other,41,Platinum,Shopee,Phuket,491,Lazada,COD,0,4,5,1,40-50,16.366666666666667,2.0,0.0,0.0,-1,51,10643.06,0.15,0.0,0.0,0.0,0.0,0,0,0.0,0.0,0,0,0.0,21286.12,2,0,0.0,21286.12,2,0,0.0,0
LGS2ORD0012754,C010508,2025-04-12 00:00:00,Male,57,Bronze,TV,Chiang Mai,527,Shopee,PromptPay,0,4,5,1,>50,17.566666666666666,1.0,1.0,1.0,3,16,3694.12,0.03,0.0,0.0,0.0,0.0,0,0,0.0,3694.12,1,1,1.0,3694.12,1,1,1.0,3694.12,1,1,1.0,0
LGS2ORD0012755,C013838,2025-04-12 00:00:00,Male,60,Bronze,CallCenter,Remote_Area,197,TV_Show,COD,0,4,5,1,>50,6.566666666666666,5.0,2.0,0.4,37,33,3257.5899999999997,0.28,0.4,0.2,0.0,0.0,0,0,0.0,0.0,0,0,0.0,15147.179999999998,4,2,0.5,16287.949999999999,5,2,0.4,1
LGS2ORD0012756,C015921,2025-04-12 00:00:00,Male,47,Bronze,TV,Khon Kaen,1534,TV_Show,PromptPay,0,4,5,1,40-50,51.13333333333333,4.0,1.0,0.25,29,7,4346.4725,0.18,1.0,0.0,0.0,0.0,0,0,0.0,9947.51,1,0,0.0,17385.89,4,1,0.25,17385.89,4,1,0.25,0
LGS2ORD0012757,C015484,2025-04-12 00:00:00,Female,47,Silver,TV,Chonburi,790,Web,COD,0,4,5,1,40-50,26.333333333333332,4.0,0.0,0.0,-1,7,1577.8025,0.25,0.75,0.25,0.0,0.0,0,0,0.0,4168.24,2,0,0.0,6311.21,4,0,0.0,6311.21,4,0,0.0,1
LGS2ORD0012758,C010165,2025-04-12 01:00:00,Male,46,Gold,Web,Khon Kaen,673,TV_Show,COD,1,4,5,1,40-50,22.433333333333334,2.0,1.0,0.5,17,21,1738.425,0.18,0.0,0.0,0.0,0.0,0,0,0.0,3476.85,2,1,0.5,3476.85,2,1,0.5,3476.85,2,1,0.5,0
LGS2ORD0012759,C011954,2025-04-12 01:00:00,Female,46,Platinum,TV,Phuket,1216,Lazada,Bank_Transfer,1,4,5,1,40-50,40.53333333333333,2.0,1.0,0.5,0,8,6342.825000000001,0.15,0.5,0.0,0.0,0.0,0,0,0.0,256.7,1,1,1.0,12685.650000000001,2,1,0.5,12685.650000000001,2,1,0.5,1
LGS2ORD0012760,C014000,2025-04-12 01:00:00,Female,54,Bronze,Shopee,Bangkok,487,Web,COD,1,4,5,1,>50,16.233333333333334,3.0,0.0,0.0,-1,64,10075.476666666667,0.23,0.3333333333333333,0.3333333333333333,0.0,0.0,0,0,0.0,0.0,0,0,0.0,29014.670000000002,2,0,0.0,30226.43,3,0,0.0,0
LGS2ORD0012761,C014662,2025-04-12 01:00:00,Female,57,Bronze,Lazada,Remote_Area,1421,TV_Show,Credit_Card,1,4,5,1,>50,47.36666666666667,1.0,0.0,0.0,-1,70,18127.04,0.03,0.0,0.0,0.0,0.0,0,0,0.0,0.0,0,0,0.0,18127.04,1,0,0.0,18127.04,1,0,0.0,0
LGS2ORD0012762,C014515,2025-04-12 01:00:00,Male,58,Gold,Web,Bangkok,769,Shopee,Bank_Transfer,1,4,5,1,>50,25.633333333333333,0.0,0.0,0.0,-1,-1,0.0,0.0,0.0,0.0,0.0,0.0,0,0,0.0,0.0,0,0,0.0,0.0,0,0,0.0,0.0,0,0,0.0,0
LGS2ORD0012763,C016193,2025-04-12 02:00:00,Male,43,Bronze,Lazada,Bangkok,353,TV_Show,Bank_Transfer,2,4,5,1,40-50,11.766666666666667,3.0,0.0,0.0,-1,21,2483.393333333333,0.18,0.3333333333333333,0.0,0.0,0.0,0,0,0.0,5229.73,2,0,0.0,7450.179999999999,3,0,0.0,7450.179999999999,3,0,0.0,0
LGS2ORD0012764,C017510,2025-04-12 02:00:00,Male,32,Gold,CallCenter,Khon Kaen,1403,TV_Show,COD,2,4,5,1,30-40,46.766666666666666,1.0,1.0,1.0,78,83,3419.14,0.08,1.0,0.0,0.0,0.0,0,0,0.0,0.0,0,0,0.0,3419.14,1,1,1.0,3419.14,1,1,1.0,1
LGS2ORD0012765,C016290,2025-04-12 02:00:00,Female,49,Bronze,Shopee,Chonburi,1095,Shopee,COD,2,4,5,1,40-50,36.5,0.0,0.0,0.0,-1,-1,0.0,0.0,0.0,0.0,0.0,0.0,0,0,0.0,0.0,0,0,0.0,0.0,0,0,0.0,0.0,0,0,0.0,0
LGS2ORD0012766,C014536,2025-04-12 02:00:00,Male,19,Bronze,Lazada,Chiang Mai,980,Web,Credit_Card,2,4,5,1,<20,32.666666666666664,4.0,0.0,0.0,-1,0,5859.28,0.18,0.0,0.0,0.0,4025.27,1,0,0.0,20439.74,3,0,0.0,23437.12,4,0,0.0,23437.12,4,0,0.0,0
LGS2ORD0012767,C012113,2025-04-12 02:00:00,Male,35,Bronze,Web,Songkhla,170,Shopee,Credit_Card,2,4,5,1,30-40,5.666666666666667,2.0,2.0,1.0,5,11,7874.84,0.18,0.5,0.0,0.0,0.0,0,0,0.0,10257.45,1,1,1.0,15749.68,2,2,1.0,15749.68,2,2,1.0,0
LGS2ORD0012768,C013012,2025-04-12 03:00:00,Female,35,Silver,Web,Khon Kaen,1318,Shopee,Credit_Card,3,4,5,1,30-40,43.93333333333333,1.0,0.0,0.0,-1,89,4097.34,0.25,1.0,1.0,0.0,0.0,0,0,0.0,0.0,0,0,0.0,4097.34,1,0,0.0,4097.34,1,0,0.0,0
LGS2ORD0012769,C013832,2025-04-12 03:00:00,Female,32,Bronze,Web,Songkhla,359,TV_Show,Bank_Transfer,3,4,5,1,30-40,11.966666666666667,0.0,0.0,0.0,-1,-1,0.0,0.0,0.0,0.0,0.0,0.0,0,0,0.0,0.0,0,0,0.0,0.0,0,0,0.0,0.0,0,0,0.0,1
LGS2ORD0012770,C011330,2025-04-12 03:00:00,Male,49,Bronze,Web,Bangkok,812,TV_Show,Credit_Card,3,4,5,1,40-50,27.066666666666666,1.0,0.0,0.0,-1,14,3225.29,0.18,1.0,0.0,0.0,0.0,0,0,0.0,3225.29,1,0,0.0,3225.29,1,0,0.0,3225.29,1,0,0.0,0
LGS2ORD0012771,C015883,2025-04-12 03:00:00,Female,26,Bronze,Web,Chonburi,1277,Shopee,COD,3,4,5,1,20-30,42.56666666666667,3.0,0.0,0.0,-1,39,5321.306666666666,0.23,0.3333333333333333,0.3333333333333333,0.0,0.0,0,0,0.0,0.0,0,0,0.0,15963.92,3,0,0.0,15963.92,3,0,0.0,0
LGS2ORD0012772,C011029,2025-04-12 03:00:00,Male,54,Platinum,Lazada,Bangkok,875,Lazada,COD,3,4,5,1,>50,29.166666666666668,0.0,0.0,0.0,-1,-1,0.0,0.0,0.0,0.0,0.0,0.0,0,0,0.0,0.0,0,0,0.0,0.0,0,0,0.0,0.0,0,0,0.0,1
LGS2ORD0012773,C011446,2025-04-12 03:00:00,Male,33,Gold,TV,Chiang Mai,1300,Lazada,COD,3,4,5,1,30-40,43.333333333333336,1.0,0.0,0.0,-1,71,3196.94,0.28,1.0,1.0,0.0,0.0,0,0,0.0,0.0,0,0,0.0,3196.94,1,0,0.0,3196.94,1,0,0.0,0
LGS2ORD0012774,C010662,2025-04-12 04:00:00,Male,50,Bronze,TV,Songkhla,403,Lazada,COD,4,4,5,1,40-50,13.433333333333334,2.0,1.0,0.5,63,71,1556.27,0.03,0.5,0.0,0.0,0.0,0,0,0.0,0.0,0,0,0.0,3112.54,2,1,0.5,3112.54,2,1,0.5,1
LGS2ORD0012775,C015276,2025-04-12 04:00:00,Female,51,Silver,Web,Songkhla,433,Shopee,COD,4,4,5,1,>50,14.433333333333334,1.0,0.0,0.0,-1,71,8091.74,0.05,0.0,0.0,0.0,0.0,0,0,0.0,0.0,0,0,0.0,8091.74,1,0,0.0,8091.74,1,0,0.0,1
LGS2ORD0012776,C013105,2025-04-12 04:00:00,Female,45,Bronze,Lazada,Nakhon Ratchasima,838,Web,PromptPay,4,4,5,1,40-50,27.933333333333334,1.0,0.0,0.0,-1,21,2625.46,0.03,0.0,0.0,0.0,0.0,0,0,0.0,2625.46,1,0,0.0,2625.46,1,0,0.0,2625.46,1,0,0.0,0
LGS2ORD0012777,C011270,2025-04-12 04:00:00,Female,27,Silver,TV,Chonburi,1379,CallCenter,Credit_Card,4,4,5,1,20-30,45.96666666666667,2.0,0.0,0.0,-1,24,17544.97,0.25,0.0,1.0,0.0,0.0,0,0,0.0,5795.89,1,0,0.0,5795.89,1,0,0.0,35089.94,2,0,0.0,0
LGS2ORD0012778,C015550,2025-04-12 04:00:00,Female,35,Bronze,Shopee,Chiang Mai,758,TV_Show,Bank_Transfer,4,4,5,1,30-40,25.266666666666666,3.0,1.0,0.3333333333333333,11,15,1752.5566666666666,0.28,0.3333333333333333,0.6666666666666666,0.0,0.0,0,0,0.0,2230.92,2,1,0.5,5257.67,3,1,0.3333333333333333,5257.67,3,1,0.3333333333333333,0
LGS2ORD0012779,C017064,2025-04-12 05:00:00,Male,46,Silver,Shopee,Songkhla,706,Lazada,COD,5,4,5,1,40-50,23.533333333333335,2.0,1.0,0.5,0,8,881.2249999999999,0.25,0.5,0.5,0.0,0.0,0,0,0.0,1237.04,1,1,1.0,1762.4499999999998,2,1,0.5,1762.4499999999998,2,1,0.5,0
LGS2ORD0012780,C013972,2025-04-12 05:00:00,Male,43,Silver,Web,Bangkok,1305,Shopee,Credit_Card,5,4,5,1,40-50,43.5,1.0,0.0,0.0,-1,59,758.35,0.05,1.0,0.0,0.0,0.0,0,0,0.0,0.0,0,0,0.0,758.35,1,0,0.0,758.35,1,0,0.0,0
LGS2ORD0012781,C017465,2025-04-12 05:00:00,Male,46,Bronze,Lazada,Songkhla,1185,TV_Show,Credit_Card,5,4,5,1,40-50,39.5,2.0,1.0,0.5,32,30,2684.9750000000004,0.28,0.0,0.5,0.0,0.0,0,0,0.0,0.0,0,0,0.0,5369.950000000001,2,1,0.5,5369.950000000001,2,1,0.5,0
LGS2ORD0012782,C012409,2025-04-12 05:00:00,Female,47,Silver,TV,Bangkok,308,Shopee,Credit_Card,5,4,5,1,40-50,10.266666666666667,3.0,0.0,0.0,-1,19,11174.343333333332,0.25,0.6666666666666666,0.6666666666666666,0.0,0.0,0,0,0.0,18251.76,1,0,0.0,33523.03,3,0,0.0,33523.03,3,0,0.0,0
LGS2ORD0012783,C017277,2025-04-12 05:00:00,Female,59,Bronze,Web,Khon Kaen,313,Web,Credit_Card,5,4,5,1,>50,10.433333333333334,2.0,0.0,0.0,-1,53,3996.29,0.28,0.5,0.5,0.0,0.0,0,0,0.0,0.0,0,0,0.0,7992.58,2,0,0.0,7992.58,2,0,0.0,0
LGS2ORD0012784,C011192,2025-04-12 06:00:00,Male,37,Bronze,TV,Chiang Mai,1353,TV_Show,PromptPay,6,4,5,1,30-40,45.1,1.0,0.0,0.0,-1,67,892.04,0.28,1.0,1.0,0.0,0.0,0,0,0.0,0.0,0,0,0.0,892.04,1,0,0.0,892.04,1,0,0.0,1
LGS2ORD0012785,C011957,2025-04-12 06:00:00,Male,53,Gold,Web,Songkhla,500,TV_Show,PromptPay,6,4,5,1,>50,16.666666666666668,1.0,1.0,1.0,78,85,1543.31,0.08,1.0,0.0,0.0,0.0,0,0,0.0,0.0,0,0,0.0,1543.31,1,1,1.0,1543.31,1,1,1.0,0
LGS2ORD0012786,C013885,2025-04-12 06:00:00,Male,53,Platinum,Lazada,Bangkok,1097,TV_Show,COD,6,4,5,1,>50,36.56666666666667,0.0,0.0,0.0,-1,-1,0.0,0.0,0.0,0.0,0.0,0.0,0,0,0.0,0.0,0,0,0.0,0.0,0,0,0.0,0.0,0,0,0.0,0
LGS2ORD0012787,C017367,2025-04-12 06:00:00,Female,41,Silver,Web,Khon Kaen,1503,CallCenter,Credit_Card,6,4,5,1,40-50,50.1,1.0,0.0,0.0,-1,75,830.35,0.25,1.0,1.0,0.0,0.0,0,0,0.0,0.0,0,0,0.0,830.35,1,0,0.0,830.35,1,0,0.0,1
LGS2ORD0012788,C011622,2025-04-12 06:00:00,Male,48,Silver,Lazada,Khon Kaen,599,CallCenter,COD,6,4,5,1,40-50,19.966666666666665,2.0,0.0,0.0,-1,70,790.275,0.3,0.0,0.5,0.0,0.0,0,0,0.0,0.0,0,0,0.0,1580.55,2,0,0.0,1580.55,2,0,0.0,1
LGS2ORD0012789,C016326,2025-04-12 07:00:00,Female,44,Silver,Shopee,Phuket,1364,Web,COD,7,4,5,1,40-50,45.46666666666667,1.0,0.0,0.0,-1,23,3277.53,0.1,1.0,0.0,0.0,0.0,0,0,0.0,3277.53,1,0,0.0,3277.53,1,0,0.0,3277.53,1,0,0.0,0
LGS2ORD0012790,C015083,2025-04-12 07:00:00,Female,26,Bronze,TV,Bangkok,708,Shopee,Credit_Card,7,4,5,1,20-30,23.6,3.0,0.0,0.0,-1,8,8977.166666666666,0.18,0.3333333333333333,0.0,0.0,0.0,0,0,0.0,11020.05,2,0,0.0,11020.05,2,0,0.0,26931.5,3,0,0.0,1
LGS2ORD0012791,C011892,2025-04-12 07:00:00,Female,38,Gold,Lazada,Bangkok,206,Lazada,Credit_Card,7,4,5,1,30-40,6.866666666666666,1.0,0.0,0.0,-1,97,1640.43,0.08,0.0,0.0,0.0,0.0,0,0,0.0,0.0,0,0,0.0,0.0,0,0,0.0,1640.43,1,0,0.0,0
LGS2ORD0012792,C013084,2025-04-12 07:00:00,Male,18,Bronze,TV,Phuket,1178,CallCenter,COD,7,4,5,1,<20,39.266666666666666,1.0,0.0,0.0,-1,85,4995.34,0.08,1.0,0.0,0.0,0.0,0,0,0.0,0.0,0,0,0.0,4995.34,1,0,0.0,4995.34,1,0,0.0,1
LGS2ORD0012793,C017327,2025-04-12 07:00:00,Male,25,Bronze,Web,Chonburi,1178,Web,COD,7,4,5,1,20-30,39.266666666666666,2.0,0.0,0.0,-1,16,9926.36,0.23,0.5,1.0,0.0,0.0,0,0,0.0,1432.24,1,0,0.0,1432.24,1,0,0.0,19852.72,2,0,0.0,0
LGS2ORD0012794,C014262,2025-04-12 07:00:00,Female,27,Bronze,Lazada,Bangkok,931,Web,Credit_Card,7,4,5,1,20-30,31.033333333333335,1.0,0.0,0.0,-1,57,1449.94,0.18,1.0,0.0,0.0,0.0,0,0,0.0,0.0,0,0,0.0,1449.94,1,0,0.0,1449.94,1,0,0.0,0
LGS2ORD0012795,C015504,2025-04-12 08:00:00,Female,28,Bronze,Lazada,Nakhon Ratchasima,1129,Web,PromptPay,8,4,5,1,20-30,37.63333333333333,3.0,2.0,0.6666666666666666,-7,5,1892.573333333333,0.28,1.0,0.3333333333333333,0.0,2413.79,1,1,1.0,2413.79,1,1,1.0,5677.719999999999,3,2,0.6666666666666666,5677.719999999999,3,2,0.6666666666666666,0
LGS2ORD0012796,C017406,2025-04-12 08:00:00,Female,37,Gold,Shopee,Bangkok,1291,TV_Show,Credit_Card,8,4,5,1,30-40,43.03333333333333,4.0,0.0,0.0,-1,4,2725.0975,0.13,0.75,0.0,0.0,627.19,1,0,0.0,7069.67,3,0,0.0,10900.39,4,0,0.0,10900.39,4,0,0.0,0
LGS2ORD0012797,C010214,2025-04-12 08:00:00,Male,44,Silver,Web,Nakhon Ratchasima,637,Web,Credit_Card,8,4,5,1,40-50,21.233333333333334,1.0,1.0,1.0,52,61,11762.09,0.1,1.0,0.0,0.0,0.0,0,0,0.0,0.0,0,0,0.0,11762.09,1,1,1.0,11762.09,1,1,1.0,1
LGS2ORD0012798,C017476,2025-04-12 08:00:00,Female,61,Silver,TV,Nakhon Ratchasima,386,Lazada,COD,8,4,5,1,>50,12.866666666666667,2.0,0.0,0.0,-1,67,8520.61,0.3,0.5,0.5,0.0,0.0,0,0,0.0,0.0,0,0,0.0,17041.22,2,0,0.0,17041.22,2,0,0.0,0
LGS2ORD0012799,C012545,2025-04-12 08:00:00,Female,71,Bronze,Web,Chonburi,893,Web,COD,8,4,5,1,>50,29.766666666666666,2.0,0.0,0.0,-1,69,8947.835000000001,0.13,0.5,0.0,0.0,0.0,0,0,0.0,0.0,0,0,0.0,17895.670000000002,2,0,0.0,17895.670000000002,2,0,0.0,1
LGS2ORD0012800,C016114,2025-04-12 09:00:00,Female,53,Bronze,Web,Bangkok,428,TV_Show,Credit_Card,9,4,5,1,>50,14.266666666666667,3.0,1.0,0.3333333333333333,3,12,5285.33,0.23,0.0,0.3333333333333333,0.0,0.0,0,0,0.0,4194.16,1,1,1.0,8234.79,2,1,0.5,15855.99,3,1,0.3333333333333333,0
LGS2ORD0012801,C010266,2025-04-12 09:00:00,Male,64,Bronze,TV,Songkhla,473,Shopee,COD,9,4,5,1,>50,15.766666666666667,1.0,0.0,0.0,-1,48,3516.66,0.28,0.0,1.0,0.0,0.0,0,0,0.0,0.0,0,0,0.0,3516.66,1,0,0.0,3516.66,1,0,0.0,1
LGS2ORD0012802,C016129,2025-04-12 09:00:00,Male,44,Gold,Lazada,Bangkok,666,Web,COD,9,4,5,1,40-50,22.2,3.0,0.0,0.0,-1,57,778.5533333333333,0.28,0.3333333333333333,0.6666666666666666,0.0,0.0,0,0,0.0,0.0,0,0,0.0,2335.66,3,0,0.0,2335.66,3,0,0.0,1
LGS2ORD0012803,C013217,2025-04-12 09:00:00,Male,39,Bronze,Shopee,Chonburi,872,TV_Show,COD,9,4,5,1,30-40,29.066666666666666,1.0,0.0,0.0,-1,4,3109.05,0.23,0.0,1.0,0.0,3109.05,1,0,0.0,3109.05,1,0,0.0,3109.05,1,0,0.0,3109.05,1,0,0.0,0
LGS2ORD0012804,C013350,2025-04-12 09:00:00,Male,51,Platinum,Web,Nakhon Ratchasima,683,TV_Show,PromptPay,9,4,5,1,>50,22.766666666666666,1.0,0.0,0.0,-1,27,10531.83,0.15,0.0,0.0,0.0,0.0,0,0,0.0,10531.83,1,0,0.0,10531.83,1,0,0.0,10531.83,1,0,0.0,0
LGS2ORD0012805,C015169,2025-04-12 10:00:00,Female,44,Bronze,TV,Bangkok,1197,Web,Bank_Transfer,10,4,5,1,40-50,39.9,2.0,0.0,0.0,-1,13,6833.99,0.23,0.5,0.5,0.0,0.0,0,0,0.0,12528.42,1,0,0.0,12528.42,1,0,0.0,13667.98,2,0,0.0,0
LGS2ORD0012806,C011867,2025-04-12 10:00:00,Female,42,Silver,Shopee,Bangkok,1069,TV_Show,COD,10,4,5,1,40-50,35.63333333333333,0.0,0.0,0.0,-1,-1,0.0,0.0,0.0,0.0,0.0,0.0,0,0,0.0,0.0,0,0,0.0,0.0,0,0,0.0,0.0,0,0,0.0,0
LGS2ORD0012807,C016266,2025-04-12 10:00:00,Male,51,Silver,Web,Bangkok,249,Lazada,COD,10,4,5,1,>50,8.3,2.0,1.0,0.5,-3,4,2198.805,0.05,0.0,0.0,0.0,617.62,1,1,1.0,617.62,1,1,1.0,4397.61,2,1,0.5,4397.61,2,1,0.5,0
LGS2ORD0012808,C010367,2025-04-12 10:00:00,Female,47,Bronze,Lazada,Nakhon Ratchasima,902,TV_Show,Credit_Card,10,4,5,1,40-50,30.066666666666666,0.0,0.0,0.0,-1,-1,0.0,0.0,0.0,0.0,0.0,0.0,0,0,0.0,0.0,0,0,0.0,0.0,0,0,0.0,0.0,0,0,0.0,0
LGS2ORD0012809,C012050,2025-04-12 10:00:00,Male,40,Bronze,Web,Bangkok,364,CallCenter,PromptPay,10,4,5,1,30-40,12.133333333333333,1.0,0.0,0.0,-1,72,3858.05,0.23,1.0,1.0,0.0,0.0,0,0,0.0,0.0,0,0,0.0,3858.05,1,0,0.0,3858.05,1,0,0.0,0
LGS2ORD0012810,C013709,2025-04-12 11:00:00,Male,27,Bronze,TV,Phuket,1126,TV_Show,COD,11,4,5,1,20-30,37.53333333333333,2.0,0.0,0.0,-1,23,8032.33,0.18,0.0,0.0,0.0,0.0,0,0,0.0,2902.96,1,0,0.0,16064.66,2,0,0.0,16064.66,2,0,0.0,0
LGS2ORD0012811,C011293,2025-04-12 11:00:00,Female,47,Gold,Lazada,Bangkok,1431,Shopee,COD,11,4,5,1,40-50,47.7,1.0,0.0,0.0,-1,89,1225.77,0.28,0.0,1.0,0.0,0.0,0,0,0.0,0.0,0,0,0.0,1225.77,1,0,0.0,1225.77,1,0,0.0,1
LGS2ORD0012812,C016590,2025-04-12 11:00:00,Male,50,Platinum,Lazada,Chonburi,691,Lazada,Bank_Transfer,11,4,5,1,40-50,23.033333333333335,1.0,0.0,0.0,-1,47,8762.14,0.1,1.0,0.0,0.0,0.0,0,0,0.0,0.0,0,0,0.0,8762.14,1,0,0.0,8762.14,1,0,0.0,0
LGS2ORD0012813,C017004,2025-04-12 11:00:00,Male,36,Silver,Web,Bangkok,1403,Web,Credit_Card,11,4,5,1,30-40,46.766666666666666,0.0,0.0,0.0,-1,-1,0.0,0.0,0.0,0.0,0.0,0.0,0,0,0.0,0.0,0,0,0.0,0.0,0,0,0.0,0.0,0,0,0.0,0
LGS2ORD0012814,C010304,2025-04-12 11:00:00,Female,67,Bronze,Shopee,Nakhon Ratchasima,998,TV_Show,COD,11,4,5,1,>50,33.266666666666666,3.0,1.0,0.3333333333333333,85,78,3478.316666666667,0.13,1.0,0.0,0.0,0.0,0,0,0.0,0.0,0,0,0.0,4648.34,1,0,0.0,10434.95,3,1,0.3333333333333333,0
LGS2ORD0012815,C016646,2025-04-12 11:00:00,Male,38,Bronze,TV,Chiang Mai,399,Lazada,COD,11,4,5,1,30-40,13.3,4.0,0.0,0.0,-1,40,5325.92,0.18,0.75,0.0,0.0,0.0,0,0,0.0,0.0,0,0,0.0,21303.68,4,0,0.0,21303.68,4,0,0.0,1
LGS2ORD0012816,C014728,2025-04-12 12:00:00,Male,34,Bronze,TV,Remote_Area,325,Shopee,COD,12,4,5,1,30-40,10.833333333333334,4.0,1.0,0.25,20,14,13874.375,0.18,0.5,0.0,0.0,0.0,0,0,0.0,12141.71,1,0,0.0,55497.5,4,1,0.25,55497.5,4,1,0.25,0
LGS2ORD0012817,C016786,2025-04-12 12:00:00,Female,24,Silver,Shopee,Bangkok,406,Web,Credit_Card,12,4,5,1,20-30,13.533333333333333,1.0,0.0,0.0,-1,6,9937.74,0.05,0.0,0.0,0.0,9937.74,1,0,0.0,9937.74,1,0,0.0,9937.74,1,0,0.0,9937.74,1,0,0.0,0
LGS2ORD0012818,C017855,2025-04-12 12:00:00,Male,44,Platinum,Web,Chonburi,1464,Shopee,COD,12,4,5,1,40-50,48.8,2.0,1.0,0.5,24,30,1364.83,0.25,0.0,1.0,0.0,0.0,0,0,0.0,0.0,0,0,0.0,2729.66,2,1,0.5,2729.66,2,1,0.5,0
LGS2ORD0012819,C014122,2025-04-12 12:00:00,Female,32,Bronze,Shopee,Bangkok,1097,Shopee,Credit_Card,12,4,5,1,30-40,36.56666666666667,0.0,0.0,0.0,-1,-1,0.0,0.0,0.0,0.0,0.0,0.0,0,0,0.0,0.0,0,0,0.0,0.0,0,0,0.0,0.0,0,0,0.0,0
LGS2ORD0012820,C011110,2025-04-12 12:00:00,Female,39,Gold,Shopee,Chiang Mai,1078,CallCenter,COD,12,4,5,1,30-40,35.93333333333333,4.0,1.0,0.25,16,4,3743.665,0.28,0.75,0.5,0.0,6794.87,1,0,0.0,9643.41,2,1,0.5,14974.66,4,1,0.25,14974.66,4,1,0.25,0
LGS2ORD0012821,C015456,2025-04-12 13:00:00,Female,47,Bronze,TV,Songkhla,284,Lazada,COD,13,4,5,1,40-50,9.466666666666667,2.0,1.0,0.5,26,32,853.9150000000001,0.28,0.5,0.5,0.0,0.0,0,0,0.0,0.0,0,0,0.0,1707.8300000000002,2,1,0.5,1707.8300000000002,2,1,0.5,0
LGS2ORD0012822,C015769,2025-04-12 13:00:00,Male,25,Bronze,TV,Chonburi,758,CallCenter,COD,13,4,5,1,20-30,25.266666666666666,2.0,2.0,1.0,71,85,3565.605,0.18,0.5,0.0,0.0,0.0,0,0,0.0,0.0,0,0,0.0,1288.16,1,1,1.0,7131.21,2,2,1.0,0
LGS2ORD0012823,C014443,2025-04-12 13:00:00,Male,47,Silver,TV,Remote_Area,1458,Web,Credit_Card,13,4,5,1,40-50,48.6,3.0,2.0,0.6666666666666666,16,22,15998.14,0.25,1.0,0.3333333333333333,0.0,0.0,0,0,0.0,47083.939999999995,2,2,1.0,47994.42,3,2,0.6666666666666666,47994.42,3,2,0.6666666666666666,0
LGS2ORD0012824,C012915,2025-04-12 13:00:00,Female,40,Platinum,CallCenter,Bangkok,202,Shopee,Credit_Card,13,4,5,1,30-40,6.733333333333333,0.0,0.0,0.0,-1,-1,0.0,0.0,0.0,0.0,0.0,0.0,0,0,0.0,0.0,0,0,0.0,0.0,0,0,0.0,0.0,0,0,0.0,0
LGS2ORD0012825,C016230,2025-04-12 13:00:00,Male,33,Bronze,Shopee,Bangkok,627,Web,COD,13,4,5,1,30-40,20.9,0.0,0.0,0.0,-1,-1,0.0,0.0,0.0,0.0,0.0,0.0,0,0,0.0,0.0,0,0,0.0,0.0,0,0,0.0,0.0,0,0,0.0,0
LGS2ORD0012826,C015079,2025-04-12 14:00:00,Male,33,Bronze,TV,Phuket,703,Lazada,COD,14,4,5,1,30-40,23.433333333333334,1.0,0.0,0.0,-1,0,5743.6,0.08,1.0,0.0,0.0,5743.6,1,0,0.0,5743.6,1,0,0.0,5743.6,1,0,0.0,5743.6,1,0,0.0,0
LGS2ORD0012827,C015312,2025-04-12 14:00:00,Male,35,Bronze,Web,Bangkok,1010,Web,COD,14,4,5,1,30-40,33.666666666666664,3.0,2.0,0.6666666666666666,19,29,2177.3133333333335,0.18,0.6666666666666666,0.0,0.0,0.0,0,0,0.0,2307.6,1,1,1.0,6531.9400000000005,3,2,0.6666666666666666,6531.9400000000005,3,2,0.6666666666666666,0
LGS2ORD0012828,C015105,2025-04-12 14:00:00,Male,63,Bronze,Lazada,Chonburi,959,Web,COD,14,4,5,1,>50,31.966666666666665,3.0,1.0,0.3333333333333333,74,20,8260.97,0.23,0.3333333333333333,0.3333333333333333,0.0,0.0,0,0,0.0,10667.68,1,0,0.0,24782.91,3,1,0.3333333333333333,24782.91,3,1,0.3333333333333333,0
LGS2ORD0012829,C011245,2025-04-12 14:00:00,Male,46,Platinum,Web,Bangkok,125,Web,COD,14,4,5,1,40-50,4.166666666666667,0.0,0.0,0.0,-1,-1,0.0,0.0,0.0,0.0,0.0,0.0,0,0,0.0,0.0,0,0,0.0,0.0,0,0,0.0,0.0,0,0,0.0,1
LGS2ORD0012830,C011000,2025-04-12 14:00:00,Female,31,Bronze,Shopee,Bangkok,321,TV_Show,Credit_Card,14,4,5,1,30-40,10.7,6.0,3.0,0.5,0,6,5425.5199999999995,0.28,0.5,0.5,0.0,5626.89,1,1,1.0,5626.89,1,1,1.0,32553.12,6,3,0.5,32553.12,6,3,0.5,0
LGS2ORD0012831,C013098,2025-04-12 15:00:00,Female,22,Gold,Shopee,Bangkok,578,Web,PromptPay,15,4,5,1,20-30,19.266666666666666,5.0,0.0,0.0,-1,12,4224.446000000001,0.2299999999999999,0.8,0.4,0.0,0.0,0,0,0.0,4876.79,2,0,0.0,13703.289999999999,4,0,0.0,21122.230000000003,5,0,0.0,0
LGS2ORD0012832,C016167,2025-04-12 15:00:00,Male,46,Silver,TV,Khon Kaen,128,Web,COD,15,4,5,1,40-50,4.266666666666667,2.0,1.0,0.5,-2,4,4523.09,0.2,1.0,0.0,0.0,4117.35,1,1,1.0,4117.35,1,1,1.0,4117.35,1,1,1.0,9046.18,2,1,0.5,0
LGS2ORD0012833,C011367,2025-04-12 15:00:00,Male,50,Bronze,TV,Bangkok,1121,Shopee,Credit_Card,15,4,5,1,40-50,37.36666666666667,2.0,1.0,0.5,13,22,7848.59,0.23,0.5,0.5,0.0,0.0,0,0,0.0,3375.35,1,1,1.0,3375.35,1,1,1.0,15697.18,2,1,0.5,0
LGS2ORD0012834,C016385,2025-04-12 15:00:00,Male,53,Gold,Web,Phuket,148,Web,COD,15,4,5,1,>50,4.933333333333334,1.0,0.0,0.0,-1,89,2038.0,0.2299999999999999,0.0,1.0,0.0,0.0,0,0,0.0,0.0,0,0,0.0,2038.0,1,0,0.0,2038.0,1,0,0.0,0
LGS2ORD0012835,C014659,2025-04-12 15:00:00,Female,50,Gold,TV,Khon Kaen,1339,Shopee,COD,15,4,5,1,40-50,44.63333333333333,3.0,0.0,0.0,-1,5,5327.47,0.33,0.3333333333333333,0.6666666666666666,0.0,2951.04,1,0,0.0,15982.41,3,0,0.0,15982.41,3,0,0.0,15982.41,3,0,0.0,0
LGS2ORD0012836,C010144,2025-04-12 15:00:00,Female,51,Bronze,CallCenter,Nakhon Ratchasima,936,TV_Show,COD,15,4,5,1,>50,31.2,2.0,1.0,0.5,-5,13,5739.425,0.18,1.0,0.0,0.0,0.0,0,0,0.0,522.94,1,1,1.0,11478.85,2,1,0.5,11478.85,2,1,0.5,1
LGS2ORD0012837,C014729,2025-04-12 16:00:00,Female,57,Bronze,CallCenter,Bangkok,1479,Lazada,Credit_Card,16,4,5,1,>50,49.3,3.0,0.0,0.0,-1,19,1126.7533333333333,0.28,0.3333333333333333,0.6666666666666666,0.0,0.0,0,0,0.0,1515.33,1,0,0.0,3380.2599999999998,3,0,0.0,3380.2599999999998,3,0,0.0,0
LGS2ORD0012838,C016492,2025-04-12 16:00:00,Female,44,Silver,Web,Bangkok,1271,Lazada,Credit_Card,16,4,5,1,40-50,42.36666666666667,1.0,0.0,0.0,-1,99,1677.46,0.2,1.0,0.0,0.0,0.0,0,0,0.0,0.0,0,0,0.0,0.0,0,0,0.0,1677.46,1,0,0.0,0
LGS2ORD0012839,C010293,2025-04-12 16:00:00,Female,34,Gold,Shopee,Bangkok,216,Web,PromptPay,16,4,5,1,30-40,7.2,2.0,0.0,0.0,-1,59,8236.12,0.2299999999999999,0.5,0.5,0.0,0.0,0,0,0.0,0.0,0,0,0.0,16472.24,2,0,0.0,16472.24,2,0,0.0,0
LGS2ORD0012840,C012981,2025-04-12 16:00:00,Female,39,Silver,Web,Chiang Mai,1368,Shopee,COD,16,4,5,1,30-40,45.6,2.0,2.0,1.0,56,67,2843.18,0.15,0.5,0.0,0.0,0.0,0,0,0.0,0.0,0,0,0.0,5273.33,1,1,1.0,5686.36,2,2,1.0,0
LGS2ORD0012841,C016261,2025-04-12 16:00:00,Female,50,Bronze,CallCenter,Bangkok,748,Shopee,COD,16,4,5,1,40-50,24.933333333333334,0.0,0.0,0.0,-1,-1,0.0,0.0,0.0,0.0,0.0,0.0,0,0,0.0,0.0,0,0,0.0,0.0,0,0,0.0,0.0,0,0,0.0,1
LGS2ORD0012842,C015126,2025-04-12 17:00:00,Female,51,Gold,TV,Songkhla,769,Shopee,COD,17,4,5,1,>50,25.633333333333333,2.0,1.0,0.5,59,15,2566.895,0.33,0.5,1.0,0.0,0.0,0,0,0.0,3403.33,1,0,0.0,5133.79,2,1,0.5,5133.79,2,1,0.5,1
LGS2ORD0012843,C016963,2025-04-12 17:00:00,Male,46,Bronze,Shopee,Khon Kaen,954,Web,Credit_Card,17,4,5,1,40-50,31.8,1.0,0.0,0.0,-1,27,1089.07,0.23,0.0,1.0,0.0,0.0,0,0,0.0,1089.07,1,0,0.0,1089.07,1,0,0.0,1089.07,1,0,0.0,0
LGS2ORD0012844,C010699,2025-04-12 17:00:00,Female,34,Platinum,Shopee,Bangkok,613,Shopee,Credit_Card,17,4,5,1,30-40,20.433333333333334,2.0,1.0,0.5,50,57,1745.5900000000001,0.3,0.5,0.5,0.0,0.0,0,0,0.0,0.0,0,0,0.0,3491.1800000000003,2,1,0.5,3491.1800000000003,2,1,0.5,0
LGS2ORD0012845,C010122,2025-04-12 17:00:00,Female,45,Bronze,TV,Bangkok,279,TV_Show,COD,17,4,5,1,40-50,9.3,1.0,0.0,0.0,-1,19,8950.61,0.18,1.0,0.0,0.0,0.0,0,0,0.0,8950.61,1,0,0.0,8950.61,1,0,0.0,8950.61,1,0,0.0,0
LGS2ORD0012846,C016483,2025-04-12 17:00:00,Other,59,Bronze,Shopee,Phuket,167,Web,COD,17,4,5,1,>50,5.566666666666666,3.0,1.0,0.3333333333333333,31,48,3504.5933333333337,0.18,0.6666666666666666,0.0,0.0,0.0,0,0,0.0,0.0,0,0,0.0,7355.030000000001,2,1,0.5,10513.78,3,1,0.3333333333333333,0
LGS2ORD0012847,C015131,2025-04-12 18:00:00,Female,43,Bronze,Shopee,Bangkok,620,Shopee,Credit_Card,18,4,5,1,40-50,20.666666666666668,0.0,0.0,0.0,-1,-1,0.0,0.0,0.0,0.0,0.0,0.0,0,0,0.0,0.0,0,0,0.0,0.0,0,0,0.0,0.0,0,0,0.0,0
LGS2ORD0012848,C016532,2025-04-12 18:00:00,Male,70,Platinum,Shopee,Bangkok,1133,Shopee,Credit_Card,18,4,5,1,>50,37.766666666666666,2.0,0.0,0.0,-1,40,8298.26,0.15,0.0,0.0,0.0,0.0,0,0,0.0,0.0,0,0,0.0,16596.52,2,0,0.0,16596.52,2,0,0.0,0
LGS2ORD0012849,C015286,2025-04-12 18:00:00,Female,32,Gold,CallCenter,Chiang Mai,956,Lazada,Bank_Transfer,18,4,5,1,30-40,31.866666666666667,2.0,0.0,0.0,-1,83,2790.035,0.33,0.0,0.5,0.0,0.0,0,0,0.0,0.0,0,0,0.0,3964.87,1,0,0.0,5580.07,2,0,0.0,0
LGS2ORD0012850,C012209,2025-04-12 18:00:00,Male,59,Silver,Web,Songkhla,723,TV_Show,PromptPay,18,4,5,1,>50,24.1,0.0,0.0,0.0,-1,-1,0.0,0.0,0.0,0.0,0.0,0.0,0,0,0.0,0.0,0,0,0.0,0.0,0,0,0.0,0.0,0,0,0.0,1
LGS2ORD0012851,C016541,2025-04-12 18:00:00,Male,31,Platinum,Shopee,Nakhon Ratchasima,780,Shopee,COD,18,4,5,1,30-40,26.0,1.0,0.0,0.0,-1,12,29515.9,0.1,0.0,0.0,0.0,0.0,0,0,0.0,29515.9,1,0,0.0,29515.9,1,0,0.0,29515.9,1,0,0.0,0
LGS2ORD0012852,C010879,2025-04-12 19:00:00,Male,44,Bronze,Web,Bangkok,1425,Web,Credit_Card,19,4,5,1,40-50,47.5,2.0,0.0,0.0,-1,15,4437.86,0.08,0.0,0.0,0.0,0.0,0,0,0.0,4006.15,1,0,0.0,8875.72,2,0,0.0,8875.72,2,0,0.0,0
LGS2ORD0012853,C013477,2025-04-12 19:00:00,Female,44,Bronze,Lazada,Chonburi,749,Lazada,COD,19,4,5,1,40-50,24.966666666666665,2.0,0.0,0.0,-1,79,3191.3100000000004,0.13,0.5,0.0,0.0,0.0,0,0,0.0,0.0,0,0,0.0,6382.620000000001,2,0,0.0,6382.620000000001,2,0,0.0,0
LGS2ORD0012854,C012633,2025-04-12 19:00:00,Female,45,Silver,CallCenter,Songkhla,206,Web,Bank_Transfer,19,4,5,1,40-50,6.866666666666666,3.0,1.0,0.3333333333333333,-2,7,2254.056666666667,0.3,0.6666666666666666,0.3333333333333333,0.0,0.0,0,0,0.0,3734.2,1,1,1.0,6762.17,3,1,0.3333333333333333,6762.17,3,1,0.3333333333333333,0
LGS2ORD0012855,C013512,2025-04-12 19:00:00,Male,32,Platinum,Web,Bangkok,551,Shopee,COD,19,4,5,1,30-40,18.366666666666667,1.0,0.0,0.0,-1,101,694.64,0.2,0.0,0.0,0.0,0.0,0,0,0.0,0.0,0,0,0.0,0.0,0,0,0.0,694.64,1,0,0.0,0
LGS2ORD0012856,C012822,2025-04-12 19:00:00,Male,52,Bronze,TV,Remote_Area,874,Lazada,COD,19,4,5,1,>50,29.133333333333333,2.0,1.0,0.5,33,14,4021.02,0.18,1.0,0.0,0.0,0.0,0,0,0.0,6838.01,1,0,0.0,8042.04,2,1,0.5,8042.04,2,1,0.5,1
LGS2ORD0012857,C010471,2025-04-12 19:00:00,Female,56,Gold,TV,Nakhon Ratchasima,849,Web,COD,19,4,5,1,>50,28.3,1.0,1.0,1.0,52,58,930.41,0.2299999999999999,0.0,1.0,0.0,0.0,0,0,0.0,0.0,0,0,0.0,930.41,1,1,1.0,930.41,1,1,1.0,0
LGS2ORD0012858,C015709,2025-04-12 20:00:00,Male,62,Silver,TV,Khon Kaen,1109,Lazada,Bank_Transfer,20,4,5,1,>50,36.96666666666667,1.0,0.0,0.0,-1,21,10832.84,0.2,0.0,0.0,0.0,0.0,0,0,0.0,10832.84,1,0,0.0,10832.84,1,0,0.0,10832.84,1,0,0.0,1
LGS2ORD0012859,C015771,2025-04-12 20:00:00,Male,26,Silver,Shopee,Songkhla,644,Web,Credit_Card,20,4,5,1,20-30,21.466666666666665,0.0,0.0,0.0,-1,-1,0.0,0.0,0.0,0.0,0.0,0.0,0,0,0.0,0.0,0,0,0.0,0.0,0,0,0.0,0.0,0,0,0.0,0
LGS2ORD0012860,C014604,2025-04-12 20:00:00,Female,34,Bronze,TV,Remote_Area,424,Shopee,COD,20,4,5,1,30-40,14.133333333333333,1.0,0.0,0.0,-1,43,1737.72,0.03,0.0,0.0,0.0,0.0,0,0,0.0,0.0,0,0,0.0,1737.72,1,0,0.0,1737.72,1,0,0.0,1
LGS2ORD0012861,C017762,2025-04-12 20:00:00,Other,23,Gold,Lazada,Nakhon Ratchasima,966,Web,Credit_Card,20,4,5,1,20-30,32.2,2.0,1.0,0.5,77,16,11683.765,0.33,0.5,0.5,0.0,0.0,0,0,0.0,21221.86,1,0,0.0,23367.53,2,1,0.5,23367.53,2,1,0.5,0
LGS2ORD0012862,C010497,2025-04-12 20:00:00,Female,56,Silver,Lazada,Khon Kaen,190,Web,COD,20,4,5,1,>50,6.333333333333333,2.0,1.0,0.5,9,23,15006.585,0.25,0.5,0.5,0.0,0.0,0,0,0.0,6782.12,1,1,1.0,30013.17,2,1,0.5,30013.17,2,1,0.5,1
LGS2ORD0012863,C014371,2025-04-12 21:00:00,Female,54,Platinum,TV,Chonburi,1019,TV_Show,Bank_Transfer,21,4,5,1,>50,33.96666666666667,3.0,0.0,0.0,-1,1,3501.41,0.3,0.3333333333333333,0.6666666666666666,0.0,1334.49,1,0,0.0,1334.49,1,0,0.0,10504.23,3,0,0.0,10504.23,3,0,0.0,1
LGS2ORD0012864,C017386,2025-04-12 21:00:00,Male,66,Bronze,Shopee,Remote_Area,623,Web,COD,21,4,5,1,>50,20.766666666666666,1.0,0.0,0.0,-1,90,12641.55,0.18,0.0,0.0,0.0,0.0,0,0,0.0,0.0,0,0,0.0,0.0,0,0,0.0,12641.55,1,0,0.0,0
LGS2ORD0012865,C016029,2025-04-12 21:00:00,Male,43,Silver,Shopee,Khon Kaen,494,Lazada,COD,21,4,5,1,40-50,16.466666666666665,3.0,1.0,0.3333333333333333,41,29,2406.4133333333334,0.2,1.0,0.0,0.0,0.0,0,0,0.0,1765.34,1,0,0.0,7219.240000000001,3,1,0.3333333333333333,7219.240000000001,3,1,0.3333333333333333,1
LGS2ORD0012866,C015532,2025-04-12 21:00:00,Male,58,Bronze,Web,Remote_Area,416,TV_Show,Bank_Transfer,21,4,5,1,>50,13.866666666666667,5.0,3.0,0.6,-13,1,5575.928000000001,0.28,0.4,0.4,0.0,7342.9400000000005,2,2,1.0,7342.9400000000005,2,2,1.0,22568.79,4,2,0.5,27879.640000000003,5,3,0.6,0
LGS2ORD0012867,C011893,2025-04-12 21:00:00,Male,37,Silver,Lazada,Chonburi,869,Web,COD,21,4,5,1,30-40,28.966666666666665,2.0,0.0,0.0,-1,75,1166.51,0.3,1.0,1.0,0.0,0.0,0,0,0.0,0.0,0,0,0.0,2333.02,2,0,0.0,2333.02,2,0,0.0,1
LGS2ORD0012868,C016331,2025-04-12 22:00:00,Female,50,Bronze,Web,Phuket,704,CallCenter,COD,22,4,5,1,40-50,23.466666666666665,1.0,1.0,1.0,88,93,894.59,0.23,0.0,1.0,0.0,0.0,0,0,0.0,0.0,0,0,0.0,0.0,0,0,0.0,894.59,1,1,1.0,1
LGS2ORD0012869,C011100,2025-04-12 22:00:00,Male,40,Bronze,CallCenter,Nakhon Ratchasima,809,TV_Show,COD,22,4,5,1,30-40,26.966666666666665,0.0,0.0,0.0,-1,-1,0.0,0.0,0.0,0.0,0.0,0.0,0,0,0.0,0.0,0,0,0.0,0.0,0,0,0.0,0.0,0,0,0.0,1
LGS2ORD0012870,C013575,2025-04-12 22:00:00,Female,40,Platinum,Web,Bangkok,1206,Web,Credit_Card,22,4,5,1,30-40,40.2,0.0,0.0,0.0,-1,-1,0.0,0.0,0.0,0.0,0.0,0.0,0,0,0.0,0.0,0,0,0.0,0.0,0,0,0.0,0.0,0,0,0.0,0
LGS2ORD0012871,C013556,2025-04-12 22:00:00,Male,32,Silver,Shopee,Khon Kaen,498,Web,Credit_Card,22,4,5,1,30-40,16.6,2.0,0.0,0.0,-1,2,1448.065,0.3,0.0,0.5,0.0,1857.1,1,0,0.0,1857.1,1,0,0.0,1857.1,1,0,0.0,2896.13,2,0,0.0,0
LGS2ORD0012872,C015793,2025-04-12 22:00:00,Male,51,Gold,TV,Chiang Mai,991,Lazada,COD,22,4,5,1,>50,33.03333333333333,2.0,1.0,0.5,0,3,2522.59,0.2299999999999999,0.0,0.5,0.0,1125.95,1,1,1.0,1125.95,1,1,1.0,5045.18,2,1,0.5,5045.18,2,1,0.5,0
LGS2ORD0012873,C012766,2025-04-12 23:00:00,Male,33,Platinum,Shopee,Chiang Mai,116,CallCenter,Bank_Transfer,23,4,5,1,30-40,3.8666666666666667,1.0,0.0,0.0,-1,6,5784.25,0.1,1.0,0.0,0.0,5784.25,1,0,0.0,5784.25,1,0,0.0,5784.25,1,0,0.0,5784.25,1,0,0.0,0
LGS2ORD0012874,C010093,2025-04-12 23:00:00,Male,20,Bronze,Web,Chonburi,341,Lazada,COD,23,4,5,1,<20,11.366666666666667,1.0,0.0,0.0,-1,5,1688.78,0.03,0.0,0.0,0.0,1688.78,1,0,0.0,1688.78,1,0,0.0,1688.78,1,0,0.0,1688.78,1,0,0.0,0
LGS2ORD0012875,C015367,2025-04-12 23:00:00,Male,37,Platinum,Web,Chiang Mai,1144,Shopee,Credit_Card,23,4,5,1,30-40,38.13333333333333,0.0,0.0,0.0,-1,-1,0.0,0.0,0.0,0.0,0.0,0.0,0,0,0.0,0.0,0,0,0.0,0.0,0,0,0.0,0.0,0,0,0.0,1
LGS2ORD0012876,C015226,2025-04-12 23:00:00,Female,46,Bronze,TV,Songkhla,439,Lazada,Credit_Card,23,4,5,1,40-50,14.633333333333333,3.0,0.0,0.0,-1,19,22714.64,0.23,1.0,0.3333333333333333,0.0,0.0,0,0,0.0,26169.789999999997,2,0,0.0,26169.789999999997,2,0,0.0,68143.92,3,0,0.0,0
LGS2ORD0012877,C011187,2025-04-12 23:00:00,Male,50,Bronze,Shopee,Nakhon Ratchasima,1014,Web,COD,23,4,5,1,40-50,33.8,1.0,0.0,0.0,-1,17,16547.22,0.28,0.0,1.0,0.0,0.0,0,0,0.0,16547.22,1,0,0.0,16547.22,1,0,0.0,16547.22,1,0,0.0,0
LGS2ORD0012878,C014380,2025-04-12 23:00:00,Male,41,Silver,Shopee,Nakhon Ratchasima,1540,Web,COD,23,4,5,1,40-50,51.333333333333336,4.0,1.0,0.25,89,56,3191.7325,0.2,0.75,0.0,0.0,0.0,0,0,0.0,0.0,0,0,0.0,11071.3,2,0,0.0,12766.93,4,1,0.25,0
LGS2ORD0012879,C012207,2025-04-13 00:00:00,Male,53,Bronze,TV,Remote_Area,512,TV_Show,Credit_Card,0,4,6,1,>50,17.066666666666666,0.0,0.0,0.0,-1,-1,0.0,0.0,0.0,0.0,0.0,0.0,0,0,0.0,0.0,0,0,0.0,0.0,0,0,0.0,0.0,0,0,0.0,0
LGS2ORD0012880,C015452,2025-04-13 00:00:00,Female,34,Bronze,Shopee,Chonburi,395,TV_Show,COD,0,4,6,1,30-40,13.166666666666666,5.0,0.0,0.0,-1,2,5815.7880000000005,0.28,0.4,0.4,0.0,5560.18,2,0,0.0,18038.87,4,0,0.0,29078.940000000002,5,0,0.0,29078.940000000002,5,0,0.0,0
LGS2ORD0012881,C010482,2025-04-13 00:00:00,Female,58,Bronze,CallCenter,Bangkok,898,Shopee,COD,0,4,6,1,>50,29.933333333333334,3.0,1.0,0.3333333333333333,86,2,4326.74,0.28,0.3333333333333333,0.6666666666666666,0.0,11284.75,1,0,0.0,11284.75,1,0,0.0,12244.11,2,0,0.0,12980.22,3,1,0.3333333333333333,0
LGS2ORD0012882,C016527,2025-04-13 00:00:00,Female,55,Gold,Web,Khon Kaen,801,CallCenter,Credit_Card,0,4,6,1,>50,26.7,3.0,1.0,0.3333333333333333,75,15,3345.7233333333334,0.18,0.0,0.0,0.0,0.0,0,0,0.0,1806.55,1,0,0.0,10037.17,3,1,0.3333333333333333,10037.17,3,1,0.3333333333333333,0
LGS2ORD0012883,C016146,2025-04-13 00:00:00,Female,37,Platinum,CallCenter,Songkhla,580,Lazada,PromptPay,0,4,6,1,30-40,19.333333333333332,0.0,0.0,0.0,-1,-1,0.0,0.0,0.0,0.0,0.0,0.0,0,0,0.0,0.0,0,0,0.0,0.0,0,0,0.0,0.0,0,0,0.0,0
LGS2ORD0012884,C015810,2025-04-13 01:00:00,Male,53,Gold,TV,Phuket,237,Lazada,COD,1,4,6,1,>50,7.9,2.0,0.0,0.0,-1,34,5841.225,0.13,0.5,0.0,0.0,0.0,0,0,0.0,0.0,0,0,0.0,11682.45,2,0,0.0,11682.45,2,0,0.0,0
LGS2ORD0012885,C012450,2025-04-13 01:00:00,Female,36,Gold,TV,Chiang Mai,1389,Web,COD,1,4,6,1,30-40,46.3,2.0,0.0,0.0,-1,86,8152.25,0.33,0.5,0.5,0.0,0.0,0,0,0.0,0.0,0,0,0.0,4549.47,1,0,0.0,16304.5,2,0,0.0,1
LGS2ORD0012886,C016623,2025-04-13 01:00:00,Female,52,Gold,TV,Phuket,415,Web,Credit_Card,1,4,6,1,>50,13.833333333333334,3.0,0.0,0.0,-1,4,3598.2466666666664,0.2299999999999999,0.3333333333333333,0.3333333333333333,0.0,7976.18,1,0,0.0,7976.18,1,0,0.0,10794.74,3,0,0.0,10794.74,3,0,0.0,0
LGS2ORD0012887,C014343,2025-04-13 01:00:00,Female,50,Silver,CallCenter,Remote_Area,1114,Shopee,PromptPay,1,4,6,1,40-50,37.13333333333333,1.0,0.0,0.0,-1,13,1531.53,0.05,0.0,0.0,0.0,0.0,0,0,0.0,1531.53,1,0,0.0,1531.53,1,0,0.0,1531.53,1,0,0.0,0
LGS2ORD0012888,C015761,2025-04-13 01:00:00,Female,25,Bronze,Shopee,Remote_Area,848,Shopee,COD,1,4,6,1,20-30,28.266666666666666,1.0,1.0,1.0,53,64,1806.63,0.28,0.0,1.0,0.0,0.0,0,0,0.0,0.0,0,0,0.0,1806.63,1,1,1.0,1806.63,1,1,1.0,0
LGS2ORD0012889,C013751,2025-04-13 02:00:00,Male,30,Silver,CallCenter,Remote_Area,595,TV_Show,COD,2,4,6,1,20-30,19.833333333333332,0.0,0.0,0.0,-1,-1,0.0,0.0,0.0,0.0,0.0,0.0,0,0,0.0,0.0,0,0,0.0,0.0,0,0,0.0,0.0,0,0,0.0,0
LGS2ORD0012890,C014976,2025-04-13 02:00:00,Female,27,Bronze,TV,Nakhon Ratchasima,550,TV_Show,PromptPay,2,4,6,1,20-30,18.333333333333332,0.0,0.0,0.0,-1,-1,0.0,0.0,0.0,0.0,0.0,0.0,0,0,0.0,0.0,0,0,0.0,0.0,0,0,0.0,0.0,0,0,0.0,0
LGS2ORD0012891,C010157,2025-04-13 02:00:00,Female,47,Silver,Lazada,Khon Kaen,869,Shopee,Credit_Card,2,4,6,1,40-50,28.966666666666665,1.0,0.0,0.0,-1,58,3880.2,0.15,0.0,0.0,0.0,0.0,0,0,0.0,0.0,0,0,0.0,3880.2,1,0,0.0,3880.2,1,0,0.0,0
LGS2ORD0012892,C015105,2025-04-13 02:00:00,Male,63,Bronze,Lazada,Chonburi,960,Web,Bank_Transfer,2,4,6,1,>50,32.0,4.0,1.0,0.25,75,0,6592.6125,0.23,0.5,0.5,0.0,1587.54,1,0,0.0,12255.220000000001,2,0,0.0,26370.45,4,1,0.25,26370.45,4,1,0.25,0
LGS2ORD0012893,C016019,2025-04-13 02:00:00,Female,50,Platinum,Web,Nakhon Ratchasima,160,Web,COD,2,4,6,1,40-50,5.333333333333333,2.0,0.0,0.0,-1,77,2663.9900000000002,0.25,0.5,0.5,0.0,0.0,0,0,0.0,0.0,0,0,0.0,5327.9800000000005,2,0,0.0,5327.9800000000005,2,0,0.0,1
LGS2ORD0012894,C011586,2025-04-13 02:00:00,Female,51,Gold,Shopee,Remote_Area,357,CallCenter,COD,2,4,6,1,>50,11.9,4.0,1.0,0.25,61,25,2164.5075,0.33,0.0,0.5,0.0,0.0,0,0,0.0,1430.6,1,0,0.0,8658.03,4,1,0.25,8658.03,4,1,0.25,0
LGS2ORD0012895,C013682,2025-04-13 03:00:00,Other,30,Silver,Web,Songkhla,877,Lazada,Credit_Card,3,4,6,1,20-30,29.233333333333334,1.0,0.0,0.0,-1,15,15432.56,0.1,1.0,0.0,0.0,0.0,0,0,0.0,15432.56,1,0,0.0,15432.56,1,0,0.0,15432.56,1,0,0.0,1
LGS2ORD0012896,C014411,2025-04-13 03:00:00,Female,44,Silver,Lazada,Chonburi,376,TV_Show,COD,3,4,6,1,40-50,12.533333333333333,1.0,1.0,1.0,20,32,4760.59,0.1,0.0,0.0,0.0,0.0,0,0,0.0,0.0,0,0,0.0,4760.59,1,1,1.0,4760.59,1,1,1.0,0
LGS2ORD0012897,C016653,2025-04-13 03:00:00,Female,38,Bronze,CallCenter,Songkhla,209,TV_Show,Bank_Transfer,3,4,6,1,30-40,6.966666666666667,2.0,0.0,0.0,-1,8,10902.04,0.28,0.5,0.5,0.0,0.0,0,0,0.0,19396.08,1,0,0.0,21804.08,2,0,0.0,21804.08,2,0,0.0,0
LGS2ORD0012898,C017577,2025-04-13 03:00:00,Female,54,Bronze,Web,Remote_Area,483,Web,Credit_Card,3,4,6,1,>50,16.1,1.0,1.0,1.0,49,59,4338.22,0.08,1.0,0.0,0.0,0.0,0,0,0.0,0.0,0,0,0.0,4338.22,1,1,1.0,4338.22,1,1,1.0,0
LGS2ORD0012899,C012242,2025-04-13 03:00:00,Male,54,Silver,CallCenter,Chonburi,973,Web,Credit_Card,3,4,6,1,>50,32.43333333333333,2.0,0.0,0.0,-1,8,2521.0699999999997,0.2,0.5,0.0,0.0,0.0,0,0,0.0,5042.139999999999,2,0,0.0,5042.139999999999,2,0,0.0,5042.139999999999,2,0,0.0,0
LGS2ORD0012900,C015077,2025-04-13 04:00:00,Male,60,Bronze,Shopee,Chonburi,914,Web,COD,4,4,6,1,>50,30.466666666666665,3.0,0.0,0.0,-1,8,8889.276666666667,0.23,0.6666666666666666,0.3333333333333333,0.0,0.0,0,0,0.0,12940.58,1,0,0.0,14056.52,2,0,0.0,26667.83,3,0,0.0,0
LGS2ORD0012901,C015628,2025-04-13 04:00:00,Female,33,Bronze,TV,Khon Kaen,405,CallCenter,COD,4,4,6,1,30-40,13.5,2.0,1.0,0.5,6,10,7347.88,0.23,0.5,0.5,0.0,0.0,0,0,0.0,14695.76,2,1,0.5,14695.76,2,1,0.5,14695.76,2,1,0.5,0
LGS2ORD0012902,C010726,2025-04-13 04:00:00,Female,33,Silver,TV,Nakhon Ratchasima,1470,Shopee,COD,4,4,6,1,30-40,49.0,4.0,0.0,0.0,-1,57,5599.9400000000005,0.25,0.0,0.25,0.0,0.0,0,0,0.0,0.0,0,0,0.0,22399.760000000002,4,0,0.0,22399.760000000002,4,0,0.0,1
LGS2ORD0012903,C012942,2025-04-13 04:00:00,Male,45,Bronze,Lazada,Chonburi,136,Shopee,COD,4,4,6,1,40-50,4.533333333333333,1.0,0.0,0.0,-1,58,2648.32,0.08,0.0,0.0,0.0,0.0,0,0,0.0,0.0,0,0,0.0,2648.32,1,0,0.0,2648.32,1,0,0.0,0
LGS2ORD0012904,C010580,2025-04-13 04:00:00,Male,38,Silver,Web,Nakhon Ratchasima,703,TV_Show,COD,4,4,6,1,30-40,23.433333333333334,2.0,0.0,0.0,-1,62,1161.67,0.25,0.5,0.5,0.0,0.0,0,0,0.0,0.0,0,0,0.0,2323.34,2,0,0.0,2323.34,2,0,0.0,0
LGS2ORD0012905,C017342,2025-04-13 05:00:00,Female,39,Gold,Web,Bangkok,744,Lazada,COD,5,4,6,1,30-40,24.8,0.0,0.0,0.0,-1,-1,0.0,0.0,0.0,0.0,0.0,0.0,0,0,0.0,0.0,0,0,0.0,0.0,0,0,0.0,0.0,0,0,0.0,1
LGS2ORD0012906,C017422,2025-04-13 05:00:00,Male,44,Bronze,CallCenter,Bangkok,686,CallCenter,COD,5,4,6,1,40-50,22.866666666666667,2.0,0.0,0.0,-1,29,3166.705,0.23,0.0,0.5,0.0,0.0,0,0,0.0,4302.34,1,0,0.0,6333.41,2,0,0.0,6333.41,2,0,0.0,1
LGS2ORD0012907,C011081,2025-04-13 05:00:00,Female,41,Bronze,TV,Phuket,1197,CallCenter,Credit_Card,5,4,6,1,40-50,39.9,2.0,0.0,0.0,-1,8,5083.594999999999,0.08,0.5,0.0,0.0,0.0,0,0,0.0,9612.81,1,0,0.0,10167.189999999999,2,0,0.0,10167.189999999999,2,0,0.0,0
LGS2ORD0012908,C010461,2025-04-13 05:00:00,Female,39,Gold,Shopee,Chonburi,941,Lazada,COD,5,4,6,1,30-40,31.366666666666667,0.0,0.0,0.0,-1,-1,0.0,0.0,0.0,0.0,0.0,0.0,0,0,0.0,0.0,0,0,0.0,0.0,0,0,0.0,0.0,0,0,0.0,0
LGS2ORD0012909,C016970,2025-04-13 05:00:00,Female,70,Bronze,Lazada,Chiang Mai,560,Web,COD,5,4,6,1,>50,18.666666666666668,3.0,0.0,0.0,-1,11,7916.233333333334,0.28,0.3333333333333333,0.3333333333333333,0.0,0.0,0,0,0.0,23748.7,3,0,0.0,23748.7,3,0,0.0,23748.7,3,0,0.0,1
LGS2ORD0012910,C014379,2025-04-13 06:00:00,Female,49,Platinum,TV,Bangkok,257,CallCenter,COD,6,4,6,1,40-50,8.566666666666666,3.0,0.0,0.0,-1,8,5599.826666666668,0.1,1.0,0.0,0.0,0.0,0,0,0.0,2150.83,1,0,0.0,16799.480000000003,3,0,0.0,16799.480000000003,3,0,0.0,0
LGS2ORD0012911,C012716,2025-04-13 06:00:00,Male,54,Bronze,Lazada,Songkhla,773,Lazada,COD,6,4,6,1,>50,25.766666666666666,3.0,1.0,0.3333333333333333,40,27,5016.92,0.28,0.3333333333333333,0.3333333333333333,0.0,0.0,0,0,0.0,1343.58,1,0,0.0,15050.76,3,1,0.3333333333333333,15050.76,3,1,0.3333333333333333,0
LGS2ORD0012912,C012708,2025-04-13 06:00:00,Female,34,Silver,TV,Chonburi,1016,Shopee,COD,6,4,6,1,30-40,33.86666666666667,2.0,0.0,0.0,-1,59,2135.93,0.25,1.0,0.5,0.0,0.0,0,0,0.0,0.0,0,0,0.0,3257.83,1,0,0.0,4271.86,2,0,0.0,1
LGS2ORD0012913,C013078,2025-04-13 06:00:00,Female,45,Gold,Lazada,Remote_Area,904,TV_Show,COD,6,4,6,1,40-50,30.133333333333333,1.0,0.0,0.0,-1,40,7799.68,0.28,0.0,1.0,0.0,0.0,0,0,0.0,0.0,0,0,0.0,7799.68,1,0,0.0,7799.68,1,0,0.0,1
LGS2ORD0012914,C016236,2025-04-13 06:00:00,Female,18,Bronze,Lazada,Khon Kaen,216,TV_Show,COD,6,4,6,1,<20,7.2,1.0,0.0,0.0,-1,24,32918.14,0.03,1.0,0.0,0.0,0.0,0,0,0.0,32918.14,1,0,0.0,32918.14,1,0,0.0,32918.14,1,0,0.0,0
LGS2ORD0012915,C016070,2025-04-13 06:00:00,Male,43,Bronze,Shopee,Bangkok,1346,TV_Show,COD,6,4,6,1,40-50,44.86666666666667,4.0,0.0,0.0,-1,45,10019.9025,0.23,0.5,0.25,0.0,0.0,0,0,0.0,0.0,0,0,0.0,11300.939999999999,3,0,0.0,40079.61,4,0,0.0,1
LGS2ORD0012916,C016059,2025-04-13 07:00:00,Female,34,Platinum,Shopee,Bangkok,953,Shopee,COD,7,4,6,1,30-40,31.766666666666666,0.0,0.0,0.0,-1,-1,0.0,0.0,0.0,0.0,0.0,0.0,0,0,0.0,0.0,0,0,0.0,0.0,0,0,0.0,0.0,0,0,0.0,0
LGS2ORD0012917,C014045,2025-04-13 07:00:00,Male,63,Gold,Lazada,Chonburi,916,Shopee,Credit_Card,7,4,6,1,>50,30.533333333333335,1.0,0.0,0.0,-1,23,222.86,0.33,0.0,1.0,0.0,0.0,0,0,0.0,222.86,1,0,0.0,222.86,1,0,0.0,222.86,1,0,0.0,0
LGS2ORD0012918,C017313,2025-04-13 07:00:00,Male,48,Gold,CallCenter,Songkhla,427,Shopee,COD,7,4,6,1,40-50,14.233333333333333,2.0,2.0,1.0,15,21,4227.745,0.28,1.0,0.5,0.0,0.0,0,0,0.0,6559.94,1,1,1.0,8455.49,2,2,1.0,8455.49,2,2,1.0,0
LGS2ORD0012919,C011356,2025-04-13 07:00:00,Female,58,Bronze,Shopee,Chiang Mai,197,TV_Show,PromptPay,7,4,6,1,>50,6.566666666666666,3.0,1.0,0.3333333333333333,12,18,2951.4666666666667,0.28,0.3333333333333333,0.3333333333333333,0.0,0.0,0,0,0.0,2674.0299999999997,2,1,0.5,8854.4,3,1,0.3333333333333333,8854.4,3,1,0.3333333333333333,0
LGS2ORD0012920,C017072,2025-04-13 07:00:00,Female,52,Silver,Shopee,Songkhla,1411,Lazada,Credit_Card,7,4,6,1,>50,47.03333333333333,5.0,1.0,0.2,73,12,3033.9900000000002,0.2,0.6,0.0,0.0,0.0,0,0,0.0,2309.62,1,0,0.0,9351.5,4,1,0.25,15169.95,5,1,0.2,0
LGS2ORD0012921,C011779,2025-04-13 08:00:00,Female,24,Bronze,TV,Phuket,1348,TV_Show,Credit_Card,8,4,6,1,20-30,44.93333333333333,1.0,0.0,0.0,-1,88,840.7,0.23,0.0,1.0,0.0,0.0,0,0,0.0,0.0,0,0,0.0,840.7,1,0,0.0,840.7,1,0,0.0,0
LGS2ORD0012922,C015745,2025-04-13 08:00:00,Male,39,Bronze,Web,Phuket,897,Shopee,COD,8,4,6,1,30-40,29.9,4.0,0.0,0.0,-1,41,6091.76,0.23,0.25,0.25,0.0,0.0,0,0,0.0,0.0,0,0,0.0,24367.04,4,0,0.0,24367.04,4,0,0.0,0
LGS2ORD0012923,C014403,2025-04-13 08:00:00,Male,57,Gold,CallCenter,Khon Kaen,121,Shopee,COD,8,4,6,1,>50,4.033333333333333,1.0,0.0,0.0,-1,92,3318.6,0.08,1.0,0.0,0.0,0.0,0,0,0.0,0.0,0,0,0.0,0.0,0,0,0.0,3318.6,1,0,0.0,0
LGS2ORD0012924,C015381,2025-04-13 08:00:00,Male,31,Bronze,TV,Nakhon Ratchasima,1373,Shopee,Credit_Card,8,4,6,1,30-40,45.766666666666666,1.0,0.0,0.0,-1,82,2089.26,0.18,0.0,0.0,0.0,0.0,0,0,0.0,0.0,0,0,0.0,2089.26,1,0,0.0,2089.26,1,0,0.0,0
LGS2ORD0012925,C012677,2025-04-13 08:00:00,Female,20,Bronze,Shopee,Songkhla,1193,Shopee,Bank_Transfer,8,4,6,1,<20,39.766666666666666,2.0,0.0,0.0,-1,37,4934.42,0.13,0.5,0.0,0.0,0.0,0,0,0.0,0.0,0,0,0.0,9868.84,2,0,0.0,9868.84,2,0,0.0,0
LGS2ORD0012926,C015925,2025-04-13 09:00:00,Male,37,Bronze,CallCenter,Khon Kaen,1484,Web,COD,9,4,6,1,30-40,49.46666666666667,0.0,0.0,0.0,-1,-1,0.0,0.0,0.0,0.0,0.0,0.0,0,0,0.0,0.0,0,0,0.0,0.0,0,0,0.0,0.0,0,0,0.0,0
LGS2ORD0012927,C013216,2025-04-13 09:00:00,Female,20,Bronze,TV,Bangkok,1458,Web,Credit_Card,9,4,6,1,<20,48.6,1.0,1.0,1.0,16,19,785.24,0.08,0.0,0.0,0.0,0.0,0,0,0.0,785.24,1,1,1.0,785.24,1,1,1.0,785.24,1,1,1.0,0
LGS2ORD0012928,C012157,2025-04-13 09:00:00,Male,54,Silver,Shopee,Remote_Area,278,CallCenter,COD,9,4,6,1,>50,9.266666666666667,4.0,1.0,0.25,84,69,2451.32,0.3,0.5,0.5,0.0,0.0,0,0,0.0,0.0,0,0,0.0,6851.51,3,0,0.0,9805.28,4,1,0.25,0
LGS2ORD0012929,C017083,2025-04-13 09:00:00,Male,31,Bronze,Web,Chiang Mai,1089,TV_Show,Bank_Transfer,9,4,6,1,30-40,36.3,4.0,1.0,0.25,88,22,2637.4925,0.28,0.75,0.25,0.0,0.0,0,0,0.0,1656.19,1,0,0.0,8117.719999999999,3,0,0.0,10549.97,4,1,0.25,0
LGS2ORD0012930,C011455,2025-04-13 09:00:00,Female,45,Gold,Web,Phuket,1145,TV_Show,COD,9,4,6,1,40-50,38.166666666666664,0.0,0.0,0.0,-1,-1,0.0,0.0,0.0,0.0,0.0,0.0,0,0,0.0,0.0,0,0,0.0,0.0,0,0,0.0,0.0,0,0,0.0,0
LGS2ORD0012931,C011950,2025-04-13 10:00:00,Female,26,Silver,Web,Bangkok,1181,Shopee,Credit_Card,10,4,6,1,20-30,39.36666666666667,0.0,0.0,0.0,-1,-1,0.0,0.0,0.0,0.0,0.0,0.0,0,0,0.0,0.0,0,0,0.0,0.0,0,0,0.0,0.0,0,0,0.0,0
LGS2ORD0012932,C011222,2025-04-13 10:00:00,Male,48,Bronze,Web,Songkhla,1546,Web,PromptPay,10,4,6,1,40-50,51.53333333333333,2.0,0.0,0.0,-1,83,2902.255,0.18,0.0,0.0,0.0,0.0,0,0,0.0,0.0,0,0,0.0,5804.51,2,0,0.0,5804.51,2,0,0.0,0
LGS2ORD0012933,C010344,2025-04-13 10:00:00,Female,34,Bronze,CallCenter,Bangkok,463,Shopee,PromptPay,10,4,6,1,30-40,15.433333333333334,0.0,0.0,0.0,-1,-1,0.0,0.0,0.0,0.0,0.0,0.0,0,0,0.0,0.0,0,0,0.0,0.0,0,0,0.0,0.0,0,0,0.0,0
LGS2ORD0012934,C014113,2025-04-13 10:00:00,Female,47,Silver,CallCenter,Khon Kaen,1303,Lazada,Bank_Transfer,10,4,6,1,40-50,43.43333333333333,1.0,0.0,0.0,-1,88,8610.28,0.1,1.0,0.0,0.0,0.0,0,0,0.0,0.0,0,0,0.0,8610.28,1,0,0.0,8610.28,1,0,0.0,0
LGS2ORD0012935,C010933,2025-04-13 10:00:00,Female,32,Platinum,Web,Nakhon Ratchasima,471,Web,Credit_Card,10,4,6,1,30-40,15.7,0.0,0.0,0.0,-1,-1,0.0,0.0,0.0,0.0,0.0,0.0,0,0,0.0,0.0,0,0,0.0,0.0,0,0,0.0,0.0,0,0,0.0,0
LGS2ORD0012936,C016277,2025-04-13 10:00:00,Male,61,Bronze,Shopee,Remote_Area,778,Web,Bank_Transfer,10,4,6,1,>50,25.933333333333334,4.0,1.0,0.25,50,50,2470.6825000000003,0.28,1.0,0.5,0.0,0.0,0,0,0.0,0.0,0,0,0.0,9882.730000000001,4,1,0.25,9882.730000000001,4,1,0.25,1
LGS2ORD0012937,C012271,2025-04-13 11:00:00,Female,42,Bronze,CallCenter,Chonburi,393,TV_Show,COD,11,4,6,1,40-50,13.1,2.0,1.0,0.5,7,15,6823.78,0.23,1.0,0.5,0.0,0.0,0,0,0.0,2150.85,1,1,1.0,13647.56,2,1,0.5,13647.56,2,1,0.5,0
LGS2ORD0012938,C014521,2025-04-13 11:00:00,Female,61,Bronze,Lazada,Bangkok,653,Lazada,COD,11,4,6,1,>50,21.766666666666666,3.0,3.0,1.0,5,10,3768.2566666666667,0.18,1.0,0.0,0.0,0.0,0,0,0.0,3582.97,1,1,1.0,11304.77,3,3,1.0,11304.77,3,3,1.0,0
LGS2ORD0012939,C013902,2025-04-13 11:00:00,Female,69,Bronze,TV,Khon Kaen,1319,Shopee,PromptPay,11,4,6,1,>50,43.96666666666667,0.0,0.0,0.0,-1,-1,0.0,0.0,0.0,0.0,0.0,0.0,0,0,0.0,0.0,0,0,0.0,0.0,0,0,0.0,0.0,0,0,0.0,0
LGS2ORD0012940,C016767,2025-04-13 11:00:00,Female,54,Bronze,TV,Remote_Area,185,TV_Show,Credit_Card,11,4,6,1,>50,6.166666666666667,3.0,2.0,0.6666666666666666,19,29,3659.08,0.23,0.0,0.3333333333333333,0.0,0.0,0,0,0.0,715.32,1,1,1.0,10977.24,3,2,0.6666666666666666,10977.24,3,2,0.6666666666666666,0
LGS2ORD0012941,C014636,2025-04-13 11:00:00,Female,29,Bronze,TV,Remote_Area,1180,TV_Show,COD,11,4,6,1,20-30,39.333333333333336,3.0,0.0,0.0,-1,2,8202.273333333333,0.28,0.6666666666666666,0.6666666666666666,0.0,6770.49,1,0,0.0,24606.82,3,0,0.0,24606.82,3,0,0.0,24606.82,3,0,0.0,1
LGS2ORD0012942,C017769,2025-04-13 12:00:00,Female,55,Silver,Lazada,Remote_Area,332,TV_Show,PromptPay,12,4,6,1,>50,11.066666666666666,2.0,0.0,0.0,-1,13,1213.095,0.3,0.5,0.5,0.0,0.0,0,0,0.0,2426.19,2,0,0.0,2426.19,2,0,0.0,2426.19,2,0,0.0,0
LGS2ORD0012943,C012704,2025-04-13 12:00:00,Male,41,Platinum,Lazada,Bangkok,1469,Web,COD,12,4,6,1,40-50,48.96666666666667,1.0,0.0,0.0,-1,77,844.43,0.15,0.0,0.0,0.0,0.0,0,0,0.0,0.0,0,0,0.0,844.43,1,0,0.0,844.43,1,0,0.0,0
LGS2ORD0012944,C016500,2025-04-13 12:00:00,Male,55,Bronze,TV,Chonburi,946,Shopee,COD,12,4,6,1,>50,31.533333333333335,1.0,0.0,0.0,-1,13,1725.93,0.03,1.0,0.0,0.0,0.0,0,0,0.0,1725.93,1,0,0.0,1725.93,1,0,0.0,1725.93,1,0,0.0,1
LGS2ORD0012945,C012297,2025-04-13 12:00:00,Female,32,Gold,Lazada,Bangkok,1425,Shopee,PromptPay,12,4,6,1,30-40,47.5,2.0,0.0,0.0,-1,13,2831.925,0.2299999999999999,0.0,0.5,0.0,0.0,0,0,0.0,5663.85,2,0,0.0,5663.85,2,0,0.0,5663.85,2,0,0.0,0
LGS2ORD0012946,C011185,2025-04-13 12:00:00,Male,31,Gold,Shopee,Chiang Mai,1147,Web,COD,12,4,6,1,30-40,38.233333333333334,2.0,1.0,0.5,2,14,2026.63,0.13,1.0,0.0,0.0,0.0,0,0,0.0,615.69,1,1,1.0,4053.26,2,1,0.5,4053.26,2,1,0.5,0
LGS2ORD0012947,C011724,2025-04-13 13:00:00,Female,46,Silver,Web,Phuket,485,Web,Bank_Transfer,13,4,6,1,40-50,16.166666666666668,1.0,1.0,1.0,27,37,426.69,0.2,1.0,0.0,0.0,0.0,0,0,0.0,0.0,0,0,0.0,426.69,1,1,1.0,426.69,1,1,1.0,0
LGS2ORD0012948,C015868,2025-04-13 13:00:00,Female,29,Bronze,Lazada,Bangkok,844,TV_Show,COD,13,4,6,1,20-30,28.133333333333333,0.0,0.0,0.0,-1,-1,0.0,0.0,0.0,0.0,0.0,0.0,0,0,0.0,0.0,0,0,0.0,0.0,0,0,0.0,0.0,0,0,0.0,0
LGS2ORD0012949,C011275,2025-04-13 13:00:00,Female,46,Platinum,Shopee,Bangkok,1140,Web,Credit_Card,13,4,6,1,40-50,38.0,2.0,1.0,0.5,30,40,2207.69,0.3,0.5,0.5,0.0,0.0,0,0,0.0,0.0,0,0,0.0,4415.38,2,1,0.5,4415.38,2,1,0.5,0
LGS2ORD0012950,C011823,2025-04-13 13:00:00,Male,39,Bronze,Lazada,Chiang Mai,731,CallCenter,COD,13,4,6,1,30-40,24.366666666666667,1.0,0.0,0.0,-1,13,3130.3,0.08,1.0,0.0,0.0,0.0,0,0,0.0,3130.3,1,0,0.0,3130.3,1,0,0.0,3130.3,1,0,0.0,1
LGS2ORD0012951,C012161,2025-04-13 13:00:00,Male,23,Gold,TV,Phuket,325,Lazada,Credit_Card,13,4,6,1,20-30,10.833333333333334,0.0,0.0,0.0,-1,-1,0.0,0.0,0.0,0.0,0.0,0.0,0,0,0.0,0.0,0,0,0.0,0.0,0,0,0.0,0.0,0,0,0.0,1
LGS2ORD0012952,C013188,2025-04-13 14:00:00,Female,39,Silver,Web,Bangkok,357,TV_Show,COD,14,4,6,1,30-40,11.9,0.0,0.0,0.0,-1,-1,0.0,0.0,0.0,0.0,0.0,0.0,0,0,0.0,0.0,0,0,0.0,0.0,0,0,0.0,0.0,0,0,0.0,0
LGS2ORD0012953,C016847,2025-04-13 14:00:00,Male,38,Platinum,Web,Bangkok,185,TV_Show,COD,14,4,6,1,30-40,6.166666666666667,0.0,0.0,0.0,-1,-1,0.0,0.0,0.0,0.0,0.0,0.0,0,0,0.0,0.0,0,0,0.0,0.0,0,0,0.0,0.0,0,0,0.0,0
LGS2ORD0012954,C014979,2025-04-13 14:00:00,Female,59,Bronze,TV,Chiang Mai,1337,Shopee,Bank_Transfer,14,4,6,1,>50,44.56666666666667,1.0,0.0,0.0,-1,52,3801.37,0.28,0.0,1.0,0.0,0.0,0,0,0.0,0.0,0,0,0.0,3801.37,1,0,0.0,3801.37,1,0,0.0,0
LGS2ORD0012955,C011196,2025-04-13 14:00:00,Male,57,Bronze,Lazada,Bangkok,412,TV_Show,COD,14,4,6,1,>50,13.733333333333333,3.0,0.0,0.0,-1,18,6541.12,0.28,0.3333333333333333,0.3333333333333333,0.0,0.0,0,0,0.0,8382.39,1,0,0.0,19623.36,3,0,0.0,19623.36,3,0,0.0,0
LGS2ORD0012956,C016126,2025-04-13 14:00:00,Female,47,Gold,TV,Chonburi,1390,CallCenter,Bank_Transfer,14,4,6,1,40-50,46.333333333333336,2.0,0.0,0.0,-1,41,9891.039999999999,0.28,0.5,0.5,0.0,0.0,0,0,0.0,0.0,0,0,0.0,19782.079999999998,2,0,0.0,19782.079999999998,2,0,0.0,0
LGS2ORD0012957,C013397,2025-04-13 14:00:00,Female,37,Bronze,Web,Khon Kaen,1221,CallCenter,Bank_Transfer,14,4,6,1,30-40,40.7,2.0,0.0,0.0,-1,37,1065.545,0.23,1.0,0.5,0.0,0.0,0,0,0.0,0.0,0,0,0.0,2131.09,2,0,0.0,2131.09,2,0,0.0,0
LGS2ORD0012958,C015865,2025-04-13 15:00:00,Female,57,Gold,Shopee,Nakhon Ratchasima,1065,TV_Show,PromptPay,15,4,6,1,>50,35.5,4.0,2.0,0.5,16,24,2616.805,0.33,0.25,0.75,0.0,0.0,0,0,0.0,2236.42,2,1,0.5,10467.22,4,2,0.5,10467.22,4,2,0.5,0
LGS2ORD0012959,C017445,2025-04-13 15:00:00,Other,70,Platinum,Web,Chonburi,1231,TV_Show,Credit_Card,15,4,6,1,>50,41.03333333333333,2.0,0.0,0.0,-1,6,2342.565,0.3,0.0,0.5,0.0,3919.26,1,0,0.0,4685.13,2,0,0.0,4685.13,2,0,0.0,4685.13,2,0,0.0,0
LGS2ORD0012960,C012066,2025-04-13 15:00:00,Male,35,Silver,Lazada,Bangkok,1346,Web,PromptPay,15,4,6,1,30-40,44.86666666666667,3.0,0.0,0.0,-1,13,12159.706666666667,0.2,0.6666666666666666,0.0,0.0,0.0,0,0,0.0,4180.8,1,0,0.0,36479.12,3,0,0.0,36479.12,3,0,0.0,0
LGS2ORD0012961,C011603,2025-04-13 15:00:00,Female,32,Bronze,Web,Nakhon Ratchasima,692,Web,Credit_Card,15,4,6,1,30-40,23.066666666666666,1.0,0.0,0.0,-1,43,3006.67,0.28,0.0,1.0,0.0,0.0,0,0,0.0,0.0,0,0,0.0,3006.67,1,0,0.0,3006.67,1,0,0.0,0
LGS2ORD0012962,C017541,2025-04-13 15:00:00,Female,41,Platinum,Web,Phuket,931,Shopee,Credit_Card,15,4,6,1,40-50,31.033333333333335,2.0,0.0,0.0,-1,26,2644.755,0.35,0.5,0.5,0.0,0.0,0,0,0.0,1520.27,1,0,0.0,5289.51,2,0,0.0,5289.51,2,0,0.0,0
LGS2ORD0012963,C012390,2025-04-13 16:00:00,Male,50,Bronze,TV,Khon Kaen,1371,TV_Show,COD,16,4,6,1,40-50,45.7,0.0,0.0,0.0,-1,-1,0.0,0.0,0.0,0.0,0.0,0.0,0,0,0.0,0.0,0,0,0.0,0.0,0,0,0.0,0.0,0,0,0.0,0
LGS2ORD0012964,C014769,2025-04-13 16:00:00,Other,47,Bronze,Shopee,Bangkok,1550,Lazada,Credit_Card,16,4,6,1,40-50,51.666666666666664,2.0,1.0,0.5,5,19,2272.02,0.23,0.0,0.5,0.0,0.0,0,0,0.0,3312.19,1,1,1.0,4544.04,2,1,0.5,4544.04,2,1,0.5,0
LGS2ORD0012965,C017701,2025-04-13 16:00:00,Male,42,Bronze,Web,Bangkok,999,Web,PromptPay,16,4,6,1,40-50,33.3,2.0,0.0,0.0,-1,7,2856.79,0.13,1.0,0.0,0.0,0.0,0,0,0.0,2864.24,1,0,0.0,5713.58,2,0,0.0,5713.58,2,0,0.0,1
LGS2ORD0012966,C017325,2025-04-13 16:00:00,Female,42,Silver,TV,Chonburi,1189,Shopee,COD,16,4,6,1,40-50,39.63333333333333,0.0,0.0,0.0,-1,-1,0.0,0.0,0.0,0.0,0.0,0.0,0,0,0.0,0.0,0,0,0.0,0.0,0,0,0.0,0.0,0,0,0.0,0
LGS2ORD0012967,C014034,2025-04-13 16:00:00,Female,38,Silver,Lazada,Chiang Mai,1430,Shopee,COD,16,4,6,1,30-40,47.666666666666664,1.0,0.0,0.0,-1,102,2503.14,0.05,0.0,0.0,0.0,0.0,0,0,0.0,0.0,0,0,0.0,0.0,0,0,0.0,2503.14,1,0,0.0,0
LGS2ORD0012968,C014911,2025-04-13 17:00:00,Male,39,Bronze,Web,Bangkok,539,Lazada,COD,17,4,6,1,30-40,17.966666666666665,1.0,1.0,1.0,26,38,768.05,0.23,0.0,1.0,0.0,0.0,0,0,0.0,0.0,0,0,0.0,768.05,1,1,1.0,768.05,1,1,1.0,1
LGS2ORD0012969,C014845,2025-04-13 17:00:00,Female,58,Silver,TV,Bangkok,768,TV_Show,Credit_Card,17,4,6,1,>50,25.6,5.0,0.0,0.0,-1,18,3129.238,0.25,0.6,0.2,0.0,0.0,0,0,0.0,2536.47,1,0,0.0,14906.009999999998,4,0,0.0,15646.189999999999,5,0,0.0,0
LGS2ORD0012970,C010130,2025-04-13 17:00:00,Female,53,Silver,Shopee,Chonburi,177,Lazada,COD,17,4,6,1,>50,5.9,0.0,0.0,0.0,-1,-1,0.0,0.0,0.0,0.0,0.0,0.0,0,0,0.0,0.0,0,0,0.0,0.0,0,0,0.0,0.0,0,0,0.0,0
LGS2ORD0012971,C017961,2025-04-13 17:00:00,Female,35,Bronze,Lazada,Chiang Mai,974,TV_Show,Bank_Transfer,17,4,6,1,30-40,32.46666666666667,3.0,1.0,0.3333333333333333,65,33,14515.263333333336,0.23,0.3333333333333333,0.3333333333333333,0.0,0.0,0,0,0.0,0.0,0,0,0.0,43545.79000000001,3,1,0.3333333333333333,43545.79000000001,3,1,0.3333333333333333,0
LGS2ORD0012972,C012447,2025-04-13 17:00:00,Female,61,Bronze,TV,Remote_Area,809,Web,COD,17,4,6,1,>50,26.966666666666665,4.0,3.0,0.75,-2,3,11327.55,0.18,0.75,0.0,0.0,15402.75,1,1,1.0,34696.369999999995,2,1,0.5,45310.2,4,3,0.75,45310.2,4,3,0.75,0
LGS2ORD0012973,C016616,2025-04-13 18:00:00,Male,47,Bronze,CallCenter,Bangkok,762,Web,COD,18,4,6,1,40-50,25.4,3.0,1.0,0.3333333333333333,-9,6,1546.3666666666666,0.28,0.6666666666666666,0.6666666666666666,0.0,947.82,1,1,1.0,2817.59,2,1,0.5,4639.099999999999,3,1,0.3333333333333333,4639.099999999999,3,1,0.3333333333333333,0
LGS2ORD0012974,C017938,2025-04-13 18:00:00,Male,38,Bronze,Shopee,Remote_Area,723,Lazada,PromptPay,18,4,6,1,30-40,24.1,2.0,1.0,0.5,73,85,3440.165,0.23,0.5,0.5,0.0,0.0,0,0,0.0,0.0,0,0,0.0,1330.58,1,1,1.0,6880.33,2,1,0.5,0
LGS2ORD0012975,C016100,2025-04-13 18:00:00,Male,59,Bronze,TV,Khon Kaen,1048,TV_Show,COD,18,4,6,1,>50,34.93333333333333,1.0,0.0,0.0,-1,72,12207.95,0.23,0.0,1.0,0.0,0.0,0,0,0.0,0.0,0,0,0.0,12207.95,1,0,0.0,12207.95,1,0,0.0,1
LGS2ORD0012976,C017036,2025-04-13 18:00:00,Female,33,Bronze,CallCenter,Bangkok,289,Shopee,COD,18,4,6,1,30-40,9.633333333333333,2.0,1.0,0.5,87,51,2561.9300000000003,0.23,0.5,0.5,0.0,0.0,0,0,0.0,0.0,0,0,0.0,3679.94,1,0,0.0,5123.860000000001,2,1,0.5,0
LGS2ORD0012977,C017645,2025-04-13 18:00:00,Female,59,Gold,CallCenter,Bangkok,994,TV_Show,COD,18,4,6,1,>50,33.13333333333333,1.0,0.0,0.0,-1,58,8625.13,0.13,0.0,0.0,0.0,0.0,0,0,0.0,0.0,0,0,0.0,8625.13,1,0,0.0,8625.13,1,0,0.0,0
LGS2ORD0012978,C012753,2025-04-13 18:00:00,Female,38,Silver,TV,Songkhla,1106,Shopee,COD,18,4,6,1,30-40,36.86666666666667,0.0,0.0,0.0,-1,-1,0.0,0.0,0.0,0.0,0.0,0.0,0,0,0.0,0.0,0,0,0.0,0.0,0,0,0.0,0.0,0,0,0.0,0
LGS2ORD0012979,C011083,2025-04-13 19:00:00,Female,43,Gold,Web,Chonburi,466,CallCenter,Credit_Card,19,4,6,1,40-50,15.533333333333333,1.0,0.0,0.0,-1,29,1302.77,0.13,0.0,0.0,0.0,0.0,0,0,0.0,1302.77,1,0,0.0,1302.77,1,0,0.0,1302.77,1,0,0.0,0
LGS2ORD0012980,C010421,2025-04-13 19:00:00,Female,42,Bronze,Lazada,Songkhla,622,TV_Show,PromptPay,19,4,6,1,40-50,20.733333333333334,1.0,0.0,0.0,-1,14,959.97,0.23,0.0,1.0,0.0,0.0,0,0,0.0,959.97,1,0,0.0,959.97,1,0,0.0,959.97,1,0,0.0,1
LGS2ORD0012981,C011522,2025-04-13 19:00:00,Male,53,Silver,TV,Khon Kaen,220,TV_Show,Credit_Card,19,4,6,1,>50,7.333333333333333,0.0,0.0,0.0,-1,-1,0.0,0.0,0.0,0.0,0.0,0.0,0,0,0.0,0.0,0,0,0.0,0.0,0,0,0.0,0.0,0,0,0.0,1
LGS2ORD0012982,C012874,2025-04-13 19:00:00,Male,45,Bronze,Lazada,Songkhla,1067,Web,COD,19,4,6,1,40-50,35.56666666666667,1.0,1.0,1.0,48,54,4867.08,0.23,1.0,1.0,0.0,0.0,0,0,0.0,0.0,0,0,0.0,4867.08,1,1,1.0,4867.08,1,1,1.0,1
LGS2ORD0012983,C013500,2025-04-13 19:00:00,Male,35,Silver,TV,Chonburi,693,TV_Show,Credit_Card,19,4,6,1,30-40,23.1,0.0,0.0,0.0,-1,-1,0.0,0.0,0.0,0.0,0.0,0.0,0,0,0.0,0.0,0,0,0.0,0.0,0,0,0.0,0.0,0,0,0.0,0
LGS2ORD0012984,C016188,2025-04-13 20:00:00,Male,46,Gold,Shopee,Chonburi,537,Shopee,Credit_Card,20,4,6,1,40-50,17.9,1.0,1.0,1.0,62,76,4602.74,0.13,0.0,0.0,0.0,0.0,0,0,0.0,0.0,0,0,0.0,4602.74,1,1,1.0,4602.74,1,1,1.0,0
LGS2ORD0012985,C012320,2025-04-13 20:00:00,Female,46,Bronze,TV,Bangkok,732,Shopee,Credit_Card,20,4,6,1,40-50,24.4,1.0,0.0,0.0,-1,82,1805.08,0.13,0.0,0.0,0.0,0.0,0,0,0.0,0.0,0,0,0.0,1805.08,1,0,0.0,1805.08,1,0,0.0,0
LGS2ORD0012986,C015627,2025-04-13 20:00:00,Female,35,Bronze,TV,Bangkok,736,Web,COD,20,4,6,1,30-40,24.533333333333335,3.0,0.0,0.0,-1,37,4857.876666666667,0.13,0.6666666666666666,0.0,0.0,0.0,0,0,0.0,0.0,0,0,0.0,10790.87,2,0,0.0,14573.630000000001,3,0,0.0,0
LGS2ORD0012987,C011760,2025-04-13 20:00:00,Male,27,Bronze,TV,Khon Kaen,179,TV_Show,COD,20,4,6,1,20-30,5.966666666666667,2.0,0.0,0.0,-1,31,7475.295,0.18,0.5,0.0,0.0,0.0,0,0,0.0,0.0,0,0,0.0,14950.59,2,0,0.0,14950.59,2,0,0.0,0
LGS2ORD0012988,C016251,2025-04-13 20:00:00,Other,54,Bronze,TV,Remote_Area,1139,TV_Show,Credit_Card,20,4,6,1,>50,37.96666666666667,2.0,1.0,0.5,28,39,6995.469999999999,0.18,0.5,0.0,0.0,0.0,0,0,0.0,0.0,0,0,0.0,13990.939999999999,2,1,0.5,13990.939999999999,2,1,0.5,0
LGS2ORD0012989,C014563,2025-04-13 21:00:00,Female,33,Bronze,Web,Bangkok,851,Lazada,COD,21,4,6,1,30-40,28.366666666666667,0.0,0.0,0.0,-1,-1,0.0,0.0,0.0,0.0,0.0,0.0,0,0,0.0,0.0,0,0,0.0,0.0,0,0,0.0,0.0,0,0,0.0,0
LGS2ORD0012990,C010871,2025-04-13 21:00:00,Female,34,Bronze,Shopee,Bangkok,1013,Web,Bank_Transfer,21,4,6,1,30-40,33.766666666666666,0.0,0.0,0.0,-1,-1,0.0,0.0,0.0,0.0,0.0,0.0,0,0,0.0,0.0,0,0,0.0,0.0,0,0,0.0,0.0,0,0,0.0,0
LGS2ORD0012991,C011475,2025-04-13 21:00:00,Male,34,Bronze,TV,Bangkok,1277,Web,Bank_Transfer,21,4,6,1,30-40,42.56666666666667,2.0,1.0,0.5,48,8,3731.875,0.08,1.0,0.0,0.0,0.0,0,0,0.0,2990.35,1,0,0.0,7463.75,2,1,0.5,7463.75,2,1,0.5,0
LGS2ORD0012992,C014902,2025-04-13 21:00:00,Male,41,Silver,TV,Phuket,617,Web,Credit_Card,21,4,6,1,40-50,20.566666666666666,2.0,0.0,0.0,-1,2,8193.555,0.3,0.0,0.5,0.0,14010.38,1,0,0.0,16387.11,2,0,0.0,16387.11,2,0,0.0,16387.11,2,0,0.0,0
LGS2ORD0012993,C012636,2025-04-13 21:00:00,Female,53,Bronze,TV,Nakhon Ratchasima,404,Shopee,Bank_Transfer,21,4,6,1,>50,13.466666666666667,2.0,0.0,0.0,-1,42,3455.8300000000004,0.03,0.5,0.0,0.0,0.0,0,0,0.0,0.0,0,0,0.0,6911.660000000001,2,0,0.0,6911.660000000001,2,0,0.0,0
LGS2ORD0012994,C012769,2025-04-13 21:00:00,Male,57,Bronze,TV,Remote_Area,1410,TV_Show,COD,21,4,6,1,>50,47.0,1.0,1.0,1.0,13,20,22126.86,0.13,1.0,0.0,0.0,0.0,0,0,0.0,22126.86,1,1,1.0,22126.86,1,1,1.0,22126.86,1,1,1.0,1
LGS2ORD0012995,C013078,2025-04-13 22:00:00,Female,45,Gold,Lazada,Remote_Area,904,Shopee,Bank_Transfer,22,4,6,1,40-50,30.133333333333333,2.0,1.0,0.5,-13,0,6741.295,0.28,0.5,1.0,0.0,5682.91,1,1,1.0,5682.91,1,1,1.0,13482.59,2,1,0.5,13482.59,2,1,0.5,0
LGS2ORD0012996,C016937,2025-04-13 22:00:00,Female,44,Bronze,Shopee,Chiang Mai,219,Web,COD,22,4,6,1,40-50,7.3,2.0,0.0,0.0,-1,99,7899.975,0.03,1.0,0.0,0.0,0.0,0,0,0.0,0.0,0,0,0.0,0.0,0,0,0.0,15799.95,2,0,0.0,0
LGS2ORD0012997,C017268,2025-04-13 22:00:00,Male,48,Silver,TV,Chonburi,1487,Shopee,COD,22,4,6,1,40-50,49.56666666666667,3.0,1.0,0.3333333333333333,83,54,7354.009999999999,0.25,0.3333333333333333,0.3333333333333333,0.0,0.0,0,0,0.0,0.0,0,0,0.0,5762.52,2,0,0.0,22062.03,3,1,0.3333333333333333,0
LGS2ORD0012998,C014001,2025-04-13 22:00:00,Female,38,Silver,Web,Chiang Mai,940,Shopee,COD,22,4,6,1,30-40,31.333333333333332,1.0,0.0,0.0,-1,33,2351.34,0.3,0.0,1.0,0.0,0.0,0,0,0.0,0.0,0,0,0.0,2351.34,1,0,0.0,2351.34,1,0,0.0,0
LGS2ORD0012999,C014718,2025-04-13 22:00:00,Male,18,Gold,Web,Nakhon Ratchasima,1509,Shopee,Credit_Card,22,4,6,1,<20,50.3,3.0,1.0,0.3333333333333333,23,36,3380.19,0.28,0.3333333333333333,0.3333333333333333,0.0,0.0,0,0,0.0,0.0,0,0,0.0,10140.57,3,1,0.3333333333333333,10140.57,3,1,0.3333333333333333,0
LGS2ORD0013000,C016432,2025-04-13 23:00:00,Male,60,Bronze,Shopee,Phuket,1489,Web,COD,23,4,6,1,>50,49.63333333333333,1.0,0.0,0.0,-1,32,3559.53,0.03,0.0,0.0,0.0,0.0,0,0,0.0,0.0,0,0,0.0,3559.53,1,0,0.0,3559.53,1,0,0.0,0
LGS2ORD0013001,C017277,2025-04-13 23:00:00,Female,59,Bronze,Web,Khon Kaen,314,Lazada,Credit_Card,23,4,6,1,>50,10.466666666666667,3.0,0.0,0.0,-1,1,2909.6433333333334,0.28,0.3333333333333333,0.3333333333333333,0.0,736.35,1,0,0.0,736.35,1,0,0.0,8728.93,3,0,0.0,8728.93,3,0,0.0,0
LGS2ORD0013002,C016791,2025-04-13 23:00:00,Male,44,Bronze,TV,Chonburi,119,CallCenter,PromptPay,23,4,6,1,40-50,3.966666666666667,2.0,1.0,0.5,34,8,4781.89,0.18,0.0,0.0,0.0,0.0,0,0,0.0,8369.84,1,0,0.0,9563.78,2,1,0.5,9563.78,2,1,0.5,0
LGS2ORD0013003,C016129,2025-04-13 23:00:00,Male,44,Gold,Lazada,Bangkok,667,Lazada,PromptPay,23,4,6,1,40-50,22.233333333333334,4.0,1.0,0.25,-2,1,2872.18,0.33,0.5,0.75,0.0,9153.06,1,1,1.0,9153.06,1,1,1.0,11488.72,4,1,0.25,11488.72,4,1,0.25,0
LGS2ORD0013004,C015543,2025-04-13 23:00:00,Female,55,Platinum,Shopee,Khon Kaen,427,Lazada,COD,23,4,6,1,>50,14.233333333333333,3.0,0.0,0.0,-1,2,6973.046666666666,0.25,0.3333333333333333,0.3333333333333333,0.0,18772.66,1,0,0.0,18772.66,1,0,0.0,20919.14,3,0,0.0,20919.14,3,0,0.0,0
LGS2ORD0013005,C010142,2025-04-14 00:00:00,Female,28,Bronze,TV,Chiang Mai,403,Web,Credit_Card,0,4,0,0,20-30,13.433333333333334,0.0,0.0,0.0,-1,-1,0.0,0.0,0.0,0.0,0.0,0.0,0,0,0.0,0.0,0,0,0.0,0.0,0,0,0.0,0.0,0,0,0.0,1
LGS2ORD0013006,C011897,2025-04-14 00:00:00,Male,60,Platinum,Lazada,Khon Kaen,384,CallCenter,COD,0,4,0,0,>50,12.8,2.0,0.0,0.0,-1,28,1242.065,0.2,0.5,0.0,0.0,0.0,0,0,0.0,905.4,1,0,0.0,2484.13,2,0,0.0,2484.13,2,0,0.0,0
LGS2ORD0013007,C016378,2025-04-14 00:00:00,Male,35,Bronze,TV,Phuket,1364,CallCenter,Credit_Card,0,4,0,0,30-40,45.46666666666667,3.0,2.0,0.6666666666666666,59,65,1804.3999999999999,0.18,0.6666666666666666,0.0,0.0,0.0,0,0,0.0,0.0,0,0,0.0,5413.2,3,2,0.6666666666666666,5413.2,3,2,0.6666666666666666,0
LGS2ORD0013008,C010036,2025-04-14 00:00:00,Female,31,Silver,Web,Chiang Mai,472,Shopee,PromptPay,0,4,0,0,30-40,15.733333333333333,4.0,0.0,0.0,-1,18,9674.0425,0.25,0.25,0.25,0.0,0.0,0,0,0.0,34193.0,2,0,0.0,38696.17,4,0,0.0,38696.17,4,0,0.0,1
LGS2ORD0013009,C014959,2025-04-14 00:00:00,Female,50,Gold,TV,Khon Kaen,695,Lazada,COD,0,4,0,0,40-50,23.166666666666668,4.0,1.0,0.25,54,3,1727.9474999999998,0.28,0.75,0.75,0.0,3277.6,1,0,0.0,3277.6,1,0,0.0,6760.91,3,1,0.3333333333333333,6911.789999999999,4,1,0.25,1
LGS2ORD0013010,C015808,2025-04-14 01:00:00,Female,36,Silver,CallCenter,Bangkok,317,Web,COD,1,4,0,0,30-40,10.566666666666666,0.0,0.0,0.0,-1,-1,0.0,0.0,0.0,0.0,0.0,0.0,0,0,0.0,0.0,0,0,0.0,0.0,0,0,0.0,0.0,0,0,0.0,0
LGS2ORD0013011,C015460,2025-04-14 01:00:00,Female,40,Gold,Lazada,Bangkok,507,Shopee,COD,1,4,0,0,30-40,16.9,2.0,0.0,0.0,-1,49,7217.955,0.28,0.5,0.5,0.0,0.0,0,0,0.0,0.0,0,0,0.0,14435.91,2,0,0.0,14435.91,2,0,0.0,0
LGS2ORD0013012,C010072,2025-04-14 01:00:00,Female,52,Platinum,Web,Bangkok,201,Shopee,COD,1,4,0,0,>50,6.7,0.0,0.0,0.0,-1,-1,0.0,0.0,0.0,0.0,0.0,0.0,0,0,0.0,0.0,0,0,0.0,0.0,0,0,0.0,0.0,0,0,0.0,0
LGS2ORD0013013,C011519,2025-04-14 01:00:00,Male,59,Bronze,CallCenter,Remote_Area,459,Lazada,COD,1,4,0,0,>50,15.3,2.0,1.0,0.5,50,19,4400.755,0.18,1.0,0.0,0.0,0.0,0,0,0.0,8285.16,1,0,0.0,8801.51,2,1,0.5,8801.51,2,1,0.5,1
LGS2ORD0013014,C011577,2025-04-14 01:00:00,Male,35,Gold,Web,Bangkok,1479,TV_Show,Credit_Card,1,4,0,0,30-40,49.3,2.0,0.0,0.0,-1,95,2053.545,0.13,0.0,0.0,0.0,0.0,0,0,0.0,0.0,0,0,0.0,0.0,0,0,0.0,4107.09,2,0,0.0,1
LGS2ORD0013015,C011554,2025-04-14 01:00:00,Male,40,Bronze,TV,Remote_Area,744,TV_Show,COD,1,4,0,0,30-40,24.8,4.0,0.0,0.0,-1,3,1676.47,0.28,0.75,0.5,0.0,983.08,1,0,0.0,5382.97,2,0,0.0,6705.88,4,0,0.0,6705.88,4,0,0.0,1
LGS2ORD0013016,C014342,2025-04-14 02:00:00,Female,40,Bronze,Shopee,Bangkok,1354,Shopee,PromptPay,2,4,0,0,30-40,45.13333333333333,2.0,0.0,0.0,-1,42,1841.795,0.23,0.0,1.0,0.0,0.0,0,0,0.0,0.0,0,0,0.0,3683.59,2,0,0.0,3683.59,2,0,0.0,0
LGS2ORD0013017,C010230,2025-04-14 02:00:00,Female,43,Bronze,Web,Chonburi,203,TV_Show,COD,2,4,0,0,40-50,6.766666666666667,1.0,0.0,0.0,-1,64,1652.23,0.23,1.0,1.0,0.0,0.0,0,0,0.0,0.0,0,0,0.0,1652.23,1,0,0.0,1652.23,1,0,0.0,1
LGS2ORD0013018,C013280,2025-04-14 02:00:00,Female,29,Silver,TV,Remote_Area,970,Shopee,COD,2,4,0,0,20-30,32.333333333333336,2.0,1.0,0.5,12,24,1204.35,0.1,0.0,0.0,0.0,0.0,0,0,0.0,1959.98,1,1,1.0,2408.7,2,1,0.5,2408.7,2,1,0.5,1
LGS2ORD0013019,C013853,2025-04-14 02:00:00,Female,41,Bronze,TV,Khon Kaen,239,Shopee,PromptPay,2,4,0,0,40-50,7.966666666666667,1.0,1.0,1.0,51,64,48800.93,0.08,0.0,0.0,0.0,0.0,0,0,0.0,0.0,0,0,0.0,48800.93,1,1,1.0,48800.93,1,1,1.0,0
LGS2ORD0013020,C014698,2025-04-14 02:00:00,Female,38,Gold,Shopee,Songkhla,1370,Web,COD,2,4,0,0,30-40,45.666666666666664,1.0,0.0,0.0,-1,24,1360.78,0.33,0.0,1.0,0.0,0.0,0,0,0.0,1360.78,1,0,0.0,1360.78,1,0,0.0,1360.78,1,0,0.0,1
LGS2ORD0013021,C011581,2025-04-14 03:00:00,Male,59,Bronze,Lazada,Phuket,580,Lazada,COD,3,4,0,0,>50,19.333333333333332,1.0,1.0,1.0,7,21,331.35,0.23,0.0,1.0,0.0,0.0,0,0,0.0,331.35,1,1,1.0,331.35,1,1,1.0,331.35,1,1,1.0,0
LGS2ORD0013022,C017285,2025-04-14 03:00:00,Male,33,Gold,TV,Chiang Mai,509,Lazada,PromptPay,3,4,0,0,30-40,16.966666666666665,1.0,0.0,0.0,-1,67,11814.75,0.13,1.0,0.0,0.0,0.0,0,0,0.0,0.0,0,0,0.0,11814.75,1,0,0.0,11814.75,1,0,0.0,0
LGS2ORD0013023,C015195,2025-04-14 03:00:00,Male,48,Gold,TV,Chonburi,377,TV_Show,Credit_Card,3,4,0,0,40-50,12.566666666666666,0.0,0.0,0.0,-1,-1,0.0,0.0,0.0,0.0,0.0,0.0,0,0,0.0,0.0,0,0,0.0,0.0,0,0,0.0,0.0,0,0,0.0,0
LGS2ORD0013024,C016434,2025-04-14 03:00:00,Male,64,Bronze,Lazada,Chonburi,408,TV_Show,COD,3,4,0,0,>50,13.6,1.0,0.0,0.0,-1,10,4181.43,0.18,1.0,0.0,0.0,0.0,0,0,0.0,4181.43,1,0,0.0,4181.43,1,0,0.0,4181.43,1,0,0.0,0
LGS2ORD0013025,C014605,2025-04-14 03:00:00,Female,26,Silver,Shopee,Nakhon Ratchasima,1486,Shopee,COD,3,4,0,0,20-30,49.53333333333333,1.0,0.0,0.0,-1,78,2270.56,0.05,1.0,0.0,0.0,0.0,0,0,0.0,0.0,0,0,0.0,2270.56,1,0,0.0,2270.56,1,0,0.0,0
LGS2ORD0013026,C013226,2025-04-14 04:00:00,Female,44,Bronze,Shopee,Chonburi,1029,CallCenter,Credit_Card,4,4,0,0,40-50,34.3,2.0,0.0,0.0,-1,32,34203.149999999994,0.08,0.0,0.0,0.0,0.0,0,0,0.0,0.0,0,0,0.0,48917.38,1,0,0.0,68406.29999999999,2,0,0.0,0
LGS2ORD0013027,C010116,2025-04-14 04:00:00,Male,22,Bronze,TV,Phuket,302,Shopee,Credit_Card,4,4,0,0,20-30,10.066666666666666,0.0,0.0,0.0,-1,-1,0.0,0.0,0.0,0.0,0.0,0.0,0,0,0.0,0.0,0,0,0.0,0.0,0,0,0.0,0.0,0,0,0.0,0
LGS2ORD0013028,C015418,2025-04-14 04:00:00,Male,50,Silver,Web,Remote_Area,333,Web,PromptPay,4,4,0,0,40-50,11.1,3.0,2.0,0.6666666666666666,17,32,1574.0766666666666,0.05,0.6666666666666666,0.0,0.0,0.0,0,0,0.0,0.0,0,0,0.0,4722.23,3,2,0.6666666666666666,4722.23,3,2,0.6666666666666666,0
LGS2ORD0013029,C013038,2025-04-14 04:00:00,Female,36,Bronze,TV,Chiang Mai,424,Lazada,Credit_Card,4,4,0,0,30-40,14.133333333333333,4.0,0.0,0.0,-1,70,4255.6175,0.23,0.5,0.25,0.0,0.0,0,0,0.0,0.0,0,0,0.0,2759.8,2,0,0.0,17022.47,4,0,0.0,0
LGS2ORD0013030,C010271,2025-04-14 04:00:00,Male,27,Gold,CallCenter,Chonburi,962,Lazada,Credit_Card,4,4,0,0,20-30,32.06666666666667,1.0,0.0,0.0,-1,12,1702.43,0.08,1.0,0.0,0.0,0.0,0,0,0.0,1702.43,1,0,0.0,1702.43,1,0,0.0,1702.43,1,0,0.0,0
LGS2ORD0013031,C013404,2025-04-14 05:00:00,Female,42,Bronze,Web,Chonburi,935,Web,PromptPay,5,4,0,0,40-50,31.166666666666668,1.0,0.0,0.0,-1,70,14387.6,0.18,0.0,0.0,0.0,0.0,0,0,0.0,0.0,0,0,0.0,14387.6,1,0,0.0,14387.6,1,0,0.0,0
LGS2ORD0013032,C016627,2025-04-14 05:00:00,Male,38,Silver,Web,Bangkok,655,TV_Show,Credit_Card,5,4,0,0,30-40,21.833333333333332,2.0,0.0,0.0,-1,61,7217.2699999999995,0.1,1.0,0.0,0.0,0.0,0,0,0.0,0.0,0,0,0.0,14434.539999999999,2,0,0.0,14434.539999999999,2,0,0.0,1
LGS2ORD0013033,C014731,2025-04-14 05:00:00,Male,37,Silver,TV,Nakhon Ratchasima,1189,Web,Credit_Card,5,4,0,0,30-40,39.63333333333333,2.0,0.0,0.0,-1,15,13041.205000000002,0.1,1.0,0.0,0.0,0.0,0,0,0.0,8690.62,1,0,0.0,26082.410000000003,2,0,0.0,26082.410000000003,2,0,0.0,0
LGS2ORD0013034,C010905,2025-04-14 05:00:00,Female,52,Gold,TV,Chonburi,685,Shopee,COD,5,4,0,0,>50,22.833333333333332,0.0,0.0,0.0,-1,-1,0.0,0.0,0.0,0.0,0.0,0.0,0,0,0.0,0.0,0,0,0.0,0.0,0,0,0.0,0.0,0,0,0.0,0
LGS2ORD0013035,C014610,2025-04-14 05:00:00,Male,40,Bronze,Lazada,Nakhon Ratchasima,790,Shopee,COD,5,4,0,0,30-40,26.333333333333332,4.0,1.0,0.25,72,25,5645.765,0.23,0.75,0.25,0.0,0.0,0,0,0.0,4167.18,1,0,0.0,22583.06,4,1,0.25,22583.06,4,1,0.25,0
LGS2ORD0013036,C011832,2025-04-14 05:00:00,Female,33,Silver,CallCenter,Songkhla,1213,Shopee,COD,5,4,0,0,30-40,40.43333333333333,2.0,2.0,1.0,2,9,2717.95,0.25,1.0,0.5,0.0,0.0,0,0,0.0,3785.66,1,1,1.0,5435.9,2,2,1.0,5435.9,2,2,1.0,1
LGS2ORD0013037,C011522,2025-04-14 06:00:00,Male,53,Silver,TV,Khon Kaen,221,TV_Show,Credit_Card,6,4,0,0,>50,7.366666666666666,1.0,1.0,1.0,-7,0,9209.27,0.2,0.0,0.0,0.0,9209.27,1,1,1.0,9209.27,1,1,1.0,9209.27,1,1,1.0,9209.27,1,1,1.0,0
LGS2ORD0013038,C012656,2025-04-14 06:00:00,Female,29,Silver,Shopee,Bangkok,861,TV_Show,COD,6,4,0,0,20-30,28.7,3.0,0.0,0.0,-1,23,2572.7000000000003,0.3,0.0,0.3333333333333333,0.0,0.0,0,0,0.0,2700.03,1,0,0.0,7718.1,3,0,0.0,7718.1,3,0,0.0,0
LGS2ORD0013039,C014209,2025-04-14 06:00:00,Male,54,Bronze,TV,Songkhla,498,CallCenter,COD,6,4,0,0,>50,16.6,4.0,0.0,0.0,-1,7,2684.9,0.23,0.75,0.75,0.0,0.0,0,0,0.0,6574.97,1,0,0.0,10739.6,4,0,0.0,10739.6,4,0,0.0,0
LGS2ORD0013040,C011538,2025-04-14 06:00:00,Female,55,Bronze,TV,Phuket,373,Web,COD,6,4,0,0,>50,12.433333333333334,3.0,3.0,1.0,2,7,2066.8666666666663,0.28,0.6666666666666666,0.3333333333333333,0.0,0.0,0,0,0.0,726.04,1,1,1.0,6200.599999999999,3,3,1.0,6200.599999999999,3,3,1.0,0
LGS2ORD0013041,C017616,2025-04-14 06:00:00,Male,42,Bronze,Shopee,Khon Kaen,253,TV_Show,COD,6,4,0,0,40-50,8.433333333333334,0.0,0.0,0.0,-1,-1,0.0,0.0,0.0,0.0,0.0,0.0,0,0,0.0,0.0,0,0,0.0,0.0,0,0,0.0,0.0,0,0,0.0,0
LGS2ORD0013042,C017719,2025-04-14 07:00:00,Female,32,Bronze,CallCenter,Chonburi,322,Lazada,COD,7,4,0,0,30-40,10.733333333333333,1.0,0.0,0.0,-1,92,8392.57,0.18,0.0,0.0,0.0,0.0,0,0,0.0,0.0,0,0,0.0,0.0,0,0,0.0,8392.57,1,0,0.0,1
LGS2ORD0013043,C012963,2025-04-14 07:00:00,Female,35,Bronze,TV,Khon Kaen,458,TV_Show,PromptPay,7,4,0,0,30-40,15.266666666666667,1.0,0.0,0.0,-1,71,1743.21,0.13,1.0,0.0,0.0,0.0,0,0,0.0,0.0,0,0,0.0,1743.21,1,0,0.0,1743.21,1,0,0.0,0
LGS2ORD0013044,C017220,2025-04-14 07:00:00,Female,57,Platinum,TV,Phuket,1424,TV_Show,Credit_Card,7,4,0,0,>50,47.46666666666667,2.0,0.0,0.0,-1,75,2182.385,0.3,0.5,0.5,0.0,0.0,0,0,0.0,0.0,0,0,0.0,3332.44,1,0,0.0,4364.77,2,0,0.0,1
LGS2ORD0013045,C017882,2025-04-14 07:00:00,Female,46,Bronze,CallCenter,Khon Kaen,283,Shopee,COD,7,4,0,0,40-50,9.433333333333334,1.0,0.0,0.0,-1,71,8159.8,0.08,0.0,0.0,0.0,0.0,0,0,0.0,0.0,0,0,0.0,8159.8,1,0,0.0,8159.8,1,0,0.0,0
LGS2ORD0013046,C011024,2025-04-14 07:00:00,Female,41,Gold,TV,Bangkok,699,Web,Bank_Transfer,7,4,0,0,40-50,23.3,2.0,1.0,0.5,81,32,6102.219999999999,0.2299999999999999,0.5,0.5,0.0,0.0,0,0,0.0,0.0,0,0,0.0,9420.57,1,0,0.0,12204.439999999999,2,1,0.5,0
LGS2ORD0013047,C011530,2025-04-14 08:00:00,Male,40,Silver,Web,Bangkok,687,TV_Show,COD,8,4,0,0,30-40,22.9,2.0,1.0,0.5,53,63,1720.5349999999999,0.2,0.5,0.0,0.0,0.0,0,0,0.0,0.0,0,0,0.0,3441.0699999999997,2,1,0.5,3441.0699999999997,2,1,0.5,0
LGS2ORD0013048,C016777,2025-04-14 08:00:00,Male,20,Bronze,CallCenter,Bangkok,1562,Web,COD,8,4,0,0,<20,52.06666666666667,0.0,0.0,0.0,-1,-1,0.0,0.0,0.0,0.0,0.0,0.0,0,0,0.0,0.0,0,0,0.0,0.0,0,0,0.0,0.0,0,0,0.0,0
LGS2ORD0013049,C017565,2025-04-14 08:00:00,Male,59,Gold,Lazada,Phuket,355,CallCenter,COD,8,4,0,0,>50,11.833333333333334,2.0,1.0,0.5,74,37,6470.1050000000005,0.2299999999999999,0.5,0.5,0.0,0.0,0,0,0.0,0.0,0,0,0.0,12940.210000000001,2,1,0.5,12940.210000000001,2,1,0.5,1
LGS2ORD0013050,C014781,2025-04-14 08:00:00,Male,39,Platinum,Web,Phuket,1218,Shopee,COD,8,4,0,0,30-40,40.6,2.0,1.0,0.5,9,3,16114.005000000001,0.2,1.0,0.0,0.0,14865.79,1,0,0.0,32228.010000000002,2,1,0.5,32228.010000000002,2,1,0.5,32228.010000000002,2,1,0.5,0
LGS2ORD0013051,C015825,2025-04-14 08:00:00,Female,26,Gold,Web,Khon Kaen,608,Lazada,Credit_Card,8,4,0,0,20-30,20.266666666666666,2.0,0.0,0.0,-1,22,818.41,0.28,0.0,0.5,0.0,0.0,0,0,0.0,319.0,1,0,0.0,319.0,1,0,0.0,1636.82,2,0,0.0,0
LGS2ORD0013052,C012423,2025-04-14 09:00:00,Female,57,Bronze,CallCenter,Remote_Area,889,Shopee,COD,9,4,0,0,>50,29.633333333333333,1.0,0.0,0.0,-1,73,577.63,0.28,0.0,1.0,0.0,0.0,0,0,0.0,0.0,0,0,0.0,577.63,1,0,0.0,577.63,1,0,0.0,0
LGS2ORD0013053,C011385,2025-04-14 09:00:00,Female,57,Bronze,TV,Bangkok,141,CallCenter,COD,9,4,0,0,>50,4.7,1.0,0.0,0.0,-1,3,5228.07,0.23,0.0,1.0,0.0,5228.07,1,0,0.0,5228.07,1,0,0.0,5228.07,1,0,0.0,5228.07,1,0,0.0,0
LGS2ORD0013054,C017822,2025-04-14 09:00:00,Female,40,Bronze,Web,Phuket,1415,Lazada,COD,9,4,0,0,30-40,47.166666666666664,1.0,0.0,0.0,-1,26,4226.17,0.18,0.0,0.0,0.0,0.0,0,0,0.0,4226.17,1,0,0.0,4226.17,1,0,0.0,4226.17,1,0,0.0,0
LGS2ORD0013055,C013258,2025-04-14 09:00:00,Female,37,Bronze,Lazada,Chonburi,1188,Shopee,COD,9,4,0,0,30-40,39.6,3.0,1.0,0.3333333333333333,74,10,10093.01,0.28,0.6666666666666666,0.3333333333333333,0.0,0.0,0,0,0.0,10468.65,1,0,0.0,30279.03,3,1,0.3333333333333333,30279.03,3,1,0.3333333333333333,0
LGS2ORD0013056,C014875,2025-04-14 09:00:00,Male,18,Silver,Shopee,Chonburi,349,Lazada,Bank_Transfer,9,4,0,0,<20,11.633333333333333,2.0,1.0,0.5,47,53,4512.67,0.2,1.0,0.0,0.0,0.0,0,0,0.0,0.0,0,0,0.0,9025.34,2,1,0.5,9025.34,2,1,0.5,0
LGS2ORD0013057,C013748,2025-04-14 09:00:00,Female,45,Silver,Web,Nakhon Ratchasima,1508,Shopee,COD,9,4,0,0,40-50,50.266666666666666,1.0,0.0,0.0,-1,31,2553.92,0.1,0.0,0.0,0.0,0.0,0,0,0.0,0.0,0,0,0.0,2553.92,1,0,0.0,2553.92,1,0,0.0,0
LGS2ORD0013058,C016038,2025-04-14 10:00:00,Female,41,Gold,TV,Khon Kaen,740,Shopee,COD,10,4,0,0,40-50,24.666666666666668,1.0,0.0,0.0,-1,9,3873.92,0.08,1.0,0.0,0.0,0.0,0,0,0.0,3873.92,1,0,0.0,3873.92,1,0,0.0,3873.92,1,0,0.0,0
LGS2ORD0013059,C017555,2025-04-14 10:00:00,Female,72,Gold,Web,Phuket,1303,Shopee,COD,10,4,0,0,>50,43.43333333333333,3.0,0.0,0.0,-1,28,1033.69,0.2299999999999999,0.3333333333333333,0.3333333333333333,0.0,0.0,0,0,0.0,743.59,1,0,0.0,3101.07,3,0,0.0,3101.07,3,0,0.0,1
LGS2ORD0013060,C015945,2025-04-14 10:00:00,Male,44,Bronze,TV,Chonburi,1556,TV_Show,Credit_Card,10,4,0,0,40-50,51.86666666666667,2.0,0.0,0.0,-1,38,4136.845,0.13,0.0,0.0,0.0,0.0,0,0,0.0,0.0,0,0,0.0,8273.69,2,0,0.0,8273.69,2,0,0.0,1
LGS2ORD0013061,C015600,2025-04-14 10:00:00,Male,18,Silver,Web,Nakhon Ratchasima,643,TV_Show,Bank_Transfer,10,4,0,0,<20,21.433333333333334,4.0,1.0,0.25,4,12,13696.3675,0.3,0.75,0.25,0.0,0.0,0,0,0.0,34616.5,2,1,0.5,54785.47,4,1,0.25,54785.47,4,1,0.25,0
LGS2ORD0013062,C010362,2025-04-14 10:00:00,Male,45,Bronze,Shopee,Remote_Area,750,CallCenter,COD,10,4,0,0,40-50,25.0,4.0,1.0,0.25,17,31,3440.91,0.23,0.75,0.5,0.0,0.0,0,0,0.0,0.0,0,0,0.0,13763.64,4,1,0.25,13763.64,4,1,0.25,1
LGS2ORD0013063,C013581,2025-04-14 11:00:00,Female,28,Silver,Lazada,Bangkok,836,Shopee,Bank_Transfer,11,4,0,0,20-30,27.866666666666667,0.0,0.0,0.0,-1,-1,0.0,0.0,0.0,0.0,0.0,0.0,0,0,0.0,0.0,0,0,0.0,0.0,0,0,0.0,0.0,0,0,0.0,0
LGS2ORD0013064,C017538,2025-04-14 11:00:00,Female,38,Gold,Web,Bangkok,1286,Shopee,COD,11,4,0,0,30-40,42.86666666666667,2.0,1.0,0.5,18,24,3040.705,0.28,1.0,1.0,0.0,0.0,0,0,0.0,4758.76,1,1,1.0,6081.41,2,1,0.5,6081.41,2,1,0.5,0
LGS2ORD0013065,C015744,2025-04-14 11:00:00,Male,58,Silver,Shopee,Khon Kaen,973,CallCenter,Credit_Card,11,4,0,0,>50,32.43333333333333,1.0,0.0,0.0,-1,73,3221.66,0.1,1.0,0.0,0.0,0.0,0,0,0.0,0.0,0,0,0.0,3221.66,1,0,0.0,3221.66,1,0,0.0,0
LGS2ORD0013066,C012517,2025-04-14 11:00:00,Female,38,Bronze,CallCenter,Nakhon Ratchasima,298,TV_Show,PromptPay,11,4,0,0,30-40,9.933333333333334,0.0,0.0,0.0,-1,-1,0.0,0.0,0.0,0.0,0.0,0.0,0,0,0.0,0.0,0,0,0.0,0.0,0,0,0.0,0.0,0,0,0.0,0
LGS2ORD0013067,C012151,2025-04-14 11:00:00,Female,36,Silver,Shopee,Remote_Area,1014,Lazada,PromptPay,11,4,0,0,30-40,33.8,0.0,0.0,0.0,-1,-1,0.0,0.0,0.0,0.0,0.0,0.0,0,0,0.0,0.0,0,0,0.0,0.0,0,0,0.0,0.0,0,0,0.0,0
LGS2ORD0013068,C014221,2025-04-14 12:00:00,Female,36,Bronze,Web,Bangkok,179,TV_Show,PromptPay,12,4,0,0,30-40,5.966666666666667,2.0,0.0,0.0,-1,66,2589.5950000000003,0.23,0.5,0.5,0.0,0.0,0,0,0.0,0.0,0,0,0.0,5179.1900000000005,2,0,0.0,5179.1900000000005,2,0,0.0,0
LGS2ORD0013069,C012557,2025-04-14 12:00:00,Male,48,Silver,TV,Chonburi,1305,TV_Show,COD,12,4,0,0,40-50,43.5,1.0,0.0,0.0,-1,82,9369.04,0.2,0.0,0.0,0.0,0.0,0,0,0.0,0.0,0,0,0.0,9369.04,1,0,0.0,9369.04,1,0,0.0,0
LGS2ORD0013070,C010193,2025-04-14 12:00:00,Female,50,Silver,TV,Chiang Mai,883,Lazada,COD,12,4,0,0,40-50,29.433333333333334,1.0,1.0,1.0,25,36,1953.71,0.2,0.0,0.0,0.0,0.0,0,0,0.0,0.0,0,0,0.0,1953.71,1,1,1.0,1953.71,1,1,1.0,0
LGS2ORD0013071,C015930,2025-04-14 12:00:00,Male,31,Gold,Shopee,Phuket,479,Shopee,COD,12,4,0,0,30-40,15.966666666666667,1.0,0.0,0.0,-1,60,4524.39,0.08,1.0,0.0,0.0,0.0,0,0,0.0,0.0,0,0,0.0,4524.39,1,0,0.0,4524.39,1,0,0.0,0
LGS2ORD0013072,C014204,2025-04-14 12:00:00,Other,36,Platinum,Web,Bangkok,1537,Shopee,Credit_Card,12,4,0,0,30-40,51.233333333333334,1.0,0.0,0.0,-1,18,2433.2,0.1,1.0,0.0,0.0,0.0,0,0,0.0,2433.2,1,0,0.0,2433.2,1,0,0.0,2433.2,1,0,0.0,0
LGS2ORD0013073,C011375,2025-04-14 13:00:00,Male,37,Platinum,Shopee,Phuket,1006,Shopee,COD,13,4,0,0,30-40,33.53333333333333,2.0,0.0,0.0,-1,19,1445.98,0.35,0.5,0.5,0.0,0.0,0,0,0.0,1135.66,1,0,0.0,1135.66,1,0,0.0,2891.96,2,0,0.0,0
LGS2ORD0013074,C013528,2025-04-14 13:00:00,Female,64,Silver,Shopee,Remote_Area,1154,Web,COD,13,4,0,0,>50,38.46666666666667,3.0,2.0,0.6666666666666666,40,45,7140.003333333334,0.2,0.3333333333333333,0.0,0.0,0.0,0,0,0.0,0.0,0,0,0.0,21420.010000000002,3,2,0.6666666666666666,21420.010000000002,3,2,0.6666666666666666,0
LGS2ORD0013075,C014312,2025-04-14 13:00:00,Female,41,Silver,CallCenter,Bangkok,147,CallCenter,Bank_Transfer,13,4,0,0,40-50,4.9,4.0,1.0,0.25,83,7,4358.995,0.3,0.25,0.5,0.0,0.0,0,0,0.0,3552.1499999999996,2,0,0.0,16108.34,3,0,0.0,17435.98,4,1,0.25,0
LGS2ORD0013076,C017807,2025-04-14 13:00:00,Male,28,Silver,TV,Songkhla,1124,TV_Show,COD,13,4,0,0,20-30,37.46666666666667,2.0,1.0,0.5,48,35,11532.92,0.25,0.5,0.5,0.0,0.0,0,0,0.0,0.0,0,0,0.0,23065.84,2,1,0.5,23065.84,2,1,0.5,1
LGS2ORD0013077,C014479,2025-04-14 13:00:00,Male,55,Gold,Shopee,Bangkok,608,Web,PromptPay,13,4,0,0,>50,20.266666666666666,3.0,1.0,0.3333333333333333,29,27,1406.67,0.28,0.3333333333333333,0.3333333333333333,0.0,0.0,0,0,0.0,1475.06,1,0,0.0,3027.23,2,1,0.5,4220.01,3,1,0.3333333333333333,0
LGS2ORD0013078,C017754,2025-04-14 13:00:00,Female,54,Silver,TV,Bangkok,786,Web,COD,13,4,0,0,>50,26.2,0.0,0.0,0.0,-1,-1,0.0,0.0,0.0,0.0,0.0,0.0,0,0,0.0,0.0,0,0,0.0,0.0,0,0,0.0,0.0,0,0,0.0,0
LGS2ORD0013079,C017481,2025-04-14 14:00:00,Male,54,Bronze,Shopee,Nakhon Ratchasima,313,Lazada,COD,14,4,0,0,>50,10.433333333333334,2.0,0.0,0.0,-1,57,2285.26,0.08,0.5,0.0,0.0,0.0,0,0,0.0,0.0,0,0,0.0,4570.52,2,0,0.0,4570.52,2,0,0.0,0
LGS2ORD0013080,C012483,2025-04-14 14:00:00,Male,36,Silver,TV,Khon Kaen,1553,TV_Show,Bank_Transfer,14,4,0,0,30-40,51.766666666666666,4.0,1.0,0.25,52,23,1459.7324999999998,0.25,0.5,0.25,0.0,0.0,0,0,0.0,360.28,1,0,0.0,5838.929999999999,4,1,0.25,5838.929999999999,4,1,0.25,1
LGS2ORD0013081,C016739,2025-04-14 14:00:00,Male,41,Platinum,Lazada,Bangkok,907,Web,Credit_Card,14,4,0,0,40-50,30.233333333333334,1.0,0.0,0.0,-1,49,447.89,0.1,0.0,0.0,0.0,0.0,0,0,0.0,0.0,0,0,0.0,447.89,1,0,0.0,447.89,1,0,0.0,0
LGS2ORD0013082,C014059,2025-04-14 14:00:00,Male,31,Silver,Web,Bangkok,299,Lazada,COD,14,4,0,0,30-40,9.966666666666667,1.0,0.0,0.0,-1,27,4271.1,0.25,1.0,1.0,0.0,0.0,0,0,0.0,4271.1,1,0,0.0,4271.1,1,0,0.0,4271.1,1,0,0.0,1
LGS2ORD0013083,C013981,2025-04-14 14:00:00,Female,24,Silver,Web,Remote_Area,894,Shopee,Bank_Transfer,14,4,0,0,20-30,29.8,2.0,1.0,0.5,0,6,20622.87,0.25,0.0,0.5,0.0,24918.21,1,1,1.0,24918.21,1,1,1.0,41245.74,2,1,0.5,41245.74,2,1,0.5,1
LGS2ORD0013084,C010029,2025-04-14 15:00:00,Male,32,Gold,Lazada,Bangkok,1165,Web,Bank_Transfer,15,4,0,0,30-40,38.833333333333336,0.0,0.0,0.0,-1,-1,0.0,0.0,0.0,0.0,0.0,0.0,0,0,0.0,0.0,0,0,0.0,0.0,0,0,0.0,0.0,0,0,0.0,0
LGS2ORD0013085,C015014,2025-04-14 15:00:00,Female,35,Bronze,Shopee,Bangkok,644,CallCenter,Credit_Card,15,4,0,0,30-40,21.466666666666665,3.0,1.0,0.3333333333333333,41,53,4605.683333333333,0.23,0.0,0.6666666666666666,0.0,0.0,0,0,0.0,0.0,0,0,0.0,13817.05,3,1,0.3333333333333333,13817.05,3,1,0.3333333333333333,0
LGS2ORD0013086,C011699,2025-04-14 15:00:00,Male,47,Bronze,TV,Khon Kaen,1119,TV_Show,Credit_Card,15,4,0,0,40-50,37.3,1.0,0.0,0.0,-1,37,1747.58,0.18,1.0,0.0,0.0,0.0,0,0,0.0,0.0,0,0,0.0,1747.58,1,0,0.0,1747.58,1,0,0.0,0
LGS2ORD0013087,C014108,2025-04-14 15:00:00,Male,66,Silver,TV,Khon Kaen,508,CallCenter,COD,15,4,0,0,>50,16.933333333333334,3.0,1.0,0.3333333333333333,83,90,11256.296666666667,0.3,0.3333333333333333,0.3333333333333333,0.0,0.0,0,0,0.0,0.0,0,0,0.0,0.0,0,0,0.0,33768.89,3,1,0.3333333333333333,0
LGS2ORD0013088,C017181,2025-04-14 15:00:00,Female,25,Silver,TV,Bangkok,1559,Web,PromptPay,15,4,0,0,20-30,51.96666666666667,1.0,0.0,0.0,-1,98,5146.96,0.2,1.0,0.0,0.0,0.0,0,0,0.0,0.0,0,0,0.0,0.0,0,0,0.0,5146.96,1,0,0.0,0
LGS2ORD0013089,C012674,2025-04-14 16:00:00,Female,50,Bronze,Web,Khon Kaen,799,TV_Show,Credit_Card,16,4,0,0,40-50,26.633333333333333,0.0,0.0,0.0,-1,-1,0.0,0.0,0.0,0.0,0.0,0.0,0,0,0.0,0.0,0,0,0.0,0.0,0,0,0.0,0.0,0,0,0.0,0
LGS2ORD0013090,C012150,2025-04-14 16:00:00,Male,27,Silver,Lazada,Phuket,1395,Web,PromptPay,16,4,0,0,20-30,46.5,1.0,1.0,1.0,66,78,1120.18,0.05,1.0,0.0,0.0,0.0,0,0,0.0,0.0,0,0,0.0,1120.18,1,1,1.0,1120.18,1,1,1.0,0
LGS2ORD0013091,C012815,2025-04-14 16:00:00,Female,59,Bronze,Lazada,Bangkok,1507,Web,COD,16,4,0,0,>50,50.233333333333334,3.0,1.0,0.3333333333333333,51,60,2092.6266666666666,0.13,0.6666666666666666,0.0,0.0,0.0,0,0,0.0,0.0,0,0,0.0,303.24,1,1,1.0,6277.879999999999,3,1,0.3333333333333333,0
LGS2ORD0013092,C013243,2025-04-14 16:00:00,Male,21,Bronze,TV,Bangkok,1294,CallCenter,COD,16,4,0,0,20-30,43.13333333333333,0.0,0.0,0.0,-1,-1,0.0,0.0,0.0,0.0,0.0,0.0,0,0,0.0,0.0,0,0,0.0,0.0,0,0,0.0,0.0,0,0,0.0,0
LGS2ORD0013093,C017858,2025-04-14 16:00:00,Male,30,Silver,TV,Remote_Area,295,Lazada,Bank_Transfer,16,4,0,0,20-30,9.833333333333334,1.0,1.0,1.0,10,22,625.91,0.2,1.0,0.0,0.0,0.0,0,0,0.0,625.91,1,1,1.0,625.91,1,1,1.0,625.91,1,1,1.0,0
LGS2ORD0013094,C016576,2025-04-14 17:00:00,Female,18,Bronze,Web,Chonburi,872,Lazada,COD,17,4,0,0,<20,29.066666666666666,1.0,1.0,1.0,75,83,1969.4,0.18,1.0,0.0,0.0,0.0,0,0,0.0,0.0,0,0,0.0,1969.4,1,1,1.0,1969.4,1,1,1.0,1
LGS2ORD0013095,C017123,2025-04-14 17:00:00,Female,40,Platinum,Lazada,Chonburi,1142,Web,COD,17,4,0,0,30-40,38.06666666666667,1.0,0.0,0.0,-1,9,1840.41,0.2,1.0,0.0,0.0,0.0,0,0,0.0,1840.41,1,0,0.0,1840.41,1,0,0.0,1840.41,1,0,0.0,1
LGS2ORD0013096,C015984,2025-04-14 17:00:00,Male,50,Silver,Shopee,Bangkok,1509,Web,COD,17,4,0,0,40-50,50.3,4.0,1.0,0.25,47,19,4200.285,0.25,0.25,0.25,0.0,0.0,0,0,0.0,1483.86,1,0,0.0,16801.14,4,1,0.25,16801.14,4,1,0.25,1
LGS2ORD0013097,C010479,2025-04-14 17:00:00,Male,31,Platinum,Web,Chonburi,129,Shopee,COD,17,4,0,0,30-40,4.3,0.0,0.0,0.0,-1,-1,0.0,0.0,0.0,0.0,0.0,0.0,0,0,0.0,0.0,0,0,0.0,0.0,0,0,0.0,0.0,0,0,0.0,0
LGS2ORD0013098,C013268,2025-04-14 17:00:00,Female,19,Gold,Web,Chonburi,1210,Lazada,Credit_Card,17,4,0,0,<20,40.333333333333336,1.0,0.0,0.0,-1,52,1056.68,0.13,0.0,0.0,0.0,0.0,0,0,0.0,0.0,0,0,0.0,1056.68,1,0,0.0,1056.68,1,0,0.0,0
LGS2ORD0013099,C017988,2025-04-14 17:00:00,Male,28,Silver,Lazada,Chiang Mai,920,TV_Show,PromptPay,17,4,0,0,20-30,30.666666666666668,1.0,0.0,0.0,-1,79,6633.84,0.15,0.0,0.0,0.0,0.0,0,0,0.0,0.0,0,0,0.0,6633.84,1,0,0.0,6633.84,1,0,0.0,0
LGS2ORD0013100,C017738,2025-04-14 18:00:00,Male,29,Bronze,Shopee,Chonburi,291,Shopee,COD,18,4,0,0,20-30,9.7,2.0,0.0,0.0,-1,20,3989.2250000000004,0.18,0.0,0.0,0.0,0.0,0,0,0.0,1808.81,1,0,0.0,7978.450000000001,2,0,0.0,7978.450000000001,2,0,0.0,1
LGS2ORD0013101,C015916,2025-04-14 18:00:00,Female,54,Bronze,TV,Bangkok,1474,TV_Show,Bank_Transfer,18,4,0,0,>50,49.13333333333333,1.0,0.0,0.0,-1,21,2171.78,0.13,0.0,0.0,0.0,0.0,0,0,0.0,2171.78,1,0,0.0,2171.78,1,0,0.0,2171.78,1,0,0.0,0
LGS2ORD0013102,C013258,2025-04-14 18:00:00,Female,37,Bronze,Lazada,Chonburi,1188,Shopee,COD,18,4,0,0,30-40,39.6,4.0,1.0,0.25,74,0,10130.9525,0.28,0.75,0.25,0.0,10244.78,1,0,0.0,20713.43,2,0,0.0,40523.81,4,1,0.25,40523.81,4,1,0.25,0
LGS2ORD0013103,C014709,2025-04-14 18:00:00,Male,40,Silver,Shopee,Khon Kaen,212,Web,COD,18,4,0,0,30-40,7.066666666666666,4.0,0.0,0.0,-1,24,11223.342499999999,0.25,0.0,0.25,0.0,0.0,0,0,0.0,38473.52,3,0,0.0,38473.52,3,0,0.0,44893.369999999995,4,0,0.0,1
LGS2ORD0013104,C015071,2025-04-14 18:00:00,Female,59,Bronze,Shopee,Chonburi,1452,Lazada,COD,18,4,0,0,>50,48.4,1.0,0.0,0.0,-1,12,381.01,0.23,0.0,1.0,0.0,0.0,0,0,0.0,381.01,1,0,0.0,381.01,1,0,0.0,381.01,1,0,0.0,0
LGS2ORD0013105,C013277,2025-04-14 19:00:00,Female,41,Bronze,TV,Chonburi,638,TV_Show,COD,19,4,0,0,40-50,21.266666666666666,2.0,0.0,0.0,-1,11,1392.29,0.18,0.5,0.0,0.0,0.0,0,0,0.0,1938.81,1,0,0.0,1938.81,1,0,0.0,2784.58,2,0,0.0,0
LGS2ORD0013106,C017663,2025-04-14 19:00:00,Female,41,Silver,Web,Remote_Area,880,Web,COD,19,4,0,0,40-50,29.333333333333332,3.0,1.0,0.3333333333333333,43,25,5231.94,0.25,0.6666666666666666,0.3333333333333333,0.0,0.0,0,0,0.0,2807.74,1,0,0.0,15695.82,3,1,0.3333333333333333,15695.82,3,1,0.3333333333333333,0
LGS2ORD0013107,C017020,2025-04-14 19:00:00,Male,55,Silver,TV,Chiang Mai,593,Web,COD,19,4,0,0,>50,19.766666666666666,2.0,1.0,0.5,94,35,4588.1,0.3,1.0,0.5,0.0,0.0,0,0,0.0,0.0,0,0,0.0,2393.87,1,0,0.0,9176.2,2,1,0.5,1
LGS2ORD0013108,C012369,2025-04-14 19:00:00,Female,53,Bronze,Shopee,Phuket,261,Shopee,Bank_Transfer,19,4,0,0,>50,8.7,1.0,0.0,0.0,-1,2,4363.57,0.28,0.0,1.0,0.0,4363.57,1,0,0.0,4363.57,1,0,0.0,4363.57,1,0,0.0,4363.57,1,0,0.0,0
LGS2ORD0013109,C014198,2025-04-14 19:00:00,Male,37,Gold,Shopee,Khon Kaen,564,TV_Show,Credit_Card,19,4,0,0,30-40,18.8,1.0,0.0,0.0,-1,20,718.9,0.18,1.0,0.0,0.0,0.0,0,0,0.0,718.9,1,0,0.0,718.9,1,0,0.0,718.9,1,0,0.0,0
LGS2ORD0013110,C013727,2025-04-14 20:00:00,Male,41,Bronze,Web,Phuket,808,Lazada,Bank_Transfer,20,4,0,0,40-50,26.933333333333334,2.0,2.0,1.0,32,48,2888.975,0.13,1.0,0.0,0.0,0.0,0,0,0.0,0.0,0,0,0.0,5310.88,1,1,1.0,5777.95,2,2,1.0,0
LGS2ORD0013111,C016078,2025-04-14 20:00:00,Female,36,Gold,CallCenter,Khon Kaen,1039,Lazada,PromptPay,20,4,0,0,30-40,34.63333333333333,0.0,0.0,0.0,-1,-1,0.0,0.0,0.0,0.0,0.0,0.0,0,0,0.0,0.0,0,0,0.0,0.0,0,0,0.0,0.0,0,0,0.0,0
LGS2ORD0013112,C012583,2025-04-14 20:00:00,Male,39,Bronze,CallCenter,Chiang Mai,1451,Web,COD,20,4,0,0,30-40,48.36666666666667,1.0,0.0,0.0,-1,27,34137.19,0.23,1.0,1.0,0.0,0.0,0,0,0.0,34137.19,1,0,0.0,34137.19,1,0,0.0,34137.19,1,0,0.0,0
LGS2ORD0013113,C015947,2025-04-14 20:00:00,Female,42,Bronze,Shopee,Songkhla,1547,TV_Show,COD,20,4,0,0,40-50,51.56666666666667,1.0,1.0,1.0,5,13,1486.55,0.18,0.0,0.0,0.0,0.0,0,0,0.0,1486.55,1,1,1.0,1486.55,1,1,1.0,1486.55,1,1,1.0,1
LGS2ORD0013114,C010802,2025-04-14 20:00:00,Female,21,Silver,Web,Bangkok,1178,TV_Show,COD,20,4,0,0,20-30,39.266666666666666,0.0,0.0,0.0,-1,-1,0.0,0.0,0.0,0.0,0.0,0.0,0,0,0.0,0.0,0,0,0.0,0.0,0,0,0.0,0.0,0,0,0.0,0
LGS2ORD0013115,C013313,2025-04-14 20:00:00,Male,37,Bronze,TV,Chonburi,1139,Lazada,COD,20,4,0,0,30-40,37.96666666666667,3.0,0.0,0.0,-1,24,3903.4233333333327,0.28,0.6666666666666666,0.3333333333333333,0.0,0.0,0,0,0.0,1386.34,1,0,0.0,11710.269999999999,3,0,0.0,11710.269999999999,3,0,0.0,0
LGS2ORD0013116,C017511,2025-04-14 21:00:00,Female,28,Gold,CallCenter,Bangkok,464,TV_Show,COD,21,4,0,0,20-30,15.466666666666667,2.0,0.0,0.0,-1,30,6679.56,0.33,0.5,1.0,0.0,0.0,0,0,0.0,0.0,0,0,0.0,13359.12,2,0,0.0,13359.12,2,0,0.0,0
LGS2ORD0013117,C016088,2025-04-14 21:00:00,Female,28,Gold,Shopee,Bangkok,166,Web,COD,21,4,0,0,20-30,5.533333333333333,1.0,0.0,0.0,-1,40,2170.3,0.13,1.0,0.0,0.0,0.0,0,0,0.0,0.0,0,0,0.0,2170.3,1,0,0.0,2170.3,1,0,0.0,0
LGS2ORD0013118,C010185,2025-04-14 21:00:00,Male,41,Bronze,TV,Nakhon Ratchasima,1397,TV_Show,Credit_Card,21,4,0,0,40-50,46.56666666666667,2.0,0.0,0.0,-1,39,16432.105,0.13,0.0,0.0,0.0,0.0,0,0,0.0,0.0,0,0,0.0,32864.21,2,0,0.0,32864.21,2,0,0.0,1
LGS2ORD0013119,C014808,2025-04-14 21:00:00,Male,41,Bronze,Web,Chonburi,862,Lazada,PromptPay,21,4,0,0,40-50,28.733333333333334,0.0,0.0,0.0,-1,-1,0.0,0.0,0.0,0.0,0.0,0.0,0,0,0.0,0.0,0,0,0.0,0.0,0,0,0.0,0.0,0,0,0.0,0
LGS2ORD0013120,C012310,2025-04-14 21:00:00,Male,31,Bronze,Lazada,Nakhon Ratchasima,1093,Web,PromptPay,21,4,0,0,30-40,36.43333333333333,2.0,0.0,0.0,-1,13,1078.1399999999999,0.18,0.5,0.0,0.0,0.0,0,0,0.0,2156.2799999999997,2,0,0.0,2156.2799999999997,2,0,0.0,2156.2799999999997,2,0,0.0,0
LGS2ORD0013121,C012418,2025-04-14 22:00:00,Male,45,Bronze,Web,Songkhla,451,TV_Show,PromptPay,22,4,0,0,40-50,15.033333333333333,1.0,0.0,0.0,-1,99,834.51,0.23,1.0,1.0,0.0,0.0,0,0,0.0,0.0,0,0,0.0,0.0,0,0,0.0,834.51,1,0,0.0,1
LGS2ORD0013122,C013907,2025-04-14 22:00:00,Male,46,Gold,Shopee,Songkhla,886,Web,Bank_Transfer,22,4,0,0,40-50,29.533333333333335,2.0,1.0,0.5,52,50,2225.565,0.28,0.5,0.5,0.0,0.0,0,0,0.0,0.0,0,0,0.0,4451.13,2,1,0.5,4451.13,2,1,0.5,0
LGS2ORD0013123,C017634,2025-04-14 22:00:00,Male,48,Bronze,Web,Khon Kaen,961,Web,COD,22,4,0,0,40-50,32.03333333333333,0.0,0.0,0.0,-1,-1,0.0,0.0,0.0,0.0,0.0,0.0,0,0,0.0,0.0,0,0,0.0,0.0,0,0,0.0,0.0,0,0,0.0,0
LGS2ORD0013124,C012381,2025-04-14 22:00:00,Male,48,Gold,CallCenter,Remote_Area,1496,Shopee,Credit_Card,22,4,0,0,40-50,49.86666666666667,0.0,0.0,0.0,-1,-1,0.0,0.0,0.0,0.0,0.0,0.0,0,0,0.0,0.0,0,0,0.0,0.0,0,0,0.0,0.0,0,0,0.0,0
LGS2ORD0013125,C016289,2025-04-14 22:00:00,Male,56,Silver,TV,Bangkok,1150,Lazada,Credit_Card,22,4,0,0,>50,38.333333333333336,1.0,0.0,0.0,-1,88,4420.76,0.1,0.0,0.0,0.0,0.0,0,0,0.0,0.0,0,0,0.0,4420.76,1,0,0.0,4420.76,1,0,0.0,0
LGS2ORD0013126,C015062,2025-04-14 23:00:00,Female,34,Silver,TV,Nakhon Ratchasima,947,CallCenter,Credit_Card,23,4,0,0,30-40,31.566666666666666,3.0,2.0,0.6666666666666666,67,31,8811.666666666666,0.2,0.6666666666666666,0.0,0.0,0.0,0,0,0.0,0.0,0,0,0.0,26435.0,3,2,0.6666666666666666,26435.0,3,2,0.6666666666666666,1
LGS2ORD0013127,C015185,2025-04-14 23:00:00,Female,50,Gold,TV,Chonburi,424,Web,COD,23,4,0,0,40-50,14.133333333333333,2.0,1.0,0.5,-7,11,2539.92,0.28,0.5,1.0,0.0,0.0,0,0,0.0,2555.13,1,1,1.0,5079.84,2,1,0.5,5079.84,2,1,0.5,1
LGS2ORD0013128,C011706,2025-04-14 23:00:00,Female,53,Silver,Web,Bangkok,973,CallCenter,COD,23,4,0,0,>50,32.43333333333333,3.0,1.0,0.3333333333333333,0,3,3586.9533333333334,0.3,1.0,0.6666666666666666,0.0,536.72,1,1,1.0,9536.25,2,1,0.5,10760.86,3,1,0.3333333333333333,10760.86,3,1,0.3333333333333333,0
LGS2ORD0013129,C014455,2025-04-14 23:00:00,Male,31,Gold,Web,Chiang Mai,1308,Shopee,COD,23,4,0,0,30-40,43.6,5.0,2.0,0.4,-5,8,3426.904,0.28,0.8,0.6,0.0,0.0,0,0,0.0,7459.4800000000005,2,1,0.5,17134.52,5,2,0.4,17134.52,5,2,0.4,0
LGS2ORD0013130,C014751,2025-04-14 23:00:00,Female,45,Bronze,CallCenter,Chonburi,532,Web,COD,23,4,0,0,40-50,17.733333333333334,1.0,0.0,0.0,-1,32,1991.18,0.03,0.0,0.0,0.0,0.0,0,0,0.0,0.0,0,0,0.0,1991.18,1,0,0.0,1991.18,1,0,0.0,0
LGS2ORD0013131,C014899,2025-04-15 00:00:00,Male,63,Silver,Web,Phuket,916,Shopee,COD,0,4,1,0,>50,30.533333333333335,2.0,1.0,0.5,0,13,6837.655,0.25,0.5,1.0,0.0,0.0,0,0,0.0,4772.01,1,1,1.0,13675.31,2,1,0.5,13675.31,2,1,0.5,1
LGS2ORD0013132,C017642,2025-04-15 00:00:00,Male,42,Gold,TV,Remote_Area,842,Web,Credit_Card,0,4,1,0,40-50,28.066666666666666,1.0,0.0,0.0,-1,76,9090.11,0.08,0.0,0.0,0.0,0.0,0,0,0.0,0.0,0,0,0.0,9090.11,1,0,0.0,9090.11,1,0,0.0,0
LGS2ORD0013133,C013966,2025-04-15 00:00:00,Male,25,Bronze,Shopee,Chiang Mai,292,Shopee,PromptPay,0,4,1,0,20-30,9.733333333333333,1.0,1.0,1.0,25,37,5525.0,0.13,0.0,0.0,0.0,0.0,0,0,0.0,0.0,0,0,0.0,5525.0,1,1,1.0,5525.0,1,1,1.0,0
LGS2ORD0013134,C012069,2025-04-15 00:00:00,Female,30,Silver,TV,Bangkok,884,Shopee,COD,0,4,1,0,20-30,29.466666666666665,0.0,0.0,0.0,-1,-1,0.0,0.0,0.0,0.0,0.0,0.0,0,0,0.0,0.0,0,0,0.0,0.0,0,0,0.0,0.0,0,0,0.0,0
LGS2ORD0013135,C011300,2025-04-15 00:00:00,Female,29,Bronze,TV,Nakhon Ratchasima,937,Shopee,PromptPay,0,4,1,0,20-30,31.233333333333334,2.0,0.0,0.0,-1,12,1625.04,0.08,0.5,0.0,0.0,0.0,0,0,0.0,883.68,1,0,0.0,3250.08,2,0,0.0,3250.08,2,0,0.0,0
LGS2ORD0013136,C017809,2025-04-15 00:00:00,Female,47,Bronze,Lazada,Bangkok,176,Web,Credit_Card,0,4,1,0,40-50,5.866666666666666,1.0,0.0,0.0,-1,82,1753.74,0.03,1.0,0.0,0.0,0.0,0,0,0.0,0.0,0,0,0.0,1753.74,1,0,0.0,1753.74,1,0,0.0,0
LGS2ORD0013137,C015508,2025-04-15 01:00:00,Female,45,Gold,Lazada,Bangkok,218,CallCenter,PromptPay,1,4,1,0,40-50,7.266666666666667,1.0,0.0,0.0,-1,66,793.97,0.08,1.0,0.0,0.0,0.0,0,0,0.0,0.0,0,0,0.0,793.97,1,0,0.0,793.97,1,0,0.0,0
LGS2ORD0013138,C015218,2025-04-15 01:00:00,Female,65,Silver,TV,Remote_Area,116,Web,Credit_Card,1,4,1,0,>50,3.8666666666666667,0.0,0.0,0.0,-1,-1,0.0,0.0,0.0,0.0,0.0,0.0,0,0,0.0,0.0,0,0,0.0,0.0,0,0,0.0,0.0,0,0,0.0,0
LGS2ORD0013139,C010057,2025-04-15 01:00:00,Male,40,Gold,Shopee,Nakhon Ratchasima,1018,Shopee,PromptPay,1,4,1,0,30-40,33.93333333333333,3.0,0.0,0.0,-1,34,3969.03,0.28,0.0,0.6666666666666666,0.0,0.0,0,0,0.0,0.0,0,0,0.0,11907.09,3,0,0.0,11907.09,3,0,0.0,0
LGS2ORD0013140,C016011,2025-04-15 01:00:00,Male,47,Platinum,Web,Bangkok,347,TV_Show,PromptPay,1,4,1,0,40-50,11.566666666666666,1.0,0.0,0.0,-1,96,942.51,0.2,1.0,0.0,0.0,0.0,0,0,0.0,0.0,0,0,0.0,0.0,0,0,0.0,942.51,1,0,0.0,0
LGS2ORD0013141,C014171,2025-04-15 01:00:00,Male,52,Bronze,TV,Remote_Area,617,CallCenter,COD,1,4,1,0,>50,20.566666666666666,0.0,0.0,0.0,-1,-1,0.0,0.0,0.0,0.0,0.0,0.0,0,0,0.0,0.0,0,0,0.0,0.0,0,0,0.0,0.0,0,0,0.0,1
LGS2ORD0013142,C017006,2025-04-15 02:00:00,Female,51,Bronze,TV,Remote_Area,1084,CallCenter,COD,2,4,1,0,>50,36.13333333333333,3.0,0.0,0.0,-1,31,3084.476666666667,0.13,0.0,0.0,0.0,0.0,0,0,0.0,0.0,0,0,0.0,8134.35,2,0,0.0,9253.43,3,0,0.0,1
LGS2ORD0013143,C010201,2025-04-15 02:00:00,Male,31,Bronze,Lazada,Nakhon Ratchasima,574,Lazada,PromptPay,2,4,1,0,30-40,19.133333333333333,2.0,1.0,0.5,86,45,2354.2,0.23,0.5,0.5,0.0,0.0,0,0,0.0,0.0,0,0,0.0,1906.15,1,0,0.0,4708.4,2,1,0.5,1
LGS2ORD0013144,C011132,2025-04-15 02:00:00,Female,39,Bronze,TV,Khon Kaen,859,CallCenter,Credit_Card,2,4,1,0,30-40,28.633333333333333,5.0,2.0,0.4,39,20,7674.526,0.28,0.8,0.6,0.0,0.0,0,0,0.0,15192.86,2,0,0.0,38372.63,5,2,0.4,38372.63,5,2,0.4,0
LGS2ORD0013145,C013645,2025-04-15 02:00:00,Male,64,Silver,TV,Khon Kaen,1280,Shopee,COD,2,4,1,0,>50,42.666666666666664,3.0,1.0,0.3333333333333333,50,22,3542.47,0.25,0.3333333333333333,0.3333333333333333,0.0,0.0,0,0,0.0,4856.07,1,0,0.0,10627.41,3,1,0.3333333333333333,10627.41,3,1,0.3333333333333333,0
LGS2ORD0013146,C013307,2025-04-15 02:00:00,Male,43,Gold,TV,Nakhon Ratchasima,1051,Lazada,COD,2,4,1,0,40-50,35.03333333333333,1.0,0.0,0.0,-1,24,430.93,0.08,0.0,0.0,0.0,0.0,0,0,0.0,430.93,1,0,0.0,430.93,1,0,0.0,430.93,1,0,0.0,0
LGS2ORD0013147,C014674,2025-04-15 03:00:00,Male,49,Gold,Web,Bangkok,467,CallCenter,COD,3,4,1,0,40-50,15.566666666666666,2.0,0.0,0.0,-1,97,5414.764999999999,0.08,0.0,0.0,0.0,0.0,0,0,0.0,0.0,0,0,0.0,0.0,0,0,0.0,10829.529999999999,2,0,0.0,0
LGS2ORD0013148,C012358,2025-04-15 03:00:00,Male,63,Bronze,TV,Nakhon Ratchasima,1069,TV_Show,COD,3,4,1,0,>50,35.63333333333333,0.0,0.0,0.0,-1,-1,0.0,0.0,0.0,0.0,0.0,0.0,0,0,0.0,0.0,0,0,0.0,0.0,0,0,0.0,0.0,0,0,0.0,0
LGS2ORD0013149,C010997,2025-04-15 03:00:00,Male,18,Bronze,Lazada,Nakhon Ratchasima,164,TV_Show,PromptPay,3,4,1,0,<20,5.466666666666667,1.0,0.0,0.0,-1,34,4442.72,0.28,1.0,1.0,0.0,0.0,0,0,0.0,0.0,0,0,0.0,4442.72,1,0,0.0,4442.72,1,0,0.0,0
LGS2ORD0013150,C010234,2025-04-15 03:00:00,Male,35,Bronze,Web,Bangkok,1196,Shopee,COD,3,4,1,0,30-40,39.86666666666667,1.0,0.0,0.0,-1,18,17107.95,0.03,0.0,0.0,0.0,0.0,0,0,0.0,17107.95,1,0,0.0,17107.95,1,0,0.0,17107.95,1,0,0.0,0
LGS2ORD0013151,C012678,2025-04-15 03:00:00,Female,42,Silver,Web,Remote_Area,343,Shopee,Credit_Card,3,4,1,0,40-50,11.433333333333334,3.0,0.0,0.0,-1,42,5807.389999999999,0.25,1.0,0.3333333333333333,0.0,0.0,0,0,0.0,0.0,0,0,0.0,16468.5,2,0,0.0,17422.17,3,0,0.0,0
LGS2ORD0013152,C013252,2025-04-15 04:00:00,Female,37,Bronze,Shopee,Bangkok,1069,Lazada,COD,4,4,1,0,30-40,35.63333333333333,2.0,0.0,0.0,-1,97,6421.530000000001,0.23,0.5,0.5,0.0,0.0,0,0,0.0,0.0,0,0,0.0,0.0,0,0,0.0,12843.060000000001,2,0,0.0,0
LGS2ORD0013153,C010695,2025-04-15 04:00:00,Male,55,Bronze,Web,Songkhla,138,TV_Show,Credit_Card,4,4,1,0,>50,4.6,3.0,1.0,0.3333333333333333,41,48,4901.153333333334,0.18,0.6666666666666666,0.0,0.0,0.0,0,0,0.0,0.0,0,0,0.0,14703.460000000001,3,1,0.3333333333333333,14703.460000000001,3,1,0.3333333333333333,0
LGS2ORD0013154,C012810,2025-04-15 04:00:00,Female,49,Bronze,CallCenter,Chonburi,307,Web,COD,4,4,1,0,40-50,10.233333333333333,3.0,0.0,0.0,-1,19,4760.956666666666,0.18,1.0,0.0,0.0,0.0,0,0,0.0,13420.56,2,0,0.0,13420.56,2,0,0.0,14282.869999999999,3,0,0.0,1
LGS2ORD0013155,C016629,2025-04-15 04:00:00,Male,29,Gold,Web,Bangkok,583,CallCenter,COD,4,4,1,0,20-30,19.433333333333334,3.0,1.0,0.3333333333333333,29,38,5915.046666666668,0.13,0.3333333333333333,0.0,0.0,0.0,0,0,0.0,0.0,0,0,0.0,11539.05,2,1,0.5,17745.140000000003,3,1,0.3333333333333333,0
LGS2ORD0013156,C013907,2025-04-15 04:00:00,Male,46,Gold,Shopee,Songkhla,887,TV_Show,PromptPay,4,4,1,0,40-50,29.566666666666666,3.0,1.0,0.3333333333333333,52,0,2803.6633333333334,0.28,0.3333333333333333,0.6666666666666666,0.0,3959.86,1,0,0.0,3959.86,1,0,0.0,8410.99,3,1,0.3333333333333333,8410.99,3,1,0.3333333333333333,0
LGS2ORD0013157,C013800,2025-04-15 04:00:00,Female,23,Silver,Lazada,Chiang Mai,1508,Shopee,Credit_Card,4,4,1,0,20-30,50.266666666666666,1.0,0.0,0.0,-1,11,3288.97,0.1,0.0,0.0,0.0,0.0,0,0,0.0,3288.97,1,0,0.0,3288.97,1,0,0.0,3288.97,1,0,0.0,0
LGS2ORD0013158,C015287,2025-04-15 05:00:00,Female,28,Silver,TV,Phuket,983,TV_Show,COD,5,4,1,0,20-30,32.766666666666666,1.0,0.0,0.0,-1,35,4945.44,0.1,0.0,0.0,0.0,0.0,0,0,0.0,0.0,0,0,0.0,4945.44,1,0,0.0,4945.44,1,0,0.0,0
LGS2ORD0013159,C016022,2025-04-15 05:00:00,Male,43,Silver,Lazada,Chonburi,195,Lazada,COD,5,4,1,0,40-50,6.5,2.0,0.0,0.0,-1,19,4687.4,0.3,0.0,0.5,0.0,0.0,0,0,0.0,1236.81,1,0,0.0,9374.8,2,0,0.0,9374.8,2,0,0.0,0
LGS2ORD0013160,C015948,2025-04-15 05:00:00,Female,43,Silver,Lazada,Chiang Mai,273,TV_Show,COD,5,4,1,0,40-50,9.1,4.0,1.0,0.25,21,9,4523.6449999999995,0.2,0.75,0.0,0.0,0.0,0,0,0.0,16421.76,3,1,0.3333333333333333,18094.579999999998,4,1,0.25,18094.579999999998,4,1,0.25,1
LGS2ORD0013161,C011656,2025-04-15 05:00:00,Female,52,Bronze,Shopee,Remote_Area,1114,TV_Show,COD,5,4,1,0,>50,37.13333333333333,1.0,0.0,0.0,-1,5,6447.1,0.03,1.0,0.0,0.0,6447.1,1,0,0.0,6447.1,1,0,0.0,6447.1,1,0,0.0,6447.1,1,0,0.0,0
LGS2ORD0013162,C015382,2025-04-15 05:00:00,Female,32,Silver,Shopee,Chiang Mai,1024,Web,Credit_Card,5,4,1,0,30-40,34.13333333333333,0.0,0.0,0.0,-1,-1,0.0,0.0,0.0,0.0,0.0,0.0,0,0,0.0,0.0,0,0,0.0,0.0,0,0,0.0,0.0,0,0,0.0,0
LGS2ORD0013163,C014775,2025-04-15 06:00:00,Male,62,Silver,TV,Phuket,1267,TV_Show,COD,6,4,1,0,>50,42.233333333333334,1.0,0.0,0.0,-1,92,18315.62,0.1,0.0,0.0,0.0,0.0,0,0,0.0,0.0,0,0,0.0,0.0,0,0,0.0,18315.62,1,0,0.0,1
LGS2ORD0013164,C011724,2025-04-15 06:00:00,Female,46,Silver,Web,Phuket,487,Lazada,COD,6,4,1,0,40-50,16.233333333333334,2.0,1.0,0.5,29,1,1142.495,0.2,0.5,0.0,0.0,1858.3,1,0,0.0,1858.3,1,0,0.0,2284.99,2,1,0.5,2284.99,2,1,0.5,1
LGS2ORD0013165,C010185,2025-04-15 06:00:00,Male,41,Bronze,TV,Nakhon Ratchasima,1398,CallCenter,COD,6,4,1,0,40-50,46.6,3.0,1.0,0.3333333333333333,-10,0,11350.963333333333,0.28,0.0,0.3333333333333333,0.0,1188.68,1,1,1.0,1188.68,1,1,1.0,34052.89,3,1,0.3333333333333333,34052.89,3,1,0.3333333333333333,1
LGS2ORD0013166,C010882,2025-04-15 06:00:00,Female,38,Bronze,TV,Bangkok,284,CallCenter,COD,6,4,1,0,30-40,9.466666666666667,3.0,2.0,0.6666666666666666,40,53,3890.4366666666665,0.23,0.6666666666666666,0.3333333333333333,0.0,0.0,0,0,0.0,0.0,0,0,0.0,9588.19,2,2,1.0,11671.31,3,2,0.6666666666666666,0
LGS2ORD0013167,C017655,2025-04-15 06:00:00,Male,49,Platinum,Lazada,Chonburi,149,Web,COD,6,4,1,0,40-50,4.966666666666667,1.0,0.0,0.0,-1,12,2471.95,0.3,0.0,1.0,0.0,0.0,0,0,0.0,2471.95,1,0,0.0,2471.95,1,0,0.0,2471.95,1,0,0.0,0
LGS2ORD0013168,C017694,2025-04-15 07:00:00,Male,50,Silver,Lazada,Chiang Mai,756,CallCenter,PromptPay,7,4,1,0,40-50,25.2,1.0,0.0,0.0,-1,13,1740.61,0.05,0.0,0.0,0.0,0.0,0,0,0.0,1740.61,1,0,0.0,1740.61,1,0,0.0,1740.61,1,0,0.0,0
LGS2ORD0013169,C012652,2025-04-15 07:00:00,Female,35,Bronze,TV,Khon Kaen,469,CallCenter,COD,7,4,1,0,30-40,15.633333333333333,2.0,0.0,0.0,-1,73,6383.455,0.28,0.5,0.5,0.0,0.0,0,0,0.0,0.0,0,0,0.0,1779.88,1,0,0.0,12766.91,2,0,0.0,0
LGS2ORD0013170,C013630,2025-04-15 07:00:00,Female,54,Bronze,Shopee,Phuket,1370,TV_Show,COD,7,4,1,0,>50,45.666666666666664,2.0,1.0,0.5,47,62,6531.525,0.23,0.5,0.5,0.0,0.0,0,0,0.0,0.0,0,0,0.0,13063.05,2,1,0.5,13063.05,2,1,0.5,0
LGS2ORD0013171,C016216,2025-04-15 07:00:00,Female,61,Bronze,Shopee,Remote_Area,509,CallCenter,Credit_Card,7,4,1,0,>50,16.966666666666665,4.0,1.0,0.25,57,38,1640.24,0.23,0.5,0.5,0.0,0.0,0,0,0.0,0.0,0,0,0.0,6560.96,4,1,0.25,6560.96,4,1,0.25,0
LGS2ORD0013172,C013015,2025-04-15 07:00:00,Female,56,Platinum,TV,Chonburi,1201,Web,PromptPay,7,4,1,0,>50,40.03333333333333,2.0,0.0,0.0,-1,17,3979.615,0.3,1.0,0.5,0.0,0.0,0,0,0.0,7959.23,2,0,0.0,7959.23,2,0,0.0,7959.23,2,0,0.0,0
LGS2ORD0013173,C016367,2025-04-15 08:00:00,Male,41,Gold,CallCenter,Nakhon Ratchasima,363,Lazada,COD,8,4,1,0,40-50,12.1,2.0,0.0,0.0,-1,60,6145.215,0.2299999999999999,0.0,0.5,0.0,0.0,0,0,0.0,0.0,0,0,0.0,12290.43,2,0,0.0,12290.43,2,0,0.0,0
LGS2ORD0013174,C012759,2025-04-15 08:00:00,Male,45,Silver,Shopee,Bangkok,878,Shopee,COD,8,4,1,0,40-50,29.266666666666666,1.0,0.0,0.0,-1,19,10550.37,0.15,1.0,0.0,0.0,0.0,0,0,0.0,10550.37,1,0,0.0,10550.37,1,0,0.0,10550.37,1,0,0.0,0
LGS2ORD0013175,C012322,2025-04-15 08:00:00,Male,24,Silver,TV,Nakhon Ratchasima,203,Web,PromptPay,8,4,1,0,20-30,6.766666666666667,2.0,1.0,0.5,54,19,7333.629999999999,0.1,1.0,0.0,0.0,0.0,0,0,0.0,10197.88,1,0,0.0,14667.259999999998,2,1,0.5,14667.259999999998,2,1,0.5,0
LGS2ORD0013176,C012757,2025-04-15 08:00:00,Female,33,Gold,Web,Nakhon Ratchasima,1177,CallCenter,PromptPay,8,4,1,0,30-40,39.233333333333334,0.0,0.0,0.0,-1,-1,0.0,0.0,0.0,0.0,0.0,0.0,0,0,0.0,0.0,0,0,0.0,0.0,0,0,0.0,0.0,0,0,0.0,1
LGS2ORD0013177,C015833,2025-04-15 08:00:00,Female,41,Gold,Shopee,Bangkok,1356,TV_Show,Bank_Transfer,8,4,1,0,40-50,45.2,2.0,0.0,0.0,-1,11,1280.57,0.33,0.5,0.5,0.0,0.0,0,0,0.0,472.15,1,0,0.0,2561.14,2,0,0.0,2561.14,2,0,0.0,1
LGS2ORD0013178,C015942,2025-04-15 08:00:00,Male,63,Bronze,Lazada,Khon Kaen,157,Web,COD,8,4,1,0,>50,5.233333333333333,0.0,0.0,0.0,-1,-1,0.0,0.0,0.0,0.0,0.0,0.0,0,0,0.0,0.0,0,0,0.0,0.0,0,0,0.0,0.0,0,0,0.0,0
LGS2ORD0013179,C017466,2025-04-15 09:00:00,Female,34,Silver,Web,Songkhla,447,CallCenter,COD,9,4,1,0,30-40,14.9,1.0,0.0,0.0,-1,32,5116.32,0.05,0.0,0.0,0.0,0.0,0,0,0.0,0.0,0,0,0.0,5116.32,1,0,0.0,5116.32,1,0,0.0,1
LGS2ORD0013180,C011887,2025-04-15 09:00:00,Female,56,Gold,CallCenter,Bangkok,1240,TV_Show,COD,9,4,1,0,>50,41.333333333333336,2.0,0.0,0.0,-1,23,13990.945,0.33,0.5,0.5,0.0,0.0,0,0,0.0,15001.29,1,0,0.0,27981.89,2,0,0.0,27981.89,2,0,0.0,1
LGS2ORD0013181,C014845,2025-04-15 09:00:00,Female,58,Silver,TV,Bangkok,770,Shopee,COD,9,4,1,0,>50,25.666666666666668,6.0,0.0,0.0,-1,1,3167.586666666666,0.25,0.5,0.3333333333333333,0.0,3359.33,1,0,0.0,5895.799999999999,2,0,0.0,18265.339999999997,5,0,0.0,19005.519999999997,6,0,0.0,0
LGS2ORD0013182,C014836,2025-04-15 09:00:00,Male,51,Silver,TV,Remote_Area,1074,TV_Show,PromptPay,9,4,1,0,>50,35.8,1.0,1.0,1.0,6,10,794.99,0.05,0.0,0.0,0.0,0.0,0,0,0.0,794.99,1,1,1.0,794.99,1,1,1.0,794.99,1,1,1.0,0
LGS2ORD0013183,C017816,2025-04-15 09:00:00,Male,58,Bronze,Shopee,Remote_Area,256,Lazada,COD,9,4,1,0,>50,8.533333333333333,2.0,1.0,0.5,7,18,6482.865,0.03,1.0,0.0,0.0,0.0,0,0,0.0,2445.32,1,1,1.0,12965.73,2,1,0.5,12965.73,2,1,0.5,0
LGS2ORD0013184,C012372,2025-04-15 10:00:00,Female,40,Platinum,TV,Chiang Mai,139,Lazada,COD,10,4,1,0,30-40,4.633333333333334,1.0,1.0,1.0,74,86,22755.04,0.3,1.0,1.0,0.0,0.0,0,0,0.0,0.0,0,0,0.0,22755.04,1,1,1.0,22755.04,1,1,1.0,1
LGS2ORD0013185,C015442,2025-04-15 10:00:00,Female,64,Silver,CallCenter,Songkhla,1490,Lazada,COD,10,4,1,0,>50,49.666666666666664,1.0,1.0,1.0,90,94,7910.02,0.15,1.0,0.0,0.0,0.0,0,0,0.0,0.0,0,0,0.0,0.0,0,0,0.0,7910.02,1,1,1.0,1
LGS2ORD0013186,C016137,2025-04-15 10:00:00,Female,41,Silver,Web,Phuket,771,Lazada,COD,10,4,1,0,40-50,25.7,0.0,0.0,0.0,-1,-1,0.0,0.0,0.0,0.0,0.0,0.0,0,0,0.0,0.0,0,0,0.0,0.0,0,0,0.0,0.0,0,0,0.0,0
LGS2ORD0013187,C013892,2025-04-15 10:00:00,Female,28,Bronze,CallCenter,Bangkok,586,TV_Show,COD,10,4,1,0,20-30,19.533333333333335,2.0,1.0,0.5,11,18,3975.245,0.23,0.0,1.0,0.0,0.0,0,0,0.0,570.08,1,1,1.0,7950.49,2,1,0.5,7950.49,2,1,0.5,0
LGS2ORD0013188,C014564,2025-04-15 10:00:00,Male,33,Silver,TV,Bangkok,1093,Shopee,COD,10,4,1,0,30-40,36.43333333333333,1.0,0.0,0.0,-1,101,3137.65,0.3,1.0,1.0,0.0,0.0,0,0,0.0,0.0,0,0,0.0,0.0,0,0,0.0,3137.65,1,0,0.0,0
LGS2ORD0013189,C015941,2025-04-15 11:00:00,Female,46,Bronze,Lazada,Songkhla,360,TV_Show,COD,11,4,1,0,40-50,12.0,2.0,1.0,0.5,73,83,9262.02,0.28,0.5,0.5,0.0,0.0,0,0,0.0,0.0,0,0,0.0,15645.6,1,1,1.0,18524.04,2,1,0.5,1
LGS2ORD0013190,C011998,2025-04-15 11:00:00,Female,53,Silver,TV,Bangkok,1069,TV_Show,COD,11,4,1,0,>50,35.63333333333333,1.0,0.0,0.0,-1,43,2728.97,0.25,1.0,1.0,0.0,0.0,0,0,0.0,0.0,0,0,0.0,2728.97,1,0,0.0,2728.97,1,0,0.0,1
LGS2ORD0013191,C013724,2025-04-15 11:00:00,Female,37,Silver,Lazada,Remote_Area,1242,Lazada,COD,11,4,1,0,30-40,41.4,2.0,0.0,0.0,-1,47,3794.65,0.25,0.5,0.5,0.0,0.0,0,0,0.0,0.0,0,0,0.0,3571.07,1,0,0.0,7589.3,2,0,0.0,1
LGS2ORD0013192,C017898,2025-04-15 11:00:00,Female,45,Bronze,TV,Bangkok,952,Web,COD,11,4,1,0,40-50,31.733333333333334,3.0,1.0,0.3333333333333333,5,23,2692.38,0.23,0.6666666666666666,0.3333333333333333,0.0,0.0,0,0,0.0,1375.95,1,1,1.0,8077.14,3,1,0.3333333333333333,8077.14,3,1,0.3333333333333333,0
LGS2ORD0013193,C012393,2025-04-15 11:00:00,Male,56,Bronze,TV,Nakhon Ratchasima,1214,Web,COD,11,4,1,0,>50,40.46666666666667,2.0,1.0,0.5,19,27,8484.92,0.28,0.0,0.5,0.0,0.0,0,0,0.0,4563.59,1,1,1.0,16969.84,2,1,0.5,16969.84,2,1,0.5,0
LGS2ORD0013194,C014483,2025-04-15 12:00:00,Female,37,Bronze,TV,Chonburi,930,CallCenter,Credit_Card,12,4,1,0,30-40,31.0,1.0,0.0,0.0,-1,95,8456.49,0.08,0.0,0.0,0.0,0.0,0,0,0.0,0.0,0,0,0.0,0.0,0,0,0.0,8456.49,1,0,0.0,0
LGS2ORD0013195,C012283,2025-04-15 12:00:00,Female,45,Bronze,TV,Bangkok,254,CallCenter,COD,12,4,1,0,40-50,8.466666666666667,3.0,0.0,0.0,-1,63,3999.9733333333334,0.28,0.6666666666666666,0.3333333333333333,0.0,0.0,0,0,0.0,0.0,0,0,0.0,11999.92,3,0,0.0,11999.92,3,0,0.0,0
LGS2ORD0013196,C012394,2025-04-15 12:00:00,Female,44,Bronze,TV,Chonburi,287,Web,Credit_Card,12,4,1,0,40-50,9.566666666666666,1.0,0.0,0.0,-1,80,1935.13,0.18,1.0,0.0,0.0,0.0,0,0,0.0,0.0,0,0,0.0,1935.13,1,0,0.0,1935.13,1,0,0.0,0
LGS2ORD0013197,C014311,2025-04-15 12:00:00,Female,46,Bronze,Web,Chiang Mai,834,TV_Show,Bank_Transfer,12,4,1,0,40-50,27.8,1.0,0.0,0.0,-1,97,1803.82,0.23,1.0,1.0,0.0,0.0,0,0,0.0,0.0,0,0,0.0,0.0,0,0,0.0,1803.82,1,0,0.0,1
LGS2ORD0013198,C013609,2025-04-15 12:00:00,Male,45,Bronze,CallCenter,Songkhla,1302,Web,PromptPay,12,4,1,0,40-50,43.4,0.0,0.0,0.0,-1,-1,0.0,0.0,0.0,0.0,0.0,0.0,0,0,0.0,0.0,0,0,0.0,0.0,0,0,0.0,0.0,0,0,0.0,0
LGS2ORD0013199,C015143,2025-04-15 12:00:00,Female,37,Bronze,TV,Remote_Area,716,Web,COD,12,4,1,0,30-40,23.866666666666667,1.0,1.0,1.0,55,59,5162.93,0.03,0.0,0.0,0.0,0.0,0,0,0.0,0.0,0,0,0.0,5162.93,1,1,1.0,5162.93,1,1,1.0,0
LGS2ORD0013200,C012164,2025-04-15 13:00:00,Female,53,Silver,Shopee,Khon Kaen,534,Lazada,COD,13,4,1,0,>50,17.8,2.0,0.0,0.0,-1,34,1265.505,0.25,0.5,1.0,0.0,0.0,0,0,0.0,0.0,0,0,0.0,2531.01,2,0,0.0,2531.01,2,0,0.0,0
LGS2ORD0013201,C012690,2025-04-15 13:00:00,Male,34,Platinum,Web,Bangkok,851,TV_Show,Credit_Card,13,4,1,0,30-40,28.366666666666667,3.0,1.0,0.3333333333333333,67,40,4569.45,0.25,0.0,1.0,0.0,0.0,0,0,0.0,0.0,0,0,0.0,2652.08,2,1,0.5,13708.35,3,1,0.3333333333333333,0
LGS2ORD0013202,C012539,2025-04-15 13:00:00,Male,61,Silver,Lazada,Chiang Mai,1379,Shopee,COD,13,4,1,0,>50,45.96666666666667,1.0,0.0,0.0,-1,70,2075.57,0.3,0.0,1.0,0.0,0.0,0,0,0.0,0.0,0,0,0.0,2075.57,1,0,0.0,2075.57,1,0,0.0,0
LGS2ORD0013203,C011377,2025-04-15 13:00:00,Female,21,Bronze,TV,Phuket,485,TV_Show,COD,13,4,1,0,20-30,16.166666666666668,0.0,0.0,0.0,-1,-1,0.0,0.0,0.0,0.0,0.0,0.0,0,0,0.0,0.0,0,0,0.0,0.0,0,0,0.0,0.0,0,0,0.0,0
LGS2ORD0013204,C014687,2025-04-15 13:00:00,Female,60,Silver,TV,Chiang Mai,1149,TV_Show,PromptPay,13,4,1,0,>50,38.3,2.0,0.0,0.0,-1,4,17366.36,0.25,1.0,1.0,0.0,9263.27,1,0,0.0,34732.72,2,0,0.0,34732.72,2,0,0.0,34732.72,2,0,0.0,0
LGS2ORD0013205,C011996,2025-04-15 14:00:00,Male,38,Gold,Shopee,Bangkok,1165,TV_Show,PromptPay,14,4,1,0,30-40,38.833333333333336,2.0,0.0,0.0,-1,25,5750.495,0.2299999999999999,0.0,1.0,0.0,0.0,0,0,0.0,6370.82,1,0,0.0,11500.99,2,0,0.0,11500.99,2,0,0.0,0
LGS2ORD0013206,C012133,2025-04-15 14:00:00,Female,41,Gold,TV,Bangkok,434,TV_Show,Credit_Card,14,4,1,0,40-50,14.466666666666667,5.0,1.0,0.2,61,12,2542.6539999999995,0.33,0.6,0.4,0.0,0.0,0,0,0.0,2482.15,1,0,0.0,8560.27,4,1,0.25,12713.269999999999,5,1,0.2,0
LGS2ORD0013207,C016236,2025-04-15 14:00:00,Female,18,Bronze,Lazada,Khon Kaen,218,Shopee,COD,14,4,1,0,<20,7.266666666666667,2.0,0.0,0.0,-1,2,17621.57,0.03,1.0,0.0,0.0,2325.0,1,0,0.0,35243.14,2,0,0.0,35243.14,2,0,0.0,35243.14,2,0,0.0,0
LGS2ORD0013208,C011675,2025-04-15 14:00:00,Male,46,Bronze,Lazada,Nakhon Ratchasima,1275,CallCenter,COD,14,4,1,0,40-50,42.5,0.0,0.0,0.0,-1,-1,0.0,0.0,0.0,0.0,0.0,0.0,0,0,0.0,0.0,0,0,0.0,0.0,0,0,0.0,0.0,0,0,0.0,1
LGS2ORD0013209,C010488,2025-04-15 14:00:00,Female,51,Silver,Web,Songkhla,313,Lazada,Credit_Card,14,4,1,0,>50,10.433333333333334,2.0,1.0,0.5,47,32,10791.494999999999,0.1,1.0,0.0,0.0,0.0,0,0,0.0,0.0,0,0,0.0,21582.989999999998,2,1,0.5,21582.989999999998,2,1,0.5,0
LGS2ORD0013210,C014667,2025-04-15 15:00:00,Female,58,Silver,Shopee,Songkhla,634,Lazada,COD,15,4,1,0,>50,21.133333333333333,3.0,2.0,0.6666666666666666,10,26,1712.67,0.3,1.0,0.3333333333333333,0.0,0.0,0,0,0.0,2268.38,1,1,1.0,5138.01,3,2,0.6666666666666666,5138.01,3,2,0.6666666666666666,1
LGS2ORD0013211,C014486,2025-04-15 15:00:00,Male,38,Bronze,TV,Khon Kaen,608,TV_Show,PromptPay,15,4,1,0,30-40,20.266666666666666,1.0,1.0,1.0,34,45,1059.09,0.23,1.0,1.0,0.0,0.0,0,0,0.0,0.0,0,0,0.0,1059.09,1,1,1.0,1059.09,1,1,1.0,0
LGS2ORD0013212,C010369,2025-04-15 15:00:00,Male,49,Bronze,CallCenter,Bangkok,875,Web,COD,15,4,1,0,40-50,29.166666666666668,1.0,0.0,0.0,-1,39,7721.56,0.08,0.0,0.0,0.0,0.0,0,0,0.0,0.0,0,0,0.0,7721.56,1,0,0.0,7721.56,1,0,0.0,1
LGS2ORD0013213,C013293,2025-04-15 15:00:00,Male,46,Bronze,TV,Bangkok,233,Lazada,PromptPay,15,4,1,0,40-50,7.766666666666667,1.0,1.0,1.0,12,23,3762.73,0.03,1.0,0.0,0.0,0.0,0,0,0.0,3762.73,1,1,1.0,3762.73,1,1,1.0,3762.73,1,1,1.0,0
LGS2ORD0013214,C016420,2025-04-15 15:00:00,Female,33,Bronze,TV,Chiang Mai,851,CallCenter,COD,15,4,1,0,30-40,28.366666666666667,3.0,1.0,0.3333333333333333,92,58,4175.35,0.23,0.3333333333333333,0.3333333333333333,0.0,0.0,0,0,0.0,0.0,0,0,0.0,766.53,1,0,0.0,12526.050000000001,3,1,0.3333333333333333,0
LGS2ORD0013215,C011009,2025-04-15 16:00:00,Female,72,Silver,Shopee,Chonburi,1403,Shopee,COD,16,4,1,0,>50,46.766666666666666,2.0,0.0,0.0,-1,21,2011.57,0.2,0.5,0.0,0.0,0.0,0,0,0.0,4023.14,2,0,0.0,4023.14,2,0,0.0,4023.14,2,0,0.0,1
LGS2ORD0013216,C015422,2025-04-15 16:00:00,Male,39,Silver,Web,Bangkok,582,CallCenter,PromptPay,16,4,1,0,30-40,19.4,0.0,0.0,0.0,-1,-1,0.0,0.0,0.0,0.0,0.0,0.0,0,0,0.0,0.0,0,0,0.0,0.0,0,0,0.0,0.0,0,0,0.0,0
LGS2ORD0013217,C017269,2025-04-15 16:00:00,Female,51,Bronze,Web,Bangkok,1544,TV_Show,COD,16,4,1,0,>50,51.46666666666667,5.0,1.0,0.2,13,23,4152.2300000000005,0.23,0.8,0.2,0.0,0.0,0,0,0.0,13609.539999999999,2,1,0.5,16804.739999999998,4,1,0.25,20761.15,5,1,0.2,0
LGS2ORD0013218,C013977,2025-04-15 16:00:00,Male,62,Bronze,TV,Chiang Mai,1202,Web,Credit_Card,16,4,1,0,>50,40.06666666666667,2.0,1.0,0.5,53,59,3473.7299999999996,0.18,1.0,0.0,0.0,0.0,0,0,0.0,0.0,0,0,0.0,6947.459999999999,2,1,0.5,6947.459999999999,2,1,0.5,0
LGS2ORD0013219,C014246,2025-04-15 16:00:00,Male,34,Silver,TV,Phuket,1321,Shopee,PromptPay,16,4,1,0,30-40,44.03333333333333,1.0,1.0,1.0,72,80,1262.14,0.2,1.0,0.0,0.0,0.0,0,0,0.0,0.0,0,0,0.0,1262.14,1,1,1.0,1262.14,1,1,1.0,1
LGS2ORD0013220,C015840,2025-04-15 16:00:00,Male,30,Silver,Lazada,Bangkok,1027,CallCenter,Credit_Card,16,4,1,0,20-30,34.233333333333334,2.0,0.0,0.0,-1,4,4710.365,0.1,0.5,0.0,0.0,479.76,1,0,0.0,479.76,1,0,0.0,9420.73,2,0,0.0,9420.73,2,0,0.0,0
LGS2ORD0013221,C016276,2025-04-15 17:00:00,Female,25,Bronze,Lazada,Chiang Mai,1092,TV_Show,COD,17,4,1,0,20-30,36.4,1.0,1.0,1.0,0,16,13428.0,0.18,0.0,0.0,0.0,0.0,0,0,0.0,13428.0,1,1,1.0,13428.0,1,1,1.0,13428.0,1,1,1.0,0
LGS2ORD0013222,C017031,2025-04-15 17:00:00,Male,38,Bronze,TV,Phuket,1002,Lazada,COD,17,4,1,0,30-40,33.4,3.0,1.0,0.3333333333333333,22,36,9023.33,0.18,0.3333333333333333,0.0,0.0,0.0,0,0,0.0,0.0,0,0,0.0,25936.69,2,1,0.5,27069.989999999998,3,1,0.3333333333333333,1
LGS2ORD0013223,C015537,2025-04-15 17:00:00,Female,36,Platinum,Shopee,Khon Kaen,1048,Shopee,Credit_Card,17,4,1,0,30-40,34.93333333333333,1.0,1.0,1.0,4,17,540.1,0.2,1.0,0.0,0.0,0.0,0,0,0.0,540.1,1,1,1.0,540.1,1,1,1.0,540.1,1,1,1.0,0
LGS2ORD0013224,C016194,2025-04-15 17:00:00,Male,44,Bronze,Web,Chonburi,721,Shopee,COD,17,4,1,0,40-50,24.033333333333335,0.0,0.0,0.0,-1,-1,0.0,0.0,0.0,0.0,0.0,0.0,0,0,0.0,0.0,0,0,0.0,0.0,0,0,0.0,0.0,0,0,0.0,1
LGS2ORD0013225,C017600,2025-04-15 17:00:00,Female,48,Bronze,Web,Chiang Mai,595,CallCenter,COD,17,4,1,0,40-50,19.833333333333332,1.0,0.0,0.0,-1,46,5012.49,0.18,0.0,0.0,0.0,0.0,0,0,0.0,0.0,0,0,0.0,5012.49,1,0,0.0,5012.49,1,0,0.0,1
LGS2ORD0013226,C012984,2025-04-15 18:00:00,Male,52,Bronze,TV,Remote_Area,955,Shopee,Credit_Card,18,4,1,0,>50,31.833333333333332,2.0,1.0,0.5,51,62,7426.585,0.28,1.0,0.5,0.0,0.0,0,0,0.0,0.0,0,0,0.0,14853.17,2,1,0.5,14853.17,2,1,0.5,1
LGS2ORD0013227,C012226,2025-04-15 18:00:00,Male,41,Bronze,Web,Songkhla,1543,TV_Show,PromptPay,18,4,1,0,40-50,51.43333333333333,1.0,0.0,0.0,-1,83,3360.53,0.23,1.0,1.0,0.0,0.0,0,0,0.0,0.0,0,0,0.0,3360.53,1,0,0.0,3360.53,1,0,0.0,0
LGS2ORD0013228,C010708,2025-04-15 18:00:00,Male,37,Gold,Web,Bangkok,1149,TV_Show,COD,18,4,1,0,30-40,38.3,0.0,0.0,0.0,-1,-1,0.0,0.0,0.0,0.0,0.0,0.0,0,0,0.0,0.0,0,0,0.0,0.0,0,0,0.0,0.0,0,0,0.0,0
LGS2ORD0013229,C017758,2025-04-15 18:00:00,Other,33,Gold,Web,Bangkok,865,Lazada,Credit_Card,18,4,1,0,30-40,28.833333333333332,1.0,0.0,0.0,-1,27,4743.17,0.08,0.0,0.0,0.0,0.0,0,0,0.0,4743.17,1,0,0.0,4743.17,1,0,0.0,4743.17,1,0,0.0,0
LGS2ORD0013230,C014945,2025-04-15 18:00:00,Female,64,Silver,Web,Nakhon Ratchasima,1369,Shopee,Credit_Card,18,4,1,0,>50,45.63333333333333,0.0,0.0,0.0,-1,-1,0.0,0.0,0.0,0.0,0.0,0.0,0,0,0.0,0.0,0,0,0.0,0.0,0,0,0.0,0.0,0,0,0.0,0
LGS2ORD0013231,C015590,2025-04-15 19:00:00,Male,46,Bronze,Web,Chonburi,1519,Shopee,COD,19,4,1,0,40-50,50.63333333333333,4.0,1.0,0.25,88,34,3732.8599999999997,0.08,0.5,0.0,0.0,0.0,0,0,0.0,0.0,0,0,0.0,7495.82,3,0,0.0,14931.439999999999,4,1,0.25,0
LGS2ORD0013232,C012545,2025-04-15 19:00:00,Female,71,Bronze,Web,Chonburi,896,Lazada,COD,19,4,1,0,>50,29.866666666666667,3.0,1.0,0.3333333333333333,-9,3,7774.446666666668,0.13,0.6666666666666666,0.0,0.0,5427.67,1,1,1.0,5427.67,1,1,1.0,23323.340000000004,3,1,0.3333333333333333,23323.340000000004,3,1,0.3333333333333333,0
LGS2ORD0013233,C010299,2025-04-15 19:00:00,Female,18,Bronze,TV,Chonburi,322,Lazada,Bank_Transfer,19,4,1,0,<20,10.733333333333333,2.0,0.0,0.0,-1,25,9092.27,0.23,0.0,0.5,0.0,0.0,0,0,0.0,1769.18,1,0,0.0,18184.54,2,0,0.0,18184.54,2,0,0.0,0
LGS2ORD0013234,C010626,2025-04-15 19:00:00,Female,49,Bronze,CallCenter,Remote_Area,1556,Lazada,COD,19,4,1,0,40-50,51.86666666666667,2.0,1.0,0.5,6,17,15329.86,0.18,0.0,0.0,0.0,0.0,0,0,0.0,30659.72,2,1,0.5,30659.72,2,1,0.5,30659.72,2,1,0.5,0
LGS2ORD0013235,C014125,2025-04-15 19:00:00,Female,45,Gold,CallCenter,Khon Kaen,338,TV_Show,COD,19,4,1,0,40-50,11.266666666666667,1.0,0.0,0.0,-1,82,870.23,0.13,1.0,0.0,0.0,0.0,0,0,0.0,0.0,0,0,0.0,870.23,1,0,0.0,870.23,1,0,0.0,0
LGS2ORD0013236,C014965,2025-04-15 19:00:00,Female,48,Bronze,TV,Nakhon Ratchasima,778,TV_Show,PromptPay,19,4,1,0,40-50,25.933333333333334,1.0,1.0,1.0,2,10,3558.29,0.18,0.0,0.0,0.0,0.0,0,0,0.0,3558.29,1,1,1.0,3558.29,1,1,1.0,3558.29,1,1,1.0,1
LGS2ORD0013237,C010474,2025-04-15 20:00:00,Female,27,Silver,Lazada,Khon Kaen,256,Web,Credit_Card,20,4,1,0,20-30,8.533333333333333,1.0,0.0,0.0,-1,44,4543.21,0.2,1.0,0.0,0.0,0.0,0,0,0.0,0.0,0,0,0.0,4543.21,1,0,0.0,4543.21,1,0,0.0,0
LGS2ORD0013238,C013294,2025-04-15 20:00:00,Female,33,Platinum,CallCenter,Nakhon Ratchasima,803,TV_Show,COD,20,4,1,0,30-40,26.766666666666666,3.0,0.0,0.0,-1,58,6284.9800000000005,0.15,0.6666666666666666,0.0,0.0,0.0,0,0,0.0,0.0,0,0,0.0,18854.940000000002,3,0,0.0,18854.940000000002,3,0,0.0,1
LGS2ORD0013239,C012743,2025-04-15 20:00:00,Female,29,Platinum,Web,Bangkok,1225,CallCenter,COD,20,4,1,0,20-30,40.833333333333336,1.0,0.0,0.0,-1,80,8514.68,0.1,0.0,0.0,0.0,0.0,0,0,0.0,0.0,0,0,0.0,8514.68,1,0,0.0,8514.68,1,0,0.0,0
LGS2ORD0013240,C012724,2025-04-15 20:00:00,Female,55,Gold,Web,Khon Kaen,1401,Shopee,COD,20,4,1,0,>50,46.7,0.0,0.0,0.0,-1,-1,0.0,0.0,0.0,0.0,0.0,0.0,0,0,0.0,0.0,0,0,0.0,0.0,0,0,0.0,0.0,0,0,0.0,1
LGS2ORD0013241,C010826,2025-04-15 20:00:00,Male,27,Bronze,TV,Nakhon Ratchasima,1106,Web,PromptPay,20,4,1,0,20-30,36.86666666666667,0.0,0.0,0.0,-1,-1,0.0,0.0,0.0,0.0,0.0,0.0,0,0,0.0,0.0,0,0,0.0,0.0,0,0,0.0,0.0,0,0,0.0,0
LGS2ORD0013242,C012902,2025-04-15 21:00:00,Male,34,Bronze,Shopee,Chiang Mai,194,Shopee,Credit_Card,21,4,1,0,30-40,6.466666666666667,1.0,0.0,0.0,-1,9,824.43,0.03,0.0,0.0,0.0,0.0,0,0,0.0,824.43,1,0,0.0,824.43,1,0,0.0,824.43,1,0,0.0,0
LGS2ORD0013243,C010963,2025-04-15 21:00:00,Male,31,Silver,Web,Bangkok,436,Shopee,COD,21,4,1,0,30-40,14.533333333333333,1.0,0.0,0.0,-1,75,2766.01,0.25,1.0,1.0,0.0,0.0,0,0,0.0,0.0,0,0,0.0,2766.01,1,0,0.0,2766.01,1,0,0.0,0
LGS2ORD0013244,C011137,2025-04-15 21:00:00,Female,26,Platinum,Web,Khon Kaen,1557,Web,Bank_Transfer,21,4,1,0,20-30,51.9,2.0,1.0,0.5,48,36,6182.665,0.1,0.5,0.0,0.0,0.0,0,0,0.0,0.0,0,0,0.0,12365.33,2,1,0.5,12365.33,2,1,0.5,0
LGS2ORD0013245,C013575,2025-04-15 21:00:00,Female,40,Platinum,Web,Bangkok,1209,CallCenter,PromptPay,21,4,1,0,30-40,40.3,1.0,0.0,0.0,-1,2,30234.72,0.15,0.0,0.0,0.0,30234.72,1,0,0.0,30234.72,1,0,0.0,30234.72,1,0,0.0,30234.72,1,0,0.0,0
LGS2ORD0013246,C016603,2025-04-15 21:00:00,Female,36,Bronze,Web,Remote_Area,768,Web,COD,21,4,1,0,30-40,25.6,1.0,0.0,0.0,-1,63,16576.88,0.03,0.0,0.0,0.0,0.0,0,0,0.0,0.0,0,0,0.0,16576.88,1,0,0.0,16576.88,1,0,0.0,0
LGS2ORD0013247,C015944,2025-04-15 22:00:00,Female,43,Platinum,Lazada,Chonburi,434,Lazada,Credit_Card,22,4,1,0,40-50,14.466666666666667,0.0,0.0,0.0,-1,-1,0.0,0.0,0.0,0.0,0.0,0.0,0,0,0.0,0.0,0,0,0.0,0.0,0,0,0.0,0.0,0,0,0.0,0
LGS2ORD0013248,C010902,2025-04-15 22:00:00,Male,41,Silver,Lazada,Songkhla,1000,CallCenter,COD,22,4,1,0,40-50,33.333333333333336,1.0,1.0,1.0,7,18,1011.78,0.2,1.0,0.0,0.0,0.0,0,0,0.0,1011.78,1,1,1.0,1011.78,1,1,1.0,1011.78,1,1,1.0,1
LGS2ORD0013249,C015061,2025-04-15 22:00:00,Male,40,Gold,Web,Bangkok,1339,Lazada,COD,22,4,1,0,30-40,44.63333333333333,2.0,0.0,0.0,-1,21,1703.9450000000002,0.33,0.5,0.5,0.0,0.0,0,0,0.0,2975.51,1,0,0.0,2975.51,1,0,0.0,3407.8900000000003,2,0,0.0,0
LGS2ORD0013250,C017792,2025-04-15 22:00:00,Female,43,Platinum,TV,Chonburi,705,Shopee,Credit_Card,22,4,1,0,40-50,23.5,1.0,0.0,0.0,-1,45,1763.14,0.25,0.0,1.0,0.0,0.0,0,0,0.0,0.0,0,0,0.0,1763.14,1,0,0.0,1763.14,1,0,0.0,0
LGS2ORD0013251,C015446,2025-04-15 22:00:00,Female,38,Bronze,Shopee,Bangkok,1193,CallCenter,COD,22,4,1,0,30-40,39.766666666666666,4.0,0.0,0.0,-1,15,5968.785,0.23,0.5,0.25,0.0,0.0,0,0,0.0,12060.779999999999,2,0,0.0,13702.09,3,0,0.0,23875.14,4,0,0.0,0
LGS2ORD0013252,C016753,2025-04-15 23:00:00,Female,42,Bronze,TV,Phuket,577,TV_Show,Bank_Transfer,23,4,1,0,40-50,19.233333333333334,1.0,0.0,0.0,-1,26,3769.35,0.18,0.0,0.0,0.0,0.0,0,0,0.0,3769.35,1,0,0.0,3769.35,1,0,0.0,3769.35,1,0,0.0,0
LGS2ORD0013253,C014626,2025-04-15 23:00:00,Male,43,Bronze,Shopee,Khon Kaen,981,CallCenter,Credit_Card,23,4,1,0,40-50,32.7,4.0,2.0,0.5,24,32,6625.245000000001,0.23,0.0,0.5,0.0,0.0,0,0,0.0,0.0,0,0,0.0,24816.13,3,1,0.3333333333333333,26500.980000000003,4,2,0.5,0
LGS2ORD0013254,C010102,2025-04-15 23:00:00,Female,39,Bronze,Lazada,Chonburi,278,TV_Show,COD,23,4,1,0,30-40,9.266666666666667,2.0,0.0,0.0,-1,56,3437.55,0.08,0.0,0.0,0.0,0.0,0,0,0.0,0.0,0,0,0.0,6875.1,2,0,0.0,6875.1,2,0,0.0,0
LGS2ORD0013255,C013431,2025-04-15 23:00:00,Female,39,Bronze,Lazada,Remote_Area,1317,Web,Credit_Card,23,4,1,0,30-40,43.9,2.0,2.0,1.0,47,52,1731.565,0.18,0.5,0.0,0.0,0.0,0,0,0.0,0.0,0,0,0.0,3463.13,2,2,1.0,3463.13,2,2,1.0,1
LGS2ORD0013256,C013557,2025-04-15 23:00:00,Male,31,Gold,TV,Chiang Mai,1315,CallCenter,PromptPay,23,4,1,0,30-40,43.833333333333336,2.0,0.0,0.0,-1,20,3099.485,0.33,0.5,0.5,0.0,0.0,0,0,0.0,5486.63,1,0,0.0,5486.63,1,0,0.0,6198.97,2,0,0.0,0
LGS2ORD0013257,C012821,2025-04-15 23:00:00,Female,18,Bronze,CallCenter,Chonburi,683,CallCenter,COD,23,4,1,0,<20,22.766666666666666,2.0,0.0,0.0,-1,70,8673.5,0.23,0.5,0.5,0.0,0.0,0,0,0.0,0.0,0,0,0.0,14381.93,1,0,0.0,17347.0,2,0,0.0,0
LGS2ORD0013258,C011519,2025-04-16 00:00:00,Male,59,Bronze,CallCenter,Remote_Area,461,TV_Show,Bank_Transfer,0,4,2,0,>50,15.366666666666667,3.0,2.0,0.6666666666666666,-4,1,3555.603333333333,0.18,1.0,0.0,0.0,1865.3,1,1,1.0,10150.46,2,1,0.5,10666.81,3,2,0.6666666666666666,10666.81,3,2,0.6666666666666666,0
LGS2ORD0013259,C013760,2025-04-16 00:00:00,Male,27,Bronze,Lazada,Khon Kaen,717,Lazada,Credit_Card,0,4,2,0,20-30,23.9,3.0,1.0,0.3333333333333333,14,25,5153.669999999999,0.18,1.0,0.0,0.0,0.0,0,0,0.0,5192.28,1,1,1.0,15461.009999999998,3,1,0.3333333333333333,15461.009999999998,3,1,0.3333333333333333,0
LGS2ORD0013260,C013680,2025-04-16 00:00:00,Female,41,Silver,Web,Khon Kaen,481,CallCenter,COD,0,4,2,0,40-50,16.033333333333335,3.0,1.0,0.3333333333333333,23,13,1675.1666666666667,0.2,0.3333333333333333,0.0,0.0,0.0,0,0,0.0,2487.9700000000003,2,0,0.0,5025.5,3,1,0.3333333333333333,5025.5,3,1,0.3333333333333333,0
LGS2ORD0013261,C016236,2025-04-16 00:00:00,Female,18,Bronze,Lazada,Khon Kaen,219,Shopee,COD,0,4,2,0,<20,7.3,3.0,0.0,0.0,-1,0,12230.31,0.23,1.0,0.3333333333333333,0.0,3772.79,2,0,0.0,36690.93,3,0,0.0,36690.93,3,0,0.0,36690.93,3,0,0.0,0
LGS2ORD0013262,C017874,2025-04-16 00:00:00,Female,57,Bronze,Shopee,Bangkok,1354,Web,Credit_Card,0,4,2,0,>50,45.13333333333333,1.0,0.0,0.0,-1,24,1354.45,0.18,1.0,0.0,0.0,0.0,0,0,0.0,1354.45,1,0,0.0,1354.45,1,0,0.0,1354.45,1,0,0.0,0
LGS2ORD0013263,C016518,2025-04-16 01:00:00,Female,30,Bronze,TV,Phuket,1076,Lazada,Credit_Card,1,4,2,0,20-30,35.86666666666667,2.0,1.0,0.5,79,47,1755.21,0.03,0.0,0.0,0.0,0.0,0,0,0.0,0.0,0,0,0.0,3510.42,2,1,0.5,3510.42,2,1,0.5,0
LGS2ORD0013264,C014510,2025-04-16 01:00:00,Female,72,Platinum,Lazada,Bangkok,529,TV_Show,Credit_Card,1,4,2,0,>50,17.633333333333333,4.0,1.0,0.25,0,12,2950.02,0.35,0.75,0.5,0.0,0.0,0,0,0.0,1415.7,1,1,1.0,11800.08,4,1,0.25,11800.08,4,1,0.25,0
LGS2ORD0013265,C017060,2025-04-16 01:00:00,Male,40,Silver,Web,Bangkok,439,Web,Credit_Card,1,4,2,0,30-40,14.633333333333333,2.0,0.0,0.0,-1,18,7947.765,0.05,0.0,0.0,0.0,0.0,0,0,0.0,2509.41,1,0,0.0,15895.53,2,0,0.0,15895.53,2,0,0.0,0
LGS2ORD0013266,C017622,2025-04-16 01:00:00,Female,49,Silver,TV,Chiang Mai,1000,Shopee,COD,1,4,2,0,40-50,33.333333333333336,3.0,1.0,0.3333333333333333,47,56,714.56,0.2,0.6666666666666666,0.0,0.0,0.0,0,0,0.0,0.0,0,0,0.0,1258.0,2,1,0.5,2143.68,3,1,0.3333333333333333,0
LGS2ORD0013267,C013678,2025-04-16 01:00:00,Male,38,Bronze,Lazada,Songkhla,1066,Web,Bank_Transfer,1,4,2,0,30-40,35.53333333333333,0.0,0.0,0.0,-1,-1,0.0,0.0,0.0,0.0,0.0,0.0,0,0,0.0,0.0,0,0,0.0,0.0,0,0,0.0,0.0,0,0,0.0,0
LGS2ORD0013268,C010790,2025-04-16 02:00:00,Female,36,Silver,Web,Khon Kaen,326,CallCenter,PromptPay,2,4,2,0,30-40,10.866666666666667,1.0,0.0,0.0,-1,18,178.02,0.25,0.0,1.0,0.0,0.0,0,0,0.0,178.02,1,0,0.0,178.02,1,0,0.0,178.02,1,0,0.0,0
LGS2ORD0013269,C010499,2025-04-16 02:00:00,Female,47,Bronze,CallCenter,Phuket,748,CallCenter,COD,2,4,2,0,40-50,24.933333333333334,1.0,1.0,1.0,57,66,1947.5,0.23,0.0,1.0,0.0,0.0,0,0,0.0,0.0,0,0,0.0,1947.5,1,1,1.0,1947.5,1,1,1.0,0
LGS2ORD0013270,C010352,2025-04-16 02:00:00,Female,48,Gold,Web,Bangkok,1182,TV_Show,COD,2,4,2,0,40-50,39.4,1.0,0.0,0.0,-1,13,6163.47,0.13,1.0,0.0,0.0,0.0,0,0,0.0,6163.47,1,0,0.0,6163.47,1,0,0.0,6163.47,1,0,0.0,0
LGS2ORD0013271,C013639,2025-04-16 02:00:00,Female,56,Silver,TV,Songkhla,487,Shopee,COD,2,4,2,0,>50,16.233333333333334,2.0,0.0,0.0,-1,10,9540.185,0.2,0.5,0.0,0.0,0.0,0,0,0.0,7396.14,1,0,0.0,19080.37,2,0,0.0,19080.37,2,0,0.0,0
LGS2ORD0013272,C010714,2025-04-16 02:00:00,Female,49,Bronze,TV,Remote_Area,985,Shopee,COD,2,4,2,0,40-50,32.833333333333336,2.0,1.0,0.5,74,26,4741.745,0.28,0.5,1.0,0.0,0.0,0,0,0.0,3221.23,1,0,0.0,9483.49,2,1,0.5,9483.49,2,1,0.5,1
LGS2ORD0013273,C017316,2025-04-16 03:00:00,Other,22,Platinum,Lazada,Remote_Area,736,TV_Show,PromptPay,3,4,2,0,20-30,24.533333333333335,1.0,0.0,0.0,-1,86,3097.08,0.1,1.0,0.0,0.0,0.0,0,0,0.0,0.0,0,0,0.0,3097.08,1,0,0.0,3097.08,1,0,0.0,0
LGS2ORD0013274,C017945,2025-04-16 03:00:00,Male,38,Platinum,Shopee,Khon Kaen,366,CallCenter,PromptPay,3,4,2,0,30-40,12.2,5.0,0.0,0.0,-1,17,6789.786,0.3,0.8,0.4,0.0,0.0,0,0,0.0,8035.9800000000005,2,0,0.0,21934.230000000003,4,0,0.0,33948.93,5,0,0.0,0
LGS2ORD0013275,C010507,2025-04-16 03:00:00,Female,48,Gold,Web,Chonburi,1285,Shopee,COD,3,4,2,0,40-50,42.833333333333336,2.0,1.0,0.5,83,42,2981.875,0.2299999999999999,0.5,0.5,0.0,0.0,0,0,0.0,0.0,0,0,0.0,1838.79,1,0,0.0,5963.75,2,1,0.5,1
LGS2ORD0013276,C014346,2025-04-16 03:00:00,Female,62,Silver,Web,Chiang Mai,906,Shopee,PromptPay,3,4,2,0,>50,30.2,2.0,1.0,0.5,48,55,14735.03,0.25,1.0,0.5,0.0,0.0,0,0,0.0,0.0,0,0,0.0,29470.06,2,1,0.5,29470.06,2,1,0.5,0
LGS2ORD0013277,C012949,2025-04-16 03:00:00,Female,42,Bronze,TV,Nakhon Ratchasima,203,Shopee,COD,3,4,2,0,40-50,6.766666666666667,1.0,0.0,0.0,-1,90,9432.9,0.23,1.0,1.0,0.0,0.0,0,0,0.0,0.0,0,0,0.0,0.0,0,0,0.0,9432.9,1,0,0.0,1
LGS2ORD0013278,C016932,2025-04-16 03:00:00,Female,43,Bronze,TV,Songkhla,1093,CallCenter,COD,3,4,2,0,40-50,36.43333333333333,2.0,1.0,0.5,16,23,8193.145,0.18,1.0,0.0,0.0,0.0,0,0,0.0,9197.83,1,1,1.0,16386.29,2,1,0.5,16386.29,2,1,0.5,1
LGS2ORD0013279,C014985,2025-04-16 04:00:00,Male,49,Gold,Lazada,Bangkok,559,Web,COD,4,4,2,0,40-50,18.633333333333333,0.0,0.0,0.0,-1,-1,0.0,0.0,0.0,0.0,0.0,0.0,0,0,0.0,0.0,0,0,0.0,0.0,0,0,0.0,0.0,0,0,0.0,0
LGS2ORD0013280,C011398,2025-04-16 04:00:00,Female,47,Bronze,Web,Chiang Mai,1037,TV_Show,Credit_Card,4,4,2,0,40-50,34.56666666666667,0.0,0.0,0.0,-1,-1,0.0,0.0,0.0,0.0,0.0,0.0,0,0,0.0,0.0,0,0,0.0,0.0,0,0,0.0,0.0,0,0,0.0,0
LGS2ORD0013281,C013060,2025-04-16 04:00:00,Male,42,Bronze,TV,Remote_Area,725,Lazada,COD,4,4,2,0,40-50,24.166666666666668,1.0,1.0,1.0,16,29,3716.61,0.18,1.0,0.0,0.0,0.0,0,0,0.0,3716.61,1,1,1.0,3716.61,1,1,1.0,3716.61,1,1,1.0,1
LGS2ORD0013282,C017091,2025-04-16 04:00:00,Male,56,Silver,Lazada,Bangkok,235,Web,PromptPay,4,4,2,0,>50,7.833333333333333,2.0,2.0,1.0,49,60,7949.235000000001,0.2,1.0,0.0,0.0,0.0,0,0,0.0,0.0,0,0,0.0,15898.470000000001,2,2,1.0,15898.470000000001,2,2,1.0,0
LGS2ORD0013283,C010752,2025-04-16 04:00:00,Female,41,Silver,TV,Bangkok,1028,CallCenter,COD,4,4,2,0,40-50,34.266666666666666,2.0,0.0,0.0,-1,48,12122.810000000001,0.3,0.5,0.5,0.0,0.0,0,0,0.0,0.0,0,0,0.0,14372.86,1,0,0.0,24245.620000000003,2,0,0.0,0
LGS2ORD0013284,C014918,2025-04-16 05:00:00,Female,34,Gold,TV,Khon Kaen,858,Web,PromptPay,5,4,2,0,30-40,28.6,3.0,1.0,0.3333333333333333,31,36,2171.3433333333332,0.33,0.6666666666666666,0.3333333333333333,0.0,0.0,0,0,0.0,0.0,0,0,0.0,6514.03,3,1,0.3333333333333333,6514.03,3,1,0.3333333333333333,0
LGS2ORD0013285,C010592,2025-04-16 05:00:00,Female,30,Platinum,Lazada,Bangkok,1185,CallCenter,COD,5,4,2,0,20-30,39.5,2.0,0.0,0.0,-1,53,4433.889999999999,0.25,0.5,0.5,0.0,0.0,0,0,0.0,0.0,0,0,0.0,8867.779999999999,2,0,0.0,8867.779999999999,2,0,0.0,0
LGS2ORD0013286,C011571,2025-04-16 05:00:00,Female,40,Bronze,Web,Bangkok,742,Shopee,COD,5,4,2,0,30-40,24.733333333333334,1.0,1.0,1.0,66,68,7290.77,0.08,0.0,0.0,0.0,0.0,0,0,0.0,0.0,0,0,0.0,7290.77,1,1,1.0,7290.77,1,1,1.0,1
LGS2ORD0013287,C015373,2025-04-16 05:00:00,Female,47,Bronze,TV,Bangkok,1287,Shopee,COD,5,4,2,0,40-50,42.9,4.0,0.0,0.0,-1,19,2915.795,0.08,0.75,0.0,0.0,0.0,0,0,0.0,1716.64,1,0,0.0,7228.910000000001,3,0,0.0,11663.18,4,0,0.0,0
LGS2ORD0013288,C015832,2025-04-16 05:00:00,Female,42,Bronze,TV,Remote_Area,251,TV_Show,COD,5,4,2,0,40-50,8.366666666666667,1.0,1.0,1.0,94,103,1412.72,0.18,1.0,0.0,0.0,0.0,0,0,0.0,0.0,0,0,0.0,0.0,0,0,0.0,1412.72,1,1,1.0,0
LGS2ORD0013289,C011564,2025-04-16 06:00:00,Male,45,Silver,Lazada,Chonburi,143,Lazada,Credit_Card,6,4,2,0,40-50,4.766666666666667,2.0,0.0,0.0,-1,22,5620.565,0.2,0.5,0.0,0.0,0.0,0,0,0.0,6848.9,1,0,0.0,11241.13,2,0,0.0,11241.13,2,0,0.0,0
LGS2ORD0013290,C011762,2025-04-16 06:00:00,Female,72,Bronze,Shopee,Songkhla,1156,CallCenter,COD,6,4,2,0,>50,38.53333333333333,3.0,0.0,0.0,-1,8,4252.75,0.28,0.6666666666666666,0.3333333333333333,0.0,0.0,0,0,0.0,1976.79,1,0,0.0,7848.8,2,0,0.0,12758.25,3,0,0.0,1
LGS2ORD0013291,C012171,2025-04-16 06:00:00,Female,51,Silver,Lazada,Chonburi,293,CallCenter,Credit_Card,6,4,2,0,>50,9.766666666666667,1.0,0.0,0.0,-1,7,3441.09,0.3,1.0,1.0,0.0,0.0,0,0,0.0,3441.09,1,0,0.0,3441.09,1,0,0.0,3441.09,1,0,0.0,0
LGS2ORD0013292,C013805,2025-04-16 06:00:00,Male,56,Gold,Lazada,Chonburi,955,Web,Bank_Transfer,6,4,2,0,>50,31.833333333333332,2.0,0.0,0.0,-1,60,4047.8599999999997,0.33,0.0,0.5,0.0,0.0,0,0,0.0,0.0,0,0,0.0,8095.719999999999,2,0,0.0,8095.719999999999,2,0,0.0,0
LGS2ORD0013293,C011617,2025-04-16 06:00:00,Female,31,Gold,Shopee,Bangkok,823,Lazada,COD,6,4,2,0,30-40,27.433333333333334,0.0,0.0,0.0,-1,-1,0.0,0.0,0.0,0.0,0.0,0.0,0,0,0.0,0.0,0,0,0.0,0.0,0,0,0.0,0.0,0,0,0.0,1
LGS2ORD0013294,C010924,2025-04-16 07:00:00,Female,47,Silver,TV,Remote_Area,1549,Shopee,PromptPay,7,4,2,0,40-50,51.63333333333333,1.0,0.0,0.0,-1,42,3989.94,0.2,0.0,0.0,0.0,0.0,0,0,0.0,0.0,0,0,0.0,3989.94,1,0,0.0,3989.94,1,0,0.0,0
LGS2ORD0013295,C012079,2025-04-16 07:00:00,Female,39,Silver,Lazada,Remote_Area,244,Lazada,COD,7,4,2,0,30-40,8.133333333333333,0.0,0.0,0.0,-1,-1,0.0,0.0,0.0,0.0,0.0,0.0,0,0,0.0,0.0,0,0,0.0,0.0,0,0,0.0,0.0,0,0,0.0,1
LGS2ORD0013296,C014497,2025-04-16 07:00:00,Male,44,Bronze,Web,Chiang Mai,1322,Shopee,COD,7,4,2,0,40-50,44.06666666666667,2.0,1.0,0.5,18,25,6777.605,0.28,0.5,1.0,0.0,0.0,0,0,0.0,1411.37,1,1,1.0,13555.21,2,1,0.5,13555.21,2,1,0.5,0
LGS2ORD0013297,C016647,2025-04-16 07:00:00,Male,39,Bronze,TV,Remote_Area,446,Web,COD,7,4,2,0,30-40,14.866666666666667,2.0,1.0,0.5,57,28,17125.36,0.23,0.5,0.5,0.0,0.0,0,0,0.0,24569.34,1,0,0.0,34250.72,2,1,0.5,34250.72,2,1,0.5,1
LGS2ORD0013298,C014587,2025-04-16 07:00:00,Male,27,Gold,TV,Bangkok,1266,Lazada,Bank_Transfer,7,4,2,0,20-30,42.2,1.0,0.0,0.0,-1,17,3604.57,0.28,0.0,1.0,0.0,0.0,0,0,0.0,3604.57,1,0,0.0,3604.57,1,0,0.0,3604.57,1,0,0.0,0
LGS2ORD0013299,C011691,2025-04-16 07:00:00,Male,47,Silver,Lazada,Nakhon Ratchasima,733,Web,Credit_Card,7,4,2,0,40-50,24.433333333333334,1.0,0.0,0.0,-1,36,3923.56,0.3,1.0,1.0,0.0,0.0,0,0,0.0,0.0,0,0,0.0,3923.56,1,0,0.0,3923.56,1,0,0.0,0
LGS2ORD0013300,C016970,2025-04-16 08:00:00,Female,70,Bronze,Lazada,Chiang Mai,563,Lazada,PromptPay,8,4,2,0,>50,18.766666666666666,4.0,1.0,0.25,-6,3,6526.1575,0.28,0.5,0.25,0.0,2355.93,1,1,1.0,26104.63,4,1,0.25,26104.63,4,1,0.25,26104.63,4,1,0.25,0
LGS2ORD0013301,C017853,2025-04-16 08:00:00,Female,53,Silver,Shopee,Chonburi,985,CallCenter,PromptPay,8,4,2,0,>50,32.833333333333336,1.0,0.0,0.0,-1,95,2300.3,0.25,0.0,1.0,0.0,0.0,0,0,0.0,0.0,0,0,0.0,0.0,0,0,0.0,2300.3,1,0,0.0,0
LGS2ORD0013302,C011370,2025-04-16 08:00:00,Female,45,Gold,Shopee,Bangkok,1065,Shopee,COD,8,4,2,0,40-50,35.5,0.0,0.0,0.0,-1,-1,0.0,0.0,0.0,0.0,0.0,0.0,0,0,0.0,0.0,0,0,0.0,0.0,0,0,0.0,0.0,0,0,0.0,1
LGS2ORD0013303,C012851,2025-04-16 08:00:00,Other,37,Bronze,Lazada,Bangkok,1304,TV_Show,Credit_Card,8,4,2,0,30-40,43.46666666666667,1.0,0.0,0.0,-1,91,5154.94,0.18,1.0,0.0,0.0,0.0,0,0,0.0,0.0,0,0,0.0,0.0,0,0,0.0,5154.94,1,0,0.0,1
LGS2ORD0013304,C016400,2025-04-16 08:00:00,Male,39,Silver,Lazada,Bangkok,607,TV_Show,COD,8,4,2,0,30-40,20.233333333333334,0.0,0.0,0.0,-1,-1,0.0,0.0,0.0,0.0,0.0,0.0,0,0,0.0,0.0,0,0,0.0,0.0,0,0,0.0,0.0,0,0,0.0,0
LGS2ORD0013305,C013607,2025-04-16 09:00:00,Female,34,Silver,Lazada,Nakhon Ratchasima,979,CallCenter,COD,9,4,2,0,30-40,32.63333333333333,0.0,0.0,0.0,-1,-1,0.0,0.0,0.0,0.0,0.0,0.0,0,0,0.0,0.0,0,0,0.0,0.0,0,0,0.0,0.0,0,0,0.0,0
LGS2ORD0013306,C012867,2025-04-16 09:00:00,Other,30,Silver,Shopee,Songkhla,1324,Shopee,COD,9,4,2,0,20-30,44.13333333333333,0.0,0.0,0.0,-1,-1,0.0,0.0,0.0,0.0,0.0,0.0,0,0,0.0,0.0,0,0,0.0,0.0,0,0,0.0,0.0,0,0,0.0,0
LGS2ORD0013307,C016434,2025-04-16 09:00:00,Male,64,Bronze,Lazada,Chonburi,410,TV_Show,COD,9,4,2,0,>50,13.666666666666666,2.0,0.0,0.0,-1,2,3423.535,0.18,1.0,0.0,0.0,2665.64,1,0,0.0,6847.07,2,0,0.0,6847.07,2,0,0.0,6847.07,2,0,0.0,0
LGS2ORD0013308,C012472,2025-04-16 09:00:00,Female,37,Silver,Shopee,Khon Kaen,144,CallCenter,COD,9,4,2,0,30-40,4.8,4.0,1.0,0.25,25,11,2966.145,0.3,0.25,0.5,0.0,0.0,0,0,0.0,1761.3,1,0,0.0,10688.91,3,1,0.3333333333333333,11864.58,4,1,0.25,0
LGS2ORD0013309,C017073,2025-04-16 09:00:00,Female,25,Bronze,Lazada,Khon Kaen,886,Web,COD,9,4,2,0,20-30,29.533333333333335,0.0,0.0,0.0,-1,-1,0.0,0.0,0.0,0.0,0.0,0.0,0,0,0.0,0.0,0,0,0.0,0.0,0,0,0.0,0.0,0,0,0.0,0
LGS2ORD0013310,C010978,2025-04-16 10:00:00,Male,29,Bronze,CallCenter,Nakhon Ratchasima,293,CallCenter,COD,10,4,2,0,20-30,9.766666666666667,2.0,1.0,0.5,0,15,2290.5699999999997,0.28,0.0,0.5,0.0,0.0,0,0,0.0,4581.139999999999,2,1,0.5,4581.139999999999,2,1,0.5,4581.139999999999,2,1,0.5,0
LGS2ORD0013311,C010667,2025-04-16 10:00:00,Other,72,Bronze,Shopee,Remote_Area,756,Lazada,COD,10,4,2,0,>50,25.2,2.0,1.0,0.5,52,9,16113.73,0.18,0.5,0.0,0.5,0.0,0,0,0.0,11703.19,1,0,0.0,32227.46,2,1,0.5,32227.46,2,1,0.5,1
LGS2ORD0013312,C015497,2025-04-16 10:00:00,Male,55,Silver,Lazada,Nakhon Ratchasima,448,CallCenter,COD,10,4,2,0,>50,14.933333333333334,2.0,1.0,0.5,72,30,2028.395,0.25,1.0,0.5,0.0,0.0,0,0,0.0,0.0,0,0,0.0,4056.79,2,1,0.5,4056.79,2,1,0.5,0
LGS2ORD0013313,C013867,2025-04-16 10:00:00,Male,56,Silver,Shopee,Chonburi,809,Lazada,COD,10,4,2,0,>50,26.966666666666665,0.0,0.0,0.0,-1,-1,0.0,0.0,0.0,0.0,0.0,0.0,0,0,0.0,0.0,0,0,0.0,0.0,0,0,0.0,0.0,0,0,0.0,0
LGS2ORD0013314,C013803,2025-04-16 10:00:00,Male,54,Bronze,TV,Chonburi,1277,Lazada,COD,10,4,2,0,>50,42.56666666666667,3.0,1.0,0.3333333333333333,71,44,2951.693333333333,0.23,0.3333333333333333,0.3333333333333333,0.0,0.0,0,0,0.0,0.0,0,0,0.0,8855.08,3,1,0.3333333333333333,8855.08,3,1,0.3333333333333333,0
LGS2ORD0013315,C010559,2025-04-16 11:00:00,Male,18,Silver,Web,Bangkok,659,Shopee,COD,11,4,2,0,<20,21.966666666666665,2.0,0.0,0.0,-1,60,11755.535,0.15,0.0,0.0,0.0,0.0,0,0,0.0,0.0,0,0,0.0,23511.07,2,0,0.0,23511.07,2,0,0.0,0
LGS2ORD0013316,C017875,2025-04-16 11:00:00,Female,41,Bronze,TV,Songkhla,362,Lazada,COD,11,4,2,0,40-50,12.066666666666666,1.0,1.0,1.0,76,83,2419.03,0.23,0.0,1.0,0.0,0.0,0,0,0.0,0.0,0,0,0.0,2419.03,1,1,1.0,2419.03,1,1,1.0,0
LGS2ORD0013317,C013241,2025-04-16 11:00:00,Female,46,Bronze,Lazada,Khon Kaen,1410,Lazada,Credit_Card,11,4,2,0,40-50,47.0,2.0,0.0,0.0,-1,20,21103.550000000003,0.03,0.5,0.0,0.0,0.0,0,0,0.0,29466.65,1,0,0.0,42207.100000000006,2,0,0.0,42207.100000000006,2,0,0.0,0
LGS2ORD0013318,C017124,2025-04-16 11:00:00,Male,39,Bronze,Web,Chiang Mai,291,TV_Show,COD,11,4,2,0,30-40,9.7,1.0,0.0,0.0,-1,80,444.2,0.13,1.0,0.0,0.0,0.0,0,0,0.0,0.0,0,0,0.0,444.2,1,0,0.0,444.2,1,0,0.0,0
LGS2ORD0013319,C013206,2025-04-16 11:00:00,Male,23,Gold,Lazada,Chonburi,137,Shopee,COD,11,4,2,0,20-30,4.566666666666666,1.0,0.0,0.0,-1,89,326.04,0.28,0.0,1.0,0.0,0.0,0,0,0.0,0.0,0,0,0.0,326.04,1,0,0.0,326.04,1,0,0.0,0
LGS2ORD0013320,C014055,2025-04-16 11:00:00,Female,29,Bronze,Web,Bangkok,1091,CallCenter,COD,11,4,2,0,20-30,36.36666666666667,2.0,0.0,0.0,-1,22,5290.695,0.18,0.0,0.0,0.0,0.0,0,0,0.0,10581.39,2,0,0.0,10581.39,2,0,0.0,10581.39,2,0,0.0,0
LGS2ORD0013321,C011765,2025-04-16 12:00:00,Male,37,Silver,Web,Bangkok,1563,Web,COD,12,4,2,0,30-40,52.1,1.0,0.0,0.0,-1,8,920.85,0.15,1.0,0.0,0.0,0.0,0,0,0.0,920.85,1,0,0.0,920.85,1,0,0.0,920.85,1,0,0.0,0
LGS2ORD0013322,C016818,2025-04-16 12:00:00,Female,38,Bronze,Web,Bangkok,913,Shopee,PromptPay,12,4,2,0,30-40,30.433333333333334,0.0,0.0,0.0,-1,-1,0.0,0.0,0.0,0.0,0.0,0.0,0,0,0.0,0.0,0,0,0.0,0.0,0,0,0.0,0.0,0,0,0.0,0
LGS2ORD0013323,C016337,2025-04-16 12:00:00,Male,37,Bronze,TV,Remote_Area,274,Lazada,PromptPay,12,4,2,0,30-40,9.133333333333333,1.0,0.0,0.0,-1,89,1700.48,0.28,0.0,1.0,0.0,0.0,0,0,0.0,0.0,0,0,0.0,1700.48,1,0,0.0,1700.48,1,0,0.0,1
LGS2ORD0013324,C012039,2025-04-16 12:00:00,Male,53,Bronze,TV,Bangkok,384,Lazada,COD,12,4,2,0,>50,12.8,0.0,0.0,0.0,-1,-1,0.0,0.0,0.0,0.0,0.0,0.0,0,0,0.0,0.0,0,0,0.0,0.0,0,0,0.0,0.0,0,0,0.0,0
LGS2ORD0013325,C015383,2025-04-16 12:00:00,Male,42,Silver,Shopee,Bangkok,591,Web,COD,12,4,2,0,40-50,19.7,0.0,0.0,0.0,-1,-1,0.0,0.0,0.0,0.0,0.0,0.0,0,0,0.0,0.0,0,0,0.0,0.0,0,0,0.0,0.0,0,0,0.0,0
LGS2ORD0013326,C012063,2025-04-16 13:00:00,Female,59,Silver,Shopee,Chiang Mai,1332,Lazada,COD,13,4,2,0,>50,44.4,1.0,0.0,0.0,-1,99,5987.08,0.3,0.0,1.0,0.0,0.0,0,0,0.0,0.0,0,0,0.0,0.0,0,0,0.0,5987.08,1,0,0.0,0
LGS2ORD0013327,C014479,2025-04-16 13:00:00,Male,55,Gold,Shopee,Bangkok,610,Web,COD,13,4,2,0,>50,20.333333333333332,4.0,1.0,0.25,31,2,1723.4850000000001,0.33,0.25,0.5,0.0,2673.93,1,0,0.0,4148.99,2,0,0.0,5701.16,3,1,0.3333333333333333,6893.9400000000005,4,1,0.25,0
LGS2ORD0013328,C017131,2025-04-16 13:00:00,Male,45,Silver,Shopee,Nakhon Ratchasima,648,Shopee,Bank_Transfer,13,4,2,0,40-50,21.6,4.0,2.0,0.5,42,54,3678.2974999999997,0.25,0.75,0.25,0.0,0.0,0,0,0.0,0.0,0,0,0.0,9820.34,2,2,1.0,14713.189999999999,4,2,0.5,0
LGS2ORD0013329,C016369,2025-04-16 13:00:00,Other,22,Silver,Shopee,Bangkok,266,TV_Show,Bank_Transfer,13,4,2,0,20-30,8.866666666666667,3.0,1.0,0.3333333333333333,18,28,7343.4766666666665,0.3,0.6666666666666666,0.3333333333333333,0.0,0.0,0,0,0.0,10435.82,1,1,1.0,22030.43,3,1,0.3333333333333333,22030.43,3,1,0.3333333333333333,0
LGS2ORD0013330,C014953,2025-04-16 13:00:00,Female,41,Gold,Web,Songkhla,1554,Web,COD,13,4,2,0,40-50,51.8,1.0,1.0,1.0,65,77,4912.66,0.08,1.0,0.0,0.0,0.0,0,0,0.0,0.0,0,0,0.0,4912.66,1,1,1.0,4912.66,1,1,1.0,1
LGS2ORD0013331,C015484,2025-04-16 14:00:00,Female,47,Silver,TV,Chonburi,794,Lazada,Bank_Transfer,14,4,2,0,40-50,26.466666666666665,5.0,1.0,0.2,-6,4,1519.6680000000001,0.3,0.8,0.4,0.0,1287.13,1,1,1.0,5455.37,3,1,0.3333333333333333,7598.34,5,1,0.2,7598.34,5,1,0.2,0
LGS2ORD0013332,C016434,2025-04-16 14:00:00,Male,64,Bronze,Lazada,Chonburi,410,Shopee,PromptPay,14,4,2,0,>50,13.666666666666666,3.0,0.0,0.0,-1,0,2399.0899999999997,0.18,1.0,0.0,0.0,3015.8399999999997,2,0,0.0,7197.2699999999995,3,0,0.0,7197.2699999999995,3,0,0.0,7197.2699999999995,3,0,0.0,0
LGS2ORD0013333,C012739,2025-04-16 14:00:00,Male,56,Bronze,TV,Remote_Area,1301,Web,Credit_Card,14,4,2,0,>50,43.36666666666667,0.0,0.0,0.0,-1,-1,0.0,0.0,0.0,0.0,0.0,0.0,0,0,0.0,0.0,0,0,0.0,0.0,0,0,0.0,0.0,0,0,0.0,0
LGS2ORD0013334,C017977,2025-04-16 14:00:00,Female,56,Bronze,Shopee,Bangkok,462,TV_Show,COD,14,4,2,0,>50,15.4,0.0,0.0,0.0,-1,-1,0.0,0.0,0.0,0.0,0.0,0.0,0,0,0.0,0.0,0,0,0.0,0.0,0,0,0.0,0.0,0,0,0.0,1
LGS2ORD0013335,C011199,2025-04-16 14:00:00,Male,47,Gold,Lazada,Bangkok,984,Shopee,Credit_Card,14,4,2,0,40-50,32.8,1.0,0.0,0.0,-1,5,958.17,0.08,0.0,0.0,0.0,958.17,1,0,0.0,958.17,1,0,0.0,958.17,1,0,0.0,958.17,1,0,0.0,0
LGS2ORD0013336,C010233,2025-04-16 15:00:00,Male,26,Gold,Web,Khon Kaen,587,Web,PromptPay,15,4,2,0,20-30,19.566666666666666,1.0,0.0,0.0,-1,13,7184.38,0.33,1.0,1.0,0.0,0.0,0,0,0.0,7184.38,1,0,0.0,7184.38,1,0,0.0,7184.38,1,0,0.0,0
LGS2ORD0013337,C014509,2025-04-16 15:00:00,Male,53,Bronze,Lazada,Songkhla,749,Web,COD,15,4,2,0,>50,24.966666666666665,1.0,1.0,1.0,32,36,1175.66,0.18,0.0,0.0,0.0,0.0,0,0,0.0,0.0,0,0,0.0,1175.66,1,1,1.0,1175.66,1,1,1.0,1
LGS2ORD0013338,C010155,2025-04-16 15:00:00,Male,37,Bronze,Shopee,Bangkok,517,Shopee,COD,15,4,2,0,30-40,17.233333333333334,1.0,0.0,0.0,-1,41,6076.49,0.03,0.0,0.0,0.0,0.0,0,0,0.0,0.0,0,0,0.0,6076.49,1,0,0.0,6076.49,1,0,0.0,0
LGS2ORD0013339,C015597,2025-04-16 15:00:00,Male,30,Gold,Lazada,Chiang Mai,1140,TV_Show,Bank_Transfer,15,4,2,0,20-30,38.0,1.0,0.0,0.0,-1,31,983.97,0.2299999999999999,0.0,1.0,0.0,0.0,0,0,0.0,0.0,0,0,0.0,983.97,1,0,0.0,983.97,1,0,0.0,0
LGS2ORD0013340,C017694,2025-04-16 15:00:00,Male,50,Silver,Lazada,Chiang Mai,757,Lazada,COD,15,4,2,0,40-50,25.233333333333334,2.0,0.0,0.0,-1,1,2107.97,0.3,0.0,0.5,0.0,2475.33,1,0,0.0,4215.94,2,0,0.0,4215.94,2,0,0.0,4215.94,2,0,0.0,0
LGS2ORD0013341,C010266,2025-04-16 15:00:00,Male,64,Bronze,TV,Songkhla,477,CallCenter,Credit_Card,15,4,2,0,>50,15.9,2.0,1.0,0.5,-2,4,4546.055,0.28,0.5,0.5,0.0,5575.45,1,1,1.0,5575.45,1,1,1.0,9092.11,2,1,0.5,9092.11,2,1,0.5,0
LGS2ORD0013342,C011838,2025-04-16 16:00:00,Male,32,Silver,Web,Remote_Area,1331,TV_Show,Credit_Card,16,4,2,0,30-40,44.36666666666667,3.0,1.0,0.3333333333333333,20,6,3369.976666666667,0.3,1.0,0.6666666666666666,0.0,1081.33,1,0,0.0,8818.380000000001,2,0,0.0,10109.93,3,1,0.3333333333333333,10109.93,3,1,0.3333333333333333,1
LGS2ORD0013343,C014558,2025-04-16 16:00:00,Male,39,Bronze,Web,Remote_Area,396,CallCenter,COD,16,4,2,0,30-40,13.2,2.0,0.0,0.0,-1,25,2778.18,0.08,0.0,0.0,0.0,0.0,0,0,0.0,1987.61,1,0,0.0,5556.36,2,0,0.0,5556.36,2,0,0.0,0
LGS2ORD0013344,C011447,2025-04-16 16:00:00,Male,39,Gold,TV,Chonburi,219,TV_Show,COD,16,4,2,0,30-40,7.3,5.0,0.0,0.0,-1,5,4241.976,0.28,0.6,0.6,0.0,5884.85,1,0,0.0,5884.85,1,0,0.0,21209.879999999997,5,0,0.0,21209.879999999997,5,0,0.0,1
LGS2ORD0013345,C012787,2025-04-16 16:00:00,Female,48,Bronze,Web,Chiang Mai,180,Lazada,PromptPay,16,4,2,0,40-50,6.0,0.0,0.0,0.0,-1,-1,0.0,0.0,0.0,0.0,0.0,0.0,0,0,0.0,0.0,0,0,0.0,0.0,0,0,0.0,0.0,0,0,0.0,0
LGS2ORD0013346,C013075,2025-04-16 16:00:00,Female,51,Silver,TV,Bangkok,764,Web,COD,16,4,2,0,>50,25.466666666666665,1.0,0.0,0.0,-1,104,9802.22,0.2,0.0,0.0,0.0,0.0,0,0,0.0,0.0,0,0,0.0,0.0,0,0,0.0,9802.22,1,0,0.0,0
LGS2ORD0013347,C011232,2025-04-16 17:00:00,Male,47,Bronze,Web,Chiang Mai,1451,Lazada,PromptPay,17,4,2,0,40-50,48.36666666666667,1.0,0.0,0.0,-1,18,7223.58,0.08,1.0,0.0,0.0,0.0,0,0,0.0,7223.58,1,0,0.0,7223.58,1,0,0.0,7223.58,1,0,0.0,0
LGS2ORD0013348,C011774,2025-04-16 17:00:00,Male,70,Silver,TV,Nakhon Ratchasima,258,TV_Show,COD,17,4,2,0,>50,8.6,4.0,1.0,0.25,-1,6,8287.1025,0.3,1.0,0.5,0.0,24993.61,1,0,0.0,26122.41,2,1,0.5,33148.41,4,1,0.25,33148.41,4,1,0.25,0
LGS2ORD0013349,C014518,2025-04-16 17:00:00,Female,21,Bronze,Shopee,Songkhla,188,Lazada,COD,17,4,2,0,20-30,6.266666666666667,4.0,3.0,0.75,41,57,7003.327499999999,0.28,1.0,0.5,0.0,0.0,0,0,0.0,0.0,0,0,0.0,6420.530000000001,3,2,0.6666666666666666,28013.309999999998,4,3,0.75,1
LGS2ORD0013350,C012032,2025-04-16 17:00:00,Male,47,Bronze,Lazada,Nakhon Ratchasima,925,TV_Show,Credit_Card,17,4,2,0,40-50,30.833333333333332,2.0,0.0,0.0,-1,43,4207.825,0.23,1.0,0.5,0.0,0.0,0,0,0.0,0.0,0,0,0.0,8415.65,2,0,0.0,8415.65,2,0,0.0,0
LGS2ORD0013351,C015422,2025-04-16 17:00:00,Male,39,Silver,Web,Bangkok,583,Web,Credit_Card,17,4,2,0,30-40,19.433333333333334,1.0,0.0,0.0,-1,1,2095.37,0.05,0.0,0.0,0.0,2095.37,1,0,0.0,2095.37,1,0,0.0,2095.37,1,0,0.0,2095.37,1,0,0.0,0
LGS2ORD0013352,C016389,2025-04-16 18:00:00,Male,49,Bronze,Lazada,Remote_Area,610,TV_Show,COD,18,4,2,0,40-50,20.333333333333332,1.0,1.0,1.0,59,74,787.61,0.08,1.0,0.0,0.0,0.0,0,0,0.0,0.0,0,0,0.0,787.61,1,1,1.0,787.61,1,1,1.0,1
LGS2ORD0013353,C017955,2025-04-16 18:00:00,Female,39,Platinum,Shopee,Songkhla,1318,TV_Show,COD,18,4,2,0,30-40,43.93333333333333,2.0,1.0,0.5,38,50,2527.385,0.25,0.0,0.5,0.0,0.0,0,0,0.0,0.0,0,0,0.0,5054.77,2,1,0.5,5054.77,2,1,0.5,0
LGS2ORD0013354,C015702,2025-04-16 18:00:00,Female,55,Bronze,TV,Songkhla,672,Shopee,COD,18,4,2,0,>50,22.4,1.0,0.0,0.0,-1,10,840.32,0.08,1.0,0.0,0.0,0.0,0,0,0.0,840.32,1,0,0.0,840.32,1,0,0.0,840.32,1,0,0.0,0
LGS2ORD0013355,C014713,2025-04-16 18:00:00,Female,54,Bronze,Lazada,Remote_Area,836,Shopee,COD,18,4,2,0,>50,27.866666666666667,1.0,0.0,0.0,-1,92,1409.42,0.18,0.0,0.0,0.0,0.0,0,0,0.0,0.0,0,0,0.0,0.0,0,0,0.0,1409.42,1,0,0.0,1
LGS2ORD0013356,C015756,2025-04-16 18:00:00,Female,42,Bronze,Shopee,Phuket,307,Web,COD,18,4,2,0,40-50,10.233333333333333,1.0,1.0,1.0,69,78,14321.73,0.23,1.0,1.0,0.0,0.0,0,0,0.0,0.0,0,0,0.0,14321.73,1,1,1.0,14321.73,1,1,1.0,1
LGS2ORD0013357,C017043,2025-04-16 18:00:00,Male,20,Platinum,Shopee,Bangkok,1077,Shopee,Credit_Card,18,4,2,0,<20,35.9,0.0,0.0,0.0,-1,-1,0.0,0.0,0.0,0.0,0.0,0.0,0,0,0.0,0.0,0,0,0.0,0.0,0,0,0.0,0.0,0,0,0.0,0
LGS2ORD0013358,C016682,2025-04-16 19:00:00,Female,53,Bronze,Lazada,Phuket,263,Shopee,Credit_Card,19,4,2,0,>50,8.766666666666667,2.0,0.0,0.0,-1,11,3816.7200000000003,0.08,0.5,0.0,0.0,0.0,0,0,0.0,4255.1,1,0,0.0,4255.1,1,0,0.0,7633.4400000000005,2,0,0.0,0
LGS2ORD0013359,C014735,2025-04-16 19:00:00,Male,53,Bronze,Shopee,Songkhla,565,Shopee,COD,19,4,2,0,>50,18.833333333333332,0.0,0.0,0.0,-1,-1,0.0,0.0,0.0,0.0,0.0,0.0,0,0,0.0,0.0,0,0,0.0,0.0,0,0,0.0,0.0,0,0,0.0,1
LGS2ORD0013360,C013987,2025-04-16 19:00:00,Male,61,Silver,Web,Chiang Mai,484,Lazada,PromptPay,19,4,2,0,>50,16.133333333333333,1.0,0.0,0.0,-1,90,6296.68,0.05,1.0,0.0,0.0,0.0,0,0,0.0,0.0,0,0,0.0,0.0,0,0,0.0,6296.68,1,0,0.0,0
LGS2ORD0013361,C010070,2025-04-16 19:00:00,Female,48,Platinum,Lazada,Chiang Mai,235,Web,Bank_Transfer,19,4,2,0,40-50,7.833333333333333,0.0,0.0,0.0,-1,-1,0.0,0.0,0.0,0.0,0.0,0.0,0,0,0.0,0.0,0,0,0.0,0.0,0,0,0.0,0.0,0,0,0.0,0
LGS2ORD0013362,C013591,2025-04-16 19:00:00,Male,31,Silver,TV,Remote_Area,497,TV_Show,COD,19,4,2,0,30-40,16.566666666666666,2.0,0.0,0.0,-1,21,2628.4300000000003,0.2,1.0,0.0,0.0,0.0,0,0,0.0,2251.6,1,0,0.0,5256.860000000001,2,0,0.0,5256.860000000001,2,0,0.0,1
LGS2ORD0013363,C013464,2025-04-16 20:00:00,Female,36,Bronze,Shopee,Chonburi,629,Lazada,Bank_Transfer,20,4,2,0,30-40,20.966666666666665,2.0,1.0,0.5,0,5,1586.805,0.18,0.0,0.0,0.0,2512.05,1,1,1.0,2512.05,1,1,1.0,3173.61,2,1,0.5,3173.61,2,1,0.5,0
LGS2ORD0013364,C014438,2025-04-16 20:00:00,Female,34,Silver,Shopee,Chonburi,1417,TV_Show,COD,20,4,2,0,30-40,47.233333333333334,0.0,0.0,0.0,-1,-1,0.0,0.0,0.0,0.0,0.0,0.0,0,0,0.0,0.0,0,0,0.0,0.0,0,0,0.0,0.0,0,0,0.0,0
LGS2ORD0013365,C012147,2025-04-16 20:00:00,Female,41,Silver,Shopee,Chonburi,549,Shopee,Credit_Card,20,4,2,0,40-50,18.3,1.0,0.0,0.0,-1,50,38456.64,0.05,1.0,0.0,0.0,0.0,0,0,0.0,0.0,0,0,0.0,38456.64,1,0,0.0,38456.64,1,0,0.0,0
LGS2ORD0013366,C014080,2025-04-16 20:00:00,Male,29,Bronze,Shopee,Songkhla,1454,TV_Show,COD,20,4,2,0,20-30,48.46666666666667,1.0,0.0,0.0,-1,36,1784.05,0.23,0.0,1.0,0.0,0.0,0,0,0.0,0.0,0,0,0.0,1784.05,1,0,0.0,1784.05,1,0,0.0,1
LGS2ORD0013367,C014974,2025-04-16 20:00:00,Male,52,Silver,Shopee,Phuket,957,TV_Show,COD,20,4,2,0,>50,31.9,2.0,2.0,1.0,30,46,2065.85,0.25,0.5,0.5,0.0,0.0,0,0,0.0,0.0,0,0,0.0,2811.98,1,1,1.0,4131.7,2,2,1.0,1
LGS2ORD0013368,C010766,2025-04-16 21:00:00,Female,42,Bronze,Shopee,Chiang Mai,699,Lazada,COD,21,4,2,0,40-50,23.3,1.0,1.0,1.0,55,67,13485.2,0.18,1.0,0.0,0.0,0.0,0,0,0.0,0.0,0,0,0.0,13485.2,1,1,1.0,13485.2,1,1,1.0,0
LGS2ORD0013369,C011978,2025-04-16 21:00:00,Male,38,Bronze,Shopee,Khon Kaen,1453,Web,Credit_Card,21,4,2,0,30-40,48.43333333333333,1.0,0.0,0.0,-1,95,1896.65,0.03,1.0,0.0,0.0,0.0,0,0,0.0,0.0,0,0,0.0,0.0,0,0,0.0,1896.65,1,0,0.0,0
LGS2ORD0013370,C011567,2025-04-16 21:00:00,Female,40,Bronze,TV,Bangkok,1007,Lazada,COD,21,4,2,0,30-40,33.56666666666667,1.0,0.0,0.0,-1,86,1819.36,0.18,0.0,0.0,0.0,0.0,0,0,0.0,0.0,0,0,0.0,1819.36,1,0,0.0,1819.36,1,0,0.0,0
LGS2ORD0013371,C017378,2025-04-16 21:00:00,Male,36,Bronze,CallCenter,Chonburi,768,CallCenter,COD,21,4,2,0,30-40,25.6,4.0,0.0,0.0,-1,23,3666.82,0.23,0.75,0.25,0.0,0.0,0,0,0.0,3087.43,1,0,0.0,11032.77,3,0,0.0,14667.28,4,0,0.0,0
LGS2ORD0013372,C016921,2025-04-16 21:00:00,Male,33,Gold,Web,Bangkok,981,CallCenter,COD,21,4,2,0,30-40,32.7,0.0,0.0,0.0,-1,-1,0.0,0.0,0.0,0.0,0.0,0.0,0,0,0.0,0.0,0,0,0.0,0.0,0,0,0.0,0.0,0,0,0.0,0
LGS2ORD0013373,C011021,2025-04-16 22:00:00,Male,64,Bronze,TV,Bangkok,1440,Shopee,COD,22,4,2,0,>50,48.0,3.0,0.0,0.0,-1,5,2008.93,0.28,0.3333333333333333,0.3333333333333333,0.0,743.57,1,0,0.0,743.57,1,0,0.0,6026.79,3,0,0.0,6026.79,3,0,0.0,0
LGS2ORD0013374,C015871,2025-04-16 22:00:00,Female,36,Bronze,CallCenter,Bangkok,831,CallCenter,PromptPay,22,4,2,0,30-40,27.7,3.0,1.0,0.3333333333333333,55,39,3045.4966666666664,0.23,0.6666666666666666,0.3333333333333333,0.0,0.0,0,0,0.0,0.0,0,0,0.0,9136.49,3,1,0.3333333333333333,9136.49,3,1,0.3333333333333333,0
LGS2ORD0013375,C015648,2025-04-16 22:00:00,Male,38,Silver,TV,Bangkok,561,Lazada,COD,22,4,2,0,30-40,18.7,1.0,1.0,1.0,16,29,1197.28,0.05,1.0,0.0,0.0,0.0,0,0,0.0,1197.28,1,1,1.0,1197.28,1,1,1.0,1197.28,1,1,1.0,0
LGS2ORD0013376,C010175,2025-04-16 22:00:00,Male,47,Bronze,CallCenter,Bangkok,190,Lazada,COD,22,4,2,0,40-50,6.333333333333333,4.0,1.0,0.25,32,17,3466.9024999999997,0.28,0.5,0.25,0.0,0.0,0,0,0.0,4533.58,1,0,0.0,9515.83,3,1,0.3333333333333333,13867.609999999999,4,1,0.25,0
LGS2ORD0013377,C014781,2025-04-16 22:00:00,Male,39,Platinum,Web,Phuket,1220,Lazada,COD,22,4,2,0,30-40,40.666666666666664,3.0,1.0,0.3333333333333333,12,2,13522.24,0.2,1.0,0.0,0.0,23204.5,2,0,0.0,40566.72,3,1,0.3333333333333333,40566.72,3,1,0.3333333333333333,40566.72,3,1,0.3333333333333333,0
LGS2ORD0013378,C015689,2025-04-16 22:00:00,Male,36,Silver,Shopee,Songkhla,900,Shopee,Credit_Card,22,4,2,0,30-40,30.0,2.0,2.0,1.0,49,58,12497.720000000001,0.2,1.0,0.0,0.0,0.0,0,0,0.0,0.0,0,0,0.0,24995.440000000002,2,2,1.0,24995.440000000002,2,2,1.0,0
LGS2ORD0013379,C017231,2025-04-16 23:00:00,Female,44,Gold,Shopee,Bangkok,1441,Shopee,COD,23,4,2,0,40-50,48.03333333333333,1.0,0.0,0.0,-1,74,3493.44,0.2299999999999999,0.0,1.0,0.0,0.0,0,0,0.0,0.0,0,0,0.0,3493.44,1,0,0.0,3493.44,1,0,0.0,0
LGS2ORD0013380,C017646,2025-04-16 23:00:00,Female,32,Silver,Web,Bangkok,1158,Web,COD,23,4,2,0,30-40,38.6,1.0,0.0,0.0,-1,73,12965.64,0.05,0.0,0.0,0.0,0.0,0,0,0.0,0.0,0,0,0.0,12965.64,1,0,0.0,12965.64,1,0,0.0,0
LGS2ORD0013381,C013607,2025-04-16 23:00:00,Female,34,Silver,Lazada,Nakhon Ratchasima,979,Shopee,Credit_Card,23,4,2,0,30-40,32.63333333333333,1.0,0.0,0.0,-1,0,510.63,0.25,1.0,1.0,0.0,510.63,1,0,0.0,510.63,1,0,0.0,510.63,1,0,0.0,510.63,1,0,0.0,0
LGS2ORD0013382,C013116,2025-04-16 23:00:00,Female,46,Silver,Web,Chiang Mai,1389,TV_Show,COD,23,4,2,0,40-50,46.3,3.0,0.0,0.0,-1,28,4047.0633333333335,0.25,1.0,0.6666666666666666,0.0,0.0,0,0,0.0,3739.81,1,0,0.0,9066.93,2,0,0.0,12141.19,3,0,0.0,0
LGS2ORD0013383,C012704,2025-04-16 23:00:00,Male,41,Platinum,Lazada,Bangkok,1472,CallCenter,COD,23,4,2,0,40-50,49.06666666666667,2.0,0.0,0.0,-1,3,1726.48,0.15,0.5,0.0,0.0,2608.53,1,0,0.0,2608.53,1,0,0.0,3452.96,2,0,0.0,3452.96,2,0,0.0,1
LGS2ORD0013384,C013441,2025-04-17 00:00:00,Male,21,Gold,TV,Remote_Area,487,Shopee,COD,0,4,3,0,20-30,16.233333333333334,2.0,1.0,0.5,27,31,3727.09,0.33,0.5,1.0,0.0,0.0,0,0,0.0,0.0,0,0,0.0,7454.18,2,1,0.5,7454.18,2,1,0.5,1
LGS2ORD0013385,C016854,2025-04-17 00:00:00,Female,41,Silver,TV,Khon Kaen,133,Lazada,COD,0,4,3,0,40-50,4.433333333333334,0.0,0.0,0.0,-1,-1,0.0,0.0,0.0,0.0,0.0,0.0,0,0,0.0,0.0,0,0,0.0,0.0,0,0,0.0,0.0,0,0,0.0,0
LGS2ORD0013386,C014458,2025-04-17 00:00:00,Female,39,Silver,TV,Chonburi,1474,TV_Show,Bank_Transfer,0,4,3,0,30-40,49.13333333333333,1.0,1.0,1.0,62,80,2167.44,0.1,1.0,0.0,0.0,0.0,0,0,0.0,0.0,0,0,0.0,2167.44,1,1,1.0,2167.44,1,1,1.0,0
LGS2ORD0013387,C016147,2025-04-17 00:00:00,Female,61,Bronze,TV,Bangkok,772,CallCenter,COD,0,4,3,0,>50,25.733333333333334,2.0,0.0,0.0,-1,30,8134.34,0.18,0.5,0.0,0.0,0.0,0,0,0.0,0.0,0,0,0.0,16268.68,2,0,0.0,16268.68,2,0,0.0,0
LGS2ORD0013388,C017766,2025-04-17 00:00:00,Male,42,Bronze,TV,Chiang Mai,784,Web,COD,0,4,3,0,40-50,26.133333333333333,2.0,1.0,0.5,60,28,9931.225,0.23,1.0,0.5,0.0,0.0,0,0,0.0,17797.64,1,0,0.0,19862.45,2,1,0.5,19862.45,2,1,0.5,0
LGS2ORD0013389,C017688,2025-04-17 01:00:00,Female,30,Platinum,Web,Khon Kaen,739,Lazada,PromptPay,1,4,3,0,20-30,24.633333333333333,1.0,0.0,0.0,-1,54,18649.68,0.3,1.0,1.0,0.0,0.0,0,0,0.0,0.0,0,0,0.0,18649.68,1,0,0.0,18649.68,1,0,0.0,0
LGS2ORD0013390,C015224,2025-04-17 01:00:00,Female,30,Bronze,Web,Nakhon Ratchasima,413,Web,Bank_Transfer,1,4,3,0,20-30,13.766666666666667,4.0,0.0,0.0,-1,22,1831.52,0.23,0.75,0.5,0.0,0.0,0,0,0.0,2884.41,2,0,0.0,7326.08,4,0,0.0,7326.08,4,0,0.0,1
LGS2ORD0013391,C016523,2025-04-17 01:00:00,Female,20,Bronze,TV,Remote_Area,697,Lazada,COD,1,4,3,0,<20,23.233333333333334,2.0,1.0,0.5,37,37,5906.655,0.08,0.5,0.0,0.0,0.0,0,0,0.0,0.0,0,0,0.0,11813.31,2,1,0.5,11813.31,2,1,0.5,1
LGS2ORD0013392,C015411,2025-04-17 01:00:00,Female,36,Platinum,Shopee,Nakhon Ratchasima,1003,Web,Bank_Transfer,1,4,3,0,30-40,33.43333333333333,1.0,0.0,0.0,-1,37,8008.18,0.3,1.0,1.0,0.0,0.0,0,0,0.0,0.0,0,0,0.0,8008.18,1,0,0.0,8008.18,1,0,0.0,1
LGS2ORD0013393,C012016,2025-04-17 01:00:00,Male,32,Platinum,Web,Songkhla,871,Lazada,COD,1,4,3,0,30-40,29.033333333333335,1.0,0.0,0.0,-1,60,1431.36,0.1,1.0,0.0,0.0,0.0,0,0,0.0,0.0,0,0,0.0,1431.36,1,0,0.0,1431.36,1,0,0.0,1
LGS2ORD0013394,C010831,2025-04-17 02:00:00,Female,38,Silver,Web,Bangkok,1100,TV_Show,Credit_Card,2,4,3,0,30-40,36.666666666666664,0.0,0.0,0.0,-1,-1,0.0,0.0,0.0,0.0,0.0,0.0,0,0,0.0,0.0,0,0,0.0,0.0,0,0,0.0,0.0,0,0,0.0,0
LGS2ORD0013395,C012846,2025-04-17 02:00:00,Male,37,Silver,TV,Chonburi,767,Lazada,Credit_Card,2,4,3,0,30-40,25.566666666666666,2.0,0.0,0.0,-1,12,2067.675,0.15,0.5,0.0,0.0,0.0,0,0,0.0,2165.8,1,0,0.0,4135.35,2,0,0.0,4135.35,2,0,0.0,0
LGS2ORD0013396,C014924,2025-04-17 02:00:00,Female,50,Gold,TV,Phuket,1276,CallCenter,PromptPay,2,4,3,0,40-50,42.53333333333333,0.0,0.0,0.0,-1,-1,0.0,0.0,0.0,0.0,0.0,0.0,0,0,0.0,0.0,0,0,0.0,0.0,0,0,0.0,0.0,0,0,0.0,0
LGS2ORD0013397,C011455,2025-04-17 02:00:00,Female,45,Gold,Web,Phuket,1149,TV_Show,Credit_Card,2,4,3,0,40-50,38.3,1.0,0.0,0.0,-1,3,1237.95,0.08,1.0,0.0,0.0,1237.95,1,0,0.0,1237.95,1,0,0.0,1237.95,1,0,0.0,1237.95,1,0,0.0,1
LGS2ORD0013398,C011595,2025-04-17 02:00:00,Female,64,Bronze,TV,Bangkok,154,Web,Credit_Card,2,4,3,0,>50,5.133333333333334,2.0,0.0,0.0,-1,26,5397.975,0.13,0.0,0.0,0.0,0.0,0,0,0.0,551.59,1,0,0.0,551.59,1,0,0.0,10795.95,2,0,0.0,0
LGS2ORD0013399,C010075,2025-04-17 02:00:00,Female,37,Bronze,TV,Bangkok,828,CallCenter,COD,2,4,3,0,30-40,27.6,4.0,1.0,0.25,29,41,2351.39,0.18,0.75,0.0,0.0,0.0,0,0,0.0,0.0,0,0,0.0,9405.56,4,1,0.25,9405.56,4,1,0.25,0
LGS2ORD0013400,C016295,2025-04-17 03:00:00,Female,25,Silver,TV,Bangkok,348,Lazada,PromptPay,3,4,3,0,20-30,11.6,3.0,0.0,0.0,-1,70,4884.486666666667,0.3,0.3333333333333333,1.0,0.0,0.0,0,0,0.0,0.0,0,0,0.0,4988.87,2,0,0.0,14653.46,3,0,0.0,0
LGS2ORD0013401,C010312,2025-04-17 03:00:00,Male,39,Platinum,Web,Chiang Mai,1057,TV_Show,PromptPay,3,4,3,0,30-40,35.233333333333334,0.0,0.0,0.0,-1,-1,0.0,0.0,0.0,0.0,0.0,0.0,0,0,0.0,0.0,0,0,0.0,0.0,0,0,0.0,0.0,0,0,0.0,0
LGS2ORD0013402,C014131,2025-04-17 03:00:00,Female,51,Silver,Shopee,Bangkok,1341,Shopee,PromptPay,3,4,3,0,>50,44.7,2.0,1.0,0.5,18,11,1414.5500000000002,0.25,0.5,0.5,0.0,0.0,0,0,0.0,2829.1000000000004,2,1,0.5,2829.1000000000004,2,1,0.5,2829.1000000000004,2,1,0.5,0
LGS2ORD0013403,C016839,2025-04-17 03:00:00,Female,32,Silver,TV,Phuket,751,Web,COD,3,4,3,0,30-40,25.033333333333335,1.0,0.0,0.0,-1,105,1972.28,0.1,0.0,0.0,0.0,0.0,0,0,0.0,0.0,0,0,0.0,0.0,0,0,0.0,1972.28,1,0,0.0,1
LGS2ORD0013404,C015436,2025-04-17 03:00:00,Male,44,Silver,Lazada,Nakhon Ratchasima,1050,CallCenter,COD,3,4,3,0,40-50,35.0,2.0,0.0,0.0,-1,41,3038.24,0.25,0.5,0.5,0.0,0.0,0,0,0.0,0.0,0,0,0.0,6076.48,2,0,0.0,6076.48,2,0,0.0,0
LGS2ORD0013405,C011440,2025-04-17 04:00:00,Female,41,Bronze,Web,Khon Kaen,847,Web,COD,4,4,3,0,40-50,28.233333333333334,1.0,0.0,0.0,-1,72,1163.43,0.13,0.0,0.0,0.0,0.0,0,0,0.0,0.0,0,0,0.0,1163.43,1,0,0.0,1163.43,1,0,0.0,0
LGS2ORD0013406,C010302,2025-04-17 04:00:00,Female,35,Bronze,Shopee,Remote_Area,1330,TV_Show,COD,4,4,3,0,30-40,44.333333333333336,4.0,1.0,0.25,43,8,2703.785,0.23,0.25,0.25,0.0,0.0,0,0,0.0,4786.05,2,0,0.0,10815.14,4,1,0.25,10815.14,4,1,0.25,1
LGS2ORD0013407,C010380,2025-04-17 04:00:00,Male,37,Silver,CallCenter,Bangkok,1403,Shopee,Bank_Transfer,4,4,3,0,30-40,46.766666666666666,0.0,0.0,0.0,-1,-1,0.0,0.0,0.0,0.0,0.0,0.0,0,0,0.0,0.0,0,0,0.0,0.0,0,0,0.0,0.0,0,0,0.0,1
LGS2ORD0013408,C010967,2025-04-17 04:00:00,Female,31,Silver,Shopee,Nakhon Ratchasima,1278,TV_Show,COD,4,4,3,0,30-40,42.6,1.0,0.0,0.0,-1,82,3843.44,0.2,1.0,0.0,0.0,0.0,0,0,0.0,0.0,0,0,0.0,3843.44,1,0,0.0,3843.44,1,0,0.0,0
LGS2ORD0013409,C015596,2025-04-17 04:00:00,Female,29,Bronze,CallCenter,Bangkok,555,TV_Show,PromptPay,4,4,3,0,20-30,18.5,2.0,1.0,0.5,91,40,25001.915,0.23,0.0,0.5,0.0,0.0,0,0,0.0,0.0,0,0,0.0,34749.5,1,0,0.0,50003.83,2,1,0.5,0
LGS2ORD0013410,C015419,2025-04-17 05:00:00,Male,30,Platinum,TV,Bangkok,856,Lazada,Credit_Card,5,4,3,0,20-30,28.533333333333335,0.0,0.0,0.0,-1,-1,0.0,0.0,0.0,0.0,0.0,0.0,0,0,0.0,0.0,0,0,0.0,0.0,0,0,0.0,0.0,0,0,0.0,0
LGS2ORD0013411,C017007,2025-04-17 05:00:00,Male,39,Bronze,CallCenter,Chonburi,797,Web,Credit_Card,5,4,3,0,30-40,26.566666666666666,1.0,0.0,0.0,-1,47,534.99,0.13,1.0,0.0,0.0,0.0,0,0,0.0,0.0,0,0,0.0,534.99,1,0,0.0,534.99,1,0,0.0,0
LGS2ORD0013412,C013033,2025-04-17 05:00:00,Female,38,Silver,Web,Khon Kaen,753,TV_Show,COD,5,4,3,0,30-40,25.1,0.0,0.0,0.0,-1,-1,0.0,0.0,0.0,0.0,0.0,0.0,0,0,0.0,0.0,0,0,0.0,0.0,0,0,0.0,0.0,0,0,0.0,1
LGS2ORD0013413,C016726,2025-04-17 05:00:00,Female,51,Bronze,Lazada,Chiang Mai,1168,Shopee,Bank_Transfer,5,4,3,0,>50,38.93333333333333,1.0,0.0,0.0,-1,97,3775.25,0.13,0.0,0.0,0.0,0.0,0,0,0.0,0.0,0,0,0.0,0.0,0,0,0.0,3775.25,1,0,0.0,1
LGS2ORD0013414,C012022,2025-04-17 05:00:00,Male,37,Bronze,TV,Phuket,536,Shopee,PromptPay,5,4,3,0,30-40,17.866666666666667,0.0,0.0,0.0,-1,-1,0.0,0.0,0.0,0.0,0.0,0.0,0,0,0.0,0.0,0,0,0.0,0.0,0,0,0.0,0.0,0,0,0.0,1
LGS2ORD0013415,C012098,2025-04-17 06:00:00,Female,27,Gold,CallCenter,Chiang Mai,773,TV_Show,COD,6,4,3,0,20-30,25.766666666666666,0.0,0.0,0.0,-1,-1,0.0,0.0,0.0,0.0,0.0,0.0,0,0,0.0,0.0,0,0,0.0,0.0,0,0,0.0,0.0,0,0,0.0,0
LGS2ORD0013416,C016009,2025-04-17 06:00:00,Male,45,Bronze,TV,Chiang Mai,1501,TV_Show,COD,6,4,3,0,40-50,50.03333333333333,1.0,0.0,0.0,-1,49,2565.91,0.03,1.0,0.0,0.0,0.0,0,0,0.0,0.0,0,0,0.0,2565.91,1,0,0.0,2565.91,1,0,0.0,0
LGS2ORD0013417,C014511,2025-04-17 06:00:00,Male,36,Silver,Lazada,Remote_Area,1235,Lazada,Credit_Card,6,4,3,0,30-40,41.166666666666664,1.0,1.0,1.0,27,35,10662.12,0.05,0.0,0.0,0.0,0.0,0,0,0.0,0.0,0,0,0.0,10662.12,1,1,1.0,10662.12,1,1,1.0,0
LGS2ORD0013418,C014725,2025-04-17 06:00:00,Female,56,Silver,TV,Bangkok,275,TV_Show,COD,6,4,3,0,>50,9.166666666666666,1.0,1.0,1.0,34,52,6616.68,0.05,1.0,0.0,0.0,0.0,0,0,0.0,0.0,0,0,0.0,6616.68,1,1,1.0,6616.68,1,1,1.0,1
LGS2ORD0013419,C016761,2025-04-17 06:00:00,Female,53,Silver,Web,Khon Kaen,232,TV_Show,COD,6,4,3,0,>50,7.733333333333333,1.0,0.0,0.0,-1,76,1938.17,0.25,1.0,1.0,0.0,0.0,0,0,0.0,0.0,0,0,0.0,1938.17,1,0,0.0,1938.17,1,0,0.0,0
LGS2ORD0013420,C011000,2025-04-17 06:00:00,Female,31,Bronze,Shopee,Bangkok,326,Shopee,COD,6,4,3,0,30-40,10.866666666666667,7.0,3.0,0.42857142857142855,5,4,4758.418571428571,0.28,0.42857142857142855,0.42857142857142855,0.0,755.81,1,0,0.0,6382.700000000001,2,1,0.5,33308.93,7,3,0.42857142857142855,33308.93,7,3,0.42857142857142855,0
LGS2ORD0013421,C017381,2025-04-17 07:00:00,Male,35,Bronze,CallCenter,Khon Kaen,137,Web,COD,7,4,3,0,30-40,4.566666666666666,2.0,1.0,0.5,41,57,4940.9349999999995,0.08,0.5,0.0,0.0,0.0,0,0,0.0,0.0,0,0,0.0,9881.869999999999,2,1,0.5,9881.869999999999,2,1,0.5,0
LGS2ORD0013422,C015841,2025-04-17 07:00:00,Female,43,Bronze,TV,Remote_Area,311,TV_Show,Credit_Card,7,4,3,0,40-50,10.366666666666667,0.0,0.0,0.0,-1,-1,0.0,0.0,0.0,0.0,0.0,0.0,0,0,0.0,0.0,0,0,0.0,0.0,0,0,0.0,0.0,0,0,0.0,0
LGS2ORD0013423,C014112,2025-04-17 07:00:00,Male,31,Silver,Lazada,Bangkok,910,Lazada,COD,7,4,3,0,30-40,30.333333333333332,2.0,0.0,0.0,-1,70,2707.27,0.3,0.5,1.0,0.0,0.0,0,0,0.0,0.0,0,0,0.0,892.88,1,0,0.0,5414.54,2,0,0.0,0
LGS2ORD0013424,C010011,2025-04-17 07:00:00,Female,50,Gold,Shopee,Bangkok,1335,Lazada,Bank_Transfer,7,4,3,0,40-50,44.5,0.0,0.0,0.0,-1,-1,0.0,0.0,0.0,0.0,0.0,0.0,0,0,0.0,0.0,0,0,0.0,0.0,0,0,0.0,0.0,0,0,0.0,0
LGS2ORD0013425,C017441,2025-04-17 07:00:00,Female,45,Bronze,TV,Chiang Mai,172,TV_Show,COD,7,4,3,0,40-50,5.733333333333333,3.0,0.0,0.0,-1,65,1578.2,0.18,0.0,0.0,0.0,0.0,0,0,0.0,0.0,0,0,0.0,3485.29,2,0,0.0,4734.6,3,0,0.0,1
LGS2ORD0013426,C010340,2025-04-17 08:00:00,Male,53,Platinum,Shopee,Khon Kaen,1297,Shopee,COD,8,4,3,0,>50,43.233333333333334,4.0,1.0,0.25,27,9,1572.1425,0.15,1.0,0.0,0.0,0.0,0,0,0.0,2334.54,1,0,0.0,6288.57,4,1,0.25,6288.57,4,1,0.25,0
LGS2ORD0013427,C015199,2025-04-17 08:00:00,Male,52,Bronze,Shopee,Bangkok,443,Shopee,Credit_Card,8,4,3,0,>50,14.766666666666667,0.0,0.0,0.0,-1,-1,0.0,0.0,0.0,0.0,0.0,0.0,0,0,0.0,0.0,0,0,0.0,0.0,0,0,0.0,0.0,0,0,0.0,0
LGS2ORD0013428,C010154,2025-04-17 08:00:00,Female,41,Bronze,Shopee,Bangkok,395,CallCenter,Credit_Card,8,4,3,0,40-50,13.166666666666666,2.0,1.0,0.5,75,27,7503.695,0.18,0.5,0.0,0.0,0.0,0,0,0.0,7402.5,1,0,0.0,15007.39,2,1,0.5,15007.39,2,1,0.5,0
LGS2ORD0013429,C017793,2025-04-17 08:00:00,Male,44,Bronze,Lazada,Nakhon Ratchasima,1517,Shopee,COD,8,4,3,0,40-50,50.56666666666667,1.0,0.0,0.0,-1,60,835.79,0.18,0.0,0.0,0.0,0.0,0,0,0.0,0.0,0,0,0.0,835.79,1,0,0.0,835.79,1,0,0.0,0
LGS2ORD0013430,C015226,2025-04-17 08:00:00,Female,46,Bronze,TV,Songkhla,444,TV_Show,PromptPay,8,4,3,0,40-50,14.8,4.0,0.0,0.0,-1,4,18314.8275,0.23,0.75,0.25,0.0,5115.39,1,0,0.0,6364.83,2,0,0.0,31285.179999999997,3,0,0.0,73259.31,4,0,0.0,0
LGS2ORD0013431,C011627,2025-04-17 09:00:00,Female,40,Gold,Web,Bangkok,851,Lazada,PromptPay,9,4,3,0,30-40,28.366666666666667,1.0,0.0,0.0,-1,22,3341.2,0.13,0.0,0.0,0.0,0.0,0,0,0.0,3341.2,1,0,0.0,3341.2,1,0,0.0,3341.2,1,0,0.0,1
LGS2ORD0013432,C012539,2025-04-17 09:00:00,Male,61,Silver,Lazada,Chiang Mai,1381,Lazada,Bank_Transfer,9,4,3,0,>50,46.03333333333333,2.0,0.0,0.0,-1,1,2801.505,0.3,0.5,0.5,0.0,3527.44,1,0,0.0,3527.44,1,0,0.0,5603.01,2,0,0.0,5603.01,2,0,0.0,0
LGS2ORD0013433,C011296,2025-04-17 09:00:00,Male,40,Bronze,Lazada,Chonburi,972,TV_Show,COD,9,4,3,0,30-40,32.4,2.0,0.0,0.0,-1,69,3411.8050000000003,0.03,0.5,0.0,0.0,0.0,0,0,0.0,0.0,0,0,0.0,6823.610000000001,2,0,0.0,6823.610000000001,2,0,0.0,0
LGS2ORD0013434,C015610,2025-04-17 09:00:00,Male,52,Platinum,Shopee,Chonburi,490,TV_Show,PromptPay,9,4,3,0,>50,16.333333333333332,0.0,0.0,0.0,-1,-1,0.0,0.0,0.0,0.0,0.0,0.0,0,0,0.0,0.0,0,0,0.0,0.0,0,0,0.0,0.0,0,0,0.0,0
LGS2ORD0013435,C014505,2025-04-17 09:00:00,Female,30,Gold,Lazada,Bangkok,1105,Web,Credit_Card,9,4,3,0,20-30,36.833333333333336,5.0,0.0,0.0,-1,5,3897.594,0.28,0.6,0.2,0.0,2800.53,1,0,0.0,12308.220000000001,3,0,0.0,19487.97,5,0,0.0,19487.97,5,0,0.0,1
LGS2ORD0013436,C017851,2025-04-17 10:00:00,Male,56,Silver,Shopee,Bangkok,638,Shopee,Credit_Card,10,4,3,0,>50,21.266666666666666,1.0,1.0,1.0,53,68,2877.44,0.1,0.0,0.0,0.0,0.0,0,0,0.0,0.0,0,0,0.0,2877.44,1,1,1.0,2877.44,1,1,1.0,0
LGS2ORD0013437,C010819,2025-04-17 10:00:00,Female,30,Silver,Shopee,Bangkok,1099,TV_Show,COD,10,4,3,0,20-30,36.63333333333333,5.0,2.0,0.4,38,10,3467.3899999999994,0.25,0.4,0.6,0.0,0.0,0,0,0.0,5613.41,1,0,0.0,9222.89,3,1,0.3333333333333333,17336.949999999997,5,2,0.4,1
LGS2ORD0013438,C011522,2025-04-17 10:00:00,Male,53,Silver,TV,Khon Kaen,224,TV_Show,COD,10,4,3,0,>50,7.466666666666667,2.0,1.0,0.5,-4,3,5341.175,0.2,0.0,0.0,0.0,10682.35,2,1,0.5,10682.35,2,1,0.5,10682.35,2,1,0.5,10682.35,2,1,0.5,0
LGS2ORD0013439,C015247,2025-04-17 10:00:00,Female,25,Silver,CallCenter,Chonburi,1179,Web,PromptPay,10,4,3,0,20-30,39.3,4.0,0.0,0.0,-1,55,16634.8225,0.2,0.25,0.0,0.0,0.0,0,0,0.0,0.0,0,0,0.0,52488.13999999999,3,0,0.0,66539.29,4,0,0.0,0
LGS2ORD0013440,C016395,2025-04-17 10:00:00,Male,45,Bronze,Shopee,Nakhon Ratchasima,1002,CallCenter,Credit_Card,10,4,3,0,40-50,33.4,3.0,1.0,0.3333333333333333,31,7,3404.11,0.23,0.6666666666666666,0.6666666666666666,0.0,0.0,0,0,0.0,724.35,1,0,0.0,10212.33,3,1,0.3333333333333333,10212.33,3,1,0.3333333333333333,1
LGS2ORD0013441,C012719,2025-04-17 10:00:00,Male,62,Silver,Shopee,Chiang Mai,1229,Web,Credit_Card,10,4,3,0,>50,40.96666666666667,2.0,0.0,0.0,-1,14,11690.865,0.25,0.5,0.5,0.0,0.0,0,0,0.0,14311.72,1,0,0.0,14311.72,1,0,0.0,23381.73,2,0,0.0,0
LGS2ORD0013442,C013023,2025-04-17 11:00:00,Male,46,Platinum,TV,Bangkok,506,Web,COD,11,4,3,0,40-50,16.866666666666667,0.0,0.0,0.0,-1,-1,0.0,0.0,0.0,0.0,0.0,0.0,0,0,0.0,0.0,0,0,0.0,0.0,0,0,0.0,0.0,0,0,0.0,0
LGS2ORD0013443,C014450,2025-04-17 11:00:00,Male,40,Bronze,Web,Phuket,688,Web,COD,11,4,3,0,30-40,22.933333333333334,1.0,0.0,0.0,-1,79,1294.47,0.08,1.0,0.0,0.0,0.0,0,0,0.0,0.0,0,0,0.0,1294.47,1,0,0.0,1294.47,1,0,0.0,1
LGS2ORD0013444,C016050,2025-04-17 11:00:00,Female,24,Silver,Shopee,Chiang Mai,910,Web,PromptPay,11,4,3,0,20-30,30.333333333333332,0.0,0.0,0.0,-1,-1,0.0,0.0,0.0,0.0,0.0,0.0,0,0,0.0,0.0,0,0,0.0,0.0,0,0,0.0,0.0,0,0,0.0,0
LGS2ORD0013445,C011027,2025-04-17 11:00:00,Female,46,Bronze,CallCenter,Phuket,953,CallCenter,Credit_Card,11,4,3,0,40-50,31.766666666666666,2.0,1.0,0.5,13,7,6058.325,0.18,0.0,0.0,0.0,0.0,0,0,0.0,12116.65,2,1,0.5,12116.65,2,1,0.5,12116.65,2,1,0.5,0
LGS2ORD0013446,C013861,2025-04-17 11:00:00,Female,32,Platinum,Lazada,Chonburi,1144,Web,Credit_Card,11,4,3,0,30-40,38.13333333333333,1.0,0.0,0.0,-1,56,6442.7,0.1,1.0,0.0,0.0,0.0,0,0,0.0,0.0,0,0,0.0,6442.7,1,0,0.0,6442.7,1,0,0.0,1
LGS2ORD0013447,C015195,2025-04-17 12:00:00,Male,48,Gold,TV,Chonburi,380,Lazada,Credit_Card,12,4,3,0,40-50,12.666666666666666,1.0,0.0,0.0,-1,3,3709.08,0.13,0.0,0.0,0.0,3709.08,1,0,0.0,3709.08,1,0,0.0,3709.08,1,0,0.0,3709.08,1,0,0.0,0
LGS2ORD0013448,C014304,2025-04-17 12:00:00,Female,40,Platinum,Shopee,Bangkok,643,Shopee,COD,12,4,3,0,30-40,21.433333333333334,2.0,0.0,0.0,-1,103,4937.93,0.25,0.5,0.5,0.0,0.0,0,0,0.0,0.0,0,0,0.0,0.0,0,0,0.0,9875.86,2,0,0.0,1
LGS2ORD0013449,C016035,2025-04-17 12:00:00,Female,38,Silver,Lazada,Chonburi,1324,Shopee,Credit_Card,12,4,3,0,30-40,44.13333333333333,1.0,0.0,0.0,-1,90,7784.93,0.1,0.0,0.0,0.0,0.0,0,0,0.0,0.0,0,0,0.0,0.0,0,0,0.0,7784.93,1,0,0.0,0
LGS2ORD0013450,C017870,2025-04-17 12:00:00,Male,43,Bronze,TV,Chiang Mai,726,Shopee,COD,12,4,3,0,40-50,24.2,3.0,0.0,0.0,-1,52,8163.366666666666,0.28,0.0,0.3333333333333333,0.0,0.0,0,0,0.0,0.0,0,0,0.0,23423.25,2,0,0.0,24490.1,3,0,0.0,0
LGS2ORD0013451,C012490,2025-04-17 12:00:00,Female,52,Bronze,TV,Remote_Area,136,Web,COD,12,4,3,0,>50,4.533333333333333,2.0,0.0,0.0,-1,98,3667.13,0.08,0.0,0.0,0.0,0.0,0,0,0.0,0.0,0,0,0.0,0.0,0,0,0.0,7334.26,2,0,0.0,1
LGS2ORD0013452,C016518,2025-04-17 13:00:00,Female,30,Bronze,TV,Phuket,1077,Shopee,COD,13,4,3,0,20-30,35.9,3.0,1.0,0.3333333333333333,81,1,5116.796666666666,0.03,0.0,0.0,0.0,11839.97,1,0,0.0,11839.97,1,0,0.0,15350.39,3,1,0.3333333333333333,15350.39,3,1,0.3333333333333333,0
LGS2ORD0013453,C017248,2025-04-17 13:00:00,Female,72,Bronze,TV,Phuket,502,Shopee,COD,13,4,3,0,>50,16.733333333333334,3.0,0.0,0.0,-1,37,3613.683333333334,0.23,0.6666666666666666,0.3333333333333333,0.0,0.0,0,0,0.0,0.0,0,0,0.0,8985.11,2,0,0.0,10841.050000000001,3,0,0.0,1
LGS2ORD0013454,C011930,2025-04-17 13:00:00,Female,45,Bronze,TV,Bangkok,861,Shopee,COD,13,4,3,0,40-50,28.7,0.0,0.0,0.0,-1,-1,0.0,0.0,0.0,0.0,0.0,0.0,0,0,0.0,0.0,0,0,0.0,0.0,0,0,0.0,0.0,0,0,0.0,0
LGS2ORD0013455,C012336,2025-04-17 13:00:00,Female,38,Bronze,Lazada,Khon Kaen,693,TV_Show,Credit_Card,13,4,3,0,30-40,23.1,0.0,0.0,0.0,-1,-1,0.0,0.0,0.0,0.0,0.0,0.0,0,0,0.0,0.0,0,0,0.0,0.0,0,0,0.0,0.0,0,0,0.0,0
LGS2ORD0013456,C014396,2025-04-17 13:00:00,Male,37,Bronze,Shopee,Chiang Mai,1479,CallCenter,PromptPay,13,4,3,0,30-40,49.3,1.0,0.0,0.0,-1,29,4169.75,0.03,1.0,0.0,0.0,0.0,0,0,0.0,4169.75,1,0,0.0,4169.75,1,0,0.0,4169.75,1,0,0.0,0
LGS2ORD0013457,C010551,2025-04-17 13:00:00,Male,56,Bronze,Shopee,Chiang Mai,1140,Lazada,COD,13,4,3,0,>50,38.0,1.0,1.0,1.0,7,17,879.8,0.28,0.0,1.0,0.0,0.0,0,0,0.0,879.8,1,1,1.0,879.8,1,1,1.0,879.8,1,1,1.0,0
LGS2ORD0013458,C011735,2025-04-17 14:00:00,Female,28,Bronze,TV,Bangkok,792,TV_Show,Bank_Transfer,14,4,3,0,20-30,26.4,1.0,1.0,1.0,87,90,1373.12,0.13,0.0,0.0,0.0,0.0,0,0,0.0,0.0,0,0,0.0,0.0,0,0,0.0,1373.12,1,1,1.0,0
LGS2ORD0013459,C012252,2025-04-17 14:00:00,Female,35,Bronze,TV,Bangkok,858,TV_Show,COD,14,4,3,0,30-40,28.6,3.0,0.0,0.0,-1,11,940.1033333333334,0.23,0.6666666666666666,0.3333333333333333,0.0,0.0,0,0,0.0,2820.31,3,0,0.0,2820.31,3,0,0.0,2820.31,3,0,0.0,1
LGS2ORD0013460,C014672,2025-04-17 14:00:00,Female,39,Bronze,Shopee,Chiang Mai,1532,TV_Show,COD,14,4,3,0,30-40,51.06666666666667,4.0,2.0,0.5,-4,9,9195.925,0.18,0.5,0.0,0.0,0.0,0,0,0.0,32747.7,2,1,0.5,36048.55,3,2,0.6666666666666666,36783.7,4,2,0.5,0
LGS2ORD0013461,C017198,2025-04-17 14:00:00,Male,51,Bronze,Shopee,Chonburi,1382,Web,COD,14,4,3,0,>50,46.06666666666667,1.0,0.0,0.0,-1,64,17484.58,0.18,0.0,0.0,0.0,0.0,0,0,0.0,0.0,0,0,0.0,17484.58,1,0,0.0,17484.58,1,0,0.0,0
LGS2ORD0013462,C013734,2025-04-17 14:00:00,Other,50,Bronze,TV,Khon Kaen,1490,Lazada,Credit_Card,14,4,3,0,40-50,49.666666666666664,0.0,0.0,0.0,-1,-1,0.0,0.0,0.0,0.0,0.0,0.0,0,0,0.0,0.0,0,0,0.0,0.0,0,0,0.0,0.0,0,0,0.0,0
LGS2ORD0013463,C012027,2025-04-17 15:00:00,Female,41,Bronze,Shopee,Bangkok,1262,Web,Bank_Transfer,15,4,3,0,40-50,42.06666666666667,3.0,1.0,0.3333333333333333,45,48,9900.07,0.28,0.6666666666666666,0.6666666666666666,0.0,0.0,0,0,0.0,0.0,0,0,0.0,29700.21,3,1,0.3333333333333333,29700.21,3,1,0.3333333333333333,0
LGS2ORD0013464,C016948,2025-04-17 15:00:00,Male,37,Bronze,Lazada,Bangkok,792,TV_Show,COD,15,4,3,0,30-40,26.4,2.0,0.0,0.0,-1,50,2726.105,0.23,0.0,0.5,0.0,0.0,0,0,0.0,0.0,0,0,0.0,411.38,1,0,0.0,5452.21,2,0,0.0,0
LGS2ORD0013465,C011628,2025-04-17 15:00:00,Male,51,Bronze,Shopee,Bangkok,1361,Shopee,PromptPay,15,4,3,0,>50,45.36666666666667,1.0,1.0,1.0,7,21,766.46,0.28,1.0,1.0,0.0,0.0,0,0,0.0,766.46,1,1,1.0,766.46,1,1,1.0,766.46,1,1,1.0,0
LGS2ORD0013466,C013808,2025-04-17 15:00:00,Female,34,Bronze,Shopee,Bangkok,960,TV_Show,Credit_Card,15,4,3,0,30-40,32.0,1.0,0.0,0.0,-1,48,2909.32,0.28,0.0,1.0,0.0,0.0,0,0,0.0,0.0,0,0,0.0,2909.32,1,0,0.0,2909.32,1,0,0.0,0
LGS2ORD0013467,C012768,2025-04-17 15:00:00,Female,36,Bronze,Shopee,Bangkok,1327,Shopee,COD,15,4,3,0,30-40,44.233333333333334,2.0,0.0,0.0,-1,36,2914.7850000000003,0.13,1.0,0.0,0.0,0.0,0,0,0.0,0.0,0,0,0.0,5829.570000000001,2,0,0.0,5829.570000000001,2,0,0.0,0
LGS2ORD0013468,C010963,2025-04-17 16:00:00,Male,31,Silver,Web,Bangkok,438,Shopee,COD,16,4,3,0,30-40,14.6,2.0,0.0,0.0,-1,1,3556.505,0.25,1.0,0.5,0.0,4347.0,1,0,0.0,4347.0,1,0,0.0,7113.01,2,0,0.0,7113.01,2,0,0.0,0
LGS2ORD0013469,C013391,2025-04-17 16:00:00,Male,37,Platinum,Web,Bangkok,1286,CallCenter,PromptPay,16,4,3,0,30-40,42.86666666666667,1.0,0.0,0.0,-1,21,1655.41,0.25,0.0,1.0,0.0,0.0,0,0,0.0,1655.41,1,0,0.0,1655.41,1,0,0.0,1655.41,1,0,0.0,0
LGS2ORD0013470,C011180,2025-04-17 16:00:00,Male,55,Bronze,Web,Nakhon Ratchasima,812,TV_Show,COD,16,4,3,0,>50,27.066666666666666,1.0,0.0,0.0,-1,93,1685.59,0.28,1.0,1.0,0.0,0.0,0,0,0.0,0.0,0,0,0.0,0.0,0,0,0.0,1685.59,1,0,0.0,0
LGS2ORD0013471,C014122,2025-04-17 16:00:00,Female,32,Bronze,Shopee,Bangkok,1102,TV_Show,COD,16,4,3,0,30-40,36.733333333333334,1.0,0.0,0.0,-1,5,11411.33,0.13,0.0,0.0,0.0,11411.33,1,0,0.0,11411.33,1,0,0.0,11411.33,1,0,0.0,11411.33,1,0,0.0,0
LGS2ORD0013472,C011989,2025-04-17 16:00:00,Male,32,Bronze,TV,Phuket,1152,Lazada,COD,16,4,3,0,30-40,38.4,3.0,1.0,0.3333333333333333,77,7,10750.976666666667,0.18,0.3333333333333333,0.0,0.0,0.0,0,0,0.0,8426.43,1,0,0.0,32252.93,3,1,0.3333333333333333,32252.93,3,1,0.3333333333333333,0
LGS2ORD0013473,C012181,2025-04-17 17:00:00,Female,47,Silver,Lazada,Bangkok,932,Shopee,PromptPay,17,4,3,0,40-50,31.066666666666666,1.0,0.0,0.0,-1,52,14320.31,0.15,0.0,0.0,0.0,0.0,0,0,0.0,0.0,0,0,0.0,14320.31,1,0,0.0,14320.31,1,0,0.0,0
LGS2ORD0013474,C014433,2025-04-17 17:00:00,Female,69,Bronze,TV,Bangkok,376,Shopee,PromptPay,17,4,3,0,>50,12.533333333333333,3.0,1.0,0.3333333333333333,-1,12,2535.8166666666666,0.28,0.6666666666666666,0.3333333333333333,0.0,0.0,0,0,0.0,2012.57,1,1,1.0,3500.49,2,1,0.5,7607.45,3,1,0.3333333333333333,0
LGS2ORD0013475,C016693,2025-04-17 17:00:00,Male,45,Platinum,Lazada,Bangkok,1486,Web,COD,17,4,3,0,40-50,49.53333333333333,1.0,0.0,0.0,-1,96,831.4,0.1,0.0,0.0,0.0,0.0,0,0,0.0,0.0,0,0,0.0,0.0,0,0,0.0,831.4,1,0,0.0,0
LGS2ORD0013476,C013852,2025-04-17 17:00:00,Male,51,Bronze,TV,Chonburi,1457,Lazada,Credit_Card,17,4,3,0,>50,48.56666666666667,4.0,2.0,0.5,39,42,2252.9674999999997,0.28,0.75,0.5,0.0,0.0,0,0,0.0,0.0,0,0,0.0,9011.869999999999,4,2,0.5,9011.869999999999,4,2,0.5,0
LGS2ORD0013477,C016117,2025-04-17 17:00:00,Female,55,Bronze,TV,Nakhon Ratchasima,1105,Lazada,COD,17,4,3,0,>50,36.833333333333336,1.0,1.0,1.0,36,41,4100.96,0.23,0.0,1.0,0.0,0.0,0,0,0.0,0.0,0,0,0.0,4100.96,1,1,1.0,4100.96,1,1,1.0,1
LGS2ORD0013478,C011713,2025-04-17 17:00:00,Male,57,Platinum,Shopee,Khon Kaen,669,Shopee,Credit_Card,17,4,3,0,>50,22.3,4.0,3.0,0.75,0,14,9536.025000000001,0.25,0.5,0.75,0.0,0.0,0,0,0.0,6398.91,1,1,1.0,28749.19,3,2,0.6666666666666666,38144.100000000006,4,3,0.75,0
LGS2ORD0013479,C011729,2025-04-17 18:00:00,Female,55,Gold,Web,Chonburi,1154,Shopee,Bank_Transfer,18,4,3,0,>50,38.46666666666667,2.0,0.0,0.0,-1,9,3187.685,0.2299999999999999,0.5,0.5,0.0,0.0,0,0,0.0,6375.37,2,0,0.0,6375.37,2,0,0.0,6375.37,2,0,0.0,0
LGS2ORD0013480,C011990,2025-04-17 18:00:00,Female,51,Bronze,TV,Songkhla,722,Shopee,COD,18,4,3,0,>50,24.066666666666666,1.0,0.0,0.0,-1,59,1224.66,0.18,0.0,0.0,0.0,0.0,0,0,0.0,0.0,0,0,0.0,1224.66,1,0,0.0,1224.66,1,0,0.0,0
LGS2ORD0013481,C012683,2025-04-17 18:00:00,Male,61,Silver,Web,Phuket,876,CallCenter,Credit_Card,18,4,3,0,>50,29.2,3.0,1.0,0.3333333333333333,76,5,4673.143333333333,0.3,0.6666666666666666,0.3333333333333333,0.0,11750.58,2,0,0.0,11750.58,2,0,0.0,14019.43,3,1,0.3333333333333333,14019.43,3,1,0.3333333333333333,0
LGS2ORD0013482,C012868,2025-04-17 18:00:00,Female,58,Platinum,TV,Phuket,193,Shopee,Bank_Transfer,18,4,3,0,>50,6.433333333333334,3.0,1.0,0.3333333333333333,41,10,7434.123333333334,0.25,0.6666666666666666,0.6666666666666666,0.0,0.0,0,0,0.0,18985.79,1,0,0.0,22302.370000000003,3,1,0.3333333333333333,22302.370000000003,3,1,0.3333333333333333,0
LGS2ORD0013483,C012431,2025-04-17 18:00:00,Female,31,Platinum,TV,Chonburi,374,TV_Show,COD,18,4,3,0,30-40,12.466666666666667,0.0,0.0,0.0,-1,-1,0.0,0.0,0.0,0.0,0.0,0.0,0,0,0.0,0.0,0,0,0.0,0.0,0,0,0.0,0.0,0,0,0.0,0
LGS2ORD0013484,C014521,2025-04-17 19:00:00,Female,61,Bronze,Lazada,Bangkok,657,CallCenter,COD,19,4,3,0,>50,21.9,4.0,3.0,0.75,9,4,4716.12,0.18,1.0,0.0,0.0,7559.71,1,0,0.0,11142.68,2,1,0.5,18864.48,4,3,0.75,18864.48,4,3,0.75,0
LGS2ORD0013485,C015256,2025-04-17 19:00:00,Male,25,Gold,Lazada,Chonburi,999,CallCenter,COD,19,4,3,0,20-30,33.3,0.0,0.0,0.0,-1,-1,0.0,0.0,0.0,0.0,0.0,0.0,0,0,0.0,0.0,0,0,0.0,0.0,0,0,0.0,0.0,0,0,0.0,0
LGS2ORD0013486,C015369,2025-04-17 19:00:00,Female,34,Bronze,Web,Remote_Area,1299,CallCenter,Credit_Card,19,4,3,0,30-40,43.3,0.0,0.0,0.0,-1,-1,0.0,0.0,0.0,0.0,0.0,0.0,0,0,0.0,0.0,0,0,0.0,0.0,0,0,0.0,0.0,0,0,0.0,0
LGS2ORD0013487,C012281,2025-04-17 19:00:00,Male,44,Platinum,Lazada,Songkhla,1418,Lazada,COD,19,4,3,0,40-50,47.266666666666666,1.0,0.0,0.0,-1,46,3150.76,0.2,0.0,0.0,0.0,0.0,0,0,0.0,0.0,0,0,0.0,3150.76,1,0,0.0,3150.76,1,0,0.0,0
LGS2ORD0013488,C012441,2025-04-17 19:00:00,Female,56,Bronze,Web,Songkhla,219,TV_Show,Bank_Transfer,19,4,3,0,>50,7.3,1.0,0.0,0.0,-1,78,259.84,0.13,1.0,0.0,0.0,0.0,0,0,0.0,0.0,0,0,0.0,259.84,1,0,0.0,259.84,1,0,0.0,0
LGS2ORD0013489,C011582,2025-04-17 20:00:00,Female,36,Bronze,Web,Khon Kaen,327,CallCenter,COD,20,4,3,0,30-40,10.9,2.0,0.0,0.0,-1,9,2706.815,0.18,0.5,0.0,0.0,0.0,0,0,0.0,958.32,1,0,0.0,5413.63,2,0,0.0,5413.63,2,0,0.0,0
LGS2ORD0013490,C014547,2025-04-17 20:00:00,Female,30,Bronze,TV,Chonburi,730,Lazada,COD,20,4,3,0,20-30,24.333333333333332,2.0,1.0,0.5,90,10,3918.645,0.18,1.0,0.0,0.0,0.0,0,0,0.0,6955.8,1,0,0.0,6955.8,1,0,0.0,7837.29,2,1,0.5,0
LGS2ORD0013491,C014593,2025-04-17 20:00:00,Male,38,Bronze,TV,Chiang Mai,1492,Shopee,Bank_Transfer,20,4,3,0,30-40,49.733333333333334,2.0,0.0,0.0,-1,7,12071.65,0.13,1.0,0.0,0.0,0.0,0,0,0.0,23949.29,1,0,0.0,24143.3,2,0,0.0,24143.3,2,0,0.0,0
LGS2ORD0013492,C010395,2025-04-17 20:00:00,Female,42,Bronze,TV,Phuket,1427,TV_Show,PromptPay,20,4,3,0,40-50,47.56666666666667,2.0,1.0,0.5,40,49,8261.785,0.28,0.5,0.5,0.0,0.0,0,0,0.0,0.0,0,0,0.0,16523.57,2,1,0.5,16523.57,2,1,0.5,0
LGS2ORD0013493,C014246,2025-04-17 20:00:00,Male,34,Silver,TV,Phuket,1323,Lazada,COD,20,4,3,0,30-40,44.1,2.0,2.0,1.0,-8,2,3210.645,0.2,0.5,0.0,0.0,5159.15,1,1,1.0,5159.15,1,1,1.0,6421.29,2,2,1.0,6421.29,2,2,1.0,1
LGS2ORD0013494,C010211,2025-04-17 21:00:00,Male,29,Bronze,Web,Nakhon Ratchasima,237,CallCenter,COD,21,4,3,0,20-30,7.9,2.0,1.0,0.5,2,8,2519.41,0.13,0.0,0.0,0.0,0.0,0,0,0.0,5038.82,2,1,0.5,5038.82,2,1,0.5,5038.82,2,1,0.5,0
LGS2ORD0013495,C012489,2025-04-17 21:00:00,Male,45,Gold,TV,Phuket,998,Shopee,PromptPay,21,4,3,0,40-50,33.266666666666666,0.0,0.0,0.0,-1,-1,0.0,0.0,0.0,0.0,0.0,0.0,0,0,0.0,0.0,0,0,0.0,0.0,0,0,0.0,0.0,0,0,0.0,0
LGS2ORD0013496,C012463,2025-04-17 21:00:00,Female,44,Platinum,TV,Khon Kaen,260,Shopee,PromptPay,21,4,3,0,40-50,8.666666666666666,3.0,0.0,0.0,-1,22,8616.023333333333,0.2,0.6666666666666666,0.0,0.0,0.0,0,0,0.0,23126.97,2,0,0.0,25848.07,3,0,0.0,25848.07,3,0,0.0,0
LGS2ORD0013497,C015567,2025-04-17 21:00:00,Female,72,Bronze,Shopee,Chonburi,1283,TV_Show,PromptPay,21,4,3,0,>50,42.766666666666666,3.0,1.0,0.3333333333333333,92,26,2595.8800000000006,0.18,0.6666666666666666,0.0,0.0,0.0,0,0,0.0,2104.35,1,0,0.0,3572.75,2,0,0.0,7787.640000000001,3,1,0.3333333333333333,0
LGS2ORD0013498,C016935,2025-04-17 21:00:00,Male,39,Silver,Web,Nakhon Ratchasima,460,Web,Credit_Card,21,4,3,0,30-40,15.333333333333334,1.0,0.0,0.0,-1,106,862.18,0.3,1.0,1.0,0.0,0.0,0,0,0.0,0.0,0,0,0.0,0.0,0,0,0.0,862.18,1,0,0.0,1
LGS2ORD0013499,C017430,2025-04-17 21:00:00,Female,51,Silver,CallCenter,Remote_Area,1130,Lazada,Bank_Transfer,21,4,3,0,>50,37.666666666666664,2.0,1.0,0.5,52,59,1920.3600000000001,0.05,1.0,0.0,0.0,0.0,0,0,0.0,0.0,0,0,0.0,753.44,1,1,1.0,3840.7200000000003,2,1,0.5,0
LGS2ORD0013500,C017378,2025-04-17 22:00:00,Male,36,Bronze,CallCenter,Chonburi,769,CallCenter,Credit_Card,22,4,3,0,30-40,25.633333333333333,5.0,0.0,0.0,-1,1,8213.494,0.23,0.8,0.2,0.0,26400.19,1,0,0.0,29487.62,2,0,0.0,37432.96,4,0,0.0,41067.47,5,0,0.0,0
LGS2ORD0013501,C012994,2025-04-17 22:00:00,Male,28,Bronze,TV,Nakhon Ratchasima,322,Web,Credit_Card,22,4,3,0,20-30,10.733333333333333,4.0,1.0,0.25,62,51,3196.0375,0.23,1.0,0.25,0.0,0.0,0,0,0.0,0.0,0,0,0.0,7382.31,3,1,0.3333333333333333,12784.15,4,1,0.25,1
LGS2ORD0013502,C010214,2025-04-17 22:00:00,Male,44,Silver,Web,Nakhon Ratchasima,642,Web,PromptPay,22,4,3,0,40-50,21.4,2.0,2.0,1.0,-8,5,6863.475,0.3,0.5,0.5,0.0,1964.86,1,1,1.0,1964.86,1,1,1.0,13726.95,2,2,1.0,13726.95,2,2,1.0,0
LGS2ORD0013503,C015080,2025-04-17 22:00:00,Female,42,Bronze,Shopee,Songkhla,485,CallCenter,COD,22,4,3,0,40-50,16.166666666666668,0.0,0.0,0.0,-1,-1,0.0,0.0,0.0,0.0,0.0,0.0,0,0,0.0,0.0,0,0,0.0,0.0,0,0,0.0,0.0,0,0,0.0,1
LGS2ORD0013504,C017298,2025-04-17 22:00:00,Female,36,Silver,Lazada,Nakhon Ratchasima,817,Web,COD,22,4,3,0,30-40,27.233333333333334,1.0,0.0,0.0,-1,18,1764.46,0.05,0.0,0.0,0.0,0.0,0,0,0.0,1764.46,1,0,0.0,1764.46,1,0,0.0,1764.46,1,0,0.0,0
LGS2ORD0013505,C017749,2025-04-17 23:00:00,Male,40,Gold,Web,Khon Kaen,1406,Lazada,COD,23,4,3,0,30-40,46.86666666666667,1.0,0.0,0.0,-1,29,4056.95,0.13,0.0,0.0,0.0,0.0,0,0,0.0,4056.95,1,0,0.0,4056.95,1,0,0.0,4056.95,1,0,0.0,0
LGS2ORD0013506,C013240,2025-04-17 23:00:00,Male,62,Gold,TV,Songkhla,1358,TV_Show,Credit_Card,23,4,3,0,>50,45.266666666666666,3.0,1.0,0.3333333333333333,68,58,6573.446666666667,0.33,0.3333333333333333,0.6666666666666666,0.0,0.0,0,0,0.0,0.0,0,0,0.0,19720.34,3,1,0.3333333333333333,19720.34,3,1,0.3333333333333333,0
LGS2ORD0013507,C011252,2025-04-17 23:00:00,Female,32,Silver,TV,Bangkok,347,CallCenter,COD,23,4,3,0,30-40,11.566666666666666,2.0,1.0,0.5,92,86,6437.715,0.25,1.0,0.5,0.0,0.0,0,0,0.0,0.0,0,0,0.0,11181.99,1,0,0.0,12875.43,2,1,0.5,1
LGS2ORD0013508,C010777,2025-04-17 23:00:00,Female,36,Platinum,Web,Phuket,530,Web,COD,23,4,3,0,30-40,17.666666666666668,1.0,0.0,0.0,-1,23,1915.11,0.25,1.0,1.0,0.0,0.0,0,0,0.0,1915.11,1,0,0.0,1915.11,1,0,0.0,1915.11,1,0,0.0,0
LGS2ORD0013509,C012353,2025-04-17 23:00:00,Female,72,Bronze,Shopee,Remote_Area,1248,TV_Show,COD,23,4,3,0,>50,41.6,5.0,1.0,0.2,93,20,3453.136,0.18,0.4,0.0,0.0,0.0,0,0,0.0,4622.43,1,0,0.0,7532.66,2,0,0.0,17265.68,5,1,0.2,0
LGS2ORD0013510,C013618,2025-04-18 00:00:00,Male,18,Platinum,Web,Chiang Mai,268,TV_Show,Credit_Card,0,4,4,0,<20,8.933333333333334,1.0,1.0,1.0,91,100,3949.91,0.25,0.0,1.0,0.0,0.0,0,0,0.0,0.0,0,0,0.0,0.0,0,0,0.0,3949.91,1,1,1.0,0
LGS2ORD0013511,C012859,2025-04-18 00:00:00,Male,72,Bronze,Web,Nakhon Ratchasima,1086,TV_Show,Credit_Card,0,4,4,0,>50,36.2,4.0,0.0,0.0,-1,9,5680.0575,0.18,0.75,0.0,0.0,0.0,0,0,0.0,1830.63,1,0,0.0,22720.23,4,0,0.0,22720.23,4,0,0.0,0
LGS2ORD0013512,C010372,2025-04-18 00:00:00,Male,52,Platinum,TV,Khon Kaen,259,CallCenter,PromptPay,0,4,4,0,>50,8.633333333333333,0.0,0.0,0.0,-1,-1,0.0,0.0,0.0,0.0,0.0,0.0,0,0,0.0,0.0,0,0,0.0,0.0,0,0,0.0,0.0,0,0,0.0,0
LGS2ORD0013513,C014869,2025-04-18 00:00:00,Female,50,Bronze,Lazada,Chonburi,222,TV_Show,COD,0,4,4,0,40-50,7.4,3.0,1.0,0.3333333333333333,43,57,3064.096666666667,0.18,0.6666666666666666,0.0,0.0,0.0,0,0,0.0,0.0,0,0,0.0,2153.49,2,1,0.5,9192.29,3,1,0.3333333333333333,0
LGS2ORD0013514,C014844,2025-04-18 00:00:00,Female,40,Gold,Web,Bangkok,509,Shopee,COD,0,4,4,0,30-40,16.966666666666665,3.0,0.0,0.0,-1,83,4278.23,0.28,0.6666666666666666,0.3333333333333333,0.0,0.0,0,0,0.0,0.0,0,0,0.0,5619.8099999999995,2,0,0.0,12834.689999999999,3,0,0.0,0
LGS2ORD0013515,C011125,2025-04-18 01:00:00,Other,64,Bronze,TV,Remote_Area,1311,Lazada,COD,1,4,4,0,>50,43.7,1.0,0.0,0.0,-1,35,14491.03,0.23,0.0,1.0,0.0,0.0,0,0,0.0,0.0,0,0,0.0,14491.03,1,0,0.0,14491.03,1,0,0.0,1
LGS2ORD0013516,C012040,2025-04-18 01:00:00,Male,42,Bronze,Shopee,Songkhla,1238,TV_Show,PromptPay,1,4,4,0,40-50,41.266666666666666,3.0,0.0,0.0,-1,19,3352.373333333333,0.13,0.3333333333333333,0.0,0.0,0.0,0,0,0.0,1028.58,1,0,0.0,10057.119999999999,3,0,0.0,10057.119999999999,3,0,0.0,1
LGS2ORD0013517,C010713,2025-04-18 01:00:00,Male,55,Bronze,TV,Remote_Area,683,TV_Show,Credit_Card,1,4,4,0,>50,22.766666666666666,0.0,0.0,0.0,-1,-1,0.0,0.0,0.0,0.0,0.0,0.0,0,0,0.0,0.0,0,0,0.0,0.0,0,0,0.0,0.0,0,0,0.0,1
LGS2ORD0013518,C010673,2025-04-18 01:00:00,Male,47,Silver,Lazada,Chiang Mai,1471,Lazada,COD,1,4,4,0,40-50,49.03333333333333,1.0,1.0,1.0,29,43,1538.73,0.1,0.0,0.0,0.0,0.0,0,0,0.0,0.0,0,0,0.0,1538.73,1,1,1.0,1538.73,1,1,1.0,0
LGS2ORD0013519,C015216,2025-04-18 01:00:00,Female,45,Bronze,TV,Chiang Mai,721,Shopee,PromptPay,1,4,4,0,40-50,24.033333333333335,2.0,0.0,0.0,-1,41,5441.55,0.23,0.5,0.5,0.0,0.0,0,0,0.0,0.0,0,0,0.0,10883.1,2,0,0.0,10883.1,2,0,0.0,0
LGS2ORD0013520,C011131,2025-04-18 01:00:00,Female,42,Bronze,TV,Remote_Area,1324,Shopee,PromptPay,1,4,4,0,40-50,44.13333333333333,3.0,0.0,0.0,-1,38,2737.103333333333,0.28,0.6666666666666666,0.3333333333333333,0.0,0.0,0,0,0.0,0.0,0,0,0.0,8211.31,3,0,0.0,8211.31,3,0,0.0,0
LGS2ORD0013521,C013878,2025-04-18 02:00:00,Male,31,Gold,TV,Chiang Mai,991,Web,Credit_Card,2,4,4,0,30-40,33.03333333333333,3.0,0.0,0.0,-1,18,6461.2699999999995,0.33,0.3333333333333333,0.3333333333333333,0.0,0.0,0,0,0.0,643.48,1,0,0.0,19383.809999999998,3,0,0.0,19383.809999999998,3,0,0.0,0
LGS2ORD0013522,C014485,2025-04-18 02:00:00,Female,44,Bronze,TV,Khon Kaen,651,Web,COD,2,4,4,0,40-50,21.7,2.0,0.0,0.0,-1,85,4005.065,0.23,1.0,0.5,0.0,0.0,0,0,0.0,0.0,0,0,0.0,7237.04,1,0,0.0,8010.13,2,0,0.0,1
LGS2ORD0013523,C010193,2025-04-18 02:00:00,Female,50,Silver,TV,Chiang Mai,887,TV_Show,COD,2,4,4,0,40-50,29.566666666666666,2.0,1.0,0.5,29,3,4184.145,0.2,0.5,0.0,0.0,6414.58,1,0,0.0,6414.58,1,0,0.0,8368.29,2,1,0.5,8368.29,2,1,0.5,0
LGS2ORD0013524,C012554,2025-04-18 02:00:00,Female,54,Bronze,Shopee,Chonburi,1461,Lazada,Credit_Card,2,4,4,0,>50,48.7,1.0,1.0,1.0,52,63,2829.58,0.03,1.0,0.0,0.0,0.0,0,0,0.0,0.0,0,0,0.0,2829.58,1,1,1.0,2829.58,1,1,1.0,0
LGS2ORD0013525,C010078,2025-04-18 02:00:00,Female,55,Bronze,CallCenter,Songkhla,586,Web,COD,2,4,4,0,>50,19.533333333333335,4.0,3.0,0.75,35,10,2270.6025,0.18,0.25,0.0,0.0,0.0,0,0,0.0,3944.35,1,0,0.0,7954.4,3,2,0.6666666666666666,9082.41,4,3,0.75,1
LGS2ORD0013526,C017930,2025-04-18 03:00:00,Other,67,Bronze,TV,Khon Kaen,1374,Lazada,COD,3,4,4,0,>50,45.8,1.0,1.0,1.0,0,8,23462.66,0.18,1.0,0.0,0.0,0.0,0,0,0.0,23462.66,1,1,1.0,23462.66,1,1,1.0,23462.66,1,1,1.0,1
LGS2ORD0013527,C016524,2025-04-18 03:00:00,Female,64,Platinum,CallCenter,Bangkok,1457,Web,COD,3,4,4,0,>50,48.56666666666667,4.0,2.0,0.5,72,25,6126.049999999999,0.3,0.75,0.5,0.0,0.0,0,0,0.0,18760.12,1,0,0.0,20474.489999999998,3,1,0.3333333333333333,24504.199999999997,4,2,0.5,0
LGS2ORD0013528,C017905,2025-04-18 03:00:00,Male,38,Bronze,Shopee,Songkhla,1001,Shopee,Bank_Transfer,3,4,4,0,30-40,33.36666666666667,2.0,0.0,0.0,-1,19,3017.625,0.08,0.5,0.0,0.0,0.0,0,0,0.0,4290.98,1,0,0.0,4290.98,1,0,0.0,6035.25,2,0,0.0,1
LGS2ORD0013529,C011385,2025-04-18 03:00:00,Female,57,Bronze,TV,Bangkok,145,TV_Show,COD,3,4,4,0,>50,4.833333333333333,2.0,0.0,0.0,-1,3,7780.0,0.23,0.5,0.5,0.0,10331.93,1,0,0.0,15560.0,2,0,0.0,15560.0,2,0,0.0,15560.0,2,0,0.0,0
LGS2ORD0013530,C014082,2025-04-18 03:00:00,Male,72,Bronze,CallCenter,Remote_Area,1051,Web,Credit_Card,3,4,4,0,>50,35.03333333333333,2.0,0.0,0.0,-1,7,2136.4049999999997,0.13,0.0,0.0,0.0,0.0,0,0,0.0,3021.97,1,0,0.0,4272.8099999999995,2,0,0.0,4272.8099999999995,2,0,0.0,0
LGS2ORD0013531,C016692,2025-04-18 04:00:00,Female,60,Gold,Lazada,Chiang Mai,394,Shopee,COD,4,4,4,0,>50,13.133333333333333,3.0,1.0,0.3333333333333333,9,18,13119.200000000003,0.18,0.3333333333333333,0.0,0.0,0.0,0,0,0.0,38037.880000000005,2,1,0.5,39357.600000000006,3,1,0.3333333333333333,39357.600000000006,3,1,0.3333333333333333,1
LGS2ORD0013532,C017542,2025-04-18 04:00:00,Female,45,Bronze,TV,Chiang Mai,179,TV_Show,COD,4,4,4,0,40-50,5.966666666666667,4.0,1.0,0.25,65,24,8681.565,0.18,0.75,0.0,0.0,0.0,0,0,0.0,2228.51,1,0,0.0,34726.26,4,1,0.25,34726.26,4,1,0.25,0
LGS2ORD0013533,C012860,2025-04-18 04:00:00,Female,29,Silver,Shopee,Chonburi,1394,Shopee,Credit_Card,4,4,4,0,20-30,46.46666666666667,0.0,0.0,0.0,-1,-1,0.0,0.0,0.0,0.0,0.0,0.0,0,0,0.0,0.0,0,0,0.0,0.0,0,0,0.0,0.0,0,0,0.0,0
LGS2ORD0013534,C017107,2025-04-18 04:00:00,Female,54,Silver,CallCenter,Bangkok,1511,Shopee,Bank_Transfer,4,4,4,0,>50,50.36666666666667,0.0,0.0,0.0,-1,-1,0.0,0.0,0.0,0.0,0.0,0.0,0,0,0.0,0.0,0,0,0.0,0.0,0,0,0.0,0.0,0,0,0.0,1
LGS2ORD0013535,C017545,2025-04-18 04:00:00,Female,61,Platinum,Web,Songkhla,601,Web,PromptPay,4,4,4,0,>50,20.033333333333335,2.0,0.0,0.0,-1,17,1701.32,0.3,0.5,0.5,0.0,0.0,0,0,0.0,1864.09,1,0,0.0,3402.64,2,0,0.0,3402.64,2,0,0.0,0
LGS2ORD0013536,C017484,2025-04-18 05:00:00,Female,51,Silver,TV,Chonburi,171,Shopee,COD,5,4,4,0,>50,5.7,3.0,0.0,0.0,-1,13,2959.9900000000002,0.1,0.6666666666666666,0.0,0.0,0.0,0,0,0.0,8695.25,2,0,0.0,8879.970000000001,3,0,0.0,8879.970000000001,3,0,0.0,0
LGS2ORD0013537,C011977,2025-04-18 05:00:00,Male,60,Bronze,Shopee,Bangkok,437,Web,PromptPay,5,4,4,0,>50,14.566666666666666,1.0,0.0,0.0,-1,58,1992.12,0.18,1.0,0.0,0.0,0.0,0,0,0.0,0.0,0,0,0.0,1992.12,1,0,0.0,1992.12,1,0,0.0,0
LGS2ORD0013538,C017705,2025-04-18 05:00:00,Female,49,Gold,Lazada,Chiang Mai,805,Lazada,Bank_Transfer,5,4,4,0,40-50,26.833333333333332,1.0,0.0,0.0,-1,73,8058.6,0.13,1.0,0.0,0.0,0.0,0,0,0.0,0.0,0,0,0.0,8058.6,1,0,0.0,8058.6,1,0,0.0,0
LGS2ORD0013539,C016054,2025-04-18 05:00:00,Male,39,Silver,Shopee,Bangkok,1525,CallCenter,COD,5,4,4,0,30-40,50.833333333333336,1.0,0.0,0.0,-1,106,1013.96,0.1,0.0,0.0,0.0,0.0,0,0,0.0,0.0,0,0,0.0,0.0,0,0,0.0,1013.96,1,0,0.0,1
LGS2ORD0013540,C010324,2025-04-18 05:00:00,Male,43,Bronze,TV,Chiang Mai,511,TV_Show,Credit_Card,5,4,4,0,40-50,17.033333333333335,3.0,1.0,0.3333333333333333,76,64,2152.2033333333334,0.18,0.6666666666666666,0.0,0.0,0.0,0,0,0.0,0.0,0,0,0.0,6456.610000000001,3,1,0.3333333333333333,6456.610000000001,3,1,0.3333333333333333,0
LGS2ORD0013541,C011716,2025-04-18 05:00:00,Female,48,Bronze,Shopee,Remote_Area,1117,Shopee,Credit_Card,5,4,4,0,40-50,37.233333333333334,1.0,0.0,0.0,-1,84,6109.0,0.18,1.0,0.0,0.0,0.0,0,0,0.0,0.0,0,0,0.0,6109.0,1,0,0.0,6109.0,1,0,0.0,0
LGS2ORD0013542,C013623,2025-04-18 06:00:00,Female,47,Bronze,TV,Chonburi,1540,Lazada,COD,6,4,4,0,40-50,51.333333333333336,1.0,0.0,0.0,-1,100,13030.76,0.08,1.0,0.0,0.0,0.0,0,0,0.0,0.0,0,0,0.0,0.0,0,0,0.0,13030.76,1,0,0.0,1
LGS2ORD0013543,C015824,2025-04-18 06:00:00,Male,51,Bronze,Shopee,Nakhon Ratchasima,928,CallCenter,COD,6,4,4,0,>50,30.933333333333334,2.0,1.0,0.5,7,14,1780.0749999999998,0.08,0.5,0.0,0.0,0.0,0,0,0.0,1128.16,1,1,1.0,1128.16,1,1,1.0,3560.1499999999996,2,1,0.5,0
LGS2ORD0013544,C010359,2025-04-18 06:00:00,Male,54,Bronze,TV,Nakhon Ratchasima,811,Web,Credit_Card,6,4,4,0,>50,27.033333333333335,4.0,1.0,0.25,55,67,8434.820000000002,0.23,1.0,0.25,0.0,0.0,0,0,0.0,0.0,0,0,0.0,483.73,1,1,1.0,33739.280000000006,4,1,0.25,1
LGS2ORD0013545,C013516,2025-04-18 06:00:00,Male,18,Bronze,TV,Khon Kaen,1367,Shopee,Bank_Transfer,6,4,4,0,<20,45.56666666666667,2.0,0.0,0.0,-1,18,7965.94,0.08,1.0,0.0,0.0,0.0,0,0,0.0,12722.81,1,0,0.0,15931.88,2,0,0.0,15931.88,2,0,0.0,0
LGS2ORD0013546,C011579,2025-04-18 06:00:00,Female,50,Silver,Lazada,Khon Kaen,1089,TV_Show,COD,6,4,4,0,40-50,36.3,0.0,0.0,0.0,-1,-1,0.0,0.0,0.0,0.0,0.0,0.0,0,0,0.0,0.0,0,0,0.0,0.0,0,0,0.0,0.0,0,0,0.0,0
LGS2ORD0013547,C015536,2025-04-18 07:00:00,Male,51,Silver,Lazada,Phuket,653,Lazada,Bank_Transfer,7,4,4,0,>50,21.766666666666666,4.0,0.0,0.0,-1,41,5024.55,0.05,0.25,0.0,0.0,0.0,0,0,0.0,0.0,0,0,0.0,19335.59,3,0,0.0,20098.2,4,0,0.0,1
LGS2ORD0013548,C011710,2025-04-18 07:00:00,Female,18,Platinum,CallCenter,Khon Kaen,883,TV_Show,Bank_Transfer,7,4,4,0,<20,29.433333333333334,0.0,0.0,0.0,-1,-1,0.0,0.0,0.0,0.0,0.0,0.0,0,0,0.0,0.0,0,0,0.0,0.0,0,0,0.0,0.0,0,0,0.0,1
LGS2ORD0013549,C011946,2025-04-18 07:00:00,Female,48,Platinum,Web,Chiang Mai,931,Shopee,Bank_Transfer,7,4,4,0,40-50,31.033333333333335,2.0,0.0,0.0,-1,52,7127.565,0.25,0.0,0.5,0.0,0.0,0,0,0.0,0.0,0,0,0.0,14255.13,2,0,0.0,14255.13,2,0,0.0,0
LGS2ORD0013550,C015707,2025-04-18 07:00:00,Male,35,Silver,Web,Phuket,657,Shopee,PromptPay,7,4,4,0,30-40,21.9,2.0,0.0,0.0,-1,62,16882.495,0.2,1.0,0.0,0.0,0.0,0,0,0.0,0.0,0,0,0.0,33764.99,2,0,0.0,33764.99,2,0,0.0,0
LGS2ORD0013551,C015828,2025-04-18 07:00:00,Male,42,Bronze,TV,Khon Kaen,1340,TV_Show,COD,7,4,4,0,40-50,44.666666666666664,7.0,4.0,0.5714285714285714,2,13,8182.368571428572,0.28,0.8571428571428571,0.2857142857142857,0.0,0.0,0,0,0.0,26214.65,2,1,0.5,56141.98999999999,6,3,0.5,57276.58,7,4,0.5714285714285714,1
LGS2ORD0013552,C016104,2025-04-18 08:00:00,Male,55,Bronze,TV,Phuket,1219,TV_Show,COD,8,4,4,0,>50,40.63333333333333,2.0,1.0,0.5,96,45,4081.0649999999996,0.23,0.5,0.5,0.0,0.0,0,0,0.0,0.0,0,0,0.0,4914.45,1,0,0.0,8162.129999999999,2,1,0.5,0
LGS2ORD0013553,C013005,2025-04-18 08:00:00,Female,39,Gold,Lazada,Chiang Mai,740,Shopee,Credit_Card,8,4,4,0,30-40,24.666666666666668,2.0,0.0,0.0,-1,15,9329.255,0.28,0.5,1.0,0.0,0.0,0,0,0.0,16391.87,1,0,0.0,18658.51,2,0,0.0,18658.51,2,0,0.0,0
LGS2ORD0013554,C014210,2025-04-18 08:00:00,Male,34,Bronze,Web,Remote_Area,600,Shopee,COD,8,4,4,0,30-40,20.0,5.0,0.0,0.0,-1,58,1493.9180000000001,0.18,0.2,0.0,0.0,0.0,0,0,0.0,0.0,0,0,0.0,1712.58,3,0,0.0,7469.59,5,0,0.0,0
LGS2ORD0013555,C015734,2025-04-18 08:00:00,Male,35,Bronze,Web,Chiang Mai,707,Web,Bank_Transfer,8,4,4,0,30-40,23.566666666666666,1.0,0.0,0.0,-1,6,3762.63,0.23,0.0,1.0,0.0,3762.63,1,0,0.0,3762.63,1,0,0.0,3762.63,1,0,0.0,3762.63,1,0,0.0,0
LGS2ORD0013556,C010874,2025-04-18 08:00:00,Male,52,Bronze,Web,Bangkok,137,TV_Show,PromptPay,8,4,4,0,>50,4.566666666666666,0.0,0.0,0.0,-1,-1,0.0,0.0,0.0,0.0,0.0,0.0,0,0,0.0,0.0,0,0,0.0,0.0,0,0,0.0,0.0,0,0,0.0,0
LGS2ORD0013557,C010683,2025-04-18 09:00:00,Male,50,Silver,Shopee,Khon Kaen,373,CallCenter,Credit_Card,9,4,4,0,40-50,12.433333333333334,4.0,0.0,0.0,-1,12,8077.0575,0.2,0.5,0.0,0.0,0.0,0,0,0.0,4322.0,2,0,0.0,32308.23,4,0,0.0,32308.23,4,0,0.0,0
LGS2ORD0013558,C011446,2025-04-18 09:00:00,Male,33,Gold,TV,Chiang Mai,1306,CallCenter,COD,9,4,4,0,30-40,43.53333333333333,2.0,0.0,0.0,-1,6,7170.280000000001,0.28,1.0,1.0,0.0,11143.62,1,0,0.0,11143.62,1,0,0.0,14340.560000000001,2,0,0.0,14340.560000000001,2,0,0.0,1
LGS2ORD0013559,C014959,2025-04-18 09:00:00,Female,50,Gold,TV,Khon Kaen,699,CallCenter,COD,9,4,4,0,40-50,23.3,5.0,2.0,0.4,-1,4,2155.182,0.28,0.8,0.8,0.0,3864.12,1,1,1.0,7141.719999999999,2,1,0.5,10625.029999999999,4,2,0.5,10775.91,5,2,0.4,1
LGS2ORD0013560,C015752,2025-04-18 09:00:00,Female,57,Bronze,CallCenter,Remote_Area,988,TV_Show,COD,9,4,4,0,>50,32.93333333333333,4.0,2.0,0.5,72,65,10432.642499999998,0.08,0.25,0.0,0.0,0.0,0,0,0.0,0.0,0,0,0.0,41730.56999999999,4,2,0.5,41730.56999999999,4,2,0.5,0
LGS2ORD0013561,C016298,2025-04-18 09:00:00,Female,36,Bronze,CallCenter,Bangkok,199,Lazada,Bank_Transfer,9,4,4,0,30-40,6.633333333333334,1.0,1.0,1.0,-2,11,2794.38,0.23,1.0,1.0,0.0,0.0,0,0,0.0,2794.38,1,1,1.0,2794.38,1,1,1.0,2794.38,1,1,1.0,0
LGS2ORD0013562,C012071,2025-04-18 09:00:00,Female,40,Silver,Lazada,Bangkok,947,Web,Credit_Card,9,4,4,0,30-40,31.566666666666666,1.0,0.0,0.0,-1,26,1513.91,0.15,1.0,0.0,0.0,0.0,0,0,0.0,1513.91,1,0,0.0,1513.91,1,0,0.0,1513.91,1,0,0.0,0
LGS2ORD0013563,C015694,2025-04-18 10:00:00,Female,23,Bronze,Shopee,Chonburi,189,TV_Show,Credit_Card,10,4,4,0,20-30,6.3,2.0,2.0,1.0,18,22,1327.215,0.08,0.5,0.0,0.0,0.0,0,0,0.0,2002.09,1,1,1.0,2654.43,2,2,1.0,2654.43,2,2,1.0,0
LGS2ORD0013564,C016642,2025-04-18 10:00:00,Male,48,Gold,Web,Songkhla,1465,CallCenter,COD,10,4,4,0,40-50,48.833333333333336,1.0,0.0,0.0,-1,66,1578.66,0.33,0.0,1.0,0.0,0.0,0,0,0.0,0.0,0,0,0.0,1578.66,1,0,0.0,1578.66,1,0,0.0,1
LGS2ORD0013565,C016869,2025-04-18 10:00:00,Male,52,Bronze,Shopee,Khon Kaen,971,Web,Credit_Card,10,4,4,0,>50,32.36666666666667,1.0,0.0,0.0,-1,63,5526.64,0.28,1.0,1.0,0.0,0.0,0,0,0.0,0.0,0,0,0.0,5526.64,1,0,0.0,5526.64,1,0,0.0,0
LGS2ORD0013566,C011478,2025-04-18 10:00:00,Male,54,Gold,Web,Bangkok,823,TV_Show,Bank_Transfer,10,4,4,0,>50,27.433333333333334,0.0,0.0,0.0,-1,-1,0.0,0.0,0.0,0.0,0.0,0.0,0,0,0.0,0.0,0,0,0.0,0.0,0,0,0.0,0.0,0,0,0.0,0
LGS2ORD0013567,C017951,2025-04-18 10:00:00,Male,52,Bronze,Shopee,Bangkok,801,TV_Show,COD,10,4,4,0,>50,26.7,1.0,0.0,0.0,-1,16,1634.97,0.08,0.0,0.0,0.0,0.0,0,0,0.0,1634.97,1,0,0.0,1634.97,1,0,0.0,1634.97,1,0,0.0,1
LGS2ORD0013568,C016336,2025-04-18 11:00:00,Male,24,Silver,Web,Songkhla,1065,Web,COD,11,4,4,0,20-30,35.5,1.0,0.0,0.0,-1,92,3236.6,0.1,1.0,0.0,0.0,0.0,0,0,0.0,0.0,0,0,0.0,0.0,0,0,0.0,3236.6,1,0,0.0,1
LGS2ORD0013569,C016821,2025-04-18 11:00:00,Other,57,Bronze,Shopee,Chonburi,609,Lazada,Credit_Card,11,4,4,0,>50,20.3,0.0,0.0,0.0,-1,-1,0.0,0.0,0.0,0.0,0.0,0.0,0,0,0.0,0.0,0,0,0.0,0.0,0,0,0.0,0.0,0,0,0.0,0
LGS2ORD0013570,C011115,2025-04-18 11:00:00,Female,57,Bronze,Lazada,Chonburi,759,TV_Show,Credit_Card,11,4,4,0,>50,25.3,2.0,0.0,0.0,-1,14,9558.824999999999,0.23,0.5,0.5,0.0,0.0,0,0,0.0,17137.89,1,0,0.0,19117.649999999998,2,0,0.0,19117.649999999998,2,0,0.0,1
LGS2ORD0013571,C013975,2025-04-18 11:00:00,Male,22,Silver,Lazada,Chonburi,150,Shopee,COD,11,4,4,0,20-30,5.0,3.0,1.0,0.3333333333333333,80,49,2805.83,0.2,0.6666666666666666,0.0,0.0,0.0,0,0,0.0,0.0,0,0,0.0,5194.58,2,0,0.0,8417.49,3,1,0.3333333333333333,0
LGS2ORD0013572,C017308,2025-04-18 11:00:00,Female,45,Bronze,Shopee,Nakhon Ratchasima,1420,Web,COD,11,4,4,0,40-50,47.333333333333336,2.0,1.0,0.5,31,45,5028.19,0.18,0.5,0.0,0.0,0.0,0,0,0.0,0.0,0,0,0.0,10056.38,2,1,0.5,10056.38,2,1,0.5,0
LGS2ORD0013573,C015049,2025-04-18 12:00:00,Male,51,Platinum,TV,Bangkok,1566,Web,COD,12,4,4,0,>50,52.2,0.0,0.0,0.0,-1,-1,0.0,0.0,0.0,0.0,0.0,0.0,0,0,0.0,0.0,0,0,0.0,0.0,0,0,0.0,0.0,0,0,0.0,0
LGS2ORD0013574,C013205,2025-04-18 12:00:00,Male,50,Bronze,TV,Remote_Area,554,Shopee,PromptPay,12,4,4,0,40-50,18.466666666666665,2.0,0.0,0.0,-1,41,3882.85,0.18,0.0,0.0,0.0,0.0,0,0,0.0,0.0,0,0,0.0,1532.74,1,0,0.0,7765.7,2,0,0.0,1
LGS2ORD0013575,C016307,2025-04-18 12:00:00,Male,40,Silver,Shopee,Nakhon Ratchasima,1503,CallCenter,Bank_Transfer,12,4,4,0,30-40,50.1,5.0,0.0,0.0,-1,20,2783.156,0.2,0.4,0.0,0.0,0.0,0,0,0.0,1655.47,1,0,0.0,10469.73,3,0,0.0,13915.78,5,0,0.0,0
LGS2ORD0013576,C013664,2025-04-18 12:00:00,Female,45,Silver,CallCenter,Remote_Area,487,Web,COD,12,4,4,0,40-50,16.233333333333334,1.0,0.0,0.0,-1,15,1862.42,0.1,0.0,0.0,0.0,0.0,0,0,0.0,1862.42,1,0,0.0,1862.42,1,0,0.0,1862.42,1,0,0.0,1
LGS2ORD0013577,C012480,2025-04-18 12:00:00,Male,39,Silver,CallCenter,Bangkok,1510,TV_Show,COD,12,4,4,0,30-40,50.333333333333336,3.0,0.0,0.0,-1,19,2848.6066666666666,0.25,0.6666666666666666,0.3333333333333333,0.0,0.0,0,0,0.0,4608.61,1,0,0.0,8545.82,3,0,0.0,8545.82,3,0,0.0,0
LGS2ORD0013578,C011052,2025-04-18 12:00:00,Male,42,Silver,TV,Chonburi,670,Web,Credit_Card,12,4,4,0,40-50,22.333333333333332,3.0,1.0,0.3333333333333333,-3,7,4478.93,0.2,0.6666666666666666,0.0,0.0,0.0,0,0,0.0,8761.460000000001,2,1,0.5,13436.79,3,1,0.3333333333333333,13436.79,3,1,0.3333333333333333,1
LGS2ORD0013579,C016588,2025-04-18 13:00:00,Female,43,Silver,Web,Khon Kaen,741,Shopee,COD,13,4,4,0,40-50,24.7,2.0,0.0,0.0,-1,57,5646.915,0.25,0.5,0.5,0.0,0.0,0,0,0.0,0.0,0,0,0.0,4762.21,1,0,0.0,11293.83,2,0,0.0,1
LGS2ORD0013580,C011458,2025-04-18 13:00:00,Female,47,Silver,TV,Remote_Area,491,Web,Credit_Card,13,4,4,0,40-50,16.366666666666667,0.0,0.0,0.0,-1,-1,0.0,0.0,0.0,0.0,0.0,0.0,0,0,0.0,0.0,0,0,0.0,0.0,0,0,0.0,0.0,0,0,0.0,0
LGS2ORD0013581,C016074,2025-04-18 13:00:00,Male,56,Gold,Web,Chiang Mai,223,TV_Show,COD,13,4,4,0,>50,7.433333333333334,1.0,0.0,0.0,-1,81,2136.9,0.2299999999999999,1.0,1.0,0.0,0.0,0,0,0.0,0.0,0,0,0.0,2136.9,1,0,0.0,2136.9,1,0,0.0,0
LGS2ORD0013582,C010810,2025-04-18 13:00:00,Male,56,Gold,Lazada,Chiang Mai,624,Web,PromptPay,13,4,4,0,>50,20.8,0.0,0.0,0.0,-1,-1,0.0,0.0,0.0,0.0,0.0,0.0,0,0,0.0,0.0,0,0,0.0,0.0,0,0,0.0,0.0,0,0,0.0,0
LGS2ORD0013583,C013812,2025-04-18 13:00:00,Male,32,Bronze,TV,Nakhon Ratchasima,169,CallCenter,Bank_Transfer,13,4,4,0,30-40,5.633333333333334,1.0,0.0,0.0,-1,105,23217.42,0.03,1.0,0.0,0.0,0.0,0,0,0.0,0.0,0,0,0.0,0.0,0,0,0.0,23217.42,1,0,0.0,0
LGS2ORD0013584,C011234,2025-04-18 14:00:00,Female,44,Bronze,TV,Nakhon Ratchasima,668,Shopee,Credit_Card,14,4,4,0,40-50,22.266666666666666,0.0,0.0,0.0,-1,-1,0.0,0.0,0.0,0.0,0.0,0.0,0,0,0.0,0.0,0,0,0.0,0.0,0,0,0.0,0.0,0,0,0.0,0
LGS2ORD0013585,C011324,2025-04-18 14:00:00,Male,48,Platinum,Lazada,Bangkok,1344,TV_Show,PromptPay,14,4,4,0,40-50,44.8,1.0,0.0,0.0,-1,21,1888.62,0.3,0.0,1.0,0.0,0.0,0,0,0.0,1888.62,1,0,0.0,1888.62,1,0,0.0,1888.62,1,0,0.0,0
LGS2ORD0013586,C014819,2025-04-18 14:00:00,Other,41,Bronze,Web,Bangkok,247,TV_Show,PromptPay,14,4,4,0,40-50,8.233333333333333,0.0,0.0,0.0,-1,-1,0.0,0.0,0.0,0.0,0.0,0.0,0,0,0.0,0.0,0,0,0.0,0.0,0,0,0.0,0.0,0,0,0.0,0
LGS2ORD0013587,C013142,2025-04-18 14:00:00,Female,49,Silver,Shopee,Bangkok,1258,Web,COD,14,4,4,0,40-50,41.93333333333333,3.0,1.0,0.3333333333333333,18,7,920.4366666666668,0.2,0.6666666666666666,0.0,0.0,0.0,0,0,0.0,1973.8700000000001,2,1,0.5,2761.3100000000004,3,1,0.3333333333333333,2761.3100000000004,3,1,0.3333333333333333,0
LGS2ORD0013588,C010012,2025-04-18 14:00:00,Male,54,Bronze,Web,Songkhla,179,Web,Credit_Card,14,4,4,0,>50,5.966666666666667,2.0,0.0,0.0,-1,25,16435.73,0.08,0.0,0.0,0.0,0.0,0,0,0.0,20064.47,1,0,0.0,32871.46,2,0,0.0,32871.46,2,0,0.0,0
LGS2ORD0013589,C017170,2025-04-18 15:00:00,Female,48,Silver,Shopee,Phuket,1466,Lazada,PromptPay,15,4,4,0,40-50,48.86666666666667,3.0,0.0,0.0,-1,10,2569.5966666666664,0.1,0.3333333333333333,0.0,0.0,0.0,0,0,0.0,2545.64,1,0,0.0,7708.789999999999,3,0,0.0,7708.789999999999,3,0,0.0,0
LGS2ORD0013590,C015124,2025-04-18 15:00:00,Female,54,Bronze,TV,Nakhon Ratchasima,140,Shopee,PromptPay,15,4,4,0,>50,4.666666666666667,3.0,1.0,0.3333333333333333,2,8,4398.193333333334,0.28,0.6666666666666666,0.6666666666666666,0.0,0.0,0,0,0.0,3229.14,1,1,1.0,4043.99,2,1,0.5,13194.58,3,1,0.3333333333333333,0
LGS2ORD0013591,C013169,2025-04-18 15:00:00,Other,54,Gold,Web,Chiang Mai,1497,TV_Show,Credit_Card,15,4,4,0,>50,49.9,1.0,0.0,0.0,-1,6,2430.94,0.33,1.0,1.0,0.0,2430.94,1,0,0.0,2430.94,1,0,0.0,2430.94,1,0,0.0,2430.94,1,0,0.0,0
LGS2ORD0013592,C010576,2025-04-18 15:00:00,Female,25,Bronze,TV,Remote_Area,446,CallCenter,COD,15,4,4,0,20-30,14.866666666666667,1.0,0.0,0.0,-1,11,8501.21,0.03,0.0,0.0,0.0,0.0,0,0,0.0,8501.21,1,0,0.0,8501.21,1,0,0.0,8501.21,1,0,0.0,1
LGS2ORD0013593,C017807,2025-04-18 15:00:00,Male,28,Silver,TV,Songkhla,1128,Lazada,COD,15,4,4,0,20-30,37.6,3.0,2.0,0.6666666666666666,-6,4,8673.003333333334,0.25,0.6666666666666666,0.3333333333333333,0.0,2953.17,1,1,1.0,2953.17,1,1,1.0,26019.010000000002,3,2,0.6666666666666666,26019.010000000002,3,2,0.6666666666666666,1
LGS2ORD0013594,C011914,2025-04-18 16:00:00,Female,56,Gold,CallCenter,Chiang Mai,449,TV_Show,COD,16,4,4,0,>50,14.966666666666667,2.0,1.0,0.5,17,22,2715.83,0.28,1.0,0.5,0.0,0.0,0,0,0.0,3150.99,1,1,1.0,5431.66,2,1,0.5,5431.66,2,1,0.5,0
LGS2ORD0013595,C012330,2025-04-18 16:00:00,Female,19,Bronze,TV,Bangkok,797,Lazada,Bank_Transfer,16,4,4,0,<20,26.566666666666666,1.0,0.0,0.0,-1,70,10708.65,0.08,0.0,0.0,0.0,0.0,0,0,0.0,0.0,0,0,0.0,10708.65,1,0,0.0,10708.65,1,0,0.0,0
LGS2ORD0013596,C010517,2025-04-18 16:00:00,Female,55,Bronze,Lazada,Songkhla,1531,TV_Show,COD,16,4,4,0,>50,51.03333333333333,1.0,0.0,0.0,-1,30,1461.99,0.13,1.0,0.0,0.0,0.0,0,0,0.0,0.0,0,0,0.0,1461.99,1,0,0.0,1461.99,1,0,0.0,0
LGS2ORD0013597,C012115,2025-04-18 16:00:00,Male,72,Silver,Web,Bangkok,1535,TV_Show,COD,16,4,4,0,>50,51.166666666666664,0.0,0.0,0.0,-1,-1,0.0,0.0,0.0,0.0,0.0,0.0,0,0,0.0,0.0,0,0,0.0,0.0,0,0,0.0,0.0,0,0,0.0,0
LGS2ORD0013598,C017417,2025-04-18 16:00:00,Female,41,Bronze,TV,Remote_Area,1279,Lazada,COD,16,4,4,0,40-50,42.63333333333333,1.0,1.0,1.0,26,34,5512.25,0.03,0.0,0.0,0.0,0.0,0,0,0.0,0.0,0,0,0.0,5512.25,1,1,1.0,5512.25,1,1,1.0,1
LGS2ORD0013599,C012691,2025-04-18 16:00:00,Other,31,Bronze,TV,Nakhon Ratchasima,830,Lazada,COD,16,4,4,0,30-40,27.666666666666668,1.0,0.0,0.0,-1,49,7756.16,0.28,1.0,1.0,0.0,0.0,0,0,0.0,0.0,0,0,0.0,7756.16,1,0,0.0,7756.16,1,0,0.0,0
LGS2ORD0013600,C016965,2025-04-18 17:00:00,Female,50,Silver,TV,Chiang Mai,146,Lazada,COD,17,4,4,0,40-50,4.866666666666666,2.0,1.0,0.5,27,38,6283.77,0.2,1.0,0.0,0.0,0.0,0,0,0.0,0.0,0,0,0.0,12567.54,2,1,0.5,12567.54,2,1,0.5,0
LGS2ORD0013601,C011891,2025-04-18 17:00:00,Female,21,Bronze,Web,Bangkok,1150,CallCenter,PromptPay,17,4,4,0,20-30,38.333333333333336,3.0,0.0,0.0,-1,30,2818.5166666666664,0.28,0.3333333333333333,0.6666666666666666,0.0,0.0,0,0,0.0,0.0,0,0,0.0,2898.4300000000003,2,0,0.0,8455.55,3,0,0.0,1
LGS2ORD0013602,C017724,2025-04-18 17:00:00,Male,46,Platinum,TV,Nakhon Ratchasima,937,Shopee,Credit_Card,17,4,4,0,40-50,31.233333333333334,2.0,1.0,0.5,57,68,2373.69,0.35,1.0,0.5,0.0,0.0,0,0,0.0,0.0,0,0,0.0,4747.38,2,1,0.5,4747.38,2,1,0.5,1
LGS2ORD0013603,C015809,2025-04-18 17:00:00,Female,20,Bronze,Shopee,Bangkok,656,TV_Show,Credit_Card,17,4,4,0,<20,21.866666666666667,1.0,0.0,0.0,-1,9,1931.0,0.18,1.0,0.0,0.0,0.0,0,0,0.0,1931.0,1,0,0.0,1931.0,1,0,0.0,1931.0,1,0,0.0,1
LGS2ORD0013604,C012714,2025-04-18 17:00:00,Male,65,Platinum,Web,Chiang Mai,758,Shopee,Credit_Card,17,4,4,0,>50,25.266666666666666,0.0,0.0,0.0,-1,-1,0.0,0.0,0.0,0.0,0.0,0.0,0,0,0.0,0.0,0,0,0.0,0.0,0,0,0.0,0.0,0,0,0.0,0
LGS2ORD0013605,C012272,2025-04-18 18:00:00,Male,40,Bronze,Shopee,Chiang Mai,1256,Lazada,Bank_Transfer,18,4,4,0,30-40,41.86666666666667,1.0,0.0,0.0,-1,68,14867.29,0.18,0.0,0.0,0.0,0.0,0,0,0.0,0.0,0,0,0.0,14867.29,1,0,0.0,14867.29,1,0,0.0,0
LGS2ORD0013606,C016411,2025-04-18 18:00:00,Male,72,Silver,Shopee,Nakhon Ratchasima,1016,Shopee,COD,18,4,4,0,>50,33.86666666666667,1.0,0.0,0.0,-1,70,8615.44,0.2,1.0,0.0,0.0,0.0,0,0,0.0,0.0,0,0,0.0,8615.44,1,0,0.0,8615.44,1,0,0.0,1
LGS2ORD0013607,C011222,2025-04-18 18:00:00,Male,48,Bronze,Web,Songkhla,1551,Web,Credit_Card,18,4,4,0,40-50,51.7,3.0,0.0,0.0,-1,5,2647.186666666667,0.18,0.0,0.0,0.0,2137.05,1,0,0.0,2137.05,1,0,0.0,6117.97,2,0,0.0,7941.56,3,0,0.0,1
LGS2ORD0013608,C010971,2025-04-18 18:00:00,Male,50,Bronze,Shopee,Bangkok,949,Shopee,Credit_Card,18,4,4,0,40-50,31.633333333333333,3.0,1.0,0.3333333333333333,85,17,5722.563333333333,0.23,0.6666666666666666,0.3333333333333333,0.0,0.0,0,0,0.0,1151.78,1,0,0.0,1151.78,1,0,0.0,17167.69,3,1,0.3333333333333333,0
LGS2ORD0013609,C011055,2025-04-18 18:00:00,Male,18,Bronze,Web,Remote_Area,1448,TV_Show,COD,18,4,4,0,<20,48.266666666666666,1.0,0.0,0.0,-1,21,1207.21,0.03,0.0,0.0,0.0,0.0,0,0,0.0,1207.21,1,0,0.0,1207.21,1,0,0.0,1207.21,1,0,0.0,1
LGS2ORD0013610,C014739,2025-04-18 19:00:00,Female,54,Platinum,Lazada,Phuket,976,Shopee,COD,19,4,4,0,>50,32.53333333333333,1.0,1.0,1.0,36,46,7980.41,0.1,0.0,0.0,0.0,0.0,0,0,0.0,0.0,0,0,0.0,7980.41,1,1,1.0,7980.41,1,1,1.0,0
LGS2ORD0013611,C014767,2025-04-18 19:00:00,Male,50,Gold,Web,Phuket,1409,Lazada,COD,19,4,4,0,40-50,46.96666666666667,2.0,0.0,0.0,-1,88,5815.12,0.2299999999999999,0.0,0.5,0.0,0.0,0,0,0.0,0.0,0,0,0.0,10028.81,1,0,0.0,11630.24,2,0,0.0,0
LGS2ORD0013612,C017852,2025-04-18 19:00:00,Male,55,Bronze,Shopee,Khon Kaen,608,CallCenter,Credit_Card,19,4,4,0,>50,20.266666666666666,0.0,0.0,0.0,-1,-1,0.0,0.0,0.0,0.0,0.0,0.0,0,0,0.0,0.0,0,0,0.0,0.0,0,0,0.0,0.0,0,0,0.0,0
LGS2ORD0013613,C012803,2025-04-18 19:00:00,Female,32,Bronze,Lazada,Songkhla,248,TV_Show,COD,19,4,4,0,30-40,8.266666666666667,2.0,1.0,0.5,59,67,1806.805,0.23,0.5,0.5,0.0,0.0,0,0,0.0,0.0,0,0,0.0,2141.86,1,1,1.0,3613.61,2,1,0.5,1
LGS2ORD0013614,C012025,2025-04-18 19:00:00,Male,49,Bronze,TV,Chonburi,1164,Lazada,COD,19,4,4,0,40-50,38.8,2.0,0.0,0.0,-1,78,6487.63,0.28,0.0,1.0,0.0,0.0,0,0,0.0,0.0,0,0,0.0,12975.26,2,0,0.0,12975.26,2,0,0.0,0
LGS2ORD0013615,C012057,2025-04-18 20:00:00,Male,43,Gold,TV,Bangkok,192,TV_Show,COD,20,4,4,0,40-50,6.4,2.0,0.0,0.0,-1,36,1654.675,0.18,0.5,0.0,0.0,0.0,0,0,0.0,0.0,0,0,0.0,3309.35,2,0,0.0,3309.35,2,0,0.0,0
LGS2ORD0013616,C014911,2025-04-18 20:00:00,Male,39,Bronze,Web,Bangkok,544,Lazada,PromptPay,20,4,4,0,30-40,18.133333333333333,2.0,2.0,1.0,-10,5,1592.2399999999998,0.23,0.5,1.0,0.0,2416.43,1,1,1.0,2416.43,1,1,1.0,3184.4799999999996,2,2,1.0,3184.4799999999996,2,2,1.0,0
LGS2ORD0013617,C016787,2025-04-18 20:00:00,Male,43,Bronze,TV,Nakhon Ratchasima,1430,Lazada,COD,20,4,4,0,40-50,47.666666666666664,0.0,0.0,0.0,-1,-1,0.0,0.0,0.0,0.0,0.0,0.0,0,0,0.0,0.0,0,0,0.0,0.0,0,0,0.0,0.0,0,0,0.0,0
LGS2ORD0013618,C010181,2025-04-18 20:00:00,Male,51,Bronze,Shopee,Phuket,1111,Web,COD,20,4,4,0,>50,37.03333333333333,2.0,0.0,0.0,-1,43,3978.215,0.03,1.0,0.0,0.0,0.0,0,0,0.0,0.0,0,0,0.0,7956.43,2,0,0.0,7956.43,2,0,0.0,0
LGS2ORD0013619,C016981,2025-04-18 20:00:00,Male,40,Gold,Lazada,Phuket,555,CallCenter,COD,20,4,4,0,30-40,18.5,1.0,0.0,0.0,-1,17,5357.4,0.08,0.0,0.0,0.0,0.0,0,0,0.0,5357.4,1,0,0.0,5357.4,1,0,0.0,5357.4,1,0,0.0,1
LGS2ORD0013620,C013215,2025-04-18 20:00:00,Female,18,Silver,Shopee,Chonburi,1108,Shopee,COD,20,4,4,0,<20,36.93333333333333,2.0,0.0,0.0,-1,24,2566.12,0.05,0.0,0.0,0.0,0.0,0,0,0.0,3485.65,1,0,0.0,3485.65,1,0,0.0,5132.24,2,0,0.0,0
LGS2ORD0013621,C012908,2025-04-18 21:00:00,Male,47,Bronze,TV,Remote_Area,936,Shopee,Credit_Card,21,4,4,0,40-50,31.2,2.0,2.0,1.0,42,51,1180.41,0.18,0.5,0.0,0.0,0.0,0,0,0.0,0.0,0,0,0.0,1852.49,1,1,1.0,2360.82,2,2,1.0,0
LGS2ORD0013622,C013511,2025-04-18 21:00:00,Female,30,Platinum,Web,Bangkok,1188,CallCenter,COD,21,4,4,0,20-30,39.6,2.0,1.0,0.5,35,24,2333.295,0.35,1.0,0.5,0.0,0.0,0,0,0.0,3403.52,1,0,0.0,4666.59,2,1,0.5,4666.59,2,1,0.5,0
LGS2ORD0013623,C014231,2025-04-18 21:00:00,Male,31,Silver,TV,Chonburi,553,TV_Show,COD,21,4,4,0,30-40,18.433333333333334,1.0,0.0,0.0,-1,21,7344.1,0.25,0.0,1.0,0.0,0.0,0,0,0.0,7344.1,1,0,0.0,7344.1,1,0,0.0,7344.1,1,0,0.0,0
LGS2ORD0013624,C014993,2025-04-18 21:00:00,Female,18,Gold,Lazada,Bangkok,1369,Lazada,Credit_Card,21,4,4,0,<20,45.63333333333333,0.0,0.0,0.0,-1,-1,0.0,0.0,0.0,0.0,0.0,0.0,0,0,0.0,0.0,0,0,0.0,0.0,0,0,0.0,0.0,0,0,0.0,0
LGS2ORD0013625,C011023,2025-04-18 21:00:00,Female,38,Gold,Lazada,Bangkok,542,Web,COD,21,4,4,0,30-40,18.066666666666666,2.0,0.0,0.0,-1,38,6829.645,0.18,0.5,0.0,0.0,0.0,0,0,0.0,0.0,0,0,0.0,13659.29,2,0,0.0,13659.29,2,0,0.0,1
LGS2ORD0013626,C011082,2025-04-18 22:00:00,Female,55,Bronze,TV,Chonburi,355,TV_Show,COD,22,4,4,0,>50,11.833333333333334,1.0,0.0,0.0,-1,90,2074.81,0.03,1.0,0.0,0.0,0.0,0,0,0.0,0.0,0,0,0.0,0.0,0,0,0.0,2074.81,1,0,0.0,1
LGS2ORD0013627,C017450,2025-04-18 22:00:00,Female,50,Bronze,TV,Remote_Area,304,Shopee,Credit_Card,22,4,4,0,40-50,10.133333333333333,1.0,0.0,0.0,-1,76,939.39,0.03,0.0,0.0,0.0,0.0,0,0,0.0,0.0,0,0,0.0,939.39,1,0,0.0,939.39,1,0,0.0,0
LGS2ORD0013628,C016464,2025-04-18 22:00:00,Male,23,Gold,Shopee,Nakhon Ratchasima,1413,Lazada,COD,22,4,4,0,20-30,47.1,0.0,0.0,0.0,-1,-1,0.0,0.0,0.0,0.0,0.0,0.0,0,0,0.0,0.0,0,0,0.0,0.0,0,0,0.0,0.0,0,0,0.0,1
LGS2ORD0013629,C012359,2025-04-18 22:00:00,Female,72,Silver,Lazada,Bangkok,1542,TV_Show,COD,22,4,4,0,>50,51.4,2.0,0.0,0.0,-1,10,1215.6100000000001,0.15,0.5,0.0,0.0,0.0,0,0,0.0,439.73,1,0,0.0,2431.2200000000003,2,0,0.0,2431.2200000000003,2,0,0.0,0
LGS2ORD0013630,C017885,2025-04-18 22:00:00,Female,45,Bronze,Lazada,Bangkok,1015,TV_Show,COD,22,4,4,0,40-50,33.833333333333336,2.0,0.0,0.0,-1,73,4534.71,0.23,0.0,0.5,0.0,0.0,0,0,0.0,0.0,0,0,0.0,9069.42,2,0,0.0,9069.42,2,0,0.0,0
LGS2ORD0013631,C012925,2025-04-18 23:00:00,Female,40,Bronze,Shopee,Khon Kaen,1159,CallCenter,PromptPay,23,4,4,0,30-40,38.63333333333333,2.0,0.0,0.0,-1,47,3329.77,0.13,0.5,0.0,0.0,0.0,0,0,0.0,0.0,0,0,0.0,1644.32,1,0,0.0,6659.54,2,0,0.0,0
LGS2ORD0013632,C011699,2025-04-18 23:00:00,Male,47,Bronze,TV,Khon Kaen,1123,Web,COD,23,4,4,0,40-50,37.43333333333333,2.0,0.0,0.0,-1,4,1383.8,0.23,0.5,0.5,0.0,1020.02,1,0,0.0,1020.02,1,0,0.0,2767.6,2,0,0.0,2767.6,2,0,0.0,0
LGS2ORD0013633,C017415,2025-04-18 23:00:00,Female,58,Bronze,Shopee,Songkhla,1454,CallCenter,COD,23,4,4,0,>50,48.46666666666667,5.0,1.0,0.2,49,23,2037.1,0.18,0.8,0.0,0.0,0.0,0,0,0.0,3656.5699999999997,2,0,0.0,10185.5,5,1,0.2,10185.5,5,1,0.2,0
LGS2ORD0013634,C010861,2025-04-18 23:00:00,Male,24,Bronze,Web,Nakhon Ratchasima,471,Web,COD,23,4,4,0,20-30,15.7,0.0,0.0,0.0,-1,-1,0.0,0.0,0.0,0.0,0.0,0.0,0,0,0.0,0.0,0,0,0.0,0.0,0,0,0.0,0.0,0,0,0.0,1
LGS2ORD0013635,C015827,2025-04-18 23:00:00,Female,32,Bronze,TV,Chiang Mai,736,CallCenter,COD,23,4,4,0,30-40,24.533333333333335,2.0,0.0,0.0,-1,27,4415.31,0.18,0.5,0.0,0.0,0.0,0,0,0.0,862.58,1,0,0.0,862.58,1,0,0.0,8830.62,2,0,0.0,0
LGS2ORD0013636,C013293,2025-04-19 00:00:00,Male,46,Bronze,TV,Bangkok,237,TV_Show,COD,0,4,5,1,40-50,7.9,2.0,1.0,0.5,16,3,5229.57,0.23,0.5,0.5,0.0,6696.41,1,0,0.0,10459.14,2,1,0.5,10459.14,2,1,0.5,10459.14,2,1,0.5,0
LGS2ORD0013637,C013913,2025-04-19 00:00:00,Male,41,Silver,TV,Bangkok,1523,Web,Bank_Transfer,0,4,5,1,40-50,50.766666666666666,1.0,0.0,0.0,-1,26,557.85,0.05,1.0,0.0,0.0,0.0,0,0,0.0,557.85,1,0,0.0,557.85,1,0,0.0,557.85,1,0,0.0,0
LGS2ORD0013638,C013607,2025-04-19 00:00:00,Female,34,Silver,Lazada,Nakhon Ratchasima,982,Web,Credit_Card,0,4,5,1,30-40,32.733333333333334,2.0,0.0,0.0,-1,2,515.825,0.25,0.5,0.5,0.0,1031.65,2,0,0.0,1031.65,2,0,0.0,1031.65,2,0,0.0,1031.65,2,0,0.0,0
LGS2ORD0013639,C013075,2025-04-19 00:00:00,Female,51,Silver,TV,Bangkok,767,Shopee,Credit_Card,0,4,5,1,>50,25.566666666666666,2.0,0.0,0.0,-1,2,10316.345,0.25,0.5,0.5,0.0,10830.47,1,0,0.0,10830.47,1,0,0.0,10830.47,1,0,0.0,20632.69,2,0,0.0,1
LGS2ORD0013640,C014782,2025-04-19 00:00:00,Female,42,Bronze,Web,Bangkok,1278,CallCenter,Credit_Card,0,4,5,1,40-50,42.6,0.0,0.0,0.0,-1,-1,0.0,0.0,0.0,0.0,0.0,0.0,0,0,0.0,0.0,0,0,0.0,0.0,0,0,0.0,0.0,0,0,0.0,1
LGS2ORD0013641,C010918,2025-04-19 00:00:00,Male,62,Bronze,Lazada,Remote_Area,520,Shopee,COD,0,4,5,1,>50,17.333333333333332,0.0,0.0,0.0,-1,-1,0.0,0.0,0.0,0.0,0.0,0.0,0,0,0.0,0.0,0,0,0.0,0.0,0,0,0.0,0.0,0,0,0.0,0
LGS2ORD0013642,C015418,2025-04-19 01:00:00,Male,50,Silver,Web,Remote_Area,338,CallCenter,PromptPay,1,4,5,1,40-50,11.266666666666667,4.0,2.0,0.5,22,4,1582.5249999999999,0.3,0.5,0.25,0.0,1607.87,1,0,0.0,1607.87,1,0,0.0,6330.099999999999,4,2,0.5,6330.099999999999,4,2,0.5,0
LGS2ORD0013643,C016718,2025-04-19 01:00:00,Male,72,Silver,Lazada,Songkhla,1425,CallCenter,COD,1,4,5,1,>50,47.5,2.0,0.0,0.0,-1,21,2903.495,0.2,0.5,0.0,0.0,0.0,0,0,0.0,1479.59,1,0,0.0,5806.99,2,0,0.0,5806.99,2,0,0.0,0
LGS2ORD0013644,C015550,2025-04-19 01:00:00,Female,35,Bronze,Shopee,Chiang Mai,765,Web,Credit_Card,1,4,5,1,30-40,25.5,4.0,1.0,0.25,18,6,1457.98,0.28,0.25,0.75,0.0,574.25,1,0,0.0,1782.49,2,0,0.0,5831.92,4,1,0.25,5831.92,4,1,0.25,0
LGS2ORD0013645,C013529,2025-04-19 01:00:00,Male,29,Bronze,CallCenter,Bangkok,841,TV_Show,COD,1,4,5,1,20-30,28.033333333333335,3.0,0.0,0.0,-1,27,4369.04,0.28,1.0,0.6666666666666666,0.0,0.0,0,0,0.0,3588.44,1,0,0.0,13107.12,3,0,0.0,13107.12,3,0,0.0,0
LGS2ORD0013646,C014409,2025-04-19 01:00:00,Female,50,Bronze,Web,Nakhon Ratchasima,331,Web,COD,1,4,5,1,40-50,11.033333333333333,1.0,1.0,1.0,43,54,5032.42,0.03,1.0,0.0,0.0,0.0,0,0,0.0,0.0,0,0,0.0,5032.42,1,1,1.0,5032.42,1,1,1.0,0
LGS2ORD0013647,C013966,2025-04-19 02:00:00,Male,25,Bronze,Shopee,Chiang Mai,296,Web,COD,2,4,5,1,20-30,9.866666666666667,2.0,1.0,0.5,29,4,8670.71,0.13,0.0,0.0,0.0,11816.42,1,0,0.0,11816.42,1,0,0.0,17341.42,2,1,0.5,17341.42,2,1,0.5,0
LGS2ORD0013648,C011644,2025-04-19 02:00:00,Female,60,Platinum,Shopee,Chiang Mai,321,Web,Credit_Card,2,4,5,1,>50,10.7,0.0,0.0,0.0,-1,-1,0.0,0.0,0.0,0.0,0.0,0.0,0,0,0.0,0.0,0,0,0.0,0.0,0,0,0.0,0.0,0,0,0.0,1
LGS2ORD0013649,C011863,2025-04-19 02:00:00,Male,41,Bronze,CallCenter,Bangkok,330,Web,COD,2,4,5,1,40-50,11.0,3.0,3.0,1.0,47,57,2829.4466666666667,0.28,1.0,0.3333333333333333,0.0,0.0,0,0,0.0,0.0,0,0,0.0,7060.77,2,2,1.0,8488.34,3,3,1.0,0
LGS2ORD0013650,C011716,2025-04-19 02:00:00,Female,48,Bronze,Shopee,Remote_Area,1118,Web,Bank_Transfer,2,4,5,1,40-50,37.266666666666666,2.0,0.0,0.0,-1,0,4376.17,0.23,0.5,0.5,0.0,2643.34,1,0,0.0,2643.34,1,0,0.0,8752.34,2,0,0.0,8752.34,2,0,0.0,0
LGS2ORD0013651,C011797,2025-04-19 02:00:00,Female,38,Bronze,TV,Chiang Mai,1328,Lazada,COD,2,4,5,1,30-40,44.266666666666666,0.0,0.0,0.0,-1,-1,0.0,0.0,0.0,0.0,0.0,0.0,0,0,0.0,0.0,0,0,0.0,0.0,0,0,0.0,0.0,0,0,0.0,0
LGS2ORD0013652,C011551,2025-04-19 03:00:00,Male,37,Bronze,Shopee,Phuket,1455,Lazada,COD,3,4,5,1,30-40,48.5,1.0,0.0,0.0,-1,54,1818.55,0.28,0.0,1.0,0.0,0.0,0,0,0.0,0.0,0,0,0.0,1818.55,1,0,0.0,1818.55,1,0,0.0,0
LGS2ORD0013653,C017328,2025-04-19 03:00:00,Female,48,Bronze,Lazada,Khon Kaen,1345,TV_Show,COD,3,4,5,1,40-50,44.833333333333336,1.0,0.0,0.0,-1,56,710.93,0.03,1.0,0.0,0.0,0.0,0,0,0.0,0.0,0,0,0.0,710.93,1,0,0.0,710.93,1,0,0.0,0
LGS2ORD0013654,C012010,2025-04-19 03:00:00,Male,45,Platinum,Lazada,Chonburi,1376,TV_Show,Bank_Transfer,3,4,5,1,40-50,45.86666666666667,0.0,0.0,0.0,-1,-1,0.0,0.0,0.0,0.0,0.0,0.0,0,0,0.0,0.0,0,0,0.0,0.0,0,0,0.0,0.0,0,0,0.0,0
LGS2ORD0013655,C010394,2025-04-19 03:00:00,Male,58,Bronze,Shopee,Songkhla,356,Shopee,Credit_Card,3,4,5,1,>50,11.866666666666667,2.0,2.0,1.0,32,36,620.22,0.28,0.5,0.5,0.0,0.0,0,0,0.0,0.0,0,0,0.0,1240.44,2,2,1.0,1240.44,2,2,1.0,0
LGS2ORD0013656,C017097,2025-04-19 03:00:00,Male,42,Silver,Shopee,Chiang Mai,344,Lazada,COD,3,4,5,1,40-50,11.466666666666667,4.0,1.0,0.25,98,16,3201.025,0.3,0.75,0.25,0.0,0.0,0,0,0.0,1739.75,1,0,0.0,11159.14,3,0,0.0,12804.1,4,1,0.25,0
LGS2ORD0013657,C016823,2025-04-19 04:00:00,Other,45,Bronze,TV,Phuket,422,Web,COD,4,4,5,1,40-50,14.066666666666666,3.0,2.0,0.6666666666666666,28,32,5413.31,0.23,1.0,0.6666666666666666,0.0,0.0,0,0,0.0,0.0,0,0,0.0,14727.630000000001,2,1,0.5,16239.93,3,2,0.6666666666666666,0
LGS2ORD0013658,C016728,2025-04-19 04:00:00,Female,44,Bronze,TV,Khon Kaen,749,CallCenter,COD,4,4,5,1,40-50,24.966666666666665,1.0,0.0,0.0,-1,102,970.21,0.23,1.0,1.0,0.0,0.0,0,0,0.0,0.0,0,0,0.0,0.0,0,0,0.0,970.21,1,0,0.0,0
LGS2ORD0013659,C010103,2025-04-19 04:00:00,Female,28,Gold,Shopee,Bangkok,533,TV_Show,COD,4,4,5,1,20-30,17.766666666666666,1.0,0.0,0.0,-1,105,3706.14,0.2299999999999999,0.0,1.0,0.0,0.0,0,0,0.0,0.0,0,0,0.0,0.0,0,0,0.0,3706.14,1,0,0.0,1
LGS2ORD0013660,C016137,2025-04-19 04:00:00,Female,41,Silver,Web,Phuket,775,Web,Bank_Transfer,4,4,5,1,40-50,25.833333333333332,1.0,0.0,0.0,-1,3,2774.55,0.05,1.0,0.0,0.0,2774.55,1,0,0.0,2774.55,1,0,0.0,2774.55,1,0,0.0,2774.55,1,0,0.0,0
LGS2ORD0013661,C017519,2025-04-19 04:00:00,Female,43,Silver,Lazada,Nakhon Ratchasima,369,Shopee,COD,4,4,5,1,40-50,12.3,2.0,0.0,0.0,-1,22,2629.49,0.2,1.0,0.0,0.0,0.0,0,0,0.0,2221.29,1,0,0.0,5258.98,2,0,0.0,5258.98,2,0,0.0,0
LGS2ORD0013662,C010689,2025-04-19 04:00:00,Female,45,Gold,Lazada,Chonburi,184,Shopee,COD,4,4,5,1,40-50,6.133333333333334,4.0,1.0,0.25,42,44,6647.0225,0.2299999999999999,0.25,0.25,0.0,0.0,0,0,0.0,0.0,0,0,0.0,26588.09,4,1,0.25,26588.09,4,1,0.25,0
LGS2ORD0013663,C014420,2025-04-19 05:00:00,Female,56,Silver,Shopee,Bangkok,456,CallCenter,PromptPay,5,4,5,1,>50,15.2,1.0,1.0,1.0,23,29,4105.64,0.05,0.0,0.0,0.0,0.0,0,0,0.0,4105.64,1,1,1.0,4105.64,1,1,1.0,4105.64,1,1,1.0,1
LGS2ORD0013664,C015392,2025-04-19 05:00:00,Male,41,Bronze,TV,Bangkok,283,Shopee,COD,5,4,5,1,40-50,9.433333333333334,3.0,0.0,0.0,-1,15,6578.473333333334,0.13,1.0,0.0,0.0,0.0,0,0,0.0,18622.89,2,0,0.0,19735.420000000002,3,0,0.0,19735.420000000002,3,0,0.0,0
LGS2ORD0013665,C011321,2025-04-19 05:00:00,Female,53,Bronze,CallCenter,Bangkok,1195,Web,Credit_Card,5,4,5,1,>50,39.833333333333336,0.0,0.0,0.0,-1,-1,0.0,0.0,0.0,0.0,0.0,0.0,0,0,0.0,0.0,0,0,0.0,0.0,0,0,0.0,0.0,0,0,0.0,1
LGS2ORD0013666,C012305,2025-04-19 05:00:00,Female,43,Gold,Web,Khon Kaen,1503,TV_Show,COD,5,4,5,1,40-50,50.1,2.0,0.0,0.0,-1,31,2191.04,0.33,1.0,0.5,0.0,0.0,0,0,0.0,0.0,0,0,0.0,3202.28,1,0,0.0,4382.08,2,0,0.0,0
LGS2ORD0013667,C015323,2025-04-19 05:00:00,Female,40,Bronze,TV,Songkhla,980,TV_Show,Bank_Transfer,5,4,5,1,30-40,32.666666666666664,3.0,2.0,0.6666666666666666,-1,10,3721.463333333333,0.28,0.6666666666666666,0.6666666666666666,0.0,0.0,0,0,0.0,651.48,1,1,1.0,1007.83,2,2,1.0,11164.39,3,2,0.6666666666666666,0
LGS2ORD0013668,C012829,2025-04-19 06:00:00,Female,72,Silver,TV,Bangkok,939,TV_Show,COD,6,4,5,1,>50,31.3,6.0,2.0,0.3333333333333333,18,31,7053.511666666668,0.25,0.5,0.3333333333333333,0.0,0.0,0,0,0.0,0.0,0,0,0.0,40213.31,5,2,0.4,42321.07000000001,6,2,0.3333333333333333,1
LGS2ORD0013669,C011345,2025-04-19 06:00:00,Male,34,Silver,Shopee,Khon Kaen,1084,Shopee,COD,6,4,5,1,30-40,36.13333333333333,0.0,0.0,0.0,-1,-1,0.0,0.0,0.0,0.0,0.0,0.0,0,0,0.0,0.0,0,0,0.0,0.0,0,0,0.0,0.0,0,0,0.0,0
LGS2ORD0013670,C016950,2025-04-19 06:00:00,Female,25,Silver,TV,Khon Kaen,381,Shopee,Credit_Card,6,4,5,1,20-30,12.7,2.0,1.0,0.5,44,44,3381.02,0.25,0.5,0.5,0.0,0.0,0,0,0.0,0.0,0,0,0.0,6762.04,2,1,0.5,6762.04,2,1,0.5,0
LGS2ORD0013671,C010079,2025-04-19 06:00:00,Male,41,Bronze,Web,Khon Kaen,1076,CallCenter,COD,6,4,5,1,40-50,35.86666666666667,1.0,0.0,0.0,-1,32,4836.01,0.03,1.0,0.0,0.0,0.0,0,0,0.0,0.0,0,0,0.0,4836.01,1,0,0.0,4836.01,1,0,0.0,0
LGS2ORD0013672,C016911,2025-04-19 06:00:00,Male,41,Silver,Shopee,Chonburi,990,TV_Show,PromptPay,6,4,5,1,40-50,33.0,3.0,1.0,0.3333333333333333,46,45,5673.88,0.15,0.3333333333333333,0.0,0.0,0.0,0,0,0.0,0.0,0,0,0.0,17021.64,3,1,0.3333333333333333,17021.64,3,1,0.3333333333333333,0
LGS2ORD0013673,C011544,2025-04-19 07:00:00,Female,58,Bronze,Web,Bangkok,808,Web,COD,7,4,5,1,>50,26.933333333333334,2.0,0.0,0.0,-1,83,2538.02,0.23,1.0,0.5,0.0,0.0,0,0,0.0,0.0,0,0,0.0,1267.66,1,0,0.0,5076.04,2,0,0.0,1
LGS2ORD0013674,C011671,2025-04-19 07:00:00,Female,51,Bronze,TV,Remote_Area,779,Lazada,COD,7,4,5,1,>50,25.966666666666665,2.0,0.0,0.0,-1,50,6858.37,0.03,0.5,0.0,0.0,0.0,0,0,0.0,0.0,0,0,0.0,3886.43,1,0,0.0,13716.74,2,0,0.0,0
LGS2ORD0013675,C010080,2025-04-19 07:00:00,Female,49,Silver,Web,Chonburi,424,CallCenter,PromptPay,7,4,5,1,40-50,14.133333333333333,1.0,1.0,1.0,79,87,2971.21,0.05,0.0,0.0,0.0,0.0,0,0,0.0,0.0,0,0,0.0,2971.21,1,1,1.0,2971.21,1,1,1.0,0
LGS2ORD0013676,C016509,2025-04-19 07:00:00,Male,45,Gold,Shopee,Bangkok,495,TV_Show,PromptPay,7,4,5,1,40-50,16.5,0.0,0.0,0.0,-1,-1,0.0,0.0,0.0,0.0,0.0,0.0,0,0,0.0,0.0,0,0,0.0,0.0,0,0,0.0,0.0,0,0,0.0,0
LGS2ORD0013677,C012378,2025-04-19 07:00:00,Female,59,Silver,Lazada,Chiang Mai,767,TV_Show,Credit_Card,7,4,5,1,>50,25.566666666666666,1.0,0.0,0.0,-1,47,1391.78,0.05,1.0,0.0,0.0,0.0,0,0,0.0,0.0,0,0,0.0,1391.78,1,0,0.0,1391.78,1,0,0.0,1
LGS2ORD0013678,C010099,2025-04-19 08:00:00,Other,52,Bronze,Web,Khon Kaen,1085,Web,Credit_Card,8,4,5,1,>50,36.166666666666664,2.0,1.0,0.5,66,58,5176.41,0.18,0.5,0.0,0.0,0.0,0,0,0.0,0.0,0,0,0.0,10352.82,2,1,0.5,10352.82,2,1,0.5,0
LGS2ORD0013679,C014065,2025-04-19 08:00:00,Female,37,Silver,Shopee,Bangkok,1008,CallCenter,PromptPay,8,4,5,1,30-40,33.6,1.0,0.0,0.0,-1,18,1570.88,0.05,1.0,0.0,0.0,0.0,0,0,0.0,1570.88,1,0,0.0,1570.88,1,0,0.0,1570.88,1,0,0.0,0
LGS2ORD0013680,C015588,2025-04-19 08:00:00,Male,51,Bronze,TV,Songkhla,189,TV_Show,COD,8,4,5,1,>50,6.3,3.0,1.0,0.3333333333333333,37,39,1481.24,0.28,0.6666666666666666,0.3333333333333333,0.0,0.0,0,0,0.0,0.0,0,0,0.0,4443.72,3,1,0.3333333333333333,4443.72,3,1,0.3333333333333333,1
LGS2ORD0013681,C010850,2025-04-19 08:00:00,Other,43,Silver,TV,Chiang Mai,746,Shopee,COD,8,4,5,1,40-50,24.866666666666667,3.0,1.0,0.3333333333333333,56,14,8446.056666666665,0.1,0.6666666666666666,0.0,0.0,0.0,0,0,0.0,7324.76,1,0,0.0,23337.75,2,1,0.5,25338.17,3,1,0.3333333333333333,0
LGS2ORD0013682,C014085,2025-04-19 08:00:00,Female,40,Gold,Shopee,Khon Kaen,951,TV_Show,COD,8,4,5,1,30-40,31.7,5.0,1.0,0.2,4,9,1587.636,0.2299999999999999,0.2,0.6,0.0,0.0,0,0,0.0,2545.21,2,1,0.5,3116.45,3,1,0.3333333333333333,7938.179999999999,5,1,0.2,0
LGS2ORD0013683,C015180,2025-04-19 08:00:00,Male,44,Platinum,Shopee,Remote_Area,867,Shopee,COD,8,4,5,1,40-50,28.9,1.0,1.0,1.0,85,90,2410.61,0.25,1.0,1.0,0.0,0.0,0,0,0.0,0.0,0,0,0.0,0.0,0,0,0.0,2410.61,1,1,1.0,1
LGS2ORD0013684,C012095,2025-04-19 09:00:00,Female,49,Bronze,TV,Bangkok,1256,Lazada,Bank_Transfer,9,4,5,1,40-50,41.86666666666667,2.0,1.0,0.5,92,49,10325.51,0.08,1.0,0.0,0.0,0.0,0,0,0.0,0.0,0,0,0.0,8265.43,1,0,0.0,20651.02,2,1,0.5,0
LGS2ORD0013685,C011921,2025-04-19 09:00:00,Other,39,Bronze,Web,Remote_Area,1064,Web,PromptPay,9,4,5,1,30-40,35.46666666666667,3.0,3.0,1.0,21,28,952.8033333333333,0.23,1.0,0.3333333333333333,0.0,0.0,0,0,0.0,1320.76,1,1,1.0,2858.41,3,3,1.0,2858.41,3,3,1.0,0
LGS2ORD0013686,C016216,2025-04-19 09:00:00,Female,61,Bronze,Shopee,Remote_Area,513,TV_Show,COD,9,4,5,1,>50,17.1,5.0,1.0,0.2,61,4,8611.872,0.28,0.4,0.6,0.0,36498.4,1,0,0.0,36498.4,1,0,0.0,43059.36,5,1,0.2,43059.36,5,1,0.2,0
LGS2ORD0013687,C014797,2025-04-19 09:00:00,Male,18,Bronze,Lazada,Phuket,260,TV_Show,Bank_Transfer,9,4,5,1,<20,8.666666666666666,2.0,1.0,0.5,87,78,5014.9349999999995,0.28,0.5,0.5,0.0,0.0,0,0,0.0,0.0,0,0,0.0,8397.22,1,0,0.0,10029.869999999999,2,1,0.5,0
LGS2ORD0013688,C010641,2025-04-19 09:00:00,Male,18,Bronze,Shopee,Chiang Mai,507,Lazada,COD,9,4,5,1,<20,16.9,1.0,0.0,0.0,-1,59,6045.45,0.23,0.0,1.0,0.0,0.0,0,0,0.0,0.0,0,0,0.0,6045.45,1,0,0.0,6045.45,1,0,0.0,0
LGS2ORD0013689,C015443,2025-04-19 10:00:00,Female,18,Bronze,Web,Chonburi,568,Shopee,COD,10,4,5,1,<20,18.933333333333334,1.0,0.0,0.0,-1,34,3269.61,0.13,1.0,0.0,0.0,0.0,0,0,0.0,0.0,0,0,0.0,3269.61,1,0,0.0,3269.61,1,0,0.0,1
LGS2ORD0013690,C014947,2025-04-19 10:00:00,Female,44,Bronze,Lazada,Chonburi,774,CallCenter,Bank_Transfer,10,4,5,1,40-50,25.8,2.0,1.0,0.5,81,81,866.865,0.28,0.5,1.0,0.0,0.0,0,0,0.0,0.0,0,0,0.0,1430.48,1,0,0.0,1733.73,2,1,0.5,0
LGS2ORD0013691,C011850,2025-04-19 10:00:00,Male,57,Bronze,Shopee,Remote_Area,410,Shopee,COD,10,4,5,1,>50,13.666666666666666,2.0,1.0,0.5,0,8,1379.19,0.18,1.0,0.0,0.0,0.0,0,0,0.0,2210.04,1,1,1.0,2758.38,2,1,0.5,2758.38,2,1,0.5,0
LGS2ORD0013692,C013087,2025-04-19 10:00:00,Female,60,Bronze,Lazada,Bangkok,401,Shopee,COD,10,4,5,1,>50,13.366666666666667,1.0,0.0,0.0,-1,55,279.51,0.23,0.0,1.0,0.0,0.0,0,0,0.0,0.0,0,0,0.0,279.51,1,0,0.0,279.51,1,0,0.0,0
LGS2ORD0013693,C017649,2025-04-19 10:00:00,Male,21,Bronze,TV,Songkhla,1106,TV_Show,COD,10,4,5,1,20-30,36.86666666666667,1.0,0.0,0.0,-1,38,7718.68,0.18,0.0,0.0,0.0,0.0,0,0,0.0,0.0,0,0,0.0,7718.68,1,0,0.0,7718.68,1,0,0.0,1
LGS2ORD0013694,C012397,2025-04-19 11:00:00,Male,49,Bronze,TV,Nakhon Ratchasima,1237,Lazada,Credit_Card,11,4,5,1,40-50,41.233333333333334,4.0,1.0,0.25,39,23,7817.0825,0.23,0.75,0.25,0.0,0.0,0,0,0.0,6605.51,1,0,0.0,31268.33,4,1,0.25,31268.33,4,1,0.25,0
LGS2ORD0013695,C015109,2025-04-19 11:00:00,Female,58,Bronze,TV,Remote_Area,862,TV_Show,PromptPay,11,4,5,1,>50,28.733333333333334,1.0,0.0,0.0,-1,25,1015.36,0.18,1.0,0.0,0.0,0.0,0,0,0.0,1015.36,1,0,0.0,1015.36,1,0,0.0,1015.36,1,0,0.0,0
LGS2ORD0013696,C016770,2025-04-19 11:00:00,Female,38,Bronze,Shopee,Bangkok,505,Lazada,Bank_Transfer,11,4,5,1,30-40,16.833333333333332,1.0,0.0,0.0,-1,12,12583.93,0.18,1.0,0.0,0.0,0.0,0,0,0.0,12583.93,1,0,0.0,12583.93,1,0,0.0,12583.93,1,0,0.0,0
LGS2ORD0013697,C013059,2025-04-19 11:00:00,Other,37,Platinum,Shopee,Khon Kaen,306,TV_Show,Bank_Transfer,11,4,5,1,30-40,10.2,1.0,0.0,0.0,-1,83,3254.62,0.1,1.0,0.0,0.0,0.0,0,0,0.0,0.0,0,0,0.0,3254.62,1,0,0.0,3254.62,1,0,0.0,0
LGS2ORD0013698,C017538,2025-04-19 11:00:00,Female,38,Gold,Web,Bangkok,1291,Shopee,Credit_Card,11,4,5,1,30-40,43.03333333333333,3.0,1.0,0.3333333333333333,23,5,8309.683333333332,0.28,1.0,0.6666666666666666,0.0,18847.64,1,0,0.0,23606.4,2,1,0.5,23606.4,2,1,0.5,24929.05,3,1,0.3333333333333333,1
LGS2ORD0013699,C011256,2025-04-19 11:00:00,Male,54,Bronze,TV,Chiang Mai,1022,Shopee,Credit_Card,11,4,5,1,>50,34.06666666666667,3.0,2.0,0.6666666666666666,64,79,10463.513333333334,0.28,0.6666666666666666,0.3333333333333333,0.0,0.0,0,0,0.0,0.0,0,0,0.0,26432.120000000003,2,1,0.5,31390.54,3,2,0.6666666666666666,0
LGS2ORD0013700,C014444,2025-04-19 12:00:00,Male,39,Bronze,Shopee,Chonburi,1105,Lazada,Credit_Card,12,4,5,1,30-40,36.833333333333336,2.0,0.0,0.0,-1,17,5945.54,0.18,0.0,0.0,0.0,0.0,0,0,0.0,2077.82,1,0,0.0,11891.08,2,0,0.0,11891.08,2,0,0.0,0
LGS2ORD0013701,C012086,2025-04-19 12:00:00,Male,62,Silver,Shopee,Bangkok,1382,Web,COD,12,4,5,1,>50,46.06666666666667,3.0,0.0,0.0,-1,40,8133.936666666666,0.1,0.3333333333333333,0.0,0.0,0.0,0,0,0.0,0.0,0,0,0.0,24401.809999999998,3,0,0.0,24401.809999999998,3,0,0.0,0
LGS2ORD0013702,C012238,2025-04-19 12:00:00,Female,36,Silver,Shopee,Nakhon Ratchasima,717,TV_Show,COD,12,4,5,1,30-40,23.9,4.0,0.0,0.0,-1,8,6908.39,0.25,1.0,0.25,0.0,0.0,0,0,0.0,12363.89,2,0,0.0,14539.79,3,0,0.0,27633.56,4,0,0.0,0
LGS2ORD0013703,C010309,2025-04-19 12:00:00,Male,18,Bronze,TV,Chonburi,388,CallCenter,PromptPay,12,4,5,1,<20,12.933333333333334,1.0,0.0,0.0,-1,33,6463.42,0.18,0.0,0.0,0.0,0.0,0,0,0.0,0.0,0,0,0.0,6463.42,1,0,0.0,6463.42,1,0,0.0,0
LGS2ORD0013704,C013402,2025-04-19 12:00:00,Male,40,Bronze,TV,Phuket,506,TV_Show,COD,12,4,5,1,30-40,16.866666666666667,3.0,1.0,0.3333333333333333,67,8,2229.3633333333332,0.18,1.0,0.0,0.0,0.0,0,0,0.0,4376.4,2,0,0.0,6688.09,3,1,0.3333333333333333,6688.09,3,1,0.3333333333333333,1
LGS2ORD0013705,C010760,2025-04-19 13:00:00,Female,32,Bronze,Lazada,Khon Kaen,1550,CallCenter,COD,13,4,5,1,30-40,51.666666666666664,1.0,0.0,0.0,-1,85,1068.36,0.08,0.0,0.0,0.0,0.0,0,0,0.0,0.0,0,0,0.0,1068.36,1,0,0.0,1068.36,1,0,0.0,0
LGS2ORD0013706,C012013,2025-04-19 13:00:00,Female,52,Silver,CallCenter,Chiang Mai,182,Lazada,COD,13,4,5,1,>50,6.066666666666666,3.0,1.0,0.3333333333333333,35,16,11847.476666666667,0.1,0.6666666666666666,0.0,0.0,0.0,0,0,0.0,32323.42,2,0,0.0,35542.43,3,1,0.3333333333333333,35542.43,3,1,0.3333333333333333,0
LGS2ORD0013707,C016793,2025-04-19 13:00:00,Male,47,Silver,Lazada,Bangkok,266,Lazada,Credit_Card,13,4,5,1,40-50,8.866666666666667,0.0,0.0,0.0,-1,-1,0.0,0.0,0.0,0.0,0.0,0.0,0,0,0.0,0.0,0,0,0.0,0.0,0,0,0.0,0.0,0,0,0.0,0
LGS2ORD0013708,C013596,2025-04-19 13:00:00,Male,25,Gold,Web,Chonburi,701,TV_Show,Bank_Transfer,13,4,5,1,20-30,23.366666666666667,1.0,0.0,0.0,-1,19,15136.51,0.13,0.0,0.0,0.0,0.0,0,0,0.0,15136.51,1,0,0.0,15136.51,1,0,0.0,15136.51,1,0,0.0,1
LGS2ORD0013709,C015146,2025-04-19 13:00:00,Female,53,Bronze,Shopee,Remote_Area,756,TV_Show,COD,13,4,5,1,>50,25.2,0.0,0.0,0.0,-1,-1,0.0,0.0,0.0,0.0,0.0,0.0,0,0,0.0,0.0,0,0,0.0,0.0,0,0,0.0,0.0,0,0,0.0,1
LGS2ORD0013710,C016517,2025-04-19 14:00:00,Male,58,Bronze,TV,Bangkok,1287,Shopee,Credit_Card,14,4,5,1,>50,42.9,3.0,2.0,0.6666666666666666,2,8,6444.536666666667,0.23,0.6666666666666666,0.3333333333333333,0.0,0.0,0,0,0.0,1083.67,1,1,1.0,17397.03,2,2,1.0,19333.61,3,2,0.6666666666666666,0
LGS2ORD0013711,C015451,2025-04-19 14:00:00,Female,56,Silver,Web,Khon Kaen,1333,Web,PromptPay,14,4,5,1,>50,44.43333333333333,2.0,0.0,0.0,-1,63,3977.505,0.1,0.5,0.0,0.0,0.0,0,0,0.0,0.0,0,0,0.0,7955.01,2,0,0.0,7955.01,2,0,0.0,0
LGS2ORD0013712,C014375,2025-04-19 14:00:00,Male,61,Silver,CallCenter,Bangkok,1132,Lazada,COD,14,4,5,1,>50,37.733333333333334,4.0,1.0,0.25,95,24,13547.074999999999,0.3,0.5,0.25,0.0,0.0,0,0,0.0,20723.28,1,0,0.0,53606.229999999996,3,0,0.0,54188.299999999996,4,1,0.25,0
LGS2ORD0013713,C014308,2025-04-19 14:00:00,Male,48,Bronze,TV,Remote_Area,1133,CallCenter,COD,14,4,5,1,40-50,37.766666666666666,0.0,0.0,0.0,-1,-1,0.0,0.0,0.0,0.0,0.0,0.0,0,0,0.0,0.0,0,0,0.0,0.0,0,0,0.0,0.0,0,0,0.0,0
LGS2ORD0013714,C011339,2025-04-19 14:00:00,Male,41,Bronze,Lazada,Remote_Area,671,Shopee,COD,14,4,5,1,40-50,22.366666666666667,1.0,0.0,0.0,-1,7,35325.19,0.28,0.0,1.0,0.0,0.0,0,0,0.0,35325.19,1,0,0.0,35325.19,1,0,0.0,35325.19,1,0,0.0,0
LGS2ORD0013715,C016488,2025-04-19 15:00:00,Female,54,Bronze,TV,Songkhla,997,CallCenter,COD,15,4,5,1,>50,33.233333333333334,0.0,0.0,0.0,-1,-1,0.0,0.0,0.0,0.0,0.0,0.0,0,0,0.0,0.0,0,0,0.0,0.0,0,0,0.0,0.0,0,0,0.0,1
LGS2ORD0013716,C014069,2025-04-19 15:00:00,Female,55,Silver,Web,Bangkok,1563,Shopee,COD,15,4,5,1,>50,52.1,1.0,0.0,0.0,-1,94,3333.63,0.1,0.0,0.0,0.0,0.0,0,0,0.0,0.0,0,0,0.0,0.0,0,0,0.0,3333.63,1,0,0.0,0
LGS2ORD0013717,C014891,2025-04-19 15:00:00,Male,43,Bronze,TV,Bangkok,1100,Shopee,Bank_Transfer,15,4,5,1,40-50,36.666666666666664,3.0,0.0,0.0,-1,23,3565.9266666666667,0.23,0.0,0.3333333333333333,0.0,0.0,0,0,0.0,9798.34,2,0,0.0,10697.78,3,0,0.0,10697.78,3,0,0.0,1
LGS2ORD0013718,C013186,2025-04-19 15:00:00,Female,40,Silver,Web,Chonburi,823,Lazada,PromptPay,15,4,5,1,30-40,27.433333333333334,0.0,0.0,0.0,-1,-1,0.0,0.0,0.0,0.0,0.0,0.0,0,0,0.0,0.0,0,0,0.0,0.0,0,0,0.0,0.0,0,0,0.0,0
LGS2ORD0013719,C011875,2025-04-19 15:00:00,Male,43,Bronze,Lazada,Remote_Area,1248,Web,Bank_Transfer,15,4,5,1,40-50,41.6,2.0,2.0,1.0,54,68,5584.58,0.18,0.5,0.0,0.0,0.0,0,0,0.0,0.0,0,0,0.0,6613.38,1,1,1.0,11169.16,2,2,1.0,1
LGS2ORD0013720,C013399,2025-04-19 15:00:00,Other,39,Gold,Web,Nakhon Ratchasima,1074,TV_Show,PromptPay,15,4,5,1,30-40,35.8,0.0,0.0,0.0,-1,-1,0.0,0.0,0.0,0.0,0.0,0.0,0,0,0.0,0.0,0,0,0.0,0.0,0,0,0.0,0.0,0,0,0.0,0
LGS2ORD0013721,C017715,2025-04-19 16:00:00,Male,18,Bronze,TV,Chiang Mai,1341,Shopee,COD,16,4,5,1,<20,44.7,0.0,0.0,0.0,-1,-1,0.0,0.0,0.0,0.0,0.0,0.0,0,0,0.0,0.0,0,0,0.0,0.0,0,0,0.0,0.0,0,0,0.0,1
LGS2ORD0013722,C017438,2025-04-19 16:00:00,Female,40,Bronze,Lazada,Songkhla,225,Lazada,COD,16,4,5,1,30-40,7.5,0.0,0.0,0.0,-1,-1,0.0,0.0,0.0,0.0,0.0,0.0,0,0,0.0,0.0,0,0,0.0,0.0,0,0,0.0,0.0,0,0,0.0,1
LGS2ORD0013723,C010317,2025-04-19 16:00:00,Male,58,Silver,TV,Songkhla,1231,TV_Show,COD,16,4,5,1,>50,41.03333333333333,1.0,0.0,0.0,-1,80,3757.22,0.1,0.0,0.0,0.0,0.0,0,0,0.0,0.0,0,0,0.0,3757.22,1,0,0.0,3757.22,1,0,0.0,1
LGS2ORD0013724,C011689,2025-04-19 16:00:00,Female,61,Gold,Lazada,Chonburi,742,CallCenter,Credit_Card,16,4,5,1,>50,24.733333333333334,3.0,1.0,0.3333333333333333,83,39,3825.1133333333332,0.28,0.3333333333333333,1.0,0.0,0.0,0,0,0.0,0.0,0,0,0.0,9970.19,2,0,0.0,11475.34,3,1,0.3333333333333333,0
LGS2ORD0013725,C017588,2025-04-19 16:00:00,Female,44,Bronze,CallCenter,Phuket,334,TV_Show,COD,16,4,5,1,40-50,11.133333333333333,2.0,0.0,0.0,-1,8,3791.79,0.03,0.0,0.0,0.0,0.0,0,0,0.0,5224.01,1,0,0.0,7583.58,2,0,0.0,7583.58,2,0,0.0,1
LGS2ORD0013726,C010281,2025-04-19 17:00:00,Female,40,Silver,Web,Bangkok,445,CallCenter,PromptPay,17,4,5,1,30-40,14.833333333333334,1.0,1.0,1.0,41,55,375.25,0.15,0.0,0.0,0.0,0.0,0,0,0.0,0.0,0,0,0.0,375.25,1,1,1.0,375.25,1,1,1.0,1
LGS2ORD0013727,C016767,2025-04-19 17:00:00,Female,54,Bronze,TV,Remote_Area,191,Shopee,PromptPay,17,4,5,1,>50,6.366666666666666,4.0,2.0,0.5,26,6,3034.3375,0.23,0.0,0.25,0.0,1160.11,1,0,0.0,1160.11,1,0,0.0,12137.35,4,2,0.5,12137.35,4,2,0.5,0
LGS2ORD0013728,C012629,2025-04-19 17:00:00,Male,34,Platinum,Shopee,Bangkok,1291,Web,COD,17,4,5,1,30-40,43.03333333333333,0.0,0.0,0.0,-1,-1,0.0,0.0,0.0,0.0,0.0,0.0,0,0,0.0,0.0,0,0,0.0,0.0,0,0,0.0,0.0,0,0,0.0,1
LGS2ORD0013729,C011766,2025-04-19 17:00:00,Female,32,Silver,TV,Remote_Area,1373,Lazada,Credit_Card,17,4,5,1,30-40,45.766666666666666,0.0,0.0,0.0,-1,-1,0.0,0.0,0.0,0.0,0.0,0.0,0,0,0.0,0.0,0,0,0.0,0.0,0,0,0.0,0.0,0,0,0.0,0
LGS2ORD0013730,C011784,2025-04-19 17:00:00,Female,18,Silver,Web,Remote_Area,1288,Web,Credit_Card,17,4,5,1,<20,42.93333333333333,0.0,0.0,0.0,-1,-1,0.0,0.0,0.0,0.0,0.0,0.0,0,0,0.0,0.0,0,0,0.0,0.0,0,0,0.0,0.0,0,0,0.0,0
LGS2ORD0013731,C016746,2025-04-19 18:00:00,Female,55,Silver,TV,Nakhon Ratchasima,1066,Lazada,PromptPay,18,4,5,1,>50,35.53333333333333,1.0,0.0,0.0,-1,22,3960.28,0.2,1.0,0.0,0.0,0.0,0,0,0.0,3960.28,1,0,0.0,3960.28,1,0,0.0,3960.28,1,0,0.0,0
LGS2ORD0013732,C015160,2025-04-19 18:00:00,Female,39,Gold,Web,Bangkok,844,Web,Bank_Transfer,18,4,5,1,30-40,28.133333333333333,1.0,0.0,0.0,-1,92,11699.57,0.13,0.0,0.0,0.0,0.0,0,0,0.0,0.0,0,0,0.0,0.0,0,0,0.0,11699.57,1,0,0.0,0
LGS2ORD0013733,C012386,2025-04-19 18:00:00,Male,43,Silver,Web,Remote_Area,864,Web,Credit_Card,18,4,5,1,40-50,28.8,1.0,0.0,0.0,-1,37,2101.32,0.05,0.0,0.0,0.0,0.0,0,0,0.0,0.0,0,0,0.0,2101.32,1,0,0.0,2101.32,1,0,0.0,0
LGS2ORD0013734,C010595,2025-04-19 18:00:00,Female,62,Bronze,Web,Phuket,750,Web,Credit_Card,18,4,5,1,>50,25.0,2.0,2.0,1.0,7,18,12682.895,0.18,0.5,0.0,0.0,0.0,0,0,0.0,5732.33,1,1,1.0,25365.79,2,2,1.0,25365.79,2,2,1.0,0
LGS2ORD0013735,C011037,2025-04-19 18:00:00,Female,54,Silver,Web,Nakhon Ratchasima,1303,Shopee,Bank_Transfer,18,4,5,1,>50,43.43333333333333,0.0,0.0,0.0,-1,-1,0.0,0.0,0.0,0.0,0.0,0.0,0,0,0.0,0.0,0,0,0.0,0.0,0,0,0.0,0.0,0,0,0.0,1
LGS2ORD0013736,C016582,2025-04-19 19:00:00,Female,52,Gold,Web,Bangkok,495,Web,Credit_Card,19,4,5,1,>50,16.5,5.0,2.0,0.4,40,20,5103.325999999999,0.18,0.8,0.0,0.0,0.0,0,0,0.0,10532.57,1,0,0.0,23920.76,3,1,0.3333333333333333,25516.629999999997,5,2,0.4,0
LGS2ORD0013737,C016960,2025-04-19 19:00:00,Female,36,Silver,TV,Bangkok,671,TV_Show,Credit_Card,19,4,5,1,30-40,22.366666666666667,1.0,0.0,0.0,-1,69,2153.99,0.1,0.0,0.0,0.0,0.0,0,0,0.0,0.0,0,0,0.0,2153.99,1,0,0.0,2153.99,1,0,0.0,0
LGS2ORD0013738,C016890,2025-04-19 19:00:00,Male,27,Gold,Shopee,Khon Kaen,1027,Shopee,COD,19,4,5,1,20-30,34.233333333333334,1.0,0.0,0.0,-1,48,13749.32,0.18,0.0,0.0,0.0,0.0,0,0,0.0,0.0,0,0,0.0,13749.32,1,0,0.0,13749.32,1,0,0.0,1
LGS2ORD0013739,C013884,2025-04-19 19:00:00,Female,33,Gold,Lazada,Chonburi,1398,TV_Show,COD,19,4,5,1,30-40,46.6,1.0,0.0,0.0,-1,64,2995.47,0.08,0.0,0.0,0.0,0.0,0,0,0.0,0.0,0,0,0.0,2995.47,1,0,0.0,2995.47,1,0,0.0,0
LGS2ORD0013740,C013911,2025-04-19 19:00:00,Female,30,Bronze,Lazada,Khon Kaen,1439,TV_Show,COD,19,4,5,1,20-30,47.96666666666667,0.0,0.0,0.0,-1,-1,0.0,0.0,0.0,0.0,0.0,0.0,0,0,0.0,0.0,0,0,0.0,0.0,0,0,0.0,0.0,0,0,0.0,0
LGS2ORD0013741,C017537,2025-04-19 19:00:00,Male,21,Bronze,TV,Khon Kaen,1354,Web,COD,19,4,5,1,20-30,45.13333333333333,2.0,1.0,0.5,31,36,4283.04,0.23,0.5,0.5,0.0,0.0,0,0,0.0,0.0,0,0,0.0,8566.08,2,1,0.5,8566.08,2,1,0.5,0
LGS2ORD0013742,C011964,2025-04-19 20:00:00,Male,68,Bronze,Web,Chiang Mai,215,Lazada,COD,20,4,5,1,>50,7.166666666666667,0.0,0.0,0.0,-1,-1,0.0,0.0,0.0,0.0,0.0,0.0,0,0,0.0,0.0,0,0,0.0,0.0,0,0,0.0,0.0,0,0,0.0,0
LGS2ORD0013743,C010467,2025-04-19 20:00:00,Female,29,Bronze,Web,Nakhon Ratchasima,1388,CallCenter,Credit_Card,20,4,5,1,20-30,46.266666666666666,1.0,0.0,0.0,-1,22,14176.11,0.03,0.0,0.0,0.0,0.0,0,0,0.0,14176.11,1,0,0.0,14176.11,1,0,0.0,14176.11,1,0,0.0,0
LGS2ORD0013744,C015790,2025-04-19 20:00:00,Male,36,Bronze,CallCenter,Bangkok,1515,Shopee,Bank_Transfer,20,4,5,1,30-40,50.5,0.0,0.0,0.0,-1,-1,0.0,0.0,0.0,0.0,0.0,0.0,0,0,0.0,0.0,0,0,0.0,0.0,0,0,0.0,0.0,0,0,0.0,0
LGS2ORD0013745,C011488,2025-04-19 20:00:00,Male,42,Bronze,Shopee,Bangkok,1032,Lazada,COD,20,4,5,1,40-50,34.4,0.0,0.0,0.0,-1,-1,0.0,0.0,0.0,0.0,0.0,0.0,0,0,0.0,0.0,0,0,0.0,0.0,0,0,0.0,0.0,0,0,0.0,0
LGS2ORD0013746,C011440,2025-04-19 20:00:00,Female,41,Bronze,Web,Khon Kaen,849,Web,Bank_Transfer,20,4,5,1,40-50,28.3,2.0,0.0,0.0,-1,2,10607.215,0.23,0.5,0.5,0.0,20051.0,1,0,0.0,20051.0,1,0,0.0,21214.43,2,0,0.0,21214.43,2,0,0.0,0
LGS2ORD0013747,C015840,2025-04-19 21:00:00,Male,30,Silver,Lazada,Bangkok,1031,TV_Show,COD,21,4,5,1,20-30,34.36666666666667,3.0,0.0,0.0,-1,4,3659.6266666666666,0.1,0.3333333333333333,0.0,0.0,1558.15,1,0,0.0,2037.91,2,0,0.0,10978.88,3,0,0.0,10978.88,3,0,0.0,0
LGS2ORD0013748,C015012,2025-04-19 21:00:00,Female,55,Silver,Web,Khon Kaen,432,Shopee,COD,21,4,5,1,>50,14.4,2.0,1.0,0.5,26,38,2298.37,0.1,0.5,0.0,0.0,0.0,0,0,0.0,0.0,0,0,0.0,1804.41,1,1,1.0,4596.74,2,1,0.5,0
LGS2ORD0013749,C016396,2025-04-19 21:00:00,Female,30,Silver,Web,Chiang Mai,1535,Lazada,PromptPay,21,4,5,1,20-30,51.166666666666664,2.0,2.0,1.0,25,37,5599.66,0.3,0.0,0.5,0.0,0.0,0,0,0.0,0.0,0,0,0.0,11199.32,2,2,1.0,11199.32,2,2,1.0,0
LGS2ORD0013750,C010661,2025-04-19 21:00:00,Female,46,Bronze,Web,Phuket,1242,Lazada,COD,21,4,5,1,40-50,41.4,2.0,1.0,0.5,77,24,2533.76,0.28,0.5,0.5,0.0,0.0,0,0,0.0,2113.86,1,0,0.0,5067.52,2,1,0.5,5067.52,2,1,0.5,0
LGS2ORD0013751,C012630,2025-04-19 21:00:00,Male,54,Platinum,Web,Chonburi,185,TV_Show,Credit_Card,21,4,5,1,>50,6.166666666666667,1.0,1.0,1.0,27,36,2886.52,0.3,1.0,1.0,0.0,0.0,0,0,0.0,0.0,0,0,0.0,2886.52,1,1,1.0,2886.52,1,1,1.0,0
LGS2ORD0013752,C015417,2025-04-19 22:00:00,Male,36,Gold,Lazada,Chiang Mai,272,CallCenter,COD,22,4,5,1,30-40,9.066666666666666,0.0,0.0,0.0,-1,-1,0.0,0.0,0.0,0.0,0.0,0.0,0,0,0.0,0.0,0,0,0.0,0.0,0,0,0.0,0.0,0,0,0.0,1
LGS2ORD0013753,C010826,2025-04-19 22:00:00,Male,27,Bronze,TV,Nakhon Ratchasima,1110,Lazada,Credit_Card,22,4,5,1,20-30,37.0,1.0,0.0,0.0,-1,4,3315.93,0.28,0.0,1.0,0.0,3315.93,1,0,0.0,3315.93,1,0,0.0,3315.93,1,0,0.0,3315.93,1,0,0.0,0
LGS2ORD0013754,C014653,2025-04-19 22:00:00,Female,43,Bronze,TV,Remote_Area,1129,TV_Show,Credit_Card,22,4,5,1,40-50,37.63333333333333,1.0,1.0,1.0,40,52,3930.16,0.13,1.0,0.0,0.0,0.0,0,0,0.0,0.0,0,0,0.0,3930.16,1,1,1.0,3930.16,1,1,1.0,0
LGS2ORD0013755,C012019,2025-04-19 22:00:00,Male,36,Bronze,TV,Khon Kaen,1469,TV_Show,COD,22,4,5,1,30-40,48.96666666666667,2.0,0.0,0.0,-1,19,2749.85,0.28,0.5,0.5,0.0,0.0,0,0,0.0,2880.23,1,0,0.0,5499.7,2,0,0.0,5499.7,2,0,0.0,0
LGS2ORD0013756,C013389,2025-04-19 22:00:00,Female,43,Silver,Shopee,Bangkok,1242,TV_Show,COD,22,4,5,1,40-50,41.4,0.0,0.0,0.0,-1,-1,0.0,0.0,0.0,0.0,0.0,0.0,0,0,0.0,0.0,0,0,0.0,0.0,0,0,0.0,0.0,0,0,0.0,0
LGS2ORD0013757,C010236,2025-04-19 23:00:00,Female,32,Bronze,Shopee,Chiang Mai,1349,Web,COD,23,4,5,1,30-40,44.96666666666667,2.0,0.0,0.0,-1,69,2613.205,0.08,1.0,0.0,0.0,0.0,0,0,0.0,0.0,0,0,0.0,5226.41,2,0,0.0,5226.41,2,0,0.0,1
LGS2ORD0013758,C011936,2025-04-19 23:00:00,Male,58,Bronze,Web,Chiang Mai,861,TV_Show,Credit_Card,23,4,5,1,>50,28.7,1.0,0.0,0.0,-1,62,1709.96,0.03,0.0,0.0,0.0,0.0,0,0,0.0,0.0,0,0,0.0,1709.96,1,0,0.0,1709.96,1,0,0.0,0
LGS2ORD0013759,C014909,2025-04-19 23:00:00,Female,44,Bronze,Shopee,Phuket,361,Web,Credit_Card,23,4,5,1,40-50,12.033333333333333,2.0,0.0,0.0,-1,33,12980.355,0.18,0.0,0.0,0.0,0.0,0,0,0.0,0.0,0,0,0.0,25960.71,2,0,0.0,25960.71,2,0,0.0,0
LGS2ORD0013760,C014538,2025-04-19 23:00:00,Male,57,Bronze,Shopee,Bangkok,702,Lazada,Credit_Card,23,4,5,1,>50,23.4,1.0,1.0,1.0,34,38,1566.39,0.03,1.0,0.0,0.0,0.0,0,0,0.0,0.0,0,0,0.0,1566.39,1,1,1.0,1566.39,1,1,1.0,1
LGS2ORD0013761,C010672,2025-04-19 23:00:00,Female,40,Gold,Web,Bangkok,405,CallCenter,COD,23,4,5,1,30-40,13.5,0.0,0.0,0.0,-1,-1,0.0,0.0,0.0,0.0,0.0,0.0,0,0,0.0,0.0,0,0,0.0,0.0,0,0,0.0,0.0,0,0,0.0,1
LGS2ORD0013762,C010692,2025-04-19 23:00:00,Female,35,Bronze,TV,Phuket,1024,TV_Show,COD,23,4,5,1,30-40,34.13333333333333,0.0,0.0,0.0,-1,-1,0.0,0.0,0.0,0.0,0.0,0.0,0,0,0.0,0.0,0,0,0.0,0.0,0,0,0.0,0.0,0,0,0.0,0
LGS2ORD0013763,C017909,2025-04-20 00:00:00,Female,35,Platinum,Web,Bangkok,406,Lazada,Bank_Transfer,0,4,6,1,30-40,13.533333333333333,0.0,0.0,0.0,-1,-1,0.0,0.0,0.0,0.0,0.0,0.0,0,0,0.0,0.0,0,0,0.0,0.0,0,0,0.0,0.0,0,0,0.0,0
LGS2ORD0013764,C017040,2025-04-20 00:00:00,Female,28,Platinum,CallCenter,Bangkok,1162,Shopee,COD,0,4,6,1,20-30,38.733333333333334,5.0,1.0,0.2,86,36,2043.734,0.35,0.4,0.8,0.0,0.0,0,0,0.0,0.0,0,0,0.0,7044.26,3,0,0.0,10218.67,5,1,0.2,0
LGS2ORD0013765,C010244,2025-04-20 00:00:00,Male,35,Gold,Shopee,Songkhla,354,Shopee,COD,0,4,6,1,30-40,11.8,1.0,0.0,0.0,-1,39,1176.09,0.08,0.0,0.0,0.0,0.0,0,0,0.0,0.0,0,0,0.0,1176.09,1,0,0.0,1176.09,1,0,0.0,1
LGS2ORD0013766,C012838,2025-04-20 00:00:00,Female,40,Silver,TV,Bangkok,189,TV_Show,PromptPay,0,4,6,1,30-40,6.3,3.0,1.0,0.3333333333333333,-4,10,2139.41,0.25,0.3333333333333333,0.3333333333333333,0.0,0.0,0,0,0.0,1657.17,1,1,1.0,6418.23,3,1,0.3333333333333333,6418.23,3,1,0.3333333333333333,0
LGS2ORD0013767,C016880,2025-04-20 00:00:00,Female,26,Bronze,Lazada,Songkhla,888,Lazada,Credit_Card,0,4,6,1,20-30,29.6,1.0,1.0,1.0,55,67,1383.21,0.18,1.0,0.0,0.0,0.0,0,0,0.0,0.0,0,0,0.0,1383.21,1,1,1.0,1383.21,1,1,1.0,0
LGS2ORD0013768,C010096,2025-04-20 01:00:00,Female,57,Gold,TV,Bangkok,309,TV_Show,COD,1,4,6,1,>50,10.3,1.0,0.0,0.0,-1,63,972.54,0.08,1.0,0.0,0.0,0.0,0,0,0.0,0.0,0,0,0.0,972.54,1,0,0.0,972.54,1,0,0.0,1
LGS2ORD0013769,C013601,2025-04-20 01:00:00,Male,36,Bronze,Web,Remote_Area,1447,Lazada,PromptPay,1,4,6,1,30-40,48.233333333333334,1.0,0.0,0.0,-1,79,1692.02,0.08,0.0,0.0,0.0,0.0,0,0,0.0,0.0,0,0,0.0,1692.02,1,0,0.0,1692.02,1,0,0.0,0
LGS2ORD0013770,C012544,2025-04-20 01:00:00,Female,28,Platinum,TV,Bangkok,182,Web,Bank_Transfer,1,4,6,1,20-30,6.066666666666666,1.0,1.0,1.0,98,103,1152.48,0.25,0.0,1.0,0.0,0.0,0,0,0.0,0.0,0,0,0.0,0.0,0,0,0.0,1152.48,1,1,1.0,0
LGS2ORD0013771,C011726,2025-04-20 01:00:00,Male,32,Bronze,Shopee,Khon Kaen,292,TV_Show,COD,1,4,6,1,30-40,9.733333333333333,1.0,0.0,0.0,-1,10,1722.46,0.08,1.0,0.0,0.0,0.0,0,0,0.0,1722.46,1,0,0.0,1722.46,1,0,0.0,1722.46,1,0,0.0,1
LGS2ORD0013772,C017571,2025-04-20 01:00:00,Male,55,Bronze,Lazada,Songkhla,1085,Web,COD,1,4,6,1,>50,36.166666666666664,3.0,2.0,0.6666666666666666,57,66,2409.4700000000003,0.18,0.3333333333333333,0.0,0.0,0.0,0,0,0.0,0.0,0,0,0.0,7228.410000000001,3,2,0.6666666666666666,7228.410000000001,3,2,0.6666666666666666,0
LGS2ORD0013773,C011104,2025-04-20 02:00:00,Female,45,Bronze,Shopee,Bangkok,1375,Web,COD,2,4,6,1,40-50,45.833333333333336,2.0,1.0,0.5,-1,15,4256.21,0.23,0.5,0.5,0.0,0.0,0,0,0.0,4757.06,1,1,1.0,8512.42,2,1,0.5,8512.42,2,1,0.5,0
LGS2ORD0013774,C015828,2025-04-20 02:00:00,Male,42,Bronze,TV,Khon Kaen,1342,Lazada,Credit_Card,2,4,6,1,40-50,44.733333333333334,8.0,5.0,0.625,-5,1,7527.5975,0.28,0.875,0.375,0.0,2944.2,1,1,1.0,29158.850000000002,3,2,0.6666666666666666,59086.18999999999,7,4,0.5714285714285714,60220.78,8,5,0.625,0
LGS2ORD0013775,C013164,2025-04-20 02:00:00,Male,18,Bronze,TV,Bangkok,1188,TV_Show,Bank_Transfer,2,4,6,1,<20,39.6,1.0,0.0,0.0,-1,104,5938.66,0.18,0.0,0.0,0.0,0.0,0,0,0.0,0.0,0,0,0.0,0.0,0,0,0.0,5938.66,1,0,0.0,0
LGS2ORD0013776,C015680,2025-04-20 02:00:00,Male,66,Bronze,Shopee,Remote_Area,1123,Shopee,Credit_Card,2,4,6,1,>50,37.43333333333333,3.0,1.0,0.3333333333333333,18,21,4163.836666666667,0.23,1.0,0.3333333333333333,0.0,0.0,0,0,0.0,12058.810000000001,2,1,0.5,12491.51,3,1,0.3333333333333333,12491.51,3,1,0.3333333333333333,0
LGS2ORD0013777,C016140,2025-04-20 02:00:00,Male,27,Silver,Web,Chiang Mai,210,TV_Show,Credit_Card,2,4,6,1,20-30,7.0,2.0,0.0,0.0,-1,30,3802.355,0.3,1.0,0.5,0.0,0.0,0,0,0.0,0.0,0,0,0.0,7604.71,2,0,0.0,7604.71,2,0,0.0,0
LGS2ORD0013778,C011338,2025-04-20 03:00:00,Female,39,Bronze,TV,Chonburi,1419,TV_Show,PromptPay,3,4,6,1,30-40,47.3,1.0,0.0,0.0,-1,76,2969.58,0.18,0.0,0.0,0.0,0.0,0,0,0.0,0.0,0,0,0.0,2969.58,1,0,0.0,2969.58,1,0,0.0,1
LGS2ORD0013779,C012345,2025-04-20 03:00:00,Male,41,Gold,TV,Khon Kaen,661,Lazada,PromptPay,3,4,6,1,40-50,22.033333333333335,1.0,0.0,0.0,-1,73,12747.36,0.33,1.0,1.0,0.0,0.0,0,0,0.0,0.0,0,0,0.0,12747.36,1,0,0.0,12747.36,1,0,0.0,0
LGS2ORD0013780,C013520,2025-04-20 03:00:00,Female,29,Bronze,Web,Remote_Area,1002,Lazada,Credit_Card,3,4,6,1,20-30,33.4,1.0,0.0,0.0,-1,8,4787.23,0.03,0.0,0.0,0.0,0.0,0,0,0.0,4787.23,1,0,0.0,4787.23,1,0,0.0,4787.23,1,0,0.0,0
LGS2ORD0013781,C016804,2025-04-20 03:00:00,Male,53,Silver,Web,Remote_Area,1122,CallCenter,Credit_Card,3,4,6,1,>50,37.4,1.0,1.0,1.0,56,72,1290.18,0.1,0.0,0.0,0.0,0.0,0,0,0.0,0.0,0,0,0.0,1290.18,1,1,1.0,1290.18,1,1,1.0,0
LGS2ORD0013782,C016678,2025-04-20 03:00:00,Female,70,Silver,TV,Khon Kaen,940,Lazada,COD,3,4,6,1,>50,31.333333333333332,4.0,1.0,0.25,79,32,3851.6375000000003,0.3,0.75,0.5,0.0,0.0,0,0,0.0,0.0,0,0,0.0,15406.550000000001,4,1,0.25,15406.550000000001,4,1,0.25,1
LGS2ORD0013783,C013462,2025-04-20 03:00:00,Female,57,Bronze,CallCenter,Chonburi,611,TV_Show,PromptPay,3,4,6,1,>50,20.366666666666667,2.0,1.0,0.5,51,66,2327.5,0.08,0.0,0.0,0.0,0.0,0,0,0.0,0.0,0,0,0.0,2584.68,1,1,1.0,4655.0,2,1,0.5,0
LGS2ORD0013784,C012844,2025-04-20 04:00:00,Female,24,Bronze,TV,Chonburi,963,Lazada,Credit_Card,4,4,6,1,20-30,32.1,1.0,0.0,0.0,-1,27,25065.59,0.13,0.0,0.0,0.0,0.0,0,0,0.0,25065.59,1,0,0.0,25065.59,1,0,0.0,25065.59,1,0,0.0,0
LGS2ORD0013785,C016600,2025-04-20 04:00:00,Female,58,Platinum,TV,Chonburi,313,TV_Show,Bank_Transfer,4,4,6,1,>50,10.433333333333334,3.0,1.0,0.3333333333333333,81,18,1806.8366666666668,0.3,0.6666666666666666,0.3333333333333333,0.0,0.0,0,0,0.0,2480.91,1,0,0.0,5420.51,3,1,0.3333333333333333,5420.51,3,1,0.3333333333333333,1
LGS2ORD0013786,C012483,2025-04-20 04:00:00,Male,36,Silver,TV,Khon Kaen,1559,CallCenter,COD,4,4,6,1,30-40,51.96666666666667,5.0,2.0,0.4,0,5,1955.4959999999999,0.25,0.4,0.4,0.0,3938.55,1,1,1.0,4298.83,2,1,0.5,9777.48,5,2,0.4,9777.48,5,2,0.4,1
LGS2ORD0013787,C012396,2025-04-20 04:00:00,Female,56,Silver,Shopee,Remote_Area,660,Shopee,COD,4,4,6,1,>50,22.0,1.0,1.0,1.0,51,60,4132.05,0.25,1.0,1.0,0.0,0.0,0,0,0.0,0.0,0,0,0.0,4132.05,1,1,1.0,4132.05,1,1,1.0,0
LGS2ORD0013788,C013955,2025-04-20 04:00:00,Male,34,Silver,TV,Chiang Mai,1144,Web,Bank_Transfer,4,4,6,1,30-40,38.13333333333333,1.0,1.0,1.0,76,87,5274.95,0.1,0.0,0.0,0.0,0.0,0,0,0.0,0.0,0,0,0.0,5274.95,1,1,1.0,5274.95,1,1,1.0,0
LGS2ORD0013789,C010900,2025-04-20 05:00:00,Female,58,Bronze,Web,Songkhla,139,TV_Show,COD,5,4,6,1,>50,4.633333333333334,6.0,3.0,0.5,1,13,8118.925,0.28,0.5,0.16666666666666666,0.0,0.0,0,0,0.0,3287.89,1,1,1.0,48713.55,6,3,0.5,48713.55,6,3,0.5,1
LGS2ORD0013790,C013191,2025-04-20 05:00:00,Female,36,Silver,Web,Bangkok,1160,CallCenter,Credit_Card,5,4,6,1,30-40,38.666666666666664,0.0,0.0,0.0,-1,-1,0.0,0.0,0.0,0.0,0.0,0.0,0,0,0.0,0.0,0,0,0.0,0.0,0,0,0.0,0.0,0,0,0.0,1
LGS2ORD0013791,C017360,2025-04-20 05:00:00,Female,38,Bronze,Shopee,Khon Kaen,346,CallCenter,COD,5,4,6,1,30-40,11.533333333333333,4.0,0.0,0.0,-1,58,1274.8,0.03,0.25,0.0,0.0,0.0,0,0,0.0,0.0,0,0,0.0,3529.5,2,0,0.0,5099.2,4,0,0.0,0
LGS2ORD0013792,C011648,2025-04-20 05:00:00,Female,41,Silver,TV,Bangkok,444,CallCenter,PromptPay,5,4,6,1,40-50,14.8,1.0,0.0,0.0,-1,46,1273.23,0.3,0.0,1.0,0.0,0.0,0,0,0.0,0.0,0,0,0.0,1273.23,1,0,0.0,1273.23,1,0,0.0,0
LGS2ORD0013793,C012174,2025-04-20 05:00:00,Female,32,Bronze,TV,Remote_Area,444,Shopee,Credit_Card,5,4,6,1,30-40,14.8,1.0,0.0,0.0,-1,100,6868.39,0.03,1.0,0.0,0.0,0.0,0,0,0.0,0.0,0,0,0.0,0.0,0,0,0.0,6868.39,1,0,0.0,0
LGS2ORD0013794,C014831,2025-04-20 06:00:00,Female,38,Bronze,Shopee,Remote_Area,674,Shopee,Credit_Card,6,4,6,1,30-40,22.466666666666665,4.0,3.0,0.75,-1,10,5975.6425,0.18,0.5,0.0,0.0,0.0,0,0,0.0,19453.57,2,1,0.5,22564.809999999998,3,2,0.6666666666666666,23902.57,4,3,0.75,1
LGS2ORD0013795,C017597,2025-04-20 06:00:00,Male,39,Bronze,TV,Remote_Area,1102,Shopee,COD,6,4,6,1,30-40,36.733333333333334,3.0,0.0,0.0,-1,11,11577.413333333336,0.28,0.3333333333333333,0.6666666666666666,0.0,0.0,0,0,0.0,17607.33,1,0,0.0,34732.240000000005,3,0,0.0,34732.240000000005,3,0,0.0,1
LGS2ORD0013796,C012649,2025-04-20 06:00:00,Male,44,Bronze,Lazada,Bangkok,1329,TV_Show,COD,6,4,6,1,40-50,44.3,4.0,1.0,0.25,64,17,7739.1,0.28,0.25,0.75,0.0,0.0,0,0,0.0,12838.04,1,0,0.0,30956.4,4,1,0.25,30956.4,4,1,0.25,0
LGS2ORD0013797,C010132,2025-04-20 06:00:00,Female,37,Silver,Shopee,Bangkok,1064,Lazada,PromptPay,6,4,6,1,30-40,35.46666666666667,0.0,0.0,0.0,-1,-1,0.0,0.0,0.0,0.0,0.0,0.0,0,0,0.0,0.0,0,0,0.0,0.0,0,0,0.0,0.0,0,0,0.0,0
LGS2ORD0013798,C010987,2025-04-20 06:00:00,Female,37,Bronze,Lazada,Songkhla,769,Lazada,PromptPay,6,4,6,1,30-40,25.633333333333333,1.0,0.0,0.0,-1,57,1604.74,0.03,0.0,0.0,0.0,0.0,0,0,0.0,0.0,0,0,0.0,1604.74,1,0,0.0,1604.74,1,0,0.0,0
LGS2ORD0013799,C014751,2025-04-20 07:00:00,Female,45,Bronze,CallCenter,Chonburi,538,CallCenter,COD,7,4,6,1,40-50,17.933333333333334,2.0,0.0,0.0,-1,5,6588.67,0.08,0.5,0.0,0.0,11186.16,1,0,0.0,11186.16,1,0,0.0,13177.34,2,0,0.0,13177.34,2,0,0.0,1
LGS2ORD0013800,C011910,2025-04-20 07:00:00,Female,31,Silver,TV,Chonburi,1253,TV_Show,PromptPay,7,4,6,1,30-40,41.766666666666666,1.0,0.0,0.0,-1,31,5203.08,0.05,0.0,0.0,0.0,0.0,0,0,0.0,0.0,0,0,0.0,5203.08,1,0,0.0,5203.08,1,0,0.0,0
LGS2ORD0013801,C016036,2025-04-20 07:00:00,Female,60,Silver,Shopee,Songkhla,1161,Web,COD,7,4,6,1,>50,38.7,0.0,0.0,0.0,-1,-1,0.0,0.0,0.0,0.0,0.0,0.0,0,0,0.0,0.0,0,0,0.0,0.0,0,0,0.0,0.0,0,0,0.0,1
LGS2ORD0013802,C010582,2025-04-20 07:00:00,Male,53,Bronze,Web,Phuket,751,Web,Credit_Card,7,4,6,1,>50,25.033333333333335,0.0,0.0,0.0,-1,-1,0.0,0.0,0.0,0.0,0.0,0.0,0,0,0.0,0.0,0,0,0.0,0.0,0,0,0.0,0.0,0,0,0.0,0
LGS2ORD0013803,C014150,2025-04-20 07:00:00,Male,39,Silver,TV,Khon Kaen,640,CallCenter,PromptPay,7,4,6,1,30-40,21.333333333333332,2.0,0.0,0.0,-1,47,1924.8000000000002,0.15,0.0,0.0,0.0,0.0,0,0,0.0,0.0,0,0,0.0,3849.6000000000004,2,0,0.0,3849.6000000000004,2,0,0.0,0
LGS2ORD0013804,C012059,2025-04-20 07:00:00,Male,22,Gold,TV,Bangkok,1110,Shopee,Credit_Card,7,4,6,1,20-30,37.0,3.0,0.0,0.0,-1,44,6636.943333333334,0.28,0.6666666666666666,1.0,0.0,0.0,0,0,0.0,0.0,0,0,0.0,19910.83,3,0,0.0,19910.83,3,0,0.0,0
LGS2ORD0013805,C015245,2025-04-20 08:00:00,Male,42,Gold,TV,Songkhla,994,Shopee,Bank_Transfer,8,4,6,1,40-50,33.13333333333333,1.0,0.0,0.0,-1,82,3540.46,0.08,0.0,0.0,0.0,0.0,0,0,0.0,0.0,0,0,0.0,3540.46,1,0,0.0,3540.46,1,0,0.0,0
LGS2ORD0013806,C014270,2025-04-20 08:00:00,Female,42,Gold,TV,Chiang Mai,1092,Web,COD,8,4,6,1,40-50,36.4,2.0,0.0,0.0,-1,65,4105.955,0.28,1.0,1.0,0.0,0.0,0,0,0.0,0.0,0,0,0.0,8211.91,2,0,0.0,8211.91,2,0,0.0,0
LGS2ORD0013807,C016139,2025-04-20 08:00:00,Female,52,Bronze,TV,Phuket,1052,Web,PromptPay,8,4,6,1,>50,35.06666666666667,2.0,0.0,0.0,-1,12,2817.165,0.28,0.0,0.5,0.0,0.0,0,0,0.0,5634.33,2,0,0.0,5634.33,2,0,0.0,5634.33,2,0,0.0,0
LGS2ORD0013808,C011507,2025-04-20 08:00:00,Male,35,Gold,Lazada,Bangkok,412,Shopee,COD,8,4,6,1,30-40,13.733333333333333,1.0,0.0,0.0,-1,30,1765.67,0.08,1.0,0.0,0.0,0.0,0,0,0.0,0.0,0,0,0.0,1765.67,1,0,0.0,1765.67,1,0,0.0,0
LGS2ORD0013809,C017116,2025-04-20 08:00:00,Female,48,Silver,TV,Chonburi,247,Lazada,Credit_Card,8,4,6,1,40-50,8.233333333333333,0.0,0.0,0.0,-1,-1,0.0,0.0,0.0,0.0,0.0,0.0,0,0,0.0,0.0,0,0,0.0,0.0,0,0,0.0,0.0,0,0,0.0,0
LGS2ORD0013810,C013831,2025-04-20 09:00:00,Male,27,Silver,TV,Nakhon Ratchasima,168,TV_Show,Credit_Card,9,4,6,1,20-30,5.6,1.0,0.0,0.0,-1,87,1686.67,0.1,1.0,0.0,0.0,0.0,0,0,0.0,0.0,0,0,0.0,1686.67,1,0,0.0,1686.67,1,0,0.0,0
LGS2ORD0013811,C017057,2025-04-20 09:00:00,Female,29,Gold,Web,Chonburi,838,TV_Show,COD,9,4,6,1,20-30,27.933333333333334,2.0,0.0,0.0,-1,62,4679.33,0.2299999999999999,0.0,0.5,0.0,0.0,0,0,0.0,0.0,0,0,0.0,1099.3,1,0,0.0,9358.66,2,0,0.0,1
LGS2ORD0013812,C015168,2025-04-20 09:00:00,Male,38,Bronze,TV,Bangkok,898,Shopee,COD,9,4,6,1,30-40,29.933333333333334,0.0,0.0,0.0,-1,-1,0.0,0.0,0.0,0.0,0.0,0.0,0,0,0.0,0.0,0,0,0.0,0.0,0,0,0.0,0.0,0,0,0.0,1
LGS2ORD0013813,C015600,2025-04-20 09:00:00,Male,18,Silver,Web,Nakhon Ratchasima,649,Web,COD,9,4,6,1,<20,21.633333333333333,5.0,1.0,0.2,10,5,11667.662,0.3,0.6,0.4,0.0,3552.84,1,0,0.0,38169.34,3,1,0.3333333333333333,58338.31,5,1,0.2,58338.31,5,1,0.2,0
LGS2ORD0013814,C016756,2025-04-20 09:00:00,Female,39,Silver,Web,Nakhon Ratchasima,1527,Web,COD,9,4,6,1,30-40,50.9,0.0,0.0,0.0,-1,-1,0.0,0.0,0.0,0.0,0.0,0.0,0,0,0.0,0.0,0,0,0.0,0.0,0,0,0.0,0.0,0,0,0.0,0
LGS2ORD0013815,C017998,2025-04-20 10:00:00,Female,42,Bronze,TV,Bangkok,501,Web,COD,10,4,6,1,40-50,16.7,0.0,0.0,0.0,-1,-1,0.0,0.0,0.0,0.0,0.0,0.0,0,0,0.0,0.0,0,0,0.0,0.0,0,0,0.0,0.0,0,0,0.0,0
LGS2ORD0013816,C014664,2025-04-20 10:00:00,Female,55,Silver,TV,Khon Kaen,664,Shopee,COD,10,4,6,1,>50,22.133333333333333,2.0,0.0,0.0,-1,40,10457.05,0.2,0.5,0.0,0.0,0.0,0,0,0.0,0.0,0,0,0.0,6873.44,1,0,0.0,20914.1,2,0,0.0,0
LGS2ORD0013817,C010199,2025-04-20 10:00:00,Male,18,Gold,TV,Phuket,1539,Lazada,COD,10,4,6,1,<20,51.3,1.0,0.0,0.0,-1,8,6971.34,0.2299999999999999,0.0,1.0,0.0,0.0,0,0,0.0,6971.34,1,0,0.0,6971.34,1,0,0.0,6971.34,1,0,0.0,0
LGS2ORD0013818,C016944,2025-04-20 10:00:00,Other,41,Gold,Lazada,Bangkok,1330,Lazada,Credit_Card,10,4,6,1,40-50,44.333333333333336,1.0,0.0,0.0,-1,108,2685.66,0.33,0.0,1.0,0.0,0.0,0,0,0.0,0.0,0,0,0.0,0.0,0,0,0.0,2685.66,1,0,0.0,0
LGS2ORD0013819,C013856,2025-04-20 10:00:00,Female,53,Silver,Web,Bangkok,693,Web,PromptPay,10,4,6,1,>50,23.1,0.0,0.0,0.0,-1,-1,0.0,0.0,0.0,0.0,0.0,0.0,0,0,0.0,0.0,0,0,0.0,0.0,0,0,0.0,0.0,0,0,0.0,1
LGS2ORD0013820,C013760,2025-04-20 10:00:00,Male,27,Bronze,Lazada,Khon Kaen,721,Web,Bank_Transfer,10,4,6,1,20-30,24.033333333333335,4.0,1.0,0.25,18,4,5180.0625,0.23,0.75,0.25,0.0,5259.24,1,0,0.0,10451.52,2,1,0.5,20720.25,4,1,0.25,20720.25,4,1,0.25,0
LGS2ORD0013821,C016013,2025-04-20 11:00:00,Male,55,Bronze,Lazada,Khon Kaen,354,Lazada,Credit_Card,11,4,6,1,>50,11.8,1.0,0.0,0.0,-1,42,6596.92,0.08,1.0,0.0,0.0,0.0,0,0,0.0,0.0,0,0,0.0,6596.92,1,0,0.0,6596.92,1,0,0.0,0
LGS2ORD0013822,C011924,2025-04-20 11:00:00,Female,32,Bronze,TV,Chonburi,384,Shopee,Bank_Transfer,11,4,6,1,30-40,12.8,2.0,2.0,1.0,38,44,14927.560000000001,0.23,0.0,1.0,0.0,0.0,0,0,0.0,0.0,0,0,0.0,14565.25,1,1,1.0,29855.120000000003,2,2,1.0,0
LGS2ORD0013823,C011665,2025-04-20 11:00:00,Female,23,Bronze,TV,Chiang Mai,894,Lazada,Credit_Card,11,4,6,1,20-30,29.8,0.0,0.0,0.0,-1,-1,0.0,0.0,0.0,0.0,0.0,0.0,0,0,0.0,0.0,0,0,0.0,0.0,0,0,0.0,0.0,0,0,0.0,0
LGS2ORD0013824,C016066,2025-04-20 11:00:00,Male,60,Silver,Web,Songkhla,1410,Shopee,COD,11,4,6,1,>50,47.0,2.0,2.0,1.0,24,33,2171.65,0.2,0.5,0.0,0.0,0.0,0,0,0.0,0.0,0,0,0.0,4343.3,2,2,1.0,4343.3,2,2,1.0,0
LGS2ORD0013825,C016916,2025-04-20 11:00:00,Female,56,Silver,TV,Remote_Area,565,Web,COD,11,4,6,1,>50,18.833333333333332,3.0,1.0,0.3333333333333333,36,43,8704.016666666666,0.25,0.6666666666666666,0.3333333333333333,0.0,0.0,0,0,0.0,0.0,0,0,0.0,26112.05,3,1,0.3333333333333333,26112.05,3,1,0.3333333333333333,1
LGS2ORD0013826,C013195,2025-04-20 12:00:00,Female,37,Gold,Web,Khon Kaen,1103,Web,PromptPay,12,4,6,1,30-40,36.766666666666666,1.0,0.0,0.0,-1,89,9660.2,0.08,0.0,0.0,0.0,0.0,0,0,0.0,0.0,0,0,0.0,9660.2,1,0,0.0,9660.2,1,0,0.0,0
LGS2ORD0013827,C011385,2025-04-20 12:00:00,Female,57,Bronze,TV,Bangkok,147,Lazada,COD,12,4,6,1,>50,4.9,3.0,0.0,0.0,-1,2,5351.63,0.23,0.6666666666666666,0.3333333333333333,0.0,10826.82,2,0,0.0,16054.89,3,0,0.0,16054.89,3,0,0.0,16054.89,3,0,0.0,0
LGS2ORD0013828,C016892,2025-04-20 12:00:00,Male,62,Bronze,TV,Songkhla,1401,Shopee,PromptPay,12,4,6,1,>50,46.7,1.0,1.0,1.0,5,16,4512.69,0.23,1.0,1.0,0.0,0.0,0,0,0.0,4512.69,1,1,1.0,4512.69,1,1,1.0,4512.69,1,1,1.0,0
LGS2ORD0013829,C017880,2025-04-20 12:00:00,Female,32,Platinum,TV,Chonburi,472,Web,Credit_Card,12,4,6,1,30-40,15.733333333333333,1.0,1.0,1.0,24,33,6082.77,0.15,0.0,0.0,0.0,0.0,0,0,0.0,0.0,0,0,0.0,6082.77,1,1,1.0,6082.77,1,1,1.0,1
LGS2ORD0013830,C012362,2025-04-20 12:00:00,Male,66,Silver,CallCenter,Remote_Area,775,Lazada,COD,12,4,6,1,>50,25.833333333333332,2.0,1.0,0.5,78,30,2654.77,0.05,1.0,0.0,0.0,0.0,0,0,0.0,0.0,0,0,0.0,5309.54,2,1,0.5,5309.54,2,1,0.5,1
LGS2ORD0013831,C014272,2025-04-20 13:00:00,Male,42,Silver,Lazada,Chiang Mai,235,TV_Show,Credit_Card,13,4,6,1,40-50,7.833333333333333,3.0,1.0,0.3333333333333333,67,74,4378.78,0.3,1.0,0.3333333333333333,0.0,0.0,0,0,0.0,0.0,0,0,0.0,5818.83,2,1,0.5,13136.34,3,1,0.3333333333333333,0
LGS2ORD0013832,C017492,2025-04-20 13:00:00,Other,56,Silver,Web,Nakhon Ratchasima,155,Web,COD,13,4,6,1,>50,5.166666666666667,4.0,1.0,0.25,2,8,2545.6299999999997,0.3,0.75,0.25,0.0,0.0,0,0,0.0,10182.519999999999,4,1,0.25,10182.519999999999,4,1,0.25,10182.519999999999,4,1,0.25,0
LGS2ORD0013833,C015355,2025-04-20 13:00:00,Male,24,Gold,TV,Chiang Mai,918,Shopee,COD,13,4,6,1,20-30,30.6,3.0,1.0,0.3333333333333333,71,35,839.7199999999999,0.33,0.3333333333333333,0.6666666666666666,0.0,0.0,0,0,0.0,0.0,0,0,0.0,2519.16,3,1,0.3333333333333333,2519.16,3,1,0.3333333333333333,0
LGS2ORD0013834,C013912,2025-04-20 13:00:00,Female,37,Bronze,CallCenter,Chonburi,1190,TV_Show,COD,13,4,6,1,30-40,39.666666666666664,1.0,0.0,0.0,-1,34,1488.84,0.28,0.0,1.0,0.0,0.0,0,0,0.0,0.0,0,0,0.0,1488.84,1,0,0.0,1488.84,1,0,0.0,0
LGS2ORD0013835,C016007,2025-04-20 13:00:00,Female,43,Silver,TV,Phuket,1068,TV_Show,PromptPay,13,4,6,1,40-50,35.6,2.0,1.0,0.5,65,74,4958.845,0.1,0.5,0.0,0.0,0.0,0,0,0.0,0.0,0,0,0.0,7622.31,1,1,1.0,9917.69,2,1,0.5,0
LGS2ORD0013836,C012790,2025-04-20 14:00:00,Female,18,Silver,TV,Bangkok,1503,Lazada,PromptPay,14,4,6,1,<20,50.1,2.0,0.0,0.0,-1,92,6738.495,0.2,0.5,0.0,0.0,0.0,0,0,0.0,0.0,0,0,0.0,0.0,0,0,0.0,13476.99,2,0,0.0,1
LGS2ORD0013837,C011485,2025-04-20 14:00:00,Male,37,Gold,Lazada,Nakhon Ratchasima,509,Web,PromptPay,14,4,6,1,30-40,16.966666666666665,2.0,0.0,0.0,-1,62,3174.13,0.28,0.5,0.5,0.0,0.0,0,0,0.0,0.0,0,0,0.0,1514.02,1,0,0.0,6348.26,2,0,0.0,0
LGS2ORD0013838,C013270,2025-04-20 14:00:00,Female,38,Bronze,TV,Khon Kaen,1157,Shopee,COD,14,4,6,1,30-40,38.56666666666667,4.0,1.0,0.25,84,40,3716.0625,0.28,0.75,0.75,0.0,0.0,0,0,0.0,0.0,0,0,0.0,9991.09,2,0,0.0,14864.25,4,1,0.25,0
LGS2ORD0013839,C014456,2025-04-20 14:00:00,Female,54,Platinum,Shopee,Chiang Mai,595,CallCenter,Bank_Transfer,14,4,6,1,>50,19.833333333333332,0.0,0.0,0.0,-1,-1,0.0,0.0,0.0,0.0,0.0,0.0,0,0,0.0,0.0,0,0,0.0,0.0,0,0,0.0,0.0,0,0,0.0,0
LGS2ORD0013840,C014750,2025-04-20 14:00:00,Male,39,Bronze,Lazada,Bangkok,1433,Lazada,COD,14,4,6,1,30-40,47.766666666666666,2.0,0.0,0.0,-1,18,5481.804999999999,0.28,0.5,1.0,0.0,0.0,0,0,0.0,10963.609999999999,2,0,0.0,10963.609999999999,2,0,0.0,10963.609999999999,2,0,0.0,0
LGS2ORD0013841,C014829,2025-04-20 14:00:00,Male,37,Silver,TV,Chonburi,836,Lazada,PromptPay,14,4,6,1,30-40,27.866666666666667,1.0,0.0,0.0,-1,15,1113.2,0.3,1.0,1.0,0.0,0.0,0,0,0.0,1113.2,1,0,0.0,1113.2,1,0,0.0,1113.2,1,0,0.0,0
LGS2ORD0013842,C017658,2025-04-20 15:00:00,Female,45,Bronze,Web,Chiang Mai,248,Shopee,COD,15,4,6,1,40-50,8.266666666666667,0.0,0.0,0.0,-1,-1,0.0,0.0,0.0,0.0,0.0,0.0,0,0,0.0,0.0,0,0,0.0,0.0,0,0,0.0,0.0,0,0,0.0,0
LGS2ORD0013843,C012289,2025-04-20 15:00:00,Male,45,Bronze,TV,Songkhla,1291,CallCenter,COD,15,4,6,1,40-50,43.03333333333333,3.0,2.0,0.6666666666666666,4,11,6810.783333333334,0.23,0.6666666666666666,0.3333333333333333,0.0,0.0,0,0,0.0,17503.4,1,1,1.0,18416.41,2,1,0.5,20432.350000000002,3,2,0.6666666666666666,1
LGS2ORD0013844,C013982,2025-04-20 15:00:00,Female,39,Silver,Shopee,Nakhon Ratchasima,1491,TV_Show,COD,15,4,6,1,30-40,49.7,1.0,1.0,1.0,11,25,1891.96,0.2,1.0,0.0,0.0,0.0,0,0,0.0,1891.96,1,1,1.0,1891.96,1,1,1.0,1891.96,1,1,1.0,1
LGS2ORD0013845,C016001,2025-04-20 15:00:00,Female,37,Bronze,TV,Khon Kaen,559,TV_Show,COD,15,4,6,1,30-40,18.633333333333333,0.0,0.0,0.0,-1,-1,0.0,0.0,0.0,0.0,0.0,0.0,0,0,0.0,0.0,0,0,0.0,0.0,0,0,0.0,0.0,0,0,0.0,0
LGS2ORD0013846,C014932,2025-04-20 15:00:00,Male,35,Silver,CallCenter,Bangkok,1327,TV_Show,COD,15,4,6,1,30-40,44.233333333333334,1.0,0.0,0.0,-1,64,6506.62,0.05,0.0,0.0,0.0,0.0,0,0,0.0,0.0,0,0,0.0,6506.62,1,0,0.0,6506.62,1,0,0.0,1
LGS2ORD0013847,C017294,2025-04-20 16:00:00,Male,51,Bronze,Shopee,Songkhla,1562,CallCenter,Credit_Card,16,4,6,1,>50,52.06666666666667,1.0,0.0,0.0,-1,17,4475.84,0.13,0.0,0.0,0.0,0.0,0,0,0.0,4475.84,1,0,0.0,4475.84,1,0,0.0,4475.84,1,0,0.0,1
LGS2ORD0013848,C010744,2025-04-20 16:00:00,Female,56,Silver,Web,Khon Kaen,323,TV_Show,COD,16,4,6,1,>50,10.766666666666667,1.0,0.0,0.0,-1,19,10510.6,0.05,0.0,0.0,0.0,0.0,0,0,0.0,10510.6,1,0,0.0,10510.6,1,0,0.0,10510.6,1,0,0.0,0
LGS2ORD0013849,C013836,2025-04-20 16:00:00,Female,59,Bronze,Shopee,Songkhla,1242,Lazada,PromptPay,16,4,6,1,>50,41.4,3.0,1.0,0.3333333333333333,8,15,4332.5233333333335,0.28,0.6666666666666666,0.6666666666666666,0.0,0.0,0,0,0.0,6567.799999999999,2,1,0.5,12997.57,3,1,0.3333333333333333,12997.57,3,1,0.3333333333333333,0
LGS2ORD0013850,C014595,2025-04-20 16:00:00,Female,41,Silver,Shopee,Chiang Mai,987,Web,Bank_Transfer,16,4,6,1,40-50,32.9,1.0,0.0,0.0,-1,76,4232.62,0.3,1.0,1.0,0.0,0.0,0,0,0.0,0.0,0,0,0.0,4232.62,1,0,0.0,4232.62,1,0,0.0,0
LGS2ORD0013851,C015951,2025-04-20 16:00:00,Male,30,Gold,Lazada,Chonburi,1251,TV_Show,COD,16,4,6,1,20-30,41.7,0.0,0.0,0.0,-1,-1,0.0,0.0,0.0,0.0,0.0,0.0,0,0,0.0,0.0,0,0,0.0,0.0,0,0,0.0,0.0,0,0,0.0,0
LGS2ORD0013852,C013890,2025-04-20 17:00:00,Other,47,Bronze,Shopee,Chiang Mai,1281,Shopee,COD,17,4,6,1,40-50,42.7,5.0,0.0,0.0,-1,18,8266.626,0.28,0.8,0.2,0.0,0.0,0,0,0.0,829.81,1,0,0.0,30255.55,3,0,0.0,41333.13,5,0,0.0,1
LGS2ORD0013853,C010177,2025-04-20 17:00:00,Male,54,Silver,CallCenter,Phuket,863,Lazada,COD,17,4,6,1,>50,28.766666666666666,1.0,0.0,0.0,-1,92,27128.23,0.15,1.0,0.0,0.0,0.0,0,0,0.0,0.0,0,0,0.0,0.0,0,0,0.0,27128.23,1,0,0.0,1
LGS2ORD0013854,C011905,2025-04-20 17:00:00,Female,63,Silver,TV,Remote_Area,1465,Shopee,PromptPay,17,4,6,1,>50,48.833333333333336,2.0,0.0,0.0,-1,18,5390.110000000001,0.1,0.0,0.0,0.0,0.0,0,0,0.0,5011.85,1,0,0.0,10780.220000000001,2,0,0.0,10780.220000000001,2,0,0.0,1
LGS2ORD0013855,C013693,2025-04-20 17:00:00,Female,41,Bronze,TV,Bangkok,1132,TV_Show,COD,17,4,6,1,40-50,37.733333333333334,0.0,0.0,0.0,-1,-1,0.0,0.0,0.0,0.0,0.0,0.0,0,0,0.0,0.0,0,0,0.0,0.0,0,0,0.0,0.0,0,0,0.0,0
LGS2ORD0013856,C017589,2025-04-20 17:00:00,Female,29,Silver,Web,Bangkok,891,TV_Show,PromptPay,17,4,6,1,20-30,29.7,1.0,0.0,0.0,-1,81,9906.22,0.05,1.0,0.0,0.0,0.0,0,0,0.0,0.0,0,0,0.0,9906.22,1,0,0.0,9906.22,1,0,0.0,0
LGS2ORD0013857,C012037,2025-04-20 18:00:00,Female,38,Bronze,CallCenter,Nakhon Ratchasima,240,Lazada,COD,18,4,6,1,30-40,8.0,0.0,0.0,0.0,-1,-1,0.0,0.0,0.0,0.0,0.0,0.0,0,0,0.0,0.0,0,0,0.0,0.0,0,0,0.0,0.0,0,0,0.0,1
LGS2ORD0013858,C012282,2025-04-20 18:00:00,Female,20,Silver,TV,Phuket,876,Web,COD,18,4,6,1,<20,29.2,1.0,1.0,1.0,36,44,2130.46,0.2,1.0,0.0,0.0,0.0,0,0,0.0,0.0,0,0,0.0,2130.46,1,1,1.0,2130.46,1,1,1.0,0
LGS2ORD0013859,C014110,2025-04-20 18:00:00,Male,60,Bronze,Shopee,Chiang Mai,641,Shopee,Bank_Transfer,18,4,6,1,>50,21.366666666666667,2.0,0.0,0.0,-1,63,744.805,0.13,0.5,0.0,0.0,0.0,0,0,0.0,0.0,0,0,0.0,1286.36,1,0,0.0,1489.61,2,0,0.0,0
LGS2ORD0013860,C014053,2025-04-20 18:00:00,Male,47,Bronze,TV,Bangkok,672,Shopee,COD,18,4,6,1,40-50,22.4,0.0,0.0,0.0,-1,-1,0.0,0.0,0.0,0.0,0.0,0.0,0,0,0.0,0.0,0,0,0.0,0.0,0,0,0.0,0.0,0,0,0.0,1
LGS2ORD0013861,C011937,2025-04-20 18:00:00,Female,46,Gold,TV,Bangkok,539,TV_Show,COD,18,4,6,1,40-50,17.966666666666665,2.0,1.0,0.5,2,17,2269.925,0.28,0.0,1.0,0.0,0.0,0,0,0.0,1728.76,1,1,1.0,4539.85,2,1,0.5,4539.85,2,1,0.5,0
LGS2ORD0013862,C014151,2025-04-20 18:00:00,Female,53,Bronze,TV,Phuket,191,TV_Show,COD,18,4,6,1,>50,6.366666666666666,4.0,2.0,0.5,5,11,4189.245,0.28,1.0,0.25,0.0,0.0,0,0,0.0,4420.51,2,2,1.0,16756.98,4,2,0.5,16756.98,4,2,0.5,1
LGS2ORD0013863,C016772,2025-04-20 19:00:00,Male,70,Silver,Lazada,Phuket,533,Shopee,PromptPay,19,4,6,1,>50,17.766666666666666,2.0,1.0,0.5,95,105,1201.56,0.2,0.0,0.0,0.0,0.0,0,0,0.0,0.0,0,0,0.0,0.0,0,0,0.0,2403.12,2,1,0.5,0
LGS2ORD0013864,C012497,2025-04-20 19:00:00,Male,53,Silver,TV,Chiang Mai,270,CallCenter,PromptPay,19,4,6,1,>50,9.0,3.0,0.0,0.0,-1,48,2701.4066666666668,0.25,0.3333333333333333,0.3333333333333333,0.0,0.0,0,0,0.0,0.0,0,0,0.0,8104.22,3,0,0.0,8104.22,3,0,0.0,0
LGS2ORD0013865,C011284,2025-04-20 19:00:00,Female,46,Bronze,TV,Remote_Area,1347,Shopee,Credit_Card,19,4,6,1,40-50,44.9,4.0,2.0,0.5,11,16,9909.03,0.28,0.75,0.25,0.0,0.0,0,0,0.0,710.36,1,1,1.0,33178.29,3,2,0.6666666666666666,39636.12,4,2,0.5,0
LGS2ORD0013866,C011516,2025-04-20 19:00:00,Female,28,Bronze,TV,Nakhon Ratchasima,1415,Web,Bank_Transfer,19,4,6,1,20-30,47.166666666666664,0.0,0.0,0.0,-1,-1,0.0,0.0,0.0,0.0,0.0,0.0,0,0,0.0,0.0,0,0,0.0,0.0,0,0,0.0,0.0,0,0,0.0,0
LGS2ORD0013867,C015510,2025-04-20 19:00:00,Female,25,Silver,Web,Bangkok,756,TV_Show,COD,19,4,6,1,20-30,25.2,1.0,0.0,0.0,-1,100,21426.73,0.15,1.0,0.0,0.0,0.0,0,0,0.0,0.0,0,0,0.0,0.0,0,0,0.0,21426.73,1,0,0.0,1
LGS2ORD0013868,C012303,2025-04-20 20:00:00,Male,39,Silver,TV,Nakhon Ratchasima,1308,Shopee,PromptPay,20,4,6,1,30-40,43.6,3.0,0.0,0.0,-1,48,5581.173333333333,0.1,0.3333333333333333,0.0,0.0,0.0,0,0,0.0,0.0,0,0,0.0,15161.18,2,0,0.0,16743.52,3,0,0.0,1
LGS2ORD0013869,C011867,2025-04-20 20:00:00,Female,42,Silver,Shopee,Bangkok,1077,TV_Show,COD,20,4,6,1,40-50,35.9,1.0,0.0,0.0,-1,8,2848.76,0.1,1.0,0.0,0.0,0.0,0,0,0.0,2848.76,1,0,0.0,2848.76,1,0,0.0,2848.76,1,0,0.0,1
LGS2ORD0013870,C017926,2025-04-20 20:00:00,Male,41,Bronze,Web,Chonburi,711,Web,COD,20,4,6,1,40-50,23.7,1.0,0.0,0.0,-1,54,6022.84,0.28,0.0,1.0,0.0,0.0,0,0,0.0,0.0,0,0,0.0,6022.84,1,0,0.0,6022.84,1,0,0.0,1
LGS2ORD0013871,C011497,2025-04-20 20:00:00,Female,50,Silver,Lazada,Chonburi,1443,Web,COD,20,4,6,1,40-50,48.1,0.0,0.0,0.0,-1,-1,0.0,0.0,0.0,0.0,0.0,0.0,0,0,0.0,0.0,0,0,0.0,0.0,0,0,0.0,0.0,0,0,0.0,0
LGS2ORD0013872,C014093,2025-04-20 20:00:00,Female,54,Bronze,TV,Bangkok,419,Lazada,COD,20,4,6,1,>50,13.966666666666667,1.0,1.0,1.0,74,80,6696.79,0.28,1.0,1.0,0.0,0.0,0,0,0.0,0.0,0,0,0.0,6696.79,1,1,1.0,6696.79,1,1,1.0,0
LGS2ORD0013873,C016586,2025-04-20 21:00:00,Male,47,Bronze,Web,Bangkok,278,Shopee,Credit_Card,21,4,6,1,40-50,9.266666666666667,4.0,1.0,0.25,12,15,6511.867499999999,0.28,0.25,0.25,0.0,0.0,0,0,0.0,22963.199999999997,2,1,0.5,26047.469999999998,4,1,0.25,26047.469999999998,4,1,0.25,0
LGS2ORD0013874,C012179,2025-04-20 21:00:00,Male,36,Silver,Shopee,Bangkok,173,Lazada,COD,21,4,6,1,30-40,5.766666666666667,3.0,0.0,0.0,-1,11,7347.946666666666,0.15,0.3333333333333333,0.0,0.0,0.0,0,0,0.0,8214.96,1,0,0.0,22043.839999999997,3,0,0.0,22043.839999999997,3,0,0.0,0
LGS2ORD0013875,C010498,2025-04-20 21:00:00,Female,53,Bronze,Shopee,Bangkok,1227,Shopee,PromptPay,21,4,6,1,>50,40.9,4.0,0.0,0.0,-1,14,5420.7975,0.23,0.25,0.25,0.0,0.0,0,0,0.0,11849.8,2,0,0.0,19883.47,3,0,0.0,21683.19,4,0,0.0,1
LGS2ORD0013876,C017943,2025-04-20 21:00:00,Female,45,Gold,Lazada,Bangkok,1081,TV_Show,COD,21,4,6,1,40-50,36.03333333333333,0.0,0.0,0.0,-1,-1,0.0,0.0,0.0,0.0,0.0,0.0,0,0,0.0,0.0,0,0,0.0,0.0,0,0,0.0,0.0,0,0,0.0,0
LGS2ORD0013877,C010696,2025-04-20 21:00:00,Female,52,Bronze,Web,Nakhon Ratchasima,309,CallCenter,COD,21,4,6,1,>50,10.3,0.0,0.0,0.0,-1,-1,0.0,0.0,0.0,0.0,0.0,0.0,0,0,0.0,0.0,0,0,0.0,0.0,0,0,0.0,0.0,0,0,0.0,0
LGS2ORD0013878,C016133,2025-04-20 22:00:00,Female,40,Gold,Lazada,Khon Kaen,474,Web,PromptPay,22,4,6,1,30-40,15.8,1.0,0.0,0.0,-1,98,1651.05,0.08,0.0,0.0,0.0,0.0,0,0,0.0,0.0,0,0,0.0,0.0,0,0,0.0,1651.05,1,0,0.0,0
LGS2ORD0013879,C015410,2025-04-20 22:00:00,Male,46,Bronze,TV,Bangkok,991,CallCenter,COD,22,4,6,1,40-50,33.03333333333333,3.0,0.0,0.0,-1,17,5171.820000000001,0.13,0.3333333333333333,0.0,0.0,0.0,0,0,0.0,854.83,1,0,0.0,15515.460000000001,3,0,0.0,15515.460000000001,3,0,0.0,0
LGS2ORD0013880,C015979,2025-04-20 22:00:00,Male,49,Silver,Lazada,Phuket,1390,CallCenter,Credit_Card,22,4,6,1,40-50,46.333333333333336,0.0,0.0,0.0,-1,-1,0.0,0.0,0.0,0.0,0.0,0.0,0,0,0.0,0.0,0,0,0.0,0.0,0,0,0.0,0.0,0,0,0.0,0
LGS2ORD0013881,C010909,2025-04-20 22:00:00,Female,28,Bronze,Shopee,Remote_Area,859,Shopee,COD,22,4,6,1,20-30,28.633333333333333,0.0,0.0,0.0,-1,-1,0.0,0.0,0.0,0.0,0.0,0.0,0,0,0.0,0.0,0,0,0.0,0.0,0,0,0.0,0.0,0,0,0.0,0
LGS2ORD0013882,C014364,2025-04-20 22:00:00,Female,40,Bronze,TV,Phuket,248,TV_Show,COD,22,4,6,1,30-40,8.266666666666667,2.0,0.0,0.0,-1,65,3278.24,0.23,0.5,0.5,0.0,0.0,0,0,0.0,0.0,0,0,0.0,6556.48,2,0,0.0,6556.48,2,0,0.0,0
LGS2ORD0013883,C014461,2025-04-20 22:00:00,Male,44,Gold,CallCenter,Chiang Mai,162,Web,PromptPay,22,4,6,1,40-50,5.4,0.0,0.0,0.0,-1,-1,0.0,0.0,0.0,0.0,0.0,0.0,0,0,0.0,0.0,0,0,0.0,0.0,0,0,0.0,0.0,0,0,0.0,0
LGS2ORD0013884,C010442,2025-04-20 23:00:00,Female,49,Gold,Web,Songkhla,484,TV_Show,PromptPay,23,4,6,1,40-50,16.133333333333333,2.0,0.0,0.0,-1,71,3241.96,0.2299999999999999,0.0,0.5,0.0,0.0,0,0,0.0,0.0,0,0,0.0,4829.16,1,0,0.0,6483.92,2,0,0.0,1
LGS2ORD0013885,C016504,2025-04-20 23:00:00,Male,51,Platinum,Shopee,Chonburi,809,TV_Show,Credit_Card,23,4,6,1,>50,26.966666666666665,2.0,0.0,0.0,-1,70,1446.185,0.25,0.5,1.0,0.0,0.0,0,0,0.0,0.0,0,0,0.0,2892.37,2,0,0.0,2892.37,2,0,0.0,0
LGS2ORD0013886,C012877,2025-04-20 23:00:00,Male,31,Silver,Shopee,Phuket,212,TV_Show,PromptPay,23,4,6,1,30-40,7.066666666666666,0.0,0.0,0.0,-1,-1,0.0,0.0,0.0,0.0,0.0,0.0,0,0,0.0,0.0,0,0,0.0,0.0,0,0,0.0,0.0,0,0,0.0,0
LGS2ORD0013887,C015961,2025-04-20 23:00:00,Female,39,Bronze,Web,Bangkok,763,Shopee,Credit_Card,23,4,6,1,30-40,25.433333333333334,3.0,0.0,0.0,-1,82,3840.9166666666665,0.23,0.0,0.3333333333333333,0.0,0.0,0,0,0.0,0.0,0,0,0.0,4194.35,1,0,0.0,11522.75,3,0,0.0,1
LGS2ORD0013888,C015012,2025-04-20 23:00:00,Female,55,Silver,Web,Khon Kaen,433,CallCenter,PromptPay,23,4,6,1,>50,14.433333333333334,3.0,1.0,0.3333333333333333,27,1,3365.1433333333334,0.1,0.6666666666666666,0.0,0.0,5498.69,1,0,0.0,5498.69,1,0,0.0,7303.099999999999,2,1,0.5,10095.43,3,1,0.3333333333333333,0
LGS2ORD0013889,C012838,2025-04-21 00:00:00,Female,40,Silver,TV,Bangkok,190,TV_Show,COD,0,4,0,0,30-40,6.333333333333333,4.0,1.0,0.25,-3,1,1863.4975,0.25,0.25,0.25,0.0,1035.76,1,0,0.0,2692.9300000000003,2,1,0.5,7453.99,4,1,0.25,7453.99,4,1,0.25,1
LGS2ORD0013890,C017590,2025-04-21 00:00:00,Female,51,Bronze,Shopee,Chonburi,584,TV_Show,COD,0,4,0,0,>50,19.466666666666665,0.0,0.0,0.0,-1,-1,0.0,0.0,0.0,0.0,0.0,0.0,0,0,0.0,0.0,0,0,0.0,0.0,0,0,0.0,0.0,0,0,0.0,0
LGS2ORD0013891,C014649,2025-04-21 00:00:00,Female,30,Bronze,TV,Chonburi,1467,Web,PromptPay,0,4,0,0,20-30,48.9,2.0,1.0,0.5,24,32,2110.19,0.08,1.0,0.0,0.0,0.0,0,0,0.0,0.0,0,0,0.0,4220.38,2,1,0.5,4220.38,2,1,0.5,0
LGS2ORD0013892,C010515,2025-04-21 00:00:00,Male,44,Bronze,TV,Bangkok,1164,TV_Show,Bank_Transfer,0,4,0,0,40-50,38.8,1.0,0.0,0.0,-1,28,3510.9,0.23,1.0,1.0,0.0,0.0,0,0,0.0,3510.9,1,0,0.0,3510.9,1,0,0.0,3510.9,1,0,0.0,0
LGS2ORD0013893,C011836,2025-04-21 00:00:00,Female,40,Gold,Shopee,Bangkok,235,Shopee,Credit_Card,0,4,0,0,30-40,7.833333333333333,2.0,0.0,0.0,-1,57,7331.415,0.33,0.5,1.0,0.0,0.0,0,0,0.0,0.0,0,0,0.0,11055.59,1,0,0.0,14662.83,2,0,0.0,0
LGS2ORD0013894,C015599,2025-04-21 01:00:00,Male,36,Bronze,Shopee,Bangkok,1496,CallCenter,COD,1,4,0,0,30-40,49.86666666666667,4.0,1.0,0.25,12,16,3054.9649999999997,0.23,0.75,0.5,0.0,0.0,0,0,0.0,3715.97,2,1,0.5,12219.859999999999,4,1,0.25,12219.859999999999,4,1,0.25,0
LGS2ORD0013895,C015492,2025-04-21 01:00:00,Male,67,Bronze,Shopee,Bangkok,923,Web,Credit_Card,1,4,0,0,>50,30.766666666666666,3.0,0.0,0.0,-1,31,16923.3,0.28,0.0,0.6666666666666666,0.0,0.0,0,0,0.0,0.0,0,0,0.0,50769.9,3,0,0.0,50769.9,3,0,0.0,1
LGS2ORD0013896,C016395,2025-04-21 01:00:00,Male,45,Bronze,Shopee,Nakhon Ratchasima,1006,Lazada,COD,1,4,0,0,40-50,33.53333333333333,4.0,2.0,0.5,-3,3,3031.4175,0.28,0.5,0.75,0.0,1913.34,1,1,1.0,2637.69,2,1,0.5,12125.67,4,2,0.5,12125.67,4,2,0.5,0
LGS2ORD0013897,C012345,2025-04-21 01:00:00,Male,41,Gold,TV,Khon Kaen,662,CallCenter,COD,1,4,0,0,40-50,22.066666666666666,2.0,0.0,0.0,-1,0,8147.085,0.33,0.5,0.5,0.0,3546.81,1,0,0.0,3546.81,1,0,0.0,16294.17,2,0,0.0,16294.17,2,0,0.0,0
LGS2ORD0013898,C017280,2025-04-21 01:00:00,Male,50,Bronze,CallCenter,Chonburi,128,Web,COD,1,4,0,0,40-50,4.266666666666667,2.0,2.0,1.0,90,95,9569.285,0.23,1.0,0.5,0.0,0.0,0,0,0.0,0.0,0,0,0.0,0.0,0,0,0.0,19138.57,2,2,1.0,0
LGS2ORD0013899,C014500,2025-04-21 02:00:00,Male,42,Bronze,Shopee,Bangkok,1366,Lazada,COD,2,4,0,0,40-50,45.53333333333333,1.0,1.0,1.0,46,54,14229.76,0.23,0.0,1.0,0.0,0.0,0,0,0.0,0.0,0,0,0.0,14229.76,1,1,1.0,14229.76,1,1,1.0,1
LGS2ORD0013900,C010166,2025-04-21 02:00:00,Female,33,Gold,Shopee,Phuket,828,Shopee,COD,2,4,0,0,30-40,27.6,2.0,0.0,0.0,-1,61,15136.75,0.2299999999999999,0.5,0.5,0.0,0.0,0,0,0.0,0.0,0,0,0.0,17904.35,1,0,0.0,30273.5,2,0,0.0,1
LGS2ORD0013901,C012039,2025-04-21 02:00:00,Male,53,Bronze,TV,Bangkok,389,Shopee,COD,2,4,0,0,>50,12.966666666666667,1.0,0.0,0.0,-1,4,25931.56,0.18,1.0,0.0,0.0,25931.56,1,0,0.0,25931.56,1,0,0.0,25931.56,1,0,0.0,25931.56,1,0,0.0,0
LGS2ORD0013902,C010435,2025-04-21 02:00:00,Female,31,Silver,Lazada,Nakhon Ratchasima,934,CallCenter,Credit_Card,2,4,0,0,30-40,31.133333333333333,2.0,1.0,0.5,30,33,12355.82,0.3,0.5,1.0,0.0,0.0,0,0,0.0,0.0,0,0,0.0,24711.64,2,1,0.5,24711.64,2,1,0.5,0
LGS2ORD0013903,C012516,2025-04-21 02:00:00,Male,27,Bronze,Web,Nakhon Ratchasima,549,Shopee,COD,2,4,0,0,20-30,18.3,1.0,0.0,0.0,-1,51,1784.71,0.28,0.0,1.0,0.0,0.0,0,0,0.0,0.0,0,0,0.0,1784.71,1,0,0.0,1784.71,1,0,0.0,0
LGS2ORD0013904,C017749,2025-04-21 02:00:00,Male,40,Gold,Web,Khon Kaen,1410,Web,Credit_Card,2,4,0,0,30-40,47.0,2.0,0.0,0.0,-1,3,5780.835,0.13,0.5,0.0,0.0,7504.72,1,0,0.0,7504.72,1,0,0.0,11561.67,2,0,0.0,11561.67,2,0,0.0,0
LGS2ORD0013905,C010759,2025-04-21 03:00:00,Female,51,Silver,TV,Nakhon Ratchasima,488,Web,Credit_Card,3,4,0,0,>50,16.266666666666666,3.0,0.0,0.0,-1,19,9877.44,0.3,0.3333333333333333,0.3333333333333333,0.0,0.0,0,0,0.0,1628.5,1,0,0.0,29632.32,3,0,0.0,29632.32,3,0,0.0,0
LGS2ORD0013906,C014896,2025-04-21 03:00:00,Male,31,Bronze,TV,Khon Kaen,1519,TV_Show,COD,3,4,0,0,30-40,50.63333333333333,7.0,0.0,0.0,-1,17,4324.092857142857,0.23,0.42857142857142855,0.2857142857142857,0.0,0.0,0,0,0.0,1835.35,1,0,0.0,26268.539999999997,5,0,0.0,30268.649999999998,7,0,0.0,0
LGS2ORD0013907,C013793,2025-04-21 03:00:00,Female,33,Silver,Lazada,Phuket,563,TV_Show,COD,3,4,0,0,30-40,18.766666666666666,2.0,2.0,1.0,15,26,3679.075,0.25,0.0,0.5,0.0,0.0,0,0,0.0,3973.97,1,1,1.0,3973.97,1,1,1.0,7358.15,2,2,1.0,0
LGS2ORD0013908,C017985,2025-04-21 03:00:00,Female,48,Gold,Shopee,Phuket,1183,CallCenter,Bank_Transfer,3,4,0,0,40-50,39.43333333333333,1.0,0.0,0.0,-1,38,1942.23,0.2299999999999999,0.0,1.0,0.0,0.0,0,0,0.0,0.0,0,0,0.0,1942.23,1,0,0.0,1942.23,1,0,0.0,1
LGS2ORD0013909,C011903,2025-04-21 03:00:00,Male,46,Bronze,TV,Remote_Area,1503,Lazada,PromptPay,3,4,0,0,40-50,50.1,4.0,0.0,0.0,-1,15,11778.2175,0.23,0.75,0.25,0.0,0.0,0,0,0.0,44133.04,2,0,0.0,45704.590000000004,3,0,0.0,47112.87,4,0,0.0,0
LGS2ORD0013910,C016556,2025-04-21 04:00:00,Female,47,Silver,TV,Remote_Area,589,Shopee,COD,4,4,0,0,40-50,19.633333333333333,3.0,0.0,0.0,-1,19,5064.953333333334,0.2,1.0,0.0,0.0,0.0,0,0,0.0,13922.14,2,0,0.0,13922.14,2,0,0.0,15194.86,3,0,0.0,0
LGS2ORD0013911,C010396,2025-04-21 04:00:00,Female,40,Bronze,Shopee,Phuket,676,TV_Show,Credit_Card,4,4,0,0,30-40,22.533333333333335,4.0,1.0,0.25,56,46,2008.48,0.28,0.75,0.75,0.0,0.0,0,0,0.0,0.0,0,0,0.0,3950.3999999999996,2,1,0.5,8033.92,4,1,0.25,1
LGS2ORD0013912,C012730,2025-04-21 04:00:00,Female,22,Bronze,TV,Chonburi,255,Lazada,Credit_Card,4,4,0,0,20-30,8.5,2.0,1.0,0.5,31,36,3198.71,0.13,0.0,0.0,0.0,0.0,0,0,0.0,0.0,0,0,0.0,6397.42,2,1,0.5,6397.42,2,1,0.5,0
LGS2ORD0013913,C017431,2025-04-21 04:00:00,Female,42,Silver,TV,Khon Kaen,1204,TV_Show,PromptPay,4,4,0,0,40-50,40.13333333333333,3.0,0.0,0.0,-1,43,1634.78,0.3,0.0,0.6666666666666666,0.0,0.0,0,0,0.0,0.0,0,0,0.0,2366.82,1,0,0.0,4904.34,3,0,0.0,0
LGS2ORD0013914,C011325,2025-04-21 04:00:00,Female,22,Silver,Web,Bangkok,689,Shopee,PromptPay,4,4,0,0,20-30,22.966666666666665,2.0,0.0,0.0,-1,57,7762.785,0.25,0.0,0.5,0.0,0.0,0,0,0.0,0.0,0,0,0.0,11597.41,1,0,0.0,15525.57,2,0,0.0,0
LGS2ORD0013915,C017457,2025-04-21 05:00:00,Female,44,Bronze,Lazada,Chonburi,558,Lazada,Bank_Transfer,5,4,0,0,40-50,18.6,1.0,0.0,0.0,-1,76,941.67,0.23,1.0,1.0,0.0,0.0,0,0,0.0,0.0,0,0,0.0,941.67,1,0,0.0,941.67,1,0,0.0,0
LGS2ORD0013916,C016187,2025-04-21 05:00:00,Female,20,Bronze,Web,Bangkok,267,Lazada,COD,5,4,0,0,<20,8.9,2.0,1.0,0.5,34,48,9198.029999999999,0.18,0.0,0.0,0.0,0.0,0,0,0.0,0.0,0,0,0.0,5456.73,1,1,1.0,18396.059999999998,2,1,0.5,0
LGS2ORD0013917,C014062,2025-04-21 05:00:00,Female,55,Platinum,TV,Phuket,1491,TV_Show,COD,5,4,0,0,>50,49.7,0.0,0.0,0.0,-1,-1,0.0,0.0,0.0,0.0,0.0,0.0,0,0,0.0,0.0,0,0,0.0,0.0,0,0,0.0,0.0,0,0,0.0,1
LGS2ORD0013918,C015571,2025-04-21 05:00:00,Female,49,Bronze,TV,Nakhon Ratchasima,123,TV_Show,COD,5,4,0,0,40-50,4.1,2.0,0.0,0.0,-1,37,3134.86,0.08,1.0,0.0,0.0,0.0,0,0,0.0,0.0,0,0,0.0,6269.72,2,0,0.0,6269.72,2,0,0.0,0
LGS2ORD0013919,C013670,2025-04-21 05:00:00,Female,29,Silver,CallCenter,Chiang Mai,734,TV_Show,COD,5,4,0,0,20-30,24.466666666666665,2.0,1.0,0.5,6,20,7466.964999999999,0.2,1.0,0.0,0.0,0.0,0,0,0.0,11177.96,1,1,1.0,11177.96,1,1,1.0,14933.929999999998,2,1,0.5,0
LGS2ORD0013920,C013799,2025-04-21 05:00:00,Female,63,Bronze,TV,Chiang Mai,434,TV_Show,COD,5,4,0,0,>50,14.466666666666667,3.0,0.0,0.0,-1,10,7468.4766666666665,0.18,0.3333333333333333,0.0,0.0,0.0,0,0,0.0,19969.93,2,0,0.0,22405.43,3,0,0.0,22405.43,3,0,0.0,0
LGS2ORD0013921,C013290,2025-04-21 06:00:00,Female,30,Silver,Lazada,Songkhla,467,Web,PromptPay,6,4,0,0,20-30,15.566666666666666,1.0,0.0,0.0,-1,96,9731.83,0.1,0.0,0.0,0.0,0.0,0,0,0.0,0.0,0,0,0.0,0.0,0,0,0.0,9731.83,1,0,0.0,0
LGS2ORD0013922,C013159,2025-04-21 06:00:00,Male,32,Bronze,Lazada,Remote_Area,586,Lazada,Credit_Card,6,4,0,0,30-40,19.533333333333335,0.0,0.0,0.0,-1,-1,0.0,0.0,0.0,0.0,0.0,0.0,0,0,0.0,0.0,0,0,0.0,0.0,0,0,0.0,0.0,0,0,0.0,0
LGS2ORD0013923,C010414,2025-04-21 06:00:00,Male,65,Bronze,Lazada,Songkhla,693,Lazada,COD,6,4,0,0,>50,23.1,1.0,0.0,0.0,-1,76,6233.68,0.03,1.0,0.0,0.0,0.0,0,0,0.0,0.0,0,0,0.0,6233.68,1,0,0.0,6233.68,1,0,0.0,1
LGS2ORD0013924,C014874,2025-04-21 06:00:00,Female,31,Silver,CallCenter,Chiang Mai,535,Lazada,Credit_Card,6,4,0,0,30-40,17.833333333333332,2.0,0.0,0.0,-1,86,1487.64,0.1,1.0,0.0,0.0,0.0,0,0,0.0,0.0,0,0,0.0,1443.38,1,0,0.0,2975.28,2,0,0.0,0
LGS2ORD0013925,C015798,2025-04-21 06:00:00,Female,18,Bronze,Shopee,Bangkok,758,Lazada,COD,6,4,0,0,<20,25.266666666666666,2.0,0.0,0.0,-1,63,7517.615,0.03,0.5,0.0,0.0,0.0,0,0,0.0,0.0,0,0,0.0,9530.34,1,0,0.0,15035.23,2,0,0.0,0
LGS2ORD0013926,C013752,2025-04-21 07:00:00,Male,26,Bronze,Web,Songkhla,1371,Shopee,Bank_Transfer,7,4,0,0,20-30,45.7,0.0,0.0,0.0,-1,-1,0.0,0.0,0.0,0.0,0.0,0.0,0,0,0.0,0.0,0,0,0.0,0.0,0,0,0.0,0.0,0,0,0.0,0
LGS2ORD0013927,C017909,2025-04-21 07:00:00,Female,35,Platinum,Web,Bangkok,407,Shopee,COD,7,4,0,0,30-40,13.566666666666666,1.0,0.0,0.0,-1,1,834.88,0.25,0.0,1.0,0.0,834.88,1,0,0.0,834.88,1,0,0.0,834.88,1,0,0.0,834.88,1,0,0.0,0
LGS2ORD0013928,C014687,2025-04-21 07:00:00,Female,60,Silver,TV,Chiang Mai,1155,TV_Show,COD,7,4,0,0,>50,38.5,3.0,0.0,0.0,-1,5,12253.893333333333,0.25,0.6666666666666666,0.6666666666666666,0.0,2028.96,1,0,0.0,36761.68,3,0,0.0,36761.68,3,0,0.0,36761.68,3,0,0.0,0
LGS2ORD0013929,C014654,2025-04-21 07:00:00,Female,42,Gold,TV,Nakhon Ratchasima,824,TV_Show,COD,7,4,0,0,40-50,27.466666666666665,4.0,1.0,0.25,64,32,5225.3825,0.33,0.25,0.5,0.0,0.0,0,0,0.0,0.0,0,0,0.0,20901.53,4,1,0.25,20901.53,4,1,0.25,0
LGS2ORD0013930,C015792,2025-04-21 07:00:00,Female,26,Silver,CallCenter,Bangkok,911,Web,COD,7,4,0,0,20-30,30.366666666666667,2.0,0.0,0.0,-1,38,11207.86,0.25,0.0,0.5,0.0,0.0,0,0,0.0,0.0,0,0,0.0,22415.72,2,0,0.0,22415.72,2,0,0.0,1
LGS2ORD0013931,C014026,2025-04-21 08:00:00,Female,60,Silver,Lazada,Remote_Area,217,Lazada,COD,8,4,0,0,>50,7.233333333333333,5.0,0.0,0.0,-1,12,4500.55,0.25,0.4,0.2,0.0,0.0,0,0,0.0,14091.75,4,0,0.0,14091.75,4,0,0.0,22502.75,5,0,0.0,1
LGS2ORD0013932,C016007,2025-04-21 08:00:00,Female,43,Silver,TV,Phuket,1069,Web,COD,8,4,0,0,40-50,35.63333333333333,3.0,1.0,0.3333333333333333,65,0,3357.5933333333337,0.25,0.3333333333333333,0.3333333333333333,0.0,155.09,1,0,0.0,155.09,1,0,0.0,7777.400000000001,2,1,0.5,10072.78,3,1,0.3333333333333333,1
LGS2ORD0013933,C015071,2025-04-21 08:00:00,Female,59,Bronze,Shopee,Chonburi,1459,Web,Credit_Card,8,4,0,0,>50,48.63333333333333,2.0,0.0,0.0,-1,6,740.135,0.23,0.5,0.5,0.0,1099.26,1,0,0.0,1480.27,2,0,0.0,1480.27,2,0,0.0,1480.27,2,0,0.0,0
LGS2ORD0013934,C010586,2025-04-21 08:00:00,Female,41,Bronze,Shopee,Khon Kaen,1423,TV_Show,PromptPay,8,4,0,0,40-50,47.43333333333333,1.0,0.0,0.0,-1,103,15023.42,0.03,0.0,0.0,0.0,0.0,0,0,0.0,0.0,0,0,0.0,0.0,0,0,0.0,15023.42,1,0,0.0,0
LGS2ORD0013935,C011525,2025-04-21 08:00:00,Male,47,Silver,CallCenter,Nakhon Ratchasima,558,Web,COD,8,4,0,0,40-50,18.6,4.0,1.0,0.25,105,54,9156.675,0.3,0.0,0.25,0.0,0.0,0,0,0.0,0.0,0,0,0.0,7425.02,3,0,0.0,36626.7,4,1,0.25,1
LGS2ORD0013936,C014838,2025-04-21 09:00:00,Male,54,Bronze,TV,Bangkok,1309,Web,PromptPay,9,4,0,0,>50,43.63333333333333,1.0,1.0,1.0,8,17,1583.31,0.28,1.0,1.0,0.0,0.0,0,0,0.0,1583.31,1,1,1.0,1583.31,1,1,1.0,1583.31,1,1,1.0,0
LGS2ORD0013937,C010333,2025-04-21 09:00:00,Male,40,Silver,Web,Songkhla,560,Lazada,COD,9,4,0,0,30-40,18.666666666666668,5.0,3.0,0.6,5,16,7811.530000000001,0.25,0.4,0.2,0.0,0.0,0,0,0.0,32837.2,2,2,1.0,39057.65,5,3,0.6,39057.65,5,3,0.6,0
LGS2ORD0013938,C014611,2025-04-21 09:00:00,Female,46,Bronze,CallCenter,Songkhla,334,Lazada,COD,9,4,0,0,40-50,11.133333333333333,1.0,0.0,0.0,-1,10,24578.56,0.08,1.0,0.0,0.0,0.0,0,0,0.0,24578.56,1,0,0.0,24578.56,1,0,0.0,24578.56,1,0,0.0,1
LGS2ORD0013939,C012174,2025-04-21 09:00:00,Female,32,Bronze,TV,Remote_Area,445,CallCenter,COD,9,4,0,0,30-40,14.833333333333334,2.0,0.0,0.0,-1,1,9605.91,0.13,0.5,0.0,0.0,12343.43,1,0,0.0,12343.43,1,0,0.0,12343.43,1,0,0.0,19211.82,2,0,0.0,0
LGS2ORD0013940,C010839,2025-04-21 09:00:00,Female,57,Silver,Web,Phuket,204,Web,COD,9,4,0,0,>50,6.8,4.0,1.0,0.25,96,54,6389.4375,0.25,0.5,0.25,0.0,0.0,0,0,0.0,0.0,0,0,0.0,16171.720000000001,2,0,0.0,25557.75,4,1,0.25,0
LGS2ORD0013941,C014169,2025-04-21 09:00:00,Male,39,Bronze,Web,Bangkok,1399,TV_Show,COD,9,4,0,0,30-40,46.63333333333333,3.0,0.0,0.0,-1,66,8301.563333333334,0.08,1.0,0.0,0.3333333333333333,0.0,0,0,0.0,0.0,0,0,0.0,14399.21,2,0,0.0,24904.69,3,0,0.0,0
LGS2ORD0013942,C014790,2025-04-21 10:00:00,Female,52,Silver,Lazada,Chonburi,1368,Web,Credit_Card,10,4,0,0,>50,45.6,0.0,0.0,0.0,-1,-1,0.0,0.0,0.0,0.0,0.0,0.0,0,0,0.0,0.0,0,0,0.0,0.0,0,0,0.0,0.0,0,0,0.0,0
LGS2ORD0013943,C014148,2025-04-21 10:00:00,Male,33,Platinum,TV,Remote_Area,1214,Shopee,PromptPay,10,4,0,0,30-40,40.46666666666667,1.0,0.0,0.0,-1,42,385.56,0.3,0.0,1.0,0.0,0.0,0,0,0.0,0.0,0,0,0.0,385.56,1,0,0.0,385.56,1,0,0.0,0
LGS2ORD0013944,C014781,2025-04-21 10:00:00,Male,39,Platinum,Web,Phuket,1225,TV_Show,COD,10,4,0,0,30-40,40.833333333333336,4.0,1.0,0.25,16,4,11813.535,0.2,1.0,0.0,0.0,6687.42,1,0,0.0,29891.92,3,0,0.0,47254.14,4,1,0.25,47254.14,4,1,0.25,1
LGS2ORD0013945,C017614,2025-04-21 10:00:00,Female,24,Silver,TV,Chiang Mai,957,TV_Show,Credit_Card,10,4,0,0,20-30,31.9,1.0,0.0,0.0,-1,82,14537.27,0.1,1.0,0.0,0.0,0.0,0,0,0.0,0.0,0,0,0.0,14537.27,1,0,0.0,14537.27,1,0,0.0,0
LGS2ORD0013946,C016319,2025-04-21 10:00:00,Female,30,Bronze,Shopee,Chonburi,183,Web,COD,10,4,0,0,20-30,6.1,0.0,0.0,0.0,-1,-1,0.0,0.0,0.0,0.0,0.0,0.0,0,0,0.0,0.0,0,0,0.0,0.0,0,0,0.0,0.0,0,0,0.0,1
LGS2ORD0013947,C015648,2025-04-21 11:00:00,Male,38,Silver,TV,Bangkok,566,Shopee,Credit_Card,11,4,0,0,30-40,18.866666666666667,2.0,1.0,0.5,21,4,1080.025,0.25,1.0,0.5,0.0,962.77,1,0,0.0,962.77,1,0,0.0,2160.05,2,1,0.5,2160.05,2,1,0.5,0
LGS2ORD0013948,C014875,2025-04-21 11:00:00,Male,18,Silver,Shopee,Chonburi,356,CallCenter,COD,11,4,0,0,<20,11.866666666666667,3.0,1.0,0.3333333333333333,54,7,5429.643333333333,0.3,0.6666666666666666,0.3333333333333333,0.0,0.0,0,0,0.0,7263.59,1,0,0.0,16288.93,3,1,0.3333333333333333,16288.93,3,1,0.3333333333333333,0
LGS2ORD0013949,C010870,2025-04-21 11:00:00,Female,26,Gold,Web,Bangkok,338,TV_Show,COD,11,4,0,0,20-30,11.266666666666667,2.0,1.0,0.5,23,33,1355.905,0.28,0.5,0.5,0.0,0.0,0,0,0.0,0.0,0,0,0.0,2010.61,1,1,1.0,2711.81,2,1,0.5,0
LGS2ORD0013950,C010387,2025-04-21 11:00:00,Male,47,Bronze,Shopee,Phuket,858,CallCenter,PromptPay,11,4,0,0,40-50,28.6,2.0,1.0,0.5,21,28,2209.0,0.23,1.0,0.5,0.0,0.0,0,0,0.0,1343.13,1,1,1.0,4418.0,2,1,0.5,4418.0,2,1,0.5,1
LGS2ORD0013951,C011808,2025-04-21 11:00:00,Female,28,Platinum,Web,Chonburi,869,Lazada,Credit_Card,11,4,0,0,20-30,28.966666666666665,2.0,0.0,0.0,-1,76,3468.315,0.35,0.5,1.0,0.0,0.0,0,0,0.0,0.0,0,0,0.0,5288.31,1,0,0.0,6936.63,2,0,0.0,0
LGS2ORD0013952,C016196,2025-04-21 12:00:00,Female,53,Silver,Shopee,Phuket,1335,Shopee,COD,12,4,0,0,>50,44.5,3.0,0.0,0.0,-1,40,2849.3233333333333,0.05,0.6666666666666666,0.0,0.0,0.0,0,0,0.0,0.0,0,0,0.0,8547.97,3,0,0.0,8547.97,3,0,0.0,0
LGS2ORD0013953,C011509,2025-04-21 12:00:00,Male,47,Bronze,TV,Phuket,447,Shopee,COD,12,4,0,0,40-50,14.9,2.0,1.0,0.5,56,66,2932.745,0.18,0.0,0.0,0.0,0.0,0,0,0.0,0.0,0,0,0.0,4295.13,1,1,1.0,5865.49,2,1,0.5,1
LGS2ORD0013954,C016954,2025-04-21 12:00:00,Male,51,Bronze,Web,Chonburi,884,TV_Show,COD,12,4,0,0,>50,29.466666666666665,2.0,1.0,0.5,3,15,5888.385,0.18,0.5,0.0,0.0,0.0,0,0,0.0,6392.05,1,1,1.0,11776.77,2,1,0.5,11776.77,2,1,0.5,1
LGS2ORD0013955,C012024,2025-04-21 12:00:00,Male,35,Silver,Web,Bangkok,1521,Web,Bank_Transfer,12,4,0,0,30-40,50.7,4.0,0.0,0.0,-1,73,6929.130000000001,0.25,0.75,0.25,0.0,0.0,0,0,0.0,0.0,0,0,0.0,13363.820000000002,3,0,0.0,27716.520000000004,4,0,0.0,0
LGS2ORD0013956,C015838,2025-04-21 12:00:00,Male,52,Bronze,Shopee,Remote_Area,1144,TV_Show,Bank_Transfer,12,4,0,0,>50,38.13333333333333,2.0,2.0,1.0,11,22,2258.505,0.28,1.0,0.5,0.0,0.0,0,0,0.0,2405.04,1,1,1.0,2405.04,1,1,1.0,4517.01,2,2,1.0,1
LGS2ORD0013957,C015584,2025-04-21 13:00:00,Other,31,Silver,Shopee,Bangkok,1102,Lazada,COD,13,4,0,0,30-40,36.733333333333334,1.0,0.0,0.0,-1,27,858.9,0.05,1.0,0.0,0.0,0.0,0,0,0.0,858.9,1,0,0.0,858.9,1,0,0.0,858.9,1,0,0.0,1
LGS2ORD0013958,C010185,2025-04-21 13:00:00,Male,41,Bronze,TV,Nakhon Ratchasima,1404,CallCenter,PromptPay,13,4,0,0,40-50,46.8,4.0,2.0,0.5,-4,6,8919.845,0.28,0.25,0.25,0.0,2815.17,2,2,1.0,2815.17,2,2,1.0,35679.38,4,2,0.5,35679.38,4,2,0.5,0
LGS2ORD0013959,C012941,2025-04-21 13:00:00,Female,56,Silver,Shopee,Bangkok,510,Web,Bank_Transfer,13,4,0,0,>50,17.0,0.0,0.0,0.0,-1,-1,0.0,0.0,0.0,0.0,0.0,0.0,0,0,0.0,0.0,0,0,0.0,0.0,0,0,0.0,0.0,0,0,0.0,0
LGS2ORD0013960,C015876,2025-04-21 13:00:00,Female,37,Bronze,Web,Songkhla,520,Web,COD,13,4,0,0,30-40,17.333333333333332,1.0,0.0,0.0,-1,18,5022.35,0.08,0.0,0.0,0.0,0.0,0,0,0.0,5022.35,1,0,0.0,5022.35,1,0,0.0,5022.35,1,0,0.0,0
LGS2ORD0013961,C015379,2025-04-21 13:00:00,Female,38,Bronze,Web,Chonburi,538,Lazada,COD,13,4,0,0,30-40,17.933333333333334,2.0,2.0,1.0,22,25,3037.38,0.08,1.0,0.0,0.0,0.0,0,0,0.0,3065.81,1,1,1.0,3065.81,1,1,1.0,6074.76,2,2,1.0,1
LGS2ORD0013962,C015481,2025-04-21 13:00:00,Male,45,Bronze,Shopee,Remote_Area,743,CallCenter,PromptPay,13,4,0,0,40-50,24.766666666666666,2.0,1.0,0.5,85,91,1445.25,0.23,0.5,0.5,0.0,0.0,0,0,0.0,0.0,0,0,0.0,0.0,0,0,0.0,2890.5,2,1,0.5,0
LGS2ORD0013963,C017947,2025-04-21 14:00:00,Other,28,Bronze,CallCenter,Phuket,690,TV_Show,COD,14,4,0,0,20-30,23.0,5.0,2.0,0.4,8,9,6100.286,0.28,0.6,0.4,0.0,0.0,0,0,0.0,10529.919999999998,2,1,0.5,30501.43,5,2,0.4,30501.43,5,2,0.4,0
LGS2ORD0013964,C010822,2025-04-21 14:00:00,Male,25,Bronze,Web,Chiang Mai,1239,Web,Credit_Card,14,4,0,0,20-30,41.3,3.0,0.0,0.0,-1,34,11367.833333333334,0.23,0.0,0.3333333333333333,0.0,0.0,0,0,0.0,0.0,0,0,0.0,34103.5,3,0,0.0,34103.5,3,0,0.0,0
LGS2ORD0013965,C017864,2025-04-21 14:00:00,Female,34,Bronze,TV,Phuket,148,Shopee,PromptPay,14,4,0,0,30-40,4.933333333333334,0.0,0.0,0.0,-1,-1,0.0,0.0,0.0,0.0,0.0,0.0,0,0,0.0,0.0,0,0,0.0,0.0,0,0,0.0,0.0,0,0,0.0,0
LGS2ORD0013966,C011680,2025-04-21 14:00:00,Female,30,Bronze,Web,Chiang Mai,317,Lazada,COD,14,4,0,0,20-30,10.566666666666666,0.0,0.0,0.0,-1,-1,0.0,0.0,0.0,0.0,0.0,0.0,0,0,0.0,0.0,0,0,0.0,0.0,0,0,0.0,0.0,0,0,0.0,0
LGS2ORD0013967,C011909,2025-04-21 14:00:00,Female,39,Bronze,Shopee,Bangkok,1559,TV_Show,COD,14,4,0,0,30-40,51.96666666666667,4.0,1.0,0.25,26,11,3246.5525,0.23,0.5,0.25,0.0,0.0,0,0,0.0,4402.55,1,0,0.0,11050.369999999999,3,1,0.3333333333333333,12986.21,4,1,0.25,0
LGS2ORD0013968,C010731,2025-04-21 15:00:00,Female,30,Silver,TV,Khon Kaen,490,TV_Show,COD,15,4,0,0,20-30,16.333333333333332,2.0,1.0,0.5,84,82,1764.285,0.25,0.5,1.0,0.0,0.0,0,0,0.0,0.0,0,0,0.0,3528.57,2,1,0.5,3528.57,2,1,0.5,1
LGS2ORD0013969,C015631,2025-04-21 15:00:00,Other,52,Bronze,TV,Khon Kaen,186,Web,COD,15,4,0,0,>50,6.2,1.0,0.0,0.0,-1,78,1486.56,0.23,0.0,1.0,0.0,0.0,0,0,0.0,0.0,0,0,0.0,1486.56,1,0,0.0,1486.56,1,0,0.0,0
LGS2ORD0013970,C013725,2025-04-21 15:00:00,Other,31,Silver,TV,Phuket,1212,Shopee,COD,15,4,0,0,30-40,40.4,0.0,0.0,0.0,-1,-1,0.0,0.0,0.0,0.0,0.0,0.0,0,0,0.0,0.0,0,0,0.0,0.0,0,0,0.0,0.0,0,0,0.0,0
LGS2ORD0013971,C011768,2025-04-21 15:00:00,Male,31,Bronze,Lazada,Songkhla,1169,TV_Show,COD,15,4,0,0,30-40,38.96666666666667,1.0,0.0,0.0,-1,56,2010.94,0.08,1.0,0.0,0.0,0.0,0,0,0.0,0.0,0,0,0.0,2010.94,1,0,0.0,2010.94,1,0,0.0,0
LGS2ORD0013972,C014274,2025-04-21 15:00:00,Female,55,Bronze,Web,Bangkok,909,Shopee,COD,15,4,0,0,>50,30.3,0.0,0.0,0.0,-1,-1,0.0,0.0,0.0,0.0,0.0,0.0,0,0,0.0,0.0,0,0,0.0,0.0,0,0,0.0,0.0,0,0,0.0,1
LGS2ORD0013973,C010846,2025-04-21 16:00:00,Male,60,Bronze,Shopee,Songkhla,996,Web,COD,16,4,0,0,>50,33.2,2.0,1.0,0.5,73,74,5410.415,0.23,0.5,0.5,0.0,0.0,0,0,0.0,0.0,0,0,0.0,10820.83,2,1,0.5,10820.83,2,1,0.5,0
LGS2ORD0013974,C010929,2025-04-21 16:00:00,Female,46,Silver,Web,Khon Kaen,1228,Shopee,COD,16,4,0,0,40-50,40.93333333333333,5.0,3.0,0.6,55,64,7124.8820000000005,0.25,0.4,0.2,0.0,0.0,0,0,0.0,0.0,0,0,0.0,23400.75,3,3,1.0,35624.41,5,3,0.6,0
LGS2ORD0013975,C012750,2025-04-21 16:00:00,Female,18,Bronze,Web,Bangkok,882,TV_Show,COD,16,4,0,0,<20,29.4,1.0,1.0,1.0,96,102,8223.57,0.18,1.0,0.0,0.0,0.0,0,0,0.0,0.0,0,0,0.0,0.0,0,0,0.0,8223.57,1,1,1.0,0
LGS2ORD0013976,C013162,2025-04-21 16:00:00,Female,48,Silver,Web,Chiang Mai,221,Web,Bank_Transfer,16,4,0,0,40-50,7.366666666666666,1.0,0.0,0.0,-1,56,1180.52,0.05,0.0,0.0,0.0,0.0,0,0,0.0,0.0,0,0,0.0,1180.52,1,0,0.0,1180.52,1,0,0.0,0
LGS2ORD0013977,C017801,2025-04-21 16:00:00,Female,50,Bronze,Shopee,Phuket,459,Shopee,Credit_Card,16,4,0,0,40-50,15.3,4.0,1.0,0.25,70,63,2554.62,0.18,0.5,0.0,0.0,0.0,0,0,0.0,0.0,0,0,0.0,6491.55,2,1,0.5,10218.48,4,1,0.25,1
LGS2ORD0013978,C011730,2025-04-21 17:00:00,Female,37,Silver,Web,Chonburi,1141,TV_Show,COD,17,4,0,0,30-40,38.03333333333333,2.0,1.0,0.5,27,40,4584.63,0.1,0.5,0.0,0.0,0.0,0,0,0.0,0.0,0,0,0.0,1831.82,1,1,1.0,9169.26,2,1,0.5,0
LGS2ORD0013979,C017194,2025-04-21 17:00:00,Male,43,Silver,TV,Bangkok,984,Lazada,Credit_Card,17,4,0,0,40-50,32.8,2.0,0.0,0.0,-1,13,2799.1800000000003,0.3,1.0,0.5,0.0,0.0,0,0,0.0,2216.83,1,0,0.0,2216.83,1,0,0.0,5598.360000000001,2,0,0.0,0
LGS2ORD0013980,C017942,2025-04-21 17:00:00,Female,53,Bronze,Shopee,Phuket,644,TV_Show,Credit_Card,17,4,0,0,>50,21.466666666666665,3.0,2.0,0.6666666666666666,35,42,2564.263333333333,0.18,0.3333333333333333,0.0,0.0,0.0,0,0,0.0,0.0,0,0,0.0,7692.789999999999,3,2,0.6666666666666666,7692.789999999999,3,2,0.6666666666666666,1
LGS2ORD0013981,C012543,2025-04-21 17:00:00,Male,51,Bronze,Lazada,Chiang Mai,535,Lazada,Credit_Card,17,4,0,0,>50,17.833333333333332,2.0,0.0,0.0,-1,104,7717.844999999999,0.13,0.0,0.0,0.0,0.0,0,0,0.0,0.0,0,0,0.0,0.0,0,0,0.0,15435.689999999999,2,0,0.0,0
LGS2ORD0013982,C016512,2025-04-21 17:00:00,Female,25,Silver,Lazada,Bangkok,753,Shopee,COD,17,4,0,0,20-30,25.1,2.0,0.0,0.0,-1,29,16150.69,0.05,0.5,0.0,0.0,0.0,0,0,0.0,24578.34,1,0,0.0,32301.38,2,0,0.0,32301.38,2,0,0.0,0
LGS2ORD0013983,C012518,2025-04-21 17:00:00,Other,46,Bronze,CallCenter,Khon Kaen,433,Web,Credit_Card,17,4,0,0,40-50,14.433333333333334,2.0,1.0,0.5,33,43,9431.880000000001,0.28,0.0,0.5,0.0,0.0,0,0,0.0,0.0,0,0,0.0,680.33,1,1,1.0,18863.760000000002,2,1,0.5,0
LGS2ORD0013984,C010666,2025-04-21 18:00:00,Female,24,Silver,TV,Chiang Mai,575,Shopee,Credit_Card,18,4,0,0,20-30,19.166666666666668,1.0,0.0,0.0,-1,77,823.19,0.2,1.0,0.0,0.0,0.0,0,0,0.0,0.0,0,0,0.0,823.19,1,0,0.0,823.19,1,0,0.0,0
LGS2ORD0013985,C010702,2025-04-21 18:00:00,Male,39,Silver,Shopee,Nakhon Ratchasima,690,Web,COD,18,4,0,0,30-40,23.0,1.0,0.0,0.0,-1,33,2044.5,0.05,0.0,0.0,0.0,0.0,0,0,0.0,0.0,0,0,0.0,2044.5,1,0,0.0,2044.5,1,0,0.0,1
LGS2ORD0013986,C011640,2025-04-21 18:00:00,Male,44,Gold,Web,Remote_Area,1428,Web,COD,18,4,0,0,40-50,47.6,0.0,0.0,0.0,-1,-1,0.0,0.0,0.0,0.0,0.0,0.0,0,0,0.0,0.0,0,0,0.0,0.0,0,0,0.0,0.0,0,0,0.0,1
LGS2ORD0013987,C017504,2025-04-21 18:00:00,Male,38,Bronze,TV,Nakhon Ratchasima,457,TV_Show,COD,18,4,0,0,30-40,15.233333333333333,1.0,0.0,0.0,-1,18,753.03,0.13,0.0,0.0,0.0,0.0,0,0,0.0,753.03,1,0,0.0,753.03,1,0,0.0,753.03,1,0,0.0,0
LGS2ORD0013988,C016010,2025-04-21 18:00:00,Male,45,Bronze,TV,Nakhon Ratchasima,801,CallCenter,COD,18,4,0,0,40-50,26.7,2.0,0.0,0.0,-1,13,2337.12,0.18,0.5,0.0,0.0,0.0,0,0,0.0,4674.24,2,0,0.0,4674.24,2,0,0.0,4674.24,2,0,0.0,1
LGS2ORD0013989,C012573,2025-04-21 19:00:00,Female,35,Platinum,TV,Chonburi,465,Lazada,PromptPay,19,4,0,0,30-40,15.5,2.0,0.0,0.0,-1,18,6552.54,0.25,0.5,0.5,0.0,0.0,0,0,0.0,11556.77,1,0,0.0,13105.08,2,0,0.0,13105.08,2,0,0.0,0
LGS2ORD0013990,C014249,2025-04-21 19:00:00,Female,41,Gold,Web,Remote_Area,1181,Shopee,PromptPay,19,4,0,0,40-50,39.36666666666667,2.0,0.0,0.0,-1,36,5689.465,0.13,0.5,0.0,0.0,0.0,0,0,0.0,0.0,0,0,0.0,11378.93,2,0,0.0,11378.93,2,0,0.0,0
LGS2ORD0013991,C015599,2025-04-21 19:00:00,Male,36,Bronze,Shopee,Bangkok,1496,Web,Bank_Transfer,19,4,0,0,30-40,49.86666666666667,5.0,1.0,0.2,13,0,2520.522,0.28,0.8,0.6,0.0,382.75,1,0,0.0,4098.719999999999,3,1,0.3333333333333333,12602.609999999999,5,1,0.2,12602.609999999999,5,1,0.2,0
LGS2ORD0013992,C012717,2025-04-21 19:00:00,Male,58,Bronze,Shopee,Chonburi,1368,TV_Show,COD,19,4,0,0,>50,45.6,4.0,1.0,0.25,50,65,3049.4125,0.18,0.5,0.0,0.0,0.0,0,0,0.0,0.0,0,0,0.0,6374.33,2,1,0.5,12197.65,4,1,0.25,0
LGS2ORD0013993,C015471,2025-04-21 19:00:00,Male,27,Silver,Web,Chiang Mai,636,Web,COD,19,4,0,0,20-30,21.2,1.0,1.0,1.0,18,24,567.14,0.2,1.0,0.0,0.0,0.0,0,0,0.0,567.14,1,1,1.0,567.14,1,1,1.0,567.14,1,1,1.0,0
LGS2ORD0013994,C014655,2025-04-21 20:00:00,Female,54,Bronze,TV,Phuket,628,TV_Show,COD,20,4,0,0,>50,20.933333333333334,4.0,1.0,0.25,53,15,11472.677499999998,0.28,0.5,0.5,0.0,0.0,0,0,0.0,4369.92,2,0,0.0,21102.18,3,1,0.3333333333333333,45890.70999999999,4,1,0.25,1
LGS2ORD0013995,C014273,2025-04-21 20:00:00,Male,56,Gold,Shopee,Bangkok,1058,TV_Show,PromptPay,20,4,0,0,>50,35.266666666666666,2.0,0.0,0.0,-1,17,3529.8450000000003,0.33,0.5,0.5,0.0,0.0,0,0,0.0,6767.26,1,0,0.0,7059.6900000000005,2,0,0.0,7059.6900000000005,2,0,0.0,0
LGS2ORD0013996,C015861,2025-04-21 20:00:00,Female,61,Silver,TV,Khon Kaen,558,TV_Show,COD,20,4,0,0,>50,18.6,4.0,1.0,0.25,23,22,6795.744999999999,0.2,0.75,0.0,0.0,0.0,0,0,0.0,14303.18,2,1,0.5,27182.979999999996,4,1,0.25,27182.979999999996,4,1,0.25,1
LGS2ORD0013997,C010322,2025-04-21 20:00:00,Female,25,Bronze,Web,Chiang Mai,755,Shopee,Credit_Card,20,4,0,0,20-30,25.166666666666668,1.0,0.0,0.0,-1,41,1748.93,0.03,0.0,0.0,0.0,0.0,0,0,0.0,0.0,0,0,0.0,1748.93,1,0,0.0,1748.93,1,0,0.0,1
LGS2ORD0013998,C014105,2025-04-21 20:00:00,Female,52,Silver,TV,Bangkok,941,Lazada,COD,20,4,0,0,>50,31.366666666666667,2.0,0.0,0.0,-1,61,10409.525,0.25,0.0,0.5,0.0,0.0,0,0,0.0,0.0,0,0,0.0,20819.05,2,0,0.0,20819.05,2,0,0.0,1
LGS2ORD0013999,C012756,2025-04-21 21:00:00,Female,46,Silver,Lazada,Remote_Area,689,Lazada,Credit_Card,21,4,0,0,40-50,22.966666666666665,1.0,0.0,0.0,-1,74,1443.13,0.05,0.0,0.0,0.0,0.0,0,0,0.0,0.0,0,0,0.0,1443.13,1,0,0.0,1443.13,1,0,0.0,0
LGS2ORD0014000,C011813,2025-04-21 21:00:00,Male,34,Bronze,Shopee,Bangkok,1371,Shopee,COD,21,4,0,0,30-40,45.7,4.0,1.0,0.25,6,15,3649.6375,0.23,0.5,0.5,0.0,0.0,0,0,0.0,1774.82,1,1,1.0,14598.55,4,1,0.25,14598.55,4,1,0.25,0
LGS2ORD0014001,C012623,2025-04-21 21:00:00,Male,63,Bronze,TV,Bangkok,1039,TV_Show,COD,21,4,0,0,>50,34.63333333333333,1.0,0.0,0.0,-1,93,1426.05,0.18,1.0,0.0,0.0,0.0,0,0,0.0,0.0,0,0,0.0,0.0,0,0,0.0,1426.05,1,0,0.0,0
LGS2ORD0014002,C011039,2025-04-21 21:00:00,Female,47,Bronze,Lazada,Chonburi,1148,Lazada,Bank_Transfer,21,4,0,0,40-50,38.266666666666666,5.0,3.0,0.6,5,17,3574.3,0.23,1.0,0.6,0.0,0.0,0,0,0.0,6677.23,2,2,1.0,15371.81,4,3,0.75,17871.5,5,3,0.6,1
LGS2ORD0014003,C017992,2025-04-21 21:00:00,Male,67,Bronze,Web,Songkhla,1302,Lazada,PromptPay,21,4,0,0,>50,43.4,7.0,3.0,0.42857142857142855,25,27,2803.7757142857145,0.23,0.5714285714285714,0.2857142857142857,0.0,0.0,0,0,0.0,1897.4,1,0,0.0,19430.31,6,3,0.5,19626.43,7,3,0.42857142857142855,1
LGS2ORD0014004,C017809,2025-04-21 21:00:00,Female,47,Bronze,Lazada,Bangkok,182,Lazada,Bank_Transfer,21,4,0,0,40-50,6.066666666666666,2.0,0.0,0.0,-1,6,1725.71,0.03,0.5,0.0,0.0,1697.68,1,0,0.0,1697.68,1,0,0.0,3451.42,2,0,0.0,3451.42,2,0,0.0,0
LGS2ORD0014005,C014478,2025-04-21 22:00:00,Female,59,Platinum,Shopee,Nakhon Ratchasima,201,CallCenter,PromptPay,22,4,0,0,>50,6.7,3.0,1.0,0.3333333333333333,6,15,18631.789999999997,0.35,0.0,0.3333333333333333,0.0,0.0,0,0,0.0,55895.369999999995,3,1,0.3333333333333333,55895.369999999995,3,1,0.3333333333333333,55895.369999999995,3,1,0.3333333333333333,0
LGS2ORD0014006,C015583,2025-04-21 22:00:00,Male,18,Silver,TV,Nakhon Ratchasima,575,Shopee,COD,22,4,0,0,<20,19.166666666666668,3.0,0.0,0.0,-1,16,6459.829999999999,0.05,0.3333333333333333,0.0,0.0,0.0,0,0,0.0,8908.3,1,0,0.0,19379.489999999998,3,0,0.0,19379.489999999998,3,0,0.0,0
LGS2ORD0014007,C016478,2025-04-21 22:00:00,Female,18,Gold,Lazada,Khon Kaen,1435,TV_Show,Credit_Card,22,4,0,0,<20,47.833333333333336,1.0,0.0,0.0,-1,84,15320.43,0.2299999999999999,0.0,1.0,0.0,0.0,0,0,0.0,0.0,0,0,0.0,15320.43,1,0,0.0,15320.43,1,0,0.0,0
LGS2ORD0014008,C011034,2025-04-21 22:00:00,Female,44,Gold,CallCenter,Nakhon Ratchasima,508,Lazada,COD,22,4,0,0,40-50,16.933333333333334,3.0,1.0,0.3333333333333333,98,51,6010.31,0.28,0.6666666666666666,0.6666666666666666,0.0,0.0,0,0,0.0,0.0,0,0,0.0,12970.5,1,0,0.0,18030.93,3,1,0.3333333333333333,0
LGS2ORD0014009,C011953,2025-04-21 22:00:00,Male,40,Bronze,Lazada,Bangkok,1061,Web,PromptPay,22,4,0,0,30-40,35.36666666666667,2.0,1.0,0.5,34,11,3059.68,0.13,1.0,0.0,0.0,0.0,0,0,0.0,902.91,1,0,0.0,6119.36,2,1,0.5,6119.36,2,1,0.5,0
LGS2ORD0014010,C011957,2025-04-21 23:00:00,Male,53,Gold,Web,Songkhla,509,CallCenter,COD,23,4,0,0,>50,16.966666666666665,2.0,1.0,0.5,88,9,1423.5,0.08,0.5,0.0,0.0,0.0,0,0,0.0,1303.69,1,0,0.0,1303.69,1,0,0.0,2847.0,2,1,0.5,1
LGS2ORD0014011,C010477,2025-04-21 23:00:00,Female,52,Gold,Shopee,Khon Kaen,199,Shopee,COD,23,4,0,0,>50,6.633333333333334,1.0,0.0,0.0,-1,91,595.69,0.13,1.0,0.0,0.0,0.0,0,0,0.0,0.0,0,0,0.0,0.0,0,0,0.0,595.69,1,0,0.0,1
LGS2ORD0014012,C011204,2025-04-21 23:00:00,Female,45,Bronze,TV,Songkhla,761,Web,COD,23,4,0,0,40-50,25.366666666666667,4.0,1.0,0.25,70,73,3282.29,0.18,0.25,0.0,0.0,0.0,0,0,0.0,0.0,0,0,0.0,1277.0700000000002,2,1,0.5,13129.16,4,1,0.25,1
LGS2ORD0014013,C016061,2025-04-21 23:00:00,Male,40,Bronze,CallCenter,Khon Kaen,493,TV_Show,Credit_Card,23,4,0,0,30-40,16.433333333333334,1.0,0.0,0.0,-1,51,423.62,0.03,0.0,0.0,0.0,0.0,0,0,0.0,0.0,0,0,0.0,423.62,1,0,0.0,423.62,1,0,0.0,1
LGS2ORD0014014,C011469,2025-04-21 23:00:00,Male,27,Silver,Web,Songkhla,632,Shopee,COD,23,4,0,0,20-30,21.066666666666666,3.0,1.0,0.3333333333333333,71,18,16350.5,0.1,0.6666666666666666,0.0,0.0,0.0,0,0,0.0,22040.14,1,0,0.0,49051.5,3,1,0.3333333333333333,49051.5,3,1,0.3333333333333333,0
LGS2ORD0014015,C010436,2025-04-22 00:00:00,Female,31,Silver,Web,Bangkok,1097,Shopee,COD,0,4,1,0,30-40,36.56666666666667,1.0,0.0,0.0,-1,92,3532.56,0.25,0.0,1.0,0.0,0.0,0,0,0.0,0.0,0,0,0.0,0.0,0,0,0.0,3532.56,1,0,0.0,0
LGS2ORD0014016,C013072,2025-04-22 00:00:00,Female,23,Bronze,CallCenter,Khon Kaen,1230,CallCenter,PromptPay,0,4,1,0,20-30,41.0,3.0,2.0,0.6666666666666666,5,10,2822.34,0.28,0.6666666666666666,0.3333333333333333,0.0,0.0,0,0,0.0,3748.09,1,1,1.0,8467.02,3,2,0.6666666666666666,8467.02,3,2,0.6666666666666666,0
LGS2ORD0014017,C013727,2025-04-22 00:00:00,Male,41,Bronze,Web,Phuket,816,TV_Show,COD,0,4,1,0,40-50,27.2,3.0,2.0,0.6666666666666666,40,7,2028.75,0.23,0.6666666666666666,0.3333333333333333,0.0,0.0,0,0,0.0,308.3,1,0,0.0,5619.18,2,1,0.5,6086.25,3,2,0.6666666666666666,1
LGS2ORD0014018,C016175,2025-04-22 00:00:00,Female,51,Platinum,Shopee,Chiang Mai,271,TV_Show,Credit_Card,0,4,1,0,>50,9.033333333333333,3.0,1.0,0.3333333333333333,74,85,2212.85,0.35,0.3333333333333333,0.3333333333333333,0.0,0.0,0,0,0.0,0.0,0,0,0.0,2360.16,1,0,0.0,6638.549999999999,3,1,0.3333333333333333,0
LGS2ORD0014019,C012617,2025-04-22 00:00:00,Female,48,Silver,TV,Chonburi,704,TV_Show,COD,0,4,1,0,40-50,23.466666666666665,0.0,0.0,0.0,-1,-1,0.0,0.0,0.0,0.0,0.0,0.0,0,0,0.0,0.0,0,0,0.0,0.0,0,0,0.0,0.0,0,0,0.0,0
LGS2ORD0014020,C012282,2025-04-22 01:00:00,Female,20,Silver,TV,Phuket,878,Shopee,COD,1,4,1,0,<20,29.266666666666666,2.0,1.0,0.5,37,1,2394.71,0.2,1.0,0.0,0.0,2658.96,1,0,0.0,2658.96,1,0,0.0,4789.42,2,1,0.5,4789.42,2,1,0.5,0
LGS2ORD0014021,C014089,2025-04-22 01:00:00,Female,29,Gold,TV,Bangkok,1324,Shopee,PromptPay,1,4,1,0,20-30,44.13333333333333,4.0,1.0,0.25,30,15,2683.475,0.2299999999999999,0.75,0.25,0.0,0.0,0,0,0.0,5945.69,1,0,0.0,7042.74,3,1,0.3333333333333333,10733.9,4,1,0.25,0
LGS2ORD0014022,C016105,2025-04-22 01:00:00,Male,66,Gold,Shopee,Chonburi,1174,Lazada,COD,1,4,1,0,>50,39.13333333333333,2.0,1.0,0.5,2,14,3975.64,0.2299999999999999,0.5,1.0,0.0,0.0,0,0,0.0,964.04,1,1,1.0,7951.28,2,1,0.5,7951.28,2,1,0.5,1
LGS2ORD0014023,C015384,2025-04-22 01:00:00,Male,34,Silver,CallCenter,Chonburi,773,CallCenter,COD,1,4,1,0,30-40,25.766666666666666,3.0,1.0,0.3333333333333333,58,51,7778.516666666667,0.1,0.6666666666666666,0.0,0.0,0.0,0,0,0.0,0.0,0,0,0.0,23335.550000000003,3,1,0.3333333333333333,23335.550000000003,3,1,0.3333333333333333,1
LGS2ORD0014024,C017130,2025-04-22 01:00:00,Female,52,Gold,CallCenter,Phuket,340,Shopee,COD,1,4,1,0,>50,11.333333333333334,2.0,0.0,0.0,-1,24,7726.805,0.28,1.0,0.5,0.0,0.0,0,0,0.0,9697.42,1,0,0.0,15453.61,2,0,0.0,15453.61,2,0,0.0,1
LGS2ORD0014025,C017859,2025-04-22 01:00:00,Male,28,Gold,Web,Nakhon Ratchasima,780,CallCenter,Credit_Card,1,4,1,0,20-30,26.0,0.0,0.0,0.0,-1,-1,0.0,0.0,0.0,0.0,0.0,0.0,0,0,0.0,0.0,0,0,0.0,0.0,0,0,0.0,0.0,0,0,0.0,0
LGS2ORD0014026,C010221,2025-04-22 02:00:00,Female,21,Bronze,TV,Chiang Mai,665,Lazada,Bank_Transfer,2,4,1,0,20-30,22.166666666666668,0.0,0.0,0.0,-1,-1,0.0,0.0,0.0,0.0,0.0,0.0,0,0,0.0,0.0,0,0,0.0,0.0,0,0,0.0,0.0,0,0,0.0,0
LGS2ORD0014027,C012556,2025-04-22 02:00:00,Female,38,Silver,CallCenter,Remote_Area,1367,Lazada,COD,2,4,1,0,30-40,45.56666666666667,1.0,0.0,0.0,-1,27,3341.29,0.25,0.0,1.0,0.0,0.0,0,0,0.0,3341.29,1,0,0.0,3341.29,1,0,0.0,3341.29,1,0,0.0,0
LGS2ORD0014028,C010751,2025-04-22 02:00:00,Male,62,Silver,TV,Bangkok,426,Shopee,PromptPay,2,4,1,0,>50,14.2,0.0,0.0,0.0,-1,-1,0.0,0.0,0.0,0.0,0.0,0.0,0,0,0.0,0.0,0,0,0.0,0.0,0,0,0.0,0.0,0,0,0.0,0
LGS2ORD0014029,C014859,2025-04-22 02:00:00,Female,36,Gold,CallCenter,Bangkok,552,Shopee,Bank_Transfer,2,4,1,0,30-40,18.4,3.0,0.0,0.0,-1,19,737.04,0.28,0.3333333333333333,0.3333333333333333,0.0,0.0,0,0,0.0,526.3199999999999,2,0,0.0,2211.12,3,0,0.0,2211.12,3,0,0.0,1
LGS2ORD0014030,C012309,2025-04-22 02:00:00,Male,38,Gold,Web,Bangkok,610,Web,Credit_Card,2,4,1,0,30-40,20.333333333333332,1.0,0.0,0.0,-1,58,338.25,0.33,0.0,1.0,0.0,0.0,0,0,0.0,0.0,0,0,0.0,338.25,1,0,0.0,338.25,1,0,0.0,0
LGS2ORD0014031,C011532,2025-04-22 03:00:00,Male,56,Bronze,Web,Phuket,1278,CallCenter,Bank_Transfer,3,4,1,0,>50,42.6,3.0,0.0,0.0,-1,19,4785.986666666667,0.18,1.0,0.0,0.0,0.0,0,0,0.0,1202.16,1,0,0.0,13128.78,2,0,0.0,14357.960000000001,3,0,0.0,0
LGS2ORD0014032,C011877,2025-04-22 03:00:00,Female,39,Silver,Web,Chiang Mai,324,Shopee,COD,3,4,1,0,30-40,10.8,1.0,0.0,0.0,-1,106,3715.28,0.05,0.0,0.0,0.0,0.0,0,0,0.0,0.0,0,0,0.0,0.0,0,0,0.0,3715.28,1,0,0.0,1
LGS2ORD0014033,C015902,2025-04-22 03:00:00,Male,37,Bronze,Web,Nakhon Ratchasima,130,Web,COD,3,4,1,0,30-40,4.333333333333333,3.0,0.0,0.0,-1,12,1660.7299999999998,0.13,1.0,0.0,0.0,0.0,0,0,0.0,1850.33,1,0,0.0,4982.19,3,0,0.0,4982.19,3,0,0.0,0
LGS2ORD0014034,C015477,2025-04-22 03:00:00,Female,46,Bronze,Shopee,Chonburi,1133,Shopee,Credit_Card,3,4,1,0,40-50,37.766666666666666,3.0,1.0,0.3333333333333333,60,17,3550.773333333333,0.18,0.6666666666666666,0.0,0.0,0.0,0,0,0.0,1031.34,1,0,0.0,3216.8199999999997,2,1,0.5,10652.32,3,1,0.3333333333333333,0
LGS2ORD0014035,C015361,2025-04-22 03:00:00,Female,46,Bronze,TV,Chonburi,891,Lazada,COD,3,4,1,0,40-50,29.7,6.0,2.0,0.3333333333333333,44,29,6244.256666666667,0.23,0.8333333333333334,0.16666666666666666,0.0,0.0,0,0,0.0,21262.07,1,0,0.0,35456.31,5,2,0.4,37465.54,6,2,0.3333333333333333,0
LGS2ORD0014036,C010592,2025-04-22 04:00:00,Female,30,Platinum,Lazada,Bangkok,1191,TV_Show,COD,4,4,1,0,20-30,39.7,3.0,0.0,0.0,-1,5,3993.226666666666,0.3,0.6666666666666666,0.6666666666666666,0.0,3111.9,1,0,0.0,3111.9,1,0,0.0,4799.6900000000005,2,0,0.0,11979.679999999998,3,0,0.0,0
LGS2ORD0014037,C011026,2025-04-22 04:00:00,Male,31,Bronze,Web,Bangkok,1014,Lazada,PromptPay,4,4,1,0,30-40,33.8,3.0,0.0,0.0,-1,65,3572.92,0.13,0.3333333333333333,0.0,0.0,0.0,0,0,0.0,0.0,0,0,0.0,1749.2,1,0,0.0,10718.76,3,0,0.0,0
LGS2ORD0014038,C017535,2025-04-22 04:00:00,Male,52,Gold,Web,Bangkok,843,CallCenter,Bank_Transfer,4,4,1,0,>50,28.1,0.0,0.0,0.0,-1,-1,0.0,0.0,0.0,0.0,0.0,0.0,0,0,0.0,0.0,0,0,0.0,0.0,0,0,0.0,0.0,0,0,0.0,0
LGS2ORD0014039,C012752,2025-04-22 04:00:00,Male,71,Bronze,TV,Nakhon Ratchasima,1162,Lazada,PromptPay,4,4,1,0,>50,38.733333333333334,1.0,1.0,1.0,26,34,9904.67,0.13,1.0,0.0,0.0,0.0,0,0,0.0,0.0,0,0,0.0,9904.67,1,1,1.0,9904.67,1,1,1.0,0
LGS2ORD0014040,C011148,2025-04-22 04:00:00,Male,28,Silver,Lazada,Nakhon Ratchasima,1333,Lazada,PromptPay,4,4,1,0,20-30,44.43333333333333,1.0,0.0,0.0,-1,104,3622.15,0.05,1.0,0.0,0.0,0.0,0,0,0.0,0.0,0,0,0.0,0.0,0,0,0.0,3622.15,1,0,0.0,0
LGS2ORD0014041,C010696,2025-04-22 04:00:00,Female,52,Bronze,Web,Nakhon Ratchasima,311,TV_Show,COD,4,4,1,0,>50,10.366666666666667,1.0,0.0,0.0,-1,1,21907.03,0.23,1.0,1.0,0.0,21907.03,1,0,0.0,21907.03,1,0,0.0,21907.03,1,0,0.0,21907.03,1,0,0.0,0
LGS2ORD0014042,C015901,2025-04-22 05:00:00,Female,54,Gold,Shopee,Khon Kaen,178,Web,COD,5,4,1,0,>50,5.933333333333334,2.0,0.0,0.0,-1,53,1400.525,0.33,1.0,0.5,0.0,0.0,0,0,0.0,0.0,0,0,0.0,2801.05,2,0,0.0,2801.05,2,0,0.0,0
LGS2ORD0014043,C015468,2025-04-22 05:00:00,Female,45,Gold,Web,Songkhla,453,TV_Show,Bank_Transfer,5,4,1,0,40-50,15.1,1.0,0.0,0.0,-1,15,1542.05,0.08,0.0,0.0,0.0,0.0,0,0,0.0,1542.05,1,0,0.0,1542.05,1,0,0.0,1542.05,1,0,0.0,0
LGS2ORD0014044,C012875,2025-04-22 05:00:00,Female,48,Gold,Web,Bangkok,324,CallCenter,Credit_Card,5,4,1,0,40-50,10.8,2.0,0.0,0.0,-1,61,21166.91,0.2299999999999999,1.0,1.0,0.0,0.0,0,0,0.0,0.0,0,0,0.0,42333.82,2,0,0.0,42333.82,2,0,0.0,0
LGS2ORD0014045,C015969,2025-04-22 05:00:00,Female,38,Platinum,Shopee,Khon Kaen,949,CallCenter,PromptPay,5,4,1,0,30-40,31.633333333333333,1.0,0.0,0.0,-1,84,13188.5,0.1,1.0,0.0,0.0,0.0,0,0,0.0,0.0,0,0,0.0,13188.5,1,0,0.0,13188.5,1,0,0.0,0
LGS2ORD0014046,C012008,2025-04-22 05:00:00,Female,36,Silver,CallCenter,Khon Kaen,914,Web,COD,5,4,1,0,30-40,30.466666666666665,2.0,0.0,0.0,-1,63,4081.16,0.1,0.0,0.0,0.0,0.0,0,0,0.0,0.0,0,0,0.0,8162.32,2,0,0.0,8162.32,2,0,0.0,1
LGS2ORD0014047,C016864,2025-04-22 06:00:00,Female,56,Bronze,CallCenter,Nakhon Ratchasima,1183,Lazada,COD,6,4,1,0,>50,39.43333333333333,1.0,0.0,0.0,-1,42,29060.98,0.13,1.0,0.0,0.0,0.0,0,0,0.0,0.0,0,0,0.0,29060.98,1,0,0.0,29060.98,1,0,0.0,1
LGS2ORD0014048,C011327,2025-04-22 06:00:00,Male,46,Gold,TV,Bangkok,945,TV_Show,Credit_Card,6,4,1,0,40-50,31.5,1.0,0.0,0.0,-1,20,581.88,0.13,1.0,0.0,0.0,0.0,0,0,0.0,581.88,1,0,0.0,581.88,1,0,0.0,581.88,1,0,0.0,0
LGS2ORD0014049,C014792,2025-04-22 06:00:00,Male,43,Gold,Lazada,Bangkok,1151,TV_Show,Credit_Card,6,4,1,0,40-50,38.36666666666667,3.0,0.0,0.0,-1,41,2008.3266666666666,0.13,0.0,0.0,0.0,0.0,0,0,0.0,0.0,0,0,0.0,6024.98,3,0,0.0,6024.98,3,0,0.0,0
LGS2ORD0014050,C016576,2025-04-22 06:00:00,Female,18,Bronze,Web,Chonburi,880,CallCenter,COD,6,4,1,0,<20,29.333333333333332,2.0,2.0,1.0,-5,7,1560.525,0.18,1.0,0.0,0.0,0.0,0,0,0.0,1151.65,1,1,1.0,1151.65,1,1,1.0,3121.05,2,2,1.0,0
LGS2ORD0014051,C011681,2025-04-22 06:00:00,Male,42,Bronze,Shopee,Bangkok,137,CallCenter,Credit_Card,6,4,1,0,40-50,4.566666666666666,3.0,0.0,0.0,-1,16,6964.636666666666,0.18,1.0,0.0,0.0,0.0,0,0,0.0,14176.05,2,0,0.0,20893.91,3,0,0.0,20893.91,3,0,0.0,0
LGS2ORD0014052,C015095,2025-04-22 07:00:00,Male,45,Platinum,CallCenter,Songkhla,1401,Web,Bank_Transfer,7,4,1,0,40-50,46.7,0.0,0.0,0.0,-1,-1,0.0,0.0,0.0,0.0,0.0,0.0,0,0,0.0,0.0,0,0,0.0,0.0,0,0,0.0,0.0,0,0,0.0,1
LGS2ORD0014053,C017582,2025-04-22 07:00:00,Male,42,Bronze,TV,Phuket,168,Lazada,Credit_Card,7,4,1,0,40-50,5.6,2.0,0.0,0.0,-1,65,2653.385,0.08,0.0,0.0,0.0,0.0,0,0,0.0,0.0,0,0,0.0,5306.77,2,0,0.0,5306.77,2,0,0.0,1
LGS2ORD0014054,C013335,2025-04-22 07:00:00,Male,45,Platinum,Lazada,Remote_Area,1144,TV_Show,COD,7,4,1,0,40-50,38.13333333333333,1.0,0.0,0.0,-1,57,7302.75,0.1,0.0,0.0,0.0,0.0,0,0,0.0,0.0,0,0,0.0,7302.75,1,0,0.0,7302.75,1,0,0.0,0
LGS2ORD0014055,C013713,2025-04-22 07:00:00,Male,47,Bronze,TV,Bangkok,513,Web,COD,7,4,1,0,40-50,17.1,2.0,0.0,0.0,-1,32,4584.57,0.03,0.5,0.0,0.0,0.0,0,0,0.0,0.0,0,0,0.0,9169.14,2,0,0.0,9169.14,2,0,0.0,1
LGS2ORD0014056,C014306,2025-04-22 07:00:00,Male,26,Platinum,Web,Chonburi,935,Lazada,Credit_Card,7,4,1,0,20-30,31.166666666666668,3.0,0.0,0.0,-1,31,8740.846666666666,0.3,0.0,0.6666666666666666,0.0,0.0,0,0,0.0,0.0,0,0,0.0,7769.740000000001,2,0,0.0,26222.539999999997,3,0,0.0,0
LGS2ORD0014057,C013248,2025-04-22 08:00:00,Female,54,Gold,Web,Songkhla,1248,TV_Show,Credit_Card,8,4,1,0,>50,41.6,5.0,1.0,0.2,100,17,2268.212,0.2299999999999999,0.4,0.4,0.0,0.0,0,0,0.0,1757.2,1,0,0.0,3736.01,2,0,0.0,11341.06,5,1,0.2,0
LGS2ORD0014058,C010854,2025-04-22 08:00:00,Other,45,Bronze,CallCenter,Bangkok,1471,CallCenter,Credit_Card,8,4,1,0,40-50,49.03333333333333,1.0,0.0,0.0,-1,30,578.02,0.08,0.0,0.0,0.0,0.0,0,0,0.0,0.0,0,0,0.0,578.02,1,0,0.0,578.02,1,0,0.0,0
LGS2ORD0014059,C013781,2025-04-22 08:00:00,Female,40,Bronze,TV,Remote_Area,767,Lazada,COD,8,4,1,0,30-40,25.566666666666666,1.0,0.0,0.0,-1,69,1561.37,0.03,0.0,0.0,0.0,0.0,0,0,0.0,0.0,0,0,0.0,1561.37,1,0,0.0,1561.37,1,0,0.0,0
LGS2ORD0014060,C014563,2025-04-22 08:00:00,Female,33,Bronze,Web,Bangkok,860,Shopee,Credit_Card,8,4,1,0,30-40,28.666666666666668,1.0,0.0,0.0,-1,8,2145.29,0.23,1.0,1.0,0.0,0.0,0,0,0.0,2145.29,1,0,0.0,2145.29,1,0,0.0,2145.29,1,0,0.0,0
LGS2ORD0014061,C013698,2025-04-22 08:00:00,Female,24,Bronze,TV,Remote_Area,443,CallCenter,COD,8,4,1,0,20-30,14.766666666666667,3.0,1.0,0.3333333333333333,7,15,3412.023333333333,0.28,0.3333333333333333,0.6666666666666666,0.0,0.0,0,0,0.0,9119.83,2,1,0.5,10236.07,3,1,0.3333333333333333,10236.07,3,1,0.3333333333333333,1
LGS2ORD0014062,C011357,2025-04-22 08:00:00,Female,44,Bronze,TV,Nakhon Ratchasima,961,TV_Show,COD,8,4,1,0,40-50,32.03333333333333,0.0,0.0,0.0,-1,-1,0.0,0.0,0.0,0.0,0.0,0.0,0,0,0.0,0.0,0,0,0.0,0.0,0,0,0.0,0.0,0,0,0.0,0
LGS2ORD0014063,C014884,2025-04-22 09:00:00,Female,32,Bronze,TV,Phuket,348,TV_Show,COD,9,4,1,0,30-40,11.6,4.0,1.0,0.25,41,48,4488.0199999999995,0.28,1.0,0.25,0.0,0.0,0,0,0.0,0.0,0,0,0.0,2859.61,1,1,1.0,17952.079999999998,4,1,0.25,0
LGS2ORD0014064,C011949,2025-04-22 09:00:00,Female,33,Gold,Web,Khon Kaen,168,CallCenter,COD,9,4,1,0,30-40,5.6,5.0,0.0,0.0,-1,28,9441.776,0.28,0.8,0.2,0.0,0.0,0,0,0.0,9812.75,1,0,0.0,40802.82,4,0,0.0,47208.88,5,0,0.0,0
LGS2ORD0014065,C010224,2025-04-22 09:00:00,Female,64,Bronze,Web,Khon Kaen,253,CallCenter,COD,9,4,1,0,>50,8.433333333333334,4.0,2.0,0.5,21,33,6145.974999999999,0.18,0.75,0.0,0.0,0.0,0,0,0.0,0.0,0,0,0.0,15410.619999999999,3,1,0.3333333333333333,24583.899999999998,4,2,0.5,0
LGS2ORD0014066,C014915,2025-04-22 09:00:00,Female,33,Gold,Shopee,Nakhon Ratchasima,1009,Lazada,PromptPay,9,4,1,0,30-40,33.63333333333333,2.0,0.0,0.0,-1,25,1909.6399999999999,0.13,0.5,0.0,0.0,0.0,0,0,0.0,2339.2,1,0,0.0,3819.2799999999997,2,0,0.0,3819.2799999999997,2,0,0.0,0
LGS2ORD0014067,C017730,2025-04-22 09:00:00,Male,34,Platinum,Web,Bangkok,398,Shopee,COD,9,4,1,0,30-40,13.266666666666667,0.0,0.0,0.0,-1,-1,0.0,0.0,0.0,0.0,0.0,0.0,0,0,0.0,0.0,0,0,0.0,0.0,0,0,0.0,0.0,0,0,0.0,0
LGS2ORD0014068,C011465,2025-04-22 10:00:00,Female,69,Silver,Web,Phuket,315,Shopee,Bank_Transfer,10,4,1,0,>50,10.5,1.0,0.0,0.0,-1,82,16779.86,0.1,0.0,0.0,0.0,0.0,0,0,0.0,0.0,0,0,0.0,16779.86,1,0,0.0,16779.86,1,0,0.0,0
LGS2ORD0014069,C017803,2025-04-22 10:00:00,Female,52,Bronze,Web,Bangkok,134,CallCenter,Credit_Card,10,4,1,0,>50,4.466666666666667,1.0,0.0,0.0,-1,86,9615.67,0.28,1.0,1.0,0.0,0.0,0,0,0.0,0.0,0,0,0.0,9615.67,1,0,0.0,9615.67,1,0,0.0,0
LGS2ORD0014070,C012063,2025-04-22 10:00:00,Female,59,Silver,Shopee,Chiang Mai,1338,TV_Show,Credit_Card,10,4,1,0,>50,44.6,2.0,0.0,0.0,-1,5,6694.6900000000005,0.3,0.5,0.5,0.0,7402.3,1,0,0.0,7402.3,1,0,0.0,7402.3,1,0,0.0,13389.380000000001,2,0,0.0,0
LGS2ORD0014071,C011673,2025-04-22 10:00:00,Female,32,Gold,Web,Bangkok,1122,TV_Show,COD,10,4,1,0,30-40,37.4,1.0,0.0,0.0,-1,93,1076.44,0.13,1.0,0.0,0.0,0.0,0,0,0.0,0.0,0,0,0.0,0.0,0,0,0.0,1076.44,1,0,0.0,0
LGS2ORD0014072,C017140,2025-04-22 10:00:00,Male,34,Silver,CallCenter,Chiang Mai,1149,Shopee,PromptPay,10,4,1,0,30-40,38.3,2.0,0.0,0.0,-1,96,8310.545,0.2,0.0,0.0,0.0,0.0,0,0,0.0,0.0,0,0,0.0,0.0,0,0,0.0,16621.09,2,0,0.0,0
LGS2ORD0014073,C017242,2025-04-22 11:00:00,Female,39,Gold,CallCenter,Chonburi,1215,TV_Show,COD,11,4,1,0,30-40,40.5,1.0,1.0,1.0,71,87,3762.14,0.28,1.0,1.0,0.0,0.0,0,0,0.0,0.0,0,0,0.0,3762.14,1,1,1.0,3762.14,1,1,1.0,0
LGS2ORD0014074,C014925,2025-04-22 11:00:00,Male,46,Silver,Shopee,Nakhon Ratchasima,1299,Web,COD,11,4,1,0,40-50,43.3,1.0,0.0,0.0,-1,14,2668.35,0.2,1.0,0.0,0.0,0.0,0,0,0.0,2668.35,1,0,0.0,2668.35,1,0,0.0,2668.35,1,0,0.0,0
LGS2ORD0014075,C011381,2025-04-22 11:00:00,Female,51,Gold,Lazada,Bangkok,1556,Lazada,Credit_Card,11,4,1,0,>50,51.86666666666667,2.0,0.0,0.0,-1,15,4192.71,0.2299999999999999,0.0,0.5,0.0,0.0,0,0,0.0,7580.95,1,0,0.0,8385.42,2,0,0.0,8385.42,2,0,0.0,0
LGS2ORD0014076,C014788,2025-04-22 11:00:00,Female,35,Silver,Web,Chiang Mai,757,CallCenter,Credit_Card,11,4,1,0,30-40,25.233333333333334,1.0,1.0,1.0,44,49,1764.29,0.2,1.0,0.0,0.0,0.0,0,0,0.0,0.0,0,0,0.0,1764.29,1,1,1.0,1764.29,1,1,1.0,0
LGS2ORD0014077,C016467,2025-04-22 11:00:00,Female,29,Gold,Shopee,Khon Kaen,1522,TV_Show,COD,11,4,1,0,20-30,50.733333333333334,2.0,0.0,0.0,-1,65,2747.23,0.13,0.5,0.0,0.0,0.0,0,0,0.0,0.0,0,0,0.0,4386.72,1,0,0.0,5494.46,2,0,0.0,0
LGS2ORD0014078,C011122,2025-04-22 12:00:00,Female,44,Gold,Web,Songkhla,893,TV_Show,Credit_Card,12,4,1,0,40-50,29.766666666666666,2.0,1.0,0.5,32,44,639.37,0.18,1.0,0.0,0.0,0.0,0,0,0.0,0.0,0,0,0.0,1278.74,2,1,0.5,1278.74,2,1,0.5,0
LGS2ORD0014079,C012025,2025-04-22 12:00:00,Male,49,Bronze,TV,Chonburi,1168,Lazada,COD,12,4,1,0,40-50,38.93333333333333,3.0,0.0,0.0,-1,3,5436.833333333333,0.28,0.3333333333333333,1.0,0.0,3335.24,1,0,0.0,3335.24,1,0,0.0,16310.5,3,0,0.0,16310.5,3,0,0.0,0
LGS2ORD0014080,C015171,2025-04-22 12:00:00,Male,45,Bronze,TV,Bangkok,318,TV_Show,COD,12,4,1,0,40-50,10.6,0.0,0.0,0.0,-1,-1,0.0,0.0,0.0,0.0,0.0,0.0,0,0,0.0,0.0,0,0,0.0,0.0,0,0,0.0,0.0,0,0,0.0,0
LGS2ORD0014081,C013510,2025-04-22 12:00:00,Male,48,Silver,Shopee,Bangkok,956,Shopee,Credit_Card,12,4,1,0,40-50,31.866666666666667,2.0,0.0,0.0,-1,67,9506.6,0.25,0.0,0.5,0.0,0.0,0,0,0.0,0.0,0,0,0.0,19013.2,2,0,0.0,19013.2,2,0,0.0,0
LGS2ORD0014082,C010148,2025-04-22 12:00:00,Female,27,Gold,TV,Songkhla,1385,Lazada,COD,12,4,1,0,20-30,46.166666666666664,0.0,0.0,0.0,-1,-1,0.0,0.0,0.0,0.0,0.0,0.0,0,0,0.0,0.0,0,0,0.0,0.0,0,0,0.0,0.0,0,0,0.0,0
LGS2ORD0014083,C014648,2025-04-22 12:00:00,Female,63,Bronze,TV,Songkhla,1331,Lazada,Credit_Card,12,4,1,0,>50,44.36666666666667,1.0,0.0,0.0,-1,81,6404.95,0.18,0.0,0.0,0.0,0.0,0,0,0.0,0.0,0,0,0.0,6404.95,1,0,0.0,6404.95,1,0,0.0,0
LGS2ORD0014084,C011374,2025-04-22 13:00:00,Female,31,Silver,CallCenter,Chonburi,846,Shopee,Bank_Transfer,13,4,1,0,30-40,28.2,1.0,1.0,1.0,56,69,2795.83,0.25,0.0,1.0,0.0,0.0,0,0,0.0,0.0,0,0,0.0,2795.83,1,1,1.0,2795.83,1,1,1.0,1
LGS2ORD0014085,C011375,2025-04-22 13:00:00,Male,37,Platinum,Shopee,Phuket,1014,CallCenter,COD,13,4,1,0,30-40,33.8,3.0,0.0,0.0,-1,8,1556.2266666666667,0.35,0.6666666666666666,0.3333333333333333,0.0,0.0,0,0,0.0,2912.38,2,0,0.0,2912.38,2,0,0.0,4668.68,3,0,0.0,1
LGS2ORD0014086,C010003,2025-04-22 13:00:00,Male,38,Bronze,Shopee,Khon Kaen,1275,Shopee,PromptPay,13,4,1,0,30-40,42.5,3.0,0.0,0.0,-1,43,3148.7166666666667,0.18,0.3333333333333333,0.0,0.0,0.0,0,0,0.0,0.0,0,0,0.0,5714.24,2,0,0.0,9446.15,3,0,0.0,1
LGS2ORD0014087,C010131,2025-04-22 13:00:00,Male,41,Platinum,Web,Chiang Mai,1521,Web,COD,13,4,1,0,40-50,50.7,1.0,0.0,0.0,-1,70,5391.71,0.35,0.0,1.0,0.0,0.0,0,0,0.0,0.0,0,0,0.0,5391.71,1,0,0.0,5391.71,1,0,0.0,0
LGS2ORD0014088,C013319,2025-04-22 13:00:00,Female,45,Silver,Lazada,Remote_Area,200,TV_Show,COD,13,4,1,0,40-50,6.666666666666667,0.0,0.0,0.0,-1,-1,0.0,0.0,0.0,0.0,0.0,0.0,0,0,0.0,0.0,0,0,0.0,0.0,0,0,0.0,0.0,0,0,0.0,1
LGS2ORD0014089,C017474,2025-04-22 14:00:00,Male,42,Gold,TV,Bangkok,1222,Lazada,Credit_Card,14,4,1,0,40-50,40.733333333333334,0.0,0.0,0.0,-1,-1,0.0,0.0,0.0,0.0,0.0,0.0,0,0,0.0,0.0,0,0,0.0,0.0,0,0,0.0,0.0,0,0,0.0,1
LGS2ORD0014090,C015324,2025-04-22 14:00:00,Female,42,Gold,Web,Remote_Area,566,Shopee,COD,14,4,1,0,40-50,18.866666666666667,2.0,0.0,0.0,-1,11,1652.9450000000002,0.08,0.0,0.0,0.0,0.0,0,0,0.0,2088.84,1,0,0.0,2088.84,1,0,0.0,3305.8900000000003,2,0,0.0,0
LGS2ORD0014091,C016795,2025-04-22 14:00:00,Male,42,Bronze,Web,Bangkok,1021,Web,COD,14,4,1,0,40-50,34.03333333333333,1.0,1.0,1.0,61,70,951.29,0.03,1.0,0.0,0.0,0.0,0,0,0.0,0.0,0,0,0.0,951.29,1,1,1.0,951.29,1,1,1.0,0
LGS2ORD0014092,C014337,2025-04-22 14:00:00,Male,46,Silver,CallCenter,Chonburi,1239,Shopee,PromptPay,14,4,1,0,40-50,41.3,2.0,0.0,0.0,-1,65,2142.345,0.05,0.5,0.0,0.0,0.0,0,0,0.0,0.0,0,0,0.0,4284.69,2,0,0.0,4284.69,2,0,0.0,0
LGS2ORD0014093,C014348,2025-04-22 14:00:00,Male,18,Silver,Lazada,Phuket,815,Shopee,COD,14,4,1,0,<20,27.166666666666668,2.0,2.0,1.0,60,75,6002.070000000001,0.25,1.0,0.5,0.0,0.0,0,0,0.0,0.0,0,0,0.0,10180.79,1,1,1.0,12004.140000000001,2,2,1.0,0
LGS2ORD0014094,C011163,2025-04-22 15:00:00,Male,30,Silver,TV,Chiang Mai,1170,CallCenter,COD,15,4,1,0,20-30,39.0,2.0,0.0,0.0,-1,55,1914.9099999999999,0.1,1.0,0.0,0.0,0.0,0,0,0.0,0.0,0,0,0.0,543.47,1,0,0.0,3829.8199999999997,2,0,0.0,1
LGS2ORD0014095,C014266,2025-04-22 15:00:00,Male,34,Silver,CallCenter,Bangkok,162,TV_Show,Bank_Transfer,15,4,1,0,30-40,5.4,1.0,0.0,0.0,-1,42,4681.62,0.05,0.0,0.0,0.0,0.0,0,0,0.0,0.0,0,0,0.0,4681.62,1,0,0.0,4681.62,1,0,0.0,0
LGS2ORD0014096,C016590,2025-04-22 15:00:00,Male,50,Platinum,Lazada,Chonburi,701,Web,COD,15,4,1,0,40-50,23.366666666666667,2.0,0.0,0.0,-1,10,20302.059999999998,0.1,0.5,0.0,0.0,0.0,0,0,0.0,31841.98,1,0,0.0,40604.119999999995,2,0,0.0,40604.119999999995,2,0,0.0,1
LGS2ORD0014097,C010283,2025-04-22 15:00:00,Female,72,Bronze,Lazada,Khon Kaen,565,Shopee,COD,15,4,1,0,>50,18.833333333333332,0.0,0.0,0.0,-1,-1,0.0,0.0,0.0,0.0,0.0,0.0,0,0,0.0,0.0,0,0,0.0,0.0,0,0,0.0,0.0,0,0,0.0,1
LGS2ORD0014098,C017280,2025-04-22 15:00:00,Male,50,Bronze,CallCenter,Chonburi,129,Web,PromptPay,15,4,1,0,40-50,4.3,3.0,2.0,0.6666666666666666,91,1,7508.21,0.23,1.0,0.6666666666666666,0.0,3386.06,1,0,0.0,3386.06,1,0,0.0,3386.06,1,0,0.0,22524.63,3,2,0.6666666666666666,0
LGS2ORD0014099,C011391,2025-04-22 16:00:00,Male,50,Bronze,Web,Bangkok,516,Shopee,COD,16,4,1,0,40-50,17.2,2.0,0.0,0.0,-1,31,2112.065,0.13,0.5,0.0,0.0,0.0,0,0,0.0,0.0,0,0,0.0,4224.13,2,0,0.0,4224.13,2,0,0.0,0
LGS2ORD0014100,C010584,2025-04-22 16:00:00,Male,44,Bronze,CallCenter,Bangkok,638,Web,Credit_Card,16,4,1,0,40-50,21.266666666666666,2.0,0.0,0.0,-1,74,1573.1100000000001,0.18,0.5,0.0,0.0,0.0,0,0,0.0,0.0,0,0,0.0,1564.8,1,0,0.0,3146.2200000000003,2,0,0.0,0
LGS2ORD0014101,C017990,2025-04-22 16:00:00,Male,36,Bronze,Shopee,Bangkok,1504,Web,COD,16,4,1,0,30-40,50.13333333333333,2.0,0.0,0.0,-1,30,1417.3400000000001,0.08,0.5,0.0,0.0,0.0,0,0,0.0,0.0,0,0,0.0,2834.6800000000003,2,0,0.0,2834.6800000000003,2,0,0.0,0
LGS2ORD0014102,C013687,2025-04-22 16:00:00,Male,30,Silver,Lazada,Chonburi,1040,Web,COD,16,4,1,0,20-30,34.666666666666664,0.0,0.0,0.0,-1,-1,0.0,0.0,0.0,0.0,0.0,0.0,0,0,0.0,0.0,0,0,0.0,0.0,0,0,0.0,0.0,0,0,0.0,0
LGS2ORD0014103,C011269,2025-04-22 16:00:00,Male,45,Bronze,TV,Nakhon Ratchasima,495,Shopee,COD,16,4,1,0,40-50,16.5,3.0,1.0,0.3333333333333333,96,12,2777.8333333333335,0.28,0.0,0.6666666666666666,0.0,0.0,0,0,0.0,1340.6,1,0,0.0,3810.5,2,0,0.0,8333.5,3,1,0.3333333333333333,0
LGS2ORD0014104,C011356,2025-04-22 16:00:00,Female,58,Bronze,Shopee,Chiang Mai,206,Web,COD,16,4,1,0,>50,6.866666666666666,4.0,1.0,0.25,22,9,2840.335,0.28,0.25,0.25,0.0,0.0,0,0,0.0,4145.78,2,0,0.0,11361.34,4,1,0.25,11361.34,4,1,0.25,1
LGS2ORD0014105,C015031,2025-04-22 17:00:00,Female,39,Bronze,Shopee,Chonburi,995,Shopee,Bank_Transfer,17,4,1,0,30-40,33.166666666666664,3.0,1.0,0.3333333333333333,89,20,13684.553333333335,0.28,0.6666666666666666,0.6666666666666666,0.0,0.0,0,0,0.0,30976.7,1,0,0.0,38206.75,2,0,0.0,41053.66,3,1,0.3333333333333333,0
LGS2ORD0014106,C013976,2025-04-22 17:00:00,Female,46,Bronze,CallCenter,Phuket,1430,TV_Show,COD,17,4,1,0,40-50,47.666666666666664,0.0,0.0,0.0,-1,-1,0.0,0.0,0.0,0.0,0.0,0.0,0,0,0.0,0.0,0,0,0.0,0.0,0,0,0.0,0.0,0,0,0.0,0
LGS2ORD0014107,C012337,2025-04-22 17:00:00,Male,50,Bronze,Web,Bangkok,1436,Web,COD,17,4,1,0,40-50,47.86666666666667,1.0,0.0,0.0,-1,44,3076.77,0.08,0.0,0.0,0.0,0.0,0,0,0.0,0.0,0,0,0.0,3076.77,1,0,0.0,3076.77,1,0,0.0,0
LGS2ORD0014108,C013784,2025-04-22 17:00:00,Male,27,Bronze,TV,Nakhon Ratchasima,1174,Lazada,PromptPay,17,4,1,0,20-30,39.13333333333333,1.0,0.0,0.0,-1,58,698.57,0.13,1.0,0.0,0.0,0.0,0,0,0.0,0.0,0,0,0.0,698.57,1,0,0.0,698.57,1,0,0.0,0
LGS2ORD0014109,C010476,2025-04-22 17:00:00,Male,50,Bronze,Web,Phuket,123,Web,PromptPay,17,4,1,0,40-50,4.1,1.0,0.0,0.0,-1,71,650.07,0.03,0.0,0.0,0.0,0.0,0,0,0.0,0.0,0,0,0.0,650.07,1,0,0.0,650.07,1,0,0.0,0
LGS2ORD0014110,C014886,2025-04-22 18:00:00,Female,31,Gold,TV,Khon Kaen,517,Web,Credit_Card,18,4,1,0,30-40,17.233333333333334,4.0,0.0,0.0,-1,24,2587.8149999999996,0.33,0.25,0.5,0.0,0.0,0,0,0.0,1377.91,1,0,0.0,2074.87,2,0,0.0,10351.259999999998,4,0,0.0,0
LGS2ORD0014111,C014823,2025-04-22 18:00:00,Female,42,Bronze,TV,Bangkok,231,Web,COD,18,4,1,0,40-50,7.7,2.0,1.0,0.5,93,59,1894.875,0.23,0.5,0.5,0.0,0.0,0,0,0.0,0.0,0,0,0.0,1754.18,1,0,0.0,3789.75,2,1,0.5,0
LGS2ORD0014112,C013420,2025-04-22 18:00:00,Male,46,Gold,Shopee,Bangkok,645,Lazada,COD,18,4,1,0,40-50,21.5,2.0,0.0,0.0,-1,43,1088.885,0.2299999999999999,0.0,0.5,0.0,0.0,0,0,0.0,0.0,0,0,0.0,1739.6,1,0,0.0,2177.77,2,0,0.0,0
LGS2ORD0014113,C016757,2025-04-22 18:00:00,Male,60,Bronze,Web,Phuket,1248,TV_Show,COD,18,4,1,0,>50,41.6,0.0,0.0,0.0,-1,-1,0.0,0.0,0.0,0.0,0.0,0.0,0,0,0.0,0.0,0,0,0.0,0.0,0,0,0.0,0.0,0,0,0.0,1
LGS2ORD0014114,C010070,2025-04-22 18:00:00,Female,48,Platinum,Lazada,Chiang Mai,241,Shopee,PromptPay,18,4,1,0,40-50,8.033333333333333,1.0,0.0,0.0,-1,5,9396.26,0.2,0.0,0.0,0.0,9396.26,1,0,0.0,9396.26,1,0,0.0,9396.26,1,0,0.0,9396.26,1,0,0.0,1
LGS2ORD0014115,C014394,2025-04-22 19:00:00,Male,42,Platinum,TV,Nakhon Ratchasima,1187,Web,COD,19,4,1,0,40-50,39.56666666666667,5.0,0.0,0.0,-1,40,2029.4620000000002,0.35,0.4,0.2,0.0,0.0,0,0,0.0,0.0,0,0,0.0,8893.91,4,0,0.0,10147.310000000001,5,0,0.0,1
LGS2ORD0014116,C015249,2025-04-22 19:00:00,Male,61,Silver,Lazada,Khon Kaen,1373,Web,COD,19,4,1,0,>50,45.766666666666666,1.0,0.0,0.0,-1,62,1442.29,0.2,0.0,0.0,0.0,0.0,0,0,0.0,0.0,0,0,0.0,1442.29,1,0,0.0,1442.29,1,0,0.0,1
LGS2ORD0014117,C011714,2025-04-22 19:00:00,Female,35,Silver,Web,Bangkok,1052,Shopee,Credit_Card,19,4,1,0,30-40,35.06666666666667,2.0,1.0,0.5,94,94,9231.525,0.2,0.5,0.0,0.0,0.0,0,0,0.0,0.0,0,0,0.0,0.0,0,0,0.0,18463.05,2,1,0.5,1
LGS2ORD0014118,C017360,2025-04-22 19:00:00,Female,38,Bronze,Shopee,Khon Kaen,348,Lazada,COD,19,4,1,0,30-40,11.6,5.0,0.0,0.0,-1,2,2445.0260000000003,0.18,0.4,0.0,0.0,7125.93,1,0,0.0,7125.93,1,0,0.0,9687.8,2,0,0.0,12225.130000000001,5,0,0.0,0
LGS2ORD0014119,C010300,2025-04-22 19:00:00,Female,41,Bronze,TV,Bangkok,814,Web,Credit_Card,19,4,1,0,40-50,27.133333333333333,0.0,0.0,0.0,-1,-1,0.0,0.0,0.0,0.0,0.0,0.0,0,0,0.0,0.0,0,0,0.0,0.0,0,0,0.0,0.0,0,0,0.0,0
LGS2ORD0014120,C012791,2025-04-22 20:00:00,Male,37,Bronze,Web,Nakhon Ratchasima,1011,Shopee,COD,20,4,1,0,30-40,33.7,2.0,0.0,0.0,-1,78,10550.630000000001,0.03,0.0,0.0,0.0,0.0,0,0,0.0,0.0,0,0,0.0,20645.93,1,0,0.0,21101.260000000002,2,0,0.0,0
LGS2ORD0014121,C014671,2025-04-22 20:00:00,Male,37,Bronze,CallCenter,Chonburi,1256,Web,COD,20,4,1,0,30-40,41.86666666666667,2.0,0.0,0.0,-1,23,6266.844999999999,0.13,0.0,0.0,0.0,0.0,0,0,0.0,9910.9,1,0,0.0,12533.689999999999,2,0,0.0,12533.689999999999,2,0,0.0,0
LGS2ORD0014122,C017132,2025-04-22 20:00:00,Male,61,Silver,TV,Bangkok,640,CallCenter,COD,20,4,1,0,>50,21.333333333333332,5.0,2.0,0.4,78,20,6427.620000000001,0.2,0.2,0.0,0.0,0.0,0,0,0.0,3531.75,1,0,0.0,26798.12,4,1,0.25,32138.100000000002,5,2,0.4,0
LGS2ORD0014123,C017476,2025-04-22 20:00:00,Female,61,Silver,TV,Nakhon Ratchasima,396,TV_Show,Bank_Transfer,20,4,1,0,>50,13.2,3.0,0.0,0.0,-1,10,8649.566666666668,0.3,0.6666666666666666,0.3333333333333333,0.0,0.0,0,0,0.0,8907.48,1,0,0.0,16134.39,2,0,0.0,25948.7,3,0,0.0,0
LGS2ORD0014124,C016199,2025-04-22 20:00:00,Female,51,Gold,Shopee,Nakhon Ratchasima,189,TV_Show,Credit_Card,20,4,1,0,>50,6.3,4.0,0.0,0.0,-1,26,3974.4674999999997,0.28,0.5,0.5,0.0,0.0,0,0,0.0,2381.21,1,0,0.0,15897.869999999999,4,0,0.0,15897.869999999999,4,0,0.0,0
LGS2ORD0014125,C017058,2025-04-22 20:00:00,Female,45,Bronze,CallCenter,Chiang Mai,1107,Web,PromptPay,20,4,1,0,40-50,36.9,3.0,1.0,0.3333333333333333,44,15,11805.673333333334,0.18,0.3333333333333333,0.0,0.0,0.0,0,0,0.0,11863.1,1,0,0.0,35417.020000000004,3,1,0.3333333333333333,35417.020000000004,3,1,0.3333333333333333,0
LGS2ORD0014126,C013459,2025-04-22 21:00:00,Female,56,Bronze,TV,Remote_Area,820,Web,COD,21,4,1,0,>50,27.333333333333332,0.0,0.0,0.0,-1,-1,0.0,0.0,0.0,0.0,0.0,0.0,0,0,0.0,0.0,0,0,0.0,0.0,0,0,0.0,0.0,0,0,0.0,1
LGS2ORD0014127,C012452,2025-04-22 21:00:00,Female,38,Bronze,TV,Bangkok,1325,Shopee,COD,21,4,1,0,30-40,44.166666666666664,2.0,0.0,0.0,-1,21,1442.15,0.23,0.5,0.5,0.0,0.0,0,0,0.0,2368.96,1,0,0.0,2884.3,2,0,0.0,2884.3,2,0,0.0,0
LGS2ORD0014128,C013901,2025-04-22 21:00:00,Female,21,Bronze,TV,Khon Kaen,1447,TV_Show,COD,21,4,1,0,20-30,48.233333333333334,2.0,0.0,0.0,-1,38,2713.4900000000002,0.28,1.0,0.5,0.0,0.0,0,0,0.0,0.0,0,0,0.0,5426.9800000000005,2,0,0.0,5426.9800000000005,2,0,0.0,0
LGS2ORD0014129,C017059,2025-04-22 21:00:00,Male,47,Bronze,CallCenter,Nakhon Ratchasima,1071,Lazada,COD,21,4,1,0,40-50,35.7,3.0,0.0,0.0,-1,41,3231.91,0.23,0.6666666666666666,0.3333333333333333,0.0,0.0,0,0,0.0,0.0,0,0,0.0,9695.73,3,0,0.0,9695.73,3,0,0.0,1
LGS2ORD0014130,C015431,2025-04-22 21:00:00,Female,34,Bronze,Lazada,Bangkok,615,Lazada,PromptPay,21,4,1,0,30-40,20.5,0.0,0.0,0.0,-1,-1,0.0,0.0,0.0,0.0,0.0,0.0,0,0,0.0,0.0,0,0,0.0,0.0,0,0,0.0,0.0,0,0,0.0,0
LGS2ORD0014131,C017699,2025-04-22 22:00:00,Female,46,Platinum,Shopee,Bangkok,942,Web,Credit_Card,22,4,1,0,40-50,31.4,1.0,0.0,0.0,-1,21,9583.08,0.25,1.0,1.0,0.0,0.0,0,0,0.0,9583.08,1,0,0.0,9583.08,1,0,0.0,9583.08,1,0,0.0,1
LGS2ORD0014132,C015648,2025-04-22 22:00:00,Male,38,Silver,TV,Bangkok,567,TV_Show,Credit_Card,22,4,1,0,30-40,18.9,3.0,1.0,0.3333333333333333,22,1,1999.6066666666666,0.25,0.6666666666666666,0.3333333333333333,0.0,4801.54,2,0,0.0,4801.54,2,0,0.0,5998.82,3,1,0.3333333333333333,5998.82,3,1,0.3333333333333333,0
LGS2ORD0014133,C016096,2025-04-22 22:00:00,Male,56,Bronze,TV,Khon Kaen,282,CallCenter,PromptPay,22,4,1,0,>50,9.4,3.0,0.0,0.0,-1,12,11476.903333333335,0.28,1.0,0.6666666666666666,0.0,0.0,0,0,0.0,5800.55,1,0,0.0,34430.71000000001,3,0,0.0,34430.71000000001,3,0,0.0,0
LGS2ORD0014134,C016654,2025-04-22 22:00:00,Male,52,Bronze,TV,Khon Kaen,217,TV_Show,COD,22,4,1,0,>50,7.233333333333333,2.0,0.0,0.0,-1,47,22259.29,0.03,1.0,0.0,0.0,0.0,0,0,0.0,0.0,0,0,0.0,44518.58,2,0,0.0,44518.58,2,0,0.0,0
LGS2ORD0014135,C017799,2025-04-22 22:00:00,Female,43,Gold,Lazada,Khon Kaen,1337,CallCenter,COD,22,4,1,0,40-50,44.56666666666667,1.0,0.0,0.0,-1,42,9783.39,0.13,0.0,0.0,0.0,0.0,0,0,0.0,0.0,0,0,0.0,9783.39,1,0,0.0,9783.39,1,0,0.0,0
LGS2ORD0014136,C010373,2025-04-22 23:00:00,Female,61,Silver,Shopee,Remote_Area,416,CallCenter,Credit_Card,23,4,1,0,>50,13.866666666666667,0.0,0.0,0.0,-1,-1,0.0,0.0,0.0,0.0,0.0,0.0,0,0,0.0,0.0,0,0,0.0,0.0,0,0,0.0,0.0,0,0,0.0,0
LGS2ORD0014137,C010814,2025-04-22 23:00:00,Female,44,Bronze,TV,Chiang Mai,870,Shopee,PromptPay,23,4,1,0,40-50,29.0,0.0,0.0,0.0,-1,-1,0.0,0.0,0.0,0.0,0.0,0.0,0,0,0.0,0.0,0,0,0.0,0.0,0,0,0.0,0.0,0,0,0.0,0
LGS2ORD0014138,C012116,2025-04-22 23:00:00,Male,44,Silver,Web,Bangkok,943,Web,Bank_Transfer,23,4,1,0,40-50,31.433333333333334,1.0,0.0,0.0,-1,103,10759.56,0.15,1.0,0.0,0.0,0.0,0,0,0.0,0.0,0,0,0.0,0.0,0,0,0.0,10759.56,1,0,0.0,1
LGS2ORD0014139,C013374,2025-04-22 23:00:00,Male,52,Bronze,Shopee,Nakhon Ratchasima,1244,Shopee,COD,23,4,1,0,>50,41.46666666666667,1.0,0.0,0.0,-1,50,2411.22,0.13,1.0,0.0,0.0,0.0,0,0,0.0,0.0,0,0,0.0,2411.22,1,0,0.0,2411.22,1,0,0.0,1
LGS2ORD0014140,C012560,2025-04-22 23:00:00,Female,37,Silver,Web,Phuket,381,Lazada,COD,23,4,1,0,30-40,12.7,3.0,1.0,0.3333333333333333,27,38,3910.4500000000003,0.2,1.0,0.0,0.0,0.0,0,0,0.0,0.0,0,0,0.0,4636.05,2,1,0.5,11731.35,3,1,0.3333333333333333,0
LGS2ORD0014141,C016245,2025-04-23 00:00:00,Male,45,Platinum,TV,Khon Kaen,173,TV_Show,COD,0,4,2,0,40-50,5.766666666666667,0.0,0.0,0.0,-1,-1,0.0,0.0,0.0,0.0,0.0,0.0,0,0,0.0,0.0,0,0,0.0,0.0,0,0,0.0,0.0,0,0,0.0,1
LGS2ORD0014142,C011715,2025-04-23 00:00:00,Female,60,Platinum,Web,Songkhla,512,TV_Show,COD,0,4,2,0,>50,17.066666666666666,1.0,0.0,0.0,-1,99,2996.73,0.3,0.0,1.0,0.0,0.0,0,0,0.0,0.0,0,0,0.0,0.0,0,0,0.0,2996.73,1,0,0.0,0
LGS2ORD0014143,C015784,2025-04-23 00:00:00,Female,35,Gold,Web,Chonburi,1203,Web,PromptPay,0,4,2,0,30-40,40.1,1.0,1.0,1.0,3,14,14583.62,0.28,0.0,1.0,0.0,0.0,0,0,0.0,14583.62,1,1,1.0,14583.62,1,1,1.0,14583.62,1,1,1.0,0
LGS2ORD0014144,C015731,2025-04-23 00:00:00,Female,48,Bronze,Lazada,Phuket,1504,Lazada,COD,0,4,2,0,40-50,50.13333333333333,0.0,0.0,0.0,-1,-1,0.0,0.0,0.0,0.0,0.0,0.0,0,0,0.0,0.0,0,0,0.0,0.0,0,0,0.0,0.0,0,0,0.0,0
LGS2ORD0014145,C017830,2025-04-23 00:00:00,Male,50,Bronze,CallCenter,Phuket,1389,Lazada,Bank_Transfer,0,4,2,0,40-50,46.3,4.0,2.0,0.5,22,15,11537.11,0.23,1.0,0.25,0.0,0.0,0,0,0.0,7253.81,1,0,0.0,46148.44,4,2,0.5,46148.44,4,2,0.5,1
LGS2ORD0014146,C016192,2025-04-23 00:00:00,Female,23,Silver,Web,Phuket,943,TV_Show,Credit_Card,0,4,2,0,20-30,31.433333333333334,2.0,1.0,0.5,59,66,2332.97,0.1,0.5,0.0,0.0,0.0,0,0,0.0,0.0,0,0,0.0,717.76,1,1,1.0,4665.94,2,1,0.5,0
LGS2ORD0014147,C017605,2025-04-23 01:00:00,Female,63,Silver,Web,Songkhla,698,Shopee,COD,1,4,2,0,>50,23.266666666666666,1.0,1.0,1.0,15,31,4580.22,0.2,1.0,0.0,0.0,0.0,0,0,0.0,0.0,0,0,0.0,4580.22,1,1,1.0,4580.22,1,1,1.0,0
LGS2ORD0014148,C012107,2025-04-23 01:00:00,Female,47,Silver,TV,Remote_Area,808,TV_Show,Credit_Card,1,4,2,0,40-50,26.933333333333334,1.0,1.0,1.0,13,22,759.84,0.1,1.0,0.0,0.0,0.0,0,0,0.0,759.84,1,1,1.0,759.84,1,1,1.0,759.84,1,1,1.0,1
LGS2ORD0014149,C014271,2025-04-23 01:00:00,Female,38,Bronze,Shopee,Chonburi,630,TV_Show,PromptPay,1,4,2,0,30-40,21.0,3.0,0.0,0.0,-1,15,3817.686666666667,0.08,0.3333333333333333,0.0,0.0,0.0,0,0,0.0,4785.59,1,0,0.0,6540.71,2,0,0.0,11453.060000000001,3,0,0.0,0
LGS2ORD0014150,C010997,2025-04-23 01:00:00,Male,18,Bronze,Lazada,Nakhon Ratchasima,172,Shopee,COD,1,4,2,0,<20,5.733333333333333,2.0,0.0,0.0,-1,7,4245.725,0.28,0.5,0.5,0.0,0.0,0,0,0.0,4048.73,1,0,0.0,8491.45,2,0,0.0,8491.45,2,0,0.0,0
LGS2ORD0014151,C010474,2025-04-23 01:00:00,Female,27,Silver,Lazada,Khon Kaen,264,Shopee,COD,1,4,2,0,20-30,8.8,2.0,0.0,0.0,-1,7,2662.5950000000003,0.2,0.5,0.0,0.0,0.0,0,0,0.0,781.98,1,0,0.0,5325.1900000000005,2,0,0.0,5325.1900000000005,2,0,0.0,0
LGS2ORD0014152,C012332,2025-04-23 02:00:00,Female,59,Bronze,Web,Chiang Mai,934,CallCenter,PromptPay,2,4,2,0,>50,31.133333333333333,0.0,0.0,0.0,-1,-1,0.0,0.0,0.0,0.0,0.0,0.0,0,0,0.0,0.0,0,0,0.0,0.0,0,0,0.0,0.0,0,0,0.0,0
LGS2ORD0014153,C011985,2025-04-23 02:00:00,Male,64,Silver,TV,Bangkok,1393,TV_Show,COD,2,4,2,0,>50,46.43333333333333,2.0,0.0,0.0,-1,75,8576.7,0.15,0.5,0.0,0.0,0.0,0,0,0.0,0.0,0,0,0.0,1245.36,1,0,0.0,17153.4,2,0,0.0,0
LGS2ORD0014154,C015055,2025-04-23 02:00:00,Male,41,Gold,TV,Bangkok,681,Web,COD,2,4,2,0,40-50,22.7,1.0,0.0,0.0,-1,17,2091.73,0.08,1.0,0.0,0.0,0.0,0,0,0.0,2091.73,1,0,0.0,2091.73,1,0,0.0,2091.73,1,0,0.0,1
LGS2ORD0014155,C013465,2025-04-23 02:00:00,Female,51,Bronze,TV,Chiang Mai,694,Lazada,Credit_Card,2,4,2,0,>50,23.133333333333333,1.0,0.0,0.0,-1,91,6348.74,0.03,0.0,0.0,0.0,0.0,0,0,0.0,0.0,0,0,0.0,0.0,0,0,0.0,6348.74,1,0,0.0,0
LGS2ORD0014156,C015877,2025-04-23 02:00:00,Female,64,Silver,Web,Chiang Mai,1506,TV_Show,PromptPay,2,4,2,0,>50,50.2,0.0,0.0,0.0,-1,-1,0.0,0.0,0.0,0.0,0.0,0.0,0,0,0.0,0.0,0,0,0.0,0.0,0,0,0.0,0.0,0,0,0.0,0
LGS2ORD0014157,C015833,2025-04-23 03:00:00,Female,41,Gold,Shopee,Bangkok,1364,CallCenter,Credit_Card,3,4,2,0,40-50,45.46666666666667,3.0,1.0,0.3333333333333333,-3,7,1276.0433333333333,0.33,0.3333333333333333,0.6666666666666666,0.0,0.0,0,0,0.0,1739.1399999999999,2,1,0.5,3828.13,3,1,0.3333333333333333,3828.13,3,1,0.3333333333333333,1
LGS2ORD0014158,C015945,2025-04-23 03:00:00,Male,44,Bronze,TV,Chonburi,1565,CallCenter,COD,3,4,2,0,40-50,52.166666666666664,3.0,1.0,0.3333333333333333,2,8,3414.816666666667,0.23,0.0,0.3333333333333333,0.0,0.0,0,0,0.0,1970.76,1,1,1.0,10244.45,3,1,0.3333333333333333,10244.45,3,1,0.3333333333333333,0
LGS2ORD0014159,C014548,2025-04-23 03:00:00,Female,35,Bronze,Shopee,Nakhon Ratchasima,630,Shopee,COD,3,4,2,0,30-40,21.0,2.0,0.0,0.0,-1,67,6061.635,0.08,0.5,0.0,0.0,0.0,0,0,0.0,0.0,0,0,0.0,10705.73,1,0,0.0,12123.27,2,0,0.0,0
LGS2ORD0014160,C010461,2025-04-23 03:00:00,Female,39,Gold,Shopee,Chonburi,951,Web,Credit_Card,3,4,2,0,30-40,31.7,1.0,0.0,0.0,-1,9,4525.03,0.28,1.0,1.0,0.0,0.0,0,0,0.0,4525.03,1,0,0.0,4525.03,1,0,0.0,4525.03,1,0,0.0,0
LGS2ORD0014161,C016587,2025-04-23 03:00:00,Male,47,Bronze,Shopee,Chiang Mai,629,TV_Show,COD,3,4,2,0,40-50,20.966666666666665,0.0,0.0,0.0,-1,-1,0.0,0.0,0.0,0.0,0.0,0.0,0,0,0.0,0.0,0,0,0.0,0.0,0,0,0.0,0.0,0,0,0.0,0
LGS2ORD0014162,C016505,2025-04-23 03:00:00,Male,30,Gold,Shopee,Chonburi,371,Web,Credit_Card,3,4,2,0,20-30,12.366666666666667,1.0,0.0,0.0,-1,84,745.93,0.33,1.0,1.0,0.0,0.0,0,0,0.0,0.0,0,0,0.0,745.93,1,0,0.0,745.93,1,0,0.0,0
LGS2ORD0014163,C017690,2025-04-23 04:00:00,Female,39,Silver,Web,Bangkok,309,Shopee,Credit_Card,4,4,2,0,30-40,10.3,1.0,1.0,1.0,57,66,5344.38,0.1,0.0,0.0,0.0,0.0,0,0,0.0,0.0,0,0,0.0,5344.38,1,1,1.0,5344.38,1,1,1.0,1
LGS2ORD0014164,C017875,2025-04-23 04:00:00,Female,41,Bronze,TV,Songkhla,369,Web,PromptPay,4,4,2,0,40-50,12.3,2.0,1.0,0.5,83,6,1636.275,0.23,0.5,0.5,0.0,853.52,1,0,0.0,853.52,1,0,0.0,853.52,1,0,0.0,3272.55,2,1,0.5,0
LGS2ORD0014165,C015908,2025-04-23 04:00:00,Female,32,Platinum,Web,Bangkok,705,TV_Show,Credit_Card,4,4,2,0,30-40,23.5,0.0,0.0,0.0,-1,-1,0.0,0.0,0.0,0.0,0.0,0.0,0,0,0.0,0.0,0,0,0.0,0.0,0,0,0.0,0.0,0,0,0.0,0
LGS2ORD0014166,C013281,2025-04-23 04:00:00,Male,47,Silver,Lazada,Bangkok,1410,TV_Show,Credit_Card,4,4,2,0,40-50,47.0,1.0,0.0,0.0,-1,65,2593.61,0.1,0.0,0.0,0.0,0.0,0,0,0.0,0.0,0,0,0.0,2593.61,1,0,0.0,2593.61,1,0,0.0,0
LGS2ORD0014167,C017782,2025-04-23 04:00:00,Female,60,Platinum,TV,Bangkok,1450,Lazada,Credit_Card,4,4,2,0,>50,48.333333333333336,0.0,0.0,0.0,-1,-1,0.0,0.0,0.0,0.0,0.0,0.0,0,0,0.0,0.0,0,0,0.0,0.0,0,0,0.0,0.0,0,0,0.0,0
LGS2ORD0014168,C011661,2025-04-23 05:00:00,Male,43,Bronze,TV,Bangkok,1252,Web,COD,5,4,2,0,40-50,41.733333333333334,0.0,0.0,0.0,-1,-1,0.0,0.0,0.0,0.0,0.0,0.0,0,0,0.0,0.0,0,0,0.0,0.0,0,0,0.0,0.0,0,0,0.0,1
LGS2ORD0014169,C013576,2025-04-23 05:00:00,Male,57,Platinum,Web,Chonburi,193,Web,Credit_Card,5,4,2,0,>50,6.433333333333334,0.0,0.0,0.0,-1,-1,0.0,0.0,0.0,0.0,0.0,0.0,0,0,0.0,0.0,0,0,0.0,0.0,0,0,0.0,0.0,0,0,0.0,0
LGS2ORD0014170,C015224,2025-04-23 05:00:00,Female,30,Bronze,Web,Nakhon Ratchasima,419,Web,Credit_Card,5,4,2,0,20-30,13.966666666666667,5.0,1.0,0.2,-7,6,3163.884,0.23,0.6,0.4,0.0,8493.34,1,1,1.0,10155.6,2,1,0.5,11996.57,4,1,0.25,15819.42,5,1,0.2,0
LGS2ORD0014171,C014269,2025-04-23 05:00:00,Male,44,Bronze,Lazada,Bangkok,1349,Shopee,COD,5,4,2,0,40-50,44.96666666666667,0.0,0.0,0.0,-1,-1,0.0,0.0,0.0,0.0,0.0,0.0,0,0,0.0,0.0,0,0,0.0,0.0,0,0,0.0,0.0,0,0,0.0,0
LGS2ORD0014172,C016587,2025-04-23 05:00:00,Male,47,Bronze,Shopee,Chiang Mai,629,Lazada,COD,5,4,2,0,40-50,20.966666666666665,1.0,0.0,0.0,-1,0,1003.14,0.03,1.0,0.0,0.0,1003.14,1,0,0.0,1003.14,1,0,0.0,1003.14,1,0,0.0,1003.14,1,0,0.0,0
LGS2ORD0014173,C014370,2025-04-23 06:00:00,Female,32,Bronze,CallCenter,Nakhon Ratchasima,885,TV_Show,Credit_Card,6,4,2,0,30-40,29.5,2.0,0.0,0.0,-1,20,10436.48,0.28,1.0,0.5,0.0,0.0,0,0,0.0,10757.08,1,0,0.0,20872.96,2,0,0.0,20872.96,2,0,0.0,1
LGS2ORD0014174,C010191,2025-04-23 06:00:00,Male,18,Gold,Shopee,Bangkok,1126,Web,Bank_Transfer,6,4,2,0,<20,37.53333333333333,2.0,1.0,0.5,61,71,807.96,0.28,0.0,0.5,0.0,0.0,0,0,0.0,0.0,0,0,0.0,933.89,1,1,1.0,1615.92,2,1,0.5,0
LGS2ORD0014175,C010888,2025-04-23 06:00:00,Other,36,Bronze,TV,Bangkok,1155,TV_Show,Credit_Card,6,4,2,0,30-40,38.5,1.0,0.0,0.0,-1,40,9055.02,0.03,0.0,0.0,0.0,0.0,0,0,0.0,0.0,0,0,0.0,9055.02,1,0,0.0,9055.02,1,0,0.0,1
LGS2ORD0014176,C017208,2025-04-23 06:00:00,Male,53,Silver,Shopee,Bangkok,647,Shopee,COD,6,4,2,0,>50,21.566666666666666,2.0,1.0,0.5,93,56,2716.8849999999998,0.25,1.0,1.0,0.0,0.0,0,0,0.0,0.0,0,0,0.0,4128.44,1,0,0.0,5433.7699999999995,2,1,0.5,0
LGS2ORD0014177,C013284,2025-04-23 06:00:00,Female,39,Gold,Lazada,Bangkok,418,Shopee,PromptPay,6,4,2,0,30-40,13.933333333333334,1.0,0.0,0.0,-1,16,1824.98,0.13,0.0,0.0,0.0,0.0,0,0,0.0,1824.98,1,0,0.0,1824.98,1,0,0.0,1824.98,1,0,0.0,0
LGS2ORD0014178,C014379,2025-04-23 07:00:00,Female,49,Platinum,TV,Bangkok,267,Web,COD,7,4,2,0,40-50,8.9,4.0,0.0,0.0,-1,10,5090.092500000001,0.15,1.0,0.0,0.0,0.0,0,0,0.0,5711.719999999999,2,0,0.0,20360.370000000003,4,0,0.0,20360.370000000003,4,0,0.0,0
LGS2ORD0014179,C012463,2025-04-23 07:00:00,Female,44,Platinum,TV,Khon Kaen,266,TV_Show,COD,7,4,2,0,40-50,8.866666666666667,4.0,0.0,0.0,-1,5,7157.8,0.2,0.5,0.0,0.0,2783.13,1,0,0.0,12147.29,2,0,0.0,28631.2,4,0,0.0,28631.2,4,0,0.0,0
LGS2ORD0014180,C011070,2025-04-23 07:00:00,Male,38,Gold,TV,Bangkok,1302,TV_Show,PromptPay,7,4,2,0,30-40,43.4,1.0,0.0,0.0,-1,35,656.42,0.08,1.0,0.0,0.0,0.0,0,0,0.0,0.0,0,0,0.0,656.42,1,0,0.0,656.42,1,0,0.0,0
LGS2ORD0014181,C014530,2025-04-23 07:00:00,Female,61,Bronze,TV,Remote_Area,1311,Web,Credit_Card,7,4,2,0,>50,43.7,0.0,0.0,0.0,-1,-1,0.0,0.0,0.0,0.0,0.0,0.0,0,0,0.0,0.0,0,0,0.0,0.0,0,0,0.0,0.0,0,0,0.0,0
LGS2ORD0014182,C015664,2025-04-23 07:00:00,Female,37,Bronze,CallCenter,Remote_Area,1304,TV_Show,COD,7,4,2,0,30-40,43.46666666666667,1.0,0.0,0.0,-1,17,7504.42,0.03,1.0,0.0,0.0,0.0,0,0,0.0,7504.42,1,0,0.0,7504.42,1,0,0.0,7504.42,1,0,0.0,0
LGS2ORD0014183,C012463,2025-04-23 07:00:00,Female,44,Platinum,TV,Khon Kaen,266,Web,PromptPay,7,4,2,0,40-50,8.866666666666667,4.0,0.0,0.0,-1,5,7157.8,0.2,0.5,0.0,0.0,2783.13,1,0,0.0,12147.29,2,0,0.0,28631.2,4,0,0.0,28631.2,4,0,0.0,0
LGS2ORD0014184,C012003,2025-04-23 08:00:00,Male,47,Bronze,Web,Chiang Mai,442,Lazada,COD,8,4,2,0,40-50,14.733333333333333,2.0,0.0,0.0,-1,53,5481.575,0.18,0.0,0.0,0.0,0.0,0,0,0.0,0.0,0,0,0.0,10963.15,2,0,0.0,10963.15,2,0,0.0,0
LGS2ORD0014185,C010663,2025-04-23 08:00:00,Male,32,Bronze,TV,Songkhla,1109,Lazada,Bank_Transfer,8,4,2,0,30-40,36.96666666666667,4.0,0.0,0.0,-1,23,4669.49,0.23,0.5,0.5,0.0,0.0,0,0,0.0,10827.88,1,0,0.0,18677.96,4,0,0.0,18677.96,4,0,0.0,0
LGS2ORD0014186,C010138,2025-04-23 08:00:00,Female,26,Silver,Shopee,Bangkok,1491,Web,COD,8,4,2,0,20-30,49.7,3.0,0.0,0.0,-1,17,8097.1033333333335,0.25,1.0,0.3333333333333333,0.0,0.0,0,0,0.0,383.77,1,0,0.0,24291.31,3,0,0.0,24291.31,3,0,0.0,0
LGS2ORD0014187,C012372,2025-04-23 08:00:00,Female,40,Platinum,TV,Chiang Mai,147,TV_Show,Credit_Card,8,4,2,0,30-40,4.9,2.0,2.0,1.0,-4,7,14006.065,0.35,1.0,1.0,0.0,0.0,0,0,0.0,5257.09,1,1,1.0,5257.09,1,1,1.0,28012.13,2,2,1.0,0
LGS2ORD0014188,C012144,2025-04-23 08:00:00,Male,53,Gold,Lazada,Phuket,1062,Shopee,PromptPay,8,4,2,0,>50,35.4,0.0,0.0,0.0,-1,-1,0.0,0.0,0.0,0.0,0.0,0.0,0,0,0.0,0.0,0,0,0.0,0.0,0,0,0.0,0.0,0,0,0.0,0
LGS2ORD0014189,C016935,2025-04-23 09:00:00,Male,39,Silver,Web,Nakhon Ratchasima,466,TV_Show,PromptPay,9,4,2,0,30-40,15.533333333333333,2.0,1.0,0.5,2,5,3471.085,0.3,0.5,0.5,0.0,6079.99,1,1,1.0,6079.99,1,1,1.0,6079.99,1,1,1.0,6942.17,2,1,0.5,0
LGS2ORD0014190,C010693,2025-04-23 09:00:00,Male,60,Gold,Web,Phuket,1118,Shopee,COD,9,4,2,0,>50,37.266666666666666,3.0,1.0,0.3333333333333333,45,57,1615.8733333333337,0.2299999999999999,0.0,0.3333333333333333,0.0,0.0,0,0,0.0,0.0,0,0,0.0,4847.620000000001,3,1,0.3333333333333333,4847.620000000001,3,1,0.3333333333333333,1
LGS2ORD0014191,C012070,2025-04-23 09:00:00,Male,59,Bronze,Lazada,Bangkok,437,Lazada,PromptPay,9,4,2,0,>50,14.566666666666666,1.0,0.0,0.0,-1,88,1071.66,0.28,0.0,1.0,0.0,0.0,0,0,0.0,0.0,0,0,0.0,1071.66,1,0,0.0,1071.66,1,0,0.0,0
LGS2ORD0014192,C012086,2025-04-23 09:00:00,Male,62,Silver,Shopee,Bangkok,1386,Web,Credit_Card,9,4,2,0,>50,46.2,4.0,0.0,0.0,-1,3,6481.152499999999,0.1,0.5,0.0,0.0,1522.8,1,0,0.0,1522.8,1,0,0.0,24760.52,3,0,0.0,25924.609999999997,4,0,0.0,0
LGS2ORD0014193,C014740,2025-04-23 09:00:00,Female,43,Bronze,CallCenter,Khon Kaen,553,TV_Show,COD,9,4,2,0,40-50,18.433333333333334,0.0,0.0,0.0,-1,-1,0.0,0.0,0.0,0.0,0.0,0.0,0,0,0.0,0.0,0,0,0.0,0.0,0,0,0.0,0.0,0,0,0.0,0
LGS2ORD0014194,C017134,2025-04-23 10:00:00,Female,51,Silver,TV,Khon Kaen,1548,CallCenter,Credit_Card,10,4,2,0,>50,51.6,2.0,0.0,0.0,-1,50,6383.395,0.25,1.0,0.5,0.0,0.0,0,0,0.0,0.0,0,0,0.0,4094.59,1,0,0.0,12766.79,2,0,0.0,0
LGS2ORD0014195,C012376,2025-04-23 10:00:00,Male,44,Bronze,TV,Bangkok,1347,Lazada,COD,10,4,2,0,40-50,44.9,1.0,0.0,0.0,-1,21,337.3,0.13,1.0,0.0,0.0,0.0,0,0,0.0,337.3,1,0,0.0,337.3,1,0,0.0,337.3,1,0,0.0,0
LGS2ORD0014196,C012857,2025-04-23 10:00:00,Male,54,Bronze,Web,Chonburi,751,CallCenter,COD,10,4,2,0,>50,25.033333333333335,2.0,2.0,1.0,7,19,3899.8199999999997,0.18,1.0,0.0,0.0,0.0,0,0,0.0,1137.56,1,1,1.0,7799.639999999999,2,2,1.0,7799.639999999999,2,2,1.0,0
LGS2ORD0014197,C016747,2025-04-23 10:00:00,Female,26,Bronze,TV,Bangkok,1535,Lazada,Credit_Card,10,4,2,0,20-30,51.166666666666664,1.0,1.0,1.0,31,39,3388.55,0.18,0.0,0.0,0.0,0.0,0,0,0.0,0.0,0,0,0.0,3388.55,1,1,1.0,3388.55,1,1,1.0,1
LGS2ORD0014198,C015852,2025-04-23 10:00:00,Male,51,Silver,CallCenter,Phuket,255,Shopee,Credit_Card,10,4,2,0,>50,8.5,4.0,2.0,0.5,42,39,10017.67,0.3,0.5,0.25,0.0,0.0,0,0,0.0,0.0,0,0,0.0,26942.43,3,1,0.3333333333333333,40070.68,4,2,0.5,0
LGS2ORD0014199,C011761,2025-04-23 11:00:00,Male,29,Silver,Shopee,Bangkok,930,CallCenter,COD,11,4,2,0,20-30,31.0,0.0,0.0,0.0,-1,-1,0.0,0.0,0.0,0.0,0.0,0.0,0,0,0.0,0.0,0,0,0.0,0.0,0,0,0.0,0.0,0,0,0.0,1
LGS2ORD0014200,C014872,2025-04-23 11:00:00,Male,46,Bronze,CallCenter,Nakhon Ratchasima,463,Web,Bank_Transfer,11,4,2,0,40-50,15.433333333333334,4.0,1.0,0.25,72,16,8141.9325,0.23,0.25,0.25,0.0,0.0,0,0,0.0,4870.52,1,0,0.0,17428.420000000002,3,1,0.3333333333333333,32567.73,4,1,0.25,0
LGS2ORD0014201,C012130,2025-04-23 11:00:00,Male,32,Bronze,Lazada,Chiang Mai,510,Lazada,COD,11,4,2,0,30-40,17.0,0.0,0.0,0.0,-1,-1,0.0,0.0,0.0,0.0,0.0,0.0,0,0,0.0,0.0,0,0,0.0,0.0,0,0,0.0,0.0,0,0,0.0,0
LGS2ORD0014202,C011474,2025-04-23 11:00:00,Female,23,Silver,Web,Remote_Area,393,TV_Show,COD,11,4,2,0,20-30,13.1,0.0,0.0,0.0,-1,-1,0.0,0.0,0.0,0.0,0.0,0.0,0,0,0.0,0.0,0,0,0.0,0.0,0,0,0.0,0.0,0,0,0.0,1
LGS2ORD0014203,C016232,2025-04-23 11:00:00,Male,29,Platinum,TV,Bangkok,893,Web,COD,11,4,2,0,20-30,29.766666666666666,2.0,1.0,0.5,61,73,5305.545,0.2,0.5,0.0,0.0,0.0,0,0,0.0,0.0,0,0,0.0,10611.09,2,1,0.5,10611.09,2,1,0.5,0
LGS2ORD0014204,C013169,2025-04-23 11:00:00,Other,54,Gold,Web,Chiang Mai,1502,Shopee,PromptPay,11,4,2,0,>50,50.06666666666667,2.0,0.0,0.0,-1,4,17418.57,0.33,0.5,0.5,0.0,32406.2,1,0,0.0,34837.14,2,0,0.0,34837.14,2,0,0.0,34837.14,2,0,0.0,1
LGS2ORD0014205,C015624,2025-04-23 12:00:00,Male,39,Gold,Lazada,Chonburi,580,Lazada,COD,12,4,2,0,30-40,19.333333333333332,2.0,0.0,0.0,-1,77,4158.4,0.18,0.0,0.0,0.0,0.0,0,0,0.0,0.0,0,0,0.0,6006.35,1,0,0.0,8316.8,2,0,0.0,1
LGS2ORD0014206,C013295,2025-04-23 12:00:00,Female,62,Silver,CallCenter,Bangkok,707,Shopee,Bank_Transfer,12,4,2,0,>50,23.566666666666666,2.0,0.0,0.0,-1,78,5639.110000000001,0.3,0.0,1.0,0.0,0.0,0,0,0.0,0.0,0,0,0.0,11278.220000000001,2,0,0.0,11278.220000000001,2,0,0.0,0
LGS2ORD0014207,C010764,2025-04-23 12:00:00,Male,37,Silver,Lazada,Remote_Area,392,Lazada,Bank_Transfer,12,4,2,0,30-40,13.066666666666666,2.0,1.0,0.5,59,67,11180.755000000001,0.2,1.0,0.0,0.0,0.0,0,0,0.0,0.0,0,0,0.0,11939.79,1,1,1.0,22361.510000000002,2,1,0.5,0
LGS2ORD0014208,C010322,2025-04-23 12:00:00,Female,25,Bronze,Web,Chiang Mai,757,Shopee,COD,12,4,2,0,20-30,25.233333333333334,2.0,1.0,0.5,-15,1,4870.89,0.08,0.0,0.0,0.0,7992.85,1,1,1.0,7992.85,1,1,1.0,9741.78,2,1,0.5,9741.78,2,1,0.5,0
LGS2ORD0014209,C016518,2025-04-23 12:00:00,Female,30,Bronze,TV,Phuket,1083,Web,Credit_Card,12,4,2,0,20-30,36.1,4.0,1.0,0.25,87,5,4290.005,0.08,0.25,0.0,0.0,1809.63,1,0,0.0,13649.599999999999,2,0,0.0,15967.84,3,0,0.0,17160.02,4,1,0.25,0
LGS2ORD0014210,C013665,2025-04-23 13:00:00,Female,38,Gold,TV,Bangkok,1350,Web,PromptPay,13,4,2,0,30-40,45.0,3.0,0.0,0.0,-1,38,2070.1066666666666,0.33,0.6666666666666666,1.0,0.0,0.0,0,0,0.0,0.0,0,0,0.0,6210.32,3,0,0.0,6210.32,3,0,0.0,0
LGS2ORD0014211,C013526,2025-04-23 13:00:00,Male,39,Gold,CallCenter,Bangkok,184,CallCenter,Credit_Card,13,4,2,0,30-40,6.133333333333334,1.0,1.0,1.0,13,26,3201.9,0.2299999999999999,1.0,1.0,0.0,0.0,0,0,0.0,3201.9,1,1,1.0,3201.9,1,1,1.0,3201.9,1,1,1.0,0
LGS2ORD0014212,C014439,2025-04-23 13:00:00,Male,29,Platinum,TV,Khon Kaen,1495,TV_Show,COD,13,4,2,0,20-30,49.833333333333336,0.0,0.0,0.0,-1,-1,0.0,0.0,0.0,0.0,0.0,0.0,0,0,0.0,0.0,0,0,0.0,0.0,0,0,0.0,0.0,0,0,0.0,0
LGS2ORD0014213,C015108,2025-04-23 13:00:00,Male,30,Bronze,Lazada,Nakhon Ratchasima,644,CallCenter,COD,13,4,2,0,20-30,21.466666666666665,2.0,1.0,0.5,86,24,13887.96,0.03,0.5,0.0,0.0,0.0,0,0,0.0,16054.9,1,0,0.0,16054.9,1,0,0.0,27775.92,2,1,0.5,1
LGS2ORD0014214,C010028,2025-04-23 13:00:00,Male,32,Bronze,TV,Phuket,822,TV_Show,Credit_Card,13,4,2,0,30-40,27.4,3.0,2.0,0.6666666666666666,35,23,7190.723333333332,0.28,1.0,0.6666666666666666,0.0,0.0,0,0,0.0,16535.39,1,0,0.0,21572.17,3,2,0.6666666666666666,21572.17,3,2,0.6666666666666666,1
LGS2ORD0014215,C013191,2025-04-23 14:00:00,Female,36,Silver,Web,Bangkok,1163,Lazada,COD,14,4,2,0,30-40,38.766666666666666,1.0,1.0,1.0,-3,3,4866.98,0.1,0.0,0.0,0.0,4866.98,1,1,1.0,4866.98,1,1,1.0,4866.98,1,1,1.0,4866.98,1,1,1.0,0
LGS2ORD0014216,C017923,2025-04-23 14:00:00,Female,61,Gold,TV,Nakhon Ratchasima,930,Web,COD,14,4,2,0,>50,31.0,3.0,0.0,0.0,-1,12,20730.176666666666,0.28,0.3333333333333333,0.3333333333333333,0.0,0.0,0,0,0.0,53371.8,2,0,0.0,62190.53,3,0,0.0,62190.53,3,0,0.0,0
LGS2ORD0014217,C015882,2025-04-23 14:00:00,Female,37,Gold,Shopee,Bangkok,221,Web,Bank_Transfer,14,4,2,0,30-40,7.366666666666666,2.0,0.0,0.0,-1,62,4959.205,0.28,0.5,1.0,0.0,0.0,0,0,0.0,0.0,0,0,0.0,9918.41,2,0,0.0,9918.41,2,0,0.0,0
LGS2ORD0014218,C016173,2025-04-23 14:00:00,Female,45,Gold,TV,Remote_Area,1122,CallCenter,PromptPay,14,4,2,0,40-50,37.4,3.0,1.0,0.3333333333333333,5,17,7599.856666666667,0.2299999999999999,0.6666666666666666,0.3333333333333333,0.0,0.0,0,0,0.0,9638.15,1,1,1.0,20614.57,2,1,0.5,22799.57,3,1,0.3333333333333333,0
LGS2ORD0014219,C015337,2025-04-23 14:00:00,Female,41,Bronze,TV,Chonburi,327,TV_Show,Credit_Card,14,4,2,0,40-50,10.9,2.0,0.0,0.0,-1,54,6564.75,0.03,0.5,0.0,0.0,0.0,0,0,0.0,0.0,0,0,0.0,8816.59,1,0,0.0,13129.5,2,0,0.0,0
LGS2ORD0014220,C016241,2025-04-23 15:00:00,Female,38,Bronze,Web,Chiang Mai,350,Shopee,COD,15,4,2,0,30-40,11.666666666666666,0.0,0.0,0.0,-1,-1,0.0,0.0,0.0,0.0,0.0,0.0,0,0,0.0,0.0,0,0,0.0,0.0,0,0,0.0,0.0,0,0,0.0,0
LGS2ORD0014221,C013945,2025-04-23 15:00:00,Male,41,Gold,Lazada,Nakhon Ratchasima,233,Lazada,COD,15,4,2,0,40-50,7.766666666666667,1.0,0.0,0.0,-1,24,1841.58,0.18,1.0,0.0,0.0,0.0,0,0,0.0,1841.58,1,0,0.0,1841.58,1,0,0.0,1841.58,1,0,0.0,0
LGS2ORD0014222,C016757,2025-04-23 15:00:00,Male,60,Bronze,Web,Phuket,1249,TV_Show,COD,15,4,2,0,>50,41.63333333333333,1.0,1.0,1.0,-7,0,3874.81,0.18,1.0,0.0,0.0,3874.81,1,1,1.0,3874.81,1,1,1.0,3874.81,1,1,1.0,3874.81,1,1,1.0,1
LGS2ORD0014223,C011423,2025-04-23 15:00:00,Other,60,Bronze,Shopee,Bangkok,1526,Lazada,COD,15,4,2,0,>50,50.86666666666667,3.0,1.0,0.3333333333333333,89,42,3733.2566666666667,0.08,1.0,0.0,0.0,0.0,0,0,0.0,0.0,0,0,0.0,10785.02,2,0,0.0,11199.77,3,1,0.3333333333333333,0
LGS2ORD0014224,C016209,2025-04-23 15:00:00,Female,32,Bronze,Lazada,Nakhon Ratchasima,1319,Shopee,COD,15,4,2,0,30-40,43.96666666666667,3.0,2.0,0.6666666666666666,0,12,6476.983333333334,0.23,0.6666666666666666,0.3333333333333333,0.0,0.0,0,0,0.0,327.23,1,1,1.0,19430.95,3,2,0.6666666666666666,19430.95,3,2,0.6666666666666666,0
LGS2ORD0014225,C014750,2025-04-23 15:00:00,Male,39,Bronze,Lazada,Bangkok,1436,Lazada,COD,15,4,2,0,30-40,47.86666666666667,3.0,0.0,0.0,-1,3,3939.3799999999997,0.28,0.6666666666666666,0.6666666666666666,0.0,854.53,1,0,0.0,11818.14,3,0,0.0,11818.14,3,0,0.0,11818.14,3,0,0.0,1
LGS2ORD0014226,C015273,2025-04-23 16:00:00,Male,57,Gold,Web,Chonburi,1144,Lazada,PromptPay,16,4,2,0,>50,38.13333333333333,4.0,0.0,0.0,-1,34,9157.655,0.28,0.25,0.5,0.0,0.0,0,0,0.0,0.0,0,0,0.0,6185.46,3,0,0.0,36630.62,4,0,0.0,0
LGS2ORD0014227,C014665,2025-04-23 16:00:00,Male,36,Bronze,Web,Nakhon Ratchasima,571,Shopee,COD,16,4,2,0,30-40,19.033333333333335,1.0,0.0,0.0,-1,69,3191.12,0.03,0.0,0.0,0.0,0.0,0,0,0.0,0.0,0,0,0.0,3191.12,1,0,0.0,3191.12,1,0,0.0,1
LGS2ORD0014228,C015444,2025-04-23 16:00:00,Male,51,Bronze,TV,Bangkok,555,CallCenter,COD,16,4,2,0,>50,18.5,2.0,1.0,0.5,26,32,4227.6849999999995,0.18,0.5,0.0,0.0,0.0,0,0,0.0,0.0,0,0,0.0,8455.369999999999,2,1,0.5,8455.369999999999,2,1,0.5,0
LGS2ORD0014229,C010367,2025-04-23 16:00:00,Female,47,Bronze,Lazada,Nakhon Ratchasima,913,TV_Show,Credit_Card,16,4,2,0,40-50,30.433333333333334,1.0,0.0,0.0,-1,11,11452.06,0.03,0.0,0.0,0.0,0.0,0,0,0.0,11452.06,1,0,0.0,11452.06,1,0,0.0,11452.06,1,0,0.0,1
LGS2ORD0014230,C016992,2025-04-23 16:00:00,Other,36,Bronze,Web,Chonburi,265,TV_Show,COD,16,4,2,0,30-40,8.833333333333334,2.0,1.0,0.5,72,81,5325.08,0.03,0.5,0.0,0.0,0.0,0,0,0.0,0.0,0,0,0.0,10650.16,2,1,0.5,10650.16,2,1,0.5,0
LGS2ORD0014231,C012311,2025-04-23 17:00:00,Other,39,Bronze,TV,Phuket,659,Web,PromptPay,17,4,2,0,30-40,21.966666666666665,2.0,0.0,0.0,-1,59,1889.4250000000002,0.28,0.0,0.5,0.0,0.0,0,0,0.0,0.0,0,0,0.0,3778.8500000000004,2,0,0.0,3778.8500000000004,2,0,0.0,0
LGS2ORD0014232,C010180,2025-04-23 17:00:00,Female,43,Gold,Lazada,Bangkok,1427,Lazada,Credit_Card,17,4,2,0,40-50,47.56666666666667,0.0,0.0,0.0,-1,-1,0.0,0.0,0.0,0.0,0.0,0.0,0,0,0.0,0.0,0,0,0.0,0.0,0,0,0.0,0.0,0,0,0.0,1
LGS2ORD0014233,C015173,2025-04-23 17:00:00,Male,50,Bronze,Web,Nakhon Ratchasima,398,Lazada,COD,17,4,2,0,40-50,13.266666666666667,0.0,0.0,0.0,-1,-1,0.0,0.0,0.0,0.0,0.0,0.0,0,0,0.0,0.0,0,0,0.0,0.0,0,0,0.0,0.0,0,0,0.0,1
LGS2ORD0014234,C012725,2025-04-23 17:00:00,Male,60,Bronze,CallCenter,Songkhla,1336,Shopee,Credit_Card,17,4,2,0,>50,44.53333333333333,2.0,2.0,1.0,38,43,1608.595,0.18,1.0,0.0,0.0,0.0,0,0,0.0,0.0,0,0,0.0,3217.19,2,2,1.0,3217.19,2,2,1.0,0
LGS2ORD0014235,C016605,2025-04-23 17:00:00,Female,32,Silver,TV,Bangkok,785,TV_Show,PromptPay,17,4,2,0,30-40,26.166666666666668,2.0,0.0,0.0,-1,21,10481.125,0.1,1.0,0.0,0.0,0.0,0,0,0.0,9823.03,1,0,0.0,20962.25,2,0,0.0,20962.25,2,0,0.0,1
LGS2ORD0014236,C013558,2025-04-23 18:00:00,Female,47,Bronze,TV,Bangkok,603,Lazada,PromptPay,18,4,2,0,40-50,20.1,2.0,0.0,0.0,-1,53,16037.215,0.18,0.5,0.0,0.0,0.0,0,0,0.0,0.0,0,0,0.0,18569.09,1,0,0.0,32074.43,2,0,0.0,0
LGS2ORD0014237,C017871,2025-04-23 18:00:00,Male,45,Silver,TV,Chiang Mai,1214,Shopee,COD,18,4,2,0,40-50,40.46666666666667,2.0,1.0,0.5,93,42,11687.045,0.2,0.5,0.0,0.0,0.0,0,0,0.0,0.0,0,0,0.0,11090.81,1,0,0.0,23374.09,2,1,0.5,0
LGS2ORD0014238,C016265,2025-04-23 18:00:00,Male,39,Silver,Lazada,Bangkok,1230,TV_Show,Bank_Transfer,18,4,2,0,30-40,41.0,2.0,0.0,0.0,-1,48,2242.545,0.3,0.5,1.0,0.0,0.0,0,0,0.0,0.0,0,0,0.0,4485.09,2,0,0.0,4485.09,2,0,0.0,0
LGS2ORD0014239,C012093,2025-04-23 18:00:00,Female,53,Bronze,Lazada,Remote_Area,517,Web,PromptPay,18,4,2,0,>50,17.233333333333334,1.0,0.0,0.0,-1,71,3282.9,0.03,1.0,0.0,0.0,0.0,0,0,0.0,0.0,0,0,0.0,3282.9,1,0,0.0,3282.9,1,0,0.0,1
LGS2ORD0014240,C011998,2025-04-23 18:00:00,Female,53,Silver,TV,Bangkok,1077,TV_Show,Bank_Transfer,18,4,2,0,>50,35.9,2.0,1.0,0.5,-1,8,3401.205,0.25,1.0,0.5,0.0,0.0,0,0,0.0,4073.44,1,1,1.0,6802.41,2,1,0.5,6802.41,2,1,0.5,0
LGS2ORD0014241,C016518,2025-04-23 19:00:00,Female,30,Bronze,TV,Phuket,1083,TV_Show,COD,19,4,2,0,20-30,36.1,5.0,1.0,0.2,87,0,3702.2980000000002,0.08,0.2,0.0,0.0,3161.1000000000004,2,0,0.0,15001.069999999998,3,0,0.0,17319.31,4,0,0.0,18511.49,5,1,0.2,1
LGS2ORD0014242,C012666,2025-04-23 19:00:00,Female,44,Bronze,TV,Chonburi,1279,Web,Credit_Card,19,4,2,0,40-50,42.63333333333333,1.0,0.0,0.0,-1,28,12020.32,0.03,1.0,0.0,0.0,0.0,0,0,0.0,12020.32,1,0,0.0,12020.32,1,0,0.0,12020.32,1,0,0.0,0
LGS2ORD0014243,C017190,2025-04-23 19:00:00,Male,50,Bronze,TV,Nakhon Ratchasima,393,CallCenter,COD,19,4,2,0,40-50,13.1,1.0,1.0,1.0,61,69,3701.74,0.18,1.0,0.0,0.0,0.0,0,0,0.0,0.0,0,0,0.0,3701.74,1,1,1.0,3701.74,1,1,1.0,1
LGS2ORD0014244,C013222,2025-04-23 19:00:00,Male,59,Bronze,Web,Chonburi,1318,Shopee,PromptPay,19,4,2,0,>50,43.93333333333333,2.0,1.0,0.5,92,100,6374.344999999999,0.08,0.0,0.0,0.0,0.0,0,0,0.0,0.0,0,0,0.0,0.0,0,0,0.0,12748.689999999999,2,1,0.5,0
LGS2ORD0014245,C011464,2025-04-23 19:00:00,Female,38,Gold,Lazada,Bangkok,349,CallCenter,COD,19,4,2,0,30-40,11.633333333333333,2.0,0.0,0.0,-1,24,3988.365,0.28,0.5,1.0,0.0,0.0,0,0,0.0,5593.32,1,0,0.0,7976.73,2,0,0.0,7976.73,2,0,0.0,0
LGS2ORD0014246,C014115,2025-04-23 19:00:00,Male,39,Bronze,Web,Remote_Area,668,Web,Credit_Card,19,4,2,0,30-40,22.266666666666666,0.0,0.0,0.0,-1,-1,0.0,0.0,0.0,0.0,0.0,0.0,0,0,0.0,0.0,0,0,0.0,0.0,0,0,0.0,0.0,0,0,0.0,0
LGS2ORD0014247,C016432,2025-04-23 20:00:00,Male,60,Bronze,Shopee,Phuket,1499,TV_Show,COD,20,4,2,0,>50,49.96666666666667,2.0,0.0,0.0,-1,9,1927.275,0.08,0.5,0.0,0.0,0.0,0,0,0.0,295.02,1,0,0.0,3854.55,2,0,0.0,3854.55,2,0,0.0,0
LGS2ORD0014248,C015381,2025-04-23 20:00:00,Male,31,Bronze,TV,Nakhon Ratchasima,1383,Web,COD,20,4,2,0,30-40,46.1,2.0,0.0,0.0,-1,10,1868.5950000000003,0.18,0.0,0.0,0.0,0.0,0,0,0.0,1647.93,1,0,0.0,1647.93,1,0,0.0,3737.1900000000005,2,0,0.0,0
LGS2ORD0014249,C017230,2025-04-23 20:00:00,Male,25,Silver,CallCenter,Bangkok,944,Lazada,Credit_Card,20,4,2,0,20-30,31.466666666666665,1.0,0.0,0.0,-1,60,8659.27,0.1,1.0,0.0,0.0,0.0,0,0,0.0,0.0,0,0,0.0,8659.27,1,0,0.0,8659.27,1,0,0.0,0
LGS2ORD0014250,C010832,2025-04-23 20:00:00,Female,37,Gold,TV,Songkhla,408,CallCenter,COD,20,4,2,0,30-40,13.6,2.0,0.0,0.0,-1,37,4425.905000000001,0.2299999999999999,0.5,0.5,0.0,0.0,0,0,0.0,0.0,0,0,0.0,5795.8,1,0,0.0,8851.810000000001,2,0,0.0,0
LGS2ORD0014251,C014554,2025-04-23 20:00:00,Female,50,Silver,TV,Chonburi,1109,TV_Show,Credit_Card,20,4,2,0,40-50,36.96666666666667,3.0,1.0,0.3333333333333333,71,16,4105.93,0.15,0.3333333333333333,0.0,0.0,0.0,0,0,0.0,1973.75,1,0,0.0,12317.79,3,1,0.3333333333333333,12317.79,3,1,0.3333333333333333,0
LGS2ORD0014252,C014241,2025-04-23 21:00:00,Male,52,Silver,Lazada,Bangkok,572,Shopee,COD,21,4,2,0,>50,19.066666666666666,1.0,0.0,0.0,-1,108,552.73,0.15,1.0,0.0,0.0,0.0,0,0,0.0,0.0,0,0,0.0,0.0,0,0,0.0,552.73,1,0,0.0,0
LGS2ORD0014253,C016277,2025-04-23 21:00:00,Male,61,Bronze,Shopee,Remote_Area,788,Shopee,COD,21,4,2,0,>50,26.266666666666666,5.0,2.0,0.4,1,10,2937.876,0.28,0.8,0.4,0.0,0.0,0,0,0.0,4806.65,1,1,1.0,11605.81,4,2,0.5,14689.380000000001,5,2,0.4,0
LGS2ORD0014254,C013392,2025-04-23 21:00:00,Male,51,Silver,Web,Phuket,1451,TV_Show,COD,21,4,2,0,>50,48.36666666666667,2.0,0.0,0.0,-1,20,814.6,0.15,0.5,0.0,0.0,0.0,0,0,0.0,587.19,1,0,0.0,587.19,1,0,0.0,1629.2,2,0,0.0,0
LGS2ORD0014255,C012199,2025-04-23 21:00:00,Female,56,Silver,TV,Phuket,1444,CallCenter,COD,21,4,2,0,>50,48.13333333333333,2.0,1.0,0.5,33,15,4029.2999999999997,0.2,0.5,0.0,0.0,0.0,0,0,0.0,7052.65,1,0,0.0,8058.599999999999,2,1,0.5,8058.599999999999,2,1,0.5,0
LGS2ORD0014256,C013685,2025-04-23 21:00:00,Male,42,Bronze,Shopee,Khon Kaen,1086,Lazada,PromptPay,21,4,2,0,40-50,36.2,5.0,0.0,0.0,-1,18,7988.312000000001,0.28,0.6,0.2,0.0,0.0,0,0,0.0,2435.15,1,0,0.0,30477.350000000002,4,0,0.0,39941.560000000005,5,0,0.0,0
LGS2ORD0014257,C015251,2025-04-23 22:00:00,Male,25,Platinum,CallCenter,Bangkok,1569,TV_Show,COD,22,4,2,0,20-30,52.3,4.0,1.0,0.25,43,15,2157.17,0.35,1.0,0.5,0.0,0.0,0,0,0.0,1091.93,1,0,0.0,8628.68,4,1,0.25,8628.68,4,1,0.25,0
LGS2ORD0014258,C012349,2025-04-23 22:00:00,Male,48,Gold,TV,Nakhon Ratchasima,528,Web,PromptPay,22,4,2,0,40-50,17.6,0.0,0.0,0.0,-1,-1,0.0,0.0,0.0,0.0,0.0,0.0,0,0,0.0,0.0,0,0,0.0,0.0,0,0,0.0,0.0,0,0,0.0,0
LGS2ORD0014259,C010089,2025-04-23 22:00:00,Female,61,Silver,CallCenter,Bangkok,1177,Lazada,COD,22,4,2,0,>50,39.233333333333334,2.0,0.0,0.0,-1,52,2412.56,0.15,0.5,0.0,0.0,0.0,0,0,0.0,0.0,0,0,0.0,3525.56,1,0,0.0,4825.12,2,0,0.0,1
LGS2ORD0014260,C013738,2025-04-23 22:00:00,Female,49,Silver,Lazada,Phuket,1408,Shopee,COD,22,4,2,0,40-50,46.93333333333333,1.0,0.0,0.0,-1,54,638.68,0.25,1.0,1.0,0.0,0.0,0,0,0.0,0.0,0,0,0.0,638.68,1,0,0.0,638.68,1,0,0.0,0
LGS2ORD0014261,C017802,2025-04-23 22:00:00,Female,42,Bronze,TV,Remote_Area,1531,Web,COD,22,4,2,0,40-50,51.03333333333333,4.0,1.0,0.25,33,44,5299.397500000001,0.23,0.75,0.25,0.0,0.0,0,0,0.0,0.0,0,0,0.0,12121.97,3,1,0.3333333333333333,21197.590000000004,4,1,0.25,0
LGS2ORD0014262,C015200,2025-04-23 22:00:00,Male,31,Platinum,Lazada,Bangkok,447,TV_Show,Credit_Card,22,4,2,0,30-40,14.9,4.0,0.0,0.0,-1,18,1453.3025000000002,0.15,0.0,0.0,0.0,0.0,0,0,0.0,3628.22,3,0,0.0,5813.210000000001,4,0,0.0,5813.210000000001,4,0,0.0,0
LGS2ORD0014263,C010784,2025-04-23 23:00:00,Female,51,Silver,Lazada,Khon Kaen,1211,Lazada,Credit_Card,23,4,2,0,>50,40.36666666666667,3.0,2.0,0.6666666666666666,52,23,2130.2099999999996,0.25,0.6666666666666666,0.3333333333333333,0.0,0.0,0,0,0.0,5220.57,1,0,0.0,6390.629999999999,3,2,0.6666666666666666,6390.629999999999,3,2,0.6666666666666666,0
LGS2ORD0014264,C013255,2025-04-23 23:00:00,Male,45,Silver,Web,Remote_Area,1083,CallCenter,Credit_Card,23,4,2,0,40-50,36.1,2.0,0.0,0.0,-1,17,1720.335,0.25,0.5,0.5,0.0,0.0,0,0,0.0,1757.99,1,0,0.0,3440.67,2,0,0.0,3440.67,2,0,0.0,0
LGS2ORD0014265,C011804,2025-04-23 23:00:00,Male,45,Bronze,TV,Khon Kaen,709,Shopee,COD,23,4,2,0,40-50,23.633333333333333,1.0,0.0,0.0,-1,45,1560.02,0.18,1.0,0.0,0.0,0.0,0,0,0.0,0.0,0,0,0.0,1560.02,1,0,0.0,1560.02,1,0,0.0,0
LGS2ORD0014266,C016916,2025-04-23 23:00:00,Female,56,Silver,TV,Remote_Area,568,Web,COD,23,4,2,0,>50,18.933333333333334,4.0,2.0,0.5,-5,3,6810.035,0.25,0.75,0.25,0.0,1128.09,1,1,1.0,1128.09,1,1,1.0,27240.14,4,2,0.5,27240.14,4,2,0.5,1
LGS2ORD0014267,C014667,2025-04-23 23:00:00,Female,58,Silver,Shopee,Songkhla,642,Web,COD,23,4,2,0,>50,21.4,4.0,3.0,0.75,3,8,1707.3600000000001,0.3,1.0,0.25,0.0,0.0,0,0,0.0,1691.43,1,1,1.0,6829.4400000000005,4,3,0.75,6829.4400000000005,4,3,0.75,1
LGS2ORD0014268,C011643,2025-04-24 00:00:00,Female,39,Platinum,Shopee,Bangkok,704,TV_Show,Credit_Card,0,4,3,0,30-40,23.466666666666665,2.0,0.0,0.0,-1,27,3716.455,0.25,0.0,0.5,0.0,0.0,0,0,0.0,7432.91,2,0,0.0,7432.91,2,0,0.0,7432.91,2,0,0.0,0
LGS2ORD0014269,C010701,2025-04-24 00:00:00,Male,44,Silver,TV,Bangkok,742,Lazada,COD,0,4,3,0,40-50,24.733333333333334,3.0,1.0,0.3333333333333333,26,21,2644.7433333333333,0.1,0.6666666666666666,0.0,0.0,0.0,0,0,0.0,4474.66,1,0,0.0,7934.23,3,1,0.3333333333333333,7934.23,3,1,0.3333333333333333,0
LGS2ORD0014270,C017023,2025-04-24 00:00:00,Male,35,Silver,Lazada,Bangkok,1122,Lazada,Credit_Card,0,4,3,0,30-40,37.4,0.0,0.0,0.0,-1,-1,0.0,0.0,0.0,0.0,0.0,0.0,0,0,0.0,0.0,0,0,0.0,0.0,0,0,0.0,0.0,0,0,0.0,0
LGS2ORD0014271,C014614,2025-04-24 00:00:00,Female,58,Silver,Shopee,Remote_Area,208,Shopee,COD,0,4,3,0,>50,6.933333333333334,2.0,0.0,0.0,-1,54,1396.1999999999998,0.2,1.0,0.0,0.0,0.0,0,0,0.0,0.0,0,0,0.0,1101.32,1,0,0.0,2792.3999999999996,2,0,0.0,0
LGS2ORD0014272,C016736,2025-04-24 00:00:00,Female,62,Silver,TV,Chonburi,1523,Shopee,PromptPay,0,4,3,0,>50,50.766666666666666,1.0,1.0,1.0,40,51,8266.02,0.25,0.0,1.0,0.0,0.0,0,0,0.0,0.0,0,0,0.0,8266.02,1,1,1.0,8266.02,1,1,1.0,0
LGS2ORD0014273,C011564,2025-04-24 01:00:00,Male,45,Silver,Lazada,Chonburi,151,Web,COD,1,4,3,0,40-50,5.033333333333333,3.0,0.0,0.0,-1,7,4340.32,0.25,0.3333333333333333,0.3333333333333333,0.0,0.0,0,0,0.0,1779.83,1,0,0.0,13020.96,3,0,0.0,13020.96,3,0,0.0,0
LGS2ORD0014274,C016294,2025-04-24 01:00:00,Male,32,Silver,CallCenter,Bangkok,569,Shopee,Credit_Card,1,4,3,0,30-40,18.966666666666665,1.0,0.0,0.0,-1,24,1778.55,0.3,1.0,1.0,0.0,0.0,0,0,0.0,1778.55,1,0,0.0,1778.55,1,0,0.0,1778.55,1,0,0.0,0
LGS2ORD0014275,C010523,2025-04-24 01:00:00,Female,25,Silver,Web,Phuket,1128,Lazada,Credit_Card,1,4,3,0,20-30,37.6,2.0,0.0,0.0,-1,27,2860.605,0.25,0.0,0.5,0.0,0.0,0,0,0.0,2332.84,1,0,0.0,5721.21,2,0,0.0,5721.21,2,0,0.0,0
LGS2ORD0014276,C015491,2025-04-24 01:00:00,Male,38,Bronze,CallCenter,Chiang Mai,1444,TV_Show,PromptPay,1,4,3,0,30-40,48.13333333333333,4.0,1.0,0.25,93,35,3247.3224999999998,0.18,0.5,0.0,0.0,0.0,0,0,0.0,0.0,0,0,0.0,9150.679999999998,3,0,0.0,12989.289999999999,4,1,0.25,0
LGS2ORD0014277,C014580,2025-04-24 01:00:00,Male,63,Gold,Lazada,Bangkok,546,Lazada,COD,1,4,3,0,>50,18.2,3.0,0.0,0.0,-1,63,4101.78,0.33,0.6666666666666666,0.3333333333333333,0.0,0.0,0,0,0.0,0.0,0,0,0.0,12305.34,3,0,0.0,12305.34,3,0,0.0,0
LGS2ORD0014278,C016479,2025-04-24 02:00:00,Female,46,Gold,TV,Bangkok,837,Lazada,COD,2,4,3,0,40-50,27.9,1.0,1.0,1.0,47,59,19288.7,0.08,1.0,0.0,0.0,0.0,0,0,0.0,0.0,0,0,0.0,19288.7,1,1,1.0,19288.7,1,1,1.0,0
LGS2ORD0014279,C013885,2025-04-24 02:00:00,Male,53,Platinum,Lazada,Bangkok,1109,Lazada,PromptPay,2,4,3,0,>50,36.96666666666667,1.0,0.0,0.0,-1,11,4900.42,0.1,1.0,0.0,0.0,0.0,0,0,0.0,4900.42,1,0,0.0,4900.42,1,0,0.0,4900.42,1,0,0.0,0
LGS2ORD0014280,C016289,2025-04-24 02:00:00,Male,56,Silver,TV,Bangkok,1160,Shopee,COD,2,4,3,0,>50,38.666666666666664,2.0,0.0,0.0,-1,9,3234.28,0.2,0.0,0.0,0.0,0.0,0,0,0.0,2047.8,1,0,0.0,2047.8,1,0,0.0,6468.56,2,0,0.0,1
LGS2ORD0014281,C015113,2025-04-24 02:00:00,Male,48,Silver,TV,Chiang Mai,1125,Lazada,COD,2,4,3,0,40-50,37.5,3.0,2.0,0.6666666666666666,65,18,1680.6833333333334,0.2,0.3333333333333333,0.0,0.0,0.0,0,0,0.0,1990.7,1,0,0.0,4197.93,2,1,0.5,5042.05,3,2,0.6666666666666666,0
LGS2ORD0014282,C014266,2025-04-24 02:00:00,Male,34,Silver,CallCenter,Bangkok,164,Shopee,COD,2,4,3,0,30-40,5.466666666666667,2.0,0.0,0.0,-1,1,4896.18,0.25,0.0,0.5,0.0,5110.74,1,0,0.0,5110.74,1,0,0.0,9792.36,2,0,0.0,9792.36,2,0,0.0,1
LGS2ORD0014283,C013795,2025-04-24 02:00:00,Male,19,Bronze,Shopee,Songkhla,669,Lazada,Bank_Transfer,2,4,3,0,<20,22.3,2.0,0.0,0.0,-1,43,5022.67,0.23,0.5,0.5,0.0,0.0,0,0,0.0,0.0,0,0,0.0,10045.34,2,0,0.0,10045.34,2,0,0.0,0
LGS2ORD0014284,C015102,2025-04-24 03:00:00,Female,38,Gold,TV,Nakhon Ratchasima,1142,TV_Show,COD,3,4,3,0,30-40,38.06666666666667,2.0,0.0,0.0,-1,40,2472.3199999999997,0.13,0.5,0.0,0.0,0.0,0,0,0.0,0.0,0,0,0.0,4026.1,1,0,0.0,4944.639999999999,2,0,0.0,1
LGS2ORD0014285,C017298,2025-04-24 03:00:00,Female,36,Silver,Lazada,Nakhon Ratchasima,824,Shopee,COD,3,4,3,0,30-40,27.466666666666665,2.0,0.0,0.0,-1,6,5108.924999999999,0.1,0.5,0.0,0.0,8453.39,1,0,0.0,10217.849999999999,2,0,0.0,10217.849999999999,2,0,0.0,10217.849999999999,2,0,0.0,1
LGS2ORD0014286,C010660,2025-04-24 03:00:00,Male,20,Bronze,Shopee,Chiang Mai,1465,Web,COD,3,4,3,0,<20,48.833333333333336,4.0,2.0,0.5,15,20,4301.047500000001,0.23,0.0,0.5,0.0,0.0,0,0,0.0,1114.4,1,1,1.0,15528.199999999999,3,2,0.6666666666666666,17204.190000000002,4,2,0.5,0
LGS2ORD0014287,C015694,2025-04-24 03:00:00,Female,23,Bronze,Shopee,Chonburi,195,CallCenter,Credit_Card,3,4,3,0,20-30,6.5,3.0,2.0,0.6666666666666666,24,5,1686.493333333333,0.23,0.3333333333333333,0.3333333333333333,0.0,2405.05,1,0,0.0,4407.14,2,1,0.5,5059.48,3,2,0.6666666666666666,5059.48,3,2,0.6666666666666666,0
LGS2ORD0014288,C015937,2025-04-24 03:00:00,Male,61,Gold,TV,Bangkok,235,Web,COD,3,4,3,0,>50,7.833333333333333,0.0,0.0,0.0,-1,-1,0.0,0.0,0.0,0.0,0.0,0.0,0,0,0.0,0.0,0,0,0.0,0.0,0,0,0.0,0.0,0,0,0.0,0
LGS2ORD0014289,C015558,2025-04-24 04:00:00,Female,43,Gold,TV,Bangkok,181,Shopee,COD,4,4,3,0,40-50,6.033333333333333,3.0,1.0,0.3333333333333333,0,14,1902.8100000000002,0.33,0.3333333333333333,0.6666666666666666,0.0,0.0,0,0,0.0,4414.59,2,1,0.5,5708.43,3,1,0.3333333333333333,5708.43,3,1,0.3333333333333333,0
LGS2ORD0014290,C010576,2025-04-24 04:00:00,Female,25,Bronze,TV,Remote_Area,452,Lazada,PromptPay,4,4,3,0,20-30,15.066666666666666,2.0,1.0,0.5,-5,5,6591.414999999999,0.13,0.5,0.0,0.0,4681.62,1,1,1.0,13182.829999999998,2,1,0.5,13182.829999999998,2,1,0.5,13182.829999999998,2,1,0.5,0
LGS2ORD0014291,C012590,2025-04-24 04:00:00,Female,59,Platinum,Shopee,Chiang Mai,595,Web,Credit_Card,4,4,3,0,>50,19.833333333333332,3.0,1.0,0.3333333333333333,1,12,4178.09,0.25,0.6666666666666666,0.3333333333333333,0.0,0.0,0,0,0.0,2285.19,1,1,1.0,6385.4400000000005,2,1,0.5,12534.27,3,1,0.3333333333333333,1
LGS2ORD0014292,C016586,2025-04-24 04:00:00,Male,47,Bronze,Web,Bangkok,282,CallCenter,Credit_Card,4,4,3,0,40-50,9.4,5.0,1.0,0.2,16,3,6839.134,0.28,0.2,0.4,0.0,8148.2,1,0,0.0,29375.39,2,0,0.0,34195.67,5,1,0.2,34195.67,5,1,0.2,0
LGS2ORD0014293,C010290,2025-04-24 04:00:00,Male,54,Silver,Web,Bangkok,1135,Lazada,COD,4,4,3,0,>50,37.833333333333336,1.0,0.0,0.0,-1,80,7533.82,0.1,0.0,0.0,0.0,0.0,0,0,0.0,0.0,0,0,0.0,7533.82,1,0,0.0,7533.82,1,0,0.0,0
LGS2ORD0014294,C014035,2025-04-24 05:00:00,Female,62,Platinum,Web,Chonburi,841,Shopee,COD,5,4,3,0,>50,28.033333333333335,1.0,0.0,0.0,-1,66,6968.73,0.3,0.0,1.0,0.0,0.0,0,0,0.0,0.0,0,0,0.0,6968.73,1,0,0.0,6968.73,1,0,0.0,0
LGS2ORD0014295,C012649,2025-04-24 05:00:00,Male,44,Bronze,Lazada,Bangkok,1333,Lazada,COD,5,4,3,0,40-50,44.43333333333333,5.0,1.0,0.2,67,3,7624.482000000001,0.28,0.4,0.8,0.0,7166.01,1,0,0.0,20004.050000000003,2,0,0.0,38122.41,5,1,0.2,38122.41,5,1,0.2,0
LGS2ORD0014296,C012058,2025-04-24 05:00:00,Female,28,Silver,Shopee,Nakhon Ratchasima,1323,Web,Bank_Transfer,5,4,3,0,20-30,44.1,0.0,0.0,0.0,-1,-1,0.0,0.0,0.0,0.0,0.0,0.0,0,0,0.0,0.0,0,0,0.0,0.0,0,0,0.0,0.0,0,0,0.0,0
LGS2ORD0014297,C011614,2025-04-24 05:00:00,Female,50,Bronze,Shopee,Bangkok,389,CallCenter,PromptPay,5,4,3,0,40-50,12.966666666666667,1.0,0.0,0.0,-1,75,24323.24,0.23,0.0,1.0,0.0,0.0,0,0,0.0,0.0,0,0,0.0,24323.24,1,0,0.0,24323.24,1,0,0.0,1
LGS2ORD0014298,C013966,2025-04-24 05:00:00,Male,25,Bronze,Shopee,Chiang Mai,301,Lazada,Bank_Transfer,5,4,3,0,20-30,10.033333333333333,3.0,1.0,0.3333333333333333,34,5,6771.276666666666,0.28,0.3333333333333333,0.3333333333333333,0.0,2972.41,1,0,0.0,14788.83,2,0,0.0,20313.829999999998,3,1,0.3333333333333333,20313.829999999998,3,1,0.3333333333333333,0
LGS2ORD0014299,C015206,2025-04-24 06:00:00,Female,60,Bronze,Lazada,Chiang Mai,645,TV_Show,COD,6,4,3,0,>50,21.5,2.0,0.0,0.0,-1,39,5047.295,0.03,0.5,0.0,0.0,0.0,0,0,0.0,0.0,0,0,0.0,10094.59,2,0,0.0,10094.59,2,0,0.0,1
LGS2ORD0014300,C011914,2025-04-24 06:00:00,Female,56,Gold,CallCenter,Chiang Mai,455,Lazada,Bank_Transfer,6,4,3,0,>50,15.166666666666666,3.0,1.0,0.3333333333333333,23,5,4042.4166666666665,0.28,1.0,0.3333333333333333,0.0,6695.59,1,0,0.0,9846.58,2,1,0.5,12127.25,3,1,0.3333333333333333,12127.25,3,1,0.3333333333333333,0
LGS2ORD0014301,C016458,2025-04-24 06:00:00,Male,48,Bronze,Shopee,Chonburi,1475,Web,Bank_Transfer,6,4,3,0,40-50,49.166666666666664,1.0,1.0,1.0,6,15,7377.85,0.23,1.0,1.0,0.0,0.0,0,0,0.0,7377.85,1,1,1.0,7377.85,1,1,1.0,7377.85,1,1,1.0,0
LGS2ORD0014302,C017168,2025-04-24 06:00:00,Male,53,Gold,Web,Bangkok,313,Shopee,COD,6,4,3,0,>50,10.433333333333334,2.0,0.0,0.0,-1,14,5141.01,0.33,0.0,1.0,0.0,0.0,0,0,0.0,2769.01,1,0,0.0,2769.01,1,0,0.0,10282.02,2,0,0.0,1
LGS2ORD0014303,C017369,2025-04-24 06:00:00,Female,51,Silver,Web,Bangkok,1503,CallCenter,COD,6,4,3,0,>50,50.1,0.0,0.0,0.0,-1,-1,0.0,0.0,0.0,0.0,0.0,0.0,0,0,0.0,0.0,0,0,0.0,0.0,0,0,0.0,0.0,0,0,0.0,1
LGS2ORD0014304,C011305,2025-04-24 06:00:00,Female,40,Silver,Web,Bangkok,129,Shopee,COD,6,4,3,0,30-40,4.3,4.0,0.0,0.0,-1,13,4984.42,0.25,0.75,0.5,0.0,0.0,0,0,0.0,4912.45,1,0,0.0,8751.79,3,0,0.0,19937.68,4,0,0.0,0
LGS2ORD0014305,C013462,2025-04-24 07:00:00,Female,57,Bronze,CallCenter,Chonburi,615,TV_Show,COD,7,4,3,0,>50,20.5,3.0,1.0,0.3333333333333333,55,4,2840.816666666667,0.18,0.0,0.0,0.0,3867.45,1,0,0.0,3867.45,1,0,0.0,6452.129999999999,2,1,0.5,8522.45,3,1,0.3333333333333333,0
LGS2ORD0014306,C014004,2025-04-24 07:00:00,Male,53,Silver,CallCenter,Bangkok,920,TV_Show,PromptPay,7,4,3,0,>50,30.666666666666668,1.0,0.0,0.0,-1,46,1041.02,0.05,1.0,0.0,0.0,0.0,0,0,0.0,0.0,0,0,0.0,1041.02,1,0,0.0,1041.02,1,0,0.0,1
LGS2ORD0014307,C016070,2025-04-24 07:00:00,Male,43,Bronze,Shopee,Bangkok,1357,TV_Show,Credit_Card,7,4,3,0,40-50,45.233333333333334,5.0,1.0,0.2,2,11,8573.176,0.23,0.6,0.2,0.0,0.0,0,0,0.0,2786.27,1,1,1.0,12877.69,3,1,0.3333333333333333,42865.88,5,1,0.2,0
LGS2ORD0014308,C014191,2025-04-24 07:00:00,Male,29,Bronze,TV,Nakhon Ratchasima,1257,Shopee,COD,7,4,3,0,20-30,41.9,1.0,0.0,0.0,-1,56,13654.81,0.18,1.0,0.0,0.0,0.0,0,0,0.0,0.0,0,0,0.0,13654.81,1,0,0.0,13654.81,1,0,0.0,0
LGS2ORD0014309,C013408,2025-04-24 07:00:00,Male,58,Bronze,TV,Songkhla,1322,Shopee,Credit_Card,7,4,3,0,>50,44.06666666666667,3.0,1.0,0.3333333333333333,49,61,2486.233333333333,0.18,0.3333333333333333,0.0,0.0,0.0,0,0,0.0,0.0,0,0,0.0,5812.91,2,1,0.5,7458.7,3,1,0.3333333333333333,0
LGS2ORD0014310,C015297,2025-04-24 08:00:00,Male,26,Silver,Shopee,Nakhon Ratchasima,810,Shopee,Credit_Card,8,4,3,0,20-30,27.0,0.0,0.0,0.0,-1,-1,0.0,0.0,0.0,0.0,0.0,0.0,0,0,0.0,0.0,0,0,0.0,0.0,0,0,0.0,0.0,0,0,0.0,0
LGS2ORD0014311,C017348,2025-04-24 08:00:00,Male,27,Bronze,TV,Phuket,1463,Web,PromptPay,8,4,3,0,20-30,48.766666666666666,2.0,0.0,0.0,-1,105,27309.109999999997,0.08,1.0,0.0,0.0,0.0,0,0,0.0,0.0,0,0,0.0,0.0,0,0,0.0,54618.219999999994,2,0,0.0,0
LGS2ORD0014312,C013882,2025-04-24 08:00:00,Female,40,Silver,Lazada,Bangkok,913,Lazada,Credit_Card,8,4,3,0,30-40,30.433333333333334,1.0,0.0,0.0,-1,74,8063.81,0.25,1.0,1.0,0.0,0.0,0,0,0.0,0.0,0,0,0.0,8063.81,1,0,0.0,8063.81,1,0,0.0,0
LGS2ORD0014313,C017281,2025-04-24 08:00:00,Female,51,Silver,Web,Chonburi,1567,TV_Show,Credit_Card,8,4,3,0,>50,52.233333333333334,0.0,0.0,0.0,-1,-1,0.0,0.0,0.0,0.0,0.0,0.0,0,0,0.0,0.0,0,0,0.0,0.0,0,0,0.0,0.0,0,0,0.0,0
LGS2ORD0014314,C011956,2025-04-24 08:00:00,Female,31,Bronze,Lazada,Phuket,229,Web,COD,8,4,3,0,30-40,7.633333333333334,1.0,0.0,0.0,-1,38,4524.55,0.18,0.0,0.0,0.0,0.0,0,0,0.0,0.0,0,0,0.0,4524.55,1,0,0.0,4524.55,1,0,0.0,1
LGS2ORD0014315,C014738,2025-04-24 09:00:00,Male,55,Bronze,TV,Chonburi,536,Web,COD,9,4,3,0,>50,17.866666666666667,1.0,1.0,1.0,54,61,2326.96,0.03,1.0,0.0,0.0,0.0,0,0,0.0,0.0,0,0,0.0,2326.96,1,1,1.0,2326.96,1,1,1.0,1
LGS2ORD0014316,C010960,2025-04-24 09:00:00,Female,51,Bronze,TV,Chonburi,424,TV_Show,Credit_Card,9,4,3,0,>50,14.133333333333333,1.0,0.0,0.0,-1,51,4174.8,0.03,1.0,0.0,0.0,0.0,0,0,0.0,0.0,0,0,0.0,4174.8,1,0,0.0,4174.8,1,0,0.0,0
LGS2ORD0014317,C011103,2025-04-24 09:00:00,Female,50,Gold,CallCenter,Phuket,1386,Lazada,PromptPay,9,4,3,0,40-50,46.2,4.0,2.0,0.5,58,68,4805.7300000000005,0.33,0.5,0.75,0.0,0.0,0,0,0.0,0.0,0,0,0.0,19222.920000000002,4,2,0.5,19222.920000000002,4,2,0.5,0
LGS2ORD0014318,C013754,2025-04-24 09:00:00,Female,49,Bronze,TV,Chiang Mai,300,CallCenter,Credit_Card,9,4,3,0,40-50,10.0,1.0,1.0,1.0,27,34,448.72,0.18,1.0,0.0,0.0,0.0,0,0,0.0,0.0,0,0,0.0,448.72,1,1,1.0,448.72,1,1,1.0,0
LGS2ORD0014319,C010381,2025-04-24 09:00:00,Female,28,Silver,CallCenter,Chonburi,780,Shopee,COD,9,4,3,0,20-30,26.0,3.0,0.0,0.0,-1,56,6135.09,0.3,0.3333333333333333,0.6666666666666666,0.0,0.0,0,0,0.0,0.0,0,0,0.0,15604.0,1,0,0.0,18405.27,3,0,0.0,1
LGS2ORD0014320,C011229,2025-04-24 10:00:00,Male,42,Silver,Web,Bangkok,1464,Web,COD,10,4,3,0,40-50,48.8,1.0,0.0,0.0,-1,42,1020.91,0.1,0.0,0.0,0.0,0.0,0,0,0.0,0.0,0,0,0.0,1020.91,1,0,0.0,1020.91,1,0,0.0,0
LGS2ORD0014321,C013532,2025-04-24 10:00:00,Male,29,Platinum,TV,Bangkok,995,CallCenter,PromptPay,10,4,3,0,20-30,33.166666666666664,0.0,0.0,0.0,-1,-1,0.0,0.0,0.0,0.0,0.0,0.0,0,0,0.0,0.0,0,0,0.0,0.0,0,0,0.0,0.0,0,0,0.0,0
LGS2ORD0014322,C017186,2025-04-24 10:00:00,Male,48,Gold,Web,Bangkok,716,Web,PromptPay,10,4,3,0,40-50,23.866666666666667,0.0,0.0,0.0,-1,-1,0.0,0.0,0.0,0.0,0.0,0.0,0,0,0.0,0.0,0,0,0.0,0.0,0,0,0.0,0.0,0,0,0.0,0
LGS2ORD0014323,C016147,2025-04-24 10:00:00,Female,61,Bronze,TV,Bangkok,779,TV_Show,COD,10,4,3,0,>50,25.966666666666665,3.0,0.0,0.0,-1,7,13616.039999999999,0.18,0.6666666666666666,0.0,0.0,0.0,0,0,0.0,24579.44,1,0,0.0,40848.119999999995,3,0,0.0,40848.119999999995,3,0,0.0,1
LGS2ORD0014324,C014620,2025-04-24 10:00:00,Female,39,Silver,Shopee,Remote_Area,1114,Web,Credit_Card,10,4,3,0,30-40,37.13333333333333,1.0,1.0,1.0,63,78,6964.75,0.25,1.0,1.0,0.0,0.0,0,0,0.0,0.0,0,0,0.0,6964.75,1,1,1.0,6964.75,1,1,1.0,0
LGS2ORD0014325,C015411,2025-04-24 10:00:00,Female,36,Platinum,Shopee,Nakhon Ratchasima,1010,Web,COD,10,4,3,0,30-40,33.666666666666664,2.0,1.0,0.5,-3,7,6002.4800000000005,0.3,0.5,0.5,0.0,0.0,0,0,0.0,3996.78,1,1,1.0,12004.960000000001,2,1,0.5,12004.960000000001,2,1,0.5,0
LGS2ORD0014326,C012622,2025-04-24 11:00:00,Female,22,Silver,Web,Bangkok,1424,Lazada,COD,11,4,3,0,20-30,47.46666666666667,2.0,0.0,0.0,-1,37,2354.02,0.1,0.0,0.0,0.0,0.0,0,0,0.0,0.0,0,0,0.0,4708.04,2,0,0.0,4708.04,2,0,0.0,0
LGS2ORD0014327,C016776,2025-04-24 11:00:00,Female,20,Gold,Lazada,Nakhon Ratchasima,774,Lazada,Credit_Card,11,4,3,0,<20,25.8,1.0,0.0,0.0,-1,110,7284.55,0.2299999999999999,1.0,1.0,0.0,0.0,0,0,0.0,0.0,0,0,0.0,0.0,0,0,0.0,7284.55,1,0,0.0,1
LGS2ORD0014328,C011415,2025-04-24 11:00:00,Male,40,Platinum,TV,Bangkok,723,TV_Show,PromptPay,11,4,3,0,30-40,24.1,0.0,0.0,0.0,-1,-1,0.0,0.0,0.0,0.0,0.0,0.0,0,0,0.0,0.0,0,0,0.0,0.0,0,0,0.0,0.0,0,0,0.0,0
LGS2ORD0014329,C017237,2025-04-24 11:00:00,Female,59,Silver,Lazada,Bangkok,1047,CallCenter,COD,11,4,3,0,>50,34.9,3.0,1.0,0.3333333333333333,42,49,8193.303333333335,0.2,0.6666666666666666,0.0,0.0,0.0,0,0,0.0,0.0,0,0,0.0,24579.910000000003,3,1,0.3333333333333333,24579.910000000003,3,1,0.3333333333333333,0
LGS2ORD0014330,C012894,2025-04-24 11:00:00,Female,53,Bronze,Web,Khon Kaen,463,CallCenter,PromptPay,11,4,3,0,>50,15.433333333333334,3.0,3.0,1.0,25,41,3623.0066666666667,0.28,0.3333333333333333,0.6666666666666666,0.0,0.0,0,0,0.0,0.0,0,0,0.0,6281.219999999999,2,2,1.0,10869.02,3,3,1.0,0
LGS2ORD0014331,C013370,2025-04-24 12:00:00,Female,54,Silver,Shopee,Bangkok,1015,Web,COD,12,4,3,0,>50,33.833333333333336,3.0,1.0,0.3333333333333333,73,22,2208.5333333333333,0.25,0.6666666666666666,0.3333333333333333,0.0,0.0,0,0,0.0,4810.1,1,0,0.0,5270.490000000001,2,1,0.5,6625.6,3,1,0.3333333333333333,0
LGS2ORD0014332,C015071,2025-04-24 12:00:00,Female,59,Bronze,Shopee,Chonburi,1462,Shopee,COD,12,4,3,0,>50,48.733333333333334,3.0,0.0,0.0,-1,3,2244.4933333333333,0.23,0.3333333333333333,0.6666666666666666,0.0,5253.21,1,0,0.0,6733.48,3,0,0.0,6733.48,3,0,0.0,6733.48,3,0,0.0,1
LGS2ORD0014333,C016771,2025-04-24 12:00:00,Male,49,Bronze,Lazada,Chonburi,1119,TV_Show,Bank_Transfer,12,4,3,0,40-50,37.3,3.0,1.0,0.3333333333333333,69,78,3348.8799999999997,0.23,0.6666666666666666,0.3333333333333333,0.0,0.0,0,0,0.0,0.0,0,0,0.0,2981.49,2,1,0.5,10046.64,3,1,0.3333333333333333,0
LGS2ORD0014334,C012044,2025-04-24 12:00:00,Female,66,Bronze,Shopee,Chonburi,1343,TV_Show,COD,12,4,3,0,>50,44.766666666666666,0.0,0.0,0.0,-1,-1,0.0,0.0,0.0,0.0,0.0,0.0,0,0,0.0,0.0,0,0,0.0,0.0,0,0,0.0,0.0,0,0,0.0,0
LGS2ORD0014335,C010811,2025-04-24 12:00:00,Male,44,Bronze,TV,Chonburi,896,Lazada,PromptPay,12,4,3,0,40-50,29.866666666666667,1.0,1.0,1.0,12,15,1538.94,0.28,1.0,1.0,0.0,0.0,0,0,0.0,1538.94,1,1,1.0,1538.94,1,1,1.0,1538.94,1,1,1.0,0
LGS2ORD0014336,C013322,2025-04-24 13:00:00,Male,52,Bronze,TV,Chiang Mai,1010,Lazada,COD,13,4,3,0,>50,33.666666666666664,1.0,0.0,0.0,-1,65,4483.3,0.13,1.0,0.0,0.0,0.0,0,0,0.0,0.0,0,0,0.0,4483.3,1,0,0.0,4483.3,1,0,0.0,0
LGS2ORD0014337,C014410,2025-04-24 13:00:00,Male,45,Gold,CallCenter,Nakhon Ratchasima,876,Shopee,COD,13,4,3,0,40-50,29.2,1.0,0.0,0.0,-1,68,8096.72,0.08,1.0,0.0,0.0,0.0,0,0,0.0,0.0,0,0,0.0,8096.72,1,0,0.0,8096.72,1,0,0.0,0
LGS2ORD0014338,C011096,2025-04-24 13:00:00,Female,45,Bronze,TV,Chiang Mai,160,Web,Credit_Card,13,4,3,0,40-50,5.333333333333333,0.0,0.0,0.0,-1,-1,0.0,0.0,0.0,0.0,0.0,0.0,0,0,0.0,0.0,0,0,0.0,0.0,0,0,0.0,0.0,0,0,0.0,0
LGS2ORD0014339,C012487,2025-04-24 13:00:00,Female,41,Silver,Web,Chonburi,331,Shopee,COD,13,4,3,0,40-50,11.033333333333333,3.0,0.0,0.0,-1,36,788.2866666666667,0.2,0.3333333333333333,0.0,0.0,0.0,0,0,0.0,0.0,0,0,0.0,1496.02,2,0,0.0,2364.86,3,0,0.0,0
LGS2ORD0014340,C012435,2025-04-24 13:00:00,Female,36,Bronze,Web,Chonburi,268,CallCenter,COD,13,4,3,0,30-40,8.933333333333334,0.0,0.0,0.0,-1,-1,0.0,0.0,0.0,0.0,0.0,0.0,0,0,0.0,0.0,0,0,0.0,0.0,0,0,0.0,0.0,0,0,0.0,1
LGS2ORD0014341,C014381,2025-04-24 14:00:00,Male,65,Silver,TV,Bangkok,1060,TV_Show,Credit_Card,14,4,3,0,>50,35.333333333333336,0.0,0.0,0.0,-1,-1,0.0,0.0,0.0,0.0,0.0,0.0,0,0,0.0,0.0,0,0,0.0,0.0,0,0,0.0,0.0,0,0,0.0,0
LGS2ORD0014342,C014656,2025-04-24 14:00:00,Male,39,Silver,Shopee,Bangkok,230,Shopee,COD,14,4,3,0,30-40,7.666666666666667,0.0,0.0,0.0,-1,-1,0.0,0.0,0.0,0.0,0.0,0.0,0,0,0.0,0.0,0,0,0.0,0.0,0,0,0.0,0.0,0,0,0.0,1
LGS2ORD0014343,C014905,2025-04-24 14:00:00,Male,42,Bronze,TV,Remote_Area,1263,Shopee,Credit_Card,14,4,3,0,40-50,42.1,2.0,2.0,1.0,63,76,2544.995,0.28,1.0,0.5,0.0,0.0,0,0,0.0,0.0,0,0,0.0,1423.83,1,1,1.0,5089.99,2,2,1.0,0
LGS2ORD0014344,C015756,2025-04-24 14:00:00,Female,42,Bronze,Shopee,Phuket,315,CallCenter,PromptPay,14,4,3,0,40-50,10.5,2.0,2.0,1.0,-3,7,9807.029999999999,0.23,1.0,0.5,0.0,0.0,0,0,0.0,5292.33,1,1,1.0,19614.059999999998,2,2,1.0,19614.059999999998,2,2,1.0,0
LGS2ORD0014345,C011902,2025-04-24 14:00:00,Female,51,Gold,TV,Bangkok,1561,TV_Show,Bank_Transfer,14,4,3,0,>50,52.03333333333333,2.0,0.0,0.0,-1,64,6515.469999999999,0.33,0.5,0.5,0.0,0.0,0,0,0.0,0.0,0,0,0.0,13030.939999999999,2,0,0.0,13030.939999999999,2,0,0.0,0
LGS2ORD0014346,C013938,2025-04-24 14:00:00,Male,43,Bronze,TV,Remote_Area,1221,Web,COD,14,4,3,0,40-50,40.7,1.0,1.0,1.0,101,111,843.13,0.28,1.0,1.0,0.0,0.0,0,0,0.0,0.0,0,0,0.0,0.0,0,0,0.0,843.13,1,1,1.0,1
LGS2ORD0014347,C011575,2025-04-24 15:00:00,Female,36,Bronze,TV,Chiang Mai,1225,CallCenter,Bank_Transfer,15,4,3,0,30-40,40.833333333333336,3.0,2.0,0.6666666666666666,12,22,2146.8366666666666,0.23,0.6666666666666666,0.6666666666666666,0.0,0.0,0,0,0.0,1730.01,1,1,1.0,6440.51,3,2,0.6666666666666666,6440.51,3,2,0.6666666666666666,0
LGS2ORD0014348,C010440,2025-04-24 15:00:00,Male,36,Gold,Shopee,Chiang Mai,706,Lazada,COD,15,4,3,0,30-40,23.533333333333335,3.0,0.0,0.0,-1,41,3757.2233333333334,0.28,0.3333333333333333,0.3333333333333333,0.0,0.0,0,0,0.0,0.0,0,0,0.0,11271.67,3,0,0.0,11271.67,3,0,0.0,0
LGS2ORD0014349,C010364,2025-04-24 15:00:00,Male,41,Silver,TV,Chonburi,886,Shopee,COD,15,4,3,0,40-50,29.533333333333335,1.0,0.0,0.0,-1,18,12126.86,0.05,1.0,0.0,0.0,0.0,0,0,0.0,12126.86,1,0,0.0,12126.86,1,0,0.0,12126.86,1,0,0.0,0
LGS2ORD0014350,C011041,2025-04-24 15:00:00,Female,46,Bronze,CallCenter,Bangkok,907,Web,COD,15,4,3,0,40-50,30.233333333333334,3.0,0.0,0.0,-1,31,5876.8966666666665,0.28,1.0,0.3333333333333333,0.0,0.0,0,0,0.0,0.0,0,0,0.0,3153.87,1,0,0.0,17630.69,3,0,0.0,0
LGS2ORD0014351,C014749,2025-04-24 15:00:00,Female,55,Silver,Shopee,Bangkok,153,Shopee,Credit_Card,15,4,3,0,>50,5.1,0.0,0.0,0.0,-1,-1,0.0,0.0,0.0,0.0,0.0,0.0,0,0,0.0,0.0,0,0,0.0,0.0,0,0,0.0,0.0,0,0,0.0,0
LGS2ORD0014352,C011561,2025-04-24 16:00:00,Female,47,Bronze,Web,Songkhla,1038,Lazada,COD,16,4,3,0,40-50,34.6,0.0,0.0,0.0,-1,-1,0.0,0.0,0.0,0.0,0.0,0.0,0,0,0.0,0.0,0,0,0.0,0.0,0,0,0.0,0.0,0,0,0.0,1
LGS2ORD0014353,C010814,2025-04-24 16:00:00,Female,44,Bronze,TV,Chiang Mai,872,Web,COD,16,4,3,0,40-50,29.066666666666666,1.0,0.0,0.0,-1,1,1477.89,0.18,0.0,0.0,0.0,1477.89,1,0,0.0,1477.89,1,0,0.0,1477.89,1,0,0.0,1477.89,1,0,0.0,0
LGS2ORD0014354,C014660,2025-04-24 16:00:00,Female,41,Bronze,Shopee,Khon Kaen,995,TV_Show,Credit_Card,16,4,3,0,40-50,33.166666666666664,2.0,0.0,0.0,-1,25,2676.395,0.18,0.5,0.0,0.0,0.0,0,0,0.0,3878.46,1,0,0.0,5352.79,2,0,0.0,5352.79,2,0,0.0,0
LGS2ORD0014355,C011548,2025-04-24 16:00:00,Male,63,Silver,Web,Chiang Mai,970,TV_Show,Credit_Card,16,4,3,0,>50,32.333333333333336,1.0,0.0,0.0,-1,28,8486.2,0.15,0.0,0.0,0.0,0.0,0,0,0.0,8486.2,1,0,0.0,8486.2,1,0,0.0,8486.2,1,0,0.0,0
LGS2ORD0014356,C015717,2025-04-24 16:00:00,Male,18,Silver,TV,Nakhon Ratchasima,966,Web,Credit_Card,16,4,3,0,<20,32.2,2.0,1.0,0.5,98,65,2266.565,0.2,1.0,0.0,0.0,0.0,0,0,0.0,0.0,0,0,0.0,4140.66,1,0,0.0,4533.13,2,1,0.5,0
LGS2ORD0014357,C011596,2025-04-24 17:00:00,Female,44,Bronze,Web,Chonburi,1161,Web,Bank_Transfer,17,4,3,0,40-50,38.7,2.0,0.0,0.0,-1,22,1969.695,0.13,0.5,0.0,0.0,0.0,0,0,0.0,2412.93,1,0,0.0,2412.93,1,0,0.0,3939.39,2,0,0.0,1
LGS2ORD0014358,C012880,2025-04-24 17:00:00,Female,63,Platinum,Web,Phuket,1291,Shopee,PromptPay,17,4,3,0,>50,43.03333333333333,3.0,0.0,0.0,-1,59,8280.896666666667,0.35,0.0,0.6666666666666666,0.0,0.0,0,0,0.0,0.0,0,0,0.0,17944.870000000003,2,0,0.0,24842.690000000002,3,0,0.0,1
LGS2ORD0014359,C017881,2025-04-24 17:00:00,Female,48,Platinum,Web,Chiang Mai,1552,Shopee,COD,17,4,3,0,40-50,51.733333333333334,2.0,0.0,0.0,-1,22,15485.205,0.3,0.5,0.5,0.0,0.0,0,0,0.0,1198.6,1,0,0.0,30970.41,2,0,0.0,30970.41,2,0,0.0,0
LGS2ORD0014360,C016242,2025-04-24 17:00:00,Male,36,Silver,Shopee,Bangkok,942,Web,Credit_Card,17,4,3,0,30-40,31.4,3.0,0.0,0.0,-1,47,6316.080000000001,0.25,0.6666666666666666,0.3333333333333333,0.0,0.0,0,0,0.0,0.0,0,0,0.0,1654.15,1,0,0.0,18948.24,3,0,0.0,0
LGS2ORD0014361,C012044,2025-04-24 17:00:00,Female,66,Bronze,Shopee,Chonburi,1343,Lazada,COD,17,4,3,0,>50,44.766666666666666,1.0,0.0,0.0,-1,0,2109.42,0.03,1.0,0.0,0.0,2109.42,1,0,0.0,2109.42,1,0,0.0,2109.42,1,0,0.0,2109.42,1,0,0.0,0
LGS2ORD0014362,C015992,2025-04-24 18:00:00,Male,53,Silver,Lazada,Nakhon Ratchasima,1453,Web,COD,18,4,3,0,>50,48.43333333333333,1.0,0.0,0.0,-1,95,3088.13,0.05,1.0,0.0,0.0,0.0,0,0,0.0,0.0,0,0,0.0,0.0,0,0,0.0,3088.13,1,0,0.0,1
LGS2ORD0014363,C012367,2025-04-24 18:00:00,Male,42,Bronze,TV,Remote_Area,645,Lazada,Credit_Card,18,4,3,0,40-50,21.5,0.0,0.0,0.0,-1,-1,0.0,0.0,0.0,0.0,0.0,0.0,0,0,0.0,0.0,0,0,0.0,0.0,0,0,0.0,0.0,0,0,0.0,1
LGS2ORD0014364,C011969,2025-04-24 18:00:00,Female,32,Bronze,TV,Bangkok,1519,Web,COD,18,4,3,0,30-40,50.63333333333333,5.0,2.0,0.4,6,17,3892.858,0.23,0.4,0.6,0.0,0.0,0,0,0.0,6229.85,1,1,1.0,15843.820000000002,4,1,0.25,19464.29,5,2,0.4,0
LGS2ORD0014365,C011955,2025-04-24 18:00:00,Male,20,Silver,Lazada,Nakhon Ratchasima,1210,Shopee,COD,18,4,3,0,<20,40.333333333333336,0.0,0.0,0.0,-1,-1,0.0,0.0,0.0,0.0,0.0,0.0,0,0,0.0,0.0,0,0,0.0,0.0,0,0,0.0,0.0,0,0,0.0,0
LGS2ORD0014366,C013658,2025-04-24 18:00:00,Male,52,Gold,Web,Remote_Area,1383,TV_Show,PromptPay,18,4,3,0,>50,46.1,1.0,1.0,1.0,75,88,2902.03,0.33,1.0,1.0,0.0,0.0,0,0,0.0,0.0,0,0,0.0,2902.03,1,1,1.0,2902.03,1,1,1.0,0
LGS2ORD0014367,C014718,2025-04-24 18:00:00,Male,18,Gold,Web,Nakhon Ratchasima,1520,Web,COD,18,4,3,0,<20,50.666666666666664,4.0,1.0,0.25,34,10,4835.155,0.28,0.25,0.25,0.0,0.0,0,0,0.0,9200.05,1,0,0.0,18634.12,3,1,0.3333333333333333,19340.62,4,1,0.25,0
LGS2ORD0014368,C012383,2025-04-24 19:00:00,Female,48,Gold,Shopee,Bangkok,1383,TV_Show,PromptPay,19,4,3,0,40-50,46.1,1.0,0.0,0.0,-1,75,8308.53,0.28,1.0,1.0,0.0,0.0,0,0,0.0,0.0,0,0,0.0,8308.53,1,0,0.0,8308.53,1,0,0.0,0
LGS2ORD0014369,C016816,2025-04-24 19:00:00,Male,39,Bronze,Web,Bangkok,465,TV_Show,Credit_Card,19,4,3,0,30-40,15.5,1.0,1.0,1.0,22,39,1690.12,0.23,1.0,1.0,0.0,0.0,0,0,0.0,0.0,0,0,0.0,1690.12,1,1,1.0,1690.12,1,1,1.0,0
LGS2ORD0014370,C015075,2025-04-24 19:00:00,Male,40,Bronze,Shopee,Chonburi,580,Shopee,COD,19,4,3,0,30-40,19.333333333333332,5.0,0.0,0.0,-1,36,7742.19,0.18,0.4,0.0,0.0,0.0,0,0,0.0,0.0,0,0,0.0,38710.95,5,0,0.0,38710.95,5,0,0.0,0
LGS2ORD0014371,C016584,2025-04-24 19:00:00,Male,62,Gold,Web,Bangkok,515,Shopee,Bank_Transfer,19,4,3,0,>50,17.166666666666668,1.0,0.0,0.0,-1,85,7457.49,0.08,0.0,0.0,0.0,0.0,0,0,0.0,0.0,0,0,0.0,7457.49,1,0,0.0,7457.49,1,0,0.0,0
LGS2ORD0014372,C013053,2025-04-24 19:00:00,Female,50,Platinum,TV,Chonburi,1124,Web,COD,19,4,3,0,40-50,37.46666666666667,2.0,0.0,0.0,-1,14,923.9,0.3,0.5,0.5,0.0,0.0,0,0,0.0,860.53,1,0,0.0,860.53,1,0,0.0,1847.8,2,0,0.0,0
LGS2ORD0014373,C010895,2025-04-24 20:00:00,Female,37,Bronze,Lazada,Chonburi,940,Lazada,COD,20,4,3,0,30-40,31.333333333333332,2.0,0.0,0.0,-1,109,4369.845,0.13,0.5,0.0,0.0,0.0,0,0,0.0,0.0,0,0,0.0,0.0,0,0,0.0,8739.69,2,0,0.0,0
LGS2ORD0014374,C017942,2025-04-24 20:00:00,Female,53,Bronze,Shopee,Phuket,647,Shopee,Credit_Card,20,4,3,0,>50,21.566666666666666,4.0,3.0,0.75,-4,3,2297.3075,0.18,0.25,0.0,0.0,1496.44,1,1,1.0,1496.44,1,1,1.0,9189.23,4,3,0.75,9189.23,4,3,0.75,0
LGS2ORD0014375,C015420,2025-04-24 20:00:00,Male,43,Bronze,Shopee,Songkhla,1532,TV_Show,PromptPay,20,4,3,0,40-50,51.06666666666667,1.0,0.0,0.0,-1,81,7347.06,0.13,1.0,0.0,0.0,0.0,0,0,0.0,0.0,0,0,0.0,7347.06,1,0,0.0,7347.06,1,0,0.0,0
LGS2ORD0014376,C015098,2025-04-24 20:00:00,Female,51,Bronze,Shopee,Bangkok,213,Web,COD,20,4,3,0,>50,7.1,3.0,0.0,0.0,-1,25,13342.87,0.18,0.0,0.0,0.0,0.0,0,0,0.0,16406.46,1,0,0.0,34886.34,2,0,0.0,40028.61,3,0,0.0,0
LGS2ORD0014377,C016653,2025-04-24 20:00:00,Female,38,Bronze,CallCenter,Songkhla,220,Shopee,Credit_Card,20,4,3,0,30-40,7.333333333333333,3.0,0.0,0.0,-1,11,10065.746666666668,0.28,0.3333333333333333,0.3333333333333333,0.0,0.0,0,0,0.0,27789.24,2,0,0.0,27789.24,2,0,0.0,30197.24,3,0,0.0,0
LGS2ORD0014378,C013920,2025-04-24 21:00:00,Male,38,Platinum,CallCenter,Bangkok,649,TV_Show,Bank_Transfer,21,4,3,0,30-40,21.633333333333333,1.0,1.0,1.0,45,61,832.19,0.2,0.0,0.0,0.0,0.0,0,0,0.0,0.0,0,0,0.0,832.19,1,1,1.0,832.19,1,1,1.0,0
LGS2ORD0014379,C014979,2025-04-24 21:00:00,Female,59,Bronze,TV,Chiang Mai,1348,Shopee,COD,21,4,3,0,>50,44.93333333333333,2.0,0.0,0.0,-1,11,3142.04,0.28,0.0,0.5,0.0,0.0,0,0,0.0,2482.71,1,0,0.0,6284.08,2,0,0.0,6284.08,2,0,0.0,0
LGS2ORD0014380,C015965,2025-04-24 21:00:00,Female,29,Bronze,Shopee,Chonburi,1346,Web,Credit_Card,21,4,3,0,20-30,44.86666666666667,0.0,0.0,0.0,-1,-1,0.0,0.0,0.0,0.0,0.0,0.0,0,0,0.0,0.0,0,0,0.0,0.0,0,0,0.0,0.0,0,0,0.0,0
LGS2ORD0014381,C011230,2025-04-24 21:00:00,Female,45,Bronze,TV,Chiang Mai,391,CallCenter,COD,21,4,3,0,40-50,13.033333333333333,1.0,0.0,0.0,-1,26,3850.88,0.13,1.0,0.0,0.0,0.0,0,0,0.0,3850.88,1,0,0.0,3850.88,1,0,0.0,3850.88,1,0,0.0,0
LGS2ORD0014382,C015879,2025-04-24 21:00:00,Female,46,Silver,CallCenter,Khon Kaen,424,Web,COD,21,4,3,0,40-50,14.133333333333333,2.0,0.0,0.0,-1,62,3540.68,0.15,1.0,0.0,0.0,0.0,0,0,0.0,0.0,0,0,0.0,7081.36,2,0,0.0,7081.36,2,0,0.0,1
LGS2ORD0014383,C010262,2025-04-24 21:00:00,Female,49,Bronze,TV,Chiang Mai,775,Lazada,PromptPay,21,4,3,0,40-50,25.833333333333332,4.0,1.0,0.25,28,30,3086.1024999999995,0.18,0.75,0.0,0.0,0.0,0,0,0.0,0.0,0,0,0.0,12344.409999999998,4,1,0.25,12344.409999999998,4,1,0.25,0
LGS2ORD0014384,C016918,2025-04-24 22:00:00,Male,51,Gold,Lazada,Nakhon Ratchasima,1314,TV_Show,COD,22,4,3,0,>50,43.8,1.0,0.0,0.0,-1,27,3296.97,0.13,1.0,0.0,0.0,0.0,0,0,0.0,3296.97,1,0,0.0,3296.97,1,0,0.0,3296.97,1,0,0.0,1
LGS2ORD0014385,C013528,2025-04-24 22:00:00,Female,64,Silver,Shopee,Remote_Area,1164,TV_Show,COD,22,4,3,0,>50,38.8,4.0,2.0,0.5,50,10,10253.095000000001,0.2,0.5,0.0,0.0,0.0,0,0,0.0,19592.37,1,0,0.0,40212.06,3,2,0.6666666666666666,41012.380000000005,4,2,0.5,0
LGS2ORD0014386,C010878,2025-04-24 22:00:00,Male,65,Silver,Lazada,Khon Kaen,448,TV_Show,COD,22,4,3,0,>50,14.933333333333334,2.0,0.0,0.0,-1,86,1902.8999999999999,0.2,0.5,0.0,0.0,0.0,0,0,0.0,0.0,0,0,0.0,3275.62,1,0,0.0,3805.7999999999997,2,0,0.0,0
LGS2ORD0014387,C015950,2025-04-24 22:00:00,Female,46,Silver,Web,Bangkok,1458,Web,PromptPay,22,4,3,0,40-50,48.6,0.0,0.0,0.0,-1,-1,0.0,0.0,0.0,0.0,0.0,0.0,0,0,0.0,0.0,0,0,0.0,0.0,0,0,0.0,0.0,0,0,0.0,0
LGS2ORD0014388,C012414,2025-04-24 22:00:00,Other,60,Bronze,TV,Remote_Area,1201,CallCenter,Bank_Transfer,22,4,3,0,>50,40.03333333333333,1.0,0.0,0.0,-1,96,8136.84,0.03,1.0,0.0,0.0,0.0,0,0,0.0,0.0,0,0,0.0,0.0,0,0,0.0,8136.84,1,0,0.0,0
LGS2ORD0014389,C017706,2025-04-24 23:00:00,Female,45,Bronze,Shopee,Bangkok,1340,TV_Show,Credit_Card,23,4,3,0,40-50,44.666666666666664,1.0,0.0,0.0,-1,100,5343.43,0.03,0.0,0.0,0.0,0.0,0,0,0.0,0.0,0,0,0.0,0.0,0,0,0.0,5343.43,1,0,0.0,0
LGS2ORD0014390,C010649,2025-04-24 23:00:00,Female,46,Platinum,TV,Bangkok,750,CallCenter,COD,23,4,3,0,40-50,25.0,0.0,0.0,0.0,-1,-1,0.0,0.0,0.0,0.0,0.0,0.0,0,0,0.0,0.0,0,0,0.0,0.0,0,0,0.0,0.0,0,0,0.0,1
LGS2ORD0014391,C010858,2025-04-24 23:00:00,Female,61,Platinum,Shopee,Chiang Mai,1543,Lazada,COD,23,4,3,0,>50,51.43333333333333,3.0,1.0,0.3333333333333333,40,49,5164.446666666667,0.35,0.3333333333333333,1.0,0.3333333333333333,0.0,0,0,0.0,0.0,0,0,0.0,8483.23,2,1,0.5,15493.34,3,1,0.3333333333333333,0
LGS2ORD0014392,C012381,2025-04-24 23:00:00,Male,48,Gold,CallCenter,Remote_Area,1506,Lazada,Credit_Card,23,4,3,0,40-50,50.2,1.0,0.0,0.0,-1,10,3758.63,0.13,0.0,0.0,0.0,0.0,0,0,0.0,3758.63,1,0,0.0,3758.63,1,0,0.0,3758.63,1,0,0.0,0
LGS2ORD0014393,C016995,2025-04-24 23:00:00,Male,43,Bronze,Lazada,Bangkok,1158,TV_Show,Bank_Transfer,23,4,3,0,40-50,38.6,0.0,0.0,0.0,-1,-1,0.0,0.0,0.0,0.0,0.0,0.0,0,0,0.0,0.0,0,0,0.0,0.0,0,0,0.0,0.0,0,0,0.0,0
LGS2ORD0014394,C010258,2025-04-25 00:00:00,Female,61,Silver,CallCenter,Bangkok,784,Lazada,COD,0,4,4,0,>50,26.133333333333333,0.0,0.0,0.0,-1,-1,0.0,0.0,0.0,0.0,0.0,0.0,0,0,0.0,0.0,0,0,0.0,0.0,0,0,0.0,0.0,0,0,0.0,0
LGS2ORD0014395,C012834,2025-04-25 00:00:00,Male,43,Bronze,TV,Bangkok,1182,TV_Show,PromptPay,0,4,4,0,40-50,39.4,2.0,0.0,0.0,-1,40,2774.215,0.03,0.5,0.0,0.0,0.0,0,0,0.0,0.0,0,0,0.0,5548.43,2,0,0.0,5548.43,2,0,0.0,0
LGS2ORD0014396,C011531,2025-04-25 00:00:00,Male,53,Silver,TV,Remote_Area,1394,TV_Show,COD,0,4,4,0,>50,46.46666666666667,1.0,0.0,0.0,-1,68,1033.61,0.2,0.0,0.0,0.0,0.0,0,0,0.0,0.0,0,0,0.0,1033.61,1,0,0.0,1033.61,1,0,0.0,1
LGS2ORD0014397,C013755,2025-04-25 00:00:00,Female,34,Silver,Shopee,Chiang Mai,693,TV_Show,PromptPay,0,4,4,0,30-40,23.1,1.0,1.0,1.0,48,55,24892.55,0.25,1.0,1.0,0.0,0.0,0,0,0.0,0.0,0,0,0.0,24892.55,1,1,1.0,24892.55,1,1,1.0,0
LGS2ORD0014398,C011811,2025-04-25 00:00:00,Female,40,Silver,CallCenter,Bangkok,1412,Shopee,Bank_Transfer,0,4,4,0,30-40,47.06666666666667,1.0,1.0,1.0,56,62,9002.96,0.15,1.0,0.0,0.0,0.0,0,0,0.0,0.0,0,0,0.0,9002.96,1,1,1.0,9002.96,1,1,1.0,0
LGS2ORD0014399,C010205,2025-04-25 01:00:00,Male,42,Silver,Shopee,Khon Kaen,256,Web,COD,1,4,4,0,40-50,8.533333333333333,0.0,0.0,0.0,-1,-1,0.0,0.0,0.0,0.0,0.0,0.0,0,0,0.0,0.0,0,0,0.0,0.0,0,0,0.0,0.0,0,0,0.0,0
LGS2ORD0014400,C013470,2025-04-25 01:00:00,Other,54,Silver,Web,Bangkok,217,CallCenter,PromptPay,1,4,4,0,>50,7.233333333333333,1.0,0.0,0.0,-1,30,12678.52,0.25,0.0,1.0,0.0,0.0,0,0,0.0,0.0,0,0,0.0,12678.52,1,0,0.0,12678.52,1,0,0.0,0
LGS2ORD0014401,C012994,2025-04-25 01:00:00,Male,28,Bronze,TV,Nakhon Ratchasima,330,Lazada,Credit_Card,1,4,4,0,20-30,11.0,5.0,2.0,0.4,0,7,2665.666,0.23,0.8,0.2,0.0,0.0,0,0,0.0,544.18,1,1,1.0,7926.490000000001,4,2,0.5,13328.33,5,2,0.4,0
LGS2ORD0014402,C011686,2025-04-25 01:00:00,Female,53,Bronze,TV,Chiang Mai,1068,TV_Show,COD,1,4,4,0,>50,35.6,4.0,0.0,0.0,-1,78,1616.8999999999999,0.18,0.75,0.0,0.25,0.0,0,0,0.0,0.0,0,0,0.0,6467.599999999999,4,0,0.0,6467.599999999999,4,0,0.0,0
LGS2ORD0014403,C013494,2025-04-25 01:00:00,Male,45,Bronze,Web,Bangkok,857,CallCenter,COD,1,4,4,0,40-50,28.566666666666666,0.0,0.0,0.0,-1,-1,0.0,0.0,0.0,0.0,0.0,0.0,0,0,0.0,0.0,0,0,0.0,0.0,0,0,0.0,0.0,0,0,0.0,1
LGS2ORD0014404,C015221,2025-04-25 01:00:00,Male,42,Bronze,Web,Songkhla,689,Web,Credit_Card,1,4,4,0,40-50,22.966666666666665,1.0,0.0,0.0,-1,103,3455.36,0.08,0.0,0.0,0.0,0.0,0,0,0.0,0.0,0,0,0.0,0.0,0,0,0.0,3455.36,1,0,0.0,0
LGS2ORD0014405,C010422,2025-04-25 02:00:00,Female,38,Platinum,TV,Khon Kaen,1521,Web,Credit_Card,2,4,4,0,30-40,50.7,1.0,0.0,0.0,-1,56,2856.09,0.3,1.0,1.0,0.0,0.0,0,0,0.0,0.0,0,0,0.0,2856.09,1,0,0.0,2856.09,1,0,0.0,0
LGS2ORD0014406,C012586,2025-04-25 02:00:00,Male,51,Bronze,Lazada,Bangkok,452,Web,COD,2,4,4,0,>50,15.066666666666666,0.0,0.0,0.0,-1,-1,0.0,0.0,0.0,0.0,0.0,0.0,0,0,0.0,0.0,0,0,0.0,0.0,0,0,0.0,0.0,0,0,0.0,1
LGS2ORD0014407,C013739,2025-04-25 02:00:00,Female,50,Silver,Lazada,Nakhon Ratchasima,390,Shopee,COD,2,4,4,0,40-50,13.0,2.0,0.0,0.0,-1,26,8184.9400000000005,0.1,0.5,0.0,0.0,0.0,0,0,0.0,8093.18,1,0,0.0,16369.880000000001,2,0,0.0,16369.880000000001,2,0,0.0,0
LGS2ORD0014408,C011511,2025-04-25 02:00:00,Male,58,Bronze,CallCenter,Nakhon Ratchasima,1311,Shopee,Bank_Transfer,2,4,4,0,>50,43.7,3.0,0.0,0.0,-1,46,8337.766666666668,0.18,1.0,0.0,0.0,0.0,0,0,0.0,0.0,0,0,0.0,13505.62,2,0,0.0,25013.300000000003,3,0,0.0,0
LGS2ORD0014409,C016242,2025-04-25 02:00:00,Male,36,Silver,Shopee,Bangkok,943,Web,COD,2,4,4,0,30-40,31.433333333333334,4.0,0.0,0.0,-1,0,6684.35,0.25,0.5,0.25,0.0,7789.16,1,0,0.0,7789.16,1,0,0.0,9443.31,2,0,0.0,26737.4,4,0,0.0,0
LGS2ORD0014410,C010835,2025-04-25 03:00:00,Female,43,Bronze,Lazada,Nakhon Ratchasima,1422,Web,Credit_Card,3,4,4,0,40-50,47.4,1.0,0.0,0.0,-1,53,4382.77,0.03,0.0,0.0,0.0,0.0,0,0,0.0,0.0,0,0,0.0,4382.77,1,0,0.0,4382.77,1,0,0.0,0
LGS2ORD0014411,C014746,2025-04-25 03:00:00,Male,39,Bronze,TV,Khon Kaen,521,Lazada,COD,3,4,4,0,30-40,17.366666666666667,0.0,0.0,0.0,-1,-1,0.0,0.0,0.0,0.0,0.0,0.0,0,0,0.0,0.0,0,0,0.0,0.0,0,0,0.0,0.0,0,0,0.0,1
LGS2ORD0014412,C010381,2025-04-25 03:00:00,Female,28,Silver,CallCenter,Chonburi,781,CallCenter,COD,3,4,4,0,20-30,26.033333333333335,4.0,1.0,0.25,-8,0,6377.3025,0.3,0.5,0.5,0.0,7103.94,1,1,1.0,7103.94,1,1,1.0,22707.94,2,1,0.5,25509.21,4,1,0.25,0
LGS2ORD0014413,C014258,2025-04-25 03:00:00,Female,39,Gold,Web,Nakhon Ratchasima,1053,Web,COD,3,4,4,0,30-40,35.1,2.0,0.0,0.0,-1,20,5778.475,0.08,1.0,0.0,0.0,0.0,0,0,0.0,8849.76,1,0,0.0,11556.95,2,0,0.0,11556.95,2,0,0.0,0
LGS2ORD0014414,C016015,2025-04-25 03:00:00,Female,35,Platinum,TV,Chonburi,440,Web,COD,3,4,4,0,30-40,14.666666666666666,3.0,0.0,0.0,-1,26,4385.830000000001,0.25,0.0,0.3333333333333333,0.0,0.0,0,0,0.0,7347.68,2,0,0.0,7347.68,2,0,0.0,13157.490000000002,3,0,0.0,0
LGS2ORD0014415,C014030,2025-04-25 04:00:00,Female,62,Bronze,TV,Khon Kaen,574,Shopee,COD,4,4,4,0,>50,19.133333333333333,2.0,0.0,0.0,-1,15,4014.28,0.13,1.0,0.0,0.0,0.0,0,0,0.0,908.64,1,0,0.0,8028.56,2,0,0.0,8028.56,2,0,0.0,1
LGS2ORD0014416,C011125,2025-04-25 04:00:00,Other,64,Bronze,TV,Remote_Area,1318,Web,PromptPay,4,4,4,0,>50,43.93333333333333,2.0,1.0,0.5,-3,7,9106.975,0.23,0.5,0.5,0.0,0.0,0,0,0.0,3722.92,1,1,1.0,18213.95,2,1,0.5,18213.95,2,1,0.5,0
LGS2ORD0014417,C015902,2025-04-25 04:00:00,Male,37,Bronze,Web,Nakhon Ratchasima,133,Shopee,PromptPay,4,4,4,0,30-40,4.433333333333334,4.0,0.0,0.0,-1,3,7713.8025,0.13,1.0,0.0,0.0,25873.02,1,0,0.0,27723.35,2,0,0.0,30855.21,4,0,0.0,30855.21,4,0,0.0,0
LGS2ORD0014418,C017534,2025-04-25 04:00:00,Female,51,Bronze,Shopee,Chonburi,134,TV_Show,COD,4,4,4,0,>50,4.466666666666667,4.0,2.0,0.5,33,42,1197.115,0.28,1.0,0.5,0.0,0.0,0,0,0.0,0.0,0,0,0.0,4788.46,4,2,0.5,4788.46,4,2,0.5,1
LGS2ORD0014419,C014867,2025-04-25 04:00:00,Female,41,Bronze,TV,Remote_Area,859,Web,COD,4,4,4,0,40-50,28.633333333333333,2.0,0.0,0.0,-1,28,10432.49,0.23,0.5,0.5,0.0,0.0,0,0,0.0,9834.01,1,0,0.0,20864.98,2,0,0.0,20864.98,2,0,0.0,0
LGS2ORD0014420,C012993,2025-04-25 05:00:00,Male,47,Bronze,Lazada,Nakhon Ratchasima,177,CallCenter,PromptPay,5,4,4,0,40-50,5.9,3.0,2.0,0.6666666666666666,14,26,8243.073333333334,0.23,0.6666666666666666,0.6666666666666666,0.0,0.0,0,0,0.0,5025.05,1,1,1.0,24729.22,3,2,0.6666666666666666,24729.22,3,2,0.6666666666666666,0
LGS2ORD0014421,C012586,2025-04-25 05:00:00,Male,51,Bronze,Lazada,Bangkok,452,TV_Show,COD,5,4,4,0,>50,15.066666666666666,1.0,1.0,1.0,-9,0,6476.81,0.03,1.0,0.0,0.0,6476.81,1,1,1.0,6476.81,1,1,1.0,6476.81,1,1,1.0,6476.81,1,1,1.0,1
LGS2ORD0014422,C014112,2025-04-25 05:00:00,Male,31,Silver,Lazada,Bangkok,918,Web,COD,5,4,4,0,30-40,30.6,3.0,0.0,0.0,-1,7,8473.863333333333,0.3,0.6666666666666666,0.6666666666666666,0.0,0.0,0,0,0.0,20007.05,1,0,0.0,20899.93,2,0,0.0,25421.59,3,0,0.0,0
LGS2ORD0014423,C016754,2025-04-25 05:00:00,Female,38,Silver,Lazada,Bangkok,1260,Shopee,Credit_Card,5,4,4,0,30-40,42.0,5.0,0.0,0.0,-1,36,3703.4379999999996,0.25,0.4,0.2,0.0,0.0,0,0,0.0,0.0,0,0,0.0,8407.96,2,0,0.0,18517.19,5,0,0.0,0
LGS2ORD0014424,C011917,2025-04-25 05:00:00,Male,48,Silver,TV,Bangkok,962,Shopee,COD,5,4,4,0,40-50,32.06666666666667,1.0,1.0,1.0,17,29,2525.98,0.25,1.0,1.0,0.0,0.0,0,0,0.0,2525.98,1,1,1.0,2525.98,1,1,1.0,2525.98,1,1,1.0,1
LGS2ORD0014425,C013913,2025-04-25 05:00:00,Male,41,Silver,TV,Bangkok,1529,Web,COD,5,4,4,0,40-50,50.96666666666667,2.0,0.0,0.0,-1,6,3168.8650000000002,0.15,0.5,0.0,0.0,5779.88,1,0,0.0,5779.88,1,0,0.0,6337.7300000000005,2,0,0.0,6337.7300000000005,2,0,0.0,0
LGS2ORD0014426,C016127,2025-04-25 06:00:00,Male,44,Silver,TV,Bangkok,384,TV_Show,Credit_Card,6,4,4,0,40-50,12.8,3.0,0.0,0.0,-1,40,5061.403333333334,0.25,1.0,0.3333333333333333,0.0,0.0,0,0,0.0,0.0,0,0,0.0,15184.210000000001,3,0,0.0,15184.210000000001,3,0,0.0,0
LGS2ORD0014427,C010925,2025-04-25 06:00:00,Male,39,Bronze,TV,Chiang Mai,1038,Web,COD,6,4,4,0,30-40,34.6,2.0,0.0,0.0,-1,28,10556.96,0.18,0.5,0.0,0.0,0.0,0,0,0.0,6121.5,1,0,0.0,21113.92,2,0,0.0,21113.92,2,0,0.0,1
LGS2ORD0014428,C010423,2025-04-25 06:00:00,Male,44,Platinum,TV,Remote_Area,1548,Shopee,Credit_Card,6,4,4,0,40-50,51.6,3.0,0.0,0.0,-1,17,8117.4766666666665,0.25,0.0,0.3333333333333333,0.0,0.0,0,0,0.0,13345.79,1,0,0.0,24352.43,3,0,0.0,24352.43,3,0,0.0,0
LGS2ORD0014429,C015307,2025-04-25 06:00:00,Male,39,Bronze,Lazada,Bangkok,747,Web,COD,6,4,4,0,30-40,24.9,2.0,0.0,0.0,-1,76,4817.185,0.23,0.5,0.5,0.0,0.0,0,0,0.0,0.0,0,0,0.0,7663.71,1,0,0.0,9634.37,2,0,0.0,0
LGS2ORD0014430,C016494,2025-04-25 06:00:00,Male,33,Silver,Shopee,Khon Kaen,1048,Lazada,COD,6,4,4,0,30-40,34.93333333333333,2.0,0.0,0.0,-1,14,6488.49,0.2,0.0,0.0,0.0,0.0,0,0,0.0,731.46,1,0,0.0,12976.98,2,0,0.0,12976.98,2,0,0.0,1
LGS2ORD0014431,C016218,2025-04-25 07:00:00,Female,24,Silver,Web,Bangkok,575,Shopee,COD,7,4,4,0,20-30,19.166666666666668,1.0,1.0,1.0,80,91,3379.97,0.3,0.0,1.0,0.0,0.0,0,0,0.0,0.0,0,0,0.0,0.0,0,0,0.0,3379.97,1,1,1.0,1
LGS2ORD0014432,C017511,2025-04-25 07:00:00,Female,28,Gold,CallCenter,Bangkok,475,Web,COD,7,4,4,0,20-30,15.833333333333334,3.0,0.0,0.0,-1,10,11961.953333333333,0.33,0.6666666666666666,0.6666666666666666,0.0,0.0,0,0,0.0,22526.74,1,0,0.0,35885.86,3,0,0.0,35885.86,3,0,0.0,0
LGS2ORD0014433,C011323,2025-04-25 07:00:00,Male,36,Silver,Web,Nakhon Ratchasima,699,Lazada,COD,7,4,4,0,30-40,23.3,3.0,1.0,0.3333333333333333,88,59,6677.286666666667,0.2,0.6666666666666666,0.0,0.0,0.0,0,0,0.0,0.0,0,0,0.0,18647.350000000002,2,0,0.0,20031.86,3,1,0.3333333333333333,0
LGS2ORD0014434,C011056,2025-04-25 07:00:00,Female,56,Platinum,Lazada,Bangkok,1137,CallCenter,Credit_Card,7,4,4,0,>50,37.9,1.0,0.0,0.0,-1,111,1399.94,0.35,0.0,1.0,0.0,0.0,0,0,0.0,0.0,0,0,0.0,0.0,0,0,0.0,1399.94,1,0,0.0,0
LGS2ORD0014435,C016138,2025-04-25 07:00:00,Female,66,Silver,TV,Bangkok,1308,TV_Show,COD,7,4,4,0,>50,43.6,1.0,0.0,0.0,-1,63,2609.85,0.05,1.0,0.0,0.0,0.0,0,0,0.0,0.0,0,0,0.0,2609.85,1,0,0.0,2609.85,1,0,0.0,0
LGS2ORD0014436,C014676,2025-04-25 08:00:00,Female,43,Bronze,TV,Nakhon Ratchasima,472,Web,COD,8,4,4,0,40-50,15.733333333333333,3.0,1.0,0.3333333333333333,96,82,3046.1733333333336,0.18,0.3333333333333333,0.0,0.0,0.0,0,0,0.0,0.0,0,0,0.0,864.45,2,0,0.0,9138.52,3,1,0.3333333333333333,0
LGS2ORD0014437,C017018,2025-04-25 08:00:00,Male,27,Gold,Lazada,Chonburi,900,Shopee,COD,8,4,4,0,20-30,30.0,0.0,0.0,0.0,-1,-1,0.0,0.0,0.0,0.0,0.0,0.0,0,0,0.0,0.0,0,0,0.0,0.0,0,0,0.0,0.0,0,0,0.0,0
LGS2ORD0014438,C013741,2025-04-25 08:00:00,Female,43,Bronze,Lazada,Remote_Area,1569,Web,COD,8,4,4,0,40-50,52.3,3.0,2.0,0.6666666666666666,64,78,2366.6033333333335,0.18,0.3333333333333333,0.0,0.0,0.0,0,0,0.0,0.0,0,0,0.0,2113.21,1,1,1.0,7099.81,3,2,0.6666666666666666,0
LGS2ORD0014439,C010728,2025-04-25 08:00:00,Female,53,Gold,Shopee,Songkhla,1564,Web,COD,8,4,4,0,>50,52.13333333333333,0.0,0.0,0.0,-1,-1,0.0,0.0,0.0,0.0,0.0,0.0,0,0,0.0,0.0,0,0,0.0,0.0,0,0,0.0,0.0,0,0,0.0,0
LGS2ORD0014440,C015351,2025-04-25 08:00:00,Male,49,Silver,Lazada,Bangkok,1080,TV_Show,COD,8,4,4,0,40-50,36.0,1.0,0.0,0.0,-1,54,3305.61,0.05,1.0,0.0,0.0,0.0,0,0,0.0,0.0,0,0,0.0,3305.61,1,0,0.0,3305.61,1,0,0.0,0
LGS2ORD0014441,C013523,2025-04-25 09:00:00,Female,45,Gold,TV,Phuket,807,TV_Show,Credit_Card,9,4,4,0,40-50,26.9,2.0,0.0,0.0,-1,29,9540.65,0.13,0.0,0.0,0.0,0.0,0,0,0.0,2470.07,1,0,0.0,19081.3,2,0,0.0,19081.3,2,0,0.0,0
LGS2ORD0014442,C017964,2025-04-25 09:00:00,Male,49,Platinum,Shopee,Bangkok,1096,Shopee,COD,9,4,4,0,40-50,36.53333333333333,3.0,0.0,0.0,-1,32,3340.6766666666663,0.3,0.3333333333333333,0.3333333333333333,0.0,0.0,0,0,0.0,0.0,0,0,0.0,2462.83,2,0,0.0,10022.029999999999,3,0,0.0,0
LGS2ORD0014443,C016490,2025-04-25 09:00:00,Female,33,Bronze,Web,Nakhon Ratchasima,473,Web,Bank_Transfer,9,4,4,0,30-40,15.766666666666667,1.0,0.0,0.0,-1,36,36687.98,0.23,0.0,1.0,0.0,0.0,0,0,0.0,0.0,0,0,0.0,36687.98,1,0,0.0,36687.98,1,0,0.0,0
LGS2ORD0014444,C013122,2025-04-25 09:00:00,Female,41,Bronze,Lazada,Bangkok,126,Shopee,Credit_Card,9,4,4,0,40-50,4.2,1.0,1.0,1.0,30,39,16361.53,0.23,1.0,1.0,0.0,0.0,0,0,0.0,0.0,0,0,0.0,16361.53,1,1,1.0,16361.53,1,1,1.0,0
LGS2ORD0014445,C011666,2025-04-25 09:00:00,Male,37,Bronze,Lazada,Phuket,203,Lazada,COD,9,4,4,0,30-40,6.766666666666667,2.0,0.0,0.0,-1,66,2847.775,0.23,1.0,0.5,0.0,0.0,0,0,0.0,0.0,0,0,0.0,269.03,1,0,0.0,5695.55,2,0,0.0,1
LGS2ORD0014446,C012179,2025-04-25 09:00:00,Male,36,Silver,Shopee,Bangkok,178,Web,Credit_Card,9,4,4,0,30-40,5.933333333333334,4.0,0.0,0.0,-1,4,7340.5599999999995,0.15,0.5,0.0,0.0,7318.4,1,0,0.0,15533.359999999999,2,0,0.0,19639.43,3,0,0.0,29362.239999999998,4,0,0.0,1
LGS2ORD0014447,C014532,2025-04-25 10:00:00,Male,31,Silver,TV,Phuket,1472,Lazada,COD,10,4,4,0,30-40,49.06666666666667,4.0,2.0,0.5,34,19,3831.83,0.3,0.75,0.25,0.0,0.0,0,0,0.0,5989.17,1,0,0.0,13578.07,3,1,0.3333333333333333,15327.32,4,2,0.5,0
LGS2ORD0014448,C016653,2025-04-25 10:00:00,Female,38,Bronze,CallCenter,Songkhla,221,Lazada,COD,10,4,4,0,30-40,7.366666666666666,4.0,0.0,0.0,-1,0,9323.9325,0.28,0.25,0.25,0.0,7098.49,1,0,0.0,34887.73,3,0,0.0,34887.73,3,0,0.0,37295.73,4,0,0.0,0
LGS2ORD0014449,C011123,2025-04-25 10:00:00,Female,45,Bronze,TV,Chiang Mai,179,TV_Show,COD,10,4,4,0,40-50,5.966666666666667,2.0,1.0,0.5,15,25,14981.875,0.23,0.0,0.5,0.0,0.0,0,0,0.0,1932.55,1,1,1.0,1932.55,1,1,1.0,29963.75,2,1,0.5,0
LGS2ORD0014450,C012458,2025-04-25 10:00:00,Male,49,Bronze,TV,Bangkok,1354,TV_Show,Credit_Card,10,4,4,0,40-50,45.13333333333333,1.0,0.0,0.0,-1,26,10298.83,0.03,1.0,0.0,0.0,0.0,0,0,0.0,10298.83,1,0,0.0,10298.83,1,0,0.0,10298.83,1,0,0.0,0
LGS2ORD0014451,C013037,2025-04-25 10:00:00,Female,51,Gold,TV,Chiang Mai,740,CallCenter,COD,10,4,4,0,>50,24.666666666666668,3.0,0.0,0.0,-1,27,3967.28,0.2299999999999999,0.6666666666666666,0.3333333333333333,0.0,0.0,0,0,0.0,1070.79,1,0,0.0,11901.84,3,0,0.0,11901.84,3,0,0.0,0
LGS2ORD0014452,C015868,2025-04-25 11:00:00,Female,29,Bronze,Lazada,Bangkok,856,TV_Show,COD,11,4,4,0,20-30,28.533333333333335,1.0,0.0,0.0,-1,11,7380.95,0.18,1.0,0.0,0.0,0.0,0,0,0.0,7380.95,1,0,0.0,7380.95,1,0,0.0,7380.95,1,0,0.0,0
LGS2ORD0014453,C011881,2025-04-25 11:00:00,Male,36,Silver,Web,Nakhon Ratchasima,1325,Web,PromptPay,11,4,4,0,30-40,44.166666666666664,3.0,0.0,0.0,-1,74,7257.606666666667,0.25,0.3333333333333333,0.3333333333333333,0.0,0.0,0,0,0.0,0.0,0,0,0.0,12807.98,2,0,0.0,21772.82,3,0,0.0,0
LGS2ORD0014454,C010716,2025-04-25 11:00:00,Female,44,Platinum,Lazada,Chiang Mai,624,Lazada,COD,11,4,4,0,40-50,20.8,2.0,0.0,0.0,-1,35,1317.84,0.35,0.0,1.0,0.0,0.0,0,0,0.0,0.0,0,0,0.0,1948.56,1,0,0.0,2635.68,2,0,0.0,0
LGS2ORD0014455,C014749,2025-04-25 11:00:00,Female,55,Silver,Shopee,Bangkok,154,Web,COD,11,4,4,0,>50,5.133333333333334,1.0,0.0,0.0,-1,0,5993.07,0.05,0.0,0.0,0.0,5993.07,1,0,0.0,5993.07,1,0,0.0,5993.07,1,0,0.0,5993.07,1,0,0.0,0
LGS2ORD0014456,C011497,2025-04-25 11:00:00,Female,50,Silver,Lazada,Chonburi,1448,CallCenter,COD,11,4,4,0,40-50,48.266666666666666,1.0,0.0,0.0,-1,4,498.74,0.2,1.0,0.0,0.0,498.74,1,0,0.0,498.74,1,0,0.0,498.74,1,0,0.0,498.74,1,0,0.0,0
LGS2ORD0014457,C010362,2025-04-25 12:00:00,Male,45,Bronze,Shopee,Remote_Area,761,TV_Show,COD,12,4,4,0,40-50,25.366666666666667,5.0,2.0,0.4,-4,11,3855.272,0.23,0.8,0.4,0.0,0.0,0,0,0.0,5512.72,1,1,1.0,13827.3,4,2,0.5,19276.36,5,2,0.4,0
LGS2ORD0014458,C017552,2025-04-25 12:00:00,Male,39,Platinum,CallCenter,Nakhon Ratchasima,650,CallCenter,COD,12,4,4,0,30-40,21.666666666666668,0.0,0.0,0.0,-1,-1,0.0,0.0,0.0,0.0,0.0,0.0,0,0,0.0,0.0,0,0,0.0,0.0,0,0,0.0,0.0,0,0,0.0,0
LGS2ORD0014459,C017103,2025-04-25 12:00:00,Male,38,Bronze,Lazada,Nakhon Ratchasima,548,Shopee,Credit_Card,12,4,4,0,30-40,18.266666666666666,4.0,3.0,0.75,6,21,6234.08,0.28,0.75,0.25,0.0,0.0,0,0,0.0,15749.83,1,1,1.0,23386.41,3,2,0.6666666666666666,24936.32,4,3,0.75,0
LGS2ORD0014460,C014147,2025-04-25 12:00:00,Female,18,Silver,Web,Nakhon Ratchasima,1488,CallCenter,COD,12,4,4,0,<20,49.6,1.0,1.0,1.0,39,49,2337.17,0.05,0.0,0.0,0.0,0.0,0,0,0.0,0.0,0,0,0.0,2337.17,1,1,1.0,2337.17,1,1,1.0,0
LGS2ORD0014461,C013381,2025-04-25 12:00:00,Female,39,Gold,Lazada,Chiang Mai,150,CallCenter,COD,12,4,4,0,30-40,5.0,3.0,1.0,0.3333333333333333,92,56,14621.470000000001,0.2299999999999999,1.0,0.6666666666666666,0.0,0.0,0,0,0.0,0.0,0,0,0.0,36120.26,2,0,0.0,43864.41,3,1,0.3333333333333333,0
LGS2ORD0014462,C016033,2025-04-25 13:00:00,Female,45,Gold,Shopee,Bangkok,1530,TV_Show,COD,13,4,4,0,40-50,51.0,2.0,0.0,0.0,-1,24,2614.0499999999997,0.2299999999999999,0.5,0.5,0.0,0.0,0,0,0.0,745.57,1,0,0.0,5228.099999999999,2,0,0.0,5228.099999999999,2,0,0.0,0
LGS2ORD0014463,C010536,2025-04-25 13:00:00,Female,42,Bronze,TV,Remote_Area,1499,TV_Show,COD,13,4,4,0,40-50,49.96666666666667,0.0,0.0,0.0,-1,-1,0.0,0.0,0.0,0.0,0.0,0.0,0,0,0.0,0.0,0,0,0.0,0.0,0,0,0.0,0.0,0,0,0.0,0
LGS2ORD0014464,C013564,2025-04-25 13:00:00,Female,47,Gold,TV,Chiang Mai,550,TV_Show,Credit_Card,13,4,4,0,40-50,18.333333333333332,0.0,0.0,0.0,-1,-1,0.0,0.0,0.0,0.0,0.0,0.0,0,0,0.0,0.0,0,0,0.0,0.0,0,0,0.0,0.0,0,0,0.0,0
LGS2ORD0014465,C011878,2025-04-25 13:00:00,Female,44,Bronze,TV,Phuket,1392,Web,COD,13,4,4,0,40-50,46.4,1.0,0.0,0.0,-1,74,11475.96,0.03,0.0,0.0,0.0,0.0,0,0,0.0,0.0,0,0,0.0,11475.96,1,0,0.0,11475.96,1,0,0.0,0
LGS2ORD0014466,C016534,2025-04-25 13:00:00,Female,51,Bronze,TV,Remote_Area,139,TV_Show,COD,13,4,4,0,>50,4.633333333333334,0.0,0.0,0.0,-1,-1,0.0,0.0,0.0,0.0,0.0,0.0,0,0,0.0,0.0,0,0,0.0,0.0,0,0,0.0,0.0,0,0,0.0,0
LGS2ORD0014467,C017005,2025-04-25 13:00:00,Male,18,Silver,TV,Chiang Mai,607,Shopee,Credit_Card,13,4,4,0,<20,20.233333333333334,1.0,0.0,0.0,-1,37,1698.96,0.2,1.0,0.0,0.0,0.0,0,0,0.0,0.0,0,0,0.0,1698.96,1,0,0.0,1698.96,1,0,0.0,0
LGS2ORD0014468,C015973,2025-04-25 14:00:00,Male,46,Bronze,TV,Remote_Area,1075,Lazada,COD,14,4,4,0,40-50,35.833333333333336,1.0,1.0,1.0,91,101,3513.04,0.28,1.0,1.0,0.0,0.0,0,0,0.0,0.0,0,0,0.0,0.0,0,0,0.0,3513.04,1,1,1.0,1
LGS2ORD0014469,C012495,2025-04-25 14:00:00,Female,38,Silver,Shopee,Nakhon Ratchasima,750,Web,COD,14,4,4,0,30-40,25.0,0.0,0.0,0.0,-1,-1,0.0,0.0,0.0,0.0,0.0,0.0,0,0,0.0,0.0,0,0,0.0,0.0,0,0,0.0,0.0,0,0,0.0,0
LGS2ORD0014470,C012730,2025-04-25 14:00:00,Female,22,Bronze,TV,Chonburi,259,CallCenter,COD,14,4,4,0,20-30,8.633333333333333,3.0,1.0,0.3333333333333333,35,4,11465.24,0.18,0.0,0.0,0.0,27998.3,1,0,0.0,27998.3,1,0,0.0,34395.72,3,1,0.3333333333333333,34395.72,3,1,0.3333333333333333,0
LGS2ORD0014471,C013893,2025-04-25 14:00:00,Female,34,Bronze,CallCenter,Chonburi,500,Web,COD,14,4,4,0,30-40,16.666666666666668,0.0,0.0,0.0,-1,-1,0.0,0.0,0.0,0.0,0.0,0.0,0,0,0.0,0.0,0,0,0.0,0.0,0,0,0.0,0.0,0,0,0.0,0
LGS2ORD0014472,C012067,2025-04-25 14:00:00,Male,42,Platinum,Shopee,Bangkok,442,Web,COD,14,4,4,0,40-50,14.733333333333333,0.0,0.0,0.0,-1,-1,0.0,0.0,0.0,0.0,0.0,0.0,0,0,0.0,0.0,0,0,0.0,0.0,0,0,0.0,0.0,0,0,0.0,1
LGS2ORD0014473,C016301,2025-04-25 15:00:00,Male,46,Platinum,Shopee,Chonburi,243,Shopee,COD,15,4,4,0,40-50,8.1,0.0,0.0,0.0,-1,-1,0.0,0.0,0.0,0.0,0.0,0.0,0,0,0.0,0.0,0,0,0.0,0.0,0,0,0.0,0.0,0,0,0.0,1
LGS2ORD0014474,C017496,2025-04-25 15:00:00,Female,54,Gold,Shopee,Chiang Mai,475,Shopee,COD,15,4,4,0,>50,15.833333333333334,0.0,0.0,0.0,-1,-1,0.0,0.0,0.0,0.0,0.0,0.0,0,0,0.0,0.0,0,0,0.0,0.0,0,0,0.0,0.0,0,0,0.0,0
LGS2ORD0014475,C014106,2025-04-25 15:00:00,Male,51,Silver,Shopee,Bangkok,1064,Shopee,COD,15,4,4,0,>50,35.46666666666667,1.0,0.0,0.0,-1,58,4374.17,0.1,1.0,0.0,0.0,0.0,0,0,0.0,0.0,0,0,0.0,4374.17,1,0,0.0,4374.17,1,0,0.0,1
LGS2ORD0014476,C014805,2025-04-25 15:00:00,Male,41,Bronze,TV,Chonburi,652,TV_Show,Bank_Transfer,15,4,4,0,40-50,21.733333333333334,2.0,0.0,0.0,-1,71,890.9749999999999,0.03,0.5,0.0,0.0,0.0,0,0,0.0,0.0,0,0,0.0,1781.9499999999998,2,0,0.0,1781.9499999999998,2,0,0.0,0
LGS2ORD0014477,C011555,2025-04-25 15:00:00,Female,31,Silver,Web,Phuket,785,Shopee,COD,15,4,4,0,30-40,26.166666666666668,1.0,0.0,0.0,-1,103,1385.29,0.1,1.0,0.0,0.0,0.0,0,0,0.0,0.0,0,0,0.0,0.0,0,0,0.0,1385.29,1,0,0.0,1
LGS2ORD0014478,C011143,2025-04-25 16:00:00,Male,55,Gold,Shopee,Nakhon Ratchasima,779,CallCenter,PromptPay,16,4,4,0,>50,25.966666666666665,3.0,0.0,0.0,-1,49,6510.493333333333,0.28,0.3333333333333333,0.3333333333333333,0.0,0.0,0,0,0.0,0.0,0,0,0.0,18549.85,2,0,0.0,19531.48,3,0,0.0,0
LGS2ORD0014479,C010794,2025-04-25 16:00:00,Other,33,Bronze,TV,Chonburi,936,TV_Show,COD,16,4,4,0,30-40,31.2,0.0,0.0,0.0,-1,-1,0.0,0.0,0.0,0.0,0.0,0.0,0,0,0.0,0.0,0,0,0.0,0.0,0,0,0.0,0.0,0,0,0.0,1
LGS2ORD0014480,C017707,2025-04-25 16:00:00,Female,42,Gold,Shopee,Khon Kaen,1284,Lazada,COD,16,4,4,0,40-50,42.8,1.0,0.0,0.0,-1,25,8505.25,0.08,0.0,0.0,0.0,0.0,0,0,0.0,8505.25,1,0,0.0,8505.25,1,0,0.0,8505.25,1,0,0.0,0
LGS2ORD0014481,C014940,2025-04-25 16:00:00,Female,40,Gold,Web,Nakhon Ratchasima,1354,Shopee,PromptPay,16,4,4,0,30-40,45.13333333333333,0.0,0.0,0.0,-1,-1,0.0,0.0,0.0,0.0,0.0,0.0,0,0,0.0,0.0,0,0,0.0,0.0,0,0,0.0,0.0,0,0,0.0,0
LGS2ORD0014482,C011999,2025-04-25 16:00:00,Female,38,Gold,Shopee,Chonburi,498,Web,Credit_Card,16,4,4,0,30-40,16.6,1.0,0.0,0.0,-1,62,633.01,0.18,1.0,0.0,0.0,0.0,0,0,0.0,0.0,0,0,0.0,633.01,1,0,0.0,633.01,1,0,0.0,0
LGS2ORD0014483,C014972,2025-04-25 17:00:00,Male,30,Bronze,CallCenter,Nakhon Ratchasima,1392,Web,Bank_Transfer,17,4,4,0,20-30,46.4,3.0,0.0,0.0,-1,41,19441.903333333332,0.28,0.0,0.6666666666666666,0.0,0.0,0,0,0.0,0.0,0,0,0.0,58325.71,3,0,0.0,58325.71,3,0,0.0,0
LGS2ORD0014484,C015362,2025-04-25 17:00:00,Female,44,Bronze,Lazada,Bangkok,574,Lazada,COD,17,4,4,0,40-50,19.133333333333333,2.0,0.0,0.0,-1,68,1195.77,0.03,0.0,0.0,0.0,0.0,0,0,0.0,0.0,0,0,0.0,2391.54,2,0,0.0,2391.54,2,0,0.0,1
LGS2ORD0014485,C014474,2025-04-25 17:00:00,Female,52,Bronze,TV,Khon Kaen,1354,TV_Show,COD,17,4,4,0,>50,45.13333333333333,7.0,1.0,0.14285714285714285,53,19,6748.461428571429,0.23,0.7142857142857143,0.2857142857142857,0.0,0.0,0,0,0.0,8184.9800000000005,3,0,0.0,46408.89000000001,6,1,0.16666666666666666,47239.23,7,1,0.14285714285714285,1
LGS2ORD0014486,C017024,2025-04-25 17:00:00,Female,29,Bronze,TV,Nakhon Ratchasima,408,CallCenter,Credit_Card,17,4,4,0,20-30,13.6,3.0,0.0,0.0,-1,19,9178.163333333334,0.23,0.3333333333333333,0.3333333333333333,0.0,0.0,0,0,0.0,22214.2,1,0,0.0,27534.49,3,0,0.0,27534.49,3,0,0.0,0
LGS2ORD0014487,C017746,2025-04-25 17:00:00,Male,65,Silver,TV,Chonburi,234,Shopee,Bank_Transfer,17,4,4,0,>50,7.8,1.0,0.0,0.0,-1,107,1727.78,0.25,1.0,1.0,0.0,0.0,0,0,0.0,0.0,0,0,0.0,0.0,0,0,0.0,1727.78,1,0,0.0,0
LGS2ORD0014488,C010968,2025-04-25 17:00:00,Female,50,Bronze,CallCenter,Phuket,756,CallCenter,PromptPay,17,4,4,0,40-50,25.2,2.0,1.0,0.5,93,31,2248.615,0.28,1.0,0.5,0.0,0.0,0,0,0.0,0.0,0,0,0.0,2796.37,1,0,0.0,4497.23,2,1,0.5,0
LGS2ORD0014489,C011293,2025-04-25 18:00:00,Female,47,Gold,Lazada,Bangkok,1444,Shopee,Credit_Card,18,4,4,0,40-50,48.13333333333333,2.0,1.0,0.5,2,13,1400.7649999999999,0.28,0.5,1.0,0.0,0.0,0,0,0.0,1575.76,1,1,1.0,1575.76,1,1,1.0,2801.5299999999997,2,1,0.5,0
LGS2ORD0014490,C013760,2025-04-25 18:00:00,Male,27,Bronze,Lazada,Khon Kaen,726,TV_Show,PromptPay,18,4,4,0,20-30,24.2,5.0,1.0,0.2,24,5,4606.66,0.23,0.6,0.2,0.0,2313.05,1,0,0.0,7572.29,2,0,0.0,23033.3,5,1,0.2,23033.3,5,1,0.2,1
LGS2ORD0014491,C011585,2025-04-25 18:00:00,Female,65,Bronze,TV,Chiang Mai,941,CallCenter,COD,18,4,4,0,>50,31.366666666666667,0.0,0.0,0.0,-1,-1,0.0,0.0,0.0,0.0,0.0,0.0,0,0,0.0,0.0,0,0,0.0,0.0,0,0,0.0,0.0,0,0,0.0,0
LGS2ORD0014492,C017922,2025-04-25 18:00:00,Male,42,Bronze,CallCenter,Khon Kaen,966,Shopee,PromptPay,18,4,4,0,40-50,32.2,4.0,1.0,0.25,86,17,2316.41,0.18,0.25,0.0,0.0,0.0,0,0,0.0,2710.4100000000003,2,0,0.0,7858.85,3,0,0.0,9265.64,4,1,0.25,0
LGS2ORD0014493,C013193,2025-04-25 18:00:00,Male,58,Bronze,Shopee,Phuket,413,Web,PromptPay,18,4,4,0,>50,13.766666666666667,2.0,1.0,0.5,49,54,2428.39,0.18,0.5,0.0,0.0,0.0,0,0,0.0,0.0,0,0,0.0,3436.66,1,1,1.0,4856.78,2,1,0.5,1
LGS2ORD0014494,C011862,2025-04-25 19:00:00,Male,52,Bronze,TV,Bangkok,271,TV_Show,COD,19,4,4,0,>50,9.033333333333333,1.0,0.0,0.0,-1,26,1019.76,0.23,1.0,1.0,0.0,0.0,0,0,0.0,1019.76,1,0,0.0,1019.76,1,0,0.0,1019.76,1,0,0.0,0
LGS2ORD0014495,C013794,2025-04-25 19:00:00,Female,46,Silver,Web,Khon Kaen,1473,TV_Show,COD,19,4,4,0,40-50,49.1,1.0,0.0,0.0,-1,17,258.64,0.1,0.0,0.0,0.0,0.0,0,0,0.0,258.64,1,0,0.0,258.64,1,0,0.0,258.64,1,0,0.0,0
LGS2ORD0014496,C011688,2025-04-25 19:00:00,Female,27,Gold,Web,Chonburi,779,TV_Show,Credit_Card,19,4,4,0,20-30,25.966666666666665,2.0,1.0,0.5,69,72,1792.115,0.18,0.5,0.0,0.0,0.0,0,0,0.0,0.0,0,0,0.0,1197.38,1,1,1.0,3584.23,2,1,0.5,0
LGS2ORD0014497,C017984,2025-04-25 19:00:00,Female,61,Bronze,Lazada,Khon Kaen,1410,Web,Credit_Card,19,4,4,0,>50,47.0,2.0,1.0,0.5,6,14,9112.925,0.23,1.0,0.5,0.0,0.0,0,0,0.0,9677.86,1,1,1.0,18225.85,2,1,0.5,18225.85,2,1,0.5,0
LGS2ORD0014498,C013824,2025-04-25 19:00:00,Female,24,Silver,Lazada,Chiang Mai,1226,Web,Credit_Card,19,4,4,0,20-30,40.86666666666667,2.0,1.0,0.5,78,64,3310.7349999999997,0.25,0.0,0.5,0.0,0.0,0,0,0.0,0.0,0,0,0.0,6621.469999999999,2,1,0.5,6621.469999999999,2,1,0.5,0
LGS2ORD0014499,C015312,2025-04-25 20:00:00,Male,35,Bronze,Web,Bangkok,1023,CallCenter,COD,20,4,4,0,30-40,34.1,4.0,2.0,0.5,32,13,3783.9700000000003,0.18,0.75,0.0,0.0,0.0,0,0,0.0,8603.94,1,0,0.0,15135.880000000001,4,2,0.5,15135.880000000001,4,2,0.5,0
LGS2ORD0014500,C017162,2025-04-25 20:00:00,Female,30,Silver,Shopee,Bangkok,513,Lazada,COD,20,4,4,0,20-30,17.1,0.0,0.0,0.0,-1,-1,0.0,0.0,0.0,0.0,0.0,0.0,0,0,0.0,0.0,0,0,0.0,0.0,0,0,0.0,0.0,0,0,0.0,0
LGS2ORD0014501,C017718,2025-04-25 20:00:00,Female,24,Gold,Shopee,Songkhla,454,Shopee,COD,20,4,4,0,20-30,15.133333333333333,6.0,2.0,0.3333333333333333,57,62,9105.43,0.28,0.0,0.3333333333333333,0.0,0.0,0,0,0.0,0.0,0,0,0.0,24709.08,4,2,0.5,54632.58,6,2,0.3333333333333333,0
LGS2ORD0014502,C014244,2025-04-25 20:00:00,Female,42,Gold,Shopee,Bangkok,481,CallCenter,Bank_Transfer,20,4,4,0,40-50,16.033333333333335,1.0,0.0,0.0,-1,96,8250.9,0.13,1.0,0.0,0.0,0.0,0,0,0.0,0.0,0,0,0.0,0.0,0,0,0.0,8250.9,1,0,0.0,1
LGS2ORD0014503,C013837,2025-04-25 20:00:00,Male,40,Silver,TV,Bangkok,752,Lazada,Bank_Transfer,20,4,4,0,30-40,25.066666666666666,1.0,0.0,0.0,-1,23,15307.25,0.05,0.0,0.0,0.0,0.0,0,0,0.0,15307.25,1,0,0.0,15307.25,1,0,0.0,15307.25,1,0,0.0,0
LGS2ORD0014504,C013553,2025-04-25 20:00:00,Male,24,Silver,TV,Khon Kaen,1247,Lazada,COD,20,4,4,0,20-30,41.56666666666667,0.0,0.0,0.0,-1,-1,0.0,0.0,0.0,0.0,0.0,0.0,0,0,0.0,0.0,0,0,0.0,0.0,0,0,0.0,0.0,0,0,0.0,0
LGS2ORD0014505,C011449,2025-04-25 21:00:00,Male,23,Gold,Lazada,Chiang Mai,1249,Lazada,Credit_Card,21,4,4,0,20-30,41.63333333333333,1.0,1.0,1.0,41,52,4990.64,0.33,1.0,1.0,0.0,0.0,0,0,0.0,0.0,0,0,0.0,4990.64,1,1,1.0,4990.64,1,1,1.0,0
LGS2ORD0014506,C010506,2025-04-25 21:00:00,Other,50,Platinum,Shopee,Bangkok,884,CallCenter,COD,21,4,4,0,40-50,29.466666666666665,0.0,0.0,0.0,-1,-1,0.0,0.0,0.0,0.0,0.0,0.0,0,0,0.0,0.0,0,0,0.0,0.0,0,0,0.0,0.0,0,0,0.0,0
LGS2ORD0014507,C017952,2025-04-25 21:00:00,Female,39,Bronze,Shopee,Bangkok,288,TV_Show,Credit_Card,21,4,4,0,30-40,9.6,2.0,0.0,0.0,-1,17,2737.495,0.28,0.5,1.0,0.0,0.0,0,0,0.0,3524.99,1,0,0.0,5474.99,2,0,0.0,5474.99,2,0,0.0,0
LGS2ORD0014508,C012036,2025-04-25 21:00:00,Male,40,Bronze,Lazada,Nakhon Ratchasima,1022,Lazada,PromptPay,21,4,4,0,30-40,34.06666666666667,0.0,0.0,0.0,-1,-1,0.0,0.0,0.0,0.0,0.0,0.0,0,0,0.0,0.0,0,0,0.0,0.0,0,0,0.0,0.0,0,0,0.0,0
LGS2ORD0014509,C014943,2025-04-25 21:00:00,Female,32,Bronze,Shopee,Songkhla,1471,TV_Show,Credit_Card,21,4,4,0,30-40,49.03333333333333,3.0,0.0,0.0,-1,25,2349.7000000000003,0.08,0.6666666666666666,0.0,0.0,0.0,0,0,0.0,4656.14,1,0,0.0,7049.1,3,0,0.0,7049.1,3,0,0.0,0
LGS2ORD0014510,C017567,2025-04-25 22:00:00,Male,55,Bronze,TV,Bangkok,520,Shopee,COD,22,4,4,0,>50,17.333333333333332,2.0,1.0,0.5,101,43,1498.065,0.28,0.5,0.5,0.0,0.0,0,0,0.0,0.0,0,0,0.0,1728.69,1,0,0.0,2996.13,2,1,0.5,0
LGS2ORD0014511,C011117,2025-04-25 22:00:00,Female,47,Platinum,TV,Bangkok,617,TV_Show,Credit_Card,22,4,4,0,40-50,20.566666666666666,0.0,0.0,0.0,-1,-1,0.0,0.0,0.0,0.0,0.0,0.0,0,0,0.0,0.0,0,0,0.0,0.0,0,0,0.0,0.0,0,0,0.0,0
LGS2ORD0014512,C016469,2025-04-25 22:00:00,Male,40,Silver,TV,Chiang Mai,1420,Shopee,PromptPay,22,4,4,0,30-40,47.333333333333336,4.0,3.0,0.75,60,35,2794.9325,0.25,0.25,0.25,0.0,0.0,0,0,0.0,0.0,0,0,0.0,9641.949999999999,3,2,0.6666666666666666,11179.73,4,3,0.75,1
LGS2ORD0014513,C010009,2025-04-25 22:00:00,Female,31,Bronze,Web,Bangkok,978,Web,PromptPay,22,4,4,0,30-40,32.6,0.0,0.0,0.0,-1,-1,0.0,0.0,0.0,0.0,0.0,0.0,0,0,0.0,0.0,0,0,0.0,0.0,0,0,0.0,0.0,0,0,0.0,0
LGS2ORD0014514,C017228,2025-04-25 22:00:00,Male,54,Silver,TV,Phuket,272,Shopee,COD,22,4,4,0,>50,9.066666666666666,2.0,0.0,0.0,-1,60,17791.285,0.3,1.0,0.5,0.0,0.0,0,0,0.0,0.0,0,0,0.0,23827.64,1,0,0.0,35582.57,2,0,0.0,1
LGS2ORD0014515,C014747,2025-04-25 23:00:00,Female,21,Bronze,Web,Phuket,876,Shopee,COD,23,4,4,0,20-30,29.2,2.0,1.0,0.5,35,40,1944.47,0.18,0.5,0.0,0.0,0.0,0,0,0.0,0.0,0,0,0.0,3888.94,2,1,0.5,3888.94,2,1,0.5,1
LGS2ORD0014516,C015085,2025-04-25 23:00:00,Female,39,Bronze,Shopee,Remote_Area,1196,Lazada,Bank_Transfer,23,4,4,0,30-40,39.86666666666667,1.0,0.0,0.0,-1,74,5022.82,0.03,0.0,0.0,0.0,0.0,0,0,0.0,0.0,0,0,0.0,5022.82,1,0,0.0,5022.82,1,0,0.0,1
LGS2ORD0014517,C012949,2025-04-25 23:00:00,Female,42,Bronze,TV,Nakhon Ratchasima,212,Lazada,COD,23,4,4,0,40-50,7.066666666666666,2.0,1.0,0.5,-1,9,5697.075,0.23,1.0,1.0,0.0,0.0,0,0,0.0,1961.25,1,1,1.0,1961.25,1,1,1.0,11394.15,2,1,0.5,1
LGS2ORD0014518,C012399,2025-04-25 23:00:00,Male,47,Bronze,TV,Phuket,1082,Web,Credit_Card,23,4,4,0,40-50,36.06666666666667,2.0,2.0,1.0,24,37,5244.77,0.08,0.5,0.0,0.0,0.0,0,0,0.0,0.0,0,0,0.0,6002.89,1,1,1.0,10489.54,2,2,1.0,0
LGS2ORD0014519,C017379,2025-04-25 23:00:00,Male,51,Bronze,TV,Bangkok,1300,Shopee,PromptPay,23,4,4,0,>50,43.333333333333336,2.0,0.0,0.0,-1,18,1778.53,0.28,1.0,0.5,0.0,0.0,0,0,0.0,2457.23,1,0,0.0,3557.06,2,0,0.0,3557.06,2,0,0.0,0
LGS2ORD0014520,C011414,2025-04-26 00:00:00,Male,51,Bronze,CallCenter,Chiang Mai,1535,Shopee,Credit_Card,0,4,5,1,>50,51.166666666666664,2.0,1.0,0.5,24,38,7358.43,0.08,0.5,0.0,0.0,0.0,0,0,0.0,0.0,0,0,0.0,14716.86,2,1,0.5,14716.86,2,1,0.5,0
LGS2ORD0014521,C015693,2025-04-26 00:00:00,Other,37,Silver,TV,Bangkok,251,Lazada,COD,0,4,5,1,30-40,8.366666666666667,4.0,2.0,0.5,27,37,9728.942500000001,0.2,0.75,0.0,0.0,0.0,0,0,0.0,0.0,0,0,0.0,16421.510000000002,3,2,0.6666666666666666,38915.770000000004,4,2,0.5,0
LGS2ORD0014522,C011044,2025-04-26 00:00:00,Female,46,Silver,Web,Chonburi,1072,TV_Show,Credit_Card,0,4,5,1,40-50,35.733333333333334,1.0,0.0,0.0,-1,41,2022.06,0.3,0.0,1.0,0.0,0.0,0,0,0.0,0.0,0,0,0.0,2022.06,1,0,0.0,2022.06,1,0,0.0,0
LGS2ORD0014523,C016203,2025-04-26 00:00:00,Male,46,Bronze,Shopee,Remote_Area,1352,TV_Show,COD,0,4,5,1,40-50,45.06666666666667,4.0,0.0,0.0,-1,22,4036.215,0.23,1.0,0.5,0.0,0.0,0,0,0.0,3699.8,1,0,0.0,16144.86,4,0,0.0,16144.86,4,0,0.0,0
LGS2ORD0014524,C016454,2025-04-26 00:00:00,Male,43,Gold,Web,Chiang Mai,282,Shopee,Credit_Card,0,4,5,1,40-50,9.4,0.0,0.0,0.0,-1,-1,0.0,0.0,0.0,0.0,0.0,0.0,0,0,0.0,0.0,0,0,0.0,0.0,0,0,0.0,0.0,0,0,0.0,0
LGS2ORD0014525,C012303,2025-04-26 00:00:00,Male,39,Silver,TV,Nakhon Ratchasima,1314,CallCenter,COD,0,4,5,1,30-40,43.8,4.0,1.0,0.25,-6,5,4735.6475,0.3,0.25,0.25,0.0,2199.07,1,1,1.0,2199.07,1,1,1.0,17360.25,3,1,0.3333333333333333,18942.59,4,1,0.25,0
LGS2ORD0014526,C016319,2025-04-26 01:00:00,Female,30,Bronze,Shopee,Chonburi,188,TV_Show,Credit_Card,1,4,5,1,20-30,6.266666666666667,1.0,1.0,1.0,-7,4,880.91,0.08,1.0,0.0,0.0,880.91,1,1,1.0,880.91,1,1,1.0,880.91,1,1,1.0,880.91,1,1,1.0,1
LGS2ORD0014527,C011475,2025-04-26 01:00:00,Male,34,Bronze,TV,Bangkok,1290,Lazada,COD,1,4,5,1,30-40,43.0,3.0,1.0,0.3333333333333333,60,12,4433.036666666667,0.08,0.6666666666666666,0.0,0.0,0.0,0,0,0.0,8825.71,2,0,0.0,13299.11,3,1,0.3333333333333333,13299.11,3,1,0.3333333333333333,0
LGS2ORD0014528,C015064,2025-04-26 01:00:00,Female,46,Bronze,TV,Remote_Area,790,Shopee,COD,1,4,5,1,40-50,26.333333333333332,3.0,1.0,0.3333333333333333,66,83,4956.296666666666,0.28,0.6666666666666666,1.0,0.0,0.0,0,0,0.0,0.0,0,0,0.0,14868.89,3,1,0.3333333333333333,14868.89,3,1,0.3333333333333333,1
LGS2ORD0014529,C012447,2025-04-26 01:00:00,Female,61,Bronze,TV,Remote_Area,822,TV_Show,COD,1,4,5,1,>50,27.4,5.0,3.0,0.6,9,12,9356.062,0.18,0.8,0.0,0.0,0.0,0,0,0.0,16872.86,2,1,0.5,45507.47,4,2,0.5,46780.31,5,3,0.6,0
LGS2ORD0014530,C011138,2025-04-26 01:00:00,Male,51,Bronze,CallCenter,Phuket,202,CallCenter,COD,1,4,5,1,>50,6.733333333333333,0.0,0.0,0.0,-1,-1,0.0,0.0,0.0,0.0,0.0,0.0,0,0,0.0,0.0,0,0,0.0,0.0,0,0,0.0,0.0,0,0,0.0,1
LGS2ORD0014531,C011359,2025-04-26 02:00:00,Male,23,Silver,Web,Chonburi,1391,Web,COD,2,4,5,1,20-30,46.36666666666667,3.0,1.0,0.3333333333333333,99,49,1867.4600000000003,0.2,0.3333333333333333,0.0,0.0,0.0,0,0,0.0,0.0,0,0,0.0,5173.58,2,0,0.0,5602.380000000001,3,1,0.3333333333333333,0
LGS2ORD0014532,C010816,2025-04-26 02:00:00,Male,68,Silver,Shopee,Bangkok,457,CallCenter,PromptPay,2,4,5,1,>50,15.233333333333333,2.0,1.0,0.5,39,16,2240.685,0.1,0.5,0.0,0.0,0.0,0,0,0.0,895.96,1,0,0.0,4481.37,2,1,0.5,4481.37,2,1,0.5,0
LGS2ORD0014533,C016819,2025-04-26 02:00:00,Female,62,Bronze,TV,Bangkok,284,Shopee,Credit_Card,2,4,5,1,>50,9.466666666666667,4.0,1.0,0.25,58,17,7106.959999999999,0.28,0.5,0.5,0.0,0.0,0,0,0.0,5706.62,1,0,0.0,28427.839999999997,4,1,0.25,28427.839999999997,4,1,0.25,1
LGS2ORD0014534,C015428,2025-04-26 02:00:00,Male,58,Bronze,TV,Remote_Area,1192,TV_Show,Credit_Card,2,4,5,1,>50,39.733333333333334,2.0,0.0,0.0,-1,20,1693.35,0.28,1.0,0.5,0.0,0.0,0,0,0.0,3386.7,2,0,0.0,3386.7,2,0,0.0,3386.7,2,0,0.0,0
LGS2ORD0014535,C010686,2025-04-26 02:00:00,Male,43,Bronze,TV,Chiang Mai,1494,CallCenter,COD,2,4,5,1,40-50,49.8,4.0,1.0,0.25,34,26,2952.3375,0.23,0.75,0.25,0.0,0.0,0,0,0.0,1763.4,1,0,0.0,11809.35,4,1,0.25,11809.35,4,1,0.25,1
LGS2ORD0014536,C011714,2025-04-26 03:00:00,Female,35,Silver,Web,Bangkok,1056,Lazada,Bank_Transfer,3,4,5,1,30-40,35.2,3.0,2.0,0.6666666666666666,-5,3,6931.706666666666,0.2,0.3333333333333333,0.0,0.0,2332.07,1,1,1.0,2332.07,1,1,1.0,2332.07,1,1,1.0,20795.12,3,2,0.6666666666666666,0
LGS2ORD0014537,C016879,2025-04-26 03:00:00,Male,34,Gold,Web,Phuket,658,TV_Show,Credit_Card,3,4,5,1,30-40,21.933333333333334,1.0,0.0,0.0,-1,87,592.11,0.28,0.0,1.0,0.0,0.0,0,0,0.0,0.0,0,0,0.0,592.11,1,0,0.0,592.11,1,0,0.0,0
LGS2ORD0014538,C017859,2025-04-26 03:00:00,Male,28,Gold,Web,Nakhon Ratchasima,784,Shopee,Credit_Card,3,4,5,1,20-30,26.133333333333333,1.0,0.0,0.0,-1,4,1477.53,0.08,0.0,0.0,0.0,1477.53,1,0,0.0,1477.53,1,0,0.0,1477.53,1,0,0.0,1477.53,1,0,0.0,0
LGS2ORD0014539,C011245,2025-04-26 03:00:00,Male,46,Platinum,Web,Bangkok,139,Lazada,Bank_Transfer,3,4,5,1,40-50,4.633333333333334,1.0,1.0,1.0,3,13,3746.19,0.3,1.0,1.0,0.0,0.0,0,0,0.0,3746.19,1,1,1.0,3746.19,1,1,1.0,3746.19,1,1,1.0,0
LGS2ORD0014540,C010007,2025-04-26 03:00:00,Male,48,Gold,Shopee,Remote_Area,257,TV_Show,COD,3,4,5,1,40-50,8.566666666666666,3.0,1.0,0.3333333333333333,75,84,7195.709999999999,0.28,0.6666666666666666,0.6666666666666666,0.0,0.0,0,0,0.0,0.0,0,0,0.0,20019.53,1,1,1.0,21587.129999999997,3,1,0.3333333333333333,0
LGS2ORD0014541,C012627,2025-04-26 04:00:00,Female,48,Gold,Web,Bangkok,635,Lazada,Bank_Transfer,4,4,5,1,40-50,21.166666666666668,0.0,0.0,0.0,-1,-1,0.0,0.0,0.0,0.0,0.0,0.0,0,0,0.0,0.0,0,0,0.0,0.0,0,0,0.0,0.0,0,0,0.0,0
LGS2ORD0014542,C012185,2025-04-26 04:00:00,Female,49,Silver,Web,Khon Kaen,772,Shopee,COD,4,4,5,1,40-50,25.733333333333334,1.0,0.0,0.0,-1,51,5673.09,0.05,1.0,0.0,0.0,0.0,0,0,0.0,0.0,0,0,0.0,5673.09,1,0,0.0,5673.09,1,0,0.0,0
LGS2ORD0014543,C011475,2025-04-26 04:00:00,Male,34,Bronze,TV,Bangkok,1290,Lazada,COD,4,4,5,1,30-40,43.0,4.0,1.0,0.25,60,0,3508.19,0.08,0.75,0.0,0.0,733.65,1,0,0.0,9559.359999999999,3,0,0.0,14032.76,4,1,0.25,14032.76,4,1,0.25,0
LGS2ORD0014544,C011897,2025-04-26 04:00:00,Male,60,Platinum,Lazada,Khon Kaen,396,TV_Show,COD,4,4,5,1,>50,13.2,3.0,0.0,0.0,-1,12,2011.1833333333334,0.2,0.6666666666666666,0.0,0.0,0.0,0,0,0.0,3549.42,1,0,0.0,4454.82,2,0,0.0,6033.55,3,0,0.0,1
LGS2ORD0014545,C016931,2025-04-26 04:00:00,Male,41,Gold,Shopee,Bangkok,1068,Shopee,PromptPay,4,4,5,1,40-50,35.6,5.0,3.0,0.6,5,18,4764.404,0.33,0.2,0.4,0.0,0.0,0,0,0.0,15909.630000000001,2,1,0.5,23822.02,5,3,0.6,23822.02,5,3,0.6,0
LGS2ORD0014546,C010940,2025-04-26 04:00:00,Female,45,Gold,Shopee,Chonburi,279,TV_Show,COD,4,4,5,1,40-50,9.3,2.0,1.0,0.5,72,44,2308.175,0.2299999999999999,0.5,0.5,0.0,0.0,0,0,0.0,0.0,0,0,0.0,4616.35,2,1,0.5,4616.35,2,1,0.5,0
LGS2ORD0014547,C017983,2025-04-26 05:00:00,Male,39,Platinum,Shopee,Bangkok,887,TV_Show,PromptPay,5,4,5,1,30-40,29.566666666666666,1.0,0.0,0.0,-1,56,8236.6,0.1,1.0,0.0,0.0,0.0,0,0,0.0,0.0,0,0,0.0,8236.6,1,0,0.0,8236.6,1,0,0.0,0
LGS2ORD0014548,C015329,2025-04-26 05:00:00,Male,52,Bronze,Shopee,Phuket,416,Shopee,COD,5,4,5,1,>50,13.866666666666667,1.0,1.0,1.0,60,68,1558.3,0.13,1.0,0.0,0.0,0.0,0,0,0.0,0.0,0,0,0.0,1558.3,1,1,1.0,1558.3,1,1,1.0,0
LGS2ORD0014549,C012810,2025-04-26 05:00:00,Female,49,Bronze,CallCenter,Chonburi,318,TV_Show,PromptPay,5,4,5,1,40-50,10.6,4.0,1.0,0.25,7,11,4406.525,0.18,1.0,0.0,0.0,0.0,0,0,0.0,3343.23,1,1,1.0,16763.79,3,1,0.3333333333333333,17626.1,4,1,0.25,0
LGS2ORD0014550,C012957,2025-04-26 05:00:00,Male,53,Silver,TV,Chonburi,712,CallCenter,Credit_Card,5,4,5,1,>50,23.733333333333334,2.0,1.0,0.5,99,105,1833.03,0.2,0.5,0.0,0.0,0.0,0,0,0.0,0.0,0,0,0.0,0.0,0,0,0.0,3666.06,2,1,0.5,0
LGS2ORD0014551,C014736,2025-04-26 05:00:00,Male,33,Gold,Lazada,Chonburi,1535,Shopee,Credit_Card,5,4,5,1,30-40,51.166666666666664,0.0,0.0,0.0,-1,-1,0.0,0.0,0.0,0.0,0.0,0.0,0,0,0.0,0.0,0,0,0.0,0.0,0,0,0.0,0.0,0,0,0.0,0
LGS2ORD0014552,C012135,2025-04-26 06:00:00,Female,60,Silver,Web,Bangkok,737,CallCenter,Credit_Card,6,4,5,1,>50,24.566666666666666,1.0,1.0,1.0,27,42,263.88,0.3,1.0,1.0,0.0,0.0,0,0,0.0,0.0,0,0,0.0,263.88,1,1,1.0,263.88,1,1,1.0,0
LGS2ORD0014553,C010663,2025-04-26 06:00:00,Male,32,Bronze,TV,Songkhla,1112,Shopee,Credit_Card,6,4,5,1,30-40,37.06666666666667,5.0,0.0,0.0,-1,2,4048.602,0.23,0.4,0.4,0.0,1565.05,1,0,0.0,12392.929999999998,2,0,0.0,20243.01,5,0,0.0,20243.01,5,0,0.0,1
LGS2ORD0014554,C015493,2025-04-26 06:00:00,Male,28,Gold,Lazada,Nakhon Ratchasima,1353,Web,Credit_Card,6,4,5,1,20-30,45.1,0.0,0.0,0.0,-1,-1,0.0,0.0,0.0,0.0,0.0,0.0,0,0,0.0,0.0,0,0,0.0,0.0,0,0,0.0,0.0,0,0,0.0,0
LGS2ORD0014555,C012965,2025-04-26 06:00:00,Male,61,Bronze,TV,Bangkok,1048,Shopee,COD,6,4,5,1,>50,34.93333333333333,3.0,0.0,0.0,-1,47,7471.759999999999,0.23,0.6666666666666666,0.3333333333333333,0.0,0.0,0,0,0.0,0.0,0,0,0.0,1351.6,1,0,0.0,22415.28,3,0,0.0,0
LGS2ORD0014556,C011993,2025-04-26 06:00:00,Male,54,Silver,TV,Nakhon Ratchasima,1344,CallCenter,COD,6,4,5,1,>50,44.8,2.0,0.0,0.0,-1,49,2002.0549999999998,0.2,0.0,0.0,0.0,0.0,0,0,0.0,0.0,0,0,0.0,1695.57,1,0,0.0,4004.1099999999997,2,0,0.0,0
LGS2ORD0014557,C014064,2025-04-26 07:00:00,Male,33,Bronze,Web,Phuket,414,CallCenter,COD,7,4,5,1,30-40,13.8,1.0,0.0,0.0,-1,32,8012.69,0.08,1.0,0.0,0.0,0.0,0,0,0.0,0.0,0,0,0.0,8012.69,1,0,0.0,8012.69,1,0,0.0,0
LGS2ORD0014558,C017510,2025-04-26 07:00:00,Male,32,Gold,CallCenter,Khon Kaen,1417,Web,Credit_Card,7,4,5,1,30-40,47.233333333333334,2.0,2.0,1.0,3,14,3913.6800000000003,0.08,1.0,0.0,0.0,0.0,0,0,0.0,4408.22,1,1,1.0,4408.22,1,1,1.0,7827.360000000001,2,2,1.0,0
LGS2ORD0014559,C015237,2025-04-26 07:00:00,Other,30,Bronze,Web,Khon Kaen,1120,Lazada,Bank_Transfer,7,4,5,1,20-30,37.333333333333336,3.0,1.0,0.3333333333333333,33,33,3805.883333333333,0.23,0.0,0.6666666666666666,0.0,0.0,0,0,0.0,0.0,0,0,0.0,11417.65,3,1,0.3333333333333333,11417.65,3,1,0.3333333333333333,0
LGS2ORD0014560,C013453,2025-04-26 07:00:00,Female,41,Bronze,CallCenter,Bangkok,1392,Lazada,Credit_Card,7,4,5,1,40-50,46.4,2.0,2.0,1.0,57,59,1695.275,0.28,0.5,0.5,0.0,0.0,0,0,0.0,0.0,0,0,0.0,1054.03,1,1,1.0,3390.55,2,2,1.0,0
LGS2ORD0014561,C013235,2025-04-26 07:00:00,Male,43,Gold,Web,Nakhon Ratchasima,1095,Web,Credit_Card,7,4,5,1,40-50,36.5,2.0,0.0,0.0,-1,56,2165.485,0.18,0.0,0.0,0.0,0.0,0,0,0.0,0.0,0,0,0.0,2898.57,1,0,0.0,4330.97,2,0,0.0,0
LGS2ORD0014562,C012717,2025-04-26 08:00:00,Male,58,Bronze,Shopee,Chonburi,1373,Web,Bank_Transfer,8,4,5,1,>50,45.766666666666666,5.0,1.0,0.2,54,4,2597.444,0.18,0.6,0.0,0.0,789.57,1,0,0.0,789.57,1,0,0.0,7163.9,3,1,0.3333333333333333,12987.22,5,1,0.2,0
LGS2ORD0014563,C013392,2025-04-26 08:00:00,Male,51,Silver,Web,Phuket,1454,TV_Show,COD,8,4,5,1,>50,48.46666666666667,3.0,0.0,0.0,-1,2,2911.2166666666667,0.3,0.6666666666666666,0.3333333333333333,0.0,7104.45,1,0,0.0,7691.639999999999,2,0,0.0,7691.639999999999,2,0,0.0,8733.65,3,0,0.0,1
LGS2ORD0014564,C013085,2025-04-26 08:00:00,Male,66,Bronze,TV,Nakhon Ratchasima,1513,CallCenter,COD,8,4,5,1,>50,50.43333333333333,1.0,0.0,0.0,-1,97,10940.75,0.23,0.0,1.0,0.0,0.0,0,0,0.0,0.0,0,0,0.0,0.0,0,0,0.0,10940.75,1,0,0.0,0
LGS2ORD0014565,C013950,2025-04-26 08:00:00,Male,42,Bronze,TV,Nakhon Ratchasima,1508,TV_Show,PromptPay,8,4,5,1,40-50,50.266666666666666,2.0,0.0,0.0,-1,89,2180.45,0.18,0.5,0.0,0.0,0.0,0,0,0.0,0.0,0,0,0.0,3599.41,1,0,0.0,4360.9,2,0,0.0,0
LGS2ORD0014566,C010385,2025-04-26 08:00:00,Male,48,Silver,CallCenter,Bangkok,382,Shopee,Credit_Card,8,4,5,1,40-50,12.733333333333333,3.0,0.0,0.0,-1,35,9299.196666666669,0.1,0.3333333333333333,0.0,0.0,0.0,0,0,0.0,0.0,0,0,0.0,27897.590000000004,3,0,0.0,27897.590000000004,3,0,0.0,0
LGS2ORD0014567,C014290,2025-04-26 08:00:00,Female,48,Bronze,Shopee,Bangkok,230,Shopee,Credit_Card,8,4,5,1,40-50,7.666666666666667,1.0,0.0,0.0,-1,67,3903.38,0.03,0.0,0.0,0.0,0.0,0,0,0.0,0.0,0,0,0.0,3903.38,1,0,0.0,3903.38,1,0,0.0,0
LGS2ORD0014568,C017544,2025-04-26 09:00:00,Female,51,Bronze,CallCenter,Bangkok,790,Shopee,Credit_Card,9,4,5,1,>50,26.333333333333332,4.0,1.0,0.25,29,31,10954.5425,0.23,0.25,0.25,0.0,0.0,0,0,0.0,0.0,0,0,0.0,43818.17,4,1,0.25,43818.17,4,1,0.25,0
LGS2ORD0014569,C016410,2025-04-26 09:00:00,Female,44,Silver,Shopee,Chonburi,1552,CallCenter,COD,9,4,5,1,40-50,51.733333333333334,0.0,0.0,0.0,-1,-1,0.0,0.0,0.0,0.0,0.0,0.0,0,0,0.0,0.0,0,0,0.0,0.0,0,0,0.0,0.0,0,0,0.0,1
LGS2ORD0014570,C010741,2025-04-26 09:00:00,Male,24,Gold,TV,Phuket,1330,TV_Show,Bank_Transfer,9,4,5,1,20-30,44.333333333333336,0.0,0.0,0.0,-1,-1,0.0,0.0,0.0,0.0,0.0,0.0,0,0,0.0,0.0,0,0,0.0,0.0,0,0,0.0,0.0,0,0,0.0,1
LGS2ORD0014571,C017032,2025-04-26 09:00:00,Female,36,Bronze,CallCenter,Nakhon Ratchasima,779,Lazada,COD,9,4,5,1,30-40,25.966666666666665,1.0,0.0,0.0,-1,55,3932.79,0.13,1.0,0.0,0.0,0.0,0,0,0.0,0.0,0,0,0.0,3932.79,1,0,0.0,3932.79,1,0,0.0,0
LGS2ORD0014572,C012691,2025-04-26 09:00:00,Other,31,Bronze,TV,Nakhon Ratchasima,838,TV_Show,PromptPay,9,4,5,1,30-40,27.933333333333334,2.0,0.0,0.0,-1,7,21184.339999999997,0.28,1.0,0.5,0.0,0.0,0,0,0.0,34612.52,1,0,0.0,42368.67999999999,2,0,0.0,42368.67999999999,2,0,0.0,0
LGS2ORD0014573,C010473,2025-04-26 10:00:00,Male,44,Gold,TV,Phuket,169,Lazada,Credit_Card,10,4,5,1,40-50,5.633333333333334,2.0,0.0,0.0,-1,47,3490.735,0.13,0.0,0.0,0.0,0.0,0,0,0.0,0.0,0,0,0.0,2247.29,1,0,0.0,6981.47,2,0,0.0,1
LGS2ORD0014574,C017657,2025-04-26 10:00:00,Female,58,Gold,TV,Nakhon Ratchasima,718,TV_Show,COD,10,4,5,1,>50,23.933333333333334,1.0,1.0,1.0,59,72,1616.0,0.28,0.0,1.0,0.0,0.0,0,0,0.0,0.0,0,0,0.0,1616.0,1,1,1.0,1616.0,1,1,1.0,0
LGS2ORD0014575,C016088,2025-04-26 10:00:00,Female,28,Gold,Shopee,Bangkok,178,Web,Credit_Card,10,4,5,1,20-30,5.933333333333334,2.0,0.0,0.0,-1,11,1665.7400000000002,0.18,1.0,0.0,0.0,0.0,0,0,0.0,1161.18,1,0,0.0,3331.4800000000005,2,0,0.0,3331.4800000000005,2,0,0.0,0
LGS2ORD0014576,C011411,2025-04-26 10:00:00,Male,22,Silver,CallCenter,Bangkok,548,TV_Show,PromptPay,10,4,5,1,20-30,18.266666666666666,1.0,0.0,0.0,-1,16,1521.07,0.05,1.0,0.0,0.0,0.0,0,0,0.0,1521.07,1,0,0.0,1521.07,1,0,0.0,1521.07,1,0,0.0,0
LGS2ORD0014577,C012934,2025-04-26 10:00:00,Female,42,Bronze,Lazada,Phuket,932,Web,PromptPay,10,4,5,1,40-50,31.066666666666666,3.0,3.0,1.0,28,38,2474.53,0.23,0.3333333333333333,0.3333333333333333,0.0,0.0,0,0,0.0,0.0,0,0,0.0,7423.59,3,3,1.0,7423.59,3,3,1.0,0
LGS2ORD0014578,C015185,2025-04-26 11:00:00,Female,50,Gold,TV,Chonburi,436,Shopee,Credit_Card,11,4,5,1,40-50,14.533333333333333,3.0,2.0,0.6666666666666666,4,11,2364.7133333333336,0.28,0.6666666666666666,1.0,0.0,0.0,0,0,0.0,4569.43,2,2,1.0,7094.14,3,2,0.6666666666666666,7094.14,3,2,0.6666666666666666,0
LGS2ORD0014579,C011474,2025-04-26 11:00:00,Female,23,Silver,Web,Remote_Area,396,Shopee,COD,11,4,5,1,20-30,13.2,1.0,1.0,1.0,-9,3,10696.74,0.05,1.0,0.0,0.0,10696.74,1,1,1.0,10696.74,1,1,1.0,10696.74,1,1,1.0,10696.74,1,1,1.0,0
LGS2ORD0014580,C011485,2025-04-26 11:00:00,Male,37,Gold,Lazada,Nakhon Ratchasima,515,Shopee,Credit_Card,11,4,5,1,30-40,17.166666666666668,3.0,0.0,0.0,-1,5,2369.02,0.28,0.3333333333333333,0.3333333333333333,0.0,758.8,1,0,0.0,758.8,1,0,0.0,2272.8199999999997,2,0,0.0,7107.06,3,0,0.0,0
LGS2ORD0014581,C016395,2025-04-26 11:00:00,Male,45,Bronze,Shopee,Nakhon Ratchasima,1011,Web,PromptPay,11,4,5,1,40-50,33.7,5.0,2.0,0.4,2,5,4072.4300000000003,0.28,0.6,0.6,0.0,8236.48,1,0,0.0,10874.17,3,1,0.3333333333333333,20362.15,5,2,0.4,20362.15,5,2,0.4,1
LGS2ORD0014582,C014740,2025-04-26 11:00:00,Female,43,Bronze,CallCenter,Khon Kaen,556,TV_Show,Credit_Card,11,4,5,1,40-50,18.533333333333335,1.0,0.0,0.0,-1,3,1664.48,0.23,1.0,1.0,0.0,1664.48,1,0,0.0,1664.48,1,0,0.0,1664.48,1,0,0.0,1664.48,1,0,0.0,1
LGS2ORD0014583,C017921,2025-04-26 12:00:00,Other,60,Bronze,Web,Nakhon Ratchasima,859,Web,COD,12,4,5,1,>50,28.633333333333333,3.0,1.0,0.3333333333333333,77,27,5876.916666666667,0.18,0.3333333333333333,0.0,0.0,0.0,0,0,0.0,14633.62,1,0,0.0,15627.480000000001,2,1,0.5,17630.75,3,1,0.3333333333333333,0
LGS2ORD0014584,C012405,2025-04-26 12:00:00,Male,40,Gold,TV,Chonburi,650,TV_Show,Credit_Card,12,4,5,1,30-40,21.666666666666668,0.0,0.0,0.0,-1,-1,0.0,0.0,0.0,0.0,0.0,0.0,0,0,0.0,0.0,0,0,0.0,0.0,0,0,0.0,0.0,0,0,0.0,0
LGS2ORD0014585,C014040,2025-04-26 12:00:00,Female,56,Bronze,Lazada,Bangkok,1372,Web,COD,12,4,5,1,>50,45.733333333333334,0.0,0.0,0.0,-1,-1,0.0,0.0,0.0,0.0,0.0,0.0,0,0,0.0,0.0,0,0,0.0,0.0,0,0,0.0,0.0,0,0,0.0,0
LGS2ORD0014586,C010340,2025-04-26 12:00:00,Male,53,Platinum,Shopee,Khon Kaen,1306,Lazada,Credit_Card,12,4,5,1,>50,43.53333333333333,5.0,1.0,0.2,37,9,1564.632,0.15,1.0,0.0,0.0,0.0,0,0,0.0,3869.13,2,0,0.0,7823.16,5,1,0.2,7823.16,5,1,0.2,0
LGS2ORD0014587,C016591,2025-04-26 12:00:00,Male,34,Bronze,Shopee,Remote_Area,845,TV_Show,COD,12,4,5,1,30-40,28.166666666666668,2.0,0.0,0.0,-1,29,4447.24,0.18,0.5,0.0,0.0,0.0,0,0,0.0,2461.93,1,0,0.0,8894.48,2,0,0.0,8894.48,2,0,0.0,1
LGS2ORD0014588,C011647,2025-04-26 12:00:00,Female,40,Bronze,Lazada,Remote_Area,843,TV_Show,COD,12,4,5,1,30-40,28.1,6.0,2.0,0.3333333333333333,40,25,3664.58,0.28,0.5,0.16666666666666666,0.0,0.0,0,0,0.0,1337.44,1,0,0.0,21987.48,6,2,0.3333333333333333,21987.48,6,2,0.3333333333333333,0
LGS2ORD0014589,C015247,2025-04-26 13:00:00,Female,25,Silver,CallCenter,Chonburi,1188,Lazada,Bank_Transfer,13,4,5,1,20-30,39.6,5.0,0.0,0.0,-1,9,13885.437999999998,0.25,0.2,0.2,0.0,0.0,0,0,0.0,2887.9,1,0,0.0,55376.03999999999,4,0,0.0,69427.18999999999,5,0,0.0,0
LGS2ORD0014590,C017251,2025-04-26 13:00:00,Female,51,Gold,Shopee,Khon Kaen,605,Shopee,COD,13,4,5,1,>50,20.166666666666668,2.0,0.0,0.0,-1,29,13327.810000000001,0.13,0.5,0.0,0.0,0.0,0,0,0.0,8156.24,1,0,0.0,26655.620000000003,2,0,0.0,26655.620000000003,2,0,0.0,0
LGS2ORD0014591,C015315,2025-04-26 13:00:00,Male,49,Bronze,TV,Chiang Mai,1275,Shopee,COD,13,4,5,1,40-50,42.5,3.0,2.0,0.6666666666666666,60,63,2597.806666666667,0.23,0.6666666666666666,0.3333333333333333,0.0,0.0,0,0,0.0,0.0,0,0,0.0,7793.42,3,2,0.6666666666666666,7793.42,3,2,0.6666666666666666,0
LGS2ORD0014592,C014563,2025-04-26 13:00:00,Female,33,Bronze,Web,Bangkok,864,Web,COD,13,4,5,1,30-40,28.8,2.0,0.0,0.0,-1,4,1516.61,0.23,0.5,1.0,0.0,887.93,1,0,0.0,3033.22,2,0,0.0,3033.22,2,0,0.0,3033.22,2,0,0.0,1
LGS2ORD0014593,C012306,2025-04-26 13:00:00,Male,31,Bronze,Shopee,Bangkok,1527,TV_Show,COD,13,4,5,1,30-40,50.9,1.0,0.0,0.0,-1,38,1409.12,0.03,0.0,0.0,0.0,0.0,0,0,0.0,0.0,0,0,0.0,1409.12,1,0,0.0,1409.12,1,0,0.0,0
LGS2ORD0014594,C017749,2025-04-26 14:00:00,Male,40,Gold,Web,Khon Kaen,1415,TV_Show,Credit_Card,14,4,5,1,30-40,47.166666666666664,3.0,0.0,0.0,-1,5,4923.946666666667,0.28,0.3333333333333333,0.3333333333333333,0.0,3210.17,1,0,0.0,10714.89,2,0,0.0,14771.84,3,0,0.0,14771.84,3,0,0.0,0
LGS2ORD0014595,C015254,2025-04-26 14:00:00,Female,44,Silver,TV,Nakhon Ratchasima,1520,Shopee,COD,14,4,5,1,40-50,50.666666666666664,1.0,1.0,1.0,85,93,5527.9,0.2,1.0,0.0,0.0,0.0,0,0,0.0,0.0,0,0,0.0,0.0,0,0,0.0,5527.9,1,1,1.0,1
LGS2ORD0014596,C017171,2025-04-26 14:00:00,Female,32,Silver,Shopee,Songkhla,591,TV_Show,COD,14,4,5,1,30-40,19.7,2.0,1.0,0.5,66,42,10936.57,0.25,0.5,0.5,0.0,0.0,0,0,0.0,0.0,0,0,0.0,21873.14,2,1,0.5,21873.14,2,1,0.5,0
LGS2ORD0014597,C017188,2025-04-26 14:00:00,Female,37,Bronze,Web,Chiang Mai,481,CallCenter,Credit_Card,14,4,5,1,30-40,16.033333333333335,2.0,1.0,0.5,22,32,7681.105,0.18,1.0,0.0,0.0,0.0,0,0,0.0,0.0,0,0,0.0,15362.21,2,1,0.5,15362.21,2,1,0.5,0
LGS2ORD0014598,C015527,2025-04-26 14:00:00,Male,58,Bronze,Lazada,Bangkok,300,Shopee,Bank_Transfer,14,4,5,1,>50,10.0,1.0,0.0,0.0,-1,72,1266.26,0.08,0.0,0.0,0.0,0.0,0,0,0.0,0.0,0,0,0.0,1266.26,1,0,0.0,1266.26,1,0,0.0,0
LGS2ORD0014599,C014867,2025-04-26 15:00:00,Female,41,Bronze,TV,Remote_Area,860,Lazada,Credit_Card,15,4,5,1,40-50,28.666666666666668,3.0,0.0,0.0,-1,1,8156.18,0.23,0.6666666666666666,0.3333333333333333,0.0,3603.56,1,0,0.0,13437.57,2,0,0.0,24468.54,3,0,0.0,24468.54,3,0,0.0,0
LGS2ORD0014600,C012163,2025-04-26 15:00:00,Female,45,Gold,Web,Bangkok,462,TV_Show,Credit_Card,15,4,5,1,40-50,15.4,1.0,0.0,0.0,-1,49,4754.55,0.08,0.0,0.0,0.0,0.0,0,0,0.0,0.0,0,0,0.0,4754.55,1,0,0.0,4754.55,1,0,0.0,0
LGS2ORD0014601,C015664,2025-04-26 15:00:00,Female,37,Bronze,CallCenter,Remote_Area,1307,TV_Show,Credit_Card,15,4,5,1,30-40,43.56666666666667,2.0,0.0,0.0,-1,3,13215.735,0.18,1.0,0.0,0.0,18927.05,1,0,0.0,26431.47,2,0,0.0,26431.47,2,0,0.0,26431.47,2,0,0.0,1
LGS2ORD0014602,C016606,2025-04-26 15:00:00,Female,50,Bronze,TV,Chiang Mai,1431,Web,COD,15,4,5,1,40-50,47.7,0.0,0.0,0.0,-1,-1,0.0,0.0,0.0,0.0,0.0,0.0,0,0,0.0,0.0,0,0,0.0,0.0,0,0,0.0,0.0,0,0,0.0,1
LGS2ORD0014603,C014973,2025-04-26 15:00:00,Male,27,Silver,TV,Chiang Mai,978,Shopee,COD,15,4,5,1,20-30,32.6,3.0,0.0,0.0,-1,31,3658.903333333333,0.3,0.3333333333333333,0.3333333333333333,0.0,0.0,0,0,0.0,0.0,0,0,0.0,5305.389999999999,2,0,0.0,10976.71,3,0,0.0,1
LGS2ORD0014604,C012056,2025-04-26 16:00:00,Female,37,Silver,Shopee,Nakhon Ratchasima,1540,Lazada,Credit_Card,16,4,5,1,30-40,51.333333333333336,0.0,0.0,0.0,-1,-1,0.0,0.0,0.0,0.0,0.0,0.0,0,0,0.0,0.0,0,0,0.0,0.0,0,0,0.0,0.0,0,0,0.0,0
LGS2ORD0014605,C014546,2025-04-26 16:00:00,Male,39,Bronze,Shopee,Khon Kaen,1007,Web,Bank_Transfer,16,4,5,1,30-40,33.56666666666667,2.0,1.0,0.5,56,68,10359.34,0.28,0.5,0.5,0.0,0.0,0,0,0.0,0.0,0,0,0.0,20718.68,2,1,0.5,20718.68,2,1,0.5,0
LGS2ORD0014606,C013663,2025-04-26 16:00:00,Female,65,Bronze,Web,Chiang Mai,1315,Web,COD,16,4,5,1,>50,43.833333333333336,1.0,0.0,0.0,-1,28,846.81,0.23,0.0,1.0,0.0,0.0,0,0,0.0,846.81,1,0,0.0,846.81,1,0,0.0,846.81,1,0,0.0,0
LGS2ORD0014607,C016734,2025-04-26 16:00:00,Male,46,Bronze,Lazada,Remote_Area,1138,CallCenter,Credit_Card,16,4,5,1,40-50,37.93333333333333,0.0,0.0,0.0,-1,-1,0.0,0.0,0.0,0.0,0.0,0.0,0,0,0.0,0.0,0,0,0.0,0.0,0,0,0.0,0.0,0,0,0.0,1
LGS2ORD0014608,C011708,2025-04-26 16:00:00,Male,44,Platinum,CallCenter,Chiang Mai,254,TV_Show,Credit_Card,16,4,5,1,40-50,8.466666666666667,1.0,0.0,0.0,-1,34,2221.83,0.15,0.0,0.0,0.0,0.0,0,0,0.0,0.0,0,0,0.0,2221.83,1,0,0.0,2221.83,1,0,0.0,0
LGS2ORD0014609,C016075,2025-04-26 16:00:00,Female,51,Bronze,Web,Bangkok,1030,CallCenter,COD,16,4,5,1,>50,34.333333333333336,0.0,0.0,0.0,-1,-1,0.0,0.0,0.0,0.0,0.0,0.0,0,0,0.0,0.0,0,0,0.0,0.0,0,0,0.0,0.0,0,0,0.0,0
LGS2ORD0014610,C015068,2025-04-26 17:00:00,Male,48,Bronze,TV,Chiang Mai,1103,Lazada,PromptPay,17,4,5,1,40-50,36.766666666666666,2.0,1.0,0.5,106,28,1171.69,0.08,1.0,0.0,0.0,0.0,0,0,0.0,1448.14,1,0,0.0,1448.14,1,0,0.0,2343.38,2,1,0.5,0
LGS2ORD0014611,C016681,2025-04-26 17:00:00,Male,43,Gold,TV,Bangkok,1299,Lazada,COD,17,4,5,1,40-50,43.3,1.0,0.0,0.0,-1,60,11856.12,0.08,0.0,0.0,0.0,0.0,0,0,0.0,0.0,0,0,0.0,11856.12,1,0,0.0,11856.12,1,0,0.0,0
LGS2ORD0014612,C015553,2025-04-26 17:00:00,Female,18,Bronze,Shopee,Chiang Mai,414,Shopee,COD,17,4,5,1,<20,13.8,2.0,1.0,0.5,96,83,3472.545,0.28,1.0,0.5,0.0,0.0,0,0,0.0,0.0,0,0,0.0,811.89,1,0,0.0,6945.09,2,1,0.5,1
LGS2ORD0014613,C013598,2025-04-26 17:00:00,Male,27,Bronze,CallCenter,Phuket,1494,Lazada,Bank_Transfer,17,4,5,1,20-30,49.8,1.0,0.0,0.0,-1,89,5214.08,0.03,0.0,0.0,0.0,0.0,0,0,0.0,0.0,0,0,0.0,5214.08,1,0,0.0,5214.08,1,0,0.0,0
LGS2ORD0014614,C010913,2025-04-26 17:00:00,Female,48,Bronze,TV,Remote_Area,829,TV_Show,COD,17,4,5,1,40-50,27.633333333333333,1.0,0.0,0.0,-1,103,20133.73,0.03,0.0,0.0,0.0,0.0,0,0,0.0,0.0,0,0,0.0,0.0,0,0,0.0,20133.73,1,0,0.0,0
LGS2ORD0014615,C013362,2025-04-26 18:00:00,Female,33,Platinum,Web,Chiang Mai,1175,Shopee,COD,18,4,5,1,30-40,39.166666666666664,3.0,1.0,0.3333333333333333,59,64,654.3066666666667,0.3,0.3333333333333333,0.6666666666666666,0.0,0.0,0,0,0.0,0.0,0,0,0.0,1199.17,2,1,0.5,1962.92,3,1,0.3333333333333333,0
LGS2ORD0014616,C014872,2025-04-26 18:00:00,Male,46,Bronze,CallCenter,Nakhon Ratchasima,466,TV_Show,COD,18,4,5,1,40-50,15.533333333333333,5.0,1.0,0.2,75,3,8226.394,0.23,0.2,0.2,0.0,8564.24,1,0,0.0,13434.76,2,0,0.0,25992.660000000003,4,1,0.25,41131.97,5,1,0.2,1
LGS2ORD0014617,C016801,2025-04-26 18:00:00,Female,30,Gold,Web,Nakhon Ratchasima,573,Web,PromptPay,18,4,5,1,20-30,19.1,3.0,1.0,0.3333333333333333,26,35,2817.1233333333334,0.18,0.6666666666666666,0.0,0.0,0.0,0,0,0.0,0.0,0,0,0.0,6710.63,2,1,0.5,8451.37,3,1,0.3333333333333333,1
LGS2ORD0014618,C011294,2025-04-26 18:00:00,Female,29,Silver,TV,Bangkok,898,Lazada,COD,18,4,5,1,20-30,29.933333333333334,2.0,0.0,0.0,-1,30,1819.1399999999999,0.25,0.0,0.5,0.0,0.0,0,0,0.0,0.0,0,0,0.0,3638.2799999999997,2,0,0.0,3638.2799999999997,2,0,0.0,1
LGS2ORD0014619,C010346,2025-04-26 18:00:00,Female,25,Bronze,Lazada,Nakhon Ratchasima,1034,Shopee,COD,18,4,5,1,20-30,34.46666666666667,1.0,0.0,0.0,-1,21,1085.96,0.23,1.0,1.0,0.0,0.0,0,0,0.0,1085.96,1,0,0.0,1085.96,1,0,0.0,1085.96,1,0,0.0,0
LGS2ORD0014620,C011874,2025-04-26 19:00:00,Male,43,Bronze,Shopee,Bangkok,1310,Lazada,PromptPay,19,4,5,1,40-50,43.666666666666664,0.0,0.0,0.0,-1,-1,0.0,0.0,0.0,0.0,0.0,0.0,0,0,0.0,0.0,0,0,0.0,0.0,0,0,0.0,0.0,0,0,0.0,0
LGS2ORD0014621,C011473,2025-04-26 19:00:00,Female,43,Bronze,Lazada,Songkhla,1180,Shopee,COD,19,4,5,1,40-50,39.333333333333336,0.0,0.0,0.0,-1,-1,0.0,0.0,0.0,0.0,0.0,0.0,0,0,0.0,0.0,0,0,0.0,0.0,0,0,0.0,0.0,0,0,0.0,0
LGS2ORD0014622,C010747,2025-04-26 19:00:00,Female,49,Silver,TV,Bangkok,915,CallCenter,COD,19,4,5,1,40-50,30.5,2.0,0.0,0.0,-1,26,5891.9,0.25,0.5,0.5,0.0,0.0,0,0,0.0,7733.19,1,0,0.0,11783.8,2,0,0.0,11783.8,2,0,0.0,0
LGS2ORD0014623,C017643,2025-04-26 19:00:00,Male,37,Silver,Web,Songkhla,604,TV_Show,Credit_Card,19,4,5,1,30-40,20.133333333333333,1.0,0.0,0.0,-1,70,36505.04,0.1,1.0,0.0,0.0,0.0,0,0,0.0,0.0,0,0,0.0,36505.04,1,0,0.0,36505.04,1,0,0.0,0
LGS2ORD0014624,C014190,2025-04-26 19:00:00,Female,39,Silver,CallCenter,Chiang Mai,949,Shopee,PromptPay,19,4,5,1,30-40,31.633333333333333,0.0,0.0,0.0,-1,-1,0.0,0.0,0.0,0.0,0.0,0.0,0,0,0.0,0.0,0,0,0.0,0.0,0,0,0.0,0.0,0,0,0.0,0
LGS2ORD0014625,C015053,2025-04-26 19:00:00,Female,30,Bronze,Shopee,Remote_Area,869,Shopee,COD,19,4,5,1,20-30,28.966666666666665,2.0,1.0,0.5,94,105,6411.389999999999,0.28,0.5,0.5,0.0,0.0,0,0,0.0,0.0,0,0,0.0,0.0,0,0,0.0,12822.779999999999,2,1,0.5,1
LGS2ORD0014626,C017741,2025-04-26 20:00:00,Male,34,Silver,Lazada,Chiang Mai,1522,TV_Show,COD,20,4,5,1,30-40,50.733333333333334,3.0,1.0,0.3333333333333333,102,34,6582.616666666668,0.1,0.6666666666666666,0.0,0.0,0.0,0,0,0.0,0.0,0,0,0.0,15105.04,2,0,0.0,19747.850000000002,3,1,0.3333333333333333,0
LGS2ORD0014627,C016573,2025-04-26 20:00:00,Female,52,Gold,Shopee,Khon Kaen,619,CallCenter,COD,20,4,5,1,>50,20.633333333333333,0.0,0.0,0.0,-1,-1,0.0,0.0,0.0,0.0,0.0,0.0,0,0,0.0,0.0,0,0,0.0,0.0,0,0,0.0,0.0,0,0,0.0,0
LGS2ORD0014628,C017873,2025-04-26 20:00:00,Male,65,Gold,Shopee,Bangkok,936,Shopee,COD,20,4,5,1,>50,31.2,3.0,0.0,0.0,-1,69,9560.363333333333,0.18,0.3333333333333333,0.0,0.0,0.0,0,0,0.0,0.0,0,0,0.0,25166.32,2,0,0.0,28681.09,3,0,0.0,0
LGS2ORD0014629,C016593,2025-04-26 20:00:00,Female,50,Silver,Web,Bangkok,608,TV_Show,PromptPay,20,4,5,1,40-50,20.266666666666666,2.0,1.0,0.5,20,25,11031.645,0.25,1.0,0.5,0.0,0.0,0,0,0.0,3754.0,1,1,1.0,22063.29,2,1,0.5,22063.29,2,1,0.5,1
LGS2ORD0014630,C010817,2025-04-26 20:00:00,Female,41,Silver,Web,Remote_Area,190,Web,Credit_Card,20,4,5,1,40-50,6.333333333333333,1.0,0.0,0.0,-1,39,1408.07,0.15,0.0,0.0,0.0,0.0,0,0,0.0,0.0,0,0,0.0,1408.07,1,0,0.0,1408.07,1,0,0.0,1
LGS2ORD0014631,C011592,2025-04-26 21:00:00,Male,25,Bronze,Shopee,Remote_Area,252,Lazada,COD,21,4,5,1,20-30,8.4,1.0,0.0,0.0,-1,59,585.69,0.28,1.0,1.0,0.0,0.0,0,0,0.0,0.0,0,0,0.0,585.69,1,0,0.0,585.69,1,0,0.0,0
LGS2ORD0014632,C014348,2025-04-26 21:00:00,Male,18,Silver,Lazada,Phuket,819,CallCenter,COD,21,4,5,1,<20,27.3,3.0,2.0,0.6666666666666666,64,4,4468.576666666667,0.25,1.0,0.3333333333333333,0.0,1401.59,1,0,0.0,1401.59,1,0,0.0,11582.380000000001,2,1,0.5,13405.730000000001,3,2,0.6666666666666666,0
LGS2ORD0014633,C015973,2025-04-26 21:00:00,Male,46,Bronze,TV,Remote_Area,1076,Web,Credit_Card,21,4,5,1,40-50,35.86666666666667,2.0,2.0,1.0,0,1,2549.05,0.28,1.0,0.5,0.0,1585.06,1,1,1.0,1585.06,1,1,1.0,1585.06,1,1,1.0,5098.1,2,2,1.0,1
LGS2ORD0014634,C011710,2025-04-26 21:00:00,Female,18,Platinum,CallCenter,Khon Kaen,891,Web,Credit_Card,21,4,5,1,<20,29.7,1.0,1.0,1.0,2,8,4376.27,0.25,0.0,1.0,0.0,0.0,0,0,0.0,4376.27,1,1,1.0,4376.27,1,1,1.0,4376.27,1,1,1.0,0
LGS2ORD0014635,C015303,2025-04-26 21:00:00,Male,41,Gold,CallCenter,Bangkok,789,Lazada,Credit_Card,21,4,5,1,40-50,26.3,0.0,0.0,0.0,-1,-1,0.0,0.0,0.0,0.0,0.0,0.0,0,0,0.0,0.0,0,0,0.0,0.0,0,0,0.0,0.0,0,0,0.0,0
LGS2ORD0014636,C017538,2025-04-26 22:00:00,Female,38,Gold,Web,Bangkok,1298,Web,COD,22,4,5,1,30-40,43.266666666666666,4.0,2.0,0.5,-7,7,6767.3975,0.28,0.75,0.5,0.0,0.0,0,0,0.0,20988.18,2,1,0.5,25746.940000000002,3,2,0.6666666666666666,27069.59,4,2,0.5,0
LGS2ORD0014637,C010325,2025-04-26 22:00:00,Female,33,Bronze,CallCenter,Khon Kaen,1561,Lazada,COD,22,4,5,1,30-40,52.03333333333333,3.0,0.0,0.0,-1,79,4352.003333333333,0.23,0.3333333333333333,0.3333333333333333,0.0,0.0,0,0,0.0,0.0,0,0,0.0,3947.91,1,0,0.0,13056.01,3,0,0.0,0
LGS2ORD0014638,C017535,2025-04-26 22:00:00,Male,52,Gold,Web,Bangkok,847,Shopee,Credit_Card,22,4,5,1,>50,28.233333333333334,1.0,0.0,0.0,-1,4,1873.25,0.33,0.0,1.0,0.0,1873.25,1,0,0.0,1873.25,1,0,0.0,1873.25,1,0,0.0,1873.25,1,0,0.0,0
LGS2ORD0014639,C017816,2025-04-26 22:00:00,Male,58,Bronze,Shopee,Remote_Area,267,Web,COD,22,4,5,1,>50,8.9,3.0,1.0,0.3333333333333333,18,11,4737.243333333333,0.08,1.0,0.0,0.0,0.0,0,0,0.0,3691.32,2,1,0.5,3691.32,2,1,0.5,14211.73,3,1,0.3333333333333333,0
LGS2ORD0014640,C012830,2025-04-26 22:00:00,Male,42,Bronze,TV,Khon Kaen,1121,Web,COD,22,4,5,1,40-50,37.36666666666667,2.0,1.0,0.5,44,54,7317.51,0.13,0.5,0.0,0.0,0.0,0,0,0.0,0.0,0,0,0.0,14635.02,2,1,0.5,14635.02,2,1,0.5,0
LGS2ORD0014641,C014011,2025-04-26 23:00:00,Female,46,Silver,CallCenter,Phuket,1185,Shopee,Credit_Card,23,4,5,1,40-50,39.5,2.0,0.0,0.0,-1,51,5586.0,0.1,0.5,0.0,0.0,0.0,0,0,0.0,0.0,0,0,0.0,11172.0,2,0,0.0,11172.0,2,0,0.0,0
LGS2ORD0014642,C010274,2025-04-26 23:00:00,Male,40,Silver,Lazada,Bangkok,193,Web,Credit_Card,23,4,5,1,30-40,6.433333333333334,0.0,0.0,0.0,-1,-1,0.0,0.0,0.0,0.0,0.0,0.0,0,0,0.0,0.0,0,0,0.0,0.0,0,0,0.0,0.0,0,0,0.0,0
LGS2ORD0014643,C012083,2025-04-26 23:00:00,Female,43,Platinum,Lazada,Bangkok,706,TV_Show,COD,23,4,5,1,40-50,23.533333333333335,0.0,0.0,0.0,-1,-1,0.0,0.0,0.0,0.0,0.0,0.0,0,0,0.0,0.0,0,0,0.0,0.0,0,0,0.0,0.0,0,0,0.0,0
LGS2ORD0014644,C013065,2025-04-26 23:00:00,Female,37,Platinum,Lazada,Bangkok,1300,Lazada,PromptPay,23,4,5,1,30-40,43.333333333333336,0.0,0.0,0.0,-1,-1,0.0,0.0,0.0,0.0,0.0,0.0,0,0,0.0,0.0,0,0,0.0,0.0,0,0,0.0,0.0,0,0,0.0,0
LGS2ORD0014645,C013679,2025-04-26 23:00:00,Female,31,Silver,Web,Bangkok,715,Lazada,COD,23,4,5,1,30-40,23.833333333333332,1.0,0.0,0.0,-1,15,20040.76,0.2,1.0,0.0,0.0,0.0,0,0,0.0,20040.76,1,0,0.0,20040.76,1,0,0.0,20040.76,1,0,0.0,0
LGS2ORD0014646,C015481,2025-04-26 23:00:00,Male,45,Bronze,Shopee,Remote_Area,748,TV_Show,COD,23,4,5,1,40-50,24.933333333333334,3.0,1.0,0.3333333333333333,91,5,1102.2033333333334,0.23,0.3333333333333333,0.3333333333333333,0.0,416.11,1,0,0.0,416.11,1,0,0.0,416.11,1,0,0.0,3306.61,3,1,0.3333333333333333,1
LGS2ORD0014647,C010619,2025-04-27 00:00:00,Male,44,Silver,Web,Bangkok,1130,Shopee,PromptPay,0,4,6,1,40-50,37.666666666666664,1.0,0.0,0.0,-1,98,1740.64,0.3,1.0,1.0,0.0,0.0,0,0,0.0,0.0,0,0,0.0,0.0,0,0,0.0,1740.64,1,0,0.0,0
LGS2ORD0014648,C013882,2025-04-27 00:00:00,Female,40,Silver,Lazada,Bangkok,916,Lazada,COD,0,4,6,1,30-40,30.533333333333335,2.0,0.0,0.0,-1,2,4759.6900000000005,0.25,0.5,1.0,0.0,1455.57,1,0,0.0,1455.57,1,0,0.0,9519.380000000001,2,0,0.0,9519.380000000001,2,0,0.0,1
LGS2ORD0014649,C012425,2025-04-27 00:00:00,Male,49,Gold,TV,Nakhon Ratchasima,1202,CallCenter,COD,0,4,6,1,40-50,40.06666666666667,2.0,1.0,0.5,24,39,5049.68,0.28,1.0,1.0,0.0,0.0,0,0,0.0,0.0,0,0,0.0,10099.36,2,1,0.5,10099.36,2,1,0.5,0
LGS2ORD0014650,C013483,2025-04-27 00:00:00,Other,33,Silver,Web,Bangkok,218,Web,PromptPay,0,4,6,1,30-40,7.266666666666667,1.0,0.0,0.0,-1,41,5031.75,0.1,1.0,0.0,0.0,0.0,0,0,0.0,0.0,0,0,0.0,5031.75,1,0,0.0,5031.75,1,0,0.0,0
LGS2ORD0014651,C013176,2025-04-27 00:00:00,Male,56,Bronze,Shopee,Songkhla,766,TV_Show,PromptPay,0,4,6,1,>50,25.533333333333335,2.0,1.0,0.5,37,34,729.85,0.18,1.0,0.0,0.0,0.0,0,0,0.0,0.0,0,0,0.0,1459.7,2,1,0.5,1459.7,2,1,0.5,0
LGS2ORD0014652,C014232,2025-04-27 01:00:00,Female,30,Bronze,Web,Bangkok,1374,Lazada,PromptPay,1,4,6,1,20-30,45.8,1.0,0.0,0.0,-1,88,4634.38,0.03,0.0,0.0,0.0,0.0,0,0,0.0,0.0,0,0,0.0,4634.38,1,0,0.0,4634.38,1,0,0.0,0
LGS2ORD0014653,C013386,2025-04-27 01:00:00,Male,49,Gold,TV,Chiang Mai,396,Shopee,Credit_Card,1,4,6,1,40-50,13.2,2.0,0.0,0.0,-1,101,6792.955,0.33,0.5,0.5,0.0,0.0,0,0,0.0,0.0,0,0,0.0,0.0,0,0,0.0,13585.91,2,0,0.0,0
LGS2ORD0014654,C012677,2025-04-27 01:00:00,Female,20,Bronze,Shopee,Songkhla,1207,TV_Show,COD,1,4,6,1,<20,40.233333333333334,3.0,0.0,0.0,-1,13,4093.1299999999997,0.13,0.3333333333333333,0.0,0.0,0.0,0,0,0.0,2410.55,1,0,0.0,12279.39,3,0,0.0,12279.39,3,0,0.0,0
LGS2ORD0014655,C013833,2025-04-27 01:00:00,Female,55,Bronze,Web,Nakhon Ratchasima,1140,TV_Show,COD,1,4,6,1,>50,38.0,2.0,1.0,0.5,104,49,3428.395,0.18,0.5,0.0,0.0,0.0,0,0,0.0,0.0,0,0,0.0,3205.06,1,0,0.0,6856.79,2,1,0.5,0
LGS2ORD0014656,C012031,2025-04-27 01:00:00,Female,27,Silver,Web,Khon Kaen,932,TV_Show,COD,1,4,6,1,20-30,31.066666666666666,3.0,0.0,0.0,-1,30,1430.8033333333333,0.1,0.6666666666666666,0.0,0.0,0.0,0,0,0.0,0.0,0,0,0.0,2232.02,2,0,0.0,4292.41,3,0,0.0,0
LGS2ORD0014657,C016774,2025-04-27 02:00:00,Male,45,Silver,Shopee,Songkhla,1374,TV_Show,COD,2,4,6,1,40-50,45.8,0.0,0.0,0.0,-1,-1,0.0,0.0,0.0,0.0,0.0,0.0,0,0,0.0,0.0,0,0,0.0,0.0,0,0,0.0,0.0,0,0,0.0,1
LGS2ORD0014658,C011746,2025-04-27 02:00:00,Other,27,Gold,Shopee,Bangkok,707,Web,Credit_Card,2,4,6,1,20-30,23.566666666666666,3.0,0.0,0.0,-1,68,8652.836666666668,0.28,1.0,0.3333333333333333,0.0,0.0,0,0,0.0,0.0,0,0,0.0,9911.94,2,0,0.0,25958.510000000002,3,0,0.0,0
LGS2ORD0014659,C012267,2025-04-27 02:00:00,Female,25,Gold,TV,Bangkok,736,TV_Show,Credit_Card,2,4,6,1,20-30,24.533333333333335,2.0,0.0,0.0,-1,40,3662.155,0.2299999999999999,1.0,1.0,0.0,0.0,0,0,0.0,0.0,0,0,0.0,7324.31,2,0,0.0,7324.31,2,0,0.0,1
LGS2ORD0014660,C017664,2025-04-27 02:00:00,Other,20,Bronze,Web,Bangkok,1203,Web,COD,2,4,6,1,<20,40.1,1.0,1.0,1.0,106,110,1320.95,0.18,1.0,0.0,0.0,0.0,0,0,0.0,0.0,0,0,0.0,0.0,0,0,0.0,1320.95,1,1,1.0,0
LGS2ORD0014661,C011452,2025-04-27 02:00:00,Male,49,Platinum,Shopee,Nakhon Ratchasima,544,Lazada,COD,2,4,6,1,40-50,18.133333333333333,4.0,0.0,0.0,-1,18,4714.265,0.3,0.25,0.75,0.0,0.0,0,0,0.0,4491.52,1,0,0.0,18326.81,3,0,0.0,18857.06,4,0,0.0,0
LGS2ORD0014662,C013231,2025-04-27 03:00:00,Male,37,Bronze,Lazada,Nakhon Ratchasima,294,Lazada,COD,3,4,6,1,30-40,9.8,2.0,0.0,0.0,-1,63,5887.585,0.23,1.0,0.5,0.0,0.0,0,0,0.0,0.0,0,0,0.0,10740.37,1,0,0.0,11775.17,2,0,0.0,0
LGS2ORD0014663,C012982,2025-04-27 03:00:00,Female,51,Silver,TV,Songkhla,1182,TV_Show,COD,3,4,6,1,>50,39.4,2.0,1.0,0.5,37,46,4983.605,0.2,0.5,0.0,0.0,0.0,0,0,0.0,0.0,0,0,0.0,9967.21,2,1,0.5,9967.21,2,1,0.5,0
LGS2ORD0014664,C010006,2025-04-27 03:00:00,Female,40,Silver,Shopee,Chiang Mai,1001,Web,COD,3,4,6,1,30-40,33.36666666666667,3.0,0.0,0.0,-1,26,3790.3233333333333,0.25,0.3333333333333333,0.3333333333333333,0.0,0.0,0,0,0.0,3740.65,1,0,0.0,11370.97,3,0,0.0,11370.97,3,0,0.0,0
LGS2ORD0014665,C011798,2025-04-27 03:00:00,Female,39,Silver,Lazada,Bangkok,1366,Lazada,Bank_Transfer,3,4,6,1,30-40,45.53333333333333,0.0,0.0,0.0,-1,-1,0.0,0.0,0.0,0.0,0.0,0.0,0,0,0.0,0.0,0,0,0.0,0.0,0,0,0.0,0.0,0,0,0.0,0
LGS2ORD0014666,C013083,2025-04-27 03:00:00,Female,40,Gold,Web,Bangkok,203,TV_Show,Credit_Card,3,4,6,1,30-40,6.766666666666667,1.0,0.0,0.0,-1,58,1336.42,0.28,0.0,1.0,0.0,0.0,0,0,0.0,0.0,0,0,0.0,1336.42,1,0,0.0,1336.42,1,0,0.0,0
LGS2ORD0014667,C012978,2025-04-27 03:00:00,Female,50,Silver,Shopee,Khon Kaen,161,TV_Show,COD,3,4,6,1,40-50,5.366666666666666,1.0,0.0,0.0,-1,50,527.27,0.25,1.0,1.0,0.0,0.0,0,0,0.0,0.0,0,0,0.0,527.27,1,0,0.0,527.27,1,0,0.0,0
LGS2ORD0014668,C011759,2025-04-27 04:00:00,Male,38,Silver,Web,Chonburi,869,Web,Bank_Transfer,4,4,6,1,30-40,28.966666666666665,2.0,0.0,0.0,-1,81,10203.615,0.2,0.0,0.0,0.0,0.0,0,0,0.0,0.0,0,0,0.0,1914.47,1,0,0.0,20407.23,2,0,0.0,0
LGS2ORD0014669,C013981,2025-04-27 04:00:00,Female,24,Silver,Web,Remote_Area,907,TV_Show,COD,4,4,6,1,20-30,30.233333333333334,3.0,2.0,0.6666666666666666,1,12,21377.243333333332,0.25,0.0,0.3333333333333333,0.0,0.0,0,0,0.0,47804.2,2,2,1.0,47804.2,2,2,1.0,64131.729999999996,3,2,0.6666666666666666,0
LGS2ORD0014670,C014937,2025-04-27 04:00:00,Male,42,Bronze,Shopee,Phuket,1189,CallCenter,COD,4,4,6,1,40-50,39.63333333333333,1.0,0.0,0.0,-1,57,8014.12,0.03,1.0,0.0,0.0,0.0,0,0,0.0,0.0,0,0,0.0,8014.12,1,0,0.0,8014.12,1,0,0.0,0
LGS2ORD0014671,C010005,2025-04-27 04:00:00,Male,43,Bronze,Lazada,Bangkok,855,Web,COD,4,4,6,1,40-50,28.5,0.0,0.0,0.0,-1,-1,0.0,0.0,0.0,0.0,0.0,0.0,0,0,0.0,0.0,0,0,0.0,0.0,0,0,0.0,0.0,0,0,0.0,0
LGS2ORD0014672,C011815,2025-04-27 04:00:00,Female,28,Bronze,Lazada,Chonburi,1345,TV_Show,COD,4,4,6,1,20-30,44.833333333333336,2.0,1.0,0.5,81,92,1737.375,0.23,0.5,0.5,0.0,0.0,0,0,0.0,0.0,0,0,0.0,0.0,0,0,0.0,3474.75,2,1,0.5,1
LGS2ORD0014673,C011647,2025-04-27 05:00:00,Female,40,Bronze,Lazada,Remote_Area,844,Shopee,Credit_Card,5,4,6,1,30-40,28.133333333333333,7.0,2.0,0.2857142857142857,40,0,3921.922857142857,0.28,0.5714285714285714,0.14285714285714285,0.0,5465.98,1,0,0.0,6803.42,2,0,0.0,27453.46,7,2,0.2857142857142857,27453.46,7,2,0.2857142857142857,0
LGS2ORD0014674,C011992,2025-04-27 05:00:00,Female,45,Bronze,TV,Nakhon Ratchasima,830,CallCenter,Credit_Card,5,4,6,1,40-50,27.666666666666668,5.0,0.0,0.0,-1,45,4155.464,0.18,1.0,0.0,0.0,0.0,0,0,0.0,0.0,0,0,0.0,20777.32,5,0,0.0,20777.32,5,0,0.0,0
LGS2ORD0014675,C012503,2025-04-27 05:00:00,Female,42,Bronze,TV,Bangkok,1411,Shopee,PromptPay,5,4,6,1,40-50,47.03333333333333,0.0,0.0,0.0,-1,-1,0.0,0.0,0.0,0.0,0.0,0.0,0,0,0.0,0.0,0,0,0.0,0.0,0,0,0.0,0.0,0,0,0.0,0
LGS2ORD0014676,C015360,2025-04-27 05:00:00,Female,43,Bronze,Shopee,Bangkok,1356,TV_Show,Credit_Card,5,4,6,1,40-50,45.2,4.0,1.0,0.25,64,23,9915.182499999999,0.18,0.5,0.0,0.0,0.0,0,0,0.0,2102.53,2,0,0.0,39660.729999999996,4,1,0.25,39660.729999999996,4,1,0.25,0
LGS2ORD0014677,C010112,2025-04-27 05:00:00,Female,54,Bronze,Lazada,Songkhla,993,Web,COD,5,4,6,1,>50,33.1,2.0,0.0,0.0,-1,99,3870.5699999999997,0.28,1.0,0.5,0.0,0.0,0,0,0.0,0.0,0,0,0.0,0.0,0,0,0.0,7741.139999999999,2,0,0.0,1
LGS2ORD0014678,C017793,2025-04-27 06:00:00,Male,44,Bronze,Lazada,Nakhon Ratchasima,1527,Web,PromptPay,6,4,6,1,40-50,50.9,2.0,0.0,0.0,-1,9,3123.175,0.18,0.5,0.0,0.0,0.0,0,0,0.0,5410.56,1,0,0.0,6246.35,2,0,0.0,6246.35,2,0,0.0,0
LGS2ORD0014679,C011118,2025-04-27 06:00:00,Female,29,Silver,CallCenter,Khon Kaen,1536,TV_Show,Credit_Card,6,4,6,1,20-30,51.2,1.0,1.0,1.0,36,47,13225.75,0.1,0.0,0.0,0.0,0.0,0,0,0.0,0.0,0,0,0.0,13225.75,1,1,1.0,13225.75,1,1,1.0,0
LGS2ORD0014680,C016940,2025-04-27 06:00:00,Male,41,Bronze,Shopee,Phuket,480,Shopee,COD,6,4,6,1,40-50,16.0,2.0,0.0,0.0,-1,37,1298.755,0.18,0.5,0.0,0.0,0.0,0,0,0.0,0.0,0,0,0.0,2597.51,2,0,0.0,2597.51,2,0,0.0,0
LGS2ORD0014681,C012767,2025-04-27 06:00:00,Male,36,Gold,Web,Chiang Mai,933,CallCenter,COD,6,4,6,1,30-40,31.1,0.0,0.0,0.0,-1,-1,0.0,0.0,0.0,0.0,0.0,0.0,0,0,0.0,0.0,0,0,0.0,0.0,0,0,0.0,0.0,0,0,0.0,0
LGS2ORD0014682,C015753,2025-04-27 06:00:00,Female,37,Silver,Web,Remote_Area,1306,Web,COD,6,4,6,1,30-40,43.53333333333333,1.0,0.0,0.0,-1,81,966.17,0.05,0.0,0.0,0.0,0.0,0,0,0.0,0.0,0,0,0.0,966.17,1,0,0.0,966.17,1,0,0.0,0
LGS2ORD0014683,C011850,2025-04-27 07:00:00,Male,57,Bronze,Shopee,Remote_Area,418,Web,COD,7,4,6,1,>50,13.933333333333334,3.0,1.0,0.3333333333333333,7,7,2156.69,0.18,1.0,0.0,0.0,0.0,0,0,0.0,5921.73,2,1,0.5,6470.07,3,1,0.3333333333333333,6470.07,3,1,0.3333333333333333,1
LGS2ORD0014684,C016008,2025-04-27 07:00:00,Male,30,Bronze,Shopee,Bangkok,546,TV_Show,Credit_Card,7,4,6,1,20-30,18.2,0.0,0.0,0.0,-1,-1,0.0,0.0,0.0,0.0,0.0,0.0,0,0,0.0,0.0,0,0,0.0,0.0,0,0,0.0,0.0,0,0,0.0,1
LGS2ORD0014685,C012791,2025-04-27 07:00:00,Male,37,Bronze,Web,Nakhon Ratchasima,1016,TV_Show,Credit_Card,7,4,6,1,30-40,33.86666666666667,3.0,0.0,0.0,-1,4,7307.666666666668,0.18,0.3333333333333333,0.0,0.0,821.74,1,0,0.0,821.74,1,0,0.0,21467.670000000002,2,0,0.0,21923.000000000004,3,0,0.0,0
LGS2ORD0014686,C010057,2025-04-27 07:00:00,Male,40,Gold,Shopee,Nakhon Ratchasima,1030,CallCenter,PromptPay,7,4,6,1,30-40,34.333333333333336,4.0,0.0,0.0,-1,12,5849.0275,0.28,0.0,0.75,0.0,0.0,0,0,0.0,11489.02,1,0,0.0,23396.11,4,0,0.0,23396.11,4,0,0.0,0
LGS2ORD0014687,C016690,2025-04-27 07:00:00,Male,52,Gold,Web,Khon Kaen,357,Shopee,COD,7,4,6,1,>50,11.9,2.0,0.0,0.0,-1,27,720.2,0.33,0.0,1.0,0.0,0.0,0,0,0.0,481.88,1,0,0.0,481.88,1,0,0.0,1440.4,2,0,0.0,0
LGS2ORD0014688,C012692,2025-04-27 07:00:00,Male,38,Bronze,CallCenter,Remote_Area,705,CallCenter,COD,7,4,6,1,30-40,23.5,3.0,2.0,0.6666666666666666,34,24,1699.503333333333,0.23,0.6666666666666666,0.3333333333333333,0.0,0.0,0,0,0.0,492.74,1,0,0.0,5098.509999999999,3,2,0.6666666666666666,5098.509999999999,3,2,0.6666666666666666,1
LGS2ORD0014689,C010457,2025-04-27 08:00:00,Male,42,Gold,TV,Bangkok,293,TV_Show,COD,8,4,6,1,40-50,9.766666666666667,4.0,0.0,0.0,-1,42,10096.725,0.33,0.5,0.75,0.0,0.0,0,0,0.0,0.0,0,0,0.0,32247.44,3,0,0.0,40386.9,4,0,0.0,0
LGS2ORD0014690,C016534,2025-04-27 08:00:00,Female,51,Bronze,TV,Remote_Area,141,Shopee,Credit_Card,8,4,6,1,>50,4.7,1.0,0.0,0.0,-1,1,467.34,0.03,1.0,0.0,0.0,467.34,1,0,0.0,467.34,1,0,0.0,467.34,1,0,0.0,467.34,1,0,0.0,0
LGS2ORD0014691,C015729,2025-04-27 08:00:00,Male,30,Bronze,TV,Nakhon Ratchasima,1391,Web,COD,8,4,6,1,20-30,46.36666666666667,1.0,0.0,0.0,-1,85,6172.36,0.03,1.0,0.0,0.0,0.0,0,0,0.0,0.0,0,0,0.0,6172.36,1,0,0.0,6172.36,1,0,0.0,0
LGS2ORD0014692,C015573,2025-04-27 08:00:00,Female,45,Silver,Shopee,Bangkok,1525,Web,PromptPay,8,4,6,1,40-50,50.833333333333336,5.0,1.0,0.2,35,29,5472.2,0.3,0.6,0.2,0.0,0.0,0,0,0.0,19036.72,1,0,0.0,26652.64,4,1,0.25,27361.0,5,1,0.2,0
LGS2ORD0014693,C012047,2025-04-27 08:00:00,Female,33,Bronze,TV,Chonburi,1322,CallCenter,PromptPay,8,4,6,1,30-40,44.06666666666667,0.0,0.0,0.0,-1,-1,0.0,0.0,0.0,0.0,0.0,0.0,0,0,0.0,0.0,0,0,0.0,0.0,0,0,0.0,0.0,0,0,0.0,0
LGS2ORD0014694,C014647,2025-04-27 09:00:00,Male,38,Silver,Lazada,Remote_Area,1009,CallCenter,COD,9,4,6,1,30-40,33.63333333333333,0.0,0.0,0.0,-1,-1,0.0,0.0,0.0,0.0,0.0,0.0,0,0,0.0,0.0,0,0,0.0,0.0,0,0,0.0,0.0,0,0,0.0,1
LGS2ORD0014695,C010635,2025-04-27 09:00:00,Female,32,Bronze,TV,Remote_Area,796,Web,COD,9,4,6,1,30-40,26.533333333333335,0.0,0.0,0.0,-1,-1,0.0,0.0,0.0,0.0,0.0,0.0,0,0,0.0,0.0,0,0,0.0,0.0,0,0,0.0,0.0,0,0,0.0,1
LGS2ORD0014696,C014315,2025-04-27 09:00:00,Male,47,Silver,Shopee,Bangkok,1192,Shopee,COD,9,4,6,1,40-50,39.733333333333334,0.0,0.0,0.0,-1,-1,0.0,0.0,0.0,0.0,0.0,0.0,0,0,0.0,0.0,0,0,0.0,0.0,0,0,0.0,0.0,0,0,0.0,0
LGS2ORD0014697,C017735,2025-04-27 09:00:00,Female,39,Gold,TV,Bangkok,556,Shopee,COD,9,4,6,1,30-40,18.533333333333335,3.0,0.0,0.0,-1,72,5666.596666666667,0.18,0.0,0.0,0.0,0.0,0,0,0.0,0.0,0,0,0.0,11598.66,1,0,0.0,16999.79,3,0,0.0,0
LGS2ORD0014698,C015269,2025-04-27 09:00:00,Female,18,Bronze,Web,Khon Kaen,1501,Shopee,COD,9,4,6,1,<20,50.03333333333333,4.0,1.0,0.25,35,16,4713.099999999999,0.28,0.5,0.25,0.0,0.0,0,0,0.0,796.85,1,0,0.0,10807.69,2,1,0.5,18852.399999999998,4,1,0.25,0
LGS2ORD0014699,C013048,2025-04-27 10:00:00,Male,20,Gold,TV,Nakhon Ratchasima,1195,Lazada,COD,10,4,6,1,<20,39.833333333333336,0.0,0.0,0.0,-1,-1,0.0,0.0,0.0,0.0,0.0,0.0,0,0,0.0,0.0,0,0,0.0,0.0,0,0,0.0,0.0,0,0,0.0,0
LGS2ORD0014700,C017975,2025-04-27 10:00:00,Male,18,Gold,Shopee,Bangkok,1397,Web,Bank_Transfer,10,4,6,1,<20,46.56666666666667,2.0,1.0,0.5,13,20,14957.925,0.2299999999999999,0.5,0.5,0.0,0.0,0,0,0.0,29915.85,2,1,0.5,29915.85,2,1,0.5,29915.85,2,1,0.5,1
LGS2ORD0014701,C012691,2025-04-27 10:00:00,Other,31,Bronze,TV,Nakhon Ratchasima,839,Shopee,PromptPay,10,4,6,1,30-40,27.966666666666665,3.0,0.0,0.0,-1,1,14340.183333333332,0.28,0.6666666666666666,0.3333333333333333,0.0,651.87,1,0,0.0,35264.39,2,0,0.0,43020.549999999996,3,0,0.0,43020.549999999996,3,0,0.0,0
LGS2ORD0014702,C015966,2025-04-27 10:00:00,Male,67,Bronze,TV,Bangkok,1496,TV_Show,COD,10,4,6,1,>50,49.86666666666667,0.0,0.0,0.0,-1,-1,0.0,0.0,0.0,0.0,0.0,0.0,0,0,0.0,0.0,0,0,0.0,0.0,0,0,0.0,0.0,0,0,0.0,0
LGS2ORD0014703,C012928,2025-04-27 10:00:00,Female,67,Gold,TV,Bangkok,405,Web,Credit_Card,10,4,6,1,>50,13.5,4.0,1.0,0.25,87,17,8024.607499999999,0.2299999999999999,0.5,0.25,0.0,0.0,0,0,0.0,7063.82,1,0,0.0,7063.82,1,0,0.0,32098.429999999997,4,1,0.25,0
LGS2ORD0014704,C012591,2025-04-27 11:00:00,Female,36,Silver,Web,Bangkok,927,Lazada,COD,11,4,6,1,30-40,30.9,1.0,1.0,1.0,65,72,1521.49,0.2,1.0,0.0,0.0,0.0,0,0,0.0,0.0,0,0,0.0,1521.49,1,1,1.0,1521.49,1,1,1.0,0
LGS2ORD0014705,C015285,2025-04-27 11:00:00,Female,18,Silver,Shopee,Chiang Mai,1528,Lazada,Credit_Card,11,4,6,1,<20,50.93333333333333,0.0,0.0,0.0,-1,-1,0.0,0.0,0.0,0.0,0.0,0.0,0,0,0.0,0.0,0,0,0.0,0.0,0,0,0.0,0.0,0,0,0.0,1
LGS2ORD0014706,C017126,2025-04-27 11:00:00,Male,55,Platinum,TV,Chiang Mai,532,Web,PromptPay,11,4,6,1,>50,17.733333333333334,1.0,0.0,0.0,-1,62,552.88,0.35,0.0,1.0,0.0,0.0,0,0,0.0,0.0,0,0,0.0,552.88,1,0,0.0,552.88,1,0,0.0,0
LGS2ORD0014707,C010741,2025-04-27 11:00:00,Male,24,Gold,TV,Phuket,1331,TV_Show,Credit_Card,11,4,6,1,20-30,44.36666666666667,1.0,1.0,1.0,-13,1,873.97,0.08,0.0,0.0,0.0,873.97,1,1,1.0,873.97,1,1,1.0,873.97,1,1,1.0,873.97,1,1,1.0,0
LGS2ORD0014708,C016184,2025-04-27 11:00:00,Male,40,Bronze,TV,Remote_Area,971,Lazada,COD,11,4,6,1,30-40,32.36666666666667,3.0,0.0,0.0,-1,48,5953.873333333333,0.23,0.6666666666666666,0.3333333333333333,0.0,0.0,0,0,0.0,0.0,0,0,0.0,11594.5,2,0,0.0,17861.62,3,0,0.0,1
LGS2ORD0014709,C013343,2025-04-27 11:00:00,Female,41,Bronze,CallCenter,Chonburi,813,Web,PromptPay,11,4,6,1,40-50,27.1,3.0,2.0,0.6666666666666666,26,44,1129.21,0.28,1.0,0.6666666666666666,0.0,0.0,0,0,0.0,0.0,0,0,0.0,3387.63,3,2,0.6666666666666666,3387.63,3,2,0.6666666666666666,0
LGS2ORD0014710,C016842,2025-04-27 12:00:00,Female,22,Silver,Web,Bangkok,764,TV_Show,COD,12,4,6,1,20-30,25.466666666666665,1.0,0.0,0.0,-1,73,4134.12,0.05,1.0,0.0,0.0,0.0,0,0,0.0,0.0,0,0,0.0,4134.12,1,0,0.0,4134.12,1,0,0.0,0
LGS2ORD0014711,C015461,2025-04-27 12:00:00,Female,29,Bronze,CallCenter,Bangkok,545,TV_Show,Credit_Card,12,4,6,1,20-30,18.166666666666668,1.0,0.0,0.0,-1,59,1709.21,0.18,1.0,0.0,0.0,0.0,0,0,0.0,0.0,0,0,0.0,1709.21,1,0,0.0,1709.21,1,0,0.0,0
LGS2ORD0014712,C016259,2025-04-27 12:00:00,Female,53,Silver,TV,Bangkok,992,Web,PromptPay,12,4,6,1,>50,33.06666666666667,3.0,1.0,0.3333333333333333,69,35,7930.753333333334,0.2,0.6666666666666666,0.0,0.0,0.0,0,0,0.0,0.0,0,0,0.0,11902.59,2,1,0.5,23792.260000000002,3,1,0.3333333333333333,0
LGS2ORD0014713,C010170,2025-04-27 12:00:00,Male,36,Silver,Lazada,Bangkok,767,Shopee,Credit_Card,12,4,6,1,30-40,25.566666666666666,1.0,0.0,0.0,-1,36,1265.71,0.05,0.0,0.0,0.0,0.0,0,0,0.0,0.0,0,0,0.0,1265.71,1,0,0.0,1265.71,1,0,0.0,0
LGS2ORD0014714,C015231,2025-04-27 12:00:00,Female,55,Bronze,TV,Nakhon Ratchasima,736,Shopee,COD,12,4,6,1,>50,24.533333333333335,3.0,0.0,0.0,-1,17,6308.813333333333,0.13,0.3333333333333333,0.0,0.0,0.0,0,0,0.0,1227.48,1,0,0.0,18926.44,3,0,0.0,18926.44,3,0,0.0,0
LGS2ORD0014715,C017156,2025-04-27 13:00:00,Male,21,Bronze,TV,Nakhon Ratchasima,232,Lazada,COD,13,4,6,1,20-30,7.733333333333333,2.0,1.0,0.5,68,34,1643.63,0.08,0.0,0.0,0.0,0.0,0,0,0.0,0.0,0,0,0.0,3287.26,2,1,0.5,3287.26,2,1,0.5,0
LGS2ORD0014716,C017414,2025-04-27 13:00:00,Male,35,Bronze,TV,Khon Kaen,1219,TV_Show,Bank_Transfer,13,4,6,1,30-40,40.63333333333333,5.0,2.0,0.4,54,49,4365.002,0.23,0.6,0.4,0.0,0.0,0,0,0.0,0.0,0,0,0.0,11695.87,2,1,0.5,21825.010000000002,5,2,0.4,1
LGS2ORD0014717,C013984,2025-04-27 13:00:00,Other,65,Silver,TV,Chonburi,645,CallCenter,COD,13,4,6,1,>50,21.5,0.0,0.0,0.0,-1,-1,0.0,0.0,0.0,0.0,0.0,0.0,0,0,0.0,0.0,0,0,0.0,0.0,0,0,0.0,0.0,0,0,0.0,0
LGS2ORD0014718,C013406,2025-04-27 13:00:00,Female,57,Bronze,Lazada,Chiang Mai,1026,Shopee,COD,13,4,6,1,>50,34.2,2.0,0.0,0.0,-1,56,11039.41,0.03,1.0,0.0,0.0,0.0,0,0,0.0,0.0,0,0,0.0,18494.61,1,0,0.0,22078.82,2,0,0.0,0
LGS2ORD0014719,C012392,2025-04-27 13:00:00,Female,44,Bronze,CallCenter,Songkhla,1006,Shopee,Bank_Transfer,13,4,6,1,40-50,33.53333333333333,2.0,1.0,0.5,66,36,3729.985,0.08,1.0,0.0,0.0,0.0,0,0,0.0,0.0,0,0,0.0,7459.97,2,1,0.5,7459.97,2,1,0.5,0
LGS2ORD0014720,C015162,2025-04-27 14:00:00,Female,47,Bronze,Web,Nakhon Ratchasima,588,Shopee,Credit_Card,14,4,6,1,40-50,19.6,2.0,0.0,0.0,-1,54,2885.2749999999996,0.13,0.5,0.0,0.0,0.0,0,0,0.0,0.0,0,0,0.0,4144.32,1,0,0.0,5770.549999999999,2,0,0.0,0
LGS2ORD0014721,C014675,2025-04-27 14:00:00,Male,32,Silver,TV,Phuket,1015,Lazada,Bank_Transfer,14,4,6,1,30-40,33.833333333333336,0.0,0.0,0.0,-1,-1,0.0,0.0,0.0,0.0,0.0,0.0,0,0,0.0,0.0,0,0,0.0,0.0,0,0,0.0,0.0,0,0,0.0,0
LGS2ORD0014722,C012606,2025-04-27 14:00:00,Male,43,Bronze,TV,Bangkok,779,Lazada,PromptPay,14,4,6,1,40-50,25.966666666666665,0.0,0.0,0.0,-1,-1,0.0,0.0,0.0,0.0,0.0,0.0,0,0,0.0,0.0,0,0,0.0,0.0,0,0,0.0,0.0,0,0,0.0,0
LGS2ORD0014723,C016922,2025-04-27 14:00:00,Male,47,Gold,Shopee,Bangkok,301,CallCenter,COD,14,4,6,1,40-50,10.033333333333333,1.0,0.0,0.0,-1,26,6345.41,0.28,0.0,1.0,0.0,0.0,0,0,0.0,6345.41,1,0,0.0,6345.41,1,0,0.0,6345.41,1,0,0.0,1
LGS2ORD0014724,C012793,2025-04-27 14:00:00,Female,51,Bronze,Shopee,Bangkok,1507,Web,COD,14,4,6,1,>50,50.233333333333334,0.0,0.0,0.0,-1,-1,0.0,0.0,0.0,0.0,0.0,0.0,0,0,0.0,0.0,0,0,0.0,0.0,0,0,0.0,0.0,0,0,0.0,0
LGS2ORD0014725,C016938,2025-04-27 14:00:00,Male,18,Silver,Shopee,Bangkok,913,Shopee,COD,14,4,6,1,<20,30.433333333333334,2.0,2.0,1.0,39,49,3357.63,0.1,0.5,0.0,0.0,0.0,0,0,0.0,0.0,0,0,0.0,6715.26,2,2,1.0,6715.26,2,2,1.0,1
LGS2ORD0014726,C014201,2025-04-27 15:00:00,Female,56,Silver,Shopee,Bangkok,211,Web,COD,15,4,6,1,>50,7.033333333333333,1.0,0.0,0.0,-1,40,3880.68,0.05,1.0,0.0,0.0,0.0,0,0,0.0,0.0,0,0,0.0,3880.68,1,0,0.0,3880.68,1,0,0.0,0
LGS2ORD0014727,C013549,2025-04-27 15:00:00,Male,34,Bronze,TV,Chonburi,1493,Shopee,COD,15,4,6,1,30-40,49.766666666666666,0.0,0.0,0.0,-1,-1,0.0,0.0,0.0,0.0,0.0,0.0,0,0,0.0,0.0,0,0,0.0,0.0,0,0,0.0,0.0,0,0,0.0,0
LGS2ORD0014728,C014224,2025-04-27 15:00:00,Female,49,Silver,Shopee,Phuket,602,Web,COD,15,4,6,1,40-50,20.066666666666666,0.0,0.0,0.0,-1,-1,0.0,0.0,0.0,0.0,0.0,0.0,0,0,0.0,0.0,0,0,0.0,0.0,0,0,0.0,0.0,0,0,0.0,1
LGS2ORD0014729,C015714,2025-04-27 15:00:00,Male,35,Platinum,Web,Khon Kaen,976,Web,COD,15,4,6,1,30-40,32.53333333333333,2.0,1.0,0.5,47,32,10858.244999999999,0.3,0.5,0.5,0.0,0.0,0,0,0.0,0.0,0,0,0.0,21716.489999999998,2,1,0.5,21716.489999999998,2,1,0.5,0
LGS2ORD0014730,C012525,2025-04-27 15:00:00,Female,50,Bronze,Shopee,Bangkok,835,Web,COD,15,4,6,1,40-50,27.833333333333332,2.0,1.0,0.5,46,21,6592.615,0.18,1.0,0.0,0.0,0.0,0,0,0.0,2704.06,1,0,0.0,13185.23,2,1,0.5,13185.23,2,1,0.5,0
LGS2ORD0014731,C013834,2025-04-27 16:00:00,Female,18,Bronze,Shopee,Bangkok,1157,Shopee,PromptPay,16,4,6,1,<20,38.56666666666667,1.0,0.0,0.0,-1,85,1441.14,0.03,0.0,0.0,0.0,0.0,0,0,0.0,0.0,0,0,0.0,1441.14,1,0,0.0,1441.14,1,0,0.0,0
LGS2ORD0014732,C016006,2025-04-27 16:00:00,Female,35,Bronze,Lazada,Songkhla,1496,Shopee,PromptPay,16,4,6,1,30-40,49.86666666666667,0.0,0.0,0.0,-1,-1,0.0,0.0,0.0,0.0,0.0,0.0,0,0,0.0,0.0,0,0,0.0,0.0,0,0,0.0,0.0,0,0,0.0,0
LGS2ORD0014733,C016079,2025-04-27 16:00:00,Female,67,Bronze,TV,Chiang Mai,1246,Shopee,COD,16,4,6,1,>50,41.53333333333333,2.0,0.0,0.0,-1,77,2810.54,0.28,0.5,1.0,0.0,0.0,0,0,0.0,0.0,0,0,0.0,280.44,1,0,0.0,5621.08,2,0,0.0,0
LGS2ORD0014734,C014344,2025-04-27 16:00:00,Female,46,Bronze,Lazada,Bangkok,1422,Shopee,COD,16,4,6,1,40-50,47.4,0.0,0.0,0.0,-1,-1,0.0,0.0,0.0,0.0,0.0,0.0,0,0,0.0,0.0,0,0,0.0,0.0,0,0,0.0,0.0,0,0,0.0,1
LGS2ORD0014735,C017290,2025-04-27 16:00:00,Female,51,Bronze,Web,Bangkok,280,CallCenter,COD,16,4,6,1,>50,9.333333333333334,3.0,0.0,0.0,-1,50,1169.0933333333335,0.18,0.3333333333333333,0.0,0.0,0.0,0,0,0.0,0.0,0,0,0.0,1943.2600000000002,2,0,0.0,3507.28,3,0,0.0,1
LGS2ORD0014736,C016029,2025-04-27 17:00:00,Male,43,Silver,Shopee,Khon Kaen,509,Lazada,COD,17,4,6,1,40-50,16.966666666666665,4.0,2.0,0.5,0,14,2231.03,0.3,1.0,0.25,0.0,0.0,0,0,0.0,1704.88,1,1,1.0,8924.12,4,2,0.5,8924.12,4,2,0.5,0
LGS2ORD0014737,C010966,2025-04-27 17:00:00,Male,33,Gold,Web,Bangkok,1475,Web,Credit_Card,17,4,6,1,30-40,49.166666666666664,1.0,1.0,1.0,34,46,49704.1,0.13,1.0,0.0,0.0,0.0,0,0,0.0,0.0,0,0,0.0,49704.1,1,1,1.0,49704.1,1,1,1.0,0
LGS2ORD0014738,C016403,2025-04-27 17:00:00,Male,39,Silver,TV,Khon Kaen,1163,CallCenter,COD,17,4,6,1,30-40,38.766666666666666,3.0,1.0,0.3333333333333333,28,43,3242.56,0.25,1.0,0.3333333333333333,0.0,0.0,0,0,0.0,0.0,0,0,0.0,8304.95,2,1,0.5,9727.68,3,1,0.3333333333333333,0
LGS2ORD0014739,C013240,2025-04-27 17:00:00,Male,62,Gold,TV,Songkhla,1368,TV_Show,COD,17,4,6,1,>50,45.6,4.0,1.0,0.25,78,9,6199.225,0.33,0.25,0.75,0.0,0.0,0,0,0.0,5076.56,1,0,0.0,16908.65,3,0,0.0,24796.9,4,1,0.25,1
LGS2ORD0014740,C017340,2025-04-27 17:00:00,Female,44,Bronze,TV,Remote_Area,635,CallCenter,COD,17,4,6,1,40-50,21.166666666666668,2.0,0.0,0.0,-1,95,6650.095,0.03,0.5,0.0,0.0,0.0,0,0,0.0,0.0,0,0,0.0,0.0,0,0,0.0,13300.19,2,0,0.0,0
LGS2ORD0014741,C017861,2025-04-27 18:00:00,Male,51,Bronze,Lazada,Chonburi,334,TV_Show,COD,18,4,6,1,>50,11.133333333333333,3.0,0.0,0.0,-1,60,5807.233333333334,0.13,0.6666666666666666,0.0,0.0,0.0,0,0,0.0,0.0,0,0,0.0,17421.7,3,0,0.0,17421.7,3,0,0.0,0
LGS2ORD0014742,C016846,2025-04-27 18:00:00,Male,29,Bronze,TV,Remote_Area,1005,Web,COD,18,4,6,1,20-30,33.5,0.0,0.0,0.0,-1,-1,0.0,0.0,0.0,0.0,0.0,0.0,0,0,0.0,0.0,0,0,0.0,0.0,0,0,0.0,0.0,0,0,0.0,0
LGS2ORD0014743,C010613,2025-04-27 18:00:00,Male,47,Silver,Lazada,Remote_Area,891,Shopee,PromptPay,18,4,6,1,40-50,29.7,5.0,3.0,0.6,45,51,3840.0399999999995,0.25,0.6,0.4,0.0,0.0,0,0,0.0,0.0,0,0,0.0,17268.239999999998,4,2,0.5,19200.199999999997,5,3,0.6,0
LGS2ORD0014744,C013153,2025-04-27 18:00:00,Female,49,Silver,Web,Phuket,1124,Lazada,COD,18,4,6,1,40-50,37.46666666666667,1.0,1.0,1.0,2,16,9730.72,0.25,1.0,1.0,0.0,0.0,0,0,0.0,9730.72,1,1,1.0,9730.72,1,1,1.0,9730.72,1,1,1.0,0
LGS2ORD0014745,C012945,2025-04-27 18:00:00,Male,26,Silver,Lazada,Nakhon Ratchasima,1425,TV_Show,COD,18,4,6,1,20-30,47.5,0.0,0.0,0.0,-1,-1,0.0,0.0,0.0,0.0,0.0,0.0,0,0,0.0,0.0,0,0,0.0,0.0,0,0,0.0,0.0,0,0,0.0,1
LGS2ORD0014746,C015871,2025-04-27 18:00:00,Female,36,Bronze,CallCenter,Bangkok,842,Shopee,COD,18,4,6,1,30-40,28.066666666666666,4.0,1.0,0.25,65,10,2859.6275,0.28,0.5,0.5,0.0,0.0,0,0,0.0,2302.02,1,0,0.0,7571.370000000001,3,1,0.3333333333333333,11438.51,4,1,0.25,0
LGS2ORD0014747,C015021,2025-04-27 19:00:00,Female,58,Bronze,CallCenter,Chonburi,1150,Web,COD,19,4,6,1,>50,38.333333333333336,1.0,1.0,1.0,77,84,2356.28,0.13,1.0,0.0,0.0,0.0,0,0,0.0,0.0,0,0,0.0,2356.28,1,1,1.0,2356.28,1,1,1.0,1
LGS2ORD0014748,C017533,2025-04-27 19:00:00,Female,37,Bronze,Web,Remote_Area,1050,TV_Show,Credit_Card,19,4,6,1,30-40,35.0,0.0,0.0,0.0,-1,-1,0.0,0.0,0.0,0.0,0.0,0.0,0,0,0.0,0.0,0,0,0.0,0.0,0,0,0.0,0.0,0,0,0.0,1
LGS2ORD0014749,C012637,2025-04-27 19:00:00,Female,18,Gold,Web,Phuket,757,Web,Credit_Card,19,4,6,1,<20,25.233333333333334,0.0,0.0,0.0,-1,-1,0.0,0.0,0.0,0.0,0.0,0.0,0,0,0.0,0.0,0,0,0.0,0.0,0,0,0.0,0.0,0,0,0.0,0
LGS2ORD0014750,C011825,2025-04-27 19:00:00,Male,51,Silver,Web,Chonburi,973,TV_Show,Bank_Transfer,19,4,6,1,>50,32.43333333333333,4.0,1.0,0.25,107,23,4565.1425,0.25,0.75,0.25,0.0,0.0,0,0,0.0,1381.39,1,0,0.0,14965.25,2,0,0.0,18260.57,4,1,0.25,0
LGS2ORD0014751,C012537,2025-04-27 19:00:00,Other,33,Bronze,TV,Bangkok,926,Lazada,COD,19,4,6,1,30-40,30.866666666666667,3.0,1.0,0.3333333333333333,71,21,3537.2466666666664,0.23,0.3333333333333333,0.3333333333333333,0.0,0.0,0,0,0.0,946.94,1,0,0.0,10611.74,3,1,0.3333333333333333,10611.74,3,1,0.3333333333333333,0
LGS2ORD0014752,C013147,2025-04-27 20:00:00,Male,65,Bronze,TV,Chiang Mai,635,CallCenter,PromptPay,20,4,6,1,>50,21.166666666666668,2.0,0.0,0.0,-1,72,6909.92,0.13,1.0,0.0,0.0,0.0,0,0,0.0,0.0,0,0,0.0,13014.3,1,0,0.0,13819.84,2,0,0.0,0
LGS2ORD0014753,C017001,2025-04-27 20:00:00,Male,60,Silver,TV,Bangkok,194,Shopee,COD,20,4,6,1,>50,6.466666666666667,3.0,1.0,0.3333333333333333,83,51,4593.490000000001,0.25,0.6666666666666666,0.3333333333333333,0.0,0.0,0,0,0.0,0.0,0,0,0.0,13780.470000000001,3,1,0.3333333333333333,13780.470000000001,3,1,0.3333333333333333,0
LGS2ORD0014754,C011491,2025-04-27 20:00:00,Female,58,Bronze,TV,Phuket,1167,Lazada,Credit_Card,20,4,6,1,>50,38.9,0.0,0.0,0.0,-1,-1,0.0,0.0,0.0,0.0,0.0,0.0,0,0,0.0,0.0,0,0,0.0,0.0,0,0,0.0,0.0,0,0,0.0,1
LGS2ORD0014755,C015655,2025-04-27 20:00:00,Male,40,Silver,Shopee,Songkhla,1276,CallCenter,Credit_Card,20,4,6,1,30-40,42.53333333333333,1.0,1.0,1.0,58,72,12488.5,0.25,1.0,1.0,0.0,0.0,0,0,0.0,0.0,0,0,0.0,12488.5,1,1,1.0,12488.5,1,1,1.0,0
LGS2ORD0014756,C010645,2025-04-27 20:00:00,Male,45,Bronze,TV,Chonburi,1410,TV_Show,Credit_Card,20,4,6,1,40-50,47.0,3.0,1.0,0.3333333333333333,55,64,3156.1433333333334,0.28,0.6666666666666666,0.6666666666666666,0.0,0.0,0,0,0.0,0.0,0,0,0.0,2193.3,2,1,0.5,9468.43,3,1,0.3333333333333333,0
LGS2ORD0014757,C014039,2025-04-27 21:00:00,Female,32,Bronze,TV,Bangkok,1384,Web,COD,21,4,6,1,30-40,46.13333333333333,1.0,1.0,1.0,27,40,1465.99,0.28,0.0,1.0,0.0,0.0,0,0,0.0,0.0,0,0,0.0,1465.99,1,1,1.0,1465.99,1,1,1.0,0
LGS2ORD0014758,C012901,2025-04-27 21:00:00,Male,44,Silver,Web,Remote_Area,1082,Lazada,PromptPay,21,4,6,1,40-50,36.06666666666667,0.0,0.0,0.0,-1,-1,0.0,0.0,0.0,0.0,0.0,0.0,0,0,0.0,0.0,0,0,0.0,0.0,0,0,0.0,0.0,0,0,0.0,0
LGS2ORD0014759,C016757,2025-04-27 21:00:00,Male,60,Bronze,Web,Phuket,1253,Lazada,COD,21,4,6,1,>50,41.766666666666666,2.0,2.0,1.0,-2,4,2830.145,0.18,1.0,0.0,0.0,5660.29,2,2,1.0,5660.29,2,2,1.0,5660.29,2,2,1.0,5660.29,2,2,1.0,0
LGS2ORD0014760,C016344,2025-04-27 21:00:00,Female,39,Platinum,Shopee,Bangkok,608,CallCenter,Credit_Card,21,4,6,1,30-40,20.266666666666666,0.0,0.0,0.0,-1,-1,0.0,0.0,0.0,0.0,0.0,0.0,0,0,0.0,0.0,0,0,0.0,0.0,0,0,0.0,0.0,0,0,0.0,0
LGS2ORD0014761,C011857,2025-04-27 21:00:00,Male,37,Bronze,Web,Songkhla,1479,Lazada,Credit_Card,21,4,6,1,30-40,49.3,2.0,0.0,0.0,-1,37,1223.6,0.13,1.0,0.0,0.0,0.0,0,0,0.0,0.0,0,0,0.0,2447.2,2,0,0.0,2447.2,2,0,0.0,0
LGS2ORD0014762,C016766,2025-04-27 22:00:00,Female,34,Bronze,Shopee,Chiang Mai,172,Web,PromptPay,22,4,6,1,30-40,5.733333333333333,0.0,0.0,0.0,-1,-1,0.0,0.0,0.0,0.0,0.0,0.0,0,0,0.0,0.0,0,0,0.0,0.0,0,0,0.0,0.0,0,0,0.0,0
LGS2ORD0014763,C011196,2025-04-27 22:00:00,Male,57,Bronze,Lazada,Bangkok,426,Lazada,Bank_Transfer,22,4,6,1,>50,14.2,4.0,0.0,0.0,-1,14,5787.4425,0.28,0.5,0.25,0.0,0.0,0,0,0.0,3526.41,1,0,0.0,11908.8,2,0,0.0,23149.77,4,0,0.0,0
LGS2ORD0014764,C017618,2025-04-27 22:00:00,Female,36,Bronze,Web,Remote_Area,1442,Shopee,COD,22,4,6,1,30-40,48.06666666666667,0.0,0.0,0.0,-1,-1,0.0,0.0,0.0,0.0,0.0,0.0,0,0,0.0,0.0,0,0,0.0,0.0,0,0,0.0,0.0,0,0,0.0,0
LGS2ORD0014765,C010188,2025-04-27 22:00:00,Male,58,Bronze,TV,Chonburi,631,Web,COD,22,4,6,1,>50,21.033333333333335,1.0,0.0,0.0,-1,72,1600.35,0.08,1.0,0.0,0.0,0.0,0,0,0.0,0.0,0,0,0.0,1600.35,1,0,0.0,1600.35,1,0,0.0,0
LGS2ORD0014766,C012219,2025-04-27 22:00:00,Female,42,Silver,TV,Bangkok,986,Web,COD,22,4,6,1,40-50,32.86666666666667,0.0,0.0,0.0,-1,-1,0.0,0.0,0.0,0.0,0.0,0.0,0,0,0.0,0.0,0,0,0.0,0.0,0,0,0.0,0.0,0,0,0.0,1
LGS2ORD0014767,C010786,2025-04-27 22:00:00,Female,40,Bronze,Shopee,Khon Kaen,913,Lazada,Credit_Card,22,4,6,1,30-40,30.433333333333334,1.0,0.0,0.0,-1,84,2077.7,0.08,0.0,0.0,0.0,0.0,0,0,0.0,0.0,0,0,0.0,2077.7,1,0,0.0,2077.7,1,0,0.0,1
LGS2ORD0014768,C012405,2025-04-27 23:00:00,Male,40,Gold,TV,Chonburi,651,Lazada,Credit_Card,23,4,6,1,30-40,21.7,1.0,0.0,0.0,-1,1,22698.54,0.2299999999999999,0.0,1.0,0.0,22698.54,1,0,0.0,22698.54,1,0,0.0,22698.54,1,0,0.0,22698.54,1,0,0.0,0
LGS2ORD0014769,C014709,2025-04-27 23:00:00,Male,40,Silver,Shopee,Khon Kaen,225,Shopee,PromptPay,23,4,6,1,30-40,7.5,5.0,1.0,0.2,3,13,9375.851999999999,0.25,0.2,0.2,0.0,0.0,0,0,0.0,1985.89,1,1,1.0,40459.409999999996,4,1,0.25,46879.259999999995,5,1,0.2,0
LGS2ORD0014770,C016823,2025-04-27 23:00:00,Other,45,Bronze,TV,Phuket,430,Web,COD,23,4,6,1,40-50,14.333333333333334,4.0,2.0,0.5,37,8,4286.3475,0.23,1.0,0.5,0.0,0.0,0,0,0.0,905.46,1,0,0.0,15633.09,3,1,0.3333333333333333,17145.39,4,2,0.5,0
LGS2ORD0014771,C015564,2025-04-27 23:00:00,Female,44,Bronze,TV,Bangkok,1033,TV_Show,COD,23,4,6,1,40-50,34.43333333333333,0.0,0.0,0.0,-1,-1,0.0,0.0,0.0,0.0,0.0,0.0,0,0,0.0,0.0,0,0,0.0,0.0,0,0,0.0,0.0,0,0,0.0,1
LGS2ORD0014772,C014288,2025-04-27 23:00:00,Female,58,Gold,Shopee,Remote_Area,1256,Shopee,PromptPay,23,4,6,1,>50,41.86666666666667,2.0,0.0,0.0,-1,43,1870.57,0.28,0.0,0.5,0.0,0.0,0,0,0.0,0.0,0,0,0.0,3741.14,2,0,0.0,3741.14,2,0,0.0,0
LGS2ORD0014773,C014131,2025-04-28 00:00:00,Female,51,Silver,Shopee,Bangkok,1352,Shopee,Credit_Card,0,4,0,0,>50,45.06666666666667,3.0,1.0,0.3333333333333333,29,10,1073.26,0.3,0.3333333333333333,0.6666666666666666,0.0,0.0,0,0,0.0,2021.14,2,0,0.0,3219.78,3,1,0.3333333333333333,3219.78,3,1,0.3333333333333333,0
LGS2ORD0014774,C012854,2025-04-28 00:00:00,Female,56,Gold,TV,Chonburi,664,TV_Show,COD,0,4,0,0,>50,22.133333333333333,3.0,0.0,0.0,-1,17,2952.9533333333334,0.33,0.3333333333333333,0.6666666666666666,0.0,0.0,0,0,0.0,1461.82,1,0,0.0,8858.86,3,0,0.0,8858.86,3,0,0.0,1
LGS2ORD0014775,C012911,2025-04-28 00:00:00,Male,37,Bronze,Lazada,Chonburi,761,Shopee,Bank_Transfer,0,4,0,0,30-40,25.366666666666667,3.0,0.0,0.0,-1,53,2529.5333333333333,0.23,0.3333333333333333,0.3333333333333333,0.0,0.0,0,0,0.0,0.0,0,0,0.0,2906.36,2,0,0.0,7588.599999999999,3,0,0.0,0
LGS2ORD0014776,C010916,2025-04-28 00:00:00,Male,41,Bronze,CallCenter,Khon Kaen,216,Lazada,Bank_Transfer,0,4,0,0,40-50,7.2,3.0,0.0,0.0,-1,54,2433.6633333333334,0.23,0.0,0.3333333333333333,0.0,0.0,0,0,0.0,0.0,0,0,0.0,7300.99,3,0,0.0,7300.99,3,0,0.0,0
LGS2ORD0014777,C016997,2025-04-28 00:00:00,Male,23,Bronze,TV,Nakhon Ratchasima,1070,Shopee,PromptPay,0,4,0,0,20-30,35.666666666666664,2.0,0.0,0.0,-1,21,12011.77,0.28,0.5,0.5,0.0,0.0,0,0,0.0,22145.09,1,0,0.0,24023.54,2,0,0.0,24023.54,2,0,0.0,0
LGS2ORD0014778,C011276,2025-04-28 01:00:00,Male,38,Bronze,TV,Songkhla,1234,Lazada,COD,1,4,0,0,30-40,41.13333333333333,1.0,0.0,0.0,-1,107,1459.89,0.18,1.0,0.0,0.0,0.0,0,0,0.0,0.0,0,0,0.0,0.0,0,0,0.0,1459.89,1,0,0.0,1
LGS2ORD0014779,C015635,2025-04-28 01:00:00,Male,26,Bronze,TV,Chonburi,426,Lazada,COD,1,4,0,0,20-30,14.2,1.0,0.0,0.0,-1,34,1698.28,0.13,1.0,0.0,0.0,0.0,0,0,0.0,0.0,0,0,0.0,1698.28,1,0,0.0,1698.28,1,0,0.0,1
LGS2ORD0014780,C016138,2025-04-28 01:00:00,Female,66,Silver,TV,Bangkok,1311,Lazada,PromptPay,1,4,0,0,>50,43.7,2.0,0.0,0.0,-1,2,11691.039999999999,0.1,1.0,0.0,0.0,20772.23,1,0,0.0,20772.23,1,0,0.0,23382.079999999998,2,0,0.0,23382.079999999998,2,0,0.0,1
LGS2ORD0014781,C014143,2025-04-28 01:00:00,Male,25,Silver,Shopee,Bangkok,1059,CallCenter,COD,1,4,0,0,20-30,35.3,2.0,0.0,0.0,-1,41,2451.92,0.2,0.5,0.0,0.0,0.0,0,0,0.0,0.0,0,0,0.0,1270.26,1,0,0.0,4903.84,2,0,0.0,0
LGS2ORD0014782,C014595,2025-04-28 01:00:00,Female,41,Silver,Shopee,Chiang Mai,995,Shopee,COD,1,4,0,0,40-50,33.166666666666664,2.0,0.0,0.0,-1,7,6592.73,0.3,0.5,0.5,0.0,0.0,0,0,0.0,8952.84,1,0,0.0,13185.46,2,0,0.0,13185.46,2,0,0.0,0
LGS2ORD0014783,C011857,2025-04-28 02:00:00,Male,37,Bronze,Web,Songkhla,1480,CallCenter,COD,2,4,0,0,30-40,49.333333333333336,3.0,0.0,0.0,-1,0,2118.476666666667,0.18,0.6666666666666666,0.0,0.0,3908.23,1,0,0.0,3908.23,1,0,0.0,6355.43,3,0,0.0,6355.43,3,0,0.0,1
LGS2ORD0014784,C013078,2025-04-28 02:00:00,Female,45,Gold,Lazada,Remote_Area,919,Lazada,Bank_Transfer,2,4,0,0,40-50,30.633333333333333,3.0,1.0,0.3333333333333333,0,14,5185.673333333333,0.28,0.3333333333333333,1.0,0.0,0.0,0,0,0.0,7757.34,2,1,0.5,15557.02,3,1,0.3333333333333333,15557.02,3,1,0.3333333333333333,0
LGS2ORD0014785,C012831,2025-04-28 02:00:00,Other,72,Bronze,CallCenter,Bangkok,152,Web,COD,2,4,0,0,>50,5.066666666666666,2.0,0.0,0.0,-1,47,5410.594999999999,0.23,0.5,0.5,0.0,0.0,0,0,0.0,0.0,0,0,0.0,10821.189999999999,2,0,0.0,10821.189999999999,2,0,0.0,0
LGS2ORD0014786,C013530,2025-04-28 02:00:00,Other,62,Bronze,TV,Bangkok,835,TV_Show,COD,2,4,0,0,>50,27.833333333333332,1.0,1.0,1.0,64,79,2994.27,0.28,0.0,1.0,0.0,0.0,0,0,0.0,0.0,0,0,0.0,2994.27,1,1,1.0,2994.27,1,1,1.0,1
LGS2ORD0014787,C017534,2025-04-28 02:00:00,Female,51,Bronze,Shopee,Chonburi,137,Lazada,COD,2,4,0,0,>50,4.566666666666666,5.0,3.0,0.6,-3,2,2410.3360000000002,0.28,1.0,0.4,0.0,7263.22,1,1,1.0,7263.22,1,1,1.0,12051.68,5,3,0.6,12051.68,5,3,0.6,0
LGS2ORD0014788,C013547,2025-04-28 02:00:00,Male,51,Gold,Web,Khon Kaen,1157,Shopee,COD,2,4,0,0,>50,38.56666666666667,0.0,0.0,0.0,-1,-1,0.0,0.0,0.0,0.0,0.0,0.0,0,0,0.0,0.0,0,0,0.0,0.0,0,0,0.0,0.0,0,0,0.0,0
LGS2ORD0014789,C017482,2025-04-28 03:00:00,Female,29,Bronze,TV,Chiang Mai,1132,TV_Show,Credit_Card,3,4,0,0,20-30,37.733333333333334,3.0,1.0,0.3333333333333333,27,42,3697.2566666666667,0.28,0.0,0.3333333333333333,0.0,0.0,0,0,0.0,0.0,0,0,0.0,9018.15,1,1,1.0,11091.77,3,1,0.3333333333333333,1
LGS2ORD0014790,C012870,2025-04-28 03:00:00,Male,55,Silver,Web,Bangkok,736,Web,Credit_Card,3,4,0,0,>50,24.533333333333335,6.0,1.0,0.16666666666666666,57,35,3759.316666666667,0.3,0.3333333333333333,0.16666666666666666,0.0,0.0,0,0,0.0,0.0,0,0,0.0,21682.89,5,1,0.2,22555.9,6,1,0.16666666666666666,0
LGS2ORD0014791,C011792,2025-04-28 03:00:00,Other,27,Gold,TV,Bangkok,471,TV_Show,PromptPay,3,4,0,0,20-30,15.7,2.0,0.0,0.0,-1,53,2921.415,0.2299999999999999,1.0,0.5,0.0,0.0,0,0,0.0,0.0,0,0,0.0,5842.83,2,0,0.0,5842.83,2,0,0.0,0
LGS2ORD0014792,C014449,2025-04-28 03:00:00,Male,32,Silver,TV,Khon Kaen,601,TV_Show,Credit_Card,3,4,0,0,30-40,20.033333333333335,3.0,0.0,0.0,-1,44,4702.7,0.2,0.6666666666666666,0.0,0.0,0.0,0,0,0.0,0.0,0,0,0.0,14108.1,3,0,0.0,14108.1,3,0,0.0,0
LGS2ORD0014793,C012568,2025-04-28 03:00:00,Female,54,Bronze,Shopee,Khon Kaen,986,Shopee,COD,3,4,0,0,>50,32.86666666666667,4.0,2.0,0.5,49,34,3078.2975,0.23,0.5,0.5,0.0,0.0,0,0,0.0,0.0,0,0,0.0,8833.039999999999,3,2,0.6666666666666666,12313.19,4,2,0.5,1
LGS2ORD0014794,C013587,2025-04-28 04:00:00,Female,29,Silver,Lazada,Khon Kaen,627,TV_Show,Credit_Card,4,4,0,0,20-30,20.9,1.0,0.0,0.0,-1,61,1100.63,0.05,0.0,0.0,0.0,0.0,0,0,0.0,0.0,0,0,0.0,1100.63,1,0,0.0,1100.63,1,0,0.0,0
LGS2ORD0014795,C011113,2025-04-28 04:00:00,Female,44,Bronze,TV,Nakhon Ratchasima,1451,TV_Show,COD,4,4,0,0,40-50,48.36666666666667,2.0,0.0,0.0,-1,84,5268.84,0.08,0.5,0.0,0.0,0.0,0,0,0.0,0.0,0,0,0.0,10537.68,2,0,0.0,10537.68,2,0,0.0,1
LGS2ORD0014796,C012945,2025-04-28 04:00:00,Male,26,Silver,Lazada,Nakhon Ratchasima,1426,TV_Show,COD,4,4,0,0,20-30,47.53333333333333,1.0,1.0,1.0,-14,0,686.25,0.05,1.0,0.0,0.0,686.25,1,1,1.0,686.25,1,1,1.0,686.25,1,1,1.0,686.25,1,1,1.0,1
LGS2ORD0014797,C012124,2025-04-28 04:00:00,Male,18,Bronze,Shopee,Remote_Area,1347,Lazada,COD,4,4,0,0,<20,44.9,1.0,0.0,0.0,-1,99,4472.0,0.03,0.0,0.0,0.0,0.0,0,0,0.0,0.0,0,0,0.0,0.0,0,0,0.0,4472.0,1,0,0.0,0
LGS2ORD0014798,C016858,2025-04-28 04:00:00,Male,40,Bronze,TV,Songkhla,503,TV_Show,COD,4,4,0,0,30-40,16.766666666666666,3.0,1.0,0.3333333333333333,50,52,2515.54,0.28,0.6666666666666666,0.6666666666666666,0.0,0.0,0,0,0.0,0.0,0,0,0.0,4783.03,2,1,0.5,7546.62,3,1,0.3333333333333333,0
LGS2ORD0014799,C015683,2025-04-28 05:00:00,Male,26,Platinum,TV,Bangkok,672,Shopee,COD,5,4,0,0,20-30,22.4,2.0,0.0,0.0,-1,39,1846.6,0.15,0.0,0.0,0.0,0.0,0,0,0.0,0.0,0,0,0.0,672.16,1,0,0.0,3693.2,2,0,0.0,0
LGS2ORD0014800,C010356,2025-04-28 05:00:00,Male,39,Silver,Shopee,Bangkok,458,Lazada,COD,5,4,0,0,30-40,15.266666666666667,1.0,0.0,0.0,-1,55,2704.98,0.2,0.0,0.0,0.0,0.0,0,0,0.0,0.0,0,0,0.0,2704.98,1,0,0.0,2704.98,1,0,0.0,0
LGS2ORD0014801,C013414,2025-04-28 05:00:00,Male,39,Silver,Lazada,Nakhon Ratchasima,443,Web,Bank_Transfer,5,4,0,0,30-40,14.766666666666667,4.0,0.0,0.0,-1,39,3079.4049999999997,0.1,0.25,0.0,0.0,0.0,0,0,0.0,0.0,0,0,0.0,3868.9700000000003,2,0,0.0,12317.619999999999,4,0,0.0,0
LGS2ORD0014802,C012780,2025-04-28 05:00:00,Male,30,Bronze,TV,Nakhon Ratchasima,1295,Lazada,COD,5,4,0,0,20-30,43.166666666666664,1.0,0.0,0.0,-1,83,4295.75,0.13,1.0,0.0,0.0,0.0,0,0,0.0,0.0,0,0,0.0,4295.75,1,0,0.0,4295.75,1,0,0.0,0
LGS2ORD0014803,C013431,2025-04-28 05:00:00,Female,39,Bronze,Lazada,Remote_Area,1330,TV_Show,COD,5,4,0,0,30-40,44.333333333333336,3.0,3.0,1.0,5,12,1959.5,0.18,0.3333333333333333,0.0,0.0,0.0,0,0,0.0,2415.37,1,1,1.0,4495.37,2,2,1.0,5878.5,3,3,1.0,1
LGS2ORD0014804,C013199,2025-04-28 06:00:00,Female,39,Silver,Shopee,Chonburi,943,Web,PromptPay,6,4,0,0,30-40,31.433333333333334,0.0,0.0,0.0,-1,-1,0.0,0.0,0.0,0.0,0.0,0.0,0,0,0.0,0.0,0,0,0.0,0.0,0,0,0.0,0.0,0,0,0.0,0
LGS2ORD0014805,C016042,2025-04-28 06:00:00,Female,63,Silver,Shopee,Remote_Area,1046,Shopee,PromptPay,6,4,0,0,>50,34.86666666666667,2.0,0.0,0.0,-1,99,9836.55,0.25,0.5,0.5,0.0,0.0,0,0,0.0,0.0,0,0,0.0,0.0,0,0,0.0,19673.1,2,0,0.0,0
LGS2ORD0014806,C010646,2025-04-28 06:00:00,Male,48,Bronze,Lazada,Bangkok,1378,Shopee,PromptPay,6,4,0,0,40-50,45.93333333333333,2.0,0.0,0.0,-1,25,1107.4,0.28,0.5,0.5,0.0,0.0,0,0,0.0,408.57,1,0,0.0,2214.8,2,0,0.0,2214.8,2,0,0.0,1
LGS2ORD0014807,C014323,2025-04-28 06:00:00,Male,34,Silver,TV,Nakhon Ratchasima,1245,TV_Show,COD,6,4,0,0,30-40,41.5,1.0,0.0,0.0,-1,32,1507.95,0.2,0.0,0.0,0.0,0.0,0,0,0.0,0.0,0,0,0.0,1507.95,1,0,0.0,1507.95,1,0,0.0,0
LGS2ORD0014808,C010311,2025-04-28 06:00:00,Female,50,Bronze,Web,Bangkok,1116,Web,Bank_Transfer,6,4,0,0,40-50,37.2,0.0,0.0,0.0,-1,-1,0.0,0.0,0.0,0.0,0.0,0.0,0,0,0.0,0.0,0,0,0.0,0.0,0,0,0.0,0.0,0,0,0.0,0
LGS2ORD0014809,C011159,2025-04-28 06:00:00,Female,37,Silver,Web,Nakhon Ratchasima,1169,Lazada,Credit_Card,6,4,0,0,30-40,38.96666666666667,1.0,1.0,1.0,89,102,8431.42,0.05,1.0,0.0,0.0,0.0,0,0,0.0,0.0,0,0,0.0,0.0,0,0,0.0,8431.42,1,1,1.0,0
LGS2ORD0014810,C010281,2025-04-28 07:00:00,Female,40,Silver,Web,Bangkok,454,TV_Show,Credit_Card,7,4,0,0,30-40,15.133333333333333,2.0,2.0,1.0,-10,8,649.0699999999999,0.25,0.0,0.5,0.0,0.0,0,0,0.0,922.89,1,1,1.0,1298.1399999999999,2,2,1.0,1298.1399999999999,2,2,1.0,0
LGS2ORD0014811,C015212,2025-04-28 07:00:00,Female,53,Bronze,Lazada,Khon Kaen,384,Lazada,COD,7,4,0,0,>50,12.8,2.0,0.0,0.0,-1,18,3244.14,0.28,1.0,0.5,0.0,0.0,0,0,0.0,6488.28,2,0,0.0,6488.28,2,0,0.0,6488.28,2,0,0.0,1
LGS2ORD0014812,C015181,2025-04-28 07:00:00,Male,39,Bronze,Shopee,Remote_Area,562,Web,COD,7,4,0,0,30-40,18.733333333333334,2.0,0.0,0.0,-1,47,13133.71,0.28,0.5,0.5,0.0,0.0,0,0,0.0,0.0,0,0,0.0,26267.42,2,0,0.0,26267.42,2,0,0.0,0
LGS2ORD0014813,C012334,2025-04-28 07:00:00,Female,60,Gold,TV,Khon Kaen,1488,Lazada,PromptPay,7,4,0,0,>50,49.6,2.0,2.0,1.0,9,17,19257.05,0.2299999999999999,0.5,0.5,0.0,0.0,0,0,0.0,38514.1,2,2,1.0,38514.1,2,2,1.0,38514.1,2,2,1.0,0
LGS2ORD0014814,C015207,2025-04-28 07:00:00,Female,49,Gold,TV,Bangkok,376,Lazada,Bank_Transfer,7,4,0,0,40-50,12.533333333333333,0.0,0.0,0.0,-1,-1,0.0,0.0,0.0,0.0,0.0,0.0,0,0,0.0,0.0,0,0,0.0,0.0,0,0,0.0,0.0,0,0,0.0,0
LGS2ORD0014815,C015163,2025-04-28 08:00:00,Male,56,Gold,CallCenter,Chiang Mai,594,TV_Show,COD,8,4,0,0,>50,19.8,1.0,1.0,1.0,102,112,11287.29,0.08,1.0,0.0,0.0,0.0,0,0,0.0,0.0,0,0,0.0,0.0,0,0,0.0,11287.29,1,1,1.0,0
LGS2ORD0014816,C014188,2025-04-28 08:00:00,Female,62,Silver,Shopee,Khon Kaen,852,Shopee,PromptPay,8,4,0,0,>50,28.4,1.0,0.0,0.0,-1,115,3517.61,0.05,1.0,0.0,0.0,0.0,0,0,0.0,0.0,0,0,0.0,0.0,0,0,0.0,3517.61,1,0,0.0,0
LGS2ORD0014817,C012239,2025-04-28 08:00:00,Male,47,Silver,Shopee,Remote_Area,1578,TV_Show,COD,8,4,0,0,40-50,52.6,3.0,1.0,0.3333333333333333,49,60,5512.493333333333,0.3,0.3333333333333333,0.6666666666666666,0.0,0.0,0,0,0.0,0.0,0,0,0.0,12837.130000000001,2,1,0.5,16537.48,3,1,0.3333333333333333,1
LGS2ORD0014818,C012578,2025-04-28 08:00:00,Female,41,Bronze,Web,Chiang Mai,681,TV_Show,PromptPay,8,4,0,0,40-50,22.7,3.0,1.0,0.3333333333333333,19,32,11989.543333333333,0.23,0.0,0.3333333333333333,0.0,0.0,0,0,0.0,0.0,0,0,0.0,31976.2,1,1,1.0,35968.63,3,1,0.3333333333333333,0
LGS2ORD0014819,C015321,2025-04-28 08:00:00,Female,18,Silver,TV,Songkhla,1259,Web,Bank_Transfer,8,4,0,0,<20,41.96666666666667,1.0,0.0,0.0,-1,108,12747.79,0.05,0.0,0.0,0.0,0.0,0,0,0.0,0.0,0,0,0.0,0.0,0,0,0.0,12747.79,1,0,0.0,1
LGS2ORD0014820,C016064,2025-04-28 09:00:00,Female,43,Bronze,Lazada,Chonburi,538,Shopee,Credit_Card,9,4,0,0,40-50,17.933333333333334,0.0,0.0,0.0,-1,-1,0.0,0.0,0.0,0.0,0.0,0.0,0,0,0.0,0.0,0,0,0.0,0.0,0,0,0.0,0.0,0,0,0.0,0
LGS2ORD0014821,C016665,2025-04-28 09:00:00,Male,34,Bronze,Web,Chonburi,1019,TV_Show,COD,9,4,0,0,30-40,33.96666666666667,0.0,0.0,0.0,-1,-1,0.0,0.0,0.0,0.0,0.0,0.0,0,0,0.0,0.0,0,0,0.0,0.0,0,0,0.0,0.0,0,0,0.0,0
LGS2ORD0014822,C015362,2025-04-28 09:00:00,Female,44,Bronze,Lazada,Bangkok,577,Shopee,COD,9,4,0,0,40-50,19.233333333333334,3.0,1.0,0.3333333333333333,0,2,1535.7866666666669,0.18,0.3333333333333333,0.0,0.0,2215.82,1,1,1.0,2215.82,1,1,1.0,4607.360000000001,3,1,0.3333333333333333,4607.360000000001,3,1,0.3333333333333333,0
LGS2ORD0014823,C015236,2025-04-28 09:00:00,Female,18,Bronze,Web,Khon Kaen,1552,Lazada,Bank_Transfer,9,4,0,0,<20,51.733333333333334,7.0,4.0,0.5714285714285714,16,28,7547.339999999998,0.28,0.14285714285714285,0.2857142857142857,0.0,0.0,0,0,0.0,13941.0,2,2,1.0,34060.56,6,4,0.6666666666666666,52831.37999999999,7,4,0.5714285714285714,0
LGS2ORD0014824,C014967,2025-04-28 09:00:00,Male,25,Gold,Web,Khon Kaen,471,CallCenter,Credit_Card,9,4,0,0,20-30,15.7,3.0,0.0,0.0,-1,51,3440.31,0.2299999999999999,0.6666666666666666,0.6666666666666666,0.0,0.0,0,0,0.0,0.0,0,0,0.0,10320.93,3,0,0.0,10320.93,3,0,0.0,0
LGS2ORD0014825,C011992,2025-04-28 10:00:00,Female,45,Bronze,TV,Nakhon Ratchasima,831,TV_Show,COD,10,4,0,0,40-50,27.7,6.0,0.0,0.0,-1,1,3933.411666666667,0.23,0.8333333333333334,0.16666666666666666,0.0,2823.15,1,0,0.0,2823.15,1,0,0.0,23600.47,6,0,0.0,23600.47,6,0,0.0,0
LGS2ORD0014826,C014568,2025-04-28 10:00:00,Male,36,Bronze,Shopee,Bangkok,1247,CallCenter,COD,10,4,0,0,30-40,41.56666666666667,0.0,0.0,0.0,-1,-1,0.0,0.0,0.0,0.0,0.0,0.0,0,0,0.0,0.0,0,0,0.0,0.0,0,0,0.0,0.0,0,0,0.0,0
LGS2ORD0014827,C013007,2025-04-28 10:00:00,Female,33,Silver,Web,Bangkok,1167,TV_Show,Credit_Card,10,4,0,0,30-40,38.9,0.0,0.0,0.0,-1,-1,0.0,0.0,0.0,0.0,0.0,0.0,0,0,0.0,0.0,0,0,0.0,0.0,0,0,0.0,0.0,0,0,0.0,0
LGS2ORD0014828,C011958,2025-04-28 10:00:00,Male,26,Bronze,CallCenter,Phuket,1553,Shopee,COD,10,4,0,0,20-30,51.766666666666666,1.0,0.0,0.0,-1,33,3367.29,0.08,0.0,0.0,0.0,0.0,0,0,0.0,0.0,0,0,0.0,3367.29,1,0,0.0,3367.29,1,0,0.0,1
LGS2ORD0014829,C015348,2025-04-28 10:00:00,Male,27,Platinum,Shopee,Bangkok,430,Web,PromptPay,10,4,0,0,20-30,14.333333333333334,2.0,0.0,0.0,-1,20,428.59499999999997,0.25,0.0,0.5,0.0,0.0,0,0,0.0,857.1899999999999,2,0,0.0,857.1899999999999,2,0,0.0,857.1899999999999,2,0,0.0,1
LGS2ORD0014830,C017293,2025-04-28 10:00:00,Male,39,Bronze,TV,Khon Kaen,386,Web,Credit_Card,10,4,0,0,30-40,12.866666666666667,2.0,1.0,0.5,53,59,19077.65,0.18,0.0,0.0,0.0,0.0,0,0,0.0,0.0,0,0,0.0,38155.3,2,1,0.5,38155.3,2,1,0.5,0
LGS2ORD0014831,C012288,2025-04-28 11:00:00,Male,38,Silver,Shopee,Chiang Mai,871,CallCenter,COD,11,4,0,0,30-40,29.033333333333335,0.0,0.0,0.0,-1,-1,0.0,0.0,0.0,0.0,0.0,0.0,0,0,0.0,0.0,0,0,0.0,0.0,0,0,0.0,0.0,0,0,0.0,0
LGS2ORD0014832,C017414,2025-04-28 11:00:00,Male,35,Bronze,TV,Khon Kaen,1220,TV_Show,COD,11,4,0,0,30-40,40.666666666666664,6.0,3.0,0.5,-7,0,3756.4150000000004,0.28,0.5,0.5,0.0,713.48,1,1,1.0,713.48,1,1,1.0,12409.35,3,2,0.6666666666666666,22538.49,6,3,0.5,0
LGS2ORD0014833,C016657,2025-04-28 11:00:00,Male,32,Silver,CallCenter,Bangkok,1516,Web,COD,11,4,0,0,30-40,50.53333333333333,2.0,0.0,0.0,-1,27,2653.965,0.05,1.0,0.0,0.0,0.0,0,0,0.0,2398.5,1,0,0.0,5307.93,2,0,0.0,5307.93,2,0,0.0,0
LGS2ORD0014834,C017251,2025-04-28 11:00:00,Female,51,Gold,Shopee,Khon Kaen,607,Web,COD,11,4,0,0,>50,20.233333333333334,3.0,0.0,0.0,-1,1,8998.363333333335,0.13,0.6666666666666666,0.0,0.0,339.47,1,0,0.0,339.47,1,0,0.0,26995.090000000004,3,0,0.0,26995.090000000004,3,0,0.0,0
LGS2ORD0014835,C016849,2025-04-28 11:00:00,Other,48,Silver,Shopee,Bangkok,346,Lazada,Credit_Card,11,4,0,0,40-50,11.533333333333333,2.0,0.0,0.0,-1,48,3602.85,0.25,0.5,0.5,0.0,0.0,0,0,0.0,0.0,0,0,0.0,1924.66,1,0,0.0,7205.7,2,0,0.0,0
LGS2ORD0014836,C015441,2025-04-28 12:00:00,Male,42,Bronze,Shopee,Phuket,1387,Shopee,COD,12,4,0,0,40-50,46.233333333333334,2.0,0.0,0.0,-1,26,5383.719999999999,0.08,0.5,0.0,0.0,0.0,0,0,0.0,9545.73,1,0,0.0,10767.439999999999,2,0,0.0,10767.439999999999,2,0,0.0,1
LGS2ORD0014837,C012260,2025-04-28 12:00:00,Female,51,Bronze,Lazada,Bangkok,832,Lazada,COD,12,4,0,0,>50,27.733333333333334,5.0,0.0,0.0,-1,31,5344.676,0.28,0.2,0.4,0.0,0.0,0,0,0.0,0.0,0,0,0.0,26553.920000000002,4,0,0.0,26723.38,5,0,0.0,1
LGS2ORD0014838,C015199,2025-04-28 12:00:00,Male,52,Bronze,Shopee,Bangkok,454,Lazada,COD,12,4,0,0,>50,15.133333333333333,1.0,0.0,0.0,-1,11,1258.29,0.08,0.0,0.0,0.0,0.0,0,0,0.0,1258.29,1,0,0.0,1258.29,1,0,0.0,1258.29,1,0,0.0,0
LGS2ORD0014839,C016372,2025-04-28 12:00:00,Female,57,Gold,CallCenter,Bangkok,441,Shopee,COD,12,4,0,0,>50,14.7,2.0,1.0,0.5,35,18,5006.425,0.28,0.5,1.0,0.0,0.0,0,0,0.0,3396.5,1,0,0.0,10012.85,2,1,0.5,10012.85,2,1,0.5,0
LGS2ORD0014840,C014346,2025-04-28 12:00:00,Female,62,Silver,Web,Chiang Mai,918,TV_Show,COD,12,4,0,0,>50,30.6,3.0,1.0,0.3333333333333333,60,12,10497.476666666667,0.25,0.6666666666666666,0.3333333333333333,0.0,0.0,0,0,0.0,2022.37,1,0,0.0,8517.05,2,1,0.5,31492.43,3,1,0.3333333333333333,0
LGS2ORD0014841,C013735,2025-04-28 13:00:00,Female,34,Gold,CallCenter,Bangkok,1099,Lazada,COD,13,4,0,0,30-40,36.63333333333333,1.0,0.0,0.0,-1,76,4264.44,0.13,1.0,0.0,0.0,0.0,0,0,0.0,0.0,0,0,0.0,4264.44,1,0,0.0,4264.44,1,0,0.0,0
LGS2ORD0014842,C012957,2025-04-28 13:00:00,Male,53,Silver,TV,Chonburi,714,TV_Show,COD,13,4,0,0,>50,23.8,3.0,1.0,0.3333333333333333,102,2,1369.1466666666665,0.25,0.3333333333333333,0.3333333333333333,0.0,441.38,1,0,0.0,441.38,1,0,0.0,441.38,1,0,0.0,4107.44,3,1,0.3333333333333333,0
LGS2ORD0014843,C010932,2025-04-28 13:00:00,Female,54,Silver,Web,Songkhla,583,Lazada,PromptPay,13,4,0,0,>50,19.433333333333334,0.0,0.0,0.0,-1,-1,0.0,0.0,0.0,0.0,0.0,0.0,0,0,0.0,0.0,0,0,0.0,0.0,0,0,0.0,0.0,0,0,0.0,0
LGS2ORD0014844,C012770,2025-04-28 13:00:00,Male,45,Bronze,CallCenter,Bangkok,157,Lazada,Bank_Transfer,13,4,0,0,40-50,5.233333333333333,2.0,1.0,0.5,23,26,10760.885,0.23,0.0,0.5,0.0,0.0,0,0,0.0,21521.77,2,1,0.5,21521.77,2,1,0.5,21521.77,2,1,0.5,0
LGS2ORD0014845,C013736,2025-04-28 13:00:00,Female,48,Silver,Lazada,Khon Kaen,467,CallCenter,COD,13,4,0,0,40-50,15.566666666666666,2.0,0.0,0.0,-1,59,2836.395,0.1,1.0,0.0,0.0,0.0,0,0,0.0,0.0,0,0,0.0,5672.79,2,0,0.0,5672.79,2,0,0.0,1
LGS2ORD0014846,C016618,2025-04-28 13:00:00,Male,67,Bronze,TV,Khon Kaen,270,CallCenter,COD,13,4,0,0,>50,9.0,2.0,0.0,0.0,-1,61,3716.29,0.23,0.5,0.5,0.0,0.0,0,0,0.0,0.0,0,0,0.0,6280.73,1,0,0.0,7432.58,2,0,0.0,0
LGS2ORD0014847,C017089,2025-04-28 14:00:00,Male,53,Bronze,Shopee,Songkhla,1468,Web,COD,14,4,0,0,>50,48.93333333333333,1.0,0.0,0.0,-1,27,8078.25,0.13,1.0,0.0,0.0,0.0,0,0,0.0,8078.25,1,0,0.0,8078.25,1,0,0.0,8078.25,1,0,0.0,0
LGS2ORD0014848,C011626,2025-04-28 14:00:00,Male,36,Bronze,Web,Songkhla,1095,Web,COD,14,4,0,0,30-40,36.5,0.0,0.0,0.0,-1,-1,0.0,0.0,0.0,0.0,0.0,0.0,0,0,0.0,0.0,0,0,0.0,0.0,0,0,0.0,0.0,0,0,0.0,1
LGS2ORD0014849,C010663,2025-04-28 14:00:00,Male,32,Bronze,TV,Songkhla,1114,TV_Show,Credit_Card,14,4,0,0,30-40,37.13333333333333,6.0,1.0,0.16666666666666666,-7,2,3444.3116666666665,0.23,0.3333333333333333,0.5,0.0,1987.9099999999999,2,1,0.5,12815.789999999999,3,1,0.3333333333333333,20665.87,6,1,0.16666666666666666,20665.87,6,1,0.16666666666666666,0
LGS2ORD0014850,C010119,2025-04-28 14:00:00,Female,55,Gold,Web,Bangkok,523,Lazada,COD,14,4,0,0,>50,17.433333333333334,1.0,0.0,0.0,-1,19,653.43,0.08,1.0,0.0,0.0,0.0,0,0,0.0,653.43,1,0,0.0,653.43,1,0,0.0,653.43,1,0,0.0,1
LGS2ORD0014851,C016312,2025-04-28 14:00:00,Male,38,Bronze,Shopee,Bangkok,1397,Lazada,COD,14,4,0,0,30-40,46.56666666666667,1.0,0.0,0.0,-1,31,4556.8,0.08,0.0,0.0,0.0,0.0,0,0,0.0,0.0,0,0,0.0,4556.8,1,0,0.0,4556.8,1,0,0.0,0
LGS2ORD0014852,C011571,2025-04-28 15:00:00,Female,40,Bronze,Web,Bangkok,754,Lazada,Credit_Card,15,4,0,0,30-40,25.133333333333333,2.0,2.0,1.0,6,12,4640.780000000001,0.08,0.5,0.0,0.0,0.0,0,0,0.0,1990.79,1,1,1.0,9281.560000000001,2,2,1.0,9281.560000000001,2,2,1.0,1
LGS2ORD0014853,C011662,2025-04-28 15:00:00,Other,37,Bronze,Shopee,Chonburi,345,Lazada,Credit_Card,15,4,0,0,30-40,11.5,3.0,1.0,0.3333333333333333,14,19,6438.649999999999,0.08,1.0,0.0,0.0,0.0,0,0,0.0,2434.51,2,1,0.5,19315.949999999997,3,1,0.3333333333333333,19315.949999999997,3,1,0.3333333333333333,0
LGS2ORD0014854,C014070,2025-04-28 15:00:00,Male,42,Bronze,CallCenter,Nakhon Ratchasima,725,Shopee,COD,15,4,0,0,40-50,24.166666666666668,5.0,1.0,0.2,89,17,2553.516,0.23,0.4,0.6,0.0,0.0,0,0,0.0,8691.69,2,0,0.0,8691.69,2,0,0.0,12767.58,5,1,0.2,0
LGS2ORD0014855,C017918,2025-04-28 15:00:00,Male,33,Bronze,TV,Chiang Mai,1167,Web,Credit_Card,15,4,0,0,30-40,38.9,0.0,0.0,0.0,-1,-1,0.0,0.0,0.0,0.0,0.0,0.0,0,0,0.0,0.0,0,0,0.0,0.0,0,0,0.0,0.0,0,0,0.0,0
LGS2ORD0014856,C013023,2025-04-28 15:00:00,Male,46,Platinum,TV,Bangkok,517,TV_Show,Credit_Card,15,4,0,0,40-50,17.233333333333334,1.0,0.0,0.0,-1,11,3913.52,0.15,1.0,0.0,0.0,0.0,0,0,0.0,3913.52,1,0,0.0,3913.52,1,0,0.0,3913.52,1,0,0.0,0
LGS2ORD0014857,C015481,2025-04-28 16:00:00,Male,45,Bronze,Shopee,Remote_Area,750,Lazada,COD,16,4,0,0,40-50,25.0,4.0,2.0,0.5,-3,1,5028.7825,0.23,0.5,0.25,0.0,16808.52,1,1,1.0,17224.63,2,1,0.5,17224.63,2,1,0.5,20115.13,4,2,0.5,1
LGS2ORD0014858,C011764,2025-04-28 16:00:00,Female,66,Bronze,TV,Remote_Area,1528,Shopee,COD,16,4,0,0,>50,50.93333333333333,1.0,0.0,0.0,-1,106,6270.08,0.03,1.0,0.0,0.0,0.0,0,0,0.0,0.0,0,0,0.0,0.0,0,0,0.0,6270.08,1,0,0.0,0
LGS2ORD0014859,C017789,2025-04-28 16:00:00,Male,41,Platinum,Shopee,Songkhla,794,TV_Show,Bank_Transfer,16,4,0,0,40-50,26.466666666666665,2.0,0.0,0.0,-1,36,2598.31,0.2,0.0,0.0,0.0,0.0,0,0,0.0,0.0,0,0,0.0,3585.4,1,0,0.0,5196.62,2,0,0.0,1
LGS2ORD0014860,C012580,2025-04-28 16:00:00,Female,39,Bronze,Lazada,Chiang Mai,932,Shopee,COD,16,4,0,0,30-40,31.066666666666666,1.0,1.0,1.0,20,30,15980.62,0.03,1.0,0.0,0.0,0.0,0,0,0.0,0.0,0,0,0.0,15980.62,1,1,1.0,15980.62,1,1,1.0,0
LGS2ORD0014861,C015624,2025-04-28 16:00:00,Male,39,Gold,Lazada,Chonburi,585,Lazada,COD,16,4,0,0,30-40,19.5,3.0,1.0,0.3333333333333333,0,5,3222.4599999999996,0.28,0.3333333333333333,0.3333333333333333,0.0,1350.58,1,1,1.0,1350.58,1,1,1.0,7356.93,2,1,0.5,9667.38,3,1,0.3333333333333333,0
LGS2ORD0014862,C014024,2025-04-28 17:00:00,Male,36,Gold,CallCenter,Chiang Mai,182,CallCenter,PromptPay,17,4,0,0,30-40,6.066666666666666,2.0,0.0,0.0,-1,31,15142.205,0.13,1.0,0.0,0.0,0.0,0,0,0.0,0.0,0,0,0.0,30284.41,2,0,0.0,30284.41,2,0,0.0,1
LGS2ORD0014863,C016629,2025-04-28 17:00:00,Male,29,Gold,Web,Bangkok,596,Shopee,Bank_Transfer,17,4,0,0,20-30,19.866666666666667,4.0,1.0,0.25,43,13,13093.2575,0.13,0.5,0.0,0.0,0.0,0,0,0.0,34627.89,1,0,0.0,46166.94,3,1,0.3333333333333333,52373.03,4,1,0.25,0
LGS2ORD0014864,C015582,2025-04-28 17:00:00,Female,29,Bronze,Web,Chonburi,199,CallCenter,COD,17,4,0,0,20-30,6.633333333333334,2.0,0.0,0.0,-1,75,3116.75,0.28,0.5,0.5,0.0,0.0,0,0,0.0,0.0,0,0,0.0,5608.74,1,0,0.0,6233.5,2,0,0.0,0
LGS2ORD0014865,C014686,2025-04-28 17:00:00,Female,42,Silver,Web,Khon Kaen,999,Web,Credit_Card,17,4,0,0,40-50,33.3,2.0,0.0,0.0,-1,58,2575.805,0.1,0.0,0.0,0.0,0.0,0,0,0.0,0.0,0,0,0.0,2989.22,1,0,0.0,5151.61,2,0,0.0,0
LGS2ORD0014866,C013279,2025-04-28 17:00:00,Male,67,Gold,TV,Songkhla,1161,TV_Show,COD,17,4,0,0,>50,38.7,1.0,0.0,0.0,-1,22,2713.71,0.13,0.0,0.0,0.0,0.0,0,0,0.0,2713.71,1,0,0.0,2713.71,1,0,0.0,2713.71,1,0,0.0,1
LGS2ORD0014867,C017253,2025-04-28 17:00:00,Male,18,Silver,Web,Khon Kaen,371,CallCenter,Credit_Card,17,4,0,0,<20,12.366666666666667,2.0,1.0,0.5,32,37,8219.28,0.2,0.5,0.0,0.0,0.0,0,0,0.0,0.0,0,0,0.0,16438.56,2,1,0.5,16438.56,2,1,0.5,0
LGS2ORD0014868,C012911,2025-04-28 18:00:00,Male,37,Bronze,Lazada,Chonburi,761,Shopee,COD,18,4,0,0,30-40,25.366666666666667,4.0,0.0,0.0,-1,0,3801.0675,0.28,0.25,0.5,0.0,7615.67,1,0,0.0,7615.67,1,0,0.0,10522.03,3,0,0.0,15204.27,4,0,0.0,0
LGS2ORD0014869,C017634,2025-04-28 18:00:00,Male,48,Bronze,Web,Khon Kaen,975,TV_Show,COD,18,4,0,0,40-50,32.5,1.0,0.0,0.0,-1,13,5377.79,0.03,1.0,0.0,0.0,0.0,0,0,0.0,5377.79,1,0,0.0,5377.79,1,0,0.0,5377.79,1,0,0.0,1
LGS2ORD0014870,C010165,2025-04-28 18:00:00,Male,46,Gold,Web,Khon Kaen,689,Web,Credit_Card,18,4,0,0,40-50,22.966666666666665,3.0,1.0,0.3333333333333333,34,16,1787.6000000000001,0.18,0.3333333333333333,0.0,0.0,0.0,0,0,0.0,1885.95,1,0,0.0,5362.8,3,1,0.3333333333333333,5362.8,3,1,0.3333333333333333,0
LGS2ORD0014871,C010746,2025-04-28 18:00:00,Male,51,Bronze,Web,Songkhla,918,Shopee,Credit_Card,18,4,0,0,>50,30.6,2.0,1.0,0.5,11,25,9782.675,0.23,0.5,0.5,0.0,0.0,0,0,0.0,7700.12,1,1,1.0,19565.35,2,1,0.5,19565.35,2,1,0.5,1
LGS2ORD0014872,C014530,2025-04-28 18:00:00,Female,61,Bronze,TV,Remote_Area,1316,Lazada,COD,18,4,0,0,>50,43.86666666666667,1.0,0.0,0.0,-1,5,14236.55,0.18,0.0,0.0,0.0,14236.55,1,0,0.0,14236.55,1,0,0.0,14236.55,1,0,0.0,14236.55,1,0,0.0,0
LGS2ORD0014873,C017133,2025-04-28 19:00:00,Female,22,Gold,Shopee,Nakhon Ratchasima,1043,Web,COD,19,4,0,0,20-30,34.766666666666666,2.0,0.0,0.0,-1,42,7272.325,0.13,0.0,0.0,0.0,0.0,0,0,0.0,0.0,0,0,0.0,6456.58,1,0,0.0,14544.65,2,0,0.0,1
LGS2ORD0014874,C015686,2025-04-28 19:00:00,Male,61,Bronze,Web,Phuket,160,CallCenter,PromptPay,19,4,0,0,>50,5.333333333333333,1.0,0.0,0.0,-1,112,8679.74,0.03,0.0,0.0,0.0,0.0,0,0,0.0,0.0,0,0,0.0,0.0,0,0,0.0,8679.74,1,0,0.0,1
LGS2ORD0014875,C012453,2025-04-28 19:00:00,Female,24,Silver,Shopee,Songkhla,1507,TV_Show,PromptPay,19,4,0,0,20-30,50.233333333333334,0.0,0.0,0.0,-1,-1,0.0,0.0,0.0,0.0,0.0,0.0,0,0,0.0,0.0,0,0,0.0,0.0,0,0,0.0,0.0,0,0,0.0,0
LGS2ORD0014876,C013474,2025-04-28 19:00:00,Male,67,Bronze,TV,Nakhon Ratchasima,486,Lazada,COD,19,4,0,0,>50,16.2,0.0,0.0,0.0,-1,-1,0.0,0.0,0.0,0.0,0.0,0.0,0,0,0.0,0.0,0,0,0.0,0.0,0,0,0.0,0.0,0,0,0.0,0
LGS2ORD0014877,C011597,2025-04-28 19:00:00,Female,50,Bronze,Web,Khon Kaen,1480,CallCenter,COD,19,4,0,0,40-50,49.333333333333336,1.0,0.0,0.0,-1,55,1299.82,0.08,0.0,0.0,0.0,0.0,0,0,0.0,0.0,0,0,0.0,1299.82,1,0,0.0,1299.82,1,0,0.0,0
LGS2ORD0014878,C017494,2025-04-28 20:00:00,Male,33,Platinum,Lazada,Nakhon Ratchasima,845,Web,Bank_Transfer,20,4,0,0,30-40,28.166666666666668,2.0,0.0,0.0,-1,38,11797.245,0.15,0.5,0.0,0.0,0.0,0,0,0.0,0.0,0,0,0.0,11937.79,1,0,0.0,23594.49,2,0,0.0,0
LGS2ORD0014879,C017221,2025-04-28 20:00:00,Female,29,Gold,Shopee,Bangkok,1464,CallCenter,Credit_Card,20,4,0,0,20-30,48.8,2.0,0.0,0.0,-1,54,7865.155,0.28,0.0,0.5,0.0,0.0,0,0,0.0,0.0,0,0,0.0,15730.31,2,0,0.0,15730.31,2,0,0.0,0
LGS2ORD0014880,C011183,2025-04-28 20:00:00,Male,18,Platinum,TV,Nakhon Ratchasima,1396,TV_Show,Credit_Card,20,4,0,0,<20,46.53333333333333,1.0,0.0,0.0,-1,33,515.03,0.25,0.0,1.0,0.0,0.0,0,0,0.0,0.0,0,0,0.0,515.03,1,0,0.0,515.03,1,0,0.0,0
LGS2ORD0014881,C016192,2025-04-28 20:00:00,Female,23,Silver,Web,Phuket,948,Web,PromptPay,20,4,0,0,20-30,31.6,3.0,1.0,0.3333333333333333,65,5,1833.6499999999999,0.3,0.3333333333333333,0.3333333333333333,0.0,835.01,1,0,0.0,835.01,1,0,0.0,1552.77,2,1,0.5,5500.95,3,1,0.3333333333333333,0
LGS2ORD0014882,C017630,2025-04-28 20:00:00,Female,68,Gold,TV,Nakhon Ratchasima,228,Shopee,COD,20,4,0,0,>50,7.6,1.0,0.0,0.0,-1,54,1661.79,0.28,0.0,1.0,0.0,0.0,0,0,0.0,0.0,0,0,0.0,1661.79,1,0,0.0,1661.79,1,0,0.0,0
LGS2ORD0014883,C012159,2025-04-28 21:00:00,Male,45,Bronze,Shopee,Bangkok,621,Web,COD,21,4,0,0,40-50,20.7,0.0,0.0,0.0,-1,-1,0.0,0.0,0.0,0.0,0.0,0.0,0,0,0.0,0.0,0,0,0.0,0.0,0,0,0.0,0.0,0,0,0.0,1
LGS2ORD0014884,C016996,2025-04-28 21:00:00,Female,51,Silver,Lazada,Chiang Mai,498,CallCenter,PromptPay,21,4,0,0,>50,16.6,4.0,0.0,0.0,-1,53,5735.35,0.2,0.25,0.0,0.0,0.0,0,0,0.0,0.0,0,0,0.0,8559.52,3,0,0.0,22941.4,4,0,0.0,0
LGS2ORD0014885,C017256,2025-04-28 21:00:00,Other,47,Silver,Shopee,Bangkok,1166,Lazada,COD,21,4,0,0,40-50,38.86666666666667,1.0,0.0,0.0,-1,100,1387.36,0.05,1.0,0.0,0.0,0.0,0,0,0.0,0.0,0,0,0.0,0.0,0,0,0.0,1387.36,1,0,0.0,0
LGS2ORD0014886,C014206,2025-04-28 21:00:00,Female,43,Bronze,Shopee,Bangkok,1331,Web,COD,21,4,0,0,40-50,44.36666666666667,2.0,0.0,0.0,-1,54,1912.5,0.18,0.5,0.0,0.0,0.0,0,0,0.0,0.0,0,0,0.0,2758.25,1,0,0.0,3825.0,2,0,0.0,0
LGS2ORD0014887,C015019,2025-04-28 21:00:00,Female,62,Bronze,CallCenter,Nakhon Ratchasima,426,TV_Show,Bank_Transfer,21,4,0,0,>50,14.2,5.0,0.0,0.0,-1,23,7807.858,0.23,0.4,0.2,0.0,0.0,0,0,0.0,3554.74,1,0,0.0,11104.720000000001,4,0,0.0,39039.29,5,0,0.0,0
LGS2ORD0014888,C014771,2025-04-28 21:00:00,Female,40,Gold,TV,Khon Kaen,1307,Shopee,COD,21,4,0,0,30-40,43.56666666666667,2.0,0.0,0.0,-1,42,5083.035,0.18,0.5,0.0,0.0,0.0,0,0,0.0,0.0,0,0,0.0,10166.07,2,0,0.0,10166.07,2,0,0.0,0
LGS2ORD0014889,C012442,2025-04-28 22:00:00,Female,48,Bronze,Web,Phuket,280,Shopee,Credit_Card,22,4,0,0,40-50,9.333333333333334,1.0,0.0,0.0,-1,51,1889.55,0.03,0.0,0.0,0.0,0.0,0,0,0.0,0.0,0,0,0.0,1889.55,1,0,0.0,1889.55,1,0,0.0,1
LGS2ORD0014890,C016722,2025-04-28 22:00:00,Male,53,Bronze,TV,Khon Kaen,1096,Shopee,COD,22,4,0,0,>50,36.53333333333333,2.0,0.0,0.0,-1,103,1625.81,0.03,0.0,0.0,0.0,0.0,0,0,0.0,0.0,0,0,0.0,0.0,0,0,0.0,3251.62,2,0,0.0,1
LGS2ORD0014891,C014217,2025-04-28 22:00:00,Male,44,Silver,Shopee,Chiang Mai,1347,Web,PromptPay,22,4,0,0,40-50,44.9,2.0,0.0,0.0,-1,105,8892.665,0.1,1.0,0.0,0.0,0.0,0,0,0.0,0.0,0,0,0.0,0.0,0,0,0.0,17785.33,2,0,0.0,0
LGS2ORD0014892,C013810,2025-04-28 22:00:00,Female,55,Gold,Shopee,Bangkok,1227,Lazada,PromptPay,22,4,0,0,>50,40.9,1.0,0.0,0.0,-1,33,1195.07,0.08,1.0,0.0,0.0,0.0,0,0,0.0,0.0,0,0,0.0,1195.07,1,0,0.0,1195.07,1,0,0.0,1
LGS2ORD0014893,C012888,2025-04-28 22:00:00,Female,45,Silver,TV,Bangkok,354,Web,COD,22,4,0,0,40-50,11.8,3.0,0.0,0.0,-1,21,2528.9766666666665,0.3,0.6666666666666666,1.0,0.0,0.0,0,0,0.0,5251.11,1,0,0.0,7586.929999999999,3,0,0.0,7586.929999999999,3,0,0.0,0
LGS2ORD0014894,C016392,2025-04-28 23:00:00,Female,46,Bronze,Shopee,Bangkok,497,Shopee,COD,23,4,0,0,40-50,16.566666666666666,1.0,0.0,0.0,-1,40,846.32,0.23,0.0,1.0,0.0,0.0,0,0,0.0,0.0,0,0,0.0,846.32,1,0,0.0,846.32,1,0,0.0,0
LGS2ORD0014895,C011573,2025-04-28 23:00:00,Female,53,Platinum,Web,Chonburi,229,Shopee,Credit_Card,23,4,0,0,>50,7.633333333333334,2.0,1.0,0.5,74,32,3025.2200000000003,0.3,1.0,1.0,0.0,0.0,0,0,0.0,0.0,0,0,0.0,6050.4400000000005,2,1,0.5,6050.4400000000005,2,1,0.5,0
LGS2ORD0014896,C016888,2025-04-28 23:00:00,Male,32,Silver,Shopee,Nakhon Ratchasima,755,Web,Credit_Card,23,4,0,0,30-40,25.166666666666668,2.0,0.0,0.0,-1,19,3764.515,0.2,0.5,0.0,0.0,0.0,0,0,0.0,1212.36,1,0,0.0,7529.03,2,0,0.0,7529.03,2,0,0.0,0
LGS2ORD0014897,C017547,2025-04-28 23:00:00,Female,50,Gold,Lazada,Remote_Area,1060,Lazada,PromptPay,23,4,0,0,40-50,35.333333333333336,4.0,3.0,0.75,34,40,3716.2949999999996,0.18,0.75,0.0,0.0,0.0,0,0,0.0,0.0,0,0,0.0,14193.82,3,2,0.6666666666666666,14865.179999999998,4,3,0.75,0
LGS2ORD0014898,C010355,2025-04-28 23:00:00,Female,31,Platinum,Lazada,Phuket,1280,Web,PromptPay,23,4,0,0,30-40,42.666666666666664,0.0,0.0,0.0,-1,-1,0.0,0.0,0.0,0.0,0.0,0.0,0,0,0.0,0.0,0,0,0.0,0.0,0,0,0.0,0.0,0,0,0.0,0
LGS2ORD0014899,C011881,2025-04-29 00:00:00,Male,36,Silver,Web,Nakhon Ratchasima,1329,Shopee,Credit_Card,0,4,1,0,30-40,44.3,4.0,0.0,0.0,-1,3,6226.764999999999,0.25,0.25,0.25,0.0,3134.24,1,0,0.0,3134.24,1,0,0.0,15942.22,3,0,0.0,24907.059999999998,4,0,0.0,0
LGS2ORD0014900,C010736,2025-04-29 00:00:00,Male,33,Bronze,Shopee,Remote_Area,831,CallCenter,Credit_Card,0,4,1,0,30-40,27.7,5.0,1.0,0.2,41,41,1235.348,0.28,0.6,0.4,0.0,0.0,0,0,0.0,0.0,0,0,0.0,3819.16,4,1,0.25,6176.74,5,1,0.2,0
LGS2ORD0014901,C013480,2025-04-29 00:00:00,Male,45,Bronze,Shopee,Chiang Mai,1336,TV_Show,PromptPay,0,4,1,0,40-50,44.53333333333333,1.0,1.0,1.0,24,33,36435.85,0.08,0.0,0.0,0.0,0.0,0,0,0.0,0.0,0,0,0.0,36435.85,1,1,1.0,36435.85,1,1,1.0,0
LGS2ORD0014902,C017392,2025-04-29 00:00:00,Female,36,Bronze,Web,Khon Kaen,712,Web,COD,0,4,1,0,30-40,23.733333333333334,2.0,1.0,0.5,66,71,7952.48,0.18,0.0,0.0,0.0,0.0,0,0,0.0,0.0,0,0,0.0,15904.96,2,1,0.5,15904.96,2,1,0.5,0
LGS2ORD0014903,C017038,2025-04-29 00:00:00,Male,39,Gold,CallCenter,Phuket,636,Lazada,Bank_Transfer,0,4,1,0,30-40,21.2,1.0,1.0,1.0,73,79,6391.02,0.08,1.0,0.0,0.0,0.0,0,0,0.0,0.0,0,0,0.0,6391.02,1,1,1.0,6391.02,1,1,1.0,0
LGS2ORD0014904,C011385,2025-04-29 01:00:00,Female,57,Bronze,TV,Bangkok,156,Web,Credit_Card,1,4,1,0,>50,5.2,4.0,0.0,0.0,-1,8,5219.91,0.23,0.75,0.25,0.0,0.0,0,0,0.0,20879.64,4,0,0.0,20879.64,4,0,0.0,20879.64,4,0,0.0,0
LGS2ORD0014905,C015446,2025-04-29 01:00:00,Female,38,Bronze,Shopee,Bangkok,1207,Lazada,COD,1,4,1,0,30-40,40.233333333333334,5.0,0.0,0.0,-1,13,5771.41,0.23,0.6,0.2,0.0,0.0,0,0,0.0,8064.29,2,0,0.0,18684.0,4,0,0.0,28857.05,5,0,0.0,0
LGS2ORD0014906,C012695,2025-04-29 01:00:00,Female,57,Silver,Web,Nakhon Ratchasima,789,Web,COD,1,4,1,0,>50,26.3,0.0,0.0,0.0,-1,-1,0.0,0.0,0.0,0.0,0.0,0.0,0,0,0.0,0.0,0,0,0.0,0.0,0,0,0.0,0.0,0,0,0.0,0
LGS2ORD0014907,C013074,2025-04-29 01:00:00,Male,72,Bronze,Lazada,Chonburi,406,Web,PromptPay,1,4,1,0,>50,13.533333333333333,0.0,0.0,0.0,-1,-1,0.0,0.0,0.0,0.0,0.0,0.0,0,0,0.0,0.0,0,0,0.0,0.0,0,0,0.0,0.0,0,0,0.0,0
LGS2ORD0014908,C012080,2025-04-29 01:00:00,Female,63,Bronze,Web,Chonburi,1156,Lazada,COD,1,4,1,0,>50,38.53333333333333,0.0,0.0,0.0,-1,-1,0.0,0.0,0.0,0.0,0.0,0.0,0,0,0.0,0.0,0,0,0.0,0.0,0,0,0.0,0.0,0,0,0.0,1
LGS2ORD0014909,C014876,2025-04-29 01:00:00,Male,41,Gold,Shopee,Remote_Area,1493,CallCenter,PromptPay,1,4,1,0,40-50,49.766666666666666,0.0,0.0,0.0,-1,-1,0.0,0.0,0.0,0.0,0.0,0.0,0,0,0.0,0.0,0,0,0.0,0.0,0,0,0.0,0.0,0,0,0.0,0
LGS2ORD0014910,C011960,2025-04-29 02:00:00,Male,18,Bronze,Shopee,Chiang Mai,639,Shopee,PromptPay,2,4,1,0,<20,21.3,3.0,1.0,0.3333333333333333,105,19,8222.49,0.23,0.3333333333333333,0.3333333333333333,0.0,0.0,0,0,0.0,785.17,1,0,0.0,785.17,1,0,0.0,24667.47,3,1,0.3333333333333333,0
LGS2ORD0014911,C015751,2025-04-29 02:00:00,Male,51,Silver,TV,Remote_Area,263,Lazada,PromptPay,2,4,1,0,>50,8.766666666666667,2.0,1.0,0.5,35,45,630.63,0.25,1.0,0.5,0.0,0.0,0,0,0.0,0.0,0,0,0.0,1261.26,2,1,0.5,1261.26,2,1,0.5,0
LGS2ORD0014912,C015672,2025-04-29 02:00:00,Female,44,Bronze,CallCenter,Khon Kaen,1203,Web,PromptPay,2,4,1,0,40-50,40.1,2.0,1.0,0.5,55,67,17586.195,0.18,0.5,0.0,0.0,0.0,0,0,0.0,0.0,0,0,0.0,29561.03,1,1,1.0,35172.39,2,1,0.5,0
LGS2ORD0014913,C014888,2025-04-29 02:00:00,Male,35,Silver,Shopee,Bangkok,960,Web,Credit_Card,2,4,1,0,30-40,32.0,1.0,0.0,0.0,-1,64,1893.15,0.05,0.0,0.0,0.0,0.0,0,0,0.0,0.0,0,0,0.0,1893.15,1,0,0.0,1893.15,1,0,0.0,0
LGS2ORD0014914,C010093,2025-04-29 02:00:00,Male,20,Bronze,Web,Chonburi,358,Shopee,COD,2,4,1,0,<20,11.933333333333334,2.0,0.0,0.0,-1,16,2470.785,0.03,0.5,0.0,0.0,0.0,0,0,0.0,4941.57,2,0,0.0,4941.57,2,0,0.0,4941.57,2,0,0.0,0
LGS2ORD0014915,C017119,2025-04-29 03:00:00,Female,46,Silver,Shopee,Chonburi,758,TV_Show,COD,3,4,1,0,40-50,25.266666666666666,3.0,0.0,0.0,-1,50,13815.036666666667,0.25,0.6666666666666666,0.3333333333333333,0.0,0.0,0,0,0.0,0.0,0,0,0.0,41445.11,3,0,0.0,41445.11,3,0,0.0,1
LGS2ORD0014916,C016958,2025-04-29 03:00:00,Male,56,Silver,TV,Bangkok,1517,TV_Show,Credit_Card,3,4,1,0,>50,50.56666666666667,1.0,0.0,0.0,-1,49,17849.6,0.25,0.0,1.0,0.0,0.0,0,0,0.0,0.0,0,0,0.0,17849.6,1,0,0.0,17849.6,1,0,0.0,1
LGS2ORD0014917,C013914,2025-04-29 03:00:00,Male,34,Silver,CallCenter,Phuket,1574,Shopee,COD,3,4,1,0,30-40,52.46666666666667,0.0,0.0,0.0,-1,-1,0.0,0.0,0.0,0.0,0.0,0.0,0,0,0.0,0.0,0,0,0.0,0.0,0,0,0.0,0.0,0,0,0.0,1
LGS2ORD0014918,C015046,2025-04-29 03:00:00,Male,64,Silver,Lazada,Songkhla,409,CallCenter,Credit_Card,3,4,1,0,>50,13.633333333333333,0.0,0.0,0.0,-1,-1,0.0,0.0,0.0,0.0,0.0,0.0,0,0,0.0,0.0,0,0,0.0,0.0,0,0,0.0,0.0,0,0,0.0,1
LGS2ORD0014919,C014326,2025-04-29 03:00:00,Female,39,Bronze,TV,Phuket,1415,Web,PromptPay,3,4,1,0,30-40,47.166666666666664,0.0,0.0,0.0,-1,-1,0.0,0.0,0.0,0.0,0.0,0.0,0,0,0.0,0.0,0,0,0.0,0.0,0,0,0.0,0.0,0,0,0.0,0
LGS2ORD0014920,C017533,2025-04-29 04:00:00,Female,37,Bronze,Web,Remote_Area,1052,Web,COD,4,4,1,0,30-40,35.06666666666667,1.0,1.0,1.0,-10,1,3695.46,0.03,0.0,0.0,0.0,3695.46,1,1,1.0,3695.46,1,1,1.0,3695.46,1,1,1.0,3695.46,1,1,1.0,0
LGS2ORD0014921,C015549,2025-04-29 04:00:00,Male,48,Silver,Web,Nakhon Ratchasima,1288,Web,PromptPay,4,4,1,0,40-50,42.93333333333333,2.0,0.0,0.0,-1,20,5156.93,0.1,0.5,0.0,0.0,0.0,0,0,0.0,10313.86,2,0,0.0,10313.86,2,0,0.0,10313.86,2,0,0.0,0
LGS2ORD0014922,C016312,2025-04-29 04:00:00,Male,38,Bronze,Shopee,Bangkok,1398,Web,COD,4,4,1,0,30-40,46.6,2.0,0.0,0.0,-1,0,11980.455,0.08,0.5,0.0,0.0,19404.11,1,0,0.0,19404.11,1,0,0.0,23960.91,2,0,0.0,23960.91,2,0,0.0,1
LGS2ORD0014923,C010463,2025-04-29 04:00:00,Male,33,Silver,Shopee,Khon Kaen,1546,Web,Bank_Transfer,4,4,1,0,30-40,51.53333333333333,2.0,1.0,0.5,20,25,3282.215,0.15,1.0,0.0,0.0,0.0,0,0,0.0,2708.48,1,0,0.0,6564.43,2,1,0.5,6564.43,2,1,0.5,0
LGS2ORD0014924,C013903,2025-04-29 04:00:00,Male,49,Bronze,TV,Remote_Area,1410,TV_Show,COD,4,4,1,0,40-50,47.0,0.0,0.0,0.0,-1,-1,0.0,0.0,0.0,0.0,0.0,0.0,0,0,0.0,0.0,0,0,0.0,0.0,0,0,0.0,0.0,0,0,0.0,0
LGS2ORD0014925,C014526,2025-04-29 05:00:00,Female,37,Gold,Web,Remote_Area,1489,Shopee,COD,5,4,1,0,30-40,49.63333333333333,1.0,0.0,0.0,-1,83,783.17,0.2299999999999999,0.0,1.0,0.0,0.0,0,0,0.0,0.0,0,0,0.0,783.17,1,0,0.0,783.17,1,0,0.0,1
LGS2ORD0014926,C015015,2025-04-29 05:00:00,Female,44,Bronze,Web,Bangkok,152,TV_Show,COD,5,4,1,0,40-50,5.066666666666666,3.0,0.0,0.0,-1,33,3896.1300000000006,0.23,0.0,0.3333333333333333,0.0,0.0,0,0,0.0,0.0,0,0,0.0,11688.390000000001,3,0,0.0,11688.390000000001,3,0,0.0,0
LGS2ORD0014927,C017869,2025-04-29 05:00:00,Male,43,Silver,TV,Songkhla,201,Lazada,Bank_Transfer,5,4,1,0,40-50,6.7,2.0,0.0,0.0,-1,72,526.39,0.3,1.0,0.5,0.0,0.0,0,0,0.0,0.0,0,0,0.0,1052.78,2,0,0.0,1052.78,2,0,0.0,0
LGS2ORD0014928,C013416,2025-04-29 05:00:00,Male,43,Bronze,CallCenter,Songkhla,603,Lazada,Bank_Transfer,5,4,1,0,40-50,20.1,1.0,0.0,0.0,-1,60,535.22,0.18,0.0,0.0,0.0,0.0,0,0,0.0,0.0,0,0,0.0,535.22,1,0,0.0,535.22,1,0,0.0,0
LGS2ORD0014929,C017453,2025-04-29 05:00:00,Female,42,Platinum,TV,Bangkok,473,Lazada,PromptPay,5,4,1,0,40-50,15.766666666666667,1.0,0.0,0.0,-1,102,8759.64,0.1,1.0,0.0,0.0,0.0,0,0,0.0,0.0,0,0,0.0,0.0,0,0,0.0,8759.64,1,0,0.0,0
LGS2ORD0014930,C017458,2025-04-29 05:00:00,Female,53,Bronze,Web,Nakhon Ratchasima,966,TV_Show,Credit_Card,5,4,1,0,>50,32.2,3.0,0.0,0.0,-1,35,3676.3999999999996,0.28,0.0,0.6666666666666666,0.0,0.0,0,0,0.0,0.0,0,0,0.0,5902.92,2,0,0.0,11029.199999999999,3,0,0.0,1
LGS2ORD0014931,C012477,2025-04-29 06:00:00,Female,49,Bronze,Web,Bangkok,1251,Lazada,PromptPay,6,4,1,0,40-50,41.7,1.0,0.0,0.0,-1,93,7312.99,0.23,0.0,1.0,0.0,0.0,0,0,0.0,0.0,0,0,0.0,0.0,0,0,0.0,7312.99,1,0,0.0,0
LGS2ORD0014932,C012113,2025-04-29 06:00:00,Male,35,Bronze,Web,Songkhla,187,Web,Credit_Card,6,4,1,0,30-40,6.233333333333333,3.0,2.0,0.6666666666666666,23,17,6283.32,0.28,0.3333333333333333,0.3333333333333333,0.0,0.0,0,0,0.0,13357.730000000001,2,1,0.5,13357.730000000001,2,1,0.5,18849.96,3,2,0.6666666666666666,1
LGS2ORD0014933,C013653,2025-04-29 06:00:00,Female,56,Bronze,CallCenter,Remote_Area,1555,Shopee,COD,6,4,1,0,>50,51.833333333333336,1.0,1.0,1.0,35,50,4584.97,0.03,1.0,0.0,0.0,0.0,0,0,0.0,0.0,0,0,0.0,4584.97,1,1,1.0,4584.97,1,1,1.0,0
LGS2ORD0014934,C013900,2025-04-29 06:00:00,Female,39,Bronze,Shopee,Khon Kaen,647,CallCenter,Credit_Card,6,4,1,0,30-40,21.566666666666666,2.0,0.0,0.0,-1,62,1275.2050000000002,0.08,0.5,0.0,0.0,0.0,0,0,0.0,0.0,0,0,0.0,2550.4100000000003,2,0,0.0,2550.4100000000003,2,0,0.0,0
LGS2ORD0014935,C017025,2025-04-29 06:00:00,Male,34,Gold,Lazada,Bangkok,228,Shopee,Credit_Card,6,4,1,0,30-40,7.6,3.0,0.0,0.0,-1,90,4890.69,0.18,0.0,0.0,0.0,0.0,0,0,0.0,0.0,0,0,0.0,0.0,0,0,0.0,14672.07,3,0,0.0,0
LGS2ORD0014936,C015091,2025-04-29 07:00:00,Female,38,Silver,TV,Chiang Mai,603,TV_Show,COD,7,4,1,0,30-40,20.1,4.0,1.0,0.25,33,47,4111.605,0.2,0.75,0.0,0.0,0.0,0,0,0.0,0.0,0,0,0.0,4229.32,2,1,0.5,16446.42,4,1,0.25,0
LGS2ORD0014937,C015632,2025-04-29 07:00:00,Female,43,Bronze,Web,Bangkok,265,TV_Show,COD,7,4,1,0,40-50,8.833333333333334,1.0,1.0,1.0,76,88,2920.62,0.28,0.0,1.0,0.0,0.0,0,0,0.0,0.0,0,0,0.0,2920.62,1,1,1.0,2920.62,1,1,1.0,0
LGS2ORD0014938,C010228,2025-04-29 07:00:00,Male,43,Bronze,TV,Songkhla,1534,Shopee,Credit_Card,7,4,1,0,40-50,51.13333333333333,1.0,0.0,0.0,-1,72,2334.75,0.03,0.0,0.0,0.0,0.0,0,0,0.0,0.0,0,0,0.0,2334.75,1,0,0.0,2334.75,1,0,0.0,0
LGS2ORD0014939,C015423,2025-04-29 07:00:00,Male,31,Silver,Shopee,Bangkok,1221,Shopee,COD,7,4,1,0,30-40,40.7,0.0,0.0,0.0,-1,-1,0.0,0.0,0.0,0.0,0.0,0.0,0,0,0.0,0.0,0,0,0.0,0.0,0,0,0.0,0.0,0,0,0.0,0
LGS2ORD0014940,C016277,2025-04-29 07:00:00,Male,61,Bronze,Shopee,Remote_Area,794,TV_Show,Credit_Card,7,4,1,0,>50,26.466666666666665,6.0,2.0,0.3333333333333333,6,5,3681.4500000000003,0.28,0.8333333333333334,0.3333333333333333,0.0,7399.32,1,0,0.0,12205.97,2,1,0.5,17848.26,4,2,0.5,22088.7,6,2,0.3333333333333333,0
LGS2ORD0014941,C011378,2025-04-29 08:00:00,Female,35,Bronze,Lazada,Khon Kaen,1027,Lazada,COD,8,4,1,0,30-40,34.233333333333334,2.0,1.0,0.5,63,66,23301.235,0.13,0.5,0.0,0.0,0.0,0,0,0.0,0.0,0,0,0.0,24659.12,1,1,1.0,46602.47,2,1,0.5,1
LGS2ORD0014942,C011177,2025-04-29 08:00:00,Female,49,Bronze,TV,Remote_Area,644,Web,Credit_Card,8,4,1,0,40-50,21.466666666666665,4.0,2.0,0.5,13,29,6565.05,0.18,0.5,0.0,0.0,0.0,0,0,0.0,2645.46,1,1,1.0,3499.19,2,1,0.5,26260.2,4,2,0.5,1
LGS2ORD0014943,C016644,2025-04-29 08:00:00,Female,32,Platinum,TV,Bangkok,1510,TV_Show,COD,8,4,1,0,30-40,50.333333333333336,1.0,0.0,0.0,-1,52,32965.94,0.1,1.0,0.0,0.0,0.0,0,0,0.0,0.0,0,0,0.0,32965.94,1,0,0.0,32965.94,1,0,0.0,0
LGS2ORD0014944,C017747,2025-04-29 08:00:00,Female,32,Bronze,Shopee,Khon Kaen,1560,Web,COD,8,4,1,0,30-40,52.0,3.0,1.0,0.3333333333333333,75,73,5611.483333333334,0.28,0.3333333333333333,0.6666666666666666,0.0,0.0,0,0,0.0,0.0,0,0,0.0,16834.45,3,1,0.3333333333333333,16834.45,3,1,0.3333333333333333,0
LGS2ORD0014945,C015151,2025-04-29 08:00:00,Female,43,Gold,TV,Nakhon Ratchasima,231,Shopee,COD,8,4,1,0,40-50,7.7,8.0,1.0,0.125,36,24,3530.39,0.28,0.5,0.375,0.0,0.0,0,0,0.0,15374.119999999999,2,0,0.0,28243.12,8,1,0.125,28243.12,8,1,0.125,0
LGS2ORD0014946,C015867,2025-04-29 09:00:00,Male,46,Silver,Lazada,Bangkok,925,Lazada,COD,9,4,1,0,40-50,30.833333333333332,2.0,1.0,0.5,16,31,5095.4400000000005,0.25,1.0,0.5,0.0,0.0,0,0,0.0,0.0,0,0,0.0,10190.880000000001,2,1,0.5,10190.880000000001,2,1,0.5,0
LGS2ORD0014947,C016587,2025-04-29 09:00:00,Male,47,Bronze,Shopee,Chiang Mai,635,CallCenter,COD,9,4,1,0,40-50,21.166666666666668,2.0,0.0,0.0,-1,6,1465.185,0.18,1.0,0.0,0.0,2930.37,2,0,0.0,2930.37,2,0,0.0,2930.37,2,0,0.0,2930.37,2,0,0.0,1
LGS2ORD0014948,C014944,2025-04-29 09:00:00,Male,57,Silver,Web,Bangkok,657,Lazada,COD,9,4,1,0,>50,21.9,3.0,0.0,0.0,-1,66,3800.53,0.25,0.0,0.3333333333333333,0.0,0.0,0,0,0.0,0.0,0,0,0.0,5757.66,1,0,0.0,11401.59,3,0,0.0,0
LGS2ORD0014949,C015638,2025-04-29 09:00:00,Male,41,Bronze,CallCenter,Nakhon Ratchasima,885,Lazada,COD,9,4,1,0,40-50,29.5,1.0,0.0,0.0,-1,56,7827.99,0.08,0.0,0.0,0.0,0.0,0,0,0.0,0.0,0,0,0.0,7827.99,1,0,0.0,7827.99,1,0,0.0,1
LGS2ORD0014950,C017160,2025-04-29 09:00:00,Male,65,Silver,Lazada,Phuket,1114,Web,Bank_Transfer,9,4,1,0,>50,37.13333333333333,0.0,0.0,0.0,-1,-1,0.0,0.0,0.0,0.0,0.0,0.0,0,0,0.0,0.0,0,0,0.0,0.0,0,0,0.0,0.0,0,0,0.0,0
LGS2ORD0014951,C017744,2025-04-29 09:00:00,Female,46,Gold,Lazada,Bangkok,1338,CallCenter,Credit_Card,9,4,1,0,40-50,44.6,2.0,0.0,0.0,-1,20,3903.7149999999997,0.13,0.5,0.0,0.0,0.0,0,0,0.0,7807.429999999999,2,0,0.0,7807.429999999999,2,0,0.0,7807.429999999999,2,0,0.0,1
LGS2ORD0014952,C010658,2025-04-29 10:00:00,Male,67,Gold,CallCenter,Bangkok,871,Shopee,COD,10,4,1,0,>50,29.033333333333335,3.0,0.0,0.0,-1,18,3569.6533333333336,0.28,0.6666666666666666,0.3333333333333333,0.0,0.0,0,0,0.0,3774.77,1,0,0.0,9411.56,2,0,0.0,10708.960000000001,3,0,0.0,0
LGS2ORD0014953,C015327,2025-04-29 10:00:00,Male,58,Platinum,TV,Phuket,1218,Web,COD,10,4,1,0,>50,40.6,1.0,0.0,0.0,-1,107,2967.46,0.1,0.0,0.0,0.0,0.0,0,0,0.0,0.0,0,0,0.0,0.0,0,0,0.0,2967.46,1,0,0.0,1
LGS2ORD0014954,C012955,2025-04-29 10:00:00,Male,35,Silver,TV,Nakhon Ratchasima,1144,Shopee,Bank_Transfer,10,4,1,0,30-40,38.13333333333333,3.0,1.0,0.3333333333333333,25,30,2854.36,0.25,0.6666666666666666,0.3333333333333333,0.0,0.0,0,0,0.0,0.0,0,0,0.0,8563.08,3,1,0.3333333333333333,8563.08,3,1,0.3333333333333333,0
LGS2ORD0014955,C011130,2025-04-29 10:00:00,Female,40,Silver,TV,Chiang Mai,958,Lazada,COD,10,4,1,0,30-40,31.933333333333334,2.0,0.0,0.0,-1,47,8003.575,0.1,0.5,0.0,0.0,0.0,0,0,0.0,0.0,0,0,0.0,13012.59,1,0,0.0,16007.15,2,0,0.0,0
LGS2ORD0014956,C013771,2025-04-29 10:00:00,Male,39,Platinum,Web,Bangkok,656,Lazada,Credit_Card,10,4,1,0,30-40,21.866666666666667,2.0,1.0,0.5,106,84,5096.6,0.25,0.5,0.5,0.0,0.0,0,0,0.0,0.0,0,0,0.0,3097.73,1,0,0.0,10193.2,2,1,0.5,0
LGS2ORD0014957,C016667,2025-04-29 11:00:00,Male,18,Bronze,TV,Chiang Mai,1461,CallCenter,PromptPay,11,4,1,0,<20,48.7,0.0,0.0,0.0,-1,-1,0.0,0.0,0.0,0.0,0.0,0.0,0,0,0.0,0.0,0,0,0.0,0.0,0,0,0.0,0.0,0,0,0.0,1
LGS2ORD0014958,C016655,2025-04-29 11:00:00,Female,34,Bronze,Lazada,Bangkok,706,Web,PromptPay,11,4,1,0,30-40,23.533333333333335,1.0,1.0,1.0,78,87,9973.19,0.23,1.0,1.0,0.0,0.0,0,0,0.0,0.0,0,0,0.0,9973.19,1,1,1.0,9973.19,1,1,1.0,0
LGS2ORD0014959,C016478,2025-04-29 11:00:00,Female,18,Gold,Lazada,Khon Kaen,1443,TV_Show,Credit_Card,11,4,1,0,<20,48.1,2.0,0.0,0.0,-1,7,8456.455,0.28,0.0,1.0,0.0,0.0,0,0,0.0,1592.48,1,0,0.0,1592.48,1,0,0.0,16912.91,2,0,0.0,0
LGS2ORD0014960,C015889,2025-04-29 11:00:00,Female,36,Silver,TV,Bangkok,905,CallCenter,COD,11,4,1,0,30-40,30.166666666666668,0.0,0.0,0.0,-1,-1,0.0,0.0,0.0,0.0,0.0,0.0,0,0,0.0,0.0,0,0,0.0,0.0,0,0,0.0,0.0,0,0,0.0,0
LGS2ORD0014961,C010603,2025-04-29 11:00:00,Female,38,Bronze,CallCenter,Bangkok,1030,Web,COD,11,4,1,0,30-40,34.333333333333336,4.0,1.0,0.25,73,49,4788.264999999999,0.23,0.5,0.5,0.0,0.0,0,0,0.0,0.0,0,0,0.0,17468.57,3,1,0.3333333333333333,19153.059999999998,4,1,0.25,0
LGS2ORD0014962,C011169,2025-04-29 12:00:00,Female,53,Bronze,TV,Chiang Mai,735,TV_Show,COD,12,4,1,0,>50,24.5,5.0,1.0,0.2,18,23,4812.172,0.18,0.4,0.0,0.0,0.0,0,0,0.0,4410.59,2,1,0.5,24060.859999999997,5,1,0.2,24060.859999999997,5,1,0.2,1
LGS2ORD0014963,C014829,2025-04-29 12:00:00,Male,37,Silver,TV,Chonburi,845,CallCenter,Bank_Transfer,12,4,1,0,30-40,28.166666666666668,2.0,0.0,0.0,-1,8,1083.8899999999999,0.3,0.5,0.5,0.0,0.0,0,0,0.0,2167.7799999999997,2,0,0.0,2167.7799999999997,2,0,0.0,2167.7799999999997,2,0,0.0,0
LGS2ORD0014964,C016588,2025-04-29 12:00:00,Female,43,Silver,Web,Khon Kaen,752,Lazada,PromptPay,12,4,1,0,40-50,25.066666666666666,3.0,1.0,0.3333333333333333,2,10,8874.003333333334,0.25,0.6666666666666666,0.6666666666666666,0.0,0.0,0,0,0.0,15328.18,1,1,1.0,20090.39,2,1,0.5,26622.010000000002,3,1,0.3333333333333333,0
LGS2ORD0014965,C011774,2025-04-29 12:00:00,Male,70,Silver,TV,Nakhon Ratchasima,271,CallCenter,Bank_Transfer,12,4,1,0,>50,9.033333333333333,5.0,1.0,0.2,11,12,6777.336,0.3,1.0,0.4,0.0,0.0,0,0,0.0,26860.68,3,1,0.3333333333333333,33049.909999999996,4,1,0.25,33886.68,5,1,0.2,0
LGS2ORD0014966,C012210,2025-04-29 12:00:00,Female,59,Silver,CallCenter,Chiang Mai,1540,Lazada,COD,12,4,1,0,>50,51.333333333333336,0.0,0.0,0.0,-1,-1,0.0,0.0,0.0,0.0,0.0,0.0,0,0,0.0,0.0,0,0,0.0,0.0,0,0,0.0,0.0,0,0,0.0,1
LGS2ORD0014967,C017816,2025-04-29 12:00:00,Male,58,Bronze,Shopee,Remote_Area,270,Shopee,PromptPay,12,4,1,0,>50,9.0,4.0,1.0,0.25,21,2,4302.4725,0.18,1.0,0.0,0.0,2998.16,1,0,0.0,4244.16,2,0,0.0,6689.48,3,1,0.3333333333333333,17209.89,4,1,0.25,0
LGS2ORD0014968,C012983,2025-04-29 13:00:00,Male,59,Bronze,Web,Chonburi,633,CallCenter,COD,13,4,1,0,>50,21.1,0.0,0.0,0.0,-1,-1,0.0,0.0,0.0,0.0,0.0,0.0,0,0,0.0,0.0,0,0,0.0,0.0,0,0,0.0,0.0,0,0,0.0,0
LGS2ORD0014969,C015780,2025-04-29 13:00:00,Female,56,Bronze,TV,Bangkok,377,TV_Show,COD,13,4,1,0,>50,12.566666666666666,1.0,1.0,1.0,81,85,3225.06,0.18,0.0,0.0,0.0,0.0,0,0,0.0,0.0,0,0,0.0,3225.06,1,1,1.0,3225.06,1,1,1.0,0
LGS2ORD0014970,C013758,2025-04-29 13:00:00,Male,41,Silver,Lazada,Chonburi,1005,Web,Credit_Card,13,4,1,0,40-50,33.5,1.0,0.0,0.0,-1,50,2167.12,0.25,0.0,1.0,0.0,0.0,0,0,0.0,0.0,0,0,0.0,2167.12,1,0,0.0,2167.12,1,0,0.0,0
LGS2ORD0014971,C010777,2025-04-29 13:00:00,Female,36,Platinum,Web,Phuket,542,CallCenter,PromptPay,13,4,1,0,30-40,18.066666666666666,2.0,0.0,0.0,-1,11,1745.67,0.3,1.0,1.0,0.0,0.0,0,0,0.0,1576.23,1,0,0.0,3491.34,2,0,0.0,3491.34,2,0,0.0,0
LGS2ORD0014972,C010801,2025-04-29 13:00:00,Female,65,Gold,TV,Nakhon Ratchasima,1235,Shopee,COD,13,4,1,0,>50,41.166666666666664,3.0,0.0,0.0,-1,80,1729.2200000000003,0.28,0.6666666666666666,0.3333333333333333,0.0,0.0,0,0,0.0,0.0,0,0,0.0,969.39,1,0,0.0,5187.660000000001,3,0,0.0,1
LGS2ORD0014973,C015805,2025-04-29 14:00:00,Male,41,Gold,TV,Chiang Mai,1067,Shopee,COD,14,4,1,0,40-50,35.56666666666667,2.0,0.0,0.0,-1,24,15261.585,0.13,1.0,0.0,0.0,0.0,0,0,0.0,9592.4,1,0,0.0,9592.4,1,0,0.0,30523.17,2,0,0.0,0
LGS2ORD0014974,C012480,2025-04-29 14:00:00,Male,39,Silver,CallCenter,Bangkok,1521,CallCenter,COD,14,4,1,0,30-40,50.7,4.0,0.0,0.0,-1,11,4952.37,0.25,0.75,0.25,0.0,0.0,0,0,0.0,11263.66,1,0,0.0,17055.19,3,0,0.0,19809.48,4,0,0.0,0
LGS2ORD0014975,C015522,2025-04-29 14:00:00,Female,31,Bronze,TV,Bangkok,354,TV_Show,COD,14,4,1,0,30-40,11.8,1.0,0.0,0.0,-1,40,2031.11,0.18,0.0,0.0,0.0,0.0,0,0,0.0,0.0,0,0,0.0,2031.11,1,0,0.0,2031.11,1,0,0.0,0
LGS2ORD0014976,C012586,2025-04-29 14:00:00,Male,51,Bronze,Lazada,Bangkok,456,TV_Show,Credit_Card,14,4,1,0,>50,15.2,2.0,2.0,1.0,-5,4,4136.465,0.18,1.0,0.0,0.0,8272.93,2,2,1.0,8272.93,2,2,1.0,8272.93,2,2,1.0,8272.93,2,2,1.0,0
LGS2ORD0014977,C015082,2025-04-29 14:00:00,Male,58,Bronze,Shopee,Remote_Area,228,Shopee,PromptPay,14,4,1,0,>50,7.6,1.0,0.0,0.0,-1,110,4196.33,0.23,0.0,1.0,0.0,0.0,0,0,0.0,0.0,0,0,0.0,0.0,0,0,0.0,4196.33,1,0,0.0,0
LGS2ORD0014978,C016002,2025-04-29 15:00:00,Female,35,Silver,Lazada,Nakhon Ratchasima,900,Web,Credit_Card,15,4,1,0,30-40,30.0,4.0,1.0,0.25,57,49,7974.762500000001,0.3,0.75,0.5,0.0,0.0,0,0,0.0,0.0,0,0,0.0,31899.050000000003,4,1,0.25,31899.050000000003,4,1,0.25,0
LGS2ORD0014979,C012070,2025-04-29 15:00:00,Male,59,Bronze,Lazada,Bangkok,443,Lazada,COD,15,4,1,0,>50,14.766666666666667,2.0,0.0,0.0,-1,6,1075.815,0.28,0.0,1.0,0.0,1079.97,1,0,0.0,1079.97,1,0,0.0,1079.97,1,0,0.0,2151.63,2,0,0.0,0
LGS2ORD0014980,C016294,2025-04-29 15:00:00,Male,32,Silver,CallCenter,Bangkok,574,Lazada,COD,15,4,1,0,30-40,19.133333333333333,2.0,0.0,0.0,-1,5,6056.49,0.3,0.5,0.5,0.0,10334.43,1,0,0.0,12112.98,2,0,0.0,12112.98,2,0,0.0,12112.98,2,0,0.0,0
LGS2ORD0014981,C011556,2025-04-29 15:00:00,Male,33,Silver,Shopee,Chiang Mai,1368,Lazada,COD,15,4,1,0,30-40,45.6,1.0,0.0,0.0,-1,36,3437.87,0.05,0.0,0.0,0.0,0.0,0,0,0.0,0.0,0,0,0.0,3437.87,1,0,0.0,3437.87,1,0,0.0,0
LGS2ORD0014982,C015552,2025-04-29 15:00:00,Female,44,Gold,Shopee,Remote_Area,601,TV_Show,COD,15,4,1,0,40-50,20.033333333333335,4.0,2.0,0.5,27,38,5275.955,0.2299999999999999,0.5,0.25,0.0,0.0,0,0,0.0,0.0,0,0,0.0,11083.08,1,1,1.0,21103.82,4,2,0.5,1
LGS2ORD0014983,C013246,2025-04-29 16:00:00,Male,31,Bronze,TV,Phuket,1029,TV_Show,COD,16,4,1,0,30-40,34.3,0.0,0.0,0.0,-1,-1,0.0,0.0,0.0,0.0,0.0,0.0,0,0,0.0,0.0,0,0,0.0,0.0,0,0,0.0,0.0,0,0,0.0,1
LGS2ORD0014984,C014261,2025-04-29 16:00:00,Male,28,Bronze,Shopee,Bangkok,1106,Shopee,COD,16,4,1,0,20-30,36.86666666666667,3.0,1.0,0.3333333333333333,6,19,3553.2933333333335,0.28,1.0,1.0,0.0,0.0,0,0,0.0,10659.880000000001,3,1,0.3333333333333333,10659.880000000001,3,1,0.3333333333333333,10659.880000000001,3,1,0.3333333333333333,0
LGS2ORD0014985,C013952,2025-04-29 16:00:00,Female,32,Silver,Shopee,Bangkok,880,Lazada,COD,16,4,1,0,30-40,29.333333333333332,4.0,3.0,0.75,73,45,2552.4775,0.2,0.75,0.0,0.0,0.0,0,0,0.0,0.0,0,0,0.0,3668.49,3,2,0.6666666666666666,10209.91,4,3,0.75,0
LGS2ORD0014986,C014032,2025-04-29 16:00:00,Male,69,Platinum,Lazada,Phuket,530,TV_Show,Credit_Card,16,4,1,0,>50,17.666666666666668,0.0,0.0,0.0,-1,-1,0.0,0.0,0.0,0.0,0.0,0.0,0,0,0.0,0.0,0,0,0.0,0.0,0,0,0.0,0.0,0,0,0.0,0
LGS2ORD0014987,C014388,2025-04-29 16:00:00,Female,20,Silver,TV,Nakhon Ratchasima,642,TV_Show,COD,16,4,1,0,<20,21.4,3.0,0.0,0.0,-1,81,6023.556666666667,0.3,1.0,0.6666666666666666,0.0,0.0,0,0,0.0,0.0,0,0,0.0,1245.48,1,0,0.0,18070.670000000002,3,0,0.0,0
LGS2ORD0014988,C017132,2025-04-29 16:00:00,Male,61,Silver,TV,Bangkok,647,Lazada,Credit_Card,16,4,1,0,>50,21.566666666666666,6.0,2.0,0.3333333333333333,85,6,5633.175,0.3,0.3333333333333333,0.16666666666666666,0.0,1660.95,1,0,0.0,5192.7,2,0,0.0,19041.57,4,0,0.0,33799.05,6,2,0.3333333333333333,0
LGS2ORD0014989,C010247,2025-04-29 17:00:00,Male,67,Bronze,TV,Remote_Area,1151,Lazada,COD,17,4,1,0,>50,38.36666666666667,3.0,1.0,0.3333333333333333,23,35,1063.09,0.23,0.6666666666666666,0.6666666666666666,0.0,0.0,0,0,0.0,0.0,0,0,0.0,326.71,1,1,1.0,3189.27,3,1,0.3333333333333333,0
LGS2ORD0014990,C016329,2025-04-29 17:00:00,Female,41,Bronze,Shopee,Khon Kaen,558,CallCenter,COD,17,4,1,0,40-50,18.6,3.0,0.0,0.0,-1,72,6419.41,0.23,0.6666666666666666,0.3333333333333333,0.0,0.0,0,0,0.0,0.0,0,0,0.0,19258.23,3,0,0.0,19258.23,3,0,0.0,0
LGS2ORD0014991,C015089,2025-04-29 17:00:00,Female,46,Gold,TV,Khon Kaen,1467,Lazada,Credit_Card,17,4,1,0,40-50,48.9,3.0,0.0,0.0,-1,59,5578.413333333333,0.13,0.0,0.0,0.0,0.0,0,0,0.0,0.0,0,0,0.0,15808.669999999998,2,0,0.0,16735.239999999998,3,0,0.0,0
LGS2ORD0014992,C015999,2025-04-29 17:00:00,Male,40,Silver,Lazada,Remote_Area,269,Web,Credit_Card,17,4,1,0,30-40,8.966666666666667,2.0,1.0,0.5,92,38,651.0899999999999,0.3,1.0,0.5,0.0,0.0,0,0,0.0,0.0,0,0,0.0,552.39,1,0,0.0,1302.1799999999998,2,1,0.5,0
LGS2ORD0014993,C012048,2025-04-29 17:00:00,Female,29,Gold,Lazada,Nakhon Ratchasima,524,Shopee,COD,17,4,1,0,20-30,17.466666666666665,1.0,1.0,1.0,26,44,9638.17,0.08,1.0,0.0,0.0,0.0,0,0,0.0,0.0,0,0,0.0,9638.17,1,1,1.0,9638.17,1,1,1.0,0
LGS2ORD0014994,C015927,2025-04-29 18:00:00,Male,52,Bronze,Lazada,Bangkok,1053,Shopee,Credit_Card,18,4,1,0,>50,35.1,2.0,0.0,0.0,-1,85,5302.79,0.13,0.5,0.0,0.0,0.0,0,0,0.0,0.0,0,0,0.0,8410.68,1,0,0.0,10605.58,2,0,0.0,0
LGS2ORD0014995,C012965,2025-04-29 18:00:00,Male,61,Bronze,TV,Bangkok,1051,CallCenter,COD,18,4,1,0,>50,35.03333333333333,4.0,0.0,0.0,-1,3,5860.0,0.28,0.75,0.5,0.0,1024.72,1,0,0.0,1024.72,1,0,0.0,2376.3199999999997,2,0,0.0,23440.0,4,0,0.0,1
LGS2ORD0014996,C010193,2025-04-29 18:00:00,Female,50,Silver,TV,Chiang Mai,898,CallCenter,Bank_Transfer,18,4,1,0,40-50,29.933333333333334,3.0,1.0,0.3333333333333333,41,11,3025.2400000000002,0.2,0.6666666666666666,0.0,0.0,0.0,0,0,0.0,7122.01,2,0,0.0,9075.720000000001,3,1,0.3333333333333333,9075.720000000001,3,1,0.3333333333333333,0
LGS2ORD0014997,C014335,2025-04-29 18:00:00,Male,43,Bronze,Shopee,Remote_Area,1341,CallCenter,COD,18,4,1,0,40-50,44.7,3.0,1.0,0.3333333333333333,62,22,2016.5566666666666,0.18,0.6666666666666666,0.0,0.0,0.0,0,0,0.0,4206.46,1,0,0.0,6049.67,3,1,0.3333333333333333,6049.67,3,1,0.3333333333333333,0
LGS2ORD0014998,C013727,2025-04-29 18:00:00,Male,41,Bronze,Web,Phuket,823,Web,COD,18,4,1,0,40-50,27.433333333333334,4.0,3.0,0.75,1,7,1925.7825,0.23,0.75,0.25,0.0,0.0,0,0,0.0,1925.18,2,1,0.5,7236.06,3,2,0.6666666666666666,7703.13,4,3,0.75,1
LGS2ORD0014999,C014224,2025-04-29 19:00:00,Female,49,Silver,Shopee,Phuket,604,Lazada,COD,19,4,1,0,40-50,20.133333333333333,1.0,1.0,1.0,-6,2,437.39,0.05,1.0,0.0,0.0,437.39,1,1,1.0,437.39,1,1,1.0,437.39,1,1,1.0,437.39,1,1,1.0,1
LGS2ORD0015000,C014021,2025-04-29 19:00:00,Female,42,Bronze,Shopee,Bangkok,596,CallCenter,COD,19,4,1,0,40-50,19.866666666666667,0.0,0.0,0.0,-1,-1,0.0,0.0,0.0,0.0,0.0,0.0,0,0,0.0,0.0,0,0,0.0,0.0,0,0,0.0,0.0,0,0,0.0,1
LGS2ORD0015001,C016831,2025-04-29 19:00:00,Male,45,Bronze,Web,Khon Kaen,1051,CallCenter,Bank_Transfer,19,4,1,0,40-50,35.03333333333333,0.0,0.0,0.0,-1,-1,0.0,0.0,0.0,0.0,0.0,0.0,0,0,0.0,0.0,0,0,0.0,0.0,0,0,0.0,0.0,0,0,0.0,1
LGS2ORD0015002,C017757,2025-04-29 19:00:00,Female,39,Bronze,TV,Chonburi,1156,TV_Show,PromptPay,19,4,1,0,30-40,38.53333333333333,0.0,0.0,0.0,-1,-1,0.0,0.0,0.0,0.0,0.0,0.0,0,0,0.0,0.0,0,0,0.0,0.0,0,0,0.0,0.0,0,0,0.0,1
LGS2ORD0015003,C016804,2025-04-29 19:00:00,Male,53,Silver,Web,Remote_Area,1131,CallCenter,Bank_Transfer,19,4,1,0,>50,37.7,2.0,1.0,0.5,66,9,10562.275,0.1,0.0,0.0,0.0,0.0,0,0,0.0,19834.37,1,0,0.0,21124.55,2,1,0.5,21124.55,2,1,0.5,0
LGS2ORD0015004,C010158,2025-04-29 20:00:00,Male,31,Silver,Web,Remote_Area,1472,Web,COD,20,4,1,0,30-40,49.06666666666667,1.0,1.0,1.0,31,43,8435.08,0.1,1.0,0.0,0.0,0.0,0,0,0.0,0.0,0,0,0.0,8435.08,1,1,1.0,8435.08,1,1,1.0,0
LGS2ORD0015005,C016965,2025-04-29 20:00:00,Female,50,Silver,TV,Chiang Mai,157,CallCenter,COD,20,4,1,0,40-50,5.233333333333333,3.0,1.0,0.3333333333333333,39,11,5505.84,0.2,1.0,0.0,0.0,0.0,0,0,0.0,3949.98,1,0,0.0,16517.52,3,1,0.3333333333333333,16517.52,3,1,0.3333333333333333,0
LGS2ORD0015006,C013313,2025-04-29 20:00:00,Male,37,Bronze,TV,Chonburi,1154,TV_Show,COD,20,4,1,0,30-40,38.46666666666667,4.0,0.0,0.0,-1,15,7660.469999999999,0.28,0.75,0.25,0.0,0.0,0,0,0.0,18931.61,1,0,0.0,30641.879999999997,4,0,0.0,30641.879999999997,4,0,0.0,0
LGS2ORD0015007,C010171,2025-04-29 20:00:00,Male,25,Platinum,Web,Khon Kaen,858,Lazada,COD,20,4,1,0,20-30,28.6,2.0,1.0,0.5,7,19,1906.73,0.25,0.5,0.5,0.0,0.0,0,0,0.0,1509.77,1,1,1.0,3813.46,2,1,0.5,3813.46,2,1,0.5,0
LGS2ORD0015008,C016620,2025-04-29 20:00:00,Female,48,Gold,TV,Bangkok,1579,CallCenter,Credit_Card,20,4,1,0,40-50,52.63333333333333,0.0,0.0,0.0,-1,-1,0.0,0.0,0.0,0.0,0.0,0.0,0,0,0.0,0.0,0,0,0.0,0.0,0,0,0.0,0.0,0,0,0.0,0
LGS2ORD0015009,C013172,2025-04-29 20:00:00,Male,43,Platinum,Lazada,Bangkok,791,Web,Credit_Card,20,4,1,0,40-50,26.366666666666667,0.0,0.0,0.0,-1,-1,0.0,0.0,0.0,0.0,0.0,0.0,0,0,0.0,0.0,0,0,0.0,0.0,0,0,0.0,0.0,0,0,0.0,0
LGS2ORD0015010,C014908,2025-04-29 21:00:00,Male,44,Silver,Lazada,Chiang Mai,1251,Web,COD,21,4,1,0,40-50,41.7,1.0,1.0,1.0,107,110,25037.86,0.15,0.0,0.0,0.0,0.0,0,0,0.0,0.0,0,0,0.0,0.0,0,0,0.0,25037.86,1,1,1.0,1
LGS2ORD0015011,C017858,2025-04-29 21:00:00,Male,30,Silver,TV,Remote_Area,310,Web,Credit_Card,21,4,1,0,20-30,10.333333333333334,2.0,1.0,0.5,26,15,4847.465,0.2,0.5,0.0,0.0,0.0,0,0,0.0,9069.02,1,0,0.0,9694.93,2,1,0.5,9694.93,2,1,0.5,0
LGS2ORD0015012,C012513,2025-04-29 21:00:00,Female,43,Silver,Lazada,Bangkok,781,Shopee,COD,21,4,1,0,40-50,26.033333333333335,3.0,0.0,0.0,-1,49,3701.8799999999997,0.25,0.0,0.3333333333333333,0.0,0.0,0,0,0.0,0.0,0,0,0.0,8569.67,2,0,0.0,11105.64,3,0,0.0,1
LGS2ORD0015013,C011062,2025-04-29 21:00:00,Male,56,Bronze,Web,Bangkok,406,Web,COD,21,4,1,0,>50,13.533333333333333,2.0,1.0,0.5,96,79,6155.275,0.18,0.5,0.0,0.0,0.0,0,0,0.0,0.0,0,0,0.0,7565.91,1,0,0.0,12310.55,2,1,0.5,0
LGS2ORD0015014,C013563,2025-04-29 21:00:00,Female,31,Bronze,Lazada,Khon Kaen,1013,Shopee,Bank_Transfer,21,4,1,0,30-40,33.766666666666666,1.0,0.0,0.0,-1,40,25916.08,0.28,1.0,1.0,0.0,0.0,0,0,0.0,0.0,0,0,0.0,25916.08,1,0,0.0,25916.08,1,0,0.0,1
LGS2ORD0015015,C012503,2025-04-29 22:00:00,Female,42,Bronze,TV,Bangkok,1413,Shopee,COD,22,4,1,0,40-50,47.1,1.0,0.0,0.0,-1,2,19808.0,0.13,0.0,0.0,0.0,19808.0,1,0,0.0,19808.0,1,0,0.0,19808.0,1,0,0.0,19808.0,1,0,0.0,1
LGS2ORD0015016,C016979,2025-04-29 22:00:00,Male,57,Gold,Web,Bangkok,710,Lazada,Bank_Transfer,22,4,1,0,>50,23.666666666666668,2.0,0.0,0.0,-1,24,3543.385,0.18,0.5,0.0,0.0,0.0,0,0,0.0,5712.88,1,0,0.0,5712.88,1,0,0.0,7086.77,2,0,0.0,0
LGS2ORD0015017,C011865,2025-04-29 22:00:00,Female,43,Silver,Web,Chonburi,542,Web,COD,22,4,1,0,40-50,18.066666666666666,0.0,0.0,0.0,-1,-1,0.0,0.0,0.0,0.0,0.0,0.0,0,0,0.0,0.0,0,0,0.0,0.0,0,0,0.0,0.0,0,0,0.0,0
LGS2ORD0015018,C010445,2025-04-29 22:00:00,Male,40,Gold,Web,Bangkok,1371,TV_Show,COD,22,4,1,0,30-40,45.7,1.0,0.0,0.0,-1,57,3541.39,0.18,1.0,0.0,0.0,0.0,0,0,0.0,0.0,0,0,0.0,3541.39,1,0,0.0,3541.39,1,0,0.0,0
LGS2ORD0015019,C015979,2025-04-29 22:00:00,Male,49,Silver,Lazada,Phuket,1399,Shopee,COD,22,4,1,0,40-50,46.63333333333333,1.0,0.0,0.0,-1,9,2990.53,0.2,0.0,0.0,0.0,0.0,0,0,0.0,2990.53,1,0,0.0,2990.53,1,0,0.0,2990.53,1,0,0.0,0
LGS2ORD0015020,C010696,2025-04-29 23:00:00,Female,52,Bronze,Web,Nakhon Ratchasima,318,Web,Bank_Transfer,23,4,1,0,>50,10.6,2.0,0.0,0.0,-1,7,11800.984999999999,0.23,1.0,0.5,0.0,0.0,0,0,0.0,23601.969999999998,2,0,0.0,23601.969999999998,2,0,0.0,23601.969999999998,2,0,0.0,0
LGS2ORD0015021,C013980,2025-04-29 23:00:00,Male,54,Bronze,Shopee,Phuket,878,TV_Show,PromptPay,23,4,1,0,>50,29.266666666666666,3.0,2.0,0.6666666666666666,63,70,5373.516666666666,0.28,0.6666666666666666,0.6666666666666666,0.0,0.0,0,0,0.0,0.0,0,0,0.0,8441.36,2,2,1.0,16120.55,3,2,0.6666666666666666,0
LGS2ORD0015022,C011854,2025-04-29 23:00:00,Male,57,Bronze,CallCenter,Remote_Area,653,Web,Credit_Card,23,4,1,0,>50,21.766666666666666,2.0,2.0,1.0,66,74,2918.1449999999995,0.18,1.0,0.0,0.0,0.0,0,0,0.0,0.0,0,0,0.0,5836.289999999999,2,2,1.0,5836.289999999999,2,2,1.0,0
LGS2ORD0015023,C016760,2025-04-29 23:00:00,Male,36,Bronze,TV,Phuket,1207,Lazada,COD,23,4,1,0,30-40,40.233333333333334,2.0,0.0,0.0,-1,50,12611.885,0.28,0.5,0.5,0.0,0.0,0,0,0.0,0.0,0,0,0.0,16029.91,1,0,0.0,25223.77,2,0,0.0,0
LGS2ORD0015024,C013630,2025-04-29 23:00:00,Female,54,Bronze,Shopee,Phuket,1384,Lazada,COD,23,4,1,0,>50,46.13333333333333,3.0,1.0,0.3333333333333333,62,14,5812.653333333333,0.23,0.6666666666666666,0.3333333333333333,0.0,0.0,0,0,0.0,4374.91,1,0,0.0,17437.96,3,1,0.3333333333333333,17437.96,3,1,0.3333333333333333,0
LGS2ORD0015025,C017579,2025-04-30 00:00:00,Male,41,Bronze,CallCenter,Nakhon Ratchasima,1549,Shopee,PromptPay,0,4,2,0,40-50,51.63333333333333,3.0,2.0,0.6666666666666666,81,21,8122.913333333334,0.28,0.6666666666666666,0.3333333333333333,0.0,0.0,0,0,0.0,3120.04,1,0,0.0,4472.13,2,1,0.5,24368.74,3,2,0.6666666666666666,1
LGS2ORD0015026,C010678,2025-04-30 00:00:00,Female,41,Gold,Web,Bangkok,830,Shopee,PromptPay,0,4,2,0,40-50,27.666666666666668,0.0,0.0,0.0,-1,-1,0.0,0.0,0.0,0.0,0.0,0.0,0,0,0.0,0.0,0,0,0.0,0.0,0,0,0.0,0.0,0,0,0.0,0
LGS2ORD0015027,C011725,2025-04-30 00:00:00,Male,50,Bronze,TV,Chiang Mai,1004,CallCenter,COD,0,4,2,0,40-50,33.46666666666667,1.0,0.0,0.0,-1,61,10282.44,0.18,1.0,0.0,0.0,0.0,0,0,0.0,0.0,0,0,0.0,10282.44,1,0,0.0,10282.44,1,0,0.0,0
LGS2ORD0015028,C015373,2025-04-30 00:00:00,Female,47,Bronze,TV,Bangkok,1301,Lazada,Bank_Transfer,0,4,2,0,40-50,43.36666666666667,5.0,0.0,0.0,-1,13,4597.316000000001,0.08,0.8,0.0,0.0,0.0,0,0,0.0,11323.4,1,0,0.0,15348.56,3,0,0.0,22986.58,5,0,0.0,0
LGS2ORD0015029,C014521,2025-04-30 00:00:00,Female,61,Bronze,Lazada,Bangkok,670,CallCenter,Bank_Transfer,0,4,2,0,>50,22.333333333333332,5.0,3.0,0.6,21,12,4651.237999999999,0.18,1.0,0.0,0.0,0.0,0,0,0.0,15534.39,3,1,0.3333333333333333,23256.19,5,3,0.6,23256.19,5,3,0.6,0
LGS2ORD0015030,C013256,2025-04-30 00:00:00,Male,58,Silver,Lazada,Khon Kaen,1535,Web,COD,0,4,2,0,>50,51.166666666666664,2.0,0.0,0.0,-1,59,8522.09,0.25,0.0,0.5,0.0,0.0,0,0,0.0,0.0,0,0,0.0,16481.58,1,0,0.0,17044.18,2,0,0.0,0
LGS2ORD0015031,C011520,2025-04-30 01:00:00,Male,59,Bronze,Shopee,Songkhla,1360,TV_Show,Bank_Transfer,1,4,2,0,>50,45.333333333333336,2.0,0.0,0.0,-1,45,2541.525,0.23,0.5,0.5,0.0,0.0,0,0,0.0,0.0,0,0,0.0,329.25,1,0,0.0,5083.05,2,0,0.0,1
LGS2ORD0015032,C016227,2025-04-30 01:00:00,Female,57,Platinum,Lazada,Chonburi,634,TV_Show,Bank_Transfer,1,4,2,0,>50,21.133333333333333,2.0,2.0,1.0,88,97,3561.41,0.15,0.5,0.0,0.0,0.0,0,0,0.0,0.0,0,0,0.0,0.0,0,0,0.0,7122.82,2,2,1.0,0
LGS2ORD0015033,C011523,2025-04-30 01:00:00,Female,31,Silver,TV,Bangkok,327,Lazada,PromptPay,1,4,2,0,30-40,10.9,2.0,0.0,0.0,-1,49,426.22,0.25,0.5,0.5,0.0,0.0,0,0,0.0,0.0,0,0,0.0,414.25,1,0,0.0,852.44,2,0,0.0,1
LGS2ORD0015034,C017116,2025-04-30 01:00:00,Female,48,Silver,TV,Chonburi,257,TV_Show,COD,1,4,2,0,40-50,8.566666666666666,1.0,0.0,0.0,-1,9,416.29,0.2,0.0,0.0,0.0,0.0,0,0,0.0,416.29,1,0,0.0,416.29,1,0,0.0,416.29,1,0,0.0,0
LGS2ORD0015035,C017935,2025-04-30 01:00:00,Female,54,Bronze,Web,Phuket,929,CallCenter,COD,1,4,2,0,>50,30.966666666666665,2.0,1.0,0.5,15,27,7937.084999999999,0.18,1.0,0.0,0.0,0.0,0,0,0.0,7603.62,1,1,1.0,15874.169999999998,2,1,0.5,15874.169999999998,2,1,0.5,1
LGS2ORD0015036,C013142,2025-04-30 02:00:00,Female,49,Silver,Shopee,Bangkok,1270,Lazada,PromptPay,2,4,2,0,40-50,42.333333333333336,4.0,1.0,0.25,30,11,916.1175000000001,0.2,0.75,0.0,0.0,0.0,0,0,0.0,1215.4,2,0,0.0,3664.4700000000003,4,1,0.25,3664.4700000000003,4,1,0.25,0
LGS2ORD0015037,C015870,2025-04-30 02:00:00,Male,28,Bronze,TV,Bangkok,862,TV_Show,Credit_Card,2,4,2,0,20-30,28.733333333333334,2.0,1.0,0.5,93,90,9862.34,0.28,0.5,0.5,0.0,0.0,0,0,0.0,0.0,0,0,0.0,0.0,0,0,0.0,19724.68,2,1,0.5,1
LGS2ORD0015038,C017321,2025-04-30 02:00:00,Male,62,Silver,Lazada,Khon Kaen,941,TV_Show,COD,2,4,2,0,>50,31.366666666666667,0.0,0.0,0.0,-1,-1,0.0,0.0,0.0,0.0,0.0,0.0,0,0,0.0,0.0,0,0,0.0,0.0,0,0,0.0,0.0,0,0,0.0,0
LGS2ORD0015039,C011851,2025-04-30 02:00:00,Female,27,Silver,Lazada,Khon Kaen,1132,TV_Show,COD,2,4,2,0,20-30,37.733333333333334,0.0,0.0,0.0,-1,-1,0.0,0.0,0.0,0.0,0.0,0.0,0,0,0.0,0.0,0,0,0.0,0.0,0,0,0.0,0.0,0,0,0.0,1
LGS2ORD0015040,C017077,2025-04-30 02:00:00,Male,48,Silver,Web,Bangkok,1172,Web,COD,2,4,2,0,40-50,39.06666666666667,2.0,2.0,1.0,36,44,5711.05,0.2,0.5,0.0,0.0,0.0,0,0,0.0,0.0,0,0,0.0,11422.1,2,2,1.0,11422.1,2,2,1.0,0
LGS2ORD0015041,C013872,2025-04-30 03:00:00,Male,59,Gold,Lazada,Bangkok,737,CallCenter,Credit_Card,3,4,2,0,>50,24.566666666666666,0.0,0.0,0.0,-1,-1,0.0,0.0,0.0,0.0,0.0,0.0,0,0,0.0,0.0,0,0,0.0,0.0,0,0,0.0,0.0,0,0,0.0,1
LGS2ORD0015042,C010738,2025-04-30 03:00:00,Male,28,Silver,Web,Bangkok,807,TV_Show,PromptPay,3,4,2,0,20-30,26.9,2.0,1.0,0.5,84,91,14260.76,0.05,0.5,0.0,0.0,0.0,0,0,0.0,0.0,0,0,0.0,0.0,0,0,0.0,28521.52,2,1,0.5,0
LGS2ORD0015043,C017208,2025-04-30 03:00:00,Male,53,Silver,Shopee,Bangkok,654,TV_Show,COD,3,4,2,0,>50,21.8,3.0,1.0,0.3333333333333333,100,6,4551.676666666666,0.25,1.0,0.6666666666666666,0.0,8221.26,1,0,0.0,8221.26,1,0,0.0,12349.7,2,0,0.0,13655.029999999999,3,1,0.3333333333333333,0
LGS2ORD0015044,C014790,2025-04-30 03:00:00,Female,52,Silver,Lazada,Chonburi,1377,Web,Credit_Card,3,4,2,0,>50,45.9,1.0,0.0,0.0,-1,8,7642.71,0.15,0.0,0.0,0.0,0.0,0,0,0.0,7642.71,1,0,0.0,7642.71,1,0,0.0,7642.71,1,0,0.0,0
LGS2ORD0015045,C013378,2025-04-30 03:00:00,Female,50,Bronze,Lazada,Bangkok,786,Web,COD,3,4,2,0,40-50,26.2,1.0,1.0,1.0,29,35,8362.24,0.23,1.0,1.0,0.0,0.0,0,0,0.0,0.0,0,0,0.0,8362.24,1,1,1.0,8362.24,1,1,1.0,0
LGS2ORD0015046,C014635,2025-04-30 04:00:00,Female,62,Bronze,TV,Nakhon Ratchasima,175,Web,COD,4,4,2,0,>50,5.833333333333333,1.0,1.0,1.0,79,92,4355.45,0.08,0.0,0.0,0.0,0.0,0,0,0.0,0.0,0,0,0.0,0.0,0,0,0.0,4355.45,1,1,1.0,0
LGS2ORD0015047,C015428,2025-04-30 04:00:00,Male,58,Bronze,TV,Remote_Area,1196,Shopee,PromptPay,4,4,2,0,>50,39.86666666666667,3.0,0.0,0.0,-1,4,4987.986666666667,0.28,0.6666666666666666,0.3333333333333333,0.0,11577.26,1,0,0.0,14963.96,3,0,0.0,14963.96,3,0,0.0,14963.96,3,0,0.0,0
LGS2ORD0015048,C015153,2025-04-30 04:00:00,Male,71,Silver,TV,Bangkok,1276,Shopee,Bank_Transfer,4,4,2,0,>50,42.53333333333333,1.0,0.0,0.0,-1,87,2213.14,0.05,0.0,0.0,0.0,0.0,0,0,0.0,0.0,0,0,0.0,2213.14,1,0,0.0,2213.14,1,0,0.0,1
LGS2ORD0015049,C010163,2025-04-30 04:00:00,Female,26,Platinum,TV,Phuket,793,Web,COD,4,4,2,0,20-30,26.433333333333334,0.0,0.0,0.0,-1,-1,0.0,0.0,0.0,0.0,0.0,0.0,0,0,0.0,0.0,0,0,0.0,0.0,0,0,0.0,0.0,0,0,0.0,0
LGS2ORD0015050,C014997,2025-04-30 04:00:00,Female,36,Bronze,Shopee,Chiang Mai,697,Web,PromptPay,4,4,2,0,30-40,23.233333333333334,2.0,0.0,0.0,-1,114,2543.775,0.13,1.0,0.0,0.0,0.0,0,0,0.0,0.0,0,0,0.0,0.0,0,0,0.0,5087.55,2,0,0.0,0
LGS2ORD0015051,C016732,2025-04-30 04:00:00,Male,63,Platinum,Web,Chiang Mai,1023,TV_Show,COD,4,4,2,0,>50,34.1,2.0,1.0,0.5,50,56,8161.8150000000005,0.3,0.5,0.5,0.0,0.0,0,0,0.0,0.0,0,0,0.0,16323.630000000001,2,1,0.5,16323.630000000001,2,1,0.5,1
LGS2ORD0015052,C012383,2025-04-30 05:00:00,Female,48,Gold,Shopee,Bangkok,1389,TV_Show,COD,5,4,2,0,40-50,46.3,2.0,0.0,0.0,-1,5,9239.405,0.28,0.5,1.0,0.0,10170.28,1,0,0.0,10170.28,1,0,0.0,18478.81,2,0,0.0,18478.81,2,0,0.0,0
LGS2ORD0015053,C014577,2025-04-30 05:00:00,Male,30,Silver,Web,Phuket,1396,CallCenter,Credit_Card,5,4,2,0,20-30,46.53333333333333,1.0,0.0,0.0,-1,58,614.12,0.05,1.0,0.0,0.0,0.0,0,0,0.0,0.0,0,0,0.0,614.12,1,0,0.0,614.12,1,0,0.0,0
LGS2ORD0015054,C014443,2025-04-30 05:00:00,Male,47,Silver,TV,Remote_Area,1476,TV_Show,COD,5,4,2,0,40-50,49.2,4.0,2.0,0.5,34,17,13345.465,0.25,0.75,0.25,0.0,0.0,0,0,0.0,5387.44,1,0,0.0,53381.86,4,2,0.5,53381.86,4,2,0.5,1
LGS2ORD0015055,C015329,2025-04-30 05:00:00,Male,52,Bronze,Shopee,Phuket,420,Web,PromptPay,5,4,2,0,>50,14.0,2.0,1.0,0.5,64,4,4881.65,0.13,1.0,0.0,0.0,8205.0,1,0,0.0,8205.0,1,0,0.0,9763.3,2,1,0.5,9763.3,2,1,0.5,0
LGS2ORD0015056,C017049,2025-04-30 05:00:00,Female,42,Bronze,Web,Songkhla,1167,Web,Credit_Card,5,4,2,0,40-50,38.9,2.0,0.0,0.0,-1,46,3360.925,0.13,0.5,0.0,0.0,0.0,0,0,0.0,0.0,0,0,0.0,6721.85,2,0,0.0,6721.85,2,0,0.0,0
LGS2ORD0015057,C013641,2025-04-30 06:00:00,Female,18,Silver,Lazada,Chonburi,369,CallCenter,COD,6,4,2,0,<20,12.3,1.0,0.0,0.0,-1,99,8678.71,0.05,1.0,0.0,0.0,0.0,0,0,0.0,0.0,0,0,0.0,0.0,0,0,0.0,8678.71,1,0,0.0,0
LGS2ORD0015058,C016357,2025-04-30 06:00:00,Female,52,Bronze,Web,Bangkok,415,TV_Show,Credit_Card,6,4,2,0,>50,13.833333333333334,0.0,0.0,0.0,-1,-1,0.0,0.0,0.0,0.0,0.0,0.0,0,0,0.0,0.0,0,0,0.0,0.0,0,0,0.0,0.0,0,0,0.0,0
LGS2ORD0015059,C015410,2025-04-30 06:00:00,Male,46,Bronze,TV,Bangkok,1001,Web,COD,6,4,2,0,40-50,33.36666666666667,4.0,0.0,0.0,-1,9,4628.5650000000005,0.13,0.5,0.0,0.0,0.0,0,0,0.0,3853.63,2,0,0.0,18514.260000000002,4,0,0.0,18514.260000000002,4,0,0.0,0
LGS2ORD0015060,C012453,2025-04-30 06:00:00,Female,24,Silver,Shopee,Songkhla,1509,TV_Show,Credit_Card,6,4,2,0,20-30,50.3,1.0,0.0,0.0,-1,1,9206.39,0.05,0.0,0.0,0.0,9206.39,1,0,0.0,9206.39,1,0,0.0,9206.39,1,0,0.0,9206.39,1,0,0.0,0
LGS2ORD0015061,C017842,2025-04-30 06:00:00,Male,20,Silver,Shopee,Bangkok,255,CallCenter,COD,6,4,2,0,<20,8.5,1.0,0.0,0.0,-1,90,10766.92,0.2,1.0,0.0,0.0,0.0,0,0,0.0,0.0,0,0,0.0,0.0,0,0,0.0,10766.92,1,0,0.0,0
LGS2ORD0015062,C010987,2025-04-30 07:00:00,Female,37,Bronze,Lazada,Songkhla,779,Web,Credit_Card,7,4,2,0,30-40,25.966666666666665,2.0,0.0,0.0,-1,10,10967.695000000002,0.23,0.0,0.5,0.0,0.0,0,0,0.0,20330.65,1,0,0.0,21935.390000000003,2,0,0.0,21935.390000000003,2,0,0.0,0
LGS2ORD0015063,C015351,2025-04-30 07:00:00,Male,49,Silver,Lazada,Bangkok,1085,Web,COD,7,4,2,0,40-50,36.166666666666664,2.0,0.0,0.0,-1,4,5429.7300000000005,0.1,1.0,0.0,0.0,7553.85,1,0,0.0,7553.85,1,0,0.0,10859.460000000001,2,0,0.0,10859.460000000001,2,0,0.0,1
LGS2ORD0015064,C011679,2025-04-30 07:00:00,Female,47,Gold,TV,Songkhla,356,TV_Show,COD,7,4,2,0,40-50,11.866666666666667,1.0,0.0,0.0,-1,108,680.14,0.18,0.0,0.0,0.0,0.0,0,0,0.0,0.0,0,0,0.0,0.0,0,0,0.0,680.14,1,0,0.0,0
LGS2ORD0015065,C016196,2025-04-30 07:00:00,Female,53,Silver,Shopee,Phuket,1344,Shopee,Credit_Card,7,4,2,0,>50,44.8,4.0,0.0,0.0,-1,8,5627.11,0.3,0.75,0.25,0.0,0.0,0,0,0.0,13960.47,1,0,0.0,22508.44,4,0,0.0,22508.44,4,0,0.0,1
LGS2ORD0015066,C017613,2025-04-30 07:00:00,Female,38,Silver,CallCenter,Bangkok,954,Web,COD,7,4,2,0,30-40,31.8,0.0,0.0,0.0,-1,-1,0.0,0.0,0.0,0.0,0.0,0.0,0,0,0.0,0.0,0,0,0.0,0.0,0,0,0.0,0.0,0,0,0.0,0
LGS2ORD0015067,C011587,2025-04-30 08:00:00,Female,22,Gold,Web,Bangkok,1331,Shopee,COD,8,4,2,0,20-30,44.36666666666667,2.0,0.0,0.0,-1,38,8227.49,0.28,1.0,1.0,0.0,0.0,0,0,0.0,0.0,0,0,0.0,16454.98,2,0,0.0,16454.98,2,0,0.0,0
LGS2ORD0015068,C015919,2025-04-30 08:00:00,Male,60,Silver,Shopee,Chiang Mai,1100,Lazada,COD,8,4,2,0,>50,36.666666666666664,2.0,0.0,0.0,-1,22,9491.88,0.25,0.0,0.5,0.0,0.0,0,0,0.0,11138.3,1,0,0.0,18983.76,2,0,0.0,18983.76,2,0,0.0,0
LGS2ORD0015069,C016138,2025-04-30 08:00:00,Female,66,Silver,TV,Bangkok,1313,TV_Show,COD,8,4,2,0,>50,43.766666666666666,3.0,1.0,0.3333333333333333,-10,2,8383.023333333333,0.1,0.6666666666666666,0.0,0.0,22539.22,2,1,0.5,22539.22,2,1,0.5,25149.07,3,1,0.3333333333333333,25149.07,3,1,0.3333333333333333,0
LGS2ORD0015070,C017063,2025-04-30 08:00:00,Male,61,Bronze,TV,Remote_Area,1220,Lazada,COD,8,4,2,0,>50,40.666666666666664,1.0,0.0,0.0,-1,64,7436.7,0.13,1.0,0.0,0.0,0.0,0,0,0.0,0.0,0,0,0.0,7436.7,1,0,0.0,7436.7,1,0,0.0,0
LGS2ORD0015071,C013603,2025-04-30 08:00:00,Female,50,Silver,TV,Chonburi,342,Shopee,Credit_Card,8,4,2,0,40-50,11.4,2.0,0.0,0.0,-1,68,5408.780000000001,0.2,0.5,0.0,0.0,0.0,0,0,0.0,0.0,0,0,0.0,8985.2,1,0,0.0,10817.560000000001,2,0,0.0,0
LGS2ORD0015072,C012067,2025-04-30 08:00:00,Male,42,Platinum,Shopee,Bangkok,447,Shopee,COD,8,4,2,0,40-50,14.9,1.0,1.0,1.0,-2,4,1497.6,0.3,1.0,1.0,0.0,1497.6,1,1,1.0,1497.6,1,1,1.0,1497.6,1,1,1.0,1497.6,1,1,1.0,0
LGS2ORD0015073,C011098,2025-04-30 09:00:00,Female,41,Bronze,Web,Remote_Area,1559,Lazada,COD,9,4,2,0,40-50,51.96666666666667,3.0,0.0,0.0,-1,34,6566.493333333333,0.18,0.3333333333333333,0.0,0.0,0.0,0,0,0.0,0.0,0,0,0.0,18006.52,2,0,0.0,19699.48,3,0,0.0,0
LGS2ORD0015074,C017643,2025-04-30 09:00:00,Male,37,Silver,Web,Songkhla,608,Web,COD,9,4,2,0,30-40,20.266666666666666,2.0,0.0,0.0,-1,3,19895.93,0.25,0.5,0.5,0.0,3286.82,1,0,0.0,3286.82,1,0,0.0,39791.86,2,0,0.0,39791.86,2,0,0.0,0
LGS2ORD0015075,C015075,2025-04-30 09:00:00,Male,40,Bronze,Shopee,Chonburi,586,Shopee,Bank_Transfer,9,4,2,0,30-40,19.533333333333335,6.0,0.0,0.0,-1,5,7146.964999999999,0.18,0.5,0.0,0.0,4170.84,1,0,0.0,4170.84,1,0,0.0,42514.119999999995,5,0,0.0,42881.78999999999,6,0,0.0,0
LGS2ORD0015076,C011728,2025-04-30 09:00:00,Male,65,Bronze,Shopee,Bangkok,578,Shopee,Credit_Card,9,4,2,0,>50,19.266666666666666,2.0,1.0,0.5,17,24,3360.365,0.08,0.5,0.0,0.0,0.0,0,0,0.0,3211.38,1,1,1.0,3211.38,1,1,1.0,6720.73,2,1,0.5,0
LGS2ORD0015077,C012777,2025-04-30 09:00:00,Other,56,Silver,Web,Khon Kaen,959,Shopee,COD,9,4,2,0,>50,31.966666666666665,0.0,0.0,0.0,-1,-1,0.0,0.0,0.0,0.0,0.0,0.0,0,0,0.0,0.0,0,0,0.0,0.0,0,0,0.0,0.0,0,0,0.0,0
LGS2ORD0015078,C014450,2025-04-30 10:00:00,Male,40,Bronze,Web,Phuket,701,Lazada,COD,10,4,2,0,30-40,23.366666666666667,2.0,1.0,0.5,7,12,884.56,0.28,1.0,0.5,0.0,0.0,0,0,0.0,474.65,1,1,1.0,474.65,1,1,1.0,1769.12,2,1,0.5,0
LGS2ORD0015079,C010220,2025-04-30 10:00:00,Female,42,Silver,Shopee,Nakhon Ratchasima,315,CallCenter,PromptPay,10,4,2,0,40-50,10.5,2.0,0.0,0.0,-1,27,2886.285,0.1,0.5,0.0,0.0,0.0,0,0,0.0,715.81,1,0,0.0,715.81,1,0,0.0,5772.57,2,0,0.0,0
LGS2ORD0015080,C012868,2025-04-30 10:00:00,Female,58,Platinum,TV,Phuket,206,Shopee,Bank_Transfer,10,4,2,0,>50,6.866666666666666,4.0,1.0,0.25,53,12,5980.427500000001,0.25,0.5,0.5,0.0,0.0,0,0,0.0,20605.13,2,0,0.0,23921.710000000003,4,1,0.25,23921.710000000003,4,1,0.25,0
LGS2ORD0015081,C014372,2025-04-30 10:00:00,Female,40,Silver,Web,Songkhla,391,Shopee,COD,10,4,2,0,30-40,13.033333333333333,5.0,0.0,0.0,-1,22,6577.661999999999,0.2,0.6,0.0,0.0,0.0,0,0,0.0,26641.12,4,0,0.0,26641.12,4,0,0.0,32888.31,5,0,0.0,0
LGS2ORD0015082,C011582,2025-04-30 10:00:00,Female,36,Bronze,Web,Khon Kaen,340,TV_Show,Bank_Transfer,10,4,2,0,30-40,11.333333333333334,3.0,0.0,0.0,-1,12,3992.8700000000003,0.18,0.6666666666666666,0.0,0.0,0.0,0,0,0.0,7523.299999999999,2,0,0.0,7523.299999999999,2,0,0.0,11978.61,3,0,0.0,0
LGS2ORD0015083,C014378,2025-04-30 11:00:00,Male,47,Bronze,Lazada,Chiang Mai,633,Shopee,PromptPay,11,4,2,0,40-50,21.1,1.0,0.0,0.0,-1,109,3960.5,0.08,1.0,0.0,0.0,0.0,0,0,0.0,0.0,0,0,0.0,0.0,0,0,0.0,3960.5,1,0,0.0,0
LGS2ORD0015084,C010045,2025-04-30 11:00:00,Female,38,Platinum,Web,Phuket,1082,CallCenter,COD,11,4,2,0,30-40,36.06666666666667,0.0,0.0,0.0,-1,-1,0.0,0.0,0.0,0.0,0.0,0.0,0,0,0.0,0.0,0,0,0.0,0.0,0,0,0.0,0.0,0,0,0.0,1
LGS2ORD0015085,C016759,2025-04-30 11:00:00,Female,38,Silver,Shopee,Chonburi,1228,Lazada,COD,11,4,2,0,30-40,40.93333333333333,3.0,2.0,0.6666666666666666,62,71,3197.0733333333333,0.2,0.3333333333333333,0.0,0.0,0.0,0,0,0.0,0.0,0,0,0.0,3862.89,1,1,1.0,9591.22,3,2,0.6666666666666666,0
LGS2ORD0015086,C014976,2025-04-30 11:00:00,Female,27,Bronze,TV,Nakhon Ratchasima,567,TV_Show,COD,11,4,2,0,20-30,18.9,1.0,0.0,0.0,-1,17,4158.14,0.13,0.0,0.0,0.0,0.0,0,0,0.0,4158.14,1,0,0.0,4158.14,1,0,0.0,4158.14,1,0,0.0,1
LGS2ORD0015087,C014773,2025-04-30 11:00:00,Female,49,Bronze,Shopee,Bangkok,1401,TV_Show,Bank_Transfer,11,4,2,0,40-50,46.7,0.0,0.0,0.0,-1,-1,0.0,0.0,0.0,0.0,0.0,0.0,0,0,0.0,0.0,0,0,0.0,0.0,0,0,0.0,0.0,0,0,0.0,0
LGS2ORD0015088,C013788,2025-04-30 11:00:00,Female,45,Bronze,TV,Songkhla,612,Shopee,PromptPay,11,4,2,0,40-50,20.4,1.0,0.0,0.0,-1,100,718.1,0.18,1.0,0.0,0.0,0.0,0,0,0.0,0.0,0,0,0.0,0.0,0,0,0.0,718.1,1,0,0.0,0
LGS2ORD0015089,C015296,2025-04-30 12:00:00,Female,39,Bronze,Shopee,Songkhla,622,Shopee,COD,12,4,2,0,30-40,20.733333333333334,2.0,0.0,0.0,-1,64,2243.865,0.23,0.5,0.5,0.0,0.0,0,0,0.0,0.0,0,0,0.0,4487.73,2,0,0.0,4487.73,2,0,0.0,1
LGS2ORD0015090,C011352,2025-04-30 12:00:00,Male,71,Gold,TV,Songkhla,1114,CallCenter,COD,12,4,2,0,>50,37.13333333333333,0.0,0.0,0.0,-1,-1,0.0,0.0,0.0,0.0,0.0,0.0,0,0,0.0,0.0,0,0,0.0,0.0,0,0,0.0,0.0,0,0,0.0,0
LGS2ORD0015091,C013617,2025-04-30 12:00:00,Female,56,Bronze,TV,Phuket,605,Web,Credit_Card,12,4,2,0,>50,20.166666666666668,2.0,1.0,0.5,109,46,4497.62,0.23,1.0,0.5,0.0,0.0,0,0,0.0,0.0,0,0,0.0,5936.29,1,0,0.0,8995.24,2,1,0.5,0
LGS2ORD0015092,C012796,2025-04-30 12:00:00,Female,44,Bronze,TV,Songkhla,362,TV_Show,Credit_Card,12,4,2,0,40-50,12.066666666666666,0.0,0.0,0.0,-1,-1,0.0,0.0,0.0,0.0,0.0,0.0,0,0,0.0,0.0,0,0,0.0,0.0,0,0,0.0,0.0,0,0,0.0,1
LGS2ORD0015093,C013645,2025-04-30 12:00:00,Male,64,Silver,TV,Khon Kaen,1295,TV_Show,Bank_Transfer,12,4,2,0,>50,43.166666666666664,4.0,1.0,0.25,66,15,7603.6725,0.25,0.5,0.25,0.0,0.0,0,0,0.0,19787.28,1,0,0.0,30414.69,4,1,0.25,30414.69,4,1,0.25,1
LGS2ORD0015094,C011893,2025-04-30 13:00:00,Male,37,Silver,Lazada,Chonburi,887,TV_Show,COD,13,4,2,0,30-40,29.566666666666666,3.0,1.0,0.3333333333333333,11,17,1420.1266666666668,0.3,1.0,1.0,0.0,0.0,0,0,0.0,1927.36,1,1,1.0,1927.36,1,1,1.0,4260.38,3,1,0.3333333333333333,0
LGS2ORD0015095,C012434,2025-04-30 13:00:00,Female,57,Gold,Web,Chonburi,1305,TV_Show,COD,13,4,2,0,>50,43.5,1.0,0.0,0.0,-1,56,18052.3,0.2299999999999999,0.0,1.0,0.0,0.0,0,0,0.0,0.0,0,0,0.0,18052.3,1,0,0.0,18052.3,1,0,0.0,0
LGS2ORD0015096,C014713,2025-04-30 13:00:00,Female,54,Bronze,Lazada,Remote_Area,850,Lazada,PromptPay,13,4,2,0,>50,28.333333333333332,2.0,1.0,0.5,0,13,1342.135,0.18,0.5,0.0,0.0,0.0,0,0,0.0,1274.85,1,1,1.0,1274.85,1,1,1.0,2684.27,2,1,0.5,0
LGS2ORD0015097,C012017,2025-04-30 13:00:00,Male,27,Silver,Shopee,Bangkok,1439,CallCenter,Bank_Transfer,13,4,2,0,20-30,47.96666666666667,3.0,1.0,0.3333333333333333,91,33,4773.123333333334,0.2,0.3333333333333333,0.0,0.0,0.0,0,0,0.0,0.0,0,0,0.0,3443.77,1,0,0.0,14319.37,3,1,0.3333333333333333,0
LGS2ORD0015098,C013090,2025-04-30 13:00:00,Female,32,Gold,Shopee,Chiang Mai,1057,Lazada,Credit_Card,13,4,2,0,30-40,35.233333333333334,0.0,0.0,0.0,-1,-1,0.0,0.0,0.0,0.0,0.0,0.0,0,0,0.0,0.0,0,0,0.0,0.0,0,0,0.0,0.0,0,0,0.0,0
LGS2ORD0015099,C014700,2025-04-30 14:00:00,Female,48,Platinum,Web,Bangkok,1184,Web,Credit_Card,14,4,2,0,40-50,39.46666666666667,0.0,0.0,0.0,-1,-1,0.0,0.0,0.0,0.0,0.0,0.0,0,0,0.0,0.0,0,0,0.0,0.0,0,0,0.0,0.0,0,0,0.0,1
LGS2ORD0015100,C013635,2025-04-30 14:00:00,Female,22,Platinum,CallCenter,Bangkok,150,TV_Show,COD,14,4,2,0,20-30,5.0,2.0,0.0,0.0,-1,28,4749.4800000000005,0.15,1.0,0.0,0.0,0.0,0,0,0.0,7728.6,1,0,0.0,9498.960000000001,2,0,0.0,9498.960000000001,2,0,0.0,0
LGS2ORD0015101,C014759,2025-04-30 14:00:00,Female,32,Bronze,Lazada,Chiang Mai,1130,Web,Bank_Transfer,14,4,2,0,30-40,37.666666666666664,3.0,1.0,0.3333333333333333,60,61,3449.4733333333334,0.23,1.0,0.6666666666666666,0.0,0.0,0,0,0.0,0.0,0,0,0.0,10163.57,2,1,0.5,10348.42,3,1,0.3333333333333333,0
LGS2ORD0015102,C011197,2025-04-30 14:00:00,Male,32,Gold,Shopee,Remote_Area,1226,Shopee,COD,14,4,2,0,30-40,40.86666666666667,1.0,1.0,1.0,17,32,6218.73,0.13,1.0,0.0,0.0,0.0,0,0,0.0,0.0,0,0,0.0,6218.73,1,1,1.0,6218.73,1,1,1.0,0
LGS2ORD0015103,C015190,2025-04-30 14:00:00,Male,45,Gold,Lazada,Songkhla,1158,TV_Show,PromptPay,14,4,2,0,40-50,38.6,0.0,0.0,0.0,-1,-1,0.0,0.0,0.0,0.0,0.0,0.0,0,0,0.0,0.0,0,0,0.0,0.0,0,0,0.0,0.0,0,0,0.0,0
LGS2ORD0015104,C016302,2025-04-30 15:00:00,Male,59,Silver,CallCenter,Chonburi,645,Shopee,COD,15,4,2,0,>50,21.5,3.0,0.0,0.0,-1,52,8604.336666666666,0.2,0.0,0.0,0.0,0.0,0,0,0.0,0.0,0,0,0.0,11293.86,2,0,0.0,25813.01,3,0,0.0,1
LGS2ORD0015105,C011541,2025-04-30 15:00:00,Female,18,Silver,Web,Bangkok,466,Shopee,Credit_Card,15,4,2,0,<20,15.533333333333333,2.0,0.0,0.0,-1,25,6686.365,0.25,1.0,0.5,0.0,0.0,0,0,0.0,2272.64,1,0,0.0,2272.64,1,0,0.0,13372.73,2,0,0.0,0
LGS2ORD0015106,C017682,2025-04-30 15:00:00,Male,33,Platinum,TV,Chiang Mai,1162,Shopee,Credit_Card,15,4,2,0,30-40,38.733333333333334,1.0,0.0,0.0,-1,68,1636.96,0.25,0.0,1.0,0.0,0.0,0,0,0.0,0.0,0,0,0.0,1636.96,1,0,0.0,1636.96,1,0,0.0,0
LGS2ORD0015107,C012819,2025-04-30 15:00:00,Male,41,Bronze,Shopee,Remote_Area,851,Lazada,COD,15,4,2,0,40-50,28.366666666666667,0.0,0.0,0.0,-1,-1,0.0,0.0,0.0,0.0,0.0,0.0,0,0,0.0,0.0,0,0,0.0,0.0,0,0,0.0,0.0,0,0,0.0,1
LGS2ORD0015108,C016164,2025-04-30 15:00:00,Male,57,Silver,Web,Remote_Area,249,CallCenter,COD,15,4,2,0,>50,8.3,3.0,2.0,0.6666666666666666,13,27,4075.0800000000004,0.25,0.3333333333333333,0.3333333333333333,0.0,0.0,0,0,0.0,9040.279999999999,2,1,0.5,9040.279999999999,2,1,0.5,12225.240000000002,3,2,0.6666666666666666,1
LGS2ORD0015109,C010875,2025-04-30 15:00:00,Male,54,Bronze,CallCenter,Chonburi,809,Web,COD,15,4,2,0,>50,26.966666666666665,4.0,1.0,0.25,26,19,3989.665,0.13,0.25,0.0,0.0,0.0,0,0,0.0,1649.0,1,0,0.0,12197.73,3,1,0.3333333333333333,15958.66,4,1,0.25,0
LGS2ORD0015110,C015269,2025-04-30 16:00:00,Female,18,Bronze,Web,Khon Kaen,1504,Shopee,COD,16,4,2,0,<20,50.13333333333333,5.0,1.0,0.2,39,3,3850.546,0.28,0.6,0.2,0.0,400.33,1,0,0.0,1197.18,2,0,0.0,11208.02,3,1,0.3333333333333333,19252.73,5,1,0.2,0
LGS2ORD0015111,C014571,2025-04-30 16:00:00,Female,37,Bronze,TV,Phuket,1084,Lazada,COD,16,4,2,0,30-40,36.13333333333333,0.0,0.0,0.0,-1,-1,0.0,0.0,0.0,0.0,0.0,0.0,0,0,0.0,0.0,0,0,0.0,0.0,0,0,0.0,0.0,0,0,0.0,1
LGS2ORD0015112,C014653,2025-04-30 16:00:00,Female,43,Bronze,TV,Remote_Area,1140,Shopee,Credit_Card,16,4,2,0,40-50,38.0,2.0,1.0,0.5,50,10,2845.175,0.13,0.5,0.0,0.0,0.0,0,0,0.0,1760.19,1,0,0.0,5690.35,2,1,0.5,5690.35,2,1,0.5,1
LGS2ORD0015113,C013769,2025-04-30 16:00:00,Male,41,Platinum,CallCenter,Nakhon Ratchasima,855,Shopee,COD,16,4,2,0,40-50,28.5,0.0,0.0,0.0,-1,-1,0.0,0.0,0.0,0.0,0.0,0.0,0,0,0.0,0.0,0,0,0.0,0.0,0,0,0.0,0.0,0,0,0.0,0
LGS2ORD0015114,C012241,2025-04-30 16:00:00,Male,48,Silver,TV,Chonburi,925,CallCenter,Credit_Card,16,4,2,0,40-50,30.833333333333332,1.0,0.0,0.0,-1,62,2177.56,0.15,0.0,0.0,0.0,0.0,0,0,0.0,0.0,0,0,0.0,2177.56,1,0,0.0,2177.56,1,0,0.0,0
LGS2ORD0015115,C017802,2025-04-30 17:00:00,Female,42,Bronze,TV,Remote_Area,1538,TV_Show,COD,17,4,2,0,40-50,51.266666666666666,5.0,1.0,0.2,40,6,5669.328,0.23,0.8,0.2,0.0,7149.05,1,0,0.0,7149.05,1,0,0.0,19271.02,4,1,0.25,28346.640000000003,5,1,0.2,1
LGS2ORD0015116,C017098,2025-04-30 17:00:00,Other,57,Silver,Web,Bangkok,652,Web,PromptPay,17,4,2,0,>50,21.733333333333334,0.0,0.0,0.0,-1,-1,0.0,0.0,0.0,0.0,0.0,0.0,0,0,0.0,0.0,0,0,0.0,0.0,0,0,0.0,0.0,0,0,0.0,0
LGS2ORD0015117,C015044,2025-04-30 17:00:00,Female,40,Bronze,TV,Songkhla,775,Web,Bank_Transfer,17,4,2,0,30-40,25.833333333333332,3.0,1.0,0.3333333333333333,65,56,3602.443333333333,0.28,0.6666666666666666,0.3333333333333333,0.0,0.0,0,0,0.0,0.0,0,0,0.0,4706.19,2,1,0.5,10807.33,3,1,0.3333333333333333,0
LGS2ORD0015118,C014585,2025-04-30 17:00:00,Male,55,Bronze,TV,Khon Kaen,657,Web,COD,17,4,2,0,>50,21.9,2.0,0.0,0.0,-1,36,3492.89,0.18,1.0,0.0,0.0,0.0,0,0,0.0,0.0,0,0,0.0,6985.78,2,0,0.0,6985.78,2,0,0.0,0
LGS2ORD0015119,C016027,2025-04-30 17:00:00,Male,34,Gold,Web,Bangkok,1346,Web,COD,17,4,2,0,30-40,44.86666666666667,3.0,1.0,0.3333333333333333,101,29,12043.13,0.2299999999999999,0.3333333333333333,0.6666666666666666,0.0,0.0,0,0,0.0,2355.35,1,0,0.0,34237.47,2,0,0.0,36129.39,3,1,0.3333333333333333,0
LGS2ORD0015120,C010728,2025-04-30 18:00:00,Female,53,Gold,Shopee,Songkhla,1569,Web,Bank_Transfer,18,4,2,0,>50,52.3,1.0,0.0,0.0,-1,5,5646.32,0.08,1.0,0.0,0.0,5646.32,1,0,0.0,5646.32,1,0,0.0,5646.32,1,0,0.0,5646.32,1,0,0.0,0
LGS2ORD0015121,C016547,2025-04-30 18:00:00,Male,31,Silver,Lazada,Bangkok,409,Shopee,Credit_Card,18,4,2,0,30-40,13.633333333333333,0.0,0.0,0.0,-1,-1,0.0,0.0,0.0,0.0,0.0,0.0,0,0,0.0,0.0,0,0,0.0,0.0,0,0,0.0,0.0,0,0,0.0,0
LGS2ORD0015122,C015314,2025-04-30 18:00:00,Female,44,Bronze,TV,Chonburi,781,Shopee,COD,18,4,2,0,40-50,26.033333333333335,0.0,0.0,0.0,-1,-1,0.0,0.0,0.0,0.0,0.0,0.0,0,0,0.0,0.0,0,0,0.0,0.0,0,0,0.0,0.0,0,0,0.0,0
LGS2ORD0015123,C010904,2025-04-30 18:00:00,Female,23,Platinum,TV,Nakhon Ratchasima,479,TV_Show,COD,18,4,2,0,20-30,15.966666666666667,0.0,0.0,0.0,-1,-1,0.0,0.0,0.0,0.0,0.0,0.0,0,0,0.0,0.0,0,0,0.0,0.0,0,0,0.0,0.0,0,0,0.0,0
LGS2ORD0015124,C015064,2025-04-30 18:00:00,Female,46,Bronze,TV,Remote_Area,794,Shopee,COD,18,4,2,0,40-50,26.466666666666665,4.0,2.0,0.5,0,4,4045.4249999999997,0.28,0.75,0.75,0.0,1312.81,1,1,1.0,1312.81,1,1,1.0,12113.57,2,2,1.0,16181.699999999999,4,2,0.5,0
LGS2ORD0015125,C013610,2025-04-30 19:00:00,Female,48,Gold,Shopee,Nakhon Ratchasima,1479,Web,COD,19,4,2,0,40-50,49.3,0.0,0.0,0.0,-1,-1,0.0,0.0,0.0,0.0,0.0,0.0,0,0,0.0,0.0,0,0,0.0,0.0,0,0,0.0,0.0,0,0,0.0,0
LGS2ORD0015126,C010532,2025-04-30 19:00:00,Female,56,Bronze,TV,Phuket,143,Shopee,Credit_Card,19,4,2,0,>50,4.766666666666667,1.0,1.0,1.0,27,37,11240.46,0.23,1.0,1.0,0.0,0.0,0,0,0.0,0.0,0,0,0.0,11240.46,1,1,1.0,11240.46,1,1,1.0,0
LGS2ORD0015127,C016669,2025-04-30 19:00:00,Male,43,Silver,Web,Chonburi,499,Shopee,Bank_Transfer,19,4,2,0,40-50,16.633333333333333,0.0,0.0,0.0,-1,-1,0.0,0.0,0.0,0.0,0.0,0.0,0,0,0.0,0.0,0,0,0.0,0.0,0,0,0.0,0.0,0,0,0.0,0
LGS2ORD0015128,C012655,2025-04-30 19:00:00,Female,27,Gold,CallCenter,Nakhon Ratchasima,779,Lazada,COD,19,4,2,0,20-30,25.966666666666665,0.0,0.0,0.0,-1,-1,0.0,0.0,0.0,0.0,0.0,0.0,0,0,0.0,0.0,0,0,0.0,0.0,0,0,0.0,0.0,0,0,0.0,0
LGS2ORD0015129,C012851,2025-04-30 19:00:00,Other,37,Bronze,Lazada,Bangkok,1318,Web,COD,19,4,2,0,30-40,43.93333333333333,2.0,1.0,0.5,10,14,4620.775,0.18,0.5,0.0,0.0,0.0,0,0,0.0,4086.61,1,1,1.0,4086.61,1,1,1.0,9241.55,2,1,0.5,1
LGS2ORD0015130,C011537,2025-04-30 19:00:00,Female,60,Silver,TV,Remote_Area,446,CallCenter,COD,19,4,2,0,>50,14.866666666666667,0.0,0.0,0.0,-1,-1,0.0,0.0,0.0,0.0,0.0,0.0,0,0,0.0,0.0,0,0,0.0,0.0,0,0,0.0,0.0,0,0,0.0,0
LGS2ORD0015131,C015024,2025-04-30 20:00:00,Male,27,Bronze,Web,Songkhla,1309,TV_Show,COD,20,4,2,0,20-30,43.63333333333333,3.0,1.0,0.3333333333333333,18,20,2475.44,0.23,1.0,0.3333333333333333,0.0,0.0,0,0,0.0,4333.64,1,1,1.0,5555.870000000001,2,1,0.5,7426.320000000001,3,1,0.3333333333333333,1
LGS2ORD0015132,C012570,2025-04-30 20:00:00,Male,44,Bronze,Lazada,Bangkok,1423,Web,COD,20,4,2,0,40-50,47.43333333333333,0.0,0.0,0.0,-1,-1,0.0,0.0,0.0,0.0,0.0,0.0,0,0,0.0,0.0,0,0,0.0,0.0,0,0,0.0,0.0,0,0,0.0,0
LGS2ORD0015133,C016925,2025-04-30 20:00:00,Male,50,Platinum,Shopee,Bangkok,316,CallCenter,Credit_Card,20,4,2,0,40-50,10.533333333333333,1.0,0.0,0.0,-1,96,6882.38,0.25,0.0,1.0,0.0,0.0,0,0,0.0,0.0,0,0,0.0,0.0,0,0,0.0,6882.38,1,0,0.0,0
LGS2ORD0015134,C011663,2025-04-30 20:00:00,Male,57,Bronze,CallCenter,Bangkok,1396,Web,COD,20,4,2,0,>50,46.53333333333333,5.0,1.0,0.2,48,60,3545.8360000000002,0.23,0.6,0.4,0.0,0.0,0,0,0.0,0.0,0,0,0.0,13920.3,2,1,0.5,17729.18,5,1,0.2,1
LGS2ORD0015135,C016587,2025-04-30 20:00:00,Male,47,Bronze,Shopee,Chiang Mai,636,Web,Credit_Card,20,4,2,0,40-50,21.2,3.0,1.0,0.3333333333333333,-10,1,1105.23,0.18,1.0,0.0,0.0,385.32,1,1,1.0,3315.69,3,1,0.3333333333333333,3315.69,3,1,0.3333333333333333,3315.69,3,1,0.3333333333333333,0
LGS2ORD0015136,C017716,2025-04-30 21:00:00,Female,30,Platinum,Web,Bangkok,841,Web,COD,21,4,2,0,20-30,28.033333333333335,1.0,0.0,0.0,-1,66,3653.77,0.1,1.0,0.0,0.0,0.0,0,0,0.0,0.0,0,0,0.0,3653.77,1,0,0.0,3653.77,1,0,0.0,0
LGS2ORD0015137,C012024,2025-04-30 21:00:00,Male,35,Silver,Web,Bangkok,1530,TV_Show,COD,21,4,2,0,30-40,51.0,5.0,0.0,0.0,-1,9,7169.414000000002,0.25,0.6,0.4,0.0,0.0,0,0,0.0,8130.55,1,0,0.0,18524.99,3,0,0.0,35847.07000000001,5,0,0.0,1
LGS2ORD0015138,C015646,2025-04-30 21:00:00,Male,54,Bronze,Web,Bangkok,1545,Shopee,COD,21,4,2,0,>50,51.5,0.0,0.0,0.0,-1,-1,0.0,0.0,0.0,0.0,0.0,0.0,0,0,0.0,0.0,0,0,0.0,0.0,0,0,0.0,0.0,0,0,0.0,0
LGS2ORD0015139,C016325,2025-04-30 21:00:00,Female,52,Bronze,TV,Remote_Area,1222,Shopee,COD,21,4,2,0,>50,40.733333333333334,3.0,2.0,0.6666666666666666,65,21,4536.186666666667,0.23,0.3333333333333333,0.3333333333333333,0.0,0.0,0,0,0.0,3132.52,1,0,0.0,13608.560000000001,3,2,0.6666666666666666,13608.560000000001,3,2,0.6666666666666666,0
LGS2ORD0015140,C010417,2025-04-30 21:00:00,Female,29,Gold,Shopee,Khon Kaen,221,Lazada,Credit_Card,21,4,2,0,20-30,7.366666666666666,0.0,0.0,0.0,-1,-1,0.0,0.0,0.0,0.0,0.0,0.0,0,0,0.0,0.0,0,0,0.0,0.0,0,0,0.0,0.0,0,0,0.0,0
LGS2ORD0015141,C015228,2025-04-30 22:00:00,Male,50,Bronze,TV,Phuket,1292,Lazada,Credit_Card,22,4,2,0,40-50,43.06666666666667,1.0,1.0,1.0,40,45,388.77,0.18,1.0,0.0,0.0,0.0,0,0,0.0,0.0,0,0,0.0,388.77,1,1,1.0,388.77,1,1,1.0,0
LGS2ORD0015142,C011075,2025-04-30 22:00:00,Male,20,Silver,Lazada,Nakhon Ratchasima,945,Lazada,Bank_Transfer,22,4,2,0,<20,31.5,3.0,0.0,0.0,-1,21,3608.32,0.2,0.0,0.0,0.0,0.0,0,0,0.0,933.78,1,0,0.0,10824.960000000001,3,0,0.0,10824.960000000001,3,0,0.0,0
LGS2ORD0015143,C016408,2025-04-30 22:00:00,Female,57,Bronze,Web,Bangkok,1406,CallCenter,COD,22,4,2,0,>50,46.86666666666667,1.0,0.0,0.0,-1,76,2332.58,0.03,1.0,0.0,0.0,0.0,0,0,0.0,0.0,0,0,0.0,2332.58,1,0,0.0,2332.58,1,0,0.0,1
LGS2ORD0015144,C013056,2025-04-30 22:00:00,Female,35,Platinum,Web,Songkhla,1535,TV_Show,Credit_Card,22,4,2,0,30-40,51.166666666666664,1.0,0.0,0.0,-1,47,1297.35,0.1,0.0,0.0,0.0,0.0,0,0,0.0,0.0,0,0,0.0,1297.35,1,0,0.0,1297.35,1,0,0.0,1
LGS2ORD0015145,C012663,2025-04-30 22:00:00,Male,59,Bronze,Shopee,Bangkok,1028,Lazada,Credit_Card,22,4,2,0,>50,34.266666666666666,0.0,0.0,0.0,-1,-1,0.0,0.0,0.0,0.0,0.0,0.0,0,0,0.0,0.0,0,0,0.0,0.0,0,0,0.0,0.0,0,0,0.0,0
LGS2ORD0015146,C010331,2025-04-30 23:00:00,Female,54,Silver,TV,Bangkok,492,Lazada,COD,23,4,2,0,>50,16.4,4.0,0.0,0.0,-1,64,1816.6175,0.25,0.25,0.25,0.0,0.0,0,0,0.0,0.0,0,0,0.0,3013.76,2,0,0.0,7266.47,4,0,0.0,0
LGS2ORD0015147,C013746,2025-04-30 23:00:00,Female,49,Gold,Shopee,Bangkok,256,TV_Show,COD,23,4,2,0,40-50,8.533333333333333,4.0,0.0,0.0,-1,26,2806.3325,0.28,0.25,0.5,0.0,0.0,0,0,0.0,4916.98,1,0,0.0,4916.98,1,0,0.0,11225.33,4,0,0.0,0
LGS2ORD0015148,C013085,2025-04-30 23:00:00,Male,66,Bronze,TV,Nakhon Ratchasima,1517,Shopee,COD,23,4,2,0,>50,50.56666666666667,2.0,0.0,0.0,-1,4,10991.8,0.23,0.5,0.5,0.0,11042.85,1,0,0.0,11042.85,1,0,0.0,11042.85,1,0,0.0,21983.6,2,0,0.0,1
LGS2ORD0015149,C010904,2025-04-30 23:00:00,Female,23,Platinum,TV,Nakhon Ratchasima,479,CallCenter,PromptPay,23,4,2,0,20-30,15.966666666666667,1.0,0.0,0.0,-1,0,5092.34,0.2,1.0,0.0,0.0,5092.34,1,0,0.0,5092.34,1,0,0.0,5092.34,1,0,0.0,5092.34,1,0,0.0,0
LGS2ORD0015150,C011128,2025-04-30 23:00:00,Female,59,Gold,Lazada,Bangkok,832,Web,COD,23,4,2,0,>50,27.733333333333334,4.0,2.0,0.5,18,27,4070.8975,0.28,0.75,0.5,0.0,0.0,0,0,0.0,2006.23,2,1,0.5,16283.59,4,2,0.5,16283.59,4,2,0.5,0
LGS2ORD0015151,C015119,2025-04-30 23:00:00,Female,38,Bronze,Shopee,Remote_Area,1303,CallCenter,COD,23,4,2,0,30-40,43.43333333333333,1.0,1.0,1.0,22,37,965.78,0.23,1.0,1.0,0.0,0.0,0,0,0.0,0.0,0,0,0.0,965.78,1,1,1.0,965.78,1,1,1.0,0
LGS2ORD0015152,C010784,2025-05-01 00:00:00,Female,51,Silver,Lazada,Khon Kaen,1219,Shopee,Credit_Card,0,5,3,0,>50,40.63333333333333,4.0,2.0,0.5,59,7,3024.625,0.25,0.5,0.25,0.0,0.0,0,0,0.0,5707.87,1,0,0.0,12098.5,4,2,0.5,12098.5,4,2,0.5,0
LGS2ORD0015153,C012394,2025-05-01 00:00:00,Female,44,Bronze,TV,Chonburi,303,TV_Show,COD,0,5,3,0,40-50,10.1,2.0,0.0,0.0,-1,15,2555.5550000000003,0.28,0.5,0.5,0.0,0.0,0,0,0.0,3175.98,1,0,0.0,3175.98,1,0,0.0,5111.110000000001,2,0,0.0,0
LGS2ORD0015154,C011732,2025-05-01 00:00:00,Male,39,Bronze,Web,Chiang Mai,914,TV_Show,PromptPay,0,5,3,0,30-40,30.466666666666665,4.0,2.0,0.5,55,25,3178.4900000000002,0.23,1.0,0.25,0.0,0.0,0,0,0.0,2369.42,1,0,0.0,5086.610000000001,3,1,0.3333333333333333,12713.960000000001,4,2,0.5,1
LGS2ORD0015155,C011667,2025-05-01 00:00:00,Male,41,Bronze,Shopee,Remote_Area,478,CallCenter,COD,0,5,3,0,40-50,15.933333333333334,1.0,0.0,0.0,-1,35,2619.2,0.18,0.0,0.0,0.0,0.0,0,0,0.0,0.0,0,0,0.0,2619.2,1,0,0.0,2619.2,1,0,0.0,1
LGS2ORD0015156,C011922,2025-05-01 00:00:00,Female,25,Gold,Shopee,Chonburi,1261,Lazada,Bank_Transfer,0,5,3,0,20-30,42.03333333333333,3.0,0.0,0.0,-1,41,4540.966666666666,0.13,0.3333333333333333,0.0,0.0,0.0,0,0,0.0,0.0,0,0,0.0,13622.9,3,0,0.0,13622.9,3,0,0.0,1
LGS2ORD0015157,C015806,2025-05-01 01:00:00,Female,45,Bronze,Shopee,Songkhla,405,CallCenter,Credit_Card,1,5,3,0,40-50,13.5,1.0,0.0,0.0,-1,115,10907.52,0.13,0.0,0.0,0.0,0.0,0,0,0.0,0.0,0,0,0.0,0.0,0,0,0.0,10907.52,1,0,0.0,0
LGS2ORD0015158,C013029,2025-05-01 01:00:00,Male,44,Platinum,Lazada,Bangkok,291,Shopee,Credit_Card,1,5,3,0,40-50,9.7,0.0,0.0,0.0,-1,-1,0.0,0.0,0.0,0.0,0.0,0.0,0,0,0.0,0.0,0,0,0.0,0.0,0,0,0.0,0.0,0,0,0.0,0
LGS2ORD0015159,C016977,2025-05-01 01:00:00,Male,28,Silver,TV,Bangkok,1532,CallCenter,COD,1,5,3,0,20-30,51.06666666666667,1.0,0.0,0.0,-1,60,2415.24,0.15,1.0,0.0,0.0,0.0,0,0,0.0,0.0,0,0,0.0,2415.24,1,0,0.0,2415.24,1,0,0.0,0
LGS2ORD0015160,C011899,2025-05-01 01:00:00,Female,27,Silver,Web,Chiang Mai,696,CallCenter,PromptPay,1,5,3,0,20-30,23.2,2.0,1.0,0.5,45,23,6280.235,0.3,1.0,0.5,0.0,0.0,0,0,0.0,9982.91,1,0,0.0,12560.47,2,1,0.5,12560.47,2,1,0.5,1
LGS2ORD0015161,C011796,2025-05-01 01:00:00,Female,49,Bronze,Lazada,Nakhon Ratchasima,962,Shopee,COD,1,5,3,0,40-50,32.06666666666667,1.0,0.0,0.0,-1,42,2365.02,0.08,0.0,0.0,0.0,0.0,0,0,0.0,0.0,0,0,0.0,2365.02,1,0,0.0,2365.02,1,0,0.0,1
LGS2ORD0015162,C014183,2025-05-01 02:00:00,Female,33,Silver,Lazada,Nakhon Ratchasima,445,TV_Show,COD,2,5,3,0,30-40,14.833333333333334,0.0,0.0,0.0,-1,-1,0.0,0.0,0.0,0.0,0.0,0.0,0,0,0.0,0.0,0,0,0.0,0.0,0,0,0.0,0.0,0,0,0.0,0
LGS2ORD0015163,C010144,2025-05-01 02:00:00,Female,51,Bronze,CallCenter,Nakhon Ratchasima,955,Lazada,COD,2,5,3,0,>50,31.833333333333332,3.0,2.0,0.6666666666666666,7,18,5693.613333333334,0.18,1.0,0.0,0.0,0.0,0,0,0.0,5601.99,1,1,1.0,6124.93,2,2,1.0,17080.84,3,2,0.6666666666666666,0
LGS2ORD0015164,C015249,2025-05-01 02:00:00,Male,61,Silver,Lazada,Khon Kaen,1382,Shopee,Credit_Card,2,5,3,0,>50,46.06666666666667,2.0,1.0,0.5,0,8,1018.125,0.3,0.5,0.5,0.0,0.0,0,0,0.0,593.96,1,1,1.0,2036.25,2,1,0.5,2036.25,2,1,0.5,0
LGS2ORD0015165,C014378,2025-05-01 02:00:00,Male,47,Bronze,Lazada,Chiang Mai,634,Lazada,COD,2,5,3,0,40-50,21.133333333333333,2.0,0.0,0.0,-1,0,6149.545,0.08,0.5,0.0,0.0,8338.59,1,0,0.0,8338.59,1,0,0.0,8338.59,1,0,0.0,12299.09,2,0,0.0,0
LGS2ORD0015166,C011546,2025-05-01 02:00:00,Female,43,Bronze,Lazada,Nakhon Ratchasima,761,Shopee,COD,2,5,3,0,40-50,25.366666666666667,3.0,2.0,0.6666666666666666,32,45,5236.946666666667,0.28,1.0,0.3333333333333333,0.0,0.0,0,0,0.0,0.0,0,0,0.0,4954.12,1,1,1.0,15710.84,3,2,0.6666666666666666,0
LGS2ORD0015167,C017567,2025-05-01 03:00:00,Male,55,Bronze,TV,Bangkok,526,TV_Show,COD,3,5,3,0,>50,17.533333333333335,3.0,1.0,0.3333333333333333,106,5,1517.3566666666666,0.28,0.6666666666666666,0.3333333333333333,0.0,1555.94,1,0,0.0,1555.94,1,0,0.0,3284.63,2,0,0.0,4552.07,3,1,0.3333333333333333,0
LGS2ORD0015168,C014753,2025-05-01 03:00:00,Female,48,Gold,Shopee,Bangkok,1186,CallCenter,Bank_Transfer,3,5,3,0,40-50,39.53333333333333,4.0,1.0,0.25,18,27,5949.34,0.33,0.5,0.75,0.0,0.0,0,0,0.0,807.9,1,1,1.0,9590.66,3,1,0.3333333333333333,23797.36,4,1,0.25,0
LGS2ORD0015169,C012990,2025-05-01 03:00:00,Male,64,Bronze,CallCenter,Khon Kaen,598,Lazada,COD,3,5,3,0,>50,19.933333333333334,4.0,0.0,0.0,-1,47,7111.407499999999,0.23,0.5,0.25,0.0,0.0,0,0,0.0,0.0,0,0,0.0,4081.48,1,0,0.0,28445.629999999997,4,0,0.0,1
LGS2ORD0015170,C014278,2025-05-01 03:00:00,Female,45,Bronze,CallCenter,Chiang Mai,822,Lazada,Credit_Card,3,5,3,0,40-50,27.4,2.0,0.0,0.0,-1,82,4605.02,0.28,1.0,0.5,0.0,0.0,0,0,0.0,0.0,0,0,0.0,6142.34,1,0,0.0,9210.04,2,0,0.0,0
LGS2ORD0015171,C013867,2025-05-01 03:00:00,Male,56,Silver,Shopee,Chonburi,824,Shopee,Bank_Transfer,3,5,3,0,>50,27.466666666666665,1.0,0.0,0.0,-1,14,13079.63,0.05,1.0,0.0,0.0,0.0,0,0,0.0,13079.63,1,0,0.0,13079.63,1,0,0.0,13079.63,1,0,0.0,0
LGS2ORD0015172,C012150,2025-05-01 03:00:00,Male,27,Silver,Lazada,Phuket,1412,Lazada,COD,3,5,3,0,20-30,47.06666666666667,2.0,1.0,0.5,82,16,1230.545,0.15,0.5,0.0,0.0,0.0,0,0,0.0,1340.91,1,0,0.0,1340.91,1,0,0.0,2461.09,2,1,0.5,0
LGS2ORD0015173,C013773,2025-05-01 04:00:00,Male,45,Gold,Web,Bangkok,1452,Web,Bank_Transfer,4,5,3,0,40-50,48.4,2.0,1.0,0.5,24,36,1281.385,0.13,0.0,0.0,0.0,0.0,0,0,0.0,0.0,0,0,0.0,2562.77,2,1,0.5,2562.77,2,1,0.5,0
LGS2ORD0015174,C012036,2025-05-01 04:00:00,Male,40,Bronze,Lazada,Nakhon Ratchasima,1028,Web,PromptPay,4,5,3,0,30-40,34.266666666666666,1.0,0.0,0.0,-1,5,2704.61,0.08,0.0,0.0,0.0,2704.61,1,0,0.0,2704.61,1,0,0.0,2704.61,1,0,0.0,2704.61,1,0,0.0,0
LGS2ORD0015175,C015333,2025-05-01 04:00:00,Male,58,Bronze,TV,Khon Kaen,979,Web,COD,4,5,3,0,>50,32.63333333333333,3.0,1.0,0.3333333333333333,46,51,10366.813333333334,0.28,0.6666666666666666,0.3333333333333333,0.0,0.0,0,0,0.0,0.0,0,0,0.0,7034.09,2,1,0.5,31100.44,3,1,0.3333333333333333,1
LGS2ORD0015176,C013087,2025-05-01 04:00:00,Female,60,Bronze,Lazada,Bangkok,413,Web,Credit_Card,4,5,3,0,>50,13.766666666666667,2.0,0.0,0.0,-1,11,7219.165,0.23,0.5,0.5,0.0,0.0,0,0,0.0,14158.82,1,0,0.0,14438.33,2,0,0.0,14438.33,2,0,0.0,0
LGS2ORD0015177,C010583,2025-05-01 04:00:00,Female,56,Bronze,Shopee,Bangkok,841,Shopee,COD,4,5,3,0,>50,28.033333333333335,2.0,1.0,0.5,40,46,3015.37,0.18,0.5,0.0,0.0,0.0,0,0,0.0,0.0,0,0,0.0,5328.33,1,1,1.0,6030.74,2,1,0.5,0
LGS2ORD0015178,C011156,2025-05-01 05:00:00,Male,46,Platinum,TV,Songkhla,506,Web,Credit_Card,5,5,3,0,40-50,16.866666666666667,1.0,0.0,0.0,-1,53,8882.44,0.1,0.0,0.0,0.0,0.0,0,0,0.0,0.0,0,0,0.0,8882.44,1,0,0.0,8882.44,1,0,0.0,0
LGS2ORD0015179,C015121,2025-05-01 05:00:00,Male,40,Silver,CallCenter,Bangkok,1565,CallCenter,COD,5,5,3,0,30-40,52.166666666666664,1.0,0.0,0.0,-1,85,451.34,0.3,0.0,1.0,0.0,0.0,0,0,0.0,0.0,0,0,0.0,451.34,1,0,0.0,451.34,1,0,0.0,1
LGS2ORD0015180,C014191,2025-05-01 05:00:00,Male,29,Bronze,TV,Nakhon Ratchasima,1264,Lazada,PromptPay,5,5,3,0,20-30,42.13333333333333,2.0,0.0,0.0,-1,6,7610.445,0.18,1.0,0.0,0.0,1566.08,1,0,0.0,1566.08,1,0,0.0,15220.89,2,0,0.0,15220.89,2,0,0.0,0
LGS2ORD0015181,C016093,2025-05-01 05:00:00,Male,58,Bronze,CallCenter,Bangkok,301,TV_Show,COD,5,5,3,0,>50,10.033333333333333,3.0,1.0,0.3333333333333333,91,67,5178.736666666667,0.18,0.6666666666666666,0.0,0.0,0.0,0,0,0.0,0.0,0,0,0.0,13158.56,1,0,0.0,15536.21,3,1,0.3333333333333333,0
LGS2ORD0015182,C017731,2025-05-01 05:00:00,Male,51,Bronze,Web,Bangkok,1105,Lazada,COD,5,5,3,0,>50,36.833333333333336,2.0,2.0,1.0,35,48,9195.355,0.28,0.5,1.0,0.0,0.0,0,0,0.0,0.0,0,0,0.0,18390.71,2,2,1.0,18390.71,2,2,1.0,0
LGS2ORD0015183,C010340,2025-05-01 06:00:00,Male,53,Platinum,Shopee,Khon Kaen,1311,Shopee,Credit_Card,6,5,3,0,>50,43.7,6.0,1.0,0.16666666666666666,41,4,1692.5083333333332,0.15,0.8333333333333334,0.0,0.0,2331.89,1,0,0.0,6201.02,3,0,0.0,8854.76,5,1,0.2,10155.05,6,1,0.16666666666666666,0
LGS2ORD0015184,C012589,2025-05-01 06:00:00,Female,39,Bronze,TV,Chonburi,1031,Lazada,Credit_Card,6,5,3,0,30-40,34.36666666666667,4.0,0.0,0.0,-1,77,7272.685,0.23,0.5,0.25,0.0,0.0,0,0,0.0,0.0,0,0,0.0,15389.470000000001,2,0,0.0,29090.74,4,0,0.0,0
LGS2ORD0015185,C014491,2025-05-01 06:00:00,Other,26,Bronze,Web,Songkhla,1572,Web,PromptPay,6,5,3,0,20-30,52.4,2.0,1.0,0.5,18,30,5941.0650000000005,0.18,0.5,0.0,0.0,0.0,0,0,0.0,0.0,0,0,0.0,11882.130000000001,2,1,0.5,11882.130000000001,2,1,0.5,1
LGS2ORD0015186,C011364,2025-05-01 06:00:00,Male,44,Silver,Web,Khon Kaen,1497,CallCenter,COD,6,5,3,0,40-50,49.9,4.0,0.0,0.0,-1,20,6804.612499999999,0.25,1.0,0.25,0.0,0.0,0,0,0.0,4193.139999999999,2,0,0.0,26444.76,3,0,0.0,27218.449999999997,4,0,0.0,0
LGS2ORD0015187,C014494,2025-05-01 06:00:00,Female,26,Bronze,Web,Bangkok,442,Lazada,Credit_Card,6,5,3,0,20-30,14.733333333333333,1.0,0.0,0.0,-1,32,795.34,0.08,1.0,0.0,0.0,0.0,0,0,0.0,0.0,0,0,0.0,795.34,1,0,0.0,795.34,1,0,0.0,1
LGS2ORD0015188,C011140,2025-05-01 06:00:00,Female,23,Platinum,TV,Chonburi,1058,Shopee,Credit_Card,6,5,3,0,20-30,35.266666666666666,1.0,0.0,0.0,-1,95,5408.75,0.1,0.0,0.0,0.0,0.0,0,0,0.0,0.0,0,0,0.0,0.0,0,0,0.0,5408.75,1,0,0.0,0
LGS2ORD0015189,C014341,2025-05-01 07:00:00,Female,38,Silver,TV,Bangkok,306,TV_Show,Credit_Card,7,5,3,0,30-40,10.2,1.0,0.0,0.0,-1,24,7037.42,0.1,0.0,0.0,0.0,0.0,0,0,0.0,7037.42,1,0,0.0,7037.42,1,0,0.0,7037.42,1,0,0.0,0
LGS2ORD0015190,C015414,2025-05-01 07:00:00,Female,35,Bronze,CallCenter,Chiang Mai,652,Shopee,COD,7,5,3,0,30-40,21.733333333333334,1.0,0.0,0.0,-1,54,2521.16,0.03,1.0,0.0,0.0,0.0,0,0,0.0,0.0,0,0,0.0,2521.16,1,0,0.0,2521.16,1,0,0.0,1
LGS2ORD0015191,C012354,2025-05-01 07:00:00,Female,49,Bronze,Lazada,Bangkok,153,Lazada,COD,7,5,3,0,40-50,5.1,1.0,0.0,0.0,-1,59,3649.16,0.18,0.0,0.0,0.0,0.0,0,0,0.0,0.0,0,0,0.0,3649.16,1,0,0.0,3649.16,1,0,0.0,0
LGS2ORD0015192,C014367,2025-05-01 07:00:00,Female,29,Bronze,TV,Remote_Area,608,TV_Show,PromptPay,7,5,3,0,20-30,20.266666666666666,3.0,1.0,0.3333333333333333,30,44,1722.53,0.23,0.6666666666666666,0.6666666666666666,0.0,0.0,0,0,0.0,0.0,0,0,0.0,5167.59,3,1,0.3333333333333333,5167.59,3,1,0.3333333333333333,0
LGS2ORD0015193,C010991,2025-05-01 07:00:00,Female,57,Bronze,CallCenter,Remote_Area,1007,TV_Show,COD,7,5,3,0,>50,33.56666666666667,2.0,0.0,0.0,-1,43,5461.67,0.23,0.5,0.5,0.0,0.0,0,0,0.0,0.0,0,0,0.0,2021.6,1,0,0.0,10923.34,2,0,0.0,1
LGS2ORD0015194,C016910,2025-05-01 08:00:00,Other,47,Gold,TV,Khon Kaen,298,TV_Show,Bank_Transfer,8,5,3,0,40-50,9.933333333333334,1.0,1.0,1.0,77,86,1560.91,0.2299999999999999,1.0,1.0,0.0,0.0,0,0,0.0,0.0,0,0,0.0,1560.91,1,1,1.0,1560.91,1,1,1.0,0
LGS2ORD0015195,C011534,2025-05-01 08:00:00,Female,33,Bronze,TV,Khon Kaen,154,Shopee,COD,8,5,3,0,30-40,5.133333333333334,2.0,1.0,0.5,73,64,1109.08,0.18,0.5,0.0,0.0,0.0,0,0,0.0,0.0,0,0,0.0,2218.16,2,1,0.5,2218.16,2,1,0.5,0
LGS2ORD0015196,C014329,2025-05-01 08:00:00,Female,40,Bronze,Web,Songkhla,553,TV_Show,COD,8,5,3,0,30-40,18.433333333333334,0.0,0.0,0.0,-1,-1,0.0,0.0,0.0,0.0,0.0,0.0,0,0,0.0,0.0,0,0,0.0,0.0,0,0,0.0,0.0,0,0,0.0,0
LGS2ORD0015197,C014376,2025-05-01 08:00:00,Female,51,Bronze,Shopee,Bangkok,987,Shopee,Credit_Card,8,5,3,0,>50,32.9,2.0,1.0,0.5,23,33,11887.825,0.18,0.5,0.0,0.0,0.0,0,0,0.0,0.0,0,0,0.0,23775.65,2,1,0.5,23775.65,2,1,0.5,0
LGS2ORD0015198,C013253,2025-05-01 08:00:00,Female,27,Bronze,TV,Songkhla,841,Shopee,Credit_Card,8,5,3,0,20-30,28.033333333333335,3.0,0.0,0.0,-1,23,3834.01,0.23,0.6666666666666666,0.3333333333333333,0.0,0.0,0,0,0.0,1171.77,1,0,0.0,2886.37,2,0,0.0,11502.03,3,0,0.0,0
LGS2ORD0015199,C016534,2025-05-01 09:00:00,Female,51,Bronze,TV,Remote_Area,145,Shopee,PromptPay,9,5,3,0,>50,4.833333333333333,2.0,0.0,0.0,-1,4,3993.11,0.18,0.5,0.0,0.0,7986.22,2,0,0.0,7986.22,2,0,0.0,7986.22,2,0,0.0,7986.22,2,0,0.0,0
LGS2ORD0015200,C012624,2025-05-01 09:00:00,Male,47,Silver,Shopee,Remote_Area,914,TV_Show,COD,9,5,3,0,40-50,30.466666666666665,1.0,0.0,0.0,-1,41,928.67,0.1,0.0,0.0,0.0,0.0,0,0,0.0,0.0,0,0,0.0,928.67,1,0,0.0,928.67,1,0,0.0,1
LGS2ORD0015201,C014429,2025-05-01 09:00:00,Male,42,Silver,Web,Bangkok,177,CallCenter,COD,9,5,3,0,40-50,5.9,1.0,0.0,0.0,-1,73,4116.0,0.1,0.0,0.0,0.0,0.0,0,0,0.0,0.0,0,0,0.0,4116.0,1,0,0.0,4116.0,1,0,0.0,0
LGS2ORD0015202,C016969,2025-05-01 09:00:00,Female,33,Silver,Lazada,Chiang Mai,1093,Shopee,PromptPay,9,5,3,0,30-40,36.43333333333333,2.0,0.0,0.0,-1,80,3620.105,0.3,0.0,0.5,0.0,0.0,0,0,0.0,0.0,0,0,0.0,7240.21,2,0,0.0,7240.21,2,0,0.0,0
LGS2ORD0015203,C014798,2025-05-01 09:00:00,Female,36,Silver,Lazada,Phuket,1261,Lazada,COD,9,5,3,0,30-40,42.03333333333333,2.0,1.0,0.5,102,19,3109.715,0.25,0.0,0.5,0.0,0.0,0,0,0.0,2242.86,1,0,0.0,2242.86,1,0,0.0,6219.43,2,1,0.5,0
LGS2ORD0015204,C015144,2025-05-01 10:00:00,Male,56,Gold,Shopee,Chiang Mai,198,Shopee,Credit_Card,10,5,3,0,>50,6.6,2.0,0.0,0.0,-1,62,2528.24,0.2299999999999999,1.0,0.5,0.0,0.0,0,0,0.0,0.0,0,0,0.0,5056.48,2,0,0.0,5056.48,2,0,0.0,0
LGS2ORD0015205,C014117,2025-05-01 10:00:00,Male,28,Silver,Shopee,Remote_Area,891,Lazada,Bank_Transfer,10,5,3,0,20-30,29.7,3.0,1.0,0.3333333333333333,91,40,2785.043333333333,0.1,1.0,0.0,0.0,0.0,0,0,0.0,0.0,0,0,0.0,6600.11,2,0,0.0,8355.13,3,1,0.3333333333333333,1
LGS2ORD0015206,C015394,2025-05-01 10:00:00,Male,72,Bronze,Shopee,Remote_Area,186,Lazada,COD,10,5,3,0,>50,6.2,3.0,0.0,0.0,-1,70,5944.7,0.18,0.3333333333333333,0.0,0.0,0.0,0,0,0.0,0.0,0,0,0.0,16881.04,2,0,0.0,17834.1,3,0,0.0,0
LGS2ORD0015207,C012753,2025-05-01 10:00:00,Female,38,Silver,TV,Songkhla,1124,TV_Show,Credit_Card,10,5,3,0,30-40,37.46666666666667,1.0,0.0,0.0,-1,17,1651.14,0.1,1.0,0.0,0.0,0.0,0,0,0.0,1651.14,1,0,0.0,1651.14,1,0,0.0,1651.14,1,0,0.0,0
LGS2ORD0015208,C010182,2025-05-01 10:00:00,Female,53,Silver,TV,Songkhla,860,Web,Credit_Card,10,5,3,0,>50,28.666666666666668,1.0,0.0,0.0,-1,85,1580.42,0.25,0.0,1.0,0.0,0.0,0,0,0.0,0.0,0,0,0.0,1580.42,1,0,0.0,1580.42,1,0,0.0,0
LGS2ORD0015209,C014093,2025-05-01 10:00:00,Female,54,Bronze,TV,Bangkok,430,CallCenter,Bank_Transfer,10,5,3,0,>50,14.333333333333334,2.0,1.0,0.5,84,10,4090.935,0.28,1.0,0.5,0.0,0.0,0,0,0.0,1485.08,1,0,0.0,1485.08,1,0,0.0,8181.87,2,1,0.5,0
LGS2ORD0015210,C017322,2025-05-01 11:00:00,Female,18,Bronze,TV,Chiang Mai,1308,Web,COD,11,5,3,0,<20,43.6,1.0,1.0,1.0,42,52,847.53,0.23,1.0,1.0,0.0,0.0,0,0,0.0,0.0,0,0,0.0,847.53,1,1,1.0,847.53,1,1,1.0,0
LGS2ORD0015211,C017455,2025-05-01 11:00:00,Male,47,Bronze,Web,Remote_Area,962,Lazada,Credit_Card,11,5,3,0,40-50,32.06666666666667,2.0,1.0,0.5,28,26,9458.539999999999,0.08,1.0,0.0,0.0,0.0,0,0,0.0,4050.61,1,0,0.0,18917.079999999998,2,1,0.5,18917.079999999998,2,1,0.5,0
LGS2ORD0015212,C012687,2025-05-01 11:00:00,Male,28,Gold,Lazada,Chonburi,1268,Shopee,COD,11,5,3,0,20-30,42.266666666666666,1.0,0.0,0.0,-1,94,1212.29,0.13,0.0,0.0,0.0,0.0,0,0,0.0,0.0,0,0,0.0,0.0,0,0,0.0,1212.29,1,0,0.0,0
LGS2ORD0015213,C016745,2025-05-01 11:00:00,Female,31,Gold,Shopee,Khon Kaen,491,TV_Show,COD,11,5,3,0,30-40,16.366666666666667,2.0,0.0,0.0,-1,25,4397.969999999999,0.18,0.5,0.0,0.0,0.0,0,0,0.0,4178.91,1,0,0.0,8795.939999999999,2,0,0.0,8795.939999999999,2,0,0.0,0
LGS2ORD0015214,C015360,2025-05-01 11:00:00,Female,43,Bronze,Shopee,Bangkok,1360,Web,COD,11,5,3,0,40-50,45.333333333333336,5.0,1.0,0.2,68,4,10202.434,0.18,0.4,0.0,0.0,11351.44,1,0,0.0,13453.970000000001,3,0,0.0,51012.17,5,1,0.2,51012.17,5,1,0.2,1
LGS2ORD0015215,C015281,2025-05-01 12:00:00,Male,42,Bronze,TV,Chonburi,230,Shopee,COD,12,5,3,0,40-50,7.666666666666667,3.0,1.0,0.3333333333333333,48,25,2139.7633333333333,0.23,0.3333333333333333,0.6666666666666666,0.0,0.0,0,0,0.0,4552.95,1,0,0.0,6419.29,3,1,0.3333333333333333,6419.29,3,1,0.3333333333333333,1
LGS2ORD0015216,C015685,2025-05-01 12:00:00,Male,60,Silver,Lazada,Chonburi,1380,TV_Show,Bank_Transfer,12,5,3,0,>50,46.0,3.0,0.0,0.0,-1,49,7468.080000000001,0.2,0.6666666666666666,0.0,0.0,0.0,0,0,0.0,0.0,0,0,0.0,22404.24,3,0,0.0,22404.24,3,0,0.0,0
LGS2ORD0015217,C011975,2025-05-01 12:00:00,Male,59,Bronze,TV,Khon Kaen,883,Lazada,PromptPay,12,5,3,0,>50,29.433333333333334,0.0,0.0,0.0,-1,-1,0.0,0.0,0.0,0.0,0.0,0.0,0,0,0.0,0.0,0,0,0.0,0.0,0,0,0.0,0.0,0,0,0.0,0
LGS2ORD0015218,C017696,2025-05-01 12:00:00,Male,40,Silver,TV,Bangkok,1204,Web,COD,12,5,3,0,30-40,40.13333333333333,3.0,2.0,0.6666666666666666,37,39,7036.766666666666,0.2,0.6666666666666666,0.0,0.0,0.0,0,0,0.0,0.0,0,0,0.0,21110.3,3,2,0.6666666666666666,21110.3,3,2,0.6666666666666666,0
LGS2ORD0015219,C017669,2025-05-01 12:00:00,Female,33,Bronze,TV,Remote_Area,598,Web,COD,12,5,3,0,30-40,19.933333333333334,5.0,2.0,0.4,55,68,6512.032,0.23,0.6,0.2,0.0,0.0,0,0,0.0,0.0,0,0,0.0,17137.59,3,1,0.3333333333333333,32560.16,5,2,0.4,0
LGS2ORD0015220,C010194,2025-05-01 13:00:00,Female,51,Gold,TV,Remote_Area,1554,Shopee,COD,13,5,3,0,>50,51.8,1.0,0.0,0.0,-1,42,9217.6,0.13,1.0,0.0,0.0,0.0,0,0,0.0,0.0,0,0,0.0,9217.6,1,0,0.0,9217.6,1,0,0.0,1
LGS2ORD0015221,C012172,2025-05-01 13:00:00,Male,43,Silver,Web,Chiang Mai,415,Lazada,Credit_Card,13,5,3,0,40-50,13.833333333333334,0.0,0.0,0.0,-1,-1,0.0,0.0,0.0,0.0,0.0,0.0,0,0,0.0,0.0,0,0,0.0,0.0,0,0,0.0,0.0,0,0,0.0,0
LGS2ORD0015222,C016435,2025-05-01 13:00:00,Male,46,Silver,Web,Bangkok,1149,TV_Show,PromptPay,13,5,3,0,40-50,38.3,1.0,0.0,0.0,-1,79,4121.37,0.2,0.0,0.0,0.0,0.0,0,0,0.0,0.0,0,0,0.0,4121.37,1,0,0.0,4121.37,1,0,0.0,0
LGS2ORD0015223,C017322,2025-05-01 13:00:00,Female,18,Bronze,TV,Chiang Mai,1308,CallCenter,COD,13,5,3,0,<20,43.6,2.0,1.0,0.5,42,0,2870.42,0.28,1.0,1.0,0.0,4893.31,1,0,0.0,4893.31,1,0,0.0,5740.84,2,1,0.5,5740.84,2,1,0.5,0
LGS2ORD0015224,C015245,2025-05-01 13:00:00,Male,42,Gold,TV,Songkhla,1005,Web,PromptPay,13,5,3,0,40-50,33.5,2.0,0.0,0.0,-1,11,6441.139999999999,0.08,0.0,0.0,0.0,0.0,0,0,0.0,9341.82,1,0,0.0,9341.82,1,0,0.0,12882.279999999999,2,0,0.0,0
LGS2ORD0015225,C014413,2025-05-01 14:00:00,Male,21,Gold,CallCenter,Khon Kaen,399,Shopee,COD,14,5,3,0,20-30,13.3,2.0,1.0,0.5,108,51,3447.305,0.28,1.0,0.5,0.0,0.0,0,0,0.0,0.0,0,0,0.0,2183.21,1,0,0.0,6894.61,2,1,0.5,0
LGS2ORD0015226,C011493,2025-05-01 14:00:00,Female,40,Gold,TV,Chiang Mai,1079,TV_Show,COD,14,5,3,0,30-40,35.96666666666667,2.0,0.0,0.0,-1,98,18168.715,0.18,1.0,0.0,0.0,0.0,0,0,0.0,0.0,0,0,0.0,0.0,0,0,0.0,36337.43,2,0,0.0,0
LGS2ORD0015227,C014636,2025-05-01 14:00:00,Female,29,Bronze,TV,Remote_Area,1198,CallCenter,COD,14,5,3,0,20-30,39.93333333333333,4.0,1.0,0.25,12,18,6432.905,0.28,0.75,0.5,0.0,0.0,0,0,0.0,7895.29,2,1,0.5,25731.62,4,1,0.25,25731.62,4,1,0.25,1
LGS2ORD0015228,C014910,2025-05-01 14:00:00,Male,34,Bronze,Lazada,Nakhon Ratchasima,1457,Lazada,COD,14,5,3,0,30-40,48.56666666666667,1.0,1.0,1.0,53,60,982.18,0.03,1.0,0.0,0.0,0.0,0,0,0.0,0.0,0,0,0.0,982.18,1,1,1.0,982.18,1,1,1.0,0
LGS2ORD0015229,C012911,2025-05-01 14:00:00,Male,37,Bronze,Lazada,Chonburi,764,TV_Show,COD,14,5,3,0,30-40,25.466666666666665,5.0,0.0,0.0,-1,2,3787.486,0.28,0.4,0.4,0.0,11348.83,2,0,0.0,11348.83,2,0,0.0,14255.19,4,0,0.0,18937.43,5,0,0.0,0
LGS2ORD0015230,C011685,2025-05-01 14:00:00,Female,53,Gold,TV,Bangkok,1306,Web,COD,14,5,3,0,>50,43.53333333333333,1.0,0.0,0.0,-1,39,16500.26,0.33,0.0,1.0,0.0,0.0,0,0,0.0,0.0,0,0,0.0,16500.26,1,0,0.0,16500.26,1,0,0.0,1
LGS2ORD0015231,C010627,2025-05-01 15:00:00,Male,43,Silver,Shopee,Phuket,207,Shopee,COD,15,5,3,0,40-50,6.9,1.0,0.0,0.0,-1,101,2814.51,0.2,1.0,0.0,0.0,0.0,0,0,0.0,0.0,0,0,0.0,0.0,0,0,0.0,2814.51,1,0,0.0,1
LGS2ORD0015232,C016867,2025-05-01 15:00:00,Female,50,Silver,TV,Bangkok,1485,Lazada,COD,15,5,3,0,40-50,49.5,4.0,1.0,0.25,64,46,6476.55,0.15,0.75,0.0,0.0,0.0,0,0,0.0,0.0,0,0,0.0,24224.04,3,1,0.3333333333333333,25906.2,4,1,0.25,0
LGS2ORD0015233,C011310,2025-05-01 15:00:00,Female,43,Bronze,Shopee,Remote_Area,1547,TV_Show,COD,15,5,3,0,40-50,51.56666666666667,1.0,0.0,0.0,-1,91,1978.19,0.18,0.0,0.0,0.0,0.0,0,0,0.0,0.0,0,0,0.0,0.0,0,0,0.0,1978.19,1,0,0.0,0
LGS2ORD0015234,C016032,2025-05-01 15:00:00,Male,41,Bronze,CallCenter,Songkhla,674,Shopee,Bank_Transfer,15,5,3,0,40-50,22.466666666666665,0.0,0.0,0.0,-1,-1,0.0,0.0,0.0,0.0,0.0,0.0,0,0,0.0,0.0,0,0,0.0,0.0,0,0,0.0,0.0,0,0,0.0,0
LGS2ORD0015235,C015843,2025-05-01 15:00:00,Male,48,Bronze,Shopee,Songkhla,766,Web,COD,15,5,3,0,40-50,25.533333333333335,2.0,1.0,0.5,52,45,4952.52,0.08,0.0,0.0,0.0,0.0,0,0,0.0,0.0,0,0,0.0,9905.04,2,1,0.5,9905.04,2,1,0.5,1
LGS2ORD0015236,C011800,2025-05-01 16:00:00,Female,56,Gold,TV,Chonburi,1053,Web,COD,16,5,3,0,>50,35.1,2.0,1.0,0.5,55,72,1733.5149999999999,0.28,0.5,0.5,0.0,0.0,0,0,0.0,0.0,0,0,0.0,1989.08,1,1,1.0,3467.0299999999997,2,1,0.5,1
LGS2ORD0015237,C011083,2025-05-01 16:00:00,Female,43,Gold,Web,Chonburi,484,Shopee,Credit_Card,16,5,3,0,40-50,16.133333333333333,2.0,0.0,0.0,-1,17,2855.55,0.13,0.0,0.0,0.0,0.0,0,0,0.0,4408.33,1,0,0.0,5711.1,2,0,0.0,5711.1,2,0,0.0,0
LGS2ORD0015238,C011158,2025-05-01 16:00:00,Female,38,Silver,Lazada,Bangkok,410,Web,Credit_Card,16,5,3,0,30-40,13.666666666666666,1.0,0.0,0.0,-1,105,1832.13,0.2,0.0,0.0,0.0,0.0,0,0,0.0,0.0,0,0,0.0,0.0,0,0,0.0,1832.13,1,0,0.0,0
LGS2ORD0015239,C011926,2025-05-01 16:00:00,Male,47,Silver,Web,Nakhon Ratchasima,848,TV_Show,COD,16,5,3,0,40-50,28.266666666666666,1.0,0.0,0.0,-1,35,3544.78,0.1,1.0,0.0,0.0,0.0,0,0,0.0,0.0,0,0,0.0,3544.78,1,0,0.0,3544.78,1,0,0.0,1
LGS2ORD0015240,C016492,2025-05-01 16:00:00,Female,44,Silver,Web,Bangkok,1290,Lazada,COD,16,5,3,0,40-50,43.0,2.0,0.0,0.0,-1,19,2793.87,0.2,0.5,0.0,0.0,0.0,0,0,0.0,3910.28,1,0,0.0,3910.28,1,0,0.0,5587.74,2,0,0.0,0
LGS2ORD0015241,C014340,2025-05-01 17:00:00,Female,37,Bronze,TV,Chiang Mai,1460,Lazada,COD,17,5,3,0,30-40,48.666666666666664,1.0,0.0,0.0,-1,57,13073.06,0.08,0.0,0.0,0.0,0.0,0,0,0.0,0.0,0,0,0.0,13073.06,1,0,0.0,13073.06,1,0,0.0,0
LGS2ORD0015242,C014299,2025-05-01 17:00:00,Female,51,Silver,Shopee,Chiang Mai,1362,TV_Show,COD,17,5,3,0,>50,45.4,1.0,0.0,0.0,-1,24,1043.09,0.1,1.0,0.0,0.0,0.0,0,0,0.0,1043.09,1,0,0.0,1043.09,1,0,0.0,1043.09,1,0,0.0,1
LGS2ORD0015243,C014928,2025-05-01 17:00:00,Male,58,Bronze,Shopee,Bangkok,1455,Web,COD,17,5,3,0,>50,48.5,2.0,0.0,0.0,-1,25,812.915,0.23,0.5,0.5,0.0,0.0,0,0,0.0,912.63,1,0,0.0,912.63,1,0,0.0,1625.83,2,0,0.0,0
LGS2ORD0015244,C015249,2025-05-01 17:00:00,Male,61,Silver,Lazada,Khon Kaen,1382,Lazada,COD,17,5,3,0,>50,46.06666666666667,3.0,1.0,0.3333333333333333,0,0,1188.9733333333334,0.3,0.3333333333333333,0.3333333333333333,0.0,1530.67,1,0,0.0,2124.63,2,1,0.5,3566.92,3,1,0.3333333333333333,3566.92,3,1,0.3333333333333333,0
LGS2ORD0015245,C015731,2025-05-01 17:00:00,Female,48,Bronze,Lazada,Phuket,1512,CallCenter,COD,17,5,3,0,40-50,50.4,1.0,0.0,0.0,-1,8,1536.01,0.18,1.0,0.0,0.0,0.0,0,0,0.0,1536.01,1,0,0.0,1536.01,1,0,0.0,1536.01,1,0,0.0,0
LGS2ORD0015246,C010928,2025-05-01 18:00:00,Female,36,Silver,Web,Bangkok,343,Shopee,Credit_Card,18,5,3,0,30-40,11.433333333333334,1.0,0.0,0.0,-1,91,1447.82,0.05,0.0,0.0,0.0,0.0,0,0,0.0,0.0,0,0,0.0,0.0,0,0,0.0,1447.82,1,0,0.0,0
LGS2ORD0015247,C012564,2025-05-01 18:00:00,Female,46,Bronze,TV,Bangkok,493,Web,COD,18,5,3,0,40-50,16.433333333333334,3.0,1.0,0.3333333333333333,84,78,1466.5966666666666,0.28,0.6666666666666666,0.3333333333333333,0.0,0.0,0,0,0.0,0.0,0,0,0.0,2151.05,1,0,0.0,4399.79,3,1,0.3333333333333333,0
LGS2ORD0015248,C010931,2025-05-01 18:00:00,Female,53,Bronze,Shopee,Phuket,184,Web,COD,18,5,3,0,>50,6.133333333333334,1.0,1.0,1.0,61,65,10474.38,0.18,0.0,0.0,0.0,0.0,0,0,0.0,0.0,0,0,0.0,10474.38,1,1,1.0,10474.38,1,1,1.0,0
LGS2ORD0015249,C013194,2025-05-01 18:00:00,Male,22,Bronze,TV,Bangkok,532,Web,Credit_Card,18,5,3,0,20-30,17.733333333333334,2.0,0.0,0.0,-1,74,5464.045,0.23,0.5,0.5,0.0,0.0,0,0,0.0,0.0,0,0,0.0,4367.19,1,0,0.0,10928.09,2,0,0.0,0
LGS2ORD0015250,C015927,2025-05-01 18:00:00,Male,52,Bronze,Lazada,Bangkok,1055,Web,Credit_Card,18,5,3,0,>50,35.166666666666664,3.0,0.0,0.0,-1,2,3768.9733333333334,0.23,0.3333333333333333,0.3333333333333333,0.0,701.34,1,0,0.0,701.34,1,0,0.0,9112.02,2,0,0.0,11306.92,3,0,0.0,1
LGS2ORD0015251,C011763,2025-05-01 18:00:00,Male,50,Silver,TV,Bangkok,902,TV_Show,Bank_Transfer,18,5,3,0,40-50,30.066666666666666,4.0,1.0,0.25,17,25,3442.7875000000004,0.15,0.25,0.0,0.0,0.0,0,0,0.0,8176.18,1,1,1.0,13161.900000000001,3,1,0.3333333333333333,13771.150000000001,4,1,0.25,1
LGS2ORD0015252,C014894,2025-05-01 19:00:00,Male,47,Silver,TV,Chonburi,797,Shopee,COD,19,5,3,0,40-50,26.566666666666666,3.0,0.0,0.0,-1,55,6562.84,0.25,0.3333333333333333,0.6666666666666666,0.0,0.0,0,0,0.0,0.0,0,0,0.0,19688.52,3,0,0.0,19688.52,3,0,0.0,1
LGS2ORD0015253,C017323,2025-05-01 19:00:00,Male,52,Silver,TV,Bangkok,1385,Lazada,COD,19,5,3,0,>50,46.166666666666664,0.0,0.0,0.0,-1,-1,0.0,0.0,0.0,0.0,0.0,0.0,0,0,0.0,0.0,0,0,0.0,0.0,0,0,0.0,0.0,0,0,0.0,0
LGS2ORD0015254,C014594,2025-05-01 19:00:00,Female,41,Silver,CallCenter,Nakhon Ratchasima,1341,Shopee,COD,19,5,3,0,40-50,44.7,3.0,0.0,0.0,-1,42,5387.576666666667,0.2,0.6666666666666666,0.0,0.0,0.0,0,0,0.0,0.0,0,0,0.0,16162.73,3,0,0.0,16162.73,3,0,0.0,1
LGS2ORD0015255,C014598,2025-05-01 19:00:00,Male,54,Bronze,TV,Bangkok,1497,TV_Show,COD,19,5,3,0,>50,49.9,1.0,1.0,1.0,102,116,889.03,0.03,1.0,0.0,0.0,0.0,0,0,0.0,0.0,0,0,0.0,0.0,0,0,0.0,889.03,1,1,1.0,0
LGS2ORD0015256,C017087,2025-05-01 19:00:00,Other,53,Silver,TV,Remote_Area,1199,TV_Show,COD,19,5,3,0,>50,39.96666666666667,1.0,0.0,0.0,-1,97,9093.15,0.05,0.0,0.0,0.0,0.0,0,0,0.0,0.0,0,0,0.0,0.0,0,0,0.0,9093.15,1,0,0.0,1
LGS2ORD0015257,C017097,2025-05-01 20:00:00,Male,42,Silver,Shopee,Chiang Mai,356,Lazada,COD,20,5,3,0,40-50,11.866666666666667,5.0,1.0,0.2,111,12,2773.75,0.3,0.8,0.2,0.0,0.0,0,0,0.0,2804.4,2,0,0.0,12223.789999999999,4,0,0.0,13868.75,5,1,0.2,0
LGS2ORD0015258,C012763,2025-05-01 20:00:00,Male,27,Bronze,Web,Chonburi,912,Shopee,Bank_Transfer,20,5,3,0,20-30,30.4,1.0,0.0,0.0,-1,91,4253.7,0.03,0.0,0.0,0.0,0.0,0,0,0.0,0.0,0,0,0.0,0.0,0,0,0.0,4253.7,1,0,0.0,0
LGS2ORD0015259,C017931,2025-05-01 20:00:00,Female,72,Gold,Shopee,Chiang Mai,226,Lazada,COD,20,5,3,0,>50,7.533333333333333,3.0,0.0,0.0,-1,52,1778.0,0.28,0.0,0.3333333333333333,0.0,0.0,0,0,0.0,0.0,0,0,0.0,5334.0,3,0,0.0,5334.0,3,0,0.0,1
LGS2ORD0015260,C011768,2025-05-01 20:00:00,Male,31,Bronze,Lazada,Songkhla,1179,Shopee,COD,20,5,3,0,30-40,39.3,2.0,0.0,0.0,-1,10,5196.745,0.08,1.0,0.0,0.0,0.0,0,0,0.0,8382.55,1,0,0.0,10393.49,2,0,0.0,10393.49,2,0,0.0,0
LGS2ORD0015261,C012358,2025-05-01 20:00:00,Male,63,Bronze,TV,Nakhon Ratchasima,1085,Web,COD,20,5,3,0,>50,36.166666666666664,1.0,0.0,0.0,-1,16,9014.29,0.28,1.0,1.0,0.0,0.0,0,0,0.0,9014.29,1,0,0.0,9014.29,1,0,0.0,9014.29,1,0,0.0,0
LGS2ORD0015262,C014567,2025-05-01 21:00:00,Female,45,Silver,Shopee,Bangkok,151,Shopee,Credit_Card,21,5,3,0,40-50,5.033333333333333,2.0,2.0,1.0,104,107,3865.0249999999996,0.2,0.0,0.0,0.0,0.0,0,0,0.0,0.0,0,0,0.0,0.0,0,0,0.0,7730.049999999999,2,2,1.0,1
LGS2ORD0015263,C015952,2025-05-01 21:00:00,Other,41,Silver,Shopee,Khon Kaen,310,TV_Show,PromptPay,21,5,3,0,40-50,10.333333333333334,1.0,0.0,0.0,-1,85,1304.61,0.1,1.0,0.0,0.0,0.0,0,0,0.0,0.0,0,0,0.0,1304.61,1,0,0.0,1304.61,1,0,0.0,0
LGS2ORD0015264,C014177,2025-05-01 21:00:00,Male,61,Platinum,Shopee,Chiang Mai,1200,Lazada,COD,21,5,3,0,>50,40.0,4.0,1.0,0.25,52,60,4044.3999999999996,0.35,0.75,1.0,0.0,0.0,0,0,0.0,0.0,0,0,0.0,6044.47,3,1,0.3333333333333333,16177.599999999999,4,1,0.25,0
LGS2ORD0015265,C011933,2025-05-01 21:00:00,Male,43,Bronze,TV,Bangkok,1544,CallCenter,PromptPay,21,5,3,0,40-50,51.46666666666667,3.0,1.0,0.3333333333333333,12,21,8602.403333333334,0.23,1.0,0.3333333333333333,0.0,0.0,0,0,0.0,9418.66,1,1,1.0,25807.21,3,1,0.3333333333333333,25807.21,3,1,0.3333333333333333,0
LGS2ORD0015266,C015343,2025-05-01 21:00:00,Female,30,Gold,Web,Bangkok,1382,Lazada,COD,21,5,3,0,20-30,46.06666666666667,1.0,0.0,0.0,-1,61,634.75,0.08,0.0,0.0,0.0,0.0,0,0,0.0,0.0,0,0,0.0,634.75,1,0,0.0,634.75,1,0,0.0,0
LGS2ORD0015267,C017009,2025-05-01 22:00:00,Male,20,Gold,Lazada,Chiang Mai,867,Shopee,COD,22,5,3,0,<20,28.9,3.0,1.0,0.3333333333333333,58,31,3097.31,0.28,0.6666666666666666,0.6666666666666666,0.0,0.0,0,0,0.0,0.0,0,0,0.0,8073.51,2,1,0.5,9291.93,3,1,0.3333333333333333,0
LGS2ORD0015268,C016027,2025-05-01 22:00:00,Male,34,Gold,Web,Bangkok,1347,Lazada,COD,22,5,3,0,30-40,44.9,4.0,1.0,0.25,102,1,9250.0275,0.2299999999999999,0.5,0.75,0.0,870.72,1,0,0.0,870.72,1,0,0.0,35108.19,3,0,0.0,37000.11,4,1,0.25,0
LGS2ORD0015269,C013886,2025-05-01 22:00:00,Male,33,Silver,CallCenter,Bangkok,1326,Shopee,COD,22,5,3,0,30-40,44.2,0.0,0.0,0.0,-1,-1,0.0,0.0,0.0,0.0,0.0,0.0,0,0,0.0,0.0,0,0,0.0,0.0,0,0,0.0,0.0,0,0,0.0,0
LGS2ORD0015270,C012748,2025-05-01 22:00:00,Male,57,Bronze,TV,Bangkok,1235,Lazada,COD,22,5,3,0,>50,41.166666666666664,1.0,0.0,0.0,-1,110,6961.25,0.18,0.0,0.0,0.0,0.0,0,0,0.0,0.0,0,0,0.0,0.0,0,0,0.0,6961.25,1,0,0.0,0
LGS2ORD0015271,C017385,2025-05-01 22:00:00,Male,66,Bronze,Lazada,Bangkok,1128,Shopee,PromptPay,22,5,3,0,>50,37.6,1.0,0.0,0.0,-1,25,10760.47,0.03,1.0,0.0,0.0,0.0,0,0,0.0,10760.47,1,0,0.0,10760.47,1,0,0.0,10760.47,1,0,0.0,0
LGS2ORD0015272,C016155,2025-05-01 22:00:00,Female,54,Bronze,TV,Chiang Mai,1176,Shopee,COD,22,5,3,0,>50,39.2,2.0,0.0,0.0,-1,41,6793.43,0.18,0.5,0.0,0.0,0.0,0,0,0.0,0.0,0,0,0.0,10058.04,1,0,0.0,13586.86,2,0,0.0,0
LGS2ORD0015273,C015385,2025-05-01 23:00:00,Male,46,Gold,Lazada,Nakhon Ratchasima,370,Shopee,Credit_Card,23,5,3,0,40-50,12.333333333333334,0.0,0.0,0.0,-1,-1,0.0,0.0,0.0,0.0,0.0,0.0,0,0,0.0,0.0,0,0,0.0,0.0,0,0,0.0,0.0,0,0,0.0,0
LGS2ORD0015274,C013809,2025-05-01 23:00:00,Female,48,Platinum,Web,Chiang Mai,300,Shopee,Credit_Card,23,5,3,0,40-50,10.0,1.0,0.0,0.0,-1,97,5733.45,0.3,0.0,1.0,0.0,0.0,0,0,0.0,0.0,0,0,0.0,0.0,0,0,0.0,5733.45,1,0,0.0,0
LGS2ORD0015275,C016295,2025-05-01 23:00:00,Female,25,Silver,TV,Bangkok,362,Shopee,PromptPay,23,5,3,0,20-30,12.066666666666666,4.0,0.0,0.0,-1,14,3908.4325,0.3,0.25,0.75,0.0,0.0,0,0,0.0,980.27,1,0,0.0,4090.9,2,0,0.0,15633.73,4,0,0.0,1
LGS2ORD0015276,C012662,2025-05-01 23:00:00,Female,31,Silver,CallCenter,Chonburi,292,Web,COD,23,5,3,0,30-40,9.733333333333333,2.0,0.0,0.0,-1,42,785.495,0.25,0.0,0.5,0.0,0.0,0,0,0.0,0.0,0,0,0.0,1570.99,2,0,0.0,1570.99,2,0,0.0,0
LGS2ORD0015277,C014727,2025-05-01 23:00:00,Male,24,Bronze,Shopee,Bangkok,813,Web,Credit_Card,23,5,3,0,20-30,27.1,2.0,0.0,0.0,-1,49,1525.6,0.08,0.5,0.0,0.0,0.0,0,0,0.0,0.0,0,0,0.0,3051.2,2,0,0.0,3051.2,2,0,0.0,0
LGS2ORD0015278,C010762,2025-05-02 00:00:00,Female,67,Bronze,TV,Chonburi,402,Shopee,COD,0,5,4,0,>50,13.4,1.0,1.0,1.0,64,67,20971.67,0.18,0.0,0.0,0.0,0.0,0,0,0.0,0.0,0,0,0.0,20971.67,1,1,1.0,20971.67,1,1,1.0,0
LGS2ORD0015279,C013446,2025-05-02 00:00:00,Male,41,Gold,TV,Chiang Mai,141,Web,COD,0,5,4,0,40-50,4.7,3.0,0.0,0.0,-1,53,1461.01,0.2299999999999999,0.3333333333333333,0.3333333333333333,0.0,0.0,0,0,0.0,0.0,0,0,0.0,1612.92,2,0,0.0,4383.03,3,0,0.0,0
LGS2ORD0015280,C011377,2025-05-02 00:00:00,Female,21,Bronze,TV,Phuket,502,Shopee,COD,0,5,4,0,20-30,16.733333333333334,1.0,0.0,0.0,-1,16,9167.02,0.03,1.0,0.0,0.0,0.0,0,0,0.0,9167.02,1,0,0.0,9167.02,1,0,0.0,9167.02,1,0,0.0,1
LGS2ORD0015281,C010083,2025-05-02 00:00:00,Male,45,Gold,TV,Khon Kaen,276,Lazada,COD,0,5,4,0,40-50,9.2,4.0,1.0,0.25,43,38,5030.8075,0.2299999999999999,0.5,0.25,0.0,0.0,0,0,0.0,0.0,0,0,0.0,17940.81,3,1,0.3333333333333333,20123.23,4,1,0.25,0
LGS2ORD0015282,C016865,2025-05-02 00:00:00,Male,30,Gold,Web,Bangkok,1110,CallCenter,COD,0,5,4,0,20-30,37.0,2.0,1.0,0.5,22,25,9681.14,0.28,0.5,0.5,0.0,0.0,0,0,0.0,8379.07,1,1,1.0,19362.28,2,1,0.5,19362.28,2,1,0.5,0
LGS2ORD0015283,C015391,2025-05-02 01:00:00,Male,64,Gold,Web,Bangkok,325,Web,COD,1,5,4,0,>50,10.833333333333334,1.0,0.0,0.0,-1,112,3146.03,0.08,0.0,0.0,0.0,0.0,0,0,0.0,0.0,0,0,0.0,0.0,0,0,0.0,3146.03,1,0,0.0,0
LGS2ORD0015284,C017678,2025-05-02 01:00:00,Male,18,Bronze,Shopee,Remote_Area,1218,TV_Show,COD,1,5,4,0,<20,40.6,7.0,3.0,0.42857142857142855,16,30,2393.7671428571434,0.23,0.2857142857142857,0.14285714285714285,0.14285714285714285,0.0,0,0,0.0,0.0,0,0,0.0,14742.199999999999,6,3,0.5,16756.370000000003,7,3,0.42857142857142855,0
LGS2ORD0015285,C017769,2025-05-02 01:00:00,Female,55,Silver,Lazada,Remote_Area,351,TV_Show,COD,1,5,4,0,>50,11.7,3.0,0.0,0.0,-1,18,1334.1733333333334,0.3,0.3333333333333333,0.3333333333333333,0.0,0.0,0,0,0.0,1576.33,1,0,0.0,4002.52,3,0,0.0,4002.52,3,0,0.0,0
LGS2ORD0015286,C011554,2025-05-02 01:00:00,Male,40,Bronze,TV,Remote_Area,762,Shopee,COD,1,5,4,0,30-40,25.4,5.0,1.0,0.2,15,18,2320.932,0.28,0.8,0.6,0.0,0.0,0,0,0.0,10281.75,3,1,0.3333333333333333,10858.01,4,1,0.25,11604.66,5,1,0.2,0
LGS2ORD0015287,C010767,2025-05-02 01:00:00,Male,27,Bronze,CallCenter,Chonburi,510,Lazada,COD,1,5,4,0,20-30,17.0,2.0,0.0,0.0,-1,26,2483.61,0.13,0.0,0.0,0.0,0.0,0,0,0.0,4336.88,1,0,0.0,4967.22,2,0,0.0,4967.22,2,0,0.0,0
LGS2ORD0015288,C014141,2025-05-02 02:00:00,Male,25,Bronze,Lazada,Nakhon Ratchasima,710,TV_Show,PromptPay,2,5,4,0,20-30,23.666666666666668,3.0,1.0,0.3333333333333333,36,23,7721.37,0.18,0.6666666666666666,0.0,0.0,0.0,0,0,0.0,4245.95,1,0,0.0,17629.9,2,1,0.5,23164.11,3,1,0.3333333333333333,0
LGS2ORD0015289,C012921,2025-05-02 02:00:00,Male,54,Bronze,Lazada,Bangkok,507,TV_Show,PromptPay,2,5,4,0,>50,16.9,0.0,0.0,0.0,-1,-1,0.0,0.0,0.0,0.0,0.0,0.0,0,0,0.0,0.0,0,0,0.0,0.0,0,0,0.0,0.0,0,0,0.0,0
LGS2ORD0015290,C016526,2025-05-02 02:00:00,Female,57,Silver,Lazada,Khon Kaen,187,TV_Show,COD,2,5,4,0,>50,6.233333333333333,4.0,0.0,0.0,-1,55,3631.7925000000005,0.05,0.75,0.0,0.0,0.0,0,0,0.0,0.0,0,0,0.0,3727.79,2,0,0.0,14527.170000000002,4,0,0.0,1
LGS2ORD0015291,C015667,2025-05-02 02:00:00,Female,35,Platinum,TV,Bangkok,707,TV_Show,COD,2,5,4,0,30-40,23.566666666666666,0.0,0.0,0.0,-1,-1,0.0,0.0,0.0,0.0,0.0,0.0,0,0,0.0,0.0,0,0,0.0,0.0,0,0,0.0,0.0,0,0,0.0,1
LGS2ORD0015292,C012335,2025-05-02 02:00:00,Female,55,Gold,CallCenter,Bangkok,623,Web,COD,2,5,4,0,>50,20.766666666666666,2.0,0.0,0.0,-1,75,5590.905000000001,0.33,0.5,0.5,0.0,0.0,0,0,0.0,0.0,0,0,0.0,11181.810000000001,2,0,0.0,11181.810000000001,2,0,0.0,0
LGS2ORD0015293,C010667,2025-05-02 02:00:00,Other,72,Bronze,Shopee,Remote_Area,772,TV_Show,Credit_Card,2,5,4,0,>50,25.733333333333334,3.0,2.0,0.6666666666666666,6,15,11194.143333333333,0.18,0.6666666666666666,0.0,0.3333333333333333,0.0,0,0,0.0,13058.16,2,1,0.5,33582.43,3,2,0.6666666666666666,33582.43,3,2,0.6666666666666666,0
LGS2ORD0015294,C015889,2025-05-02 03:00:00,Female,36,Silver,TV,Bangkok,908,Shopee,Bank_Transfer,3,5,4,0,30-40,30.266666666666666,1.0,0.0,0.0,-1,2,960.01,0.1,1.0,0.0,0.0,960.01,1,0,0.0,960.01,1,0,0.0,960.01,1,0,0.0,960.01,1,0,0.0,0
LGS2ORD0015295,C013808,2025-05-02 03:00:00,Female,34,Bronze,Shopee,Bangkok,975,Web,COD,3,5,4,0,30-40,32.5,2.0,0.0,0.0,-1,14,2997.83,0.28,0.0,0.5,0.0,0.0,0,0,0.0,3086.34,1,0,0.0,5995.66,2,0,0.0,5995.66,2,0,0.0,0
LGS2ORD0015296,C011137,2025-05-02 03:00:00,Female,26,Platinum,Web,Khon Kaen,1574,Shopee,COD,3,5,4,0,20-30,52.46666666666667,3.0,1.0,0.3333333333333333,64,16,4212.833333333333,0.15,0.3333333333333333,0.0,0.0,0.0,0,0,0.0,273.17,1,0,0.0,12638.5,3,1,0.3333333333333333,12638.5,3,1,0.3333333333333333,1
LGS2ORD0015297,C015582,2025-05-02 03:00:00,Female,29,Bronze,Web,Chonburi,203,CallCenter,Credit_Card,3,5,4,0,20-30,6.766666666666667,3.0,0.0,0.0,-1,3,2257.7433333333333,0.28,0.6666666666666666,0.6666666666666666,0.0,539.73,1,0,0.0,539.73,1,0,0.0,6148.469999999999,2,0,0.0,6773.23,3,0,0.0,0
LGS2ORD0015298,C014052,2025-05-02 03:00:00,Male,38,Bronze,Web,Nakhon Ratchasima,795,CallCenter,COD,3,5,4,0,30-40,26.5,3.0,1.0,0.3333333333333333,40,54,4956.186666666667,0.28,0.6666666666666666,0.3333333333333333,0.0,0.0,0,0,0.0,0.0,0,0,0.0,14868.560000000001,3,1,0.3333333333333333,14868.560000000001,3,1,0.3333333333333333,1
LGS2ORD0015299,C014386,2025-05-02 04:00:00,Male,64,Bronze,TV,Chiang Mai,913,TV_Show,COD,4,5,4,0,>50,30.433333333333334,3.0,0.0,0.0,-1,22,9669.076666666666,0.13,0.6666666666666666,0.0,0.0,0.0,0,0,0.0,11957.66,1,0,0.0,29007.23,3,0,0.0,29007.23,3,0,0.0,1
LGS2ORD0015300,C011467,2025-05-02 04:00:00,Female,45,Bronze,Shopee,Chiang Mai,612,TV_Show,Bank_Transfer,4,5,4,0,40-50,20.4,1.0,1.0,1.0,43,45,13680.76,0.23,1.0,1.0,0.0,0.0,0,0,0.0,0.0,0,0,0.0,13680.76,1,1,1.0,13680.76,1,1,1.0,0
LGS2ORD0015301,C014110,2025-05-02 04:00:00,Male,60,Bronze,Shopee,Chiang Mai,653,TV_Show,COD,4,5,4,0,>50,21.766666666666666,3.0,0.0,0.0,-1,11,829.31,0.23,0.3333333333333333,0.3333333333333333,0.0,0.0,0,0,0.0,998.32,1,0,0.0,2284.68,2,0,0.0,2487.93,3,0,0.0,0
LGS2ORD0015302,C013227,2025-05-02 04:00:00,Male,48,Silver,CallCenter,Chiang Mai,1317,Web,PromptPay,4,5,4,0,40-50,43.9,1.0,0.0,0.0,-1,87,11342.37,0.05,0.0,0.0,0.0,0.0,0,0,0.0,0.0,0,0,0.0,11342.37,1,0,0.0,11342.37,1,0,0.0,0
LGS2ORD0015303,C017609,2025-05-02 04:00:00,Female,68,Gold,Web,Khon Kaen,241,TV_Show,PromptPay,4,5,4,0,>50,8.033333333333333,0.0,0.0,0.0,-1,-1,0.0,0.0,0.0,0.0,0.0,0.0,0,0,0.0,0.0,0,0,0.0,0.0,0,0,0.0,0.0,0,0,0.0,0
LGS2ORD0015304,C011797,2025-05-02 05:00:00,Female,38,Bronze,TV,Chiang Mai,1341,Web,Bank_Transfer,5,5,4,0,30-40,44.7,1.0,0.0,0.0,-1,13,12733.01,0.08,1.0,0.0,0.0,0.0,0,0,0.0,12733.01,1,0,0.0,12733.01,1,0,0.0,12733.01,1,0,0.0,0
LGS2ORD0015305,C015997,2025-05-02 05:00:00,Male,49,Gold,Lazada,Bangkok,356,Shopee,Bank_Transfer,5,5,4,0,40-50,11.866666666666667,0.0,0.0,0.0,-1,-1,0.0,0.0,0.0,0.0,0.0,0.0,0,0,0.0,0.0,0,0,0.0,0.0,0,0,0.0,0.0,0,0,0.0,0
LGS2ORD0015306,C015002,2025-05-02 05:00:00,Female,39,Bronze,Lazada,Nakhon Ratchasima,1518,TV_Show,Credit_Card,5,5,4,0,30-40,50.6,1.0,0.0,0.0,-1,91,1757.54,0.18,0.0,0.0,0.0,0.0,0,0,0.0,0.0,0,0,0.0,0.0,0,0,0.0,1757.54,1,0,0.0,0
LGS2ORD0015307,C012079,2025-05-02 05:00:00,Female,39,Silver,Lazada,Remote_Area,260,TV_Show,COD,5,5,4,0,30-40,8.666666666666666,1.0,1.0,1.0,6,15,2356.96,0.25,1.0,1.0,0.0,0.0,0,0,0.0,2356.96,1,1,1.0,2356.96,1,1,1.0,2356.96,1,1,1.0,0
LGS2ORD0015308,C012484,2025-05-02 05:00:00,Male,52,Silver,CallCenter,Phuket,341,Web,COD,5,5,4,0,>50,11.366666666666667,0.0,0.0,0.0,-1,-1,0.0,0.0,0.0,0.0,0.0,0.0,0,0,0.0,0.0,0,0,0.0,0.0,0,0,0.0,0.0,0,0,0.0,1
LGS2ORD0015309,C016598,2025-05-02 05:00:00,Female,47,Gold,Shopee,Bangkok,1226,CallCenter,COD,5,5,4,0,40-50,40.86666666666667,0.0,0.0,0.0,-1,-1,0.0,0.0,0.0,0.0,0.0,0.0,0,0,0.0,0.0,0,0,0.0,0.0,0,0,0.0,0.0,0,0,0.0,0
LGS2ORD0015310,C015912,2025-05-02 06:00:00,Male,44,Silver,Lazada,Khon Kaen,1370,TV_Show,COD,6,5,4,0,40-50,45.666666666666664,2.0,1.0,0.5,20,21,6029.8099999999995,0.3,1.0,1.0,0.0,0.0,0,0,0.0,7733.2,1,0,0.0,12059.619999999999,2,1,0.5,12059.619999999999,2,1,0.5,0
LGS2ORD0015311,C014656,2025-05-02 06:00:00,Male,39,Silver,Shopee,Bangkok,238,CallCenter,COD,6,5,4,0,30-40,7.933333333333334,1.0,1.0,1.0,0,7,1210.03,0.25,1.0,1.0,0.0,0.0,0,0,0.0,1210.03,1,1,1.0,1210.03,1,1,1.0,1210.03,1,1,1.0,0
LGS2ORD0015312,C010464,2025-05-02 06:00:00,Female,45,Gold,CallCenter,Bangkok,296,CallCenter,PromptPay,6,5,4,0,40-50,9.866666666666667,2.0,0.0,0.0,-1,42,2094.26,0.2299999999999999,0.0,0.5,0.0,0.0,0,0,0.0,0.0,0,0,0.0,4188.52,2,0,0.0,4188.52,2,0,0.0,0
LGS2ORD0015313,C011154,2025-05-02 06:00:00,Male,18,Bronze,Web,Nakhon Ratchasima,1124,TV_Show,Bank_Transfer,6,5,4,0,<20,37.46666666666667,1.0,0.0,0.0,-1,65,7301.8,0.18,0.0,0.0,0.0,0.0,0,0,0.0,0.0,0,0,0.0,7301.8,1,0,0.0,7301.8,1,0,0.0,0
LGS2ORD0015314,C016487,2025-05-02 06:00:00,Male,38,Silver,Web,Songkhla,893,CallCenter,COD,6,5,4,0,30-40,29.766666666666666,2.0,1.0,0.5,35,41,12708.849999999999,0.25,0.5,0.5,0.0,0.0,0,0,0.0,0.0,0,0,0.0,25417.699999999997,2,1,0.5,25417.699999999997,2,1,0.5,1
LGS2ORD0015315,C016862,2025-05-02 07:00:00,Female,54,Bronze,CallCenter,Remote_Area,241,CallCenter,COD,7,5,4,0,>50,8.033333333333333,0.0,0.0,0.0,-1,-1,0.0,0.0,0.0,0.0,0.0,0.0,0,0,0.0,0.0,0,0,0.0,0.0,0,0,0.0,0.0,0,0,0.0,1
LGS2ORD0015316,C015911,2025-05-02 07:00:00,Male,23,Platinum,Web,Bangkok,430,CallCenter,Bank_Transfer,7,5,4,0,20-30,14.333333333333334,3.0,0.0,0.0,-1,68,5307.336666666666,0.25,0.3333333333333333,0.3333333333333333,0.0,0.0,0,0,0.0,0.0,0,0,0.0,4534.78,1,0,0.0,15922.009999999998,3,0,0.0,0
LGS2ORD0015317,C017078,2025-05-02 07:00:00,Male,53,Gold,Shopee,Chiang Mai,876,Web,COD,7,5,4,0,>50,29.2,0.0,0.0,0.0,-1,-1,0.0,0.0,0.0,0.0,0.0,0.0,0,0,0.0,0.0,0,0,0.0,0.0,0,0,0.0,0.0,0,0,0.0,0
LGS2ORD0015318,C016581,2025-05-02 07:00:00,Female,35,Gold,Shopee,Nakhon Ratchasima,1423,Lazada,PromptPay,7,5,4,0,30-40,47.43333333333333,1.0,0.0,0.0,-1,60,2811.38,0.2299999999999999,0.0,1.0,0.0,0.0,0,0,0.0,0.0,0,0,0.0,2811.38,1,0,0.0,2811.38,1,0,0.0,0
LGS2ORD0015319,C016868,2025-05-02 07:00:00,Male,33,Silver,Lazada,Khon Kaen,1556,CallCenter,COD,7,5,4,0,30-40,51.86666666666667,1.0,0.0,0.0,-1,100,1454.36,0.15,0.0,0.0,0.0,0.0,0,0,0.0,0.0,0,0,0.0,0.0,0,0,0.0,1454.36,1,0,0.0,0
LGS2ORD0015320,C014608,2025-05-02 08:00:00,Female,50,Bronze,Lazada,Nakhon Ratchasima,1420,TV_Show,Bank_Transfer,8,5,4,0,40-50,47.333333333333336,3.0,1.0,0.3333333333333333,44,27,3654.53,0.23,0.6666666666666666,0.6666666666666666,0.0,0.0,0,0,0.0,3125.2,1,0,0.0,10963.59,3,1,0.3333333333333333,10963.59,3,1,0.3333333333333333,0
LGS2ORD0015321,C016614,2025-05-02 08:00:00,Male,21,Bronze,Web,Bangkok,625,Lazada,Bank_Transfer,8,5,4,0,20-30,20.833333333333332,1.0,0.0,0.0,-1,66,2924.95,0.03,0.0,0.0,0.0,0.0,0,0,0.0,0.0,0,0,0.0,2924.95,1,0,0.0,2924.95,1,0,0.0,0
LGS2ORD0015322,C015291,2025-05-02 08:00:00,Female,32,Platinum,Shopee,Bangkok,1183,TV_Show,PromptPay,8,5,4,0,30-40,39.43333333333333,4.0,0.0,0.0,-1,30,4184.385,0.3,1.0,0.5,0.0,0.0,0,0,0.0,0.0,0,0,0.0,16737.54,4,0,0.0,16737.54,4,0,0.0,0
LGS2ORD0015323,C012044,2025-05-02 08:00:00,Female,66,Bronze,Shopee,Chonburi,1351,TV_Show,PromptPay,8,5,4,0,>50,45.03333333333333,2.0,0.0,0.0,-1,7,2816.025,0.18,1.0,0.0,0.0,0.0,0,0,0.0,5632.05,2,0,0.0,5632.05,2,0,0.0,5632.05,2,0,0.0,0
LGS2ORD0015324,C016957,2025-05-02 08:00:00,Female,50,Silver,TV,Bangkok,905,TV_Show,COD,8,5,4,0,40-50,30.166666666666668,1.0,1.0,1.0,48,59,18362.0,0.25,0.0,1.0,0.0,0.0,0,0,0.0,0.0,0,0,0.0,18362.0,1,1,1.0,18362.0,1,1,1.0,0
LGS2ORD0015325,C016271,2025-05-02 09:00:00,Female,53,Silver,TV,Bangkok,1019,Web,Bank_Transfer,9,5,4,0,>50,33.96666666666667,0.0,0.0,0.0,-1,-1,0.0,0.0,0.0,0.0,0.0,0.0,0,0,0.0,0.0,0,0,0.0,0.0,0,0,0.0,0.0,0,0,0.0,0
LGS2ORD0015326,C017670,2025-05-02 09:00:00,Male,58,Gold,Shopee,Phuket,373,Shopee,Credit_Card,9,5,4,0,>50,12.433333333333334,1.0,1.0,1.0,74,85,6027.2,0.33,1.0,1.0,0.0,0.0,0,0,0.0,0.0,0,0,0.0,6027.2,1,1,1.0,6027.2,1,1,1.0,0
LGS2ORD0015327,C017414,2025-05-02 09:00:00,Male,35,Bronze,TV,Khon Kaen,1224,Shopee,COD,9,5,4,0,30-40,40.8,7.0,3.0,0.42857142857142855,-3,3,3613.4857142857145,0.28,0.5714285714285714,0.42857142857142855,0.0,3469.39,2,1,0.5,3469.39,2,1,0.5,15165.26,4,2,0.5,25294.4,7,3,0.42857142857142855,1
LGS2ORD0015328,C011667,2025-05-02 09:00:00,Male,41,Bronze,Shopee,Remote_Area,479,CallCenter,COD,9,5,4,0,40-50,15.966666666666667,2.0,1.0,0.5,-10,1,2353.825,0.18,0.5,0.0,0.0,2088.45,1,1,1.0,2088.45,1,1,1.0,4707.65,2,1,0.5,4707.65,2,1,0.5,0
LGS2ORD0015329,C017565,2025-05-02 09:00:00,Male,59,Gold,Lazada,Phuket,373,Lazada,Bank_Transfer,9,5,4,0,>50,12.433333333333334,3.0,2.0,0.6666666666666666,6,18,4468.426666666667,0.33,0.6666666666666666,0.6666666666666666,0.0,0.0,0,0,0.0,465.07,1,1,1.0,4768.42,2,1,0.5,13405.28,3,2,0.6666666666666666,0
LGS2ORD0015330,C012305,2025-05-02 09:00:00,Female,43,Gold,Web,Khon Kaen,1516,TV_Show,PromptPay,9,5,4,0,40-50,50.53333333333333,3.0,0.0,0.0,-1,13,3888.86,0.33,1.0,0.3333333333333333,0.0,0.0,0,0,0.0,7284.5,1,0,0.0,10486.78,2,0,0.0,11666.58,3,0,0.0,0
LGS2ORD0015331,C012748,2025-05-02 10:00:00,Male,57,Bronze,TV,Bangkok,1236,TV_Show,Bank_Transfer,10,5,4,0,>50,41.2,2.0,0.0,0.0,-1,0,5037.035,0.18,0.5,0.0,0.0,3112.82,1,0,0.0,3112.82,1,0,0.0,3112.82,1,0,0.0,10074.07,2,0,0.0,0
LGS2ORD0015332,C016839,2025-05-02 10:00:00,Female,32,Silver,TV,Phuket,766,Shopee,COD,10,5,4,0,30-40,25.533333333333335,2.0,1.0,0.5,5,15,1739.1799999999998,0.1,0.5,0.0,0.0,0.0,0,0,0.0,1506.08,1,1,1.0,1506.08,1,1,1.0,3478.3599999999997,2,1,0.5,0
LGS2ORD0015333,C011523,2025-05-02 10:00:00,Female,31,Silver,TV,Bangkok,329,Shopee,COD,10,5,4,0,30-40,10.966666666666667,3.0,1.0,0.3333333333333333,-8,2,601.9233333333333,0.25,0.3333333333333333,0.3333333333333333,0.0,953.33,1,1,1.0,953.33,1,1,1.0,1367.58,2,1,0.5,1805.77,3,1,0.3333333333333333,0
LGS2ORD0015334,C011081,2025-05-02 10:00:00,Female,41,Bronze,TV,Phuket,1216,Lazada,Credit_Card,10,5,4,0,40-50,40.53333333333333,3.0,0.0,0.0,-1,19,9360.173333333334,0.23,0.3333333333333333,0.3333333333333333,0.0,0.0,0,0,0.0,27526.14,2,0,0.0,28080.52,3,0,0.0,28080.52,3,0,0.0,1
LGS2ORD0015335,C016885,2025-05-02 10:00:00,Male,51,Bronze,TV,Bangkok,1404,TV_Show,COD,10,5,4,0,>50,46.8,1.0,1.0,1.0,26,35,2356.32,0.23,1.0,1.0,0.0,0.0,0,0,0.0,0.0,0,0,0.0,2356.32,1,1,1.0,2356.32,1,1,1.0,0
LGS2ORD0015336,C014210,2025-05-02 11:00:00,Male,34,Bronze,Web,Remote_Area,614,TV_Show,PromptPay,11,5,4,0,30-40,20.466666666666665,6.0,0.0,0.0,-1,14,1351.9283333333333,0.18,0.3333333333333333,0.0,0.0,0.0,0,0,0.0,641.98,1,0,0.0,2354.56,4,0,0.0,8111.57,6,0,0.0,1
LGS2ORD0015337,C011675,2025-05-02 11:00:00,Male,46,Bronze,Lazada,Nakhon Ratchasima,1292,Web,COD,11,5,4,0,40-50,43.06666666666667,1.0,1.0,1.0,8,16,8593.22,0.18,1.0,0.0,0.0,0.0,0,0,0.0,8593.22,1,1,1.0,8593.22,1,1,1.0,8593.22,1,1,1.0,0
LGS2ORD0015338,C010503,2025-05-02 11:00:00,Female,50,Bronze,Lazada,Remote_Area,1037,TV_Show,COD,11,5,4,0,40-50,34.56666666666667,3.0,1.0,0.3333333333333333,101,25,13643.876666666669,0.23,0.6666666666666666,0.3333333333333333,0.0,0.0,0,0,0.0,5703.59,1,0,0.0,38080.67,2,0,0.0,40931.630000000005,3,1,0.3333333333333333,1
LGS2ORD0015339,C015408,2025-05-02 11:00:00,Male,68,Silver,Shopee,Chiang Mai,199,CallCenter,COD,11,5,4,0,>50,6.633333333333334,4.0,1.0,0.25,61,21,3827.885,0.2,0.5,0.0,0.0,0.0,0,0,0.0,7020.16,2,0,0.0,15311.54,4,1,0.25,15311.54,4,1,0.25,0
LGS2ORD0015340,C011251,2025-05-02 11:00:00,Male,33,Silver,TV,Chonburi,624,Lazada,Credit_Card,11,5,4,0,30-40,20.8,0.0,0.0,0.0,-1,-1,0.0,0.0,0.0,0.0,0.0,0.0,0,0,0.0,0.0,0,0,0.0,0.0,0,0,0.0,0.0,0,0,0.0,0
LGS2ORD0015341,C015967,2025-05-02 12:00:00,Female,67,Gold,Shopee,Phuket,864,Lazada,Credit_Card,12,5,4,0,>50,28.8,1.0,0.0,0.0,-1,104,610.99,0.18,0.0,0.0,0.0,0.0,0,0,0.0,0.0,0,0,0.0,0.0,0,0,0.0,610.99,1,0,0.0,0
LGS2ORD0015342,C011810,2025-05-02 12:00:00,Male,55,Bronze,TV,Phuket,1563,CallCenter,PromptPay,12,5,4,0,>50,52.1,1.0,0.0,0.0,-1,82,11636.46,0.23,0.0,1.0,0.0,0.0,0,0,0.0,0.0,0,0,0.0,11636.46,1,0,0.0,11636.46,1,0,0.0,0
LGS2ORD0015343,C016449,2025-05-02 12:00:00,Female,40,Platinum,TV,Phuket,603,Lazada,PromptPay,12,5,4,0,30-40,20.1,0.0,0.0,0.0,-1,-1,0.0,0.0,0.0,0.0,0.0,0.0,0,0,0.0,0.0,0,0,0.0,0.0,0,0,0.0,0.0,0,0,0.0,0
LGS2ORD0015344,C016644,2025-05-02 12:00:00,Female,32,Platinum,TV,Bangkok,1513,TV_Show,COD,12,5,4,0,30-40,50.43333333333333,2.0,0.0,0.0,-1,3,17674.120000000003,0.2,1.0,0.0,0.0,2382.3,1,0,0.0,2382.3,1,0,0.0,35348.240000000005,2,0,0.0,35348.240000000005,2,0,0.0,0
LGS2ORD0015345,C012792,2025-05-02 12:00:00,Female,18,Gold,Lazada,Bangkok,278,TV_Show,Bank_Transfer,12,5,4,0,<20,9.266666666666667,1.0,0.0,0.0,-1,71,20614.52,0.13,0.0,0.0,0.0,0.0,0,0,0.0,0.0,0,0,0.0,20614.52,1,0,0.0,20614.52,1,0,0.0,0
LGS2ORD0015346,C010660,2025-05-02 13:00:00,Male,20,Bronze,Shopee,Chiang Mai,1473,Web,PromptPay,13,5,4,0,<20,49.1,5.0,2.0,0.4,24,8,4241.676,0.23,0.2,0.4,0.0,0.0,0,0,0.0,5118.59,2,1,0.5,19532.39,4,2,0.5,21208.38,5,2,0.4,1
LGS2ORD0015347,C016429,2025-05-02 13:00:00,Female,43,Bronze,TV,Chiang Mai,798,Web,COD,13,5,4,0,40-50,26.6,1.0,1.0,1.0,9,21,29374.93,0.03,0.0,0.0,0.0,0.0,0,0,0.0,29374.93,1,1,1.0,29374.93,1,1,1.0,29374.93,1,1,1.0,1
LGS2ORD0015348,C010850,2025-05-02 13:00:00,Other,43,Silver,TV,Chiang Mai,759,Web,PromptPay,13,5,4,0,40-50,25.3,4.0,1.0,0.25,70,13,8077.179999999999,0.3,0.75,0.25,0.0,0.0,0,0,0.0,14295.310000000001,2,0,0.0,30308.3,3,1,0.3333333333333333,32308.719999999998,4,1,0.25,0
LGS2ORD0015349,C016720,2025-05-02 13:00:00,Male,57,Bronze,Lazada,Songkhla,387,Shopee,COD,13,5,4,0,>50,12.9,3.0,0.0,0.0,-1,66,1894.6333333333334,0.23,0.0,0.6666666666666666,0.0,0.0,0,0,0.0,0.0,0,0,0.0,5421.950000000001,2,0,0.0,5683.900000000001,3,0,0.0,1
LGS2ORD0015350,C013673,2025-05-02 13:00:00,Female,19,Gold,Web,Bangkok,1236,Shopee,COD,13,5,4,0,<20,41.2,1.0,0.0,0.0,-1,40,4064.43,0.08,0.0,0.0,0.0,0.0,0,0,0.0,0.0,0,0,0.0,4064.43,1,0,0.0,4064.43,1,0,0.0,0
LGS2ORD0015351,C015948,2025-05-02 13:00:00,Female,43,Silver,Lazada,Chiang Mai,290,Web,COD,13,5,4,0,40-50,9.666666666666666,5.0,2.0,0.4,2,17,3907.6799999999994,0.2,0.8,0.0,0.0,0.0,0,0,0.0,2314.76,2,1,0.5,19538.399999999998,5,2,0.4,19538.399999999998,5,2,0.4,0
LGS2ORD0015352,C012634,2025-05-02 14:00:00,Male,26,Bronze,CallCenter,Chiang Mai,907,Lazada,Bank_Transfer,14,5,4,0,20-30,30.233333333333334,2.0,0.0,0.0,-1,98,11736.43,0.18,0.5,0.0,0.0,0.0,0,0,0.0,0.0,0,0,0.0,0.0,0,0,0.0,23472.86,2,0,0.0,0
LGS2ORD0015353,C016787,2025-05-02 14:00:00,Male,43,Bronze,TV,Nakhon Ratchasima,1444,Shopee,PromptPay,14,5,4,0,40-50,48.13333333333333,1.0,0.0,0.0,-1,13,487.22,0.18,1.0,0.0,0.0,0.0,0,0,0.0,487.22,1,0,0.0,487.22,1,0,0.0,487.22,1,0,0.0,0
LGS2ORD0015354,C010842,2025-05-02 14:00:00,Female,64,Gold,Shopee,Chonburi,841,Shopee,Bank_Transfer,14,5,4,0,>50,28.033333333333335,2.0,1.0,0.5,70,71,916.31,0.28,0.5,0.5,0.0,0.0,0,0,0.0,0.0,0,0,0.0,1832.62,2,1,0.5,1832.62,2,1,0.5,0
LGS2ORD0015355,C016529,2025-05-02 14:00:00,Male,27,Bronze,TV,Songkhla,587,Lazada,COD,14,5,4,0,20-30,19.566666666666666,2.0,1.0,0.5,111,110,10516.945000000002,0.28,0.5,0.5,0.0,0.0,0,0,0.0,0.0,0,0,0.0,0.0,0,0,0.0,21033.890000000003,2,1,0.5,0
LGS2ORD0015356,C014848,2025-05-02 14:00:00,Female,27,Silver,Web,Bangkok,1226,Web,PromptPay,14,5,4,0,20-30,40.86666666666667,2.0,2.0,1.0,21,30,7823.155000000001,0.25,0.0,0.5,0.0,0.0,0,0,0.0,0.0,0,0,0.0,15646.310000000001,2,2,1.0,15646.310000000001,2,2,1.0,1
LGS2ORD0015357,C014383,2025-05-02 15:00:00,Male,32,Silver,CallCenter,Chiang Mai,302,Lazada,COD,15,5,4,0,30-40,10.066666666666666,2.0,0.0,0.0,-1,45,681.92,0.2,0.0,0.0,0.0,0.0,0,0,0.0,0.0,0,0,0.0,1363.84,2,0,0.0,1363.84,2,0,0.0,0
LGS2ORD0015358,C014800,2025-05-02 15:00:00,Male,45,Silver,Web,Phuket,1514,Shopee,COD,15,5,4,0,40-50,50.46666666666667,1.0,0.0,0.0,-1,31,4144.93,0.25,0.0,1.0,0.0,0.0,0,0,0.0,0.0,0,0,0.0,4144.93,1,0,0.0,4144.93,1,0,0.0,1
LGS2ORD0015359,C013543,2025-05-02 15:00:00,Female,38,Gold,Shopee,Bangkok,1485,TV_Show,PromptPay,15,5,4,0,30-40,49.5,1.0,0.0,0.0,-1,25,313.88,0.18,0.0,0.0,0.0,0.0,0,0,0.0,313.88,1,0,0.0,313.88,1,0,0.0,313.88,1,0,0.0,0
LGS2ORD0015360,C014537,2025-05-02 15:00:00,Male,47,Bronze,Web,Nakhon Ratchasima,1527,Lazada,PromptPay,15,5,4,0,40-50,50.9,1.0,0.0,0.0,-1,37,2343.56,0.23,0.0,1.0,0.0,0.0,0,0,0.0,0.0,0,0,0.0,2343.56,1,0,0.0,2343.56,1,0,0.0,1
LGS2ORD0015361,C012957,2025-05-02 15:00:00,Male,53,Silver,TV,Chonburi,718,Web,COD,15,5,4,0,>50,23.933333333333334,4.0,1.0,0.25,106,4,4907.2,0.25,0.5,0.25,0.0,15962.74,2,0,0.0,15962.74,2,0,0.0,15962.74,2,0,0.0,19628.8,4,1,0.25,1
LGS2ORD0015362,C010604,2025-05-02 16:00:00,Female,50,Silver,Shopee,Chonburi,556,CallCenter,PromptPay,16,5,4,0,40-50,18.533333333333335,1.0,0.0,0.0,-1,66,10241.7,0.3,1.0,1.0,0.0,0.0,0,0,0.0,0.0,0,0,0.0,10241.7,1,0,0.0,10241.7,1,0,0.0,0
LGS2ORD0015363,C015718,2025-05-02 16:00:00,Male,49,Gold,Shopee,Chonburi,718,Shopee,Credit_Card,16,5,4,0,40-50,23.933333333333334,2.0,0.0,0.0,-1,85,10472.695,0.18,0.0,0.0,0.0,0.0,0,0,0.0,0.0,0,0,0.0,15435.38,1,0,0.0,20945.39,2,0,0.0,0
LGS2ORD0015364,C013206,2025-05-02 16:00:00,Male,23,Gold,Lazada,Chonburi,153,Shopee,Bank_Transfer,16,5,4,0,20-30,5.1,2.0,0.0,0.0,-1,16,2129.045,0.28,0.5,1.0,0.0,0.0,0,0,0.0,3932.05,1,0,0.0,3932.05,1,0,0.0,4258.09,2,0,0.0,0
LGS2ORD0015365,C016207,2025-05-02 16:00:00,Male,32,Bronze,Lazada,Chonburi,691,Shopee,Credit_Card,16,5,4,0,30-40,23.033333333333335,1.0,1.0,1.0,57,70,867.75,0.23,1.0,1.0,0.0,0.0,0,0,0.0,0.0,0,0,0.0,867.75,1,1,1.0,867.75,1,1,1.0,0
LGS2ORD0015366,C011701,2025-05-02 16:00:00,Female,54,Bronze,Web,Phuket,301,Lazada,PromptPay,16,5,4,0,>50,10.033333333333333,5.0,3.0,0.6,42,46,3669.632,0.28,0.6,0.2,0.0,0.0,0,0,0.0,0.0,0,0,0.0,18348.16,5,3,0.6,18348.16,5,3,0.6,0
LGS2ORD0015367,C015392,2025-05-02 17:00:00,Male,41,Bronze,TV,Bangkok,296,Shopee,PromptPay,17,5,4,0,40-50,9.866666666666667,4.0,0.0,0.0,-1,13,5317.59,0.18,1.0,0.0,0.0,0.0,0,0,0.0,7550.08,2,0,0.0,20157.829999999998,3,0,0.0,21270.36,4,0,0.0,0
LGS2ORD0015368,C015996,2025-05-02 17:00:00,Other,55,Silver,Web,Bangkok,318,Web,Credit_Card,17,5,4,0,>50,10.6,4.0,1.0,0.25,113,40,14271.305000000002,0.2,0.25,0.0,0.0,0.0,0,0,0.0,0.0,0,0,0.0,43461.79,3,0,0.0,57085.22000000001,4,1,0.25,0
LGS2ORD0015369,C016528,2025-05-02 17:00:00,Male,47,Bronze,TV,Remote_Area,1086,Shopee,COD,17,5,4,0,40-50,36.2,2.0,1.0,0.5,58,64,1922.0049999999999,0.28,0.5,1.0,0.0,0.0,0,0,0.0,0.0,0,0,0.0,3844.0099999999998,2,1,0.5,3844.0099999999998,2,1,0.5,1
LGS2ORD0015370,C014046,2025-05-02 17:00:00,Female,39,Gold,TV,Khon Kaen,1052,Lazada,Credit_Card,17,5,4,0,30-40,35.06666666666667,2.0,0.0,0.0,-1,58,13165.140000000001,0.33,0.5,0.5,0.0,0.0,0,0,0.0,0.0,0,0,0.0,24983.9,1,0,0.0,26330.280000000002,2,0,0.0,0
LGS2ORD0015371,C010906,2025-05-02 17:00:00,Female,18,Silver,CallCenter,Songkhla,643,Shopee,Credit_Card,17,5,4,0,<20,21.433333333333334,2.0,1.0,0.5,40,52,16949.04,0.15,0.5,0.0,0.0,0.0,0,0,0.0,0.0,0,0,0.0,33898.08,2,1,0.5,33898.08,2,1,0.5,0
LGS2ORD0015372,C010314,2025-05-02 17:00:00,Female,36,Platinum,Shopee,Nakhon Ratchasima,751,TV_Show,COD,17,5,4,0,30-40,25.033333333333335,1.0,0.0,0.0,-1,60,528.65,0.35,1.0,1.0,0.0,0.0,0,0,0.0,0.0,0,0,0.0,528.65,1,0,0.0,528.65,1,0,0.0,0
LGS2ORD0015373,C011980,2025-05-02 18:00:00,Male,30,Silver,Shopee,Bangkok,1128,TV_Show,COD,18,5,4,0,20-30,37.6,1.0,0.0,0.0,-1,45,4567.51,0.05,0.0,0.0,0.0,0.0,0,0,0.0,0.0,0,0,0.0,4567.51,1,0,0.0,4567.51,1,0,0.0,0
LGS2ORD0015374,C016580,2025-05-02 18:00:00,Female,32,Bronze,Web,Bangkok,530,Web,COD,18,5,4,0,30-40,17.666666666666668,1.0,0.0,0.0,-1,40,8424.88,0.28,1.0,1.0,0.0,0.0,0,0,0.0,0.0,0,0,0.0,8424.88,1,0,0.0,8424.88,1,0,0.0,0
LGS2ORD0015375,C014002,2025-05-02 18:00:00,Male,36,Bronze,TV,Bangkok,536,Lazada,COD,18,5,4,0,30-40,17.866666666666667,0.0,0.0,0.0,-1,-1,0.0,0.0,0.0,0.0,0.0,0.0,0,0,0.0,0.0,0,0,0.0,0.0,0,0,0.0,0.0,0,0,0.0,0
LGS2ORD0015376,C013890,2025-05-02 18:00:00,Other,47,Bronze,Shopee,Chiang Mai,1293,Web,COD,18,5,4,0,40-50,43.1,6.0,1.0,0.16666666666666666,-3,12,8559.933333333332,0.28,0.8333333333333334,0.16666666666666666,0.0,0.0,0,0,0.0,10026.47,1,1,1.0,40282.02,4,1,0.25,51359.6,6,1,0.16666666666666666,0
LGS2ORD0015377,C011973,2025-05-02 18:00:00,Female,72,Bronze,Web,Phuket,365,CallCenter,COD,18,5,4,0,>50,12.166666666666666,1.0,0.0,0.0,-1,76,1745.8,0.18,1.0,0.0,0.0,0.0,0,0,0.0,0.0,0,0,0.0,1745.8,1,0,0.0,1745.8,1,0,0.0,1
LGS2ORD0015378,C011567,2025-05-02 19:00:00,Female,40,Bronze,TV,Bangkok,1023,TV_Show,COD,19,5,4,0,30-40,34.1,2.0,0.0,0.0,-1,15,1443.0949999999998,0.23,0.5,0.5,0.0,0.0,0,0,0.0,1066.83,1,0,0.0,1066.83,1,0,0.0,2886.1899999999996,2,0,0.0,1
LGS2ORD0015379,C017508,2025-05-02 19:00:00,Male,42,Bronze,Shopee,Khon Kaen,1495,TV_Show,COD,19,5,4,0,40-50,49.833333333333336,0.0,0.0,0.0,-1,-1,0.0,0.0,0.0,0.0,0.0,0.0,0,0,0.0,0.0,0,0,0.0,0.0,0,0,0.0,0.0,0,0,0.0,0
LGS2ORD0015380,C011753,2025-05-02 19:00:00,Female,40,Bronze,TV,Chiang Mai,1470,Shopee,Bank_Transfer,19,5,4,0,30-40,49.0,2.0,1.0,0.5,74,87,8457.16,0.18,0.0,0.0,0.0,0.0,0,0,0.0,0.0,0,0,0.0,16914.32,2,1,0.5,16914.32,2,1,0.5,0
LGS2ORD0015381,C011494,2025-05-02 19:00:00,Female,23,Platinum,Lazada,Bangkok,240,Lazada,PromptPay,19,5,4,0,20-30,8.0,4.0,2.0,0.5,39,46,9372.86,0.15,0.5,0.0,0.0,0.0,0,0,0.0,0.0,0,0,0.0,29182.9,3,2,0.6666666666666666,37491.44,4,2,0.5,1
LGS2ORD0015382,C010010,2025-05-02 19:00:00,Male,35,Silver,Shopee,Chiang Mai,1178,CallCenter,PromptPay,19,5,4,0,30-40,39.266666666666666,1.0,0.0,0.0,-1,82,9388.4,0.2,0.0,0.0,0.0,0.0,0,0,0.0,0.0,0,0,0.0,9388.4,1,0,0.0,9388.4,1,0,0.0,0
LGS2ORD0015383,C014347,2025-05-02 20:00:00,Male,27,Bronze,TV,Chonburi,803,Shopee,PromptPay,20,5,4,0,20-30,26.766666666666666,1.0,0.0,0.0,-1,55,3879.74,0.03,1.0,0.0,0.0,0.0,0,0,0.0,0.0,0,0,0.0,3879.74,1,0,0.0,3879.74,1,0,0.0,0
LGS2ORD0015384,C014080,2025-05-02 20:00:00,Male,29,Bronze,Shopee,Songkhla,1470,Shopee,COD,20,5,4,0,20-30,49.0,2.0,1.0,0.5,12,16,1538.005,0.23,0.5,0.5,0.0,0.0,0,0,0.0,1291.96,1,1,1.0,3076.01,2,1,0.5,3076.01,2,1,0.5,0
LGS2ORD0015385,C016709,2025-05-02 20:00:00,Female,46,Platinum,Shopee,Phuket,1353,Web,Bank_Transfer,20,5,4,0,40-50,45.1,2.0,1.0,0.5,43,54,1762.3600000000001,0.35,1.0,1.0,0.0,0.0,0,0,0.0,0.0,0,0,0.0,1738.14,1,1,1.0,3524.7200000000003,2,1,0.5,0
LGS2ORD0015386,C011263,2025-05-02 20:00:00,Female,47,Silver,Shopee,Remote_Area,888,TV_Show,COD,20,5,4,0,40-50,29.6,2.0,1.0,0.5,51,22,3342.8999999999996,0.25,0.0,0.5,0.0,0.0,0,0,0.0,2100.9,1,0,0.0,6685.799999999999,2,1,0.5,6685.799999999999,2,1,0.5,1
LGS2ORD0015387,C010930,2025-05-02 20:00:00,Female,38,Bronze,Web,Phuket,1388,Web,Credit_Card,20,5,4,0,30-40,46.266666666666666,1.0,0.0,0.0,-1,30,3575.86,0.23,1.0,1.0,0.0,0.0,0,0,0.0,0.0,0,0,0.0,3575.86,1,0,0.0,3575.86,1,0,0.0,0
LGS2ORD0015388,C013973,2025-05-02 21:00:00,Female,35,Bronze,TV,Phuket,1459,Shopee,COD,21,5,4,0,30-40,48.63333333333333,3.0,1.0,0.3333333333333333,12,23,9968.39,0.13,0.6666666666666666,0.0,0.0,0.0,0,0,0.0,24527.18,1,1,1.0,26196.66,2,1,0.5,29905.17,3,1,0.3333333333333333,1
LGS2ORD0015389,C017869,2025-05-02 21:00:00,Male,43,Silver,TV,Songkhla,204,Web,Credit_Card,21,5,4,0,40-50,6.8,3.0,0.0,0.0,-1,3,3285.933333333334,0.3,0.6666666666666666,0.6666666666666666,0.0,8805.02,1,0,0.0,8805.02,1,0,0.0,9857.800000000001,3,0,0.0,9857.800000000001,3,0,0.0,0
LGS2ORD0015390,C014931,2025-05-02 21:00:00,Female,40,Silver,Lazada,Remote_Area,451,Lazada,COD,21,5,4,0,30-40,15.033333333333333,2.0,1.0,0.5,74,72,6544.59,0.2,1.0,0.0,0.0,0.0,0,0,0.0,0.0,0,0,0.0,13089.18,2,1,0.5,13089.18,2,1,0.5,1
LGS2ORD0015391,C015856,2025-05-02 21:00:00,Female,63,Bronze,Shopee,Bangkok,576,Web,Credit_Card,21,5,4,0,>50,19.2,1.0,0.0,0.0,-1,108,3795.14,0.23,1.0,1.0,0.0,0.0,0,0,0.0,0.0,0,0,0.0,0.0,0,0,0.0,3795.14,1,0,0.0,0
LGS2ORD0015392,C012880,2025-05-02 21:00:00,Female,63,Platinum,Web,Phuket,1299,Web,Credit_Card,21,5,4,0,>50,43.3,4.0,1.0,0.25,0,8,6838.522500000001,0.35,0.0,0.75,0.0,0.0,0,0,0.0,2511.4,1,1,1.0,20456.270000000004,3,1,0.3333333333333333,27354.090000000004,4,1,0.25,0
LGS2ORD0015393,C016178,2025-05-02 21:00:00,Male,45,Bronze,Web,Chiang Mai,482,TV_Show,PromptPay,21,5,4,0,40-50,16.066666666666666,1.0,0.0,0.0,-1,38,3630.99,0.08,1.0,0.0,0.0,0.0,0,0,0.0,0.0,0,0,0.0,3630.99,1,0,0.0,3630.99,1,0,0.0,0
LGS2ORD0015394,C012144,2025-05-02 22:00:00,Male,53,Gold,Lazada,Phuket,1071,Web,Credit_Card,22,5,4,0,>50,35.7,1.0,0.0,0.0,-1,9,1966.91,0.2299999999999999,0.0,1.0,0.0,0.0,0,0,0.0,1966.91,1,0,0.0,1966.91,1,0,0.0,1966.91,1,0,0.0,0
LGS2ORD0015395,C013504,2025-05-02 22:00:00,Female,37,Bronze,Lazada,Chonburi,834,CallCenter,Bank_Transfer,22,5,4,0,30-40,27.8,2.0,0.0,0.0,-1,102,2732.3,0.03,0.0,0.0,0.0,0.0,0,0,0.0,0.0,0,0,0.0,0.0,0,0,0.0,5464.6,2,0,0.0,0
LGS2ORD0015396,C016597,2025-05-02 22:00:00,Female,46,Silver,Shopee,Phuket,173,TV_Show,PromptPay,22,5,4,0,40-50,5.766666666666667,0.0,0.0,0.0,-1,-1,0.0,0.0,0.0,0.0,0.0,0.0,0,0,0.0,0.0,0,0,0.0,0.0,0,0,0.0,0.0,0,0,0.0,0
LGS2ORD0015397,C014820,2025-05-02 22:00:00,Female,19,Bronze,TV,Chonburi,1352,TV_Show,Credit_Card,22,5,4,0,<20,45.06666666666667,0.0,0.0,0.0,-1,-1,0.0,0.0,0.0,0.0,0.0,0.0,0,0,0.0,0.0,0,0,0.0,0.0,0,0,0.0,0.0,0,0,0.0,0
LGS2ORD0015398,C012681,2025-05-02 22:00:00,Female,42,Platinum,Web,Bangkok,1109,Shopee,Bank_Transfer,22,5,4,0,40-50,36.96666666666667,3.0,1.0,0.3333333333333333,56,22,4340.973333333333,0.3,0.6666666666666666,0.3333333333333333,0.0,0.0,0,0,0.0,5876.36,1,0,0.0,7796.33,2,1,0.5,13022.92,3,1,0.3333333333333333,1
LGS2ORD0015399,C013367,2025-05-02 23:00:00,Male,53,Bronze,TV,Phuket,1150,Shopee,COD,23,5,4,0,>50,38.333333333333336,1.0,0.0,0.0,-1,61,5540.67,0.23,1.0,1.0,0.0,0.0,0,0,0.0,0.0,0,0,0.0,5540.67,1,0,0.0,5540.67,1,0,0.0,0
LGS2ORD0015400,C014463,2025-05-02 23:00:00,Female,26,Gold,Shopee,Bangkok,468,TV_Show,Bank_Transfer,23,5,4,0,20-30,15.6,2.0,1.0,0.5,18,27,2392.005,0.28,0.5,0.5,0.0,0.0,0,0,0.0,1908.46,1,1,1.0,1908.46,1,1,1.0,4784.01,2,1,0.5,0
LGS2ORD0015401,C012693,2025-05-02 23:00:00,Male,45,Platinum,Web,Chiang Mai,549,Web,Credit_Card,23,5,4,0,40-50,18.3,1.0,1.0,1.0,106,113,1419.9,0.25,1.0,1.0,0.0,0.0,0,0,0.0,0.0,0,0,0.0,0.0,0,0,0.0,1419.9,1,1,1.0,1
LGS2ORD0015402,C014743,2025-05-02 23:00:00,Female,49,Bronze,Shopee,Chonburi,740,TV_Show,COD,23,5,4,0,40-50,24.666666666666668,1.0,0.0,0.0,-1,33,1014.13,0.03,1.0,0.0,0.0,0.0,0,0,0.0,0.0,0,0,0.0,1014.13,1,0,0.0,1014.13,1,0,0.0,0
LGS2ORD0015403,C017503,2025-05-02 23:00:00,Female,23,Silver,Shopee,Bangkok,1111,Shopee,COD,23,5,4,0,20-30,37.03333333333333,2.0,0.0,0.0,-1,50,3643.75,0.15,0.0,0.0,0.0,0.0,0,0,0.0,0.0,0,0,0.0,7287.5,2,0,0.0,7287.5,2,0,0.0,0
LGS2ORD0015404,C011077,2025-05-03 00:00:00,Female,71,Bronze,Shopee,Chonburi,1068,CallCenter,COD,0,5,5,1,>50,35.6,3.0,0.0,0.0,-1,54,1793.2866666666669,0.18,0.6666666666666666,0.0,0.0,0.0,0,0,0.0,0.0,0,0,0.0,913.44,1,0,0.0,5379.860000000001,3,0,0.0,0
LGS2ORD0015405,C012514,2025-05-03 00:00:00,Male,47,Silver,TV,Nakhon Ratchasima,1485,Web,COD,0,5,5,1,40-50,49.5,1.0,0.0,0.0,-1,71,11283.53,0.2,1.0,0.0,0.0,0.0,0,0,0.0,0.0,0,0,0.0,11283.53,1,0,0.0,11283.53,1,0,0.0,0
LGS2ORD0015406,C013911,2025-05-03 00:00:00,Female,30,Bronze,Lazada,Khon Kaen,1453,Web,Bank_Transfer,0,5,5,1,20-30,48.43333333333333,1.0,0.0,0.0,-1,13,3039.6,0.03,1.0,0.0,0.0,0.0,0,0,0.0,3039.6,1,0,0.0,3039.6,1,0,0.0,3039.6,1,0,0.0,0
LGS2ORD0015407,C016845,2025-05-03 00:00:00,Female,44,Bronze,TV,Nakhon Ratchasima,952,Shopee,COD,0,5,5,1,40-50,31.733333333333334,3.0,1.0,0.3333333333333333,106,72,6597.483333333334,0.18,0.6666666666666666,0.0,0.0,0.0,0,0,0.0,0.0,0,0,0.0,6841.38,1,0,0.0,19792.45,3,1,0.3333333333333333,0
LGS2ORD0015408,C010591,2025-05-03 00:00:00,Female,50,Bronze,Shopee,Chonburi,1298,Shopee,Bank_Transfer,0,5,5,1,40-50,43.266666666666666,3.0,0.0,0.0,-1,70,9310.213333333335,0.08,0.0,0.0,0.0,0.0,0,0,0.0,0.0,0,0,0.0,26120.08,1,0,0.0,27930.640000000003,3,0,0.0,0
LGS2ORD0015409,C014378,2025-05-03 01:00:00,Male,47,Bronze,Lazada,Chiang Mai,636,Lazada,COD,1,5,5,1,40-50,21.2,3.0,0.0,0.0,-1,1,4959.296666666666,0.23,0.6666666666666666,0.3333333333333333,0.0,10917.39,2,0,0.0,10917.39,2,0,0.0,10917.39,2,0,0.0,14877.89,3,0,0.0,0
LGS2ORD0015410,C014155,2025-05-03 01:00:00,Female,33,Platinum,Web,Bangkok,224,Lazada,Bank_Transfer,1,5,5,1,30-40,7.466666666666667,1.0,0.0,0.0,-1,26,1647.58,0.1,0.0,0.0,0.0,0.0,0,0,0.0,1647.58,1,0,0.0,1647.58,1,0,0.0,1647.58,1,0,0.0,1
LGS2ORD0015411,C015139,2025-05-03 01:00:00,Female,57,Bronze,Lazada,Bangkok,741,Lazada,Credit_Card,1,5,5,1,>50,24.7,1.0,0.0,0.0,-1,87,437.65,0.03,0.0,0.0,0.0,0.0,0,0,0.0,0.0,0,0,0.0,437.65,1,0,0.0,437.65,1,0,0.0,0
LGS2ORD0015412,C013018,2025-05-03 01:00:00,Male,47,Bronze,TV,Chiang Mai,484,Shopee,PromptPay,1,5,5,1,40-50,16.133333333333333,0.0,0.0,0.0,-1,-1,0.0,0.0,0.0,0.0,0.0,0.0,0,0,0.0,0.0,0,0,0.0,0.0,0,0,0.0,0.0,0,0,0.0,0
LGS2ORD0015413,C013016,2025-05-03 01:00:00,Female,56,Bronze,Lazada,Remote_Area,1137,Web,COD,1,5,5,1,>50,37.9,2.0,0.0,0.0,-1,55,1305.225,0.23,0.0,0.5,0.0,0.0,0,0,0.0,0.0,0,0,0.0,2610.45,2,0,0.0,2610.45,2,0,0.0,0
LGS2ORD0015414,C016146,2025-05-03 01:00:00,Female,37,Platinum,CallCenter,Songkhla,600,CallCenter,PromptPay,1,5,5,1,30-40,20.0,1.0,0.0,0.0,-1,20,7305.54,0.2,0.0,0.0,0.0,0.0,0,0,0.0,7305.54,1,0,0.0,7305.54,1,0,0.0,7305.54,1,0,0.0,0
LGS2ORD0015415,C017942,2025-05-03 02:00:00,Female,53,Bronze,Shopee,Phuket,656,Shopee,Credit_Card,2,5,5,1,>50,21.866666666666667,5.0,3.0,0.6,3,8,2391.3559999999998,0.18,0.2,0.0,0.0,0.0,0,0,0.0,4263.99,2,1,0.5,11956.779999999999,5,3,0.6,11956.779999999999,5,3,0.6,1
LGS2ORD0015416,C017639,2025-05-03 02:00:00,Female,49,Silver,Shopee,Remote_Area,881,TV_Show,COD,2,5,5,1,40-50,29.366666666666667,2.0,1.0,0.5,99,86,1188.705,0.3,1.0,1.0,0.0,0.0,0,0,0.0,0.0,0,0,0.0,1195.19,1,0,0.0,2377.41,2,1,0.5,0
LGS2ORD0015417,C010348,2025-05-03 02:00:00,Male,33,Bronze,TV,Bangkok,184,TV_Show,COD,2,5,5,1,30-40,6.133333333333334,2.0,1.0,0.5,68,75,2392.235,0.23,1.0,0.5,0.0,0.0,0,0,0.0,0.0,0,0,0.0,4784.47,2,1,0.5,4784.47,2,1,0.5,1
LGS2ORD0015418,C010474,2025-05-03 02:00:00,Female,27,Silver,Lazada,Khon Kaen,274,TV_Show,PromptPay,2,5,5,1,20-30,9.133333333333333,3.0,0.0,0.0,-1,10,2994.44,0.3,0.6666666666666666,0.3333333333333333,0.0,0.0,0,0,0.0,4440.110000000001,2,0,0.0,8983.32,3,0,0.0,8983.32,3,0,0.0,0
LGS2ORD0015419,C015025,2025-05-03 02:00:00,Male,23,Silver,Web,Chiang Mai,1497,Web,COD,2,5,5,1,20-30,49.9,2.0,0.0,0.0,-1,81,4878.639999999999,0.05,0.5,0.0,0.0,0.0,0,0,0.0,0.0,0,0,0.0,9757.279999999999,2,0,0.0,9757.279999999999,2,0,0.0,0
LGS2ORD0015420,C013554,2025-05-03 03:00:00,Female,51,Bronze,CallCenter,Khon Kaen,208,CallCenter,COD,3,5,5,1,>50,6.933333333333334,2.0,0.0,0.0,-1,66,4301.66,0.18,0.5,0.0,0.0,0.0,0,0,0.0,0.0,0,0,0.0,8603.32,2,0,0.0,8603.32,2,0,0.0,0
LGS2ORD0015421,C017102,2025-05-03 03:00:00,Female,18,Gold,TV,Remote_Area,1373,CallCenter,Credit_Card,3,5,5,1,<20,45.766666666666666,2.0,2.0,1.0,9,22,2009.065,0.2299999999999999,1.0,0.5,0.0,0.0,0,0,0.0,4018.13,2,2,1.0,4018.13,2,2,1.0,4018.13,2,2,1.0,0
LGS2ORD0015422,C015888,2025-05-03 03:00:00,Male,34,Gold,Shopee,Khon Kaen,780,Web,Credit_Card,3,5,5,1,30-40,26.0,2.0,0.0,0.0,-1,27,1101.185,0.2299999999999999,0.0,1.0,0.0,0.0,0,0,0.0,367.19,1,0,0.0,2202.37,2,0,0.0,2202.37,2,0,0.0,0
LGS2ORD0015423,C015723,2025-05-03 03:00:00,Male,27,Platinum,Lazada,Songkhla,1320,Lazada,COD,3,5,5,1,20-30,44.0,1.0,1.0,1.0,109,120,1334.59,0.35,1.0,1.0,0.0,0.0,0,0,0.0,0.0,0,0,0.0,0.0,0,0,0.0,1334.59,1,1,1.0,0
LGS2ORD0015424,C016510,2025-05-03 03:00:00,Male,59,Gold,Shopee,Nakhon Ratchasima,1412,TV_Show,PromptPay,3,5,5,1,>50,47.06666666666667,0.0,0.0,0.0,-1,-1,0.0,0.0,0.0,0.0,0.0,0.0,0,0,0.0,0.0,0,0,0.0,0.0,0,0,0.0,0.0,0,0,0.0,0
LGS2ORD0015425,C012460,2025-05-03 04:00:00,Male,40,Platinum,TV,Bangkok,768,Lazada,COD,4,5,5,1,30-40,25.6,2.0,0.0,0.0,-1,114,14503.835,0.25,0.0,0.5,0.0,0.0,0,0,0.0,0.0,0,0,0.0,0.0,0,0,0.0,29007.67,2,0,0.0,1
LGS2ORD0015426,C013237,2025-05-03 04:00:00,Male,49,Bronze,CallCenter,Chonburi,198,Web,COD,4,5,5,1,40-50,6.6,1.0,1.0,1.0,56,63,1632.0,0.18,1.0,0.0,0.0,0.0,0,0,0.0,0.0,0,0,0.0,1632.0,1,1,1.0,1632.0,1,1,1.0,1
LGS2ORD0015427,C013321,2025-05-03 04:00:00,Male,35,Silver,Web,Bangkok,1499,Shopee,Bank_Transfer,4,5,5,1,30-40,49.96666666666667,3.0,1.0,0.3333333333333333,12,25,7691.446666666666,0.3,0.3333333333333333,0.6666666666666666,0.0,0.0,0,0,0.0,1667.17,1,1,1.0,23074.339999999997,3,1,0.3333333333333333,23074.339999999997,3,1,0.3333333333333333,0
LGS2ORD0015428,C010047,2025-05-03 04:00:00,Male,51,Bronze,CallCenter,Chonburi,1473,CallCenter,Credit_Card,4,5,5,1,>50,49.1,3.0,0.0,0.0,-1,32,4746.490000000001,0.18,0.3333333333333333,0.0,0.0,0.0,0,0,0.0,0.0,0,0,0.0,14239.470000000001,3,0,0.0,14239.470000000001,3,0,0.0,0
LGS2ORD0015429,C015241,2025-05-03 04:00:00,Male,54,Gold,Web,Chonburi,957,TV_Show,COD,4,5,5,1,>50,31.9,0.0,0.0,0.0,-1,-1,0.0,0.0,0.0,0.0,0.0,0.0,0,0,0.0,0.0,0,0,0.0,0.0,0,0,0.0,0.0,0,0,0.0,0
LGS2ORD0015430,C016407,2025-05-03 04:00:00,Male,18,Gold,CallCenter,Bangkok,631,Lazada,Credit_Card,4,5,5,1,<20,21.033333333333335,1.0,0.0,0.0,-1,29,603.17,0.28,1.0,1.0,0.0,0.0,0,0,0.0,603.17,1,0,0.0,603.17,1,0,0.0,603.17,1,0,0.0,0
LGS2ORD0015431,C013028,2025-05-03 05:00:00,Female,67,Silver,Lazada,Khon Kaen,224,TV_Show,COD,5,5,5,1,>50,7.466666666666667,1.0,0.0,0.0,-1,46,1650.71,0.2,0.0,0.0,0.0,0.0,0,0,0.0,0.0,0,0,0.0,1650.71,1,0,0.0,1650.71,1,0,0.0,1
LGS2ORD0015432,C016901,2025-05-03 05:00:00,Male,18,Bronze,Lazada,Phuket,575,Lazada,COD,5,5,5,1,<20,19.166666666666668,0.0,0.0,0.0,-1,-1,0.0,0.0,0.0,0.0,0.0,0.0,0,0,0.0,0.0,0,0,0.0,0.0,0,0,0.0,0.0,0,0,0.0,1
LGS2ORD0015433,C015773,2025-05-03 05:00:00,Male,57,Bronze,Lazada,Bangkok,904,Web,PromptPay,5,5,5,1,>50,30.133333333333333,2.0,0.0,0.0,-1,25,7838.81,0.08,1.0,0.0,0.0,0.0,0,0,0.0,6700.5,1,0,0.0,15677.62,2,0,0.0,15677.62,2,0,0.0,0
LGS2ORD0015434,C013713,2025-05-03 05:00:00,Male,47,Bronze,TV,Bangkok,524,Web,COD,5,5,5,1,40-50,17.466666666666665,3.0,1.0,0.3333333333333333,1,10,6753.116666666666,0.23,0.6666666666666666,0.3333333333333333,0.0,0.0,0,0,0.0,11090.21,1,1,1.0,12739.13,2,1,0.5,20259.35,3,1,0.3333333333333333,1
LGS2ORD0015435,C010743,2025-05-03 05:00:00,Male,44,Silver,Shopee,Songkhla,945,Web,Credit_Card,5,5,5,1,40-50,31.5,3.0,1.0,0.3333333333333333,88,42,4880.443333333334,0.3,0.0,0.3333333333333333,0.0,0.0,0,0,0.0,0.0,0,0,0.0,3901.88,1,0,0.0,14641.330000000002,3,1,0.3333333333333333,0
LGS2ORD0015436,C014816,2025-05-03 06:00:00,Male,40,Silver,Lazada,Khon Kaen,1002,Web,Credit_Card,6,5,5,1,30-40,33.4,1.0,0.0,0.0,-1,67,3235.63,0.05,1.0,0.0,0.0,0.0,0,0,0.0,0.0,0,0,0.0,3235.63,1,0,0.0,3235.63,1,0,0.0,0
LGS2ORD0015437,C013120,2025-05-03 06:00:00,Female,43,Silver,Shopee,Phuket,531,CallCenter,COD,6,5,5,1,40-50,17.7,1.0,0.0,0.0,-1,62,24619.8,0.2,0.0,0.0,0.0,0.0,0,0,0.0,0.0,0,0,0.0,24619.8,1,0,0.0,24619.8,1,0,0.0,1
LGS2ORD0015438,C013156,2025-05-03 06:00:00,Male,64,Gold,Shopee,Bangkok,1550,Lazada,PromptPay,6,5,5,1,>50,51.666666666666664,3.0,0.0,0.0,-1,43,4888.53,0.2299999999999999,0.3333333333333333,0.3333333333333333,0.0,0.0,0,0,0.0,0.0,0,0,0.0,13352.849999999999,2,0,0.0,14665.59,3,0,0.0,0
LGS2ORD0015439,C014720,2025-05-03 06:00:00,Male,35,Bronze,Shopee,Chonburi,1102,TV_Show,COD,6,5,5,1,30-40,36.733333333333334,3.0,0.0,0.0,-1,29,6663.95,0.03,0.3333333333333333,0.0,0.0,0.0,0,0,0.0,7286.84,1,0,0.0,7286.84,1,0,0.0,19991.85,3,0,0.0,0
LGS2ORD0015440,C015153,2025-05-03 06:00:00,Male,71,Silver,TV,Bangkok,1279,Lazada,PromptPay,6,5,5,1,>50,42.63333333333333,2.0,1.0,0.5,-12,3,1570.5,0.2,0.0,0.0,0.0,927.86,1,1,1.0,927.86,1,1,1.0,927.86,1,1,1.0,3141.0,2,1,0.5,0
LGS2ORD0015441,C013164,2025-05-03 07:00:00,Male,18,Bronze,TV,Bangkok,1201,Lazada,COD,7,5,5,1,<20,40.03333333333333,2.0,0.0,0.0,-1,13,3240.065,0.18,0.0,0.0,0.0,0.0,0,0,0.0,541.47,1,0,0.0,541.47,1,0,0.0,6480.13,2,0,0.0,0
LGS2ORD0015442,C017533,2025-05-03 07:00:00,Female,37,Bronze,Web,Remote_Area,1056,Web,Credit_Card,7,5,5,1,30-40,35.2,2.0,1.0,0.5,-6,4,4182.605,0.18,0.5,0.0,0.0,8365.21,2,1,0.5,8365.21,2,1,0.5,8365.21,2,1,0.5,8365.21,2,1,0.5,1
LGS2ORD0015443,C010884,2025-05-03 07:00:00,Female,33,Gold,CallCenter,Nakhon Ratchasima,425,Lazada,COD,7,5,5,1,30-40,14.166666666666666,3.0,1.0,0.3333333333333333,67,38,3043.03,0.33,0.6666666666666666,0.6666666666666666,0.0,0.0,0,0,0.0,0.0,0,0,0.0,8685.04,2,1,0.5,9129.09,3,1,0.3333333333333333,1
LGS2ORD0015444,C015959,2025-05-03 07:00:00,Male,36,Platinum,Shopee,Bangkok,1008,TV_Show,COD,7,5,5,1,30-40,33.6,1.0,0.0,0.0,-1,105,6543.21,0.35,1.0,1.0,0.0,0.0,0,0,0.0,0.0,0,0,0.0,0.0,0,0,0.0,6543.21,1,0,0.0,0
LGS2ORD0015445,C010978,2025-05-03 07:00:00,Male,29,Bronze,CallCenter,Nakhon Ratchasima,310,Lazada,COD,7,5,5,1,20-30,10.333333333333334,3.0,1.0,0.3333333333333333,16,16,2652.9133333333334,0.28,0.3333333333333333,0.3333333333333333,0.0,0.0,0,0,0.0,3377.6,1,0,0.0,7958.74,3,1,0.3333333333333333,7958.74,3,1,0.3333333333333333,1
LGS2ORD0015446,C017257,2025-05-03 08:00:00,Male,24,Silver,TV,Bangkok,749,Web,Credit_Card,8,5,5,1,20-30,24.966666666666665,0.0,0.0,0.0,-1,-1,0.0,0.0,0.0,0.0,0.0,0.0,0,0,0.0,0.0,0,0,0.0,0.0,0,0,0.0,0.0,0,0,0.0,1
LGS2ORD0015447,C015244,2025-05-03 08:00:00,Female,43,Bronze,CallCenter,Chonburi,680,Lazada,Credit_Card,8,5,5,1,40-50,22.666666666666668,2.0,2.0,1.0,90,104,2174.2549999999997,0.23,0.5,0.5,0.0,0.0,0,0,0.0,0.0,0,0,0.0,0.0,0,0,0.0,4348.509999999999,2,2,1.0,0
LGS2ORD0015448,C012592,2025-05-03 08:00:00,Female,31,Bronze,TV,Bangkok,440,CallCenter,Credit_Card,8,5,5,1,30-40,14.666666666666666,2.0,0.0,0.0,-1,33,8232.24,0.08,0.5,0.0,0.0,0.0,0,0,0.0,0.0,0,0,0.0,16464.48,2,0,0.0,16464.48,2,0,0.0,0
LGS2ORD0015449,C013784,2025-05-03 08:00:00,Male,27,Bronze,TV,Nakhon Ratchasima,1185,CallCenter,Credit_Card,8,5,5,1,20-30,39.5,2.0,0.0,0.0,-1,10,846.9200000000001,0.13,0.5,0.0,0.0,0.0,0,0,0.0,995.27,1,0,0.0,1693.8400000000001,2,0,0.0,1693.8400000000001,2,0,0.0,0
LGS2ORD0015450,C016467,2025-05-03 08:00:00,Female,29,Gold,Shopee,Khon Kaen,1533,Lazada,COD,8,5,5,1,20-30,51.1,3.0,0.0,0.0,-1,10,2792.433333333333,0.33,0.6666666666666666,0.3333333333333333,0.0,0.0,0,0,0.0,2882.84,1,0,0.0,7269.56,2,0,0.0,8377.3,3,0,0.0,1
LGS2ORD0015451,C011169,2025-05-03 08:00:00,Female,53,Bronze,TV,Chiang Mai,739,CallCenter,Credit_Card,8,5,5,1,>50,24.633333333333333,6.0,2.0,0.3333333333333333,-9,3,4118.443333333333,0.23,0.5,0.16666666666666666,0.0,649.8,1,1,1.0,2166.06,2,1,0.5,24710.659999999996,6,2,0.3333333333333333,24710.659999999996,6,2,0.3333333333333333,0
LGS2ORD0015452,C014340,2025-05-03 09:00:00,Female,37,Bronze,TV,Chiang Mai,1462,TV_Show,Credit_Card,9,5,5,1,30-40,48.733333333333334,2.0,0.0,0.0,-1,1,11234.884999999998,0.13,0.5,0.0,0.0,9396.71,1,0,0.0,9396.71,1,0,0.0,22469.769999999997,2,0,0.0,22469.769999999997,2,0,0.0,0
LGS2ORD0015453,C015512,2025-05-03 09:00:00,Female,66,Gold,Lazada,Songkhla,791,Shopee,Credit_Card,9,5,5,1,>50,26.366666666666667,1.0,0.0,0.0,-1,68,1029.25,0.33,1.0,1.0,0.0,0.0,0,0,0.0,0.0,0,0,0.0,1029.25,1,0,0.0,1029.25,1,0,0.0,0
LGS2ORD0015454,C014288,2025-05-03 09:00:00,Female,58,Gold,Shopee,Remote_Area,1262,TV_Show,COD,9,5,5,1,>50,42.06666666666667,3.0,0.0,0.0,-1,5,10486.596666666666,0.28,0.0,0.6666666666666666,0.0,27718.65,1,0,0.0,27718.65,1,0,0.0,31459.79,3,0,0.0,31459.79,3,0,0.0,0
LGS2ORD0015455,C015232,2025-05-03 09:00:00,Female,46,Bronze,TV,Bangkok,838,TV_Show,Bank_Transfer,9,5,5,1,40-50,27.933333333333334,0.0,0.0,0.0,-1,-1,0.0,0.0,0.0,0.0,0.0,0.0,0,0,0.0,0.0,0,0,0.0,0.0,0,0,0.0,0.0,0,0,0.0,1
LGS2ORD0015456,C015993,2025-05-03 09:00:00,Female,39,Silver,TV,Phuket,671,TV_Show,COD,9,5,5,1,30-40,22.366666666666667,1.0,1.0,1.0,91,103,660.06,0.2,1.0,0.0,0.0,0.0,0,0,0.0,0.0,0,0,0.0,0.0,0,0,0.0,660.06,1,1,1.0,0
LGS2ORD0015457,C011989,2025-05-03 10:00:00,Male,32,Bronze,TV,Phuket,1168,CallCenter,COD,10,5,5,1,30-40,38.93333333333333,4.0,1.0,0.25,93,15,8520.935,0.18,0.5,0.0,0.0,0.0,0,0,0.0,10257.24,2,0,0.0,28821.02,3,0,0.0,34083.74,4,1,0.25,0
LGS2ORD0015458,C017880,2025-05-03 10:00:00,Female,32,Platinum,TV,Chonburi,485,TV_Show,COD,10,5,5,1,30-40,16.166666666666668,2.0,2.0,1.0,6,12,3337.5550000000003,0.15,0.0,0.0,0.0,0.0,0,0,0.0,592.34,1,1,1.0,6675.110000000001,2,2,1.0,6675.110000000001,2,2,1.0,0
LGS2ORD0015459,C012773,2025-05-03 10:00:00,Male,40,Bronze,CallCenter,Songkhla,170,Lazada,Credit_Card,10,5,5,1,30-40,5.666666666666667,1.0,0.0,0.0,-1,63,382.63,0.18,1.0,0.0,0.0,0.0,0,0,0.0,0.0,0,0,0.0,382.63,1,0,0.0,382.63,1,0,0.0,0
LGS2ORD0015460,C016936,2025-05-03 10:00:00,Male,35,Bronze,CallCenter,Chonburi,714,Web,PromptPay,10,5,5,1,30-40,23.8,4.0,1.0,0.25,93,24,5959.820000000001,0.28,0.75,0.25,0.0,0.0,0,0,0.0,6027.86,1,0,0.0,19087.43,3,0,0.0,23839.280000000002,4,1,0.25,0
LGS2ORD0015461,C011998,2025-05-03 10:00:00,Female,53,Silver,TV,Bangkok,1087,Shopee,COD,10,5,5,1,>50,36.233333333333334,3.0,1.0,0.3333333333333333,7,9,2658.03,0.25,0.6666666666666666,0.6666666666666666,0.0,0.0,0,0,0.0,5245.12,2,1,0.5,7974.09,3,1,0.3333333333333333,7974.09,3,1,0.3333333333333333,0
LGS2ORD0015462,C014882,2025-05-03 11:00:00,Male,51,Bronze,Lazada,Remote_Area,1345,TV_Show,PromptPay,11,5,5,1,>50,44.833333333333336,3.0,2.0,0.6666666666666666,37,46,1943.51,0.18,0.0,0.0,0.0,0.0,0,0,0.0,0.0,0,0,0.0,2377.18,2,1,0.5,5830.53,3,2,0.6666666666666666,0
LGS2ORD0015463,C017386,2025-05-03 11:00:00,Male,66,Bronze,Shopee,Remote_Area,644,Web,COD,11,5,5,1,>50,21.466666666666665,2.0,0.0,0.0,-1,20,7124.384999999999,0.28,0.5,0.5,0.0,0.0,0,0,0.0,1607.22,1,0,0.0,1607.22,1,0,0.0,14248.769999999999,2,0,0.0,1
LGS2ORD0015464,C012561,2025-05-03 11:00:00,Female,61,Platinum,Shopee,Phuket,644,TV_Show,Credit_Card,11,5,5,1,>50,21.466666666666665,2.0,1.0,0.5,93,87,4682.435,0.35,1.0,0.5,0.0,0.0,0,0,0.0,0.0,0,0,0.0,8604.12,1,0,0.0,9364.87,2,1,0.5,0
LGS2ORD0015465,C016984,2025-05-03 11:00:00,Male,24,Gold,Web,Khon Kaen,869,CallCenter,Credit_Card,11,5,5,1,20-30,28.966666666666665,4.0,3.0,0.75,37,49,1818.07,0.33,0.25,1.0,0.0,0.0,0,0,0.0,0.0,0,0,0.0,6091.499999999999,3,2,0.6666666666666666,7272.28,4,3,0.75,0
LGS2ORD0015466,C013370,2025-05-03 11:00:00,Female,54,Silver,Shopee,Bangkok,1024,CallCenter,COD,11,5,5,1,>50,34.13333333333333,4.0,1.0,0.25,82,8,1773.9675000000002,0.25,0.75,0.25,0.0,0.0,0,0,0.0,470.27,1,0,0.0,5740.76,3,1,0.3333333333333333,7095.870000000001,4,1,0.25,0
LGS2ORD0015467,C010991,2025-05-03 12:00:00,Female,57,Bronze,CallCenter,Remote_Area,1009,Web,COD,12,5,5,1,>50,33.63333333333333,3.0,1.0,0.3333333333333333,-14,2,8076.599999999999,0.23,0.6666666666666666,0.3333333333333333,0.0,13306.46,1,1,1.0,13306.46,1,1,1.0,15328.06,2,1,0.5,24229.8,3,1,0.3333333333333333,0
LGS2ORD0015468,C017704,2025-05-03 12:00:00,Male,66,Bronze,TV,Remote_Area,551,Shopee,COD,12,5,5,1,>50,18.366666666666667,3.0,1.0,0.3333333333333333,102,58,5071.45,0.18,0.6666666666666666,0.0,0.0,0.0,0,0,0.0,0.0,0,0,0.0,4711.62,2,0,0.0,15214.349999999999,3,1,0.3333333333333333,0
LGS2ORD0015469,C015093,2025-05-03 12:00:00,Female,30,Platinum,Web,Bangkok,409,CallCenter,COD,12,5,5,1,20-30,13.633333333333333,0.0,0.0,0.0,-1,-1,0.0,0.0,0.0,0.0,0.0,0.0,0,0,0.0,0.0,0,0,0.0,0.0,0,0,0.0,0.0,0,0,0.0,0
LGS2ORD0015470,C014680,2025-05-03 12:00:00,Female,50,Gold,TV,Bangkok,704,TV_Show,PromptPay,12,5,5,1,40-50,23.466666666666665,1.0,0.0,0.0,-1,54,10404.4,0.08,1.0,0.0,0.0,0.0,0,0,0.0,0.0,0,0,0.0,10404.4,1,0,0.0,10404.4,1,0,0.0,0
LGS2ORD0015471,C014191,2025-05-03 12:00:00,Male,29,Bronze,TV,Nakhon Ratchasima,1266,TV_Show,COD,12,5,5,1,20-30,42.2,3.0,0.0,0.0,-1,2,6288.876666666666,0.18,0.6666666666666666,0.0,0.0,3645.74,1,0,0.0,5211.82,2,0,0.0,18866.629999999997,3,0,0.0,18866.629999999997,3,0,0.0,0
LGS2ORD0015472,C010938,2025-05-03 12:00:00,Female,54,Silver,TV,Bangkok,1555,TV_Show,Bank_Transfer,12,5,5,1,>50,51.833333333333336,1.0,0.0,0.0,-1,55,908.1,0.2,0.0,0.0,0.0,0.0,0,0,0.0,0.0,0,0,0.0,908.1,1,0,0.0,908.1,1,0,0.0,0
LGS2ORD0015473,C017794,2025-05-03 13:00:00,Male,38,Silver,Web,Nakhon Ratchasima,1498,TV_Show,COD,13,5,5,1,30-40,49.93333333333333,0.0,0.0,0.0,-1,-1,0.0,0.0,0.0,0.0,0.0,0.0,0,0,0.0,0.0,0,0,0.0,0.0,0,0,0.0,0.0,0,0,0.0,0
LGS2ORD0015474,C015599,2025-05-03 13:00:00,Male,36,Bronze,Shopee,Bangkok,1508,TV_Show,PromptPay,13,5,5,1,30-40,50.266666666666666,6.0,1.0,0.16666666666666666,25,11,2790.758333333333,0.28,0.6666666666666666,0.5,0.0,0.0,0,0,0.0,5342.0199999999995,3,1,0.3333333333333333,13623.39,5,1,0.2,16744.55,6,1,0.16666666666666666,1
LGS2ORD0015475,C017823,2025-05-03 13:00:00,Male,44,Gold,Lazada,Khon Kaen,588,CallCenter,Credit_Card,13,5,5,1,40-50,19.6,3.0,0.0,0.0,-1,26,3555.7000000000003,0.13,0.3333333333333333,0.0,0.0,0.0,0,0,0.0,4499.54,1,0,0.0,5332.17,2,0,0.0,10667.1,3,0,0.0,0
LGS2ORD0015476,C013816,2025-05-03 13:00:00,Female,44,Bronze,TV,Bangkok,1142,Web,COD,13,5,5,1,40-50,38.06666666666667,3.0,1.0,0.3333333333333333,107,38,7166.126666666667,0.23,1.0,0.3333333333333333,0.0,0.0,0,0,0.0,0.0,0,0,0.0,12147.07,2,0,0.0,21498.38,3,1,0.3333333333333333,1
LGS2ORD0015477,C011448,2025-05-03 13:00:00,Male,65,Silver,Lazada,Bangkok,979,CallCenter,COD,13,5,5,1,>50,32.63333333333333,0.0,0.0,0.0,-1,-1,0.0,0.0,0.0,0.0,0.0,0.0,0,0,0.0,0.0,0,0,0.0,0.0,0,0,0.0,0.0,0,0,0.0,0
LGS2ORD0015478,C012876,2025-05-03 14:00:00,Other,36,Silver,CallCenter,Khon Kaen,347,Web,Credit_Card,14,5,5,1,30-40,11.566666666666666,1.0,0.0,0.0,-1,45,1338.96,0.05,0.0,0.0,0.0,0.0,0,0,0.0,0.0,0,0,0.0,1338.96,1,0,0.0,1338.96,1,0,0.0,0
LGS2ORD0015479,C010250,2025-05-03 14:00:00,Male,31,Bronze,Shopee,Bangkok,1352,Web,COD,14,5,5,1,30-40,45.06666666666667,1.0,0.0,0.0,-1,51,1606.54,0.23,0.0,1.0,0.0,0.0,0,0,0.0,0.0,0,0,0.0,1606.54,1,0,0.0,1606.54,1,0,0.0,0
LGS2ORD0015480,C014939,2025-05-03 14:00:00,Male,26,Bronze,Shopee,Bangkok,1432,TV_Show,COD,14,5,5,1,20-30,47.733333333333334,1.0,1.0,1.0,61,75,1331.18,0.28,1.0,1.0,0.0,0.0,0,0,0.0,0.0,0,0,0.0,1331.18,1,1,1.0,1331.18,1,1,1.0,1
LGS2ORD0015481,C014862,2025-05-03 14:00:00,Male,32,Gold,CallCenter,Bangkok,1121,Shopee,PromptPay,14,5,5,1,30-40,37.36666666666667,0.0,0.0,0.0,-1,-1,0.0,0.0,0.0,0.0,0.0,0.0,0,0,0.0,0.0,0,0,0.0,0.0,0,0,0.0,0.0,0,0,0.0,0
LGS2ORD0015482,C014533,2025-05-03 14:00:00,Female,47,Bronze,TV,Songkhla,1485,TV_Show,COD,14,5,5,1,40-50,49.5,3.0,0.0,0.0,-1,61,4943.29,0.13,0.3333333333333333,0.0,0.0,0.0,0,0,0.0,0.0,0,0,0.0,9676.67,2,0,0.0,14829.869999999999,3,0,0.0,0
LGS2ORD0015483,C014969,2025-05-03 15:00:00,Female,30,Platinum,Shopee,Bangkok,181,Web,Bank_Transfer,15,5,5,1,20-30,6.033333333333333,2.0,0.0,0.0,-1,46,8697.525,0.25,0.0,0.5,0.0,0.0,0,0,0.0,0.0,0,0,0.0,17395.05,2,0,0.0,17395.05,2,0,0.0,0
LGS2ORD0015484,C012468,2025-05-03 15:00:00,Male,50,Gold,Lazada,Chiang Mai,310,TV_Show,COD,15,5,5,1,40-50,10.333333333333334,1.0,0.0,0.0,-1,119,840.27,0.08,1.0,0.0,0.0,0.0,0,0,0.0,0.0,0,0,0.0,0.0,0,0,0.0,840.27,1,0,0.0,0
LGS2ORD0015485,C012318,2025-05-03 15:00:00,Male,72,Bronze,TV,Chiang Mai,1236,Lazada,COD,15,5,5,1,>50,41.2,2.0,0.0,0.0,-1,42,5547.1,0.13,0.5,0.0,0.0,0.0,0,0,0.0,0.0,0,0,0.0,11094.2,2,0,0.0,11094.2,2,0,0.0,1
LGS2ORD0015486,C013966,2025-05-03 15:00:00,Male,25,Bronze,Shopee,Chiang Mai,310,TV_Show,Credit_Card,15,5,5,1,20-30,10.333333333333334,4.0,1.0,0.25,43,9,5555.804999999999,0.28,0.25,0.25,0.0,0.0,0,0,0.0,16698.22,3,0,0.0,22223.219999999998,4,1,0.25,22223.219999999998,4,1,0.25,0
LGS2ORD0015487,C013349,2025-05-03 15:00:00,Female,37,Bronze,TV,Khon Kaen,467,TV_Show,COD,15,5,5,1,30-40,15.566666666666666,2.0,0.0,0.0,-1,74,1113.415,0.28,1.0,0.5,0.0,0.0,0,0,0.0,0.0,0,0,0.0,2226.83,2,0,0.0,2226.83,2,0,0.0,0
LGS2ORD0015488,C013773,2025-05-03 16:00:00,Male,45,Gold,Web,Bangkok,1454,TV_Show,Credit_Card,16,5,5,1,40-50,48.46666666666667,3.0,1.0,0.3333333333333333,26,2,2735.9366666666665,0.28,0.0,0.3333333333333333,0.0,5645.04,1,0,0.0,5645.04,1,0,0.0,8207.81,3,1,0.3333333333333333,8207.81,3,1,0.3333333333333333,1
LGS2ORD0015489,C011043,2025-05-03 16:00:00,Male,38,Silver,TV,Songkhla,1230,TV_Show,COD,16,5,5,1,30-40,41.0,2.0,1.0,0.5,85,94,2006.495,0.2,0.5,0.0,0.0,0.0,0,0,0.0,0.0,0,0,0.0,0.0,0,0,0.0,4012.99,2,1,0.5,1
LGS2ORD0015490,C015237,2025-05-03 16:00:00,Other,30,Bronze,Web,Khon Kaen,1127,Lazada,COD,16,5,5,1,20-30,37.56666666666667,4.0,1.0,0.25,40,7,3340.5499999999997,0.23,0.0,0.5,0.0,0.0,0,0,0.0,1944.55,1,0,0.0,13362.199999999999,4,1,0.25,13362.199999999999,4,1,0.25,1
LGS2ORD0015491,C017038,2025-05-03 16:00:00,Male,39,Gold,CallCenter,Phuket,640,Web,Bank_Transfer,16,5,5,1,30-40,21.333333333333332,2.0,1.0,0.5,78,4,4530.74,0.33,0.5,0.5,0.0,2670.46,1,0,0.0,2670.46,1,0,0.0,9061.48,2,1,0.5,9061.48,2,1,0.5,0
LGS2ORD0015492,C010936,2025-05-03 16:00:00,Other,51,Bronze,TV,Bangkok,660,Shopee,COD,16,5,5,1,>50,22.0,3.0,1.0,0.3333333333333333,58,30,2323.56,0.18,0.3333333333333333,0.0,0.0,0.0,0,0,0.0,0.0,0,0,0.0,6970.68,3,1,0.3333333333333333,6970.68,3,1,0.3333333333333333,0
LGS2ORD0015493,C011024,2025-05-03 16:00:00,Female,41,Gold,TV,Bangkok,718,Web,COD,16,5,5,1,40-50,23.933333333333334,3.0,1.0,0.3333333333333333,100,19,6434.843333333333,0.28,0.3333333333333333,0.6666666666666666,0.0,0.0,0,0,0.0,7100.09,1,0,0.0,16520.66,2,0,0.0,19304.53,3,1,0.3333333333333333,1
LGS2ORD0015494,C015194,2025-05-03 17:00:00,Female,34,Bronze,Web,Nakhon Ratchasima,181,Web,COD,17,5,5,1,30-40,6.033333333333333,1.0,0.0,0.0,-1,40,22819.22,0.03,0.0,0.0,0.0,0.0,0,0,0.0,0.0,0,0,0.0,22819.22,1,0,0.0,22819.22,1,0,0.0,0
LGS2ORD0015495,C013705,2025-05-03 17:00:00,Female,20,Bronze,Web,Bangkok,234,Lazada,PromptPay,17,5,5,1,<20,7.8,2.0,0.0,0.0,-1,97,5564.545,0.23,0.0,0.5,0.0,0.0,0,0,0.0,0.0,0,0,0.0,0.0,0,0,0.0,11129.09,2,0,0.0,0
LGS2ORD0015496,C015881,2025-05-03 17:00:00,Male,54,Bronze,Lazada,Nakhon Ratchasima,1568,TV_Show,Credit_Card,17,5,5,1,>50,52.266666666666666,2.0,1.0,0.5,13,25,1987.3400000000001,0.18,0.5,0.0,0.0,0.0,0,0,0.0,1841.64,1,1,1.0,3974.6800000000003,2,1,0.5,3974.6800000000003,2,1,0.5,0
LGS2ORD0015497,C011685,2025-05-03 17:00:00,Female,53,Gold,TV,Bangkok,1308,CallCenter,COD,17,5,5,1,>50,43.6,2.0,1.0,0.5,-2,2,11008.829999999998,0.33,0.5,1.0,0.0,5517.4,1,1,1.0,5517.4,1,1,1.0,22017.659999999996,2,1,0.5,22017.659999999996,2,1,0.5,0
LGS2ORD0015498,C015270,2025-05-03 17:00:00,Male,49,Silver,TV,Khon Kaen,1292,Web,COD,17,5,5,1,40-50,43.06666666666667,2.0,0.0,0.0,-1,81,2597.92,0.25,0.0,0.5,0.0,0.0,0,0,0.0,0.0,0,0,0.0,3592.56,1,0,0.0,5195.84,2,0,0.0,0
LGS2ORD0015499,C016608,2025-05-03 18:00:00,Female,35,Silver,CallCenter,Bangkok,585,Lazada,COD,18,5,5,1,30-40,19.5,1.0,0.0,0.0,-1,88,1556.04,0.05,0.0,0.0,0.0,0.0,0,0,0.0,0.0,0,0,0.0,1556.04,1,0,0.0,1556.04,1,0,0.0,0
LGS2ORD0015500,C013685,2025-05-03 18:00:00,Male,42,Bronze,Shopee,Khon Kaen,1096,CallCenter,COD,18,5,5,1,40-50,36.53333333333333,6.0,0.0,0.0,-1,9,8729.746666666668,0.28,0.5,0.16666666666666666,0.0,0.0,0,0,0.0,14872.07,2,0,0.0,38537.85,4,0,0.0,52378.48,6,0,0.0,0
LGS2ORD0015501,C012005,2025-05-03 18:00:00,Male,71,Gold,TV,Nakhon Ratchasima,1422,TV_Show,PromptPay,18,5,5,1,>50,47.4,2.0,0.0,0.0,-1,23,5751.295,0.33,0.5,0.5,0.0,0.0,0,0,0.0,4149.02,1,0,0.0,4149.02,1,0,0.0,11502.59,2,0,0.0,0
LGS2ORD0015502,C010343,2025-05-03 18:00:00,Female,44,Bronze,Lazada,Remote_Area,513,Web,COD,18,5,5,1,40-50,17.1,1.0,1.0,1.0,73,81,6528.7,0.03,1.0,0.0,0.0,0.0,0,0,0.0,0.0,0,0,0.0,6528.7,1,1,1.0,6528.7,1,1,1.0,1
LGS2ORD0015503,C017992,2025-05-03 18:00:00,Male,67,Bronze,Web,Songkhla,1314,Web,COD,18,5,5,1,>50,43.8,8.0,4.0,0.5,4,11,2503.01625,0.23,0.5,0.25,0.0,0.0,0,0,0.0,397.7,1,1,1.0,19828.010000000002,7,4,0.5714285714285714,20024.13,8,4,0.5,0
LGS2ORD0015504,C014273,2025-05-03 19:00:00,Male,56,Gold,Shopee,Bangkok,1070,Lazada,Credit_Card,19,5,5,1,>50,35.666666666666664,3.0,0.0,0.0,-1,11,14118.74,0.33,0.3333333333333333,0.3333333333333333,0.0,0.0,0,0,0.0,42063.79,2,0,0.0,42356.22,3,0,0.0,42356.22,3,0,0.0,0
LGS2ORD0015505,C015880,2025-05-03 19:00:00,Male,59,Bronze,CallCenter,Chonburi,820,TV_Show,Credit_Card,19,5,5,1,>50,27.333333333333332,0.0,0.0,0.0,-1,-1,0.0,0.0,0.0,0.0,0.0,0.0,0,0,0.0,0.0,0,0,0.0,0.0,0,0,0.0,0.0,0,0,0.0,0
LGS2ORD0015506,C013922,2025-05-03 19:00:00,Male,49,Gold,Lazada,Songkhla,1212,Shopee,PromptPay,19,5,5,1,40-50,40.4,0.0,0.0,0.0,-1,-1,0.0,0.0,0.0,0.0,0.0,0.0,0,0,0.0,0.0,0,0,0.0,0.0,0,0,0.0,0.0,0,0,0.0,1
LGS2ORD0015507,C017947,2025-05-03 19:00:00,Other,28,Bronze,CallCenter,Phuket,702,TV_Show,Bank_Transfer,19,5,5,1,20-30,23.4,6.0,2.0,0.3333333333333333,21,12,5343.201666666667,0.28,0.6666666666666666,0.5,0.0,0.0,0,0,0.0,12087.699999999999,3,1,0.3333333333333333,22323.729999999996,5,2,0.4,32059.21,6,2,0.3333333333333333,1
LGS2ORD0015508,C013044,2025-05-03 19:00:00,Female,34,Bronze,Web,Remote_Area,1088,Lazada,Credit_Card,19,5,5,1,30-40,36.266666666666666,3.0,1.0,0.3333333333333333,69,23,10122.28,0.28,0.0,0.6666666666666666,0.0,0.0,0,0,0.0,1699.45,1,0,0.0,30366.84,3,1,0.3333333333333333,30366.84,3,1,0.3333333333333333,1
LGS2ORD0015509,C010397,2025-05-03 20:00:00,Male,34,Bronze,Web,Nakhon Ratchasima,187,CallCenter,Credit_Card,20,5,5,1,30-40,6.233333333333333,2.0,0.0,0.0,-1,69,4249.71,0.18,0.5,0.0,0.0,0.0,0,0,0.0,0.0,0,0,0.0,8499.42,2,0,0.0,8499.42,2,0,0.0,0
LGS2ORD0015510,C015968,2025-05-03 20:00:00,Female,30,Silver,Shopee,Chiang Mai,1461,Web,COD,20,5,5,1,20-30,48.7,1.0,1.0,1.0,18,33,1113.13,0.05,1.0,0.0,0.0,0.0,0,0,0.0,0.0,0,0,0.0,1113.13,1,1,1.0,1113.13,1,1,1.0,1
LGS2ORD0015511,C013638,2025-05-03 20:00:00,Male,70,Bronze,Web,Nakhon Ratchasima,416,Lazada,Credit_Card,20,5,5,1,>50,13.866666666666667,3.0,2.0,0.6666666666666666,24,33,4230.903333333333,0.23,0.6666666666666666,0.3333333333333333,0.0,0.0,0,0,0.0,0.0,0,0,0.0,12692.71,3,2,0.6666666666666666,12692.71,3,2,0.6666666666666666,0
LGS2ORD0015512,C012590,2025-05-03 20:00:00,Female,59,Platinum,Shopee,Chiang Mai,604,CallCenter,PromptPay,20,5,5,1,>50,20.133333333333333,4.0,2.0,0.5,0,9,3522.6475,0.3,0.5,0.5,0.0,0.0,0,0,0.0,3841.51,2,2,1.0,7941.76,3,2,0.6666666666666666,14090.59,4,2,0.5,1
LGS2ORD0015513,C012012,2025-05-03 20:00:00,Male,48,Silver,Lazada,Chonburi,361,TV_Show,Credit_Card,20,5,5,1,40-50,12.033333333333333,1.0,0.0,0.0,-1,112,17454.41,0.2,0.0,0.0,0.0,0.0,0,0,0.0,0.0,0,0,0.0,0.0,0,0,0.0,17454.41,1,0,0.0,0
LGS2ORD0015514,C015560,2025-05-03 20:00:00,Female,28,Silver,Web,Phuket,463,Web,COD,20,5,5,1,20-30,15.433333333333334,2.0,1.0,0.5,27,34,10332.12,0.25,1.0,1.0,0.0,0.0,0,0,0.0,0.0,0,0,0.0,17300.33,1,1,1.0,20664.24,2,1,0.5,0
LGS2ORD0015515,C017158,2025-05-03 21:00:00,Male,60,Bronze,CallCenter,Chiang Mai,326,Shopee,Credit_Card,21,5,5,1,>50,10.866666666666667,1.0,0.0,0.0,-1,47,4917.95,0.08,1.0,0.0,0.0,0.0,0,0,0.0,0.0,0,0,0.0,4917.95,1,0,0.0,4917.95,1,0,0.0,0
LGS2ORD0015516,C016086,2025-05-03 21:00:00,Female,44,Bronze,Shopee,Remote_Area,1102,Shopee,PromptPay,21,5,5,1,40-50,36.733333333333334,2.0,0.0,0.0,-1,54,4236.92,0.28,1.0,0.5,0.0,0.0,0,0,0.0,0.0,0,0,0.0,8473.84,2,0,0.0,8473.84,2,0,0.0,0
LGS2ORD0015517,C016460,2025-05-03 21:00:00,Female,58,Silver,CallCenter,Khon Kaen,540,TV_Show,COD,21,5,5,1,>50,18.0,1.0,1.0,1.0,31,40,23649.8,0.2,1.0,0.0,0.0,0.0,0,0,0.0,0.0,0,0,0.0,23649.8,1,1,1.0,23649.8,1,1,1.0,0
LGS2ORD0015518,C010150,2025-05-03 21:00:00,Female,36,Bronze,TV,Nakhon Ratchasima,140,Shopee,COD,21,5,5,1,30-40,4.666666666666667,0.0,0.0,0.0,-1,-1,0.0,0.0,0.0,0.0,0.0,0.0,0,0,0.0,0.0,0,0,0.0,0.0,0,0,0.0,0.0,0,0,0.0,0
LGS2ORD0015519,C013010,2025-05-03 21:00:00,Male,51,Gold,CallCenter,Bangkok,1363,Lazada,Credit_Card,21,5,5,1,>50,45.43333333333333,2.0,0.0,0.0,-1,99,6820.125,0.13,0.5,0.0,0.0,0.0,0,0,0.0,0.0,0,0,0.0,0.0,0,0,0.0,13640.25,2,0,0.0,0
LGS2ORD0015520,C016574,2025-05-03 22:00:00,Female,33,Bronze,Web,Khon Kaen,160,Web,PromptPay,22,5,5,1,30-40,5.333333333333333,2.0,0.0,0.0,-1,100,1277.835,0.23,0.5,0.5,0.0,0.0,0,0,0.0,0.0,0,0,0.0,0.0,0,0,0.0,2555.67,2,0,0.0,0
LGS2ORD0015521,C012553,2025-05-03 22:00:00,Female,45,Bronze,CallCenter,Khon Kaen,410,Lazada,COD,22,5,5,1,40-50,13.666666666666666,2.0,0.0,0.0,-1,93,2180.855,0.18,1.0,0.0,0.0,0.0,0,0,0.0,0.0,0,0,0.0,0.0,0,0,0.0,4361.71,2,0,0.0,0
LGS2ORD0015522,C010419,2025-05-03 22:00:00,Male,37,Bronze,CallCenter,Songkhla,1301,Web,Credit_Card,22,5,5,1,30-40,43.36666666666667,1.0,0.0,0.0,-1,45,19627.18,0.13,0.0,0.0,0.0,0.0,0,0,0.0,0.0,0,0,0.0,19627.18,1,0,0.0,19627.18,1,0,0.0,1
LGS2ORD0015523,C012628,2025-05-03 22:00:00,Male,34,Platinum,Shopee,Bangkok,820,Web,COD,22,5,5,1,30-40,27.333333333333332,2.0,0.0,0.0,-1,51,1043.47,0.25,0.5,1.0,0.0,0.0,0,0,0.0,0.0,0,0,0.0,2086.94,2,0,0.0,2086.94,2,0,0.0,0
LGS2ORD0015524,C012505,2025-05-03 22:00:00,Female,62,Silver,TV,Nakhon Ratchasima,298,TV_Show,COD,22,5,5,1,>50,9.933333333333334,0.0,0.0,0.0,-1,-1,0.0,0.0,0.0,0.0,0.0,0.0,0,0,0.0,0.0,0,0,0.0,0.0,0,0,0.0,0.0,0,0,0.0,0
LGS2ORD0015525,C016391,2025-05-03 23:00:00,Male,37,Bronze,CallCenter,Bangkok,314,TV_Show,Credit_Card,23,5,5,1,30-40,10.466666666666667,4.0,0.0,0.0,-1,54,1648.5900000000001,0.23,0.5,0.25,0.0,0.0,0,0,0.0,0.0,0,0,0.0,5143.870000000001,2,0,0.0,6594.360000000001,4,0,0.0,0
LGS2ORD0015526,C013988,2025-05-03 23:00:00,Male,44,Silver,Web,Nakhon Ratchasima,800,Web,Credit_Card,23,5,5,1,40-50,26.666666666666668,0.0,0.0,0.0,-1,-1,0.0,0.0,0.0,0.0,0.0,0.0,0,0,0.0,0.0,0,0,0.0,0.0,0,0,0.0,0.0,0,0,0.0,0
LGS2ORD0015527,C016380,2025-05-03 23:00:00,Female,60,Bronze,Web,Khon Kaen,652,Web,Bank_Transfer,23,5,5,1,>50,21.733333333333334,2.0,1.0,0.5,72,44,7578.96,0.23,0.0,0.5,0.0,0.0,0,0,0.0,0.0,0,0,0.0,15157.92,2,1,0.5,15157.92,2,1,0.5,1
LGS2ORD0015528,C012660,2025-05-03 23:00:00,Female,58,Bronze,TV,Songkhla,739,Shopee,COD,23,5,5,1,>50,24.633333333333333,2.0,1.0,0.5,57,68,5373.030000000001,0.08,0.5,0.0,0.0,0.0,0,0,0.0,0.0,0,0,0.0,1685.95,1,1,1.0,10746.060000000001,2,1,0.5,1
LGS2ORD0015529,C010921,2025-05-03 23:00:00,Female,39,Gold,Shopee,Remote_Area,884,Shopee,COD,23,5,5,1,30-40,29.466666666666665,2.0,0.0,0.0,-1,86,4927.715,0.28,0.5,1.0,0.0,0.0,0,0,0.0,0.0,0,0,0.0,9855.43,2,0,0.0,9855.43,2,0,0.0,0
LGS2ORD0015530,C015995,2025-05-04 00:00:00,Female,46,Silver,TV,Bangkok,371,TV_Show,Credit_Card,0,5,6,1,40-50,12.366666666666667,2.0,0.0,0.0,-1,60,11759.065,0.15,0.0,0.0,0.0,0.0,0,0,0.0,0.0,0,0,0.0,23518.13,2,0,0.0,23518.13,2,0,0.0,0
LGS2ORD0015531,C016269,2025-05-04 00:00:00,Female,42,Bronze,Shopee,Khon Kaen,1214,Shopee,COD,0,5,6,1,40-50,40.46666666666667,2.0,0.0,0.0,-1,114,3091.035,0.28,0.0,0.5,0.0,0.0,0,0,0.0,0.0,0,0,0.0,0.0,0,0,0.0,6182.07,2,0,0.0,1
LGS2ORD0015532,C017392,2025-05-04 00:00:00,Female,36,Bronze,Web,Khon Kaen,717,Web,Bank_Transfer,0,5,6,1,30-40,23.9,3.0,1.0,0.3333333333333333,71,5,9872.13,0.18,0.3333333333333333,0.0,0.0,13711.43,1,0,0.0,13711.43,1,0,0.0,29616.39,3,1,0.3333333333333333,29616.39,3,1,0.3333333333333333,0
LGS2ORD0015533,C016665,2025-05-04 00:00:00,Male,34,Bronze,Web,Chonburi,1025,Lazada,COD,0,5,6,1,30-40,34.166666666666664,1.0,0.0,0.0,-1,5,2215.47,0.03,1.0,0.0,0.0,2215.47,1,0,0.0,2215.47,1,0,0.0,2215.47,1,0,0.0,2215.47,1,0,0.0,0
LGS2ORD0015534,C012322,2025-05-04 00:00:00,Male,24,Silver,TV,Nakhon Ratchasima,222,CallCenter,COD,0,5,6,1,20-30,7.4,3.0,1.0,0.3333333333333333,72,18,5074.45,0.1,0.6666666666666666,0.0,0.0,0.0,0,0,0.0,556.09,1,0,0.0,15223.349999999999,3,1,0.3333333333333333,15223.349999999999,3,1,0.3333333333333333,0
LGS2ORD0015535,C011125,2025-05-04 00:00:00,Other,64,Bronze,TV,Remote_Area,1327,TV_Show,COD,0,5,6,1,>50,44.233333333333334,3.0,1.0,0.3333333333333333,4,8,9770.753333333334,0.23,0.3333333333333333,0.6666666666666666,0.0,0.0,0,0,0.0,14821.23,2,1,0.5,29312.260000000002,3,1,0.3333333333333333,29312.260000000002,3,1,0.3333333333333333,1
LGS2ORD0015536,C016035,2025-05-04 01:00:00,Female,38,Silver,Lazada,Chonburi,1341,Shopee,PromptPay,1,5,6,1,30-40,44.7,2.0,0.0,0.0,-1,16,4415.085,0.1,0.0,0.0,0.0,0.0,0,0,0.0,1045.24,1,0,0.0,1045.24,1,0,0.0,8830.17,2,0,0.0,1
LGS2ORD0015537,C017617,2025-05-04 01:00:00,Female,44,Bronze,TV,Remote_Area,1249,Web,COD,1,5,6,1,40-50,41.63333333333333,2.0,2.0,1.0,21,35,6563.54,0.23,1.0,0.5,0.0,0.0,0,0,0.0,0.0,0,0,0.0,13127.08,2,2,1.0,13127.08,2,2,1.0,0
LGS2ORD0015538,C012100,2025-05-04 01:00:00,Female,61,Platinum,CallCenter,Khon Kaen,576,Shopee,COD,1,5,6,1,>50,19.2,2.0,0.0,0.0,-1,31,7899.6900000000005,0.3,0.5,1.0,0.0,0.0,0,0,0.0,0.0,0,0,0.0,15190.37,1,0,0.0,15799.380000000001,2,0,0.0,1
LGS2ORD0015539,C014918,2025-05-04 01:00:00,Female,34,Gold,TV,Khon Kaen,876,Shopee,COD,1,5,6,1,30-40,29.2,4.0,1.0,0.25,49,17,2112.89,0.33,0.5,0.5,0.0,0.0,0,0,0.0,1937.53,1,0,0.0,8451.56,4,1,0.25,8451.56,4,1,0.25,1
LGS2ORD0015540,C016341,2025-05-04 01:00:00,Other,36,Bronze,Web,Phuket,283,Lazada,COD,1,5,6,1,30-40,9.433333333333334,5.0,3.0,0.6,23,24,4414.7300000000005,0.23,0.8,0.2,0.0,0.0,0,0,0.0,4832.82,2,1,0.5,18917.63,4,3,0.75,22073.65,5,3,0.6,0
LGS2ORD0015541,C013211,2025-05-04 02:00:00,Female,36,Bronze,TV,Chiang Mai,488,Shopee,COD,2,5,6,1,30-40,16.266666666666666,0.0,0.0,0.0,-1,-1,0.0,0.0,0.0,0.0,0.0,0.0,0,0,0.0,0.0,0,0,0.0,0.0,0,0,0.0,0.0,0,0,0.0,0
LGS2ORD0015542,C010852,2025-05-04 02:00:00,Male,49,Gold,Web,Chiang Mai,1383,TV_Show,PromptPay,2,5,6,1,40-50,46.1,2.0,0.0,0.0,-1,71,1769.245,0.28,1.0,0.5,0.0,0.0,0,0,0.0,0.0,0,0,0.0,1633.01,1,0,0.0,3538.49,2,0,0.0,0
LGS2ORD0015543,C013753,2025-05-04 02:00:00,Male,40,Platinum,Web,Khon Kaen,1565,TV_Show,COD,2,5,6,1,30-40,52.166666666666664,1.0,0.0,0.0,-1,116,3588.13,0.1,0.0,0.0,0.0,0.0,0,0,0.0,0.0,0,0,0.0,0.0,0,0,0.0,3588.13,1,0,0.0,0
LGS2ORD0015544,C016819,2025-05-04 02:00:00,Female,62,Bronze,TV,Bangkok,292,Lazada,Bank_Transfer,2,5,6,1,>50,9.733333333333333,5.0,2.0,0.4,-3,8,5981.169999999999,0.28,0.4,0.4,0.0,0.0,0,0,0.0,7184.63,2,1,0.5,29905.849999999995,5,2,0.4,29905.849999999995,5,2,0.4,0
LGS2ORD0015545,C010561,2025-05-04 02:00:00,Male,24,Bronze,Web,Phuket,401,Web,COD,2,5,6,1,20-30,13.366666666666667,1.0,0.0,0.0,-1,26,4212.68,0.03,0.0,0.0,0.0,0.0,0,0,0.0,4212.68,1,0,0.0,4212.68,1,0,0.0,4212.68,1,0,0.0,1
LGS2ORD0015546,C010709,2025-05-04 03:00:00,Female,41,Bronze,CallCenter,Remote_Area,670,Web,COD,3,5,6,1,40-50,22.333333333333332,2.0,1.0,0.5,93,50,9940.935,0.23,0.0,0.5,0.0,0.0,0,0,0.0,0.0,0,0,0.0,13334.57,1,0,0.0,19881.87,2,1,0.5,1
LGS2ORD0015547,C013154,2025-05-04 03:00:00,Female,54,Gold,Lazada,Phuket,1127,TV_Show,PromptPay,3,5,6,1,>50,37.56666666666667,1.0,1.0,1.0,27,34,5500.55,0.08,1.0,0.0,0.0,0.0,0,0,0.0,0.0,0,0,0.0,5500.55,1,1,1.0,5500.55,1,1,1.0,1
LGS2ORD0015548,C016917,2025-05-04 03:00:00,Female,48,Bronze,TV,Chonburi,1171,Web,COD,3,5,6,1,40-50,39.03333333333333,2.0,0.0,0.0,-1,34,2383.195,0.28,1.0,1.0,0.0,0.0,0,0,0.0,0.0,0,0,0.0,1051.32,1,0,0.0,4766.39,2,0,0.0,1
LGS2ORD0015549,C013100,2025-05-04 03:00:00,Male,41,Silver,Lazada,Songkhla,330,CallCenter,COD,3,5,6,1,40-50,11.0,1.0,0.0,0.0,-1,114,4615.26,0.05,1.0,0.0,0.0,0.0,0,0,0.0,0.0,0,0,0.0,0.0,0,0,0.0,4615.26,1,0,0.0,1
LGS2ORD0015550,C015736,2025-05-04 03:00:00,Female,33,Bronze,TV,Bangkok,587,TV_Show,Credit_Card,3,5,6,1,30-40,19.566666666666666,0.0,0.0,0.0,-1,-1,0.0,0.0,0.0,0.0,0.0,0.0,0,0,0.0,0.0,0,0,0.0,0.0,0,0,0.0,0.0,0,0,0.0,0
LGS2ORD0015551,C016828,2025-05-04 03:00:00,Female,37,Platinum,Web,Bangkok,1463,Web,Credit_Card,3,5,6,1,30-40,48.766666666666666,1.0,0.0,0.0,-1,35,3438.35,0.1,0.0,0.0,0.0,0.0,0,0,0.0,0.0,0,0,0.0,3438.35,1,0,0.0,3438.35,1,0,0.0,0
LGS2ORD0015552,C010874,2025-05-04 04:00:00,Male,52,Bronze,Web,Bangkok,153,Shopee,COD,4,5,6,1,>50,5.1,1.0,0.0,0.0,-1,15,1572.04,0.28,0.0,1.0,0.0,0.0,0,0,0.0,1572.04,1,0,0.0,1572.04,1,0,0.0,1572.04,1,0,0.0,0
LGS2ORD0015553,C015134,2025-05-04 04:00:00,Female,37,Bronze,CallCenter,Khon Kaen,467,CallCenter,PromptPay,4,5,6,1,30-40,15.566666666666666,1.0,0.0,0.0,-1,93,5820.73,0.08,1.0,0.0,0.0,0.0,0,0,0.0,0.0,0,0,0.0,0.0,0,0,0.0,5820.73,1,0,0.0,0
LGS2ORD0015554,C012913,2025-05-04 04:00:00,Male,19,Silver,Lazada,Bangkok,1057,Shopee,Credit_Card,4,5,6,1,<20,35.233333333333334,1.0,0.0,0.0,-1,22,2649.54,0.1,1.0,0.0,0.0,0.0,0,0,0.0,2649.54,1,0,0.0,2649.54,1,0,0.0,2649.54,1,0,0.0,0
LGS2ORD0015555,C016915,2025-05-04 04:00:00,Female,57,Bronze,TV,Chonburi,290,TV_Show,Credit_Card,4,5,6,1,>50,9.666666666666666,4.0,0.0,0.0,-1,66,2096.6875,0.28,0.5,0.25,0.0,0.0,0,0,0.0,0.0,0,0,0.0,5027.46,3,0,0.0,8386.75,4,0,0.0,0
LGS2ORD0015556,C012259,2025-05-04 04:00:00,Other,42,Bronze,Shopee,Bangkok,1095,TV_Show,COD,4,5,6,1,40-50,36.5,3.0,1.0,0.3333333333333333,29,36,5446.286666666666,0.18,0.3333333333333333,0.0,0.0,0.0,0,0,0.0,0.0,0,0,0.0,9037.24,2,1,0.5,16338.859999999999,3,1,0.3333333333333333,0
LGS2ORD0015557,C013622,2025-05-04 05:00:00,Female,48,Bronze,Shopee,Nakhon Ratchasima,345,CallCenter,COD,5,5,6,1,40-50,11.5,1.0,0.0,0.0,-1,84,4189.17,0.03,1.0,0.0,0.0,0.0,0,0,0.0,0.0,0,0,0.0,4189.17,1,0,0.0,4189.17,1,0,0.0,0
LGS2ORD0015558,C011910,2025-05-04 05:00:00,Female,31,Silver,TV,Chonburi,1267,Web,Bank_Transfer,5,5,6,1,30-40,42.233333333333334,2.0,0.0,0.0,-1,13,3398.685,0.2,0.0,0.0,0.0,0.0,0,0,0.0,1594.29,1,0,0.0,6797.37,2,0,0.0,6797.37,2,0,0.0,1
LGS2ORD0015559,C016930,2025-05-04 05:00:00,Female,62,Bronze,Web,Songkhla,499,TV_Show,PromptPay,5,5,6,1,>50,16.633333333333333,0.0,0.0,0.0,-1,-1,0.0,0.0,0.0,0.0,0.0,0.0,0,0,0.0,0.0,0,0,0.0,0.0,0,0,0.0,0.0,0,0,0.0,0
LGS2ORD0015560,C012593,2025-05-04 05:00:00,Female,45,Bronze,TV,Remote_Area,287,TV_Show,Credit_Card,5,5,6,1,40-50,9.566666666666666,2.0,0.0,0.0,-1,65,6813.85,0.03,0.5,0.0,0.0,0.0,0,0,0.0,0.0,0,0,0.0,13627.7,2,0,0.0,13627.7,2,0,0.0,0
LGS2ORD0015561,C016326,2025-05-04 05:00:00,Female,44,Silver,Shopee,Phuket,1386,TV_Show,Credit_Card,5,5,6,1,40-50,46.2,2.0,0.0,0.0,-1,21,13505.875,0.25,1.0,0.5,0.0,0.0,0,0,0.0,23734.22,1,0,0.0,27011.75,2,0,0.0,27011.75,2,0,0.0,0
LGS2ORD0015562,C017134,2025-05-04 06:00:00,Female,51,Silver,TV,Khon Kaen,1559,Lazada,COD,6,5,6,1,>50,51.96666666666667,3.0,0.0,0.0,-1,10,5263.156666666667,0.25,0.6666666666666666,0.3333333333333333,0.0,0.0,0,0,0.0,3022.68,1,0,0.0,7117.27,2,0,0.0,15789.470000000001,3,0,0.0,0
LGS2ORD0015563,C013625,2025-05-04 06:00:00,Male,43,Bronze,Web,Bangkok,1525,Web,Credit_Card,6,5,6,1,40-50,50.833333333333336,0.0,0.0,0.0,-1,-1,0.0,0.0,0.0,0.0,0.0,0.0,0,0,0.0,0.0,0,0,0.0,0.0,0,0,0.0,0.0,0,0,0.0,0
LGS2ORD0015564,C010750,2025-05-04 06:00:00,Male,35,Silver,Lazada,Remote_Area,195,TV_Show,Credit_Card,6,5,6,1,30-40,6.5,0.0,0.0,0.0,-1,-1,0.0,0.0,0.0,0.0,0.0,0.0,0,0,0.0,0.0,0,0,0.0,0.0,0,0,0.0,0.0,0,0,0.0,0
LGS2ORD0015565,C014881,2025-05-04 06:00:00,Female,55,Bronze,TV,Bangkok,701,Lazada,Credit_Card,6,5,6,1,>50,23.366666666666667,4.0,1.0,0.25,19,26,10220.7775,0.18,0.25,0.0,0.0,0.0,0,0,0.0,778.34,1,1,1.0,38952.81,3,1,0.3333333333333333,40883.11,4,1,0.25,0
LGS2ORD0015566,C012044,2025-05-04 06:00:00,Female,66,Bronze,Shopee,Chonburi,1353,CallCenter,Credit_Card,6,5,6,1,>50,45.1,3.0,0.0,0.0,-1,1,2811.01,0.23,0.6666666666666666,0.3333333333333333,0.0,2800.98,1,0,0.0,8433.03,3,0,0.0,8433.03,3,0,0.0,8433.03,3,0,0.0,0
LGS2ORD0015567,C014804,2025-05-04 07:00:00,Male,27,Bronze,Lazada,Songkhla,1468,Lazada,Credit_Card,7,5,6,1,20-30,48.93333333333333,2.0,0.0,0.0,-1,38,15580.1,0.08,0.0,0.0,0.0,0.0,0,0,0.0,0.0,0,0,0.0,24613.38,1,0,0.0,31160.2,2,0,0.0,0
LGS2ORD0015568,C016803,2025-05-04 07:00:00,Male,23,Silver,TV,Chiang Mai,286,CallCenter,PromptPay,7,5,6,1,20-30,9.533333333333333,2.0,1.0,0.5,79,90,1786.38,0.3,0.5,0.5,0.0,0.0,0,0,0.0,0.0,0,0,0.0,0.0,0,0,0.0,3572.76,2,1,0.5,0
LGS2ORD0015569,C015180,2025-05-04 07:00:00,Male,44,Platinum,Shopee,Remote_Area,882,Lazada,COD,7,5,6,1,40-50,29.4,2.0,2.0,1.0,-2,14,5930.66,0.3,1.0,1.0,0.0,0.0,0,0,0.0,9450.71,1,1,1.0,9450.71,1,1,1.0,11861.32,2,2,1.0,0
LGS2ORD0015570,C016591,2025-05-04 07:00:00,Male,34,Bronze,Shopee,Remote_Area,853,Lazada,Bank_Transfer,7,5,6,1,30-40,28.433333333333334,3.0,1.0,0.3333333333333333,0,7,5400.863333333334,0.18,0.6666666666666666,0.0,0.0,0.0,0,0,0.0,7308.11,1,1,1.0,16202.59,3,1,0.3333333333333333,16202.59,3,1,0.3333333333333333,1
LGS2ORD0015571,C013023,2025-05-04 07:00:00,Male,46,Platinum,TV,Bangkok,523,TV_Show,PromptPay,7,5,6,1,40-50,17.433333333333334,2.0,0.0,0.0,-1,5,3902.355,0.15,0.5,0.0,0.0,3891.19,1,0,0.0,7804.71,2,0,0.0,7804.71,2,0,0.0,7804.71,2,0,0.0,0
LGS2ORD0015572,C014776,2025-05-04 07:00:00,Female,41,Bronze,Lazada,Khon Kaen,824,TV_Show,Credit_Card,7,5,6,1,40-50,27.466666666666665,3.0,0.0,0.0,-1,75,3776.9066666666663,0.08,0.3333333333333333,0.0,0.0,0.0,0,0,0.0,0.0,0,0,0.0,9150.74,2,0,0.0,11330.72,3,0,0.0,0
LGS2ORD0015573,C011924,2025-05-04 08:00:00,Female,32,Bronze,TV,Chonburi,398,Lazada,Bank_Transfer,8,5,6,1,30-40,13.266666666666667,3.0,2.0,0.6666666666666666,52,13,12957.296666666667,0.23,0.0,0.6666666666666666,0.0,0.0,0,0,0.0,9016.77,1,0,0.0,23582.02,2,1,0.5,38871.89,3,2,0.6666666666666666,0
LGS2ORD0015574,C011516,2025-05-04 08:00:00,Female,28,Bronze,TV,Nakhon Ratchasima,1429,Shopee,COD,8,5,6,1,20-30,47.63333333333333,1.0,0.0,0.0,-1,13,6486.62,0.23,0.0,1.0,0.0,0.0,0,0,0.0,6486.62,1,0,0.0,6486.62,1,0,0.0,6486.62,1,0,0.0,1
LGS2ORD0015575,C010623,2025-05-04 08:00:00,Male,52,Silver,CallCenter,Nakhon Ratchasima,800,CallCenter,Credit_Card,8,5,6,1,>50,26.666666666666668,5.0,1.0,0.2,34,36,7762.695999999999,0.25,0.6,0.2,0.0,0.0,0,0,0.0,0.0,0,0,0.0,27568.719999999998,4,1,0.25,38813.479999999996,5,1,0.2,0
LGS2ORD0015576,C010784,2025-05-04 08:00:00,Female,51,Silver,Lazada,Khon Kaen,1222,TV_Show,PromptPay,8,5,6,1,>50,40.733333333333334,5.0,2.0,0.4,62,3,2599.326,0.25,0.4,0.2,0.0,898.13,1,0,0.0,6606.0,2,0,0.0,12996.63,5,2,0.4,12996.63,5,2,0.4,0
LGS2ORD0015577,C015257,2025-05-04 08:00:00,Female,36,Gold,Shopee,Khon Kaen,779,Web,COD,8,5,6,1,30-40,25.966666666666665,0.0,0.0,0.0,-1,-1,0.0,0.0,0.0,0.0,0.0,0.0,0,0,0.0,0.0,0,0,0.0,0.0,0,0,0.0,0.0,0,0,0.0,0
LGS2ORD0015578,C017881,2025-05-04 09:00:00,Female,48,Platinum,Web,Chiang Mai,1562,Shopee,COD,9,5,6,1,40-50,52.06666666666667,3.0,0.0,0.0,-1,9,11418.19,0.3,0.6666666666666666,0.6666666666666666,0.0,0.0,0,0,0.0,3284.16,1,0,0.0,34254.57,3,0,0.0,34254.57,3,0,0.0,1
LGS2ORD0015579,C012674,2025-05-04 09:00:00,Female,50,Bronze,Web,Khon Kaen,819,CallCenter,PromptPay,9,5,6,1,40-50,27.3,1.0,0.0,0.0,-1,19,5553.12,0.18,0.0,0.0,0.0,0.0,0,0,0.0,5553.12,1,0,0.0,5553.12,1,0,0.0,5553.12,1,0,0.0,0
LGS2ORD0015580,C012495,2025-05-04 09:00:00,Female,38,Silver,Shopee,Nakhon Ratchasima,759,CallCenter,COD,9,5,6,1,30-40,25.3,1.0,0.0,0.0,-1,8,1824.95,0.2,1.0,0.0,0.0,0.0,0,0,0.0,1824.95,1,0,0.0,1824.95,1,0,0.0,1824.95,1,0,0.0,1
LGS2ORD0015581,C016824,2025-05-04 09:00:00,Male,53,Bronze,Lazada,Bangkok,801,Shopee,COD,9,5,6,1,>50,26.7,1.0,1.0,1.0,56,71,5860.27,0.18,0.0,0.0,0.0,0.0,0,0,0.0,0.0,0,0,0.0,5860.27,1,1,1.0,5860.27,1,1,1.0,0
LGS2ORD0015582,C011168,2025-05-04 09:00:00,Male,45,Bronze,Lazada,Bangkok,150,Lazada,Bank_Transfer,9,5,6,1,40-50,5.0,3.0,0.0,0.0,-1,54,5278.453333333334,0.18,0.6666666666666666,0.0,0.0,0.0,0,0,0.0,0.0,0,0,0.0,13840.150000000001,2,0,0.0,15835.36,3,0,0.0,0
LGS2ORD0015583,C011103,2025-05-04 10:00:00,Female,50,Gold,CallCenter,Phuket,1396,TV_Show,Credit_Card,10,5,6,1,40-50,46.53333333333333,5.0,2.0,0.4,68,10,4238.848,0.33,0.4,0.6,0.0,0.0,0,0,0.0,1971.32,1,0,0.0,21194.24,5,2,0.4,21194.24,5,2,0.4,0
LGS2ORD0015584,C013099,2025-05-04 10:00:00,Male,23,Silver,Web,Khon Kaen,677,Lazada,Credit_Card,10,5,6,1,20-30,22.566666666666666,2.0,0.0,0.0,-1,25,1490.3649999999998,0.3,0.5,0.5,0.0,0.0,0,0,0.0,1581.62,1,0,0.0,2980.7299999999996,2,0,0.0,2980.7299999999996,2,0,0.0,0
LGS2ORD0015585,C017636,2025-05-04 10:00:00,Female,42,Bronze,TV,Nakhon Ratchasima,628,TV_Show,Credit_Card,10,5,6,1,40-50,20.933333333333334,3.0,0.0,0.0,-1,25,2231.1666666666665,0.23,0.6666666666666666,0.3333333333333333,0.0,0.0,0,0,0.0,1521.87,1,0,0.0,2488.5699999999997,2,0,0.0,6693.5,3,0,0.0,0
LGS2ORD0015586,C015205,2025-05-04 10:00:00,Female,58,Bronze,Shopee,Bangkok,255,Web,COD,10,5,6,1,>50,8.5,5.0,0.0,0.0,-1,102,3206.464,0.23,0.6,0.2,0.0,0.0,0,0,0.0,0.0,0,0,0.0,0.0,0,0,0.0,16032.32,5,0,0.0,0
LGS2ORD0015587,C015641,2025-05-04 10:00:00,Female,52,Gold,TV,Nakhon Ratchasima,144,CallCenter,COD,10,5,6,1,>50,4.8,1.0,0.0,0.0,-1,73,732.24,0.18,0.0,0.0,0.0,0.0,0,0,0.0,0.0,0,0,0.0,732.24,1,0,0.0,732.24,1,0,0.0,0
LGS2ORD0015588,C012962,2025-05-04 11:00:00,Male,35,Gold,Web,Khon Kaen,934,TV_Show,COD,11,5,6,1,30-40,31.133333333333333,2.0,1.0,0.5,37,45,1809.045,0.13,0.0,0.0,0.0,0.0,0,0,0.0,0.0,0,0,0.0,1561.23,1,1,1.0,3618.09,2,1,0.5,1
LGS2ORD0015589,C013023,2025-05-04 11:00:00,Male,46,Platinum,TV,Bangkok,523,Lazada,COD,11,5,6,1,40-50,17.433333333333334,3.0,0.0,0.0,-1,0,4568.766666666666,0.25,0.3333333333333333,0.3333333333333333,0.0,9792.78,2,0,0.0,13706.3,3,0,0.0,13706.3,3,0,0.0,13706.3,3,0,0.0,1
LGS2ORD0015590,C012157,2025-05-04 11:00:00,Male,54,Silver,Shopee,Remote_Area,299,Shopee,Credit_Card,11,5,6,1,>50,9.966666666666667,5.0,1.0,0.2,105,21,2561.6440000000002,0.3,0.6,0.4,0.0,0.0,0,0,0.0,3002.94,1,0,0.0,3002.94,1,0,0.0,12808.220000000001,5,1,0.2,0
LGS2ORD0015591,C010796,2025-05-04 11:00:00,Male,53,Bronze,Web,Bangkok,1397,TV_Show,COD,11,5,6,1,>50,46.56666666666667,3.0,0.0,0.0,-1,47,2957.623333333333,0.18,0.3333333333333333,0.0,0.0,0.0,0,0,0.0,0.0,0,0,0.0,7965.59,2,0,0.0,8872.869999999999,3,0,0.0,1
LGS2ORD0015592,C010747,2025-05-04 11:00:00,Female,49,Silver,TV,Bangkok,923,TV_Show,COD,11,5,6,1,40-50,30.766666666666666,3.0,0.0,0.0,-1,7,5290.8966666666665,0.25,0.6666666666666666,0.6666666666666666,0.0,0.0,0,0,0.0,4088.89,1,0,0.0,15872.689999999999,3,0,0.0,15872.689999999999,3,0,0.0,1
LGS2ORD0015593,C014582,2025-05-04 11:00:00,Male,33,Silver,CallCenter,Bangkok,525,Web,PromptPay,11,5,6,1,30-40,17.5,2.0,0.0,0.0,-1,62,2103.465,0.3,0.0,1.0,0.0,0.0,0,0,0.0,0.0,0,0,0.0,4206.93,2,0,0.0,4206.93,2,0,0.0,0
LGS2ORD0015594,C016463,2025-05-04 12:00:00,Female,35,Silver,CallCenter,Khon Kaen,359,Web,Bank_Transfer,12,5,6,1,30-40,11.966666666666667,2.0,0.0,0.0,-1,96,8096.094999999999,0.1,0.0,0.0,0.0,0.0,0,0,0.0,0.0,0,0,0.0,0.0,0,0,0.0,16192.189999999999,2,0,0.0,0
LGS2ORD0015595,C015660,2025-05-04 12:00:00,Male,33,Bronze,TV,Remote_Area,196,Lazada,COD,12,5,6,1,30-40,6.533333333333333,2.0,0.0,0.0,-1,97,5564.120000000001,0.13,0.5,0.0,0.0,0.0,0,0,0.0,0.0,0,0,0.0,0.0,0,0,0.0,11128.240000000002,2,0,0.0,0
LGS2ORD0015596,C012547,2025-05-04 12:00:00,Male,47,Bronze,Shopee,Chiang Mai,1197,Web,COD,12,5,6,1,40-50,39.9,0.0,0.0,0.0,-1,-1,0.0,0.0,0.0,0.0,0.0,0.0,0,0,0.0,0.0,0,0,0.0,0.0,0,0,0.0,0.0,0,0,0.0,0
LGS2ORD0015597,C017649,2025-05-04 12:00:00,Male,21,Bronze,TV,Songkhla,1121,Shopee,Credit_Card,12,5,6,1,20-30,37.36666666666667,2.0,1.0,0.5,-1,15,5857.72,0.23,0.5,0.5,0.0,0.0,0,0,0.0,3996.76,1,1,1.0,11715.44,2,1,0.5,11715.44,2,1,0.5,1
LGS2ORD0015598,C014011,2025-05-04 12:00:00,Female,46,Silver,CallCenter,Phuket,1193,TV_Show,Credit_Card,12,5,6,1,40-50,39.766666666666666,3.0,0.0,0.0,-1,7,4380.946666666667,0.2,0.3333333333333333,0.0,0.0,0.0,0,0,0.0,1970.84,1,0,0.0,13142.84,3,0,0.0,13142.84,3,0,0.0,0
LGS2ORD0015599,C012611,2025-05-04 13:00:00,Male,55,Gold,Web,Remote_Area,647,TV_Show,COD,13,5,6,1,>50,21.566666666666666,3.0,1.0,0.3333333333333333,90,47,2338.63,0.28,0.3333333333333333,0.6666666666666666,0.0,0.0,0,0,0.0,0.0,0,0,0.0,5264.63,2,0,0.0,7015.89,3,1,0.3333333333333333,1
LGS2ORD0015600,C010782,2025-05-04 13:00:00,Female,46,Gold,Shopee,Remote_Area,557,Shopee,Bank_Transfer,13,5,6,1,40-50,18.566666666666666,3.0,0.0,0.0,-1,56,1869.6200000000001,0.18,0.3333333333333333,0.0,0.0,0.0,0,0,0.0,0.0,0,0,0.0,4829.57,2,0,0.0,5608.860000000001,3,0,0.0,1
LGS2ORD0015601,C012118,2025-05-04 13:00:00,Male,51,Silver,Shopee,Chiang Mai,979,Lazada,Bank_Transfer,13,5,6,1,>50,32.63333333333333,0.0,0.0,0.0,-1,-1,0.0,0.0,0.0,0.0,0.0,0.0,0,0,0.0,0.0,0,0,0.0,0.0,0,0,0.0,0.0,0,0,0.0,0
LGS2ORD0015602,C012452,2025-05-04 13:00:00,Female,38,Bronze,TV,Bangkok,1337,TV_Show,COD,13,5,6,1,30-40,44.56666666666667,3.0,0.0,0.0,-1,11,2408.0533333333333,0.23,0.6666666666666666,0.3333333333333333,0.0,0.0,0,0,0.0,4339.86,1,0,0.0,7224.16,3,0,0.0,7224.16,3,0,0.0,0
LGS2ORD0015603,C010466,2025-05-04 13:00:00,Other,29,Silver,Shopee,Chonburi,1107,CallCenter,Credit_Card,13,5,6,1,20-30,36.9,4.0,0.0,0.0,-1,26,3528.5325,0.25,0.5,0.5,0.0,0.0,0,0,0.0,198.94,1,0,0.0,7390.74,3,0,0.0,14114.13,4,0,0.0,0
LGS2ORD0015604,C014499,2025-05-04 14:00:00,Male,25,Silver,Shopee,Khon Kaen,476,Shopee,Credit_Card,14,5,6,1,20-30,15.866666666666667,1.0,0.0,0.0,-1,23,1833.65,0.15,0.0,0.0,0.0,0.0,0,0,0.0,1833.65,1,0,0.0,1833.65,1,0,0.0,1833.65,1,0,0.0,0
LGS2ORD0015605,C012683,2025-05-04 14:00:00,Male,61,Silver,Web,Phuket,893,TV_Show,COD,14,5,6,1,>50,29.766666666666666,4.0,1.0,0.25,93,16,5976.8625,0.3,0.5,0.25,0.0,0.0,0,0,0.0,21638.6,3,0,0.0,21638.6,3,0,0.0,23907.45,4,1,0.25,0
LGS2ORD0015606,C017756,2025-05-04 14:00:00,Male,58,Silver,CallCenter,Bangkok,857,Shopee,COD,14,5,6,1,>50,28.566666666666666,2.0,2.0,1.0,105,110,2787.6499999999996,0.2,0.5,0.0,0.0,0.0,0,0,0.0,0.0,0,0,0.0,0.0,0,0,0.0,5575.299999999999,2,2,1.0,1
LGS2ORD0015607,C013808,2025-05-04 14:00:00,Female,34,Bronze,Shopee,Bangkok,977,CallCenter,COD,14,5,6,1,30-40,32.56666666666667,3.0,0.0,0.0,-1,2,3493.5,0.28,0.3333333333333333,0.3333333333333333,0.0,4484.84,1,0,0.0,7571.18,2,0,0.0,10480.5,3,0,0.0,10480.5,3,0,0.0,0
LGS2ORD0015608,C013305,2025-05-04 14:00:00,Female,38,Bronze,Shopee,Chonburi,1395,Web,COD,14,5,6,1,30-40,46.5,4.0,1.0,0.25,47,57,3013.8925,0.18,0.25,0.0,0.0,0.0,0,0,0.0,0.0,0,0,0.0,4505.0599999999995,2,1,0.5,12055.57,4,1,0.25,0
LGS2ORD0015609,C017704,2025-05-04 15:00:00,Male,66,Bronze,TV,Remote_Area,552,Web,COD,15,5,6,1,>50,18.4,4.0,1.0,0.25,103,1,3910.7124999999996,0.23,0.75,0.25,0.0,428.5,1,0,0.0,428.5,1,0,0.0,5140.12,3,0,0.0,15642.849999999999,4,1,0.25,0
LGS2ORD0015610,C011764,2025-05-04 15:00:00,Female,66,Bronze,TV,Remote_Area,1534,Web,Credit_Card,15,5,6,1,>50,51.13333333333333,2.0,0.0,0.0,-1,5,4507.61,0.23,1.0,0.5,0.0,2745.14,1,0,0.0,2745.14,1,0,0.0,2745.14,1,0,0.0,9015.22,2,0,0.0,1
LGS2ORD0015611,C011783,2025-05-04 15:00:00,Male,49,Gold,Web,Chiang Mai,297,TV_Show,COD,15,5,6,1,40-50,9.9,0.0,0.0,0.0,-1,-1,0.0,0.0,0.0,0.0,0.0,0.0,0,0,0.0,0.0,0,0,0.0,0.0,0,0,0.0,0.0,0,0,0.0,0
LGS2ORD0015612,C017518,2025-05-04 15:00:00,Female,24,Silver,Lazada,Khon Kaen,1101,Lazada,COD,15,5,6,1,20-30,36.7,1.0,0.0,0.0,-1,88,7512.42,0.2,1.0,0.0,0.0,0.0,0,0,0.0,0.0,0,0,0.0,7512.42,1,0,0.0,7512.42,1,0,0.0,1
LGS2ORD0015613,C014638,2025-05-04 15:00:00,Female,58,Bronze,TV,Bangkok,683,TV_Show,Credit_Card,15,5,6,1,>50,22.766666666666666,2.0,1.0,0.5,74,73,9146.505,0.13,1.0,0.0,0.0,0.0,0,0,0.0,0.0,0,0,0.0,18293.01,2,1,0.5,18293.01,2,1,0.5,0
LGS2ORD0015614,C010602,2025-05-04 15:00:00,Male,18,Bronze,TV,Chiang Mai,687,Web,COD,15,5,6,1,<20,22.9,1.0,0.0,0.0,-1,100,4208.76,0.18,1.0,0.0,0.0,0.0,0,0,0.0,0.0,0,0,0.0,0.0,0,0,0.0,4208.76,1,0,0.0,0
LGS2ORD0015615,C013578,2025-05-04 16:00:00,Male,30,Silver,Lazada,Khon Kaen,1483,Shopee,COD,16,5,6,1,20-30,49.43333333333333,1.0,0.0,0.0,-1,118,16093.54,0.05,0.0,0.0,0.0,0.0,0,0,0.0,0.0,0,0,0.0,0.0,0,0,0.0,16093.54,1,0,0.0,0
LGS2ORD0015616,C014636,2025-05-04 16:00:00,Female,29,Bronze,TV,Remote_Area,1201,Lazada,COD,16,5,6,1,20-30,40.03333333333333,5.0,2.0,0.4,-3,3,6491.773999999999,0.28,0.8,0.6,0.0,6727.25,1,1,1.0,14622.54,3,2,0.6666666666666666,32458.87,5,2,0.4,32458.87,5,2,0.4,0
LGS2ORD0015617,C011886,2025-05-04 16:00:00,Male,56,Bronze,Lazada,Khon Kaen,874,Lazada,COD,16,5,6,1,>50,29.133333333333333,3.0,1.0,0.3333333333333333,17,25,3317.653333333333,0.23,0.3333333333333333,0.3333333333333333,0.0,0.0,0,0,0.0,1944.54,1,1,1.0,1944.54,1,1,1.0,9952.96,3,1,0.3333333333333333,0
LGS2ORD0015618,C013861,2025-05-04 16:00:00,Female,32,Platinum,Lazada,Chonburi,1161,TV_Show,COD,16,5,6,1,30-40,38.7,2.0,1.0,0.5,3,17,9475.41,0.15,0.5,0.0,0.0,0.0,0,0,0.0,12508.12,1,1,1.0,18950.82,2,1,0.5,18950.82,2,1,0.5,1
LGS2ORD0015619,C017661,2025-05-04 16:00:00,Male,44,Bronze,TV,Khon Kaen,1148,Shopee,COD,16,5,6,1,40-50,38.266666666666666,1.0,0.0,0.0,-1,65,4748.74,0.08,0.0,0.0,0.0,0.0,0,0,0.0,0.0,0,0,0.0,4748.74,1,0,0.0,4748.74,1,0,0.0,0
LGS2ORD0015620,C016046,2025-05-04 17:00:00,Male,47,Bronze,Web,Remote_Area,587,Shopee,COD,17,5,6,1,40-50,19.566666666666666,1.0,0.0,0.0,-1,35,3852.82,0.18,0.0,0.0,0.0,0.0,0,0,0.0,0.0,0,0,0.0,3852.82,1,0,0.0,3852.82,1,0,0.0,1
LGS2ORD0015621,C011150,2025-05-04 17:00:00,Male,63,Bronze,Shopee,Bangkok,1257,Web,Bank_Transfer,17,5,6,1,>50,41.9,1.0,0.0,0.0,-1,87,1924.22,0.23,1.0,1.0,0.0,0.0,0,0,0.0,0.0,0,0,0.0,1924.22,1,0,0.0,1924.22,1,0,0.0,0
LGS2ORD0015622,C010553,2025-05-04 17:00:00,Female,62,Bronze,Shopee,Bangkok,1191,TV_Show,COD,17,5,6,1,>50,39.7,3.0,1.0,0.3333333333333333,101,102,5206.8533333333335,0.18,0.3333333333333333,0.0,0.0,0.0,0,0,0.0,0.0,0,0,0.0,0.0,0,0,0.0,15620.560000000001,3,1,0.3333333333333333,0
LGS2ORD0015623,C017913,2025-05-04 17:00:00,Male,42,Gold,Lazada,Chiang Mai,846,Lazada,COD,17,5,6,1,40-50,28.2,2.0,0.0,0.0,-1,31,1251.7450000000001,0.18,0.5,0.0,0.0,0.0,0,0,0.0,0.0,0,0,0.0,2306.53,1,0,0.0,2503.4900000000002,2,0,0.0,1
LGS2ORD0015624,C014408,2025-05-04 17:00:00,Female,27,Silver,Shopee,Songkhla,528,Shopee,Credit_Card,17,5,6,1,20-30,17.6,3.0,0.0,0.0,-1,58,7255.849999999999,0.3,0.6666666666666666,1.0,0.0,0.0,0,0,0.0,0.0,0,0,0.0,20052.93,2,0,0.0,21767.55,3,0,0.0,1
LGS2ORD0015625,C010839,2025-05-04 18:00:00,Female,57,Silver,Web,Phuket,217,TV_Show,COD,18,5,6,1,>50,7.233333333333333,5.0,1.0,0.2,109,13,12847.862,0.25,0.6,0.2,0.0,0.0,0,0,0.0,38681.56,1,0,0.0,54853.28,3,0,0.0,64239.31,5,1,0.2,0
LGS2ORD0015626,C011065,2025-05-04 18:00:00,Male,35,Platinum,Web,Chiang Mai,917,CallCenter,Credit_Card,18,5,6,1,30-40,30.566666666666666,2.0,0.0,0.0,-1,76,7271.725,0.15,0.5,0.0,0.0,0.0,0,0,0.0,0.0,0,0,0.0,986.41,1,0,0.0,14543.45,2,0,0.0,0
LGS2ORD0015627,C011916,2025-05-04 18:00:00,Male,55,Bronze,TV,Songkhla,884,Lazada,COD,18,5,6,1,>50,29.466666666666665,3.0,1.0,0.3333333333333333,44,55,6501.026666666668,0.08,1.0,0.0,0.0,0.0,0,0,0.0,0.0,0,0,0.0,18361.489999999998,2,1,0.5,19503.08,3,1,0.3333333333333333,0
LGS2ORD0015628,C013712,2025-05-04 18:00:00,Female,51,Bronze,CallCenter,Remote_Area,542,TV_Show,Credit_Card,18,5,6,1,>50,18.066666666666666,2.0,0.0,0.0,-1,75,6400.22,0.03,1.0,0.0,0.0,0.0,0,0,0.0,0.0,0,0,0.0,11596.92,1,0,0.0,12800.44,2,0,0.0,1
LGS2ORD0015629,C012062,2025-05-04 18:00:00,Male,25,Silver,Web,Chonburi,1499,Lazada,Bank_Transfer,18,5,6,1,20-30,49.96666666666667,2.0,0.0,0.0,-1,43,5939.85,0.2,0.0,0.0,0.0,0.0,0,0,0.0,0.0,0,0,0.0,11879.7,2,0,0.0,11879.7,2,0,0.0,0
LGS2ORD0015630,C013411,2025-05-04 19:00:00,Female,40,Gold,Web,Bangkok,1207,Shopee,COD,19,5,6,1,30-40,40.233333333333334,4.0,0.0,0.0,-1,27,3629.795,0.28,0.5,0.5,0.0,0.0,0,0,0.0,3674.41,1,0,0.0,14519.18,4,0,0.0,14519.18,4,0,0.0,0
LGS2ORD0015631,C015680,2025-05-04 19:00:00,Male,66,Bronze,Shopee,Remote_Area,1137,TV_Show,Credit_Card,19,5,6,1,>50,37.9,4.0,1.0,0.25,32,14,3279.7775,0.23,0.75,0.25,0.0,0.0,0,0,0.0,627.6,1,0,0.0,13119.11,4,1,0.25,13119.11,4,1,0.25,0
LGS2ORD0015632,C013534,2025-05-04 19:00:00,Female,37,Silver,Web,Bangkok,221,TV_Show,PromptPay,19,5,6,1,30-40,7.366666666666666,0.0,0.0,0.0,-1,-1,0.0,0.0,0.0,0.0,0.0,0.0,0,0,0.0,0.0,0,0,0.0,0.0,0,0,0.0,0.0,0,0,0.0,0
LGS2ORD0015633,C016638,2025-05-04 19:00:00,Male,46,Silver,CallCenter,Phuket,251,Web,Credit_Card,19,5,6,1,40-50,8.366666666666667,3.0,1.0,0.3333333333333333,39,45,1679.0666666666666,0.3,0.0,0.6666666666666666,0.0,0.0,0,0,0.0,0.0,0,0,0.0,4311.04,2,1,0.5,5037.2,3,1,0.3333333333333333,0
LGS2ORD0015634,C013166,2025-05-04 19:00:00,Male,40,Gold,TV,Chiang Mai,1100,Lazada,COD,19,5,6,1,30-40,36.666666666666664,3.0,1.0,0.3333333333333333,87,91,6250.683333333333,0.28,0.0,1.0,0.0,0.0,0,0,0.0,0.0,0,0,0.0,0.0,0,0,0.0,18752.05,3,1,0.3333333333333333,0
LGS2ORD0015635,C011074,2025-05-04 19:00:00,Other,44,Silver,Web,Bangkok,245,TV_Show,PromptPay,19,5,6,1,40-50,8.166666666666666,2.0,0.0,0.0,-1,52,3981.6899999999996,0.1,0.0,0.0,0.0,0.0,0,0,0.0,0.0,0,0,0.0,7963.379999999999,2,0,0.0,7963.379999999999,2,0,0.0,0
LGS2ORD0015636,C010925,2025-05-04 20:00:00,Male,39,Bronze,TV,Chiang Mai,1047,Shopee,COD,20,5,6,1,30-40,34.9,3.0,1.0,0.3333333333333333,2,9,16928.51,0.18,0.6666666666666666,0.0,0.0,0.0,0,0,0.0,29671.61,1,1,1.0,50785.53,3,1,0.3333333333333333,50785.53,3,1,0.3333333333333333,0
LGS2ORD0015637,C010857,2025-05-04 20:00:00,Female,28,Bronze,Shopee,Chiang Mai,459,Web,COD,20,5,6,1,20-30,15.3,3.0,0.0,0.0,-1,36,3217.2233333333334,0.28,0.3333333333333333,0.3333333333333333,0.0,0.0,0,0,0.0,0.0,0,0,0.0,8160.57,2,0,0.0,9651.67,3,0,0.0,0
LGS2ORD0015638,C011350,2025-05-04 20:00:00,Male,39,Platinum,CallCenter,Khon Kaen,285,Web,PromptPay,20,5,6,1,30-40,9.5,0.0,0.0,0.0,-1,-1,0.0,0.0,0.0,0.0,0.0,0.0,0,0,0.0,0.0,0,0,0.0,0.0,0,0,0.0,0.0,0,0,0.0,0
LGS2ORD0015639,C015780,2025-05-04 20:00:00,Female,56,Bronze,TV,Bangkok,382,Web,Credit_Card,20,5,6,1,>50,12.733333333333333,2.0,1.0,0.5,86,5,2846.1949999999997,0.23,0.5,0.5,0.0,2467.33,1,0,0.0,2467.33,1,0,0.0,2467.33,1,0,0.0,5692.389999999999,2,1,0.5,0
LGS2ORD0015640,C017198,2025-05-04 20:00:00,Male,51,Bronze,Shopee,Chonburi,1399,Shopee,PromptPay,20,5,6,1,>50,46.63333333333333,2.0,0.0,0.0,-1,17,11683.425000000001,0.18,0.5,0.0,0.0,0.0,0,0,0.0,5882.27,1,0,0.0,23366.850000000002,2,0,0.0,23366.850000000002,2,0,0.0,0
LGS2ORD0015641,C014794,2025-05-04 21:00:00,Male,66,Bronze,CallCenter,Chiang Mai,1542,CallCenter,COD,21,5,6,1,>50,51.4,0.0,0.0,0.0,-1,-1,0.0,0.0,0.0,0.0,0.0,0.0,0,0,0.0,0.0,0,0,0.0,0.0,0,0,0.0,0.0,0,0,0.0,0
LGS2ORD0015642,C013434,2025-05-04 21:00:00,Female,47,Silver,Lazada,Bangkok,1088,Shopee,COD,21,5,6,1,40-50,36.266666666666666,1.0,0.0,0.0,-1,112,5827.43,0.1,0.0,0.0,0.0,0.0,0,0,0.0,0.0,0,0,0.0,0.0,0,0,0.0,5827.43,1,0,0.0,0
LGS2ORD0015643,C014489,2025-05-04 21:00:00,Female,50,Gold,Lazada,Chonburi,994,CallCenter,COD,21,5,6,1,40-50,33.13333333333333,3.0,0.0,0.0,-1,34,7456.636666666666,0.33,0.3333333333333333,0.6666666666666666,0.0,0.0,0,0,0.0,0.0,0,0,0.0,22369.91,3,0,0.0,22369.91,3,0,0.0,0
LGS2ORD0015644,C012070,2025-05-04 21:00:00,Male,59,Bronze,Lazada,Bangkok,448,TV_Show,PromptPay,21,5,6,1,>50,14.933333333333334,3.0,0.0,0.0,-1,5,5905.056666666667,0.28,0.3333333333333333,0.6666666666666666,0.0,15563.54,1,0,0.0,16643.510000000002,2,0,0.0,16643.510000000002,2,0,0.0,17715.170000000002,3,0,0.0,0
LGS2ORD0015645,C011945,2025-05-04 21:00:00,Female,44,Bronze,CallCenter,Bangkok,647,CallCenter,COD,21,5,6,1,40-50,21.566666666666666,2.0,1.0,0.5,76,24,5990.45,0.23,1.0,1.0,0.0,0.0,0,0,0.0,10905.14,1,0,0.0,10905.14,1,0,0.0,11980.9,2,1,0.5,1
LGS2ORD0015646,C013218,2025-05-04 22:00:00,Male,50,Silver,Web,Bangkok,355,Web,COD,22,5,6,1,40-50,11.833333333333334,1.0,1.0,1.0,57,70,345.5,0.25,0.0,1.0,0.0,0.0,0,0,0.0,0.0,0,0,0.0,345.5,1,1,1.0,345.5,1,1,1.0,0
LGS2ORD0015647,C011995,2025-05-04 22:00:00,Male,47,Bronze,CallCenter,Chiang Mai,305,Shopee,PromptPay,22,5,6,1,40-50,10.166666666666666,0.0,0.0,0.0,-1,-1,0.0,0.0,0.0,0.0,0.0,0.0,0,0,0.0,0.0,0,0,0.0,0.0,0,0,0.0,0.0,0,0,0.0,0
LGS2ORD0015648,C014109,2025-05-04 22:00:00,Male,24,Gold,Shopee,Chonburi,337,Web,PromptPay,22,5,6,1,20-30,11.233333333333333,1.0,0.0,0.0,-1,69,7173.0,0.13,0.0,0.0,0.0,0.0,0,0,0.0,0.0,0,0,0.0,7173.0,1,0,0.0,7173.0,1,0,0.0,0
LGS2ORD0015649,C013461,2025-05-04 22:00:00,Female,47,Bronze,CallCenter,Bangkok,173,Web,Credit_Card,22,5,6,1,40-50,5.766666666666667,3.0,0.0,0.0,-1,36,1595.5933333333335,0.28,0.3333333333333333,0.6666666666666666,0.0,0.0,0,0,0.0,0.0,0,0,0.0,2066.82,2,0,0.0,4786.780000000001,3,0,0.0,0
LGS2ORD0015650,C012533,2025-05-04 22:00:00,Female,31,Bronze,Shopee,Bangkok,692,Shopee,PromptPay,22,5,6,1,30-40,23.066666666666666,2.0,0.0,0.0,-1,52,8934.68,0.18,0.5,0.0,0.0,0.0,0,0,0.0,0.0,0,0,0.0,17411.62,1,0,0.0,17869.36,2,0,0.0,0
LGS2ORD0015651,C016437,2025-05-04 22:00:00,Female,35,Bronze,Web,Songkhla,682,Shopee,COD,22,5,6,1,30-40,22.733333333333334,2.0,1.0,0.5,109,117,10373.994999999999,0.23,0.5,0.5,0.0,0.0,0,0,0.0,0.0,0,0,0.0,0.0,0,0,0.0,20747.989999999998,2,1,0.5,1
LGS2ORD0015652,C010041,2025-05-04 23:00:00,Female,51,Silver,Web,Bangkok,940,Web,COD,23,5,6,1,>50,31.333333333333332,2.0,1.0,0.5,65,75,2832.98,0.25,0.5,0.5,0.0,0.0,0,0,0.0,0.0,0,0,0.0,1876.37,1,1,1.0,5665.96,2,1,0.5,0
LGS2ORD0015653,C016581,2025-05-04 23:00:00,Female,35,Gold,Shopee,Nakhon Ratchasima,1425,TV_Show,Credit_Card,23,5,6,1,30-40,47.5,2.0,0.0,0.0,-1,2,2224.155,0.2299999999999999,0.0,0.5,0.0,1636.93,1,0,0.0,1636.93,1,0,0.0,4448.31,2,0,0.0,4448.31,2,0,0.0,0
LGS2ORD0015654,C010523,2025-05-04 23:00:00,Female,25,Silver,Web,Phuket,1138,TV_Show,COD,23,5,6,1,20-30,37.93333333333333,3.0,0.0,0.0,-1,10,7442.606666666667,0.25,0.0,0.3333333333333333,0.0,0.0,0,0,0.0,16606.61,1,0,0.0,22327.82,3,0,0.0,22327.82,3,0,0.0,1
LGS2ORD0015655,C013559,2025-05-04 23:00:00,Male,44,Silver,TV,Songkhla,235,TV_Show,COD,23,5,6,1,40-50,7.833333333333333,1.0,0.0,0.0,-1,114,503.65,0.2,1.0,0.0,0.0,0.0,0,0,0.0,0.0,0,0,0.0,0.0,0,0,0.0,503.65,1,0,0.0,1
LGS2ORD0015656,C012432,2025-05-04 23:00:00,Female,45,Bronze,TV,Bangkok,497,TV_Show,Bank_Transfer,23,5,6,1,40-50,16.566666666666666,1.0,0.0,0.0,-1,99,1653.12,0.23,0.0,1.0,0.0,0.0,0,0,0.0,0.0,0,0,0.0,0.0,0,0,0.0,1653.12,1,0,0.0,0
LGS2ORD0015657,C012490,2025-05-05 00:00:00,Female,52,Bronze,TV,Remote_Area,154,TV_Show,COD,0,5,0,0,>50,5.133333333333334,3.0,1.0,0.3333333333333333,8,17,2740.976666666667,0.23,0.3333333333333333,0.3333333333333333,0.0,0.0,0,0,0.0,888.67,1,1,1.0,888.67,1,1,1.0,8222.93,3,1,0.3333333333333333,0
LGS2ORD0015658,C016286,2025-05-05 00:00:00,Male,47,Gold,CallCenter,Nakhon Ratchasima,1322,TV_Show,Credit_Card,0,5,0,0,40-50,44.06666666666667,2.0,0.0,0.0,-1,49,1065.335,0.2299999999999999,0.0,0.5,0.0,0.0,0,0,0.0,0.0,0,0,0.0,2130.67,2,0,0.0,2130.67,2,0,0.0,0
LGS2ORD0015659,C016420,2025-05-05 00:00:00,Female,33,Bronze,TV,Chiang Mai,871,TV_Show,Credit_Card,0,5,0,0,30-40,29.033333333333335,4.0,1.0,0.25,111,19,4594.8525,0.23,0.5,0.25,0.0,0.0,0,0,0.0,5853.36,1,0,0.0,6619.889999999999,2,0,0.0,18379.41,4,1,0.25,0
LGS2ORD0015660,C016131,2025-05-05 00:00:00,Male,37,Bronze,Web,Bangkok,785,Web,COD,0,5,0,0,30-40,26.166666666666668,1.0,0.0,0.0,-1,106,4125.95,0.18,1.0,0.0,0.0,0.0,0,0,0.0,0.0,0,0,0.0,0.0,0,0,0.0,4125.95,1,0,0.0,1
LGS2ORD0015661,C014472,2025-05-05 00:00:00,Male,35,Gold,Lazada,Bangkok,908,TV_Show,COD,0,5,0,0,30-40,30.266666666666666,0.0,0.0,0.0,-1,-1,0.0,0.0,0.0,0.0,0.0,0.0,0,0,0.0,0.0,0,0,0.0,0.0,0,0,0.0,0.0,0,0,0.0,0
LGS2ORD0015662,C015907,2025-05-05 01:00:00,Male,37,Silver,Lazada,Khon Kaen,251,TV_Show,Credit_Card,1,5,0,0,30-40,8.366666666666667,2.0,1.0,0.5,37,45,2244.4249999999997,0.1,0.5,0.0,0.0,0.0,0,0,0.0,0.0,0,0,0.0,4319.16,1,1,1.0,4488.849999999999,2,1,0.5,0
LGS2ORD0015663,C013975,2025-05-05 01:00:00,Male,22,Silver,Lazada,Chonburi,167,Web,COD,1,5,0,0,20-30,5.566666666666666,4.0,1.0,0.25,97,16,2532.15,0.2,0.75,0.0,0.0,0.0,0,0,0.0,1711.11,1,0,0.0,4811.83,2,0,0.0,10128.6,4,1,0.25,1
LGS2ORD0015664,C016725,2025-05-05 01:00:00,Female,45,Bronze,Web,Songkhla,1218,TV_Show,PromptPay,1,5,0,0,40-50,40.6,1.0,0.0,0.0,-1,59,12298.75,0.03,0.0,0.0,0.0,0.0,0,0,0.0,0.0,0,0,0.0,12298.75,1,0,0.0,12298.75,1,0,0.0,0
LGS2ORD0015665,C013566,2025-05-05 01:00:00,Male,57,Gold,Lazada,Bangkok,367,TV_Show,COD,1,5,0,0,>50,12.233333333333333,0.0,0.0,0.0,-1,-1,0.0,0.0,0.0,0.0,0.0,0.0,0,0,0.0,0.0,0,0,0.0,0.0,0,0,0.0,0.0,0,0,0.0,0
LGS2ORD0015666,C016972,2025-05-05 01:00:00,Male,57,Bronze,TV,Bangkok,1567,Shopee,COD,1,5,0,0,>50,52.233333333333334,1.0,0.0,0.0,-1,71,1897.43,0.03,1.0,0.0,0.0,0.0,0,0,0.0,0.0,0,0,0.0,1897.43,1,0,0.0,1897.43,1,0,0.0,1
LGS2ORD0015667,C014997,2025-05-05 02:00:00,Female,36,Bronze,Shopee,Chiang Mai,702,TV_Show,COD,2,5,0,0,30-40,23.4,3.0,0.0,0.0,-1,4,2845.236666666666,0.13,0.6666666666666666,0.0,0.0,3448.16,1,0,0.0,3448.16,1,0,0.0,3448.16,1,0,0.0,8535.71,3,0,0.0,0
LGS2ORD0015668,C016940,2025-05-05 02:00:00,Male,41,Bronze,Shopee,Phuket,488,Lazada,COD,2,5,0,0,40-50,16.266666666666666,3.0,0.0,0.0,-1,7,4730.903333333334,0.18,0.6666666666666666,0.0,0.0,0.0,0,0,0.0,11595.2,1,0,0.0,14192.710000000001,3,0,0.0,14192.710000000001,3,0,0.0,1
LGS2ORD0015669,C011881,2025-05-05 02:00:00,Male,36,Silver,Web,Nakhon Ratchasima,1335,Web,COD,2,5,0,0,30-40,44.5,5.0,0.0,0.0,-1,6,5515.128,0.25,0.2,0.2,0.0,2668.58,1,0,0.0,5802.82,2,0,0.0,12888.97,3,0,0.0,27575.64,5,0,0.0,0
LGS2ORD0015670,C014503,2025-05-05 02:00:00,Male,44,Gold,Shopee,Khon Kaen,740,CallCenter,PromptPay,2,5,0,0,40-50,24.666666666666668,3.0,0.0,0.0,-1,30,15774.996666666668,0.28,0.3333333333333333,0.3333333333333333,0.0,0.0,0,0,0.0,0.0,0,0,0.0,9926.02,1,0,0.0,47324.990000000005,3,0,0.0,0
LGS2ORD0015671,C011773,2025-05-05 02:00:00,Female,32,Bronze,Web,Songkhla,497,Lazada,COD,2,5,0,0,30-40,16.566666666666666,1.0,0.0,0.0,-1,94,10244.24,0.03,0.0,0.0,0.0,0.0,0,0,0.0,0.0,0,0,0.0,0.0,0,0,0.0,10244.24,1,0,0.0,1
LGS2ORD0015672,C017952,2025-05-05 02:00:00,Female,39,Bronze,Shopee,Bangkok,298,Lazada,Credit_Card,2,5,0,0,30-40,9.933333333333334,3.0,0.0,0.0,-1,9,7539.889999999999,0.28,0.3333333333333333,0.6666666666666666,0.0,0.0,0,0,0.0,20669.67,2,0,0.0,22619.67,3,0,0.0,22619.67,3,0,0.0,0
LGS2ORD0015673,C015949,2025-05-05 03:00:00,Female,46,Bronze,TV,Nakhon Ratchasima,1097,Shopee,PromptPay,3,5,0,0,40-50,36.56666666666667,4.0,0.0,0.0,-1,38,11128.2925,0.23,0.25,0.5,0.0,0.0,0,0,0.0,0.0,0,0,0.0,28797.11,3,0,0.0,44513.17,4,0,0.0,0
LGS2ORD0015674,C012295,2025-05-05 03:00:00,Other,39,Silver,CallCenter,Nakhon Ratchasima,1555,Web,PromptPay,3,5,0,0,30-40,51.833333333333336,4.0,0.0,0.0,-1,71,6550.0725,0.3,0.75,0.5,0.0,0.0,0,0,0.0,0.0,0,0,0.0,10329.13,1,0,0.0,26200.29,4,0,0.0,0
LGS2ORD0015675,C010211,2025-05-05 03:00:00,Male,29,Bronze,Web,Nakhon Ratchasima,255,Shopee,COD,3,5,0,0,20-30,8.5,3.0,1.0,0.3333333333333333,19,17,2202.06,0.28,0.3333333333333333,0.3333333333333333,0.0,0.0,0,0,0.0,5620.84,2,1,0.5,6606.179999999999,3,1,0.3333333333333333,6606.179999999999,3,1,0.3333333333333333,1
LGS2ORD0015676,C013946,2025-05-05 03:00:00,Female,44,Bronze,TV,Bangkok,1079,Lazada,Credit_Card,3,5,0,0,40-50,35.96666666666667,0.0,0.0,0.0,-1,-1,0.0,0.0,0.0,0.0,0.0,0.0,0,0,0.0,0.0,0,0,0.0,0.0,0,0,0.0,0.0,0,0,0.0,1
LGS2ORD0015677,C012830,2025-05-05 03:00:00,Male,42,Bronze,TV,Khon Kaen,1130,TV_Show,COD,3,5,0,0,40-50,37.666666666666664,3.0,1.0,0.3333333333333333,52,8,5989.360000000001,0.13,0.6666666666666666,0.0,0.0,0.0,0,0,0.0,3333.06,1,0,0.0,17968.08,3,1,0.3333333333333333,17968.08,3,1,0.3333333333333333,1
LGS2ORD0015678,C015501,2025-05-05 04:00:00,Male,44,Bronze,TV,Phuket,1033,Web,COD,4,5,0,0,40-50,34.43333333333333,3.0,1.0,0.3333333333333333,116,30,3349.76,0.23,0.6666666666666666,0.3333333333333333,0.0,0.0,0,0,0.0,0.0,0,0,0.0,9660.98,2,0,0.0,10049.28,3,1,0.3333333333333333,0
LGS2ORD0015679,C010457,2025-05-05 04:00:00,Male,42,Gold,TV,Bangkok,301,TV_Show,COD,4,5,0,0,40-50,10.033333333333333,5.0,0.0,0.0,-1,7,8519.408,0.33,0.6,0.6,0.0,0.0,0,0,0.0,2210.14,1,0,0.0,10230.939999999999,3,0,0.0,42597.04,5,0,0.0,0
LGS2ORD0015680,C014141,2025-05-05 04:00:00,Male,25,Bronze,Lazada,Nakhon Ratchasima,713,Web,COD,4,5,0,0,20-30,23.766666666666666,4.0,1.0,0.25,39,3,6163.1975,0.18,0.5,0.0,0.0,1488.68,1,0,0.0,5734.63,2,0,0.0,19118.58,3,1,0.3333333333333333,24652.79,4,1,0.25,0
LGS2ORD0015681,C011323,2025-05-05 04:00:00,Male,36,Silver,Web,Nakhon Ratchasima,709,Web,Credit_Card,4,5,0,0,30-40,23.633333333333333,4.0,1.0,0.25,98,9,5899.615,0.2,0.75,0.0,0.0,0.0,0,0,0.0,3566.6,1,0,0.0,22213.95,3,0,0.0,23598.46,4,1,0.25,0
LGS2ORD0015682,C016962,2025-05-05 04:00:00,Female,45,Bronze,TV,Songkhla,766,CallCenter,Credit_Card,4,5,0,0,40-50,25.533333333333335,0.0,0.0,0.0,-1,-1,0.0,0.0,0.0,0.0,0.0,0.0,0,0,0.0,0.0,0,0,0.0,0.0,0,0,0.0,0.0,0,0,0.0,1
LGS2ORD0015683,C012399,2025-05-05 05:00:00,Male,47,Bronze,TV,Phuket,1092,Web,Bank_Transfer,5,5,0,0,40-50,36.4,3.0,2.0,0.6666666666666666,33,9,4811.610000000001,0.13,0.3333333333333333,0.0,0.0,0.0,0,0,0.0,3945.29,1,0,0.0,9948.18,2,1,0.5,14434.830000000002,3,2,0.6666666666666666,0
LGS2ORD0015684,C015740,2025-05-05 05:00:00,Male,44,Bronze,Shopee,Phuket,917,CallCenter,COD,5,5,0,0,40-50,30.566666666666666,2.0,0.0,0.0,-1,57,3030.4750000000004,0.13,0.5,0.0,0.0,0.0,0,0,0.0,0.0,0,0,0.0,1934.48,1,0,0.0,6060.950000000001,2,0,0.0,1
LGS2ORD0015685,C011648,2025-05-05 05:00:00,Female,41,Silver,TV,Bangkok,459,Web,COD,5,5,0,0,40-50,15.3,2.0,0.0,0.0,-1,15,1325.1950000000002,0.3,0.0,0.5,0.0,0.0,0,0,0.0,1377.16,1,0,0.0,2650.3900000000003,2,0,0.0,2650.3900000000003,2,0,0.0,0
LGS2ORD0015686,C014203,2025-05-05 05:00:00,Female,54,Bronze,Shopee,Nakhon Ratchasima,924,Shopee,Credit_Card,5,5,0,0,>50,30.8,3.0,1.0,0.3333333333333333,92,96,3287.9466666666667,0.28,1.0,0.3333333333333333,0.0,0.0,0,0,0.0,0.0,0,0,0.0,0.0,0,0,0.0,9863.84,3,1,0.3333333333333333,0
LGS2ORD0015687,C015194,2025-05-05 05:00:00,Female,34,Bronze,Web,Nakhon Ratchasima,183,TV_Show,COD,5,5,0,0,30-40,6.1,2.0,0.0,0.0,-1,1,12860.01,0.08,0.5,0.0,0.0,2900.8,1,0,0.0,2900.8,1,0,0.0,25720.02,2,0,0.0,25720.02,2,0,0.0,0
LGS2ORD0015688,C011661,2025-05-05 06:00:00,Male,43,Bronze,TV,Bangkok,1264,Web,COD,6,5,0,0,40-50,42.13333333333333,1.0,1.0,1.0,4,12,17865.22,0.18,1.0,0.0,0.0,0.0,0,0,0.0,17865.22,1,1,1.0,17865.22,1,1,1.0,17865.22,1,1,1.0,1
LGS2ORD0015689,C017018,2025-05-05 06:00:00,Male,27,Gold,Lazada,Chonburi,910,TV_Show,Credit_Card,6,5,0,0,20-30,30.333333333333332,1.0,0.0,0.0,-1,9,1735.56,0.33,1.0,1.0,0.0,0.0,0,0,0.0,1735.56,1,0,0.0,1735.56,1,0,0.0,1735.56,1,0,0.0,0
LGS2ORD0015690,C012058,2025-05-05 06:00:00,Female,28,Silver,Shopee,Nakhon Ratchasima,1334,Lazada,COD,6,5,0,0,20-30,44.46666666666667,1.0,0.0,0.0,-1,11,10108.43,0.05,0.0,0.0,0.0,0.0,0,0,0.0,10108.43,1,0,0.0,10108.43,1,0,0.0,10108.43,1,0,0.0,1
LGS2ORD0015691,C013022,2025-05-05 06:00:00,Male,63,Silver,TV,Nakhon Ratchasima,276,TV_Show,COD,6,5,0,0,>50,9.2,1.0,0.0,0.0,-1,73,754.36,0.05,0.0,0.0,0.0,0.0,0,0,0.0,0.0,0,0,0.0,754.36,1,0,0.0,754.36,1,0,0.0,1
LGS2ORD0015692,C013856,2025-05-05 06:00:00,Female,53,Silver,Web,Bangkok,708,TV_Show,COD,6,5,0,0,>50,23.6,1.0,1.0,1.0,10,14,543.8,0.2,0.0,0.0,0.0,0.0,0,0,0.0,543.8,1,1,1.0,543.8,1,1,1.0,543.8,1,1,1.0,1
LGS2ORD0015693,C012285,2025-05-05 06:00:00,Female,49,Bronze,Lazada,Nakhon Ratchasima,609,TV_Show,COD,6,5,0,0,40-50,20.3,1.0,0.0,0.0,-1,24,9880.78,0.23,0.0,1.0,0.0,0.0,0,0,0.0,9880.78,1,0,0.0,9880.78,1,0,0.0,9880.78,1,0,0.0,1
LGS2ORD0015694,C010211,2025-05-05 07:00:00,Male,29,Bronze,Web,Nakhon Ratchasima,255,Lazada,Credit_Card,7,5,0,0,20-30,8.5,4.0,2.0,0.5,-9,0,2002.1999999999998,0.28,0.5,0.5,0.0,1402.62,1,1,1.0,7023.46,3,2,0.6666666666666666,8008.799999999999,4,2,0.5,8008.799999999999,4,2,0.5,0
LGS2ORD0015695,C011432,2025-05-05 07:00:00,Female,53,Bronze,CallCenter,Chonburi,535,Shopee,Credit_Card,7,5,0,0,>50,17.833333333333332,3.0,0.0,0.0,-1,70,9232.5,0.28,0.6666666666666666,0.3333333333333333,0.0,0.0,0,0,0.0,0.0,0,0,0.0,27697.5,3,0,0.0,27697.5,3,0,0.0,0
LGS2ORD0015696,C013214,2025-05-05 07:00:00,Male,41,Platinum,Web,Songkhla,1301,Web,COD,7,5,0,0,40-50,43.36666666666667,1.0,0.0,0.0,-1,96,1328.73,0.3,0.0,1.0,0.0,0.0,0,0,0.0,0.0,0,0,0.0,0.0,0,0,0.0,1328.73,1,0,0.0,0
LGS2ORD0015697,C012803,2025-05-05 07:00:00,Female,32,Bronze,Lazada,Songkhla,265,Lazada,Credit_Card,7,5,0,0,30-40,8.833333333333334,3.0,2.0,0.6666666666666666,10,16,1765.6633333333332,0.23,0.6666666666666666,0.3333333333333333,0.0,0.0,0,0,0.0,1683.38,1,1,1.0,3825.2400000000002,2,2,1.0,5296.99,3,2,0.6666666666666666,1
LGS2ORD0015698,C016175,2025-05-05 07:00:00,Female,51,Platinum,Shopee,Chiang Mai,284,Web,Bank_Transfer,7,5,0,0,>50,9.466666666666667,4.0,1.0,0.25,87,13,2078.5924999999997,0.35,0.25,0.25,0.0,0.0,0,0,0.0,1675.82,1,0,0.0,1675.82,1,0,0.0,8314.369999999999,4,1,0.25,0
LGS2ORD0015699,C015459,2025-05-05 08:00:00,Female,39,Bronze,Shopee,Bangkok,881,Lazada,Credit_Card,8,5,0,0,30-40,29.366666666666667,4.0,1.0,0.25,52,50,7498.655000000001,0.23,0.75,0.5,0.0,0.0,0,0,0.0,0.0,0,0,0.0,27560.480000000003,3,1,0.3333333333333333,29994.620000000003,4,1,0.25,1
LGS2ORD0015700,C016620,2025-05-05 08:00:00,Female,48,Gold,TV,Bangkok,1585,Lazada,COD,8,5,0,0,40-50,52.833333333333336,1.0,0.0,0.0,-1,5,4200.05,0.2299999999999999,0.0,1.0,0.0,4200.05,1,0,0.0,4200.05,1,0,0.0,4200.05,1,0,0.0,4200.05,1,0,0.0,0
LGS2ORD0015701,C011821,2025-05-05 08:00:00,Female,38,Gold,TV,Chiang Mai,914,Shopee,Credit_Card,8,5,0,0,30-40,30.466666666666665,1.0,0.0,0.0,-1,116,1537.11,0.2299999999999999,1.0,1.0,0.0,0.0,0,0,0.0,0.0,0,0,0.0,0.0,0,0,0.0,1537.11,1,0,0.0,0
LGS2ORD0015702,C015843,2025-05-05 08:00:00,Male,48,Bronze,Shopee,Songkhla,770,CallCenter,Credit_Card,8,5,0,0,40-50,25.666666666666668,3.0,2.0,0.6666666666666666,-2,3,3685.1100000000006,0.28,0.3333333333333333,0.3333333333333333,0.0,1150.29,1,1,1.0,1150.29,1,1,1.0,11055.330000000002,3,2,0.6666666666666666,11055.330000000002,3,2,0.6666666666666666,0
LGS2ORD0015703,C013095,2025-05-05 08:00:00,Female,48,Bronze,TV,Remote_Area,711,CallCenter,PromptPay,8,5,0,0,40-50,23.7,3.0,1.0,0.3333333333333333,76,41,3051.8699999999994,0.03,0.6666666666666666,0.0,0.0,0.0,0,0,0.0,0.0,0,0,0.0,4753.45,2,1,0.5,9155.609999999999,3,1,0.3333333333333333,1
LGS2ORD0015704,C016273,2025-05-05 09:00:00,Female,55,Gold,TV,Phuket,163,TV_Show,Credit_Card,9,5,0,0,>50,5.433333333333334,2.0,1.0,0.5,61,45,11893.279999999999,0.2299999999999999,0.5,0.5,0.0,0.0,0,0,0.0,0.0,0,0,0.0,23786.559999999998,2,1,0.5,23786.559999999998,2,1,0.5,0
LGS2ORD0015705,C012357,2025-05-05 09:00:00,Male,54,Gold,Web,Nakhon Ratchasima,1137,Lazada,COD,9,5,0,0,>50,37.9,0.0,0.0,0.0,-1,-1,0.0,0.0,0.0,0.0,0.0,0.0,0,0,0.0,0.0,0,0,0.0,0.0,0,0,0.0,0.0,0,0,0.0,0
LGS2ORD0015706,C011671,2025-05-05 09:00:00,Female,51,Bronze,TV,Remote_Area,795,Web,PromptPay,9,5,0,0,>50,26.5,3.0,0.0,0.0,-1,16,5438.009999999999,0.03,0.6666666666666666,0.0,0.0,0.0,0,0,0.0,2597.29,1,0,0.0,6483.719999999999,2,0,0.0,16314.029999999999,3,0,0.0,1
LGS2ORD0015707,C015089,2025-05-05 09:00:00,Female,46,Gold,TV,Khon Kaen,1473,TV_Show,PromptPay,9,5,0,0,40-50,49.1,4.0,0.0,0.0,-1,5,4502.4725,0.33,0.0,0.25,0.0,1274.65,1,0,0.0,1274.65,1,0,0.0,7325.76,2,0,0.0,18009.89,4,0,0.0,0
LGS2ORD0015708,C015519,2025-05-05 09:00:00,Female,49,Gold,Web,Remote_Area,784,Shopee,COD,9,5,0,0,40-50,26.133333333333333,3.0,1.0,0.3333333333333333,14,26,6922.326666666667,0.28,0.6666666666666666,0.3333333333333333,0.0,0.0,0,0,0.0,9439.49,1,1,1.0,17531.010000000002,2,1,0.5,20766.98,3,1,0.3333333333333333,0
LGS2ORD0015709,C011031,2025-05-05 10:00:00,Female,37,Gold,TV,Chiang Mai,1061,CallCenter,Credit_Card,10,5,0,0,30-40,35.36666666666667,4.0,2.0,0.5,65,60,2784.5899999999997,0.2299999999999999,0.5,0.75,0.0,0.0,0,0,0.0,0.0,0,0,0.0,11138.359999999999,4,2,0.5,11138.359999999999,4,2,0.5,0
LGS2ORD0015710,C016048,2025-05-05 10:00:00,Female,34,Silver,Shopee,Chiang Mai,835,CallCenter,PromptPay,10,5,0,0,30-40,27.833333333333332,2.0,1.0,0.5,111,87,2509.585,0.25,1.0,1.0,0.0,0.0,0,0,0.0,0.0,0,0,0.0,892.22,1,0,0.0,5019.17,2,1,0.5,0
LGS2ORD0015711,C011519,2025-05-05 10:00:00,Male,59,Bronze,CallCenter,Remote_Area,480,TV_Show,PromptPay,10,5,0,0,>50,16.0,4.0,2.0,0.5,15,19,3019.3075,0.18,0.75,0.0,0.0,0.0,0,0,0.0,3275.7200000000003,2,1,0.5,12077.23,4,2,0.5,12077.23,4,2,0.5,0
LGS2ORD0015712,C011467,2025-05-05 10:00:00,Female,45,Bronze,Shopee,Chiang Mai,615,Shopee,Bank_Transfer,10,5,0,0,40-50,20.5,2.0,1.0,0.5,46,3,8326.465,0.23,0.5,0.5,0.0,2972.17,1,0,0.0,2972.17,1,0,0.0,16652.93,2,1,0.5,16652.93,2,1,0.5,0
LGS2ORD0015713,C014121,2025-05-05 10:00:00,Female,46,Silver,CallCenter,Nakhon Ratchasima,1007,TV_Show,Credit_Card,10,5,0,0,40-50,33.56666666666667,3.0,0.0,0.0,-1,56,5927.333333333333,0.05,0.6666666666666666,0.0,0.0,0.0,0,0,0.0,0.0,0,0,0.0,16449.29,2,0,0.0,17782.0,3,0,0.0,0
LGS2ORD0015714,C016558,2025-05-05 10:00:00,Female,21,Bronze,Web,Bangkok,775,TV_Show,Credit_Card,10,5,0,0,20-30,25.833333333333332,0.0,0.0,0.0,-1,-1,0.0,0.0,0.0,0.0,0.0,0.0,0,0,0.0,0.0,0,0,0.0,0.0,0,0,0.0,0.0,0,0,0.0,0
LGS2ORD0015715,C014719,2025-05-05 11:00:00,Female,56,Bronze,Shopee,Chonburi,874,TV_Show,COD,11,5,0,0,>50,29.133333333333333,4.0,1.0,0.25,111,26,3464.8800000000006,0.13,0.5,0.0,0.0,0.0,0,0,0.0,1422.19,1,0,0.0,11370.1,3,0,0.0,13859.520000000002,4,1,0.25,0
LGS2ORD0015716,C015780,2025-05-05 11:00:00,Female,56,Bronze,TV,Bangkok,383,Shopee,Credit_Card,11,5,0,0,>50,12.766666666666667,3.0,1.0,0.3333333333333333,87,0,8696.460000000001,0.23,0.3333333333333333,0.3333333333333333,0.0,22864.32,2,0,0.0,22864.32,2,0,0.0,22864.32,2,0,0.0,26089.38,3,1,0.3333333333333333,0
LGS2ORD0015717,C016253,2025-05-05 11:00:00,Other,28,Bronze,Web,Phuket,982,Shopee,COD,11,5,0,0,20-30,32.733333333333334,2.0,2.0,1.0,23,33,3371.54,0.18,0.5,0.0,0.0,0.0,0,0,0.0,0.0,0,0,0.0,3162.27,1,1,1.0,6743.08,2,2,1.0,1
LGS2ORD0015718,C013080,2025-05-05 11:00:00,Male,69,Bronze,Web,Chonburi,836,Web,COD,11,5,0,0,>50,27.866666666666667,3.0,1.0,0.3333333333333333,61,72,4205.776666666667,0.23,0.6666666666666666,0.3333333333333333,0.0,0.0,0,0,0.0,0.0,0,0,0.0,4959.91,1,1,1.0,12617.33,3,1,0.3333333333333333,0
LGS2ORD0015719,C017339,2025-05-05 11:00:00,Male,42,Gold,TV,Phuket,1309,Web,PromptPay,11,5,0,0,40-50,43.63333333333333,5.0,1.0,0.2,54,33,7508.8279999999995,0.2299999999999999,0.4,0.2,0.0,0.0,0,0,0.0,0.0,0,0,0.0,12670.23,3,1,0.3333333333333333,37544.14,5,1,0.2,0
LGS2ORD0015720,C011687,2025-05-05 12:00:00,Male,55,Bronze,TV,Chonburi,975,TV_Show,COD,12,5,0,0,>50,32.5,0.0,0.0,0.0,-1,-1,0.0,0.0,0.0,0.0,0.0,0.0,0,0,0.0,0.0,0,0,0.0,0.0,0,0,0.0,0.0,0,0,0.0,1
LGS2ORD0015721,C012374,2025-05-05 12:00:00,Male,40,Bronze,Lazada,Remote_Area,463,Web,PromptPay,12,5,0,0,30-40,15.433333333333334,3.0,2.0,0.6666666666666666,40,47,9422.533333333335,0.18,0.6666666666666666,0.0,0.0,0.0,0,0,0.0,0.0,0,0,0.0,12132.91,2,1,0.5,28267.600000000002,3,2,0.6666666666666666,0
LGS2ORD0015722,C010130,2025-05-05 12:00:00,Female,53,Silver,Shopee,Chonburi,199,Web,Bank_Transfer,12,5,0,0,>50,6.633333333333334,1.0,0.0,0.0,-1,21,6390.75,0.25,1.0,1.0,0.0,0.0,0,0,0.0,6390.75,1,0,0.0,6390.75,1,0,0.0,6390.75,1,0,0.0,0
LGS2ORD0015723,C016419,2025-05-05 12:00:00,Male,33,Gold,Shopee,Nakhon Ratchasima,622,Web,COD,12,5,0,0,30-40,20.733333333333334,2.0,1.0,0.5,94,111,2948.825,0.08,0.5,0.0,0.0,0.0,0,0,0.0,0.0,0,0,0.0,0.0,0,0,0.0,5897.65,2,1,0.5,0
LGS2ORD0015724,C016045,2025-05-05 12:00:00,Female,48,Silver,CallCenter,Chonburi,548,CallCenter,Credit_Card,12,5,0,0,40-50,18.266666666666666,1.0,0.0,0.0,-1,77,14119.19,0.05,0.0,0.0,0.0,0.0,0,0,0.0,0.0,0,0,0.0,14119.19,1,0,0.0,14119.19,1,0,0.0,0
LGS2ORD0015725,C012942,2025-05-05 13:00:00,Male,45,Bronze,Lazada,Chonburi,158,Web,COD,13,5,0,0,40-50,5.266666666666667,2.0,0.0,0.0,-1,22,1515.3300000000002,0.08,0.5,0.0,0.0,0.0,0,0,0.0,382.34,1,0,0.0,3030.6600000000003,2,0,0.0,3030.6600000000003,2,0,0.0,0
LGS2ORD0015726,C012129,2025-05-05 13:00:00,Male,56,Silver,TV,Khon Kaen,1052,TV_Show,COD,13,5,0,0,>50,35.06666666666667,2.0,0.0,0.0,-1,60,8005.7,0.2,1.0,0.0,0.0,0.0,0,0,0.0,0.0,0,0,0.0,16011.4,2,0,0.0,16011.4,2,0,0.0,0
LGS2ORD0015727,C010906,2025-05-05 13:00:00,Female,18,Silver,CallCenter,Songkhla,646,Shopee,PromptPay,13,5,0,0,<20,21.533333333333335,3.0,1.0,0.3333333333333333,43,2,14006.35,0.15,0.3333333333333333,0.0,0.0,8120.97,1,0,0.0,8120.97,1,0,0.0,42019.05,3,1,0.3333333333333333,42019.05,3,1,0.3333333333333333,0
LGS2ORD0015728,C017962,2025-05-05 13:00:00,Female,35,Bronze,CallCenter,Khon Kaen,1174,Web,COD,13,5,0,0,30-40,39.13333333333333,4.0,0.0,0.0,-1,29,5913.95,0.28,0.75,0.25,0.0,0.0,0,0,0.0,3281.8,1,0,0.0,22711.57,3,0,0.0,23655.8,4,0,0.0,1
LGS2ORD0015729,C014478,2025-05-05 13:00:00,Female,59,Platinum,Shopee,Nakhon Ratchasima,215,Web,COD,13,5,0,0,>50,7.166666666666667,4.0,1.0,0.25,19,13,14285.2925,0.35,0.0,0.25,0.0,0.0,0,0,0.0,54496.53,3,1,0.3333333333333333,57141.17,4,1,0.25,57141.17,4,1,0.25,0
LGS2ORD0015730,C016895,2025-05-05 14:00:00,Female,34,Bronze,TV,Bangkok,1318,Web,PromptPay,14,5,0,0,30-40,43.93333333333333,1.0,0.0,0.0,-1,72,4263.63,0.28,1.0,1.0,0.0,0.0,0,0,0.0,0.0,0,0,0.0,4263.63,1,0,0.0,4263.63,1,0,0.0,0
LGS2ORD0015731,C012530,2025-05-05 14:00:00,Male,40,Silver,Shopee,Bangkok,373,CallCenter,COD,14,5,0,0,30-40,12.433333333333334,1.0,0.0,0.0,-1,110,2292.92,0.1,0.0,0.0,0.0,0.0,0,0,0.0,0.0,0,0,0.0,0.0,0,0,0.0,2292.92,1,0,0.0,0
LGS2ORD0015732,C010396,2025-05-05 14:00:00,Female,40,Bronze,Shopee,Phuket,690,TV_Show,COD,14,5,0,0,30-40,23.0,5.0,2.0,0.4,4,14,2782.0440000000003,0.28,0.6,0.8,0.0,0.0,0,0,0.0,5876.3,1,1,1.0,9826.7,3,2,0.6666666666666666,13910.220000000001,5,2,0.4,1
LGS2ORD0015733,C011219,2025-05-05 14:00:00,Male,54,Silver,Web,Chiang Mai,628,TV_Show,PromptPay,14,5,0,0,>50,20.933333333333334,1.0,0.0,0.0,-1,45,8215.31,0.1,0.0,0.0,0.0,0.0,0,0,0.0,0.0,0,0,0.0,8215.31,1,0,0.0,8215.31,1,0,0.0,0
LGS2ORD0015734,C017896,2025-05-05 14:00:00,Male,53,Gold,TV,Chiang Mai,680,CallCenter,COD,14,5,0,0,>50,22.666666666666668,2.0,0.0,0.0,-1,37,6582.17,0.13,0.0,0.0,0.0,0.0,0,0,0.0,0.0,0,0,0.0,3048.75,1,0,0.0,13164.34,2,0,0.0,0
LGS2ORD0015735,C015094,2025-05-05 14:00:00,Female,46,Bronze,TV,Chiang Mai,715,TV_Show,COD,14,5,0,0,40-50,23.833333333333332,2.0,1.0,0.5,52,65,4494.14,0.28,1.0,0.5,0.0,0.0,0,0,0.0,0.0,0,0,0.0,8988.28,2,1,0.5,8988.28,2,1,0.5,0
LGS2ORD0015736,C010289,2025-05-05 15:00:00,Male,44,Silver,Web,Nakhon Ratchasima,321,Shopee,COD,15,5,0,0,40-50,10.7,1.0,0.0,0.0,-1,119,5504.46,0.25,1.0,1.0,0.0,0.0,0,0,0.0,0.0,0,0,0.0,0.0,0,0,0.0,5504.46,1,0,0.0,0
LGS2ORD0015737,C011825,2025-05-05 15:00:00,Male,51,Silver,Web,Chonburi,981,Shopee,PromptPay,15,5,0,0,>50,32.7,5.0,1.0,0.2,115,7,3934.936,0.25,0.6,0.2,0.0,0.0,0,0,0.0,1414.11,1,0,0.0,2795.5,2,0,0.0,19674.68,5,1,0.2,0
LGS2ORD0015738,C015738,2025-05-05 15:00:00,Male,30,Platinum,Shopee,Khon Kaen,1466,TV_Show,PromptPay,15,5,0,0,20-30,48.86666666666667,0.0,0.0,0.0,-1,-1,0.0,0.0,0.0,0.0,0.0,0.0,0,0,0.0,0.0,0,0,0.0,0.0,0,0,0.0,0.0,0,0,0.0,1
LGS2ORD0015739,C016465,2025-05-05 15:00:00,Female,56,Platinum,CallCenter,Chonburi,375,Lazada,Bank_Transfer,15,5,0,0,>50,12.5,1.0,0.0,0.0,-1,60,1365.81,0.1,0.0,0.0,0.0,0.0,0,0,0.0,0.0,0,0,0.0,1365.81,1,0,0.0,1365.81,1,0,0.0,0
LGS2ORD0015740,C011462,2025-05-05 15:00:00,Female,47,Silver,TV,Phuket,1234,Web,COD,15,5,0,0,40-50,41.13333333333333,0.0,0.0,0.0,-1,-1,0.0,0.0,0.0,0.0,0.0,0.0,0,0,0.0,0.0,0,0,0.0,0.0,0,0,0.0,0.0,0,0,0.0,1
LGS2ORD0015741,C014849,2025-05-05 16:00:00,Female,64,Bronze,TV,Songkhla,1410,Lazada,PromptPay,16,5,0,0,>50,47.0,1.0,0.0,0.0,-1,43,12742.05,0.03,1.0,0.0,0.0,0.0,0,0,0.0,0.0,0,0,0.0,12742.05,1,0,0.0,12742.05,1,0,0.0,1
LGS2ORD0015742,C010996,2025-05-05 16:00:00,Female,48,Bronze,Web,Chiang Mai,502,Web,COD,16,5,0,0,40-50,16.733333333333334,1.0,0.0,0.0,-1,40,1055.77,0.08,0.0,0.0,0.0,0.0,0,0,0.0,0.0,0,0,0.0,1055.77,1,0,0.0,1055.77,1,0,0.0,0
LGS2ORD0015743,C014283,2025-05-05 16:00:00,Male,58,Gold,Lazada,Bangkok,823,Lazada,COD,16,5,0,0,>50,27.433333333333334,5.0,1.0,0.2,78,39,1160.618,0.33,0.4,0.8,0.0,0.0,0,0,0.0,0.0,0,0,0.0,3414.35,3,0,0.0,5803.09,5,1,0.2,0
LGS2ORD0015744,C012566,2025-05-05 16:00:00,Female,34,Gold,Web,Bangkok,221,Web,Bank_Transfer,16,5,0,0,30-40,7.366666666666666,0.0,0.0,0.0,-1,-1,0.0,0.0,0.0,0.0,0.0,0.0,0,0,0.0,0.0,0,0,0.0,0.0,0,0,0.0,0.0,0,0,0.0,1
LGS2ORD0015745,C012602,2025-05-05 16:00:00,Female,49,Bronze,CallCenter,Bangkok,373,Shopee,PromptPay,16,5,0,0,40-50,12.433333333333334,0.0,0.0,0.0,-1,-1,0.0,0.0,0.0,0.0,0.0,0.0,0,0,0.0,0.0,0,0,0.0,0.0,0,0,0.0,0.0,0,0,0.0,1
LGS2ORD0015746,C012566,2025-05-05 17:00:00,Female,34,Gold,Web,Bangkok,221,Shopee,Bank_Transfer,17,5,0,0,30-40,7.366666666666666,1.0,1.0,1.0,-7,0,6507.16,0.28,0.0,1.0,0.0,6507.16,1,1,1.0,6507.16,1,1,1.0,6507.16,1,1,1.0,6507.16,1,1,1.0,0
LGS2ORD0015747,C011261,2025-05-05 17:00:00,Female,26,Bronze,TV,Bangkok,404,CallCenter,COD,17,5,0,0,20-30,13.466666666666667,2.0,0.0,0.0,-1,97,1591.08,0.23,0.5,0.5,0.0,0.0,0,0,0.0,0.0,0,0,0.0,0.0,0,0,0.0,3182.16,2,0,0.0,0
LGS2ORD0015748,C014253,2025-05-05 17:00:00,Female,44,Bronze,Lazada,Phuket,1425,CallCenter,PromptPay,17,5,0,0,40-50,47.5,1.0,0.0,0.0,-1,57,2086.17,0.03,0.0,0.0,0.0,0.0,0,0,0.0,0.0,0,0,0.0,2086.17,1,0,0.0,2086.17,1,0,0.0,0
LGS2ORD0015749,C015535,2025-05-05 17:00:00,Female,50,Silver,Shopee,Songkhla,551,Shopee,Credit_Card,17,5,0,0,40-50,18.366666666666667,1.0,0.0,0.0,-1,32,1659.37,0.2,1.0,0.0,0.0,0.0,0,0,0.0,0.0,0,0,0.0,1659.37,1,0,0.0,1659.37,1,0,0.0,0
LGS2ORD0015750,C010704,2025-05-05 17:00:00,Male,38,Gold,CallCenter,Bangkok,1455,Web,COD,17,5,0,0,30-40,48.5,2.0,0.0,0.0,-1,51,1406.6399999999999,0.18,0.5,0.0,0.0,0.0,0,0,0.0,0.0,0,0,0.0,2813.2799999999997,2,0,0.0,2813.2799999999997,2,0,0.0,0
LGS2ORD0015751,C017674,2025-05-05 18:00:00,Female,50,Gold,Lazada,Chonburi,1415,CallCenter,COD,18,5,0,0,40-50,47.166666666666664,1.0,0.0,0.0,-1,40,1943.17,0.08,0.0,0.0,0.0,0.0,0,0,0.0,0.0,0,0,0.0,1943.17,1,0,0.0,1943.17,1,0,0.0,0
LGS2ORD0015752,C011021,2025-05-05 18:00:00,Male,64,Bronze,TV,Bangkok,1459,CallCenter,COD,18,5,0,0,>50,48.63333333333333,4.0,0.0,0.0,-1,18,1824.205,0.28,0.5,0.25,0.0,0.0,0,0,0.0,2013.6,2,0,0.0,7296.82,4,0,0.0,7296.82,4,0,0.0,0
LGS2ORD0015753,C016885,2025-05-05 18:00:00,Male,51,Bronze,TV,Bangkok,1407,CallCenter,Credit_Card,18,5,0,0,>50,46.9,2.0,1.0,0.5,29,3,4068.5650000000005,0.23,1.0,0.5,0.0,5780.81,1,0,0.0,5780.81,1,0,0.0,8137.130000000001,2,1,0.5,8137.130000000001,2,1,0.5,0
LGS2ORD0015754,C010750,2025-05-05 18:00:00,Male,35,Silver,Lazada,Remote_Area,196,CallCenter,COD,18,5,0,0,30-40,6.533333333333333,1.0,0.0,0.0,-1,1,902.47,0.25,0.0,1.0,0.0,902.47,1,0,0.0,902.47,1,0,0.0,902.47,1,0,0.0,902.47,1,0,0.0,1
LGS2ORD0015755,C016137,2025-05-05 18:00:00,Female,41,Silver,Web,Phuket,791,Lazada,COD,18,5,0,0,40-50,26.366666666666667,2.0,0.0,0.0,-1,16,3928.2400000000002,0.15,0.5,0.0,0.0,0.0,0,0,0.0,7856.4800000000005,2,0,0.0,7856.4800000000005,2,0,0.0,7856.4800000000005,2,0,0.0,1
LGS2ORD0015756,C012961,2025-05-05 18:00:00,Female,55,Silver,Web,Phuket,1491,Lazada,COD,18,5,0,0,>50,49.7,4.0,0.0,0.0,-1,42,5875.6449999999995,0.2,0.75,0.0,0.0,0.0,0,0,0.0,0.0,0,0,0.0,23502.579999999998,4,0,0.0,23502.579999999998,4,0,0.0,0
LGS2ORD0015757,C011673,2025-05-05 19:00:00,Female,32,Gold,Web,Bangkok,1135,TV_Show,COD,19,5,0,0,30-40,37.833333333333336,2.0,0.0,0.0,-1,13,5342.820000000001,0.13,1.0,0.0,0.0,0.0,0,0,0.0,9609.2,1,0,0.0,9609.2,1,0,0.0,10685.640000000001,2,0,0.0,0
LGS2ORD0015758,C015453,2025-05-05 19:00:00,Female,22,Gold,Web,Phuket,586,Web,Bank_Transfer,19,5,0,0,20-30,19.533333333333335,2.0,0.0,0.0,-1,55,2314.77,0.08,0.0,0.0,0.0,0.0,0,0,0.0,0.0,0,0,0.0,4629.54,2,0,0.0,4629.54,2,0,0.0,1
LGS2ORD0015759,C016987,2025-05-05 19:00:00,Male,64,Bronze,TV,Songkhla,476,Web,Credit_Card,19,5,0,0,>50,15.866666666666667,2.0,1.0,0.5,32,41,13188.66,0.08,1.0,0.0,0.0,0.0,0,0,0.0,0.0,0,0,0.0,26377.32,2,1,0.5,26377.32,2,1,0.5,1
LGS2ORD0015760,C015795,2025-05-05 19:00:00,Female,18,Bronze,TV,Nakhon Ratchasima,360,Web,PromptPay,19,5,0,0,<20,12.0,4.0,0.0,0.0,-1,36,4835.7675,0.08,0.25,0.0,0.0,0.0,0,0,0.0,0.0,0,0,0.0,11150.599999999999,2,0,0.0,19343.07,4,0,0.0,0
LGS2ORD0015761,C014460,2025-05-05 19:00:00,Male,38,Platinum,TV,Phuket,243,TV_Show,PromptPay,19,5,0,0,30-40,8.1,1.0,1.0,1.0,83,88,208.51,0.3,0.0,1.0,0.0,0.0,0,0,0.0,0.0,0,0,0.0,208.51,1,1,1.0,208.51,1,1,1.0,0
LGS2ORD0015762,C015301,2025-05-05 20:00:00,Female,24,Platinum,CallCenter,Khon Kaen,1373,Web,Credit_Card,20,5,0,0,20-30,45.766666666666666,1.0,0.0,0.0,-1,101,2852.47,0.25,0.0,1.0,0.0,0.0,0,0,0.0,0.0,0,0,0.0,0.0,0,0,0.0,2852.47,1,0,0.0,0
LGS2ORD0015763,C017449,2025-05-05 20:00:00,Male,49,Bronze,TV,Bangkok,199,Lazada,Credit_Card,20,5,0,0,40-50,6.633333333333334,0.0,0.0,0.0,-1,-1,0.0,0.0,0.0,0.0,0.0,0.0,0,0,0.0,0.0,0,0,0.0,0.0,0,0,0.0,0.0,0,0,0.0,0
LGS2ORD0015764,C014899,2025-05-05 20:00:00,Male,63,Silver,Web,Phuket,936,TV_Show,PromptPay,20,5,0,0,>50,31.2,3.0,2.0,0.6666666666666666,14,20,4862.17,0.25,0.6666666666666666,0.6666666666666666,0.0,0.0,0,0,0.0,911.2,1,1,1.0,14586.51,3,2,0.6666666666666666,14586.51,3,2,0.6666666666666666,0
LGS2ORD0015765,C017744,2025-05-05 20:00:00,Female,46,Gold,Lazada,Bangkok,1344,Web,Bank_Transfer,20,5,0,0,40-50,44.8,3.0,1.0,0.3333333333333333,-1,6,2912.123333333333,0.28,0.3333333333333333,0.3333333333333333,0.0,928.94,1,1,1.0,5159.629999999999,2,1,0.5,8736.369999999999,3,1,0.3333333333333333,8736.369999999999,3,1,0.3333333333333333,0
LGS2ORD0015766,C010054,2025-05-05 20:00:00,Female,24,Silver,Web,Chonburi,466,Shopee,Credit_Card,20,5,0,0,20-30,15.533333333333333,2.0,0.0,0.0,-1,64,3418.905,0.2,0.5,0.0,0.0,0.0,0,0,0.0,0.0,0,0,0.0,6837.81,2,0,0.0,6837.81,2,0,0.0,1
LGS2ORD0015767,C011837,2025-05-05 21:00:00,Female,45,Gold,Web,Remote_Area,1576,TV_Show,Bank_Transfer,21,5,0,0,40-50,52.53333333333333,0.0,0.0,0.0,-1,-1,0.0,0.0,0.0,0.0,0.0,0.0,0,0,0.0,0.0,0,0,0.0,0.0,0,0,0.0,0.0,0,0,0.0,0
LGS2ORD0015768,C014636,2025-05-05 21:00:00,Female,29,Bronze,TV,Remote_Area,1202,Web,PromptPay,21,5,0,0,20-30,40.06666666666667,6.0,2.0,0.3333333333333333,-2,1,7303.748333333333,0.28,0.8333333333333334,0.5,0.0,18090.870000000003,2,1,0.5,25986.160000000003,4,2,0.5,43822.49,6,2,0.3333333333333333,43822.49,6,2,0.3333333333333333,0
LGS2ORD0015769,C011165,2025-05-05 21:00:00,Female,58,Silver,Web,Remote_Area,812,TV_Show,COD,21,5,0,0,>50,27.066666666666666,3.0,1.0,0.3333333333333333,67,59,5492.91,0.25,0.6666666666666666,0.3333333333333333,0.0,0.0,0,0,0.0,0.0,0,0,0.0,15143.130000000001,2,1,0.5,16478.73,3,1,0.3333333333333333,0
LGS2ORD0015770,C013102,2025-05-05 21:00:00,Female,48,Silver,Lazada,Khon Kaen,1198,Shopee,Bank_Transfer,21,5,0,0,40-50,39.93333333333333,1.0,0.0,0.0,-1,78,2156.84,0.25,0.0,1.0,0.0,0.0,0,0,0.0,0.0,0,0,0.0,2156.84,1,0,0.0,2156.84,1,0,0.0,0
LGS2ORD0015771,C013171,2025-05-05 21:00:00,Female,45,Silver,Web,Chonburi,473,Shopee,COD,21,5,0,0,40-50,15.766666666666667,1.0,0.0,0.0,-1,118,4326.47,0.15,0.0,0.0,0.0,0.0,0,0,0.0,0.0,0,0,0.0,0.0,0,0,0.0,4326.47,1,0,0.0,0
LGS2ORD0015772,C010553,2025-05-05 21:00:00,Female,62,Bronze,Shopee,Bangkok,1192,Web,COD,21,5,0,0,>50,39.733333333333334,4.0,1.0,0.25,102,1,4784.6675000000005,0.18,0.5,0.0,0.0,3518.11,1,0,0.0,3518.11,1,0,0.0,3518.11,1,0,0.0,19138.670000000002,4,1,0.25,0
LGS2ORD0015773,C012777,2025-05-05 22:00:00,Other,56,Silver,Web,Khon Kaen,964,Web,Credit_Card,22,5,0,0,>50,32.13333333333333,1.0,0.0,0.0,-1,5,13211.59,0.2,1.0,0.0,0.0,13211.59,1,0,0.0,13211.59,1,0,0.0,13211.59,1,0,0.0,13211.59,1,0,0.0,0
LGS2ORD0015774,C014757,2025-05-05 22:00:00,Male,41,Gold,Lazada,Phuket,1514,Web,Credit_Card,22,5,0,0,40-50,50.46666666666667,3.0,0.0,0.0,-1,48,3761.7533333333326,0.33,0.3333333333333333,1.0,0.0,0.0,0,0,0.0,0.0,0,0,0.0,8492.789999999999,2,0,0.0,11285.259999999998,3,0,0.0,1
LGS2ORD0015775,C014644,2025-05-05 22:00:00,Female,47,Bronze,TV,Chonburi,759,Lazada,COD,22,5,0,0,40-50,25.3,1.0,0.0,0.0,-1,82,876.51,0.03,1.0,0.0,0.0,0.0,0,0,0.0,0.0,0,0,0.0,876.51,1,0,0.0,876.51,1,0,0.0,0
LGS2ORD0015776,C011041,2025-05-05 22:00:00,Female,46,Bronze,CallCenter,Bangkok,918,Shopee,COD,22,5,0,0,40-50,30.6,4.0,0.0,0.0,-1,11,5492.08,0.28,1.0,0.25,0.0,0.0,0,0,0.0,4337.63,1,0,0.0,7491.5,2,0,0.0,21968.32,4,0,0.0,0
LGS2ORD0015777,C014504,2025-05-05 22:00:00,Male,47,Bronze,Shopee,Chonburi,917,Shopee,Bank_Transfer,22,5,0,0,40-50,30.566666666666666,1.0,0.0,0.0,-1,85,2648.19,0.03,0.0,0.0,0.0,0.0,0,0,0.0,0.0,0,0,0.0,2648.19,1,0,0.0,2648.19,1,0,0.0,0
LGS2ORD0015778,C016750,2025-05-05 23:00:00,Male,41,Bronze,TV,Bangkok,1018,TV_Show,COD,23,5,0,0,40-50,33.93333333333333,1.0,0.0,0.0,-1,97,3273.63,0.13,0.0,0.0,0.0,0.0,0,0,0.0,0.0,0,0,0.0,0.0,0,0,0.0,3273.63,1,0,0.0,1
LGS2ORD0015779,C017558,2025-05-05 23:00:00,Male,45,Bronze,Shopee,Phuket,1304,Shopee,PromptPay,23,5,0,0,40-50,43.46666666666667,2.0,1.0,0.5,40,57,3215.65,0.28,0.5,0.5,0.0,0.0,0,0,0.0,0.0,0,0,0.0,2229.0,1,1,1.0,6431.3,2,1,0.5,1
LGS2ORD0015780,C016009,2025-05-05 23:00:00,Male,45,Bronze,TV,Chiang Mai,1519,CallCenter,PromptPay,23,5,0,0,40-50,50.63333333333333,2.0,0.0,0.0,-1,18,1838.335,0.03,1.0,0.0,0.0,0.0,0,0,0.0,1110.76,1,0,0.0,3676.67,2,0,0.0,3676.67,2,0,0.0,0
LGS2ORD0015781,C014271,2025-05-05 23:00:00,Female,38,Bronze,Shopee,Chonburi,642,TV_Show,Credit_Card,23,5,0,0,30-40,21.4,4.0,0.0,0.0,-1,12,3314.88,0.18,0.25,0.0,0.0,0.0,0,0,0.0,6592.05,2,0,0.0,8347.17,3,0,0.0,13259.52,4,0,0.0,0
LGS2ORD0015782,C011836,2025-05-05 23:00:00,Female,40,Gold,Shopee,Bangkok,249,Shopee,COD,23,5,0,0,30-40,8.3,3.0,0.0,0.0,-1,14,6479.203333333334,0.33,0.3333333333333333,0.6666666666666666,0.0,0.0,0,0,0.0,4774.78,1,0,0.0,15830.369999999999,2,0,0.0,19437.61,3,0,0.0,0
LGS2ORD0015783,C016987,2025-05-06 00:00:00,Male,64,Bronze,TV,Songkhla,477,Lazada,COD,0,5,1,0,>50,15.9,3.0,2.0,0.6666666666666666,-11,0,18991.206666666665,0.28,0.6666666666666666,0.3333333333333333,0.0,30596.3,1,1,1.0,30596.3,1,1,1.0,56973.619999999995,3,2,0.6666666666666666,56973.619999999995,3,2,0.6666666666666666,0
LGS2ORD0015784,C017565,2025-05-06 00:00:00,Male,59,Gold,Lazada,Phuket,377,Web,Credit_Card,0,5,1,0,>50,12.566666666666666,4.0,2.0,0.5,9,3,5626.465,0.33,0.5,0.5,0.0,9100.58,1,0,0.0,9565.65,2,1,0.5,13869.0,3,1,0.3333333333333333,22505.86,4,2,0.5,0
LGS2ORD0015785,C015549,2025-05-06 00:00:00,Male,48,Silver,Web,Nakhon Ratchasima,1295,CallCenter,Credit_Card,0,5,1,0,40-50,43.166666666666664,3.0,0.0,0.0,-1,6,4454.206666666667,0.1,0.3333333333333333,0.0,0.0,3048.76,1,0,0.0,13362.62,3,0,0.0,13362.62,3,0,0.0,13362.62,3,0,0.0,0
LGS2ORD0015786,C011959,2025-05-06 00:00:00,Male,18,Platinum,Web,Phuket,691,Web,Bank_Transfer,0,5,1,0,<20,23.033333333333335,3.0,1.0,0.3333333333333333,29,36,13957.68,0.3,0.6666666666666666,0.3333333333333333,0.0,0.0,0,0,0.0,0.0,0,0,0.0,37763.82,2,1,0.5,41873.04,3,1,0.3333333333333333,0
LGS2ORD0015787,C012803,2025-05-06 00:00:00,Female,32,Bronze,Lazada,Songkhla,266,Shopee,PromptPay,0,5,1,0,30-40,8.866666666666667,4.0,3.0,0.75,-4,0,1786.6725,0.23,0.5,0.25,0.0,1849.7,1,1,1.0,3533.08,2,2,1.0,5674.9400000000005,3,3,1.0,7146.69,4,3,0.75,0
LGS2ORD0015788,C016898,2025-05-06 01:00:00,Female,49,Bronze,Shopee,Phuket,1392,Shopee,COD,1,5,1,0,40-50,46.4,8.0,2.0,0.25,36,42,11126.29625,0.28,0.25,0.375,0.0,0.0,0,0,0.0,0.0,0,0,0.0,43201.259999999995,5,1,0.2,89010.37,8,2,0.25,1
LGS2ORD0015789,C014477,2025-05-06 01:00:00,Male,43,Gold,TV,Remote_Area,139,Shopee,COD,1,5,1,0,40-50,4.633333333333334,2.0,2.0,1.0,27,33,1879.145,0.33,0.5,0.5,0.0,0.0,0,0,0.0,0.0,0,0,0.0,1734.1,1,1,1.0,3758.29,2,2,1.0,0
LGS2ORD0015790,C014823,2025-05-06 01:00:00,Female,42,Bronze,TV,Bangkok,245,Shopee,Credit_Card,1,5,1,0,40-50,8.166666666666666,3.0,1.0,0.3333333333333333,106,13,2316.8333333333335,0.23,0.6666666666666666,0.3333333333333333,0.0,0.0,0,0,0.0,3160.75,1,0,0.0,4914.93,2,0,0.0,6950.5,3,1,0.3333333333333333,0
LGS2ORD0015791,C014071,2025-05-06 01:00:00,Male,44,Bronze,CallCenter,Remote_Area,1528,Shopee,PromptPay,1,5,1,0,40-50,50.93333333333333,1.0,1.0,1.0,42,54,1036.13,0.23,0.0,1.0,0.0,0.0,0,0,0.0,0.0,0,0,0.0,1036.13,1,1,1.0,1036.13,1,1,1.0,0
LGS2ORD0015792,C014646,2025-05-06 01:00:00,Male,54,Bronze,TV,Bangkok,314,Shopee,COD,1,5,1,0,>50,10.466666666666667,2.0,1.0,0.5,9,25,1928.095,0.03,0.0,0.0,0.0,0.0,0,0,0.0,2845.09,1,1,1.0,3856.19,2,1,0.5,3856.19,2,1,0.5,1
LGS2ORD0015793,C013327,2025-05-06 01:00:00,Male,28,Bronze,Shopee,Nakhon Ratchasima,1199,Shopee,COD,1,5,1,0,20-30,39.96666666666667,0.0,0.0,0.0,-1,-1,0.0,0.0,0.0,0.0,0.0,0.0,0,0,0.0,0.0,0,0,0.0,0.0,0,0,0.0,0.0,0,0,0.0,0
LGS2ORD0015794,C017648,2025-05-06 02:00:00,Male,25,Platinum,Lazada,Nakhon Ratchasima,1197,CallCenter,PromptPay,2,5,1,0,20-30,39.9,1.0,0.0,0.0,-1,46,797.8,0.3,1.0,1.0,0.0,0.0,0,0,0.0,0.0,0,0,0.0,797.8,1,0,0.0,797.8,1,0,0.0,0
LGS2ORD0015795,C012878,2025-05-06 02:00:00,Female,63,Bronze,TV,Chonburi,539,Lazada,Credit_Card,2,5,1,0,>50,17.966666666666665,5.0,2.0,0.4,31,39,3805.8599999999997,0.23,1.0,0.2,0.0,0.0,0,0,0.0,0.0,0,0,0.0,19029.3,5,2,0.4,19029.3,5,2,0.4,0
LGS2ORD0015796,C010192,2025-05-06 02:00:00,Female,36,Platinum,Web,Bangkok,520,TV_Show,PromptPay,2,5,1,0,30-40,17.333333333333332,2.0,0.0,0.0,-1,62,6254.035,0.15,0.0,0.0,0.0,0.0,0,0,0.0,0.0,0,0,0.0,2797.89,1,0,0.0,12508.07,2,0,0.0,0
LGS2ORD0015797,C010721,2025-05-06 02:00:00,Female,59,Bronze,TV,Remote_Area,560,TV_Show,COD,2,5,1,0,>50,18.666666666666668,0.0,0.0,0.0,-1,-1,0.0,0.0,0.0,0.0,0.0,0.0,0,0,0.0,0.0,0,0,0.0,0.0,0,0,0.0,0.0,0,0,0.0,1
LGS2ORD0015798,C015689,2025-05-06 02:00:00,Male,36,Silver,Shopee,Songkhla,920,CallCenter,Credit_Card,2,5,1,0,30-40,30.666666666666668,3.0,2.0,0.6666666666666666,68,19,9877.323333333334,0.2,0.6666666666666666,0.0,0.0,0.0,0,0,0.0,4636.53,1,0,0.0,29631.97,3,2,0.6666666666666666,29631.97,3,2,0.6666666666666666,0
LGS2ORD0015799,C016185,2025-05-06 03:00:00,Male,24,Gold,Lazada,Chonburi,597,Shopee,Credit_Card,3,5,1,0,20-30,19.9,1.0,0.0,0.0,-1,83,3441.62,0.18,0.0,0.0,0.0,0.0,0,0,0.0,0.0,0,0,0.0,3441.62,1,0,0.0,3441.62,1,0,0.0,1
LGS2ORD0015800,C015049,2025-05-06 03:00:00,Male,51,Platinum,TV,Bangkok,1584,Web,COD,3,5,1,0,>50,52.8,1.0,0.0,0.0,-1,17,8038.97,0.15,1.0,0.0,0.0,0.0,0,0,0.0,8038.97,1,0,0.0,8038.97,1,0,0.0,8038.97,1,0,0.0,1
LGS2ORD0015801,C013346,2025-05-06 03:00:00,Male,55,Silver,Shopee,Chonburi,655,Web,Credit_Card,3,5,1,0,>50,21.833333333333332,1.0,1.0,1.0,32,42,5874.17,0.2,1.0,0.0,0.0,0.0,0,0,0.0,0.0,0,0,0.0,5874.17,1,1,1.0,5874.17,1,1,1.0,0
LGS2ORD0015802,C013312,2025-05-06 03:00:00,Male,58,Gold,TV,Chonburi,799,Lazada,Bank_Transfer,3,5,1,0,>50,26.633333333333333,1.0,0.0,0.0,-1,45,622.08,0.2299999999999999,1.0,1.0,0.0,0.0,0,0,0.0,0.0,0,0,0.0,622.08,1,0,0.0,622.08,1,0,0.0,1
LGS2ORD0015803,C013605,2025-05-06 03:00:00,Female,66,Silver,Lazada,Bangkok,248,Shopee,COD,3,5,1,0,>50,8.266666666666667,1.0,1.0,1.0,86,99,7004.61,0.2,1.0,0.0,0.0,0.0,0,0,0.0,0.0,0,0,0.0,0.0,0,0,0.0,7004.61,1,1,1.0,0
LGS2ORD0015804,C014292,2025-05-06 04:00:00,Male,41,Bronze,CallCenter,Bangkok,208,Web,COD,4,5,1,0,40-50,6.933333333333334,2.0,1.0,0.5,88,81,1949.215,0.18,1.0,0.0,0.0,0.0,0,0,0.0,0.0,0,0,0.0,1792.71,1,0,0.0,3898.43,2,1,0.5,1
LGS2ORD0015805,C011121,2025-05-06 04:00:00,Male,44,Silver,TV,Bangkok,269,Lazada,PromptPay,4,5,1,0,40-50,8.966666666666667,2.0,1.0,0.5,11,26,4604.450000000001,0.3,1.0,0.5,0.0,0.0,0,0,0.0,207.03,1,1,1.0,9208.900000000001,2,1,0.5,9208.900000000001,2,1,0.5,0
LGS2ORD0015806,C011026,2025-05-06 04:00:00,Male,31,Bronze,Web,Bangkok,1028,Lazada,COD,4,5,1,0,30-40,34.266666666666666,4.0,0.0,0.0,-1,14,3798.4275,0.13,0.25,0.0,0.0,0.0,0,0,0.0,4474.95,1,0,0.0,6224.15,2,0,0.0,15193.71,4,0,0.0,0
LGS2ORD0015807,C015889,2025-05-06 04:00:00,Female,36,Silver,TV,Bangkok,912,Lazada,COD,4,5,1,0,30-40,30.4,2.0,0.0,0.0,-1,4,1939.3449999999998,0.1,0.5,0.0,0.0,3878.6899999999996,2,0,0.0,3878.6899999999996,2,0,0.0,3878.6899999999996,2,0,0.0,3878.6899999999996,2,0,0.0,0
LGS2ORD0015808,C017213,2025-05-06 04:00:00,Female,18,Silver,Web,Chiang Mai,249,Shopee,Bank_Transfer,4,5,1,0,<20,8.3,1.0,0.0,0.0,-1,106,1691.48,0.05,1.0,0.0,0.0,0.0,0,0,0.0,0.0,0,0,0.0,0.0,0,0,0.0,1691.48,1,0,0.0,0
LGS2ORD0015809,C013784,2025-05-06 05:00:00,Male,27,Bronze,TV,Nakhon Ratchasima,1188,TV_Show,COD,5,5,1,0,20-30,39.6,3.0,0.0,0.0,-1,2,777.6833333333334,0.28,0.3333333333333333,0.3333333333333333,0.0,639.21,1,0,0.0,1634.48,2,0,0.0,2333.05,3,0,0.0,2333.05,3,0,0.0,1
LGS2ORD0015810,C013005,2025-05-06 05:00:00,Female,39,Gold,Lazada,Chiang Mai,758,CallCenter,Bank_Transfer,5,5,1,0,30-40,25.266666666666666,3.0,0.0,0.0,-1,17,7122.003333333333,0.28,0.3333333333333333,0.6666666666666666,0.0,0.0,0,0,0.0,2707.5,1,0,0.0,19099.37,2,0,0.0,21366.01,3,0,0.0,0
LGS2ORD0015811,C012613,2025-05-06 05:00:00,Female,24,Silver,CallCenter,Chonburi,595,Lazada,Credit_Card,5,5,1,0,20-30,19.833333333333332,0.0,0.0,0.0,-1,-1,0.0,0.0,0.0,0.0,0.0,0.0,0,0,0.0,0.0,0,0,0.0,0.0,0,0,0.0,0.0,0,0,0.0,0
LGS2ORD0015812,C014540,2025-05-06 05:00:00,Female,47,Bronze,TV,Chiang Mai,257,TV_Show,PromptPay,5,5,1,0,40-50,8.566666666666666,4.0,1.0,0.25,99,43,3873.8399999999997,0.18,0.75,0.0,0.0,0.0,0,0,0.0,0.0,0,0,0.0,12603.0,2,0,0.0,15495.359999999999,4,1,0.25,0
LGS2ORD0015813,C014881,2025-05-06 05:00:00,Female,55,Bronze,TV,Bangkok,703,Shopee,COD,5,5,1,0,>50,23.433333333333334,5.0,1.0,0.2,21,1,8977.158,0.18,0.2,0.0,0.0,4002.68,1,0,0.0,4781.0199999999995,2,1,0.5,42955.49,4,1,0.25,44885.79,5,1,0.2,0
LGS2ORD0015814,C017418,2025-05-06 05:00:00,Male,49,Silver,Web,Songkhla,796,CallCenter,Credit_Card,5,5,1,0,40-50,26.533333333333335,2.0,2.0,1.0,97,106,3947.495,0.3,0.5,0.5,0.0,0.0,0,0,0.0,0.0,0,0,0.0,0.0,0,0,0.0,7894.99,2,2,1.0,1
LGS2ORD0015815,C011576,2025-05-06 06:00:00,Female,19,Bronze,Shopee,Songkhla,1297,Lazada,Credit_Card,6,5,1,0,<20,43.233333333333334,2.0,1.0,0.5,49,62,2331.915,0.23,0.5,0.5,0.0,0.0,0,0,0.0,0.0,0,0,0.0,1851.72,1,1,1.0,4663.83,2,1,0.5,0
LGS2ORD0015816,C016759,2025-05-06 06:00:00,Female,38,Silver,Shopee,Chonburi,1234,Shopee,Credit_Card,6,5,1,0,30-40,41.13333333333333,4.0,2.0,0.5,68,5,3656.0175,0.2,0.5,0.0,0.0,5032.85,1,0,0.0,5032.85,1,0,0.0,8895.74,2,1,0.5,14624.07,4,2,0.5,1
LGS2ORD0015817,C017050,2025-05-06 06:00:00,Male,36,Platinum,TV,Nakhon Ratchasima,831,TV_Show,COD,6,5,1,0,30-40,27.7,1.0,0.0,0.0,-1,31,2219.36,0.3,0.0,1.0,0.0,0.0,0,0,0.0,0.0,0,0,0.0,2219.36,1,0,0.0,2219.36,1,0,0.0,0
LGS2ORD0015818,C015573,2025-05-06 06:00:00,Female,45,Silver,Shopee,Bangkok,1534,Lazada,COD,6,5,1,0,40-50,51.13333333333333,6.0,1.0,0.16666666666666666,44,8,4767.266666666666,0.3,0.5,0.16666666666666666,0.0,0.0,0,0,0.0,1242.6,1,0,0.0,27895.239999999998,5,1,0.2,28603.6,6,1,0.16666666666666666,0
LGS2ORD0015819,C014807,2025-05-06 06:00:00,Male,62,Silver,Web,Khon Kaen,888,TV_Show,Credit_Card,6,5,1,0,>50,29.6,4.0,1.0,0.25,25,38,7974.74,0.2,0.5,0.0,0.0,0.0,0,0,0.0,0.0,0,0,0.0,30646.46,3,1,0.3333333333333333,31898.96,4,1,0.25,0
LGS2ORD0015820,C010288,2025-05-06 07:00:00,Female,35,Bronze,Shopee,Chiang Mai,1572,CallCenter,COD,7,5,1,0,30-40,52.4,1.0,1.0,1.0,26,30,4450.74,0.18,0.0,0.0,0.0,0.0,0,0,0.0,0.0,0,0,0.0,4450.74,1,1,1.0,4450.74,1,1,1.0,0
LGS2ORD0015821,C010411,2025-05-06 07:00:00,Female,34,Silver,Shopee,Bangkok,707,Shopee,COD,7,5,1,0,30-40,23.566666666666666,1.0,0.0,0.0,-1,45,2362.48,0.05,1.0,0.0,0.0,0.0,0,0,0.0,0.0,0,0,0.0,2362.48,1,0,0.0,2362.48,1,0,0.0,0
LGS2ORD0015822,C017464,2025-05-06 07:00:00,Male,29,Bronze,Web,Bangkok,424,Shopee,COD,7,5,1,0,20-30,14.133333333333333,1.0,0.0,0.0,-1,31,11986.22,0.08,0.0,0.0,0.0,0.0,0,0,0.0,0.0,0,0,0.0,11986.22,1,0,0.0,11986.22,1,0,0.0,0
LGS2ORD0015823,C015995,2025-05-06 07:00:00,Female,46,Silver,TV,Bangkok,373,CallCenter,COD,7,5,1,0,40-50,12.433333333333334,3.0,0.0,0.0,-1,2,8151.91,0.15,0.0,0.0,0.0,937.6,1,0,0.0,937.6,1,0,0.0,24455.73,3,0,0.0,24455.73,3,0,0.0,1
LGS2ORD0015824,C013651,2025-05-06 07:00:00,Female,29,Gold,Web,Bangkok,1043,TV_Show,PromptPay,7,5,1,0,20-30,34.766666666666666,3.0,1.0,0.3333333333333333,60,51,4522.163333333333,0.2299999999999999,0.3333333333333333,0.3333333333333333,0.0,0.0,0,0,0.0,0.0,0,0,0.0,13566.49,3,1,0.3333333333333333,13566.49,3,1,0.3333333333333333,0
LGS2ORD0015825,C017546,2025-05-06 08:00:00,Male,34,Gold,Shopee,Bangkok,1448,Shopee,COD,8,5,1,0,30-40,48.266666666666666,0.0,0.0,0.0,-1,-1,0.0,0.0,0.0,0.0,0.0,0.0,0,0,0.0,0.0,0,0,0.0,0.0,0,0,0.0,0.0,0,0,0.0,0
LGS2ORD0015826,C015425,2025-05-06 08:00:00,Male,34,Gold,Web,Bangkok,338,Web,COD,8,5,1,0,30-40,11.266666666666667,2.0,0.0,0.0,-1,25,4366.38,0.2299999999999999,0.0,0.5,0.0,0.0,0,0,0.0,4046.09,1,0,0.0,8732.76,2,0,0.0,8732.76,2,0,0.0,0
LGS2ORD0015827,C012490,2025-05-06 08:00:00,Female,52,Bronze,TV,Remote_Area,155,Lazada,Credit_Card,8,5,1,0,>50,5.166666666666667,4.0,1.0,0.25,9,1,2368.5825,0.23,0.5,0.25,0.0,1251.4,1,0,0.0,2140.07,2,1,0.5,2140.07,2,1,0.5,9474.33,4,1,0.25,0
LGS2ORD0015828,C013427,2025-05-06 08:00:00,Male,53,Bronze,Shopee,Phuket,1495,Lazada,COD,8,5,1,0,>50,49.833333333333336,4.0,1.0,0.25,15,28,6113.395,0.28,0.5,0.5,0.0,0.0,0,0,0.0,15409.470000000001,2,1,0.5,23505.64,3,1,0.3333333333333333,24453.58,4,1,0.25,1
LGS2ORD0015829,C015404,2025-05-06 08:00:00,Female,60,Bronze,Shopee,Songkhla,1053,Lazada,COD,8,5,1,0,>50,35.1,5.0,2.0,0.4,17,25,4536.086,0.28,1.0,0.4,0.0,0.0,0,0,0.0,1629.43,1,1,1.0,4799.32,2,1,0.5,22680.43,5,2,0.4,0
LGS2ORD0015830,C015419,2025-05-06 09:00:00,Male,30,Platinum,TV,Bangkok,875,Web,COD,9,5,1,0,20-30,29.166666666666668,1.0,0.0,0.0,-1,19,651.73,0.2,0.0,0.0,0.0,0.0,0,0,0.0,651.73,1,0,0.0,651.73,1,0,0.0,651.73,1,0,0.0,0
LGS2ORD0015831,C011839,2025-05-06 09:00:00,Female,52,Silver,TV,Chonburi,576,TV_Show,COD,9,5,1,0,>50,19.2,3.0,1.0,0.3333333333333333,36,47,3917.2099999999996,0.25,0.3333333333333333,0.3333333333333333,0.0,0.0,0,0,0.0,0.0,0,0,0.0,11751.63,3,1,0.3333333333333333,11751.63,3,1,0.3333333333333333,1
LGS2ORD0015832,C011890,2025-05-06 09:00:00,Female,44,Bronze,TV,Khon Kaen,567,TV_Show,PromptPay,9,5,1,0,40-50,18.9,1.0,0.0,0.0,-1,57,843.17,0.03,0.0,0.0,0.0,0.0,0,0,0.0,0.0,0,0,0.0,843.17,1,0,0.0,843.17,1,0,0.0,0
LGS2ORD0015833,C017429,2025-05-06 09:00:00,Male,42,Silver,TV,Nakhon Ratchasima,873,TV_Show,COD,9,5,1,0,40-50,29.1,2.0,0.0,0.0,-1,33,4651.135,0.25,0.5,0.5,0.0,0.0,0,0,0.0,0.0,0,0,0.0,2823.66,1,0,0.0,9302.27,2,0,0.0,0
LGS2ORD0015834,C016525,2025-05-06 09:00:00,Female,45,Silver,Shopee,Bangkok,1456,Web,Credit_Card,9,5,1,0,40-50,48.53333333333333,1.0,1.0,1.0,40,45,3262.48,0.25,0.0,1.0,0.0,0.0,0,0,0.0,0.0,0,0,0.0,3262.48,1,1,1.0,3262.48,1,1,1.0,0
LGS2ORD0015835,C012598,2025-05-06 09:00:00,Female,50,Bronze,Lazada,Chonburi,999,TV_Show,PromptPay,9,5,1,0,40-50,33.3,0.0,0.0,0.0,-1,-1,0.0,0.0,0.0,0.0,0.0,0.0,0,0,0.0,0.0,0,0,0.0,0.0,0,0,0.0,0.0,0,0,0.0,0
LGS2ORD0015836,C015249,2025-05-06 10:00:00,Male,61,Silver,Lazada,Khon Kaen,1387,TV_Show,Credit_Card,10,5,1,0,>50,46.233333333333334,4.0,1.0,0.25,5,4,1367.1275,0.3,0.5,0.5,0.0,3432.26,2,0,0.0,4026.2200000000003,3,1,0.3333333333333333,5468.51,4,1,0.25,5468.51,4,1,0.25,0
LGS2ORD0015837,C012556,2025-05-06 10:00:00,Female,38,Silver,CallCenter,Remote_Area,1381,CallCenter,Credit_Card,10,5,1,0,30-40,46.03333333333333,2.0,0.0,0.0,-1,14,3278.59,0.25,0.5,0.5,0.0,0.0,0,0,0.0,3215.89,1,0,0.0,6557.18,2,0,0.0,6557.18,2,0,0.0,0
LGS2ORD0015838,C015078,2025-05-06 10:00:00,Male,32,Bronze,Shopee,Khon Kaen,397,Web,COD,10,5,1,0,30-40,13.233333333333333,1.0,1.0,1.0,68,72,2148.45,0.03,1.0,0.0,0.0,0.0,0,0,0.0,0.0,0,0,0.0,2148.45,1,1,1.0,2148.45,1,1,1.0,0
LGS2ORD0015839,C017783,2025-05-06 10:00:00,Male,44,Bronze,Lazada,Phuket,1069,Shopee,COD,10,5,1,0,40-50,35.63333333333333,0.0,0.0,0.0,-1,-1,0.0,0.0,0.0,0.0,0.0,0.0,0,0,0.0,0.0,0,0,0.0,0.0,0,0,0.0,0.0,0,0,0.0,0
LGS2ORD0015840,C016503,2025-05-06 10:00:00,Female,25,Bronze,Shopee,Remote_Area,1567,TV_Show,COD,10,5,1,0,20-30,52.233333333333334,3.0,2.0,0.6666666666666666,41,53,2663.0699999999997,0.23,0.6666666666666666,0.3333333333333333,0.0,0.0,0,0,0.0,0.0,0,0,0.0,7989.209999999999,3,2,0.6666666666666666,7989.209999999999,3,2,0.6666666666666666,0
LGS2ORD0015841,C016358,2025-05-06 11:00:00,Male,48,Bronze,TV,Khon Kaen,261,CallCenter,COD,11,5,1,0,40-50,8.7,3.0,2.0,0.6666666666666666,84,46,1830.9466666666667,0.18,0.3333333333333333,0.0,0.0,0.0,0,0,0.0,0.0,0,0,0.0,2254.68,1,0,0.0,5492.84,3,2,0.6666666666666666,1
LGS2ORD0015842,C014659,2025-05-06 11:00:00,Female,50,Gold,TV,Khon Kaen,1363,Shopee,Credit_Card,11,5,1,0,40-50,45.43333333333333,4.0,0.0,0.0,-1,23,4226.5,0.33,0.5,0.5,0.0,0.0,0,0,0.0,3874.63,2,0,0.0,16906.0,4,0,0.0,16906.0,4,0,0.0,0
LGS2ORD0015843,C013116,2025-05-06 11:00:00,Female,46,Silver,Web,Chiang Mai,1409,TV_Show,COD,11,5,1,0,40-50,46.96666666666667,4.0,0.0,0.0,-1,19,4423.255,0.25,1.0,0.5,0.0,0.0,0,0,0.0,5551.83,1,0,0.0,9291.64,2,0,0.0,17693.02,4,0,0.0,0
LGS2ORD0015844,C016584,2025-05-06 11:00:00,Male,62,Gold,Web,Bangkok,527,CallCenter,Credit_Card,11,5,1,0,>50,17.566666666666666,2.0,0.0,0.0,-1,11,4899.61,0.13,0.0,0.0,0.0,0.0,0,0,0.0,2341.73,1,0,0.0,2341.73,1,0,0.0,9799.22,2,0,0.0,1
LGS2ORD0015845,C016538,2025-05-06 11:00:00,Other,42,Gold,Shopee,Khon Kaen,1390,Web,Credit_Card,11,5,1,0,40-50,46.333333333333336,4.0,0.0,0.0,-1,32,1104.4099999999999,0.33,0.25,0.5,0.0,0.0,0,0,0.0,0.0,0,0,0.0,1869.78,2,0,0.0,4417.639999999999,4,0,0.0,0
LGS2ORD0015846,C011628,2025-05-06 12:00:00,Male,51,Bronze,Shopee,Bangkok,1380,TV_Show,PromptPay,12,5,1,0,>50,46.0,2.0,1.0,0.5,26,18,1518.34,0.28,0.5,0.5,0.0,0.0,0,0,0.0,2270.22,1,0,0.0,3036.68,2,1,0.5,3036.68,2,1,0.5,0
LGS2ORD0015847,C017234,2025-05-06 12:00:00,Female,63,Bronze,CallCenter,Songkhla,1451,TV_Show,COD,12,5,1,0,>50,48.36666666666667,1.0,0.0,0.0,-1,70,21738.17,0.13,1.0,0.0,0.0,0.0,0,0,0.0,0.0,0,0,0.0,21738.17,1,0,0.0,21738.17,1,0,0.0,1
LGS2ORD0015848,C012869,2025-05-06 12:00:00,Female,51,Bronze,Lazada,Chiang Mai,316,TV_Show,COD,12,5,1,0,>50,10.533333333333333,3.0,1.0,0.3333333333333333,29,41,8176.893333333333,0.28,0.6666666666666666,0.3333333333333333,0.0,0.0,0,0,0.0,0.0,0,0,0.0,24530.68,3,1,0.3333333333333333,24530.68,3,1,0.3333333333333333,1
LGS2ORD0015849,C010802,2025-05-06 12:00:00,Female,21,Silver,Web,Bangkok,1200,Shopee,COD,12,5,1,0,20-30,40.0,1.0,0.0,0.0,-1,21,21700.94,0.1,1.0,0.0,0.0,0.0,0,0,0.0,21700.94,1,0,0.0,21700.94,1,0,0.0,21700.94,1,0,0.0,0
LGS2ORD0015850,C010214,2025-05-06 12:00:00,Male,44,Silver,Web,Nakhon Ratchasima,661,Shopee,Credit_Card,12,5,1,0,40-50,22.033333333333335,3.0,2.0,0.6666666666666666,10,18,8305.046666666667,0.3,0.3333333333333333,0.3333333333333333,0.0,0.0,0,0,0.0,13153.050000000001,2,1,0.5,24915.14,3,2,0.6666666666666666,24915.14,3,2,0.6666666666666666,0
LGS2ORD0015851,C014819,2025-05-06 13:00:00,Other,41,Bronze,Web,Bangkok,265,Shopee,COD,13,5,1,0,40-50,8.833333333333334,1.0,0.0,0.0,-1,17,2939.56,0.28,0.0,1.0,0.0,0.0,0,0,0.0,2939.56,1,0,0.0,2939.56,1,0,0.0,2939.56,1,0,0.0,0
LGS2ORD0015852,C017568,2025-05-06 13:00:00,Other,61,Bronze,Shopee,Nakhon Ratchasima,340,TV_Show,COD,13,5,1,0,>50,11.333333333333334,1.0,0.0,0.0,-1,46,624.64,0.23,1.0,1.0,0.0,0.0,0,0,0.0,0.0,0,0,0.0,624.64,1,0,0.0,624.64,1,0,0.0,0
LGS2ORD0015853,C010316,2025-05-06 13:00:00,Female,46,Bronze,TV,Bangkok,521,Web,COD,13,5,1,0,40-50,17.366666666666667,1.0,0.0,0.0,-1,91,2696.74,0.03,0.0,0.0,0.0,0.0,0,0,0.0,0.0,0,0,0.0,0.0,0,0,0.0,2696.74,1,0,0.0,0
LGS2ORD0015854,C016213,2025-05-06 13:00:00,Male,42,Silver,TV,Songkhla,344,Lazada,COD,13,5,1,0,40-50,11.466666666666667,1.0,0.0,0.0,-1,86,3195.29,0.3,0.0,1.0,0.0,0.0,0,0,0.0,0.0,0,0,0.0,3195.29,1,0,0.0,3195.29,1,0,0.0,0
LGS2ORD0015855,C014474,2025-05-06 13:00:00,Female,52,Bronze,TV,Khon Kaen,1365,Lazada,PromptPay,13,5,1,0,>50,45.5,8.0,2.0,0.25,0,10,5971.265,0.23,0.75,0.375,0.0,0.0,0,0,0.0,530.89,1,1,1.0,46939.780000000006,7,2,0.2857142857142857,47770.12,8,2,0.25,0
LGS2ORD0015856,C011844,2025-05-06 13:00:00,Female,41,Silver,TV,Bangkok,931,Shopee,PromptPay,13,5,1,0,40-50,31.033333333333335,0.0,0.0,0.0,-1,-1,0.0,0.0,0.0,0.0,0.0,0.0,0,0,0.0,0.0,0,0,0.0,0.0,0,0,0.0,0.0,0,0,0.0,0
LGS2ORD0015857,C012938,2025-05-06 14:00:00,Female,26,Silver,Web,Khon Kaen,1093,Lazada,COD,14,5,1,0,20-30,36.43333333333333,2.0,0.0,0.0,-1,40,3751.4350000000004,0.25,0.5,0.5,0.0,0.0,0,0,0.0,0.0,0,0,0.0,7502.870000000001,2,0,0.0,7502.870000000001,2,0,0.0,0
LGS2ORD0015858,C010904,2025-05-06 14:00:00,Female,23,Platinum,TV,Nakhon Ratchasima,485,Lazada,Credit_Card,14,5,1,0,20-30,16.166666666666668,2.0,0.0,0.0,-1,5,3085.4300000000003,0.35,0.5,0.5,0.0,6170.860000000001,2,0,0.0,6170.860000000001,2,0,0.0,6170.860000000001,2,0,0.0,6170.860000000001,2,0,0.0,0
LGS2ORD0015859,C013546,2025-05-06 14:00:00,Female,60,Gold,Shopee,Chonburi,1370,CallCenter,COD,14,5,1,0,>50,45.666666666666664,2.0,0.0,0.0,-1,27,2627.7000000000003,0.33,0.5,0.5,0.0,0.0,0,0,0.0,4541.01,1,0,0.0,5255.400000000001,2,0,0.0,5255.400000000001,2,0,0.0,1
LGS2ORD0015860,C010458,2025-05-06 14:00:00,Male,41,Silver,CallCenter,Bangkok,493,Shopee,PromptPay,14,5,1,0,40-50,16.433333333333334,1.0,1.0,1.0,32,39,9317.39,0.25,1.0,1.0,0.0,0.0,0,0,0.0,0.0,0,0,0.0,9317.39,1,1,1.0,9317.39,1,1,1.0,1
LGS2ORD0015861,C011190,2025-05-06 14:00:00,Female,43,Silver,Shopee,Chonburi,736,Shopee,COD,14,5,1,0,40-50,24.533333333333335,1.0,0.0,0.0,-1,75,18625.31,0.15,1.0,0.0,0.0,0.0,0,0,0.0,0.0,0,0,0.0,18625.31,1,0,0.0,18625.31,1,0,0.0,0
LGS2ORD0015862,C012904,2025-05-06 15:00:00,Male,51,Gold,Shopee,Nakhon Ratchasima,277,CallCenter,Credit_Card,15,5,1,0,>50,9.233333333333333,1.0,0.0,0.0,-1,113,1856.17,0.2299999999999999,0.0,1.0,0.0,0.0,0,0,0.0,0.0,0,0,0.0,0.0,0,0,0.0,1856.17,1,0,0.0,0
LGS2ORD0015863,C017067,2025-05-06 15:00:00,Female,27,Silver,Shopee,Remote_Area,1528,TV_Show,PromptPay,15,5,1,0,20-30,50.93333333333333,4.0,1.0,0.25,60,33,4087.825,0.3,0.5,0.5,0.0,0.0,0,0,0.0,0.0,0,0,0.0,14106.84,3,1,0.3333333333333333,16351.3,4,1,0.25,0
LGS2ORD0015864,C012456,2025-05-06 15:00:00,Male,29,Bronze,TV,Remote_Area,1289,CallCenter,COD,15,5,1,0,20-30,42.96666666666667,2.0,1.0,0.5,39,54,5917.709999999999,0.18,1.0,0.0,0.0,0.0,0,0,0.0,0.0,0,0,0.0,11835.419999999998,2,1,0.5,11835.419999999998,2,1,0.5,1
LGS2ORD0015865,C010165,2025-05-06 15:00:00,Male,46,Gold,Web,Khon Kaen,697,Lazada,COD,15,5,1,0,40-50,23.233333333333334,4.0,1.0,0.25,42,7,1606.1375,0.28,0.25,0.25,0.0,0.0,0,0,0.0,2947.7,2,0,0.0,6424.55,4,1,0.25,6424.55,4,1,0.25,1
LGS2ORD0015866,C012832,2025-05-06 15:00:00,Female,43,Bronze,Shopee,Bangkok,473,Web,COD,15,5,1,0,40-50,15.766666666666667,1.0,0.0,0.0,-1,80,1375.03,0.18,0.0,0.0,0.0,0.0,0,0,0.0,0.0,0,0,0.0,1375.03,1,0,0.0,1375.03,1,0,0.0,0
LGS2ORD0015867,C013980,2025-05-06 16:00:00,Male,54,Bronze,Shopee,Phuket,885,CallCenter,Credit_Card,16,5,1,0,>50,29.5,4.0,2.0,0.5,70,6,12281.035,0.28,0.5,0.5,0.0,33003.59,1,0,0.0,33003.59,1,0,0.0,41444.95,3,2,0.6666666666666666,49124.14,4,2,0.5,0
LGS2ORD0015868,C010969,2025-05-06 16:00:00,Female,36,Bronze,TV,Bangkok,851,TV_Show,Bank_Transfer,16,5,1,0,30-40,28.366666666666667,1.0,0.0,0.0,-1,73,5513.37,0.03,0.0,0.0,0.0,0.0,0,0,0.0,0.0,0,0,0.0,5513.37,1,0,0.0,5513.37,1,0,0.0,0
LGS2ORD0015869,C017182,2025-05-06 16:00:00,Female,36,Gold,Shopee,Khon Kaen,1188,Shopee,COD,16,5,1,0,30-40,39.6,1.0,0.0,0.0,-1,40,13271.29,0.28,0.0,1.0,0.0,0.0,0,0,0.0,0.0,0,0,0.0,13271.29,1,0,0.0,13271.29,1,0,0.0,1
LGS2ORD0015870,C016026,2025-05-06 16:00:00,Male,63,Silver,Shopee,Nakhon Ratchasima,891,TV_Show,COD,16,5,1,0,>50,29.7,1.0,0.0,0.0,-1,37,6457.57,0.15,0.0,0.0,0.0,0.0,0,0,0.0,0.0,0,0,0.0,6457.57,1,0,0.0,6457.57,1,0,0.0,0
LGS2ORD0015871,C011149,2025-05-06 16:00:00,Male,48,Bronze,TV,Chonburi,1572,Shopee,PromptPay,16,5,1,0,40-50,52.4,1.0,0.0,0.0,-1,70,24584.38,0.18,1.0,0.0,0.0,0.0,0,0,0.0,0.0,0,0,0.0,24584.38,1,0,0.0,24584.38,1,0,0.0,0
LGS2ORD0015872,C017682,2025-05-06 17:00:00,Male,33,Platinum,TV,Chiang Mai,1168,Lazada,Bank_Transfer,17,5,1,0,30-40,38.93333333333333,2.0,0.0,0.0,-1,6,1389.99,0.25,0.0,0.5,0.0,1143.02,1,0,0.0,1143.02,1,0,0.0,2779.98,2,0,0.0,2779.98,2,0,0.0,0
LGS2ORD0015873,C010934,2025-05-06 17:00:00,Male,41,Platinum,TV,Chonburi,333,Lazada,COD,17,5,1,0,40-50,11.1,1.0,0.0,0.0,-1,104,15115.07,0.3,0.0,1.0,0.0,0.0,0,0,0.0,0.0,0,0,0.0,0.0,0,0,0.0,15115.07,1,0,0.0,0
LGS2ORD0015874,C015344,2025-05-06 17:00:00,Male,33,Bronze,TV,Bangkok,1295,CallCenter,Credit_Card,17,5,1,0,30-40,43.166666666666664,1.0,0.0,0.0,-1,107,1818.27,0.03,0.0,0.0,0.0,0.0,0,0,0.0,0.0,0,0,0.0,0.0,0,0,0.0,1818.27,1,0,0.0,0
LGS2ORD0015875,C012303,2025-05-06 17:00:00,Male,39,Silver,TV,Nakhon Ratchasima,1324,TV_Show,Credit_Card,17,5,1,0,30-40,44.13333333333333,5.0,1.0,0.2,3,10,5940.7880000000005,0.3,0.4,0.2,0.0,0.0,0,0,0.0,12960.42,2,1,0.5,28121.6,4,1,0.25,29703.940000000002,5,1,0.2,0
LGS2ORD0015876,C017734,2025-05-06 17:00:00,Female,37,Silver,CallCenter,Bangkok,1205,Lazada,COD,17,5,1,0,30-40,40.166666666666664,0.0,0.0,0.0,-1,-1,0.0,0.0,0.0,0.0,0.0,0.0,0,0,0.0,0.0,0,0,0.0,0.0,0,0,0.0,0.0,0,0,0.0,1
LGS2ORD0015877,C010274,2025-05-06 17:00:00,Male,40,Silver,Lazada,Bangkok,203,Shopee,PromptPay,17,5,1,0,30-40,6.766666666666667,1.0,0.0,0.0,-1,9,497.61,0.2,0.0,0.0,0.0,0.0,0,0,0.0,497.61,1,0,0.0,497.61,1,0,0.0,497.61,1,0,0.0,0
LGS2ORD0015878,C011403,2025-05-06 18:00:00,Female,59,Gold,TV,Nakhon Ratchasima,532,TV_Show,COD,18,5,1,0,>50,17.733333333333334,2.0,0.0,0.0,-1,56,2586.255,0.28,0.5,0.5,0.0,0.0,0,0,0.0,0.0,0,0,0.0,5172.51,2,0,0.0,5172.51,2,0,0.0,0
LGS2ORD0015879,C012027,2025-05-06 18:00:00,Female,41,Bronze,Shopee,Bangkok,1281,CallCenter,COD,18,5,1,0,40-50,42.7,4.0,1.0,0.25,64,19,7732.037499999999,0.28,0.5,0.75,0.0,0.0,0,0,0.0,1227.94,1,0,0.0,4732.43,2,1,0.5,30928.149999999998,4,1,0.25,1
LGS2ORD0015880,C011356,2025-05-06 18:00:00,Female,58,Bronze,Shopee,Chiang Mai,220,Web,COD,18,5,1,0,>50,7.333333333333333,5.0,2.0,0.4,2,14,2542.654,0.28,0.4,0.4,0.0,0.0,0,0,0.0,3858.87,2,1,0.5,12713.27,5,2,0.4,12713.27,5,2,0.4,0
LGS2ORD0015881,C011951,2025-05-06 18:00:00,Female,49,Bronze,TV,Chonburi,1289,Shopee,COD,18,5,1,0,40-50,42.96666666666667,4.0,2.0,0.5,25,33,3275.06,0.23,1.0,0.25,0.0,0.0,0,0,0.0,0.0,0,0,0.0,13100.24,4,2,0.5,13100.24,4,2,0.5,1
LGS2ORD0015882,C010620,2025-05-06 18:00:00,Female,55,Silver,Web,Songkhla,756,Shopee,Credit_Card,18,5,1,0,>50,25.2,1.0,0.0,0.0,-1,45,2175.34,0.15,1.0,0.0,0.0,0.0,0,0,0.0,0.0,0,0,0.0,2175.34,1,0,0.0,2175.34,1,0,0.0,0
LGS2ORD0015883,C010050,2025-05-06 19:00:00,Female,26,Bronze,Shopee,Bangkok,1101,Web,Credit_Card,19,5,1,0,20-30,36.7,3.0,0.0,0.0,-1,31,2454.9166666666665,0.28,0.6666666666666666,0.6666666666666666,0.0,0.0,0,0,0.0,0.0,0,0,0.0,616.29,1,0,0.0,7364.749999999999,3,0,0.0,0
LGS2ORD0015884,C010695,2025-05-06 19:00:00,Male,55,Bronze,Web,Songkhla,159,CallCenter,COD,19,5,1,0,>50,5.3,4.0,1.0,0.25,63,21,3938.96,0.18,0.5,0.0,0.0,0.0,0,0,0.0,1052.38,1,0,0.0,6851.570000000001,3,1,0.3333333333333333,15755.84,4,1,0.25,1
LGS2ORD0015885,C012108,2025-05-06 19:00:00,Female,61,Gold,TV,Khon Kaen,692,TV_Show,Bank_Transfer,19,5,1,0,>50,23.066666666666666,0.0,0.0,0.0,-1,-1,0.0,0.0,0.0,0.0,0.0,0.0,0,0,0.0,0.0,0,0,0.0,0.0,0,0,0.0,0.0,0,0,0.0,0
LGS2ORD0015886,C012327,2025-05-06 19:00:00,Male,39,Bronze,Shopee,Nakhon Ratchasima,1406,CallCenter,COD,19,5,1,0,30-40,46.86666666666667,1.0,0.0,0.0,-1,52,1419.59,0.08,1.0,0.0,0.0,0.0,0,0,0.0,0.0,0,0,0.0,1419.59,1,0,0.0,1419.59,1,0,0.0,0
LGS2ORD0015887,C010046,2025-05-06 19:00:00,Female,53,Silver,TV,Chonburi,603,Shopee,Bank_Transfer,19,5,1,0,>50,20.1,2.0,0.0,0.0,-1,85,2857.575,0.15,0.5,0.0,0.0,0.0,0,0,0.0,0.0,0,0,0.0,5515.16,1,0,0.0,5715.15,2,0,0.0,0
LGS2ORD0015888,C017565,2025-05-06 20:00:00,Male,59,Gold,Lazada,Phuket,377,Web,COD,20,5,1,0,>50,12.566666666666666,5.0,2.0,0.4,10,0,7498.232000000001,0.33,0.4,0.4,0.0,24085.879999999997,2,0,0.0,24550.949999999997,3,1,0.3333333333333333,28854.3,4,1,0.25,37491.16,5,2,0.4,1
LGS2ORD0015889,C017920,2025-05-06 20:00:00,Female,59,Bronze,CallCenter,Nakhon Ratchasima,345,Web,Credit_Card,20,5,1,0,>50,11.5,0.0,0.0,0.0,-1,-1,0.0,0.0,0.0,0.0,0.0,0.0,0,0,0.0,0.0,0,0,0.0,0.0,0,0,0.0,0.0,0,0,0.0,0
LGS2ORD0015890,C016533,2025-05-06 20:00:00,Female,26,Gold,Web,Chonburi,1041,CallCenter,COD,20,5,1,0,20-30,34.7,1.0,0.0,0.0,-1,57,3317.29,0.13,0.0,0.0,0.0,0.0,0,0,0.0,0.0,0,0,0.0,3317.29,1,0,0.0,3317.29,1,0,0.0,0
LGS2ORD0015891,C010204,2025-05-06 20:00:00,Male,18,Bronze,Shopee,Bangkok,1210,Shopee,Credit_Card,20,5,1,0,<20,40.333333333333336,0.0,0.0,0.0,-1,-1,0.0,0.0,0.0,0.0,0.0,0.0,0,0,0.0,0.0,0,0,0.0,0.0,0,0,0.0,0.0,0,0,0.0,0
LGS2ORD0015892,C014986,2025-05-06 20:00:00,Male,49,Silver,Shopee,Bangkok,625,CallCenter,Credit_Card,20,5,1,0,40-50,20.833333333333332,2.0,0.0,0.0,-1,52,4532.955,0.3,0.0,0.5,0.0,0.0,0,0,0.0,0.0,0,0,0.0,5832.55,1,0,0.0,9065.91,2,0,0.0,0
LGS2ORD0015893,C010304,2025-05-06 20:00:00,Female,67,Bronze,Shopee,Nakhon Ratchasima,1022,TV_Show,COD,20,5,1,0,>50,34.06666666666667,4.0,1.0,0.25,109,24,2861.2425000000003,0.23,1.0,0.25,0.0,0.0,0,0,0.0,1010.02,1,0,0.0,1010.02,1,0,0.0,11444.970000000001,4,1,0.25,0
LGS2ORD0015894,C010727,2025-05-06 21:00:00,Male,44,Silver,Web,Khon Kaen,918,Shopee,COD,21,5,1,0,40-50,30.6,5.0,2.0,0.4,18,26,6576.138000000001,0.3,0.8,0.4,0.0,0.0,0,0,0.0,2804.51,1,1,1.0,23662.43,4,2,0.5,32880.69,5,2,0.4,0
LGS2ORD0015895,C013396,2025-05-06 21:00:00,Female,49,Gold,Shopee,Phuket,1577,TV_Show,COD,21,5,1,0,40-50,52.56666666666667,3.0,1.0,0.3333333333333333,50,49,3014.9033333333336,0.28,0.6666666666666666,1.0,0.0,0.0,0,0,0.0,0.0,0,0,0.0,1296.6,2,1,0.5,9044.710000000001,3,1,0.3333333333333333,0
LGS2ORD0015896,C014649,2025-05-06 21:00:00,Female,30,Bronze,TV,Chonburi,1482,Web,PromptPay,21,5,1,0,20-30,49.4,3.0,1.0,0.3333333333333333,40,15,1895.8766666666668,0.08,0.6666666666666666,0.0,0.0,0.0,0,0,0.0,1467.25,1,0,0.0,5687.63,3,1,0.3333333333333333,5687.63,3,1,0.3333333333333333,0
LGS2ORD0015897,C011779,2025-05-06 21:00:00,Female,24,Bronze,TV,Phuket,1371,CallCenter,PromptPay,21,5,1,0,20-30,45.7,2.0,0.0,0.0,-1,23,2806.46,0.23,0.0,0.5,0.0,0.0,0,0,0.0,4772.22,1,0,0.0,4772.22,1,0,0.0,5612.92,2,0,0.0,1
LGS2ORD0015898,C013194,2025-05-06 21:00:00,Male,22,Bronze,TV,Bangkok,537,Shopee,PromptPay,21,5,1,0,20-30,17.9,3.0,0.0,0.0,-1,5,4134.946666666667,0.23,0.3333333333333333,0.6666666666666666,0.0,1476.75,1,0,0.0,1476.75,1,0,0.0,5843.94,2,0,0.0,12404.84,3,0,0.0,0
LGS2ORD0015899,C012826,2025-05-06 22:00:00,Male,55,Bronze,Shopee,Chiang Mai,395,TV_Show,Credit_Card,22,5,1,0,>50,13.166666666666666,2.0,0.0,0.0,-1,50,854.875,0.03,0.0,0.0,0.0,0.0,0,0,0.0,0.0,0,0,0.0,1709.75,2,0,0.0,1709.75,2,0,0.0,0
LGS2ORD0015900,C017638,2025-05-06 22:00:00,Female,61,Silver,TV,Bangkok,1373,Web,COD,22,5,1,0,>50,45.766666666666666,4.0,1.0,0.25,75,24,10040.5,0.3,0.5,0.5,0.0,0.0,0,0,0.0,29104.93,2,0,0.0,40162.0,4,1,0.25,40162.0,4,1,0.25,0
LGS2ORD0015901,C010522,2025-05-06 22:00:00,Male,29,Bronze,TV,Chonburi,619,Lazada,Credit_Card,22,5,1,0,20-30,20.633333333333333,2.0,0.0,0.0,-1,53,872.76,0.03,0.0,0.0,0.0,0.0,0,0,0.0,0.0,0,0,0.0,780.63,1,0,0.0,1745.52,2,0,0.0,1
LGS2ORD0015902,C016574,2025-05-06 22:00:00,Female,33,Bronze,Web,Khon Kaen,163,Shopee,COD,22,5,1,0,30-40,5.433333333333334,3.0,0.0,0.0,-1,3,1607.2966666666664,0.23,0.3333333333333333,0.3333333333333333,0.0,2266.22,1,0,0.0,2266.22,1,0,0.0,2266.22,1,0,0.0,4821.889999999999,3,0,0.0,0
LGS2ORD0015903,C017130,2025-05-06 22:00:00,Female,52,Gold,CallCenter,Phuket,354,Shopee,COD,22,5,1,0,>50,11.8,3.0,1.0,0.3333333333333333,6,14,11207.87,0.28,1.0,0.6666666666666666,0.0,0.0,0,0,0.0,18170.0,1,1,1.0,33623.61,3,1,0.3333333333333333,33623.61,3,1,0.3333333333333333,0
LGS2ORD0015904,C017196,2025-05-06 23:00:00,Male,45,Bronze,TV,Remote_Area,225,Shopee,COD,23,5,1,0,40-50,7.5,1.0,1.0,1.0,17,34,5624.85,0.18,0.0,0.0,0.0,0.0,0,0,0.0,0.0,0,0,0.0,5624.85,1,1,1.0,5624.85,1,1,1.0,0
LGS2ORD0015905,C014364,2025-05-06 23:00:00,Female,40,Bronze,TV,Phuket,264,TV_Show,PromptPay,23,5,1,0,30-40,8.8,3.0,0.0,0.0,-1,16,2693.7099999999996,0.28,0.6666666666666666,0.6666666666666666,0.0,0.0,0,0,0.0,1524.65,1,0,0.0,5158.8,2,0,0.0,8081.129999999999,3,0,0.0,0
LGS2ORD0015906,C015415,2025-05-06 23:00:00,Female,31,Silver,CallCenter,Nakhon Ratchasima,178,TV_Show,COD,23,5,1,0,30-40,5.933333333333334,1.0,1.0,1.0,51,61,7277.62,0.05,0.0,0.0,0.0,0.0,0,0,0.0,0.0,0,0,0.0,7277.62,1,1,1.0,7277.62,1,1,1.0,0
LGS2ORD0015907,C011977,2025-05-06 23:00:00,Male,60,Bronze,Shopee,Bangkok,455,Shopee,COD,23,5,1,0,>50,15.166666666666666,2.0,0.0,0.0,-1,18,2227.79,0.23,0.5,0.5,0.0,0.0,0,0,0.0,2463.46,1,0,0.0,4455.58,2,0,0.0,4455.58,2,0,0.0,1
LGS2ORD0015908,C013239,2025-05-06 23:00:00,Male,29,Bronze,Shopee,Khon Kaen,614,Lazada,Credit_Card,23,5,1,0,20-30,20.466666666666665,5.0,3.0,0.6,33,39,3483.386,0.28,0.6,0.6,0.0,0.0,0,0,0.0,0.0,0,0,0.0,17416.93,5,3,0.6,17416.93,5,3,0.6,0
LGS2ORD0015909,C013464,2025-05-07 00:00:00,Female,36,Bronze,Shopee,Chonburi,650,Lazada,Credit_Card,0,5,2,0,30-40,21.666666666666668,3.0,1.0,0.3333333333333333,20,20,3712.41,0.18,0.0,0.0,0.0,0.0,0,0,0.0,10475.67,2,1,0.5,11137.23,3,1,0.3333333333333333,11137.23,3,1,0.3333333333333333,0
LGS2ORD0015910,C016289,2025-05-07 00:00:00,Male,56,Silver,TV,Bangkok,1173,Shopee,COD,0,5,2,0,>50,39.1,3.0,1.0,0.3333333333333333,-3,12,3408.0200000000004,0.2,0.3333333333333333,0.0,0.0,0.0,0,0,0.0,5803.3,2,1,0.5,5803.3,2,1,0.5,10224.060000000001,3,1,0.3333333333333333,0
LGS2ORD0015911,C017899,2025-05-07 00:00:00,Male,26,Bronze,Lazada,Bangkok,1002,Shopee,COD,0,5,2,0,20-30,33.4,1.0,1.0,1.0,17,30,1315.25,0.23,0.0,1.0,0.0,0.0,0,0,0.0,0.0,0,0,0.0,1315.25,1,1,1.0,1315.25,1,1,1.0,0
LGS2ORD0015912,C014794,2025-05-07 00:00:00,Male,66,Bronze,CallCenter,Chiang Mai,1545,Web,COD,0,5,2,0,>50,51.5,1.0,0.0,0.0,-1,2,864.79,0.03,1.0,0.0,0.0,864.79,1,0,0.0,864.79,1,0,0.0,864.79,1,0,0.0,864.79,1,0,0.0,0
LGS2ORD0015913,C017550,2025-05-07 00:00:00,Female,57,Silver,TV,Bangkok,1148,Lazada,COD,0,5,2,0,>50,38.266666666666666,2.0,0.0,0.0,-1,47,10667.725,0.3,1.0,0.5,0.0,0.0,0,0,0.0,0.0,0,0,0.0,21335.45,2,0,0.0,21335.45,2,0,0.0,0
LGS2ORD0015914,C012801,2025-05-07 00:00:00,Female,29,Gold,CallCenter,Chonburi,662,CallCenter,COD,0,5,2,0,20-30,22.066666666666666,1.0,0.0,0.0,-1,25,39929.64,0.18,0.0,0.0,0.0,0.0,0,0,0.0,39929.64,1,0,0.0,39929.64,1,0,0.0,39929.64,1,0,0.0,0
LGS2ORD0015915,C016889,2025-05-07 01:00:00,Male,47,Bronze,Shopee,Chonburi,699,CallCenter,Bank_Transfer,1,5,2,0,40-50,23.3,3.0,0.0,0.0,-1,31,3292.91,0.03,0.3333333333333333,0.0,0.0,0.0,0,0,0.0,0.0,0,0,0.0,5275.379999999999,2,0,0.0,9878.73,3,0,0.0,0
LGS2ORD0015916,C017436,2025-05-07 01:00:00,Female,41,Bronze,Web,Phuket,1098,Shopee,Credit_Card,1,5,2,0,40-50,36.6,0.0,0.0,0.0,-1,-1,0.0,0.0,0.0,0.0,0.0,0.0,0,0,0.0,0.0,0,0,0.0,0.0,0,0,0.0,0.0,0,0,0.0,1
LGS2ORD0015917,C013038,2025-05-07 01:00:00,Female,36,Bronze,TV,Chiang Mai,447,CallCenter,Bank_Transfer,1,5,2,0,30-40,14.9,5.0,0.0,0.0,-1,22,5550.228,0.23,0.4,0.2,0.0,0.0,0,0,0.0,10728.67,1,0,0.0,10728.67,1,0,0.0,27751.14,5,0,0.0,0
LGS2ORD0015918,C010623,2025-05-07 01:00:00,Male,52,Silver,CallCenter,Nakhon Ratchasima,803,TV_Show,COD,1,5,2,0,>50,26.766666666666666,6.0,1.0,0.16666666666666666,37,2,8393.041666666666,0.25,0.5,0.16666666666666666,0.0,11544.77,1,0,0.0,11544.77,1,0,0.0,39113.49,5,1,0.2,50358.25,6,1,0.16666666666666666,0
LGS2ORD0015919,C014608,2025-05-07 01:00:00,Female,50,Bronze,Lazada,Nakhon Ratchasima,1425,Lazada,COD,1,5,2,0,40-50,47.5,4.0,1.0,0.25,49,4,7724.0475,0.23,0.5,0.5,0.0,19932.6,1,0,0.0,19932.6,1,0,0.0,30896.19,4,1,0.25,30896.19,4,1,0.25,1
LGS2ORD0015920,C016970,2025-05-07 02:00:00,Female,70,Bronze,Lazada,Chiang Mai,584,Lazada,Credit_Card,2,5,2,0,>50,19.466666666666665,5.0,1.0,0.2,13,20,5612.7480000000005,0.28,0.4,0.2,0.0,0.0,0,0,0.0,4315.04,2,1,0.5,28063.74,5,1,0.2,28063.74,5,1,0.2,0
LGS2ORD0015921,C017717,2025-05-07 02:00:00,Female,44,Bronze,TV,Chiang Mai,661,Shopee,COD,2,5,2,0,40-50,22.033333333333335,2.0,0.0,0.0,-1,44,4974.59,0.23,0.5,1.0,0.0,0.0,0,0,0.0,0.0,0,0,0.0,1892.03,1,0,0.0,9949.18,2,0,0.0,0
LGS2ORD0015922,C014293,2025-05-07 02:00:00,Male,72,Bronze,TV,Remote_Area,1420,Lazada,PromptPay,2,5,2,0,>50,47.333333333333336,0.0,0.0,0.0,-1,-1,0.0,0.0,0.0,0.0,0.0,0.0,0,0,0.0,0.0,0,0,0.0,0.0,0,0,0.0,0.0,0,0,0.0,0
LGS2ORD0015923,C015598,2025-05-07 02:00:00,Male,34,Bronze,Shopee,Bangkok,936,TV_Show,COD,2,5,2,0,30-40,31.2,3.0,1.0,0.3333333333333333,59,69,5290.8966666666665,0.23,0.6666666666666666,0.3333333333333333,0.0,0.0,0,0,0.0,0.0,0,0,0.0,14880.04,2,1,0.5,15872.69,3,1,0.3333333333333333,0
LGS2ORD0015924,C014361,2025-05-07 02:00:00,Male,49,Gold,TV,Chiang Mai,345,CallCenter,Credit_Card,2,5,2,0,40-50,11.5,2.0,0.0,0.0,-1,83,3065.575,0.2299999999999999,0.5,0.5,0.0,0.0,0,0,0.0,0.0,0,0,0.0,2820.84,1,0,0.0,6131.15,2,0,0.0,0
LGS2ORD0015925,C012935,2025-05-07 03:00:00,Female,33,Bronze,TV,Bangkok,1204,TV_Show,COD,3,5,2,0,30-40,40.13333333333333,3.0,0.0,0.0,-1,26,10065.800000000001,0.18,0.3333333333333333,0.0,0.0,0.0,0,0,0.0,5127.5,1,0,0.0,30197.4,3,0,0.0,30197.4,3,0,0.0,1
LGS2ORD0015926,C011514,2025-05-07 03:00:00,Female,25,Gold,Lazada,Bangkok,477,TV_Show,COD,3,5,2,0,20-30,15.9,1.0,0.0,0.0,-1,71,8120.97,0.08,1.0,0.0,0.0,0.0,0,0,0.0,0.0,0,0,0.0,8120.97,1,0,0.0,8120.97,1,0,0.0,1
LGS2ORD0015927,C016211,2025-05-07 03:00:00,Female,43,Bronze,Web,Bangkok,787,TV_Show,COD,3,5,2,0,40-50,26.233333333333334,3.0,0.0,0.0,-1,27,6665.833333333333,0.18,0.6666666666666666,0.0,0.0,0.0,0,0,0.0,2132.19,1,0,0.0,4315.23,2,0,0.0,19997.5,3,0,0.0,0
LGS2ORD0015928,C012985,2025-05-07 03:00:00,Female,53,Platinum,Shopee,Remote_Area,263,Shopee,COD,3,5,2,0,>50,8.766666666666667,1.0,0.0,0.0,-1,114,1913.01,0.15,1.0,0.0,0.0,0.0,0,0,0.0,0.0,0,0,0.0,0.0,0,0,0.0,1913.01,1,0,0.0,0
LGS2ORD0015929,C013890,2025-05-07 03:00:00,Other,47,Bronze,Shopee,Chiang Mai,1298,Lazada,COD,3,5,2,0,40-50,43.266666666666666,7.0,1.0,0.14285714285714285,0,4,9036.24857142857,0.28,0.8571428571428571,0.14285714285714285,0.0,11894.14,1,0,0.0,21920.61,2,1,0.5,52176.159999999996,5,1,0.2,63253.74,7,1,0.14285714285714285,0
LGS2ORD0015930,C013482,2025-05-07 04:00:00,Female,51,Gold,Shopee,Chiang Mai,664,Web,Credit_Card,4,5,2,0,>50,22.133333333333333,3.0,1.0,0.3333333333333333,95,51,3024.733333333333,0.13,0.6666666666666666,0.0,0.0,0.0,0,0,0.0,0.0,0,0,0.0,3924.15,1,0,0.0,9074.199999999999,3,1,0.3333333333333333,0
LGS2ORD0015931,C017219,2025-05-07 04:00:00,Female,63,Gold,Web,Bangkok,718,CallCenter,PromptPay,4,5,2,0,>50,23.933333333333334,1.0,1.0,1.0,42,58,1884.34,0.2299999999999999,0.0,1.0,0.0,0.0,0,0,0.0,0.0,0,0,0.0,1884.34,1,1,1.0,1884.34,1,1,1.0,0
LGS2ORD0015932,C013212,2025-05-07 04:00:00,Female,31,Silver,Shopee,Songkhla,938,Web,COD,4,5,2,0,30-40,31.266666666666666,2.0,0.0,0.0,-1,66,1267.795,0.15,1.0,0.0,0.0,0.0,0,0,0.0,0.0,0,0,0.0,2535.59,2,0,0.0,2535.59,2,0,0.0,1
LGS2ORD0015933,C015303,2025-05-07 04:00:00,Male,41,Gold,CallCenter,Bangkok,800,TV_Show,COD,4,5,2,0,40-50,26.666666666666668,1.0,0.0,0.0,-1,10,2871.51,0.2299999999999999,0.0,1.0,0.0,0.0,0,0,0.0,2871.51,1,0,0.0,2871.51,1,0,0.0,2871.51,1,0,0.0,0
LGS2ORD0015934,C016805,2025-05-07 04:00:00,Male,57,Platinum,Web,Chonburi,1438,TV_Show,Credit_Card,4,5,2,0,>50,47.93333333333333,0.0,0.0,0.0,-1,-1,0.0,0.0,0.0,0.0,0.0,0.0,0,0,0.0,0.0,0,0,0.0,0.0,0,0,0.0,0.0,0,0,0.0,0
LGS2ORD0015935,C014330,2025-05-07 04:00:00,Male,19,Silver,TV,Phuket,1402,Shopee,COD,4,5,2,0,<20,46.733333333333334,3.0,2.0,0.6666666666666666,18,34,4354.03,0.25,0.6666666666666666,0.3333333333333333,0.0,0.0,0,0,0.0,0.0,0,0,0.0,11266.619999999999,2,1,0.5,13062.09,3,2,0.6666666666666666,0
LGS2ORD0015936,C014284,2025-05-07 05:00:00,Female,51,Silver,TV,Chiang Mai,416,TV_Show,COD,5,5,2,0,>50,13.866666666666667,2.0,1.0,0.5,103,109,1224.075,0.05,0.5,0.0,0.0,0.0,0,0,0.0,0.0,0,0,0.0,0.0,0,0,0.0,2448.15,2,1,0.5,0
LGS2ORD0015937,C016340,2025-05-07 05:00:00,Male,43,Silver,TV,Nakhon Ratchasima,785,Lazada,COD,5,5,2,0,40-50,26.166666666666668,2.0,0.0,0.0,-1,79,7605.52,0.2,1.0,0.0,0.0,0.0,0,0,0.0,0.0,0,0,0.0,15211.04,2,0,0.0,15211.04,2,0,0.0,0
LGS2ORD0015938,C017595,2025-05-07 05:00:00,Male,50,Silver,Shopee,Nakhon Ratchasima,407,Web,COD,5,5,2,0,40-50,13.566666666666666,1.0,0.0,0.0,-1,107,10429.4,0.2,0.0,0.0,0.0,0.0,0,0,0.0,0.0,0,0,0.0,0.0,0,0,0.0,10429.4,1,0,0.0,0
LGS2ORD0015939,C016547,2025-05-07 05:00:00,Male,31,Silver,Lazada,Bangkok,416,Shopee,COD,5,5,2,0,30-40,13.866666666666667,1.0,0.0,0.0,-1,6,238.72,0.2,0.0,0.0,0.0,238.72,1,0,0.0,238.72,1,0,0.0,238.72,1,0,0.0,238.72,1,0,0.0,0
LGS2ORD0015940,C012941,2025-05-07 05:00:00,Female,56,Silver,Shopee,Bangkok,526,Lazada,Credit_Card,5,5,2,0,>50,17.533333333333335,1.0,0.0,0.0,-1,15,1564.38,0.25,0.0,1.0,0.0,0.0,0,0,0.0,1564.38,1,0,0.0,1564.38,1,0,0.0,1564.38,1,0,0.0,0
LGS2ORD0015941,C017140,2025-05-07 06:00:00,Male,34,Silver,CallCenter,Chiang Mai,1164,Lazada,COD,6,5,2,0,30-40,38.8,3.0,0.0,0.0,-1,14,14243.82,0.2,0.0,0.0,0.0,0.0,0,0,0.0,26110.37,1,0,0.0,26110.37,1,0,0.0,42731.46,3,0,0.0,0
LGS2ORD0015942,C017330,2025-05-07 06:00:00,Female,27,Gold,Shopee,Khon Kaen,1384,Shopee,COD,6,5,2,0,20-30,46.13333333333333,3.0,1.0,0.3333333333333333,54,69,7129.283333333333,0.33,0.0,0.3333333333333333,0.0,0.0,0,0,0.0,0.0,0,0,0.0,5791.02,1,1,1.0,21387.85,3,1,0.3333333333333333,0
LGS2ORD0015943,C015476,2025-05-07 06:00:00,Male,50,Silver,TV,Khon Kaen,1046,Web,COD,6,5,2,0,40-50,34.86666666666667,1.0,0.0,0.0,-1,31,8207.66,0.25,1.0,1.0,0.0,0.0,0,0,0.0,0.0,0,0,0.0,8207.66,1,0,0.0,8207.66,1,0,0.0,1
LGS2ORD0015944,C015272,2025-05-07 06:00:00,Female,39,Bronze,TV,Khon Kaen,764,CallCenter,Bank_Transfer,6,5,2,0,30-40,25.466666666666665,3.0,0.0,0.0,-1,40,2887.933333333333,0.23,0.0,0.3333333333333333,0.0,0.0,0,0,0.0,0.0,0,0,0.0,7545.87,2,0,0.0,8663.8,3,0,0.0,0
LGS2ORD0015945,C014179,2025-05-07 06:00:00,Male,18,Silver,Lazada,Songkhla,437,TV_Show,Credit_Card,6,5,2,0,<20,14.566666666666666,5.0,1.0,0.2,22,28,12640.166000000001,0.2,0.4,0.0,0.0,0.0,0,0,0.0,19339.67,1,1,1.0,51672.509999999995,3,1,0.3333333333333333,63200.83,5,1,0.2,0
LGS2ORD0015946,C011920,2025-05-07 07:00:00,Female,32,Gold,Shopee,Chonburi,515,TV_Show,PromptPay,7,5,2,0,30-40,17.166666666666668,1.0,0.0,0.0,-1,65,515.51,0.33,0.0,1.0,0.0,0.0,0,0,0.0,0.0,0,0,0.0,515.51,1,0,0.0,515.51,1,0,0.0,1
LGS2ORD0015947,C012433,2025-05-07 07:00:00,Male,43,Platinum,Lazada,Khon Kaen,799,Shopee,COD,7,5,2,0,40-50,26.633333333333333,1.0,1.0,1.0,88,94,2937.9,0.35,0.0,1.0,0.0,0.0,0,0,0.0,0.0,0,0,0.0,0.0,0,0,0.0,2937.9,1,1,1.0,0
LGS2ORD0015948,C013756,2025-05-07 07:00:00,Female,33,Bronze,TV,Chonburi,513,Lazada,Bank_Transfer,7,5,2,0,30-40,17.1,3.0,0.0,0.0,-1,90,5094.3533333333335,0.08,0.3333333333333333,0.0,0.0,0.0,0,0,0.0,0.0,0,0,0.0,0.0,0,0,0.0,15283.06,3,0,0.0,0
LGS2ORD0015949,C011696,2025-05-07 07:00:00,Female,51,Silver,CallCenter,Bangkok,514,Web,Credit_Card,7,5,2,0,>50,17.133333333333333,4.0,2.0,0.5,73,42,3540.0225,0.25,1.0,0.25,0.0,0.0,0,0,0.0,0.0,0,0,0.0,8791.28,2,1,0.5,14160.09,4,2,0.5,1
LGS2ORD0015950,C012100,2025-05-07 07:00:00,Female,61,Platinum,CallCenter,Khon Kaen,579,Lazada,COD,7,5,2,0,>50,19.3,3.0,1.0,0.3333333333333333,-3,3,5306.196666666667,0.3,0.6666666666666666,1.0,0.0,119.21,1,1,1.0,119.21,1,1,1.0,15309.58,2,1,0.5,15918.59,3,1,0.3333333333333333,0
LGS2ORD0015951,C017661,2025-05-07 08:00:00,Male,44,Bronze,TV,Khon Kaen,1151,CallCenter,COD,8,5,2,0,40-50,38.36666666666667,2.0,0.0,0.0,-1,2,3387.5699999999997,0.18,0.5,0.0,0.0,2026.4,1,0,0.0,2026.4,1,0,0.0,6775.139999999999,2,0,0.0,6775.139999999999,2,0,0.0,0
LGS2ORD0015952,C013717,2025-05-07 08:00:00,Male,56,Bronze,Lazada,Chonburi,547,Web,Credit_Card,8,5,2,0,>50,18.233333333333334,0.0,0.0,0.0,-1,-1,0.0,0.0,0.0,0.0,0.0,0.0,0,0,0.0,0.0,0,0,0.0,0.0,0,0,0.0,0.0,0,0,0.0,0
LGS2ORD0015953,C015911,2025-05-07 08:00:00,Male,23,Platinum,Web,Bangkok,435,Shopee,COD,8,5,2,0,20-30,14.5,4.0,0.0,0.0,-1,5,4364.862499999999,0.25,0.25,0.25,0.0,1537.44,1,0,0.0,1537.44,1,0,0.0,6072.219999999999,2,0,0.0,17459.449999999997,4,0,0.0,0
LGS2ORD0015954,C012865,2025-05-07 08:00:00,Female,33,Bronze,Shopee,Bangkok,1341,Web,Bank_Transfer,8,5,2,0,30-40,44.7,1.0,0.0,0.0,-1,62,6408.93,0.03,0.0,0.0,0.0,0.0,0,0,0.0,0.0,0,0,0.0,6408.93,1,0,0.0,6408.93,1,0,0.0,0
LGS2ORD0015955,C017725,2025-05-07 08:00:00,Female,59,Bronze,Web,Khon Kaen,1065,Shopee,COD,8,5,2,0,>50,35.5,3.0,0.0,0.0,-1,56,14841.756666666668,0.23,0.6666666666666666,0.3333333333333333,0.0,0.0,0,0,0.0,0.0,0,0,0.0,44525.270000000004,3,0,0.0,44525.270000000004,3,0,0.0,1
LGS2ORD0015956,C017988,2025-05-07 08:00:00,Male,28,Silver,Lazada,Chiang Mai,943,Lazada,COD,8,5,2,0,20-30,31.433333333333334,2.0,0.0,0.0,-1,22,5913.415,0.2,0.0,0.0,0.0,0.0,0,0,0.0,5192.99,1,0,0.0,5192.99,1,0,0.0,11826.83,2,0,0.0,1
LGS2ORD0015957,C013457,2025-05-07 09:00:00,Female,52,Silver,Lazada,Phuket,610,Web,PromptPay,9,5,2,0,>50,20.333333333333332,2.0,2.0,1.0,29,36,4295.505,0.25,1.0,0.5,0.0,0.0,0,0,0.0,0.0,0,0,0.0,2628.58,1,1,1.0,8591.01,2,2,1.0,0
LGS2ORD0015958,C016534,2025-05-07 09:00:00,Female,51,Bronze,TV,Remote_Area,151,Shopee,Credit_Card,9,5,2,0,>50,5.033333333333333,3.0,0.0,0.0,-1,6,3167.5400000000004,0.28,0.3333333333333333,0.3333333333333333,0.0,1516.4,1,0,0.0,9502.62,3,0,0.0,9502.62,3,0,0.0,9502.62,3,0,0.0,0
LGS2ORD0015959,C011148,2025-05-07 09:00:00,Male,28,Silver,Lazada,Nakhon Ratchasima,1348,Lazada,Credit_Card,9,5,2,0,20-30,44.93333333333333,2.0,0.0,0.0,-1,15,11247.855000000001,0.3,0.5,0.5,0.0,0.0,0,0,0.0,18873.56,1,0,0.0,18873.56,1,0,0.0,22495.710000000003,2,0,0.0,0
LGS2ORD0015960,C016372,2025-05-07 09:00:00,Female,57,Gold,CallCenter,Bangkok,450,Web,Credit_Card,9,5,2,0,>50,15.0,3.0,1.0,0.3333333333333333,44,8,3784.0400000000004,0.28,0.6666666666666666,0.6666666666666666,0.0,0.0,0,0,0.0,4735.77,2,0,0.0,11352.12,3,1,0.3333333333333333,11352.12,3,1,0.3333333333333333,0
LGS2ORD0015961,C017810,2025-05-07 09:00:00,Female,72,Silver,Lazada,Bangkok,1255,TV_Show,COD,9,5,2,0,>50,41.833333333333336,0.0,0.0,0.0,-1,-1,0.0,0.0,0.0,0.0,0.0,0.0,0,0,0.0,0.0,0,0,0.0,0.0,0,0,0.0,0.0,0,0,0.0,0
LGS2ORD0015962,C014331,2025-05-07 10:00:00,Male,22,Bronze,Web,Bangkok,851,Web,COD,10,5,2,0,20-30,28.366666666666667,0.0,0.0,0.0,-1,-1,0.0,0.0,0.0,0.0,0.0,0.0,0,0,0.0,0.0,0,0,0.0,0.0,0,0,0.0,0.0,0,0,0.0,0
LGS2ORD0015963,C014754,2025-05-07 10:00:00,Female,63,Bronze,TV,Songkhla,897,Web,COD,10,5,2,0,>50,29.9,3.0,1.0,0.3333333333333333,114,56,4615.28,0.23,0.3333333333333333,0.3333333333333333,0.0,0.0,0,0,0.0,0.0,0,0,0.0,13074.54,2,0,0.0,13845.84,3,1,0.3333333333333333,0
LGS2ORD0015964,C016798,2025-05-07 10:00:00,Male,37,Gold,Web,Phuket,677,TV_Show,Credit_Card,10,5,2,0,30-40,22.566666666666666,3.0,0.0,0.0,-1,58,7297.446666666667,0.28,0.3333333333333333,0.6666666666666666,0.0,0.0,0,0,0.0,0.0,0,0,0.0,11509.91,2,0,0.0,21892.34,3,0,0.0,0
LGS2ORD0015965,C014443,2025-05-07 10:00:00,Male,47,Silver,TV,Remote_Area,1483,TV_Show,COD,10,5,2,0,40-50,49.43333333333333,5.0,3.0,0.6,-6,7,12806.542,0.25,0.8,0.4,0.0,0.0,0,0,0.0,16038.29,2,1,0.5,64032.71,5,3,0.6,64032.71,5,3,0.6,0
LGS2ORD0015966,C012820,2025-05-07 10:00:00,Female,49,Silver,TV,Remote_Area,1570,CallCenter,Bank_Transfer,10,5,2,0,40-50,52.333333333333336,3.0,2.0,0.6666666666666666,18,28,3438.433333333334,0.2,0.3333333333333333,0.0,0.0,0.0,0,0,0.0,3470.32,1,1,1.0,10315.300000000001,3,2,0.6666666666666666,10315.300000000001,3,2,0.6666666666666666,0
LGS2ORD0015967,C017743,2025-05-07 11:00:00,Female,55,Silver,Web,Chiang Mai,1313,Shopee,PromptPay,11,5,2,0,>50,43.766666666666666,4.0,3.0,0.75,33,48,5132.7325,0.2,0.75,0.0,0.0,0.0,0,0,0.0,0.0,0,0,0.0,20530.93,4,3,0.75,20530.93,4,3,0.75,0
LGS2ORD0015968,C013806,2025-05-07 11:00:00,Male,41,Silver,Shopee,Bangkok,1332,CallCenter,COD,11,5,2,0,40-50,44.4,1.0,0.0,0.0,-1,91,2905.49,0.2,0.0,0.0,0.0,0.0,0,0,0.0,0.0,0,0,0.0,0.0,0,0,0.0,2905.49,1,0,0.0,0
LGS2ORD0015969,C017016,2025-05-07 11:00:00,Male,18,Gold,Web,Nakhon Ratchasima,780,CallCenter,COD,11,5,2,0,<20,26.0,1.0,0.0,0.0,-1,56,9712.83,0.28,1.0,1.0,0.0,0.0,0,0,0.0,0.0,0,0,0.0,9712.83,1,0,0.0,9712.83,1,0,0.0,0
LGS2ORD0015970,C011561,2025-05-07 11:00:00,Female,47,Bronze,Web,Songkhla,1051,TV_Show,COD,11,5,2,0,40-50,35.03333333333333,1.0,1.0,1.0,4,12,12092.61,0.18,1.0,0.0,0.0,0.0,0,0,0.0,12092.61,1,1,1.0,12092.61,1,1,1.0,12092.61,1,1,1.0,1
LGS2ORD0015971,C010562,2025-05-07 11:00:00,Male,72,Silver,TV,Chonburi,1116,Shopee,COD,11,5,2,0,>50,37.2,0.0,0.0,0.0,-1,-1,0.0,0.0,0.0,0.0,0.0,0.0,0,0,0.0,0.0,0,0,0.0,0.0,0,0,0.0,0.0,0,0,0.0,1
LGS2ORD0015972,C015808,2025-05-07 12:00:00,Female,36,Silver,CallCenter,Bangkok,340,Shopee,Bank_Transfer,12,5,2,0,30-40,11.333333333333334,1.0,0.0,0.0,-1,23,18861.55,0.15,1.0,0.0,0.0,0.0,0,0,0.0,18861.55,1,0,0.0,18861.55,1,0,0.0,18861.55,1,0,0.0,0
LGS2ORD0015973,C012199,2025-05-07 12:00:00,Female,56,Silver,TV,Phuket,1458,TV_Show,COD,12,5,2,0,>50,48.6,3.0,1.0,0.3333333333333333,46,13,4176.063333333333,0.2,0.6666666666666666,0.0,0.0,0.0,0,0,0.0,11522.24,2,0,0.0,12528.189999999999,3,1,0.3333333333333333,12528.189999999999,3,1,0.3333333333333333,0
LGS2ORD0015974,C010916,2025-05-07 12:00:00,Male,41,Bronze,CallCenter,Khon Kaen,225,Shopee,PromptPay,12,5,2,0,40-50,7.5,4.0,0.0,0.0,-1,9,1864.12,0.28,0.0,0.5,0.0,0.0,0,0,0.0,155.49,1,0,0.0,7456.48,4,0,0.0,7456.48,4,0,0.0,0
LGS2ORD0015975,C015439,2025-05-07 12:00:00,Male,37,Bronze,Lazada,Remote_Area,178,CallCenter,Credit_Card,12,5,2,0,30-40,5.933333333333334,3.0,1.0,0.3333333333333333,13,29,6462.166666666667,0.18,0.6666666666666666,0.0,0.0,0.0,0,0,0.0,6853.64,1,1,1.0,18039.58,2,1,0.5,19386.5,3,1,0.3333333333333333,1
LGS2ORD0015976,C012423,2025-05-07 12:00:00,Female,57,Bronze,CallCenter,Remote_Area,912,Web,PromptPay,12,5,2,0,>50,30.4,2.0,0.0,0.0,-1,23,783.375,0.28,0.5,1.0,0.0,0.0,0,0,0.0,989.12,1,0,0.0,989.12,1,0,0.0,1566.75,2,0,0.0,0
LGS2ORD0015977,C011569,2025-05-07 12:00:00,Male,34,Bronze,TV,Remote_Area,653,Web,COD,12,5,2,0,30-40,21.766666666666666,2.0,1.0,0.5,99,78,1390.035,0.28,0.5,0.5,0.0,0.0,0,0,0.0,0.0,0,0,0.0,1926.95,1,0,0.0,2780.07,2,1,0.5,0
LGS2ORD0015978,C011521,2025-05-07 13:00:00,Male,38,Bronze,Lazada,Khon Kaen,1138,Lazada,COD,13,5,2,0,30-40,37.93333333333333,2.0,0.0,0.0,-1,112,4345.0599999999995,0.23,0.0,0.5,0.0,0.0,0,0,0.0,0.0,0,0,0.0,0.0,0,0,0.0,8690.119999999999,2,0,0.0,1
LGS2ORD0015979,C015988,2025-05-07 13:00:00,Male,27,Platinum,Web,Chonburi,672,Lazada,Credit_Card,13,5,2,0,20-30,22.4,1.0,0.0,0.0,-1,99,3033.55,0.1,1.0,0.0,0.0,0.0,0,0,0.0,0.0,0,0,0.0,0.0,0,0,0.0,3033.55,1,0,0.0,0
LGS2ORD0015980,C012724,2025-05-07 13:00:00,Female,55,Gold,Web,Khon Kaen,1423,Lazada,Bank_Transfer,13,5,2,0,>50,47.43333333333333,1.0,1.0,1.0,8,21,696.4,0.2299999999999999,1.0,1.0,0.0,0.0,0,0,0.0,696.4,1,1,1.0,696.4,1,1,1.0,696.4,1,1,1.0,0
LGS2ORD0015981,C010882,2025-05-07 13:00:00,Female,38,Bronze,TV,Bangkok,306,Lazada,Credit_Card,13,5,2,0,30-40,10.2,4.0,2.0,0.5,63,22,2986.685,0.23,0.75,0.5,0.0,0.0,0,0,0.0,275.43,1,0,0.0,8276.18,2,1,0.5,11946.74,4,2,0.5,0
LGS2ORD0015982,C015948,2025-05-07 13:00:00,Female,43,Silver,Lazada,Chiang Mai,295,Shopee,Credit_Card,13,5,2,0,40-50,9.833333333333334,6.0,2.0,0.3333333333333333,7,5,3750.1299999999997,0.2,0.8333333333333334,0.0,0.0,2962.38,1,0,0.0,4406.2,2,1,0.5,22500.78,6,2,0.3333333333333333,22500.78,6,2,0.3333333333333333,1
LGS2ORD0015983,C010970,2025-05-07 14:00:00,Male,30,Bronze,Shopee,Remote_Area,1231,Lazada,Credit_Card,14,5,2,0,20-30,41.03333333333333,1.0,0.0,0.0,-1,96,5052.18,0.03,1.0,0.0,0.0,0.0,0,0,0.0,0.0,0,0,0.0,0.0,0,0,0.0,5052.18,1,0,0.0,0
LGS2ORD0015984,C013588,2025-05-07 14:00:00,Male,45,Bronze,Web,Remote_Area,354,TV_Show,PromptPay,14,5,2,0,40-50,11.8,3.0,2.0,0.6666666666666666,26,37,8893.339999999998,0.18,1.0,0.0,0.0,0.0,0,0,0.0,0.0,0,0,0.0,21250.949999999997,2,2,1.0,26680.019999999997,3,2,0.6666666666666666,0
LGS2ORD0015985,C016431,2025-05-07 14:00:00,Female,21,Platinum,TV,Chiang Mai,316,TV_Show,COD,14,5,2,0,20-30,10.533333333333333,1.0,0.0,0.0,-1,120,839.6,0.1,0.0,0.0,0.0,0.0,0,0,0.0,0.0,0,0,0.0,0.0,0,0,0.0,839.6,1,0,0.0,1
LGS2ORD0015986,C017349,2025-05-07 14:00:00,Female,50,Bronze,Shopee,Nakhon Ratchasima,509,Web,Credit_Card,14,5,2,0,40-50,16.966666666666665,2.0,2.0,1.0,93,96,13522.45,0.28,1.0,0.5,0.0,0.0,0,0,0.0,0.0,0,0,0.0,0.0,0,0,0.0,27044.9,2,2,1.0,0
LGS2ORD0015987,C015771,2025-05-07 14:00:00,Male,26,Silver,Shopee,Songkhla,669,TV_Show,PromptPay,14,5,2,0,20-30,22.3,1.0,0.0,0.0,-1,24,1675.21,0.2,0.0,0.0,0.0,0.0,0,0,0.0,1675.21,1,0,0.0,1675.21,1,0,0.0,1675.21,1,0,0.0,0
LGS2ORD0015988,C015731,2025-05-07 15:00:00,Female,48,Bronze,Lazada,Phuket,1518,TV_Show,Credit_Card,15,5,2,0,40-50,50.6,2.0,0.0,0.0,-1,5,3053.385,0.18,1.0,0.0,0.0,4570.76,1,0,0.0,6106.77,2,0,0.0,6106.77,2,0,0.0,6106.77,2,0,0.0,0
LGS2ORD0015989,C017246,2025-05-07 15:00:00,Female,29,Bronze,TV,Bangkok,504,Web,COD,15,5,2,0,20-30,16.8,1.0,0.0,0.0,-1,120,2238.81,0.18,1.0,0.0,0.0,0.0,0,0,0.0,0.0,0,0,0.0,0.0,0,0,0.0,2238.81,1,0,0.0,1
LGS2ORD0015990,C013254,2025-05-07 15:00:00,Female,72,Silver,Web,Nakhon Ratchasima,1586,Web,COD,15,5,2,0,>50,52.86666666666667,0.0,0.0,0.0,-1,-1,0.0,0.0,0.0,0.0,0.0,0.0,0,0,0.0,0.0,0,0,0.0,0.0,0,0,0.0,0.0,0,0,0.0,0
LGS2ORD0015991,C014605,2025-05-07 15:00:00,Female,26,Silver,Shopee,Nakhon Ratchasima,1509,Web,Credit_Card,15,5,2,0,20-30,50.3,2.0,0.0,0.0,-1,23,5270.0599999999995,0.25,1.0,0.5,0.0,0.0,0,0,0.0,8269.56,1,0,0.0,8269.56,1,0,0.0,10540.119999999999,2,0,0.0,0
LGS2ORD0015992,C012167,2025-05-07 15:00:00,Male,35,Gold,Lazada,Bangkok,651,Lazada,Credit_Card,15,5,2,0,30-40,21.7,2.0,0.0,0.0,-1,66,1711.165,0.2299999999999999,0.5,0.5,0.0,0.0,0,0,0.0,0.0,0,0,0.0,2114.15,1,0,0.0,3422.33,2,0,0.0,0
LGS2ORD0015993,C013934,2025-05-07 16:00:00,Female,36,Bronze,CallCenter,Khon Kaen,380,Lazada,Credit_Card,16,5,2,0,30-40,12.666666666666666,3.0,0.0,0.0,-1,52,15983.470000000001,0.23,0.3333333333333333,0.6666666666666666,0.0,0.0,0,0,0.0,0.0,0,0,0.0,46365.95,2,0,0.0,47950.41,3,0,0.0,0
LGS2ORD0015994,C012677,2025-05-07 16:00:00,Female,20,Bronze,Shopee,Songkhla,1217,Web,COD,16,5,2,0,<20,40.56666666666667,4.0,0.0,0.0,-1,10,4485.9475,0.13,0.5,0.0,0.0,0.0,0,0,0.0,8074.95,2,0,0.0,17943.79,4,0,0.0,17943.79,4,0,0.0,0
LGS2ORD0015995,C016938,2025-05-07 16:00:00,Male,18,Silver,Shopee,Bangkok,923,Web,COD,16,5,2,0,<20,30.766666666666666,3.0,3.0,1.0,0,10,8038.326666666668,0.1,0.6666666666666666,0.0,0.0,0.0,0,0,0.0,17399.72,1,1,1.0,24114.980000000003,3,3,1.0,24114.980000000003,3,3,1.0,0
LGS2ORD0015996,C012416,2025-05-07 16:00:00,Male,29,Silver,Web,Songkhla,622,CallCenter,COD,16,5,2,0,20-30,20.733333333333334,3.0,1.0,0.3333333333333333,85,53,935.2200000000001,0.2,0.3333333333333333,0.0,0.0,0.0,0,0,0.0,0.0,0,0,0.0,1567.28,2,0,0.0,2805.6600000000003,3,1,0.3333333333333333,0
LGS2ORD0015997,C016850,2025-05-07 16:00:00,Female,37,Bronze,TV,Phuket,1192,Shopee,COD,16,5,2,0,30-40,39.733333333333334,0.0,0.0,0.0,-1,-1,0.0,0.0,0.0,0.0,0.0,0.0,0,0,0.0,0.0,0,0,0.0,0.0,0,0,0.0,0.0,0,0,0.0,1
LGS2ORD0015998,C010588,2025-05-07 16:00:00,Male,40,Bronze,Shopee,Remote_Area,1223,CallCenter,Credit_Card,16,5,2,0,30-40,40.766666666666666,3.0,0.0,0.0,-1,59,2813.2333333333336,0.23,0.3333333333333333,0.6666666666666666,0.0,0.0,0,0,0.0,0.0,0,0,0.0,8439.7,3,0,0.0,8439.7,3,0,0.0,0
LGS2ORD0015999,C014428,2025-05-07 17:00:00,Female,46,Bronze,Web,Chiang Mai,175,Web,COD,17,5,2,0,40-50,5.833333333333333,1.0,0.0,0.0,-1,110,2153.69,0.18,1.0,0.0,0.0,0.0,0,0,0.0,0.0,0,0,0.0,0.0,0,0,0.0,2153.69,1,0,0.0,0
LGS2ORD0016000,C013051,2025-05-07 17:00:00,Female,40,Bronze,Web,Phuket,876,Web,Bank_Transfer,17,5,2,0,30-40,29.2,2.0,0.0,0.0,-1,64,8330.205,0.18,0.5,0.0,0.0,0.0,0,0,0.0,0.0,0,0,0.0,14732.67,1,0,0.0,16660.41,2,0,0.0,1
LGS2ORD0016001,C010395,2025-05-07 17:00:00,Female,42,Bronze,TV,Phuket,1447,CallCenter,PromptPay,17,5,2,0,40-50,48.233333333333334,3.0,1.0,0.3333333333333333,60,19,6149.4766666666665,0.28,0.3333333333333333,0.3333333333333333,0.0,0.0,0,0,0.0,1924.86,1,0,0.0,8995.23,2,1,0.5,18448.43,3,1,0.3333333333333333,0
LGS2ORD0016002,C016779,2025-05-07 17:00:00,Male,24,Silver,TV,Chonburi,1576,Lazada,COD,17,5,2,0,20-30,52.53333333333333,1.0,0.0,0.0,-1,94,3296.19,0.2,0.0,0.0,0.0,0.0,0,0,0.0,0.0,0,0,0.0,0.0,0,0,0.0,3296.19,1,0,0.0,0
LGS2ORD0016003,C012581,2025-05-07 17:00:00,Male,43,Bronze,Lazada,Songkhla,1101,TV_Show,Credit_Card,17,5,2,0,40-50,36.7,1.0,0.0,0.0,-1,74,2484.92,0.18,0.0,0.0,0.0,0.0,0,0,0.0,0.0,0,0,0.0,2484.92,1,0,0.0,2484.92,1,0,0.0,0
LGS2ORD0016004,C012391,2025-05-07 18:00:00,Female,50,Bronze,TV,Bangkok,1268,Shopee,COD,18,5,2,0,40-50,42.266666666666666,0.0,0.0,0.0,-1,-1,0.0,0.0,0.0,0.0,0.0,0.0,0,0,0.0,0.0,0,0,0.0,0.0,0,0,0.0,0.0,0,0,0.0,1
LGS2ORD0016005,C016567,2025-05-07 18:00:00,Female,48,Gold,TV,Khon Kaen,803,Shopee,COD,18,5,2,0,40-50,26.766666666666666,1.0,0.0,0.0,-1,51,1376.51,0.13,0.0,0.0,0.0,0.0,0,0,0.0,0.0,0,0,0.0,1376.51,1,0,0.0,1376.51,1,0,0.0,0
LGS2ORD0016006,C013342,2025-05-07 18:00:00,Female,30,Silver,TV,Chiang Mai,1020,TV_Show,Bank_Transfer,18,5,2,0,20-30,34.0,0.0,0.0,0.0,-1,-1,0.0,0.0,0.0,0.0,0.0,0.0,0,0,0.0,0.0,0,0,0.0,0.0,0,0,0.0,0.0,0,0,0.0,0
LGS2ORD0016007,C017170,2025-05-07 18:00:00,Female,48,Silver,Shopee,Phuket,1485,Lazada,COD,18,5,2,0,40-50,49.5,4.0,0.0,0.0,-1,19,2134.9125,0.1,0.25,0.0,0.0,0.0,0,0,0.0,3376.5,2,0,0.0,8539.65,4,0,0.0,8539.65,4,0,0.0,0
LGS2ORD0016008,C010093,2025-05-07 18:00:00,Male,20,Bronze,Web,Chonburi,366,Lazada,COD,18,5,2,0,<20,12.2,3.0,0.0,0.0,-1,8,5375.5233333333335,0.03,0.6666666666666666,0.0,0.0,0.0,0,0,0.0,14437.79,2,0,0.0,16126.57,3,0,0.0,16126.57,3,0,0.0,0
LGS2ORD0016009,C011403,2025-05-07 19:00:00,Female,59,Gold,TV,Nakhon Ratchasima,533,Lazada,COD,19,5,2,0,>50,17.766666666666666,3.0,0.0,0.0,-1,1,2486.88,0.28,0.6666666666666666,0.3333333333333333,0.0,2288.13,1,0,0.0,2288.13,1,0,0.0,7460.64,3,0,0.0,7460.64,3,0,0.0,0
LGS2ORD0016010,C013956,2025-05-07 19:00:00,Other,41,Platinum,Lazada,Songkhla,1513,Lazada,PromptPay,19,5,2,0,40-50,50.43333333333333,3.0,0.0,0.0,-1,38,3644.6266666666666,0.2,1.0,0.0,0.0,0.0,0,0,0.0,0.0,0,0,0.0,6581.52,2,0,0.0,10933.88,3,0,0.0,0
LGS2ORD0016011,C017129,2025-05-07 19:00:00,Male,38,Platinum,CallCenter,Nakhon Ratchasima,672,TV_Show,COD,19,5,2,0,30-40,22.4,2.0,1.0,0.5,35,32,5079.24,0.3,0.5,0.5,0.0,0.0,0,0,0.0,0.0,0,0,0.0,10158.48,2,1,0.5,10158.48,2,1,0.5,0
LGS2ORD0016012,C015472,2025-05-07 19:00:00,Female,63,Bronze,Web,Nakhon Ratchasima,172,Web,COD,19,5,2,0,>50,5.733333333333333,1.0,0.0,0.0,-1,98,20221.53,0.03,1.0,0.0,0.0,0.0,0,0,0.0,0.0,0,0,0.0,0.0,0,0,0.0,20221.53,1,0,0.0,0
LGS2ORD0016013,C013694,2025-05-07 19:00:00,Female,42,Gold,Lazada,Khon Kaen,1073,CallCenter,Bank_Transfer,19,5,2,0,40-50,35.766666666666666,1.0,1.0,1.0,85,88,39457.97,0.13,0.0,0.0,0.0,0.0,0,0,0.0,0.0,0,0,0.0,39457.97,1,1,1.0,39457.97,1,1,1.0,0
LGS2ORD0016014,C017597,2025-05-07 19:00:00,Male,39,Bronze,TV,Remote_Area,1119,Web,COD,19,5,2,0,30-40,37.3,4.0,1.0,0.25,10,17,9918.282500000001,0.28,0.5,0.75,0.0,0.0,0,0,0.0,22548.22,2,1,0.5,39673.130000000005,4,1,0.25,39673.130000000005,4,1,0.25,0
LGS2ORD0016015,C010570,2025-05-07 20:00:00,Male,28,Bronze,TV,Bangkok,1086,Shopee,Bank_Transfer,20,5,2,0,20-30,36.2,3.0,1.0,0.3333333333333333,54,48,8516.036666666667,0.23,0.6666666666666666,0.6666666666666666,0.0,0.0,0,0,0.0,0.0,0,0,0.0,10381.1,2,1,0.5,25548.11,3,1,0.3333333333333333,0
LGS2ORD0016016,C010762,2025-05-07 20:00:00,Female,67,Bronze,TV,Chonburi,407,Web,Credit_Card,20,5,2,0,>50,13.566666666666666,2.0,1.0,0.5,70,5,10789.425,0.28,0.5,0.5,0.0,607.18,1,0,0.0,607.18,1,0,0.0,21578.85,2,1,0.5,21578.85,2,1,0.5,0
LGS2ORD0016017,C011864,2025-05-07 20:00:00,Female,32,Bronze,Lazada,Khon Kaen,212,Web,COD,20,5,2,0,30-40,7.066666666666666,1.0,0.0,0.0,-1,105,3966.45,0.28,1.0,1.0,0.0,0.0,0,0,0.0,0.0,0,0,0.0,0.0,0,0,0.0,3966.45,1,0,0.0,0
LGS2ORD0016018,C014982,2025-05-07 20:00:00,Male,44,Silver,Lazada,Bangkok,1569,Shopee,COD,20,5,2,0,40-50,52.3,1.0,0.0,0.0,-1,68,1379.93,0.15,1.0,0.0,0.0,0.0,0,0,0.0,0.0,0,0,0.0,1379.93,1,0,0.0,1379.93,1,0,0.0,1
LGS2ORD0016019,C011546,2025-05-07 20:00:00,Female,43,Bronze,Lazada,Nakhon Ratchasima,767,Shopee,PromptPay,20,5,2,0,40-50,25.566666666666666,4.0,2.0,0.5,38,6,4444.6725,0.28,1.0,0.25,0.0,2067.85,1,0,0.0,2067.85,1,0,0.0,7021.969999999999,2,1,0.5,17778.69,4,2,0.5,0
LGS2ORD0016020,C016535,2025-05-07 21:00:00,Male,51,Bronze,Web,Khon Kaen,1449,TV_Show,COD,21,5,2,0,>50,48.3,2.0,1.0,0.5,97,39,6183.56,0.13,0.5,0.0,0.0,0.0,0,0,0.0,0.0,0,0,0.0,3283.69,1,0,0.0,12367.12,2,1,0.5,0
LGS2ORD0016021,C011983,2025-05-07 21:00:00,Female,50,Silver,Lazada,Chonburi,905,TV_Show,COD,21,5,2,0,40-50,30.166666666666668,2.0,1.0,0.5,105,33,2181.955,0.2,0.0,0.0,0.0,0.0,0,0,0.0,0.0,0,0,0.0,1263.95,1,0,0.0,4363.91,2,1,0.5,0
LGS2ORD0016022,C010068,2025-05-07 21:00:00,Male,45,Bronze,Web,Chiang Mai,843,TV_Show,COD,21,5,2,0,40-50,28.1,2.0,0.0,0.0,-1,102,2186.595,0.18,0.5,0.0,0.0,0.0,0,0,0.0,0.0,0,0,0.0,0.0,0,0,0.0,4373.19,2,0,0.0,0
LGS2ORD0016023,C011504,2025-05-07 21:00:00,Male,37,Bronze,TV,Bangkok,584,TV_Show,PromptPay,21,5,2,0,30-40,19.466666666666665,1.0,0.0,0.0,-1,76,632.14,0.08,1.0,0.0,0.0,0.0,0,0,0.0,0.0,0,0,0.0,632.14,1,0,0.0,632.14,1,0,0.0,0
LGS2ORD0016024,C010232,2025-05-07 21:00:00,Male,46,Bronze,TV,Bangkok,1579,Lazada,COD,21,5,2,0,40-50,52.63333333333333,3.0,1.0,0.3333333333333333,23,30,5903.61,0.23,0.6666666666666666,0.3333333333333333,0.0,0.0,0,0,0.0,0.0,0,0,0.0,17710.829999999998,3,1,0.3333333333333333,17710.829999999998,3,1,0.3333333333333333,1
LGS2ORD0016025,C016581,2025-05-07 22:00:00,Female,35,Gold,Shopee,Nakhon Ratchasima,1428,CallCenter,Bank_Transfer,22,5,2,0,30-40,47.6,3.0,0.0,0.0,-1,2,4571.41,0.2299999999999999,0.0,0.6666666666666666,0.0,10902.85,2,0,0.0,10902.85,2,0,0.0,13714.23,3,0,0.0,13714.23,3,0,0.0,0
LGS2ORD0016026,C010488,2025-05-07 22:00:00,Female,51,Silver,Web,Songkhla,335,Lazada,PromptPay,22,5,2,0,>50,11.166666666666666,3.0,1.0,0.3333333333333333,70,22,8191.436666666666,0.2,0.6666666666666666,0.0,0.0,0.0,0,0,0.0,2991.32,1,0,0.0,24574.309999999998,3,1,0.3333333333333333,24574.309999999998,3,1,0.3333333333333333,0
LGS2ORD0016027,C010798,2025-05-07 22:00:00,Female,28,Silver,Lazada,Phuket,333,TV_Show,COD,22,5,2,0,20-30,11.1,2.0,1.0,0.5,106,59,14732.505,0.25,0.5,0.5,0.0,0.0,0,0,0.0,0.0,0,0,0.0,20912.42,1,0,0.0,29465.01,2,1,0.5,0
LGS2ORD0016028,C014981,2025-05-07 22:00:00,Male,23,Gold,Shopee,Bangkok,1289,TV_Show,Bank_Transfer,22,5,2,0,20-30,42.96666666666667,1.0,0.0,0.0,-1,93,8787.68,0.28,0.0,1.0,0.0,0.0,0,0,0.0,0.0,0,0,0.0,0.0,0,0,0.0,8787.68,1,0,0.0,0
LGS2ORD0016029,C011062,2025-05-07 22:00:00,Male,56,Bronze,Web,Bangkok,414,CallCenter,COD,22,5,2,0,>50,13.8,3.0,1.0,0.3333333333333333,104,8,4301.366666666666,0.18,0.6666666666666666,0.0,0.0,0.0,0,0,0.0,593.55,1,0,0.0,8159.46,2,0,0.0,12904.099999999999,3,1,0.3333333333333333,0
LGS2ORD0016030,C014162,2025-05-07 23:00:00,Female,47,Silver,TV,Chonburi,951,TV_Show,Credit_Card,23,5,2,0,40-50,31.7,1.0,0.0,0.0,-1,122,2950.61,0.05,0.0,0.0,0.0,0.0,0,0,0.0,0.0,0,0,0.0,0.0,0,0,0.0,2950.61,1,0,0.0,1
LGS2ORD0016031,C012585,2025-05-07 23:00:00,Male,48,Bronze,Shopee,Chiang Mai,1238,Shopee,COD,23,5,2,0,40-50,41.266666666666666,3.0,1.0,0.3333333333333333,86,92,2007.1666666666667,0.18,0.3333333333333333,0.0,0.0,0.0,0,0,0.0,0.0,0,0,0.0,0.0,0,0,0.0,6021.5,3,1,0.3333333333333333,0
LGS2ORD0016032,C016258,2025-05-07 23:00:00,Female,67,Platinum,TV,Songkhla,656,TV_Show,Credit_Card,23,5,2,0,>50,21.866666666666667,2.0,1.0,0.5,65,67,3397.36,0.2,0.0,0.0,0.0,0.0,0,0,0.0,0.0,0,0,0.0,6794.72,2,1,0.5,6794.72,2,1,0.5,0
LGS2ORD0016033,C012056,2025-05-07 23:00:00,Female,37,Silver,Shopee,Nakhon Ratchasima,1551,Shopee,Credit_Card,23,5,2,0,30-40,51.7,1.0,0.0,0.0,-1,11,20604.44,0.2,0.0,0.0,0.0,0.0,0,0,0.0,20604.44,1,0,0.0,20604.44,1,0,0.0,20604.44,1,0,0.0,0
LGS2ORD0016034,C017032,2025-05-07 23:00:00,Female,36,Bronze,CallCenter,Nakhon Ratchasima,790,Web,COD,23,5,2,0,30-40,26.333333333333332,2.0,0.0,0.0,-1,11,3755.225,0.28,1.0,0.5,0.0,0.0,0,0,0.0,3577.66,1,0,0.0,7510.45,2,0,0.0,7510.45,2,0,0.0,1
LGS2ORD0016035,C011933,2025-05-07 23:00:00,Male,43,Bronze,TV,Bangkok,1550,Web,COD,23,5,2,0,40-50,51.666666666666664,4.0,1.0,0.25,18,6,11034.915,0.23,0.75,0.25,0.0,18332.45,1,0,0.0,27751.11,2,1,0.5,44139.66,4,1,0.25,44139.66,4,1,0.25,0
LGS2ORD0016036,C011064,2025-05-08 00:00:00,Female,61,Bronze,Web,Songkhla,225,TV_Show,COD,0,5,3,0,>50,7.5,2.0,0.0,0.0,-1,43,14910.45,0.28,0.0,0.5,0.0,0.0,0,0,0.0,0.0,0,0,0.0,11190.93,1,0,0.0,29820.9,2,0,0.0,0
LGS2ORD0016037,C014949,2025-05-08 00:00:00,Male,41,Silver,TV,Chonburi,346,Web,COD,0,5,3,0,40-50,11.533333333333333,0.0,0.0,0.0,-1,-1,0.0,0.0,0.0,0.0,0.0,0.0,0,0,0.0,0.0,0,0,0.0,0.0,0,0,0.0,0.0,0,0,0.0,0
LGS2ORD0016038,C013328,2025-05-08 00:00:00,Other,31,Bronze,CallCenter,Bangkok,523,Shopee,Credit_Card,0,5,3,0,30-40,17.433333333333334,0.0,0.0,0.0,-1,-1,0.0,0.0,0.0,0.0,0.0,0.0,0,0,0.0,0.0,0,0,0.0,0.0,0,0,0.0,0.0,0,0,0.0,0
LGS2ORD0016039,C014476,2025-05-08 00:00:00,Other,25,Silver,TV,Bangkok,768,TV_Show,Bank_Transfer,0,5,3,0,20-30,25.6,2.0,1.0,0.5,61,46,3534.155,0.2,0.5,0.0,0.0,0.0,0,0,0.0,0.0,0,0,0.0,7068.31,2,1,0.5,7068.31,2,1,0.5,0
LGS2ORD0016040,C016189,2025-05-08 00:00:00,Female,48,Bronze,Lazada,Phuket,1498,Shopee,COD,0,5,3,0,40-50,49.93333333333333,2.0,1.0,0.5,89,73,3166.315,0.18,0.0,0.0,0.0,0.0,0,0,0.0,0.0,0,0,0.0,716.39,1,0,0.0,6332.63,2,1,0.5,1
LGS2ORD0016041,C017524,2025-05-08 01:00:00,Male,48,Bronze,Shopee,Remote_Area,1220,Web,COD,1,5,3,0,40-50,40.666666666666664,3.0,3.0,1.0,76,92,4726.203333333334,0.23,0.3333333333333333,0.6666666666666666,0.0,0.0,0,0,0.0,0.0,0,0,0.0,0.0,0,0,0.0,14178.61,3,3,1.0,1
LGS2ORD0016042,C013476,2025-05-08 01:00:00,Male,65,Silver,Web,Phuket,965,Lazada,COD,1,5,3,0,>50,32.166666666666664,1.0,0.0,0.0,-1,56,2049.89,0.2,0.0,0.0,0.0,0.0,0,0,0.0,0.0,0,0,0.0,2049.89,1,0,0.0,2049.89,1,0,0.0,0
LGS2ORD0016043,C010590,2025-05-08 01:00:00,Male,32,Silver,Web,Chiang Mai,1405,Web,Credit_Card,1,5,3,0,30-40,46.833333333333336,0.0,0.0,0.0,-1,-1,0.0,0.0,0.0,0.0,0.0,0.0,0,0,0.0,0.0,0,0,0.0,0.0,0,0,0.0,0.0,0,0,0.0,0
LGS2ORD0016044,C016723,2025-05-08 01:00:00,Female,46,Silver,Web,Nakhon Ratchasima,437,TV_Show,Bank_Transfer,1,5,3,0,40-50,14.566666666666666,1.0,0.0,0.0,-1,125,9150.73,0.2,0.0,0.0,0.0,0.0,0,0,0.0,0.0,0,0,0.0,0.0,0,0,0.0,9150.73,1,0,0.0,0
LGS2ORD0016045,C013194,2025-05-08 01:00:00,Male,22,Bronze,TV,Bangkok,539,Lazada,COD,1,5,3,0,20-30,17.966666666666665,4.0,0.0,0.0,-1,1,3259.0475,0.23,0.25,0.5,0.0,2108.1,2,0,0.0,2108.1,2,0,0.0,6475.29,3,0,0.0,13036.19,4,0,0.0,1
LGS2ORD0016046,C014776,2025-05-08 02:00:00,Female,41,Bronze,Lazada,Khon Kaen,828,Lazada,Bank_Transfer,2,5,3,0,40-50,27.6,4.0,0.0,0.0,-1,3,6108.424999999999,0.13,0.25,0.0,0.0,13102.98,1,0,0.0,13102.98,1,0,0.0,18324.89,2,0,0.0,24433.699999999997,4,0,0.0,1
LGS2ORD0016047,C010703,2025-05-08 02:00:00,Female,62,Silver,Shopee,Chiang Mai,251,TV_Show,PromptPay,2,5,3,0,>50,8.366666666666667,1.0,0.0,0.0,-1,102,3361.56,0.05,0.0,0.0,0.0,0.0,0,0,0.0,0.0,0,0,0.0,0.0,0,0,0.0,3361.56,1,0,0.0,0
LGS2ORD0016048,C016757,2025-05-08 02:00:00,Male,60,Bronze,Web,Phuket,1264,Shopee,COD,2,5,3,0,>50,42.13333333333333,3.0,2.0,0.6666666666666666,7,10,5614.596666666667,0.18,1.0,0.0,0.0,0.0,0,0,0.0,16843.79,3,2,0.6666666666666666,16843.79,3,2,0.6666666666666666,16843.79,3,2,0.6666666666666666,0
LGS2ORD0016049,C013649,2025-05-08 02:00:00,Female,46,Bronze,TV,Chonburi,1080,Shopee,COD,2,5,3,0,40-50,36.0,4.0,0.0,0.0,-1,50,1567.1999999999998,0.23,1.0,0.25,0.0,0.0,0,0,0.0,0.0,0,0,0.0,3284.76,3,0,0.0,6268.799999999999,4,0,0.0,1
LGS2ORD0016050,C016304,2025-05-08 02:00:00,Male,44,Bronze,TV,Chonburi,707,TV_Show,PromptPay,2,5,3,0,40-50,23.566666666666666,2.0,0.0,0.0,-1,65,9395.61,0.13,1.0,0.0,0.0,0.0,0,0,0.0,0.0,0,0,0.0,12400.29,1,0,0.0,18791.22,2,0,0.0,0
LGS2ORD0016051,C010242,2025-05-08 03:00:00,Female,72,Bronze,TV,Chonburi,433,TV_Show,COD,3,5,3,0,>50,14.433333333333334,3.0,0.0,0.0,-1,35,3311.5833333333335,0.28,0.3333333333333333,0.3333333333333333,0.0,0.0,0,0,0.0,0.0,0,0,0.0,9934.75,3,0,0.0,9934.75,3,0,0.0,0
LGS2ORD0016052,C011377,2025-05-08 03:00:00,Female,21,Bronze,TV,Phuket,508,TV_Show,COD,3,5,3,0,20-30,16.933333333333334,2.0,1.0,0.5,-9,6,6767.85,0.18,1.0,0.0,0.0,4368.68,1,1,1.0,13535.7,2,1,0.5,13535.7,2,1,0.5,13535.7,2,1,0.5,1
LGS2ORD0016053,C015804,2025-05-08 03:00:00,Female,32,Gold,Lazada,Khon Kaen,875,Web,Credit_Card,3,5,3,0,30-40,29.166666666666668,4.0,1.0,0.25,51,63,7964.659999999999,0.33,0.25,0.5,0.0,0.0,0,0,0.0,0.0,0,0,0.0,8385.4,2,1,0.5,31858.639999999996,4,1,0.25,0
LGS2ORD0016054,C017515,2025-05-08 03:00:00,Female,53,Bronze,CallCenter,Remote_Area,882,TV_Show,PromptPay,3,5,3,0,>50,29.4,4.0,1.0,0.25,92,102,3047.6525,0.23,0.5,0.25,0.0,0.0,0,0,0.0,0.0,0,0,0.0,0.0,0,0,0.0,12190.61,4,1,0.25,0
LGS2ORD0016055,C010127,2025-05-08 03:00:00,Female,57,Bronze,Web,Songkhla,229,CallCenter,PromptPay,3,5,3,0,>50,7.633333333333334,1.0,0.0,0.0,-1,74,1784.65,0.23,1.0,1.0,0.0,0.0,0,0,0.0,0.0,0,0,0.0,1784.65,1,0,0.0,1784.65,1,0,0.0,0
LGS2ORD0016056,C011939,2025-05-08 03:00:00,Female,55,Silver,TV,Remote_Area,1545,Lazada,COD,3,5,3,0,>50,51.5,1.0,1.0,1.0,54,59,1686.14,0.1,1.0,0.0,0.0,0.0,0,0,0.0,0.0,0,0,0.0,1686.14,1,1,1.0,1686.14,1,1,1.0,1
LGS2ORD0016057,C013819,2025-05-08 04:00:00,Male,41,Silver,Web,Khon Kaen,968,CallCenter,COD,4,5,3,0,40-50,32.266666666666666,0.0,0.0,0.0,-1,-1,0.0,0.0,0.0,0.0,0.0,0.0,0,0,0.0,0.0,0,0,0.0,0.0,0,0,0.0,0.0,0,0,0.0,0
LGS2ORD0016058,C017979,2025-05-08 04:00:00,Male,51,Silver,Shopee,Nakhon Ratchasima,1142,Shopee,COD,4,5,3,0,>50,38.06666666666667,1.0,0.0,0.0,-1,117,5298.51,0.2,0.0,0.0,0.0,0.0,0,0,0.0,0.0,0,0,0.0,0.0,0,0,0.0,5298.51,1,0,0.0,1
LGS2ORD0016059,C017809,2025-05-08 04:00:00,Female,47,Bronze,Lazada,Bangkok,199,Shopee,COD,4,5,3,0,40-50,6.633333333333334,3.0,0.0,0.0,-1,16,1515.5966666666666,0.28,0.3333333333333333,0.3333333333333333,0.0,0.0,0,0,0.0,2793.05,2,0,0.0,2793.05,2,0,0.0,4546.79,3,0,0.0,0
LGS2ORD0016060,C016056,2025-05-08 04:00:00,Female,31,Bronze,Web,Phuket,250,TV_Show,Credit_Card,4,5,3,0,30-40,8.333333333333334,1.0,0.0,0.0,-1,110,10027.2,0.18,1.0,0.0,0.0,0.0,0,0,0.0,0.0,0,0,0.0,0.0,0,0,0.0,10027.2,1,0,0.0,1
LGS2ORD0016061,C016522,2025-05-08 04:00:00,Female,46,Bronze,Shopee,Bangkok,1097,Lazada,COD,4,5,3,0,40-50,36.56666666666667,2.0,1.0,0.5,76,92,14274.5,0.18,1.0,0.0,0.0,0.0,0,0,0.0,0.0,0,0,0.0,0.0,0,0,0.0,28549.0,2,1,0.5,1
LGS2ORD0016062,C014444,2025-05-08 05:00:00,Male,39,Bronze,Shopee,Chonburi,1124,Lazada,COD,5,5,3,0,30-40,37.46666666666667,3.0,0.0,0.0,-1,18,4649.823333333333,0.18,0.0,0.0,0.0,0.0,0,0,0.0,2058.39,1,0,0.0,4136.21,2,0,0.0,13949.47,3,0,0.0,1
LGS2ORD0016063,C015782,2025-05-08 05:00:00,Female,51,Bronze,Shopee,Chiang Mai,921,Lazada,Credit_Card,5,5,3,0,>50,30.7,3.0,0.0,0.0,-1,32,5843.953333333332,0.13,1.0,0.0,0.0,0.0,0,0,0.0,0.0,0,0,0.0,17531.859999999997,3,0,0.0,17531.859999999997,3,0,0.0,0
LGS2ORD0016064,C016399,2025-05-08 05:00:00,Male,59,Gold,TV,Chonburi,353,Web,Bank_Transfer,5,5,3,0,>50,11.766666666666667,2.0,1.0,0.5,104,90,2105.205,0.2299999999999999,1.0,0.5,0.0,0.0,0,0,0.0,0.0,0,0,0.0,0.0,0,0,0.0,4210.41,2,1,0.5,0
LGS2ORD0016065,C013395,2025-05-08 05:00:00,Male,55,Bronze,Shopee,Phuket,763,Shopee,Credit_Card,5,5,3,0,>50,25.433333333333334,2.0,1.0,0.5,65,58,1768.145,0.23,0.5,0.5,0.0,0.0,0,0,0.0,0.0,0,0,0.0,3536.29,2,1,0.5,3536.29,2,1,0.5,1
LGS2ORD0016066,C014270,2025-05-08 05:00:00,Female,42,Gold,TV,Chiang Mai,1110,TV_Show,Credit_Card,5,5,3,0,40-50,37.0,3.0,0.0,0.0,-1,17,3995.316666666667,0.28,1.0,0.6666666666666666,0.0,0.0,0,0,0.0,3774.04,1,0,0.0,6909.76,2,0,0.0,11985.95,3,0,0.0,0
LGS2ORD0016067,C010801,2025-05-08 06:00:00,Female,65,Gold,TV,Nakhon Ratchasima,1244,CallCenter,COD,6,5,3,0,>50,41.46666666666667,4.0,1.0,0.25,-3,8,1701.2975000000001,0.28,0.75,0.5,0.0,0.0,0,0,0.0,1617.53,1,1,1.0,2586.92,2,1,0.5,6805.1900000000005,4,1,0.25,0
LGS2ORD0016068,C016505,2025-05-08 06:00:00,Male,30,Gold,Shopee,Chonburi,386,Web,COD,6,5,3,0,20-30,12.866666666666667,2.0,0.0,0.0,-1,15,11936.54,0.33,0.5,0.5,0.0,0.0,0,0,0.0,23127.15,1,0,0.0,23127.15,1,0,0.0,23873.08,2,0,0.0,0
LGS2ORD0016069,C015607,2025-05-08 06:00:00,Female,52,Silver,TV,Chonburi,596,Shopee,Credit_Card,6,5,3,0,>50,19.866666666666667,1.0,0.0,0.0,-1,117,4323.02,0.1,0.0,0.0,0.0,0.0,0,0,0.0,0.0,0,0,0.0,0.0,0,0,0.0,4323.02,1,0,0.0,0
LGS2ORD0016070,C010897,2025-05-08 06:00:00,Other,72,Bronze,Lazada,Songkhla,815,Web,Bank_Transfer,6,5,3,0,>50,27.166666666666668,2.0,0.0,0.0,-1,33,1748.77,0.28,1.0,0.5,0.0,0.0,0,0,0.0,0.0,0,0,0.0,3497.54,2,0,0.0,3497.54,2,0,0.0,0
LGS2ORD0016071,C014093,2025-05-08 06:00:00,Female,54,Bronze,TV,Bangkok,437,Lazada,PromptPay,6,5,3,0,>50,14.566666666666666,3.0,1.0,0.3333333333333333,91,6,3407.5066666666667,0.28,0.6666666666666666,0.3333333333333333,0.0,2040.65,1,0,0.0,3525.73,2,0,0.0,3525.73,2,0,0.0,10222.52,3,1,0.3333333333333333,1
LGS2ORD0016072,C014077,2025-05-08 07:00:00,Male,32,Platinum,CallCenter,Bangkok,1455,Web,PromptPay,7,5,3,0,30-40,48.5,0.0,0.0,0.0,-1,-1,0.0,0.0,0.0,0.0,0.0,0.0,0,0,0.0,0.0,0,0,0.0,0.0,0,0,0.0,0.0,0,0,0.0,0
LGS2ORD0016073,C016537,2025-05-08 07:00:00,Male,56,Bronze,Web,Chonburi,1224,Shopee,COD,7,5,3,0,>50,40.8,0.0,0.0,0.0,-1,-1,0.0,0.0,0.0,0.0,0.0,0.0,0,0,0.0,0.0,0,0,0.0,0.0,0,0,0.0,0.0,0,0,0.0,0
LGS2ORD0016074,C013531,2025-05-08 07:00:00,Female,57,Platinum,TV,Chiang Mai,1253,Web,Bank_Transfer,7,5,3,0,>50,41.766666666666666,1.0,0.0,0.0,-1,29,7415.09,0.1,1.0,0.0,0.0,0.0,0,0,0.0,7415.09,1,0,0.0,7415.09,1,0,0.0,7415.09,1,0,0.0,0
LGS2ORD0016075,C012337,2025-05-08 07:00:00,Male,50,Bronze,Web,Bangkok,1452,Web,Bank_Transfer,7,5,3,0,40-50,48.4,2.0,0.0,0.0,-1,15,10498.15,0.23,0.5,0.5,0.0,0.0,0,0,0.0,17919.53,1,0,0.0,20996.3,2,0,0.0,20996.3,2,0,0.0,1
LGS2ORD0016076,C017723,2025-05-08 07:00:00,Male,43,Bronze,CallCenter,Chonburi,1475,Shopee,COD,7,5,3,0,40-50,49.166666666666664,1.0,0.0,0.0,-1,53,1743.99,0.23,1.0,1.0,0.0,0.0,0,0,0.0,0.0,0,0,0.0,1743.99,1,0,0.0,1743.99,1,0,0.0,0
LGS2ORD0016077,C010890,2025-05-08 07:00:00,Female,34,Bronze,TV,Bangkok,491,Web,PromptPay,7,5,3,0,30-40,16.366666666666667,2.0,1.0,0.5,73,85,12272.150000000001,0.23,1.0,0.5,0.0,0.0,0,0,0.0,0.0,0,0,0.0,24544.300000000003,2,1,0.5,24544.300000000003,2,1,0.5,1
LGS2ORD0016078,C017426,2025-05-08 08:00:00,Female,46,Gold,TV,Bangkok,951,Web,Credit_Card,8,5,3,0,40-50,31.7,0.0,0.0,0.0,-1,-1,0.0,0.0,0.0,0.0,0.0,0.0,0,0,0.0,0.0,0,0,0.0,0.0,0,0,0.0,0.0,0,0,0.0,0
LGS2ORD0016079,C013617,2025-05-08 08:00:00,Female,56,Bronze,TV,Phuket,613,Web,COD,8,5,3,0,>50,20.433333333333334,3.0,1.0,0.3333333333333333,117,7,3548.19,0.23,0.6666666666666666,0.3333333333333333,0.0,0.0,0,0,0.0,1649.33,1,0,0.0,7585.62,2,0,0.0,10644.57,3,1,0.3333333333333333,1
LGS2ORD0016080,C017980,2025-05-08 08:00:00,Female,49,Bronze,TV,Chiang Mai,801,Shopee,Credit_Card,8,5,3,0,40-50,26.7,1.0,0.0,0.0,-1,45,2062.8,0.13,0.0,0.0,0.0,0.0,0,0,0.0,0.0,0,0,0.0,2062.8,1,0,0.0,2062.8,1,0,0.0,0
LGS2ORD0016081,C015879,2025-05-08 08:00:00,Female,46,Silver,CallCenter,Khon Kaen,438,TV_Show,Credit_Card,8,5,3,0,40-50,14.6,3.0,1.0,0.3333333333333333,9,13,2541.1,0.15,1.0,0.0,0.0,0.0,0,0,0.0,541.94,1,1,1.0,3569.31,2,1,0.5,7623.299999999999,3,1,0.3333333333333333,0
LGS2ORD0016082,C015861,2025-05-08 08:00:00,Female,61,Silver,TV,Khon Kaen,575,Web,COD,8,5,3,0,>50,19.166666666666668,5.0,2.0,0.4,4,16,12538.884,0.2,0.8,0.0,0.0,0.0,0,0,0.0,35511.44,1,1,1.0,59190.34,4,2,0.5,62694.42,5,2,0.4,0
LGS2ORD0016083,C014762,2025-05-08 09:00:00,Male,42,Bronze,TV,Chiang Mai,481,Web,PromptPay,9,5,3,0,40-50,16.033333333333335,2.0,0.0,0.0,-1,95,1401.94,0.23,0.0,0.5,0.0,0.0,0,0,0.0,0.0,0,0,0.0,0.0,0,0,0.0,2803.88,2,0,0.0,0
LGS2ORD0016084,C012123,2025-05-08 09:00:00,Female,22,Silver,TV,Khon Kaen,1178,Shopee,PromptPay,9,5,3,0,20-30,39.266666666666666,4.0,1.0,0.25,113,47,5585.6449999999995,0.15,0.75,0.0,0.0,0.0,0,0,0.0,0.0,0,0,0.0,12724.869999999999,2,0,0.0,22342.579999999998,4,1,0.25,0
LGS2ORD0016085,C013023,2025-05-08 09:00:00,Male,46,Platinum,TV,Bangkok,527,Shopee,Credit_Card,9,5,3,0,40-50,17.566666666666666,4.0,1.0,0.25,-6,3,4067.3475,0.3,0.5,0.5,0.0,8464.68,2,1,0.5,16269.39,4,1,0.25,16269.39,4,1,0.25,16269.39,4,1,0.25,0
LGS2ORD0016086,C017216,2025-05-08 09:00:00,Other,45,Bronze,Lazada,Songkhla,762,Shopee,COD,9,5,3,0,40-50,25.4,2.0,1.0,0.5,66,60,1785.5349999999999,0.18,0.0,0.0,0.0,0.0,0,0,0.0,0.0,0,0,0.0,3571.0699999999997,2,1,0.5,3571.0699999999997,2,1,0.5,1
LGS2ORD0016087,C014126,2025-05-08 09:00:00,Male,49,Silver,Web,Chiang Mai,382,CallCenter,PromptPay,9,5,3,0,40-50,12.733333333333333,0.0,0.0,0.0,-1,-1,0.0,0.0,0.0,0.0,0.0,0.0,0,0,0.0,0.0,0,0,0.0,0.0,0,0,0.0,0.0,0,0,0.0,0
LGS2ORD0016088,C013242,2025-05-08 10:00:00,Male,59,Bronze,Lazada,Bangkok,874,CallCenter,Credit_Card,10,5,3,0,>50,29.133333333333333,0.0,0.0,0.0,-1,-1,0.0,0.0,0.0,0.0,0.0,0.0,0,0,0.0,0.0,0,0,0.0,0.0,0,0,0.0,0.0,0,0,0.0,0
LGS2ORD0016089,C010367,2025-05-08 10:00:00,Female,47,Bronze,Lazada,Nakhon Ratchasima,928,Shopee,COD,10,5,3,0,40-50,30.933333333333334,2.0,1.0,0.5,8,14,8201.4,0.23,0.0,0.5,0.0,0.0,0,0,0.0,16402.8,2,1,0.5,16402.8,2,1,0.5,16402.8,2,1,0.5,0
LGS2ORD0016090,C011043,2025-05-08 10:00:00,Male,38,Silver,TV,Songkhla,1235,Shopee,PromptPay,10,5,3,0,30-40,41.166666666666664,3.0,2.0,0.6666666666666666,-2,4,1490.8666666666666,0.3,0.6666666666666666,0.3333333333333333,0.0,459.61,1,1,1.0,459.61,1,1,1.0,459.61,1,1,1.0,4472.599999999999,3,2,0.6666666666666666,0
LGS2ORD0016091,C010516,2025-05-08 10:00:00,Female,55,Bronze,Lazada,Bangkok,1042,TV_Show,Credit_Card,10,5,3,0,>50,34.733333333333334,0.0,0.0,0.0,-1,-1,0.0,0.0,0.0,0.0,0.0,0.0,0,0,0.0,0.0,0,0,0.0,0.0,0,0,0.0,0.0,0,0,0.0,0
LGS2ORD0016092,C015513,2025-05-08 10:00:00,Female,41,Silver,Web,Nakhon Ratchasima,1070,Web,COD,10,5,3,0,40-50,35.666666666666664,0.0,0.0,0.0,-1,-1,0.0,0.0,0.0,0.0,0.0,0.0,0,0,0.0,0.0,0,0,0.0,0.0,0,0,0.0,0.0,0,0,0.0,0
LGS2ORD0016093,C016631,2025-05-08 11:00:00,Female,40,Bronze,TV,Remote_Area,168,TV_Show,COD,11,5,3,0,30-40,5.6,0.0,0.0,0.0,-1,-1,0.0,0.0,0.0,0.0,0.0,0.0,0,0,0.0,0.0,0,0,0.0,0.0,0,0,0.0,0.0,0,0,0.0,1
LGS2ORD0016094,C015362,2025-05-08 11:00:00,Female,44,Bronze,Lazada,Bangkok,587,Shopee,COD,11,5,3,0,40-50,19.566666666666666,4.0,1.0,0.25,9,10,1294.065,0.28,0.5,0.25,0.0,0.0,0,0,0.0,2784.7200000000003,2,1,0.5,4282.39,3,1,0.3333333333333333,5176.26,4,1,0.25,1
LGS2ORD0016095,C012061,2025-05-08 11:00:00,Male,23,Bronze,CallCenter,Chiang Mai,1440,CallCenter,COD,11,5,3,0,20-30,48.0,0.0,0.0,0.0,-1,-1,0.0,0.0,0.0,0.0,0.0,0.0,0,0,0.0,0.0,0,0,0.0,0.0,0,0,0.0,0.0,0,0,0.0,0
LGS2ORD0016096,C011812,2025-05-08 11:00:00,Female,45,Bronze,Lazada,Bangkok,1101,Shopee,COD,11,5,3,0,40-50,36.7,1.0,0.0,0.0,-1,108,8132.26,0.08,0.0,0.0,0.0,0.0,0,0,0.0,0.0,0,0,0.0,0.0,0,0,0.0,8132.26,1,0,0.0,1
LGS2ORD0016097,C014911,2025-05-08 11:00:00,Male,39,Bronze,Web,Bangkok,564,TV_Show,Credit_Card,11,5,3,0,30-40,18.8,3.0,2.0,0.6666666666666666,8,19,1929.9633333333331,0.23,0.3333333333333333,0.6666666666666666,0.0,0.0,0,0,0.0,5021.84,2,1,0.5,5789.889999999999,3,2,0.6666666666666666,5789.889999999999,3,2,0.6666666666666666,1
LGS2ORD0016098,C015509,2025-05-08 11:00:00,Female,52,Gold,Shopee,Phuket,783,Lazada,Bank_Transfer,11,5,3,0,>50,26.1,1.0,0.0,0.0,-1,70,1374.25,0.33,0.0,1.0,0.0,0.0,0,0,0.0,0.0,0,0,0.0,1374.25,1,0,0.0,1374.25,1,0,0.0,1
LGS2ORD0016099,C014344,2025-05-08 12:00:00,Female,46,Bronze,Lazada,Bangkok,1433,Shopee,Credit_Card,12,5,3,0,40-50,47.766666666666666,1.0,1.0,1.0,3,10,2996.54,0.13,1.0,0.0,0.0,0.0,0,0,0.0,2996.54,1,1,1.0,2996.54,1,1,1.0,2996.54,1,1,1.0,0
LGS2ORD0016100,C012777,2025-05-08 12:00:00,Other,56,Silver,Web,Khon Kaen,967,TV_Show,Credit_Card,12,5,3,0,>50,32.233333333333334,2.0,0.0,0.0,-1,2,9588.09,0.2,0.5,0.0,0.0,5964.59,1,0,0.0,19176.18,2,0,0.0,19176.18,2,0,0.0,19176.18,2,0,0.0,0
LGS2ORD0016101,C012479,2025-05-08 12:00:00,Female,35,Gold,Web,Bangkok,727,TV_Show,Credit_Card,12,5,3,0,30-40,24.233333333333334,1.0,0.0,0.0,-1,81,1848.7,0.13,1.0,0.0,0.0,0.0,0,0,0.0,0.0,0,0,0.0,1848.7,1,0,0.0,1848.7,1,0,0.0,1
LGS2ORD0016102,C013673,2025-05-08 12:00:00,Female,19,Gold,Web,Bangkok,1242,TV_Show,COD,12,5,3,0,<20,41.4,2.0,0.0,0.0,-1,5,9514.22,0.33,0.5,0.5,0.0,14964.01,1,0,0.0,14964.01,1,0,0.0,19028.44,2,0,0.0,19028.44,2,0,0.0,0
LGS2ORD0016103,C013101,2025-05-08 12:00:00,Male,44,Gold,TV,Chonburi,925,Shopee,PromptPay,12,5,3,0,40-50,30.833333333333332,2.0,1.0,0.5,54,63,968.345,0.28,0.0,1.0,0.0,0.0,0,0,0.0,0.0,0,0,0.0,1936.69,2,1,0.5,1936.69,2,1,0.5,0
LGS2ORD0016104,C011412,2025-05-08 13:00:00,Female,18,Silver,TV,Chiang Mai,1073,Web,COD,13,5,3,0,<20,35.766666666666666,0.0,0.0,0.0,-1,-1,0.0,0.0,0.0,0.0,0.0,0.0,0,0,0.0,0.0,0,0,0.0,0.0,0,0,0.0,0.0,0,0,0.0,1
LGS2ORD0016105,C011989,2025-05-08 13:00:00,Male,32,Bronze,TV,Phuket,1173,TV_Show,Bank_Transfer,13,5,3,0,30-40,39.1,5.0,1.0,0.2,98,5,6988.351999999999,0.18,0.6,0.0,0.0,858.02,1,0,0.0,11115.26,3,0,0.0,29679.04,4,0,0.0,34941.759999999995,5,1,0.2,0
LGS2ORD0016106,C016694,2025-05-08 13:00:00,Male,47,Bronze,Shopee,Phuket,1536,TV_Show,COD,13,5,3,0,40-50,51.2,0.0,0.0,0.0,-1,-1,0.0,0.0,0.0,0.0,0.0,0.0,0,0,0.0,0.0,0,0,0.0,0.0,0,0,0.0,0.0,0,0,0.0,1
LGS2ORD0016107,C017667,2025-05-08 13:00:00,Female,41,Bronze,Shopee,Chiang Mai,413,TV_Show,COD,13,5,3,0,40-50,13.766666666666667,4.0,2.0,0.5,53,51,6113.355,0.28,0.5,0.25,0.0,0.0,0,0,0.0,0.0,0,0,0.0,14799.9,2,1,0.5,24453.42,4,2,0.5,0
LGS2ORD0016108,C017862,2025-05-08 13:00:00,Female,42,Bronze,Shopee,Khon Kaen,634,Shopee,Credit_Card,13,5,3,0,40-50,21.133333333333333,3.0,2.0,0.6666666666666666,107,118,12343.473333333333,0.28,0.6666666666666666,0.3333333333333333,0.0,0.0,0,0,0.0,0.0,0,0,0.0,0.0,0,0,0.0,37030.42,3,2,0.6666666666666666,0
LGS2ORD0016109,C010144,2025-05-08 14:00:00,Female,51,Bronze,CallCenter,Nakhon Ratchasima,962,Shopee,COD,14,5,3,0,>50,32.06666666666667,4.0,2.0,0.5,14,7,5979.46,0.23,1.0,0.25,0.0,0.0,0,0,0.0,12438.99,2,1,0.5,12961.93,3,2,0.6666666666666666,23917.84,4,2,0.5,0
LGS2ORD0016110,C011841,2025-05-08 14:00:00,Female,59,Gold,Shopee,Songkhla,1556,Web,Credit_Card,14,5,3,0,>50,51.86666666666667,2.0,0.0,0.0,-1,93,2341.51,0.08,1.0,0.0,0.0,0.0,0,0,0.0,0.0,0,0,0.0,0.0,0,0,0.0,4683.02,2,0,0.0,0
LGS2ORD0016111,C011064,2025-05-08 14:00:00,Female,61,Bronze,Web,Songkhla,225,TV_Show,Credit_Card,14,5,3,0,>50,7.5,3.0,0.0,0.0,-1,0,10267.496666666668,0.28,0.3333333333333333,0.3333333333333333,0.0,981.59,1,0,0.0,981.59,1,0,0.0,12172.52,2,0,0.0,30802.49,3,0,0.0,0
LGS2ORD0016112,C017395,2025-05-08 14:00:00,Male,42,Bronze,Lazada,Khon Kaen,1159,TV_Show,COD,14,5,3,0,40-50,38.63333333333333,2.0,0.0,0.0,-1,78,15594.875,0.23,0.5,0.5,0.0,0.0,0,0,0.0,0.0,0,0,0.0,23563.97,1,0,0.0,31189.75,2,0,0.0,0
LGS2ORD0016113,C017496,2025-05-08 14:00:00,Female,54,Gold,Shopee,Chiang Mai,488,TV_Show,COD,14,5,3,0,>50,16.266666666666666,1.0,0.0,0.0,-1,12,14569.43,0.2299999999999999,1.0,1.0,0.0,0.0,0,0,0.0,14569.43,1,0,0.0,14569.43,1,0,0.0,14569.43,1,0,0.0,1
LGS2ORD0016114,C012438,2025-05-08 14:00:00,Female,37,Silver,TV,Bangkok,380,TV_Show,Bank_Transfer,14,5,3,0,30-40,12.666666666666666,1.0,0.0,0.0,-1,86,2487.42,0.2,0.0,0.0,0.0,0.0,0,0,0.0,0.0,0,0,0.0,2487.42,1,0,0.0,2487.42,1,0,0.0,0
LGS2ORD0016115,C015914,2025-05-08 15:00:00,Male,18,Bronze,Shopee,Songkhla,261,TV_Show,COD,15,5,3,0,<20,8.7,5.0,2.0,0.4,24,28,4683.236,0.18,0.8,0.0,0.0,0.0,0,0,0.0,5157.57,1,1,1.0,22296.510000000002,4,2,0.5,23416.18,5,2,0.4,0
LGS2ORD0016116,C011780,2025-05-08 15:00:00,Male,38,Silver,TV,Phuket,1509,TV_Show,COD,15,5,3,0,30-40,50.3,2.0,0.0,0.0,-1,43,1800.62,0.25,0.5,0.5,0.0,0.0,0,0,0.0,0.0,0,0,0.0,3601.24,2,0,0.0,3601.24,2,0,0.0,1
LGS2ORD0016117,C011750,2025-05-08 15:00:00,Female,59,Bronze,TV,Khon Kaen,336,Lazada,Credit_Card,15,5,3,0,>50,11.2,7.0,2.0,0.2857142857142857,59,40,4433.007142857144,0.28,1.0,0.2857142857142857,0.0,0.0,0,0,0.0,0.0,0,0,0.0,18217.69,4,1,0.25,31031.050000000003,7,2,0.2857142857142857,0
LGS2ORD0016118,C010050,2025-05-08 15:00:00,Female,26,Bronze,Shopee,Bangkok,1103,CallCenter,Credit_Card,15,5,3,0,20-30,36.766666666666666,4.0,0.0,0.0,-1,1,3065.0675,0.28,0.5,0.5,0.0,4895.52,1,0,0.0,4895.52,1,0,0.0,5511.81,2,0,0.0,12260.27,4,0,0.0,0
LGS2ORD0016119,C016590,2025-05-08 15:00:00,Male,50,Platinum,Lazada,Chonburi,717,Shopee,PromptPay,15,5,3,0,40-50,23.9,3.0,1.0,0.3333333333333333,5,16,14602.65,0.1,0.6666666666666666,0.0,0.0,0.0,0,0,0.0,35045.81,2,1,0.5,43807.95,3,1,0.3333333333333333,43807.95,3,1,0.3333333333333333,0
LGS2ORD0016120,C013702,2025-05-08 16:00:00,Male,32,Silver,Shopee,Bangkok,809,TV_Show,COD,16,5,3,0,30-40,26.966666666666665,0.0,0.0,0.0,-1,-1,0.0,0.0,0.0,0.0,0.0,0.0,0,0,0.0,0.0,0,0,0.0,0.0,0,0,0.0,0.0,0,0,0.0,0
LGS2ORD0016121,C017385,2025-05-08 16:00:00,Male,66,Bronze,Lazada,Bangkok,1135,Web,PromptPay,16,5,3,0,>50,37.833333333333336,2.0,0.0,0.0,-1,6,6673.625,0.03,0.5,0.0,0.0,2586.78,1,0,0.0,2586.78,1,0,0.0,13347.25,2,0,0.0,13347.25,2,0,0.0,0
LGS2ORD0016122,C017076,2025-05-08 16:00:00,Female,49,Silver,Web,Nakhon Ratchasima,1323,TV_Show,COD,16,5,3,0,40-50,44.1,4.0,1.0,0.25,33,41,4567.6075,0.2,0.5,0.0,0.0,0.0,0,0,0.0,0.0,0,0,0.0,16478.2,3,1,0.3333333333333333,18270.43,4,1,0.25,0
LGS2ORD0016123,C012974,2025-05-08 16:00:00,Female,56,Gold,Web,Songkhla,874,Lazada,Credit_Card,16,5,3,0,>50,29.133333333333333,1.0,1.0,1.0,34,44,6679.81,0.08,1.0,0.0,0.0,0.0,0,0,0.0,0.0,0,0,0.0,6679.81,1,1,1.0,6679.81,1,1,1.0,0
LGS2ORD0016124,C017061,2025-05-08 16:00:00,Female,40,Bronze,Shopee,Bangkok,848,Web,COD,16,5,3,0,30-40,28.266666666666666,3.0,0.0,0.0,-1,51,13258.64,0.18,0.3333333333333333,0.0,0.0,0.0,0,0,0.0,0.0,0,0,0.0,5638.49,2,0,0.0,39775.92,3,0,0.0,0
LGS2ORD0016125,C017109,2025-05-08 17:00:00,Female,60,Bronze,TV,Khon Kaen,1563,Shopee,Credit_Card,17,5,3,0,>50,52.1,0.0,0.0,0.0,-1,-1,0.0,0.0,0.0,0.0,0.0,0.0,0,0,0.0,0.0,0,0,0.0,0.0,0,0,0.0,0.0,0,0,0.0,0
LGS2ORD0016126,C010468,2025-05-08 17:00:00,Male,44,Bronze,Shopee,Chiang Mai,1403,Shopee,Credit_Card,17,5,3,0,40-50,46.766666666666666,5.0,1.0,0.2,95,27,12303.562,0.28,1.0,0.4,0.0,0.0,0,0,0.0,34250.7,2,0,0.0,46034.7,4,0,0.0,61517.81,5,1,0.2,0
LGS2ORD0016127,C016015,2025-05-08 17:00:00,Female,35,Platinum,TV,Chonburi,453,TV_Show,Credit_Card,17,5,3,0,30-40,15.1,4.0,0.0,0.0,-1,13,5376.795,0.25,0.25,0.25,0.0,0.0,0,0,0.0,8349.69,1,0,0.0,15697.37,3,0,0.0,21507.18,4,0,0.0,0
LGS2ORD0016128,C016743,2025-05-08 17:00:00,Male,34,Silver,Web,Chiang Mai,395,TV_Show,Bank_Transfer,17,5,3,0,30-40,13.166666666666666,4.0,3.0,0.75,63,37,5409.065,0.3,0.75,0.25,0.0,0.0,0,0,0.0,0.0,0,0,0.0,19602.699999999997,2,1,0.5,21636.26,4,3,0.75,0
LGS2ORD0016129,C013622,2025-05-08 17:00:00,Female,48,Bronze,Shopee,Nakhon Ratchasima,349,Lazada,COD,17,5,3,0,40-50,11.633333333333333,2.0,0.0,0.0,-1,4,3101.435,0.08,1.0,0.0,0.0,2013.7,1,0,0.0,2013.7,1,0,0.0,6202.87,2,0,0.0,6202.87,2,0,0.0,1
LGS2ORD0016130,C017978,2025-05-08 18:00:00,Female,48,Bronze,Shopee,Bangkok,495,Shopee,COD,18,5,3,0,40-50,16.5,0.0,0.0,0.0,-1,-1,0.0,0.0,0.0,0.0,0.0,0.0,0,0,0.0,0.0,0,0,0.0,0.0,0,0,0.0,0.0,0,0,0.0,0
LGS2ORD0016131,C014809,2025-05-08 18:00:00,Male,55,Bronze,TV,Phuket,1120,CallCenter,COD,18,5,3,0,>50,37.333333333333336,2.0,1.0,0.5,56,52,4739.625,0.18,0.5,0.0,0.0,0.0,0,0,0.0,0.0,0,0,0.0,9479.25,2,1,0.5,9479.25,2,1,0.5,1
LGS2ORD0016132,C013149,2025-05-08 18:00:00,Female,34,Gold,Shopee,Songkhla,1236,Shopee,Credit_Card,18,5,3,0,30-40,41.2,2.0,0.0,0.0,-1,106,7784.67,0.28,0.0,1.0,0.0,0.0,0,0,0.0,0.0,0,0,0.0,0.0,0,0,0.0,15569.34,2,0,0.0,0
LGS2ORD0016133,C010849,2025-05-08 18:00:00,Female,32,Bronze,CallCenter,Chiang Mai,1119,Lazada,Bank_Transfer,18,5,3,0,30-40,37.3,0.0,0.0,0.0,-1,-1,0.0,0.0,0.0,0.0,0.0,0.0,0,0,0.0,0.0,0,0,0.0,0.0,0,0,0.0,0.0,0,0,0.0,0
LGS2ORD0016134,C011114,2025-05-08 18:00:00,Male,30,Gold,Shopee,Bangkok,885,TV_Show,COD,18,5,3,0,20-30,29.5,1.0,1.0,1.0,73,83,563.83,0.2299999999999999,0.0,1.0,0.0,0.0,0,0,0.0,0.0,0,0,0.0,563.83,1,1,1.0,563.83,1,1,1.0,1
LGS2ORD0016135,C015281,2025-05-08 18:00:00,Male,42,Bronze,TV,Chonburi,237,TV_Show,COD,18,5,3,0,40-50,7.9,4.0,2.0,0.5,-6,7,1836.2475,0.23,0.5,0.5,0.0,0.0,0,0,0.0,925.7,1,1,1.0,7344.99,4,2,0.5,7344.99,4,2,0.5,1
LGS2ORD0016136,C010730,2025-05-08 19:00:00,Female,46,Silver,Lazada,Nakhon Ratchasima,294,Web,COD,19,5,3,0,40-50,9.8,2.0,0.0,0.0,-1,101,8292.93,0.2,1.0,0.0,0.0,0.0,0,0,0.0,0.0,0,0,0.0,0.0,0,0,0.0,16585.86,2,0,0.0,0
LGS2ORD0016137,C015435,2025-05-08 19:00:00,Female,36,Silver,TV,Phuket,247,Web,Credit_Card,19,5,3,0,30-40,8.233333333333333,2.0,1.0,0.5,58,68,1404.345,0.1,0.5,0.0,0.0,0.0,0,0,0.0,0.0,0,0,0.0,2808.69,2,1,0.5,2808.69,2,1,0.5,0
LGS2ORD0016138,C016741,2025-05-08 19:00:00,Female,36,Silver,Lazada,Songkhla,162,Lazada,COD,19,5,3,0,30-40,5.4,2.0,1.0,0.5,75,84,2909.565,0.25,1.0,0.5,0.0,0.0,0,0,0.0,0.0,0,0,0.0,4570.88,1,1,1.0,5819.13,2,1,0.5,0
LGS2ORD0016139,C014417,2025-05-08 19:00:00,Male,54,Silver,Shopee,Chonburi,1264,CallCenter,COD,19,5,3,0,>50,42.13333333333333,3.0,0.0,0.0,-1,54,2060.0,0.25,0.0,0.3333333333333333,0.0,0.0,0,0,0.0,0.0,0,0,0.0,5496.610000000001,2,0,0.0,6180.0,3,0,0.0,0
LGS2ORD0016140,C010075,2025-05-08 19:00:00,Female,37,Bronze,TV,Bangkok,849,Shopee,COD,19,5,3,0,30-40,28.3,5.0,1.0,0.2,51,21,6374.374000000001,0.18,0.8,0.0,0.0,0.0,0,0,0.0,22466.31,1,0,0.0,27857.25,3,1,0.3333333333333333,31871.870000000003,5,1,0.2,0
LGS2ORD0016141,C012412,2025-05-08 20:00:00,Female,43,Platinum,Web,Chiang Mai,658,TV_Show,Credit_Card,20,5,3,0,40-50,21.933333333333334,0.0,0.0,0.0,-1,-1,0.0,0.0,0.0,0.0,0.0,0.0,0,0,0.0,0.0,0,0,0.0,0.0,0,0,0.0,0.0,0,0,0.0,0
LGS2ORD0016142,C011318,2025-05-08 20:00:00,Female,45,Gold,Shopee,Bangkok,746,TV_Show,Credit_Card,20,5,3,0,40-50,24.866666666666667,1.0,1.0,1.0,94,102,1641.65,0.18,0.0,0.0,0.0,0.0,0,0,0.0,0.0,0,0,0.0,0.0,0,0,0.0,1641.65,1,1,1.0,1
LGS2ORD0016143,C012348,2025-05-08 20:00:00,Female,36,Bronze,CallCenter,Bangkok,579,Lazada,COD,20,5,3,0,30-40,19.3,3.0,0.0,0.0,-1,77,5433.383333333334,0.28,1.0,0.3333333333333333,0.0,0.0,0,0,0.0,0.0,0,0,0.0,16300.150000000001,3,0,0.0,16300.150000000001,3,0,0.0,0
LGS2ORD0016144,C011808,2025-05-08 20:00:00,Female,28,Platinum,Web,Chonburi,886,Shopee,PromptPay,20,5,3,0,20-30,29.533333333333335,3.0,0.0,0.0,-1,17,3232.903333333333,0.35,0.3333333333333333,0.6666666666666666,0.0,0.0,0,0,0.0,2762.08,1,0,0.0,2762.08,1,0,0.0,9698.71,3,0,0.0,0
LGS2ORD0016145,C014729,2025-05-08 20:00:00,Female,57,Bronze,CallCenter,Bangkok,1505,TV_Show,COD,20,5,3,0,>50,50.166666666666664,4.0,0.0,0.0,-1,26,1420.2975,0.28,0.25,0.5,0.0,0.0,0,0,0.0,2300.93,1,0,0.0,4063.0699999999997,3,0,0.0,5681.19,4,0,0.0,0
LGS2ORD0016146,C015819,2025-05-08 21:00:00,Female,29,Bronze,TV,Bangkok,458,TV_Show,Credit_Card,21,5,3,0,20-30,15.266666666666667,1.0,0.0,0.0,-1,104,647.28,0.08,1.0,0.0,0.0,0.0,0,0,0.0,0.0,0,0,0.0,0.0,0,0,0.0,647.28,1,0,0.0,0
LGS2ORD0016147,C013953,2025-05-08 21:00:00,Female,36,Gold,Web,Chiang Mai,763,CallCenter,Credit_Card,21,5,3,0,30-40,25.433333333333334,2.0,0.0,0.0,-1,73,2017.73,0.28,0.5,0.5,0.0,0.0,0,0,0.0,0.0,0,0,0.0,588.66,1,0,0.0,4035.46,2,0,0.0,1
LGS2ORD0016148,C011541,2025-05-08 21:00:00,Female,18,Silver,Web,Bangkok,474,Shopee,Credit_Card,21,5,3,0,<20,15.8,3.0,0.0,0.0,-1,8,5594.943333333333,0.25,0.6666666666666666,0.6666666666666666,0.0,0.0,0,0,0.0,3412.1,1,0,0.0,5684.74,2,0,0.0,16784.829999999998,3,0,0.0,0
LGS2ORD0016149,C011261,2025-05-08 21:00:00,Female,26,Bronze,TV,Bangkok,407,Lazada,PromptPay,21,5,3,0,20-30,13.566666666666666,3.0,0.0,0.0,-1,3,3984.75,0.23,0.6666666666666666,0.3333333333333333,0.0,8772.09,1,0,0.0,8772.09,1,0,0.0,8772.09,1,0,0.0,11954.25,3,0,0.0,0
LGS2ORD0016150,C016756,2025-05-08 21:00:00,Female,39,Silver,Web,Nakhon Ratchasima,1545,Lazada,PromptPay,21,5,3,0,30-40,51.5,1.0,0.0,0.0,-1,18,3854.04,0.05,1.0,0.0,0.0,0.0,0,0,0.0,3854.04,1,0,0.0,3854.04,1,0,0.0,3854.04,1,0,0.0,1
LGS2ORD0016151,C017196,2025-05-08 22:00:00,Male,45,Bronze,TV,Remote_Area,227,TV_Show,COD,22,5,3,0,40-50,7.566666666666666,2.0,1.0,0.5,19,1,4857.0,0.18,0.5,0.0,0.0,4089.15,1,0,0.0,4089.15,1,0,0.0,9714.0,2,1,0.5,9714.0,2,1,0.5,0
LGS2ORD0016152,C014883,2025-05-08 22:00:00,Female,42,Platinum,TV,Chiang Mai,378,Lazada,PromptPay,22,5,3,0,40-50,12.6,1.0,0.0,0.0,-1,115,286.7,0.3,0.0,1.0,0.0,0.0,0,0,0.0,0.0,0,0,0.0,0.0,0,0,0.0,286.7,1,0,0.0,1
LGS2ORD0016153,C011839,2025-05-08 22:00:00,Female,52,Silver,TV,Chonburi,578,Shopee,COD,22,5,3,0,>50,19.266666666666666,4.0,2.0,0.5,-13,2,8676.0925,0.25,0.5,0.25,0.0,22952.74,1,1,1.0,22952.74,1,1,1.0,34704.37,4,2,0.5,34704.37,4,2,0.5,0
LGS2ORD0016154,C017343,2025-05-08 22:00:00,Female,30,Bronze,CallCenter,Bangkok,383,Lazada,Credit_Card,22,5,3,0,20-30,12.766666666666667,1.0,1.0,1.0,75,84,5293.19,0.28,1.0,1.0,0.0,0.0,0,0,0.0,0.0,0,0,0.0,5293.19,1,1,1.0,5293.19,1,1,1.0,0
LGS2ORD0016155,C013993,2025-05-08 22:00:00,Male,21,Bronze,CallCenter,Khon Kaen,1368,Shopee,PromptPay,22,5,3,0,20-30,45.6,1.0,1.0,1.0,99,117,4958.46,0.08,1.0,0.0,0.0,0.0,0,0,0.0,0.0,0,0,0.0,0.0,0,0,0.0,4958.46,1,1,1.0,0
LGS2ORD0016156,C012333,2025-05-08 22:00:00,Male,42,Bronze,TV,Songkhla,1002,Web,COD,22,5,3,0,40-50,33.4,0.0,0.0,0.0,-1,-1,0.0,0.0,0.0,0.0,0.0,0.0,0,0,0.0,0.0,0,0,0.0,0.0,0,0,0.0,0.0,0,0,0.0,0
LGS2ORD0016157,C015256,2025-05-08 23:00:00,Male,25,Gold,Lazada,Chonburi,1020,CallCenter,Credit_Card,23,5,3,0,20-30,34.0,1.0,0.0,0.0,-1,21,5028.65,0.08,1.0,0.0,0.0,0.0,0,0,0.0,5028.65,1,0,0.0,5028.65,1,0,0.0,5028.65,1,0,0.0,0
LGS2ORD0016158,C010618,2025-05-08 23:00:00,Other,45,Bronze,Shopee,Nakhon Ratchasima,1059,TV_Show,COD,23,5,3,0,40-50,35.3,2.0,0.0,0.0,-1,27,9624.755000000001,0.28,0.0,1.0,0.0,0.0,0,0,0.0,559.13,1,0,0.0,19249.510000000002,2,0,0.0,19249.510000000002,2,0,0.0,0
LGS2ORD0016159,C016798,2025-05-08 23:00:00,Male,37,Gold,Web,Phuket,678,TV_Show,COD,23,5,3,0,30-40,22.6,4.0,0.0,0.0,-1,1,5655.6025,0.28,0.25,0.75,0.0,730.07,1,0,0.0,730.07,1,0,0.0,9340.96,2,0,0.0,22622.41,4,0,0.0,1
LGS2ORD0016160,C014478,2025-05-08 23:00:00,Female,59,Platinum,Shopee,Nakhon Ratchasima,218,Lazada,Credit_Card,23,5,3,0,>50,7.266666666666667,5.0,1.0,0.2,23,3,13804.607999999998,0.35,0.2,0.2,0.0,11881.87,1,0,0.0,13127.67,2,0,0.0,69023.04,5,1,0.2,69023.04,5,1,0.2,0
LGS2ORD0016161,C015193,2025-05-08 23:00:00,Male,38,Bronze,TV,Bangkok,1239,Shopee,Bank_Transfer,23,5,3,0,30-40,41.3,0.0,0.0,0.0,-1,-1,0.0,0.0,0.0,0.0,0.0,0.0,0,0,0.0,0.0,0,0,0.0,0.0,0,0,0.0,0.0,0,0,0.0,0
LGS2ORD0016162,C017174,2025-05-09 00:00:00,Male,62,Silver,CallCenter,Phuket,1436,Web,Credit_Card,0,5,4,0,>50,47.86666666666667,3.0,0.0,0.0,-1,51,4734.826666666667,0.2,0.6666666666666666,0.0,0.0,0.0,0,0,0.0,0.0,0,0,0.0,8753.68,1,0,0.0,14204.48,3,0,0.0,0
LGS2ORD0016163,C017643,2025-05-09 00:00:00,Male,37,Silver,Web,Songkhla,617,Lazada,PromptPay,0,5,4,0,30-40,20.566666666666666,3.0,0.0,0.0,-1,8,13737.256666666668,0.3,0.6666666666666666,0.6666666666666666,0.0,0.0,0,0,0.0,4706.7300000000005,2,0,0.0,41211.770000000004,3,0,0.0,41211.770000000004,3,0,0.0,0
LGS2ORD0016164,C017650,2025-05-09 00:00:00,Female,26,Gold,TV,Phuket,1141,Lazada,COD,0,5,4,0,20-30,38.03333333333333,3.0,1.0,0.3333333333333333,96,55,12565.633333333333,0.2299999999999999,1.0,0.3333333333333333,0.0,0.0,0,0,0.0,0.0,0,0,0.0,23052.78,2,0,0.0,37696.9,3,1,0.3333333333333333,1
LGS2ORD0016165,C012027,2025-05-09 00:00:00,Female,41,Bronze,Shopee,Bangkok,1284,TV_Show,COD,0,5,4,0,40-50,42.8,5.0,2.0,0.4,-9,2,6427.36,0.28,0.6,0.6,0.0,1208.65,1,1,1.0,2436.59,2,1,0.5,5941.08,3,2,0.6666666666666666,32136.8,5,2,0.4,1
LGS2ORD0016166,C017844,2025-05-09 00:00:00,Male,40,Silver,CallCenter,Chiang Mai,690,Web,Credit_Card,0,5,4,0,30-40,23.0,0.0,0.0,0.0,-1,-1,0.0,0.0,0.0,0.0,0.0,0.0,0,0,0.0,0.0,0,0,0.0,0.0,0,0,0.0,0.0,0,0,0.0,0
LGS2ORD0016167,C014786,2025-05-09 01:00:00,Male,32,Bronze,TV,Remote_Area,828,Lazada,Credit_Card,1,5,4,0,30-40,27.6,2.0,1.0,0.5,68,66,839.495,0.18,0.5,0.0,0.0,0.0,0,0,0.0,0.0,0,0,0.0,1678.99,2,1,0.5,1678.99,2,1,0.5,0
LGS2ORD0016168,C011779,2025-05-09 01:00:00,Female,24,Bronze,TV,Phuket,1374,Web,Credit_Card,1,5,4,0,20-30,45.8,3.0,1.0,0.3333333333333333,-8,2,2824.7899999999995,0.23,0.0,0.3333333333333333,0.0,2861.45,1,1,1.0,7633.67,2,1,0.5,7633.67,2,1,0.5,8474.369999999999,3,1,0.3333333333333333,0
LGS2ORD0016169,C015550,2025-05-09 01:00:00,Female,35,Bronze,Shopee,Chiang Mai,785,Lazada,Credit_Card,1,5,4,0,30-40,26.166666666666668,5.0,1.0,0.2,38,20,2247.766,0.28,0.2,0.6,0.0,0.0,0,0,0.0,5981.16,2,0,0.0,11238.83,5,1,0.2,11238.83,5,1,0.2,0
LGS2ORD0016170,C015282,2025-05-09 01:00:00,Male,31,Silver,CallCenter,Bangkok,380,TV_Show,PromptPay,1,5,4,0,30-40,12.666666666666666,1.0,0.0,0.0,-1,106,7710.61,0.2,0.0,0.0,0.0,0.0,0,0,0.0,0.0,0,0,0.0,0.0,0,0,0.0,7710.61,1,0,0.0,0
LGS2ORD0016171,C014105,2025-05-09 01:00:00,Female,52,Silver,TV,Bangkok,959,Web,Credit_Card,1,5,4,0,>50,31.966666666666665,3.0,1.0,0.3333333333333333,3,17,8568.396666666666,0.25,0.3333333333333333,0.6666666666666666,0.0,0.0,0,0,0.0,4886.14,1,1,1.0,25057.239999999998,2,1,0.5,25705.19,3,1,0.3333333333333333,0
LGS2ORD0016172,C017829,2025-05-09 02:00:00,Female,72,Bronze,TV,Phuket,438,CallCenter,Credit_Card,2,5,4,0,>50,14.6,0.0,0.0,0.0,-1,-1,0.0,0.0,0.0,0.0,0.0,0.0,0,0,0.0,0.0,0,0,0.0,0.0,0,0,0.0,0.0,0,0,0.0,0
LGS2ORD0016173,C016014,2025-05-09 02:00:00,Male,36,Silver,Lazada,Khon Kaen,725,Lazada,COD,2,5,4,0,30-40,24.166666666666668,1.0,1.0,1.0,91,101,2763.85,0.2,1.0,0.0,0.0,0.0,0,0,0.0,0.0,0,0,0.0,0.0,0,0,0.0,2763.85,1,1,1.0,1
LGS2ORD0016174,C017318,2025-05-09 02:00:00,Female,69,Bronze,TV,Phuket,1524,Lazada,Bank_Transfer,2,5,4,0,>50,50.8,2.0,1.0,0.5,106,118,1997.33,0.23,0.5,0.5,0.0,0.0,0,0,0.0,0.0,0,0,0.0,0.0,0,0,0.0,3994.66,2,1,0.5,0
LGS2ORD0016175,C013356,2025-05-09 02:00:00,Female,35,Silver,Web,Bangkok,445,Web,Bank_Transfer,2,5,4,0,30-40,14.833333333333334,2.0,0.0,0.0,-1,100,20624.585,0.25,0.5,0.5,0.0,0.0,0,0,0.0,0.0,0,0,0.0,0.0,0,0,0.0,41249.17,2,0,0.0,0
LGS2ORD0016176,C015515,2025-05-09 02:00:00,Male,58,Bronze,TV,Phuket,1263,Shopee,PromptPay,2,5,4,0,>50,42.1,1.0,0.0,0.0,-1,80,11525.74,0.18,0.0,0.0,0.0,0.0,0,0,0.0,0.0,0,0,0.0,11525.74,1,0,0.0,11525.74,1,0,0.0,0
LGS2ORD0016177,C012564,2025-05-09 02:00:00,Female,46,Bronze,TV,Bangkok,501,Lazada,Bank_Transfer,2,5,4,0,40-50,16.7,4.0,1.0,0.25,92,7,1744.03,0.28,0.75,0.25,0.0,0.0,0,0,0.0,2576.33,1,0,0.0,4727.38,2,0,0.0,6976.12,4,1,0.25,0
LGS2ORD0016178,C015932,2025-05-09 03:00:00,Female,46,Platinum,Shopee,Phuket,350,Lazada,Credit_Card,3,5,4,0,40-50,11.666666666666666,3.0,0.0,0.0,-1,38,4433.53,0.25,0.0,0.3333333333333333,0.0,0.0,0,0,0.0,0.0,0,0,0.0,11257.13,2,0,0.0,13300.59,3,0,0.0,0
LGS2ORD0016179,C014160,2025-05-09 03:00:00,Male,31,Bronze,Shopee,Phuket,1150,Web,Credit_Card,3,5,4,0,30-40,38.333333333333336,4.0,2.0,0.5,53,68,3980.585,0.23,0.75,0.5,0.0,0.0,0,0,0.0,0.0,0,0,0.0,10254.31,2,2,1.0,15922.34,4,2,0.5,0
LGS2ORD0016180,C016527,2025-05-09 03:00:00,Female,55,Gold,Web,Khon Kaen,827,TV_Show,COD,3,5,4,0,>50,27.566666666666666,4.0,1.0,0.25,101,26,2626.205,0.33,0.0,0.25,0.0,0.0,0,0,0.0,467.65,1,0,0.0,3085.28,3,0,0.0,10504.82,4,1,0.25,0
LGS2ORD0016181,C017553,2025-05-09 03:00:00,Female,43,Gold,TV,Chiang Mai,1095,Shopee,Credit_Card,3,5,4,0,40-50,36.5,1.0,0.0,0.0,-1,103,1614.65,0.08,0.0,0.0,0.0,0.0,0,0,0.0,0.0,0,0,0.0,0.0,0,0,0.0,1614.65,1,0,0.0,0
LGS2ORD0016182,C017937,2025-05-09 03:00:00,Male,27,Silver,Shopee,Khon Kaen,1062,Lazada,Credit_Card,3,5,4,0,20-30,35.4,0.0,0.0,0.0,-1,-1,0.0,0.0,0.0,0.0,0.0,0.0,0,0,0.0,0.0,0,0,0.0,0.0,0,0,0.0,0.0,0,0,0.0,1
LGS2ORD0016183,C016697,2025-05-09 04:00:00,Male,37,Bronze,Lazada,Chiang Mai,643,Web,Credit_Card,4,5,4,0,30-40,21.433333333333334,1.0,0.0,0.0,-1,47,11393.93,0.03,0.0,0.0,0.0,0.0,0,0,0.0,0.0,0,0,0.0,11393.93,1,0,0.0,11393.93,1,0,0.0,1
LGS2ORD0016184,C010703,2025-05-09 04:00:00,Female,62,Silver,Shopee,Chiang Mai,252,Lazada,COD,4,5,4,0,>50,8.4,2.0,0.0,0.0,-1,1,1988.595,0.05,0.0,0.0,0.0,615.63,1,0,0.0,615.63,1,0,0.0,615.63,1,0,0.0,3977.19,2,0,0.0,0
LGS2ORD0016185,C013144,2025-05-09 04:00:00,Female,57,Silver,Lazada,Phuket,308,CallCenter,COD,4,5,4,0,>50,10.266666666666667,5.0,1.0,0.2,27,37,1814.8139999999999,0.2,0.8,0.0,0.0,0.0,0,0,0.0,0.0,0,0,0.0,7752.969999999999,4,1,0.25,9074.07,5,1,0.2,1
LGS2ORD0016186,C010180,2025-05-09 04:00:00,Female,43,Gold,Lazada,Bangkok,1443,Lazada,Credit_Card,4,5,4,0,40-50,48.1,1.0,1.0,1.0,12,15,9911.98,0.18,0.0,0.0,0.0,0.0,0,0,0.0,9911.98,1,1,1.0,9911.98,1,1,1.0,9911.98,1,1,1.0,0
LGS2ORD0016187,C014419,2025-05-09 04:00:00,Female,35,Silver,Web,Bangkok,671,TV_Show,COD,4,5,4,0,30-40,22.366666666666667,2.0,2.0,1.0,16,31,6398.07,0.2,0.0,0.0,0.0,0.0,0,0,0.0,0.0,0,0,0.0,12796.14,2,2,1.0,12796.14,2,2,1.0,0
LGS2ORD0016188,C015270,2025-05-09 05:00:00,Male,49,Silver,TV,Khon Kaen,1298,Web,COD,5,5,4,0,40-50,43.266666666666666,3.0,0.0,0.0,-1,5,2219.976666666667,0.25,0.3333333333333333,0.3333333333333333,0.0,1464.09,1,0,0.0,1464.09,1,0,0.0,5056.65,2,0,0.0,6659.93,3,0,0.0,1
LGS2ORD0016189,C016339,2025-05-09 05:00:00,Male,42,Bronze,TV,Phuket,162,Web,COD,5,5,4,0,40-50,5.4,2.0,1.0,0.5,91,92,10632.289999999999,0.28,0.5,0.5,0.0,0.0,0,0,0.0,0.0,0,0,0.0,0.0,0,0,0.0,21264.579999999998,2,1,0.5,0
LGS2ORD0016190,C014239,2025-05-09 05:00:00,Male,45,Bronze,Web,Chiang Mai,783,Lazada,Bank_Transfer,5,5,4,0,40-50,26.1,0.0,0.0,0.0,-1,-1,0.0,0.0,0.0,0.0,0.0,0.0,0,0,0.0,0.0,0,0,0.0,0.0,0,0,0.0,0.0,0,0,0.0,0
LGS2ORD0016191,C016556,2025-05-09 05:00:00,Female,47,Silver,TV,Remote_Area,607,Shopee,COD,5,5,4,0,40-50,20.233333333333334,4.0,0.0,0.0,-1,18,5092.85,0.25,1.0,0.25,0.0,0.0,0,0,0.0,5176.54,1,0,0.0,19098.68,3,0,0.0,20371.4,4,0,0.0,1
LGS2ORD0016192,C016308,2025-05-09 05:00:00,Female,25,Bronze,TV,Chonburi,1187,TV_Show,COD,5,5,4,0,20-30,39.56666666666667,1.0,0.0,0.0,-1,47,568.23,0.18,0.0,0.0,0.0,0.0,0,0,0.0,0.0,0,0,0.0,568.23,1,0,0.0,568.23,1,0,0.0,0
LGS2ORD0016193,C010007,2025-05-09 06:00:00,Male,48,Gold,Shopee,Remote_Area,270,Web,COD,6,5,4,0,40-50,9.0,4.0,1.0,0.25,88,13,5834.275,0.28,0.75,0.75,0.0,0.0,0,0,0.0,1749.97,1,0,0.0,1749.97,1,0,0.0,23337.1,4,1,0.25,0
LGS2ORD0016194,C014949,2025-05-09 06:00:00,Male,41,Silver,TV,Chonburi,347,Web,COD,6,5,4,0,40-50,11.566666666666666,1.0,0.0,0.0,-1,1,6655.79,0.05,1.0,0.0,0.0,6655.79,1,0,0.0,6655.79,1,0,0.0,6655.79,1,0,0.0,6655.79,1,0,0.0,0
LGS2ORD0016195,C015633,2025-05-09 06:00:00,Male,26,Bronze,TV,Nakhon Ratchasima,916,Lazada,COD,6,5,4,0,20-30,30.533333333333335,1.0,1.0,1.0,91,104,13314.04,0.18,0.0,0.0,0.0,0.0,0,0,0.0,0.0,0,0,0.0,0.0,0,0,0.0,13314.04,1,1,1.0,0
LGS2ORD0016196,C012343,2025-05-09 06:00:00,Male,50,Silver,TV,Nakhon Ratchasima,603,Lazada,COD,6,5,4,0,40-50,20.1,1.0,1.0,1.0,55,63,1569.08,0.05,1.0,0.0,0.0,0.0,0,0,0.0,0.0,0,0,0.0,1569.08,1,1,1.0,1569.08,1,1,1.0,0
LGS2ORD0016197,C016607,2025-05-09 06:00:00,Male,46,Bronze,TV,Songkhla,1157,TV_Show,Credit_Card,6,5,4,0,40-50,38.56666666666667,1.0,1.0,1.0,104,114,1321.26,0.18,0.0,0.0,0.0,0.0,0,0,0.0,0.0,0,0,0.0,0.0,0,0,0.0,1321.26,1,1,1.0,0
LGS2ORD0016198,C017397,2025-05-09 06:00:00,Male,55,Gold,Web,Bangkok,732,CallCenter,COD,6,5,4,0,>50,24.4,0.0,0.0,0.0,-1,-1,0.0,0.0,0.0,0.0,0.0,0.0,0,0,0.0,0.0,0,0,0.0,0.0,0,0,0.0,0.0,0,0,0.0,0
LGS2ORD0016199,C010439,2025-05-09 07:00:00,Female,48,Bronze,TV,Bangkok,1111,Web,COD,7,5,4,0,40-50,37.03333333333333,3.0,1.0,0.3333333333333333,57,66,2304.7933333333335,0.18,0.6666666666666666,0.0,0.0,0.0,0,0,0.0,0.0,0,0,0.0,6175.34,2,1,0.5,6914.38,3,1,0.3333333333333333,1
LGS2ORD0016200,C012293,2025-05-09 07:00:00,Female,27,Bronze,TV,Phuket,1309,Lazada,COD,7,5,4,0,20-30,43.63333333333333,2.0,0.0,0.0,-1,98,1183.005,0.23,0.5,0.5,0.0,0.0,0,0,0.0,0.0,0,0,0.0,0.0,0,0,0.0,2366.01,2,0,0.0,1
LGS2ORD0016201,C013364,2025-05-09 07:00:00,Male,29,Silver,TV,Phuket,473,Shopee,COD,7,5,4,0,20-30,15.766666666666667,3.0,1.0,0.3333333333333333,98,86,357.25,0.25,0.0,0.6666666666666666,0.0,0.0,0,0,0.0,0.0,0,0,0.0,318.4,1,0,0.0,1071.75,3,1,0.3333333333333333,0
LGS2ORD0016202,C012290,2025-05-09 07:00:00,Female,51,Gold,Web,Chonburi,943,Shopee,Bank_Transfer,7,5,4,0,>50,31.433333333333334,3.0,0.0,0.0,-1,84,1580.9866666666667,0.2299999999999999,0.3333333333333333,0.6666666666666666,0.0,0.0,0,0,0.0,0.0,0,0,0.0,2488.92,1,0,0.0,4742.96,3,0,0.0,0
LGS2ORD0016203,C016993,2025-05-09 07:00:00,Female,32,Bronze,Shopee,Nakhon Ratchasima,183,Lazada,PromptPay,7,5,4,0,30-40,6.1,2.0,1.0,0.5,31,43,7629.28,0.23,0.0,0.5,0.0,0.0,0,0,0.0,0.0,0,0,0.0,3084.42,1,1,1.0,15258.56,2,1,0.5,0
LGS2ORD0016204,C010044,2025-05-09 08:00:00,Female,28,Bronze,Shopee,Nakhon Ratchasima,1236,TV_Show,COD,8,5,4,0,20-30,41.2,1.0,0.0,0.0,-1,35,2109.15,0.03,0.0,0.0,0.0,0.0,0,0,0.0,0.0,0,0,0.0,2109.15,1,0,0.0,2109.15,1,0,0.0,1
LGS2ORD0016205,C012549,2025-05-09 08:00:00,Female,50,Platinum,Lazada,Chiang Mai,1186,Web,COD,8,5,4,0,40-50,39.53333333333333,4.0,1.0,0.25,116,27,2223.4049999999997,0.35,0.5,1.0,0.0,0.0,0,0,0.0,2900.58,1,0,0.0,2900.58,1,0,0.0,8893.619999999999,4,1,0.25,0
LGS2ORD0016206,C016884,2025-05-09 08:00:00,Male,57,Gold,Web,Chonburi,1560,Shopee,Credit_Card,8,5,4,0,>50,52.0,0.0,0.0,0.0,-1,-1,0.0,0.0,0.0,0.0,0.0,0.0,0,0,0.0,0.0,0,0,0.0,0.0,0,0,0.0,0.0,0,0,0.0,0
LGS2ORD0016207,C017010,2025-05-09 08:00:00,Male,52,Gold,TV,Bangkok,1541,Web,COD,8,5,4,0,>50,51.36666666666667,1.0,0.0,0.0,-1,118,2682.58,0.08,0.0,0.0,0.0,0.0,0,0,0.0,0.0,0,0,0.0,0.0,0,0,0.0,2682.58,1,0,0.0,0
LGS2ORD0016208,C016184,2025-05-09 08:00:00,Male,40,Bronze,TV,Remote_Area,983,TV_Show,Bank_Transfer,8,5,4,0,30-40,32.766666666666666,4.0,1.0,0.25,-6,11,5295.885,0.23,0.75,0.25,0.0,0.0,0,0,0.0,3321.92,1,1,1.0,14916.42,3,1,0.3333333333333333,21183.54,4,1,0.25,0
LGS2ORD0016209,C012158,2025-05-09 09:00:00,Female,50,Silver,CallCenter,Chiang Mai,850,Lazada,Credit_Card,9,5,4,0,40-50,28.333333333333332,1.0,0.0,0.0,-1,95,1928.89,0.1,0.0,0.0,0.0,0.0,0,0,0.0,0.0,0,0,0.0,0.0,0,0,0.0,1928.89,1,0,0.0,0
LGS2ORD0016210,C015421,2025-05-09 09:00:00,Other,32,Platinum,Shopee,Phuket,973,CallCenter,Credit_Card,9,5,4,0,30-40,32.43333333333333,3.0,2.0,0.6666666666666666,93,94,1090.5866666666668,0.35,1.0,1.0,0.0,0.0,0,0,0.0,0.0,0,0,0.0,0.0,0,0,0.0,3271.76,3,2,0.6666666666666666,0
LGS2ORD0016211,C012554,2025-05-09 09:00:00,Female,54,Bronze,Shopee,Chonburi,1482,CallCenter,COD,9,5,4,0,>50,49.4,2.0,1.0,0.5,74,21,1700.5549999999998,0.23,0.5,0.5,0.0,0.0,0,0,0.0,571.53,1,0,0.0,3401.1099999999997,2,1,0.5,3401.1099999999997,2,1,0.5,0
LGS2ORD0016212,C017317,2025-05-09 09:00:00,Male,62,Bronze,Shopee,Songkhla,1437,Web,Credit_Card,9,5,4,0,>50,47.9,0.0,0.0,0.0,-1,-1,0.0,0.0,0.0,0.0,0.0,0.0,0,0,0.0,0.0,0,0,0.0,0.0,0,0,0.0,0.0,0,0,0.0,0
LGS2ORD0016213,C015329,2025-05-09 09:00:00,Male,52,Bronze,Shopee,Phuket,429,CallCenter,Credit_Card,9,5,4,0,>50,14.3,3.0,1.0,0.3333333333333333,73,9,8083.329999999999,0.13,0.6666666666666666,0.0,0.0,0.0,0,0,0.0,22691.690000000002,2,0,0.0,24249.989999999998,3,1,0.3333333333333333,24249.989999999998,3,1,0.3333333333333333,1
LGS2ORD0016214,C016680,2025-05-09 10:00:00,Other,20,Bronze,CallCenter,Phuket,428,Shopee,COD,10,5,4,0,<20,14.266666666666667,1.0,0.0,0.0,-1,89,3121.99,0.28,1.0,1.0,0.0,0.0,0,0,0.0,0.0,0,0,0.0,3121.99,1,0,0.0,3121.99,1,0,0.0,0
LGS2ORD0016215,C017249,2025-05-09 10:00:00,Female,24,Bronze,Lazada,Bangkok,832,Shopee,Credit_Card,10,5,4,0,20-30,27.733333333333334,1.0,0.0,0.0,-1,109,6081.04,0.03,0.0,0.0,0.0,0.0,0,0,0.0,0.0,0,0,0.0,0.0,0,0,0.0,6081.04,1,0,0.0,0
LGS2ORD0016216,C015675,2025-05-09 10:00:00,Other,26,Silver,Shopee,Remote_Area,1414,Web,Credit_Card,10,5,4,0,20-30,47.13333333333333,2.0,0.0,0.0,-1,64,4225.66,0.3,0.0,0.5,0.0,0.0,0,0,0.0,0.0,0,0,0.0,5603.87,1,0,0.0,8451.32,2,0,0.0,1
LGS2ORD0016217,C010993,2025-05-09 10:00:00,Female,50,Bronze,TV,Remote_Area,528,Lazada,COD,10,5,4,0,40-50,17.6,0.0,0.0,0.0,-1,-1,0.0,0.0,0.0,0.0,0.0,0.0,0,0,0.0,0.0,0,0,0.0,0.0,0,0,0.0,0.0,0,0,0.0,1
LGS2ORD0016218,C010885,2025-05-09 10:00:00,Female,45,Silver,Web,Bangkok,1116,CallCenter,COD,10,5,4,0,40-50,37.2,0.0,0.0,0.0,-1,-1,0.0,0.0,0.0,0.0,0.0,0.0,0,0,0.0,0.0,0,0,0.0,0.0,0,0,0.0,0.0,0,0,0.0,0
LGS2ORD0016219,C014756,2025-05-09 10:00:00,Male,43,Bronze,Lazada,Bangkok,775,CallCenter,PromptPay,10,5,4,0,40-50,25.833333333333332,0.0,0.0,0.0,-1,-1,0.0,0.0,0.0,0.0,0.0,0.0,0,0,0.0,0.0,0,0,0.0,0.0,0,0,0.0,0.0,0,0,0.0,0
LGS2ORD0016220,C017366,2025-05-09 11:00:00,Female,32,Bronze,Shopee,Chonburi,1389,CallCenter,COD,11,5,4,0,30-40,46.3,0.0,0.0,0.0,-1,-1,0.0,0.0,0.0,0.0,0.0,0.0,0,0,0.0,0.0,0,0,0.0,0.0,0,0,0.0,0.0,0,0,0.0,0
LGS2ORD0016221,C017746,2025-05-09 11:00:00,Male,65,Silver,TV,Chonburi,248,TV_Show,Credit_Card,11,5,4,0,>50,8.266666666666667,2.0,0.0,0.0,-1,13,3801.12,0.3,0.5,1.0,0.0,0.0,0,0,0.0,5874.46,1,0,0.0,5874.46,1,0,0.0,7602.24,2,0,0.0,1
LGS2ORD0016222,C012761,2025-05-09 11:00:00,Male,46,Bronze,Web,Chiang Mai,739,Lazada,COD,11,5,4,0,40-50,24.633333333333333,0.0,0.0,0.0,-1,-1,0.0,0.0,0.0,0.0,0.0,0.0,0,0,0.0,0.0,0,0,0.0,0.0,0,0,0.0,0.0,0,0,0.0,1
LGS2ORD0016223,C016234,2025-05-09 11:00:00,Male,46,Silver,Web,Bangkok,863,Shopee,COD,11,5,4,0,40-50,28.766666666666666,1.0,1.0,1.0,85,88,1306.51,0.2,1.0,0.0,0.0,0.0,0,0,0.0,0.0,0,0,0.0,1306.51,1,1,1.0,1306.51,1,1,1.0,0
LGS2ORD0016224,C014992,2025-05-09 11:00:00,Other,48,Platinum,Web,Chiang Mai,911,Web,Credit_Card,11,5,4,0,40-50,30.366666666666667,1.0,0.0,0.0,-1,72,14554.58,0.15,1.0,0.0,0.0,0.0,0,0,0.0,0.0,0,0,0.0,14554.58,1,0,0.0,14554.58,1,0,0.0,0
LGS2ORD0016225,C014902,2025-05-09 12:00:00,Male,41,Silver,TV,Phuket,643,Web,COD,12,5,4,0,40-50,21.433333333333334,3.0,0.0,0.0,-1,25,7240.486666666667,0.3,0.0,0.6666666666666666,0.0,0.0,0,0,0.0,19344.73,2,0,0.0,21721.46,3,0,0.0,21721.46,3,0,0.0,0
LGS2ORD0016226,C016716,2025-05-09 12:00:00,Female,48,Silver,Lazada,Bangkok,351,Shopee,COD,12,5,4,0,40-50,11.7,3.0,0.0,0.0,-1,61,4603.363333333334,0.25,0.6666666666666666,0.3333333333333333,0.0,0.0,0,0,0.0,0.0,0,0,0.0,11709.970000000001,2,0,0.0,13810.09,3,0,0.0,0
LGS2ORD0016227,C011682,2025-05-09 12:00:00,Female,27,Silver,Web,Bangkok,876,Shopee,COD,12,5,4,0,20-30,29.2,1.0,0.0,0.0,-1,67,11186.38,0.05,1.0,0.0,0.0,0.0,0,0,0.0,0.0,0,0,0.0,11186.38,1,0,0.0,11186.38,1,0,0.0,0
LGS2ORD0016228,C012441,2025-05-09 12:00:00,Female,56,Bronze,Web,Songkhla,241,CallCenter,COD,12,5,4,0,>50,8.033333333333333,2.0,0.0,0.0,-1,21,1122.465,0.18,0.5,0.0,0.0,0.0,0,0,0.0,1985.09,1,0,0.0,1985.09,1,0,0.0,2244.93,2,0,0.0,1
LGS2ORD0016229,C017444,2025-05-09 12:00:00,Male,54,Bronze,TV,Chiang Mai,550,CallCenter,COD,12,5,4,0,>50,18.333333333333332,6.0,2.0,0.3333333333333333,61,40,4304.385,0.28,0.6666666666666666,0.3333333333333333,0.0,0.0,0,0,0.0,0.0,0,0,0.0,24930.09,5,1,0.2,25826.31,6,2,0.3333333333333333,0
LGS2ORD0016230,C016265,2025-05-09 13:00:00,Male,39,Silver,Lazada,Bangkok,1246,Web,COD,13,5,4,0,30-40,41.53333333333333,3.0,0.0,0.0,-1,15,1854.16,0.3,0.3333333333333333,0.6666666666666666,0.0,0.0,0,0,0.0,1077.39,1,0,0.0,5562.4800000000005,3,0,0.0,5562.4800000000005,3,0,0.0,0
LGS2ORD0016231,C016472,2025-05-09 13:00:00,Male,33,Platinum,Web,Bangkok,718,Shopee,PromptPay,13,5,4,0,30-40,23.933333333333334,2.0,0.0,0.0,-1,39,7329.3,0.25,0.5,0.5,0.0,0.0,0,0,0.0,0.0,0,0,0.0,14658.6,2,0,0.0,14658.6,2,0,0.0,0
LGS2ORD0016232,C012800,2025-05-09 13:00:00,Female,36,Bronze,Web,Remote_Area,565,Web,Credit_Card,13,5,4,0,30-40,18.833333333333332,1.0,0.0,0.0,-1,30,2621.66,0.03,0.0,0.0,0.0,0.0,0,0,0.0,0.0,0,0,0.0,2621.66,1,0,0.0,2621.66,1,0,0.0,0
LGS2ORD0016233,C015328,2025-05-09 13:00:00,Female,72,Bronze,Lazada,Chonburi,872,TV_Show,COD,13,5,4,0,>50,29.066666666666666,1.0,1.0,1.0,44,55,9970.77,0.03,1.0,0.0,0.0,0.0,0,0,0.0,0.0,0,0,0.0,9970.77,1,1,1.0,9970.77,1,1,1.0,0
LGS2ORD0016234,C012854,2025-05-09 13:00:00,Female,56,Gold,TV,Chonburi,675,Web,Credit_Card,13,5,4,0,>50,22.5,4.0,1.0,0.25,-5,11,2323.3250000000003,0.33,0.5,0.75,0.0,0.0,0,0,0.0,1896.26,2,1,0.5,9293.300000000001,4,1,0.25,9293.300000000001,4,1,0.25,0
LGS2ORD0016235,C013745,2025-05-09 13:00:00,Female,59,Bronze,Web,Bangkok,821,Shopee,PromptPay,13,5,4,0,>50,27.366666666666667,1.0,0.0,0.0,-1,98,1809.13,0.08,0.0,0.0,0.0,0.0,0,0,0.0,0.0,0,0,0.0,0.0,0,0,0.0,1809.13,1,0,0.0,1
LGS2ORD0016236,C015321,2025-05-09 14:00:00,Female,18,Silver,TV,Songkhla,1270,Web,COD,14,5,4,0,<20,42.333333333333336,2.0,1.0,0.5,-2,11,10606.175,0.25,0.0,0.5,0.0,0.0,0,0,0.0,8464.56,1,1,1.0,8464.56,1,1,1.0,21212.35,2,1,0.5,0
LGS2ORD0016237,C014843,2025-05-09 14:00:00,Other,37,Bronze,TV,Remote_Area,585,TV_Show,Credit_Card,14,5,4,0,30-40,19.5,5.0,2.0,0.4,17,32,3808.6760000000004,0.23,0.4,0.2,0.0,0.0,0,0,0.0,0.0,0,0,0.0,19043.38,5,2,0.4,19043.38,5,2,0.4,1
LGS2ORD0016238,C017989,2025-05-09 14:00:00,Female,28,Bronze,Lazada,Chiang Mai,266,Lazada,COD,14,5,4,0,20-30,8.866666666666667,0.0,0.0,0.0,-1,-1,0.0,0.0,0.0,0.0,0.0,0.0,0,0,0.0,0.0,0,0,0.0,0.0,0,0,0.0,0.0,0,0,0.0,0
LGS2ORD0016239,C017496,2025-05-09 14:00:00,Female,54,Gold,Shopee,Chiang Mai,489,Shopee,Credit_Card,14,5,4,0,>50,16.3,2.0,1.0,0.5,-3,1,9358.85,0.28,1.0,1.0,0.0,4148.27,1,1,1.0,18717.7,2,1,0.5,18717.7,2,1,0.5,18717.7,2,1,0.5,0
LGS2ORD0016240,C014930,2025-05-09 14:00:00,Female,18,Gold,Lazada,Bangkok,301,TV_Show,COD,14,5,4,0,<20,10.033333333333333,1.0,1.0,1.0,53,55,5654.13,0.13,0.0,0.0,0.0,0.0,0,0,0.0,0.0,0,0,0.0,5654.13,1,1,1.0,5654.13,1,1,1.0,0
LGS2ORD0016241,C015974,2025-05-09 15:00:00,Male,41,Platinum,Web,Chonburi,772,TV_Show,Bank_Transfer,15,5,4,0,40-50,25.733333333333334,2.0,1.0,0.5,18,31,17787.685,0.35,0.5,1.0,0.0,0.0,0,0,0.0,0.0,0,0,0.0,5478.63,1,1,1.0,35575.37,2,1,0.5,0
LGS2ORD0016242,C016008,2025-05-09 15:00:00,Male,30,Bronze,Shopee,Bangkok,558,Web,Bank_Transfer,15,5,4,0,20-30,18.6,1.0,1.0,1.0,4,12,4709.29,0.03,0.0,0.0,0.0,0.0,0,0,0.0,4709.29,1,1,1.0,4709.29,1,1,1.0,4709.29,1,1,1.0,1
LGS2ORD0016243,C013164,2025-05-09 15:00:00,Male,18,Bronze,TV,Bangkok,1207,TV_Show,PromptPay,15,5,4,0,<20,40.233333333333334,3.0,0.0,0.0,-1,6,2538.976666666667,0.18,0.3333333333333333,0.0,0.0,1136.8,1,0,0.0,1678.27,2,0,0.0,1678.27,2,0,0.0,7616.93,3,0,0.0,0
LGS2ORD0016244,C017216,2025-05-09 15:00:00,Other,45,Bronze,Lazada,Songkhla,763,Shopee,Credit_Card,15,5,4,0,40-50,25.433333333333334,3.0,2.0,0.6666666666666666,-5,1,1836.86,0.18,0.3333333333333333,0.0,0.0,1939.51,1,1,1.0,1939.51,1,1,1.0,5510.58,3,2,0.6666666666666666,5510.58,3,2,0.6666666666666666,0
LGS2ORD0016245,C017529,2025-05-09 15:00:00,Male,42,Gold,Web,Bangkok,311,Lazada,Credit_Card,15,5,4,0,40-50,10.366666666666667,3.0,1.0,0.3333333333333333,40,43,3220.693333333333,0.33,0.6666666666666666,0.3333333333333333,0.0,0.0,0,0,0.0,0.0,0,0,0.0,9662.08,3,1,0.3333333333333333,9662.08,3,1,0.3333333333333333,0
LGS2ORD0016246,C012895,2025-05-09 16:00:00,Female,46,Silver,Web,Khon Kaen,664,TV_Show,COD,16,5,4,0,40-50,22.133333333333333,1.0,1.0,1.0,39,48,292.88,0.1,0.0,0.0,0.0,0.0,0,0,0.0,0.0,0,0,0.0,292.88,1,1,1.0,292.88,1,1,1.0,1
LGS2ORD0016247,C010320,2025-05-09 16:00:00,Female,49,Gold,Web,Bangkok,774,CallCenter,COD,16,5,4,0,40-50,25.8,3.0,0.0,0.0,-1,46,4523.72,0.2299999999999999,0.3333333333333333,0.3333333333333333,0.0,0.0,0,0,0.0,0.0,0,0,0.0,11276.69,2,0,0.0,13571.16,3,0,0.0,0
LGS2ORD0016248,C016051,2025-05-09 16:00:00,Female,51,Bronze,Lazada,Bangkok,485,Shopee,Credit_Card,16,5,4,0,>50,16.166666666666668,2.0,1.0,0.5,117,106,11280.45,0.18,0.5,0.0,0.0,0.0,0,0,0.0,0.0,0,0,0.0,0.0,0,0,0.0,22560.9,2,1,0.5,0
LGS2ORD0016249,C013509,2025-05-09 16:00:00,Male,42,Platinum,TV,Chiang Mai,1284,TV_Show,Credit_Card,16,5,4,0,40-50,42.8,2.0,0.0,0.0,-1,70,3789.9700000000003,0.3,0.5,1.0,0.0,0.0,0,0,0.0,0.0,0,0,0.0,2467.14,1,0,0.0,7579.9400000000005,2,0,0.0,0
LGS2ORD0016250,C015457,2025-05-09 16:00:00,Female,37,Bronze,TV,Khon Kaen,564,Shopee,PromptPay,16,5,4,0,30-40,18.8,2.0,1.0,0.5,102,114,1433.6200000000001,0.18,1.0,0.0,0.0,0.0,0,0,0.0,0.0,0,0,0.0,0.0,0,0,0.0,2867.2400000000002,2,1,0.5,0
LGS2ORD0016251,C013631,2025-05-09 17:00:00,Female,54,Silver,Lazada,Remote_Area,685,Shopee,Credit_Card,17,5,4,0,>50,22.833333333333332,1.0,1.0,1.0,46,59,23725.21,0.2,1.0,0.0,0.0,0.0,0,0,0.0,0.0,0,0,0.0,23725.21,1,1,1.0,23725.21,1,1,1.0,1
LGS2ORD0016252,C014730,2025-05-09 17:00:00,Male,53,Gold,Web,Chonburi,515,CallCenter,Bank_Transfer,17,5,4,0,>50,17.166666666666668,0.0,0.0,0.0,-1,-1,0.0,0.0,0.0,0.0,0.0,0.0,0,0,0.0,0.0,0,0,0.0,0.0,0,0,0.0,0.0,0,0,0.0,0
LGS2ORD0016253,C011957,2025-05-09 17:00:00,Male,53,Gold,Web,Songkhla,527,Shopee,Credit_Card,17,5,4,0,>50,17.566666666666666,3.0,2.0,0.6666666666666666,6,17,1466.86,0.33,0.6666666666666666,0.3333333333333333,0.0,0.0,0,0,0.0,2857.27,2,1,0.5,2857.27,2,1,0.5,4400.58,3,2,0.6666666666666666,0
LGS2ORD0016254,C016159,2025-05-09 17:00:00,Female,48,Bronze,CallCenter,Bangkok,240,Shopee,Bank_Transfer,17,5,4,0,40-50,8.0,1.0,0.0,0.0,-1,122,21636.89,0.08,0.0,0.0,0.0,0.0,0,0,0.0,0.0,0,0,0.0,0.0,0,0,0.0,21636.89,1,0,0.0,0
LGS2ORD0016255,C012598,2025-05-09 17:00:00,Female,50,Bronze,Lazada,Chonburi,1002,CallCenter,Credit_Card,17,5,4,0,40-50,33.4,1.0,0.0,0.0,-1,3,4195.89,0.23,0.0,1.0,0.0,4195.89,1,0,0.0,4195.89,1,0,0.0,4195.89,1,0,0.0,4195.89,1,0,0.0,1
LGS2ORD0016256,C010112,2025-05-09 17:00:00,Female,54,Bronze,Lazada,Songkhla,1005,Shopee,COD,17,5,4,0,>50,33.5,3.0,1.0,0.3333333333333333,1,12,3371.8799999999997,0.28,1.0,0.6666666666666666,0.0,0.0,0,0,0.0,2374.5,1,1,1.0,2374.5,1,1,1.0,10115.64,3,1,0.3333333333333333,0
LGS2ORD0016257,C016188,2025-05-09 18:00:00,Male,46,Gold,Shopee,Chonburi,563,Web,PromptPay,18,5,4,0,40-50,18.766666666666666,2.0,1.0,0.5,88,25,2678.95,0.13,0.0,0.0,0.0,0.0,0,0,0.0,755.16,1,0,0.0,755.16,1,0,0.0,5357.9,2,1,0.5,0
LGS2ORD0016258,C011184,2025-05-09 18:00:00,Female,25,Bronze,TV,Phuket,763,TV_Show,COD,18,5,4,0,20-30,25.433333333333334,0.0,0.0,0.0,-1,-1,0.0,0.0,0.0,0.0,0.0,0.0,0,0,0.0,0.0,0,0,0.0,0.0,0,0,0.0,0.0,0,0,0.0,0
LGS2ORD0016259,C014511,2025-05-09 18:00:00,Male,36,Silver,Lazada,Remote_Area,1257,Lazada,Credit_Card,18,5,4,0,30-40,41.9,2.0,1.0,0.5,50,22,10256.905,0.1,0.0,0.0,0.0,0.0,0,0,0.0,9851.69,1,0,0.0,20513.81,2,1,0.5,20513.81,2,1,0.5,0
LGS2ORD0016260,C012497,2025-05-09 18:00:00,Male,53,Silver,TV,Chiang Mai,289,Lazada,COD,18,5,4,0,>50,9.633333333333333,4.0,0.0,0.0,-1,18,3942.75,0.25,0.25,0.25,0.0,0.0,0,0,0.0,7666.78,1,0,0.0,11512.58,3,0,0.0,15771.0,4,0,0.0,0
LGS2ORD0016261,C014475,2025-05-09 18:00:00,Female,30,Gold,Web,Chiang Mai,1513,Web,Credit_Card,18,5,4,0,20-30,50.43333333333333,2.0,0.0,0.0,-1,34,11344.18,0.33,1.0,0.5,0.0,0.0,0,0,0.0,0.0,0,0,0.0,22688.36,2,0,0.0,22688.36,2,0,0.0,0
LGS2ORD0016262,C011079,2025-05-09 19:00:00,Female,20,Silver,Shopee,Khon Kaen,781,Shopee,COD,19,5,4,0,<20,26.033333333333335,3.0,0.0,0.0,-1,62,9713.063333333334,0.05,1.0,0.0,0.0,0.0,0,0,0.0,0.0,0,0,0.0,28778.36,2,0,0.0,29139.19,3,0,0.0,1
LGS2ORD0016263,C010198,2025-05-09 19:00:00,Male,72,Silver,Lazada,Bangkok,1507,Web,COD,19,5,4,0,>50,50.233333333333334,2.0,1.0,0.5,63,65,909.28,0.1,1.0,0.0,0.0,0.0,0,0,0.0,0.0,0,0,0.0,351.59,1,1,1.0,1818.56,2,1,0.5,0
LGS2ORD0016264,C013917,2025-05-09 19:00:00,Female,60,Silver,TV,Bangkok,543,Shopee,COD,19,5,4,0,>50,18.1,0.0,0.0,0.0,-1,-1,0.0,0.0,0.0,0.0,0.0,0.0,0,0,0.0,0.0,0,0,0.0,0.0,0,0,0.0,0.0,0,0,0.0,1
LGS2ORD0016265,C016460,2025-05-09 19:00:00,Female,58,Silver,CallCenter,Khon Kaen,546,Lazada,Credit_Card,19,5,4,0,>50,18.2,2.0,1.0,0.5,37,5,12880.185,0.2,1.0,0.0,0.0,2110.57,1,0,0.0,2110.57,1,0,0.0,25760.37,2,1,0.5,25760.37,2,1,0.5,0
LGS2ORD0016266,C016098,2025-05-09 19:00:00,Female,46,Bronze,Lazada,Chiang Mai,443,Web,COD,19,5,4,0,40-50,14.766666666666667,1.0,0.0,0.0,-1,44,11563.14,0.03,0.0,0.0,0.0,0.0,0,0,0.0,0.0,0,0,0.0,11563.14,1,0,0.0,11563.14,1,0,0.0,0
LGS2ORD0016267,C014417,2025-05-09 20:00:00,Male,54,Silver,Shopee,Chonburi,1265,Web,COD,20,5,4,0,>50,42.166666666666664,4.0,0.0,0.0,-1,1,1804.9425,0.25,0.25,0.25,0.0,1039.77,1,0,0.0,1039.77,1,0,0.0,6536.380000000001,3,0,0.0,7219.77,4,0,0.0,1
LGS2ORD0016268,C014959,2025-05-09 20:00:00,Female,50,Gold,TV,Khon Kaen,720,Web,COD,20,5,4,0,40-50,24.0,6.0,3.0,0.5,11,21,3038.4283333333333,0.28,0.8333333333333334,0.8333333333333334,0.0,0.0,0,0,0.0,14596.38,3,2,0.6666666666666666,17060.79,4,3,0.75,18230.57,6,3,0.5,0
LGS2ORD0016269,C015033,2025-05-09 20:00:00,Male,39,Gold,TV,Bangkok,970,Web,Bank_Transfer,20,5,4,0,30-40,32.333333333333336,0.0,0.0,0.0,-1,-1,0.0,0.0,0.0,0.0,0.0,0.0,0,0,0.0,0.0,0,0,0.0,0.0,0,0,0.0,0.0,0,0,0.0,0
LGS2ORD0016270,C014876,2025-05-09 20:00:00,Male,41,Gold,Shopee,Remote_Area,1503,CallCenter,Credit_Card,20,5,4,0,40-50,50.1,1.0,0.0,0.0,-1,10,592.72,0.2299999999999999,0.0,1.0,0.0,0.0,0,0,0.0,592.72,1,0,0.0,592.72,1,0,0.0,592.72,1,0,0.0,0
LGS2ORD0016271,C016790,2025-05-09 20:00:00,Male,30,Bronze,Web,Nakhon Ratchasima,1240,Shopee,Bank_Transfer,20,5,4,0,20-30,41.333333333333336,0.0,0.0,0.0,-1,-1,0.0,0.0,0.0,0.0,0.0,0.0,0,0,0.0,0.0,0,0,0.0,0.0,0,0,0.0,0.0,0,0,0.0,0
LGS2ORD0016272,C016356,2025-05-09 21:00:00,Female,41,Gold,Lazada,Bangkok,706,Web,Bank_Transfer,21,5,4,0,40-50,23.533333333333335,0.0,0.0,0.0,-1,-1,0.0,0.0,0.0,0.0,0.0,0.0,0,0,0.0,0.0,0,0,0.0,0.0,0,0,0.0,0.0,0,0,0.0,0
LGS2ORD0016273,C012506,2025-05-09 21:00:00,Female,54,Bronze,CallCenter,Bangkok,682,Shopee,PromptPay,21,5,4,0,>50,22.733333333333334,6.0,2.0,0.3333333333333333,20,32,3973.365,0.28,0.6666666666666666,0.5,0.0,0.0,0,0,0.0,0.0,0,0,0.0,23840.19,6,2,0.3333333333333333,23840.19,6,2,0.3333333333333333,0
LGS2ORD0016274,C014484,2025-05-09 21:00:00,Male,53,Platinum,Lazada,Bangkok,1516,Lazada,Credit_Card,21,5,4,0,>50,50.53333333333333,1.0,0.0,0.0,-1,109,1817.45,0.15,0.0,0.0,0.0,0.0,0,0,0.0,0.0,0,0,0.0,0.0,0,0,0.0,1817.45,1,0,0.0,1
LGS2ORD0016275,C010040,2025-05-09 21:00:00,Male,56,Bronze,TV,Remote_Area,721,Lazada,COD,21,5,4,0,>50,24.033333333333335,0.0,0.0,0.0,-1,-1,0.0,0.0,0.0,0.0,0.0,0.0,0,0,0.0,0.0,0,0,0.0,0.0,0,0,0.0,0.0,0,0,0.0,0
LGS2ORD0016276,C011320,2025-05-09 21:00:00,Male,47,Silver,Shopee,Chonburi,897,Web,COD,21,5,4,0,40-50,29.9,1.0,0.0,0.0,-1,92,11130.88,0.2,0.0,0.0,0.0,0.0,0,0,0.0,0.0,0,0,0.0,0.0,0,0,0.0,11130.88,1,0,0.0,0
LGS2ORD0016277,C013797,2025-05-09 21:00:00,Female,45,Platinum,Shopee,Bangkok,1334,Shopee,Bank_Transfer,21,5,4,0,40-50,44.46666666666667,2.0,0.0,0.0,-1,99,9079.1,0.15,0.0,0.0,0.0,0.0,0,0,0.0,0.0,0,0,0.0,0.0,0,0,0.0,18158.2,2,0,0.0,1
LGS2ORD0016278,C014533,2025-05-09 22:00:00,Female,47,Bronze,TV,Songkhla,1491,Web,COD,22,5,4,0,40-50,49.7,4.0,0.0,0.0,-1,6,4742.219999999999,0.13,0.5,0.0,0.0,4139.01,1,0,0.0,4139.01,1,0,0.0,11988.64,2,0,0.0,18968.879999999997,4,0,0.0,1
LGS2ORD0016279,C017136,2025-05-09 22:00:00,Male,49,Silver,Web,Songkhla,1381,CallCenter,COD,22,5,4,0,40-50,46.03333333333333,1.0,0.0,0.0,-1,98,432.91,0.25,1.0,1.0,0.0,0.0,0,0,0.0,0.0,0,0,0.0,0.0,0,0,0.0,432.91,1,0,0.0,1
LGS2ORD0016280,C016607,2025-05-09 22:00:00,Male,46,Bronze,TV,Songkhla,1157,Shopee,Credit_Card,22,5,4,0,40-50,38.56666666666667,2.0,1.0,0.5,105,0,1152.02,0.18,0.0,0.0,0.0,982.78,1,0,0.0,982.78,1,0,0.0,982.78,1,0,0.0,2304.04,2,1,0.5,0
LGS2ORD0016281,C012894,2025-05-09 22:00:00,Female,53,Bronze,Web,Khon Kaen,478,Lazada,Credit_Card,22,5,4,0,>50,15.933333333333334,4.0,3.0,0.75,41,15,2832.0150000000003,0.28,0.25,0.75,0.0,0.0,0,0,0.0,459.04,1,0,0.0,6740.259999999999,3,2,0.6666666666666666,11328.060000000001,4,3,0.75,0
LGS2ORD0016282,C012142,2025-05-09 22:00:00,Male,40,Silver,Web,Phuket,371,Shopee,COD,22,5,4,0,30-40,12.366666666666667,2.0,1.0,0.5,52,55,1995.79,0.2,0.0,0.0,0.0,0.0,0,0,0.0,0.0,0,0,0.0,3991.58,2,1,0.5,3991.58,2,1,0.5,0
LGS2ORD0016283,C011555,2025-05-09 23:00:00,Female,31,Silver,Web,Phuket,799,Shopee,PromptPay,23,5,4,0,30-40,26.633333333333333,2.0,1.0,0.5,8,14,9897.045,0.1,1.0,0.0,0.0,0.0,0,0,0.0,18408.8,1,1,1.0,18408.8,1,1,1.0,19794.09,2,1,0.5,0
LGS2ORD0016284,C011276,2025-05-09 23:00:00,Male,38,Bronze,TV,Songkhla,1245,Lazada,Bank_Transfer,23,5,4,0,30-40,41.5,2.0,1.0,0.5,-2,11,2608.38,0.28,1.0,0.5,0.0,0.0,0,0,0.0,3756.87,1,1,1.0,3756.87,1,1,1.0,5216.76,2,1,0.5,0
LGS2ORD0016285,C015411,2025-05-09 23:00:00,Female,36,Platinum,Shopee,Nakhon Ratchasima,1025,Lazada,COD,23,5,4,0,30-40,34.166666666666664,3.0,1.0,0.3333333333333333,11,15,4779.5633333333335,0.3,0.6666666666666666,0.3333333333333333,0.0,0.0,0,0,0.0,6330.51,2,1,0.5,14338.69,3,1,0.3333333333333333,14338.69,3,1,0.3333333333333333,1
LGS2ORD0016286,C010259,2025-05-09 23:00:00,Male,27,Bronze,Web,Phuket,234,TV_Show,COD,23,5,4,0,20-30,7.8,1.0,0.0,0.0,-1,29,4080.44,0.18,0.0,0.0,0.0,0.0,0,0,0.0,4080.44,1,0,0.0,4080.44,1,0,0.0,4080.44,1,0,0.0,0
LGS2ORD0016287,C013762,2025-05-09 23:00:00,Male,29,Silver,TV,Remote_Area,1506,Lazada,COD,23,5,4,0,20-30,50.2,3.0,1.0,0.3333333333333333,75,35,2959.1533333333336,0.15,0.3333333333333333,0.0,0.0,0.0,0,0,0.0,0.0,0,0,0.0,1888.03,2,1,0.5,8877.460000000001,3,1,0.3333333333333333,1
LGS2ORD0016288,C015333,2025-05-10 00:00:00,Male,58,Bronze,TV,Khon Kaen,988,TV_Show,Credit_Card,0,5,5,1,>50,32.93333333333333,4.0,2.0,0.5,-1,8,8112.8949999999995,0.28,0.75,0.5,0.0,0.0,0,0,0.0,1351.14,1,1,1.0,8385.23,3,2,0.6666666666666666,32451.579999999998,4,2,0.5,0
LGS2ORD0016289,C017120,2025-05-10 00:00:00,Female,42,Silver,Web,Bangkok,1442,Web,COD,0,5,5,1,40-50,48.06666666666667,0.0,0.0,0.0,-1,-1,0.0,0.0,0.0,0.0,0.0,0.0,0,0,0.0,0.0,0,0,0.0,0.0,0,0,0.0,0.0,0,0,0.0,0
LGS2ORD0016290,C014140,2025-05-10 00:00:00,Female,26,Bronze,TV,Remote_Area,1571,TV_Show,COD,0,5,5,1,20-30,52.36666666666667,0.0,0.0,0.0,-1,-1,0.0,0.0,0.0,0.0,0.0,0.0,0,0,0.0,0.0,0,0,0.0,0.0,0,0,0.0,0.0,0,0,0.0,1
LGS2ORD0016291,C010888,2025-05-10 00:00:00,Other,36,Bronze,TV,Bangkok,1172,Shopee,COD,0,5,5,1,30-40,39.06666666666667,2.0,1.0,0.5,8,16,6986.52,0.03,0.0,0.0,0.0,0.0,0,0,0.0,4918.02,1,1,1.0,13973.04,2,1,0.5,13973.04,2,1,0.5,1
LGS2ORD0016292,C010630,2025-05-10 00:00:00,Female,31,Silver,CallCenter,Bangkok,749,TV_Show,Credit_Card,0,5,5,1,30-40,24.966666666666665,0.0,0.0,0.0,-1,-1,0.0,0.0,0.0,0.0,0.0,0.0,0,0,0.0,0.0,0,0,0.0,0.0,0,0,0.0,0.0,0,0,0.0,0
LGS2ORD0016293,C017341,2025-05-10 01:00:00,Female,19,Gold,Lazada,Chonburi,522,Web,PromptPay,1,5,5,1,<20,17.4,1.0,0.0,0.0,-1,74,1679.0,0.08,1.0,0.0,0.0,0.0,0,0,0.0,0.0,0,0,0.0,1679.0,1,0,0.0,1679.0,1,0,0.0,0
LGS2ORD0016294,C015356,2025-05-10 01:00:00,Female,37,Bronze,Lazada,Phuket,1420,Shopee,COD,1,5,5,1,30-40,47.333333333333336,0.0,0.0,0.0,-1,-1,0.0,0.0,0.0,0.0,0.0,0.0,0,0,0.0,0.0,0,0,0.0,0.0,0,0,0.0,0.0,0,0,0.0,0
LGS2ORD0016295,C011726,2025-05-10 01:00:00,Male,32,Bronze,Shopee,Khon Kaen,312,Lazada,COD,1,5,5,1,30-40,10.4,2.0,1.0,0.5,4,20,1557.4850000000001,0.28,1.0,0.5,0.0,0.0,0,0,0.0,1392.51,1,1,1.0,3114.9700000000003,2,1,0.5,3114.9700000000003,2,1,0.5,0
LGS2ORD0016296,C011349,2025-05-10 01:00:00,Male,32,Bronze,TV,Bangkok,1344,CallCenter,COD,1,5,5,1,30-40,44.8,1.0,0.0,0.0,-1,73,1321.42,0.03,0.0,0.0,0.0,0.0,0,0,0.0,0.0,0,0,0.0,1321.42,1,0,0.0,1321.42,1,0,0.0,0
LGS2ORD0016297,C016555,2025-05-10 01:00:00,Female,62,Silver,Web,Chiang Mai,1207,Web,COD,1,5,5,1,>50,40.233333333333334,3.0,0.0,0.0,-1,102,7477.916666666667,0.3,0.3333333333333333,0.3333333333333333,0.0,0.0,0,0,0.0,0.0,0,0,0.0,0.0,0,0,0.0,22433.75,3,0,0.0,0
LGS2ORD0016298,C016360,2025-05-10 01:00:00,Female,38,Bronze,CallCenter,Bangkok,606,Shopee,COD,1,5,5,1,30-40,20.2,1.0,0.0,0.0,-1,58,732.32,0.18,0.0,0.0,0.0,0.0,0,0,0.0,0.0,0,0,0.0,732.32,1,0,0.0,732.32,1,0,0.0,0
LGS2ORD0016299,C014144,2025-05-10 02:00:00,Female,52,Bronze,Shopee,Bangkok,1169,TV_Show,PromptPay,2,5,5,1,>50,38.96666666666667,2.0,1.0,0.5,64,72,1246.01,0.28,0.5,0.5,0.0,0.0,0,0,0.0,0.0,0,0,0.0,610.64,1,1,1.0,2492.02,2,1,0.5,0
LGS2ORD0016300,C012876,2025-05-10 02:00:00,Other,36,Silver,CallCenter,Khon Kaen,354,Web,COD,2,5,5,1,30-40,11.8,2.0,0.0,0.0,-1,6,1062.14,0.2,0.0,0.0,0.0,785.32,1,0,0.0,785.32,1,0,0.0,2124.28,2,0,0.0,2124.28,2,0,0.0,1
LGS2ORD0016301,C017840,2025-05-10 02:00:00,Male,39,Bronze,Shopee,Chiang Mai,192,Web,COD,2,5,5,1,30-40,6.4,4.0,0.0,0.0,-1,57,6546.66,0.23,0.25,0.25,0.0,0.0,0,0,0.0,0.0,0,0,0.0,296.75,1,0,0.0,26186.64,4,0,0.0,1
LGS2ORD0016302,C017796,2025-05-10 02:00:00,Female,59,Silver,Web,Phuket,766,TV_Show,COD,2,5,5,1,>50,25.533333333333335,1.0,0.0,0.0,-1,78,8494.04,0.1,0.0,0.0,0.0,0.0,0,0,0.0,0.0,0,0,0.0,8494.04,1,0,0.0,8494.04,1,0,0.0,0
LGS2ORD0016303,C010385,2025-05-10 02:00:00,Male,48,Silver,CallCenter,Bangkok,396,TV_Show,COD,2,5,5,1,40-50,13.2,4.0,0.0,0.0,-1,13,7332.130000000001,0.1,0.25,0.0,0.0,0.0,0,0,0.0,1430.93,1,0,0.0,29328.520000000004,4,0,0.0,29328.520000000004,4,0,0.0,0
LGS2ORD0016304,C017732,2025-05-10 03:00:00,Male,49,Silver,Lazada,Bangkok,1456,Shopee,COD,3,5,5,1,40-50,48.53333333333333,5.0,2.0,0.4,48,55,3748.3839999999996,0.25,0.4,0.2,0.0,0.0,0,0,0.0,0.0,0,0,0.0,11217.470000000001,3,1,0.3333333333333333,18741.92,5,2,0.4,1
LGS2ORD0016305,C011892,2025-05-10 03:00:00,Female,38,Gold,Lazada,Bangkok,234,Web,COD,3,5,5,1,30-40,7.8,2.0,0.0,0.0,-1,27,1948.8450000000003,0.13,0.0,0.0,0.0,0.0,0,0,0.0,2257.26,1,0,0.0,2257.26,1,0,0.0,3897.6900000000005,2,0,0.0,0
LGS2ORD0016306,C016053,2025-05-10 03:00:00,Male,29,Gold,Shopee,Chonburi,613,CallCenter,PromptPay,3,5,5,1,20-30,20.433333333333334,6.0,2.0,0.3333333333333333,59,71,2861.7966666666666,0.28,0.6666666666666666,0.5,0.0,0.0,0,0,0.0,0.0,0,0,0.0,1563.0900000000001,2,1,0.5,17170.78,6,2,0.3333333333333333,0
LGS2ORD0016307,C014059,2025-05-10 03:00:00,Male,31,Silver,Web,Bangkok,325,Lazada,Credit_Card,3,5,5,1,30-40,10.833333333333334,2.0,1.0,0.5,18,25,11128.439999999999,0.25,1.0,0.5,0.0,0.0,0,0,0.0,17985.78,1,1,1.0,22256.879999999997,2,1,0.5,22256.879999999997,2,1,0.5,0
LGS2ORD0016308,C014540,2025-05-10 03:00:00,Female,47,Bronze,TV,Chiang Mai,261,Web,Credit_Card,3,5,5,1,40-50,8.7,5.0,1.0,0.2,103,3,3456.4139999999998,0.18,0.6,0.0,0.0,1786.71,1,0,0.0,1786.71,1,0,0.0,14389.71,3,0,0.0,17282.07,5,1,0.2,1
LGS2ORD0016309,C017881,2025-05-10 04:00:00,Female,48,Platinum,Web,Chiang Mai,1568,TV_Show,Bank_Transfer,4,5,5,1,40-50,52.266666666666666,4.0,1.0,0.25,-8,5,9089.4,0.3,0.75,0.75,0.0,2103.03,1,1,1.0,5387.1900000000005,2,1,0.5,36357.6,4,1,0.25,36357.6,4,1,0.25,1
LGS2ORD0016310,C011771,2025-05-10 04:00:00,Female,56,Gold,Lazada,Bangkok,1329,Lazada,PromptPay,4,5,5,1,>50,44.3,0.0,0.0,0.0,-1,-1,0.0,0.0,0.0,0.0,0.0,0.0,0,0,0.0,0.0,0,0,0.0,0.0,0,0,0.0,0.0,0,0,0.0,0
LGS2ORD0016311,C016555,2025-05-10 04:00:00,Female,62,Silver,Web,Chiang Mai,1207,TV_Show,COD,4,5,5,1,>50,40.233333333333334,4.0,0.0,0.0,-1,0,6055.2775,0.3,0.5,0.25,0.0,1787.36,1,0,0.0,1787.36,1,0,0.0,1787.36,1,0,0.0,24221.11,4,0,0.0,0
LGS2ORD0016312,C012240,2025-05-10 04:00:00,Female,39,Gold,Shopee,Bangkok,1574,Lazada,COD,4,5,5,1,30-40,52.46666666666667,0.0,0.0,0.0,-1,-1,0.0,0.0,0.0,0.0,0.0,0.0,0,0,0.0,0.0,0,0,0.0,0.0,0,0,0.0,0.0,0,0,0.0,1
LGS2ORD0016313,C017304,2025-05-10 04:00:00,Female,31,Silver,Shopee,Chiang Mai,397,Web,PromptPay,4,5,5,1,30-40,13.233333333333333,3.0,0.0,0.0,-1,44,4773.436666666667,0.25,0.3333333333333333,0.3333333333333333,0.3333333333333333,0.0,0,0,0.0,0.0,0,0,0.0,10735.09,2,0,0.0,14320.310000000001,3,0,0.0,1
LGS2ORD0016314,C017374,2025-05-10 05:00:00,Male,48,Bronze,Shopee,Chiang Mai,1425,CallCenter,COD,5,5,5,1,40-50,47.5,1.0,0.0,0.0,-1,80,1270.69,0.08,0.0,0.0,0.0,0.0,0,0,0.0,0.0,0,0,0.0,1270.69,1,0,0.0,1270.69,1,0,0.0,0
LGS2ORD0016315,C017652,2025-05-10 05:00:00,Female,29,Bronze,Shopee,Bangkok,1398,Lazada,PromptPay,5,5,5,1,20-30,46.6,0.0,0.0,0.0,-1,-1,0.0,0.0,0.0,0.0,0.0,0.0,0,0,0.0,0.0,0,0,0.0,0.0,0,0,0.0,0.0,0,0,0.0,0
LGS2ORD0016316,C016400,2025-05-10 05:00:00,Male,39,Silver,Lazada,Bangkok,631,Shopee,Credit_Card,5,5,5,1,30-40,21.033333333333335,1.0,0.0,0.0,-1,23,1599.04,0.15,1.0,0.0,0.0,0.0,0,0,0.0,1599.04,1,0,0.0,1599.04,1,0,0.0,1599.04,1,0,0.0,0
LGS2ORD0016317,C011560,2025-05-10 05:00:00,Female,52,Gold,TV,Nakhon Ratchasima,159,CallCenter,PromptPay,5,5,5,1,>50,5.3,3.0,1.0,0.3333333333333333,26,31,5469.506666666667,0.13,0.6666666666666666,0.0,0.0,0.0,0,0,0.0,0.0,0,0,0.0,16408.52,3,1,0.3333333333333333,16408.52,3,1,0.3333333333333333,0
LGS2ORD0016318,C012129,2025-05-10 05:00:00,Male,56,Silver,TV,Khon Kaen,1057,Shopee,COD,5,5,5,1,>50,35.233333333333334,3.0,0.0,0.0,-1,4,5976.296666666666,0.2,1.0,0.0,0.0,1917.49,1,0,0.0,1917.49,1,0,0.0,17928.89,3,0,0.0,17928.89,3,0,0.0,0
LGS2ORD0016319,C010456,2025-05-10 05:00:00,Female,33,Bronze,Lazada,Bangkok,1385,Shopee,COD,5,5,5,1,30-40,46.166666666666664,4.0,1.0,0.25,92,51,6445.085,0.18,0.25,0.0,0.0,0.0,0,0,0.0,0.0,0,0,0.0,22144.129999999997,2,0,0.0,25780.34,4,1,0.25,1
LGS2ORD0016320,C013587,2025-05-10 06:00:00,Female,29,Silver,Lazada,Khon Kaen,639,Web,Credit_Card,6,5,5,1,20-30,21.3,2.0,0.0,0.0,-1,12,1959.315,0.25,0.0,0.5,0.0,0.0,0,0,0.0,2818.0,1,0,0.0,3918.63,2,0,0.0,3918.63,2,0,0.0,0
LGS2ORD0016321,C016380,2025-05-10 06:00:00,Female,60,Bronze,Web,Khon Kaen,659,TV_Show,COD,6,5,5,1,>50,21.966666666666665,3.0,2.0,0.6666666666666666,-8,6,7075.996666666666,0.23,0.0,0.3333333333333333,0.0,6070.07,1,1,1.0,6070.07,1,1,1.0,6895.099999999999,2,1,0.5,21227.989999999998,3,2,0.6666666666666666,0
LGS2ORD0016322,C011578,2025-05-10 06:00:00,Male,49,Bronze,Lazada,Chiang Mai,1175,Shopee,Bank_Transfer,6,5,5,1,40-50,39.166666666666664,2.0,0.0,0.0,-1,31,18748.925,0.18,1.0,0.0,0.0,0.0,0,0,0.0,0.0,0,0,0.0,37497.85,2,0,0.0,37497.85,2,0,0.0,1
LGS2ORD0016323,C014444,2025-05-10 06:00:00,Male,39,Bronze,Shopee,Chonburi,1126,Shopee,Bank_Transfer,6,5,5,1,30-40,37.53333333333333,4.0,1.0,0.25,-9,2,4509.4825,0.18,0.25,0.0,0.0,4088.46,1,1,1.0,6146.85,2,1,0.5,8224.67,3,1,0.3333333333333333,18037.93,4,1,0.25,0
LGS2ORD0016324,C013358,2025-05-10 06:00:00,Female,71,Bronze,TV,Bangkok,309,CallCenter,COD,6,5,5,1,>50,10.3,3.0,0.0,0.0,-1,45,3492.51,0.08,0.6666666666666666,0.0,0.0,0.0,0,0,0.0,0.0,0,0,0.0,2655.35,1,0,0.0,10477.53,3,0,0.0,0
LGS2ORD0016325,C010042,2025-05-10 07:00:00,Female,60,Silver,Lazada,Khon Kaen,771,CallCenter,Credit_Card,7,5,5,1,>50,25.7,1.0,0.0,0.0,-1,75,2129.05,0.05,1.0,0.0,0.0,0.0,0,0,0.0,0.0,0,0,0.0,2129.05,1,0,0.0,2129.05,1,0,0.0,1
LGS2ORD0016326,C010270,2025-05-10 07:00:00,Male,58,Bronze,Web,Khon Kaen,889,CallCenter,Bank_Transfer,7,5,5,1,>50,29.633333333333333,1.0,1.0,1.0,101,112,487.14,0.28,0.0,1.0,0.0,0.0,0,0,0.0,0.0,0,0,0.0,0.0,0,0,0.0,487.14,1,1,1.0,0
LGS2ORD0016327,C010917,2025-05-10 07:00:00,Male,55,Silver,Shopee,Chonburi,1571,TV_Show,Credit_Card,7,5,5,1,>50,52.36666666666667,2.0,0.0,0.0,-1,55,2344.15,0.3,0.5,0.5,0.0,0.0,0,0,0.0,0.0,0,0,0.0,133.01,1,0,0.0,4688.3,2,0,0.0,0
LGS2ORD0016328,C017331,2025-05-10 07:00:00,Female,50,Gold,TV,Chiang Mai,501,TV_Show,Credit_Card,7,5,5,1,40-50,16.7,2.0,0.0,0.0,-1,38,8438.075,0.2299999999999999,1.0,0.5,0.0,0.0,0,0,0.0,0.0,0,0,0.0,8241.56,1,0,0.0,16876.15,2,0,0.0,0
LGS2ORD0016329,C010923,2025-05-10 07:00:00,Female,44,Platinum,Lazada,Bangkok,1402,Shopee,PromptPay,7,5,5,1,40-50,46.733333333333334,0.0,0.0,0.0,-1,-1,0.0,0.0,0.0,0.0,0.0,0.0,0,0,0.0,0.0,0,0,0.0,0.0,0,0,0.0,0.0,0,0,0.0,0
LGS2ORD0016330,C016355,2025-05-10 08:00:00,Male,44,Bronze,Lazada,Bangkok,304,Lazada,PromptPay,8,5,5,1,40-50,10.133333333333333,3.0,1.0,0.3333333333333333,59,64,3271.6666666666665,0.23,0.6666666666666666,0.3333333333333333,0.0,0.0,0,0,0.0,0.0,0,0,0.0,6273.860000000001,2,1,0.5,9815.0,3,1,0.3333333333333333,0
LGS2ORD0016331,C017369,2025-05-10 08:00:00,Female,51,Silver,Web,Bangkok,1519,Shopee,COD,8,5,5,1,>50,50.63333333333333,1.0,1.0,1.0,9,16,8371.86,0.2,1.0,0.0,0.0,0.0,0,0,0.0,8371.86,1,1,1.0,8371.86,1,1,1.0,8371.86,1,1,1.0,0
LGS2ORD0016332,C014419,2025-05-10 08:00:00,Female,35,Silver,Web,Bangkok,672,Web,COD,8,5,5,1,30-40,22.4,3.0,2.0,0.6666666666666666,18,1,7560.833333333333,0.2,0.3333333333333333,0.0,0.0,9886.36,1,0,0.0,9886.36,1,0,0.0,22682.5,3,2,0.6666666666666666,22682.5,3,2,0.6666666666666666,0
LGS2ORD0016333,C014122,2025-05-10 08:00:00,Female,32,Bronze,Shopee,Bangkok,1125,Shopee,PromptPay,8,5,5,1,30-40,37.5,2.0,0.0,0.0,-1,22,16735.93,0.13,0.5,0.0,0.0,0.0,0,0,0.0,33471.86,2,0,0.0,33471.86,2,0,0.0,33471.86,2,0,0.0,0
LGS2ORD0016334,C017200,2025-05-10 08:00:00,Male,62,Silver,Web,Chonburi,1503,Shopee,PromptPay,8,5,5,1,>50,50.1,0.0,0.0,0.0,-1,-1,0.0,0.0,0.0,0.0,0.0,0.0,0,0,0.0,0.0,0,0,0.0,0.0,0,0,0.0,0.0,0,0,0.0,0
LGS2ORD0016335,C016483,2025-05-10 09:00:00,Other,59,Bronze,Shopee,Phuket,195,Lazada,COD,9,5,5,1,>50,6.5,4.0,1.0,0.25,58,27,5695.5599999999995,0.23,0.75,0.25,0.0,0.0,0,0,0.0,12268.46,1,0,0.0,14304.23,2,1,0.5,22782.239999999998,4,1,0.25,1
LGS2ORD0016336,C016444,2025-05-10 09:00:00,Female,21,Platinum,TV,Bangkok,308,Web,COD,9,5,5,1,20-30,10.266666666666667,1.0,0.0,0.0,-1,100,1849.11,0.1,1.0,0.0,0.0,0.0,0,0,0.0,0.0,0,0,0.0,0.0,0,0,0.0,1849.11,1,0,0.0,0
LGS2ORD0016337,C013414,2025-05-10 09:00:00,Male,39,Silver,Lazada,Nakhon Ratchasima,455,Web,Credit_Card,9,5,5,1,30-40,15.166666666666666,5.0,0.0,0.0,-1,12,2780.6279999999997,0.25,0.2,0.2,0.0,0.0,0,0,0.0,1585.52,1,0,0.0,5454.49,3,0,0.0,13903.14,5,0,0.0,0
LGS2ORD0016338,C011702,2025-05-10 09:00:00,Female,54,Gold,Web,Phuket,187,Shopee,COD,9,5,5,1,>50,6.233333333333333,1.0,0.0,0.0,-1,74,1815.43,0.13,0.0,0.0,0.0,0.0,0,0,0.0,0.0,0,0,0.0,1815.43,1,0,0.0,1815.43,1,0,0.0,0
LGS2ORD0016339,C011058,2025-05-10 09:00:00,Male,32,Bronze,Web,Phuket,524,TV_Show,COD,9,5,5,1,30-40,17.466666666666665,2.0,0.0,0.0,-1,58,17929.29,0.23,0.0,0.5,0.0,0.0,0,0,0.0,0.0,0,0,0.0,35858.58,2,0,0.0,35858.58,2,0,0.0,1
LGS2ORD0016340,C011692,2025-05-10 09:00:00,Male,40,Bronze,Shopee,Remote_Area,931,Web,COD,9,5,5,1,30-40,31.033333333333335,1.0,1.0,1.0,108,124,10129.15,0.23,1.0,1.0,0.0,0.0,0,0,0.0,0.0,0,0,0.0,0.0,0,0,0.0,10129.15,1,1,1.0,1
LGS2ORD0016341,C016852,2025-05-10 10:00:00,Male,19,Silver,TV,Nakhon Ratchasima,657,TV_Show,Credit_Card,10,5,5,1,<20,21.9,1.0,0.0,0.0,-1,82,2351.37,0.05,0.0,0.0,0.0,0.0,0,0,0.0,0.0,0,0,0.0,2351.37,1,0,0.0,2351.37,1,0,0.0,0
LGS2ORD0016342,C011372,2025-05-10 10:00:00,Male,72,Bronze,TV,Chiang Mai,204,TV_Show,COD,10,5,5,1,>50,6.8,3.0,1.0,0.3333333333333333,100,30,2873.6333333333337,0.28,0.3333333333333333,0.6666666666666666,0.0,0.0,0,0,0.0,0.0,0,0,0.0,5639.02,2,0,0.0,8620.900000000001,3,1,0.3333333333333333,0
LGS2ORD0016343,C016922,2025-05-10 10:00:00,Male,47,Gold,Shopee,Bangkok,314,Shopee,Bank_Transfer,10,5,5,1,40-50,10.466666666666667,2.0,1.0,0.5,0,12,6110.23,0.28,0.5,1.0,0.0,0.0,0,0,0.0,5875.05,1,1,1.0,12220.46,2,1,0.5,12220.46,2,1,0.5,0
LGS2ORD0016344,C010253,2025-05-10 10:00:00,Male,52,Bronze,Web,Bangkok,1530,Web,COD,10,5,5,1,>50,51.0,4.0,0.0,0.0,-1,107,3249.3575000000005,0.23,0.75,0.5,0.0,0.0,0,0,0.0,0.0,0,0,0.0,0.0,0,0,0.0,12997.430000000002,4,0,0.0,0
LGS2ORD0016345,C017870,2025-05-10 10:00:00,Male,43,Bronze,TV,Chiang Mai,749,Web,COD,10,5,5,1,40-50,24.966666666666665,4.0,0.0,0.0,-1,22,6214.304999999999,0.28,0.25,0.25,0.0,0.0,0,0,0.0,367.12,1,0,0.0,11873.980000000001,2,0,0.0,24857.219999999998,4,0,0.0,0
LGS2ORD0016346,C011535,2025-05-10 11:00:00,Female,65,Bronze,Shopee,Chonburi,385,TV_Show,PromptPay,11,5,5,1,>50,12.833333333333334,0.0,0.0,0.0,-1,-1,0.0,0.0,0.0,0.0,0.0,0.0,0,0,0.0,0.0,0,0,0.0,0.0,0,0,0.0,0.0,0,0,0.0,0
LGS2ORD0016347,C012490,2025-05-10 11:00:00,Female,52,Bronze,TV,Remote_Area,159,Web,PromptPay,11,5,5,1,>50,5.3,5.0,1.0,0.2,13,4,2657.046,0.23,0.4,0.4,0.0,5062.3,2,0,0.0,5950.97,3,1,0.3333333333333333,5950.97,3,1,0.3333333333333333,13285.23,5,1,0.2,0
LGS2ORD0016348,C010912,2025-05-10 11:00:00,Male,40,Silver,Lazada,Khon Kaen,736,Web,COD,11,5,5,1,30-40,24.533333333333335,3.0,1.0,0.3333333333333333,32,37,16473.21,0.2,0.0,0.0,0.0,0.0,0,0,0.0,0.0,0,0,0.0,49419.63,3,1,0.3333333333333333,49419.63,3,1,0.3333333333333333,0
LGS2ORD0016349,C014564,2025-05-10 11:00:00,Male,33,Silver,TV,Bangkok,1118,Web,COD,11,5,5,1,30-40,37.266666666666666,2.0,0.0,0.0,-1,25,2331.53,0.3,1.0,0.5,0.0,0.0,0,0,0.0,1525.41,1,0,0.0,1525.41,1,0,0.0,4663.06,2,0,0.0,1
LGS2ORD0016350,C015846,2025-05-10 11:00:00,Male,42,Bronze,TV,Songkhla,1556,TV_Show,Bank_Transfer,11,5,5,1,40-50,51.86666666666667,1.0,1.0,1.0,66,70,1247.2,0.08,0.0,0.0,0.0,0.0,0,0,0.0,0.0,0,0,0.0,1247.2,1,1,1.0,1247.2,1,1,1.0,1
LGS2ORD0016351,C017067,2025-05-10 12:00:00,Female,27,Silver,Shopee,Remote_Area,1532,Lazada,Bank_Transfer,12,5,5,1,20-30,51.06666666666667,5.0,1.0,0.2,64,3,3837.068,0.3,0.4,0.4,0.0,2834.04,1,0,0.0,2834.04,1,0,0.0,16940.88,4,1,0.25,19185.34,5,1,0.2,0
LGS2ORD0016352,C017522,2025-05-10 12:00:00,Female,40,Silver,TV,Bangkok,1301,TV_Show,COD,12,5,5,1,30-40,43.36666666666667,2.0,0.0,0.0,-1,38,6092.17,0.1,0.5,0.0,0.0,0.0,0,0,0.0,0.0,0,0,0.0,12184.34,2,0,0.0,12184.34,2,0,0.0,1
LGS2ORD0016353,C014806,2025-05-10 12:00:00,Female,65,Gold,Shopee,Chiang Mai,556,CallCenter,COD,12,5,5,1,>50,18.533333333333335,5.0,1.0,0.2,44,52,5180.614,0.33,0.4,0.4,0.0,0.0,0,0,0.0,0.0,0,0,0.0,18500.61,3,1,0.3333333333333333,25903.069999999996,5,1,0.2,0
LGS2ORD0016354,C015085,2025-05-10 12:00:00,Female,39,Bronze,Shopee,Remote_Area,1211,TV_Show,COD,12,5,5,1,30-40,40.36666666666667,2.0,1.0,0.5,0,14,5447.07,0.18,0.0,0.0,0.0,0.0,0,0,0.0,5871.32,1,1,1.0,10894.14,2,1,0.5,10894.14,2,1,0.5,0
LGS2ORD0016355,C011377,2025-05-10 12:00:00,Female,21,Bronze,TV,Phuket,510,Shopee,COD,12,5,5,1,20-30,17.0,3.0,2.0,0.6666666666666666,-11,2,7007.71,0.23,1.0,0.3333333333333333,0.0,7487.43,1,1,1.0,21023.13,3,2,0.6666666666666666,21023.13,3,2,0.6666666666666666,21023.13,3,2,0.6666666666666666,0
LGS2ORD0016356,C011417,2025-05-10 12:00:00,Female,32,Silver,Lazada,Nakhon Ratchasima,877,Shopee,Bank_Transfer,12,5,5,1,30-40,29.233333333333334,1.0,0.0,0.0,-1,115,4993.56,0.1,1.0,0.0,0.0,0.0,0,0,0.0,0.0,0,0,0.0,0.0,0,0,0.0,4993.56,1,0,0.0,0
LGS2ORD0016357,C011559,2025-05-10 13:00:00,Female,24,Bronze,Shopee,Phuket,1285,Lazada,Bank_Transfer,13,5,5,1,20-30,42.833333333333336,2.0,0.0,0.0,-1,74,3031.685,0.08,0.0,0.0,0.0,0.0,0,0,0.0,0.0,0,0,0.0,6063.37,2,0,0.0,6063.37,2,0,0.0,0
LGS2ORD0016358,C017796,2025-05-10 13:00:00,Female,59,Silver,Web,Phuket,766,Lazada,COD,13,5,5,1,>50,25.533333333333335,2.0,0.0,0.0,-1,0,11888.830000000002,0.1,0.5,0.0,0.0,15283.62,1,0,0.0,15283.62,1,0,0.0,23777.660000000003,2,0,0.0,23777.660000000003,2,0,0.0,1
LGS2ORD0016359,C010552,2025-05-10 13:00:00,Male,36,Silver,Shopee,Chonburi,1568,Web,Bank_Transfer,13,5,5,1,30-40,52.266666666666666,2.0,1.0,0.5,107,105,8440.345,0.2,0.5,0.0,0.0,0.0,0,0,0.0,0.0,0,0,0.0,0.0,0,0,0.0,16880.69,2,1,0.5,0
LGS2ORD0016360,C012300,2025-05-10 13:00:00,Male,19,Gold,Web,Bangkok,721,TV_Show,COD,13,5,5,1,<20,24.033333333333335,1.0,1.0,1.0,45,58,13632.51,0.13,1.0,0.0,0.0,0.0,0,0,0.0,0.0,0,0,0.0,13632.51,1,1,1.0,13632.51,1,1,1.0,0
LGS2ORD0016361,C010978,2025-05-10 13:00:00,Male,29,Bronze,CallCenter,Nakhon Ratchasima,317,Lazada,Credit_Card,13,5,5,1,20-30,10.566666666666666,4.0,2.0,0.5,-6,7,2202.005,0.28,0.5,0.5,0.0,0.0,0,0,0.0,4226.88,2,1,0.5,8808.02,4,2,0.5,8808.02,4,2,0.5,0
LGS2ORD0016362,C014164,2025-05-10 14:00:00,Female,40,Silver,Shopee,Songkhla,592,Web,Credit_Card,14,5,5,1,30-40,19.733333333333334,3.0,0.0,0.0,-1,77,1977.5633333333333,0.3,0.6666666666666666,0.3333333333333333,0.0,0.0,0,0,0.0,0.0,0,0,0.0,1927.29,1,0,0.0,5932.69,3,0,0.0,0
LGS2ORD0016363,C015556,2025-05-10 14:00:00,Female,47,Silver,Lazada,Nakhon Ratchasima,1212,Lazada,COD,14,5,5,1,40-50,40.4,3.0,1.0,0.3333333333333333,87,28,3214.213333333333,0.2,0.6666666666666666,0.0,0.0,0.0,0,0,0.0,3911.95,1,0,0.0,3911.95,1,0,0.0,9642.64,3,1,0.3333333333333333,1
LGS2ORD0016364,C013900,2025-05-10 14:00:00,Female,39,Bronze,Shopee,Khon Kaen,658,TV_Show,Bank_Transfer,14,5,5,1,30-40,21.933333333333334,3.0,0.0,0.0,-1,11,4290.543333333333,0.08,0.3333333333333333,0.0,0.0,0.0,0,0,0.0,10321.22,1,0,0.0,12871.63,3,0,0.0,12871.63,3,0,0.0,1
LGS2ORD0016365,C010403,2025-05-10 14:00:00,Male,55,Bronze,Shopee,Bangkok,1035,Web,COD,14,5,5,1,>50,34.5,2.0,1.0,0.5,80,44,1834.325,0.18,1.0,0.0,0.0,0.0,0,0,0.0,0.0,0,0,0.0,1219.13,1,0,0.0,3668.65,2,1,0.5,0
LGS2ORD0016366,C016862,2025-05-10 14:00:00,Female,54,Bronze,CallCenter,Remote_Area,249,Shopee,PromptPay,14,5,5,1,>50,8.3,1.0,1.0,1.0,0,8,4294.27,0.28,1.0,1.0,0.0,0.0,0,0,0.0,4294.27,1,1,1.0,4294.27,1,1,1.0,4294.27,1,1,1.0,0
LGS2ORD0016367,C017512,2025-05-10 15:00:00,Male,37,Gold,TV,Khon Kaen,310,Web,COD,15,5,5,1,30-40,10.333333333333334,2.0,0.0,0.0,-1,37,1875.7,0.28,0.5,0.5,0.0,0.0,0,0,0.0,0.0,0,0,0.0,3751.4,2,0,0.0,3751.4,2,0,0.0,0
LGS2ORD0016368,C010997,2025-05-10 15:00:00,Male,18,Bronze,Lazada,Nakhon Ratchasima,189,CallCenter,COD,15,5,5,1,<20,6.3,3.0,0.0,0.0,-1,17,3744.5033333333336,0.28,0.6666666666666666,0.6666666666666666,0.0,0.0,0,0,0.0,6790.79,2,0,0.0,11233.51,3,0,0.0,11233.51,3,0,0.0,1
LGS2ORD0016369,C011000,2025-05-10 15:00:00,Female,31,Bronze,Shopee,Bangkok,349,Web,COD,15,5,5,1,30-40,11.633333333333333,8.0,3.0,0.375,28,23,6736.963750000001,0.28,0.5,0.375,0.0,0.0,0,0,0.0,21342.59,2,0,0.0,30741.01,5,2,0.4,53895.71000000001,8,3,0.375,0
LGS2ORD0016370,C014604,2025-05-10 15:00:00,Female,34,Bronze,TV,Remote_Area,452,Web,PromptPay,15,5,5,1,30-40,15.066666666666666,2.0,1.0,0.5,16,27,2983.6400000000003,0.23,0.5,0.5,0.0,0.0,0,0,0.0,4229.56,1,1,1.0,5967.280000000001,2,1,0.5,5967.280000000001,2,1,0.5,1
LGS2ORD0016371,C014604,2025-05-10 15:00:00,Female,34,Bronze,TV,Remote_Area,452,Web,COD,15,5,5,1,30-40,15.066666666666666,2.0,1.0,0.5,16,27,2983.6400000000003,0.23,0.5,0.5,0.0,0.0,0,0,0.0,4229.56,1,1,1.0,5967.280000000001,2,1,0.5,5967.280000000001,2,1,0.5,0
LGS2ORD0016372,C016873,2025-05-10 16:00:00,Male,40,Bronze,TV,Chiang Mai,229,Shopee,Credit_Card,16,5,5,1,30-40,7.633333333333334,4.0,2.0,0.5,88,35,5668.8175,0.28,0.75,0.25,0.0,0.0,0,0,0.0,0.0,0,0,0.0,17825.47,1,0,0.0,22675.27,4,2,0.5,1
LGS2ORD0016373,C013953,2025-05-10 16:00:00,Female,36,Gold,Web,Chiang Mai,765,Lazada,COD,16,5,5,1,30-40,25.5,3.0,1.0,0.3333333333333333,-3,1,5338.483333333334,0.28,0.3333333333333333,0.3333333333333333,0.0,11979.99,1,1,1.0,11979.99,1,1,1.0,12568.65,2,1,0.5,16015.45,3,1,0.3333333333333333,0
LGS2ORD0016374,C016112,2025-05-10 16:00:00,Male,37,Silver,TV,Bangkok,1053,CallCenter,Credit_Card,16,5,5,1,30-40,35.1,2.0,0.0,0.0,-1,35,6492.155,0.3,0.0,0.5,0.0,0.0,0,0,0.0,0.0,0,0,0.0,12984.31,2,0,0.0,12984.31,2,0,0.0,0
LGS2ORD0016375,C016836,2025-05-10 16:00:00,Male,21,Silver,Web,Khon Kaen,216,Lazada,PromptPay,16,5,5,1,20-30,7.2,2.0,1.0,0.5,76,88,962.245,0.25,1.0,1.0,0.0,0.0,0,0,0.0,0.0,0,0,0.0,427.29,1,1,1.0,1924.49,2,1,0.5,0
LGS2ORD0016376,C012696,2025-05-10 16:00:00,Male,46,Bronze,Web,Remote_Area,781,Web,Bank_Transfer,16,5,5,1,40-50,26.033333333333335,2.0,0.0,0.0,-1,33,1331.545,0.03,0.0,0.0,0.0,0.0,0,0,0.0,0.0,0,0,0.0,2663.09,2,0,0.0,2663.09,2,0,0.0,0
LGS2ORD0016377,C010819,2025-05-10 16:00:00,Female,30,Silver,Shopee,Bangkok,1122,Shopee,Bank_Transfer,16,5,5,1,20-30,37.4,6.0,3.0,0.5,15,23,3652.1249999999995,0.25,0.5,0.5,0.0,0.0,0,0,0.0,4575.8,1,1,1.0,13798.689999999999,4,2,0.5,21912.749999999996,6,3,0.5,0
LGS2ORD0016378,C016624,2025-05-10 17:00:00,Female,32,Gold,TV,Remote_Area,498,TV_Show,COD,17,5,5,1,30-40,16.6,2.0,2.0,1.0,32,43,6920.295,0.33,0.5,1.0,0.0,0.0,0,0,0.0,0.0,0,0,0.0,13840.59,2,2,1.0,13840.59,2,2,1.0,1
LGS2ORD0016379,C011551,2025-05-10 17:00:00,Male,37,Bronze,Shopee,Phuket,1476,Lazada,Credit_Card,17,5,5,1,30-40,49.2,2.0,0.0,0.0,-1,21,1784.425,0.28,0.5,0.5,0.0,0.0,0,0,0.0,1750.3,1,0,0.0,3568.85,2,0,0.0,3568.85,2,0,0.0,0
LGS2ORD0016380,C017272,2025-05-10 17:00:00,Male,42,Silver,TV,Songkhla,1180,Lazada,COD,17,5,5,1,40-50,39.333333333333336,1.0,1.0,1.0,105,112,3193.02,0.3,0.0,1.0,0.0,0.0,0,0,0.0,0.0,0,0,0.0,0.0,0,0,0.0,3193.02,1,1,1.0,1
LGS2ORD0016381,C011167,2025-05-10 17:00:00,Female,42,Silver,Web,Chiang Mai,1085,Lazada,COD,17,5,5,1,40-50,36.166666666666664,4.0,2.0,0.5,29,43,1590.64,0.25,1.0,0.5,0.0,0.0,0,0,0.0,0.0,0,0,0.0,3775.87,2,1,0.5,6362.56,4,2,0.5,0
LGS2ORD0016382,C015249,2025-05-10 17:00:00,Male,61,Silver,Lazada,Khon Kaen,1391,Web,PromptPay,17,5,5,1,>50,46.36666666666667,5.0,1.0,0.2,9,4,1968.44,0.3,0.4,0.4,0.0,4373.69,1,0,0.0,8399.91,4,1,0.25,9842.2,5,1,0.2,9842.2,5,1,0.2,0
LGS2ORD0016383,C011780,2025-05-10 18:00:00,Male,38,Silver,TV,Phuket,1511,Web,Credit_Card,18,5,5,1,30-40,50.36666666666667,3.0,1.0,0.3333333333333333,-6,2,3818.1,0.25,0.6666666666666666,0.3333333333333333,0.0,7853.06,1,1,1.0,7853.06,1,1,1.0,11454.3,3,1,0.3333333333333333,11454.3,3,1,0.3333333333333333,1
LGS2ORD0016384,C013295,2025-05-10 18:00:00,Female,62,Silver,CallCenter,Bangkok,724,Shopee,Bank_Transfer,18,5,5,1,>50,24.133333333333333,3.0,0.0,0.0,-1,17,5908.626666666667,0.3,0.0,0.6666666666666666,0.0,0.0,0,0,0.0,6447.66,1,0,0.0,6447.66,1,0,0.0,17725.88,3,0,0.0,1
LGS2ORD0016385,C016211,2025-05-10 18:00:00,Female,43,Bronze,Web,Bangkok,790,Web,COD,18,5,5,1,40-50,26.333333333333332,4.0,0.0,0.0,-1,3,5404.825,0.18,0.75,0.0,0.0,1621.8,1,0,0.0,1621.8,1,0,0.0,5937.03,3,0,0.0,21619.3,4,0,0.0,0
LGS2ORD0016386,C011941,2025-05-10 18:00:00,Female,37,Platinum,TV,Bangkok,448,Shopee,Credit_Card,18,5,5,1,30-40,14.933333333333334,1.0,0.0,0.0,-1,59,7070.37,0.2,1.0,0.0,0.0,0.0,0,0,0.0,0.0,0,0,0.0,7070.37,1,0,0.0,7070.37,1,0,0.0,0
LGS2ORD0016387,C010960,2025-05-10 18:00:00,Female,51,Bronze,TV,Chonburi,440,Web,Credit_Card,18,5,5,1,>50,14.666666666666666,2.0,0.0,0.0,-1,16,2671.25,0.18,0.5,0.0,0.0,0.0,0,0,0.0,1167.7,1,0,0.0,5342.5,2,0,0.0,5342.5,2,0,0.0,0
LGS2ORD0016388,C013753,2025-05-10 19:00:00,Male,40,Platinum,Web,Khon Kaen,1571,Web,PromptPay,19,5,5,1,30-40,52.36666666666667,2.0,0.0,0.0,-1,6,16860.66,0.1,0.5,0.0,0.0,30133.19,1,0,0.0,30133.19,1,0,0.0,30133.19,1,0,0.0,33721.32,2,0,0.0,0
LGS2ORD0016389,C010399,2025-05-10 19:00:00,Male,46,Platinum,Shopee,Chonburi,533,Shopee,Credit_Card,19,5,5,1,40-50,17.766666666666666,4.0,0.0,0.0,-1,78,4081.3,0.25,0.25,0.5,0.0,0.0,0,0,0.0,0.0,0,0,0.0,13077.92,2,0,0.0,16325.2,4,0,0.0,0
LGS2ORD0016390,C014238,2025-05-10 19:00:00,Female,66,Silver,TV,Khon Kaen,1152,TV_Show,COD,19,5,5,1,>50,38.4,2.0,1.0,0.5,23,33,8798.435,0.25,0.5,0.5,0.0,0.0,0,0,0.0,0.0,0,0,0.0,8152.69,1,1,1.0,17596.87,2,1,0.5,1
LGS2ORD0016391,C010278,2025-05-10 19:00:00,Male,36,Bronze,TV,Khon Kaen,1257,CallCenter,Bank_Transfer,19,5,5,1,30-40,41.9,1.0,0.0,0.0,-1,88,2174.79,0.18,0.0,0.0,0.0,0.0,0,0,0.0,0.0,0,0,0.0,2174.79,1,0,0.0,2174.79,1,0,0.0,0
LGS2ORD0016392,C013517,2025-05-10 19:00:00,Female,36,Silver,TV,Bangkok,484,Shopee,Credit_Card,19,5,5,1,30-40,16.133333333333333,2.0,0.0,0.0,-1,46,3795.3,0.2,1.0,0.0,0.0,0.0,0,0,0.0,0.0,0,0,0.0,7590.6,2,0,0.0,7590.6,2,0,0.0,0
LGS2ORD0016393,C012177,2025-05-10 20:00:00,Female,34,Bronze,Web,Nakhon Ratchasima,1166,Shopee,COD,20,5,5,1,30-40,38.86666666666667,1.0,1.0,1.0,15,29,1313.81,0.23,1.0,1.0,0.0,0.0,0,0,0.0,1313.81,1,1,1.0,1313.81,1,1,1.0,1313.81,1,1,1.0,0
LGS2ORD0016394,C012878,2025-05-10 20:00:00,Female,63,Bronze,TV,Chonburi,543,Shopee,Credit_Card,20,5,5,1,>50,18.1,6.0,2.0,0.3333333333333333,36,4,3807.313333333333,0.23,0.8333333333333334,0.16666666666666666,0.0,3814.58,1,0,0.0,3814.58,1,0,0.0,22843.879999999997,6,2,0.3333333333333333,22843.879999999997,6,2,0.3333333333333333,0
LGS2ORD0016395,C016759,2025-05-10 20:00:00,Female,38,Silver,Shopee,Chonburi,1238,TV_Show,Credit_Card,20,5,5,1,30-40,41.266666666666666,5.0,3.0,0.6,-3,4,4763.526,0.3,0.4,0.2,0.0,9193.56,1,1,1.0,14226.41,2,1,0.5,18089.3,3,2,0.6666666666666666,23817.629999999997,5,3,0.6,0
LGS2ORD0016396,C013780,2025-05-10 20:00:00,Other,20,Bronze,Web,Nakhon Ratchasima,742,TV_Show,COD,20,5,5,1,<20,24.733333333333334,2.0,0.0,0.0,-1,46,3032.87,0.28,0.5,0.5,0.0,0.0,0,0,0.0,0.0,0,0,0.0,6065.74,2,0,0.0,6065.74,2,0,0.0,0
LGS2ORD0016397,C010660,2025-05-10 20:00:00,Male,20,Bronze,Shopee,Chiang Mai,1481,CallCenter,Bank_Transfer,20,5,5,1,<20,49.36666666666667,6.0,3.0,0.5,-3,8,3612.728333333334,0.23,0.16666666666666666,0.5,0.0,0.0,0,0,0.0,4472.18,2,1,0.5,20000.38,5,3,0.6,21676.370000000003,6,3,0.5,0
LGS2ORD0016398,C015476,2025-05-10 20:00:00,Male,50,Silver,TV,Khon Kaen,1049,TV_Show,Credit_Card,20,5,5,1,40-50,34.96666666666667,2.0,1.0,0.5,-5,3,4526.83,0.3,1.0,1.0,0.0,846.0,1,1,1.0,846.0,1,1,1.0,9053.66,2,1,0.5,9053.66,2,1,0.5,0
LGS2ORD0016399,C015830,2025-05-10 21:00:00,Male,38,Silver,TV,Chonburi,1507,Web,COD,21,5,5,1,30-40,50.233333333333334,2.0,0.0,0.0,-1,33,3818.085,0.3,0.5,0.5,0.0,0.0,0,0,0.0,0.0,0,0,0.0,7636.17,2,0,0.0,7636.17,2,0,0.0,1
LGS2ORD0016400,C010042,2025-05-10 21:00:00,Female,60,Silver,Lazada,Khon Kaen,771,TV_Show,Bank_Transfer,21,5,5,1,>50,25.7,2.0,1.0,0.5,-14,0,2663.77,0.2,0.5,0.0,0.0,3198.49,1,1,1.0,3198.49,1,1,1.0,5327.54,2,1,0.5,5327.54,2,1,0.5,0
LGS2ORD0016401,C013442,2025-05-10 21:00:00,Male,39,Gold,Web,Songkhla,1184,CallCenter,Bank_Transfer,21,5,5,1,30-40,39.46666666666667,2.0,0.0,0.0,-1,93,2212.87,0.13,1.0,0.0,0.0,0.0,0,0,0.0,0.0,0,0,0.0,0.0,0,0,0.0,4425.74,2,0,0.0,0
LGS2ORD0016402,C010559,2025-05-10 21:00:00,Male,18,Silver,Web,Bangkok,683,Web,PromptPay,21,5,5,1,<20,22.766666666666666,3.0,0.0,0.0,-1,24,9176.383333333333,0.15,0.3333333333333333,0.0,0.0,0.0,0,0,0.0,4018.08,1,0,0.0,27529.15,3,0,0.0,27529.15,3,0,0.0,0
LGS2ORD0016403,C012721,2025-05-10 21:00:00,Male,45,Bronze,Shopee,Songkhla,302,TV_Show,Credit_Card,21,5,5,1,40-50,10.066666666666666,2.0,1.0,0.5,23,33,1654.52,0.08,1.0,0.0,0.0,0.0,0,0,0.0,0.0,0,0,0.0,3309.04,2,1,0.5,3309.04,2,1,0.5,1
LGS2ORD0016404,C012480,2025-05-10 22:00:00,Male,39,Silver,CallCenter,Bangkok,1532,Shopee,Credit_Card,22,5,5,1,30-40,51.06666666666667,5.0,0.0,0.0,-1,11,4684.018,0.25,0.8,0.2,0.0,0.0,0,0,0.0,14874.27,2,0,0.0,19482.88,3,0,0.0,23420.09,5,0,0.0,0
LGS2ORD0016405,C011462,2025-05-10 22:00:00,Female,47,Silver,TV,Phuket,1239,CallCenter,COD,22,5,5,1,40-50,41.3,1.0,1.0,1.0,0,5,17788.88,0.2,1.0,0.0,0.0,17788.88,1,1,1.0,17788.88,1,1,1.0,17788.88,1,1,1.0,17788.88,1,1,1.0,0
LGS2ORD0016406,C013896,2025-05-10 22:00:00,Female,65,Bronze,TV,Phuket,500,TV_Show,COD,22,5,5,1,>50,16.666666666666668,3.0,3.0,1.0,49,55,3077.523333333333,0.23,0.6666666666666666,0.6666666666666666,0.0,0.0,0,0,0.0,0.0,0,0,0.0,5167.65,2,2,1.0,9232.57,3,3,1.0,1
LGS2ORD0016407,C012722,2025-05-10 22:00:00,Male,53,Gold,Shopee,Songkhla,826,Lazada,COD,22,5,5,1,>50,27.533333333333335,1.0,1.0,1.0,68,79,3072.41,0.2299999999999999,0.0,1.0,0.0,0.0,0,0,0.0,0.0,0,0,0.0,3072.41,1,1,1.0,3072.41,1,1,1.0,0
LGS2ORD0016408,C010540,2025-05-10 22:00:00,Female,55,Silver,Web,Chiang Mai,534,CallCenter,PromptPay,22,5,5,1,>50,17.8,0.0,0.0,0.0,-1,-1,0.0,0.0,0.0,0.0,0.0,0.0,0,0,0.0,0.0,0,0,0.0,0.0,0,0,0.0,0.0,0,0,0.0,0
LGS2ORD0016409,C017778,2025-05-10 23:00:00,Male,37,Platinum,CallCenter,Bangkok,1139,Shopee,Bank_Transfer,23,5,5,1,30-40,37.96666666666667,2.0,1.0,0.5,83,66,6079.065,0.15,0.5,0.0,0.0,0.0,0,0,0.0,0.0,0,0,0.0,2231.73,1,0,0.0,12158.13,2,1,0.5,0
LGS2ORD0016410,C015275,2025-05-10 23:00:00,Female,45,Silver,Web,Bangkok,432,TV_Show,Credit_Card,23,5,5,1,40-50,14.4,1.0,0.0,0.0,-1,46,323.49,0.25,1.0,1.0,0.0,0.0,0,0,0.0,0.0,0,0,0.0,323.49,1,0,0.0,323.49,1,0,0.0,0
LGS2ORD0016411,C011461,2025-05-10 23:00:00,Female,60,Bronze,Web,Remote_Area,1195,TV_Show,Credit_Card,23,5,5,1,>50,39.833333333333336,2.0,1.0,0.5,56,67,3281.195,0.23,1.0,0.5,0.0,0.0,0,0,0.0,0.0,0,0,0.0,6562.39,2,1,0.5,6562.39,2,1,0.5,1
LGS2ORD0016412,C017145,2025-05-10 23:00:00,Female,28,Gold,Web,Bangkok,431,TV_Show,COD,23,5,5,1,20-30,14.366666666666667,0.0,0.0,0.0,-1,-1,0.0,0.0,0.0,0.0,0.0,0.0,0,0,0.0,0.0,0,0,0.0,0.0,0,0,0.0,0.0,0,0,0.0,0
LGS2ORD0016413,C012642,2025-05-10 23:00:00,Female,26,Silver,Web,Chiang Mai,814,Web,Credit_Card,23,5,5,1,20-30,27.133333333333333,2.0,1.0,0.5,44,59,1483.895,0.2,1.0,0.0,0.0,0.0,0,0,0.0,0.0,0,0,0.0,1881.08,1,1,1.0,2967.79,2,1,0.5,0
LGS2ORD0016414,C014068,2025-05-11 00:00:00,Female,33,Silver,TV,Bangkok,236,Web,Credit_Card,0,5,6,1,30-40,7.866666666666666,1.0,1.0,1.0,87,100,10001.75,0.05,0.0,0.0,0.0,0.0,0,0,0.0,0.0,0,0,0.0,0.0,0,0,0.0,10001.75,1,1,1.0,0
LGS2ORD0016415,C015277,2025-05-11 00:00:00,Male,42,Bronze,Web,Bangkok,1398,Web,Bank_Transfer,0,5,6,1,40-50,46.6,3.0,0.0,0.0,-1,48,7177.283333333333,0.28,0.6666666666666666,0.3333333333333333,0.0,0.0,0,0,0.0,0.0,0,0,0.0,20341.57,2,0,0.0,21531.85,3,0,0.0,0
LGS2ORD0016416,C015891,2025-05-11 00:00:00,Female,40,Bronze,TV,Phuket,564,Shopee,PromptPay,0,5,6,1,30-40,18.8,2.0,1.0,0.5,32,45,21061.925,0.08,0.5,0.0,0.0,0.0,0,0,0.0,0.0,0,0,0.0,42123.85,2,1,0.5,42123.85,2,1,0.5,1
LGS2ORD0016417,C010071,2025-05-11 00:00:00,Female,51,Bronze,TV,Remote_Area,502,CallCenter,COD,0,5,6,1,>50,16.733333333333334,3.0,1.0,0.3333333333333333,95,55,5559.759999999999,0.23,0.3333333333333333,0.6666666666666666,0.0,0.0,0,0,0.0,0.0,0,0,0.0,15709.95,2,0,0.0,16679.28,3,1,0.3333333333333333,0
LGS2ORD0016418,C016408,2025-05-11 00:00:00,Female,57,Bronze,Web,Bangkok,1417,Lazada,Credit_Card,0,5,6,1,>50,47.233333333333334,2.0,1.0,0.5,3,10,1596.155,0.13,1.0,0.0,0.0,0.0,0,0,0.0,859.73,1,1,1.0,3192.31,2,1,0.5,3192.31,2,1,0.5,1
LGS2ORD0016419,C017604,2025-05-11 00:00:00,Male,42,Bronze,Shopee,Bangkok,267,CallCenter,COD,0,5,6,1,40-50,8.9,0.0,0.0,0.0,-1,-1,0.0,0.0,0.0,0.0,0.0,0.0,0,0,0.0,0.0,0,0,0.0,0.0,0,0,0.0,0.0,0,0,0.0,1
LGS2ORD0016420,C015219,2025-05-11 01:00:00,Male,38,Platinum,Web,Bangkok,1168,Shopee,Credit_Card,1,5,6,1,30-40,38.93333333333333,2.0,0.0,0.0,-1,44,3889.4449999999997,0.2,0.5,0.0,0.0,0.0,0,0,0.0,0.0,0,0,0.0,7778.889999999999,2,0,0.0,7778.889999999999,2,0,0.0,0
LGS2ORD0016421,C012518,2025-05-11 01:00:00,Other,46,Bronze,CallCenter,Khon Kaen,453,Shopee,Credit_Card,1,5,6,1,40-50,15.1,3.0,1.0,0.3333333333333333,52,19,6596.87,0.28,0.0,0.3333333333333333,0.0,0.0,0,0,0.0,926.85,1,0,0.0,1607.18,2,1,0.5,19790.61,3,1,0.3333333333333333,0
LGS2ORD0016422,C012051,2025-05-11 01:00:00,Male,52,Gold,Shopee,Chiang Mai,863,Shopee,COD,1,5,6,1,>50,28.766666666666666,2.0,1.0,0.5,104,88,13479.01,0.2299999999999999,0.5,0.5,0.0,0.0,0,0,0.0,0.0,0,0,0.0,7203.07,1,0,0.0,26958.02,2,1,0.5,0
LGS2ORD0016423,C016690,2025-05-11 01:00:00,Male,52,Gold,Web,Khon Kaen,371,Shopee,PromptPay,1,5,6,1,>50,12.366666666666667,3.0,0.0,0.0,-1,13,754.7733333333334,0.33,0.3333333333333333,1.0,0.0,0.0,0,0,0.0,823.92,1,0,0.0,1305.8,2,0,0.0,2264.32,3,0,0.0,0
LGS2ORD0016424,C015201,2025-05-11 01:00:00,Female,38,Silver,TV,Bangkok,980,Web,Bank_Transfer,1,5,6,1,30-40,32.666666666666664,2.0,0.0,0.0,-1,68,3480.55,0.05,0.5,0.0,0.0,0.0,0,0,0.0,0.0,0,0,0.0,1983.55,1,0,0.0,6961.1,2,0,0.0,0
LGS2ORD0016425,C013093,2025-05-11 02:00:00,Male,41,Bronze,Web,Chiang Mai,159,Web,PromptPay,2,5,6,1,40-50,5.3,2.0,0.0,0.0,-1,43,2760.2799999999997,0.28,1.0,0.5,0.0,0.0,0,0,0.0,0.0,0,0,0.0,1996.1,1,0,0.0,5520.5599999999995,2,0,0.0,0
LGS2ORD0016426,C010521,2025-05-11 02:00:00,Male,52,Bronze,TV,Remote_Area,866,Web,PromptPay,2,5,6,1,>50,28.866666666666667,2.0,1.0,0.5,39,44,2049.965,0.18,0.0,0.0,0.0,0.0,0,0,0.0,0.0,0,0,0.0,4099.93,2,1,0.5,4099.93,2,1,0.5,1
LGS2ORD0016427,C012931,2025-05-11 02:00:00,Female,38,Bronze,Lazada,Bangkok,607,CallCenter,COD,2,5,6,1,30-40,20.233333333333334,3.0,1.0,0.3333333333333333,67,43,4477.953333333334,0.23,0.0,0.3333333333333333,0.0,0.0,0,0,0.0,0.0,0,0,0.0,10705.67,2,1,0.5,13433.86,3,1,0.3333333333333333,0
LGS2ORD0016428,C013328,2025-05-11 02:00:00,Other,31,Bronze,CallCenter,Bangkok,526,Web,COD,2,5,6,1,30-40,17.533333333333335,1.0,0.0,0.0,-1,3,1245.22,0.08,0.0,0.0,0.0,1245.22,1,0,0.0,1245.22,1,0,0.0,1245.22,1,0,0.0,1245.22,1,0,0.0,0
LGS2ORD0016429,C010843,2025-05-11 02:00:00,Female,23,Gold,Web,Songkhla,391,Shopee,PromptPay,2,5,6,1,20-30,13.033333333333333,0.0,0.0,0.0,-1,-1,0.0,0.0,0.0,0.0,0.0,0.0,0,0,0.0,0.0,0,0,0.0,0.0,0,0,0.0,0.0,0,0,0.0,0
LGS2ORD0016430,C016065,2025-05-11 03:00:00,Male,49,Gold,Shopee,Khon Kaen,1561,Lazada,Credit_Card,3,5,6,1,40-50,52.03333333333333,0.0,0.0,0.0,-1,-1,0.0,0.0,0.0,0.0,0.0,0.0,0,0,0.0,0.0,0,0,0.0,0.0,0,0,0.0,0.0,0,0,0.0,0
LGS2ORD0016431,C010722,2025-05-11 03:00:00,Female,37,Bronze,Lazada,Chiang Mai,539,TV_Show,COD,3,5,6,1,30-40,17.966666666666665,1.0,0.0,0.0,-1,41,851.14,0.18,1.0,0.0,0.0,0.0,0,0,0.0,0.0,0,0,0.0,851.14,1,0,0.0,851.14,1,0,0.0,1
LGS2ORD0016432,C011444,2025-05-11 03:00:00,Male,39,Bronze,Lazada,Bangkok,1329,Lazada,Credit_Card,3,5,6,1,30-40,44.3,3.0,1.0,0.3333333333333333,111,34,4229.393333333333,0.28,0.0,0.6666666666666666,0.0,0.0,0,0,0.0,0.0,0,0,0.0,11546.33,2,0,0.0,12688.18,3,1,0.3333333333333333,0
LGS2ORD0016433,C015284,2025-05-11 03:00:00,Male,59,Silver,TV,Bangkok,747,TV_Show,Credit_Card,3,5,6,1,>50,24.9,0.0,0.0,0.0,-1,-1,0.0,0.0,0.0,0.0,0.0,0.0,0,0,0.0,0.0,0,0,0.0,0.0,0,0,0.0,0.0,0,0,0.0,1
LGS2ORD0016434,C011563,2025-05-11 03:00:00,Male,39,Platinum,CallCenter,Bangkok,544,CallCenter,Bank_Transfer,3,5,6,1,30-40,18.133333333333333,3.0,0.0,0.0,-1,30,2598.3166666666666,0.25,0.6666666666666666,0.3333333333333333,0.0,0.0,0,0,0.0,0.0,0,0,0.0,7794.95,3,0,0.0,7794.95,3,0,0.0,0
LGS2ORD0016435,C012107,2025-05-11 04:00:00,Female,47,Silver,TV,Remote_Area,826,Web,PromptPay,4,5,6,1,40-50,27.533333333333335,2.0,2.0,1.0,6,18,2227.685,0.2,0.5,0.0,0.0,0.0,0,0,0.0,3695.53,1,1,1.0,4455.37,2,2,1.0,4455.37,2,2,1.0,0
LGS2ORD0016436,C010885,2025-05-11 04:00:00,Female,45,Silver,Web,Bangkok,1118,CallCenter,COD,4,5,6,1,40-50,37.266666666666666,1.0,0.0,0.0,-1,1,1492.81,0.05,1.0,0.0,0.0,1492.81,1,0,0.0,1492.81,1,0,0.0,1492.81,1,0,0.0,1492.81,1,0,0.0,0
LGS2ORD0016437,C015440,2025-05-11 04:00:00,Other,57,Bronze,Web,Phuket,824,TV_Show,PromptPay,4,5,6,1,>50,27.466666666666665,1.0,0.0,0.0,-1,50,1023.08,0.28,0.0,1.0,0.0,0.0,0,0,0.0,0.0,0,0,0.0,1023.08,1,0,0.0,1023.08,1,0,0.0,0
LGS2ORD0016438,C016248,2025-05-11 04:00:00,Female,44,Silver,TV,Nakhon Ratchasima,830,Lazada,PromptPay,4,5,6,1,40-50,27.666666666666668,4.0,0.0,0.0,-1,39,6824.32,0.25,0.5,0.25,0.0,0.0,0,0,0.0,0.0,0,0,0.0,16426.12,2,0,0.0,27297.28,4,0,0.0,1
LGS2ORD0016439,C013523,2025-05-11 04:00:00,Female,45,Gold,TV,Phuket,823,Web,PromptPay,4,5,6,1,40-50,27.433333333333334,3.0,0.0,0.0,-1,15,6719.81,0.13,0.0,0.0,0.0,0.0,0,0,0.0,1078.13,1,0,0.0,20159.43,3,0,0.0,20159.43,3,0,0.0,0
LGS2ORD0016440,C011351,2025-05-11 04:00:00,Male,37,Bronze,TV,Phuket,1560,Web,COD,4,5,6,1,30-40,52.0,0.0,0.0,0.0,-1,-1,0.0,0.0,0.0,0.0,0.0,0.0,0,0,0.0,0.0,0,0,0.0,0.0,0,0,0.0,0.0,0,0,0.0,1
LGS2ORD0016441,C017204,2025-05-11 05:00:00,Female,45,Bronze,Lazada,Chonburi,425,Lazada,Credit_Card,5,5,6,1,40-50,14.166666666666666,3.0,1.0,0.3333333333333333,98,106,4451.946666666667,0.23,0.3333333333333333,0.3333333333333333,0.0,0.0,0,0,0.0,0.0,0,0,0.0,0.0,0,0,0.0,13355.84,3,1,0.3333333333333333,0
LGS2ORD0016442,C010502,2025-05-11 05:00:00,Male,61,Bronze,TV,Remote_Area,731,Shopee,COD,5,5,6,1,>50,24.366666666666667,4.0,2.0,0.5,43,30,5289.2474999999995,0.23,0.5,0.25,0.0,0.0,0,0,0.0,1656.42,1,0,0.0,21156.989999999998,4,2,0.5,21156.989999999998,4,2,0.5,0
LGS2ORD0016443,C014545,2025-05-11 05:00:00,Male,39,Gold,Lazada,Nakhon Ratchasima,750,TV_Show,Credit_Card,5,5,6,1,30-40,25.0,1.0,0.0,0.0,-1,119,10141.11,0.13,1.0,0.0,0.0,0.0,0,0,0.0,0.0,0,0,0.0,0.0,0,0,0.0,10141.11,1,0,0.0,0
LGS2ORD0016444,C011082,2025-05-11 05:00:00,Female,55,Bronze,TV,Chonburi,378,Shopee,COD,5,5,6,1,>50,12.6,2.0,1.0,0.5,5,22,1542.775,0.18,1.0,0.0,0.0,0.0,0,0,0.0,1010.74,1,1,1.0,1010.74,1,1,1.0,3085.55,2,1,0.5,1
LGS2ORD0016445,C011049,2025-05-11 05:00:00,Female,44,Bronze,Lazada,Bangkok,812,CallCenter,Credit_Card,5,5,6,1,40-50,27.066666666666666,2.0,1.0,0.5,92,87,3664.86,0.28,0.5,0.5,0.0,0.0,0,0,0.0,0.0,0,0,0.0,5881.1,1,0,0.0,7329.72,2,1,0.5,0
LGS2ORD0016446,C011052,2025-05-11 06:00:00,Male,42,Silver,TV,Chonburi,693,Web,PromptPay,6,5,6,1,40-50,23.1,4.0,2.0,0.5,10,22,3888.9975000000004,0.2,0.5,0.0,0.0,0.0,0,0,0.0,2119.2,1,1,1.0,10880.66,3,2,0.6666666666666666,15555.990000000002,4,2,0.5,0
LGS2ORD0016447,C012688,2025-05-11 06:00:00,Male,55,Silver,TV,Remote_Area,398,Shopee,Credit_Card,6,5,6,1,>50,13.266666666666667,1.0,0.0,0.0,-1,80,495.2,0.15,0.0,0.0,0.0,0.0,0,0,0.0,0.0,0,0,0.0,495.2,1,0,0.0,495.2,1,0,0.0,1
LGS2ORD0016448,C011761,2025-05-11 06:00:00,Male,29,Silver,Shopee,Bangkok,948,TV_Show,Bank_Transfer,6,5,6,1,20-30,31.6,1.0,1.0,1.0,12,17,1729.53,0.25,1.0,1.0,0.0,0.0,0,0,0.0,1729.53,1,1,1.0,1729.53,1,1,1.0,1729.53,1,1,1.0,0
LGS2ORD0016449,C016442,2025-05-11 06:00:00,Male,51,Silver,Web,Remote_Area,303,Web,COD,6,5,6,1,>50,10.1,1.0,0.0,0.0,-1,124,12256.77,0.15,0.0,0.0,0.0,0.0,0,0,0.0,0.0,0,0,0.0,0.0,0,0,0.0,12256.77,1,0,0.0,0
LGS2ORD0016450,C011958,2025-05-11 06:00:00,Male,26,Bronze,CallCenter,Phuket,1566,Shopee,COD,6,5,6,1,20-30,52.2,2.0,1.0,0.5,-4,12,3421.625,0.08,0.5,0.0,0.0,0.0,0,0,0.0,3475.96,1,1,1.0,6843.25,2,1,0.5,6843.25,2,1,0.5,1
LGS2ORD0016451,C011320,2025-05-11 07:00:00,Male,47,Silver,Shopee,Chonburi,899,Shopee,COD,7,5,6,1,40-50,29.966666666666665,2.0,0.0,0.0,-1,1,6016.674999999999,0.2,0.5,0.0,0.0,902.47,1,0,0.0,902.47,1,0,0.0,902.47,1,0,0.0,12033.349999999999,2,0,0.0,0
LGS2ORD0016452,C011593,2025-05-11 07:00:00,Female,38,Bronze,TV,Chiang Mai,431,TV_Show,COD,7,5,6,1,30-40,14.366666666666667,2.0,0.0,0.0,-1,36,10478.570000000002,0.23,0.5,0.5,0.0,0.0,0,0,0.0,0.0,0,0,0.0,20957.140000000003,2,0,0.0,20957.140000000003,2,0,0.0,1
LGS2ORD0016453,C013312,2025-05-11 07:00:00,Male,58,Gold,TV,Chonburi,804,CallCenter,COD,7,5,6,1,>50,26.8,2.0,1.0,0.5,-6,5,2028.5349999999999,0.2299999999999999,0.5,0.5,0.0,3434.99,1,1,1.0,3434.99,1,1,1.0,4057.0699999999997,2,1,0.5,4057.0699999999997,2,1,0.5,0
LGS2ORD0016454,C017833,2025-05-11 07:00:00,Female,37,Gold,Lazada,Bangkok,639,Web,PromptPay,7,5,6,1,30-40,21.3,1.0,0.0,0.0,-1,94,323.5,0.28,1.0,1.0,0.0,0.0,0,0,0.0,0.0,0,0,0.0,0.0,0,0,0.0,323.5,1,0,0.0,0
LGS2ORD0016455,C013576,2025-05-11 07:00:00,Male,57,Platinum,Web,Chonburi,211,TV_Show,COD,7,5,6,1,>50,7.033333333333333,1.0,0.0,0.0,-1,18,5854.46,0.35,0.0,1.0,0.0,0.0,0,0,0.0,5854.46,1,0,0.0,5854.46,1,0,0.0,5854.46,1,0,0.0,0
LGS2ORD0016456,C010525,2025-05-11 07:00:00,Female,37,Gold,TV,Chiang Mai,608,TV_Show,COD,7,5,6,1,30-40,20.266666666666666,1.0,1.0,1.0,55,65,15120.37,0.2299999999999999,0.0,1.0,0.0,0.0,0,0,0.0,0.0,0,0,0.0,15120.37,1,1,1.0,15120.37,1,1,1.0,0
LGS2ORD0016457,C012998,2025-05-11 08:00:00,Male,40,Silver,CallCenter,Bangkok,727,Web,COD,8,5,6,1,30-40,24.233333333333334,0.0,0.0,0.0,-1,-1,0.0,0.0,0.0,0.0,0.0,0.0,0,0,0.0,0.0,0,0,0.0,0.0,0,0,0.0,0.0,0,0,0.0,0
LGS2ORD0016458,C011163,2025-05-11 08:00:00,Male,30,Silver,TV,Chiang Mai,1189,Shopee,Credit_Card,8,5,6,1,20-30,39.63333333333333,3.0,1.0,0.3333333333333333,13,18,1568.043333333333,0.1,1.0,0.0,0.0,0.0,0,0,0.0,874.31,1,1,1.0,1417.78,2,1,0.5,4704.129999999999,3,1,0.3333333333333333,0
LGS2ORD0016459,C017288,2025-05-11 08:00:00,Male,34,Bronze,Shopee,Khon Kaen,1321,Web,Credit_Card,8,5,6,1,30-40,44.03333333333333,2.0,1.0,0.5,48,50,10465.5,0.23,0.5,1.0,0.0,0.0,0,0,0.0,0.0,0,0,0.0,20931.0,2,1,0.5,20931.0,2,1,0.5,0
LGS2ORD0016460,C013016,2025-05-11 08:00:00,Female,56,Bronze,Lazada,Remote_Area,1145,Web,COD,8,5,6,1,>50,38.166666666666664,3.0,0.0,0.0,-1,8,1979.12,0.23,0.3333333333333333,0.3333333333333333,0.0,0.0,0,0,0.0,3326.91,1,0,0.0,5937.36,3,0,0.0,5937.36,3,0,0.0,1
LGS2ORD0016461,C016437,2025-05-11 08:00:00,Female,35,Bronze,Web,Songkhla,689,TV_Show,COD,8,5,6,1,30-40,22.966666666666665,3.0,2.0,0.6666666666666666,-4,6,7239.056666666666,0.23,0.6666666666666666,0.3333333333333333,0.0,969.18,1,1,1.0,969.18,1,1,1.0,969.18,1,1,1.0,21717.17,3,2,0.6666666666666666,1
LGS2ORD0016462,C017361,2025-05-11 09:00:00,Female,43,Bronze,TV,Khon Kaen,1510,TV_Show,COD,9,5,6,1,40-50,50.333333333333336,1.0,0.0,0.0,-1,119,3885.6,0.03,0.0,0.0,0.0,0.0,0,0,0.0,0.0,0,0,0.0,0.0,0,0,0.0,3885.6,1,0,0.0,0
LGS2ORD0016463,C012673,2025-05-11 09:00:00,Female,29,Platinum,TV,Bangkok,1172,Web,COD,9,5,6,1,20-30,39.06666666666667,1.0,0.0,0.0,-1,73,7901.42,0.35,0.0,1.0,0.0,0.0,0,0,0.0,0.0,0,0,0.0,7901.42,1,0,0.0,7901.42,1,0,0.0,0
LGS2ORD0016464,C014451,2025-05-11 09:00:00,Female,58,Silver,Web,Chonburi,1462,Lazada,Credit_Card,9,5,6,1,>50,48.733333333333334,1.0,0.0,0.0,-1,106,1972.58,0.1,1.0,0.0,0.0,0.0,0,0,0.0,0.0,0,0,0.0,0.0,0,0,0.0,1972.58,1,0,0.0,0
LGS2ORD0016465,C017901,2025-05-11 09:00:00,Male,44,Bronze,Shopee,Chiang Mai,1409,CallCenter,Bank_Transfer,9,5,6,1,40-50,46.96666666666667,2.0,1.0,0.5,57,68,11293.5,0.13,0.5,0.0,0.0,0.0,0,0,0.0,0.0,0,0,0.0,13400.52,1,1,1.0,22587.0,2,1,0.5,0
LGS2ORD0016466,C014120,2025-05-11 09:00:00,Female,54,Gold,Web,Bangkok,1578,Web,COD,9,5,6,1,>50,52.6,3.0,0.0,0.0,-1,52,3874.9666666666667,0.28,0.3333333333333333,0.3333333333333333,0.0,0.0,0,0,0.0,0.0,0,0,0.0,10095.71,2,0,0.0,11624.9,3,0,0.0,0
LGS2ORD0016467,C013192,2025-05-11 10:00:00,Male,53,Gold,Shopee,Khon Kaen,558,Lazada,COD,10,5,6,1,>50,18.6,3.0,1.0,0.3333333333333333,110,62,3464.8833333333328,0.2299999999999999,0.6666666666666666,0.3333333333333333,0.0,0.0,0,0,0.0,0.0,0,0,0.0,2081.12,1,0,0.0,10394.649999999998,3,1,0.3333333333333333,0
LGS2ORD0016468,C011134,2025-05-11 10:00:00,Male,36,Silver,Lazada,Chonburi,1148,CallCenter,COD,10,5,6,1,30-40,38.266666666666666,1.0,0.0,0.0,-1,34,3576.31,0.05,0.0,0.0,0.0,0.0,0,0,0.0,0.0,0,0,0.0,3576.31,1,0,0.0,3576.31,1,0,0.0,0
LGS2ORD0016469,C015045,2025-05-11 10:00:00,Male,39,Bronze,Shopee,Phuket,672,TV_Show,COD,10,5,6,1,30-40,22.4,2.0,2.0,1.0,26,33,5134.8099999999995,0.18,0.5,0.0,0.0,0.0,0,0,0.0,0.0,0,0,0.0,10269.619999999999,2,2,1.0,10269.619999999999,2,2,1.0,1
LGS2ORD0016470,C015079,2025-05-11 10:00:00,Male,33,Bronze,TV,Phuket,732,Web,COD,10,5,6,1,30-40,24.4,2.0,0.0,0.0,-1,28,4442.455,0.18,1.0,0.0,0.0,0.0,0,0,0.0,8884.91,2,0,0.0,8884.91,2,0,0.0,8884.91,2,0,0.0,1
LGS2ORD0016471,C011734,2025-05-11 10:00:00,Female,52,Bronze,Web,Songkhla,1337,Web,Credit_Card,10,5,6,1,>50,44.56666666666667,1.0,1.0,1.0,50,59,9377.58,0.03,1.0,0.0,0.0,0.0,0,0,0.0,0.0,0,0,0.0,9377.58,1,1,1.0,9377.58,1,1,1.0,0
LGS2ORD0016472,C012212,2025-05-11 11:00:00,Male,35,Silver,Web,Chiang Mai,1068,Lazada,Credit_Card,11,5,6,1,30-40,35.6,3.0,0.0,0.0,-1,31,9558.063333333332,0.2,1.0,0.0,0.0,0.0,0,0,0.0,0.0,0,0,0.0,28674.189999999995,3,0,0.0,28674.189999999995,3,0,0.0,0
LGS2ORD0016473,C015110,2025-05-11 11:00:00,Male,35,Bronze,Lazada,Remote_Area,335,Shopee,COD,11,5,6,1,30-40,11.166666666666666,0.0,0.0,0.0,-1,-1,0.0,0.0,0.0,0.0,0.0,0.0,0,0,0.0,0.0,0,0,0.0,0.0,0,0,0.0,0.0,0,0,0.0,1
LGS2ORD0016474,C013014,2025-05-11 11:00:00,Female,54,Bronze,TV,Songkhla,173,TV_Show,COD,11,5,6,1,>50,5.766666666666667,1.0,1.0,1.0,23,31,1862.88,0.08,0.0,0.0,0.0,0.0,0,0,0.0,0.0,0,0,0.0,1862.88,1,1,1.0,1862.88,1,1,1.0,1
LGS2ORD0016475,C012971,2025-05-11 11:00:00,Female,61,Bronze,Lazada,Bangkok,1250,Lazada,COD,11,5,6,1,>50,41.666666666666664,2.0,0.0,0.0,-1,67,12120.53,0.23,0.0,1.0,0.0,0.0,0,0,0.0,0.0,0,0,0.0,23354.63,1,0,0.0,24241.06,2,0,0.0,0
LGS2ORD0016476,C011666,2025-05-11 11:00:00,Male,37,Bronze,Lazada,Phuket,219,CallCenter,Credit_Card,11,5,6,1,30-40,7.3,3.0,1.0,0.3333333333333333,9,16,5410.52,0.23,1.0,0.3333333333333333,0.0,0.0,0,0,0.0,10536.01,1,1,1.0,10805.04,2,1,0.5,16231.560000000001,3,1,0.3333333333333333,1
LGS2ORD0016477,C017914,2025-05-11 11:00:00,Male,32,Bronze,Web,Remote_Area,1452,Shopee,Bank_Transfer,11,5,6,1,30-40,48.4,3.0,2.0,0.6666666666666666,42,48,8033.7733333333335,0.23,0.6666666666666666,0.3333333333333333,0.0,0.0,0,0,0.0,0.0,0,0,0.0,5461.82,2,1,0.5,24101.32,3,2,0.6666666666666666,0
LGS2ORD0016478,C014672,2025-05-11 12:00:00,Female,39,Bronze,Shopee,Chiang Mai,1556,TV_Show,Credit_Card,12,5,6,1,30-40,51.86666666666667,5.0,2.0,0.4,19,23,9216.72,0.18,0.6,0.0,0.0,0.0,0,0,0.0,9299.9,1,0,0.0,42047.6,3,1,0.3333333333333333,46083.6,5,2,0.4,0
LGS2ORD0016479,C010390,2025-05-11 12:00:00,Female,47,Bronze,Web,Bangkok,245,Web,Credit_Card,12,5,6,1,40-50,8.166666666666666,2.0,0.0,0.0,-1,87,1182.4650000000001,0.18,0.0,0.0,0.0,0.0,0,0,0.0,0.0,0,0,0.0,1623.47,1,0,0.0,2364.9300000000003,2,0,0.0,1
LGS2ORD0016480,C014849,2025-05-11 12:00:00,Female,64,Bronze,TV,Songkhla,1416,CallCenter,Credit_Card,12,5,6,1,>50,47.2,2.0,1.0,0.5,-8,5,7101.465,0.18,0.5,0.0,0.0,1460.88,1,1,1.0,1460.88,1,1,1.0,14202.93,2,1,0.5,14202.93,2,1,0.5,0
LGS2ORD0016481,C017155,2025-05-11 12:00:00,Male,54,Bronze,TV,Remote_Area,1328,Lazada,COD,12,5,6,1,>50,44.266666666666666,2.0,1.0,0.5,86,95,15736.24,0.23,0.5,0.5,0.0,0.0,0,0,0.0,0.0,0,0,0.0,0.0,0,0,0.0,31472.48,2,1,0.5,1
LGS2ORD0016482,C014187,2025-05-11 12:00:00,Female,55,Bronze,Lazada,Bangkok,171,Shopee,Bank_Transfer,12,5,6,1,>50,5.7,1.0,0.0,0.0,-1,86,9322.3,0.18,0.0,0.0,0.0,0.0,0,0,0.0,0.0,0,0,0.0,9322.3,1,0,0.0,9322.3,1,0,0.0,0
LGS2ORD0016483,C014109,2025-05-11 13:00:00,Male,24,Gold,Shopee,Chonburi,344,TV_Show,Credit_Card,13,5,6,1,20-30,11.466666666666667,2.0,0.0,0.0,-1,6,7427.775,0.13,0.0,0.0,0.0,7682.55,1,0,0.0,7682.55,1,0,0.0,14855.55,2,0,0.0,14855.55,2,0,0.0,0
LGS2ORD0016484,C010389,2025-05-11 13:00:00,Male,46,Bronze,Shopee,Phuket,229,TV_Show,PromptPay,13,5,6,1,40-50,7.633333333333334,1.0,0.0,0.0,-1,62,4424.74,0.08,0.0,0.0,0.0,0.0,0,0,0.0,0.0,0,0,0.0,4424.74,1,0,0.0,4424.74,1,0,0.0,0
LGS2ORD0016485,C013233,2025-05-11 13:00:00,Female,32,Platinum,Lazada,Bangkok,1331,Web,PromptPay,13,5,6,1,30-40,44.36666666666667,2.0,1.0,0.5,45,40,1584.87,0.25,0.5,0.5,0.0,0.0,0,0,0.0,0.0,0,0,0.0,3169.74,2,1,0.5,3169.74,2,1,0.5,0
LGS2ORD0016486,C011422,2025-05-11 13:00:00,Male,29,Bronze,TV,Bangkok,780,CallCenter,COD,13,5,6,1,20-30,26.0,0.0,0.0,0.0,-1,-1,0.0,0.0,0.0,0.0,0.0,0.0,0,0,0.0,0.0,0,0,0.0,0.0,0,0,0.0,0.0,0,0,0.0,1
LGS2ORD0016487,C013127,2025-05-11 13:00:00,Male,47,Silver,Shopee,Khon Kaen,1519,TV_Show,PromptPay,13,5,6,1,40-50,50.63333333333333,0.0,0.0,0.0,-1,-1,0.0,0.0,0.0,0.0,0.0,0.0,0,0,0.0,0.0,0,0,0.0,0.0,0,0,0.0,0.0,0,0,0.0,0
LGS2ORD0016488,C011466,2025-05-11 14:00:00,Male,27,Gold,CallCenter,Bangkok,1149,Shopee,COD,14,5,6,1,20-30,38.3,2.0,0.0,0.0,-1,47,1577.105,0.28,0.0,1.0,0.0,0.0,0,0,0.0,0.0,0,0,0.0,3154.21,2,0,0.0,3154.21,2,0,0.0,1
LGS2ORD0016489,C015655,2025-05-11 14:00:00,Male,40,Silver,Shopee,Songkhla,1290,Web,COD,14,5,6,1,30-40,43.0,2.0,1.0,0.5,72,13,8069.5599999999995,0.25,0.5,0.5,0.0,0.0,0,0,0.0,3650.62,1,0,0.0,16139.119999999999,2,1,0.5,16139.119999999999,2,1,0.5,1
LGS2ORD0016490,C012510,2025-05-11 14:00:00,Female,51,Bronze,Shopee,Songkhla,1306,Web,COD,14,5,6,1,>50,43.53333333333333,5.0,2.0,0.4,35,35,3028.8659999999995,0.23,0.6,0.2,0.0,0.0,0,0,0.0,0.0,0,0,0.0,4999.37,2,1,0.5,15144.329999999998,5,2,0.4,0
LGS2ORD0016491,C015617,2025-05-11 14:00:00,Male,38,Silver,TV,Chiang Mai,1331,Web,Credit_Card,14,5,6,1,30-40,44.36666666666667,0.0,0.0,0.0,-1,-1,0.0,0.0,0.0,0.0,0.0,0.0,0,0,0.0,0.0,0,0,0.0,0.0,0,0,0.0,0.0,0,0,0.0,0
LGS2ORD0016492,C013667,2025-05-11 14:00:00,Male,28,Gold,TV,Bangkok,1291,Lazada,COD,14,5,6,1,20-30,43.03333333333333,0.0,0.0,0.0,-1,-1,0.0,0.0,0.0,0.0,0.0,0.0,0,0,0.0,0.0,0,0,0.0,0.0,0,0,0.0,0.0,0,0,0.0,1
LGS2ORD0016493,C016640,2025-05-11 15:00:00,Female,43,Silver,Shopee,Phuket,1546,Lazada,PromptPay,15,5,6,1,40-50,51.53333333333333,3.0,0.0,0.0,-1,66,12089.79,0.25,0.6666666666666666,0.3333333333333333,0.0,0.0,0,0,0.0,0.0,0,0,0.0,26945.129999999997,2,0,0.0,36269.37,3,0,0.0,0
LGS2ORD0016494,C016269,2025-05-11 15:00:00,Female,42,Bronze,Shopee,Khon Kaen,1221,TV_Show,Credit_Card,15,5,6,1,40-50,40.7,3.0,1.0,0.3333333333333333,-8,7,2618.023333333333,0.28,0.3333333333333333,0.3333333333333333,0.0,0.0,0,0,0.0,1672.0,1,1,1.0,1672.0,1,1,1.0,7854.07,3,1,0.3333333333333333,0
LGS2ORD0016495,C014490,2025-05-11 15:00:00,Female,33,Gold,Web,Remote_Area,444,CallCenter,Bank_Transfer,15,5,6,1,30-40,14.8,1.0,0.0,0.0,-1,58,2332.97,0.13,1.0,0.0,0.0,0.0,0,0,0.0,0.0,0,0,0.0,2332.97,1,0,0.0,2332.97,1,0,0.0,0
LGS2ORD0016496,C014832,2025-05-11 15:00:00,Male,34,Bronze,Lazada,Songkhla,375,Web,Credit_Card,15,5,6,1,30-40,12.5,2.0,1.0,0.5,100,77,6589.105,0.03,0.5,0.0,0.0,0.0,0,0,0.0,0.0,0,0,0.0,2889.38,1,0,0.0,13178.21,2,1,0.5,0
LGS2ORD0016497,C014288,2025-05-11 15:00:00,Female,58,Gold,Shopee,Remote_Area,1270,TV_Show,COD,15,5,6,1,>50,42.333333333333336,4.0,0.0,0.0,-1,8,8260.43,0.28,0.25,0.75,0.0,0.0,0,0,0.0,29300.58,2,0,0.0,33041.72,4,0,0.0,33041.72,4,0,0.0,0
LGS2ORD0016498,C015108,2025-05-11 15:00:00,Male,30,Bronze,Lazada,Nakhon Ratchasima,662,Web,PromptPay,15,5,6,1,20-30,22.066666666666666,3.0,2.0,0.6666666666666666,12,18,10076.103333333333,0.13,0.6666666666666666,0.0,0.0,0.0,0,0,0.0,2452.39,1,1,1.0,18507.29,2,1,0.5,30228.309999999998,3,2,0.6666666666666666,0
LGS2ORD0016499,C013408,2025-05-11 16:00:00,Male,58,Bronze,TV,Songkhla,1339,Web,PromptPay,16,5,6,1,>50,44.63333333333333,4.0,1.0,0.25,67,17,2555.385,0.18,0.25,0.0,0.0,0.0,0,0,0.0,2762.84,1,0,0.0,3297.7400000000002,2,1,0.5,10221.54,4,1,0.25,0
LGS2ORD0016500,C010149,2025-05-11 16:00:00,Female,43,Gold,Shopee,Nakhon Ratchasima,1385,Lazada,Bank_Transfer,16,5,6,1,40-50,46.166666666666664,1.0,0.0,0.0,-1,127,1377.07,0.08,0.0,0.0,0.0,0.0,0,0,0.0,0.0,0,0,0.0,0.0,0,0,0.0,1377.07,1,0,0.0,1
LGS2ORD0016501,C014957,2025-05-11 16:00:00,Female,37,Bronze,CallCenter,Bangkok,721,Shopee,COD,16,5,6,1,30-40,24.033333333333335,3.0,0.0,0.0,-1,54,5537.47,0.18,0.0,0.0,0.0,0.0,0,0,0.0,0.0,0,0,0.0,5310.25,2,0,0.0,16612.41,3,0,0.0,1
LGS2ORD0016502,C014276,2025-05-11 16:00:00,Male,43,Bronze,Lazada,Khon Kaen,1534,Shopee,COD,16,5,6,1,40-50,51.13333333333333,4.0,1.0,0.25,37,51,2686.37,0.23,0.5,0.5,0.0,0.0,0,0,0.0,0.0,0,0,0.0,3563.73,2,1,0.5,10745.48,4,1,0.25,1
LGS2ORD0016503,C016074,2025-05-11 16:00:00,Male,56,Gold,Web,Chiang Mai,246,Web,Credit_Card,16,5,6,1,>50,8.2,2.0,0.0,0.0,-1,23,2138.3500000000004,0.2299999999999999,1.0,0.5,0.0,0.0,0,0,0.0,2139.8,1,0,0.0,2139.8,1,0,0.0,4276.700000000001,2,0,0.0,0
LGS2ORD0016504,C015782,2025-05-11 17:00:00,Female,51,Bronze,Shopee,Chiang Mai,924,Shopee,COD,17,5,6,1,>50,30.8,4.0,0.0,0.0,-1,3,5168.039999999999,0.13,0.75,0.0,0.0,3140.3,1,0,0.0,3140.3,1,0,0.0,20672.159999999996,4,0,0.0,20672.159999999996,4,0,0.0,1
LGS2ORD0016505,C017113,2025-05-11 17:00:00,Female,50,Bronze,TV,Khon Kaen,340,CallCenter,Credit_Card,17,5,6,1,40-50,11.333333333333334,0.0,0.0,0.0,-1,-1,0.0,0.0,0.0,0.0,0.0,0.0,0,0,0.0,0.0,0,0,0.0,0.0,0,0,0.0,0.0,0,0,0.0,1
LGS2ORD0016506,C010085,2025-05-11 17:00:00,Male,33,Bronze,Web,Chonburi,911,Web,COD,17,5,6,1,30-40,30.366666666666667,0.0,0.0,0.0,-1,-1,0.0,0.0,0.0,0.0,0.0,0.0,0,0,0.0,0.0,0,0,0.0,0.0,0,0,0.0,0.0,0,0,0.0,1
LGS2ORD0016507,C014457,2025-05-11 17:00:00,Male,29,Silver,CallCenter,Phuket,1179,Shopee,Credit_Card,17,5,6,1,20-30,39.3,2.0,0.0,0.0,-1,31,15794.97,0.3,1.0,0.5,0.0,0.0,0,0,0.0,0.0,0,0,0.0,31589.94,2,0,0.0,31589.94,2,0,0.0,0
LGS2ORD0016508,C010677,2025-05-11 17:00:00,Male,49,Silver,Lazada,Bangkok,342,Shopee,Credit_Card,17,5,6,1,40-50,11.4,0.0,0.0,0.0,-1,-1,0.0,0.0,0.0,0.0,0.0,0.0,0,0,0.0,0.0,0,0,0.0,0.0,0,0,0.0,0.0,0,0,0.0,0
LGS2ORD0016509,C011155,2025-05-11 18:00:00,Male,33,Silver,Shopee,Songkhla,898,Shopee,Bank_Transfer,18,5,6,1,30-40,29.933333333333334,2.0,1.0,0.5,30,41,2624.055,0.3,1.0,0.5,0.0,0.0,0,0,0.0,0.0,0,0,0.0,5248.11,2,1,0.5,5248.11,2,1,0.5,0
LGS2ORD0016510,C010222,2025-05-11 18:00:00,Female,63,Gold,TV,Chonburi,564,Web,Credit_Card,18,5,6,1,>50,18.8,0.0,0.0,0.0,-1,-1,0.0,0.0,0.0,0.0,0.0,0.0,0,0,0.0,0.0,0,0,0.0,0.0,0,0,0.0,0.0,0,0,0.0,0
LGS2ORD0016511,C014365,2025-05-11 18:00:00,Female,55,Silver,TV,Chiang Mai,1547,TV_Show,COD,18,5,6,1,>50,51.56666666666667,1.0,1.0,1.0,52,66,1893.09,0.2,0.0,0.0,0.0,0.0,0,0,0.0,0.0,0,0,0.0,1893.09,1,1,1.0,1893.09,1,1,1.0,0
LGS2ORD0016512,C013288,2025-05-11 18:00:00,Female,34,Bronze,Lazada,Bangkok,1350,Web,Credit_Card,18,5,6,1,30-40,45.0,1.0,0.0,0.0,-1,118,6045.78,0.13,1.0,0.0,0.0,0.0,0,0,0.0,0.0,0,0,0.0,0.0,0,0,0.0,6045.78,1,0,0.0,0
LGS2ORD0016513,C014107,2025-05-11 18:00:00,Male,42,Platinum,TV,Chiang Mai,535,Lazada,COD,18,5,6,1,40-50,17.833333333333332,0.0,0.0,0.0,-1,-1,0.0,0.0,0.0,0.0,0.0,0.0,0,0,0.0,0.0,0,0,0.0,0.0,0,0,0.0,0.0,0,0,0.0,1
LGS2ORD0016514,C014740,2025-05-11 19:00:00,Female,43,Bronze,CallCenter,Khon Kaen,571,Shopee,COD,19,5,6,1,40-50,19.033333333333335,2.0,1.0,0.5,2,15,1964.505,0.23,0.5,1.0,0.0,0.0,0,0,0.0,3929.01,2,1,0.5,3929.01,2,1,0.5,3929.01,2,1,0.5,0
LGS2ORD0016515,C017058,2025-05-11 19:00:00,Female,45,Bronze,CallCenter,Chiang Mai,1126,Lazada,Credit_Card,19,5,6,1,40-50,37.53333333333333,4.0,1.0,0.25,63,18,9346.1525,0.18,0.25,0.0,0.0,0.0,0,0,0.0,1967.59,1,0,0.0,37384.61,4,1,0.25,37384.61,4,1,0.25,0
LGS2ORD0016516,C017246,2025-05-11 19:00:00,Female,29,Bronze,TV,Bangkok,508,TV_Show,COD,19,5,6,1,20-30,16.933333333333334,2.0,1.0,0.5,-4,4,2520.285,0.23,1.0,0.5,0.0,2801.76,1,1,1.0,2801.76,1,1,1.0,2801.76,1,1,1.0,5040.57,2,1,0.5,0
LGS2ORD0016517,C014756,2025-05-11 19:00:00,Male,43,Bronze,Lazada,Bangkok,777,Shopee,Credit_Card,19,5,6,1,40-50,25.9,1.0,0.0,0.0,-1,2,2220.73,0.08,0.0,0.0,0.0,2220.73,1,0,0.0,2220.73,1,0,0.0,2220.73,1,0,0.0,2220.73,1,0,0.0,0
LGS2ORD0016518,C013960,2025-05-11 19:00:00,Male,40,Gold,Shopee,Chonburi,1050,Lazada,PromptPay,19,5,6,1,30-40,35.0,0.0,0.0,0.0,-1,-1,0.0,0.0,0.0,0.0,0.0,0.0,0,0,0.0,0.0,0,0,0.0,0.0,0,0,0.0,0.0,0,0,0.0,0
LGS2ORD0016519,C017506,2025-05-11 19:00:00,Other,40,Silver,CallCenter,Bangkok,442,Lazada,PromptPay,19,5,6,1,30-40,14.733333333333333,2.0,0.0,0.0,-1,58,1234.815,0.15,0.5,0.0,0.0,0.0,0,0,0.0,0.0,0,0,0.0,1133.53,1,0,0.0,2469.63,2,0,0.0,0
LGS2ORD0016520,C015047,2025-05-11 20:00:00,Male,33,Silver,CallCenter,Phuket,487,Shopee,COD,20,5,6,1,30-40,16.233333333333334,2.0,2.0,1.0,52,67,1538.8400000000001,0.3,0.5,1.0,0.0,0.0,0,0,0.0,0.0,0,0,0.0,3077.6800000000003,2,2,1.0,3077.6800000000003,2,2,1.0,1
LGS2ORD0016521,C014674,2025-05-11 20:00:00,Male,49,Gold,Web,Bangkok,493,Lazada,COD,20,5,6,1,40-50,16.433333333333334,3.0,0.0,0.0,-1,26,4072.4233333333327,0.13,0.3333333333333333,0.0,0.0,0.0,0,0,0.0,1387.74,1,0,0.0,1387.74,1,0,0.0,12217.269999999999,3,0,0.0,0
LGS2ORD0016522,C017529,2025-05-11 20:00:00,Male,42,Gold,Web,Bangkok,313,Web,PromptPay,20,5,6,1,40-50,10.433333333333334,4.0,1.0,0.25,42,2,4111.2525000000005,0.33,0.5,0.5,0.0,6782.93,1,0,0.0,6782.93,1,0,0.0,16445.010000000002,4,1,0.25,16445.010000000002,4,1,0.25,0
LGS2ORD0016523,C016733,2025-05-11 20:00:00,Female,43,Gold,Web,Bangkok,353,Lazada,PromptPay,20,5,6,1,40-50,11.766666666666667,5.0,1.0,0.2,26,37,4128.201999999999,0.28,0.4,0.4,0.0,0.0,0,0,0.0,0.0,0,0,0.0,3186.13,3,1,0.3333333333333333,20641.009999999995,5,1,0.2,0
LGS2ORD0016524,C011400,2025-05-11 20:00:00,Male,56,Bronze,TV,Khon Kaen,352,TV_Show,Credit_Card,20,5,6,1,>50,11.733333333333333,1.0,0.0,0.0,-1,52,955.86,0.03,0.0,0.0,0.0,0.0,0,0,0.0,0.0,0,0,0.0,955.86,1,0,0.0,955.86,1,0,0.0,0
LGS2ORD0016525,C012500,2025-05-11 21:00:00,Female,32,Gold,Web,Chonburi,238,TV_Show,Credit_Card,21,5,6,1,30-40,7.933333333333334,1.0,0.0,0.0,-1,68,5865.3,0.08,1.0,0.0,0.0,0.0,0,0,0.0,0.0,0,0,0.0,5865.3,1,0,0.0,5865.3,1,0,0.0,0
LGS2ORD0016526,C014740,2025-05-11 21:00:00,Female,43,Bronze,CallCenter,Khon Kaen,571,CallCenter,COD,21,5,6,1,40-50,19.033333333333335,3.0,1.0,0.3333333333333333,2,0,2821.7766666666666,0.23,0.6666666666666666,0.6666666666666666,0.0,4536.32,1,0,0.0,8465.33,3,1,0.3333333333333333,8465.33,3,1,0.3333333333333333,8465.33,3,1,0.3333333333333333,0
LGS2ORD0016527,C017728,2025-05-11 21:00:00,Female,34,Platinum,Lazada,Khon Kaen,401,Lazada,Bank_Transfer,21,5,6,1,30-40,13.366666666666667,1.0,1.0,1.0,75,88,3872.74,0.1,1.0,0.0,0.0,0.0,0,0,0.0,0.0,0,0,0.0,3872.74,1,1,1.0,3872.74,1,1,1.0,0
LGS2ORD0016528,C010930,2025-05-11 21:00:00,Female,38,Bronze,Web,Phuket,1397,TV_Show,PromptPay,21,5,6,1,30-40,46.56666666666667,2.0,0.0,0.0,-1,9,2914.335,0.23,0.5,0.5,0.0,0.0,0,0,0.0,2252.81,1,0,0.0,5828.67,2,0,0.0,5828.67,2,0,0.0,0
LGS2ORD0016529,C010279,2025-05-11 21:00:00,Male,42,Gold,Web,Khon Kaen,1126,Shopee,COD,21,5,6,1,40-50,37.53333333333333,2.0,0.0,0.0,-1,33,25683.315000000002,0.13,0.5,0.0,0.0,0.0,0,0,0.0,0.0,0,0,0.0,51366.630000000005,2,0,0.0,51366.630000000005,2,0,0.0,0
LGS2ORD0016530,C013426,2025-05-11 22:00:00,Female,55,Gold,Lazada,Phuket,586,TV_Show,Credit_Card,22,5,6,1,>50,19.533333333333335,1.0,0.0,0.0,-1,74,1696.82,0.13,0.0,0.0,0.0,0.0,0,0,0.0,0.0,0,0,0.0,1696.82,1,0,0.0,1696.82,1,0,0.0,0
LGS2ORD0016531,C016633,2025-05-11 22:00:00,Male,59,Bronze,CallCenter,Khon Kaen,1083,TV_Show,Credit_Card,22,5,6,1,>50,36.1,1.0,0.0,0.0,-1,55,11105.51,0.03,1.0,0.0,0.0,0.0,0,0,0.0,0.0,0,0,0.0,11105.51,1,0,0.0,11105.51,1,0,0.0,0
LGS2ORD0016532,C011353,2025-05-11 22:00:00,Male,27,Bronze,TV,Remote_Area,317,Shopee,Credit_Card,22,5,6,1,20-30,10.566666666666666,2.0,1.0,0.5,29,37,8726.515,0.13,1.0,0.0,0.0,0.0,0,0,0.0,0.0,0,0,0.0,533.91,1,1,1.0,17453.03,2,1,0.5,0
LGS2ORD0016533,C016062,2025-05-11 22:00:00,Female,37,Bronze,Web,Songkhla,1523,TV_Show,Bank_Transfer,22,5,6,1,30-40,50.766666666666666,6.0,3.0,0.5,46,48,3869.875,0.28,0.8333333333333334,0.5,0.0,0.0,0,0,0.0,0.0,0,0,0.0,19147.73,4,2,0.5,23219.25,6,3,0.5,1
LGS2ORD0016534,C017204,2025-05-11 22:00:00,Female,45,Bronze,Lazada,Chonburi,425,Shopee,COD,22,5,6,1,40-50,14.166666666666666,4.0,1.0,0.25,99,0,3676.34,0.28,0.25,0.5,0.0,1349.52,1,0,0.0,1349.52,1,0,0.0,1349.52,1,0,0.0,14705.36,4,1,0.25,0
LGS2ORD0016535,C017091,2025-05-11 23:00:00,Male,56,Silver,Lazada,Bangkok,260,Shopee,PromptPay,23,5,6,1,>50,8.666666666666666,3.0,2.0,0.6666666666666666,75,25,6420.68,0.2,0.6666666666666666,0.0,0.0,0.0,0,0,0.0,3363.57,1,0,0.0,19262.04,3,2,0.6666666666666666,19262.04,3,2,0.6666666666666666,0
LGS2ORD0016536,C010679,2025-05-11 23:00:00,Male,42,Silver,TV,Phuket,740,Web,PromptPay,23,5,6,1,40-50,24.666666666666668,1.0,1.0,1.0,101,108,5418.99,0.3,1.0,1.0,0.0,0.0,0,0,0.0,0.0,0,0,0.0,0.0,0,0,0.0,5418.99,1,1,1.0,0
LGS2ORD0016537,C011425,2025-05-11 23:00:00,Female,59,Bronze,CallCenter,Nakhon Ratchasima,1483,CallCenter,COD,23,5,6,1,>50,49.43333333333333,4.0,0.0,0.0,-1,78,2752.8,0.23,0.25,0.25,0.0,0.0,0,0,0.0,0.0,0,0,0.0,5886.33,2,0,0.0,11011.2,4,0,0.0,1
LGS2ORD0016538,C011196,2025-05-11 23:00:00,Male,57,Bronze,Lazada,Bangkok,440,TV_Show,COD,23,5,6,1,>50,14.666666666666666,5.0,0.0,0.0,-1,14,5079.212,0.28,0.4,0.2,0.0,0.0,0,0,0.0,5772.7,2,0,0.0,14155.09,3,0,0.0,25396.06,5,0,0.0,0
LGS2ORD0016539,C012813,2025-05-11 23:00:00,Female,46,Silver,TV,Khon Kaen,638,Shopee,Credit_Card,23,5,6,1,40-50,21.266666666666666,2.0,0.0,0.0,-1,59,7714.95,0.2,1.0,0.0,0.0,0.0,0,0,0.0,0.0,0,0,0.0,15429.9,2,0,0.0,15429.9,2,0,0.0,0
LGS2ORD0016540,C015634,2025-05-11 23:00:00,Male,42,Bronze,TV,Songkhla,1206,Shopee,Credit_Card,23,5,6,1,40-50,40.2,1.0,1.0,1.0,20,37,10683.27,0.03,1.0,0.0,0.0,0.0,0,0,0.0,0.0,0,0,0.0,10683.27,1,1,1.0,10683.27,1,1,1.0,0
LGS2ORD0016541,C014846,2025-05-12 00:00:00,Female,37,Gold,Web,Chiang Mai,144,Lazada,Credit_Card,0,5,0,0,30-40,4.8,0.0,0.0,0.0,-1,-1,0.0,0.0,0.0,0.0,0.0,0.0,0,0,0.0,0.0,0,0,0.0,0.0,0,0,0.0,0.0,0,0,0.0,0
LGS2ORD0016542,C010136,2025-05-12 00:00:00,Female,47,Silver,Web,Chonburi,1189,TV_Show,Bank_Transfer,0,5,0,0,40-50,39.63333333333333,0.0,0.0,0.0,-1,-1,0.0,0.0,0.0,0.0,0.0,0.0,0,0,0.0,0.0,0,0,0.0,0.0,0,0,0.0,0.0,0,0,0.0,0
LGS2ORD0016543,C011955,2025-05-12 00:00:00,Male,20,Silver,Lazada,Nakhon Ratchasima,1228,TV_Show,COD,0,5,0,0,<20,40.93333333333333,1.0,0.0,0.0,-1,17,2237.22,0.15,1.0,0.0,0.0,0.0,0,0,0.0,2237.22,1,0,0.0,2237.22,1,0,0.0,2237.22,1,0,0.0,0
LGS2ORD0016544,C010499,2025-05-12 00:00:00,Female,47,Bronze,CallCenter,Phuket,774,Web,COD,0,5,0,0,40-50,25.8,2.0,1.0,0.5,83,25,7172.095,0.23,0.5,0.5,0.0,0.0,0,0,0.0,12396.69,1,0,0.0,12396.69,1,0,0.0,14344.19,2,1,0.5,1
LGS2ORD0016545,C012925,2025-05-12 00:00:00,Female,40,Bronze,Shopee,Khon Kaen,1183,Web,COD,0,5,0,0,30-40,39.43333333333333,3.0,0.0,0.0,-1,23,8009.696666666667,0.18,0.3333333333333333,0.0,0.0,0.0,0,0,0.0,17369.55,1,0,0.0,19013.87,2,0,0.0,24029.09,3,0,0.0,0
LGS2ORD0016546,C014986,2025-05-12 01:00:00,Male,49,Silver,Shopee,Bangkok,631,CallCenter,Credit_Card,1,5,0,0,40-50,21.033333333333335,3.0,0.0,0.0,-1,5,3515.11,0.3,0.0,0.6666666666666666,0.0,1479.42,1,0,0.0,1479.42,1,0,0.0,7311.97,2,0,0.0,10545.33,3,0,0.0,0
LGS2ORD0016547,C011563,2025-05-12 01:00:00,Male,39,Platinum,CallCenter,Bangkok,545,TV_Show,PromptPay,1,5,0,0,30-40,18.166666666666668,4.0,0.0,0.0,-1,0,5264.725,0.3,0.5,0.5,0.0,13263.95,1,0,0.0,13263.95,1,0,0.0,21058.9,4,0,0.0,21058.9,4,0,0.0,0
LGS2ORD0016548,C011382,2025-05-12 01:00:00,Male,30,Bronze,Lazada,Chonburi,1416,Web,Bank_Transfer,1,5,0,0,20-30,47.2,0.0,0.0,0.0,-1,-1,0.0,0.0,0.0,0.0,0.0,0.0,0,0,0.0,0.0,0,0,0.0,0.0,0,0,0.0,0.0,0,0,0.0,0
LGS2ORD0016549,C012013,2025-05-12 01:00:00,Female,52,Silver,CallCenter,Chiang Mai,205,TV_Show,Credit_Card,1,5,0,0,>50,6.833333333333333,4.0,1.0,0.25,57,22,9820.07,0.1,0.75,0.0,0.0,0.0,0,0,0.0,3737.85,1,0,0.0,39280.28,4,1,0.25,39280.28,4,1,0.25,0
LGS2ORD0016550,C016532,2025-05-12 01:00:00,Male,70,Platinum,Shopee,Bangkok,1163,Web,Credit_Card,1,5,0,0,>50,38.766666666666666,3.0,0.0,0.0,-1,29,6108.1033333333335,0.3,0.0,0.3333333333333333,0.0,0.0,0,0,0.0,1727.79,1,0,0.0,18324.31,3,0,0.0,18324.31,3,0,0.0,0
LGS2ORD0016551,C011594,2025-05-12 02:00:00,Female,27,Gold,CallCenter,Bangkok,1470,Web,Bank_Transfer,2,5,0,0,20-30,49.0,5.0,0.0,0.0,-1,30,6238.74,0.28,0.6,0.4,0.0,0.0,0,0,0.0,0.0,0,0,0.0,12664.61,3,0,0.0,31193.699999999997,5,0,0.0,0
LGS2ORD0016552,C017822,2025-05-12 02:00:00,Female,40,Bronze,Web,Phuket,1443,Lazada,PromptPay,2,5,0,0,30-40,48.1,2.0,0.0,0.0,-1,27,6911.235,0.28,0.5,0.5,0.0,0.0,0,0,0.0,9596.3,1,0,0.0,13822.47,2,0,0.0,13822.47,2,0,0.0,0
LGS2ORD0016553,C016889,2025-05-12 02:00:00,Male,47,Bronze,Shopee,Chonburi,704,CallCenter,Credit_Card,2,5,0,0,40-50,23.466666666666665,4.0,0.0,0.0,-1,5,2710.7149999999997,0.08,0.25,0.0,0.0,964.13,1,0,0.0,964.13,1,0,0.0,6239.509999999999,3,0,0.0,10842.859999999999,4,0,0.0,0
LGS2ORD0016554,C010272,2025-05-12 02:00:00,Female,34,Gold,TV,Songkhla,1131,TV_Show,Credit_Card,2,5,0,0,30-40,37.7,3.0,0.0,0.0,-1,32,4405.706666666666,0.2299999999999999,0.0,0.3333333333333333,0.0,0.0,0,0,0.0,0.0,0,0,0.0,13217.119999999999,3,0,0.0,13217.119999999999,3,0,0.0,1
LGS2ORD0016555,C014408,2025-05-12 02:00:00,Female,27,Silver,Shopee,Songkhla,536,TV_Show,PromptPay,2,5,0,0,20-30,17.866666666666667,4.0,1.0,0.25,2,7,6620.049999999999,0.3,0.5,0.75,0.0,0.0,0,0,0.0,4712.65,1,1,1.0,24765.58,3,1,0.3333333333333333,26480.199999999997,4,1,0.25,0
LGS2ORD0016556,C011732,2025-05-12 03:00:00,Male,39,Bronze,Web,Chiang Mai,925,Web,COD,3,5,0,0,30-40,30.833333333333332,5.0,3.0,0.6,6,11,2734.5660000000003,0.23,0.8,0.2,0.0,0.0,0,0,0.0,958.87,1,1,1.0,6045.4800000000005,4,2,0.5,13672.830000000002,5,3,0.6,1
LGS2ORD0016557,C017995,2025-05-12 03:00:00,Female,37,Silver,Web,Songkhla,421,CallCenter,Bank_Transfer,3,5,0,0,30-40,14.033333333333333,1.0,1.0,1.0,30,36,922.56,0.3,1.0,1.0,0.0,0.0,0,0,0.0,0.0,0,0,0.0,922.56,1,1,1.0,922.56,1,1,1.0,0
LGS2ORD0016558,C017496,2025-05-12 03:00:00,Female,54,Gold,Shopee,Chiang Mai,492,TV_Show,Credit_Card,3,5,0,0,>50,16.4,3.0,1.0,0.3333333333333333,0,2,7282.453333333334,0.28,0.6666666666666666,1.0,0.0,7277.93,2,1,0.5,21847.36,3,1,0.3333333333333333,21847.36,3,1,0.3333333333333333,21847.36,3,1,0.3333333333333333,1
LGS2ORD0016559,C014550,2025-05-12 03:00:00,Female,18,Bronze,Lazada,Bangkok,1528,TV_Show,COD,3,5,0,0,<20,50.93333333333333,0.0,0.0,0.0,-1,-1,0.0,0.0,0.0,0.0,0.0,0.0,0,0,0.0,0.0,0,0,0.0,0.0,0,0,0.0,0.0,0,0,0.0,0
LGS2ORD0016560,C012444,2025-05-12 03:00:00,Male,35,Bronze,Web,Bangkok,736,Shopee,Credit_Card,3,5,0,0,30-40,24.533333333333335,2.0,1.0,0.5,68,79,3571.0950000000003,0.18,0.5,0.0,0.0,0.0,0,0,0.0,0.0,0,0,0.0,3347.93,1,1,1.0,7142.1900000000005,2,1,0.5,0
LGS2ORD0016561,C017957,2025-05-12 03:00:00,Male,35,Bronze,CallCenter,Chiang Mai,290,CallCenter,COD,3,5,0,0,30-40,9.666666666666666,3.0,0.0,0.0,-1,31,4694.71,0.13,0.6666666666666666,0.0,0.0,0.0,0,0,0.0,0.0,0,0,0.0,10531.33,2,0,0.0,14084.130000000001,3,0,0.0,0
LGS2ORD0016562,C017328,2025-05-12 04:00:00,Female,48,Bronze,Lazada,Khon Kaen,1368,CallCenter,PromptPay,4,5,0,0,40-50,45.6,2.0,0.0,0.0,-1,23,1229.18,0.03,1.0,0.0,0.0,0.0,0,0,0.0,1747.43,1,0,0.0,2458.36,2,0,0.0,2458.36,2,0,0.0,0
LGS2ORD0016563,C014451,2025-05-12 04:00:00,Female,58,Silver,Web,Chonburi,1463,Lazada,PromptPay,4,5,0,0,>50,48.766666666666666,2.0,0.0,0.0,-1,0,3328.96,0.2,0.5,0.0,0.0,4685.34,1,0,0.0,4685.34,1,0,0.0,4685.34,1,0,0.0,6657.92,2,0,0.0,0
LGS2ORD0016564,C015707,2025-05-12 04:00:00,Male,35,Silver,Web,Phuket,681,Web,COD,4,5,0,0,30-40,22.7,3.0,0.0,0.0,-1,23,18978.966666666664,0.2,0.6666666666666666,0.0,0.0,0.0,0,0,0.0,23171.91,1,0,0.0,55832.34,2,0,0.0,56936.899999999994,3,0,0.0,1
LGS2ORD0016565,C016073,2025-05-12 04:00:00,Female,32,Bronze,Shopee,Bangkok,639,Web,COD,4,5,0,0,30-40,21.3,7.0,0.0,0.0,-1,30,10293.675714285713,0.23,0.7142857142857143,0.2857142857142857,0.0,0.0,0,0,0.0,0.0,0,0,0.0,44070.96,6,0,0.0,72055.73,7,0,0.0,0
LGS2ORD0016566,C013416,2025-05-12 04:00:00,Male,43,Bronze,CallCenter,Songkhla,616,Lazada,Credit_Card,4,5,0,0,40-50,20.533333333333335,2.0,0.0,0.0,-1,12,1075.4,0.18,0.0,0.0,0.0,0.0,0,0,0.0,1615.58,1,0,0.0,2150.8,2,0,0.0,2150.8,2,0,0.0,0
LGS2ORD0016567,C010746,2025-05-12 05:00:00,Male,51,Bronze,Web,Songkhla,932,Web,COD,5,5,0,0,>50,31.066666666666666,3.0,2.0,0.6666666666666666,8,13,7048.506666666665,0.23,0.3333333333333333,0.3333333333333333,0.0,0.0,0,0,0.0,1580.17,1,1,1.0,9280.29,2,2,1.0,21145.519999999997,3,2,0.6666666666666666,1
LGS2ORD0016568,C017856,2025-05-12 05:00:00,Female,48,Bronze,Web,Bangkok,353,Lazada,COD,5,5,0,0,40-50,11.766666666666667,3.0,2.0,0.6666666666666666,54,30,3192.5933333333337,0.28,0.3333333333333333,0.6666666666666666,0.0,0.0,0,0,0.0,0.0,0,0,0.0,9577.78,3,2,0.6666666666666666,9577.78,3,2,0.6666666666666666,0
LGS2ORD0016569,C016511,2025-05-12 05:00:00,Female,56,Bronze,CallCenter,Chiang Mai,281,Lazada,COD,5,5,0,0,>50,9.366666666666667,2.0,0.0,0.0,-1,46,4935.085,0.18,0.5,0.0,0.0,0.0,0,0,0.0,0.0,0,0,0.0,9870.17,2,0,0.0,9870.17,2,0,0.0,1
LGS2ORD0016570,C010458,2025-05-12 05:00:00,Male,41,Silver,CallCenter,Bangkok,499,TV_Show,COD,5,5,0,0,40-50,16.633333333333333,2.0,2.0,1.0,-4,5,5196.08,0.25,0.5,0.5,0.0,1074.77,1,1,1.0,1074.77,1,1,1.0,10392.16,2,2,1.0,10392.16,2,2,1.0,0
LGS2ORD0016571,C016658,2025-05-12 05:00:00,Male,47,Silver,Lazada,Chiang Mai,553,CallCenter,PromptPay,5,5,0,0,40-50,18.433333333333334,2.0,0.0,0.0,-1,80,11475.795,0.25,0.5,0.5,0.0,0.0,0,0,0.0,0.0,0,0,0.0,21494.27,1,0,0.0,22951.59,2,0,0.0,1
LGS2ORD0016572,C011694,2025-05-12 06:00:00,Male,36,Silver,TV,Bangkok,229,TV_Show,COD,6,5,0,0,30-40,7.633333333333334,4.0,0.0,0.0,-1,35,7266.13,0.3,0.5,0.5,0.0,0.0,0,0,0.0,0.0,0,0,0.0,13918.31,3,0,0.0,29064.52,4,0,0.0,1
LGS2ORD0016573,C016140,2025-05-12 06:00:00,Male,27,Silver,Web,Chiang Mai,232,Shopee,Bank_Transfer,6,5,0,0,20-30,7.733333333333333,3.0,0.0,0.0,-1,22,6075.349999999999,0.3,0.6666666666666666,0.3333333333333333,0.0,0.0,0,0,0.0,10621.34,1,0,0.0,18226.05,3,0,0.0,18226.05,3,0,0.0,0
LGS2ORD0016574,C012224,2025-05-12 06:00:00,Male,49,Gold,Lazada,Bangkok,183,TV_Show,COD,6,5,0,0,40-50,6.1,0.0,0.0,0.0,-1,-1,0.0,0.0,0.0,0.0,0.0,0.0,0,0,0.0,0.0,0,0,0.0,0.0,0,0,0.0,0.0,0,0,0.0,0
LGS2ORD0016575,C012205,2025-05-12 06:00:00,Male,31,Bronze,TV,Remote_Area,956,Shopee,PromptPay,6,5,0,0,30-40,31.866666666666667,4.0,1.0,0.25,101,46,889.1875,0.23,0.5,0.25,0.0,0.0,0,0,0.0,0.0,0,0,0.0,674.16,1,0,0.0,3556.75,4,1,0.25,0
LGS2ORD0016576,C016749,2025-05-12 06:00:00,Male,22,Bronze,TV,Songkhla,393,TV_Show,Credit_Card,6,5,0,0,20-30,13.1,3.0,0.0,0.0,-1,59,4472.276666666667,0.28,0.6666666666666666,0.3333333333333333,0.0,0.0,0,0,0.0,0.0,0,0,0.0,2560.28,1,0,0.0,13416.83,3,0,0.0,1
LGS2ORD0016577,C012826,2025-05-12 06:00:00,Male,55,Bronze,Shopee,Chiang Mai,401,TV_Show,PromptPay,6,5,0,0,>50,13.366666666666667,3.0,0.0,0.0,-1,5,2522.31,0.03,0.0,0.0,0.0,5857.18,1,0,0.0,5857.18,1,0,0.0,7566.93,3,0,0.0,7566.93,3,0,0.0,0
LGS2ORD0016578,C013489,2025-05-12 07:00:00,Female,29,Bronze,Shopee,Chonburi,346,Web,Credit_Card,7,5,0,0,20-30,11.533333333333333,0.0,0.0,0.0,-1,-1,0.0,0.0,0.0,0.0,0.0,0.0,0,0,0.0,0.0,0,0,0.0,0.0,0,0,0.0,0.0,0,0,0.0,0
LGS2ORD0016579,C014789,2025-05-12 07:00:00,Female,43,Silver,TV,Remote_Area,292,Shopee,Credit_Card,7,5,0,0,40-50,9.733333333333333,0.0,0.0,0.0,-1,-1,0.0,0.0,0.0,0.0,0.0,0.0,0,0,0.0,0.0,0,0,0.0,0.0,0,0,0.0,0.0,0,0,0.0,0
LGS2ORD0016580,C013888,2025-05-12 07:00:00,Male,57,Silver,TV,Khon Kaen,724,TV_Show,COD,7,5,0,0,>50,24.133333333333333,1.0,0.0,0.0,-1,98,3576.56,0.1,0.0,0.0,0.0,0.0,0,0,0.0,0.0,0,0,0.0,0.0,0,0,0.0,3576.56,1,0,0.0,0
LGS2ORD0016581,C012307,2025-05-12 07:00:00,Male,49,Bronze,TV,Phuket,1419,Web,Credit_Card,7,5,0,0,40-50,47.3,2.0,0.0,0.0,-1,72,2192.695,0.08,1.0,0.0,0.0,0.0,0,0,0.0,0.0,0,0,0.0,888.16,1,0,0.0,4385.39,2,0,0.0,0
LGS2ORD0016582,C016153,2025-05-12 07:00:00,Female,50,Bronze,Shopee,Bangkok,363,Lazada,COD,7,5,0,0,40-50,12.1,2.0,0.0,0.0,-1,41,2428.02,0.18,0.5,0.0,0.0,0.0,0,0,0.0,0.0,0,0,0.0,1445.18,1,0,0.0,4856.04,2,0,0.0,0
LGS2ORD0016583,C011466,2025-05-12 08:00:00,Male,27,Gold,CallCenter,Bangkok,1150,Shopee,COD,8,5,0,0,20-30,38.333333333333336,3.0,1.0,0.3333333333333333,-3,0,1533.07,0.28,0.3333333333333333,0.6666666666666666,0.0,1445.0,1,1,1.0,1445.0,1,1,1.0,4599.21,3,1,0.3333333333333333,4599.21,3,1,0.3333333333333333,1
LGS2ORD0016584,C015896,2025-05-12 08:00:00,Male,26,Bronze,CallCenter,Chonburi,187,TV_Show,Bank_Transfer,8,5,0,0,20-30,6.233333333333333,3.0,2.0,0.6666666666666666,31,36,2071.436666666667,0.18,0.3333333333333333,0.0,0.0,0.0,0,0,0.0,0.0,0,0,0.0,6214.31,3,2,0.6666666666666666,6214.31,3,2,0.6666666666666666,0
LGS2ORD0016585,C012624,2025-05-12 08:00:00,Male,47,Silver,Shopee,Remote_Area,925,Lazada,COD,8,5,0,0,40-50,30.833333333333332,2.0,1.0,0.5,4,10,4044.715,0.1,0.5,0.0,0.0,0.0,0,0,0.0,7160.76,1,1,1.0,8089.43,2,1,0.5,8089.43,2,1,0.5,1
LGS2ORD0016586,C016927,2025-05-12 08:00:00,Male,39,Bronze,TV,Chonburi,217,TV_Show,COD,8,5,0,0,30-40,7.233333333333333,1.0,0.0,0.0,-1,60,1041.59,0.08,0.0,0.0,0.0,0.0,0,0,0.0,0.0,0,0,0.0,1041.59,1,0,0.0,1041.59,1,0,0.0,1
LGS2ORD0016587,C016551,2025-05-12 08:00:00,Female,46,Silver,TV,Bangkok,665,TV_Show,Credit_Card,8,5,0,0,40-50,22.166666666666668,2.0,1.0,0.5,110,116,5356.125,0.05,0.5,0.0,0.0,0.0,0,0,0.0,0.0,0,0,0.0,0.0,0,0,0.0,10712.25,2,1,0.5,0
LGS2ORD0016588,C016508,2025-05-12 09:00:00,Female,66,Silver,Shopee,Chonburi,323,CallCenter,PromptPay,9,5,0,0,>50,10.766666666666667,1.0,0.0,0.0,-1,59,5655.5,0.2,0.0,0.0,0.0,0.0,0,0,0.0,0.0,0,0,0.0,5655.5,1,0,0.0,5655.5,1,0,0.0,0
LGS2ORD0016589,C013061,2025-05-12 09:00:00,Female,41,Silver,TV,Nakhon Ratchasima,1323,Web,COD,9,5,0,0,40-50,44.1,3.0,2.0,0.6666666666666666,30,45,2282.2000000000003,0.15,0.3333333333333333,0.0,0.0,0.0,0,0,0.0,0.0,0,0,0.0,6120.14,2,2,1.0,6846.6,3,2,0.6666666666666666,1
LGS2ORD0016590,C012282,2025-05-12 09:00:00,Female,20,Silver,TV,Phuket,898,Web,PromptPay,9,5,0,0,<20,29.933333333333334,3.0,1.0,0.3333333333333333,58,20,2999.4133333333334,0.2,1.0,0.0,0.0,0.0,0,0,0.0,6867.78,2,0,0.0,8998.24,3,1,0.3333333333333333,8998.24,3,1,0.3333333333333333,0
LGS2ORD0016591,C015889,2025-05-12 09:00:00,Female,36,Silver,TV,Bangkok,918,Lazada,Credit_Card,9,5,0,0,30-40,30.6,3.0,0.0,0.0,-1,6,5834.903333333333,0.1,0.6666666666666666,0.0,0.0,13626.02,1,0,0.0,17504.71,3,0,0.0,17504.71,3,0,0.0,17504.71,3,0,0.0,1
LGS2ORD0016592,C015412,2025-05-12 09:00:00,Male,39,Silver,Shopee,Nakhon Ratchasima,606,Web,COD,9,5,0,0,30-40,20.2,3.0,1.0,0.3333333333333333,68,78,4462.466666666666,0.15,0.3333333333333333,0.0,0.0,0.0,0,0,0.0,0.0,0,0,0.0,11710.6,2,1,0.5,13387.4,3,1,0.3333333333333333,0
LGS2ORD0016593,C010459,2025-05-12 10:00:00,Female,42,Silver,TV,Remote_Area,1272,Web,COD,10,5,0,0,40-50,42.4,2.0,0.0,0.0,-1,56,1224.13,0.2,0.5,0.0,0.0,0.0,0,0,0.0,0.0,0,0,0.0,1231.69,1,0,0.0,2448.26,2,0,0.0,0
LGS2ORD0016594,C010032,2025-05-12 10:00:00,Male,52,Silver,Shopee,Nakhon Ratchasima,346,TV_Show,PromptPay,10,5,0,0,>50,11.533333333333333,3.0,1.0,0.3333333333333333,39,47,3501.7466666666664,0.2,0.3333333333333333,0.0,0.0,0.0,0,0,0.0,0.0,0,0,0.0,7123.33,2,1,0.5,10505.24,3,1,0.3333333333333333,0
LGS2ORD0016595,C012177,2025-05-12 10:00:00,Female,34,Bronze,Web,Nakhon Ratchasima,1168,Shopee,COD,10,5,0,0,30-40,38.93333333333333,2.0,1.0,0.5,17,1,1458.2649999999999,0.23,1.0,0.5,0.0,1602.72,1,0,0.0,1602.72,1,0,0.0,2916.5299999999997,2,1,0.5,2916.5299999999997,2,1,0.5,1
LGS2ORD0016596,C017404,2025-05-12 10:00:00,Female,37,Gold,Web,Bangkok,711,Web,COD,10,5,0,0,30-40,23.7,1.0,0.0,0.0,-1,72,955.22,0.28,1.0,1.0,0.0,0.0,0,0,0.0,0.0,0,0,0.0,955.22,1,0,0.0,955.22,1,0,0.0,0
LGS2ORD0016597,C013167,2025-05-12 10:00:00,Female,30,Gold,CallCenter,Bangkok,1401,Shopee,PromptPay,10,5,0,0,20-30,46.7,2.0,0.0,0.0,-1,86,5268.305,0.13,0.5,0.0,0.0,0.0,0,0,0.0,0.0,0,0,0.0,6849.91,1,0,0.0,10536.61,2,0,0.0,0
LGS2ORD0016598,C015659,2025-05-12 10:00:00,Female,41,Silver,Shopee,Phuket,1173,Lazada,PromptPay,10,5,0,0,40-50,39.1,2.0,1.0,0.5,37,44,5380.715,0.25,0.5,0.5,0.0,0.0,0,0,0.0,0.0,0,0,0.0,10761.43,2,1,0.5,10761.43,2,1,0.5,0
LGS2ORD0016599,C010429,2025-05-12 11:00:00,Male,52,Bronze,TV,Bangkok,1410,TV_Show,COD,11,5,0,0,>50,47.0,2.0,0.0,0.0,-1,37,13932.785,0.23,1.0,0.5,0.0,0.0,0,0,0.0,0.0,0,0,0.0,27865.57,2,0,0.0,27865.57,2,0,0.0,0
LGS2ORD0016600,C016787,2025-05-12 11:00:00,Male,43,Bronze,TV,Nakhon Ratchasima,1454,TV_Show,Bank_Transfer,11,5,0,0,40-50,48.46666666666667,2.0,0.0,0.0,-1,9,2244.94,0.18,0.5,0.0,0.0,0.0,0,0,0.0,4489.88,2,0,0.0,4489.88,2,0,0.0,4489.88,2,0,0.0,0
LGS2ORD0016601,C013417,2025-05-12 11:00:00,Female,45,Bronze,Web,Bangkok,835,TV_Show,Bank_Transfer,11,5,0,0,40-50,27.833333333333332,1.0,0.0,0.0,-1,41,1266.74,0.18,0.0,0.0,0.0,0.0,0,0,0.0,0.0,0,0,0.0,1266.74,1,0,0.0,1266.74,1,0,0.0,0
LGS2ORD0016602,C010299,2025-05-12 11:00:00,Female,18,Bronze,TV,Chonburi,349,Web,COD,11,5,0,0,<20,11.633333333333333,3.0,0.0,0.0,-1,26,6378.563333333334,0.23,0.0,0.3333333333333333,0.0,0.0,0,0,0.0,951.15,1,0,0.0,2720.33,2,0,0.0,19135.690000000002,3,0,0.0,1
LGS2ORD0016603,C012216,2025-05-12 11:00:00,Female,51,Silver,TV,Remote_Area,1201,Web,COD,11,5,0,0,>50,40.03333333333333,0.0,0.0,0.0,-1,-1,0.0,0.0,0.0,0.0,0.0,0.0,0,0,0.0,0.0,0,0,0.0,0.0,0,0,0.0,0.0,0,0,0.0,1
LGS2ORD0016604,C016733,2025-05-12 12:00:00,Female,43,Gold,Web,Bangkok,354,Web,COD,12,5,0,0,40-50,11.8,6.0,1.0,0.16666666666666666,27,0,3929.269999999999,0.28,0.3333333333333333,0.5,0.0,2934.61,1,0,0.0,2934.61,1,0,0.0,6120.74,4,1,0.25,23575.619999999995,6,1,0.16666666666666666,0
LGS2ORD0016605,C013136,2025-05-12 12:00:00,Female,50,Bronze,CallCenter,Bangkok,373,Lazada,PromptPay,12,5,0,0,40-50,12.433333333333334,1.0,0.0,0.0,-1,127,1890.63,0.03,0.0,0.0,0.0,0.0,0,0,0.0,0.0,0,0,0.0,0.0,0,0,0.0,1890.63,1,0,0.0,0
LGS2ORD0016606,C010300,2025-05-12 12:00:00,Female,41,Bronze,TV,Bangkok,834,Web,COD,12,5,0,0,40-50,27.8,1.0,0.0,0.0,-1,19,2779.77,0.23,0.0,1.0,0.0,0.0,0,0,0.0,2779.77,1,0,0.0,2779.77,1,0,0.0,2779.77,1,0,0.0,0
LGS2ORD0016607,C014506,2025-05-12 12:00:00,Female,48,Platinum,CallCenter,Bangkok,542,Web,COD,12,5,0,0,40-50,18.066666666666666,0.0,0.0,0.0,-1,-1,0.0,0.0,0.0,0.0,0.0,0.0,0,0,0.0,0.0,0,0,0.0,0.0,0,0,0.0,0.0,0,0,0.0,0
LGS2ORD0016608,C010961,2025-05-12 12:00:00,Female,50,Platinum,Shopee,Bangkok,1392,Lazada,Credit_Card,12,5,0,0,40-50,46.4,1.0,0.0,0.0,-1,58,14426.61,0.25,0.0,1.0,0.0,0.0,0,0,0.0,0.0,0,0,0.0,14426.61,1,0,0.0,14426.61,1,0,0.0,0
LGS2ORD0016609,C012239,2025-05-12 13:00:00,Male,47,Silver,Shopee,Remote_Area,1592,Web,Credit_Card,13,5,0,0,40-50,53.06666666666667,4.0,2.0,0.5,0,14,4227.08,0.3,0.5,0.75,0.0,0.0,0,0,0.0,370.84,1,1,1.0,12223.45,2,2,1.0,16908.32,4,2,0.5,1
LGS2ORD0016610,C017237,2025-05-12 13:00:00,Female,59,Silver,Lazada,Bangkok,1065,CallCenter,COD,13,5,0,0,>50,35.5,4.0,1.0,0.25,60,18,6249.827500000001,0.2,0.75,0.0,0.0,0.0,0,0,0.0,419.4,1,0,0.0,24999.310000000005,4,1,0.25,24999.310000000005,4,1,0.25,0
LGS2ORD0016611,C015326,2025-05-12 13:00:00,Male,22,Bronze,Lazada,Chonburi,154,TV_Show,COD,13,5,0,0,20-30,5.133333333333334,2.0,0.0,0.0,-1,32,4751.955,0.28,0.0,0.5,0.0,0.0,0,0,0.0,0.0,0,0,0.0,9503.91,2,0,0.0,9503.91,2,0,0.0,0
LGS2ORD0016612,C017068,2025-05-12 13:00:00,Male,57,Bronze,TV,Khon Kaen,286,TV_Show,Credit_Card,13,5,0,0,>50,9.533333333333333,1.0,0.0,0.0,-1,93,1945.65,0.23,0.0,1.0,0.0,0.0,0,0,0.0,0.0,0,0,0.0,0.0,0,0,0.0,1945.65,1,0,0.0,0
LGS2ORD0016613,C017140,2025-05-12 13:00:00,Male,34,Silver,CallCenter,Chiang Mai,1169,Web,PromptPay,13,5,0,0,30-40,38.96666666666667,4.0,0.0,0.0,-1,5,11555.4475,0.2,0.25,0.0,0.0,3490.33,1,0,0.0,29600.699999999997,2,0,0.0,29600.699999999997,2,0,0.0,46221.79,4,0,0.0,1
LGS2ORD0016614,C017814,2025-05-12 14:00:00,Male,32,Gold,CallCenter,Bangkok,1209,Shopee,COD,14,5,0,0,30-40,40.3,1.0,0.0,0.0,-1,76,1805.85,0.08,0.0,0.0,0.0,0.0,0,0,0.0,0.0,0,0,0.0,1805.85,1,0,0.0,1805.85,1,0,0.0,0
LGS2ORD0016615,C011322,2025-05-12 14:00:00,Male,45,Silver,TV,Chonburi,782,Web,COD,14,5,0,0,40-50,26.066666666666666,1.0,0.0,0.0,-1,112,11989.24,0.15,0.0,0.0,0.0,0.0,0,0,0.0,0.0,0,0,0.0,0.0,0,0,0.0,11989.24,1,0,0.0,1
LGS2ORD0016616,C016772,2025-05-12 14:00:00,Male,70,Silver,Lazada,Phuket,555,Shopee,Bank_Transfer,14,5,0,0,>50,18.5,3.0,1.0,0.3333333333333333,117,21,4804.673333333333,0.25,0.0,0.3333333333333333,0.0,0.0,0,0,0.0,12010.9,1,0,0.0,12010.9,1,0,0.0,14414.02,3,1,0.3333333333333333,1
LGS2ORD0016617,C014286,2025-05-12 14:00:00,Female,42,Bronze,CallCenter,Bangkok,188,Shopee,COD,14,5,0,0,40-50,6.266666666666667,1.0,0.0,0.0,-1,115,2556.47,0.18,1.0,0.0,0.0,0.0,0,0,0.0,0.0,0,0,0.0,0.0,0,0,0.0,2556.47,1,0,0.0,1
LGS2ORD0016618,C011749,2025-05-12 14:00:00,Female,47,Bronze,TV,Khon Kaen,215,Web,COD,14,5,0,0,40-50,7.166666666666667,3.0,0.0,0.0,-1,54,7967.406666666666,0.23,0.3333333333333333,0.3333333333333333,0.0,0.0,0,0,0.0,0.0,0,0,0.0,12552.01,2,0,0.0,23902.219999999998,3,0,0.0,0
LGS2ORD0016619,C014186,2025-05-12 14:00:00,Male,44,Gold,TV,Bangkok,826,Lazada,Bank_Transfer,14,5,0,0,40-50,27.533333333333335,1.0,1.0,1.0,36,45,2300.4,0.08,1.0,0.0,0.0,0.0,0,0,0.0,0.0,0,0,0.0,2300.4,1,1,1.0,2300.4,1,1,1.0,0
LGS2ORD0016620,C015369,2025-05-12 15:00:00,Female,34,Bronze,Web,Remote_Area,1324,Shopee,COD,15,5,0,0,30-40,44.13333333333333,1.0,0.0,0.0,-1,24,847.76,0.18,0.0,0.0,0.0,0.0,0,0,0.0,847.76,1,0,0.0,847.76,1,0,0.0,847.76,1,0,0.0,1
LGS2ORD0016621,C015355,2025-05-12 15:00:00,Male,24,Gold,TV,Chiang Mai,940,Lazada,Credit_Card,15,5,0,0,20-30,31.333333333333332,4.0,1.0,0.25,93,22,1137.2725,0.33,0.5,0.75,0.0,0.0,0,0,0.0,2029.93,1,0,0.0,3283.1000000000004,2,0,0.0,4549.09,4,1,0.25,0
LGS2ORD0016622,C013764,2025-05-12 15:00:00,Male,47,Platinum,Web,Nakhon Ratchasima,421,CallCenter,COD,15,5,0,0,40-50,14.033333333333333,2.0,0.0,0.0,-1,38,8900.24,0.3,0.5,0.5,0.0,0.0,0,0,0.0,0.0,0,0,0.0,1600.5,1,0,0.0,17800.48,2,0,0.0,0
LGS2ORD0016623,C011352,2025-05-12 15:00:00,Male,71,Gold,TV,Songkhla,1126,Lazada,Credit_Card,15,5,0,0,>50,37.53333333333333,1.0,0.0,0.0,-1,12,8392.0,0.13,1.0,0.0,0.0,0.0,0,0,0.0,8392.0,1,0,0.0,8392.0,1,0,0.0,8392.0,1,0,0.0,0
LGS2ORD0016624,C010797,2025-05-12 15:00:00,Female,31,Gold,CallCenter,Khon Kaen,1416,TV_Show,COD,15,5,0,0,30-40,47.2,2.0,1.0,0.5,90,85,1865.285,0.08,0.5,0.0,0.0,0.0,0,0,0.0,0.0,0,0,0.0,2334.32,1,0,0.0,3730.57,2,1,0.5,1
LGS2ORD0016625,C011192,2025-05-12 16:00:00,Male,37,Bronze,TV,Chiang Mai,1383,CallCenter,COD,16,5,0,0,30-40,46.1,2.0,1.0,0.5,22,30,3745.0,0.28,0.5,0.5,0.0,0.0,0,0,0.0,0.0,0,0,0.0,6597.96,1,1,1.0,7490.0,2,1,0.5,0
LGS2ORD0016626,C013645,2025-05-12 16:00:00,Male,64,Silver,TV,Khon Kaen,1307,Lazada,COD,16,5,0,0,>50,43.56666666666667,5.0,2.0,0.4,0,12,8461.888,0.25,0.4,0.2,0.0,0.0,0,0,0.0,31682.03,2,1,0.5,42309.44,5,2,0.4,42309.44,5,2,0.4,1
LGS2ORD0016627,C011918,2025-05-12 16:00:00,Female,39,Gold,Web,Nakhon Ratchasima,1111,Lazada,COD,16,5,0,0,30-40,37.03333333333333,0.0,0.0,0.0,-1,-1,0.0,0.0,0.0,0.0,0.0,0.0,0,0,0.0,0.0,0,0,0.0,0.0,0,0,0.0,0.0,0,0,0.0,0
LGS2ORD0016628,C014731,2025-05-12 16:00:00,Male,37,Silver,TV,Nakhon Ratchasima,1217,Web,Bank_Transfer,16,5,0,0,30-40,40.56666666666667,3.0,0.0,0.0,-1,28,17002.833333333332,0.2,0.6666666666666666,0.0,0.0,0.0,0,0,0.0,24926.09,1,0,0.0,33616.71,2,0,0.0,51008.5,3,0,0.0,0
LGS2ORD0016629,C011007,2025-05-12 16:00:00,Male,28,Gold,TV,Bangkok,937,TV_Show,COD,16,5,0,0,20-30,31.233333333333334,3.0,1.0,0.3333333333333333,55,36,6103.883333333332,0.2299999999999999,1.0,0.3333333333333333,0.0,0.0,0,0,0.0,0.0,0,0,0.0,18311.649999999998,3,1,0.3333333333333333,18311.649999999998,3,1,0.3333333333333333,1
LGS2ORD0016630,C013939,2025-05-12 17:00:00,Female,42,Bronze,TV,Remote_Area,597,CallCenter,COD,17,5,0,0,40-50,19.9,2.0,0.0,0.0,-1,65,9522.72,0.08,1.0,0.0,0.0,0.0,0,0,0.0,0.0,0,0,0.0,18419.52,1,0,0.0,19045.44,2,0,0.0,1
LGS2ORD0016631,C014461,2025-05-12 17:00:00,Male,44,Gold,CallCenter,Chiang Mai,184,Shopee,Credit_Card,17,5,0,0,40-50,6.133333333333334,1.0,0.0,0.0,-1,21,2602.57,0.08,0.0,0.0,0.0,0.0,0,0,0.0,2602.57,1,0,0.0,2602.57,1,0,0.0,2602.57,1,0,0.0,0
LGS2ORD0016632,C013985,2025-05-12 17:00:00,Female,36,Silver,TV,Chonburi,1204,Shopee,COD,17,5,0,0,30-40,40.13333333333333,0.0,0.0,0.0,-1,-1,0.0,0.0,0.0,0.0,0.0,0.0,0,0,0.0,0.0,0,0,0.0,0.0,0,0,0.0,0.0,0,0,0.0,0
LGS2ORD0016633,C012373,2025-05-12 17:00:00,Female,55,Bronze,TV,Chonburi,1177,Shopee,PromptPay,17,5,0,0,>50,39.233333333333334,2.0,0.0,0.0,-1,45,5815.69,0.23,0.5,0.5,0.0,0.0,0,0,0.0,0.0,0,0,0.0,11631.38,2,0,0.0,11631.38,2,0,0.0,0
LGS2ORD0016634,C016563,2025-05-12 17:00:00,Female,47,Silver,Web,Remote_Area,295,Shopee,COD,17,5,0,0,40-50,9.833333333333334,1.0,0.0,0.0,-1,77,2598.87,0.2,1.0,0.0,0.0,0.0,0,0,0.0,0.0,0,0,0.0,2598.87,1,0,0.0,2598.87,1,0,0.0,1
LGS2ORD0016635,C013552,2025-05-12 18:00:00,Female,40,Silver,CallCenter,Bangkok,1191,Shopee,COD,18,5,0,0,30-40,39.7,0.0,0.0,0.0,-1,-1,0.0,0.0,0.0,0.0,0.0,0.0,0,0,0.0,0.0,0,0,0.0,0.0,0,0,0.0,0.0,0,0,0.0,1
LGS2ORD0016636,C014566,2025-05-12 18:00:00,Other,38,Bronze,TV,Bangkok,211,Lazada,Bank_Transfer,18,5,0,0,30-40,7.033333333333333,5.0,2.0,0.4,63,51,10839.16,0.23,0.8,0.2,0.0,0.0,0,0,0.0,0.0,0,0,0.0,8080.15,2,1,0.5,54195.799999999996,5,2,0.4,0
LGS2ORD0016637,C015514,2025-05-12 18:00:00,Female,27,Bronze,Lazada,Bangkok,831,TV_Show,COD,18,5,0,0,20-30,27.7,4.0,0.0,0.0,-1,37,5955.335,0.28,0.0,0.5,0.0,0.0,0,0,0.0,0.0,0,0,0.0,8619.6,3,0,0.0,23821.34,4,0,0.0,1
LGS2ORD0016638,C013402,2025-05-12 18:00:00,Male,40,Bronze,TV,Phuket,529,TV_Show,Credit_Card,18,5,0,0,30-40,17.633333333333333,4.0,2.0,0.5,15,23,4050.08,0.18,1.0,0.0,0.0,0.0,0,0,0.0,9512.23,1,1,1.0,13888.63,3,1,0.3333333333333333,16200.32,4,2,0.5,0
LGS2ORD0016639,C011297,2025-05-12 18:00:00,Female,62,Gold,Shopee,Chiang Mai,358,Lazada,Bank_Transfer,18,5,0,0,>50,11.933333333333334,1.0,0.0,0.0,-1,83,7302.17,0.33,1.0,1.0,0.0,0.0,0,0,0.0,0.0,0,0,0.0,7302.17,1,0,0.0,7302.17,1,0,0.0,1
LGS2ORD0016640,C011740,2025-05-12 18:00:00,Male,30,Bronze,CallCenter,Nakhon Ratchasima,532,TV_Show,COD,18,5,0,0,20-30,17.733333333333334,2.0,0.0,0.0,-1,99,2999.63,0.28,0.0,0.5,0.0,0.0,0,0,0.0,0.0,0,0,0.0,0.0,0,0,0.0,5999.26,2,0,0.0,1
LGS2ORD0016641,C011063,2025-05-12 19:00:00,Male,18,Gold,Shopee,Nakhon Ratchasima,745,Shopee,COD,19,5,0,0,<20,24.833333333333332,3.0,0.0,0.0,-1,78,811.98,0.28,0.6666666666666666,0.6666666666666666,0.0,0.0,0,0,0.0,0.0,0,0,0.0,1278.5,1,0,0.0,2435.94,3,0,0.0,0
LGS2ORD0016642,C011624,2025-05-12 19:00:00,Female,24,Bronze,Shopee,Bangkok,940,TV_Show,COD,19,5,0,0,20-30,31.333333333333332,1.0,1.0,1.0,124,131,1988.23,0.18,1.0,0.0,0.0,0.0,0,0,0.0,0.0,0,0,0.0,0.0,0,0,0.0,1988.23,1,1,1.0,0
LGS2ORD0016643,C011787,2025-05-12 19:00:00,Female,46,Silver,Web,Bangkok,1393,CallCenter,COD,19,5,0,0,40-50,46.43333333333333,1.0,1.0,1.0,99,102,1273.41,0.25,1.0,1.0,0.0,0.0,0,0,0.0,0.0,0,0,0.0,0.0,0,0,0.0,1273.41,1,1,1.0,0
LGS2ORD0016644,C014208,2025-05-12 19:00:00,Male,38,Silver,Web,Remote_Area,622,TV_Show,Bank_Transfer,19,5,0,0,30-40,20.733333333333334,1.0,1.0,1.0,84,89,2011.4,0.05,1.0,0.0,0.0,0.0,0,0,0.0,0.0,0,0,0.0,2011.4,1,1,1.0,2011.4,1,1,1.0,0
LGS2ORD0016645,C017758,2025-05-12 19:00:00,Other,33,Gold,Web,Bangkok,892,Lazada,PromptPay,19,5,0,0,30-40,29.733333333333334,2.0,0.0,0.0,-1,27,5419.3099999999995,0.13,0.0,0.0,0.0,0.0,0,0,0.0,6095.45,1,0,0.0,10838.619999999999,2,0,0.0,10838.619999999999,2,0,0.0,0
LGS2ORD0016646,C011702,2025-05-12 20:00:00,Female,54,Gold,Web,Phuket,189,Shopee,Credit_Card,20,5,0,0,>50,6.3,2.0,0.0,0.0,-1,2,5666.05,0.18,0.5,0.0,0.0,9516.67,1,0,0.0,9516.67,1,0,0.0,11332.1,2,0,0.0,11332.1,2,0,0.0,1
LGS2ORD0016647,C011270,2025-05-12 20:00:00,Female,27,Silver,TV,Chonburi,1409,Web,COD,20,5,0,0,20-30,46.96666666666667,3.0,0.0,0.0,-1,30,11795.266666666668,0.25,0.0,0.6666666666666666,0.0,0.0,0,0,0.0,0.0,0,0,0.0,6091.75,2,0,0.0,35385.8,3,0,0.0,0
LGS2ORD0016648,C013664,2025-05-12 20:00:00,Female,45,Silver,CallCenter,Remote_Area,511,Lazada,COD,20,5,0,0,40-50,17.033333333333335,2.0,1.0,0.5,15,24,4301.639999999999,0.2,0.5,0.0,0.0,0.0,0,0,0.0,6740.86,1,1,1.0,8603.279999999999,2,1,0.5,8603.279999999999,2,1,0.5,1
LGS2ORD0016649,C010525,2025-05-12 20:00:00,Female,37,Gold,TV,Chiang Mai,609,TV_Show,COD,20,5,0,0,30-40,20.3,2.0,1.0,0.5,57,1,7911.705,0.2299999999999999,0.5,1.0,0.0,703.04,1,0,0.0,703.04,1,0,0.0,15823.41,2,1,0.5,15823.41,2,1,0.5,0
LGS2ORD0016650,C015248,2025-05-12 20:00:00,Male,66,Silver,TV,Songkhla,1286,Web,COD,20,5,0,0,>50,42.86666666666667,1.0,1.0,1.0,72,83,4219.44,0.2,1.0,0.0,0.0,0.0,0,0,0.0,0.0,0,0,0.0,4219.44,1,1,1.0,4219.44,1,1,1.0,1
LGS2ORD0016651,C017962,2025-05-12 21:00:00,Female,35,Bronze,CallCenter,Khon Kaen,1181,TV_Show,PromptPay,21,5,0,0,30-40,39.36666666666667,5.0,1.0,0.2,5,7,5346.974,0.28,0.8,0.2,0.0,0.0,0,0,0.0,3079.07,1,1,1.0,25790.64,4,1,0.25,26734.87,5,1,0.2,0
LGS2ORD0016652,C011047,2025-05-12 21:00:00,Female,26,Silver,Lazada,Bangkok,1206,TV_Show,COD,21,5,0,0,20-30,40.2,1.0,0.0,0.0,-1,64,4315.2,0.1,1.0,0.0,0.0,0.0,0,0,0.0,0.0,0,0,0.0,4315.2,1,0,0.0,4315.2,1,0,0.0,1
LGS2ORD0016653,C010704,2025-05-12 21:00:00,Male,38,Gold,CallCenter,Bangkok,1462,TV_Show,COD,21,5,0,0,30-40,48.733333333333334,3.0,0.0,0.0,-1,7,3375.27,0.18,0.6666666666666666,0.0,0.0,0.0,0,0,0.0,7312.53,1,0,0.0,10125.81,3,0,0.0,10125.81,3,0,0.0,1
LGS2ORD0016654,C010318,2025-05-12 21:00:00,Male,48,Platinum,Lazada,Chiang Mai,1118,TV_Show,COD,21,5,0,0,40-50,37.266666666666666,0.0,0.0,0.0,-1,-1,0.0,0.0,0.0,0.0,0.0,0.0,0,0,0.0,0.0,0,0,0.0,0.0,0,0,0.0,0.0,0,0,0.0,0
LGS2ORD0016655,C015271,2025-05-12 21:00:00,Female,37,Bronze,TV,Chonburi,1544,CallCenter,COD,21,5,0,0,30-40,51.46666666666667,2.0,0.0,0.0,-1,49,1343.7,0.23,0.0,0.5,0.0,0.0,0,0,0.0,0.0,0,0,0.0,2226.54,1,0,0.0,2687.4,2,0,0.0,0
LGS2ORD0016656,C017372,2025-05-12 22:00:00,Female,35,Bronze,Web,Bangkok,209,CallCenter,PromptPay,22,5,0,0,30-40,6.966666666666667,2.0,0.0,0.0,-1,43,7540.59,0.13,0.0,0.0,0.0,0.0,0,0,0.0,0.0,0,0,0.0,6693.34,1,0,0.0,15081.18,2,0,0.0,0
LGS2ORD0016657,C013569,2025-05-12 22:00:00,Male,22,Silver,TV,Chiang Mai,1546,CallCenter,Credit_Card,22,5,0,0,20-30,51.53333333333333,1.0,1.0,1.0,96,105,9702.21,0.3,1.0,1.0,0.0,0.0,0,0,0.0,0.0,0,0,0.0,0.0,0,0,0.0,9702.21,1,1,1.0,0
LGS2ORD0016658,C011665,2025-05-12 22:00:00,Female,23,Bronze,TV,Chiang Mai,916,Web,COD,22,5,0,0,20-30,30.533333333333335,1.0,0.0,0.0,-1,22,2214.57,0.03,0.0,0.0,0.0,0.0,0,0,0.0,2214.57,1,0,0.0,2214.57,1,0,0.0,2214.57,1,0,0.0,0
LGS2ORD0016659,C010092,2025-05-12 22:00:00,Male,54,Gold,Shopee,Bangkok,1549,Web,COD,22,5,0,0,>50,51.63333333333333,1.0,0.0,0.0,-1,61,10625.99,0.18,1.0,0.0,0.0,0.0,0,0,0.0,0.0,0,0,0.0,10625.99,1,0,0.0,10625.99,1,0,0.0,0
LGS2ORD0016660,C012212,2025-05-12 22:00:00,Male,35,Silver,Web,Chiang Mai,1069,Lazada,COD,22,5,0,0,30-40,35.63333333333333,4.0,0.0,0.0,-1,1,8482.482499999998,0.2,0.75,0.0,0.0,5255.74,1,0,0.0,5255.74,1,0,0.0,33929.92999999999,4,0,0.0,33929.92999999999,4,0,0.0,1
LGS2ORD0016661,C010192,2025-05-12 22:00:00,Female,36,Platinum,Web,Bangkok,526,TV_Show,COD,22,5,0,0,30-40,17.533333333333335,3.0,0.0,0.0,-1,6,5171.636666666666,0.35,0.0,0.3333333333333333,0.0,3006.84,1,0,0.0,3006.84,1,0,0.0,5804.73,2,0,0.0,15514.91,3,0,0.0,1
LGS2ORD0016662,C015523,2025-05-12 23:00:00,Male,64,Silver,Web,Bangkok,1449,Shopee,COD,23,5,0,0,>50,48.3,1.0,0.0,0.0,-1,124,2541.34,0.1,0.0,0.0,0.0,0.0,0,0,0.0,0.0,0,0,0.0,0.0,0,0,0.0,2541.34,1,0,0.0,0
LGS2ORD0016663,C016392,2025-05-12 23:00:00,Female,46,Bronze,Shopee,Bangkok,511,CallCenter,COD,23,5,0,0,40-50,17.033333333333335,2.0,0.0,0.0,-1,14,10782.914999999999,0.23,0.5,0.5,0.0,0.0,0,0,0.0,20719.51,1,0,0.0,21565.829999999998,2,0,0.0,21565.829999999998,2,0,0.0,0
LGS2ORD0016664,C012819,2025-05-12 23:00:00,Male,41,Bronze,Shopee,Remote_Area,863,Lazada,COD,23,5,0,0,40-50,28.766666666666666,1.0,1.0,1.0,3,12,1104.2,0.18,1.0,0.0,0.0,0.0,0,0,0.0,1104.2,1,1,1.0,1104.2,1,1,1.0,1104.2,1,1,1.0,0
LGS2ORD0016665,C011708,2025-05-12 23:00:00,Male,44,Platinum,CallCenter,Chiang Mai,270,Shopee,PromptPay,23,5,0,0,40-50,9.0,2.0,0.0,0.0,-1,16,2269.715,0.2,0.0,0.0,0.0,0.0,0,0,0.0,2317.6,1,0,0.0,4539.43,2,0,0.0,4539.43,2,0,0.0,0
LGS2ORD0016666,C015415,2025-05-12 23:00:00,Female,31,Silver,CallCenter,Nakhon Ratchasima,184,Web,PromptPay,23,5,0,0,30-40,6.133333333333334,2.0,1.0,0.5,57,6,4055.895,0.15,0.5,0.0,0.0,834.17,1,0,0.0,834.17,1,0,0.0,8111.79,2,1,0.5,8111.79,2,1,0.5,0
LGS2ORD0016667,C013377,2025-05-13 00:00:00,Female,28,Bronze,CallCenter,Khon Kaen,1552,TV_Show,COD,0,5,1,0,20-30,51.733333333333334,0.0,0.0,0.0,-1,-1,0.0,0.0,0.0,0.0,0.0,0.0,0,0,0.0,0.0,0,0,0.0,0.0,0,0,0.0,0.0,0,0,0.0,0
LGS2ORD0016668,C016002,2025-05-13 00:00:00,Female,35,Silver,Lazada,Nakhon Ratchasima,914,Shopee,PromptPay,0,5,1,0,30-40,30.466666666666665,5.0,1.0,0.2,70,13,8667.762,0.3,0.6,0.4,0.0,0.0,0,0,0.0,11439.76,1,0,0.0,43338.810000000005,5,1,0.2,43338.810000000005,5,1,0.2,0
LGS2ORD0016669,C013974,2025-05-13 00:00:00,Male,32,Bronze,TV,Bangkok,1393,TV_Show,COD,0,5,1,0,30-40,46.43333333333333,3.0,1.0,0.3333333333333333,43,46,11760.766666666668,0.23,0.3333333333333333,0.3333333333333333,0.0,0.0,0,0,0.0,0.0,0,0,0.0,35282.3,3,1,0.3333333333333333,35282.3,3,1,0.3333333333333333,0
LGS2ORD0016670,C011426,2025-05-13 00:00:00,Male,48,Silver,TV,Nakhon Ratchasima,707,Shopee,COD,0,5,1,0,40-50,23.566666666666666,2.0,0.0,0.0,-1,84,644.69,0.15,0.5,0.0,0.0,0.0,0,0,0.0,0.0,0,0,0.0,308.53,1,0,0.0,1289.38,2,0,0.0,1
LGS2ORD0016671,C016459,2025-05-13 00:00:00,Female,20,Gold,CallCenter,Bangkok,1188,CallCenter,Credit_Card,0,5,1,0,<20,39.6,2.0,0.0,0.0,-1,46,4389.515,0.08,0.5,0.0,0.0,0.0,0,0,0.0,0.0,0,0,0.0,3071.85,1,0,0.0,8779.03,2,0,0.0,1
LGS2ORD0016672,C016690,2025-05-13 01:00:00,Male,52,Gold,Web,Khon Kaen,373,TV_Show,COD,1,5,1,0,>50,12.433333333333334,4.0,0.0,0.0,-1,2,952.4325000000001,0.33,0.25,1.0,0.0,1545.41,1,0,0.0,2369.33,2,0,0.0,2851.21,3,0,0.0,3809.7300000000005,4,0,0.0,0
LGS2ORD0016673,C013382,2025-05-13 01:00:00,Female,48,Platinum,Shopee,Chonburi,1542,Shopee,COD,1,5,1,0,40-50,51.4,3.0,1.0,0.3333333333333333,104,48,5723.103333333333,0.25,0.6666666666666666,0.3333333333333333,0.0,0.0,0,0,0.0,0.0,0,0,0.0,4743.9,1,0,0.0,17169.309999999998,3,1,0.3333333333333333,0
LGS2ORD0016674,C011535,2025-05-13 01:00:00,Female,65,Bronze,Shopee,Chonburi,388,Web,Credit_Card,1,5,1,0,>50,12.933333333333334,1.0,0.0,0.0,-1,2,1642.46,0.23,0.0,1.0,0.0,1642.46,1,0,0.0,1642.46,1,0,0.0,1642.46,1,0,0.0,1642.46,1,0,0.0,1
LGS2ORD0016675,C014400,2025-05-13 01:00:00,Female,61,Platinum,CallCenter,Khon Kaen,1142,Lazada,PromptPay,1,5,1,0,>50,38.06666666666667,1.0,0.0,0.0,-1,71,3066.07,0.35,0.0,1.0,0.0,0.0,0,0,0.0,0.0,0,0,0.0,3066.07,1,0,0.0,3066.07,1,0,0.0,0
LGS2ORD0016676,C014935,2025-05-13 01:00:00,Male,33,Silver,Shopee,Chonburi,880,Web,Credit_Card,1,5,1,0,30-40,29.333333333333332,1.0,1.0,1.0,62,73,155.21,0.25,0.0,1.0,0.0,0.0,0,0,0.0,0.0,0,0,0.0,155.21,1,1,1.0,155.21,1,1,1.0,1
LGS2ORD0016677,C012549,2025-05-13 02:00:00,Female,50,Platinum,Lazada,Chiang Mai,1190,Shopee,COD,2,5,1,0,40-50,39.666666666666664,5.0,1.0,0.2,119,3,2106.282,0.35,0.6,0.8,0.0,1637.79,1,0,0.0,1637.79,1,0,0.0,4538.37,2,0,0.0,10531.41,5,1,0.2,0
LGS2ORD0016678,C013741,2025-05-13 02:00:00,Female,43,Bronze,Lazada,Remote_Area,1587,Lazada,COD,2,5,1,0,40-50,52.9,4.0,2.0,0.5,82,17,3472.105,0.23,0.5,0.25,0.0,0.0,0,0,0.0,6788.61,1,0,0.0,6788.61,1,0,0.0,13888.42,4,2,0.5,0
LGS2ORD0016679,C010067,2025-05-13 02:00:00,Male,27,Bronze,Shopee,Phuket,259,TV_Show,COD,2,5,1,0,20-30,8.633333333333333,1.0,0.0,0.0,-1,106,3270.84,0.03,1.0,0.0,0.0,0.0,0,0,0.0,0.0,0,0,0.0,0.0,0,0,0.0,3270.84,1,0,0.0,1
LGS2ORD0016680,C011146,2025-05-13 02:00:00,Male,38,Gold,Lazada,Chiang Mai,437,Shopee,COD,2,5,1,0,30-40,14.566666666666666,2.0,0.0,0.0,-1,88,1850.875,0.2299999999999999,0.5,0.5,0.0,0.0,0,0,0.0,0.0,0,0,0.0,2486.77,1,0,0.0,3701.75,2,0,0.0,1
LGS2ORD0016681,C016683,2025-05-13 02:00:00,Female,31,Silver,Lazada,Chonburi,304,CallCenter,Credit_Card,2,5,1,0,30-40,10.133333333333333,3.0,1.0,0.3333333333333333,42,39,8761.333333333334,0.25,0.3333333333333333,0.3333333333333333,0.0,0.0,0,0,0.0,0.0,0,0,0.0,26284.0,3,1,0.3333333333333333,26284.0,3,1,0.3333333333333333,1
LGS2ORD0016682,C010321,2025-05-13 02:00:00,Male,41,Bronze,Web,Bangkok,1122,TV_Show,Credit_Card,2,5,1,0,40-50,37.4,0.0,0.0,0.0,-1,-1,0.0,0.0,0.0,0.0,0.0,0.0,0,0,0.0,0.0,0,0,0.0,0.0,0,0,0.0,0.0,0,0,0.0,0
LGS2ORD0016683,C013896,2025-05-13 03:00:00,Female,65,Bronze,TV,Phuket,503,TV_Show,COD,3,5,1,0,>50,16.766666666666666,4.0,4.0,1.0,-5,2,4999.139999999999,0.23,0.75,0.75,0.0,10763.99,1,1,1.0,10763.99,1,1,1.0,15931.64,3,3,1.0,19996.559999999998,4,4,1.0,1
LGS2ORD0016684,C010845,2025-05-13 03:00:00,Male,44,Silver,Web,Bangkok,932,Shopee,Bank_Transfer,3,5,1,0,40-50,31.066666666666666,1.0,0.0,0.0,-1,41,9157.0,0.1,0.0,0.0,0.0,0.0,0,0,0.0,0.0,0,0,0.0,9157.0,1,0,0.0,9157.0,1,0,0.0,0
LGS2ORD0016685,C015900,2025-05-13 03:00:00,Other,18,Platinum,Lazada,Songkhla,1470,Shopee,COD,3,5,1,0,<20,49.0,1.0,0.0,0.0,-1,86,457.06,0.2,0.0,0.0,0.0,0.0,0,0,0.0,0.0,0,0,0.0,457.06,1,0,0.0,457.06,1,0,0.0,1
LGS2ORD0016686,C013721,2025-05-13 03:00:00,Other,39,Silver,Web,Bangkok,713,Web,COD,3,5,1,0,30-40,23.766666666666666,3.0,0.0,0.0,-1,65,1280.88,0.1,0.3333333333333333,0.0,0.0,0.0,0,0,0.0,0.0,0,0,0.0,1649.1100000000001,2,0,0.0,3842.6400000000003,3,0,0.0,1
LGS2ORD0016687,C012714,2025-05-13 03:00:00,Male,65,Platinum,Web,Chiang Mai,783,TV_Show,Credit_Card,3,5,1,0,>50,26.1,1.0,0.0,0.0,-1,24,4009.61,0.15,0.0,0.0,0.0,0.0,0,0,0.0,4009.61,1,0,0.0,4009.61,1,0,0.0,4009.61,1,0,0.0,1
LGS2ORD0016688,C017663,2025-05-13 04:00:00,Female,41,Silver,Web,Remote_Area,909,TV_Show,COD,4,5,1,0,40-50,30.3,4.0,1.0,0.25,71,28,6239.924999999999,0.25,0.75,0.25,0.0,0.0,0,0,0.0,9263.88,1,0,0.0,24959.699999999997,4,1,0.25,24959.699999999997,4,1,0.25,1
LGS2ORD0016689,C017229,2025-05-13 04:00:00,Female,27,Silver,Lazada,Bangkok,533,Web,COD,4,5,1,0,20-30,17.766666666666666,1.0,0.0,0.0,-1,130,910.86,0.25,1.0,1.0,0.0,0.0,0,0,0.0,0.0,0,0,0.0,0.0,0,0,0.0,910.86,1,0,0.0,1
LGS2ORD0016690,C013391,2025-05-13 04:00:00,Male,37,Platinum,Web,Bangkok,1312,Lazada,PromptPay,4,5,1,0,30-40,43.733333333333334,2.0,0.0,0.0,-1,25,1768.4250000000002,0.25,0.0,0.5,0.0,0.0,0,0,0.0,1881.44,1,0,0.0,3536.8500000000004,2,0,0.0,3536.8500000000004,2,0,0.0,1
LGS2ORD0016691,C011727,2025-05-13 04:00:00,Female,34,Bronze,Web,Phuket,1546,Shopee,Credit_Card,4,5,1,0,30-40,51.53333333333333,2.0,1.0,0.5,36,45,1525.895,0.08,0.5,0.0,0.0,0.0,0,0,0.0,0.0,0,0,0.0,1550.44,1,1,1.0,3051.79,2,1,0.5,1
LGS2ORD0016692,C016863,2025-05-13 04:00:00,Male,61,Bronze,TV,Songkhla,176,Shopee,Credit_Card,4,5,1,0,>50,5.866666666666666,1.0,0.0,0.0,-1,52,21341.06,0.08,1.0,0.0,0.0,0.0,0,0,0.0,0.0,0,0,0.0,21341.06,1,0,0.0,21341.06,1,0,0.0,0
LGS2ORD0016693,C010645,2025-05-13 05:00:00,Male,45,Bronze,TV,Chonburi,1426,Lazada,COD,5,5,1,0,40-50,47.53333333333333,4.0,1.0,0.25,71,15,2664.525,0.28,0.5,0.5,0.0,0.0,0,0,0.0,1189.67,1,0,0.0,2771.5,2,1,0.5,10658.1,4,1,0.25,1
LGS2ORD0016694,C014069,2025-05-13 05:00:00,Female,55,Silver,Web,Bangkok,1587,Web,COD,5,5,1,0,>50,52.9,2.0,0.0,0.0,-1,23,2747.4,0.1,0.5,0.0,0.0,0.0,0,0,0.0,2161.17,1,0,0.0,2161.17,1,0,0.0,5494.8,2,0,0.0,0
LGS2ORD0016695,C014281,2025-05-13 05:00:00,Male,41,Bronze,Web,Remote_Area,489,CallCenter,COD,5,5,1,0,40-50,16.3,1.0,0.0,0.0,-1,75,6873.12,0.08,1.0,0.0,0.0,0.0,0,0,0.0,0.0,0,0,0.0,6873.12,1,0,0.0,6873.12,1,0,0.0,0
LGS2ORD0016696,C010742,2025-05-13 05:00:00,Female,25,Bronze,Lazada,Songkhla,637,Shopee,COD,5,5,1,0,20-30,21.233333333333334,1.0,1.0,1.0,30,37,6938.12,0.13,0.0,0.0,0.0,0.0,0,0,0.0,0.0,0,0,0.0,6938.12,1,1,1.0,6938.12,1,1,1.0,1
LGS2ORD0016697,C014191,2025-05-13 05:00:00,Male,29,Bronze,TV,Nakhon Ratchasima,1276,Lazada,Bank_Transfer,5,5,1,0,20-30,42.53333333333333,4.0,0.0,0.0,-1,9,6753.044999999999,0.18,0.75,0.0,0.0,0.0,0,0,0.0,13357.369999999999,3,0,0.0,27012.179999999997,4,0,0.0,27012.179999999997,4,0,0.0,0
LGS2ORD0016698,C013638,2025-05-13 05:00:00,Male,70,Bronze,Web,Nakhon Ratchasima,426,Web,PromptPay,5,5,1,0,>50,14.2,4.0,2.0,0.5,33,9,3588.4224999999997,0.23,0.5,0.25,0.0,0.0,0,0,0.0,1660.98,1,0,0.0,14353.689999999999,4,2,0.5,14353.689999999999,4,2,0.5,0
LGS2ORD0016699,C010800,2025-05-13 06:00:00,Female,46,Bronze,Web,Nakhon Ratchasima,513,Web,Credit_Card,6,5,1,0,40-50,17.1,2.0,0.0,0.0,-1,65,2987.37,0.08,0.5,0.0,0.0,0.0,0,0,0.0,0.0,0,0,0.0,5974.74,2,0,0.0,5974.74,2,0,0.0,0
LGS2ORD0016700,C011011,2025-05-13 06:00:00,Male,24,Bronze,Shopee,Phuket,1096,Shopee,Credit_Card,6,5,1,0,20-30,36.53333333333333,1.0,1.0,1.0,52,58,3199.0,0.23,1.0,1.0,0.0,0.0,0,0,0.0,0.0,0,0,0.0,3199.0,1,1,1.0,3199.0,1,1,1.0,0
LGS2ORD0016701,C016010,2025-05-13 06:00:00,Male,45,Bronze,TV,Nakhon Ratchasima,823,Web,COD,6,5,1,0,40-50,27.433333333333334,3.0,1.0,0.3333333333333333,9,21,4974.083333333333,0.18,0.6666666666666666,0.0,0.0,0.0,0,0,0.0,10248.01,1,1,1.0,14922.25,3,1,0.3333333333333333,14922.25,3,1,0.3333333333333333,0
LGS2ORD0016702,C015963,2025-05-13 06:00:00,Male,39,Gold,Web,Chiang Mai,479,TV_Show,Bank_Transfer,6,5,1,0,30-40,15.966666666666667,1.0,0.0,0.0,-1,75,5708.48,0.08,1.0,0.0,0.0,0.0,0,0,0.0,0.0,0,0,0.0,5708.48,1,0,0.0,5708.48,1,0,0.0,1
LGS2ORD0016703,C016192,2025-05-13 06:00:00,Female,23,Silver,Web,Phuket,963,Web,COD,6,5,1,0,20-30,32.1,4.0,1.0,0.25,79,14,2909.5275,0.3,0.25,0.25,0.0,0.0,0,0,0.0,6972.17,2,0,0.0,7689.93,3,1,0.3333333333333333,11638.11,4,1,0.25,0
LGS2ORD0016704,C011445,2025-05-13 07:00:00,Female,39,Bronze,Lazada,Bangkok,408,Web,COD,7,5,1,0,30-40,13.6,1.0,1.0,1.0,61,73,11268.61,0.08,1.0,0.0,0.0,0.0,0,0,0.0,0.0,0,0,0.0,11268.61,1,1,1.0,11268.61,1,1,1.0,1
LGS2ORD0016705,C015045,2025-05-13 07:00:00,Male,39,Bronze,Shopee,Phuket,674,Web,PromptPay,7,5,1,0,30-40,22.466666666666665,3.0,3.0,1.0,-10,1,3716.3566666666666,0.18,0.6666666666666666,0.0,0.0,879.45,1,1,1.0,879.45,1,1,1.0,11149.07,3,3,1.0,11149.07,3,3,1.0,0
LGS2ORD0016706,C017091,2025-05-13 07:00:00,Male,56,Silver,Lazada,Bangkok,262,Web,COD,7,5,1,0,>50,8.733333333333333,4.0,2.0,0.5,77,1,6128.950000000001,0.2,0.5,0.0,0.0,5253.76,1,0,0.0,8617.33,2,0,0.0,15079.18,3,1,0.3333333333333333,24515.800000000003,4,2,0.5,1
LGS2ORD0016707,C010697,2025-05-13 07:00:00,Male,40,Platinum,Lazada,Bangkok,156,Shopee,COD,7,5,1,0,30-40,5.2,1.0,0.0,0.0,-1,120,6031.28,0.2,0.0,0.0,0.0,0.0,0,0,0.0,0.0,0,0,0.0,0.0,0,0,0.0,6031.28,1,0,0.0,0
LGS2ORD0016708,C017612,2025-05-13 07:00:00,Male,37,Bronze,Web,Chiang Mai,880,TV_Show,Credit_Card,7,5,1,0,30-40,29.333333333333332,3.0,1.0,0.3333333333333333,63,77,4718.013333333333,0.18,1.0,0.0,0.0,0.0,0,0,0.0,0.0,0,0,0.0,11428.47,2,1,0.5,14154.039999999999,3,1,0.3333333333333333,0
LGS2ORD0016709,C012398,2025-05-13 08:00:00,Female,40,Bronze,Lazada,Songkhla,270,Web,COD,8,5,1,0,30-40,9.0,2.0,0.0,0.0,-1,96,2702.6349999999998,0.13,0.0,0.0,0.0,0.0,0,0,0.0,0.0,0,0,0.0,0.0,0,0,0.0,5405.2699999999995,2,0,0.0,0
LGS2ORD0016710,C016802,2025-05-13 08:00:00,Female,44,Bronze,Shopee,Bangkok,1334,CallCenter,COD,8,5,1,0,40-50,44.46666666666667,5.0,2.0,0.4,85,66,11804.524000000001,0.18,0.8,0.0,0.0,0.0,0,0,0.0,0.0,0,0,0.0,27843.850000000002,2,0,0.0,59022.62,5,2,0.4,0
LGS2ORD0016711,C013502,2025-05-13 08:00:00,Other,52,Bronze,Web,Chonburi,1134,Lazada,Credit_Card,8,5,1,0,>50,37.8,0.0,0.0,0.0,-1,-1,0.0,0.0,0.0,0.0,0.0,0.0,0,0,0.0,0.0,0,0,0.0,0.0,0,0,0.0,0.0,0,0,0.0,0
LGS2ORD0016712,C011102,2025-05-13 08:00:00,Male,44,Silver,Shopee,Bangkok,1544,Lazada,Credit_Card,8,5,1,0,40-50,51.46666666666667,0.0,0.0,0.0,-1,-1,0.0,0.0,0.0,0.0,0.0,0.0,0,0,0.0,0.0,0,0,0.0,0.0,0,0,0.0,0.0,0,0,0.0,0
LGS2ORD0016713,C012298,2025-05-13 08:00:00,Male,54,Platinum,Shopee,Bangkok,439,Web,COD,8,5,1,0,>50,14.633333333333333,1.0,0.0,0.0,-1,52,1251.21,0.15,0.0,0.0,0.0,0.0,0,0,0.0,0.0,0,0,0.0,1251.21,1,0,0.0,1251.21,1,0,0.0,0
LGS2ORD0016714,C011472,2025-05-13 09:00:00,Male,22,Bronze,Lazada,Chonburi,262,Lazada,COD,9,5,1,0,20-30,8.733333333333333,2.0,0.0,0.0,-1,63,6893.645,0.23,0.5,0.5,0.0,0.0,0,0,0.0,0.0,0,0,0.0,7256.7,1,0,0.0,13787.29,2,0,0.0,0
LGS2ORD0016715,C011209,2025-05-13 09:00:00,Female,49,Gold,Web,Phuket,249,Shopee,PromptPay,9,5,1,0,40-50,8.3,1.0,1.0,1.0,95,106,4245.26,0.13,1.0,0.0,0.0,0.0,0,0,0.0,0.0,0,0,0.0,0.0,0,0,0.0,4245.26,1,1,1.0,0
LGS2ORD0016716,C013301,2025-05-13 09:00:00,Female,42,Bronze,Web,Nakhon Ratchasima,1147,Lazada,COD,9,5,1,0,40-50,38.233333333333334,4.0,1.0,0.25,55,62,4513.5425000000005,0.18,0.5,0.0,0.0,0.0,0,0,0.0,0.0,0,0,0.0,2536.5,1,1,1.0,18054.170000000002,4,1,0.25,0
LGS2ORD0016717,C017602,2025-05-13 09:00:00,Male,36,Bronze,TV,Phuket,1111,CallCenter,COD,9,5,1,0,30-40,37.03333333333333,2.0,1.0,0.5,123,109,7242.535,0.13,0.5,0.0,0.0,0.0,0,0,0.0,0.0,0,0,0.0,0.0,0,0,0.0,14485.07,2,1,0.5,1
LGS2ORD0016718,C016860,2025-05-13 09:00:00,Male,33,Gold,Lazada,Chonburi,886,Shopee,Credit_Card,9,5,1,0,30-40,29.533333333333335,2.0,0.0,0.0,-1,75,2491.17,0.28,0.0,0.5,0.0,0.0,0,0,0.0,0.0,0,0,0.0,2483.86,1,0,0.0,4982.34,2,0,0.0,0
LGS2ORD0016719,C010830,2025-05-13 09:00:00,Male,35,Silver,TV,Chonburi,593,Shopee,PromptPay,9,5,1,0,30-40,19.766666666666666,3.0,1.0,0.3333333333333333,31,38,2875.6200000000003,0.25,0.6666666666666666,0.3333333333333333,0.0,0.0,0,0,0.0,0.0,0,0,0.0,6666.900000000001,2,1,0.5,8626.86,3,1,0.3333333333333333,0
LGS2ORD0016720,C010406,2025-05-13 10:00:00,Male,49,Platinum,CallCenter,Phuket,175,Web,COD,10,5,1,0,40-50,5.833333333333333,2.0,2.0,1.0,44,58,8503.165,0.2,1.0,0.0,0.0,0.0,0,0,0.0,0.0,0,0,0.0,1768.89,1,1,1.0,17006.33,2,2,1.0,0
LGS2ORD0016721,C015537,2025-05-13 10:00:00,Female,36,Platinum,Shopee,Khon Kaen,1076,Lazada,Credit_Card,10,5,1,0,30-40,35.86666666666667,2.0,1.0,0.5,31,27,725.51,0.25,0.5,0.5,0.0,0.0,0,0,0.0,910.92,1,0,0.0,1451.02,2,1,0.5,1451.02,2,1,0.5,0
LGS2ORD0016722,C014189,2025-05-13 10:00:00,Female,27,Bronze,Lazada,Khon Kaen,771,Shopee,COD,10,5,1,0,20-30,25.7,0.0,0.0,0.0,-1,-1,0.0,0.0,0.0,0.0,0.0,0.0,0,0,0.0,0.0,0,0,0.0,0.0,0,0,0.0,0.0,0,0,0.0,1
LGS2ORD0016723,C015479,2025-05-13 10:00:00,Female,47,Gold,Web,Nakhon Ratchasima,680,TV_Show,PromptPay,10,5,1,0,40-50,22.666666666666668,1.0,0.0,0.0,-1,121,3577.85,0.2299999999999999,1.0,1.0,0.0,0.0,0,0,0.0,0.0,0,0,0.0,0.0,0,0,0.0,3577.85,1,0,0.0,0
LGS2ORD0016724,C017775,2025-05-13 10:00:00,Female,53,Bronze,Web,Bangkok,1443,Shopee,PromptPay,10,5,1,0,>50,48.1,1.0,1.0,1.0,64,68,11169.73,0.08,1.0,0.0,0.0,0.0,0,0,0.0,0.0,0,0,0.0,11169.73,1,1,1.0,11169.73,1,1,1.0,0
LGS2ORD0016725,C014697,2025-05-13 11:00:00,Male,65,Bronze,TV,Nakhon Ratchasima,542,TV_Show,Credit_Card,11,5,1,0,>50,18.066666666666666,3.0,1.0,0.3333333333333333,62,32,1005.3699999999999,0.18,0.6666666666666666,0.0,0.0,0.0,0,0,0.0,0.0,0,0,0.0,3016.1099999999997,3,1,0.3333333333333333,3016.1099999999997,3,1,0.3333333333333333,0
LGS2ORD0016726,C015391,2025-05-13 11:00:00,Male,64,Gold,Web,Bangkok,336,Web,Credit_Card,11,5,1,0,>50,11.2,2.0,0.0,0.0,-1,11,1827.7150000000001,0.18,0.5,0.0,0.0,0.0,0,0,0.0,509.4,1,0,0.0,509.4,1,0,0.0,3655.4300000000003,2,0,0.0,0
LGS2ORD0016727,C016308,2025-05-13 11:00:00,Female,25,Bronze,TV,Chonburi,1191,Web,COD,11,5,1,0,20-30,39.7,2.0,0.0,0.0,-1,4,1275.37,0.18,0.5,0.0,0.0,1982.51,1,0,0.0,1982.51,1,0,0.0,2550.74,2,0,0.0,2550.74,2,0,0.0,0
LGS2ORD0016728,C016551,2025-05-13 11:00:00,Female,46,Silver,TV,Bangkok,666,Shopee,PromptPay,11,5,1,0,40-50,22.2,3.0,1.0,0.3333333333333333,111,1,3889.5633333333335,0.25,0.3333333333333333,0.3333333333333333,0.0,956.44,1,0,0.0,956.44,1,0,0.0,956.44,1,0,0.0,11668.69,3,1,0.3333333333333333,0
LGS2ORD0016729,C010506,2025-05-13 11:00:00,Other,50,Platinum,Shopee,Bangkok,902,TV_Show,COD,11,5,1,0,40-50,30.066666666666666,1.0,0.0,0.0,-1,17,1128.1,0.1,1.0,0.0,0.0,0.0,0,0,0.0,1128.1,1,0,0.0,1128.1,1,0,0.0,1128.1,1,0,0.0,1
LGS2ORD0016730,C017035,2025-05-13 12:00:00,Male,52,Bronze,Web,Bangkok,405,Lazada,COD,12,5,1,0,>50,13.5,1.0,0.0,0.0,-1,111,729.41,0.13,0.0,0.0,0.0,0.0,0,0,0.0,0.0,0,0,0.0,0.0,0,0,0.0,729.41,1,0,0.0,0
LGS2ORD0016731,C016891,2025-05-13 12:00:00,Female,49,Bronze,TV,Khon Kaen,862,Shopee,COD,12,5,1,0,40-50,28.733333333333334,3.0,0.0,0.0,-1,60,5956.806666666666,0.23,0.6666666666666666,0.6666666666666666,0.0,0.0,0,0,0.0,0.0,0,0,0.0,17870.42,3,0,0.0,17870.42,3,0,0.0,0
LGS2ORD0016732,C017217,2025-05-13 12:00:00,Male,66,Bronze,Web,Chonburi,525,Shopee,COD,12,5,1,0,>50,17.5,6.0,3.0,0.5,60,64,6292.216666666666,0.28,0.5,0.3333333333333333,0.0,0.0,0,0,0.0,0.0,0,0,0.0,6670.02,3,2,0.6666666666666666,37753.299999999996,6,3,0.5,0
LGS2ORD0016733,C011990,2025-05-13 12:00:00,Female,51,Bronze,TV,Songkhla,748,Web,PromptPay,12,5,1,0,>50,24.933333333333334,2.0,0.0,0.0,-1,25,4701.07,0.23,0.5,0.5,0.0,0.0,0,0,0.0,8177.48,1,0,0.0,9402.14,2,0,0.0,9402.14,2,0,0.0,0
LGS2ORD0016734,C015831,2025-05-13 12:00:00,Male,49,Bronze,Shopee,Bangkok,708,CallCenter,COD,12,5,1,0,40-50,23.6,4.0,1.0,0.25,60,36,10272.98,0.13,0.75,0.0,0.0,0.0,0,0,0.0,0.0,0,0,0.0,25399.350000000002,2,1,0.5,41091.92,4,1,0.25,0
LGS2ORD0016735,C013978,2025-05-13 13:00:00,Female,21,Bronze,Shopee,Bangkok,393,TV_Show,COD,13,5,1,0,20-30,13.1,0.0,0.0,0.0,-1,-1,0.0,0.0,0.0,0.0,0.0,0.0,0,0,0.0,0.0,0,0,0.0,0.0,0,0,0.0,0.0,0,0,0.0,0
LGS2ORD0016736,C014044,2025-05-13 13:00:00,Male,33,Bronze,CallCenter,Bangkok,902,CallCenter,Credit_Card,13,5,1,0,30-40,30.066666666666666,1.0,0.0,0.0,-1,103,3088.85,0.28,1.0,1.0,0.0,0.0,0,0,0.0,0.0,0,0,0.0,0.0,0,0,0.0,3088.85,1,0,0.0,1
LGS2ORD0016737,C017330,2025-05-13 13:00:00,Female,27,Gold,Shopee,Khon Kaen,1390,Lazada,COD,13,5,1,0,20-30,46.333333333333336,4.0,1.0,0.25,60,6,5766.537499999999,0.33,0.25,0.25,0.0,1678.3,1,0,0.0,1678.3,1,0,0.0,7469.320000000001,2,1,0.5,23066.149999999998,4,1,0.25,0
LGS2ORD0016738,C011254,2025-05-13 13:00:00,Female,35,Bronze,TV,Khon Kaen,1439,Shopee,COD,13,5,1,0,30-40,47.96666666666667,0.0,0.0,0.0,-1,-1,0.0,0.0,0.0,0.0,0.0,0.0,0,0,0.0,0.0,0,0,0.0,0.0,0,0,0.0,0.0,0,0,0.0,0
LGS2ORD0016739,C013475,2025-05-13 13:00:00,Male,46,Silver,Shopee,Khon Kaen,971,Lazada,Credit_Card,13,5,1,0,40-50,32.36666666666667,2.0,0.0,0.0,-1,82,3697.71,0.25,0.5,0.5,0.0,0.0,0,0,0.0,0.0,0,0,0.0,6845.06,1,0,0.0,7395.42,2,0,0.0,0
LGS2ORD0016740,C017854,2025-05-13 13:00:00,Male,69,Silver,Shopee,Remote_Area,955,Lazada,COD,13,5,1,0,>50,31.833333333333332,4.0,2.0,0.5,71,32,5069.3825,0.25,0.75,0.25,0.0,0.0,0,0,0.0,0.0,0,0,0.0,11619.32,2,1,0.5,20277.53,4,2,0.5,0
LGS2ORD0016741,C010167,2025-05-13 14:00:00,Male,57,Bronze,TV,Bangkok,1083,TV_Show,Credit_Card,14,5,1,0,>50,36.1,2.0,1.0,0.5,44,53,6807.69,0.13,0.5,0.0,0.0,0.0,0,0,0.0,0.0,0,0,0.0,1804.73,1,1,1.0,13615.38,2,1,0.5,0
LGS2ORD0016742,C013040,2025-05-13 14:00:00,Male,53,Gold,TV,Khon Kaen,1105,Web,Credit_Card,14,5,1,0,>50,36.833333333333336,2.0,0.0,0.0,-1,40,2933.3599999999997,0.2299999999999999,1.0,1.0,0.0,0.0,0,0,0.0,0.0,0,0,0.0,5866.719999999999,2,0,0.0,5866.719999999999,2,0,0.0,0
LGS2ORD0016743,C012337,2025-05-13 14:00:00,Male,50,Bronze,Web,Bangkok,1457,Shopee,PromptPay,14,5,1,0,40-50,48.56666666666667,3.0,1.0,0.3333333333333333,-7,5,7215.386666666666,0.23,0.3333333333333333,0.3333333333333333,0.0,649.86,1,1,1.0,18569.39,2,1,0.5,21646.16,3,1,0.3333333333333333,21646.16,3,1,0.3333333333333333,1
LGS2ORD0016744,C017936,2025-05-13 14:00:00,Female,45,Gold,TV,Chonburi,678,Shopee,Credit_Card,14,5,1,0,40-50,22.6,2.0,0.0,0.0,-1,97,3786.9,0.13,0.5,0.0,0.0,0.0,0,0,0.0,0.0,0,0,0.0,0.0,0,0,0.0,7573.8,2,0,0.0,0
LGS2ORD0016745,C015668,2025-05-13 14:00:00,Male,57,Gold,Shopee,Chonburi,1179,Shopee,PromptPay,14,5,1,0,>50,39.3,2.0,0.0,0.0,-1,48,3693.45,0.33,0.0,0.5,0.0,0.0,0,0,0.0,0.0,0,0,0.0,1178.75,1,0,0.0,7386.9,2,0,0.0,0
LGS2ORD0016746,C016195,2025-05-13 15:00:00,Male,24,Silver,Shopee,Bangkok,144,CallCenter,Credit_Card,15,5,1,0,20-30,4.8,0.0,0.0,0.0,-1,-1,0.0,0.0,0.0,0.0,0.0,0.0,0,0,0.0,0.0,0,0,0.0,0.0,0,0,0.0,0.0,0,0,0.0,0
LGS2ORD0016747,C011751,2025-05-13 15:00:00,Male,37,Bronze,Lazada,Khon Kaen,633,CallCenter,PromptPay,15,5,1,0,30-40,21.1,1.0,1.0,1.0,60,69,32512.71,0.03,0.0,0.0,0.0,0.0,0,0,0.0,0.0,0,0,0.0,32512.71,1,1,1.0,32512.71,1,1,1.0,0
LGS2ORD0016748,C011140,2025-05-13 15:00:00,Female,23,Platinum,TV,Chonburi,1070,Web,COD,15,5,1,0,20-30,35.666666666666664,2.0,0.0,0.0,-1,12,5324.719999999999,0.15,0.0,0.0,0.0,0.0,0,0,0.0,5240.69,1,0,0.0,5240.69,1,0,0.0,10649.439999999999,2,0,0.0,0
LGS2ORD0016749,C015111,2025-05-13 15:00:00,Female,54,Bronze,TV,Bangkok,515,Shopee,Bank_Transfer,15,5,1,0,>50,17.166666666666668,2.0,0.0,0.0,-1,89,7597.344999999999,0.18,0.5,0.0,0.0,0.0,0,0,0.0,0.0,0,0,0.0,12655.89,1,0,0.0,15194.689999999999,2,0,0.0,1
LGS2ORD0016750,C017455,2025-05-13 15:00:00,Male,47,Bronze,Web,Remote_Area,974,Lazada,Bank_Transfer,15,5,1,0,40-50,32.46666666666667,3.0,1.0,0.3333333333333333,40,12,10027.723333333333,0.08,0.6666666666666666,0.0,0.0,0.0,0,0,0.0,11166.09,1,0,0.0,30083.17,3,1,0.3333333333333333,30083.17,3,1,0.3333333333333333,0
LGS2ORD0016751,C015230,2025-05-13 16:00:00,Female,28,Bronze,TV,Bangkok,1338,TV_Show,Bank_Transfer,16,5,1,0,20-30,44.6,1.0,0.0,0.0,-1,95,21129.74,0.18,1.0,0.0,0.0,0.0,0,0,0.0,0.0,0,0,0.0,0.0,0,0,0.0,21129.74,1,0,0.0,1
LGS2ORD0016752,C015649,2025-05-13 16:00:00,Female,38,Bronze,TV,Bangkok,864,TV_Show,COD,16,5,1,0,30-40,28.8,3.0,2.0,0.6666666666666666,70,80,7014.876666666666,0.28,0.6666666666666666,0.3333333333333333,0.0,0.0,0,0,0.0,0.0,0,0,0.0,10522.32,2,2,1.0,21044.629999999997,3,2,0.6666666666666666,0
LGS2ORD0016753,C016150,2025-05-13 16:00:00,Other,72,Silver,Shopee,Bangkok,1310,Lazada,Bank_Transfer,16,5,1,0,>50,43.666666666666664,2.0,0.0,0.0,-1,70,9901.2,0.2,0.0,0.0,0.0,0.0,0,0,0.0,0.0,0,0,0.0,19802.4,2,0,0.0,19802.4,2,0,0.0,0
LGS2ORD0016754,C013271,2025-05-13 16:00:00,Male,18,Bronze,TV,Khon Kaen,882,Shopee,PromptPay,16,5,1,0,<20,29.4,1.0,0.0,0.0,-1,66,1778.45,0.03,1.0,0.0,0.0,0.0,0,0,0.0,0.0,0,0,0.0,1778.45,1,0,0.0,1778.45,1,0,0.0,0
LGS2ORD0016755,C012697,2025-05-13 16:00:00,Male,45,Bronze,CallCenter,Bangkok,189,TV_Show,COD,16,5,1,0,40-50,6.3,2.0,1.0,0.5,90,77,2601.08,0.28,0.5,0.5,0.0,0.0,0,0,0.0,0.0,0,0,0.0,3663.17,1,0,0.0,5202.16,2,1,0.5,0
LGS2ORD0016756,C010912,2025-05-13 17:00:00,Male,40,Silver,Lazada,Khon Kaen,739,Shopee,COD,17,5,1,0,30-40,24.633333333333333,4.0,1.0,0.25,35,3,12503.67,0.2,0.25,0.0,0.0,595.05,1,0,0.0,595.05,1,0,0.0,50014.68,4,1,0.25,50014.68,4,1,0.25,0
LGS2ORD0016757,C013904,2025-05-13 17:00:00,Male,22,Gold,CallCenter,Khon Kaen,1260,Web,Credit_Card,17,5,1,0,20-30,42.0,1.0,0.0,0.0,-1,100,8586.58,0.08,1.0,0.0,0.0,0.0,0,0,0.0,0.0,0,0,0.0,0.0,0,0,0.0,8586.58,1,0,0.0,0
LGS2ORD0016758,C011268,2025-05-13 17:00:00,Female,43,Gold,Lazada,Khon Kaen,1480,TV_Show,Credit_Card,17,5,1,0,40-50,49.333333333333336,3.0,0.0,0.0,-1,60,4927.063333333333,0.2299999999999999,0.3333333333333333,0.6666666666666666,0.0,0.0,0,0,0.0,0.0,0,0,0.0,12784.97,2,0,0.0,14781.189999999999,3,0,0.0,1
LGS2ORD0016759,C017938,2025-05-13 17:00:00,Male,38,Bronze,Shopee,Remote_Area,753,TV_Show,PromptPay,17,5,1,0,30-40,25.1,3.0,1.0,0.3333333333333333,103,29,2542.93,0.23,0.3333333333333333,0.3333333333333333,0.0,0.0,0,0,0.0,748.46,1,0,0.0,748.46,1,0,0.0,7628.79,3,1,0.3333333333333333,0
LGS2ORD0016760,C017724,2025-05-13 17:00:00,Male,46,Platinum,TV,Nakhon Ratchasima,962,Lazada,COD,17,5,1,0,40-50,32.06666666666667,3.0,2.0,0.6666666666666666,19,25,1818.0433333333333,0.35,0.6666666666666666,0.6666666666666666,0.0,0.0,0,0,0.0,706.75,1,1,1.0,706.75,1,1,1.0,5454.13,3,2,0.6666666666666666,1
LGS2ORD0016761,C015846,2025-05-13 17:00:00,Male,42,Bronze,TV,Songkhla,1559,TV_Show,Credit_Card,17,5,1,0,40-50,51.96666666666667,2.0,2.0,1.0,-9,3,3426.235,0.18,0.0,0.0,0.0,5605.27,1,1,1.0,5605.27,1,1,1.0,6852.47,2,2,1.0,6852.47,2,2,1.0,0
LGS2ORD0016762,C012731,2025-05-13 18:00:00,Male,45,Bronze,Web,Remote_Area,1340,TV_Show,PromptPay,18,5,1,0,40-50,44.666666666666664,4.0,2.0,0.5,31,41,4314.055,0.23,0.5,0.25,0.0,0.0,0,0,0.0,0.0,0,0,0.0,13743.210000000001,2,1,0.5,17256.22,4,2,0.5,0
LGS2ORD0016763,C014767,2025-05-13 18:00:00,Male,50,Gold,Web,Phuket,1434,TV_Show,COD,18,5,1,0,40-50,47.8,3.0,0.0,0.0,-1,24,9633.160000000002,0.2299999999999999,0.3333333333333333,0.3333333333333333,0.0,0.0,0,0,0.0,17269.24,1,0,0.0,17269.24,1,0,0.0,28899.480000000003,3,0,0.0,0
LGS2ORD0016764,C014216,2025-05-13 18:00:00,Male,59,Bronze,TV,Chiang Mai,394,Web,COD,18,5,1,0,>50,13.133333333333333,1.0,1.0,1.0,115,128,4891.05,0.23,1.0,1.0,0.0,0.0,0,0,0.0,0.0,0,0,0.0,0.0,0,0,0.0,4891.05,1,1,1.0,0
LGS2ORD0016765,C012418,2025-05-13 18:00:00,Male,45,Bronze,Web,Songkhla,480,CallCenter,Bank_Transfer,18,5,1,0,40-50,16.0,2.0,1.0,0.5,15,28,8305.135,0.23,0.5,0.5,0.0,0.0,0,0,0.0,15775.76,1,1,1.0,15775.76,1,1,1.0,16610.27,2,1,0.5,0
LGS2ORD0016766,C010109,2025-05-13 18:00:00,Female,19,Bronze,TV,Bangkok,746,Lazada,COD,18,5,1,0,<20,24.866666666666667,2.0,1.0,0.5,69,35,9932.26,0.13,1.0,0.0,0.0,0.0,0,0,0.0,0.0,0,0,0.0,19864.52,2,1,0.5,19864.52,2,1,0.5,1
LGS2ORD0016767,C011286,2025-05-13 19:00:00,Female,48,Bronze,CallCenter,Khon Kaen,363,TV_Show,Credit_Card,19,5,1,0,40-50,12.1,3.0,0.0,0.0,-1,49,5784.82,0.23,0.3333333333333333,0.6666666666666666,0.0,0.0,0,0,0.0,0.0,0,0,0.0,16586.82,2,0,0.0,17354.46,3,0,0.0,0
LGS2ORD0016768,C016795,2025-05-13 19:00:00,Male,42,Bronze,Web,Bangkok,1042,Web,COD,19,5,1,0,40-50,34.733333333333334,2.0,1.0,0.5,82,21,16106.285,0.08,1.0,0.0,0.0,0.0,0,0,0.0,31261.28,1,0,0.0,31261.28,1,0,0.0,32212.57,2,1,0.5,0
LGS2ORD0016769,C015892,2025-05-13 19:00:00,Female,45,Silver,Web,Chiang Mai,337,TV_Show,COD,19,5,1,0,40-50,11.233333333333333,0.0,0.0,0.0,-1,-1,0.0,0.0,0.0,0.0,0.0,0.0,0,0,0.0,0.0,0,0,0.0,0.0,0,0,0.0,0.0,0,0,0.0,1
LGS2ORD0016770,C011898,2025-05-13 19:00:00,Female,22,Platinum,TV,Bangkok,452,TV_Show,Credit_Card,19,5,1,0,20-30,15.066666666666666,0.0,0.0,0.0,-1,-1,0.0,0.0,0.0,0.0,0.0,0.0,0,0,0.0,0.0,0,0,0.0,0.0,0,0,0.0,0.0,0,0,0.0,0
LGS2ORD0016771,C017997,2025-05-13 19:00:00,Male,42,Platinum,Lazada,Chonburi,1519,Web,PromptPay,19,5,1,0,40-50,50.63333333333333,0.0,0.0,0.0,-1,-1,0.0,0.0,0.0,0.0,0.0,0.0,0,0,0.0,0.0,0,0,0.0,0.0,0,0,0.0,0.0,0,0,0.0,0
LGS2ORD0016772,C010890,2025-05-13 20:00:00,Female,34,Bronze,TV,Bangkok,496,TV_Show,COD,20,5,1,0,30-40,16.533333333333335,3.0,2.0,0.6666666666666666,-6,5,10664.416666666668,0.23,0.6666666666666666,0.3333333333333333,0.0,7448.95,1,1,1.0,7448.95,1,1,1.0,7448.95,1,1,1.0,31993.250000000004,3,2,0.6666666666666666,0
LGS2ORD0016773,C016776,2025-05-13 20:00:00,Female,20,Gold,Lazada,Nakhon Ratchasima,793,CallCenter,COD,20,5,1,0,<20,26.433333333333334,2.0,1.0,0.5,13,19,4239.71,0.28,0.5,1.0,0.0,0.0,0,0,0.0,1194.87,1,1,1.0,1194.87,1,1,1.0,8479.42,2,1,0.5,0
LGS2ORD0016774,C013593,2025-05-13 20:00:00,Male,71,Bronze,CallCenter,Phuket,1214,Shopee,COD,20,5,1,0,>50,40.46666666666667,2.0,1.0,0.5,47,66,4701.985000000001,0.28,0.0,0.5,0.0,0.0,0,0,0.0,0.0,0,0,0.0,5102.76,1,1,1.0,9403.970000000001,2,1,0.5,1
LGS2ORD0016775,C013516,2025-05-13 20:00:00,Male,18,Bronze,TV,Khon Kaen,1392,CallCenter,COD,20,5,1,0,<20,46.4,3.0,0.0,0.0,-1,25,6307.75,0.08,0.6666666666666666,0.0,0.0,0.0,0,0,0.0,2991.37,1,0,0.0,15714.18,2,0,0.0,18923.25,3,0,0.0,1
LGS2ORD0016776,C011299,2025-05-13 20:00:00,Male,43,Bronze,TV,Bangkok,1196,TV_Show,Credit_Card,20,5,1,0,40-50,39.86666666666667,1.0,0.0,0.0,-1,83,4160.09,0.08,1.0,0.0,0.0,0.0,0,0,0.0,0.0,0,0,0.0,4160.09,1,0,0.0,4160.09,1,0,0.0,0
LGS2ORD0016777,C010634,2025-05-13 21:00:00,Female,51,Gold,TV,Bangkok,175,Lazada,COD,21,5,1,0,>50,5.833333333333333,4.0,0.0,0.0,-1,70,5664.137499999999,0.18,0.75,0.0,0.0,0.0,0,0,0.0,0.0,0,0,0.0,13265.8,2,0,0.0,22656.549999999996,4,0,0.0,0
LGS2ORD0016778,C010696,2025-05-13 21:00:00,Female,52,Bronze,Web,Nakhon Ratchasima,332,Web,COD,21,5,1,0,>50,11.066666666666666,3.0,0.0,0.0,-1,13,16283.153333333334,0.23,0.6666666666666666,0.3333333333333333,0.0,0.0,0,0,0.0,48849.46,3,0,0.0,48849.46,3,0,0.0,48849.46,3,0,0.0,0
LGS2ORD0016779,C012652,2025-05-13 21:00:00,Female,35,Bronze,TV,Khon Kaen,497,TV_Show,Credit_Card,21,5,1,0,30-40,16.566666666666666,3.0,0.0,0.0,-1,28,4862.2699999999995,0.28,0.6666666666666666,0.3333333333333333,0.0,0.0,0,0,0.0,1819.9,1,0,0.0,1819.9,1,0,0.0,14586.81,3,0,0.0,0
LGS2ORD0016780,C010015,2025-05-13 21:00:00,Female,46,Silver,Web,Songkhla,409,Shopee,PromptPay,21,5,1,0,40-50,13.633333333333333,3.0,1.0,0.3333333333333333,23,37,6881.416666666667,0.3,0.6666666666666666,0.6666666666666666,0.0,0.0,0,0,0.0,0.0,0,0,0.0,20644.25,3,1,0.3333333333333333,20644.25,3,1,0.3333333333333333,1
LGS2ORD0016781,C013226,2025-05-13 21:00:00,Female,44,Bronze,Shopee,Chonburi,1058,Web,COD,21,5,1,0,40-50,35.266666666666666,3.0,0.0,0.0,-1,29,25366.03333333333,0.23,0.0,0.3333333333333333,0.0,0.0,0,0,0.0,7691.8,1,0,0.0,56609.18,2,0,0.0,76098.09999999999,3,0,0.0,0
LGS2ORD0016782,C016982,2025-05-13 21:00:00,Male,43,Bronze,Web,Remote_Area,681,TV_Show,Credit_Card,21,5,1,0,40-50,22.7,2.0,0.0,0.0,-1,102,10336.984999999999,0.28,0.5,0.5,0.0,0.0,0,0,0.0,0.0,0,0,0.0,0.0,0,0,0.0,20673.969999999998,2,0,0.0,1
LGS2ORD0016783,C015046,2025-05-13 22:00:00,Male,64,Silver,Lazada,Songkhla,423,CallCenter,Credit_Card,22,5,1,0,>50,14.1,1.0,1.0,1.0,11,14,10137.3,0.1,0.0,0.0,0.0,0.0,0,0,0.0,10137.3,1,1,1.0,10137.3,1,1,1.0,10137.3,1,1,1.0,0
LGS2ORD0016784,C010361,2025-05-13 22:00:00,Female,29,Silver,Lazada,Bangkok,679,CallCenter,COD,22,5,1,0,20-30,22.633333333333333,0.0,0.0,0.0,-1,-1,0.0,0.0,0.0,0.0,0.0,0.0,0,0,0.0,0.0,0,0,0.0,0.0,0,0,0.0,0.0,0,0,0.0,1
LGS2ORD0016785,C013586,2025-05-13 22:00:00,Male,36,Bronze,TV,Phuket,539,TV_Show,Credit_Card,22,5,1,0,30-40,17.966666666666665,0.0,0.0,0.0,-1,-1,0.0,0.0,0.0,0.0,0.0,0.0,0,0,0.0,0.0,0,0,0.0,0.0,0,0,0.0,0.0,0,0,0.0,0
LGS2ORD0016786,C010023,2025-05-13 22:00:00,Male,41,Silver,CallCenter,Nakhon Ratchasima,177,CallCenter,PromptPay,22,5,1,0,40-50,5.9,1.0,0.0,0.0,-1,61,2672.45,0.1,1.0,0.0,0.0,0.0,0,0,0.0,0.0,0,0,0.0,2672.45,1,0,0.0,2672.45,1,0,0.0,0
LGS2ORD0016787,C016179,2025-05-13 22:00:00,Female,40,Bronze,Shopee,Phuket,583,Lazada,Credit_Card,22,5,1,0,30-40,19.433333333333334,2.0,0.0,0.0,-1,58,6705.63,0.08,0.5,0.0,0.0,0.0,0,0,0.0,0.0,0,0,0.0,5594.79,1,0,0.0,13411.26,2,0,0.0,0
LGS2ORD0016788,C015861,2025-05-13 23:00:00,Female,61,Silver,TV,Khon Kaen,580,Lazada,COD,23,5,1,0,>50,19.333333333333332,6.0,2.0,0.3333333333333333,10,5,10603.191666666668,0.2,0.8333333333333334,0.0,0.0,924.73,1,0,0.0,36436.170000000006,2,1,0.5,60115.07,5,2,0.4,63619.15,6,2,0.3333333333333333,1
LGS2ORD0016789,C017288,2025-05-13 23:00:00,Male,34,Bronze,Shopee,Khon Kaen,1323,Web,Bank_Transfer,23,5,1,0,30-40,44.1,3.0,1.0,0.3333333333333333,51,2,9723.903333333334,0.23,0.3333333333333333,0.6666666666666666,0.0,8240.71,1,0,0.0,8240.71,1,0,0.0,29171.71,3,1,0.3333333333333333,29171.71,3,1,0.3333333333333333,0
LGS2ORD0016790,C012578,2025-05-13 23:00:00,Female,41,Bronze,Web,Chiang Mai,696,Web,COD,23,5,1,0,40-50,23.2,4.0,1.0,0.25,35,15,10068.137499999999,0.23,0.0,0.25,0.0,0.0,0,0,0.0,4303.92,1,0,0.0,36280.12,2,1,0.5,40272.549999999996,4,1,0.25,0
LGS2ORD0016791,C015661,2025-05-13 23:00:00,Female,54,Bronze,Shopee,Nakhon Ratchasima,981,Shopee,COD,23,5,1,0,>50,32.7,1.0,0.0,0.0,-1,60,202.61,0.08,0.0,0.0,0.0,0.0,0,0,0.0,0.0,0,0,0.0,202.61,1,0,0.0,202.61,1,0,0.0,0
LGS2ORD0016792,C011254,2025-05-13 23:00:00,Female,35,Bronze,TV,Khon Kaen,1439,Lazada,Bank_Transfer,23,5,1,0,30-40,47.96666666666667,1.0,0.0,0.0,-1,0,1673.77,0.18,1.0,0.0,0.0,1673.77,1,0,0.0,1673.77,1,0,0.0,1673.77,1,0,0.0,1673.77,1,0,0.0,0
LGS2ORD0016793,C011174,2025-05-14 00:00:00,Male,26,Gold,Lazada,Songkhla,1121,Shopee,COD,0,5,2,0,20-30,37.36666666666667,1.0,0.0,0.0,-1,44,1343.94,0.18,0.0,0.0,0.0,0.0,0,0,0.0,0.0,0,0,0.0,1343.94,1,0,0.0,1343.94,1,0,0.0,0
LGS2ORD0016794,C016596,2025-05-14 00:00:00,Female,39,Bronze,Web,Chonburi,636,Web,COD,0,5,2,0,30-40,21.2,2.0,0.0,0.0,-1,80,7341.3,0.18,0.5,0.0,0.0,0.0,0,0,0.0,0.0,0,0,0.0,14682.6,2,0,0.0,14682.6,2,0,0.0,0
LGS2ORD0016795,C014839,2025-05-14 00:00:00,Male,49,Bronze,Shopee,Khon Kaen,1583,Shopee,PromptPay,0,5,2,0,40-50,52.766666666666666,5.0,1.0,0.2,94,40,7675.688,0.23,0.2,0.2,0.0,0.0,0,0,0.0,0.0,0,0,0.0,25716.16,4,0,0.0,38378.44,5,1,0.2,1
LGS2ORD0016796,C016391,2025-05-14 00:00:00,Male,37,Bronze,CallCenter,Bangkok,325,Shopee,Credit_Card,0,5,2,0,30-40,10.833333333333334,5.0,0.0,0.0,-1,10,1465.712,0.23,0.4,0.2,0.0,0.0,0,0,0.0,734.2,1,0,0.0,5878.070000000001,3,0,0.0,7328.56,5,0,0.0,1
LGS2ORD0016797,C012123,2025-05-14 00:00:00,Female,22,Silver,TV,Khon Kaen,1184,CallCenter,Bank_Transfer,0,5,2,0,20-30,39.46666666666667,5.0,1.0,0.2,118,5,6010.237999999999,0.15,0.6,0.0,0.0,7708.61,1,0,0.0,7708.61,1,0,0.0,20433.48,3,0,0.0,30051.19,5,1,0.2,0
LGS2ORD0016798,C011763,2025-05-14 01:00:00,Male,50,Silver,TV,Bangkok,915,TV_Show,COD,1,5,2,0,40-50,30.5,5.0,2.0,0.4,2,12,3128.572,0.2,0.2,0.0,0.0,0.0,0,0,0.0,1871.71,1,1,1.0,15033.61,4,2,0.5,15642.86,5,2,0.4,0
LGS2ORD0016799,C013382,2025-05-14 01:00:00,Female,48,Platinum,Shopee,Chonburi,1543,CallCenter,COD,1,5,2,0,40-50,51.43333333333333,4.0,1.0,0.25,105,1,4422.6675,0.25,0.75,0.25,0.0,521.36,1,0,0.0,521.36,1,0,0.0,5265.259999999999,2,0,0.0,17690.67,4,1,0.25,0
LGS2ORD0016800,C010954,2025-05-14 01:00:00,Male,39,Silver,Shopee,Songkhla,467,CallCenter,COD,1,5,2,0,30-40,15.566666666666666,2.0,2.0,1.0,23,33,2257.36,0.25,1.0,0.5,0.0,0.0,0,0,0.0,0.0,0,0,0.0,4514.72,2,2,1.0,4514.72,2,2,1.0,0
LGS2ORD0016801,C016092,2025-05-14 01:00:00,Male,36,Bronze,Lazada,Chiang Mai,873,Lazada,PromptPay,1,5,2,0,30-40,29.1,0.0,0.0,0.0,-1,-1,0.0,0.0,0.0,0.0,0.0,0.0,0,0,0.0,0.0,0,0,0.0,0.0,0,0,0.0,0.0,0,0,0.0,0
LGS2ORD0016802,C013651,2025-05-14 01:00:00,Female,29,Gold,Web,Bangkok,1051,Lazada,PromptPay,1,5,2,0,20-30,35.03333333333333,4.0,1.0,0.25,67,7,4865.3,0.2299999999999999,0.25,0.25,0.0,0.0,0,0,0.0,5894.71,1,0,0.0,19461.2,4,1,0.25,19461.2,4,1,0.25,0
LGS2ORD0016803,C017777,2025-05-14 01:00:00,Male,65,Gold,Shopee,Remote_Area,174,TV_Show,Credit_Card,1,5,2,0,>50,5.8,1.0,1.0,1.0,103,116,1284.27,0.33,0.0,1.0,0.0,0.0,0,0,0.0,0.0,0,0,0.0,0.0,0,0,0.0,1284.27,1,1,1.0,1
LGS2ORD0016804,C017131,2025-05-14 02:00:00,Male,45,Silver,Shopee,Nakhon Ratchasima,676,TV_Show,COD,2,5,2,0,40-50,22.533333333333335,5.0,2.0,0.4,69,27,3676.4159999999997,0.25,0.6,0.4,0.0,0.0,0,0,0.0,3668.89,1,0,0.0,9292.26,2,1,0.5,18382.079999999998,5,2,0.4,0
LGS2ORD0016805,C015717,2025-05-14 02:00:00,Male,18,Silver,TV,Nakhon Ratchasima,986,Shopee,Credit_Card,2,5,2,0,<20,32.86666666666667,3.0,1.0,0.3333333333333333,117,19,1603.3266666666668,0.2,0.6666666666666666,0.0,0.0,0.0,0,0,0.0,276.85,1,0,0.0,4417.51,2,0,0.0,4809.9800000000005,3,1,0.3333333333333333,0
LGS2ORD0016806,C017680,2025-05-14 02:00:00,Female,47,Bronze,TV,Chiang Mai,729,CallCenter,COD,2,5,2,0,40-50,24.3,2.0,0.0,0.0,-1,34,3987.115,0.18,1.0,0.0,0.0,0.0,0,0,0.0,0.0,0,0,0.0,7974.23,2,0,0.0,7974.23,2,0,0.0,0
LGS2ORD0016807,C010333,2025-05-14 02:00:00,Male,40,Silver,Web,Songkhla,583,TV_Show,COD,2,5,2,0,30-40,19.433333333333334,6.0,3.0,0.5,28,22,7278.186666666667,0.25,0.5,0.16666666666666666,0.0,0.0,0,0,0.0,4611.47,1,0,0.0,37448.67,3,2,0.6666666666666666,43669.12,6,3,0.5,0
LGS2ORD0016808,C015643,2025-05-14 02:00:00,Male,60,Bronze,TV,Khon Kaen,505,TV_Show,COD,2,5,2,0,>50,16.833333333333332,1.0,0.0,0.0,-1,124,655.21,0.13,1.0,0.0,0.0,0.0,0,0,0.0,0.0,0,0,0.0,0.0,0,0,0.0,655.21,1,0,0.0,0
LGS2ORD0016809,C016396,2025-05-14 03:00:00,Female,30,Silver,Web,Chiang Mai,1560,TV_Show,PromptPay,3,5,2,0,20-30,52.0,3.0,2.0,0.6666666666666666,49,24,4937.7266666666665,0.3,0.0,0.3333333333333333,0.0,0.0,0,0,0.0,3613.86,1,0,0.0,14813.18,3,2,0.6666666666666666,14813.18,3,2,0.6666666666666666,1
LGS2ORD0016810,C010962,2025-05-14 03:00:00,Female,39,Bronze,Shopee,Chonburi,848,Web,COD,3,5,2,0,30-40,28.266666666666666,1.0,0.0,0.0,-1,126,10429.11,0.13,1.0,0.0,0.0,0.0,0,0,0.0,0.0,0,0,0.0,0.0,0,0,0.0,10429.11,1,0,0.0,1
LGS2ORD0016811,C011423,2025-05-14 03:00:00,Other,60,Bronze,Shopee,Bangkok,1547,Web,COD,3,5,2,0,>50,51.56666666666667,4.0,1.0,0.25,110,20,3460.1425,0.08,1.0,0.0,0.0,0.0,0,0,0.0,2640.8,1,0,0.0,13425.82,3,0,0.0,13840.57,4,1,0.25,0
LGS2ORD0016812,C015891,2025-05-14 03:00:00,Female,40,Bronze,TV,Phuket,567,CallCenter,COD,3,5,2,0,30-40,18.9,3.0,2.0,0.6666666666666666,-3,3,19257.343333333334,0.18,0.3333333333333333,0.0,0.0,15648.18,1,1,1.0,15648.18,1,1,1.0,57772.03,3,2,0.6666666666666666,57772.03,3,2,0.6666666666666666,0
LGS2ORD0016813,C010741,2025-05-14 03:00:00,Male,24,Gold,TV,Phuket,1348,Shopee,COD,3,5,2,0,20-30,44.93333333333333,2.0,1.0,0.5,2,16,3333.335,0.2299999999999999,0.0,0.5,0.0,0.0,0,0,0.0,6666.67,2,1,0.5,6666.67,2,1,0.5,6666.67,2,1,0.5,1
LGS2ORD0016814,C013644,2025-05-14 04:00:00,Female,48,Bronze,TV,Chiang Mai,1513,Lazada,COD,4,5,2,0,40-50,50.43333333333333,1.0,1.0,1.0,102,113,2401.14,0.18,1.0,0.0,0.0,0.0,0,0,0.0,0.0,0,0,0.0,0.0,0,0,0.0,2401.14,1,1,1.0,0
LGS2ORD0016815,C014536,2025-05-14 04:00:00,Male,19,Bronze,Lazada,Chiang Mai,1012,TV_Show,Credit_Card,4,5,2,0,<20,33.733333333333334,5.0,0.0,0.0,-1,32,5883.124,0.23,0.0,0.2,0.0,0.0,0,0,0.0,0.0,0,0,0.0,29415.62,5,0,0.0,29415.62,5,0,0.0,0
LGS2ORD0016816,C014769,2025-05-14 04:00:00,Other,47,Bronze,Shopee,Bangkok,1581,TV_Show,Credit_Card,4,5,2,0,40-50,52.7,3.0,1.0,0.3333333333333333,35,30,3060.906666666667,0.23,0.0,0.3333333333333333,0.0,0.0,0,0,0.0,0.0,0,0,0.0,9182.720000000001,3,1,0.3333333333333333,9182.720000000001,3,1,0.3333333333333333,0
LGS2ORD0016817,C013146,2025-05-14 04:00:00,Male,31,Bronze,TV,Songkhla,424,Shopee,COD,4,5,2,0,30-40,14.133333333333333,2.0,1.0,0.5,84,82,8029.095,0.08,0.0,0.0,0.0,0.0,0,0,0.0,0.0,0,0,0.0,12313.04,1,0,0.0,16058.19,2,1,0.5,0
LGS2ORD0016818,C014735,2025-05-14 04:00:00,Male,53,Bronze,Shopee,Songkhla,593,TV_Show,COD,4,5,2,0,>50,19.766666666666666,1.0,1.0,1.0,11,27,725.09,0.13,1.0,0.0,0.0,0.0,0,0,0.0,725.09,1,1,1.0,725.09,1,1,1.0,725.09,1,1,1.0,1
LGS2ORD0016819,C017755,2025-05-14 04:00:00,Male,46,Silver,Lazada,Chonburi,154,Lazada,Credit_Card,4,5,2,0,40-50,5.133333333333334,0.0,0.0,0.0,-1,-1,0.0,0.0,0.0,0.0,0.0,0.0,0,0,0.0,0.0,0,0,0.0,0.0,0,0,0.0,0.0,0,0,0.0,0
LGS2ORD0016820,C016436,2025-05-14 05:00:00,Male,57,Bronze,CallCenter,Bangkok,1462,CallCenter,COD,5,5,2,0,>50,48.733333333333334,2.0,1.0,0.5,68,73,8012.950000000001,0.18,1.0,0.0,0.0,0.0,0,0,0.0,0.0,0,0,0.0,1507.28,1,1,1.0,16025.900000000001,2,1,0.5,0
LGS2ORD0016821,C010256,2025-05-14 05:00:00,Female,60,Bronze,Lazada,Chiang Mai,357,TV_Show,PromptPay,5,5,2,0,>50,11.9,2.0,0.0,0.0,-1,93,1458.125,0.13,0.5,0.0,0.0,0.0,0,0,0.0,0.0,0,0,0.0,0.0,0,0,0.0,2916.25,2,0,0.0,0
LGS2ORD0016822,C013237,2025-05-14 05:00:00,Male,49,Bronze,CallCenter,Chonburi,209,CallCenter,Credit_Card,5,5,2,0,40-50,6.966666666666667,2.0,2.0,1.0,-6,11,1583.62,0.18,1.0,0.0,0.0,0.0,0,0,0.0,1535.24,1,1,1.0,3167.24,2,2,1.0,3167.24,2,2,1.0,0
LGS2ORD0016823,C014477,2025-05-14 05:00:00,Male,43,Gold,TV,Remote_Area,147,Web,COD,5,5,2,0,40-50,4.9,3.0,2.0,0.6666666666666666,35,8,1433.4799999999998,0.33,0.6666666666666666,0.3333333333333333,0.0,0.0,0,0,0.0,542.15,1,0,0.0,2276.25,2,1,0.5,4300.44,3,2,0.6666666666666666,0
LGS2ORD0016824,C013013,2025-05-14 05:00:00,Female,26,Silver,TV,Chiang Mai,1434,Shopee,COD,5,5,2,0,20-30,47.8,0.0,0.0,0.0,-1,-1,0.0,0.0,0.0,0.0,0.0,0.0,0,0,0.0,0.0,0,0,0.0,0.0,0,0,0.0,0.0,0,0,0.0,1
LGS2ORD0016825,C013947,2025-05-14 06:00:00,Female,36,Bronze,Shopee,Phuket,901,CallCenter,Credit_Card,6,5,2,0,30-40,30.033333333333335,2.0,0.0,0.0,-1,50,1255.505,0.23,0.5,0.5,0.0,0.0,0,0,0.0,0.0,0,0,0.0,1293.71,1,0,0.0,2511.01,2,0,0.0,1
LGS2ORD0016826,C017997,2025-05-14 06:00:00,Male,42,Platinum,Lazada,Chonburi,1520,Web,Bank_Transfer,6,5,2,0,40-50,50.666666666666664,1.0,0.0,0.0,-1,0,869.97,0.15,0.0,0.0,0.0,869.97,1,0,0.0,869.97,1,0,0.0,869.97,1,0,0.0,869.97,1,0,0.0,0
LGS2ORD0016827,C013082,2025-05-14 06:00:00,Male,28,Silver,Web,Chonburi,1491,Shopee,Bank_Transfer,6,5,2,0,20-30,49.7,2.0,1.0,0.5,69,79,9721.84,0.25,1.0,0.5,0.0,0.0,0,0,0.0,0.0,0,0,0.0,19443.68,2,1,0.5,19443.68,2,1,0.5,0
LGS2ORD0016828,C017152,2025-05-14 06:00:00,Male,45,Silver,TV,Remote_Area,711,Shopee,Bank_Transfer,6,5,2,0,40-50,23.7,1.0,0.0,0.0,-1,117,765.12,0.05,1.0,0.0,0.0,0.0,0,0,0.0,0.0,0,0,0.0,0.0,0,0,0.0,765.12,1,0,0.0,0
LGS2ORD0016829,C012493,2025-05-14 06:00:00,Other,56,Bronze,Shopee,Chiang Mai,946,Web,COD,6,5,2,0,>50,31.533333333333335,3.0,1.0,0.3333333333333333,84,60,2386.7999999999997,0.23,1.0,0.3333333333333333,0.0,0.0,0,0,0.0,0.0,0,0,0.0,6060.8,2,1,0.5,7160.4,3,1,0.3333333333333333,1
LGS2ORD0016830,C011167,2025-05-14 07:00:00,Female,42,Silver,Web,Chiang Mai,1089,Shopee,COD,7,5,2,0,40-50,36.3,5.0,2.0,0.4,32,3,1340.676,0.25,1.0,0.4,0.0,340.82,1,0,0.0,340.82,1,0,0.0,4116.69,3,1,0.3333333333333333,6703.38,5,2,0.4,0
LGS2ORD0016831,C013640,2025-05-14 07:00:00,Male,43,Bronze,Web,Khon Kaen,1132,Shopee,COD,7,5,2,0,40-50,37.733333333333334,1.0,0.0,0.0,-1,120,3690.67,0.18,1.0,0.0,0.0,0.0,0,0,0.0,0.0,0,0,0.0,0.0,0,0,0.0,3690.67,1,0,0.0,0
LGS2ORD0016832,C011520,2025-05-14 07:00:00,Male,59,Bronze,Shopee,Songkhla,1374,TV_Show,COD,7,5,2,0,>50,45.8,3.0,1.0,0.3333333333333333,3,14,4634.453333333334,0.28,0.3333333333333333,0.6666666666666666,0.0,0.0,0,0,0.0,8820.31,1,1,1.0,9149.56,2,1,0.5,13903.36,3,1,0.3333333333333333,0
LGS2ORD0016833,C012603,2025-05-14 07:00:00,Male,34,Silver,Web,Bangkok,648,Web,Bank_Transfer,7,5,2,0,30-40,21.6,0.0,0.0,0.0,-1,-1,0.0,0.0,0.0,0.0,0.0,0.0,0,0,0.0,0.0,0,0,0.0,0.0,0,0,0.0,0.0,0,0,0.0,0
LGS2ORD0016834,C011498,2025-05-14 07:00:00,Female,41,Silver,Web,Nakhon Ratchasima,1456,Shopee,COD,7,5,2,0,40-50,48.53333333333333,1.0,0.0,0.0,-1,110,3824.62,0.2,0.0,0.0,0.0,0.0,0,0,0.0,0.0,0,0,0.0,0.0,0,0,0.0,3824.62,1,0,0.0,0
LGS2ORD0016835,C015633,2025-05-14 08:00:00,Male,26,Bronze,TV,Nakhon Ratchasima,921,Shopee,COD,8,5,2,0,20-30,30.7,2.0,1.0,0.5,96,5,7337.25,0.18,0.5,0.0,0.0,1360.46,1,0,0.0,1360.46,1,0,0.0,1360.46,1,0,0.0,14674.5,2,1,0.5,1
LGS2ORD0016836,C016087,2025-05-14 08:00:00,Female,44,Bronze,Lazada,Songkhla,733,Web,Credit_Card,8,5,2,0,40-50,24.433333333333334,3.0,0.0,0.0,-1,66,3353.4833333333336,0.28,0.0,0.3333333333333333,0.0,0.0,0,0,0.0,0.0,0,0,0.0,8866.95,2,0,0.0,10060.45,3,0,0.0,0
LGS2ORD0016837,C013508,2025-05-14 08:00:00,Male,44,Bronze,TV,Phuket,939,Web,COD,8,5,2,0,40-50,31.3,0.0,0.0,0.0,-1,-1,0.0,0.0,0.0,0.0,0.0,0.0,0,0,0.0,0.0,0,0,0.0,0.0,0,0,0.0,0.0,0,0,0.0,0
LGS2ORD0016838,C011412,2025-05-14 08:00:00,Female,18,Silver,TV,Chiang Mai,1079,TV_Show,Credit_Card,8,5,2,0,<20,35.96666666666667,1.0,1.0,1.0,0,5,5146.8,0.25,1.0,1.0,0.0,5146.8,1,1,1.0,5146.8,1,1,1.0,5146.8,1,1,1.0,5146.8,1,1,1.0,0
LGS2ORD0016839,C017057,2025-05-14 08:00:00,Female,29,Gold,Web,Chonburi,862,CallCenter,Credit_Card,8,5,2,0,20-30,28.733333333333334,3.0,1.0,0.3333333333333333,13,23,3672.566666666667,0.33,0.3333333333333333,0.6666666666666666,0.0,0.0,0,0,0.0,1659.04,1,1,1.0,2758.34,2,1,0.5,11017.7,3,1,0.3333333333333333,0
LGS2ORD0016840,C011206,2025-05-14 08:00:00,Male,27,Silver,Web,Bangkok,680,CallCenter,Bank_Transfer,8,5,2,0,20-30,22.666666666666668,1.0,0.0,0.0,-1,117,6085.93,0.25,0.0,1.0,0.0,0.0,0,0,0.0,0.0,0,0,0.0,0.0,0,0,0.0,6085.93,1,0,0.0,0
LGS2ORD0016841,C015650,2025-05-14 09:00:00,Female,49,Silver,Shopee,Nakhon Ratchasima,233,CallCenter,Credit_Card,9,5,2,0,40-50,7.766666666666667,2.0,0.0,0.0,-1,46,2740.9700000000003,0.15,0.5,0.0,0.0,0.0,0,0,0.0,0.0,0,0,0.0,5481.9400000000005,2,0,0.0,5481.9400000000005,2,0,0.0,0
LGS2ORD0016842,C011929,2025-05-14 09:00:00,Female,63,Bronze,Lazada,Phuket,681,TV_Show,COD,9,5,2,0,>50,22.7,0.0,0.0,0.0,-1,-1,0.0,0.0,0.0,0.0,0.0,0.0,0,0,0.0,0.0,0,0,0.0,0.0,0,0,0.0,0.0,0,0,0.0,1
LGS2ORD0016843,C016394,2025-05-14 09:00:00,Male,34,Silver,Web,Remote_Area,1132,TV_Show,PromptPay,9,5,2,0,30-40,37.733333333333334,3.0,1.0,0.3333333333333333,110,100,5597.676666666667,0.25,0.3333333333333333,0.3333333333333333,0.0,0.0,0,0,0.0,0.0,0,0,0.0,0.0,0,0,0.0,16793.030000000002,3,1,0.3333333333333333,0
LGS2ORD0016844,C017824,2025-05-14 09:00:00,Female,54,Bronze,TV,Phuket,619,Lazada,COD,9,5,2,0,>50,20.633333333333333,2.0,0.0,0.0,-1,94,6913.13,0.08,0.5,0.0,0.0,0.0,0,0,0.0,0.0,0,0,0.0,0.0,0,0,0.0,13826.26,2,0,0.0,0
LGS2ORD0016845,C017040,2025-05-14 09:00:00,Female,28,Platinum,CallCenter,Bangkok,1186,Shopee,COD,9,5,2,0,20-30,39.53333333333333,6.0,1.0,0.16666666666666666,110,24,2225.4500000000003,0.35,0.5,0.6666666666666666,0.0,0.0,0,0,0.0,3134.03,1,0,0.0,9664.210000000001,3,0,0.0,13352.7,6,1,0.16666666666666666,0
LGS2ORD0016846,C012859,2025-05-14 10:00:00,Male,72,Bronze,Web,Nakhon Ratchasima,1112,Lazada,PromptPay,10,5,2,0,>50,37.06666666666667,5.0,0.0,0.0,-1,26,4638.464,0.18,0.6,0.0,0.0,0.0,0,0,0.0,472.09,1,0,0.0,9482.130000000001,4,0,0.0,23192.32,5,0,0.0,0
LGS2ORD0016847,C011646,2025-05-14 10:00:00,Male,54,Bronze,TV,Phuket,987,Lazada,PromptPay,10,5,2,0,>50,32.9,2.0,0.0,0.0,-1,58,13811.815,0.23,0.5,0.5,0.0,0.0,0,0,0.0,0.0,0,0,0.0,27623.63,2,0,0.0,27623.63,2,0,0.0,0
LGS2ORD0016848,C016578,2025-05-14 10:00:00,Female,42,Gold,Shopee,Phuket,1288,Lazada,COD,10,5,2,0,40-50,42.93333333333333,2.0,1.0,0.5,107,113,6769.835,0.28,0.5,0.5,0.0,0.0,0,0,0.0,0.0,0,0,0.0,0.0,0,0,0.0,13539.67,2,1,0.5,1
LGS2ORD0016849,C017021,2025-05-14 10:00:00,Male,45,Bronze,Lazada,Bangkok,1269,Shopee,PromptPay,10,5,2,0,40-50,42.3,1.0,0.0,0.0,-1,66,3105.02,0.23,0.0,1.0,0.0,0.0,0,0,0.0,0.0,0,0,0.0,3105.02,1,0,0.0,3105.02,1,0,0.0,0
LGS2ORD0016850,C012474,2025-05-14 10:00:00,Female,65,Gold,CallCenter,Bangkok,528,Lazada,COD,10,5,2,0,>50,17.6,6.0,0.0,0.0,-1,34,6794.360000000001,0.33,0.16666666666666666,0.3333333333333333,0.0,0.0,0,0,0.0,0.0,0,0,0.0,39452.23,5,0,0.0,40766.16,6,0,0.0,0
LGS2ORD0016851,C017582,2025-05-14 11:00:00,Male,42,Bronze,TV,Phuket,190,Lazada,COD,11,5,2,0,40-50,6.333333333333333,3.0,1.0,0.3333333333333333,10,22,2400.98,0.08,0.0,0.0,0.0,0.0,0,0,0.0,1896.17,1,1,1.0,2938.4300000000003,2,1,0.5,7202.9400000000005,3,1,0.3333333333333333,0
LGS2ORD0016852,C012022,2025-05-14 11:00:00,Male,37,Bronze,TV,Phuket,563,CallCenter,Credit_Card,11,5,2,0,30-40,18.766666666666666,1.0,1.0,1.0,15,27,19227.26,0.23,0.0,1.0,0.0,0.0,0,0,0.0,19227.26,1,1,1.0,19227.26,1,1,1.0,19227.26,1,1,1.0,0
LGS2ORD0016853,C016630,2025-05-14 11:00:00,Male,23,Bronze,TV,Phuket,1179,Lazada,COD,11,5,2,0,20-30,39.3,2.0,0.0,0.0,-1,52,3543.76,0.08,0.5,0.0,0.0,0.0,0,0,0.0,0.0,0,0,0.0,2416.4,1,0,0.0,7087.52,2,0,0.0,0
LGS2ORD0016854,C015523,2025-05-14 11:00:00,Male,64,Silver,Web,Bangkok,1451,Web,COD,11,5,2,0,>50,48.36666666666667,2.0,0.0,0.0,-1,1,3122.575,0.3,0.5,0.5,0.0,3703.81,1,0,0.0,3703.81,1,0,0.0,3703.81,1,0,0.0,6245.15,2,0,0.0,0
LGS2ORD0016855,C017078,2025-05-14 11:00:00,Male,53,Gold,Shopee,Chiang Mai,888,Shopee,Credit_Card,11,5,2,0,>50,29.6,1.0,0.0,0.0,-1,12,541.62,0.2299999999999999,1.0,1.0,0.0,0.0,0,0,0.0,541.62,1,0,0.0,541.62,1,0,0.0,541.62,1,0,0.0,0
LGS2ORD0016856,C013136,2025-05-14 12:00:00,Female,50,Bronze,CallCenter,Bangkok,375,Web,PromptPay,12,5,2,0,40-50,12.5,2.0,0.0,0.0,-1,2,2305.9700000000003,0.18,0.0,0.0,0.0,2721.31,1,0,0.0,2721.31,1,0,0.0,2721.31,1,0,0.0,4611.9400000000005,2,0,0.0,0
LGS2ORD0016857,C011340,2025-05-14 12:00:00,Female,57,Bronze,Web,Songkhla,600,TV_Show,Credit_Card,12,5,2,0,>50,20.0,2.0,0.0,0.0,-1,66,3185.3149999999996,0.28,1.0,0.5,0.0,0.0,0,0,0.0,0.0,0,0,0.0,4640.28,1,0,0.0,6370.629999999999,2,0,0.0,0
LGS2ORD0016858,C015205,2025-05-14 12:00:00,Female,58,Bronze,Shopee,Bangkok,265,Shopee,COD,12,5,2,0,>50,8.833333333333334,6.0,0.0,0.0,-1,10,5873.7300000000005,0.23,0.6666666666666666,0.16666666666666666,0.0,0.0,0,0,0.0,19210.06,1,0,0.0,19210.06,1,0,0.0,35242.380000000005,6,0,0.0,0
LGS2ORD0016859,C014539,2025-05-14 12:00:00,Male,42,Silver,Lazada,Chiang Mai,979,CallCenter,Credit_Card,12,5,2,0,40-50,32.63333333333333,1.0,0.0,0.0,-1,101,7152.1,0.2,1.0,0.0,0.0,0.0,0,0,0.0,0.0,0,0,0.0,0.0,0,0,0.0,7152.1,1,0,0.0,0
LGS2ORD0016860,C016582,2025-05-14 12:00:00,Female,52,Gold,Web,Bangkok,520,TV_Show,COD,12,5,2,0,>50,17.333333333333332,6.0,2.0,0.3333333333333333,65,24,4940.724999999999,0.18,0.6666666666666666,0.0,0.0,0.0,0,0,0.0,4127.72,1,0,0.0,17530.02,3,1,0.3333333333333333,29644.35,6,2,0.3333333333333333,1
LGS2ORD0016861,C013503,2025-05-14 12:00:00,Female,50,Gold,Lazada,Phuket,291,Shopee,COD,12,5,2,0,40-50,9.7,3.0,1.0,0.3333333333333333,57,50,2270.5333333333333,0.28,0.6666666666666666,0.6666666666666666,0.0,0.0,0,0,0.0,0.0,0,0,0.0,2189.08,2,1,0.5,6811.6,3,1,0.3333333333333333,1
LGS2ORD0016862,C014038,2025-05-14 13:00:00,Male,48,Bronze,TV,Bangkok,444,TV_Show,COD,13,5,2,0,40-50,14.8,1.0,0.0,0.0,-1,109,1119.57,0.28,0.0,1.0,0.0,0.0,0,0,0.0,0.0,0,0,0.0,0.0,0,0,0.0,1119.57,1,0,0.0,0
LGS2ORD0016863,C016548,2025-05-14 13:00:00,Female,33,Bronze,Lazada,Nakhon Ratchasima,767,Web,COD,13,5,2,0,30-40,25.566666666666666,0.0,0.0,0.0,-1,-1,0.0,0.0,0.0,0.0,0.0,0.0,0,0,0.0,0.0,0,0,0.0,0.0,0,0,0.0,0.0,0,0,0.0,0
LGS2ORD0016864,C010905,2025-05-14 13:00:00,Female,52,Gold,TV,Chonburi,715,TV_Show,Credit_Card,13,5,2,0,>50,23.833333333333332,1.0,0.0,0.0,-1,30,1790.77,0.08,1.0,0.0,0.0,0.0,0,0,0.0,0.0,0,0,0.0,1790.77,1,0,0.0,1790.77,1,0,0.0,1
LGS2ORD0016865,C017786,2025-05-14 13:00:00,Other,50,Silver,Shopee,Bangkok,589,Lazada,COD,13,5,2,0,40-50,19.633333333333333,2.0,0.0,0.0,-1,57,2685.11,0.15,0.0,0.0,0.0,0.0,0,0,0.0,0.0,0,0,0.0,5370.22,2,0,0.0,5370.22,2,0,0.0,0
LGS2ORD0016866,C014057,2025-05-14 13:00:00,Male,63,Silver,Web,Chonburi,655,CallCenter,COD,13,5,2,0,>50,21.833333333333332,3.0,0.0,0.0,-1,37,2901.1866666666665,0.25,0.0,0.3333333333333333,0.0,0.0,0,0,0.0,0.0,0,0,0.0,7266.52,2,0,0.0,8703.56,3,0,0.0,0
LGS2ORD0016867,C016330,2025-05-14 14:00:00,Female,23,Bronze,Shopee,Remote_Area,1022,CallCenter,Credit_Card,14,5,2,0,20-30,34.06666666666667,0.0,0.0,0.0,-1,-1,0.0,0.0,0.0,0.0,0.0,0.0,0,0,0.0,0.0,0,0,0.0,0.0,0,0,0.0,0.0,0,0,0.0,1
LGS2ORD0016868,C012656,2025-05-14 14:00:00,Female,29,Silver,Shopee,Bangkok,891,TV_Show,Bank_Transfer,14,5,2,0,20-30,29.7,4.0,0.0,0.0,-1,30,2116.4575,0.3,0.25,0.5,0.0,0.0,0,0,0.0,0.0,0,0,0.0,4016.6000000000004,3,0,0.0,8465.83,4,0,0.0,1
LGS2ORD0016869,C013166,2025-05-14 14:00:00,Male,40,Gold,TV,Chiang Mai,1110,Lazada,PromptPay,14,5,2,0,30-40,37.0,4.0,1.0,0.25,97,9,5204.555,0.28,0.25,0.75,0.0,0.0,0,0,0.0,2066.17,1,0,0.0,2066.17,1,0,0.0,20818.22,4,1,0.25,0
LGS2ORD0016870,C014127,2025-05-14 14:00:00,Female,40,Silver,TV,Phuket,478,Web,COD,14,5,2,0,30-40,15.933333333333334,3.0,2.0,0.6666666666666666,45,59,1902.5566666666666,0.2,0.3333333333333333,0.0,0.0,0.0,0,0,0.0,0.0,0,0,0.0,5129.4,2,2,1.0,5707.67,3,2,0.6666666666666666,0
LGS2ORD0016871,C012041,2025-05-14 14:00:00,Male,27,Silver,Web,Bangkok,1205,Shopee,COD,14,5,2,0,20-30,40.166666666666664,0.0,0.0,0.0,-1,-1,0.0,0.0,0.0,0.0,0.0,0.0,0,0,0.0,0.0,0,0,0.0,0.0,0,0,0.0,0.0,0,0,0.0,1
LGS2ORD0016872,C012306,2025-05-14 15:00:00,Male,31,Bronze,Shopee,Bangkok,1545,TV_Show,Credit_Card,15,5,2,0,30-40,51.5,2.0,0.0,0.0,-1,18,9787.064999999999,0.18,0.5,0.0,0.0,0.0,0,0,0.0,18165.01,1,0,0.0,19574.129999999997,2,0,0.0,19574.129999999997,2,0,0.0,0
LGS2ORD0016873,C010949,2025-05-14 15:00:00,Female,34,Silver,Shopee,Bangkok,499,TV_Show,COD,15,5,2,0,30-40,16.633333333333333,2.0,0.0,0.0,-1,118,2677.625,0.3,0.0,0.5,0.0,0.0,0,0,0.0,0.0,0,0,0.0,0.0,0,0,0.0,5355.25,2,0,0.0,1
LGS2ORD0016874,C016317,2025-05-14 15:00:00,Male,45,Bronze,Shopee,Bangkok,188,Web,COD,15,5,2,0,40-50,6.266666666666667,3.0,3.0,1.0,69,83,2136.0566666666664,0.23,1.0,0.3333333333333333,0.0,0.0,0,0,0.0,0.0,0,0,0.0,2027.78,1,1,1.0,6408.169999999999,3,3,1.0,0
LGS2ORD0016875,C010871,2025-05-14 15:00:00,Female,34,Bronze,Shopee,Bangkok,1044,Lazada,COD,15,5,2,0,30-40,34.8,1.0,0.0,0.0,-1,30,3516.61,0.08,0.0,0.0,0.0,0.0,0,0,0.0,0.0,0,0,0.0,3516.61,1,0,0.0,3516.61,1,0,0.0,0
LGS2ORD0016876,C010439,2025-05-14 15:00:00,Female,48,Bronze,TV,Bangkok,1116,Lazada,Credit_Card,15,5,2,0,40-50,37.2,4.0,2.0,0.5,-6,5,2702.0675,0.18,0.75,0.0,0.0,3893.89,1,1,1.0,3893.89,1,1,1.0,10069.23,3,2,0.6666666666666666,10808.27,4,2,0.5,0
LGS2ORD0016877,C011590,2025-05-14 16:00:00,Male,70,Silver,CallCenter,Phuket,607,TV_Show,Credit_Card,16,5,2,0,>50,20.233333333333334,2.0,1.0,0.5,94,51,4809.92,0.1,1.0,0.0,0.0,0.0,0,0,0.0,0.0,0,0,0.0,5361.18,1,0,0.0,9619.84,2,1,0.5,0
LGS2ORD0016878,C014542,2025-05-14 16:00:00,Female,38,Bronze,TV,Remote_Area,1254,TV_Show,COD,16,5,2,0,30-40,41.8,2.0,0.0,0.0,-1,36,1369.495,0.23,1.0,1.0,0.0,0.0,0,0,0.0,0.0,0,0,0.0,1497.62,1,0,0.0,2738.99,2,0,0.0,0
LGS2ORD0016879,C017544,2025-05-14 16:00:00,Female,51,Bronze,CallCenter,Bangkok,808,Lazada,Bank_Transfer,16,5,2,0,>50,26.933333333333334,5.0,1.0,0.2,48,18,9486.552,0.23,0.2,0.4,0.0,0.0,0,0,0.0,3614.59,1,0,0.0,47432.759999999995,5,1,0.2,47432.759999999995,5,1,0.2,0
LGS2ORD0016880,C013759,2025-05-14 16:00:00,Female,72,Bronze,Lazada,Nakhon Ratchasima,277,TV_Show,COD,16,5,2,0,>50,9.233333333333333,2.0,0.0,0.0,-1,74,1712.03,0.18,0.5,0.0,0.0,0.0,0,0,0.0,0.0,0,0,0.0,2434.47,1,0,0.0,3424.06,2,0,0.0,1
LGS2ORD0016881,C010181,2025-05-14 16:00:00,Male,51,Bronze,Shopee,Phuket,1137,TV_Show,PromptPay,16,5,2,0,>50,37.9,3.0,0.0,0.0,-1,25,5165.193333333334,0.28,1.0,0.3333333333333333,0.0,0.0,0,0,0.0,7539.15,1,0,0.0,10846.8,2,0,0.0,15495.58,3,0,0.0,0
LGS2ORD0016882,C010854,2025-05-14 16:00:00,Other,45,Bronze,CallCenter,Bangkok,1493,Lazada,Credit_Card,16,5,2,0,40-50,49.766666666666666,2.0,0.0,0.0,-1,22,2159.645,0.18,0.0,0.0,0.0,0.0,0,0,0.0,3741.27,1,0,0.0,4319.29,2,0,0.0,4319.29,2,0,0.0,0
LGS2ORD0016883,C017476,2025-05-14 17:00:00,Female,61,Silver,TV,Nakhon Ratchasima,418,Web,COD,17,5,2,0,>50,13.933333333333334,4.0,0.0,0.0,-1,21,6784.92,0.3,0.5,0.25,0.0,0.0,0,0,0.0,1190.98,1,0,0.0,10098.46,2,0,0.0,27139.68,4,0,0.0,0
LGS2ORD0016884,C015933,2025-05-14 17:00:00,Female,35,Silver,Web,Nakhon Ratchasima,1153,Shopee,PromptPay,17,5,2,0,30-40,38.43333333333333,1.0,0.0,0.0,-1,123,1680.63,0.1,1.0,0.0,0.0,0.0,0,0,0.0,0.0,0,0,0.0,0.0,0,0,0.0,1680.63,1,0,0.0,0
LGS2ORD0016885,C014998,2025-05-14 17:00:00,Male,65,Gold,Web,Nakhon Ratchasima,616,TV_Show,COD,17,5,2,0,>50,20.533333333333335,2.0,1.0,0.5,57,36,5540.674999999999,0.08,0.5,0.0,0.0,0.0,0,0,0.0,0.0,0,0,0.0,11081.349999999999,2,1,0.5,11081.349999999999,2,1,0.5,0
LGS2ORD0016886,C016624,2025-05-14 17:00:00,Female,32,Gold,TV,Remote_Area,502,CallCenter,COD,17,5,2,0,30-40,16.733333333333334,3.0,3.0,1.0,-9,4,5506.43,0.33,0.6666666666666666,1.0,0.0,2678.7,1,1,1.0,2678.7,1,1,1.0,16519.29,3,3,1.0,16519.29,3,3,1.0,1
LGS2ORD0016887,C013940,2025-05-14 17:00:00,Other,45,Gold,Shopee,Nakhon Ratchasima,412,TV_Show,COD,17,5,2,0,40-50,13.733333333333333,2.0,1.0,0.5,39,51,10590.805,0.13,0.5,0.0,0.0,0.0,0,0,0.0,0.0,0,0,0.0,21181.61,2,1,0.5,21181.61,2,1,0.5,0
LGS2ORD0016888,C013070,2025-05-14 18:00:00,Female,68,Bronze,TV,Songkhla,165,TV_Show,COD,18,5,2,0,>50,5.5,3.0,1.0,0.3333333333333333,32,37,5605.6466666666665,0.18,0.6666666666666666,0.0,0.0,0.0,0,0,0.0,0.0,0,0,0.0,16816.94,3,1,0.3333333333333333,16816.94,3,1,0.3333333333333333,1
LGS2ORD0016889,C011562,2025-05-14 18:00:00,Female,47,Gold,TV,Bangkok,1442,TV_Show,COD,18,5,2,0,40-50,48.06666666666667,3.0,0.0,0.0,-1,56,2562.8733333333334,0.33,0.6666666666666666,0.3333333333333333,0.0,0.0,0,0,0.0,0.0,0,0,0.0,6411.429999999999,2,0,0.0,7688.62,3,0,0.0,1
LGS2ORD0016890,C013594,2025-05-14 18:00:00,Male,39,Bronze,Lazada,Chonburi,1197,Lazada,COD,18,5,2,0,30-40,39.9,2.0,0.0,0.0,-1,75,3002.16,0.18,0.5,0.0,0.0,0.0,0,0,0.0,0.0,0,0,0.0,1506.34,1,0,0.0,6004.32,2,0,0.0,1
LGS2ORD0016891,C010969,2025-05-14 18:00:00,Female,36,Bronze,TV,Bangkok,859,TV_Show,PromptPay,18,5,2,0,30-40,28.633333333333333,2.0,0.0,0.0,-1,8,6154.860000000001,0.18,0.0,0.0,0.0,0.0,0,0,0.0,6796.35,1,0,0.0,12309.720000000001,2,0,0.0,12309.720000000001,2,0,0.0,0
LGS2ORD0016892,C012587,2025-05-14 18:00:00,Female,41,Silver,Lazada,Phuket,1130,CallCenter,Credit_Card,18,5,2,0,40-50,37.666666666666664,1.0,1.0,1.0,78,82,7823.33,0.25,1.0,1.0,0.0,0.0,0,0,0.0,0.0,0,0,0.0,7823.33,1,1,1.0,7823.33,1,1,1.0,0
LGS2ORD0016893,C016725,2025-05-14 19:00:00,Female,45,Bronze,Web,Songkhla,1227,Web,Credit_Card,19,5,2,0,40-50,40.9,2.0,0.0,0.0,-1,9,7356.4,0.03,0.0,0.0,0.0,0.0,0,0,0.0,2414.05,1,0,0.0,14712.8,2,0,0.0,14712.8,2,0,0.0,0
LGS2ORD0016894,C014551,2025-05-14 19:00:00,Female,40,Bronze,CallCenter,Chiang Mai,675,TV_Show,Bank_Transfer,19,5,2,0,30-40,22.5,0.0,0.0,0.0,-1,-1,0.0,0.0,0.0,0.0,0.0,0.0,0,0,0.0,0.0,0,0,0.0,0.0,0,0,0.0,0.0,0,0,0.0,0
LGS2ORD0016895,C015660,2025-05-14 19:00:00,Male,33,Bronze,TV,Remote_Area,206,TV_Show,COD,19,5,2,0,30-40,6.866666666666666,3.0,0.0,0.0,-1,10,6301.106666666667,0.23,0.6666666666666666,0.3333333333333333,0.0,0.0,0,0,0.0,7775.08,1,0,0.0,7775.08,1,0,0.0,18903.32,3,0,0.0,1
LGS2ORD0016896,C010584,2025-05-14 19:00:00,Male,44,Bronze,CallCenter,Bangkok,660,Lazada,Credit_Card,19,5,2,0,40-50,22.0,3.0,0.0,0.0,-1,22,2166.403333333333,0.23,0.3333333333333333,0.3333333333333333,0.0,0.0,0,0,0.0,3352.99,1,0,0.0,3352.99,1,0,0.0,6499.21,3,0,0.0,0
LGS2ORD0016897,C013508,2025-05-14 19:00:00,Male,44,Bronze,TV,Phuket,939,TV_Show,COD,19,5,2,0,40-50,31.3,1.0,0.0,0.0,-1,0,8294.82,0.23,1.0,1.0,0.0,8294.82,1,0,0.0,8294.82,1,0,0.0,8294.82,1,0,0.0,8294.82,1,0,0.0,1
LGS2ORD0016898,C014838,2025-05-14 20:00:00,Male,54,Bronze,TV,Bangkok,1332,TV_Show,Credit_Card,20,5,2,0,>50,44.4,2.0,1.0,0.5,32,23,1056.605,0.28,0.5,1.0,0.0,0.0,0,0,0.0,529.9,1,0,0.0,2113.21,2,1,0.5,2113.21,2,1,0.5,0
LGS2ORD0016899,C017502,2025-05-14 20:00:00,Female,35,Gold,TV,Bangkok,1365,Shopee,PromptPay,20,5,2,0,30-40,45.5,3.0,0.0,0.0,-1,35,1765.6833333333332,0.2299999999999999,0.6666666666666666,0.3333333333333333,0.0,0.0,0,0,0.0,0.0,0,0,0.0,2421.39,2,0,0.0,5297.049999999999,3,0,0.0,0
LGS2ORD0016900,C014475,2025-05-14 20:00:00,Female,30,Gold,Web,Chiang Mai,1518,Web,Bank_Transfer,20,5,2,0,20-30,50.6,3.0,0.0,0.0,-1,5,8657.936666666666,0.33,0.6666666666666666,0.6666666666666666,0.0,3285.45,1,0,0.0,3285.45,1,0,0.0,25973.81,3,0,0.0,25973.81,3,0,0.0,0
LGS2ORD0016901,C012231,2025-05-14 20:00:00,Male,23,Bronze,CallCenter,Remote_Area,1590,TV_Show,COD,20,5,2,0,20-30,53.0,1.0,0.0,0.0,-1,88,5115.1,0.03,0.0,0.0,0.0,0.0,0,0,0.0,0.0,0,0,0.0,5115.1,1,0,0.0,5115.1,1,0,0.0,0
LGS2ORD0016902,C016921,2025-05-14 20:00:00,Male,33,Gold,Web,Bangkok,1009,Shopee,Bank_Transfer,20,5,2,0,30-40,33.63333333333333,1.0,0.0,0.0,-1,27,2328.88,0.33,1.0,1.0,0.0,0.0,0,0,0.0,2328.88,1,0,0.0,2328.88,1,0,0.0,2328.88,1,0,0.0,0
LGS2ORD0016903,C016111,2025-05-14 20:00:00,Female,47,Bronze,Shopee,Nakhon Ratchasima,309,TV_Show,COD,20,5,2,0,40-50,10.3,1.0,1.0,1.0,50,54,5093.03,0.23,0.0,1.0,0.0,0.0,0,0,0.0,0.0,0,0,0.0,5093.03,1,1,1.0,5093.03,1,1,1.0,0
LGS2ORD0016904,C016277,2025-05-14 21:00:00,Male,61,Bronze,Shopee,Remote_Area,809,Web,COD,21,5,2,0,>50,26.966666666666665,7.0,2.0,0.2857142857142857,22,15,4041.2442857142855,0.28,0.7142857142857143,0.2857142857142857,0.0,0.0,0,0,0.0,13599.33,2,0,0.0,20190.17,4,1,0.25,28288.71,7,2,0.2857142857142857,0
LGS2ORD0016905,C014436,2025-05-14 21:00:00,Female,41,Silver,Web,Khon Kaen,1119,Lazada,COD,21,5,2,0,40-50,37.3,1.0,0.0,0.0,-1,83,11049.33,0.15,1.0,0.0,0.0,0.0,0,0,0.0,0.0,0,0,0.0,11049.33,1,0,0.0,11049.33,1,0,0.0,0
LGS2ORD0016906,C011936,2025-05-14 21:00:00,Male,58,Bronze,Web,Chiang Mai,886,TV_Show,PromptPay,21,5,2,0,>50,29.533333333333335,2.0,0.0,0.0,-1,24,2997.425,0.18,0.0,0.0,0.0,0.0,0,0,0.0,4284.89,1,0,0.0,5994.85,2,0,0.0,5994.85,2,0,0.0,0
LGS2ORD0016907,C012146,2025-05-14 21:00:00,Female,37,Bronze,Lazada,Bangkok,453,Web,Credit_Card,21,5,2,0,30-40,15.1,0.0,0.0,0.0,-1,-1,0.0,0.0,0.0,0.0,0.0,0.0,0,0,0.0,0.0,0,0,0.0,0.0,0,0,0.0,0.0,0,0,0.0,0
LGS2ORD0016908,C016745,2025-05-14 21:00:00,Female,31,Gold,Shopee,Khon Kaen,504,Shopee,Credit_Card,21,5,2,0,30-40,16.8,3.0,0.0,0.0,-1,13,3314.019999999999,0.18,0.6666666666666666,0.0,0.0,0.0,0,0,0.0,1146.12,1,0,0.0,9942.059999999998,3,0,0.0,9942.059999999998,3,0,0.0,0
LGS2ORD0016909,C017810,2025-05-14 22:00:00,Female,72,Silver,Lazada,Bangkok,1262,TV_Show,Credit_Card,22,5,2,0,>50,42.06666666666667,1.0,0.0,0.0,-1,7,3674.56,0.05,1.0,0.0,0.0,0.0,0,0,0.0,3674.56,1,0,0.0,3674.56,1,0,0.0,3674.56,1,0,0.0,0
LGS2ORD0016910,C011765,2025-05-14 22:00:00,Male,37,Silver,Web,Bangkok,1591,TV_Show,PromptPay,22,5,2,0,30-40,53.03333333333333,2.0,0.0,0.0,-1,28,1620.46,0.25,1.0,0.5,0.0,0.0,0,0,0.0,2320.07,1,0,0.0,3240.92,2,0,0.0,3240.92,2,0,0.0,0
LGS2ORD0016911,C016953,2025-05-14 22:00:00,Male,30,Gold,Shopee,Remote_Area,1004,CallCenter,COD,22,5,2,0,20-30,33.46666666666667,3.0,1.0,0.3333333333333333,77,70,1478.5833333333333,0.33,1.0,0.6666666666666666,0.0,0.0,0,0,0.0,0.0,0,0,0.0,2429.21,2,1,0.5,4435.75,3,1,0.3333333333333333,0
LGS2ORD0016912,C015824,2025-05-14 22:00:00,Male,51,Bronze,Shopee,Nakhon Ratchasima,954,Web,Bank_Transfer,22,5,2,0,>50,31.8,3.0,1.0,0.3333333333333333,34,26,1510.1866666666665,0.13,0.6666666666666666,0.0,0.0,0.0,0,0,0.0,970.41,1,0,0.0,2098.57,2,1,0.5,4530.5599999999995,3,1,0.3333333333333333,1
LGS2ORD0016913,C016576,2025-05-14 22:00:00,Female,18,Bronze,Web,Chonburi,902,Lazada,Credit_Card,22,5,2,0,<20,30.066666666666666,3.0,2.0,0.6666666666666666,17,22,3108.2466666666664,0.18,1.0,0.0,0.0,0.0,0,0,0.0,6203.69,1,0,0.0,7355.34,2,1,0.5,9324.74,3,2,0.6666666666666666,0
LGS2ORD0016914,C014760,2025-05-14 23:00:00,Female,44,Gold,TV,Chiang Mai,315,Shopee,COD,23,5,2,0,40-50,10.5,1.0,0.0,0.0,-1,120,2857.0,0.13,0.0,0.0,0.0,0.0,0,0,0.0,0.0,0,0,0.0,0.0,0,0,0.0,2857.0,1,0,0.0,0
LGS2ORD0016915,C012392,2025-05-14 23:00:00,Female,44,Bronze,CallCenter,Songkhla,1023,Lazada,COD,23,5,2,0,40-50,34.1,3.0,1.0,0.3333333333333333,84,17,2812.9533333333334,0.18,0.6666666666666666,0.0,0.0,0.0,0,0,0.0,978.89,1,0,0.0,7262.77,2,0,0.0,8438.86,3,1,0.3333333333333333,0
LGS2ORD0016916,C016120,2025-05-14 23:00:00,Female,57,Silver,Web,Bangkok,996,Shopee,COD,23,5,2,0,>50,33.2,1.0,1.0,1.0,39,51,2337.36,0.1,1.0,0.0,0.0,0.0,0,0,0.0,0.0,0,0,0.0,2337.36,1,1,1.0,2337.36,1,1,1.0,1
LGS2ORD0016917,C013158,2025-05-14 23:00:00,Male,51,Silver,Shopee,Chonburi,915,Shopee,PromptPay,23,5,2,0,>50,30.5,2.0,1.0,0.5,103,73,3785.83,0.3,0.0,0.5,0.0,0.0,0,0,0.0,0.0,0,0,0.0,4551.67,1,0,0.0,7571.66,2,1,0.5,0
LGS2ORD0016918,C012104,2025-05-14 23:00:00,Male,36,Bronze,TV,Khon Kaen,894,CallCenter,Credit_Card,23,5,2,0,30-40,29.8,2.0,1.0,0.5,65,81,2575.83,0.08,0.5,0.0,0.0,0.0,0,0,0.0,0.0,0,0,0.0,1951.75,1,1,1.0,5151.66,2,1,0.5,0
LGS2ORD0016919,C016302,2025-05-14 23:00:00,Male,59,Silver,CallCenter,Chonburi,659,TV_Show,COD,23,5,2,0,>50,21.966666666666665,4.0,1.0,0.25,11,14,8536.585,0.25,0.25,0.25,0.0,0.0,0,0,0.0,8333.33,1,1,1.0,19627.190000000002,3,1,0.3333333333333333,34146.34,4,1,0.25,1
LGS2ORD0016920,C011225,2025-05-15 00:00:00,Female,34,Silver,Web,Chonburi,270,Lazada,COD,0,5,3,0,30-40,9.0,2.0,0.0,0.0,-1,109,20516.5,0.1,0.5,0.0,0.0,0.0,0,0,0.0,0.0,0,0,0.0,0.0,0,0,0.0,41033.0,2,0,0.0,1
LGS2ORD0016921,C010577,2025-05-15 00:00:00,Female,27,Gold,Web,Bangkok,251,TV_Show,COD,0,5,3,0,20-30,8.366666666666667,1.0,0.0,0.0,-1,45,2609.29,0.13,0.0,0.0,0.0,0.0,0,0,0.0,0.0,0,0,0.0,2609.29,1,0,0.0,2609.29,1,0,0.0,0
LGS2ORD0016922,C016291,2025-05-15 00:00:00,Female,42,Bronze,TV,Bangkok,491,TV_Show,COD,0,5,3,0,40-50,16.366666666666667,0.0,0.0,0.0,-1,-1,0.0,0.0,0.0,0.0,0.0,0.0,0,0,0.0,0.0,0,0,0.0,0.0,0,0,0.0,0.0,0,0,0.0,1
LGS2ORD0016923,C014497,2025-05-15 00:00:00,Male,44,Bronze,Web,Chiang Mai,1351,Web,PromptPay,0,5,3,0,40-50,45.03333333333333,3.0,1.0,0.3333333333333333,47,28,7592.589999999999,0.28,0.6666666666666666,1.0,0.0,0.0,0,0,0.0,9222.56,1,0,0.0,22777.769999999997,3,1,0.3333333333333333,22777.769999999997,3,1,0.3333333333333333,0
LGS2ORD0016924,C014974,2025-05-15 00:00:00,Male,52,Silver,Shopee,Phuket,986,TV_Show,COD,0,5,3,0,>50,32.86666666666667,3.0,3.0,1.0,19,28,4711.56,0.25,0.6666666666666666,0.3333333333333333,0.0,0.0,0,0,0.0,10002.98,1,1,1.0,12814.96,2,2,1.0,14134.68,3,3,1.0,1
LGS2ORD0016925,C015849,2025-05-15 01:00:00,Female,43,Bronze,CallCenter,Khon Kaen,728,TV_Show,PromptPay,1,5,3,0,40-50,24.266666666666666,1.0,1.0,1.0,48,57,2279.3,0.18,1.0,0.0,0.0,0.0,0,0,0.0,0.0,0,0,0.0,2279.3,1,1,1.0,2279.3,1,1,1.0,0
LGS2ORD0016926,C012867,2025-05-15 01:00:00,Other,30,Silver,Shopee,Songkhla,1353,Web,COD,1,5,3,0,20-30,45.1,1.0,0.0,0.0,-1,28,3445.08,0.2,1.0,0.0,0.0,0.0,0,0,0.0,3445.08,1,0,0.0,3445.08,1,0,0.0,3445.08,1,0,0.0,1
LGS2ORD0016927,C016475,2025-05-15 01:00:00,Other,35,Platinum,Web,Khon Kaen,1249,Shopee,Credit_Card,1,5,3,0,30-40,41.63333333333333,1.0,0.0,0.0,-1,70,8305.72,0.15,1.0,0.0,0.0,0.0,0,0,0.0,0.0,0,0,0.0,8305.72,1,0,0.0,8305.72,1,0,0.0,0
LGS2ORD0016928,C013599,2025-05-15 01:00:00,Female,44,Bronze,TV,Bangkok,1092,Web,Credit_Card,1,5,3,0,40-50,36.4,4.0,1.0,0.25,66,42,4710.8099999999995,0.18,0.75,0.0,0.0,0.0,0,0,0.0,0.0,0,0,0.0,18843.239999999998,4,1,0.25,18843.239999999998,4,1,0.25,0
LGS2ORD0016929,C012142,2025-05-15 01:00:00,Male,40,Silver,Web,Phuket,377,CallCenter,Credit_Card,1,5,3,0,30-40,12.566666666666666,3.0,1.0,0.3333333333333333,57,5,1991.51,0.2,0.3333333333333333,0.0,0.0,1982.95,1,0,0.0,1982.95,1,0,0.0,5974.53,3,1,0.3333333333333333,5974.53,3,1,0.3333333333333333,1
LGS2ORD0016930,C012807,2025-05-15 02:00:00,Female,37,Gold,TV,Phuket,500,Lazada,COD,2,5,3,0,30-40,16.666666666666668,1.0,0.0,0.0,-1,52,3686.32,0.28,1.0,1.0,0.0,0.0,0,0,0.0,0.0,0,0,0.0,3686.32,1,0,0.0,3686.32,1,0,0.0,1
LGS2ORD0016931,C014708,2025-05-15 02:00:00,Male,47,Silver,CallCenter,Songkhla,1594,Shopee,Bank_Transfer,2,5,3,0,40-50,53.13333333333333,0.0,0.0,0.0,-1,-1,0.0,0.0,0.0,0.0,0.0,0.0,0,0,0.0,0.0,0,0,0.0,0.0,0,0,0.0,0.0,0,0,0.0,0
LGS2ORD0016932,C015110,2025-05-15 02:00:00,Male,35,Bronze,Lazada,Remote_Area,339,TV_Show,COD,2,5,3,0,30-40,11.3,1.0,1.0,1.0,-11,3,1367.01,0.23,1.0,1.0,0.0,1367.01,1,1,1.0,1367.01,1,1,1.0,1367.01,1,1,1.0,1367.01,1,1,1.0,0
LGS2ORD0016933,C014780,2025-05-15 02:00:00,Female,46,Bronze,TV,Chiang Mai,1091,Web,Credit_Card,2,5,3,0,40-50,36.36666666666667,1.0,0.0,0.0,-1,33,7242.17,0.18,1.0,0.0,0.0,0.0,0,0,0.0,0.0,0,0,0.0,7242.17,1,0,0.0,7242.17,1,0,0.0,0
LGS2ORD0016934,C017162,2025-05-15 02:00:00,Female,30,Silver,Shopee,Bangkok,533,Shopee,COD,2,5,3,0,20-30,17.766666666666666,1.0,0.0,0.0,-1,19,1173.33,0.2,1.0,0.0,0.0,0.0,0,0,0.0,1173.33,1,0,0.0,1173.33,1,0,0.0,1173.33,1,0,0.0,0
LGS2ORD0016935,C014775,2025-05-15 03:00:00,Male,62,Silver,TV,Phuket,1297,Web,COD,3,5,3,0,>50,43.233333333333334,2.0,1.0,0.5,17,29,9787.324999999999,0.1,0.5,0.0,0.0,0.0,0,0,0.0,1259.03,1,1,1.0,1259.03,1,1,1.0,19574.649999999998,2,1,0.5,0
LGS2ORD0016936,C014564,2025-05-15 03:00:00,Male,33,Silver,TV,Bangkok,1123,Lazada,COD,3,5,3,0,30-40,37.43333333333333,3.0,1.0,0.3333333333333333,-5,4,3255.693333333334,0.3,1.0,0.6666666666666666,0.0,5104.02,1,1,1.0,6629.43,2,1,0.5,6629.43,2,1,0.5,9767.080000000002,3,1,0.3333333333333333,0
LGS2ORD0016937,C011749,2025-05-15 03:00:00,Female,47,Bronze,TV,Khon Kaen,218,TV_Show,COD,3,5,3,0,40-50,7.266666666666667,4.0,0.0,0.0,-1,2,6901.679999999999,0.23,0.5,0.25,0.0,3704.5,1,0,0.0,3704.5,1,0,0.0,16256.51,3,0,0.0,27606.719999999998,4,0,0.0,1
LGS2ORD0016938,C017536,2025-05-15 03:00:00,Male,57,Bronze,TV,Bangkok,767,CallCenter,COD,3,5,3,0,>50,25.566666666666666,3.0,1.0,0.3333333333333333,63,62,5102.1033333333335,0.28,0.6666666666666666,0.3333333333333333,0.0,0.0,0,0,0.0,0.0,0,0,0.0,2816.19,2,1,0.5,15306.310000000001,3,1,0.3333333333333333,1
LGS2ORD0016939,C015809,2025-05-15 03:00:00,Female,20,Bronze,Shopee,Bangkok,683,Lazada,Credit_Card,3,5,3,0,<20,22.766666666666666,2.0,1.0,0.5,18,26,1242.325,0.18,0.5,0.0,0.0,0.0,0,0,0.0,553.65,1,1,1.0,2484.65,2,1,0.5,2484.65,2,1,0.5,0
LGS2ORD0016940,C017734,2025-05-15 03:00:00,Female,37,Silver,CallCenter,Bangkok,1214,CallCenter,PromptPay,3,5,3,0,30-40,40.46666666666667,1.0,1.0,1.0,-8,8,8739.44,0.15,1.0,0.0,0.0,0.0,0,0,0.0,8739.44,1,1,1.0,8739.44,1,1,1.0,8739.44,1,1,1.0,0
LGS2ORD0016941,C010567,2025-05-15 04:00:00,Male,68,Bronze,TV,Phuket,441,Web,COD,4,5,3,0,>50,14.7,2.0,0.0,0.0,-1,81,6494.3949999999995,0.08,1.0,0.0,0.0,0.0,0,0,0.0,0.0,0,0,0.0,1635.9,1,0,0.0,12988.789999999999,2,0,0.0,0
LGS2ORD0016942,C012425,2025-05-15 04:00:00,Male,49,Gold,TV,Nakhon Ratchasima,1220,Lazada,COD,4,5,3,0,40-50,40.666666666666664,3.0,1.0,0.3333333333333333,43,18,4571.183333333333,0.28,1.0,1.0,0.0,0.0,0,0,0.0,3614.19,1,0,0.0,13713.550000000001,3,1,0.3333333333333333,13713.550000000001,3,1,0.3333333333333333,0
LGS2ORD0016943,C012636,2025-05-15 04:00:00,Female,53,Bronze,TV,Nakhon Ratchasima,436,TV_Show,COD,4,5,3,0,>50,14.533333333333333,3.0,0.0,0.0,-1,31,3161.223333333334,0.03,0.3333333333333333,0.0,0.0,0.0,0,0,0.0,0.0,0,0,0.0,9483.670000000002,3,0,0.0,9483.670000000002,3,0,0.0,0
LGS2ORD0016944,C014635,2025-05-15 04:00:00,Female,62,Bronze,TV,Nakhon Ratchasima,190,Web,COD,4,5,3,0,>50,6.333333333333333,2.0,1.0,0.5,94,15,7666.635,0.23,0.5,0.5,0.0,0.0,0,0,0.0,10977.82,1,0,0.0,10977.82,1,0,0.0,15333.27,2,1,0.5,0
LGS2ORD0016945,C014670,2025-05-15 04:00:00,Male,29,Silver,CallCenter,Chiang Mai,790,Lazada,Credit_Card,4,5,3,0,20-30,26.333333333333332,1.0,0.0,0.0,-1,113,2751.48,0.05,1.0,0.0,0.0,0.0,0,0,0.0,0.0,0,0,0.0,0.0,0,0,0.0,2751.48,1,0,0.0,0
LGS2ORD0016946,C017411,2025-05-15 05:00:00,Female,59,Gold,Web,Remote_Area,889,Web,Credit_Card,5,5,3,0,>50,29.633333333333333,0.0,0.0,0.0,-1,-1,0.0,0.0,0.0,0.0,0.0,0.0,0,0,0.0,0.0,0,0,0.0,0.0,0,0,0.0,0.0,0,0,0.0,0
LGS2ORD0016947,C016474,2025-05-15 05:00:00,Male,40,Bronze,TV,Khon Kaen,1022,Shopee,COD,5,5,3,0,30-40,34.06666666666667,4.0,0.0,0.0,-1,59,7015.965,0.18,0.75,0.0,0.0,0.0,0,0,0.0,0.0,0,0,0.0,14380.01,2,0,0.0,28063.86,4,0,0.0,1
LGS2ORD0016948,C015324,2025-05-15 05:00:00,Female,42,Gold,Web,Remote_Area,589,TV_Show,Credit_Card,5,5,3,0,40-50,19.633333333333333,3.0,0.0,0.0,-1,22,2336.6633333333334,0.33,0.3333333333333333,0.3333333333333333,0.0,0.0,0,0,0.0,3704.1,1,0,0.0,5792.9400000000005,2,0,0.0,7009.99,3,0,0.0,1
LGS2ORD0016949,C013723,2025-05-15 05:00:00,Male,23,Bronze,TV,Songkhla,562,TV_Show,Credit_Card,5,5,3,0,20-30,18.733333333333334,4.0,0.0,0.0,-1,41,7502.887500000001,0.18,0.5,0.0,0.0,0.0,0,0,0.0,0.0,0,0,0.0,6500.22,1,0,0.0,30011.550000000003,4,0,0.0,1
LGS2ORD0016950,C014778,2025-05-15 05:00:00,Male,36,Gold,TV,Songkhla,1351,Shopee,COD,5,5,3,0,30-40,45.03333333333333,0.0,0.0,0.0,-1,-1,0.0,0.0,0.0,0.0,0.0,0.0,0,0,0.0,0.0,0,0,0.0,0.0,0,0,0.0,0.0,0,0,0.0,0
LGS2ORD0016951,C017166,2025-05-15 06:00:00,Female,25,Bronze,TV,Khon Kaen,685,Web,COD,6,5,3,0,20-30,22.833333333333332,2.0,1.0,0.5,43,55,8888.26,0.13,0.5,0.0,0.0,0.0,0,0,0.0,0.0,0,0,0.0,17776.52,2,1,0.5,17776.52,2,1,0.5,0
LGS2ORD0016952,C016566,2025-05-15 06:00:00,Male,36,Bronze,Lazada,Khon Kaen,1128,TV_Show,PromptPay,6,5,3,0,30-40,37.6,0.0,0.0,0.0,-1,-1,0.0,0.0,0.0,0.0,0.0,0.0,0,0,0.0,0.0,0,0,0.0,0.0,0,0,0.0,0.0,0,0,0.0,0
LGS2ORD0016953,C014343,2025-05-15 06:00:00,Female,50,Silver,CallCenter,Remote_Area,1146,Web,COD,6,5,3,0,40-50,38.2,2.0,0.0,0.0,-1,32,1095.175,0.25,0.0,0.5,0.0,0.0,0,0,0.0,0.0,0,0,0.0,2190.35,2,0,0.0,2190.35,2,0,0.0,1
LGS2ORD0016954,C015678,2025-05-15 06:00:00,Female,33,Bronze,TV,Khon Kaen,1096,CallCenter,Credit_Card,6,5,3,0,30-40,36.53333333333333,2.0,0.0,0.0,-1,93,4852.875,0.18,0.5,0.0,0.0,0.0,0,0,0.0,0.0,0,0,0.0,0.0,0,0,0.0,9705.75,2,0,0.0,0
LGS2ORD0016955,C016754,2025-05-15 06:00:00,Female,38,Silver,Lazada,Bangkok,1280,Shopee,PromptPay,6,5,3,0,30-40,42.666666666666664,6.0,0.0,0.0,-1,20,4417.106666666667,0.25,0.3333333333333333,0.16666666666666666,0.0,0.0,0,0,0.0,7985.45,1,0,0.0,14243.89,2,0,0.0,26502.64,6,0,0.0,1
LGS2ORD0016956,C011472,2025-05-15 07:00:00,Male,22,Bronze,Lazada,Chonburi,264,TV_Show,COD,7,5,3,0,20-30,8.8,3.0,0.0,0.0,-1,1,6160.013333333333,0.23,0.6666666666666666,0.3333333333333333,0.0,4692.75,1,0,0.0,4692.75,1,0,0.0,11949.45,2,0,0.0,18480.04,3,0,0.0,0
LGS2ORD0016957,C016466,2025-05-15 07:00:00,Male,50,Gold,Lazada,Chiang Mai,363,CallCenter,PromptPay,7,5,3,0,40-50,12.1,2.0,1.0,0.5,22,34,7849.495,0.18,0.5,0.0,0.0,0.0,0,0,0.0,0.0,0,0,0.0,3560.31,1,1,1.0,15698.99,2,1,0.5,0
LGS2ORD0016958,C015754,2025-05-15 07:00:00,Female,69,Bronze,CallCenter,Songkhla,1159,Web,Credit_Card,7,5,3,0,>50,38.63333333333333,2.0,2.0,1.0,55,61,3531.5750000000003,0.23,0.0,0.5,0.0,0.0,0,0,0.0,0.0,0,0,0.0,4452.35,1,1,1.0,7063.150000000001,2,2,1.0,1
LGS2ORD0016959,C017708,2025-05-15 07:00:00,Male,59,Bronze,Lazada,Nakhon Ratchasima,1511,Lazada,COD,7,5,3,0,>50,50.36666666666667,1.0,0.0,0.0,-1,88,960.83,0.08,1.0,0.0,0.0,0.0,0,0,0.0,0.0,0,0,0.0,960.83,1,0,0.0,960.83,1,0,0.0,1
LGS2ORD0016960,C011611,2025-05-15 07:00:00,Other,33,Bronze,TV,Bangkok,540,Shopee,COD,7,5,3,0,30-40,18.0,0.0,0.0,0.0,-1,-1,0.0,0.0,0.0,0.0,0.0,0.0,0,0,0.0,0.0,0,0,0.0,0.0,0,0,0.0,0.0,0,0,0.0,0
LGS2ORD0016961,C011841,2025-05-15 07:00:00,Female,59,Gold,Shopee,Songkhla,1563,Lazada,COD,7,5,3,0,>50,52.1,3.0,0.0,0.0,-1,6,2840.2566666666667,0.18,0.6666666666666666,0.0,0.0,3837.75,1,0,0.0,3837.75,1,0,0.0,3837.75,1,0,0.0,8520.77,3,0,0.0,0
LGS2ORD0016962,C015502,2025-05-15 08:00:00,Male,31,Platinum,Shopee,Phuket,371,Lazada,PromptPay,8,5,3,0,30-40,12.366666666666667,1.0,0.0,0.0,-1,52,7055.4,0.15,1.0,0.0,0.0,0.0,0,0,0.0,0.0,0,0,0.0,7055.4,1,0,0.0,7055.4,1,0,0.0,0
LGS2ORD0016963,C015459,2025-05-15 08:00:00,Female,39,Bronze,Shopee,Bangkok,891,Shopee,COD,8,5,3,0,30-40,29.7,5.0,2.0,0.4,3,10,6282.746000000001,0.23,0.6,0.4,0.0,0.0,0,0,0.0,1419.11,1,1,1.0,28979.590000000004,4,2,0.5,31413.730000000003,5,2,0.4,0
LGS2ORD0016964,C017590,2025-05-15 08:00:00,Female,51,Bronze,Shopee,Chonburi,608,TV_Show,Bank_Transfer,8,5,3,0,>50,20.266666666666666,1.0,0.0,0.0,-1,24,755.9,0.18,1.0,0.0,0.0,0.0,0,0,0.0,755.9,1,0,0.0,755.9,1,0,0.0,755.9,1,0,0.0,1
LGS2ORD0016965,C015194,2025-05-15 08:00:00,Female,34,Bronze,Web,Nakhon Ratchasima,193,CallCenter,PromptPay,8,5,3,0,30-40,6.433333333333334,3.0,0.0,0.0,-1,10,9427.476666666667,0.08,0.6666666666666666,0.0,0.0,0.0,0,0,0.0,5463.21,2,0,0.0,28282.43,3,0,0.0,28282.43,3,0,0.0,0
LGS2ORD0016966,C011380,2025-05-15 08:00:00,Female,26,Bronze,Shopee,Khon Kaen,1396,CallCenter,Bank_Transfer,8,5,3,0,20-30,46.53333333333333,3.0,1.0,0.3333333333333333,72,68,4441.486666666667,0.28,0.6666666666666666,0.6666666666666666,0.0,0.0,0,0,0.0,0.0,0,0,0.0,2557.84,2,1,0.5,13324.460000000001,3,1,0.3333333333333333,1
LGS2ORD0016967,C010320,2025-05-15 09:00:00,Female,49,Gold,Web,Bangkok,780,Shopee,COD,9,5,3,0,40-50,26.0,4.0,0.0,0.0,-1,5,4342.8475,0.2299999999999999,0.5,0.25,0.0,3800.23,1,0,0.0,3800.23,1,0,0.0,15076.92,3,0,0.0,17371.39,4,0,0.0,1
LGS2ORD0016968,C012469,2025-05-15 09:00:00,Female,48,Silver,CallCenter,Bangkok,531,Shopee,COD,9,5,3,0,40-50,17.7,0.0,0.0,0.0,-1,-1,0.0,0.0,0.0,0.0,0.0,0.0,0,0,0.0,0.0,0,0,0.0,0.0,0,0,0.0,0.0,0,0,0.0,0
LGS2ORD0016969,C011802,2025-05-15 09:00:00,Male,29,Silver,CallCenter,Chiang Mai,213,CallCenter,PromptPay,9,5,3,0,20-30,7.1,2.0,1.0,0.5,23,36,1218.155,0.1,1.0,0.0,0.0,0.0,0,0,0.0,0.0,0,0,0.0,1057.35,1,1,1.0,2436.31,2,1,0.5,0
LGS2ORD0016970,C014865,2025-05-15 09:00:00,Female,38,Bronze,TV,Chonburi,838,Shopee,COD,9,5,3,0,30-40,27.933333333333334,3.0,0.0,0.0,-1,57,11519.710000000001,0.18,0.6666666666666666,0.0,0.0,0.0,0,0,0.0,0.0,0,0,0.0,26907.45,2,0,0.0,34559.130000000005,3,0,0.0,0
LGS2ORD0016971,C015020,2025-05-15 09:00:00,Female,33,Bronze,TV,Bangkok,1369,Shopee,COD,9,5,3,0,30-40,45.63333333333333,2.0,1.0,0.5,80,86,3121.3500000000004,0.23,0.5,0.5,0.0,0.0,0,0,0.0,0.0,0,0,0.0,2083.27,1,1,1.0,6242.700000000001,2,1,0.5,1
LGS2ORD0016972,C012237,2025-05-15 10:00:00,Female,34,Bronze,TV,Remote_Area,1536,Shopee,Bank_Transfer,10,5,3,0,30-40,51.2,1.0,0.0,0.0,-1,37,9701.7,0.23,0.0,1.0,0.0,0.0,0,0,0.0,0.0,0,0,0.0,9701.7,1,0,0.0,9701.7,1,0,0.0,0
LGS2ORD0016973,C014100,2025-05-15 10:00:00,Male,36,Silver,Web,Bangkok,270,Web,Credit_Card,10,5,3,0,30-40,9.0,0.0,0.0,0.0,-1,-1,0.0,0.0,0.0,0.0,0.0,0.0,0,0,0.0,0.0,0,0,0.0,0.0,0,0,0.0,0.0,0,0,0.0,0
LGS2ORD0016974,C015270,2025-05-15 10:00:00,Male,49,Silver,TV,Khon Kaen,1304,TV_Show,COD,10,5,3,0,40-50,43.46666666666667,4.0,1.0,0.25,-4,6,1836.66,0.25,0.5,0.25,0.0,686.71,1,1,1.0,2150.8,2,1,0.5,2150.8,2,1,0.5,7346.64,4,1,0.25,0
LGS2ORD0016975,C012439,2025-05-15 10:00:00,Male,51,Bronze,TV,Khon Kaen,1086,Lazada,PromptPay,10,5,3,0,>50,36.2,5.0,2.0,0.4,81,53,1609.328,0.28,0.4,0.6,0.0,0.0,0,0,0.0,0.0,0,0,0.0,4661.89,2,1,0.5,8046.639999999999,5,2,0.4,0
LGS2ORD0016976,C014982,2025-05-15 10:00:00,Male,44,Silver,Lazada,Bangkok,1577,Shopee,PromptPay,10,5,3,0,40-50,52.56666666666667,2.0,1.0,0.5,0,7,1629.21,0.2,1.0,0.0,0.0,0.0,0,0,0.0,1878.49,1,1,1.0,3258.42,2,1,0.5,3258.42,2,1,0.5,1
LGS2ORD0016977,C017102,2025-05-15 11:00:00,Female,18,Gold,TV,Remote_Area,1385,Lazada,Credit_Card,11,5,3,0,<20,46.166666666666664,3.0,2.0,0.6666666666666666,21,12,1537.6466666666668,0.2299999999999999,0.6666666666666666,0.3333333333333333,0.0,0.0,0,0,0.0,594.81,1,0,0.0,4612.9400000000005,3,2,0.6666666666666666,4612.9400000000005,3,2,0.6666666666666666,0
LGS2ORD0016978,C016414,2025-05-15 11:00:00,Female,49,Bronze,Lazada,Nakhon Ratchasima,157,Lazada,COD,11,5,3,0,40-50,5.233333333333333,1.0,0.0,0.0,-1,72,839.23,0.23,0.0,1.0,0.0,0.0,0,0,0.0,0.0,0,0,0.0,839.23,1,0,0.0,839.23,1,0,0.0,0
LGS2ORD0016979,C012420,2025-05-15 11:00:00,Male,50,Bronze,TV,Songkhla,735,TV_Show,COD,11,5,3,0,40-50,24.5,2.0,0.0,0.0,-1,118,4568.74,0.28,0.0,1.0,0.0,0.0,0,0,0.0,0.0,0,0,0.0,0.0,0,0,0.0,9137.48,2,0,0.0,1
LGS2ORD0016980,C015109,2025-05-15 11:00:00,Female,58,Bronze,TV,Remote_Area,888,Shopee,COD,11,5,3,0,>50,29.6,2.0,0.0,0.0,-1,26,2364.7999999999997,0.28,0.5,0.5,0.0,0.0,0,0,0.0,3714.24,1,0,0.0,4729.599999999999,2,0,0.0,4729.599999999999,2,0,0.0,1
LGS2ORD0016981,C012435,2025-05-15 11:00:00,Female,36,Bronze,Web,Chonburi,289,Web,COD,11,5,3,0,30-40,9.633333333333333,1.0,1.0,1.0,12,20,7936.43,0.18,1.0,0.0,0.0,0.0,0,0,0.0,7936.43,1,1,1.0,7936.43,1,1,1.0,7936.43,1,1,1.0,0
LGS2ORD0016982,C014139,2025-05-15 11:00:00,Male,46,Bronze,Shopee,Bangkok,1402,Shopee,Bank_Transfer,11,5,3,0,40-50,46.733333333333334,2.0,0.0,0.0,-1,111,2475.79,0.08,0.5,0.0,0.0,0.0,0,0,0.0,0.0,0,0,0.0,0.0,0,0,0.0,4951.58,2,0,0.0,0
LGS2ORD0016983,C010048,2025-05-15 12:00:00,Male,59,Silver,TV,Chonburi,189,TV_Show,Credit_Card,12,5,3,0,>50,6.3,0.0,0.0,0.0,-1,-1,0.0,0.0,0.0,0.0,0.0,0.0,0,0,0.0,0.0,0,0,0.0,0.0,0,0,0.0,0.0,0,0,0.0,0
LGS2ORD0016984,C015445,2025-05-15 12:00:00,Male,40,Platinum,Shopee,Chonburi,1548,Shopee,COD,12,5,3,0,30-40,51.6,0.0,0.0,0.0,-1,-1,0.0,0.0,0.0,0.0,0.0,0.0,0,0,0.0,0.0,0,0,0.0,0.0,0,0,0.0,0.0,0,0,0.0,0
LGS2ORD0016985,C011876,2025-05-15 12:00:00,Male,72,Bronze,CallCenter,Chonburi,374,Web,PromptPay,12,5,3,0,>50,12.466666666666667,4.0,0.0,0.0,-1,71,6139.3625,0.23,0.25,0.5,0.0,0.0,0,0,0.0,0.0,0,0,0.0,20938.420000000002,2,0,0.0,24557.45,4,0,0.0,0
LGS2ORD0016986,C011277,2025-05-15 12:00:00,Other,40,Silver,Lazada,Bangkok,858,Lazada,PromptPay,12,5,3,0,30-40,28.6,3.0,2.0,0.6666666666666666,41,50,4365.41,0.2,0.6666666666666666,0.0,0.0,0.0,0,0,0.0,0.0,0,0,0.0,13096.23,3,2,0.6666666666666666,13096.23,3,2,0.6666666666666666,0
LGS2ORD0016987,C014892,2025-05-15 12:00:00,Male,48,Gold,TV,Nakhon Ratchasima,441,TV_Show,COD,12,5,3,0,40-50,14.7,2.0,1.0,0.5,114,45,2376.37,0.13,1.0,0.0,0.0,0.0,0,0,0.0,0.0,0,0,0.0,3868.72,1,0,0.0,4752.74,2,1,0.5,0
LGS2ORD0016988,C015414,2025-05-15 13:00:00,Female,35,Bronze,CallCenter,Chiang Mai,666,CallCenter,Credit_Card,13,5,3,0,30-40,22.2,2.0,1.0,0.5,7,14,5041.3099999999995,0.18,1.0,0.0,0.0,0.0,0,0,0.0,7561.46,1,1,1.0,10082.619999999999,2,1,0.5,10082.619999999999,2,1,0.5,0
LGS2ORD0016989,C015459,2025-05-15 13:00:00,Female,39,Bronze,Shopee,Bangkok,891,Web,COD,13,5,3,0,30-40,29.7,6.0,2.0,0.3333333333333333,3,0,5564.861666666668,0.23,0.6666666666666666,0.3333333333333333,0.0,1975.44,1,0,0.0,3394.55,2,1,0.5,30955.030000000002,5,2,0.4,33389.170000000006,6,2,0.3333333333333333,0
LGS2ORD0016990,C016656,2025-05-15 13:00:00,Female,43,Bronze,TV,Remote_Area,308,Lazada,COD,13,5,3,0,40-50,10.266666666666667,2.0,0.0,0.0,-1,37,5907.35,0.23,1.0,0.5,0.0,0.0,0,0,0.0,0.0,0,0,0.0,1606.51,1,0,0.0,11814.7,2,0,0.0,1
LGS2ORD0016991,C013000,2025-05-15 13:00:00,Female,43,Silver,TV,Chiang Mai,1299,Lazada,PromptPay,13,5,3,0,40-50,43.3,1.0,0.0,0.0,-1,40,4289.71,0.1,0.0,0.0,0.0,0.0,0,0,0.0,0.0,0,0,0.0,4289.71,1,0,0.0,4289.71,1,0,0.0,1
LGS2ORD0016992,C013394,2025-05-15 13:00:00,Female,41,Bronze,TV,Bangkok,877,Lazada,PromptPay,13,5,3,0,40-50,29.233333333333334,2.0,0.0,0.0,-1,71,4240.97,0.13,0.5,0.0,0.0,0.0,0,0,0.0,0.0,0,0,0.0,1180.03,1,0,0.0,8481.94,2,0,0.0,0
LGS2ORD0016993,C017559,2025-05-15 14:00:00,Female,37,Gold,Web,Bangkok,216,Shopee,Credit_Card,14,5,3,0,30-40,7.2,2.0,1.0,0.5,121,60,20273.355,0.2299999999999999,1.0,0.5,0.0,0.0,0,0,0.0,0.0,0,0,0.0,38546.97,1,0,0.0,40546.71,2,1,0.5,0
LGS2ORD0016994,C013295,2025-05-15 14:00:00,Female,62,Silver,CallCenter,Bangkok,729,CallCenter,Credit_Card,14,5,3,0,>50,24.3,4.0,1.0,0.25,-4,4,4526.6175,0.3,0.0,0.5,0.0,380.59,1,1,1.0,6828.25,2,1,0.5,6828.25,2,1,0.5,18106.47,4,1,0.25,0
LGS2ORD0016995,C017170,2025-05-15 14:00:00,Female,48,Silver,Shopee,Phuket,1493,TV_Show,COD,14,5,3,0,40-50,49.766666666666666,5.0,0.0,0.0,-1,7,3964.1979999999994,0.2,0.4,0.0,0.0,0.0,0,0,0.0,12112.2,2,0,0.0,19820.989999999998,5,0,0.0,19820.989999999998,5,0,0.0,1
LGS2ORD0016996,C016110,2025-05-15 14:00:00,Female,49,Silver,Web,Phuket,1542,Lazada,Credit_Card,14,5,3,0,40-50,51.4,1.0,0.0,0.0,-1,67,2677.92,0.1,0.0,0.0,0.0,0.0,0,0,0.0,0.0,0,0,0.0,2677.92,1,0,0.0,2677.92,1,0,0.0,0
LGS2ORD0016997,C016612,2025-05-15 14:00:00,Male,28,Platinum,CallCenter,Remote_Area,443,Lazada,COD,14,5,3,0,20-30,14.766666666666667,1.0,0.0,0.0,-1,44,6211.12,0.15,1.0,0.0,0.0,0.0,0,0,0.0,0.0,0,0,0.0,6211.12,1,0,0.0,6211.12,1,0,0.0,0
LGS2ORD0016998,C015638,2025-05-15 15:00:00,Male,41,Bronze,CallCenter,Nakhon Ratchasima,901,Lazada,Credit_Card,15,5,3,0,40-50,30.033333333333335,2.0,1.0,0.5,10,16,4533.07,0.08,0.5,0.0,0.0,0.0,0,0,0.0,1238.15,1,1,1.0,9066.14,2,1,0.5,9066.14,2,1,0.5,0
LGS2ORD0016999,C017048,2025-05-15 15:00:00,Male,46,Bronze,Lazada,Khon Kaen,1156,Lazada,COD,15,5,3,0,40-50,38.53333333333333,4.0,0.0,0.0,-1,44,4225.3775000000005,0.28,0.75,0.25,0.0,0.0,0,0,0.0,0.0,0,0,0.0,5716.790000000001,2,0,0.0,16901.510000000002,4,0,0.0,0
LGS2ORD0017000,C011061,2025-05-15 15:00:00,Female,39,Bronze,CallCenter,Bangkok,512,Shopee,PromptPay,15,5,3,0,30-40,17.066666666666666,1.0,0.0,0.0,-1,78,8443.13,0.03,0.0,0.0,0.0,0.0,0,0,0.0,0.0,0,0,0.0,8443.13,1,0,0.0,8443.13,1,0,0.0,0
LGS2ORD0017001,C017358,2025-05-15 15:00:00,Female,50,Gold,Web,Chiang Mai,1042,Web,Credit_Card,15,5,3,0,40-50,34.733333333333334,1.0,0.0,0.0,-1,56,16976.78,0.33,1.0,1.0,0.0,0.0,0,0,0.0,0.0,0,0,0.0,16976.78,1,0,0.0,16976.78,1,0,0.0,0
LGS2ORD0017002,C014588,2025-05-15 15:00:00,Female,29,Silver,Web,Chonburi,1443,Shopee,Credit_Card,15,5,3,0,20-30,48.1,5.0,1.0,0.2,98,62,8211.614,0.25,0.6,0.2,0.2,0.0,0,0,0.0,0.0,0,0,0.0,33096.82,2,0,0.0,41058.07,5,1,0.2,0
LGS2ORD0017003,C017559,2025-05-15 15:00:00,Female,37,Gold,Web,Bangkok,216,TV_Show,COD,15,5,3,0,30-40,7.2,3.0,1.0,0.3333333333333333,121,0,13997.686666666666,0.2299999999999999,0.6666666666666666,0.3333333333333333,0.0,1446.35,1,0,0.0,1446.35,1,0,0.0,39993.32,2,0,0.0,41993.06,3,1,0.3333333333333333,0
LGS2ORD0017004,C014378,2025-05-15 16:00:00,Male,47,Bronze,Lazada,Chiang Mai,648,Web,COD,16,5,3,0,40-50,21.6,4.0,0.0,0.0,-1,12,4251.6275,0.23,0.75,0.25,0.0,0.0,0,0,0.0,13046.009999999998,3,0,0.0,13046.009999999998,3,0,0.0,17006.51,4,0,0.0,0
LGS2ORD0017005,C017419,2025-05-15 16:00:00,Female,62,Bronze,TV,Khon Kaen,764,Lazada,COD,16,5,3,0,>50,25.466666666666665,4.0,1.0,0.25,120,38,4359.515,0.23,1.0,0.25,0.0,0.0,0,0,0.0,0.0,0,0,0.0,9736.63,2,0,0.0,17438.06,4,1,0.25,1
LGS2ORD0017006,C016663,2025-05-15 16:00:00,Female,35,Silver,TV,Phuket,383,TV_Show,Credit_Card,16,5,3,0,30-40,12.766666666666667,0.0,0.0,0.0,-1,-1,0.0,0.0,0.0,0.0,0.0,0.0,0,0,0.0,0.0,0,0,0.0,0.0,0,0,0.0,0.0,0,0,0.0,0
LGS2ORD0017007,C017690,2025-05-15 16:00:00,Female,39,Silver,Web,Bangkok,331,Web,COD,16,5,3,0,30-40,11.033333333333333,2.0,2.0,1.0,11,22,4634.755,0.1,0.0,0.0,0.0,0.0,0,0,0.0,3925.13,1,1,1.0,9269.51,2,2,1.0,9269.51,2,2,1.0,0
LGS2ORD0017008,C016314,2025-05-15 16:00:00,Female,30,Bronze,Shopee,Bangkok,1105,Web,COD,16,5,3,0,20-30,36.833333333333336,2.0,1.0,0.5,99,69,4027.3900000000003,0.23,0.5,0.5,0.0,0.0,0,0,0.0,0.0,0,0,0.0,6949.31,1,0,0.0,8054.780000000001,2,1,0.5,0
LGS2ORD0017009,C011278,2025-05-15 17:00:00,Female,48,Bronze,Lazada,Chiang Mai,603,TV_Show,Credit_Card,17,5,3,0,40-50,20.1,3.0,0.0,0.0,-1,40,5267.38,0.23,0.3333333333333333,0.3333333333333333,0.0,0.0,0,0,0.0,0.0,0,0,0.0,10949.18,2,0,0.0,15802.14,3,0,0.0,1
LGS2ORD0017010,C012000,2025-05-15 17:00:00,Female,27,Bronze,TV,Songkhla,1315,Web,COD,17,5,3,0,20-30,43.833333333333336,1.0,1.0,1.0,110,122,7348.86,0.18,1.0,0.0,0.0,0.0,0,0,0.0,0.0,0,0,0.0,0.0,0,0,0.0,7348.86,1,1,1.0,1
LGS2ORD0017011,C015352,2025-05-15 17:00:00,Female,18,Gold,Web,Phuket,459,Lazada,Credit_Card,17,5,3,0,<20,15.3,1.0,1.0,1.0,84,95,1788.87,0.2299999999999999,0.0,1.0,0.0,0.0,0,0,0.0,0.0,0,0,0.0,0.0,0,0,0.0,1788.87,1,1,1.0,0
LGS2ORD0017012,C015426,2025-05-15 17:00:00,Male,51,Bronze,Shopee,Songkhla,622,TV_Show,COD,17,5,3,0,>50,20.733333333333334,1.0,0.0,0.0,-1,37,20422.17,0.03,0.0,0.0,0.0,0.0,0,0,0.0,0.0,0,0,0.0,20422.17,1,0,0.0,20422.17,1,0,0.0,0
LGS2ORD0017013,C011735,2025-05-15 17:00:00,Female,28,Bronze,TV,Bangkok,820,Web,COD,17,5,3,0,20-30,27.333333333333332,2.0,1.0,0.5,115,28,6752.1900000000005,0.23,0.0,0.5,0.0,0.0,0,0,0.0,12131.26,1,0,0.0,12131.26,1,0,0.0,13504.380000000001,2,1,0.5,0
LGS2ORD0017014,C011555,2025-05-15 18:00:00,Female,31,Silver,Web,Phuket,805,TV_Show,PromptPay,18,5,3,0,30-40,26.833333333333332,3.0,1.0,0.3333333333333333,14,5,7273.953333333334,0.1,0.6666666666666666,0.0,0.0,2027.77,1,0,0.0,20436.57,2,1,0.5,20436.57,2,1,0.5,21821.86,3,1,0.3333333333333333,1
LGS2ORD0017015,C015760,2025-05-15 18:00:00,Male,60,Bronze,CallCenter,Khon Kaen,208,Lazada,COD,18,5,3,0,>50,6.933333333333334,1.0,0.0,0.0,-1,48,1362.02,0.13,0.0,0.0,0.0,0.0,0,0,0.0,0.0,0,0,0.0,1362.02,1,0,0.0,1362.02,1,0,0.0,0
LGS2ORD0017016,C016933,2025-05-15 18:00:00,Female,36,Silver,Web,Songkhla,1351,Web,Credit_Card,18,5,3,0,30-40,45.03333333333333,1.0,0.0,0.0,-1,38,4486.46,0.1,1.0,0.0,0.0,0.0,0,0,0.0,0.0,0,0,0.0,4486.46,1,0,0.0,4486.46,1,0,0.0,0
LGS2ORD0017017,C015110,2025-05-15 18:00:00,Male,35,Bronze,Lazada,Remote_Area,339,Shopee,Credit_Card,18,5,3,0,30-40,11.3,2.0,1.0,0.5,-10,0,3527.9500000000003,0.23,1.0,0.5,0.0,7055.900000000001,2,1,0.5,7055.900000000001,2,1,0.5,7055.900000000001,2,1,0.5,7055.900000000001,2,1,0.5,0
LGS2ORD0017018,C013787,2025-05-15 18:00:00,Female,46,Bronze,Shopee,Bangkok,352,Shopee,Credit_Card,18,5,3,0,40-50,11.733333333333333,1.0,0.0,0.0,-1,125,1674.08,0.03,1.0,0.0,0.0,0.0,0,0,0.0,0.0,0,0,0.0,0.0,0,0,0.0,1674.08,1,0,0.0,0
LGS2ORD0017019,C010659,2025-05-15 19:00:00,Female,30,Bronze,Web,Songkhla,1359,Shopee,PromptPay,19,5,3,0,20-30,45.3,1.0,0.0,0.0,-1,43,1614.22,0.03,1.0,0.0,0.0,0.0,0,0,0.0,0.0,0,0,0.0,1614.22,1,0,0.0,1614.22,1,0,0.0,0
LGS2ORD0017020,C012451,2025-05-15 19:00:00,Male,27,Platinum,TV,Chonburi,1098,Shopee,Credit_Card,19,5,3,0,20-30,36.6,1.0,0.0,0.0,-1,90,10409.98,0.15,0.0,0.0,0.0,0.0,0,0,0.0,0.0,0,0,0.0,0.0,0,0,0.0,10409.98,1,0,0.0,0
LGS2ORD0017021,C011593,2025-05-15 19:00:00,Female,38,Bronze,TV,Chiang Mai,435,Lazada,COD,19,5,3,0,30-40,14.5,3.0,1.0,0.3333333333333333,-3,4,11918.686666666668,0.23,0.6666666666666666,0.6666666666666666,0.0,14798.92,1,1,1.0,14798.92,1,1,1.0,35756.060000000005,3,1,0.3333333333333333,35756.060000000005,3,1,0.3333333333333333,0
LGS2ORD0017022,C012090,2025-05-15 19:00:00,Female,23,Gold,TV,Chonburi,1540,Web,COD,19,5,3,0,20-30,51.333333333333336,0.0,0.0,0.0,-1,-1,0.0,0.0,0.0,0.0,0.0,0.0,0,0,0.0,0.0,0,0,0.0,0.0,0,0,0.0,0.0,0,0,0.0,1
LGS2ORD0017023,C010215,2025-05-15 19:00:00,Female,53,Bronze,TV,Bangkok,635,Web,Credit_Card,19,5,3,0,>50,21.166666666666668,2.0,2.0,1.0,78,86,8950.435000000001,0.23,0.0,0.5,0.0,0.0,0,0,0.0,0.0,0,0,0.0,8404.02,1,1,1.0,17900.870000000003,2,2,1.0,0
LGS2ORD0017024,C011623,2025-05-15 19:00:00,Male,48,Gold,Shopee,Songkhla,1081,Shopee,PromptPay,19,5,3,0,40-50,36.03333333333333,0.0,0.0,0.0,-1,-1,0.0,0.0,0.0,0.0,0.0,0.0,0,0,0.0,0.0,0,0,0.0,0.0,0,0,0.0,0.0,0,0,0.0,0
LGS2ORD0017025,C014417,2025-05-15 20:00:00,Male,54,Silver,Shopee,Chonburi,1271,Lazada,COD,20,5,3,0,>50,42.36666666666667,5.0,1.0,0.2,-5,6,1634.276,0.25,0.4,0.4,0.0,951.61,1,1,1.0,1991.38,2,1,0.5,7487.990000000001,4,1,0.25,8171.38,5,1,0.2,0
LGS2ORD0017026,C014834,2025-05-15 20:00:00,Male,46,Silver,Shopee,Nakhon Ratchasima,533,Web,PromptPay,20,5,3,0,40-50,17.766666666666666,2.0,0.0,0.0,-1,66,3088.08,0.05,0.5,0.0,0.0,0.0,0,0,0.0,0.0,0,0,0.0,3795.26,1,0,0.0,6176.16,2,0,0.0,0
LGS2ORD0017027,C013539,2025-05-15 20:00:00,Male,18,Gold,Lazada,Bangkok,348,CallCenter,COD,20,5,3,0,<20,11.6,2.0,0.0,0.0,-1,52,3365.495,0.18,0.5,0.0,0.0,0.0,0,0,0.0,0.0,0,0,0.0,6730.99,2,0,0.0,6730.99,2,0,0.0,0
LGS2ORD0017028,C013491,2025-05-15 20:00:00,Male,55,Gold,TV,Khon Kaen,378,Web,COD,20,5,3,0,>50,12.6,4.0,1.0,0.25,75,57,5863.7225,0.2299999999999999,0.75,0.25,0.0,0.0,0,0,0.0,0.0,0,0,0.0,21610.83,3,1,0.3333333333333333,23454.89,4,1,0.25,1
LGS2ORD0017029,C014318,2025-05-15 20:00:00,Male,46,Platinum,Lazada,Khon Kaen,1133,Shopee,PromptPay,20,5,3,0,40-50,37.766666666666666,2.0,1.0,0.5,78,83,2624.075,0.35,0.5,1.0,0.0,0.0,0,0,0.0,0.0,0,0,0.0,315.49,1,1,1.0,5248.15,2,1,0.5,0
LGS2ORD0017030,C011212,2025-05-15 21:00:00,Female,54,Bronze,Web,Bangkok,1494,Lazada,COD,21,5,3,0,>50,49.8,3.0,0.0,0.0,-1,44,1129.3799999999999,0.23,0.6666666666666666,0.3333333333333333,0.0,0.0,0,0,0.0,0.0,0,0,0.0,1145.56,1,0,0.0,3388.14,3,0,0.0,1
LGS2ORD0017031,C011718,2025-05-15 21:00:00,Female,45,Gold,CallCenter,Bangkok,1526,Web,Credit_Card,21,5,3,0,40-50,50.86666666666667,3.0,0.0,0.0,-1,42,4826.656666666667,0.28,0.3333333333333333,0.3333333333333333,0.0,0.0,0,0,0.0,0.0,0,0,0.0,444.7,1,0,0.0,14479.970000000001,3,0,0.0,0
LGS2ORD0017032,C015512,2025-05-15 21:00:00,Female,66,Gold,Lazada,Songkhla,803,Lazada,COD,21,5,3,0,>50,26.766666666666666,2.0,0.0,0.0,-1,12,1015.725,0.33,0.5,1.0,0.0,0.0,0,0,0.0,1002.2,1,0,0.0,2031.45,2,0,0.0,2031.45,2,0,0.0,0
LGS2ORD0017033,C014107,2025-05-15 21:00:00,Male,42,Platinum,TV,Chiang Mai,539,CallCenter,Bank_Transfer,21,5,3,0,40-50,17.966666666666665,1.0,1.0,1.0,0,4,6519.61,0.25,1.0,1.0,0.0,6519.61,1,1,1.0,6519.61,1,1,1.0,6519.61,1,1,1.0,6519.61,1,1,1.0,1
LGS2ORD0017034,C015196,2025-05-15 21:00:00,Female,42,Bronze,Lazada,Bangkok,1282,Shopee,COD,21,5,3,0,40-50,42.733333333333334,3.0,0.0,0.0,-1,82,3739.1966666666667,0.03,0.3333333333333333,0.0,0.0,0.0,0,0,0.0,0.0,0,0,0.0,757.46,1,0,0.0,11217.59,3,0,0.0,1
LGS2ORD0017035,C017199,2025-05-15 22:00:00,Female,48,Gold,Shopee,Bangkok,212,Web,Bank_Transfer,22,5,3,0,40-50,7.066666666666666,0.0,0.0,0.0,-1,-1,0.0,0.0,0.0,0.0,0.0,0.0,0,0,0.0,0.0,0,0,0.0,0.0,0,0,0.0,0.0,0,0,0.0,1
LGS2ORD0017036,C014330,2025-05-15 22:00:00,Male,19,Silver,TV,Phuket,1410,TV_Show,COD,22,5,3,0,<20,47.0,4.0,2.0,0.5,27,8,3379.2475,0.25,0.75,0.25,0.0,0.0,0,0,0.0,454.9,1,0,0.0,5575.66,2,1,0.5,13516.99,4,2,0.5,0
LGS2ORD0017037,C014635,2025-05-15 22:00:00,Female,62,Bronze,TV,Nakhon Ratchasima,190,Web,COD,22,5,3,0,>50,6.333333333333333,3.0,1.0,0.3333333333333333,95,0,5435.453333333334,0.23,0.6666666666666666,0.6666666666666666,0.0,973.09,1,0,0.0,11950.91,2,0,0.0,11950.91,2,0,0.0,16306.36,3,1,0.3333333333333333,0
LGS2ORD0017038,C016601,2025-05-15 22:00:00,Female,54,Bronze,Web,Chonburi,1366,Web,COD,22,5,3,0,>50,45.53333333333333,2.0,0.0,0.0,-1,108,18761.64,0.08,0.5,0.0,0.0,0.0,0,0,0.0,0.0,0,0,0.0,0.0,0,0,0.0,37523.28,2,0,0.0,0
LGS2ORD0017039,C017309,2025-05-15 22:00:00,Female,51,Silver,TV,Chonburi,206,Lazada,Credit_Card,22,5,3,0,>50,6.866666666666666,0.0,0.0,0.0,-1,-1,0.0,0.0,0.0,0.0,0.0,0.0,0,0,0.0,0.0,0,0,0.0,0.0,0,0,0.0,0.0,0,0,0.0,0
LGS2ORD0017040,C013077,2025-05-15 22:00:00,Female,46,Gold,Shopee,Chiang Mai,967,TV_Show,Credit_Card,22,5,3,0,40-50,32.233333333333334,2.0,0.0,0.0,-1,55,1107.55,0.33,0.0,0.5,0.0,0.0,0,0,0.0,0.0,0,0,0.0,2006.73,1,0,0.0,2215.1,2,0,0.0,0
LGS2ORD0017041,C011289,2025-05-15 23:00:00,Female,37,Silver,Shopee,Remote_Area,857,Web,Bank_Transfer,23,5,3,0,30-40,28.566666666666666,2.0,0.0,0.0,-1,37,2278.305,0.2,0.5,0.0,0.0,0.0,0,0,0.0,0.0,0,0,0.0,2578.6,1,0,0.0,4556.61,2,0,0.0,0
LGS2ORD0017042,C010464,2025-05-15 23:00:00,Female,45,Gold,CallCenter,Bangkok,309,CallCenter,COD,23,5,3,0,40-50,10.3,3.0,0.0,0.0,-1,13,1754.3966666666668,0.2299999999999999,0.0,0.6666666666666666,0.0,0.0,0,0,0.0,1074.67,1,0,0.0,5263.1900000000005,3,0,0.0,5263.1900000000005,3,0,0.0,0
LGS2ORD0017043,C015302,2025-05-15 23:00:00,Male,20,Bronze,Web,Songkhla,1408,TV_Show,PromptPay,23,5,3,0,<20,46.93333333333333,0.0,0.0,0.0,-1,-1,0.0,0.0,0.0,0.0,0.0,0.0,0,0,0.0,0.0,0,0,0.0,0.0,0,0,0.0,0.0,0,0,0.0,0
LGS2ORD0017044,C012909,2025-05-15 23:00:00,Male,41,Bronze,Shopee,Nakhon Ratchasima,1392,Web,Credit_Card,23,5,3,0,40-50,46.4,2.0,0.0,0.0,-1,61,4019.73,0.23,1.0,0.5,0.0,0.0,0,0,0.0,0.0,0,0,0.0,8039.46,2,0,0.0,8039.46,2,0,0.0,0
LGS2ORD0017045,C016513,2025-05-15 23:00:00,Female,30,Bronze,TV,Bangkok,678,TV_Show,PromptPay,23,5,3,0,20-30,22.6,0.0,0.0,0.0,-1,-1,0.0,0.0,0.0,0.0,0.0,0.0,0,0,0.0,0.0,0,0,0.0,0.0,0,0,0.0,0.0,0,0,0.0,0
LGS2ORD0017046,C017285,2025-05-16 00:00:00,Male,33,Gold,TV,Chiang Mai,541,TV_Show,COD,0,5,4,0,30-40,18.033333333333335,2.0,0.0,0.0,-1,31,7637.88,0.13,0.5,0.0,0.0,0.0,0,0,0.0,0.0,0,0,0.0,3461.01,1,0,0.0,15275.76,2,0,0.0,0
LGS2ORD0017047,C013930,2025-05-16 00:00:00,Male,34,Bronze,Shopee,Songkhla,1141,Web,COD,0,5,4,0,30-40,38.03333333333333,2.0,2.0,1.0,30,38,2245.225,0.23,1.0,0.5,0.0,0.0,0,0,0.0,0.0,0,0,0.0,2859.86,1,1,1.0,4490.45,2,2,1.0,0
LGS2ORD0017048,C017780,2025-05-16 00:00:00,Male,21,Bronze,Web,Chonburi,166,Web,COD,0,5,4,0,20-30,5.533333333333333,1.0,0.0,0.0,-1,103,7610.55,0.03,0.0,0.0,0.0,0.0,0,0,0.0,0.0,0,0,0.0,0.0,0,0,0.0,7610.55,1,0,0.0,1
LGS2ORD0017049,C017152,2025-05-16 00:00:00,Male,45,Silver,TV,Remote_Area,713,Shopee,Credit_Card,0,5,4,0,40-50,23.766666666666666,2.0,0.0,0.0,-1,1,4258.29,0.25,0.5,0.5,0.0,7751.46,1,0,0.0,7751.46,1,0,0.0,7751.46,1,0,0.0,8516.58,2,0,0.0,0
LGS2ORD0017050,C016880,2025-05-16 00:00:00,Female,26,Bronze,Lazada,Songkhla,914,CallCenter,COD,0,5,4,0,20-30,30.466666666666665,2.0,1.0,0.5,81,26,11584.289999999999,0.18,0.5,0.0,0.0,0.0,0,0,0.0,21785.37,1,0,0.0,21785.37,1,0,0.0,23168.579999999998,2,1,0.5,1
LGS2ORD0017051,C015116,2025-05-16 01:00:00,Male,37,Silver,Web,Bangkok,257,Web,COD,1,5,4,0,30-40,8.566666666666666,1.0,0.0,0.0,-1,81,8756.84,0.05,0.0,0.0,0.0,0.0,0,0,0.0,0.0,0,0,0.0,8756.84,1,0,0.0,8756.84,1,0,0.0,0
LGS2ORD0017052,C016061,2025-05-16 01:00:00,Male,40,Bronze,CallCenter,Khon Kaen,518,Web,COD,1,5,4,0,30-40,17.266666666666666,2.0,1.0,0.5,15,24,4796.675,0.23,0.0,0.5,0.0,0.0,0,0,0.0,9169.73,1,1,1.0,9593.35,2,1,0.5,9593.35,2,1,0.5,0
LGS2ORD0017053,C011014,2025-05-16 01:00:00,Male,48,Bronze,TV,Bangkok,836,TV_Show,COD,1,5,4,0,40-50,27.866666666666667,2.0,1.0,0.5,84,58,3685.46,0.13,0.5,0.0,0.0,0.0,0,0,0.0,0.0,0,0,0.0,1644.99,1,0,0.0,7370.92,2,1,0.5,0
LGS2ORD0017054,C014827,2025-05-16 01:00:00,Other,48,Gold,Web,Chiang Mai,168,Lazada,Credit_Card,1,5,4,0,40-50,5.6,3.0,2.0,0.6666666666666666,64,55,2809.7033333333334,0.08,0.6666666666666666,0.0,0.0,0.0,0,0,0.0,0.0,0,0,0.0,8046.379999999999,2,1,0.5,8429.11,3,2,0.6666666666666666,0
LGS2ORD0017055,C015415,2025-05-16 01:00:00,Female,31,Silver,CallCenter,Nakhon Ratchasima,188,CallCenter,Credit_Card,1,5,4,0,30-40,6.266666666666667,3.0,1.0,0.3333333333333333,60,3,2907.65,0.3,0.3333333333333333,0.3333333333333333,0.0,611.16,1,0,0.0,1445.33,2,0,0.0,8722.95,3,1,0.3333333333333333,8722.95,3,1,0.3333333333333333,0
LGS2ORD0017056,C017029,2025-05-16 02:00:00,Female,56,Silver,Shopee,Remote_Area,873,Lazada,PromptPay,2,5,4,0,>50,29.1,1.0,0.0,0.0,-1,34,5909.64,0.3,1.0,1.0,0.0,0.0,0,0,0.0,0.0,0,0,0.0,5909.64,1,0,0.0,5909.64,1,0,0.0,1
LGS2ORD0017057,C014228,2025-05-16 02:00:00,Female,35,Gold,Web,Chonburi,1067,CallCenter,COD,2,5,4,0,30-40,35.56666666666667,0.0,0.0,0.0,-1,-1,0.0,0.0,0.0,0.0,0.0,0.0,0,0,0.0,0.0,0,0,0.0,0.0,0,0,0.0,0.0,0,0,0.0,0
LGS2ORD0017058,C010879,2025-05-16 02:00:00,Male,44,Bronze,Web,Bangkok,1459,TV_Show,COD,2,5,4,0,40-50,48.63333333333333,3.0,0.0,0.0,-1,33,4939.173333333333,0.08,0.0,0.0,0.0,0.0,0,0,0.0,0.0,0,0,0.0,14817.52,3,0,0.0,14817.52,3,0,0.0,0
LGS2ORD0017059,C015253,2025-05-16 02:00:00,Female,29,Platinum,Web,Bangkok,194,Shopee,Bank_Transfer,2,5,4,0,20-30,6.466666666666667,0.0,0.0,0.0,-1,-1,0.0,0.0,0.0,0.0,0.0,0.0,0,0,0.0,0.0,0,0,0.0,0.0,0,0,0.0,0.0,0,0,0.0,0
LGS2ORD0017060,C010459,2025-05-16 02:00:00,Female,42,Silver,TV,Remote_Area,1276,Lazada,Credit_Card,2,5,4,0,40-50,42.53333333333333,3.0,0.0,0.0,-1,3,1295.3066666666666,0.2,0.6666666666666666,0.0,0.0,1437.66,1,0,0.0,1437.66,1,0,0.0,2669.3500000000004,2,0,0.0,3885.92,3,0,0.0,0
LGS2ORD0017061,C017852,2025-05-16 02:00:00,Male,55,Bronze,Shopee,Khon Kaen,636,Web,COD,2,5,4,0,>50,21.2,1.0,0.0,0.0,-1,27,1999.95,0.13,0.0,0.0,0.0,0.0,0,0,0.0,1999.95,1,0,0.0,1999.95,1,0,0.0,1999.95,1,0,0.0,0
LGS2ORD0017062,C015888,2025-05-16 03:00:00,Male,34,Gold,Shopee,Khon Kaen,793,CallCenter,Bank_Transfer,3,5,4,0,30-40,26.433333333333334,3.0,0.0,0.0,-1,13,1948.2666666666664,0.2299999999999999,0.0,0.6666666666666666,0.0,0.0,0,0,0.0,3642.43,1,0,0.0,5844.799999999999,3,0,0.0,5844.799999999999,3,0,0.0,0
LGS2ORD0017063,C016093,2025-05-16 03:00:00,Male,58,Bronze,CallCenter,Bangkok,316,TV_Show,Credit_Card,3,5,4,0,>50,10.533333333333333,4.0,1.0,0.25,106,14,9365.1125,0.18,0.75,0.0,0.0,0.0,0,0,0.0,21924.24,1,0,0.0,35082.8,2,0,0.0,37460.45,4,1,0.25,0
LGS2ORD0017064,C016436,2025-05-16 03:00:00,Male,57,Bronze,CallCenter,Bangkok,1464,TV_Show,COD,3,5,4,0,>50,48.8,3.0,1.0,0.3333333333333333,70,1,7155.89,0.18,1.0,0.0,0.0,5441.77,1,0,0.0,5441.77,1,0,0.0,6949.05,2,1,0.5,21467.670000000002,3,1,0.3333333333333333,0
LGS2ORD0017065,C012466,2025-05-16 03:00:00,Female,28,Silver,Web,Chonburi,807,Shopee,COD,3,5,4,0,20-30,26.9,3.0,0.0,0.0,-1,71,3198.9,0.25,0.3333333333333333,0.3333333333333333,0.0,0.0,0,0,0.0,0.0,0,0,0.0,7952.51,2,0,0.0,9596.7,3,0,0.0,0
LGS2ORD0017066,C013706,2025-05-16 03:00:00,Female,45,Gold,CallCenter,Chonburi,1310,Shopee,COD,3,5,4,0,40-50,43.666666666666664,1.0,0.0,0.0,-1,81,1473.08,0.18,0.0,0.0,0.0,0.0,0,0,0.0,0.0,0,0,0.0,1473.08,1,0,0.0,1473.08,1,0,0.0,0
LGS2ORD0017067,C012775,2025-05-16 04:00:00,Male,43,Gold,TV,Khon Kaen,1185,Lazada,Credit_Card,4,5,4,0,40-50,39.5,2.0,1.0,0.5,91,107,8370.74,0.33,0.5,0.5,0.0,0.0,0,0,0.0,0.0,0,0,0.0,0.0,0,0,0.0,16741.48,2,1,0.5,0
LGS2ORD0017068,C013487,2025-05-16 04:00:00,Male,55,Bronze,Web,Bangkok,507,Web,COD,4,5,4,0,>50,16.9,5.0,1.0,0.2,64,39,8321.680000000002,0.28,0.4,0.2,0.0,0.0,0,0,0.0,0.0,0,0,0.0,16972.8,3,1,0.3333333333333333,41608.40000000001,5,1,0.2,1
LGS2ORD0017069,C017822,2025-05-16 04:00:00,Female,40,Bronze,Web,Phuket,1447,TV_Show,Credit_Card,4,5,4,0,30-40,48.233333333333334,3.0,0.0,0.0,-1,4,4933.206666666666,0.28,0.3333333333333333,0.6666666666666666,0.0,977.15,1,0,0.0,977.15,1,0,0.0,14799.619999999999,3,0,0.0,14799.619999999999,3,0,0.0,0
LGS2ORD0017070,C014916,2025-05-16 04:00:00,Male,40,Bronze,Web,Chiang Mai,1299,Web,COD,4,5,4,0,30-40,43.3,0.0,0.0,0.0,-1,-1,0.0,0.0,0.0,0.0,0.0,0.0,0,0,0.0,0.0,0,0,0.0,0.0,0,0,0.0,0.0,0,0,0.0,0
LGS2ORD0017071,C013755,2025-05-16 04:00:00,Female,34,Silver,Shopee,Chiang Mai,714,Shopee,Credit_Card,4,5,4,0,30-40,23.8,2.0,1.0,0.5,69,21,15018.555,0.25,0.5,0.5,0.0,0.0,0,0,0.0,5144.56,1,0,0.0,30037.11,2,1,0.5,30037.11,2,1,0.5,0
LGS2ORD0017072,C015205,2025-05-16 05:00:00,Female,58,Bronze,Shopee,Bangkok,267,TV_Show,COD,5,5,4,0,>50,8.9,7.0,0.0,0.0,-1,1,5599.80142857143,0.23,0.7142857142857143,0.14285714285714285,0.0,3956.23,1,0,0.0,23166.29,2,0,0.0,23166.29,2,0,0.0,39198.61000000001,7,0,0.0,1
LGS2ORD0017073,C010956,2025-05-16 05:00:00,Female,27,Gold,Web,Phuket,377,Web,COD,5,5,4,0,20-30,12.566666666666666,2.0,1.0,0.5,68,75,4847.12,0.2299999999999999,0.0,0.5,0.0,0.0,0,0,0.0,0.0,0,0,0.0,990.05,1,1,1.0,9694.24,2,1,0.5,1
LGS2ORD0017074,C010651,2025-05-16 05:00:00,Male,58,Gold,Shopee,Bangkok,1417,Shopee,COD,5,5,4,0,>50,47.233333333333334,2.0,0.0,0.0,-1,59,6323.19,0.08,0.5,0.0,0.0,0.0,0,0,0.0,0.0,0,0,0.0,12646.38,2,0,0.0,12646.38,2,0,0.0,0
LGS2ORD0017075,C015371,2025-05-16 05:00:00,Male,31,Bronze,Web,Khon Kaen,607,CallCenter,PromptPay,5,5,4,0,30-40,20.233333333333334,0.0,0.0,0.0,-1,-1,0.0,0.0,0.0,0.0,0.0,0.0,0,0,0.0,0.0,0,0,0.0,0.0,0,0,0.0,0.0,0,0,0.0,0
LGS2ORD0017076,C012485,2025-05-16 05:00:00,Female,50,Platinum,Lazada,Bangkok,776,CallCenter,COD,5,5,4,0,40-50,25.866666666666667,1.0,0.0,0.0,-1,64,485.12,0.3,0.0,1.0,0.0,0.0,0,0,0.0,0.0,0,0,0.0,485.12,1,0,0.0,485.12,1,0,0.0,1
LGS2ORD0017077,C017593,2025-05-16 06:00:00,Male,54,Bronze,Lazada,Bangkok,831,Lazada,COD,6,5,4,0,>50,27.7,1.0,1.0,1.0,122,131,4132.42,0.18,0.0,0.0,0.0,0.0,0,0,0.0,0.0,0,0,0.0,0.0,0,0,0.0,4132.42,1,1,1.0,1
LGS2ORD0017078,C014210,2025-05-16 06:00:00,Male,34,Bronze,Web,Remote_Area,628,Web,Bank_Transfer,6,5,4,0,30-40,20.933333333333334,7.0,1.0,0.14285714285714285,4,13,1380.7257142857143,0.28,0.2857142857142857,0.14285714285714285,0.0,0.0,0,0,0.0,2195.49,2,1,0.5,3282.71,4,1,0.25,9665.08,7,1,0.14285714285714285,0
LGS2ORD0017079,C013754,2025-05-16 06:00:00,Female,49,Bronze,TV,Chiang Mai,322,Web,Credit_Card,6,5,4,0,40-50,10.733333333333333,2.0,1.0,0.5,48,21,1833.1399999999999,0.18,0.5,0.0,0.0,0.0,0,0,0.0,3217.56,1,0,0.0,3666.2799999999997,2,1,0.5,3666.2799999999997,2,1,0.5,0
LGS2ORD0017080,C012333,2025-05-16 06:00:00,Male,42,Bronze,TV,Songkhla,1010,Web,COD,6,5,4,0,40-50,33.666666666666664,1.0,0.0,0.0,-1,7,2117.48,0.23,1.0,1.0,0.0,0.0,0,0,0.0,2117.48,1,0,0.0,2117.48,1,0,0.0,2117.48,1,0,0.0,1
LGS2ORD0017081,C010918,2025-05-16 06:00:00,Male,62,Bronze,Lazada,Remote_Area,547,Lazada,COD,6,5,4,0,>50,18.233333333333334,1.0,0.0,0.0,-1,27,3144.33,0.13,1.0,0.0,0.0,0.0,0,0,0.0,3144.33,1,0,0.0,3144.33,1,0,0.0,3144.33,1,0,0.0,1
LGS2ORD0017082,C017315,2025-05-16 06:00:00,Male,42,Bronze,TV,Songkhla,860,Shopee,Credit_Card,6,5,4,0,40-50,28.666666666666668,0.0,0.0,0.0,-1,-1,0.0,0.0,0.0,0.0,0.0,0.0,0,0,0.0,0.0,0,0,0.0,0.0,0,0,0.0,0.0,0,0,0.0,0
LGS2ORD0017083,C010207,2025-05-16 07:00:00,Female,49,Bronze,CallCenter,Songkhla,285,TV_Show,COD,7,5,4,0,40-50,9.5,2.0,1.0,0.5,126,67,3616.965,0.18,0.5,0.0,0.0,0.0,0,0,0.0,0.0,0,0,0.0,1876.88,1,0,0.0,7233.93,2,1,0.5,1
LGS2ORD0017084,C012838,2025-05-16 07:00:00,Female,40,Silver,TV,Bangkok,215,Web,COD,7,5,4,0,30-40,7.166666666666667,5.0,2.0,0.4,17,25,1861.7099999999998,0.25,0.4,0.4,0.0,0.0,0,0,0.0,2890.3199999999997,2,1,0.5,9308.55,5,2,0.4,9308.55,5,2,0.4,0
LGS2ORD0017085,C010057,2025-05-16 07:00:00,Male,40,Gold,Shopee,Nakhon Ratchasima,1049,Shopee,COD,7,5,4,0,30-40,34.96666666666667,5.0,0.0,0.0,-1,19,7735.998,0.33,0.0,0.8,0.0,0.0,0,0,0.0,15283.88,1,0,0.0,38328.14,4,0,0.0,38679.99,5,0,0.0,0
LGS2ORD0017086,C012829,2025-05-16 07:00:00,Female,72,Silver,TV,Bangkok,966,Lazada,COD,7,5,4,0,>50,32.2,7.0,3.0,0.42857142857142855,14,27,6309.628571428572,0.25,0.5714285714285714,0.2857142857142857,0.0,0.0,0,0,0.0,1846.33,1,1,1.0,38059.850000000006,4,2,0.5,44167.40000000001,7,3,0.42857142857142855,1
LGS2ORD0017087,C011803,2025-05-16 07:00:00,Other,18,Bronze,Shopee,Bangkok,596,Shopee,COD,7,5,4,0,<20,19.866666666666667,4.0,1.0,0.25,106,72,3717.115,0.23,0.75,0.5,0.0,0.0,0,0,0.0,0.0,0,0,0.0,6781.91,2,0,0.0,14868.46,4,1,0.25,0
LGS2ORD0017088,C015184,2025-05-16 08:00:00,Female,47,Bronze,TV,Songkhla,1425,CallCenter,COD,8,5,4,0,40-50,47.5,1.0,0.0,0.0,-1,72,5508.64,0.03,1.0,0.0,0.0,0.0,0,0,0.0,0.0,0,0,0.0,5508.64,1,0,0.0,5508.64,1,0,0.0,1
LGS2ORD0017089,C016413,2025-05-16 08:00:00,Female,66,Bronze,Web,Bangkok,379,Web,COD,8,5,4,0,>50,12.633333333333333,3.0,1.0,0.3333333333333333,28,36,3664.7566666666667,0.18,0.6666666666666666,0.0,0.0,0.0,0,0,0.0,0.0,0,0,0.0,3517.26,2,1,0.5,10994.27,3,1,0.3333333333333333,0
LGS2ORD0017090,C015906,2025-05-16 08:00:00,Female,64,Bronze,CallCenter,Chiang Mai,307,Lazada,COD,8,5,4,0,>50,10.233333333333333,1.0,1.0,1.0,96,110,3235.13,0.23,1.0,1.0,0.0,0.0,0,0,0.0,0.0,0,0,0.0,0.0,0,0,0.0,3235.13,1,1,1.0,1
LGS2ORD0017091,C011507,2025-05-16 08:00:00,Male,35,Gold,Lazada,Bangkok,438,TV_Show,COD,8,5,4,0,30-40,14.6,2.0,0.0,0.0,-1,26,6010.3,0.13,1.0,0.0,0.0,0.0,0,0,0.0,10254.93,1,0,0.0,12020.6,2,0,0.0,12020.6,2,0,0.0,0
LGS2ORD0017092,C012461,2025-05-16 08:00:00,Male,72,Bronze,TV,Chonburi,520,TV_Show,COD,8,5,4,0,>50,17.333333333333332,4.0,0.0,0.0,-1,49,3358.8875000000003,0.18,0.5,0.0,0.0,0.0,0,0,0.0,0.0,0,0,0.0,13435.550000000001,4,0,0.0,13435.550000000001,4,0,0.0,0
LGS2ORD0017093,C014033,2025-05-16 09:00:00,Female,69,Silver,TV,Nakhon Ratchasima,490,Lazada,COD,9,5,4,0,>50,16.333333333333332,3.0,0.0,0.0,-1,54,5228.296666666666,0.25,0.6666666666666666,1.0,0.0,0.0,0,0,0.0,0.0,0,0,0.0,15684.89,3,0,0.0,15684.89,3,0,0.0,0
LGS2ORD0017094,C013822,2025-05-16 09:00:00,Male,45,Bronze,Lazada,Bangkok,639,Lazada,Credit_Card,9,5,4,0,40-50,21.3,2.0,0.0,0.0,-1,61,8559.61,0.28,0.5,0.5,0.0,0.0,0,0,0.0,0.0,0,0,0.0,17119.22,2,0,0.0,17119.22,2,0,0.0,0
LGS2ORD0017095,C015628,2025-05-16 09:00:00,Female,33,Bronze,TV,Khon Kaen,438,Shopee,Bank_Transfer,9,5,4,0,30-40,14.6,3.0,1.0,0.3333333333333333,39,33,5484.056666666667,0.23,0.6666666666666666,0.3333333333333333,0.0,0.0,0,0,0.0,0.0,0,0,0.0,16452.170000000002,3,1,0.3333333333333333,16452.170000000002,3,1,0.3333333333333333,0
LGS2ORD0017096,C014507,2025-05-16 09:00:00,Female,57,Bronze,Shopee,Songkhla,698,Shopee,PromptPay,9,5,4,0,>50,23.266666666666666,2.0,1.0,0.5,59,49,7183.16,0.18,0.5,0.0,0.0,0.0,0,0,0.0,0.0,0,0,0.0,14366.32,2,1,0.5,14366.32,2,1,0.5,0
LGS2ORD0017097,C014502,2025-05-16 09:00:00,Male,40,Gold,Shopee,Chiang Mai,1576,TV_Show,PromptPay,9,5,4,0,30-40,52.53333333333333,0.0,0.0,0.0,-1,-1,0.0,0.0,0.0,0.0,0.0,0.0,0,0,0.0,0.0,0,0,0.0,0.0,0,0,0.0,0.0,0,0,0.0,0
LGS2ORD0017098,C010014,2025-05-16 10:00:00,Female,38,Bronze,Web,Bangkok,976,Web,Credit_Card,10,5,4,0,30-40,32.53333333333333,2.0,0.0,0.0,-1,112,607.06,0.18,0.0,0.0,0.0,0.0,0,0,0.0,0.0,0,0,0.0,0.0,0,0,0.0,1214.12,2,0,0.0,0
LGS2ORD0017099,C014384,2025-05-16 10:00:00,Male,49,Silver,Web,Remote_Area,1210,Shopee,COD,10,5,4,0,40-50,40.333333333333336,0.0,0.0,0.0,-1,-1,0.0,0.0,0.0,0.0,0.0,0.0,0,0,0.0,0.0,0,0,0.0,0.0,0,0,0.0,0.0,0,0,0.0,0
LGS2ORD0017100,C014671,2025-05-16 10:00:00,Male,37,Bronze,CallCenter,Chonburi,1280,TV_Show,Credit_Card,10,5,4,0,30-40,42.666666666666664,3.0,0.0,0.0,-1,23,4414.4366666666665,0.13,0.3333333333333333,0.0,0.0,0.0,0,0,0.0,709.62,1,0,0.0,13243.31,3,0,0.0,13243.31,3,0,0.0,0
LGS2ORD0017101,C013161,2025-05-16 10:00:00,Male,50,Bronze,Shopee,Nakhon Ratchasima,955,CallCenter,COD,10,5,4,0,40-50,31.833333333333332,3.0,0.0,0.0,-1,43,5426.843333333333,0.23,0.6666666666666666,0.3333333333333333,0.0,0.0,0,0,0.0,0.0,0,0,0.0,15588.369999999999,2,0,0.0,16280.529999999999,3,0,0.0,0
LGS2ORD0017102,C013196,2025-05-16 10:00:00,Female,32,Silver,Lazada,Songkhla,717,CallCenter,COD,10,5,4,0,30-40,23.9,1.0,1.0,1.0,88,97,1008.99,0.25,1.0,1.0,0.0,0.0,0,0,0.0,0.0,0,0,0.0,0.0,0,0,0.0,1008.99,1,1,1.0,0
LGS2ORD0017103,C010303,2025-05-16 10:00:00,Female,64,Bronze,TV,Chonburi,191,Shopee,COD,10,5,4,0,>50,6.366666666666666,1.0,0.0,0.0,-1,132,1262.02,0.28,0.0,1.0,0.0,0.0,0,0,0.0,0.0,0,0,0.0,0.0,0,0,0.0,1262.02,1,0,0.0,1
LGS2ORD0017104,C017820,2025-05-16 11:00:00,Male,53,Gold,Lazada,Songkhla,1172,CallCenter,Credit_Card,11,5,4,0,>50,39.06666666666667,1.0,0.0,0.0,-1,134,9710.81,0.08,0.0,0.0,0.0,0.0,0,0,0.0,0.0,0,0,0.0,0.0,0,0,0.0,9710.81,1,0,0.0,0
LGS2ORD0017105,C013363,2025-05-16 11:00:00,Female,45,Gold,CallCenter,Chonburi,1358,Shopee,Credit_Card,11,5,4,0,40-50,45.266666666666666,1.0,0.0,0.0,-1,130,10483.09,0.08,1.0,0.0,0.0,0.0,0,0,0.0,0.0,0,0,0.0,0.0,0,0,0.0,10483.09,1,0,0.0,0
LGS2ORD0017106,C012768,2025-05-16 11:00:00,Female,36,Bronze,Shopee,Bangkok,1356,Web,Credit_Card,11,5,4,0,30-40,45.2,3.0,0.0,0.0,-1,28,4014.2933333333335,0.28,1.0,0.3333333333333333,0.0,0.0,0,0,0.0,6213.31,1,0,0.0,11875.16,2,0,0.0,12042.880000000001,3,0,0.0,0
LGS2ORD0017107,C014639,2025-05-16 11:00:00,Male,64,Bronze,TV,Remote_Area,1007,TV_Show,Bank_Transfer,11,5,4,0,>50,33.56666666666667,4.0,2.0,0.5,81,72,4055.5399999999995,0.23,1.0,0.25,0.0,0.0,0,0,0.0,0.0,0,0,0.0,3429.72,1,0,0.0,16222.159999999998,4,2,0.5,0
LGS2ORD0017108,C016576,2025-05-16 11:00:00,Female,18,Bronze,Web,Chonburi,904,CallCenter,COD,11,5,4,0,<20,30.133333333333333,4.0,2.0,0.5,18,1,2545.33,0.18,0.75,0.0,0.0,856.58,1,0,0.0,7060.2699999999995,2,0,0.0,8211.92,3,1,0.3333333333333333,10181.32,4,2,0.5,0
LGS2ORD0017109,C017642,2025-05-16 12:00:00,Male,42,Gold,TV,Remote_Area,873,Shopee,PromptPay,12,5,4,0,40-50,29.1,2.0,0.0,0.0,-1,31,6701.915000000001,0.18,0.0,0.0,0.0,0.0,0,0,0.0,0.0,0,0,0.0,4313.72,1,0,0.0,13403.830000000002,2,0,0.0,0
LGS2ORD0017110,C016261,2025-05-16 12:00:00,Female,50,Bronze,CallCenter,Bangkok,782,Web,Bank_Transfer,12,5,4,0,40-50,26.066666666666666,1.0,1.0,1.0,30,33,323.57,0.03,1.0,0.0,0.0,0.0,0,0,0.0,0.0,0,0,0.0,323.57,1,1,1.0,323.57,1,1,1.0,0
LGS2ORD0017111,C014946,2025-05-16 12:00:00,Male,36,Bronze,TV,Khon Kaen,1191,Web,Bank_Transfer,12,5,4,0,30-40,39.7,2.0,1.0,0.5,56,48,2375.6949999999997,0.18,1.0,0.0,0.0,0.0,0,0,0.0,0.0,0,0,0.0,4751.389999999999,2,1,0.5,4751.389999999999,2,1,0.5,1
LGS2ORD0017112,C017014,2025-05-16 12:00:00,Male,39,Bronze,Shopee,Khon Kaen,410,Lazada,PromptPay,12,5,4,0,30-40,13.666666666666666,4.0,1.0,0.25,63,45,6171.7575,0.28,0.75,0.5,0.0,0.0,0,0,0.0,0.0,0,0,0.0,21207.6,3,1,0.3333333333333333,24687.03,4,1,0.25,0
LGS2ORD0017113,C017683,2025-05-16 12:00:00,Male,42,Silver,TV,Nakhon Ratchasima,1287,Shopee,COD,12,5,4,0,40-50,42.9,0.0,0.0,0.0,-1,-1,0.0,0.0,0.0,0.0,0.0,0.0,0,0,0.0,0.0,0,0,0.0,0.0,0,0,0.0,0.0,0,0,0.0,0
LGS2ORD0017114,C013232,2025-05-16 13:00:00,Male,59,Silver,Shopee,Chiang Mai,978,Web,COD,13,5,4,0,>50,32.6,2.0,0.0,0.0,-1,74,7725.405,0.25,1.0,0.5,0.0,0.0,0,0,0.0,0.0,0,0,0.0,15450.81,2,0,0.0,15450.81,2,0,0.0,0
LGS2ORD0017115,C017153,2025-05-16 13:00:00,Female,36,Bronze,Web,Bangkok,1231,TV_Show,PromptPay,13,5,4,0,30-40,41.03333333333333,2.0,1.0,0.5,109,115,6291.66,0.23,0.0,0.5,0.0,0.0,0,0,0.0,0.0,0,0,0.0,0.0,0,0,0.0,12583.32,2,1,0.5,0
LGS2ORD0017116,C014589,2025-05-16 13:00:00,Female,26,Bronze,Web,Bangkok,1286,CallCenter,Bank_Transfer,13,5,4,0,20-30,42.86666666666667,2.0,0.0,0.0,-1,65,2099.755,0.18,0.0,0.0,0.0,0.0,0,0,0.0,0.0,0,0,0.0,3737.82,1,0,0.0,4199.51,2,0,0.0,0
LGS2ORD0017117,C011931,2025-05-16 13:00:00,Other,45,Silver,Web,Bangkok,1515,Lazada,Credit_Card,13,5,4,0,40-50,50.5,4.0,1.0,0.25,54,62,10017.6775,0.25,0.5,0.5,0.0,0.0,0,0,0.0,0.0,0,0,0.0,32179.9,2,1,0.5,40070.71,4,1,0.25,0
LGS2ORD0017118,C012636,2025-05-16 13:00:00,Female,53,Bronze,TV,Nakhon Ratchasima,437,Lazada,Bank_Transfer,13,5,4,0,>50,14.566666666666666,4.0,0.0,0.0,-1,1,2798.3425000000007,0.13,0.5,0.0,0.0,1709.7,1,0,0.0,1709.7,1,0,0.0,11193.370000000003,4,0,0.0,11193.370000000003,4,0,0.0,1
LGS2ORD0017119,C016883,2025-05-16 14:00:00,Male,28,Silver,Web,Bangkok,429,Web,Bank_Transfer,14,5,4,0,20-30,14.3,3.0,1.0,0.3333333333333333,114,47,3483.7833333333333,0.25,0.3333333333333333,0.3333333333333333,0.0,0.0,0,0,0.0,0.0,0,0,0.0,8252.22,2,0,0.0,10451.35,3,1,0.3333333333333333,1
LGS2ORD0017120,C012051,2025-05-16 14:00:00,Male,52,Gold,Shopee,Chiang Mai,868,CallCenter,Credit_Card,14,5,4,0,>50,28.933333333333334,3.0,1.0,0.3333333333333333,110,5,19350.53,0.2299999999999999,0.6666666666666666,0.3333333333333333,0.0,31093.57,1,0,0.0,31093.57,1,0,0.0,31093.57,1,0,0.0,58051.59,3,1,0.3333333333333333,0
LGS2ORD0017121,C010813,2025-05-16 14:00:00,Other,37,Bronze,TV,Nakhon Ratchasima,1053,TV_Show,Credit_Card,14,5,4,0,30-40,35.1,2.0,0.0,0.0,-1,55,11405.695,0.13,0.5,0.0,0.0,0.0,0,0,0.0,0.0,0,0,0.0,859.63,1,0,0.0,22811.39,2,0,0.0,0
LGS2ORD0017122,C013142,2025-05-16 14:00:00,Female,49,Silver,Shopee,Bangkok,1286,CallCenter,Credit_Card,14,5,4,0,40-50,42.86666666666667,5.0,1.0,0.2,46,16,1253.02,0.2,0.6,0.0,0.0,0.0,0,0,0.0,3503.79,2,0,0.0,6265.1,5,1,0.2,6265.1,5,1,0.2,0
LGS2ORD0017123,C016391,2025-05-16 14:00:00,Male,37,Bronze,CallCenter,Bangkok,327,Shopee,COD,14,5,4,0,30-40,10.9,6.0,1.0,0.16666666666666666,-4,2,1564.7600000000002,0.23,0.3333333333333333,0.16666666666666666,0.0,2060.0,1,1,1.0,2794.2,2,1,0.5,7938.070000000001,4,1,0.25,9388.560000000001,6,1,0.16666666666666666,0
LGS2ORD0017124,C012902,2025-05-16 14:00:00,Male,34,Bronze,Shopee,Chiang Mai,225,Web,Bank_Transfer,14,5,4,0,30-40,7.5,2.0,0.0,0.0,-1,30,3437.92,0.13,0.0,0.0,0.0,0.0,0,0,0.0,0.0,0,0,0.0,6875.84,2,0,0.0,6875.84,2,0,0.0,0
LGS2ORD0017125,C012730,2025-05-16 15:00:00,Female,22,Bronze,TV,Chonburi,280,Lazada,Bank_Transfer,15,5,4,0,20-30,9.333333333333334,4.0,1.0,0.25,56,21,9166.5175,0.28,0.25,0.25,0.0,0.0,0,0,0.0,30268.649999999998,2,0,0.0,33119.67,3,1,0.3333333333333333,36666.07,4,1,0.25,0
LGS2ORD0017126,C012150,2025-05-16 15:00:00,Male,27,Silver,Lazada,Phuket,1427,Lazada,COD,15,5,4,0,20-30,47.56666666666667,3.0,1.0,0.3333333333333333,98,15,1350.6266666666668,0.25,0.6666666666666666,0.3333333333333333,0.0,0.0,0,0,0.0,1590.79,1,0,0.0,2931.7,2,0,0.0,4051.88,3,1,0.3333333333333333,0
LGS2ORD0017127,C012499,2025-05-16 15:00:00,Male,44,Bronze,Shopee,Bangkok,551,TV_Show,COD,15,5,4,0,40-50,18.366666666666667,2.0,1.0,0.5,104,110,1838.335,0.03,0.0,0.0,0.0,0.0,0,0,0.0,0.0,0,0,0.0,0.0,0,0,0.0,3676.67,2,1,0.5,1
LGS2ORD0017128,C015211,2025-05-16 15:00:00,Other,41,Platinum,Shopee,Phuket,525,Shopee,Credit_Card,15,5,4,0,40-50,17.5,3.0,0.0,0.0,-1,34,7465.906666666666,0.35,0.3333333333333333,0.3333333333333333,0.0,0.0,0,0,0.0,0.0,0,0,0.0,2814.35,2,0,0.0,22397.719999999998,3,0,0.0,0
LGS2ORD0017129,C011408,2025-05-16 15:00:00,Female,40,Platinum,TV,Phuket,477,Web,COD,15,5,4,0,30-40,15.9,1.0,0.0,0.0,-1,62,10537.5,0.15,0.0,0.0,0.0,0.0,0,0,0.0,0.0,0,0,0.0,10537.5,1,0,0.0,10537.5,1,0,0.0,0
LGS2ORD0017130,C011753,2025-05-16 16:00:00,Female,40,Bronze,TV,Chiang Mai,1484,Web,COD,16,5,4,0,30-40,49.46666666666667,3.0,1.0,0.3333333333333333,88,13,8321.800000000001,0.28,0.0,0.3333333333333333,0.0,0.0,0,0,0.0,8051.08,1,0,0.0,8051.08,1,0,0.0,24965.4,3,1,0.3333333333333333,0
LGS2ORD0017131,C011876,2025-05-16 16:00:00,Male,72,Bronze,CallCenter,Chonburi,375,CallCenter,Bank_Transfer,16,5,4,0,>50,12.5,5.0,0.0,0.0,-1,1,5209.902,0.23,0.2,0.4,0.0,1492.06,1,0,0.0,1492.06,1,0,0.0,22430.480000000003,3,0,0.0,26049.510000000002,5,0,0.0,0
LGS2ORD0017132,C014740,2025-05-16 16:00:00,Female,43,Bronze,CallCenter,Khon Kaen,576,TV_Show,COD,16,5,4,0,40-50,19.2,4.0,1.0,0.25,7,4,3743.5275,0.23,0.75,0.5,0.0,11045.099999999999,2,0,0.0,14974.11,4,1,0.25,14974.11,4,1,0.25,14974.11,4,1,0.25,0
LGS2ORD0017133,C012862,2025-05-16 16:00:00,Female,63,Silver,TV,Bangkok,595,CallCenter,Credit_Card,16,5,4,0,>50,19.833333333333332,1.0,0.0,0.0,-1,86,4129.24,0.2,1.0,0.0,0.0,0.0,0,0,0.0,0.0,0,0,0.0,4129.24,1,0,0.0,4129.24,1,0,0.0,0
LGS2ORD0017134,C011915,2025-05-16 16:00:00,Female,40,Platinum,Shopee,Bangkok,1336,Web,PromptPay,16,5,4,0,30-40,44.53333333333333,0.0,0.0,0.0,-1,-1,0.0,0.0,0.0,0.0,0.0,0.0,0,0,0.0,0.0,0,0,0.0,0.0,0,0,0.0,0.0,0,0,0.0,0
LGS2ORD0017135,C014883,2025-05-16 17:00:00,Female,42,Platinum,TV,Chiang Mai,386,Web,COD,17,5,4,0,40-50,12.866666666666667,2.0,1.0,0.5,2,7,942.8050000000001,0.3,0.0,1.0,0.0,0.0,0,0,0.0,1598.91,1,1,1.0,1598.91,1,1,1.0,1885.6100000000001,2,1,0.5,0
LGS2ORD0017136,C014110,2025-05-16 17:00:00,Male,60,Bronze,Shopee,Chiang Mai,667,TV_Show,Bank_Transfer,17,5,4,0,>50,22.233333333333334,4.0,0.0,0.0,-1,14,2629.3,0.23,0.5,0.25,0.0,0.0,0,0,0.0,9027.59,2,0,0.0,10313.95,3,0,0.0,10517.2,4,0,0.0,0
LGS2ORD0017137,C012043,2025-05-16 17:00:00,Female,30,Silver,Shopee,Remote_Area,351,Shopee,COD,17,5,4,0,20-30,11.7,2.0,0.0,0.0,-1,47,3775.985,0.2,0.5,0.0,0.0,0.0,0,0,0.0,0.0,0,0,0.0,7551.97,2,0,0.0,7551.97,2,0,0.0,1
LGS2ORD0017138,C017444,2025-05-16 17:00:00,Male,54,Bronze,TV,Chiang Mai,557,Lazada,Bank_Transfer,17,5,4,0,>50,18.566666666666666,7.0,2.0,0.2857142857142857,68,7,4533.8042857142855,0.28,0.7142857142857143,0.2857142857142857,0.0,0.0,0,0,0.0,5910.32,1,0,0.0,30840.41,6,1,0.16666666666666666,31736.63,7,2,0.2857142857142857,0
LGS2ORD0017139,C012875,2025-05-16 17:00:00,Female,48,Gold,Web,Bangkok,348,Lazada,COD,17,5,4,0,40-50,11.6,3.0,0.0,0.0,-1,24,15212.01,0.2299999999999999,0.6666666666666666,0.6666666666666666,0.0,0.0,0,0,0.0,3302.21,1,0,0.0,45636.03,3,0,0.0,45636.03,3,0,0.0,0
LGS2ORD0017140,C012752,2025-05-16 18:00:00,Male,71,Bronze,TV,Nakhon Ratchasima,1186,Web,COD,18,5,4,0,>50,39.53333333333333,2.0,1.0,0.5,50,24,6089.72,0.13,0.5,0.0,0.0,0.0,0,0,0.0,2274.77,1,0,0.0,12179.44,2,1,0.5,12179.44,2,1,0.5,0
LGS2ORD0017141,C015285,2025-05-16 18:00:00,Female,18,Silver,Shopee,Chiang Mai,1547,Shopee,Credit_Card,18,5,4,0,<20,51.56666666666667,1.0,1.0,1.0,8,19,2405.44,0.25,0.0,1.0,0.0,0.0,0,0,0.0,2405.44,1,1,1.0,2405.44,1,1,1.0,2405.44,1,1,1.0,0
LGS2ORD0017142,C011749,2025-05-16 18:00:00,Female,47,Bronze,TV,Khon Kaen,219,TV_Show,COD,18,5,4,0,40-50,7.3,5.0,1.0,0.2,-3,1,5919.715999999999,0.23,0.6,0.2,0.0,5696.36,2,1,0.5,5696.36,2,1,0.5,18248.37,4,1,0.25,29598.579999999998,5,1,0.2,1
LGS2ORD0017143,C017149,2025-05-16 18:00:00,Female,48,Silver,Web,Bangkok,1084,CallCenter,PromptPay,18,5,4,0,40-50,36.13333333333333,0.0,0.0,0.0,-1,-1,0.0,0.0,0.0,0.0,0.0,0.0,0,0,0.0,0.0,0,0,0.0,0.0,0,0,0.0,0.0,0,0,0.0,1
LGS2ORD0017144,C014933,2025-05-16 18:00:00,Male,58,Bronze,TV,Remote_Area,500,Lazada,COD,18,5,4,0,>50,16.666666666666668,2.0,1.0,0.5,41,48,1180.805,0.08,0.0,0.0,0.0,0.0,0,0,0.0,0.0,0,0,0.0,1777.54,1,1,1.0,2361.61,2,1,0.5,1
LGS2ORD0017145,C014352,2025-05-16 18:00:00,Female,40,Silver,Lazada,Nakhon Ratchasima,326,CallCenter,Credit_Card,18,5,4,0,30-40,10.866666666666667,2.0,1.0,0.5,37,50,6055.7300000000005,0.2,0.5,0.0,0.0,0.0,0,0,0.0,0.0,0,0,0.0,12111.460000000001,2,1,0.5,12111.460000000001,2,1,0.5,0
LGS2ORD0017146,C011340,2025-05-16 19:00:00,Female,57,Bronze,Web,Songkhla,602,TV_Show,Bank_Transfer,19,5,4,0,>50,20.066666666666666,3.0,0.0,0.0,-1,2,2757.9566666666665,0.28,0.6666666666666666,0.3333333333333333,0.0,1903.24,1,0,0.0,1903.24,1,0,0.0,6543.5199999999995,2,0,0.0,8273.869999999999,3,0,0.0,1
LGS2ORD0017147,C016124,2025-05-16 19:00:00,Male,27,Gold,Lazada,Chiang Mai,1347,CallCenter,COD,19,5,4,0,20-30,44.9,0.0,0.0,0.0,-1,-1,0.0,0.0,0.0,0.0,0.0,0.0,0,0,0.0,0.0,0,0,0.0,0.0,0,0,0.0,0.0,0,0,0.0,0
LGS2ORD0017148,C015837,2025-05-16 19:00:00,Other,62,Silver,TV,Songkhla,277,Shopee,COD,19,5,4,0,>50,9.233333333333333,3.0,1.0,0.3333333333333333,62,57,5466.453333333334,0.15,0.6666666666666666,0.0,0.0,0.0,0,0,0.0,0.0,0,0,0.0,16399.36,3,1,0.3333333333333333,16399.36,3,1,0.3333333333333333,1
LGS2ORD0017149,C013402,2025-05-16 19:00:00,Male,40,Bronze,TV,Phuket,533,Shopee,COD,19,5,4,0,30-40,17.766666666666666,5.0,2.0,0.4,19,4,3612.66,0.23,0.8,0.2,0.0,1862.98,1,0,0.0,11375.21,2,1,0.5,15751.609999999999,4,1,0.25,18063.3,5,2,0.4,1
LGS2ORD0017150,C013343,2025-05-16 19:00:00,Female,41,Bronze,CallCenter,Chonburi,832,Web,Credit_Card,19,5,4,0,40-50,27.733333333333334,4.0,2.0,0.5,45,19,1727.7975000000001,0.28,0.75,0.5,0.0,0.0,0,0,0.0,3523.56,1,0,0.0,6911.1900000000005,4,2,0.5,6911.1900000000005,4,2,0.5,0
LGS2ORD0017151,C016139,2025-05-16 20:00:00,Female,52,Bronze,TV,Phuket,1078,Web,Credit_Card,20,5,4,0,>50,35.93333333333333,3.0,0.0,0.0,-1,26,2191.58,0.28,0.0,0.3333333333333333,0.0,0.0,0,0,0.0,940.41,1,0,0.0,6574.74,3,0,0.0,6574.74,3,0,0.0,0
LGS2ORD0017152,C017946,2025-05-16 20:00:00,Male,40,Bronze,Web,Chonburi,562,Shopee,Credit_Card,20,5,4,0,30-40,18.733333333333334,0.0,0.0,0.0,-1,-1,0.0,0.0,0.0,0.0,0.0,0.0,0,0,0.0,0.0,0,0,0.0,0.0,0,0,0.0,0.0,0,0,0.0,0
LGS2ORD0017153,C015970,2025-05-16 20:00:00,Male,31,Gold,Web,Bangkok,1051,TV_Show,COD,20,5,4,0,30-40,35.03333333333333,2.0,0.0,0.0,-1,46,6554.77,0.28,0.0,0.5,0.0,0.0,0,0,0.0,0.0,0,0,0.0,7739.4,1,0,0.0,13109.54,2,0,0.0,1
LGS2ORD0017154,C012488,2025-05-16 20:00:00,Male,26,Gold,Web,Songkhla,792,Lazada,PromptPay,20,5,4,0,20-30,26.4,0.0,0.0,0.0,-1,-1,0.0,0.0,0.0,0.0,0.0,0.0,0,0,0.0,0.0,0,0,0.0,0.0,0,0,0.0,0.0,0,0,0.0,0
LGS2ORD0017155,C014085,2025-05-16 20:00:00,Female,40,Gold,Shopee,Khon Kaen,978,TV_Show,COD,20,5,4,0,30-40,32.6,6.0,1.0,0.16666666666666666,31,27,2307.8933333333334,0.2299999999999999,0.3333333333333333,0.5,0.0,0.0,0,0,0.0,5909.18,1,0,0.0,8454.39,3,1,0.3333333333333333,13847.36,6,1,0.16666666666666666,0
LGS2ORD0017156,C015450,2025-05-16 21:00:00,Female,38,Silver,Shopee,Chonburi,1087,Lazada,COD,21,5,4,0,30-40,36.233333333333334,1.0,0.0,0.0,-1,127,1512.49,0.3,0.0,1.0,0.0,0.0,0,0,0.0,0.0,0,0,0.0,0.0,0,0,0.0,1512.49,1,0,0.0,0
LGS2ORD0017157,C011138,2025-05-16 21:00:00,Male,51,Bronze,CallCenter,Phuket,222,Shopee,Credit_Card,21,5,4,0,>50,7.4,1.0,1.0,1.0,10,20,478.71,0.18,1.0,0.0,0.0,0.0,0,0,0.0,478.71,1,1,1.0,478.71,1,1,1.0,478.71,1,1,1.0,1
LGS2ORD0017158,C010824,2025-05-16 21:00:00,Male,34,Silver,TV,Khon Kaen,1110,TV_Show,Credit_Card,21,5,4,0,30-40,37.0,2.0,0.0,0.0,-1,57,17976.114999999998,0.25,1.0,0.5,0.0,0.0,0,0,0.0,0.0,0,0,0.0,35952.229999999996,2,0,0.0,35952.229999999996,2,0,0.0,0
LGS2ORD0017159,C016524,2025-05-16 21:00:00,Female,64,Platinum,CallCenter,Bangkok,1485,Shopee,Bank_Transfer,21,5,4,0,>50,49.5,5.0,2.0,0.4,101,28,5334.081999999999,0.3,0.8,0.4,0.0,0.0,0,0,0.0,2166.21,1,0,0.0,22040.85,3,0,0.0,26670.409999999996,5,2,0.4,0
LGS2ORD0017160,C013018,2025-05-16 21:00:00,Male,47,Bronze,TV,Chiang Mai,497,Shopee,Credit_Card,21,5,4,0,40-50,16.566666666666666,1.0,0.0,0.0,-1,13,9274.59,0.08,0.0,0.0,0.0,0.0,0,0,0.0,9274.59,1,0,0.0,9274.59,1,0,0.0,9274.59,1,0,0.0,0
LGS2ORD0017161,C015692,2025-05-16 21:00:00,Female,40,Bronze,TV,Bangkok,1049,Lazada,COD,21,5,4,0,30-40,34.96666666666667,3.0,1.0,0.3333333333333333,61,62,2727.0066666666667,0.28,0.0,0.6666666666666666,0.0,0.0,0,0,0.0,0.0,0,0,0.0,5674.410000000001,2,1,0.5,8181.02,3,1,0.3333333333333333,0
LGS2ORD0017162,C010245,2025-05-16 22:00:00,Male,31,Platinum,Lazada,Bangkok,1420,Shopee,PromptPay,22,5,4,0,30-40,47.333333333333336,0.0,0.0,0.0,-1,-1,0.0,0.0,0.0,0.0,0.0,0.0,0,0,0.0,0.0,0,0,0.0,0.0,0,0,0.0,0.0,0,0,0.0,0
LGS2ORD0017163,C014443,2025-05-16 22:00:00,Male,47,Silver,TV,Remote_Area,1492,TV_Show,COD,22,5,4,0,40-50,49.733333333333334,6.0,3.0,0.5,2,9,11884.775,0.25,0.8333333333333334,0.5,0.0,0.0,0,0,0.0,17926.79,2,1,0.5,70398.17,5,3,0.6,71308.65,6,3,0.5,1
LGS2ORD0017164,C016047,2025-05-16 22:00:00,Male,25,Bronze,Shopee,Nakhon Ratchasima,1000,Lazada,Bank_Transfer,22,5,4,0,20-30,33.333333333333336,1.0,1.0,1.0,70,74,1800.7,0.18,1.0,0.0,0.0,0.0,0,0,0.0,0.0,0,0,0.0,1800.7,1,1,1.0,1800.7,1,1,1.0,0
LGS2ORD0017165,C012005,2025-05-16 22:00:00,Male,71,Gold,TV,Nakhon Ratchasima,1435,Web,Credit_Card,22,5,4,0,>50,47.833333333333336,3.0,0.0,0.0,-1,13,3882.07,0.33,0.3333333333333333,0.6666666666666666,0.0,0.0,0,0,0.0,143.62,1,0,0.0,4292.64,2,0,0.0,11646.210000000001,3,0,0.0,0
LGS2ORD0017166,C011273,2025-05-16 22:00:00,Female,45,Silver,Web,Bangkok,1310,Lazada,PromptPay,22,5,4,0,40-50,43.666666666666664,1.0,1.0,1.0,38,46,2350.76,0.1,1.0,0.0,0.0,0.0,0,0,0.0,0.0,0,0,0.0,2350.76,1,1,1.0,2350.76,1,1,1.0,0
LGS2ORD0017167,C015769,2025-05-16 23:00:00,Male,25,Bronze,TV,Chonburi,792,CallCenter,COD,23,5,4,0,20-30,26.4,3.0,2.0,0.6666666666666666,106,34,2917.3233333333333,0.18,0.6666666666666666,0.0,0.0,0.0,0,0,0.0,0.0,0,0,0.0,1620.76,1,0,0.0,8751.97,3,2,0.6666666666666666,1
LGS2ORD0017168,C015698,2025-05-16 23:00:00,Male,35,Bronze,Web,Remote_Area,276,Web,PromptPay,23,5,4,0,30-40,9.2,1.0,0.0,0.0,-1,134,5527.77,0.03,0.0,0.0,0.0,0.0,0,0,0.0,0.0,0,0,0.0,0.0,0,0,0.0,5527.77,1,0,0.0,0
LGS2ORD0017169,C012340,2025-05-16 23:00:00,Male,63,Bronze,TV,Phuket,429,TV_Show,PromptPay,23,5,4,0,>50,14.3,0.0,0.0,0.0,-1,-1,0.0,0.0,0.0,0.0,0.0,0.0,0,0,0.0,0.0,0,0,0.0,0.0,0,0,0.0,0.0,0,0,0.0,0
LGS2ORD0017170,C011838,2025-05-16 23:00:00,Male,32,Silver,Web,Remote_Area,1361,TV_Show,COD,23,5,4,0,30-40,45.36666666666667,4.0,2.0,0.5,25,30,2939.245,0.3,0.75,0.5,0.0,0.0,0,0,0.0,0.0,0,0,0.0,11756.98,4,2,0.5,11756.98,4,2,0.5,0
LGS2ORD0017171,C011232,2025-05-16 23:00:00,Male,47,Bronze,Web,Chiang Mai,1481,Web,COD,23,5,4,0,40-50,49.36666666666667,2.0,0.0,0.0,-1,30,5058.8,0.08,0.5,0.0,0.0,0.0,0,0,0.0,0.0,0,0,0.0,10117.6,2,0,0.0,10117.6,2,0,0.0,0
LGS2ORD0017172,C013242,2025-05-17 00:00:00,Male,59,Bronze,Lazada,Bangkok,883,CallCenter,Credit_Card,0,5,5,1,>50,29.433333333333334,1.0,0.0,0.0,-1,8,6620.18,0.08,0.0,0.0,0.0,0.0,0,0,0.0,6620.18,1,0,0.0,6620.18,1,0,0.0,6620.18,1,0,0.0,1
LGS2ORD0017173,C013737,2025-05-17 00:00:00,Male,39,Bronze,Web,Chonburi,971,Shopee,Bank_Transfer,0,5,5,1,30-40,32.36666666666667,2.0,2.0,1.0,57,65,799.935,0.18,1.0,0.0,0.0,0.0,0,0,0.0,0.0,0,0,0.0,868.25,1,1,1.0,1599.87,2,2,1.0,0
LGS2ORD0017174,C013826,2025-05-17 00:00:00,Male,44,Gold,CallCenter,Khon Kaen,1180,Web,PromptPay,0,5,5,1,40-50,39.333333333333336,1.0,0.0,0.0,-1,35,504.93,0.28,0.0,1.0,0.0,0.0,0,0,0.0,0.0,0,0,0.0,504.93,1,0,0.0,504.93,1,0,0.0,0
LGS2ORD0017175,C012701,2025-05-17 00:00:00,Female,33,Bronze,Web,Bangkok,1062,TV_Show,PromptPay,0,5,5,1,30-40,35.4,0.0,0.0,0.0,-1,-1,0.0,0.0,0.0,0.0,0.0,0.0,0,0,0.0,0.0,0,0,0.0,0.0,0,0,0.0,0.0,0,0,0.0,1
LGS2ORD0017176,C013619,2025-05-17 00:00:00,Female,41,Silver,Shopee,Khon Kaen,1440,Web,Credit_Card,0,5,5,1,40-50,48.0,2.0,1.0,0.5,79,96,4356.245,0.1,0.0,0.0,0.0,0.0,0,0,0.0,0.0,0,0,0.0,0.0,0,0,0.0,8712.49,2,1,0.5,0
LGS2ORD0017177,C016356,2025-05-17 01:00:00,Female,41,Gold,Lazada,Bangkok,714,Shopee,Credit_Card,1,5,5,1,40-50,23.8,1.0,0.0,0.0,-1,7,1521.03,0.08,0.0,0.0,0.0,0.0,0,0,0.0,1521.03,1,0,0.0,1521.03,1,0,0.0,1521.03,1,0,0.0,0
LGS2ORD0017178,C013424,2025-05-17 01:00:00,Male,62,Bronze,Web,Chonburi,932,Shopee,PromptPay,1,5,5,1,>50,31.066666666666666,4.0,1.0,0.25,88,61,9635.94,0.18,1.0,0.0,0.0,0.0,0,0,0.0,0.0,0,0,0.0,31009.77,2,0,0.0,38543.76,4,1,0.25,0
LGS2ORD0017179,C017276,2025-05-17 01:00:00,Female,37,Bronze,Web,Bangkok,908,Lazada,COD,1,5,5,1,30-40,30.266666666666666,2.0,1.0,0.5,90,105,3679.5550000000003,0.18,0.5,0.0,0.0,0.0,0,0,0.0,0.0,0,0,0.0,0.0,0,0,0.0,7359.110000000001,2,1,0.5,0
LGS2ORD0017180,C010445,2025-05-17 01:00:00,Male,40,Gold,Web,Bangkok,1389,Shopee,COD,1,5,5,1,30-40,46.3,2.0,0.0,0.0,-1,17,3723.125,0.18,1.0,0.0,0.0,0.0,0,0,0.0,3904.86,1,0,0.0,7446.25,2,0,0.0,7446.25,2,0,0.0,0
LGS2ORD0017181,C017259,2025-05-17 01:00:00,Male,57,Bronze,Shopee,Khon Kaen,574,Web,COD,1,5,5,1,>50,19.133333333333333,2.0,0.0,0.0,-1,44,3096.11,0.18,1.0,0.0,0.0,0.0,0,0,0.0,0.0,0,0,0.0,6192.22,2,0,0.0,6192.22,2,0,0.0,0
LGS2ORD0017182,C013034,2025-05-17 01:00:00,Male,31,Platinum,Web,Chiang Mai,1001,Lazada,Credit_Card,1,5,5,1,30-40,33.36666666666667,0.0,0.0,0.0,-1,-1,0.0,0.0,0.0,0.0,0.0,0.0,0,0,0.0,0.0,0,0,0.0,0.0,0,0,0.0,0.0,0,0,0.0,0
LGS2ORD0017183,C015438,2025-05-17 02:00:00,Male,61,Silver,CallCenter,Khon Kaen,707,Lazada,Credit_Card,2,5,5,1,>50,23.566666666666666,0.0,0.0,0.0,-1,-1,0.0,0.0,0.0,0.0,0.0,0.0,0,0,0.0,0.0,0,0,0.0,0.0,0,0,0.0,0.0,0,0,0.0,0
LGS2ORD0017184,C015619,2025-05-17 02:00:00,Female,36,Bronze,Web,Chiang Mai,240,Shopee,COD,2,5,5,1,30-40,8.0,2.0,1.0,0.5,88,52,1977.555,0.18,0.0,0.0,0.0,0.0,0,0,0.0,0.0,0,0,0.0,1018.5,1,0,0.0,3955.11,2,1,0.5,0
LGS2ORD0017185,C015990,2025-05-17 02:00:00,Female,47,Platinum,Web,Bangkok,1313,Web,Credit_Card,2,5,5,1,40-50,43.766666666666666,0.0,0.0,0.0,-1,-1,0.0,0.0,0.0,0.0,0.0,0.0,0,0,0.0,0.0,0,0,0.0,0.0,0,0,0.0,0.0,0,0,0.0,0
LGS2ORD0017186,C015116,2025-05-17 02:00:00,Male,37,Silver,Web,Bangkok,258,Web,COD,2,5,5,1,30-40,8.6,2.0,0.0,0.0,-1,1,9435.675,0.1,0.5,0.0,0.0,10114.51,1,0,0.0,10114.51,1,0,0.0,18871.35,2,0,0.0,18871.35,2,0,0.0,1
LGS2ORD0017187,C014551,2025-05-17 02:00:00,Female,40,Bronze,CallCenter,Chiang Mai,678,Shopee,COD,2,5,5,1,30-40,22.6,1.0,0.0,0.0,-1,2,1011.94,0.18,0.0,0.0,0.0,1011.94,1,0,0.0,1011.94,1,0,0.0,1011.94,1,0,0.0,1011.94,1,0,0.0,1
LGS2ORD0017188,C014396,2025-05-17 03:00:00,Male,37,Bronze,Shopee,Chiang Mai,1509,Web,PromptPay,3,5,5,1,30-40,50.3,2.0,0.0,0.0,-1,29,7085.88,0.08,0.5,0.0,0.0,0.0,0,0,0.0,10002.01,1,0,0.0,14171.76,2,0,0.0,14171.76,2,0,0.0,1
LGS2ORD0017189,C017626,2025-05-17 03:00:00,Female,47,Gold,Web,Chiang Mai,639,TV_Show,Credit_Card,3,5,5,1,40-50,21.3,2.0,1.0,0.5,102,107,1062.1,0.28,1.0,1.0,0.0,0.0,0,0,0.0,0.0,0,0,0.0,0.0,0,0,0.0,2124.2,2,1,0.5,0
LGS2ORD0017190,C016629,2025-05-17 03:00:00,Male,29,Gold,Web,Bangkok,615,Lazada,Credit_Card,3,5,5,1,20-30,20.5,5.0,1.0,0.2,61,18,12090.173999999999,0.2299999999999999,0.4,0.2,0.0,0.0,0,0,0.0,8077.84,1,0,0.0,54244.78,4,1,0.25,60450.869999999995,5,1,0.2,0
LGS2ORD0017191,C016699,2025-05-17 03:00:00,Female,41,Silver,Web,Khon Kaen,1487,Lazada,Credit_Card,3,5,5,1,40-50,49.56666666666667,1.0,0.0,0.0,-1,110,3195.22,0.2,1.0,0.0,0.0,0.0,0,0,0.0,0.0,0,0,0.0,0.0,0,0,0.0,3195.22,1,0,0.0,0
LGS2ORD0017192,C011391,2025-05-17 03:00:00,Male,50,Bronze,Web,Bangkok,541,CallCenter,COD,3,5,5,1,40-50,18.033333333333335,3.0,0.0,0.0,-1,24,1568.01,0.18,0.6666666666666666,0.0,0.0,0.0,0,0,0.0,479.9,1,0,0.0,4704.03,3,0,0.0,4704.03,3,0,0.0,1
LGS2ORD0017193,C016619,2025-05-17 04:00:00,Female,41,Silver,Shopee,Khon Kaen,800,Shopee,COD,4,5,5,1,40-50,26.666666666666668,3.0,0.0,0.0,-1,96,3396.3233333333333,0.3,0.0,0.6666666666666666,0.0,0.0,0,0,0.0,0.0,0,0,0.0,0.0,0,0,0.0,10188.97,3,0,0.0,0
LGS2ORD0017194,C014238,2025-05-17 04:00:00,Female,66,Silver,TV,Khon Kaen,1159,Web,Bank_Transfer,4,5,5,1,>50,38.63333333333333,3.0,2.0,0.6666666666666666,2,6,9233.526666666667,0.25,0.6666666666666666,0.3333333333333333,0.0,10103.71,1,1,1.0,10103.71,1,1,1.0,18256.399999999998,2,2,1.0,27700.579999999998,3,2,0.6666666666666666,0
LGS2ORD0017195,C014714,2025-05-17 04:00:00,Female,66,Gold,CallCenter,Bangkok,717,Shopee,Credit_Card,4,5,5,1,>50,23.9,1.0,0.0,0.0,-1,78,9456.15,0.08,1.0,0.0,0.0,0.0,0,0,0.0,0.0,0,0,0.0,9456.15,1,0,0.0,9456.15,1,0,0.0,0
LGS2ORD0017196,C016315,2025-05-17 04:00:00,Male,41,Bronze,Shopee,Khon Kaen,977,Shopee,COD,4,5,5,1,40-50,32.56666666666667,0.0,0.0,0.0,-1,-1,0.0,0.0,0.0,0.0,0.0,0.0,0,0,0.0,0.0,0,0,0.0,0.0,0,0,0.0,0.0,0,0,0.0,0
LGS2ORD0017197,C010337,2025-05-17 04:00:00,Male,56,Bronze,TV,Chonburi,1390,Web,Credit_Card,4,5,5,1,>50,46.333333333333336,2.0,1.0,0.5,79,89,7342.84,0.23,0.5,1.0,0.0,0.0,0,0,0.0,0.0,0,0,0.0,12932.16,1,1,1.0,14685.68,2,1,0.5,0
LGS2ORD0017198,C011194,2025-05-17 05:00:00,Female,49,Silver,Lazada,Bangkok,167,TV_Show,COD,5,5,5,1,40-50,5.566666666666666,0.0,0.0,0.0,-1,-1,0.0,0.0,0.0,0.0,0.0,0.0,0,0,0.0,0.0,0,0,0.0,0.0,0,0,0.0,0.0,0,0,0.0,0
LGS2ORD0017199,C013112,2025-05-17 05:00:00,Male,29,Silver,Lazada,Khon Kaen,205,TV_Show,COD,5,5,5,1,20-30,6.833333333333333,0.0,0.0,0.0,-1,-1,0.0,0.0,0.0,0.0,0.0,0.0,0,0,0.0,0.0,0,0,0.0,0.0,0,0,0.0,0.0,0,0,0.0,0
LGS2ORD0017200,C013674,2025-05-17 05:00:00,Male,47,Gold,TV,Remote_Area,575,TV_Show,PromptPay,5,5,5,1,40-50,19.166666666666668,0.0,0.0,0.0,-1,-1,0.0,0.0,0.0,0.0,0.0,0.0,0,0,0.0,0.0,0,0,0.0,0.0,0,0,0.0,0.0,0,0,0.0,1
LGS2ORD0017201,C012173,2025-05-17 05:00:00,Male,40,Bronze,Shopee,Songkhla,405,Web,COD,5,5,5,1,30-40,13.5,2.0,0.0,0.0,-1,43,5530.3949999999995,0.23,1.0,0.5,0.0,0.0,0,0,0.0,0.0,0,0,0.0,11060.789999999999,2,0,0.0,11060.789999999999,2,0,0.0,1
LGS2ORD0017202,C017436,2025-05-17 05:00:00,Female,41,Bronze,Web,Phuket,1108,Lazada,Bank_Transfer,5,5,5,1,40-50,36.93333333333333,1.0,1.0,1.0,7,10,1610.91,0.23,0.0,1.0,0.0,0.0,0,0,0.0,1610.91,1,1,1.0,1610.91,1,1,1.0,1610.91,1,1,1.0,1
LGS2ORD0017203,C013740,2025-05-17 05:00:00,Male,42,Bronze,Shopee,Bangkok,1031,TV_Show,Credit_Card,5,5,5,1,40-50,34.36666666666667,2.0,0.0,0.0,-1,76,5177.6,0.03,0.5,0.0,0.0,0.0,0,0,0.0,0.0,0,0,0.0,3247.74,1,0,0.0,10355.2,2,0,0.0,0
LGS2ORD0017204,C014401,2025-05-17 06:00:00,Male,44,Platinum,Web,Khon Kaen,212,Lazada,PromptPay,6,5,5,1,40-50,7.066666666666666,2.0,1.0,0.5,73,86,20863.8,0.3,0.5,0.5,0.0,0.0,0,0,0.0,0.0,0,0,0.0,41727.6,2,1,0.5,41727.6,2,1,0.5,0
LGS2ORD0017205,C015161,2025-05-17 06:00:00,Male,51,Silver,TV,Phuket,628,CallCenter,Credit_Card,6,5,5,1,>50,20.933333333333334,0.0,0.0,0.0,-1,-1,0.0,0.0,0.0,0.0,0.0,0.0,0,0,0.0,0.0,0,0,0.0,0.0,0,0,0.0,0.0,0,0,0.0,0
LGS2ORD0017206,C012700,2025-05-17 06:00:00,Male,34,Platinum,TV,Chiang Mai,491,TV_Show,Credit_Card,6,5,5,1,30-40,16.366666666666667,4.0,2.0,0.5,96,41,3798.1025,0.35,0.75,1.0,0.0,0.0,0,0,0.0,0.0,0,0,0.0,2944.8,1,0,0.0,15192.41,4,2,0.5,0
LGS2ORD0017207,C014043,2025-05-17 06:00:00,Female,40,Silver,Shopee,Chonburi,1579,CallCenter,COD,6,5,5,1,30-40,52.63333333333333,2.0,1.0,0.5,112,64,7945.115,0.3,0.5,1.0,0.0,0.0,0,0,0.0,0.0,0,0,0.0,3523.25,1,0,0.0,15890.23,2,1,0.5,1
LGS2ORD0017208,C012271,2025-05-17 06:00:00,Female,42,Bronze,CallCenter,Chonburi,427,Lazada,PromptPay,6,5,5,1,40-50,14.233333333333333,3.0,1.0,0.3333333333333333,41,33,9363.113333333333,0.23,1.0,0.3333333333333333,0.0,0.0,0,0,0.0,0.0,0,0,0.0,28089.34,3,1,0.3333333333333333,28089.34,3,1,0.3333333333333333,0
LGS2ORD0017209,C015991,2025-05-17 07:00:00,Female,41,Silver,Shopee,Nakhon Ratchasima,495,Lazada,PromptPay,7,5,5,1,40-50,16.5,4.0,0.0,0.0,-1,37,3175.9025,0.25,0.5,0.25,0.0,0.0,0,0,0.0,0.0,0,0,0.0,3789.72,2,0,0.0,12703.61,4,0,0.0,0
LGS2ORD0017210,C010010,2025-05-17 07:00:00,Male,35,Silver,Shopee,Chiang Mai,1193,Web,COD,7,5,5,1,30-40,39.766666666666666,2.0,0.0,0.0,-1,14,5587.67,0.2,0.0,0.0,0.0,0.0,0,0,0.0,1786.94,1,0,0.0,1786.94,1,0,0.0,11175.34,2,0,0.0,1
LGS2ORD0017211,C014608,2025-05-17 07:00:00,Female,50,Bronze,Lazada,Nakhon Ratchasima,1435,Lazada,COD,7,5,5,1,40-50,47.833333333333336,5.0,2.0,0.4,1,10,6952.998,0.23,0.6,0.4,0.0,0.0,0,0,0.0,23801.399999999998,2,1,0.5,34764.99,5,2,0.4,34764.99,5,2,0.4,1
LGS2ORD0017212,C016117,2025-05-17 07:00:00,Female,55,Bronze,TV,Nakhon Ratchasima,1135,Web,COD,7,5,5,1,>50,37.833333333333336,2.0,2.0,1.0,22,29,2660.455,0.23,0.5,0.5,0.0,0.0,0,0,0.0,1219.95,1,1,1.0,5320.91,2,2,1.0,5320.91,2,2,1.0,0
LGS2ORD0017213,C012132,2025-05-17 07:00:00,Female,47,Bronze,CallCenter,Bangkok,559,CallCenter,COD,7,5,5,1,40-50,18.633333333333333,2.0,1.0,0.5,84,91,721.775,0.23,1.0,0.5,0.0,0.0,0,0,0.0,0.0,0,0,0.0,0.0,0,0,0.0,1443.55,2,1,0.5,0
LGS2ORD0017214,C017080,2025-05-17 08:00:00,Other,40,Gold,Shopee,Remote_Area,191,CallCenter,COD,8,5,5,1,30-40,6.366666666666666,1.0,0.0,0.0,-1,114,10752.61,0.08,0.0,0.0,0.0,0.0,0,0,0.0,0.0,0,0,0.0,0.0,0,0,0.0,10752.61,1,0,0.0,0
LGS2ORD0017215,C013698,2025-05-17 08:00:00,Female,24,Bronze,TV,Remote_Area,468,Web,Credit_Card,8,5,5,1,20-30,15.6,4.0,2.0,0.5,21,25,3216.8525,0.28,0.5,0.5,0.0,0.0,0,0,0.0,2631.34,1,1,1.0,11751.17,3,2,0.6666666666666666,12867.41,4,2,0.5,0
LGS2ORD0017216,C013724,2025-05-17 08:00:00,Female,37,Silver,Lazada,Remote_Area,1274,TV_Show,Bank_Transfer,8,5,5,1,30-40,42.46666666666667,3.0,1.0,0.3333333333333333,22,31,2831.4066666666663,0.25,0.6666666666666666,0.3333333333333333,0.0,0.0,0,0,0.0,0.0,0,0,0.0,4475.99,2,1,0.5,8494.22,3,1,0.3333333333333333,1
LGS2ORD0017217,C013728,2025-05-17 08:00:00,Male,35,Bronze,Web,Chiang Mai,1554,Lazada,Credit_Card,8,5,5,1,30-40,51.8,1.0,0.0,0.0,-1,45,2575.06,0.28,0.0,1.0,0.0,0.0,0,0,0.0,0.0,0,0,0.0,2575.06,1,0,0.0,2575.06,1,0,0.0,0
LGS2ORD0017218,C013200,2025-05-17 08:00:00,Male,41,Silver,Lazada,Bangkok,1134,Lazada,COD,8,5,5,1,40-50,37.8,2.0,0.0,0.0,-1,96,2748.3199999999997,0.2,0.5,0.0,0.0,0.0,0,0,0.0,0.0,0,0,0.0,0.0,0,0,0.0,5496.639999999999,2,0,0.0,1
LGS2ORD0017219,C017980,2025-05-17 09:00:00,Female,49,Bronze,TV,Chiang Mai,810,Shopee,PromptPay,9,5,5,1,40-50,27.0,2.0,0.0,0.0,-1,9,10408.22,0.13,0.0,0.0,0.0,0.0,0,0,0.0,18753.64,1,0,0.0,20816.44,2,0,0.0,20816.44,2,0,0.0,0
LGS2ORD0017220,C015982,2025-05-17 09:00:00,Male,29,Gold,CallCenter,Songkhla,626,Lazada,Credit_Card,9,5,5,1,20-30,20.866666666666667,0.0,0.0,0.0,-1,-1,0.0,0.0,0.0,0.0,0.0,0.0,0,0,0.0,0.0,0,0,0.0,0.0,0,0,0.0,0.0,0,0,0.0,1
LGS2ORD0017221,C011453,2025-05-17 09:00:00,Female,45,Silver,CallCenter,Remote_Area,694,Web,Credit_Card,9,5,5,1,40-50,23.133333333333333,1.0,1.0,1.0,73,77,1861.55,0.05,1.0,0.0,0.0,0.0,0,0,0.0,0.0,0,0,0.0,1861.55,1,1,1.0,1861.55,1,1,1.0,0
LGS2ORD0017222,C015067,2025-05-17 09:00:00,Male,50,Bronze,Web,Remote_Area,1209,CallCenter,COD,9,5,5,1,40-50,40.3,0.0,0.0,0.0,-1,-1,0.0,0.0,0.0,0.0,0.0,0.0,0,0,0.0,0.0,0,0,0.0,0.0,0,0,0.0,0.0,0,0,0.0,1
LGS2ORD0017223,C016731,2025-05-17 09:00:00,Female,48,Gold,Shopee,Songkhla,272,Shopee,COD,9,5,5,1,40-50,9.066666666666666,3.0,1.0,0.3333333333333333,70,45,3445.2233333333334,0.33,0.3333333333333333,0.6666666666666666,0.0,0.0,0,0,0.0,0.0,0,0,0.0,4317.34,2,1,0.5,10335.67,3,1,0.3333333333333333,0
LGS2ORD0017224,C014017,2025-05-17 09:00:00,Male,31,Platinum,CallCenter,Bangkok,571,Shopee,Credit_Card,9,5,5,1,30-40,19.033333333333335,2.0,1.0,0.5,46,45,2487.565,0.25,1.0,0.5,0.0,0.0,0,0,0.0,0.0,0,0,0.0,4975.13,2,1,0.5,4975.13,2,1,0.5,1
LGS2ORD0017225,C013357,2025-05-17 10:00:00,Female,33,Bronze,Shopee,Chonburi,1484,Lazada,Credit_Card,10,5,5,1,30-40,49.46666666666667,2.0,0.0,0.0,-1,126,1507.7849999999999,0.23,0.0,0.5,0.0,0.0,0,0,0.0,0.0,0,0,0.0,0.0,0,0,0.0,3015.5699999999997,2,0,0.0,0
LGS2ORD0017226,C016919,2025-05-17 10:00:00,Female,18,Bronze,Web,Bangkok,913,TV_Show,COD,10,5,5,1,<20,30.433333333333334,0.0,0.0,0.0,-1,-1,0.0,0.0,0.0,0.0,0.0,0.0,0,0,0.0,0.0,0,0,0.0,0.0,0,0,0.0,0.0,0,0,0.0,0
LGS2ORD0017227,C010722,2025-05-17 10:00:00,Female,37,Bronze,Lazada,Chiang Mai,545,Shopee,COD,10,5,5,1,30-40,18.166666666666668,2.0,1.0,0.5,-7,6,1179.955,0.18,1.0,0.0,0.0,1508.77,1,1,1.0,1508.77,1,1,1.0,2359.91,2,1,0.5,2359.91,2,1,0.5,0
LGS2ORD0017228,C014346,2025-05-17 10:00:00,Female,62,Silver,Web,Chiang Mai,937,TV_Show,COD,10,5,5,1,>50,31.233333333333334,4.0,1.0,0.25,79,18,8449.79,0.25,0.75,0.5,0.0,0.0,0,0,0.0,2306.73,1,0,0.0,10823.779999999999,3,1,0.3333333333333333,33799.16,4,1,0.25,0
LGS2ORD0017229,C013423,2025-05-17 10:00:00,Female,44,Gold,TV,Songkhla,1561,Web,COD,10,5,5,1,40-50,52.03333333333333,0.0,0.0,0.0,-1,-1,0.0,0.0,0.0,0.0,0.0,0.0,0,0,0.0,0.0,0,0,0.0,0.0,0,0,0.0,0.0,0,0,0.0,0
LGS2ORD0017230,C015511,2025-05-17 11:00:00,Male,57,Silver,CallCenter,Bangkok,453,Lazada,Credit_Card,11,5,5,1,>50,15.1,3.0,0.0,0.0,-1,49,17232.216666666667,0.2,0.6666666666666666,0.0,0.0,0.0,0,0,0.0,0.0,0,0,0.0,51696.65,3,0,0.0,51696.65,3,0,0.0,0
LGS2ORD0017231,C011372,2025-05-17 11:00:00,Male,72,Bronze,TV,Chiang Mai,211,Shopee,Credit_Card,11,5,5,1,>50,7.033333333333333,4.0,1.0,0.25,107,7,3384.3300000000004,0.28,0.5,0.5,0.0,0.0,0,0,0.0,4916.42,1,0,0.0,10555.44,3,0,0.0,13537.320000000002,4,1,0.25,0
LGS2ORD0017232,C013270,2025-05-17 11:00:00,Female,38,Bronze,TV,Khon Kaen,1184,TV_Show,PromptPay,11,5,5,1,30-40,39.46666666666667,5.0,1.0,0.2,111,26,7053.906,0.28,0.8,0.6,0.0,0.0,0,0,0.0,20405.28,1,0,0.0,30396.37,3,0,0.0,35269.53,5,1,0.2,0
LGS2ORD0017233,C011129,2025-05-17 11:00:00,Female,47,Silver,Web,Khon Kaen,812,Web,COD,11,5,5,1,40-50,27.066666666666666,4.0,2.0,0.5,44,37,2909.8525,0.25,0.75,0.5,0.0,0.0,0,0,0.0,0.0,0,0,0.0,10302.31,3,2,0.6666666666666666,11639.41,4,2,0.5,0
LGS2ORD0017234,C011345,2025-05-17 11:00:00,Male,34,Silver,Shopee,Khon Kaen,1112,CallCenter,COD,11,5,5,1,30-40,37.06666666666667,1.0,0.0,0.0,-1,28,1751.51,0.1,1.0,0.0,0.0,0.0,0,0,0.0,1751.51,1,0,0.0,1751.51,1,0,0.0,1751.51,1,0,0.0,0
LGS2ORD0017235,C013218,2025-05-17 12:00:00,Male,50,Silver,Web,Bangkok,368,Web,COD,12,5,5,1,40-50,12.266666666666667,2.0,1.0,0.5,70,12,1043.3400000000001,0.25,0.5,0.5,0.0,0.0,0,0,0.0,1741.18,1,0,0.0,2086.6800000000003,2,1,0.5,2086.6800000000003,2,1,0.5,1
LGS2ORD0017236,C012766,2025-05-17 12:00:00,Male,33,Platinum,Shopee,Chiang Mai,151,TV_Show,COD,12,5,5,1,30-40,5.033333333333333,2.0,0.0,0.0,-1,34,3647.88,0.2,0.5,0.0,0.0,0.0,0,0,0.0,0.0,0,0,0.0,7295.76,2,0,0.0,7295.76,2,0,0.0,1
LGS2ORD0017237,C010053,2025-05-17 12:00:00,Female,47,Platinum,Shopee,Nakhon Ratchasima,1043,Web,PromptPay,12,5,5,1,40-50,34.766666666666666,3.0,0.0,0.0,-1,77,3528.03,0.15,0.3333333333333333,0.0,0.0,0.0,0,0,0.0,0.0,0,0,0.0,1909.5,1,0,0.0,10584.09,3,0,0.0,0
LGS2ORD0017238,C013660,2025-05-17 12:00:00,Female,36,Gold,Lazada,Chiang Mai,1463,Lazada,Credit_Card,12,5,5,1,30-40,48.766666666666666,0.0,0.0,0.0,-1,-1,0.0,0.0,0.0,0.0,0.0,0.0,0,0,0.0,0.0,0,0,0.0,0.0,0,0,0.0,0.0,0,0,0.0,1
LGS2ORD0017239,C015010,2025-05-17 12:00:00,Female,41,Bronze,Shopee,Bangkok,344,Web,Bank_Transfer,12,5,5,1,40-50,11.466666666666667,1.0,0.0,0.0,-1,90,959.19,0.03,0.0,0.0,0.0,0.0,0,0,0.0,0.0,0,0,0.0,0.0,0,0,0.0,959.19,1,0,0.0,0
LGS2ORD0017240,C017699,2025-05-17 13:00:00,Female,46,Platinum,Shopee,Bangkok,967,TV_Show,COD,13,5,5,1,40-50,32.233333333333334,2.0,1.0,0.5,10,24,6410.62,0.35,0.5,1.0,0.0,0.0,0,0,0.0,3238.16,1,1,1.0,12821.24,2,1,0.5,12821.24,2,1,0.5,1
LGS2ORD0017241,C013100,2025-05-17 13:00:00,Male,41,Silver,Lazada,Songkhla,343,CallCenter,Credit_Card,13,5,5,1,40-50,11.433333333333334,2.0,1.0,0.5,-4,13,8614.175,0.25,1.0,0.5,0.0,0.0,0,0,0.0,12613.09,1,1,1.0,12613.09,1,1,1.0,17228.35,2,1,0.5,1
LGS2ORD0017242,C013058,2025-05-17 13:00:00,Female,24,Bronze,CallCenter,Chonburi,1543,Web,COD,13,5,5,1,20-30,51.43333333333333,3.0,0.0,0.0,-1,73,2328.43,0.18,0.6666666666666666,0.0,0.0,0.0,0,0,0.0,0.0,0,0,0.0,4152.15,2,0,0.0,6985.29,3,0,0.0,1
LGS2ORD0017243,C015472,2025-05-17 13:00:00,Female,63,Bronze,Web,Nakhon Ratchasima,182,Web,PromptPay,13,5,5,1,>50,6.066666666666666,2.0,0.0,0.0,-1,9,17483.265,0.03,1.0,0.0,0.0,0.0,0,0,0.0,14745.0,1,0,0.0,14745.0,1,0,0.0,34966.53,2,0,0.0,0
LGS2ORD0017244,C014689,2025-05-17 13:00:00,Male,37,Silver,Shopee,Chiang Mai,391,Lazada,COD,13,5,5,1,30-40,13.033333333333333,2.0,0.0,0.0,-1,50,2217.68,0.25,0.5,0.5,0.0,0.0,0,0,0.0,0.0,0,0,0.0,4435.36,2,0,0.0,4435.36,2,0,0.0,0
LGS2ORD0017245,C011569,2025-05-17 13:00:00,Male,34,Bronze,TV,Remote_Area,663,TV_Show,COD,13,5,5,1,30-40,22.1,3.0,1.0,0.3333333333333333,109,10,4232.03,0.28,0.6666666666666666,0.3333333333333333,0.0,0.0,0,0,0.0,9916.02,1,0,0.0,11842.970000000001,2,0,0.0,12696.09,3,1,0.3333333333333333,1
LGS2ORD0017246,C013128,2025-05-17 14:00:00,Male,46,Silver,Web,Songkhla,642,CallCenter,COD,14,5,5,1,40-50,21.4,1.0,0.0,0.0,-1,90,1071.43,0.2,1.0,0.0,0.0,0.0,0,0,0.0,0.0,0,0,0.0,0.0,0,0,0.0,1071.43,1,0,0.0,0
LGS2ORD0017247,C017517,2025-05-17 14:00:00,Female,56,Silver,CallCenter,Khon Kaen,671,Web,COD,14,5,5,1,>50,22.366666666666667,3.0,1.0,0.3333333333333333,69,46,11132.096666666666,0.2,0.6666666666666666,0.0,0.0,0.0,0,0,0.0,0.0,0,0,0.0,27294.260000000002,2,1,0.5,33396.29,3,1,0.3333333333333333,0
LGS2ORD0017248,C016844,2025-05-17 14:00:00,Male,23,Silver,Lazada,Bangkok,981,Shopee,Credit_Card,14,5,5,1,20-30,32.7,2.0,0.0,0.0,-1,66,1833.565,0.3,0.5,0.5,0.0,0.0,0,0,0.0,0.0,0,0,0.0,3667.13,2,0,0.0,3667.13,2,0,0.0,1
LGS2ORD0017249,C010160,2025-05-17 14:00:00,Female,61,Bronze,Lazada,Chonburi,904,Shopee,PromptPay,14,5,5,1,>50,30.133333333333333,2.0,0.0,0.0,-1,98,1576.725,0.18,0.0,0.0,0.0,0.0,0,0,0.0,0.0,0,0,0.0,0.0,0,0,0.0,3153.45,2,0,0.0,0
LGS2ORD0017250,C012412,2025-05-17 14:00:00,Female,43,Platinum,Web,Chiang Mai,667,TV_Show,Credit_Card,14,5,5,1,40-50,22.233333333333334,1.0,0.0,0.0,-1,8,680.61,0.1,0.0,0.0,0.0,0.0,0,0,0.0,680.61,1,0,0.0,680.61,1,0,0.0,680.61,1,0,0.0,0
LGS2ORD0017251,C015206,2025-05-17 15:00:00,Female,60,Bronze,Lazada,Chiang Mai,668,TV_Show,COD,15,5,5,1,>50,22.266666666666666,3.0,1.0,0.3333333333333333,10,23,5021.886666666666,0.03,0.6666666666666666,0.0,0.0,0.0,0,0,0.0,4971.07,1,1,1.0,13648.41,2,1,0.5,15065.66,3,1,0.3333333333333333,1
LGS2ORD0017252,C010698,2025-05-17 15:00:00,Male,44,Gold,Shopee,Chonburi,337,Lazada,Credit_Card,15,5,5,1,40-50,11.233333333333333,2.0,1.0,0.5,107,118,5689.29,0.33,1.0,0.5,0.0,0.0,0,0,0.0,0.0,0,0,0.0,0.0,0,0,0.0,11378.58,2,1,0.5,0
LGS2ORD0017253,C016257,2025-05-17 15:00:00,Female,20,Bronze,TV,Remote_Area,1358,TV_Show,COD,15,5,5,1,<20,45.266666666666666,0.0,0.0,0.0,-1,-1,0.0,0.0,0.0,0.0,0.0,0.0,0,0,0.0,0.0,0,0,0.0,0.0,0,0,0.0,0.0,0,0,0.0,0
LGS2ORD0017254,C017304,2025-05-17 15:00:00,Female,31,Silver,Shopee,Chiang Mai,404,CallCenter,COD,15,5,5,1,30-40,13.466666666666667,4.0,1.0,0.25,-6,7,4277.8275,0.25,0.25,0.5,0.25,0.0,0,0,0.0,2791.0,1,1,1.0,13526.09,3,1,0.3333333333333333,17111.31,4,1,0.25,0
LGS2ORD0017255,C014576,2025-05-17 15:00:00,Male,48,Silver,Shopee,Khon Kaen,915,Shopee,Credit_Card,15,5,5,1,40-50,30.5,1.0,0.0,0.0,-1,77,8520.03,0.1,0.0,0.0,0.0,0.0,0,0,0.0,0.0,0,0,0.0,8520.03,1,0,0.0,8520.03,1,0,0.0,0
LGS2ORD0017256,C013009,2025-05-17 16:00:00,Female,31,Bronze,Web,Bangkok,750,Lazada,PromptPay,16,5,5,1,30-40,25.0,1.0,0.0,0.0,-1,132,3470.51,0.03,1.0,0.0,0.0,0.0,0,0,0.0,0.0,0,0,0.0,0.0,0,0,0.0,3470.51,1,0,0.0,0
LGS2ORD0017257,C012022,2025-05-17 16:00:00,Male,37,Bronze,TV,Phuket,566,Web,COD,16,5,5,1,30-40,18.866666666666667,2.0,1.0,0.5,18,3,11319.72,0.23,0.0,1.0,0.0,3412.18,1,0,0.0,3412.18,1,0,0.0,22639.44,2,1,0.5,22639.44,2,1,0.5,0
LGS2ORD0017258,C012676,2025-05-17 16:00:00,Female,59,Bronze,Lazada,Bangkok,485,Shopee,Bank_Transfer,16,5,5,1,>50,16.166666666666668,0.0,0.0,0.0,-1,-1,0.0,0.0,0.0,0.0,0.0,0.0,0,0,0.0,0.0,0,0,0.0,0.0,0,0,0.0,0.0,0,0,0.0,0
LGS2ORD0017259,C014952,2025-05-17 16:00:00,Female,52,Bronze,TV,Bangkok,233,Lazada,COD,16,5,5,1,>50,7.766666666666667,1.0,0.0,0.0,-1,105,11805.84,0.18,1.0,0.0,0.0,0.0,0,0,0.0,0.0,0,0,0.0,0.0,0,0,0.0,11805.84,1,0,0.0,1
LGS2ORD0017260,C016037,2025-05-17 16:00:00,Female,57,Silver,TV,Bangkok,797,TV_Show,COD,16,5,5,1,>50,26.566666666666666,2.0,0.0,0.0,-1,135,6142.57,0.2,1.0,0.0,0.0,0.0,0,0,0.0,0.0,0,0,0.0,0.0,0,0,0.0,12285.14,2,0,0.0,0
LGS2ORD0017261,C016572,2025-05-17 17:00:00,Female,39,Silver,Shopee,Bangkok,1411,Web,COD,17,5,5,1,30-40,47.03333333333333,1.0,0.0,0.0,-1,102,11345.22,0.05,0.0,0.0,0.0,0.0,0,0,0.0,0.0,0,0,0.0,0.0,0,0,0.0,11345.22,1,0,0.0,1
LGS2ORD0017262,C010259,2025-05-17 17:00:00,Male,27,Bronze,Web,Phuket,242,CallCenter,Credit_Card,17,5,5,1,20-30,8.066666666666666,2.0,0.0,0.0,-1,7,3018.34,0.18,0.5,0.0,0.0,0.0,0,0,0.0,1956.24,1,0,0.0,6036.68,2,0,0.0,6036.68,2,0,0.0,0
LGS2ORD0017263,C012199,2025-05-17 17:00:00,Female,56,Silver,TV,Phuket,1468,Lazada,Credit_Card,17,5,5,1,>50,48.93333333333333,4.0,1.0,0.25,57,10,3567.0975,0.2,0.75,0.0,0.0,0.0,0,0,0.0,6209.79,2,0,0.0,14268.39,4,1,0.25,14268.39,4,1,0.25,0
LGS2ORD0017264,C016445,2025-05-17 17:00:00,Male,50,Bronze,TV,Remote_Area,645,Web,COD,17,5,5,1,40-50,21.5,5.0,2.0,0.4,71,43,11378.636000000002,0.28,0.6,0.6,0.0,0.0,0,0,0.0,0.0,0,0,0.0,7413.57,3,1,0.3333333333333333,56893.18000000001,5,2,0.4,0
LGS2ORD0017265,C017871,2025-05-17 17:00:00,Male,45,Silver,TV,Chiang Mai,1238,Web,PromptPay,17,5,5,1,40-50,41.266666666666666,3.0,1.0,0.3333333333333333,117,23,9751.366666666667,0.25,0.6666666666666666,0.3333333333333333,0.0,0.0,0,0,0.0,5880.01,1,0,0.0,16970.82,2,0,0.0,29254.1,3,1,0.3333333333333333,0
LGS2ORD0017266,C013828,2025-05-17 17:00:00,Female,39,Silver,Lazada,Khon Kaen,1317,TV_Show,COD,17,5,5,1,30-40,43.9,0.0,0.0,0.0,-1,-1,0.0,0.0,0.0,0.0,0.0,0.0,0,0,0.0,0.0,0,0,0.0,0.0,0,0,0.0,0.0,0,0,0.0,0
LGS2ORD0017267,C017369,2025-05-17 18:00:00,Female,51,Silver,Web,Bangkok,1526,CallCenter,COD,18,5,5,1,>50,50.86666666666667,2.0,1.0,0.5,16,7,4526.905000000001,0.2,1.0,0.0,0.0,0.0,0,0,0.0,9053.810000000001,2,1,0.5,9053.810000000001,2,1,0.5,9053.810000000001,2,1,0.5,0
LGS2ORD0017268,C014650,2025-05-17 18:00:00,Female,52,Bronze,Lazada,Phuket,1578,Shopee,COD,18,5,5,1,>50,52.6,3.0,2.0,0.6666666666666666,32,46,3866.5433333333335,0.13,0.6666666666666666,0.0,0.0,0.0,0,0,0.0,0.0,0,0,0.0,2453.11,1,1,1.0,11599.630000000001,3,2,0.6666666666666666,0
LGS2ORD0017269,C011031,2025-05-17 18:00:00,Female,37,Gold,TV,Chiang Mai,1073,Web,PromptPay,18,5,5,1,30-40,35.766666666666666,5.0,2.0,0.4,77,12,2801.524,0.28,0.4,0.8,0.0,0.0,0,0,0.0,2869.26,1,0,0.0,12150.77,4,1,0.25,14007.619999999999,5,2,0.4,1
LGS2ORD0017270,C014450,2025-05-17 18:00:00,Male,40,Bronze,Web,Phuket,718,TV_Show,Credit_Card,18,5,5,1,30-40,23.933333333333334,3.0,1.0,0.3333333333333333,25,17,3437.7533333333326,0.28,1.0,0.3333333333333333,0.0,0.0,0,0,0.0,8544.14,1,0,0.0,9018.789999999999,2,1,0.5,10313.259999999998,3,1,0.3333333333333333,0
LGS2ORD0017271,C014238,2025-05-17 18:00:00,Female,66,Silver,TV,Khon Kaen,1159,Shopee,COD,18,5,5,1,>50,38.63333333333333,4.0,2.0,0.5,2,0,9350.97,0.25,0.5,0.25,0.0,19807.01,2,1,0.5,19807.01,2,1,0.5,27959.699999999997,3,2,0.6666666666666666,37403.88,4,2,0.5,0
LGS2ORD0017272,C015830,2025-05-17 19:00:00,Male,38,Silver,TV,Chonburi,1514,TV_Show,COD,19,5,5,1,30-40,50.46666666666667,3.0,1.0,0.3333333333333333,-5,6,5158.2733333333335,0.3,0.6666666666666666,0.6666666666666666,0.0,7838.65,1,1,1.0,7838.65,1,1,1.0,15474.82,3,1,0.3333333333333333,15474.82,3,1,0.3333333333333333,0
LGS2ORD0017273,C013011,2025-05-17 19:00:00,Female,24,Silver,TV,Chonburi,1089,Shopee,Credit_Card,19,5,5,1,20-30,36.3,0.0,0.0,0.0,-1,-1,0.0,0.0,0.0,0.0,0.0,0.0,0,0,0.0,0.0,0,0,0.0,0.0,0,0,0.0,0.0,0,0,0.0,0
LGS2ORD0017274,C013565,2025-05-17 19:00:00,Male,32,Bronze,Web,Bangkok,1218,TV_Show,COD,19,5,5,1,30-40,40.6,2.0,0.0,0.0,-1,129,9055.82,0.28,0.5,1.0,0.0,0.0,0,0,0.0,0.0,0,0,0.0,0.0,0,0,0.0,18111.64,2,0,0.0,0
LGS2ORD0017275,C015806,2025-05-17 19:00:00,Female,45,Bronze,Shopee,Songkhla,421,Web,COD,19,5,5,1,40-50,14.033333333333333,2.0,0.0,0.0,-1,16,6260.76,0.13,0.0,0.0,0.0,0.0,0,0,0.0,1614.0,1,0,0.0,1614.0,1,0,0.0,12521.52,2,0,0.0,0
LGS2ORD0017276,C012496,2025-05-17 19:00:00,Female,42,Bronze,Shopee,Songkhla,325,TV_Show,COD,19,5,5,1,40-50,10.833333333333334,3.0,1.0,0.3333333333333333,120,40,3525.7599999999998,0.28,1.0,0.3333333333333333,0.0,0.0,0,0,0.0,0.0,0,0,0.0,5001.84,2,0,0.0,10577.279999999999,3,1,0.3333333333333333,0
LGS2ORD0017277,C014061,2025-05-17 20:00:00,Female,36,Silver,TV,Bangkok,1455,TV_Show,Credit_Card,20,5,5,1,30-40,48.5,0.0,0.0,0.0,-1,-1,0.0,0.0,0.0,0.0,0.0,0.0,0,0,0.0,0.0,0,0,0.0,0.0,0,0,0.0,0.0,0,0,0.0,0
LGS2ORD0017278,C015966,2025-05-17 20:00:00,Male,67,Bronze,TV,Bangkok,1516,Shopee,COD,20,5,5,1,>50,50.53333333333333,1.0,0.0,0.0,-1,20,643.13,0.13,1.0,0.0,0.0,0.0,0,0,0.0,643.13,1,0,0.0,643.13,1,0,0.0,643.13,1,0,0.0,0
LGS2ORD0017279,C010155,2025-05-17 20:00:00,Male,37,Bronze,Shopee,Bangkok,548,Web,COD,20,5,5,1,30-40,18.266666666666666,2.0,0.0,0.0,-1,31,4515.245,0.13,0.5,0.0,0.0,0.0,0,0,0.0,0.0,0,0,0.0,9030.49,2,0,0.0,9030.49,2,0,0.0,0
LGS2ORD0017280,C015803,2025-05-17 20:00:00,Male,39,Gold,Shopee,Bangkok,1381,TV_Show,COD,20,5,5,1,30-40,46.03333333333333,1.0,0.0,0.0,-1,58,10014.16,0.28,1.0,1.0,0.0,0.0,0,0,0.0,0.0,0,0,0.0,10014.16,1,0,0.0,10014.16,1,0,0.0,0
LGS2ORD0017281,C012273,2025-05-17 20:00:00,Female,20,Gold,Lazada,Bangkok,254,Lazada,COD,20,5,5,1,<20,8.466666666666667,0.0,0.0,0.0,-1,-1,0.0,0.0,0.0,0.0,0.0,0.0,0,0,0.0,0.0,0,0,0.0,0.0,0,0,0.0,0.0,0,0,0.0,0
LGS2ORD0017282,C016348,2025-05-17 20:00:00,Female,60,Gold,TV,Phuket,1137,TV_Show,COD,20,5,5,1,>50,37.9,3.0,0.0,0.0,-1,81,2825.8566666666666,0.33,0.0,0.6666666666666666,0.0,0.0,0,0,0.0,0.0,0,0,0.0,3415.5,1,0,0.0,8477.57,3,0,0.0,0
LGS2ORD0017283,C011421,2025-05-17 21:00:00,Female,67,Bronze,Web,Chiang Mai,1276,CallCenter,Credit_Card,21,5,5,1,>50,42.53333333333333,3.0,0.0,0.0,-1,50,12431.713333333333,0.18,0.3333333333333333,0.0,0.0,0.0,0,0,0.0,0.0,0,0,0.0,34934.09,2,0,0.0,37295.14,3,0,0.0,0
LGS2ORD0017284,C015659,2025-05-17 21:00:00,Female,41,Silver,Shopee,Phuket,1178,Shopee,Credit_Card,21,5,5,1,40-50,39.266666666666666,3.0,1.0,0.3333333333333333,43,5,4703.47,0.25,0.3333333333333333,0.3333333333333333,0.0,3348.98,1,0,0.0,3348.98,1,0,0.0,4624.82,2,1,0.5,14110.41,3,1,0.3333333333333333,0
LGS2ORD0017285,C013032,2025-05-17 21:00:00,Male,44,Bronze,TV,Phuket,451,Shopee,COD,21,5,5,1,40-50,15.033333333333333,1.0,0.0,0.0,-1,74,16809.07,0.08,0.0,0.0,0.0,0.0,0,0,0.0,0.0,0,0,0.0,16809.07,1,0,0.0,16809.07,1,0,0.0,0
LGS2ORD0017286,C014712,2025-05-17 21:00:00,Male,21,Gold,CallCenter,Remote_Area,383,Shopee,COD,21,5,5,1,20-30,12.766666666666667,2.0,1.0,0.5,83,99,3496.685,0.28,0.5,0.5,0.0,0.0,0,0,0.0,0.0,0,0,0.0,0.0,0,0,0.0,6993.37,2,1,0.5,0
LGS2ORD0017287,C015874,2025-05-17 21:00:00,Other,47,Silver,Web,Nakhon Ratchasima,201,CallCenter,COD,21,5,5,1,40-50,6.7,0.0,0.0,0.0,-1,-1,0.0,0.0,0.0,0.0,0.0,0.0,0,0,0.0,0.0,0,0,0.0,0.0,0,0,0.0,0.0,0,0,0.0,0
LGS2ORD0017288,C015952,2025-05-17 22:00:00,Other,41,Silver,Shopee,Khon Kaen,326,Web,COD,22,5,5,1,40-50,10.866666666666667,2.0,0.0,0.0,-1,16,5402.21,0.25,0.5,0.5,0.0,0.0,0,0,0.0,9499.81,1,0,0.0,9499.81,1,0,0.0,10804.42,2,0,0.0,0
LGS2ORD0017289,C017028,2025-05-17 22:00:00,Female,55,Bronze,TV,Khon Kaen,524,TV_Show,Credit_Card,22,5,5,1,>50,17.466666666666665,2.0,0.0,0.0,-1,78,1115.925,0.23,0.0,0.5,0.0,0.0,0,0,0.0,0.0,0,0,0.0,883.55,1,0,0.0,2231.85,2,0,0.0,0
LGS2ORD0017290,C011556,2025-05-17 22:00:00,Male,33,Silver,Shopee,Chiang Mai,1386,Web,COD,22,5,5,1,30-40,46.2,2.0,0.0,0.0,-1,18,2844.98,0.15,0.5,0.0,0.0,0.0,0,0,0.0,2252.09,1,0,0.0,5689.96,2,0,0.0,5689.96,2,0,0.0,1
LGS2ORD0017291,C012327,2025-05-17 22:00:00,Male,39,Bronze,Shopee,Nakhon Ratchasima,1417,Web,COD,22,5,5,1,30-40,47.233333333333334,2.0,0.0,0.0,-1,11,6261.475,0.08,1.0,0.0,0.0,0.0,0,0,0.0,11103.36,1,0,0.0,12522.95,2,0,0.0,12522.95,2,0,0.0,0
LGS2ORD0017292,C016310,2025-05-17 22:00:00,Male,43,Silver,Web,Bangkok,1304,Shopee,COD,22,5,5,1,40-50,43.46666666666667,0.0,0.0,0.0,-1,-1,0.0,0.0,0.0,0.0,0.0,0.0,0,0,0.0,0.0,0,0,0.0,0.0,0,0,0.0,0.0,0,0,0.0,1
LGS2ORD0017293,C010552,2025-05-17 23:00:00,Male,36,Silver,Shopee,Chonburi,1575,Web,COD,23,5,5,1,30-40,52.5,3.0,1.0,0.3333333333333333,115,7,6113.853333333333,0.2,0.3333333333333333,0.0,0.0,0.0,0,0,0.0,1460.87,1,0,0.0,1460.87,1,0,0.0,18341.559999999998,3,1,0.3333333333333333,0
LGS2ORD0017294,C012331,2025-05-17 23:00:00,Female,55,Bronze,TV,Remote_Area,258,CallCenter,Credit_Card,23,5,5,1,>50,8.6,2.0,1.0,0.5,87,98,990.74,0.08,0.0,0.0,0.0,0.0,0,0,0.0,0.0,0,0,0.0,0.0,0,0,0.0,1981.48,2,1,0.5,0
LGS2ORD0017295,C012532,2025-05-17 23:00:00,Female,35,Bronze,CallCenter,Phuket,1178,Shopee,PromptPay,23,5,5,1,30-40,39.266666666666666,2.0,1.0,0.5,125,108,2248.975,0.18,1.0,0.0,0.0,0.0,0,0,0.0,0.0,0,0,0.0,0.0,0,0,0.0,4497.95,2,1,0.5,0
LGS2ORD0017296,C010855,2025-05-17 23:00:00,Male,63,Bronze,CallCenter,Phuket,1425,Shopee,COD,23,5,5,1,>50,47.5,1.0,1.0,1.0,99,102,1108.86,0.08,1.0,0.0,0.0,0.0,0,0,0.0,0.0,0,0,0.0,0.0,0,0,0.0,1108.86,1,1,1.0,0
LGS2ORD0017297,C013252,2025-05-17 23:00:00,Female,37,Bronze,Shopee,Bangkok,1101,Shopee,Credit_Card,23,5,5,1,30-40,36.7,3.0,0.0,0.0,-1,32,6524.176666666667,0.23,0.6666666666666666,0.3333333333333333,0.0,0.0,0,0,0.0,0.0,0,0,0.0,6729.47,1,0,0.0,19572.530000000002,3,0,0.0,1
LGS2ORD0017298,C014933,2025-05-18 00:00:00,Male,58,Bronze,TV,Remote_Area,502,Shopee,Credit_Card,0,5,6,1,>50,16.733333333333334,3.0,2.0,0.6666666666666666,-11,1,1351.2766666666666,0.18,0.3333333333333333,0.0,0.0,1692.22,1,1,1.0,1692.22,1,1,1.0,3469.76,2,2,1.0,4053.83,3,2,0.6666666666666666,0
LGS2ORD0017299,C014483,2025-05-18 00:00:00,Female,37,Bronze,TV,Chonburi,963,Shopee,COD,0,5,6,1,30-40,32.1,2.0,0.0,0.0,-1,32,4909.47,0.23,0.0,0.5,0.0,0.0,0,0,0.0,0.0,0,0,0.0,1362.45,1,0,0.0,9818.94,2,0,0.0,0
LGS2ORD0017300,C017398,2025-05-18 00:00:00,Male,18,Gold,TV,Chiang Mai,1251,Lazada,PromptPay,0,5,6,1,<20,41.7,2.0,0.0,0.0,-1,59,2526.625,0.13,0.5,0.0,0.0,0.0,0,0,0.0,0.0,0,0,0.0,5053.25,2,0,0.0,5053.25,2,0,0.0,0
LGS2ORD0017301,C012688,2025-05-18 00:00:00,Male,55,Silver,TV,Remote_Area,405,Lazada,COD,0,5,6,1,>50,13.5,2.0,1.0,0.5,-4,6,994.07,0.2,0.0,0.0,0.0,1492.94,1,1,1.0,1492.94,1,1,1.0,1988.14,2,1,0.5,1988.14,2,1,0.5,0
LGS2ORD0017302,C015421,2025-05-18 00:00:00,Other,32,Platinum,Shopee,Phuket,982,Shopee,COD,0,5,6,1,30-40,32.733333333333334,4.0,2.0,0.5,102,8,4175.08,0.35,0.75,1.0,0.0,0.0,0,0,0.0,13428.56,1,0,0.0,13428.56,1,0,0.0,16700.32,4,2,0.5,0
LGS2ORD0017303,C012996,2025-05-18 00:00:00,Female,35,Platinum,Web,Khon Kaen,1274,Web,COD,0,5,6,1,30-40,42.46666666666667,1.0,0.0,0.0,-1,42,4145.74,0.1,0.0,0.0,0.0,0.0,0,0,0.0,0.0,0,0,0.0,4145.74,1,0,0.0,4145.74,1,0,0.0,1
LGS2ORD0017304,C010538,2025-05-18 01:00:00,Male,40,Gold,CallCenter,Phuket,502,TV_Show,PromptPay,1,5,6,1,30-40,16.733333333333334,1.0,0.0,0.0,-1,103,8938.53,0.08,0.0,0.0,0.0,0.0,0,0,0.0,0.0,0,0,0.0,0.0,0,0,0.0,8938.53,1,0,0.0,0
LGS2ORD0017305,C011838,2025-05-18 01:00:00,Male,32,Silver,Web,Remote_Area,1363,CallCenter,PromptPay,1,5,6,1,30-40,45.43333333333333,5.0,2.0,0.4,26,1,2675.8959999999997,0.3,0.8,0.4,0.0,1622.5,1,0,0.0,1622.5,1,0,0.0,13379.48,5,2,0.4,13379.48,5,2,0.4,0
LGS2ORD0017306,C017134,2025-05-18 01:00:00,Female,51,Silver,TV,Khon Kaen,1573,Web,COD,1,5,6,1,>50,52.43333333333333,4.0,0.0,0.0,-1,13,4411.075000000001,0.25,0.75,0.25,0.0,0.0,0,0,0.0,4877.51,2,0,0.0,8972.1,3,0,0.0,17644.300000000003,4,0,0.0,0
LGS2ORD0017307,C016097,2025-05-18 01:00:00,Female,67,Silver,TV,Remote_Area,1141,Web,COD,1,5,6,1,>50,38.03333333333333,1.0,0.0,0.0,-1,77,3227.15,0.1,1.0,0.0,0.0,0.0,0,0,0.0,0.0,0,0,0.0,3227.15,1,0,0.0,3227.15,1,0,0.0,0
LGS2ORD0017308,C012125,2025-05-18 01:00:00,Female,51,Gold,Shopee,Chiang Mai,583,Shopee,COD,1,5,6,1,>50,19.433333333333334,2.0,1.0,0.5,115,104,8314.92,0.28,1.0,0.5,0.0,0.0,0,0,0.0,0.0,0,0,0.0,0.0,0,0,0.0,16629.84,2,1,0.5,1
LGS2ORD0017309,C013631,2025-05-18 02:00:00,Female,54,Silver,Lazada,Remote_Area,694,Web,COD,2,5,6,1,>50,23.133333333333333,2.0,2.0,1.0,0,8,14188.755,0.25,0.5,0.5,0.0,0.0,0,0,0.0,4652.3,1,1,1.0,28377.51,2,2,1.0,28377.51,2,2,1.0,1
LGS2ORD0017310,C015252,2025-05-18 02:00:00,Female,48,Bronze,Web,Chiang Mai,919,Shopee,Bank_Transfer,2,5,6,1,40-50,30.633333333333333,1.0,0.0,0.0,-1,79,943.12,0.08,0.0,0.0,0.0,0.0,0,0,0.0,0.0,0,0,0.0,943.12,1,0,0.0,943.12,1,0,0.0,1
LGS2ORD0017311,C011638,2025-05-18 02:00:00,Female,59,Gold,Shopee,Songkhla,430,TV_Show,COD,2,5,6,1,>50,14.333333333333334,1.0,0.0,0.0,-1,84,3830.53,0.2299999999999999,0.0,1.0,0.0,0.0,0,0,0.0,0.0,0,0,0.0,3830.53,1,0,0.0,3830.53,1,0,0.0,0
LGS2ORD0017312,C014204,2025-05-18 02:00:00,Other,36,Platinum,Web,Bangkok,1571,TV_Show,Bank_Transfer,2,5,6,1,30-40,52.36666666666667,2.0,0.0,0.0,-1,33,2519.06,0.25,0.5,0.5,0.0,0.0,0,0,0.0,0.0,0,0,0.0,5038.12,2,0,0.0,5038.12,2,0,0.0,0
LGS2ORD0017313,C015036,2025-05-18 02:00:00,Female,45,Bronze,Web,Chonburi,1442,Web,COD,2,5,6,1,40-50,48.06666666666667,1.0,0.0,0.0,-1,73,696.48,0.08,0.0,0.0,0.0,0.0,0,0,0.0,0.0,0,0,0.0,696.48,1,0,0.0,696.48,1,0,0.0,1
LGS2ORD0017314,C017558,2025-05-18 03:00:00,Male,45,Bronze,Shopee,Phuket,1317,Shopee,Bank_Transfer,3,5,6,1,40-50,43.9,3.0,2.0,0.6666666666666666,4,12,2575.8633333333332,0.28,0.3333333333333333,0.6666666666666666,0.0,0.0,0,0,0.0,1296.29,1,1,1.0,3525.29,2,2,1.0,7727.59,3,2,0.6666666666666666,0
LGS2ORD0017315,C011357,2025-05-18 03:00:00,Female,44,Bronze,TV,Nakhon Ratchasima,987,Shopee,COD,3,5,6,1,40-50,32.9,1.0,0.0,0.0,-1,25,1651.28,0.03,1.0,0.0,0.0,0.0,0,0,0.0,1651.28,1,0,0.0,1651.28,1,0,0.0,1651.28,1,0,0.0,0
LGS2ORD0017316,C015278,2025-05-18 03:00:00,Male,28,Gold,TV,Bangkok,868,CallCenter,COD,3,5,6,1,20-30,28.933333333333334,4.0,0.0,0.0,-1,58,3612.0475,0.33,0.5,0.75,0.0,0.0,0,0,0.0,0.0,0,0,0.0,5558.01,2,0,0.0,14448.19,4,0,0.0,0
LGS2ORD0017317,C011116,2025-05-18 03:00:00,Female,36,Bronze,Lazada,Bangkok,326,Lazada,Credit_Card,3,5,6,1,30-40,10.866666666666667,2.0,0.0,0.0,-1,64,3083.93,0.28,0.5,0.5,0.0,0.0,0,0,0.0,0.0,0,0,0.0,6167.86,2,0,0.0,6167.86,2,0,0.0,0
LGS2ORD0017318,C017779,2025-05-18 03:00:00,Female,42,Silver,Web,Nakhon Ratchasima,890,TV_Show,Credit_Card,3,5,6,1,40-50,29.666666666666668,0.0,0.0,0.0,-1,-1,0.0,0.0,0.0,0.0,0.0,0.0,0,0,0.0,0.0,0,0,0.0,0.0,0,0,0.0,0.0,0,0,0.0,0
LGS2ORD0017319,C016628,2025-05-18 04:00:00,Male,53,Bronze,TV,Bangkok,414,TV_Show,COD,4,5,6,1,>50,13.8,2.0,0.0,0.0,-1,60,14898.83,0.23,0.5,0.5,0.0,0.0,0,0,0.0,0.0,0,0,0.0,6415.02,1,0,0.0,29797.66,2,0,0.0,0
LGS2ORD0017320,C011713,2025-05-18 04:00:00,Male,57,Platinum,Shopee,Khon Kaen,700,Web,COD,4,5,6,1,>50,23.333333333333332,5.0,3.0,0.6,31,30,7977.080000000002,0.25,0.4,0.8,0.0,0.0,0,0,0.0,0.0,0,0,0.0,22541.13,3,1,0.3333333333333333,39885.40000000001,5,3,0.6,0
LGS2ORD0017321,C017889,2025-05-18 04:00:00,Female,45,Bronze,Lazada,Chonburi,1439,Web,COD,4,5,6,1,40-50,47.96666666666667,0.0,0.0,0.0,-1,-1,0.0,0.0,0.0,0.0,0.0,0.0,0,0,0.0,0.0,0,0,0.0,0.0,0,0,0.0,0.0,0,0,0.0,1
LGS2ORD0017322,C016644,2025-05-18 04:00:00,Female,32,Platinum,TV,Bangkok,1529,Lazada,PromptPay,4,5,6,1,30-40,50.96666666666667,3.0,0.0,0.0,-1,15,15987.800000000003,0.2,1.0,0.0,0.0,0.0,0,0,0.0,14997.46,2,0,0.0,47963.40000000001,3,0,0.0,47963.40000000001,3,0,0.0,0
LGS2ORD0017323,C013267,2025-05-18 04:00:00,Female,34,Silver,Shopee,Remote_Area,382,TV_Show,Credit_Card,4,5,6,1,30-40,12.733333333333333,4.0,2.0,0.5,29,38,7063.7875,0.2,1.0,0.0,0.0,0.0,0,0,0.0,0.0,0,0,0.0,27643.24,3,2,0.6666666666666666,28255.15,4,2,0.5,0
LGS2ORD0017324,C010534,2025-05-18 04:00:00,Female,30,Gold,Web,Chonburi,240,Lazada,COD,4,5,6,1,20-30,8.0,2.0,0.0,0.0,-1,105,14310.795,0.18,0.0,0.0,0.0,0.0,0,0,0.0,0.0,0,0,0.0,0.0,0,0,0.0,28621.59,2,0,0.0,0
LGS2ORD0017325,C014276,2025-05-18 05:00:00,Male,43,Bronze,Lazada,Khon Kaen,1541,Web,Credit_Card,5,5,6,1,40-50,51.36666666666667,5.0,2.0,0.4,-1,6,2505.198,0.23,0.6,0.4,0.0,1780.51,1,1,1.0,1780.51,1,1,1.0,5344.24,3,2,0.6666666666666666,12525.99,5,2,0.4,0
LGS2ORD0017326,C011481,2025-05-18 05:00:00,Male,39,Gold,Web,Bangkok,582,Shopee,COD,5,5,6,1,30-40,19.4,1.0,1.0,1.0,38,51,20142.96,0.28,0.0,1.0,0.0,0.0,0,0,0.0,0.0,0,0,0.0,20142.96,1,1,1.0,20142.96,1,1,1.0,0
LGS2ORD0017327,C012478,2025-05-18 05:00:00,Female,34,Silver,Lazada,Bangkok,629,TV_Show,Bank_Transfer,5,5,6,1,30-40,20.966666666666665,1.0,1.0,1.0,114,119,1850.83,0.3,1.0,1.0,0.0,0.0,0,0,0.0,0.0,0,0,0.0,0.0,0,0,0.0,1850.83,1,1,1.0,0
LGS2ORD0017328,C013210,2025-05-18 05:00:00,Female,43,Bronze,TV,Nakhon Ratchasima,1584,TV_Show,Credit_Card,5,5,6,1,40-50,52.8,2.0,1.0,0.5,55,69,653.2950000000001,0.18,0.0,0.0,0.0,0.0,0,0,0.0,0.0,0,0,0.0,706.45,1,1,1.0,1306.5900000000001,2,1,0.5,0
LGS2ORD0017329,C015930,2025-05-18 05:00:00,Male,31,Gold,Shopee,Phuket,513,Lazada,COD,5,5,6,1,30-40,17.1,2.0,0.0,0.0,-1,33,4061.6150000000002,0.18,1.0,0.0,0.0,0.0,0,0,0.0,0.0,0,0,0.0,3598.84,1,0,0.0,8123.2300000000005,2,0,0.0,0
LGS2ORD0017330,C016472,2025-05-18 06:00:00,Male,33,Platinum,Web,Bangkok,727,TV_Show,Credit_Card,6,5,6,1,30-40,24.233333333333334,3.0,0.0,0.0,-1,8,5085.863333333334,0.25,0.3333333333333333,0.6666666666666666,0.0,0.0,0,0,0.0,598.99,1,0,0.0,1306.55,2,0,0.0,15257.59,3,0,0.0,0
LGS2ORD0017331,C015203,2025-05-18 06:00:00,Female,44,Gold,TV,Bangkok,646,CallCenter,Credit_Card,6,5,6,1,40-50,21.533333333333335,4.0,1.0,0.25,28,42,1269.8,0.28,1.0,0.5,0.0,0.0,0,0,0.0,0.0,0,0,0.0,1469.96,1,1,1.0,5079.2,4,1,0.25,0
LGS2ORD0017332,C014271,2025-05-18 06:00:00,Female,38,Bronze,Shopee,Chonburi,655,Shopee,PromptPay,6,5,6,1,30-40,21.833333333333332,5.0,0.0,0.0,-1,12,2729.4700000000003,0.18,0.2,0.0,0.0,0.0,0,0,0.0,2194.29,2,0,0.0,6979.88,3,0,0.0,13647.35,5,0,0.0,1
LGS2ORD0017333,C012344,2025-05-18 06:00:00,Other,19,Platinum,Web,Chonburi,641,Lazada,COD,6,5,6,1,<20,21.366666666666667,2.0,0.0,0.0,-1,41,9715.58,0.25,0.5,1.0,0.0,0.0,0,0,0.0,0.0,0,0,0.0,17606.71,1,0,0.0,19431.16,2,0,0.0,1
LGS2ORD0017334,C014406,2025-05-18 06:00:00,Male,43,Silver,CallCenter,Nakhon Ratchasima,940,Web,COD,6,5,6,1,40-50,31.333333333333332,1.0,1.0,1.0,99,110,1711.21,0.2,1.0,0.0,0.0,0.0,0,0,0.0,0.0,0,0,0.0,0.0,0,0,0.0,1711.21,1,1,1.0,0
LGS2ORD0017335,C016625,2025-05-18 07:00:00,Male,30,Silver,TV,Chonburi,296,TV_Show,COD,7,5,6,1,20-30,9.866666666666667,1.0,1.0,1.0,26,39,10787.6,0.05,0.0,0.0,0.0,0.0,0,0,0.0,0.0,0,0,0.0,10787.6,1,1,1.0,10787.6,1,1,1.0,0
LGS2ORD0017336,C017014,2025-05-18 07:00:00,Male,39,Bronze,Shopee,Khon Kaen,412,Lazada,Credit_Card,7,5,6,1,30-40,13.733333333333333,5.0,1.0,0.2,64,1,6442.4839999999995,0.28,0.6,0.4,0.0,7525.39,1,0,0.0,7525.39,1,0,0.0,28732.989999999998,4,1,0.25,32212.42,5,1,0.2,0
LGS2ORD0017337,C010459,2025-05-18 07:00:00,Female,42,Silver,TV,Remote_Area,1278,CallCenter,COD,7,5,6,1,40-50,42.6,4.0,0.0,0.0,-1,2,1422.415,0.25,0.5,0.25,0.0,3241.4,2,0,0.0,3241.4,2,0,0.0,4473.09,3,0,0.0,5689.66,4,0,0.0,1
LGS2ORD0017338,C011973,2025-05-18 07:00:00,Female,72,Bronze,Web,Phuket,381,TV_Show,COD,7,5,6,1,>50,12.7,2.0,1.0,0.5,7,15,4868.585,0.18,1.0,0.0,0.0,0.0,0,0,0.0,7991.37,1,1,1.0,7991.37,1,1,1.0,9737.17,2,1,0.5,1
LGS2ORD0017339,C015157,2025-05-18 07:00:00,Male,25,Bronze,Shopee,Chonburi,1141,TV_Show,Credit_Card,7,5,6,1,20-30,38.03333333333333,2.0,1.0,0.5,89,54,3972.845,0.23,0.5,0.5,0.0,0.0,0,0,0.0,0.0,0,0,0.0,893.99,1,0,0.0,7945.69,2,1,0.5,1
LGS2ORD0017340,C017992,2025-05-18 08:00:00,Male,67,Bronze,Web,Songkhla,1329,Lazada,Credit_Card,8,5,6,1,>50,44.3,9.0,4.0,0.4444444444444444,19,14,3515.918888888889,0.23,0.5555555555555556,0.2222222222222222,0.0,0.0,0,0,0.0,12016.84,2,1,0.5,26308.760000000002,6,2,0.3333333333333333,31643.27,9,4,0.4444444444444444,0
LGS2ORD0017341,C017923,2025-05-18 08:00:00,Female,61,Gold,TV,Nakhon Ratchasima,955,Web,COD,8,5,6,1,>50,31.833333333333332,4.0,0.0,0.0,-1,24,18343.0925,0.28,0.5,0.25,0.0,0.0,0,0,0.0,11181.84,1,0,0.0,64553.64,3,0,0.0,73372.37,4,0,0.0,1
LGS2ORD0017342,C012133,2025-05-18 08:00:00,Female,41,Gold,TV,Bangkok,467,Web,COD,8,5,6,1,40-50,15.566666666666666,6.0,1.0,0.16666666666666666,94,32,2925.4466666666667,0.33,0.5,0.3333333333333333,0.0,0.0,0,0,0.0,0.0,0,0,0.0,7321.5599999999995,2,0,0.0,17552.68,6,1,0.16666666666666666,0
LGS2ORD0017343,C012284,2025-05-18 08:00:00,Female,35,Platinum,Web,Chonburi,526,Lazada,Bank_Transfer,8,5,6,1,30-40,17.533333333333335,2.0,0.0,0.0,-1,90,1586.2150000000001,0.15,0.5,0.0,0.0,0.0,0,0,0.0,0.0,0,0,0.0,0.0,0,0,0.0,3172.4300000000003,2,0,0.0,1
LGS2ORD0017344,C015331,2025-05-18 08:00:00,Female,30,Bronze,Shopee,Bangkok,429,Lazada,COD,8,5,6,1,20-30,14.3,0.0,0.0,0.0,-1,-1,0.0,0.0,0.0,0.0,0.0,0.0,0,0,0.0,0.0,0,0,0.0,0.0,0,0,0.0,0.0,0,0,0.0,0
LGS2ORD0017345,C016407,2025-05-18 08:00:00,Male,18,Gold,CallCenter,Bangkok,646,TV_Show,COD,8,5,6,1,<20,21.533333333333335,2.0,0.0,0.0,-1,15,4083.53,0.28,0.5,1.0,0.0,0.0,0,0,0.0,7563.89,1,0,0.0,8167.06,2,0,0.0,8167.06,2,0,0.0,0
LGS2ORD0017346,C016927,2025-05-18 09:00:00,Male,39,Bronze,TV,Chonburi,223,Web,COD,9,5,6,1,30-40,7.433333333333334,2.0,1.0,0.5,-3,6,1295.9,0.08,0.5,0.0,0.0,1550.21,1,1,1.0,1550.21,1,1,1.0,2591.8,2,1,0.5,2591.8,2,1,0.5,0
LGS2ORD0017347,C014539,2025-05-18 09:00:00,Male,42,Silver,Lazada,Chiang Mai,983,TV_Show,COD,9,5,6,1,40-50,32.766666666666666,2.0,0.0,0.0,-1,3,12607.95,0.25,0.5,0.5,0.0,18063.8,1,0,0.0,18063.8,1,0,0.0,18063.8,1,0,0.0,25215.9,2,0,0.0,1
LGS2ORD0017348,C012644,2025-05-18 09:00:00,Male,32,Bronze,Web,Bangkok,1492,CallCenter,Credit_Card,9,5,6,1,30-40,49.733333333333334,3.0,1.0,0.3333333333333333,83,44,11329.12,0.18,0.6666666666666666,0.0,0.0,0.0,0,0,0.0,0.0,0,0,0.0,3517.73,1,0,0.0,33987.36,3,1,0.3333333333333333,0
LGS2ORD0017349,C011886,2025-05-18 09:00:00,Male,56,Bronze,Lazada,Khon Kaen,888,CallCenter,PromptPay,9,5,6,1,>50,29.6,4.0,1.0,0.25,30,13,2649.4049999999997,0.23,0.5,0.25,0.0,0.0,0,0,0.0,644.66,1,0,0.0,2589.2,2,1,0.5,10597.619999999999,4,1,0.25,0
LGS2ORD0017350,C016081,2025-05-18 09:00:00,Female,43,Platinum,Web,Bangkok,172,Lazada,Credit_Card,9,5,6,1,40-50,5.733333333333333,0.0,0.0,0.0,-1,-1,0.0,0.0,0.0,0.0,0.0,0.0,0,0,0.0,0.0,0,0,0.0,0.0,0,0,0.0,0.0,0,0,0.0,0
LGS2ORD0017351,C010160,2025-05-18 10:00:00,Female,61,Bronze,Lazada,Chonburi,905,TV_Show,COD,10,5,6,1,>50,30.166666666666668,3.0,0.0,0.0,-1,0,6495.389999999999,0.18,0.0,0.0,0.0,16332.72,1,0,0.0,16332.72,1,0,0.0,16332.72,1,0,0.0,19486.17,3,0,0.0,0
LGS2ORD0017352,C014123,2025-05-18 10:00:00,Female,53,Gold,Shopee,Bangkok,485,Shopee,COD,10,5,6,1,>50,16.166666666666668,0.0,0.0,0.0,-1,-1,0.0,0.0,0.0,0.0,0.0,0.0,0,0,0.0,0.0,0,0,0.0,0.0,0,0,0.0,0.0,0,0,0.0,1
LGS2ORD0017353,C010211,2025-05-18 10:00:00,Male,29,Bronze,Web,Nakhon Ratchasima,268,TV_Show,COD,10,5,6,1,20-30,8.933333333333334,5.0,2.0,0.4,3,13,1750.148,0.28,0.4,0.4,0.0,0.0,0,0,0.0,2144.56,2,1,0.5,8750.74,5,2,0.4,8750.74,5,2,0.4,1
LGS2ORD0017354,C012670,2025-05-18 10:00:00,Male,34,Bronze,TV,Chonburi,337,Shopee,COD,10,5,6,1,30-40,11.233333333333333,1.0,0.0,0.0,-1,65,1282.83,0.28,0.0,1.0,0.0,0.0,0,0,0.0,0.0,0,0,0.0,1282.83,1,0,0.0,1282.83,1,0,0.0,0
LGS2ORD0017355,C014965,2025-05-18 10:00:00,Female,48,Bronze,TV,Nakhon Ratchasima,811,CallCenter,Credit_Card,10,5,6,1,40-50,27.033333333333335,2.0,2.0,1.0,26,32,9353.02,0.18,0.0,0.0,0.0,0.0,0,0,0.0,0.0,0,0,0.0,18706.04,2,2,1.0,18706.04,2,2,1.0,0
LGS2ORD0017356,C014466,2025-05-18 11:00:00,Female,49,Bronze,TV,Chonburi,1195,Lazada,Credit_Card,11,5,6,1,40-50,39.833333333333336,2.0,0.0,0.0,-1,73,2437.385,0.23,0.5,0.5,0.0,0.0,0,0,0.0,0.0,0,0,0.0,1633.42,1,0,0.0,4874.77,2,0,0.0,0
LGS2ORD0017357,C013004,2025-05-18 11:00:00,Female,34,Bronze,CallCenter,Chonburi,644,Web,COD,11,5,6,1,30-40,21.466666666666665,0.0,0.0,0.0,-1,-1,0.0,0.0,0.0,0.0,0.0,0.0,0,0,0.0,0.0,0,0,0.0,0.0,0,0,0.0,0.0,0,0,0.0,0
LGS2ORD0017358,C013015,2025-05-18 11:00:00,Female,56,Platinum,TV,Chonburi,1234,Shopee,PromptPay,11,5,6,1,>50,41.13333333333333,3.0,0.0,0.0,-1,33,5380.79,0.3,0.6666666666666666,0.3333333333333333,0.0,0.0,0,0,0.0,0.0,0,0,0.0,16142.369999999999,3,0,0.0,16142.369999999999,3,0,0.0,0
LGS2ORD0017359,C010850,2025-05-18 11:00:00,Other,43,Silver,TV,Chiang Mai,775,Web,Bank_Transfer,11,5,6,1,40-50,25.833333333333332,5.0,1.0,0.2,86,15,6691.6759999999995,0.3,0.6,0.2,0.0,0.0,0,0,0.0,8120.21,2,0,0.0,15444.970000000001,3,0,0.0,33458.38,5,1,0.2,0
LGS2ORD0017360,C017216,2025-05-18 11:00:00,Other,45,Bronze,Lazada,Songkhla,772,TV_Show,Credit_Card,11,5,6,1,40-50,25.733333333333334,4.0,2.0,0.5,3,8,1570.8375,0.23,0.25,0.25,0.0,0.0,0,0,0.0,2712.2799999999997,2,1,0.5,6283.35,4,2,0.5,6283.35,4,2,0.5,0
LGS2ORD0017361,C010027,2025-05-18 12:00:00,Female,23,Bronze,Shopee,Khon Kaen,1341,CallCenter,COD,12,5,6,1,20-30,44.7,1.0,1.0,1.0,106,110,556.31,0.23,1.0,1.0,0.0,0.0,0,0,0.0,0.0,0,0,0.0,0.0,0,0,0.0,556.31,1,1,1.0,0
LGS2ORD0017362,C015710,2025-05-18 12:00:00,Female,46,Platinum,TV,Khon Kaen,301,Shopee,PromptPay,12,5,6,1,40-50,10.033333333333333,1.0,0.0,0.0,-1,78,3164.79,0.15,0.0,0.0,0.0,0.0,0,0,0.0,0.0,0,0,0.0,3164.79,1,0,0.0,3164.79,1,0,0.0,0
LGS2ORD0017363,C010550,2025-05-18 12:00:00,Female,41,Bronze,CallCenter,Bangkok,210,TV_Show,COD,12,5,6,1,40-50,7.0,0.0,0.0,0.0,-1,-1,0.0,0.0,0.0,0.0,0.0,0.0,0,0,0.0,0.0,0,0,0.0,0.0,0,0,0.0,0.0,0,0,0.0,0
LGS2ORD0017364,C015933,2025-05-18 12:00:00,Female,35,Silver,Web,Nakhon Ratchasima,1157,TV_Show,COD,12,5,6,1,30-40,38.56666666666667,2.0,0.0,0.0,-1,3,1378.81,0.1,0.5,0.0,0.0,1076.99,1,0,0.0,1076.99,1,0,0.0,1076.99,1,0,0.0,2757.62,2,0,0.0,1
LGS2ORD0017365,C017767,2025-05-18 12:00:00,Male,60,Bronze,Lazada,Phuket,459,Shopee,COD,12,5,6,1,>50,15.3,2.0,0.0,0.0,-1,42,3042.9449999999997,0.08,0.0,0.0,0.0,0.0,0,0,0.0,0.0,0,0,0.0,6085.889999999999,2,0,0.0,6085.889999999999,2,0,0.0,1
LGS2ORD0017366,C010441,2025-05-18 12:00:00,Female,37,Gold,Lazada,Chonburi,657,TV_Show,Credit_Card,12,5,6,1,30-40,21.9,0.0,0.0,0.0,-1,-1,0.0,0.0,0.0,0.0,0.0,0.0,0,0,0.0,0.0,0,0,0.0,0.0,0,0,0.0,0.0,0,0,0.0,0
LGS2ORD0017367,C011487,2025-05-18 13:00:00,Female,31,Silver,Web,Remote_Area,1288,TV_Show,PromptPay,13,5,6,1,30-40,42.93333333333333,4.0,2.0,0.5,46,55,5740.477499999999,0.25,0.25,0.25,0.0,0.0,0,0,0.0,0.0,0,0,0.0,17428.45,3,1,0.3333333333333333,22961.909999999996,4,2,0.5,1
LGS2ORD0017368,C014725,2025-05-18 13:00:00,Female,56,Silver,TV,Bangkok,306,Web,COD,13,5,6,1,>50,10.2,2.0,2.0,1.0,20,31,4354.43,0.25,1.0,0.5,0.0,0.0,0,0,0.0,0.0,0,0,0.0,8708.86,2,2,1.0,8708.86,2,2,1.0,0
LGS2ORD0017369,C015692,2025-05-18 13:00:00,Female,40,Bronze,TV,Bangkok,1051,TV_Show,Credit_Card,13,5,6,1,30-40,35.03333333333333,4.0,1.0,0.25,63,1,2403.985,0.28,0.25,0.5,0.0,1434.92,1,0,0.0,1434.92,1,0,0.0,7109.330000000001,3,1,0.3333333333333333,9615.94,4,1,0.25,0
LGS2ORD0017370,C013892,2025-05-18 13:00:00,Female,28,Bronze,CallCenter,Bangkok,619,Web,PromptPay,13,5,6,1,20-30,20.633333333333333,3.0,1.0,0.3333333333333333,44,33,2783.7999999999997,0.23,0.3333333333333333,0.6666666666666666,0.0,0.0,0,0,0.0,0.0,0,0,0.0,970.99,2,1,0.5,8351.4,3,1,0.3333333333333333,0
LGS2ORD0017371,C016414,2025-05-18 13:00:00,Female,49,Bronze,Lazada,Nakhon Ratchasima,160,TV_Show,Bank_Transfer,13,5,6,1,40-50,5.333333333333333,2.0,0.0,0.0,-1,3,2291.77,0.23,0.5,0.5,0.0,3744.31,1,0,0.0,3744.31,1,0,0.0,4583.54,2,0,0.0,4583.54,2,0,0.0,0
LGS2ORD0017372,C015972,2025-05-18 14:00:00,Male,46,Gold,CallCenter,Bangkok,1538,CallCenter,COD,14,5,6,1,40-50,51.266666666666666,3.0,0.0,0.0,-1,105,4592.463333333333,0.28,0.3333333333333333,0.6666666666666666,0.0,0.0,0,0,0.0,0.0,0,0,0.0,0.0,0,0,0.0,13777.39,3,0,0.0,0
LGS2ORD0017373,C010015,2025-05-18 14:00:00,Female,46,Silver,Web,Songkhla,414,TV_Show,PromptPay,14,5,6,1,40-50,13.8,4.0,2.0,0.5,-5,4,7492.835,0.3,0.5,0.5,0.0,9327.09,1,1,1.0,9327.09,1,1,1.0,29971.34,4,2,0.5,29971.34,4,2,0.5,0
LGS2ORD0017374,C011328,2025-05-18 14:00:00,Female,35,Silver,Web,Phuket,1182,Web,COD,14,5,6,1,30-40,39.4,1.0,1.0,1.0,76,85,3139.56,0.1,0.0,0.0,0.0,0.0,0,0,0.0,0.0,0,0,0.0,3139.56,1,1,1.0,3139.56,1,1,1.0,1
LGS2ORD0017375,C011266,2025-05-18 14:00:00,Female,53,Bronze,Web,Remote_Area,1228,TV_Show,COD,14,5,6,1,>50,40.93333333333333,0.0,0.0,0.0,-1,-1,0.0,0.0,0.0,0.0,0.0,0.0,0,0,0.0,0.0,0,0,0.0,0.0,0,0,0.0,0.0,0,0,0.0,0
LGS2ORD0017376,C010795,2025-05-18 14:00:00,Female,67,Bronze,TV,Bangkok,1430,Lazada,PromptPay,14,5,6,1,>50,47.666666666666664,1.0,0.0,0.0,-1,77,1117.38,0.03,1.0,0.0,0.0,0.0,0,0,0.0,0.0,0,0,0.0,1117.38,1,0,0.0,1117.38,1,0,0.0,0
LGS2ORD0017377,C013248,2025-05-18 15:00:00,Female,54,Gold,Web,Songkhla,1274,CallCenter,COD,15,5,6,1,>50,42.46666666666667,6.0,1.0,0.16666666666666666,126,26,2161.6916666666666,0.33,0.3333333333333333,0.5,0.16666666666666666,0.0,0,0,0.0,1629.09,1,0,0.0,5365.1,3,0,0.0,12970.15,6,1,0.16666666666666666,1
LGS2ORD0017378,C010700,2025-05-18 15:00:00,Male,32,Bronze,CallCenter,Chiang Mai,610,Web,COD,15,5,6,1,30-40,20.333333333333332,2.0,0.0,0.0,-1,104,11143.14,0.18,0.5,0.0,0.0,0.0,0,0,0.0,0.0,0,0,0.0,0.0,0,0,0.0,22286.28,2,0,0.0,0
LGS2ORD0017379,C017360,2025-05-18 15:00:00,Female,38,Bronze,Shopee,Khon Kaen,374,Lazada,Credit_Card,15,5,6,1,30-40,12.466666666666667,6.0,0.0,0.0,-1,25,2103.9683333333337,0.18,0.5,0.0,0.0,0.0,0,0,0.0,7524.610000000001,2,0,0.0,10086.48,3,0,0.0,12623.810000000001,6,0,0.0,1
LGS2ORD0017380,C017954,2025-05-18 15:00:00,Female,26,Bronze,Lazada,Remote_Area,1393,Web,Bank_Transfer,15,5,6,1,20-30,46.43333333333333,2.0,0.0,0.0,-1,37,7740.73,0.18,0.0,0.0,0.0,0.0,0,0,0.0,0.0,0,0,0.0,9439.64,1,0,0.0,15481.46,2,0,0.0,1
LGS2ORD0017381,C017289,2025-05-18 15:00:00,Female,38,Platinum,TV,Khon Kaen,1433,Lazada,Bank_Transfer,15,5,6,1,30-40,47.766666666666666,3.0,0.0,0.0,-1,87,1136.8966666666665,0.25,1.0,0.6666666666666666,0.0,0.0,0,0,0.0,0.0,0,0,0.0,2241.66,1,0,0.0,3410.6899999999996,3,0,0.0,0
LGS2ORD0017382,C012037,2025-05-18 15:00:00,Female,38,Bronze,CallCenter,Nakhon Ratchasima,268,Web,COD,15,5,6,1,30-40,8.933333333333334,1.0,1.0,1.0,20,27,9944.75,0.18,1.0,0.0,0.0,0.0,0,0,0.0,9944.75,1,1,1.0,9944.75,1,1,1.0,9944.75,1,1,1.0,1
LGS2ORD0017383,C010805,2025-05-18 16:00:00,Female,31,Platinum,Shopee,Chonburi,1305,Web,PromptPay,16,5,6,1,30-40,43.5,0.0,0.0,0.0,-1,-1,0.0,0.0,0.0,0.0,0.0,0.0,0,0,0.0,0.0,0,0,0.0,0.0,0,0,0.0,0.0,0,0,0.0,0
LGS2ORD0017384,C011252,2025-05-18 16:00:00,Female,32,Silver,TV,Bangkok,378,TV_Show,COD,16,5,6,1,30-40,12.6,3.0,2.0,0.6666666666666666,20,30,6216.973333333332,0.25,1.0,0.6666666666666666,0.0,0.0,0,0,0.0,0.0,0,0,0.0,5775.49,1,1,1.0,18650.92,3,2,0.6666666666666666,1
LGS2ORD0017385,C015583,2025-05-18 16:00:00,Male,18,Silver,TV,Nakhon Ratchasima,602,Web,COD,16,5,6,1,<20,20.066666666666666,4.0,0.0,0.0,-1,26,8533.63,0.05,0.5,0.0,0.0,0.0,0,0,0.0,14755.03,1,0,0.0,34134.52,4,0,0.0,34134.52,4,0,0.0,0
LGS2ORD0017386,C013799,2025-05-18 16:00:00,Female,63,Bronze,TV,Chiang Mai,461,Shopee,COD,16,5,6,1,>50,15.366666666666667,4.0,0.0,0.0,-1,27,7789.0225,0.18,0.5,0.0,0.0,0.0,0,0,0.0,8750.66,1,0,0.0,28720.59,3,0,0.0,31156.09,4,0,0.0,0
LGS2ORD0017387,C017130,2025-05-18 16:00:00,Female,52,Gold,CallCenter,Phuket,366,TV_Show,COD,16,5,6,1,>50,12.2,4.0,1.0,0.25,18,11,9208.1725,0.28,1.0,0.75,0.0,0.0,0,0,0.0,21379.08,2,1,0.5,31076.5,3,1,0.3333333333333333,36832.69,4,1,0.25,1
LGS2ORD0017388,C011903,2025-05-18 17:00:00,Male,46,Bronze,TV,Remote_Area,1530,Shopee,COD,17,5,6,1,40-50,51.0,5.0,0.0,0.0,-1,27,9974.45,0.23,0.6,0.2,0.0,0.0,0,0,0.0,2759.38,1,0,0.0,48463.97,4,0,0.0,49872.25,5,0,0.0,0
LGS2ORD0017389,C013173,2025-05-18 17:00:00,Female,45,Silver,Web,Songkhla,1593,CallCenter,COD,17,5,6,1,40-50,53.1,1.0,1.0,1.0,78,87,10074.07,0.25,1.0,1.0,0.0,0.0,0,0,0.0,0.0,0,0,0.0,10074.07,1,1,1.0,10074.07,1,1,1.0,1
LGS2ORD0017390,C013568,2025-05-18 17:00:00,Male,47,Bronze,Lazada,Remote_Area,1585,TV_Show,Credit_Card,17,5,6,1,40-50,52.833333333333336,0.0,0.0,0.0,-1,-1,0.0,0.0,0.0,0.0,0.0,0.0,0,0,0.0,0.0,0,0,0.0,0.0,0,0,0.0,0.0,0,0,0.0,0
LGS2ORD0017391,C012693,2025-05-18 17:00:00,Male,45,Platinum,Web,Chiang Mai,565,TV_Show,COD,17,5,6,1,40-50,18.833333333333332,2.0,2.0,1.0,8,15,1245.4650000000001,0.3,0.5,1.0,0.0,0.0,0,0,0.0,1071.03,1,1,1.0,1071.03,1,1,1.0,2490.9300000000003,2,2,1.0,1
LGS2ORD0017392,C017614,2025-05-18 17:00:00,Female,24,Silver,TV,Chiang Mai,984,TV_Show,COD,17,5,6,1,20-30,32.8,2.0,0.0,0.0,-1,27,13563.885,0.2,0.5,0.0,0.0,0.0,0,0,0.0,12590.5,1,0,0.0,12590.5,1,0,0.0,27127.77,2,0,0.0,0
LGS2ORD0017393,C016154,2025-05-18 18:00:00,Other,58,Bronze,Shopee,Songkhla,184,CallCenter,COD,18,5,6,1,>50,6.133333333333334,5.0,2.0,0.4,100,54,4094.238,0.28,0.4,0.2,0.0,0.0,0,0,0.0,0.0,0,0,0.0,1317.48,1,0,0.0,20471.19,5,2,0.4,0
LGS2ORD0017394,C011386,2025-05-18 18:00:00,Female,59,Silver,Web,Chonburi,781,TV_Show,COD,18,5,6,1,>50,26.033333333333335,2.0,0.0,0.0,-1,43,5233.759999999999,0.2,0.5,0.0,0.0,0.0,0,0,0.0,0.0,0,0,0.0,10467.519999999999,2,0,0.0,10467.519999999999,2,0,0.0,0
LGS2ORD0017395,C016034,2025-05-18 18:00:00,Female,40,Bronze,Web,Songkhla,1098,Web,COD,18,5,6,1,30-40,36.6,5.0,4.0,0.8,69,42,3659.6699999999996,0.23,0.4,0.2,0.0,0.0,0,0,0.0,0.0,0,0,0.0,7005.599999999999,2,1,0.5,18298.35,5,4,0.8,1
LGS2ORD0017396,C017248,2025-05-18 18:00:00,Female,72,Bronze,TV,Phuket,533,TV_Show,COD,18,5,6,1,>50,17.766666666666666,4.0,1.0,0.25,22,31,5290.9275,0.23,0.75,0.25,0.0,0.0,0,0,0.0,0.0,0,0,0.0,19307.77,3,1,0.3333333333333333,21163.71,4,1,0.25,0
LGS2ORD0017397,C014324,2025-05-18 18:00:00,Female,33,Silver,TV,Khon Kaen,1528,Lazada,COD,18,5,6,1,30-40,50.93333333333333,3.0,2.0,0.6666666666666666,43,53,3253.473333333333,0.2,1.0,0.0,0.0,0.0,0,0,0.0,0.0,0,0,0.0,6862.9,2,2,1.0,9760.419999999998,3,2,0.6666666666666666,1
LGS2ORD0017398,C014060,2025-05-18 19:00:00,Female,51,Bronze,Web,Phuket,1235,TV_Show,Credit_Card,19,5,6,1,>50,41.166666666666664,1.0,0.0,0.0,-1,38,6419.13,0.28,0.0,1.0,0.0,0.0,0,0,0.0,0.0,0,0,0.0,6419.13,1,0,0.0,6419.13,1,0,0.0,1
LGS2ORD0017399,C017572,2025-05-18 19:00:00,Female,41,Silver,Lazada,Chiang Mai,239,TV_Show,COD,19,5,6,1,40-50,7.966666666666667,4.0,1.0,0.25,68,42,4417.78,0.25,0.5,0.25,0.0,0.0,0,0,0.0,0.0,0,0,0.0,8452.8,2,1,0.5,17671.12,4,1,0.25,1
LGS2ORD0017400,C015756,2025-05-18 19:00:00,Female,42,Bronze,Shopee,Phuket,339,TV_Show,COD,19,5,6,1,40-50,11.3,3.0,2.0,0.6666666666666666,21,24,7611.933333333332,0.28,0.6666666666666666,0.6666666666666666,0.0,0.0,0,0,0.0,3221.74,1,0,0.0,8514.07,2,1,0.5,22835.799999999996,3,2,0.6666666666666666,1
LGS2ORD0017401,C010503,2025-05-18 19:00:00,Female,50,Bronze,Lazada,Remote_Area,1053,Shopee,COD,19,5,6,1,40-50,35.1,4.0,2.0,0.5,4,16,10420.482500000002,0.23,0.75,0.5,0.0,0.0,0,0,0.0,750.3,1,1,1.0,6453.89,2,1,0.5,41681.93000000001,4,2,0.5,0
LGS2ORD0017402,C014660,2025-05-18 19:00:00,Female,41,Bronze,Shopee,Khon Kaen,1019,Shopee,COD,19,5,6,1,40-50,33.96666666666667,3.0,0.0,0.0,-1,24,3113.08,0.23,0.3333333333333333,0.3333333333333333,0.0,0.0,0,0,0.0,3986.45,1,0,0.0,9339.24,3,0,0.0,9339.24,3,0,0.0,0
LGS2ORD0017403,C012303,2025-05-18 19:00:00,Male,39,Silver,TV,Nakhon Ratchasima,1336,CallCenter,Bank_Transfer,19,5,6,1,30-40,44.53333333333333,6.0,1.0,0.16666666666666666,15,12,5250.048333333333,0.3,0.3333333333333333,0.16666666666666666,0.0,0.0,0,0,0.0,14756.77,3,1,0.3333333333333333,29917.949999999997,5,1,0.2,31500.29,6,1,0.16666666666666666,0
LGS2ORD0017404,C016489,2025-05-18 20:00:00,Female,28,Silver,TV,Bangkok,651,Web,PromptPay,20,5,6,1,20-30,21.7,2.0,0.0,0.0,-1,78,4931.695,0.25,0.5,0.5,0.0,0.0,0,0,0.0,0.0,0,0,0.0,9863.39,2,0,0.0,9863.39,2,0,0.0,0
LGS2ORD0017405,C010159,2025-05-18 20:00:00,Male,18,Silver,TV,Bangkok,700,TV_Show,Credit_Card,20,5,6,1,<20,23.333333333333332,1.0,0.0,0.0,-1,135,4793.97,0.2,0.0,0.0,0.0,0.0,0,0,0.0,0.0,0,0,0.0,0.0,0,0,0.0,4793.97,1,0,0.0,0
LGS2ORD0017406,C013623,2025-05-18 20:00:00,Female,47,Bronze,TV,Chonburi,1570,Web,COD,20,5,6,1,40-50,52.333333333333336,2.0,1.0,0.5,23,30,7001.45,0.23,1.0,0.5,0.0,0.0,0,0,0.0,0.0,0,0,0.0,972.14,1,1,1.0,14002.9,2,1,0.5,0
LGS2ORD0017407,C014899,2025-05-18 20:00:00,Male,63,Silver,Web,Phuket,949,Shopee,COD,20,5,6,1,>50,31.633333333333333,4.0,2.0,0.5,27,13,4086.53,0.25,0.5,0.5,0.0,0.0,0,0,0.0,1759.61,1,0,0.0,16346.12,4,2,0.5,16346.12,4,2,0.5,1
LGS2ORD0017408,C015044,2025-05-18 20:00:00,Female,40,Bronze,TV,Songkhla,793,Shopee,Credit_Card,20,5,6,1,30-40,26.433333333333334,4.0,1.0,0.25,83,18,4465.605,0.28,0.5,0.5,0.0,0.0,0,0,0.0,7055.09,1,0,0.0,8891.41,2,0,0.0,17862.42,4,1,0.25,1
LGS2ORD0017409,C015995,2025-05-18 21:00:00,Female,46,Silver,TV,Bangkok,385,Lazada,COD,21,5,6,1,40-50,12.833333333333334,4.0,1.0,0.25,3,12,6631.205,0.2,0.25,0.0,0.0,0.0,0,0,0.0,3006.69,2,1,0.5,23997.75,3,1,0.3333333333333333,26524.82,4,1,0.25,0
LGS2ORD0017410,C011851,2025-05-18 21:00:00,Female,27,Silver,Lazada,Khon Kaen,1150,Shopee,Credit_Card,21,5,6,1,20-30,38.333333333333336,1.0,1.0,1.0,9,18,7013.31,0.3,1.0,1.0,0.0,0.0,0,0,0.0,7013.31,1,1,1.0,7013.31,1,1,1.0,7013.31,1,1,1.0,0
LGS2ORD0017411,C013876,2025-05-18 21:00:00,Female,37,Bronze,Shopee,Songkhla,1099,Shopee,Credit_Card,21,5,6,1,30-40,36.63333333333333,1.0,1.0,1.0,56,60,5163.24,0.28,1.0,1.0,0.0,0.0,0,0,0.0,0.0,0,0,0.0,5163.24,1,1,1.0,5163.24,1,1,1.0,0
LGS2ORD0017412,C016536,2025-05-18 21:00:00,Male,49,Bronze,TV,Remote_Area,751,Web,Bank_Transfer,21,5,6,1,40-50,25.033333333333335,1.0,1.0,1.0,90,99,2066.48,0.13,1.0,0.0,0.0,0.0,0,0,0.0,0.0,0,0,0.0,0.0,0,0,0.0,2066.48,1,1,1.0,0
LGS2ORD0017413,C010597,2025-05-18 21:00:00,Male,65,Bronze,Shopee,Bangkok,172,Shopee,COD,21,5,6,1,>50,5.733333333333333,7.0,1.0,0.14285714285714285,41,55,9244.664285714285,0.23,0.42857142857142855,0.42857142857142855,0.0,0.0,0,0,0.0,0.0,0,0,0.0,38941.49,4,1,0.25,64712.65,7,1,0.14285714285714285,0
LGS2ORD0017414,C011312,2025-05-18 22:00:00,Male,66,Silver,Web,Bangkok,838,Web,Credit_Card,22,5,6,1,>50,27.933333333333334,2.0,1.0,0.5,69,77,5598.335,0.25,0.0,0.5,0.0,0.0,0,0,0.0,0.0,0,0,0.0,11196.67,2,1,0.5,11196.67,2,1,0.5,0
LGS2ORD0017415,C017703,2025-05-18 22:00:00,Female,54,Bronze,TV,Chiang Mai,931,Web,COD,22,5,6,1,>50,31.033333333333335,3.0,0.0,0.0,-1,68,3768.16,0.13,0.3333333333333333,0.0,0.0,0.0,0,0,0.0,0.0,0,0,0.0,3859.95,2,0,0.0,11304.48,3,0,0.0,1
LGS2ORD0017416,C013101,2025-05-18 22:00:00,Male,44,Gold,TV,Chonburi,935,TV_Show,COD,22,5,6,1,40-50,31.166666666666668,3.0,1.0,0.3333333333333333,64,10,2791.8266666666664,0.33,0.0,1.0,0.0,0.0,0,0,0.0,6438.79,1,0,0.0,8375.48,3,1,0.3333333333333333,8375.48,3,1,0.3333333333333333,0
LGS2ORD0017417,C013681,2025-05-18 22:00:00,Female,49,Bronze,Web,Chiang Mai,1342,Lazada,COD,22,5,6,1,40-50,44.733333333333334,1.0,0.0,0.0,-1,120,1841.56,0.08,0.0,0.0,0.0,0.0,0,0,0.0,0.0,0,0,0.0,0.0,0,0,0.0,1841.56,1,0,0.0,0
LGS2ORD0017418,C014889,2025-05-18 22:00:00,Female,48,Silver,Web,Chiang Mai,1190,TV_Show,Credit_Card,22,5,6,1,40-50,39.666666666666664,1.0,0.0,0.0,-1,99,8444.96,0.1,1.0,0.0,0.0,0.0,0,0,0.0,0.0,0,0,0.0,0.0,0,0,0.0,8444.96,1,0,0.0,0
LGS2ORD0017419,C012627,2025-05-18 23:00:00,Female,48,Gold,Web,Bangkok,657,Lazada,Bank_Transfer,23,5,6,1,40-50,21.9,1.0,0.0,0.0,-1,22,4770.85,0.08,0.0,0.0,0.0,0.0,0,0,0.0,4770.85,1,0,0.0,4770.85,1,0,0.0,4770.85,1,0,0.0,0
LGS2ORD0017420,C010962,2025-05-18 23:00:00,Female,39,Bronze,Shopee,Chonburi,852,Shopee,COD,23,5,6,1,30-40,28.4,2.0,1.0,0.5,-11,4,6469.795,0.28,1.0,0.5,0.0,2510.48,1,1,1.0,2510.48,1,1,1.0,2510.48,1,1,1.0,12939.59,2,1,0.5,1
LGS2ORD0017421,C013176,2025-05-18 23:00:00,Male,56,Bronze,Shopee,Songkhla,787,TV_Show,COD,23,5,6,1,>50,26.233333333333334,3.0,1.0,0.3333333333333333,59,21,1115.5733333333335,0.18,0.6666666666666666,0.0,0.0,0.0,0,0,0.0,1887.02,1,0,0.0,3346.7200000000003,3,1,0.3333333333333333,3346.7200000000003,3,1,0.3333333333333333,0
LGS2ORD0017422,C013516,2025-05-18 23:00:00,Male,18,Bronze,TV,Khon Kaen,1397,TV_Show,PromptPay,23,5,6,1,<20,46.56666666666667,4.0,1.0,0.25,3,5,6126.5075,0.23,0.75,0.25,0.0,5582.78,1,1,1.0,5582.78,1,1,1.0,21296.96,3,1,0.3333333333333333,24506.03,4,1,0.25,0
LGS2ORD0017423,C011354,2025-05-18 23:00:00,Female,39,Bronze,Shopee,Remote_Area,981,TV_Show,Credit_Card,23,5,6,1,30-40,32.7,2.0,0.0,0.0,-1,64,4019.59,0.08,1.0,0.0,0.0,0.0,0,0,0.0,0.0,0,0,0.0,4867.9,1,0,0.0,8039.18,2,0,0.0,0
LGS2ORD0017424,C014741,2025-05-18 23:00:00,Female,40,Bronze,Web,Remote_Area,1341,Web,COD,23,5,6,1,30-40,44.7,1.0,1.0,1.0,105,121,13201.93,0.18,1.0,0.0,0.0,0.0,0,0,0.0,0.0,0,0,0.0,0.0,0,0,0.0,13201.93,1,1,1.0,1
LGS2ORD0017425,C017984,2025-05-19 00:00:00,Female,61,Bronze,Lazada,Khon Kaen,1434,Shopee,COD,0,5,0,0,>50,47.8,3.0,1.0,0.3333333333333333,29,23,9341.613333333333,0.23,0.6666666666666666,0.3333333333333333,0.0,0.0,0,0,0.0,9798.99,1,0,0.0,19476.85,2,1,0.5,28024.839999999997,3,1,0.3333333333333333,0
LGS2ORD0017426,C016720,2025-05-19 00:00:00,Male,57,Bronze,Lazada,Songkhla,404,Web,PromptPay,0,5,0,0,>50,13.466666666666667,4.0,1.0,0.25,5,16,4143.08,0.23,0.25,0.5,0.0,0.0,0,0,0.0,10888.42,1,1,1.0,11757.31,2,1,0.5,16572.32,4,1,0.25,0
LGS2ORD0017427,C016275,2025-05-19 00:00:00,Male,38,Silver,Web,Songkhla,997,TV_Show,COD,0,5,0,0,30-40,33.233333333333334,4.0,2.0,0.5,30,43,3346.22,0.25,0.5,0.25,0.0,0.0,0,0,0.0,0.0,0,0,0.0,13384.88,4,2,0.5,13384.88,4,2,0.5,1
LGS2ORD0017428,C016892,2025-05-19 00:00:00,Male,62,Bronze,TV,Songkhla,1430,Shopee,COD,0,5,0,0,>50,47.666666666666664,2.0,1.0,0.5,34,28,4432.77,0.23,0.5,0.5,0.0,0.0,0,0,0.0,4352.85,1,0,0.0,8865.54,2,1,0.5,8865.54,2,1,0.5,0
LGS2ORD0017429,C011955,2025-05-19 00:00:00,Male,20,Silver,Lazada,Nakhon Ratchasima,1235,CallCenter,Bank_Transfer,0,5,0,0,<20,41.166666666666664,2.0,0.0,0.0,-1,7,6149.085,0.15,1.0,0.0,0.0,10060.95,1,0,0.0,12298.17,2,0,0.0,12298.17,2,0,0.0,12298.17,2,0,0.0,0
LGS2ORD0017430,C017635,2025-05-19 01:00:00,Other,19,Bronze,Web,Nakhon Ratchasima,283,Shopee,PromptPay,1,5,0,0,<20,9.433333333333334,1.0,1.0,1.0,87,99,2417.26,0.13,0.0,0.0,0.0,0.0,0,0,0.0,0.0,0,0,0.0,0.0,0,0,0.0,2417.26,1,1,1.0,1
LGS2ORD0017431,C016135,2025-05-19 01:00:00,Male,40,Silver,Web,Chonburi,463,TV_Show,Credit_Card,1,5,0,0,30-40,15.433333333333334,2.0,1.0,0.5,124,42,9357.09,0.1,1.0,0.0,0.0,0.0,0,0,0.0,0.0,0,0,0.0,1208.32,1,0,0.0,18714.18,2,1,0.5,0
LGS2ORD0017432,C017740,2025-05-19 01:00:00,Female,34,Silver,Web,Remote_Area,272,TV_Show,Credit_Card,1,5,0,0,30-40,9.066666666666666,0.0,0.0,0.0,-1,-1,0.0,0.0,0.0,0.0,0.0,0.0,0,0,0.0,0.0,0,0,0.0,0.0,0,0,0.0,0.0,0,0,0.0,0
LGS2ORD0017433,C010395,2025-05-19 01:00:00,Female,42,Bronze,TV,Phuket,1459,TV_Show,Bank_Transfer,1,5,0,0,40-50,48.63333333333333,4.0,1.0,0.25,71,11,7730.485000000001,0.28,0.25,0.5,0.0,0.0,0,0,0.0,12473.51,1,0,0.0,21468.739999999998,3,1,0.3333333333333333,30921.940000000002,4,1,0.25,1
LGS2ORD0017434,C017434,2025-05-19 01:00:00,Female,54,Platinum,Shopee,Bangkok,974,Shopee,Credit_Card,1,5,0,0,>50,32.46666666666667,1.0,1.0,1.0,64,76,3185.2,0.3,0.0,1.0,0.0,0.0,0,0,0.0,0.0,0,0,0.0,3185.2,1,1,1.0,3185.2,1,1,1.0,0
LGS2ORD0017435,C012849,2025-05-19 02:00:00,Male,54,Platinum,Lazada,Chiang Mai,764,Shopee,COD,2,5,0,0,>50,25.466666666666665,2.0,0.0,0.0,-1,73,3230.025,0.15,0.5,0.0,0.0,0.0,0,0,0.0,0.0,0,0,0.0,6460.05,2,0,0.0,6460.05,2,0,0.0,0
LGS2ORD0017436,C016493,2025-05-19 02:00:00,Female,48,Silver,Web,Bangkok,349,Lazada,PromptPay,2,5,0,0,40-50,11.633333333333333,0.0,0.0,0.0,-1,-1,0.0,0.0,0.0,0.0,0.0,0.0,0,0,0.0,0.0,0,0,0.0,0.0,0,0,0.0,0.0,0,0,0.0,0
LGS2ORD0017437,C015177,2025-05-19 02:00:00,Male,37,Silver,Web,Remote_Area,1065,TV_Show,Bank_Transfer,2,5,0,0,30-40,35.5,0.0,0.0,0.0,-1,-1,0.0,0.0,0.0,0.0,0.0,0.0,0,0,0.0,0.0,0,0,0.0,0.0,0,0,0.0,0.0,0,0,0.0,0
LGS2ORD0017438,C011927,2025-05-19 02:00:00,Female,31,Bronze,CallCenter,Remote_Area,578,Web,COD,2,5,0,0,30-40,19.266666666666666,3.0,1.0,0.3333333333333333,85,81,4367.84,0.18,0.6666666666666666,0.0,0.0,0.0,0,0,0.0,0.0,0,0,0.0,1665.17,1,0,0.0,13103.52,3,1,0.3333333333333333,0
LGS2ORD0017439,C013121,2025-05-19 02:00:00,Male,52,Silver,Shopee,Chonburi,291,Web,COD,2,5,0,0,>50,9.7,2.0,0.0,0.0,-1,86,7268.469999999999,0.25,0.5,1.0,0.0,0.0,0,0,0.0,0.0,0,0,0.0,3275.31,1,0,0.0,14536.939999999999,2,0,0.0,0
LGS2ORD0017440,C011464,2025-05-19 03:00:00,Female,38,Gold,Lazada,Bangkok,375,TV_Show,Credit_Card,3,5,0,0,30-40,12.5,3.0,0.0,0.0,-1,25,2787.27,0.28,0.6666666666666666,0.6666666666666666,0.0,0.0,0,0,0.0,385.08,1,0,0.0,8361.81,3,0,0.0,8361.81,3,0,0.0,0
LGS2ORD0017441,C016315,2025-05-19 03:00:00,Male,41,Bronze,Shopee,Khon Kaen,979,Lazada,Bank_Transfer,3,5,0,0,40-50,32.63333333333333,1.0,0.0,0.0,-1,1,2420.16,0.28,1.0,1.0,0.0,2420.16,1,0,0.0,2420.16,1,0,0.0,2420.16,1,0,0.0,2420.16,1,0,0.0,0
LGS2ORD0017442,C011513,2025-05-19 03:00:00,Other,35,Bronze,Lazada,Bangkok,1152,TV_Show,COD,3,5,0,0,30-40,38.4,2.0,1.0,0.5,86,53,1870.3400000000001,0.18,0.5,0.0,0.0,0.0,0,0,0.0,0.0,0,0,0.0,3210.84,1,0,0.0,3740.6800000000003,2,1,0.5,0
LGS2ORD0017443,C015421,2025-05-19 03:00:00,Other,32,Platinum,Shopee,Phuket,983,Lazada,COD,3,5,0,0,30-40,32.766666666666666,5.0,2.0,0.4,103,1,3675.0620000000004,0.35,0.8,1.0,0.0,1674.99,1,0,0.0,15103.55,2,0,0.0,15103.55,2,0,0.0,18375.31,5,2,0.4,1
LGS2ORD0017444,C015899,2025-05-19 03:00:00,Female,62,Bronze,Lazada,Nakhon Ratchasima,1011,Web,COD,3,5,0,0,>50,33.7,3.0,0.0,0.0,-1,61,3372.9266666666667,0.23,0.3333333333333333,0.3333333333333333,0.0,0.0,0,0,0.0,0.0,0,0,0.0,8500.25,2,0,0.0,10118.78,3,0,0.0,0
LGS2ORD0017445,C013237,2025-05-19 03:00:00,Male,49,Bronze,CallCenter,Chonburi,214,TV_Show,COD,3,5,0,0,40-50,7.133333333333334,3.0,2.0,0.6666666666666666,-2,4,7557.9766666666665,0.18,0.6666666666666666,0.0,0.0,19506.69,1,0,0.0,21041.93,2,1,0.5,22673.93,3,2,0.6666666666666666,22673.93,3,2,0.6666666666666666,0
LGS2ORD0017446,C015738,2025-05-19 04:00:00,Male,30,Platinum,Shopee,Khon Kaen,1480,Web,Credit_Card,4,5,0,0,20-30,49.333333333333336,1.0,1.0,1.0,4,13,2076.17,0.25,0.0,1.0,0.0,0.0,0,0,0.0,2076.17,1,1,1.0,2076.17,1,1,1.0,2076.17,1,1,1.0,0
LGS2ORD0017447,C011002,2025-05-19 04:00:00,Female,53,Gold,TV,Remote_Area,1085,Web,PromptPay,4,5,0,0,>50,36.166666666666664,5.0,2.0,0.4,85,75,2983.438,0.33,0.6,0.6,0.0,0.0,0,0,0.0,0.0,0,0,0.0,10878.66,2,0,0.0,14917.19,5,2,0.4,1
LGS2ORD0017448,C010034,2025-05-19 04:00:00,Male,31,Platinum,Lazada,Songkhla,263,TV_Show,PromptPay,4,5,0,0,30-40,8.766666666666667,2.0,1.0,0.5,108,46,4328.610000000001,0.25,0.5,0.5,0.0,0.0,0,0,0.0,0.0,0,0,0.0,1217.91,1,0,0.0,8657.220000000001,2,1,0.5,0
LGS2ORD0017449,C011637,2025-05-19 04:00:00,Male,36,Gold,Shopee,Nakhon Ratchasima,1075,Lazada,PromptPay,4,5,0,0,30-40,35.833333333333336,2.0,0.0,0.0,-1,79,4432.75,0.2299999999999999,0.0,0.5,0.0,0.0,0,0,0.0,0.0,0,0,0.0,2391.19,1,0,0.0,8865.5,2,0,0.0,0
LGS2ORD0017450,C015517,2025-05-19 04:00:00,Male,57,Gold,Shopee,Bangkok,1359,Lazada,COD,4,5,0,0,>50,45.3,2.0,1.0,0.5,105,71,468.91999999999996,0.28,0.5,1.0,0.0,0.0,0,0,0.0,0.0,0,0,0.0,645.81,1,0,0.0,937.8399999999999,2,1,0.5,0
LGS2ORD0017451,C016229,2025-05-19 05:00:00,Female,37,Bronze,Web,Bangkok,344,Web,Credit_Card,5,5,0,0,30-40,11.466666666666667,1.0,1.0,1.0,73,87,3900.5,0.13,0.0,0.0,0.0,0.0,0,0,0.0,0.0,0,0,0.0,3900.5,1,1,1.0,3900.5,1,1,1.0,1
LGS2ORD0017452,C015879,2025-05-19 05:00:00,Female,46,Silver,CallCenter,Khon Kaen,449,TV_Show,COD,5,5,0,0,40-50,14.966666666666667,4.0,1.0,0.25,20,10,2581.5375,0.15,0.75,0.0,0.0,0.0,0,0,0.0,3244.79,2,1,0.5,6272.16,3,1,0.3333333333333333,10326.15,4,1,0.25,0
LGS2ORD0017453,C016287,2025-05-19 05:00:00,Female,28,Platinum,TV,Bangkok,729,Shopee,COD,5,5,0,0,20-30,24.3,1.0,0.0,0.0,-1,113,611.7,0.15,0.0,0.0,0.0,0.0,0,0,0.0,0.0,0,0,0.0,0.0,0,0,0.0,611.7,1,0,0.0,0
LGS2ORD0017454,C016122,2025-05-19 05:00:00,Female,21,Platinum,Shopee,Bangkok,708,CallCenter,COD,5,5,0,0,20-30,23.6,1.0,0.0,0.0,-1,97,1529.78,0.1,0.0,0.0,0.0,0.0,0,0,0.0,0.0,0,0,0.0,0.0,0,0,0.0,1529.78,1,0,0.0,0
LGS2ORD0017455,C015675,2025-05-19 05:00:00,Other,26,Silver,Shopee,Remote_Area,1424,Web,Bank_Transfer,5,5,0,0,20-30,47.46666666666667,3.0,1.0,0.3333333333333333,-5,9,7987.546666666666,0.3,0.0,0.3333333333333333,0.0,0.0,0,0,0.0,15511.32,1,1,1.0,21115.19,2,1,0.5,23962.64,3,1,0.3333333333333333,1
LGS2ORD0017456,C011917,2025-05-19 06:00:00,Male,48,Silver,TV,Bangkok,986,Web,COD,6,5,0,0,40-50,32.86666666666667,2.0,2.0,1.0,15,24,4662.655,0.25,1.0,1.0,0.0,0.0,0,0,0.0,6799.33,1,1,1.0,9325.31,2,2,1.0,9325.31,2,2,1.0,0
LGS2ORD0017457,C014659,2025-05-19 06:00:00,Female,50,Gold,TV,Khon Kaen,1376,TV_Show,COD,6,5,0,0,40-50,45.86666666666667,5.0,0.0,0.0,-1,12,4117.834,0.33,0.4,0.4,0.0,0.0,0,0,0.0,3683.17,1,0,0.0,20589.17,5,0,0.0,20589.17,5,0,0.0,0
LGS2ORD0017458,C011829,2025-05-19 06:00:00,Male,44,Bronze,TV,Khon Kaen,1058,TV_Show,COD,6,5,0,0,40-50,35.266666666666666,1.0,0.0,0.0,-1,48,9568.99,0.03,0.0,0.0,0.0,0.0,0,0,0.0,0.0,0,0,0.0,9568.99,1,0,0.0,9568.99,1,0,0.0,1
LGS2ORD0017459,C014724,2025-05-19 06:00:00,Female,59,Silver,Shopee,Bangkok,692,Web,COD,6,5,0,0,>50,23.066666666666666,0.0,0.0,0.0,-1,-1,0.0,0.0,0.0,0.0,0.0,0.0,0,0,0.0,0.0,0,0,0.0,0.0,0,0,0.0,0.0,0,0,0.0,0
LGS2ORD0017460,C014564,2025-05-19 06:00:00,Male,33,Silver,TV,Bangkok,1127,Web,COD,6,5,0,0,30-40,37.56666666666667,4.0,1.0,0.25,-1,4,2903.8200000000006,0.3,1.0,0.5,0.0,1848.2,1,0,0.0,6952.22,2,1,0.5,8477.630000000001,3,1,0.3333333333333333,11615.280000000002,4,1,0.25,0
LGS2ORD0017461,C016342,2025-05-19 07:00:00,Female,27,Gold,TV,Chiang Mai,1069,Shopee,COD,7,5,0,0,20-30,35.63333333333333,4.0,1.0,0.25,68,43,4610.0675,0.33,0.5,0.5,0.0,0.0,0,0,0.0,0.0,0,0,0.0,7547.21,2,1,0.5,18440.27,4,1,0.25,1
LGS2ORD0017462,C010727,2025-05-19 07:00:00,Male,44,Silver,Web,Khon Kaen,931,TV_Show,COD,7,5,0,0,40-50,31.033333333333335,6.0,2.0,0.3333333333333333,30,12,7966.448333333334,0.3,0.8333333333333334,0.3333333333333333,0.0,0.0,0,0,0.0,14918.0,1,0,0.0,26059.620000000003,3,1,0.3333333333333333,47798.69,6,2,0.3333333333333333,0
LGS2ORD0017463,C011887,2025-05-19 07:00:00,Female,56,Gold,CallCenter,Bangkok,1274,Shopee,PromptPay,7,5,0,0,>50,42.46666666666667,3.0,1.0,0.3333333333333333,25,33,10314.103333333333,0.33,0.6666666666666666,0.6666666666666666,0.0,0.0,0,0,0.0,0.0,0,0,0.0,17961.71,2,1,0.5,30942.309999999998,3,1,0.3333333333333333,0
LGS2ORD0017464,C011565,2025-05-19 07:00:00,Male,64,Gold,Shopee,Remote_Area,1220,Lazada,COD,7,5,0,0,>50,40.666666666666664,2.0,0.0,0.0,-1,68,703.135,0.33,1.0,1.0,0.0,0.0,0,0,0.0,0.0,0,0,0.0,753.08,1,0,0.0,1406.27,2,0,0.0,1
LGS2ORD0017465,C017475,2025-05-19 07:00:00,Female,22,Silver,Shopee,Bangkok,1020,Shopee,COD,7,5,0,0,20-30,34.0,2.0,0.0,0.0,-1,47,7166.68,0.3,0.0,0.5,0.0,0.0,0,0,0.0,0.0,0,0,0.0,582.42,1,0,0.0,14333.36,2,0,0.0,0
LGS2ORD0017466,C013499,2025-05-19 07:00:00,Male,36,Bronze,Web,Khon Kaen,799,Lazada,Bank_Transfer,7,5,0,0,30-40,26.633333333333333,3.0,1.0,0.3333333333333333,98,68,1164.1233333333334,0.28,1.0,0.3333333333333333,0.0,0.0,0,0,0.0,0.0,0,0,0.0,1231.23,1,0,0.0,3492.3700000000003,3,1,0.3333333333333333,0
LGS2ORD0017467,C013935,2025-05-19 08:00:00,Female,69,Bronze,Shopee,Chonburi,1268,CallCenter,COD,8,5,0,0,>50,42.266666666666666,1.0,0.0,0.0,-1,123,7135.37,0.23,0.0,1.0,0.0,0.0,0,0,0.0,0.0,0,0,0.0,0.0,0,0,0.0,7135.37,1,0,0.0,0
LGS2ORD0017468,C015977,2025-05-19 08:00:00,Male,19,Platinum,TV,Bangkok,262,Shopee,COD,8,5,0,0,<20,8.733333333333333,1.0,0.0,0.0,-1,39,1662.2,0.25,1.0,1.0,0.0,0.0,0,0,0.0,0.0,0,0,0.0,1662.2,1,0,0.0,1662.2,1,0,0.0,0
LGS2ORD0017469,C014287,2025-05-19 08:00:00,Male,43,Bronze,Lazada,Bangkok,1351,TV_Show,COD,8,5,0,0,40-50,45.03333333333333,0.0,0.0,0.0,-1,-1,0.0,0.0,0.0,0.0,0.0,0.0,0,0,0.0,0.0,0,0,0.0,0.0,0,0,0.0,0.0,0,0,0.0,0
LGS2ORD0017470,C015719,2025-05-19 08:00:00,Female,65,Silver,TV,Songkhla,783,Lazada,Credit_Card,8,5,0,0,>50,26.1,0.0,0.0,0.0,-1,-1,0.0,0.0,0.0,0.0,0.0,0.0,0,0,0.0,0.0,0,0,0.0,0.0,0,0,0.0,0.0,0,0,0.0,0
LGS2ORD0017471,C012222,2025-05-19 08:00:00,Female,53,Bronze,Shopee,Chiang Mai,575,Web,Bank_Transfer,8,5,0,0,>50,19.166666666666668,1.0,0.0,0.0,-1,53,3309.7,0.03,1.0,0.0,0.0,0.0,0,0,0.0,0.0,0,0,0.0,3309.7,1,0,0.0,3309.7,1,0,0.0,0
LGS2ORD0017472,C012205,2025-05-19 09:00:00,Male,31,Bronze,TV,Remote_Area,963,Web,COD,9,5,0,0,30-40,32.1,5.0,1.0,0.2,108,7,2987.2799999999997,0.23,0.4,0.2,0.0,0.0,0,0,0.0,11379.65,1,0,0.0,12053.81,2,0,0.0,14936.4,5,1,0.2,0
LGS2ORD0017473,C012344,2025-05-19 09:00:00,Other,19,Platinum,Web,Chonburi,642,Lazada,COD,9,5,0,0,<20,21.4,3.0,1.0,0.3333333333333333,-13,1,6712.293333333334,0.3,0.6666666666666666,1.0,0.0,705.72,1,1,1.0,705.72,1,1,1.0,18312.43,2,1,0.5,20136.88,3,1,0.3333333333333333,0
LGS2ORD0017474,C014892,2025-05-19 09:00:00,Male,48,Gold,TV,Nakhon Ratchasima,445,Shopee,COD,9,5,0,0,40-50,14.833333333333334,3.0,1.0,0.3333333333333333,118,3,11381.913333333332,0.13,1.0,0.0,0.0,29393.0,1,0,0.0,29393.0,1,0,0.0,33261.72,2,0,0.0,34145.74,3,1,0.3333333333333333,0
LGS2ORD0017475,C012481,2025-05-19 09:00:00,Female,49,Platinum,TV,Phuket,1188,Shopee,COD,9,5,0,0,40-50,39.6,3.0,2.0,0.6666666666666666,86,95,5167.0199999999995,0.35,0.6666666666666666,1.0,0.0,0.0,0,0,0.0,0.0,0,0,0.0,0.0,0,0,0.0,15501.06,3,2,0.6666666666666666,1
LGS2ORD0017476,C012422,2025-05-19 09:00:00,Female,43,Silver,TV,Chiang Mai,1262,Lazada,COD,9,5,0,0,40-50,42.06666666666667,2.0,1.0,0.5,131,65,991.105,0.3,1.0,1.0,0.0,0.0,0,0,0.0,0.0,0,0,0.0,1394.25,1,0,0.0,1982.21,2,1,0.5,0
LGS2ORD0017477,C016631,2025-05-19 10:00:00,Female,40,Bronze,TV,Remote_Area,179,Shopee,COD,10,5,0,0,30-40,5.966666666666667,1.0,1.0,1.0,4,10,2204.36,0.28,1.0,1.0,0.0,0.0,0,0,0.0,2204.36,1,1,1.0,2204.36,1,1,1.0,2204.36,1,1,1.0,0
LGS2ORD0017478,C017396,2025-05-19 10:00:00,Male,28,Bronze,TV,Remote_Area,1124,TV_Show,Credit_Card,10,5,0,0,20-30,37.46666666666667,4.0,3.0,0.75,56,63,4829.342500000001,0.13,0.75,0.0,0.0,0.0,0,0,0.0,0.0,0,0,0.0,2121.36,1,1,1.0,19317.370000000003,4,3,0.75,0
LGS2ORD0017479,C011939,2025-05-19 10:00:00,Female,55,Silver,TV,Remote_Area,1556,TV_Show,COD,10,5,0,0,>50,51.86666666666667,2.0,2.0,1.0,-3,11,1522.12,0.25,1.0,0.5,0.0,0.0,0,0,0.0,1358.1,1,1,1.0,3044.24,2,2,1.0,3044.24,2,2,1.0,0
LGS2ORD0017480,C017928,2025-05-19 10:00:00,Male,38,Gold,Web,Chiang Mai,545,Web,COD,10,5,0,0,30-40,18.166666666666668,5.0,1.0,0.2,99,93,3734.112,0.2299999999999999,0.8,0.2,0.0,0.0,0,0,0.0,0.0,0,0,0.0,0.0,0,0,0.0,18670.56,5,1,0.2,0
LGS2ORD0017481,C015144,2025-05-19 10:00:00,Male,56,Gold,Shopee,Chiang Mai,216,Shopee,PromptPay,10,5,0,0,>50,7.2,3.0,0.0,0.0,-1,18,2077.4566666666665,0.33,0.6666666666666666,0.6666666666666666,0.0,0.0,0,0,0.0,1175.89,1,0,0.0,4358.18,2,0,0.0,6232.37,3,0,0.0,0
LGS2ORD0017482,C017154,2025-05-19 11:00:00,Male,54,Bronze,TV,Nakhon Ratchasima,1478,Web,PromptPay,11,5,0,0,>50,49.266666666666666,2.0,0.0,0.0,-1,51,909.0050000000001,0.13,0.5,0.0,0.0,0.0,0,0,0.0,0.0,0,0,0.0,1818.0100000000002,2,0,0.0,1818.0100000000002,2,0,0.0,1
LGS2ORD0017483,C016694,2025-05-19 11:00:00,Male,47,Bronze,Shopee,Phuket,1547,Web,Credit_Card,11,5,0,0,40-50,51.56666666666667,1.0,1.0,1.0,3,10,1843.49,0.18,1.0,0.0,0.0,0.0,0,0,0.0,1843.49,1,1,1.0,1843.49,1,1,1.0,1843.49,1,1,1.0,0
LGS2ORD0017484,C012668,2025-05-19 11:00:00,Female,53,Bronze,TV,Songkhla,325,TV_Show,COD,11,5,0,0,>50,10.833333333333334,2.0,0.0,0.0,-1,74,2142.585,0.18,1.0,0.0,0.0,0.0,0,0,0.0,0.0,0,0,0.0,4285.17,2,0,0.0,4285.17,2,0,0.0,0
LGS2ORD0017485,C013503,2025-05-19 11:00:00,Female,50,Gold,Lazada,Phuket,296,Lazada,Credit_Card,11,5,0,0,40-50,9.866666666666667,4.0,2.0,0.5,-3,4,9266.765,0.28,0.75,0.75,0.0,30255.46,1,1,1.0,30255.46,1,1,1.0,32444.54,3,2,0.6666666666666666,37067.06,4,2,0.5,0
LGS2ORD0017486,C017032,2025-05-19 11:00:00,Female,36,Bronze,CallCenter,Nakhon Ratchasima,802,TV_Show,COD,11,5,0,0,30-40,26.733333333333334,3.0,1.0,0.3333333333333333,-4,11,4574.83,0.28,1.0,0.6666666666666666,0.0,0.0,0,0,0.0,9791.7,2,1,0.5,13724.49,3,1,0.3333333333333333,13724.49,3,1,0.3333333333333333,0
LGS2ORD0017487,C012776,2025-05-19 11:00:00,Female,49,Silver,Shopee,Chonburi,1583,Shopee,Credit_Card,11,5,0,0,40-50,52.766666666666666,1.0,1.0,1.0,71,82,3368.95,0.25,0.0,1.0,0.0,0.0,0,0,0.0,0.0,0,0,0.0,3368.95,1,1,1.0,3368.95,1,1,1.0,0
LGS2ORD0017488,C015467,2025-05-19 12:00:00,Male,61,Bronze,TV,Bangkok,906,Lazada,Credit_Card,12,5,0,0,>50,30.2,0.0,0.0,0.0,-1,-1,0.0,0.0,0.0,0.0,0.0,0.0,0,0,0.0,0.0,0,0,0.0,0.0,0,0,0.0,0.0,0,0,0.0,0
LGS2ORD0017489,C016087,2025-05-19 12:00:00,Female,44,Bronze,Lazada,Songkhla,738,CallCenter,COD,12,5,0,0,40-50,24.6,4.0,0.0,0.0,-1,5,2911.2775,0.28,0.0,0.5,0.0,1584.66,1,0,0.0,1584.66,1,0,0.0,10451.61,3,0,0.0,11645.11,4,0,0.0,0
LGS2ORD0017490,C011266,2025-05-19 12:00:00,Female,53,Bronze,Web,Remote_Area,1229,Shopee,COD,12,5,0,0,>50,40.96666666666667,1.0,0.0,0.0,-1,0,1535.86,0.18,1.0,0.0,0.0,1535.86,1,0,0.0,1535.86,1,0,0.0,1535.86,1,0,0.0,1535.86,1,0,0.0,1
LGS2ORD0017491,C014436,2025-05-19 12:00:00,Female,41,Silver,Web,Khon Kaen,1124,Web,PromptPay,12,5,0,0,40-50,37.46666666666667,2.0,0.0,0.0,-1,4,12622.71,0.15,1.0,0.0,0.0,14196.09,1,0,0.0,14196.09,1,0,0.0,25245.42,2,0,0.0,25245.42,2,0,0.0,0
LGS2ORD0017492,C012363,2025-05-19 12:00:00,Female,50,Bronze,TV,Chiang Mai,505,TV_Show,COD,12,5,0,0,40-50,16.833333333333332,0.0,0.0,0.0,-1,-1,0.0,0.0,0.0,0.0,0.0,0.0,0,0,0.0,0.0,0,0,0.0,0.0,0,0,0.0,0.0,0,0,0.0,0
LGS2ORD0017493,C017549,2025-05-19 13:00:00,Male,48,Bronze,Shopee,Remote_Area,865,TV_Show,COD,13,5,0,0,40-50,28.833333333333332,1.0,1.0,1.0,75,87,6443.91,0.28,1.0,1.0,0.0,0.0,0,0,0.0,0.0,0,0,0.0,6443.91,1,1,1.0,6443.91,1,1,1.0,1
LGS2ORD0017494,C013255,2025-05-19 13:00:00,Male,45,Silver,Web,Remote_Area,1109,TV_Show,COD,13,5,0,0,40-50,36.96666666666667,3.0,0.0,0.0,-1,25,2525.686666666667,0.25,0.3333333333333333,0.3333333333333333,0.0,0.0,0,0,0.0,4136.39,1,0,0.0,5894.38,2,0,0.0,7577.06,3,0,0.0,1
LGS2ORD0017495,C014386,2025-05-19 13:00:00,Male,64,Bronze,TV,Chiang Mai,930,TV_Show,COD,13,5,0,0,>50,31.0,4.0,1.0,0.25,4,17,8599.7125,0.23,0.75,0.25,0.0,0.0,0,0,0.0,5391.62,1,1,1.0,34398.85,4,1,0.25,34398.85,4,1,0.25,0
LGS2ORD0017496,C013815,2025-05-19 13:00:00,Female,18,Bronze,TV,Bangkok,1330,CallCenter,COD,13,5,0,0,<20,44.333333333333336,2.0,0.0,0.0,-1,81,2088.395,0.28,0.5,0.5,0.0,0.0,0,0,0.0,0.0,0,0,0.0,886.92,1,0,0.0,4176.79,2,0,0.0,0
LGS2ORD0017497,C015100,2025-05-19 13:00:00,Female,41,Bronze,Web,Chiang Mai,1526,TV_Show,Credit_Card,13,5,0,0,40-50,50.86666666666667,4.0,0.0,0.0,-1,39,2162.3975,0.18,0.5,0.0,0.0,0.0,0,0,0.0,0.0,0,0,0.0,8649.59,4,0,0.0,8649.59,4,0,0.0,0
LGS2ORD0017498,C013766,2025-05-19 14:00:00,Male,37,Bronze,TV,Remote_Area,1005,TV_Show,Bank_Transfer,14,5,0,0,30-40,33.5,3.0,0.0,0.0,-1,81,14607.89,0.28,0.0,0.6666666666666666,0.0,0.0,0,0,0.0,0.0,0,0,0.0,39713.06,2,0,0.0,43823.67,3,0,0.0,0
LGS2ORD0017499,C013232,2025-05-19 14:00:00,Male,59,Silver,Shopee,Chiang Mai,981,TV_Show,COD,14,5,0,0,>50,32.7,3.0,0.0,0.0,-1,3,8069.416666666667,0.25,1.0,0.3333333333333333,0.0,8757.44,1,0,0.0,8757.44,1,0,0.0,24208.25,3,0,0.0,24208.25,3,0,0.0,0
LGS2ORD0017500,C016837,2025-05-19 14:00:00,Male,53,Silver,TV,Chonburi,796,Web,Bank_Transfer,14,5,0,0,>50,26.533333333333335,2.0,1.0,0.5,120,50,902.29,0.2,0.5,0.0,0.0,0.0,0,0,0.0,0.0,0,0,0.0,758.59,1,0,0.0,1804.58,2,1,0.5,0
LGS2ORD0017501,C017459,2025-05-19 14:00:00,Female,18,Gold,Web,Bangkok,1596,Web,COD,14,5,0,0,<20,53.2,2.0,0.0,0.0,-1,58,6484.280000000001,0.28,0.5,0.5,0.0,0.0,0,0,0.0,0.0,0,0,0.0,12968.560000000001,2,0,0.0,12968.560000000001,2,0,0.0,1
LGS2ORD0017502,C014345,2025-05-19 14:00:00,Male,56,Bronze,Shopee,Khon Kaen,1583,Lazada,Credit_Card,14,5,0,0,>50,52.766666666666666,2.0,1.0,0.5,122,122,3755.5049999999997,0.23,0.0,0.5,0.0,0.0,0,0,0.0,0.0,0,0,0.0,0.0,0,0,0.0,7511.009999999999,2,1,0.5,0
LGS2ORD0017503,C010704,2025-05-19 14:00:00,Male,38,Gold,CallCenter,Bangkok,1469,Lazada,Bank_Transfer,14,5,0,0,30-40,48.96666666666667,4.0,1.0,0.25,-4,6,3153.1724999999997,0.18,0.75,0.0,0.0,2486.88,1,1,1.0,9799.41,2,1,0.5,10860.89,3,1,0.3333333333333333,12612.689999999999,4,1,0.25,0
LGS2ORD0017504,C011908,2025-05-19 15:00:00,Male,39,Platinum,CallCenter,Bangkok,519,Shopee,COD,15,5,0,0,30-40,17.3,1.0,0.0,0.0,-1,71,952.46,0.3,0.0,1.0,0.0,0.0,0,0,0.0,0.0,0,0,0.0,952.46,1,0,0.0,952.46,1,0,0.0,0
LGS2ORD0017505,C010079,2025-05-19 15:00:00,Male,41,Bronze,Web,Khon Kaen,1106,Lazada,PromptPay,15,5,0,0,40-50,36.86666666666667,2.0,0.0,0.0,-1,30,19583.89,0.03,1.0,0.0,0.0,0.0,0,0,0.0,0.0,0,0,0.0,39167.78,2,0,0.0,39167.78,2,0,0.0,1
LGS2ORD0017506,C013855,2025-05-19 15:00:00,Male,33,Bronze,Web,Bangkok,1191,CallCenter,PromptPay,15,5,0,0,30-40,39.7,0.0,0.0,0.0,-1,-1,0.0,0.0,0.0,0.0,0.0,0.0,0,0,0.0,0.0,0,0,0.0,0.0,0,0,0.0,0.0,0,0,0.0,0
LGS2ORD0017507,C014284,2025-05-19 15:00:00,Female,51,Silver,TV,Chiang Mai,428,Shopee,COD,15,5,0,0,>50,14.266666666666667,3.0,1.0,0.3333333333333333,115,12,1134.6866666666667,0.1,0.6666666666666666,0.0,0.0,0.0,0,0,0.0,955.91,1,0,0.0,955.91,1,0,0.0,3404.06,3,1,0.3333333333333333,1
LGS2ORD0017508,C011679,2025-05-19 15:00:00,Female,47,Gold,TV,Songkhla,375,Web,PromptPay,15,5,0,0,40-50,12.5,2.0,0.0,0.0,-1,19,8904.42,0.18,0.5,0.0,0.0,0.0,0,0,0.0,17128.7,1,0,0.0,17128.7,1,0,0.0,17808.84,2,0,0.0,0
LGS2ORD0017509,C013142,2025-05-19 16:00:00,Female,49,Silver,Shopee,Bangkok,1289,Shopee,Bank_Transfer,16,5,0,0,40-50,42.96666666666667,6.0,1.0,0.16666666666666666,49,3,1282.485,0.3,0.5,0.16666666666666666,0.0,1429.81,1,0,0.0,4030.44,2,0,0.0,7694.91,6,1,0.16666666666666666,7694.91,6,1,0.16666666666666666,0
LGS2ORD0017510,C014066,2025-05-19 16:00:00,Female,37,Platinum,Shopee,Phuket,1083,Lazada,Bank_Transfer,16,5,0,0,30-40,36.1,0.0,0.0,0.0,-1,-1,0.0,0.0,0.0,0.0,0.0,0.0,0,0,0.0,0.0,0,0,0.0,0.0,0,0,0.0,0.0,0,0,0.0,1
LGS2ORD0017511,C017523,2025-05-19 16:00:00,Female,57,Bronze,Web,Khon Kaen,1432,Web,Credit_Card,16,5,0,0,>50,47.733333333333334,0.0,0.0,0.0,-1,-1,0.0,0.0,0.0,0.0,0.0,0.0,0,0,0.0,0.0,0,0,0.0,0.0,0,0,0.0,0.0,0,0,0.0,0
LGS2ORD0017512,C015792,2025-05-19 16:00:00,Female,26,Silver,CallCenter,Bangkok,939,Shopee,COD,16,5,0,0,20-30,31.3,3.0,1.0,0.3333333333333333,15,28,7737.920000000001,0.25,0.3333333333333333,0.3333333333333333,0.0,0.0,0,0,0.0,798.04,1,1,1.0,16916.45,2,1,0.5,23213.760000000002,3,1,0.3333333333333333,1
LGS2ORD0017513,C014996,2025-05-19 16:00:00,Female,24,Bronze,Shopee,Bangkok,1294,Lazada,COD,16,5,0,0,20-30,43.13333333333333,0.0,0.0,0.0,-1,-1,0.0,0.0,0.0,0.0,0.0,0.0,0,0,0.0,0.0,0,0,0.0,0.0,0,0,0.0,0.0,0,0,0.0,0
LGS2ORD0017514,C012236,2025-05-19 17:00:00,Male,25,Bronze,Shopee,Nakhon Ratchasima,543,Shopee,Bank_Transfer,17,5,0,0,20-30,18.1,4.0,0.0,0.0,-1,71,2701.3424999999997,0.28,0.25,0.25,0.0,0.0,0,0,0.0,0.0,0,0,0.0,418.89,1,0,0.0,10805.369999999999,4,0,0.0,0
LGS2ORD0017515,C012529,2025-05-19 17:00:00,Female,51,Silver,TV,Remote_Area,1535,Shopee,COD,17,5,0,0,>50,51.166666666666664,2.0,1.0,0.5,104,82,2776.455,0.25,1.0,0.5,0.0,0.0,0,0,0.0,0.0,0,0,0.0,2136.28,1,0,0.0,5552.91,2,1,0.5,0
LGS2ORD0017516,C013186,2025-05-19 17:00:00,Female,40,Silver,Web,Chonburi,853,Web,COD,17,5,0,0,30-40,28.433333333333334,1.0,0.0,0.0,-1,30,34626.59,0.1,0.0,0.0,0.0,0.0,0,0,0.0,0.0,0,0,0.0,34626.59,1,0,0.0,34626.59,1,0,0.0,1
LGS2ORD0017517,C010393,2025-05-19 17:00:00,Male,51,Bronze,Web,Remote_Area,1083,CallCenter,Bank_Transfer,17,5,0,0,>50,36.1,5.0,1.0,0.2,53,56,4756.634,0.23,0.4,0.2,0.0,0.0,0,0,0.0,0.0,0,0,0.0,5286.72,2,1,0.5,23783.170000000002,5,1,0.2,1
LGS2ORD0017518,C016469,2025-05-19 17:00:00,Male,40,Silver,TV,Chiang Mai,1444,Shopee,COD,17,5,0,0,30-40,48.13333333333333,5.0,4.0,0.8,17,23,2360.168,0.25,0.2,0.2,0.0,0.0,0,0,0.0,621.11,1,1,1.0,1506.19,2,1,0.5,11800.84,5,4,0.8,0
LGS2ORD0017519,C015949,2025-05-19 18:00:00,Female,46,Bronze,TV,Nakhon Ratchasima,1111,Lazada,PromptPay,18,5,0,0,40-50,37.03333333333333,5.0,0.0,0.0,-1,14,11013.64,0.23,0.2,0.4,0.0,0.0,0,0,0.0,10555.03,1,0,0.0,39352.14,4,0,0.0,55068.2,5,0,0.0,0
LGS2ORD0017520,C015752,2025-05-19 18:00:00,Female,57,Bronze,CallCenter,Remote_Area,1019,TV_Show,COD,18,5,0,0,>50,33.96666666666667,5.0,2.0,0.4,104,31,14352.687999999998,0.13,0.4,0.0,0.0,0.0,0,0,0.0,0.0,0,0,0.0,30032.87,1,0,0.0,71763.43999999999,5,2,0.4,1
LGS2ORD0017521,C012329,2025-05-19 18:00:00,Male,37,Bronze,Shopee,Remote_Area,169,Shopee,PromptPay,18,5,0,0,30-40,5.633333333333334,0.0,0.0,0.0,-1,-1,0.0,0.0,0.0,0.0,0.0,0.0,0,0,0.0,0.0,0,0,0.0,0.0,0,0,0.0,0.0,0,0,0.0,1
LGS2ORD0017522,C011778,2025-05-19 18:00:00,Male,51,Silver,Lazada,Chiang Mai,1499,Web,COD,18,5,0,0,>50,49.96666666666667,1.0,0.0,0.0,-1,76,22180.12,0.1,0.0,0.0,0.0,0.0,0,0,0.0,0.0,0,0,0.0,22180.12,1,0,0.0,22180.12,1,0,0.0,1
LGS2ORD0017523,C013234,2025-05-19 18:00:00,Female,31,Silver,Lazada,Bangkok,1405,Shopee,Credit_Card,18,5,0,0,30-40,46.833333333333336,0.0,0.0,0.0,-1,-1,0.0,0.0,0.0,0.0,0.0,0.0,0,0,0.0,0.0,0,0,0.0,0.0,0,0,0.0,0.0,0,0,0.0,0
LGS2ORD0017524,C014991,2025-05-19 18:00:00,Female,57,Gold,Lazada,Chonburi,1507,Lazada,COD,18,5,0,0,>50,50.233333333333334,0.0,0.0,0.0,-1,-1,0.0,0.0,0.0,0.0,0.0,0.0,0,0,0.0,0.0,0,0,0.0,0.0,0,0,0.0,0.0,0,0,0.0,0
LGS2ORD0017525,C010731,2025-05-19 19:00:00,Female,30,Silver,TV,Khon Kaen,518,Shopee,COD,19,5,0,0,20-30,17.266666666666666,3.0,2.0,0.6666666666666666,15,28,1991.8400000000001,0.25,0.6666666666666666,0.6666666666666666,0.0,0.0,0,0,0.0,2446.95,1,1,1.0,2446.95,1,1,1.0,5975.52,3,2,0.6666666666666666,0
LGS2ORD0017526,C016547,2025-05-19 19:00:00,Male,31,Silver,Lazada,Bangkok,428,Web,COD,19,5,0,0,30-40,14.266666666666667,2.0,0.0,0.0,-1,12,481.73,0.2,0.5,0.0,0.0,0.0,0,0,0.0,963.46,2,0,0.0,963.46,2,0,0.0,963.46,2,0,0.0,0
LGS2ORD0017527,C017923,2025-05-19 19:00:00,Female,61,Gold,TV,Nakhon Ratchasima,956,Shopee,COD,19,5,0,0,>50,31.866666666666667,5.0,1.0,0.2,-13,1,14917.668,0.28,0.6,0.4,0.0,1215.97,1,1,1.0,12397.81,2,1,0.5,65769.61,4,1,0.25,74588.34,5,1,0.2,0
LGS2ORD0017528,C014696,2025-05-19 19:00:00,Female,44,Bronze,TV,Chiang Mai,847,Lazada,Bank_Transfer,19,5,0,0,40-50,28.233333333333334,0.0,0.0,0.0,-1,-1,0.0,0.0,0.0,0.0,0.0,0.0,0,0,0.0,0.0,0,0,0.0,0.0,0,0,0.0,0.0,0,0,0.0,0
LGS2ORD0017529,C017754,2025-05-19 19:00:00,Female,54,Silver,TV,Bangkok,821,Shopee,Bank_Transfer,19,5,0,0,>50,27.366666666666667,1.0,0.0,0.0,-1,35,1398.01,0.2,1.0,0.0,0.0,0.0,0,0,0.0,0.0,0,0,0.0,1398.01,1,0,0.0,1398.01,1,0,0.0,0
LGS2ORD0017530,C016718,2025-05-19 20:00:00,Male,72,Silver,Lazada,Songkhla,1455,Web,COD,20,5,0,0,>50,48.5,3.0,0.0,0.0,-1,30,2934.4933333333333,0.2,0.6666666666666666,0.0,0.0,0.0,0,0,0.0,0.0,0,0,0.0,4476.08,2,0,0.0,8803.48,3,0,0.0,1
LGS2ORD0017531,C016836,2025-05-19 20:00:00,Male,21,Silver,Web,Khon Kaen,225,CallCenter,PromptPay,20,5,0,0,20-30,7.5,3.0,1.0,0.3333333333333333,85,9,1144.5033333333333,0.25,0.6666666666666666,0.6666666666666666,0.0,0.0,0,0,0.0,1509.02,1,0,0.0,1509.02,1,0,0.0,3433.51,3,1,0.3333333333333333,1
LGS2ORD0017532,C012087,2025-05-19 20:00:00,Female,39,Gold,Web,Remote_Area,1505,Lazada,PromptPay,20,5,0,0,30-40,50.166666666666664,3.0,0.0,0.0,-1,52,6460.766666666667,0.28,0.3333333333333333,0.6666666666666666,0.0,0.0,0,0,0.0,0.0,0,0,0.0,14315.95,1,0,0.0,19382.300000000003,3,0,0.0,0
LGS2ORD0017533,C015400,2025-05-19 20:00:00,Female,71,Bronze,Shopee,Songkhla,874,Lazada,COD,20,5,0,0,>50,29.133333333333333,5.0,4.0,0.8,46,57,3467.542,0.28,0.0,0.4,0.0,0.0,0,0,0.0,0.0,0,0,0.0,14836.36,3,3,1.0,17337.71,5,4,0.8,1
LGS2ORD0017534,C014710,2025-05-19 20:00:00,Female,50,Silver,TV,Remote_Area,311,TV_Show,COD,20,5,0,0,40-50,10.366666666666667,1.0,1.0,1.0,82,96,2920.14,0.25,1.0,1.0,0.0,0.0,0,0,0.0,0.0,0,0,0.0,0.0,0,0,0.0,2920.14,1,1,1.0,0
LGS2ORD0017535,C016912,2025-05-19 21:00:00,Male,22,Bronze,TV,Nakhon Ratchasima,1055,Lazada,Credit_Card,21,5,0,0,20-30,35.166666666666664,1.0,0.0,0.0,-1,41,5470.98,0.08,1.0,0.0,0.0,0.0,0,0,0.0,0.0,0,0,0.0,5470.98,1,0,0.0,5470.98,1,0,0.0,0
LGS2ORD0017536,C014562,2025-05-19 21:00:00,Female,67,Silver,TV,Nakhon Ratchasima,1226,CallCenter,COD,21,5,0,0,>50,40.86666666666667,1.0,0.0,0.0,-1,116,1103.35,0.2,0.0,0.0,0.0,0.0,0,0,0.0,0.0,0,0,0.0,0.0,0,0,0.0,1103.35,1,0,0.0,0
LGS2ORD0017537,C011672,2025-05-19 21:00:00,Female,35,Bronze,Web,Chonburi,1144,Web,COD,21,5,0,0,30-40,38.13333333333333,2.0,0.0,0.0,-1,49,1302.22,0.23,1.0,0.5,0.0,0.0,0,0,0.0,0.0,0,0,0.0,1457.27,1,0,0.0,2604.44,2,0,0.0,0
LGS2ORD0017538,C016692,2025-05-19 21:00:00,Female,60,Gold,Lazada,Chiang Mai,425,Lazada,COD,21,5,0,0,>50,14.166666666666666,4.0,2.0,0.5,22,31,10173.437500000002,0.33,0.5,0.25,0.0,0.0,0,0,0.0,0.0,0,0,0.0,39374.030000000006,3,2,0.6666666666666666,40693.75000000001,4,2,0.5,0
LGS2ORD0017539,C012964,2025-05-19 21:00:00,Female,50,Gold,Web,Bangkok,291,CallCenter,COD,21,5,0,0,40-50,9.7,2.0,0.0,0.0,-1,102,12017.85,0.28,0.0,0.5,0.0,0.0,0,0,0.0,0.0,0,0,0.0,0.0,0,0,0.0,24035.7,2,0,0.0,1
LGS2ORD0017540,C013301,2025-05-19 22:00:00,Female,42,Bronze,Web,Nakhon Ratchasima,1153,Lazada,COD,22,5,0,0,40-50,38.43333333333333,5.0,1.0,0.2,62,6,5033.934,0.18,0.6,0.0,0.0,7115.5,1,0,0.0,7115.5,1,0,0.0,9652.0,2,1,0.5,25169.670000000002,5,1,0.2,1
LGS2ORD0017541,C016446,2025-05-19 22:00:00,Female,28,Gold,TV,Bangkok,239,TV_Show,COD,22,5,0,0,20-30,7.966666666666667,3.0,0.0,0.0,-1,82,8531.983333333334,0.28,0.3333333333333333,1.0,0.0,0.0,0,0,0.0,0.0,0,0,0.0,3783.07,1,0,0.0,25595.95,3,0,0.0,0
LGS2ORD0017542,C013604,2025-05-19 22:00:00,Female,40,Bronze,TV,Khon Kaen,282,Lazada,PromptPay,22,5,0,0,30-40,9.4,1.0,1.0,1.0,44,49,1305.1,0.13,1.0,0.0,0.0,0.0,0,0,0.0,0.0,0,0,0.0,1305.1,1,1,1.0,1305.1,1,1,1.0,1
LGS2ORD0017543,C010189,2025-05-19 22:00:00,Female,48,Bronze,TV,Khon Kaen,683,Lazada,COD,22,5,0,0,40-50,22.766666666666666,3.0,1.0,0.3333333333333333,72,59,9168.956666666665,0.18,0.6666666666666666,0.0,0.0,0.0,0,0,0.0,0.0,0,0,0.0,8438.02,2,1,0.5,27506.869999999995,3,1,0.3333333333333333,0
LGS2ORD0017544,C015517,2025-05-19 22:00:00,Male,57,Gold,Shopee,Bangkok,1359,Shopee,PromptPay,22,5,0,0,>50,45.3,3.0,1.0,0.3333333333333333,106,0,1241.55,0.28,0.6666666666666666,0.6666666666666666,0.0,2786.81,1,0,0.0,2786.81,1,0,0.0,3432.62,2,0,0.0,3724.6499999999996,3,1,0.3333333333333333,1
LGS2ORD0017545,C012984,2025-05-19 22:00:00,Male,52,Bronze,TV,Remote_Area,989,CallCenter,Bank_Transfer,22,5,0,0,>50,32.96666666666667,3.0,2.0,0.6666666666666666,22,34,6371.509999999999,0.28,0.6666666666666666,0.3333333333333333,0.0,0.0,0,0,0.0,0.0,0,0,0.0,4261.36,1,1,1.0,19114.53,3,2,0.6666666666666666,0
LGS2ORD0017546,C010853,2025-05-19 23:00:00,Female,53,Bronze,Shopee,Bangkok,954,TV_Show,COD,23,5,0,0,>50,31.8,2.0,1.0,0.5,110,41,18677.455,0.28,0.5,0.5,0.0,0.0,0,0,0.0,0.0,0,0,0.0,9454.44,1,0,0.0,37354.91,2,1,0.5,0
LGS2ORD0017547,C010089,2025-05-19 23:00:00,Female,61,Silver,CallCenter,Bangkok,1203,Lazada,Credit_Card,23,5,0,0,>50,40.1,3.0,1.0,0.3333333333333333,15,26,4963.263333333333,0.15,0.6666666666666666,0.0,0.0,0.0,0,0,0.0,10064.67,1,1,1.0,13590.23,2,1,0.5,14889.79,3,1,0.3333333333333333,0
LGS2ORD0017548,C011507,2025-05-19 23:00:00,Male,35,Gold,Lazada,Bangkok,441,Lazada,Credit_Card,23,5,0,0,30-40,14.7,3.0,0.0,0.0,-1,3,4558.89,0.18,1.0,0.0,0.0,1656.07,1,0,0.0,11911.0,2,0,0.0,13676.67,3,0,0.0,13676.67,3,0,0.0,0
LGS2ORD0017549,C016079,2025-05-19 23:00:00,Female,67,Bronze,TV,Chiang Mai,1268,TV_Show,COD,23,5,0,0,>50,42.266666666666666,3.0,0.0,0.0,-1,22,2051.47,0.28,0.6666666666666666,0.6666666666666666,0.0,0.0,0,0,0.0,533.33,1,0,0.0,533.33,1,0,0.0,6154.41,3,0,0.0,1
LGS2ORD0017550,C017039,2025-05-19 23:00:00,Female,25,Bronze,TV,Songkhla,1076,TV_Show,COD,23,5,0,0,20-30,35.86666666666667,1.0,0.0,0.0,-1,63,18905.16,0.18,1.0,0.0,0.0,0.0,0,0,0.0,0.0,0,0,0.0,18905.16,1,0,0.0,18905.16,1,0,0.0,0
LGS2ORD0017551,C016220,2025-05-20 00:00:00,Male,56,Gold,TV,Phuket,774,TV_Show,COD,0,5,1,0,>50,25.8,1.0,1.0,1.0,108,113,1619.67,0.2299999999999999,0.0,1.0,0.0,0.0,0,0,0.0,0.0,0,0,0.0,0.0,0,0,0.0,1619.67,1,1,1.0,0
LGS2ORD0017552,C012024,2025-05-20 00:00:00,Male,35,Silver,Web,Bangkok,1550,Lazada,COD,0,5,1,0,30-40,51.666666666666664,6.0,1.0,0.16666666666666666,10,19,6286.913333333335,0.25,0.6666666666666666,0.5,0.0,0.0,0,0,0.0,10004.960000000001,2,1,0.5,10004.960000000001,2,1,0.5,37721.48000000001,6,1,0.16666666666666666,0
LGS2ORD0017553,C010824,2025-05-20 00:00:00,Male,34,Silver,TV,Khon Kaen,1114,Shopee,COD,0,5,1,0,30-40,37.13333333333333,3.0,0.0,0.0,-1,3,12613.926666666666,0.25,0.6666666666666666,0.3333333333333333,0.0,1889.55,1,0,0.0,1889.55,1,0,0.0,37841.78,3,0,0.0,37841.78,3,0,0.0,0
LGS2ORD0017554,C016417,2025-05-20 00:00:00,Male,46,Bronze,Lazada,Songkhla,236,Web,COD,0,5,1,0,40-50,7.866666666666666,1.0,0.0,0.0,-1,115,3745.37,0.13,1.0,0.0,0.0,0.0,0,0,0.0,0.0,0,0,0.0,0.0,0,0,0.0,3745.37,1,0,0.0,1
LGS2ORD0017555,C015890,2025-05-20 00:00:00,Male,43,Bronze,Shopee,Phuket,721,Lazada,COD,0,5,1,0,40-50,24.033333333333335,2.0,0.0,0.0,-1,62,13880.665,0.28,0.0,0.5,0.0,0.0,0,0,0.0,0.0,0,0,0.0,26242.58,1,0,0.0,27761.33,2,0,0.0,0
LGS2ORD0017556,C015380,2025-05-20 01:00:00,Male,63,Gold,CallCenter,Songkhla,1406,Lazada,Credit_Card,1,5,1,0,>50,46.86666666666667,2.0,0.0,0.0,-1,88,3034.105,0.2299999999999999,0.0,0.5,0.0,0.0,0,0,0.0,0.0,0,0,0.0,2357.45,1,0,0.0,6068.21,2,0,0.0,1
LGS2ORD0017557,C016249,2025-05-20 01:00:00,Female,41,Gold,Web,Khon Kaen,903,Lazada,Bank_Transfer,1,5,1,0,40-50,30.1,0.0,0.0,0.0,-1,-1,0.0,0.0,0.0,0.0,0.0,0.0,0,0,0.0,0.0,0,0,0.0,0.0,0,0,0.0,0.0,0,0,0.0,0
LGS2ORD0017558,C014703,2025-05-20 01:00:00,Female,41,Silver,TV,Nakhon Ratchasima,1571,TV_Show,COD,1,5,1,0,40-50,52.36666666666667,5.0,1.0,0.2,90,52,4061.3599999999997,0.2,0.4,0.0,0.0,0.0,0,0,0.0,0.0,0,0,0.0,13202.409999999998,3,0,0.0,20306.8,5,1,0.2,0
LGS2ORD0017559,C017867,2025-05-20 01:00:00,Male,32,Bronze,Web,Remote_Area,1425,Shopee,COD,1,5,1,0,30-40,47.5,4.0,0.0,0.0,-1,67,7265.86,0.18,0.5,0.0,0.0,0.0,0,0,0.0,0.0,0,0,0.0,28255.73,3,0,0.0,29063.44,4,0,0.0,0
LGS2ORD0017560,C013511,2025-05-20 01:00:00,Female,30,Platinum,Web,Bangkok,1220,Web,Credit_Card,1,5,1,0,20-30,40.666666666666664,3.0,1.0,0.3333333333333333,66,31,2957.9566666666665,0.35,1.0,0.3333333333333333,0.0,0.0,0,0,0.0,0.0,0,0,0.0,8873.869999999999,3,1,0.3333333333333333,8873.869999999999,3,1,0.3333333333333333,0
LGS2ORD0017561,C015751,2025-05-20 02:00:00,Male,51,Silver,TV,Remote_Area,284,TV_Show,COD,2,5,1,0,>50,9.466666666666667,3.0,1.0,0.3333333333333333,56,21,2186.483333333333,0.25,0.6666666666666666,0.3333333333333333,0.0,0.0,0,0,0.0,5298.19,1,0,0.0,6559.45,3,1,0.3333333333333333,6559.45,3,1,0.3333333333333333,1
LGS2ORD0017562,C012257,2025-05-20 02:00:00,Male,36,Platinum,CallCenter,Phuket,991,TV_Show,PromptPay,2,5,1,0,30-40,33.03333333333333,1.0,0.0,0.0,-1,74,947.28,0.25,0.0,1.0,0.0,0.0,0,0,0.0,0.0,0,0,0.0,947.28,1,0,0.0,947.28,1,0,0.0,0
LGS2ORD0017563,C013654,2025-05-20 02:00:00,Male,38,Bronze,Lazada,Songkhla,1505,Lazada,COD,2,5,1,0,30-40,50.166666666666664,1.0,0.0,0.0,-1,73,6025.56,0.13,1.0,0.0,0.0,0.0,0,0,0.0,0.0,0,0,0.0,6025.56,1,0,0.0,6025.56,1,0,0.0,0
LGS2ORD0017564,C010661,2025-05-20 02:00:00,Female,46,Bronze,Web,Phuket,1273,Shopee,Credit_Card,2,5,1,0,40-50,42.43333333333333,3.0,1.0,0.3333333333333333,107,30,2713.3700000000003,0.28,0.6666666666666666,0.3333333333333333,0.0,0.0,0,0,0.0,0.0,0,0,0.0,5186.450000000001,2,0,0.0,8140.110000000001,3,1,0.3333333333333333,1
LGS2ORD0017565,C014169,2025-05-20 02:00:00,Male,39,Bronze,Web,Bangkok,1428,Lazada,Bank_Transfer,2,5,1,0,30-40,47.6,4.0,0.0,0.0,-1,28,7481.78,0.18,1.0,0.0,0.25,0.0,0,0,0.0,5022.43,1,0,0.0,5022.43,1,0,0.0,29927.12,4,0,0.0,0
LGS2ORD0017566,C011880,2025-05-20 02:00:00,Male,29,Silver,TV,Chiang Mai,721,TV_Show,COD,2,5,1,0,20-30,24.033333333333335,5.0,0.0,0.0,-1,38,11737.196,0.25,0.6,0.8,0.0,0.0,0,0,0.0,0.0,0,0,0.0,51893.51,3,0,0.0,58685.98,5,0,0.0,0
LGS2ORD0017567,C017620,2025-05-20 03:00:00,Female,49,Platinum,CallCenter,Songkhla,608,CallCenter,PromptPay,3,5,1,0,40-50,20.266666666666666,1.0,0.0,0.0,-1,137,813.4,0.2,1.0,0.0,0.0,0.0,0,0,0.0,0.0,0,0,0.0,0.0,0,0,0.0,813.4,1,0,0.0,0
LGS2ORD0017568,C016082,2025-05-20 03:00:00,Female,44,Bronze,TV,Phuket,1167,TV_Show,COD,3,5,1,0,40-50,38.9,2.0,1.0,0.5,111,72,9167.745,0.23,0.0,0.5,0.0,0.0,0,0,0.0,0.0,0,0,0.0,2422.38,1,0,0.0,18335.49,2,1,0.5,0
LGS2ORD0017569,C015711,2025-05-20 03:00:00,Female,45,Gold,Web,Khon Kaen,1512,Shopee,Credit_Card,3,5,1,0,40-50,50.4,1.0,1.0,1.0,56,61,5093.9,0.28,1.0,1.0,0.0,0.0,0,0,0.0,0.0,0,0,0.0,5093.9,1,1,1.0,5093.9,1,1,1.0,0
LGS2ORD0017570,C015609,2025-05-20 03:00:00,Female,53,Silver,Shopee,Songkhla,1297,Lazada,COD,3,5,1,0,>50,43.233333333333334,2.0,0.0,0.0,-1,67,1957.895,0.15,0.5,0.0,0.0,0.0,0,0,0.0,0.0,0,0,0.0,1499.93,1,0,0.0,3915.79,2,0,0.0,0
LGS2ORD0017571,C010137,2025-05-20 03:00:00,Female,43,Gold,Lazada,Chiang Mai,791,Web,Credit_Card,3,5,1,0,40-50,26.366666666666667,3.0,0.0,0.0,-1,109,5816.763333333333,0.2299999999999999,0.6666666666666666,0.3333333333333333,0.0,0.0,0,0,0.0,0.0,0,0,0.0,0.0,0,0,0.0,17450.29,3,0,0.0,0
LGS2ORD0017572,C013966,2025-05-20 04:00:00,Male,25,Bronze,Shopee,Chiang Mai,327,Web,COD,4,5,1,0,20-30,10.9,5.0,1.0,0.2,60,16,4758.567999999999,0.28,0.2,0.2,0.0,0.0,0,0,0.0,3479.01,2,0,0.0,23792.839999999997,5,1,0.2,23792.839999999997,5,1,0.2,0
LGS2ORD0017573,C015323,2025-05-20 04:00:00,Female,40,Bronze,TV,Songkhla,1011,CallCenter,Credit_Card,4,5,1,0,30-40,33.7,4.0,2.0,0.5,29,30,3650.5775,0.28,0.5,0.5,0.0,0.0,0,0,0.0,0.0,0,0,0.0,4089.4,2,1,0.5,14602.31,4,2,0.5,0
LGS2ORD0017574,C013304,2025-05-20 04:00:00,Female,45,Bronze,Lazada,Chonburi,411,TV_Show,COD,4,5,1,0,40-50,13.7,1.0,0.0,0.0,-1,101,2203.4,0.23,0.0,1.0,0.0,0.0,0,0,0.0,0.0,0,0,0.0,0.0,0,0,0.0,2203.4,1,0,0.0,0
LGS2ORD0017575,C016962,2025-05-20 04:00:00,Female,45,Bronze,TV,Songkhla,781,TV_Show,COD,4,5,1,0,40-50,26.033333333333335,1.0,1.0,1.0,5,15,7818.92,0.03,0.0,0.0,0.0,0.0,0,0,0.0,7818.92,1,1,1.0,7818.92,1,1,1.0,7818.92,1,1,1.0,0
LGS2ORD0017576,C016663,2025-05-20 04:00:00,Female,35,Silver,TV,Phuket,388,Shopee,COD,4,5,1,0,30-40,12.933333333333334,1.0,0.0,0.0,-1,4,17571.68,0.05,0.0,0.0,0.0,17571.68,1,0,0.0,17571.68,1,0,0.0,17571.68,1,0,0.0,17571.68,1,0,0.0,1
LGS2ORD0017577,C016047,2025-05-20 05:00:00,Male,25,Bronze,Shopee,Nakhon Ratchasima,1004,TV_Show,Bank_Transfer,5,5,1,0,20-30,33.46666666666667,2.0,1.0,0.5,73,3,1448.29,0.23,0.5,0.5,0.0,1095.88,1,0,0.0,1095.88,1,0,0.0,2896.58,2,1,0.5,2896.58,2,1,0.5,1
LGS2ORD0017578,C014593,2025-05-20 05:00:00,Male,38,Bronze,TV,Chiang Mai,1525,Shopee,Bank_Transfer,5,5,1,0,30-40,50.833333333333336,3.0,0.0,0.0,-1,32,9426.293333333333,0.13,0.6666666666666666,0.0,0.0,0.0,0,0,0.0,0.0,0,0,0.0,28084.870000000003,2,0,0.0,28278.879999999997,3,0,0.0,0
LGS2ORD0017579,C011964,2025-05-20 05:00:00,Male,68,Bronze,Web,Chiang Mai,246,TV_Show,Credit_Card,5,5,1,0,>50,8.2,1.0,0.0,0.0,-1,30,9534.54,0.18,1.0,0.0,0.0,0.0,0,0,0.0,0.0,0,0,0.0,9534.54,1,0,0.0,9534.54,1,0,0.0,0
LGS2ORD0017580,C016938,2025-05-20 05:00:00,Male,18,Silver,Shopee,Bangkok,936,Lazada,COD,5,5,1,0,<20,31.2,4.0,3.0,0.75,11,12,7543.250000000001,0.2,0.75,0.0,0.0,0.0,0,0,0.0,23457.74,2,1,0.5,27984.890000000003,3,2,0.6666666666666666,30173.000000000004,4,3,0.75,0
LGS2ORD0017581,C012518,2025-05-20 05:00:00,Other,46,Bronze,CallCenter,Khon Kaen,462,Lazada,COD,5,5,1,0,40-50,15.4,4.0,1.0,0.25,61,9,5264.945,0.28,0.0,0.25,0.0,0.0,0,0,0.0,2196.02,2,0,0.0,2876.3500000000004,3,1,0.3333333333333333,21059.78,4,1,0.25,0
LGS2ORD0017582,C012911,2025-05-20 06:00:00,Male,37,Bronze,Lazada,Chonburi,783,Web,Bank_Transfer,6,5,1,0,30-40,26.1,6.0,0.0,0.0,-1,18,4049.1316666666667,0.28,0.5,0.3333333333333333,0.0,0.0,0,0,0.0,16706.19,3,0,0.0,18689.82,4,0,0.0,24294.79,6,0,0.0,0
LGS2ORD0017583,C010439,2025-05-20 06:00:00,Female,48,Bronze,TV,Bangkok,1122,Shopee,COD,6,5,1,0,40-50,37.4,5.0,2.0,0.4,-1,5,2500.348,0.23,0.6,0.2,0.0,1693.47,1,0,0.0,5587.36,2,1,0.5,10229.9,3,2,0.6666666666666666,12501.74,5,2,0.4,0
LGS2ORD0017584,C016532,2025-05-20 06:00:00,Male,70,Platinum,Shopee,Bangkok,1171,TV_Show,PromptPay,6,5,1,0,>50,39.03333333333333,4.0,0.0,0.0,-1,8,4790.015,0.35,0.0,0.5,0.0,0.0,0,0,0.0,835.75,1,0,0.0,6807.0199999999995,3,0,0.0,19160.06,4,0,0.0,0
LGS2ORD0017585,C013498,2025-05-20 06:00:00,Female,55,Bronze,Web,Chonburi,1019,TV_Show,Credit_Card,6,5,1,0,>50,33.96666666666667,1.0,1.0,1.0,106,119,3956.95,0.23,1.0,1.0,0.0,0.0,0,0,0.0,0.0,0,0,0.0,0.0,0,0,0.0,3956.95,1,1,1.0,0
LGS2ORD0017586,C017817,2025-05-20 06:00:00,Male,18,Gold,Web,Chiang Mai,508,TV_Show,COD,6,5,1,0,<20,16.933333333333334,3.0,1.0,0.3333333333333333,113,90,3102.9799999999996,0.08,0.6666666666666666,0.0,0.0,0.0,0,0,0.0,0.0,0,0,0.0,0.0,0,0,0.0,9308.939999999999,3,1,0.3333333333333333,0
LGS2ORD0017587,C011613,2025-05-20 06:00:00,Female,45,Bronze,Shopee,Bangkok,1545,Shopee,COD,6,5,1,0,40-50,51.5,2.0,0.0,0.0,-1,54,8095.049999999999,0.18,0.5,0.0,0.0,0.0,0,0,0.0,0.0,0,0,0.0,1064.54,1,0,0.0,16190.099999999999,2,0,0.0,0
LGS2ORD0017588,C010628,2025-05-20 07:00:00,Male,50,Bronze,Shopee,Songkhla,176,Shopee,COD,7,5,1,0,40-50,5.866666666666666,4.0,2.0,0.5,42,58,2789.64,0.18,0.5,0.0,0.0,0.0,0,0,0.0,0.0,0,0,0.0,1999.93,1,1,1.0,11158.56,4,2,0.5,0
LGS2ORD0017589,C011557,2025-05-20 07:00:00,Male,33,Bronze,CallCenter,Remote_Area,965,Shopee,Credit_Card,7,5,1,0,30-40,32.166666666666664,0.0,0.0,0.0,-1,-1,0.0,0.0,0.0,0.0,0.0,0.0,0,0,0.0,0.0,0,0,0.0,0.0,0,0,0.0,0.0,0,0,0.0,0
LGS2ORD0017590,C013486,2025-05-20 07:00:00,Male,61,Bronze,TV,Bangkok,468,CallCenter,COD,7,5,1,0,>50,15.6,0.0,0.0,0.0,-1,-1,0.0,0.0,0.0,0.0,0.0,0.0,0,0,0.0,0.0,0,0,0.0,0.0,0,0,0.0,0.0,0,0,0.0,0
LGS2ORD0017591,C011685,2025-05-20 07:00:00,Female,53,Gold,TV,Bangkok,1325,Lazada,COD,7,5,1,0,>50,44.166666666666664,3.0,1.0,0.3333333333333333,13,16,13384.51,0.33,0.6666666666666666,0.6666666666666666,0.0,0.0,0,0,0.0,23653.269999999997,2,1,0.5,40153.53,3,1,0.3333333333333333,40153.53,3,1,0.3333333333333333,1
LGS2ORD0017592,C014357,2025-05-20 07:00:00,Female,39,Silver,TV,Songkhla,1026,Shopee,Bank_Transfer,7,5,1,0,30-40,34.2,0.0,0.0,0.0,-1,-1,0.0,0.0,0.0,0.0,0.0,0.0,0,0,0.0,0.0,0,0,0.0,0.0,0,0,0.0,0.0,0,0,0.0,0
LGS2ORD0017593,C013774,2025-05-20 08:00:00,Female,52,Bronze,CallCenter,Songkhla,810,TV_Show,Credit_Card,8,5,1,0,>50,27.0,1.0,1.0,1.0,38,42,923.03,0.13,1.0,0.0,0.0,0.0,0,0,0.0,0.0,0,0,0.0,923.03,1,1,1.0,923.03,1,1,1.0,0
LGS2ORD0017594,C014897,2025-05-20 08:00:00,Male,20,Bronze,TV,Bangkok,1301,Web,PromptPay,8,5,1,0,<20,43.36666666666667,2.0,0.0,0.0,-1,64,1121.085,0.28,0.5,0.5,0.0,0.0,0,0,0.0,0.0,0,0,0.0,1636.32,1,0,0.0,2242.17,2,0,0.0,0
LGS2ORD0017595,C013413,2025-05-20 08:00:00,Male,57,Silver,Web,Bangkok,675,TV_Show,Credit_Card,8,5,1,0,>50,22.5,1.0,0.0,0.0,-1,88,544.74,0.1,0.0,0.0,0.0,0.0,0,0,0.0,0.0,0,0,0.0,544.74,1,0,0.0,544.74,1,0,0.0,0
LGS2ORD0017596,C017777,2025-05-20 08:00:00,Male,65,Gold,Shopee,Remote_Area,180,Web,COD,8,5,1,0,>50,6.0,2.0,2.0,1.0,-2,6,1877.445,0.33,0.0,1.0,0.0,2470.62,1,1,1.0,2470.62,1,1,1.0,2470.62,1,1,1.0,3754.89,2,2,1.0,1
LGS2ORD0017597,C016684,2025-05-20 08:00:00,Female,33,Gold,Lazada,Chonburi,571,Web,Credit_Card,8,5,1,0,30-40,19.033333333333335,1.0,0.0,0.0,-1,109,17633.77,0.08,0.0,0.0,0.0,0.0,0,0,0.0,0.0,0,0,0.0,0.0,0,0,0.0,17633.77,1,0,0.0,0
LGS2ORD0017598,C017529,2025-05-20 09:00:00,Male,42,Gold,Web,Bangkok,322,TV_Show,COD,9,5,1,0,40-50,10.733333333333333,5.0,1.0,0.2,51,8,3633.904,0.33,0.4,0.4,0.0,0.0,0,0,0.0,8507.44,2,0,0.0,18169.52,5,1,0.2,18169.52,5,1,0.2,0
LGS2ORD0017599,C010757,2025-05-20 09:00:00,Male,60,Bronze,Shopee,Phuket,938,CallCenter,COD,9,5,1,0,>50,31.266666666666666,1.0,0.0,0.0,-1,39,1260.36,0.03,1.0,0.0,0.0,0.0,0,0,0.0,0.0,0,0,0.0,1260.36,1,0,0.0,1260.36,1,0,0.0,1
LGS2ORD0017600,C011453,2025-05-20 09:00:00,Female,45,Silver,CallCenter,Remote_Area,697,Lazada,COD,9,5,1,0,40-50,23.233333333333334,2.0,1.0,0.5,76,3,1953.125,0.2,0.5,0.0,0.0,2044.7,1,0,0.0,2044.7,1,0,0.0,3906.25,2,1,0.5,3906.25,2,1,0.5,1
LGS2ORD0017601,C017311,2025-05-20 09:00:00,Female,36,Silver,Web,Chiang Mai,1078,Lazada,COD,9,5,1,0,30-40,35.93333333333333,2.0,2.0,1.0,60,66,1945.6599999999999,0.2,0.5,0.0,0.0,0.0,0,0,0.0,0.0,0,0,0.0,3891.3199999999997,2,2,1.0,3891.3199999999997,2,2,1.0,1
LGS2ORD0017602,C010354,2025-05-20 09:00:00,Male,33,Bronze,TV,Chonburi,1204,CallCenter,Credit_Card,9,5,1,0,30-40,40.13333333333333,2.0,2.0,1.0,41,47,8074.1849999999995,0.28,0.5,0.5,0.0,0.0,0,0,0.0,0.0,0,0,0.0,6019.41,1,1,1.0,16148.369999999999,2,2,1.0,0
LGS2ORD0017603,C015539,2025-05-20 10:00:00,Male,46,Bronze,Web,Remote_Area,931,Lazada,Bank_Transfer,10,5,1,0,40-50,31.033333333333335,0.0,0.0,0.0,-1,-1,0.0,0.0,0.0,0.0,0.0,0.0,0,0,0.0,0.0,0,0,0.0,0.0,0,0,0.0,0.0,0,0,0.0,0
LGS2ORD0017604,C010377,2025-05-20 10:00:00,Female,43,Bronze,Lazada,Songkhla,345,Shopee,COD,10,5,1,0,40-50,11.5,5.0,2.0,0.4,74,42,4463.5160000000005,0.18,0.8,0.0,0.0,0.0,0,0,0.0,0.0,0,0,0.0,21961.440000000002,4,1,0.25,22317.58,5,2,0.4,0
LGS2ORD0017605,C013756,2025-05-20 10:00:00,Female,33,Bronze,TV,Chonburi,526,Lazada,Credit_Card,10,5,1,0,30-40,17.533333333333335,4.0,0.0,0.0,-1,13,4433.8525,0.23,0.25,0.25,0.0,0.0,0,0,0.0,2452.35,1,0,0.0,2452.35,1,0,0.0,17735.41,4,0,0.0,0
LGS2ORD0017606,C014589,2025-05-20 10:00:00,Female,26,Bronze,Web,Bangkok,1290,TV_Show,Credit_Card,10,5,1,0,20-30,43.0,3.0,0.0,0.0,-1,3,3066.3799999999997,0.23,0.0,0.3333333333333333,0.0,4999.63,1,0,0.0,4999.63,1,0,0.0,8737.45,2,0,0.0,9199.14,3,0,0.0,0
LGS2ORD0017607,C015329,2025-05-20 10:00:00,Male,52,Bronze,Shopee,Phuket,440,TV_Show,COD,10,5,1,0,>50,14.666666666666666,4.0,2.0,0.5,2,11,6752.0525,0.18,0.5,0.0,0.0,0.0,0,0,0.0,25449.910000000003,3,1,0.3333333333333333,25449.910000000003,3,1,0.3333333333333333,27008.21,4,2,0.5,1
LGS2ORD0017608,C012299,2025-05-20 10:00:00,Female,46,Silver,TV,Nakhon Ratchasima,390,Lazada,COD,10,5,1,0,40-50,13.0,0.0,0.0,0.0,-1,-1,0.0,0.0,0.0,0.0,0.0,0.0,0,0,0.0,0.0,0,0,0.0,0.0,0,0,0.0,0.0,0,0,0.0,1
LGS2ORD0017609,C017812,2025-05-20 11:00:00,Female,32,Gold,Shopee,Bangkok,1236,CallCenter,Bank_Transfer,11,5,1,0,30-40,41.2,1.0,0.0,0.0,-1,75,1035.51,0.33,1.0,1.0,0.0,0.0,0,0,0.0,0.0,0,0,0.0,1035.51,1,0,0.0,1035.51,1,0,0.0,1
LGS2ORD0017610,C017648,2025-05-20 11:00:00,Male,25,Platinum,Lazada,Nakhon Ratchasima,1211,Shopee,Credit_Card,11,5,1,0,20-30,40.36666666666667,2.0,0.0,0.0,-1,14,2174.605,0.3,0.5,1.0,0.0,0.0,0,0,0.0,3551.41,1,0,0.0,4349.21,2,0,0.0,4349.21,2,0,0.0,1
LGS2ORD0017611,C014973,2025-05-20 11:00:00,Male,27,Silver,TV,Chiang Mai,1002,Web,COD,11,5,1,0,20-30,33.4,4.0,1.0,0.25,17,23,3605.29,0.3,0.5,0.25,0.0,0.0,0,0,0.0,3444.45,1,1,1.0,6457.36,2,1,0.5,14421.16,4,1,0.25,0
LGS2ORD0017612,C016224,2025-05-20 11:00:00,Female,46,Platinum,CallCenter,Songkhla,928,TV_Show,COD,11,5,1,0,40-50,30.933333333333334,0.0,0.0,0.0,-1,-1,0.0,0.0,0.0,0.0,0.0,0.0,0,0,0.0,0.0,0,0,0.0,0.0,0,0,0.0,0.0,0,0,0.0,1
LGS2ORD0017613,C013829,2025-05-20 11:00:00,Female,66,Bronze,Lazada,Bangkok,870,CallCenter,COD,11,5,1,0,>50,29.0,2.0,1.0,0.5,36,45,2709.595,0.28,1.0,0.5,0.0,0.0,0,0,0.0,0.0,0,0,0.0,5419.19,2,1,0.5,5419.19,2,1,0.5,0
LGS2ORD0017614,C015781,2025-05-20 12:00:00,Female,45,Bronze,Shopee,Songkhla,1417,Shopee,Bank_Transfer,12,5,1,0,40-50,47.233333333333334,3.0,2.0,0.6666666666666666,32,43,6195.3966666666665,0.18,0.3333333333333333,0.0,0.0,0.0,0,0,0.0,0.0,0,0,0.0,15558.779999999999,2,2,1.0,18586.19,3,2,0.6666666666666666,0
LGS2ORD0017615,C015949,2025-05-20 12:00:00,Female,46,Bronze,TV,Nakhon Ratchasima,1112,Web,Credit_Card,12,5,1,0,40-50,37.06666666666667,6.0,0.0,0.0,-1,0,10424.164999999999,0.28,0.16666666666666666,0.5,0.0,7476.79,1,0,0.0,18031.82,2,0,0.0,46828.93,5,0,0.0,62544.99,6,0,0.0,0
LGS2ORD0017616,C017532,2025-05-20 12:00:00,Other,72,Silver,Shopee,Remote_Area,1480,Lazada,COD,12,5,1,0,>50,49.333333333333336,2.0,1.0,0.5,83,49,3857.05,0.25,0.0,0.5,0.0,0.0,0,0,0.0,0.0,0,0,0.0,1566.14,1,0,0.0,7714.1,2,1,0.5,0
LGS2ORD0017617,C014134,2025-05-20 12:00:00,Male,37,Silver,Lazada,Phuket,269,Web,Credit_Card,12,5,1,0,30-40,8.966666666666667,0.0,0.0,0.0,-1,-1,0.0,0.0,0.0,0.0,0.0,0.0,0,0,0.0,0.0,0,0,0.0,0.0,0,0,0.0,0.0,0,0,0.0,0
LGS2ORD0017618,C014613,2025-05-20 12:00:00,Female,35,Gold,CallCenter,Bangkok,959,Shopee,Credit_Card,12,5,1,0,30-40,31.966666666666665,2.0,1.0,0.5,57,51,5147.13,0.08,0.0,0.0,0.0,0.0,0,0,0.0,0.0,0,0,0.0,10294.26,2,1,0.5,10294.26,2,1,0.5,1
LGS2ORD0017619,C013345,2025-05-20 13:00:00,Female,47,Bronze,Shopee,Khon Kaen,695,CallCenter,Bank_Transfer,13,5,1,0,40-50,23.166666666666668,1.0,0.0,0.0,-1,75,3895.22,0.13,1.0,0.0,0.0,0.0,0,0,0.0,0.0,0,0,0.0,3895.22,1,0,0.0,3895.22,1,0,0.0,0
LGS2ORD0017620,C011911,2025-05-20 13:00:00,Male,26,Bronze,TV,Bangkok,938,Lazada,Credit_Card,13,5,1,0,20-30,31.266666666666666,1.0,0.0,0.0,-1,57,2278.3,0.03,1.0,0.0,0.0,0.0,0,0,0.0,0.0,0,0,0.0,2278.3,1,0,0.0,2278.3,1,0,0.0,0
LGS2ORD0017621,C015259,2025-05-20 13:00:00,Male,50,Silver,TV,Songkhla,1067,TV_Show,Bank_Transfer,13,5,1,0,40-50,35.56666666666667,1.0,0.0,0.0,-1,58,209.59,0.25,0.0,1.0,0.0,0.0,0,0,0.0,0.0,0,0,0.0,209.59,1,0,0.0,209.59,1,0,0.0,1
LGS2ORD0017622,C010073,2025-05-20 13:00:00,Female,23,Bronze,TV,Khon Kaen,550,TV_Show,PromptPay,13,5,1,0,20-30,18.333333333333332,0.0,0.0,0.0,-1,-1,0.0,0.0,0.0,0.0,0.0,0.0,0,0,0.0,0.0,0,0,0.0,0.0,0,0,0.0,0.0,0,0,0.0,0
LGS2ORD0017623,C016651,2025-05-20 13:00:00,Female,38,Bronze,CallCenter,Phuket,762,Lazada,COD,13,5,1,0,30-40,25.4,0.0,0.0,0.0,-1,-1,0.0,0.0,0.0,0.0,0.0,0.0,0,0,0.0,0.0,0,0,0.0,0.0,0,0,0.0,0.0,0,0,0.0,1
LGS2ORD0017624,C017223,2025-05-20 13:00:00,Female,43,Bronze,Lazada,Nakhon Ratchasima,531,Shopee,Credit_Card,13,5,1,0,40-50,17.7,2.0,0.0,0.0,-1,95,14909.455,0.03,0.5,0.0,0.0,0.0,0,0,0.0,0.0,0,0,0.0,0.0,0,0,0.0,29818.91,2,0,0.0,1
LGS2ORD0017625,C016376,2025-05-20 14:00:00,Female,61,Bronze,Shopee,Nakhon Ratchasima,335,Web,Bank_Transfer,14,5,1,0,>50,11.166666666666666,1.0,0.0,0.0,-1,83,1325.27,0.03,0.0,0.0,0.0,0.0,0,0,0.0,0.0,0,0,0.0,1325.27,1,0,0.0,1325.27,1,0,0.0,1
LGS2ORD0017626,C014904,2025-05-20 14:00:00,Female,26,Platinum,CallCenter,Chiang Mai,202,Web,COD,14,5,1,0,20-30,6.733333333333333,3.0,0.0,0.0,-1,50,4186.303333333333,0.25,0.0,0.3333333333333333,0.0,0.0,0,0,0.0,0.0,0,0,0.0,12558.91,3,0,0.0,12558.91,3,0,0.0,0
LGS2ORD0017627,C015757,2025-05-20 14:00:00,Female,68,Silver,Web,Bangkok,717,TV_Show,Bank_Transfer,14,5,1,0,>50,23.9,1.0,0.0,0.0,-1,136,2227.49,0.15,0.0,0.0,0.0,0.0,0,0,0.0,0.0,0,0,0.0,0.0,0,0,0.0,2227.49,1,0,0.0,0
LGS2ORD0017628,C015019,2025-05-20 14:00:00,Female,62,Bronze,CallCenter,Nakhon Ratchasima,448,CallCenter,Credit_Card,14,5,1,0,>50,14.933333333333334,6.0,0.0,0.0,-1,21,6685.845,0.23,0.3333333333333333,0.16666666666666666,0.0,0.0,0,0,0.0,1075.78,1,0,0.0,11018.500000000002,4,0,0.0,40115.07,6,0,0.0,0
LGS2ORD0017629,C012261,2025-05-20 14:00:00,Male,72,Silver,Shopee,Chonburi,1079,Lazada,PromptPay,14,5,1,0,>50,35.96666666666667,0.0,0.0,0.0,-1,-1,0.0,0.0,0.0,0.0,0.0,0.0,0,0,0.0,0.0,0,0,0.0,0.0,0,0,0.0,0.0,0,0,0.0,1
LGS2ORD0017630,C012271,2025-05-20 15:00:00,Female,42,Bronze,CallCenter,Chonburi,430,Lazada,COD,15,5,1,0,40-50,14.333333333333334,4.0,1.0,0.25,44,3,8284.34,0.23,0.75,0.25,0.0,5048.02,1,0,0.0,5048.02,1,0,0.0,33137.36,4,1,0.25,33137.36,4,1,0.25,0
LGS2ORD0017631,C015724,2025-05-20 15:00:00,Female,50,Silver,Shopee,Bangkok,1017,Shopee,PromptPay,15,5,1,0,40-50,33.9,0.0,0.0,0.0,-1,-1,0.0,0.0,0.0,0.0,0.0,0.0,0,0,0.0,0.0,0,0,0.0,0.0,0,0,0.0,0.0,0,0,0.0,0
LGS2ORD0017632,C017171,2025-05-20 15:00:00,Female,32,Silver,Shopee,Songkhla,615,Shopee,COD,15,5,1,0,30-40,20.5,3.0,1.0,0.3333333333333333,91,24,10421.519999999999,0.25,0.6666666666666666,0.3333333333333333,0.0,0.0,0,0,0.0,9391.42,1,0,0.0,10947.34,2,0,0.0,31264.559999999998,3,1,0.3333333333333333,0
LGS2ORD0017633,C014417,2025-05-20 15:00:00,Male,54,Silver,Shopee,Chonburi,1276,CallCenter,Credit_Card,15,5,1,0,>50,42.53333333333333,6.0,1.0,0.16666666666666666,0,4,1527.05,0.25,0.5,0.5,0.0,990.92,1,0,0.0,2982.3,3,1,0.3333333333333333,8478.91,5,1,0.2,9162.3,6,1,0.16666666666666666,0
LGS2ORD0017634,C011656,2025-05-20 15:00:00,Female,52,Bronze,Shopee,Remote_Area,1149,Shopee,COD,15,5,1,0,>50,38.3,2.0,0.0,0.0,-1,35,4210.485000000001,0.03,1.0,0.0,0.0,0.0,0,0,0.0,0.0,0,0,0.0,8420.970000000001,2,0,0.0,8420.970000000001,2,0,0.0,1
LGS2ORD0017635,C015243,2025-05-20 16:00:00,Male,45,Bronze,TV,Songkhla,329,Web,COD,16,5,1,0,40-50,10.966666666666667,2.0,2.0,1.0,46,58,1485.1999999999998,0.18,1.0,0.0,0.0,0.0,0,0,0.0,0.0,0,0,0.0,689.3,1,1,1.0,2970.3999999999996,2,2,1.0,1
LGS2ORD0017636,C012250,2025-05-20 16:00:00,Other,38,Bronze,Shopee,Remote_Area,1442,TV_Show,COD,16,5,1,0,30-40,48.06666666666667,4.0,2.0,0.5,93,95,5594.59,0.28,0.25,0.25,0.0,0.0,0,0,0.0,0.0,0,0,0.0,0.0,0,0,0.0,22378.36,4,2,0.5,0
LGS2ORD0017637,C013893,2025-05-20 16:00:00,Female,34,Bronze,CallCenter,Chonburi,525,TV_Show,Credit_Card,16,5,1,0,30-40,17.5,1.0,0.0,0.0,-1,25,2903.48,0.28,1.0,1.0,0.0,0.0,0,0,0.0,2903.48,1,0,0.0,2903.48,1,0,0.0,2903.48,1,0,0.0,0
LGS2ORD0017638,C011737,2025-05-20 16:00:00,Male,40,Gold,TV,Bangkok,1503,Lazada,COD,16,5,1,0,30-40,50.1,2.0,0.0,0.0,-1,79,5716.64,0.2299999999999999,0.0,1.0,0.0,0.0,0,0,0.0,0.0,0,0,0.0,779.0,1,0,0.0,11433.28,2,0,0.0,1
LGS2ORD0017639,C011300,2025-05-20 16:00:00,Female,29,Bronze,TV,Nakhon Ratchasima,972,Web,COD,16,5,1,0,20-30,32.4,3.0,0.0,0.0,-1,35,1236.8333333333333,0.18,0.3333333333333333,0.0,0.0,0.0,0,0,0.0,0.0,0,0,0.0,3710.5,3,0,0.0,3710.5,3,0,0.0,0
LGS2ORD0017640,C010531,2025-05-20 17:00:00,Male,42,Bronze,Shopee,Bangkok,1515,TV_Show,COD,17,5,1,0,40-50,50.5,6.0,1.0,0.16666666666666666,117,40,10130.118333333332,0.28,0.6666666666666666,0.3333333333333333,0.0,0.0,0,0,0.0,0.0,0,0,0.0,45068.759999999995,4,0,0.0,60780.70999999999,6,1,0.16666666666666666,0
LGS2ORD0017641,C012430,2025-05-20 17:00:00,Male,33,Silver,Web,Bangkok,361,Web,COD,17,5,1,0,30-40,12.033333333333333,0.0,0.0,0.0,-1,-1,0.0,0.0,0.0,0.0,0.0,0.0,0,0,0.0,0.0,0,0,0.0,0.0,0,0,0.0,0.0,0,0,0.0,0
LGS2ORD0017642,C016001,2025-05-20 17:00:00,Female,37,Bronze,TV,Khon Kaen,589,Lazada,Credit_Card,17,5,1,0,30-40,19.633333333333333,1.0,0.0,0.0,-1,30,1938.62,0.03,1.0,0.0,0.0,0.0,0,0,0.0,0.0,0,0,0.0,1938.62,1,0,0.0,1938.62,1,0,0.0,0
LGS2ORD0017643,C012572,2025-05-20 17:00:00,Female,30,Platinum,Lazada,Bangkok,310,TV_Show,Credit_Card,17,5,1,0,20-30,10.333333333333334,1.0,1.0,1.0,40,53,1378.79,0.2,1.0,0.0,0.0,0.0,0,0,0.0,0.0,0,0,0.0,1378.79,1,1,1.0,1378.79,1,1,1.0,0
LGS2ORD0017644,C011263,2025-05-20 17:00:00,Female,47,Silver,Shopee,Remote_Area,906,TV_Show,COD,17,5,1,0,40-50,30.2,3.0,2.0,0.6666666666666666,13,17,3037.68,0.25,0.3333333333333333,0.3333333333333333,0.0,0.0,0,0,0.0,2427.24,1,1,1.0,9113.039999999999,3,2,0.6666666666666666,9113.039999999999,3,2,0.6666666666666666,0
LGS2ORD0017645,C016633,2025-05-20 17:00:00,Male,59,Bronze,CallCenter,Khon Kaen,1092,Web,COD,17,5,1,0,>50,36.4,2.0,0.0,0.0,-1,8,5888.415,0.23,0.5,0.5,0.0,0.0,0,0,0.0,671.32,1,0,0.0,11776.83,2,0,0.0,11776.83,2,0,0.0,0
LGS2ORD0017646,C014025,2025-05-20 18:00:00,Male,47,Bronze,TV,Nakhon Ratchasima,890,Lazada,COD,18,5,1,0,40-50,29.666666666666668,2.0,1.0,0.5,40,45,4075.915,0.13,0.5,0.0,0.0,0.0,0,0,0.0,0.0,0,0,0.0,4504.0,1,1,1.0,8151.83,2,1,0.5,0
LGS2ORD0017647,C012288,2025-05-20 18:00:00,Male,38,Silver,Shopee,Chiang Mai,893,Lazada,COD,18,5,1,0,30-40,29.766666666666666,1.0,0.0,0.0,-1,22,21423.69,0.05,1.0,0.0,0.0,0.0,0,0,0.0,21423.69,1,0,0.0,21423.69,1,0,0.0,21423.69,1,0,0.0,0
LGS2ORD0017648,C015778,2025-05-20 18:00:00,Female,38,Gold,Web,Khon Kaen,1320,Lazada,COD,18,5,1,0,30-40,44.0,1.0,0.0,0.0,-1,95,521.85,0.08,0.0,0.0,0.0,0.0,0,0,0.0,0.0,0,0,0.0,0.0,0,0,0.0,521.85,1,0,0.0,0
LGS2ORD0017649,C011321,2025-05-20 18:00:00,Female,53,Bronze,CallCenter,Bangkok,1226,Web,PromptPay,18,5,1,0,>50,40.86666666666667,1.0,1.0,1.0,29,31,1995.75,0.18,0.0,0.0,0.0,0.0,0,0,0.0,0.0,0,0,0.0,1995.75,1,1,1.0,1995.75,1,1,1.0,0
LGS2ORD0017650,C016445,2025-05-20 18:00:00,Male,50,Bronze,TV,Remote_Area,648,TV_Show,COD,18,5,1,0,40-50,21.6,6.0,2.0,0.3333333333333333,74,3,10055.718333333334,0.28,0.6666666666666666,0.6666666666666666,0.0,3441.13,1,0,0.0,3441.13,1,0,0.0,10854.7,4,1,0.25,60334.310000000005,6,2,0.3333333333333333,0
LGS2ORD0017651,C016747,2025-05-20 19:00:00,Female,26,Bronze,TV,Bangkok,1562,Lazada,Bank_Transfer,19,5,1,0,20-30,52.06666666666667,2.0,2.0,1.0,23,27,1885.04,0.18,0.0,0.0,0.0,0.0,0,0,0.0,381.53,1,1,1.0,3770.08,2,2,1.0,3770.08,2,2,1.0,0
LGS2ORD0017652,C011388,2025-05-20 19:00:00,Female,57,Silver,Lazada,Nakhon Ratchasima,313,CallCenter,Credit_Card,19,5,1,0,>50,10.433333333333334,1.0,0.0,0.0,-1,92,1972.68,0.05,1.0,0.0,0.0,0.0,0,0,0.0,0.0,0,0,0.0,0.0,0,0,0.0,1972.68,1,0,0.0,0
LGS2ORD0017653,C011525,2025-05-20 19:00:00,Male,47,Silver,CallCenter,Nakhon Ratchasima,587,TV_Show,PromptPay,19,5,1,0,40-50,19.566666666666666,5.0,2.0,0.4,18,29,8029.231999999999,0.3,0.2,0.2,0.0,0.0,0,0,0.0,3519.46,1,1,1.0,5185.39,2,1,0.5,40146.159999999996,5,2,0.4,0
LGS2ORD0017654,C016184,2025-05-20 19:00:00,Male,40,Bronze,TV,Remote_Area,994,CallCenter,COD,19,5,1,0,30-40,33.13333333333333,5.0,1.0,0.2,5,11,5700.162,0.23,0.6,0.2,0.0,0.0,0,0,0.0,10639.19,2,1,0.5,18617.83,3,1,0.3333333333333333,28500.81,5,1,0.2,0
LGS2ORD0017655,C010666,2025-05-20 19:00:00,Female,24,Silver,TV,Chiang Mai,604,Web,COD,19,5,1,0,20-30,20.133333333333333,2.0,0.0,0.0,-1,29,4342.785,0.25,0.5,0.5,0.0,0.0,0,0,0.0,7862.38,1,0,0.0,7862.38,1,0,0.0,8685.57,2,0,0.0,0
LGS2ORD0017656,C013663,2025-05-20 20:00:00,Female,65,Bronze,Web,Chiang Mai,1339,Lazada,COD,20,5,1,0,>50,44.63333333333333,2.0,0.0,0.0,-1,24,2538.115,0.23,0.5,0.5,0.0,0.0,0,0,0.0,4229.42,1,0,0.0,5076.23,2,0,0.0,5076.23,2,0,0.0,0
LGS2ORD0017657,C017688,2025-05-20 20:00:00,Female,30,Platinum,Web,Khon Kaen,772,Web,COD,20,5,1,0,20-30,25.733333333333334,2.0,0.0,0.0,-1,33,14834.075,0.3,0.5,0.5,0.0,0.0,0,0,0.0,0.0,0,0,0.0,29668.15,2,0,0.0,29668.15,2,0,0.0,0
LGS2ORD0017658,C016503,2025-05-20 20:00:00,Female,25,Bronze,Shopee,Remote_Area,1581,TV_Show,COD,20,5,1,0,20-30,52.7,4.0,2.0,0.5,55,14,3461.21,0.23,0.75,0.25,0.0,0.0,0,0,0.0,5855.63,1,0,0.0,13844.84,4,2,0.5,13844.84,4,2,0.5,0
LGS2ORD0017659,C015760,2025-05-20 20:00:00,Male,60,Bronze,CallCenter,Khon Kaen,213,Shopee,COD,20,5,1,0,>50,7.1,2.0,0.0,0.0,-1,5,1282.3600000000001,0.13,0.5,0.0,0.0,1202.7,1,0,0.0,1202.7,1,0,0.0,2564.7200000000003,2,0,0.0,2564.7200000000003,2,0,0.0,0
LGS2ORD0017660,C011550,2025-05-20 20:00:00,Female,53,Silver,Shopee,Nakhon Ratchasima,509,Lazada,COD,20,5,1,0,>50,16.966666666666665,3.0,0.0,0.0,-1,51,14999.019999999999,0.2,0.6666666666666666,0.0,0.0,0.0,0,0,0.0,0.0,0,0,0.0,11025.52,1,0,0.0,44997.06,3,0,0.0,0
LGS2ORD0017661,C014737,2025-05-20 21:00:00,Male,24,Silver,TV,Chonburi,774,Lazada,COD,21,5,1,0,20-30,25.8,2.0,1.0,0.5,63,67,7832.63,0.25,1.0,0.5,0.0,0.0,0,0,0.0,0.0,0,0,0.0,15665.26,2,1,0.5,15665.26,2,1,0.5,0
LGS2ORD0017662,C015057,2025-05-20 21:00:00,Female,62,Bronze,Shopee,Remote_Area,152,Shopee,COD,21,5,1,0,>50,5.066666666666666,3.0,0.0,0.0,-1,79,3815.8799999999997,0.13,0.6666666666666666,0.0,0.0,0.0,0,0,0.0,0.0,0,0,0.0,1178.07,1,0,0.0,11447.64,3,0,0.0,0
LGS2ORD0017663,C015087,2025-05-20 21:00:00,Female,31,Gold,Lazada,Remote_Area,1507,Web,COD,21,5,1,0,30-40,50.233333333333334,3.0,1.0,0.3333333333333333,76,44,4704.58,0.28,0.6666666666666666,0.3333333333333333,0.0,0.0,0,0,0.0,0.0,0,0,0.0,5656.71,2,1,0.5,14113.74,3,1,0.3333333333333333,1
LGS2ORD0017664,C012235,2025-05-20 21:00:00,Female,49,Platinum,Shopee,Phuket,1350,TV_Show,Bank_Transfer,21,5,1,0,40-50,45.0,1.0,0.0,0.0,-1,72,2055.42,0.25,0.0,1.0,0.0,0.0,0,0,0.0,0.0,0,0,0.0,2055.42,1,0,0.0,2055.42,1,0,0.0,0
LGS2ORD0017665,C012585,2025-05-20 21:00:00,Male,48,Bronze,Shopee,Chiang Mai,1251,TV_Show,Credit_Card,21,5,1,0,40-50,41.7,4.0,1.0,0.25,99,12,4975.035,0.28,0.5,0.25,0.0,0.0,0,0,0.0,13878.64,1,0,0.0,13878.64,1,0,0.0,19900.14,4,1,0.25,1
LGS2ORD0017666,C014213,2025-05-20 21:00:00,Male,50,Silver,Shopee,Chonburi,1494,TV_Show,PromptPay,21,5,1,0,40-50,49.8,2.0,1.0,0.5,86,47,2550.3100000000004,0.25,0.5,0.5,0.0,0.0,0,0,0.0,0.0,0,0,0.0,2276.3,1,0,0.0,5100.620000000001,2,1,0.5,0
LGS2ORD0017667,C016391,2025-05-20 22:00:00,Male,37,Bronze,CallCenter,Bangkok,331,Web,COD,22,5,1,0,30-40,11.033333333333333,7.0,1.0,0.14285714285714285,0,4,1956.0500000000004,0.23,0.42857142857142855,0.14285714285714285,0.0,6363.79,2,1,0.5,7097.99,3,1,0.3333333333333333,7888.47,4,1,0.25,13692.350000000002,7,1,0.14285714285714285,1
LGS2ORD0017668,C016428,2025-05-20 22:00:00,Female,36,Platinum,Shopee,Chiang Mai,794,TV_Show,COD,22,5,1,0,30-40,26.466666666666665,2.0,0.0,0.0,-1,44,2331.4750000000004,0.3,0.0,0.5,0.0,0.0,0,0,0.0,0.0,0,0,0.0,4110.51,1,0,0.0,4662.950000000001,2,0,0.0,1
LGS2ORD0017669,C012295,2025-05-20 22:00:00,Other,39,Silver,CallCenter,Nakhon Ratchasima,1570,TV_Show,COD,22,5,1,0,30-40,52.333333333333336,5.0,0.0,0.0,-1,15,5760.254,0.3,0.6,0.4,0.0,0.0,0,0,0.0,2600.98,1,0,0.0,12930.109999999999,2,0,0.0,28801.27,5,0,0.0,0
LGS2ORD0017670,C015041,2025-05-20 22:00:00,Female,43,Bronze,Lazada,Bangkok,609,TV_Show,COD,22,5,1,0,40-50,20.3,2.0,1.0,0.5,88,94,16741.095,0.23,1.0,0.5,0.0,0.0,0,0,0.0,0.0,0,0,0.0,0.0,0,0,0.0,33482.19,2,1,0.5,1
LGS2ORD0017671,C015418,2025-05-20 22:00:00,Male,50,Silver,Web,Remote_Area,369,CallCenter,Bank_Transfer,22,5,1,0,40-50,12.3,5.0,2.0,0.4,54,31,1637.0079999999998,0.3,0.4,0.2,0.0,0.0,0,0,0.0,0.0,0,0,0.0,4131.46,3,1,0.3333333333333333,8185.039999999999,5,2,0.4,1
LGS2ORD0017672,C015191,2025-05-20 23:00:00,Male,47,Silver,Lazada,Bangkok,823,Shopee,COD,23,5,1,0,40-50,27.433333333333334,1.0,1.0,1.0,115,129,6503.56,0.1,1.0,0.0,0.0,0.0,0,0,0.0,0.0,0,0,0.0,0.0,0,0,0.0,6503.56,1,1,1.0,0
LGS2ORD0017673,C014725,2025-05-20 23:00:00,Female,56,Silver,TV,Bangkok,308,Shopee,COD,23,5,1,0,>50,10.266666666666667,3.0,2.0,0.6666666666666666,22,2,3411.2400000000002,0.25,1.0,0.3333333333333333,0.0,1524.86,1,0,0.0,1524.86,1,0,0.0,10233.720000000001,3,2,0.6666666666666666,10233.720000000001,3,2,0.6666666666666666,0
LGS2ORD0017674,C016575,2025-05-20 23:00:00,Male,53,Silver,Web,Khon Kaen,1204,Web,Credit_Card,23,5,1,0,>50,40.13333333333333,2.0,0.0,0.0,-1,66,6810.74,0.05,0.0,0.0,0.0,0.0,0,0,0.0,0.0,0,0,0.0,11438.19,1,0,0.0,13621.48,2,0,0.0,0
LGS2ORD0017675,C011648,2025-05-20 23:00:00,Female,41,Silver,TV,Bangkok,474,TV_Show,COD,23,5,1,0,40-50,15.8,3.0,0.0,0.0,-1,15,1903.9966666666667,0.3,0.3333333333333333,0.6666666666666666,0.0,0.0,0,0,0.0,3061.6,1,0,0.0,5711.99,3,0,0.0,5711.99,3,0,0.0,0
LGS2ORD0017676,C017829,2025-05-20 23:00:00,Female,72,Bronze,TV,Phuket,449,Lazada,Credit_Card,23,5,1,0,>50,14.966666666666667,1.0,0.0,0.0,-1,11,6629.78,0.03,0.0,0.0,0.0,0.0,0,0,0.0,6629.78,1,0,0.0,6629.78,1,0,0.0,6629.78,1,0,0.0,0
LGS2ORD0017677,C017874,2025-05-21 00:00:00,Female,57,Bronze,Shopee,Bangkok,1389,Web,Credit_Card,0,5,2,0,>50,46.3,2.0,0.0,0.0,-1,35,3054.79,0.18,0.5,0.0,0.0,0.0,0,0,0.0,0.0,0,0,0.0,6109.58,2,0,0.0,6109.58,2,0,0.0,0
LGS2ORD0017678,C016846,2025-05-21 00:00:00,Male,29,Bronze,TV,Remote_Area,1029,TV_Show,PromptPay,0,5,2,0,20-30,34.3,1.0,0.0,0.0,-1,23,5969.22,0.13,1.0,0.0,0.0,0.0,0,0,0.0,5969.22,1,0,0.0,5969.22,1,0,0.0,5969.22,1,0,0.0,0
LGS2ORD0017679,C011529,2025-05-21 00:00:00,Female,39,Bronze,Shopee,Chiang Mai,1438,Shopee,PromptPay,0,5,2,0,30-40,47.93333333333333,0.0,0.0,0.0,-1,-1,0.0,0.0,0.0,0.0,0.0,0.0,0,0,0.0,0.0,0,0,0.0,0.0,0,0,0.0,0.0,0,0,0.0,0
LGS2ORD0017680,C013126,2025-05-21 00:00:00,Male,18,Silver,CallCenter,Chiang Mai,516,Shopee,Bank_Transfer,0,5,2,0,<20,17.2,1.0,1.0,1.0,130,133,16894.88,0.3,1.0,1.0,0.0,0.0,0,0,0.0,0.0,0,0,0.0,0.0,0,0,0.0,16894.88,1,1,1.0,0
LGS2ORD0017681,C015141,2025-05-21 00:00:00,Male,53,Silver,Shopee,Bangkok,1504,CallCenter,COD,0,5,2,0,>50,50.13333333333333,2.0,1.0,0.5,126,85,6955.990000000001,0.1,0.5,0.0,0.0,0.0,0,0,0.0,0.0,0,0,0.0,1308.7,1,0,0.0,13911.980000000001,2,1,0.5,0
LGS2ORD0017682,C010415,2025-05-21 01:00:00,Female,50,Gold,Web,Bangkok,821,Lazada,PromptPay,1,5,2,0,40-50,27.366666666666667,2.0,1.0,0.5,29,45,2003.975,0.08,1.0,0.0,0.0,0.0,0,0,0.0,0.0,0,0,0.0,2187.25,1,1,1.0,4007.95,2,1,0.5,0
LGS2ORD0017683,C013084,2025-05-21 01:00:00,Male,18,Bronze,TV,Phuket,1217,CallCenter,COD,1,5,2,0,<20,40.56666666666667,2.0,1.0,0.5,21,38,4196.29,0.18,1.0,0.0,0.0,0.0,0,0,0.0,0.0,0,0,0.0,3397.24,1,1,1.0,8392.58,2,1,0.5,0
LGS2ORD0017684,C011753,2025-05-21 01:00:00,Female,40,Bronze,TV,Chiang Mai,1489,CallCenter,COD,1,5,2,0,30-40,49.63333333333333,4.0,1.0,0.25,92,4,6721.5325,0.28,0.25,0.25,0.0,1920.73,1,0,0.0,9971.81,2,0,0.0,9971.81,2,0,0.0,26886.13,4,1,0.25,1
LGS2ORD0017685,C014249,2025-05-21 01:00:00,Female,41,Gold,Web,Remote_Area,1211,Lazada,Credit_Card,1,5,2,0,40-50,40.36666666666667,3.0,0.0,0.0,-1,29,4442.606666666667,0.13,0.3333333333333333,0.0,0.0,0.0,0,0,0.0,1948.89,1,0,0.0,6320.29,2,0,0.0,13327.82,3,0,0.0,1
LGS2ORD0017686,C011722,2025-05-21 01:00:00,Female,43,Silver,TV,Khon Kaen,1211,Web,Credit_Card,1,5,2,0,40-50,40.36666666666667,3.0,1.0,0.3333333333333333,82,86,1422.36,0.3,1.0,0.6666666666666666,0.0,0.0,0,0,0.0,0.0,0,0,0.0,3324.01,2,0,0.0,4267.08,3,1,0.3333333333333333,0
LGS2ORD0017687,C013964,2025-05-21 01:00:00,Female,59,Gold,Shopee,Chiang Mai,391,Web,Credit_Card,1,5,2,0,>50,13.033333333333333,0.0,0.0,0.0,-1,-1,0.0,0.0,0.0,0.0,0.0,0.0,0,0,0.0,0.0,0,0,0.0,0.0,0,0,0.0,0.0,0,0,0.0,0
LGS2ORD0017688,C011326,2025-05-21 02:00:00,Female,46,Gold,Web,Bangkok,685,Web,PromptPay,2,5,2,0,40-50,22.833333333333332,1.0,1.0,1.0,47,64,5397.19,0.13,0.0,0.0,0.0,0.0,0,0,0.0,0.0,0,0,0.0,5397.19,1,1,1.0,5397.19,1,1,1.0,0
LGS2ORD0017689,C016073,2025-05-21 02:00:00,Female,32,Bronze,Shopee,Bangkok,648,TV_Show,Credit_Card,2,5,2,0,30-40,21.6,8.0,0.0,0.0,-1,8,9358.205000000002,0.23,0.75,0.25,0.0,0.0,0,0,0.0,2809.91,1,0,0.0,46880.869999999995,7,0,0.0,74865.64000000001,8,0,0.0,0
LGS2ORD0017690,C015323,2025-05-21 02:00:00,Female,40,Bronze,TV,Songkhla,1012,Web,COD,2,5,2,0,30-40,33.733333333333334,5.0,2.0,0.4,29,0,2975.348,0.28,0.4,0.4,0.0,274.43,1,0,0.0,274.43,1,0,0.0,4363.83,3,1,0.3333333333333333,14876.74,5,2,0.4,1
LGS2ORD0017691,C015406,2025-05-21 02:00:00,Male,29,Bronze,TV,Bangkok,156,Shopee,COD,2,5,2,0,20-30,5.2,5.0,0.0,0.0,-1,56,3876.1839999999997,0.18,0.4,0.0,0.0,0.0,0,0,0.0,0.0,0,0,0.0,9271.410000000002,2,0,0.0,19380.92,5,0,0.0,0
LGS2ORD0017692,C010171,2025-05-21 02:00:00,Male,25,Platinum,Web,Khon Kaen,880,Web,COD,2,5,2,0,20-30,29.333333333333332,3.0,1.0,0.3333333333333333,28,21,1457.5633333333335,0.25,0.6666666666666666,0.3333333333333333,0.0,0.0,0,0,0.0,559.23,1,0,0.0,4372.6900000000005,3,1,0.3333333333333333,4372.6900000000005,3,1,0.3333333333333333,0
LGS2ORD0017693,C016117,2025-05-21 03:00:00,Female,55,Bronze,TV,Nakhon Ratchasima,1139,Web,Bank_Transfer,3,5,2,0,>50,37.96666666666667,3.0,2.0,0.6666666666666666,26,3,4347.723333333333,0.23,0.6666666666666666,0.3333333333333333,0.0,7722.26,1,0,0.0,7722.26,1,0,0.0,13043.17,3,2,0.6666666666666666,13043.17,3,2,0.6666666666666666,0
LGS2ORD0017694,C010215,2025-05-21 03:00:00,Female,53,Bronze,TV,Bangkok,641,TV_Show,Credit_Card,3,5,2,0,>50,21.366666666666667,3.0,2.0,0.6666666666666666,83,5,6218.786666666668,0.23,0.0,0.3333333333333333,0.0,755.49,1,0,0.0,755.49,1,0,0.0,755.49,1,0,0.0,18656.360000000004,3,2,0.6666666666666666,0
LGS2ORD0017695,C015390,2025-05-21 03:00:00,Male,32,Silver,TV,Chonburi,172,Web,Credit_Card,3,5,2,0,30-40,5.733333333333333,1.0,0.0,0.0,-1,125,24894.3,0.1,0.0,0.0,0.0,0.0,0,0,0.0,0.0,0,0,0.0,0.0,0,0,0.0,24894.3,1,0,0.0,0
LGS2ORD0017696,C011276,2025-05-21 03:00:00,Male,38,Bronze,TV,Songkhla,1257,TV_Show,COD,3,5,2,0,30-40,41.9,3.0,1.0,0.3333333333333333,9,11,2064.9866666666667,0.28,0.6666666666666666,0.3333333333333333,0.0,0.0,0,0,0.0,4735.07,2,1,0.5,4735.07,2,1,0.5,6194.96,3,1,0.3333333333333333,0
LGS2ORD0017697,C011138,2025-05-21 03:00:00,Male,51,Bronze,CallCenter,Phuket,227,TV_Show,COD,3,5,2,0,>50,7.566666666666666,2.0,2.0,1.0,-7,4,4639.91,0.18,0.5,0.0,0.0,8801.11,1,1,1.0,9279.82,2,2,1.0,9279.82,2,2,1.0,9279.82,2,2,1.0,0
LGS2ORD0017698,C011701,2025-05-21 04:00:00,Female,54,Bronze,Web,Phuket,320,Web,Credit_Card,4,5,2,0,>50,10.666666666666666,6.0,3.0,0.5,60,18,3130.1633333333334,0.28,0.5,0.3333333333333333,0.0,0.0,0,0,0.0,432.82,1,0,0.0,10123.599999999999,3,2,0.6666666666666666,18780.98,6,3,0.5,0
LGS2ORD0017699,C017518,2025-05-21 04:00:00,Female,24,Silver,Lazada,Khon Kaen,1118,Lazada,COD,4,5,2,0,20-30,37.266666666666666,2.0,1.0,0.5,11,16,7136.715,0.2,1.0,0.0,0.0,0.0,0,0,0.0,6761.01,1,1,1.0,6761.01,1,1,1.0,14273.43,2,1,0.5,0
LGS2ORD0017700,C012532,2025-05-21 04:00:00,Female,35,Bronze,CallCenter,Phuket,1182,Lazada,Bank_Transfer,4,5,2,0,30-40,39.4,3.0,1.0,0.3333333333333333,129,3,1857.0566666666666,0.23,0.6666666666666666,0.3333333333333333,0.0,1073.22,1,0,0.0,1073.22,1,0,0.0,1073.22,1,0,0.0,5571.17,3,1,0.3333333333333333,0
LGS2ORD0017701,C016205,2025-05-21 04:00:00,Other,55,Bronze,Shopee,Bangkok,1303,TV_Show,COD,4,5,2,0,>50,43.43333333333333,1.0,0.0,0.0,-1,83,14407.11,0.03,0.0,0.0,0.0,0.0,0,0,0.0,0.0,0,0,0.0,14407.11,1,0,0.0,14407.11,1,0,0.0,0
LGS2ORD0017702,C011896,2025-05-21 04:00:00,Female,38,Silver,TV,Bangkok,535,TV_Show,Credit_Card,4,5,2,0,30-40,17.833333333333332,0.0,0.0,0.0,-1,-1,0.0,0.0,0.0,0.0,0.0,0.0,0,0,0.0,0.0,0,0,0.0,0.0,0,0,0.0,0.0,0,0,0.0,0
LGS2ORD0017703,C011177,2025-05-21 05:00:00,Female,49,Bronze,TV,Remote_Area,666,Shopee,COD,5,5,2,0,40-50,22.2,5.0,3.0,0.6,9,21,5619.984,0.23,0.4,0.2,0.0,0.0,0,0,0.0,1839.72,1,1,1.0,5338.91,3,2,0.6666666666666666,28099.920000000002,5,3,0.6,0
LGS2ORD0017704,C016887,2025-05-21 05:00:00,Male,44,Silver,CallCenter,Bangkok,1144,Web,Credit_Card,5,5,2,0,40-50,38.13333333333333,2.0,0.0,0.0,-1,47,3321.205,0.15,0.5,0.0,0.0,0.0,0,0,0.0,0.0,0,0,0.0,4585.85,1,0,0.0,6642.41,2,0,0.0,0
LGS2ORD0017705,C015918,2025-05-21 05:00:00,Male,44,Platinum,TV,Songkhla,1475,TV_Show,Credit_Card,5,5,2,0,40-50,49.166666666666664,0.0,0.0,0.0,-1,-1,0.0,0.0,0.0,0.0,0.0,0.0,0,0,0.0,0.0,0,0,0.0,0.0,0,0,0.0,0.0,0,0,0.0,0
LGS2ORD0017706,C016557,2025-05-21 05:00:00,Female,46,Bronze,CallCenter,Nakhon Ratchasima,1031,TV_Show,COD,5,5,2,0,40-50,34.36666666666667,0.0,0.0,0.0,-1,-1,0.0,0.0,0.0,0.0,0.0,0.0,0,0,0.0,0.0,0,0,0.0,0.0,0,0,0.0,0.0,0,0,0.0,0
LGS2ORD0017707,C014740,2025-05-21 05:00:00,Female,43,Bronze,CallCenter,Khon Kaen,581,CallCenter,PromptPay,5,5,2,0,40-50,19.366666666666667,5.0,1.0,0.2,11,4,4251.342,0.23,0.8,0.4,0.0,6282.6,1,0,0.0,21256.71,5,1,0.2,21256.71,5,1,0.2,21256.71,5,1,0.2,0
LGS2ORD0017708,C012884,2025-05-21 05:00:00,Female,41,Platinum,TV,Bangkok,703,Lazada,Bank_Transfer,5,5,2,0,40-50,23.433333333333334,3.0,0.0,0.0,-1,68,3402.6366666666668,0.15,0.0,0.0,0.0,0.0,0,0,0.0,0.0,0,0,0.0,5556.63,2,0,0.0,10207.91,3,0,0.0,0
LGS2ORD0017709,C014481,2025-05-21 06:00:00,Female,48,Silver,TV,Bangkok,1234,Shopee,Credit_Card,6,5,2,0,40-50,41.13333333333333,1.0,0.0,0.0,-1,74,1599.39,0.25,0.0,1.0,0.0,0.0,0,0,0.0,0.0,0,0,0.0,1599.39,1,0,0.0,1599.39,1,0,0.0,0
LGS2ORD0017710,C012880,2025-05-21 06:00:00,Female,63,Platinum,Web,Phuket,1318,TV_Show,Bank_Transfer,6,5,2,0,>50,43.93333333333333,5.0,1.0,0.2,18,18,5831.326000000001,0.35,0.0,0.6,0.0,0.0,0,0,0.0,4313.9400000000005,2,1,0.5,22258.810000000005,4,1,0.25,29156.630000000005,5,1,0.2,0
LGS2ORD0017711,C016033,2025-05-21 06:00:00,Female,45,Gold,Shopee,Bangkok,1556,Web,Credit_Card,6,5,2,0,40-50,51.86666666666667,3.0,0.0,0.0,-1,25,4185.626666666666,0.28,0.6666666666666666,0.6666666666666666,0.0,0.0,0,0,0.0,7328.78,1,0,0.0,8074.349999999999,2,0,0.0,12556.88,3,0,0.0,0
LGS2ORD0017712,C016616,2025-05-21 06:00:00,Male,47,Bronze,CallCenter,Bangkok,800,TV_Show,Bank_Transfer,6,5,2,0,40-50,26.666666666666668,4.0,1.0,0.25,27,37,1473.3825,0.28,0.75,0.5,0.0,0.0,0,0,0.0,0.0,0,0,0.0,5893.53,4,1,0.25,5893.53,4,1,0.25,0
LGS2ORD0017713,C011461,2025-05-21 06:00:00,Female,60,Bronze,Web,Remote_Area,1206,Lazada,PromptPay,6,5,2,0,>50,40.2,3.0,2.0,0.6666666666666666,3,10,3082.9900000000002,0.23,0.6666666666666666,0.3333333333333333,0.0,0.0,0,0,0.0,2686.58,1,1,1.0,7272.64,2,2,1.0,9248.970000000001,3,2,0.6666666666666666,0
LGS2ORD0017714,C011499,2025-05-21 07:00:00,Female,35,Gold,Web,Chonburi,1206,Shopee,COD,7,5,2,0,30-40,40.2,0.0,0.0,0.0,-1,-1,0.0,0.0,0.0,0.0,0.0,0.0,0,0,0.0,0.0,0,0,0.0,0.0,0,0,0.0,0.0,0,0,0.0,0
LGS2ORD0017715,C010841,2025-05-21 07:00:00,Male,22,Silver,TV,Bangkok,1511,Web,COD,7,5,2,0,20-30,50.36666666666667,1.0,0.0,0.0,-1,64,1245.74,0.05,0.0,0.0,0.0,0.0,0,0,0.0,0.0,0,0,0.0,1245.74,1,0,0.0,1245.74,1,0,0.0,0
LGS2ORD0017716,C012462,2025-05-21 07:00:00,Female,46,Silver,Shopee,Khon Kaen,1411,Web,Bank_Transfer,7,5,2,0,40-50,47.03333333333333,1.0,0.0,0.0,-1,50,17592.97,0.1,0.0,0.0,0.0,0.0,0,0,0.0,0.0,0,0,0.0,17592.97,1,0,0.0,17592.97,1,0,0.0,0
LGS2ORD0017717,C014756,2025-05-21 07:00:00,Male,43,Bronze,Lazada,Bangkok,787,TV_Show,Credit_Card,7,5,2,0,40-50,26.233333333333334,2.0,0.0,0.0,-1,9,4074.0600000000004,0.13,0.0,0.0,0.0,0.0,0,0,0.0,8148.120000000001,2,0,0.0,8148.120000000001,2,0,0.0,8148.120000000001,2,0,0.0,0
LGS2ORD0017718,C010471,2025-05-21 07:00:00,Female,56,Gold,TV,Nakhon Ratchasima,888,Lazada,COD,7,5,2,0,>50,29.6,2.0,1.0,0.5,90,38,3173.295,0.2299999999999999,0.5,1.0,0.0,0.0,0,0,0.0,0.0,0,0,0.0,5416.18,1,0,0.0,6346.59,2,1,0.5,0
LGS2ORD0017719,C013532,2025-05-21 08:00:00,Male,29,Platinum,TV,Bangkok,1022,TV_Show,Credit_Card,8,5,2,0,20-30,34.06666666666667,1.0,0.0,0.0,-1,26,405.14,0.1,0.0,0.0,0.0,0.0,0,0,0.0,405.14,1,0,0.0,405.14,1,0,0.0,405.14,1,0,0.0,0
LGS2ORD0017720,C014616,2025-05-21 08:00:00,Female,52,Gold,Shopee,Remote_Area,905,Web,Credit_Card,8,5,2,0,>50,30.166666666666668,3.0,0.0,0.0,-1,108,1742.29,0.28,0.6666666666666666,0.6666666666666666,0.0,0.0,0,0,0.0,0.0,0,0,0.0,0.0,0,0,0.0,5226.87,3,0,0.0,1
LGS2ORD0017721,C013209,2025-05-21 08:00:00,Female,47,Silver,CallCenter,Nakhon Ratchasima,1150,Web,Bank_Transfer,8,5,2,0,40-50,38.333333333333336,1.0,0.0,0.0,-1,50,1586.38,0.15,0.0,0.0,0.0,0.0,0,0,0.0,0.0,0,0,0.0,1586.38,1,0,0.0,1586.38,1,0,0.0,0
LGS2ORD0017722,C010605,2025-05-21 08:00:00,Female,37,Platinum,Web,Bangkok,1312,Web,Bank_Transfer,8,5,2,0,30-40,43.733333333333334,0.0,0.0,0.0,-1,-1,0.0,0.0,0.0,0.0,0.0,0.0,0,0,0.0,0.0,0,0,0.0,0.0,0,0,0.0,0.0,0,0,0.0,0
LGS2ORD0017723,C016487,2025-05-21 08:00:00,Male,38,Silver,Web,Songkhla,912,TV_Show,Credit_Card,8,5,2,0,30-40,30.4,3.0,2.0,0.6666666666666666,4,19,11129.543333333333,0.25,0.6666666666666666,0.6666666666666666,0.0,0.0,0,0,0.0,7970.93,1,1,1.0,33388.63,3,2,0.6666666666666666,33388.63,3,2,0.6666666666666666,0
LGS2ORD0017724,C012310,2025-05-21 09:00:00,Male,31,Bronze,Lazada,Nakhon Ratchasima,1130,Lazada,Bank_Transfer,9,5,2,0,30-40,37.666666666666664,3.0,0.0,0.0,-1,36,847.6366666666667,0.23,0.3333333333333333,0.3333333333333333,0.0,0.0,0,0,0.0,0.0,0,0,0.0,2542.91,3,0,0.0,2542.91,3,0,0.0,0
LGS2ORD0017725,C016514,2025-05-21 09:00:00,Female,43,Platinum,Shopee,Bangkok,695,Web,COD,9,5,2,0,40-50,23.166666666666668,2.0,0.0,0.0,-1,87,2610.545,0.3,0.5,0.5,0.0,0.0,0,0,0.0,0.0,0,0,0.0,5221.09,2,0,0.0,5221.09,2,0,0.0,1
LGS2ORD0017726,C017855,2025-05-21 09:00:00,Male,44,Platinum,Web,Chonburi,1503,Web,Bank_Transfer,9,5,2,0,40-50,50.1,3.0,1.0,0.3333333333333333,63,38,1329.5566666666666,0.3,0.3333333333333333,1.0,0.0,0.0,0,0,0.0,0.0,0,0,0.0,1897.22,2,1,0.5,3988.67,3,1,0.3333333333333333,0
LGS2ORD0017727,C014333,2025-05-21 09:00:00,Female,38,Bronze,Shopee,Remote_Area,228,Web,Credit_Card,9,5,2,0,30-40,7.6,2.0,0.0,0.0,-1,82,4395.395,0.28,1.0,0.5,0.0,0.0,0,0,0.0,0.0,0,0,0.0,6759.47,1,0,0.0,8790.79,2,0,0.0,0
LGS2ORD0017728,C014197,2025-05-21 09:00:00,Female,64,Platinum,Web,Bangkok,1019,Web,Bank_Transfer,9,5,2,0,>50,33.96666666666667,0.0,0.0,0.0,-1,-1,0.0,0.0,0.0,0.0,0.0,0.0,0,0,0.0,0.0,0,0,0.0,0.0,0,0,0.0,0.0,0,0,0.0,0
LGS2ORD0017729,C016496,2025-05-21 09:00:00,Female,62,Bronze,TV,Bangkok,166,Lazada,COD,9,5,2,0,>50,5.533333333333333,1.0,0.0,0.0,-1,65,9210.84,0.03,1.0,0.0,0.0,0.0,0,0,0.0,0.0,0,0,0.0,9210.84,1,0,0.0,9210.84,1,0,0.0,0
LGS2ORD0017730,C013686,2025-05-21 10:00:00,Female,25,Silver,Web,Khon Kaen,579,Shopee,Credit_Card,10,5,2,0,20-30,19.3,2.0,0.0,0.0,-1,87,4741.16,0.1,0.5,0.0,0.0,0.0,0,0,0.0,0.0,0,0,0.0,4640.83,1,0,0.0,9482.32,2,0,0.0,1
LGS2ORD0017731,C011385,2025-05-21 10:00:00,Female,57,Bronze,TV,Bangkok,178,TV_Show,Credit_Card,10,5,2,0,>50,5.933333333333334,5.0,0.0,0.0,-1,22,5360.026,0.23,0.6,0.2,0.0,0.0,0,0,0.0,5920.49,1,0,0.0,26800.129999999997,5,0,0.0,26800.129999999997,5,0,0.0,1
LGS2ORD0017732,C016025,2025-05-21 10:00:00,Male,32,Bronze,TV,Chiang Mai,1071,CallCenter,COD,10,5,2,0,30-40,35.7,1.0,0.0,0.0,-1,93,13556.79,0.08,1.0,0.0,0.0,0.0,0,0,0.0,0.0,0,0,0.0,0.0,0,0,0.0,13556.79,1,0,0.0,0
LGS2ORD0017733,C013623,2025-05-21 10:00:00,Female,47,Bronze,TV,Chonburi,1573,Web,COD,10,5,2,0,40-50,52.43333333333333,3.0,1.0,0.3333333333333333,26,2,17995.87,0.23,1.0,0.3333333333333333,0.0,39984.71,1,0,0.0,39984.71,1,0,0.0,40956.85,2,1,0.5,53987.61,3,1,0.3333333333333333,0
LGS2ORD0017734,C016962,2025-05-21 10:00:00,Female,45,Bronze,TV,Songkhla,782,CallCenter,COD,10,5,2,0,40-50,26.066666666666666,2.0,1.0,0.5,6,1,4076.295,0.08,0.5,0.0,0.0,333.67,1,0,0.0,8152.59,2,1,0.5,8152.59,2,1,0.5,8152.59,2,1,0.5,1
LGS2ORD0017735,C010916,2025-05-21 11:00:00,Male,41,Bronze,CallCenter,Khon Kaen,239,Lazada,Bank_Transfer,11,5,2,0,40-50,7.966666666666667,5.0,0.0,0.0,-1,13,1594.618,0.28,0.0,0.4,0.0,0.0,0,0,0.0,672.1,2,0,0.0,7973.089999999999,5,0,0.0,7973.089999999999,5,0,0.0,0
LGS2ORD0017736,C012450,2025-05-21 11:00:00,Female,36,Gold,TV,Chiang Mai,1427,TV_Show,COD,11,5,2,0,30-40,47.56666666666667,3.0,1.0,0.3333333333333333,28,38,5621.28,0.33,0.6666666666666666,0.6666666666666666,0.0,0.0,0,0,0.0,0.0,0,0,0.0,559.34,1,1,1.0,16863.84,3,1,0.3333333333333333,0
LGS2ORD0017737,C012357,2025-05-21 11:00:00,Male,54,Gold,Web,Nakhon Ratchasima,1153,TV_Show,Bank_Transfer,11,5,2,0,>50,38.43333333333333,1.0,0.0,0.0,-1,16,10485.43,0.13,1.0,0.0,0.0,0.0,0,0,0.0,10485.43,1,0,0.0,10485.43,1,0,0.0,10485.43,1,0,0.0,0
LGS2ORD0017738,C017832,2025-05-21 11:00:00,Male,65,Bronze,CallCenter,Chiang Mai,1530,Shopee,COD,11,5,2,0,>50,51.0,1.0,1.0,1.0,51,67,659.84,0.23,1.0,1.0,0.0,0.0,0,0,0.0,0.0,0,0,0.0,659.84,1,1,1.0,659.84,1,1,1.0,0
LGS2ORD0017739,C010889,2025-05-21 11:00:00,Male,54,Silver,Shopee,Phuket,908,Web,PromptPay,11,5,2,0,>50,30.266666666666666,0.0,0.0,0.0,-1,-1,0.0,0.0,0.0,0.0,0.0,0.0,0,0,0.0,0.0,0,0,0.0,0.0,0,0,0.0,0.0,0,0,0.0,0
LGS2ORD0017740,C016325,2025-05-21 12:00:00,Female,52,Bronze,TV,Remote_Area,1243,TV_Show,PromptPay,12,5,2,0,>50,41.43333333333333,4.0,2.0,0.5,86,20,3773.8475000000003,0.28,0.5,0.5,0.0,0.0,0,0,0.0,1486.83,1,0,0.0,4619.35,2,0,0.0,15095.390000000001,4,2,0.5,0
LGS2ORD0017741,C015103,2025-05-21 12:00:00,Female,34,Bronze,Shopee,Bangkok,1362,Lazada,COD,12,5,2,0,30-40,45.4,0.0,0.0,0.0,-1,-1,0.0,0.0,0.0,0.0,0.0,0.0,0,0,0.0,0.0,0,0,0.0,0.0,0,0,0.0,0.0,0,0,0.0,0
LGS2ORD0017742,C012989,2025-05-21 12:00:00,Female,18,Gold,Web,Bangkok,888,Shopee,COD,12,5,2,0,<20,29.6,1.0,0.0,0.0,-1,81,8664.08,0.28,1.0,1.0,0.0,0.0,0,0,0.0,0.0,0,0,0.0,8664.08,1,0,0.0,8664.08,1,0,0.0,0
LGS2ORD0017743,C017950,2025-05-21 12:00:00,Male,63,Bronze,Shopee,Chiang Mai,427,Lazada,COD,12,5,2,0,>50,14.233333333333333,2.0,1.0,0.5,61,71,1136.365,0.18,0.5,0.0,0.0,0.0,0,0,0.0,0.0,0,0,0.0,1778.32,1,1,1.0,2272.73,2,1,0.5,0
LGS2ORD0017744,C017174,2025-05-21 12:00:00,Male,62,Silver,CallCenter,Phuket,1448,Web,COD,12,5,2,0,>50,48.266666666666666,4.0,0.0,0.0,-1,12,4556.8225,0.25,0.5,0.25,0.0,0.0,0,0,0.0,4022.81,1,0,0.0,12776.49,2,0,0.0,18227.29,4,0,0.0,1
LGS2ORD0017745,C015437,2025-05-21 12:00:00,Female,41,Gold,Web,Bangkok,679,Shopee,COD,12,5,2,0,40-50,22.633333333333333,4.0,1.0,0.25,124,54,6928.455,0.28,0.75,0.25,0.0,0.0,0,0,0.0,0.0,0,0,0.0,10175.63,1,0,0.0,27713.82,4,1,0.25,0
LGS2ORD0017746,C013559,2025-05-21 13:00:00,Male,44,Silver,TV,Songkhla,252,TV_Show,COD,13,5,2,0,40-50,8.4,2.0,1.0,0.5,12,16,3690.41,0.2,1.0,0.0,0.0,0.0,0,0,0.0,6877.17,1,1,1.0,6877.17,1,1,1.0,7380.82,2,1,0.5,1
LGS2ORD0017747,C012027,2025-05-21 13:00:00,Female,41,Bronze,Shopee,Bangkok,1296,Shopee,PromptPay,13,5,2,0,40-50,43.2,6.0,3.0,0.5,2,12,6728.23,0.28,0.6666666666666666,0.6666666666666666,0.0,0.0,0,0,0.0,9441.23,2,2,1.0,14173.66,4,3,0.75,40369.38,6,3,0.5,1
LGS2ORD0017748,C010431,2025-05-21 13:00:00,Male,62,Silver,TV,Bangkok,967,TV_Show,COD,13,5,2,0,>50,32.233333333333334,2.0,0.0,0.0,-1,109,3263.535,0.15,1.0,0.0,0.0,0.0,0,0,0.0,0.0,0,0,0.0,0.0,0,0,0.0,6527.07,2,0,0.0,0
LGS2ORD0017749,C013827,2025-05-21 13:00:00,Female,59,Bronze,TV,Khon Kaen,1069,Web,COD,13,5,2,0,>50,35.63333333333333,4.0,1.0,0.25,91,58,3095.2775,0.23,0.75,0.25,0.0,0.0,0,0,0.0,0.0,0,0,0.0,6371.71,1,0,0.0,12381.11,4,1,0.25,0
LGS2ORD0017750,C017692,2025-05-21 13:00:00,Female,48,Bronze,Web,Chiang Mai,1468,Lazada,PromptPay,13,5,2,0,40-50,48.93333333333333,1.0,0.0,0.0,-1,43,6256.14,0.08,1.0,0.0,0.0,0.0,0,0,0.0,0.0,0,0,0.0,6256.14,1,0,0.0,6256.14,1,0,0.0,1
LGS2ORD0017751,C016246,2025-05-21 14:00:00,Female,59,Silver,Shopee,Khon Kaen,922,Shopee,COD,14,5,2,0,>50,30.733333333333334,2.0,1.0,0.5,94,100,9996.935000000001,0.2,0.5,0.0,0.0,0.0,0,0,0.0,0.0,0,0,0.0,0.0,0,0,0.0,19993.870000000003,2,1,0.5,0
LGS2ORD0017752,C016126,2025-05-21 14:00:00,Female,47,Gold,TV,Chonburi,1428,Shopee,Credit_Card,14,5,2,0,40-50,47.6,3.0,0.0,0.0,-1,38,7761.056666666666,0.28,0.3333333333333333,0.6666666666666666,0.0,0.0,0,0,0.0,0.0,0,0,0.0,6969.21,2,0,0.0,23283.17,3,0,0.0,0
LGS2ORD0017753,C016335,2025-05-21 14:00:00,Female,40,Bronze,Shopee,Nakhon Ratchasima,859,Web,Credit_Card,14,5,2,0,30-40,28.633333333333333,1.0,0.0,0.0,-1,88,6414.18,0.08,1.0,0.0,0.0,0.0,0,0,0.0,0.0,0,0,0.0,6414.18,1,0,0.0,6414.18,1,0,0.0,0
LGS2ORD0017754,C013106,2025-05-21 14:00:00,Male,28,Bronze,TV,Nakhon Ratchasima,165,Lazada,COD,14,5,2,0,20-30,5.5,3.0,1.0,0.3333333333333333,45,51,9559.42,0.23,0.0,0.6666666666666666,0.0,0.0,0,0,0.0,0.0,0,0,0.0,28000.629999999997,2,1,0.5,28678.26,3,1,0.3333333333333333,1
LGS2ORD0017755,C012687,2025-05-21 14:00:00,Male,28,Gold,Lazada,Chonburi,1288,CallCenter,COD,14,5,2,0,20-30,42.93333333333333,2.0,0.0,0.0,-1,20,1749.125,0.2299999999999999,0.5,0.5,0.0,0.0,0,0,0.0,2285.96,1,0,0.0,2285.96,1,0,0.0,3498.25,2,0,0.0,1
LGS2ORD0017756,C010604,2025-05-21 15:00:00,Female,50,Silver,Shopee,Chonburi,575,TV_Show,PromptPay,15,5,2,0,40-50,19.166666666666668,2.0,0.0,0.0,-1,18,8238.87,0.3,0.5,1.0,0.0,0.0,0,0,0.0,6236.04,1,0,0.0,16477.74,2,0,0.0,16477.74,2,0,0.0,0
LGS2ORD0017757,C011659,2025-05-21 15:00:00,Male,45,Gold,TV,Chonburi,1228,Web,COD,15,5,2,0,40-50,40.93333333333333,2.0,1.0,0.5,118,123,2174.4700000000003,0.2299999999999999,0.5,0.5,0.0,0.0,0,0,0.0,0.0,0,0,0.0,0.0,0,0,0.0,4348.9400000000005,2,1,0.5,0
LGS2ORD0017758,C010974,2025-05-21 15:00:00,Male,19,Bronze,Lazada,Bangkok,1410,TV_Show,PromptPay,15,5,2,0,<20,47.0,0.0,0.0,0.0,-1,-1,0.0,0.0,0.0,0.0,0.0,0.0,0,0,0.0,0.0,0,0,0.0,0.0,0,0,0.0,0.0,0,0,0.0,0
LGS2ORD0017759,C015275,2025-05-21 15:00:00,Female,45,Silver,Web,Bangkok,443,Shopee,COD,15,5,2,0,40-50,14.766666666666667,2.0,0.0,0.0,-1,10,1015.21,0.25,0.5,0.5,0.0,0.0,0,0,0.0,1706.93,1,0,0.0,2030.42,2,0,0.0,2030.42,2,0,0.0,1
LGS2ORD0017760,C013291,2025-05-21 15:00:00,Male,60,Silver,Lazada,Khon Kaen,465,TV_Show,COD,15,5,2,0,>50,15.5,1.0,0.0,0.0,-1,97,3085.05,0.1,1.0,0.0,0.0,0.0,0,0,0.0,0.0,0,0,0.0,0.0,0,0,0.0,3085.05,1,0,0.0,0
LGS2ORD0017761,C014145,2025-05-21 16:00:00,Female,37,Gold,TV,Khon Kaen,308,Web,COD,16,5,2,0,30-40,10.266666666666667,1.0,0.0,0.0,-1,75,2666.81,0.28,0.0,1.0,0.0,0.0,0,0,0.0,0.0,0,0,0.0,2666.81,1,0,0.0,2666.81,1,0,0.0,0
LGS2ORD0017762,C011936,2025-05-21 16:00:00,Male,58,Bronze,Web,Chiang Mai,893,Shopee,COD,16,5,2,0,>50,29.766666666666666,3.0,0.0,0.0,-1,6,3129.14,0.28,0.0,0.3333333333333333,0.0,3392.57,1,0,0.0,3392.57,1,0,0.0,7677.460000000001,2,0,0.0,9387.42,3,0,0.0,0
LGS2ORD0017763,C010921,2025-05-21 16:00:00,Female,39,Gold,Shopee,Remote_Area,902,Lazada,COD,16,5,2,0,30-40,30.066666666666666,3.0,0.0,0.0,-1,17,3941.2000000000003,0.28,0.6666666666666666,0.6666666666666666,0.0,0.0,0,0,0.0,1968.17,1,0,0.0,1968.17,1,0,0.0,11823.6,3,0,0.0,0
LGS2ORD0017764,C016956,2025-05-21 16:00:00,Male,30,Bronze,TV,Chonburi,1242,Web,COD,16,5,2,0,20-30,41.4,5.0,2.0,0.4,115,78,3665.018,0.28,0.8,0.2,0.0,0.0,0,0,0.0,0.0,0,0,0.0,1551.9,1,0,0.0,18325.09,5,2,0.4,0
LGS2ORD0017765,C014741,2025-05-21 16:00:00,Female,40,Bronze,Web,Remote_Area,1344,CallCenter,Credit_Card,16,5,2,0,30-40,44.8,2.0,2.0,1.0,-10,2,7974.115,0.23,1.0,0.5,0.0,2746.3,1,1,1.0,2746.3,1,1,1.0,2746.3,1,1,1.0,15948.23,2,2,1.0,0
LGS2ORD0017766,C010305,2025-05-21 16:00:00,Female,47,Gold,Web,Chonburi,253,CallCenter,COD,16,5,2,0,40-50,8.433333333333334,1.0,0.0,0.0,-1,135,8806.04,0.08,0.0,0.0,0.0,0.0,0,0,0.0,0.0,0,0,0.0,0.0,0,0,0.0,8806.04,1,0,0.0,1
LGS2ORD0017767,C010091,2025-05-21 17:00:00,Male,69,Bronze,Lazada,Chonburi,1234,TV_Show,Credit_Card,17,5,2,0,>50,41.13333333333333,4.0,0.0,0.0,-1,46,3906.0224999999996,0.23,0.75,0.5,0.0,0.0,0,0,0.0,0.0,0,0,0.0,1562.47,1,0,0.0,15624.089999999998,4,0,0.0,0
LGS2ORD0017768,C014911,2025-05-21 17:00:00,Male,39,Bronze,Web,Bangkok,577,TV_Show,COD,17,5,2,0,30-40,19.233333333333334,4.0,3.0,0.75,2,13,5737.5425,0.23,0.25,0.5,0.0,0.0,0,0,0.0,17160.28,1,1,1.0,22950.17,4,3,0.75,22950.17,4,3,0.75,1
LGS2ORD0017769,C010424,2025-05-21 17:00:00,Male,24,Silver,Web,Khon Kaen,565,Web,Credit_Card,17,5,2,0,20-30,18.833333333333332,1.0,1.0,1.0,117,129,7612.31,0.25,0.0,1.0,0.0,0.0,0,0,0.0,0.0,0,0,0.0,0.0,0,0,0.0,7612.31,1,1,1.0,0
LGS2ORD0017770,C011945,2025-05-21 17:00:00,Female,44,Bronze,CallCenter,Bangkok,664,Shopee,Credit_Card,17,5,2,0,40-50,22.133333333333333,3.0,2.0,0.6666666666666666,13,16,4745.28,0.23,1.0,0.6666666666666666,0.0,0.0,0,0,0.0,2254.94,1,1,1.0,13160.08,2,1,0.5,14235.84,3,2,0.6666666666666666,1
LGS2ORD0017771,C013809,2025-05-21 17:00:00,Female,48,Platinum,Web,Chiang Mai,320,CallCenter,COD,17,5,2,0,40-50,10.666666666666666,2.0,0.0,0.0,-1,19,4494.865,0.3,0.0,0.5,0.0,0.0,0,0,0.0,3256.28,1,0,0.0,3256.28,1,0,0.0,8989.73,2,0,0.0,0
LGS2ORD0017772,C015592,2025-05-21 18:00:00,Male,21,Bronze,TV,Phuket,1555,Lazada,PromptPay,18,5,2,0,20-30,51.833333333333336,0.0,0.0,0.0,-1,-1,0.0,0.0,0.0,0.0,0.0,0.0,0,0,0.0,0.0,0,0,0.0,0.0,0,0,0.0,0.0,0,0,0.0,0
LGS2ORD0017773,C013249,2025-05-21 18:00:00,Female,63,Bronze,Web,Bangkok,539,TV_Show,COD,18,5,2,0,>50,17.966666666666665,2.0,0.0,0.0,-1,65,2136.975,0.18,0.5,0.0,0.0,0.0,0,0,0.0,0.0,0,0,0.0,3180.9,1,0,0.0,4273.95,2,0,0.0,0
LGS2ORD0017774,C016703,2025-05-21 18:00:00,Female,34,Bronze,Lazada,Bangkok,1043,Shopee,Credit_Card,18,5,2,0,30-40,34.766666666666666,4.0,1.0,0.25,37,45,3371.0024999999996,0.28,0.5,0.25,0.0,0.0,0,0,0.0,0.0,0,0,0.0,12390.43,3,1,0.3333333333333333,13484.009999999998,4,1,0.25,0
LGS2ORD0017775,C013419,2025-05-21 18:00:00,Female,41,Bronze,TV,Bangkok,1213,TV_Show,COD,18,5,2,0,40-50,40.43333333333333,2.0,0.0,0.0,-1,94,1976.9099999999999,0.18,0.0,0.0,0.0,0.0,0,0,0.0,0.0,0,0,0.0,0.0,0,0,0.0,3953.8199999999997,2,0,0.0,0
LGS2ORD0017776,C011943,2025-05-21 18:00:00,Female,50,Silver,Web,Remote_Area,717,Shopee,COD,18,5,2,0,40-50,23.9,2.0,0.0,0.0,-1,65,308.795,0.1,1.0,0.0,0.0,0.0,0,0,0.0,0.0,0,0,0.0,617.59,2,0,0.0,617.59,2,0,0.0,1
LGS2ORD0017777,C012521,2025-05-21 19:00:00,Female,40,Bronze,TV,Phuket,393,CallCenter,COD,19,5,2,0,30-40,13.1,1.0,0.0,0.0,-1,129,4446.3,0.03,1.0,0.0,0.0,0.0,0,0,0.0,0.0,0,0,0.0,0.0,0,0,0.0,4446.3,1,0,0.0,0
LGS2ORD0017778,C011052,2025-05-21 19:00:00,Male,42,Silver,TV,Chonburi,703,Lazada,COD,19,5,2,0,40-50,23.433333333333334,5.0,2.0,0.4,21,10,3616.7760000000003,0.2,0.4,0.0,0.0,0.0,0,0,0.0,2527.89,1,0,0.0,13408.55,4,2,0.5,18083.88,5,2,0.4,0
LGS2ORD0017779,C011082,2025-05-21 19:00:00,Female,55,Bronze,TV,Chonburi,388,Lazada,Bank_Transfer,19,5,2,0,>50,12.933333333333334,3.0,2.0,0.6666666666666666,0,10,2257.5400000000004,0.18,1.0,0.0,0.0,0.0,0,0,0.0,3687.07,1,1,1.0,4697.81,2,2,1.0,6772.620000000001,3,2,0.6666666666666666,0
LGS2ORD0017780,C014010,2025-05-21 19:00:00,Male,53,Bronze,CallCenter,Khon Kaen,1507,Web,PromptPay,19,5,2,0,>50,50.233333333333334,1.0,1.0,1.0,37,50,1021.56,0.03,0.0,0.0,0.0,0.0,0,0,0.0,0.0,0,0,0.0,1021.56,1,1,1.0,1021.56,1,1,1.0,0
LGS2ORD0017781,C016920,2025-05-21 19:00:00,Male,55,Silver,Shopee,Chonburi,532,Web,Credit_Card,19,5,2,0,>50,17.733333333333334,0.0,0.0,0.0,-1,-1,0.0,0.0,0.0,0.0,0.0,0.0,0,0,0.0,0.0,0,0,0.0,0.0,0,0,0.0,0.0,0,0,0.0,0
LGS2ORD0017782,C010605,2025-05-21 20:00:00,Female,37,Platinum,Web,Bangkok,1312,CallCenter,Credit_Card,20,5,2,0,30-40,43.733333333333334,1.0,0.0,0.0,-1,0,1574.22,0.25,0.0,1.0,0.0,1574.22,1,0,0.0,1574.22,1,0,0.0,1574.22,1,0,0.0,1574.22,1,0,0.0,0
LGS2ORD0017783,C012737,2025-05-21 20:00:00,Female,50,Platinum,Shopee,Khon Kaen,268,Lazada,Credit_Card,20,5,2,0,40-50,8.933333333333334,1.0,0.0,0.0,-1,122,5559.75,0.1,0.0,0.0,0.0,0.0,0,0,0.0,0.0,0,0,0.0,0.0,0,0,0.0,5559.75,1,0,0.0,0
LGS2ORD0017784,C013073,2025-05-21 20:00:00,Female,31,Bronze,TV,Khon Kaen,849,TV_Show,COD,20,5,2,0,30-40,28.3,0.0,0.0,0.0,-1,-1,0.0,0.0,0.0,0.0,0.0,0.0,0,0,0.0,0.0,0,0,0.0,0.0,0,0,0.0,0.0,0,0,0.0,0
LGS2ORD0017785,C013812,2025-05-21 20:00:00,Male,32,Bronze,TV,Nakhon Ratchasima,202,CallCenter,Credit_Card,20,5,2,0,30-40,6.733333333333333,2.0,0.0,0.0,-1,33,12083.05,0.08,0.5,0.0,0.0,0.0,0,0,0.0,0.0,0,0,0.0,948.68,1,0,0.0,24166.1,2,0,0.0,0
LGS2ORD0017786,C012904,2025-05-21 20:00:00,Male,51,Gold,Shopee,Nakhon Ratchasima,292,Lazada,COD,20,5,2,0,>50,9.733333333333333,2.0,0.0,0.0,-1,15,4192.23,0.33,0.0,1.0,0.0,0.0,0,0,0.0,6528.29,1,0,0.0,6528.29,1,0,0.0,8384.46,2,0,0.0,1
LGS2ORD0017787,C015039,2025-05-21 20:00:00,Male,40,Bronze,TV,Phuket,424,Web,PromptPay,20,5,2,0,30-40,14.133333333333333,4.0,1.0,0.25,117,45,7563.264999999999,0.23,0.75,0.5,0.0,0.0,0,0,0.0,0.0,0,0,0.0,24534.43,3,0,0.0,30253.059999999998,4,1,0.25,0
LGS2ORD0017788,C014222,2025-05-21 21:00:00,Female,23,Gold,Lazada,Bangkok,308,Shopee,COD,21,5,2,0,20-30,10.266666666666667,1.0,0.0,0.0,-1,71,420.21,0.28,0.0,1.0,0.0,0.0,0,0,0.0,0.0,0,0,0.0,420.21,1,0,0.0,420.21,1,0,0.0,1
LGS2ORD0017789,C014497,2025-05-21 21:00:00,Male,44,Bronze,Web,Chiang Mai,1357,Lazada,COD,21,5,2,0,40-50,45.233333333333334,4.0,1.0,0.25,54,6,5899.855,0.28,0.5,0.75,0.0,821.65,1,0,0.0,821.65,1,0,0.0,23599.42,4,1,0.25,23599.42,4,1,0.25,0
LGS2ORD0017790,C016308,2025-05-21 21:00:00,Female,25,Bronze,TV,Chonburi,1199,TV_Show,COD,21,5,2,0,20-30,39.96666666666667,3.0,0.0,0.0,-1,8,2592.5533333333333,0.23,0.6666666666666666,0.3333333333333333,0.0,0.0,0,0,0.0,7209.43,2,0,0.0,7777.66,3,0,0.0,7777.66,3,0,0.0,1
LGS2ORD0017791,C010709,2025-05-21 21:00:00,Female,41,Bronze,CallCenter,Remote_Area,687,Web,Credit_Card,21,5,2,0,40-50,22.9,3.0,2.0,0.6666666666666666,2,17,10668.063333333334,0.23,0.3333333333333333,0.6666666666666666,0.0,0.0,0,0,0.0,12122.32,1,1,1.0,25456.89,2,1,0.5,32004.19,3,2,0.6666666666666666,0
LGS2ORD0017792,C015440,2025-05-21 21:00:00,Other,57,Bronze,Web,Phuket,834,Lazada,COD,21,5,2,0,>50,27.8,2.0,0.0,0.0,-1,10,3765.6,0.28,0.0,1.0,0.0,0.0,0,0,0.0,6508.12,1,0,0.0,7531.2,2,0,0.0,7531.2,2,0,0.0,0
LGS2ORD0017793,C010834,2025-05-21 22:00:00,Female,54,Gold,TV,Remote_Area,1597,Web,COD,22,5,2,0,>50,53.233333333333334,0.0,0.0,0.0,-1,-1,0.0,0.0,0.0,0.0,0.0,0.0,0,0,0.0,0.0,0,0,0.0,0.0,0,0,0.0,0.0,0,0,0.0,0
LGS2ORD0017794,C017163,2025-05-21 22:00:00,Female,44,Silver,TV,Khon Kaen,1274,Lazada,Bank_Transfer,22,5,2,0,40-50,42.46666666666667,1.0,0.0,0.0,-1,115,4794.8,0.2,0.0,0.0,0.0,0.0,0,0,0.0,0.0,0,0,0.0,0.0,0,0,0.0,4794.8,1,0,0.0,0
LGS2ORD0017795,C010598,2025-05-21 22:00:00,Male,24,Gold,Web,Bangkok,1112,Web,PromptPay,22,5,2,0,20-30,37.06666666666667,1.0,0.0,0.0,-1,94,3270.0,0.08,1.0,0.0,0.0,0.0,0,0,0.0,0.0,0,0,0.0,0.0,0,0,0.0,3270.0,1,0,0.0,0
LGS2ORD0017796,C014068,2025-05-21 22:00:00,Female,33,Silver,TV,Bangkok,246,Web,COD,22,5,2,0,30-40,8.2,2.0,1.0,0.5,98,10,12383.115,0.15,0.0,0.0,0.0,0.0,0,0,0.0,14764.48,1,0,0.0,14764.48,1,0,0.0,24766.23,2,1,0.5,0
LGS2ORD0017797,C012551,2025-05-21 22:00:00,Male,43,Silver,Lazada,Bangkok,1260,Shopee,COD,22,5,2,0,40-50,42.0,0.0,0.0,0.0,-1,-1,0.0,0.0,0.0,0.0,0.0,0.0,0,0,0.0,0.0,0,0,0.0,0.0,0,0,0.0,0.0,0,0,0.0,0
LGS2ORD0017798,C016327,2025-05-21 23:00:00,Female,37,Gold,Web,Chonburi,1303,Web,Credit_Card,23,5,2,0,30-40,43.43333333333333,1.0,0.0,0.0,-1,97,627.37,0.08,1.0,0.0,0.0,0.0,0,0,0.0,0.0,0,0,0.0,0.0,0,0,0.0,627.37,1,0,0.0,0
LGS2ORD0017799,C017556,2025-05-21 23:00:00,Male,41,Bronze,Web,Chiang Mai,562,TV_Show,Credit_Card,23,5,2,0,40-50,18.733333333333334,1.0,0.0,0.0,-1,77,8097.34,0.03,1.0,0.0,0.0,0.0,0,0,0.0,0.0,0,0,0.0,8097.34,1,0,0.0,8097.34,1,0,0.0,0
LGS2ORD0017800,C010860,2025-05-21 23:00:00,Female,59,Bronze,TV,Phuket,1388,Web,COD,23,5,2,0,>50,46.266666666666666,2.0,2.0,1.0,47,66,1444.505,0.23,0.0,0.5,0.0,0.0,0,0,0.0,0.0,0,0,0.0,1253.57,1,1,1.0,2889.01,2,2,1.0,0
LGS2ORD0017801,C011092,2025-05-21 23:00:00,Male,35,Silver,Web,Khon Kaen,1561,CallCenter,Credit_Card,23,5,2,0,30-40,52.03333333333333,4.0,1.0,0.25,76,51,3440.8650000000002,0.2,0.25,0.0,0.0,0.0,0,0,0.0,0.0,0,0,0.0,6377.530000000001,3,1,0.3333333333333333,13763.460000000001,4,1,0.25,0
LGS2ORD0017802,C017144,2025-05-21 23:00:00,Female,51,Platinum,Web,Bangkok,682,Web,Credit_Card,23,5,2,0,>50,22.733333333333334,1.0,0.0,0.0,-1,119,6494.85,0.25,0.0,1.0,0.0,0.0,0,0,0.0,0.0,0,0,0.0,0.0,0,0,0.0,6494.85,1,0,0.0,0
LGS2ORD0017803,C012869,2025-05-22 00:00:00,Female,51,Bronze,Lazada,Chiang Mai,332,Lazada,COD,0,5,3,0,>50,11.066666666666666,4.0,2.0,0.5,12,15,6742.0025000000005,0.28,0.75,0.25,0.0,0.0,0,0,0.0,2437.33,1,1,1.0,26968.010000000002,4,2,0.5,26968.010000000002,4,2,0.5,1
LGS2ORD0017804,C011903,2025-05-22 00:00:00,Male,46,Bronze,TV,Remote_Area,1534,CallCenter,PromptPay,0,5,3,0,40-50,51.13333333333333,6.0,0.0,0.0,-1,3,8814.581666666667,0.23,0.6666666666666666,0.16666666666666666,0.0,3015.24,1,0,0.0,3015.24,1,0,0.0,51479.21,5,0,0.0,52887.49,6,0,0.0,1
LGS2ORD0017805,C016354,2025-05-22 00:00:00,Male,59,Bronze,TV,Phuket,436,CallCenter,Bank_Transfer,0,5,3,0,>50,14.533333333333333,3.0,1.0,0.3333333333333333,101,109,2235.1200000000003,0.18,1.0,0.0,0.0,0.0,0,0,0.0,0.0,0,0,0.0,0.0,0,0,0.0,6705.360000000001,3,1,0.3333333333333333,0
LGS2ORD0017806,C014177,2025-05-22 00:00:00,Male,61,Platinum,Shopee,Chiang Mai,1221,CallCenter,Credit_Card,0,5,3,0,>50,40.7,5.0,1.0,0.2,72,20,6247.454,0.35,0.8,0.8,0.0,0.0,0,0,0.0,15059.67,1,0,0.0,18641.38,2,1,0.5,31237.269999999997,5,1,0.2,0
LGS2ORD0017807,C014657,2025-05-22 00:00:00,Male,18,Platinum,Lazada,Bangkok,458,Shopee,COD,0,5,3,0,<20,15.266666666666667,0.0,0.0,0.0,-1,-1,0.0,0.0,0.0,0.0,0.0,0.0,0,0,0.0,0.0,0,0,0.0,0.0,0,0,0.0,0.0,0,0,0.0,0
LGS2ORD0017808,C015491,2025-05-22 00:00:00,Male,38,Bronze,CallCenter,Chiang Mai,1472,TV_Show,COD,0,5,3,0,30-40,49.06666666666667,5.0,1.0,0.2,121,27,3404.4799999999996,0.18,0.4,0.0,0.0,0.0,0,0,0.0,4033.11,1,0,0.0,13183.789999999999,4,0,0.0,17022.399999999998,5,1,0.2,0
LGS2ORD0017809,C015126,2025-05-22 01:00:00,Female,51,Gold,TV,Songkhla,809,Web,Credit_Card,1,5,3,0,>50,26.966666666666665,3.0,2.0,0.6666666666666666,26,39,4496.126666666667,0.33,0.6666666666666666,1.0,0.0,0.0,0,0,0.0,0.0,0,0,0.0,11757.92,2,1,0.5,13488.380000000001,3,2,0.6666666666666666,1
LGS2ORD0017810,C014756,2025-05-22 01:00:00,Male,43,Bronze,Lazada,Bangkok,788,TV_Show,Credit_Card,1,5,3,0,40-50,26.266666666666666,3.0,0.0,0.0,-1,0,2955.683333333334,0.13,0.0,0.0,0.0,718.93,1,0,0.0,8867.050000000001,3,0,0.0,8867.050000000001,3,0,0.0,8867.050000000001,3,0,0.0,0
LGS2ORD0017811,C010005,2025-05-22 01:00:00,Male,43,Bronze,Lazada,Bangkok,880,CallCenter,COD,1,5,3,0,40-50,29.333333333333332,1.0,0.0,0.0,-1,24,12957.49,0.03,1.0,0.0,0.0,0.0,0,0,0.0,12957.49,1,0,0.0,12957.49,1,0,0.0,12957.49,1,0,0.0,0
LGS2ORD0017812,C011062,2025-05-22 01:00:00,Male,56,Bronze,Web,Bangkok,429,Shopee,COD,1,5,3,0,>50,14.3,4.0,1.0,0.25,118,14,7078.8324999999995,0.18,0.75,0.0,0.0,0.0,0,0,0.0,16004.779999999999,2,0,0.0,16004.779999999999,2,0,0.0,28315.329999999998,4,1,0.25,0
LGS2ORD0017813,C010804,2025-05-22 01:00:00,Male,18,Gold,Web,Bangkok,444,Shopee,PromptPay,1,5,3,0,<20,14.8,0.0,0.0,0.0,-1,-1,0.0,0.0,0.0,0.0,0.0,0.0,0,0,0.0,0.0,0,0,0.0,0.0,0,0,0.0,0.0,0,0,0.0,0
LGS2ORD0017814,C013108,2025-05-22 02:00:00,Female,42,Bronze,Lazada,Khon Kaen,236,Lazada,Credit_Card,2,5,3,0,40-50,7.866666666666666,1.0,1.0,1.0,50,63,993.79,0.28,1.0,1.0,0.0,0.0,0,0,0.0,0.0,0,0,0.0,993.79,1,1,1.0,993.79,1,1,1.0,0
LGS2ORD0017815,C015028,2025-05-22 02:00:00,Female,53,Bronze,Web,Bangkok,235,Web,PromptPay,2,5,3,0,>50,7.833333333333333,2.0,0.0,0.0,-1,117,2103.26,0.18,0.0,0.0,0.0,0.0,0,0,0.0,0.0,0,0,0.0,0.0,0,0,0.0,4206.52,2,0,0.0,0
LGS2ORD0017816,C017525,2025-05-22 02:00:00,Male,41,Silver,CallCenter,Nakhon Ratchasima,1102,Web,COD,2,5,3,0,40-50,36.733333333333334,0.0,0.0,0.0,-1,-1,0.0,0.0,0.0,0.0,0.0,0.0,0,0,0.0,0.0,0,0,0.0,0.0,0,0,0.0,0.0,0,0,0.0,0
LGS2ORD0017817,C012380,2025-05-22 02:00:00,Female,31,Gold,Shopee,Bangkok,774,TV_Show,PromptPay,2,5,3,0,30-40,25.8,1.0,1.0,1.0,85,97,4708.39,0.13,0.0,0.0,0.0,0.0,0,0,0.0,0.0,0,0,0.0,0.0,0,0,0.0,4708.39,1,1,1.0,0
LGS2ORD0017818,C012059,2025-05-22 02:00:00,Male,22,Gold,TV,Bangkok,1142,Web,PromptPay,2,5,3,0,20-30,38.06666666666667,4.0,0.0,0.0,-1,31,5739.262500000001,0.28,0.5,1.0,0.0,0.0,0,0,0.0,0.0,0,0,0.0,13499.64,3,0,0.0,22957.050000000003,4,0,0.0,0
LGS2ORD0017819,C016462,2025-05-22 03:00:00,Male,34,Silver,Web,Nakhon Ratchasima,747,CallCenter,Credit_Card,3,5,3,0,30-40,24.9,5.0,0.0,0.0,-1,103,3334.6400000000003,0.25,0.4,0.2,0.0,0.0,0,0,0.0,0.0,0,0,0.0,0.0,0,0,0.0,16673.2,5,0,0.0,0
LGS2ORD0017820,C010567,2025-05-22 03:00:00,Male,68,Bronze,TV,Phuket,448,Lazada,COD,3,5,3,0,>50,14.933333333333334,3.0,0.0,0.0,-1,6,5484.253333333333,0.23,1.0,0.3333333333333333,0.0,3463.97,1,0,0.0,3463.97,1,0,0.0,5099.87,2,0,0.0,16452.76,3,0,0.0,1
LGS2ORD0017821,C017726,2025-05-22 03:00:00,Male,51,Platinum,Web,Chiang Mai,1282,Shopee,Credit_Card,3,5,3,0,>50,42.733333333333334,1.0,0.0,0.0,-1,41,2990.57,0.25,0.0,1.0,0.0,0.0,0,0,0.0,0.0,0,0,0.0,2990.57,1,0,0.0,2990.57,1,0,0.0,0
LGS2ORD0017822,C011897,2025-05-22 03:00:00,Male,60,Platinum,Lazada,Khon Kaen,422,Web,Bank_Transfer,3,5,3,0,>50,14.066666666666666,4.0,1.0,0.25,10,25,2021.1425,0.2,0.75,0.0,0.0,0.0,0,0,0.0,2051.02,1,1,1.0,6505.84,3,1,0.3333333333333333,8084.57,4,1,0.25,0
LGS2ORD0017823,C012289,2025-05-22 03:00:00,Male,45,Bronze,TV,Songkhla,1323,Shopee,COD,3,5,3,0,40-50,44.1,4.0,3.0,0.75,18,31,9052.0475,0.23,0.75,0.25,0.0,0.0,0,0,0.0,0.0,0,0,0.0,34192.25,3,2,0.6666666666666666,36208.19,4,3,0.75,1
LGS2ORD0017824,C013701,2025-05-22 04:00:00,Other,66,Gold,CallCenter,Khon Kaen,1312,Web,COD,4,5,3,0,>50,43.733333333333334,4.0,1.0,0.25,56,66,5331.0675,0.28,0.25,0.25,0.0,0.0,0,0,0.0,0.0,0,0,0.0,2739.55,1,1,1.0,21324.27,4,1,0.25,0
LGS2ORD0017825,C015040,2025-05-22 04:00:00,Male,27,Silver,Web,Nakhon Ratchasima,1398,TV_Show,COD,4,5,3,0,20-30,46.6,0.0,0.0,0.0,-1,-1,0.0,0.0,0.0,0.0,0.0,0.0,0,0,0.0,0.0,0,0,0.0,0.0,0,0,0.0,0.0,0,0,0.0,1
LGS2ORD0017826,C016066,2025-05-22 04:00:00,Male,60,Silver,Web,Songkhla,1442,Shopee,COD,4,5,3,0,>50,48.06666666666667,3.0,2.0,0.6666666666666666,55,31,2022.2733333333333,0.2,0.6666666666666666,0.0,0.0,0.0,0,0,0.0,0.0,0,0,0.0,3265.54,2,1,0.5,6066.82,3,2,0.6666666666666666,1
LGS2ORD0017827,C014603,2025-05-22 04:00:00,Male,46,Gold,TV,Chonburi,181,TV_Show,Bank_Transfer,4,5,3,0,40-50,6.033333333333333,0.0,0.0,0.0,-1,-1,0.0,0.0,0.0,0.0,0.0,0.0,0,0,0.0,0.0,0,0,0.0,0.0,0,0,0.0,0.0,0,0,0.0,1
LGS2ORD0017828,C011545,2025-05-22 04:00:00,Male,26,Gold,Web,Khon Kaen,1206,Web,Credit_Card,4,5,3,0,20-30,40.2,1.0,0.0,0.0,-1,41,2559.3,0.08,1.0,0.0,0.0,0.0,0,0,0.0,0.0,0,0,0.0,2559.3,1,0,0.0,2559.3,1,0,0.0,1
LGS2ORD0017829,C016449,2025-05-22 04:00:00,Female,40,Platinum,TV,Phuket,623,TV_Show,Credit_Card,4,5,3,0,30-40,20.766666666666666,1.0,0.0,0.0,-1,19,1068.49,0.25,0.0,1.0,0.0,0.0,0,0,0.0,1068.49,1,0,0.0,1068.49,1,0,0.0,1068.49,1,0,0.0,0
LGS2ORD0017830,C013442,2025-05-22 05:00:00,Male,39,Gold,Web,Songkhla,1196,Lazada,Credit_Card,5,5,3,0,30-40,39.86666666666667,3.0,0.0,0.0,-1,11,1735.4066666666665,0.18,0.6666666666666666,0.0,0.0,0.0,0,0,0.0,780.48,1,0,0.0,780.48,1,0,0.0,5206.219999999999,3,0,0.0,0
LGS2ORD0017831,C010458,2025-05-22 05:00:00,Male,41,Silver,CallCenter,Bangkok,509,Lazada,COD,5,5,3,0,40-50,16.966666666666665,3.0,2.0,0.6666666666666666,5,10,9219.24,0.3,0.6666666666666666,0.6666666666666666,0.0,0.0,0,0,0.0,18340.33,2,1,0.5,27657.72,3,2,0.6666666666666666,27657.72,3,2,0.6666666666666666,0
LGS2ORD0017832,C016725,2025-05-22 05:00:00,Female,45,Bronze,Web,Songkhla,1235,Lazada,COD,5,5,3,0,40-50,41.166666666666664,3.0,0.0,0.0,-1,7,6647.706666666666,0.28,0.0,0.3333333333333333,0.0,0.0,0,0,0.0,7644.37,2,0,0.0,19943.12,3,0,0.0,19943.12,3,0,0.0,0
LGS2ORD0017833,C016261,2025-05-22 05:00:00,Female,50,Bronze,CallCenter,Bangkok,788,Web,Credit_Card,5,5,3,0,40-50,26.266666666666666,2.0,1.0,0.5,36,5,2500.565,0.03,0.5,0.0,0.0,4677.56,1,0,0.0,4677.56,1,0,0.0,5001.13,2,1,0.5,5001.13,2,1,0.5,0
LGS2ORD0017834,C010731,2025-05-22 05:00:00,Female,30,Silver,TV,Khon Kaen,521,CallCenter,COD,5,5,3,0,20-30,17.366666666666667,4.0,2.0,0.5,17,2,2101.5875,0.3,0.75,0.75,0.0,2430.83,1,0,0.0,2430.83,1,0,0.0,4877.78,2,1,0.5,8406.35,4,2,0.5,0
LGS2ORD0017835,C015243,2025-05-22 06:00:00,Male,45,Bronze,TV,Songkhla,331,Lazada,Credit_Card,6,5,3,0,40-50,11.033333333333333,3.0,3.0,1.0,-12,1,1512.7633333333333,0.18,1.0,0.0,0.0,1567.89,1,1,1.0,1567.89,1,1,1.0,2257.19,2,2,1.0,4538.29,3,3,1.0,0
LGS2ORD0017836,C014966,2025-05-22 06:00:00,Female,54,Platinum,Shopee,Chiang Mai,826,TV_Show,Bank_Transfer,6,5,3,0,>50,27.533333333333335,2.0,0.0,0.0,-1,68,5504.57,0.1,0.0,0.0,0.0,0.0,0,0,0.0,0.0,0,0,0.0,9698.77,1,0,0.0,11009.14,2,0,0.0,1
LGS2ORD0017837,C014777,2025-05-22 06:00:00,Male,54,Silver,Lazada,Chiang Mai,971,TV_Show,COD,6,5,3,0,>50,32.36666666666667,1.0,0.0,0.0,-1,94,1785.91,0.05,1.0,0.0,0.0,0.0,0,0,0.0,0.0,0,0,0.0,0.0,0,0,0.0,1785.91,1,0,0.0,0
LGS2ORD0017838,C011734,2025-05-22 06:00:00,Female,52,Bronze,Web,Songkhla,1348,Web,COD,6,5,3,0,>50,44.93333333333333,2.0,1.0,0.5,61,10,6133.58,0.23,0.5,0.5,0.0,0.0,0,0,0.0,2889.58,1,0,0.0,12267.16,2,1,0.5,12267.16,2,1,0.5,0
LGS2ORD0017839,C010293,2025-05-22 06:00:00,Female,34,Gold,Shopee,Bangkok,256,Shopee,PromptPay,6,5,3,0,30-40,8.533333333333333,3.0,0.0,0.0,-1,39,11429.800000000001,0.2299999999999999,0.3333333333333333,0.3333333333333333,0.0,0.0,0,0,0.0,0.0,0,0,0.0,17817.16,1,0,0.0,34289.4,3,0,0.0,0
LGS2ORD0017840,C012896,2025-05-22 07:00:00,Female,26,Bronze,CallCenter,Khon Kaen,348,CallCenter,COD,7,5,3,0,20-30,11.6,2.0,1.0,0.5,88,44,10780.220000000001,0.18,0.0,0.0,0.0,0.0,0,0,0.0,0.0,0,0,0.0,2223.47,1,0,0.0,21560.440000000002,2,1,0.5,0
LGS2ORD0017841,C015935,2025-05-22 07:00:00,Female,38,Bronze,TV,Songkhla,464,Shopee,COD,7,5,3,0,30-40,15.466666666666667,3.0,1.0,0.3333333333333333,103,75,5507.033333333333,0.18,0.6666666666666666,0.0,0.0,0.0,0,0,0.0,0.0,0,0,0.0,4666.79,1,0,0.0,16521.1,3,1,0.3333333333333333,0
LGS2ORD0017842,C012800,2025-05-22 07:00:00,Female,36,Bronze,Web,Remote_Area,578,CallCenter,Bank_Transfer,7,5,3,0,30-40,19.266666666666666,2.0,0.0,0.0,-1,12,3171.375,0.03,0.0,0.0,0.0,0.0,0,0,0.0,3721.09,1,0,0.0,6342.75,2,0,0.0,6342.75,2,0,0.0,0
LGS2ORD0017843,C010546,2025-05-22 07:00:00,Male,30,Silver,Shopee,Chiang Mai,890,Lazada,PromptPay,7,5,3,0,20-30,29.666666666666668,2.0,0.0,0.0,-1,93,2850.76,0.2,0.0,0.0,0.0,0.0,0,0,0.0,0.0,0,0,0.0,0.0,0,0,0.0,5701.52,2,0,0.0,0
LGS2ORD0017844,C012734,2025-05-22 07:00:00,Female,46,Platinum,Lazada,Khon Kaen,1191,TV_Show,Bank_Transfer,7,5,3,0,40-50,39.7,0.0,0.0,0.0,-1,-1,0.0,0.0,0.0,0.0,0.0,0.0,0,0,0.0,0.0,0,0,0.0,0.0,0,0,0.0,0.0,0,0,0.0,1
LGS2ORD0017845,C016726,2025-05-22 07:00:00,Female,51,Bronze,Lazada,Chiang Mai,1203,Web,COD,7,5,3,0,>50,40.1,2.0,1.0,0.5,26,35,3776.76,0.18,0.0,0.0,0.0,0.0,0,0,0.0,0.0,0,0,0.0,3778.27,1,1,1.0,7553.52,2,1,0.5,0
LGS2ORD0017846,C011728,2025-05-22 08:00:00,Male,65,Bronze,Shopee,Bangkok,600,Web,PromptPay,8,5,3,0,>50,20.0,3.0,1.0,0.3333333333333333,39,21,2766.22,0.28,0.3333333333333333,0.3333333333333333,0.0,0.0,0,0,0.0,1577.93,1,0,0.0,4789.31,2,1,0.5,8298.66,3,1,0.3333333333333333,0
LGS2ORD0017847,C011041,2025-05-22 08:00:00,Female,46,Bronze,CallCenter,Bangkok,935,Lazada,COD,8,5,3,0,40-50,31.166666666666668,5.0,0.0,0.0,-1,16,5770.0779999999995,0.28,1.0,0.2,0.0,0.0,0,0,0.0,11219.7,2,0,0.0,14373.57,3,0,0.0,28850.39,5,0,0.0,0
LGS2ORD0017848,C017034,2025-05-22 08:00:00,Female,28,Bronze,Shopee,Songkhla,625,Shopee,PromptPay,8,5,3,0,20-30,20.833333333333332,6.0,2.0,0.3333333333333333,96,44,4149.708333333333,0.18,0.3333333333333333,0.0,0.0,0.0,0,0,0.0,0.0,0,0,0.0,2879.91,1,0,0.0,24898.25,6,2,0.3333333333333333,1
LGS2ORD0017849,C014802,2025-05-22 08:00:00,Female,39,Silver,Web,Phuket,606,CallCenter,Bank_Transfer,8,5,3,0,30-40,20.2,2.0,0.0,0.0,-1,68,6797.26,0.2,0.0,0.0,0.0,0.0,0,0,0.0,0.0,0,0,0.0,8340.78,1,0,0.0,13594.52,2,0,0.0,0
LGS2ORD0017850,C016103,2025-05-22 08:00:00,Male,55,Gold,CallCenter,Remote_Area,1192,Web,PromptPay,8,5,3,0,>50,39.733333333333334,2.0,1.0,0.5,54,62,5311.15,0.33,0.0,0.5,0.0,0.0,0,0,0.0,0.0,0,0,0.0,10622.3,2,1,0.5,10622.3,2,1,0.5,0
LGS2ORD0017851,C015534,2025-05-22 09:00:00,Female,51,Gold,Shopee,Songkhla,300,Shopee,Credit_Card,9,5,3,0,>50,10.0,1.0,0.0,0.0,-1,128,1897.31,0.08,1.0,0.0,0.0,0.0,0,0,0.0,0.0,0,0,0.0,0.0,0,0,0.0,1897.31,1,0,0.0,0
LGS2ORD0017852,C010982,2025-05-22 09:00:00,Other,46,Bronze,TV,Khon Kaen,1031,Shopee,Credit_Card,9,5,3,0,40-50,34.36666666666667,3.0,0.0,0.0,-1,48,1535.1566666666668,0.18,0.3333333333333333,0.0,0.0,0.0,0,0,0.0,0.0,0,0,0.0,1095.84,1,0,0.0,4605.47,3,0,0.0,0
LGS2ORD0017853,C014579,2025-05-22 09:00:00,Female,46,Gold,Web,Remote_Area,1544,Shopee,Credit_Card,9,5,3,0,40-50,51.46666666666667,1.0,1.0,1.0,64,77,1465.85,0.28,1.0,1.0,0.0,0.0,0,0,0.0,0.0,0,0,0.0,1465.85,1,1,1.0,1465.85,1,1,1.0,0
LGS2ORD0017854,C013857,2025-05-22 09:00:00,Female,30,Bronze,Web,Songkhla,1436,Web,Credit_Card,9,5,3,0,20-30,47.86666666666667,1.0,0.0,0.0,-1,123,6249.37,0.13,0.0,0.0,0.0,0.0,0,0,0.0,0.0,0,0,0.0,0.0,0,0,0.0,6249.37,1,0,0.0,0
LGS2ORD0017855,C017205,2025-05-22 09:00:00,Female,41,Bronze,Web,Chonburi,524,Shopee,Bank_Transfer,9,5,3,0,40-50,17.466666666666665,0.0,0.0,0.0,-1,-1,0.0,0.0,0.0,0.0,0.0,0.0,0,0,0.0,0.0,0,0,0.0,0.0,0,0,0.0,0.0,0,0,0.0,1
LGS2ORD0017856,C015835,2025-05-22 10:00:00,Other,46,Silver,Web,Chonburi,1039,Lazada,COD,10,5,3,0,40-50,34.63333333333333,5.0,1.0,0.2,37,45,3345.2019999999998,0.2,0.6,0.0,0.0,0.0,0,0,0.0,0.0,0,0,0.0,11011.93,4,1,0.25,16726.01,5,1,0.2,1
LGS2ORD0017857,C010084,2025-05-22 10:00:00,Male,28,Gold,TV,Songkhla,1143,Lazada,COD,10,5,3,0,20-30,38.1,2.0,0.0,0.0,-1,99,2126.06,0.08,0.5,0.0,0.0,0.0,0,0,0.0,0.0,0,0,0.0,0.0,0,0,0.0,4252.12,2,0,0.0,1
LGS2ORD0017858,C012504,2025-05-22 10:00:00,Other,44,Bronze,CallCenter,Bangkok,251,Lazada,COD,10,5,3,0,40-50,8.366666666666667,1.0,1.0,1.0,120,134,3303.97,0.28,0.0,1.0,0.0,0.0,0,0,0.0,0.0,0,0,0.0,0.0,0,0,0.0,3303.97,1,1,1.0,0
LGS2ORD0017859,C011050,2025-05-22 10:00:00,Female,28,Platinum,TV,Chiang Mai,1419,Lazada,COD,10,5,3,0,20-30,47.3,1.0,0.0,0.0,-1,128,3466.77,0.15,0.0,0.0,0.0,0.0,0,0,0.0,0.0,0,0,0.0,0.0,0,0,0.0,3466.77,1,0,0.0,0
LGS2ORD0017860,C015491,2025-05-22 10:00:00,Male,38,Bronze,CallCenter,Chiang Mai,1472,Shopee,COD,10,5,3,0,30-40,49.06666666666667,6.0,1.0,0.16666666666666666,121,0,5748.028333333333,0.23,0.5,0.16666666666666666,0.0,17465.77,1,0,0.0,21498.88,2,0,0.0,30649.559999999998,5,0,0.0,34488.17,6,1,0.16666666666666666,0
LGS2ORD0017861,C014786,2025-05-22 11:00:00,Male,32,Bronze,TV,Remote_Area,841,Shopee,COD,11,5,3,0,30-40,28.033333333333335,3.0,1.0,0.3333333333333333,81,13,3223.036666666667,0.23,0.3333333333333333,0.3333333333333333,0.0,0.0,0,0,0.0,7990.12,1,0,0.0,9082.08,2,0,0.0,9669.11,3,1,0.3333333333333333,0
LGS2ORD0017862,C015544,2025-05-22 11:00:00,Female,26,Silver,TV,Chonburi,1326,Lazada,Credit_Card,11,5,3,0,20-30,44.2,0.0,0.0,0.0,-1,-1,0.0,0.0,0.0,0.0,0.0,0.0,0,0,0.0,0.0,0,0,0.0,0.0,0,0,0.0,0.0,0,0,0.0,0
LGS2ORD0017863,C015000,2025-05-22 11:00:00,Male,43,Bronze,Shopee,Remote_Area,796,CallCenter,Credit_Card,11,5,3,0,40-50,26.533333333333335,1.0,0.0,0.0,-1,54,8446.87,0.18,0.0,0.0,0.0,0.0,0,0,0.0,0.0,0,0,0.0,8446.87,1,0,0.0,8446.87,1,0,0.0,0
LGS2ORD0017864,C015019,2025-05-22 11:00:00,Female,62,Bronze,CallCenter,Nakhon Ratchasima,450,Shopee,Credit_Card,11,5,3,0,>50,15.0,7.0,0.0,0.0,-1,1,6038.935714285714,0.23,0.2857142857142857,0.14285714285714285,0.0,2157.48,1,0,0.0,3233.26,2,0,0.0,13175.980000000001,5,0,0.0,42272.55,7,0,0.0,0
LGS2ORD0017865,C017973,2025-05-22 11:00:00,Female,50,Bronze,CallCenter,Bangkok,1524,CallCenter,Credit_Card,11,5,3,0,40-50,50.8,1.0,0.0,0.0,-1,46,3257.99,0.13,1.0,0.0,0.0,0.0,0,0,0.0,0.0,0,0,0.0,3257.99,1,0,0.0,3257.99,1,0,0.0,1
LGS2ORD0017866,C011036,2025-05-22 11:00:00,Male,42,Bronze,Web,Bangkok,1367,Shopee,PromptPay,11,5,3,0,40-50,45.56666666666667,0.0,0.0,0.0,-1,-1,0.0,0.0,0.0,0.0,0.0,0.0,0,0,0.0,0.0,0,0,0.0,0.0,0,0,0.0,0.0,0,0,0.0,0
LGS2ORD0017867,C010791,2025-05-22 12:00:00,Female,48,Silver,Lazada,Chonburi,1160,Web,Credit_Card,12,5,3,0,40-50,38.666666666666664,3.0,0.0,0.0,-1,68,4669.556666666666,0.15,0.6666666666666666,0.0,0.0,0.0,0,0,0.0,0.0,0,0,0.0,10479.18,2,0,0.0,14008.67,3,0,0.0,0
LGS2ORD0017868,C016482,2025-05-22 12:00:00,Female,70,Bronze,CallCenter,Chonburi,980,Shopee,Credit_Card,12,5,3,0,>50,32.666666666666664,1.0,0.0,0.0,-1,121,1388.35,0.28,0.0,1.0,0.0,0.0,0,0,0.0,0.0,0,0,0.0,0.0,0,0,0.0,1388.35,1,0,0.0,0
LGS2ORD0017869,C011964,2025-05-22 12:00:00,Male,68,Bronze,Web,Chiang Mai,248,Shopee,COD,12,5,3,0,>50,8.266666666666667,2.0,0.0,0.0,-1,2,5366.1050000000005,0.23,0.5,0.5,0.0,1197.67,1,0,0.0,1197.67,1,0,0.0,10732.210000000001,2,0,0.0,10732.210000000001,2,0,0.0,1
LGS2ORD0017870,C014396,2025-05-22 12:00:00,Male,37,Bronze,Shopee,Chiang Mai,1514,Shopee,COD,12,5,3,0,30-40,50.46666666666667,3.0,1.0,0.3333333333333333,0,5,5754.436666666667,0.28,0.3333333333333333,0.3333333333333333,0.0,3091.55,1,1,1.0,3091.55,1,1,1.0,17263.31,3,1,0.3333333333333333,17263.31,3,1,0.3333333333333333,0
LGS2ORD0017871,C011359,2025-05-22 12:00:00,Male,23,Silver,Web,Chonburi,1417,Shopee,Credit_Card,12,5,3,0,20-30,47.233333333333334,4.0,1.0,0.25,126,26,2755.1400000000003,0.2,0.5,0.0,0.0,0.0,0,0,0.0,5418.18,1,0,0.0,7511.210000000001,2,0,0.0,11020.560000000001,4,1,0.25,0
LGS2ORD0017872,C010502,2025-05-22 13:00:00,Male,61,Bronze,TV,Remote_Area,742,TV_Show,COD,13,5,3,0,>50,24.733333333333334,5.0,2.0,0.4,55,11,4450.947999999999,0.23,0.6,0.2,0.0,0.0,0,0,0.0,1097.75,1,0,0.0,22254.739999999998,5,2,0.4,22254.739999999998,5,2,0.4,0
LGS2ORD0017873,C011297,2025-05-22 13:00:00,Female,62,Gold,Shopee,Chiang Mai,368,Lazada,COD,13,5,3,0,>50,12.266666666666667,2.0,1.0,0.5,2,9,5433.92,0.33,0.5,0.5,0.0,0.0,0,0,0.0,3565.67,1,1,1.0,3565.67,1,1,1.0,10867.84,2,1,0.5,0
LGS2ORD0017874,C014303,2025-05-22 13:00:00,Male,41,Bronze,Web,Chonburi,760,TV_Show,COD,13,5,3,0,40-50,25.333333333333332,1.0,1.0,1.0,74,84,5601.02,0.18,1.0,0.0,0.0,0.0,0,0,0.0,0.0,0,0,0.0,5601.02,1,1,1.0,5601.02,1,1,1.0,0
LGS2ORD0017875,C010900,2025-05-22 13:00:00,Female,58,Bronze,Web,Songkhla,171,Shopee,Bank_Transfer,13,5,3,0,>50,5.7,7.0,4.0,0.5714285714285714,27,32,7247.478571428573,0.28,0.5714285714285714,0.14285714285714285,0.0,0.0,0,0,0.0,0.0,0,0,0.0,16924.57,5,4,0.8,50732.350000000006,7,4,0.5714285714285714,0
LGS2ORD0017876,C017033,2025-05-22 13:00:00,Female,48,Silver,Lazada,Bangkok,1562,Web,PromptPay,13,5,3,0,40-50,52.06666666666667,2.0,0.0,0.0,-1,74,4492.98,0.2,0.0,0.0,0.0,0.0,0,0,0.0,0.0,0,0,0.0,6937.07,1,0,0.0,8985.96,2,0,0.0,0
LGS2ORD0017877,C014140,2025-05-22 14:00:00,Female,26,Bronze,TV,Remote_Area,1583,Shopee,PromptPay,14,5,3,0,20-30,52.766666666666666,1.0,1.0,1.0,4,12,965.51,0.03,1.0,0.0,0.0,0.0,0,0,0.0,965.51,1,1,1.0,965.51,1,1,1.0,965.51,1,1,1.0,0
LGS2ORD0017878,C011429,2025-05-22 14:00:00,Male,30,Bronze,TV,Bangkok,469,TV_Show,COD,14,5,3,0,20-30,15.633333333333333,3.0,0.0,0.0,-1,44,3500.0433333333335,0.28,0.6666666666666666,0.3333333333333333,0.0,0.0,0,0,0.0,0.0,0,0,0.0,4894.8,1,0,0.0,10500.130000000001,3,0,0.0,0
LGS2ORD0017879,C016522,2025-05-22 14:00:00,Female,46,Bronze,Shopee,Bangkok,1111,Web,Credit_Card,14,5,3,0,40-50,37.03333333333333,3.0,2.0,0.6666666666666666,1,14,10568.483333333334,0.18,1.0,0.0,0.0,0.0,0,0,0.0,3156.45,1,1,1.0,3156.45,1,1,1.0,31705.45,3,2,0.6666666666666666,0
LGS2ORD0017880,C015165,2025-05-22 14:00:00,Female,45,Bronze,TV,Bangkok,1539,CallCenter,PromptPay,14,5,3,0,40-50,51.3,6.0,0.0,0.0,-1,46,4114.07,0.28,0.16666666666666666,0.5,0.0,0.0,0,0,0.0,0.0,0,0,0.0,16901.86,4,0,0.0,24684.42,6,0,0.0,0
LGS2ORD0017881,C012549,2025-05-22 14:00:00,Female,50,Platinum,Lazada,Chiang Mai,1199,TV_Show,Bank_Transfer,14,5,3,0,40-50,39.96666666666667,6.0,1.0,0.16666666666666666,129,9,5096.253333333333,0.35,0.6666666666666666,0.6666666666666666,0.0,0.0,0,0,0.0,21683.9,2,0,0.0,24584.48,3,0,0.0,30577.52,6,1,0.16666666666666666,0
LGS2ORD0017882,C010324,2025-05-22 15:00:00,Male,43,Bronze,TV,Chiang Mai,545,TV_Show,Bank_Transfer,15,5,3,0,40-50,18.166666666666668,4.0,1.0,0.25,110,34,1718.1975000000002,0.18,0.5,0.0,0.0,0.0,0,0,0.0,0.0,0,0,0.0,416.18,1,0,0.0,6872.790000000001,4,1,0.25,0
LGS2ORD0017883,C017594,2025-05-22 15:00:00,Male,41,Bronze,Lazada,Chiang Mai,504,TV_Show,COD,15,5,3,0,40-50,16.8,3.0,0.0,0.0,-1,49,5391.943333333334,0.18,0.3333333333333333,0.0,0.0,0.0,0,0,0.0,0.0,0,0,0.0,4085.16,2,0,0.0,16175.83,3,0,0.0,1
LGS2ORD0017884,C015271,2025-05-22 15:00:00,Female,37,Bronze,TV,Chonburi,1554,Shopee,COD,15,5,3,0,30-40,51.8,3.0,0.0,0.0,-1,9,11349.856666666667,0.23,0.3333333333333333,0.3333333333333333,0.0,0.0,0,0,0.0,31362.17,1,0,0.0,33588.71,2,0,0.0,34049.57,3,0,0.0,0
LGS2ORD0017885,C013759,2025-05-22 15:00:00,Female,72,Bronze,Lazada,Nakhon Ratchasima,285,Lazada,Credit_Card,15,5,3,0,>50,9.5,3.0,1.0,0.3333333333333333,-9,7,2326.23,0.23,0.6666666666666666,0.3333333333333333,0.0,0.0,0,0,0.0,3554.63,1,1,1.0,5989.1,2,1,0.5,6978.6900000000005,3,1,0.3333333333333333,0
LGS2ORD0017886,C013297,2025-05-22 15:00:00,Female,48,Bronze,Web,Chonburi,638,Lazada,Credit_Card,15,5,3,0,40-50,21.266666666666666,2.0,0.0,0.0,-1,53,1774.455,0.23,1.0,0.5,0.0,0.0,0,0,0.0,0.0,0,0,0.0,3548.91,2,0,0.0,3548.91,2,0,0.0,0
LGS2ORD0017887,C015697,2025-05-22 15:00:00,Male,42,Platinum,Web,Khon Kaen,362,Lazada,COD,15,5,3,0,40-50,12.066666666666666,2.0,1.0,0.5,124,105,1237.085,0.3,0.5,0.5,0.0,0.0,0,0,0.0,0.0,0,0,0.0,0.0,0,0,0.0,2474.17,2,1,0.5,0
LGS2ORD0017888,C012278,2025-05-22 16:00:00,Male,31,Bronze,Shopee,Remote_Area,1166,Lazada,Credit_Card,16,5,3,0,30-40,38.86666666666667,1.0,0.0,0.0,-1,123,8873.86,0.03,0.0,0.0,0.0,0.0,0,0,0.0,0.0,0,0,0.0,0.0,0,0,0.0,8873.86,1,0,0.0,1
LGS2ORD0017889,C013601,2025-05-22 16:00:00,Male,36,Bronze,Web,Remote_Area,1479,Shopee,COD,16,5,3,0,30-40,49.3,2.0,0.0,0.0,-1,32,3004.1899999999996,0.08,0.0,0.0,0.0,0.0,0,0,0.0,0.0,0,0,0.0,4316.36,1,0,0.0,6008.379999999999,2,0,0.0,1
LGS2ORD0017890,C010684,2025-05-22 16:00:00,Female,31,Gold,Shopee,Chiang Mai,1258,Shopee,PromptPay,16,5,3,0,30-40,41.93333333333333,1.0,0.0,0.0,-1,64,4236.22,0.13,1.0,0.0,0.0,0.0,0,0,0.0,0.0,0,0,0.0,4236.22,1,0,0.0,4236.22,1,0,0.0,1
LGS2ORD0017891,C013467,2025-05-22 16:00:00,Female,39,Silver,Web,Bangkok,1409,Web,COD,16,5,3,0,30-40,46.96666666666667,3.0,2.0,0.6666666666666666,86,95,4939.753333333333,0.25,1.0,0.3333333333333333,0.0,0.0,0,0,0.0,0.0,0,0,0.0,0.0,0,0,0.0,14819.26,3,2,0.6666666666666666,1
LGS2ORD0017892,C010439,2025-05-22 16:00:00,Female,48,Bronze,TV,Bangkok,1124,TV_Show,COD,16,5,3,0,40-50,37.46666666666667,6.0,2.0,0.3333333333333333,1,2,2349.5983333333334,0.23,0.6666666666666666,0.16666666666666666,0.0,1595.85,1,0,0.0,7183.209999999999,3,1,0.3333333333333333,11825.75,4,2,0.5,14097.59,6,2,0.3333333333333333,0
LGS2ORD0017893,C010901,2025-05-22 17:00:00,Female,46,Silver,Web,Songkhla,1230,Shopee,PromptPay,17,5,3,0,40-50,41.0,2.0,1.0,0.5,111,122,10635.26,0.15,0.5,0.0,0.0,0.0,0,0,0.0,0.0,0,0,0.0,0.0,0,0,0.0,21270.52,2,1,0.5,1
LGS2ORD0017894,C011432,2025-05-22 17:00:00,Female,53,Bronze,CallCenter,Chonburi,552,Shopee,COD,17,5,3,0,>50,18.4,4.0,0.0,0.0,-1,17,8577.61,0.28,0.5,0.25,0.0,0.0,0,0,0.0,6612.94,1,0,0.0,33393.56,3,0,0.0,34310.44,4,0,0.0,0
LGS2ORD0017895,C012043,2025-05-22 17:00:00,Female,30,Silver,Shopee,Remote_Area,357,CallCenter,PromptPay,17,5,3,0,20-30,11.9,3.0,1.0,0.3333333333333333,-1,6,3070.7033333333334,0.2,0.6666666666666666,0.0,0.0,1660.14,1,1,1.0,1660.14,1,1,1.0,9212.11,3,1,0.3333333333333333,9212.11,3,1,0.3333333333333333,0
LGS2ORD0017896,C015732,2025-05-22 17:00:00,Female,47,Bronze,Shopee,Remote_Area,608,Lazada,Bank_Transfer,17,5,3,0,40-50,20.266666666666666,0.0,0.0,0.0,-1,-1,0.0,0.0,0.0,0.0,0.0,0.0,0,0,0.0,0.0,0,0,0.0,0.0,0,0,0.0,0.0,0,0,0.0,0
LGS2ORD0017897,C015211,2025-05-22 17:00:00,Other,41,Platinum,Shopee,Phuket,531,TV_Show,COD,17,5,3,0,40-50,17.7,4.0,0.0,0.0,-1,6,8328.419999999998,0.35,0.25,0.25,0.0,10915.96,1,0,0.0,10915.96,1,0,0.0,12027.56,2,0,0.0,33313.67999999999,4,0,0.0,1
LGS2ORD0017898,C011157,2025-05-22 18:00:00,Male,28,Silver,CallCenter,Chiang Mai,1452,Shopee,Credit_Card,18,5,3,0,20-30,48.4,2.0,0.0,0.0,-1,59,4479.025,0.05,1.0,0.0,0.0,0.0,0,0,0.0,0.0,0,0,0.0,7999.74,1,0,0.0,8958.05,2,0,0.0,1
LGS2ORD0017899,C016850,2025-05-22 18:00:00,Female,37,Bronze,TV,Phuket,1207,Shopee,PromptPay,18,5,3,0,30-40,40.233333333333334,1.0,1.0,1.0,9,15,3348.91,0.18,1.0,0.0,0.0,0.0,0,0,0.0,3348.91,1,1,1.0,3348.91,1,1,1.0,3348.91,1,1,1.0,0
LGS2ORD0017900,C012941,2025-05-22 18:00:00,Female,56,Silver,Shopee,Bangkok,541,Lazada,PromptPay,18,5,3,0,>50,18.033333333333335,2.0,0.0,0.0,-1,15,1079.98,0.25,0.0,1.0,0.0,0.0,0,0,0.0,595.58,1,0,0.0,2159.96,2,0,0.0,2159.96,2,0,0.0,0
LGS2ORD0017901,C010246,2025-05-22 18:00:00,Female,30,Gold,Lazada,Bangkok,1199,Lazada,Credit_Card,18,5,3,0,20-30,39.96666666666667,0.0,0.0,0.0,-1,-1,0.0,0.0,0.0,0.0,0.0,0.0,0,0,0.0,0.0,0,0,0.0,0.0,0,0,0.0,0.0,0,0,0.0,0
LGS2ORD0017902,C016631,2025-05-22 18:00:00,Female,40,Bronze,TV,Remote_Area,182,Shopee,Credit_Card,18,5,3,0,30-40,6.066666666666666,2.0,1.0,0.5,8,3,4862.66,0.28,1.0,0.5,0.0,7520.96,1,0,0.0,9725.32,2,1,0.5,9725.32,2,1,0.5,9725.32,2,1,0.5,0
LGS2ORD0017903,C013288,2025-05-22 19:00:00,Female,34,Bronze,Lazada,Bangkok,1361,Shopee,COD,19,5,3,0,30-40,45.36666666666667,2.0,0.0,0.0,-1,11,3358.81,0.23,0.5,0.5,0.0,0.0,0,0,0.0,671.84,1,0,0.0,671.84,1,0,0.0,6717.62,2,0,0.0,0
LGS2ORD0017904,C014923,2025-05-22 19:00:00,Female,22,Silver,Lazada,Songkhla,361,TV_Show,COD,19,5,3,0,20-30,12.033333333333333,1.0,0.0,0.0,-1,64,2164.76,0.05,0.0,0.0,0.0,0.0,0,0,0.0,0.0,0,0,0.0,2164.76,1,0,0.0,2164.76,1,0,0.0,1
LGS2ORD0017905,C017096,2025-05-22 19:00:00,Female,31,Platinum,Shopee,Bangkok,1499,Shopee,PromptPay,19,5,3,0,30-40,49.96666666666667,0.0,0.0,0.0,-1,-1,0.0,0.0,0.0,0.0,0.0,0.0,0,0,0.0,0.0,0,0,0.0,0.0,0,0,0.0,0.0,0,0,0.0,1
LGS2ORD0017906,C016967,2025-05-22 19:00:00,Female,42,Bronze,Web,Remote_Area,1163,Shopee,Bank_Transfer,19,5,3,0,40-50,38.766666666666666,1.0,0.0,0.0,-1,136,3677.95,0.03,0.0,0.0,0.0,0.0,0,0,0.0,0.0,0,0,0.0,0.0,0,0,0.0,3677.95,1,0,0.0,0
LGS2ORD0017907,C014890,2025-05-22 19:00:00,Male,45,Silver,TV,Chonburi,901,Shopee,COD,19,5,3,0,40-50,30.033333333333335,1.0,0.0,0.0,-1,43,4005.0,0.1,0.0,0.0,0.0,0.0,0,0,0.0,0.0,0,0,0.0,4005.0,1,0,0.0,4005.0,1,0,0.0,1
LGS2ORD0017908,C010059,2025-05-22 19:00:00,Female,30,Gold,Shopee,Bangkok,1195,TV_Show,Credit_Card,19,5,3,0,20-30,39.833333333333336,0.0,0.0,0.0,-1,-1,0.0,0.0,0.0,0.0,0.0,0.0,0,0,0.0,0.0,0,0,0.0,0.0,0,0,0.0,0.0,0,0,0.0,0
LGS2ORD0017909,C017026,2025-05-22 20:00:00,Male,27,Bronze,Web,Bangkok,270,Lazada,COD,20,5,3,0,20-30,9.0,0.0,0.0,0.0,-1,-1,0.0,0.0,0.0,0.0,0.0,0.0,0,0,0.0,0.0,0,0,0.0,0.0,0,0,0.0,0.0,0,0,0.0,0
LGS2ORD0017910,C014585,2025-05-22 20:00:00,Male,55,Bronze,TV,Khon Kaen,679,Lazada,COD,20,5,3,0,>50,22.633333333333333,3.0,0.0,0.0,-1,22,5009.93,0.18,1.0,0.0,0.0,0.0,0,0,0.0,8044.01,1,0,0.0,13885.720000000001,2,0,0.0,15029.79,3,0,0.0,0
LGS2ORD0017911,C014240,2025-05-22 20:00:00,Female,26,Gold,Shopee,Bangkok,378,TV_Show,COD,20,5,3,0,20-30,12.6,0.0,0.0,0.0,-1,-1,0.0,0.0,0.0,0.0,0.0,0.0,0,0,0.0,0.0,0,0,0.0,0.0,0,0,0.0,0.0,0,0,0.0,0
LGS2ORD0017912,C017773,2025-05-22 20:00:00,Female,33,Bronze,TV,Chiang Mai,444,TV_Show,Credit_Card,20,5,3,0,30-40,14.8,3.0,0.0,0.0,-1,42,7975.723333333334,0.08,1.0,0.0,0.0,0.0,0,0,0.0,0.0,0,0,0.0,23927.170000000002,3,0,0.0,23927.170000000002,3,0,0.0,0
LGS2ORD0017913,C010933,2025-05-22 20:00:00,Female,32,Platinum,Web,Nakhon Ratchasima,510,Web,Credit_Card,20,5,3,0,30-40,17.0,1.0,0.0,0.0,-1,39,2168.47,0.3,0.0,1.0,0.0,0.0,0,0,0.0,0.0,0,0,0.0,2168.47,1,0,0.0,2168.47,1,0,0.0,1
LGS2ORD0017914,C011247,2025-05-22 21:00:00,Female,40,Silver,CallCenter,Chonburi,1393,Web,Credit_Card,21,5,3,0,30-40,46.43333333333333,1.0,0.0,0.0,-1,121,579.84,0.2,0.0,0.0,0.0,0.0,0,0,0.0,0.0,0,0,0.0,0.0,0,0,0.0,579.84,1,0,0.0,0
LGS2ORD0017915,C010909,2025-05-22 21:00:00,Female,28,Bronze,Shopee,Remote_Area,891,Lazada,COD,21,5,3,0,20-30,29.7,1.0,0.0,0.0,-1,31,1857.99,0.03,1.0,0.0,0.0,0.0,0,0,0.0,0.0,0,0,0.0,1857.99,1,0,0.0,1857.99,1,0,0.0,0
LGS2ORD0017916,C017021,2025-05-22 21:00:00,Male,45,Bronze,Lazada,Bangkok,1277,Shopee,Bank_Transfer,21,5,3,0,40-50,42.56666666666667,2.0,0.0,0.0,-1,8,2963.63,0.23,0.0,0.5,0.0,0.0,0,0,0.0,2822.24,1,0,0.0,5927.26,2,0,0.0,5927.26,2,0,0.0,0
LGS2ORD0017917,C012426,2025-05-22 21:00:00,Female,53,Bronze,TV,Chonburi,286,Web,Credit_Card,21,5,3,0,>50,9.533333333333333,2.0,2.0,1.0,52,67,4269.43,0.13,0.5,0.0,0.0,0.0,0,0,0.0,0.0,0,0,0.0,8538.86,2,2,1.0,8538.86,2,2,1.0,0
LGS2ORD0017918,C016835,2025-05-22 21:00:00,Male,46,Bronze,CallCenter,Bangkok,615,Shopee,PromptPay,21,5,3,0,40-50,20.5,2.0,0.0,0.0,-1,134,2591.58,0.23,0.0,0.5,0.0,0.0,0,0,0.0,0.0,0,0,0.0,0.0,0,0,0.0,5183.16,2,0,0.0,1
LGS2ORD0017919,C015300,2025-05-22 22:00:00,Female,39,Silver,Web,Chonburi,1546,Lazada,Credit_Card,22,5,3,0,30-40,51.53333333333333,1.0,0.0,0.0,-1,62,1646.22,0.15,1.0,0.0,0.0,0.0,0,0,0.0,0.0,0,0,0.0,1646.22,1,0,0.0,1646.22,1,0,0.0,0
LGS2ORD0017920,C017272,2025-05-22 22:00:00,Male,42,Silver,TV,Songkhla,1192,Shopee,COD,22,5,3,0,40-50,39.733333333333334,2.0,2.0,1.0,0,12,3387.755,0.3,0.5,0.5,0.0,0.0,0,0,0.0,3582.49,1,1,1.0,3582.49,1,1,1.0,6775.51,2,2,1.0,0
LGS2ORD0017921,C012965,2025-05-22 22:00:00,Male,61,Bronze,TV,Bangkok,1074,CallCenter,COD,22,5,3,0,>50,35.8,5.0,1.0,0.2,18,23,4973.969999999999,0.28,0.8,0.4,0.0,0.0,0,0,0.0,2454.5699999999997,2,1,0.5,3806.1699999999996,3,1,0.3333333333333333,24869.85,5,1,0.2,0
LGS2ORD0017922,C011182,2025-05-22 22:00:00,Female,31,Silver,Lazada,Remote_Area,1408,Shopee,PromptPay,22,5,3,0,30-40,46.93333333333333,3.0,0.0,0.0,-1,93,12078.926666666666,0.3,0.3333333333333333,0.3333333333333333,0.0,0.0,0,0,0.0,0.0,0,0,0.0,0.0,0,0,0.0,36236.78,3,0,0.0,0
LGS2ORD0017923,C014467,2025-05-22 22:00:00,Female,36,Bronze,Lazada,Bangkok,597,Lazada,COD,22,5,3,0,30-40,19.9,1.0,1.0,1.0,125,134,24829.13,0.03,0.0,0.0,0.0,0.0,0,0,0.0,0.0,0,0,0.0,0.0,0,0,0.0,24829.13,1,1,1.0,0
LGS2ORD0017924,C013082,2025-05-22 23:00:00,Male,28,Silver,Web,Chonburi,1499,TV_Show,PromptPay,23,5,3,0,20-30,49.96666666666667,3.0,1.0,0.3333333333333333,78,8,11868.44,0.25,0.6666666666666666,0.3333333333333333,0.0,0.0,0,0,0.0,16161.64,1,0,0.0,25036.6,2,1,0.5,35605.32,3,1,0.3333333333333333,0
LGS2ORD0017925,C014010,2025-05-22 23:00:00,Male,53,Bronze,CallCenter,Khon Kaen,1508,Lazada,Credit_Card,23,5,3,0,>50,50.266666666666666,2.0,1.0,0.5,38,1,2842.79,0.18,0.0,0.0,0.0,4664.02,1,0,0.0,4664.02,1,0,0.0,5685.58,2,1,0.5,5685.58,2,1,0.5,0
LGS2ORD0017926,C012344,2025-05-22 23:00:00,Other,19,Platinum,Web,Chonburi,645,Shopee,COD,23,5,3,0,<20,21.5,4.0,1.0,0.25,-10,3,5723.08,0.3,0.75,1.0,0.0,3461.16,2,1,0.5,3461.16,2,1,0.5,21067.87,3,1,0.3333333333333333,22892.32,4,1,0.25,0
LGS2ORD0017927,C017648,2025-05-22 23:00:00,Male,25,Platinum,Lazada,Nakhon Ratchasima,1213,TV_Show,Credit_Card,23,5,3,0,20-30,40.43333333333333,3.0,1.0,0.3333333333333333,-2,2,1747.9866666666667,0.3,0.3333333333333333,0.6666666666666666,0.0,894.75,1,1,1.0,4446.16,2,1,0.5,5243.96,3,1,0.3333333333333333,5243.96,3,1,0.3333333333333333,0
LGS2ORD0017928,C011357,2025-05-22 23:00:00,Female,44,Bronze,TV,Nakhon Ratchasima,991,Shopee,PromptPay,23,5,3,0,40-50,33.03333333333333,2.0,0.0,0.0,-1,4,1832.69,0.23,1.0,0.5,0.0,2014.1,1,0,0.0,2014.1,1,0,0.0,3665.38,2,0,0.0,3665.38,2,0,0.0,0
LGS2ORD0017929,C017507,2025-05-22 23:00:00,Male,26,Silver,Web,Phuket,940,Lazada,Bank_Transfer,23,5,3,0,20-30,31.333333333333332,2.0,0.0,0.0,-1,70,5953.334999999999,0.15,1.0,0.0,0.0,0.0,0,0,0.0,0.0,0,0,0.0,6385.73,1,0,0.0,11906.669999999998,2,0,0.0,1
LGS2ORD0017930,C010814,2025-05-23 00:00:00,Female,44,Bronze,TV,Chiang Mai,901,Shopee,PromptPay,0,5,4,0,40-50,30.033333333333335,2.0,0.0,0.0,-1,28,1930.69,0.18,0.5,0.0,0.0,0.0,0,0,0.0,2383.49,1,0,0.0,3861.38,2,0,0.0,3861.38,2,0,0.0,1
LGS2ORD0017931,C015574,2025-05-23 00:00:00,Female,42,Bronze,TV,Nakhon Ratchasima,1205,Web,COD,0,5,4,0,40-50,40.166666666666664,0.0,0.0,0.0,-1,-1,0.0,0.0,0.0,0.0,0.0,0.0,0,0,0.0,0.0,0,0,0.0,0.0,0,0,0.0,0.0,0,0,0.0,0
LGS2ORD0017932,C013782,2025-05-23 00:00:00,Male,25,Gold,Shopee,Songkhla,285,Lazada,COD,0,5,4,0,20-30,9.5,2.0,1.0,0.5,127,91,6592.39,0.28,0.5,0.5,0.0,0.0,0,0,0.0,0.0,0,0,0.0,0.0,0,0,0.0,13184.78,2,1,0.5,0
LGS2ORD0017933,C015206,2025-05-23 00:00:00,Female,60,Bronze,Lazada,Chiang Mai,674,Web,PromptPay,0,5,4,0,>50,22.466666666666665,4.0,2.0,0.5,2,5,4870.6025,0.18,0.75,0.0,0.0,4416.75,1,1,1.0,9387.82,2,2,1.0,18065.16,3,2,0.6666666666666666,19482.41,4,2,0.5,0
LGS2ORD0017934,C017212,2025-05-23 00:00:00,Female,54,Bronze,CallCenter,Phuket,1599,Lazada,COD,0,5,4,0,>50,53.3,3.0,0.0,0.0,-1,65,4113.536666666667,0.28,0.3333333333333333,0.3333333333333333,0.0,0.0,0,0,0.0,0.0,0,0,0.0,11187.390000000001,2,0,0.0,12340.61,3,0,0.0,0
LGS2ORD0017935,C014659,2025-05-23 01:00:00,Female,50,Gold,TV,Khon Kaen,1380,CallCenter,COD,1,5,4,0,40-50,46.0,6.0,0.0,0.0,-1,3,4641.706666666666,0.33,0.5,0.3333333333333333,0.0,7261.07,1,0,0.0,10944.24,2,0,0.0,27850.239999999998,6,0,0.0,27850.239999999998,6,0,0.0,0
LGS2ORD0017936,C010137,2025-05-23 01:00:00,Female,43,Gold,Lazada,Chiang Mai,794,Web,COD,1,5,4,0,40-50,26.466666666666665,4.0,0.0,0.0,-1,2,11529.895,0.2299999999999999,0.5,0.25,0.0,28669.29,1,0,0.0,28669.29,1,0,0.0,28669.29,1,0,0.0,46119.58,4,0,0.0,1
LGS2ORD0017937,C015044,2025-05-23 01:00:00,Female,40,Bronze,TV,Songkhla,798,Shopee,COD,1,5,4,0,30-40,26.6,5.0,2.0,0.4,-12,4,3636.7399999999993,0.28,0.4,0.6,0.0,321.28,1,1,1.0,7376.37,2,1,0.5,9212.69,3,1,0.3333333333333333,18183.699999999997,5,2,0.4,0
LGS2ORD0017938,C017980,2025-05-23 01:00:00,Female,49,Bronze,TV,Chiang Mai,816,Lazada,COD,1,5,4,0,40-50,27.2,3.0,0.0,0.0,-1,5,7557.38,0.13,0.0,0.0,0.0,1855.7,1,0,0.0,20609.34,2,0,0.0,22672.14,3,0,0.0,22672.14,3,0,0.0,1
LGS2ORD0017939,C010224,2025-05-23 01:00:00,Female,64,Bronze,Web,Khon Kaen,284,TV_Show,COD,1,5,4,0,>50,9.466666666666667,5.0,2.0,0.4,51,30,9056.563999999998,0.18,0.8,0.0,0.0,0.0,0,0,0.0,0.0,0,0,0.0,24581.159999999996,3,1,0.3333333333333333,45282.81999999999,5,2,0.4,1
LGS2ORD0017940,C016500,2025-05-23 02:00:00,Male,55,Bronze,TV,Chonburi,986,Web,Credit_Card,2,5,4,0,>50,32.86666666666667,2.0,1.0,0.5,36,39,1608.4250000000002,0.03,1.0,0.0,0.0,0.0,0,0,0.0,0.0,0,0,0.0,3216.8500000000004,2,1,0.5,3216.8500000000004,2,1,0.5,0
LGS2ORD0017941,C010768,2025-05-23 02:00:00,Female,59,Silver,Shopee,Bangkok,443,Shopee,COD,2,5,4,0,>50,14.766666666666667,4.0,0.0,0.0,-1,52,1354.7024999999999,0.3,0.5,0.75,0.0,0.0,0,0,0.0,0.0,0,0,0.0,4347.22,3,0,0.0,5418.8099999999995,4,0,0.0,0
LGS2ORD0017942,C016073,2025-05-23 02:00:00,Female,32,Bronze,Shopee,Bangkok,650,Web,COD,2,5,4,0,30-40,21.666666666666668,9.0,0.0,0.0,-1,2,8537.31777777778,0.23,0.6666666666666666,0.2222222222222222,0.0,1970.22,1,0,0.0,4780.13,2,0,0.0,48851.09,8,0,0.0,76835.86000000002,9,0,0.0,1
LGS2ORD0017943,C012418,2025-05-23 02:00:00,Male,45,Bronze,Web,Songkhla,490,CallCenter,COD,2,5,4,0,40-50,16.333333333333332,3.0,1.0,0.3333333333333333,25,9,7919.75,0.23,0.3333333333333333,0.3333333333333333,0.0,0.0,0,0,0.0,7148.98,1,0,0.0,22924.739999999998,2,1,0.5,23759.25,3,1,0.3333333333333333,1
LGS2ORD0017944,C016584,2025-05-23 02:00:00,Male,62,Gold,Web,Bangkok,544,Shopee,PromptPay,2,5,4,0,>50,18.133333333333333,3.0,1.0,0.3333333333333333,6,16,4452.546666666666,0.13,0.0,0.0,0.0,0.0,0,0,0.0,5900.15,2,1,0.5,5900.15,2,1,0.5,13357.64,3,1,0.3333333333333333,0
LGS2ORD0017945,C011315,2025-05-23 03:00:00,Female,37,Silver,Shopee,Bangkok,172,Lazada,Credit_Card,3,5,4,0,30-40,5.733333333333333,2.0,0.0,0.0,-1,71,2828.905,0.25,0.5,0.5,0.0,0.0,0,0,0.0,0.0,0,0,0.0,1405.04,1,0,0.0,5657.81,2,0,0.0,1
LGS2ORD0017946,C011678,2025-05-23 03:00:00,Female,51,Bronze,TV,Bangkok,1216,Shopee,COD,3,5,4,0,>50,40.53333333333333,0.0,0.0,0.0,-1,-1,0.0,0.0,0.0,0.0,0.0,0.0,0,0,0.0,0.0,0,0,0.0,0.0,0,0,0.0,0.0,0,0,0.0,0
LGS2ORD0017947,C017145,2025-05-23 03:00:00,Female,28,Gold,Web,Bangkok,444,Web,Credit_Card,3,5,4,0,20-30,14.8,1.0,0.0,0.0,-1,12,1599.81,0.33,1.0,1.0,0.0,0.0,0,0,0.0,1599.81,1,0,0.0,1599.81,1,0,0.0,1599.81,1,0,0.0,1
LGS2ORD0017948,C011774,2025-05-23 03:00:00,Male,70,Silver,TV,Nakhon Ratchasima,295,Shopee,COD,3,5,4,0,>50,9.833333333333334,6.0,1.0,0.16666666666666666,34,23,6299.41,0.3,0.8333333333333334,0.3333333333333333,0.0,0.0,0,0,0.0,3909.78,1,0,0.0,36959.689999999995,5,1,0.2,37796.46,6,1,0.16666666666666666,0
LGS2ORD0017949,C011760,2025-05-23 03:00:00,Male,27,Bronze,TV,Khon Kaen,219,Shopee,Credit_Card,3,5,4,0,20-30,7.3,3.0,0.0,0.0,-1,39,5744.746666666667,0.18,0.6666666666666666,0.0,0.0,0.0,0,0,0.0,0.0,0,0,0.0,12802.38,2,0,0.0,17234.24,3,0,0.0,0
LGS2ORD0017950,C010796,2025-05-23 03:00:00,Male,53,Bronze,Web,Bangkok,1416,Lazada,Bank_Transfer,3,5,4,0,>50,47.2,4.0,1.0,0.25,3,18,2602.785,0.18,0.5,0.0,0.0,0.0,0,0,0.0,1538.27,1,1,1.0,9503.86,3,1,0.3333333333333333,10411.14,4,1,0.25,0
LGS2ORD0017951,C013622,2025-05-23 04:00:00,Female,48,Bronze,Shopee,Nakhon Ratchasima,364,Shopee,Bank_Transfer,4,5,4,0,40-50,12.133333333333333,3.0,1.0,0.3333333333333333,4,14,2503.0033333333336,0.18,1.0,0.0,0.0,0.0,0,0,0.0,3319.84,2,1,0.5,3319.84,2,1,0.5,7509.01,3,1,0.3333333333333333,1
LGS2ORD0017952,C017588,2025-05-23 04:00:00,Female,44,Bronze,CallCenter,Phuket,368,CallCenter,Credit_Card,4,5,4,0,40-50,12.266666666666667,3.0,1.0,0.3333333333333333,29,33,4621.96,0.03,0.3333333333333333,0.0,0.0,0.0,0,0,0.0,0.0,0,0,0.0,11506.310000000001,2,1,0.5,13865.880000000001,3,1,0.3333333333333333,0
LGS2ORD0017953,C017185,2025-05-23 04:00:00,Male,33,Silver,TV,Bangkok,1426,CallCenter,PromptPay,4,5,4,0,30-40,47.53333333333333,2.0,1.0,0.5,131,75,1548.41,0.3,0.5,0.5,0.0,0.0,0,0,0.0,0.0,0,0,0.0,2350.92,1,0,0.0,3096.82,2,1,0.5,0
LGS2ORD0017954,C010333,2025-05-23 04:00:00,Male,40,Silver,Web,Songkhla,592,Web,COD,4,5,4,0,30-40,19.733333333333334,7.0,3.0,0.42857142857142855,37,9,6558.732857142858,0.25,0.5714285714285714,0.14285714285714285,0.0,0.0,0,0,0.0,2242.01,1,0,0.0,39690.68,4,2,0.5,45911.130000000005,7,3,0.42857142857142855,0
LGS2ORD0017955,C011571,2025-05-23 04:00:00,Female,40,Bronze,Web,Bangkok,779,Web,Bank_Transfer,4,5,4,0,30-40,25.966666666666665,3.0,3.0,1.0,7,24,4160.256666666667,0.08,0.3333333333333333,0.0,0.0,0.0,0,0,0.0,3199.21,1,1,1.0,5190.0,2,2,1.0,12480.77,3,3,1.0,0
LGS2ORD0017956,C012918,2025-05-23 05:00:00,Female,58,Gold,Web,Bangkok,997,CallCenter,PromptPay,5,5,4,0,>50,33.233333333333334,1.0,1.0,1.0,60,74,12417.02,0.33,0.0,1.0,0.0,0.0,0,0,0.0,0.0,0,0,0.0,12417.02,1,1,1.0,12417.02,1,1,1.0,0
LGS2ORD0017957,C011291,2025-05-23 05:00:00,Male,29,Gold,Lazada,Bangkok,1040,Lazada,PromptPay,5,5,4,0,20-30,34.666666666666664,1.0,0.0,0.0,-1,53,9178.81,0.2299999999999999,0.0,1.0,0.0,0.0,0,0,0.0,0.0,0,0,0.0,9178.81,1,0,0.0,9178.81,1,0,0.0,0
LGS2ORD0017958,C012357,2025-05-23 05:00:00,Male,54,Gold,Web,Nakhon Ratchasima,1155,Web,Credit_Card,5,5,4,0,>50,38.5,2.0,0.0,0.0,-1,1,6656.915,0.2299999999999999,0.5,0.5,0.0,2828.4,1,0,0.0,13313.83,2,0,0.0,13313.83,2,0,0.0,13313.83,2,0,0.0,0
LGS2ORD0017959,C013525,2025-05-23 05:00:00,Female,23,Silver,Shopee,Bangkok,740,Lazada,COD,5,5,4,0,20-30,24.666666666666668,2.0,0.0,0.0,-1,112,4665.355,0.25,0.5,0.5,0.0,0.0,0,0,0.0,0.0,0,0,0.0,0.0,0,0,0.0,9330.71,2,0,0.0,1
LGS2ORD0017960,C016134,2025-05-23 05:00:00,Male,37,Silver,Web,Khon Kaen,253,Lazada,PromptPay,5,5,4,0,30-40,8.433333333333334,2.0,0.0,0.0,-1,43,2330.825,0.2,0.0,0.0,0.0,0.0,0,0,0.0,0.0,0,0,0.0,4661.65,2,0,0.0,4661.65,2,0,0.0,0
LGS2ORD0017961,C013179,2025-05-23 06:00:00,Male,42,Gold,Shopee,Songkhla,1307,CallCenter,COD,6,5,4,0,40-50,43.56666666666667,1.0,0.0,0.0,-1,86,1572.1,0.18,1.0,0.0,0.0,0.0,0,0,0.0,0.0,0,0,0.0,1572.1,1,0,0.0,1572.1,1,0,0.0,1
LGS2ORD0017962,C013543,2025-05-23 06:00:00,Female,38,Gold,Shopee,Bangkok,1506,TV_Show,COD,6,5,4,0,30-40,50.2,2.0,0.0,0.0,-1,20,963.8199999999999,0.18,0.0,0.0,0.0,0.0,0,0,0.0,1613.76,1,0,0.0,1927.6399999999999,2,0,0.0,1927.6399999999999,2,0,0.0,0
LGS2ORD0017963,C012717,2025-05-23 06:00:00,Male,58,Bronze,Shopee,Chonburi,1400,CallCenter,Credit_Card,6,5,4,0,>50,46.666666666666664,6.0,1.0,0.16666666666666666,81,26,2490.2066666666665,0.23,0.5,0.16666666666666666,0.0,0.0,0,0,0.0,1954.02,1,0,0.0,2743.59,2,0,0.0,14941.24,6,1,0.16666666666666666,0
LGS2ORD0017964,C012472,2025-05-23 06:00:00,Female,37,Silver,Shopee,Khon Kaen,181,Shopee,COD,6,5,4,0,30-40,6.033333333333333,5.0,1.0,0.2,61,36,3168.642,0.3,0.4,0.4,0.0,0.0,0,0,0.0,0.0,0,0,0.0,14667.54,4,1,0.25,15843.21,5,1,0.2,0
LGS2ORD0017965,C012005,2025-05-23 06:00:00,Male,71,Gold,TV,Nakhon Ratchasima,1442,Web,COD,6,5,4,0,>50,48.06666666666667,4.0,0.0,0.0,-1,6,3005.4125000000004,0.33,0.25,0.75,0.0,375.44,1,0,0.0,519.06,2,0,0.0,4668.08,3,0,0.0,12021.650000000001,4,0,0.0,0
LGS2ORD0017966,C013252,2025-05-23 06:00:00,Female,37,Bronze,Shopee,Bangkok,1107,Shopee,PromptPay,6,5,4,0,30-40,36.9,4.0,1.0,0.25,-5,5,5508.5375,0.28,0.5,0.5,0.0,2461.62,1,1,1.0,2461.62,1,1,1.0,9191.09,2,1,0.5,22034.15,4,1,0.25,0
LGS2ORD0017967,C012628,2025-05-23 07:00:00,Male,34,Platinum,Shopee,Bangkok,840,Lazada,Credit_Card,7,5,4,0,30-40,28.0,3.0,0.0,0.0,-1,19,3807.816666666667,0.3,0.6666666666666666,1.0,0.0,0.0,0,0,0.0,9336.51,1,0,0.0,10346.12,2,0,0.0,11423.45,3,0,0.0,0
LGS2ORD0017968,C015789,2025-05-23 07:00:00,Male,46,Gold,TV,Chonburi,689,Web,COD,7,5,4,0,40-50,22.966666666666665,0.0,0.0,0.0,-1,-1,0.0,0.0,0.0,0.0,0.0,0.0,0,0,0.0,0.0,0,0,0.0,0.0,0,0,0.0,0.0,0,0,0.0,0
LGS2ORD0017969,C011223,2025-05-23 07:00:00,Female,34,Silver,TV,Bangkok,923,Shopee,COD,7,5,4,0,30-40,30.766666666666666,0.0,0.0,0.0,-1,-1,0.0,0.0,0.0,0.0,0.0,0.0,0,0,0.0,0.0,0,0,0.0,0.0,0,0,0.0,0.0,0,0,0.0,0
LGS2ORD0017970,C017637,2025-05-23 07:00:00,Female,34,Bronze,Web,Phuket,310,Shopee,COD,7,5,4,0,30-40,10.333333333333334,2.0,2.0,1.0,65,73,3062.62,0.23,1.0,0.5,0.0,0.0,0,0,0.0,0.0,0,0,0.0,1661.73,1,1,1.0,6125.24,2,2,1.0,0
LGS2ORD0017971,C011278,2025-05-23 07:00:00,Female,48,Bronze,Lazada,Chiang Mai,611,Web,Bank_Transfer,7,5,4,0,40-50,20.366666666666667,4.0,1.0,0.25,-1,7,4289.8724999999995,0.23,0.25,0.25,0.0,0.0,0,0,0.0,1357.35,1,1,1.0,12306.53,3,1,0.3333333333333333,17159.489999999998,4,1,0.25,0
LGS2ORD0017972,C017274,2025-05-23 08:00:00,Male,18,Silver,Lazada,Bangkok,299,Shopee,COD,8,5,4,0,<20,9.966666666666667,2.0,1.0,0.5,103,41,4923.1900000000005,0.3,1.0,1.0,0.0,0.0,0,0,0.0,0.0,0,0,0.0,2202.78,1,0,0.0,9846.380000000001,2,1,0.5,0
LGS2ORD0017973,C011057,2025-05-23 08:00:00,Female,51,Bronze,Shopee,Nakhon Ratchasima,552,TV_Show,COD,8,5,4,0,>50,18.4,3.0,0.0,0.0,-1,54,3661.976666666667,0.28,0.6666666666666666,0.3333333333333333,0.0,0.0,0,0,0.0,0.0,0,0,0.0,9350.150000000001,2,0,0.0,10985.93,3,0,0.0,0
LGS2ORD0017974,C013140,2025-05-23 08:00:00,Other,56,Bronze,Lazada,Bangkok,1241,TV_Show,COD,8,5,4,0,>50,41.36666666666667,2.0,1.0,0.5,118,124,3663.555,0.23,1.0,0.5,0.0,0.0,0,0,0.0,0.0,0,0,0.0,0.0,0,0,0.0,7327.11,2,1,0.5,1
LGS2ORD0017975,C011713,2025-05-23 08:00:00,Male,57,Platinum,Shopee,Khon Kaen,705,TV_Show,COD,8,5,4,0,>50,23.5,6.0,3.0,0.5,36,5,6954.438333333335,0.25,0.5,0.6666666666666666,0.0,1841.23,1,0,0.0,1841.23,1,0,0.0,24382.36,4,1,0.25,41726.63000000001,6,3,0.5,1
LGS2ORD0017976,C015069,2025-05-23 08:00:00,Female,44,Silver,Web,Chiang Mai,686,Lazada,Bank_Transfer,8,5,4,0,40-50,22.866666666666667,4.0,2.0,0.5,95,105,2807.3325,0.3,0.75,0.25,0.0,0.0,0,0,0.0,0.0,0,0,0.0,0.0,0,0,0.0,11229.33,4,2,0.5,0
LGS2ORD0017977,C014840,2025-05-23 09:00:00,Female,47,Bronze,CallCenter,Chonburi,941,Web,PromptPay,9,5,4,0,40-50,31.366666666666667,1.0,1.0,1.0,68,76,8878.73,0.13,1.0,0.0,0.0,0.0,0,0,0.0,0.0,0,0,0.0,8878.73,1,1,1.0,8878.73,1,1,1.0,1
LGS2ORD0017978,C010866,2025-05-23 09:00:00,Male,66,Gold,Web,Chonburi,1538,TV_Show,Credit_Card,9,5,4,0,>50,51.266666666666666,0.0,0.0,0.0,-1,-1,0.0,0.0,0.0,0.0,0.0,0.0,0,0,0.0,0.0,0,0,0.0,0.0,0,0,0.0,0.0,0,0,0.0,0
LGS2ORD0017979,C010399,2025-05-23 09:00:00,Male,46,Platinum,Shopee,Chonburi,546,Shopee,COD,9,5,4,0,40-50,18.2,5.0,0.0,0.0,-1,12,4812.276,0.3,0.2,0.6,0.0,0.0,0,0,0.0,7736.18,1,0,0.0,7736.18,1,0,0.0,24061.38,5,0,0.0,0
LGS2ORD0017980,C016165,2025-05-23 09:00:00,Female,51,Gold,TV,Nakhon Ratchasima,1442,TV_Show,COD,9,5,4,0,>50,48.06666666666667,2.0,0.0,0.0,-1,92,1539.665,0.2299999999999999,1.0,0.5,0.0,0.0,0,0,0.0,0.0,0,0,0.0,0.0,0,0,0.0,3079.33,2,0,0.0,0
LGS2ORD0017981,C012914,2025-05-23 09:00:00,Female,34,Bronze,Web,Bangkok,588,Web,COD,9,5,4,0,30-40,19.6,1.0,0.0,0.0,-1,43,6689.31,0.18,0.0,0.0,0.0,0.0,0,0,0.0,0.0,0,0,0.0,6689.31,1,0,0.0,6689.31,1,0,0.0,0
LGS2ORD0017982,C014438,2025-05-23 10:00:00,Female,34,Silver,Shopee,Chonburi,1454,Lazada,PromptPay,10,5,4,0,30-40,48.46666666666667,1.0,0.0,0.0,-1,36,21764.77,0.3,1.0,1.0,0.0,0.0,0,0,0.0,0.0,0,0,0.0,21764.77,1,0,0.0,21764.77,1,0,0.0,0
LGS2ORD0017983,C017535,2025-05-23 10:00:00,Male,52,Gold,Web,Bangkok,874,Web,PromptPay,10,5,4,0,>50,29.133333333333333,2.0,0.0,0.0,-1,26,11868.805,0.33,0.0,0.5,0.0,0.0,0,0,0.0,21864.36,1,0,0.0,23737.61,2,0,0.0,23737.61,2,0,0.0,0
LGS2ORD0017984,C011201,2025-05-23 10:00:00,Female,41,Silver,Web,Chonburi,618,TV_Show,Credit_Card,10,5,4,0,40-50,20.6,1.0,0.0,0.0,-1,138,3518.06,0.2,1.0,0.0,0.0,0.0,0,0,0.0,0.0,0,0,0.0,0.0,0,0,0.0,3518.06,1,0,0.0,1
LGS2ORD0017985,C011285,2025-05-23 10:00:00,Female,43,Bronze,Shopee,Bangkok,1339,Lazada,Credit_Card,10,5,4,0,40-50,44.63333333333333,1.0,0.0,0.0,-1,136,3944.77,0.13,0.0,0.0,0.0,0.0,0,0,0.0,0.0,0,0,0.0,0.0,0,0,0.0,3944.77,1,0,0.0,0
LGS2ORD0017986,C010627,2025-05-23 10:00:00,Male,43,Silver,Shopee,Phuket,229,Lazada,Credit_Card,10,5,4,0,40-50,7.633333333333334,2.0,1.0,0.5,12,21,2045.525,0.25,1.0,0.5,0.0,0.0,0,0,0.0,1276.54,1,1,1.0,1276.54,1,1,1.0,4091.05,2,1,0.5,0
LGS2ORD0017987,C017519,2025-05-23 10:00:00,Female,43,Silver,Lazada,Nakhon Ratchasima,403,CallCenter,Bank_Transfer,10,5,4,0,40-50,13.433333333333334,3.0,0.0,0.0,-1,34,2001.8066666666666,0.2,1.0,0.0,0.0,0.0,0,0,0.0,0.0,0,0,0.0,2967.73,2,0,0.0,6005.42,3,0,0.0,1
LGS2ORD0017988,C012093,2025-05-23 11:00:00,Female,53,Bronze,Lazada,Remote_Area,547,Shopee,Credit_Card,11,5,4,0,>50,18.233333333333334,2.0,1.0,0.5,18,29,3892.0249999999996,0.18,0.5,0.0,0.0,0.0,0,0,0.0,4501.15,1,1,1.0,4501.15,1,1,1.0,7784.049999999999,2,1,0.5,0
LGS2ORD0017989,C016320,2025-05-23 11:00:00,Female,49,Gold,Web,Chiang Mai,778,TV_Show,COD,11,5,4,0,40-50,25.933333333333334,0.0,0.0,0.0,-1,-1,0.0,0.0,0.0,0.0,0.0,0.0,0,0,0.0,0.0,0,0,0.0,0.0,0,0,0.0,0.0,0,0,0.0,0
LGS2ORD0017990,C010414,2025-05-23 11:00:00,Male,65,Bronze,Lazada,Songkhla,725,Shopee,Credit_Card,11,5,4,0,>50,24.166666666666668,2.0,1.0,0.5,19,32,8749.315,0.23,1.0,0.5,0.0,0.0,0,0,0.0,0.0,0,0,0.0,11264.95,1,1,1.0,17498.63,2,1,0.5,0
LGS2ORD0017991,C016614,2025-05-23 11:00:00,Male,21,Bronze,Web,Bangkok,646,Web,COD,11,5,4,0,20-30,21.533333333333335,2.0,0.0,0.0,-1,21,14078.19,0.08,0.0,0.0,0.0,0.0,0,0,0.0,25231.43,1,0,0.0,28156.38,2,0,0.0,28156.38,2,0,0.0,0
LGS2ORD0017992,C012949,2025-05-23 11:00:00,Female,42,Bronze,TV,Nakhon Ratchasima,240,Web,COD,11,5,4,0,40-50,8.0,3.0,2.0,0.6666666666666666,18,27,4271.623333333333,0.23,1.0,1.0,0.0,0.0,0,0,0.0,1420.72,1,1,1.0,3381.9700000000003,2,2,1.0,12814.869999999999,3,2,0.6666666666666666,0
LGS2ORD0017993,C011595,2025-05-23 12:00:00,Female,64,Bronze,TV,Bangkok,190,TV_Show,Credit_Card,12,5,4,0,>50,6.333333333333333,3.0,0.0,0.0,-1,36,4396.923333333333,0.28,0.0,0.3333333333333333,0.0,0.0,0,0,0.0,0.0,0,0,0.0,2946.4100000000003,2,0,0.0,13190.77,3,0,0.0,0
LGS2ORD0017994,C012033,2025-05-23 12:00:00,Male,32,Silver,TV,Khon Kaen,1598,Web,COD,12,5,4,0,30-40,53.266666666666666,3.0,2.0,0.6666666666666666,83,90,7589.326666666667,0.3,0.6666666666666666,1.0,0.0,0.0,0,0,0.0,0.0,0,0,0.0,0.0,0,0,0.0,22767.98,3,2,0.6666666666666666,0
LGS2ORD0017995,C011441,2025-05-23 12:00:00,Male,38,Bronze,TV,Khon Kaen,1197,TV_Show,PromptPay,12,5,4,0,30-40,39.9,4.0,0.0,0.0,-1,63,9826.79,0.28,1.0,0.5,0.0,0.0,0,0,0.0,0.0,0,0,0.0,4144.3,2,0,0.0,39307.16,4,0,0.0,0
LGS2ORD0017996,C010428,2025-05-23 12:00:00,Female,23,Silver,Lazada,Bangkok,1190,CallCenter,COD,12,5,4,0,20-30,39.666666666666664,1.0,0.0,0.0,-1,98,2181.07,0.05,0.0,0.0,0.0,0.0,0,0,0.0,0.0,0,0,0.0,0.0,0,0,0.0,2181.07,1,0,0.0,0
LGS2ORD0017997,C016225,2025-05-23 12:00:00,Male,39,Bronze,TV,Chonburi,463,TV_Show,COD,12,5,4,0,30-40,15.433333333333334,0.0,0.0,0.0,-1,-1,0.0,0.0,0.0,0.0,0.0,0.0,0,0,0.0,0.0,0,0,0.0,0.0,0,0,0.0,0.0,0,0,0.0,0
LGS2ORD0017998,C015271,2025-05-23 13:00:00,Female,37,Bronze,TV,Chonburi,1555,TV_Show,COD,13,5,4,0,30-40,51.833333333333336,4.0,0.0,0.0,-1,0,8754.21,0.23,0.5,0.25,0.0,967.27,1,0,0.0,32329.44,2,0,0.0,34555.979999999996,3,0,0.0,35016.84,4,0,0.0,0
LGS2ORD0017999,C016472,2025-05-23 13:00:00,Male,33,Platinum,Web,Bangkok,732,TV_Show,Credit_Card,13,5,4,0,30-40,24.4,4.0,0.0,0.0,-1,5,3962.11,0.25,0.25,0.5,0.0,590.85,1,0,0.0,1189.8400000000001,2,0,0.0,1897.4,3,0,0.0,15848.44,4,0,0.0,0
LGS2ORD0018000,C013468,2025-05-23 13:00:00,Male,34,Bronze,TV,Bangkok,914,Shopee,COD,13,5,4,0,30-40,30.466666666666665,0.0,0.0,0.0,-1,-1,0.0,0.0,0.0,0.0,0.0,0.0,0,0,0.0,0.0,0,0,0.0,0.0,0,0,0.0,0.0,0,0,0.0,0
LGS2ORD0018001,C011349,2025-05-23 13:00:00,Male,32,Bronze,TV,Bangkok,1357,CallCenter,PromptPay,13,5,4,0,30-40,45.233333333333334,2.0,0.0,0.0,-1,13,3694.8650000000002,0.03,0.5,0.0,0.0,0.0,0,0,0.0,6068.31,1,0,0.0,7389.7300000000005,2,0,0.0,7389.7300000000005,2,0,0.0,0
LGS2ORD0018002,C016093,2025-05-23 13:00:00,Male,58,Bronze,CallCenter,Bangkok,323,Shopee,COD,13,5,4,0,>50,10.766666666666667,5.0,1.0,0.2,114,7,10254.109999999999,0.23,0.6,0.2,0.0,0.0,0,0,0.0,35734.340000000004,2,0,0.0,35734.340000000004,2,0,0.0,51270.549999999996,5,1,0.2,1
LGS2ORD0018003,C011622,2025-05-23 14:00:00,Male,48,Silver,Lazada,Khon Kaen,640,CallCenter,COD,14,5,4,0,40-50,21.333333333333332,3.0,1.0,0.3333333333333333,28,41,3567.643333333333,0.3,0.3333333333333333,0.3333333333333333,0.0,0.0,0,0,0.0,0.0,0,0,0.0,9122.38,1,1,1.0,10702.929999999998,3,1,0.3333333333333333,1
LGS2ORD0018004,C015519,2025-05-23 14:00:00,Female,49,Gold,Web,Remote_Area,802,Web,PromptPay,14,5,4,0,40-50,26.733333333333334,4.0,1.0,0.25,33,18,5634.91,0.28,0.75,0.5,0.0,0.0,0,0,0.0,1772.66,1,0,0.0,19303.670000000002,3,1,0.3333333333333333,22539.64,4,1,0.25,0
LGS2ORD0018005,C017034,2025-05-23 14:00:00,Female,28,Bronze,Shopee,Songkhla,626,TV_Show,Bank_Transfer,14,5,4,0,20-30,20.866666666666667,7.0,3.0,0.42857142857142855,-6,1,3693.414285714286,0.18,0.2857142857142857,0.0,0.0,955.65,1,1,1.0,955.65,1,1,1.0,3835.56,2,1,0.5,25853.9,7,3,0.42857142857142855,0
LGS2ORD0018006,C013801,2025-05-23 14:00:00,Female,44,Bronze,Lazada,Bangkok,998,Web,Bank_Transfer,14,5,4,0,40-50,33.266666666666666,0.0,0.0,0.0,-1,-1,0.0,0.0,0.0,0.0,0.0,0.0,0,0,0.0,0.0,0,0,0.0,0.0,0,0,0.0,0.0,0,0,0.0,0
LGS2ORD0018007,C014497,2025-05-23 14:00:00,Male,44,Bronze,Web,Chiang Mai,1359,Lazada,COD,14,5,4,0,40-50,45.3,5.0,1.0,0.2,56,1,5048.914,0.28,0.6,0.6,0.0,1645.15,1,0,0.0,2466.8,2,0,0.0,25244.57,5,1,0.2,25244.57,5,1,0.2,0
LGS2ORD0018008,C010835,2025-05-23 14:00:00,Female,43,Bronze,Lazada,Nakhon Ratchasima,1450,Lazada,COD,14,5,4,0,40-50,48.333333333333336,2.0,0.0,0.0,-1,28,2301.57,0.28,0.0,0.5,0.0,0.0,0,0,0.0,220.37,1,0,0.0,4603.14,2,0,0.0,4603.14,2,0,0.0,1
LGS2ORD0018009,C012612,2025-05-23 15:00:00,Male,46,Bronze,Shopee,Bangkok,1196,Web,Bank_Transfer,15,5,4,0,40-50,39.86666666666667,2.0,1.0,0.5,38,49,2738.56,0.28,1.0,0.5,0.0,0.0,0,0,0.0,0.0,0,0,0.0,5477.12,2,1,0.5,5477.12,2,1,0.5,0
LGS2ORD0018010,C011876,2025-05-23 15:00:00,Male,72,Bronze,CallCenter,Chonburi,382,Web,COD,15,5,4,0,>50,12.733333333333333,6.0,0.0,0.0,-1,6,4969.958333333333,0.23,0.16666666666666666,0.3333333333333333,0.0,3770.24,1,0,0.0,5262.299999999999,2,0,0.0,26200.72,4,0,0.0,29819.75,6,0,0.0,0
LGS2ORD0018011,C013639,2025-05-23 15:00:00,Female,56,Silver,TV,Songkhla,524,Shopee,COD,15,5,4,0,>50,17.466666666666665,3.0,0.0,0.0,-1,37,10802.91,0.2,0.6666666666666666,0.0,0.0,0.0,0,0,0.0,0.0,0,0,0.0,32408.73,3,0,0.0,32408.73,3,0,0.0,0
LGS2ORD0018012,C013383,2025-05-23 15:00:00,Female,31,Bronze,Shopee,Phuket,887,TV_Show,COD,15,5,4,0,30-40,29.566666666666666,2.0,0.0,0.0,-1,72,7235.4400000000005,0.08,1.0,0.0,0.0,0.0,0,0,0.0,0.0,0,0,0.0,14470.880000000001,2,0,0.0,14470.880000000001,2,0,0.0,0
LGS2ORD0018013,C017024,2025-05-23 15:00:00,Female,29,Bronze,TV,Nakhon Ratchasima,436,CallCenter,PromptPay,15,5,4,0,20-30,14.533333333333333,4.0,0.0,0.0,-1,27,7967.700000000001,0.23,0.25,0.25,0.0,0.0,0,0,0.0,4336.31,1,0,0.0,29742.930000000004,3,0,0.0,31870.800000000003,4,0,0.0,0
LGS2ORD0018014,C015185,2025-05-23 16:00:00,Female,50,Gold,TV,Chonburi,463,Lazada,COD,16,5,4,0,40-50,15.433333333333334,4.0,2.0,0.5,31,27,2776.745,0.28,0.5,0.75,0.0,0.0,0,0,0.0,4012.84,1,0,0.0,11106.98,4,2,0.5,11106.98,4,2,0.5,0
LGS2ORD0018015,C012438,2025-05-23 16:00:00,Female,37,Silver,TV,Bangkok,395,TV_Show,COD,16,5,4,0,30-40,13.166666666666666,2.0,0.0,0.0,-1,15,2260.59,0.2,0.0,0.0,0.0,0.0,0,0,0.0,2033.76,1,0,0.0,2033.76,1,0,0.0,4521.18,2,0,0.0,0
LGS2ORD0018016,C012222,2025-05-23 16:00:00,Female,53,Bronze,Shopee,Chiang Mai,579,Lazada,PromptPay,16,5,4,0,>50,19.3,2.0,0.0,0.0,-1,4,7483.635,0.18,0.5,0.0,0.0,11657.57,1,0,0.0,11657.57,1,0,0.0,14967.27,2,0,0.0,14967.27,2,0,0.0,0
LGS2ORD0018017,C010596,2025-05-23 16:00:00,Female,42,Bronze,Shopee,Bangkok,1215,Web,PromptPay,16,5,4,0,40-50,40.5,2.0,1.0,0.5,71,82,2777.255,0.18,0.5,0.0,0.0,0.0,0,0,0.0,0.0,0,0,0.0,5554.51,2,1,0.5,5554.51,2,1,0.5,0
LGS2ORD0018018,C017972,2025-05-23 16:00:00,Female,50,Gold,CallCenter,Chiang Mai,580,TV_Show,COD,16,5,4,0,40-50,19.333333333333332,1.0,0.0,0.0,-1,109,1253.89,0.28,0.0,1.0,0.0,0.0,0,0,0.0,0.0,0,0,0.0,0.0,0,0,0.0,1253.89,1,0,0.0,0
LGS2ORD0018019,C012540,2025-05-23 17:00:00,Female,52,Silver,Web,Songkhla,431,Web,PromptPay,17,5,4,0,>50,14.366666666666667,2.0,0.0,0.0,-1,49,4952.639999999999,0.3,0.5,1.0,0.0,0.0,0,0,0.0,0.0,0,0,0.0,1189.82,1,0,0.0,9905.279999999999,2,0,0.0,0
LGS2ORD0018020,C011202,2025-05-23 17:00:00,Other,58,Bronze,Web,Khon Kaen,871,TV_Show,COD,17,5,4,0,>50,29.033333333333335,2.0,0.0,0.0,-1,83,1532.845,0.18,0.0,0.0,0.0,0.0,0,0,0.0,0.0,0,0,0.0,986.12,1,0,0.0,3065.69,2,0,0.0,0
LGS2ORD0018021,C012786,2025-05-23 17:00:00,Male,26,Gold,Web,Chiang Mai,319,Web,PromptPay,17,5,4,0,20-30,10.633333333333333,2.0,0.0,0.0,-1,48,7751.129999999999,0.33,0.5,1.0,0.0,0.0,0,0,0.0,0.0,0,0,0.0,15502.259999999998,2,0,0.0,15502.259999999998,2,0,0.0,0
LGS2ORD0018022,C016261,2025-05-23 17:00:00,Female,50,Bronze,CallCenter,Bangkok,789,Web,COD,17,5,4,0,40-50,26.3,3.0,1.0,0.3333333333333333,38,1,3022.9,0.13,0.3333333333333333,0.0,0.0,4067.57,1,0,0.0,8745.130000000001,2,0,0.0,9068.7,3,1,0.3333333333333333,9068.7,3,1,0.3333333333333333,0
LGS2ORD0018023,C010660,2025-05-23 17:00:00,Male,20,Bronze,Shopee,Chiang Mai,1494,Web,COD,17,5,4,0,<20,49.8,7.0,3.0,0.42857142857142855,9,12,6438.194285714286,0.23,0.14285714285714285,0.5714285714285714,0.0,0.0,0,0,0.0,27863.170000000002,3,1,0.3333333333333333,43391.37,6,3,0.5,45067.36,7,3,0.42857142857142855,0
LGS2ORD0018024,C016171,2025-05-23 18:00:00,Male,25,Silver,TV,Bangkok,258,TV_Show,COD,18,5,4,0,20-30,8.6,3.0,0.0,0.0,-1,53,11624.613333333333,0.15,1.0,0.0,0.0,0.0,0,0,0.0,0.0,0,0,0.0,34873.84,3,0,0.0,34873.84,3,0,0.0,1
LGS2ORD0018025,C016615,2025-05-23 18:00:00,Female,33,Bronze,Web,Bangkok,1594,Shopee,Credit_Card,18,5,4,0,30-40,53.13333333333333,3.0,1.0,0.3333333333333333,63,74,4498.783333333334,0.23,0.6666666666666666,0.6666666666666666,0.0,0.0,0,0,0.0,0.0,0,0,0.0,1263.91,1,1,1.0,13496.35,3,1,0.3333333333333333,0
LGS2ORD0018026,C016391,2025-05-23 18:00:00,Male,37,Bronze,CallCenter,Bangkok,334,Web,PromptPay,18,5,4,0,30-40,11.133333333333333,8.0,2.0,0.25,-11,2,1842.8287500000001,0.23,0.5,0.25,0.0,1050.28,1,1,1.0,8148.2699999999995,4,2,0.5,8938.75,5,2,0.4,14742.630000000001,8,2,0.25,0
LGS2ORD0018027,C012826,2025-05-23 18:00:00,Male,55,Bronze,Shopee,Chiang Mai,412,Web,Credit_Card,18,5,4,0,>50,13.733333333333333,4.0,0.0,0.0,-1,11,5349.4974999999995,0.08,0.0,0.0,0.0,0.0,0,0,0.0,19688.239999999998,2,0,0.0,20536.75,3,0,0.0,21397.989999999998,4,0,0.0,0
LGS2ORD0018028,C011643,2025-05-23 18:00:00,Female,39,Platinum,Shopee,Bangkok,733,TV_Show,Credit_Card,18,5,4,0,30-40,24.433333333333334,3.0,0.0,0.0,-1,29,3175.0633333333335,0.25,0.0,0.3333333333333333,0.0,0.0,0,0,0.0,2092.28,1,0,0.0,9525.19,3,0,0.0,9525.19,3,0,0.0,0
LGS2ORD0018029,C014317,2025-05-23 18:00:00,Female,46,Gold,TV,Chonburi,995,TV_Show,COD,18,5,4,0,40-50,33.166666666666664,0.0,0.0,0.0,-1,-1,0.0,0.0,0.0,0.0,0.0,0.0,0,0,0.0,0.0,0,0,0.0,0.0,0,0,0.0,0.0,0,0,0.0,0
LGS2ORD0018030,C016584,2025-05-23 19:00:00,Male,62,Gold,Web,Bangkok,544,Lazada,PromptPay,19,5,4,0,>50,18.133333333333333,4.0,1.0,0.25,7,0,3845.7124999999996,0.18,0.0,0.0,0.0,2025.21,1,0,0.0,7925.36,3,1,0.3333333333333333,7925.36,3,1,0.3333333333333333,15382.849999999999,4,1,0.25,0
LGS2ORD0018031,C015446,2025-05-23 19:00:00,Female,38,Bronze,Shopee,Bangkok,1231,TV_Show,PromptPay,19,5,4,0,30-40,41.03333333333333,6.0,0.0,0.0,-1,24,8534.866666666667,0.23,0.6666666666666666,0.16666666666666666,0.0,0.0,0,0,0.0,22352.15,1,0,0.0,39394.84,4,0,0.0,51209.2,6,0,0.0,0
LGS2ORD0018032,C017296,2025-05-23 19:00:00,Female,41,Gold,Lazada,Bangkok,223,Web,COD,19,5,4,0,40-50,7.433333333333334,2.0,0.0,0.0,-1,56,2994.59,0.2299999999999999,0.5,0.5,0.0,0.0,0,0,0.0,0.0,0,0,0.0,5423.76,1,0,0.0,5989.18,2,0,0.0,0
LGS2ORD0018033,C016305,2025-05-23 19:00:00,Other,43,Gold,Shopee,Bangkok,611,Web,COD,19,5,4,0,40-50,20.366666666666667,1.0,0.0,0.0,-1,113,1855.46,0.2299999999999999,0.0,1.0,0.0,0.0,0,0,0.0,0.0,0,0,0.0,0.0,0,0,0.0,1855.46,1,0,0.0,0
LGS2ORD0018034,C016056,2025-05-23 19:00:00,Female,31,Bronze,Web,Phuket,265,TV_Show,COD,19,5,4,0,30-40,8.833333333333334,2.0,1.0,0.5,2,15,5432.615000000001,0.23,0.5,0.5,0.0,0.0,0,0,0.0,838.03,1,1,1.0,838.03,1,1,1.0,10865.230000000001,2,1,0.5,0
LGS2ORD0018035,C014672,2025-05-23 20:00:00,Female,39,Bronze,Shopee,Chiang Mai,1568,TV_Show,COD,20,5,4,0,30-40,52.266666666666666,6.0,2.0,0.3333333333333333,32,12,10148.401666666667,0.18,0.5,0.0,0.0,0.0,0,0,0.0,14806.81,1,0,0.0,56854.409999999996,4,1,0.25,60890.409999999996,6,2,0.3333333333333333,0
LGS2ORD0018036,C010196,2025-05-23 20:00:00,Female,61,Gold,Web,Bangkok,1050,Web,COD,20,5,4,0,>50,35.0,3.0,2.0,0.6666666666666666,57,46,4365.126666666667,0.33,0.0,0.6666666666666666,0.0,0.0,0,0,0.0,0.0,0,0,0.0,11577.75,2,1,0.5,13095.380000000001,3,2,0.6666666666666666,0
LGS2ORD0018037,C017846,2025-05-23 20:00:00,Female,54,Gold,TV,Songkhla,459,TV_Show,COD,20,5,4,0,>50,15.3,5.0,1.0,0.2,49,63,6751.748,0.18,0.4,0.0,0.0,0.0,0,0,0.0,0.0,0,0,0.0,5388.21,1,1,1.0,33758.74,5,1,0.2,0
LGS2ORD0018038,C017624,2025-05-23 20:00:00,Female,47,Bronze,TV,Nakhon Ratchasima,1560,Lazada,PromptPay,20,5,4,0,40-50,52.0,2.0,0.0,0.0,-1,43,8845.585,0.08,0.5,0.0,0.0,0.0,0,0,0.0,0.0,0,0,0.0,17691.17,2,0,0.0,17691.17,2,0,0.0,0
LGS2ORD0018039,C014482,2025-05-23 20:00:00,Female,55,Bronze,Web,Songkhla,386,CallCenter,COD,20,5,4,0,>50,12.866666666666667,6.0,2.0,0.3333333333333333,45,59,3323.338333333333,0.28,0.8333333333333334,0.5,0.0,0.0,0,0,0.0,0.0,0,0,0.0,14071.659999999998,4,2,0.5,19940.03,6,2,0.3333333333333333,1
LGS2ORD0018040,C016644,2025-05-23 21:00:00,Female,32,Platinum,TV,Bangkok,1534,Lazada,Bank_Transfer,21,5,4,0,30-40,51.13333333333333,4.0,0.0,0.0,-1,5,13233.057500000003,0.2,0.75,0.0,0.0,4968.83,1,0,0.0,19966.29,3,0,0.0,52932.23000000001,4,0,0.0,52932.23000000001,4,0,0.0,0
LGS2ORD0018041,C014169,2025-05-23 21:00:00,Male,39,Bronze,Web,Bangkok,1431,TV_Show,COD,21,5,4,0,30-40,47.7,5.0,0.0,0.0,-1,3,6380.132,0.18,0.8,0.0,0.2,1973.54,1,0,0.0,1973.54,1,0,0.0,6995.97,2,0,0.0,31900.66,5,0,0.0,0
LGS2ORD0018042,C010251,2025-05-23 21:00:00,Male,56,Gold,Web,Khon Kaen,1373,TV_Show,Credit_Card,21,5,4,0,>50,45.766666666666666,2.0,0.0,0.0,-1,117,2734.2349999999997,0.28,1.0,0.5,0.0,0.0,0,0,0.0,0.0,0,0,0.0,0.0,0,0,0.0,5468.469999999999,2,0,0.0,0
LGS2ORD0018043,C017764,2025-05-23 21:00:00,Male,21,Bronze,TV,Chonburi,1297,TV_Show,Bank_Transfer,21,5,4,0,20-30,43.233333333333334,1.0,0.0,0.0,-1,110,6410.57,0.13,1.0,0.0,0.0,0.0,0,0,0.0,0.0,0,0,0.0,0.0,0,0,0.0,6410.57,1,0,0.0,0
LGS2ORD0018044,C013066,2025-05-23 21:00:00,Female,26,Bronze,Lazada,Remote_Area,1490,CallCenter,COD,21,5,4,0,20-30,49.666666666666664,1.0,0.0,0.0,-1,47,4002.84,0.03,0.0,0.0,0.0,0.0,0,0,0.0,0.0,0,0,0.0,4002.84,1,0,0.0,4002.84,1,0,0.0,1
LGS2ORD0018045,C015595,2025-05-23 22:00:00,Female,30,Bronze,CallCenter,Bangkok,411,Web,COD,22,5,4,0,20-30,13.7,0.0,0.0,0.0,-1,-1,0.0,0.0,0.0,0.0,0.0,0.0,0,0,0.0,0.0,0,0,0.0,0.0,0,0,0.0,0.0,0,0,0.0,1
LGS2ORD0018046,C010941,2025-05-23 22:00:00,Female,36,Silver,TV,Bangkok,887,CallCenter,COD,22,5,4,0,30-40,29.566666666666666,3.0,2.0,0.6666666666666666,93,57,3389.4033333333336,0.3,1.0,0.6666666666666666,0.0,0.0,0,0,0.0,0.0,0,0,0.0,1473.77,1,0,0.0,10168.210000000001,3,2,0.6666666666666666,1
LGS2ORD0018047,C013622,2025-05-23 22:00:00,Female,48,Bronze,Shopee,Nakhon Ratchasima,364,CallCenter,Credit_Card,22,5,4,0,40-50,12.133333333333333,4.0,2.0,0.5,-7,0,2810.9425,0.28,0.75,0.25,0.0,3734.76,1,1,1.0,7054.6,3,2,0.6666666666666666,7054.6,3,2,0.6666666666666666,11243.77,4,2,0.5,0
LGS2ORD0018048,C013284,2025-05-23 22:00:00,Female,39,Gold,Lazada,Bangkok,448,TV_Show,COD,22,5,4,0,30-40,14.933333333333334,2.0,0.0,0.0,-1,30,7771.8,0.13,0.0,0.0,0.0,0.0,0,0,0.0,0.0,0,0,0.0,15543.6,2,0,0.0,15543.6,2,0,0.0,1
LGS2ORD0018049,C013740,2025-05-23 22:00:00,Male,42,Bronze,Shopee,Bangkok,1037,Shopee,COD,22,5,4,0,40-50,34.56666666666667,3.0,0.0,0.0,-1,6,6079.846666666667,0.03,0.3333333333333333,0.0,0.0,7884.34,1,0,0.0,7884.34,1,0,0.0,11132.08,2,0,0.0,18239.54,3,0,0.0,0
LGS2ORD0018050,C016721,2025-05-23 22:00:00,Female,39,Gold,Web,Khon Kaen,915,Web,PromptPay,22,5,4,0,30-40,30.5,1.0,0.0,0.0,-1,134,1929.81,0.13,0.0,0.0,0.0,0.0,0,0,0.0,0.0,0,0,0.0,0.0,0,0,0.0,1929.81,1,0,0.0,0
LGS2ORD0018051,C011073,2025-05-23 23:00:00,Other,32,Silver,Web,Songkhla,609,Web,COD,23,5,4,0,30-40,20.3,1.0,1.0,1.0,64,74,4041.55,0.15,1.0,0.0,0.0,0.0,0,0,0.0,0.0,0,0,0.0,4041.55,1,1,1.0,4041.55,1,1,1.0,1
LGS2ORD0018052,C010521,2025-05-23 23:00:00,Male,52,Bronze,TV,Remote_Area,878,Shopee,COD,23,5,4,0,>50,29.266666666666666,3.0,2.0,0.6666666666666666,5,12,1869.58,0.18,0.0,0.0,0.0,0.0,0,0,0.0,1508.81,1,1,1.0,5608.74,3,2,0.6666666666666666,5608.74,3,2,0.6666666666666666,1
LGS2ORD0018053,C010620,2025-05-23 23:00:00,Female,55,Silver,Web,Songkhla,773,TV_Show,Credit_Card,23,5,4,0,>50,25.766666666666666,2.0,0.0,0.0,-1,17,3570.2200000000003,0.15,0.5,0.0,0.0,0.0,0,0,0.0,4965.1,1,0,0.0,7140.4400000000005,2,0,0.0,7140.4400000000005,2,0,0.0,0
LGS2ORD0018054,C013028,2025-05-23 23:00:00,Female,67,Silver,Lazada,Khon Kaen,244,CallCenter,PromptPay,23,5,4,0,>50,8.133333333333333,2.0,1.0,0.5,11,20,1385.63,0.25,0.5,0.5,0.0,0.0,0,0,0.0,1120.55,1,1,1.0,2771.26,2,1,0.5,2771.26,2,1,0.5,0
LGS2ORD0018055,C017754,2025-05-23 23:00:00,Female,54,Silver,TV,Bangkok,825,TV_Show,PromptPay,23,5,4,0,>50,27.5,2.0,0.0,0.0,-1,4,2284.675,0.25,0.5,0.5,0.0,3171.34,1,0,0.0,3171.34,1,0,0.0,4569.35,2,0,0.0,4569.35,2,0,0.0,0
LGS2ORD0018056,C010663,2025-05-24 00:00:00,Male,32,Bronze,TV,Songkhla,1140,TV_Show,COD,0,5,5,1,30-40,38.0,7.0,1.0,0.14285714285714285,17,25,3692.0271428571427,0.23,0.2857142857142857,0.42857142857142855,0.0,0.0,0,0,0.0,5601.179999999999,2,1,0.5,17994.11,4,1,0.25,25844.19,7,1,0.14285714285714285,0
LGS2ORD0018057,C011074,2025-05-24 00:00:00,Other,44,Silver,Web,Bangkok,265,Shopee,Credit_Card,0,5,5,1,40-50,8.833333333333334,3.0,0.0,0.0,-1,19,4347.179999999999,0.15,0.0,0.0,0.0,0.0,0,0,0.0,5078.16,1,0,0.0,13041.539999999999,3,0,0.0,13041.539999999999,3,0,0.0,1
LGS2ORD0018058,C015251,2025-05-24 00:00:00,Male,25,Platinum,CallCenter,Bangkok,1600,Lazada,COD,0,5,5,1,20-30,53.333333333333336,5.0,1.0,0.2,73,30,3011.504,0.35,1.0,0.6,0.0,0.0,0,0,0.0,0.0,0,0,0.0,10559.23,4,1,0.25,15057.52,5,1,0.2,0
LGS2ORD0018059,C012025,2025-05-24 00:00:00,Male,49,Bronze,TV,Chonburi,1200,Web,COD,0,5,5,1,40-50,40.0,4.0,0.0,0.0,-1,31,7974.6375,0.28,0.5,0.75,0.0,0.0,0,0,0.0,0.0,0,0,0.0,18923.29,2,0,0.0,31898.55,4,0,0.0,0
LGS2ORD0018060,C012236,2025-05-24 00:00:00,Male,25,Bronze,Shopee,Nakhon Ratchasima,548,Web,PromptPay,0,5,5,1,20-30,18.266666666666666,5.0,0.0,0.0,-1,4,2473.3199999999997,0.28,0.2,0.2,0.0,1561.23,1,0,0.0,1561.23,1,0,0.0,1980.12,2,0,0.0,12366.599999999999,5,0,0.0,0
LGS2ORD0018061,C013436,2025-05-24 01:00:00,Male,53,Bronze,TV,Chiang Mai,525,TV_Show,COD,1,5,5,1,>50,17.5,6.0,2.0,0.3333333333333333,98,48,12203.898333333336,0.23,0.3333333333333333,0.3333333333333333,0.0,0.0,0,0,0.0,0.0,0,0,0.0,43202.42,2,0,0.0,73223.39000000001,6,2,0.3333333333333333,1
LGS2ORD0018062,C017874,2025-05-24 01:00:00,Female,57,Bronze,Shopee,Bangkok,1392,TV_Show,Bank_Transfer,1,5,5,1,>50,46.4,3.0,0.0,0.0,-1,3,2229.4533333333334,0.18,0.3333333333333333,0.0,0.0,578.78,1,0,0.0,578.78,1,0,0.0,6688.36,3,0,0.0,6688.36,3,0,0.0,0
LGS2ORD0018063,C016747,2025-05-24 01:00:00,Female,26,Bronze,TV,Bangkok,1566,Shopee,COD,1,5,5,1,20-30,52.2,3.0,2.0,0.6666666666666666,26,3,2315.5,0.23,0.0,0.3333333333333333,0.0,3176.42,1,0,0.0,3176.42,1,0,0.0,6946.5,3,2,0.6666666666666666,6946.5,3,2,0.6666666666666666,0
LGS2ORD0018064,C016633,2025-05-24 01:00:00,Male,59,Bronze,CallCenter,Khon Kaen,1096,TV_Show,PromptPay,1,5,5,1,>50,36.53333333333333,3.0,0.0,0.0,-1,3,4360.8,0.23,0.6666666666666666,0.6666666666666666,0.0,1305.57,1,0,0.0,1976.8899999999999,2,0,0.0,13082.4,3,0,0.0,13082.4,3,0,0.0,0
LGS2ORD0018065,C014383,2025-05-24 01:00:00,Male,32,Silver,CallCenter,Chiang Mai,324,Shopee,Credit_Card,1,5,5,1,30-40,10.8,3.0,0.0,0.0,-1,21,3743.9133333333334,0.2,0.3333333333333333,0.0,0.0,0.0,0,0,0.0,9867.9,1,0,0.0,11231.74,3,0,0.0,11231.74,3,0,0.0,1
LGS2ORD0018066,C010572,2025-05-24 02:00:00,Female,18,Silver,Web,Bangkok,702,Web,PromptPay,2,5,5,1,<20,23.4,2.0,0.0,0.0,-1,53,3461.9049999999997,0.2,0.5,0.0,0.0,0.0,0,0,0.0,0.0,0,0,0.0,2809.61,1,0,0.0,6923.8099999999995,2,0,0.0,0
LGS2ORD0018067,C011247,2025-05-24 02:00:00,Female,40,Silver,CallCenter,Chonburi,1395,CallCenter,COD,2,5,5,1,30-40,46.5,2.0,0.0,0.0,-1,1,17670.964999999997,0.2,0.0,0.0,0.0,34762.09,1,0,0.0,34762.09,1,0,0.0,34762.09,1,0,0.0,35341.92999999999,2,0,0.0,0
LGS2ORD0018068,C012361,2025-05-24 02:00:00,Male,37,Silver,TV,Remote_Area,1085,CallCenter,Credit_Card,2,5,5,1,30-40,36.166666666666664,2.0,1.0,0.5,67,73,8569.76,0.25,1.0,0.5,0.0,0.0,0,0,0.0,0.0,0,0,0.0,17139.52,2,1,0.5,17139.52,2,1,0.5,0
LGS2ORD0018069,C013437,2025-05-24 02:00:00,Female,39,Silver,Web,Khon Kaen,946,Web,Credit_Card,2,5,5,1,30-40,31.533333333333335,3.0,0.0,0.0,-1,77,7174.4766666666665,0.15,0.3333333333333333,0.0,0.0,0.0,0,0,0.0,0.0,0,0,0.0,20061.28,2,0,0.0,21523.43,3,0,0.0,0
LGS2ORD0018070,C017128,2025-05-24 02:00:00,Male,18,Gold,CallCenter,Nakhon Ratchasima,1042,Web,Bank_Transfer,2,5,5,1,<20,34.733333333333334,0.0,0.0,0.0,-1,-1,0.0,0.0,0.0,0.0,0.0,0.0,0,0,0.0,0.0,0,0,0.0,0.0,0,0,0.0,0.0,0,0,0.0,0
LGS2ORD0018071,C010968,2025-05-24 02:00:00,Female,50,Bronze,CallCenter,Phuket,785,Web,COD,2,5,5,1,40-50,26.166666666666668,3.0,1.0,0.3333333333333333,121,28,2805.986666666666,0.28,0.6666666666666666,0.3333333333333333,0.0,0.0,0,0,0.0,3920.73,1,0,0.0,6717.1,2,0,0.0,8417.96,3,1,0.3333333333333333,0
LGS2ORD0018072,C017591,2025-05-24 03:00:00,Male,49,Bronze,Lazada,Remote_Area,998,Lazada,PromptPay,3,5,5,1,40-50,33.266666666666666,4.0,1.0,0.25,67,44,5764.01,0.28,0.25,0.5,0.0,0.0,0,0,0.0,0.0,0,0,0.0,23056.04,4,1,0.25,23056.04,4,1,0.25,0
LGS2ORD0018073,C015615,2025-05-24 03:00:00,Male,34,Platinum,TV,Bangkok,546,TV_Show,COD,3,5,5,1,30-40,18.2,1.0,0.0,0.0,-1,63,7038.04,0.15,0.0,0.0,0.0,0.0,0,0,0.0,0.0,0,0,0.0,7038.04,1,0,0.0,7038.04,1,0,0.0,0
LGS2ORD0018074,C015566,2025-05-24 03:00:00,Male,47,Bronze,TV,Bangkok,920,Lazada,COD,3,5,5,1,40-50,30.666666666666668,1.0,0.0,0.0,-1,141,8870.48,0.08,0.0,0.0,0.0,0.0,0,0,0.0,0.0,0,0,0.0,0.0,0,0,0.0,8870.48,1,0,0.0,0
LGS2ORD0018075,C016609,2025-05-24 03:00:00,Male,49,Platinum,Lazada,Bangkok,1125,Web,Bank_Transfer,3,5,5,1,40-50,37.5,2.0,0.0,0.0,-1,95,1094.17,0.35,0.0,0.5,0.0,0.0,0,0,0.0,0.0,0,0,0.0,0.0,0,0,0.0,2188.34,2,0,0.0,0
LGS2ORD0018076,C013813,2025-05-24 03:00:00,Female,41,Silver,TV,Nakhon Ratchasima,1500,TV_Show,COD,3,5,5,1,40-50,50.0,1.0,0.0,0.0,-1,116,457.01,0.2,0.0,0.0,0.0,0.0,0,0,0.0,0.0,0,0,0.0,0.0,0,0,0.0,457.01,1,0,0.0,0
LGS2ORD0018077,C014218,2025-05-24 04:00:00,Female,50,Bronze,TV,Chiang Mai,1153,Web,Bank_Transfer,4,5,5,1,40-50,38.43333333333333,1.0,0.0,0.0,-1,117,866.93,0.08,0.0,0.0,0.0,0.0,0,0,0.0,0.0,0,0,0.0,0.0,0,0,0.0,866.93,1,0,0.0,0
LGS2ORD0018078,C015279,2025-05-24 04:00:00,Female,53,Platinum,Web,Chiang Mai,158,Web,PromptPay,4,5,5,1,>50,5.266666666666667,0.0,0.0,0.0,-1,-1,0.0,0.0,0.0,0.0,0.0,0.0,0,0,0.0,0.0,0,0,0.0,0.0,0,0,0.0,0.0,0,0,0.0,1
LGS2ORD0018079,C014246,2025-05-24 04:00:00,Male,34,Silver,TV,Phuket,1360,CallCenter,COD,4,5,5,1,30-40,45.333333333333336,3.0,3.0,1.0,27,36,6945.943333333334,0.2,0.6666666666666666,0.0,0.0,0.0,0,0,0.0,0.0,0,0,0.0,19575.690000000002,2,2,1.0,20837.83,3,3,1.0,1
LGS2ORD0018080,C015372,2025-05-24 04:00:00,Male,39,Bronze,Web,Remote_Area,701,Web,Bank_Transfer,4,5,5,1,30-40,23.366666666666667,2.0,1.0,0.5,35,47,12991.829999999998,0.08,0.5,0.0,0.0,0.0,0,0,0.0,0.0,0,0,0.0,25983.659999999996,2,1,0.5,25983.659999999996,2,1,0.5,0
LGS2ORD0018081,C011568,2025-05-24 04:00:00,Female,43,Bronze,Web,Remote_Area,386,TV_Show,COD,4,5,5,1,40-50,12.866666666666667,5.0,1.0,0.2,119,51,5699.674000000001,0.28,0.4,0.4,0.0,0.0,0,0,0.0,0.0,0,0,0.0,4100.93,2,0,0.0,28498.370000000003,5,1,0.2,0
LGS2ORD0018082,C016443,2025-05-24 05:00:00,Male,44,Silver,Web,Bangkok,1582,Lazada,PromptPay,5,5,5,1,40-50,52.733333333333334,7.0,2.0,0.2857142857142857,58,49,6656.434285714285,0.25,0.7142857142857143,0.14285714285714285,0.0,0.0,0,0,0.0,0.0,0,0,0.0,42442.2,5,1,0.2,46595.03999999999,7,2,0.2857142857142857,1
LGS2ORD0018083,C015720,2025-05-24 05:00:00,Other,37,Bronze,Shopee,Remote_Area,1237,CallCenter,Credit_Card,5,5,5,1,30-40,41.233333333333334,5.0,1.0,0.2,62,74,2394.0299999999997,0.28,0.2,0.8,0.0,0.0,0,0,0.0,0.0,0,0,0.0,463.8,1,1,1.0,11970.15,5,1,0.2,0
LGS2ORD0018084,C015315,2025-05-24 05:00:00,Male,49,Bronze,TV,Chiang Mai,1303,Web,COD,5,5,5,1,40-50,43.43333333333333,4.0,2.0,0.5,88,27,2361.7,0.23,0.75,0.25,0.0,0.0,0,0,0.0,1653.38,1,0,0.0,1653.38,1,0,0.0,9446.8,4,2,0.5,0
LGS2ORD0018085,C015125,2025-05-24 05:00:00,Female,44,Bronze,Web,Nakhon Ratchasima,159,Web,COD,5,5,5,1,40-50,5.3,1.0,0.0,0.0,-1,130,3571.36,0.23,0.0,1.0,0.0,0.0,0,0,0.0,0.0,0,0,0.0,0.0,0,0,0.0,3571.36,1,0,0.0,0
LGS2ORD0018086,C015191,2025-05-24 05:00:00,Male,47,Silver,Lazada,Bangkok,827,TV_Show,Bank_Transfer,5,5,5,1,40-50,27.566666666666666,2.0,1.0,0.5,118,3,3526.3050000000003,0.2,1.0,0.0,0.0,549.05,1,0,0.0,549.05,1,0,0.0,549.05,1,0,0.0,7052.610000000001,2,1,0.5,0
LGS2ORD0018087,C016259,2025-05-24 05:00:00,Female,53,Silver,TV,Bangkok,1019,CallCenter,PromptPay,5,5,5,1,>50,33.96666666666667,4.0,1.0,0.25,96,26,7210.895,0.2,0.5,0.0,0.0,0.0,0,0,0.0,5051.32,1,0,0.0,10839.97,2,0,0.0,28843.58,4,1,0.25,0
LGS2ORD0018088,C012916,2025-05-24 06:00:00,Male,59,Silver,Web,Bangkok,740,Lazada,Credit_Card,6,5,5,1,>50,24.666666666666668,1.0,0.0,0.0,-1,84,3035.49,0.15,1.0,0.0,0.0,0.0,0,0,0.0,0.0,0,0,0.0,3035.49,1,0,0.0,3035.49,1,0,0.0,1
LGS2ORD0018089,C012267,2025-05-24 06:00:00,Female,25,Gold,TV,Bangkok,763,CallCenter,COD,6,5,5,1,20-30,25.433333333333334,3.0,1.0,0.3333333333333333,17,27,3440.846666666667,0.2299999999999999,0.6666666666666666,1.0,0.0,0.0,0,0,0.0,2998.23,1,1,1.0,9722.57,2,1,0.5,10322.54,3,1,0.3333333333333333,0
LGS2ORD0018090,C015357,2025-05-24 06:00:00,Male,48,Gold,TV,Nakhon Ratchasima,663,Shopee,COD,6,5,5,1,40-50,22.1,1.0,1.0,1.0,37,50,1648.58,0.28,0.0,1.0,0.0,0.0,0,0,0.0,0.0,0,0,0.0,1648.58,1,1,1.0,1648.58,1,1,1.0,1
LGS2ORD0018091,C013964,2025-05-24 06:00:00,Female,59,Gold,Shopee,Chiang Mai,394,Web,PromptPay,6,5,5,1,>50,13.133333333333333,1.0,0.0,0.0,-1,3,2613.08,0.13,0.0,0.0,0.0,2613.08,1,0,0.0,2613.08,1,0,0.0,2613.08,1,0,0.0,2613.08,1,0,0.0,0
LGS2ORD0018092,C010828,2025-05-24 06:00:00,Male,39,Bronze,Shopee,Remote_Area,1169,Lazada,Credit_Card,6,5,5,1,30-40,38.96666666666667,2.0,0.0,0.0,-1,49,2279.54,0.28,0.0,0.5,0.0,0.0,0,0,0.0,0.0,0,0,0.0,4559.08,2,0,0.0,4559.08,2,0,0.0,0
LGS2ORD0018093,C012877,2025-05-24 07:00:00,Male,31,Silver,Shopee,Phuket,246,Lazada,COD,7,5,5,1,30-40,8.2,1.0,0.0,0.0,-1,33,265.1,0.3,0.0,1.0,0.0,0.0,0,0,0.0,0.0,0,0,0.0,265.1,1,0,0.0,265.1,1,0,0.0,0
LGS2ORD0018094,C016926,2025-05-24 07:00:00,Male,67,Bronze,TV,Remote_Area,752,Web,COD,7,5,5,1,>50,25.066666666666666,1.0,0.0,0.0,-1,109,2777.57,0.08,1.0,0.0,0.0,0.0,0,0,0.0,0.0,0,0,0.0,0.0,0,0,0.0,2777.57,1,0,0.0,0
LGS2ORD0018095,C016983,2025-05-24 07:00:00,Female,59,Silver,Shopee,Remote_Area,1136,Shopee,COD,7,5,5,1,>50,37.86666666666667,3.0,1.0,0.3333333333333333,129,49,666.7633333333333,0.3,1.0,0.6666666666666666,0.0,0.0,0,0,0.0,0.0,0,0,0.0,1516.49,2,0,0.0,2000.29,3,1,0.3333333333333333,0
LGS2ORD0018096,C012988,2025-05-24 07:00:00,Male,48,Bronze,Shopee,Nakhon Ratchasima,1343,Web,COD,7,5,5,1,40-50,44.766666666666666,1.0,0.0,0.0,-1,75,281.58,0.03,1.0,0.0,0.0,0.0,0,0,0.0,0.0,0,0,0.0,281.58,1,0,0.0,281.58,1,0,0.0,0
LGS2ORD0018097,C012554,2025-05-24 07:00:00,Female,54,Bronze,Shopee,Chonburi,1497,TV_Show,Bank_Transfer,7,5,5,1,>50,49.9,3.0,1.0,0.3333333333333333,88,14,2713.73,0.23,0.6666666666666666,0.3333333333333333,0.0,0.0,0,0,0.0,4740.08,1,0,0.0,5311.61,2,0,0.0,8141.19,3,1,0.3333333333333333,1
LGS2ORD0018098,C013943,2025-05-24 08:00:00,Male,26,Bronze,Lazada,Chiang Mai,325,TV_Show,COD,8,5,5,1,20-30,10.833333333333334,2.0,0.0,0.0,-1,45,5197.41,0.18,0.5,0.0,0.0,0.0,0,0,0.0,0.0,0,0,0.0,10394.82,2,0,0.0,10394.82,2,0,0.0,1
LGS2ORD0018099,C015338,2025-05-24 08:00:00,Female,45,Silver,Web,Chonburi,351,Shopee,Credit_Card,8,5,5,1,40-50,11.7,2.0,0.0,0.0,-1,78,6447.81,0.2,0.0,0.0,0.0,0.0,0,0,0.0,0.0,0,0,0.0,12895.62,2,0,0.0,12895.62,2,0,0.0,0
LGS2ORD0018100,C011997,2025-05-24 08:00:00,Male,50,Silver,TV,Khon Kaen,905,CallCenter,COD,8,5,5,1,40-50,30.166666666666668,4.0,2.0,0.5,47,53,7748.137500000001,0.25,0.75,0.25,0.0,0.0,0,0,0.0,0.0,0,0,0.0,10079.42,2,1,0.5,30992.550000000003,4,2,0.5,1
LGS2ORD0018101,C014794,2025-05-24 08:00:00,Male,66,Bronze,CallCenter,Chiang Mai,1562,Web,Credit_Card,8,5,5,1,>50,52.06666666666667,2.0,0.0,0.0,-1,17,5684.0650000000005,0.18,1.0,0.0,0.0,0.0,0,0,0.0,11368.130000000001,2,0,0.0,11368.130000000001,2,0,0.0,11368.130000000001,2,0,0.0,1
LGS2ORD0018102,C015692,2025-05-24 08:00:00,Female,40,Bronze,TV,Bangkok,1057,Web,COD,8,5,5,1,30-40,35.233333333333334,5.0,1.0,0.2,68,5,2051.1459999999997,0.28,0.2,0.4,0.0,639.79,1,0,0.0,2074.71,2,0,0.0,7749.120000000001,4,1,0.25,10255.73,5,1,0.2,0
LGS2ORD0018103,C014627,2025-05-24 09:00:00,Female,36,Gold,Shopee,Chonburi,999,Web,COD,9,5,5,1,30-40,33.3,0.0,0.0,0.0,-1,-1,0.0,0.0,0.0,0.0,0.0,0.0,0,0,0.0,0.0,0,0,0.0,0.0,0,0,0.0,0.0,0,0,0.0,0
LGS2ORD0018104,C016864,2025-05-24 09:00:00,Female,56,Bronze,CallCenter,Nakhon Ratchasima,1215,Web,COD,9,5,5,1,>50,40.5,2.0,1.0,0.5,20,32,15158.88,0.23,1.0,0.5,0.0,0.0,0,0,0.0,0.0,0,0,0.0,30317.76,2,1,0.5,30317.76,2,1,0.5,0
LGS2ORD0018105,C017658,2025-05-24 09:00:00,Female,45,Bronze,Web,Chiang Mai,282,TV_Show,COD,9,5,5,1,40-50,9.4,1.0,0.0,0.0,-1,33,12620.11,0.18,1.0,0.0,0.0,0.0,0,0,0.0,0.0,0,0,0.0,12620.11,1,0,0.0,12620.11,1,0,0.0,0
LGS2ORD0018106,C014704,2025-05-24 09:00:00,Other,52,Bronze,Lazada,Bangkok,1600,Shopee,Bank_Transfer,9,5,5,1,>50,53.333333333333336,1.0,1.0,1.0,61,63,4184.25,0.03,0.0,0.0,0.0,0.0,0,0,0.0,0.0,0,0,0.0,4184.25,1,1,1.0,4184.25,1,1,1.0,0
LGS2ORD0018107,C013552,2025-05-24 09:00:00,Female,40,Silver,CallCenter,Bangkok,1203,TV_Show,COD,9,5,5,1,30-40,40.1,1.0,1.0,1.0,1,11,2265.85,0.1,1.0,0.0,0.0,0.0,0,0,0.0,2265.85,1,1,1.0,2265.85,1,1,1.0,2265.85,1,1,1.0,0
LGS2ORD0018108,C014699,2025-05-24 09:00:00,Male,34,Bronze,Web,Chiang Mai,391,Shopee,Credit_Card,9,5,5,1,30-40,13.033333333333333,3.0,2.0,0.6666666666666666,65,80,11101.283333333333,0.23,0.6666666666666666,0.3333333333333333,0.0,0.0,0,0,0.0,0.0,0,0,0.0,29624.7,2,1,0.5,33303.85,3,2,0.6666666666666666,0
LGS2ORD0018109,C014562,2025-05-24 10:00:00,Female,67,Silver,TV,Nakhon Ratchasima,1231,CallCenter,COD,10,5,5,1,>50,41.03333333333333,2.0,0.0,0.0,-1,4,1380.36,0.2,0.5,0.0,0.0,1657.37,1,0,0.0,1657.37,1,0,0.0,1657.37,1,0,0.0,2760.72,2,0,0.0,0
LGS2ORD0018110,C011514,2025-05-24 10:00:00,Female,25,Gold,Lazada,Bangkok,494,Web,PromptPay,10,5,5,1,20-30,16.466666666666665,2.0,1.0,0.5,6,17,4845.235000000001,0.18,1.0,0.0,0.0,0.0,0,0,0.0,1569.5,1,1,1.0,9690.470000000001,2,1,0.5,9690.470000000001,2,1,0.5,0
LGS2ORD0018111,C010914,2025-05-24 10:00:00,Female,36,Silver,Shopee,Khon Kaen,252,Web,PromptPay,10,5,5,1,30-40,8.4,1.0,0.0,0.0,-1,96,895.06,0.1,0.0,0.0,0.0,0.0,0,0,0.0,0.0,0,0,0.0,0.0,0,0,0.0,895.06,1,0,0.0,0
LGS2ORD0018112,C012220,2025-05-24 10:00:00,Male,52,Silver,TV,Bangkok,1154,TV_Show,Credit_Card,10,5,5,1,>50,38.46666666666667,1.0,0.0,0.0,-1,90,547.17,0.05,1.0,0.0,0.0,0.0,0,0,0.0,0.0,0,0,0.0,0.0,0,0,0.0,547.17,1,0,0.0,0
LGS2ORD0018113,C015661,2025-05-24 10:00:00,Female,54,Bronze,Shopee,Nakhon Ratchasima,992,TV_Show,COD,10,5,5,1,>50,33.06666666666667,2.0,0.0,0.0,-1,10,2905.5899999999997,0.08,0.5,0.0,0.0,0.0,0,0,0.0,5608.57,1,0,0.0,5811.179999999999,2,0,0.0,5811.179999999999,2,0,0.0,0
LGS2ORD0018114,C010696,2025-05-24 11:00:00,Female,52,Bronze,Web,Nakhon Ratchasima,343,Web,PromptPay,11,5,5,1,>50,11.433333333333334,4.0,0.0,0.0,-1,10,12652.637499999999,0.23,0.75,0.25,0.0,0.0,0,0,0.0,27008.58,2,0,0.0,50610.549999999996,4,0,0.0,50610.549999999996,4,0,0.0,0
LGS2ORD0018115,C014160,2025-05-24 11:00:00,Male,31,Bronze,Shopee,Phuket,1165,TV_Show,PromptPay,11,5,5,1,30-40,38.833333333333336,5.0,2.0,0.4,68,15,4137.608,0.23,0.6,0.4,0.0,0.0,0,0,0.0,4765.7,1,0,0.0,15020.009999999998,3,2,0.6666666666666666,20688.04,5,2,0.4,0
LGS2ORD0018116,C015806,2025-05-24 11:00:00,Female,45,Bronze,Shopee,Songkhla,428,CallCenter,Credit_Card,11,5,5,1,40-50,14.266666666666667,3.0,0.0,0.0,-1,6,4847.3966666666665,0.18,0.3333333333333333,0.0,0.0,2020.67,1,0,0.0,3634.67,2,0,0.0,3634.67,2,0,0.0,14542.19,3,0,0.0,0
LGS2ORD0018117,C016514,2025-05-24 11:00:00,Female,43,Platinum,Shopee,Bangkok,698,CallCenter,COD,11,5,5,1,40-50,23.266666666666666,3.0,1.0,0.3333333333333333,-14,3,2205.46,0.35,0.6666666666666666,0.6666666666666666,0.0,1395.29,1,1,1.0,1395.29,1,1,1.0,1395.29,1,1,1.0,6616.38,3,1,0.3333333333333333,0
LGS2ORD0018118,C010862,2025-05-24 11:00:00,Male,43,Platinum,Lazada,Chiang Mai,460,CallCenter,Credit_Card,11,5,5,1,40-50,15.333333333333334,0.0,0.0,0.0,-1,-1,0.0,0.0,0.0,0.0,0.0,0.0,0,0,0.0,0.0,0,0,0.0,0.0,0,0,0.0,0.0,0,0,0.0,0
LGS2ORD0018119,C015920,2025-05-24 12:00:00,Male,54,Silver,TV,Songkhla,1024,CallCenter,COD,12,5,5,1,>50,34.13333333333333,2.0,1.0,0.5,90,88,1265.69,0.2,0.5,0.0,0.0,0.0,0,0,0.0,0.0,0,0,0.0,319.1,1,0,0.0,2531.38,2,1,0.5,1
LGS2ORD0018120,C015652,2025-05-24 12:00:00,Female,34,Silver,Web,Remote_Area,1359,Shopee,COD,12,5,5,1,30-40,45.3,2.0,0.0,0.0,-1,77,13160.185000000001,0.15,0.5,0.0,0.0,0.0,0,0,0.0,0.0,0,0,0.0,6561.58,1,0,0.0,26320.370000000003,2,0,0.0,0
LGS2ORD0018121,C012027,2025-05-24 12:00:00,Female,41,Bronze,Shopee,Bangkok,1299,Web,Credit_Card,12,5,5,1,40-50,43.3,7.0,4.0,0.5714285714285714,-4,2,7238.835714285714,0.28,0.5714285714285714,0.5714285714285714,0.0,10302.47,1,1,1.0,19743.699999999997,3,3,1.0,24476.129999999997,5,4,0.8,50671.85,7,4,0.5714285714285714,0
LGS2ORD0018122,C014077,2025-05-24 12:00:00,Male,32,Platinum,CallCenter,Bangkok,1471,CallCenter,COD,12,5,5,1,30-40,49.03333333333333,1.0,0.0,0.0,-1,16,1679.12,0.1,0.0,0.0,0.0,0.0,0,0,0.0,1679.12,1,0,0.0,1679.12,1,0,0.0,1679.12,1,0,0.0,0
LGS2ORD0018123,C016089,2025-05-24 12:00:00,Female,40,Silver,TV,Chiang Mai,514,Lazada,PromptPay,12,5,5,1,30-40,17.133333333333333,1.0,1.0,1.0,36,50,26083.19,0.25,1.0,1.0,0.0,0.0,0,0,0.0,0.0,0,0,0.0,26083.19,1,1,1.0,26083.19,1,1,1.0,0
LGS2ORD0018124,C012286,2025-05-24 13:00:00,Male,52,Bronze,Web,Khon Kaen,318,Lazada,COD,13,5,5,1,>50,10.6,0.0,0.0,0.0,-1,-1,0.0,0.0,0.0,0.0,0.0,0.0,0,0,0.0,0.0,0,0,0.0,0.0,0,0,0.0,0.0,0,0,0.0,0
LGS2ORD0018125,C014640,2025-05-24 13:00:00,Female,57,Bronze,TV,Phuket,436,CallCenter,COD,13,5,5,1,>50,14.533333333333333,3.0,1.0,0.3333333333333333,97,87,6442.73,0.18,0.6666666666666666,0.0,0.0,0.0,0,0,0.0,0.0,0,0,0.0,1478.95,1,0,0.0,19328.19,3,1,0.3333333333333333,1
LGS2ORD0018126,C013913,2025-05-24 13:00:00,Male,41,Silver,TV,Bangkok,1558,Shopee,COD,13,5,5,1,40-50,51.93333333333333,3.0,0.0,0.0,-1,29,3006.2233333333334,0.15,0.6666666666666666,0.0,0.0,0.0,0,0,0.0,2680.94,1,0,0.0,9018.67,3,0,0.0,9018.67,3,0,0.0,0
LGS2ORD0018127,C016594,2025-05-24 13:00:00,Female,43,Bronze,Lazada,Nakhon Ratchasima,1435,CallCenter,COD,13,5,5,1,40-50,47.833333333333336,4.0,0.0,0.0,-1,73,14388.3475,0.28,0.5,0.5,0.0,0.0,0,0,0.0,0.0,0,0,0.0,45181.69,1,0,0.0,57553.39,4,0,0.0,0
LGS2ORD0018128,C015871,2025-05-24 13:00:00,Female,36,Bronze,CallCenter,Bangkok,869,Web,PromptPay,13,5,5,1,30-40,28.966666666666665,5.0,1.0,0.2,92,26,3517.446,0.28,0.6,0.4,0.0,0.0,0,0,0.0,6148.72,1,0,0.0,11881.14,3,0,0.0,17587.23,5,1,0.2,1
LGS2ORD0018129,C017401,2025-05-24 13:00:00,Male,36,Bronze,TV,Nakhon Ratchasima,1562,Shopee,COD,13,5,5,1,30-40,52.06666666666667,0.0,0.0,0.0,-1,-1,0.0,0.0,0.0,0.0,0.0,0.0,0,0,0.0,0.0,0,0,0.0,0.0,0,0,0.0,0.0,0,0,0.0,1
LGS2ORD0018130,C017306,2025-05-24 14:00:00,Female,22,Silver,Shopee,Chiang Mai,827,TV_Show,PromptPay,14,5,5,1,20-30,27.566666666666666,1.0,0.0,0.0,-1,140,2855.15,0.15,0.0,0.0,0.0,0.0,0,0,0.0,0.0,0,0,0.0,0.0,0,0,0.0,2855.15,1,0,0.0,1
LGS2ORD0018131,C013044,2025-05-24 14:00:00,Female,34,Bronze,Web,Remote_Area,1109,Lazada,Bank_Transfer,14,5,5,1,30-40,36.96666666666667,4.0,2.0,0.5,4,20,7748.86,0.28,0.0,0.5,0.0,0.0,0,0,0.0,628.6,1,1,1.0,2328.05,2,1,0.5,30995.44,4,2,0.5,0
LGS2ORD0018132,C014789,2025-05-24 14:00:00,Female,43,Silver,TV,Remote_Area,304,Lazada,COD,14,5,5,1,40-50,10.133333333333333,1.0,0.0,0.0,-1,12,3405.92,0.15,0.0,0.0,0.0,0.0,0,0,0.0,3405.92,1,0,0.0,3405.92,1,0,0.0,3405.92,1,0,0.0,1
LGS2ORD0018133,C017621,2025-05-24 14:00:00,Female,51,Gold,Web,Chonburi,1239,Shopee,Bank_Transfer,14,5,5,1,>50,41.3,0.0,0.0,0.0,-1,-1,0.0,0.0,0.0,0.0,0.0,0.0,0,0,0.0,0.0,0,0,0.0,0.0,0,0,0.0,0.0,0,0,0.0,0
LGS2ORD0018134,C015162,2025-05-24 14:00:00,Female,47,Bronze,Web,Nakhon Ratchasima,615,TV_Show,Bank_Transfer,14,5,5,1,40-50,20.5,3.0,0.0,0.0,-1,27,6239.056666666666,0.18,0.3333333333333333,0.0,0.0,0.0,0,0,0.0,12946.62,1,0,0.0,17090.940000000002,2,0,0.0,18717.17,3,0,0.0,0
LGS2ORD0018135,C011140,2025-05-24 15:00:00,Female,23,Platinum,TV,Chonburi,1081,TV_Show,Credit_Card,15,5,5,1,20-30,36.03333333333333,3.0,0.0,0.0,-1,11,5888.483333333333,0.3,0.3333333333333333,0.3333333333333333,0.0,0.0,0,0,0.0,12256.7,2,0,0.0,12256.7,2,0,0.0,17665.449999999997,3,0,0.0,0
LGS2ORD0018136,C011219,2025-05-24 15:00:00,Male,54,Silver,Web,Chiang Mai,647,Lazada,COD,15,5,5,1,>50,21.566666666666666,2.0,0.0,0.0,-1,19,7816.725,0.1,0.0,0.0,0.0,0.0,0,0,0.0,7418.14,1,0,0.0,15633.45,2,0,0.0,15633.45,2,0,0.0,1
LGS2ORD0018137,C011864,2025-05-24 15:00:00,Female,32,Bronze,Lazada,Khon Kaen,229,Lazada,Credit_Card,15,5,5,1,30-40,7.633333333333334,2.0,0.0,0.0,-1,16,3410.465,0.28,1.0,0.5,0.0,0.0,0,0,0.0,2854.48,1,0,0.0,2854.48,1,0,0.0,6820.93,2,0,0.0,0
LGS2ORD0018138,C017869,2025-05-24 15:00:00,Male,43,Silver,TV,Songkhla,226,Lazada,PromptPay,15,5,5,1,40-50,7.533333333333333,4.0,0.0,0.0,-1,21,3106.7425000000003,0.3,0.5,0.5,0.0,0.0,0,0,0.0,11374.19,2,0,0.0,11374.19,2,0,0.0,12426.970000000001,4,0,0.0,0
LGS2ORD0018139,C011257,2025-05-24 15:00:00,Male,23,Silver,CallCenter,Remote_Area,229,TV_Show,PromptPay,15,5,5,1,20-30,7.633333333333334,2.0,0.0,0.0,-1,97,1580.145,0.2,0.5,0.0,0.0,0.0,0,0,0.0,0.0,0,0,0.0,0.0,0,0,0.0,3160.29,2,0,0.0,0
LGS2ORD0018140,C011763,2025-05-24 16:00:00,Male,50,Silver,TV,Bangkok,925,Lazada,COD,16,5,5,1,40-50,30.833333333333332,6.0,2.0,0.3333333333333333,12,10,3923.7450000000003,0.3,0.3333333333333333,0.16666666666666666,0.0,0.0,0,0,0.0,9771.32,2,1,0.5,22933.22,5,2,0.4,23542.47,6,2,0.3333333333333333,0
LGS2ORD0018141,C016561,2025-05-24 16:00:00,Female,48,Bronze,Lazada,Remote_Area,742,TV_Show,Credit_Card,16,5,5,1,40-50,24.733333333333334,1.0,1.0,1.0,110,123,13338.98,0.23,0.0,1.0,0.0,0.0,0,0,0.0,0.0,0,0,0.0,0.0,0,0,0.0,13338.98,1,1,1.0,0
LGS2ORD0018142,C012143,2025-05-24 16:00:00,Female,50,Silver,Lazada,Nakhon Ratchasima,167,TV_Show,Credit_Card,16,5,5,1,40-50,5.566666666666666,1.0,0.0,0.0,-1,90,3230.55,0.15,0.0,0.0,0.0,0.0,0,0,0.0,0.0,0,0,0.0,0.0,0,0,0.0,3230.55,1,0,0.0,0
LGS2ORD0018143,C012236,2025-05-24 16:00:00,Male,25,Bronze,Shopee,Nakhon Ratchasima,548,Shopee,Credit_Card,16,5,5,1,20-30,18.266666666666666,6.0,0.0,0.0,-1,0,5447.606666666667,0.28,0.16666666666666666,0.16666666666666666,0.0,21880.27,2,0,0.0,21880.27,2,0,0.0,22299.16,3,0,0.0,32685.64,6,0,0.0,0
LGS2ORD0018144,C015928,2025-05-24 16:00:00,Male,66,Bronze,Shopee,Bangkok,1404,Web,COD,16,5,5,1,>50,46.8,0.0,0.0,0.0,-1,-1,0.0,0.0,0.0,0.0,0.0,0.0,0,0,0.0,0.0,0,0,0.0,0.0,0,0,0.0,0.0,0,0,0.0,0
LGS2ORD0018145,C016623,2025-05-24 17:00:00,Female,52,Gold,TV,Phuket,456,TV_Show,PromptPay,17,5,5,1,>50,15.2,4.0,0.0,0.0,-1,41,3531.3275,0.2299999999999999,0.25,0.25,0.0,0.0,0,0,0.0,0.0,0,0,0.0,11306.75,2,0,0.0,14125.31,4,0,0.0,1
LGS2ORD0018146,C012374,2025-05-24 17:00:00,Male,40,Bronze,Lazada,Remote_Area,482,TV_Show,COD,17,5,5,1,30-40,16.066666666666666,4.0,2.0,0.5,59,19,7390.852500000001,0.18,0.5,0.0,0.0,0.0,0,0,0.0,1295.81,1,0,0.0,10226.9,2,1,0.5,29563.410000000003,4,2,0.5,0
LGS2ORD0018147,C014901,2025-05-24 17:00:00,Female,28,Bronze,TV,Bangkok,1314,CallCenter,Credit_Card,17,5,5,1,20-30,43.8,1.0,0.0,0.0,-1,124,6421.24,0.03,1.0,0.0,0.0,0.0,0,0,0.0,0.0,0,0,0.0,0.0,0,0,0.0,6421.24,1,0,0.0,0
LGS2ORD0018148,C016371,2025-05-24 17:00:00,Female,38,Silver,TV,Bangkok,1436,Lazada,Bank_Transfer,17,5,5,1,30-40,47.86666666666667,2.0,0.0,0.0,-1,75,4423.62,0.25,0.5,0.5,0.0,0.0,0,0,0.0,0.0,0,0,0.0,7319.68,1,0,0.0,8847.24,2,0,0.0,0
LGS2ORD0018149,C015913,2025-05-24 17:00:00,Male,40,Silver,Web,Chonburi,1096,CallCenter,COD,17,5,5,1,30-40,36.53333333333333,0.0,0.0,0.0,-1,-1,0.0,0.0,0.0,0.0,0.0,0.0,0,0,0.0,0.0,0,0,0.0,0.0,0,0,0.0,0.0,0,0,0.0,0
LGS2ORD0018150,C015204,2025-05-24 17:00:00,Female,53,Gold,CallCenter,Chiang Mai,442,TV_Show,COD,17,5,5,1,>50,14.733333333333333,2.0,1.0,0.5,56,66,764.7349999999999,0.2299999999999999,0.0,1.0,0.0,0.0,0,0,0.0,0.0,0,0,0.0,1529.4699999999998,2,1,0.5,1529.4699999999998,2,1,0.5,1
LGS2ORD0018151,C017276,2025-05-24 18:00:00,Female,37,Bronze,Web,Bangkok,915,CallCenter,COD,18,5,5,1,30-40,30.5,3.0,1.0,0.3333333333333333,98,7,9079.213333333333,0.18,0.6666666666666666,0.0,0.0,0.0,0,0,0.0,19878.53,1,0,0.0,19878.53,1,0,0.0,27237.64,3,1,0.3333333333333333,0
LGS2ORD0018152,C011542,2025-05-24 18:00:00,Female,34,Bronze,TV,Songkhla,295,Lazada,Credit_Card,18,5,5,1,30-40,9.833333333333334,0.0,0.0,0.0,-1,-1,0.0,0.0,0.0,0.0,0.0,0.0,0,0,0.0,0.0,0,0,0.0,0.0,0,0,0.0,0.0,0,0,0.0,0
LGS2ORD0018153,C014516,2025-05-24 18:00:00,Other,57,Bronze,Lazada,Chonburi,914,TV_Show,COD,18,5,5,1,>50,30.466666666666665,2.0,1.0,0.5,104,62,2865.67,0.28,1.0,0.5,0.0,0.0,0,0,0.0,0.0,0,0,0.0,580.5,1,0,0.0,5731.34,2,1,0.5,0
LGS2ORD0018154,C010337,2025-05-24 18:00:00,Male,56,Bronze,TV,Chonburi,1397,Web,Credit_Card,18,5,5,1,>50,46.56666666666667,3.0,1.0,0.3333333333333333,86,7,5256.633333333333,0.23,0.3333333333333333,0.6666666666666666,0.0,0.0,0,0,0.0,1084.22,1,0,0.0,1084.22,1,0,0.0,15769.9,3,1,0.3333333333333333,0
LGS2ORD0018155,C015148,2025-05-24 18:00:00,Female,35,Bronze,TV,Phuket,1411,Lazada,COD,18,5,5,1,30-40,47.03333333333333,5.0,1.0,0.2,71,79,4314.776,0.23,0.6,0.2,0.0,0.0,0,0,0.0,0.0,0,0,0.0,15691.88,3,1,0.3333333333333333,21573.879999999997,5,1,0.2,0
LGS2ORD0018156,C014443,2025-05-24 19:00:00,Male,47,Silver,TV,Remote_Area,1500,CallCenter,Credit_Card,19,5,5,1,40-50,50.0,7.0,4.0,0.5714285714285714,-6,7,10379.605714285713,0.3,0.8571428571428571,0.5714285714285714,0.0,0.0,0,0,0.0,19275.38,3,2,0.6666666666666666,71746.76,6,4,0.6666666666666666,72657.23999999999,7,4,0.5714285714285714,0
LGS2ORD0018157,C012700,2025-05-24 19:00:00,Male,34,Platinum,TV,Chiang Mai,498,Web,COD,19,5,5,1,30-40,16.6,5.0,2.0,0.4,104,7,3302.8839999999996,0.35,0.6,0.8,0.0,0.0,0,0,0.0,1322.01,1,0,0.0,4266.81,2,0,0.0,16514.42,5,2,0.4,0
LGS2ORD0018158,C015662,2025-05-24 19:00:00,Female,42,Silver,Web,Chonburi,296,Shopee,COD,19,5,5,1,40-50,9.866666666666667,0.0,0.0,0.0,-1,-1,0.0,0.0,0.0,0.0,0.0,0.0,0,0,0.0,0.0,0,0,0.0,0.0,0,0,0.0,0.0,0,0,0.0,1
LGS2ORD0018159,C017204,2025-05-24 19:00:00,Female,45,Bronze,Lazada,Chonburi,438,Web,COD,19,5,5,1,40-50,14.6,5.0,1.0,0.2,112,12,3529.4980000000005,0.28,0.4,0.4,0.0,0.0,0,0,0.0,4291.65,2,0,0.0,4291.65,2,0,0.0,17647.49,5,1,0.2,0
LGS2ORD0018160,C010526,2025-05-24 19:00:00,Male,48,Bronze,Lazada,Khon Kaen,965,Web,COD,19,5,5,1,40-50,32.166666666666664,3.0,0.0,0.0,-1,49,16119.046666666667,0.08,0.0,0.0,0.0,0.0,0,0,0.0,0.0,0,0,0.0,46378.44,2,0,0.0,48357.14,3,0,0.0,0
LGS2ORD0018161,C017059,2025-05-24 20:00:00,Male,47,Bronze,CallCenter,Nakhon Ratchasima,1103,CallCenter,COD,20,5,5,1,40-50,36.766666666666666,4.0,1.0,0.25,22,31,2916.29,0.23,0.75,0.25,0.0,0.0,0,0,0.0,0.0,0,0,0.0,8358.97,3,1,0.3333333333333333,11665.16,4,1,0.25,0
LGS2ORD0018162,C016518,2025-05-24 20:00:00,Female,30,Bronze,TV,Phuket,1114,Shopee,Credit_Card,20,5,5,1,20-30,37.13333333333333,6.0,2.0,0.3333333333333333,23,31,3375.7016666666673,0.08,0.3333333333333333,0.0,0.0,0.0,0,0,0.0,0.0,0,0,0.0,19062.030000000002,5,1,0.2,20254.210000000003,6,2,0.3333333333333333,0
LGS2ORD0018163,C013595,2025-05-24 20:00:00,Female,52,Gold,Lazada,Nakhon Ratchasima,424,TV_Show,COD,20,5,5,1,>50,14.133333333333333,2.0,0.0,0.0,-1,63,5675.935,0.28,0.0,0.5,0.0,0.0,0,0,0.0,0.0,0,0,0.0,436.7,1,0,0.0,11351.87,2,0,0.0,0
LGS2ORD0018164,C010822,2025-05-24 20:00:00,Male,25,Bronze,Web,Chiang Mai,1272,Shopee,Credit_Card,20,5,5,1,20-30,42.4,4.0,0.0,0.0,-1,33,8874.2075,0.23,0.0,0.25,0.0,0.0,0,0,0.0,0.0,0,0,0.0,27725.239999999998,3,0,0.0,35496.83,4,0,0.0,0
LGS2ORD0018165,C015286,2025-05-24 20:00:00,Female,32,Gold,CallCenter,Chiang Mai,998,TV_Show,COD,20,5,5,1,30-40,33.266666666666666,3.0,0.0,0.0,-1,42,3104.0333333333333,0.33,0.0,0.3333333333333333,0.0,0.0,0,0,0.0,0.0,0,0,0.0,3732.03,1,0,0.0,9312.1,3,0,0.0,0
LGS2ORD0018166,C012636,2025-05-24 21:00:00,Female,53,Bronze,TV,Nakhon Ratchasima,445,TV_Show,Credit_Card,21,5,5,1,>50,14.833333333333334,5.0,1.0,0.2,-4,8,3272.0700000000006,0.18,0.4,0.0,0.0,0.0,0,0,0.0,6876.679999999999,2,1,0.5,14516.460000000001,4,1,0.25,16360.350000000002,5,1,0.2,0
LGS2ORD0018167,C011916,2025-05-24 21:00:00,Male,55,Bronze,TV,Songkhla,904,CallCenter,Credit_Card,21,5,5,1,>50,30.133333333333333,4.0,1.0,0.25,64,20,5670.717500000001,0.08,1.0,0.0,0.0,0.0,0,0,0.0,3179.79,1,0,0.0,21541.28,3,1,0.3333333333333333,22682.870000000003,4,1,0.25,1
LGS2ORD0018168,C015503,2025-05-24 21:00:00,Female,46,Bronze,Lazada,Remote_Area,809,Web,COD,21,5,5,1,40-50,26.966666666666665,0.0,0.0,0.0,-1,-1,0.0,0.0,0.0,0.0,0.0,0.0,0,0,0.0,0.0,0,0,0.0,0.0,0,0,0.0,0.0,0,0,0.0,0
LGS2ORD0018169,C013768,2025-05-24 21:00:00,Male,39,Platinum,Lazada,Chiang Mai,1176,Web,COD,21,5,5,1,30-40,39.2,2.0,2.0,1.0,103,115,2808.2,0.25,1.0,1.0,0.0,0.0,0,0,0.0,0.0,0,0,0.0,0.0,0,0,0.0,5616.4,2,2,1.0,0
LGS2ORD0018170,C012495,2025-05-24 21:00:00,Female,38,Silver,Shopee,Nakhon Ratchasima,779,Web,Credit_Card,21,5,5,1,30-40,25.966666666666665,2.0,1.0,0.5,11,20,3373.875,0.25,1.0,0.5,0.0,0.0,0,0,0.0,6747.75,2,1,0.5,6747.75,2,1,0.5,6747.75,2,1,0.5,0
LGS2ORD0018171,C015013,2025-05-24 21:00:00,Male,51,Bronze,TV,Bangkok,497,CallCenter,COD,21,5,5,1,>50,16.566666666666666,1.0,0.0,0.0,-1,94,5809.55,0.28,0.0,1.0,0.0,0.0,0,0,0.0,0.0,0,0,0.0,0.0,0,0,0.0,5809.55,1,0,0.0,0
LGS2ORD0018172,C013079,2025-05-24 22:00:00,Male,35,Platinum,Shopee,Chiang Mai,490,TV_Show,Credit_Card,22,5,5,1,30-40,16.333333333333332,1.0,0.0,0.0,-1,132,1143.8,0.25,0.0,1.0,0.0,0.0,0,0,0.0,0.0,0,0,0.0,0.0,0,0,0.0,1143.8,1,0,0.0,0
LGS2ORD0018173,C010170,2025-05-24 22:00:00,Male,36,Silver,Lazada,Bangkok,794,Lazada,PromptPay,22,5,5,1,30-40,26.466666666666665,2.0,0.0,0.0,-1,27,732.275,0.15,0.0,0.0,0.0,0.0,0,0,0.0,198.84,1,0,0.0,1464.55,2,0,0.0,1464.55,2,0,0.0,0
LGS2ORD0018174,C016231,2025-05-24 22:00:00,Female,34,Bronze,TV,Songkhla,1280,CallCenter,COD,22,5,5,1,30-40,42.666666666666664,1.0,0.0,0.0,-1,43,1892.75,0.03,0.0,0.0,0.0,0.0,0,0,0.0,0.0,0,0,0.0,1892.75,1,0,0.0,1892.75,1,0,0.0,1
LGS2ORD0018175,C017829,2025-05-24 22:00:00,Female,72,Bronze,TV,Phuket,453,Shopee,COD,22,5,5,1,>50,15.1,2.0,0.0,0.0,-1,3,5923.639999999999,0.08,0.0,0.0,0.0,5217.5,1,0,0.0,11847.279999999999,2,0,0.0,11847.279999999999,2,0,0.0,11847.279999999999,2,0,0.0,1
LGS2ORD0018176,C015024,2025-05-24 22:00:00,Male,27,Bronze,Web,Songkhla,1333,Lazada,COD,22,5,5,1,20-30,44.43333333333333,4.0,2.0,0.5,15,24,4820.5775,0.23,1.0,0.25,0.0,0.0,0,0,0.0,11855.99,1,1,1.0,16189.630000000001,2,2,1.0,19282.31,4,2,0.5,0
LGS2ORD0018177,C011406,2025-05-24 23:00:00,Female,60,Gold,TV,Phuket,603,Lazada,PromptPay,23,5,5,1,>50,20.1,0.0,0.0,0.0,-1,-1,0.0,0.0,0.0,0.0,0.0,0.0,0,0,0.0,0.0,0,0,0.0,0.0,0,0,0.0,0.0,0,0,0.0,0
LGS2ORD0018178,C015639,2025-05-24 23:00:00,Female,46,Gold,Web,Bangkok,458,Web,COD,23,5,5,1,40-50,15.266666666666667,2.0,0.0,0.0,-1,109,15463.155,0.18,1.0,0.0,0.0,0.0,0,0,0.0,0.0,0,0,0.0,0.0,0,0,0.0,30926.31,2,0,0.0,1
LGS2ORD0018179,C017520,2025-05-24 23:00:00,Male,48,Bronze,Web,Chiang Mai,1044,CallCenter,COD,23,5,5,1,40-50,34.8,3.0,1.0,0.3333333333333333,138,48,10693.936666666666,0.08,0.6666666666666666,0.0,0.0,0.0,0,0,0.0,0.0,0,0,0.0,27452.1,2,0,0.0,32081.81,3,1,0.3333333333333333,0
LGS2ORD0018180,C013396,2025-05-24 23:00:00,Female,49,Gold,Shopee,Phuket,1595,Lazada,COD,23,5,5,1,40-50,53.166666666666664,4.0,1.0,0.25,68,18,7170.407499999999,0.28,0.75,1.0,0.0,0.0,0,0,0.0,19636.92,1,0,0.0,20933.519999999997,3,1,0.3333333333333333,28681.629999999997,4,1,0.25,0
LGS2ORD0018181,C017922,2025-05-24 23:00:00,Male,42,Bronze,CallCenter,Khon Kaen,995,Shopee,COD,23,5,5,1,40-50,33.166666666666664,5.0,1.0,0.2,115,29,2566.026,0.18,0.2,0.0,0.0,0.0,0,0,0.0,3564.49,1,0,0.0,11423.34,4,0,0.0,12830.13,5,1,0.2,0
LGS2ORD0018182,C012588,2025-05-25 00:00:00,Female,26,Platinum,Web,Chonburi,1589,Web,Credit_Card,0,5,6,1,20-30,52.96666666666667,1.0,0.0,0.0,-1,130,2192.78,0.2,0.0,0.0,0.0,0.0,0,0,0.0,0.0,0,0,0.0,0.0,0,0,0.0,2192.78,1,0,0.0,1
LGS2ORD0018183,C013445,2025-05-25 00:00:00,Female,48,Silver,Shopee,Chonburi,466,Web,COD,0,5,6,1,40-50,15.533333333333333,2.0,0.0,0.0,-1,103,4059.5699999999997,0.25,0.0,0.5,0.0,0.0,0,0,0.0,0.0,0,0,0.0,0.0,0,0,0.0,8119.139999999999,2,0,0.0,1
LGS2ORD0018184,C010428,2025-05-25 00:00:00,Female,23,Silver,Lazada,Bangkok,1192,Shopee,COD,0,5,6,1,20-30,39.733333333333334,2.0,0.0,0.0,-1,1,2055.785,0.1,0.5,0.0,0.0,1930.5,1,0,0.0,1930.5,1,0,0.0,1930.5,1,0,0.0,4111.57,2,0,0.0,1
LGS2ORD0018185,C017805,2025-05-25 00:00:00,Female,31,Bronze,TV,Songkhla,714,Lazada,Credit_Card,0,5,6,1,30-40,23.8,0.0,0.0,0.0,-1,-1,0.0,0.0,0.0,0.0,0.0,0.0,0,0,0.0,0.0,0,0,0.0,0.0,0,0,0.0,0.0,0,0,0.0,0
LGS2ORD0018186,C010040,2025-05-25 00:00:00,Male,56,Bronze,TV,Remote_Area,737,CallCenter,COD,0,5,6,1,>50,24.566666666666666,1.0,0.0,0.0,-1,15,692.15,0.28,1.0,1.0,0.0,0.0,0,0,0.0,692.15,1,0,0.0,692.15,1,0,0.0,692.15,1,0,0.0,1
LGS2ORD0018187,C014602,2025-05-25 01:00:00,Female,52,Gold,TV,Nakhon Ratchasima,1420,Web,Credit_Card,1,5,6,1,>50,47.333333333333336,1.0,1.0,1.0,49,53,2671.51,0.2299999999999999,0.0,1.0,0.0,0.0,0,0,0.0,0.0,0,0,0.0,2671.51,1,1,1.0,2671.51,1,1,1.0,0
LGS2ORD0018188,C010822,2025-05-25 01:00:00,Male,25,Bronze,Web,Chiang Mai,1273,Shopee,Credit_Card,1,5,6,1,20-30,42.43333333333333,5.0,0.0,0.0,-1,0,7359.462000000001,0.23,0.0,0.2,0.0,1300.48,1,0,0.0,1300.48,1,0,0.0,29025.719999999998,4,0,0.0,36797.310000000005,5,0,0.0,0
LGS2ORD0018189,C015752,2025-05-25 01:00:00,Female,57,Bronze,CallCenter,Remote_Area,1025,Lazada,COD,1,5,6,1,>50,34.166666666666664,6.0,3.0,0.5,-3,5,12027.45833333333,0.13,0.5,0.0,0.0,401.31,1,1,1.0,401.31,1,1,1.0,30434.18,2,1,0.5,72164.74999999999,6,3,0.5,0
LGS2ORD0018190,C015448,2025-05-25 01:00:00,Female,36,Silver,Shopee,Chiang Mai,205,CallCenter,COD,1,5,6,1,30-40,6.833333333333333,4.0,0.0,0.0,-1,47,8278.747500000001,0.25,0.75,0.25,0.0,0.0,0,0,0.0,0.0,0,0,0.0,17589.72,2,0,0.0,33114.990000000005,4,0,0.0,0
LGS2ORD0018191,C015495,2025-05-25 01:00:00,Male,51,Silver,Web,Bangkok,208,TV_Show,Bank_Transfer,1,5,6,1,>50,6.933333333333334,0.0,0.0,0.0,-1,-1,0.0,0.0,0.0,0.0,0.0,0.0,0,0,0.0,0.0,0,0,0.0,0.0,0,0,0.0,0.0,0,0,0.0,0
LGS2ORD0018192,C012560,2025-05-25 01:00:00,Female,37,Silver,Web,Phuket,414,Shopee,COD,1,5,6,1,30-40,13.8,4.0,1.0,0.25,59,32,7031.41,0.2,1.0,0.0,0.0,0.0,0,0,0.0,0.0,0,0,0.0,21030.34,3,1,0.3333333333333333,28125.64,4,1,0.25,1
LGS2ORD0018193,C014357,2025-05-25 02:00:00,Female,39,Silver,TV,Songkhla,1031,TV_Show,COD,2,5,6,1,30-40,34.36666666666667,1.0,0.0,0.0,-1,4,4051.81,0.15,0.0,0.0,0.0,4051.81,1,0,0.0,4051.81,1,0,0.0,4051.81,1,0,0.0,4051.81,1,0,0.0,0
LGS2ORD0018194,C011426,2025-05-25 02:00:00,Male,48,Silver,TV,Nakhon Ratchasima,719,CallCenter,PromptPay,2,5,6,1,40-50,23.966666666666665,3.0,1.0,0.3333333333333333,0,12,906.2333333333332,0.2,0.6666666666666666,0.0,0.0,0.0,0,0,0.0,1429.32,1,1,1.0,1429.32,1,1,1.0,2718.7,3,1,0.3333333333333333,0
LGS2ORD0018195,C015628,2025-05-25 02:00:00,Female,33,Bronze,TV,Khon Kaen,447,Lazada,PromptPay,2,5,6,1,30-40,14.9,4.0,1.0,0.25,48,8,6281.335000000001,0.23,0.5,0.25,0.0,0.0,0,0,0.0,8673.17,1,0,0.0,25125.340000000004,4,1,0.25,25125.340000000004,4,1,0.25,0
LGS2ORD0018196,C011469,2025-05-25 02:00:00,Male,27,Silver,Web,Songkhla,666,Lazada,COD,2,5,6,1,20-30,22.2,4.0,1.0,0.25,104,33,12988.0325,0.3,0.75,0.25,0.0,0.0,0,0,0.0,0.0,0,0,0.0,24940.77,2,0,0.0,51952.13,4,1,0.25,0
LGS2ORD0018197,C016553,2025-05-25 02:00:00,Female,27,Bronze,Shopee,Bangkok,457,Shopee,COD,2,5,6,1,20-30,15.233333333333333,0.0,0.0,0.0,-1,-1,0.0,0.0,0.0,0.0,0.0,0.0,0,0,0.0,0.0,0,0,0.0,0.0,0,0,0.0,0.0,0,0,0.0,0
LGS2ORD0018198,C017799,2025-05-25 03:00:00,Female,43,Gold,Lazada,Khon Kaen,1370,TV_Show,Bank_Transfer,3,5,6,1,40-50,45.666666666666664,2.0,0.0,0.0,-1,32,14747.88,0.13,0.5,0.0,0.0,0.0,0,0,0.0,0.0,0,0,0.0,29495.76,2,0,0.0,29495.76,2,0,0.0,0
LGS2ORD0018199,C011974,2025-05-25 03:00:00,Male,37,Silver,TV,Khon Kaen,840,Shopee,Bank_Transfer,3,5,6,1,30-40,28.0,3.0,1.0,0.3333333333333333,56,63,3004.1633333333334,0.2,0.0,0.0,0.0,0.0,0,0,0.0,0.0,0,0,0.0,1372.9499999999998,2,1,0.5,9012.49,3,1,0.3333333333333333,0
LGS2ORD0018200,C015327,2025-05-25 03:00:00,Male,58,Platinum,TV,Phuket,1244,TV_Show,COD,3,5,6,1,>50,41.46666666666667,2.0,1.0,0.5,14,25,1857.975,0.25,0.5,0.5,0.0,0.0,0,0,0.0,748.49,1,1,1.0,748.49,1,1,1.0,3715.95,2,1,0.5,1
LGS2ORD0018201,C012282,2025-05-25 03:00:00,Female,20,Silver,TV,Phuket,911,Web,Credit_Card,3,5,6,1,<20,30.366666666666667,4.0,1.0,0.25,70,12,2338.375,0.3,0.75,0.25,0.0,0.0,0,0,0.0,355.26,1,0,0.0,9353.5,4,1,0.25,9353.5,4,1,0.25,0
LGS2ORD0018202,C011150,2025-05-25 03:00:00,Male,63,Bronze,Shopee,Bangkok,1278,TV_Show,PromptPay,3,5,6,1,>50,42.6,2.0,0.0,0.0,-1,20,1996.17,0.23,0.5,0.5,0.0,0.0,0,0,0.0,2068.12,1,0,0.0,2068.12,1,0,0.0,3992.34,2,0,0.0,0
LGS2ORD0018203,C015391,2025-05-25 04:00:00,Male,64,Gold,Web,Bangkok,348,Shopee,Credit_Card,4,5,6,1,>50,11.6,3.0,0.0,0.0,-1,11,1612.9933333333336,0.2299999999999999,0.3333333333333333,0.3333333333333333,0.0,0.0,0,0,0.0,1692.9499999999998,2,0,0.0,1692.9499999999998,2,0,0.0,4838.9800000000005,3,0,0.0,0
LGS2ORD0018204,C012769,2025-05-25 04:00:00,Male,57,Bronze,TV,Remote_Area,1452,CallCenter,COD,4,5,6,1,>50,48.4,2.0,2.0,1.0,28,41,16340.85,0.13,1.0,0.0,0.0,0.0,0,0,0.0,0.0,0,0,0.0,32681.7,2,2,1.0,32681.7,2,2,1.0,0
LGS2ORD0018205,C012056,2025-05-25 04:00:00,Female,37,Silver,Shopee,Nakhon Ratchasima,1569,CallCenter,COD,4,5,6,1,30-40,52.3,2.0,0.0,0.0,-1,17,15903.96,0.2,0.0,0.0,0.0,0.0,0,0,0.0,31807.92,2,0,0.0,31807.92,2,0,0.0,31807.92,2,0,0.0,0
LGS2ORD0018206,C014338,2025-05-25 04:00:00,Male,42,Gold,Web,Khon Kaen,1424,Lazada,COD,4,5,6,1,40-50,47.46666666666667,0.0,0.0,0.0,-1,-1,0.0,0.0,0.0,0.0,0.0,0.0,0,0,0.0,0.0,0,0,0.0,0.0,0,0,0.0,0.0,0,0,0.0,1
LGS2ORD0018207,C015629,2025-05-25 04:00:00,Female,18,Bronze,Web,Bangkok,209,Shopee,PromptPay,4,5,6,1,<20,6.966666666666667,1.0,0.0,0.0,-1,97,14399.5,0.03,0.0,0.0,0.0,0.0,0,0,0.0,0.0,0,0,0.0,0.0,0,0,0.0,14399.5,1,0,0.0,0
LGS2ORD0018208,C013902,2025-05-25 04:00:00,Female,69,Bronze,TV,Khon Kaen,1361,CallCenter,COD,4,5,6,1,>50,45.36666666666667,1.0,0.0,0.0,-1,41,1660.15,0.13,0.0,0.0,0.0,0.0,0,0,0.0,0.0,0,0,0.0,1660.15,1,0,0.0,1660.15,1,0,0.0,0
LGS2ORD0018209,C016776,2025-05-25 05:00:00,Female,20,Gold,Lazada,Nakhon Ratchasima,805,CallCenter,PromptPay,5,5,6,1,<20,26.833333333333332,3.0,1.0,0.3333333333333333,24,11,6088.876666666666,0.28,0.6666666666666666,0.6666666666666666,0.0,0.0,0,0,0.0,9787.21,1,0,0.0,10982.079999999998,2,1,0.5,18266.629999999997,3,1,0.3333333333333333,0
LGS2ORD0018210,C010820,2025-05-25 05:00:00,Female,36,Bronze,TV,Chonburi,220,Lazada,COD,5,5,6,1,30-40,7.333333333333333,1.0,0.0,0.0,-1,113,4432.11,0.03,0.0,0.0,0.0,0.0,0,0,0.0,0.0,0,0,0.0,0.0,0,0,0.0,4432.11,1,0,0.0,0
LGS2ORD0018211,C016213,2025-05-25 05:00:00,Male,42,Silver,TV,Songkhla,363,Web,COD,5,5,6,1,40-50,12.1,2.0,0.0,0.0,-1,18,3983.505,0.3,0.5,0.5,0.0,0.0,0,0,0.0,4771.72,1,0,0.0,4771.72,1,0,0.0,7967.01,2,0,0.0,0
LGS2ORD0018212,C016124,2025-05-25 05:00:00,Male,27,Gold,Lazada,Chiang Mai,1356,TV_Show,Credit_Card,5,5,6,1,20-30,45.2,1.0,0.0,0.0,-1,8,745.33,0.2299999999999999,1.0,1.0,0.0,0.0,0,0,0.0,745.33,1,0,0.0,745.33,1,0,0.0,745.33,1,0,0.0,1
LGS2ORD0018213,C017650,2025-05-25 05:00:00,Female,26,Gold,TV,Phuket,1157,Shopee,Credit_Card,5,5,6,1,20-30,38.56666666666667,4.0,2.0,0.5,9,16,9784.2675,0.33,1.0,0.5,0.0,0.0,0,0,0.0,1440.17,1,1,1.0,24492.949999999997,3,1,0.3333333333333333,39137.07,4,2,0.5,0
LGS2ORD0018214,C016523,2025-05-25 06:00:00,Female,20,Bronze,TV,Remote_Area,735,Web,COD,6,5,6,1,<20,24.5,3.0,2.0,0.6666666666666666,24,38,4271.55,0.18,0.6666666666666666,0.0,0.0,0.0,0,0,0.0,0.0,0,0,0.0,9162.67,2,1,0.5,12814.65,3,2,0.6666666666666666,1
LGS2ORD0018215,C012629,2025-05-25 06:00:00,Male,34,Platinum,Shopee,Bangkok,1327,TV_Show,PromptPay,6,5,6,1,30-40,44.233333333333334,1.0,1.0,1.0,20,35,970.45,0.3,1.0,1.0,0.0,0.0,0,0,0.0,0.0,0,0,0.0,970.45,1,1,1.0,970.45,1,1,1.0,0
LGS2ORD0018216,C014196,2025-05-25 06:00:00,Female,21,Bronze,Web,Remote_Area,1349,TV_Show,PromptPay,6,5,6,1,20-30,44.96666666666667,1.0,0.0,0.0,-1,137,326.84,0.03,0.0,0.0,0.0,0.0,0,0,0.0,0.0,0,0,0.0,0.0,0,0,0.0,326.84,1,0,0.0,0
LGS2ORD0018217,C011366,2025-05-25 06:00:00,Female,63,Silver,CallCenter,Chonburi,1328,Web,Credit_Card,6,5,6,1,>50,44.266666666666666,0.0,0.0,0.0,-1,-1,0.0,0.0,0.0,0.0,0.0,0.0,0,0,0.0,0.0,0,0,0.0,0.0,0,0,0.0,0.0,0,0,0.0,0
LGS2ORD0018218,C015539,2025-05-25 06:00:00,Male,46,Bronze,Web,Remote_Area,936,Web,Credit_Card,6,5,6,1,40-50,31.2,1.0,0.0,0.0,-1,4,3118.81,0.23,0.0,1.0,0.0,3118.81,1,0,0.0,3118.81,1,0,0.0,3118.81,1,0,0.0,3118.81,1,0,0.0,0
LGS2ORD0018219,C013418,2025-05-25 07:00:00,Female,18,Silver,Lazada,Bangkok,293,CallCenter,Credit_Card,7,5,6,1,<20,9.766666666666667,1.0,0.0,0.0,-1,137,14851.17,0.05,1.0,0.0,0.0,0.0,0,0,0.0,0.0,0,0,0.0,0.0,0,0,0.0,14851.17,1,0,0.0,0
LGS2ORD0018220,C017148,2025-05-25 07:00:00,Female,48,Platinum,TV,Chonburi,1258,Lazada,COD,7,5,6,1,40-50,41.93333333333333,2.0,0.0,0.0,-1,124,19073.735,0.25,0.5,0.5,0.0,0.0,0,0,0.0,0.0,0,0,0.0,0.0,0,0,0.0,38147.47,2,0,0.0,0
LGS2ORD0018221,C016317,2025-05-25 07:00:00,Male,45,Bronze,Shopee,Bangkok,199,Shopee,Credit_Card,7,5,6,1,40-50,6.633333333333334,4.0,3.0,0.75,80,10,1779.7924999999998,0.23,1.0,0.25,0.0,0.0,0,0,0.0,711.0,1,0,0.0,711.0,1,0,0.0,7119.169999999999,4,3,0.75,0
LGS2ORD0018222,C015432,2025-05-25 07:00:00,Male,43,Bronze,Web,Chonburi,988,Shopee,COD,7,5,6,1,40-50,32.93333333333333,0.0,0.0,0.0,-1,-1,0.0,0.0,0.0,0.0,0.0,0.0,0,0,0.0,0.0,0,0,0.0,0.0,0,0,0.0,0.0,0,0,0.0,0
LGS2ORD0018223,C013031,2025-05-25 07:00:00,Female,40,Silver,TV,Phuket,1213,CallCenter,PromptPay,7,5,6,1,30-40,40.43333333333333,5.0,0.0,0.0,-1,93,3649.986,0.25,0.6,0.2,0.0,0.0,0,0,0.0,0.0,0,0,0.0,0.0,0,0,0.0,18249.93,5,0,0.0,0
LGS2ORD0018224,C010734,2025-05-25 08:00:00,Male,35,Bronze,TV,Chonburi,952,TV_Show,COD,8,5,6,1,30-40,31.733333333333334,1.0,0.0,0.0,-1,122,13894.63,0.18,0.0,0.0,0.0,0.0,0,0,0.0,0.0,0,0,0.0,0.0,0,0,0.0,13894.63,1,0,0.0,0
LGS2ORD0018225,C010901,2025-05-25 08:00:00,Female,46,Silver,Web,Songkhla,1233,TV_Show,COD,8,5,6,1,40-50,41.1,3.0,2.0,0.6666666666666666,-6,2,7934.646666666667,0.3,0.3333333333333333,0.3333333333333333,0.0,2533.42,1,1,1.0,2533.42,1,1,1.0,2533.42,1,1,1.0,23803.940000000002,3,2,0.6666666666666666,0
LGS2ORD0018226,C014516,2025-05-25 08:00:00,Other,57,Bronze,Lazada,Chonburi,915,Shopee,COD,8,5,6,1,>50,30.5,3.0,1.0,0.3333333333333333,105,0,4404.763333333333,0.28,1.0,0.3333333333333333,0.0,7482.95,1,0,0.0,7482.95,1,0,0.0,8063.45,2,0,0.0,13214.29,3,1,0.3333333333333333,0
LGS2ORD0018227,C014696,2025-05-25 08:00:00,Female,44,Bronze,TV,Chiang Mai,853,Lazada,PromptPay,8,5,6,1,40-50,28.433333333333334,1.0,0.0,0.0,-1,5,4148.19,0.18,0.0,0.0,0.0,4148.19,1,0,0.0,4148.19,1,0,0.0,4148.19,1,0,0.0,4148.19,1,0,0.0,0
LGS2ORD0018228,C014386,2025-05-25 08:00:00,Male,64,Bronze,TV,Chiang Mai,936,Shopee,COD,8,5,6,1,>50,31.2,5.0,1.0,0.2,10,5,7175.744000000001,0.23,0.8,0.2,0.0,1479.87,1,0,0.0,6871.49,2,1,0.5,35878.72,5,1,0.2,35878.72,5,1,0.2,0
LGS2ORD0018229,C017021,2025-05-25 08:00:00,Male,45,Bronze,Lazada,Bangkok,1280,TV_Show,COD,8,5,6,1,40-50,42.666666666666664,3.0,0.0,0.0,-1,2,3303.023333333333,0.23,0.0,0.3333333333333333,0.0,3981.81,1,0,0.0,6804.049999999999,2,0,0.0,9909.07,3,0,0.0,9909.07,3,0,0.0,0
LGS2ORD0018230,C010100,2025-05-25 09:00:00,Female,30,Silver,Shopee,Songkhla,244,Web,PromptPay,9,5,6,1,20-30,8.133333333333333,2.0,2.0,1.0,70,79,888.245,0.25,0.5,0.5,0.0,0.0,0,0,0.0,0.0,0,0,0.0,734.51,1,1,1.0,1776.49,2,2,1.0,1
LGS2ORD0018231,C016918,2025-05-25 09:00:00,Male,51,Gold,Lazada,Nakhon Ratchasima,1345,Shopee,Credit_Card,9,5,6,1,>50,44.833333333333336,2.0,1.0,0.5,27,30,6038.1849999999995,0.33,1.0,0.5,0.0,0.0,0,0,0.0,0.0,0,0,0.0,12076.369999999999,2,1,0.5,12076.369999999999,2,1,0.5,0
LGS2ORD0018232,C012940,2025-05-25 09:00:00,Male,40,Bronze,Shopee,Chonburi,1081,Shopee,Credit_Card,9,5,6,1,30-40,36.03333333333333,2.0,0.0,0.0,-1,106,1751.56,0.18,0.0,0.0,0.0,0.0,0,0,0.0,0.0,0,0,0.0,0.0,0,0,0.0,3503.12,2,0,0.0,0
LGS2ORD0018233,C014502,2025-05-25 09:00:00,Male,40,Gold,Shopee,Chiang Mai,1585,Web,COD,9,5,6,1,30-40,52.833333333333336,1.0,0.0,0.0,-1,9,3204.01,0.13,0.0,0.0,0.0,0.0,0,0,0.0,3204.01,1,0,0.0,3204.01,1,0,0.0,3204.01,1,0,0.0,0
LGS2ORD0018234,C014434,2025-05-25 09:00:00,Female,56,Bronze,Web,Khon Kaen,411,Shopee,PromptPay,9,5,6,1,>50,13.7,4.0,1.0,0.25,122,93,3612.9124999999995,0.18,0.5,0.0,0.0,0.0,0,0,0.0,0.0,0,0,0.0,0.0,0,0,0.0,14451.649999999998,4,1,0.25,1
LGS2ORD0018235,C012306,2025-05-25 10:00:00,Male,31,Bronze,Shopee,Bangkok,1556,Web,COD,10,5,6,1,30-40,51.86666666666667,3.0,0.0,0.0,-1,10,7077.889999999999,0.18,0.3333333333333333,0.0,0.0,0.0,0,0,0.0,19824.55,2,0,0.0,21233.67,3,0,0.0,21233.67,3,0,0.0,0
LGS2ORD0018236,C013200,2025-05-25 10:00:00,Male,41,Silver,Lazada,Bangkok,1142,Shopee,COD,10,5,6,1,40-50,38.06666666666667,3.0,1.0,0.3333333333333333,-1,8,15397.323333333334,0.2,0.6666666666666666,0.0,0.0,0.0,0,0,0.0,40695.33,1,1,1.0,40695.33,1,1,1.0,46191.97,3,1,0.3333333333333333,0
LGS2ORD0018237,C011492,2025-05-25 10:00:00,Female,56,Gold,Web,Bangkok,849,Shopee,COD,10,5,6,1,>50,28.3,1.0,0.0,0.0,-1,65,20299.56,0.18,1.0,0.0,0.0,0.0,0,0,0.0,0.0,0,0,0.0,20299.56,1,0,0.0,20299.56,1,0,0.0,1
LGS2ORD0018238,C013910,2025-05-25 10:00:00,Male,33,Silver,Lazada,Chiang Mai,821,TV_Show,COD,10,5,6,1,30-40,27.366666666666667,1.0,0.0,0.0,-1,52,7533.86,0.1,0.0,0.0,0.0,0.0,0,0,0.0,0.0,0,0,0.0,7533.86,1,0,0.0,7533.86,1,0,0.0,0
LGS2ORD0018239,C015632,2025-05-25 10:00:00,Female,43,Bronze,Web,Bangkok,291,Lazada,COD,10,5,6,1,40-50,9.7,2.0,1.0,0.5,102,26,8238.125,0.28,0.5,0.5,0.0,0.0,0,0,0.0,13555.63,1,0,0.0,13555.63,1,0,0.0,16476.25,2,1,0.5,0
LGS2ORD0018240,C013823,2025-05-25 11:00:00,Female,43,Bronze,TV,Chiang Mai,434,Shopee,Credit_Card,11,5,6,1,40-50,14.466666666666667,4.0,1.0,0.25,121,45,4365.6675000000005,0.23,0.25,0.5,0.0,0.0,0,0,0.0,0.0,0,0,0.0,6242.89,1,0,0.0,17462.670000000002,4,1,0.25,1
LGS2ORD0018241,C013085,2025-05-25 11:00:00,Male,66,Bronze,TV,Nakhon Ratchasima,1542,CallCenter,COD,11,5,6,1,>50,51.4,3.0,1.0,0.3333333333333333,11,24,9413.726666666667,0.23,0.6666666666666666,0.3333333333333333,0.0,0.0,0,0,0.0,17300.43,2,1,0.5,17300.43,2,1,0.5,28241.18,3,1,0.3333333333333333,1
LGS2ORD0018242,C010035,2025-05-25 11:00:00,Male,40,Silver,TV,Songkhla,693,Shopee,COD,11,5,6,1,30-40,23.1,1.0,1.0,1.0,124,134,1209.84,0.25,0.0,1.0,0.0,0.0,0,0,0.0,0.0,0,0,0.0,0.0,0,0,0.0,1209.84,1,1,1.0,1
LGS2ORD0018243,C016934,2025-05-25 11:00:00,Female,53,Bronze,Web,Bangkok,865,TV_Show,COD,11,5,6,1,>50,28.833333333333332,2.0,0.0,0.0,-1,54,1501.9,0.18,0.0,0.0,0.0,0.0,0,0,0.0,0.0,0,0,0.0,1213.19,1,0,0.0,3003.8,2,0,0.0,0
LGS2ORD0018244,C015477,2025-05-25 11:00:00,Female,46,Bronze,Shopee,Chonburi,1166,Web,COD,11,5,6,1,40-50,38.86666666666667,4.0,1.0,0.25,94,33,3312.9775,0.18,0.5,0.0,0.0,0.0,0,0,0.0,0.0,0,0,0.0,3630.9300000000003,2,0,0.0,13251.91,4,1,0.25,0
LGS2ORD0018245,C013335,2025-05-25 12:00:00,Male,45,Platinum,Lazada,Remote_Area,1177,Lazada,Credit_Card,12,5,6,1,40-50,39.233333333333334,2.0,0.0,0.0,-1,33,4700.875,0.1,0.5,0.0,0.0,0.0,0,0,0.0,0.0,0,0,0.0,2099.0,1,0,0.0,9401.75,2,0,0.0,0
LGS2ORD0018246,C013946,2025-05-25 12:00:00,Female,44,Bronze,TV,Bangkok,1099,Shopee,COD,12,5,6,1,40-50,36.63333333333333,1.0,1.0,1.0,6,20,9719.05,0.08,0.0,0.0,0.0,0.0,0,0,0.0,9719.05,1,1,1.0,9719.05,1,1,1.0,9719.05,1,1,1.0,0
LGS2ORD0018247,C016784,2025-05-25 12:00:00,Female,29,Gold,Web,Phuket,384,TV_Show,COD,12,5,6,1,20-30,12.8,0.0,0.0,0.0,-1,-1,0.0,0.0,0.0,0.0,0.0,0.0,0,0,0.0,0.0,0,0,0.0,0.0,0,0,0.0,0.0,0,0,0.0,1
LGS2ORD0018248,C011779,2025-05-25 12:00:00,Female,24,Bronze,TV,Phuket,1390,Web,COD,12,5,6,1,20-30,46.333333333333336,4.0,1.0,0.25,7,16,6765.8099999999995,0.23,0.0,0.25,0.0,0.0,0,0,0.0,21450.32,2,1,0.5,26222.54,3,1,0.3333333333333333,27063.239999999998,4,1,0.25,0
LGS2ORD0018249,C015618,2025-05-25 12:00:00,Female,53,Bronze,Lazada,Bangkok,960,TV_Show,COD,12,5,6,1,>50,32.0,2.0,0.0,0.0,-1,54,778.4449999999999,0.08,1.0,0.0,0.0,0.0,0,0,0.0,0.0,0,0,0.0,1556.8899999999999,2,0,0.0,1556.8899999999999,2,0,0.0,0
LGS2ORD0018250,C011824,2025-05-25 12:00:00,Male,44,Bronze,Shopee,Nakhon Ratchasima,1434,CallCenter,Bank_Transfer,12,5,6,1,40-50,47.8,4.0,2.0,0.5,73,46,4152.41,0.28,0.5,0.5,0.0,0.0,0,0,0.0,0.0,0,0,0.0,13591.44,3,1,0.3333333333333333,16609.64,4,2,0.5,1
LGS2ORD0018251,C010912,2025-05-25 13:00:00,Male,40,Silver,Lazada,Khon Kaen,751,CallCenter,Credit_Card,13,5,6,1,30-40,25.033333333333335,5.0,1.0,0.2,47,11,10330.261999999999,0.3,0.4,0.2,0.0,0.0,0,0,0.0,2231.6800000000003,2,0,0.0,34386.48,4,1,0.25,51651.31,5,1,0.2,0
LGS2ORD0018252,C010310,2025-05-25 13:00:00,Male,54,Silver,TV,Chiang Mai,1016,TV_Show,PromptPay,13,5,6,1,>50,33.86666666666667,3.0,0.0,0.0,-1,48,12211.756666666668,0.3,0.3333333333333333,0.6666666666666666,0.0,0.0,0,0,0.0,0.0,0,0,0.0,29231.77,1,0,0.0,36635.270000000004,3,0,0.0,0
LGS2ORD0018253,C012561,2025-05-25 13:00:00,Female,61,Platinum,Shopee,Phuket,666,Shopee,Credit_Card,13,5,6,1,>50,22.2,3.0,1.0,0.3333333333333333,115,22,9578.336666666668,0.35,0.6666666666666666,0.6666666666666666,0.0,0.0,0,0,0.0,19370.14,1,0,0.0,19370.14,1,0,0.0,28735.010000000002,3,1,0.3333333333333333,1
LGS2ORD0018254,C016354,2025-05-25 13:00:00,Male,59,Bronze,TV,Phuket,439,Lazada,COD,13,5,6,1,>50,14.633333333333333,4.0,1.0,0.25,105,3,3583.04,0.18,0.75,0.0,0.0,7626.8,1,0,0.0,7626.8,1,0,0.0,7626.8,1,0,0.0,14332.16,4,1,0.25,0
LGS2ORD0018255,C012140,2025-05-25 13:00:00,Male,52,Gold,Shopee,Songkhla,918,TV_Show,COD,13,5,6,1,>50,30.6,4.0,2.0,0.5,37,51,8204.77,0.28,0.5,0.75,0.0,0.0,0,0,0.0,0.0,0,0,0.0,25947.89,3,1,0.3333333333333333,32819.08,4,2,0.5,1
LGS2ORD0018256,C010979,2025-05-25 14:00:00,Male,60,Bronze,Lazada,Khon Kaen,478,Shopee,COD,14,5,6,1,>50,15.933333333333334,6.0,0.0,0.0,-1,59,2749.358333333333,0.28,0.16666666666666666,0.3333333333333333,0.0,0.0,0,0,0.0,0.0,0,0,0.0,5867.81,2,0,0.0,16496.149999999998,6,0,0.0,0
LGS2ORD0018257,C017351,2025-05-25 14:00:00,Female,31,Gold,Lazada,Bangkok,1417,TV_Show,COD,14,5,6,1,30-40,47.233333333333334,2.0,1.0,0.5,124,115,2146.785,0.28,0.0,0.5,0.0,0.0,0,0,0.0,0.0,0,0,0.0,0.0,0,0,0.0,4293.57,2,1,0.5,0
LGS2ORD0018258,C016571,2025-05-25 14:00:00,Female,47,Silver,Lazada,Nakhon Ratchasima,1550,Shopee,COD,14,5,6,1,40-50,51.666666666666664,1.0,0.0,0.0,-1,127,9820.23,0.05,1.0,0.0,0.0,0.0,0,0,0.0,0.0,0,0,0.0,0.0,0,0,0.0,9820.23,1,0,0.0,1
LGS2ORD0018259,C015509,2025-05-25 14:00:00,Female,52,Gold,Shopee,Phuket,800,Lazada,Credit_Card,14,5,6,1,>50,26.666666666666668,2.0,1.0,0.5,11,17,1132.105,0.33,0.0,1.0,0.0,0.0,0,0,0.0,889.96,1,1,1.0,2264.21,2,1,0.5,2264.21,2,1,0.5,0
LGS2ORD0018260,C013428,2025-05-25 14:00:00,Female,40,Bronze,TV,Bangkok,1197,Shopee,COD,14,5,6,1,30-40,39.9,2.0,1.0,0.5,115,66,4562.5599999999995,0.08,0.5,0.0,0.0,0.0,0,0,0.0,0.0,0,0,0.0,8438.8,1,0,0.0,9125.119999999999,2,1,0.5,1
LGS2ORD0018261,C017328,2025-05-25 15:00:00,Female,48,Bronze,Lazada,Khon Kaen,1381,TV_Show,COD,15,5,6,1,40-50,46.03333333333333,3.0,0.0,0.0,-1,13,3313.4500000000003,0.28,0.6666666666666666,0.3333333333333333,0.0,0.0,0,0,0.0,7481.99,1,0,0.0,9229.42,2,0,0.0,9940.35,3,0,0.0,0
LGS2ORD0018262,C011462,2025-05-25 15:00:00,Female,47,Silver,TV,Phuket,1254,Shopee,COD,15,5,6,1,40-50,41.8,2.0,1.0,0.5,14,14,9721.050000000001,0.2,1.0,0.0,0.0,0.0,0,0,0.0,19442.100000000002,2,1,0.5,19442.100000000002,2,1,0.5,19442.100000000002,2,1,0.5,0
LGS2ORD0018263,C016384,2025-05-25 15:00:00,Female,30,Gold,TV,Bangkok,933,TV_Show,Credit_Card,15,5,6,1,20-30,31.1,2.0,0.0,0.0,-1,51,1523.17,0.33,0.5,0.5,0.0,0.0,0,0,0.0,0.0,0,0,0.0,3046.34,2,0,0.0,3046.34,2,0,0.0,0
LGS2ORD0018264,C016225,2025-05-25 15:00:00,Male,39,Bronze,TV,Chonburi,465,Lazada,PromptPay,15,5,6,1,30-40,15.5,1.0,0.0,0.0,-1,2,4133.84,0.08,1.0,0.0,0.0,4133.84,1,0,0.0,4133.84,1,0,0.0,4133.84,1,0,0.0,4133.84,1,0,0.0,0
LGS2ORD0018265,C016060,2025-05-25 15:00:00,Male,52,Bronze,Shopee,Chiang Mai,396,TV_Show,Credit_Card,15,5,6,1,>50,13.2,1.0,0.0,0.0,-1,46,1704.68,0.18,0.0,0.0,0.0,0.0,0,0,0.0,0.0,0,0,0.0,1704.68,1,0,0.0,1704.68,1,0,0.0,1
LGS2ORD0018266,C014671,2025-05-25 16:00:00,Male,37,Bronze,CallCenter,Chonburi,1289,TV_Show,COD,16,5,6,1,30-40,42.96666666666667,4.0,0.0,0.0,-1,9,4242.9325,0.13,0.25,0.0,0.0,0.0,0,0,0.0,3728.42,1,0,0.0,16971.73,4,0,0.0,16971.73,4,0,0.0,0
LGS2ORD0018267,C011352,2025-05-25 16:00:00,Male,71,Gold,TV,Songkhla,1139,TV_Show,Bank_Transfer,16,5,6,1,>50,37.96666666666667,2.0,0.0,0.0,-1,13,14378.835,0.2299999999999999,0.5,0.5,0.0,0.0,0,0,0.0,28757.67,2,0,0.0,28757.67,2,0,0.0,28757.67,2,0,0.0,0
LGS2ORD0018268,C016381,2025-05-25 16:00:00,Male,26,Silver,Web,Songkhla,881,Shopee,Credit_Card,16,5,6,1,20-30,29.366666666666667,1.0,1.0,1.0,105,120,658.3,0.25,0.0,1.0,0.0,0.0,0,0,0.0,0.0,0,0,0.0,0.0,0,0,0.0,658.3,1,1,1.0,0
LGS2ORD0018269,C013416,2025-05-25 16:00:00,Male,43,Bronze,CallCenter,Songkhla,629,Web,Credit_Card,16,5,6,1,40-50,20.966666666666665,3.0,0.0,0.0,-1,13,2152.0533333333333,0.18,0.0,0.0,0.0,0.0,0,0,0.0,5920.94,2,0,0.0,6456.16,3,0,0.0,6456.16,3,0,0.0,0
LGS2ORD0018270,C015957,2025-05-25 16:00:00,Male,41,Gold,Web,Bangkok,1420,Shopee,COD,16,5,6,1,40-50,47.333333333333336,1.0,1.0,1.0,116,122,3063.72,0.08,1.0,0.0,0.0,0.0,0,0,0.0,0.0,0,0,0.0,0.0,0,0,0.0,3063.72,1,1,1.0,1
LGS2ORD0018271,C016014,2025-05-25 16:00:00,Male,36,Silver,Lazada,Khon Kaen,741,CallCenter,Credit_Card,16,5,6,1,30-40,24.7,2.0,2.0,1.0,7,16,2919.0,0.2,1.0,0.0,0.0,0.0,0,0,0.0,3074.15,1,1,1.0,3074.15,1,1,1.0,5838.0,2,2,1.0,0
LGS2ORD0018272,C010590,2025-05-25 17:00:00,Male,32,Silver,Web,Chiang Mai,1422,TV_Show,PromptPay,17,5,6,1,30-40,47.4,1.0,0.0,0.0,-1,17,4656.44,0.05,0.0,0.0,0.0,0.0,0,0,0.0,4656.44,1,0,0.0,4656.44,1,0,0.0,4656.44,1,0,0.0,0
LGS2ORD0018273,C016676,2025-05-25 17:00:00,Male,50,Gold,TV,Nakhon Ratchasima,1577,Lazada,COD,17,5,6,1,40-50,52.56666666666667,3.0,1.0,0.3333333333333333,67,76,3837.4533333333334,0.2299999999999999,0.3333333333333333,0.3333333333333333,0.0,0.0,0,0,0.0,0.0,0,0,0.0,9972.5,2,1,0.5,11512.36,3,1,0.3333333333333333,0
LGS2ORD0018274,C013645,2025-05-25 17:00:00,Male,64,Silver,TV,Khon Kaen,1320,CallCenter,COD,17,5,6,1,>50,44.0,6.0,3.0,0.5,1,13,7190.166666666667,0.25,0.5,0.16666666666666666,0.0,0.0,0,0,0.0,12726.31,2,2,1.0,37369.659999999996,4,2,0.5,43141.0,6,3,0.5,0
LGS2ORD0018275,C011963,2025-05-25 17:00:00,Male,35,Silver,TV,Chonburi,899,CallCenter,COD,17,5,6,1,30-40,29.966666666666665,1.0,1.0,1.0,50,64,3880.26,0.2,1.0,0.0,0.0,0.0,0,0,0.0,0.0,0,0,0.0,3880.26,1,1,1.0,3880.26,1,1,1.0,0
LGS2ORD0018276,C015254,2025-05-25 17:00:00,Female,44,Silver,TV,Nakhon Ratchasima,1549,CallCenter,COD,17,5,6,1,40-50,51.63333333333333,2.0,2.0,1.0,17,29,3189.49,0.2,1.0,0.0,0.0,0.0,0,0,0.0,851.08,1,1,1.0,851.08,1,1,1.0,6378.98,2,2,1.0,0
LGS2ORD0018277,C014064,2025-05-25 18:00:00,Male,33,Bronze,Web,Phuket,443,Lazada,PromptPay,18,5,6,1,30-40,14.766666666666667,2.0,0.0,0.0,-1,29,4308.5599999999995,0.08,1.0,0.0,0.0,0.0,0,0,0.0,604.43,1,0,0.0,8617.119999999999,2,0,0.0,8617.119999999999,2,0,0.0,0
LGS2ORD0018278,C013258,2025-05-25 18:00:00,Female,37,Bronze,Lazada,Chonburi,1229,Web,COD,18,5,6,1,30-40,40.96666666666667,5.0,1.0,0.2,115,41,8776.101999999999,0.28,0.8,0.4,0.0,0.0,0,0,0.0,0.0,0,0,0.0,24070.13,3,0,0.0,43880.509999999995,5,1,0.2,0
LGS2ORD0018279,C010625,2025-05-25 18:00:00,Female,25,Platinum,Web,Bangkok,807,Lazada,Credit_Card,18,5,6,1,20-30,26.9,1.0,0.0,0.0,-1,81,1806.61,0.2,0.0,0.0,0.0,0.0,0,0,0.0,0.0,0,0,0.0,1806.61,1,0,0.0,1806.61,1,0,0.0,0
LGS2ORD0018280,C014821,2025-05-25 18:00:00,Female,38,Bronze,TV,Bangkok,497,Lazada,COD,18,5,6,1,30-40,16.566666666666666,4.0,2.0,0.5,42,49,10211.315,0.23,0.75,0.25,0.0,0.0,0,0,0.0,0.0,0,0,0.0,2816.04,2,2,1.0,40845.26,4,2,0.5,1
LGS2ORD0018281,C013863,2025-05-25 18:00:00,Female,42,Bronze,Shopee,Nakhon Ratchasima,883,Shopee,COD,18,5,6,1,40-50,29.433333333333334,2.0,0.0,0.0,-1,93,6707.5599999999995,0.08,1.0,0.0,0.0,0.0,0,0,0.0,0.0,0,0,0.0,0.0,0,0,0.0,13415.119999999999,2,0,0.0,0
LGS2ORD0018282,C016771,2025-05-25 19:00:00,Male,49,Bronze,Lazada,Chonburi,1150,CallCenter,Bank_Transfer,19,5,6,1,40-50,38.333333333333336,4.0,1.0,0.25,100,31,4136.282499999999,0.23,0.5,0.5,0.0,0.0,0,0,0.0,0.0,0,0,0.0,6498.49,1,0,0.0,16545.129999999997,4,1,0.25,0
LGS2ORD0018283,C015975,2025-05-25 19:00:00,Female,36,Bronze,TV,Remote_Area,996,Lazada,Credit_Card,19,5,6,1,30-40,33.2,1.0,1.0,1.0,119,127,4406.72,0.23,1.0,1.0,0.0,0.0,0,0,0.0,0.0,0,0,0.0,0.0,0,0,0.0,4406.72,1,1,1.0,0
LGS2ORD0018284,C017332,2025-05-25 19:00:00,Male,36,Gold,Web,Remote_Area,1126,Lazada,PromptPay,19,5,6,1,30-40,37.53333333333333,1.0,0.0,0.0,-1,108,4367.29,0.08,1.0,0.0,0.0,0.0,0,0,0.0,0.0,0,0,0.0,0.0,0,0,0.0,4367.29,1,0,0.0,0
LGS2ORD0018285,C012440,2025-05-25 19:00:00,Female,48,Silver,TV,Khon Kaen,754,Lazada,Credit_Card,19,5,6,1,40-50,25.133333333333333,3.0,0.0,0.0,-1,44,4057.16,0.2,0.6666666666666666,0.0,0.0,0.0,0,0,0.0,0.0,0,0,0.0,4115.05,2,0,0.0,12171.48,3,0,0.0,0
LGS2ORD0018286,C015417,2025-05-25 19:00:00,Male,36,Gold,Lazada,Chiang Mai,308,Shopee,PromptPay,19,5,6,1,30-40,10.266666666666667,1.0,1.0,1.0,29,35,3113.2,0.28,1.0,1.0,0.0,0.0,0,0,0.0,0.0,0,0,0.0,3113.2,1,1,1.0,3113.2,1,1,1.0,0
LGS2ORD0018287,C010681,2025-05-25 20:00:00,Female,41,Bronze,Shopee,Khon Kaen,1382,TV_Show,COD,20,5,6,1,40-50,46.06666666666667,1.0,0.0,0.0,-1,73,23198.2,0.03,1.0,0.0,0.0,0.0,0,0,0.0,0.0,0,0,0.0,23198.2,1,0,0.0,23198.2,1,0,0.0,0
LGS2ORD0018288,C013398,2025-05-25 20:00:00,Male,52,Gold,CallCenter,Khon Kaen,1205,Web,PromptPay,20,5,6,1,>50,40.166666666666664,2.0,0.0,0.0,-1,51,4482.085,0.28,0.5,0.5,0.0,0.0,0,0,0.0,0.0,0,0,0.0,1319.28,1,0,0.0,8964.17,2,0,0.0,0
LGS2ORD0018289,C017914,2025-05-25 20:00:00,Male,32,Bronze,Web,Remote_Area,1466,TV_Show,Credit_Card,20,5,6,1,30-40,48.86666666666667,4.0,2.0,0.5,56,14,7657.264999999999,0.23,0.5,0.25,0.0,0.0,0,0,0.0,6527.74,1,0,0.0,11989.56,3,1,0.3333333333333333,30629.059999999998,4,2,0.5,0
LGS2ORD0018290,C016308,2025-05-25 20:00:00,Female,25,Bronze,TV,Chonburi,1203,Lazada,COD,20,5,6,1,20-30,40.1,4.0,1.0,0.25,-1,3,2852.765,0.23,0.75,0.25,0.0,3633.4,1,1,1.0,10842.83,3,1,0.3333333333333333,11411.06,4,1,0.25,11411.06,4,1,0.25,0
LGS2ORD0018291,C014445,2025-05-25 20:00:00,Male,38,Gold,Web,Chonburi,271,Shopee,Bank_Transfer,20,5,6,1,30-40,9.033333333333333,1.0,0.0,0.0,-1,130,3610.82,0.08,1.0,0.0,0.0,0.0,0,0,0.0,0.0,0,0,0.0,0.0,0,0,0.0,3610.82,1,0,0.0,0
LGS2ORD0018292,C014758,2025-05-25 20:00:00,Female,52,Bronze,Lazada,Khon Kaen,1031,Shopee,COD,20,5,6,1,>50,34.36666666666667,1.0,0.0,0.0,-1,101,1270.01,0.23,0.0,1.0,0.0,0.0,0,0,0.0,0.0,0,0,0.0,0.0,0,0,0.0,1270.01,1,0,0.0,0
LGS2ORD0018293,C015140,2025-05-25 21:00:00,Female,62,Bronze,CallCenter,Songkhla,1543,CallCenter,COD,21,5,6,1,>50,51.43333333333333,3.0,1.0,0.3333333333333333,129,116,569.3766666666667,0.23,0.6666666666666666,0.3333333333333333,0.0,0.0,0,0,0.0,0.0,0,0,0.0,0.0,0,0,0.0,1708.13,3,1,0.3333333333333333,1
LGS2ORD0018294,C015396,2025-05-25 21:00:00,Female,59,Bronze,Web,Chiang Mai,1387,Shopee,COD,21,5,6,1,>50,46.233333333333334,1.0,0.0,0.0,-1,124,3880.88,0.18,0.0,0.0,0.0,0.0,0,0,0.0,0.0,0,0,0.0,0.0,0,0,0.0,3880.88,1,0,0.0,0
LGS2ORD0018295,C010722,2025-05-25 21:00:00,Female,37,Bronze,Lazada,Chiang Mai,553,TV_Show,PromptPay,21,5,6,1,30-40,18.433333333333334,3.0,1.0,0.3333333333333333,0,8,11322.966666666667,0.18,1.0,0.0,0.0,0.0,0,0,0.0,33117.76,2,1,0.5,33968.9,3,1,0.3333333333333333,33968.9,3,1,0.3333333333333333,0
LGS2ORD0018296,C010140,2025-05-25 21:00:00,Female,26,Gold,CallCenter,Songkhla,422,TV_Show,COD,21,5,6,1,20-30,14.066666666666666,1.0,1.0,1.0,92,105,1767.9,0.2299999999999999,1.0,1.0,0.0,0.0,0,0,0.0,0.0,0,0,0.0,0.0,0,0,0.0,1767.9,1,1,1.0,0
LGS2ORD0018297,C010887,2025-05-25 21:00:00,Other,36,Gold,Web,Khon Kaen,798,Shopee,COD,21,5,6,1,30-40,26.6,2.0,0.0,0.0,-1,58,1998.89,0.28,0.5,1.0,0.0,0.0,0,0,0.0,0.0,0,0,0.0,3997.78,2,0,0.0,3997.78,2,0,0.0,0
LGS2ORD0018298,C013888,2025-05-25 22:00:00,Male,57,Silver,TV,Khon Kaen,737,TV_Show,COD,22,5,6,1,>50,24.566666666666666,2.0,0.0,0.0,-1,13,2129.06,0.25,0.5,0.5,0.0,0.0,0,0,0.0,681.56,1,0,0.0,681.56,1,0,0.0,4258.12,2,0,0.0,0
LGS2ORD0018299,C012656,2025-05-25 22:00:00,Female,29,Silver,Shopee,Bangkok,902,Web,Credit_Card,22,5,6,1,20-30,30.066666666666666,5.0,1.0,0.2,-4,11,3086.8940000000002,0.3,0.2,0.6,0.0,0.0,0,0,0.0,6968.64,1,1,1.0,10416.400000000001,3,1,0.3333333333333333,15434.470000000001,5,1,0.2,0
LGS2ORD0018300,C010466,2025-05-25 22:00:00,Other,29,Silver,Shopee,Chonburi,1128,Shopee,COD,22,5,6,1,20-30,37.6,5.0,0.0,0.0,-1,21,4720.778,0.25,0.4,0.4,0.0,0.0,0,0,0.0,9489.76,1,0,0.0,9688.7,2,0,0.0,23603.89,5,0,0.0,0
LGS2ORD0018301,C015662,2025-05-25 22:00:00,Female,42,Silver,Web,Chonburi,297,Web,COD,22,5,6,1,40-50,9.9,1.0,1.0,1.0,-5,1,654.54,0.05,1.0,0.0,0.0,654.54,1,1,1.0,654.54,1,1,1.0,654.54,1,1,1.0,654.54,1,1,1.0,0
LGS2ORD0018302,C015098,2025-05-25 22:00:00,Female,51,Bronze,Shopee,Bangkok,244,Lazada,PromptPay,22,5,6,1,>50,8.133333333333333,4.0,0.0,0.0,-1,31,10603.0975,0.18,0.25,0.0,0.0,0.0,0,0,0.0,0.0,0,0,0.0,18790.239999999998,2,0,0.0,42412.39,4,0,0.0,0
LGS2ORD0018303,C014702,2025-05-25 23:00:00,Male,41,Bronze,Shopee,Bangkok,690,TV_Show,COD,23,5,6,1,40-50,23.0,1.0,0.0,0.0,-1,71,536.41,0.18,0.0,0.0,0.0,0.0,0,0,0.0,0.0,0,0,0.0,536.41,1,0,0.0,536.41,1,0,0.0,0
LGS2ORD0018304,C012335,2025-05-25 23:00:00,Female,55,Gold,CallCenter,Bangkok,646,TV_Show,Credit_Card,23,5,6,1,>50,21.533333333333335,3.0,0.0,0.0,-1,23,3959.7100000000005,0.33,0.6666666666666666,0.6666666666666666,0.0,0.0,0,0,0.0,697.32,1,0,0.0,697.32,1,0,0.0,11879.130000000001,3,0,0.0,1
LGS2ORD0018305,C011750,2025-05-25 23:00:00,Female,59,Bronze,TV,Khon Kaen,353,Web,COD,23,5,6,1,>50,11.766666666666667,8.0,2.0,0.25,76,17,4162.6362500000005,0.28,0.875,0.25,0.0,0.0,0,0,0.0,2270.04,1,0,0.0,20487.73,5,1,0.2,33301.090000000004,8,2,0.25,1
LGS2ORD0018306,C017847,2025-05-25 23:00:00,Male,35,Bronze,Web,Phuket,1384,Web,Credit_Card,23,5,6,1,30-40,46.13333333333333,4.0,0.0,0.0,-1,50,9339.735,0.28,0.75,0.25,0.0,0.0,0,0,0.0,0.0,0,0,0.0,31804.59,3,0,0.0,37358.94,4,0,0.0,0
LGS2ORD0018307,C014521,2025-05-25 23:00:00,Female,61,Bronze,Lazada,Bangkok,695,TV_Show,PromptPay,23,5,6,1,>50,23.166666666666668,6.0,3.0,0.5,47,25,4017.9666666666667,0.18,0.8333333333333334,0.0,0.0,0.0,0,0,0.0,851.61,1,0,0.0,22580.81,5,2,0.4,24107.8,6,3,0.5,0
LGS2ORD0018308,C014798,2025-05-25 23:00:00,Female,36,Silver,Lazada,Phuket,1285,Lazada,Credit_Card,23,5,6,1,30-40,42.833333333333336,3.0,1.0,0.3333333333333333,127,24,3457.15,0.3,0.3333333333333333,0.6666666666666666,0.0,0.0,0,0,0.0,4152.02,1,0,0.0,6394.880000000001,2,0,0.0,10371.45,3,1,0.3333333333333333,0
LGS2ORD0018309,C012657,2025-05-26 00:00:00,Male,47,Bronze,Shopee,Bangkok,887,Web,COD,0,5,0,0,40-50,29.566666666666666,0.0,0.0,0.0,-1,-1,0.0,0.0,0.0,0.0,0.0,0.0,0,0,0.0,0.0,0,0,0.0,0.0,0,0,0.0,0.0,0,0,0.0,0
LGS2ORD0018310,C016376,2025-05-26 00:00:00,Female,61,Bronze,Shopee,Nakhon Ratchasima,341,Web,Credit_Card,0,5,0,0,>50,11.366666666666667,2.0,1.0,0.5,-3,5,2467.1,0.18,0.0,0.0,0.0,3608.93,1,1,1.0,3608.93,1,1,1.0,4934.2,2,1,0.5,4934.2,2,1,0.5,0
LGS2ORD0018311,C013796,2025-05-26 00:00:00,Male,53,Bronze,Shopee,Khon Kaen,204,Lazada,Credit_Card,0,5,0,0,>50,6.8,2.0,0.0,0.0,-1,60,4312.535,0.18,0.5,0.0,0.0,0.0,0,0,0.0,0.0,0,0,0.0,7593.43,1,0,0.0,8625.07,2,0,0.0,1
LGS2ORD0018312,C014309,2025-05-26 00:00:00,Male,65,Bronze,Web,Khon Kaen,1302,Shopee,Credit_Card,0,5,0,0,>50,43.4,1.0,1.0,1.0,48,64,3756.82,0.18,0.0,0.0,0.0,0.0,0,0,0.0,0.0,0,0,0.0,3756.82,1,1,1.0,3756.82,1,1,1.0,0
LGS2ORD0018313,C014484,2025-05-26 00:00:00,Male,53,Platinum,Lazada,Bangkok,1533,Web,PromptPay,0,5,0,0,>50,51.1,2.0,1.0,0.5,8,16,3492.345,0.15,0.0,0.0,0.0,0.0,0,0,0.0,5167.24,1,1,1.0,5167.24,1,1,1.0,6984.69,2,1,0.5,0
LGS2ORD0018314,C017037,2025-05-26 01:00:00,Female,41,Bronze,Web,Bangkok,1280,Lazada,PromptPay,1,5,0,0,40-50,42.666666666666664,4.0,0.0,0.0,-1,60,4980.5325,0.28,0.5,0.25,0.0,0.0,0,0,0.0,0.0,0,0,0.0,13884.5,3,0,0.0,19922.13,4,0,0.0,0
LGS2ORD0018315,C015684,2025-05-26 01:00:00,Female,45,Gold,Shopee,Chiang Mai,894,TV_Show,COD,1,5,0,0,40-50,29.8,0.0,0.0,0.0,-1,-1,0.0,0.0,0.0,0.0,0.0,0.0,0,0,0.0,0.0,0,0,0.0,0.0,0,0,0.0,0.0,0,0,0.0,1
LGS2ORD0018316,C014496,2025-05-26 01:00:00,Female,57,Gold,Lazada,Khon Kaen,494,TV_Show,COD,1,5,0,0,>50,16.466666666666665,2.0,1.0,0.5,118,67,8524.73,0.2299999999999999,0.0,0.5,0.0,0.0,0,0,0.0,0.0,0,0,0.0,2382.97,1,0,0.0,17049.46,2,1,0.5,0
LGS2ORD0018317,C013192,2025-05-26 01:00:00,Male,53,Gold,Shopee,Khon Kaen,573,Shopee,Bank_Transfer,1,5,0,0,>50,19.1,4.0,1.0,0.25,125,14,3372.3274999999994,0.2299999999999999,0.75,0.25,0.0,0.0,0,0,0.0,3094.66,1,0,0.0,5175.78,2,0,0.0,13489.309999999998,4,1,0.25,0
LGS2ORD0018318,C015206,2025-05-26 01:00:00,Female,60,Bronze,Lazada,Chiang Mai,677,CallCenter,COD,1,5,0,0,>50,22.566666666666666,5.0,2.0,0.4,5,3,4502.864,0.18,0.6,0.0,0.0,3031.91,1,0,0.0,7448.66,2,1,0.5,21097.07,4,2,0.5,22514.32,5,2,0.4,0
LGS2ORD0018319,C010054,2025-05-26 02:00:00,Female,24,Silver,Web,Chonburi,487,TV_Show,COD,2,5,0,0,20-30,16.233333333333334,3.0,1.0,0.3333333333333333,12,20,3006.206666666667,0.25,0.3333333333333333,0.3333333333333333,0.0,0.0,0,0,0.0,2180.81,1,1,1.0,6653.780000000001,2,1,0.5,9018.62,3,1,0.3333333333333333,0
LGS2ORD0018320,C016443,2025-05-26 02:00:00,Male,44,Silver,Web,Bangkok,1584,Shopee,COD,2,5,0,0,40-50,52.8,8.0,3.0,0.375,-7,1,7380.650000000001,0.25,0.625,0.125,0.0,12450.16,1,1,1.0,12450.16,1,1,1.0,54892.36,6,2,0.3333333333333333,59045.200000000004,8,3,0.375,1
LGS2ORD0018321,C011654,2025-05-26 02:00:00,Female,42,Silver,TV,Songkhla,284,TV_Show,COD,2,5,0,0,40-50,9.466666666666667,0.0,0.0,0.0,-1,-1,0.0,0.0,0.0,0.0,0.0,0.0,0,0,0.0,0.0,0,0,0.0,0.0,0,0,0.0,0.0,0,0,0.0,1
LGS2ORD0018322,C013748,2025-05-26 02:00:00,Female,45,Silver,Web,Nakhon Ratchasima,1550,Lazada,COD,2,5,0,0,40-50,51.666666666666664,2.0,0.0,0.0,-1,41,6181.345,0.2,0.5,0.0,0.0,0.0,0,0,0.0,0.0,0,0,0.0,12362.69,2,0,0.0,12362.69,2,0,0.0,0
LGS2ORD0018323,C015399,2025-05-26 02:00:00,Female,49,Platinum,TV,Bangkok,1237,Web,COD,2,5,0,0,40-50,41.233333333333334,2.0,1.0,0.5,118,54,527.8199999999999,0.25,1.0,0.5,0.0,0.0,0,0,0.0,0.0,0,0,0.0,391.12,1,0,0.0,1055.6399999999999,2,1,0.5,0
LGS2ORD0018324,C013263,2025-05-26 03:00:00,Female,30,Bronze,TV,Remote_Area,1256,Lazada,COD,3,5,0,0,20-30,41.86666666666667,1.0,0.0,0.0,-1,70,1439.66,0.28,0.0,1.0,0.0,0.0,0,0,0.0,0.0,0,0,0.0,1439.66,1,0,0.0,1439.66,1,0,0.0,1
LGS2ORD0018325,C014675,2025-05-26 03:00:00,Male,32,Silver,TV,Phuket,1044,Web,COD,3,5,0,0,30-40,34.8,1.0,0.0,0.0,-1,28,991.03,0.25,0.0,1.0,0.0,0.0,0,0,0.0,991.03,1,0,0.0,991.03,1,0,0.0,991.03,1,0,0.0,1
LGS2ORD0018326,C011037,2025-05-26 03:00:00,Female,54,Silver,Web,Nakhon Ratchasima,1340,Web,Credit_Card,3,5,0,0,>50,44.666666666666664,1.0,1.0,1.0,26,36,1965.37,0.05,0.0,0.0,0.0,0.0,0,0,0.0,0.0,0,0,0.0,1965.37,1,1,1.0,1965.37,1,1,1.0,0
LGS2ORD0018327,C013118,2025-05-26 03:00:00,Female,41,Gold,Web,Remote_Area,971,Web,Credit_Card,3,5,0,0,40-50,32.36666666666667,1.0,0.0,0.0,-1,84,1180.59,0.08,1.0,0.0,0.0,0.0,0,0,0.0,0.0,0,0,0.0,1180.59,1,0,0.0,1180.59,1,0,0.0,1
LGS2ORD0018328,C011326,2025-05-26 03:00:00,Female,46,Gold,Web,Bangkok,690,TV_Show,Bank_Transfer,3,5,0,0,40-50,23.0,2.0,1.0,0.5,52,5,3246.1749999999997,0.28,0.0,0.5,0.0,1095.16,1,0,0.0,1095.16,1,0,0.0,6492.349999999999,2,1,0.5,6492.349999999999,2,1,0.5,0
LGS2ORD0018329,C013937,2025-05-26 03:00:00,Male,40,Silver,Lazada,Khon Kaen,901,Shopee,COD,3,5,0,0,30-40,30.033333333333335,3.0,0.0,0.0,-1,106,7937.733333333334,0.3,1.0,0.3333333333333333,0.0,0.0,0,0,0.0,0.0,0,0,0.0,0.0,0,0,0.0,23813.2,3,0,0.0,1
LGS2ORD0018330,C012518,2025-05-26 04:00:00,Other,46,Bronze,CallCenter,Khon Kaen,468,Lazada,COD,4,5,0,0,40-50,15.6,5.0,1.0,0.2,67,5,7203.864,0.28,0.2,0.2,0.0,14959.54,1,0,0.0,16228.710000000001,2,0,0.0,17835.89,4,1,0.25,36019.32,5,1,0.2,0
LGS2ORD0018331,C010848,2025-05-26 04:00:00,Male,42,Bronze,Lazada,Chiang Mai,320,Lazada,COD,4,5,0,0,40-50,10.666666666666666,1.0,0.0,0.0,-1,102,330.6,0.03,0.0,0.0,0.0,0.0,0,0,0.0,0.0,0,0,0.0,0.0,0,0,0.0,330.6,1,0,0.0,0
LGS2ORD0018332,C017587,2025-05-26 04:00:00,Male,19,Gold,TV,Khon Kaen,623,Shopee,COD,4,5,0,0,<20,20.766666666666666,5.0,2.0,0.4,55,63,2876.548,0.33,0.6,0.4,0.0,0.0,0,0,0.0,0.0,0,0,0.0,7704.54,2,1,0.5,14382.74,5,2,0.4,0
LGS2ORD0018333,C010478,2025-05-26 04:00:00,Other,44,Gold,Lazada,Khon Kaen,762,Shopee,COD,4,5,0,0,40-50,25.4,1.0,0.0,0.0,-1,123,7464.13,0.2299999999999999,0.0,1.0,0.0,0.0,0,0,0.0,0.0,0,0,0.0,0.0,0,0,0.0,7464.13,1,0,0.0,1
LGS2ORD0018334,C017135,2025-05-26 04:00:00,Female,30,Bronze,TV,Bangkok,1551,Lazada,COD,4,5,0,0,20-30,51.7,3.0,0.0,0.0,-1,65,3275.6966666666667,0.28,0.3333333333333333,0.6666666666666666,0.0,0.0,0,0,0.0,0.0,0,0,0.0,1583.4,1,0,0.0,9827.09,3,0,0.0,0
LGS2ORD0018335,C014644,2025-05-26 05:00:00,Female,47,Bronze,TV,Chonburi,780,Web,Credit_Card,5,5,0,0,40-50,26.0,2.0,0.0,0.0,-1,20,18916.675,0.03,1.0,0.0,0.0,0.0,0,0,0.0,36956.84,1,0,0.0,36956.84,1,0,0.0,37833.35,2,0,0.0,0
LGS2ORD0018336,C016958,2025-05-26 05:00:00,Male,56,Silver,TV,Bangkok,1544,TV_Show,COD,5,5,0,0,>50,51.46666666666667,2.0,1.0,0.5,17,27,10149.965,0.25,0.0,0.5,0.0,0.0,0,0,0.0,2450.33,1,1,1.0,20299.93,2,1,0.5,20299.93,2,1,0.5,0
LGS2ORD0018337,C011014,2025-05-26 05:00:00,Male,48,Bronze,TV,Bangkok,846,Shopee,Credit_Card,5,5,0,0,40-50,28.2,3.0,1.0,0.3333333333333333,94,10,5062.3,0.18,0.6666666666666666,0.0,0.0,0.0,0,0,0.0,7815.98,1,0,0.0,9460.97,2,0,0.0,15186.9,3,1,0.3333333333333333,0
LGS2ORD0018338,C011997,2025-05-26 05:00:00,Male,50,Silver,TV,Khon Kaen,907,Lazada,COD,5,5,0,0,40-50,30.233333333333334,5.0,3.0,0.6,-3,1,6528.97,0.3,0.8,0.4,0.0,1652.3,1,1,1.0,1652.3,1,1,1.0,11731.72,3,2,0.6666666666666666,32644.850000000002,5,3,0.6,0
LGS2ORD0018339,C017237,2025-05-26 05:00:00,Female,59,Silver,Lazada,Bangkok,1079,Lazada,Credit_Card,5,5,0,0,>50,35.96666666666667,5.0,1.0,0.2,74,13,5820.264000000001,0.25,0.8,0.2,0.0,0.0,0,0,0.0,4102.01,1,0,0.0,29101.320000000007,5,1,0.2,29101.320000000007,5,1,0.2,0
LGS2ORD0018340,C012988,2025-05-26 06:00:00,Male,48,Bronze,Shopee,Nakhon Ratchasima,1345,Shopee,COD,6,5,0,0,40-50,44.833333333333336,2.0,0.0,0.0,-1,1,675.9549999999999,0.13,1.0,0.0,0.0,1070.33,1,0,0.0,1070.33,1,0,0.0,1351.9099999999999,2,0,0.0,1351.9099999999999,2,0,0.0,0
LGS2ORD0018341,C011379,2025-05-26 06:00:00,Female,33,Bronze,CallCenter,Nakhon Ratchasima,1224,Shopee,PromptPay,6,5,0,0,30-40,40.8,2.0,1.0,0.5,103,111,1119.29,0.23,1.0,0.5,0.0,0.0,0,0,0.0,0.0,0,0,0.0,0.0,0,0,0.0,2238.58,2,1,0.5,0
LGS2ORD0018342,C010372,2025-05-26 06:00:00,Male,52,Platinum,TV,Khon Kaen,297,Lazada,COD,6,5,0,0,>50,9.9,1.0,0.0,0.0,-1,38,1237.77,0.15,0.0,0.0,0.0,0.0,0,0,0.0,0.0,0,0,0.0,1237.77,1,0,0.0,1237.77,1,0,0.0,1
LGS2ORD0018343,C013376,2025-05-26 06:00:00,Male,37,Silver,Lazada,Bangkok,311,Shopee,COD,6,5,0,0,30-40,10.366666666666667,1.0,0.0,0.0,-1,67,2846.82,0.25,1.0,1.0,0.0,0.0,0,0,0.0,0.0,0,0,0.0,2846.82,1,0,0.0,2846.82,1,0,0.0,1
LGS2ORD0018344,C016897,2025-05-26 06:00:00,Male,56,Silver,TV,Chiang Mai,995,Shopee,COD,6,5,0,0,>50,33.166666666666664,3.0,0.0,0.0,-1,56,1773.4133333333332,0.15,0.6666666666666666,0.0,0.0,0.0,0,0,0.0,0.0,0,0,0.0,2476.9,1,0,0.0,5320.24,3,0,0.0,0
LGS2ORD0018345,C012447,2025-05-26 07:00:00,Female,61,Bronze,TV,Remote_Area,852,TV_Show,COD,7,5,0,0,>50,28.4,6.0,3.0,0.5,40,30,8147.0199999999995,0.18,0.8333333333333334,0.0,0.0,0.0,0,0,0.0,0.0,0,0,0.0,38268.28999999999,4,1,0.25,48882.119999999995,6,3,0.5,0
LGS2ORD0018346,C015836,2025-05-26 07:00:00,Female,48,Bronze,Shopee,Songkhla,1540,Web,COD,7,5,0,0,40-50,51.333333333333336,3.0,0.0,0.0,-1,78,5556.299999999999,0.18,0.0,0.0,0.0,0.0,0,0,0.0,0.0,0,0,0.0,4662.8,1,0,0.0,16668.899999999998,3,0,0.0,0
LGS2ORD0018347,C012540,2025-05-26 07:00:00,Female,52,Silver,Web,Songkhla,434,Shopee,PromptPay,7,5,0,0,>50,14.466666666666667,3.0,0.0,0.0,-1,2,8646.036666666667,0.3,0.3333333333333333,0.6666666666666666,0.0,16032.83,1,0,0.0,16032.83,1,0,0.0,17222.65,2,0,0.0,25938.11,3,0,0.0,1
LGS2ORD0018348,C017480,2025-05-26 07:00:00,Female,32,Bronze,Web,Khon Kaen,1168,TV_Show,COD,7,5,0,0,30-40,38.93333333333333,1.0,1.0,1.0,48,59,1229.85,0.03,1.0,0.0,0.0,0.0,0,0,0.0,0.0,0,0,0.0,1229.85,1,1,1.0,1229.85,1,1,1.0,0
LGS2ORD0018349,C015103,2025-05-26 07:00:00,Female,34,Bronze,Shopee,Bangkok,1367,TV_Show,Credit_Card,7,5,0,0,30-40,45.56666666666667,1.0,0.0,0.0,-1,4,2086.65,0.23,1.0,1.0,0.0,2086.65,1,0,0.0,2086.65,1,0,0.0,2086.65,1,0,0.0,2086.65,1,0,0.0,0
LGS2ORD0018350,C017284,2025-05-26 07:00:00,Female,49,Bronze,Shopee,Songkhla,641,Shopee,COD,7,5,0,0,40-50,21.366666666666667,5.0,1.0,0.2,98,78,3324.8419999999996,0.23,0.4,0.2,0.0,0.0,0,0,0.0,0.0,0,0,0.0,7679.889999999999,2,0,0.0,16624.21,5,1,0.2,1
LGS2ORD0018351,C015295,2025-05-26 08:00:00,Female,27,Bronze,CallCenter,Bangkok,506,Lazada,COD,8,5,0,0,20-30,16.866666666666667,6.0,0.0,0.0,-1,110,6871.850000000001,0.28,0.6666666666666666,0.3333333333333333,0.0,0.0,0,0,0.0,0.0,0,0,0.0,0.0,0,0,0.0,41231.100000000006,6,0,0.0,0
LGS2ORD0018352,C013609,2025-05-26 08:00:00,Male,45,Bronze,CallCenter,Songkhla,1343,Web,Credit_Card,8,5,0,0,40-50,44.766666666666666,1.0,0.0,0.0,-1,40,4577.08,0.03,0.0,0.0,0.0,0.0,0,0,0.0,0.0,0,0,0.0,4577.08,1,0,0.0,4577.08,1,0,0.0,0
LGS2ORD0018353,C010341,2025-05-26 08:00:00,Male,38,Bronze,TV,Remote_Area,357,Shopee,Credit_Card,8,5,0,0,30-40,11.9,4.0,2.0,0.5,103,100,10959.822499999998,0.23,0.75,0.5,0.0,0.0,0,0,0.0,0.0,0,0,0.0,0.0,0,0,0.0,43839.28999999999,4,2,0.5,1
LGS2ORD0018354,C014088,2025-05-26 08:00:00,Female,30,Silver,TV,Songkhla,526,Web,PromptPay,8,5,0,0,20-30,17.533333333333335,6.0,1.0,0.16666666666666666,77,70,7239.505,0.25,0.3333333333333333,0.16666666666666666,0.0,0.0,0,0,0.0,0.0,0,0,0.0,35172.77,4,1,0.25,43437.03,6,1,0.16666666666666666,0
LGS2ORD0018355,C017249,2025-05-26 08:00:00,Female,24,Bronze,Lazada,Bangkok,849,CallCenter,COD,8,5,0,0,20-30,28.3,2.0,0.0,0.0,-1,16,3467.085,0.18,0.0,0.0,0.0,0.0,0,0,0.0,853.13,1,0,0.0,853.13,1,0,0.0,6934.17,2,0,0.0,1
LGS2ORD0018356,C017543,2025-05-26 09:00:00,Female,34,Silver,Shopee,Chiang Mai,1043,Web,COD,9,5,0,0,30-40,34.766666666666666,1.0,0.0,0.0,-1,64,1208.03,0.25,1.0,1.0,0.0,0.0,0,0,0.0,0.0,0,0,0.0,1208.03,1,0,0.0,1208.03,1,0,0.0,0
LGS2ORD0018357,C016509,2025-05-26 09:00:00,Male,45,Gold,Shopee,Bangkok,532,Shopee,PromptPay,9,5,0,0,40-50,17.733333333333334,1.0,0.0,0.0,-1,37,6608.82,0.13,0.0,0.0,0.0,0.0,0,0,0.0,0.0,0,0,0.0,6608.82,1,0,0.0,6608.82,1,0,0.0,0
LGS2ORD0018358,C017045,2025-05-26 09:00:00,Female,18,Bronze,TV,Remote_Area,1206,Lazada,Credit_Card,9,5,0,0,<20,40.2,1.0,0.0,0.0,-1,107,3655.69,0.28,0.0,1.0,0.0,0.0,0,0,0.0,0.0,0,0,0.0,0.0,0,0,0.0,3655.69,1,0,0.0,0
LGS2ORD0018359,C011540,2025-05-26 09:00:00,Female,27,Silver,Web,Bangkok,546,Web,PromptPay,9,5,0,0,20-30,18.2,1.0,0.0,0.0,-1,97,8577.2,0.2,0.0,0.0,0.0,0.0,0,0,0.0,0.0,0,0,0.0,0.0,0,0,0.0,8577.2,1,0,0.0,0
LGS2ORD0018360,C015347,2025-05-26 09:00:00,Male,33,Bronze,TV,Chiang Mai,697,Shopee,COD,9,5,0,0,30-40,23.233333333333334,5.0,0.0,0.0,-1,53,3604.012,0.23,0.4,0.2,0.0,0.0,0,0,0.0,0.0,0,0,0.0,3424.65,1,0,0.0,18020.06,5,0,0.0,0
LGS2ORD0018361,C016027,2025-05-26 10:00:00,Male,34,Gold,Web,Bangkok,1372,CallCenter,COD,10,5,0,0,30-40,45.733333333333334,5.0,1.0,0.2,127,24,10998.41,0.2299999999999999,0.6,0.8,0.0,0.0,0,0,0.0,18862.66,2,0,0.0,53100.130000000005,4,0,0.0,54992.05,5,1,0.2,0
LGS2ORD0018362,C015326,2025-05-26 10:00:00,Male,22,Bronze,Lazada,Chonburi,168,CallCenter,COD,10,5,0,0,20-30,5.6,3.0,0.0,0.0,-1,13,3919.0866666666666,0.28,0.3333333333333333,0.3333333333333333,0.0,0.0,0,0,0.0,2253.35,1,0,0.0,11757.26,3,0,0.0,11757.26,3,0,0.0,0
LGS2ORD0018363,C017778,2025-05-26 10:00:00,Male,37,Platinum,CallCenter,Bangkok,1155,Lazada,COD,10,5,0,0,30-40,38.5,3.0,1.0,0.3333333333333333,98,15,5362.349999999999,0.15,0.3333333333333333,0.0,0.0,0.0,0,0,0.0,3928.92,1,0,0.0,6160.65,2,0,0.0,16087.05,3,1,0.3333333333333333,0
LGS2ORD0018364,C015988,2025-05-26 10:00:00,Male,27,Platinum,Web,Chonburi,691,CallCenter,PromptPay,10,5,0,0,20-30,23.033333333333335,2.0,0.0,0.0,-1,18,8916.99,0.15,0.5,0.0,0.0,0.0,0,0,0.0,14800.43,1,0,0.0,14800.43,1,0,0.0,17833.98,2,0,0.0,0
LGS2ORD0018365,C014452,2025-05-26 10:00:00,Male,43,Bronze,Web,Nakhon Ratchasima,877,Shopee,PromptPay,10,5,0,0,40-50,29.233333333333334,1.0,1.0,1.0,57,61,3465.45,0.18,1.0,0.0,0.0,0.0,0,0,0.0,0.0,0,0,0.0,3465.45,1,1,1.0,3465.45,1,1,1.0,0
LGS2ORD0018366,C013267,2025-05-26 11:00:00,Female,34,Silver,Shopee,Remote_Area,390,Web,COD,11,5,0,0,30-40,13.0,5.0,2.0,0.4,37,8,7895.364,0.2,0.8,0.0,0.0,0.0,0,0,0.0,11221.67,1,0,0.0,17459.78,3,1,0.3333333333333333,39476.82,5,2,0.4,0
LGS2ORD0018367,C015074,2025-05-26 11:00:00,Female,55,Silver,Shopee,Nakhon Ratchasima,200,TV_Show,COD,11,5,0,0,>50,6.666666666666667,4.0,1.0,0.25,70,58,1181.3775,0.3,0.5,0.75,0.0,0.0,0,0,0.0,0.0,0,0,0.0,2553.54,3,1,0.3333333333333333,4725.51,4,1,0.25,0
LGS2ORD0018368,C011938,2025-05-26 11:00:00,Male,36,Silver,Shopee,Bangkok,1117,TV_Show,Credit_Card,11,5,0,0,30-40,37.233333333333334,3.0,1.0,0.3333333333333333,90,46,4078.3866666666668,0.15,0.6666666666666666,0.0,0.0,0.0,0,0,0.0,0.0,0,0,0.0,4897.52,1,0,0.0,12235.16,3,1,0.3333333333333333,0
LGS2ORD0018369,C011566,2025-05-26 11:00:00,Male,38,Gold,Shopee,Khon Kaen,1357,Shopee,COD,11,5,0,0,30-40,45.233333333333334,4.0,1.0,0.25,47,45,3106.3,0.33,0.5,0.5,0.0,0.0,0,0,0.0,0.0,0,0,0.0,7934.889999999999,2,1,0.5,12425.2,4,1,0.25,0
LGS2ORD0018370,C013825,2025-05-26 11:00:00,Male,46,Gold,Lazada,Bangkok,1436,Shopee,COD,11,5,0,0,40-50,47.86666666666667,1.0,0.0,0.0,-1,63,41671.02,0.13,0.0,0.0,0.0,0.0,0,0,0.0,0.0,0,0,0.0,41671.02,1,0,0.0,41671.02,1,0,0.0,1
LGS2ORD0018371,C010109,2025-05-26 11:00:00,Female,19,Bronze,TV,Bangkok,759,Web,Bank_Transfer,11,5,0,0,<20,25.3,3.0,2.0,0.6666666666666666,-1,12,7811.093333333333,0.28,1.0,0.3333333333333333,0.0,0.0,0,0,0.0,3568.76,1,1,1.0,18843.45,2,1,0.5,23433.28,3,2,0.6666666666666666,1
LGS2ORD0018372,C013320,2025-05-26 12:00:00,Male,50,Silver,CallCenter,Remote_Area,948,Web,COD,12,5,0,0,40-50,31.6,3.0,2.0,0.6666666666666666,68,59,2887.06,0.3,0.3333333333333333,0.6666666666666666,0.0,0.0,0,0,0.0,0.0,0,0,0.0,8661.18,3,2,0.6666666666666666,8661.18,3,2,0.6666666666666666,0
LGS2ORD0018373,C012523,2025-05-26 12:00:00,Female,51,Bronze,TV,Chonburi,1227,Shopee,COD,12,5,0,0,>50,40.9,2.0,1.0,0.5,129,78,11834.64,0.23,0.5,0.5,0.0,0.0,0,0,0.0,0.0,0,0,0.0,13836.4,1,0,0.0,23669.28,2,1,0.5,0
LGS2ORD0018374,C014125,2025-05-26 12:00:00,Female,45,Gold,CallCenter,Khon Kaen,379,Lazada,Credit_Card,12,5,0,0,40-50,12.633333333333333,2.0,0.0,0.0,-1,40,3512.5649999999996,0.33,1.0,0.5,0.0,0.0,0,0,0.0,0.0,0,0,0.0,6154.9,1,0,0.0,7025.129999999999,2,0,0.0,0
LGS2ORD0018375,C013830,2025-05-26 12:00:00,Male,61,Gold,Lazada,Bangkok,535,Shopee,COD,12,5,0,0,>50,17.833333333333332,3.0,0.0,0.0,-1,64,9664.86,0.28,0.3333333333333333,0.6666666666666666,0.0,0.0,0,0,0.0,0.0,0,0,0.0,22437.0,1,0,0.0,28994.58,3,0,0.0,0
LGS2ORD0018376,C016934,2025-05-26 12:00:00,Female,53,Bronze,Web,Bangkok,866,Shopee,Credit_Card,12,5,0,0,>50,28.866666666666667,3.0,0.0,0.0,-1,1,4605.583333333333,0.18,0.3333333333333333,0.0,0.0,10812.95,1,0,0.0,10812.95,1,0,0.0,12026.140000000001,2,0,0.0,13816.75,3,0,0.0,0
LGS2ORD0018377,C011828,2025-05-26 13:00:00,Male,29,Silver,Web,Bangkok,1094,Web,Bank_Transfer,13,5,0,0,20-30,36.46666666666667,1.0,1.0,1.0,116,130,10618.39,0.2,1.0,0.0,0.0,0.0,0,0,0.0,0.0,0,0,0.0,0.0,0,0,0.0,10618.39,1,1,1.0,0
LGS2ORD0018378,C016842,2025-05-26 13:00:00,Female,22,Silver,Web,Bangkok,793,Shopee,Credit_Card,13,5,0,0,20-30,26.433333333333334,2.0,0.0,0.0,-1,29,2976.04,0.05,1.0,0.0,0.0,0.0,0,0,0.0,1817.96,1,0,0.0,1817.96,1,0,0.0,5952.08,2,0,0.0,0
LGS2ORD0018379,C015305,2025-05-26 13:00:00,Female,49,Silver,CallCenter,Bangkok,1522,Shopee,COD,13,5,0,0,40-50,50.733333333333334,1.0,1.0,1.0,35,47,2200.26,0.15,0.0,0.0,0.0,0.0,0,0,0.0,0.0,0,0,0.0,2200.26,1,1,1.0,2200.26,1,1,1.0,0
LGS2ORD0018380,C013335,2025-05-26 13:00:00,Male,45,Platinum,Lazada,Remote_Area,1178,Shopee,COD,13,5,0,0,40-50,39.266666666666666,3.0,0.0,0.0,-1,1,4360.11,0.1,0.3333333333333333,0.0,0.0,3678.58,1,0,0.0,3678.58,1,0,0.0,5777.58,2,0,0.0,13080.33,3,0,0.0,1
LGS2ORD0018381,C015169,2025-05-26 13:00:00,Female,44,Bronze,TV,Bangkok,1241,TV_Show,COD,13,5,0,0,40-50,41.36666666666667,3.0,0.0,0.0,-1,44,7741.959999999999,0.23,0.3333333333333333,0.6666666666666666,0.0,0.0,0,0,0.0,0.0,0,0,0.0,22086.32,2,0,0.0,23225.879999999997,3,0,0.0,1
LGS2ORD0018382,C015233,2025-05-26 14:00:00,Female,23,Gold,Shopee,Khon Kaen,1063,Shopee,Credit_Card,14,5,0,0,20-30,35.43333333333333,1.0,0.0,0.0,-1,52,1647.41,0.2299999999999999,1.0,1.0,0.0,0.0,0,0,0.0,0.0,0,0,0.0,1647.41,1,0,0.0,1647.41,1,0,0.0,0
LGS2ORD0018383,C014992,2025-05-26 14:00:00,Other,48,Platinum,Web,Chiang Mai,928,Lazada,PromptPay,14,5,0,0,40-50,30.933333333333334,2.0,0.0,0.0,-1,17,7562.795,0.25,0.5,0.5,0.0,0.0,0,0,0.0,571.01,1,0,0.0,15125.59,2,0,0.0,15125.59,2,0,0.0,0
LGS2ORD0018384,C016503,2025-05-26 14:00:00,Female,25,Bronze,Shopee,Remote_Area,1587,Shopee,Credit_Card,14,5,0,0,20-30,52.9,5.0,2.0,0.4,61,5,2991.6459999999997,0.23,0.8,0.2,0.0,1113.39,1,0,0.0,6969.02,2,0,0.0,14958.23,5,2,0.4,14958.23,5,2,0.4,0
LGS2ORD0018385,C014807,2025-05-26 14:00:00,Male,62,Silver,Web,Khon Kaen,908,Web,Credit_Card,14,5,0,0,>50,30.266666666666666,5.0,1.0,0.2,45,20,7382.575999999999,0.2,0.4,0.0,0.0,0.0,0,0,0.0,5013.92,1,0,0.0,35660.38,4,1,0.25,36912.88,5,1,0.2,0
LGS2ORD0018386,C014949,2025-05-26 14:00:00,Male,41,Silver,TV,Chonburi,364,TV_Show,COD,14,5,0,0,40-50,12.133333333333333,2.0,0.0,0.0,-1,17,3865.825,0.1,1.0,0.0,0.0,0.0,0,0,0.0,7731.65,2,0,0.0,7731.65,2,0,0.0,7731.65,2,0,0.0,1
LGS2ORD0018387,C013278,2025-05-26 15:00:00,Male,34,Silver,TV,Khon Kaen,1421,TV_Show,COD,15,5,0,0,30-40,47.36666666666667,2.0,0.0,0.0,-1,95,6163.54,0.2,1.0,0.0,0.0,0.0,0,0,0.0,0.0,0,0,0.0,0.0,0,0,0.0,12327.08,2,0,0.0,0
LGS2ORD0018388,C013491,2025-05-26 15:00:00,Male,55,Gold,TV,Khon Kaen,389,Web,PromptPay,15,5,0,0,>50,12.966666666666667,5.0,2.0,0.4,-1,10,5296.674,0.28,0.8,0.4,0.2,0.0,0,0,0.0,3028.48,1,1,1.0,20249.52,3,1,0.3333333333333333,26483.37,5,2,0.4,0
LGS2ORD0018389,C010002,2025-05-26 15:00:00,Male,34,Platinum,Lazada,Bangkok,450,Lazada,PromptPay,15,5,0,0,30-40,15.0,0.0,0.0,0.0,-1,-1,0.0,0.0,0.0,0.0,0.0,0.0,0,0,0.0,0.0,0,0,0.0,0.0,0,0,0.0,0.0,0,0,0.0,1
LGS2ORD0018390,C014946,2025-05-26 15:00:00,Male,36,Bronze,TV,Khon Kaen,1201,Lazada,Credit_Card,15,5,0,0,30-40,40.03333333333333,3.0,2.0,0.6666666666666666,4,10,4112.106666666667,0.18,0.6666666666666666,0.0,0.0,0.0,0,0,0.0,7584.93,1,1,1.0,12336.32,3,2,0.6666666666666666,12336.32,3,2,0.6666666666666666,0
LGS2ORD0018391,C014585,2025-05-26 15:00:00,Male,55,Bronze,TV,Khon Kaen,683,Shopee,Credit_Card,15,5,0,0,>50,22.766666666666666,4.0,0.0,0.0,-1,3,4847.765,0.18,1.0,0.0,0.0,4361.27,1,0,0.0,12405.28,2,0,0.0,18246.99,3,0,0.0,19391.06,4,0,0.0,0
LGS2ORD0018392,C017265,2025-05-26 15:00:00,Male,37,Bronze,TV,Phuket,1388,Shopee,Bank_Transfer,15,5,0,0,30-40,46.266666666666666,1.0,0.0,0.0,-1,121,2181.98,0.03,1.0,0.0,0.0,0.0,0,0,0.0,0.0,0,0,0.0,0.0,0,0,0.0,2181.98,1,0,0.0,0
LGS2ORD0018393,C017403,2025-05-26 16:00:00,Female,72,Silver,CallCenter,Chiang Mai,1292,TV_Show,Credit_Card,16,5,0,0,>50,43.06666666666667,0.0,0.0,0.0,-1,-1,0.0,0.0,0.0,0.0,0.0,0.0,0,0,0.0,0.0,0,0,0.0,0.0,0,0,0.0,0.0,0,0,0.0,0
LGS2ORD0018394,C012354,2025-05-26 16:00:00,Female,49,Bronze,Lazada,Bangkok,178,Shopee,COD,16,5,0,0,40-50,5.933333333333334,2.0,0.0,0.0,-1,25,5474.08,0.18,0.5,0.0,0.0,0.0,0,0,0.0,7299.0,1,0,0.0,10948.16,2,0,0.0,10948.16,2,0,0.0,1
LGS2ORD0018395,C013003,2025-05-26 16:00:00,Female,42,Bronze,Lazada,Chiang Mai,923,Web,Credit_Card,16,5,0,0,40-50,30.766666666666666,5.0,0.0,0.0,-1,47,3663.436,0.18,0.0,0.0,0.0,0.0,0,0,0.0,0.0,0,0,0.0,10858.52,1,0,0.0,18317.18,5,0,0.0,0
LGS2ORD0018396,C011298,2025-05-26 16:00:00,Female,49,Silver,TV,Chiang Mai,1589,TV_Show,Bank_Transfer,16,5,0,0,40-50,52.96666666666667,0.0,0.0,0.0,-1,-1,0.0,0.0,0.0,0.0,0.0,0.0,0,0,0.0,0.0,0,0,0.0,0.0,0,0,0.0,0.0,0,0,0.0,0
LGS2ORD0018397,C012332,2025-05-26 16:00:00,Female,59,Bronze,Web,Chiang Mai,967,TV_Show,PromptPay,16,5,0,0,>50,32.233333333333334,1.0,0.0,0.0,-1,33,2400.46,0.18,0.0,0.0,0.0,0.0,0,0,0.0,0.0,0,0,0.0,2400.46,1,0,0.0,2400.46,1,0,0.0,0
LGS2ORD0018398,C016658,2025-05-26 17:00:00,Male,47,Silver,Lazada,Chiang Mai,567,Web,COD,17,5,0,0,40-50,18.9,3.0,1.0,0.3333333333333333,6,14,9826.216666666667,0.25,0.3333333333333333,0.3333333333333333,0.0,0.0,0,0,0.0,6527.06,1,1,1.0,6527.06,1,1,1.0,29478.65,3,1,0.3333333333333333,0
LGS2ORD0018399,C011501,2025-05-26 17:00:00,Female,56,Bronze,TV,Remote_Area,1055,TV_Show,COD,17,5,0,0,>50,35.166666666666664,2.0,1.0,0.5,132,83,2785.67,0.18,1.0,0.0,0.0,0.0,0,0,0.0,0.0,0,0,0.0,4289.69,1,0,0.0,5571.34,2,1,0.5,0
LGS2ORD0018400,C012452,2025-05-26 17:00:00,Female,38,Bronze,TV,Bangkok,1359,Shopee,PromptPay,17,5,0,0,30-40,45.3,4.0,0.0,0.0,-1,22,2814.5875,0.23,0.75,0.25,0.0,0.0,0,0,0.0,4034.19,1,0,0.0,11258.35,4,0,0.0,11258.35,4,0,0.0,0
LGS2ORD0018401,C016693,2025-05-26 17:00:00,Male,45,Platinum,Lazada,Bangkok,1525,TV_Show,Bank_Transfer,17,5,0,0,40-50,50.833333333333336,2.0,0.0,0.0,-1,39,1419.935,0.1,0.5,0.0,0.0,0.0,0,0,0.0,0.0,0,0,0.0,2008.47,1,0,0.0,2839.87,2,0,0.0,0
LGS2ORD0018402,C010500,2025-05-26 17:00:00,Male,27,Silver,TV,Bangkok,198,Web,COD,17,5,0,0,20-30,6.6,0.0,0.0,0.0,-1,-1,0.0,0.0,0.0,0.0,0.0,0.0,0,0,0.0,0.0,0,0,0.0,0.0,0,0,0.0,0.0,0,0,0.0,1
LGS2ORD0018403,C016291,2025-05-26 18:00:00,Female,42,Bronze,TV,Bangkok,502,Shopee,COD,18,5,0,0,40-50,16.733333333333334,1.0,1.0,1.0,8,11,744.97,0.08,1.0,0.0,0.0,0.0,0,0,0.0,744.97,1,1,1.0,744.97,1,1,1.0,744.97,1,1,1.0,0
LGS2ORD0018404,C016007,2025-05-26 18:00:00,Female,43,Silver,TV,Phuket,1104,CallCenter,COD,18,5,0,0,40-50,36.8,4.0,2.0,0.5,20,35,8429.1325,0.25,0.5,0.25,0.0,0.0,0,0,0.0,0.0,0,0,0.0,23798.84,2,1,0.5,33716.53,4,2,0.5,0
LGS2ORD0018405,C011364,2025-05-26 18:00:00,Male,44,Silver,Web,Khon Kaen,1522,Shopee,Bank_Transfer,18,5,0,0,40-50,50.733333333333334,5.0,0.0,0.0,-1,25,5830.879999999999,0.25,1.0,0.2,0.0,0.0,0,0,0.0,1935.95,1,0,0.0,28380.71,4,0,0.0,29154.399999999998,5,0,0.0,0
LGS2ORD0018406,C012262,2025-05-26 18:00:00,Male,43,Platinum,TV,Bangkok,789,Web,COD,18,5,0,0,40-50,26.3,2.0,0.0,0.0,-1,62,2779.695,0.15,0.5,0.0,0.0,0.0,0,0,0.0,0.0,0,0,0.0,5559.39,2,0,0.0,5559.39,2,0,0.0,0
LGS2ORD0018407,C016056,2025-05-26 18:00:00,Female,31,Bronze,Web,Phuket,268,CallCenter,COD,18,5,0,0,30-40,8.933333333333334,3.0,1.0,0.3333333333333333,5,2,9138.786666666667,0.28,0.6666666666666666,0.6666666666666666,0.0,16551.13,1,0,0.0,17389.16,2,1,0.5,17389.16,2,1,0.5,27416.36,3,1,0.3333333333333333,1
LGS2ORD0018408,C013349,2025-05-26 19:00:00,Female,37,Bronze,TV,Khon Kaen,490,Shopee,PromptPay,19,5,0,0,30-40,16.333333333333332,3.0,0.0,0.0,-1,23,1391.86,0.28,1.0,0.3333333333333333,0.0,0.0,0,0,0.0,1948.75,1,0,0.0,1948.75,1,0,0.0,4175.58,3,0,0.0,0
LGS2ORD0018409,C015939,2025-05-26 19:00:00,Female,46,Bronze,Lazada,Bangkok,161,Web,COD,19,5,0,0,40-50,5.366666666666666,0.0,0.0,0.0,-1,-1,0.0,0.0,0.0,0.0,0.0,0.0,0,0,0.0,0.0,0,0,0.0,0.0,0,0,0.0,0.0,0,0,0.0,1
LGS2ORD0018410,C015972,2025-05-26 19:00:00,Male,46,Gold,CallCenter,Bangkok,1546,Web,COD,19,5,0,0,40-50,51.53333333333333,4.0,0.0,0.0,-1,8,7182.8525,0.28,0.5,0.75,0.0,0.0,0,0,0.0,14954.02,1,0,0.0,14954.02,1,0,0.0,28731.41,4,0,0.0,0
LGS2ORD0018411,C015611,2025-05-26 19:00:00,Female,40,Gold,TV,Bangkok,397,Shopee,Credit_Card,19,5,0,0,30-40,13.233333333333333,0.0,0.0,0.0,-1,-1,0.0,0.0,0.0,0.0,0.0,0.0,0,0,0.0,0.0,0,0,0.0,0.0,0,0,0.0,0.0,0,0,0.0,0
LGS2ORD0018412,C016974,2025-05-26 19:00:00,Female,40,Bronze,TV,Khon Kaen,528,TV_Show,Credit_Card,19,5,0,0,30-40,17.6,1.0,0.0,0.0,-1,100,30805.81,0.03,0.0,0.0,0.0,0.0,0,0,0.0,0.0,0,0,0.0,0.0,0,0,0.0,30805.81,1,0,0.0,0
LGS2ORD0018413,C011937,2025-05-26 19:00:00,Female,46,Gold,TV,Bangkok,575,Shopee,COD,19,5,0,0,40-50,19.166666666666668,3.0,1.0,0.3333333333333333,38,36,1818.1366666666665,0.33,0.3333333333333333,1.0,0.0,0.0,0,0,0.0,0.0,0,0,0.0,2643.3199999999997,2,1,0.5,5454.41,3,1,0.3333333333333333,0
LGS2ORD0018414,C016520,2025-05-26 20:00:00,Male,61,Bronze,CallCenter,Khon Kaen,963,Shopee,COD,20,5,0,0,>50,32.1,3.0,2.0,0.6666666666666666,106,56,8524.063333333334,0.28,0.6666666666666666,0.3333333333333333,0.0,0.0,0,0,0.0,0.0,0,0,0.0,17719.52,1,0,0.0,25572.190000000002,3,2,0.6666666666666666,1
LGS2ORD0018415,C014189,2025-05-26 20:00:00,Female,27,Bronze,Lazada,Khon Kaen,784,Lazada,Credit_Card,20,5,0,0,20-30,26.133333333333333,1.0,1.0,1.0,1,13,1089.89,0.23,1.0,1.0,0.0,0.0,0,0,0.0,1089.89,1,1,1.0,1089.89,1,1,1.0,1089.89,1,1,1.0,0
LGS2ORD0018416,C014986,2025-05-26 20:00:00,Male,49,Silver,Shopee,Bangkok,645,TV_Show,COD,20,5,0,0,40-50,21.5,4.0,0.0,0.0,-1,14,3103.4125,0.3,0.0,0.5,0.0,0.0,0,0,0.0,3347.74,2,0,0.0,9180.29,3,0,0.0,12413.65,4,0,0.0,1
LGS2ORD0018417,C013421,2025-05-26 20:00:00,Male,38,Gold,Lazada,Bangkok,943,Shopee,COD,20,5,0,0,30-40,31.433333333333334,0.0,0.0,0.0,-1,-1,0.0,0.0,0.0,0.0,0.0,0.0,0,0,0.0,0.0,0,0,0.0,0.0,0,0,0.0,0.0,0,0,0.0,1
LGS2ORD0018418,C015790,2025-05-26 20:00:00,Male,36,Bronze,CallCenter,Bangkok,1552,Lazada,COD,20,5,0,0,30-40,51.733333333333334,1.0,0.0,0.0,-1,37,3784.23,0.18,0.0,0.0,0.0,0.0,0,0,0.0,0.0,0,0,0.0,3784.23,1,0,0.0,3784.23,1,0,0.0,0
LGS2ORD0018419,C010581,2025-05-26 21:00:00,Male,41,Platinum,Lazada,Chiang Mai,721,Shopee,PromptPay,21,5,0,0,40-50,24.033333333333335,3.0,0.0,0.0,-1,121,5339.013333333333,0.35,0.3333333333333333,0.3333333333333333,0.0,0.0,0,0,0.0,0.0,0,0,0.0,0.0,0,0,0.0,16017.04,3,0,0.0,0
LGS2ORD0018420,C014274,2025-05-26 21:00:00,Female,55,Bronze,Web,Bangkok,944,TV_Show,PromptPay,21,5,0,0,>50,31.466666666666665,1.0,1.0,1.0,18,35,2201.98,0.18,1.0,0.0,0.0,0.0,0,0,0.0,0.0,0,0,0.0,2201.98,1,1,1.0,2201.98,1,1,1.0,0
LGS2ORD0018421,C016782,2025-05-26 21:00:00,Female,28,Silver,Web,Nakhon Ratchasima,349,Lazada,COD,21,5,0,0,20-30,11.633333333333333,0.0,0.0,0.0,-1,-1,0.0,0.0,0.0,0.0,0.0,0.0,0,0,0.0,0.0,0,0,0.0,0.0,0,0,0.0,0.0,0,0,0.0,1
LGS2ORD0018422,C011259,2025-05-26 21:00:00,Other,40,Gold,Lazada,Khon Kaen,1219,TV_Show,PromptPay,21,5,0,0,30-40,40.63333333333333,1.0,0.0,0.0,-1,68,982.63,0.33,0.0,1.0,0.0,0.0,0,0,0.0,0.0,0,0,0.0,982.63,1,0,0.0,982.63,1,0,0.0,0
LGS2ORD0018423,C015703,2025-05-26 21:00:00,Female,32,Silver,TV,Nakhon Ratchasima,686,TV_Show,COD,21,5,0,0,30-40,22.866666666666667,0.0,0.0,0.0,-1,-1,0.0,0.0,0.0,0.0,0.0,0.0,0,0,0.0,0.0,0,0,0.0,0.0,0,0,0.0,0.0,0,0,0.0,1
LGS2ORD0018424,C011377,2025-05-26 22:00:00,Female,21,Bronze,TV,Phuket,526,Web,Credit_Card,22,5,0,0,20-30,17.533333333333335,4.0,2.0,0.5,4,16,5509.91,0.28,1.0,0.5,0.0,0.0,0,0,0.0,12872.62,3,2,0.6666666666666666,22039.64,4,2,0.5,22039.64,4,2,0.5,0
LGS2ORD0018425,C016515,2025-05-26 22:00:00,Male,23,Silver,Web,Bangkok,1515,Web,COD,22,5,0,0,20-30,50.5,1.0,1.0,1.0,30,45,957.48,0.2,0.0,0.0,0.0,0.0,0,0,0.0,0.0,0,0,0.0,957.48,1,1,1.0,957.48,1,1,1.0,0
LGS2ORD0018426,C016928,2025-05-26 22:00:00,Female,36,Gold,Lazada,Nakhon Ratchasima,573,Web,COD,22,5,0,0,30-40,19.1,1.0,0.0,0.0,-1,123,862.8,0.33,1.0,1.0,0.0,0.0,0,0,0.0,0.0,0,0,0.0,0.0,0,0,0.0,862.8,1,0,0.0,1
LGS2ORD0018427,C016792,2025-05-26 22:00:00,Male,34,Bronze,TV,Khon Kaen,1274,Shopee,Bank_Transfer,22,5,0,0,30-40,42.46666666666667,0.0,0.0,0.0,-1,-1,0.0,0.0,0.0,0.0,0.0,0.0,0,0,0.0,0.0,0,0,0.0,0.0,0,0,0.0,0.0,0,0,0.0,0
LGS2ORD0018428,C013198,2025-05-26 22:00:00,Female,18,Silver,Lazada,Phuket,1122,Shopee,Bank_Transfer,22,5,0,0,<20,37.4,1.0,1.0,1.0,107,111,810.07,0.05,1.0,0.0,0.0,0.0,0,0,0.0,0.0,0,0,0.0,0.0,0,0,0.0,810.07,1,1,1.0,0
LGS2ORD0018429,C012440,2025-05-26 22:00:00,Female,48,Silver,TV,Khon Kaen,755,CallCenter,PromptPay,22,5,0,0,40-50,25.166666666666668,4.0,0.0,0.0,-1,1,3429.5874999999996,0.25,0.5,0.25,0.0,1546.87,1,0,0.0,1546.87,1,0,0.0,5661.92,3,0,0.0,13718.349999999999,4,0,0.0,0
LGS2ORD0018430,C016469,2025-05-26 23:00:00,Male,40,Silver,TV,Chiang Mai,1451,Shopee,Credit_Card,23,5,0,0,30-40,48.36666666666667,6.0,4.0,0.6666666666666666,25,7,2873.0166666666664,0.25,0.3333333333333333,0.16666666666666666,0.0,0.0,0,0,0.0,5437.26,1,0,0.0,6943.450000000001,3,1,0.3333333333333333,17238.1,6,4,0.6666666666666666,1
LGS2ORD0018431,C012606,2025-05-26 23:00:00,Male,43,Bronze,TV,Bangkok,808,Web,Credit_Card,23,5,0,0,40-50,26.933333333333334,1.0,0.0,0.0,-1,29,2206.03,0.08,0.0,0.0,0.0,0.0,0,0,0.0,2206.03,1,0,0.0,2206.03,1,0,0.0,2206.03,1,0,0.0,1
LGS2ORD0018432,C017682,2025-05-26 23:00:00,Male,33,Platinum,TV,Chiang Mai,1188,Lazada,PromptPay,23,5,0,0,30-40,39.6,3.0,0.0,0.0,-1,20,1626.4233333333334,0.25,0.0,0.3333333333333333,0.0,0.0,0,0,0.0,3242.31,2,0,0.0,3242.31,2,0,0.0,4879.27,3,0,0.0,0
LGS2ORD0018433,C010490,2025-05-26 23:00:00,Male,41,Bronze,CallCenter,Songkhla,1390,TV_Show,PromptPay,23,5,0,0,40-50,46.333333333333336,3.0,1.0,0.3333333333333333,80,82,7178.653333333333,0.03,0.3333333333333333,0.0,0.0,0.0,0,0,0.0,0.0,0,0,0.0,11717.11,2,0,0.0,21535.96,3,1,0.3333333333333333,0
LGS2ORD0018434,C013633,2025-05-26 23:00:00,Male,47,Bronze,Shopee,Chonburi,1403,TV_Show,COD,23,5,0,0,40-50,46.766666666666666,0.0,0.0,0.0,-1,-1,0.0,0.0,0.0,0.0,0.0,0.0,0,0,0.0,0.0,0,0,0.0,0.0,0,0,0.0,0.0,0,0,0.0,0
LGS2ORD0018435,C016198,2025-05-27 00:00:00,Male,67,Silver,Lazada,Bangkok,986,Web,COD,0,5,1,0,>50,32.86666666666667,0.0,0.0,0.0,-1,-1,0.0,0.0,0.0,0.0,0.0,0.0,0,0,0.0,0.0,0,0,0.0,0.0,0,0,0.0,0.0,0,0,0.0,1
LGS2ORD0018436,C010260,2025-05-27 00:00:00,Male,52,Gold,Lazada,Songkhla,401,CallCenter,Credit_Card,0,5,1,0,>50,13.366666666666667,2.0,0.0,0.0,-1,71,6309.02,0.08,0.0,0.0,0.0,0.0,0,0,0.0,0.0,0,0,0.0,1992.77,1,0,0.0,12618.04,2,0,0.0,0
LGS2ORD0018437,C016537,2025-05-27 00:00:00,Male,56,Bronze,Web,Chonburi,1243,CallCenter,COD,0,5,1,0,>50,41.43333333333333,1.0,0.0,0.0,-1,18,3865.01,0.03,1.0,0.0,0.0,0.0,0,0,0.0,3865.01,1,0,0.0,3865.01,1,0,0.0,3865.01,1,0,0.0,0
LGS2ORD0018438,C016164,2025-05-27 00:00:00,Male,57,Silver,Web,Remote_Area,276,Web,COD,0,5,1,0,>50,9.2,4.0,3.0,0.75,22,26,3465.0575000000003,0.25,0.5,0.25,0.0,0.0,0,0,0.0,1634.99,1,1,1.0,10675.269999999999,3,2,0.6666666666666666,13860.230000000001,4,3,0.75,1
LGS2ORD0018439,C016576,2025-05-27 00:00:00,Female,18,Bronze,Web,Chonburi,915,TV_Show,Credit_Card,0,5,1,0,<20,30.5,5.0,2.0,0.4,29,10,4213.816000000001,0.23,0.8,0.2,0.0,0.0,0,0,0.0,11744.34,2,0,0.0,19099.68,4,1,0.25,21069.08,5,2,0.4,0
LGS2ORD0018440,C012412,2025-05-27 01:00:00,Female,43,Platinum,Web,Chiang Mai,677,CallCenter,COD,1,5,1,0,40-50,22.566666666666666,2.0,0.0,0.0,-1,9,7416.895,0.25,0.0,0.5,0.0,0.0,0,0,0.0,14833.79,2,0,0.0,14833.79,2,0,0.0,14833.79,2,0,0.0,0
LGS2ORD0018441,C013375,2025-05-27 01:00:00,Male,29,Platinum,TV,Bangkok,336,TV_Show,Credit_Card,1,5,1,0,20-30,11.2,2.0,0.0,0.0,-1,104,2527.3900000000003,0.2,0.0,0.0,0.0,0.0,0,0,0.0,0.0,0,0,0.0,0.0,0,0,0.0,5054.780000000001,2,0,0.0,0
LGS2ORD0018442,C015783,2025-05-27 01:00:00,Female,44,Gold,CallCenter,Chonburi,665,Web,Credit_Card,1,5,1,0,40-50,22.166666666666668,2.0,0.0,0.0,-1,99,3344.37,0.18,0.5,0.0,0.0,0.0,0,0,0.0,0.0,0,0,0.0,0.0,0,0,0.0,6688.74,2,0,0.0,0
LGS2ORD0018443,C016747,2025-05-27 01:00:00,Female,26,Bronze,TV,Bangkok,1569,TV_Show,COD,1,5,1,0,20-30,52.3,4.0,2.0,0.5,29,3,1921.1025,0.23,0.25,0.25,0.0,3914.33,2,0,0.0,3914.33,2,0,0.0,7684.41,4,2,0.5,7684.41,4,2,0.5,1
LGS2ORD0018444,C013006,2025-05-27 01:00:00,Male,20,Bronze,CallCenter,Remote_Area,833,Lazada,COD,1,5,1,0,<20,27.766666666666666,1.0,1.0,1.0,72,88,1765.08,0.03,1.0,0.0,0.0,0.0,0,0,0.0,0.0,0,0,0.0,1765.08,1,1,1.0,1765.08,1,1,1.0,0
LGS2ORD0018445,C017718,2025-05-27 02:00:00,Female,24,Gold,Shopee,Songkhla,486,Lazada,PromptPay,2,5,1,0,20-30,16.2,7.0,2.0,0.2857142857142857,88,31,8134.001428571429,0.28,0.14285714285714285,0.2857142857142857,0.0,0.0,0,0,0.0,0.0,0,0,0.0,2305.43,1,0,0.0,56938.01,7,2,0.2857142857142857,0
LGS2ORD0018446,C015254,2025-05-27 02:00:00,Female,44,Silver,TV,Nakhon Ratchasima,1551,Shopee,Credit_Card,2,5,1,0,40-50,51.7,3.0,2.0,0.6666666666666666,18,1,2783.4266666666663,0.2,1.0,0.0,0.0,1971.3,1,0,0.0,1971.3,1,0,0.0,2822.38,2,1,0.5,8350.279999999999,3,2,0.6666666666666666,0
LGS2ORD0018447,C017980,2025-05-27 02:00:00,Female,49,Bronze,TV,Chiang Mai,820,TV_Show,Credit_Card,2,5,1,0,40-50,27.333333333333332,4.0,1.0,0.25,-3,4,6182.6975,0.13,0.25,0.0,0.0,2058.65,1,1,1.0,22667.99,3,1,0.3333333333333333,24730.79,4,1,0.25,24730.79,4,1,0.25,1
LGS2ORD0018448,C017022,2025-05-27 02:00:00,Female,60,Bronze,Shopee,Chonburi,681,Web,Bank_Transfer,2,5,1,0,>50,22.7,3.0,1.0,0.3333333333333333,83,60,11924.69,0.23,0.6666666666666666,0.3333333333333333,0.0,0.0,0,0,0.0,0.0,0,0,0.0,34087.59,2,0,0.0,35774.07,3,1,0.3333333333333333,0
LGS2ORD0018449,C013358,2025-05-27 02:00:00,Female,71,Bronze,TV,Bangkok,326,Web,COD,2,5,1,0,>50,10.866666666666667,4.0,0.0,0.0,-1,16,3090.1525,0.08,0.75,0.0,0.0,0.0,0,0,0.0,1883.08,1,0,0.0,4538.43,2,0,0.0,12360.61,4,0,0.0,0
LGS2ORD0018450,C011850,2025-05-27 02:00:00,Male,57,Bronze,Shopee,Remote_Area,448,TV_Show,COD,2,5,1,0,>50,14.933333333333334,4.0,2.0,0.5,19,29,2007.0375,0.18,1.0,0.0,0.0,0.0,0,0,0.0,1558.08,1,1,1.0,8028.15,4,2,0.5,8028.15,4,2,0.5,0
LGS2ORD0018451,C011319,2025-05-27 03:00:00,Male,45,Silver,Shopee,Khon Kaen,1011,Web,PromptPay,3,5,1,0,40-50,33.7,1.0,1.0,1.0,117,133,1500.17,0.05,1.0,0.0,0.0,0.0,0,0,0.0,0.0,0,0,0.0,0.0,0,0,0.0,1500.17,1,1,1.0,0
LGS2ORD0018452,C016347,2025-05-27 03:00:00,Male,46,Bronze,Web,Phuket,634,CallCenter,COD,3,5,1,0,40-50,21.133333333333333,1.0,0.0,0.0,-1,120,12920.2,0.08,1.0,0.0,0.0,0.0,0,0,0.0,0.0,0,0,0.0,0.0,0,0,0.0,12920.2,1,0,0.0,0
LGS2ORD0018453,C010019,2025-05-27 03:00:00,Male,39,Silver,Web,Chiang Mai,392,Shopee,Credit_Card,3,5,1,0,30-40,13.066666666666666,1.0,0.0,0.0,-1,76,672.29,0.25,0.0,1.0,0.0,0.0,0,0,0.0,0.0,0,0,0.0,672.29,1,0,0.0,672.29,1,0,0.0,0
LGS2ORD0018454,C014587,2025-05-27 03:00:00,Male,27,Gold,TV,Bangkok,1307,Lazada,Credit_Card,3,5,1,0,20-30,43.56666666666667,2.0,0.0,0.0,-1,40,9244.425000000001,0.28,0.0,0.5,0.0,0.0,0,0,0.0,0.0,0,0,0.0,18488.850000000002,2,0,0.0,18488.850000000002,2,0,0.0,0
LGS2ORD0018455,C014440,2025-05-27 03:00:00,Male,53,Bronze,Lazada,Nakhon Ratchasima,444,Web,PromptPay,3,5,1,0,>50,14.8,3.0,2.0,0.6666666666666666,47,57,4265.123333333334,0.03,0.0,0.0,0.0,0.0,0,0,0.0,0.0,0,0,0.0,885.74,1,1,1.0,12795.37,3,2,0.6666666666666666,0
LGS2ORD0018456,C010842,2025-05-27 04:00:00,Female,64,Gold,Shopee,Chonburi,866,Shopee,COD,4,5,1,0,>50,28.866666666666667,3.0,1.0,0.3333333333333333,95,24,1282.7166666666665,0.28,0.3333333333333333,0.3333333333333333,0.0,0.0,0,0,0.0,2015.53,1,0,0.0,2015.53,1,0,0.0,3848.1499999999996,3,1,0.3333333333333333,0
LGS2ORD0018457,C012823,2025-05-27 04:00:00,Female,56,Bronze,Web,Phuket,1363,TV_Show,COD,4,5,1,0,>50,45.43333333333333,3.0,1.0,0.3333333333333333,84,48,5396.133333333334,0.28,0.6666666666666666,0.3333333333333333,0.0,0.0,0,0,0.0,0.0,0,0,0.0,11222.900000000001,2,0,0.0,16188.400000000001,3,1,0.3333333333333333,1
LGS2ORD0018458,C010875,2025-05-27 04:00:00,Male,54,Bronze,CallCenter,Chonburi,836,Web,COD,4,5,1,0,>50,27.866666666666667,5.0,1.0,0.2,52,26,3328.45,0.18,0.4,0.0,0.0,0.0,0,0,0.0,683.59,1,0,0.0,8395.55,3,1,0.3333333333333333,16642.25,5,1,0.2,0
LGS2ORD0018459,C014426,2025-05-27 04:00:00,Female,67,Bronze,Shopee,Bangkok,1203,Shopee,COD,4,5,1,0,>50,40.1,2.0,1.0,0.5,100,115,1632.245,0.18,1.0,0.0,0.0,0.0,0,0,0.0,0.0,0,0,0.0,0.0,0,0,0.0,3264.49,2,1,0.5,1
LGS2ORD0018460,C016926,2025-05-27 04:00:00,Male,67,Bronze,TV,Remote_Area,755,Shopee,COD,4,5,1,0,>50,25.166666666666668,2.0,0.0,0.0,-1,2,1826.89,0.08,1.0,0.0,0.0,876.21,1,0,0.0,876.21,1,0,0.0,876.21,1,0,0.0,3653.78,2,0,0.0,1
LGS2ORD0018461,C017365,2025-05-27 05:00:00,Female,42,Gold,Shopee,Bangkok,343,TV_Show,COD,5,5,1,0,40-50,11.433333333333334,3.0,1.0,0.3333333333333333,97,78,10978.443333333335,0.28,0.3333333333333333,1.0,0.0,0.0,0,0,0.0,0.0,0,0,0.0,1505.27,1,0,0.0,32935.33,3,1,0.3333333333333333,0
LGS2ORD0018462,C015213,2025-05-27 05:00:00,Male,36,Silver,Shopee,Nakhon Ratchasima,589,CallCenter,COD,5,5,1,0,30-40,19.633333333333333,1.0,0.0,0.0,-1,51,318.75,0.3,0.0,1.0,0.0,0.0,0,0,0.0,0.0,0,0,0.0,318.75,1,0,0.0,318.75,1,0,0.0,1
LGS2ORD0018463,C010233,2025-05-27 05:00:00,Male,26,Gold,Web,Khon Kaen,628,CallCenter,Credit_Card,5,5,1,0,20-30,20.933333333333334,2.0,0.0,0.0,-1,40,3995.0950000000003,0.33,0.5,1.0,0.0,0.0,0,0,0.0,0.0,0,0,0.0,7990.1900000000005,2,0,0.0,7990.1900000000005,2,0,0.0,0
LGS2ORD0018464,C012060,2025-05-27 05:00:00,Female,39,Gold,TV,Bangkok,530,CallCenter,COD,5,5,1,0,30-40,17.666666666666668,2.0,1.0,0.5,55,61,3319.33,0.28,0.0,0.5,0.0,0.0,0,0,0.0,0.0,0,0,0.0,2721.09,1,1,1.0,6638.66,2,1,0.5,0
LGS2ORD0018465,C016100,2025-05-27 05:00:00,Male,59,Bronze,TV,Khon Kaen,1092,Shopee,COD,5,5,1,0,>50,36.4,2.0,1.0,0.5,35,43,8094.865000000001,0.28,0.5,1.0,0.0,0.0,0,0,0.0,0.0,0,0,0.0,3981.78,1,1,1.0,16189.730000000001,2,1,0.5,1
LGS2ORD0018466,C011501,2025-05-27 06:00:00,Female,56,Bronze,TV,Remote_Area,1056,Web,Bank_Transfer,6,5,1,0,>50,35.2,3.0,1.0,0.3333333333333333,133,0,9517.346666666666,0.18,1.0,0.0,0.0,22980.7,1,0,0.0,22980.7,1,0,0.0,27270.39,2,0,0.0,28552.04,3,1,0.3333333333333333,0
LGS2ORD0018467,C011057,2025-05-27 06:00:00,Female,51,Bronze,Shopee,Nakhon Ratchasima,556,TV_Show,Bank_Transfer,6,5,1,0,>50,18.533333333333335,4.0,0.0,0.0,-1,3,6960.4525,0.28,0.75,0.5,0.0,16855.88,1,0,0.0,16855.88,1,0,0.0,26206.030000000002,3,0,0.0,27841.81,4,0,0.0,0
LGS2ORD0018468,C011181,2025-05-27 06:00:00,Female,40,Bronze,TV,Bangkok,493,Shopee,Bank_Transfer,6,5,1,0,30-40,16.433333333333334,1.0,0.0,0.0,-1,77,9942.76,0.18,1.0,0.0,0.0,0.0,0,0,0.0,0.0,0,0,0.0,9942.76,1,0,0.0,9942.76,1,0,0.0,0
LGS2ORD0018469,C016754,2025-05-27 06:00:00,Female,38,Silver,Lazada,Bangkok,1292,Shopee,COD,6,5,1,0,30-40,43.06666666666667,7.0,1.0,0.14285714285714285,-2,12,4236.428571428572,0.25,0.2857142857142857,0.14285714285714285,0.0,0.0,0,0,0.0,3152.36,1,1,1.0,17396.25,3,1,0.3333333333333333,29655.0,7,1,0.14285714285714285,0
LGS2ORD0018470,C012179,2025-05-27 06:00:00,Male,36,Silver,Shopee,Bangkok,210,TV_Show,COD,6,5,1,0,30-40,7.0,5.0,1.0,0.2,13,31,9307.24,0.2,0.4,0.0,0.0,0.0,0,0,0.0,0.0,0,0,0.0,36813.39,4,1,0.25,46536.2,5,1,0.2,1
LGS2ORD0018471,C014100,2025-05-27 06:00:00,Male,36,Silver,Web,Bangkok,282,Shopee,COD,6,5,1,0,30-40,9.4,1.0,0.0,0.0,-1,11,11329.97,0.2,0.0,0.0,0.0,0.0,0,0,0.0,11329.97,1,0,0.0,11329.97,1,0,0.0,11329.97,1,0,0.0,0
LGS2ORD0018472,C012294,2025-05-27 07:00:00,Male,40,Silver,Shopee,Khon Kaen,390,Shopee,Credit_Card,7,5,1,0,30-40,13.0,0.0,0.0,0.0,-1,-1,0.0,0.0,0.0,0.0,0.0,0.0,0,0,0.0,0.0,0,0,0.0,0.0,0,0,0.0,0.0,0,0,0.0,0
LGS2ORD0018473,C017821,2025-05-27 07:00:00,Female,46,Silver,Shopee,Nakhon Ratchasima,784,CallCenter,COD,7,5,1,0,40-50,26.133333333333333,1.0,0.0,0.0,-1,105,1835.94,0.3,1.0,1.0,0.0,0.0,0,0,0.0,0.0,0,0,0.0,0.0,0,0,0.0,1835.94,1,0,0.0,1
LGS2ORD0018474,C013479,2025-05-27 07:00:00,Male,27,Silver,TV,Songkhla,498,Web,Credit_Card,7,5,1,0,20-30,16.6,1.0,1.0,1.0,128,136,937.3,0.2,1.0,0.0,0.0,0.0,0,0,0.0,0.0,0,0,0.0,0.0,0,0,0.0,937.3,1,1,1.0,0
LGS2ORD0018475,C014111,2025-05-27 07:00:00,Male,34,Bronze,TV,Bangkok,724,Web,COD,7,5,1,0,30-40,24.133333333333333,0.0,0.0,0.0,-1,-1,0.0,0.0,0.0,0.0,0.0,0.0,0,0,0.0,0.0,0,0,0.0,0.0,0,0,0.0,0.0,0,0,0.0,1
LGS2ORD0018476,C010810,2025-05-27 07:00:00,Male,56,Gold,Lazada,Chiang Mai,663,Shopee,Bank_Transfer,7,5,1,0,>50,22.1,1.0,0.0,0.0,-1,38,4045.07,0.2299999999999999,0.0,1.0,0.0,0.0,0,0,0.0,0.0,0,0,0.0,4045.07,1,0,0.0,4045.07,1,0,0.0,0
LGS2ORD0018477,C012508,2025-05-27 08:00:00,Male,53,Bronze,Lazada,Songkhla,757,Shopee,Credit_Card,8,5,1,0,>50,25.233333333333334,2.0,2.0,1.0,62,67,1022.4000000000001,0.18,0.5,0.0,0.0,0.0,0,0,0.0,0.0,0,0,0.0,2044.8000000000002,2,2,1.0,2044.8000000000002,2,2,1.0,0
LGS2ORD0018478,C012806,2025-05-27 08:00:00,Male,56,Gold,Shopee,Bangkok,1333,Lazada,Bank_Transfer,8,5,1,0,>50,44.43333333333333,2.0,0.0,0.0,-1,99,6794.675,0.33,0.0,0.5,0.0,0.0,0,0,0.0,0.0,0,0,0.0,0.0,0,0,0.0,13589.35,2,0,0.0,0
LGS2ORD0018479,C014639,2025-05-27 08:00:00,Male,64,Bronze,TV,Remote_Area,1018,TV_Show,PromptPay,8,5,1,0,>50,33.93333333333333,5.0,2.0,0.4,91,10,3589.0319999999992,0.23,0.8,0.2,0.0,0.0,0,0,0.0,1723.0,1,0,0.0,5152.719999999999,2,0,0.0,17945.159999999996,5,2,0.4,1
LGS2ORD0018480,C011959,2025-05-27 08:00:00,Male,18,Platinum,Web,Phuket,712,Web,Bank_Transfer,8,5,1,0,<20,23.733333333333334,4.0,1.0,0.25,51,21,11117.897500000001,0.3,0.5,0.25,0.0,0.0,0,0,0.0,2598.55,1,0,0.0,19562.76,2,1,0.5,44471.590000000004,4,1,0.25,1
LGS2ORD0018481,C013648,2025-05-27 08:00:00,Female,61,Bronze,TV,Bangkok,561,CallCenter,Credit_Card,8,5,1,0,>50,18.7,2.0,0.0,0.0,-1,71,9942.865000000002,0.13,0.5,0.0,0.0,0.0,0,0,0.0,0.0,0,0,0.0,1496.74,1,0,0.0,19885.730000000003,2,0,0.0,0
LGS2ORD0018482,C015999,2025-05-27 09:00:00,Male,40,Silver,Lazada,Remote_Area,297,CallCenter,Credit_Card,9,5,1,0,30-40,9.9,3.0,1.0,0.3333333333333333,119,27,7223.91,0.3,0.6666666666666666,0.6666666666666666,0.0,0.0,0,0,0.0,20369.55,1,0,0.0,20921.94,2,0,0.0,21671.73,3,1,0.3333333333333333,0
LGS2ORD0018483,C012958,2025-05-27 09:00:00,Male,40,Silver,Lazada,Bangkok,1490,Shopee,Bank_Transfer,9,5,1,0,30-40,49.666666666666664,2.0,1.0,0.5,41,57,1780.8649999999998,0.25,1.0,0.5,0.0,0.0,0,0,0.0,0.0,0,0,0.0,1242.36,1,1,1.0,3561.7299999999996,2,1,0.5,0
LGS2ORD0018484,C012021,2025-05-27 09:00:00,Male,41,Gold,Web,Songkhla,1112,CallCenter,Bank_Transfer,9,5,1,0,40-50,37.06666666666667,0.0,0.0,0.0,-1,-1,0.0,0.0,0.0,0.0,0.0,0.0,0,0,0.0,0.0,0,0,0.0,0.0,0,0,0.0,0.0,0,0,0.0,0
LGS2ORD0018485,C016047,2025-05-27 09:00:00,Male,25,Bronze,Shopee,Nakhon Ratchasima,1011,Web,COD,9,5,1,0,20-30,33.7,3.0,2.0,0.6666666666666666,-3,7,2180.9233333333336,0.23,0.3333333333333333,0.3333333333333333,0.0,0.0,0,0,0.0,4742.07,2,1,0.5,6542.77,3,2,0.6666666666666666,6542.77,3,2,0.6666666666666666,0
LGS2ORD0018486,C017540,2025-05-27 09:00:00,Male,38,Gold,TV,Phuket,857,Lazada,COD,9,5,1,0,30-40,28.566666666666666,1.0,0.0,0.0,-1,104,2154.39,0.28,0.0,1.0,0.0,0.0,0,0,0.0,0.0,0,0,0.0,0.0,0,0,0.0,2154.39,1,0,0.0,0
LGS2ORD0018487,C016518,2025-05-27 10:00:00,Female,30,Bronze,TV,Phuket,1117,Web,Credit_Card,10,5,1,0,20-30,37.233333333333334,7.0,2.0,0.2857142857142857,25,2,3203.4228571428575,0.18,0.2857142857142857,0.0,0.0,2169.75,1,0,0.0,2169.75,1,0,0.0,21231.780000000002,6,1,0.16666666666666666,22423.960000000003,7,2,0.2857142857142857,0
LGS2ORD0018488,C014794,2025-05-27 10:00:00,Male,66,Bronze,CallCenter,Chiang Mai,1565,TV_Show,COD,10,5,1,0,>50,52.166666666666664,3.0,1.0,0.3333333333333333,0,3,4391.463333333334,0.23,0.6666666666666666,0.3333333333333333,0.0,1806.26,1,1,1.0,13174.390000000001,3,1,0.3333333333333333,13174.390000000001,3,1,0.3333333333333333,13174.390000000001,3,1,0.3333333333333333,1
LGS2ORD0018489,C010472,2025-05-27 10:00:00,Female,35,Silver,Lazada,Bangkok,1600,TV_Show,Bank_Transfer,10,5,1,0,30-40,53.333333333333336,1.0,0.0,0.0,-1,142,1044.69,0.05,0.0,0.0,0.0,0.0,0,0,0.0,0.0,0,0,0.0,0.0,0,0,0.0,1044.69,1,0,0.0,0
LGS2ORD0018490,C010167,2025-05-27 10:00:00,Male,57,Bronze,TV,Bangkok,1097,TV_Show,COD,10,5,1,0,>50,36.56666666666667,3.0,1.0,0.3333333333333333,58,13,5168.3099999999995,0.13,0.3333333333333333,0.0,0.0,0.0,0,0,0.0,1889.55,1,0,0.0,3694.2799999999997,2,1,0.5,15504.929999999998,3,1,0.3333333333333333,0
LGS2ORD0018491,C017934,2025-05-27 10:00:00,Male,57,Silver,Shopee,Phuket,362,Shopee,Bank_Transfer,10,5,1,0,>50,12.066666666666666,1.0,0.0,0.0,-1,120,4740.05,0.2,1.0,0.0,0.0,0.0,0,0,0.0,0.0,0,0,0.0,0.0,0,0,0.0,4740.05,1,0,0.0,0
LGS2ORD0018492,C012404,2025-05-27 10:00:00,Female,67,Bronze,Lazada,Nakhon Ratchasima,723,CallCenter,COD,10,5,1,0,>50,24.1,1.0,1.0,1.0,116,126,1026.82,0.18,1.0,0.0,0.0,0.0,0,0,0.0,0.0,0,0,0.0,0.0,0,0,0.0,1026.82,1,1,1.0,0
LGS2ORD0018493,C011856,2025-05-27 11:00:00,Female,43,Bronze,Web,Khon Kaen,661,TV_Show,Bank_Transfer,11,5,1,0,40-50,22.033333333333335,1.0,1.0,1.0,80,87,830.53,0.08,1.0,0.0,0.0,0.0,0,0,0.0,0.0,0,0,0.0,830.53,1,1,1.0,830.53,1,1,1.0,0
LGS2ORD0018494,C015000,2025-05-27 11:00:00,Male,43,Bronze,Shopee,Remote_Area,801,CallCenter,Credit_Card,11,5,1,0,40-50,26.7,2.0,0.0,0.0,-1,5,4783.410000000001,0.18,0.0,0.0,0.0,1119.95,1,0,0.0,1119.95,1,0,0.0,9566.820000000002,2,0,0.0,9566.820000000002,2,0,0.0,0
LGS2ORD0018495,C011984,2025-05-27 11:00:00,Male,44,Bronze,TV,Khon Kaen,264,Shopee,Credit_Card,11,5,1,0,40-50,8.8,0.0,0.0,0.0,-1,-1,0.0,0.0,0.0,0.0,0.0,0.0,0,0,0.0,0.0,0,0,0.0,0.0,0,0,0.0,0.0,0,0,0.0,0
LGS2ORD0018496,C010736,2025-05-27 11:00:00,Male,33,Bronze,Shopee,Remote_Area,859,Shopee,COD,11,5,1,0,30-40,28.633333333333333,6.0,1.0,0.16666666666666666,70,28,1343.9483333333333,0.28,0.5,0.5,0.0,0.0,0,0,0.0,1886.95,1,0,0.0,5389.88,4,1,0.25,8063.69,6,1,0.16666666666666666,1
LGS2ORD0018497,C012797,2025-05-27 11:00:00,Female,26,Bronze,Web,Bangkok,459,TV_Show,COD,11,5,1,0,20-30,15.3,0.0,0.0,0.0,-1,-1,0.0,0.0,0.0,0.0,0.0,0.0,0,0,0.0,0.0,0,0,0.0,0.0,0,0,0.0,0.0,0,0,0.0,1
LGS2ORD0018498,C011665,2025-05-27 12:00:00,Female,23,Bronze,TV,Chiang Mai,931,Web,Credit_Card,12,5,1,0,20-30,31.033333333333335,2.0,0.0,0.0,-1,14,2096.7,0.23,0.5,0.5,0.0,0.0,0,0,0.0,1978.83,1,0,0.0,4193.4,2,0,0.0,4193.4,2,0,0.0,0
LGS2ORD0018499,C010350,2025-05-27 12:00:00,Female,26,Gold,Shopee,Bangkok,1497,Web,Bank_Transfer,12,5,1,0,20-30,49.9,0.0,0.0,0.0,-1,-1,0.0,0.0,0.0,0.0,0.0,0.0,0,0,0.0,0.0,0,0,0.0,0.0,0,0,0.0,0.0,0,0,0.0,0
LGS2ORD0018500,C015412,2025-05-27 12:00:00,Male,39,Silver,Shopee,Nakhon Ratchasima,621,Shopee,COD,12,5,1,0,30-40,20.7,4.0,1.0,0.25,83,15,3708.7374999999997,0.25,0.5,0.25,0.0,0.0,0,0,0.0,1447.55,1,0,0.0,1447.55,1,0,0.0,14834.949999999999,4,1,0.25,1
LGS2ORD0018501,C014927,2025-05-27 12:00:00,Male,47,Bronze,Shopee,Bangkok,354,Shopee,COD,12,5,1,0,40-50,11.8,3.0,0.0,0.0,-1,64,3136.9666666666667,0.18,1.0,0.0,0.0,0.0,0,0,0.0,0.0,0,0,0.0,1693.58,1,0,0.0,9410.9,3,0,0.0,0
LGS2ORD0018502,C014251,2025-05-27 12:00:00,Female,48,Gold,TV,Bangkok,1526,TV_Show,COD,12,5,1,0,40-50,50.86666666666667,3.0,0.0,0.0,-1,47,7937.93,0.28,0.6666666666666666,0.6666666666666666,0.0,0.0,0,0,0.0,0.0,0,0,0.0,1211.09,1,0,0.0,23813.79,3,0,0.0,0
LGS2ORD0018503,C012468,2025-05-27 13:00:00,Male,50,Gold,Lazada,Chiang Mai,334,Shopee,COD,13,5,1,0,40-50,11.133333333333333,2.0,0.0,0.0,-1,23,6608.025000000001,0.33,1.0,0.5,0.0,0.0,0,0,0.0,12375.78,1,0,0.0,12375.78,1,0,0.0,13216.050000000001,2,0,0.0,1
LGS2ORD0018504,C011385,2025-05-27 13:00:00,Female,57,Bronze,TV,Bangkok,184,Web,COD,13,5,1,0,>50,6.133333333333334,6.0,1.0,0.16666666666666666,-1,6,4815.946666666666,0.23,0.5,0.3333333333333333,0.0,2095.55,1,1,1.0,8016.04,2,1,0.5,28895.679999999997,6,1,0.16666666666666666,28895.679999999997,6,1,0.16666666666666666,0
LGS2ORD0018505,C010817,2025-05-27 13:00:00,Female,41,Silver,Web,Remote_Area,221,Web,COD,13,5,1,0,40-50,7.366666666666666,2.0,1.0,0.5,25,30,4938.3099999999995,0.25,0.0,0.5,0.0,0.0,0,0,0.0,0.0,0,0,0.0,9876.619999999999,2,1,0.5,9876.619999999999,2,1,0.5,1
LGS2ORD0018506,C013188,2025-05-27 13:00:00,Female,39,Silver,Web,Bangkok,401,Web,PromptPay,13,5,1,0,30-40,13.366666666666667,1.0,0.0,0.0,-1,43,1622.56,0.2,1.0,0.0,0.0,0.0,0,0,0.0,0.0,0,0,0.0,1622.56,1,0,0.0,1622.56,1,0,0.0,0
LGS2ORD0018507,C015061,2025-05-27 13:00:00,Male,40,Gold,Web,Bangkok,1381,TV_Show,COD,13,5,1,0,30-40,46.03333333333333,3.0,0.0,0.0,-1,41,3423.4266666666667,0.33,0.6666666666666666,0.6666666666666666,0.0,0.0,0,0,0.0,0.0,0,0,0.0,9837.900000000001,2,0,0.0,10270.28,3,0,0.0,0
LGS2ORD0018508,C017540,2025-05-27 14:00:00,Male,38,Gold,TV,Phuket,857,TV_Show,COD,14,5,1,0,30-40,28.566666666666666,2.0,0.0,0.0,-1,0,2388.54,0.28,0.5,1.0,0.0,2622.69,1,0,0.0,2622.69,1,0,0.0,2622.69,1,0,0.0,4777.08,2,0,0.0,1
LGS2ORD0018509,C016442,2025-05-27 14:00:00,Male,51,Silver,Web,Remote_Area,319,CallCenter,Credit_Card,14,5,1,0,>50,10.633333333333333,2.0,0.0,0.0,-1,16,7581.365,0.15,0.5,0.0,0.0,0.0,0,0,0.0,2905.96,1,0,0.0,2905.96,1,0,0.0,15162.73,2,0,0.0,0
LGS2ORD0018510,C011899,2025-05-27 14:00:00,Female,27,Silver,Web,Chiang Mai,722,Lazada,PromptPay,14,5,1,0,20-30,24.066666666666666,3.0,2.0,0.6666666666666666,11,26,8616.456666666667,0.3,0.6666666666666666,0.3333333333333333,0.0,0.0,0,0,0.0,13288.9,1,1,1.0,25849.37,3,2,0.6666666666666666,25849.37,3,2,0.6666666666666666,0
LGS2ORD0018511,C014747,2025-05-27 14:00:00,Female,21,Bronze,Web,Phuket,908,Lazada,COD,14,5,1,0,20-30,30.266666666666666,3.0,2.0,0.6666666666666666,23,31,1890.6633333333332,0.18,0.6666666666666666,0.0,0.0,0.0,0,0,0.0,0.0,0,0,0.0,4601.24,2,2,1.0,5671.99,3,2,0.6666666666666666,0
LGS2ORD0018512,C017868,2025-05-27 14:00:00,Female,35,Silver,Web,Bangkok,681,Lazada,COD,14,5,1,0,30-40,22.7,1.0,0.0,0.0,-1,119,2274.24,0.2,1.0,0.0,0.0,0.0,0,0,0.0,0.0,0,0,0.0,0.0,0,0,0.0,2274.24,1,0,0.0,1
LGS2ORD0018513,C012639,2025-05-27 14:00:00,Female,33,Bronze,CallCenter,Bangkok,1507,Shopee,Credit_Card,14,5,1,0,30-40,50.233333333333334,0.0,0.0,0.0,-1,-1,0.0,0.0,0.0,0.0,0.0,0.0,0,0,0.0,0.0,0,0,0.0,0.0,0,0,0.0,0.0,0,0,0.0,1
LGS2ORD0018514,C011652,2025-05-27 15:00:00,Male,63,Bronze,Lazada,Chonburi,1567,Web,PromptPay,15,5,1,0,>50,52.233333333333334,0.0,0.0,0.0,-1,-1,0.0,0.0,0.0,0.0,0.0,0.0,0,0,0.0,0.0,0,0,0.0,0.0,0,0,0.0,0.0,0,0,0.0,1
LGS2ORD0018515,C010273,2025-05-27 15:00:00,Female,47,Gold,Lazada,Bangkok,958,TV_Show,COD,15,5,1,0,40-50,31.933333333333334,1.0,0.0,0.0,-1,127,15195.07,0.18,1.0,0.0,0.0,0.0,0,0,0.0,0.0,0,0,0.0,0.0,0,0,0.0,15195.07,1,0,0.0,1
LGS2ORD0018516,C016685,2025-05-27 15:00:00,Male,37,Gold,TV,Bangkok,324,Shopee,Credit_Card,15,5,1,0,30-40,10.8,0.0,0.0,0.0,-1,-1,0.0,0.0,0.0,0.0,0.0,0.0,0,0,0.0,0.0,0,0,0.0,0.0,0,0,0.0,0.0,0,0,0.0,1
LGS2ORD0018517,C014598,2025-05-27 15:00:00,Male,54,Bronze,TV,Bangkok,1523,Shopee,COD,15,5,1,0,>50,50.766666666666666,2.0,1.0,0.5,128,25,9634.365,0.08,1.0,0.0,0.0,0.0,0,0,0.0,18379.7,1,0,0.0,18379.7,1,0,0.0,19268.73,2,1,0.5,1
LGS2ORD0018518,C014351,2025-05-27 15:00:00,Male,30,Gold,Shopee,Phuket,866,Shopee,COD,15,5,1,0,20-30,28.866666666666667,4.0,1.0,0.25,36,50,4322.455000000001,0.13,0.5,0.0,0.0,0.0,0,0,0.0,0.0,0,0,0.0,13556.21,3,1,0.3333333333333333,17289.820000000003,4,1,0.25,1
LGS2ORD0018519,C017603,2025-05-27 16:00:00,Male,42,Bronze,TV,Bangkok,456,Shopee,PromptPay,16,5,1,0,40-50,15.2,1.0,1.0,1.0,60,73,1504.67,0.23,1.0,1.0,0.0,0.0,0,0,0.0,0.0,0,0,0.0,1504.67,1,1,1.0,1504.67,1,1,1.0,0
LGS2ORD0018520,C015174,2025-05-27 16:00:00,Male,47,Silver,Lazada,Bangkok,779,Shopee,Credit_Card,16,5,1,0,40-50,25.966666666666665,1.0,0.0,0.0,-1,94,11085.44,0.15,1.0,0.0,0.0,0.0,0,0,0.0,0.0,0,0,0.0,0.0,0,0,0.0,11085.44,1,0,0.0,0
LGS2ORD0018521,C013802,2025-05-27 16:00:00,Female,49,Gold,TV,Khon Kaen,1323,Web,PromptPay,16,5,1,0,40-50,44.1,0.0,0.0,0.0,-1,-1,0.0,0.0,0.0,0.0,0.0,0.0,0,0,0.0,0.0,0,0,0.0,0.0,0,0,0.0,0.0,0,0,0.0,1
LGS2ORD0018522,C013536,2025-05-27 16:00:00,Female,52,Silver,Web,Bangkok,878,Web,Credit_Card,16,5,1,0,>50,29.266666666666666,2.0,0.0,0.0,-1,61,6007.795,0.25,0.5,0.5,0.0,0.0,0,0,0.0,0.0,0,0,0.0,1921.95,1,0,0.0,12015.59,2,0,0.0,0
LGS2ORD0018523,C016040,2025-05-27 16:00:00,Female,67,Silver,Web,Bangkok,330,Shopee,Credit_Card,16,5,1,0,>50,11.0,3.0,2.0,0.6666666666666666,46,55,7664.040000000001,0.1,0.3333333333333333,0.0,0.0,0.0,0,0,0.0,0.0,0,0,0.0,22992.120000000003,3,2,0.6666666666666666,22992.120000000003,3,2,0.6666666666666666,0
LGS2ORD0018524,C014639,2025-05-27 17:00:00,Male,64,Bronze,TV,Remote_Area,1018,Shopee,Credit_Card,17,5,1,0,>50,33.93333333333333,6.0,3.0,0.5,-16,0,3847.606666666666,0.23,0.6666666666666666,0.16666666666666666,0.0,5140.48,1,1,1.0,6863.48,2,1,0.5,10293.199999999999,3,1,0.3333333333333333,23085.639999999996,6,3,0.5,0
LGS2ORD0018525,C016455,2025-05-27 17:00:00,Female,20,Bronze,CallCenter,Bangkok,1334,CallCenter,COD,17,5,1,0,<20,44.46666666666667,3.0,1.0,0.3333333333333333,102,57,11578.013333333334,0.18,0.3333333333333333,0.0,0.0,0.0,0,0,0.0,0.0,0,0,0.0,17892.13,1,0,0.0,34734.04,3,1,0.3333333333333333,0
LGS2ORD0018526,C017672,2025-05-27 17:00:00,Male,50,Silver,Shopee,Songkhla,600,Web,PromptPay,17,5,1,0,40-50,20.0,1.0,1.0,1.0,31,45,694.92,0.3,1.0,1.0,0.0,0.0,0,0,0.0,0.0,0,0,0.0,694.92,1,1,1.0,694.92,1,1,1.0,0
LGS2ORD0018527,C013648,2025-05-27 17:00:00,Female,61,Bronze,TV,Bangkok,561,Web,Credit_Card,17,5,1,0,>50,18.7,3.0,0.0,0.0,-1,0,11993.580000000002,0.13,0.3333333333333333,0.0,0.0,16095.01,1,0,0.0,16095.01,1,0,0.0,17591.75,2,0,0.0,35980.740000000005,3,0,0.0,0
LGS2ORD0018528,C012638,2025-05-27 17:00:00,Female,52,Bronze,Lazada,Chonburi,295,TV_Show,Credit_Card,17,5,1,0,>50,9.833333333333334,2.0,0.0,0.0,-1,61,5091.615,0.13,1.0,0.0,0.0,0.0,0,0,0.0,0.0,0,0,0.0,4402.27,1,0,0.0,10183.23,2,0,0.0,0
LGS2ORD0018529,C015876,2025-05-27 18:00:00,Female,37,Bronze,Web,Songkhla,556,TV_Show,Bank_Transfer,18,5,1,0,30-40,18.533333333333335,2.0,0.0,0.0,-1,36,2827.2250000000004,0.23,0.5,0.5,0.0,0.0,0,0,0.0,0.0,0,0,0.0,5654.450000000001,2,0,0.0,5654.450000000001,2,0,0.0,0
LGS2ORD0018530,C017108,2025-05-27 18:00:00,Male,63,Silver,Web,Nakhon Ratchasima,663,TV_Show,COD,18,5,1,0,>50,22.1,1.0,0.0,0.0,-1,86,1800.17,0.05,1.0,0.0,0.0,0.0,0,0,0.0,0.0,0,0,0.0,1800.17,1,0,0.0,1800.17,1,0,0.0,0
LGS2ORD0018531,C015865,2025-05-27 18:00:00,Female,57,Gold,Shopee,Nakhon Ratchasima,1109,CallCenter,Credit_Card,18,5,1,0,>50,36.96666666666667,5.0,2.0,0.4,60,44,6505.76,0.33,0.2,0.8,0.0,0.0,0,0,0.0,0.0,0,0,0.0,24298.0,3,1,0.3333333333333333,32528.800000000003,5,2,0.4,0
LGS2ORD0018532,C014501,2025-05-27 18:00:00,Female,51,Platinum,Web,Bangkok,371,Shopee,Bank_Transfer,18,5,1,0,>50,12.366666666666667,1.0,0.0,0.0,-1,121,374.72,0.25,0.0,1.0,0.0,0.0,0,0,0.0,0.0,0,0,0.0,0.0,0,0,0.0,374.72,1,0,0.0,0
LGS2ORD0018533,C013290,2025-05-27 18:00:00,Female,30,Silver,Lazada,Songkhla,503,Web,COD,18,5,1,0,20-30,16.766666666666666,2.0,0.0,0.0,-1,36,7667.77,0.1,0.0,0.0,0.0,0.0,0,0,0.0,0.0,0,0,0.0,5603.71,1,0,0.0,15335.54,2,0,0.0,1
LGS2ORD0018534,C015117,2025-05-27 18:00:00,Male,55,Bronze,Web,Chonburi,1429,Web,PromptPay,18,5,1,0,>50,47.63333333333333,2.0,0.0,0.0,-1,95,2259.315,0.28,0.0,1.0,0.0,0.0,0,0,0.0,0.0,0,0,0.0,0.0,0,0,0.0,4518.63,2,0,0.0,0
LGS2ORD0018535,C017647,2025-05-27 19:00:00,Female,68,Silver,Lazada,Nakhon Ratchasima,955,Shopee,COD,19,5,1,0,>50,31.833333333333332,4.0,0.0,0.0,-1,54,3356.1075,0.25,0.5,0.25,0.0,0.0,0,0,0.0,0.0,0,0,0.0,4644.52,3,0,0.0,13424.43,4,0,0.0,1
LGS2ORD0018536,C010781,2025-05-27 19:00:00,Male,43,Silver,TV,Khon Kaen,1203,CallCenter,Credit_Card,19,5,1,0,40-50,40.1,2.0,1.0,0.5,75,56,4982.11,0.15,1.0,0.0,0.0,0.0,0,0,0.0,0.0,0,0,0.0,9964.22,2,1,0.5,9964.22,2,1,0.5,0
LGS2ORD0018537,C017369,2025-05-27 19:00:00,Female,51,Silver,Web,Bangkok,1536,Web,COD,19,5,1,0,>50,51.2,3.0,1.0,0.3333333333333333,26,10,4721.040000000001,0.2,1.0,0.0,0.0,0.0,0,0,0.0,5791.26,2,0,0.0,14163.120000000003,3,1,0.3333333333333333,14163.120000000003,3,1,0.3333333333333333,0
LGS2ORD0018538,C017069,2025-05-27 19:00:00,Female,35,Silver,TV,Chonburi,468,TV_Show,COD,19,5,1,0,30-40,15.6,2.0,0.0,0.0,-1,75,2728.815,0.25,1.0,0.5,0.0,0.0,0,0,0.0,0.0,0,0,0.0,1379.07,1,0,0.0,5457.63,2,0,0.0,1
LGS2ORD0018539,C011826,2025-05-27 19:00:00,Male,50,Bronze,Lazada,Bangkok,1393,Web,Credit_Card,19,5,1,0,40-50,46.43333333333333,0.0,0.0,0.0,-1,-1,0.0,0.0,0.0,0.0,0.0,0.0,0,0,0.0,0.0,0,0,0.0,0.0,0,0,0.0,0.0,0,0,0.0,0
LGS2ORD0018540,C012789,2025-05-27 20:00:00,Female,55,Bronze,Lazada,Nakhon Ratchasima,207,Web,COD,20,5,1,0,>50,6.9,0.0,0.0,0.0,-1,-1,0.0,0.0,0.0,0.0,0.0,0.0,0,0,0.0,0.0,0,0,0.0,0.0,0,0,0.0,0.0,0,0,0.0,1
LGS2ORD0018541,C014103,2025-05-27 20:00:00,Female,54,Gold,Lazada,Chonburi,1538,Web,COD,20,5,1,0,>50,51.266666666666666,0.0,0.0,0.0,-1,-1,0.0,0.0,0.0,0.0,0.0,0.0,0,0,0.0,0.0,0,0,0.0,0.0,0,0,0.0,0.0,0,0,0.0,0
LGS2ORD0018542,C012236,2025-05-27 20:00:00,Male,25,Bronze,Shopee,Nakhon Ratchasima,551,CallCenter,Credit_Card,20,5,1,0,20-30,18.366666666666667,7.0,0.0,0.0,-1,3,5067.288571428571,0.28,0.14285714285714285,0.14285714285714285,0.0,23104.420000000002,2,0,0.0,24665.65,3,0,0.0,25084.54,4,0,0.0,35471.02,7,0,0.0,0
LGS2ORD0018543,C012588,2025-05-27 20:00:00,Female,26,Platinum,Web,Chonburi,1591,Shopee,COD,20,5,1,0,20-30,53.03333333333333,2.0,1.0,0.5,-8,2,5524.150000000001,0.2,0.0,0.0,0.0,8855.52,1,1,1.0,8855.52,1,1,1.0,8855.52,1,1,1.0,11048.300000000001,2,1,0.5,1
LGS2ORD0018544,C012035,2025-05-27 20:00:00,Male,37,Bronze,TV,Chonburi,172,Web,COD,20,5,1,0,30-40,5.733333333333333,4.0,0.0,0.0,-1,72,8113.705,0.13,0.5,0.0,0.0,0.0,0,0,0.0,0.0,0,0,0.0,9850.94,2,0,0.0,32454.82,4,0,0.0,0
LGS2ORD0018545,C010678,2025-05-27 21:00:00,Female,41,Gold,Web,Bangkok,857,Lazada,PromptPay,21,5,1,0,40-50,28.566666666666666,1.0,0.0,0.0,-1,27,1682.03,0.18,0.0,0.0,0.0,0.0,0,0,0.0,1682.03,1,0,0.0,1682.03,1,0,0.0,1682.03,1,0,0.0,0
LGS2ORD0018546,C014796,2025-05-27 21:00:00,Female,18,Platinum,Web,Bangkok,830,Shopee,COD,21,5,1,0,<20,27.666666666666668,2.0,0.0,0.0,-1,95,11769.345000000001,0.2,0.0,0.0,0.0,0.0,0,0,0.0,0.0,0,0,0.0,0.0,0,0,0.0,23538.690000000002,2,0,0.0,1
LGS2ORD0018547,C015545,2025-05-27 21:00:00,Female,49,Bronze,TV,Remote_Area,662,Web,COD,21,5,1,0,40-50,22.066666666666666,2.0,1.0,0.5,96,94,5413.475,0.18,0.0,0.0,0.0,0.0,0,0,0.0,0.0,0,0,0.0,0.0,0,0,0.0,10826.95,2,1,0.5,0
LGS2ORD0018548,C011466,2025-05-27 21:00:00,Male,27,Gold,CallCenter,Bangkok,1165,Web,Credit_Card,21,5,1,0,20-30,38.833333333333336,4.0,2.0,0.5,8,15,3139.8824999999997,0.28,0.5,0.5,0.0,0.0,0,0,0.0,9405.32,2,2,1.0,12559.529999999999,4,2,0.5,12559.529999999999,4,2,0.5,0
LGS2ORD0018549,C012136,2025-05-27 21:00:00,Female,58,Bronze,Shopee,Chonburi,172,CallCenter,COD,21,5,1,0,>50,5.733333333333333,0.0,0.0,0.0,-1,-1,0.0,0.0,0.0,0.0,0.0,0.0,0,0,0.0,0.0,0,0,0.0,0.0,0,0,0.0,0.0,0,0,0.0,0
LGS2ORD0018550,C012911,2025-05-27 21:00:00,Male,37,Bronze,Lazada,Chonburi,790,Shopee,COD,21,5,1,0,30-40,26.333333333333332,7.0,0.0,0.0,-1,7,3867.5685714285714,0.28,0.42857142857142855,0.2857142857142857,0.0,0.0,0,0,0.0,19484.379999999997,4,0,0.0,21468.01,5,0,0.0,27072.98,7,0,0.0,0
LGS2ORD0018551,C011937,2025-05-27 22:00:00,Female,46,Gold,TV,Bangkok,576,Web,Credit_Card,22,5,1,0,40-50,19.2,4.0,1.0,0.25,40,1,1639.7875,0.33,0.5,0.75,0.0,1104.74,1,0,0.0,1104.74,1,0,0.0,3748.0599999999995,3,1,0.3333333333333333,6559.15,4,1,0.25,0
LGS2ORD0018552,C011301,2025-05-27 22:00:00,Female,35,Gold,TV,Nakhon Ratchasima,276,CallCenter,COD,22,5,1,0,30-40,9.2,0.0,0.0,0.0,-1,-1,0.0,0.0,0.0,0.0,0.0,0.0,0,0,0.0,0.0,0,0,0.0,0.0,0,0,0.0,0.0,0,0,0.0,0
LGS2ORD0018553,C012645,2025-05-27 22:00:00,Female,45,Silver,Web,Nakhon Ratchasima,585,Shopee,Credit_Card,22,5,1,0,40-50,19.5,6.0,1.0,0.16666666666666666,126,73,7206.083333333333,0.2,0.5,0.0,0.0,0.0,0,0,0.0,0.0,0,0,0.0,7573.59,2,0,0.0,43236.5,6,1,0.16666666666666666,1
LGS2ORD0018554,C016889,2025-05-27 22:00:00,Male,47,Bronze,Shopee,Chonburi,719,TV_Show,COD,22,5,1,0,40-50,23.966666666666665,5.0,0.0,0.0,-1,15,2371.6719999999996,0.18,0.2,0.0,0.0,0.0,0,0,0.0,1979.63,2,0,0.0,7255.009999999999,4,0,0.0,11858.359999999999,5,0,0.0,0
LGS2ORD0018555,C017206,2025-05-27 22:00:00,Male,49,Bronze,Lazada,Bangkok,750,TV_Show,Credit_Card,22,5,1,0,40-50,25.0,1.0,0.0,0.0,-1,77,10051.26,0.03,0.0,0.0,0.0,0.0,0,0,0.0,0.0,0,0,0.0,10051.26,1,0,0.0,10051.26,1,0,0.0,0
LGS2ORD0018556,C010107,2025-05-27 23:00:00,Female,72,Bronze,Shopee,Chiang Mai,295,Web,Credit_Card,23,5,1,0,>50,9.833333333333334,1.0,0.0,0.0,-1,138,1955.7,0.03,0.0,0.0,0.0,0.0,0,0,0.0,0.0,0,0,0.0,0.0,0,0,0.0,1955.7,1,0,0.0,0
LGS2ORD0018557,C011236,2025-05-27 23:00:00,Female,49,Silver,CallCenter,Bangkok,1055,CallCenter,COD,23,5,1,0,40-50,35.166666666666664,2.0,0.0,0.0,-1,110,6264.305,0.25,1.0,0.5,0.0,0.0,0,0,0.0,0.0,0,0,0.0,0.0,0,0,0.0,12528.61,2,0,0.0,1
LGS2ORD0018558,C015857,2025-05-27 23:00:00,Male,63,Silver,Web,Nakhon Ratchasima,617,TV_Show,COD,23,5,1,0,>50,20.566666666666666,4.0,1.0,0.25,93,100,7535.917500000001,0.3,0.25,0.5,0.0,0.0,0,0,0.0,0.0,0,0,0.0,0.0,0,0,0.0,30143.670000000006,4,1,0.25,0
LGS2ORD0018559,C010482,2025-05-27 23:00:00,Female,58,Bronze,CallCenter,Bangkok,942,Web,COD,23,5,1,0,>50,31.4,4.0,1.0,0.25,131,44,5221.085,0.28,0.5,0.5,0.0,0.0,0,0,0.0,0.0,0,0,0.0,19188.87,2,0,0.0,20884.34,4,1,0.25,0
LGS2ORD0018560,C011969,2025-05-27 23:00:00,Female,32,Bronze,TV,Bangkok,1552,CallCenter,Bank_Transfer,23,5,1,0,30-40,51.733333333333334,6.0,2.0,0.3333333333333333,39,33,3810.7183333333337,0.23,0.5,0.5,0.0,0.0,0,0,0.0,0.0,0,0,0.0,16241.5,4,1,0.25,22864.31,6,2,0.3333333333333333,0
LGS2ORD0018561,C010338,2025-05-28 00:00:00,Male,32,Platinum,Shopee,Chonburi,1313,CallCenter,COD,0,5,2,0,30-40,43.766666666666666,0.0,0.0,0.0,-1,-1,0.0,0.0,0.0,0.0,0.0,0.0,0,0,0.0,0.0,0,0,0.0,0.0,0,0,0.0,0.0,0,0,0.0,0
LGS2ORD0018562,C011907,2025-05-28 00:00:00,Male,41,Gold,TV,Phuket,1358,Shopee,Credit_Card,0,5,2,0,40-50,45.266666666666666,1.0,0.0,0.0,-1,46,2595.88,0.08,1.0,0.0,0.0,0.0,0,0,0.0,0.0,0,0,0.0,2595.88,1,0,0.0,2595.88,1,0,0.0,0
LGS2ORD0018563,C013814,2025-05-28 00:00:00,Female,59,Bronze,TV,Songkhla,1079,TV_Show,Credit_Card,0,5,2,0,>50,35.96666666666667,1.0,0.0,0.0,-1,109,12611.4,0.13,1.0,0.0,0.0,0.0,0,0,0.0,0.0,0,0,0.0,0.0,0,0,0.0,12611.4,1,0,0.0,1
LGS2ORD0018564,C012547,2025-05-28 00:00:00,Male,47,Bronze,Shopee,Chiang Mai,1221,Web,COD,0,5,2,0,40-50,40.7,1.0,0.0,0.0,-1,23,1978.41,0.08,1.0,0.0,0.0,0.0,0,0,0.0,1978.41,1,0,0.0,1978.41,1,0,0.0,1978.41,1,0,0.0,1
LGS2ORD0018565,C016017,2025-05-28 00:00:00,Female,41,Bronze,TV,Bangkok,181,Web,COD,0,5,2,0,40-50,6.033333333333333,3.0,1.0,0.3333333333333333,45,53,3166.2566666666667,0.23,0.0,0.3333333333333333,0.0,0.0,0,0,0.0,0.0,0,0,0.0,9498.77,3,1,0.3333333333333333,9498.77,3,1,0.3333333333333333,1
LGS2ORD0018566,C010644,2025-05-28 01:00:00,Male,55,Bronze,Lazada,Bangkok,779,Web,COD,1,5,2,0,>50,25.966666666666665,5.0,1.0,0.2,121,48,15487.234000000002,0.13,0.4,0.0,0.0,0.0,0,0,0.0,0.0,0,0,0.0,54372.83,2,0,0.0,77436.17000000001,5,1,0.2,0
LGS2ORD0018567,C010356,2025-05-28 01:00:00,Male,39,Silver,Shopee,Bangkok,488,TV_Show,COD,1,5,2,0,30-40,16.266666666666666,2.0,0.0,0.0,-1,29,11792.38,0.25,0.5,0.5,0.0,0.0,0,0,0.0,20879.78,1,0,0.0,23584.76,2,0,0.0,23584.76,2,0,0.0,0
LGS2ORD0018568,C017670,2025-05-28 01:00:00,Male,58,Gold,Shopee,Phuket,399,Shopee,PromptPay,1,5,2,0,>50,13.3,2.0,1.0,0.5,100,25,4543.73,0.33,0.5,1.0,0.0,0.0,0,0,0.0,3060.26,1,0,0.0,3060.26,1,0,0.0,9087.46,2,1,0.5,1
LGS2ORD0018569,C017008,2025-05-28 01:00:00,Female,46,Bronze,Web,Bangkok,1175,Shopee,PromptPay,1,5,2,0,40-50,39.166666666666664,2.0,1.0,0.5,125,61,6074.725,0.28,0.5,0.5,0.0,0.0,0,0,0.0,0.0,0,0,0.0,4262.04,1,0,0.0,12149.45,2,1,0.5,0
LGS2ORD0018570,C010921,2025-05-28 01:00:00,Female,39,Gold,Shopee,Remote_Area,909,Shopee,Bank_Transfer,1,5,2,0,30-40,30.3,4.0,0.0,0.0,-1,6,3702.4425,0.28,0.75,0.5,0.0,2986.17,1,0,0.0,4954.34,2,0,0.0,4954.34,2,0,0.0,14809.77,4,0,0.0,0
LGS2ORD0018571,C014107,2025-05-28 01:00:00,Male,42,Platinum,TV,Chiang Mai,552,Web,Credit_Card,1,5,2,0,40-50,18.4,2.0,2.0,1.0,-2,12,13346.085000000001,0.25,0.5,0.5,0.0,0.0,0,0,0.0,26692.170000000002,2,2,1.0,26692.170000000002,2,2,1.0,26692.170000000002,2,2,1.0,0
LGS2ORD0018572,C013800,2025-05-28 02:00:00,Female,23,Silver,Lazada,Chiang Mai,1551,Shopee,PromptPay,2,5,2,0,20-30,51.7,2.0,0.0,0.0,-1,42,3171.9449999999997,0.3,0.0,0.5,0.0,0.0,0,0,0.0,0.0,0,0,0.0,6343.889999999999,2,0,0.0,6343.889999999999,2,0,0.0,0
LGS2ORD0018573,C015813,2025-05-28 02:00:00,Male,47,Gold,Web,Bangkok,987,Lazada,Credit_Card,2,5,2,0,40-50,32.9,1.0,0.0,0.0,-1,119,647.66,0.2299999999999999,1.0,1.0,0.0,0.0,0,0,0.0,0.0,0,0,0.0,0.0,0,0,0.0,647.66,1,0,0.0,1
LGS2ORD0018574,C011756,2025-05-28 02:00:00,Female,59,Bronze,Web,Chiang Mai,1437,Web,COD,2,5,2,0,>50,47.9,2.0,0.0,0.0,-1,84,5022.32,0.18,0.0,0.0,0.0,0.0,0,0,0.0,0.0,0,0,0.0,10044.64,2,0,0.0,10044.64,2,0,0.0,0
LGS2ORD0018575,C016729,2025-05-28 02:00:00,Male,43,Silver,Web,Bangkok,335,Web,Bank_Transfer,2,5,2,0,40-50,11.166666666666666,2.0,0.0,0.0,-1,83,1833.24,0.25,0.0,0.5,0.0,0.0,0,0,0.0,0.0,0,0,0.0,2896.41,1,0,0.0,3666.48,2,0,0.0,0
LGS2ORD0018576,C014521,2025-05-28 02:00:00,Female,61,Bronze,Lazada,Bangkok,698,Web,PromptPay,2,5,2,0,>50,23.266666666666666,7.0,3.0,0.42857142857142855,49,2,7396.795714285714,0.18,0.7142857142857143,0.0,0.0,27669.77,1,0,0.0,28521.38,2,0,0.0,50250.58,6,2,0.3333333333333333,51777.57,7,3,0.42857142857142855,0
LGS2ORD0018577,C013929,2025-05-28 03:00:00,Male,19,Platinum,Web,Bangkok,968,Web,Credit_Card,3,5,2,0,<20,32.266666666666666,1.0,0.0,0.0,-1,62,578.27,0.35,0.0,1.0,0.0,0.0,0,0,0.0,0.0,0,0,0.0,578.27,1,0,0.0,578.27,1,0,0.0,1
LGS2ORD0018578,C016946,2025-05-28 03:00:00,Male,54,Silver,TV,Phuket,321,TV_Show,Bank_Transfer,3,5,2,0,>50,10.7,3.0,2.0,0.6666666666666666,97,83,4777.1466666666665,0.25,0.6666666666666666,0.3333333333333333,0.0,0.0,0,0,0.0,0.0,0,0,0.0,9232.68,1,0,0.0,14331.44,3,2,0.6666666666666666,0
LGS2ORD0018579,C013526,2025-05-28 03:00:00,Male,39,Gold,CallCenter,Bangkok,219,Web,COD,3,5,2,0,30-40,7.3,2.0,1.0,0.5,47,34,1755.005,0.2299999999999999,0.5,1.0,0.0,0.0,0,0,0.0,0.0,0,0,0.0,3510.01,2,1,0.5,3510.01,2,1,0.5,1
LGS2ORD0018580,C015933,2025-05-28 03:00:00,Female,35,Silver,Web,Nakhon Ratchasima,1167,Shopee,COD,3,5,2,0,30-40,38.9,3.0,1.0,0.3333333333333333,2,9,1484.04,0.1,0.6666666666666666,0.0,0.0,0.0,0,0,0.0,2771.49,2,1,0.5,2771.49,2,1,0.5,4452.12,3,1,0.3333333333333333,0
LGS2ORD0018581,C013881,2025-05-28 03:00:00,Male,28,Bronze,Web,Bangkok,1149,Lazada,COD,3,5,2,0,20-30,38.3,2.0,1.0,0.5,41,56,6340.87,0.28,1.0,0.5,0.0,0.0,0,0,0.0,0.0,0,0,0.0,8758.72,1,1,1.0,12681.74,2,1,0.5,0
LGS2ORD0018582,C015843,2025-05-28 04:00:00,Male,48,Bronze,Shopee,Songkhla,793,Web,COD,4,5,2,0,40-50,26.433333333333334,4.0,2.0,0.5,20,22,2944.8050000000003,0.28,0.25,0.25,0.0,0.0,0,0,0.0,1874.1799999999998,2,1,0.5,11779.220000000001,4,2,0.5,11779.220000000001,4,2,0.5,1
LGS2ORD0018583,C017604,2025-05-28 04:00:00,Male,42,Bronze,Shopee,Bangkok,284,Web,PromptPay,4,5,2,0,40-50,9.466666666666667,1.0,1.0,1.0,6,17,30050.96,0.03,1.0,0.0,0.0,0.0,0,0,0.0,30050.96,1,1,1.0,30050.96,1,1,1.0,30050.96,1,1,1.0,0
LGS2ORD0018584,C012712,2025-05-28 04:00:00,Female,47,Bronze,TV,Songkhla,732,Lazada,Credit_Card,4,5,2,0,40-50,24.4,5.0,1.0,0.2,126,100,4540.7339999999995,0.18,0.4,0.0,0.0,0.0,0,0,0.0,0.0,0,0,0.0,0.0,0,0,0.0,22703.67,5,1,0.2,0
LGS2ORD0018585,C014667,2025-05-28 04:00:00,Female,58,Silver,Shopee,Songkhla,677,Web,COD,4,5,2,0,>50,22.566666666666666,5.0,4.0,0.8,24,34,1518.3,0.3,1.0,0.2,0.0,0.0,0,0,0.0,0.0,0,0,0.0,6002.75,4,4,1.0,7591.5,5,4,0.8,1
LGS2ORD0018586,C017127,2025-05-28 04:00:00,Other,28,Gold,Lazada,Bangkok,1104,Web,Credit_Card,4,5,2,0,20-30,36.8,0.0,0.0,0.0,-1,-1,0.0,0.0,0.0,0.0,0.0,0.0,0,0,0.0,0.0,0,0,0.0,0.0,0,0,0.0,0.0,0,0,0.0,0
LGS2ORD0018587,C014769,2025-05-28 05:00:00,Other,47,Bronze,Shopee,Bangkok,1595,Shopee,Credit_Card,5,5,2,0,40-50,53.166666666666664,4.0,1.0,0.25,50,14,3168.8525000000004,0.23,0.0,0.5,0.0,0.0,0,0,0.0,3492.69,1,0,0.0,12675.410000000002,4,1,0.25,12675.410000000002,4,1,0.25,0
LGS2ORD0018588,C010016,2025-05-28 05:00:00,Male,39,Silver,Web,Chonburi,917,Web,COD,5,5,2,0,30-40,30.566666666666666,3.0,1.0,0.3333333333333333,92,75,5370.336666666667,0.3,0.3333333333333333,0.3333333333333333,0.0,0.0,0,0,0.0,0.0,0,0,0.0,3018.79,1,0,0.0,16111.010000000002,3,1,0.3333333333333333,0
LGS2ORD0018589,C012794,2025-05-28 05:00:00,Male,21,Silver,Shopee,Chiang Mai,1557,CallCenter,Credit_Card,5,5,2,0,20-30,51.9,0.0,0.0,0.0,-1,-1,0.0,0.0,0.0,0.0,0.0,0.0,0,0,0.0,0.0,0,0,0.0,0.0,0,0,0.0,0.0,0,0,0.0,0
LGS2ORD0018590,C016215,2025-05-28 05:00:00,Male,37,Bronze,Lazada,Chonburi,708,Shopee,Credit_Card,5,5,2,0,30-40,23.6,1.0,1.0,1.0,44,55,672.86,0.28,1.0,1.0,0.0,0.0,0,0,0.0,0.0,0,0,0.0,672.86,1,1,1.0,672.86,1,1,1.0,0
LGS2ORD0018591,C012808,2025-05-28 05:00:00,Male,34,Bronze,Shopee,Songkhla,1019,Lazada,Credit_Card,5,5,2,0,30-40,33.96666666666667,5.0,5.0,1.0,49,62,2022.252,0.23,0.4,0.2,0.0,0.0,0,0,0.0,0.0,0,0,0.0,3954.37,3,3,1.0,10111.26,5,5,1.0,1
LGS2ORD0018592,C010155,2025-05-28 05:00:00,Male,37,Bronze,Shopee,Bangkok,559,Lazada,Credit_Card,5,5,2,0,30-40,18.633333333333333,3.0,0.0,0.0,-1,10,3349.2766666666666,0.28,0.6666666666666666,0.3333333333333333,0.0,0.0,0,0,0.0,1017.34,1,0,0.0,10047.83,3,0,0.0,10047.83,3,0,0.0,0
LGS2ORD0018593,C012312,2025-05-28 06:00:00,Female,40,Bronze,Lazada,Khon Kaen,883,Lazada,COD,6,5,2,0,30-40,29.433333333333334,1.0,0.0,0.0,-1,86,868.49,0.18,1.0,0.0,0.0,0.0,0,0,0.0,0.0,0,0,0.0,868.49,1,0,0.0,868.49,1,0,0.0,0
LGS2ORD0018594,C016841,2025-05-28 06:00:00,Male,42,Gold,TV,Remote_Area,1346,Web,Credit_Card,6,5,2,0,40-50,44.86666666666667,1.0,1.0,1.0,113,120,690.47,0.18,0.0,0.0,0.0,0.0,0,0,0.0,0.0,0,0,0.0,0.0,0,0,0.0,690.47,1,1,1.0,0
LGS2ORD0018595,C013805,2025-05-28 06:00:00,Male,56,Gold,Lazada,Chonburi,997,TV_Show,PromptPay,6,5,2,0,>50,33.233333333333334,3.0,0.0,0.0,-1,42,3031.9933333333333,0.33,0.0,0.3333333333333333,0.0,0.0,0,0,0.0,0.0,0,0,0.0,1000.26,1,0,0.0,9095.98,3,0,0.0,0
LGS2ORD0018596,C014096,2025-05-28 06:00:00,Male,26,Silver,TV,Khon Kaen,544,Lazada,Credit_Card,6,5,2,0,20-30,18.133333333333333,2.0,1.0,0.5,97,113,15645.775,0.3,0.5,0.5,0.0,0.0,0,0,0.0,0.0,0,0,0.0,0.0,0,0,0.0,31291.55,2,1,0.5,0
LGS2ORD0018597,C014939,2025-05-28 06:00:00,Male,26,Bronze,Shopee,Bangkok,1457,CallCenter,COD,6,5,2,0,20-30,48.56666666666667,2.0,2.0,1.0,19,24,1189.4650000000001,0.28,1.0,1.0,0.0,0.0,0,0,0.0,1047.75,1,1,1.0,1047.75,1,1,1.0,2378.9300000000003,2,2,1.0,1
LGS2ORD0018598,C014670,2025-05-28 07:00:00,Male,29,Silver,CallCenter,Chiang Mai,803,Lazada,PromptPay,7,5,2,0,20-30,26.766666666666666,2.0,0.0,0.0,-1,13,3850.545,0.05,0.5,0.0,0.0,0.0,0,0,0.0,4949.61,1,0,0.0,4949.61,1,0,0.0,7701.09,2,0,0.0,1
LGS2ORD0018599,C014366,2025-05-28 07:00:00,Other,44,Gold,TV,Khon Kaen,1048,Shopee,Bank_Transfer,7,5,2,0,40-50,34.93333333333333,2.0,0.0,0.0,-1,53,4515.51,0.28,0.5,1.0,0.0,0.0,0,0,0.0,0.0,0,0,0.0,3601.95,1,0,0.0,9031.02,2,0,0.0,1
LGS2ORD0018600,C013867,2025-05-28 07:00:00,Male,56,Silver,Shopee,Chonburi,851,Lazada,COD,7,5,2,0,>50,28.366666666666667,2.0,0.0,0.0,-1,27,10219.195,0.2,0.5,0.0,0.0,0.0,0,0,0.0,7358.76,1,0,0.0,20438.39,2,0,0.0,20438.39,2,0,0.0,0
LGS2ORD0018601,C011780,2025-05-28 07:00:00,Male,38,Silver,TV,Phuket,1529,CallCenter,COD,7,5,2,0,30-40,50.96666666666667,4.0,2.0,0.5,10,17,3754.1,0.25,0.5,0.25,0.0,0.0,0,0,0.0,11415.16,2,2,1.0,13890.12,3,2,0.6666666666666666,15016.4,4,2,0.5,0
LGS2ORD0018602,C017114,2025-05-28 07:00:00,Female,38,Silver,Web,Songkhla,342,Lazada,PromptPay,7,5,2,0,30-40,11.4,2.0,1.0,0.5,76,53,5784.295,0.25,1.0,0.5,0.0,0.0,0,0,0.0,0.0,0,0,0.0,11568.59,2,1,0.5,11568.59,2,1,0.5,0
LGS2ORD0018603,C015248,2025-05-28 08:00:00,Male,66,Silver,TV,Songkhla,1302,Web,COD,8,5,2,0,>50,43.4,2.0,2.0,1.0,3,15,3733.3099999999995,0.2,1.0,0.0,0.0,0.0,0,0,0.0,3247.18,1,1,1.0,3247.18,1,1,1.0,7466.619999999999,2,2,1.0,1
LGS2ORD0018604,C010291,2025-05-28 08:00:00,Female,53,Bronze,Lazada,Khon Kaen,992,Lazada,COD,8,5,2,0,>50,33.06666666666667,1.0,0.0,0.0,-1,70,19795.77,0.13,1.0,0.0,0.0,0.0,0,0,0.0,0.0,0,0,0.0,19795.77,1,0,0.0,19795.77,1,0,0.0,1
LGS2ORD0018605,C013261,2025-05-28 08:00:00,Female,40,Bronze,Shopee,Chonburi,293,Lazada,Credit_Card,8,5,2,0,30-40,9.766666666666667,2.0,0.0,0.0,-1,94,2324.715,0.23,0.0,1.0,0.0,0.0,0,0,0.0,0.0,0,0,0.0,0.0,0,0,0.0,4649.43,2,0,0.0,0
LGS2ORD0018606,C011321,2025-05-28 08:00:00,Female,53,Bronze,CallCenter,Bangkok,1234,TV_Show,Credit_Card,8,5,2,0,>50,41.13333333333333,2.0,1.0,0.5,37,7,3339.94,0.18,0.0,0.0,0.0,0.0,0,0,0.0,4684.13,1,0,0.0,6679.88,2,1,0.5,6679.88,2,1,0.5,0
LGS2ORD0018607,C012746,2025-05-28 08:00:00,Female,41,Silver,Lazada,Chonburi,949,Web,Bank_Transfer,8,5,2,0,40-50,31.633333333333333,2.0,1.0,0.5,50,58,20131.435,0.05,0.0,0.0,0.0,0.0,0,0,0.0,0.0,0,0,0.0,37789.65,1,1,1.0,40262.87,2,1,0.5,0
LGS2ORD0018608,C014008,2025-05-28 09:00:00,Male,54,Bronze,Lazada,Remote_Area,528,TV_Show,Credit_Card,9,5,2,0,>50,17.6,2.0,0.0,0.0,-1,48,5250.275,0.18,0.5,0.0,0.0,0.0,0,0,0.0,0.0,0,0,0.0,10500.55,2,0,0.0,10500.55,2,0,0.0,1
LGS2ORD0018609,C014578,2025-05-28 09:00:00,Female,45,Gold,Web,Phuket,442,Lazada,COD,9,5,2,0,40-50,14.733333333333333,2.0,0.0,0.0,-1,107,3363.425,0.08,1.0,0.0,0.0,0.0,0,0,0.0,0.0,0,0,0.0,0.0,0,0,0.0,6726.85,2,0,0.0,1
LGS2ORD0018610,C017992,2025-05-28 09:00:00,Male,67,Bronze,Web,Songkhla,1339,Shopee,PromptPay,9,5,2,0,>50,44.63333333333333,10.0,4.0,0.4,29,10,3403.1230000000005,0.23,0.5,0.2,0.0,0.0,0,0,0.0,14007.099999999999,2,0,0.0,17808.989999999998,5,2,0.4,34031.23,10,4,0.4,0
LGS2ORD0018611,C010754,2025-05-28 09:00:00,Female,40,Gold,Shopee,Chonburi,1286,Web,PromptPay,9,5,2,0,30-40,42.86666666666667,0.0,0.0,0.0,-1,-1,0.0,0.0,0.0,0.0,0.0,0.0,0,0,0.0,0.0,0,0,0.0,0.0,0,0,0.0,0.0,0,0,0.0,0
LGS2ORD0018612,C014115,2025-05-28 09:00:00,Male,39,Bronze,Web,Remote_Area,703,Web,Bank_Transfer,9,5,2,0,30-40,23.433333333333334,1.0,0.0,0.0,-1,34,906.09,0.18,0.0,0.0,0.0,0.0,0,0,0.0,0.0,0,0,0.0,906.09,1,0,0.0,906.09,1,0,0.0,0
LGS2ORD0018613,C016025,2025-05-28 09:00:00,Male,32,Bronze,TV,Chiang Mai,1078,Lazada,Credit_Card,9,5,2,0,30-40,35.93333333333333,2.0,0.0,0.0,-1,6,10356.560000000001,0.08,1.0,0.0,0.0,7156.33,1,0,0.0,7156.33,1,0,0.0,7156.33,1,0,0.0,20713.120000000003,2,0,0.0,0
LGS2ORD0018614,C010604,2025-05-28 10:00:00,Female,50,Silver,Shopee,Chonburi,582,Web,PromptPay,10,5,2,0,40-50,19.4,3.0,0.0,0.0,-1,6,5841.71,0.3,0.3333333333333333,0.6666666666666666,0.0,1047.39,1,0,0.0,7283.43,2,0,0.0,7283.43,2,0,0.0,17525.13,3,0,0.0,0
LGS2ORD0018615,C011671,2025-05-28 10:00:00,Female,51,Bronze,TV,Remote_Area,818,Shopee,COD,10,5,2,0,>50,27.266666666666666,4.0,1.0,0.25,14,23,7064.575,0.23,0.5,0.25,0.0,0.0,0,0,0.0,11944.27,1,1,1.0,18427.989999999998,3,1,0.3333333333333333,28258.3,4,1,0.25,1
LGS2ORD0018616,C014394,2025-05-28 10:00:00,Male,42,Platinum,TV,Nakhon Ratchasima,1223,Lazada,PromptPay,10,5,2,0,40-50,40.766666666666666,6.0,1.0,0.16666666666666666,27,35,1992.6866666666667,0.35,0.5,0.16666666666666666,0.0,0.0,0,0,0.0,0.0,0,0,0.0,8633.05,4,1,0.25,11956.12,6,1,0.16666666666666666,0
LGS2ORD0018617,C015450,2025-05-28 10:00:00,Female,38,Silver,Shopee,Chonburi,1099,TV_Show,Credit_Card,10,5,2,0,30-40,36.63333333333333,2.0,0.0,0.0,-1,11,2103.5,0.3,0.5,0.5,0.0,0.0,0,0,0.0,2694.51,1,0,0.0,2694.51,1,0,0.0,4207.0,2,0,0.0,1
LGS2ORD0018618,C010625,2025-05-28 10:00:00,Female,25,Platinum,Web,Bangkok,810,Lazada,Bank_Transfer,10,5,2,0,20-30,27.0,2.0,0.0,0.0,-1,2,8269.225,0.2,0.0,0.0,0.0,14731.84,1,0,0.0,14731.84,1,0,0.0,16538.45,2,0,0.0,16538.45,2,0,0.0,0
LGS2ORD0018619,C010309,2025-05-28 11:00:00,Male,18,Bronze,TV,Chonburi,427,Shopee,PromptPay,11,5,2,0,<20,14.233333333333333,2.0,0.0,0.0,-1,38,5686.805,0.18,0.0,0.0,0.0,0.0,0,0,0.0,0.0,0,0,0.0,11373.61,2,0,0.0,11373.61,2,0,0.0,0
LGS2ORD0018620,C010937,2025-05-28 11:00:00,Male,37,Silver,TV,Chonburi,986,TV_Show,COD,11,5,2,0,30-40,32.86666666666667,3.0,2.0,0.6666666666666666,44,58,7639.906666666667,0.3,0.3333333333333333,0.3333333333333333,0.0,0.0,0,0,0.0,0.0,0,0,0.0,3804.51,1,1,1.0,22919.72,3,2,0.6666666666666666,1
LGS2ORD0018621,C015844,2025-05-28 11:00:00,Male,35,Bronze,TV,Bangkok,512,Lazada,Credit_Card,11,5,2,0,30-40,17.066666666666666,1.0,1.0,1.0,123,135,483.85,0.13,1.0,0.0,0.0,0.0,0,0,0.0,0.0,0,0,0.0,0.0,0,0,0.0,483.85,1,1,1.0,0
LGS2ORD0018622,C016566,2025-05-28 11:00:00,Male,36,Bronze,Lazada,Khon Kaen,1141,CallCenter,PromptPay,11,5,2,0,30-40,38.03333333333333,1.0,0.0,0.0,-1,13,9044.01,0.08,0.0,0.0,0.0,0.0,0,0,0.0,9044.01,1,0,0.0,9044.01,1,0,0.0,9044.01,1,0,0.0,0
LGS2ORD0018623,C011597,2025-05-28 11:00:00,Female,50,Bronze,Web,Khon Kaen,1510,Web,COD,11,5,2,0,40-50,50.333333333333336,2.0,0.0,0.0,-1,29,938.5799999999999,0.23,0.5,0.5,0.0,0.0,0,0,0.0,577.34,1,0,0.0,1877.1599999999999,2,0,0.0,1877.1599999999999,2,0,0.0,0
LGS2ORD0018624,C011045,2025-05-28 12:00:00,Male,45,Bronze,TV,Chiang Mai,822,TV_Show,COD,12,5,2,0,40-50,27.4,1.0,0.0,0.0,-1,93,7425.87,0.03,0.0,0.0,0.0,0.0,0,0,0.0,0.0,0,0,0.0,0.0,0,0,0.0,7425.87,1,0,0.0,0
LGS2ORD0018625,C013334,2025-05-28 12:00:00,Female,59,Bronze,Web,Bangkok,391,CallCenter,COD,12,5,2,0,>50,13.033333333333333,0.0,0.0,0.0,-1,-1,0.0,0.0,0.0,0.0,0.0,0.0,0,0,0.0,0.0,0,0,0.0,0.0,0,0,0.0,0.0,0,0,0.0,0
LGS2ORD0018626,C010546,2025-05-28 12:00:00,Male,30,Silver,Shopee,Chiang Mai,896,Web,Credit_Card,12,5,2,0,20-30,29.866666666666667,3.0,0.0,0.0,-1,6,4093.466666666667,0.2,0.0,0.0,0.0,6578.88,1,0,0.0,6578.88,1,0,0.0,6578.88,1,0,0.0,12280.400000000001,3,0,0.0,0
LGS2ORD0018627,C010370,2025-05-28 12:00:00,Female,36,Bronze,CallCenter,Nakhon Ratchasima,1323,Shopee,PromptPay,12,5,2,0,30-40,44.1,2.0,1.0,0.5,49,62,6315.4,0.18,0.0,0.0,0.0,0.0,0,0,0.0,0.0,0,0,0.0,12630.8,2,1,0.5,12630.8,2,1,0.5,0
LGS2ORD0018628,C013461,2025-05-28 12:00:00,Female,47,Bronze,CallCenter,Bangkok,197,CallCenter,Bank_Transfer,12,5,2,0,40-50,6.566666666666666,4.0,0.0,0.0,-1,23,1363.4775000000002,0.28,0.25,0.5,0.0,0.0,0,0,0.0,667.13,1,0,0.0,2733.9500000000003,3,0,0.0,5453.910000000001,4,0,0.0,0
LGS2ORD0018629,C015914,2025-05-28 13:00:00,Male,18,Bronze,Shopee,Songkhla,281,TV_Show,COD,13,5,2,0,<20,9.366666666666667,6.0,2.0,0.3333333333333333,43,19,5467.415,0.18,0.8333333333333334,0.0,0.0,0.0,0,0,0.0,9388.31,1,0,0.0,23807.98,3,2,0.6666666666666666,32804.49,6,2,0.3333333333333333,0
LGS2ORD0018630,C014554,2025-05-28 13:00:00,Female,50,Silver,TV,Chonburi,1144,TV_Show,COD,13,5,2,0,40-50,38.13333333333333,4.0,1.0,0.25,106,34,4310.9275,0.15,0.25,0.0,0.0,0.0,0,0,0.0,0.0,0,0,0.0,13566.539999999999,3,0,0.0,17243.71,4,1,0.25,0
LGS2ORD0018631,C016265,2025-05-28 13:00:00,Male,39,Silver,Lazada,Bangkok,1265,TV_Show,COD,13,5,2,0,30-40,42.166666666666664,4.0,0.0,0.0,-1,19,4916.345,0.3,0.5,0.5,0.0,0.0,0,0,0.0,14102.9,1,0,0.0,19058.809999999998,3,0,0.0,19665.38,4,0,0.0,1
LGS2ORD0018632,C016214,2025-05-28 13:00:00,Male,39,Platinum,Lazada,Bangkok,446,Web,Credit_Card,13,5,2,0,30-40,14.866666666666667,0.0,0.0,0.0,-1,-1,0.0,0.0,0.0,0.0,0.0,0.0,0,0,0.0,0.0,0,0,0.0,0.0,0,0,0.0,0.0,0,0,0.0,0
LGS2ORD0018633,C017341,2025-05-28 13:00:00,Female,19,Gold,Lazada,Chonburi,540,Web,Credit_Card,13,5,2,0,<20,18.0,2.0,0.0,0.0,-1,18,2031.485,0.18,0.5,0.0,0.0,0.0,0,0,0.0,2383.97,1,0,0.0,2383.97,1,0,0.0,4062.97,2,0,0.0,0
LGS2ORD0018634,C012910,2025-05-28 13:00:00,Female,55,Silver,TV,Chonburi,362,CallCenter,Credit_Card,13,5,2,0,>50,12.066666666666666,2.0,2.0,1.0,65,77,6216.025,0.25,1.0,0.5,0.0,0.0,0,0,0.0,0.0,0,0,0.0,10571.9,1,1,1.0,12432.05,2,2,1.0,0
LGS2ORD0018635,C017597,2025-05-28 14:00:00,Male,39,Bronze,TV,Remote_Area,1140,Web,COD,14,5,2,0,30-40,38.0,5.0,1.0,0.2,31,20,11131.182,0.28,0.6,0.6,0.0,0.0,0,0,0.0,15982.78,1,0,0.0,38531.0,3,1,0.3333333333333333,55655.91,5,1,0.2,0
LGS2ORD0018636,C015776,2025-05-28 14:00:00,Female,56,Bronze,Shopee,Songkhla,1085,TV_Show,COD,14,5,2,0,>50,36.166666666666664,0.0,0.0,0.0,-1,-1,0.0,0.0,0.0,0.0,0.0,0.0,0,0,0.0,0.0,0,0,0.0,0.0,0,0,0.0,0.0,0,0,0.0,1
LGS2ORD0018637,C011447,2025-05-28 14:00:00,Male,39,Gold,TV,Chonburi,261,Shopee,COD,14,5,2,0,30-40,8.7,6.0,1.0,0.16666666666666666,33,41,5971.274999999999,0.28,0.6666666666666666,0.5,0.0,0.0,0,0,0.0,0.0,0,0,0.0,23937.64,4,1,0.25,35827.649999999994,6,1,0.16666666666666666,0
LGS2ORD0018638,C012578,2025-05-28 14:00:00,Female,41,Bronze,Web,Chiang Mai,711,Lazada,Credit_Card,14,5,2,0,40-50,23.7,5.0,1.0,0.2,50,14,9419.831999999999,0.23,0.2,0.2,0.0,0.0,0,0,0.0,6826.61,1,0,0.0,43106.73,3,1,0.3333333333333333,47099.159999999996,5,1,0.2,0
LGS2ORD0018639,C014438,2025-05-28 14:00:00,Female,34,Silver,Shopee,Chonburi,1459,Shopee,PromptPay,14,5,2,0,30-40,48.63333333333333,2.0,0.0,0.0,-1,5,10974.985,0.3,0.5,0.5,0.0,185.2,1,0,0.0,185.2,1,0,0.0,21949.97,2,0,0.0,21949.97,2,0,0.0,0
LGS2ORD0018640,C010236,2025-05-28 15:00:00,Female,32,Bronze,Shopee,Chiang Mai,1388,Lazada,COD,15,5,2,0,30-40,46.266666666666666,3.0,1.0,0.3333333333333333,27,38,2378.346666666667,0.18,1.0,0.0,0.0,0.0,0,0,0.0,0.0,0,0,0.0,1908.63,1,1,1.0,7135.04,3,1,0.3333333333333333,1
LGS2ORD0018641,C013462,2025-05-28 15:00:00,Female,57,Bronze,CallCenter,Chonburi,649,Lazada,PromptPay,15,5,2,0,>50,21.633333333333333,4.0,1.0,0.25,89,34,4966.9975,0.18,0.25,0.0,0.0,0.0,0,0,0.0,0.0,0,0,0.0,15212.990000000002,2,0,0.0,19867.99,4,1,0.25,1
LGS2ORD0018642,C011146,2025-05-28 15:00:00,Male,38,Gold,Lazada,Chiang Mai,452,TV_Show,Credit_Card,15,5,2,0,30-40,15.066666666666666,3.0,1.0,0.3333333333333333,6,15,1833.5633333333335,0.2299999999999999,0.6666666666666666,0.3333333333333333,0.0,0.0,0,0,0.0,1798.94,1,1,1.0,1798.94,1,1,1.0,5500.6900000000005,3,1,0.3333333333333333,0
LGS2ORD0018643,C011913,2025-05-28 15:00:00,Female,46,Bronze,Web,Bangkok,983,Lazada,COD,15,5,2,0,40-50,32.766666666666666,2.0,0.0,0.0,-1,62,12938.435,0.08,0.5,0.0,0.0,0.0,0,0,0.0,0.0,0,0,0.0,24397.28,1,0,0.0,25876.87,2,0,0.0,0
LGS2ORD0018644,C017431,2025-05-28 15:00:00,Female,42,Silver,TV,Khon Kaen,1241,Web,COD,15,5,2,0,40-50,41.36666666666667,4.0,0.0,0.0,-1,37,2583.8275000000003,0.3,0.0,0.5,0.0,0.0,0,0,0.0,0.0,0,0,0.0,7797.790000000001,2,0,0.0,10335.310000000001,4,0,0.0,0
LGS2ORD0018645,C016103,2025-05-28 16:00:00,Male,55,Gold,CallCenter,Remote_Area,1198,Lazada,COD,16,5,2,0,>50,39.93333333333333,3.0,1.0,0.3333333333333333,61,6,7136.586666666666,0.33,0.0,0.6666666666666666,0.0,10787.46,1,0,0.0,10787.46,1,0,0.0,21409.76,3,1,0.3333333333333333,21409.76,3,1,0.3333333333333333,0
LGS2ORD0018646,C012943,2025-05-28 16:00:00,Female,62,Bronze,Web,Bangkok,1542,Lazada,Bank_Transfer,16,5,2,0,>50,51.4,1.0,0.0,0.0,-1,133,24926.28,0.03,0.0,0.0,0.0,0.0,0,0,0.0,0.0,0,0,0.0,0.0,0,0,0.0,24926.28,1,0,0.0,1
LGS2ORD0018647,C011413,2025-05-28 16:00:00,Female,38,Bronze,Shopee,Bangkok,811,Lazada,COD,16,5,2,0,30-40,27.033333333333335,1.0,0.0,0.0,-1,116,3716.18,0.18,1.0,0.0,0.0,0.0,0,0,0.0,0.0,0,0,0.0,0.0,0,0,0.0,3716.18,1,0,0.0,0
LGS2ORD0018648,C016609,2025-05-28 16:00:00,Male,49,Platinum,Lazada,Bangkok,1129,TV_Show,Bank_Transfer,16,5,2,0,40-50,37.63333333333333,3.0,0.0,0.0,-1,4,1211.5966666666666,0.35,0.0,0.3333333333333333,0.0,1446.45,1,0,0.0,1446.45,1,0,0.0,1446.45,1,0,0.0,3634.79,3,0,0.0,0
LGS2ORD0018649,C015711,2025-05-28 16:00:00,Female,45,Gold,Web,Khon Kaen,1520,TV_Show,Credit_Card,16,5,2,0,40-50,50.666666666666664,2.0,1.0,0.5,64,8,2925.995,0.28,0.5,1.0,0.0,0.0,0,0,0.0,758.09,1,0,0.0,5851.99,2,1,0.5,5851.99,2,1,0.5,0
LGS2ORD0018650,C010002,2025-05-28 16:00:00,Male,34,Platinum,Lazada,Bangkok,452,Web,Credit_Card,16,5,2,0,30-40,15.066666666666666,1.0,1.0,1.0,-8,2,6351.55,0.25,0.0,1.0,0.0,6351.55,1,1,1.0,6351.55,1,1,1.0,6351.55,1,1,1.0,6351.55,1,1,1.0,0
LGS2ORD0018651,C015023,2025-05-28 17:00:00,Female,56,Bronze,Shopee,Chiang Mai,942,Lazada,Bank_Transfer,17,5,2,0,>50,31.4,0.0,0.0,0.0,-1,-1,0.0,0.0,0.0,0.0,0.0,0.0,0,0,0.0,0.0,0,0,0.0,0.0,0,0,0.0,0.0,0,0,0.0,0
LGS2ORD0018652,C015106,2025-05-28 17:00:00,Female,32,Bronze,Shopee,Bangkok,930,Lazada,COD,17,5,2,0,30-40,31.0,4.0,1.0,0.25,49,52,4276.009999999999,0.23,0.5,0.5,0.0,0.0,0,0,0.0,0.0,0,0,0.0,6704.35,2,1,0.5,17104.039999999997,4,1,0.25,1
LGS2ORD0018653,C014554,2025-05-28 17:00:00,Female,50,Silver,TV,Chonburi,1144,Web,PromptPay,17,5,2,0,40-50,38.13333333333333,5.0,1.0,0.2,106,0,3939.454,0.15,0.4,0.0,0.0,2453.56,1,0,0.0,2453.56,1,0,0.0,16020.099999999999,4,0,0.0,19697.27,5,1,0.2,0
LGS2ORD0018654,C013448,2025-05-28 17:00:00,Male,40,Gold,Web,Songkhla,989,Web,Bank_Transfer,17,5,2,0,30-40,32.96666666666667,1.0,0.0,0.0,-1,57,3709.74,0.08,0.0,0.0,0.0,0.0,0,0,0.0,0.0,0,0,0.0,3709.74,1,0,0.0,3709.74,1,0,0.0,0
LGS2ORD0018655,C013499,2025-05-28 17:00:00,Male,36,Bronze,Web,Khon Kaen,808,Lazada,Bank_Transfer,17,5,2,0,30-40,26.933333333333334,4.0,1.0,0.25,108,9,2844.635,0.28,0.75,0.25,0.0,0.0,0,0,0.0,7886.17,1,0,0.0,9117.4,2,0,0.0,11378.54,4,1,0.25,0
LGS2ORD0018656,C012284,2025-05-28 18:00:00,Female,35,Platinum,Web,Chonburi,536,Lazada,COD,18,5,2,0,30-40,17.866666666666667,3.0,1.0,0.3333333333333333,5,10,1460.2333333333336,0.25,0.3333333333333333,0.3333333333333333,0.0,0.0,0,0,0.0,1208.27,1,1,1.0,1208.27,1,1,1.0,4380.700000000001,3,1,0.3333333333333333,1
LGS2ORD0018657,C011370,2025-05-28 18:00:00,Female,45,Gold,Shopee,Bangkok,1107,TV_Show,COD,18,5,2,0,40-50,36.9,1.0,1.0,1.0,25,42,543.52,0.33,1.0,1.0,0.0,0.0,0,0,0.0,0.0,0,0,0.0,543.52,1,1,1.0,543.52,1,1,1.0,0
LGS2ORD0018658,C017758,2025-05-28 18:00:00,Other,33,Gold,Web,Bangkok,908,Shopee,Credit_Card,18,5,2,0,30-40,30.266666666666666,3.0,0.0,0.0,-1,15,4021.3266666666664,0.2299999999999999,0.0,0.3333333333333333,0.0,0.0,0,0,0.0,1225.36,1,0,0.0,12063.98,3,0,0.0,12063.98,3,0,0.0,0
LGS2ORD0018659,C014321,2025-05-28 18:00:00,Female,35,Gold,Web,Bangkok,1566,Web,COD,18,5,2,0,30-40,52.2,2.0,0.0,0.0,-1,58,7855.9,0.18,1.0,0.0,0.0,0.0,0,0,0.0,0.0,0,0,0.0,15711.8,2,0,0.0,15711.8,2,0,0.0,1
LGS2ORD0018660,C010615,2025-05-28 18:00:00,Female,40,Platinum,TV,Nakhon Ratchasima,421,Web,COD,18,5,2,0,30-40,14.033333333333333,2.0,0.0,0.0,-1,81,11124.005000000001,0.3,0.5,0.5,0.0,0.0,0,0,0.0,0.0,0,0,0.0,1820.68,1,0,0.0,22248.010000000002,2,0,0.0,0
LGS2ORD0018661,C011809,2025-05-28 19:00:00,Female,37,Bronze,TV,Songkhla,624,Shopee,COD,19,5,2,0,30-40,20.8,3.0,1.0,0.3333333333333333,135,106,5484.016666666666,0.13,1.0,0.0,0.0,0.0,0,0,0.0,0.0,0,0,0.0,0.0,0,0,0.0,16452.05,3,1,0.3333333333333333,1
LGS2ORD0018662,C011133,2025-05-28 19:00:00,Male,37,Bronze,CallCenter,Remote_Area,1079,Web,COD,19,5,2,0,30-40,35.96666666666667,1.0,0.0,0.0,-1,93,689.47,0.13,0.0,0.0,0.0,0.0,0,0,0.0,0.0,0,0,0.0,0.0,0,0,0.0,689.47,1,0,0.0,0
LGS2ORD0018663,C011338,2025-05-28 19:00:00,Female,39,Bronze,TV,Chonburi,1457,Lazada,COD,19,5,2,0,30-40,48.56666666666667,2.0,1.0,0.5,33,38,17969.79,0.18,0.0,0.0,0.0,0.0,0,0,0.0,0.0,0,0,0.0,32970.0,1,1,1.0,35939.58,2,1,0.5,0
LGS2ORD0018664,C013044,2025-05-28 19:00:00,Female,34,Bronze,Web,Remote_Area,1113,TV_Show,COD,19,5,2,0,30-40,37.1,5.0,2.0,0.4,9,4,10662.322,0.28,0.0,0.4,0.0,22316.17,1,0,0.0,22944.769999999997,2,1,0.5,24644.219999999998,3,1,0.3333333333333333,53311.61,5,2,0.4,0
LGS2ORD0018665,C011395,2025-05-28 19:00:00,Female,56,Silver,Lazada,Bangkok,435,Lazada,COD,19,5,2,0,>50,14.5,1.0,0.0,0.0,-1,136,6382.66,0.3,1.0,1.0,0.0,0.0,0,0,0.0,0.0,0,0,0.0,0.0,0,0,0.0,6382.66,1,0,0.0,0
LGS2ORD0018666,C011315,2025-05-28 20:00:00,Female,37,Silver,Shopee,Bangkok,177,Lazada,COD,20,5,2,0,30-40,5.9,3.0,1.0,0.3333333333333333,-4,5,2383.6533333333336,0.25,0.3333333333333333,0.6666666666666666,0.0,1493.15,1,1,1.0,1493.15,1,1,1.0,2898.19,2,1,0.5,7150.960000000001,3,1,0.3333333333333333,0
LGS2ORD0018667,C013948,2025-05-28 20:00:00,Female,49,Silver,Shopee,Phuket,348,Shopee,COD,20,5,2,0,40-50,11.6,0.0,0.0,0.0,-1,-1,0.0,0.0,0.0,0.0,0.0,0.0,0,0,0.0,0.0,0,0,0.0,0.0,0,0,0.0,0.0,0,0,0.0,1
LGS2ORD0018668,C017147,2025-05-28 20:00:00,Female,61,Silver,TV,Phuket,1370,Web,Credit_Card,20,5,2,0,>50,45.666666666666664,5.0,2.0,0.4,66,79,1887.864,0.3,0.2,0.4,0.0,0.0,0,0,0.0,0.0,0,0,0.0,6026.650000000001,3,2,0.6666666666666666,9439.32,5,2,0.4,0
LGS2ORD0018669,C010658,2025-05-28 20:00:00,Male,67,Gold,CallCenter,Bangkok,900,Web,COD,20,5,2,0,>50,30.0,4.0,0.0,0.0,-1,29,2923.8225,0.28,0.75,0.5,0.0,0.0,0,0,0.0,986.33,1,0,0.0,10397.89,3,0,0.0,11695.29,4,0,0.0,0
LGS2ORD0018670,C012084,2025-05-28 20:00:00,Female,46,Bronze,Web,Bangkok,299,Shopee,Credit_Card,20,5,2,0,40-50,9.966666666666667,1.0,0.0,0.0,-1,127,3972.29,0.03,0.0,0.0,0.0,0.0,0,0,0.0,0.0,0,0,0.0,0.0,0,0,0.0,3972.29,1,0,0.0,0
LGS2ORD0018671,C014780,2025-05-28 20:00:00,Female,46,Bronze,TV,Chiang Mai,1104,Web,COD,20,5,2,0,40-50,36.8,2.0,0.0,0.0,-1,13,5600.01,0.18,0.5,0.0,0.0,0.0,0,0,0.0,3957.85,1,0,0.0,11200.02,2,0,0.0,11200.02,2,0,0.0,1
LGS2ORD0018672,C012096,2025-05-28 21:00:00,Male,53,Gold,Web,Bangkok,764,Web,COD,21,5,2,0,>50,25.466666666666665,2.0,2.0,1.0,91,106,1368.505,0.28,0.5,1.0,0.0,0.0,0,0,0.0,0.0,0,0,0.0,0.0,0,0,0.0,2737.01,2,2,1.0,0
LGS2ORD0018673,C013450,2025-05-28 21:00:00,Male,40,Silver,Lazada,Khon Kaen,240,Shopee,COD,21,5,2,0,30-40,8.0,2.0,1.0,0.5,65,69,5060.5199999999995,0.2,0.5,0.0,0.0,0.0,0,0,0.0,0.0,0,0,0.0,8998.3,1,1,1.0,10121.039999999999,2,1,0.5,0
LGS2ORD0018674,C016464,2025-05-28 21:00:00,Male,23,Gold,Shopee,Nakhon Ratchasima,1453,TV_Show,PromptPay,21,5,2,0,20-30,48.43333333333333,1.0,1.0,1.0,23,39,11176.3,0.2299999999999999,1.0,1.0,0.0,0.0,0,0,0.0,0.0,0,0,0.0,11176.3,1,1,1.0,11176.3,1,1,1.0,0
LGS2ORD0018675,C014793,2025-05-28 21:00:00,Male,46,Bronze,Lazada,Nakhon Ratchasima,534,Web,Credit_Card,21,5,2,0,40-50,17.8,0.0,0.0,0.0,-1,-1,0.0,0.0,0.0,0.0,0.0,0.0,0,0,0.0,0.0,0,0,0.0,0.0,0,0,0.0,0.0,0,0,0.0,0
LGS2ORD0018676,C016602,2025-05-28 21:00:00,Other,48,Gold,Web,Chonburi,869,Web,COD,21,5,2,0,40-50,28.966666666666665,1.0,0.0,0.0,-1,88,693.28,0.33,0.0,1.0,0.0,0.0,0,0,0.0,0.0,0,0,0.0,693.28,1,0,0.0,693.28,1,0,0.0,0
LGS2ORD0018677,C012499,2025-05-28 22:00:00,Male,44,Bronze,Shopee,Bangkok,563,Shopee,COD,22,5,2,0,40-50,18.766666666666666,3.0,2.0,0.6666666666666666,3,12,1728.6033333333335,0.23,0.3333333333333333,0.3333333333333333,0.0,0.0,0,0,0.0,1509.14,1,1,1.0,1509.14,1,1,1.0,5185.81,3,2,0.6666666666666666,0
LGS2ORD0018678,C010224,2025-05-28 22:00:00,Female,64,Bronze,Web,Khon Kaen,289,TV_Show,COD,22,5,2,0,>50,9.633333333333333,6.0,3.0,0.5,-5,5,7590.188333333332,0.18,0.8333333333333334,0.0,0.0,258.31,1,1,1.0,258.31,1,1,1.0,24839.469999999998,4,2,0.5,45541.12999999999,6,3,0.5,0
LGS2ORD0018679,C010368,2025-05-28 22:00:00,Male,61,Bronze,Lazada,Bangkok,622,TV_Show,COD,22,5,2,0,>50,20.733333333333334,1.0,0.0,0.0,-1,78,2087.22,0.28,1.0,1.0,0.0,0.0,0,0,0.0,0.0,0,0,0.0,2087.22,1,0,0.0,2087.22,1,0,0.0,1
LGS2ORD0018680,C011637,2025-05-28 22:00:00,Male,36,Gold,Shopee,Nakhon Ratchasima,1084,Web,COD,22,5,2,0,30-40,36.13333333333333,3.0,0.0,0.0,-1,9,4964.5,0.2299999999999999,0.0,0.3333333333333333,0.0,0.0,0,0,0.0,6028.0,1,0,0.0,8419.19,2,0,0.0,14893.5,3,0,0.0,0
LGS2ORD0018681,C014495,2025-05-28 22:00:00,Male,40,Bronze,TV,Bangkok,1039,Shopee,Credit_Card,22,5,2,0,30-40,34.63333333333333,2.0,1.0,0.5,37,50,5335.5,0.18,0.5,0.0,0.0,0.0,0,0,0.0,0.0,0,0,0.0,10671.0,2,1,0.5,10671.0,2,1,0.5,0
LGS2ORD0018682,C012104,2025-05-28 23:00:00,Male,36,Bronze,TV,Khon Kaen,908,CallCenter,COD,23,5,2,0,30-40,30.266666666666666,3.0,1.0,0.3333333333333333,79,14,2376.2433333333333,0.08,0.3333333333333333,0.0,0.0,0.0,0,0,0.0,1977.07,1,0,0.0,1977.07,1,0,0.0,7128.73,3,1,0.3333333333333333,1
LGS2ORD0018683,C016567,2025-05-28 23:00:00,Female,48,Gold,TV,Khon Kaen,824,Web,PromptPay,23,5,2,0,40-50,27.466666666666665,2.0,0.0,0.0,-1,21,2033.9850000000001,0.2299999999999999,0.5,0.5,0.0,0.0,0,0,0.0,2691.46,1,0,0.0,4067.9700000000003,2,0,0.0,4067.9700000000003,2,0,0.0,0
LGS2ORD0018684,C012971,2025-05-28 23:00:00,Female,61,Bronze,Lazada,Bangkok,1267,Web,COD,23,5,2,0,>50,42.233333333333334,3.0,0.0,0.0,-1,17,8858.076666666668,0.23,0.3333333333333333,0.6666666666666666,0.0,0.0,0,0,0.0,2333.17,1,0,0.0,25687.800000000003,2,0,0.0,26574.230000000003,3,0,0.0,0
LGS2ORD0018685,C017412,2025-05-28 23:00:00,Female,34,Silver,Lazada,Remote_Area,349,TV_Show,COD,23,5,2,0,30-40,11.633333333333333,2.0,0.0,0.0,-1,50,1173.915,0.3,0.5,0.5,0.0,0.0,0,0,0.0,0.0,0,0,0.0,719.88,1,0,0.0,2347.83,2,0,0.0,0
LGS2ORD0018686,C017522,2025-05-28 23:00:00,Female,40,Silver,TV,Bangkok,1319,Shopee,Bank_Transfer,23,5,2,0,30-40,43.96666666666667,3.0,1.0,0.3333333333333333,7,18,4685.276666666667,0.2,0.6666666666666666,0.0,0.0,0.0,0,0,0.0,1871.49,1,1,1.0,3175.35,2,1,0.5,14055.83,3,1,0.3333333333333333,0
LGS2ORD0018687,C014893,2025-05-29 00:00:00,Female,29,Bronze,Shopee,Phuket,690,Web,COD,0,5,3,0,20-30,23.0,3.0,0.0,0.0,-1,81,4972.303333333333,0.28,0.0,1.0,0.0,0.0,0,0,0.0,0.0,0,0,0.0,2022.16,1,0,0.0,14916.91,3,0,0.0,0
LGS2ORD0018688,C013522,2025-05-29 00:00:00,Male,49,Gold,TV,Bangkok,1375,TV_Show,PromptPay,0,5,3,0,40-50,45.833333333333336,2.0,0.0,0.0,-1,64,5307.464999999999,0.33,0.5,1.0,0.0,0.0,0,0,0.0,0.0,0,0,0.0,8984.63,1,0,0.0,10614.929999999998,2,0,0.0,1
LGS2ORD0018689,C016602,2025-05-29 00:00:00,Other,48,Gold,Web,Chonburi,870,CallCenter,Bank_Transfer,0,5,3,0,40-50,29.0,2.0,0.0,0.0,-1,0,717.3299999999999,0.33,0.5,0.5,0.0,741.38,1,0,0.0,741.38,1,0,0.0,1434.6599999999999,2,0,0.0,1434.6599999999999,2,0,0.0,1
LGS2ORD0018690,C012938,2025-05-29 00:00:00,Female,26,Silver,Web,Khon Kaen,1116,CallCenter,COD,0,5,3,0,20-30,37.2,3.0,0.0,0.0,-1,22,2946.8633333333332,0.25,0.6666666666666666,0.6666666666666666,0.0,0.0,0,0,0.0,1337.72,1,0,0.0,6354.990000000001,2,0,0.0,8840.59,3,0,0.0,1
LGS2ORD0018691,C016097,2025-05-29 00:00:00,Female,67,Silver,TV,Remote_Area,1152,Web,Credit_Card,0,5,3,0,>50,38.4,2.0,0.0,0.0,-1,10,3049.2200000000003,0.1,1.0,0.0,0.0,0.0,0,0,0.0,2871.29,1,0,0.0,6098.4400000000005,2,0,0.0,6098.4400000000005,2,0,0.0,0
LGS2ORD0018692,C016343,2025-05-29 00:00:00,Female,39,Bronze,TV,Songkhla,310,TV_Show,COD,0,5,3,0,30-40,10.333333333333334,4.0,0.0,0.0,-1,60,5838.379999999999,0.08,1.0,0.0,0.0,0.0,0,0,0.0,0.0,0,0,0.0,7325.59,2,0,0.0,23353.519999999997,4,0,0.0,1
LGS2ORD0018693,C014610,2025-05-29 01:00:00,Male,40,Bronze,Lazada,Nakhon Ratchasima,835,Web,COD,1,5,3,0,30-40,27.833333333333332,5.0,1.0,0.2,117,44,6256.924000000001,0.23,0.8,0.2,0.0,0.0,0,0,0.0,0.0,0,0,0.0,12868.74,2,0,0.0,31284.620000000003,5,1,0.2,1
LGS2ORD0018694,C014909,2025-05-29 01:00:00,Female,44,Bronze,Shopee,Phuket,401,CallCenter,COD,1,5,3,0,40-50,13.366666666666667,3.0,0.0,0.0,-1,39,9235.123333333333,0.18,0.0,0.0,0.0,0.0,0,0,0.0,0.0,0,0,0.0,17437.510000000002,2,0,0.0,27705.37,3,0,0.0,0
LGS2ORD0018695,C011137,2025-05-29 01:00:00,Female,26,Platinum,Web,Khon Kaen,1601,TV_Show,COD,1,5,3,0,20-30,53.36666666666667,4.0,2.0,0.5,22,26,3849.5875,0.25,0.5,0.25,0.0,0.0,0,0,0.0,2759.85,1,1,1.0,10948.52,3,1,0.3333333333333333,15398.35,4,2,0.5,0
LGS2ORD0018696,C012304,2025-05-29 01:00:00,Female,63,Bronze,TV,Bangkok,1137,CallCenter,COD,1,5,3,0,>50,37.9,0.0,0.0,0.0,-1,-1,0.0,0.0,0.0,0.0,0.0,0.0,0,0,0.0,0.0,0,0,0.0,0.0,0,0,0.0,0.0,0,0,0.0,1
LGS2ORD0018697,C010090,2025-05-29 01:00:00,Female,47,Silver,TV,Songkhla,806,Web,COD,1,5,3,0,40-50,26.866666666666667,2.0,1.0,0.5,45,49,2112.125,0.3,1.0,0.5,0.0,0.0,0,0,0.0,0.0,0,0,0.0,2519.85,1,1,1.0,4224.25,2,1,0.5,0
LGS2ORD0018698,C014672,2025-05-29 02:00:00,Female,39,Bronze,Shopee,Chiang Mai,1574,Lazada,COD,2,5,3,0,30-40,52.46666666666667,7.0,2.0,0.2857142857142857,37,5,9826.542857142858,0.18,0.5714285714285714,0.0,0.14285714285714285,7895.39,1,0,0.0,22702.2,2,0,0.0,64749.799999999996,5,1,0.2,68785.8,7,2,0.2857142857142857,0
LGS2ORD0018699,C014913,2025-05-29 02:00:00,Male,50,Platinum,Web,Bangkok,595,TV_Show,PromptPay,2,5,3,0,40-50,19.833333333333332,1.0,0.0,0.0,-1,111,921.91,0.15,0.0,0.0,0.0,0.0,0,0,0.0,0.0,0,0,0.0,0.0,0,0,0.0,921.91,1,0,0.0,1
LGS2ORD0018700,C016365,2025-05-29 02:00:00,Male,43,Bronze,TV,Khon Kaen,1323,TV_Show,COD,2,5,3,0,40-50,44.1,3.0,2.0,0.6666666666666666,75,85,7685.493333333335,0.23,1.0,0.3333333333333333,0.0,0.0,0,0,0.0,0.0,0,0,0.0,4452.4,1,1,1.0,23056.480000000003,3,2,0.6666666666666666,0
LGS2ORD0018701,C011699,2025-05-29 02:00:00,Male,47,Bronze,TV,Khon Kaen,1164,Shopee,Bank_Transfer,2,5,3,0,40-50,38.8,3.0,0.0,0.0,-1,40,1475.3,0.23,0.6666666666666666,0.3333333333333333,0.0,0.0,0,0,0.0,0.0,0,0,0.0,4425.9,3,0,0.0,4425.9,3,0,0.0,0
LGS2ORD0018702,C012792,2025-05-29 02:00:00,Female,18,Gold,Lazada,Bangkok,305,Web,PromptPay,2,5,3,0,<20,10.166666666666666,2.0,0.0,0.0,-1,26,11070.025,0.13,0.0,0.0,0.0,0.0,0,0,0.0,1525.53,1,0,0.0,1525.53,1,0,0.0,22140.05,2,0,0.0,0
LGS2ORD0018703,C010776,2025-05-29 03:00:00,Female,67,Platinum,Lazada,Phuket,585,Shopee,Bank_Transfer,3,5,3,0,>50,19.5,1.0,0.0,0.0,-1,90,22402.38,0.1,0.0,0.0,0.0,0.0,0,0,0.0,0.0,0,0,0.0,0.0,0,0,0.0,22402.38,1,0,0.0,0
LGS2ORD0018704,C012214,2025-05-29 03:00:00,Female,48,Bronze,Shopee,Remote_Area,1531,Web,PromptPay,3,5,3,0,40-50,51.03333333333333,2.0,0.0,0.0,-1,84,11278.355,0.13,0.5,0.0,0.0,0.0,0,0,0.0,0.0,0,0,0.0,1169.19,1,0,0.0,22556.71,2,0,0.0,1
LGS2ORD0018705,C014104,2025-05-29 03:00:00,Female,37,Platinum,Web,Bangkok,214,Lazada,COD,3,5,3,0,30-40,7.133333333333334,1.0,0.0,0.0,-1,118,1246.45,0.35,0.0,1.0,0.0,0.0,0,0,0.0,0.0,0,0,0.0,0.0,0,0,0.0,1246.45,1,0,0.0,0
LGS2ORD0018706,C011902,2025-05-29 03:00:00,Female,51,Gold,TV,Bangkok,1596,CallCenter,PromptPay,3,5,3,0,>50,53.2,3.0,0.0,0.0,-1,34,5095.8966666666665,0.33,0.3333333333333333,0.3333333333333333,0.0,0.0,0,0,0.0,0.0,0,0,0.0,2256.75,1,0,0.0,15287.689999999999,3,0,0.0,1
LGS2ORD0018707,C015745,2025-05-29 03:00:00,Male,39,Bronze,Web,Phuket,943,TV_Show,Credit_Card,3,5,3,0,30-40,31.433333333333334,5.0,0.0,0.0,-1,45,5754.02,0.23,0.4,0.2,0.0,0.0,0,0,0.0,0.0,0,0,0.0,9359.64,2,0,0.0,28770.100000000002,5,0,0.0,0
LGS2ORD0018708,C012881,2025-05-29 04:00:00,Male,50,Platinum,Web,Bangkok,1022,TV_Show,Credit_Card,4,5,3,0,40-50,34.06666666666667,1.0,1.0,1.0,75,79,10907.3,0.1,0.0,0.0,0.0,0.0,0,0,0.0,0.0,0,0,0.0,10907.3,1,1,1.0,10907.3,1,1,1.0,0
LGS2ORD0018709,C016141,2025-05-29 04:00:00,Male,55,Silver,Lazada,Bangkok,747,Lazada,COD,4,5,3,0,>50,24.9,3.0,0.0,0.0,-1,68,1409.12,0.2,0.3333333333333333,0.0,0.0,0.0,0,0,0.0,0.0,0,0,0.0,696.22,1,0,0.0,4227.36,3,0,0.0,0
LGS2ORD0018710,C014409,2025-05-29 04:00:00,Female,50,Bronze,Web,Nakhon Ratchasima,371,Lazada,COD,4,5,3,0,40-50,12.366666666666667,2.0,1.0,0.5,83,40,2981.73,0.13,1.0,0.0,0.0,0.0,0,0,0.0,0.0,0,0,0.0,931.04,1,0,0.0,5963.46,2,1,0.5,0
LGS2ORD0018711,C012691,2025-05-29 04:00:00,Other,31,Bronze,TV,Nakhon Ratchasima,871,Shopee,COD,4,5,3,0,30-40,29.033333333333335,4.0,0.0,0.0,-1,31,11793.8725,0.28,0.5,0.25,0.0,0.0,0,0,0.0,0.0,0,0,0.0,39419.33,3,0,0.0,47175.49,4,0,0.0,1
LGS2ORD0018712,C010809,2025-05-29 04:00:00,Male,38,Platinum,Web,Bangkok,1554,TV_Show,Credit_Card,4,5,3,0,30-40,51.8,2.0,0.0,0.0,-1,60,4566.775,0.3,0.5,1.0,0.0,0.0,0,0,0.0,0.0,0,0,0.0,7270.62,1,0,0.0,9133.55,2,0,0.0,0
LGS2ORD0018713,C016297,2025-05-29 04:00:00,Male,71,Bronze,TV,Songkhla,271,Web,COD,4,5,3,0,>50,9.033333333333333,0.0,0.0,0.0,-1,-1,0.0,0.0,0.0,0.0,0.0,0.0,0,0,0.0,0.0,0,0,0.0,0.0,0,0,0.0,0.0,0,0,0.0,0
LGS2ORD0018714,C011462,2025-05-29 05:00:00,Female,47,Silver,TV,Phuket,1258,Shopee,PromptPay,5,5,3,0,40-50,41.93333333333333,3.0,1.0,0.3333333333333333,17,3,7307.450000000001,0.2,1.0,0.0,0.0,2480.25,1,0,0.0,21922.350000000002,3,1,0.3333333333333333,21922.350000000002,3,1,0.3333333333333333,21922.350000000002,3,1,0.3333333333333333,0
LGS2ORD0018715,C012140,2025-05-29 05:00:00,Male,52,Gold,Shopee,Songkhla,922,Lazada,Bank_Transfer,5,5,3,0,>50,30.733333333333334,5.0,3.0,0.6,0,3,6774.066000000001,0.33,0.6,0.8,0.0,1051.25,1,1,1.0,1051.25,1,1,1.0,26999.14,4,2,0.5,33870.33,5,3,0.6,0
LGS2ORD0018716,C013070,2025-05-29 05:00:00,Female,68,Bronze,TV,Songkhla,180,Lazada,PromptPay,5,5,3,0,>50,6.0,4.0,2.0,0.5,2,14,4518.7525,0.23,0.75,0.25,0.0,0.0,0,0,0.0,1258.07,1,1,1.0,13736.39,3,2,0.6666666666666666,18075.01,4,2,0.5,0
LGS2ORD0018717,C013278,2025-05-29 05:00:00,Male,34,Silver,TV,Khon Kaen,1424,Web,Bank_Transfer,5,5,3,0,30-40,47.46666666666667,3.0,0.0,0.0,-1,2,5465.286666666667,0.3,1.0,0.3333333333333333,0.0,4068.78,1,0,0.0,4068.78,1,0,0.0,4068.78,1,0,0.0,16395.86,3,0,0.0,0
LGS2ORD0018718,C010090,2025-05-29 05:00:00,Female,47,Silver,TV,Songkhla,806,Lazada,COD,5,5,3,0,40-50,26.866666666666667,3.0,1.0,0.3333333333333333,45,0,2857.4266666666663,0.3,1.0,0.3333333333333333,0.0,4348.03,1,0,0.0,4348.03,1,0,0.0,6867.879999999999,2,1,0.5,8572.279999999999,3,1,0.3333333333333333,1
LGS2ORD0018719,C011203,2025-05-29 06:00:00,Female,46,Bronze,TV,Songkhla,1318,Web,COD,6,5,3,0,40-50,43.93333333333333,3.0,2.0,0.6666666666666666,43,58,4063.2033333333334,0.23,0.6666666666666666,0.3333333333333333,0.0,0.0,0,0,0.0,0.0,0,0,0.0,12189.61,3,2,0.6666666666666666,12189.61,3,2,0.6666666666666666,1
LGS2ORD0018720,C015923,2025-05-29 06:00:00,Male,59,Bronze,TV,Phuket,777,Shopee,COD,6,5,3,0,>50,25.9,1.0,1.0,1.0,52,64,413.29,0.23,1.0,1.0,0.0,0.0,0,0,0.0,0.0,0,0,0.0,413.29,1,1,1.0,413.29,1,1,1.0,1
LGS2ORD0018721,C014026,2025-05-29 06:00:00,Female,60,Silver,Lazada,Remote_Area,255,Web,PromptPay,6,5,3,0,>50,8.5,6.0,1.0,0.16666666666666666,29,37,4162.718333333333,0.25,0.5,0.3333333333333333,0.0,0.0,0,0,0.0,0.0,0,0,0.0,16565.31,5,1,0.2,24976.31,6,1,0.16666666666666666,0
LGS2ORD0018722,C014910,2025-05-29 06:00:00,Male,34,Bronze,Lazada,Nakhon Ratchasima,1485,Web,PromptPay,6,5,3,0,30-40,49.5,2.0,1.0,0.5,81,27,919.81,0.28,1.0,0.5,0.0,0.0,0,0,0.0,857.44,1,0,0.0,1839.62,2,1,0.5,1839.62,2,1,0.5,0
LGS2ORD0018723,C014496,2025-05-29 06:00:00,Female,57,Gold,Lazada,Khon Kaen,497,Lazada,COD,6,5,3,0,>50,16.566666666666666,3.0,1.0,0.3333333333333333,121,3,8880.123333333333,0.2299999999999999,0.3333333333333333,0.3333333333333333,0.0,9590.91,1,0,0.0,9590.91,1,0,0.0,11973.88,2,0,0.0,26640.37,3,1,0.3333333333333333,0
LGS2ORD0018724,C011207,2025-05-29 07:00:00,Female,54,Gold,Shopee,Chonburi,345,Web,PromptPay,7,5,3,0,>50,11.5,0.0,0.0,0.0,-1,-1,0.0,0.0,0.0,0.0,0.0,0.0,0,0,0.0,0.0,0,0,0.0,0.0,0,0,0.0,0.0,0,0,0.0,0
LGS2ORD0018725,C014622,2025-05-29 07:00:00,Male,49,Silver,Shopee,Remote_Area,1102,CallCenter,PromptPay,7,5,3,0,40-50,36.733333333333334,6.0,0.0,0.0,-1,57,3837.8933333333334,0.25,0.3333333333333333,0.16666666666666666,0.0,0.0,0,0,0.0,0.0,0,0,0.0,16160.41,2,0,0.0,23027.36,6,0,0.0,1
LGS2ORD0018726,C017418,2025-05-29 07:00:00,Male,49,Silver,Web,Songkhla,819,Web,COD,7,5,3,0,40-50,27.3,3.0,3.0,1.0,12,23,3408.0733333333333,0.3,0.3333333333333333,0.6666666666666666,0.0,0.0,0,0,0.0,2329.23,1,1,1.0,2329.23,1,1,1.0,10224.22,3,3,1.0,1
LGS2ORD0018727,C015776,2025-05-29 07:00:00,Female,56,Bronze,Shopee,Songkhla,1086,CallCenter,COD,7,5,3,0,>50,36.2,1.0,1.0,1.0,-9,0,6647.43,0.23,1.0,1.0,0.0,6647.43,1,1,1.0,6647.43,1,1,1.0,6647.43,1,1,1.0,6647.43,1,1,1.0,1
LGS2ORD0018728,C013080,2025-05-29 07:00:00,Male,69,Bronze,Web,Chonburi,860,TV_Show,COD,7,5,3,0,>50,28.666666666666668,4.0,1.0,0.25,85,23,3505.41,0.23,0.75,0.25,0.0,0.0,0,0,0.0,1404.31,1,0,0.0,1404.31,1,0,0.0,14021.64,4,1,0.25,0
LGS2ORD0018729,C010219,2025-05-29 08:00:00,Male,43,Bronze,Web,Bangkok,822,Shopee,Credit_Card,8,5,3,0,40-50,27.4,1.0,0.0,0.0,-1,88,8382.68,0.08,1.0,0.0,0.0,0.0,0,0,0.0,0.0,0,0,0.0,8382.68,1,0,0.0,8382.68,1,0,0.0,0
LGS2ORD0018730,C013389,2025-05-29 08:00:00,Female,43,Silver,Shopee,Bangkok,1282,TV_Show,COD,8,5,3,0,40-50,42.733333333333334,1.0,0.0,0.0,-1,39,1686.35,0.2,1.0,0.0,0.0,0.0,0,0,0.0,0.0,0,0,0.0,1686.35,1,0,0.0,1686.35,1,0,0.0,1
LGS2ORD0018731,C016688,2025-05-29 08:00:00,Female,47,Bronze,CallCenter,Remote_Area,556,TV_Show,COD,8,5,3,0,40-50,18.533333333333335,3.0,1.0,0.3333333333333333,100,63,2160.93,0.18,0.0,0.0,0.0,0.0,0,0,0.0,0.0,0,0,0.0,497.66,1,0,0.0,6482.789999999999,3,1,0.3333333333333333,1
LGS2ORD0018732,C011102,2025-05-29 08:00:00,Male,44,Silver,Shopee,Bangkok,1560,Web,COD,8,5,3,0,40-50,52.0,1.0,0.0,0.0,-1,16,1938.3,0.1,0.0,0.0,0.0,0.0,0,0,0.0,1938.3,1,0,0.0,1938.3,1,0,0.0,1938.3,1,0,0.0,1
LGS2ORD0018733,C010422,2025-05-29 08:00:00,Female,38,Platinum,TV,Khon Kaen,1555,TV_Show,Credit_Card,8,5,3,0,30-40,51.833333333333336,2.0,0.0,0.0,-1,34,2357.195,0.3,0.5,0.5,0.0,0.0,0,0,0.0,0.0,0,0,0.0,1858.3,1,0,0.0,4714.39,2,0,0.0,0
LGS2ORD0018734,C011230,2025-05-29 08:00:00,Female,45,Bronze,TV,Chiang Mai,426,TV_Show,Bank_Transfer,8,5,3,0,40-50,14.2,2.0,0.0,0.0,-1,34,2884.175,0.13,1.0,0.0,0.0,0.0,0,0,0.0,0.0,0,0,0.0,5768.35,2,0,0.0,5768.35,2,0,0.0,0
LGS2ORD0018735,C012878,2025-05-29 09:00:00,Female,63,Bronze,TV,Chonburi,562,Lazada,Bank_Transfer,9,5,3,0,>50,18.733333333333334,7.0,2.0,0.2857142857142857,55,18,3738.025714285714,0.28,0.7142857142857143,0.2857142857142857,0.0,0.0,0,0,0.0,7136.88,2,0,0.0,24339.76,6,1,0.16666666666666666,26166.179999999997,7,2,0.2857142857142857,0
LGS2ORD0018736,C013690,2025-05-29 09:00:00,Male,42,Silver,Web,Chiang Mai,1460,Lazada,COD,9,5,3,0,40-50,48.666666666666664,0.0,0.0,0.0,-1,-1,0.0,0.0,0.0,0.0,0.0,0.0,0,0,0.0,0.0,0,0,0.0,0.0,0,0,0.0,0.0,0,0,0.0,1
LGS2ORD0018737,C015311,2025-05-29 09:00:00,Female,38,Gold,Web,Phuket,705,CallCenter,COD,9,5,3,0,30-40,23.5,2.0,0.0,0.0,-1,61,2434.89,0.28,1.0,0.5,0.0,0.0,0,0,0.0,0.0,0,0,0.0,4869.78,2,0,0.0,4869.78,2,0,0.0,0
LGS2ORD0018738,C016092,2025-05-29 09:00:00,Male,36,Bronze,Lazada,Chiang Mai,888,Web,Credit_Card,9,5,3,0,30-40,29.6,1.0,0.0,0.0,-1,15,1089.57,0.18,0.0,0.0,0.0,0.0,0,0,0.0,1089.57,1,0,0.0,1089.57,1,0,0.0,1089.57,1,0,0.0,0
LGS2ORD0018739,C010212,2025-05-29 09:00:00,Male,51,Bronze,Web,Bangkok,1437,Web,COD,9,5,3,0,>50,47.9,5.0,2.0,0.4,109,67,12626.808,0.28,0.8,0.6,0.0,0.0,0,0,0.0,0.0,0,0,0.0,5445.280000000001,2,0,0.0,63134.04000000001,5,2,0.4,0
LGS2ORD0018740,C013789,2025-05-29 10:00:00,Female,37,Silver,Lazada,Songkhla,789,Web,COD,10,5,3,0,30-40,26.3,3.0,3.0,1.0,57,75,2049.7633333333333,0.25,1.0,0.6666666666666666,0.0,0.0,0,0,0.0,0.0,0,0,0.0,3386.7200000000003,2,2,1.0,6149.29,3,3,1.0,1
LGS2ORD0018741,C017230,2025-05-29 10:00:00,Male,25,Silver,CallCenter,Bangkok,980,Web,COD,10,5,3,0,20-30,32.666666666666664,2.0,0.0,0.0,-1,35,14760.105,0.15,0.5,0.0,0.0,0.0,0,0,0.0,0.0,0,0,0.0,20860.94,1,0,0.0,29520.21,2,0,0.0,0
LGS2ORD0018742,C015842,2025-05-29 10:00:00,Male,31,Gold,Web,Bangkok,1184,Lazada,COD,10,5,3,0,30-40,39.46666666666667,2.0,1.0,0.5,106,87,1576.67,0.2299999999999999,0.5,1.0,0.0,0.0,0,0,0.0,0.0,0,0,0.0,1848.97,1,0,0.0,3153.34,2,1,0.5,0
LGS2ORD0018743,C013702,2025-05-29 10:00:00,Male,32,Silver,Shopee,Bangkok,830,CallCenter,COD,10,5,3,0,30-40,27.666666666666668,1.0,0.0,0.0,-1,20,1970.59,0.05,1.0,0.0,0.0,0.0,0,0,0.0,1970.59,1,0,0.0,1970.59,1,0,0.0,1970.59,1,0,0.0,1
LGS2ORD0018744,C010276,2025-05-29 10:00:00,Female,18,Bronze,TV,Chonburi,961,Web,COD,10,5,3,0,<20,32.03333333333333,2.0,1.0,0.5,61,72,1977.4650000000001,0.08,0.5,0.0,0.0,0.0,0,0,0.0,0.0,0,0,0.0,2514.57,1,1,1.0,3954.9300000000003,2,1,0.5,0
LGS2ORD0018745,C012420,2025-05-29 11:00:00,Male,50,Bronze,TV,Songkhla,749,Lazada,COD,11,5,3,0,40-50,24.966666666666665,3.0,1.0,0.3333333333333333,2,14,3675.233333333333,0.28,0.3333333333333333,1.0,0.0,0.0,0,0,0.0,1888.22,1,1,1.0,1888.22,1,1,1.0,11025.699999999999,3,1,0.3333333333333333,1
LGS2ORD0018746,C016562,2025-05-29 11:00:00,Male,45,Gold,Lazada,Bangkok,657,Lazada,COD,11,5,3,0,40-50,21.9,3.0,0.0,0.0,-1,86,6196.683333333333,0.33,0.6666666666666666,0.6666666666666666,0.0,0.0,0,0,0.0,0.0,0,0,0.0,17734.88,2,0,0.0,18590.05,3,0,0.0,0
LGS2ORD0018747,C011546,2025-05-29 11:00:00,Female,43,Bronze,Lazada,Nakhon Ratchasima,789,Web,Bank_Transfer,11,5,3,0,40-50,26.3,5.0,2.0,0.4,60,21,3855.048,0.28,0.8,0.2,0.0,0.0,0,0,0.0,3564.3999999999996,2,0,0.0,8518.519999999999,3,1,0.3333333333333333,19275.239999999998,5,2,0.4,0
LGS2ORD0018748,C010593,2025-05-29 11:00:00,Male,26,Bronze,TV,Phuket,1112,Web,COD,11,5,3,0,20-30,37.06666666666667,2.0,0.0,0.0,-1,68,1740.3650000000002,0.23,0.0,0.5,0.0,0.0,0,0,0.0,0.0,0,0,0.0,1341.41,1,0,0.0,3480.7300000000005,2,0,0.0,1
LGS2ORD0018749,C016513,2025-05-29 11:00:00,Female,30,Bronze,TV,Bangkok,692,Web,COD,11,5,3,0,20-30,23.066666666666666,1.0,0.0,0.0,-1,13,616.21,0.03,0.0,0.0,0.0,0.0,0,0,0.0,616.21,1,0,0.0,616.21,1,0,0.0,616.21,1,0,0.0,0
LGS2ORD0018750,C015598,2025-05-29 12:00:00,Male,34,Bronze,Shopee,Bangkok,958,Web,COD,12,5,3,0,30-40,31.933333333333334,4.0,1.0,0.25,82,22,5104.7675,0.23,0.75,0.25,0.0,0.0,0,0,0.0,4546.38,1,0,0.0,4546.38,1,0,0.0,20419.07,4,1,0.25,1
LGS2ORD0018751,C011734,2025-05-29 12:00:00,Female,52,Bronze,Web,Songkhla,1355,Web,Bank_Transfer,12,5,3,0,>50,45.166666666666664,3.0,1.0,0.3333333333333333,68,7,4312.733333333334,0.23,0.6666666666666666,0.3333333333333333,0.0,0.0,0,0,0.0,3560.62,2,0,0.0,12938.2,3,1,0.3333333333333333,12938.2,3,1,0.3333333333333333,0
LGS2ORD0018752,C014794,2025-05-29 12:00:00,Male,66,Bronze,CallCenter,Chiang Mai,1567,Shopee,COD,12,5,3,0,>50,52.233333333333334,4.0,2.0,0.5,-8,2,4168.375,0.23,0.75,0.5,0.0,5305.37,2,2,1.0,16673.5,4,2,0.5,16673.5,4,2,0.5,16673.5,4,2,0.5,0
LGS2ORD0018753,C010368,2025-05-29 12:00:00,Male,61,Bronze,Lazada,Bangkok,623,CallCenter,PromptPay,12,5,3,0,>50,20.766666666666666,2.0,1.0,0.5,-12,0,1818.29,0.28,1.0,0.5,0.0,1549.36,1,1,1.0,1549.36,1,1,1.0,3636.58,2,1,0.5,3636.58,2,1,0.5,0
LGS2ORD0018754,C010638,2025-05-29 12:00:00,Female,44,Gold,Web,Chonburi,175,TV_Show,Credit_Card,12,5,3,0,40-50,5.833333333333333,3.0,1.0,0.3333333333333333,65,65,4803.136666666666,0.33,0.3333333333333333,0.3333333333333333,0.0,0.0,0,0,0.0,0.0,0,0,0.0,5586.08,2,1,0.5,14409.41,3,1,0.3333333333333333,1
LGS2ORD0018755,C017337,2025-05-29 12:00:00,Female,39,Platinum,Shopee,Nakhon Ratchasima,639,CallCenter,PromptPay,12,5,3,0,30-40,21.3,2.0,0.0,0.0,-1,91,913.5350000000001,0.25,0.0,1.0,0.0,0.0,0,0,0.0,0.0,0,0,0.0,0.0,0,0,0.0,1827.0700000000002,2,0,0.0,0
LGS2ORD0018756,C014437,2025-05-29 13:00:00,Male,51,Silver,Lazada,Bangkok,1087,TV_Show,Bank_Transfer,13,5,3,0,>50,36.233333333333334,1.0,0.0,0.0,-1,97,4181.26,0.05,1.0,0.0,0.0,0.0,0,0,0.0,0.0,0,0,0.0,0.0,0,0,0.0,4181.26,1,0,0.0,0
LGS2ORD0018757,C013106,2025-05-29 13:00:00,Male,28,Bronze,TV,Nakhon Ratchasima,173,Shopee,COD,13,5,3,0,20-30,5.766666666666667,4.0,2.0,0.5,0,7,7632.652499999999,0.23,0.25,0.75,0.0,0.0,0,0,0.0,1852.35,1,1,1.0,29852.979999999996,3,2,0.6666666666666666,30530.609999999997,4,2,0.5,0
LGS2ORD0018758,C017148,2025-05-29 13:00:00,Female,48,Platinum,TV,Chonburi,1262,Web,COD,13,5,3,0,40-50,42.06666666666667,3.0,0.0,0.0,-1,4,18918.926666666666,0.3,0.6666666666666666,0.6666666666666666,0.0,18609.31,1,0,0.0,18609.31,1,0,0.0,18609.31,1,0,0.0,56756.78,3,0,0.0,1
LGS2ORD0018759,C012443,2025-05-29 13:00:00,Male,63,Bronze,Shopee,Remote_Area,1511,Lazada,Credit_Card,13,5,3,0,>50,50.36666666666667,1.0,0.0,0.0,-1,136,2318.45,0.13,0.0,0.0,0.0,0.0,0,0,0.0,0.0,0,0,0.0,0.0,0,0,0.0,2318.45,1,0,0.0,0
LGS2ORD0018760,C011133,2025-05-29 13:00:00,Male,37,Bronze,CallCenter,Remote_Area,1080,Shopee,Bank_Transfer,13,5,3,0,30-40,36.0,2.0,0.0,0.0,-1,0,2467.84,0.13,0.5,0.0,0.0,4246.21,1,0,0.0,4246.21,1,0,0.0,4246.21,1,0,0.0,4935.68,2,0,0.0,0
LGS2ORD0018761,C012942,2025-05-29 14:00:00,Male,45,Bronze,Lazada,Chonburi,182,Web,COD,14,5,3,0,40-50,6.066666666666666,3.0,0.0,0.0,-1,24,1329.5666666666668,0.28,0.6666666666666666,0.3333333333333333,0.0,0.0,0,0,0.0,958.04,1,0,0.0,1340.3799999999999,2,0,0.0,3988.7000000000003,3,0,0.0,0
LGS2ORD0018762,C016084,2025-05-29 14:00:00,Female,50,Bronze,Lazada,Bangkok,436,Web,COD,14,5,3,0,40-50,14.533333333333333,0.0,0.0,0.0,-1,-1,0.0,0.0,0.0,0.0,0.0,0.0,0,0,0.0,0.0,0,0,0.0,0.0,0,0,0.0,0.0,0,0,0.0,1
LGS2ORD0018763,C016360,2025-05-29 14:00:00,Female,38,Bronze,CallCenter,Bangkok,625,TV_Show,COD,14,5,3,0,30-40,20.833333333333332,2.0,0.0,0.0,-1,19,2423.92,0.18,0.5,0.0,0.0,0.0,0,0,0.0,4115.52,1,0,0.0,4847.84,2,0,0.0,4847.84,2,0,0.0,0
LGS2ORD0018764,C016303,2025-05-29 14:00:00,Female,34,Bronze,Shopee,Bangkok,1453,Lazada,Credit_Card,14,5,3,0,30-40,48.43333333333333,1.0,1.0,1.0,85,100,2321.67,0.03,0.0,0.0,0.0,0.0,0,0,0.0,0.0,0,0,0.0,0.0,0,0,0.0,2321.67,1,1,1.0,0
LGS2ORD0018765,C010766,2025-05-29 14:00:00,Female,42,Bronze,Shopee,Chiang Mai,742,TV_Show,Credit_Card,14,5,3,0,40-50,24.733333333333334,2.0,1.0,0.5,97,42,7450.075000000001,0.23,1.0,0.5,0.0,0.0,0,0,0.0,0.0,0,0,0.0,1414.95,1,0,0.0,14900.150000000001,2,1,0.5,0
LGS2ORD0018766,C014547,2025-05-29 15:00:00,Female,30,Bronze,TV,Chonburi,772,Web,Bank_Transfer,15,5,3,0,20-30,25.733333333333334,3.0,1.0,0.3333333333333333,132,41,5061.32,0.18,1.0,0.0,0.0,0.0,0,0,0.0,0.0,0,0,0.0,14302.470000000001,2,0,0.0,15183.96,3,1,0.3333333333333333,0
LGS2ORD0018767,C011817,2025-05-29 15:00:00,Male,38,Bronze,Shopee,Bangkok,1215,CallCenter,Credit_Card,15,5,3,0,30-40,40.5,0.0,0.0,0.0,-1,-1,0.0,0.0,0.0,0.0,0.0,0.0,0,0,0.0,0.0,0,0,0.0,0.0,0,0,0.0,0.0,0,0,0.0,0
LGS2ORD0018768,C013271,2025-05-29 15:00:00,Male,18,Bronze,TV,Khon Kaen,898,Web,COD,15,5,3,0,<20,29.933333333333334,2.0,0.0,0.0,-1,15,1170.46,0.03,0.5,0.0,0.0,0.0,0,0,0.0,562.47,1,0,0.0,2340.92,2,0,0.0,2340.92,2,0,0.0,0
LGS2ORD0018769,C010155,2025-05-29 15:00:00,Male,37,Bronze,Shopee,Bangkok,560,TV_Show,COD,15,5,3,0,30-40,18.666666666666668,4.0,0.0,0.0,-1,1,3667.185,0.28,0.5,0.25,0.0,4620.91,1,0,0.0,5638.25,2,0,0.0,14668.74,4,0,0.0,14668.74,4,0,0.0,0
LGS2ORD0018770,C017250,2025-05-29 15:00:00,Male,52,Bronze,Web,Bangkok,1242,Web,COD,15,5,3,0,>50,41.4,1.0,0.0,0.0,-1,107,1368.96,0.23,1.0,1.0,0.0,0.0,0,0,0.0,0.0,0,0,0.0,0.0,0,0,0.0,1368.96,1,0,0.0,0
LGS2ORD0018771,C016927,2025-05-29 15:00:00,Male,39,Bronze,TV,Chonburi,234,Shopee,PromptPay,15,5,3,0,30-40,7.8,3.0,1.0,0.3333333333333333,7,11,2836.4533333333334,0.08,0.6666666666666666,0.0,0.0,0.0,0,0,0.0,7467.77,2,1,0.5,8509.36,3,1,0.3333333333333333,8509.36,3,1,0.3333333333333333,1
LGS2ORD0018772,C015897,2025-05-29 16:00:00,Female,41,Bronze,TV,Bangkok,498,Web,COD,16,5,3,0,40-50,16.6,0.0,0.0,0.0,-1,-1,0.0,0.0,0.0,0.0,0.0,0.0,0,0,0.0,0.0,0,0,0.0,0.0,0,0,0.0,0.0,0,0,0.0,0
LGS2ORD0018773,C014068,2025-05-29 16:00:00,Female,33,Silver,TV,Bangkok,254,Shopee,Credit_Card,16,5,3,0,30-40,8.466666666666667,3.0,1.0,0.3333333333333333,106,7,16687.853333333333,0.15,0.3333333333333333,0.0,0.0,0.0,0,0,0.0,40061.81,2,0,0.0,40061.81,2,0,0.0,50063.56,3,1,0.3333333333333333,0
LGS2ORD0018774,C016581,2025-05-29 16:00:00,Female,35,Gold,Shopee,Nakhon Ratchasima,1450,Web,Credit_Card,16,5,3,0,30-40,48.333333333333336,4.0,0.0,0.0,-1,21,5079.4,0.2299999999999999,0.0,0.5,0.0,0.0,0,0,0.0,17506.22,3,0,0.0,20317.6,4,0,0.0,20317.6,4,0,0.0,0
LGS2ORD0018775,C015773,2025-05-29 16:00:00,Male,57,Bronze,Lazada,Bangkok,930,TV_Show,COD,16,5,3,0,>50,31.0,3.0,0.0,0.0,-1,26,16905.05,0.08,0.6666666666666666,0.0,0.0,0.0,0,0,0.0,35037.53,1,0,0.0,41738.03,2,0,0.0,50715.15,3,0,0.0,1
LGS2ORD0018776,C013729,2025-05-29 16:00:00,Female,51,Bronze,TV,Phuket,255,TV_Show,COD,16,5,3,0,>50,8.5,0.0,0.0,0.0,-1,-1,0.0,0.0,0.0,0.0,0.0,0.0,0,0,0.0,0.0,0,0,0.0,0.0,0,0,0.0,0.0,0,0,0.0,0
LGS2ORD0018777,C010628,2025-05-29 17:00:00,Male,50,Bronze,Shopee,Songkhla,185,Lazada,Credit_Card,17,5,3,0,40-50,6.166666666666667,5.0,2.0,0.4,51,9,6482.478,0.18,0.6,0.0,0.0,0.0,0,0,0.0,21253.83,1,0,0.0,23253.760000000002,2,1,0.5,32412.39,5,2,0.4,0
LGS2ORD0018778,C014652,2025-05-29 17:00:00,Female,40,Gold,CallCenter,Chonburi,326,Lazada,PromptPay,17,5,3,0,30-40,10.866666666666667,0.0,0.0,0.0,-1,-1,0.0,0.0,0.0,0.0,0.0,0.0,0,0,0.0,0.0,0,0,0.0,0.0,0,0,0.0,0.0,0,0,0.0,0
LGS2ORD0018779,C015790,2025-05-29 17:00:00,Male,36,Bronze,CallCenter,Bangkok,1555,TV_Show,COD,17,5,3,0,30-40,51.833333333333336,2.0,0.0,0.0,-1,2,2698.935,0.28,0.5,0.5,0.0,1613.64,1,0,0.0,1613.64,1,0,0.0,5397.87,2,0,0.0,5397.87,2,0,0.0,0
LGS2ORD0018780,C012824,2025-05-29 17:00:00,Female,51,Silver,TV,Remote_Area,1007,TV_Show,COD,17,5,3,0,>50,33.56666666666667,1.0,0.0,0.0,-1,125,8214.86,0.3,0.0,1.0,0.0,0.0,0,0,0.0,0.0,0,0,0.0,0.0,0,0,0.0,8214.86,1,0,0.0,1
LGS2ORD0018781,C010915,2025-05-29 17:00:00,Male,47,Bronze,Lazada,Bangkok,1218,TV_Show,COD,17,5,3,0,40-50,40.6,3.0,1.0,0.3333333333333333,102,76,6142.776666666666,0.23,0.3333333333333333,0.3333333333333333,0.0,0.0,0,0,0.0,0.0,0,0,0.0,1518.19,1,0,0.0,18428.329999999998,3,1,0.3333333333333333,0
LGS2ORD0018782,C016547,2025-05-29 18:00:00,Male,31,Silver,Lazada,Bangkok,438,CallCenter,COD,18,5,3,0,30-40,14.6,3.0,0.0,0.0,-1,9,2276.6966666666667,0.2,0.6666666666666666,0.0,0.0,0.0,0,0,0.0,6830.09,3,0,0.0,6830.09,3,0,0.0,6830.09,3,0,0.0,0
LGS2ORD0018783,C016894,2025-05-29 18:00:00,Other,53,Bronze,Shopee,Bangkok,1539,CallCenter,COD,18,5,3,0,>50,51.3,5.0,0.0,0.0,-1,76,5099.773999999999,0.18,0.4,0.0,0.0,0.0,0,0,0.0,0.0,0,0,0.0,6676.27,1,0,0.0,25498.87,5,0,0.0,1
LGS2ORD0018784,C017014,2025-05-29 18:00:00,Male,39,Bronze,Shopee,Khon Kaen,423,TV_Show,Credit_Card,18,5,3,0,30-40,14.1,6.0,1.0,0.16666666666666666,76,11,7046.703333333334,0.28,0.5,0.3333333333333333,0.0,0.0,0,0,0.0,17593.19,2,0,0.0,37813.81999999999,4,0,0.0,42280.22,6,1,0.16666666666666666,0
LGS2ORD0018785,C015672,2025-05-29 18:00:00,Female,44,Bronze,CallCenter,Khon Kaen,1233,Lazada,COD,18,5,3,0,40-50,41.1,3.0,1.0,0.3333333333333333,86,30,15321.550000000001,0.18,0.3333333333333333,0.0,0.0,0.0,0,0,0.0,0.0,0,0,0.0,10792.26,1,0,0.0,45964.65,3,1,0.3333333333333333,0
LGS2ORD0018786,C017187,2025-05-29 18:00:00,Male,53,Silver,Web,Chonburi,165,Web,COD,18,5,3,0,>50,5.5,1.0,0.0,0.0,-1,78,1772.01,0.2,1.0,0.0,0.0,0.0,0,0,0.0,0.0,0,0,0.0,1772.01,1,0,0.0,1772.01,1,0,0.0,0
LGS2ORD0018787,C013182,2025-05-29 19:00:00,Male,38,Silver,Web,Bangkok,676,CallCenter,COD,19,5,3,0,30-40,22.533333333333335,2.0,0.0,0.0,-1,72,19376.68,0.25,0.5,0.5,0.0,0.0,0,0,0.0,0.0,0,0,0.0,25446.88,1,0,0.0,38753.36,2,0,0.0,0
LGS2ORD0018788,C012833,2025-05-29 19:00:00,Female,54,Bronze,Web,Nakhon Ratchasima,820,Lazada,COD,19,5,3,0,>50,27.333333333333332,1.0,0.0,0.0,-1,77,3823.55,0.28,0.0,1.0,0.0,0.0,0,0,0.0,0.0,0,0,0.0,3823.55,1,0,0.0,3823.55,1,0,0.0,0
LGS2ORD0018789,C015124,2025-05-29 19:00:00,Female,54,Bronze,TV,Nakhon Ratchasima,181,Shopee,COD,19,5,3,0,>50,6.033333333333333,4.0,1.0,0.25,43,41,4233.8375,0.28,0.5,0.5,0.0,0.0,0,0,0.0,0.0,0,0,0.0,6969.91,2,1,0.5,16935.35,4,1,0.25,0
LGS2ORD0018790,C016130,2025-05-29 19:00:00,Male,36,Gold,Shopee,Bangkok,1342,TV_Show,COD,19,5,3,0,30-40,44.733333333333334,3.0,0.0,0.0,-1,75,3584.2566666666667,0.28,0.6666666666666666,0.6666666666666666,0.0,0.0,0,0,0.0,0.0,0,0,0.0,2517.74,1,0,0.0,10752.77,3,0,0.0,0
LGS2ORD0018791,C016529,2025-05-29 19:00:00,Male,27,Bronze,TV,Songkhla,614,Web,Bank_Transfer,19,5,3,0,20-30,20.466666666666665,3.0,1.0,0.3333333333333333,138,27,7293.893333333334,0.28,0.6666666666666666,0.3333333333333333,0.0,0.0,0,0,0.0,847.79,1,0,0.0,847.79,1,0,0.0,21881.680000000004,3,1,0.3333333333333333,0
LGS2ORD0018792,C010725,2025-05-29 19:00:00,Female,41,Gold,TV,Bangkok,1450,TV_Show,COD,19,5,3,0,40-50,48.333333333333336,1.0,0.0,0.0,-1,140,2218.9,0.13,1.0,0.0,0.0,0.0,0,0,0.0,0.0,0,0,0.0,0.0,0,0,0.0,2218.9,1,0,0.0,0
LGS2ORD0018793,C011172,2025-05-29 20:00:00,Male,48,Platinum,Web,Chonburi,732,Lazada,COD,20,5,3,0,40-50,24.4,2.0,0.0,0.0,-1,89,2875.84,0.1,1.0,0.0,0.0,0.0,0,0,0.0,0.0,0,0,0.0,3889.06,1,0,0.0,5751.68,2,0,0.0,0
LGS2ORD0018794,C017615,2025-05-29 20:00:00,Female,51,Bronze,Web,Chonburi,758,Shopee,COD,20,5,3,0,>50,25.266666666666666,2.0,2.0,1.0,54,61,1238.065,0.18,1.0,0.0,0.0,0.0,0,0,0.0,0.0,0,0,0.0,912.55,1,1,1.0,2476.13,2,2,1.0,0
LGS2ORD0018795,C016970,2025-05-29 20:00:00,Female,70,Bronze,Lazada,Chiang Mai,606,TV_Show,Bank_Transfer,20,5,3,0,>50,20.2,6.0,1.0,0.16666666666666666,36,22,4938.841666666667,0.28,0.3333333333333333,0.16666666666666666,0.0,0.0,0,0,0.0,1569.31,1,0,0.0,29633.050000000003,6,1,0.16666666666666666,29633.050000000003,6,1,0.16666666666666666,0
LGS2ORD0018796,C017059,2025-05-29 20:00:00,Male,47,Bronze,CallCenter,Nakhon Ratchasima,1108,Web,PromptPay,20,5,3,0,40-50,36.93333333333333,5.0,1.0,0.2,27,5,2986.054,0.23,0.8,0.2,0.0,3265.11,1,0,0.0,3265.11,1,0,0.0,6776.620000000001,3,1,0.3333333333333333,14930.27,5,1,0.2,0
LGS2ORD0018797,C013053,2025-05-29 20:00:00,Female,50,Platinum,TV,Chonburi,1159,Web,COD,20,5,3,0,40-50,38.63333333333333,3.0,0.0,0.0,-1,35,1850.53,0.3,0.6666666666666666,0.3333333333333333,0.0,0.0,0,0,0.0,0.0,0,0,0.0,4564.32,2,0,0.0,5551.59,3,0,0.0,1
LGS2ORD0018798,C017839,2025-05-29 21:00:00,Female,40,Platinum,Shopee,Chiang Mai,1445,Web,COD,21,5,3,0,30-40,48.166666666666664,1.0,0.0,0.0,-1,141,319.48,0.1,0.0,0.0,0.0,0.0,0,0,0.0,0.0,0,0,0.0,0.0,0,0,0.0,319.48,1,0,0.0,0
LGS2ORD0018799,C013385,2025-05-29 21:00:00,Female,56,Gold,Web,Khon Kaen,339,Shopee,COD,21,5,3,0,>50,11.3,0.0,0.0,0.0,-1,-1,0.0,0.0,0.0,0.0,0.0,0.0,0,0,0.0,0.0,0,0,0.0,0.0,0,0,0.0,0.0,0,0,0.0,1
LGS2ORD0018800,C010602,2025-05-29 21:00:00,Male,18,Bronze,TV,Chiang Mai,712,Lazada,COD,21,5,3,0,<20,23.733333333333334,2.0,0.0,0.0,-1,25,4013.3050000000003,0.28,1.0,0.5,0.0,0.0,0,0,0.0,3817.85,1,0,0.0,3817.85,1,0,0.0,8026.610000000001,2,0,0.0,0
LGS2ORD0018801,C012079,2025-05-29 21:00:00,Female,39,Silver,Lazada,Remote_Area,287,Shopee,Credit_Card,21,5,3,0,30-40,9.566666666666666,2.0,1.0,0.5,34,27,3628.335,0.25,1.0,0.5,0.0,0.0,0,0,0.0,4899.71,1,0,0.0,7256.67,2,1,0.5,7256.67,2,1,0.5,1
LGS2ORD0018802,C015859,2025-05-29 21:00:00,Male,51,Bronze,Web,Bangkok,1440,TV_Show,Credit_Card,21,5,3,0,>50,48.0,2.0,0.0,0.0,-1,95,12641.54,0.28,0.5,0.5,0.0,0.0,0,0,0.0,0.0,0,0,0.0,0.0,0,0,0.0,25283.08,2,0,0.0,0
LGS2ORD0018803,C012179,2025-05-29 22:00:00,Male,36,Silver,Shopee,Bangkok,212,Web,COD,22,5,3,0,30-40,7.066666666666666,6.0,2.0,0.3333333333333333,-6,2,9449.083333333334,0.2,0.5,0.0,0.0,10158.3,1,1,1.0,10158.3,1,1,1.0,42865.619999999995,4,2,0.5,56694.5,6,2,0.3333333333333333,0
LGS2ORD0018804,C014221,2025-05-29 22:00:00,Female,36,Bronze,Web,Bangkok,224,TV_Show,Bank_Transfer,22,5,3,0,30-40,7.466666666666667,3.0,0.0,0.0,-1,45,2293.9333333333334,0.23,0.3333333333333333,0.3333333333333333,0.0,0.0,0,0,0.0,0.0,0,0,0.0,1702.61,1,0,0.0,6881.8,3,0,0.0,0
LGS2ORD0018805,C011655,2025-05-29 22:00:00,Female,37,Gold,Web,Chonburi,603,Shopee,Credit_Card,22,5,3,0,30-40,20.1,0.0,0.0,0.0,-1,-1,0.0,0.0,0.0,0.0,0.0,0.0,0,0,0.0,0.0,0,0,0.0,0.0,0,0,0.0,0.0,0,0,0.0,1
LGS2ORD0018806,C013485,2025-05-29 22:00:00,Female,39,Bronze,Web,Khon Kaen,693,Shopee,COD,22,5,3,0,30-40,23.1,0.0,0.0,0.0,-1,-1,0.0,0.0,0.0,0.0,0.0,0.0,0,0,0.0,0.0,0,0,0.0,0.0,0,0,0.0,0.0,0,0,0.0,0
LGS2ORD0018807,C013241,2025-05-29 22:00:00,Female,46,Bronze,Lazada,Khon Kaen,1453,TV_Show,COD,22,5,3,0,40-50,48.43333333333333,3.0,0.0,0.0,-1,43,16685.623333333337,0.23,0.3333333333333333,0.3333333333333333,0.0,0.0,0,0,0.0,0.0,0,0,0.0,37316.42,2,0,0.0,50056.87000000001,3,0,0.0,0
LGS2ORD0018808,C016032,2025-05-29 23:00:00,Male,41,Bronze,CallCenter,Songkhla,702,Shopee,COD,23,5,3,0,40-50,23.4,1.0,0.0,0.0,-1,28,5133.32,0.13,0.0,0.0,0.0,0.0,0,0,0.0,5133.32,1,0,0.0,5133.32,1,0,0.0,5133.32,1,0,0.0,0
LGS2ORD0018809,C017037,2025-05-29 23:00:00,Female,41,Bronze,Web,Bangkok,1283,Web,COD,23,5,3,0,40-50,42.766666666666666,5.0,0.0,0.0,-1,3,4191.264,0.28,0.4,0.2,0.0,1034.19,1,0,0.0,1034.19,1,0,0.0,14918.69,4,0,0.0,20956.32,5,0,0.0,0
LGS2ORD0018810,C014441,2025-05-29 23:00:00,Male,72,Silver,Shopee,Chiang Mai,1121,Shopee,PromptPay,23,5,3,0,>50,37.36666666666667,1.0,0.0,0.0,-1,65,2822.76,0.1,1.0,0.0,0.0,0.0,0,0,0.0,0.0,0,0,0.0,2822.76,1,0,0.0,2822.76,1,0,0.0,0
LGS2ORD0018811,C010227,2025-05-29 23:00:00,Female,52,Gold,Shopee,Chiang Mai,667,Lazada,Credit_Card,23,5,3,0,>50,22.233333333333334,0.0,0.0,0.0,-1,-1,0.0,0.0,0.0,0.0,0.0,0.0,0,0,0.0,0.0,0,0,0.0,0.0,0,0,0.0,0.0,0,0,0.0,0
LGS2ORD0018812,C015036,2025-05-29 23:00:00,Female,45,Bronze,Web,Chonburi,1453,Shopee,COD,23,5,3,0,40-50,48.43333333333333,2.0,1.0,0.5,6,11,2980.33,0.08,0.5,0.0,0.0,0.0,0,0,0.0,5264.18,1,1,1.0,5960.66,2,1,0.5,5960.66,2,1,0.5,1
LGS2ORD0018813,C016389,2025-05-29 23:00:00,Male,49,Bronze,Lazada,Remote_Area,653,Lazada,PromptPay,23,5,3,0,40-50,21.766666666666666,2.0,2.0,1.0,27,43,2033.2350000000001,0.18,1.0,0.0,0.0,0.0,0,0,0.0,0.0,0,0,0.0,3278.86,1,1,1.0,4066.4700000000003,2,2,1.0,0
LGS2ORD0018814,C016783,2025-05-30 00:00:00,Female,36,Bronze,Shopee,Bangkok,642,TV_Show,Credit_Card,0,5,4,0,30-40,21.4,1.0,0.0,0.0,-1,76,707.03,0.03,1.0,0.0,0.0,0.0,0,0,0.0,0.0,0,0,0.0,707.03,1,0,0.0,707.03,1,0,0.0,0
LGS2ORD0018815,C017536,2025-05-30 00:00:00,Male,57,Bronze,TV,Bangkok,782,TV_Show,COD,0,5,4,0,>50,26.066666666666666,4.0,2.0,0.5,-3,14,4279.280000000001,0.28,0.75,0.5,0.0,0.0,0,0,0.0,1810.81,1,1,1.0,4627.0,3,2,0.6666666666666666,17117.120000000003,4,2,0.5,0
LGS2ORD0018816,C013499,2025-05-30 00:00:00,Male,36,Bronze,Web,Khon Kaen,810,TV_Show,COD,0,5,4,0,30-40,27.0,5.0,1.0,0.2,109,1,2412.6440000000002,0.28,0.6,0.2,0.0,684.68,1,0,0.0,8570.85,2,0,0.0,9802.08,3,0,0.0,12063.220000000001,5,1,0.2,1
LGS2ORD0018817,C011456,2025-05-30 00:00:00,Male,26,Gold,TV,Bangkok,1149,Web,Credit_Card,0,5,4,0,20-30,38.3,0.0,0.0,0.0,-1,-1,0.0,0.0,0.0,0.0,0.0,0.0,0,0,0.0,0.0,0,0,0.0,0.0,0,0,0.0,0.0,0,0,0.0,0
LGS2ORD0018818,C011036,2025-05-30 00:00:00,Male,42,Bronze,Web,Bangkok,1375,Shopee,COD,0,5,4,0,40-50,45.833333333333336,1.0,0.0,0.0,-1,7,28387.97,0.23,0.0,1.0,0.0,0.0,0,0,0.0,28387.97,1,0,0.0,28387.97,1,0,0.0,28387.97,1,0,0.0,0
LGS2ORD0018819,C011707,2025-05-30 01:00:00,Male,18,Platinum,Web,Bangkok,1105,Lazada,PromptPay,1,5,4,0,<20,36.833333333333336,0.0,0.0,0.0,-1,-1,0.0,0.0,0.0,0.0,0.0,0.0,0,0,0.0,0.0,0,0,0.0,0.0,0,0,0.0,0.0,0,0,0.0,0
LGS2ORD0018820,C013670,2025-05-30 01:00:00,Female,29,Silver,CallCenter,Chiang Mai,773,Web,PromptPay,1,5,4,0,20-30,25.766666666666666,3.0,1.0,0.3333333333333333,45,38,6039.353333333333,0.2,1.0,0.0,0.0,0.0,0,0,0.0,0.0,0,0,0.0,14362.09,2,1,0.5,18118.059999999998,3,1,0.3333333333333333,0
LGS2ORD0018821,C016357,2025-05-30 01:00:00,Female,52,Bronze,Web,Bangkok,445,Lazada,COD,1,5,4,0,>50,14.833333333333334,1.0,0.0,0.0,-1,29,17010.57,0.13,0.0,0.0,0.0,0.0,0,0,0.0,17010.57,1,0,0.0,17010.57,1,0,0.0,17010.57,1,0,0.0,0
LGS2ORD0018822,C013243,2025-05-30 01:00:00,Male,21,Bronze,TV,Bangkok,1340,TV_Show,COD,1,5,4,0,20-30,44.666666666666664,1.0,0.0,0.0,-1,45,3930.4,0.03,1.0,0.0,0.0,0.0,0,0,0.0,0.0,0,0,0.0,3930.4,1,0,0.0,3930.4,1,0,0.0,0
LGS2ORD0018823,C014259,2025-05-30 01:00:00,Male,52,Silver,Shopee,Chiang Mai,949,Lazada,COD,1,5,4,0,>50,31.633333333333333,0.0,0.0,0.0,-1,-1,0.0,0.0,0.0,0.0,0.0,0.0,0,0,0.0,0.0,0,0,0.0,0.0,0,0,0.0,0.0,0,0,0.0,1
LGS2ORD0018824,C012682,2025-05-30 02:00:00,Male,31,Silver,Web,Chonburi,204,Web,COD,2,5,4,0,30-40,6.8,2.0,1.0,0.5,40,50,9113.585,0.15,1.0,0.0,0.0,0.0,0,0,0.0,0.0,0,0,0.0,11775.06,1,1,1.0,18227.17,2,1,0.5,0
LGS2ORD0018825,C013754,2025-05-30 02:00:00,Female,49,Bronze,TV,Chiang Mai,336,TV_Show,COD,2,5,4,0,40-50,11.2,3.0,1.0,0.3333333333333333,62,13,4516.986666666667,0.18,0.3333333333333333,0.0,0.0,0.0,0,0,0.0,9884.68,1,0,0.0,13550.96,3,1,0.3333333333333333,13550.96,3,1,0.3333333333333333,0
LGS2ORD0018826,C013404,2025-05-30 02:00:00,Female,42,Bronze,Web,Chonburi,981,Web,COD,2,5,4,0,40-50,32.7,2.0,0.0,0.0,-1,45,9290.62,0.18,0.0,0.0,0.0,0.0,0,0,0.0,0.0,0,0,0.0,4193.64,1,0,0.0,18581.24,2,0,0.0,0
LGS2ORD0018827,C015228,2025-05-30 02:00:00,Male,50,Bronze,TV,Phuket,1322,Shopee,COD,2,5,4,0,40-50,44.06666666666667,2.0,1.0,0.5,69,29,3308.6899999999996,0.18,0.5,0.0,0.0,0.0,0,0,0.0,6228.61,1,0,0.0,6617.379999999999,2,1,0.5,6617.379999999999,2,1,0.5,0
LGS2ORD0018828,C010185,2025-05-30 02:00:00,Male,41,Bronze,TV,Nakhon Ratchasima,1443,Shopee,Bank_Transfer,2,5,4,0,40-50,48.1,5.0,2.0,0.4,34,38,7529.915999999999,0.28,0.2,0.2,0.0,0.0,0,0,0.0,0.0,0,0,0.0,37649.579999999994,5,2,0.4,37649.579999999994,5,2,0.4,0
LGS2ORD0018829,C017360,2025-05-30 03:00:00,Female,38,Bronze,Shopee,Khon Kaen,386,Shopee,Credit_Card,3,5,4,0,30-40,12.866666666666667,7.0,1.0,0.14285714285714285,2,11,1840.7714285714287,0.23,0.42857142857142855,0.14285714285714285,0.0,0.0,0,0,0.0,261.59,1,1,1.0,7786.200000000001,3,1,0.3333333333333333,12885.400000000001,7,1,0.14285714285714285,0
LGS2ORD0018830,C013054,2025-05-30 03:00:00,Female,64,Silver,Web,Khon Kaen,1584,TV_Show,Credit_Card,3,5,4,0,>50,52.8,2.0,1.0,0.5,121,94,5803.315,0.25,1.0,0.5,0.0,0.0,0,0,0.0,0.0,0,0,0.0,0.0,0,0,0.0,11606.63,2,1,0.5,0
LGS2ORD0018831,C015043,2025-05-30 03:00:00,Male,18,Bronze,TV,Phuket,1235,Shopee,COD,3,5,4,0,<20,41.166666666666664,0.0,0.0,0.0,-1,-1,0.0,0.0,0.0,0.0,0.0,0.0,0,0,0.0,0.0,0,0,0.0,0.0,0,0,0.0,0.0,0,0,0.0,0
LGS2ORD0018832,C015217,2025-05-30 03:00:00,Other,41,Bronze,Web,Chonburi,1242,CallCenter,PromptPay,3,5,4,0,40-50,41.4,1.0,0.0,0.0,-1,76,901.98,0.18,0.0,0.0,0.0,0.0,0,0,0.0,0.0,0,0,0.0,901.98,1,0,0.0,901.98,1,0,0.0,0
LGS2ORD0018833,C012767,2025-05-30 03:00:00,Male,36,Gold,Web,Chiang Mai,966,Shopee,PromptPay,3,5,4,0,30-40,32.2,1.0,0.0,0.0,-1,32,2047.44,0.18,1.0,0.0,0.0,0.0,0,0,0.0,0.0,0,0,0.0,2047.44,1,0,0.0,2047.44,1,0,0.0,0
LGS2ORD0018834,C015511,2025-05-30 03:00:00,Male,57,Silver,CallCenter,Bangkok,466,Shopee,Credit_Card,3,5,4,0,>50,15.533333333333333,4.0,0.0,0.0,-1,12,16132.1625,0.2,0.5,0.0,0.25,0.0,0,0,0.0,12832.0,1,0,0.0,57764.19,3,0,0.0,64528.65,4,0,0.0,0
LGS2ORD0018835,C012131,2025-05-30 04:00:00,Male,53,Bronze,Lazada,Remote_Area,1530,TV_Show,Credit_Card,4,5,4,0,>50,51.0,3.0,2.0,0.6666666666666666,45,50,2998.806666666667,0.18,0.6666666666666666,0.0,0.0,0.0,0,0,0.0,0.0,0,0,0.0,1727.5,1,1,1.0,8996.42,3,2,0.6666666666666666,0
LGS2ORD0018836,C010422,2025-05-30 04:00:00,Female,38,Platinum,TV,Khon Kaen,1556,Shopee,COD,4,5,4,0,30-40,51.86666666666667,3.0,0.0,0.0,-1,0,9198.38,0.3,0.3333333333333333,0.3333333333333333,0.0,22880.75,1,0,0.0,22880.75,1,0,0.0,24739.05,2,0,0.0,27595.14,3,0,0.0,0
LGS2ORD0018837,C010934,2025-05-30 04:00:00,Male,41,Platinum,TV,Chonburi,357,Lazada,Credit_Card,4,5,4,0,40-50,11.9,2.0,0.0,0.0,-1,23,8432.355,0.35,0.5,1.0,0.0,0.0,0,0,0.0,1749.64,1,0,0.0,1749.64,1,0,0.0,16864.71,2,0,0.0,0
LGS2ORD0018838,C016338,2025-05-30 04:00:00,Female,33,Silver,Web,Chonburi,1267,Web,COD,4,5,4,0,30-40,42.233333333333334,0.0,0.0,0.0,-1,-1,0.0,0.0,0.0,0.0,0.0,0.0,0,0,0.0,0.0,0,0,0.0,0.0,0,0,0.0,0.0,0,0,0.0,0
LGS2ORD0018839,C015709,2025-05-30 04:00:00,Male,62,Silver,TV,Khon Kaen,1157,Lazada,PromptPay,4,5,4,0,>50,38.56666666666667,2.0,1.0,0.5,35,47,6611.205,0.2,0.0,0.0,0.0,0.0,0,0,0.0,0.0,0,0,0.0,13222.41,2,1,0.5,13222.41,2,1,0.5,1
LGS2ORD0018840,C013149,2025-05-30 05:00:00,Female,34,Gold,Shopee,Songkhla,1258,TV_Show,Credit_Card,5,5,4,0,30-40,41.93333333333333,3.0,0.0,0.0,-1,21,7147.996666666666,0.33,0.0,1.0,0.0,0.0,0,0,0.0,5874.65,1,0,0.0,5874.65,1,0,0.0,21443.989999999998,3,0,0.0,1
LGS2ORD0018841,C014217,2025-05-30 05:00:00,Male,44,Silver,Shopee,Chiang Mai,1379,Shopee,Credit_Card,5,5,4,0,40-50,45.96666666666667,3.0,0.0,0.0,-1,31,8464.85,0.2,0.6666666666666666,0.0,0.0,0.0,0,0,0.0,0.0,0,0,0.0,7609.22,1,0,0.0,25394.550000000003,3,0,0.0,0
LGS2ORD0018842,C016907,2025-05-30 05:00:00,Male,43,Gold,Lazada,Chonburi,931,Lazada,Bank_Transfer,5,5,4,0,40-50,31.033333333333335,2.0,1.0,0.5,46,61,4607.655000000001,0.28,0.5,0.5,0.0,0.0,0,0,0.0,0.0,0,0,0.0,5252.1,1,1,1.0,9215.310000000001,2,1,0.5,0
LGS2ORD0018843,C014728,2025-05-30 05:00:00,Male,34,Bronze,TV,Remote_Area,373,Web,Credit_Card,5,5,4,0,30-40,12.433333333333334,5.0,1.0,0.2,67,47,11623.942,0.18,0.6,0.0,0.0,0.0,0,0,0.0,0.0,0,0,0.0,20166.109999999997,3,1,0.3333333333333333,58119.71,5,1,0.2,0
LGS2ORD0018844,C011742,2025-05-30 05:00:00,Female,53,Bronze,Web,Phuket,916,Lazada,COD,5,5,4,0,>50,30.533333333333335,0.0,0.0,0.0,-1,-1,0.0,0.0,0.0,0.0,0.0,0.0,0,0,0.0,0.0,0,0,0.0,0.0,0,0,0.0,0.0,0,0,0.0,0
LGS2ORD0018845,C013394,2025-05-30 06:00:00,Female,41,Bronze,TV,Bangkok,892,Web,Credit_Card,6,5,4,0,40-50,29.733333333333334,3.0,0.0,0.0,-1,14,8940.87,0.13,0.3333333333333333,0.0,0.0,0.0,0,0,0.0,18340.67,1,0,0.0,19520.699999999997,2,0,0.0,26822.61,3,0,0.0,0
LGS2ORD0018846,C013792,2025-05-30 06:00:00,Female,48,Silver,Web,Bangkok,1402,Lazada,COD,6,5,4,0,40-50,46.733333333333334,1.0,0.0,0.0,-1,106,694.05,0.05,0.0,0.0,0.0,0.0,0,0,0.0,0.0,0,0,0.0,0.0,0,0,0.0,694.05,1,0,0.0,0
LGS2ORD0018847,C016178,2025-05-30 06:00:00,Male,45,Bronze,Web,Chiang Mai,510,Web,PromptPay,6,5,4,0,40-50,17.0,2.0,0.0,0.0,-1,27,2840.27,0.18,0.5,0.0,0.0,0.0,0,0,0.0,2049.55,1,0,0.0,5680.54,2,0,0.0,5680.54,2,0,0.0,0
LGS2ORD0018848,C010329,2025-05-30 06:00:00,Male,41,Bronze,Web,Bangkok,215,Shopee,COD,6,5,4,0,40-50,7.166666666666667,3.0,1.0,0.3333333333333333,64,69,1541.4233333333334,0.28,0.3333333333333333,0.3333333333333333,0.0,0.0,0,0,0.0,0.0,0,0,0.0,2481.52,1,1,1.0,4624.27,3,1,0.3333333333333333,0
LGS2ORD0018849,C016912,2025-05-30 06:00:00,Male,22,Bronze,TV,Nakhon Ratchasima,1066,CallCenter,PromptPay,6,5,4,0,20-30,35.53333333333333,2.0,0.0,0.0,-1,10,4856.4349999999995,0.08,0.5,0.0,0.0,0.0,0,0,0.0,4241.89,1,0,0.0,9712.869999999999,2,0,0.0,9712.869999999999,2,0,0.0,0
LGS2ORD0018850,C012349,2025-05-30 07:00:00,Male,48,Gold,TV,Nakhon Ratchasima,565,TV_Show,Credit_Card,7,5,4,0,40-50,18.833333333333332,1.0,0.0,0.0,-1,36,1421.05,0.2299999999999999,0.0,1.0,0.0,0.0,0,0,0.0,0.0,0,0,0.0,1421.05,1,0,0.0,1421.05,1,0,0.0,0
LGS2ORD0018851,C012491,2025-05-30 07:00:00,Male,67,Gold,Lazada,Remote_Area,1561,Web,PromptPay,7,5,4,0,>50,52.03333333333333,0.0,0.0,0.0,-1,-1,0.0,0.0,0.0,0.0,0.0,0.0,0,0,0.0,0.0,0,0,0.0,0.0,0,0,0.0,0.0,0,0,0.0,0
LGS2ORD0018852,C010883,2025-05-30 07:00:00,Female,68,Silver,TV,Songkhla,1296,Web,Credit_Card,7,5,4,0,>50,43.2,1.0,0.0,0.0,-1,98,2458.57,0.1,1.0,0.0,0.0,0.0,0,0,0.0,0.0,0,0,0.0,0.0,0,0,0.0,2458.57,1,0,0.0,0
LGS2ORD0018853,C013892,2025-05-30 07:00:00,Female,28,Bronze,CallCenter,Bangkok,631,Lazada,Bank_Transfer,7,5,4,0,20-30,21.033333333333335,4.0,1.0,0.25,56,11,4290.9725,0.23,0.25,0.5,0.0,0.0,0,0,0.0,8812.49,1,0,0.0,9783.48,3,1,0.3333333333333333,17163.89,4,1,0.25,0
LGS2ORD0018854,C016178,2025-05-30 07:00:00,Male,45,Bronze,Web,Chiang Mai,510,Lazada,Credit_Card,7,5,4,0,40-50,17.0,3.0,0.0,0.0,-1,0,18134.37,0.18,0.3333333333333333,0.0,0.0,48722.57,1,0,0.0,50772.12,2,0,0.0,54403.11,3,0,0.0,54403.11,3,0,0.0,0
LGS2ORD0018855,C010845,2025-05-30 07:00:00,Male,44,Silver,Web,Bangkok,949,Shopee,COD,7,5,4,0,40-50,31.633333333333333,2.0,0.0,0.0,-1,17,5482.28,0.1,0.0,0.0,0.0,0.0,0,0,0.0,1807.56,1,0,0.0,10964.56,2,0,0.0,10964.56,2,0,0.0,1
LGS2ORD0018856,C012529,2025-05-30 08:00:00,Female,51,Silver,TV,Remote_Area,1546,CallCenter,Bank_Transfer,8,5,4,0,>50,51.53333333333333,3.0,1.0,0.3333333333333333,115,10,2395.713333333333,0.25,1.0,0.3333333333333333,0.0,0.0,0,0,0.0,1634.23,1,0,0.0,1634.23,1,0,0.0,7187.139999999999,3,1,0.3333333333333333,1
LGS2ORD0018857,C016032,2025-05-30 08:00:00,Male,41,Bronze,CallCenter,Songkhla,703,Web,COD,8,5,4,0,40-50,23.433333333333334,2.0,0.0,0.0,-1,0,7264.264999999999,0.13,0.5,0.0,0.0,9395.21,1,0,0.0,14528.529999999999,2,0,0.0,14528.529999999999,2,0,0.0,14528.529999999999,2,0,0.0,0
LGS2ORD0018858,C017311,2025-05-30 08:00:00,Female,36,Silver,Web,Chiang Mai,1088,CallCenter,COD,8,5,4,0,30-40,36.266666666666666,3.0,3.0,1.0,3,9,1734.4666666666665,0.2,0.6666666666666666,0.0,0.0,0.0,0,0,0.0,1312.08,1,1,1.0,5203.4,3,3,1.0,5203.4,3,3,1.0,0
LGS2ORD0018859,C012659,2025-05-30 08:00:00,Female,36,Platinum,TV,Remote_Area,274,CallCenter,COD,8,5,4,0,30-40,9.133333333333333,1.0,0.0,0.0,-1,63,17411.83,0.1,1.0,0.0,0.0,0.0,0,0,0.0,0.0,0,0,0.0,17411.83,1,0,0.0,17411.83,1,0,0.0,1
LGS2ORD0018860,C010432,2025-05-30 08:00:00,Male,67,Platinum,TV,Bangkok,819,Web,COD,8,5,4,0,>50,27.3,2.0,0.0,0.0,-1,111,3082.46,0.25,1.0,0.5,0.0,0.0,0,0,0.0,0.0,0,0,0.0,0.0,0,0,0.0,6164.92,2,0,0.0,0
LGS2ORD0018861,C017373,2025-05-30 09:00:00,Male,39,Gold,Lazada,Phuket,713,Lazada,Bank_Transfer,9,5,4,0,30-40,23.766666666666666,1.0,0.0,0.0,-1,138,16209.33,0.13,0.0,0.0,0.0,0.0,0,0,0.0,0.0,0,0,0.0,0.0,0,0,0.0,16209.33,1,0,0.0,1
LGS2ORD0018862,C015455,2025-05-30 09:00:00,Female,47,Bronze,TV,Phuket,1481,Lazada,COD,9,5,4,0,40-50,49.36666666666667,2.0,0.0,0.0,-1,52,13185.255000000001,0.13,1.0,0.0,0.0,0.0,0,0,0.0,0.0,0,0,0.0,4908.08,1,0,0.0,26370.510000000002,2,0,0.0,1
LGS2ORD0018863,C011046,2025-05-30 09:00:00,Female,47,Gold,TV,Remote_Area,1034,TV_Show,Bank_Transfer,9,5,4,0,40-50,34.46666666666667,3.0,1.0,0.3333333333333333,83,94,7630.919999999999,0.2299999999999999,0.3333333333333333,0.6666666666666666,0.0,0.0,0,0,0.0,0.0,0,0,0.0,0.0,0,0,0.0,22892.76,3,1,0.3333333333333333,0
LGS2ORD0018864,C011924,2025-05-30 09:00:00,Female,32,Bronze,TV,Chonburi,424,Lazada,COD,9,5,4,0,30-40,14.133333333333333,4.0,2.0,0.5,78,26,9902.7075,0.28,0.0,0.75,0.0,0.0,0,0,0.0,738.94,1,0,0.0,24320.96,3,1,0.3333333333333333,39610.83,4,2,0.5,0
LGS2ORD0018865,C016297,2025-05-30 09:00:00,Male,71,Bronze,TV,Songkhla,272,Lazada,COD,9,5,4,0,>50,9.066666666666666,1.0,0.0,0.0,-1,1,5979.56,0.23,1.0,1.0,0.0,5979.56,1,0,0.0,5979.56,1,0,0.0,5979.56,1,0,0.0,5979.56,1,0,0.0,0
LGS2ORD0018866,C017067,2025-05-30 10:00:00,Female,27,Silver,Shopee,Remote_Area,1552,Shopee,COD,10,5,4,0,20-30,51.733333333333334,6.0,1.0,0.16666666666666666,84,19,3836.3700000000003,0.3,0.3333333333333333,0.3333333333333333,0.0,0.0,0,0,0.0,6666.92,2,0,0.0,14494.330000000002,4,0,0.0,23018.22,6,1,0.16666666666666666,0
LGS2ORD0018867,C015955,2025-05-30 10:00:00,Female,52,Bronze,TV,Chonburi,731,CallCenter,Credit_Card,10,5,4,0,>50,24.366666666666667,1.0,0.0,0.0,-1,141,719.54,0.23,0.0,1.0,0.0,0.0,0,0,0.0,0.0,0,0,0.0,0.0,0,0,0.0,719.54,1,0,0.0,0
LGS2ORD0018868,C014304,2025-05-30 10:00:00,Female,40,Platinum,Shopee,Bangkok,686,Lazada,Credit_Card,10,5,4,0,30-40,22.866666666666667,3.0,1.0,0.3333333333333333,26,42,3436.7766666666666,0.25,0.6666666666666666,0.6666666666666666,0.0,0.0,0,0,0.0,0.0,0,0,0.0,434.47,1,1,1.0,10310.33,3,1,0.3333333333333333,0
LGS2ORD0018869,C012411,2025-05-30 10:00:00,Male,47,Platinum,Web,Chonburi,1420,Shopee,Bank_Transfer,10,5,4,0,40-50,47.333333333333336,1.0,1.0,1.0,42,55,1091.59,0.15,1.0,0.0,0.0,0.0,0,0,0.0,0.0,0,0,0.0,1091.59,1,1,1.0,1091.59,1,1,1.0,0
LGS2ORD0018870,C014158,2025-05-30 10:00:00,Female,35,Platinum,Web,Chiang Mai,1118,Web,COD,10,5,4,0,30-40,37.266666666666666,0.0,0.0,0.0,-1,-1,0.0,0.0,0.0,0.0,0.0,0.0,0,0,0.0,0.0,0,0,0.0,0.0,0,0,0.0,0.0,0,0,0.0,0
LGS2ORD0018871,C016868,2025-05-30 11:00:00,Male,33,Silver,Lazada,Khon Kaen,1584,Web,COD,11,5,4,0,30-40,52.8,2.0,0.0,0.0,-1,28,2817.24,0.25,0.5,0.5,0.0,0.0,0,0,0.0,4180.12,1,0,0.0,4180.12,1,0,0.0,5634.48,2,0,0.0,0
LGS2ORD0018872,C013037,2025-05-30 11:00:00,Female,51,Gold,TV,Chiang Mai,775,TV_Show,Credit_Card,11,5,4,0,>50,25.833333333333332,4.0,0.0,0.0,-1,35,3723.66,0.33,0.75,0.5,0.0,0.0,0,0,0.0,0.0,0,0,0.0,6834.530000000001,3,0,0.0,14894.64,4,0,0.0,0
LGS2ORD0018873,C011956,2025-05-30 11:00:00,Female,31,Bronze,Lazada,Phuket,265,Web,COD,11,5,4,0,30-40,8.833333333333334,2.0,1.0,0.5,29,36,2664.21,0.23,0.5,0.5,0.0,0.0,0,0,0.0,0.0,0,0,0.0,5328.42,2,1,0.5,5328.42,2,1,0.5,1
LGS2ORD0018874,C012285,2025-05-30 11:00:00,Female,49,Bronze,Lazada,Nakhon Ratchasima,634,Lazada,Credit_Card,11,5,4,0,40-50,21.133333333333333,2.0,1.0,0.5,14,25,6358.09,0.23,0.5,0.5,0.0,0.0,0,0,0.0,2835.4,1,1,1.0,12716.18,2,1,0.5,12716.18,2,1,0.5,0
LGS2ORD0018875,C014504,2025-05-30 11:00:00,Male,47,Bronze,Shopee,Chonburi,942,Lazada,COD,11,5,4,0,40-50,31.4,2.0,0.0,0.0,-1,24,3680.54,0.03,0.0,0.0,0.0,0.0,0,0,0.0,4712.89,1,0,0.0,4712.89,1,0,0.0,7361.08,2,0,0.0,0
LGS2ORD0018876,C013669,2025-05-30 11:00:00,Female,54,Bronze,Shopee,Phuket,615,Web,Credit_Card,11,5,4,0,>50,20.5,2.0,1.0,0.5,45,54,2809.825,0.08,0.5,0.0,0.0,0.0,0,0,0.0,0.0,0,0,0.0,1321.78,1,1,1.0,5619.65,2,1,0.5,0
LGS2ORD0018877,C010104,2025-05-30 12:00:00,Male,35,Bronze,TV,Remote_Area,455,Shopee,COD,12,5,4,0,30-40,15.166666666666666,1.0,0.0,0.0,-1,73,20567.94,0.08,0.0,0.0,0.0,0.0,0,0,0.0,0.0,0,0,0.0,20567.94,1,0,0.0,20567.94,1,0,0.0,1
LGS2ORD0018878,C012584,2025-05-30 12:00:00,Male,45,Platinum,CallCenter,Songkhla,682,Shopee,COD,12,5,4,0,40-50,22.733333333333334,6.0,1.0,0.16666666666666666,87,72,4681.925,0.25,0.3333333333333333,0.5,0.0,0.0,0,0,0.0,0.0,0,0,0.0,22784.38,3,0,0.0,28091.550000000003,6,1,0.16666666666666666,0
LGS2ORD0018879,C015913,2025-05-30 12:00:00,Male,40,Silver,Web,Chonburi,1102,Lazada,COD,12,5,4,0,30-40,36.733333333333334,1.0,0.0,0.0,-1,5,488.95,0.1,1.0,0.0,0.0,488.95,1,0,0.0,488.95,1,0,0.0,488.95,1,0,0.0,488.95,1,0,0.0,0
LGS2ORD0018880,C016178,2025-05-30 12:00:00,Male,45,Bronze,Web,Chiang Mai,510,CallCenter,COD,12,5,4,0,40-50,17.0,4.0,0.0,0.0,-1,0,14142.525,0.18,0.25,0.0,0.0,50889.56,2,0,0.0,52939.11,3,0,0.0,56570.1,4,0,0.0,56570.1,4,0,0.0,0
LGS2ORD0018881,C016903,2025-05-30 12:00:00,Female,52,Bronze,TV,Khon Kaen,918,Web,COD,12,5,4,0,>50,30.6,1.0,0.0,0.0,-1,100,8597.22,0.08,0.0,0.0,0.0,0.0,0,0,0.0,0.0,0,0,0.0,0.0,0,0,0.0,8597.22,1,0,0.0,0
LGS2ORD0018882,C011247,2025-05-30 13:00:00,Female,40,Silver,CallCenter,Chonburi,1401,CallCenter,PromptPay,13,5,4,0,30-40,46.7,3.0,0.0,0.0,-1,6,12944.899999999996,0.2,0.3333333333333333,0.0,0.0,3492.77,1,0,0.0,38254.85999999999,2,0,0.0,38254.85999999999,2,0,0.0,38834.69999999999,3,0,0.0,0
LGS2ORD0018883,C014534,2025-05-30 13:00:00,Male,58,Bronze,TV,Phuket,639,Shopee,COD,13,5,4,0,>50,21.3,1.0,1.0,1.0,132,137,2772.86,0.03,0.0,0.0,0.0,0.0,0,0,0.0,0.0,0,0,0.0,0.0,0,0,0.0,2772.86,1,1,1.0,0
LGS2ORD0018884,C014559,2025-05-30 13:00:00,Female,34,Bronze,Web,Khon Kaen,1294,Web,Bank_Transfer,13,5,4,0,30-40,43.13333333333333,1.0,0.0,0.0,-1,138,4302.82,0.03,1.0,0.0,0.0,0.0,0,0,0.0,0.0,0,0,0.0,0.0,0,0,0.0,4302.82,1,0,0.0,1
LGS2ORD0018885,C012449,2025-05-30 13:00:00,Female,36,Silver,Web,Songkhla,758,TV_Show,COD,13,5,4,0,30-40,25.266666666666666,2.0,2.0,1.0,81,93,9435.76,0.2,0.0,0.0,0.0,0.0,0,0,0.0,0.0,0,0,0.0,0.0,0,0,0.0,18871.52,2,2,1.0,1
LGS2ORD0018886,C013901,2025-05-30 13:00:00,Female,21,Bronze,TV,Khon Kaen,1485,Web,Credit_Card,13,5,4,0,20-30,49.5,3.0,0.0,0.0,-1,37,2029.88,0.28,1.0,0.6666666666666666,0.0,0.0,0,0,0.0,0.0,0,0,0.0,1660.17,2,0,0.0,6089.64,3,0,0.0,0
LGS2ORD0018887,C015331,2025-05-30 14:00:00,Female,30,Bronze,Shopee,Bangkok,441,Web,COD,14,5,4,0,20-30,14.7,1.0,0.0,0.0,-1,12,19287.13,0.03,1.0,0.0,0.0,0.0,0,0,0.0,19287.13,1,0,0.0,19287.13,1,0,0.0,19287.13,1,0,0.0,0
LGS2ORD0018888,C012558,2025-05-30 14:00:00,Male,39,Bronze,Lazada,Songkhla,1341,Web,COD,14,5,4,0,30-40,44.7,1.0,0.0,0.0,-1,147,4536.17,0.03,1.0,0.0,0.0,0.0,0,0,0.0,0.0,0,0,0.0,0.0,0,0,0.0,4536.17,1,0,0.0,1
LGS2ORD0018889,C016250,2025-05-30 14:00:00,Female,26,Bronze,Lazada,Bangkok,271,Shopee,PromptPay,14,5,4,0,20-30,9.033333333333333,2.0,0.0,0.0,-1,62,3789.87,0.23,1.0,0.5,0.0,0.0,0,0,0.0,0.0,0,0,0.0,7069.78,1,0,0.0,7579.74,2,0,0.0,0
LGS2ORD0018890,C017357,2025-05-30 14:00:00,Male,18,Silver,Web,Phuket,230,Shopee,Credit_Card,14,5,4,0,<20,7.666666666666667,4.0,0.0,0.0,-1,63,6472.8125,0.25,0.25,0.25,0.0,0.0,0,0,0.0,0.0,0,0,0.0,14584.18,2,0,0.0,25891.25,4,0,0.0,0
LGS2ORD0018891,C016736,2025-05-30 14:00:00,Female,62,Silver,TV,Chonburi,1559,Lazada,COD,14,5,4,0,>50,51.96666666666667,2.0,1.0,0.5,76,36,6272.455,0.25,0.0,0.5,0.0,0.0,0,0,0.0,0.0,0,0,0.0,12544.91,2,1,0.5,12544.91,2,1,0.5,1
LGS2ORD0018892,C010618,2025-05-30 14:00:00,Other,45,Bronze,Shopee,Nakhon Ratchasima,1081,TV_Show,PromptPay,14,5,4,0,40-50,36.03333333333333,3.0,0.0,0.0,-1,21,7099.410000000001,0.28,0.3333333333333333,0.6666666666666666,0.0,0.0,0,0,0.0,2048.72,1,0,0.0,21298.230000000003,3,0,0.0,21298.230000000003,3,0,0.0,0
LGS2ORD0018893,C013515,2025-05-30 15:00:00,Male,32,Bronze,TV,Remote_Area,370,Web,COD,15,5,4,0,30-40,12.333333333333334,5.0,2.0,0.4,57,52,3037.644,0.18,0.6,0.0,0.0,0.0,0,0,0.0,0.0,0,0,0.0,6764.759999999999,3,1,0.3333333333333333,15188.22,5,2,0.4,1
LGS2ORD0018894,C010736,2025-05-30 15:00:00,Male,33,Bronze,Shopee,Remote_Area,862,Shopee,COD,15,5,4,0,30-40,28.733333333333334,7.0,2.0,0.2857142857142857,-4,3,3522.3642857142854,0.28,0.5714285714285714,0.5714285714285714,0.0,16592.86,1,1,1.0,16592.86,1,1,1.0,21982.74,5,2,0.4,24656.55,7,2,0.2857142857142857,1
LGS2ORD0018895,C014967,2025-05-30 15:00:00,Male,25,Gold,Web,Khon Kaen,503,Web,PromptPay,15,5,4,0,20-30,16.766666666666666,4.0,0.0,0.0,-1,32,2866.5375,0.2299999999999999,0.5,0.5,0.0,0.0,0,0,0.0,0.0,0,0,0.0,11315.59,3,0,0.0,11466.15,4,0,0.0,0
LGS2ORD0018896,C012903,2025-05-30 15:00:00,Male,44,Silver,Shopee,Chonburi,574,CallCenter,PromptPay,15,5,4,0,40-50,19.133333333333333,5.0,1.0,0.2,123,61,9998.446,0.25,0.8,0.2,0.0,0.0,0,0,0.0,0.0,0,0,0.0,14472.77,2,0,0.0,49992.229999999996,5,1,0.2,0
LGS2ORD0018897,C017750,2025-05-30 15:00:00,Female,23,Silver,TV,Bangkok,1273,Web,PromptPay,15,5,4,0,20-30,42.43333333333333,2.0,0.0,0.0,-1,56,6383.12,0.05,0.5,0.0,0.0,0.0,0,0,0.0,0.0,0,0,0.0,12766.24,2,0,0.0,12766.24,2,0,0.0,0
LGS2ORD0018898,C017922,2025-05-30 16:00:00,Male,42,Bronze,CallCenter,Khon Kaen,1001,TV_Show,COD,16,5,4,0,40-50,33.36666666666667,6.0,1.0,0.16666666666666666,121,5,2781.3349999999996,0.18,0.3333333333333333,0.0,0.0,3857.88,1,0,0.0,3857.88,1,0,0.0,15281.220000000001,5,0,0.0,16688.01,6,1,0.16666666666666666,1
LGS2ORD0018899,C015157,2025-05-30 16:00:00,Male,25,Bronze,Shopee,Chonburi,1153,TV_Show,COD,16,5,4,0,20-30,38.43333333333333,3.0,2.0,0.6666666666666666,6,12,2970.84,0.23,0.3333333333333333,0.3333333333333333,0.0,0.0,0,0,0.0,966.83,1,1,1.0,1860.8200000000002,2,1,0.5,8912.52,3,2,0.6666666666666666,0
LGS2ORD0018900,C015129,2025-05-30 16:00:00,Female,38,Gold,Shopee,Bangkok,556,TV_Show,COD,16,5,4,0,30-40,18.533333333333335,2.0,0.0,0.0,-1,79,2124.665,0.28,0.5,1.0,0.0,0.0,0,0,0.0,0.0,0,0,0.0,1188.53,1,0,0.0,4249.33,2,0,0.0,0
LGS2ORD0018901,C012841,2025-05-30 16:00:00,Female,34,Bronze,Web,Bangkok,324,Shopee,Credit_Card,16,5,4,0,30-40,10.8,1.0,1.0,1.0,52,62,31159.53,0.28,1.0,1.0,0.0,0.0,0,0,0.0,0.0,0,0,0.0,31159.53,1,1,1.0,31159.53,1,1,1.0,0
LGS2ORD0018902,C014737,2025-05-30 16:00:00,Male,24,Silver,TV,Chonburi,784,Web,Bank_Transfer,16,5,4,0,20-30,26.133333333333333,3.0,1.0,0.3333333333333333,73,9,8830.276666666667,0.25,1.0,0.3333333333333333,0.0,0.0,0,0,0.0,10825.57,1,0,0.0,26319.760000000002,2,1,0.5,26490.83,3,1,0.3333333333333333,0
LGS2ORD0018903,C017272,2025-05-30 17:00:00,Male,42,Silver,TV,Songkhla,1200,Web,Credit_Card,17,5,4,0,40-50,40.0,3.0,2.0,0.6666666666666666,8,7,2808.5733333333337,0.3,0.6666666666666666,0.3333333333333333,0.0,0.0,0,0,0.0,5232.7,2,1,0.5,5232.7,2,1,0.5,8425.720000000001,3,2,0.6666666666666666,0
LGS2ORD0018904,C011994,2025-05-30 17:00:00,Male,47,Silver,TV,Chonburi,957,Shopee,PromptPay,17,5,4,0,40-50,31.9,5.0,1.0,0.2,41,59,2284.762,0.3,1.0,0.4,0.0,0.0,0,0,0.0,0.0,0,0,0.0,4283.22,1,1,1.0,11423.810000000001,5,1,0.2,0
LGS2ORD0018905,C014114,2025-05-30 17:00:00,Female,29,Bronze,Web,Bangkok,876,TV_Show,COD,17,5,4,0,20-30,29.2,0.0,0.0,0.0,-1,-1,0.0,0.0,0.0,0.0,0.0,0.0,0,0,0.0,0.0,0,0,0.0,0.0,0,0,0.0,0.0,0,0,0.0,1
LGS2ORD0018906,C015548,2025-05-30 17:00:00,Male,50,Silver,Web,Chiang Mai,521,CallCenter,COD,17,5,4,0,40-50,17.366666666666667,2.0,1.0,0.5,61,58,7840.9800000000005,0.2,0.5,0.0,0.0,0.0,0,0,0.0,0.0,0,0,0.0,15681.960000000001,2,1,0.5,15681.960000000001,2,1,0.5,0
LGS2ORD0018907,C011681,2025-05-30 17:00:00,Male,42,Bronze,Shopee,Bangkok,175,TV_Show,COD,17,5,4,0,40-50,5.833333333333333,4.0,0.0,0.0,-1,38,5721.6575,0.18,0.75,0.0,0.0,0.0,0,0,0.0,0.0,0,0,0.0,16168.769999999999,3,0,0.0,22886.63,4,0,0.0,1
LGS2ORD0018908,C014905,2025-05-30 18:00:00,Male,42,Bronze,TV,Remote_Area,1299,CallCenter,COD,18,5,4,0,40-50,43.3,3.0,2.0,0.6666666666666666,99,36,2049.943333333333,0.28,0.6666666666666666,0.3333333333333333,0.0,0.0,0,0,0.0,0.0,0,0,0.0,1059.84,1,0,0.0,6149.83,3,2,0.6666666666666666,1
LGS2ORD0018909,C012201,2025-05-30 18:00:00,Male,49,Gold,Web,Bangkok,1308,Web,Credit_Card,18,5,4,0,40-50,43.6,0.0,0.0,0.0,-1,-1,0.0,0.0,0.0,0.0,0.0,0.0,0,0,0.0,0.0,0,0,0.0,0.0,0,0,0.0,0.0,0,0,0.0,0
LGS2ORD0018910,C017113,2025-05-30 18:00:00,Female,50,Bronze,TV,Khon Kaen,359,TV_Show,PromptPay,18,5,4,0,40-50,11.966666666666667,1.0,1.0,1.0,9,19,715.54,0.23,0.0,1.0,0.0,0.0,0,0,0.0,715.54,1,1,1.0,715.54,1,1,1.0,715.54,1,1,1.0,0
LGS2ORD0018911,C014729,2025-05-30 18:00:00,Female,57,Bronze,CallCenter,Bangkok,1527,Lazada,COD,18,5,4,0,>50,50.9,5.0,0.0,0.0,-1,21,3202.068,0.28,0.4,0.4,0.0,0.0,0,0,0.0,10329.15,1,0,0.0,14392.22,4,0,0.0,16010.34,5,0,0.0,1
LGS2ORD0018912,C012398,2025-05-30 18:00:00,Female,40,Bronze,Lazada,Songkhla,287,CallCenter,COD,18,5,4,0,30-40,9.566666666666666,3.0,0.0,0.0,-1,17,3400.066666666667,0.13,0.3333333333333333,0.0,0.0,0.0,0,0,0.0,4794.93,1,0,0.0,4794.93,1,0,0.0,10200.2,3,0,0.0,1
LGS2ORD0018913,C015647,2025-05-30 18:00:00,Other,46,Bronze,TV,Remote_Area,900,Lazada,COD,18,5,4,0,40-50,30.0,3.0,1.0,0.3333333333333333,53,67,4522.953333333334,0.18,0.0,0.0,0.0,0.0,0,0,0.0,0.0,0,0,0.0,5624.900000000001,2,1,0.5,13568.86,3,1,0.3333333333333333,1
LGS2ORD0018914,C013288,2025-05-30 19:00:00,Female,34,Bronze,Lazada,Bangkok,1369,TV_Show,PromptPay,19,5,4,0,30-40,45.63333333333333,3.0,0.0,0.0,-1,8,9109.676666666666,0.23,0.6666666666666666,0.3333333333333333,0.0,0.0,0,0,0.0,21283.25,2,0,0.0,21283.25,2,0,0.0,27329.03,3,0,0.0,0
LGS2ORD0018915,C015233,2025-05-30 19:00:00,Female,23,Gold,Shopee,Khon Kaen,1067,Shopee,COD,19,5,4,0,20-30,35.56666666666667,2.0,0.0,0.0,-1,4,3673.285,0.2299999999999999,0.5,0.5,0.0,5699.16,1,0,0.0,5699.16,1,0,0.0,7346.57,2,0,0.0,7346.57,2,0,0.0,0
LGS2ORD0018916,C010122,2025-05-30 19:00:00,Female,45,Bronze,TV,Bangkok,327,CallCenter,COD,19,5,4,0,40-50,10.9,2.0,0.0,0.0,-1,48,5017.275000000001,0.18,1.0,0.0,0.0,0.0,0,0,0.0,0.0,0,0,0.0,10034.550000000001,2,0,0.0,10034.550000000001,2,0,0.0,1
LGS2ORD0018917,C017260,2025-05-30 19:00:00,Female,27,Bronze,CallCenter,Bangkok,1084,Web,PromptPay,19,5,4,0,20-30,36.13333333333333,3.0,0.0,0.0,-1,49,2286.4966666666664,0.28,0.3333333333333333,0.3333333333333333,0.0,0.0,0,0,0.0,0.0,0,0,0.0,6859.49,3,0,0.0,6859.49,3,0,0.0,0
LGS2ORD0018918,C017202,2025-05-30 19:00:00,Female,41,Bronze,Shopee,Chonburi,725,Web,Credit_Card,19,5,4,0,40-50,24.166666666666668,2.0,1.0,0.5,119,120,13256.985,0.03,1.0,0.0,0.0,0.0,0,0,0.0,0.0,0,0,0.0,0.0,0,0,0.0,26513.97,2,1,0.5,1
LGS2ORD0018919,C013037,2025-05-30 20:00:00,Female,51,Gold,TV,Chiang Mai,775,Web,COD,20,5,4,0,>50,25.833333333333332,5.0,0.0,0.0,-1,0,4535.447999999999,0.33,0.6,0.4,0.0,7782.6,1,0,0.0,7782.6,1,0,0.0,14617.130000000001,4,0,0.0,22677.239999999998,5,0,0.0,0
LGS2ORD0018920,C014790,2025-05-30 20:00:00,Female,52,Silver,Lazada,Chonburi,1407,Web,PromptPay,20,5,4,0,>50,46.9,2.0,0.0,0.0,-1,30,5749.75,0.15,0.0,0.0,0.0,0.0,0,0,0.0,0.0,0,0,0.0,11499.5,2,0,0.0,11499.5,2,0,0.0,1
LGS2ORD0018921,C016440,2025-05-30 20:00:00,Female,32,Gold,Lazada,Chiang Mai,1091,TV_Show,Credit_Card,20,5,4,0,30-40,36.36666666666667,1.0,0.0,0.0,-1,62,21265.43,0.08,1.0,0.0,0.0,0.0,0,0,0.0,0.0,0,0,0.0,21265.43,1,0,0.0,21265.43,1,0,0.0,0
LGS2ORD0018922,C011244,2025-05-30 20:00:00,Female,45,Silver,TV,Chiang Mai,1392,Lazada,COD,20,5,4,0,40-50,46.4,0.0,0.0,0.0,-1,-1,0.0,0.0,0.0,0.0,0.0,0.0,0,0,0.0,0.0,0,0,0.0,0.0,0,0,0.0,0.0,0,0,0.0,0
LGS2ORD0018923,C016684,2025-05-30 20:00:00,Female,33,Gold,Lazada,Chonburi,581,Web,Credit_Card,20,5,4,0,30-40,19.366666666666667,2.0,0.0,0.0,-1,10,9544.455,0.33,0.0,0.5,0.0,0.0,0,0,0.0,1455.14,1,0,0.0,1455.14,1,0,0.0,19088.91,2,0,0.0,1
LGS2ORD0018924,C015614,2025-05-30 21:00:00,Male,56,Bronze,TV,Khon Kaen,1110,Lazada,COD,21,5,4,0,>50,37.0,4.0,2.0,0.5,50,64,7068.045,0.23,0.5,0.25,0.0,0.0,0,0,0.0,0.0,0,0,0.0,9837.720000000001,2,1,0.5,28272.18,4,2,0.5,1
LGS2ORD0018925,C014579,2025-05-30 21:00:00,Female,46,Gold,Web,Remote_Area,1552,Lazada,PromptPay,21,5,4,0,40-50,51.733333333333334,2.0,1.0,0.5,73,8,4804.335,0.28,0.5,1.0,0.0,0.0,0,0,0.0,8142.82,1,0,0.0,9608.67,2,1,0.5,9608.67,2,1,0.5,0
LGS2ORD0018926,C010534,2025-05-30 21:00:00,Female,30,Gold,Web,Chonburi,252,TV_Show,COD,21,5,4,0,20-30,8.4,3.0,0.0,0.0,-1,12,16544.350000000002,0.18,0.3333333333333333,0.0,0.0,0.0,0,0,0.0,21011.46,1,0,0.0,21011.46,1,0,0.0,49633.05,3,0,0.0,0
LGS2ORD0018927,C012419,2025-05-30 21:00:00,Male,45,Gold,Lazada,Remote_Area,1397,Lazada,COD,21,5,4,0,40-50,46.56666666666667,1.0,0.0,0.0,-1,82,3223.99,0.28,0.0,1.0,0.0,0.0,0,0,0.0,0.0,0,0,0.0,3223.99,1,0,0.0,3223.99,1,0,0.0,0
LGS2ORD0018928,C010356,2025-05-30 21:00:00,Male,39,Silver,Shopee,Bangkok,490,Shopee,COD,21,5,4,0,30-40,16.333333333333332,3.0,0.0,0.0,-1,2,9687.33,0.25,0.6666666666666666,0.3333333333333333,0.0,5477.23,1,0,0.0,5477.23,1,0,0.0,29061.989999999998,3,0,0.0,29061.989999999998,3,0,0.0,0
LGS2ORD0018929,C016915,2025-05-30 22:00:00,Female,57,Bronze,TV,Chonburi,316,Shopee,Credit_Card,22,5,4,0,>50,10.533333333333333,5.0,0.0,0.0,-1,26,3314.7239999999997,0.28,0.4,0.2,0.0,0.0,0,0,0.0,8186.87,1,0,0.0,8186.87,1,0,0.0,16573.62,5,0,0.0,0
LGS2ORD0018930,C014510,2025-05-30 22:00:00,Female,72,Platinum,Lazada,Bangkok,573,Web,COD,22,5,4,0,>50,19.1,5.0,1.0,0.2,44,44,5418.661999999999,0.35,0.6,0.4,0.0,0.0,0,0,0.0,0.0,0,0,0.0,22798.12,4,1,0.25,27093.309999999998,5,1,0.2,1
LGS2ORD0018931,C010167,2025-05-30 22:00:00,Male,57,Bronze,TV,Bangkok,1100,Web,Credit_Card,22,5,4,0,>50,36.666666666666664,4.0,1.0,0.25,61,3,5232.2225,0.13,0.5,0.0,0.0,5423.96,1,0,0.0,7313.51,2,0,0.0,9118.24,3,1,0.3333333333333333,20928.89,4,1,0.25,0
LGS2ORD0018932,C015078,2025-05-30 22:00:00,Male,32,Bronze,Shopee,Khon Kaen,421,TV_Show,PromptPay,22,5,4,0,30-40,14.033333333333333,2.0,1.0,0.5,92,24,12891.550000000001,0.08,1.0,0.0,0.0,0.0,0,0,0.0,23634.65,1,0,0.0,23634.65,1,0,0.0,25783.100000000002,2,1,0.5,1
LGS2ORD0018933,C015835,2025-05-30 22:00:00,Other,46,Silver,Web,Chonburi,1047,Shopee,Credit_Card,22,5,4,0,40-50,34.9,6.0,2.0,0.3333333333333333,0,8,3065.6616666666664,0.25,0.6666666666666666,0.16666666666666666,0.0,0.0,0,0,0.0,1667.96,1,1,1.0,10753.509999999998,4,2,0.5,18393.969999999998,6,2,0.3333333333333333,0
LGS2ORD0018934,C017015,2025-05-30 22:00:00,Male,47,Bronze,Web,Bangkok,846,Lazada,Credit_Card,22,5,4,0,40-50,28.2,0.0,0.0,0.0,-1,-1,0.0,0.0,0.0,0.0,0.0,0.0,0,0,0.0,0.0,0,0,0.0,0.0,0,0,0.0,0.0,0,0,0.0,1
LGS2ORD0018935,C011886,2025-05-30 23:00:00,Male,56,Bronze,Lazada,Khon Kaen,900,Lazada,PromptPay,23,5,4,0,>50,30.0,5.0,1.0,0.2,43,12,2329.5099999999998,0.23,0.4,0.2,0.0,0.0,0,0,0.0,1694.5900000000001,2,0,0.0,3639.13,3,1,0.3333333333333333,11647.55,5,1,0.2,0
LGS2ORD0018936,C011418,2025-05-30 23:00:00,Female,41,Silver,TV,Songkhla,218,Web,Credit_Card,23,5,4,0,40-50,7.266666666666667,1.0,0.0,0.0,-1,143,2458.07,0.05,0.0,0.0,0.0,0.0,0,0,0.0,0.0,0,0,0.0,0.0,0,0,0.0,2458.07,1,0,0.0,0
LGS2ORD0018937,C010923,2025-05-30 23:00:00,Female,44,Platinum,Lazada,Bangkok,1422,Web,Credit_Card,23,5,4,0,40-50,47.4,1.0,0.0,0.0,-1,20,1735.4,0.1,0.0,0.0,0.0,0.0,0,0,0.0,1735.4,1,0,0.0,1735.4,1,0,0.0,1735.4,1,0,0.0,0
LGS2ORD0018938,C014618,2025-05-30 23:00:00,Male,43,Platinum,TV,Chonburi,1141,Shopee,PromptPay,23,5,4,0,40-50,38.03333333333333,3.0,0.0,0.0,-1,105,4723.126666666667,0.25,0.6666666666666666,0.3333333333333333,0.0,0.0,0,0,0.0,0.0,0,0,0.0,0.0,0,0,0.0,14169.380000000001,3,0,0.0,0
LGS2ORD0018939,C011700,2025-05-30 23:00:00,Female,30,Bronze,Lazada,Bangkok,1393,TV_Show,Credit_Card,23,5,4,0,20-30,46.43333333333333,2.0,1.0,0.5,110,122,3353.1800000000003,0.03,0.5,0.0,0.0,0.0,0,0,0.0,0.0,0,0,0.0,0.0,0,0,0.0,6706.360000000001,2,1,0.5,0
LGS2ORD0018940,C015285,2025-05-31 00:00:00,Female,18,Silver,Shopee,Chiang Mai,1562,Shopee,COD,0,5,5,1,<20,52.06666666666667,2.0,1.0,0.5,22,14,2519.36,0.25,0.0,0.5,0.0,0.0,0,0,0.0,2633.28,1,0,0.0,5038.72,2,1,0.5,5038.72,2,1,0.5,0
LGS2ORD0018941,C013924,2025-05-31 00:00:00,Male,46,Bronze,CallCenter,Bangkok,1027,TV_Show,COD,0,5,5,1,40-50,34.233333333333334,2.0,1.0,0.5,86,49,2723.4350000000004,0.13,0.5,0.0,0.0,0.0,0,0,0.0,0.0,0,0,0.0,4182.43,1,0,0.0,5446.870000000001,2,1,0.5,0
LGS2ORD0018942,C012887,2025-05-31 00:00:00,Female,57,Bronze,Shopee,Chonburi,1346,Shopee,COD,0,5,5,1,>50,44.86666666666667,5.0,4.0,0.8,46,57,5896.856,0.23,1.0,0.2,0.0,0.0,0,0,0.0,0.0,0,0,0.0,8681.06,1,1,1.0,29484.28,5,4,0.8,1
LGS2ORD0018943,C013021,2025-05-31 00:00:00,Male,65,Gold,TV,Khon Kaen,1249,Shopee,COD,0,5,5,1,>50,41.63333333333333,3.0,0.0,0.0,-1,57,5640.083333333333,0.28,0.6666666666666666,0.3333333333333333,0.0,0.0,0,0,0.0,0.0,0,0,0.0,16920.25,3,0,0.0,16920.25,3,0,0.0,0
LGS2ORD0018944,C017980,2025-05-31 00:00:00,Female,49,Bronze,TV,Chiang Mai,824,TV_Show,Bank_Transfer,0,5,5,1,40-50,27.466666666666665,5.0,2.0,0.4,-3,3,5700.072,0.13,0.2,0.0,0.0,3769.57,1,1,1.0,26437.56,4,2,0.5,28500.36,5,2,0.4,28500.36,5,2,0.4,0
LGS2ORD0018945,C017849,2025-05-31 01:00:00,Female,40,Bronze,Lazada,Chonburi,1447,Web,Credit_Card,1,5,5,1,30-40,48.233333333333334,3.0,0.0,0.0,-1,61,7764.6466666666665,0.23,0.3333333333333333,0.3333333333333333,0.0,0.0,0,0,0.0,0.0,0,0,0.0,2507.72,1,0,0.0,23293.94,3,0,0.0,0
LGS2ORD0018946,C016727,2025-05-31 01:00:00,Female,33,Bronze,TV,Chonburi,957,Web,COD,1,5,5,1,30-40,31.9,1.0,0.0,0.0,-1,129,2523.28,0.03,1.0,0.0,0.0,0.0,0,0,0.0,0.0,0,0,0.0,0.0,0,0,0.0,2523.28,1,0,0.0,0
LGS2ORD0018947,C010912,2025-05-31 01:00:00,Male,40,Silver,Lazada,Khon Kaen,757,Lazada,PromptPay,1,5,5,1,30-40,25.233333333333334,6.0,1.0,0.16666666666666666,52,5,8856.646666666666,0.3,0.3333333333333333,0.16666666666666666,0.0,1488.57,1,0,0.0,3720.25,3,0,0.0,35875.05,5,1,0.2,53139.88,6,1,0.16666666666666666,0
LGS2ORD0018948,C013048,2025-05-31 01:00:00,Male,20,Gold,TV,Nakhon Ratchasima,1229,Web,Credit_Card,1,5,5,1,<20,40.96666666666667,1.0,0.0,0.0,-1,33,894.56,0.33,1.0,1.0,0.0,0.0,0,0,0.0,0.0,0,0,0.0,894.56,1,0,0.0,894.56,1,0,0.0,0
LGS2ORD0018949,C011933,2025-05-31 01:00:00,Male,43,Bronze,TV,Bangkok,1574,TV_Show,Credit_Card,1,5,5,1,40-50,52.46666666666667,5.0,1.0,0.2,41,23,8926.604000000001,0.23,0.8,0.4,0.0,0.0,0,0,0.0,18825.81,2,0,0.0,44633.020000000004,5,1,0.2,44633.020000000004,5,1,0.2,0
LGS2ORD0018950,C010661,2025-05-31 02:00:00,Female,46,Bronze,Web,Phuket,1284,TV_Show,COD,2,5,5,1,40-50,42.8,4.0,2.0,0.5,3,11,2641.1775000000002,0.28,0.5,0.25,0.0,0.0,0,0,0.0,2424.6,1,1,1.0,7611.050000000001,3,1,0.3333333333333333,10564.710000000001,4,2,0.5,0
LGS2ORD0018951,C015991,2025-05-31 02:00:00,Female,41,Silver,Shopee,Nakhon Ratchasima,509,Web,PromptPay,2,5,5,1,40-50,16.966666666666665,5.0,0.0,0.0,-1,13,3856.032,0.25,0.4,0.4,0.0,0.0,0,0,0.0,6576.55,1,0,0.0,8235.09,2,0,0.0,19280.16,5,0,0.0,0
LGS2ORD0018952,C017798,2025-05-31 02:00:00,Male,58,Bronze,Shopee,Chiang Mai,1307,Lazada,COD,2,5,5,1,>50,43.56666666666667,0.0,0.0,0.0,-1,-1,0.0,0.0,0.0,0.0,0.0,0.0,0,0,0.0,0.0,0,0,0.0,0.0,0,0,0.0,0.0,0,0,0.0,0
LGS2ORD0018953,C013089,2025-05-31 02:00:00,Male,25,Bronze,Web,Songkhla,197,Lazada,Credit_Card,2,5,5,1,20-30,6.566666666666666,1.0,0.0,0.0,-1,127,16686.83,0.18,1.0,0.0,0.0,0.0,0,0,0.0,0.0,0,0,0.0,0.0,0,0,0.0,16686.83,1,0,0.0,0
LGS2ORD0018954,C013120,2025-05-31 02:00:00,Female,43,Silver,Shopee,Phuket,559,Web,Credit_Card,2,5,5,1,40-50,18.633333333333333,2.0,1.0,0.5,21,27,13049.795,0.2,0.5,0.0,0.0,0.0,0,0,0.0,1479.79,1,1,1.0,1479.79,1,1,1.0,26099.59,2,1,0.5,1
LGS2ORD0018955,C011462,2025-05-31 02:00:00,Female,47,Silver,TV,Phuket,1260,CallCenter,Credit_Card,2,5,5,1,40-50,42.0,4.0,1.0,0.25,19,1,5576.860000000001,0.2,0.75,0.0,0.0,2865.34,2,0,0.0,22307.440000000002,4,1,0.25,22307.440000000002,4,1,0.25,22307.440000000002,4,1,0.25,0
LGS2ORD0018956,C014657,2025-05-31 03:00:00,Male,18,Platinum,Lazada,Bangkok,467,Lazada,Credit_Card,3,5,5,1,<20,15.566666666666666,1.0,0.0,0.0,-1,9,9839.82,0.3,1.0,1.0,0.0,0.0,0,0,0.0,9839.82,1,0,0.0,9839.82,1,0,0.0,9839.82,1,0,0.0,0
LGS2ORD0018957,C013115,2025-05-31 03:00:00,Female,37,Gold,Shopee,Chonburi,1552,Lazada,PromptPay,3,5,5,1,30-40,51.733333333333334,1.0,0.0,0.0,-1,76,14619.06,0.13,0.0,0.0,0.0,0.0,0,0,0.0,0.0,0,0,0.0,14619.06,1,0,0.0,14619.06,1,0,0.0,0
LGS2ORD0018958,C012256,2025-05-31 03:00:00,Male,20,Silver,Lazada,Remote_Area,900,Shopee,COD,3,5,5,1,<20,30.0,2.0,0.0,0.0,-1,54,8477.305,0.05,0.0,0.0,0.0,0.0,0,0,0.0,0.0,0,0,0.0,16954.61,2,0,0.0,16954.61,2,0,0.0,1
LGS2ORD0018959,C013948,2025-05-31 03:00:00,Female,49,Silver,Shopee,Phuket,351,Shopee,PromptPay,3,5,5,1,40-50,11.7,1.0,1.0,1.0,-7,2,461.72,0.25,1.0,1.0,0.0,461.72,1,1,1.0,461.72,1,1,1.0,461.72,1,1,1.0,461.72,1,1,1.0,0
LGS2ORD0018960,C011587,2025-05-31 03:00:00,Female,22,Gold,Web,Bangkok,1362,Web,Credit_Card,3,5,5,1,20-30,45.4,3.0,0.0,0.0,-1,30,5584.419999999999,0.28,1.0,0.6666666666666666,0.0,0.0,0,0,0.0,0.0,0,0,0.0,16012.300000000001,2,0,0.0,16753.26,3,0,0.0,0
LGS2ORD0018961,C017471,2025-05-31 04:00:00,Female,46,Silver,CallCenter,Bangkok,1534,TV_Show,COD,4,5,5,1,40-50,51.13333333333333,1.0,1.0,1.0,95,108,1566.43,0.1,1.0,0.0,0.0,0.0,0,0,0.0,0.0,0,0,0.0,0.0,0,0,0.0,1566.43,1,1,1.0,0
LGS2ORD0018962,C011392,2025-05-31 04:00:00,Male,53,Gold,Web,Remote_Area,1088,TV_Show,Credit_Card,4,5,5,1,>50,36.266666666666666,0.0,0.0,0.0,-1,-1,0.0,0.0,0.0,0.0,0.0,0.0,0,0,0.0,0.0,0,0,0.0,0.0,0,0,0.0,0.0,0,0,0.0,0
LGS2ORD0018963,C010759,2025-05-31 04:00:00,Female,51,Silver,TV,Nakhon Ratchasima,528,Web,Credit_Card,4,5,5,1,>50,17.6,4.0,0.0,0.0,-1,40,7559.6025,0.3,0.25,0.25,0.0,0.0,0,0,0.0,0.0,0,0,0.0,10354.07,3,0,0.0,30238.41,4,0,0.0,1
LGS2ORD0018964,C012547,2025-05-31 04:00:00,Male,47,Bronze,Shopee,Chiang Mai,1224,Web,Credit_Card,4,5,5,1,40-50,40.8,2.0,1.0,0.5,-7,3,2285.9,0.18,1.0,0.0,0.0,2593.39,1,1,1.0,4571.8,2,1,0.5,4571.8,2,1,0.5,4571.8,2,1,0.5,1
LGS2ORD0018965,C013797,2025-05-31 04:00:00,Female,45,Platinum,Shopee,Bangkok,1356,Web,COD,4,5,5,1,40-50,45.2,3.0,1.0,0.3333333333333333,10,21,6679.336666666667,0.15,0.0,0.0,0.0,0.0,0,0,0.0,1879.81,1,1,1.0,1879.81,1,1,1.0,20038.010000000002,3,1,0.3333333333333333,0
LGS2ORD0018966,C017680,2025-05-31 05:00:00,Female,47,Bronze,TV,Chiang Mai,746,Web,Bank_Transfer,5,5,5,1,40-50,24.866666666666667,3.0,0.0,0.0,-1,17,3596.7899999999995,0.28,1.0,0.3333333333333333,0.0,0.0,0,0,0.0,2816.14,1,0,0.0,10790.369999999999,3,0,0.0,10790.369999999999,3,0,0.0,1
LGS2ORD0018967,C017356,2025-05-31 05:00:00,Male,37,Bronze,TV,Phuket,1475,Web,Credit_Card,5,5,5,1,30-40,49.166666666666664,1.0,1.0,1.0,129,145,21432.76,0.23,1.0,1.0,0.0,0.0,0,0,0.0,0.0,0,0,0.0,0.0,0,0,0.0,21432.76,1,1,1.0,0
LGS2ORD0018968,C017604,2025-05-31 05:00:00,Male,42,Bronze,Shopee,Bangkok,287,Lazada,Bank_Transfer,5,5,5,1,40-50,9.566666666666666,2.0,1.0,0.5,9,3,16111.23,0.08,0.5,0.0,0.0,2171.5,1,0,0.0,32222.46,2,1,0.5,32222.46,2,1,0.5,32222.46,2,1,0.5,1
LGS2ORD0018969,C016424,2025-05-31 05:00:00,Female,62,Silver,TV,Bangkok,1399,Lazada,COD,5,5,5,1,>50,46.63333333333333,1.0,0.0,0.0,-1,50,4708.16,0.1,1.0,0.0,0.0,0.0,0,0,0.0,0.0,0,0,0.0,4708.16,1,0,0.0,4708.16,1,0,0.0,1
LGS2ORD0018970,C011268,2025-05-31 05:00:00,Female,43,Gold,Lazada,Khon Kaen,1498,CallCenter,COD,5,5,5,1,40-50,49.93333333333333,4.0,1.0,0.25,14,17,4664.3925,0.28,0.25,0.75,0.0,0.0,0,0,0.0,3876.38,1,1,1.0,14053.95,2,1,0.5,18657.57,4,1,0.25,0
LGS2ORD0018971,C017725,2025-05-31 06:00:00,Female,59,Bronze,Web,Khon Kaen,1089,Web,Credit_Card,6,5,5,1,>50,36.3,4.0,1.0,0.25,9,23,11516.920000000002,0.23,0.75,0.25,0.0,0.0,0,0,0.0,1542.41,1,1,1.0,15788.59,2,1,0.5,46067.68000000001,4,1,0.25,0
LGS2ORD0018972,C017790,2025-05-31 06:00:00,Male,40,Gold,Web,Songkhla,710,TV_Show,COD,6,5,5,1,30-40,23.666666666666668,3.0,0.0,0.0,-1,73,5522.373333333333,0.28,0.6666666666666666,0.3333333333333333,0.0,0.0,0,0,0.0,0.0,0,0,0.0,7461.23,1,0,0.0,16567.12,3,0,0.0,1
LGS2ORD0018973,C011092,2025-05-31 06:00:00,Male,35,Silver,Web,Khon Kaen,1571,Web,COD,6,5,5,1,30-40,52.36666666666667,5.0,1.0,0.2,85,9,2837.9500000000003,0.2,0.2,0.0,0.0,0.0,0,0,0.0,426.29,1,0,0.0,5774.29,3,0,0.0,14189.750000000002,5,1,0.2,0
LGS2ORD0018974,C010741,2025-05-31 06:00:00,Male,24,Gold,TV,Phuket,1365,Web,Credit_Card,6,5,5,1,20-30,45.5,3.0,2.0,0.6666666666666666,4,17,5403.53,0.2299999999999999,0.3333333333333333,0.3333333333333333,0.0,0.0,0,0,0.0,9543.92,1,1,1.0,16210.59,3,2,0.6666666666666666,16210.59,3,2,0.6666666666666666,0
LGS2ORD0018975,C015067,2025-05-31 06:00:00,Male,50,Bronze,Web,Remote_Area,1223,TV_Show,PromptPay,6,5,5,1,40-50,40.766666666666666,1.0,1.0,1.0,-3,13,772.65,0.03,1.0,0.0,0.0,0.0,0,0,0.0,772.65,1,1,1.0,772.65,1,1,1.0,772.65,1,1,1.0,0
LGS2ORD0018976,C012190,2025-05-31 06:00:00,Male,42,Silver,Lazada,Chonburi,1126,Shopee,PromptPay,6,5,5,1,40-50,37.53333333333333,3.0,0.0,0.0,-1,56,2470.4866666666667,0.15,0.3333333333333333,0.0,0.0,0.0,0,0,0.0,0.0,0,0,0.0,1219.46,1,0,0.0,7411.46,3,0,0.0,0
LGS2ORD0018977,C011187,2025-05-31 07:00:00,Male,50,Bronze,Shopee,Nakhon Ratchasima,1063,TV_Show,COD,7,5,5,1,40-50,35.43333333333333,2.0,0.0,0.0,-1,48,9891.575,0.28,0.5,1.0,0.0,0.0,0,0,0.0,0.0,0,0,0.0,19783.15,2,0,0.0,19783.15,2,0,0.0,0
LGS2ORD0018978,C010264,2025-05-31 07:00:00,Male,57,Bronze,Shopee,Chiang Mai,642,Shopee,COD,7,5,5,1,>50,21.4,2.0,1.0,0.5,79,51,6133.025000000001,0.08,0.5,0.0,0.0,0.0,0,0,0.0,0.0,0,0,0.0,895.37,1,0,0.0,12266.050000000001,2,1,0.5,1
LGS2ORD0018979,C010979,2025-05-31 07:00:00,Male,60,Bronze,Lazada,Khon Kaen,484,Web,Credit_Card,7,5,5,1,>50,16.133333333333333,7.0,0.0,0.0,-1,5,2448.908571428571,0.28,0.2857142857142857,0.42857142857142855,0.0,646.21,1,0,0.0,646.21,1,0,0.0,6514.02,3,0,0.0,17142.359999999997,7,0,0.0,0
LGS2ORD0018980,C016608,2025-05-31 07:00:00,Female,35,Silver,CallCenter,Bangkok,613,TV_Show,Bank_Transfer,7,5,5,1,30-40,20.433333333333334,2.0,0.0,0.0,-1,27,7105.219999999999,0.3,0.5,0.5,0.0,0.0,0,0,0.0,12654.4,1,0,0.0,12654.4,1,0,0.0,14210.439999999999,2,0,0.0,0
LGS2ORD0018981,C014526,2025-05-31 07:00:00,Female,37,Gold,Web,Remote_Area,1521,Web,COD,7,5,5,1,30-40,50.7,2.0,1.0,0.5,23,32,2376.68,0.2299999999999999,0.5,1.0,0.0,0.0,0,0,0.0,0.0,0,0,0.0,3970.19,1,1,1.0,4753.36,2,1,0.5,0
LGS2ORD0018982,C015804,2025-05-31 08:00:00,Female,32,Gold,Lazada,Khon Kaen,898,TV_Show,Credit_Card,8,5,5,1,30-40,29.933333333333334,5.0,1.0,0.2,74,23,7514.399999999999,0.33,0.2,0.6,0.0,0.0,0,0,0.0,5713.36,1,0,0.0,14098.759999999998,3,1,0.3333333333333333,37571.99999999999,5,1,0.2,0
LGS2ORD0018983,C010637,2025-05-31 08:00:00,Female,32,Bronze,Shopee,Chonburi,1554,Shopee,COD,8,5,5,1,30-40,51.8,2.0,1.0,0.5,44,54,5425.325000000001,0.18,1.0,0.0,0.0,0.0,0,0,0.0,0.0,0,0,0.0,10850.650000000001,2,1,0.5,10850.650000000001,2,1,0.5,0
LGS2ORD0018984,C014281,2025-05-31 08:00:00,Male,41,Bronze,Web,Remote_Area,507,TV_Show,COD,8,5,5,1,40-50,16.9,2.0,0.0,0.0,-1,18,3951.84,0.18,1.0,0.0,0.0,0.0,0,0,0.0,1030.56,1,0,0.0,1030.56,1,0,0.0,7903.68,2,0,0.0,1
LGS2ORD0018985,C015522,2025-05-31 08:00:00,Female,31,Bronze,TV,Bangkok,386,Shopee,PromptPay,8,5,5,1,30-40,12.866666666666667,2.0,0.0,0.0,-1,31,1192.6799999999998,0.28,0.5,0.5,0.0,0.0,0,0,0.0,0.0,0,0,0.0,2385.3599999999997,2,0,0.0,2385.3599999999997,2,0,0.0,0
LGS2ORD0018986,C012120,2025-05-31 08:00:00,Female,38,Silver,Shopee,Bangkok,1218,Web,Credit_Card,8,5,5,1,30-40,40.6,4.0,1.0,0.25,113,80,11405.145,0.3,0.25,0.25,0.0,0.0,0,0,0.0,0.0,0,0,0.0,20856.98,1,0,0.0,45620.58,4,1,0.25,0
LGS2ORD0018987,C010854,2025-05-31 09:00:00,Other,45,Bronze,CallCenter,Bangkok,1510,Web,Credit_Card,9,5,5,1,40-50,50.333333333333336,3.0,0.0,0.0,-1,16,4205.830000000001,0.18,0.0,0.0,0.0,0.0,0,0,0.0,8298.2,1,0,0.0,12617.490000000002,3,0,0.0,12617.490000000002,3,0,0.0,0
LGS2ORD0018988,C015844,2025-05-31 09:00:00,Male,35,Bronze,TV,Bangkok,515,TV_Show,COD,9,5,5,1,30-40,17.166666666666668,2.0,1.0,0.5,126,2,9629.835,0.13,0.5,0.0,0.0,18775.82,1,0,0.0,18775.82,1,0,0.0,18775.82,1,0,0.0,19259.67,2,1,0.5,0
LGS2ORD0018989,C012518,2025-05-31 09:00:00,Other,46,Bronze,CallCenter,Khon Kaen,473,Web,PromptPay,9,5,5,1,40-50,15.766666666666667,6.0,1.0,0.16666666666666666,72,5,6912.275000000001,0.28,0.3333333333333333,0.16666666666666666,0.0,5454.33,1,0,0.0,21683.04,3,0,0.0,23290.22,5,1,0.2,41473.65,6,1,0.16666666666666666,0
LGS2ORD0018990,C017049,2025-05-31 09:00:00,Female,42,Bronze,Web,Songkhla,1198,CallCenter,Credit_Card,9,5,5,1,40-50,39.93333333333333,3.0,0.0,0.0,-1,31,2672.4100000000003,0.13,0.3333333333333333,0.0,0.0,0.0,0,0,0.0,0.0,0,0,0.0,8017.2300000000005,3,0,0.0,8017.2300000000005,3,0,0.0,1
LGS2ORD0018991,C013357,2025-05-31 09:00:00,Female,33,Bronze,Shopee,Chonburi,1498,Lazada,COD,9,5,5,1,30-40,49.93333333333333,3.0,0.0,0.0,-1,13,1928.6433333333334,0.28,0.0,0.6666666666666666,0.0,0.0,0,0,0.0,2770.36,1,0,0.0,2770.36,1,0,0.0,5785.93,3,0,0.0,0
LGS2ORD0018992,C012646,2025-05-31 10:00:00,Female,61,Silver,Lazada,Phuket,838,Web,Credit_Card,10,5,5,1,>50,27.933333333333334,1.0,1.0,1.0,61,71,1024.03,0.25,1.0,1.0,0.0,0.0,0,0,0.0,0.0,0,0,0.0,1024.03,1,1,1.0,1024.03,1,1,1.0,0
LGS2ORD0018993,C015648,2025-05-31 10:00:00,Male,38,Silver,TV,Bangkok,606,TV_Show,COD,10,5,5,1,30-40,20.2,4.0,1.0,0.25,60,38,2028.0475,0.25,0.5,0.25,0.0,0.0,0,0,0.0,0.0,0,0,0.0,8112.19,4,1,0.25,8112.19,4,1,0.25,0
LGS2ORD0018994,C010229,2025-05-31 10:00:00,Male,42,Bronze,TV,Nakhon Ratchasima,892,Web,Credit_Card,10,5,5,1,40-50,29.733333333333334,2.0,1.0,0.5,64,71,12747.385,0.18,0.5,0.0,0.0,0.0,0,0,0.0,0.0,0,0,0.0,25494.77,2,1,0.5,25494.77,2,1,0.5,1
LGS2ORD0018995,C013334,2025-05-31 10:00:00,Female,59,Bronze,Web,Bangkok,394,Lazada,COD,10,5,5,1,>50,13.133333333333333,1.0,0.0,0.0,-1,2,4353.22,0.08,1.0,0.0,0.0,4353.22,1,0,0.0,4353.22,1,0,0.0,4353.22,1,0,0.0,4353.22,1,0,0.0,0
LGS2ORD0018996,C016985,2025-05-31 10:00:00,Male,30,Bronze,TV,Phuket,1461,Shopee,Credit_Card,10,5,5,1,20-30,48.7,3.0,0.0,0.0,-1,56,7641.8966666666665,0.18,0.3333333333333333,0.0,0.0,0.0,0,0,0.0,0.0,0,0,0.0,4592.41,1,0,0.0,22925.69,3,0,0.0,0
LGS2ORD0018997,C011680,2025-05-31 10:00:00,Female,30,Bronze,Web,Chiang Mai,357,TV_Show,Credit_Card,10,5,5,1,20-30,11.9,1.0,0.0,0.0,-1,39,4939.85,0.03,1.0,0.0,0.0,0.0,0,0,0.0,0.0,0,0,0.0,4939.85,1,0,0.0,4939.85,1,0,0.0,0
LGS2ORD0018998,C014298,2025-05-31 11:00:00,Other,20,Platinum,Web,Bangkok,315,Web,Credit_Card,11,5,5,1,<20,10.5,1.0,0.0,0.0,-1,78,795.87,0.1,0.0,0.0,0.0,0.0,0,0,0.0,0.0,0,0,0.0,795.87,1,0,0.0,795.87,1,0,0.0,0
LGS2ORD0018999,C010459,2025-05-31 11:00:00,Female,42,Silver,TV,Remote_Area,1291,TV_Show,COD,11,5,5,1,40-50,43.03333333333333,5.0,1.0,0.2,3,13,1375.102,0.25,0.6,0.2,0.0,0.0,0,0,0.0,4427.25,3,1,0.3333333333333333,5658.9400000000005,4,1,0.25,6875.51,5,1,0.2,0
LGS2ORD0019000,C015347,2025-05-31 11:00:00,Male,33,Bronze,TV,Chiang Mai,702,Web,PromptPay,11,5,5,1,30-40,23.4,6.0,0.0,0.0,-1,5,6520.816666666667,0.23,0.5,0.16666666666666666,0.0,21104.84,1,0,0.0,21104.84,1,0,0.0,24529.49,2,0,0.0,39124.9,6,0,0.0,0
LGS2ORD0019001,C015372,2025-05-31 11:00:00,Male,39,Bronze,Web,Remote_Area,708,TV_Show,COD,11,5,5,1,30-40,23.6,3.0,1.0,0.3333333333333333,43,7,11257.439999999997,0.18,0.3333333333333333,0.0,0.0,0.0,0,0,0.0,7788.66,1,0,0.0,33772.31999999999,3,1,0.3333333333333333,33772.31999999999,3,1,0.3333333333333333,1
LGS2ORD0019002,C016688,2025-05-31 11:00:00,Female,47,Bronze,CallCenter,Remote_Area,558,CallCenter,COD,11,5,5,1,40-50,18.6,4.0,2.0,0.5,0,2,2803.6299999999997,0.18,0.25,0.0,0.0,4731.73,1,1,1.0,4731.73,1,1,1.0,5229.389999999999,2,1,0.5,11214.519999999999,4,2,0.5,0
LGS2ORD0019003,C015924,2025-05-31 12:00:00,Male,55,Gold,Shopee,Chiang Mai,423,Shopee,Credit_Card,12,5,5,1,>50,14.1,1.0,1.0,1.0,75,87,1950.58,0.08,0.0,0.0,0.0,0.0,0,0,0.0,0.0,0,0,0.0,1950.58,1,1,1.0,1950.58,1,1,1.0,0
LGS2ORD0019004,C012613,2025-05-31 12:00:00,Female,24,Silver,CallCenter,Chonburi,620,Shopee,Credit_Card,12,5,5,1,20-30,20.666666666666668,1.0,0.0,0.0,-1,25,817.7,0.25,0.0,1.0,0.0,0.0,0,0,0.0,817.7,1,0,0.0,817.7,1,0,0.0,817.7,1,0,0.0,0
LGS2ORD0019005,C013076,2025-05-31 12:00:00,Female,43,Bronze,CallCenter,Bangkok,327,TV_Show,Credit_Card,12,5,5,1,40-50,10.9,3.0,1.0,0.3333333333333333,62,72,18029.186666666665,0.28,0.6666666666666666,0.6666666666666666,0.0,0.0,0,0,0.0,0.0,0,0,0.0,26579.27,2,1,0.5,54087.56,3,1,0.3333333333333333,0
LGS2ORD0019006,C015789,2025-05-31 12:00:00,Male,46,Gold,TV,Chonburi,697,Lazada,COD,12,5,5,1,40-50,23.233333333333334,1.0,0.0,0.0,-1,8,4144.19,0.18,1.0,0.0,0.0,0.0,0,0,0.0,4144.19,1,0,0.0,4144.19,1,0,0.0,4144.19,1,0,0.0,0
LGS2ORD0019007,C015310,2025-05-31 12:00:00,Female,38,Gold,Lazada,Chiang Mai,1186,TV_Show,Bank_Transfer,12,5,5,1,30-40,39.53333333333333,2.0,1.0,0.5,106,58,1709.295,0.33,0.5,0.5,0.0,0.0,0,0,0.0,0.0,0,0,0.0,894.11,1,0,0.0,3418.59,2,1,0.5,0
LGS2ORD0019008,C017141,2025-05-31 13:00:00,Male,44,Gold,Lazada,Bangkok,1137,Shopee,PromptPay,13,5,5,1,40-50,37.9,2.0,1.0,0.5,98,94,19089.769999999997,0.33,0.5,0.5,0.0,0.0,0,0,0.0,0.0,0,0,0.0,0.0,0,0,0.0,38179.53999999999,2,1,0.5,0
LGS2ORD0019009,C015614,2025-05-31 13:00:00,Male,56,Bronze,TV,Khon Kaen,1111,Lazada,PromptPay,13,5,5,1,>50,37.03333333333333,5.0,3.0,0.6,-8,0,5880.978,0.23,0.6,0.4,0.0,1132.71,1,1,1.0,1132.71,1,1,1.0,10970.43,3,2,0.6666666666666666,29404.89,5,3,0.6,0
LGS2ORD0019010,C016642,2025-05-31 13:00:00,Male,48,Gold,Web,Songkhla,1508,Lazada,COD,13,5,5,1,40-50,50.266666666666666,2.0,1.0,0.5,34,43,1779.625,0.33,0.5,0.5,0.0,0.0,0,0,0.0,0.0,0,0,0.0,1980.59,1,1,1.0,3559.25,2,1,0.5,0
LGS2ORD0019011,C017358,2025-05-31 13:00:00,Female,50,Gold,Web,Chiang Mai,1058,Shopee,Credit_Card,13,5,5,1,40-50,35.266666666666666,2.0,0.0,0.0,-1,15,8735.07,0.33,0.5,1.0,0.0,0.0,0,0,0.0,493.36,1,0,0.0,17470.14,2,0,0.0,17470.14,2,0,0.0,0
LGS2ORD0019012,C014146,2025-05-31 13:00:00,Female,37,Bronze,Lazada,Khon Kaen,908,Web,Bank_Transfer,13,5,5,1,30-40,30.266666666666666,5.0,0.0,0.0,-1,51,3591.6640000000007,0.28,0.8,0.2,0.0,0.0,0,0,0.0,0.0,0,0,0.0,8214.38,4,0,0.0,17958.320000000003,5,0,0.0,0
LGS2ORD0019013,C013719,2025-05-31 13:00:00,Male,54,Gold,CallCenter,Chiang Mai,658,CallCenter,Bank_Transfer,13,5,5,1,>50,21.933333333333334,1.0,0.0,0.0,-1,110,6572.19,0.13,1.0,0.0,0.0,0.0,0,0,0.0,0.0,0,0,0.0,0.0,0,0,0.0,6572.19,1,0,0.0,0
LGS2ORD0019014,C014641,2025-05-31 14:00:00,Male,34,Gold,TV,Khon Kaen,917,Web,COD,14,5,5,1,30-40,30.566666666666666,2.0,0.0,0.0,-1,111,879.615,0.28,0.0,1.0,0.0,0.0,0,0,0.0,0.0,0,0,0.0,0.0,0,0,0.0,1759.23,2,0,0.0,1
LGS2ORD0019015,C014215,2025-05-31 14:00:00,Female,68,Bronze,TV,Phuket,619,Web,COD,14,5,5,1,>50,20.633333333333333,2.0,1.0,0.5,116,115,7015.745,0.28,0.5,0.5,0.0,0.0,0,0,0.0,0.0,0,0,0.0,0.0,0,0,0.0,14031.49,2,1,0.5,1
LGS2ORD0019016,C016032,2025-05-31 14:00:00,Male,41,Bronze,CallCenter,Songkhla,704,Shopee,Credit_Card,14,5,5,1,40-50,23.466666666666665,3.0,0.0,0.0,-1,1,9023.453333333333,0.13,0.6666666666666666,0.0,0.0,21937.04,2,0,0.0,27070.36,3,0,0.0,27070.36,3,0,0.0,27070.36,3,0,0.0,1
LGS2ORD0019017,C010236,2025-05-31 14:00:00,Female,32,Bronze,Shopee,Chiang Mai,1391,Web,Credit_Card,14,5,5,1,30-40,46.36666666666667,4.0,2.0,0.5,-8,2,2117.685,0.18,1.0,0.0,0.0,1335.7,1,1,1.0,1335.7,1,1,1.0,3244.33,2,2,1.0,8470.74,4,2,0.5,0
LGS2ORD0019018,C010878,2025-05-31 14:00:00,Male,65,Silver,Lazada,Khon Kaen,485,Shopee,Credit_Card,14,5,5,1,>50,16.166666666666668,3.0,0.0,0.0,-1,36,2811.0733333333333,0.2,0.6666666666666666,0.0,0.0,0.0,0,0,0.0,0.0,0,0,0.0,4627.42,1,0,0.0,8433.22,3,0,0.0,0
LGS2ORD0019019,C017920,2025-05-31 15:00:00,Female,59,Bronze,CallCenter,Nakhon Ratchasima,370,Lazada,COD,15,5,5,1,>50,12.333333333333334,1.0,0.0,0.0,-1,24,1946.21,0.03,0.0,0.0,0.0,0.0,0,0,0.0,1946.21,1,0,0.0,1946.21,1,0,0.0,1946.21,1,0,0.0,1
LGS2ORD0019020,C012595,2025-05-31 15:00:00,Female,24,Gold,TV,Chonburi,1190,CallCenter,Bank_Transfer,15,5,5,1,20-30,39.666666666666664,2.0,0.0,0.0,-1,81,15405.125,0.18,0.0,0.0,0.0,0.0,0,0,0.0,0.0,0,0,0.0,19219.83,1,0,0.0,30810.25,2,0,0.0,0
LGS2ORD0019021,C015033,2025-05-31 15:00:00,Male,39,Gold,TV,Bangkok,992,Lazada,Credit_Card,15,5,5,1,30-40,33.06666666666667,1.0,0.0,0.0,-1,21,845.7,0.2299999999999999,0.0,1.0,0.0,0.0,0,0,0.0,845.7,1,0,0.0,845.7,1,0,0.0,845.7,1,0,0.0,0
LGS2ORD0019022,C015620,2025-05-31 15:00:00,Male,45,Silver,Lazada,Khon Kaen,437,Web,PromptPay,15,5,5,1,40-50,14.566666666666666,0.0,0.0,0.0,-1,-1,0.0,0.0,0.0,0.0,0.0,0.0,0,0,0.0,0.0,0,0,0.0,0.0,0,0,0.0,0.0,0,0,0.0,0
LGS2ORD0019023,C010920,2025-05-31 15:00:00,Male,21,Gold,CallCenter,Bangkok,1263,Shopee,Credit_Card,15,5,5,1,20-30,42.1,4.0,2.0,0.5,35,50,1866.44,0.28,0.25,0.75,0.0,0.0,0,0,0.0,0.0,0,0,0.0,2843.3900000000003,2,1,0.5,7465.76,4,2,0.5,0
LGS2ORD0019024,C010275,2025-05-31 16:00:00,Female,27,Platinum,TV,Nakhon Ratchasima,732,CallCenter,COD,16,5,5,1,20-30,24.4,2.0,0.0,0.0,-1,68,6515.1,0.25,1.0,0.5,0.0,0.0,0,0,0.0,0.0,0,0,0.0,13030.2,2,0,0.0,13030.2,2,0,0.0,0
LGS2ORD0019025,C016102,2025-05-31 16:00:00,Female,33,Silver,Web,Chiang Mai,780,Web,Bank_Transfer,16,5,5,1,30-40,26.0,0.0,0.0,0.0,-1,-1,0.0,0.0,0.0,0.0,0.0,0.0,0,0,0.0,0.0,0,0,0.0,0.0,0,0,0.0,0.0,0,0,0.0,1
LGS2ORD0019026,C012546,2025-05-31 16:00:00,Female,36,Gold,TV,Chiang Mai,592,Lazada,PromptPay,16,5,5,1,30-40,19.733333333333334,0.0,0.0,0.0,-1,-1,0.0,0.0,0.0,0.0,0.0,0.0,0,0,0.0,0.0,0,0,0.0,0.0,0,0,0.0,0.0,0,0,0.0,0
LGS2ORD0019027,C014822,2025-05-31 16:00:00,Male,33,Bronze,Lazada,Bangkok,281,Shopee,COD,16,5,5,1,30-40,9.366666666666667,4.0,1.0,0.25,109,78,2909.9725,0.28,0.75,0.25,0.0,0.0,0,0,0.0,0.0,0,0,0.0,1431.06,1,0,0.0,11639.89,4,1,0.25,0
LGS2ORD0019028,C015664,2025-05-31 16:00:00,Female,37,Bronze,CallCenter,Remote_Area,1342,Shopee,COD,16,5,5,1,30-40,44.733333333333334,3.0,1.0,0.3333333333333333,21,35,9925.483333333334,0.18,0.6666666666666666,0.0,0.0,0.0,0,0,0.0,0.0,0,0,0.0,29776.45,3,1,0.3333333333333333,29776.45,3,1,0.3333333333333333,1
LGS2ORD0019029,C016381,2025-05-31 17:00:00,Male,26,Silver,Web,Songkhla,887,TV_Show,Credit_Card,17,5,5,1,20-30,29.566666666666666,2.0,1.0,0.5,111,6,2340.365,0.25,0.0,1.0,0.0,4022.43,1,0,0.0,4022.43,1,0,0.0,4022.43,1,0,0.0,4680.73,2,1,0.5,0
LGS2ORD0019030,C017657,2025-05-31 17:00:00,Female,58,Gold,TV,Nakhon Ratchasima,753,Shopee,PromptPay,17,5,5,1,>50,25.1,2.0,1.0,0.5,94,35,1595.995,0.28,0.5,1.0,0.0,0.0,0,0,0.0,0.0,0,0,0.0,1575.99,1,0,0.0,3191.99,2,1,0.5,0
LGS2ORD0019031,C016486,2025-05-31 17:00:00,Male,45,Silver,TV,Bangkok,459,Shopee,COD,17,5,5,1,40-50,15.3,2.0,0.0,0.0,-1,92,6651.96,0.2,0.5,0.0,0.0,0.0,0,0,0.0,0.0,0,0,0.0,0.0,0,0,0.0,13303.92,2,0,0.0,0
LGS2ORD0019032,C017689,2025-05-31 17:00:00,Female,51,Silver,Web,Nakhon Ratchasima,766,Lazada,COD,17,5,5,1,>50,25.533333333333335,0.0,0.0,0.0,-1,-1,0.0,0.0,0.0,0.0,0.0,0.0,0,0,0.0,0.0,0,0,0.0,0.0,0,0,0.0,0.0,0,0,0.0,1
LGS2ORD0019033,C013932,2025-05-31 17:00:00,Female,46,Bronze,Web,Chiang Mai,905,TV_Show,Credit_Card,17,5,5,1,40-50,30.166666666666668,2.0,0.0,0.0,-1,86,4153.525,0.18,1.0,0.0,0.0,0.0,0,0,0.0,0.0,0,0,0.0,1890.31,1,0,0.0,8307.05,2,0,0.0,0
LGS2ORD0019034,C015643,2025-05-31 17:00:00,Male,60,Bronze,TV,Khon Kaen,522,Lazada,Credit_Card,17,5,5,1,>50,17.4,2.0,0.0,0.0,-1,17,2033.205,0.13,1.0,0.0,0.0,0.0,0,0,0.0,3411.2,1,0,0.0,3411.2,1,0,0.0,4066.41,2,0,0.0,0
LGS2ORD0019035,C017221,2025-05-31 18:00:00,Female,29,Gold,Shopee,Bangkok,1497,TV_Show,COD,18,5,5,1,20-30,49.9,3.0,0.0,0.0,-1,32,8570.543333333333,0.28,0.0,0.3333333333333333,0.0,0.0,0,0,0.0,0.0,0,0,0.0,11398.9,2,0,0.0,25711.629999999997,3,0,0.0,1
LGS2ORD0019036,C014447,2025-05-31 18:00:00,Male,35,Bronze,CallCenter,Bangkok,1550,TV_Show,Bank_Transfer,18,5,5,1,30-40,51.666666666666664,3.0,1.0,0.3333333333333333,49,64,5796.6033333333335,0.18,1.0,0.0,0.0,0.0,0,0,0.0,0.0,0,0,0.0,1995.3,1,1,1.0,17389.81,3,1,0.3333333333333333,0
LGS2ORD0019037,C010801,2025-05-31 18:00:00,Female,65,Gold,TV,Nakhon Ratchasima,1267,Web,Credit_Card,18,5,5,1,>50,42.233333333333334,5.0,1.0,0.2,20,23,1718.9360000000001,0.28,0.8,0.6,0.0,0.0,0,0,0.0,1789.49,1,0,0.0,3407.02,2,1,0.5,8594.68,5,1,0.2,0
LGS2ORD0019038,C012399,2025-05-31 18:00:00,Male,47,Bronze,TV,Phuket,1118,TV_Show,Credit_Card,18,5,5,1,40-50,37.266666666666666,4.0,2.0,0.5,60,26,5976.737500000001,0.18,0.25,0.0,0.0,0.0,0,0,0.0,9472.12,1,0,0.0,19420.300000000003,3,1,0.3333333333333333,23906.950000000004,4,2,0.5,0
LGS2ORD0019039,C015752,2025-05-31 18:00:00,Female,57,Bronze,CallCenter,Remote_Area,1031,TV_Show,Bank_Transfer,18,5,5,1,>50,34.36666666666667,7.0,3.0,0.42857142857142855,3,6,12389.782857142854,0.13,0.5714285714285714,0.0,0.0,14563.73,1,0,0.0,14965.039999999999,2,1,0.5,44997.91,3,1,0.3333333333333333,86728.47999999998,7,3,0.42857142857142855,0
LGS2ORD0019040,C011242,2025-05-31 19:00:00,Female,45,Bronze,TV,Chiang Mai,256,TV_Show,COD,19,5,5,1,40-50,8.533333333333333,1.0,0.0,0.0,-1,93,4475.6,0.08,0.0,0.0,0.0,0.0,0,0,0.0,0.0,0,0,0.0,0.0,0,0,0.0,4475.6,1,0,0.0,0
LGS2ORD0019041,C011120,2025-05-31 19:00:00,Male,32,Silver,TV,Phuket,1213,TV_Show,Bank_Transfer,19,5,5,1,30-40,40.43333333333333,0.0,0.0,0.0,-1,-1,0.0,0.0,0.0,0.0,0.0,0.0,0,0,0.0,0.0,0,0,0.0,0.0,0,0,0.0,0.0,0,0,0.0,0
LGS2ORD0019042,C013063,2025-05-31 19:00:00,Female,37,Gold,Lazada,Nakhon Ratchasima,890,Lazada,Credit_Card,19,5,5,1,30-40,29.666666666666668,2.0,0.0,0.0,-1,59,1921.6000000000001,0.28,1.0,0.5,0.0,0.0,0,0,0.0,0.0,0,0,0.0,2341.76,1,0,0.0,3843.2000000000003,2,0,0.0,0
LGS2ORD0019043,C017416,2025-05-31 19:00:00,Male,50,Bronze,Shopee,Chiang Mai,1308,Lazada,Bank_Transfer,19,5,5,1,40-50,43.6,1.0,0.0,0.0,-1,60,6786.61,0.28,0.0,1.0,0.0,0.0,0,0,0.0,0.0,0,0,0.0,6786.61,1,0,0.0,6786.61,1,0,0.0,0
LGS2ORD0019044,C010436,2025-05-31 19:00:00,Female,31,Silver,Web,Bangkok,1136,TV_Show,PromptPay,19,5,5,1,30-40,37.86666666666667,2.0,0.0,0.0,-1,39,11564.085000000001,0.25,0.5,0.5,0.0,0.0,0,0,0.0,0.0,0,0,0.0,19595.61,1,0,0.0,23128.170000000002,2,0,0.0,0
LGS2ORD0019045,C016377,2025-05-31 20:00:00,Female,52,Silver,Web,Chiang Mai,296,TV_Show,PromptPay,20,5,5,1,>50,9.866666666666667,2.0,1.0,0.5,69,74,2478.14,0.05,0.5,0.0,0.0,0.0,0,0,0.0,0.0,0,0,0.0,4956.28,2,1,0.5,4956.28,2,1,0.5,0
LGS2ORD0019046,C014305,2025-05-31 20:00:00,Female,32,Bronze,Lazada,Bangkok,370,Web,Credit_Card,20,5,5,1,30-40,12.333333333333334,3.0,1.0,0.3333333333333333,75,82,1405.2699999999998,0.23,1.0,0.3333333333333333,0.0,0.0,0,0,0.0,0.0,0,0,0.0,3064.7999999999997,2,1,0.5,4215.8099999999995,3,1,0.3333333333333333,0
LGS2ORD0019047,C017857,2025-05-31 20:00:00,Male,51,Silver,TV,Chiang Mai,882,Lazada,Credit_Card,20,5,5,1,>50,29.4,1.0,0.0,0.0,-1,125,617.68,0.15,1.0,0.0,0.0,0.0,0,0,0.0,0.0,0,0,0.0,0.0,0,0,0.0,617.68,1,0,0.0,0
LGS2ORD0019048,C011837,2025-05-31 20:00:00,Female,45,Gold,Web,Remote_Area,1602,TV_Show,COD,20,5,5,1,40-50,53.4,1.0,0.0,0.0,-1,25,3226.84,0.08,0.0,0.0,0.0,0.0,0,0,0.0,3226.84,1,0,0.0,3226.84,1,0,0.0,3226.84,1,0,0.0,1
LGS2ORD0019049,C012587,2025-05-31 20:00:00,Female,41,Silver,Lazada,Phuket,1147,TV_Show,Credit_Card,20,5,5,1,40-50,38.233333333333334,2.0,1.0,0.5,95,17,14263.91,0.25,0.5,0.5,0.0,0.0,0,0,0.0,20704.49,1,0,0.0,20704.49,1,0,0.0,28527.82,2,1,0.5,1
LGS2ORD0019050,C013831,2025-05-31 21:00:00,Male,27,Silver,TV,Nakhon Ratchasima,209,TV_Show,COD,21,5,5,1,20-30,6.966666666666667,2.0,0.0,0.0,-1,41,1413.495,0.1,0.5,0.0,0.0,0.0,0,0,0.0,0.0,0,0,0.0,1140.32,1,0,0.0,2826.99,2,0,0.0,0
LGS2ORD0019051,C016404,2025-05-31 21:00:00,Female,38,Platinum,Lazada,Chonburi,1415,TV_Show,PromptPay,21,5,5,1,30-40,47.166666666666664,0.0,0.0,0.0,-1,-1,0.0,0.0,0.0,0.0,0.0,0.0,0,0,0.0,0.0,0,0,0.0,0.0,0,0,0.0,0.0,0,0,0.0,0
LGS2ORD0019052,C016748,2025-05-31 21:00:00,Male,29,Silver,Web,Chonburi,741,Shopee,COD,21,5,5,1,20-30,24.7,2.0,0.0,0.0,-1,85,3973.08,0.25,0.5,0.5,0.0,0.0,0,0,0.0,0.0,0,0,0.0,3595.67,1,0,0.0,7946.16,2,0,0.0,0
LGS2ORD0019053,C013375,2025-05-31 21:00:00,Male,29,Platinum,TV,Bangkok,340,TV_Show,COD,21,5,5,1,20-30,11.333333333333334,3.0,0.0,0.0,-1,4,1956.4633333333334,0.2,0.0,0.0,0.0,814.61,1,0,0.0,814.61,1,0,0.0,814.61,1,0,0.0,5869.39,3,0,0.0,0
LGS2ORD0019054,C016845,2025-05-31 21:00:00,Female,44,Bronze,TV,Nakhon Ratchasima,980,Lazada,COD,21,5,5,1,40-50,32.666666666666664,4.0,1.0,0.25,135,28,5705.0775,0.18,0.75,0.0,0.0,0.0,0,0,0.0,3027.86,1,0,0.0,3027.86,1,0,0.0,22820.31,4,1,0.25,0
LGS2ORD0019055,C012521,2025-05-31 21:00:00,Female,40,Bronze,TV,Phuket,403,Web,COD,21,5,5,1,30-40,13.433333333333334,2.0,0.0,0.0,-1,10,5539.975,0.08,1.0,0.0,0.0,0.0,0,0,0.0,6633.65,1,0,0.0,6633.65,1,0,0.0,11079.95,2,0,0.0,0
LGS2ORD0019056,C012388,2025-05-31 22:00:00,Male,43,Bronze,Shopee,Phuket,499,TV_Show,Credit_Card,22,5,5,1,40-50,16.633333333333333,5.0,1.0,0.2,76,67,12722.054,0.18,0.6,0.0,0.0,0.0,0,0,0.0,0.0,0,0,0.0,24874.86,3,1,0.3333333333333333,63610.270000000004,5,1,0.2,0
LGS2ORD0019057,C017073,2025-05-31 22:00:00,Female,25,Bronze,Lazada,Khon Kaen,931,CallCenter,Credit_Card,22,5,5,1,20-30,31.033333333333335,1.0,0.0,0.0,-1,45,3878.55,0.08,1.0,0.0,0.0,0.0,0,0,0.0,0.0,0,0,0.0,3878.55,1,0,0.0,3878.55,1,0,0.0,0
LGS2ORD0019058,C013553,2025-05-31 22:00:00,Male,24,Silver,TV,Khon Kaen,1283,TV_Show,Credit_Card,22,5,5,1,20-30,42.766666666666666,1.0,0.0,0.0,-1,36,19336.61,0.05,1.0,0.0,0.0,0.0,0,0,0.0,0.0,0,0,0.0,19336.61,1,0,0.0,19336.61,1,0,0.0,0
LGS2ORD0019059,C010724,2025-05-31 22:00:00,Female,18,Platinum,Lazada,Khon Kaen,1520,TV_Show,COD,22,5,5,1,<20,50.666666666666664,2.0,0.0,0.0,-1,95,1130.0,0.2,0.5,0.0,0.0,0.0,0,0,0.0,0.0,0,0,0.0,0.0,0,0,0.0,2260.0,2,0,0.0,1
LGS2ORD0019060,C011399,2025-05-31 22:00:00,Female,44,Gold,Web,Khon Kaen,926,Lazada,COD,22,5,5,1,40-50,30.866666666666667,1.0,0.0,0.0,-1,128,1201.29,0.2299999999999999,0.0,1.0,0.0,0.0,0,0,0.0,0.0,0,0,0.0,0.0,0,0,0.0,1201.29,1,0,0.0,0
LGS2ORD0019061,C013173,2025-05-31 23:00:00,Female,45,Silver,Web,Songkhla,1606,Web,PromptPay,23,5,5,1,40-50,53.53333333333333,2.0,2.0,1.0,6,13,5967.844999999999,0.25,1.0,0.5,0.0,0.0,0,0,0.0,1861.62,1,1,1.0,1861.62,1,1,1.0,11935.689999999999,2,2,1.0,1
LGS2ORD0019062,C015502,2025-05-31 23:00:00,Male,31,Platinum,Shopee,Phuket,387,TV_Show,COD,23,5,5,1,30-40,12.9,2.0,0.0,0.0,-1,16,4458.724999999999,0.15,0.5,0.0,0.0,0.0,0,0,0.0,1862.05,1,0,0.0,8917.449999999999,2,0,0.0,8917.449999999999,2,0,0.0,1
LGS2ORD0019063,C013247,2025-05-31 23:00:00,Female,37,Silver,TV,Remote_Area,689,Shopee,COD,23,5,5,1,30-40,22.966666666666665,1.0,0.0,0.0,-1,112,5311.63,0.15,0.0,0.0,0.0,0.0,0,0,0.0,0.0,0,0,0.0,0.0,0,0,0.0,5311.63,1,0,0.0,1
LGS2ORD0019064,C015364,2025-05-31 23:00:00,Female,38,Bronze,Web,Bangkok,1113,Shopee,PromptPay,23,5,5,1,30-40,37.1,0.0,0.0,0.0,-1,-1,0.0,0.0,0.0,0.0,0.0,0.0,0,0,0.0,0.0,0,0,0.0,0.0,0,0,0.0,0.0,0,0,0.0,0
LGS2ORD0019065,C011674,2025-05-31 23:00:00,Male,45,Gold,Web,Phuket,1465,TV_Show,PromptPay,23,5,5,1,40-50,48.833333333333336,0.0,0.0,0.0,-1,-1,0.0,0.0,0.0,0.0,0.0,0.0,0,0,0.0,0.0,0,0,0.0,0.0,0,0,0.0,0.0,0,0,0.0,0
LGS2ORD0019066,C013876,2025-06-01 00:00:00,Female,37,Bronze,Shopee,Songkhla,1113,Web,COD,0,6,6,1,30-40,37.1,2.0,1.0,0.5,69,13,2914.0299999999997,0.28,0.5,0.5,0.0,0.0,0,0,0.0,664.82,1,0,0.0,5828.0599999999995,2,1,0.5,5828.0599999999995,2,1,0.5,0
LGS2ORD0019067,C012282,2025-06-01 00:00:00,Female,20,Silver,TV,Phuket,918,Web,COD,0,6,6,1,<20,30.6,5.0,1.0,0.2,77,6,2783.4080000000004,0.3,0.6,0.2,0.0,4563.54,1,0,0.0,4918.8,2,0,0.0,13917.04,5,1,0.2,13917.04,5,1,0.2,1
LGS2ORD0019068,C017630,2025-06-01 00:00:00,Female,68,Gold,TV,Nakhon Ratchasima,262,TV_Show,COD,0,6,6,1,>50,8.733333333333333,2.0,0.0,0.0,-1,33,4095.275,0.28,0.5,1.0,0.0,0.0,0,0,0.0,0.0,0,0,0.0,8190.55,2,0,0.0,8190.55,2,0,0.0,0
LGS2ORD0019069,C011982,2025-06-01 00:00:00,Female,55,Silver,Web,Bangkok,919,Shopee,COD,0,6,6,1,>50,30.633333333333333,2.0,0.0,0.0,-1,56,5392.56,0.25,1.0,0.5,0.0,0.0,0,0,0.0,0.0,0,0,0.0,10785.12,2,0,0.0,10785.12,2,0,0.0,0
LGS2ORD0019070,C015461,2025-06-01 00:00:00,Female,29,Bronze,CallCenter,Bangkok,580,CallCenter,PromptPay,0,6,6,1,20-30,19.333333333333332,2.0,0.0,0.0,-1,34,1604.875,0.18,0.5,0.0,0.0,0.0,0,0,0.0,0.0,0,0,0.0,1500.54,1,0,0.0,3209.75,2,0,0.0,0
LGS2ORD0019071,C016285,2025-06-01 01:00:00,Male,71,Bronze,Shopee,Bangkok,1503,CallCenter,Credit_Card,1,6,6,1,>50,50.1,3.0,1.0,0.3333333333333333,121,78,8718.436666666666,0.28,0.6666666666666666,0.3333333333333333,0.0,0.0,0,0,0.0,0.0,0,0,0.0,1543.73,1,0,0.0,26155.31,3,1,0.3333333333333333,1
LGS2ORD0019072,C014728,2025-06-01 01:00:00,Male,34,Bronze,TV,Remote_Area,375,Lazada,Credit_Card,1,6,6,1,30-40,12.5,6.0,1.0,0.16666666666666666,69,1,9969.206666666667,0.18,0.5,0.0,0.0,1695.53,1,0,0.0,1695.53,1,0,0.0,21861.639999999996,4,1,0.25,59815.24,6,1,0.16666666666666666,0
LGS2ORD0019073,C017996,2025-06-01 01:00:00,Male,48,Gold,TV,Chonburi,1213,Web,Bank_Transfer,1,6,6,1,40-50,40.43333333333333,1.0,0.0,0.0,-1,96,7593.5,0.28,0.0,1.0,0.0,0.0,0,0,0.0,0.0,0,0,0.0,0.0,0,0,0.0,7593.5,1,0,0.0,0
LGS2ORD0019074,C011602,2025-06-01 01:00:00,Male,55,Silver,Shopee,Chonburi,897,Web,Credit_Card,1,6,6,1,>50,29.9,2.0,0.0,0.0,-1,110,2660.965,0.2,1.0,0.0,0.0,0.0,0,0,0.0,0.0,0,0,0.0,0.0,0,0,0.0,5321.93,2,0,0.0,1
LGS2ORD0019075,C014829,2025-06-01 01:00:00,Male,37,Silver,TV,Chonburi,878,Lazada,COD,1,6,6,1,30-40,29.266666666666666,3.0,0.0,0.0,-1,32,1121.4733333333334,0.3,0.3333333333333333,0.3333333333333333,0.0,0.0,0,0,0.0,0.0,0,0,0.0,3364.42,3,0,0.0,3364.42,3,0,0.0,0
LGS2ORD0019076,C011602,2025-06-01 01:00:00,Male,55,Silver,Shopee,Chonburi,897,Shopee,Credit_Card,1,6,6,1,>50,29.9,2.0,0.0,0.0,-1,110,2660.965,0.2,1.0,0.0,0.0,0.0,0,0,0.0,0.0,0,0,0.0,0.0,0,0,0.0,5321.93,2,0,0.0,0
LGS2ORD0019077,C013476,2025-06-01 02:00:00,Male,65,Silver,Web,Phuket,989,TV_Show,COD,2,6,6,1,>50,32.96666666666667,2.0,0.0,0.0,-1,24,1406.7849999999999,0.2,0.5,0.0,0.0,0.0,0,0,0.0,763.68,1,0,0.0,2813.5699999999997,2,0,0.0,2813.5699999999997,2,0,0.0,1
LGS2ORD0019078,C010488,2025-06-01 02:00:00,Female,51,Silver,Web,Songkhla,360,Shopee,COD,2,6,6,1,>50,12.0,4.0,1.0,0.25,94,24,12588.369999999999,0.2,0.5,0.0,0.0,0.0,0,0,0.0,25779.17,1,0,0.0,45876.06,3,0,0.0,50353.479999999996,4,1,0.25,1
LGS2ORD0019079,C017924,2025-06-01 02:00:00,Male,39,Gold,Shopee,Chiang Mai,281,Lazada,COD,2,6,6,1,30-40,9.366666666666667,3.0,1.0,0.3333333333333333,54,66,5713.443333333334,0.33,0.3333333333333333,0.6666666666666666,0.0,0.0,0,0,0.0,0.0,0,0,0.0,17140.33,3,1,0.3333333333333333,17140.33,3,1,0.3333333333333333,0
LGS2ORD0019080,C017701,2025-06-01 02:00:00,Male,42,Bronze,Web,Bangkok,1048,CallCenter,Bank_Transfer,2,6,6,1,40-50,34.93333333333333,3.0,1.0,0.3333333333333333,41,48,2460.83,0.13,0.6666666666666666,0.0,0.0,0.0,0,0,0.0,0.0,0,0,0.0,4533.15,2,1,0.5,7382.49,3,1,0.3333333333333333,0
LGS2ORD0019081,C010419,2025-06-01 02:00:00,Male,37,Bronze,CallCenter,Songkhla,1330,Web,COD,2,6,6,1,30-40,44.333333333333336,2.0,1.0,0.5,20,28,11654.835,0.13,0.0,0.0,0.0,0.0,0,0,0.0,3682.49,1,1,1.0,23309.67,2,1,0.5,23309.67,2,1,0.5,0
LGS2ORD0019082,C010419,2025-06-01 03:00:00,Male,37,Bronze,CallCenter,Songkhla,1330,Web,Bank_Transfer,3,6,6,1,30-40,44.333333333333336,3.0,1.0,0.3333333333333333,20,0,14028.443333333335,0.13,0.3333333333333333,0.0,0.0,18775.66,1,0,0.0,22458.15,2,1,0.5,42085.33,3,1,0.3333333333333333,42085.33,3,1,0.3333333333333333,1
LGS2ORD0019083,C017844,2025-06-01 03:00:00,Male,40,Silver,CallCenter,Chiang Mai,713,Lazada,Credit_Card,3,6,6,1,30-40,23.766666666666666,1.0,0.0,0.0,-1,23,5842.57,0.2,0.0,0.0,0.0,0.0,0,0,0.0,5842.57,1,0,0.0,5842.57,1,0,0.0,5842.57,1,0,0.0,0
LGS2ORD0019084,C012612,2025-06-01 03:00:00,Male,46,Bronze,Shopee,Bangkok,1205,Web,COD,3,6,6,1,40-50,40.166666666666664,3.0,1.0,0.3333333333333333,47,8,2083.9533333333334,0.28,0.6666666666666666,0.6666666666666666,0.0,0.0,0,0,0.0,774.74,1,0,0.0,6251.86,3,1,0.3333333333333333,6251.86,3,1,0.3333333333333333,0
LGS2ORD0019085,C013544,2025-06-01 03:00:00,Male,37,Bronze,Lazada,Bangkok,661,TV_Show,COD,3,6,6,1,30-40,22.033333333333335,3.0,0.0,0.0,-1,96,2900.89,0.13,0.6666666666666666,0.0,0.0,0.0,0,0,0.0,0.0,0,0,0.0,0.0,0,0,0.0,8702.67,3,0,0.0,1
LGS2ORD0019086,C010687,2025-06-01 03:00:00,Other,43,Silver,TV,Nakhon Ratchasima,1165,Web,COD,3,6,6,1,40-50,38.833333333333336,3.0,0.0,0.0,-1,119,6746.7266666666665,0.25,0.6666666666666666,0.3333333333333333,0.0,0.0,0,0,0.0,0.0,0,0,0.0,0.0,0,0,0.0,20240.18,3,0,0.0,0
LGS2ORD0019087,C016032,2025-06-01 04:00:00,Male,41,Bronze,CallCenter,Songkhla,705,TV_Show,Credit_Card,4,6,6,1,40-50,23.5,4.0,1.0,0.25,-5,0,6871.935,0.18,0.5,0.0,0.0,22354.420000000002,3,1,0.3333333333333333,22354.420000000002,3,1,0.3333333333333333,27487.74,4,1,0.25,27487.74,4,1,0.25,0
LGS2ORD0019088,C017250,2025-06-01 04:00:00,Male,52,Bronze,Web,Bangkok,1245,Shopee,Bank_Transfer,4,6,6,1,>50,41.5,2.0,0.0,0.0,-1,2,2152.87,0.23,1.0,0.5,0.0,2936.78,1,0,0.0,2936.78,1,0,0.0,2936.78,1,0,0.0,4305.74,2,0,0.0,0
LGS2ORD0019089,C016402,2025-06-01 04:00:00,Male,44,Silver,Shopee,Nakhon Ratchasima,1246,Shopee,COD,4,6,6,1,40-50,41.53333333333333,3.0,1.0,0.3333333333333333,41,55,2703.436666666667,0.25,0.6666666666666666,0.3333333333333333,0.0,0.0,0,0,0.0,0.0,0,0,0.0,4976.05,2,1,0.5,8110.31,3,1,0.3333333333333333,0
LGS2ORD0019090,C016587,2025-06-01 04:00:00,Male,47,Bronze,Shopee,Chiang Mai,668,Lazada,Credit_Card,4,6,6,1,40-50,22.266666666666666,4.0,1.0,0.25,20,31,3291.2825000000003,0.18,0.75,0.0,0.0,0.0,0,0,0.0,0.0,0,0,0.0,13165.130000000001,4,1,0.25,13165.130000000001,4,1,0.25,0
LGS2ORD0019091,C015305,2025-06-01 04:00:00,Female,49,Silver,CallCenter,Bangkok,1528,Shopee,Bank_Transfer,4,6,6,1,40-50,50.93333333333333,2.0,1.0,0.5,41,5,1408.9450000000002,0.15,0.5,0.0,0.0,617.63,1,0,0.0,617.63,1,0,0.0,2817.8900000000003,2,1,0.5,2817.8900000000003,2,1,0.5,0
LGS2ORD0019092,C017911,2025-06-01 05:00:00,Male,50,Bronze,Web,Chonburi,1355,TV_Show,Credit_Card,5,6,6,1,40-50,45.166666666666664,3.0,0.0,0.0,-1,80,3625.963333333333,0.13,0.3333333333333333,0.0,0.0,0.0,0,0,0.0,0.0,0,0,0.0,4071.1,1,0,0.0,10877.89,3,0,0.0,0
LGS2ORD0019093,C016946,2025-06-01 05:00:00,Male,54,Silver,TV,Phuket,325,TV_Show,COD,5,6,6,1,>50,10.833333333333334,4.0,2.0,0.5,101,4,4166.31,0.25,0.5,0.25,0.0,2333.8,1,0,0.0,2333.8,1,0,0.0,11566.48,2,0,0.0,16665.24,4,2,0.5,0
LGS2ORD0019094,C014921,2025-06-01 05:00:00,Male,21,Silver,CallCenter,Khon Kaen,1228,Shopee,COD,5,6,6,1,20-30,40.93333333333333,1.0,0.0,0.0,-1,91,5323.6,0.2,0.0,0.0,0.0,0.0,0,0,0.0,0.0,0,0,0.0,0.0,0,0,0.0,5323.6,1,0,0.0,0
LGS2ORD0019095,C012486,2025-06-01 05:00:00,Male,56,Platinum,Lazada,Bangkok,334,TV_Show,Credit_Card,5,6,6,1,>50,11.133333333333333,1.0,0.0,0.0,-1,145,2038.82,0.1,1.0,0.0,0.0,0.0,0,0,0.0,0.0,0,0,0.0,0.0,0,0,0.0,2038.82,1,0,0.0,0
LGS2ORD0019096,C014989,2025-06-01 05:00:00,Male,52,Gold,TV,Nakhon Ratchasima,947,Web,COD,5,6,6,1,>50,31.566666666666666,3.0,1.0,0.3333333333333333,54,69,2319.7666666666664,0.2299999999999999,0.6666666666666666,0.6666666666666666,0.0,0.0,0,0,0.0,0.0,0,0,0.0,688.9,1,1,1.0,6959.299999999999,3,1,0.3333333333333333,0
LGS2ORD0019097,C014593,2025-06-01 05:00:00,Male,38,Bronze,TV,Chiang Mai,1537,Lazada,COD,5,6,6,1,30-40,51.233333333333334,4.0,0.0,0.0,-1,12,7926.6675,0.28,0.5,0.25,0.0,0.0,0,0,0.0,3427.79,1,0,0.0,31512.660000000003,3,0,0.0,31706.67,4,0,0.0,0
LGS2ORD0019098,C014724,2025-06-01 06:00:00,Female,59,Silver,Shopee,Bangkok,705,Web,Credit_Card,6,6,6,1,>50,23.5,1.0,0.0,0.0,-1,13,8038.1,0.1,1.0,0.0,0.0,0.0,0,0,0.0,8038.1,1,0,0.0,8038.1,1,0,0.0,8038.1,1,0,0.0,0
LGS2ORD0019099,C015425,2025-06-01 06:00:00,Male,34,Gold,Web,Bangkok,364,TV_Show,Bank_Transfer,6,6,6,1,30-40,12.133333333333333,3.0,0.0,0.0,-1,25,3495.22,0.2299999999999999,0.3333333333333333,0.3333333333333333,0.0,0.0,0,0,0.0,1752.9,1,0,0.0,5798.99,2,0,0.0,10485.66,3,0,0.0,0
LGS2ORD0019100,C011746,2025-06-01 06:00:00,Other,27,Gold,Shopee,Bangkok,742,Lazada,PromptPay,6,6,6,1,20-30,24.733333333333334,4.0,0.0,0.0,-1,35,6828.932500000001,0.28,0.75,0.25,0.0,0.0,0,0,0.0,0.0,0,0,0.0,1357.22,1,0,0.0,27315.730000000003,4,0,0.0,0
LGS2ORD0019101,C010028,2025-06-01 06:00:00,Male,32,Bronze,TV,Phuket,861,Web,Credit_Card,6,6,6,1,30-40,28.7,4.0,3.0,0.75,33,38,5669.6325,0.28,0.75,0.75,0.0,0.0,0,0,0.0,0.0,0,0,0.0,20588.81,3,2,0.6666666666666666,22678.53,4,3,0.75,0
LGS2ORD0019102,C013715,2025-06-01 06:00:00,Female,41,Silver,Shopee,Bangkok,309,Web,PromptPay,6,6,6,1,40-50,10.3,3.0,1.0,0.3333333333333333,127,64,9296.31,0.2,1.0,0.0,0.0,0.0,0,0,0.0,0.0,0,0,0.0,1265.04,1,0,0.0,27888.93,3,1,0.3333333333333333,0
LGS2ORD0019103,C012354,2025-06-01 07:00:00,Female,49,Bronze,Lazada,Bangkok,184,CallCenter,Credit_Card,7,6,6,1,40-50,6.133333333333334,3.0,1.0,0.3333333333333333,-7,5,4321.013333333333,0.18,0.6666666666666666,0.0,0.0,2014.88,1,1,1.0,2014.88,1,1,1.0,9313.880000000001,2,1,0.5,12963.04,3,1,0.3333333333333333,1
LGS2ORD0019104,C011183,2025-06-01 07:00:00,Male,18,Platinum,TV,Nakhon Ratchasima,1430,TV_Show,COD,7,6,6,1,<20,47.666666666666664,2.0,0.0,0.0,-1,33,887.8149999999999,0.25,0.0,1.0,0.0,0.0,0,0,0.0,0.0,0,0,0.0,1775.6299999999999,2,0,0.0,1775.6299999999999,2,0,0.0,0
LGS2ORD0019105,C015749,2025-06-01 07:00:00,Female,36,Platinum,CallCenter,Bangkok,704,Lazada,Credit_Card,7,6,6,1,30-40,23.466666666666665,1.0,0.0,0.0,-1,148,1593.68,0.1,0.0,0.0,0.0,0.0,0,0,0.0,0.0,0,0,0.0,0.0,0,0,0.0,1593.68,1,0,0.0,0
LGS2ORD0019106,C016471,2025-06-01 07:00:00,Female,28,Gold,Web,Bangkok,700,TV_Show,COD,7,6,6,1,20-30,23.333333333333332,2.0,0.0,0.0,-1,60,8275.195,0.33,0.0,0.5,0.0,0.0,0,0,0.0,0.0,0,0,0.0,16550.39,2,0,0.0,16550.39,2,0,0.0,1
LGS2ORD0019107,C010117,2025-06-01 07:00:00,Female,24,Bronze,Shopee,Bangkok,1499,TV_Show,COD,7,6,6,1,20-30,49.96666666666667,1.0,0.0,0.0,-1,146,2368.64,0.03,1.0,0.0,0.0,0.0,0,0,0.0,0.0,0,0,0.0,0.0,0,0,0.0,2368.64,1,0,0.0,0
LGS2ORD0019108,C012481,2025-06-01 08:00:00,Female,49,Platinum,TV,Phuket,1201,TV_Show,Credit_Card,8,6,6,1,40-50,40.03333333333333,4.0,3.0,0.75,2,12,4484.07,0.35,0.75,1.0,0.0,0.0,0,0,0.0,2435.22,1,1,1.0,2435.22,1,1,1.0,17936.28,4,3,0.75,0
LGS2ORD0019109,C017239,2025-06-01 08:00:00,Female,40,Gold,TV,Nakhon Ratchasima,208,CallCenter,COD,8,6,6,1,30-40,6.933333333333334,2.0,0.0,0.0,-1,87,6432.495000000001,0.13,0.5,0.0,0.0,0.0,0,0,0.0,0.0,0,0,0.0,7206.72,1,0,0.0,12864.990000000002,2,0,0.0,1
LGS2ORD0019110,C010500,2025-06-01 08:00:00,Male,27,Silver,TV,Bangkok,204,Lazada,PromptPay,8,6,6,1,20-30,6.8,1.0,1.0,1.0,-2,5,1264.05,0.25,1.0,1.0,0.0,1264.05,1,1,1.0,1264.05,1,1,1.0,1264.05,1,1,1.0,1264.05,1,1,1.0,0
LGS2ORD0019111,C016920,2025-06-01 08:00:00,Male,55,Silver,Shopee,Chonburi,543,TV_Show,Credit_Card,8,6,6,1,>50,18.1,1.0,0.0,0.0,-1,10,1261.1,0.15,0.0,0.0,0.0,0.0,0,0,0.0,1261.1,1,0,0.0,1261.1,1,0,0.0,1261.1,1,0,0.0,0
LGS2ORD0019112,C011016,2025-06-01 08:00:00,Male,47,Bronze,CallCenter,Bangkok,1348,CallCenter,COD,8,6,6,1,40-50,44.93333333333333,1.0,0.0,0.0,-1,78,1940.97,0.03,1.0,0.0,0.0,0.0,0,0,0.0,0.0,0,0,0.0,1940.97,1,0,0.0,1940.97,1,0,0.0,1
LGS2ORD0019113,C011993,2025-06-01 08:00:00,Male,54,Silver,TV,Nakhon Ratchasima,1380,TV_Show,Bank_Transfer,8,6,6,1,>50,46.0,3.0,0.0,0.0,-1,36,1888.3199999999997,0.2,0.3333333333333333,0.0,0.0,0.0,0,0,0.0,0.0,0,0,0.0,3356.42,2,0,0.0,5664.959999999999,3,0,0.0,0
LGS2ORD0019114,C017933,2025-06-01 09:00:00,Male,49,Gold,Web,Chiang Mai,1349,TV_Show,COD,9,6,6,1,40-50,44.96666666666667,1.0,0.0,0.0,-1,52,4542.29,0.08,0.0,0.0,0.0,0.0,0,0,0.0,0.0,0,0,0.0,4542.29,1,0,0.0,4542.29,1,0,0.0,1
LGS2ORD0019115,C013452,2025-06-01 09:00:00,Male,43,Bronze,Web,Chiang Mai,1091,CallCenter,Credit_Card,9,6,6,1,40-50,36.36666666666667,3.0,0.0,0.0,-1,70,4123.666666666667,0.23,0.6666666666666666,0.3333333333333333,0.0,0.0,0,0,0.0,0.0,0,0,0.0,9433.01,2,0,0.0,12371.0,3,0,0.0,1
LGS2ORD0019116,C012598,2025-06-01 09:00:00,Female,50,Bronze,Lazada,Chonburi,1025,CallCenter,Credit_Card,9,6,6,1,40-50,34.166666666666664,2.0,1.0,0.5,13,22,2864.54,0.23,0.0,1.0,0.0,0.0,0,0,0.0,5729.08,2,1,0.5,5729.08,2,1,0.5,5729.08,2,1,0.5,1
LGS2ORD0019117,C012583,2025-06-01 09:00:00,Male,39,Bronze,CallCenter,Chiang Mai,1499,Web,Credit_Card,9,6,6,1,30-40,49.96666666666667,2.0,0.0,0.0,-1,47,29469.935,0.23,1.0,0.5,0.0,0.0,0,0,0.0,0.0,0,0,0.0,58939.87,2,0,0.0,58939.87,2,0,0.0,0
LGS2ORD0019118,C012426,2025-06-01 09:00:00,Female,53,Bronze,TV,Chonburi,296,CallCenter,COD,9,6,6,1,>50,9.866666666666667,3.0,2.0,0.6666666666666666,61,9,4082.7566666666667,0.18,0.3333333333333333,0.0,0.0,0.0,0,0,0.0,3709.41,1,0,0.0,12248.27,3,2,0.6666666666666666,12248.27,3,2,0.6666666666666666,0
LGS2ORD0019119,C012882,2025-06-01 10:00:00,Male,57,Silver,Shopee,Chiang Mai,188,TV_Show,Credit_Card,10,6,6,1,>50,6.266666666666667,2.0,0.0,0.0,-1,50,8690.41,0.3,0.0,0.5,0.0,0.0,0,0,0.0,0.0,0,0,0.0,17380.82,2,0,0.0,17380.82,2,0,0.0,0
LGS2ORD0019120,C013215,2025-06-01 10:00:00,Female,18,Silver,Shopee,Chonburi,1152,CallCenter,COD,10,6,6,1,<20,38.4,3.0,0.0,0.0,-1,43,3298.7566666666667,0.05,0.3333333333333333,0.0,0.0,0.0,0,0,0.0,0.0,0,0,0.0,8249.68,2,0,0.0,9896.27,3,0,0.0,0
LGS2ORD0019121,C013526,2025-06-01 10:00:00,Male,39,Gold,CallCenter,Bangkok,223,TV_Show,Credit_Card,10,6,6,1,30-40,7.433333333333334,3.0,2.0,0.6666666666666666,-12,4,1664.2433333333336,0.2299999999999999,0.6666666666666666,1.0,0.0,1482.72,1,1,1.0,1482.72,1,1,1.0,4992.7300000000005,3,2,0.6666666666666666,4992.7300000000005,3,2,0.6666666666666666,0
LGS2ORD0019122,C016782,2025-06-01 10:00:00,Female,28,Silver,Web,Nakhon Ratchasima,355,CallCenter,COD,10,6,6,1,20-30,11.833333333333334,1.0,1.0,1.0,-2,5,674.34,0.3,1.0,1.0,0.0,674.34,1,1,1.0,674.34,1,1,1.0,674.34,1,1,1.0,674.34,1,1,1.0,1
LGS2ORD0019123,C017841,2025-06-01 10:00:00,Female,72,Silver,TV,Phuket,421,Web,COD,10,6,6,1,>50,14.033333333333333,2.0,0.0,0.0,-1,69,2138.69,0.3,1.0,0.5,0.0,0.0,0,0,0.0,0.0,0,0,0.0,4277.38,2,0,0.0,4277.38,2,0,0.0,1
LGS2ORD0019124,C011186,2025-06-01 11:00:00,Female,36,Bronze,Shopee,Bangkok,675,Lazada,Bank_Transfer,11,6,6,1,30-40,22.5,2.0,0.0,0.0,-1,102,10376.725,0.03,0.0,0.0,0.0,0.0,0,0,0.0,0.0,0,0,0.0,0.0,0,0,0.0,20753.45,2,0,0.0,0
LGS2ORD0019125,C015627,2025-06-01 11:00:00,Female,35,Bronze,TV,Bangkok,785,TV_Show,COD,11,6,6,1,30-40,26.166666666666668,4.0,0.0,0.0,-1,48,4068.735,0.13,0.75,0.0,0.0,0.0,0,0,0.0,0.0,0,0,0.0,3433.34,2,0,0.0,16274.94,4,0,0.0,0
LGS2ORD0019126,C011320,2025-06-01 11:00:00,Male,47,Silver,Shopee,Chonburi,920,Shopee,COD,11,6,6,1,40-50,30.666666666666668,3.0,0.0,0.0,-1,21,4293.876666666666,0.3,0.6666666666666666,0.3333333333333333,0.0,0.0,0,0,0.0,1750.75,2,0,0.0,1750.75,2,0,0.0,12881.63,3,0,0.0,0
LGS2ORD0019127,C010744,2025-06-01 11:00:00,Female,56,Silver,Web,Khon Kaen,365,TV_Show,Bank_Transfer,11,6,6,1,>50,12.166666666666666,2.0,0.0,0.0,-1,41,5747.45,0.05,0.5,0.0,0.0,0.0,0,0,0.0,0.0,0,0,0.0,11494.9,2,0,0.0,11494.9,2,0,0.0,0
LGS2ORD0019128,C010499,2025-06-01 11:00:00,Female,47,Bronze,CallCenter,Phuket,794,Lazada,COD,11,6,6,1,40-50,26.466666666666665,3.0,2.0,0.6666666666666666,5,20,5955.96,0.23,0.6666666666666666,0.3333333333333333,0.0,0.0,0,0,0.0,3523.69,1,1,1.0,15920.380000000001,2,1,0.5,17867.88,3,2,0.6666666666666666,1
LGS2ORD0019129,C017868,2025-06-01 12:00:00,Female,35,Silver,Web,Bangkok,686,Shopee,COD,12,6,6,1,30-40,22.866666666666667,2.0,1.0,0.5,-2,4,12004.875,0.25,1.0,0.5,0.0,21735.51,1,1,1.0,21735.51,1,1,1.0,21735.51,1,1,1.0,24009.75,2,1,0.5,1
LGS2ORD0019130,C017655,2025-06-01 12:00:00,Male,49,Platinum,Lazada,Chonburi,196,TV_Show,Credit_Card,12,6,6,1,40-50,6.533333333333333,2.0,0.0,0.0,-1,47,3184.455,0.3,0.5,1.0,0.0,0.0,0,0,0.0,0.0,0,0,0.0,6368.91,2,0,0.0,6368.91,2,0,0.0,0
LGS2ORD0019131,C013725,2025-06-01 12:00:00,Other,31,Silver,TV,Phuket,1253,CallCenter,COD,12,6,6,1,30-40,41.766666666666666,1.0,0.0,0.0,-1,40,3791.71,0.1,1.0,0.0,0.0,0.0,0,0,0.0,0.0,0,0,0.0,3791.71,1,0,0.0,3791.71,1,0,0.0,0
LGS2ORD0019132,C015575,2025-06-01 12:00:00,Female,58,Silver,TV,Bangkok,1451,TV_Show,COD,12,6,6,1,>50,48.36666666666667,3.0,2.0,0.6666666666666666,96,112,4780.049999999999,0.25,0.6666666666666666,0.3333333333333333,0.0,0.0,0,0,0.0,0.0,0,0,0.0,0.0,0,0,0.0,14340.149999999998,3,2,0.6666666666666666,0
LGS2ORD0019133,C016378,2025-06-01 12:00:00,Male,35,Bronze,TV,Phuket,1412,TV_Show,COD,12,6,6,1,30-40,47.06666666666667,4.0,2.0,0.5,107,48,3016.7075,0.18,0.5,0.0,0.0,0.0,0,0,0.0,0.0,0,0,0.0,6653.63,1,0,0.0,12066.83,4,2,0.5,0
LGS2ORD0019134,C014503,2025-06-01 12:00:00,Male,44,Gold,Shopee,Khon Kaen,767,Shopee,COD,12,6,6,1,40-50,25.566666666666666,4.0,0.0,0.0,-1,27,12083.5575,0.28,0.25,0.25,0.0,0.0,0,0,0.0,1009.24,1,0,0.0,10935.26,2,0,0.0,48334.23,4,0,0.0,0
LGS2ORD0019135,C015330,2025-06-01 13:00:00,Female,38,Silver,Lazada,Songkhla,776,Web,COD,13,6,6,1,30-40,25.866666666666667,1.0,0.0,0.0,-1,84,1748.78,0.05,0.0,0.0,0.0,0.0,0,0,0.0,0.0,0,0,0.0,1748.78,1,0,0.0,1748.78,1,0,0.0,0
LGS2ORD0019136,C017810,2025-06-01 13:00:00,Female,72,Silver,Lazada,Bangkok,1280,Shopee,COD,13,6,6,1,>50,42.666666666666664,2.0,0.0,0.0,-1,17,2522.475,0.2,0.5,0.0,0.0,0.0,0,0,0.0,5044.95,2,0,0.0,5044.95,2,0,0.0,5044.95,2,0,0.0,0
LGS2ORD0019137,C016535,2025-06-01 13:00:00,Male,51,Bronze,Web,Khon Kaen,1474,Shopee,Bank_Transfer,13,6,6,1,>50,49.13333333333333,3.0,1.0,0.3333333333333333,122,24,5738.87,0.28,0.6666666666666666,0.3333333333333333,0.0,0.0,0,0,0.0,4849.49,1,0,0.0,8133.18,2,0,0.0,17216.61,3,1,0.3333333333333333,0
LGS2ORD0019138,C017431,2025-06-01 13:00:00,Female,42,Silver,TV,Khon Kaen,1245,CallCenter,COD,13,6,6,1,40-50,41.5,5.0,0.0,0.0,-1,3,2977.504,0.3,0.2,0.4,0.0,4552.21,1,0,0.0,4552.21,1,0,0.0,12350.0,3,0,0.0,14887.52,5,0,0.0,0
LGS2ORD0019139,C016927,2025-06-01 13:00:00,Male,39,Bronze,TV,Chonburi,237,Web,COD,13,6,6,1,30-40,7.9,4.0,2.0,0.5,-6,2,2412.9275000000002,0.08,0.5,0.0,0.0,1142.35,1,1,1.0,8610.12,3,2,0.6666666666666666,9651.710000000001,4,2,0.5,9651.710000000001,4,2,0.5,1
LGS2ORD0019140,C011114,2025-06-01 14:00:00,Male,30,Gold,Shopee,Bangkok,909,Shopee,COD,14,6,6,1,20-30,30.3,2.0,2.0,1.0,10,23,1044.45,0.2299999999999999,0.5,0.5,0.0,0.0,0,0,0.0,1525.07,1,1,1.0,1525.07,1,1,1.0,2088.9,2,2,1.0,0
LGS2ORD0019141,C010663,2025-06-01 14:00:00,Male,32,Bronze,TV,Songkhla,1148,TV_Show,COD,14,6,6,1,30-40,38.266666666666666,8.0,1.0,0.125,26,8,3473.7524999999996,0.28,0.375,0.5,0.0,0.0,0,0,0.0,1945.83,1,0,0.0,19939.940000000002,5,1,0.2,27790.019999999997,8,1,0.125,1
LGS2ORD0019142,C011814,2025-06-01 14:00:00,Female,44,Gold,Web,Chonburi,1133,Lazada,COD,14,6,6,1,40-50,37.766666666666666,2.0,0.0,0.0,-1,89,2974.535,0.33,0.5,1.0,0.0,0.0,0,0,0.0,0.0,0,0,0.0,4426.25,1,0,0.0,5949.07,2,0,0.0,0
LGS2ORD0019143,C017341,2025-06-01 14:00:00,Female,19,Gold,Lazada,Chonburi,544,Web,COD,14,6,6,1,<20,18.133333333333333,3.0,0.0,0.0,-1,4,9876.66,0.28,0.3333333333333333,0.3333333333333333,0.0,25567.01,1,0,0.0,27950.98,2,0,0.0,27950.98,2,0,0.0,29629.98,3,0,0.0,0
LGS2ORD0019144,C010158,2025-06-01 14:00:00,Male,31,Silver,Web,Remote_Area,1505,Shopee,Credit_Card,14,6,6,1,30-40,50.166666666666664,2.0,1.0,0.5,64,32,5111.61,0.1,1.0,0.0,0.0,0.0,0,0,0.0,0.0,0,0,0.0,10223.22,2,1,0.5,10223.22,2,1,0.5,0
LGS2ORD0019145,C015034,2025-06-01 15:00:00,Female,31,Bronze,Shopee,Bangkok,1495,Lazada,COD,15,6,6,1,30-40,49.833333333333336,1.0,0.0,0.0,-1,111,5865.84,0.23,0.0,1.0,0.0,0.0,0,0,0.0,0.0,0,0,0.0,0.0,0,0,0.0,5865.84,1,0,0.0,0
LGS2ORD0019146,C017236,2025-06-01 15:00:00,Male,51,Bronze,CallCenter,Chonburi,281,CallCenter,COD,15,6,6,1,>50,9.366666666666667,1.0,1.0,1.0,108,114,3603.61,0.28,1.0,1.0,0.0,0.0,0,0,0.0,0.0,0,0,0.0,0.0,0,0,0.0,3603.61,1,1,1.0,0
LGS2ORD0019147,C014857,2025-06-01 15:00:00,Female,69,Bronze,TV,Nakhon Ratchasima,1144,TV_Show,Bank_Transfer,15,6,6,1,>50,38.13333333333333,3.0,1.0,0.3333333333333333,118,83,2458.2366666666667,0.18,0.3333333333333333,0.0,0.0,0.0,0,0,0.0,0.0,0,0,0.0,1346.5,1,0,0.0,7374.71,3,1,0.3333333333333333,0
LGS2ORD0019148,C014068,2025-06-01 15:00:00,Female,33,Silver,TV,Bangkok,257,TV_Show,COD,15,6,6,1,30-40,8.566666666666666,4.0,1.0,0.25,109,2,16001.6575,0.15,0.25,0.0,0.0,13943.07,1,0,0.0,54004.88,3,0,0.0,54004.88,3,0,0.0,64006.63,4,1,0.25,0
LGS2ORD0019149,C017527,2025-06-01 15:00:00,Male,41,Bronze,Web,Khon Kaen,441,Web,Credit_Card,15,6,6,1,40-50,14.7,0.0,0.0,0.0,-1,-1,0.0,0.0,0.0,0.0,0.0,0.0,0,0,0.0,0.0,0,0,0.0,0.0,0,0,0.0,0.0,0,0,0.0,0
LGS2ORD0019150,C017277,2025-06-01 16:00:00,Female,59,Bronze,Web,Khon Kaen,363,Shopee,Bank_Transfer,16,6,6,1,>50,12.1,4.0,0.0,0.0,-1,48,2515.7925,0.28,0.25,0.25,0.0,0.0,0,0,0.0,0.0,0,0,0.0,2070.59,2,0,0.0,10063.17,4,0,0.0,0
LGS2ORD0019151,C016406,2025-06-01 16:00:00,Female,29,Gold,TV,Bangkok,1124,Lazada,Credit_Card,16,6,6,1,20-30,37.46666666666667,2.0,1.0,0.5,71,55,1568.495,0.2299999999999999,0.0,1.0,0.0,0.0,0,0,0.0,0.0,0,0,0.0,3136.99,2,1,0.5,3136.99,2,1,0.5,0
LGS2ORD0019152,C011006,2025-06-01 16:00:00,Female,30,Bronze,Shopee,Remote_Area,1015,CallCenter,Credit_Card,16,6,6,1,20-30,33.833333333333336,1.0,1.0,1.0,56,71,8673.09,0.23,1.0,1.0,0.0,0.0,0,0,0.0,0.0,0,0,0.0,8673.09,1,1,1.0,8673.09,1,1,1.0,0
LGS2ORD0019153,C013112,2025-06-01 16:00:00,Male,29,Silver,Lazada,Khon Kaen,220,CallCenter,COD,16,6,6,1,20-30,7.333333333333333,1.0,0.0,0.0,-1,15,987.22,0.05,1.0,0.0,0.0,0.0,0,0,0.0,987.22,1,0,0.0,987.22,1,0,0.0,987.22,1,0,0.0,0
LGS2ORD0019154,C015469,2025-06-01 16:00:00,Female,44,Gold,Lazada,Chonburi,1241,Lazada,PromptPay,16,6,6,1,40-50,41.36666666666667,0.0,0.0,0.0,-1,-1,0.0,0.0,0.0,0.0,0.0,0.0,0,0,0.0,0.0,0,0,0.0,0.0,0,0,0.0,0.0,0,0,0.0,0
LGS2ORD0019155,C010157,2025-06-01 16:00:00,Female,47,Silver,Lazada,Khon Kaen,918,TV_Show,Credit_Card,16,6,6,1,40-50,30.6,2.0,0.0,0.0,-1,49,4234.610000000001,0.3,0.0,0.5,0.0,0.0,0,0,0.0,0.0,0,0,0.0,4589.02,1,0,0.0,8469.220000000001,2,0,0.0,0
LGS2ORD0019156,C014340,2025-06-01 17:00:00,Female,37,Bronze,TV,Chiang Mai,1491,CallCenter,COD,17,6,6,1,30-40,49.7,3.0,0.0,0.0,-1,29,7762.069999999999,0.18,0.3333333333333333,0.0,0.0,0.0,0,0,0.0,816.44,1,0,0.0,23286.209999999995,3,0,0.0,23286.209999999995,3,0,0.0,1
LGS2ORD0019157,C012445,2025-06-01 17:00:00,Male,42,Bronze,CallCenter,Chonburi,293,Web,Credit_Card,17,6,6,1,40-50,9.766666666666667,0.0,0.0,0.0,-1,-1,0.0,0.0,0.0,0.0,0.0,0.0,0,0,0.0,0.0,0,0,0.0,0.0,0,0,0.0,0.0,0,0,0.0,1
LGS2ORD0019158,C015472,2025-06-01 17:00:00,Female,63,Bronze,Web,Nakhon Ratchasima,197,Lazada,Credit_Card,17,6,6,1,>50,6.566666666666666,3.0,0.0,0.0,-1,15,14110.083333333334,0.13,0.6666666666666666,0.0,0.0,0.0,0,0,0.0,22108.72,2,0,0.0,22108.72,2,0,0.0,42330.25,3,0,0.0,1
LGS2ORD0019159,C015276,2025-06-01 17:00:00,Female,51,Silver,Web,Songkhla,483,Lazada,Credit_Card,17,6,6,1,>50,16.1,2.0,1.0,0.5,38,50,10793.689999999999,0.15,0.5,0.0,0.0,0.0,0,0,0.0,0.0,0,0,0.0,13495.64,1,1,1.0,21587.379999999997,2,1,0.5,0
LGS2ORD0019160,C014385,2025-06-01 17:00:00,Male,60,Silver,CallCenter,Khon Kaen,360,Web,COD,17,6,6,1,>50,12.0,0.0,0.0,0.0,-1,-1,0.0,0.0,0.0,0.0,0.0,0.0,0,0,0.0,0.0,0,0,0.0,0.0,0,0,0.0,0.0,0,0,0.0,0
LGS2ORD0019161,C011880,2025-06-01 18:00:00,Male,29,Silver,TV,Chiang Mai,733,Lazada,COD,18,6,6,1,20-30,24.433333333333334,6.0,0.0,0.0,-1,12,11361.003333333334,0.3,0.6666666666666666,0.8333333333333334,0.0,0.0,0,0,0.0,9480.04,1,0,0.0,50135.47,3,0,0.0,68166.02,6,0,0.0,1
LGS2ORD0019162,C012211,2025-06-01 18:00:00,Female,37,Platinum,CallCenter,Phuket,1204,Lazada,PromptPay,18,6,6,1,30-40,40.13333333333333,2.0,0.0,0.0,-1,61,5170.17,0.15,0.5,0.0,0.0,0.0,0,0,0.0,0.0,0,0,0.0,9590.84,1,0,0.0,10340.34,2,0,0.0,0
LGS2ORD0019163,C013435,2025-06-01 18:00:00,Other,35,Bronze,Shopee,Phuket,1068,CallCenter,COD,18,6,6,1,30-40,35.6,1.0,1.0,1.0,128,134,23002.54,0.03,0.0,0.0,0.0,0.0,0,0,0.0,0.0,0,0,0.0,0.0,0,0,0.0,23002.54,1,1,1.0,0
LGS2ORD0019164,C016381,2025-06-01 18:00:00,Male,26,Silver,Web,Songkhla,888,Web,Credit_Card,18,6,6,1,20-30,29.6,3.0,1.0,0.3333333333333333,112,1,2501.8033333333333,0.25,0.0,0.6666666666666666,0.0,2824.68,1,0,0.0,6847.11,2,0,0.0,6847.11,2,0,0.0,7505.41,3,1,0.3333333333333333,0
LGS2ORD0019165,C012733,2025-06-01 18:00:00,Female,35,Gold,CallCenter,Bangkok,1518,Shopee,COD,18,6,6,1,30-40,50.6,0.0,0.0,0.0,-1,-1,0.0,0.0,0.0,0.0,0.0,0.0,0,0,0.0,0.0,0,0,0.0,0.0,0,0,0.0,0.0,0,0,0.0,0
LGS2ORD0019166,C015229,2025-06-01 19:00:00,Female,28,Bronze,Shopee,Bangkok,1468,Web,Credit_Card,19,6,6,1,20-30,48.93333333333333,5.0,1.0,0.2,71,54,3766.2840000000006,0.28,0.8,0.4,0.0,0.0,0,0,0.0,0.0,0,0,0.0,5989.289999999999,3,1,0.3333333333333333,18831.420000000002,5,1,0.2,0
LGS2ORD0019167,C015179,2025-06-01 19:00:00,Male,41,Platinum,Lazada,Khon Kaen,1143,TV_Show,Credit_Card,19,6,6,1,40-50,38.1,1.0,0.0,0.0,-1,102,1630.61,0.15,0.0,0.0,0.0,0.0,0,0,0.0,0.0,0,0,0.0,0.0,0,0,0.0,1630.61,1,0,0.0,1
LGS2ORD0019168,C014179,2025-06-01 19:00:00,Male,18,Silver,Lazada,Songkhla,462,Shopee,COD,19,6,6,1,<20,15.4,6.0,1.0,0.16666666666666666,47,25,11094.12,0.2,0.3333333333333333,0.0,0.0,0.0,0,0,0.0,3363.89,1,0,0.0,22703.559999999998,2,1,0.5,66564.72,6,1,0.16666666666666666,0
LGS2ORD0019169,C017833,2025-06-01 19:00:00,Female,37,Gold,Lazada,Bangkok,660,TV_Show,COD,19,6,6,1,30-40,22.0,2.0,0.0,0.0,-1,21,11022.24,0.28,0.5,0.5,0.0,0.0,0,0,0.0,21720.98,1,0,0.0,21720.98,1,0,0.0,22044.48,2,0,0.0,0
LGS2ORD0019170,C014412,2025-06-01 19:00:00,Other,48,Gold,TV,Bangkok,847,Lazada,COD,19,6,6,1,40-50,28.233333333333334,1.0,0.0,0.0,-1,85,1334.58,0.18,1.0,0.0,0.0,0.0,0,0,0.0,0.0,0,0,0.0,1334.58,1,0,0.0,1334.58,1,0,0.0,0
LGS2ORD0019171,C011238,2025-06-01 20:00:00,Male,45,Bronze,TV,Songkhla,426,Web,COD,20,6,6,1,40-50,14.2,1.0,1.0,1.0,122,130,5723.69,0.23,0.0,1.0,0.0,0.0,0,0,0.0,0.0,0,0,0.0,0.0,0,0,0.0,5723.69,1,1,1.0,0
LGS2ORD0019172,C017064,2025-06-01 20:00:00,Male,46,Silver,Shopee,Songkhla,756,Shopee,Credit_Card,20,6,6,1,40-50,25.2,3.0,1.0,0.3333333333333333,50,50,1293.81,0.25,0.6666666666666666,0.3333333333333333,0.0,0.0,0,0,0.0,0.0,0,0,0.0,3881.43,3,1,0.3333333333333333,3881.43,3,1,0.3333333333333333,0
LGS2ORD0019173,C016720,2025-06-01 20:00:00,Male,57,Bronze,Lazada,Songkhla,417,Web,COD,20,6,6,1,>50,13.9,5.0,1.0,0.2,19,13,6815.394,0.23,0.2,0.4,0.0,0.0,0,0,0.0,17504.65,1,0,0.0,28393.07,2,1,0.5,34076.97,5,1,0.2,1
LGS2ORD0019174,C015666,2025-06-01 20:00:00,Female,37,Gold,Shopee,Bangkok,638,Shopee,PromptPay,20,6,6,1,30-40,21.266666666666666,1.0,1.0,1.0,53,64,3384.53,0.18,0.0,0.0,0.0,0.0,0,0,0.0,0.0,0,0,0.0,3384.53,1,1,1.0,3384.53,1,1,1.0,0
LGS2ORD0019175,C015412,2025-06-01 20:00:00,Male,39,Silver,Shopee,Nakhon Ratchasima,626,TV_Show,Credit_Card,20,6,6,1,30-40,20.866666666666667,5.0,2.0,0.4,-6,5,3394.05,0.25,0.6,0.2,0.0,2135.3,1,1,1.0,3582.8500000000004,2,1,0.5,3582.8500000000004,2,1,0.5,16970.25,5,2,0.4,0
LGS2ORD0019176,C016927,2025-06-01 20:00:00,Male,39,Bronze,TV,Chonburi,237,Web,COD,20,6,6,1,30-40,7.9,5.0,3.0,0.6,-10,0,3239.254,0.18,0.6,0.0,0.0,7686.91,2,2,1.0,15154.68,4,3,0.75,16196.27,5,3,0.6,16196.27,5,3,0.6,0
LGS2ORD0019177,C015242,2025-06-01 21:00:00,Female,38,Gold,Shopee,Phuket,181,Lazada,Credit_Card,21,6,6,1,30-40,6.033333333333333,0.0,0.0,0.0,-1,-1,0.0,0.0,0.0,0.0,0.0,0.0,0,0,0.0,0.0,0,0,0.0,0.0,0,0,0.0,0.0,0,0,0.0,0
LGS2ORD0019178,C012452,2025-06-01 21:00:00,Female,38,Bronze,TV,Bangkok,1365,CallCenter,COD,21,6,6,1,30-40,45.5,5.0,0.0,0.0,-1,6,2778.252,0.23,0.6,0.2,0.0,2632.91,1,0,0.0,6667.1,2,0,0.0,13891.26,5,0,0.0,13891.26,5,0,0.0,0
LGS2ORD0019179,C010075,2025-06-01 21:00:00,Female,37,Bronze,TV,Bangkok,873,Shopee,COD,21,6,6,1,30-40,29.1,6.0,1.0,0.16666666666666666,75,24,5499.77,0.18,0.8333333333333334,0.0,0.0,0.0,0,0,0.0,1126.75,1,0,0.0,24848.2,3,1,0.3333333333333333,32998.62,6,1,0.16666666666666666,0
LGS2ORD0019180,C010711,2025-06-01 21:00:00,Female,53,Silver,Web,Nakhon Ratchasima,1160,TV_Show,COD,21,6,6,1,>50,38.666666666666664,1.0,0.0,0.0,-1,66,20137.86,0.15,0.0,0.0,0.0,0.0,0,0,0.0,0.0,0,0,0.0,20137.86,1,0,0.0,20137.86,1,0,0.0,1
LGS2ORD0019181,C011279,2025-06-01 21:00:00,Male,43,Silver,TV,Bangkok,597,Shopee,PromptPay,21,6,6,1,40-50,19.9,2.0,1.0,0.5,37,51,2876.66,0.05,1.0,0.0,0.0,0.0,0,0,0.0,0.0,0,0,0.0,5753.32,2,1,0.5,5753.32,2,1,0.5,0
LGS2ORD0019182,C016920,2025-06-01 22:00:00,Male,55,Silver,Shopee,Chonburi,543,Web,Credit_Card,22,6,6,1,>50,18.1,2.0,0.0,0.0,-1,0,2328.145,0.25,0.0,0.5,0.0,3395.19,1,0,0.0,4656.29,2,0,0.0,4656.29,2,0,0.0,4656.29,2,0,0.0,0
LGS2ORD0019183,C015858,2025-06-01 22:00:00,Female,41,Gold,Web,Bangkok,1263,Lazada,PromptPay,22,6,6,1,40-50,42.1,2.0,1.0,0.5,113,120,4421.57,0.2299999999999999,0.5,0.5,0.0,0.0,0,0,0.0,0.0,0,0,0.0,0.0,0,0,0.0,8843.14,2,1,0.5,0
LGS2ORD0019184,C010316,2025-06-01 22:00:00,Female,46,Bronze,TV,Bangkok,547,Web,COD,22,6,6,1,40-50,18.233333333333334,2.0,0.0,0.0,-1,26,5239.25,0.18,0.5,0.0,0.0,0.0,0,0,0.0,7781.76,1,0,0.0,7781.76,1,0,0.0,10478.5,2,0,0.0,0
LGS2ORD0019185,C017290,2025-06-01 22:00:00,Female,51,Bronze,Web,Bangkok,315,TV_Show,PromptPay,22,6,6,1,>50,10.5,4.0,1.0,0.25,28,35,2489.7125,0.23,0.5,0.25,0.0,0.0,0,0,0.0,0.0,0,0,0.0,7539.24,2,1,0.5,9958.85,4,1,0.25,0
LGS2ORD0019186,C011185,2025-06-01 22:00:00,Male,31,Gold,Shopee,Chiang Mai,1196,TV_Show,Credit_Card,22,6,6,1,30-40,39.86666666666667,3.0,1.0,0.3333333333333333,52,49,2069.25,0.13,1.0,0.0,0.0,0.0,0,0,0.0,0.0,0,0,0.0,6207.75,3,1,0.3333333333333333,6207.75,3,1,0.3333333333333333,0
LGS2ORD0019187,C013362,2025-06-01 23:00:00,Female,33,Platinum,Web,Chiang Mai,1211,Shopee,Bank_Transfer,23,6,6,1,30-40,40.36666666666667,4.0,1.0,0.25,95,36,1364.2425,0.3,0.5,0.5,0.0,0.0,0,0,0.0,0.0,0,0,0.0,3494.05,1,0,0.0,5456.97,4,1,0.25,0
LGS2ORD0019188,C014059,2025-06-01 23:00:00,Male,31,Silver,Web,Bangkok,347,Lazada,COD,23,6,6,1,30-40,11.566666666666666,3.0,1.0,0.3333333333333333,41,22,8446.56,0.25,0.6666666666666666,0.6666666666666666,0.0,0.0,0,0,0.0,3082.8,1,0,0.0,25339.679999999997,3,1,0.3333333333333333,25339.679999999997,3,1,0.3333333333333333,1
LGS2ORD0019189,C010287,2025-06-01 23:00:00,Male,51,Gold,Shopee,Bangkok,305,Shopee,PromptPay,23,6,6,1,>50,10.166666666666666,2.0,0.0,0.0,-1,103,1979.895,0.33,0.5,1.0,0.0,0.0,0,0,0.0,0.0,0,0,0.0,0.0,0,0,0.0,3959.79,2,0,0.0,0
LGS2ORD0019190,C012373,2025-06-01 23:00:00,Female,55,Bronze,TV,Chonburi,1197,Web,COD,23,6,6,1,>50,39.9,3.0,0.0,0.0,-1,20,8044.786666666667,0.23,0.3333333333333333,0.6666666666666666,0.0,0.0,0,0,0.0,12502.98,1,0,0.0,16480.62,2,0,0.0,24134.36,3,0,0.0,0
LGS2ORD0019191,C014846,2025-06-01 23:00:00,Female,37,Gold,Web,Chiang Mai,164,Lazada,COD,23,6,6,1,30-40,5.466666666666667,1.0,0.0,0.0,-1,20,1663.91,0.28,0.0,1.0,0.0,0.0,0,0,0.0,1663.91,1,0,0.0,1663.91,1,0,0.0,1663.91,1,0,0.0,1
LGS2ORD0019192,C016006,2025-06-02 00:00:00,Female,35,Bronze,Lazada,Songkhla,1532,Web,COD,0,6,0,0,30-40,51.06666666666667,1.0,0.0,0.0,-1,35,881.33,0.03,0.0,0.0,0.0,0.0,0,0,0.0,0.0,0,0,0.0,881.33,1,0,0.0,881.33,1,0,0.0,1
LGS2ORD0019193,C011077,2025-06-02 00:00:00,Female,71,Bronze,Shopee,Chonburi,1098,Lazada,COD,0,6,0,0,>50,36.6,4.0,0.0,0.0,-1,30,1816.4325000000001,0.18,0.75,0.0,0.0,0.0,0,0,0.0,1885.87,1,0,0.0,2799.31,2,0,0.0,7265.7300000000005,4,0,0.0,0
LGS2ORD0019194,C010669,2025-06-02 00:00:00,Female,28,Bronze,Lazada,Chonburi,1125,TV_Show,COD,0,6,0,0,20-30,37.5,1.0,1.0,1.0,132,145,5178.17,0.03,1.0,0.0,0.0,0.0,0,0,0.0,0.0,0,0,0.0,0.0,0,0,0.0,5178.17,1,1,1.0,1
LGS2ORD0019195,C014418,2025-06-02 00:00:00,Female,26,Gold,Lazada,Nakhon Ratchasima,506,Shopee,Credit_Card,0,6,0,0,20-30,16.866666666666667,1.0,0.0,0.0,-1,114,1191.51,0.13,0.0,0.0,0.0,0.0,0,0,0.0,0.0,0,0,0.0,0.0,0,0,0.0,1191.51,1,0,0.0,0
LGS2ORD0019196,C013025,2025-06-02 00:00:00,Female,55,Bronze,TV,Khon Kaen,681,Shopee,Credit_Card,0,6,0,0,>50,22.7,0.0,0.0,0.0,-1,-1,0.0,0.0,0.0,0.0,0.0,0.0,0,0,0.0,0.0,0,0,0.0,0.0,0,0,0.0,0.0,0,0,0.0,0
LGS2ORD0019197,C014312,2025-06-02 00:00:00,Female,41,Silver,CallCenter,Bangkok,196,Web,COD,0,6,0,0,40-50,6.533333333333333,5.0,1.0,0.2,132,48,4077.578,0.3,0.2,0.4,0.0,0.0,0,0,0.0,0.0,0,0,0.0,6504.0599999999995,3,0,0.0,20387.89,5,1,0.2,0
LGS2ORD0019198,C010163,2025-06-02 01:00:00,Female,26,Platinum,TV,Phuket,826,Shopee,COD,1,6,0,0,20-30,27.533333333333335,1.0,0.0,0.0,-1,32,19074.8,0.15,1.0,0.0,0.0,0.0,0,0,0.0,0.0,0,0,0.0,19074.8,1,0,0.0,19074.8,1,0,0.0,0
LGS2ORD0019199,C011880,2025-06-02 01:00:00,Male,29,Silver,TV,Chiang Mai,734,Web,COD,1,6,0,0,20-30,24.466666666666665,7.0,1.0,0.14285714285714285,-8,0,10005.278571428571,0.3,0.7142857142857143,0.8571428571428571,0.0,1870.93,1,1,1.0,11350.970000000001,2,1,0.5,52006.4,4,1,0.25,70036.95,7,1,0.14285714285714285,0
LGS2ORD0019200,C014719,2025-06-02 01:00:00,Female,56,Bronze,Shopee,Chonburi,902,Lazada,Bank_Transfer,1,6,0,0,>50,30.066666666666666,5.0,1.0,0.2,138,27,3099.0640000000003,0.18,0.6,0.0,0.0,0.0,0,0,0.0,1635.8,1,0,0.0,11655.36,3,0,0.0,15495.320000000002,5,1,0.2,0
LGS2ORD0019201,C010579,2025-06-02 01:00:00,Male,42,Bronze,TV,Bangkok,361,Shopee,COD,1,6,0,0,40-50,12.033333333333333,3.0,2.0,0.6666666666666666,96,64,9220.143333333333,0.28,0.3333333333333333,0.6666666666666666,0.0,0.0,0,0,0.0,0.0,0,0,0.0,2817.99,1,0,0.0,27660.43,3,2,0.6666666666666666,0
LGS2ORD0019202,C015716,2025-06-02 01:00:00,Male,27,Bronze,Lazada,Chiang Mai,761,TV_Show,Credit_Card,1,6,0,0,20-30,25.366666666666667,2.0,1.0,0.5,105,88,2166.855,0.23,0.5,0.5,0.0,0.0,0,0,0.0,0.0,0,0,0.0,3331.11,1,0,0.0,4333.71,2,1,0.5,0
LGS2ORD0019203,C012859,2025-06-02 02:00:00,Male,72,Bronze,Web,Nakhon Ratchasima,1131,Lazada,COD,2,6,0,0,>50,37.7,6.0,0.0,0.0,-1,18,4104.8133333333335,0.18,0.5,0.0,0.0,0.0,0,0,0.0,1436.56,1,0,0.0,3739.28,3,0,0.0,24628.88,6,0,0.0,1
LGS2ORD0019204,C015509,2025-06-02 02:00:00,Female,52,Gold,Shopee,Phuket,808,CallCenter,Bank_Transfer,2,6,0,0,>50,26.933333333333334,3.0,1.0,0.3333333333333333,18,7,1157.25,0.33,0.0,1.0,0.0,0.0,0,0,0.0,2097.5,2,1,0.5,2097.5,2,1,0.5,3471.75,3,1,0.3333333333333333,0
LGS2ORD0019205,C014131,2025-06-02 02:00:00,Female,51,Silver,Shopee,Bangkok,1387,Web,COD,2,6,0,0,>50,46.233333333333334,4.0,1.0,0.25,64,35,2788.75,0.3,0.25,0.75,0.0,0.0,0,0,0.0,0.0,0,0,0.0,11155.0,4,1,0.25,11155.0,4,1,0.25,1
LGS2ORD0019206,C013073,2025-06-02 02:00:00,Female,31,Bronze,TV,Khon Kaen,861,Web,COD,2,6,0,0,30-40,28.7,1.0,0.0,0.0,-1,11,2770.75,0.03,1.0,0.0,0.0,0.0,0,0,0.0,2770.75,1,0,0.0,2770.75,1,0,0.0,2770.75,1,0,0.0,0
LGS2ORD0019207,C015993,2025-06-02 02:00:00,Female,39,Silver,TV,Phuket,701,Web,COD,2,6,0,0,30-40,23.366666666666667,2.0,1.0,0.5,120,29,1242.645,0.2,1.0,0.0,0.0,0.0,0,0,0.0,1825.23,1,0,0.0,1825.23,1,0,0.0,2485.29,2,1,0.5,0
LGS2ORD0019208,C010223,2025-06-02 03:00:00,Male,43,Bronze,TV,Remote_Area,1061,TV_Show,COD,3,6,0,0,40-50,35.36666666666667,5.0,3.0,0.6,46,55,6806.479999999999,0.18,1.0,0.0,0.0,0.0,0,0,0.0,0.0,0,0,0.0,2356.66,1,1,1.0,34032.399999999994,5,3,0.6,1
LGS2ORD0019209,C017450,2025-06-02 03:00:00,Female,50,Bronze,TV,Remote_Area,349,Web,PromptPay,3,6,0,0,40-50,11.633333333333333,2.0,0.0,0.0,-1,44,5050.715,0.23,0.0,0.5,0.0,0.0,0,0,0.0,0.0,0,0,0.0,9162.04,1,0,0.0,10101.43,2,0,0.0,0
LGS2ORD0019210,C017126,2025-06-02 03:00:00,Male,55,Platinum,TV,Chiang Mai,568,Shopee,COD,3,6,0,0,>50,18.933333333333334,2.0,0.0,0.0,-1,35,3618.185,0.35,0.0,0.5,0.0,0.0,0,0,0.0,0.0,0,0,0.0,6683.49,1,0,0.0,7236.37,2,0,0.0,0
LGS2ORD0019211,C013017,2025-06-02 03:00:00,Female,45,Bronze,TV,Remote_Area,610,Web,COD,3,6,0,0,40-50,20.333333333333332,1.0,0.0,0.0,-1,112,622.08,0.08,1.0,0.0,0.0,0.0,0,0,0.0,0.0,0,0,0.0,0.0,0,0,0.0,622.08,1,0,0.0,1
LGS2ORD0019212,C014361,2025-06-02 03:00:00,Male,49,Gold,TV,Chiang Mai,371,CallCenter,Credit_Card,3,6,0,0,40-50,12.366666666666667,3.0,0.0,0.0,-1,26,2129.2099999999996,0.33,0.3333333333333333,0.6666666666666666,0.0,0.0,0,0,0.0,256.48,1,0,0.0,256.48,1,0,0.0,6387.629999999999,3,0,0.0,0
LGS2ORD0019213,C013000,2025-06-02 04:00:00,Female,43,Silver,TV,Chiang Mai,1317,Shopee,Credit_Card,4,6,0,0,40-50,43.9,2.0,1.0,0.5,13,17,3715.2650000000003,0.1,0.0,0.0,0.0,0.0,0,0,0.0,3140.82,1,1,1.0,7430.530000000001,2,1,0.5,7430.530000000001,2,1,0.5,0
LGS2ORD0019214,C010702,2025-06-02 04:00:00,Male,39,Silver,Shopee,Nakhon Ratchasima,732,TV_Show,PromptPay,4,6,0,0,30-40,24.4,2.0,1.0,0.5,24,41,1696.83,0.2,0.5,0.0,0.0,0.0,0,0,0.0,0.0,0,0,0.0,3393.66,2,1,0.5,3393.66,2,1,0.5,0
LGS2ORD0019215,C011342,2025-06-02 04:00:00,Female,34,Platinum,Lazada,Nakhon Ratchasima,1161,Lazada,Credit_Card,4,6,0,0,30-40,38.7,2.0,2.0,1.0,51,61,1349.645,0.35,1.0,1.0,0.0,0.0,0,0,0.0,0.0,0,0,0.0,2699.29,2,2,1.0,2699.29,2,2,1.0,0
LGS2ORD0019216,C017270,2025-06-02 04:00:00,Female,40,Bronze,TV,Bangkok,362,Lazada,COD,4,6,0,0,30-40,12.066666666666666,3.0,1.0,0.3333333333333333,51,58,5199.733333333333,0.28,0.6666666666666666,0.3333333333333333,0.0,0.0,0,0,0.0,0.0,0,0,0.0,15243.24,2,1,0.5,15599.199999999999,3,1,0.3333333333333333,0
LGS2ORD0019217,C016956,2025-06-02 04:00:00,Male,30,Bronze,TV,Chonburi,1254,Lazada,COD,4,6,0,0,20-30,41.8,6.0,2.0,0.3333333333333333,127,11,4982.650000000001,0.28,0.8333333333333334,0.16666666666666666,0.0,0.0,0,0,0.0,11570.81,1,0,0.0,13122.71,2,0,0.0,29895.9,6,2,0.3333333333333333,0
LGS2ORD0019218,C015074,2025-06-02 04:00:00,Female,55,Silver,Shopee,Nakhon Ratchasima,207,TV_Show,COD,4,6,0,0,>50,6.9,5.0,1.0,0.2,77,6,6695.5740000000005,0.3,0.6,0.6,0.0,28752.36,1,0,0.0,28752.36,1,0,0.0,30731.66,3,0,0.0,33477.87,5,1,0.2,1
LGS2ORD0019219,C015578,2025-06-02 05:00:00,Female,37,Bronze,TV,Phuket,1278,CallCenter,Credit_Card,5,6,0,0,30-40,42.6,0.0,0.0,0.0,-1,-1,0.0,0.0,0.0,0.0,0.0,0.0,0,0,0.0,0.0,0,0,0.0,0.0,0,0,0.0,0.0,0,0,0.0,0
LGS2ORD0019220,C015187,2025-06-02 05:00:00,Male,41,Silver,Web,Nakhon Ratchasima,1095,Web,Credit_Card,5,6,0,0,40-50,36.5,2.0,0.0,0.0,-1,105,2963.24,0.2,0.0,0.0,0.0,0.0,0,0,0.0,0.0,0,0,0.0,0.0,0,0,0.0,5926.48,2,0,0.0,0
LGS2ORD0019221,C016528,2025-06-02 05:00:00,Male,47,Bronze,TV,Remote_Area,1117,Lazada,COD,5,6,0,0,40-50,37.233333333333334,3.0,2.0,0.6666666666666666,23,30,1603.5599999999997,0.28,0.6666666666666666,0.6666666666666666,0.0,0.0,0,0,0.0,0.0,0,0,0.0,966.67,1,1,1.0,4810.679999999999,3,2,0.6666666666666666,1
LGS2ORD0019222,C012962,2025-06-02 05:00:00,Male,35,Gold,Web,Khon Kaen,963,TV_Show,Credit_Card,5,6,0,0,30-40,32.1,3.0,2.0,0.6666666666666666,14,28,3192.6133333333332,0.13,0.3333333333333333,0.0,0.0,0.0,0,0,0.0,5959.75,1,1,1.0,7520.98,2,2,1.0,9577.84,3,2,0.6666666666666666,0
LGS2ORD0019223,C012998,2025-06-02 05:00:00,Male,40,Silver,CallCenter,Bangkok,749,Shopee,Credit_Card,5,6,0,0,30-40,24.966666666666665,1.0,0.0,0.0,-1,21,968.65,0.25,1.0,1.0,0.0,0.0,0,0,0.0,968.65,1,0,0.0,968.65,1,0,0.0,968.65,1,0,0.0,0
LGS2ORD0019224,C010465,2025-06-02 06:00:00,Female,32,Gold,Shopee,Khon Kaen,744,TV_Show,COD,6,6,0,0,30-40,24.8,2.0,0.0,0.0,-1,57,5396.21,0.13,1.0,0.0,0.0,0.0,0,0,0.0,0.0,0,0,0.0,4038.76,1,0,0.0,10792.42,2,0,0.0,0
LGS2ORD0019225,C011728,2025-06-02 06:00:00,Male,65,Bronze,Shopee,Bangkok,611,Web,COD,6,6,0,0,>50,20.366666666666667,4.0,1.0,0.25,50,10,2999.73,0.28,0.25,0.25,0.0,0.0,0,0,0.0,3700.26,1,0,0.0,8489.57,3,1,0.3333333333333333,11998.92,4,1,0.25,0
LGS2ORD0019226,C015993,2025-06-02 06:00:00,Female,39,Silver,TV,Phuket,701,TV_Show,Credit_Card,6,6,0,0,30-40,23.366666666666667,3.0,1.0,0.3333333333333333,121,0,907.67,0.25,1.0,0.3333333333333333,0.0,237.72,1,0,0.0,2062.95,2,0,0.0,2062.95,2,0,0.0,2723.0099999999998,3,1,0.3333333333333333,0
LGS2ORD0019227,C016714,2025-06-02 06:00:00,Male,22,Gold,Lazada,Khon Kaen,1139,TV_Show,COD,6,6,0,0,20-30,37.96666666666667,0.0,0.0,0.0,-1,-1,0.0,0.0,0.0,0.0,0.0,0.0,0,0,0.0,0.0,0,0,0.0,0.0,0,0,0.0,0.0,0,0,0.0,1
LGS2ORD0019228,C011590,2025-06-02 06:00:00,Male,70,Silver,CallCenter,Phuket,626,TV_Show,COD,6,6,0,0,>50,20.866666666666667,3.0,1.0,0.3333333333333333,112,18,3549.896666666667,0.1,0.6666666666666666,0.0,0.0,0.0,0,0,0.0,1029.85,1,0,0.0,6391.030000000001,2,0,0.0,10649.69,3,1,0.3333333333333333,0
LGS2ORD0019229,C015833,2025-06-02 07:00:00,Female,41,Gold,Shopee,Bangkok,1404,CallCenter,COD,7,6,0,0,40-50,46.8,4.0,2.0,0.5,31,40,1776.115,0.33,0.25,0.5,0.0,0.0,0,0,0.0,0.0,0,0,0.0,5015.469999999999,3,2,0.6666666666666666,7104.46,4,2,0.5,0
LGS2ORD0019230,C010522,2025-06-02 07:00:00,Male,29,Bronze,TV,Chonburi,646,TV_Show,COD,7,6,0,0,20-30,21.533333333333335,3.0,1.0,0.3333333333333333,20,26,1276.1833333333334,0.23,0.0,0.3333333333333333,0.0,0.0,0,0,0.0,2083.03,1,1,1.0,2863.6600000000003,2,1,0.5,3828.55,3,1,0.3333333333333333,0
LGS2ORD0019231,C010121,2025-06-02 07:00:00,Female,51,Silver,Shopee,Bangkok,606,TV_Show,PromptPay,7,6,0,0,>50,20.2,1.0,0.0,0.0,-1,146,16038.13,0.1,0.0,0.0,0.0,0.0,0,0,0.0,0.0,0,0,0.0,0.0,0,0,0.0,16038.13,1,0,0.0,0
LGS2ORD0019232,C013982,2025-06-02 07:00:00,Female,39,Silver,Shopee,Nakhon Ratchasima,1534,Shopee,PromptPay,7,6,0,0,30-40,51.13333333333333,2.0,2.0,1.0,34,42,13264.385,0.2,1.0,0.0,0.0,0.0,0,0,0.0,0.0,0,0,0.0,26528.77,2,2,1.0,26528.77,2,2,1.0,1
LGS2ORD0019233,C016150,2025-06-02 07:00:00,Other,72,Silver,Shopee,Bangkok,1330,TV_Show,PromptPay,7,6,0,0,>50,44.333333333333336,3.0,0.0,0.0,-1,19,7941.27,0.2,0.0,0.0,0.0,0.0,0,0,0.0,4021.41,1,0,0.0,4021.41,1,0,0.0,23823.81,3,0,0.0,0
LGS2ORD0019234,C013558,2025-06-02 07:00:00,Female,47,Bronze,TV,Bangkok,643,Shopee,Credit_Card,7,6,0,0,40-50,21.433333333333334,3.0,0.0,0.0,-1,39,11716.023333333333,0.18,0.3333333333333333,0.0,0.0,0.0,0,0,0.0,0.0,0,0,0.0,3073.64,1,0,0.0,35148.07,3,0,0.0,0
LGS2ORD0019235,C015859,2025-06-02 08:00:00,Male,51,Bronze,Web,Bangkok,1444,TV_Show,COD,8,6,0,0,>50,48.13333333333333,3.0,0.0,0.0,-1,3,17394.406666666666,0.28,0.3333333333333333,0.3333333333333333,0.0,26900.14,1,0,0.0,26900.14,1,0,0.0,26900.14,1,0,0.0,52183.22,3,0,0.0,0
LGS2ORD0019236,C016069,2025-06-02 08:00:00,Other,56,Bronze,TV,Bangkok,1095,CallCenter,COD,8,6,0,0,>50,36.5,4.0,2.0,0.5,86,51,2275.6650000000004,0.23,0.75,0.5,0.0,0.0,0,0,0.0,0.0,0,0,0.0,248.37,1,0,0.0,9102.660000000002,4,2,0.5,0
LGS2ORD0019237,C015892,2025-06-02 08:00:00,Female,45,Silver,Web,Chiang Mai,357,Shopee,COD,8,6,0,0,40-50,11.9,1.0,1.0,1.0,7,19,7666.17,0.15,1.0,0.0,0.0,0.0,0,0,0.0,7666.17,1,1,1.0,7666.17,1,1,1.0,7666.17,1,1,1.0,1
LGS2ORD0019238,C012585,2025-06-02 08:00:00,Male,48,Bronze,Shopee,Chiang Mai,1264,CallCenter,Credit_Card,8,6,0,0,40-50,42.13333333333333,5.0,2.0,0.4,9,12,8114.842,0.28,0.4,0.4,0.0,0.0,0,0,0.0,34552.71,2,1,0.5,34552.71,2,1,0.5,40574.21,5,2,0.4,1
LGS2ORD0019239,C012597,2025-06-02 08:00:00,Other,38,Bronze,Shopee,Chiang Mai,1039,TV_Show,COD,8,6,0,0,30-40,34.63333333333333,0.0,0.0,0.0,-1,-1,0.0,0.0,0.0,0.0,0.0,0.0,0,0,0.0,0.0,0,0,0.0,0.0,0,0,0.0,0.0,0,0,0.0,0
LGS2ORD0019240,C012667,2025-06-02 09:00:00,Female,43,Bronze,Shopee,Phuket,438,CallCenter,Credit_Card,9,6,0,0,40-50,14.6,2.0,0.0,0.0,-1,54,1422.24,0.23,0.5,0.5,0.0,0.0,0,0,0.0,0.0,0,0,0.0,1535.06,1,0,0.0,2844.48,2,0,0.0,0
LGS2ORD0019241,C010715,2025-06-02 09:00:00,Male,66,Silver,Lazada,Bangkok,369,Lazada,COD,9,6,0,0,>50,12.3,0.0,0.0,0.0,-1,-1,0.0,0.0,0.0,0.0,0.0,0.0,0,0,0.0,0.0,0,0,0.0,0.0,0,0,0.0,0.0,0,0,0.0,0
LGS2ORD0019242,C015018,2025-06-02 09:00:00,Male,37,Gold,TV,Phuket,1535,TV_Show,COD,9,6,0,0,30-40,51.166666666666664,4.0,0.0,0.0,-1,91,2647.6475,0.28,0.25,0.25,0.0,0.0,0,0,0.0,0.0,0,0,0.0,0.0,0,0,0.0,10590.59,4,0,0.0,0
LGS2ORD0019243,C017459,2025-06-02 09:00:00,Female,18,Gold,Web,Bangkok,1610,Shopee,COD,9,6,0,0,<20,53.666666666666664,3.0,1.0,0.3333333333333333,1,13,4973.326666666667,0.28,0.6666666666666666,0.3333333333333333,0.0,0.0,0,0,0.0,1951.42,1,1,1.0,9376.970000000001,2,1,0.5,14919.980000000001,3,1,0.3333333333333333,0
LGS2ORD0019244,C017858,2025-06-02 09:00:00,Male,30,Silver,TV,Remote_Area,344,TV_Show,COD,9,6,0,0,20-30,11.466666666666667,3.0,1.0,0.3333333333333333,59,33,5839.656666666667,0.2,0.3333333333333333,0.0,0.0,0.0,0,0,0.0,0.0,0,0,0.0,17518.97,3,1,0.3333333333333333,17518.97,3,1,0.3333333333333333,1
LGS2ORD0019245,C010263,2025-06-02 10:00:00,Female,33,Gold,Lazada,Songkhla,1341,Shopee,COD,10,6,0,0,30-40,44.7,2.0,2.0,1.0,47,62,1612.655,0.2299999999999999,1.0,0.5,0.0,0.0,0,0,0.0,0.0,0,0,0.0,3225.31,2,2,1.0,3225.31,2,2,1.0,1
LGS2ORD0019246,C016914,2025-06-02 10:00:00,Female,39,Bronze,Shopee,Phuket,1465,Shopee,Credit_Card,10,6,0,0,30-40,48.833333333333336,5.0,2.0,0.4,49,57,5438.366,0.23,0.4,0.2,0.0,0.0,0,0,0.0,0.0,0,0,0.0,1644.38,1,1,1.0,27191.83,5,2,0.4,1
LGS2ORD0019247,C013779,2025-06-02 10:00:00,Male,39,Silver,TV,Chonburi,1510,Lazada,COD,10,6,0,0,30-40,50.333333333333336,1.0,0.0,0.0,-1,91,21766.45,0.1,0.0,0.0,0.0,0.0,0,0,0.0,0.0,0,0,0.0,0.0,0,0,0.0,21766.45,1,0,0.0,0
LGS2ORD0019248,C016711,2025-06-02 10:00:00,Female,39,Bronze,TV,Bangkok,603,TV_Show,PromptPay,10,6,0,0,30-40,20.1,2.0,1.0,0.5,67,82,11891.025,0.08,0.5,0.0,0.0,0.0,0,0,0.0,0.0,0,0,0.0,13870.05,1,1,1.0,23782.05,2,1,0.5,0
LGS2ORD0019249,C015899,2025-06-02 10:00:00,Female,62,Bronze,Lazada,Nakhon Ratchasima,1025,CallCenter,COD,10,6,0,0,>50,34.166666666666664,4.0,0.0,0.0,-1,14,2885.775,0.23,0.5,0.5,0.0,0.0,0,0,0.0,1424.32,1,0,0.0,1785.6,2,0,0.0,11543.1,4,0,0.0,1
LGS2ORD0019250,C012995,2025-06-02 11:00:00,Male,38,Silver,Lazada,Bangkok,1389,Lazada,PromptPay,11,6,0,0,30-40,46.3,1.0,1.0,1.0,119,136,2834.01,0.3,1.0,1.0,0.0,0.0,0,0,0.0,0.0,0,0,0.0,0.0,0,0,0.0,2834.01,1,1,1.0,0
LGS2ORD0019251,C016093,2025-06-02 11:00:00,Male,58,Bronze,CallCenter,Bangkok,333,Lazada,PromptPay,11,6,0,0,>50,11.1,6.0,2.0,0.3333333333333333,4,9,8684.369999999999,0.28,0.6666666666666666,0.3333333333333333,0.0,0.0,0,0,0.0,14645.77,2,1,0.5,36570.01,3,1,0.3333333333333333,52106.219999999994,6,2,0.3333333333333333,0
LGS2ORD0019252,C014655,2025-06-02 11:00:00,Female,54,Bronze,TV,Phuket,670,Shopee,COD,11,6,0,0,>50,22.333333333333332,5.0,2.0,0.4,30,41,9683.221999999998,0.28,0.6,0.6,0.0,0.0,0,0,0.0,0.0,0,0,0.0,6895.32,3,1,0.3333333333333333,48416.10999999999,5,2,0.4,0
LGS2ORD0019253,C017487,2025-06-02 11:00:00,Male,36,Bronze,TV,Chiang Mai,352,CallCenter,PromptPay,11,6,0,0,30-40,11.733333333333333,0.0,0.0,0.0,-1,-1,0.0,0.0,0.0,0.0,0.0,0.0,0,0,0.0,0.0,0,0,0.0,0.0,0,0,0.0,0.0,0,0,0.0,0
LGS2ORD0019254,C011918,2025-06-02 11:00:00,Female,39,Gold,Web,Nakhon Ratchasima,1132,CallCenter,PromptPay,11,6,0,0,30-40,37.733333333333334,1.0,0.0,0.0,-1,20,2666.73,0.13,1.0,0.0,0.0,0.0,0,0,0.0,2666.73,1,0,0.0,2666.73,1,0,0.0,2666.73,1,0,0.0,0
LGS2ORD0019255,C013381,2025-06-02 11:00:00,Female,39,Gold,Lazada,Chiang Mai,188,Lazada,PromptPay,11,6,0,0,30-40,6.266666666666667,4.0,1.0,0.25,130,37,11448.507500000002,0.2299999999999999,1.0,0.5,0.0,0.0,0,0,0.0,0.0,0,0,0.0,1929.62,1,0,0.0,45794.030000000006,4,1,0.25,0
LGS2ORD0019256,C011111,2025-06-02 12:00:00,Female,48,Bronze,Web,Remote_Area,1550,Shopee,COD,12,6,0,0,40-50,51.666666666666664,2.0,2.0,1.0,41,55,2105.965,0.18,1.0,0.0,0.0,0.0,0,0,0.0,0.0,0,0,0.0,2181.21,1,1,1.0,4211.93,2,2,1.0,1
LGS2ORD0019257,C013395,2025-06-02 12:00:00,Male,55,Bronze,Shopee,Phuket,788,Shopee,COD,12,6,0,0,>50,26.266666666666666,3.0,2.0,0.6666666666666666,17,25,2974.25,0.28,0.3333333333333333,0.6666666666666666,0.0,0.0,0,0,0.0,5386.46,1,1,1.0,7252.4,2,1,0.5,8922.75,3,2,0.6666666666666666,0
LGS2ORD0019258,C010004,2025-06-02 12:00:00,Male,42,Platinum,Shopee,Chonburi,482,CallCenter,COD,12,6,0,0,40-50,16.066666666666666,2.0,0.0,0.0,-1,61,3611.885,0.3,1.0,0.5,0.0,0.0,0,0,0.0,0.0,0,0,0.0,4402.16,1,0,0.0,7223.77,2,0,0.0,0
LGS2ORD0019259,C014684,2025-06-02 12:00:00,Female,43,Silver,Lazada,Bangkok,871,TV_Show,Credit_Card,12,6,0,0,40-50,29.033333333333335,1.0,0.0,0.0,-1,97,11513.62,0.05,0.0,0.0,0.0,0.0,0,0,0.0,0.0,0,0,0.0,0.0,0,0,0.0,11513.62,1,0,0.0,0
LGS2ORD0019260,C013499,2025-06-02 12:00:00,Male,36,Bronze,Web,Khon Kaen,813,CallCenter,Bank_Transfer,12,6,0,0,30-40,27.1,6.0,2.0,0.3333333333333333,-2,3,2576.7983333333336,0.28,0.6666666666666666,0.16666666666666666,0.0,4082.25,2,1,0.5,11968.42,3,1,0.3333333333333333,13199.65,4,1,0.25,15460.79,6,2,0.3333333333333333,0
LGS2ORD0019261,C011269,2025-06-02 13:00:00,Male,45,Bronze,TV,Nakhon Ratchasima,536,CallCenter,COD,13,6,0,0,40-50,17.866666666666667,4.0,1.0,0.25,137,40,2467.16,0.28,0.25,0.5,0.0,0.0,0,0,0.0,0.0,0,0,0.0,2875.74,2,0,0.0,9868.64,4,1,0.25,0
LGS2ORD0019262,C010289,2025-06-02 13:00:00,Male,44,Silver,Web,Nakhon Ratchasima,349,CallCenter,Credit_Card,13,6,0,0,40-50,11.633333333333333,2.0,0.0,0.0,-1,27,3709.95,0.25,1.0,0.5,0.0,0.0,0,0,0.0,1915.44,1,0,0.0,1915.44,1,0,0.0,7419.9,2,0,0.0,0
LGS2ORD0019263,C014461,2025-06-02 13:00:00,Male,44,Gold,CallCenter,Chiang Mai,205,Web,COD,13,6,0,0,40-50,6.833333333333333,2.0,0.0,0.0,-1,20,5340.125,0.13,0.0,0.0,0.0,0.0,0,0,0.0,8077.68,1,0,0.0,10680.25,2,0,0.0,10680.25,2,0,0.0,1
LGS2ORD0019264,C010946,2025-06-02 13:00:00,Male,48,Gold,CallCenter,Bangkok,827,Web,Bank_Transfer,13,6,0,0,40-50,27.566666666666666,3.0,1.0,0.3333333333333333,97,89,5408.036666666667,0.2299999999999999,0.6666666666666666,0.6666666666666666,0.0,0.0,0,0,0.0,0.0,0,0,0.0,7931.8,1,0,0.0,16224.11,3,1,0.3333333333333333,0
LGS2ORD0019265,C011284,2025-06-02 13:00:00,Female,46,Bronze,TV,Remote_Area,1390,Web,Credit_Card,13,6,0,0,40-50,46.333333333333336,5.0,2.0,0.4,54,42,8219.208,0.28,0.6,0.2,0.0,0.0,0,0,0.0,0.0,0,0,0.0,11935.390000000001,3,1,0.3333333333333333,41096.04,5,2,0.4,0
LGS2ORD0019266,C014888,2025-06-02 14:00:00,Male,35,Silver,Shopee,Bangkok,994,Lazada,COD,14,6,0,0,30-40,33.13333333333333,2.0,0.0,0.0,-1,34,2014.095,0.05,0.0,0.0,0.0,0.0,0,0,0.0,0.0,0,0,0.0,2135.04,1,0,0.0,4028.19,2,0,0.0,0
LGS2ORD0019267,C013312,2025-06-02 14:00:00,Male,58,Gold,TV,Chonburi,826,CallCenter,Bank_Transfer,14,6,0,0,>50,27.533333333333335,3.0,1.0,0.3333333333333333,15,22,2745.943333333333,0.2299999999999999,0.6666666666666666,0.3333333333333333,0.0,0.0,0,0,0.0,7615.75,2,1,0.5,8237.83,3,1,0.3333333333333333,8237.83,3,1,0.3333333333333333,0
LGS2ORD0019268,C014264,2025-06-02 14:00:00,Female,41,Bronze,Shopee,Chiang Mai,849,TV_Show,COD,14,6,0,0,40-50,28.3,4.0,0.0,0.0,-1,65,11828.14,0.23,0.75,0.25,0.0,0.0,0,0,0.0,0.0,0,0,0.0,325.68,1,0,0.0,47312.56,4,0,0.0,1
LGS2ORD0019269,C014214,2025-06-02 14:00:00,Male,50,Silver,Lazada,Chonburi,1073,Web,Credit_Card,14,6,0,0,40-50,35.766666666666666,2.0,0.0,0.0,-1,74,11160.8,0.2,0.5,0.0,0.0,0.0,0,0,0.0,0.0,0,0,0.0,22321.6,2,0,0.0,22321.6,2,0,0.0,0
LGS2ORD0019270,C010161,2025-06-02 14:00:00,Male,37,Gold,Web,Khon Kaen,1265,Shopee,Credit_Card,14,6,0,0,30-40,42.166666666666664,2.0,0.0,0.0,-1,63,8729.56,0.13,1.0,0.0,0.0,0.0,0,0,0.0,0.0,0,0,0.0,6975.53,1,0,0.0,17459.12,2,0,0.0,0
LGS2ORD0019271,C017381,2025-06-02 15:00:00,Male,35,Bronze,CallCenter,Khon Kaen,183,Lazada,COD,15,6,0,0,30-40,6.1,3.0,1.0,0.3333333333333333,88,46,5706.149999999999,0.18,0.6666666666666666,0.0,0.0,0.0,0,0,0.0,0.0,0,0,0.0,7236.58,1,0,0.0,17118.449999999997,3,1,0.3333333333333333,0
LGS2ORD0019272,C016750,2025-06-02 15:00:00,Male,41,Bronze,TV,Bangkok,1046,TV_Show,Bank_Transfer,15,6,0,0,40-50,34.86666666666667,2.0,1.0,0.5,15,27,3044.76,0.28,0.5,0.5,0.0,0.0,0,0,0.0,2815.89,1,1,1.0,2815.89,1,1,1.0,6089.52,2,1,0.5,0
LGS2ORD0019273,C016747,2025-06-02 15:00:00,Female,26,Bronze,TV,Bangkok,1575,Shopee,COD,15,6,0,0,20-30,52.5,5.0,3.0,0.6,-8,6,1661.654,0.23,0.4,0.2,0.0,623.86,1,1,1.0,4538.19,3,1,0.3333333333333333,8308.27,5,3,0.6,8308.27,5,3,0.6,0
LGS2ORD0019274,C012494,2025-06-02 15:00:00,Male,56,Bronze,Web,Songkhla,1498,TV_Show,COD,15,6,0,0,>50,49.93333333333333,4.0,3.0,0.75,70,78,9750.4275,0.28,0.75,0.5,0.0,0.0,0,0,0.0,0.0,0,0,0.0,8643.49,1,1,1.0,39001.71,4,3,0.75,0
LGS2ORD0019275,C011765,2025-06-02 15:00:00,Male,37,Silver,Web,Bangkok,1610,CallCenter,PromptPay,15,6,0,0,30-40,53.666666666666664,3.0,0.0,0.0,-1,18,1384.1833333333334,0.25,0.6666666666666666,0.3333333333333333,0.0,0.0,0,0,0.0,911.63,1,0,0.0,4152.55,3,0,0.0,4152.55,3,0,0.0,0
LGS2ORD0019276,C016854,2025-06-02 15:00:00,Female,41,Silver,TV,Khon Kaen,179,CallCenter,COD,15,6,0,0,40-50,5.966666666666667,1.0,0.0,0.0,-1,46,11228.6,0.25,1.0,1.0,0.0,0.0,0,0,0.0,0.0,0,0,0.0,11228.6,1,0,0.0,11228.6,1,0,0.0,1
LGS2ORD0019277,C017041,2025-06-02 16:00:00,Male,62,Bronze,Lazada,Songkhla,756,CallCenter,Credit_Card,16,6,0,0,>50,25.2,1.0,0.0,0.0,-1,109,12004.95,0.08,0.0,0.0,0.0,0.0,0,0,0.0,0.0,0,0,0.0,0.0,0,0,0.0,12004.95,1,0,0.0,0
LGS2ORD0019278,C010983,2025-06-02 16:00:00,Female,33,Silver,TV,Bangkok,905,CallCenter,Credit_Card,16,6,0,0,30-40,30.166666666666668,0.0,0.0,0.0,-1,-1,0.0,0.0,0.0,0.0,0.0,0.0,0,0,0.0,0.0,0,0,0.0,0.0,0,0,0.0,0.0,0,0,0.0,0
LGS2ORD0019279,C017968,2025-06-02 16:00:00,Male,51,Bronze,Lazada,Songkhla,1518,Web,COD,16,6,0,0,>50,50.6,0.0,0.0,0.0,-1,-1,0.0,0.0,0.0,0.0,0.0,0.0,0,0,0.0,0.0,0,0,0.0,0.0,0,0,0.0,0.0,0,0,0.0,0
LGS2ORD0019280,C011066,2025-06-02 16:00:00,Male,56,Silver,Web,Songkhla,1581,TV_Show,COD,16,6,0,0,>50,52.7,1.0,0.0,0.0,-1,145,1074.05,0.25,0.0,1.0,0.0,0.0,0,0,0.0,0.0,0,0,0.0,0.0,0,0,0.0,1074.05,1,0,0.0,1
LGS2ORD0019281,C017292,2025-06-02 16:00:00,Male,39,Bronze,TV,Bangkok,362,Web,COD,16,6,0,0,30-40,12.066666666666666,1.0,0.0,0.0,-1,149,6231.55,0.08,0.0,0.0,0.0,0.0,0,0,0.0,0.0,0,0,0.0,0.0,0,0,0.0,6231.55,1,0,0.0,0
LGS2ORD0019282,C014525,2025-06-02 17:00:00,Other,26,Silver,TV,Chonburi,671,CallCenter,PromptPay,17,6,0,0,20-30,22.366666666666667,1.0,0.0,0.0,-1,74,3043.54,0.1,0.0,0.0,0.0,0.0,0,0,0.0,0.0,0,0,0.0,3043.54,1,0,0.0,3043.54,1,0,0.0,0
LGS2ORD0019283,C012531,2025-06-02 17:00:00,Female,38,Bronze,Web,Phuket,1187,Lazada,COD,17,6,0,0,30-40,39.56666666666667,1.0,1.0,1.0,93,106,1561.02,0.08,1.0,0.0,0.0,0.0,0,0,0.0,0.0,0,0,0.0,0.0,0,0,0.0,1561.02,1,1,1.0,0
LGS2ORD0019284,C016241,2025-06-02 17:00:00,Female,38,Bronze,Web,Chiang Mai,390,Shopee,COD,17,6,0,0,30-40,13.0,1.0,0.0,0.0,-1,40,861.54,0.18,1.0,0.0,0.0,0.0,0,0,0.0,0.0,0,0,0.0,861.54,1,0,0.0,861.54,1,0,0.0,0
LGS2ORD0019285,C016000,2025-06-02 17:00:00,Female,37,Bronze,Lazada,Phuket,458,TV_Show,Credit_Card,17,6,0,0,30-40,15.266666666666667,1.0,0.0,0.0,-1,148,1386.17,0.28,0.0,1.0,0.0,0.0,0,0,0.0,0.0,0,0,0.0,0.0,0,0,0.0,1386.17,1,0,0.0,0
LGS2ORD0019286,C011183,2025-06-02 17:00:00,Male,18,Platinum,TV,Nakhon Ratchasima,1431,Shopee,PromptPay,17,6,0,0,<20,47.7,3.0,0.0,0.0,-1,1,8291.143333333333,0.25,0.3333333333333333,0.6666666666666666,0.0,23097.8,1,0,0.0,23097.8,1,0,0.0,24873.43,3,0,0.0,24873.43,3,0,0.0,0
LGS2ORD0019287,C017724,2025-06-02 18:00:00,Male,46,Platinum,TV,Nakhon Ratchasima,982,Lazada,Credit_Card,18,6,0,0,40-50,32.733333333333334,4.0,3.0,0.75,8,20,1548.7150000000001,0.35,0.75,0.75,0.0,0.0,0,0,0.0,740.73,1,1,1.0,1447.48,2,2,1.0,6194.860000000001,4,3,0.75,0
LGS2ORD0019288,C016666,2025-06-02 18:00:00,Male,37,Bronze,Lazada,Bangkok,392,TV_Show,Credit_Card,18,6,0,0,30-40,13.066666666666666,3.0,0.0,0.0,-1,64,6349.653333333333,0.28,0.3333333333333333,0.3333333333333333,0.0,0.0,0,0,0.0,0.0,0,0,0.0,3947.41,2,0,0.0,19048.96,3,0,0.0,0
LGS2ORD0019289,C013465,2025-06-02 18:00:00,Female,51,Bronze,TV,Chiang Mai,734,TV_Show,PromptPay,18,6,0,0,>50,24.466666666666665,2.0,0.0,0.0,-1,40,4131.705,0.08,0.0,0.0,0.0,0.0,0,0,0.0,0.0,0,0,0.0,1914.67,1,0,0.0,8263.41,2,0,0.0,0
LGS2ORD0019290,C016597,2025-06-02 18:00:00,Female,46,Silver,Shopee,Phuket,204,Web,Bank_Transfer,18,6,0,0,40-50,6.8,1.0,0.0,0.0,-1,30,5562.22,0.05,0.0,0.0,0.0,0.0,0,0,0.0,0.0,0,0,0.0,5562.22,1,0,0.0,5562.22,1,0,0.0,0
LGS2ORD0019291,C015047,2025-06-02 18:00:00,Male,33,Silver,CallCenter,Phuket,509,Web,COD,18,6,0,0,30-40,16.966666666666665,3.0,3.0,1.0,17,21,1503.0866666666668,0.3,0.6666666666666666,1.0,0.0,0.0,0,0,0.0,1431.58,1,1,1.0,4093.61,2,2,1.0,4509.26,3,3,1.0,0
LGS2ORD0019292,C013654,2025-06-02 19:00:00,Male,38,Bronze,Lazada,Songkhla,1518,Shopee,COD,19,6,0,0,30-40,50.6,2.0,0.0,0.0,-1,13,6396.105,0.28,1.0,0.5,0.0,0.0,0,0,0.0,6766.65,1,0,0.0,12792.21,2,0,0.0,12792.21,2,0,0.0,0
LGS2ORD0019293,C013715,2025-06-02 19:00:00,Female,41,Silver,Shopee,Bangkok,310,Web,Credit_Card,19,6,0,0,40-50,10.333333333333334,4.0,1.0,0.25,129,1,9836.8625,0.2,0.75,0.0,0.0,11458.52,1,0,0.0,11458.52,1,0,0.0,12723.560000000001,2,0,0.0,39347.45,4,1,0.25,0
LGS2ORD0019294,C014660,2025-06-02 19:00:00,Female,41,Bronze,Shopee,Khon Kaen,1034,Lazada,Credit_Card,19,6,0,0,40-50,34.46666666666667,4.0,0.0,0.0,-1,15,5898.0875,0.23,0.5,0.25,0.0,0.0,0,0,0.0,14253.11,1,0,0.0,22118.02,3,0,0.0,23592.35,4,0,0.0,0
LGS2ORD0019295,C015876,2025-06-02 19:00:00,Female,37,Bronze,Web,Songkhla,562,Shopee,COD,19,6,0,0,30-40,18.733333333333334,3.0,0.0,0.0,-1,6,2480.8733333333334,0.23,0.3333333333333333,0.3333333333333333,0.0,1788.17,1,0,0.0,1788.17,1,0,0.0,7442.620000000001,3,0,0.0,7442.620000000001,3,0,0.0,0
LGS2ORD0019296,C013631,2025-06-02 19:00:00,Female,54,Silver,Lazada,Remote_Area,709,Lazada,COD,19,6,0,0,>50,23.633333333333333,3.0,3.0,1.0,3,15,12389.85,0.25,0.6666666666666666,0.3333333333333333,0.3333333333333333,0.0,0,0,0.0,13444.34,2,2,1.0,37169.55,3,3,1.0,37169.55,3,3,1.0,0
LGS2ORD0019297,C011242,2025-06-02 19:00:00,Female,45,Bronze,TV,Chiang Mai,258,TV_Show,PromptPay,19,6,0,0,40-50,8.6,2.0,0.0,0.0,-1,2,2450.07,0.23,0.5,0.5,0.0,424.54,1,0,0.0,424.54,1,0,0.0,424.54,1,0,0.0,4900.14,2,0,0.0,0
LGS2ORD0019298,C012373,2025-06-02 20:00:00,Female,55,Bronze,TV,Chonburi,1198,TV_Show,COD,20,6,0,0,>50,39.93333333333333,4.0,0.0,0.0,-1,0,6617.995,0.23,0.5,0.5,0.0,2337.62,1,0,0.0,14840.599999999999,2,0,0.0,18818.239999999998,3,0,0.0,26471.98,4,0,0.0,1
LGS2ORD0019299,C016647,2025-06-02 20:00:00,Male,39,Bronze,TV,Remote_Area,493,Web,COD,20,6,0,0,30-40,16.433333333333334,3.0,2.0,0.6666666666666666,38,47,12215.593333333332,0.23,0.6666666666666666,0.3333333333333333,0.0,0.0,0,0,0.0,0.0,0,0,0.0,26965.4,2,1,0.5,36646.78,3,2,0.6666666666666666,0
LGS2ORD0019300,C015279,2025-06-02 20:00:00,Female,53,Platinum,Web,Chiang Mai,167,Lazada,Credit_Card,20,6,0,0,>50,5.566666666666666,1.0,1.0,1.0,-1,9,1256.04,0.35,0.0,1.0,0.0,0.0,0,0,0.0,1256.04,1,1,1.0,1256.04,1,1,1.0,1256.04,1,1,1.0,0
LGS2ORD0019301,C013740,2025-06-02 20:00:00,Male,42,Bronze,Shopee,Bangkok,1047,Web,Credit_Card,20,6,0,0,40-50,34.9,4.0,0.0,0.0,-1,9,8561.895,0.18,0.5,0.0,0.0,0.0,0,0,0.0,23892.38,2,0,0.0,23892.38,2,0,0.0,34247.58,4,0,0.0,0
LGS2ORD0019302,C011800,2025-06-02 20:00:00,Female,56,Gold,TV,Chonburi,1085,Lazada,Bank_Transfer,20,6,0,0,>50,36.166666666666664,3.0,2.0,0.6666666666666666,23,32,4622.093333333333,0.28,0.6666666666666666,0.6666666666666666,0.0,0.0,0,0,0.0,0.0,0,0,0.0,10399.25,1,1,1.0,13866.279999999999,3,2,0.6666666666666666,0
LGS2ORD0019303,C012686,2025-06-02 21:00:00,Female,64,Bronze,CallCenter,Bangkok,1325,Web,Credit_Card,21,6,0,0,>50,44.166666666666664,2.0,0.0,0.0,-1,65,574.865,0.18,0.5,0.0,0.0,0.0,0,0,0.0,0.0,0,0,0.0,495.75,1,0,0.0,1149.73,2,0,0.0,0
LGS2ORD0019304,C014085,2025-06-02 21:00:00,Female,40,Gold,Shopee,Khon Kaen,995,TV_Show,COD,21,6,0,0,30-40,33.166666666666664,7.0,1.0,0.14285714285714285,48,17,4339.585714285715,0.2299999999999999,0.42857142857142855,0.42857142857142855,0.0,0.0,0,0,0.0,16529.74,1,0,0.0,24984.13,4,1,0.25,30377.100000000002,7,1,0.14285714285714285,0
LGS2ORD0019305,C010939,2025-06-02 21:00:00,Female,43,Bronze,Shopee,Chiang Mai,1440,Shopee,PromptPay,21,6,0,0,40-50,48.0,0.0,0.0,0.0,-1,-1,0.0,0.0,0.0,0.0,0.0,0.0,0,0,0.0,0.0,0,0,0.0,0.0,0,0,0.0,0.0,0,0,0.0,0
LGS2ORD0019306,C012312,2025-06-02 21:00:00,Female,40,Bronze,Lazada,Khon Kaen,888,Web,COD,21,6,0,0,30-40,29.6,2.0,0.0,0.0,-1,5,1657.255,0.18,1.0,0.0,0.0,2446.02,1,0,0.0,2446.02,1,0,0.0,2446.02,1,0,0.0,3314.51,2,0,0.0,0
LGS2ORD0019307,C014561,2025-06-02 21:00:00,Female,26,Platinum,Web,Chonburi,1523,TV_Show,COD,21,6,0,0,20-30,50.766666666666666,0.0,0.0,0.0,-1,-1,0.0,0.0,0.0,0.0,0.0,0.0,0,0,0.0,0.0,0,0,0.0,0.0,0,0,0.0,0.0,0,0,0.0,1
LGS2ORD0019308,C016259,2025-06-02 22:00:00,Female,53,Silver,TV,Bangkok,1028,Shopee,COD,22,6,0,0,>50,34.266666666666666,5.0,1.0,0.2,105,9,7287.4580000000005,0.3,0.4,0.2,0.0,0.0,0,0,0.0,7593.71,1,0,0.0,18433.68,3,0,0.0,36437.29,5,1,0.2,0
LGS2ORD0019309,C011267,2025-06-02 22:00:00,Female,48,Gold,TV,Bangkok,1197,Lazada,Bank_Transfer,22,6,0,0,40-50,39.9,2.0,1.0,0.5,111,86,8063.875,0.28,0.0,1.0,0.0,0.0,0,0,0.0,0.0,0,0,0.0,12608.29,1,0,0.0,16127.75,2,1,0.5,0
LGS2ORD0019310,C016116,2025-06-02 22:00:00,Male,41,Silver,Web,Bangkok,1109,TV_Show,Credit_Card,22,6,0,0,40-50,36.96666666666667,1.0,1.0,1.0,46,54,2031.11,0.1,0.0,0.0,0.0,0.0,0,0,0.0,0.0,0,0,0.0,2031.11,1,1,1.0,2031.11,1,1,1.0,0
LGS2ORD0019311,C012872,2025-06-02 22:00:00,Female,33,Gold,CallCenter,Bangkok,1353,TV_Show,COD,22,6,0,0,30-40,45.1,1.0,0.0,0.0,-1,144,3022.13,0.28,1.0,1.0,0.0,0.0,0,0,0.0,0.0,0,0,0.0,0.0,0,0,0.0,3022.13,1,0,0.0,0
LGS2ORD0019312,C012146,2025-06-02 22:00:00,Female,37,Bronze,Lazada,Bangkok,472,Lazada,COD,22,6,0,0,30-40,15.733333333333333,1.0,0.0,0.0,-1,19,1906.27,0.13,0.0,0.0,0.0,0.0,0,0,0.0,1906.27,1,0,0.0,1906.27,1,0,0.0,1906.27,1,0,0.0,0
LGS2ORD0019313,C014417,2025-06-02 23:00:00,Male,54,Silver,Shopee,Chonburi,1289,Shopee,COD,23,6,0,0,>50,42.96666666666667,7.0,1.0,0.14285714285714285,13,13,2123.365714285714,0.3,0.42857142857142855,0.5714285714285714,0.0,0.0,0,0,0.0,8683.560000000001,4,1,0.25,10301.02,5,1,0.2,14863.56,7,1,0.14285714285714285,0
LGS2ORD0019314,C015290,2025-06-02 23:00:00,Female,39,Bronze,Lazada,Chiang Mai,1399,Shopee,COD,23,6,0,0,30-40,46.63333333333333,3.0,0.0,0.0,-1,53,1769.13,0.08,0.6666666666666666,0.0,0.0,0.0,0,0,0.0,0.0,0,0,0.0,1364.75,1,0,0.0,5307.39,3,0,0.0,0
LGS2ORD0019315,C012815,2025-06-02 23:00:00,Female,59,Bronze,Lazada,Bangkok,1556,Lazada,Credit_Card,23,6,0,0,>50,51.86666666666667,4.0,1.0,0.25,101,49,2686.17,0.13,0.75,0.0,0.0,0.0,0,0,0.0,0.0,0,0,0.0,4466.8,1,0,0.0,10744.68,4,1,0.25,0
LGS2ORD0019316,C012422,2025-06-02 23:00:00,Female,43,Silver,TV,Chiang Mai,1276,Shopee,COD,23,6,0,0,40-50,42.53333333333333,3.0,1.0,0.3333333333333333,145,14,1342.1733333333334,0.3,1.0,0.6666666666666666,0.0,0.0,0,0,0.0,2044.31,1,0,0.0,3438.56,2,0,0.0,4026.52,3,1,0.3333333333333333,0
LGS2ORD0019317,C014805,2025-06-02 23:00:00,Male,41,Bronze,TV,Chonburi,690,TV_Show,COD,23,6,0,0,40-50,23.0,3.0,0.0,0.0,-1,38,2639.5666666666666,0.08,0.3333333333333333,0.0,0.0,0.0,0,0,0.0,0.0,0,0,0.0,6136.75,1,0,0.0,7918.7,3,0,0.0,0
LGS2ORD0019318,C016737,2025-06-02 23:00:00,Female,44,Silver,Shopee,Khon Kaen,1206,TV_Show,Bank_Transfer,23,6,0,0,40-50,40.2,1.0,0.0,0.0,-1,67,4004.56,0.1,1.0,0.0,0.0,0.0,0,0,0.0,0.0,0,0,0.0,4004.56,1,0,0.0,4004.56,1,0,0.0,1
LGS2ORD0019319,C013494,2025-06-03 00:00:00,Male,45,Bronze,Web,Bangkok,896,CallCenter,Credit_Card,0,6,1,0,40-50,29.866666666666667,1.0,1.0,1.0,30,38,2212.49,0.03,1.0,0.0,0.0,0.0,0,0,0.0,0.0,0,0,0.0,2212.49,1,1,1.0,2212.49,1,1,1.0,1
LGS2ORD0019320,C014854,2025-06-03 00:00:00,Male,41,Bronze,Shopee,Songkhla,531,TV_Show,PromptPay,0,6,1,0,40-50,17.7,1.0,0.0,0.0,-1,67,2130.09,0.03,1.0,0.0,0.0,0.0,0,0,0.0,0.0,0,0,0.0,2130.09,1,0,0.0,2130.09,1,0,0.0,0
LGS2ORD0019321,C010111,2025-06-03 00:00:00,Female,48,Silver,Lazada,Nakhon Ratchasima,604,TV_Show,COD,0,6,1,0,40-50,20.133333333333333,1.0,0.0,0.0,-1,93,3586.55,0.05,1.0,0.0,0.0,0.0,0,0,0.0,0.0,0,0,0.0,0.0,0,0,0.0,3586.55,1,0,0.0,0
LGS2ORD0019322,C010771,2025-06-03 00:00:00,Other,50,Bronze,Shopee,Chonburi,1494,Lazada,PromptPay,0,6,1,0,40-50,49.8,6.0,3.0,0.5,51,59,4802.891666666667,0.28,0.8333333333333334,0.5,0.0,0.0,0,0,0.0,0.0,0,0,0.0,20554.27,4,2,0.5,28817.350000000002,6,3,0.5,0
LGS2ORD0019323,C017081,2025-06-03 00:00:00,Female,18,Silver,Lazada,Bangkok,1432,Lazada,Credit_Card,0,6,1,0,<20,47.733333333333334,2.0,0.0,0.0,-1,79,8034.964999999999,0.15,0.5,0.0,0.0,0.0,0,0,0.0,0.0,0,0,0.0,15484.96,1,0,0.0,16069.929999999998,2,0,0.0,0
LGS2ORD0019324,C014551,2025-06-03 01:00:00,Female,40,Bronze,CallCenter,Chiang Mai,695,Shopee,PromptPay,1,6,1,0,30-40,23.166666666666668,2.0,1.0,0.5,3,16,11709.8,0.23,0.5,0.5,0.0,0.0,0,0,0.0,23419.6,2,1,0.5,23419.6,2,1,0.5,23419.6,2,1,0.5,0
LGS2ORD0019325,C013062,2025-06-03 01:00:00,Female,30,Platinum,Lazada,Khon Kaen,1183,Web,Bank_Transfer,1,6,1,0,20-30,39.43333333333333,2.0,0.0,0.0,-1,76,1238.94,0.3,0.5,0.5,0.0,0.0,0,0,0.0,0.0,0,0,0.0,1047.87,1,0,0.0,2477.88,2,0,0.0,0
LGS2ORD0019326,C011570,2025-06-03 01:00:00,Male,36,Silver,Web,Chonburi,1588,Shopee,PromptPay,1,6,1,0,30-40,52.93333333333333,1.0,0.0,0.0,-1,106,14577.58,0.25,1.0,1.0,0.0,0.0,0,0,0.0,0.0,0,0,0.0,0.0,0,0,0.0,14577.58,1,0,0.0,0
LGS2ORD0019327,C017697,2025-06-03 01:00:00,Male,31,Silver,Shopee,Bangkok,1368,Web,COD,1,6,1,0,30-40,45.6,0.0,0.0,0.0,-1,-1,0.0,0.0,0.0,0.0,0.0,0.0,0,0,0.0,0.0,0,0,0.0,0.0,0,0,0.0,0.0,0,0,0.0,1
LGS2ORD0019328,C012668,2025-06-03 01:00:00,Female,53,Bronze,TV,Songkhla,340,CallCenter,COD,1,6,1,0,>50,11.333333333333334,3.0,0.0,0.0,-1,14,3940.6633333333334,0.18,1.0,0.0,0.0,0.0,0,0,0.0,7536.82,1,0,0.0,9631.4,2,0,0.0,11821.99,3,0,0.0,1
LGS2ORD0019329,C014970,2025-06-03 02:00:00,Female,40,Bronze,Web,Songkhla,328,TV_Show,PromptPay,2,6,1,0,30-40,10.933333333333334,1.0,0.0,0.0,-1,53,14237.59,0.08,0.0,0.0,0.0,0.0,0,0,0.0,0.0,0,0,0.0,14237.59,1,0,0.0,14237.59,1,0,0.0,0
LGS2ORD0019330,C014841,2025-06-03 02:00:00,Male,67,Bronze,Shopee,Remote_Area,307,TV_Show,COD,2,6,1,0,>50,10.233333333333333,2.0,0.0,0.0,-1,146,3616.3650000000002,0.08,1.0,0.0,0.0,0.0,0,0,0.0,0.0,0,0,0.0,0.0,0,0,0.0,7232.7300000000005,2,0,0.0,1
LGS2ORD0019331,C013786,2025-06-03 02:00:00,Female,49,Gold,Shopee,Chiang Mai,171,Web,COD,2,6,1,0,40-50,5.7,2.0,0.0,0.0,-1,119,2450.54,0.2299999999999999,0.5,0.5,0.0,0.0,0,0,0.0,0.0,0,0,0.0,0.0,0,0,0.0,4901.08,2,0,0.0,0
LGS2ORD0019332,C010756,2025-06-03 02:00:00,Male,54,Bronze,TV,Phuket,1580,Web,COD,2,6,1,0,>50,52.666666666666664,4.0,0.0,0.0,-1,96,6789.1275000000005,0.28,0.5,0.5,0.0,0.0,0,0,0.0,0.0,0,0,0.0,0.0,0,0,0.0,27156.510000000002,4,0,0.0,0
LGS2ORD0019333,C017080,2025-06-03 02:00:00,Other,40,Gold,Shopee,Remote_Area,208,Web,COD,2,6,1,0,30-40,6.933333333333334,2.0,0.0,0.0,-1,16,7014.645,0.18,0.5,0.0,0.0,0.0,0,0,0.0,3276.68,1,0,0.0,3276.68,1,0,0.0,14029.29,2,0,0.0,1
LGS2ORD0019334,C015645,2025-06-03 03:00:00,Male,24,Bronze,Lazada,Remote_Area,1340,Shopee,COD,3,6,1,0,20-30,44.666666666666664,1.0,0.0,0.0,-1,69,2514.65,0.23,0.0,1.0,0.0,0.0,0,0,0.0,0.0,0,0,0.0,2514.65,1,0,0.0,2514.65,1,0,0.0,0
LGS2ORD0019335,C014595,2025-06-03 03:00:00,Female,41,Silver,Shopee,Chiang Mai,1031,Web,COD,3,6,1,0,40-50,34.36666666666667,3.0,0.0,0.0,-1,36,6187.649999999999,0.3,0.6666666666666666,0.3333333333333333,0.0,0.0,0,0,0.0,0.0,0,0,0.0,14330.33,2,0,0.0,18562.949999999997,3,0,0.0,1
LGS2ORD0019336,C017384,2025-06-03 03:00:00,Male,41,Silver,Shopee,Bangkok,1350,Lazada,COD,3,6,1,0,40-50,45.0,1.0,0.0,0.0,-1,139,4257.29,0.05,0.0,0.0,0.0,0.0,0,0,0.0,0.0,0,0,0.0,0.0,0,0,0.0,4257.29,1,0,0.0,1
LGS2ORD0019337,C013121,2025-06-03 03:00:00,Male,52,Silver,Shopee,Chonburi,306,CallCenter,PromptPay,3,6,1,0,>50,10.2,3.0,0.0,0.0,-1,15,5936.419999999999,0.25,0.6666666666666666,0.6666666666666666,0.0,0.0,0,0,0.0,3272.32,1,0,0.0,3272.32,1,0,0.0,17809.26,3,0,0.0,0
LGS2ORD0019338,C014340,2025-06-03 03:00:00,Female,37,Bronze,TV,Chiang Mai,1493,CallCenter,COD,3,6,1,0,30-40,49.766666666666666,4.0,1.0,0.25,-11,1,8170.182499999999,0.18,0.5,0.0,0.0,9394.52,1,1,1.0,9394.52,1,1,1.0,19607.67,3,1,0.3333333333333333,32680.729999999996,4,1,0.25,0
LGS2ORD0019339,C015177,2025-06-03 03:00:00,Male,37,Silver,Web,Remote_Area,1080,Shopee,COD,3,6,1,0,30-40,36.0,1.0,0.0,0.0,-1,15,3170.92,0.15,0.0,0.0,0.0,0.0,0,0,0.0,3170.92,1,0,0.0,3170.92,1,0,0.0,3170.92,1,0,0.0,1
LGS2ORD0019340,C017953,2025-06-03 04:00:00,Male,53,Bronze,TV,Chonburi,698,Web,PromptPay,4,6,1,0,>50,23.266666666666666,1.0,0.0,0.0,-1,91,1969.86,0.13,1.0,0.0,0.0,0.0,0,0,0.0,0.0,0,0,0.0,0.0,0,0,0.0,1969.86,1,0,0.0,0
LGS2ORD0019341,C011585,2025-06-03 04:00:00,Female,65,Bronze,TV,Chiang Mai,980,Lazada,Bank_Transfer,4,6,1,0,>50,32.666666666666664,1.0,0.0,0.0,-1,38,5918.35,0.03,1.0,0.0,0.0,0.0,0,0,0.0,0.0,0,0,0.0,5918.35,1,0,0.0,5918.35,1,0,0.0,0
LGS2ORD0019342,C012293,2025-06-03 04:00:00,Female,27,Bronze,TV,Phuket,1334,Web,COD,4,6,1,0,20-30,44.46666666666667,3.0,1.0,0.3333333333333333,10,24,2108.706666666667,0.28,0.6666666666666666,0.6666666666666666,0.0,0.0,0,0,0.0,3960.11,1,1,1.0,3960.11,1,1,1.0,6326.120000000001,3,1,0.3333333333333333,1
LGS2ORD0019343,C010167,2025-06-03 04:00:00,Male,57,Bronze,TV,Bangkok,1104,TV_Show,PromptPay,4,6,1,0,>50,36.8,5.0,1.0,0.2,65,3,4808.314,0.13,0.4,0.0,0.0,8536.64,2,0,0.0,10426.19,3,0,0.0,12230.92,4,1,0.25,24041.57,5,1,0.2,0
LGS2ORD0019344,C017517,2025-06-03 04:00:00,Female,56,Silver,CallCenter,Khon Kaen,688,Lazada,Credit_Card,4,6,1,0,>50,22.933333333333334,4.0,1.0,0.25,86,16,11225.21,0.2,0.75,0.0,0.0,0.0,0,0,0.0,11504.55,1,0,0.0,35243.32,2,0,0.0,44900.84,4,1,0.25,0
LGS2ORD0019345,C017222,2025-06-03 05:00:00,Female,39,Bronze,TV,Bangkok,662,Shopee,COD,5,6,1,0,30-40,22.066666666666666,1.0,1.0,1.0,53,65,886.07,0.23,1.0,1.0,0.0,0.0,0,0,0.0,0.0,0,0,0.0,886.07,1,1,1.0,886.07,1,1,1.0,0
LGS2ORD0019346,C013109,2025-06-03 05:00:00,Male,46,Bronze,Shopee,Khon Kaen,1316,Web,COD,5,6,1,0,40-50,43.86666666666667,2.0,0.0,0.0,-1,116,4266.5,0.28,1.0,1.0,0.0,0.0,0,0,0.0,0.0,0,0,0.0,0.0,0,0,0.0,8533.0,2,0,0.0,0
LGS2ORD0019347,C014775,2025-06-03 05:00:00,Male,62,Silver,TV,Phuket,1316,Web,COD,5,6,1,0,>50,43.86666666666667,3.0,1.0,0.3333333333333333,36,19,7325.973333333332,0.1,0.6666666666666666,0.0,0.0,0.0,0,0,0.0,2403.27,1,0,0.0,3662.3,2,1,0.5,21977.92,3,1,0.3333333333333333,0
LGS2ORD0019348,C013878,2025-06-03 05:00:00,Male,31,Gold,TV,Chiang Mai,1037,Lazada,PromptPay,5,6,1,0,30-40,34.56666666666667,4.0,0.0,0.0,-1,46,5198.134999999999,0.33,0.25,0.5,0.0,0.0,0,0,0.0,0.0,0,0,0.0,13666.099999999999,3,0,0.0,20792.539999999997,4,0,0.0,0
LGS2ORD0019349,C010971,2025-06-03 05:00:00,Male,50,Bronze,Shopee,Bangkok,995,CallCenter,COD,5,6,1,0,40-50,33.166666666666664,4.0,1.0,0.25,131,45,6061.16,0.23,0.5,0.25,0.0,0.0,0,0,0.0,0.0,0,0,0.0,8228.73,2,0,0.0,24244.64,4,1,0.25,0
LGS2ORD0019350,C016601,2025-06-03 06:00:00,Female,54,Bronze,Web,Chonburi,1385,TV_Show,PromptPay,6,6,1,0,>50,46.166666666666664,3.0,0.0,0.0,-1,18,14970.346666666666,0.23,0.6666666666666666,0.3333333333333333,0.0,0.0,0,0,0.0,7387.76,1,0,0.0,7387.76,1,0,0.0,44911.04,3,0,0.0,1
LGS2ORD0019351,C014118,2025-06-03 06:00:00,Female,36,Silver,Shopee,Bangkok,1514,Shopee,COD,6,6,1,0,30-40,50.46666666666667,0.0,0.0,0.0,-1,-1,0.0,0.0,0.0,0.0,0.0,0.0,0,0,0.0,0.0,0,0,0.0,0.0,0,0,0.0,0.0,0,0,0.0,0
LGS2ORD0019352,C016888,2025-06-03 06:00:00,Male,32,Silver,Shopee,Nakhon Ratchasima,791,Lazada,COD,6,6,1,0,30-40,26.366666666666667,3.0,0.0,0.0,-1,35,3562.286666666667,0.2,0.3333333333333333,0.0,0.0,0.0,0,0,0.0,0.0,0,0,0.0,10686.86,3,0,0.0,10686.86,3,0,0.0,0
LGS2ORD0019353,C012859,2025-06-03 06:00:00,Male,72,Bronze,Web,Nakhon Ratchasima,1132,CallCenter,COD,6,6,1,0,>50,37.733333333333334,7.0,1.0,0.14285714285714285,-13,1,3842.3,0.18,0.5714285714285714,0.0,0.0,2267.22,1,1,1.0,3703.7799999999997,2,1,0.5,6006.5,4,1,0.25,26896.100000000002,7,1,0.14285714285714285,0
LGS2ORD0019354,C017354,2025-06-03 06:00:00,Male,52,Silver,Web,Songkhla,1296,Lazada,COD,6,6,1,0,>50,43.2,1.0,1.0,1.0,63,71,2599.2,0.3,1.0,1.0,0.0,0.0,0,0,0.0,0.0,0,0,0.0,2599.2,1,1,1.0,2599.2,1,1,1.0,1
LGS2ORD0019355,C013246,2025-06-03 06:00:00,Male,31,Bronze,TV,Phuket,1064,TV_Show,COD,6,6,1,0,30-40,35.46666666666667,1.0,1.0,1.0,22,34,1769.77,0.08,1.0,0.0,0.0,0.0,0,0,0.0,0.0,0,0,0.0,1769.77,1,1,1.0,1769.77,1,1,1.0,1
LGS2ORD0019356,C011433,2025-06-03 07:00:00,Male,61,Bronze,Shopee,Chonburi,1363,TV_Show,COD,7,6,1,0,>50,45.43333333333333,4.0,1.0,0.25,123,77,6292.639999999999,0.28,0.0,0.25,0.0,0.0,0,0,0.0,0.0,0,0,0.0,19511.48,1,0,0.0,25170.559999999998,4,1,0.25,0
LGS2ORD0019357,C014944,2025-06-03 07:00:00,Male,57,Silver,Web,Bangkok,692,Shopee,PromptPay,7,6,1,0,>50,23.066666666666666,4.0,0.0,0.0,-1,34,7883.675,0.25,0.25,0.25,0.0,0.0,0,0,0.0,0.0,0,0,0.0,20133.11,1,0,0.0,31534.7,4,0,0.0,1
LGS2ORD0019358,C017860,2025-06-03 07:00:00,Male,48,Bronze,Shopee,Chiang Mai,1075,Shopee,PromptPay,7,6,1,0,40-50,35.833333333333336,1.0,0.0,0.0,-1,143,9966.84,0.03,1.0,0.0,0.0,0.0,0,0,0.0,0.0,0,0,0.0,0.0,0,0,0.0,9966.84,1,0,0.0,0
LGS2ORD0019359,C017110,2025-06-03 07:00:00,Female,53,Gold,Web,Nakhon Ratchasima,1016,TV_Show,Credit_Card,7,6,1,0,>50,33.86666666666667,3.0,0.0,0.0,-1,62,9392.386666666667,0.13,1.0,0.0,0.0,0.0,0,0,0.0,0.0,0,0,0.0,28177.16,3,0,0.0,28177.16,3,0,0.0,0
LGS2ORD0019360,C015739,2025-06-03 07:00:00,Male,50,Bronze,TV,Chiang Mai,702,Shopee,COD,7,6,1,0,40-50,23.4,2.0,1.0,0.5,138,123,8041.695,0.23,1.0,0.5,0.0,0.0,0,0,0.0,0.0,0,0,0.0,0.0,0,0,0.0,16083.39,2,1,0.5,1
LGS2ORD0019361,C012226,2025-06-03 08:00:00,Male,41,Bronze,Web,Songkhla,1592,TV_Show,COD,8,6,1,0,40-50,53.06666666666667,2.0,0.0,0.0,-1,48,2198.7200000000003,0.23,0.5,1.0,0.0,0.0,0,0,0.0,0.0,0,0,0.0,1036.91,1,0,0.0,4397.4400000000005,2,0,0.0,1
LGS2ORD0019362,C011365,2025-06-03 08:00:00,Female,35,Silver,TV,Chiang Mai,782,TV_Show,Bank_Transfer,8,6,1,0,30-40,26.066666666666666,2.0,1.0,0.5,57,62,3270.365,0.3,0.5,1.0,0.0,0.0,0,0,0.0,0.0,0,0,0.0,6191.44,1,1,1.0,6540.73,2,1,0.5,0
LGS2ORD0019363,C010361,2025-06-03 08:00:00,Female,29,Silver,Lazada,Bangkok,700,Shopee,COD,8,6,1,0,20-30,23.333333333333332,1.0,1.0,1.0,9,20,19130.25,0.2,1.0,0.0,0.0,0.0,0,0,0.0,19130.25,1,1,1.0,19130.25,1,1,1.0,19130.25,1,1,1.0,0
LGS2ORD0019364,C014362,2025-06-03 08:00:00,Male,48,Gold,TV,Songkhla,777,Shopee,Bank_Transfer,8,6,1,0,40-50,25.9,1.0,1.0,1.0,131,134,2423.53,0.28,1.0,1.0,0.0,0.0,0,0,0.0,0.0,0,0,0.0,0.0,0,0,0.0,2423.53,1,1,1.0,0
LGS2ORD0019365,C015030,2025-06-03 08:00:00,Female,69,Silver,Web,Bangkok,518,TV_Show,PromptPay,8,6,1,0,>50,17.266666666666666,2.0,0.0,0.0,-1,59,4053.32,0.25,0.5,0.5,0.0,0.0,0,0,0.0,0.0,0,0,0.0,6363.43,1,0,0.0,8106.64,2,0,0.0,0
LGS2ORD0019366,C010273,2025-06-03 09:00:00,Female,47,Gold,Lazada,Bangkok,965,Shopee,Credit_Card,9,6,1,0,40-50,32.166666666666664,2.0,1.0,0.5,-5,6,11616.22,0.2299999999999999,1.0,0.5,0.0,8037.37,1,1,1.0,8037.37,1,1,1.0,8037.37,1,1,1.0,23232.44,2,1,0.5,0
LGS2ORD0019367,C016801,2025-06-03 09:00:00,Female,30,Gold,Web,Nakhon Ratchasima,611,TV_Show,Credit_Card,9,6,1,0,20-30,20.366666666666667,4.0,2.0,0.5,29,37,2961.7975,0.18,0.5,0.0,0.0,0.0,0,0,0.0,0.0,0,0,0.0,10106.45,3,2,0.6666666666666666,11847.19,4,2,0.5,0
LGS2ORD0019368,C012730,2025-06-03 09:00:00,Female,22,Bronze,TV,Chonburi,298,Lazada,Credit_Card,9,6,1,0,20-30,9.933333333333334,5.0,1.0,0.2,74,17,7709.262,0.28,0.2,0.2,0.0,0.0,0,0,0.0,1880.24,1,0,0.0,34999.909999999996,4,1,0.25,38546.31,5,1,0.2,0
LGS2ORD0019369,C016117,2025-06-03 09:00:00,Female,55,Bronze,TV,Nakhon Ratchasima,1152,TV_Show,COD,9,6,1,0,>50,38.4,4.0,2.0,0.5,39,13,3580.065,0.23,0.5,0.25,0.0,0.0,0,0,0.0,8999.35,2,0,0.0,14320.26,4,2,0.5,14320.26,4,2,0.5,1
LGS2ORD0019370,C012986,2025-06-03 09:00:00,Female,38,Silver,TV,Bangkok,1500,Lazada,Bank_Transfer,9,6,1,0,30-40,50.0,2.0,1.0,0.5,43,52,3754.5950000000003,0.25,0.5,0.5,0.0,0.0,0,0,0.0,0.0,0,0,0.0,3631.02,1,1,1.0,7509.1900000000005,2,1,0.5,0
LGS2ORD0019371,C012132,2025-06-03 10:00:00,Female,47,Bronze,CallCenter,Bangkok,576,TV_Show,PromptPay,10,6,1,0,40-50,19.2,3.0,1.0,0.3333333333333333,101,17,1051.0266666666666,0.23,1.0,0.3333333333333333,0.0,0.0,0,0,0.0,1709.53,1,0,0.0,1709.53,1,0,0.0,3153.08,3,1,0.3333333333333333,0
LGS2ORD0019372,C015902,2025-06-03 10:00:00,Male,37,Bronze,Web,Nakhon Ratchasima,172,Web,PromptPay,10,6,1,0,30-40,5.733333333333333,5.0,0.0,0.0,-1,39,6390.464,0.18,0.8,0.0,0.0,0.0,0,0,0.0,0.0,0,0,0.0,31952.32,5,0,0.0,31952.32,5,0,0.0,0
LGS2ORD0019373,C017961,2025-06-03 10:00:00,Female,35,Bronze,Lazada,Chiang Mai,1025,Lazada,COD,10,6,1,0,30-40,34.166666666666664,4.0,1.0,0.25,116,50,12042.582500000002,0.23,0.25,0.25,0.0,0.0,0,0,0.0,0.0,0,0,0.0,5642.41,2,0,0.0,48170.33000000001,4,1,0.25,0
LGS2ORD0019374,C017015,2025-06-03 10:00:00,Male,47,Bronze,Web,Bangkok,850,Shopee,COD,10,6,1,0,40-50,28.333333333333332,1.0,1.0,1.0,-1,3,756.65,0.08,0.0,0.0,0.0,756.65,1,1,1.0,756.65,1,1,1.0,756.65,1,1,1.0,756.65,1,1,1.0,0
LGS2ORD0019375,C014893,2025-06-03 10:00:00,Female,29,Bronze,Shopee,Phuket,695,Shopee,PromptPay,10,6,1,0,20-30,23.166666666666668,4.0,0.0,0.0,-1,5,8699.7925,0.28,0.25,0.75,0.0,19882.26,1,0,0.0,19882.26,1,0,0.0,21904.42,2,0,0.0,34799.17,4,0,0.0,0
LGS2ORD0019376,C014620,2025-06-03 10:00:00,Female,39,Silver,Shopee,Remote_Area,1154,TV_Show,Bank_Transfer,10,6,1,0,30-40,38.46666666666667,2.0,1.0,0.5,103,40,3859.605,0.25,0.5,0.5,0.0,0.0,0,0,0.0,0.0,0,0,0.0,754.46,1,0,0.0,7719.21,2,1,0.5,0
LGS2ORD0019377,C015250,2025-06-03 11:00:00,Male,52,Gold,TV,Bangkok,753,CallCenter,PromptPay,11,6,1,0,>50,25.1,2.0,0.0,0.0,-1,85,3960.2200000000003,0.28,0.5,0.5,0.0,0.0,0,0,0.0,0.0,0,0,0.0,5091.71,1,0,0.0,7920.4400000000005,2,0,0.0,0
LGS2ORD0019378,C012632,2025-06-03 11:00:00,Female,40,Bronze,CallCenter,Bangkok,1032,TV_Show,PromptPay,11,6,1,0,30-40,34.4,1.0,0.0,0.0,-1,63,1383.71,0.23,0.0,1.0,0.0,0.0,0,0,0.0,0.0,0,0,0.0,1383.71,1,0,0.0,1383.71,1,0,0.0,0
LGS2ORD0019379,C015018,2025-06-03 11:00:00,Male,37,Gold,TV,Phuket,1536,Web,COD,11,6,1,0,30-40,51.2,5.0,0.0,0.0,-1,1,2352.298,0.28,0.4,0.2,0.0,1170.9,1,0,0.0,1170.9,1,0,0.0,1170.9,1,0,0.0,11761.49,5,0,0.0,0
LGS2ORD0019380,C011253,2025-06-03 11:00:00,Male,42,Platinum,Lazada,Chiang Mai,923,Web,PromptPay,11,6,1,0,40-50,30.766666666666666,1.0,0.0,0.0,-1,82,4333.85,0.1,0.0,0.0,0.0,0.0,0,0,0.0,0.0,0,0,0.0,4333.85,1,0,0.0,4333.85,1,0,0.0,0
LGS2ORD0019381,C015683,2025-06-03 11:00:00,Male,26,Platinum,TV,Bangkok,708,TV_Show,COD,11,6,1,0,20-30,23.6,3.0,0.0,0.0,-1,36,3364.4300000000003,0.15,0.3333333333333333,0.0,0.0,0.0,0,0,0.0,0.0,0,0,0.0,7072.25,2,0,0.0,10093.29,3,0,0.0,0
LGS2ORD0019382,C011047,2025-06-03 12:00:00,Female,26,Silver,Lazada,Bangkok,1228,CallCenter,PromptPay,12,6,1,0,20-30,40.93333333333333,2.0,1.0,0.5,16,21,5729.16,0.1,1.0,0.0,0.0,0.0,0,0,0.0,7143.12,1,1,1.0,11458.32,2,1,0.5,11458.32,2,1,0.5,0
LGS2ORD0019383,C017507,2025-06-03 12:00:00,Male,26,Silver,Web,Phuket,952,Shopee,Bank_Transfer,12,6,1,0,20-30,31.733333333333334,3.0,1.0,0.3333333333333333,7,11,4601.6466666666665,0.25,0.6666666666666666,0.3333333333333333,0.0,0.0,0,0,0.0,1898.27,1,1,1.0,8284.0,2,1,0.5,13804.939999999999,3,1,0.3333333333333333,0
LGS2ORD0019384,C016284,2025-06-03 12:00:00,Male,67,Bronze,CallCenter,Bangkok,1157,Shopee,COD,12,6,1,0,>50,38.56666666666667,1.0,0.0,0.0,-1,101,6873.84,0.03,0.0,0.0,0.0,0.0,0,0,0.0,0.0,0,0,0.0,0.0,0,0,0.0,6873.84,1,0,0.0,0
LGS2ORD0019385,C013650,2025-06-03 12:00:00,Male,37,Bronze,Lazada,Khon Kaen,1421,CallCenter,COD,12,6,1,0,30-40,47.36666666666667,3.0,1.0,0.3333333333333333,56,60,7069.78,0.23,0.6666666666666666,0.6666666666666666,0.0,0.0,0,0,0.0,0.0,0,0,0.0,21209.34,3,1,0.3333333333333333,21209.34,3,1,0.3333333333333333,0
LGS2ORD0019386,C017315,2025-06-03 12:00:00,Male,42,Bronze,TV,Songkhla,878,CallCenter,PromptPay,12,6,1,0,40-50,29.266666666666666,1.0,0.0,0.0,-1,18,2458.01,0.03,0.0,0.0,0.0,0.0,0,0,0.0,2458.01,1,0,0.0,2458.01,1,0,0.0,2458.01,1,0,0.0,0
LGS2ORD0019387,C011850,2025-06-03 13:00:00,Male,57,Bronze,Shopee,Remote_Area,455,Shopee,Credit_Card,13,6,1,0,>50,15.166666666666666,5.0,2.0,0.4,27,7,5249.755999999999,0.18,1.0,0.0,0.0,0.0,0,0,0.0,18220.63,1,0,0.0,25700.440000000002,4,2,0.5,26248.78,5,2,0.4,0
LGS2ORD0019388,C016863,2025-06-03 13:00:00,Male,61,Bronze,TV,Songkhla,197,Shopee,Credit_Card,13,6,1,0,>50,6.566666666666666,2.0,0.0,0.0,-1,21,12994.93,0.08,0.5,0.0,0.0,0.0,0,0,0.0,4648.8,1,0,0.0,25989.86,2,0,0.0,25989.86,2,0,0.0,0
LGS2ORD0019389,C014210,2025-06-03 13:00:00,Male,34,Bronze,Web,Remote_Area,646,CallCenter,Credit_Card,13,6,1,0,30-40,21.533333333333335,8.0,1.0,0.125,23,18,3303.8437499999995,0.28,0.25,0.125,0.0,0.0,0,0,0.0,16765.67,1,0,0.0,18961.159999999996,3,1,0.3333333333333333,26430.749999999996,8,1,0.125,1
LGS2ORD0019390,C014020,2025-06-03 13:00:00,Female,43,Platinum,TV,Chiang Mai,659,CallCenter,COD,13,6,1,0,40-50,21.966666666666665,1.0,0.0,0.0,-1,79,6224.37,0.15,0.0,0.0,0.0,0.0,0,0,0.0,0.0,0,0,0.0,6224.37,1,0,0.0,6224.37,1,0,0.0,0
LGS2ORD0019391,C016869,2025-06-03 13:00:00,Male,52,Bronze,Shopee,Khon Kaen,1017,TV_Show,COD,13,6,1,0,>50,33.9,2.0,0.0,0.0,-1,46,5198.625,0.28,0.5,0.5,0.0,0.0,0,0,0.0,0.0,0,0,0.0,4870.61,1,0,0.0,10397.25,2,0,0.0,0
LGS2ORD0019392,C016460,2025-06-03 14:00:00,Female,58,Silver,CallCenter,Khon Kaen,571,TV_Show,Credit_Card,14,6,1,0,>50,19.033333333333335,3.0,1.0,0.3333333333333333,62,24,12554.113333333333,0.2,0.6666666666666666,0.0,0.0,0.0,0,0,0.0,11901.97,1,0,0.0,37662.34,3,1,0.3333333333333333,37662.34,3,1,0.3333333333333333,1
LGS2ORD0019393,C015028,2025-06-03 14:00:00,Female,53,Bronze,Web,Bangkok,247,Shopee,COD,14,6,1,0,>50,8.233333333333333,3.0,0.0,0.0,-1,12,2515.346666666667,0.18,0.0,0.0,0.0,0.0,0,0,0.0,3339.52,1,0,0.0,3339.52,1,0,0.0,7546.040000000001,3,0,0.0,1
LGS2ORD0019394,C015060,2025-06-03 14:00:00,Male,29,Silver,CallCenter,Remote_Area,553,Lazada,PromptPay,14,6,1,0,20-30,18.433333333333334,1.0,1.0,1.0,108,120,650.5,0.05,0.0,0.0,0.0,0.0,0,0,0.0,0.0,0,0,0.0,0.0,0,0,0.0,650.5,1,1,1.0,1
LGS2ORD0019395,C013799,2025-06-03 14:00:00,Female,63,Bronze,TV,Chiang Mai,477,Lazada,COD,14,6,1,0,>50,15.9,5.0,0.0,0.0,-1,15,11573.684,0.23,0.6,0.2,0.0,0.0,0,0,0.0,26712.33,1,0,0.0,55432.92,4,0,0.0,57868.42,5,0,0.0,1
LGS2ORD0019396,C012110,2025-06-03 14:00:00,Male,52,Bronze,Shopee,Chonburi,173,Web,PromptPay,14,6,1,0,>50,5.766666666666667,1.0,0.0,0.0,-1,139,1420.86,0.08,0.0,0.0,0.0,0.0,0,0,0.0,0.0,0,0,0.0,0.0,0,0,0.0,1420.86,1,0,0.0,0
LGS2ORD0019397,C016624,2025-06-03 14:00:00,Female,32,Gold,TV,Remote_Area,522,TV_Show,Bank_Transfer,14,6,1,0,30-40,17.4,4.0,4.0,1.0,8,19,8335.82,0.33,0.75,0.75,0.0,0.0,0,0,0.0,19502.690000000002,2,2,1.0,24771.31,3,3,1.0,33343.28,4,4,1.0,0
LGS2ORD0019398,C013808,2025-06-03 15:00:00,Female,34,Bronze,Shopee,Bangkok,1007,Web,COD,15,6,1,0,30-40,33.56666666666667,4.0,0.0,0.0,-1,30,3554.19,0.28,0.5,0.25,0.0,0.0,0,0,0.0,0.0,0,0,0.0,11307.44,3,0,0.0,14216.76,4,0,0.0,0
LGS2ORD0019399,C012109,2025-06-03 15:00:00,Male,31,Bronze,Web,Bangkok,1154,Web,Credit_Card,15,6,1,0,30-40,38.46666666666667,0.0,0.0,0.0,-1,-1,0.0,0.0,0.0,0.0,0.0,0.0,0,0,0.0,0.0,0,0,0.0,0.0,0,0,0.0,0.0,0,0,0.0,0
LGS2ORD0019400,C012308,2025-06-03 15:00:00,Male,22,Bronze,TV,Songkhla,1111,Web,Credit_Card,15,6,1,0,20-30,37.03333333333333,6.0,3.0,0.5,48,59,3979.728333333334,0.23,0.6666666666666666,0.5,0.0,0.0,0,0,0.0,0.0,0,0,0.0,12728.07,3,2,0.6666666666666666,23878.370000000003,6,3,0.5,0
LGS2ORD0019401,C014660,2025-06-03 15:00:00,Female,41,Bronze,Shopee,Khon Kaen,1035,TV_Show,COD,15,6,1,0,40-50,34.5,5.0,0.0,0.0,-1,0,5395.893999999999,0.23,0.4,0.2,0.0,3387.12,1,0,0.0,17640.23,2,0,0.0,25505.14,4,0,0.0,26979.469999999998,5,0,0.0,0
LGS2ORD0019402,C013768,2025-06-03 15:00:00,Male,39,Platinum,Lazada,Chiang Mai,1186,Web,COD,15,6,1,0,30-40,39.53333333333333,3.0,2.0,0.6666666666666666,113,9,2649.6133333333332,0.3,1.0,1.0,0.0,0.0,0,0,0.0,2332.44,1,0,0.0,2332.44,1,0,0.0,7948.84,3,2,0.6666666666666666,0
LGS2ORD0019403,C014566,2025-06-03 16:00:00,Other,38,Bronze,TV,Bangkok,233,Shopee,COD,16,6,1,0,30-40,7.766666666666667,6.0,2.0,0.3333333333333333,85,21,9919.541666666666,0.23,0.6666666666666666,0.16666666666666666,0.0,0.0,0,0,0.0,5321.45,1,0,0.0,6388.5199999999995,2,0,0.0,59517.24999999999,6,2,0.3333333333333333,0
LGS2ORD0019404,C014314,2025-06-03 16:00:00,Male,58,Bronze,Lazada,Chonburi,785,Shopee,PromptPay,16,6,1,0,>50,26.166666666666668,2.0,1.0,0.5,94,102,11544.85,0.28,1.0,0.5,0.0,0.0,0,0,0.0,0.0,0,0,0.0,0.0,0,0,0.0,23089.7,2,1,0.5,0
LGS2ORD0019405,C015069,2025-06-03 16:00:00,Female,44,Silver,Web,Chiang Mai,697,TV_Show,Credit_Card,16,6,1,0,40-50,23.233333333333334,5.0,2.0,0.4,107,11,3377.9139999999998,0.3,0.6,0.2,0.0,0.0,0,0,0.0,5660.24,1,0,0.0,5660.24,1,0,0.0,16889.57,5,2,0.4,0
LGS2ORD0019406,C010807,2025-06-03 16:00:00,Male,45,Gold,Web,Chiang Mai,880,CallCenter,COD,16,6,1,0,40-50,29.333333333333332,1.0,0.0,0.0,-1,73,6851.94,0.08,1.0,0.0,0.0,0.0,0,0,0.0,0.0,0,0,0.0,6851.94,1,0,0.0,6851.94,1,0,0.0,1
LGS2ORD0019407,C016807,2025-06-03 16:00:00,Female,18,Gold,TV,Bangkok,1503,TV_Show,PromptPay,16,6,1,0,<20,50.1,2.0,1.0,0.5,99,72,2724.3599999999997,0.28,1.0,0.5,0.0,0.0,0,0,0.0,0.0,0,0,0.0,1353.83,1,0,0.0,5448.719999999999,2,1,0.5,0
LGS2ORD0019408,C012006,2025-06-03 17:00:00,Female,33,Gold,Lazada,Bangkok,1223,Web,Credit_Card,17,6,1,0,30-40,40.766666666666666,1.0,0.0,0.0,-1,89,2303.21,0.08,1.0,0.0,0.0,0.0,0,0,0.0,0.0,0,0,0.0,2303.21,1,0,0.0,2303.21,1,0,0.0,0
LGS2ORD0019409,C015840,2025-06-03 17:00:00,Male,30,Silver,Lazada,Bangkok,1076,CallCenter,PromptPay,17,6,1,0,20-30,35.86666666666667,4.0,0.0,0.0,-1,44,3635.4375,0.2,0.5,0.0,0.0,0.0,0,0,0.0,0.0,0,0,0.0,5600.78,3,0,0.0,14541.75,4,0,0.0,0
LGS2ORD0019410,C012628,2025-06-03 17:00:00,Male,34,Platinum,Shopee,Bangkok,851,CallCenter,PromptPay,17,6,1,0,30-40,28.366666666666667,4.0,0.0,0.0,-1,11,3187.04,0.3,0.5,1.0,0.0,0.0,0,0,0.0,1324.71,1,0,0.0,11670.830000000002,3,0,0.0,12748.16,4,0,0.0,0
LGS2ORD0019411,C012471,2025-06-03 17:00:00,Female,44,Gold,Lazada,Chiang Mai,1119,TV_Show,COD,17,6,1,0,40-50,37.3,1.0,0.0,0.0,-1,56,2901.9,0.13,1.0,0.0,0.0,0.0,0,0,0.0,0.0,0,0,0.0,2901.9,1,0,0.0,2901.9,1,0,0.0,0
LGS2ORD0019412,C015421,2025-06-03 17:00:00,Other,32,Platinum,Shopee,Phuket,998,TV_Show,Credit_Card,17,6,1,0,30-40,33.266666666666666,6.0,3.0,0.5,8,15,3492.111666666667,0.35,0.8333333333333334,1.0,0.0,0.0,0,0,0.0,17680.91,3,1,0.3333333333333333,17680.91,3,1,0.3333333333333333,20952.670000000002,6,3,0.5,0
LGS2ORD0019413,C017370,2025-06-03 18:00:00,Male,46,Silver,TV,Bangkok,1537,Lazada,COD,18,6,1,0,40-50,51.233333333333334,5.0,2.0,0.4,91,70,4616.076,0.25,0.4,0.6,0.0,0.0,0,0,0.0,0.0,0,0,0.0,1398.23,1,0,0.0,23080.38,5,2,0.4,0
LGS2ORD0019414,C010139,2025-06-03 18:00:00,Female,51,Silver,TV,Phuket,767,TV_Show,Bank_Transfer,18,6,1,0,>50,25.566666666666666,2.0,2.0,1.0,104,114,338.33500000000004,0.2,1.0,0.0,0.0,0.0,0,0,0.0,0.0,0,0,0.0,0.0,0,0,0.0,676.6700000000001,2,2,1.0,1
LGS2ORD0019415,C011939,2025-06-03 18:00:00,Female,55,Silver,TV,Remote_Area,1571,CallCenter,COD,18,6,1,0,>50,52.36666666666667,3.0,2.0,0.6666666666666666,11,15,5544.2266666666665,0.25,1.0,0.3333333333333333,0.0,0.0,0,0,0.0,14946.54,2,1,0.5,16632.68,3,2,0.6666666666666666,16632.68,3,2,0.6666666666666666,0
LGS2ORD0019416,C017462,2025-06-03 18:00:00,Male,18,Bronze,Shopee,Khon Kaen,1392,TV_Show,PromptPay,18,6,1,0,<20,46.4,0.0,0.0,0.0,-1,-1,0.0,0.0,0.0,0.0,0.0,0.0,0,0,0.0,0.0,0,0,0.0,0.0,0,0,0.0,0.0,0,0,0.0,0
LGS2ORD0019417,C010055,2025-06-03 18:00:00,Female,55,Bronze,Lazada,Remote_Area,574,Lazada,Credit_Card,18,6,1,0,>50,19.133333333333333,3.0,0.0,0.0,-1,80,2285.58,0.08,0.0,0.0,0.0,0.0,0,0,0.0,0.0,0,0,0.0,2295.7,1,0,0.0,6856.74,3,0,0.0,0
LGS2ORD0019418,C017115,2025-06-03 18:00:00,Female,36,Platinum,Web,Bangkok,299,TV_Show,Credit_Card,18,6,1,0,30-40,9.966666666666667,1.0,0.0,0.0,-1,92,8577.4,0.25,1.0,1.0,0.0,0.0,0,0,0.0,0.0,0,0,0.0,0.0,0,0,0.0,8577.4,1,0,0.0,0
LGS2ORD0019419,C013950,2025-06-03 19:00:00,Male,42,Bronze,TV,Nakhon Ratchasima,1546,Web,COD,19,6,1,0,40-50,51.53333333333333,3.0,0.0,0.0,-1,38,1638.4666666666665,0.18,0.3333333333333333,0.0,0.0,0.0,0,0,0.0,0.0,0,0,0.0,554.5,1,0,0.0,4915.4,3,0,0.0,0
LGS2ORD0019420,C016083,2025-06-03 19:00:00,Female,41,Silver,Lazada,Bangkok,1381,Web,COD,19,6,1,0,40-50,46.03333333333333,0.0,0.0,0.0,-1,-1,0.0,0.0,0.0,0.0,0.0,0.0,0,0,0.0,0.0,0,0,0.0,0.0,0,0,0.0,0.0,0,0,0.0,0
LGS2ORD0019421,C017685,2025-06-03 19:00:00,Female,45,Bronze,TV,Khon Kaen,204,Shopee,COD,19,6,1,0,40-50,6.8,1.0,0.0,0.0,-1,94,25471.33,0.08,1.0,0.0,0.0,0.0,0,0,0.0,0.0,0,0,0.0,0.0,0,0,0.0,25471.33,1,0,0.0,0
LGS2ORD0019422,C013336,2025-06-03 19:00:00,Female,63,Silver,TV,Chonburi,1297,TV_Show,COD,19,6,1,0,>50,43.233333333333334,0.0,0.0,0.0,-1,-1,0.0,0.0,0.0,0.0,0.0,0.0,0,0,0.0,0.0,0,0,0.0,0.0,0,0,0.0,0.0,0,0,0.0,0
LGS2ORD0019423,C014701,2025-06-03 19:00:00,Female,63,Bronze,Lazada,Bangkok,1580,CallCenter,Credit_Card,19,6,1,0,>50,52.666666666666664,2.0,0.0,0.0,-1,87,1057.315,0.18,1.0,0.0,0.0,0.0,0,0,0.0,0.0,0,0,0.0,740.84,1,0,0.0,2114.63,2,0,0.0,0
LGS2ORD0019424,C016534,2025-06-03 20:00:00,Female,51,Bronze,TV,Remote_Area,178,CallCenter,Credit_Card,20,6,1,0,>50,5.933333333333334,4.0,0.0,0.0,-1,27,3149.7175,0.28,0.25,0.5,0.0,0.0,0,0,0.0,3096.25,1,0,0.0,12598.87,4,0,0.0,12598.87,4,0,0.0,0
LGS2ORD0019425,C017991,2025-06-03 20:00:00,Other,62,Bronze,Web,Songkhla,1019,CallCenter,Bank_Transfer,20,6,1,0,>50,33.96666666666667,2.0,0.0,0.0,-1,93,2597.305,0.28,1.0,0.5,0.0,0.0,0,0,0.0,0.0,0,0,0.0,0.0,0,0,0.0,5194.61,2,0,0.0,0
LGS2ORD0019426,C017058,2025-06-03 20:00:00,Female,45,Bronze,CallCenter,Chiang Mai,1149,Lazada,COD,20,6,1,0,40-50,38.3,5.0,1.0,0.2,86,23,11569.905999999999,0.18,0.2,0.0,0.0,0.0,0,0,0.0,20464.92,1,0,0.0,34295.61,3,0,0.0,57849.53,5,1,0.2,0
LGS2ORD0019427,C014478,2025-06-03 20:00:00,Female,59,Platinum,Shopee,Nakhon Ratchasima,244,TV_Show,PromptPay,20,6,1,0,>50,8.133333333333333,6.0,1.0,0.16666666666666666,48,25,11914.089999999998,0.35,0.16666666666666666,0.3333333333333333,0.0,0.0,0,0,0.0,14343.37,2,0,0.0,71484.54,6,1,0.16666666666666666,71484.54,6,1,0.16666666666666666,0
LGS2ORD0019428,C012260,2025-06-03 20:00:00,Female,51,Bronze,Lazada,Bangkok,868,TV_Show,COD,20,6,1,0,>50,28.933333333333334,6.0,1.0,0.16666666666666666,27,36,5039.46,0.28,0.3333333333333333,0.5,0.0,0.0,0,0,0.0,0.0,0,0,0.0,17660.920000000002,4,1,0.25,30236.760000000002,6,1,0.16666666666666666,0
LGS2ORD0019429,C017836,2025-06-03 21:00:00,Male,43,Gold,Lazada,Chiang Mai,771,Lazada,COD,21,6,1,0,40-50,25.7,2.0,1.0,0.5,51,63,5077.75,0.2299999999999999,0.5,0.5,0.0,0.0,0,0,0.0,0.0,0,0,0.0,8081.28,1,1,1.0,10155.5,2,1,0.5,0
LGS2ORD0019430,C014195,2025-06-03 21:00:00,Male,29,Silver,Shopee,Bangkok,1589,Shopee,PromptPay,21,6,1,0,20-30,52.96666666666667,2.0,1.0,0.5,131,101,8855.83,0.25,0.5,0.5,0.0,0.0,0,0,0.0,0.0,0,0,0.0,0.0,0,0,0.0,17711.66,2,1,0.5,0
LGS2ORD0019431,C015734,2025-06-03 21:00:00,Male,35,Bronze,Web,Chiang Mai,753,TV_Show,Credit_Card,21,6,1,0,30-40,25.1,2.0,0.0,0.0,-1,46,3566.21,0.23,0.0,0.5,0.0,0.0,0,0,0.0,0.0,0,0,0.0,7132.42,2,0,0.0,7132.42,2,0,0.0,0
LGS2ORD0019432,C010137,2025-06-03 21:00:00,Female,43,Gold,Lazada,Chiang Mai,805,Lazada,COD,21,6,1,0,40-50,26.833333333333332,5.0,1.0,0.2,5,11,9875.714,0.33,0.6,0.4,0.0,0.0,0,0,0.0,31928.28,2,1,0.5,31928.28,2,1,0.5,49378.57,5,1,0.2,0
LGS2ORD0019433,C016170,2025-06-03 21:00:00,Male,37,Silver,Web,Nakhon Ratchasima,1344,CallCenter,Bank_Transfer,21,6,1,0,30-40,44.8,0.0,0.0,0.0,-1,-1,0.0,0.0,0.0,0.0,0.0,0.0,0,0,0.0,0.0,0,0,0.0,0.0,0,0,0.0,0.0,0,0,0.0,0
LGS2ORD0019434,C016699,2025-06-03 22:00:00,Female,41,Silver,Web,Khon Kaen,1504,TV_Show,COD,22,6,1,0,40-50,50.13333333333333,2.0,0.0,0.0,-1,17,2225.06,0.25,0.5,0.5,0.0,0.0,0,0,0.0,1254.9,1,0,0.0,1254.9,1,0,0.0,4450.12,2,0,0.0,0
LGS2ORD0019435,C016973,2025-06-03 22:00:00,Female,33,Bronze,TV,Chiang Mai,590,TV_Show,PromptPay,22,6,1,0,30-40,19.666666666666668,3.0,0.0,0.0,-1,79,4535.81,0.08,0.6666666666666666,0.0,0.0,0.0,0,0,0.0,0.0,0,0,0.0,12387.41,2,0,0.0,13607.43,3,0,0.0,1
LGS2ORD0019436,C011419,2025-06-03 22:00:00,Female,18,Silver,CallCenter,Bangkok,1374,TV_Show,COD,22,6,1,0,<20,45.8,2.0,0.0,0.0,-1,102,2748.025,0.2,0.5,0.0,0.0,0.0,0,0,0.0,0.0,0,0,0.0,0.0,0,0,0.0,5496.05,2,0,0.0,0
LGS2ORD0019437,C016311,2025-06-03 22:00:00,Female,42,Silver,Web,Chonburi,1244,Shopee,Credit_Card,22,6,1,0,40-50,41.46666666666667,2.0,1.0,0.5,98,111,5660.129999999999,0.2,0.5,0.0,0.0,0.0,0,0,0.0,0.0,0,0,0.0,0.0,0,0,0.0,11320.259999999998,2,1,0.5,0
LGS2ORD0019438,C014669,2025-06-03 22:00:00,Female,23,Silver,TV,Chiang Mai,992,Shopee,Credit_Card,22,6,1,0,20-30,33.06666666666667,0.0,0.0,0.0,-1,-1,0.0,0.0,0.0,0.0,0.0,0.0,0,0,0.0,0.0,0,0,0.0,0.0,0,0,0.0,0.0,0,0,0.0,0
LGS2ORD0019439,C014597,2025-06-03 22:00:00,Female,32,Bronze,CallCenter,Bangkok,1038,TV_Show,Credit_Card,22,6,1,0,30-40,34.6,4.0,1.0,0.25,39,55,6473.8875,0.28,0.0,0.25,0.0,0.0,0,0,0.0,0.0,0,0,0.0,22321.239999999998,3,1,0.3333333333333333,25895.55,4,1,0.25,1
LGS2ORD0019440,C013461,2025-06-03 23:00:00,Female,47,Bronze,CallCenter,Bangkok,203,Lazada,PromptPay,23,6,1,0,40-50,6.766666666666667,5.0,0.0,0.0,-1,6,3054.7480000000005,0.28,0.2,0.6,0.0,9819.83,1,0,0.0,9819.83,1,0,0.0,12553.78,4,0,0.0,15273.740000000002,5,0,0.0,0
LGS2ORD0019441,C015371,2025-06-03 23:00:00,Male,31,Bronze,Web,Khon Kaen,625,TV_Show,COD,23,6,1,0,30-40,20.833333333333332,1.0,0.0,0.0,-1,18,3920.35,0.08,0.0,0.0,0.0,0.0,0,0,0.0,3920.35,1,0,0.0,3920.35,1,0,0.0,3920.35,1,0,0.0,0
LGS2ORD0019442,C011173,2025-06-03 23:00:00,Male,29,Silver,Lazada,Nakhon Ratchasima,640,Lazada,PromptPay,23,6,1,0,20-30,21.333333333333332,0.0,0.0,0.0,-1,-1,0.0,0.0,0.0,0.0,0.0,0.0,0,0,0.0,0.0,0,0,0.0,0.0,0,0,0.0,0.0,0,0,0.0,0
LGS2ORD0019443,C015682,2025-06-03 23:00:00,Male,33,Silver,Shopee,Songkhla,839,Web,Credit_Card,23,6,1,0,30-40,27.966666666666665,2.0,0.0,0.0,-1,86,4140.905,0.2,1.0,0.0,0.0,0.0,0,0,0.0,0.0,0,0,0.0,2011.8,1,0,0.0,8281.81,2,0,0.0,0
LGS2ORD0019444,C016593,2025-06-03 23:00:00,Female,50,Silver,Web,Bangkok,646,Shopee,COD,23,6,1,0,40-50,21.533333333333335,3.0,2.0,0.6666666666666666,24,38,12875.493333333332,0.25,0.6666666666666666,0.3333333333333333,0.0,0.0,0,0,0.0,0.0,0,0,0.0,20317.19,2,2,1.0,38626.479999999996,3,2,0.6666666666666666,0
LGS2ORD0019445,C012632,2025-06-04 00:00:00,Female,40,Bronze,CallCenter,Bangkok,1033,TV_Show,COD,0,6,2,0,30-40,34.43333333333333,2.0,0.0,0.0,-1,0,2984.415,0.23,0.0,1.0,0.0,4585.12,1,0,0.0,4585.12,1,0,0.0,5968.83,2,0,0.0,5968.83,2,0,0.0,0
LGS2ORD0019446,C012113,2025-06-04 00:00:00,Male,35,Bronze,Web,Songkhla,223,CallCenter,PromptPay,0,6,2,0,30-40,7.433333333333334,4.0,3.0,0.75,32,35,5286.7325,0.28,0.25,0.25,0.0,0.0,0,0,0.0,0.0,0,0,0.0,15654.7,3,2,0.6666666666666666,21146.93,4,3,0.75,0
LGS2ORD0019447,C015298,2025-06-04 00:00:00,Female,42,Silver,Web,Bangkok,562,CallCenter,Credit_Card,0,6,2,0,40-50,18.733333333333334,3.0,1.0,0.3333333333333333,132,62,10318.653333333334,0.15,0.6666666666666666,0.0,0.0,0.0,0,0,0.0,0.0,0,0,0.0,3053.46,1,0,0.0,30955.96,3,1,0.3333333333333333,0
LGS2ORD0019448,C010118,2025-06-04 00:00:00,Male,33,Silver,Lazada,Songkhla,1408,Shopee,Credit_Card,0,6,2,0,30-40,46.93333333333333,2.0,0.0,0.0,-1,88,14229.2,0.05,0.0,0.0,0.0,0.0,0,0,0.0,0.0,0,0,0.0,5639.34,1,0,0.0,28458.4,2,0,0.0,0
LGS2ORD0019449,C011606,2025-06-04 00:00:00,Female,61,Bronze,TV,Bangkok,1454,TV_Show,Credit_Card,0,6,2,0,>50,48.46666666666667,1.0,0.0,0.0,-1,140,1326.73,0.08,0.0,0.0,0.0,0.0,0,0,0.0,0.0,0,0,0.0,0.0,0,0,0.0,1326.73,1,0,0.0,0
LGS2ORD0019450,C011073,2025-06-04 01:00:00,Other,32,Silver,Web,Songkhla,621,CallCenter,PromptPay,1,6,2,0,30-40,20.7,2.0,2.0,1.0,-1,11,2919.1000000000004,0.15,1.0,0.0,0.0,0.0,0,0,0.0,1796.65,1,1,1.0,5838.200000000001,2,2,1.0,5838.200000000001,2,2,1.0,0
LGS2ORD0019451,C011108,2025-06-04 01:00:00,Female,42,Bronze,TV,Phuket,1285,Shopee,Credit_Card,1,6,2,0,40-50,42.833333333333336,2.0,0.0,0.0,-1,110,18811.005,0.23,0.0,0.5,0.0,0.0,0,0,0.0,0.0,0,0,0.0,0.0,0,0,0.0,37622.01,2,0,0.0,1
LGS2ORD0019452,C015626,2025-06-04 01:00:00,Male,72,Bronze,Lazada,Bangkok,1399,Shopee,Credit_Card,1,6,2,0,>50,46.63333333333333,2.0,1.0,0.5,107,110,2062.205,0.23,1.0,1.0,0.0,0.0,0,0,0.0,0.0,0,0,0.0,0.0,0,0,0.0,4124.41,2,1,0.5,0
LGS2ORD0019453,C014348,2025-06-04 01:00:00,Male,18,Silver,Lazada,Phuket,858,Web,Bank_Transfer,1,6,2,0,<20,28.6,4.0,2.0,0.5,102,38,3582.8975000000005,0.3,1.0,0.5,0.0,0.0,0,0,0.0,0.0,0,0,0.0,2327.45,2,0,0.0,14331.590000000002,4,2,0.5,0
LGS2ORD0019454,C013196,2025-06-04 01:00:00,Female,32,Silver,Lazada,Songkhla,736,Lazada,COD,1,6,2,0,30-40,24.533333333333335,2.0,1.0,0.5,107,18,1376.67,0.25,1.0,0.5,0.0,0.0,0,0,0.0,1744.35,1,0,0.0,1744.35,1,0,0.0,2753.34,2,1,0.5,1
LGS2ORD0019455,C012894,2025-06-04 02:00:00,Female,53,Bronze,Web,Khon Kaen,504,TV_Show,Credit_Card,2,6,2,0,>50,16.8,5.0,3.0,0.6,66,25,3197.9980000000005,0.28,0.2,0.6,0.0,0.0,0,0,0.0,4661.93,1,0,0.0,11402.189999999999,4,2,0.5,15989.990000000002,5,3,0.6,0
LGS2ORD0019456,C015793,2025-06-04 02:00:00,Male,51,Gold,TV,Chiang Mai,1044,Shopee,PromptPay,2,6,2,0,>50,34.8,3.0,1.0,0.3333333333333333,51,52,4573.28,0.2299999999999999,0.3333333333333333,0.6666666666666666,0.0,0.0,0,0,0.0,0.0,0,0,0.0,9800.61,2,1,0.5,13719.84,3,1,0.3333333333333333,1
LGS2ORD0019457,C010096,2025-06-04 02:00:00,Female,57,Gold,TV,Bangkok,354,CallCenter,Bank_Transfer,2,6,2,0,>50,11.8,2.0,1.0,0.5,40,45,2198.9049999999997,0.2299999999999999,1.0,0.5,0.0,0.0,0,0,0.0,0.0,0,0,0.0,3425.27,1,1,1.0,4397.8099999999995,2,1,0.5,0
LGS2ORD0019458,C013496,2025-06-04 02:00:00,Male,53,Platinum,Web,Phuket,393,Lazada,COD,2,6,2,0,>50,13.1,1.0,0.0,0.0,-1,134,1576.94,0.25,1.0,1.0,0.0,0.0,0,0,0.0,0.0,0,0,0.0,0.0,0,0,0.0,1576.94,1,0,0.0,1
LGS2ORD0019459,C017360,2025-06-04 02:00:00,Female,38,Bronze,Shopee,Khon Kaen,391,Web,PromptPay,2,6,2,0,30-40,13.033333333333333,8.0,1.0,0.125,7,4,1803.0787500000001,0.23,0.375,0.125,0.0,1539.23,1,0,0.0,1800.82,2,1,0.5,9325.43,4,1,0.25,14424.630000000001,8,1,0.125,0
LGS2ORD0019460,C011685,2025-06-04 02:00:00,Female,53,Gold,TV,Bangkok,1340,CallCenter,Credit_Card,2,6,2,0,>50,44.666666666666664,4.0,2.0,0.5,2,14,10146.315,0.33,0.75,0.75,0.0,0.0,0,0,0.0,431.73,1,1,1.0,40585.26,4,2,0.5,40585.26,4,2,0.5,0
LGS2ORD0019461,C014036,2025-06-04 03:00:00,Male,52,Gold,TV,Bangkok,275,TV_Show,COD,3,6,2,0,>50,9.166666666666666,1.0,0.0,0.0,-1,100,2403.8,0.13,0.0,0.0,0.0,0.0,0,0,0.0,0.0,0,0,0.0,0.0,0,0,0.0,2403.8,1,0,0.0,0
LGS2ORD0019462,C016137,2025-06-04 03:00:00,Female,41,Silver,Web,Phuket,821,Web,Credit_Card,3,6,2,0,40-50,27.366666666666667,3.0,1.0,0.3333333333333333,16,29,2901.5866666666666,0.15,0.6666666666666666,0.0,0.0,0.0,0,0,0.0,848.28,1,1,1.0,8704.76,3,1,0.3333333333333333,8704.76,3,1,0.3333333333333333,0
LGS2ORD0019463,C017949,2025-06-04 03:00:00,Female,41,Gold,Web,Khon Kaen,588,TV_Show,Credit_Card,3,6,2,0,40-50,19.6,5.0,1.0,0.2,134,71,4404.290000000001,0.2299999999999999,0.8,0.2,0.0,0.0,0,0,0.0,0.0,0,0,0.0,3853.92,1,0,0.0,22021.450000000004,5,1,0.2,0
LGS2ORD0019464,C012871,2025-06-04 03:00:00,Male,35,Bronze,Web,Chonburi,825,Shopee,Bank_Transfer,3,6,2,0,30-40,27.5,0.0,0.0,0.0,-1,-1,0.0,0.0,0.0,0.0,0.0,0.0,0,0,0.0,0.0,0,0,0.0,0.0,0,0,0.0,0.0,0,0,0.0,0
LGS2ORD0019465,C016821,2025-06-04 03:00:00,Other,57,Bronze,Shopee,Chonburi,656,Shopee,Credit_Card,3,6,2,0,>50,21.866666666666667,1.0,0.0,0.0,-1,46,18243.6,0.03,0.0,0.0,0.0,0.0,0,0,0.0,0.0,0,0,0.0,18243.6,1,0,0.0,18243.6,1,0,0.0,0
LGS2ORD0019466,C011871,2025-06-04 04:00:00,Male,35,Bronze,Web,Remote_Area,688,Lazada,PromptPay,4,6,2,0,30-40,22.933333333333334,1.0,0.0,0.0,-1,63,1406.19,0.18,0.0,0.0,0.0,0.0,0,0,0.0,0.0,0,0,0.0,1406.19,1,0,0.0,1406.19,1,0,0.0,0
LGS2ORD0019467,C017038,2025-06-04 04:00:00,Male,39,Gold,CallCenter,Phuket,672,Web,Credit_Card,4,6,2,0,30-40,22.4,3.0,1.0,0.3333333333333333,109,31,4490.19,0.33,0.3333333333333333,0.3333333333333333,0.0,0.0,0,0,0.0,0.0,0,0,0.0,7079.55,2,0,0.0,13470.57,3,1,0.3333333333333333,0
LGS2ORD0019468,C016362,2025-06-04 04:00:00,Female,21,Platinum,TV,Bangkok,605,Shopee,Credit_Card,4,6,2,0,20-30,20.166666666666668,2.0,0.0,0.0,-1,78,917.76,0.35,0.5,1.0,0.0,0.0,0,0,0.0,0.0,0,0,0.0,953.51,1,0,0.0,1835.52,2,0,0.0,0
LGS2ORD0019469,C017015,2025-06-04 04:00:00,Male,47,Bronze,Web,Bangkok,851,Lazada,Credit_Card,4,6,2,0,40-50,28.366666666666667,2.0,1.0,0.5,0,0,948.425,0.18,0.5,0.0,0.0,1896.85,2,1,0.5,1896.85,2,1,0.5,1896.85,2,1,0.5,1896.85,2,1,0.5,0
LGS2ORD0019470,C017680,2025-06-04 04:00:00,Female,47,Bronze,TV,Chiang Mai,750,Shopee,PromptPay,4,6,2,0,40-50,25.0,4.0,1.0,0.25,-3,3,3046.8025,0.28,0.75,0.25,0.0,1396.84,1,1,1.0,4212.98,2,1,0.5,7776.96,3,1,0.3333333333333333,12187.21,4,1,0.25,0
LGS2ORD0019471,C010686,2025-06-04 05:00:00,Male,43,Bronze,TV,Chiang Mai,1533,TV_Show,Credit_Card,5,6,2,0,40-50,51.1,5.0,2.0,0.4,31,39,2524.532,0.23,0.8,0.4,0.0,0.0,0,0,0.0,0.0,0,0,0.0,12622.66,5,2,0.4,12622.66,5,2,0.4,0
LGS2ORD0019472,C012150,2025-06-04 05:00:00,Male,27,Silver,Lazada,Phuket,1446,Shopee,COD,5,6,2,0,20-30,48.2,4.0,1.0,0.25,116,18,1703.3225,0.25,0.75,0.5,0.0,0.0,0,0,0.0,2761.41,1,0,0.0,5693.11,3,0,0.0,6813.29,4,1,0.25,0
LGS2ORD0019473,C011150,2025-06-04 05:00:00,Male,63,Bronze,Shopee,Bangkok,1288,Lazada,COD,5,6,2,0,>50,42.93333333333333,3.0,0.0,0.0,-1,10,3633.5399999999995,0.23,0.3333333333333333,0.3333333333333333,0.0,0.0,0,0,0.0,6908.28,1,0,0.0,8976.4,2,0,0.0,10900.619999999999,3,0,0.0,1
LGS2ORD0019474,C017376,2025-06-04 05:00:00,Female,48,Gold,Shopee,Bangkok,996,Web,COD,5,6,2,0,40-50,33.2,0.0,0.0,0.0,-1,-1,0.0,0.0,0.0,0.0,0.0,0.0,0,0,0.0,0.0,0,0,0.0,0.0,0,0,0.0,0.0,0,0,0.0,1
LGS2ORD0019475,C013776,2025-06-04 05:00:00,Male,26,Bronze,Shopee,Bangkok,352,Web,Credit_Card,5,6,2,0,20-30,11.733333333333333,0.0,0.0,0.0,-1,-1,0.0,0.0,0.0,0.0,0.0,0.0,0,0,0.0,0.0,0,0,0.0,0.0,0,0,0.0,0.0,0,0,0.0,0
LGS2ORD0019476,C010591,2025-06-04 05:00:00,Female,50,Bronze,Shopee,Chonburi,1330,TV_Show,COD,5,6,2,0,40-50,44.333333333333336,4.0,0.0,0.0,-1,32,7879.557500000001,0.18,0.0,0.0,0.0,0.0,0,0,0.0,0.0,0,0,0.0,3587.59,1,0,0.0,31518.230000000003,4,0,0.0,0
LGS2ORD0019477,C017889,2025-06-04 06:00:00,Female,45,Bronze,Lazada,Chonburi,1456,TV_Show,PromptPay,6,6,2,0,40-50,48.53333333333333,1.0,1.0,1.0,0,17,1613.09,0.18,1.0,0.0,0.0,0.0,0,0,0.0,1613.09,1,1,1.0,1613.09,1,1,1.0,1613.09,1,1,1.0,0
LGS2ORD0019478,C013047,2025-06-04 06:00:00,Female,18,Bronze,Shopee,Remote_Area,1487,Lazada,COD,6,6,2,0,<20,49.56666666666667,3.0,2.0,0.6666666666666666,51,67,4119.036666666667,0.28,0.6666666666666666,0.6666666666666666,0.0,0.0,0,0,0.0,0.0,0,0,0.0,10472.37,2,1,0.5,12357.11,3,2,0.6666666666666666,1
LGS2ORD0019479,C013098,2025-06-04 06:00:00,Female,22,Gold,Shopee,Bangkok,631,Shopee,PromptPay,6,6,2,0,20-30,21.033333333333335,6.0,0.0,0.0,-1,52,3733.331666666667,0.2299999999999999,0.6666666666666666,0.3333333333333333,0.0,0.0,0,0,0.0,0.0,0,0,0.0,7712.22,4,0,0.0,22399.99,6,0,0.0,0
LGS2ORD0019480,C015986,2025-06-04 06:00:00,Male,32,Gold,TV,Bangkok,208,TV_Show,COD,6,6,2,0,30-40,6.933333333333334,0.0,0.0,0.0,-1,-1,0.0,0.0,0.0,0.0,0.0,0.0,0,0,0.0,0.0,0,0,0.0,0.0,0,0,0.0,0.0,0,0,0.0,1
LGS2ORD0019481,C016168,2025-06-04 06:00:00,Female,58,Silver,TV,Songkhla,1321,Shopee,PromptPay,6,6,2,0,>50,44.03333333333333,3.0,1.0,0.3333333333333333,138,64,975.9900000000001,0.2,0.6666666666666666,0.0,0.0,0.0,0,0,0.0,0.0,0,0,0.0,380.38,1,0,0.0,2927.9700000000003,3,1,0.3333333333333333,0
LGS2ORD0019482,C016475,2025-06-04 07:00:00,Other,35,Platinum,Web,Khon Kaen,1269,Shopee,COD,7,6,2,0,30-40,42.3,2.0,0.0,0.0,-1,20,8195.74,0.15,0.5,0.0,0.0,0.0,0,0,0.0,8085.76,1,0,0.0,8085.76,1,0,0.0,16391.48,2,0,0.0,0
LGS2ORD0019483,C011849,2025-06-04 07:00:00,Female,36,Gold,CallCenter,Songkhla,1320,Web,PromptPay,7,6,2,0,30-40,44.0,2.0,0.0,0.0,-1,140,3078.5699999999997,0.2299999999999999,0.5,0.5,0.0,0.0,0,0,0.0,0.0,0,0,0.0,0.0,0,0,0.0,6157.139999999999,2,0,0.0,1
LGS2ORD0019484,C014979,2025-06-04 07:00:00,Female,59,Bronze,TV,Chiang Mai,1389,TV_Show,Credit_Card,7,6,2,0,>50,46.3,3.0,0.0,0.0,-1,40,2771.9733333333334,0.28,0.3333333333333333,0.3333333333333333,0.0,0.0,0,0,0.0,0.0,0,0,0.0,4514.55,2,0,0.0,8315.92,3,0,0.0,1
LGS2ORD0019485,C016646,2025-06-04 07:00:00,Male,38,Bronze,TV,Chiang Mai,452,Shopee,Credit_Card,7,6,2,0,30-40,15.066666666666666,5.0,1.0,0.2,42,52,4613.888,0.18,0.8,0.0,0.0,0.0,0,0,0.0,0.0,0,0,0.0,1765.76,1,1,1.0,23069.44,5,1,0.2,0
LGS2ORD0019486,C011197,2025-06-04 07:00:00,Male,32,Gold,Shopee,Remote_Area,1261,TV_Show,COD,7,6,2,0,30-40,42.03333333333333,2.0,1.0,0.5,52,34,4122.36,0.18,1.0,0.0,0.0,0.0,0,0,0.0,0.0,0,0,0.0,8244.72,2,1,0.5,8244.72,2,1,0.5,1
LGS2ORD0019487,C015953,2025-06-04 08:00:00,Female,27,Silver,Lazada,Chiang Mai,425,TV_Show,COD,8,6,2,0,20-30,14.166666666666666,3.0,1.0,0.3333333333333333,59,58,958.5300000000001,0.3,0.6666666666666666,0.3333333333333333,0.0,0.0,0,0,0.0,0.0,0,0,0.0,1852.46,2,1,0.5,2875.59,3,1,0.3333333333333333,1
LGS2ORD0019488,C011818,2025-06-04 08:00:00,Female,25,Silver,Web,Chiang Mai,1239,Web,Credit_Card,8,6,2,0,20-30,41.3,1.0,0.0,0.0,-1,151,7104.84,0.05,0.0,0.0,0.0,0.0,0,0,0.0,0.0,0,0,0.0,0.0,0,0,0.0,7104.84,1,0,0.0,0
LGS2ORD0019489,C013166,2025-06-04 08:00:00,Male,40,Gold,TV,Chiang Mai,1131,Shopee,COD,8,6,2,0,30-40,37.7,5.0,1.0,0.2,118,20,4240.962,0.28,0.2,0.8,0.0,0.0,0,0,0.0,386.59,1,0,0.0,2452.76,2,0,0.0,21204.81,5,1,0.2,0
LGS2ORD0019490,C011745,2025-06-04 08:00:00,Female,38,Gold,TV,Bangkok,574,TV_Show,Bank_Transfer,8,6,2,0,30-40,19.133333333333333,1.0,0.0,0.0,-1,129,858.16,0.2299999999999999,1.0,1.0,0.0,0.0,0,0,0.0,0.0,0,0,0.0,0.0,0,0,0.0,858.16,1,0,0.0,0
LGS2ORD0019491,C011699,2025-06-04 08:00:00,Male,47,Bronze,TV,Khon Kaen,1170,Web,COD,8,6,2,0,40-50,39.0,4.0,0.0,0.0,-1,6,1374.6125,0.23,0.5,0.25,0.0,1072.55,1,0,0.0,1072.55,1,0,0.0,5498.45,4,0,0.0,5498.45,4,0,0.0,1
LGS2ORD0019492,C010846,2025-06-04 09:00:00,Male,60,Bronze,Shopee,Songkhla,1040,TV_Show,COD,9,6,2,0,>50,34.666666666666664,3.0,1.0,0.3333333333333333,116,43,4835.056666666666,0.23,0.6666666666666666,0.3333333333333333,0.0,0.0,0,0,0.0,0.0,0,0,0.0,3684.34,1,0,0.0,14505.17,3,1,0.3333333333333333,0
LGS2ORD0019493,C016021,2025-06-04 09:00:00,Male,36,Platinum,TV,Nakhon Ratchasima,1444,CallCenter,Credit_Card,9,6,2,0,30-40,48.13333333333333,1.0,0.0,0.0,-1,122,8117.64,0.25,1.0,1.0,0.0,0.0,0,0,0.0,0.0,0,0,0.0,0.0,0,0,0.0,8117.64,1,0,0.0,1
LGS2ORD0019494,C014527,2025-06-04 09:00:00,Female,26,Bronze,Shopee,Chiang Mai,1106,Shopee,PromptPay,9,6,2,0,20-30,36.86666666666667,3.0,0.0,0.0,-1,67,1201.2533333333333,0.08,0.0,0.0,0.0,0.0,0,0,0.0,0.0,0,0,0.0,2001.66,1,0,0.0,3603.76,3,0,0.0,0
LGS2ORD0019495,C016392,2025-06-04 09:00:00,Female,46,Bronze,Shopee,Bangkok,534,Shopee,COD,9,6,2,0,40-50,17.8,3.0,0.0,0.0,-1,22,8223.859999999999,0.23,0.6666666666666666,0.6666666666666666,0.0,0.0,0,0,0.0,3105.75,1,0,0.0,24671.579999999998,3,0,0.0,24671.579999999998,3,0,0.0,0
LGS2ORD0019496,C016529,2025-06-04 09:00:00,Male,27,Bronze,TV,Songkhla,620,Lazada,Bank_Transfer,9,6,2,0,20-30,20.666666666666668,4.0,1.0,0.25,144,5,8909.015000000001,0.28,0.5,0.25,0.0,13754.38,1,0,0.0,13754.38,1,0,0.0,14602.169999999998,2,0,0.0,35636.060000000005,4,1,0.25,0
LGS2ORD0019497,C015565,2025-06-04 09:00:00,Male,39,Gold,Web,Nakhon Ratchasima,341,CallCenter,Credit_Card,9,6,2,0,30-40,11.366666666666667,3.0,0.0,0.0,-1,108,3032.3233333333337,0.33,0.6666666666666666,0.6666666666666666,0.0,0.0,0,0,0.0,0.0,0,0,0.0,0.0,0,0,0.0,9096.970000000001,3,0,0.0,0
LGS2ORD0019498,C017696,2025-06-04 10:00:00,Male,40,Silver,TV,Bangkok,1238,Lazada,COD,10,6,2,0,30-40,41.266666666666666,4.0,2.0,0.5,71,33,9042.3275,0.2,0.75,0.0,0.0,0.0,0,0,0.0,0.0,0,0,0.0,24897.34,3,1,0.3333333333333333,36169.31,4,2,0.5,0
LGS2ORD0019499,C013961,2025-06-04 10:00:00,Female,46,Bronze,Shopee,Khon Kaen,1034,Shopee,COD,10,6,2,0,40-50,34.46666666666667,1.0,0.0,0.0,-1,138,7980.21,0.08,0.0,0.0,0.0,0.0,0,0,0.0,0.0,0,0,0.0,0.0,0,0,0.0,7980.21,1,0,0.0,0
LGS2ORD0019500,C011403,2025-06-04 10:00:00,Female,59,Gold,TV,Nakhon Ratchasima,561,TV_Show,COD,10,6,2,0,>50,18.7,4.0,0.0,0.0,-1,27,2109.6875,0.33,0.75,0.5,0.0,0.0,0,0,0.0,3266.2400000000002,2,0,0.0,5004.5199999999995,3,0,0.0,8438.75,4,0,0.0,0
LGS2ORD0019501,C012104,2025-06-04 10:00:00,Male,36,Bronze,TV,Khon Kaen,915,CallCenter,Bank_Transfer,10,6,2,0,30-40,30.5,4.0,2.0,0.5,-6,6,2930.2025,0.18,0.5,0.0,0.0,4592.08,1,1,1.0,6569.15,2,1,0.5,6569.15,2,1,0.5,11720.81,4,2,0.5,0
LGS2ORD0019502,C015800,2025-06-04 10:00:00,Male,24,Gold,CallCenter,Bangkok,681,Lazada,Bank_Transfer,10,6,2,0,20-30,22.7,1.0,0.0,0.0,-1,80,8079.73,0.13,1.0,0.0,0.0,0.0,0,0,0.0,0.0,0,0,0.0,8079.73,1,0,0.0,8079.73,1,0,0.0,0
LGS2ORD0019503,C012070,2025-06-04 11:00:00,Male,59,Bronze,Lazada,Bangkok,479,Shopee,PromptPay,11,6,2,0,>50,15.966666666666667,4.0,0.0,0.0,-1,30,5805.335000000001,0.28,0.25,0.5,0.0,0.0,0,0,0.0,0.0,0,0,0.0,22149.68,3,0,0.0,23221.340000000004,4,0,0.0,0
LGS2ORD0019504,C017290,2025-06-04 11:00:00,Female,51,Bronze,Web,Bangkok,318,Shopee,Credit_Card,11,6,2,0,>50,10.6,5.0,1.0,0.2,30,2,2586.56,0.23,0.4,0.2,0.0,2973.95,1,0,0.0,2973.95,1,0,0.0,10513.189999999999,3,1,0.3333333333333333,12932.8,5,1,0.2,0
LGS2ORD0019505,C015352,2025-06-04 11:00:00,Female,18,Gold,Web,Phuket,479,CallCenter,COD,11,6,2,0,<20,15.966666666666667,2.0,1.0,0.5,104,19,1522.6149999999998,0.2299999999999999,0.0,1.0,0.0,0.0,0,0,0.0,1256.36,1,0,0.0,1256.36,1,0,0.0,3045.2299999999996,2,1,0.5,0
LGS2ORD0019506,C015712,2025-06-04 11:00:00,Female,46,Silver,Web,Songkhla,579,Lazada,COD,11,6,2,0,40-50,19.3,4.0,0.0,0.0,-1,80,5653.16,0.25,1.0,0.25,0.0,0.0,0,0,0.0,0.0,0,0,0.0,6622.95,1,0,0.0,22612.64,4,0,0.0,0
LGS2ORD0019507,C012979,2025-06-04 11:00:00,Female,63,Bronze,Web,Remote_Area,581,Web,COD,11,6,2,0,>50,19.366666666666667,2.0,0.0,0.0,-1,123,6277.505,0.28,1.0,0.5,0.0,0.0,0,0,0.0,0.0,0,0,0.0,0.0,0,0,0.0,12555.01,2,0,0.0,0
LGS2ORD0019508,C014324,2025-06-04 12:00:00,Female,33,Silver,TV,Khon Kaen,1545,TV_Show,PromptPay,12,6,2,0,30-40,51.5,4.0,3.0,0.75,13,16,6006.67,0.2,1.0,0.0,0.0,0.0,0,0,0.0,14266.26,1,1,1.0,21129.16,3,3,1.0,24026.68,4,3,0.75,0
LGS2ORD0019509,C013889,2025-06-04 12:00:00,Female,24,Silver,TV,Chiang Mai,1007,TV_Show,PromptPay,12,6,2,0,20-30,33.56666666666667,3.0,1.0,0.3333333333333333,70,78,11056.81,0.3,0.6666666666666666,0.3333333333333333,0.0,0.0,0,0,0.0,0.0,0,0,0.0,14855.17,1,1,1.0,33170.43,3,1,0.3333333333333333,0
LGS2ORD0019510,C015089,2025-06-04 12:00:00,Female,46,Gold,TV,Khon Kaen,1503,Shopee,COD,12,6,2,0,40-50,50.1,5.0,0.0,0.0,-1,30,3747.5440000000003,0.33,0.0,0.4,0.0,0.0,0,0,0.0,0.0,0,0,0.0,2002.48,2,0,0.0,18737.72,5,0,0.0,0
LGS2ORD0019511,C010824,2025-06-04 12:00:00,Male,34,Silver,TV,Khon Kaen,1129,Lazada,COD,12,6,2,0,30-40,37.63333333333333,4.0,0.0,0.0,-1,15,9737.2525,0.25,0.75,0.25,0.0,0.0,0,0,0.0,2996.7799999999997,2,0,0.0,38949.01,4,0,0.0,38949.01,4,0,0.0,1
LGS2ORD0019512,C013279,2025-06-04 12:00:00,Male,67,Gold,TV,Songkhla,1198,Lazada,Credit_Card,12,6,2,0,>50,39.93333333333333,2.0,1.0,0.5,34,36,5191.985000000001,0.28,0.5,0.5,0.0,0.0,0,0,0.0,0.0,0,0,0.0,10383.970000000001,2,1,0.5,10383.970000000001,2,1,0.5,1
LGS2ORD0019513,C012835,2025-06-04 13:00:00,Male,56,Bronze,Shopee,Remote_Area,1159,Lazada,Bank_Transfer,13,6,2,0,>50,38.63333333333333,2.0,1.0,0.5,63,73,3404.2000000000003,0.23,0.0,1.0,0.0,0.0,0,0,0.0,0.0,0,0,0.0,5507.89,1,1,1.0,6808.400000000001,2,1,0.5,0
LGS2ORD0019514,C016094,2025-06-04 13:00:00,Female,32,Gold,CallCenter,Phuket,203,Web,PromptPay,13,6,2,0,30-40,6.766666666666667,4.0,0.0,0.0,-1,88,9110.3675,0.2299999999999999,1.0,0.5,0.0,0.0,0,0,0.0,0.0,0,0,0.0,29346.35,1,0,0.0,36441.47,4,0,0.0,0
LGS2ORD0019515,C016115,2025-06-04 13:00:00,Female,37,Bronze,Shopee,Remote_Area,602,Web,COD,13,6,2,0,30-40,20.066666666666666,3.0,1.0,0.3333333333333333,117,78,10626.356666666667,0.28,0.6666666666666666,0.6666666666666666,0.0,0.0,0,0,0.0,0.0,0,0,0.0,601.09,1,0,0.0,31879.07,3,1,0.3333333333333333,0
LGS2ORD0019516,C017657,2025-06-04 13:00:00,Female,58,Gold,TV,Nakhon Ratchasima,757,Web,COD,13,6,2,0,>50,25.233333333333334,3.0,1.0,0.3333333333333333,98,3,1263.6966666666665,0.28,0.3333333333333333,0.6666666666666666,0.0,599.1,1,0,0.0,599.1,1,0,0.0,2175.09,2,0,0.0,3791.0899999999997,3,1,0.3333333333333333,0
LGS2ORD0019517,C016651,2025-06-04 13:00:00,Female,38,Bronze,CallCenter,Phuket,777,TV_Show,Credit_Card,13,6,2,0,30-40,25.9,1.0,1.0,1.0,7,15,6599.64,0.28,1.0,1.0,0.0,0.0,0,0,0.0,6599.64,1,1,1.0,6599.64,1,1,1.0,6599.64,1,1,1.0,0
LGS2ORD0019518,C011677,2025-06-04 13:00:00,Male,54,Bronze,Web,Chiang Mai,733,TV_Show,COD,13,6,2,0,>50,24.433333333333334,1.0,0.0,0.0,-1,76,3164.9,0.03,0.0,0.0,0.0,0.0,0,0,0.0,0.0,0,0,0.0,3164.9,1,0,0.0,3164.9,1,0,0.0,0
LGS2ORD0019519,C011728,2025-06-04 14:00:00,Male,65,Bronze,Shopee,Bangkok,613,TV_Show,PromptPay,14,6,2,0,>50,20.433333333333334,5.0,1.0,0.2,52,2,4163.592,0.28,0.4,0.2,0.0,8819.04,1,0,0.0,12519.300000000001,2,0,0.0,17308.61,4,1,0.25,20817.96,5,1,0.2,0
LGS2ORD0019520,C010383,2025-06-04 14:00:00,Female,48,Silver,TV,Nakhon Ratchasima,989,Web,COD,14,6,2,0,40-50,32.96666666666667,2.0,0.0,0.0,-1,131,1445.175,0.1,0.5,0.0,0.0,0.0,0,0,0.0,0.0,0,0,0.0,0.0,0,0,0.0,2890.35,2,0,0.0,0
LGS2ORD0019521,C015761,2025-06-04 14:00:00,Female,25,Bronze,Shopee,Remote_Area,900,Web,COD,14,6,2,0,20-30,30.0,2.0,1.0,0.5,106,52,2321.695,0.28,0.5,0.5,0.0,0.0,0,0,0.0,0.0,0,0,0.0,2836.76,1,0,0.0,4643.39,2,1,0.5,1
LGS2ORD0019522,C010334,2025-06-04 14:00:00,Female,32,Platinum,Shopee,Bangkok,326,Web,COD,14,6,2,0,30-40,10.866666666666667,0.0,0.0,0.0,-1,-1,0.0,0.0,0.0,0.0,0.0,0.0,0,0,0.0,0.0,0,0,0.0,0.0,0,0,0.0,0.0,0,0,0.0,0
LGS2ORD0019523,C015757,2025-06-04 14:00:00,Female,68,Silver,Web,Bangkok,732,Lazada,Credit_Card,14,6,2,0,>50,24.4,2.0,0.0,0.0,-1,15,2741.505,0.15,0.0,0.0,0.0,0.0,0,0,0.0,3255.52,1,0,0.0,3255.52,1,0,0.0,5483.01,2,0,0.0,1
LGS2ORD0019524,C014411,2025-06-04 15:00:00,Female,44,Silver,Lazada,Chonburi,428,CallCenter,Bank_Transfer,15,6,2,0,40-50,14.266666666666667,2.0,1.0,0.5,73,52,9147.59,0.25,0.5,0.5,0.0,0.0,0,0,0.0,0.0,0,0,0.0,18295.18,2,1,0.5,18295.18,2,1,0.5,1
LGS2ORD0019525,C013343,2025-06-04 15:00:00,Female,41,Bronze,CallCenter,Chonburi,851,CallCenter,COD,15,6,2,0,40-50,28.366666666666667,5.0,2.0,0.4,64,18,2909.538,0.28,0.6,0.4,0.0,0.0,0,0,0.0,7636.5,1,0,0.0,11898.67,3,1,0.3333333333333333,14547.69,5,2,0.4,0
LGS2ORD0019526,C013482,2025-06-04 15:00:00,Female,51,Gold,Shopee,Chiang Mai,692,Lazada,PromptPay,15,6,2,0,>50,23.066666666666666,4.0,1.0,0.25,124,28,3520.18,0.28,0.5,0.25,0.0,0.0,0,0,0.0,5006.52,1,0,0.0,8930.67,2,0,0.0,14080.72,4,1,0.25,1
LGS2ORD0019527,C014514,2025-06-04 15:00:00,Male,26,Silver,Web,Chiang Mai,1389,Shopee,COD,15,6,2,0,20-30,46.3,1.0,1.0,1.0,128,141,410.19,0.3,1.0,1.0,0.0,0.0,0,0,0.0,0.0,0,0,0.0,0.0,0,0,0.0,410.19,1,1,1.0,0
LGS2ORD0019528,C011447,2025-06-04 15:00:00,Male,39,Gold,TV,Chonburi,268,Lazada,COD,15,6,2,0,30-40,8.933333333333334,7.0,1.0,0.14285714285714285,40,7,5470.039999999999,0.33,0.7142857142857143,0.5714285714285714,0.0,0.0,0,0,0.0,2462.63,1,0,0.0,26400.27,5,1,0.2,38290.27999999999,7,1,0.14285714285714285,0
LGS2ORD0019529,C015812,2025-06-04 16:00:00,Male,46,Platinum,TV,Bangkok,926,CallCenter,COD,16,6,2,0,40-50,30.866666666666667,2.0,1.0,0.5,88,97,5360.18,0.1,0.0,0.0,0.0,0.0,0,0,0.0,0.0,0,0,0.0,0.0,0,0,0.0,10720.36,2,1,0.5,0
LGS2ORD0019530,C010597,2025-06-04 16:00:00,Male,65,Bronze,Shopee,Bangkok,189,TV_Show,Credit_Card,16,6,2,0,>50,6.3,8.0,1.0,0.125,58,16,8186.27375,0.23,0.5,0.375,0.0,0.0,0,0,0.0,777.54,1,0,0.0,8867.75,4,1,0.25,65490.19,8,1,0.125,1
LGS2ORD0019531,C015259,2025-06-04 16:00:00,Male,50,Silver,TV,Songkhla,1082,Lazada,COD,16,6,2,0,40-50,36.06666666666667,2.0,1.0,0.5,7,15,2224.13,0.25,0.0,1.0,0.0,0.0,0,0,0.0,4238.67,1,1,1.0,4448.26,2,1,0.5,4448.26,2,1,0.5,0
LGS2ORD0019532,C011094,2025-06-04 16:00:00,Male,67,Bronze,CallCenter,Khon Kaen,730,CallCenter,Bank_Transfer,16,6,2,0,>50,24.333333333333332,1.0,0.0,0.0,-1,75,1536.66,0.13,0.0,0.0,0.0,0.0,0,0,0.0,0.0,0,0,0.0,1536.66,1,0,0.0,1536.66,1,0,0.0,0
LGS2ORD0019533,C015885,2025-06-04 16:00:00,Female,46,Platinum,Web,Khon Kaen,1264,TV_Show,Credit_Card,16,6,2,0,40-50,42.13333333333333,1.0,1.0,1.0,132,136,787.56,0.1,1.0,0.0,0.0,0.0,0,0,0.0,0.0,0,0,0.0,0.0,0,0,0.0,787.56,1,1,1.0,0
LGS2ORD0019534,C014798,2025-06-04 17:00:00,Female,36,Silver,Lazada,Phuket,1295,Lazada,COD,17,6,2,0,30-40,43.166666666666664,4.0,1.0,0.25,137,9,3812.1900000000005,0.3,0.25,0.5,0.0,0.0,0,0,0.0,4877.31,1,0,0.0,11272.190000000002,3,0,0.0,15248.760000000002,4,1,0.25,0
LGS2ORD0019535,C017480,2025-06-04 17:00:00,Female,32,Bronze,Web,Khon Kaen,1177,CallCenter,Credit_Card,17,6,2,0,30-40,39.233333333333334,2.0,1.0,0.5,57,9,4903.84,0.18,1.0,0.0,0.0,0.0,0,0,0.0,8577.83,1,0,0.0,9807.68,2,1,0.5,9807.68,2,1,0.5,0
LGS2ORD0019536,C015015,2025-06-04 17:00:00,Female,44,Bronze,Web,Bangkok,188,Web,COD,17,6,2,0,40-50,6.266666666666667,4.0,0.0,0.0,-1,36,3434.1125,0.23,0.25,0.25,0.0,0.0,0,0,0.0,0.0,0,0,0.0,10118.5,3,0,0.0,13736.45,4,0,0.0,0
LGS2ORD0019537,C012459,2025-06-04 17:00:00,Male,38,Silver,Shopee,Bangkok,618,TV_Show,COD,17,6,2,0,30-40,20.6,0.0,0.0,0.0,-1,-1,0.0,0.0,0.0,0.0,0.0,0.0,0,0,0.0,0.0,0,0,0.0,0.0,0,0,0.0,0.0,0,0,0.0,0
LGS2ORD0019538,C016350,2025-06-04 17:00:00,Female,22,Silver,Shopee,Chiang Mai,323,TV_Show,COD,17,6,2,0,20-30,10.766666666666667,0.0,0.0,0.0,-1,-1,0.0,0.0,0.0,0.0,0.0,0.0,0,0,0.0,0.0,0,0,0.0,0.0,0,0,0.0,0.0,0,0,0.0,0
LGS2ORD0019539,C017842,2025-06-04 17:00:00,Male,20,Silver,Shopee,Bangkok,290,Web,COD,17,6,2,0,<20,9.666666666666666,2.0,0.0,0.0,-1,35,5925.555,0.2,1.0,0.0,0.0,0.0,0,0,0.0,0.0,0,0,0.0,1084.19,1,0,0.0,11851.11,2,0,0.0,0
LGS2ORD0019540,C014206,2025-06-04 18:00:00,Female,43,Bronze,Shopee,Bangkok,1368,Shopee,PromptPay,18,6,2,0,40-50,45.6,3.0,0.0,0.0,-1,36,3654.7000000000003,0.28,0.6666666666666666,0.3333333333333333,0.0,0.0,0,0,0.0,0.0,0,0,0.0,7139.1,1,0,0.0,10964.1,3,0,0.0,0
LGS2ORD0019541,C013277,2025-06-04 18:00:00,Female,41,Bronze,TV,Chonburi,689,Web,PromptPay,18,6,2,0,40-50,22.966666666666665,3.0,0.0,0.0,-1,50,1618.86,0.18,0.6666666666666666,0.0,0.0,0.0,0,0,0.0,0.0,0,0,0.0,4010.81,2,0,0.0,4856.58,3,0,0.0,0
LGS2ORD0019542,C017128,2025-06-04 18:00:00,Male,18,Gold,CallCenter,Nakhon Ratchasima,1053,TV_Show,Credit_Card,18,6,2,0,<20,35.1,1.0,0.0,0.0,-1,11,2839.47,0.33,0.0,1.0,0.0,0.0,0,0,0.0,2839.47,1,0,0.0,2839.47,1,0,0.0,2839.47,1,0,0.0,0
LGS2ORD0019543,C012132,2025-06-04 18:00:00,Female,47,Bronze,CallCenter,Bangkok,577,Lazada,Credit_Card,18,6,2,0,40-50,19.233333333333334,4.0,1.0,0.25,102,1,1120.4175,0.23,0.75,0.25,0.0,1328.59,1,0,0.0,3038.12,2,0,0.0,3038.12,2,0,0.0,4481.67,4,1,0.25,0
LGS2ORD0019544,C013484,2025-06-04 18:00:00,Female,39,Silver,TV,Bangkok,925,TV_Show,Credit_Card,18,6,2,0,30-40,30.833333333333332,1.0,0.0,0.0,-1,88,38363.9,0.15,0.0,0.0,0.0,0.0,0,0,0.0,0.0,0,0,0.0,38363.9,1,0,0.0,38363.9,1,0,0.0,1
LGS2ORD0019545,C011213,2025-06-04 19:00:00,Female,43,Platinum,TV,Bangkok,1603,Lazada,COD,19,6,2,0,40-50,53.43333333333333,2.0,0.0,0.0,-1,58,2586.46,0.2,0.0,0.0,0.0,0.0,0,0,0.0,0.0,0,0,0.0,4326.18,1,0,0.0,5172.92,2,0,0.0,0
LGS2ORD0019546,C013121,2025-06-04 19:00:00,Male,52,Silver,Shopee,Chonburi,307,CallCenter,PromptPay,19,6,2,0,>50,10.233333333333333,4.0,0.0,0.0,-1,1,8258.7775,0.25,0.5,0.5,0.0,15225.85,1,0,0.0,18498.170000000002,2,0,0.0,18498.170000000002,2,0,0.0,33035.11,4,0,0.0,0
LGS2ORD0019547,C010371,2025-06-04 19:00:00,Female,36,Bronze,Shopee,Nakhon Ratchasima,1363,Shopee,COD,19,6,2,0,30-40,45.43333333333333,1.0,0.0,0.0,-1,62,2482.33,0.03,1.0,0.0,0.0,0.0,0,0,0.0,0.0,0,0,0.0,2482.33,1,0,0.0,2482.33,1,0,0.0,0
LGS2ORD0019548,C015641,2025-06-04 19:00:00,Female,52,Gold,TV,Nakhon Ratchasima,175,Shopee,COD,19,6,2,0,>50,5.833333333333333,2.0,0.0,0.0,-1,31,3159.835,0.2299999999999999,0.5,0.5,0.0,0.0,0,0,0.0,0.0,0,0,0.0,5587.43,1,0,0.0,6319.67,2,0,0.0,0
LGS2ORD0019549,C011663,2025-06-04 19:00:00,Male,57,Bronze,CallCenter,Bangkok,1431,Web,COD,19,6,2,0,>50,47.7,6.0,2.0,0.3333333333333333,28,34,3743.91,0.28,0.6666666666666666,0.5,0.0,0.0,0,0,0.0,0.0,0,0,0.0,4734.28,1,1,1.0,22463.46,6,2,0.3333333333333333,0
LGS2ORD0019550,C010924,2025-06-04 20:00:00,Female,47,Silver,TV,Remote_Area,1598,Shopee,COD,20,6,2,0,40-50,53.266666666666666,2.0,0.0,0.0,-1,49,2795.5299999999997,0.2,0.0,0.0,0.0,0.0,0,0,0.0,0.0,0,0,0.0,1601.12,1,0,0.0,5591.0599999999995,2,0,0.0,0
LGS2ORD0019551,C012538,2025-06-04 20:00:00,Male,33,Silver,Shopee,Khon Kaen,1189,Lazada,Credit_Card,20,6,2,0,30-40,39.63333333333333,2.0,0.0,0.0,-1,62,2670.365,0.3,0.5,1.0,0.0,0.0,0,0,0.0,0.0,0,0,0.0,1963.55,1,0,0.0,5340.73,2,0,0.0,1
LGS2ORD0019552,C016914,2025-06-04 20:00:00,Female,39,Bronze,Shopee,Phuket,1467,Lazada,COD,20,6,2,0,30-40,48.9,6.0,3.0,0.5,-6,2,4790.945000000001,0.28,0.3333333333333333,0.3333333333333333,0.0,1553.84,1,1,1.0,1553.84,1,1,1.0,3198.2200000000003,2,2,1.0,28745.670000000002,6,3,0.5,1
LGS2ORD0019553,C016932,2025-06-04 20:00:00,Female,43,Bronze,TV,Songkhla,1142,Web,COD,20,6,2,0,40-50,38.06666666666667,3.0,2.0,0.6666666666666666,39,49,5653.580000000001,0.23,1.0,0.3333333333333333,0.0,0.0,0,0,0.0,0.0,0,0,0.0,16960.74,3,2,0.6666666666666666,16960.74,3,2,0.6666666666666666,1
LGS2ORD0019554,C011744,2025-06-04 20:00:00,Male,37,Silver,Shopee,Bangkok,650,TV_Show,Credit_Card,20,6,2,0,30-40,21.666666666666668,0.0,0.0,0.0,-1,-1,0.0,0.0,0.0,0.0,0.0,0.0,0,0,0.0,0.0,0,0,0.0,0.0,0,0,0.0,0.0,0,0,0.0,0
LGS2ORD0019555,C017771,2025-06-04 21:00:00,Female,46,Bronze,CallCenter,Remote_Area,422,Web,Credit_Card,21,6,2,0,40-50,14.066666666666666,3.0,0.0,0.0,-1,81,5178.7699999999995,0.08,0.3333333333333333,0.0,0.0,0.0,0,0,0.0,0.0,0,0,0.0,721.25,1,0,0.0,15536.31,3,0,0.0,0
LGS2ORD0019556,C010028,2025-06-04 21:00:00,Male,32,Bronze,TV,Phuket,864,Shopee,PromptPay,21,6,2,0,30-40,28.8,5.0,3.0,0.6,37,3,4812.798,0.28,0.6,0.6,0.0,1385.46,1,0,0.0,1385.46,1,0,0.0,21974.27,4,2,0.5,24063.989999999998,5,3,0.6,1
LGS2ORD0019557,C010356,2025-06-04 21:00:00,Male,39,Silver,Shopee,Bangkok,495,Shopee,COD,21,6,2,0,30-40,16.5,4.0,0.0,0.0,-1,5,8279.52,0.25,0.75,0.25,0.0,4056.09,1,0,0.0,9533.32,2,0,0.0,30413.1,3,0,0.0,33118.08,4,0,0.0,0
LGS2ORD0019558,C012177,2025-06-04 21:00:00,Female,34,Bronze,Web,Nakhon Ratchasima,1191,TV_Show,COD,21,6,2,0,30-40,39.7,3.0,2.0,0.6666666666666666,16,23,1230.6066666666666,0.23,1.0,0.3333333333333333,0.0,0.0,0,0,0.0,2378.01,2,1,0.5,3691.8199999999997,3,2,0.6666666666666666,3691.8199999999997,3,2,0.6666666666666666,0
LGS2ORD0019559,C013334,2025-06-04 21:00:00,Female,59,Bronze,Web,Bangkok,398,Shopee,COD,21,6,2,0,>50,13.266666666666667,2.0,0.0,0.0,-1,4,8888.795,0.08,1.0,0.0,0.0,13424.37,1,0,0.0,17777.59,2,0,0.0,17777.59,2,0,0.0,17777.59,2,0,0.0,1
LGS2ORD0019560,C011595,2025-06-04 21:00:00,Female,64,Bronze,TV,Bangkok,202,TV_Show,PromptPay,21,6,2,0,>50,6.733333333333333,4.0,0.0,0.0,-1,12,4145.9575,0.28,0.0,0.25,0.0,0.0,0,0,0.0,3393.06,1,0,0.0,6339.47,3,0,0.0,16583.83,4,0,0.0,1
LGS2ORD0019561,C014049,2025-06-04 22:00:00,Female,34,Bronze,TV,Nakhon Ratchasima,217,Shopee,COD,22,6,2,0,30-40,7.233333333333333,1.0,0.0,0.0,-1,59,9903.53,0.03,1.0,0.0,0.0,0.0,0,0,0.0,0.0,0,0,0.0,9903.53,1,0,0.0,9903.53,1,0,0.0,0
LGS2ORD0019562,C016875,2025-06-04 22:00:00,Female,23,Gold,Lazada,Chiang Mai,953,Lazada,Credit_Card,22,6,2,0,20-30,31.766666666666666,0.0,0.0,0.0,-1,-1,0.0,0.0,0.0,0.0,0.0,0.0,0,0,0.0,0.0,0,0,0.0,0.0,0,0,0.0,0.0,0,0,0.0,0
LGS2ORD0019563,C013863,2025-06-04 22:00:00,Female,42,Bronze,Shopee,Nakhon Ratchasima,893,Web,COD,22,6,2,0,40-50,29.766666666666666,3.0,0.0,0.0,-1,10,5933.32,0.08,1.0,0.0,0.0,0.0,0,0,0.0,4384.84,1,0,0.0,4384.84,1,0,0.0,17799.96,3,0,0.0,0
LGS2ORD0019564,C010228,2025-06-04 22:00:00,Male,43,Bronze,TV,Songkhla,1570,TV_Show,PromptPay,22,6,2,0,40-50,52.333333333333336,2.0,0.0,0.0,-1,36,2022.875,0.08,0.0,0.0,0.0,0.0,0,0,0.0,0.0,0,0,0.0,1711.0,1,0,0.0,4045.75,2,0,0.0,0
LGS2ORD0019565,C015515,2025-06-04 22:00:00,Male,58,Bronze,TV,Phuket,1289,CallCenter,COD,22,6,2,0,>50,42.96666666666667,2.0,0.0,0.0,-1,26,12810.06,0.18,0.0,0.0,0.0,0.0,0,0,0.0,14094.38,1,0,0.0,14094.38,1,0,0.0,25620.12,2,0,0.0,0
LGS2ORD0019566,C014496,2025-06-04 23:00:00,Female,57,Gold,Lazada,Khon Kaen,503,CallCenter,PromptPay,23,6,2,0,>50,16.766666666666666,4.0,1.0,0.25,128,6,7006.44,0.2299999999999999,0.5,0.25,0.0,1385.39,1,0,0.0,10976.3,2,0,0.0,13359.269999999999,3,0,0.0,28025.76,4,1,0.25,0
LGS2ORD0019567,C012536,2025-06-04 23:00:00,Male,39,Silver,CallCenter,Bangkok,1550,TV_Show,COD,23,6,2,0,30-40,51.666666666666664,0.0,0.0,0.0,-1,-1,0.0,0.0,0.0,0.0,0.0,0.0,0,0,0.0,0.0,0,0,0.0,0.0,0,0,0.0,0.0,0,0,0.0,1
LGS2ORD0019568,C017988,2025-06-04 23:00:00,Male,28,Silver,Lazada,Chiang Mai,971,TV_Show,COD,23,6,2,0,20-30,32.36666666666667,3.0,1.0,0.3333333333333333,16,28,4428.776666666667,0.2,0.3333333333333333,0.0,0.0,0.0,0,0,0.0,1459.5,1,1,1.0,6652.49,2,1,0.5,13286.33,3,1,0.3333333333333333,0
LGS2ORD0019569,C015318,2025-06-04 23:00:00,Female,44,Gold,Shopee,Bangkok,1470,Shopee,COD,23,6,2,0,40-50,49.0,4.0,2.0,0.5,124,127,3212.4474999999998,0.2299999999999999,0.25,0.25,0.0,0.0,0,0,0.0,0.0,0,0,0.0,0.0,0,0,0.0,12849.789999999999,4,2,0.5,0
LGS2ORD0019570,C017787,2025-06-04 23:00:00,Female,45,Silver,Lazada,Remote_Area,1576,TV_Show,COD,23,6,2,0,40-50,52.53333333333333,0.0,0.0,0.0,-1,-1,0.0,0.0,0.0,0.0,0.0,0.0,0,0,0.0,0.0,0,0,0.0,0.0,0,0,0.0,0.0,0,0,0.0,0
LGS2ORD0019571,C014229,2025-06-05 00:00:00,Male,46,Bronze,CallCenter,Nakhon Ratchasima,1589,Lazada,Bank_Transfer,0,6,3,0,40-50,52.96666666666667,1.0,0.0,0.0,-1,150,4334.1,0.03,0.0,0.0,0.0,0.0,0,0,0.0,0.0,0,0,0.0,0.0,0,0,0.0,4334.1,1,0,0.0,0
LGS2ORD0019572,C013366,2025-06-05 00:00:00,Female,54,Platinum,TV,Chonburi,682,Shopee,COD,0,6,3,0,>50,22.733333333333334,2.0,0.0,0.0,-1,136,11839.215,0.3,0.5,0.5,0.0,0.0,0,0,0.0,0.0,0,0,0.0,0.0,0,0,0.0,23678.43,2,0,0.0,0
LGS2ORD0019573,C017042,2025-06-05 00:00:00,Male,43,Bronze,Web,Bangkok,187,Lazada,Bank_Transfer,0,6,3,0,40-50,6.233333333333333,0.0,0.0,0.0,-1,-1,0.0,0.0,0.0,0.0,0.0,0.0,0,0,0.0,0.0,0,0,0.0,0.0,0,0,0.0,0.0,0,0,0.0,0
LGS2ORD0019574,C016194,2025-06-05 00:00:00,Male,44,Bronze,Web,Chonburi,772,Shopee,COD,0,6,3,0,40-50,25.733333333333334,1.0,1.0,1.0,41,50,1834.14,0.23,1.0,1.0,0.0,0.0,0,0,0.0,0.0,0,0,0.0,1834.14,1,1,1.0,1834.14,1,1,1.0,1
LGS2ORD0019575,C017991,2025-06-05 00:00:00,Other,62,Bronze,Web,Songkhla,1021,Shopee,COD,0,6,3,0,>50,34.03333333333333,3.0,0.0,0.0,-1,1,2045.9633333333331,0.28,0.6666666666666666,0.3333333333333333,0.0,943.28,1,0,0.0,943.28,1,0,0.0,943.28,1,0,0.0,6137.889999999999,3,0,0.0,0
LGS2ORD0019576,C011263,2025-06-05 00:00:00,Female,47,Silver,Shopee,Remote_Area,922,Web,COD,0,6,3,0,40-50,30.733333333333334,4.0,2.0,0.5,29,15,2960.7124999999996,0.25,0.5,0.25,0.0,0.0,0,0,0.0,2729.81,1,0,0.0,7257.949999999999,3,1,0.3333333333333333,11842.849999999999,4,2,0.5,1
LGS2ORD0019577,C012490,2025-06-05 01:00:00,Female,52,Bronze,TV,Remote_Area,185,CallCenter,PromptPay,1,6,3,0,>50,6.166666666666667,6.0,1.0,0.16666666666666666,39,25,2316.2183333333332,0.23,0.3333333333333333,0.3333333333333333,0.0,0.0,0,0,0.0,4422.9800000000005,2,0,0.0,6563.05,4,1,0.25,13897.31,6,1,0.16666666666666666,0
LGS2ORD0019578,C012916,2025-06-05 01:00:00,Male,59,Silver,Web,Bangkok,752,Shopee,PromptPay,1,6,3,0,>50,25.066666666666666,2.0,1.0,0.5,6,11,1860.0849999999998,0.25,0.5,0.5,0.0,0.0,0,0,0.0,684.68,1,1,1.0,684.68,1,1,1.0,3720.1699999999996,2,1,0.5,0
LGS2ORD0019579,C017034,2025-06-05 01:00:00,Female,28,Bronze,Shopee,Songkhla,639,TV_Show,COD,1,6,3,0,20-30,21.3,8.0,3.0,0.375,5,12,4374.8575,0.18,0.25,0.0,0.0,0.0,0,0,0.0,10100.609999999999,2,1,0.5,12980.519999999999,3,1,0.3333333333333333,34998.86,8,3,0.375,1
LGS2ORD0019580,C014193,2025-06-05 01:00:00,Male,32,Gold,Lazada,Bangkok,669,Shopee,COD,1,6,3,0,30-40,22.3,1.0,0.0,0.0,-1,141,7941.48,0.08,0.0,0.0,0.0,0.0,0,0,0.0,0.0,0,0,0.0,0.0,0,0,0.0,7941.48,1,0,0.0,0
LGS2ORD0019581,C014271,2025-06-05 01:00:00,Female,38,Bronze,Shopee,Chonburi,673,Web,Credit_Card,1,6,3,0,30-40,22.433333333333334,6.0,1.0,0.16666666666666666,12,17,2983.3333333333335,0.28,0.16666666666666666,0.16666666666666666,0.0,0.0,0,0,0.0,4252.65,1,1,1.0,11232.529999999999,4,1,0.25,17900.0,6,1,0.16666666666666666,0
LGS2ORD0019582,C014346,2025-06-05 02:00:00,Female,62,Silver,Web,Chiang Mai,956,CallCenter,Bank_Transfer,2,6,3,0,>50,31.866666666666667,5.0,1.0,0.2,98,18,6923.806000000001,0.3,0.8,0.6,0.0,0.0,0,0,0.0,819.87,1,0,0.0,5148.97,3,0,0.0,34619.030000000006,5,1,0.2,1
LGS2ORD0019583,C016475,2025-06-05 02:00:00,Other,35,Platinum,Web,Khon Kaen,1270,TV_Show,Credit_Card,2,6,3,0,30-40,42.333333333333336,3.0,0.0,0.0,-1,0,6719.063333333333,0.35,0.6666666666666666,0.3333333333333333,0.0,3765.71,1,0,0.0,11851.470000000001,2,0,0.0,11851.470000000001,2,0,0.0,20157.19,3,0,0.0,0
LGS2ORD0019584,C014072,2025-06-05 02:00:00,Male,43,Bronze,TV,Chiang Mai,1360,Web,COD,2,6,3,0,40-50,45.333333333333336,1.0,0.0,0.0,-1,66,2582.15,0.03,0.0,0.0,0.0,0.0,0,0,0.0,0.0,0,0,0.0,2582.15,1,0,0.0,2582.15,1,0,0.0,0
LGS2ORD0019585,C015555,2025-06-05 02:00:00,Male,40,Bronze,TV,Nakhon Ratchasima,1357,Web,COD,2,6,3,0,30-40,45.233333333333334,5.0,0.0,0.0,-1,54,14730.86,0.18,0.6,0.0,0.0,0.0,0,0,0.0,0.0,0,0,0.0,55874.94,3,0,0.0,73654.3,5,0,0.0,0
LGS2ORD0019586,C017348,2025-06-05 02:00:00,Male,27,Bronze,TV,Phuket,1505,CallCenter,COD,2,6,3,0,20-30,50.166666666666664,3.0,0.0,0.0,-1,41,19134.89333333333,0.23,0.6666666666666666,0.3333333333333333,0.0,0.0,0,0,0.0,0.0,0,0,0.0,2786.46,1,0,0.0,57404.67999999999,3,0,0.0,0
LGS2ORD0019587,C011541,2025-06-05 03:00:00,Female,18,Silver,Web,Bangkok,502,Lazada,Credit_Card,3,6,3,0,<20,16.733333333333334,4.0,0.0,0.0,-1,27,7777.349999999999,0.25,0.5,0.5,0.0,0.0,0,0,0.0,14324.57,1,0,0.0,20009.309999999998,3,0,0.0,31109.399999999998,4,0,0.0,0
LGS2ORD0019588,C012904,2025-06-05 03:00:00,Male,51,Gold,Shopee,Nakhon Ratchasima,307,Shopee,Credit_Card,3,6,3,0,>50,10.233333333333333,3.0,1.0,0.3333333333333333,11,14,5704.533333333333,0.33,0.3333333333333333,1.0,0.0,0.0,0,0,0.0,15257.43,2,1,0.5,15257.43,2,1,0.5,17113.6,3,1,0.3333333333333333,1
LGS2ORD0019589,C014022,2025-06-05 03:00:00,Female,45,Silver,Web,Nakhon Ratchasima,1379,Shopee,COD,3,6,3,0,40-50,45.96666666666667,2.0,2.0,1.0,111,116,682.02,0.2,1.0,0.0,0.0,0.0,0,0,0.0,0.0,0,0,0.0,0.0,0,0,0.0,1364.04,2,2,1.0,0
LGS2ORD0019590,C015788,2025-06-05 03:00:00,Female,36,Bronze,Shopee,Phuket,765,CallCenter,PromptPay,3,6,3,0,30-40,25.5,1.0,1.0,1.0,92,107,2191.16,0.28,1.0,1.0,0.0,0.0,0,0,0.0,0.0,0,0,0.0,0.0,0,0,0.0,2191.16,1,1,1.0,0
LGS2ORD0019591,C011189,2025-06-05 03:00:00,Male,34,Bronze,TV,Khon Kaen,1597,Web,COD,3,6,3,0,30-40,53.233333333333334,3.0,0.0,0.0,-1,92,3238.843333333333,0.23,0.3333333333333333,0.3333333333333333,0.0,0.0,0,0,0.0,0.0,0,0,0.0,0.0,0,0,0.0,9716.529999999999,3,0,0.0,0
LGS2ORD0019592,C013474,2025-06-05 04:00:00,Male,67,Bronze,TV,Nakhon Ratchasima,524,Lazada,Credit_Card,4,6,3,0,>50,17.466666666666665,1.0,0.0,0.0,-1,37,2762.39,0.03,1.0,0.0,0.0,0.0,0,0,0.0,0.0,0,0,0.0,2762.39,1,0,0.0,2762.39,1,0,0.0,0
LGS2ORD0019593,C013734,2025-06-05 04:00:00,Other,50,Bronze,TV,Khon Kaen,1539,CallCenter,COD,4,6,3,0,40-50,51.3,1.0,0.0,0.0,-1,48,798.57,0.03,0.0,0.0,0.0,0.0,0,0,0.0,0.0,0,0,0.0,798.57,1,0,0.0,798.57,1,0,0.0,0
LGS2ORD0019594,C015921,2025-06-05 04:00:00,Male,47,Bronze,TV,Khon Kaen,1588,TV_Show,Credit_Card,4,6,3,0,40-50,52.93333333333333,5.0,1.0,0.2,83,54,6278.656,0.23,0.8,0.2,0.0,0.0,0,0,0.0,0.0,0,0,0.0,23954.9,2,0,0.0,31393.28,5,1,0.2,0
LGS2ORD0019595,C012012,2025-06-05 04:00:00,Male,48,Silver,Lazada,Chonburi,394,CallCenter,COD,4,6,3,0,40-50,13.133333333333333,2.0,0.0,0.0,-1,32,10470.66,0.2,0.0,0.0,0.0,0.0,0,0,0.0,0.0,0,0,0.0,3486.91,1,0,0.0,20941.32,2,0,0.0,0
LGS2ORD0019596,C015550,2025-06-05 04:00:00,Female,35,Bronze,Shopee,Chiang Mai,812,CallCenter,PromptPay,4,6,3,0,30-40,27.066666666666666,6.0,1.0,0.16666666666666666,65,27,4100.28,0.28,0.16666666666666666,0.5,0.0,0.0,0,0,0.0,13362.85,1,0,0.0,24601.68,6,1,0.16666666666666666,24601.68,6,1,0.16666666666666666,0
LGS2ORD0019597,C012562,2025-06-05 04:00:00,Male,58,Bronze,Web,Chonburi,1521,Shopee,Credit_Card,4,6,3,0,>50,50.7,1.0,0.0,0.0,-1,77,7770.76,0.23,1.0,1.0,0.0,0.0,0,0,0.0,0.0,0,0,0.0,7770.76,1,0,0.0,7770.76,1,0,0.0,0
LGS2ORD0019598,C010457,2025-06-05 05:00:00,Male,42,Gold,TV,Bangkok,332,CallCenter,Credit_Card,5,6,3,0,40-50,11.066666666666666,6.0,0.0,0.0,-1,31,7653.633333333334,0.33,0.6666666666666666,0.5,0.0,0.0,0,0,0.0,0.0,0,0,0.0,12230.01,3,0,0.0,45921.8,6,0,0.0,0
LGS2ORD0019599,C011851,2025-06-05 05:00:00,Female,27,Silver,Lazada,Khon Kaen,1168,TV_Show,Bank_Transfer,5,6,3,0,20-30,38.93333333333333,2.0,1.0,0.5,27,17,7023.89,0.3,0.5,0.5,0.0,0.0,0,0,0.0,7034.47,1,0,0.0,14047.78,2,1,0.5,14047.78,2,1,0.5,0
LGS2ORD0019600,C017973,2025-06-05 05:00:00,Female,50,Bronze,CallCenter,Bangkok,1538,Web,COD,5,6,3,0,40-50,51.266666666666666,2.0,1.0,0.5,4,13,2804.13,0.13,0.5,0.0,0.0,0.0,0,0,0.0,2350.27,1,1,1.0,5608.26,2,1,0.5,5608.26,2,1,0.5,0
LGS2ORD0019601,C017082,2025-06-05 05:00:00,Female,34,Bronze,TV,Chiang Mai,849,Lazada,COD,5,6,3,0,30-40,28.3,3.0,1.0,0.3333333333333333,133,101,3348.5,0.28,0.3333333333333333,0.3333333333333333,0.0,0.0,0,0,0.0,0.0,0,0,0.0,0.0,0,0,0.0,10045.5,3,1,0.3333333333333333,1
LGS2ORD0019602,C015636,2025-06-05 05:00:00,Male,28,Bronze,Shopee,Phuket,1078,Web,COD,5,6,3,0,20-30,35.93333333333333,1.0,0.0,0.0,-1,102,5715.9,0.28,1.0,1.0,0.0,0.0,0,0,0.0,0.0,0,0,0.0,0.0,0,0,0.0,5715.9,1,0,0.0,0
LGS2ORD0019603,C012827,2025-06-05 06:00:00,Female,47,Bronze,CallCenter,Songkhla,873,Shopee,COD,6,6,3,0,40-50,29.1,3.0,2.0,0.6666666666666666,48,62,2921.0533333333337,0.23,0.6666666666666666,0.3333333333333333,0.0,0.0,0,0,0.0,0.0,0,0,0.0,923.2,1,1,1.0,8763.160000000002,3,2,0.6666666666666666,0
LGS2ORD0019604,C011267,2025-06-05 06:00:00,Female,48,Gold,TV,Bangkok,1200,TV_Show,COD,6,6,3,0,40-50,40.0,3.0,1.0,0.3333333333333333,113,2,6393.003333333334,0.28,0.0,1.0,0.0,3051.26,1,0,0.0,3051.26,1,0,0.0,15659.550000000001,2,0,0.0,19179.010000000002,3,1,0.3333333333333333,0
LGS2ORD0019605,C011661,2025-06-05 06:00:00,Male,43,Bronze,TV,Bangkok,1295,TV_Show,COD,6,6,3,0,40-50,43.166666666666664,2.0,2.0,1.0,20,31,11003.085000000001,0.23,1.0,0.5,0.0,0.0,0,0,0.0,0.0,0,0,0.0,22006.170000000002,2,2,1.0,22006.170000000002,2,2,1.0,1
LGS2ORD0019606,C012171,2025-06-05 06:00:00,Female,51,Silver,Lazada,Chonburi,343,Shopee,COD,6,6,3,0,>50,11.433333333333334,2.0,0.0,0.0,-1,50,3318.8450000000003,0.3,0.5,1.0,0.0,0.0,0,0,0.0,0.0,0,0,0.0,6637.6900000000005,2,0,0.0,6637.6900000000005,2,0,0.0,1
LGS2ORD0019607,C016940,2025-06-05 06:00:00,Male,41,Bronze,Shopee,Phuket,519,TV_Show,Bank_Transfer,6,6,3,0,40-50,17.3,4.0,1.0,0.25,27,31,4302.4275,0.18,0.75,0.0,0.0,0.0,0,0,0.0,0.0,0,0,0.0,15863.41,3,1,0.3333333333333333,17209.71,4,1,0.25,0
LGS2ORD0019608,C011578,2025-06-05 07:00:00,Male,49,Bronze,Lazada,Chiang Mai,1201,Shopee,PromptPay,7,6,3,0,40-50,40.03333333333333,3.0,1.0,0.3333333333333333,15,26,12704.24,0.18,0.6666666666666666,0.0,0.0,0.0,0,0,0.0,614.87,1,1,1.0,38112.72,3,1,0.3333333333333333,38112.72,3,1,0.3333333333333333,0
LGS2ORD0019609,C012750,2025-06-05 07:00:00,Female,18,Bronze,Web,Bangkok,927,CallCenter,PromptPay,7,6,3,0,<20,30.9,2.0,1.0,0.5,140,44,5726.875,0.18,1.0,0.0,0.0,0.0,0,0,0.0,0.0,0,0,0.0,3230.18,1,0,0.0,11453.75,2,1,0.5,0
LGS2ORD0019610,C013101,2025-06-05 07:00:00,Male,44,Gold,TV,Chonburi,953,Shopee,Credit_Card,7,6,3,0,40-50,31.766666666666666,4.0,1.0,0.25,82,17,4585.8175,0.33,0.25,0.75,0.0,0.0,0,0,0.0,16406.58,2,0,0.0,16406.58,2,0,0.0,18343.27,4,1,0.25,0
LGS2ORD0019611,C011689,2025-06-05 07:00:00,Female,61,Gold,Lazada,Chonburi,789,TV_Show,Bank_Transfer,7,6,3,0,>50,26.3,4.0,1.0,0.25,129,46,4435.545,0.28,0.25,0.75,0.0,0.0,0,0,0.0,0.0,0,0,0.0,13120.94,2,0,0.0,17742.18,4,1,0.25,0
LGS2ORD0019612,C013082,2025-06-05 07:00:00,Male,28,Silver,Web,Chonburi,1513,Web,COD,7,6,3,0,20-30,50.43333333333333,4.0,1.0,0.25,91,13,11713.97,0.25,0.5,0.25,0.0,0.0,0,0,0.0,27412.199999999997,2,0,0.0,27412.199999999997,2,0,0.0,46855.88,4,1,0.25,0
LGS2ORD0019613,C010118,2025-06-05 08:00:00,Male,33,Silver,Lazada,Songkhla,1409,Web,COD,8,6,3,0,30-40,46.96666666666667,3.0,0.0,0.0,-1,1,13282.57,0.05,0.0,0.0,0.0,11389.31,1,0,0.0,11389.31,1,0,0.0,11389.31,1,0,0.0,39847.71,3,0,0.0,0
LGS2ORD0019614,C010404,2025-06-05 08:00:00,Male,27,Silver,CallCenter,Phuket,1536,CallCenter,COD,8,6,3,0,20-30,51.2,2.0,1.0,0.5,54,59,15032.595000000001,0.25,0.5,0.5,0.0,0.0,0,0,0.0,0.0,0,0,0.0,9625.49,1,1,1.0,30065.190000000002,2,1,0.5,1
LGS2ORD0019615,C012845,2025-06-05 08:00:00,Female,18,Bronze,Web,Remote_Area,221,Web,COD,8,6,3,0,<20,7.366666666666666,3.0,2.0,0.6666666666666666,104,97,3651.0966666666664,0.23,1.0,0.3333333333333333,0.0,0.0,0,0,0.0,0.0,0,0,0.0,0.0,0,0,0.0,10953.289999999999,3,2,0.6666666666666666,1
LGS2ORD0019616,C017675,2025-06-05 08:00:00,Male,30,Bronze,Web,Nakhon Ratchasima,1505,Lazada,PromptPay,8,6,3,0,20-30,50.166666666666664,1.0,0.0,0.0,-1,147,1262.07,0.08,0.0,0.0,0.0,0.0,0,0,0.0,0.0,0,0,0.0,0.0,0,0,0.0,1262.07,1,0,0.0,1
LGS2ORD0019617,C014314,2025-06-05 08:00:00,Male,58,Bronze,Lazada,Chonburi,787,Shopee,COD,8,6,3,0,>50,26.233333333333334,3.0,1.0,0.3333333333333333,96,1,8045.47,0.28,0.6666666666666666,0.3333333333333333,0.0,1046.71,1,0,0.0,1046.71,1,0,0.0,1046.71,1,0,0.0,24136.41,3,1,0.3333333333333333,0
LGS2ORD0019618,C010340,2025-06-05 08:00:00,Male,53,Platinum,Shopee,Khon Kaen,1346,Lazada,COD,8,6,3,0,>50,44.86666666666667,7.0,1.0,0.14285714285714285,76,35,1514.0171428571427,0.25,0.7142857142857143,0.14285714285714285,0.0,0.0,0,0,0.0,0.0,0,0,0.0,7865.01,5,1,0.2,10598.119999999999,7,1,0.14285714285714285,0
LGS2ORD0019619,C013182,2025-06-05 09:00:00,Male,38,Silver,Web,Bangkok,683,Lazada,Credit_Card,9,6,3,0,30-40,22.766666666666666,3.0,0.0,0.0,-1,6,19147.243333333332,0.3,0.6666666666666666,0.6666666666666666,0.0,18688.37,1,0,0.0,18688.37,1,0,0.0,44135.25,2,0,0.0,57441.729999999996,3,0,0.0,0
LGS2ORD0019620,C014642,2025-06-05 09:00:00,Male,60,Silver,Shopee,Phuket,1533,CallCenter,COD,9,6,3,0,>50,51.1,3.0,1.0,0.3333333333333333,88,70,713.6033333333334,0.25,0.6666666666666666,0.3333333333333333,0.0,0.0,0,0,0.0,0.0,0,0,0.0,1516.81,2,0,0.0,2140.81,3,1,0.3333333333333333,0
LGS2ORD0019621,C014610,2025-06-05 09:00:00,Male,40,Bronze,Lazada,Nakhon Ratchasima,842,Shopee,COD,9,6,3,0,30-40,28.066666666666666,6.0,2.0,0.3333333333333333,-3,7,5319.973333333334,0.23,0.8333333333333334,0.16666666666666666,0.0,0.0,0,0,0.0,635.22,1,1,1.0,13503.96,3,1,0.3333333333333333,31919.840000000004,6,2,0.3333333333333333,0
LGS2ORD0019622,C011219,2025-06-05 09:00:00,Male,54,Silver,Web,Chiang Mai,659,Web,COD,9,6,3,0,>50,21.966666666666665,3.0,1.0,0.3333333333333333,0,11,7272.91,0.1,0.3333333333333333,0.0,0.0,0.0,0,0,0.0,6185.28,1,1,1.0,21818.73,3,1,0.3333333333333333,21818.73,3,1,0.3333333333333333,0
LGS2ORD0019623,C016641,2025-06-05 09:00:00,Female,37,Bronze,TV,Chonburi,819,TV_Show,Credit_Card,9,6,3,0,30-40,27.3,4.0,1.0,0.25,130,96,11307.147500000001,0.28,0.5,0.5,0.0,0.0,0,0,0.0,0.0,0,0,0.0,0.0,0,0,0.0,45228.590000000004,4,1,0.25,0
LGS2ORD0019624,C014125,2025-06-05 10:00:00,Female,45,Gold,CallCenter,Khon Kaen,389,CallCenter,COD,10,6,3,0,40-50,12.966666666666667,3.0,0.0,0.0,-1,9,4056.883333333333,0.33,0.6666666666666666,0.3333333333333333,0.0,0.0,0,0,0.0,5145.52,1,0,0.0,11300.42,2,0,0.0,12170.65,3,0,0.0,0
LGS2ORD0019625,C016762,2025-06-05 10:00:00,Female,40,Gold,CallCenter,Nakhon Ratchasima,1480,Web,PromptPay,10,6,3,0,30-40,49.333333333333336,1.0,1.0,1.0,93,96,6459.07,0.33,1.0,1.0,0.0,0.0,0,0,0.0,0.0,0,0,0.0,0.0,0,0,0.0,6459.07,1,1,1.0,0
LGS2ORD0019626,C012738,2025-06-05 10:00:00,Female,27,Silver,Web,Nakhon Ratchasima,1359,Web,Credit_Card,10,6,3,0,20-30,45.3,3.0,0.0,0.0,-1,60,6240.996666666667,0.25,0.3333333333333333,0.3333333333333333,0.0,0.0,0,0,0.0,0.0,0,0,0.0,1911.09,1,0,0.0,18722.99,3,0,0.0,0
LGS2ORD0019627,C014950,2025-06-05 10:00:00,Male,55,Gold,TV,Khon Kaen,1254,Web,COD,10,6,3,0,>50,41.8,4.0,0.0,0.0,-1,107,2450.9825,0.33,0.75,0.5,0.0,0.0,0,0,0.0,0.0,0,0,0.0,0.0,0,0,0.0,9803.93,4,0,0.0,0
LGS2ORD0019628,C014341,2025-06-05 10:00:00,Female,38,Silver,TV,Bangkok,341,Lazada,COD,10,6,3,0,30-40,11.366666666666667,2.0,0.0,0.0,-1,35,5527.13,0.25,0.0,0.5,0.0,0.0,0,0,0.0,0.0,0,0,0.0,11054.26,2,0,0.0,11054.26,2,0,0.0,0
LGS2ORD0019629,C014981,2025-06-05 11:00:00,Male,23,Gold,Shopee,Bangkok,1318,Web,Credit_Card,11,6,3,0,20-30,43.93333333333333,2.0,0.0,0.0,-1,28,6760.530000000001,0.28,0.0,0.5,0.0,0.0,0,0,0.0,4733.38,1,0,0.0,4733.38,1,0,0.0,13521.060000000001,2,0,0.0,0
LGS2ORD0019630,C014735,2025-06-05 11:00:00,Male,53,Bronze,Shopee,Songkhla,615,Web,COD,11,6,3,0,>50,20.5,2.0,2.0,1.0,8,22,13947.115,0.18,1.0,0.0,0.0,0.0,0,0,0.0,27169.14,1,1,1.0,27894.23,2,2,1.0,27894.23,2,2,1.0,1
LGS2ORD0019631,C012054,2025-06-05 11:00:00,Female,36,Bronze,Web,Remote_Area,300,Lazada,COD,11,6,3,0,30-40,10.0,0.0,0.0,0.0,-1,-1,0.0,0.0,0.0,0.0,0.0,0.0,0,0,0.0,0.0,0,0,0.0,0.0,0,0,0.0,0.0,0,0,0.0,0
LGS2ORD0019632,C016358,2025-06-05 11:00:00,Male,48,Bronze,TV,Khon Kaen,291,Shopee,Credit_Card,11,6,3,0,40-50,9.7,4.0,3.0,0.75,14,30,3396.4975,0.18,0.5,0.0,0.0,0.0,0,0,0.0,8093.15,1,1,1.0,10347.83,2,1,0.5,13585.99,4,3,0.75,0
LGS2ORD0019633,C013955,2025-06-05 11:00:00,Male,34,Silver,TV,Chiang Mai,1190,TV_Show,COD,11,6,3,0,30-40,39.666666666666664,2.0,1.0,0.5,123,46,4883.66,0.1,0.0,0.0,0.0,0.0,0,0,0.0,0.0,0,0,0.0,4492.37,1,0,0.0,9767.32,2,1,0.5,0
LGS2ORD0019634,C013708,2025-06-05 12:00:00,Female,18,Silver,Shopee,Bangkok,372,Web,COD,12,6,3,0,<20,12.4,1.0,0.0,0.0,-1,117,11904.28,0.15,1.0,0.0,0.0,0.0,0,0,0.0,0.0,0,0,0.0,0.0,0,0,0.0,11904.28,1,0,0.0,0
LGS2ORD0019635,C014586,2025-06-05 12:00:00,Other,50,Bronze,TV,Songkhla,369,Web,COD,12,6,3,0,40-50,12.3,2.0,1.0,0.5,89,101,8241.800000000001,0.23,0.0,0.5,0.0,0.0,0,0,0.0,0.0,0,0,0.0,0.0,0,0,0.0,16483.600000000002,2,1,0.5,0
LGS2ORD0019636,C011036,2025-06-05 12:00:00,Male,42,Bronze,Web,Bangkok,1381,CallCenter,COD,12,6,3,0,40-50,46.03333333333333,2.0,0.0,0.0,-1,6,19050.215,0.23,0.5,0.5,0.0,9712.46,1,0,0.0,38100.43,2,0,0.0,38100.43,2,0,0.0,38100.43,2,0,0.0,0
LGS2ORD0019637,C017003,2025-06-05 12:00:00,Female,39,Silver,TV,Remote_Area,541,Shopee,Bank_Transfer,12,6,3,0,30-40,18.033333333333335,1.0,1.0,1.0,136,147,6297.59,0.05,1.0,0.0,0.0,0.0,0,0,0.0,0.0,0,0,0.0,0.0,0,0,0.0,6297.59,1,1,1.0,1
LGS2ORD0019638,C017588,2025-06-05 12:00:00,Female,44,Bronze,CallCenter,Phuket,381,Lazada,Credit_Card,12,6,3,0,40-50,12.7,4.0,1.0,0.25,42,13,7840.6625,0.03,0.25,0.0,0.0,0.0,0,0,0.0,17496.77,1,0,0.0,29003.08,3,1,0.3333333333333333,31362.65,4,1,0.25,0
LGS2ORD0019639,C013137,2025-06-05 12:00:00,Female,31,Gold,TV,Songkhla,591,TV_Show,Credit_Card,12,6,3,0,30-40,19.7,3.0,1.0,0.3333333333333333,107,75,2045.68,0.28,0.6666666666666666,0.3333333333333333,0.0,0.0,0,0,0.0,0.0,0,0,0.0,4923.99,2,0,0.0,6137.04,3,1,0.3333333333333333,1
LGS2ORD0019640,C015353,2025-06-05 13:00:00,Female,43,Bronze,TV,Chonburi,1033,TV_Show,COD,13,6,3,0,40-50,34.43333333333333,1.0,0.0,0.0,-1,98,13813.22,0.08,0.0,0.0,0.0,0.0,0,0,0.0,0.0,0,0,0.0,0.0,0,0,0.0,13813.22,1,0,0.0,1
LGS2ORD0019641,C011101,2025-06-05 13:00:00,Female,37,Gold,Lazada,Bangkok,600,Web,PromptPay,13,6,3,0,30-40,20.0,0.0,0.0,0.0,-1,-1,0.0,0.0,0.0,0.0,0.0,0.0,0,0,0.0,0.0,0,0,0.0,0.0,0,0,0.0,0.0,0,0,0.0,0
LGS2ORD0019642,C011042,2025-06-05 13:00:00,Male,54,Bronze,Lazada,Chonburi,344,CallCenter,PromptPay,13,6,3,0,>50,11.466666666666667,1.0,0.0,0.0,-1,136,966.9,0.13,0.0,0.0,0.0,0.0,0,0,0.0,0.0,0,0,0.0,0.0,0,0,0.0,966.9,1,0,0.0,0
LGS2ORD0019643,C017712,2025-06-05 13:00:00,Female,37,Platinum,Lazada,Bangkok,332,Web,COD,13,6,3,0,30-40,11.066666666666666,1.0,0.0,0.0,-1,100,9700.37,0.1,0.0,0.0,0.0,0.0,0,0,0.0,0.0,0,0,0.0,0.0,0,0,0.0,9700.37,1,0,0.0,0
LGS2ORD0019644,C013348,2025-06-05 13:00:00,Female,52,Silver,Lazada,Bangkok,282,Web,COD,13,6,3,0,>50,9.4,4.0,2.0,0.5,77,66,5585.7725,0.25,0.5,0.25,0.0,0.0,0,0,0.0,0.0,0,0,0.0,22343.09,4,2,0.5,22343.09,4,2,0.5,0
LGS2ORD0019645,C012738,2025-06-05 14:00:00,Female,27,Silver,Web,Nakhon Ratchasima,1359,Shopee,COD,14,6,3,0,20-30,45.3,4.0,0.0,0.0,-1,0,7166.39,0.25,0.25,0.25,0.0,9942.57,1,0,0.0,9942.57,1,0,0.0,11853.66,2,0,0.0,28665.56,4,0,0.0,1
LGS2ORD0019646,C016844,2025-06-05 14:00:00,Male,23,Silver,Lazada,Bangkok,1000,Lazada,COD,14,6,3,0,20-30,33.333333333333336,3.0,1.0,0.3333333333333333,13,19,4652.2,0.3,0.3333333333333333,0.3333333333333333,0.0,0.0,0,0,0.0,10289.47,1,1,1.0,12190.189999999999,2,1,0.5,13956.599999999999,3,1,0.3333333333333333,0
LGS2ORD0019647,C016189,2025-06-05 14:00:00,Female,48,Bronze,Lazada,Phuket,1526,CallCenter,PromptPay,14,6,3,0,40-50,50.86666666666667,3.0,2.0,0.6666666666666666,22,28,2280.436666666667,0.18,0.3333333333333333,0.0,0.0,0.0,0,0,0.0,508.68,1,1,1.0,508.68,1,1,1.0,6841.31,3,2,0.6666666666666666,0
LGS2ORD0019648,C012456,2025-06-05 14:00:00,Male,29,Bronze,TV,Remote_Area,1319,TV_Show,PromptPay,14,6,3,0,20-30,43.96666666666667,3.0,2.0,0.6666666666666666,22,29,4532.499999999999,0.18,1.0,0.0,0.0,0.0,0,0,0.0,1762.08,1,1,1.0,3610.62,2,2,1.0,13597.499999999998,3,2,0.6666666666666666,1
LGS2ORD0019649,C014022,2025-06-05 14:00:00,Female,45,Silver,Web,Nakhon Ratchasima,1379,Shopee,COD,14,6,3,0,40-50,45.96666666666667,3.0,2.0,0.6666666666666666,112,0,798.6133333333333,0.25,1.0,0.3333333333333333,0.0,1031.8,1,0,0.0,1031.8,1,0,0.0,1031.8,1,0,0.0,2395.84,3,2,0.6666666666666666,1
LGS2ORD0019650,C016869,2025-06-05 15:00:00,Male,52,Bronze,Shopee,Khon Kaen,1019,CallCenter,COD,15,6,3,0,>50,33.96666666666667,3.0,0.0,0.0,-1,2,4383.466666666666,0.28,0.6666666666666666,0.6666666666666666,0.0,2753.15,1,0,0.0,2753.15,1,0,0.0,7623.76,2,0,0.0,13150.4,3,0,0.0,0
LGS2ORD0019651,C013380,2025-06-05 15:00:00,Female,34,Gold,Lazada,Khon Kaen,938,TV_Show,Credit_Card,15,6,3,0,30-40,31.266666666666666,3.0,1.0,0.3333333333333333,75,85,3538.2566666666667,0.28,0.6666666666666666,0.6666666666666666,0.0,0.0,0,0,0.0,0.0,0,0,0.0,3182.84,1,1,1.0,10614.77,3,1,0.3333333333333333,0
LGS2ORD0019652,C013076,2025-06-05 15:00:00,Female,43,Bronze,CallCenter,Bangkok,332,Lazada,Credit_Card,15,6,3,0,40-50,11.066666666666666,4.0,1.0,0.25,67,5,16611.02,0.28,0.5,0.5,0.0,12356.52,1,0,0.0,12356.52,1,0,0.0,38935.79,3,1,0.3333333333333333,66444.08,4,1,0.25,0
LGS2ORD0019653,C011111,2025-06-05 15:00:00,Female,48,Bronze,Web,Remote_Area,1553,Web,COD,15,6,3,0,40-50,51.766666666666666,3.0,3.0,1.0,-9,3,1749.1900000000003,0.28,1.0,0.3333333333333333,0.0,1035.64,1,1,1.0,1035.64,1,1,1.0,3216.8500000000004,2,2,1.0,5247.570000000001,3,3,1.0,0
LGS2ORD0019654,C010772,2025-06-05 15:00:00,Female,62,Gold,CallCenter,Songkhla,303,Lazada,COD,15,6,3,0,>50,10.1,1.0,0.0,0.0,-1,125,2602.94,0.2299999999999999,0.0,1.0,0.0,0.0,0,0,0.0,0.0,0,0,0.0,0.0,0,0,0.0,2602.94,1,0,0.0,1
LGS2ORD0019655,C014695,2025-06-05 16:00:00,Female,56,Bronze,Shopee,Bangkok,1280,Lazada,Credit_Card,16,6,3,0,>50,42.666666666666664,1.0,0.0,0.0,-1,81,4509.88,0.03,0.0,0.0,0.0,0.0,0,0,0.0,0.0,0,0,0.0,4509.88,1,0,0.0,4509.88,1,0,0.0,0
LGS2ORD0019656,C015792,2025-06-05 16:00:00,Female,26,Silver,CallCenter,Bangkok,956,Web,Bank_Transfer,16,6,3,0,20-30,31.866666666666667,4.0,2.0,0.5,10,17,6041.035000000001,0.25,0.5,0.25,0.0,0.0,0,0,0.0,950.38,1,1,1.0,17866.83,3,2,0.6666666666666666,24164.140000000003,4,2,0.5,0
LGS2ORD0019657,C014899,2025-06-05 16:00:00,Male,63,Silver,Web,Phuket,967,Web,COD,16,6,3,0,>50,32.233333333333334,5.0,3.0,0.6,7,17,4827.474,0.25,0.6,0.6,0.0,0.0,0,0,0.0,7791.25,1,1,1.0,15234.07,4,3,0.75,24137.370000000003,5,3,0.6,0
LGS2ORD0019658,C011321,2025-06-05 16:00:00,Female,53,Bronze,CallCenter,Bangkok,1242,TV_Show,Credit_Card,16,6,3,0,>50,41.4,3.0,1.0,0.3333333333333333,45,8,4606.863333333334,0.23,0.0,0.3333333333333333,0.0,0.0,0,0,0.0,11824.84,2,0,0.0,13820.59,3,1,0.3333333333333333,13820.59,3,1,0.3333333333333333,0
LGS2ORD0019659,C011447,2025-06-05 16:00:00,Male,39,Gold,TV,Chonburi,269,CallCenter,COD,16,6,3,0,30-40,8.966666666666667,8.0,1.0,0.125,42,1,5342.400000000001,0.33,0.75,0.625,0.0,4448.92,1,0,0.0,6911.55,2,0,0.0,30849.190000000002,6,1,0.16666666666666666,42739.200000000004,8,1,0.125,0
LGS2ORD0019660,C011494,2025-06-05 16:00:00,Female,23,Platinum,Lazada,Bangkok,274,CallCenter,PromptPay,16,6,3,0,20-30,9.133333333333333,5.0,3.0,0.6,22,33,8640.478,0.3,0.4,0.2,0.0,0.0,0,0,0.0,0.0,0,0,0.0,22139.210000000003,3,2,0.6666666666666666,43202.39,5,3,0.6,0
LGS2ORD0019661,C014002,2025-06-05 17:00:00,Male,36,Bronze,TV,Bangkok,570,Lazada,Credit_Card,17,6,3,0,30-40,19.0,1.0,0.0,0.0,-1,33,3029.68,0.13,1.0,0.0,0.0,0.0,0,0,0.0,0.0,0,0,0.0,3029.68,1,0,0.0,3029.68,1,0,0.0,0
LGS2ORD0019662,C016096,2025-06-05 17:00:00,Male,56,Bronze,TV,Khon Kaen,326,Shopee,COD,17,6,3,0,>50,10.866666666666667,4.0,0.0,0.0,-1,43,9645.022500000001,0.28,0.75,0.5,0.0,0.0,0,0,0.0,0.0,0,0,0.0,9949.93,2,0,0.0,38580.090000000004,4,0,0.0,0
LGS2ORD0019663,C014364,2025-06-05 17:00:00,Female,40,Bronze,TV,Phuket,294,TV_Show,Bank_Transfer,17,6,3,0,30-40,9.8,4.0,0.0,0.0,-1,29,2056.2599999999998,0.28,0.5,0.5,0.0,0.0,0,0,0.0,143.91,1,0,0.0,1668.5600000000002,2,0,0.0,8225.039999999999,4,0,0.0,0
LGS2ORD0019664,C016279,2025-06-05 17:00:00,Female,39,Bronze,Web,Bangkok,1117,Web,COD,17,6,3,0,30-40,37.233333333333334,2.0,2.0,1.0,91,104,1139.8600000000001,0.28,0.0,0.5,0.0,0.0,0,0,0.0,0.0,0,0,0.0,0.0,0,0,0.0,2279.7200000000003,2,2,1.0,1
LGS2ORD0019665,C011077,2025-06-05 17:00:00,Female,71,Bronze,Shopee,Chonburi,1101,Shopee,COD,17,6,3,0,>50,36.7,5.0,0.0,0.0,-1,3,2175.356,0.28,0.8,0.2,0.0,3611.05,1,0,0.0,3611.05,1,0,0.0,6410.360000000001,3,0,0.0,10876.78,5,0,0.0,0
LGS2ORD0019666,C010901,2025-06-05 18:00:00,Female,46,Silver,Web,Songkhla,1244,Lazada,Bank_Transfer,18,6,3,0,40-50,41.46666666666667,4.0,2.0,0.5,5,11,6260.650000000001,0.3,0.5,0.25,0.0,0.0,0,0,0.0,3772.08,2,1,0.5,3772.08,2,1,0.5,25042.600000000002,4,2,0.5,0
LGS2ORD0019667,C014681,2025-06-05 18:00:00,Male,28,Bronze,Web,Chiang Mai,623,Shopee,Credit_Card,18,6,3,0,20-30,20.766666666666666,4.0,1.0,0.25,89,61,1835.2925000000002,0.08,0.25,0.0,0.0,0.0,0,0,0.0,0.0,0,0,0.0,419.29,1,0,0.0,7341.170000000001,4,1,0.25,1
LGS2ORD0019668,C013224,2025-06-05 18:00:00,Male,37,Bronze,Web,Bangkok,947,Lazada,COD,18,6,3,0,30-40,31.566666666666666,3.0,1.0,0.3333333333333333,101,107,1472.6166666666668,0.13,0.6666666666666666,0.0,0.0,0.0,0,0,0.0,0.0,0,0,0.0,0.0,0,0,0.0,4417.85,3,1,0.3333333333333333,0
LGS2ORD0019669,C013435,2025-06-05 18:00:00,Other,35,Bronze,Shopee,Phuket,1072,TV_Show,Credit_Card,18,6,3,0,30-40,35.733333333333334,2.0,1.0,0.5,132,4,12529.24,0.08,0.5,0.0,0.0,2055.94,1,0,0.0,2055.94,1,0,0.0,2055.94,1,0,0.0,25058.48,2,1,0.5,0
LGS2ORD0019670,C010914,2025-06-05 18:00:00,Female,36,Silver,Shopee,Khon Kaen,264,CallCenter,COD,18,6,3,0,30-40,8.8,2.0,0.0,0.0,-1,12,3377.9799999999996,0.1,0.0,0.0,0.0,0.0,0,0,0.0,5860.9,1,0,0.0,5860.9,1,0,0.0,6755.959999999999,2,0,0.0,0
LGS2ORD0019671,C017272,2025-06-05 19:00:00,Male,42,Silver,TV,Songkhla,1206,CallCenter,COD,19,6,3,0,40-50,40.2,4.0,2.0,0.5,14,6,3688.8050000000003,0.3,0.5,0.25,0.0,6329.5,1,0,0.0,11562.2,3,1,0.3333333333333333,11562.2,3,1,0.3333333333333333,14755.220000000001,4,2,0.5,1
LGS2ORD0019672,C012933,2025-06-05 19:00:00,Female,40,Bronze,Shopee,Phuket,330,TV_Show,COD,19,6,3,0,30-40,11.0,3.0,1.0,0.3333333333333333,103,69,13901.31,0.28,0.3333333333333333,0.3333333333333333,0.0,0.0,0,0,0.0,0.0,0,0,0.0,3100.22,1,0,0.0,41703.93,3,1,0.3333333333333333,0
LGS2ORD0019673,C016257,2025-06-05 19:00:00,Female,20,Bronze,TV,Remote_Area,1377,Web,COD,19,6,3,0,<20,45.9,1.0,0.0,0.0,-1,19,1890.05,0.23,1.0,1.0,0.0,0.0,0,0,0.0,1890.05,1,0,0.0,1890.05,1,0,0.0,1890.05,1,0,0.0,0
LGS2ORD0019674,C015905,2025-06-05 19:00:00,Male,46,Silver,Web,Phuket,353,Web,COD,19,6,3,0,40-50,11.766666666666667,2.0,2.0,1.0,89,101,1015.82,0.3,0.5,1.0,0.0,0.0,0,0,0.0,0.0,0,0,0.0,0.0,0,0,0.0,2031.64,2,2,1.0,1
LGS2ORD0019675,C013105,2025-06-05 19:00:00,Female,45,Bronze,Lazada,Nakhon Ratchasima,892,CallCenter,COD,19,6,3,0,40-50,29.733333333333334,2.0,0.0,0.0,-1,54,3308.625,0.23,0.0,0.5,0.0,0.0,0,0,0.0,0.0,0,0,0.0,6617.25,2,0,0.0,6617.25,2,0,0.0,0
LGS2ORD0019676,C015870,2025-06-05 20:00:00,Male,28,Bronze,TV,Bangkok,898,Web,COD,20,6,3,0,20-30,29.933333333333334,3.0,2.0,0.6666666666666666,22,36,6845.283333333333,0.28,0.3333333333333333,0.6666666666666666,0.0,0.0,0,0,0.0,0.0,0,0,0.0,811.17,1,1,1.0,20535.85,3,2,0.6666666666666666,0
LGS2ORD0019677,C016218,2025-06-05 20:00:00,Female,24,Silver,Web,Bangkok,616,Shopee,Bank_Transfer,20,6,3,0,20-30,20.533333333333335,2.0,2.0,1.0,27,41,5493.245,0.3,0.5,0.5,0.0,0.0,0,0,0.0,0.0,0,0,0.0,7606.52,1,1,1.0,10986.49,2,2,1.0,0
LGS2ORD0019678,C011379,2025-06-05 20:00:00,Female,33,Bronze,CallCenter,Nakhon Ratchasima,1234,Web,COD,20,6,3,0,30-40,41.13333333333333,3.0,1.0,0.3333333333333333,113,10,2123.403333333333,0.23,0.6666666666666666,0.3333333333333333,0.0,0.0,0,0,0.0,4131.63,1,0,0.0,4131.63,1,0,0.0,6370.21,3,1,0.3333333333333333,0
LGS2ORD0019679,C017579,2025-06-05 20:00:00,Male,41,Bronze,CallCenter,Nakhon Ratchasima,1585,Shopee,Bank_Transfer,20,6,3,0,40-50,52.833333333333336,4.0,3.0,0.75,24,36,6203.845,0.28,0.5,0.25,0.0,0.0,0,0,0.0,0.0,0,0,0.0,3566.68,2,1,0.5,24815.38,4,3,0.75,0
LGS2ORD0019680,C016550,2025-06-05 20:00:00,Male,32,Bronze,Shopee,Bangkok,1500,Web,COD,20,6,3,0,30-40,50.0,2.0,0.0,0.0,-1,103,2030.11,0.28,1.0,0.5,0.0,0.0,0,0,0.0,0.0,0,0,0.0,0.0,0,0,0.0,4060.22,2,0,0.0,0
LGS2ORD0019681,C011209,2025-06-05 20:00:00,Female,49,Gold,Web,Phuket,272,Web,PromptPay,20,6,3,0,40-50,9.066666666666666,2.0,1.0,0.5,119,23,3250.005,0.13,0.5,0.0,0.0,0.0,0,0,0.0,2254.75,1,0,0.0,2254.75,1,0,0.0,6500.01,2,1,0.5,0
LGS2ORD0019682,C012054,2025-06-05 21:00:00,Female,36,Bronze,Web,Remote_Area,300,Web,COD,21,6,3,0,30-40,10.0,1.0,0.0,0.0,-1,0,1825.22,0.23,1.0,1.0,0.0,1825.22,1,0,0.0,1825.22,1,0,0.0,1825.22,1,0,0.0,1825.22,1,0,0.0,0
LGS2ORD0019683,C012823,2025-06-05 21:00:00,Female,56,Bronze,Web,Phuket,1372,Shopee,COD,21,6,3,0,>50,45.733333333333334,4.0,2.0,0.5,-7,9,6851.1525,0.28,0.75,0.25,0.0,0.0,0,0,0.0,11216.21,1,1,1.0,22439.11,3,1,0.3333333333333333,27404.61,4,2,0.5,0
LGS2ORD0019684,C010535,2025-06-05 21:00:00,Male,65,Silver,CallCenter,Khon Kaen,817,TV_Show,Credit_Card,21,6,3,0,>50,27.233333333333334,3.0,0.0,0.0,-1,81,4444.313333333333,0.25,0.0,0.3333333333333333,0.0,0.0,0,0,0.0,0.0,0,0,0.0,4155.32,1,0,0.0,13332.939999999999,3,0,0.0,0
LGS2ORD0019685,C013237,2025-06-05 21:00:00,Male,49,Bronze,CallCenter,Chonburi,231,CallCenter,COD,21,6,3,0,40-50,7.7,4.0,2.0,0.5,15,17,5809.175,0.18,0.75,0.0,0.0,0.0,0,0,0.0,20069.46,2,0,0.0,21604.7,3,1,0.3333333333333333,23236.7,4,2,0.5,1
LGS2ORD0019686,C017570,2025-06-05 21:00:00,Male,72,Bronze,Shopee,Songkhla,1262,TV_Show,COD,21,6,3,0,>50,42.06666666666667,1.0,1.0,1.0,82,86,2255.72,0.03,1.0,0.0,0.0,0.0,0,0,0.0,0.0,0,0,0.0,2255.72,1,1,1.0,2255.72,1,1,1.0,1
LGS2ORD0019687,C014887,2025-06-05 22:00:00,Female,25,Silver,Shopee,Bangkok,1548,CallCenter,COD,22,6,3,0,20-30,51.6,4.0,0.0,0.0,-1,112,6544.61,0.25,0.5,0.25,0.0,0.0,0,0,0.0,0.0,0,0,0.0,0.0,0,0,0.0,26178.44,4,0,0.0,0
LGS2ORD0019688,C016547,2025-06-05 22:00:00,Male,31,Silver,Lazada,Bangkok,445,Shopee,COD,22,6,3,0,30-40,14.833333333333334,4.0,0.0,0.0,-1,7,1826.48,0.2,0.75,0.0,0.0,0.0,0,0,0.0,7067.2,3,0,0.0,7305.92,4,0,0.0,7305.92,4,0,0.0,0
LGS2ORD0019689,C016368,2025-06-05 22:00:00,Female,39,Silver,Web,Khon Kaen,1558,Shopee,Bank_Transfer,22,6,3,0,30-40,51.93333333333333,2.0,0.0,0.0,-1,60,1815.65,0.3,0.5,0.5,0.0,0.0,0,0,0.0,0.0,0,0,0.0,2083.13,1,0,0.0,3631.3,2,0,0.0,1
LGS2ORD0019690,C010346,2025-06-05 22:00:00,Female,25,Bronze,Lazada,Nakhon Ratchasima,1074,CallCenter,Credit_Card,22,6,3,0,20-30,35.8,2.0,0.0,0.0,-1,40,4397.5599999999995,0.23,1.0,1.0,0.0,0.0,0,0,0.0,0.0,0,0,0.0,8795.119999999999,2,0,0.0,8795.119999999999,2,0,0.0,0
LGS2ORD0019691,C014009,2025-06-05 22:00:00,Female,32,Bronze,Lazada,Bangkok,216,Lazada,PromptPay,22,6,3,0,30-40,7.2,2.0,0.0,0.0,-1,83,1088.825,0.08,1.0,0.0,0.0,0.0,0,0,0.0,0.0,0,0,0.0,223.36,1,0,0.0,2177.65,2,0,0.0,0
LGS2ORD0019692,C016492,2025-06-05 23:00:00,Female,44,Silver,Web,Bangkok,1325,CallCenter,Credit_Card,23,6,3,0,40-50,44.166666666666664,3.0,0.0,0.0,-1,35,2291.6299999999997,0.25,0.6666666666666666,0.3333333333333333,0.0,0.0,0,0,0.0,0.0,0,0,0.0,5197.43,2,0,0.0,6874.889999999999,3,0,0.0,0
LGS2ORD0019693,C017492,2025-06-05 23:00:00,Other,56,Silver,Web,Nakhon Ratchasima,201,Shopee,COD,23,6,3,0,>50,6.7,5.0,1.0,0.2,49,46,2248.9359999999997,0.3,0.8,0.2,0.0,0.0,0,0,0.0,0.0,0,0,0.0,11244.679999999998,5,1,0.2,11244.679999999998,5,1,0.2,0
LGS2ORD0019694,C012381,2025-06-05 23:00:00,Male,48,Gold,CallCenter,Remote_Area,1548,TV_Show,Credit_Card,23,6,3,0,40-50,51.6,2.0,0.0,0.0,-1,42,2298.26,0.13,0.0,0.0,0.0,0.0,0,0,0.0,0.0,0,0,0.0,4596.52,2,0,0.0,4596.52,2,0,0.0,0
LGS2ORD0019695,C016723,2025-06-05 23:00:00,Female,46,Silver,Web,Nakhon Ratchasima,465,Lazada,Credit_Card,23,6,3,0,40-50,15.5,2.0,0.0,0.0,-1,28,6058.655,0.2,0.0,0.0,0.0,0.0,0,0,0.0,2966.58,1,0,0.0,2966.58,1,0,0.0,12117.31,2,0,0.0,0
LGS2ORD0019696,C015777,2025-06-05 23:00:00,Male,48,Bronze,TV,Khon Kaen,964,CallCenter,COD,23,6,3,0,40-50,32.13333333333333,1.0,0.0,0.0,-1,57,7370.2,0.23,1.0,1.0,0.0,0.0,0,0,0.0,0.0,0,0,0.0,7370.2,1,0,0.0,7370.2,1,0,0.0,1
LGS2ORD0019697,C015662,2025-06-05 23:00:00,Female,42,Silver,Web,Chonburi,308,CallCenter,Bank_Transfer,23,6,3,0,40-50,10.266666666666667,2.0,1.0,0.5,5,11,637.365,0.05,1.0,0.0,0.0,0.0,0,0,0.0,1274.73,2,1,0.5,1274.73,2,1,0.5,1274.73,2,1,0.5,0
LGS2ORD0019698,C010576,2025-06-06 00:00:00,Female,25,Bronze,TV,Remote_Area,495,Shopee,Credit_Card,0,6,4,0,20-30,16.5,3.0,1.0,0.3333333333333333,37,42,5062.043333333332,0.13,0.3333333333333333,0.0,0.0,0.0,0,0,0.0,0.0,0,0,0.0,15186.129999999997,3,1,0.3333333333333333,15186.129999999997,3,1,0.3333333333333333,0
LGS2ORD0019699,C013756,2025-06-06 00:00:00,Female,33,Bronze,TV,Chonburi,543,Lazada,COD,0,6,4,0,30-40,18.1,5.0,0.0,0.0,-1,16,7202.442,0.23,0.2,0.2,0.0,0.0,0,0,0.0,20729.149999999998,2,0,0.0,20729.149999999998,2,0,0.0,36012.21,5,0,0.0,0
LGS2ORD0019700,C016938,2025-06-06 00:00:00,Male,18,Silver,Shopee,Bangkok,953,Lazada,PromptPay,0,6,4,0,<20,31.766666666666666,5.0,3.0,0.6,28,16,6519.352000000001,0.2,0.8,0.0,0.0,0.0,0,0,0.0,8481.78,2,0,0.0,30408.65,4,2,0.5,32596.760000000002,5,3,0.6,0
LGS2ORD0019701,C013108,2025-06-06 00:00:00,Female,42,Bronze,Lazada,Khon Kaen,251,Lazada,PromptPay,0,6,4,0,40-50,8.366666666666667,2.0,1.0,0.5,65,14,2919.25,0.28,0.5,0.5,0.0,0.0,0,0,0.0,4844.71,1,0,0.0,5838.5,2,1,0.5,5838.5,2,1,0.5,0
LGS2ORD0019702,C013663,2025-06-06 00:00:00,Female,65,Bronze,Web,Chiang Mai,1356,Shopee,COD,0,6,4,0,>50,45.2,3.0,0.0,0.0,-1,16,2505.0933333333332,0.23,0.6666666666666666,0.3333333333333333,0.0,0.0,0,0,0.0,2439.05,1,0,0.0,7515.28,3,0,0.0,7515.28,3,0,0.0,0
LGS2ORD0019703,C010137,2025-06-06 01:00:00,Female,43,Gold,Lazada,Chiang Mai,808,TV_Show,PromptPay,1,6,4,0,40-50,26.933333333333334,6.0,1.0,0.16666666666666666,8,2,8549.668333333333,0.33,0.6666666666666666,0.3333333333333333,0.0,1919.44,1,0,0.0,33847.72,3,1,0.3333333333333333,33847.72,3,1,0.3333333333333333,51298.01,6,1,0.16666666666666666,0
LGS2ORD0019704,C016096,2025-06-06 01:00:00,Male,56,Bronze,TV,Khon Kaen,327,Web,COD,1,6,4,0,>50,10.9,5.0,0.0,0.0,-1,0,8136.06,0.28,0.8,0.4,0.0,2100.21,1,0,0.0,2100.21,1,0,0.0,12050.14,3,0,0.0,40680.3,5,0,0.0,0
LGS2ORD0019705,C013992,2025-06-06 01:00:00,Male,36,Bronze,CallCenter,Bangkok,1371,Lazada,Credit_Card,1,6,4,0,30-40,45.7,1.0,0.0,0.0,-1,90,4637.03,0.13,1.0,0.0,0.0,0.0,0,0,0.0,0.0,0,0,0.0,0.0,0,0,0.0,4637.03,1,0,0.0,0
LGS2ORD0019706,C011340,2025-06-06 01:00:00,Female,57,Bronze,Web,Songkhla,623,Lazada,COD,1,6,4,0,>50,20.766666666666666,4.0,1.0,0.25,8,20,4043.0099999999998,0.28,0.5,0.5,0.0,0.0,0,0,0.0,9801.41,2,1,0.5,14441.689999999999,3,1,0.3333333333333333,16172.039999999999,4,1,0.25,1
LGS2ORD0019707,C011908,2025-06-06 01:00:00,Male,39,Platinum,CallCenter,Bangkok,537,Web,PromptPay,1,6,4,0,30-40,17.9,2.0,0.0,0.0,-1,17,1374.995,0.35,0.5,1.0,0.0,0.0,0,0,0.0,1797.53,1,0,0.0,2749.99,2,0,0.0,2749.99,2,0,0.0,0
LGS2ORD0019708,C016691,2025-06-06 02:00:00,Female,43,Silver,Web,Bangkok,955,Lazada,Bank_Transfer,2,6,4,0,40-50,31.833333333333332,0.0,0.0,0.0,-1,-1,0.0,0.0,0.0,0.0,0.0,0.0,0,0,0.0,0.0,0,0,0.0,0.0,0,0,0.0,0.0,0,0,0.0,0
LGS2ORD0019709,C011802,2025-06-06 02:00:00,Male,29,Silver,CallCenter,Chiang Mai,235,CallCenter,COD,2,6,4,0,20-30,7.833333333333333,3.0,1.0,0.3333333333333333,45,21,1635.8,0.1,0.6666666666666666,0.0,0.0,0.0,0,0,0.0,2471.09,1,0,0.0,3528.44,2,1,0.5,4907.4,3,1,0.3333333333333333,1
LGS2ORD0019710,C016885,2025-06-06 02:00:00,Male,51,Bronze,TV,Bangkok,1439,CallCenter,Credit_Card,2,6,4,0,>50,47.96666666666667,3.0,1.0,0.3333333333333333,60,31,3625.456666666667,0.23,0.6666666666666666,0.3333333333333333,0.0,0.0,0,0,0.0,0.0,0,0,0.0,10876.37,3,1,0.3333333333333333,10876.37,3,1,0.3333333333333333,0
LGS2ORD0019711,C015696,2025-06-06 02:00:00,Female,54,Bronze,Shopee,Songkhla,743,Web,Credit_Card,2,6,4,0,>50,24.766666666666666,1.0,1.0,1.0,102,118,5463.91,0.18,1.0,0.0,0.0,0.0,0,0,0.0,0.0,0,0,0.0,0.0,0,0,0.0,5463.91,1,1,1.0,1
LGS2ORD0019712,C011780,2025-06-06 02:00:00,Male,38,Silver,TV,Phuket,1538,TV_Show,Credit_Card,2,6,4,0,30-40,51.266666666666666,5.0,2.0,0.4,19,8,6761.947999999999,0.25,0.6,0.4,0.0,0.0,0,0,0.0,30208.5,3,2,0.6666666666666666,32683.46,4,2,0.5,33809.74,5,2,0.4,1
LGS2ORD0019713,C011564,2025-06-06 03:00:00,Male,45,Silver,Lazada,Chonburi,194,Web,PromptPay,3,6,4,0,40-50,6.466666666666667,4.0,0.0,0.0,-1,43,4640.0875,0.25,0.5,0.25,0.0,0.0,0,0,0.0,0.0,0,0,0.0,14168.119999999999,3,0,0.0,18560.35,4,0,0.0,0
LGS2ORD0019714,C013317,2025-06-06 03:00:00,Female,32,Silver,Web,Bangkok,1219,Shopee,COD,3,6,4,0,30-40,40.63333333333333,2.0,1.0,0.5,96,110,6638.995,0.1,0.5,0.0,0.0,0.0,0,0,0.0,0.0,0,0,0.0,0.0,0,0,0.0,13277.99,2,1,0.5,0
LGS2ORD0019715,C017538,2025-06-06 03:00:00,Female,38,Gold,Web,Bangkok,1339,TV_Show,COD,3,6,4,0,30-40,44.63333333333333,5.0,2.0,0.4,32,40,7339.5419999999995,0.28,0.8,0.4,0.0,0.0,0,0,0.0,0.0,0,0,0.0,35375.060000000005,4,2,0.5,36697.71,5,2,0.4,0
LGS2ORD0019716,C016030,2025-06-06 03:00:00,Female,36,Gold,TV,Bangkok,572,Web,Credit_Card,3,6,4,0,30-40,19.066666666666666,1.0,0.0,0.0,-1,66,1838.3,0.08,0.0,0.0,0.0,0.0,0,0,0.0,0.0,0,0,0.0,1838.3,1,0,0.0,1838.3,1,0,0.0,0
LGS2ORD0019717,C013834,2025-06-06 03:00:00,Female,18,Bronze,Shopee,Bangkok,1197,Lazada,COD,3,6,4,0,<20,39.9,2.0,0.0,0.0,-1,39,1915.71,0.03,0.0,0.0,0.0,0.0,0,0,0.0,0.0,0,0,0.0,2390.28,1,0,0.0,3831.42,2,0,0.0,0
LGS2ORD0019718,C015126,2025-06-06 03:00:00,Female,51,Gold,TV,Songkhla,824,CallCenter,Credit_Card,3,6,4,0,>50,27.466666666666665,4.0,3.0,0.75,10,15,3644.5200000000004,0.33,0.5,0.75,0.0,0.0,0,0,0.0,1089.7,1,1,1.0,12847.62,3,2,0.6666666666666666,14578.080000000002,4,3,0.75,0
LGS2ORD0019719,C015239,2025-06-06 04:00:00,Female,51,Silver,TV,Khon Kaen,1037,TV_Show,Bank_Transfer,4,6,4,0,>50,34.56666666666667,1.0,0.0,0.0,-1,95,9737.35,0.2,0.0,0.0,0.0,0.0,0,0,0.0,0.0,0,0,0.0,0.0,0,0,0.0,9737.35,1,0,0.0,0
LGS2ORD0019720,C017748,2025-06-06 04:00:00,Female,62,Silver,TV,Nakhon Ratchasima,646,Web,PromptPay,4,6,4,0,>50,21.533333333333335,1.0,0.0,0.0,-1,98,515.32,0.05,0.0,0.0,0.0,0.0,0,0,0.0,0.0,0,0,0.0,0.0,0,0,0.0,515.32,1,0,0.0,0
LGS2ORD0019721,C016519,2025-06-06 04:00:00,Male,44,Bronze,TV,Phuket,598,Web,Bank_Transfer,4,6,4,0,40-50,19.933333333333334,2.0,1.0,0.5,130,75,11996.0,0.23,0.0,0.5,0.0,0.0,0,0,0.0,0.0,0,0,0.0,22086.54,1,0,0.0,23992.0,2,1,0.5,0
LGS2ORD0019722,C011523,2025-06-06 04:00:00,Female,31,Silver,TV,Bangkok,364,CallCenter,Credit_Card,4,6,4,0,30-40,12.133333333333333,4.0,1.0,0.25,26,34,1039.7875,0.25,0.5,0.5,0.0,0.0,0,0,0.0,0.0,0,0,0.0,3720.96,3,1,0.3333333333333333,4159.15,4,1,0.25,0
LGS2ORD0019723,C016607,2025-06-06 04:00:00,Male,46,Bronze,TV,Songkhla,1185,Web,COD,4,6,4,0,40-50,39.5,3.0,1.0,0.3333333333333333,132,27,1395.5766666666666,0.28,0.0,0.3333333333333333,0.0,0.0,0,0,0.0,2865.4700000000003,2,0,0.0,2865.4700000000003,2,0,0.0,4186.73,3,1,0.3333333333333333,1
LGS2ORD0019724,C015709,2025-06-06 05:00:00,Male,62,Silver,TV,Khon Kaen,1164,TV_Show,COD,5,6,4,0,>50,38.8,3.0,2.0,0.6666666666666666,-10,7,4714.306666666666,0.3,0.0,0.3333333333333333,0.0,0.0,0,0,0.0,920.51,1,1,1.0,14142.92,3,2,0.6666666666666666,14142.92,3,2,0.6666666666666666,0
LGS2ORD0019725,C015971,2025-06-06 05:00:00,Male,18,Silver,Web,Bangkok,1042,Shopee,COD,5,6,4,0,<20,34.733333333333334,1.0,0.0,0.0,-1,133,2102.28,0.25,0.0,1.0,0.0,0.0,0,0,0.0,0.0,0,0,0.0,0.0,0,0,0.0,2102.28,1,0,0.0,0
LGS2ORD0019726,C011951,2025-06-06 05:00:00,Female,49,Bronze,TV,Chonburi,1320,Web,COD,5,6,4,0,40-50,44.0,5.0,3.0,0.6,26,30,4164.924,0.23,1.0,0.2,0.0,0.0,0,0,0.0,0.0,0,0,0.0,19015.579999999998,3,2,0.6666666666666666,20824.62,5,3,0.6,0
LGS2ORD0019727,C011231,2025-06-06 05:00:00,Female,49,Platinum,TV,Khon Kaen,1538,CallCenter,Credit_Card,5,6,4,0,40-50,51.266666666666666,2.0,0.0,0.0,-1,135,1824.4699999999998,0.25,1.0,0.5,0.0,0.0,0,0,0.0,0.0,0,0,0.0,0.0,0,0,0.0,3648.9399999999996,2,0,0.0,0
LGS2ORD0019728,C015232,2025-06-06 05:00:00,Female,46,Bronze,TV,Bangkok,872,TV_Show,Bank_Transfer,5,6,4,0,40-50,29.066666666666666,1.0,1.0,1.0,17,33,1786.24,0.08,0.0,0.0,0.0,0.0,0,0,0.0,0.0,0,0,0.0,1786.24,1,1,1.0,1786.24,1,1,1.0,0
LGS2ORD0019729,C014198,2025-06-06 06:00:00,Male,37,Gold,Shopee,Khon Kaen,617,Web,COD,6,6,4,0,30-40,20.566666666666666,2.0,0.0,0.0,-1,52,2981.9649999999997,0.18,0.5,0.0,0.0,0.0,0,0,0.0,0.0,0,0,0.0,5963.929999999999,2,0,0.0,5963.929999999999,2,0,0.0,1
LGS2ORD0019730,C014210,2025-06-06 06:00:00,Male,34,Bronze,Web,Remote_Area,649,Shopee,Credit_Card,6,6,4,0,30-40,21.633333333333333,9.0,2.0,0.2222222222222222,-9,2,3036.0699999999997,0.28,0.2222222222222222,0.2222222222222222,0.0,893.88,1,1,1.0,17659.55,2,1,0.5,19855.039999999997,4,2,0.5,27324.629999999997,9,2,0.2222222222222222,0
LGS2ORD0019731,C010185,2025-06-06 06:00:00,Male,41,Bronze,TV,Nakhon Ratchasima,1450,TV_Show,COD,6,6,4,0,40-50,48.333333333333336,6.0,2.0,0.3333333333333333,41,7,6541.124999999999,0.28,0.16666666666666666,0.16666666666666666,0.0,0.0,0,0,0.0,1597.17,1,0,0.0,6382.54,4,2,0.5,39246.74999999999,6,2,0.3333333333333333,1
LGS2ORD0019732,C011086,2025-06-06 06:00:00,Male,35,Bronze,Web,Chiang Mai,688,Web,COD,6,6,4,0,30-40,22.933333333333334,3.0,1.0,0.3333333333333333,113,111,10004.376666666665,0.23,1.0,0.3333333333333333,0.0,0.0,0,0,0.0,0.0,0,0,0.0,0.0,0,0,0.0,30013.129999999997,3,1,0.3333333333333333,1
LGS2ORD0019733,C012199,2025-06-06 06:00:00,Female,56,Silver,TV,Phuket,1488,TV_Show,COD,6,6,4,0,>50,49.6,5.0,1.0,0.2,76,19,2934.508,0.2,0.6,0.0,0.0,0.0,0,0,0.0,2144.35,2,0,0.0,14672.539999999999,5,1,0.2,14672.539999999999,5,1,0.2,0
LGS2ORD0019734,C011051,2025-06-06 07:00:00,Female,40,Bronze,TV,Phuket,709,Shopee,COD,7,6,4,0,30-40,23.633333333333333,0.0,0.0,0.0,-1,-1,0.0,0.0,0.0,0.0,0.0,0.0,0,0,0.0,0.0,0,0,0.0,0.0,0,0,0.0,0.0,0,0,0.0,0
LGS2ORD0019735,C011921,2025-06-06 07:00:00,Other,39,Bronze,Web,Remote_Area,1112,Web,Credit_Card,7,6,4,0,30-40,37.06666666666667,4.0,3.0,0.75,69,47,831.7325,0.23,0.75,0.25,0.0,0.0,0,0,0.0,0.0,0,0,0.0,1789.28,2,1,0.5,3326.93,4,3,0.75,1
LGS2ORD0019736,C014983,2025-06-06 07:00:00,Female,58,Bronze,Lazada,Remote_Area,899,Lazada,Credit_Card,7,6,4,0,>50,29.966666666666665,0.0,0.0,0.0,-1,-1,0.0,0.0,0.0,0.0,0.0,0.0,0,0,0.0,0.0,0,0,0.0,0.0,0,0,0.0,0.0,0,0,0.0,0
LGS2ORD0019737,C012481,2025-06-06 07:00:00,Female,49,Platinum,TV,Phuket,1206,Lazada,COD,7,6,4,0,40-50,40.2,5.0,3.0,0.6,7,4,4257.536,0.35,0.6,0.8,0.0,3351.4,1,0,0.0,5786.62,2,1,0.5,5786.62,2,1,0.5,21287.68,5,3,0.6,0
LGS2ORD0019738,C016423,2025-06-06 07:00:00,Male,50,Bronze,TV,Khon Kaen,1560,Shopee,PromptPay,7,6,4,0,40-50,52.0,1.0,0.0,0.0,-1,122,1133.38,0.28,1.0,1.0,0.0,0.0,0,0,0.0,0.0,0,0,0.0,0.0,0,0,0.0,1133.38,1,0,0.0,0
LGS2ORD0019739,C017275,2025-06-06 07:00:00,Female,19,Silver,Web,Phuket,1278,Lazada,COD,7,6,4,0,<20,42.6,0.0,0.0,0.0,-1,-1,0.0,0.0,0.0,0.0,0.0,0.0,0,0,0.0,0.0,0,0,0.0,0.0,0,0,0.0,0.0,0,0,0.0,0
LGS2ORD0019740,C010015,2025-06-06 08:00:00,Female,46,Silver,Web,Songkhla,433,CallCenter,COD,8,6,4,0,40-50,14.433333333333334,5.0,2.0,0.4,13,18,7245.186,0.3,0.4,0.4,0.0,0.0,0,0,0.0,15581.68,2,1,0.5,36225.93,5,2,0.4,36225.93,5,2,0.4,0
LGS2ORD0019741,C016434,2025-06-06 08:00:00,Male,64,Bronze,Lazada,Chonburi,461,Shopee,COD,8,6,4,0,>50,15.366666666666667,4.0,0.0,0.0,-1,50,2491.8075,0.18,0.75,0.0,0.0,0.0,0,0,0.0,0.0,0,0,0.0,9967.23,4,0,0.0,9967.23,4,0,0.0,0
LGS2ORD0019742,C010376,2025-06-06 08:00:00,Female,38,Bronze,TV,Chonburi,914,Web,PromptPay,8,6,4,0,30-40,30.466666666666665,3.0,1.0,0.3333333333333333,101,84,17540.946666666667,0.23,0.6666666666666666,0.3333333333333333,0.0,0.0,0,0,0.0,0.0,0,0,0.0,40742.4,1,0,0.0,52622.84,3,1,0.3333333333333333,1
LGS2ORD0019743,C011679,2025-06-06 08:00:00,Female,47,Gold,TV,Songkhla,393,Web,Credit_Card,8,6,4,0,40-50,13.1,3.0,0.0,0.0,-1,17,6218.973333333334,0.2299999999999999,0.3333333333333333,0.3333333333333333,0.0,0.0,0,0,0.0,848.08,1,0,0.0,17976.780000000002,2,0,0.0,18656.920000000002,3,0,0.0,1
LGS2ORD0019744,C012590,2025-06-06 08:00:00,Female,59,Platinum,Shopee,Chiang Mai,638,Lazada,COD,8,6,4,0,>50,21.266666666666666,5.0,3.0,0.6,24,33,3167.19,0.3,0.4,0.4,0.0,0.0,0,0,0.0,0.0,0,0,0.0,5586.87,3,3,1.0,15835.95,5,3,0.6,0
LGS2ORD0019745,C015726,2025-06-06 09:00:00,Male,38,Bronze,Shopee,Chonburi,344,TV_Show,PromptPay,9,6,4,0,30-40,11.466666666666667,2.0,1.0,0.5,108,124,854.95,0.18,0.5,0.0,0.0,0.0,0,0,0.0,0.0,0,0,0.0,0.0,0,0,0.0,1709.9,2,1,0.5,0
LGS2ORD0019746,C016323,2025-06-06 09:00:00,Female,39,Silver,CallCenter,Remote_Area,1216,Shopee,COD,9,6,4,0,30-40,40.53333333333333,0.0,0.0,0.0,-1,-1,0.0,0.0,0.0,0.0,0.0,0.0,0,0,0.0,0.0,0,0,0.0,0.0,0,0,0.0,0.0,0,0,0.0,1
LGS2ORD0019747,C012546,2025-06-06 09:00:00,Female,36,Gold,TV,Chiang Mai,598,TV_Show,COD,9,6,4,0,30-40,19.933333333333334,1.0,0.0,0.0,-1,5,1604.7,0.13,0.0,0.0,0.0,1604.7,1,0,0.0,1604.7,1,0,0.0,1604.7,1,0,0.0,1604.7,1,0,0.0,0
LGS2ORD0019748,C014560,2025-06-06 09:00:00,Female,67,Bronze,TV,Khon Kaen,757,TV_Show,Credit_Card,9,6,4,0,>50,25.233333333333334,0.0,0.0,0.0,-1,-1,0.0,0.0,0.0,0.0,0.0,0.0,0,0,0.0,0.0,0,0,0.0,0.0,0,0,0.0,0.0,0,0,0.0,0
LGS2ORD0019749,C013386,2025-06-06 09:00:00,Male,49,Gold,TV,Chiang Mai,436,Shopee,PromptPay,9,6,4,0,40-50,14.533333333333333,3.0,0.0,0.0,-1,40,6040.673333333333,0.33,0.3333333333333333,0.6666666666666666,0.0,0.0,0,0,0.0,0.0,0,0,0.0,4536.11,1,0,0.0,18122.02,3,0,0.0,0
LGS2ORD0019750,C010240,2025-06-06 10:00:00,Female,36,Bronze,Web,Nakhon Ratchasima,1550,Shopee,Credit_Card,10,6,4,0,30-40,51.666666666666664,2.0,0.0,0.0,-1,91,9558.345,0.28,1.0,1.0,0.0,0.0,0,0,0.0,0.0,0,0,0.0,0.0,0,0,0.0,19116.69,2,0,0.0,0
LGS2ORD0019751,C011630,2025-06-06 10:00:00,Male,36,Silver,Web,Chiang Mai,201,CallCenter,COD,10,6,4,0,30-40,6.7,0.0,0.0,0.0,-1,-1,0.0,0.0,0.0,0.0,0.0,0.0,0,0,0.0,0.0,0,0,0.0,0.0,0,0,0.0,0.0,0,0,0.0,0
LGS2ORD0019752,C012439,2025-06-06 10:00:00,Male,51,Bronze,TV,Khon Kaen,1108,Web,Credit_Card,10,6,4,0,>50,36.93333333333333,6.0,2.0,0.3333333333333333,103,22,1949.5116666666665,0.28,0.3333333333333333,0.5,0.0,0.0,0,0,0.0,3650.43,1,0,0.0,5199.75,2,0,0.0,11697.07,6,2,0.3333333333333333,0
LGS2ORD0019753,C015566,2025-06-06 10:00:00,Male,47,Bronze,TV,Bangkok,933,Web,COD,10,6,4,0,40-50,31.1,2.0,0.0,0.0,-1,13,5372.93,0.13,0.5,0.0,0.0,0.0,0,0,0.0,1875.38,1,0,0.0,1875.38,1,0,0.0,10745.86,2,0,0.0,0
LGS2ORD0019754,C010134,2025-06-06 10:00:00,Female,29,Bronze,CallCenter,Khon Kaen,1088,CallCenter,COD,10,6,4,0,20-30,36.266666666666666,2.0,2.0,1.0,100,105,1812.645,0.03,1.0,0.0,0.0,0.0,0,0,0.0,0.0,0,0,0.0,0.0,0,0,0.0,3625.29,2,2,1.0,0
LGS2ORD0019755,C015339,2025-06-06 11:00:00,Male,60,Bronze,Web,Chonburi,650,Lazada,Credit_Card,11,6,4,0,>50,21.666666666666668,4.0,1.0,0.25,55,61,3029.5675,0.28,0.5,0.75,0.0,0.0,0,0,0.0,0.0,0,0,0.0,3316.83,1,1,1.0,12118.27,4,1,0.25,0
LGS2ORD0019756,C014780,2025-06-06 11:00:00,Female,46,Bronze,TV,Chiang Mai,1113,TV_Show,PromptPay,11,6,4,0,40-50,37.1,3.0,1.0,0.3333333333333333,0,8,5141.506666666667,0.18,0.6666666666666666,0.0,0.0,0.0,0,0,0.0,8182.35,2,1,0.5,15424.52,3,1,0.3333333333333333,15424.52,3,1,0.3333333333333333,0
LGS2ORD0019757,C015340,2025-06-06 11:00:00,Female,42,Silver,TV,Chiang Mai,1247,TV_Show,Credit_Card,11,6,4,0,40-50,41.56666666666667,3.0,0.0,0.0,-1,70,3488.7033333333334,0.15,0.6666666666666666,0.0,0.0,0.0,0,0,0.0,0.0,0,0,0.0,7643.030000000001,2,0,0.0,10466.11,3,0,0.0,0
LGS2ORD0019758,C010443,2025-06-06 11:00:00,Female,50,Silver,TV,Songkhla,1473,Shopee,Bank_Transfer,11,6,4,0,40-50,49.1,2.0,0.0,0.0,-1,88,7988.06,0.2,0.5,0.0,0.0,0.0,0,0,0.0,0.0,0,0,0.0,13539.29,1,0,0.0,15976.12,2,0,0.0,0
LGS2ORD0019759,C016319,2025-06-06 11:00:00,Female,30,Bronze,Shopee,Chonburi,229,CallCenter,COD,11,6,4,0,20-30,7.633333333333334,2.0,2.0,1.0,30,41,1729.33,0.23,0.5,0.5,0.0,0.0,0,0,0.0,0.0,0,0,0.0,3458.66,2,2,1.0,3458.66,2,2,1.0,1
LGS2ORD0019760,C014562,2025-06-06 11:00:00,Female,67,Silver,TV,Nakhon Ratchasima,1244,Web,PromptPay,11,6,4,0,>50,41.46666666666667,3.0,0.0,0.0,-1,13,3976.4466666666667,0.2,0.6666666666666666,0.0,0.0,0.0,0,0,0.0,10825.990000000002,2,0,0.0,10825.990000000002,2,0,0.0,11929.34,3,0,0.0,0
LGS2ORD0019761,C015695,2025-06-06 12:00:00,Female,45,Gold,TV,Chonburi,540,Web,COD,12,6,4,0,40-50,18.0,1.0,0.0,0.0,-1,149,31717.81,0.08,1.0,0.0,0.0,0.0,0,0,0.0,0.0,0,0,0.0,0.0,0,0,0.0,31717.81,1,0,0.0,0
LGS2ORD0019762,C016240,2025-06-06 12:00:00,Female,42,Bronze,TV,Bangkok,858,Lazada,COD,12,6,4,0,40-50,28.6,1.0,0.0,0.0,-1,59,6375.25,0.03,1.0,0.0,0.0,0.0,0,0,0.0,0.0,0,0,0.0,6375.25,1,0,0.0,6375.25,1,0,0.0,0
LGS2ORD0019763,C011471,2025-06-06 12:00:00,Male,22,Gold,Web,Songkhla,420,TV_Show,Credit_Card,12,6,4,0,20-30,14.0,1.0,0.0,0.0,-1,80,1737.03,0.08,0.0,0.0,0.0,0.0,0,0,0.0,0.0,0,0,0.0,1737.03,1,0,0.0,1737.03,1,0,0.0,0
LGS2ORD0019764,C016848,2025-06-06 12:00:00,Male,39,Gold,Lazada,Bangkok,239,CallCenter,PromptPay,12,6,4,0,30-40,7.966666666666667,0.0,0.0,0.0,-1,-1,0.0,0.0,0.0,0.0,0.0,0.0,0,0,0.0,0.0,0,0,0.0,0.0,0,0,0.0,0.0,0,0,0.0,0
LGS2ORD0019765,C017252,2025-06-06 12:00:00,Female,23,Bronze,Web,Chiang Mai,808,Shopee,COD,12,6,4,0,20-30,26.933333333333334,0.0,0.0,0.0,-1,-1,0.0,0.0,0.0,0.0,0.0,0.0,0,0,0.0,0.0,0,0,0.0,0.0,0,0,0.0,0.0,0,0,0.0,0
LGS2ORD0019766,C011615,2025-06-06 13:00:00,Female,51,Silver,Web,Chiang Mai,350,CallCenter,COD,13,6,4,0,>50,11.666666666666666,2.0,0.0,0.0,-1,81,4741.225,0.2,0.5,0.0,0.0,0.0,0,0,0.0,0.0,0,0,0.0,2189.4,1,0,0.0,9482.45,2,0,0.0,0
LGS2ORD0019767,C017565,2025-06-06 13:00:00,Male,59,Gold,Lazada,Phuket,408,Shopee,Bank_Transfer,13,6,4,0,>50,13.6,6.0,3.0,0.5,20,30,6309.135000000001,0.33,0.5,0.5,0.0,0.0,0,0,0.0,0.0,0,0,0.0,24914.6,4,2,0.5,37854.810000000005,6,3,0.5,0
LGS2ORD0019768,C012694,2025-06-06 13:00:00,Female,48,Bronze,Web,Chiang Mai,1075,TV_Show,COD,13,6,4,0,40-50,35.833333333333336,3.0,1.0,0.3333333333333333,123,58,8460.056666666665,0.28,0.6666666666666666,0.3333333333333333,0.0,0.0,0,0,0.0,0.0,0,0,0.0,20576.98,2,0,0.0,25380.17,3,1,0.3333333333333333,1
LGS2ORD0019769,C017020,2025-06-06 13:00:00,Male,55,Silver,TV,Chiang Mai,646,Lazada,PromptPay,13,6,4,0,>50,21.533333333333335,3.0,2.0,0.6666666666666666,38,52,4223.463333333334,0.3,1.0,0.6666666666666666,0.0,0.0,0,0,0.0,0.0,0,0,0.0,5888.0599999999995,2,1,0.5,12670.390000000001,3,2,0.6666666666666666,1
LGS2ORD0019770,C010394,2025-06-06 13:00:00,Male,58,Bronze,Shopee,Songkhla,404,Lazada,COD,13,6,4,0,>50,13.466666666666667,3.0,2.0,0.6666666666666666,80,48,1097.5133333333333,0.28,0.3333333333333333,0.3333333333333333,0.0,0.0,0,0,0.0,0.0,0,0,0.0,2719.3999999999996,2,1,0.5,3292.54,3,2,0.6666666666666666,1
LGS2ORD0019771,C012451,2025-06-06 14:00:00,Male,27,Platinum,TV,Chonburi,1120,TV_Show,COD,14,6,4,0,20-30,37.333333333333336,2.0,0.0,0.0,-1,21,7327.799999999999,0.15,0.0,0.0,0.0,0.0,0,0,0.0,4245.62,1,0,0.0,4245.62,1,0,0.0,14655.599999999999,2,0,0.0,0
LGS2ORD0019772,C014767,2025-06-06 14:00:00,Male,50,Gold,Web,Phuket,1458,Shopee,PromptPay,14,6,4,0,40-50,48.6,4.0,0.0,0.0,-1,23,7801.005000000001,0.2299999999999999,0.5,0.25,0.0,0.0,0,0,0.0,2304.54,1,0,0.0,19573.780000000002,2,0,0.0,31204.020000000004,4,0,0.0,0
LGS2ORD0019773,C010274,2025-06-06 14:00:00,Male,40,Silver,Lazada,Bangkok,234,Lazada,COD,14,6,4,0,30-40,7.8,2.0,0.0,0.0,-1,30,959.385,0.25,0.0,0.5,0.0,0.0,0,0,0.0,0.0,0,0,0.0,1918.77,2,0,0.0,1918.77,2,0,0.0,0
LGS2ORD0019774,C015946,2025-06-06 14:00:00,Male,18,Silver,TV,Phuket,713,Web,PromptPay,14,6,4,0,<20,23.766666666666666,1.0,1.0,1.0,76,87,1113.48,0.25,0.0,1.0,0.0,0.0,0,0,0.0,0.0,0,0,0.0,1113.48,1,1,1.0,1113.48,1,1,1.0,0
LGS2ORD0019775,C010517,2025-06-06 14:00:00,Female,55,Bronze,Lazada,Songkhla,1580,TV_Show,COD,14,6,4,0,>50,52.666666666666664,2.0,0.0,0.0,-1,48,1719.38,0.13,1.0,0.0,0.0,0.0,0,0,0.0,0.0,0,0,0.0,3438.76,2,0,0.0,3438.76,2,0,0.0,0
LGS2ORD0019776,C013834,2025-06-06 15:00:00,Female,18,Bronze,Shopee,Bangkok,1197,Shopee,COD,15,6,4,0,<20,39.9,3.0,0.0,0.0,-1,0,8258.083333333334,0.08,0.3333333333333333,0.0,0.0,20942.83,1,0,0.0,20942.83,1,0,0.0,23333.11,2,0,0.0,24774.25,3,0,0.0,0
LGS2ORD0019777,C017445,2025-06-06 15:00:00,Other,70,Platinum,Web,Chonburi,1285,Lazada,Credit_Card,15,6,4,0,>50,42.833333333333336,3.0,0.0,0.0,-1,54,2113.8733333333334,0.35,0.0,0.6666666666666666,0.0,0.0,0,0,0.0,0.0,0,0,0.0,6341.62,3,0,0.0,6341.62,3,0,0.0,1
LGS2ORD0019778,C014968,2025-06-06 15:00:00,Male,24,Silver,Shopee,Chonburi,890,Lazada,Bank_Transfer,15,6,4,0,20-30,29.666666666666668,1.0,0.0,0.0,-1,104,7829.38,0.1,1.0,0.0,0.0,0.0,0,0,0.0,0.0,0,0,0.0,0.0,0,0,0.0,7829.38,1,0,0.0,0
LGS2ORD0019779,C017304,2025-06-06 15:00:00,Female,31,Silver,Shopee,Chiang Mai,424,Web,Credit_Card,15,6,4,0,30-40,14.133333333333333,5.0,1.0,0.2,13,20,4617.438,0.3,0.4,0.6,0.2,0.0,0,0,0.0,8766.880000000001,2,1,0.5,16134.150000000001,3,1,0.3333333333333333,23087.190000000002,5,1,0.2,0
LGS2ORD0019780,C011482,2025-06-06 15:00:00,Male,54,Silver,Web,Nakhon Ratchasima,344,Web,COD,15,6,4,0,>50,11.466666666666667,2.0,0.0,0.0,-1,55,10971.56,0.15,0.5,0.0,0.0,0.0,0,0,0.0,0.0,0,0,0.0,2639.86,1,0,0.0,21943.12,2,0,0.0,0
LGS2ORD0019781,C012372,2025-06-06 15:00:00,Female,40,Platinum,TV,Chiang Mai,191,CallCenter,COD,15,6,4,0,30-40,6.366666666666666,3.0,2.0,0.6666666666666666,40,44,9956.84,0.35,0.6666666666666666,0.6666666666666666,0.0,0.0,0,0,0.0,0.0,0,0,0.0,7115.4800000000005,2,1,0.5,29870.52,3,2,0.6666666666666666,1
LGS2ORD0019782,C012026,2025-06-06 16:00:00,Male,53,Silver,Web,Bangkok,1334,TV_Show,COD,16,6,4,0,>50,44.46666666666667,0.0,0.0,0.0,-1,-1,0.0,0.0,0.0,0.0,0.0,0.0,0,0,0.0,0.0,0,0,0.0,0.0,0,0,0.0,0.0,0,0,0.0,1
LGS2ORD0019783,C015147,2025-06-06 16:00:00,Female,40,Platinum,Lazada,Chiang Mai,1384,TV_Show,PromptPay,16,6,4,0,30-40,46.13333333333333,2.0,0.0,0.0,-1,132,9812.155,0.15,0.5,0.0,0.0,0.0,0,0,0.0,0.0,0,0,0.0,0.0,0,0,0.0,19624.31,2,0,0.0,1
LGS2ORD0019784,C017575,2025-06-06 16:00:00,Female,35,Bronze,TV,Khon Kaen,529,Shopee,Credit_Card,16,6,4,0,30-40,17.633333333333333,0.0,0.0,0.0,-1,-1,0.0,0.0,0.0,0.0,0.0,0.0,0,0,0.0,0.0,0,0,0.0,0.0,0,0,0.0,0.0,0,0,0.0,0
LGS2ORD0019785,C012491,2025-06-06 16:00:00,Male,67,Gold,Lazada,Remote_Area,1568,CallCenter,COD,16,6,4,0,>50,52.266666666666666,1.0,0.0,0.0,-1,7,2425.81,0.28,0.0,1.0,0.0,0.0,0,0,0.0,2425.81,1,0,0.0,2425.81,1,0,0.0,2425.81,1,0,0.0,1
LGS2ORD0019786,C011747,2025-06-06 16:00:00,Male,65,Bronze,Web,Phuket,781,Web,COD,16,6,4,0,>50,26.033333333333335,1.0,0.0,0.0,-1,95,1588.72,0.03,1.0,0.0,0.0,0.0,0,0,0.0,0.0,0,0,0.0,0.0,0,0,0.0,1588.72,1,0,0.0,0
LGS2ORD0019787,C015671,2025-06-06 17:00:00,Female,49,Platinum,Web,Khon Kaen,1273,Web,PromptPay,17,6,4,0,40-50,42.43333333333333,0.0,0.0,0.0,-1,-1,0.0,0.0,0.0,0.0,0.0,0.0,0,0,0.0,0.0,0,0,0.0,0.0,0,0,0.0,0.0,0,0,0.0,0
LGS2ORD0019788,C017280,2025-06-06 17:00:00,Male,50,Bronze,CallCenter,Chonburi,174,Web,COD,17,6,4,0,40-50,5.8,4.0,2.0,0.5,136,45,5763.0650000000005,0.23,0.75,0.5,0.0,0.0,0,0,0.0,0.0,0,0,0.0,3913.69,2,0,0.0,23052.260000000002,4,2,0.5,0
LGS2ORD0019789,C015617,2025-06-06 17:00:00,Male,38,Silver,TV,Chiang Mai,1357,Web,COD,17,6,4,0,30-40,45.233333333333334,1.0,0.0,0.0,-1,26,1811.19,0.1,0.0,0.0,0.0,0.0,0,0,0.0,1811.19,1,0,0.0,1811.19,1,0,0.0,1811.19,1,0,0.0,1
LGS2ORD0019790,C013414,2025-06-06 17:00:00,Male,39,Silver,Lazada,Nakhon Ratchasima,482,Shopee,Credit_Card,17,6,4,0,30-40,16.066666666666666,6.0,0.0,0.0,-1,27,2479.2566666666667,0.25,0.16666666666666666,0.16666666666666666,0.0,0.0,0,0,0.0,972.4,1,0,0.0,4673.8,3,0,0.0,14875.539999999999,6,0,0.0,0
LGS2ORD0019791,C014518,2025-06-06 17:00:00,Female,21,Bronze,Shopee,Songkhla,239,Lazada,COD,17,6,4,0,20-30,7.966666666666667,5.0,4.0,0.8,40,51,5863.402,0.28,1.0,0.4,0.0,0.0,0,0,0.0,0.0,0,0,0.0,1303.7,1,1,1.0,29317.01,5,4,0.8,0
LGS2ORD0019792,C015368,2025-06-06 18:00:00,Female,42,Bronze,Web,Khon Kaen,371,TV_Show,COD,18,6,4,0,40-50,12.366666666666667,1.0,0.0,0.0,-1,90,1366.5,0.03,0.0,0.0,0.0,0.0,0,0,0.0,0.0,0,0,0.0,0.0,0,0,0.0,1366.5,1,0,0.0,1
LGS2ORD0019793,C012688,2025-06-06 18:00:00,Male,55,Silver,TV,Remote_Area,424,TV_Show,PromptPay,18,6,4,0,>50,14.133333333333333,3.0,1.0,0.3333333333333333,15,19,918.4433333333333,0.2,0.3333333333333333,0.0,0.0,0.0,0,0,0.0,2260.13,2,1,0.5,2260.13,2,1,0.5,2755.33,3,1,0.3333333333333333,0
LGS2ORD0019794,C012119,2025-06-06 18:00:00,Female,43,Silver,Web,Bangkok,510,TV_Show,COD,18,6,4,0,40-50,17.0,1.0,0.0,0.0,-1,68,450.56,0.05,0.0,0.0,0.0,0.0,0,0,0.0,0.0,0,0,0.0,450.56,1,0,0.0,450.56,1,0,0.0,0
LGS2ORD0019795,C012711,2025-06-06 18:00:00,Female,51,Bronze,Shopee,Phuket,538,TV_Show,PromptPay,18,6,4,0,>50,17.933333333333334,2.0,1.0,0.5,62,69,7951.93,0.23,0.5,0.5,0.0,0.0,0,0,0.0,0.0,0,0,0.0,3394.43,1,1,1.0,15903.86,2,1,0.5,0
LGS2ORD0019796,C010340,2025-06-06 18:00:00,Male,53,Platinum,Shopee,Khon Kaen,1347,CallCenter,COD,18,6,4,0,>50,44.9,8.0,1.0,0.125,78,1,1478.6875,0.25,0.75,0.25,0.0,1231.38,1,0,0.0,1231.38,1,0,0.0,9096.39,6,1,0.16666666666666666,11829.5,8,1,0.125,0
LGS2ORD0019797,C016035,2025-06-06 19:00:00,Female,38,Silver,Lazada,Chonburi,1374,Web,COD,19,6,4,0,30-40,45.8,3.0,1.0,0.3333333333333333,17,33,3646.6866666666665,0.2,0.0,0.0,0.0,0.0,0,0,0.0,0.0,0,0,0.0,3155.13,2,1,0.5,10940.06,3,1,0.3333333333333333,1
LGS2ORD0019798,C016541,2025-06-06 19:00:00,Male,31,Platinum,Shopee,Nakhon Ratchasima,835,CallCenter,COD,19,6,4,0,30-40,27.833333333333332,2.0,0.0,0.0,-1,55,15574.91,0.15,0.5,0.0,0.0,0.0,0,0,0.0,0.0,0,0,0.0,31149.82,2,0,0.0,31149.82,2,0,0.0,0
LGS2ORD0019799,C013164,2025-06-06 19:00:00,Male,18,Bronze,TV,Bangkok,1235,TV_Show,PromptPay,19,6,4,0,<20,41.166666666666664,4.0,0.0,0.0,-1,28,4839.297500000001,0.18,0.25,0.0,0.0,0.0,0,0,0.0,11740.26,1,0,0.0,13418.53,3,0,0.0,19357.190000000002,4,0,0.0,0
LGS2ORD0019800,C014339,2025-06-06 19:00:00,Female,48,Bronze,CallCenter,Bangkok,565,Shopee,COD,19,6,4,0,40-50,18.833333333333332,1.0,0.0,0.0,-1,69,4318.47,0.08,0.0,0.0,0.0,0.0,0,0,0.0,0.0,0,0,0.0,4318.47,1,0,0.0,4318.47,1,0,0.0,0
LGS2ORD0019801,C011964,2025-06-06 19:00:00,Male,68,Bronze,Web,Chiang Mai,263,Web,Bank_Transfer,19,6,4,0,>50,8.766666666666667,3.0,1.0,0.3333333333333333,7,15,3922.4400000000005,0.23,0.6666666666666666,0.3333333333333333,0.0,0.0,0,0,0.0,2232.7799999999997,2,1,0.5,11767.320000000002,3,1,0.3333333333333333,11767.320000000002,3,1,0.3333333333333333,0
LGS2ORD0019802,C011609,2025-06-06 19:00:00,Male,63,Silver,TV,Bangkok,1342,Shopee,COD,19,6,4,0,>50,44.733333333333334,2.0,0.0,0.0,-1,98,2061.335,0.2,0.5,0.0,0.0,0.0,0,0,0.0,0.0,0,0,0.0,0.0,0,0,0.0,4122.67,2,0,0.0,0
LGS2ORD0019803,C016530,2025-06-06 20:00:00,Male,42,Silver,Shopee,Bangkok,1026,Web,COD,20,6,4,0,40-50,34.2,2.0,0.0,0.0,-1,88,1840.37,0.2,0.5,0.0,0.0,0.0,0,0,0.0,0.0,0,0,0.0,1182.76,1,0,0.0,3680.74,2,0,0.0,0
LGS2ORD0019804,C011288,2025-06-06 20:00:00,Male,59,Bronze,Shopee,Bangkok,488,TV_Show,COD,20,6,4,0,>50,16.266666666666666,1.0,0.0,0.0,-1,63,1941.6,0.28,1.0,1.0,0.0,0.0,0,0,0.0,0.0,0,0,0.0,1941.6,1,0,0.0,1941.6,1,0,0.0,1
LGS2ORD0019805,C012219,2025-06-06 20:00:00,Female,42,Silver,TV,Bangkok,1026,Web,COD,20,6,4,0,40-50,34.2,1.0,1.0,1.0,32,39,4680.58,0.05,1.0,0.0,0.0,0.0,0,0,0.0,0.0,0,0,0.0,4680.58,1,1,1.0,4680.58,1,1,1.0,0
LGS2ORD0019806,C014666,2025-06-06 20:00:00,Male,37,Gold,Shopee,Khon Kaen,814,Shopee,Credit_Card,20,6,4,0,30-40,27.133333333333333,0.0,0.0,0.0,-1,-1,0.0,0.0,0.0,0.0,0.0,0.0,0,0,0.0,0.0,0,0,0.0,0.0,0,0,0.0,0.0,0,0,0.0,0
LGS2ORD0019807,C016499,2025-06-06 20:00:00,Female,27,Bronze,Shopee,Remote_Area,1055,TV_Show,COD,20,6,4,0,20-30,35.166666666666664,1.0,0.0,0.0,-1,133,3699.29,0.18,0.0,0.0,0.0,0.0,0,0,0.0,0.0,0,0,0.0,0.0,0,0,0.0,3699.29,1,0,0.0,1
LGS2ORD0019808,C014360,2025-06-06 21:00:00,Female,49,Gold,Lazada,Chiang Mai,872,Web,COD,21,6,4,0,40-50,29.066666666666666,3.0,1.0,0.3333333333333333,89,95,3221.5,0.13,0.0,0.0,0.0,0.0,0,0,0.0,0.0,0,0,0.0,0.0,0,0,0.0,9664.5,3,1,0.3333333333333333,0
LGS2ORD0019809,C010995,2025-06-06 21:00:00,Male,42,Silver,Shopee,Khon Kaen,1144,Shopee,Credit_Card,21,6,4,0,40-50,38.13333333333333,2.0,0.0,0.0,-1,95,2970.225,0.2,0.5,0.0,0.0,0.0,0,0,0.0,0.0,0,0,0.0,0.0,0,0,0.0,5940.45,2,0,0.0,0
LGS2ORD0019810,C014481,2025-06-06 21:00:00,Female,48,Silver,TV,Bangkok,1250,Web,COD,21,6,4,0,40-50,41.666666666666664,2.0,0.0,0.0,-1,16,1666.455,0.25,0.0,1.0,0.0,0.0,0,0,0.0,1733.52,1,0,0.0,1733.52,1,0,0.0,3332.91,2,0,0.0,0
LGS2ORD0019811,C016110,2025-06-06 21:00:00,Female,49,Silver,Web,Phuket,1564,Shopee,Bank_Transfer,21,6,4,0,40-50,52.13333333333333,2.0,0.0,0.0,-1,22,12242.145,0.1,0.0,0.0,0.0,0.0,0,0,0.0,21806.37,1,0,0.0,24484.29,2,0,0.0,24484.29,2,0,0.0,0
LGS2ORD0019812,C016366,2025-06-06 21:00:00,Male,43,Bronze,Shopee,Bangkok,1457,Web,Credit_Card,21,6,4,0,40-50,48.56666666666667,0.0,0.0,0.0,-1,-1,0.0,0.0,0.0,0.0,0.0,0.0,0,0,0.0,0.0,0,0,0.0,0.0,0,0,0.0,0.0,0,0,0.0,0
LGS2ORD0019813,C015583,2025-06-06 22:00:00,Male,18,Silver,TV,Nakhon Ratchasima,621,TV_Show,Bank_Transfer,22,6,4,0,<20,20.7,5.0,0.0,0.0,-1,19,7340.7699999999995,0.05,0.6,0.0,0.0,0.0,0,0,0.0,2569.33,1,0,0.0,26232.660000000003,3,0,0.0,36703.85,5,0,0.0,0
LGS2ORD0019814,C016407,2025-06-06 22:00:00,Male,18,Gold,CallCenter,Bangkok,665,Web,Credit_Card,22,6,4,0,<20,22.166666666666668,3.0,0.0,0.0,-1,19,2956.603333333334,0.28,0.6666666666666666,0.6666666666666666,0.0,0.0,0,0,0.0,702.75,1,0,0.0,8869.810000000001,3,0,0.0,8869.810000000001,3,0,0.0,1
LGS2ORD0019815,C014791,2025-06-06 22:00:00,Male,26,Bronze,Lazada,Remote_Area,789,Lazada,Credit_Card,22,6,4,0,20-30,26.3,3.0,1.0,0.3333333333333333,94,74,6188.48,0.18,1.0,0.0,0.0,0.0,0,0,0.0,0.0,0,0,0.0,16815.24,2,0,0.0,18565.44,3,1,0.3333333333333333,1
LGS2ORD0019816,C010587,2025-06-06 22:00:00,Male,62,Gold,Web,Bangkok,290,Shopee,Credit_Card,22,6,4,0,>50,9.666666666666666,2.0,1.0,0.5,107,118,5822.264999999999,0.18,0.5,0.0,0.0,0.0,0,0,0.0,0.0,0,0,0.0,0.0,0,0,0.0,11644.529999999999,2,1,0.5,0
LGS2ORD0019817,C014876,2025-06-06 22:00:00,Male,41,Gold,Shopee,Remote_Area,1531,CallCenter,COD,22,6,4,0,40-50,51.03333333333333,2.0,0.0,0.0,-1,28,2077.905,0.2299999999999999,0.0,0.5,0.0,0.0,0,0,0.0,3563.09,1,0,0.0,4155.81,2,0,0.0,4155.81,2,0,0.0,1
LGS2ORD0019818,C016153,2025-06-06 22:00:00,Female,50,Bronze,Shopee,Bangkok,388,Shopee,COD,22,6,4,0,40-50,12.933333333333334,3.0,0.0,0.0,-1,25,1990.6533333333334,0.23,0.6666666666666666,0.3333333333333333,0.0,0.0,0,0,0.0,1115.92,1,0,0.0,2561.1000000000004,2,0,0.0,5971.96,3,0,0.0,0
LGS2ORD0019819,C011475,2025-06-06 23:00:00,Male,34,Bronze,TV,Bangkok,1331,Shopee,COD,23,6,4,0,30-40,44.36666666666667,5.0,1.0,0.2,102,41,8525.060000000001,0.28,0.8,0.2,0.0,0.0,0,0,0.0,0.0,0,0,0.0,38151.9,4,0,0.0,42625.3,5,1,0.2,0
LGS2ORD0019820,C013330,2025-06-06 23:00:00,Male,37,Gold,Shopee,Bangkok,662,Lazada,Credit_Card,23,6,4,0,30-40,22.066666666666666,1.0,0.0,0.0,-1,152,7731.72,0.13,1.0,0.0,0.0,0.0,0,0,0.0,0.0,0,0,0.0,0.0,0,0,0.0,7731.72,1,0,0.0,0
LGS2ORD0019821,C015678,2025-06-06 23:00:00,Female,33,Bronze,TV,Khon Kaen,1118,CallCenter,COD,23,6,4,0,30-40,37.266666666666666,3.0,0.0,0.0,-1,22,4668.616666666667,0.18,0.3333333333333333,0.0,0.0,0.0,0,0,0.0,4300.1,1,0,0.0,4300.1,1,0,0.0,14005.85,3,0,0.0,0
LGS2ORD0019822,C016149,2025-06-06 23:00:00,Other,61,Gold,TV,Bangkok,740,Lazada,Credit_Card,23,6,4,0,>50,24.666666666666668,0.0,0.0,0.0,-1,-1,0.0,0.0,0.0,0.0,0.0,0.0,0,0,0.0,0.0,0,0,0.0,0.0,0,0,0.0,0.0,0,0,0.0,0
LGS2ORD0019823,C011039,2025-06-06 23:00:00,Female,47,Bronze,Lazada,Chonburi,1194,TV_Show,Bank_Transfer,23,6,4,0,40-50,39.8,6.0,4.0,0.6666666666666666,38,46,3664.4133333333334,0.23,0.8333333333333334,0.5,0.0,0.0,0,0,0.0,0.0,0,0,0.0,18516.809999999998,4,3,0.75,21986.48,6,4,0.6666666666666666,1
LGS2ORD0019824,C017110,2025-06-07 00:00:00,Female,53,Gold,Web,Nakhon Ratchasima,1020,Shopee,COD,0,6,5,1,>50,34.0,4.0,0.0,0.0,-1,3,7230.86,0.13,0.75,0.0,0.0,746.28,1,0,0.0,746.28,1,0,0.0,28923.44,4,0,0.0,28923.44,4,0,0.0,1
LGS2ORD0019825,C017973,2025-06-07 00:00:00,Female,50,Bronze,CallCenter,Bangkok,1540,TV_Show,PromptPay,0,6,5,1,40-50,51.333333333333336,3.0,1.0,0.3333333333333333,6,1,3056.6633333333334,0.23,0.6666666666666666,0.3333333333333333,0.0,3561.73,1,0,0.0,5912.0,2,1,0.5,9169.99,3,1,0.3333333333333333,9169.99,3,1,0.3333333333333333,1
LGS2ORD0019826,C016264,2025-06-07 00:00:00,Female,45,Gold,TV,Chonburi,908,Shopee,COD,0,6,5,1,40-50,30.266666666666666,2.0,0.0,0.0,-1,83,2417.16,0.18,0.5,0.0,0.0,0.0,0,0,0.0,0.0,0,0,0.0,1071.49,1,0,0.0,4834.32,2,0,0.0,0
LGS2ORD0019827,C013953,2025-06-07 00:00:00,Female,36,Gold,Web,Chiang Mai,793,Lazada,PromptPay,0,6,5,1,30-40,26.433333333333334,4.0,1.0,0.25,24,27,4956.21,0.33,0.5,0.5,0.0,0.0,0,0,0.0,15789.38,2,1,0.5,15789.38,2,1,0.5,19824.84,4,1,0.25,0
LGS2ORD0019828,C014426,2025-06-07 00:00:00,Female,67,Bronze,Shopee,Bangkok,1214,CallCenter,COD,0,6,5,1,>50,40.46666666666667,3.0,2.0,0.6666666666666666,6,10,1762.68,0.18,1.0,0.0,0.0,0.0,0,0,0.0,2023.55,1,1,1.0,2023.55,1,1,1.0,5288.04,3,2,0.6666666666666666,0
LGS2ORD0019829,C014653,2025-06-07 01:00:00,Female,43,Bronze,TV,Remote_Area,1178,Web,COD,1,6,5,1,40-50,39.266666666666666,3.0,2.0,0.6666666666666666,26,37,3514.1333333333337,0.13,0.3333333333333333,0.0,0.0,0.0,0,0,0.0,0.0,0,0,0.0,6612.24,2,1,0.5,10542.400000000001,3,2,0.6666666666666666,1
LGS2ORD0019830,C015644,2025-06-07 01:00:00,Male,43,Silver,Web,Bangkok,498,TV_Show,Credit_Card,1,6,5,1,40-50,16.6,3.0,0.0,0.0,-1,61,3725.763333333334,0.25,0.0,0.3333333333333333,0.0,0.0,0,0,0.0,0.0,0,0,0.0,7924.0,1,0,0.0,11177.29,3,0,0.0,0
LGS2ORD0019831,C015943,2025-06-07 01:00:00,Male,18,Silver,Shopee,Remote_Area,889,Lazada,COD,1,6,5,1,<20,29.633333333333333,1.0,0.0,0.0,-1,82,5065.72,0.1,0.0,0.0,0.0,0.0,0,0,0.0,0.0,0,0,0.0,5065.72,1,0,0.0,5065.72,1,0,0.0,0
LGS2ORD0019832,C012264,2025-06-07 01:00:00,Male,49,Silver,TV,Phuket,1254,Lazada,COD,1,6,5,1,40-50,41.8,1.0,0.0,0.0,-1,56,975.38,0.2,1.0,0.0,0.0,0.0,0,0,0.0,0.0,0,0,0.0,975.38,1,0,0.0,975.38,1,0,0.0,1
LGS2ORD0019833,C011006,2025-06-07 01:00:00,Female,30,Bronze,Shopee,Remote_Area,1021,Shopee,PromptPay,1,6,5,1,20-30,34.03333333333333,2.0,1.0,0.5,62,5,5003.55,0.23,0.5,0.5,0.0,1334.01,1,0,0.0,1334.01,1,0,0.0,10007.1,2,1,0.5,10007.1,2,1,0.5,0
LGS2ORD0019834,C010370,2025-06-07 02:00:00,Female,36,Bronze,CallCenter,Nakhon Ratchasima,1333,TV_Show,Credit_Card,2,6,5,1,30-40,44.43333333333333,3.0,1.0,0.3333333333333333,59,9,4839.8533333333335,0.18,0.0,0.0,0.0,0.0,0,0,0.0,1888.76,1,0,0.0,14519.56,3,1,0.3333333333333333,14519.56,3,1,0.3333333333333333,0
LGS2ORD0019835,C017188,2025-06-07 02:00:00,Female,37,Bronze,Web,Chiang Mai,523,Shopee,COD,2,6,5,1,30-40,17.433333333333334,3.0,1.0,0.3333333333333333,63,41,8375.636666666667,0.23,0.6666666666666666,0.3333333333333333,0.0,0.0,0,0,0.0,0.0,0,0,0.0,14340.6,2,1,0.5,25126.91,3,1,0.3333333333333333,0
LGS2ORD0019836,C017952,2025-06-07 02:00:00,Female,39,Bronze,Shopee,Bangkok,331,Shopee,COD,2,6,5,1,30-40,11.033333333333333,4.0,0.0,0.0,-1,33,5761.94,0.28,0.25,0.75,0.0,0.0,0,0,0.0,0.0,0,0,0.0,21097.76,3,0,0.0,23047.76,4,0,0.0,0
LGS2ORD0019837,C010693,2025-06-07 02:00:00,Male,60,Gold,Web,Phuket,1163,Web,COD,2,6,5,1,>50,38.766666666666666,4.0,2.0,0.5,37,44,9386.7275,0.2299999999999999,0.25,0.25,0.0,0.0,0,0,0.0,0.0,0,0,0.0,32699.29,1,1,1.0,37546.91,4,2,0.5,1
LGS2ORD0019838,C017232,2025-06-07 02:00:00,Male,24,Silver,Shopee,Bangkok,330,Lazada,COD,2,6,5,1,20-30,11.0,1.0,0.0,0.0,-1,102,436.26,0.1,1.0,0.0,0.0,0.0,0,0,0.0,0.0,0,0,0.0,0.0,0,0,0.0,436.26,1,0,0.0,0
LGS2ORD0019839,C013396,2025-06-07 02:00:00,Female,49,Gold,Shopee,Phuket,1609,Shopee,COD,2,6,5,1,40-50,53.63333333333333,5.0,1.0,0.2,81,13,7782.514,0.28,0.8,0.8,0.0,0.0,0,0,0.0,10230.94,1,0,0.0,30668.729999999996,3,0,0.0,38912.57,5,1,0.2,0
LGS2ORD0019840,C015074,2025-06-07 03:00:00,Female,55,Silver,Shopee,Nakhon Ratchasima,212,Shopee,PromptPay,3,6,5,1,>50,7.066666666666666,6.0,2.0,0.3333333333333333,-7,4,5659.391666666667,0.3,0.6666666666666666,0.5,0.0,478.48,1,1,1.0,29230.84,2,1,0.5,29909.8,3,1,0.3333333333333333,33956.350000000006,6,2,0.3333333333333333,0
LGS2ORD0019841,C013424,2025-06-07 03:00:00,Male,62,Bronze,Web,Chonburi,953,Lazada,Credit_Card,3,6,5,1,>50,31.766666666666666,5.0,1.0,0.2,109,21,8399.490000000002,0.18,0.8,0.0,0.0,0.0,0,0,0.0,3453.69,1,0,0.0,34463.46,3,0,0.0,41997.450000000004,5,1,0.2,0
LGS2ORD0019842,C012801,2025-06-07 03:00:00,Female,29,Gold,CallCenter,Chonburi,693,Web,COD,3,6,5,1,20-30,23.1,2.0,0.0,0.0,-1,31,21314.645,0.2299999999999999,0.5,0.5,0.0,0.0,0,0,0.0,0.0,0,0,0.0,42629.29,2,0,0.0,42629.29,2,0,0.0,0
LGS2ORD0019843,C010535,2025-06-07 03:00:00,Male,65,Silver,CallCenter,Khon Kaen,819,Lazada,COD,3,6,5,1,>50,27.3,4.0,0.0,0.0,-1,1,4411.125,0.25,0.0,0.25,0.0,4311.56,1,0,0.0,4311.56,1,0,0.0,8466.880000000001,2,0,0.0,17644.5,4,0,0.0,0
LGS2ORD0019844,C011379,2025-06-07 03:00:00,Female,33,Bronze,CallCenter,Nakhon Ratchasima,1236,Web,COD,3,6,5,1,30-40,41.2,4.0,1.0,0.25,115,1,2172.6,0.23,0.75,0.25,0.0,2320.19,1,0,0.0,6451.82,2,0,0.0,6451.82,2,0,0.0,8690.4,4,1,0.25,0
LGS2ORD0019845,C017771,2025-06-07 04:00:00,Female,46,Bronze,CallCenter,Remote_Area,425,TV_Show,PromptPay,4,6,5,1,40-50,14.166666666666666,4.0,0.0,0.0,-1,2,4322.51,0.08,0.25,0.0,0.0,1753.73,1,0,0.0,1753.73,1,0,0.0,2474.98,2,0,0.0,17290.04,4,0,0.0,0
LGS2ORD0019846,C011946,2025-06-07 04:00:00,Female,48,Platinum,Web,Chiang Mai,981,Web,Bank_Transfer,4,6,5,1,40-50,32.7,3.0,0.0,0.0,-1,49,5570.143333333333,0.3,0.0,0.6666666666666666,0.0,0.0,0,0,0.0,0.0,0,0,0.0,2455.3,1,0,0.0,16710.43,3,0,0.0,0
LGS2ORD0019847,C010370,2025-06-07 04:00:00,Female,36,Bronze,CallCenter,Nakhon Ratchasima,1333,CallCenter,Credit_Card,4,6,5,1,30-40,44.43333333333333,4.0,1.0,0.25,59,0,6119.924999999999,0.18,0.0,0.0,0.0,9960.14,1,0,0.0,11848.9,2,0,0.0,24479.699999999997,4,1,0.25,24479.699999999997,4,1,0.25,0
LGS2ORD0019848,C015636,2025-06-07 04:00:00,Male,28,Bronze,Shopee,Phuket,1080,Lazada,Bank_Transfer,4,6,5,1,20-30,36.0,2.0,0.0,0.0,-1,1,3194.9049999999997,0.28,1.0,0.5,0.0,673.91,1,0,0.0,673.91,1,0,0.0,673.91,1,0,0.0,6389.8099999999995,2,0,0.0,1
LGS2ORD0019849,C014907,2025-06-07 04:00:00,Male,50,Gold,CallCenter,Chiang Mai,429,TV_Show,COD,4,6,5,1,40-50,14.3,3.0,1.0,0.3333333333333333,70,68,3136.3700000000003,0.18,0.3333333333333333,0.0,0.0,0.0,0,0,0.0,0.0,0,0,0.0,2089.2,2,1,0.5,9409.11,3,1,0.3333333333333333,0
LGS2ORD0019850,C012823,2025-06-07 05:00:00,Female,56,Bronze,Web,Phuket,1374,CallCenter,Credit_Card,5,6,5,1,>50,45.8,5.0,2.0,0.4,-5,1,5948.15,0.28,0.8,0.2,0.0,2336.14,1,0,0.0,13552.349999999999,2,1,0.5,24775.25,4,1,0.25,29740.75,5,2,0.4,0
LGS2ORD0019851,C017061,2025-06-07 05:00:00,Female,40,Bronze,Shopee,Bangkok,878,Web,Credit_Card,5,6,5,1,30-40,29.266666666666666,4.0,0.0,0.0,-1,29,15665.425,0.18,0.5,0.0,0.0,0.0,0,0,0.0,22885.78,1,0,0.0,26792.96,2,0,0.0,62661.7,4,0,0.0,0
LGS2ORD0019852,C015360,2025-06-07 05:00:00,Female,43,Bronze,Shopee,Bangkok,1397,Shopee,COD,5,6,5,1,40-50,46.56666666666667,6.0,2.0,0.3333333333333333,26,36,8665.656666666666,0.18,0.5,0.0,0.0,0.0,0,0,0.0,0.0,0,0,0.0,14435.740000000002,4,1,0.25,51993.939999999995,6,2,0.3333333333333333,1
LGS2ORD0019853,C011103,2025-06-07 05:00:00,Female,50,Gold,CallCenter,Phuket,1430,Shopee,COD,5,6,5,1,40-50,47.666666666666664,6.0,2.0,0.3333333333333333,101,33,3668.001666666667,0.33,0.3333333333333333,0.5,0.0,0.0,0,0,0.0,0.0,0,0,0.0,2785.09,2,0,0.0,22008.010000000002,6,2,0.3333333333333333,1
LGS2ORD0019854,C012332,2025-06-07 05:00:00,Female,59,Bronze,Web,Chiang Mai,979,Shopee,PromptPay,5,6,5,1,>50,32.63333333333333,2.0,0.0,0.0,-1,11,5049.715,0.18,0.0,0.0,0.0,0.0,0,0,0.0,7698.97,1,0,0.0,10099.43,2,0,0.0,10099.43,2,0,0.0,1
LGS2ORD0019855,C012057,2025-06-07 06:00:00,Male,43,Gold,TV,Bangkok,242,Shopee,Credit_Card,6,6,5,1,40-50,8.066666666666666,3.0,0.0,0.0,-1,49,1610.92,0.33,0.6666666666666666,0.3333333333333333,0.0,0.0,0,0,0.0,0.0,0,0,0.0,3108.41,2,0,0.0,4832.76,3,0,0.0,0
LGS2ORD0019856,C012961,2025-06-07 06:00:00,Female,55,Silver,Web,Phuket,1524,Web,COD,6,6,5,1,>50,50.8,5.0,0.0,0.0,-1,32,5977.803999999999,0.25,0.8,0.2,0.0,0.0,0,0,0.0,0.0,0,0,0.0,19504.539999999997,4,0,0.0,29889.019999999997,5,0,0.0,0
LGS2ORD0019857,C017611,2025-06-07 06:00:00,Female,37,Gold,Lazada,Bangkok,283,Web,Bank_Transfer,6,6,5,1,30-40,9.433333333333334,2.0,1.0,0.5,88,102,7920.26,0.28,0.5,1.0,0.0,0.0,0,0,0.0,0.0,0,0,0.0,0.0,0,0,0.0,15840.52,2,1,0.5,1
LGS2ORD0019858,C015491,2025-06-07 06:00:00,Male,38,Bronze,CallCenter,Chiang Mai,1488,Shopee,PromptPay,6,6,5,1,30-40,49.6,7.0,1.0,0.14285714285714285,137,15,6306.812857142858,0.23,0.5714285714285714,0.14285714285714285,0.0,0.0,0,0,0.0,27125.29,2,0,0.0,33862.93,5,0,0.0,44147.69,7,1,0.14285714285714285,0
LGS2ORD0019859,C011885,2025-06-07 06:00:00,Male,49,Silver,Shopee,Khon Kaen,209,Lazada,PromptPay,6,6,5,1,40-50,6.966666666666667,2.0,0.0,0.0,-1,71,2011.92,0.25,0.5,0.5,0.0,0.0,0,0,0.0,0.0,0,0,0.0,3145.75,1,0,0.0,4023.84,2,0,0.0,0
LGS2ORD0019860,C012258,2025-06-07 06:00:00,Male,41,Bronze,Shopee,Songkhla,1043,Shopee,COD,6,6,5,1,40-50,34.766666666666666,2.0,1.0,0.5,116,56,10775.789999999999,0.08,1.0,0.0,0.0,0.0,0,0,0.0,0.0,0,0,0.0,16506.03,1,0,0.0,21551.579999999998,2,1,0.5,1
LGS2ORD0019861,C012151,2025-06-07 07:00:00,Female,36,Silver,Shopee,Remote_Area,1068,Shopee,COD,7,6,5,1,30-40,35.6,1.0,0.0,0.0,-1,53,1598.3,0.15,0.0,0.0,0.0,0.0,0,0,0.0,0.0,0,0,0.0,1598.3,1,0,0.0,1598.3,1,0,0.0,0
LGS2ORD0019862,C014813,2025-06-07 07:00:00,Male,51,Silver,Shopee,Khon Kaen,1481,Lazada,COD,7,6,5,1,>50,49.36666666666667,2.0,1.0,0.5,53,64,4228.2699999999995,0.3,1.0,0.5,0.0,0.0,0,0,0.0,0.0,0,0,0.0,7600.32,1,1,1.0,8456.539999999999,2,1,0.5,0
LGS2ORD0019863,C016696,2025-06-07 07:00:00,Female,30,Platinum,Shopee,Phuket,1161,Shopee,Credit_Card,7,6,5,1,20-30,38.7,3.0,1.0,0.3333333333333333,134,104,3673.9233333333336,0.25,0.3333333333333333,0.3333333333333333,0.0,0.0,0,0,0.0,0.0,0,0,0.0,0.0,0,0,0.0,11021.77,3,1,0.3333333333333333,0
LGS2ORD0019864,C015998,2025-06-07 07:00:00,Male,28,Bronze,Web,Phuket,1460,CallCenter,Credit_Card,7,6,5,1,20-30,48.666666666666664,3.0,1.0,0.3333333333333333,68,59,10440.143333333333,0.23,0.6666666666666666,0.3333333333333333,0.0,0.0,0,0,0.0,0.0,0,0,0.0,30350.63,2,1,0.5,31320.43,3,1,0.3333333333333333,0
LGS2ORD0019865,C017898,2025-06-07 07:00:00,Female,45,Bronze,TV,Bangkok,1005,Lazada,COD,7,6,5,1,40-50,33.5,4.0,1.0,0.25,57,52,2311.0950000000003,0.23,0.75,0.25,0.0,0.0,0,0,0.0,0.0,0,0,0.0,2543.19,2,1,0.5,9244.380000000001,4,1,0.25,1
LGS2ORD0019866,C010487,2025-06-07 08:00:00,Male,63,Bronze,TV,Remote_Area,1168,CallCenter,COD,8,6,5,1,>50,38.93333333333333,2.0,0.0,0.0,-1,62,3268.76,0.23,0.0,0.5,0.0,0.0,0,0,0.0,0.0,0,0,0.0,6537.52,2,0,0.0,6537.52,2,0,0.0,0
LGS2ORD0019867,C015136,2025-06-07 08:00:00,Female,28,Silver,Web,Phuket,389,Web,COD,8,6,5,1,20-30,12.966666666666667,5.0,1.0,0.2,96,68,3711.5020000000004,0.25,0.8,0.6,0.0,0.0,0,0,0.0,0.0,0,0,0.0,2882.2,1,0,0.0,18557.510000000002,5,1,0.2,0
LGS2ORD0019868,C013302,2025-06-07 08:00:00,Male,56,Silver,TV,Remote_Area,1221,Shopee,COD,8,6,5,1,>50,40.7,2.0,0.0,0.0,-1,79,5660.155,0.25,0.0,0.5,0.0,0.0,0,0,0.0,0.0,0,0,0.0,7546.42,1,0,0.0,11320.31,2,0,0.0,1
LGS2ORD0019869,C017904,2025-06-07 08:00:00,Male,33,Gold,Shopee,Chiang Mai,1373,Web,Bank_Transfer,8,6,5,1,30-40,45.766666666666666,0.0,0.0,0.0,-1,-1,0.0,0.0,0.0,0.0,0.0,0.0,0,0,0.0,0.0,0,0,0.0,0.0,0,0,0.0,0.0,0,0,0.0,0
LGS2ORD0019870,C015509,2025-06-07 08:00:00,Female,52,Gold,Shopee,Phuket,813,CallCenter,PromptPay,8,6,5,1,>50,27.1,4.0,1.0,0.25,23,5,1032.83,0.33,0.0,1.0,0.0,659.57,1,0,0.0,2757.07,3,1,0.3333333333333333,2757.07,3,1,0.3333333333333333,4131.32,4,1,0.25,0
LGS2ORD0019871,C017356,2025-06-07 09:00:00,Male,37,Bronze,TV,Phuket,1482,TV_Show,COD,9,6,5,1,30-40,49.4,2.0,1.0,0.5,136,7,11899.425,0.23,0.5,0.5,0.0,0.0,0,0,0.0,2366.09,1,0,0.0,2366.09,1,0,0.0,23798.85,2,1,0.5,0
LGS2ORD0019872,C013334,2025-06-07 09:00:00,Female,59,Bronze,Web,Bangkok,401,TV_Show,Credit_Card,9,6,5,1,>50,13.366666666666667,3.0,1.0,0.3333333333333333,-10,2,6469.490000000001,0.23,1.0,0.3333333333333333,0.0,15055.25,2,1,0.5,19408.47,3,1,0.3333333333333333,19408.47,3,1,0.3333333333333333,19408.47,3,1,0.3333333333333333,0
LGS2ORD0019873,C012439,2025-06-07 09:00:00,Male,51,Bronze,TV,Khon Kaen,1109,Lazada,COD,9,6,5,1,>50,36.96666666666667,7.0,2.0,0.2857142857142857,103,0,2008.3614285714284,0.28,0.2857142857142857,0.42857142857142855,0.0,2361.46,1,0,0.0,6011.889999999999,2,0,0.0,7561.21,3,0,0.0,14058.529999999999,7,2,0.2857142857142857,1
LGS2ORD0019874,C013086,2025-06-07 09:00:00,Female,54,Silver,Lazada,Remote_Area,1131,Shopee,Credit_Card,9,6,5,1,>50,37.7,1.0,1.0,1.0,118,127,1099.6,0.3,1.0,1.0,0.0,0.0,0,0,0.0,0.0,0,0,0.0,0.0,0,0,0.0,1099.6,1,1,1.0,0
LGS2ORD0019875,C014030,2025-06-07 09:00:00,Female,62,Bronze,TV,Khon Kaen,617,Lazada,COD,9,6,5,1,>50,20.566666666666666,3.0,1.0,0.3333333333333333,32,43,4289.9800000000005,0.28,1.0,0.3333333333333333,0.0,0.0,0,0,0.0,0.0,0,0,0.0,5750.02,2,1,0.5,12869.94,3,1,0.3333333333333333,0
LGS2ORD0019876,C012739,2025-06-07 10:00:00,Male,56,Bronze,TV,Remote_Area,1353,Lazada,PromptPay,10,6,5,1,>50,45.1,1.0,0.0,0.0,-1,51,9339.71,0.03,0.0,0.0,0.0,0.0,0,0,0.0,0.0,0,0,0.0,9339.71,1,0,0.0,9339.71,1,0,0.0,0
LGS2ORD0019877,C014665,2025-06-07 10:00:00,Male,36,Bronze,Web,Nakhon Ratchasima,616,Web,COD,10,6,5,1,30-40,20.533333333333335,2.0,1.0,0.5,35,44,3353.3599999999997,0.18,0.5,0.0,0.0,0.0,0,0,0.0,0.0,0,0,0.0,3515.6,1,1,1.0,6706.719999999999,2,1,0.5,0
LGS2ORD0019878,C011253,2025-06-07 10:00:00,Male,42,Platinum,Lazada,Chiang Mai,927,Web,COD,10,6,5,1,40-50,30.9,2.0,0.0,0.0,-1,3,4409.48,0.15,0.0,0.0,0.0,4485.11,1,0,0.0,4485.11,1,0,0.0,8818.96,2,0,0.0,8818.96,2,0,0.0,0
LGS2ORD0019879,C012907,2025-06-07 10:00:00,Female,48,Bronze,Web,Bangkok,200,Shopee,COD,10,6,5,1,40-50,6.666666666666667,1.0,0.0,0.0,-1,116,17437.74,0.18,1.0,0.0,0.0,0.0,0,0,0.0,0.0,0,0,0.0,0.0,0,0,0.0,17437.74,1,0,0.0,0
LGS2ORD0019880,C015780,2025-06-07 10:00:00,Female,56,Bronze,TV,Bangkok,416,Web,COD,10,6,5,1,>50,13.866666666666667,4.0,1.0,0.25,120,32,6611.5025000000005,0.23,0.25,0.25,0.0,0.0,0,0,0.0,0.0,0,0,0.0,23220.95,3,0,0.0,26446.010000000002,4,1,0.25,1
LGS2ORD0019881,C010763,2025-06-07 10:00:00,Female,46,Platinum,Web,Chiang Mai,1330,Shopee,PromptPay,10,6,5,1,40-50,44.333333333333336,2.0,0.0,0.0,-1,57,6061.215,0.2,0.5,0.0,0.0,0.0,0,0,0.0,0.0,0,0,0.0,12122.43,2,0,0.0,12122.43,2,0,0.0,0
LGS2ORD0019882,C013955,2025-06-07 11:00:00,Male,34,Silver,TV,Chiang Mai,1192,TV_Show,COD,11,6,5,1,30-40,39.733333333333334,3.0,1.0,0.3333333333333333,125,2,3852.42,0.15,0.3333333333333333,0.0,0.0,1789.94,1,0,0.0,1789.94,1,0,0.0,6282.3099999999995,2,0,0.0,11557.26,3,1,0.3333333333333333,0
LGS2ORD0019883,C012676,2025-06-07 11:00:00,Female,59,Bronze,Lazada,Bangkok,506,Web,Credit_Card,11,6,5,1,>50,16.866666666666667,1.0,0.0,0.0,-1,20,9253.57,0.03,0.0,0.0,0.0,0.0,0,0,0.0,9253.57,1,0,0.0,9253.57,1,0,0.0,9253.57,1,0,0.0,0
LGS2ORD0019884,C012788,2025-06-07 11:00:00,Male,32,Gold,Web,Phuket,1368,Web,COD,11,6,5,1,30-40,45.6,1.0,0.0,0.0,-1,91,8670.06,0.28,0.0,1.0,0.0,0.0,0,0,0.0,0.0,0,0,0.0,0.0,0,0,0.0,8670.06,1,0,0.0,0
LGS2ORD0019885,C016172,2025-06-07 11:00:00,Male,63,Bronze,Shopee,Bangkok,1473,Web,COD,11,6,5,1,>50,49.1,0.0,0.0,0.0,-1,-1,0.0,0.0,0.0,0.0,0.0,0.0,0,0,0.0,0.0,0,0,0.0,0.0,0,0,0.0,0.0,0,0,0.0,0
LGS2ORD0019886,C011298,2025-06-07 11:00:00,Female,49,Silver,TV,Chiang Mai,1601,Shopee,PromptPay,11,6,5,1,40-50,53.36666666666667,1.0,0.0,0.0,-1,11,2337.9,0.1,0.0,0.0,0.0,0.0,0,0,0.0,2337.9,1,0,0.0,2337.9,1,0,0.0,2337.9,1,0,0.0,0
LGS2ORD0019887,C015491,2025-06-07 12:00:00,Male,38,Bronze,CallCenter,Chiang Mai,1488,Shopee,COD,12,6,5,1,30-40,49.6,8.0,1.0,0.125,137,0,5738.847500000001,0.23,0.5,0.125,0.0,1763.09,1,0,0.0,28888.38,3,0,0.0,35626.02,6,0,0.0,45910.780000000006,8,1,0.125,0
LGS2ORD0019888,C010594,2025-06-07 12:00:00,Male,24,Silver,Lazada,Chonburi,1400,Web,Credit_Card,12,6,5,1,20-30,46.666666666666664,3.0,1.0,0.3333333333333333,51,63,4873.68,0.3,0.6666666666666666,0.3333333333333333,0.0,0.0,0,0,0.0,0.0,0,0,0.0,13416.080000000002,2,1,0.5,14621.04,3,1,0.3333333333333333,0
LGS2ORD0019889,C015437,2025-06-07 12:00:00,Female,41,Gold,Web,Bangkok,696,TV_Show,PromptPay,12,6,5,1,40-50,23.2,5.0,1.0,0.2,141,17,7358.31,0.28,0.8,0.2,0.0,0.0,0,0,0.0,9077.73,1,0,0.0,19253.36,2,0,0.0,36791.55,5,1,0.2,0
LGS2ORD0019890,C011419,2025-06-07 12:00:00,Female,18,Silver,CallCenter,Bangkok,1378,TV_Show,Credit_Card,12,6,5,1,<20,45.93333333333333,3.0,0.0,0.0,-1,3,2449.14,0.2,0.6666666666666666,0.0,0.0,1851.37,1,0,0.0,1851.37,1,0,0.0,1851.37,1,0,0.0,7347.42,3,0,0.0,1
LGS2ORD0019891,C012827,2025-06-07 12:00:00,Female,47,Bronze,CallCenter,Songkhla,875,Shopee,Bank_Transfer,12,6,5,1,40-50,29.166666666666668,4.0,2.0,0.5,51,2,3212.8975000000005,0.23,0.75,0.25,0.0,4088.43,1,0,0.0,4088.43,1,0,0.0,5011.63,2,1,0.5,12851.590000000002,4,2,0.5,0
LGS2ORD0019892,C016591,2025-06-07 13:00:00,Male,34,Bronze,Shopee,Remote_Area,887,CallCenter,Credit_Card,13,6,5,1,30-40,29.566666666666666,4.0,2.0,0.5,28,34,4155.1775,0.18,0.5,0.0,0.0,0.0,0,0,0.0,0.0,0,0,0.0,16620.71,4,2,0.5,16620.71,4,2,0.5,0
LGS2ORD0019893,C012855,2025-06-07 13:00:00,Male,35,Bronze,Shopee,Chiang Mai,921,TV_Show,PromptPay,13,6,5,1,30-40,30.7,2.0,0.0,0.0,-1,86,11584.495,0.18,0.5,0.0,0.0,0.0,0,0,0.0,0.0,0,0,0.0,21219.25,1,0,0.0,23168.99,2,0,0.0,0
LGS2ORD0019894,C012167,2025-06-07 13:00:00,Male,35,Gold,Lazada,Bangkok,682,CallCenter,Bank_Transfer,13,6,5,1,30-40,22.733333333333334,3.0,0.0,0.0,-1,30,3471.92,0.2299999999999999,0.3333333333333333,0.6666666666666666,0.0,0.0,0,0,0.0,0.0,0,0,0.0,6993.43,1,0,0.0,10415.76,3,0,0.0,0
LGS2ORD0019895,C010300,2025-06-07 13:00:00,Female,41,Bronze,TV,Bangkok,860,Lazada,PromptPay,13,6,5,1,40-50,28.666666666666668,2.0,0.0,0.0,-1,26,6029.99,0.23,0.5,0.5,0.0,0.0,0,0,0.0,9280.21,1,0,0.0,12059.98,2,0,0.0,12059.98,2,0,0.0,0
LGS2ORD0019896,C014925,2025-06-07 13:00:00,Male,46,Silver,Shopee,Nakhon Ratchasima,1345,Web,COD,13,6,5,1,40-50,44.833333333333336,2.0,0.0,0.0,-1,46,2634.355,0.25,1.0,0.5,0.0,0.0,0,0,0.0,0.0,0,0,0.0,5268.71,2,0,0.0,5268.71,2,0,0.0,1
LGS2ORD0019897,C010178,2025-06-07 14:00:00,Male,46,Bronze,Lazada,Songkhla,525,Web,COD,14,6,5,1,40-50,17.5,2.0,0.0,0.0,-1,67,3510.94,0.08,1.0,0.0,0.0,0.0,0,0,0.0,0.0,0,0,0.0,4741.17,1,0,0.0,7021.88,2,0,0.0,1
LGS2ORD0019898,C017893,2025-06-07 14:00:00,Female,61,Bronze,Lazada,Chiang Mai,1327,Shopee,Credit_Card,14,6,5,1,>50,44.233333333333334,0.0,0.0,0.0,-1,-1,0.0,0.0,0.0,0.0,0.0,0.0,0,0,0.0,0.0,0,0,0.0,0.0,0,0,0.0,0.0,0,0,0.0,0
LGS2ORD0019899,C017243,2025-06-07 14:00:00,Male,56,Platinum,Web,Phuket,710,Shopee,Credit_Card,14,6,5,1,>50,23.666666666666668,1.0,0.0,0.0,-1,137,2522.03,0.25,0.0,1.0,0.0,0.0,0,0,0.0,0.0,0,0,0.0,0.0,0,0,0.0,2522.03,1,0,0.0,1
LGS2ORD0019900,C016456,2025-06-07 14:00:00,Male,62,Bronze,TV,Remote_Area,932,Web,Credit_Card,14,6,5,1,>50,31.066666666666666,2.0,1.0,0.5,140,81,2955.84,0.23,0.5,0.5,0.0,0.0,0,0,0.0,0.0,0,0,0.0,4273.52,1,0,0.0,5911.68,2,1,0.5,0
LGS2ORD0019901,C015535,2025-06-07 14:00:00,Female,50,Silver,Shopee,Songkhla,584,Lazada,PromptPay,14,6,5,1,40-50,19.466666666666665,2.0,0.0,0.0,-1,32,1970.745,0.3,0.5,0.5,0.0,0.0,0,0,0.0,0.0,0,0,0.0,3941.49,2,0,0.0,3941.49,2,0,0.0,1
LGS2ORD0019902,C017985,2025-06-07 14:00:00,Female,48,Gold,Shopee,Phuket,1230,Web,COD,14,6,5,1,40-50,41.0,2.0,1.0,0.5,40,47,13065.73,0.28,0.0,1.0,0.0,0.0,0,0,0.0,0.0,0,0,0.0,26131.46,2,1,0.5,26131.46,2,1,0.5,1
LGS2ORD0019903,C017927,2025-06-07 15:00:00,Male,46,Bronze,Lazada,Bangkok,893,Shopee,Credit_Card,15,6,5,1,40-50,29.766666666666666,1.0,0.0,0.0,-1,110,13472.82,0.08,0.0,0.0,0.0,0.0,0,0,0.0,0.0,0,0,0.0,0.0,0,0,0.0,13472.82,1,0,0.0,0
LGS2ORD0019904,C010828,2025-06-07 15:00:00,Male,39,Bronze,Shopee,Remote_Area,1183,Shopee,COD,15,6,5,1,30-40,39.43333333333333,3.0,0.0,0.0,-1,14,6944.389999999999,0.28,0.0,0.3333333333333333,0.0,0.0,0,0,0.0,16274.09,1,0,0.0,17784.48,2,0,0.0,20833.17,3,0,0.0,1
LGS2ORD0019905,C011113,2025-06-07 15:00:00,Female,44,Bronze,TV,Nakhon Ratchasima,1491,Lazada,Credit_Card,15,6,5,1,40-50,49.7,3.0,1.0,0.3333333333333333,30,40,4584.456666666667,0.13,0.6666666666666666,0.0,0.0,0.0,0,0,0.0,0.0,0,0,0.0,3215.69,1,1,1.0,13753.37,3,1,0.3333333333333333,0
LGS2ORD0019906,C011047,2025-06-07 15:00:00,Female,26,Silver,Lazada,Bangkok,1232,CallCenter,Credit_Card,15,6,5,1,20-30,41.06666666666667,3.0,1.0,0.3333333333333333,20,4,4296.61,0.2,0.6666666666666666,0.0,0.0,1431.51,1,0,0.0,8574.63,2,1,0.5,8574.63,2,1,0.5,12889.83,3,1,0.3333333333333333,1
LGS2ORD0019907,C015635,2025-06-07 15:00:00,Male,26,Bronze,TV,Chonburi,466,CallCenter,COD,15,6,5,1,20-30,15.533333333333333,2.0,1.0,0.5,34,40,1490.7350000000001,0.18,1.0,0.0,0.0,0.0,0,0,0.0,0.0,0,0,0.0,2981.4700000000003,2,1,0.5,2981.4700000000003,2,1,0.5,0
LGS2ORD0019908,C013025,2025-06-07 16:00:00,Female,55,Bronze,TV,Khon Kaen,686,TV_Show,Bank_Transfer,16,6,5,1,>50,22.866666666666667,1.0,0.0,0.0,-1,5,2831.22,0.28,0.0,1.0,0.0,2831.22,1,0,0.0,2831.22,1,0,0.0,2831.22,1,0,0.0,2831.22,1,0,0.0,0
LGS2ORD0019909,C013440,2025-06-07 16:00:00,Female,48,Silver,Shopee,Bangkok,1160,Shopee,Credit_Card,16,6,5,1,40-50,38.666666666666664,1.0,0.0,0.0,-1,61,2135.02,0.1,1.0,0.0,0.0,0.0,0,0,0.0,0.0,0,0,0.0,2135.02,1,0,0.0,2135.02,1,0,0.0,1
LGS2ORD0019910,C010569,2025-06-07 16:00:00,Female,34,Gold,CallCenter,Bangkok,878,Web,Credit_Card,16,6,5,1,30-40,29.266666666666666,3.0,0.0,0.0,-1,92,2883.793333333333,0.28,0.3333333333333333,0.3333333333333333,0.0,0.0,0,0,0.0,0.0,0,0,0.0,0.0,0,0,0.0,8651.38,3,0,0.0,0
LGS2ORD0019911,C016865,2025-06-07 16:00:00,Male,30,Gold,Web,Bangkok,1146,Lazada,COD,16,6,5,1,20-30,38.2,3.0,1.0,0.3333333333333333,59,36,6813.913333333333,0.28,0.6666666666666666,0.6666666666666666,0.0,0.0,0,0,0.0,0.0,0,0,0.0,9458.529999999999,2,1,0.5,20441.739999999998,3,1,0.3333333333333333,0
LGS2ORD0019912,C015620,2025-06-07 16:00:00,Male,45,Silver,Lazada,Khon Kaen,444,Shopee,COD,16,6,5,1,40-50,14.8,1.0,0.0,0.0,-1,7,1505.28,0.1,0.0,0.0,0.0,0.0,0,0,0.0,1505.28,1,0,0.0,1505.28,1,0,0.0,1505.28,1,0,0.0,1
LGS2ORD0019913,C012278,2025-06-07 17:00:00,Male,31,Bronze,Shopee,Remote_Area,1182,Web,COD,17,6,5,1,30-40,39.4,2.0,1.0,0.5,7,16,5273.68,0.23,0.0,0.5,0.0,0.0,0,0,0.0,1673.5,1,1,1.0,1673.5,1,1,1.0,10547.36,2,1,0.5,1
LGS2ORD0019914,C011713,2025-06-07 17:00:00,Male,57,Platinum,Shopee,Khon Kaen,720,TV_Show,PromptPay,17,6,5,1,>50,24.0,7.0,4.0,0.5714285714285714,0,15,6077.682857142859,0.25,0.5714285714285714,0.5714285714285714,0.0,0.0,0,0,0.0,2658.38,2,1,0.5,10798.59,4,2,0.5,42543.78000000001,7,4,0.5714285714285714,0
LGS2ORD0019915,C017204,2025-06-07 17:00:00,Female,45,Bronze,Lazada,Chonburi,452,Web,Bank_Transfer,17,6,5,1,40-50,15.066666666666666,6.0,1.0,0.16666666666666666,126,13,3171.5766666666673,0.28,0.5,0.3333333333333333,0.0,0.0,0,0,0.0,5673.62,3,0,0.0,5673.62,3,0,0.0,19029.460000000003,6,1,0.16666666666666666,0
LGS2ORD0019916,C014589,2025-06-07 17:00:00,Female,26,Bronze,Web,Bangkok,1308,CallCenter,Credit_Card,17,6,5,1,20-30,43.6,4.0,0.0,0.0,-1,18,2601.87,0.23,0.0,0.25,0.0,0.0,0,0,0.0,6207.97,2,0,0.0,9945.79,3,0,0.0,10407.48,4,0,0.0,0
LGS2ORD0019917,C011639,2025-06-07 17:00:00,Male,33,Gold,TV,Nakhon Ratchasima,530,TV_Show,PromptPay,17,6,5,1,30-40,17.666666666666668,1.0,0.0,0.0,-1,121,18800.65,0.18,1.0,0.0,0.0,0.0,0,0,0.0,0.0,0,0,0.0,0.0,0,0,0.0,18800.65,1,0,0.0,1
LGS2ORD0019918,C017898,2025-06-07 18:00:00,Female,45,Bronze,TV,Bangkok,1005,TV_Show,COD,18,6,5,1,40-50,33.5,5.0,2.0,0.4,-8,0,2464.1760000000004,0.23,0.8,0.2,0.0,3076.5,1,1,1.0,3076.5,1,1,1.0,5619.6900000000005,3,2,0.6666666666666666,12320.880000000001,5,2,0.4,0
LGS2ORD0019919,C017282,2025-06-07 18:00:00,Other,24,Silver,TV,Khon Kaen,332,CallCenter,Bank_Transfer,18,6,5,1,20-30,11.066666666666666,1.0,1.0,1.0,67,75,25866.3,0.05,0.0,0.0,0.0,0.0,0,0,0.0,0.0,0,0,0.0,25866.3,1,1,1.0,25866.3,1,1,1.0,0
LGS2ORD0019920,C014362,2025-06-07 18:00:00,Male,48,Gold,TV,Songkhla,781,Web,PromptPay,18,6,5,1,40-50,26.033333333333335,2.0,1.0,0.5,136,4,4732.1,0.28,0.5,0.5,0.0,7040.67,1,0,0.0,7040.67,1,0,0.0,7040.67,1,0,0.0,9464.2,2,1,0.5,0
LGS2ORD0019921,C012307,2025-06-07 18:00:00,Male,49,Bronze,TV,Phuket,1445,TV_Show,COD,18,6,5,1,40-50,48.166666666666664,3.0,0.0,0.0,-1,26,2074.0066666666667,0.08,0.6666666666666666,0.0,0.0,0.0,0,0,0.0,1836.63,1,0,0.0,1836.63,1,0,0.0,6222.02,3,0,0.0,0
LGS2ORD0019922,C014347,2025-06-07 18:00:00,Male,27,Bronze,TV,Chonburi,839,TV_Show,PromptPay,18,6,5,1,20-30,27.966666666666665,2.0,0.0,0.0,-1,35,13487.945,0.03,0.5,0.0,0.0,0.0,0,0,0.0,0.0,0,0,0.0,23096.15,1,0,0.0,26975.89,2,0,0.0,0
LGS2ORD0019923,C015426,2025-06-07 18:00:00,Male,51,Bronze,Shopee,Songkhla,645,TV_Show,COD,18,6,5,1,>50,21.5,2.0,0.0,0.0,-1,23,14684.09,0.08,0.5,0.0,0.0,0.0,0,0,0.0,8946.01,1,0,0.0,29368.18,2,0,0.0,29368.18,2,0,0.0,1
LGS2ORD0019924,C011994,2025-06-07 19:00:00,Male,47,Silver,TV,Chonburi,965,Shopee,COD,19,6,5,1,40-50,32.166666666666664,6.0,1.0,0.16666666666666666,49,8,3552.3799999999997,0.3,0.8333333333333334,0.3333333333333333,0.0,0.0,0,0,0.0,9890.47,1,0,0.0,14173.689999999999,2,1,0.5,21314.28,6,1,0.16666666666666666,0
LGS2ORD0019925,C013652,2025-06-07 19:00:00,Other,34,Silver,Web,Chonburi,784,CallCenter,COD,19,6,5,1,30-40,26.133333333333333,6.0,1.0,0.16666666666666666,133,66,8140.965,0.25,0.6666666666666666,0.16666666666666666,0.0,0.0,0,0,0.0,0.0,0,0,0.0,28396.660000000003,4,0,0.0,48845.79,6,1,0.16666666666666666,1
LGS2ORD0019926,C013856,2025-06-07 19:00:00,Female,53,Silver,Web,Bangkok,741,Shopee,COD,19,6,5,1,>50,24.7,2.0,2.0,1.0,24,33,2698.215,0.2,0.5,0.0,0.0,0.0,0,0,0.0,0.0,0,0,0.0,5396.43,2,2,1.0,5396.43,2,2,1.0,0
LGS2ORD0019927,C013780,2025-06-07 19:00:00,Other,20,Bronze,Web,Nakhon Ratchasima,770,CallCenter,COD,19,6,5,1,<20,25.666666666666668,3.0,0.0,0.0,-1,27,2917.8700000000003,0.28,0.6666666666666666,0.3333333333333333,0.0,0.0,0,0,0.0,2687.87,1,0,0.0,3695.64,2,0,0.0,8753.61,3,0,0.0,1
LGS2ORD0019928,C010198,2025-06-07 19:00:00,Male,72,Silver,Lazada,Bangkok,1536,Web,COD,19,6,5,1,>50,51.2,3.0,1.0,0.3333333333333333,92,29,4725.533333333334,0.25,1.0,0.3333333333333333,0.0,0.0,0,0,0.0,12358.04,1,0,0.0,12358.04,1,0,0.0,14176.6,3,1,0.3333333333333333,0
LGS2ORD0019929,C012833,2025-06-07 20:00:00,Female,54,Bronze,Web,Nakhon Ratchasima,829,TV_Show,Credit_Card,20,6,5,1,>50,27.633333333333333,2.0,0.0,0.0,-1,9,5354.875,0.28,0.5,0.5,0.0,0.0,0,0,0.0,6886.2,1,0,0.0,10709.75,2,0,0.0,10709.75,2,0,0.0,0
LGS2ORD0019930,C011220,2025-06-07 20:00:00,Male,71,Bronze,CallCenter,Bangkok,778,TV_Show,PromptPay,20,6,5,1,>50,25.933333333333334,2.0,0.0,0.0,-1,98,4874.335,0.08,0.0,0.0,0.0,0.0,0,0,0.0,0.0,0,0,0.0,0.0,0,0,0.0,9748.67,2,0,0.0,1
LGS2ORD0019931,C017590,2025-06-07 20:00:00,Female,51,Bronze,Shopee,Chonburi,631,Web,COD,20,6,5,1,>50,21.033333333333335,2.0,1.0,0.5,11,23,3539.365,0.18,0.5,0.0,0.0,0.0,0,0,0.0,6322.83,1,1,1.0,7078.73,2,1,0.5,7078.73,2,1,0.5,0
LGS2ORD0019932,C011683,2025-06-07 20:00:00,Female,36,Bronze,Web,Songkhla,639,Lazada,COD,20,6,5,1,30-40,21.3,0.0,0.0,0.0,-1,-1,0.0,0.0,0.0,0.0,0.0,0.0,0,0,0.0,0.0,0,0,0.0,0.0,0,0,0.0,0.0,0,0,0.0,0
LGS2ORD0019933,C010875,2025-06-07 20:00:00,Male,54,Bronze,CallCenter,Chonburi,847,Shopee,PromptPay,20,6,5,1,>50,28.233333333333334,6.0,1.0,0.16666666666666666,64,11,3093.025,0.18,0.5,0.0,0.0,0.0,0,0,0.0,1915.9,1,0,0.0,10311.449999999999,4,1,0.25,18558.15,6,1,0.16666666666666666,0
LGS2ORD0019934,C011263,2025-06-07 21:00:00,Female,47,Silver,Shopee,Remote_Area,924,CallCenter,Credit_Card,21,6,5,1,40-50,30.8,5.0,3.0,0.6,-5,2,2499.6859999999997,0.3,0.6,0.4,0.0,655.58,1,1,1.0,3385.39,2,1,0.5,7913.529999999999,4,2,0.5,12498.429999999998,5,3,0.6,1
LGS2ORD0019935,C010984,2025-06-07 21:00:00,Female,60,Bronze,Shopee,Bangkok,304,Web,Credit_Card,21,6,5,1,>50,10.133333333333333,0.0,0.0,0.0,-1,-1,0.0,0.0,0.0,0.0,0.0,0.0,0,0,0.0,0.0,0,0,0.0,0.0,0,0,0.0,0.0,0,0,0.0,0
LGS2ORD0019936,C013049,2025-06-07 21:00:00,Male,23,Bronze,Web,Songkhla,1526,Web,COD,21,6,5,1,20-30,50.86666666666667,4.0,1.0,0.25,131,66,7942.044999999999,0.23,0.25,0.25,0.0,0.0,0,0,0.0,0.0,0,0,0.0,3297.35,2,0,0.0,31768.179999999997,4,1,0.25,0
LGS2ORD0019937,C013018,2025-06-07 21:00:00,Male,47,Bronze,TV,Chiang Mai,519,Shopee,COD,21,6,5,1,40-50,17.3,2.0,0.0,0.0,-1,22,10984.33,0.18,0.0,0.0,0.0,0.0,0,0,0.0,12694.07,1,0,0.0,21968.66,2,0,0.0,21968.66,2,0,0.0,1
LGS2ORD0019938,C012253,2025-06-07 21:00:00,Other,41,Silver,Web,Chonburi,945,Lazada,Bank_Transfer,21,6,5,1,40-50,31.5,2.0,0.0,0.0,-1,71,4934.665,0.2,0.5,0.0,0.0,0.0,0,0,0.0,0.0,0,0,0.0,5000.35,1,0,0.0,9869.33,2,0,0.0,0
LGS2ORD0019939,C016183,2025-06-07 21:00:00,Male,38,Silver,Web,Chiang Mai,1493,Shopee,COD,21,6,5,1,30-40,49.766666666666666,2.0,0.0,0.0,-1,77,1020.095,0.25,0.0,0.5,0.0,0.0,0,0,0.0,0.0,0,0,0.0,1620.9,1,0,0.0,2040.19,2,0,0.0,0
LGS2ORD0019940,C015735,2025-06-07 22:00:00,Female,37,Bronze,TV,Nakhon Ratchasima,1554,Lazada,COD,22,6,5,1,30-40,51.8,1.0,0.0,0.0,-1,96,5925.64,0.08,0.0,0.0,0.0,0.0,0,0,0.0,0.0,0,0,0.0,0.0,0,0,0.0,5925.64,1,0,0.0,1
LGS2ORD0019941,C015436,2025-06-07 22:00:00,Male,44,Silver,Lazada,Nakhon Ratchasima,1101,Web,Credit_Card,22,6,5,1,40-50,36.7,3.0,0.0,0.0,-1,51,8764.69,0.25,0.6666666666666666,0.3333333333333333,0.0,0.0,0,0,0.0,0.0,0,0,0.0,20217.59,1,0,0.0,26294.07,3,0,0.0,1
LGS2ORD0019942,C012062,2025-06-07 22:00:00,Male,25,Silver,Web,Chonburi,1533,TV_Show,PromptPay,22,6,5,1,20-30,51.1,3.0,0.0,0.0,-1,34,6032.566666666667,0.2,0.0,0.0,0.0,0.0,0,0,0.0,0.0,0,0,0.0,10556.810000000001,2,0,0.0,18097.7,3,0,0.0,0
LGS2ORD0019943,C011915,2025-06-07 22:00:00,Female,40,Platinum,Shopee,Bangkok,1358,CallCenter,COD,22,6,5,1,30-40,45.266666666666666,1.0,0.0,0.0,-1,22,13124.89,0.1,0.0,0.0,0.0,0.0,0,0,0.0,13124.89,1,0,0.0,13124.89,1,0,0.0,13124.89,1,0,0.0,0
LGS2ORD0019944,C016677,2025-06-07 22:00:00,Female,37,Silver,Web,Chiang Mai,253,CallCenter,Credit_Card,22,6,5,1,30-40,8.433333333333334,0.0,0.0,0.0,-1,-1,0.0,0.0,0.0,0.0,0.0,0.0,0,0,0.0,0.0,0,0,0.0,0.0,0,0,0.0,0.0,0,0,0.0,0
LGS2ORD0019945,C016976,2025-06-07 23:00:00,Male,54,Gold,Web,Khon Kaen,566,Lazada,Credit_Card,23,6,5,1,>50,18.866666666666667,1.0,0.0,0.0,-1,124,5569.21,0.08,1.0,0.0,0.0,0.0,0,0,0.0,0.0,0,0,0.0,0.0,0,0,0.0,5569.21,1,0,0.0,0
LGS2ORD0019946,C013807,2025-06-07 23:00:00,Female,32,Gold,Shopee,Chiang Mai,555,Shopee,COD,23,6,5,1,30-40,18.5,1.0,0.0,0.0,-1,152,14943.01,0.2299999999999999,0.0,1.0,0.0,0.0,0,0,0.0,0.0,0,0,0.0,0.0,0,0,0.0,14943.01,1,0,0.0,0
LGS2ORD0019947,C010812,2025-06-07 23:00:00,Female,49,Bronze,Lazada,Bangkok,744,Lazada,Credit_Card,23,6,5,1,40-50,24.8,1.0,0.0,0.0,-1,59,4434.1,0.03,1.0,0.0,0.0,0.0,0,0,0.0,0.0,0,0,0.0,4434.1,1,0,0.0,4434.1,1,0,0.0,0
LGS2ORD0019948,C014188,2025-06-07 23:00:00,Female,62,Silver,Shopee,Khon Kaen,892,TV_Show,Bank_Transfer,23,6,5,1,>50,29.733333333333334,2.0,0.0,0.0,-1,40,12517.36,0.25,0.5,0.5,0.0,0.0,0,0,0.0,0.0,0,0,0.0,21517.11,1,0,0.0,25034.72,2,0,0.0,0
LGS2ORD0019949,C011575,2025-06-07 23:00:00,Female,36,Bronze,TV,Chiang Mai,1269,Shopee,COD,23,6,5,1,30-40,42.3,4.0,2.0,0.5,56,44,2233.66,0.23,0.5,0.5,0.0,0.0,0,0,0.0,0.0,0,0,0.0,4224.14,2,1,0.5,8934.64,4,2,0.5,0
LGS2ORD0019950,C010170,2025-06-08 00:00:00,Male,36,Silver,Lazada,Bangkok,809,Shopee,COD,0,6,6,1,30-40,26.966666666666665,3.0,0.0,0.0,-1,14,1990.6666666666667,0.15,0.0,0.0,0.0,0.0,0,0,0.0,4507.45,1,0,0.0,5972.0,3,0,0.0,5972.0,3,0,0.0,0
LGS2ORD0019951,C011529,2025-06-08 00:00:00,Female,39,Bronze,Shopee,Chiang Mai,1456,Lazada,Credit_Card,0,6,6,1,30-40,48.53333333333333,1.0,0.0,0.0,-1,18,15090.09,0.08,0.0,0.0,0.0,0.0,0,0,0.0,15090.09,1,0,0.0,15090.09,1,0,0.0,15090.09,1,0,0.0,0
LGS2ORD0019952,C011554,2025-06-08 00:00:00,Male,40,Bronze,TV,Remote_Area,799,Web,COD,0,6,6,1,30-40,26.633333333333333,6.0,1.0,0.16666666666666666,51,36,2483.06,0.28,0.8333333333333334,0.6666666666666666,0.0,0.0,0,0,0.0,0.0,0,0,0.0,13575.45,4,1,0.25,14898.36,6,1,0.16666666666666666,0
LGS2ORD0019953,C011484,2025-06-08 00:00:00,Male,36,Silver,Web,Chiang Mai,1132,Lazada,Credit_Card,0,6,6,1,30-40,37.733333333333334,1.0,0.0,0.0,-1,66,2224.78,0.2,0.0,0.0,0.0,0.0,0,0,0.0,0.0,0,0,0.0,2224.78,1,0,0.0,2224.78,1,0,0.0,0
LGS2ORD0019954,C015919,2025-06-08 00:00:00,Male,60,Silver,Shopee,Chiang Mai,1139,Lazada,Credit_Card,0,6,6,1,>50,37.96666666666667,3.0,0.0,0.0,-1,38,6566.29,0.25,0.3333333333333333,0.3333333333333333,0.0,0.0,0,0,0.0,0.0,0,0,0.0,19698.87,3,0,0.0,19698.87,3,0,0.0,0
LGS2ORD0019955,C016393,2025-06-08 01:00:00,Other,36,Silver,Lazada,Songkhla,862,Shopee,COD,1,6,6,1,30-40,28.733333333333334,1.0,0.0,0.0,-1,71,3108.87,0.1,0.0,0.0,0.0,0.0,0,0,0.0,0.0,0,0,0.0,3108.87,1,0,0.0,3108.87,1,0,0.0,0
LGS2ORD0019956,C011520,2025-06-08 01:00:00,Male,59,Bronze,Shopee,Songkhla,1399,Lazada,Credit_Card,1,6,6,1,>50,46.63333333333333,4.0,1.0,0.25,28,24,4192.3825,0.28,0.5,0.5,0.0,0.0,0,0,0.0,2866.17,1,0,0.0,12015.73,3,1,0.3333333333333333,16769.53,4,1,0.25,0
LGS2ORD0019957,C017206,2025-06-08 01:00:00,Male,49,Bronze,Lazada,Bangkok,762,Lazada,COD,1,6,6,1,40-50,25.4,2.0,0.0,0.0,-1,11,7551.335,0.08,0.0,0.0,0.0,0.0,0,0,0.0,5051.41,1,0,0.0,15102.67,2,0,0.0,15102.67,2,0,0.0,0
LGS2ORD0019958,C015558,2025-06-08 01:00:00,Female,43,Gold,TV,Bangkok,226,Lazada,COD,1,6,6,1,40-50,7.533333333333333,4.0,1.0,0.25,44,44,4570.9125,0.33,0.5,0.5,0.0,0.0,0,0,0.0,0.0,0,0,0.0,16989.809999999998,3,1,0.3333333333333333,18283.65,4,1,0.25,0
LGS2ORD0019959,C013269,2025-06-08 01:00:00,Male,38,Silver,Lazada,Bangkok,1287,Lazada,PromptPay,1,6,6,1,30-40,42.9,0.0,0.0,0.0,-1,-1,0.0,0.0,0.0,0.0,0.0,0.0,0,0,0.0,0.0,0,0,0.0,0.0,0,0,0.0,0.0,0,0,0.0,0
LGS2ORD0019960,C011202,2025-06-08 01:00:00,Other,58,Bronze,Web,Khon Kaen,887,Shopee,COD,1,6,6,1,>50,29.566666666666666,3.0,0.0,0.0,-1,15,1201.3933333333334,0.23,0.3333333333333333,0.3333333333333333,0.0,0.0,0,0,0.0,538.49,1,0,0.0,538.49,1,0,0.0,3604.1800000000003,3,0,0.0,0
LGS2ORD0019961,C014723,2025-06-08 02:00:00,Female,57,Platinum,TV,Bangkok,747,Web,COD,2,6,6,1,>50,24.9,2.0,1.0,0.5,118,59,13020.585,0.15,0.5,0.0,0.0,0.0,0,0,0.0,0.0,0,0,0.0,23827.03,1,0,0.0,26041.17,2,1,0.5,0
LGS2ORD0019962,C017002,2025-06-08 02:00:00,Female,40,Bronze,Lazada,Bangkok,337,Lazada,COD,2,6,6,1,30-40,11.233333333333333,3.0,0.0,0.0,-1,98,4600.053333333332,0.18,0.6666666666666666,0.0,0.0,0.0,0,0,0.0,0.0,0,0,0.0,0.0,0,0,0.0,13800.159999999998,3,0,0.0,0
LGS2ORD0019963,C016273,2025-06-08 02:00:00,Female,55,Gold,TV,Phuket,197,Lazada,COD,2,6,6,1,>50,6.566666666666666,3.0,1.0,0.3333333333333333,94,33,9010.92,0.28,0.3333333333333333,0.6666666666666666,0.0,0.0,0,0,0.0,0.0,0,0,0.0,22769.12,2,0,0.0,27032.76,3,1,0.3333333333333333,1
LGS2ORD0019964,C015022,2025-06-08 02:00:00,Male,43,Gold,Web,Bangkok,1551,CallCenter,COD,2,6,6,1,40-50,51.7,0.0,0.0,0.0,-1,-1,0.0,0.0,0.0,0.0,0.0,0.0,0,0,0.0,0.0,0,0,0.0,0.0,0,0,0.0,0.0,0,0,0.0,1
LGS2ORD0019965,C013866,2025-06-08 02:00:00,Female,30,Bronze,TV,Khon Kaen,1497,Lazada,COD,2,6,6,1,20-30,49.9,4.0,1.0,0.25,68,58,4185.805,0.08,0.5,0.0,0.0,0.0,0,0,0.0,0.0,0,0,0.0,11823.769999999999,3,1,0.3333333333333333,16743.22,4,1,0.25,0
LGS2ORD0019966,C016365,2025-06-08 03:00:00,Male,43,Bronze,TV,Khon Kaen,1333,Lazada,Credit_Card,3,6,6,1,40-50,44.43333333333333,4.0,2.0,0.5,85,10,6834.687500000001,0.23,1.0,0.25,0.0,0.0,0,0,0.0,4282.27,1,0,0.0,4282.27,1,0,0.0,27338.750000000004,4,2,0.5,0
LGS2ORD0019967,C016659,2025-06-08 03:00:00,Female,52,Gold,Web,Songkhla,396,Web,COD,3,6,6,1,>50,13.2,3.0,2.0,0.6666666666666666,81,92,2620.4733333333334,0.33,0.6666666666666666,0.6666666666666666,0.0,0.0,0,0,0.0,0.0,0,0,0.0,0.0,0,0,0.0,7861.42,3,2,0.6666666666666666,1
LGS2ORD0019968,C013618,2025-06-08 03:00:00,Male,18,Platinum,Web,Chiang Mai,319,TV_Show,PromptPay,3,6,6,1,<20,10.633333333333333,2.0,1.0,0.5,142,51,10235.145,0.25,0.0,0.5,0.0,0.0,0,0,0.0,0.0,0,0,0.0,16520.38,1,0,0.0,20470.29,2,1,0.5,1
LGS2ORD0019969,C014394,2025-06-08 03:00:00,Male,42,Platinum,TV,Nakhon Ratchasima,1234,TV_Show,COD,3,6,6,1,40-50,41.13333333333333,7.0,1.0,0.14285714285714285,38,10,1932.794285714286,0.35,0.42857142857142855,0.2857142857142857,0.0,0.0,0,0,0.0,1573.44,1,0,0.0,10206.49,5,1,0.2,13529.560000000001,7,1,0.14285714285714285,0
LGS2ORD0019970,C014403,2025-06-08 03:00:00,Male,57,Gold,CallCenter,Khon Kaen,177,Web,COD,3,6,6,1,>50,5.9,2.0,0.0,0.0,-1,55,2548.44,0.33,1.0,0.5,0.0,0.0,0,0,0.0,0.0,0,0,0.0,1778.28,1,0,0.0,5096.88,2,0,0.0,1
LGS2ORD0019971,C013903,2025-06-08 04:00:00,Male,49,Bronze,TV,Remote_Area,1450,Lazada,COD,4,6,6,1,40-50,48.333333333333336,1.0,0.0,0.0,-1,40,2218.7,0.23,1.0,1.0,0.0,0.0,0,0,0.0,0.0,0,0,0.0,2218.7,1,0,0.0,2218.7,1,0,0.0,0
LGS2ORD0019972,C013602,2025-06-08 04:00:00,Male,38,Bronze,Web,Chonburi,907,Shopee,Credit_Card,4,6,6,1,30-40,30.233333333333334,0.0,0.0,0.0,-1,-1,0.0,0.0,0.0,0.0,0.0,0.0,0,0,0.0,0.0,0,0,0.0,0.0,0,0,0.0,0.0,0,0,0.0,0
LGS2ORD0019973,C012074,2025-06-08 04:00:00,Male,18,Bronze,Lazada,Remote_Area,757,Shopee,Credit_Card,4,6,6,1,<20,25.233333333333334,1.0,1.0,1.0,119,125,1990.84,0.08,1.0,0.0,0.0,0.0,0,0,0.0,0.0,0,0,0.0,0.0,0,0,0.0,1990.84,1,1,1.0,0
LGS2ORD0019974,C011134,2025-06-08 04:00:00,Male,36,Silver,Lazada,Chonburi,1176,Lazada,COD,4,6,6,1,30-40,39.2,2.0,0.0,0.0,-1,27,7113.865,0.05,0.5,0.0,0.0,0.0,0,0,0.0,10651.42,1,0,0.0,14227.73,2,0,0.0,14227.73,2,0,0.0,1
LGS2ORD0019975,C010813,2025-06-08 04:00:00,Other,37,Bronze,TV,Nakhon Ratchasima,1076,Lazada,COD,4,6,6,1,30-40,35.86666666666667,3.0,0.0,0.0,-1,22,7867.003333333333,0.13,0.3333333333333333,0.0,0.0,0.0,0,0,0.0,789.62,1,0,0.0,1649.25,2,0,0.0,23601.01,3,0,0.0,0
LGS2ORD0019976,C013910,2025-06-08 05:00:00,Male,33,Silver,Lazada,Chiang Mai,835,TV_Show,Credit_Card,5,6,6,1,30-40,27.833333333333332,2.0,0.0,0.0,-1,13,5421.66,0.1,0.5,0.0,0.0,0.0,0,0,0.0,3309.46,1,0,0.0,10843.32,2,0,0.0,10843.32,2,0,0.0,0
LGS2ORD0019977,C013829,2025-06-08 05:00:00,Female,66,Bronze,Lazada,Bangkok,889,CallCenter,PromptPay,5,6,6,1,>50,29.633333333333333,3.0,1.0,0.3333333333333333,55,18,6883.626666666667,0.28,1.0,0.3333333333333333,0.0,0.0,0,0,0.0,15231.69,1,0,0.0,20650.88,3,1,0.3333333333333333,20650.88,3,1,0.3333333333333333,0
LGS2ORD0019978,C014471,2025-06-08 05:00:00,Male,44,Gold,Web,Bangkok,1284,Web,Bank_Transfer,5,6,6,1,40-50,42.8,0.0,0.0,0.0,-1,-1,0.0,0.0,0.0,0.0,0.0,0.0,0,0,0.0,0.0,0,0,0.0,0.0,0,0,0.0,0.0,0,0,0.0,1
LGS2ORD0019979,C012479,2025-06-08 05:00:00,Female,35,Gold,Web,Bangkok,758,TV_Show,COD,5,6,6,1,30-40,25.266666666666666,2.0,1.0,0.5,20,30,1569.8600000000001,0.13,0.5,0.0,0.0,0.0,0,0,0.0,0.0,0,0,0.0,1291.02,1,1,1.0,3139.7200000000003,2,1,0.5,1
LGS2ORD0019980,C015435,2025-06-08 05:00:00,Female,36,Silver,TV,Phuket,278,Web,COD,5,6,6,1,30-40,9.266666666666667,3.0,1.0,0.3333333333333333,88,30,4775.326666666667,0.1,0.3333333333333333,0.0,0.0,0.0,0,0,0.0,0.0,0,0,0.0,11517.29,1,0,0.0,14325.980000000001,3,1,0.3333333333333333,0
LGS2ORD0019981,C014079,2025-06-08 05:00:00,Female,54,Bronze,Shopee,Remote_Area,1505,Lazada,COD,5,6,6,1,>50,50.166666666666664,1.0,0.0,0.0,-1,111,7759.48,0.28,1.0,1.0,0.0,0.0,0,0,0.0,0.0,0,0,0.0,0.0,0,0,0.0,7759.48,1,0,0.0,0
LGS2ORD0019982,C010558,2025-06-08 06:00:00,Male,35,Bronze,Shopee,Bangkok,226,TV_Show,Credit_Card,6,6,6,1,30-40,7.533333333333333,2.0,0.0,0.0,-1,64,607.705,0.18,0.0,0.0,0.0,0.0,0,0,0.0,0.0,0,0,0.0,400.71,1,0,0.0,1215.41,2,0,0.0,0
LGS2ORD0019983,C015296,2025-06-08 06:00:00,Female,39,Bronze,Shopee,Songkhla,661,Web,Credit_Card,6,6,6,1,30-40,22.033333333333335,3.0,1.0,0.3333333333333333,24,38,3227.25,0.23,0.6666666666666666,0.3333333333333333,0.0,0.0,0,0,0.0,0.0,0,0,0.0,5194.02,1,1,1.0,9681.75,3,1,0.3333333333333333,1
LGS2ORD0019984,C014558,2025-06-08 06:00:00,Male,39,Bronze,Web,Remote_Area,449,Web,COD,6,6,6,1,30-40,14.966666666666667,3.0,0.0,0.0,-1,52,2695.2599999999998,0.23,0.3333333333333333,0.3333333333333333,0.0,0.0,0,0,0.0,0.0,0,0,0.0,4517.03,2,0,0.0,8085.78,3,0,0.0,1
LGS2ORD0019985,C010147,2025-06-08 06:00:00,Male,50,Silver,TV,Songkhla,671,TV_Show,Credit_Card,6,6,6,1,40-50,22.366666666666667,4.0,0.0,0.0,-1,69,9813.859999999999,0.25,0.0,0.5,0.0,0.0,0,0,0.0,0.0,0,0,0.0,33858.56,1,0,0.0,39255.439999999995,4,0,0.0,0
LGS2ORD0019986,C012291,2025-06-08 06:00:00,Male,47,Bronze,Shopee,Chonburi,1268,Shopee,Credit_Card,6,6,6,1,40-50,42.266666666666666,1.0,1.0,1.0,64,77,1982.54,0.18,1.0,0.0,0.0,0.0,0,0,0.0,0.0,0,0,0.0,1982.54,1,1,1.0,1982.54,1,1,1.0,0
LGS2ORD0019987,C016905,2025-06-08 07:00:00,Female,28,Bronze,CallCenter,Bangkok,835,Shopee,COD,7,6,6,1,20-30,27.833333333333332,3.0,1.0,0.3333333333333333,64,59,8564.796666666667,0.08,0.3333333333333333,0.0,0.0,0.0,0,0,0.0,0.0,0,0,0.0,23507.84,2,1,0.5,25694.39,3,1,0.3333333333333333,1
LGS2ORD0019988,C017977,2025-06-08 07:00:00,Female,56,Bronze,Shopee,Bangkok,515,Web,COD,7,6,6,1,>50,17.166666666666668,1.0,1.0,1.0,37,52,1978.57,0.03,1.0,0.0,0.0,0.0,0,0,0.0,0.0,0,0,0.0,1978.57,1,1,1.0,1978.57,1,1,1.0,0
LGS2ORD0019989,C017862,2025-06-08 07:00:00,Female,42,Bronze,Shopee,Khon Kaen,665,TV_Show,COD,7,6,6,1,40-50,22.166666666666668,4.0,2.0,0.5,138,30,10001.074999999999,0.28,0.5,0.25,0.0,0.0,0,0,0.0,0.0,0,0,0.0,2973.88,1,0,0.0,40004.299999999996,4,2,0.5,0
LGS2ORD0019990,C013689,2025-06-08 07:00:00,Male,48,Gold,Web,Bangkok,298,Shopee,Credit_Card,7,6,6,1,40-50,9.933333333333334,1.0,0.0,0.0,-1,116,1001.43,0.2299999999999999,1.0,1.0,0.0,0.0,0,0,0.0,0.0,0,0,0.0,0.0,0,0,0.0,1001.43,1,0,0.0,0
LGS2ORD0019991,C013862,2025-06-08 07:00:00,Male,51,Bronze,TV,Khon Kaen,505,TV_Show,COD,7,6,6,1,>50,16.833333333333332,0.0,0.0,0.0,-1,-1,0.0,0.0,0.0,0.0,0.0,0.0,0,0,0.0,0.0,0,0,0.0,0.0,0,0,0.0,0.0,0,0,0.0,0
LGS2ORD0019992,C010336,2025-06-08 08:00:00,Female,40,Silver,TV,Khon Kaen,791,Shopee,COD,8,6,6,1,30-40,26.366666666666667,0.0,0.0,0.0,-1,-1,0.0,0.0,0.0,0.0,0.0,0.0,0,0,0.0,0.0,0,0,0.0,0.0,0,0,0.0,0.0,0,0,0.0,1
LGS2ORD0019993,C016735,2025-06-08 08:00:00,Male,47,Silver,TV,Khon Kaen,1555,TV_Show,COD,8,6,6,1,40-50,51.833333333333336,0.0,0.0,0.0,-1,-1,0.0,0.0,0.0,0.0,0.0,0.0,0,0,0.0,0.0,0,0,0.0,0.0,0,0,0.0,0.0,0,0,0.0,1
LGS2ORD0019994,C011437,2025-06-08 08:00:00,Female,33,Silver,Web,Songkhla,1302,Lazada,COD,8,6,6,1,30-40,43.4,2.0,2.0,1.0,81,90,3675.975,0.25,0.0,0.5,0.0,0.0,0,0,0.0,0.0,0,0,0.0,0.0,0,0,0.0,7351.95,2,2,1.0,0
LGS2ORD0019995,C015094,2025-06-08 08:00:00,Female,46,Bronze,TV,Chiang Mai,749,TV_Show,COD,8,6,6,1,40-50,24.966666666666665,3.0,1.0,0.3333333333333333,86,33,4313.19,0.28,1.0,0.3333333333333333,0.0,0.0,0,0,0.0,0.0,0,0,0.0,3951.29,1,0,0.0,12939.57,3,1,0.3333333333333333,0
LGS2ORD0019996,C017219,2025-06-08 08:00:00,Female,63,Gold,Web,Bangkok,750,Lazada,COD,8,6,6,1,>50,25.0,2.0,1.0,0.5,74,32,8965.654999999999,0.2299999999999999,0.0,0.5,0.0,0.0,0,0,0.0,0.0,0,0,0.0,16046.97,1,0,0.0,17931.309999999998,2,1,0.5,0
LGS2ORD0019997,C010128,2025-06-08 09:00:00,Male,37,Bronze,Shopee,Phuket,297,Web,Credit_Card,9,6,6,1,30-40,9.9,3.0,2.0,0.6666666666666666,53,62,4178.0,0.28,0.6666666666666666,0.3333333333333333,0.0,0.0,0,0,0.0,0.0,0,0,0.0,8669.01,2,1,0.5,12534.0,3,2,0.6666666666666666,0
LGS2ORD0019998,C011864,2025-06-08 09:00:00,Female,32,Bronze,Lazada,Khon Kaen,244,Lazada,COD,9,6,6,1,30-40,8.133333333333333,3.0,0.0,0.0,-1,14,2522.606666666667,0.28,0.6666666666666666,0.3333333333333333,0.0,0.0,0,0,0.0,746.89,1,0,0.0,3601.37,2,0,0.0,7567.820000000001,3,0,0.0,0
LGS2ORD0019999,C011835,2025-06-08 09:00:00,Female,58,Silver,Lazada,Bangkok,665,TV_Show,COD,9,6,6,1,>50,22.166666666666668,2.0,0.0,0.0,-1,109,27570.655,0.05,0.5,0.0,0.0,0.0,0,0,0.0,0.0,0,0,0.0,0.0,0,0,0.0,55141.31,2,0,0.0,1
LGS2ORD0020000,C010223,2025-06-08 09:00:00,Male,43,Bronze,TV,Remote_Area,1067,Shopee,Bank_Transfer,9,6,6,1,40-50,35.56666666666667,6.0,4.0,0.6666666666666666,0,6,5873.355,0.18,1.0,0.0,0.0,1207.73,1,1,1.0,1207.73,1,1,1.0,3564.39,2,2,1.0,35240.13,6,4,0.6666666666666666,1
LGS2ORD0020001,C014807,2025-06-08 09:00:00,Male,62,Silver,Web,Khon Kaen,921,TV_Show,Bank_Transfer,9,6,6,1,>50,30.7,6.0,1.0,0.16666666666666666,58,12,7162.356666666667,0.25,0.3333333333333333,0.16666666666666666,0.0,0.0,0,0,0.0,6061.26,1,0,0.0,41721.64,5,1,0.2,42974.14,6,1,0.16666666666666666,0
LGS2ORD0020002,C017375,2025-06-08 09:00:00,Male,34,Silver,TV,Remote_Area,714,TV_Show,PromptPay,9,6,6,1,30-40,23.8,1.0,1.0,1.0,100,105,9257.87,0.3,1.0,1.0,0.0,0.0,0,0,0.0,0.0,0,0,0.0,0.0,0,0,0.0,9257.87,1,1,1.0,1
LGS2ORD0020003,C013632,2025-06-08 10:00:00,Female,32,Bronze,Shopee,Bangkok,221,Shopee,COD,10,6,6,1,30-40,7.366666666666666,1.0,1.0,1.0,138,152,4526.76,0.18,1.0,0.0,0.0,0.0,0,0,0.0,0.0,0,0,0.0,0.0,0,0,0.0,4526.76,1,1,1.0,1
LGS2ORD0020004,C016972,2025-06-08 10:00:00,Male,57,Bronze,TV,Bangkok,1601,Web,PromptPay,10,6,6,1,>50,53.36666666666667,2.0,1.0,0.5,27,34,4760.28,0.23,1.0,0.5,0.0,0.0,0,0,0.0,0.0,0,0,0.0,7623.13,1,1,1.0,9520.56,2,1,0.5,1
LGS2ORD0020005,C016194,2025-06-08 10:00:00,Male,44,Bronze,Web,Chonburi,775,Lazada,PromptPay,10,6,6,1,40-50,25.833333333333332,2.0,2.0,1.0,0,3,2733.415,0.23,1.0,0.5,0.0,3632.69,1,1,1.0,3632.69,1,1,1.0,5466.83,2,2,1.0,5466.83,2,2,1.0,0
LGS2ORD0020006,C016240,2025-06-08 10:00:00,Female,42,Bronze,TV,Bangkok,860,TV_Show,COD,10,6,6,1,40-50,28.666666666666668,2.0,0.0,0.0,-1,1,3586.15,0.18,1.0,0.0,0.0,797.05,1,0,0.0,797.05,1,0,0.0,7172.3,2,0,0.0,7172.3,2,0,0.0,1
LGS2ORD0020007,C011406,2025-06-08 10:00:00,Female,60,Gold,TV,Phuket,618,Web,Bank_Transfer,10,6,6,1,>50,20.6,1.0,0.0,0.0,-1,14,596.24,0.13,0.0,0.0,0.0,0.0,0,0,0.0,596.24,1,0,0.0,596.24,1,0,0.0,596.24,1,0,0.0,0
LGS2ORD0020008,C014960,2025-06-08 11:00:00,Female,25,Bronze,CallCenter,Bangkok,759,TV_Show,Credit_Card,11,6,6,1,20-30,25.3,3.0,1.0,0.3333333333333333,54,69,1620.3166666666666,0.18,0.6666666666666666,0.0,0.0,0.0,0,0,0.0,0.0,0,0,0.0,1927.76,2,1,0.5,4860.95,3,1,0.3333333333333333,0
LGS2ORD0020009,C012885,2025-06-08 11:00:00,Male,43,Gold,Lazada,Bangkok,1062,Shopee,COD,11,6,6,1,40-50,35.4,1.0,0.0,0.0,-1,114,2575.16,0.2299999999999999,0.0,1.0,0.0,0.0,0,0,0.0,0.0,0,0,0.0,0.0,0,0,0.0,2575.16,1,0,0.0,1
LGS2ORD0020010,C010207,2025-06-08 11:00:00,Female,49,Bronze,CallCenter,Songkhla,308,CallCenter,PromptPay,11,6,6,1,40-50,10.266666666666667,3.0,2.0,0.6666666666666666,15,23,2599.68,0.18,0.6666666666666666,0.0,0.0,0.0,0,0,0.0,565.11,1,1,1.0,565.11,1,1,1.0,7799.04,3,2,0.6666666666666666,0
LGS2ORD0020011,C011070,2025-06-08 11:00:00,Male,38,Gold,TV,Bangkok,1348,Web,Credit_Card,11,6,6,1,30-40,44.93333333333333,2.0,0.0,0.0,-1,46,1356.25,0.28,0.5,0.5,0.0,0.0,0,0,0.0,0.0,0,0,0.0,2712.5,2,0,0.0,2712.5,2,0,0.0,0
LGS2ORD0020012,C012047,2025-06-08 11:00:00,Female,33,Bronze,TV,Chonburi,1364,Shopee,Credit_Card,11,6,6,1,30-40,45.46666666666667,1.0,0.0,0.0,-1,42,921.72,0.28,0.0,1.0,0.0,0.0,0,0,0.0,0.0,0,0,0.0,921.72,1,0,0.0,921.72,1,0,0.0,0
LGS2ORD0020013,C012128,2025-06-08 12:00:00,Female,68,Gold,Lazada,Chiang Mai,1257,Web,COD,12,6,6,1,>50,41.9,1.0,1.0,1.0,75,85,6352.59,0.18,0.0,0.0,0.0,0.0,0,0,0.0,0.0,0,0,0.0,6352.59,1,1,1.0,6352.59,1,1,1.0,0
LGS2ORD0020014,C017545,2025-06-08 12:00:00,Female,61,Platinum,Web,Songkhla,652,CallCenter,PromptPay,12,6,6,1,>50,21.733333333333334,3.0,0.0,0.0,-1,51,1689.7699999999998,0.3,0.3333333333333333,0.3333333333333333,0.0,0.0,0,0,0.0,0.0,0,0,0.0,3530.76,2,0,0.0,5069.3099999999995,3,0,0.0,0
LGS2ORD0020015,C012628,2025-06-08 12:00:00,Male,34,Platinum,Shopee,Bangkok,856,CallCenter,PromptPay,12,6,6,1,30-40,28.533333333333335,5.0,0.0,0.0,-1,4,3067.756,0.3,0.4,0.8,0.0,2590.62,1,0,0.0,3915.33,2,0,0.0,14261.45,4,0,0.0,15338.779999999999,5,0,0.0,1
LGS2ORD0020016,C016903,2025-06-08 12:00:00,Female,52,Bronze,TV,Khon Kaen,927,Web,PromptPay,12,6,6,1,>50,30.9,2.0,0.0,0.0,-1,9,11548.375,0.08,0.5,0.0,0.0,0.0,0,0,0.0,14499.53,1,0,0.0,14499.53,1,0,0.0,23096.75,2,0,0.0,0
LGS2ORD0020017,C015239,2025-06-08 12:00:00,Female,51,Silver,TV,Khon Kaen,1039,CallCenter,Bank_Transfer,12,6,6,1,>50,34.63333333333333,2.0,0.0,0.0,-1,2,10573.49,0.2,0.0,0.0,0.0,11409.63,1,0,0.0,11409.63,1,0,0.0,11409.63,1,0,0.0,21146.98,2,0,0.0,0
LGS2ORD0020018,C011485,2025-06-08 13:00:00,Male,37,Gold,Lazada,Nakhon Ratchasima,558,Lazada,Credit_Card,13,6,6,1,30-40,18.6,4.0,0.0,0.0,-1,43,2612.8075,0.28,0.25,0.25,0.0,0.0,0,0,0.0,0.0,0,0,0.0,4102.97,2,0,0.0,10451.23,4,0,0.0,0
LGS2ORD0020019,C014460,2025-06-08 13:00:00,Male,38,Platinum,TV,Phuket,277,Web,COD,13,6,6,1,30-40,9.233333333333333,2.0,1.0,0.5,117,33,380.575,0.3,0.0,0.5,0.0,0.0,0,0,0.0,0.0,0,0,0.0,552.64,1,0,0.0,761.15,2,1,0.5,0
LGS2ORD0020020,C013181,2025-06-08 13:00:00,Female,44,Platinum,TV,Bangkok,1365,Web,COD,13,6,6,1,40-50,45.5,4.0,2.0,0.5,144,103,2561.2675,0.2,0.25,0.0,0.0,0.0,0,0,0.0,0.0,0,0,0.0,0.0,0,0,0.0,10245.07,4,2,0.5,0
LGS2ORD0020021,C014920,2025-06-08 13:00:00,Male,68,Bronze,CallCenter,Chiang Mai,983,TV_Show,Credit_Card,13,6,6,1,>50,32.766666666666666,2.0,1.0,0.5,140,106,3551.12,0.23,0.5,1.0,0.0,0.0,0,0,0.0,0.0,0,0,0.0,0.0,0,0,0.0,7102.24,2,1,0.5,1
LGS2ORD0020022,C015914,2025-06-08 13:00:00,Male,18,Bronze,Shopee,Songkhla,292,Web,COD,13,6,6,1,<20,9.733333333333333,7.0,2.0,0.2857142857142857,54,11,5311.761428571429,0.18,0.8571428571428571,0.0,0.0,0.0,0,0,0.0,4377.84,1,0,0.0,28185.82,4,2,0.5,37182.33,7,2,0.2857142857142857,1
LGS2ORD0020023,C011111,2025-06-08 13:00:00,Female,48,Bronze,Web,Remote_Area,1556,Web,Credit_Card,13,6,6,1,40-50,51.86666666666667,4.0,3.0,0.75,-6,2,3786.0550000000003,0.28,1.0,0.25,0.0,10932.289999999999,2,1,0.5,10932.289999999999,2,1,0.5,13113.5,3,2,0.6666666666666666,15144.220000000001,4,3,0.75,0
LGS2ORD0020024,C011574,2025-06-08 14:00:00,Female,46,Silver,Lazada,Nakhon Ratchasima,1530,CallCenter,Bank_Transfer,14,6,6,1,40-50,51.0,3.0,1.0,0.3333333333333333,143,59,926.89,0.3,0.3333333333333333,0.6666666666666666,0.0,0.0,0,0,0.0,0.0,0,0,0.0,1463.2,2,0,0.0,2780.67,3,1,0.3333333333333333,0
LGS2ORD0020025,C015716,2025-06-08 14:00:00,Male,27,Bronze,Lazada,Chiang Mai,767,Web,COD,14,6,6,1,20-30,25.566666666666666,3.0,1.0,0.3333333333333333,111,6,1578.506666666667,0.23,0.3333333333333333,0.3333333333333333,0.0,401.81,1,0,0.0,401.81,1,0,0.0,401.81,1,0,0.0,4735.52,3,1,0.3333333333333333,0
LGS2ORD0020026,C016918,2025-06-08 14:00:00,Male,51,Gold,Lazada,Nakhon Ratchasima,1359,TV_Show,Credit_Card,14,6,6,1,>50,45.3,3.0,1.0,0.3333333333333333,41,14,4873.746666666666,0.33,0.6666666666666666,0.6666666666666666,0.0,0.0,0,0,0.0,2544.87,1,0,0.0,14621.239999999998,3,1,0.3333333333333333,14621.239999999998,3,1,0.3333333333333333,0
LGS2ORD0020027,C013246,2025-06-08 14:00:00,Male,31,Bronze,TV,Phuket,1069,Lazada,COD,14,6,6,1,30-40,35.63333333333333,2.0,2.0,1.0,0,5,2996.9049999999997,0.08,1.0,0.0,0.0,4224.04,1,1,1.0,4224.04,1,1,1.0,5993.8099999999995,2,2,1.0,5993.8099999999995,2,2,1.0,0
LGS2ORD0020028,C015534,2025-06-08 14:00:00,Female,51,Gold,Shopee,Songkhla,317,Web,COD,14,6,6,1,>50,10.566666666666666,2.0,0.0,0.0,-1,17,1488.0,0.08,0.5,0.0,0.0,0.0,0,0,0.0,1078.69,1,0,0.0,1078.69,1,0,0.0,2976.0,2,0,0.0,1
LGS2ORD0020029,C015323,2025-06-08 15:00:00,Female,40,Bronze,TV,Songkhla,1030,Web,COD,15,6,6,1,30-40,34.333333333333336,6.0,3.0,0.5,11,18,2557.5066666666667,0.28,0.5,0.3333333333333333,0.0,0.0,0,0,0.0,742.73,2,1,0.5,4832.13,4,2,0.5,15345.039999999999,6,3,0.5,0
LGS2ORD0020030,C013154,2025-06-08 15:00:00,Female,54,Gold,Lazada,Phuket,1162,Shopee,COD,15,6,6,1,>50,38.733333333333334,2.0,2.0,1.0,23,35,3597.1000000000004,0.2299999999999999,0.5,0.5,0.0,0.0,0,0,0.0,0.0,0,0,0.0,7194.200000000001,2,2,1.0,7194.200000000001,2,2,1.0,1
LGS2ORD0020031,C015913,2025-06-08 15:00:00,Male,40,Silver,Web,Chonburi,1111,TV_Show,PromptPay,15,6,6,1,30-40,37.03333333333333,2.0,0.0,0.0,-1,9,846.75,0.1,1.0,0.0,0.0,0.0,0,0,0.0,1693.5,2,0,0.0,1693.5,2,0,0.0,1693.5,2,0,0.0,0
LGS2ORD0020032,C014388,2025-06-08 15:00:00,Female,20,Silver,TV,Nakhon Ratchasima,682,Shopee,COD,15,6,6,1,<20,22.733333333333334,4.0,0.0,0.0,-1,39,8620.3825,0.3,1.0,0.5,0.0,0.0,0,0,0.0,0.0,0,0,0.0,16410.86,1,0,0.0,34481.53,4,0,0.0,1
LGS2ORD0020033,C012161,2025-06-08 15:00:00,Male,23,Gold,TV,Phuket,381,CallCenter,Credit_Card,15,6,6,1,20-30,12.7,1.0,1.0,1.0,45,56,18328.74,0.08,0.0,0.0,0.0,0.0,0,0,0.0,0.0,0,0,0.0,18328.74,1,1,1.0,18328.74,1,1,1.0,0
LGS2ORD0020034,C017938,2025-06-08 16:00:00,Male,38,Bronze,Shopee,Remote_Area,779,Shopee,COD,16,6,6,1,30-40,25.966666666666665,4.0,1.0,0.25,128,25,3452.135,0.23,0.25,0.25,0.0,0.0,0,0,0.0,6179.75,1,0,0.0,6928.21,2,0,0.0,13808.54,4,1,0.25,1
LGS2ORD0020035,C010420,2025-06-08 16:00:00,Male,52,Platinum,Shopee,Songkhla,592,Web,COD,16,6,6,1,>50,19.733333333333334,1.0,0.0,0.0,-1,94,4373.48,0.25,1.0,1.0,0.0,0.0,0,0,0.0,0.0,0,0,0.0,0.0,0,0,0.0,4373.48,1,0,0.0,0
LGS2ORD0020036,C016162,2025-06-08 16:00:00,Male,32,Silver,Lazada,Bangkok,824,Lazada,COD,16,6,6,1,30-40,27.466666666666665,2.0,1.0,0.5,137,63,1730.275,0.2,0.5,0.0,0.0,0.0,0,0,0.0,0.0,0,0,0.0,895.07,1,0,0.0,3460.55,2,1,0.5,0
LGS2ORD0020037,C017567,2025-06-08 16:00:00,Male,55,Bronze,TV,Bangkok,564,Web,Credit_Card,16,6,6,1,>50,18.8,4.0,1.0,0.25,145,38,3067.3125,0.28,0.75,0.25,0.0,0.0,0,0,0.0,0.0,0,0,0.0,11001.810000000001,3,0,0.0,12269.25,4,1,0.25,0
LGS2ORD0020038,C012418,2025-06-08 16:00:00,Male,45,Bronze,Web,Songkhla,506,TV_Show,COD,16,6,6,1,40-50,16.866666666666667,4.0,2.0,0.5,11,16,6944.705,0.23,0.5,0.5,0.0,0.0,0,0,0.0,11168.55,2,1,0.5,26944.309999999998,3,2,0.6666666666666666,27778.82,4,2,0.5,1
LGS2ORD0020039,C014671,2025-06-08 16:00:00,Male,37,Bronze,CallCenter,Chonburi,1303,Web,COD,16,6,6,1,30-40,43.43333333333333,5.0,0.0,0.0,-1,14,3448.5919999999996,0.28,0.4,0.2,0.0,0.0,0,0,0.0,3999.65,2,0,0.0,17242.96,5,0,0.0,17242.96,5,0,0.0,0
LGS2ORD0020040,C017397,2025-06-08 17:00:00,Male,55,Gold,Web,Bangkok,762,TV_Show,COD,17,6,6,1,>50,25.4,1.0,0.0,0.0,-1,30,2089.76,0.2299999999999999,1.0,1.0,0.0,0.0,0,0,0.0,0.0,0,0,0.0,2089.76,1,0,0.0,2089.76,1,0,0.0,1
LGS2ORD0020041,C014059,2025-06-08 17:00:00,Male,31,Silver,Web,Bangkok,354,Web,Credit_Card,17,6,6,1,30-40,11.8,4.0,2.0,0.5,-5,6,7246.047499999999,0.25,0.75,0.5,0.0,3644.51,1,1,1.0,6727.31,2,1,0.5,28984.189999999995,4,2,0.5,28984.189999999995,4,2,0.5,0
LGS2ORD0020042,C013757,2025-06-08 17:00:00,Female,49,Silver,CallCenter,Bangkok,955,Web,COD,17,6,6,1,40-50,31.833333333333332,1.0,0.0,0.0,-1,136,13490.78,0.15,0.0,0.0,0.0,0.0,0,0,0.0,0.0,0,0,0.0,0.0,0,0,0.0,13490.78,1,0,0.0,1
LGS2ORD0020043,C015431,2025-06-08 17:00:00,Female,34,Bronze,Lazada,Bangkok,662,CallCenter,Credit_Card,17,6,6,1,30-40,22.066666666666666,1.0,0.0,0.0,-1,46,781.24,0.13,0.0,0.0,0.0,0.0,0,0,0.0,0.0,0,0,0.0,781.24,1,0,0.0,781.24,1,0,0.0,0
LGS2ORD0020044,C017332,2025-06-08 17:00:00,Male,36,Gold,Web,Remote_Area,1140,Shopee,COD,17,6,6,1,30-40,38.0,2.0,0.0,0.0,-1,13,18433.68,0.2299999999999999,0.5,0.5,0.0,0.0,0,0,0.0,32500.07,1,0,0.0,32500.07,1,0,0.0,36867.36,2,0,0.0,0
LGS2ORD0020045,C015235,2025-06-08 18:00:00,Female,51,Bronze,Web,Phuket,537,TV_Show,Credit_Card,18,6,6,1,>50,17.9,2.0,1.0,0.5,111,58,3451.08,0.18,0.5,0.0,0.0,0.0,0,0,0.0,0.0,0,0,0.0,4600.09,1,0,0.0,6902.16,2,1,0.5,1
LGS2ORD0020046,C013782,2025-06-08 18:00:00,Male,25,Gold,Shopee,Songkhla,301,Lazada,COD,18,6,6,1,20-30,10.033333333333333,3.0,1.0,0.3333333333333333,144,16,7659.856666666667,0.28,0.6666666666666666,0.3333333333333333,0.0,0.0,0,0,0.0,9794.79,1,0,0.0,9794.79,1,0,0.0,22979.57,3,1,0.3333333333333333,0
LGS2ORD0020047,C012199,2025-06-08 18:00:00,Female,56,Silver,TV,Phuket,1490,Web,Credit_Card,18,6,6,1,>50,49.666666666666664,6.0,1.0,0.16666666666666666,79,2,3957.6633333333334,0.25,0.6666666666666666,0.16666666666666666,0.0,9073.44,1,0,0.0,9477.59,2,0,0.0,22740.03,5,0,0.0,23745.98,6,1,0.16666666666666666,0
LGS2ORD0020048,C012840,2025-06-08 18:00:00,Female,55,Bronze,Shopee,Songkhla,239,Web,COD,18,6,6,1,>50,7.966666666666667,0.0,0.0,0.0,-1,-1,0.0,0.0,0.0,0.0,0.0,0.0,0,0,0.0,0.0,0,0,0.0,0.0,0,0,0.0,0.0,0,0,0.0,0
LGS2ORD0020049,C016437,2025-06-08 18:00:00,Female,35,Bronze,Web,Songkhla,717,CallCenter,PromptPay,18,6,6,1,30-40,23.9,4.0,3.0,0.75,22,28,6152.629999999999,0.23,0.75,0.25,0.0,0.0,0,0,0.0,2893.35,1,1,1.0,3862.5299999999997,2,2,1.0,24610.519999999997,4,3,0.75,0
LGS2ORD0020050,C015139,2025-06-08 19:00:00,Female,57,Bronze,Lazada,Bangkok,777,Shopee,COD,19,6,6,1,>50,25.9,2.0,0.0,0.0,-1,36,1738.78,0.23,0.0,0.5,0.0,0.0,0,0,0.0,0.0,0,0,0.0,3039.91,1,0,0.0,3477.56,2,0,0.0,0
LGS2ORD0020051,C012119,2025-06-08 19:00:00,Female,43,Silver,Web,Bangkok,512,TV_Show,Credit_Card,19,6,6,1,40-50,17.066666666666666,2.0,0.0,0.0,-1,2,571.495,0.2,0.5,0.0,0.0,692.43,1,0,0.0,692.43,1,0,0.0,1142.99,2,0,0.0,1142.99,2,0,0.0,1
LGS2ORD0020052,C011426,2025-06-08 19:00:00,Male,48,Silver,TV,Nakhon Ratchasima,733,Lazada,PromptPay,19,6,6,1,40-50,24.433333333333334,4.0,1.0,0.25,13,14,3814.84,0.2,0.5,0.0,0.0,0.0,0,0,0.0,13969.98,2,1,0.5,13969.98,2,1,0.5,15259.36,4,1,0.25,0
LGS2ORD0020053,C016689,2025-06-08 19:00:00,Female,42,Silver,TV,Chiang Mai,1583,TV_Show,PromptPay,19,6,6,1,40-50,52.766666666666666,3.0,0.0,0.0,-1,70,5878.663333333333,0.15,1.0,0.0,0.0,0.0,0,0,0.0,0.0,0,0,0.0,17635.989999999998,3,0,0.0,17635.989999999998,3,0,0.0,0
LGS2ORD0020054,C011924,2025-06-08 19:00:00,Female,32,Bronze,TV,Chonburi,433,TV_Show,COD,19,6,6,1,30-40,14.433333333333334,5.0,2.0,0.4,87,9,8414.718,0.28,0.2,0.6,0.0,0.0,0,0,0.0,2462.76,1,0,0.0,12218.470000000001,3,0,0.0,42073.590000000004,5,2,0.4,0
LGS2ORD0020055,C015592,2025-06-08 20:00:00,Male,21,Bronze,TV,Phuket,1573,Shopee,COD,20,6,6,1,20-30,52.43333333333333,1.0,0.0,0.0,-1,18,354.47,0.08,0.0,0.0,0.0,0.0,0,0,0.0,354.47,1,0,0.0,354.47,1,0,0.0,354.47,1,0,0.0,1
LGS2ORD0020056,C013200,2025-06-08 20:00:00,Male,41,Silver,Lazada,Bangkok,1156,Web,COD,20,6,6,1,40-50,38.53333333333333,4.0,1.0,0.25,12,14,12955.08,0.2,0.75,0.0,0.0,0.0,0,0,0.0,46323.68,2,1,0.5,46323.68,2,1,0.5,51820.32,4,1,0.25,0
LGS2ORD0020057,C014949,2025-06-08 20:00:00,Male,41,Silver,TV,Chonburi,377,Web,COD,20,6,6,1,40-50,12.566666666666666,3.0,1.0,0.3333333333333333,5,13,3221.3700000000003,0.2,1.0,0.0,0.0,0.0,0,0,0.0,1932.46,1,1,1.0,9664.11,3,1,0.3333333333333333,9664.11,3,1,0.3333333333333333,0
LGS2ORD0020058,C015867,2025-06-08 20:00:00,Male,46,Silver,Lazada,Bangkok,965,Web,COD,20,6,6,1,40-50,32.166666666666664,3.0,1.0,0.3333333333333333,57,40,4156.01,0.25,1.0,0.3333333333333333,0.0,0.0,0,0,0.0,0.0,0,0,0.0,6143.47,2,1,0.5,12468.03,3,1,0.3333333333333333,1
LGS2ORD0020059,C015026,2025-06-08 20:00:00,Female,27,Silver,CallCenter,Chiang Mai,878,TV_Show,COD,20,6,6,1,20-30,29.266666666666666,1.0,1.0,1.0,142,150,1527.82,0.1,1.0,0.0,0.0,0.0,0,0,0.0,0.0,0,0,0.0,0.0,0,0,0.0,1527.82,1,1,1.0,1
LGS2ORD0020060,C010288,2025-06-08 20:00:00,Female,35,Bronze,Shopee,Chiang Mai,1605,Web,Credit_Card,20,6,6,1,30-40,53.5,2.0,1.0,0.5,60,33,6239.29,0.28,0.5,0.5,0.0,0.0,0,0,0.0,0.0,0,0,0.0,12478.58,2,1,0.5,12478.58,2,1,0.5,0
LGS2ORD0020061,C016627,2025-06-08 21:00:00,Male,38,Silver,Web,Bangkok,710,CallCenter,Credit_Card,21,6,6,1,30-40,23.666666666666668,3.0,1.0,0.3333333333333333,45,55,10408.226666666667,0.1,0.6666666666666666,0.0,0.0,0.0,0,0,0.0,0.0,0,0,0.0,16790.14,1,1,1.0,31224.68,3,1,0.3333333333333333,0
LGS2ORD0020062,C010648,2025-06-08 21:00:00,Male,32,Gold,Web,Chiang Mai,811,Web,Credit_Card,21,6,6,1,30-40,27.033333333333335,3.0,0.0,0.0,-1,93,2547.61,0.33,0.6666666666666666,0.6666666666666666,0.0,0.0,0,0,0.0,0.0,0,0,0.0,0.0,0,0,0.0,7642.83,3,0,0.0,0
LGS2ORD0020063,C013552,2025-06-08 21:00:00,Female,40,Silver,CallCenter,Bangkok,1218,TV_Show,COD,21,6,6,1,30-40,40.6,2.0,1.0,0.5,17,15,2549.85,0.2,1.0,0.0,0.0,0.0,0,0,0.0,5099.7,2,1,0.5,5099.7,2,1,0.5,5099.7,2,1,0.5,0
LGS2ORD0020064,C016122,2025-06-08 21:00:00,Female,21,Platinum,Shopee,Bangkok,728,Lazada,Credit_Card,21,6,6,1,20-30,24.266666666666666,2.0,0.0,0.0,-1,20,8073.415,0.1,0.5,0.0,0.0,0.0,0,0,0.0,14617.05,1,0,0.0,14617.05,1,0,0.0,16146.83,2,0,0.0,0
LGS2ORD0020065,C017351,2025-06-08 21:00:00,Female,31,Gold,Lazada,Bangkok,1431,CallCenter,PromptPay,21,6,6,1,30-40,47.7,3.0,1.0,0.3333333333333333,138,14,1710.3766666666663,0.28,0.3333333333333333,0.3333333333333333,0.0,0.0,0,0,0.0,837.56,1,0,0.0,837.56,1,0,0.0,5131.129999999999,3,1,0.3333333333333333,0
LGS2ORD0020066,C017286,2025-06-08 22:00:00,Male,43,Silver,CallCenter,Chonburi,1404,Shopee,COD,22,6,6,1,40-50,46.8,2.0,0.0,0.0,-1,61,8060.555,0.2,0.0,0.0,0.0,0.0,0,0,0.0,0.0,0,0,0.0,5340.11,1,0,0.0,16121.11,2,0,0.0,0
LGS2ORD0020067,C016792,2025-06-08 22:00:00,Male,34,Bronze,TV,Khon Kaen,1287,CallCenter,COD,22,6,6,1,30-40,42.9,1.0,0.0,0.0,-1,13,9287.81,0.03,0.0,0.0,0.0,0.0,0,0,0.0,9287.81,1,0,0.0,9287.81,1,0,0.0,9287.81,1,0,0.0,0
LGS2ORD0020068,C014911,2025-06-08 22:00:00,Male,39,Bronze,Web,Bangkok,595,TV_Show,PromptPay,22,6,6,1,30-40,19.833333333333332,5.0,4.0,0.8,2,18,6202.861999999999,0.23,0.4,0.6,0.0,0.0,0,0,0.0,8064.14,1,1,1.0,30246.26,4,3,0.75,31014.309999999998,5,4,0.8,0
LGS2ORD0020069,C013069,2025-06-08 22:00:00,Female,59,Silver,Lazada,Phuket,1149,Shopee,COD,22,6,6,1,>50,38.3,1.0,0.0,0.0,-1,104,3919.13,0.05,0.0,0.0,0.0,0.0,0,0,0.0,0.0,0,0,0.0,0.0,0,0,0.0,3919.13,1,0,0.0,1
LGS2ORD0020070,C017207,2025-06-08 22:00:00,Male,56,Bronze,CallCenter,Chonburi,843,Shopee,COD,22,6,6,1,>50,28.1,2.0,0.0,0.0,-1,149,2221.165,0.03,1.0,0.0,0.0,0.0,0,0,0.0,0.0,0,0,0.0,0.0,0,0,0.0,4442.33,2,0,0.0,0
LGS2ORD0020071,C011552,2025-06-08 23:00:00,Female,45,Gold,TV,Nakhon Ratchasima,912,Shopee,Bank_Transfer,23,6,6,1,40-50,30.4,0.0,0.0,0.0,-1,-1,0.0,0.0,0.0,0.0,0.0,0.0,0,0,0.0,0.0,0,0,0.0,0.0,0,0,0.0,0.0,0,0,0.0,0
LGS2ORD0020072,C015454,2025-06-08 23:00:00,Female,30,Platinum,TV,Nakhon Ratchasima,1229,Lazada,Bank_Transfer,23,6,6,1,20-30,40.96666666666667,4.0,2.0,0.5,55,69,2322.44,0.3,0.5,0.5,0.0,0.0,0,0,0.0,0.0,0,0,0.0,5965.49,2,1,0.5,9289.76,4,2,0.5,0
LGS2ORD0020073,C013892,2025-06-08 23:00:00,Female,28,Bronze,CallCenter,Bangkok,640,Lazada,Bank_Transfer,23,6,6,1,20-30,21.333333333333332,5.0,1.0,0.2,65,9,6148.183999999999,0.23,0.2,0.4,0.0,0.0,0,0,0.0,22389.52,2,0,0.0,23360.510000000002,4,1,0.25,30740.92,5,1,0.2,0
LGS2ORD0020074,C011249,2025-06-08 23:00:00,Female,52,Bronze,TV,Remote_Area,1168,TV_Show,Credit_Card,23,6,6,1,>50,38.93333333333333,1.0,1.0,1.0,86,99,5563.89,0.18,1.0,0.0,0.0,0.0,0,0,0.0,0.0,0,0,0.0,0.0,0,0,0.0,5563.89,1,1,1.0,1
LGS2ORD0020075,C017918,2025-06-08 23:00:00,Male,33,Bronze,TV,Chiang Mai,1208,TV_Show,Credit_Card,23,6,6,1,30-40,40.266666666666666,1.0,0.0,0.0,-1,41,7451.95,0.13,0.0,0.0,0.0,0.0,0,0,0.0,0.0,0,0,0.0,7451.95,1,0,0.0,7451.95,1,0,0.0,1
LGS2ORD0020076,C010342,2025-06-09 00:00:00,Female,48,Bronze,Web,Bangkok,626,Shopee,COD,0,6,0,0,40-50,20.866666666666667,0.0,0.0,0.0,-1,-1,0.0,0.0,0.0,0.0,0.0,0.0,0,0,0.0,0.0,0,0,0.0,0.0,0,0,0.0,0.0,0,0,0.0,0
LGS2ORD0020077,C013641,2025-06-09 00:00:00,Female,18,Silver,Lazada,Chonburi,409,Web,PromptPay,0,6,0,0,<20,13.633333333333333,2.0,0.0,0.0,-1,39,6199.16,0.1,1.0,0.0,0.0,0.0,0,0,0.0,0.0,0,0,0.0,3719.61,1,0,0.0,12398.32,2,0,0.0,0
LGS2ORD0020078,C013882,2025-06-09 00:00:00,Female,40,Silver,Lazada,Bangkok,959,Web,Bank_Transfer,0,6,0,0,30-40,31.966666666666665,3.0,1.0,0.3333333333333333,30,43,4025.84,0.25,0.6666666666666666,0.6666666666666666,0.0,0.0,0,0,0.0,0.0,0,0,0.0,4013.71,2,1,0.5,12077.52,3,1,0.3333333333333333,1
LGS2ORD0020079,C012978,2025-06-09 00:00:00,Female,50,Silver,Shopee,Khon Kaen,204,TV_Show,COD,0,6,0,0,40-50,6.8,2.0,0.0,0.0,-1,42,971.72,0.25,1.0,0.5,0.0,0.0,0,0,0.0,0.0,0,0,0.0,1416.17,1,0,0.0,1943.44,2,0,0.0,0
LGS2ORD0020080,C010913,2025-06-09 00:00:00,Female,48,Bronze,TV,Remote_Area,873,TV_Show,Credit_Card,0,6,0,0,40-50,29.1,2.0,0.0,0.0,-1,43,18693.239999999998,0.03,0.5,0.0,0.0,0.0,0,0,0.0,0.0,0,0,0.0,17252.75,1,0,0.0,37386.479999999996,2,0,0.0,0
LGS2ORD0020081,C015312,2025-06-09 00:00:00,Male,35,Bronze,Web,Bangkok,1068,Web,COD,0,6,0,0,30-40,35.6,5.0,2.0,0.4,76,44,3405.6980000000003,0.18,0.8,0.0,0.0,0.0,0,0,0.0,0.0,0,0,0.0,12804.150000000001,3,1,0.3333333333333333,17028.49,5,2,0.4,0
LGS2ORD0020082,C011133,2025-06-09 01:00:00,Male,37,Bronze,CallCenter,Remote_Area,1091,CallCenter,COD,1,6,0,0,30-40,36.36666666666667,3.0,0.0,0.0,-1,10,3851.48,0.13,0.3333333333333333,0.0,0.0,0.0,0,0,0.0,10864.970000000001,2,0,0.0,10864.970000000001,2,0,0.0,11554.44,3,0,0.0,1
LGS2ORD0020083,C013630,2025-06-09 01:00:00,Female,54,Bronze,Shopee,Phuket,1425,Shopee,COD,1,6,0,0,>50,47.5,4.0,1.0,0.25,102,40,5197.6175,0.23,0.75,0.25,0.0,0.0,0,0,0.0,0.0,0,0,0.0,7727.42,2,0,0.0,20790.47,4,1,0.25,1
LGS2ORD0020084,C012239,2025-06-09 01:00:00,Male,47,Silver,Shopee,Remote_Area,1620,Shopee,COD,1,6,0,0,40-50,54.0,5.0,3.0,0.6,23,27,3910.8779999999997,0.3,0.4,0.6,0.0,0.0,0,0,0.0,2646.07,1,1,1.0,3016.9100000000003,2,2,1.0,19554.39,5,3,0.6,0
LGS2ORD0020085,C012300,2025-06-09 01:00:00,Male,19,Gold,Web,Bangkok,751,Shopee,COD,1,6,0,0,<20,25.033333333333335,2.0,1.0,0.5,75,29,8265.435,0.18,1.0,0.0,0.0,0.0,0,0,0.0,2898.36,1,0,0.0,16530.87,2,1,0.5,16530.87,2,1,0.5,0
LGS2ORD0020086,C017221,2025-06-09 01:00:00,Female,29,Gold,Shopee,Bangkok,1506,TV_Show,Credit_Card,1,6,0,0,20-30,50.2,4.0,1.0,0.25,-3,8,13521.232499999998,0.28,0.25,0.5,0.0,0.0,0,0,0.0,28373.3,1,1,1.0,38354.619999999995,2,1,0.5,54084.92999999999,4,1,0.25,0
LGS2ORD0020087,C015598,2025-06-09 02:00:00,Male,34,Bronze,Shopee,Bangkok,969,Shopee,COD,2,6,0,0,30-40,32.3,5.0,2.0,0.4,0,10,9735.532000000001,0.23,0.8,0.4,0.0,0.0,0,0,0.0,28258.59,1,1,1.0,32804.97,2,1,0.5,48677.66,5,2,0.4,1
LGS2ORD0020088,C012058,2025-06-09 02:00:00,Female,28,Silver,Shopee,Nakhon Ratchasima,1369,TV_Show,COD,2,6,0,0,20-30,45.63333333333333,2.0,1.0,0.5,27,34,5688.05,0.25,0.5,0.5,0.0,0.0,0,0,0.0,0.0,0,0,0.0,11376.1,2,1,0.5,11376.1,2,1,0.5,1
LGS2ORD0020089,C011718,2025-06-09 02:00:00,Female,45,Gold,CallCenter,Bangkok,1551,Shopee,COD,2,6,0,0,40-50,51.7,4.0,0.0,0.0,-1,24,4811.575000000001,0.28,0.25,0.25,0.0,0.0,0,0,0.0,4766.33,1,0,0.0,5211.03,2,0,0.0,19246.300000000003,4,0,0.0,1
LGS2ORD0020090,C011433,2025-06-09 02:00:00,Male,61,Bronze,Shopee,Chonburi,1369,CallCenter,COD,2,6,0,0,>50,45.63333333333333,5.0,1.0,0.2,129,5,5279.688,0.28,0.2,0.2,0.0,1227.88,1,0,0.0,1227.88,1,0,0.0,20739.36,2,0,0.0,26398.44,5,1,0.2,1
LGS2ORD0020091,C015408,2025-06-09 02:00:00,Male,68,Silver,Shopee,Chiang Mai,237,Web,COD,2,6,0,0,>50,7.9,5.0,1.0,0.2,99,37,4561.104,0.3,0.6,0.2,0.0,0.0,0,0,0.0,0.0,0,0,0.0,15592.17,4,0,0.0,22805.52,5,1,0.2,0
LGS2ORD0020092,C011038,2025-06-09 03:00:00,Male,65,Bronze,TV,Bangkok,869,Lazada,COD,3,6,0,0,>50,28.966666666666665,1.0,0.0,0.0,-1,139,9814.11,0.18,0.0,0.0,0.0,0.0,0,0,0.0,0.0,0,0,0.0,0.0,0,0,0.0,9814.11,1,0,0.0,1
LGS2ORD0020093,C015841,2025-06-09 03:00:00,Female,43,Bronze,TV,Remote_Area,364,CallCenter,COD,3,6,0,0,40-50,12.133333333333333,1.0,0.0,0.0,-1,52,12904.65,0.08,0.0,0.0,0.0,0.0,0,0,0.0,0.0,0,0,0.0,12904.65,1,0,0.0,12904.65,1,0,0.0,0
LGS2ORD0020094,C012685,2025-06-09 03:00:00,Male,53,Bronze,TV,Remote_Area,272,CallCenter,PromptPay,3,6,0,0,>50,9.066666666666666,1.0,0.0,0.0,-1,116,938.86,0.08,0.0,0.0,0.0,0.0,0,0,0.0,0.0,0,0,0.0,0.0,0,0,0.0,938.86,1,0,0.0,0
LGS2ORD0020095,C011377,2025-06-09 03:00:00,Female,21,Bronze,TV,Phuket,540,TV_Show,Credit_Card,3,6,0,0,20-30,18.0,5.0,2.0,0.4,18,13,4620.65,0.28,0.8,0.6,0.0,0.0,0,0,0.0,2080.12,2,0,0.0,23103.25,5,2,0.4,23103.25,5,2,0.4,0
LGS2ORD0020096,C016395,2025-06-09 03:00:00,Male,45,Bronze,Shopee,Nakhon Ratchasima,1055,Lazada,PromptPay,3,6,0,0,40-50,35.166666666666664,6.0,3.0,0.5,34,43,4130.963333333334,0.28,0.5,0.5,0.0,0.0,0,0,0.0,0.0,0,0,0.0,15297.8,4,2,0.5,24785.780000000002,6,3,0.5,0
LGS2ORD0020097,C013862,2025-06-09 04:00:00,Male,51,Bronze,TV,Khon Kaen,506,Web,Bank_Transfer,4,6,0,0,>50,16.866666666666667,1.0,0.0,0.0,-1,0,380.2,0.18,1.0,0.0,0.0,380.2,1,0,0.0,380.2,1,0,0.0,380.2,1,0,0.0,380.2,1,0,0.0,1
LGS2ORD0020098,C010122,2025-06-09 04:00:00,Female,45,Bronze,TV,Bangkok,337,Web,COD,4,6,0,0,40-50,11.233333333333333,3.0,1.0,0.3333333333333333,-1,9,4565.256666666667,0.18,1.0,0.0,0.0,0.0,0,0,0.0,3661.22,1,1,1.0,13695.77,3,1,0.3333333333333333,13695.77,3,1,0.3333333333333333,1
LGS2ORD0020099,C017022,2025-06-09 04:00:00,Female,60,Bronze,Shopee,Chonburi,694,CallCenter,Credit_Card,4,6,0,0,>50,23.133333333333333,4.0,1.0,0.25,96,13,12687.99,0.23,0.5,0.25,0.0,0.0,0,0,0.0,14977.89,1,0,0.0,49065.479999999996,3,0,0.0,50751.96,4,1,0.25,0
LGS2ORD0020100,C010746,2025-06-09 04:00:00,Male,51,Bronze,Web,Songkhla,960,TV_Show,PromptPay,4,6,0,0,>50,32.0,4.0,3.0,0.75,16,27,5755.987499999999,0.23,0.5,0.25,0.0,0.0,0,0,0.0,1878.43,1,1,1.0,11158.720000000001,3,3,1.0,23023.949999999997,4,3,0.75,0
LGS2ORD0020101,C010497,2025-06-09 04:00:00,Female,56,Silver,Lazada,Khon Kaen,248,Lazada,COD,4,6,0,0,>50,8.266666666666667,3.0,2.0,0.6666666666666666,48,57,14779.14,0.25,0.6666666666666666,0.3333333333333333,0.0,0.0,0,0,0.0,0.0,0,0,0.0,21106.37,2,2,1.0,44337.42,3,2,0.6666666666666666,0
LGS2ORD0020102,C016343,2025-06-09 04:00:00,Female,39,Bronze,TV,Songkhla,321,Web,PromptPay,4,6,0,0,30-40,10.7,5.0,1.0,0.2,-7,11,5871.2339999999995,0.08,1.0,0.0,0.0,0.0,0,0,0.0,6002.65,1,1,1.0,8525.14,2,1,0.5,29356.17,5,1,0.2,1
LGS2ORD0020103,C011538,2025-06-09 05:00:00,Female,55,Bronze,TV,Phuket,429,Shopee,COD,5,6,0,0,>50,14.3,4.0,3.0,0.75,58,55,5952.3099999999995,0.28,0.75,0.25,0.0,0.0,0,0,0.0,0.0,0,0,0.0,18334.68,2,1,0.5,23809.239999999998,4,3,0.75,0
LGS2ORD0020104,C016710,2025-06-09 05:00:00,Male,40,Bronze,TV,Chiang Mai,192,Shopee,PromptPay,5,6,0,0,30-40,6.4,2.0,0.0,0.0,-1,71,4966.895,0.18,1.0,0.0,0.0,0.0,0,0,0.0,0.0,0,0,0.0,2144.94,1,0,0.0,9933.79,2,0,0.0,0
LGS2ORD0020105,C011766,2025-06-09 05:00:00,Female,32,Silver,TV,Remote_Area,1424,TV_Show,Credit_Card,5,6,0,0,30-40,47.46666666666667,1.0,0.0,0.0,-1,50,7457.18,0.15,0.0,0.0,0.0,0.0,0,0,0.0,0.0,0,0,0.0,7457.18,1,0,0.0,7457.18,1,0,0.0,0
LGS2ORD0020106,C016875,2025-06-09 05:00:00,Female,23,Gold,Lazada,Chiang Mai,958,Lazada,Credit_Card,5,6,0,0,20-30,31.933333333333334,1.0,0.0,0.0,-1,4,2688.1,0.28,0.0,1.0,0.0,2688.1,1,0,0.0,2688.1,1,0,0.0,2688.1,1,0,0.0,2688.1,1,0,0.0,0
LGS2ORD0020107,C014819,2025-06-09 05:00:00,Other,41,Bronze,Web,Bangkok,299,Web,COD,5,6,0,0,40-50,9.966666666666667,2.0,0.0,0.0,-1,33,3577.4049999999997,0.28,0.5,0.5,0.0,0.0,0,0,0.0,0.0,0,0,0.0,7154.8099999999995,2,0,0.0,7154.8099999999995,2,0,0.0,0
LGS2ORD0020108,C013265,2025-06-09 06:00:00,Male,52,Bronze,TV,Songkhla,944,CallCenter,Credit_Card,6,6,0,0,>50,31.466666666666665,3.0,0.0,0.0,-1,84,8758.146666666666,0.23,0.6666666666666666,0.3333333333333333,0.0,0.0,0,0,0.0,0.0,0,0,0.0,373.05,1,0,0.0,26274.44,3,0,0.0,0
LGS2ORD0020109,C013276,2025-06-09 06:00:00,Female,35,Bronze,Web,Phuket,1049,Web,COD,6,6,0,0,30-40,34.96666666666667,4.0,1.0,0.25,70,77,8287.5925,0.28,0.0,0.25,0.0,0.0,0,0,0.0,0.0,0,0,0.0,28559.190000000002,3,1,0.3333333333333333,33150.37,4,1,0.25,0
LGS2ORD0020110,C013144,2025-06-09 06:00:00,Female,57,Silver,Lazada,Phuket,339,Shopee,Bank_Transfer,6,6,0,0,>50,11.3,6.0,2.0,0.3333333333333333,23,31,4090.501666666667,0.25,0.8333333333333334,0.16666666666666666,0.0,0.0,0,0,0.0,0.0,0,0,0.0,18386.55,3,2,0.6666666666666666,24543.010000000002,6,2,0.3333333333333333,0
LGS2ORD0020111,C017349,2025-06-09 06:00:00,Female,50,Bronze,Shopee,Nakhon Ratchasima,542,Lazada,PromptPay,6,6,0,0,40-50,18.066666666666666,3.0,2.0,0.6666666666666666,125,32,9980.693333333335,0.28,0.6666666666666666,0.3333333333333333,0.0,0.0,0,0,0.0,0.0,0,0,0.0,2897.18,1,0,0.0,29942.08,3,2,0.6666666666666666,1
LGS2ORD0020112,C017841,2025-06-09 06:00:00,Female,72,Silver,TV,Phuket,429,Lazada,COD,6,6,0,0,>50,14.3,3.0,1.0,0.3333333333333333,-1,7,2164.6366666666668,0.3,1.0,0.3333333333333333,0.0,0.0,0,0,0.0,2216.53,1,1,1.0,6493.91,3,1,0.3333333333333333,6493.91,3,1,0.3333333333333333,1
LGS2ORD0020113,C011958,2025-06-09 07:00:00,Male,26,Bronze,CallCenter,Phuket,1595,Web,COD,7,6,0,0,20-30,53.166666666666664,3.0,2.0,0.6666666666666666,22,29,2453.18,0.23,0.6666666666666666,0.3333333333333333,0.0,0.0,0,0,0.0,516.29,1,1,1.0,7359.54,3,2,0.6666666666666666,7359.54,3,2,0.6666666666666666,0
LGS2ORD0020114,C010991,2025-06-09 07:00:00,Female,57,Bronze,CallCenter,Remote_Area,1046,CallCenter,Credit_Card,7,6,0,0,>50,34.86666666666667,4.0,1.0,0.25,22,36,7726.2525,0.28,0.75,0.5,0.0,0.0,0,0,0.0,0.0,0,0,0.0,22003.27,3,1,0.3333333333333333,30905.01,4,1,0.25,0
LGS2ORD0020115,C010808,2025-06-09 07:00:00,Female,30,Silver,CallCenter,Chiang Mai,765,Web,Credit_Card,7,6,0,0,20-30,25.5,1.0,1.0,1.0,63,72,6454.08,0.3,1.0,1.0,0.0,0.0,0,0,0.0,0.0,0,0,0.0,6454.08,1,1,1.0,6454.08,1,1,1.0,0
LGS2ORD0020116,C011882,2025-06-09 07:00:00,Female,33,Gold,Lazada,Chonburi,1027,Lazada,PromptPay,7,6,0,0,30-40,34.233333333333334,0.0,0.0,0.0,-1,-1,0.0,0.0,0.0,0.0,0.0,0.0,0,0,0.0,0.0,0,0,0.0,0.0,0,0,0.0,0.0,0,0,0.0,0
LGS2ORD0020117,C011857,2025-06-09 07:00:00,Male,37,Bronze,Web,Songkhla,1522,CallCenter,Credit_Card,7,6,0,0,30-40,50.733333333333334,4.0,1.0,0.25,26,42,1938.9125000000001,0.18,0.75,0.0,0.0,0.0,0,0,0.0,0.0,0,0,0.0,6581.01,3,1,0.3333333333333333,7755.650000000001,4,1,0.25,0
LGS2ORD0020118,C017935,2025-06-09 08:00:00,Female,54,Bronze,Web,Phuket,969,CallCenter,PromptPay,8,6,0,0,>50,32.3,3.0,2.0,0.6666666666666666,35,40,5621.246666666666,0.18,1.0,0.0,0.0,0.0,0,0,0.0,0.0,0,0,0.0,8593.19,2,2,1.0,16863.739999999998,3,2,0.6666666666666666,1
LGS2ORD0020119,C011786,2025-06-09 08:00:00,Male,58,Bronze,CallCenter,Bangkok,743,Web,Credit_Card,8,6,0,0,>50,24.766666666666666,2.0,0.0,0.0,-1,115,2396.685,0.18,1.0,0.0,0.0,0.0,0,0,0.0,0.0,0,0,0.0,0.0,0,0,0.0,4793.37,2,0,0.0,0
LGS2ORD0020120,C016312,2025-06-09 08:00:00,Male,38,Bronze,Shopee,Bangkok,1439,Web,Credit_Card,8,6,0,0,30-40,47.96666666666667,3.0,1.0,0.3333333333333333,31,41,9475.666666666666,0.13,0.6666666666666666,0.0,0.0,0.0,0,0,0.0,0.0,0,0,0.0,28427.0,3,1,0.3333333333333333,28427.0,3,1,0.3333333333333333,0
LGS2ORD0020121,C017385,2025-06-09 08:00:00,Male,66,Bronze,Lazada,Bangkok,1167,CallCenter,COD,8,6,0,0,>50,38.9,3.0,0.0,0.0,-1,31,5912.920000000001,0.03,0.3333333333333333,0.0,0.0,0.0,0,0,0.0,0.0,0,0,0.0,17738.760000000002,3,0,0.0,17738.760000000002,3,0,0.0,0
LGS2ORD0020122,C011579,2025-06-09 08:00:00,Female,50,Silver,Lazada,Khon Kaen,1141,CallCenter,Credit_Card,8,6,0,0,40-50,38.03333333333333,1.0,0.0,0.0,-1,52,1606.71,0.2,1.0,0.0,0.0,0.0,0,0,0.0,0.0,0,0,0.0,1606.71,1,0,0.0,1606.71,1,0,0.0,0
LGS2ORD0020123,C012046,2025-06-09 08:00:00,Female,48,Gold,Web,Nakhon Ratchasima,582,CallCenter,Bank_Transfer,8,6,0,0,40-50,19.4,1.0,0.0,0.0,-1,61,7262.76,0.13,1.0,0.0,0.0,0.0,0,0,0.0,0.0,0,0,0.0,7262.76,1,0,0.0,7262.76,1,0,0.0,1
LGS2ORD0020124,C013282,2025-06-09 09:00:00,Female,56,Gold,TV,Remote_Area,964,Lazada,PromptPay,9,6,0,0,>50,32.13333333333333,3.0,2.0,0.6666666666666666,52,64,4446.8,0.28,0.6666666666666666,0.6666666666666666,0.0,0.0,0,0,0.0,0.0,0,0,0.0,2221.03,1,1,1.0,13340.400000000001,3,2,0.6666666666666666,0
LGS2ORD0020125,C013505,2025-06-09 09:00:00,Male,37,Bronze,Web,Chonburi,709,CallCenter,COD,9,6,0,0,30-40,23.633333333333333,0.0,0.0,0.0,-1,-1,0.0,0.0,0.0,0.0,0.0,0.0,0,0,0.0,0.0,0,0,0.0,0.0,0,0,0.0,0.0,0,0,0.0,1
LGS2ORD0020126,C010386,2025-06-09 09:00:00,Female,32,Silver,Web,Bangkok,1105,CallCenter,COD,9,6,0,0,30-40,36.833333333333336,2.0,0.0,0.0,-1,109,5025.3,0.15,0.0,0.0,0.0,0.0,0,0,0.0,0.0,0,0,0.0,0.0,0,0,0.0,10050.6,2,0,0.0,0
LGS2ORD0020127,C011524,2025-06-09 09:00:00,Male,49,Bronze,Shopee,Bangkok,1317,Shopee,COD,9,6,0,0,40-50,43.9,0.0,0.0,0.0,-1,-1,0.0,0.0,0.0,0.0,0.0,0.0,0,0,0.0,0.0,0,0,0.0,0.0,0,0,0.0,0.0,0,0,0.0,0
LGS2ORD0020128,C011555,2025-06-09 09:00:00,Female,31,Silver,Web,Phuket,830,TV_Show,Credit_Card,9,6,0,0,30-40,27.666666666666668,4.0,2.0,0.5,17,24,6286.13,0.3,0.5,0.25,0.0,0.0,0,0,0.0,3322.66,1,1,1.0,23759.23,3,2,0.6666666666666666,25144.52,4,2,0.5,0
LGS2ORD0020129,C015940,2025-06-09 10:00:00,Female,32,Bronze,Shopee,Songkhla,1173,Web,PromptPay,10,6,0,0,30-40,39.1,1.0,0.0,0.0,-1,126,709.26,0.08,0.0,0.0,0.0,0.0,0,0,0.0,0.0,0,0,0.0,0.0,0,0,0.0,709.26,1,0,0.0,0
LGS2ORD0020130,C014482,2025-06-09 10:00:00,Female,55,Bronze,Web,Songkhla,403,TV_Show,Credit_Card,10,6,0,0,>50,13.433333333333334,7.0,3.0,0.42857142857142855,11,16,2923.2328571428566,0.28,0.8571428571428571,0.5714285714285714,0.0,0.0,0,0,0.0,522.6,1,1,1.0,14594.259999999998,5,3,0.6,20462.629999999997,7,3,0.42857142857142855,0
LGS2ORD0020131,C012514,2025-06-09 10:00:00,Male,47,Silver,TV,Nakhon Ratchasima,1522,TV_Show,COD,10,6,0,0,40-50,50.733333333333334,2.0,0.0,0.0,-1,37,6383.83,0.25,1.0,0.5,0.0,0.0,0,0,0.0,0.0,0,0,0.0,1484.13,1,0,0.0,12767.66,2,0,0.0,1
LGS2ORD0020132,C014141,2025-06-09 10:00:00,Male,25,Bronze,Lazada,Nakhon Ratchasima,748,Lazada,COD,10,6,0,0,20-30,24.933333333333334,5.0,1.0,0.2,74,35,5688.374000000001,0.18,0.6,0.0,0.0,0.0,0,0,0.0,0.0,0,0,0.0,9523.71,3,0,0.0,28441.870000000003,5,1,0.2,0
LGS2ORD0020133,C016234,2025-06-09 10:00:00,Male,46,Silver,Web,Bangkok,894,TV_Show,COD,10,6,0,0,40-50,29.8,2.0,1.0,0.5,116,30,8203.39,0.2,1.0,0.0,0.0,0.0,0,0,0.0,0.0,0,0,0.0,15100.27,1,0,0.0,16406.78,2,1,0.5,0
LGS2ORD0020134,C013753,2025-06-09 11:00:00,Male,40,Platinum,Web,Khon Kaen,1601,Shopee,COD,11,6,0,0,30-40,53.36666666666667,3.0,0.0,0.0,-1,29,15622.326666666666,0.1,0.3333333333333333,0.0,0.0,0.0,0,0,0.0,13145.66,1,0,0.0,43278.85,2,0,0.0,46866.979999999996,3,0,0.0,0
LGS2ORD0020135,C015172,2025-06-09 11:00:00,Male,49,Gold,Web,Remote_Area,268,CallCenter,Credit_Card,11,6,0,0,40-50,8.933333333333334,0.0,0.0,0.0,-1,-1,0.0,0.0,0.0,0.0,0.0,0.0,0,0,0.0,0.0,0,0,0.0,0.0,0,0,0.0,0.0,0,0,0.0,0
LGS2ORD0020136,C013007,2025-06-09 11:00:00,Female,33,Silver,Web,Bangkok,1209,Shopee,PromptPay,11,6,0,0,30-40,40.3,1.0,0.0,0.0,-1,42,1335.56,0.15,0.0,0.0,0.0,0.0,0,0,0.0,0.0,0,0,0.0,1335.56,1,0,0.0,1335.56,1,0,0.0,0
LGS2ORD0020137,C016863,2025-06-09 11:00:00,Male,61,Bronze,TV,Songkhla,203,TV_Show,COD,11,6,0,0,>50,6.766666666666667,3.0,0.0,0.0,-1,5,8960.26,0.13,0.3333333333333333,0.0,0.0,890.92,1,0,0.0,5539.72,2,0,0.0,26880.78,3,0,0.0,26880.78,3,0,0.0,0
LGS2ORD0020138,C016324,2025-06-09 11:00:00,Female,48,Bronze,TV,Remote_Area,175,Shopee,Credit_Card,11,6,0,0,40-50,5.833333333333333,2.0,2.0,1.0,48,62,1545.315,0.28,0.5,1.0,0.0,0.0,0,0,0.0,0.0,0,0,0.0,3090.63,2,2,1.0,3090.63,2,2,1.0,0
LGS2ORD0020139,C015858,2025-06-09 12:00:00,Female,41,Gold,Web,Bangkok,1271,TV_Show,PromptPay,12,6,0,0,40-50,42.36666666666667,3.0,1.0,0.3333333333333333,120,7,4448.79,0.2299999999999999,0.3333333333333333,0.3333333333333333,0.0,0.0,0,0,0.0,4503.23,1,0,0.0,4503.23,1,0,0.0,13346.369999999999,3,1,0.3333333333333333,0
LGS2ORD0020140,C017066,2025-06-09 12:00:00,Male,34,Silver,Web,Bangkok,653,Web,PromptPay,12,6,0,0,30-40,21.766666666666666,2.0,0.0,0.0,-1,89,12414.699999999999,0.05,0.5,0.0,0.0,0.0,0,0,0.0,0.0,0,0,0.0,1983.28,1,0,0.0,24829.399999999998,2,0,0.0,0
LGS2ORD0020141,C016991,2025-06-09 12:00:00,Male,42,Bronze,TV,Remote_Area,528,TV_Show,PromptPay,12,6,0,0,40-50,17.6,2.0,1.0,0.5,70,78,13123.58,0.18,1.0,0.0,0.0,0.0,0,0,0.0,0.0,0,0,0.0,26247.16,2,1,0.5,26247.16,2,1,0.5,0
LGS2ORD0020142,C014043,2025-06-09 12:00:00,Female,40,Silver,Shopee,Chonburi,1602,TV_Show,Credit_Card,12,6,0,0,30-40,53.4,3.0,2.0,0.6666666666666666,19,23,6078.09,0.3,0.6666666666666666,1.0,0.0,0.0,0,0,0.0,2344.04,1,1,1.0,5867.29,2,1,0.5,18234.27,3,2,0.6666666666666666,0
LGS2ORD0020143,C011372,2025-06-09 12:00:00,Male,72,Bronze,TV,Chiang Mai,234,TV_Show,COD,12,6,0,0,>50,7.8,5.0,1.0,0.2,130,23,2838.4560000000006,0.28,0.4,0.6,0.0,0.0,0,0,0.0,654.96,1,0,0.0,10749.310000000001,3,0,0.0,14192.280000000002,5,1,0.2,1
LGS2ORD0020144,C010874,2025-06-09 12:00:00,Male,52,Bronze,Web,Bangkok,189,TV_Show,Credit_Card,12,6,0,0,>50,6.3,2.0,0.0,0.0,-1,36,2299.545,0.28,0.5,0.5,0.0,0.0,0,0,0.0,0.0,0,0,0.0,4599.09,2,0,0.0,4599.09,2,0,0.0,0
LGS2ORD0020145,C013031,2025-06-09 13:00:00,Female,40,Silver,TV,Phuket,1228,Lazada,Credit_Card,13,6,0,0,30-40,40.93333333333333,6.0,0.0,0.0,-1,15,3284.3033333333333,0.25,0.5,0.16666666666666666,0.0,0.0,0,0,0.0,1455.89,1,0,0.0,1455.89,1,0,0.0,19705.82,6,0,0.0,0
LGS2ORD0020146,C017679,2025-06-09 13:00:00,Female,26,Bronze,Web,Phuket,542,Lazada,COD,13,6,0,0,20-30,18.066666666666666,2.0,1.0,0.5,100,116,1326.9099999999999,0.18,0.5,0.0,0.0,0.0,0,0,0.0,0.0,0,0,0.0,0.0,0,0,0.0,2653.8199999999997,2,1,0.5,1
LGS2ORD0020147,C012005,2025-06-09 13:00:00,Male,71,Gold,TV,Nakhon Ratchasima,1459,Lazada,COD,13,6,0,0,>50,48.63333333333333,5.0,0.0,0.0,-1,17,4039.7960000000007,0.33,0.4,0.6,0.0,0.0,0,0,0.0,8552.77,2,0,0.0,12845.41,4,0,0.0,20198.980000000003,5,0,0.0,0
LGS2ORD0020148,C010157,2025-06-09 13:00:00,Female,47,Silver,Lazada,Khon Kaen,926,TV_Show,COD,13,6,0,0,40-50,30.866666666666667,3.0,0.0,0.0,-1,7,2885.816666666667,0.3,0.0,0.3333333333333333,0.0,0.0,0,0,0.0,188.23,1,0,0.0,4777.25,2,0,0.0,8657.45,3,0,0.0,0
LGS2ORD0020149,C016635,2025-06-09 13:00:00,Male,28,Silver,TV,Chonburi,1100,TV_Show,Credit_Card,13,6,0,0,20-30,36.666666666666664,0.0,0.0,0.0,-1,-1,0.0,0.0,0.0,0.0,0.0,0.0,0,0,0.0,0.0,0,0,0.0,0.0,0,0,0.0,0.0,0,0,0.0,0
LGS2ORD0020150,C014973,2025-06-09 14:00:00,Male,27,Silver,TV,Chiang Mai,1022,Lazada,COD,14,6,0,0,20-30,34.06666666666667,5.0,1.0,0.2,37,20,3054.6459999999997,0.3,0.6,0.4,0.0,0.0,0,0,0.0,852.07,1,0,0.0,7309.429999999999,3,1,0.3333333333333333,15273.23,5,1,0.2,0
LGS2ORD0020151,C012683,2025-06-09 14:00:00,Male,61,Silver,Web,Phuket,929,Web,Bank_Transfer,14,6,0,0,>50,30.966666666666665,5.0,1.0,0.2,129,36,7685.9619999999995,0.3,0.6,0.2,0.0,0.0,0,0,0.0,0.0,0,0,0.0,36160.96,4,0,0.0,38429.81,5,1,0.2,0
LGS2ORD0020152,C016664,2025-06-09 14:00:00,Female,45,Gold,TV,Songkhla,705,Lazada,COD,14,6,0,0,40-50,23.5,1.0,0.0,0.0,-1,159,646.84,0.08,0.0,0.0,0.0,0.0,0,0,0.0,0.0,0,0,0.0,0.0,0,0,0.0,646.84,1,0,0.0,0
LGS2ORD0020153,C014946,2025-06-09 14:00:00,Male,36,Bronze,TV,Khon Kaen,1215,Lazada,COD,14,6,0,0,30-40,40.5,4.0,2.0,0.5,18,13,3625.3625,0.18,0.5,0.0,0.0,0.0,0,0,0.0,9750.060000000001,2,1,0.5,11730.52,3,1,0.3333333333333333,14501.45,4,2,0.5,1
LGS2ORD0020154,C011531,2025-06-09 14:00:00,Male,53,Silver,TV,Remote_Area,1439,Web,PromptPay,14,6,0,0,>50,47.96666666666667,2.0,1.0,0.5,31,45,1618.6950000000002,0.2,0.5,0.0,0.0,0.0,0,0,0.0,0.0,0,0,0.0,2203.78,1,1,1.0,3237.3900000000003,2,1,0.5,0
LGS2ORD0020155,C011601,2025-06-09 15:00:00,Male,41,Gold,TV,Nakhon Ratchasima,1015,TV_Show,PromptPay,15,6,0,0,40-50,33.833333333333336,1.0,0.0,0.0,-1,138,2779.87,0.28,0.0,1.0,0.0,0.0,0,0,0.0,0.0,0,0,0.0,0.0,0,0,0.0,2779.87,1,0,0.0,0
LGS2ORD0020156,C011681,2025-06-09 15:00:00,Male,42,Bronze,Shopee,Bangkok,185,Lazada,Credit_Card,15,6,0,0,40-50,6.166666666666667,5.0,1.0,0.2,-2,9,5223.724,0.18,0.8,0.0,0.0,0.0,0,0,0.0,3231.99,1,1,1.0,19400.76,4,1,0.25,26118.620000000003,5,1,0.2,0
LGS2ORD0020157,C015171,2025-06-09 15:00:00,Male,45,Bronze,TV,Bangkok,366,Shopee,PromptPay,15,6,0,0,40-50,12.2,1.0,0.0,0.0,-1,48,585.77,0.08,1.0,0.0,0.0,0.0,0,0,0.0,0.0,0,0,0.0,585.77,1,0,0.0,585.77,1,0,0.0,1
LGS2ORD0020158,C012645,2025-06-09 15:00:00,Female,45,Silver,Web,Nakhon Ratchasima,598,Web,COD,15,6,0,0,40-50,19.933333333333334,7.0,2.0,0.2857142857142857,1,12,7003.67,0.2,0.42857142857142855,0.0,0.0,0.0,0,0,0.0,5789.19,1,1,1.0,6765.75,2,1,0.5,49025.69,7,2,0.2857142857142857,1
LGS2ORD0020159,C010557,2025-06-09 15:00:00,Male,51,Bronze,TV,Nakhon Ratchasima,1539,Web,Credit_Card,15,6,0,0,>50,51.3,0.0,0.0,0.0,-1,-1,0.0,0.0,0.0,0.0,0.0,0.0,0,0,0.0,0.0,0,0,0.0,0.0,0,0,0.0,0.0,0,0,0.0,1
LGS2ORD0020160,C015000,2025-06-09 15:00:00,Male,43,Bronze,Shopee,Remote_Area,814,Lazada,COD,15,6,0,0,40-50,27.133333333333333,3.0,0.0,0.0,-1,13,4063.1533333333336,0.18,0.0,0.0,0.0,0.0,0,0,0.0,3742.59,2,0,0.0,12189.460000000001,3,0,0.0,12189.460000000001,3,0,0.0,0
LGS2ORD0020161,C012091,2025-06-09 16:00:00,Female,18,Silver,Shopee,Khon Kaen,639,Shopee,Bank_Transfer,16,6,0,0,<20,21.3,1.0,0.0,0.0,-1,134,3861.22,0.1,0.0,0.0,0.0,0.0,0,0,0.0,0.0,0,0,0.0,0.0,0,0,0.0,3861.22,1,0,0.0,0
LGS2ORD0020162,C011129,2025-06-09 16:00:00,Female,47,Silver,Web,Khon Kaen,835,CallCenter,Credit_Card,16,6,0,0,40-50,27.833333333333332,5.0,2.0,0.4,67,23,3388.6879999999996,0.25,0.8,0.4,0.0,0.0,0,0,0.0,5304.03,1,0,0.0,8252.119999999999,3,1,0.3333333333333333,16943.44,5,2,0.4,1
LGS2ORD0020163,C010660,2025-06-09 16:00:00,Male,20,Bronze,Shopee,Chiang Mai,1511,Shopee,COD,16,6,0,0,<20,50.36666666666667,8.0,3.0,0.375,26,16,5659.526250000001,0.23,0.25,0.5,0.0,0.0,0,0,0.0,23599.84,2,0,0.0,36653.68,6,3,0.5,45276.21000000001,8,3,0.375,0
LGS2ORD0020164,C015765,2025-06-09 16:00:00,Female,28,Bronze,Shopee,Bangkok,193,TV_Show,COD,16,6,0,0,20-30,6.433333333333334,4.0,0.0,0.0,-1,70,5698.4425,0.28,0.75,0.25,0.0,0.0,0,0,0.0,0.0,0,0,0.0,13693.919999999998,2,0,0.0,22793.77,4,0,0.0,0
LGS2ORD0020165,C011659,2025-06-09 16:00:00,Male,45,Gold,TV,Chonburi,1247,TV_Show,COD,16,6,0,0,40-50,41.56666666666667,3.0,1.0,0.3333333333333333,137,19,1973.0733333333335,0.2299999999999999,0.6666666666666666,0.3333333333333333,0.0,0.0,0,0,0.0,1570.28,1,0,0.0,1570.28,1,0,0.0,5919.22,3,1,0.3333333333333333,0
LGS2ORD0020166,C015002,2025-06-09 17:00:00,Female,39,Bronze,Lazada,Nakhon Ratchasima,1556,Shopee,PromptPay,17,6,0,0,30-40,51.86666666666667,2.0,0.0,0.0,-1,38,1235.78,0.18,0.0,0.0,0.0,0.0,0,0,0.0,0.0,0,0,0.0,714.02,1,0,0.0,2471.56,2,0,0.0,0
LGS2ORD0020167,C010466,2025-06-09 17:00:00,Other,29,Silver,Shopee,Chonburi,1143,Web,Credit_Card,17,6,0,0,20-30,38.1,6.0,0.0,0.0,-1,14,4146.843333333333,0.3,0.5,0.5,0.0,0.0,0,0,0.0,1277.17,1,0,0.0,10965.87,3,0,0.0,24881.059999999998,6,0,0.0,0
LGS2ORD0020168,C016619,2025-06-09 17:00:00,Female,41,Silver,Shopee,Khon Kaen,823,Web,Credit_Card,17,6,0,0,40-50,27.433333333333334,4.0,0.0,0.0,-1,23,3568.515,0.3,0.25,0.5,0.0,0.0,0,0,0.0,4085.09,1,0,0.0,4085.09,1,0,0.0,14274.06,4,0,0.0,0
LGS2ORD0020169,C016017,2025-06-09 17:00:00,Female,41,Bronze,TV,Bangkok,193,Lazada,PromptPay,17,6,0,0,40-50,6.433333333333334,4.0,2.0,0.5,6,12,2575.3325,0.23,0.25,0.25,0.0,0.0,0,0,0.0,802.56,1,1,1.0,5355.539999999999,3,2,0.6666666666666666,10301.33,4,2,0.5,0
LGS2ORD0020170,C013251,2025-06-09 17:00:00,Male,30,Silver,Web,Phuket,519,TV_Show,Credit_Card,17,6,0,0,20-30,17.3,2.0,0.0,0.0,-1,115,1968.125,0.2,0.5,0.0,0.0,0.0,0,0,0.0,0.0,0,0,0.0,0.0,0,0,0.0,3936.25,2,0,0.0,0
LGS2ORD0020171,C016134,2025-06-09 18:00:00,Male,37,Silver,Web,Khon Kaen,270,Shopee,COD,18,6,0,0,30-40,9.0,3.0,0.0,0.0,-1,17,1716.55,0.2,0.0,0.0,0.0,0.0,0,0,0.0,488.0,1,0,0.0,4460.75,2,0,0.0,5149.65,3,0,0.0,0
LGS2ORD0020172,C013186,2025-06-09 18:00:00,Female,40,Silver,Web,Chonburi,874,Lazada,PromptPay,18,6,0,0,30-40,29.133333333333333,2.0,1.0,0.5,7,21,19000.92,0.1,0.5,0.0,0.0,0.0,0,0,0.0,3375.25,1,1,1.0,38001.84,2,1,0.5,38001.84,2,1,0.5,1
LGS2ORD0020173,C017380,2025-06-09 18:00:00,Female,41,Bronze,Lazada,Bangkok,243,Lazada,PromptPay,18,6,0,0,40-50,8.1,2.0,0.0,0.0,-1,59,12233.035,0.23,0.0,0.5,0.0,0.0,0,0,0.0,0.0,0,0,0.0,24466.07,2,0,0.0,24466.07,2,0,0.0,0
LGS2ORD0020174,C015151,2025-06-09 18:00:00,Female,43,Gold,TV,Nakhon Ratchasima,272,CallCenter,COD,18,6,0,0,40-50,9.066666666666666,9.0,1.0,0.1111111111111111,78,41,3214.8433333333332,0.28,0.5555555555555556,0.3333333333333333,0.0,0.0,0,0,0.0,0.0,0,0,0.0,17603.27,4,1,0.25,28933.59,9,1,0.1111111111111111,0
LGS2ORD0020175,C016704,2025-06-09 18:00:00,Male,39,Silver,TV,Remote_Area,386,TV_Show,COD,18,6,0,0,30-40,12.866666666666667,0.0,0.0,0.0,-1,-1,0.0,0.0,0.0,0.0,0.0,0.0,0,0,0.0,0.0,0,0,0.0,0.0,0,0,0.0,0.0,0,0,0.0,0
LGS2ORD0020176,C013860,2025-06-09 19:00:00,Female,30,Gold,Shopee,Bangkok,1250,TV_Show,PromptPay,19,6,0,0,20-30,41.666666666666664,2.0,0.0,0.0,-1,128,4437.71,0.33,0.5,1.0,0.0,0.0,0,0,0.0,0.0,0,0,0.0,0.0,0,0,0.0,8875.42,2,0,0.0,1
LGS2ORD0020177,C015791,2025-06-09 19:00:00,Male,60,Bronze,CallCenter,Bangkok,531,TV_Show,Credit_Card,19,6,0,0,>50,17.7,0.0,0.0,0.0,-1,-1,0.0,0.0,0.0,0.0,0.0,0.0,0,0,0.0,0.0,0,0,0.0,0.0,0,0,0.0,0.0,0,0,0.0,1
LGS2ORD0020178,C016167,2025-06-09 19:00:00,Male,46,Silver,TV,Khon Kaen,186,Shopee,Bank_Transfer,19,6,0,0,40-50,6.2,3.0,1.0,0.3333333333333333,55,58,5115.493333333333,0.3,1.0,0.3333333333333333,0.0,0.0,0,0,0.0,0.0,0,0,0.0,10417.650000000001,2,1,0.5,15346.48,3,1,0.3333333333333333,0
LGS2ORD0020179,C014462,2025-06-09 19:00:00,Female,33,Platinum,Lazada,Chonburi,961,TV_Show,COD,19,6,0,0,30-40,32.03333333333333,3.0,0.0,0.0,-1,103,2950.5833333333335,0.3,0.3333333333333333,0.3333333333333333,0.0,0.0,0,0,0.0,0.0,0,0,0.0,0.0,0,0,0.0,8851.75,3,0,0.0,1
LGS2ORD0020180,C017422,2025-06-09 19:00:00,Male,44,Bronze,CallCenter,Bangkok,743,TV_Show,Bank_Transfer,19,6,0,0,40-50,24.766666666666666,3.0,1.0,0.3333333333333333,47,57,5109.156666666667,0.23,0.3333333333333333,0.3333333333333333,0.0,0.0,0,0,0.0,0.0,0,0,0.0,13296.4,2,1,0.5,15327.47,3,1,0.3333333333333333,0
LGS2ORD0020181,C011080,2025-06-09 19:00:00,Female,51,Gold,Web,Bangkok,531,Web,COD,19,6,0,0,>50,17.7,1.0,0.0,0.0,-1,103,24537.36,0.18,1.0,0.0,0.0,0.0,0,0,0.0,0.0,0,0,0.0,0.0,0,0,0.0,24537.36,1,0,0.0,1
LGS2ORD0020182,C014794,2025-06-09 20:00:00,Male,66,Bronze,CallCenter,Chiang Mai,1578,TV_Show,PromptPay,20,6,0,0,>50,52.6,5.0,2.0,0.4,2,11,3412.91,0.23,0.8,0.4,0.0,0.0,0,0,0.0,5696.42,3,2,0.6666666666666666,17064.55,5,2,0.4,17064.55,5,2,0.4,0
LGS2ORD0020183,C014203,2025-06-09 20:00:00,Female,54,Bronze,Shopee,Nakhon Ratchasima,959,Lazada,Bank_Transfer,20,6,0,0,>50,31.966666666666665,4.0,1.0,0.25,128,35,3735.2275,0.28,0.75,0.5,0.0,0.0,0,0,0.0,0.0,0,0,0.0,5077.07,1,0,0.0,14940.91,4,1,0.25,0
LGS2ORD0020184,C013751,2025-06-09 20:00:00,Male,30,Silver,CallCenter,Remote_Area,652,Lazada,COD,20,6,0,0,20-30,21.733333333333334,1.0,0.0,0.0,-1,57,709.89,0.25,1.0,1.0,0.0,0.0,0,0,0.0,0.0,0,0,0.0,709.89,1,0,0.0,709.89,1,0,0.0,0
LGS2ORD0020185,C011379,2025-06-09 20:00:00,Female,33,Bronze,CallCenter,Nakhon Ratchasima,1238,TV_Show,Credit_Card,20,6,0,0,30-40,41.266666666666666,5.0,1.0,0.2,117,2,2803.198,0.23,0.8,0.2,0.0,7645.780000000001,2,0,0.0,11777.41,3,0,0.0,11777.41,3,0,0.0,14015.99,5,1,0.2,0
LGS2ORD0020186,C013298,2025-06-09 20:00:00,Male,59,Bronze,CallCenter,Phuket,1301,CallCenter,COD,20,6,0,0,>50,43.36666666666667,2.0,1.0,0.5,67,78,2738.705,0.08,0.5,0.0,0.0,0.0,0,0,0.0,0.0,0,0,0.0,2654.17,1,1,1.0,5477.41,2,1,0.5,1
LGS2ORD0020187,C012005,2025-06-09 21:00:00,Male,71,Gold,TV,Nakhon Ratchasima,1459,Shopee,Credit_Card,21,6,0,0,>50,48.63333333333333,6.0,0.0,0.0,-1,0,3542.568333333334,0.33,0.5,0.5,0.0,1056.43,1,0,0.0,9609.2,3,0,0.0,13901.84,5,0,0.0,21255.410000000003,6,0,0.0,0
LGS2ORD0020188,C013875,2025-06-09 21:00:00,Male,42,Silver,CallCenter,Bangkok,1250,Shopee,Bank_Transfer,21,6,0,0,40-50,41.666666666666664,3.0,1.0,0.3333333333333333,53,64,907.3033333333333,0.2,0.6666666666666666,0.0,0.0,0.0,0,0,0.0,0.0,0,0,0.0,386.85,1,1,1.0,2721.91,3,1,0.3333333333333333,0
LGS2ORD0020189,C014807,2025-06-09 21:00:00,Male,62,Silver,Web,Khon Kaen,922,Shopee,COD,21,6,0,0,>50,30.733333333333334,7.0,1.0,0.14285714285714285,59,1,6246.582857142857,0.3,0.2857142857142857,0.2857142857142857,0.0,751.94,1,0,0.0,6813.200000000001,2,0,0.0,30418.789999999997,5,1,0.2,43726.08,7,1,0.14285714285714285,0
LGS2ORD0020190,C012191,2025-06-09 21:00:00,Female,58,Gold,Shopee,Bangkok,1385,Web,COD,21,6,0,0,>50,46.166666666666664,4.0,2.0,0.5,91,82,6713.0625,0.2299999999999999,0.75,0.75,0.0,0.0,0,0,0.0,0.0,0,0,0.0,5469.02,1,0,0.0,26852.25,4,2,0.5,0
LGS2ORD0020191,C010148,2025-06-09 21:00:00,Female,27,Gold,TV,Songkhla,1433,TV_Show,COD,21,6,0,0,20-30,47.766666666666666,1.0,0.0,0.0,-1,48,6627.92,0.08,1.0,0.0,0.0,0.0,0,0,0.0,0.0,0,0,0.0,6627.92,1,0,0.0,6627.92,1,0,0.0,0
LGS2ORD0020192,C012268,2025-06-09 22:00:00,Female,44,Bronze,Shopee,Chonburi,1493,Lazada,COD,22,6,0,0,40-50,49.766666666666666,1.0,0.0,0.0,-1,82,1023.32,0.03,1.0,0.0,0.0,0.0,0,0,0.0,0.0,0,0,0.0,1023.32,1,0,0.0,1023.32,1,0,0.0,0
LGS2ORD0020193,C013976,2025-06-09 22:00:00,Female,46,Bronze,CallCenter,Phuket,1478,Web,PromptPay,22,6,0,0,40-50,49.266666666666666,1.0,0.0,0.0,-1,48,1390.51,0.08,1.0,0.0,0.0,0.0,0,0,0.0,0.0,0,0,0.0,1390.51,1,0,0.0,1390.51,1,0,0.0,1
LGS2ORD0020194,C015882,2025-06-09 22:00:00,Female,37,Gold,Shopee,Bangkok,268,TV_Show,Credit_Card,22,6,0,0,30-40,8.933333333333334,3.0,0.0,0.0,-1,47,6085.84,0.28,0.3333333333333333,1.0,0.0,0.0,0,0,0.0,0.0,0,0,0.0,8339.11,1,0,0.0,18257.52,3,0,0.0,0
LGS2ORD0020195,C011193,2025-06-09 22:00:00,Male,35,Gold,Shopee,Bangkok,756,TV_Show,Credit_Card,22,6,0,0,30-40,25.2,0.0,0.0,0.0,-1,-1,0.0,0.0,0.0,0.0,0.0,0.0,0,0,0.0,0.0,0,0,0.0,0.0,0,0,0.0,0.0,0,0,0.0,0
LGS2ORD0020196,C013216,2025-06-09 22:00:00,Female,20,Bronze,TV,Bangkok,1515,TV_Show,Credit_Card,22,6,0,0,<20,50.5,2.0,1.0,0.5,74,57,7283.885,0.28,0.0,0.5,0.0,0.0,0,0,0.0,0.0,0,0,0.0,14567.77,2,1,0.5,14567.77,2,1,0.5,0
LGS2ORD0020197,C012364,2025-06-09 23:00:00,Male,33,Gold,CallCenter,Songkhla,373,TV_Show,COD,23,6,0,0,30-40,12.433333333333334,2.0,2.0,1.0,109,116,1055.11,0.33,1.0,1.0,0.0,0.0,0,0,0.0,0.0,0,0,0.0,0.0,0,0,0.0,2110.22,2,2,1.0,0
LGS2ORD0020198,C017117,2025-06-09 23:00:00,Other,45,Bronze,CallCenter,Khon Kaen,1367,CallCenter,COD,23,6,0,0,40-50,45.56666666666667,1.0,0.0,0.0,-1,81,3831.24,0.28,1.0,1.0,0.0,0.0,0,0,0.0,0.0,0,0,0.0,3831.24,1,0,0.0,3831.24,1,0,0.0,1
LGS2ORD0020199,C012877,2025-06-09 23:00:00,Male,31,Silver,Shopee,Phuket,262,Shopee,Credit_Card,23,6,0,0,30-40,8.733333333333333,2.0,0.0,0.0,-1,16,514.395,0.3,0.5,0.5,0.0,0.0,0,0,0.0,763.69,1,0,0.0,1028.79,2,0,0.0,1028.79,2,0,0.0,0
LGS2ORD0020200,C016309,2025-06-09 23:00:00,Male,38,Silver,Shopee,Bangkok,1296,TV_Show,PromptPay,23,6,0,0,30-40,43.2,1.0,0.0,0.0,-1,97,1912.63,0.1,1.0,0.0,0.0,0.0,0,0,0.0,0.0,0,0,0.0,0.0,0,0,0.0,1912.63,1,0,0.0,0
LGS2ORD0020201,C011120,2025-06-09 23:00:00,Male,32,Silver,TV,Phuket,1222,Web,Credit_Card,23,6,0,0,30-40,40.733333333333334,1.0,0.0,0.0,-1,9,754.19,0.2,0.0,0.0,0.0,0.0,0,0,0.0,754.19,1,0,0.0,754.19,1,0,0.0,754.19,1,0,0.0,0
LGS2ORD0020202,C010186,2025-06-09 23:00:00,Male,21,Bronze,CallCenter,Bangkok,451,CallCenter,Credit_Card,23,6,0,0,20-30,15.033333333333333,1.0,0.0,0.0,-1,69,9006.3,0.28,0.0,1.0,0.0,0.0,0,0,0.0,0.0,0,0,0.0,9006.3,1,0,0.0,9006.3,1,0,0.0,0
LGS2ORD0020203,C013170,2025-06-10 00:00:00,Other,30,Silver,Web,Chonburi,1387,Shopee,COD,0,6,1,0,20-30,46.233333333333334,1.0,0.0,0.0,-1,147,24628.84,0.1,0.0,0.0,0.0,0.0,0,0,0.0,0.0,0,0,0.0,0.0,0,0,0.0,24628.84,1,0,0.0,1
LGS2ORD0020204,C015348,2025-06-10 00:00:00,Male,27,Platinum,Shopee,Bangkok,473,CallCenter,PromptPay,0,6,1,0,20-30,15.766666666666667,3.0,1.0,0.3333333333333333,36,42,758.4666666666667,0.25,0.0,0.3333333333333333,0.0,0.0,0,0,0.0,0.0,0,0,0.0,2275.4,3,1,0.3333333333333333,2275.4,3,1,0.3333333333333333,0
LGS2ORD0020205,C012491,2025-06-10 00:00:00,Male,67,Gold,Lazada,Remote_Area,1572,Web,COD,0,6,1,0,>50,52.4,2.0,1.0,0.5,-4,3,4151.82,0.28,0.5,0.5,0.0,5877.83,1,1,1.0,8303.64,2,1,0.5,8303.64,2,1,0.5,8303.64,2,1,0.5,1
LGS2ORD0020206,C013019,2025-06-10 00:00:00,Female,34,Bronze,TV,Chiang Mai,321,TV_Show,COD,0,6,1,0,30-40,10.7,4.0,1.0,0.25,136,69,3667.4774999999995,0.23,0.5,0.25,0.0,0.0,0,0,0.0,0.0,0,0,0.0,652.88,1,0,0.0,14669.909999999998,4,1,0.25,1
LGS2ORD0020207,C014752,2025-06-10 00:00:00,Other,34,Silver,Shopee,Bangkok,193,Web,COD,0,6,1,0,30-40,6.433333333333334,0.0,0.0,0.0,-1,-1,0.0,0.0,0.0,0.0,0.0,0.0,0,0,0.0,0.0,0,0,0.0,0.0,0,0,0.0,0.0,0,0,0.0,0
LGS2ORD0020208,C012345,2025-06-10 01:00:00,Male,41,Gold,TV,Khon Kaen,712,TV_Show,COD,1,6,1,0,40-50,23.733333333333334,3.0,0.0,0.0,-1,50,7898.373333333333,0.33,0.6666666666666666,0.6666666666666666,0.0,0.0,0,0,0.0,0.0,0,0,0.0,10947.76,2,0,0.0,23695.12,3,0,0.0,0
LGS2ORD0020209,C015017,2025-06-10 01:00:00,Male,50,Bronze,CallCenter,Remote_Area,298,Web,Credit_Card,1,6,1,0,40-50,9.933333333333334,3.0,1.0,0.3333333333333333,97,102,4229.453333333333,0.18,0.3333333333333333,0.0,0.0,0.0,0,0,0.0,0.0,0,0,0.0,0.0,0,0,0.0,12688.359999999999,3,1,0.3333333333333333,0
LGS2ORD0020210,C016574,2025-06-10 01:00:00,Female,33,Bronze,Web,Khon Kaen,198,Web,COD,1,6,1,0,30-40,6.6,4.0,0.0,0.0,-1,34,1979.5649999999998,0.23,0.5,0.25,0.0,0.0,0,0,0.0,0.0,0,0,0.0,5362.59,2,0,0.0,7918.259999999999,4,0,0.0,0
LGS2ORD0020211,C014931,2025-06-10 01:00:00,Female,40,Silver,Lazada,Remote_Area,490,Shopee,Bank_Transfer,1,6,1,0,30-40,16.333333333333332,3.0,2.0,0.6666666666666666,28,38,4700.38,0.2,1.0,0.0,0.0,0.0,0,0,0.0,0.0,0,0,0.0,1011.96,1,1,1.0,14101.14,3,2,0.6666666666666666,0
LGS2ORD0020212,C014711,2025-06-10 01:00:00,Female,49,Silver,Web,Songkhla,794,TV_Show,COD,1,6,1,0,40-50,26.466666666666665,2.0,1.0,0.5,98,112,2147.4900000000002,0.25,0.5,0.5,0.0,0.0,0,0,0.0,0.0,0,0,0.0,0.0,0,0,0.0,4294.9800000000005,2,1,0.5,1
LGS2ORD0020213,C013302,2025-06-10 02:00:00,Male,56,Silver,TV,Remote_Area,1224,Shopee,Credit_Card,2,6,1,0,>50,40.8,3.0,1.0,0.3333333333333333,-2,2,4908.6866666666665,0.25,0.3333333333333333,0.3333333333333333,0.0,3405.75,1,1,1.0,3405.75,1,1,1.0,10952.17,2,1,0.5,14726.06,3,1,0.3333333333333333,0
LGS2ORD0020214,C017743,2025-06-10 02:00:00,Female,55,Silver,Web,Chiang Mai,1347,Lazada,Credit_Card,2,6,1,0,>50,44.9,5.0,3.0,0.6,67,33,4224.342,0.3,0.6,0.2,0.0,0.0,0,0,0.0,0.0,0,0,0.0,14255.060000000001,3,2,0.6666666666666666,21121.71,5,3,0.6,0
LGS2ORD0020215,C016975,2025-06-10 02:00:00,Male,54,Gold,Shopee,Chonburi,350,Lazada,Bank_Transfer,2,6,1,0,>50,11.666666666666666,0.0,0.0,0.0,-1,-1,0.0,0.0,0.0,0.0,0.0,0.0,0,0,0.0,0.0,0,0,0.0,0.0,0,0,0.0,0.0,0,0,0.0,0
LGS2ORD0020216,C015936,2025-06-10 02:00:00,Male,33,Silver,Lazada,Bangkok,188,TV_Show,PromptPay,2,6,1,0,30-40,6.266666666666667,0.0,0.0,0.0,-1,-1,0.0,0.0,0.0,0.0,0.0,0.0,0,0,0.0,0.0,0,0,0.0,0.0,0,0,0.0,0.0,0,0,0.0,0
LGS2ORD0020217,C011226,2025-06-10 02:00:00,Male,56,Silver,TV,Remote_Area,1322,Shopee,COD,2,6,1,0,>50,44.06666666666667,2.0,0.0,0.0,-1,68,2607.61,0.25,0.5,0.5,0.0,0.0,0,0,0.0,0.0,0,0,0.0,5215.22,2,0,0.0,5215.22,2,0,0.0,1
LGS2ORD0020218,C011441,2025-06-10 03:00:00,Male,38,Bronze,TV,Khon Kaen,1215,TV_Show,Credit_Card,3,6,1,0,30-40,40.5,5.0,0.0,0.0,-1,17,9284.244,0.28,0.8,0.4,0.0,0.0,0,0,0.0,7114.06,1,0,0.0,8809.85,2,0,0.0,46421.22,5,0,0.0,0
LGS2ORD0020219,C012163,2025-06-10 03:00:00,Female,45,Gold,Web,Bangkok,507,Web,COD,3,6,1,0,40-50,16.9,2.0,0.0,0.0,-1,44,2930.3650000000002,0.08,0.0,0.0,0.0,0.0,0,0,0.0,0.0,0,0,0.0,1106.18,1,0,0.0,5860.7300000000005,2,0,0.0,1
LGS2ORD0020220,C012282,2025-06-10 03:00:00,Female,20,Silver,TV,Phuket,927,Web,COD,3,6,1,0,<20,30.9,6.0,2.0,0.3333333333333333,3,9,2662.3983333333335,0.3,0.6666666666666666,0.16666666666666666,0.0,0.0,0,0,0.0,6976.15,3,1,0.3333333333333333,13843.93,5,1,0.2,15974.390000000001,6,2,0.3333333333333333,0
LGS2ORD0020221,C016216,2025-06-10 03:00:00,Female,61,Bronze,Shopee,Remote_Area,565,TV_Show,PromptPay,3,6,1,0,>50,18.833333333333332,6.0,1.0,0.16666666666666666,113,51,7267.968333333333,0.28,0.5,0.5,0.0,0.0,0,0,0.0,0.0,0,0,0.0,37046.85,2,0,0.0,43607.81,6,1,0.16666666666666666,0
LGS2ORD0020222,C013780,2025-06-10 03:00:00,Other,20,Bronze,Web,Nakhon Ratchasima,773,Lazada,COD,3,6,1,0,<20,25.766666666666666,4.0,1.0,0.25,-12,2,2498.675,0.28,0.75,0.25,0.0,1241.09,1,1,1.0,1241.09,1,1,1.0,4936.73,3,1,0.3333333333333333,9994.7,4,1,0.25,0
LGS2ORD0020223,C015287,2025-06-10 03:00:00,Female,28,Silver,TV,Phuket,1039,TV_Show,Credit_Card,3,6,1,0,20-30,34.63333333333333,2.0,0.0,0.0,-1,55,7022.635,0.1,0.5,0.0,0.0,0.0,0,0,0.0,0.0,0,0,0.0,9099.83,1,0,0.0,14045.27,2,0,0.0,0
LGS2ORD0020224,C015330,2025-06-10 04:00:00,Female,38,Silver,Lazada,Songkhla,785,Shopee,COD,4,6,1,0,30-40,26.166666666666668,2.0,0.0,0.0,-1,8,1153.655,0.25,0.5,0.5,0.0,0.0,0,0,0.0,558.53,1,0,0.0,558.53,1,0,0.0,2307.31,2,0,0.0,1
LGS2ORD0020225,C016614,2025-06-10 04:00:00,Male,21,Bronze,Web,Bangkok,664,Web,PromptPay,4,6,1,0,20-30,22.133333333333333,3.0,0.0,0.0,-1,17,13192.236666666666,0.08,0.3333333333333333,0.0,0.0,0.0,0,0,0.0,11420.33,1,0,0.0,36651.76,2,0,0.0,39576.71,3,0,0.0,1
LGS2ORD0020226,C011222,2025-06-10 04:00:00,Male,48,Bronze,Web,Songkhla,1604,Shopee,COD,4,6,1,0,40-50,53.46666666666667,4.0,1.0,0.25,36,52,6167.700000000001,0.23,0.0,0.25,0.0,0.0,0,0,0.0,0.0,0,0,0.0,18866.29,2,1,0.5,24670.800000000003,4,1,0.25,0
LGS2ORD0020227,C017113,2025-06-10 04:00:00,Female,50,Bronze,TV,Khon Kaen,370,Shopee,COD,4,6,1,0,40-50,12.333333333333334,2.0,1.0,0.5,19,10,624.905,0.28,0.0,1.0,0.0,0.0,0,0,0.0,1249.81,2,1,0.5,1249.81,2,1,0.5,1249.81,2,1,0.5,0
LGS2ORD0020228,C012745,2025-06-10 04:00:00,Male,43,Silver,Lazada,Songkhla,262,Shopee,COD,4,6,1,0,40-50,8.733333333333333,3.0,1.0,0.3333333333333333,64,80,6596.0,0.25,0.3333333333333333,0.3333333333333333,0.0,0.0,0,0,0.0,0.0,0,0,0.0,7776.29,1,1,1.0,19788.0,3,1,0.3333333333333333,1
LGS2ORD0020229,C011454,2025-06-10 05:00:00,Male,25,Silver,TV,Phuket,1045,Shopee,COD,5,6,1,0,20-30,34.833333333333336,2.0,1.0,0.5,82,93,1693.185,0.1,0.0,0.0,0.0,0.0,0,0,0.0,0.0,0,0,0.0,0.0,0,0,0.0,3386.37,2,1,0.5,0
LGS2ORD0020230,C017104,2025-06-10 05:00:00,Female,51,Silver,Lazada,Bangkok,284,CallCenter,Bank_Transfer,5,6,1,0,>50,9.466666666666667,0.0,0.0,0.0,-1,-1,0.0,0.0,0.0,0.0,0.0,0.0,0,0,0.0,0.0,0,0,0.0,0.0,0,0,0.0,0.0,0,0,0.0,0
LGS2ORD0020231,C015145,2025-06-10 05:00:00,Female,31,Bronze,CallCenter,Remote_Area,1238,Web,COD,5,6,1,0,30-40,41.266666666666666,2.0,2.0,1.0,81,84,8467.705,0.18,0.0,0.0,0.0,0.0,0,0,0.0,0.0,0,0,0.0,3037.18,1,1,1.0,16935.41,2,2,1.0,1
LGS2ORD0020232,C013144,2025-06-10 05:00:00,Female,57,Silver,Lazada,Phuket,340,Shopee,COD,5,6,1,0,>50,11.333333333333334,7.0,2.0,0.2857142857142857,24,0,5984.294285714285,0.25,0.7142857142857143,0.14285714285714285,0.0,17347.05,1,0,0.0,17347.05,1,0,0.0,34266.990000000005,3,2,0.6666666666666666,41890.06,7,2,0.2857142857142857,0
LGS2ORD0020233,C012521,2025-06-10 05:00:00,Female,40,Bronze,TV,Phuket,413,TV_Show,Credit_Card,5,6,1,0,30-40,13.766666666666667,3.0,0.0,0.0,-1,9,7474.8,0.08,1.0,0.0,0.0,0.0,0,0,0.0,17978.1,2,0,0.0,17978.1,2,0,0.0,22424.4,3,0,0.0,0
LGS2ORD0020234,C015067,2025-06-10 06:00:00,Male,50,Bronze,Web,Remote_Area,1233,CallCenter,Credit_Card,6,6,1,0,40-50,41.1,2.0,1.0,0.5,6,10,1815.175,0.03,0.5,0.0,0.0,0.0,0,0,0.0,3630.35,2,1,0.5,3630.35,2,1,0.5,3630.35,2,1,0.5,0
LGS2ORD0020235,C013945,2025-06-10 06:00:00,Male,41,Gold,Lazada,Nakhon Ratchasima,281,Lazada,Bank_Transfer,6,6,1,0,40-50,9.366666666666667,2.0,0.0,0.0,-1,47,1914.6599999999999,0.18,1.0,0.0,0.0,0.0,0,0,0.0,0.0,0,0,0.0,3829.3199999999997,2,0,0.0,3829.3199999999997,2,0,0.0,0
LGS2ORD0020236,C011968,2025-06-10 06:00:00,Male,41,Silver,Shopee,Bangkok,1610,TV_Show,PromptPay,6,6,1,0,40-50,53.666666666666664,3.0,1.0,0.3333333333333333,136,62,4917.533333333333,0.3,0.3333333333333333,0.3333333333333333,0.0,0.0,0,0,0.0,0.0,0,0,0.0,4370.36,1,0,0.0,14752.599999999999,3,1,0.3333333333333333,0
LGS2ORD0020237,C016809,2025-06-10 06:00:00,Female,72,Bronze,TV,Chonburi,729,TV_Show,COD,6,6,1,0,>50,24.3,1.0,1.0,1.0,99,111,2183.63,0.08,0.0,0.0,0.0,0.0,0,0,0.0,0.0,0,0,0.0,0.0,0,0,0.0,2183.63,1,1,1.0,1
LGS2ORD0020238,C016871,2025-06-10 06:00:00,Male,61,Gold,CallCenter,Bangkok,1073,Lazada,Credit_Card,6,6,1,0,>50,35.766666666666666,3.0,0.0,0.0,-1,74,3404.316666666666,0.18,0.3333333333333333,0.0,0.0,0.0,0,0,0.0,0.0,0,0,0.0,4992.48,1,0,0.0,10212.949999999999,3,0,0.0,0
LGS2ORD0020239,C015630,2025-06-10 07:00:00,Female,44,Bronze,Web,Bangkok,546,Lazada,Credit_Card,7,6,1,0,40-50,18.2,1.0,0.0,0.0,-1,98,13261.3,0.03,0.0,0.0,0.0,0.0,0,0,0.0,0.0,0,0,0.0,0.0,0,0,0.0,13261.3,1,0,0.0,0
LGS2ORD0020240,C012301,2025-06-10 07:00:00,Male,48,Bronze,TV,Songkhla,493,Lazada,COD,7,6,1,0,40-50,16.433333333333334,2.0,1.0,0.5,115,77,3688.09,0.08,0.5,0.0,0.0,0.0,0,0,0.0,0.0,0,0,0.0,3186.63,1,0,0.0,7376.18,2,1,0.5,1
LGS2ORD0020241,C013744,2025-06-10 07:00:00,Male,45,Bronze,CallCenter,Songkhla,334,Web,PromptPay,7,6,1,0,40-50,11.133333333333333,3.0,2.0,0.6666666666666666,110,101,2046.043333333333,0.23,0.6666666666666666,0.3333333333333333,0.0,0.0,0,0,0.0,0.0,0,0,0.0,0.0,0,0,0.0,6138.129999999999,3,2,0.6666666666666666,0
LGS2ORD0020242,C013774,2025-06-10 07:00:00,Female,52,Bronze,CallCenter,Songkhla,831,Shopee,Credit_Card,7,6,1,0,>50,27.7,2.0,1.0,0.5,59,20,8489.66,0.18,0.5,0.0,0.0,0.0,0,0,0.0,16056.29,1,0,0.0,16979.32,2,1,0.5,16979.32,2,1,0.5,0
LGS2ORD0020243,C011762,2025-06-10 07:00:00,Female,72,Bronze,Shopee,Songkhla,1211,Lazada,Credit_Card,7,6,1,0,>50,40.36666666666667,4.0,1.0,0.25,53,55,4124.3125,0.28,0.75,0.5,0.0,0.0,0,0,0.0,0.0,0,0,0.0,5715.79,2,1,0.5,16497.25,4,1,0.25,0
LGS2ORD0020244,C014946,2025-06-10 07:00:00,Male,36,Bronze,TV,Khon Kaen,1216,Lazada,Credit_Card,7,6,1,0,30-40,40.53333333333333,5.0,3.0,0.6,-9,0,3039.618,0.18,0.6,0.0,0.0,696.64,1,1,1.0,10446.7,3,2,0.6666666666666666,12427.16,4,2,0.5,15198.09,5,3,0.6,1
LGS2ORD0020245,C011922,2025-06-10 08:00:00,Female,25,Gold,Shopee,Chonburi,1301,Web,Credit_Card,8,6,1,0,20-30,43.36666666666667,4.0,1.0,0.25,25,40,4384.6675,0.18,0.25,0.0,0.0,0.0,0,0,0.0,0.0,0,0,0.0,6808.360000000001,3,1,0.3333333333333333,17538.67,4,1,0.25,0
LGS2ORD0020246,C013449,2025-06-10 08:00:00,Female,52,Bronze,Web,Chonburi,1060,Lazada,Credit_Card,8,6,1,0,>50,35.333333333333336,6.0,3.0,0.5,61,69,7906.793333333334,0.18,0.5,0.0,0.0,0.0,0,0,0.0,0.0,0,0,0.0,31254.68,3,2,0.6666666666666666,47440.76,6,3,0.5,0
LGS2ORD0020247,C015038,2025-06-10 08:00:00,Female,72,Silver,Shopee,Nakhon Ratchasima,1142,Lazada,COD,8,6,1,0,>50,38.06666666666667,1.0,0.0,0.0,-1,94,7092.09,0.05,1.0,0.0,0.0,0.0,0,0,0.0,0.0,0,0,0.0,0.0,0,0,0.0,7092.09,1,0,0.0,1
LGS2ORD0020248,C013146,2025-06-10 08:00:00,Male,31,Bronze,TV,Songkhla,451,Lazada,COD,8,6,1,0,30-40,15.033333333333333,3.0,1.0,0.3333333333333333,112,27,6579.013333333333,0.08,0.3333333333333333,0.0,0.0,0.0,0,0,0.0,3678.85,1,0,0.0,3678.85,1,0,0.0,19737.04,3,1,0.3333333333333333,1
LGS2ORD0020249,C013713,2025-06-10 08:00:00,Male,47,Bronze,TV,Bangkok,562,TV_Show,COD,8,6,1,0,40-50,18.733333333333334,4.0,2.0,0.5,32,38,5958.3375,0.28,0.75,0.5,0.0,0.0,0,0,0.0,0.0,0,0,0.0,16313.13,3,2,0.6666666666666666,23833.35,4,2,0.5,0
LGS2ORD0020250,C011538,2025-06-10 09:00:00,Female,55,Bronze,TV,Phuket,430,Shopee,COD,9,6,1,0,>50,14.333333333333334,5.0,3.0,0.6,59,1,6721.431999999999,0.28,0.8,0.2,0.0,9797.92,1,0,0.0,9797.92,1,0,0.0,28132.6,3,1,0.3333333333333333,33607.159999999996,5,3,0.6,0
LGS2ORD0020251,C014040,2025-06-10 09:00:00,Female,56,Bronze,Lazada,Bangkok,1417,Shopee,COD,9,6,1,0,>50,47.233333333333334,1.0,0.0,0.0,-1,44,2321.47,0.03,1.0,0.0,0.0,0.0,0,0,0.0,0.0,0,0,0.0,2321.47,1,0,0.0,2321.47,1,0,0.0,0
LGS2ORD0020252,C011049,2025-06-10 09:00:00,Female,44,Bronze,Lazada,Bangkok,842,TV_Show,COD,9,6,1,0,40-50,28.066666666666666,3.0,1.0,0.3333333333333333,122,30,2592.226666666667,0.28,0.3333333333333333,0.6666666666666666,0.0,0.0,0,0,0.0,0.0,0,0,0.0,446.96,1,0,0.0,7776.68,3,1,0.3333333333333333,0
LGS2ORD0020253,C017866,2025-06-10 09:00:00,Female,66,Bronze,Shopee,Chonburi,1595,Shopee,COD,9,6,1,0,>50,53.166666666666664,1.0,1.0,1.0,96,101,2132.06,0.23,1.0,1.0,0.0,0.0,0,0,0.0,0.0,0,0,0.0,0.0,0,0,0.0,2132.06,1,1,1.0,0
LGS2ORD0020254,C016835,2025-06-10 09:00:00,Male,46,Bronze,CallCenter,Bangkok,634,Web,PromptPay,9,6,1,0,40-50,21.133333333333333,3.0,1.0,0.3333333333333333,4,18,2092.943333333333,0.23,0.0,0.3333333333333333,0.0,0.0,0,0,0.0,1095.67,1,1,1.0,1095.67,1,1,1.0,6278.83,3,1,0.3333333333333333,0
LGS2ORD0020255,C015930,2025-06-10 10:00:00,Male,31,Gold,Shopee,Phuket,536,Web,COD,10,6,1,0,30-40,17.866666666666667,3.0,0.0,0.0,-1,23,2913.853333333334,0.18,1.0,0.0,0.0,0.0,0,0,0.0,618.33,1,0,0.0,4217.17,2,0,0.0,8741.560000000001,3,0,0.0,1
LGS2ORD0020256,C014308,2025-06-10 10:00:00,Male,48,Bronze,TV,Remote_Area,1185,TV_Show,PromptPay,10,6,1,0,40-50,39.5,1.0,0.0,0.0,-1,51,27536.21,0.03,1.0,0.0,0.0,0.0,0,0,0.0,0.0,0,0,0.0,27536.21,1,0,0.0,27536.21,1,0,0.0,0
LGS2ORD0020257,C013370,2025-06-10 10:00:00,Female,54,Silver,Shopee,Bangkok,1062,Shopee,COD,10,6,1,0,>50,35.4,5.0,1.0,0.2,120,37,2991.3120000000004,0.25,0.8,0.2,0.0,0.0,0,0,0.0,0.0,0,0,0.0,13141.060000000001,3,0,0.0,14956.560000000001,5,1,0.2,0
LGS2ORD0020258,C014037,2025-06-10 10:00:00,Other,51,Gold,Web,Remote_Area,175,Shopee,COD,10,6,1,0,>50,5.833333333333333,1.0,1.0,1.0,87,97,1412.31,0.28,1.0,1.0,0.0,0.0,0,0,0.0,0.0,0,0,0.0,0.0,0,0,0.0,1412.31,1,1,1.0,1
LGS2ORD0020259,C017993,2025-06-10 10:00:00,Female,40,Silver,TV,Bangkok,310,Shopee,Credit_Card,10,6,1,0,30-40,10.333333333333334,0.0,0.0,0.0,-1,-1,0.0,0.0,0.0,0.0,0.0,0.0,0,0,0.0,0.0,0,0,0.0,0.0,0,0,0.0,0.0,0,0,0.0,0
LGS2ORD0020260,C015199,2025-06-10 11:00:00,Male,52,Bronze,Shopee,Bangkok,497,Lazada,PromptPay,11,6,1,0,>50,16.566666666666666,2.0,0.0,0.0,-1,42,913.22,0.18,0.5,0.0,0.0,0.0,0,0,0.0,0.0,0,0,0.0,1826.44,2,0,0.0,1826.44,2,0,0.0,1
LGS2ORD0020261,C016230,2025-06-10 11:00:00,Male,33,Bronze,Shopee,Bangkok,686,Shopee,COD,11,6,1,0,30-40,22.866666666666667,1.0,0.0,0.0,-1,58,5451.38,0.18,1.0,0.0,0.0,0.0,0,0,0.0,0.0,0,0,0.0,5451.38,1,0,0.0,5451.38,1,0,0.0,0
LGS2ORD0020262,C015657,2025-06-10 11:00:00,Male,49,Platinum,Web,Chonburi,476,Web,COD,11,6,1,0,40-50,15.866666666666667,2.0,0.0,0.0,-1,103,20069.755,0.1,0.0,0.0,0.0,0.0,0,0,0.0,0.0,0,0,0.0,0.0,0,0,0.0,40139.51,2,0,0.0,0
LGS2ORD0020263,C014341,2025-06-10 11:00:00,Female,38,Silver,TV,Bangkok,346,Web,COD,11,6,1,0,30-40,11.533333333333333,3.0,0.0,0.0,-1,5,3865.5433333333335,0.25,0.3333333333333333,0.3333333333333333,0.0,542.37,1,0,0.0,542.37,1,0,0.0,11596.630000000001,3,0,0.0,11596.630000000001,3,0,0.0,0
LGS2ORD0020264,C014189,2025-06-10 11:00:00,Female,27,Bronze,Lazada,Khon Kaen,799,CallCenter,Credit_Card,11,6,1,0,20-30,26.633333333333333,2.0,1.0,0.5,16,14,806.3700000000001,0.23,0.5,0.5,0.0,0.0,0,0,0.0,1612.7400000000002,2,1,0.5,1612.7400000000002,2,1,0.5,1612.7400000000002,2,1,0.5,0
LGS2ORD0020265,C015164,2025-06-10 11:00:00,Female,56,Silver,Web,Bangkok,339,Lazada,Bank_Transfer,11,6,1,0,>50,11.3,0.0,0.0,0.0,-1,-1,0.0,0.0,0.0,0.0,0.0,0.0,0,0,0.0,0.0,0,0,0.0,0.0,0,0,0.0,0.0,0,0,0.0,1
LGS2ORD0020266,C017311,2025-06-10 12:00:00,Female,36,Silver,Web,Chiang Mai,1099,Web,PromptPay,12,6,1,0,30-40,36.63333333333333,4.0,3.0,0.75,15,11,1913.965,0.2,0.75,0.0,0.0,0.0,0,0,0.0,3764.54,2,1,0.5,6337.33,3,2,0.6666666666666666,7655.86,4,3,0.75,0
LGS2ORD0020267,C012177,2025-06-10 12:00:00,Female,34,Bronze,Web,Nakhon Ratchasima,1197,Lazada,Bank_Transfer,12,6,1,0,30-40,39.9,4.0,2.0,0.5,22,5,1756.56,0.23,1.0,0.25,0.0,3334.42,1,0,0.0,4109.71,2,1,0.5,7026.24,4,2,0.5,7026.24,4,2,0.5,0
LGS2ORD0020268,C017516,2025-06-10 12:00:00,Male,60,Gold,TV,Bangkok,662,Web,COD,12,6,1,0,>50,22.066666666666666,5.0,0.0,0.0,-1,62,9267.638,0.2299999999999999,0.8,0.2,0.0,0.0,0,0,0.0,0.0,0,0,0.0,38239.78,3,0,0.0,46338.19,5,0,0.0,0
LGS2ORD0020269,C013629,2025-06-10 12:00:00,Male,62,Platinum,Lazada,Chiang Mai,1391,Lazada,Credit_Card,12,6,1,0,>50,46.36666666666667,1.0,1.0,1.0,58,72,6773.75,0.25,0.0,1.0,0.0,0.0,0,0,0.0,0.0,0,0,0.0,6773.75,1,1,1.0,6773.75,1,1,1.0,0
LGS2ORD0020270,C013189,2025-06-10 12:00:00,Female,42,Bronze,Web,Bangkok,1390,CallCenter,COD,12,6,1,0,40-50,46.333333333333336,3.0,0.0,0.0,-1,88,3911.736666666666,0.28,0.3333333333333333,0.3333333333333333,0.0,0.0,0,0,0.0,0.0,0,0,0.0,2800.68,1,0,0.0,11735.21,3,0,0.0,0
LGS2ORD0020271,C013906,2025-06-10 13:00:00,Female,37,Bronze,Shopee,Bangkok,780,TV_Show,Credit_Card,13,6,1,0,30-40,26.0,2.0,1.0,0.5,56,69,8077.375,0.23,1.0,0.5,0.0,0.0,0,0,0.0,0.0,0,0,0.0,16154.75,2,1,0.5,16154.75,2,1,0.5,0
LGS2ORD0020272,C016942,2025-06-10 13:00:00,Male,53,Bronze,TV,Nakhon Ratchasima,1442,Shopee,Credit_Card,13,6,1,0,>50,48.06666666666667,5.0,1.0,0.2,65,73,3254.388,0.23,0.6,0.2,0.0,0.0,0,0,0.0,0.0,0,0,0.0,1266.95,1,1,1.0,16271.94,5,1,0.2,0
LGS2ORD0020273,C014979,2025-06-10 13:00:00,Female,59,Bronze,TV,Chiang Mai,1395,TV_Show,COD,13,6,1,0,>50,46.5,4.0,1.0,0.25,0,6,2869.0299999999997,0.28,0.25,0.25,0.0,3160.2,1,1,1.0,3160.2,1,1,1.0,7674.75,3,1,0.3333333333333333,11476.119999999999,4,1,0.25,0
LGS2ORD0020274,C017822,2025-06-10 13:00:00,Female,40,Bronze,Web,Phuket,1472,Web,Credit_Card,13,6,1,0,30-40,49.06666666666667,4.0,0.0,0.0,-1,25,4091.85,0.28,0.25,0.5,0.0,0.0,0,0,0.0,2544.93,2,0,0.0,16367.4,4,0,0.0,16367.4,4,0,0.0,1
LGS2ORD0020275,C016535,2025-06-10 13:00:00,Male,51,Bronze,Web,Khon Kaen,1483,Web,PromptPay,13,6,1,0,>50,49.43333333333333,4.0,1.0,0.25,131,9,5603.195,0.28,0.5,0.25,0.0,0.0,0,0,0.0,5196.17,1,0,0.0,13329.35,3,0,0.0,22412.78,4,1,0.25,0
LGS2ORD0020276,C017000,2025-06-10 14:00:00,Male,39,Gold,Shopee,Khon Kaen,905,CallCenter,Credit_Card,14,6,1,0,30-40,30.166666666666668,1.0,0.0,0.0,-1,146,1982.49,0.13,0.0,0.0,0.0,0.0,0,0,0.0,0.0,0,0,0.0,0.0,0,0,0.0,1982.49,1,0,0.0,0
LGS2ORD0020277,C015549,2025-06-10 14:00:00,Male,48,Silver,Web,Nakhon Ratchasima,1330,CallCenter,Credit_Card,14,6,1,0,40-50,44.333333333333336,4.0,0.0,0.0,-1,35,3476.1200000000003,0.2,0.25,0.0,0.0,0.0,0,0,0.0,0.0,0,0,0.0,13904.480000000001,4,0,0.0,13904.480000000001,4,0,0.0,0
LGS2ORD0020278,C010095,2025-06-10 14:00:00,Male,29,Gold,TV,Khon Kaen,1117,TV_Show,COD,14,6,1,0,20-30,37.233333333333334,1.0,0.0,0.0,-1,156,4161.02,0.13,1.0,0.0,0.0,0.0,0,0,0.0,0.0,0,0,0.0,0.0,0,0,0.0,4161.02,1,0,0.0,0
LGS2ORD0020279,C011534,2025-06-10 14:00:00,Female,33,Bronze,TV,Khon Kaen,194,Web,Credit_Card,14,6,1,0,30-40,6.466666666666667,3.0,1.0,0.3333333333333333,113,40,4674.166666666667,0.23,0.6666666666666666,0.3333333333333333,0.0,0.0,0,0,0.0,0.0,0,0,0.0,11804.34,1,0,0.0,14022.5,3,1,0.3333333333333333,0
LGS2ORD0020280,C011011,2025-06-10 14:00:00,Male,24,Bronze,Shopee,Phuket,1124,TV_Show,COD,14,6,1,0,20-30,37.46666666666667,2.0,1.0,0.5,81,28,2453.355,0.23,0.5,0.5,0.0,0.0,0,0,0.0,1707.71,1,0,0.0,4906.71,2,1,0.5,4906.71,2,1,0.5,0
LGS2ORD0020281,C011585,2025-06-10 14:00:00,Female,65,Bronze,TV,Chiang Mai,987,Web,Bank_Transfer,14,6,1,0,>50,32.9,2.0,0.0,0.0,-1,7,6656.49,0.18,0.5,0.0,0.0,0.0,0,0,0.0,7394.63,1,0,0.0,13312.98,2,0,0.0,13312.98,2,0,0.0,0
LGS2ORD0020282,C010675,2025-06-10 15:00:00,Female,44,Gold,Web,Chiang Mai,500,Lazada,Credit_Card,15,6,1,0,40-50,16.666666666666668,3.0,0.0,0.0,-1,77,3183.1633333333334,0.28,0.3333333333333333,0.3333333333333333,0.0,0.0,0,0,0.0,0.0,0,0,0.0,8591.07,2,0,0.0,9549.49,3,0,0.0,0
LGS2ORD0020283,C011522,2025-06-10 15:00:00,Male,53,Silver,TV,Khon Kaen,278,Shopee,Credit_Card,15,6,1,0,>50,9.266666666666667,3.0,1.0,0.3333333333333333,49,54,5373.123333333334,0.2,0.3333333333333333,0.0,0.0,0.0,0,0,0.0,0.0,0,0,0.0,16119.37,3,1,0.3333333333333333,16119.37,3,1,0.3333333333333333,0
LGS2ORD0020284,C013016,2025-06-10 15:00:00,Female,56,Bronze,Lazada,Remote_Area,1175,Shopee,Credit_Card,15,6,1,0,>50,39.166666666666664,4.0,1.0,0.25,17,30,1718.2475,0.28,0.5,0.5,0.0,0.0,0,0,0.0,0.0,0,0,0.0,4262.54,2,1,0.5,6872.99,4,1,0.25,0
LGS2ORD0020285,C011564,2025-06-10 15:00:00,Male,45,Silver,Lazada,Chonburi,198,Lazada,Bank_Transfer,15,6,1,0,40-50,6.6,5.0,0.0,0.0,-1,4,5299.4839999999995,0.25,0.4,0.2,0.0,7937.07,1,0,0.0,7937.07,1,0,0.0,22105.19,4,0,0.0,26497.42,5,0,0.0,1
LGS2ORD0020286,C010662,2025-06-10 15:00:00,Male,50,Bronze,TV,Songkhla,462,Web,Credit_Card,15,6,1,0,40-50,15.4,3.0,2.0,0.6666666666666666,48,59,1477.5,0.28,0.6666666666666666,0.3333333333333333,0.0,0.0,0,0,0.0,0.0,0,0,0.0,1319.96,1,1,1.0,4432.5,3,2,0.6666666666666666,1
LGS2ORD0020287,C016240,2025-06-10 16:00:00,Female,42,Bronze,TV,Bangkok,862,Shopee,Credit_Card,16,6,1,0,40-50,28.733333333333334,3.0,1.0,0.3333333333333333,-13,2,11087.503333333334,0.23,1.0,0.3333333333333333,0.0,26887.26,2,1,0.5,26887.26,2,1,0.5,33262.51,3,1,0.3333333333333333,33262.51,3,1,0.3333333333333333,0
LGS2ORD0020288,C016911,2025-06-10 16:00:00,Male,41,Silver,Shopee,Chonburi,1042,Lazada,Bank_Transfer,16,6,1,0,40-50,34.733333333333334,4.0,1.0,0.25,98,52,7218.3475,0.15,0.25,0.0,0.0,0.0,0,0,0.0,0.0,0,0,0.0,11851.75,1,0,0.0,28873.39,4,1,0.25,0
LGS2ORD0020289,C017651,2025-06-10 16:00:00,Female,53,Bronze,TV,Bangkok,1385,CallCenter,COD,16,6,1,0,>50,46.166666666666664,3.0,0.0,0.0,-1,77,1889.5666666666666,0.18,0.6666666666666666,0.0,0.0,0.0,0,0,0.0,0.0,0,0,0.0,1582.29,1,0,0.0,5668.7,3,0,0.0,1
LGS2ORD0020290,C013203,2025-06-10 16:00:00,Male,42,Gold,Lazada,Chonburi,939,Shopee,COD,16,6,1,0,40-50,31.3,1.0,0.0,0.0,-1,110,3669.75,0.13,0.0,0.0,0.0,0.0,0,0,0.0,0.0,0,0,0.0,0.0,0,0,0.0,3669.75,1,0,0.0,0
LGS2ORD0020291,C013727,2025-06-10 16:00:00,Male,41,Bronze,Web,Phuket,865,CallCenter,COD,16,6,1,0,40-50,28.833333333333332,5.0,4.0,0.8,28,41,3356.304,0.23,0.8,0.2,0.0,0.0,0,0,0.0,0.0,0,0,0.0,11003.57,3,2,0.6666666666666666,16781.52,5,4,0.8,0
LGS2ORD0020292,C016068,2025-06-10 17:00:00,Male,37,Platinum,Shopee,Khon Kaen,1539,TV_Show,PromptPay,17,6,1,0,30-40,51.3,0.0,0.0,0.0,-1,-1,0.0,0.0,0.0,0.0,0.0,0.0,0,0,0.0,0.0,0,0,0.0,0.0,0,0,0.0,0.0,0,0,0.0,0
LGS2ORD0020293,C011390,2025-06-10 17:00:00,Female,34,Gold,Web,Bangkok,1441,Shopee,Credit_Card,17,6,1,0,30-40,48.03333333333333,0.0,0.0,0.0,-1,-1,0.0,0.0,0.0,0.0,0.0,0.0,0,0,0.0,0.0,0,0,0.0,0.0,0,0,0.0,0.0,0,0,0.0,0
LGS2ORD0020294,C014934,2025-06-10 17:00:00,Male,48,Silver,TV,Bangkok,1433,Web,Credit_Card,17,6,1,0,40-50,47.766666666666666,2.0,0.0,0.0,-1,71,3157.3,0.3,0.0,1.0,0.0,0.0,0,0,0.0,0.0,0,0,0.0,2736.68,1,0,0.0,6314.6,2,0,0.0,0
LGS2ORD0020295,C010596,2025-06-10 17:00:00,Female,42,Bronze,Shopee,Bangkok,1233,Web,Credit_Card,17,6,1,0,40-50,41.1,3.0,1.0,0.3333333333333333,89,18,4363.87,0.18,0.3333333333333333,0.0,0.0,0.0,0,0,0.0,7537.1,1,0,0.0,7537.1,1,0,0.0,13091.61,3,1,0.3333333333333333,0
LGS2ORD0020296,C013675,2025-06-10 17:00:00,Female,31,Bronze,TV,Chonburi,274,Shopee,Credit_Card,17,6,1,0,30-40,9.133333333333333,1.0,0.0,0.0,-1,113,3255.41,0.08,0.0,0.0,0.0,0.0,0,0,0.0,0.0,0,0,0.0,0.0,0,0,0.0,3255.41,1,0,0.0,0
LGS2ORD0020297,C014394,2025-06-10 18:00:00,Male,42,Platinum,TV,Nakhon Ratchasima,1236,Lazada,COD,18,6,1,0,40-50,41.2,8.0,1.0,0.125,40,2,1974.0037499999999,0.35,0.5,0.25,0.0,2262.47,1,0,0.0,3835.91,2,0,0.0,10059.699999999999,4,1,0.25,15792.029999999999,8,1,0.125,0
LGS2ORD0020298,C015979,2025-06-10 18:00:00,Male,49,Silver,Lazada,Phuket,1441,TV_Show,COD,18,6,1,0,40-50,48.03333333333333,2.0,0.0,0.0,-1,41,1743.9550000000002,0.25,0.5,0.5,0.0,0.0,0,0,0.0,0.0,0,0,0.0,3487.9100000000003,2,0,0.0,3487.9100000000003,2,0,0.0,0
LGS2ORD0020299,C015342,2025-06-10 18:00:00,Male,32,Gold,Lazada,Khon Kaen,193,TV_Show,COD,18,6,1,0,30-40,6.433333333333334,1.0,0.0,0.0,-1,109,5251.74,0.18,0.0,0.0,0.0,0.0,0,0,0.0,0.0,0,0,0.0,0.0,0,0,0.0,5251.74,1,0,0.0,0
LGS2ORD0020300,C013957,2025-06-10 18:00:00,Female,65,Bronze,Lazada,Khon Kaen,523,Lazada,Credit_Card,18,6,1,0,>50,17.433333333333334,0.0,0.0,0.0,-1,-1,0.0,0.0,0.0,0.0,0.0,0.0,0,0,0.0,0.0,0,0,0.0,0.0,0,0,0.0,0.0,0,0,0.0,0
LGS2ORD0020301,C011680,2025-06-10 18:00:00,Female,30,Bronze,Web,Chiang Mai,367,Shopee,Credit_Card,18,6,1,0,20-30,12.233333333333333,2.0,0.0,0.0,-1,10,4575.635,0.03,0.5,0.0,0.0,0.0,0,0,0.0,4211.42,1,0,0.0,9151.27,2,0,0.0,9151.27,2,0,0.0,0
LGS2ORD0020302,C011989,2025-06-10 18:00:00,Male,32,Bronze,TV,Phuket,1206,TV_Show,PromptPay,18,6,1,0,30-40,40.2,6.0,1.0,0.16666666666666666,131,33,6664.839999999999,0.18,0.5,0.0,0.0,0.0,0,0,0.0,0.0,0,0,0.0,16162.54,4,0,0.0,39989.03999999999,6,1,0.16666666666666666,0
LGS2ORD0020303,C012148,2025-06-10 19:00:00,Female,38,Silver,CallCenter,Nakhon Ratchasima,1613,Shopee,COD,19,6,1,0,30-40,53.766666666666666,1.0,0.0,0.0,-1,153,1560.96,0.05,0.0,0.0,0.0,0.0,0,0,0.0,0.0,0,0,0.0,0.0,0,0,0.0,1560.96,1,0,0.0,1
LGS2ORD0020304,C015329,2025-06-10 19:00:00,Male,52,Bronze,Shopee,Phuket,461,CallCenter,Credit_Card,19,6,1,0,>50,15.366666666666667,5.0,3.0,0.6,7,21,5641.343999999999,0.18,0.6,0.0,0.0,0.0,0,0,0.0,1198.51,1,1,1.0,26648.420000000002,4,2,0.5,28206.719999999998,5,3,0.6,0
LGS2ORD0020305,C010813,2025-06-10 19:00:00,Other,37,Bronze,TV,Nakhon Ratchasima,1078,Web,COD,19,6,1,0,30-40,35.93333333333333,4.0,0.0,0.0,-1,2,7118.08,0.13,0.5,0.0,0.0,4871.31,1,0,0.0,5660.93,2,0,0.0,6520.56,3,0,0.0,28472.32,4,0,0.0,1
LGS2ORD0020306,C014248,2025-06-10 19:00:00,Female,33,Bronze,Web,Chonburi,1343,Shopee,Credit_Card,19,6,1,0,30-40,44.766666666666666,1.0,0.0,0.0,-1,87,4400.55,0.08,1.0,0.0,0.0,0.0,0,0,0.0,0.0,0,0,0.0,4400.55,1,0,0.0,4400.55,1,0,0.0,1
LGS2ORD0020307,C015526,2025-06-10 19:00:00,Female,54,Bronze,Lazada,Chonburi,465,TV_Show,PromptPay,19,6,1,0,>50,15.5,2.0,0.0,0.0,-1,81,5808.725,0.23,0.5,0.5,0.0,0.0,0,0,0.0,0.0,0,0,0.0,7457.49,1,0,0.0,11617.45,2,0,0.0,0
LGS2ORD0020308,C010882,2025-06-10 20:00:00,Female,38,Bronze,TV,Bangkok,340,CallCenter,Credit_Card,20,6,1,0,30-40,11.333333333333334,5.0,2.0,0.4,97,34,3282.114,0.23,0.6,0.4,0.0,0.0,0,0,0.0,0.0,0,0,0.0,4739.26,2,0,0.0,16410.57,5,2,0.4,0
LGS2ORD0020309,C012969,2025-06-10 20:00:00,Female,43,Bronze,CallCenter,Phuket,1581,Shopee,COD,20,6,1,0,40-50,52.7,5.0,1.0,0.2,88,71,15301.362,0.23,0.4,0.8,0.0,0.0,0,0,0.0,0.0,0,0,0.0,35873.82,2,0,0.0,76506.81,5,1,0.2,0
LGS2ORD0020310,C013622,2025-06-10 20:00:00,Female,48,Bronze,Shopee,Nakhon Ratchasima,382,TV_Show,COD,20,6,1,0,40-50,12.733333333333333,5.0,2.0,0.4,10,17,2344.454,0.28,0.6,0.2,0.0,0.0,0,0,0.0,4213.26,2,1,0.5,7533.1,4,2,0.5,11722.27,5,2,0.4,0
LGS2ORD0020311,C015531,2025-06-10 20:00:00,Female,32,Bronze,TV,Bangkok,1489,Shopee,COD,20,6,1,0,30-40,49.63333333333333,0.0,0.0,0.0,-1,-1,0.0,0.0,0.0,0.0,0.0,0.0,0,0,0.0,0.0,0,0,0.0,0.0,0,0,0.0,0.0,0,0,0.0,1
LGS2ORD0020312,C014217,2025-06-10 20:00:00,Male,44,Silver,Shopee,Chiang Mai,1390,Lazada,COD,20,6,1,0,40-50,46.333333333333336,4.0,0.0,0.0,-1,11,9207.095000000001,0.2,0.5,0.0,0.0,0.0,0,0,0.0,11433.83,1,0,0.0,19043.05,2,0,0.0,36828.380000000005,4,0,0.0,1
LGS2ORD0020313,C011061,2025-06-10 21:00:00,Female,39,Bronze,CallCenter,Bangkok,538,Lazada,COD,21,6,1,0,30-40,17.933333333333334,2.0,0.0,0.0,-1,26,6473.33,0.03,0.0,0.0,0.0,0.0,0,0,0.0,4503.53,1,0,0.0,4503.53,1,0,0.0,12946.66,2,0,0.0,1
LGS2ORD0020314,C013781,2025-06-10 21:00:00,Female,40,Bronze,TV,Remote_Area,816,Web,COD,21,6,1,0,30-40,27.2,2.0,0.0,0.0,-1,49,1459.4099999999999,0.18,0.5,0.0,0.0,0.0,0,0,0.0,0.0,0,0,0.0,1357.45,1,0,0.0,2918.8199999999997,2,0,0.0,0
LGS2ORD0020315,C012138,2025-06-10 21:00:00,Female,37,Silver,Web,Phuket,1008,CallCenter,COD,21,6,1,0,30-40,33.6,2.0,0.0,0.0,-1,145,3135.83,0.2,0.5,0.0,0.0,0.0,0,0,0.0,0.0,0,0,0.0,0.0,0,0,0.0,6271.66,2,0,0.0,1
LGS2ORD0020316,C011258,2025-06-10 21:00:00,Female,41,Silver,Web,Chonburi,1541,Shopee,PromptPay,21,6,1,0,40-50,51.36666666666667,0.0,0.0,0.0,-1,-1,0.0,0.0,0.0,0.0,0.0,0.0,0,0,0.0,0.0,0,0,0.0,0.0,0,0,0.0,0.0,0,0,0.0,0
LGS2ORD0020317,C011357,2025-06-10 21:00:00,Female,44,Bronze,TV,Nakhon Ratchasima,1010,Web,COD,21,6,1,0,40-50,33.666666666666664,3.0,0.0,0.0,-1,18,1385.6766666666665,0.23,0.6666666666666666,0.3333333333333333,0.0,0.0,0,0,0.0,2505.75,2,0,0.0,4157.03,3,0,0.0,4157.03,3,0,0.0,0
LGS2ORD0020318,C012551,2025-06-10 22:00:00,Male,43,Silver,Lazada,Bangkok,1280,Lazada,Bank_Transfer,22,6,1,0,40-50,42.666666666666664,1.0,0.0,0.0,-1,20,856.91,0.2,1.0,0.0,0.0,0.0,0,0,0.0,856.91,1,0,0.0,856.91,1,0,0.0,856.91,1,0,0.0,0
LGS2ORD0020319,C014861,2025-06-10 22:00:00,Male,39,Gold,Lazada,Songkhla,1420,Shopee,Bank_Transfer,22,6,1,0,30-40,47.333333333333336,0.0,0.0,0.0,-1,-1,0.0,0.0,0.0,0.0,0.0,0.0,0,0,0.0,0.0,0,0,0.0,0.0,0,0,0.0,0.0,0,0,0.0,0
LGS2ORD0020320,C010444,2025-06-10 22:00:00,Male,31,Silver,Lazada,Chonburi,1163,CallCenter,COD,22,6,1,0,30-40,38.766666666666666,0.0,0.0,0.0,-1,-1,0.0,0.0,0.0,0.0,0.0,0.0,0,0,0.0,0.0,0,0,0.0,0.0,0,0,0.0,0.0,0,0,0.0,0
LGS2ORD0020321,C016934,2025-06-10 22:00:00,Female,53,Bronze,Web,Bangkok,881,Lazada,COD,22,6,1,0,>50,29.366666666666667,4.0,0.0,0.0,-1,15,3831.0225,0.18,0.25,0.0,0.0,0.0,0,0,0.0,12320.29,2,0,0.0,13533.480000000001,3,0,0.0,15324.09,4,0,0.0,0
LGS2ORD0020322,C016374,2025-06-10 22:00:00,Female,48,Platinum,Shopee,Khon Kaen,543,CallCenter,COD,22,6,1,0,40-50,18.1,2.0,0.0,0.0,-1,88,3427.12,0.35,0.0,1.0,0.0,0.0,0,0,0.0,0.0,0,0,0.0,3798.92,1,0,0.0,6854.24,2,0,0.0,0
LGS2ORD0020323,C014587,2025-06-10 22:00:00,Male,27,Gold,TV,Bangkok,1321,Web,Bank_Transfer,22,6,1,0,20-30,44.03333333333333,3.0,0.0,0.0,-1,14,11041.083333333334,0.28,0.0,0.3333333333333333,0.0,0.0,0,0,0.0,14634.4,1,0,0.0,33123.25,3,0,0.0,33123.25,3,0,0.0,0
LGS2ORD0020324,C011592,2025-06-10 23:00:00,Male,25,Bronze,Shopee,Remote_Area,297,TV_Show,COD,23,6,1,0,20-30,9.9,2.0,0.0,0.0,-1,45,22705.83,0.28,1.0,0.5,0.0,0.0,0,0,0.0,0.0,0,0,0.0,44825.97,1,0,0.0,45411.66,2,0,0.0,0
LGS2ORD0020325,C016467,2025-06-10 23:00:00,Female,29,Gold,Shopee,Khon Kaen,1571,CallCenter,Bank_Transfer,23,6,1,0,20-30,52.36666666666667,4.0,1.0,0.25,29,38,2971.45,0.33,0.75,0.5,0.0,0.0,0,0,0.0,0.0,0,0,0.0,6391.34,2,1,0.5,11885.8,4,1,0.25,0
LGS2ORD0020326,C014695,2025-06-10 23:00:00,Female,56,Bronze,Shopee,Bangkok,1285,CallCenter,Credit_Card,23,6,1,0,>50,42.833333333333336,2.0,0.0,0.0,-1,5,3643.545,0.28,0.0,0.5,0.0,2777.21,1,0,0.0,2777.21,1,0,0.0,7287.09,2,0,0.0,7287.09,2,0,0.0,0
LGS2ORD0020327,C010457,2025-06-10 23:00:00,Male,42,Gold,TV,Bangkok,337,Shopee,Credit_Card,23,6,1,0,40-50,11.233333333333333,7.0,0.0,0.0,-1,5,9204.152857142859,0.33,0.5714285714285714,0.42857142857142855,0.0,18507.27,1,0,0.0,18507.27,1,0,0.0,30737.28,4,0,0.0,64429.07000000001,7,0,0.0,0
LGS2ORD0020328,C014875,2025-06-10 23:00:00,Male,18,Silver,Shopee,Chonburi,406,Web,PromptPay,23,6,1,0,<20,13.533333333333333,4.0,1.0,0.25,105,50,4345.785,0.3,0.75,0.25,0.0,0.0,0,0,0.0,0.0,0,0,0.0,8357.8,2,0,0.0,17383.14,4,1,0.25,0
LGS2ORD0020329,C016704,2025-06-11 00:00:00,Male,39,Silver,TV,Remote_Area,388,Web,Credit_Card,0,6,2,0,30-40,12.933333333333334,1.0,0.0,0.0,-1,1,2403.66,0.3,1.0,1.0,0.0,2403.66,1,0,0.0,2403.66,1,0,0.0,2403.66,1,0,0.0,2403.66,1,0,0.0,1
LGS2ORD0020330,C016259,2025-06-11 00:00:00,Female,53,Silver,TV,Bangkok,1037,Lazada,PromptPay,0,6,2,0,>50,34.56666666666667,6.0,1.0,0.16666666666666666,113,8,7134.94,0.3,0.5,0.16666666666666666,0.0,0.0,0,0,0.0,13966.060000000001,2,0,0.0,24806.03,4,0,0.0,42809.64,6,1,0.16666666666666666,0
LGS2ORD0020331,C015449,2025-06-11 00:00:00,Female,44,Gold,Web,Chonburi,1129,CallCenter,COD,0,6,2,0,40-50,37.63333333333333,1.0,0.0,0.0,-1,113,1744.21,0.13,1.0,0.0,0.0,0.0,0,0,0.0,0.0,0,0,0.0,0.0,0,0,0.0,1744.21,1,0,0.0,1
LGS2ORD0020332,C010547,2025-06-11 00:00:00,Male,30,Silver,Lazada,Bangkok,364,CallCenter,Credit_Card,0,6,2,0,20-30,12.133333333333333,1.0,0.0,0.0,-1,140,6665.54,0.2,0.0,0.0,0.0,0.0,0,0,0.0,0.0,0,0,0.0,0.0,0,0,0.0,6665.54,1,0,0.0,0
LGS2ORD0020333,C013680,2025-06-11 00:00:00,Female,41,Silver,Web,Khon Kaen,537,Shopee,COD,0,6,2,0,40-50,17.9,4.0,1.0,0.25,79,56,5675.645,0.3,0.5,0.25,0.0,0.0,0,0,0.0,0.0,0,0,0.0,22702.58,4,1,0.25,22702.58,4,1,0.25,0
LGS2ORD0020334,C014296,2025-06-11 01:00:00,Female,37,Gold,Web,Chonburi,176,Shopee,COD,1,6,2,0,30-40,5.866666666666666,1.0,0.0,0.0,-1,65,10693.86,0.08,0.0,0.0,0.0,0.0,0,0,0.0,0.0,0,0,0.0,10693.86,1,0,0.0,10693.86,1,0,0.0,1
LGS2ORD0020335,C011609,2025-06-11 01:00:00,Male,63,Silver,TV,Bangkok,1347,Shopee,COD,1,6,2,0,>50,44.9,3.0,0.0,0.0,-1,4,5612.650000000001,0.2,0.6666666666666666,0.0,0.0,12715.28,1,0,0.0,12715.28,1,0,0.0,12715.28,1,0,0.0,16837.95,3,0,0.0,1
LGS2ORD0020336,C011970,2025-06-11 01:00:00,Male,43,Platinum,Web,Bangkok,1346,CallCenter,Credit_Card,1,6,2,0,40-50,44.86666666666667,0.0,0.0,0.0,-1,-1,0.0,0.0,0.0,0.0,0.0,0.0,0,0,0.0,0.0,0,0,0.0,0.0,0,0,0.0,0.0,0,0,0.0,0
LGS2ORD0020337,C010750,2025-06-11 01:00:00,Male,35,Silver,Lazada,Remote_Area,233,Shopee,Credit_Card,1,6,2,0,30-40,7.766666666666667,2.0,1.0,0.5,24,36,2822.275,0.25,0.5,0.5,0.0,0.0,0,0,0.0,0.0,0,0,0.0,5644.55,2,1,0.5,5644.55,2,1,0.5,0
LGS2ORD0020338,C010981,2025-06-11 01:00:00,Female,43,Bronze,Web,Chonburi,1508,TV_Show,PromptPay,1,6,2,0,40-50,50.266666666666666,2.0,0.0,0.0,-1,98,4068.715,0.28,0.5,0.5,0.0,0.0,0,0,0.0,0.0,0,0,0.0,0.0,0,0,0.0,8137.43,2,0,0.0,1
LGS2ORD0020339,C011766,2025-06-11 02:00:00,Female,32,Silver,TV,Remote_Area,1426,Shopee,COD,2,6,2,0,30-40,47.53333333333333,2.0,0.0,0.0,-1,1,4592.09,0.25,0.0,0.5,0.0,1727.0,1,0,0.0,1727.0,1,0,0.0,9184.18,2,0,0.0,9184.18,2,0,0.0,1
LGS2ORD0020340,C015299,2025-06-11 02:00:00,Male,41,Bronze,CallCenter,Bangkok,1616,Lazada,COD,2,6,2,0,40-50,53.86666666666667,1.0,0.0,0.0,-1,87,381.2,0.13,1.0,0.0,0.0,0.0,0,0,0.0,0.0,0,0,0.0,381.2,1,0,0.0,381.2,1,0,0.0,0
LGS2ORD0020341,C010439,2025-06-11 02:00:00,Female,48,Bronze,TV,Bangkok,1144,TV_Show,Credit_Card,2,6,2,0,40-50,38.13333333333333,7.0,2.0,0.2857142857142857,20,19,2511.8142857142857,0.23,0.7142857142857143,0.14285714285714285,0.0,0.0,0,0,0.0,6774.43,3,0,0.0,10668.32,4,1,0.25,17582.7,7,2,0.2857142857142857,0
LGS2ORD0020342,C011255,2025-06-11 02:00:00,Male,36,Silver,TV,Nakhon Ratchasima,348,TV_Show,COD,2,6,2,0,30-40,11.6,2.0,0.0,0.0,-1,135,18152.95,0.2,0.5,0.0,0.0,0.0,0,0,0.0,0.0,0,0,0.0,0.0,0,0,0.0,36305.9,2,0,0.0,0
LGS2ORD0020343,C010088,2025-06-11 02:00:00,Female,42,Bronze,Shopee,Songkhla,351,TV_Show,Bank_Transfer,2,6,2,0,40-50,11.7,0.0,0.0,0.0,-1,-1,0.0,0.0,0.0,0.0,0.0,0.0,0,0,0.0,0.0,0,0,0.0,0.0,0,0,0.0,0.0,0,0,0.0,0
LGS2ORD0020344,C011905,2025-06-11 02:00:00,Female,63,Silver,TV,Remote_Area,1517,Shopee,COD,2,6,2,0,>50,50.56666666666667,3.0,1.0,0.3333333333333333,39,51,4987.403333333334,0.2,0.0,0.0,0.0,0.0,0,0,0.0,0.0,0,0,0.0,9193.84,2,1,0.5,14962.210000000001,3,1,0.3333333333333333,1
LGS2ORD0020345,C010935,2025-06-11 03:00:00,Male,31,Gold,CallCenter,Bangkok,1049,CallCenter,Credit_Card,3,6,2,0,30-40,34.96666666666667,1.0,0.0,0.0,-1,157,377.15,0.08,1.0,0.0,0.0,0.0,0,0,0.0,0.0,0,0,0.0,0.0,0,0,0.0,377.15,1,0,0.0,1
LGS2ORD0020346,C015761,2025-06-11 03:00:00,Female,25,Bronze,Shopee,Remote_Area,907,Lazada,Bank_Transfer,3,6,2,0,20-30,30.233333333333334,3.0,2.0,0.6666666666666666,-3,6,2384.0833333333335,0.28,0.6666666666666666,0.3333333333333333,0.0,2508.86,1,1,1.0,2508.86,1,1,1.0,5345.620000000001,2,1,0.5,7152.25,3,2,0.6666666666666666,1
LGS2ORD0020347,C010778,2025-06-11 03:00:00,Female,31,Bronze,TV,Bangkok,1600,Lazada,Credit_Card,3,6,2,0,30-40,53.333333333333336,3.0,2.0,0.6666666666666666,82,95,4917.546666666667,0.23,1.0,0.3333333333333333,0.0,0.0,0,0,0.0,0.0,0,0,0.0,0.0,0,0,0.0,14752.640000000001,3,2,0.6666666666666666,0
LGS2ORD0020348,C015099,2025-06-11 03:00:00,Male,39,Gold,Lazada,Chonburi,558,Web,COD,3,6,2,0,30-40,18.6,0.0,0.0,0.0,-1,-1,0.0,0.0,0.0,0.0,0.0,0.0,0,0,0.0,0.0,0,0,0.0,0.0,0,0,0.0,0.0,0,0,0.0,0
LGS2ORD0020349,C013747,2025-06-11 03:00:00,Male,39,Bronze,TV,Bangkok,932,CallCenter,PromptPay,3,6,2,0,30-40,31.066666666666666,2.0,0.0,0.0,-1,133,12350.455,0.18,0.5,0.0,0.0,0.0,0,0,0.0,0.0,0,0,0.0,0.0,0,0,0.0,24700.91,2,0,0.0,1
LGS2ORD0020350,C016973,2025-06-11 04:00:00,Female,33,Bronze,TV,Chiang Mai,598,Lazada,COD,4,6,2,0,30-40,19.933333333333334,4.0,1.0,0.25,1,7,4511.9400000000005,0.18,0.5,0.0,0.0,0.0,0,0,0.0,4440.33,1,1,1.0,14427.67,2,1,0.5,18047.760000000002,4,1,0.25,0
LGS2ORD0020351,C015456,2025-06-11 04:00:00,Female,47,Bronze,TV,Songkhla,344,Web,Credit_Card,4,6,2,0,40-50,11.466666666666667,3.0,1.0,0.3333333333333333,86,59,1372.93,0.28,0.6666666666666666,0.3333333333333333,0.0,0.0,0,0,0.0,0.0,0,0,0.0,2410.96,1,0,0.0,4118.79,3,1,0.3333333333333333,1
LGS2ORD0020352,C016230,2025-06-11 04:00:00,Male,33,Bronze,Shopee,Bangkok,687,Shopee,PromptPay,4,6,2,0,30-40,22.9,2.0,0.0,0.0,-1,0,3303.075,0.18,1.0,0.0,0.0,1154.77,1,0,0.0,1154.77,1,0,0.0,6606.15,2,0,0.0,6606.15,2,0,0.0,0
LGS2ORD0020353,C016821,2025-06-11 04:00:00,Other,57,Bronze,Shopee,Chonburi,663,Shopee,COD,4,6,2,0,>50,22.1,2.0,0.0,0.0,-1,7,10531.044999999998,0.08,0.0,0.0,0.0,0.0,0,0,0.0,2818.49,1,0,0.0,21062.089999999997,2,0,0.0,21062.089999999997,2,0,0.0,0
LGS2ORD0020354,C012015,2025-06-11 04:00:00,Male,57,Bronze,CallCenter,Phuket,1200,Lazada,COD,4,6,2,0,>50,40.0,4.0,2.0,0.5,59,69,5541.595,0.23,0.75,0.25,0.0,0.0,0,0,0.0,0.0,0,0,0.0,19842.3,2,1,0.5,22166.38,4,2,0.5,0
LGS2ORD0020355,C010218,2025-06-11 05:00:00,Male,45,Bronze,Shopee,Chiang Mai,750,Web,PromptPay,5,6,2,0,40-50,25.0,2.0,1.0,0.5,100,100,1337.485,0.18,1.0,0.0,0.0,0.0,0,0,0.0,0.0,0,0,0.0,0.0,0,0,0.0,2674.97,2,1,0.5,0
LGS2ORD0020356,C016569,2025-06-11 05:00:00,Male,44,Gold,Web,Bangkok,665,Shopee,COD,5,6,2,0,40-50,22.166666666666668,3.0,0.0,0.0,-1,60,6661.669999999999,0.2299999999999999,0.6666666666666666,0.6666666666666666,0.0,0.0,0,0,0.0,0.0,0,0,0.0,18996.14,2,0,0.0,19985.01,3,0,0.0,0
LGS2ORD0020357,C017328,2025-06-11 05:00:00,Female,48,Bronze,Lazada,Khon Kaen,1398,CallCenter,PromptPay,5,6,2,0,40-50,46.6,4.0,0.0,0.0,-1,16,3923.5275,0.28,0.75,0.25,0.0,0.0,0,0,0.0,5753.76,1,0,0.0,14983.18,3,0,0.0,15694.11,4,0,0.0,0
LGS2ORD0020358,C012305,2025-06-11 05:00:00,Female,43,Gold,Web,Khon Kaen,1556,Web,COD,5,6,2,0,40-50,51.86666666666667,4.0,0.0,0.0,-1,39,3201.75,0.33,0.75,0.5,0.25,0.0,0,0,0.0,0.0,0,0,0.0,11627.2,3,0,0.0,12807.0,4,0,0.0,0
LGS2ORD0020359,C015262,2025-06-11 05:00:00,Female,27,Bronze,Lazada,Nakhon Ratchasima,391,Web,PromptPay,5,6,2,0,20-30,13.033333333333333,2.0,0.0,0.0,-1,119,5201.34,0.13,0.5,0.0,0.0,0.0,0,0,0.0,0.0,0,0,0.0,0.0,0,0,0.0,10402.68,2,0,0.0,0
LGS2ORD0020360,C017678,2025-06-11 06:00:00,Male,18,Bronze,Shopee,Remote_Area,1258,Web,COD,6,6,2,0,<20,41.93333333333333,8.0,3.0,0.375,56,40,2352.4625,0.23,0.375,0.125,0.125,0.0,0,0,0.0,0.0,0,0,0.0,7805.3,4,3,0.75,18819.7,8,3,0.375,0
LGS2ORD0020361,C014087,2025-06-11 06:00:00,Female,69,Bronze,TV,Phuket,530,Web,COD,6,6,2,0,>50,17.666666666666668,5.0,2.0,0.4,104,84,14793.785999999998,0.23,0.8,0.2,0.0,0.0,0,0,0.0,0.0,0,0,0.0,34417.65,1,0,0.0,73968.93,5,2,0.4,1
LGS2ORD0020362,C013693,2025-06-11 06:00:00,Female,41,Bronze,TV,Bangkok,1184,Shopee,PromptPay,6,6,2,0,40-50,39.46666666666667,1.0,0.0,0.0,-1,51,2222.38,0.18,1.0,0.0,0.0,0.0,0,0,0.0,0.0,0,0,0.0,2222.38,1,0,0.0,2222.38,1,0,0.0,0
LGS2ORD0020363,C010933,2025-06-11 06:00:00,Female,32,Platinum,Web,Nakhon Ratchasima,530,Web,COD,6,6,2,0,30-40,17.666666666666668,2.0,1.0,0.5,2,19,1756.0,0.3,0.0,1.0,0.0,0.0,0,0,0.0,1343.53,1,1,1.0,3512.0,2,1,0.5,3512.0,2,1,0.5,0
LGS2ORD0020364,C014145,2025-06-11 06:00:00,Female,37,Gold,TV,Khon Kaen,329,Lazada,COD,6,6,2,0,30-40,10.966666666666667,2.0,0.0,0.0,-1,20,4139.08,0.28,0.5,0.5,0.0,0.0,0,0,0.0,5611.35,1,0,0.0,5611.35,1,0,0.0,8278.16,2,0,0.0,0
LGS2ORD0020365,C010370,2025-06-11 06:00:00,Female,36,Bronze,CallCenter,Nakhon Ratchasima,1337,Lazada,COD,6,6,2,0,30-40,44.56666666666667,5.0,1.0,0.2,63,4,5053.603999999999,0.18,0.0,0.0,0.0,10748.46,2,0,0.0,12637.22,3,0,0.0,25268.019999999997,5,1,0.2,25268.019999999997,5,1,0.2,0
LGS2ORD0020366,C012807,2025-06-11 07:00:00,Female,37,Gold,TV,Phuket,527,TV_Show,COD,7,6,2,0,30-40,17.566666666666666,2.0,1.0,0.5,20,27,6143.18,0.28,1.0,0.5,0.0,0.0,0,0,0.0,8600.04,1,1,1.0,12286.36,2,1,0.5,12286.36,2,1,0.5,0
LGS2ORD0020367,C013554,2025-06-11 07:00:00,Female,51,Bronze,CallCenter,Khon Kaen,247,Web,COD,7,6,2,0,>50,8.233333333333333,3.0,0.0,0.0,-1,39,3767.683333333333,0.18,0.6666666666666666,0.0,0.0,0.0,0,0,0.0,0.0,0,0,0.0,2699.73,1,0,0.0,11303.05,3,0,0.0,0
LGS2ORD0020368,C013804,2025-06-11 07:00:00,Male,61,Bronze,TV,Bangkok,536,TV_Show,COD,7,6,2,0,>50,17.866666666666667,4.0,1.0,0.25,108,80,4009.79,0.23,0.5,0.25,0.0,0.0,0,0,0.0,0.0,0,0,0.0,6977.33,1,0,0.0,16039.16,4,1,0.25,1
LGS2ORD0020369,C011561,2025-06-11 07:00:00,Female,47,Bronze,Web,Songkhla,1086,Shopee,COD,7,6,2,0,40-50,36.2,2.0,2.0,1.0,24,34,9786.58,0.28,1.0,0.5,0.0,0.0,0,0,0.0,0.0,0,0,0.0,19573.16,2,2,1.0,19573.16,2,2,1.0,0
LGS2ORD0020370,C017662,2025-06-11 07:00:00,Female,57,Platinum,Web,Chiang Mai,1374,TV_Show,COD,7,6,2,0,>50,45.8,0.0,0.0,0.0,-1,-1,0.0,0.0,0.0,0.0,0.0,0.0,0,0,0.0,0.0,0,0,0.0,0.0,0,0,0.0,0.0,0,0,0.0,0
LGS2ORD0020371,C012189,2025-06-11 08:00:00,Female,40,Silver,Lazada,Chiang Mai,707,Shopee,COD,8,6,2,0,30-40,23.566666666666666,1.0,0.0,0.0,-1,161,950.41,0.3,1.0,1.0,0.0,0.0,0,0,0.0,0.0,0,0,0.0,0.0,0,0,0.0,950.41,1,0,0.0,1
LGS2ORD0020372,C016000,2025-06-11 08:00:00,Female,37,Bronze,Lazada,Phuket,467,Web,Credit_Card,8,6,2,0,30-40,15.566666666666666,2.0,0.0,0.0,-1,8,1497.9850000000001,0.28,0.0,0.5,0.0,0.0,0,0,0.0,1609.8,1,0,0.0,1609.8,1,0,0.0,2995.9700000000003,2,0,0.0,0
LGS2ORD0020373,C010875,2025-06-11 08:00:00,Male,54,Bronze,CallCenter,Chonburi,851,CallCenter,Credit_Card,8,6,2,0,>50,28.366666666666667,7.0,1.0,0.14285714285714285,67,3,3810.32,0.18,0.42857142857142855,0.0,0.0,8114.09,1,0,0.0,10029.99,2,0,0.0,18425.54,5,1,0.2,26672.24,7,1,0.14285714285714285,1
LGS2ORD0020374,C011013,2025-06-11 08:00:00,Male,69,Platinum,TV,Nakhon Ratchasima,1110,Lazada,PromptPay,8,6,2,0,>50,37.0,1.0,0.0,0.0,-1,96,1109.13,0.15,0.0,0.0,0.0,0.0,0,0,0.0,0.0,0,0,0.0,0.0,0,0,0.0,1109.13,1,0,0.0,0
LGS2ORD0020375,C015589,2025-06-11 08:00:00,Female,42,Bronze,Web,Chonburi,1011,Shopee,PromptPay,8,6,2,0,40-50,33.7,2.0,1.0,0.5,57,68,2156.21,0.13,1.0,0.0,0.0,0.0,0,0,0.0,0.0,0,0,0.0,4312.42,2,1,0.5,4312.42,2,1,0.5,0
LGS2ORD0020376,C011222,2025-06-11 09:00:00,Male,48,Bronze,Web,Songkhla,1605,CallCenter,COD,9,6,2,0,40-50,53.5,5.0,1.0,0.2,37,1,7287.446000000001,0.23,0.2,0.2,0.0,11766.43,1,0,0.0,11766.43,1,0,0.0,30632.72,3,1,0.3333333333333333,36437.23,5,1,0.2,1
LGS2ORD0020377,C013240,2025-06-11 09:00:00,Male,62,Gold,TV,Songkhla,1413,Web,Credit_Card,9,6,2,0,>50,47.1,5.0,2.0,0.4,32,44,5895.784000000001,0.33,0.4,0.6,0.0,0.0,0,0,0.0,0.0,0,0,0.0,9758.580000000002,2,1,0.5,29478.920000000002,5,2,0.4,0
LGS2ORD0020378,C015377,2025-06-11 09:00:00,Female,36,Silver,Shopee,Songkhla,194,Shopee,Credit_Card,9,6,2,0,30-40,6.466666666666667,1.0,1.0,1.0,140,145,2298.96,0.2,0.0,0.0,0.0,0.0,0,0,0.0,0.0,0,0,0.0,0.0,0,0,0.0,2298.96,1,1,1.0,0
LGS2ORD0020379,C011025,2025-06-11 09:00:00,Male,42,Bronze,Lazada,Phuket,1464,CallCenter,COD,9,6,2,0,40-50,48.8,2.0,2.0,1.0,58,62,4512.035,0.28,1.0,0.5,0.0,0.0,0,0,0.0,0.0,0,0,0.0,8611.5,1,1,1.0,9024.07,2,2,1.0,1
LGS2ORD0020380,C013551,2025-06-11 09:00:00,Male,59,Gold,Shopee,Chiang Mai,995,Web,COD,9,6,2,0,>50,33.166666666666664,0.0,0.0,0.0,-1,-1,0.0,0.0,0.0,0.0,0.0,0.0,0,0,0.0,0.0,0,0,0.0,0.0,0,0,0.0,0.0,0,0,0.0,0
LGS2ORD0020381,C015337,2025-06-11 10:00:00,Female,41,Bronze,TV,Chonburi,376,Lazada,COD,10,6,2,0,40-50,12.533333333333333,3.0,0.0,0.0,-1,48,14605.246666666668,0.13,0.3333333333333333,0.0,0.0,0.0,0,0,0.0,0.0,0,0,0.0,30686.24,1,0,0.0,43815.740000000005,3,0,0.0,0
LGS2ORD0020382,C011712,2025-06-11 10:00:00,Other,54,Bronze,Shopee,Phuket,1295,Shopee,COD,10,6,2,0,>50,43.166666666666664,3.0,1.0,0.3333333333333333,58,61,3507.726666666667,0.28,0.0,0.6666666666666666,0.0,0.0,0,0,0.0,0.0,0,0,0.0,5779.12,2,1,0.5,10523.18,3,1,0.3333333333333333,1
LGS2ORD0020383,C013938,2025-06-11 10:00:00,Male,43,Bronze,TV,Remote_Area,1269,TV_Show,COD,10,6,2,0,40-50,42.3,2.0,2.0,1.0,40,47,2098.87,0.28,1.0,1.0,0.0,0.0,0,0,0.0,0.0,0,0,0.0,3354.61,1,1,1.0,4197.74,2,2,1.0,1
LGS2ORD0020384,C015480,2025-06-11 10:00:00,Female,49,Bronze,Web,Remote_Area,404,TV_Show,COD,10,6,2,0,40-50,13.466666666666667,0.0,0.0,0.0,-1,-1,0.0,0.0,0.0,0.0,0.0,0.0,0,0,0.0,0.0,0,0,0.0,0.0,0,0,0.0,0.0,0,0,0.0,0
LGS2ORD0020385,C014852,2025-06-11 10:00:00,Male,31,Bronze,TV,Bangkok,872,CallCenter,COD,10,6,2,0,30-40,29.066666666666666,1.0,0.0,0.0,-1,126,2404.98,0.13,0.0,0.0,0.0,0.0,0,0,0.0,0.0,0,0,0.0,0.0,0,0,0.0,2404.98,1,0,0.0,0
LGS2ORD0020386,C017706,2025-06-11 10:00:00,Female,45,Bronze,Shopee,Bangkok,1388,Web,PromptPay,10,6,2,0,40-50,46.266666666666666,2.0,0.0,0.0,-1,47,3004.995,0.03,0.0,0.0,0.0,0.0,0,0,0.0,0.0,0,0,0.0,666.56,1,0,0.0,6009.99,2,0,0.0,0
LGS2ORD0020387,C017597,2025-06-11 11:00:00,Male,39,Bronze,TV,Remote_Area,1154,Shopee,COD,11,6,2,0,30-40,38.46666666666667,6.0,1.0,0.16666666666666666,45,13,9641.716666666667,0.28,0.6666666666666666,0.5,0.0,0.0,0,0,0.0,2194.39,1,0,0.0,40725.39,4,1,0.25,57850.3,6,1,0.16666666666666666,1
LGS2ORD0020388,C012151,2025-06-11 11:00:00,Female,36,Silver,Shopee,Remote_Area,1072,Lazada,COD,11,6,2,0,30-40,35.733333333333334,2.0,0.0,0.0,-1,4,3638.945,0.25,0.5,0.5,0.0,5679.59,1,0,0.0,5679.59,1,0,0.0,7277.89,2,0,0.0,7277.89,2,0,0.0,0
LGS2ORD0020389,C011674,2025-06-11 11:00:00,Male,45,Gold,Web,Phuket,1476,TV_Show,COD,11,6,2,0,40-50,49.2,1.0,0.0,0.0,-1,10,3891.82,0.13,0.0,0.0,0.0,0.0,0,0,0.0,3891.82,1,0,0.0,3891.82,1,0,0.0,3891.82,1,0,0.0,0
LGS2ORD0020390,C013906,2025-06-11 11:00:00,Female,37,Bronze,Shopee,Bangkok,781,TV_Show,COD,11,6,2,0,30-40,26.033333333333335,3.0,1.0,0.3333333333333333,57,0,5987.110000000001,0.23,0.6666666666666666,0.3333333333333333,0.0,1806.58,1,0,0.0,1806.58,1,0,0.0,17961.33,3,1,0.3333333333333333,17961.33,3,1,0.3333333333333333,0
LGS2ORD0020391,C013002,2025-06-11 11:00:00,Female,26,Bronze,TV,Songkhla,407,TV_Show,COD,11,6,2,0,20-30,13.566666666666666,2.0,1.0,0.5,71,81,2244.875,0.23,0.5,0.5,0.0,0.0,0,0,0.0,0.0,0,0,0.0,3479.4,1,1,1.0,4489.75,2,1,0.5,0
LGS2ORD0020392,C011716,2025-06-11 12:00:00,Female,48,Bronze,Shopee,Remote_Area,1171,Web,Credit_Card,12,6,2,0,40-50,39.03333333333333,3.0,0.0,0.0,-1,53,4284.026666666667,0.23,0.3333333333333333,0.3333333333333333,0.0,0.0,0,0,0.0,0.0,0,0,0.0,6743.08,2,0,0.0,12852.08,3,0,0.0,1
LGS2ORD0020393,C013137,2025-06-11 12:00:00,Female,31,Gold,TV,Songkhla,597,Lazada,COD,12,6,2,0,30-40,19.9,4.0,2.0,0.5,-2,6,1978.12,0.28,0.5,0.5,0.0,1775.44,1,1,1.0,1775.44,1,1,1.0,6699.43,3,1,0.3333333333333333,7912.48,4,2,0.5,0
LGS2ORD0020394,C013674,2025-06-11 12:00:00,Male,47,Gold,TV,Remote_Area,600,Web,COD,12,6,2,0,40-50,20.0,1.0,1.0,1.0,19,25,2649.17,0.18,0.0,0.0,0.0,0.0,0,0,0.0,2649.17,1,1,1.0,2649.17,1,1,1.0,2649.17,1,1,1.0,0
LGS2ORD0020395,C016769,2025-06-11 12:00:00,Female,44,Platinum,Shopee,Chonburi,479,TV_Show,Credit_Card,12,6,2,0,40-50,15.966666666666667,0.0,0.0,0.0,-1,-1,0.0,0.0,0.0,0.0,0.0,0.0,0,0,0.0,0.0,0,0,0.0,0.0,0,0,0.0,0.0,0,0,0.0,0
LGS2ORD0020396,C012707,2025-06-11 12:00:00,Male,41,Gold,TV,Phuket,275,CallCenter,COD,12,6,2,0,40-50,9.166666666666666,3.0,3.0,1.0,56,63,5553.606666666667,0.2299999999999999,0.6666666666666666,0.6666666666666666,0.0,0.0,0,0,0.0,0.0,0,0,0.0,16164.42,2,2,1.0,16660.82,3,3,1.0,1
LGS2ORD0020397,C010554,2025-06-11 13:00:00,Female,44,Bronze,TV,Songkhla,899,Shopee,Credit_Card,13,6,2,0,40-50,29.966666666666665,3.0,1.0,0.3333333333333333,105,78,2346.6633333333334,0.28,0.3333333333333333,0.3333333333333333,0.0,0.0,0,0,0.0,0.0,0,0,0.0,798.87,1,0,0.0,7039.99,3,1,0.3333333333333333,0
LGS2ORD0020398,C013552,2025-06-11 13:00:00,Female,40,Silver,CallCenter,Bangkok,1221,Lazada,Credit_Card,13,6,2,0,30-40,40.7,3.0,1.0,0.3333333333333333,19,2,2902.4666666666667,0.2,1.0,0.0,0.0,3607.7,1,0,0.0,8707.4,3,1,0.3333333333333333,8707.4,3,1,0.3333333333333333,8707.4,3,1,0.3333333333333333,0
LGS2ORD0020399,C011356,2025-06-11 13:00:00,Female,58,Bronze,Shopee,Chiang Mai,256,Web,COD,13,6,2,0,>50,8.533333333333333,6.0,2.0,0.3333333333333333,37,35,2257.0633333333335,0.28,0.5,0.5,0.0,0.0,0,0,0.0,0.0,0,0,0.0,7362.009999999999,5,2,0.4,13542.380000000001,6,2,0.3333333333333333,1
LGS2ORD0020400,C011415,2025-06-11 13:00:00,Male,40,Platinum,TV,Bangkok,771,Lazada,COD,13,6,2,0,30-40,25.7,1.0,0.0,0.0,-1,48,2971.84,0.15,0.0,0.0,0.0,0.0,0,0,0.0,0.0,0,0,0.0,2971.84,1,0,0.0,2971.84,1,0,0.0,1
LGS2ORD0020401,C013667,2025-06-11 13:00:00,Male,28,Gold,TV,Bangkok,1322,CallCenter,PromptPay,13,6,2,0,20-30,44.06666666666667,1.0,1.0,1.0,25,30,3330.33,0.08,1.0,0.0,0.0,0.0,0,0,0.0,0.0,0,0,0.0,3330.33,1,1,1.0,3330.33,1,1,1.0,0
LGS2ORD0020402,C013700,2025-06-11 13:00:00,Male,41,Silver,Web,Phuket,509,Web,PromptPay,13,6,2,0,40-50,16.966666666666665,0.0,0.0,0.0,-1,-1,0.0,0.0,0.0,0.0,0.0,0.0,0,0,0.0,0.0,0,0,0.0,0.0,0,0,0.0,0.0,0,0,0.0,1
LGS2ORD0020403,C010990,2025-06-11 14:00:00,Other,38,Bronze,Shopee,Bangkok,1567,TV_Show,COD,14,6,2,0,30-40,52.233333333333334,1.0,0.0,0.0,-1,107,7405.32,0.18,1.0,0.0,0.0,0.0,0,0,0.0,0.0,0,0,0.0,0.0,0,0,0.0,7405.32,1,0,0.0,1
LGS2ORD0020404,C011521,2025-06-11 14:00:00,Male,38,Bronze,Lazada,Khon Kaen,1173,Web,PromptPay,14,6,2,0,30-40,39.1,3.0,1.0,0.3333333333333333,21,35,3103.5833333333326,0.23,0.3333333333333333,0.6666666666666666,0.0,0.0,0,0,0.0,0.0,0,0,0.0,620.63,1,1,1.0,9310.749999999998,3,1,0.3333333333333333,1
LGS2ORD0020405,C015708,2025-06-11 14:00:00,Male,46,Bronze,Shopee,Remote_Area,1009,Shopee,Credit_Card,14,6,2,0,40-50,33.63333333333333,2.0,2.0,1.0,60,67,4885.405,0.28,0.5,0.5,0.0,0.0,0,0,0.0,0.0,0,0,0.0,8790.92,1,1,1.0,9770.81,2,2,1.0,0
LGS2ORD0020406,C016656,2025-06-11 14:00:00,Female,43,Bronze,TV,Remote_Area,335,TV_Show,PromptPay,14,6,2,0,40-50,11.166666666666666,3.0,1.0,0.3333333333333333,19,27,5121.9800000000005,0.23,1.0,0.3333333333333333,0.0,0.0,0,0,0.0,3551.24,1,1,1.0,5157.75,2,1,0.5,15365.94,3,1,0.3333333333333333,0
LGS2ORD0020407,C014247,2025-06-11 14:00:00,Female,67,Bronze,Lazada,Songkhla,994,Shopee,PromptPay,14,6,2,0,>50,33.13333333333333,2.0,0.0,0.0,-1,102,2784.05,0.08,0.5,0.0,0.0,0.0,0,0,0.0,0.0,0,0,0.0,0.0,0,0,0.0,5568.1,2,0,0.0,0
LGS2ORD0020408,C014425,2025-06-11 15:00:00,Female,35,Bronze,Web,Bangkok,425,Shopee,COD,15,6,2,0,30-40,14.166666666666666,0.0,0.0,0.0,-1,-1,0.0,0.0,0.0,0.0,0.0,0.0,0,0,0.0,0.0,0,0,0.0,0.0,0,0,0.0,0.0,0,0,0.0,1
LGS2ORD0020409,C012951,2025-06-11 15:00:00,Female,58,Gold,TV,Khon Kaen,882,TV_Show,PromptPay,15,6,2,0,>50,29.4,1.0,0.0,0.0,-1,152,3230.76,0.2299999999999999,1.0,1.0,0.0,0.0,0,0,0.0,0.0,0,0,0.0,0.0,0,0,0.0,3230.76,1,0,0.0,0
LGS2ORD0020410,C012607,2025-06-11 15:00:00,Male,44,Bronze,TV,Chiang Mai,597,TV_Show,COD,15,6,2,0,40-50,19.9,3.0,0.0,0.0,-1,74,2146.6766666666667,0.18,0.3333333333333333,0.0,0.0,0.0,0,0,0.0,0.0,0,0,0.0,2970.64,2,0,0.0,6440.03,3,0,0.0,0
LGS2ORD0020411,C015041,2025-06-11 15:00:00,Female,43,Bronze,Lazada,Bangkok,631,Web,COD,15,6,2,0,40-50,21.033333333333335,3.0,2.0,0.6666666666666666,6,21,11751.19,0.23,1.0,0.6666666666666666,0.0,0.0,0,0,0.0,1771.38,1,1,1.0,1771.38,1,1,1.0,35253.57,3,2,0.6666666666666666,0
LGS2ORD0020412,C017740,2025-06-11 15:00:00,Female,34,Silver,Web,Remote_Area,295,TV_Show,PromptPay,15,6,2,0,30-40,9.833333333333334,1.0,0.0,0.0,-1,23,17499.4,0.05,0.0,0.0,0.0,0.0,0,0,0.0,17499.4,1,0,0.0,17499.4,1,0,0.0,17499.4,1,0,0.0,0
LGS2ORD0020413,C015959,2025-06-11 16:00:00,Male,36,Platinum,Shopee,Bangkok,1047,Lazada,COD,16,6,2,0,30-40,34.9,2.0,0.0,0.0,-1,39,10738.26,0.35,1.0,1.0,0.0,0.0,0,0,0.0,0.0,0,0,0.0,14933.31,1,0,0.0,21476.52,2,0,0.0,1
LGS2ORD0020414,C011573,2025-06-11 16:00:00,Female,53,Platinum,Web,Chonburi,273,Web,COD,16,6,2,0,>50,9.1,3.0,1.0,0.3333333333333333,117,43,2965.9533333333334,0.35,0.6666666666666666,1.0,0.0,0.0,0,0,0.0,0.0,0,0,0.0,7316.52,2,0,0.0,8897.86,3,1,0.3333333333333333,0
LGS2ORD0020415,C015233,2025-06-11 16:00:00,Female,23,Gold,Shopee,Khon Kaen,1079,Lazada,Credit_Card,16,6,2,0,20-30,35.96666666666667,3.0,0.0,0.0,-1,11,5517.446666666667,0.28,0.6666666666666666,0.6666666666666666,0.0,0.0,0,0,0.0,14904.93,2,0,0.0,16552.34,3,0,0.0,16552.34,3,0,0.0,1
LGS2ORD0020416,C012722,2025-06-11 16:00:00,Male,53,Gold,Shopee,Songkhla,858,Shopee,Bank_Transfer,16,6,2,0,>50,28.6,2.0,1.0,0.5,100,31,2957.9849999999997,0.2299999999999999,0.5,1.0,0.0,0.0,0,0,0.0,0.0,0,0,0.0,2843.56,1,0,0.0,5915.969999999999,2,1,0.5,1
LGS2ORD0020417,C014435,2025-06-11 16:00:00,Female,35,Bronze,TV,Remote_Area,438,TV_Show,COD,16,6,2,0,30-40,14.6,4.0,3.0,0.75,90,108,6611.92,0.28,0.5,0.25,0.0,0.0,0,0,0.0,0.0,0,0,0.0,0.0,0,0,0.0,26447.68,4,3,0.75,0
LGS2ORD0020418,C016811,2025-06-11 17:00:00,Female,38,Gold,Web,Chonburi,888,Lazada,COD,17,6,2,0,30-40,29.6,0.0,0.0,0.0,-1,-1,0.0,0.0,0.0,0.0,0.0,0.0,0,0,0.0,0.0,0,0,0.0,0.0,0,0,0.0,0.0,0,0,0.0,0
LGS2ORD0020419,C011462,2025-06-11 17:00:00,Female,47,Silver,TV,Phuket,1271,Lazada,Credit_Card,17,6,2,0,40-50,42.36666666666667,5.0,1.0,0.2,31,11,5878.908,0.2,0.6,0.0,0.0,0.0,0,0,0.0,9952.44,3,0,0.0,29394.54,5,1,0.2,29394.54,5,1,0.2,0
LGS2ORD0020420,C013976,2025-06-11 17:00:00,Female,46,Bronze,CallCenter,Phuket,1480,Shopee,COD,17,6,2,0,40-50,49.333333333333336,2.0,1.0,0.5,-12,1,4726.53,0.08,0.5,0.0,0.0,8062.55,1,1,1.0,8062.55,1,1,1.0,9453.06,2,1,0.5,9453.06,2,1,0.5,0
LGS2ORD0020421,C015954,2025-06-11 17:00:00,Female,58,Bronze,TV,Remote_Area,817,Lazada,Credit_Card,17,6,2,0,>50,27.233333333333334,1.0,0.0,0.0,-1,133,3762.79,0.13,1.0,0.0,0.0,0.0,0,0,0.0,0.0,0,0,0.0,0.0,0,0,0.0,3762.79,1,0,0.0,0
LGS2ORD0020422,C011286,2025-06-11 17:00:00,Female,48,Bronze,CallCenter,Khon Kaen,392,Web,Credit_Card,17,6,2,0,40-50,13.066666666666666,4.0,0.0,0.0,-1,28,4714.469999999999,0.23,0.25,0.75,0.0,0.0,0,0,0.0,1503.42,1,0,0.0,4398.6,2,0,0.0,18857.879999999997,4,0,0.0,0
LGS2ORD0020423,C016933,2025-06-11 17:00:00,Female,36,Silver,Web,Songkhla,1378,TV_Show,Credit_Card,17,6,2,0,30-40,45.93333333333333,2.0,0.0,0.0,-1,26,3352.77,0.1,0.5,0.0,0.0,0.0,0,0,0.0,2219.08,1,0,0.0,6705.54,2,0,0.0,6705.54,2,0,0.0,0
LGS2ORD0020424,C011268,2025-06-11 18:00:00,Female,43,Gold,Lazada,Khon Kaen,1509,TV_Show,COD,18,6,2,0,40-50,50.3,5.0,1.0,0.2,26,11,4073.804,0.28,0.4,0.8,0.0,0.0,0,0,0.0,5587.83,2,1,0.5,15765.400000000001,3,1,0.3333333333333333,20369.02,5,1,0.2,0
LGS2ORD0020425,C016173,2025-06-11 18:00:00,Female,45,Gold,TV,Remote_Area,1171,TV_Show,Credit_Card,18,6,2,0,40-50,39.03333333333333,4.0,1.0,0.25,55,49,6409.165,0.2299999999999999,0.5,0.25,0.0,0.0,0,0,0.0,0.0,0,0,0.0,23451.66,3,1,0.3333333333333333,25636.66,4,1,0.25,0
LGS2ORD0020426,C011735,2025-06-11 18:00:00,Female,28,Bronze,TV,Bangkok,847,TV_Show,COD,18,6,2,0,20-30,28.233333333333334,3.0,1.0,0.3333333333333333,142,27,4973.893333333333,0.23,0.3333333333333333,0.3333333333333333,0.0,0.0,0,0,0.0,1417.3,1,0,0.0,13548.56,2,0,0.0,14921.68,3,1,0.3333333333333333,1
LGS2ORD0020427,C012334,2025-06-11 18:00:00,Female,60,Gold,TV,Khon Kaen,1532,Lazada,COD,18,6,2,0,>50,51.06666666666667,3.0,2.0,0.6666666666666666,54,44,13250.300000000001,0.2299999999999999,0.3333333333333333,0.3333333333333333,0.0,0.0,0,0,0.0,0.0,0,0,0.0,39750.9,3,2,0.6666666666666666,39750.9,3,2,0.6666666666666666,0
LGS2ORD0020428,C016148,2025-06-11 18:00:00,Female,50,Bronze,Web,Nakhon Ratchasima,1143,Lazada,COD,18,6,2,0,40-50,38.1,0.0,0.0,0.0,-1,-1,0.0,0.0,0.0,0.0,0.0,0.0,0,0,0.0,0.0,0,0,0.0,0.0,0,0,0.0,0.0,0,0,0.0,0
LGS2ORD0020429,C016485,2025-06-11 19:00:00,Male,38,Silver,Shopee,Songkhla,1417,Web,Credit_Card,19,6,2,0,30-40,47.233333333333334,3.0,2.0,0.6666666666666666,85,89,2978.9133333333334,0.3,0.3333333333333333,0.6666666666666666,0.0,0.0,0,0,0.0,0.0,0,0,0.0,7113.4,1,0,0.0,8936.74,3,2,0.6666666666666666,0
LGS2ORD0020430,C015091,2025-06-11 19:00:00,Female,38,Silver,TV,Chiang Mai,646,Lazada,COD,19,6,2,0,30-40,21.533333333333335,5.0,1.0,0.2,77,43,3529.5939999999996,0.2,0.8,0.0,0.0,0.0,0,0,0.0,0.0,0,0,0.0,1201.55,1,0,0.0,17647.969999999998,5,1,0.2,1
LGS2ORD0020431,C014294,2025-06-11 19:00:00,Male,53,Gold,Web,Chonburi,541,TV_Show,COD,19,6,2,0,>50,18.033333333333335,2.0,0.0,0.0,-1,86,479.18,0.28,0.5,0.5,0.0,0.0,0,0,0.0,0.0,0,0,0.0,777.39,1,0,0.0,958.36,2,0,0.0,1
LGS2ORD0020432,C012803,2025-06-11 19:00:00,Female,32,Bronze,Lazada,Songkhla,302,TV_Show,COD,19,6,2,0,30-40,10.066666666666666,5.0,3.0,0.6,32,36,2417.3,0.23,0.4,0.2,0.0,0.0,0,0,0.0,0.0,0,0,0.0,8472.89,3,2,0.6666666666666666,12086.5,5,3,0.6,0
LGS2ORD0020433,C017048,2025-06-11 19:00:00,Male,46,Bronze,Lazada,Khon Kaen,1183,Lazada,COD,19,6,2,0,40-50,39.43333333333333,5.0,0.0,0.0,-1,27,3741.9600000000005,0.28,0.8,0.2,0.0,0.0,0,0,0.0,1808.29,1,0,0.0,5363.8,2,0,0.0,18709.800000000003,5,0,0.0,0
LGS2ORD0020434,C010281,2025-06-11 20:00:00,Female,40,Silver,Web,Bangkok,498,Lazada,Bank_Transfer,20,6,2,0,30-40,16.6,3.0,2.0,0.6666666666666666,34,44,997.0,0.25,0.0,0.3333333333333333,0.0,0.0,0,0,0.0,0.0,0,0,0.0,2615.75,2,1,0.5,2991.0,3,2,0.6666666666666666,0
LGS2ORD0020435,C012342,2025-06-11 20:00:00,Other,43,Platinum,Lazada,Bangkok,1309,Web,PromptPay,20,6,2,0,40-50,43.63333333333333,3.0,0.0,0.0,-1,137,8359.146666666666,0.25,0.6666666666666666,0.3333333333333333,0.0,0.0,0,0,0.0,0.0,0,0,0.0,0.0,0,0,0.0,25077.44,3,0,0.0,0
LGS2ORD0020436,C013261,2025-06-11 20:00:00,Female,40,Bronze,Shopee,Chonburi,307,Shopee,Credit_Card,20,6,2,0,30-40,10.233333333333333,3.0,0.0,0.0,-1,14,2251.4966666666664,0.23,0.0,1.0,0.0,0.0,0,0,0.0,2105.06,1,0,0.0,2105.06,1,0,0.0,6754.49,3,0,0.0,0
LGS2ORD0020437,C017272,2025-06-11 20:00:00,Male,42,Silver,TV,Songkhla,1212,CallCenter,Credit_Card,20,6,2,0,40-50,40.4,5.0,3.0,0.6,-9,6,3204.7840000000006,0.3,0.6,0.2,0.0,1268.7,1,1,1.0,9248.41,3,1,0.3333333333333333,12830.900000000001,4,2,0.5,16023.920000000002,5,3,0.6,0
LGS2ORD0020438,C014215,2025-06-11 20:00:00,Female,68,Bronze,TV,Phuket,630,Web,COD,20,6,2,0,>50,21.0,3.0,2.0,0.6666666666666666,3,11,12445.11,0.28,0.6666666666666666,0.3333333333333333,0.0,0.0,0,0,0.0,23303.84,1,1,1.0,23303.84,1,1,1.0,37335.33,3,2,0.6666666666666666,0
LGS2ORD0020439,C016054,2025-06-11 21:00:00,Male,39,Silver,Shopee,Bangkok,1579,Lazada,Credit_Card,21,6,2,0,30-40,52.63333333333333,2.0,1.0,0.5,44,54,10491.14,0.1,0.5,0.0,0.0,0.0,0,0,0.0,0.0,0,0,0.0,19968.32,1,1,1.0,20982.28,2,1,0.5,1
LGS2ORD0020440,C014886,2025-06-11 21:00:00,Female,31,Gold,TV,Khon Kaen,567,TV_Show,COD,21,6,2,0,30-40,18.9,5.0,0.0,0.0,-1,50,3387.084,0.33,0.2,0.6,0.0,0.0,0,0,0.0,0.0,0,0,0.0,7962.07,2,0,0.0,16935.42,5,0,0.0,0
LGS2ORD0020441,C013758,2025-06-11 21:00:00,Male,41,Silver,Lazada,Chonburi,1048,CallCenter,COD,21,6,2,0,40-50,34.93333333333333,2.0,0.0,0.0,-1,43,3024.115,0.25,0.0,1.0,0.0,0.0,0,0,0.0,0.0,0,0,0.0,3881.11,1,0,0.0,6048.23,2,0,0.0,1
LGS2ORD0020442,C012258,2025-06-11 21:00:00,Male,41,Bronze,Shopee,Songkhla,1047,Shopee,COD,21,6,2,0,40-50,34.9,3.0,2.0,0.6666666666666666,2,4,8035.846666666665,0.08,1.0,0.0,0.0,2555.96,1,1,1.0,2555.96,1,1,1.0,19061.989999999998,2,1,0.5,24107.539999999997,3,2,0.6666666666666666,1
LGS2ORD0020443,C013158,2025-06-11 21:00:00,Male,51,Silver,Shopee,Chonburi,943,Shopee,Credit_Card,21,6,2,0,>50,31.433333333333334,3.0,1.0,0.3333333333333333,131,27,2879.3866666666668,0.3,0.0,0.3333333333333333,0.0,0.0,0,0,0.0,1066.5,1,0,0.0,1066.5,1,0,0.0,8638.16,3,1,0.3333333333333333,0
LGS2ORD0020444,C016051,2025-06-11 21:00:00,Female,51,Bronze,Lazada,Bangkok,518,Shopee,COD,21,6,2,0,>50,17.266666666666666,3.0,1.0,0.3333333333333333,150,33,9500.466666666667,0.18,0.3333333333333333,0.0,0.0,0.0,0,0,0.0,0.0,0,0,0.0,5940.5,1,0,0.0,28501.4,3,1,0.3333333333333333,1
LGS2ORD0020445,C013670,2025-06-11 22:00:00,Female,29,Silver,CallCenter,Chiang Mai,785,CallCenter,COD,22,6,2,0,20-30,26.166666666666668,4.0,1.0,0.25,58,12,5794.294999999999,0.25,0.75,0.25,0.0,0.0,0,0,0.0,5059.12,1,0,0.0,19421.21,3,1,0.3333333333333333,23177.179999999997,4,1,0.25,0
LGS2ORD0020446,C011998,2025-06-11 22:00:00,Female,53,Silver,TV,Bangkok,1126,CallCenter,Bank_Transfer,22,6,2,0,>50,37.53333333333333,4.0,1.0,0.25,47,39,2246.9075000000003,0.25,0.75,0.75,0.0,0.0,0,0,0.0,0.0,0,0,0.0,6258.66,3,1,0.3333333333333333,8987.630000000001,4,1,0.25,0
LGS2ORD0020447,C017320,2025-06-11 22:00:00,Male,52,Silver,Web,Bangkok,1014,CallCenter,COD,22,6,2,0,>50,33.8,2.0,0.0,0.0,-1,77,12784.18,0.2,0.0,0.0,0.0,0.0,0,0,0.0,0.0,0,0,0.0,401.23,1,0,0.0,25568.36,2,0,0.0,0
LGS2ORD0020448,C010502,2025-06-11 22:00:00,Male,61,Bronze,TV,Remote_Area,762,TV_Show,COD,22,6,2,0,>50,25.4,6.0,2.0,0.3333333333333333,75,20,4695.336666666666,0.23,0.6666666666666666,0.16666666666666666,0.0,0.0,0,0,0.0,5917.28,1,0,0.0,19994.91,5,1,0.2,28172.019999999997,6,2,0.3333333333333333,0
LGS2ORD0020449,C017311,2025-06-11 22:00:00,Female,36,Silver,Web,Chiang Mai,1100,Lazada,Credit_Card,22,6,2,0,30-40,36.666666666666664,5.0,3.0,0.6,16,1,2929.818,0.2,0.6,0.0,0.0,6993.23,1,0,0.0,10757.77,3,1,0.3333333333333333,13330.56,4,2,0.5,14649.09,5,3,0.6,0
LGS2ORD0020450,C017208,2025-06-11 23:00:00,Male,53,Silver,Shopee,Bangkok,696,Web,PromptPay,23,6,2,0,>50,23.2,4.0,1.0,0.25,143,42,6114.565,0.25,1.0,0.5,0.0,0.0,0,0,0.0,0.0,0,0,0.0,19024.489999999998,2,0,0.0,24458.26,4,1,0.25,0
LGS2ORD0020451,C014260,2025-06-11 23:00:00,Female,20,Silver,Lazada,Khon Kaen,1482,CallCenter,PromptPay,23,6,2,0,<20,49.4,0.0,0.0,0.0,-1,-1,0.0,0.0,0.0,0.0,0.0,0.0,0,0,0.0,0.0,0,0,0.0,0.0,0,0,0.0,0.0,0,0,0.0,0
LGS2ORD0020452,C012990,2025-06-11 23:00:00,Male,64,Bronze,CallCenter,Khon Kaen,639,Shopee,COD,23,6,2,0,>50,21.3,5.0,1.0,0.2,26,41,7956.895999999999,0.23,0.6,0.2,0.0,0.0,0,0,0.0,0.0,0,0,0.0,15420.33,2,1,0.5,39784.479999999996,5,1,0.2,0
LGS2ORD0020453,C011519,2025-06-11 23:00:00,Male,59,Bronze,CallCenter,Remote_Area,517,TV_Show,Credit_Card,23,6,2,0,>50,17.233333333333334,5.0,2.0,0.4,52,37,2917.8959999999997,0.23,0.6,0.2,0.0,0.0,0,0,0.0,0.0,0,0,0.0,14073.13,4,1,0.25,14589.48,5,2,0.4,0
LGS2ORD0020454,C015133,2025-06-11 23:00:00,Other,72,Bronze,TV,Bangkok,242,CallCenter,PromptPay,23,6,2,0,>50,8.066666666666666,2.0,0.0,0.0,-1,135,2576.63,0.18,0.0,0.0,0.0,0.0,0,0,0.0,0.0,0,0,0.0,0.0,0,0,0.0,5153.26,2,0,0.0,0
LGS2ORD0020455,C017788,2025-06-12 00:00:00,Male,52,Gold,Web,Bangkok,1337,TV_Show,COD,0,6,3,0,>50,44.56666666666667,5.0,1.0,0.2,140,67,2742.1459999999997,0.2299999999999999,0.4,0.6,0.0,0.0,0,0,0.0,0.0,0,0,0.0,5903.5,2,0,0.0,13710.73,5,1,0.2,0
LGS2ORD0020456,C015387,2025-06-12 00:00:00,Male,47,Bronze,Shopee,Bangkok,445,TV_Show,COD,0,6,3,0,40-50,14.833333333333334,1.0,0.0,0.0,-1,80,12138.67,0.13,1.0,0.0,0.0,0.0,0,0,0.0,0.0,0,0,0.0,12138.67,1,0,0.0,12138.67,1,0,0.0,1
LGS2ORD0020457,C013464,2025-06-12 00:00:00,Female,36,Bronze,Shopee,Chonburi,686,TV_Show,Credit_Card,0,6,3,0,30-40,22.866666666666667,4.0,1.0,0.25,56,36,4188.7375,0.18,0.0,0.0,0.0,0.0,0,0,0.0,0.0,0,0,0.0,16093.39,3,1,0.3333333333333333,16754.95,4,1,0.25,0
LGS2ORD0020458,C012688,2025-06-12 00:00:00,Male,55,Silver,TV,Remote_Area,430,Lazada,COD,0,6,3,0,>50,14.333333333333334,4.0,1.0,0.25,20,5,1241.115,0.2,0.25,0.0,0.0,2209.13,1,0,0.0,2976.32,2,0,0.0,4469.26,3,1,0.3333333333333333,4964.46,4,1,0.25,1
LGS2ORD0020459,C015330,2025-06-12 00:00:00,Female,38,Silver,Lazada,Songkhla,787,TV_Show,COD,0,6,3,0,30-40,26.233333333333334,3.0,1.0,0.3333333333333333,-4,1,894.1266666666667,0.25,0.6666666666666666,0.3333333333333333,0.0,375.07,1,1,1.0,933.5999999999999,2,1,0.5,933.5999999999999,2,1,0.5,2682.38,3,1,0.3333333333333333,0
LGS2ORD0020460,C013552,2025-06-12 01:00:00,Female,40,Silver,CallCenter,Bangkok,1222,Lazada,COD,1,6,3,0,30-40,40.733333333333334,4.0,1.0,0.25,20,0,2606.9825,0.2,0.75,0.0,0.0,5328.23,2,0,0.0,8162.079999999999,3,0,0.0,10427.93,4,1,0.25,10427.93,4,1,0.25,0
LGS2ORD0020461,C016210,2025-06-12 01:00:00,Female,37,Silver,TV,Chonburi,959,TV_Show,COD,1,6,3,0,30-40,31.966666666666665,3.0,0.0,0.0,-1,107,1974.8533333333332,0.25,1.0,0.6666666666666666,0.0,0.0,0,0,0.0,0.0,0,0,0.0,0.0,0,0,0.0,5924.5599999999995,3,0,0.0,0
LGS2ORD0020462,C013430,2025-06-12 01:00:00,Male,46,Bronze,Web,Phuket,1072,TV_Show,PromptPay,1,6,3,0,40-50,35.733333333333334,0.0,0.0,0.0,-1,-1,0.0,0.0,0.0,0.0,0.0,0.0,0,0,0.0,0.0,0,0,0.0,0.0,0,0,0.0,0.0,0,0,0.0,1
LGS2ORD0020463,C014962,2025-06-12 01:00:00,Male,44,Bronze,Shopee,Chiang Mai,866,Web,Bank_Transfer,1,6,3,0,40-50,28.866666666666667,0.0,0.0,0.0,-1,-1,0.0,0.0,0.0,0.0,0.0,0.0,0,0,0.0,0.0,0,0,0.0,0.0,0,0,0.0,0.0,0,0,0.0,0
LGS2ORD0020464,C013193,2025-06-12 01:00:00,Male,58,Bronze,Shopee,Phuket,461,TV_Show,Credit_Card,1,6,3,0,>50,15.366666666666667,3.0,2.0,0.6666666666666666,38,47,4133.073333333333,0.18,0.3333333333333333,0.0,0.0,0.0,0,0,0.0,0.0,0,0,0.0,7542.44,1,1,1.0,12399.22,3,2,0.6666666666666666,0
LGS2ORD0020465,C015008,2025-06-12 01:00:00,Male,51,Bronze,Lazada,Songkhla,963,Lazada,PromptPay,1,6,3,0,>50,32.1,7.0,2.0,0.2857142857142857,114,67,5938.4914285714285,0.23,0.7142857142857143,0.2857142857142857,0.0,0.0,0,0,0.0,0.0,0,0,0.0,24670.04,3,0,0.0,41569.44,7,2,0.2857142857142857,0
LGS2ORD0020466,C010494,2025-06-12 02:00:00,Male,45,Platinum,Shopee,Chonburi,825,Shopee,COD,2,6,3,0,40-50,27.5,1.0,0.0,0.0,-1,71,1848.73,0.15,0.0,0.0,0.0,0.0,0,0,0.0,0.0,0,0,0.0,1848.73,1,0,0.0,1848.73,1,0,0.0,0
LGS2ORD0020467,C010458,2025-06-12 02:00:00,Male,41,Silver,CallCenter,Bangkok,530,Shopee,COD,2,6,3,0,40-50,17.666666666666668,4.0,2.0,0.5,26,20,7529.4025,0.3,0.75,0.5,0.0,0.0,0,0,0.0,2459.89,1,0,0.0,30117.61,4,2,0.5,30117.61,4,2,0.5,1
LGS2ORD0020468,C015292,2025-06-12 02:00:00,Male,33,Gold,Web,Chonburi,1526,Shopee,COD,2,6,3,0,30-40,50.86666666666667,1.0,0.0,0.0,-1,72,6438.66,0.08,0.0,0.0,0.0,0.0,0,0,0.0,0.0,0,0,0.0,6438.66,1,0,0.0,6438.66,1,0,0.0,0
LGS2ORD0020469,C010317,2025-06-12 02:00:00,Male,58,Silver,TV,Songkhla,1285,TV_Show,COD,2,6,3,0,>50,42.833333333333336,2.0,1.0,0.5,42,53,3019.2349999999997,0.15,0.5,0.0,0.0,0.0,0,0,0.0,0.0,0,0,0.0,2281.25,1,1,1.0,6038.469999999999,2,1,0.5,0
LGS2ORD0020470,C016308,2025-06-12 02:00:00,Female,25,Bronze,TV,Chonburi,1221,TV_Show,COD,2,6,3,0,20-30,40.7,5.0,1.0,0.2,16,17,3190.894,0.23,0.8,0.2,0.0,0.0,0,0,0.0,13403.73,3,1,0.3333333333333333,15954.47,5,1,0.2,15954.47,5,1,0.2,0
LGS2ORD0020471,C010275,2025-06-12 03:00:00,Female,27,Platinum,TV,Nakhon Ratchasima,744,Shopee,COD,3,6,3,0,20-30,24.8,3.0,0.0,0.0,-1,11,5935.403333333333,0.25,1.0,0.6666666666666666,0.0,0.0,0,0,0.0,4776.01,1,0,0.0,11153.380000000001,2,0,0.0,17806.21,3,0,0.0,0
LGS2ORD0020472,C017350,2025-06-12 03:00:00,Male,63,Platinum,Web,Chiang Mai,1014,TV_Show,COD,3,6,3,0,>50,33.8,1.0,0.0,0.0,-1,74,3540.24,0.1,1.0,0.0,0.0,0.0,0,0,0.0,0.0,0,0,0.0,3540.24,1,0,0.0,3540.24,1,0,0.0,0
LGS2ORD0020473,C016614,2025-06-12 03:00:00,Male,21,Bronze,Web,Bangkok,666,Shopee,COD,3,6,3,0,20-30,22.2,4.0,1.0,0.25,-13,1,10040.6175,0.18,0.25,0.0,0.0,585.76,1,1,1.0,12006.09,2,1,0.5,37237.520000000004,3,1,0.3333333333333333,40162.47,4,1,0.25,0
LGS2ORD0020474,C013112,2025-06-12 03:00:00,Male,29,Silver,Lazada,Khon Kaen,231,Lazada,Credit_Card,3,6,3,0,20-30,7.7,2.0,0.0,0.0,-1,10,3034.1200000000003,0.2,1.0,0.0,0.0,0.0,0,0,0.0,6068.240000000001,2,0,0.0,6068.240000000001,2,0,0.0,6068.240000000001,2,0,0.0,0
LGS2ORD0020475,C012079,2025-06-12 03:00:00,Female,39,Silver,Lazada,Remote_Area,301,CallCenter,Bank_Transfer,3,6,3,0,30-40,10.033333333333333,3.0,2.0,0.6666666666666666,-1,13,3013.26,0.25,0.6666666666666666,0.3333333333333333,0.0,0.0,0,0,0.0,1783.11,1,1,1.0,9039.78,3,2,0.6666666666666666,9039.78,3,2,0.6666666666666666,0
LGS2ORD0020476,C017957,2025-06-12 04:00:00,Male,35,Bronze,CallCenter,Chiang Mai,321,Shopee,COD,4,6,3,0,30-40,10.7,4.0,0.0,0.0,-1,31,5204.462500000001,0.18,0.75,0.0,0.0,0.0,0,0,0.0,0.0,0,0,0.0,17265.05,3,0,0.0,20817.850000000002,4,0,0.0,0
LGS2ORD0020477,C012575,2025-06-12 04:00:00,Female,36,Platinum,Lazada,Khon Kaen,257,Shopee,PromptPay,4,6,3,0,30-40,8.566666666666666,0.0,0.0,0.0,-1,-1,0.0,0.0,0.0,0.0,0.0,0.0,0,0,0.0,0.0,0,0,0.0,0.0,0,0,0.0,0.0,0,0,0.0,0
LGS2ORD0020478,C014997,2025-06-12 04:00:00,Female,36,Bronze,Shopee,Chiang Mai,740,Web,COD,4,6,3,0,30-40,24.666666666666668,4.0,0.0,0.0,-1,38,3267.99,0.13,0.75,0.0,0.0,0.0,0,0,0.0,0.0,0,0,0.0,7984.41,2,0,0.0,13071.96,4,0,0.0,0
LGS2ORD0020479,C012525,2025-06-12 04:00:00,Female,50,Bronze,Shopee,Bangkok,881,Lazada,Credit_Card,4,6,3,0,40-50,29.366666666666667,3.0,1.0,0.3333333333333333,92,45,5446.48,0.18,1.0,0.0,0.0,0.0,0,0,0.0,0.0,0,0,0.0,5858.27,2,0,0.0,16339.439999999999,3,1,0.3333333333333333,0
LGS2ORD0020480,C016029,2025-06-12 04:00:00,Male,43,Silver,Shopee,Khon Kaen,555,Shopee,PromptPay,4,6,3,0,40-50,18.5,5.0,2.0,0.4,46,45,3330.09,0.3,1.0,0.2,0.0,0.0,0,0,0.0,0.0,0,0,0.0,11196.55,3,1,0.3333333333333333,16650.45,5,2,0.4,0
LGS2ORD0020481,C012447,2025-06-12 05:00:00,Female,61,Bronze,TV,Remote_Area,869,Web,Credit_Card,5,6,3,0,>50,28.966666666666665,7.0,3.0,0.42857142857142855,57,16,7456.377142857142,0.18,0.8571428571428571,0.0,0.0,0.0,0,0,0.0,3312.52,1,0,0.0,41580.80999999999,5,1,0.2,52194.63999999999,7,3,0.42857142857142855,0
LGS2ORD0020482,C015110,2025-06-12 05:00:00,Male,35,Bronze,Lazada,Remote_Area,367,TV_Show,Credit_Card,5,6,3,0,30-40,12.233333333333333,3.0,1.0,0.3333333333333333,16,27,3244.9033333333336,0.23,0.6666666666666666,0.3333333333333333,0.0,0.0,0,0,0.0,8367.7,2,0,0.0,9734.710000000001,3,1,0.3333333333333333,9734.710000000001,3,1,0.3333333333333333,1
LGS2ORD0020483,C014757,2025-06-12 05:00:00,Male,41,Gold,Lazada,Phuket,1552,CallCenter,PromptPay,5,6,3,0,40-50,51.733333333333334,4.0,1.0,0.25,25,37,6961.139999999999,0.33,0.25,1.0,0.0,0.0,0,0,0.0,0.0,0,0,0.0,22870.16,2,1,0.5,27844.559999999998,4,1,0.25,1
LGS2ORD0020484,C013815,2025-06-12 05:00:00,Female,18,Bronze,TV,Bangkok,1354,Web,Bank_Transfer,5,6,3,0,<20,45.13333333333333,3.0,0.0,0.0,-1,23,2397.71,0.28,0.6666666666666666,0.3333333333333333,0.0,0.0,0,0,0.0,3016.34,1,0,0.0,3016.34,1,0,0.0,7193.13,3,0,0.0,0
LGS2ORD0020485,C015062,2025-06-12 05:00:00,Female,34,Silver,TV,Nakhon Ratchasima,1006,CallCenter,Credit_Card,5,6,3,0,30-40,33.53333333333333,4.0,3.0,0.75,45,58,8436.0025,0.2,0.5,0.0,0.0,0.0,0,0,0.0,0.0,0,0,0.0,22965.46,2,1,0.5,33744.01,4,3,0.75,0
LGS2ORD0020486,C017893,2025-06-12 05:00:00,Female,61,Bronze,Lazada,Chiang Mai,1332,Web,COD,5,6,3,0,>50,44.4,1.0,0.0,0.0,-1,4,3483.37,0.23,0.0,1.0,0.0,3483.37,1,0,0.0,3483.37,1,0,0.0,3483.37,1,0,0.0,3483.37,1,0,0.0,0
LGS2ORD0020487,C016407,2025-06-12 06:00:00,Male,18,Gold,CallCenter,Bangkok,671,TV_Show,COD,6,6,3,0,<20,22.366666666666667,4.0,1.0,0.25,-4,5,3933.085,0.28,0.5,0.5,0.0,6862.53,1,1,1.0,7565.28,2,1,0.5,15732.34,4,1,0.25,15732.34,4,1,0.25,1
LGS2ORD0020488,C017611,2025-06-12 06:00:00,Female,37,Gold,Lazada,Bangkok,288,Web,Bank_Transfer,6,6,3,0,30-40,9.6,3.0,2.0,0.6666666666666666,-3,5,8171.743333333333,0.28,0.3333333333333333,0.6666666666666666,0.0,8674.71,1,1,1.0,8674.71,1,1,1.0,8674.71,1,1,1.0,24515.23,3,2,0.6666666666666666,1
LGS2ORD0020489,C014450,2025-06-12 06:00:00,Male,40,Bronze,Web,Phuket,744,Web,Credit_Card,6,6,3,0,30-40,24.8,4.0,1.0,0.25,50,25,4521.4,0.28,0.75,0.25,0.0,0.0,0,0,0.0,7772.34,1,0,0.0,16791.129999999997,3,1,0.3333333333333333,18085.6,4,1,0.25,1
LGS2ORD0020490,C010004,2025-06-12 06:00:00,Male,42,Platinum,Shopee,Chonburi,492,CallCenter,COD,6,6,3,0,40-50,16.4,3.0,0.0,0.0,-1,9,3542.28,0.3,1.0,0.6666666666666666,0.0,0.0,0,0,0.0,3403.07,1,0,0.0,7805.23,2,0,0.0,10626.84,3,0,0.0,0
LGS2ORD0020491,C010622,2025-06-12 06:00:00,Male,30,Gold,Lazada,Bangkok,738,TV_Show,COD,6,6,3,0,20-30,24.6,0.0,0.0,0.0,-1,-1,0.0,0.0,0.0,0.0,0.0,0.0,0,0,0.0,0.0,0,0,0.0,0.0,0,0,0.0,0.0,0,0,0.0,1
LGS2ORD0020492,C010386,2025-06-12 07:00:00,Female,32,Silver,Web,Bangkok,1108,Web,COD,7,6,3,0,30-40,36.93333333333333,3.0,0.0,0.0,-1,2,7318.136666666666,0.15,0.3333333333333333,0.0,0.0,11903.81,1,0,0.0,11903.81,1,0,0.0,11903.81,1,0,0.0,21954.41,3,0,0.0,0
LGS2ORD0020493,C013412,2025-06-12 07:00:00,Male,48,Silver,Web,Songkhla,732,Web,Bank_Transfer,7,6,3,0,40-50,24.4,4.0,3.0,0.75,84,96,3128.2475000000004,0.2,0.25,0.0,0.0,0.0,0,0,0.0,0.0,0,0,0.0,0.0,0,0,0.0,12512.990000000002,4,3,0.75,1
LGS2ORD0020494,C014049,2025-06-12 07:00:00,Female,34,Bronze,TV,Nakhon Ratchasima,225,Lazada,COD,7,6,3,0,30-40,7.5,2.0,0.0,0.0,-1,7,6121.265,0.03,1.0,0.0,0.0,0.0,0,0,0.0,2339.0,1,0,0.0,12242.53,2,0,0.0,12242.53,2,0,0.0,0
LGS2ORD0020495,C017306,2025-06-12 07:00:00,Female,22,Silver,Shopee,Chiang Mai,846,CallCenter,Credit_Card,7,6,3,0,20-30,28.2,2.0,1.0,0.5,12,18,3426.6949999999997,0.15,0.0,0.0,0.0,0.0,0,0,0.0,3998.24,1,1,1.0,3998.24,1,1,1.0,6853.389999999999,2,1,0.5,0
LGS2ORD0020496,C017811,2025-06-12 07:00:00,Female,26,Silver,Shopee,Songkhla,631,CallCenter,COD,7,6,3,0,20-30,21.033333333333335,3.0,1.0,0.3333333333333333,68,76,3897.2666666666664,0.3,1.0,1.0,0.0,0.0,0,0,0.0,0.0,0,0,0.0,10114.029999999999,2,1,0.5,11691.8,3,1,0.3333333333333333,1
LGS2ORD0020497,C015179,2025-06-12 08:00:00,Male,41,Platinum,Lazada,Khon Kaen,1154,CallCenter,PromptPay,8,6,3,0,40-50,38.46666666666667,2.0,1.0,0.5,-3,10,1038.4299999999998,0.3,0.0,0.5,0.0,0.0,0,0,0.0,446.25,1,1,1.0,446.25,1,1,1.0,2076.8599999999997,2,1,0.5,0
LGS2ORD0020498,C017561,2025-06-12 08:00:00,Female,24,Gold,TV,Phuket,812,CallCenter,PromptPay,8,6,3,0,20-30,27.066666666666666,2.0,1.0,0.5,147,74,9199.89,0.28,1.0,1.0,0.0,0.0,0,0,0.0,0.0,0,0,0.0,8197.2,1,0,0.0,18399.78,2,1,0.5,1
LGS2ORD0020499,C010028,2025-06-12 08:00:00,Male,32,Bronze,TV,Phuket,872,TV_Show,PromptPay,8,6,3,0,30-40,29.066666666666666,6.0,4.0,0.6666666666666666,-4,7,6463.626666666666,0.28,0.5,0.5,0.0,0.0,0,0,0.0,16103.23,2,1,0.5,33744.979999999996,4,2,0.5,38781.759999999995,6,4,0.6666666666666666,0
LGS2ORD0020500,C012426,2025-06-12 08:00:00,Female,53,Bronze,TV,Chonburi,307,Lazada,COD,8,6,3,0,>50,10.233333333333333,4.0,2.0,0.5,72,10,3553.545,0.18,0.5,0.0,0.0,0.0,0,0,0.0,5675.32,2,0,0.0,11891.95,3,1,0.3333333333333333,14214.18,4,2,0.5,0
LGS2ORD0020501,C016701,2025-06-12 08:00:00,Female,42,Gold,Lazada,Chiang Mai,794,Shopee,COD,8,6,3,0,40-50,26.466666666666665,1.0,1.0,1.0,123,138,3969.88,0.13,0.0,0.0,0.0,0.0,0,0,0.0,0.0,0,0,0.0,0.0,0,0,0.0,3969.88,1,1,1.0,1
LGS2ORD0020502,C012617,2025-06-12 08:00:00,Female,48,Silver,TV,Chonburi,755,Shopee,COD,8,6,3,0,40-50,25.166666666666668,1.0,0.0,0.0,-1,51,4397.23,0.05,1.0,0.0,0.0,0.0,0,0,0.0,0.0,0,0,0.0,4397.23,1,0,0.0,4397.23,1,0,0.0,0
LGS2ORD0020503,C017098,2025-06-12 09:00:00,Other,57,Silver,Web,Bangkok,695,TV_Show,Credit_Card,9,6,3,0,>50,23.166666666666668,1.0,0.0,0.0,-1,42,1767.45,0.15,0.0,0.0,0.0,0.0,0,0,0.0,0.0,0,0,0.0,1767.45,1,0,0.0,1767.45,1,0,0.0,0
LGS2ORD0020504,C012893,2025-06-12 09:00:00,Male,29,Platinum,Shopee,Bangkok,1391,CallCenter,COD,9,6,3,0,20-30,46.36666666666667,0.0,0.0,0.0,-1,-1,0.0,0.0,0.0,0.0,0.0,0.0,0,0,0.0,0.0,0,0,0.0,0.0,0,0,0.0,0.0,0,0,0.0,0
LGS2ORD0020505,C017732,2025-06-12 09:00:00,Male,49,Silver,Lazada,Bangkok,1489,CallCenter,Credit_Card,9,6,3,0,40-50,49.63333333333333,6.0,3.0,0.5,20,33,3263.7316666666666,0.25,0.5,0.3333333333333333,0.0,0.0,0,0,0.0,0.0,0,0,0.0,5897.9400000000005,2,1,0.5,19582.39,6,3,0.5,0
LGS2ORD0020506,C010929,2025-06-12 09:00:00,Female,46,Silver,Web,Khon Kaen,1280,TV_Show,Credit_Card,9,6,3,0,40-50,42.666666666666664,6.0,3.0,0.5,106,51,10469.075,0.25,0.5,0.3333333333333333,0.0,0.0,0,0,0.0,0.0,0,0,0.0,27190.04,1,0,0.0,62814.450000000004,6,3,0.5,1
LGS2ORD0020507,C012823,2025-06-12 09:00:00,Female,56,Bronze,Web,Phuket,1379,TV_Show,COD,9,6,3,0,>50,45.96666666666667,6.0,2.0,0.3333333333333333,0,5,5333.875,0.28,0.6666666666666666,0.16666666666666666,0.0,4598.639999999999,2,0,0.0,15814.849999999999,3,1,0.3333333333333333,27037.75,5,1,0.2,32003.25,6,2,0.3333333333333333,1
LGS2ORD0020508,C013741,2025-06-12 10:00:00,Female,43,Bronze,Lazada,Remote_Area,1617,CallCenter,COD,10,6,3,0,40-50,53.9,5.0,2.0,0.4,112,30,3134.57,0.23,0.6,0.4,0.0,0.0,0,0,0.0,0.0,0,0,0.0,8573.039999999999,2,0,0.0,15672.85,5,2,0.4,1
LGS2ORD0020509,C013683,2025-06-12 10:00:00,Female,36,Platinum,Web,Nakhon Ratchasima,1247,Shopee,Bank_Transfer,10,6,3,0,30-40,41.56666666666667,0.0,0.0,0.0,-1,-1,0.0,0.0,0.0,0.0,0.0,0.0,0,0,0.0,0.0,0,0,0.0,0.0,0,0,0.0,0.0,0,0,0.0,0
LGS2ORD0020510,C010470,2025-06-12 10:00:00,Male,34,Bronze,TV,Phuket,192,Lazada,COD,10,6,3,0,30-40,6.4,1.0,1.0,1.0,141,150,737.7,0.23,0.0,1.0,0.0,0.0,0,0,0.0,0.0,0,0,0.0,0.0,0,0,0.0,737.7,1,1,1.0,0
LGS2ORD0020511,C015891,2025-06-12 10:00:00,Female,40,Bronze,TV,Phuket,596,Shopee,COD,10,6,3,0,30-40,19.866666666666667,4.0,2.0,0.5,25,29,16141.619999999999,0.18,0.5,0.0,0.0,0.0,0,0,0.0,6794.45,1,0,0.0,48316.08,3,2,0.6666666666666666,64566.479999999996,4,2,0.5,0
LGS2ORD0020512,C010518,2025-06-12 10:00:00,Male,31,Gold,Web,Chonburi,672,Web,Bank_Transfer,10,6,3,0,30-40,22.4,0.0,0.0,0.0,-1,-1,0.0,0.0,0.0,0.0,0.0,0.0,0,0,0.0,0.0,0,0,0.0,0.0,0,0,0.0,0.0,0,0,0.0,1
LGS2ORD0020513,C014081,2025-06-12 11:00:00,Male,39,Gold,Web,Songkhla,1619,TV_Show,Credit_Card,11,6,3,0,30-40,53.96666666666667,0.0,0.0,0.0,-1,-1,0.0,0.0,0.0,0.0,0.0,0.0,0,0,0.0,0.0,0,0,0.0,0.0,0,0,0.0,0.0,0,0,0.0,0
LGS2ORD0020514,C012709,2025-06-12 11:00:00,Male,24,Bronze,CallCenter,Phuket,203,TV_Show,Bank_Transfer,11,6,3,0,20-30,6.766666666666667,3.0,0.0,0.0,-1,98,8104.363333333334,0.23,0.3333333333333333,0.3333333333333333,0.0,0.0,0,0,0.0,0.0,0,0,0.0,0.0,0,0,0.0,24313.09,3,0,0.0,0
LGS2ORD0020515,C010782,2025-06-12 11:00:00,Female,46,Gold,Shopee,Remote_Area,596,Web,PromptPay,11,6,3,0,40-50,19.866666666666667,4.0,1.0,0.25,31,38,1630.105,0.2299999999999999,0.25,0.25,0.0,0.0,0,0,0.0,0.0,0,0,0.0,911.56,1,1,1.0,6520.42,4,1,0.25,0
LGS2ORD0020516,C010494,2025-06-12 11:00:00,Male,45,Platinum,Shopee,Chonburi,825,TV_Show,Credit_Card,11,6,3,0,40-50,27.5,2.0,0.0,0.0,-1,0,4344.665,0.15,0.5,0.0,0.0,6840.6,1,0,0.0,6840.6,1,0,0.0,8689.33,2,0,0.0,8689.33,2,0,0.0,0
LGS2ORD0020517,C014281,2025-06-12 11:00:00,Male,41,Bronze,Web,Remote_Area,519,TV_Show,Bank_Transfer,11,6,3,0,40-50,17.3,3.0,1.0,0.3333333333333333,-1,12,3935.82,0.18,1.0,0.0,0.0,0.0,0,0,0.0,3903.78,1,1,1.0,4934.34,2,1,0.5,11807.460000000001,3,1,0.3333333333333333,0
LGS2ORD0020518,C011783,2025-06-12 12:00:00,Male,49,Gold,Web,Chiang Mai,336,Lazada,Credit_Card,12,6,3,0,40-50,11.2,1.0,0.0,0.0,-1,38,3602.08,0.18,1.0,0.0,0.0,0.0,0,0,0.0,0.0,0,0,0.0,3602.08,1,0,0.0,3602.08,1,0,0.0,0
LGS2ORD0020519,C016241,2025-06-12 12:00:00,Female,38,Bronze,Web,Chiang Mai,400,Shopee,PromptPay,12,6,3,0,30-40,13.333333333333334,2.0,0.0,0.0,-1,9,4247.74,0.18,1.0,0.0,0.0,0.0,0,0,0.0,7633.94,1,0,0.0,8495.48,2,0,0.0,8495.48,2,0,0.0,0
LGS2ORD0020520,C015086,2025-06-12 12:00:00,Female,35,Bronze,TV,Bangkok,869,Web,Credit_Card,12,6,3,0,30-40,28.966666666666665,1.0,0.0,0.0,-1,104,833.95,0.08,1.0,0.0,0.0,0.0,0,0,0.0,0.0,0,0,0.0,0.0,0,0,0.0,833.95,1,0,0.0,0
LGS2ORD0020521,C015689,2025-06-12 12:00:00,Male,36,Silver,Shopee,Songkhla,957,Lazada,COD,12,6,3,0,30-40,31.9,4.0,2.0,0.5,105,37,8527.5425,0.2,0.5,0.0,0.0,0.0,0,0,0.0,0.0,0,0,0.0,9114.73,2,0,0.0,34110.17,4,2,0.5,1
LGS2ORD0020522,C015975,2025-06-12 12:00:00,Female,36,Bronze,TV,Remote_Area,1014,Web,COD,12,6,3,0,30-40,33.8,2.0,1.0,0.5,136,17,3361.66,0.23,0.5,0.5,0.0,0.0,0,0,0.0,2316.6,1,0,0.0,2316.6,1,0,0.0,6723.32,2,1,0.5,1
LGS2ORD0020523,C013381,2025-06-12 12:00:00,Female,39,Gold,Lazada,Chiang Mai,198,Lazada,Credit_Card,12,6,3,0,30-40,6.6,5.0,1.0,0.2,140,10,10492.862000000001,0.2299999999999999,0.8,0.4,0.0,0.0,0,0,0.0,6670.28,1,0,0.0,8599.9,2,0,0.0,52464.310000000005,5,1,0.2,0
LGS2ORD0020524,C010371,2025-06-12 13:00:00,Female,36,Bronze,Shopee,Nakhon Ratchasima,1371,Web,COD,13,6,3,0,30-40,45.7,2.0,0.0,0.0,-1,7,5348.955,0.03,1.0,0.0,0.0,0.0,0,0,0.0,8215.58,1,0,0.0,10697.91,2,0,0.0,10697.91,2,0,0.0,0
LGS2ORD0020525,C017407,2025-06-12 13:00:00,Male,48,Bronze,TV,Chiang Mai,946,CallCenter,Credit_Card,13,6,3,0,40-50,31.533333333333335,1.0,0.0,0.0,-1,111,9207.13,0.08,1.0,0.0,0.0,0.0,0,0,0.0,0.0,0,0,0.0,0.0,0,0,0.0,9207.13,1,0,0.0,0
LGS2ORD0020526,C016760,2025-06-12 13:00:00,Male,36,Bronze,TV,Phuket,1251,Web,COD,13,6,3,0,30-40,41.7,3.0,0.0,0.0,-1,43,10770.833333333334,0.28,0.6666666666666666,0.3333333333333333,0.0,0.0,0,0,0.0,0.0,0,0,0.0,7088.73,1,0,0.0,32312.5,3,0,0.0,1
LGS2ORD0020527,C014623,2025-06-12 13:00:00,Female,44,Bronze,Shopee,Nakhon Ratchasima,467,TV_Show,COD,13,6,3,0,40-50,15.566666666666666,2.0,0.0,0.0,-1,87,10488.45,0.08,0.0,0.0,0.0,0.0,0,0,0.0,0.0,0,0,0.0,13399.03,1,0,0.0,20976.9,2,0,0.0,0
LGS2ORD0020528,C012692,2025-06-12 13:00:00,Male,38,Bronze,CallCenter,Remote_Area,751,Web,PromptPay,13,6,3,0,30-40,25.033333333333335,4.0,3.0,0.75,38,46,1751.5149999999999,0.28,0.75,0.5,0.0,0.0,0,0,0.0,0.0,0,0,0.0,2400.29,2,1,0.5,7006.0599999999995,4,3,0.75,0
LGS2ORD0020529,C016319,2025-06-12 14:00:00,Female,30,Bronze,Shopee,Chonburi,235,Web,COD,14,6,3,0,20-30,7.833333333333333,3.0,3.0,1.0,-3,6,3727.2599999999998,0.23,0.6666666666666666,0.3333333333333333,0.0,7723.12,1,1,1.0,7723.12,1,1,1.0,11181.779999999999,3,3,1.0,11181.779999999999,3,3,1.0,0
LGS2ORD0020530,C015821,2025-06-12 14:00:00,Female,47,Silver,TV,Bangkok,405,CallCenter,Credit_Card,14,6,3,0,40-50,13.5,0.0,0.0,0.0,-1,-1,0.0,0.0,0.0,0.0,0.0,0.0,0,0,0.0,0.0,0,0,0.0,0.0,0,0,0.0,0.0,0,0,0.0,0
LGS2ORD0020531,C017714,2025-06-12 14:00:00,Female,32,Silver,TV,Songkhla,1251,CallCenter,Credit_Card,14,6,3,0,30-40,41.7,0.0,0.0,0.0,-1,-1,0.0,0.0,0.0,0.0,0.0,0.0,0,0,0.0,0.0,0,0,0.0,0.0,0,0,0.0,0.0,0,0,0.0,0
LGS2ORD0020532,C011926,2025-06-12 14:00:00,Male,47,Silver,Web,Nakhon Ratchasima,890,TV_Show,PromptPay,14,6,3,0,40-50,29.666666666666668,2.0,1.0,0.5,32,41,7016.825000000001,0.15,1.0,0.0,0.0,0.0,0,0,0.0,0.0,0,0,0.0,14033.650000000001,2,1,0.5,14033.650000000001,2,1,0.5,0
LGS2ORD0020533,C014677,2025-06-12 14:00:00,Female,34,Gold,TV,Phuket,1138,Shopee,COD,14,6,3,0,30-40,37.93333333333333,4.0,3.0,0.75,120,99,2714.0,0.28,0.75,0.5,0.0,0.0,0,0,0.0,0.0,0,0,0.0,0.0,0,0,0.0,10856.0,4,3,0.75,1
LGS2ORD0020534,C014337,2025-06-12 15:00:00,Male,46,Silver,CallCenter,Chonburi,1290,TV_Show,Credit_Card,15,6,3,0,40-50,43.0,3.0,0.0,0.0,-1,51,1714.26,0.05,0.3333333333333333,0.0,0.0,0.0,0,0,0.0,0.0,0,0,0.0,858.09,1,0,0.0,5142.78,3,0,0.0,0
LGS2ORD0020535,C012057,2025-06-12 15:00:00,Male,43,Gold,TV,Bangkok,247,TV_Show,Credit_Card,15,6,3,0,40-50,8.233333333333333,4.0,0.0,0.0,-1,5,2833.1000000000004,0.33,0.5,0.25,0.0,6499.64,1,0,0.0,6499.64,1,0,0.0,8023.05,2,0,0.0,11332.400000000001,4,0,0.0,0
LGS2ORD0020536,C013213,2025-06-12 15:00:00,Female,53,Bronze,Web,Songkhla,1424,CallCenter,COD,15,6,3,0,>50,47.46666666666667,3.0,2.0,0.6666666666666666,112,87,4505.573333333333,0.28,0.6666666666666666,0.6666666666666666,0.0,0.0,0,0,0.0,0.0,0,0,0.0,3032.24,1,0,0.0,13516.72,3,2,0.6666666666666666,1
LGS2ORD0020537,C012730,2025-06-12 15:00:00,Female,22,Bronze,TV,Chonburi,307,CallCenter,Credit_Card,15,6,3,0,20-30,10.233333333333333,6.0,1.0,0.16666666666666666,83,9,6552.005,0.28,0.16666666666666666,0.3333333333333333,0.0,0.0,0,0,0.0,2645.96,2,0,0.0,35765.63,5,1,0.2,39312.03,6,1,0.16666666666666666,0
LGS2ORD0020538,C016510,2025-06-12 15:00:00,Male,59,Gold,Shopee,Nakhon Ratchasima,1452,TV_Show,COD,15,6,3,0,>50,48.4,1.0,0.0,0.0,-1,40,7142.18,0.18,0.0,0.0,0.0,0.0,0,0,0.0,0.0,0,0,0.0,7142.18,1,0,0.0,7142.18,1,0,0.0,0
LGS2ORD0020539,C014489,2025-06-12 16:00:00,Female,50,Gold,Lazada,Chonburi,1033,CallCenter,PromptPay,16,6,3,0,40-50,34.43333333333333,4.0,0.0,0.0,-1,38,5758.1775,0.33,0.5,0.5,0.0,0.0,0,0,0.0,0.0,0,0,0.0,19344.039999999997,3,0,0.0,23032.71,4,0,0.0,0
LGS2ORD0020540,C013772,2025-06-12 16:00:00,Female,43,Bronze,TV,Khon Kaen,309,TV_Show,Credit_Card,16,6,3,0,40-50,10.3,1.0,0.0,0.0,-1,67,1036.7,0.18,0.0,0.0,0.0,0.0,0,0,0.0,0.0,0,0,0.0,1036.7,1,0,0.0,1036.7,1,0,0.0,1
LGS2ORD0020541,C013648,2025-06-12 16:00:00,Female,61,Bronze,TV,Bangkok,577,TV_Show,COD,16,6,3,0,>50,19.233333333333334,4.0,0.0,0.0,-1,15,10216.910000000002,0.23,0.25,0.25,0.0,0.0,0,0,0.0,20981.91,2,0,0.0,22478.65,3,0,0.0,40867.64000000001,4,0,0.0,1
LGS2ORD0020542,C010469,2025-06-12 16:00:00,Male,31,Silver,TV,Chiang Mai,621,TV_Show,COD,16,6,3,0,30-40,20.7,0.0,0.0,0.0,-1,-1,0.0,0.0,0.0,0.0,0.0,0.0,0,0,0.0,0.0,0,0,0.0,0.0,0,0,0.0,0.0,0,0,0.0,0
LGS2ORD0020543,C012771,2025-06-12 16:00:00,Male,58,Platinum,Shopee,Bangkok,1225,Lazada,Bank_Transfer,16,6,3,0,>50,40.833333333333336,1.0,0.0,0.0,-1,110,3113.78,0.1,1.0,0.0,0.0,0.0,0,0,0.0,0.0,0,0,0.0,0.0,0,0,0.0,3113.78,1,0,0.0,0
LGS2ORD0020544,C011558,2025-06-12 16:00:00,Female,29,Platinum,Lazada,Bangkok,842,Lazada,Bank_Transfer,16,6,3,0,20-30,28.066666666666666,1.0,0.0,0.0,-1,79,550.96,0.15,1.0,0.0,0.0,0.0,0,0,0.0,0.0,0,0,0.0,550.96,1,0,0.0,550.96,1,0,0.0,0
LGS2ORD0020545,C017069,2025-06-12 17:00:00,Female,35,Silver,TV,Chonburi,484,Shopee,COD,17,6,3,0,30-40,16.133333333333333,3.0,1.0,0.3333333333333333,0,15,2074.1200000000003,0.25,1.0,0.3333333333333333,0.0,0.0,0,0,0.0,764.73,1,1,1.0,764.73,1,1,1.0,6222.360000000001,3,1,0.3333333333333333,0
LGS2ORD0020546,C012021,2025-06-12 17:00:00,Male,41,Gold,Web,Songkhla,1128,TV_Show,COD,17,6,3,0,40-50,37.6,1.0,0.0,0.0,-1,16,2599.64,0.2299999999999999,0.0,1.0,0.0,0.0,0,0,0.0,2599.64,1,0,0.0,2599.64,1,0,0.0,2599.64,1,0,0.0,0
LGS2ORD0020547,C014776,2025-06-12 17:00:00,Female,41,Bronze,Lazada,Khon Kaen,863,Lazada,COD,17,6,3,0,40-50,28.766666666666666,5.0,1.0,0.2,18,35,7525.428,0.23,0.2,0.2,0.0,0.0,0,0,0.0,0.0,0,0,0.0,26296.42,2,1,0.5,37627.14,5,1,0.2,1
LGS2ORD0020548,C015607,2025-06-12 17:00:00,Female,52,Silver,TV,Chonburi,631,TV_Show,Bank_Transfer,17,6,3,0,>50,21.033333333333335,2.0,0.0,0.0,-1,35,3206.63,0.1,0.0,0.0,0.0,0.0,0,0,0.0,0.0,0,0,0.0,2090.24,1,0,0.0,6413.26,2,0,0.0,0
LGS2ORD0020549,C017339,2025-06-12 17:00:00,Male,42,Gold,TV,Phuket,1347,Web,COD,17,6,3,0,40-50,44.9,6.0,1.0,0.16666666666666666,92,38,6484.543333333334,0.28,0.3333333333333333,0.3333333333333333,0.0,0.0,0,0,0.0,0.0,0,0,0.0,11769.779999999999,2,0,0.0,38907.26,6,1,0.16666666666666666,1
LGS2ORD0020550,C010239,2025-06-12 18:00:00,Female,33,Gold,Shopee,Chiang Mai,713,TV_Show,COD,18,6,3,0,30-40,23.766666666666666,0.0,0.0,0.0,-1,-1,0.0,0.0,0.0,0.0,0.0,0.0,0,0,0.0,0.0,0,0,0.0,0.0,0,0,0.0,0.0,0,0,0.0,0
LGS2ORD0020551,C017769,2025-06-12 18:00:00,Female,55,Silver,Lazada,Remote_Area,392,Shopee,COD,18,6,3,0,>50,13.066666666666666,4.0,0.0,0.0,-1,41,1655.2,0.3,0.5,0.25,0.0,0.0,0,0,0.0,0.0,0,0,0.0,6620.8,4,0,0.0,6620.8,4,0,0.0,0
LGS2ORD0020552,C014841,2025-06-12 18:00:00,Male,67,Bronze,Shopee,Remote_Area,316,Shopee,Credit_Card,18,6,3,0,>50,10.533333333333333,3.0,1.0,0.3333333333333333,-1,9,3990.6233333333334,0.13,1.0,0.0,0.0,0.0,0,0,0.0,4739.14,1,1,1.0,4739.14,1,1,1.0,11971.87,3,1,0.3333333333333333,0
LGS2ORD0020553,C011010,2025-06-12 18:00:00,Female,40,Silver,CallCenter,Songkhla,1010,Shopee,COD,18,6,3,0,30-40,33.666666666666664,1.0,1.0,1.0,64,69,2814.32,0.25,0.0,1.0,0.0,0.0,0,0,0.0,0.0,0,0,0.0,2814.32,1,1,1.0,2814.32,1,1,1.0,0
LGS2ORD0020554,C017459,2025-06-12 18:00:00,Female,18,Gold,Web,Bangkok,1620,TV_Show,COD,18,6,3,0,<20,54.0,4.0,1.0,0.25,12,10,3966.6700000000005,0.28,0.75,0.25,0.0,0.0,0,0,0.0,2898.12,2,1,0.5,10323.670000000002,3,1,0.3333333333333333,15866.680000000002,4,1,0.25,1
LGS2ORD0020555,C015446,2025-06-12 19:00:00,Female,38,Bronze,Shopee,Bangkok,1251,TV_Show,COD,19,6,3,0,30-40,41.7,7.0,0.0,0.0,-1,20,7884.274285714286,0.23,0.5714285714285714,0.2857142857142857,0.0,0.0,0,0,0.0,3980.72,1,0,0.0,43375.56,5,0,0.0,55189.92,7,0,0.0,1
LGS2ORD0020556,C014504,2025-06-12 19:00:00,Male,47,Bronze,Shopee,Chonburi,955,Shopee,PromptPay,19,6,3,0,40-50,31.833333333333332,3.0,0.0,0.0,-1,13,3402.6366666666668,0.03,0.3333333333333333,0.0,0.0,0.0,0,0,0.0,2846.83,1,0,0.0,7559.72,2,0,0.0,10207.91,3,0,0.0,0
LGS2ORD0020557,C014657,2025-06-12 19:00:00,Male,18,Platinum,Lazada,Bangkok,479,TV_Show,Credit_Card,19,6,3,0,<20,15.966666666666667,2.0,0.0,0.0,-1,12,5551.105,0.3,0.5,1.0,0.0,0.0,0,0,0.0,11102.21,2,0,0.0,11102.21,2,0,0.0,11102.21,2,0,0.0,0
LGS2ORD0020558,C016807,2025-06-12 19:00:00,Female,18,Gold,TV,Bangkok,1512,Web,COD,19,6,3,0,<20,50.4,3.0,1.0,0.3333333333333333,108,9,2179.1766666666663,0.28,0.6666666666666666,0.3333333333333333,0.0,0.0,0,0,0.0,1088.81,1,0,0.0,2442.64,2,0,0.0,6537.529999999999,3,1,0.3333333333333333,0
LGS2ORD0020559,C011852,2025-06-12 19:00:00,Male,55,Bronze,Shopee,Bangkok,1162,Shopee,COD,19,6,3,0,>50,38.733333333333334,2.0,2.0,1.0,114,118,2856.3,0.28,0.5,0.5,0.0,0.0,0,0,0.0,0.0,0,0,0.0,0.0,0,0,0.0,5712.6,2,2,1.0,0
LGS2ORD0020560,C011992,2025-06-12 20:00:00,Female,45,Bronze,TV,Nakhon Ratchasima,876,Web,Bank_Transfer,20,6,3,0,40-50,29.2,7.0,0.0,0.0,-1,45,4325.4685714285715,0.23,0.8571428571428571,0.14285714285714285,0.0,0.0,0,0,0.0,0.0,0,0,0.0,9500.960000000001,2,0,0.0,30278.280000000002,7,0,0.0,0
LGS2ORD0020561,C010066,2025-06-12 20:00:00,Female,45,Gold,TV,Bangkok,904,Shopee,COD,20,6,3,0,40-50,30.133333333333333,3.0,0.0,0.0,-1,74,6274.919999999999,0.33,0.0,0.6666666666666666,0.0,0.0,0,0,0.0,0.0,0,0,0.0,1083.7,1,0,0.0,18824.76,3,0,0.0,0
LGS2ORD0020562,C013893,2025-06-12 20:00:00,Female,34,Bronze,CallCenter,Chonburi,548,Lazada,Credit_Card,20,6,3,0,30-40,18.266666666666666,2.0,0.0,0.0,-1,23,2033.75,0.28,0.5,0.5,0.0,0.0,0,0,0.0,1164.02,1,0,0.0,4067.5,2,0,0.0,4067.5,2,0,0.0,1
LGS2ORD0020563,C013684,2025-06-12 20:00:00,Male,31,Bronze,Shopee,Bangkok,1236,CallCenter,COD,20,6,3,0,30-40,41.2,1.0,1.0,1.0,74,79,7964.22,0.03,1.0,0.0,0.0,0.0,0,0,0.0,0.0,0,0,0.0,7964.22,1,1,1.0,7964.22,1,1,1.0,0
LGS2ORD0020564,C015980,2025-06-12 20:00:00,Other,36,Bronze,Web,Bangkok,198,Lazada,COD,20,6,3,0,30-40,6.6,1.0,0.0,0.0,-1,76,6075.32,0.23,0.0,1.0,0.0,0.0,0,0,0.0,0.0,0,0,0.0,6075.32,1,0,0.0,6075.32,1,0,0.0,0
LGS2ORD0020565,C011222,2025-06-12 20:00:00,Male,48,Bronze,Web,Songkhla,1606,Lazada,COD,20,6,3,0,40-50,53.53333333333333,6.0,2.0,0.3333333333333333,-6,1,6325.776666666668,0.23,0.3333333333333333,0.16666666666666666,0.0,13283.86,2,1,0.5,13283.86,2,1,0.5,32150.15,4,2,0.5,37954.66,6,2,0.3333333333333333,1
LGS2ORD0020566,C015017,2025-06-12 21:00:00,Male,50,Bronze,CallCenter,Remote_Area,300,Shopee,Credit_Card,21,6,3,0,40-50,10.0,4.0,1.0,0.25,100,2,3563.2274999999995,0.23,0.25,0.25,0.0,1564.55,1,0,0.0,1564.55,1,0,0.0,1564.55,1,0,0.0,14252.909999999998,4,1,0.25,0
LGS2ORD0020567,C017674,2025-06-12 21:00:00,Female,50,Gold,Lazada,Chonburi,1453,CallCenter,COD,21,6,3,0,40-50,48.43333333333333,2.0,0.0,0.0,-1,38,5742.615,0.08,0.5,0.0,0.0,0.0,0,0,0.0,0.0,0,0,0.0,11485.23,2,0,0.0,11485.23,2,0,0.0,1
LGS2ORD0020568,C011000,2025-06-12 21:00:00,Female,31,Bronze,Shopee,Bangkok,382,Lazada,COD,21,6,3,0,30-40,12.733333333333333,9.0,3.0,0.3333333333333333,61,33,6129.001111111113,0.28,0.5555555555555556,0.3333333333333333,0.0,0.0,0,0,0.0,0.0,0,0,0.0,28234.78,4,1,0.25,55161.01000000001,9,3,0.3333333333333333,0
LGS2ORD0020569,C012164,2025-06-12 21:00:00,Female,53,Silver,Shopee,Khon Kaen,592,Lazada,PromptPay,21,6,3,0,>50,19.733333333333334,3.0,0.0,0.0,-1,58,2232.5933333333337,0.25,0.6666666666666666,0.6666666666666666,0.0,0.0,0,0,0.0,0.0,0,0,0.0,4166.77,1,0,0.0,6697.780000000001,3,0,0.0,0
LGS2ORD0020570,C017199,2025-06-12 21:00:00,Female,48,Gold,Shopee,Bangkok,240,Shopee,PromptPay,21,6,3,0,40-50,8.0,1.0,1.0,1.0,15,27,10198.77,0.08,0.0,0.0,0.0,0.0,0,0,0.0,10198.77,1,1,1.0,10198.77,1,1,1.0,10198.77,1,1,1.0,0
LGS2ORD0020571,C010271,2025-06-12 22:00:00,Male,27,Gold,CallCenter,Chonburi,1021,Shopee,Credit_Card,22,6,3,0,20-30,34.03333333333333,2.0,0.0,0.0,-1,59,2531.485,0.13,0.5,0.0,0.0,0.0,0,0,0.0,0.0,0,0,0.0,5062.97,2,0,0.0,5062.97,2,0,0.0,0
LGS2ORD0020572,C015248,2025-06-12 22:00:00,Male,66,Silver,TV,Songkhla,1317,Shopee,Credit_Card,22,6,3,0,>50,43.9,3.0,3.0,1.0,4,15,2868.3899999999994,0.25,1.0,0.3333333333333333,0.0,0.0,0,0,0.0,1138.55,1,1,1.0,4385.73,2,2,1.0,8605.169999999998,3,3,1.0,0
LGS2ORD0020573,C016495,2025-06-12 22:00:00,Female,44,Bronze,TV,Nakhon Ratchasima,715,TV_Show,PromptPay,22,6,3,0,40-50,23.833333333333332,3.0,1.0,0.3333333333333333,90,62,3846.4,0.28,0.3333333333333333,0.3333333333333333,0.0,0.0,0,0,0.0,0.0,0,0,0.0,4243.32,1,0,0.0,11539.2,3,1,0.3333333333333333,0
LGS2ORD0020574,C010477,2025-06-12 22:00:00,Female,52,Gold,Shopee,Khon Kaen,251,Web,Credit_Card,22,6,3,0,>50,8.366666666666667,2.0,1.0,0.5,38,51,3245.95,0.33,1.0,0.5,0.0,0.0,0,0,0.0,0.0,0,0,0.0,5896.21,1,1,1.0,6491.9,2,1,0.5,1
LGS2ORD0020575,C011913,2025-06-12 22:00:00,Female,46,Bronze,Web,Bangkok,998,Shopee,Bank_Transfer,22,6,3,0,40-50,33.266666666666666,3.0,0.0,0.0,-1,15,9153.83,0.28,0.6666666666666666,0.3333333333333333,0.0,0.0,0,0,0.0,1584.62,1,0,0.0,25981.899999999998,2,0,0.0,27461.489999999998,3,0,0.0,0
LGS2ORD0020576,C012661,2025-06-12 23:00:00,Female,40,Bronze,Shopee,Bangkok,970,Lazada,COD,23,6,3,0,30-40,32.333333333333336,1.0,0.0,0.0,-1,152,6882.3,0.18,1.0,0.0,0.0,0.0,0,0,0.0,0.0,0,0,0.0,0.0,0,0,0.0,6882.3,1,0,0.0,0
LGS2ORD0020577,C013834,2025-06-12 23:00:00,Female,18,Bronze,Shopee,Bangkok,1203,Shopee,PromptPay,23,6,3,0,<20,40.1,4.0,0.0,0.0,-1,6,6778.785,0.13,0.5,0.0,0.0,23283.72,2,0,0.0,23283.72,2,0,0.0,25674.0,3,0,0.0,27115.14,4,0,0.0,0
LGS2ORD0020578,C010611,2025-06-12 23:00:00,Female,72,Bronze,Shopee,Songkhla,1350,TV_Show,COD,23,6,3,0,>50,45.0,4.0,1.0,0.25,73,64,4265.4525,0.13,0.25,0.0,0.0,0.0,0,0,0.0,0.0,0,0,0.0,4115.66,2,1,0.5,17061.81,4,1,0.25,0
LGS2ORD0020579,C014104,2025-06-12 23:00:00,Female,37,Platinum,Web,Bangkok,228,Shopee,COD,23,6,3,0,30-40,7.6,2.0,0.0,0.0,-1,14,5885.030000000001,0.35,0.5,0.5,0.0,0.0,0,0,0.0,10523.61,1,0,0.0,10523.61,1,0,0.0,11770.060000000001,2,0,0.0,1
LGS2ORD0020580,C014576,2025-06-12 23:00:00,Male,48,Silver,Shopee,Khon Kaen,941,Shopee,Bank_Transfer,23,6,3,0,40-50,31.366666666666667,2.0,0.0,0.0,-1,26,11423.970000000001,0.1,0.0,0.0,0.0,0.0,0,0,0.0,14327.91,1,0,0.0,14327.91,1,0,0.0,22847.940000000002,2,0,0.0,0
LGS2ORD0020581,C015993,2025-06-13 00:00:00,Female,39,Silver,TV,Phuket,712,TV_Show,Credit_Card,0,6,4,0,30-40,23.733333333333334,4.0,1.0,0.25,131,10,8124.504999999999,0.25,0.75,0.25,0.0,0.0,0,0,0.0,30012.73,2,0,0.0,31837.96,3,0,0.0,32498.019999999997,4,1,0.25,1
LGS2ORD0020582,C010412,2025-06-13 00:00:00,Female,34,Bronze,TV,Bangkok,1083,TV_Show,Credit_Card,0,6,4,0,30-40,36.1,2.0,0.0,0.0,-1,92,2592.6800000000003,0.13,1.0,0.0,0.0,0.0,0,0,0.0,0.0,0,0,0.0,0.0,0,0,0.0,5185.360000000001,2,0,0.0,0
LGS2ORD0020583,C017723,2025-06-13 00:00:00,Male,43,Bronze,CallCenter,Chonburi,1511,Shopee,Credit_Card,0,6,4,0,40-50,50.36666666666667,2.0,0.0,0.0,-1,35,1480.06,0.23,1.0,0.5,0.0,0.0,0,0,0.0,0.0,0,0,0.0,2960.12,2,0,0.0,2960.12,2,0,0.0,0
LGS2ORD0020584,C010888,2025-06-13 00:00:00,Other,36,Bronze,TV,Bangkok,1206,Shopee,COD,0,6,4,0,30-40,40.2,3.0,2.0,0.6666666666666666,18,34,5132.320000000001,0.18,0.3333333333333333,0.0,0.0,0.0,0,0,0.0,0.0,0,0,0.0,6341.9400000000005,2,2,1.0,15396.960000000001,3,2,0.6666666666666666,0
LGS2ORD0020585,C013992,2025-06-13 00:00:00,Male,36,Bronze,CallCenter,Bangkok,1378,Shopee,COD,0,6,4,0,30-40,45.93333333333333,2.0,0.0,0.0,-1,6,2487.555,0.18,0.5,0.0,0.0,338.08,1,0,0.0,338.08,1,0,0.0,338.08,1,0,0.0,4975.11,2,0,0.0,0
LGS2ORD0020586,C016491,2025-06-13 00:00:00,Male,53,Bronze,TV,Chiang Mai,1598,Lazada,COD,0,6,4,0,>50,53.266666666666666,0.0,0.0,0.0,-1,-1,0.0,0.0,0.0,0.0,0.0,0.0,0,0,0.0,0.0,0,0,0.0,0.0,0,0,0.0,0.0,0,0,0.0,1
LGS2ORD0020587,C012738,2025-06-13 01:00:00,Female,27,Silver,Web,Nakhon Ratchasima,1367,CallCenter,COD,1,6,4,0,20-30,45.56666666666667,5.0,1.0,0.2,0,7,6316.912,0.25,0.4,0.2,0.0,0.0,0,0,0.0,12861.57,2,1,0.5,14772.66,3,1,0.3333333333333333,31584.56,5,1,0.2,0
LGS2ORD0020588,C010375,2025-06-13 01:00:00,Female,51,Silver,TV,Chiang Mai,1080,TV_Show,COD,1,6,4,0,>50,36.0,1.0,0.0,0.0,-1,90,9364.56,0.2,0.0,0.0,0.0,0.0,0,0,0.0,0.0,0,0,0.0,0.0,0,0,0.0,9364.56,1,0,0.0,1
LGS2ORD0020589,C016522,2025-06-13 01:00:00,Female,46,Bronze,Shopee,Bangkok,1133,Shopee,PromptPay,1,6,4,0,40-50,37.766666666666666,4.0,2.0,0.5,22,21,9222.84,0.18,0.75,0.0,0.0,0.0,0,0,0.0,5185.91,1,0,0.0,8342.36,2,1,0.5,36891.36,4,2,0.5,0
LGS2ORD0020590,C013107,2025-06-13 01:00:00,Other,37,Silver,TV,Nakhon Ratchasima,1263,Shopee,COD,1,6,4,0,30-40,42.1,1.0,1.0,1.0,155,162,11406.87,0.05,1.0,0.0,0.0,0.0,0,0,0.0,0.0,0,0,0.0,0.0,0,0,0.0,11406.87,1,1,1.0,1
LGS2ORD0020591,C012834,2025-06-13 01:00:00,Male,43,Bronze,TV,Bangkok,1231,Shopee,COD,1,6,4,0,40-50,41.03333333333333,3.0,0.0,0.0,-1,49,3437.236666666666,0.13,0.3333333333333333,0.0,0.0,0.0,0,0,0.0,0.0,0,0,0.0,6397.01,2,0,0.0,10311.71,3,0,0.0,0
LGS2ORD0020592,C012092,2025-06-13 02:00:00,Female,33,Silver,Lazada,Bangkok,286,Shopee,COD,2,6,4,0,30-40,9.533333333333333,3.0,0.0,0.0,-1,123,3585.523333333333,0.3,0.0,0.3333333333333333,0.0,0.0,0,0,0.0,0.0,0,0,0.0,0.0,0,0,0.0,10756.57,3,0,0.0,1
LGS2ORD0020593,C010422,2025-06-13 02:00:00,Female,38,Platinum,TV,Khon Kaen,1570,Shopee,COD,2,6,4,0,30-40,52.333333333333336,4.0,0.0,0.0,-1,13,12968.05,0.3,0.5,0.25,0.0,0.0,0,0,0.0,47157.81,2,0,0.0,49016.11,3,0,0.0,51872.2,4,0,0.0,0
LGS2ORD0020594,C017450,2025-06-13 02:00:00,Female,50,Bronze,TV,Remote_Area,360,CallCenter,COD,2,6,4,0,40-50,12.0,3.0,0.0,0.0,-1,10,3815.2100000000005,0.23,0.0,0.3333333333333333,0.0,0.0,0,0,0.0,1344.2,1,0,0.0,10506.240000000002,2,0,0.0,11445.630000000001,3,0,0.0,1
LGS2ORD0020595,C013540,2025-06-13 02:00:00,Other,40,Silver,CallCenter,Bangkok,1393,Web,Credit_Card,2,6,4,0,30-40,46.43333333333333,1.0,0.0,0.0,-1,92,2525.86,0.05,0.0,0.0,0.0,0.0,0,0,0.0,0.0,0,0,0.0,0.0,0,0,0.0,2525.86,1,0,0.0,0
LGS2ORD0020596,C013253,2025-06-13 02:00:00,Female,27,Bronze,TV,Songkhla,884,TV_Show,PromptPay,2,6,4,0,20-30,29.466666666666665,4.0,0.0,0.0,-1,42,3662.86,0.23,0.5,0.5,0.0,0.0,0,0,0.0,0.0,0,0,0.0,6035.78,3,0,0.0,14651.44,4,0,0.0,0
LGS2ORD0020597,C010739,2025-06-13 03:00:00,Male,34,Bronze,CallCenter,Bangkok,399,Web,COD,3,6,4,0,30-40,13.3,1.0,0.0,0.0,-1,92,4745.61,0.08,0.0,0.0,0.0,0.0,0,0,0.0,0.0,0,0,0.0,0.0,0,0,0.0,4745.61,1,0,0.0,1
LGS2ORD0020598,C017967,2025-06-13 03:00:00,Female,46,Silver,Shopee,Bangkok,339,CallCenter,Credit_Card,3,6,4,0,40-50,11.3,1.0,0.0,0.0,-1,74,775.31,0.3,0.0,1.0,0.0,0.0,0,0,0.0,0.0,0,0,0.0,775.31,1,0,0.0,775.31,1,0,0.0,0
LGS2ORD0020599,C016783,2025-06-13 03:00:00,Female,36,Bronze,Shopee,Bangkok,656,Shopee,Credit_Card,3,6,4,0,30-40,21.866666666666667,2.0,0.0,0.0,-1,14,4136.525000000001,0.28,0.5,0.5,0.0,0.0,0,0,0.0,7566.02,1,0,0.0,7566.02,1,0,0.0,8273.050000000001,2,0,0.0,0
LGS2ORD0020600,C012404,2025-06-13 03:00:00,Female,67,Bronze,Lazada,Nakhon Ratchasima,740,Lazada,COD,3,6,4,0,>50,24.666666666666668,2.0,1.0,0.5,133,16,6949.25,0.18,1.0,0.0,0.0,0.0,0,0,0.0,12871.68,1,0,0.0,12871.68,1,0,0.0,13898.5,2,1,0.5,1
LGS2ORD0020601,C016611,2025-06-13 03:00:00,Female,31,Bronze,Shopee,Remote_Area,509,TV_Show,Credit_Card,3,6,4,0,30-40,16.966666666666665,0.0,0.0,0.0,-1,-1,0.0,0.0,0.0,0.0,0.0,0.0,0,0,0.0,0.0,0,0,0.0,0.0,0,0,0.0,0.0,0,0,0.0,0
LGS2ORD0020602,C013380,2025-06-13 04:00:00,Female,34,Gold,Lazada,Khon Kaen,946,Web,PromptPay,4,6,4,0,30-40,31.533333333333335,4.0,1.0,0.25,83,7,3577.8775,0.28,0.5,0.75,0.0,0.0,0,0,0.0,3696.74,1,0,0.0,3696.74,1,0,0.0,14311.51,4,1,0.25,1
LGS2ORD0020603,C012668,2025-06-13 04:00:00,Female,53,Bronze,TV,Songkhla,350,Lazada,Bank_Transfer,4,6,4,0,>50,11.666666666666666,4.0,1.0,0.25,3,10,3722.965,0.23,1.0,0.25,0.0,0.0,0,0,0.0,10606.689999999999,2,1,0.5,10606.689999999999,2,1,0.5,14891.86,4,1,0.25,0
LGS2ORD0020604,C010016,2025-06-13 04:00:00,Male,39,Silver,Web,Chonburi,933,Shopee,Credit_Card,4,6,4,0,30-40,31.1,4.0,1.0,0.25,108,15,4093.6450000000004,0.3,0.5,0.5,0.0,0.0,0,0,0.0,263.57,1,0,0.0,263.57,1,0,0.0,16374.580000000002,4,1,0.25,0
LGS2ORD0020605,C017382,2025-06-13 04:00:00,Female,18,Bronze,Shopee,Chonburi,926,CallCenter,COD,4,6,4,0,<20,30.866666666666667,3.0,2.0,0.6666666666666666,69,84,8130.133333333334,0.18,0.6666666666666666,0.0,0.0,0.0,0,0,0.0,0.0,0,0,0.0,5499.61,1,1,1.0,24390.4,3,2,0.6666666666666666,1
LGS2ORD0020606,C013214,2025-06-13 04:00:00,Male,41,Platinum,Web,Songkhla,1340,CallCenter,COD,4,6,4,0,40-50,44.666666666666664,2.0,0.0,0.0,-1,38,2715.5699999999997,0.3,0.5,0.5,0.0,0.0,0,0,0.0,0.0,0,0,0.0,4102.41,1,0,0.0,5431.139999999999,2,0,0.0,1
LGS2ORD0020607,C017752,2025-06-13 04:00:00,Male,34,Silver,TV,Bangkok,1330,Web,COD,4,6,4,0,30-40,44.333333333333336,2.0,1.0,0.5,113,80,3409.2799999999997,0.25,0.5,0.5,0.0,0.0,0,0,0.0,0.0,0,0,0.0,1358.2,1,0,0.0,6818.5599999999995,2,1,0.5,0
LGS2ORD0020608,C016452,2025-06-13 05:00:00,Female,37,Gold,TV,Chiang Mai,1290,TV_Show,PromptPay,5,6,4,0,30-40,43.0,2.0,0.0,0.0,-1,66,9160.02,0.08,0.0,0.0,0.0,0.0,0,0,0.0,0.0,0,0,0.0,3939.27,1,0,0.0,18320.04,2,0,0.0,1
LGS2ORD0020609,C012279,2025-06-13 05:00:00,Female,36,Silver,Web,Bangkok,389,Web,COD,5,6,4,0,30-40,12.966666666666667,2.0,0.0,0.0,-1,111,3235.65,0.2,1.0,0.0,0.0,0.0,0,0,0.0,0.0,0,0,0.0,0.0,0,0,0.0,6471.3,2,0,0.0,0
LGS2ORD0020610,C013618,2025-06-13 05:00:00,Male,18,Platinum,Web,Chiang Mai,324,Shopee,PromptPay,5,6,4,0,<20,10.8,3.0,2.0,0.6666666666666666,3,5,7170.803333333333,0.25,0.0,0.3333333333333333,0.0,1042.12,1,1,1.0,1042.12,1,1,1.0,17562.5,2,1,0.5,21512.41,3,2,0.6666666666666666,0
LGS2ORD0020611,C016401,2025-06-13 05:00:00,Male,46,Platinum,Web,Bangkok,1553,Lazada,PromptPay,5,6,4,0,40-50,51.766666666666666,2.0,0.0,0.0,-1,72,10781.259999999998,0.1,0.0,0.0,0.0,0.0,0,0,0.0,0.0,0,0,0.0,1970.92,1,0,0.0,21562.519999999997,2,0,0.0,1
LGS2ORD0020612,C012744,2025-06-13 05:00:00,Female,34,Silver,Lazada,Chonburi,1409,Lazada,COD,5,6,4,0,30-40,46.96666666666667,2.0,0.0,0.0,-1,101,12959.415,0.3,0.0,0.5,0.0,0.0,0,0,0.0,0.0,0,0,0.0,0.0,0,0,0.0,25918.83,2,0,0.0,1
LGS2ORD0020613,C017355,2025-06-13 06:00:00,Male,64,Bronze,Lazada,Bangkok,1467,TV_Show,Credit_Card,6,6,4,0,>50,48.9,0.0,0.0,0.0,-1,-1,0.0,0.0,0.0,0.0,0.0,0.0,0,0,0.0,0.0,0,0,0.0,0.0,0,0,0.0,0.0,0,0,0.0,0
LGS2ORD0020614,C017858,2025-06-13 06:00:00,Male,30,Silver,TV,Remote_Area,355,CallCenter,COD,6,6,4,0,20-30,11.833333333333334,4.0,2.0,0.5,0,10,4634.695000000001,0.2,0.5,0.0,0.0,0.0,0,0,0.0,1019.81,1,1,1.0,18538.780000000002,4,2,0.5,18538.780000000002,4,2,0.5,0
LGS2ORD0020615,C014853,2025-06-13 06:00:00,Male,60,Platinum,Shopee,Chiang Mai,937,CallCenter,COD,6,6,4,0,>50,31.233333333333334,1.0,0.0,0.0,-1,79,1255.04,0.3,0.0,1.0,0.0,0.0,0,0,0.0,0.0,0,0,0.0,1255.04,1,0,0.0,1255.04,1,0,0.0,0
LGS2ORD0020616,C016226,2025-06-13 06:00:00,Male,29,Bronze,Lazada,Chiang Mai,1170,CallCenter,Credit_Card,6,6,4,0,20-30,39.0,1.0,0.0,0.0,-1,105,1884.94,0.28,0.0,1.0,0.0,0.0,0,0,0.0,0.0,0,0,0.0,0.0,0,0,0.0,1884.94,1,0,0.0,0
LGS2ORD0020617,C010913,2025-06-13 06:00:00,Female,48,Bronze,TV,Remote_Area,877,TV_Show,COD,6,6,4,0,40-50,29.233333333333334,3.0,0.0,0.0,-1,4,13781.936666666666,0.08,0.3333333333333333,0.0,0.0,3959.33,1,0,0.0,3959.33,1,0,0.0,21212.08,2,0,0.0,41345.81,3,0,0.0,1
LGS2ORD0020618,C010202,2025-06-13 07:00:00,Male,28,Bronze,Shopee,Chiang Mai,608,Web,PromptPay,7,6,4,0,20-30,20.266666666666666,1.0,0.0,0.0,-1,151,2104.66,0.28,0.0,1.0,0.0,0.0,0,0,0.0,0.0,0,0,0.0,0.0,0,0,0.0,2104.66,1,0,0.0,0
LGS2ORD0020619,C016161,2025-06-13 07:00:00,Female,37,Silver,Web,Songkhla,759,TV_Show,COD,7,6,4,0,30-40,25.3,4.0,2.0,0.5,71,79,925.7450000000001,0.25,0.5,0.25,0.0,0.0,0,0,0.0,0.0,0,0,0.0,441.63,1,1,1.0,3702.9800000000005,4,2,0.5,0
LGS2ORD0020620,C015038,2025-06-13 07:00:00,Female,72,Silver,Shopee,Nakhon Ratchasima,1145,Web,Credit_Card,7,6,4,0,>50,38.166666666666664,2.0,1.0,0.5,-11,2,7512.385,0.25,1.0,0.5,0.0,7932.68,1,1,1.0,7932.68,1,1,1.0,7932.68,1,1,1.0,15024.77,2,1,0.5,0
LGS2ORD0020621,C014635,2025-06-13 07:00:00,Female,62,Bronze,TV,Nakhon Ratchasima,219,TV_Show,Credit_Card,7,6,4,0,>50,7.3,4.0,1.0,0.25,123,28,5170.4325,0.23,0.75,0.5,0.0,0.0,0,0,0.0,5348.46,2,0,0.0,16326.279999999999,3,0,0.0,20681.73,4,1,0.25,1
LGS2ORD0020622,C016555,2025-06-13 07:00:00,Female,62,Silver,Web,Chiang Mai,1241,Shopee,COD,7,6,4,0,>50,41.36666666666667,5.0,0.0,0.0,-1,34,8250.794,0.3,0.6,0.4,0.0,0.0,0,0,0.0,0.0,0,0,0.0,18820.22,2,0,0.0,41253.97,5,0,0.0,0
LGS2ORD0020623,C016186,2025-06-13 07:00:00,Female,48,Silver,Shopee,Bangkok,1027,TV_Show,PromptPay,7,6,4,0,40-50,34.233333333333334,2.0,0.0,0.0,-1,63,905.04,0.15,0.0,0.0,0.0,0.0,0,0,0.0,0.0,0,0,0.0,552.87,1,0,0.0,1810.08,2,0,0.0,1
LGS2ORD0020624,C012354,2025-06-13 08:00:00,Female,49,Bronze,Lazada,Bangkok,196,Web,Credit_Card,8,6,4,0,40-50,6.533333333333333,4.0,2.0,0.5,4,12,3605.8300000000004,0.23,0.5,0.25,0.0,0.0,0,0,0.0,3475.16,2,2,1.0,10774.160000000002,3,2,0.6666666666666666,14423.320000000002,4,2,0.5,0
LGS2ORD0020625,C017021,2025-06-13 08:00:00,Male,45,Bronze,Lazada,Bangkok,1299,Lazada,COD,8,6,4,0,40-50,43.3,4.0,0.0,0.0,-1,19,6033.995,0.23,0.25,0.25,0.0,0.0,0,0,0.0,21030.96,3,0,0.0,21030.96,3,0,0.0,24135.98,4,0,0.0,0
LGS2ORD0020626,C015680,2025-06-13 08:00:00,Male,66,Bronze,Shopee,Remote_Area,1177,Shopee,COD,8,6,4,0,>50,39.233333333333334,5.0,1.0,0.2,72,39,3243.966,0.28,0.6,0.4,0.0,0.0,0,0,0.0,0.0,0,0,0.0,15787.130000000001,4,1,0.25,16219.83,5,1,0.2,0
LGS2ORD0020627,C016010,2025-06-13 08:00:00,Male,45,Bronze,TV,Nakhon Ratchasima,854,Shopee,COD,8,6,4,0,40-50,28.466666666666665,4.0,1.0,0.25,40,31,4934.8125,0.18,0.75,0.0,0.0,0.0,0,0,0.0,0.0,0,0,0.0,19739.25,4,1,0.25,19739.25,4,1,0.25,0
LGS2ORD0020628,C014702,2025-06-13 08:00:00,Male,41,Bronze,Shopee,Bangkok,709,CallCenter,Credit_Card,8,6,4,0,40-50,23.633333333333333,2.0,0.0,0.0,-1,18,666.77,0.18,0.5,0.0,0.0,0.0,0,0,0.0,797.13,1,0,0.0,797.13,1,0,0.0,1333.54,2,0,0.0,0
LGS2ORD0020629,C015799,2025-06-13 09:00:00,Female,43,Silver,CallCenter,Phuket,1210,TV_Show,Credit_Card,9,6,4,0,40-50,40.333333333333336,1.0,1.0,1.0,52,62,385.46,0.3,0.0,1.0,0.0,0.0,0,0,0.0,0.0,0,0,0.0,385.46,1,1,1.0,385.46,1,1,1.0,0
LGS2ORD0020630,C010586,2025-06-13 09:00:00,Female,41,Bronze,Shopee,Khon Kaen,1476,Web,COD,9,6,4,0,40-50,49.2,2.0,0.0,0.0,-1,53,8389.295,0.08,0.0,0.0,0.0,0.0,0,0,0.0,0.0,0,0,0.0,1755.17,1,0,0.0,16778.59,2,0,0.0,0
LGS2ORD0020631,C016048,2025-06-13 09:00:00,Female,34,Silver,Shopee,Chiang Mai,874,Lazada,COD,9,6,4,0,30-40,29.133333333333333,3.0,1.0,0.3333333333333333,150,38,2264.1066666666666,0.25,0.6666666666666666,0.6666666666666666,0.0,0.0,0,0,0.0,0.0,0,0,0.0,1773.15,1,0,0.0,6792.32,3,1,0.3333333333333333,1
LGS2ORD0020632,C012658,2025-06-13 09:00:00,Male,41,Gold,Web,Bangkok,934,Shopee,COD,9,6,4,0,40-50,31.133333333333333,0.0,0.0,0.0,-1,-1,0.0,0.0,0.0,0.0,0.0,0.0,0,0,0.0,0.0,0,0,0.0,0.0,0,0,0.0,0.0,0,0,0.0,0
LGS2ORD0020633,C013175,2025-06-13 09:00:00,Male,41,Bronze,Shopee,Bangkok,506,Lazada,Bank_Transfer,9,6,4,0,40-50,16.866666666666667,1.0,0.0,0.0,-1,75,2299.03,0.03,1.0,0.0,0.0,0.0,0,0,0.0,0.0,0,0,0.0,2299.03,1,0,0.0,2299.03,1,0,0.0,0
LGS2ORD0020634,C011026,2025-06-13 10:00:00,Male,31,Bronze,Web,Bangkok,1066,Shopee,COD,10,6,4,0,30-40,35.53333333333333,5.0,0.0,0.0,-1,38,3270.5359999999996,0.13,0.4,0.0,0.0,0.0,0,0,0.0,0.0,0,0,0.0,5633.92,2,0,0.0,16352.679999999998,5,0,0.0,0
LGS2ORD0020635,C015097,2025-06-13 10:00:00,Male,46,Silver,Web,Bangkok,489,Web,COD,10,6,4,0,40-50,16.3,2.0,1.0,0.5,140,123,18776.335,0.15,0.5,0.0,0.0,0.0,0,0,0.0,0.0,0,0,0.0,0.0,0,0,0.0,37552.67,2,1,0.5,1
LGS2ORD0020636,C016205,2025-06-13 10:00:00,Other,55,Bronze,Shopee,Bangkok,1326,Web,COD,10,6,4,0,>50,44.2,2.0,0.0,0.0,-1,23,18792.775,0.08,0.5,0.0,0.0,0.0,0,0,0.0,23178.44,1,0,0.0,23178.44,1,0,0.0,37585.55,2,0,0.0,1
LGS2ORD0020637,C014565,2025-06-13 10:00:00,Male,38,Platinum,TV,Chonburi,1534,Web,PromptPay,10,6,4,0,30-40,51.13333333333333,0.0,0.0,0.0,-1,-1,0.0,0.0,0.0,0.0,0.0,0.0,0,0,0.0,0.0,0,0,0.0,0.0,0,0,0.0,0.0,0,0,0.0,0
LGS2ORD0020638,C016770,2025-06-13 10:00:00,Female,38,Bronze,Shopee,Bangkok,560,Web,Credit_Card,10,6,4,0,30-40,18.666666666666668,2.0,0.0,0.0,-1,54,7264.05,0.18,0.5,0.0,0.0,0.0,0,0,0.0,0.0,0,0,0.0,14528.1,2,0,0.0,14528.1,2,0,0.0,0
LGS2ORD0020639,C013018,2025-06-13 11:00:00,Male,47,Bronze,TV,Chiang Mai,525,Shopee,Bank_Transfer,11,6,4,0,40-50,17.5,3.0,1.0,0.3333333333333333,-7,5,8795.85,0.18,0.3333333333333333,0.0,0.0,4418.89,1,1,1.0,17112.96,2,1,0.5,26387.55,3,1,0.3333333333333333,26387.55,3,1,0.3333333333333333,0
LGS2ORD0020640,C014458,2025-06-13 11:00:00,Female,39,Silver,TV,Chonburi,1531,Shopee,COD,11,6,4,0,30-40,51.03333333333333,2.0,1.0,0.5,119,57,12888.46,0.1,0.5,0.0,0.0,0.0,0,0,0.0,0.0,0,0,0.0,23609.48,1,0,0.0,25776.92,2,1,0.5,0
LGS2ORD0020641,C013855,2025-06-13 11:00:00,Male,33,Bronze,Web,Bangkok,1216,Lazada,PromptPay,11,6,4,0,30-40,40.53333333333333,1.0,0.0,0.0,-1,24,578.05,0.23,0.0,1.0,0.0,0.0,0,0,0.0,578.05,1,0,0.0,578.05,1,0,0.0,578.05,1,0,0.0,0
LGS2ORD0020642,C017922,2025-06-13 11:00:00,Male,42,Bronze,CallCenter,Khon Kaen,1015,TV_Show,COD,11,6,4,0,40-50,33.833333333333336,7.0,2.0,0.2857142857142857,4,13,3045.995714285714,0.23,0.42857142857142855,0.14285714285714285,0.0,0.0,0,0,0.0,8491.84,2,1,0.5,14766.739999999998,5,1,0.2,21321.969999999998,7,2,0.2857142857142857,0
LGS2ORD0020643,C015186,2025-06-13 11:00:00,Male,49,Bronze,Lazada,Khon Kaen,1045,Shopee,COD,11,6,4,0,40-50,34.833333333333336,3.0,1.0,0.3333333333333333,59,70,8376.396666666667,0.23,1.0,0.3333333333333333,0.0,0.0,0,0,0.0,0.0,0,0,0.0,22359.02,2,1,0.5,25129.190000000002,3,1,0.3333333333333333,0
LGS2ORD0020644,C012501,2025-06-13 11:00:00,Male,60,Gold,CallCenter,Chonburi,1140,Web,Credit_Card,11,6,4,0,>50,38.0,0.0,0.0,0.0,-1,-1,0.0,0.0,0.0,0.0,0.0,0.0,0,0,0.0,0.0,0,0,0.0,0.0,0,0,0.0,0.0,0,0,0.0,1
LGS2ORD0020645,C014080,2025-06-13 12:00:00,Male,29,Bronze,Shopee,Songkhla,1512,Shopee,Credit_Card,12,6,4,0,20-30,50.4,3.0,1.0,0.3333333333333333,53,41,4631.083333333333,0.23,0.6666666666666666,0.3333333333333333,0.0,0.0,0,0,0.0,0.0,0,0,0.0,12109.2,2,1,0.5,13893.25,3,1,0.3333333333333333,0
LGS2ORD0020646,C017987,2025-06-13 12:00:00,Male,44,Gold,TV,Bangkok,776,Lazada,COD,12,6,4,0,40-50,25.866666666666667,0.0,0.0,0.0,-1,-1,0.0,0.0,0.0,0.0,0.0,0.0,0,0,0.0,0.0,0,0,0.0,0.0,0,0,0.0,0.0,0,0,0.0,1
LGS2ORD0020647,C014283,2025-06-13 12:00:00,Male,58,Gold,Lazada,Bangkok,862,Shopee,COD,12,6,4,0,>50,28.733333333333334,6.0,1.0,0.16666666666666666,117,38,1904.6083333333336,0.33,0.5,0.8333333333333334,0.0,0.0,0,0,0.0,0.0,0,0,0.0,8295.970000000001,3,0,0.0,11427.650000000001,6,1,0.16666666666666666,0
LGS2ORD0020648,C011699,2025-06-13 12:00:00,Male,47,Bronze,TV,Khon Kaen,1179,TV_Show,COD,12,6,4,0,40-50,39.3,5.0,1.0,0.2,-5,9,1609.09,0.23,0.6,0.2,0.0,0.0,0,0,0.0,3619.55,2,1,0.5,6297.87,4,1,0.25,8045.45,5,1,0.2,0
LGS2ORD0020649,C015196,2025-06-13 12:00:00,Female,42,Bronze,Lazada,Bangkok,1311,TV_Show,COD,12,6,4,0,40-50,43.7,4.0,1.0,0.25,11,28,4400.57,0.13,0.5,0.0,0.0,0.0,0,0,0.0,6384.69,1,1,1.0,6384.69,1,1,1.0,17602.28,4,1,0.25,0
LGS2ORD0020650,C017348,2025-06-13 13:00:00,Male,27,Bronze,TV,Phuket,1513,Web,COD,13,6,4,0,20-30,50.43333333333333,4.0,0.0,0.0,-1,8,14720.697499999998,0.23,0.75,0.25,0.0,0.0,0,0,0.0,1478.11,1,0,0.0,4264.57,2,0,0.0,58882.78999999999,4,0,0.0,1
LGS2ORD0020651,C017140,2025-06-13 13:00:00,Male,34,Silver,CallCenter,Chiang Mai,1201,Shopee,COD,13,6,4,0,30-40,40.03333333333333,5.0,1.0,0.2,20,32,9459.84,0.3,0.2,0.2,0.0,0.0,0,0,0.0,0.0,0,0,0.0,30678.109999999997,3,1,0.3333333333333333,47299.200000000004,5,1,0.2,0
LGS2ORD0020652,C010487,2025-06-13 13:00:00,Male,63,Bronze,TV,Remote_Area,1174,Shopee,COD,13,6,4,0,>50,39.13333333333333,3.0,0.0,0.0,-1,6,3471.07,0.23,0.3333333333333333,0.3333333333333333,0.0,3875.69,1,0,0.0,3875.69,1,0,0.0,10413.210000000001,3,0,0.0,10413.210000000001,3,0,0.0,0
LGS2ORD0020653,C011811,2025-06-13 13:00:00,Female,40,Silver,CallCenter,Bangkok,1461,Web,Credit_Card,13,6,4,0,30-40,48.7,2.0,1.0,0.5,106,49,7840.23,0.15,0.5,0.0,0.0,0.0,0,0,0.0,0.0,0,0,0.0,6677.5,1,0,0.0,15680.46,2,1,0.5,0
LGS2ORD0020654,C015550,2025-06-13 13:00:00,Female,35,Bronze,Shopee,Chiang Mai,820,Web,Bank_Transfer,13,6,4,0,30-40,27.333333333333332,7.0,1.0,0.14285714285714285,74,8,4972.245714285715,0.28,0.14285714285714285,0.5714285714285714,0.0,0.0,0,0,0.0,10204.04,1,0,0.0,30756.29,5,0,0.0,34805.72,7,1,0.14285714285714285,0
LGS2ORD0020655,C010483,2025-06-13 14:00:00,Female,30,Gold,Lazada,Bangkok,1435,CallCenter,PromptPay,14,6,4,0,20-30,47.833333333333336,1.0,0.0,0.0,-1,153,4450.67,0.18,0.0,0.0,0.0,0.0,0,0,0.0,0.0,0,0,0.0,0.0,0,0,0.0,4450.67,1,0,0.0,0
LGS2ORD0020656,C017608,2025-06-13 14:00:00,Male,51,Gold,Lazada,Remote_Area,689,TV_Show,COD,14,6,4,0,>50,22.966666666666665,0.0,0.0,0.0,-1,-1,0.0,0.0,0.0,0.0,0.0,0.0,0,0,0.0,0.0,0,0,0.0,0.0,0,0,0.0,0.0,0,0,0.0,0
LGS2ORD0020657,C015553,2025-06-13 14:00:00,Female,18,Bronze,Shopee,Chiang Mai,462,TV_Show,COD,14,6,4,0,<20,15.4,3.0,2.0,0.6666666666666666,37,47,2766.25,0.28,1.0,0.3333333333333333,0.0,0.0,0,0,0.0,0.0,0,0,0.0,1353.66,1,1,1.0,8298.75,3,2,0.6666666666666666,0
LGS2ORD0020658,C013436,2025-06-13 14:00:00,Male,53,Bronze,TV,Chiang Mai,545,Lazada,COD,14,6,4,0,>50,18.166666666666668,7.0,3.0,0.42857142857142855,10,20,13651.894285714287,0.23,0.42857142857142855,0.2857142857142857,0.0,0.0,0,0,0.0,22339.87,1,1,1.0,65542.29,3,1,0.3333333333333333,95563.26000000001,7,3,0.42857142857142855,0
LGS2ORD0020659,C014246,2025-06-13 14:00:00,Male,34,Silver,TV,Phuket,1380,TV_Show,Bank_Transfer,14,6,4,0,30-40,46.0,4.0,4.0,1.0,9,20,6608.245000000001,0.3,0.75,0.25,0.0,0.0,0,0,0.0,5595.15,1,1,1.0,25170.840000000004,3,3,1.0,26432.980000000003,4,4,1.0,0
LGS2ORD0020660,C015279,2025-06-13 15:00:00,Female,53,Platinum,Web,Chiang Mai,178,Lazada,PromptPay,15,6,4,0,>50,5.933333333333334,2.0,1.0,0.5,9,10,1420.2350000000001,0.35,0.0,0.5,0.0,0.0,0,0,0.0,2840.4700000000003,2,1,0.5,2840.4700000000003,2,1,0.5,2840.4700000000003,2,1,0.5,0
LGS2ORD0020661,C017699,2025-06-13 15:00:00,Female,46,Platinum,Shopee,Bangkok,994,CallCenter,Bank_Transfer,15,6,4,0,40-50,33.13333333333333,3.0,2.0,0.6666666666666666,12,27,4787.946666666667,0.35,0.6666666666666666,1.0,0.0,0.0,0,0,0.0,1542.6,1,1,1.0,14363.84,3,2,0.6666666666666666,14363.84,3,2,0.6666666666666666,0
LGS2ORD0020662,C016045,2025-06-13 15:00:00,Female,48,Silver,CallCenter,Chonburi,587,CallCenter,COD,15,6,4,0,40-50,19.566666666666666,2.0,0.0,0.0,-1,39,8889.23,0.1,0.0,0.0,0.0,0.0,0,0,0.0,0.0,0,0,0.0,3659.27,1,0,0.0,17778.46,2,0,0.0,0
LGS2ORD0020663,C016546,2025-06-13 15:00:00,Female,40,Gold,TV,Khon Kaen,207,Shopee,Bank_Transfer,15,6,4,0,30-40,6.9,3.0,0.0,0.0,-1,99,2640.98,0.13,0.0,0.0,0.0,0.0,0,0,0.0,0.0,0,0,0.0,0.0,0,0,0.0,7922.9400000000005,3,0,0.0,0
LGS2ORD0020664,C013206,2025-06-13 15:00:00,Male,23,Gold,Lazada,Chonburi,195,Web,Bank_Transfer,15,6,4,0,20-30,6.5,3.0,0.0,0.0,-1,41,2089.75,0.28,0.3333333333333333,0.6666666666666666,0.0,0.0,0,0,0.0,0.0,0,0,0.0,5943.21,2,0,0.0,6269.25,3,0,0.0,0
LGS2ORD0020665,C016186,2025-06-13 15:00:00,Female,48,Silver,Shopee,Bangkok,1027,Lazada,PromptPay,15,6,4,0,40-50,34.233333333333334,3.0,1.0,0.3333333333333333,-9,0,3997.523333333333,0.15,0.0,0.0,0.0,10182.49,1,1,1.0,10182.49,1,1,1.0,10735.36,2,1,0.5,11992.57,3,1,0.3333333333333333,0
LGS2ORD0020666,C011341,2025-06-13 16:00:00,Female,59,Bronze,Web,Bangkok,1082,Shopee,PromptPay,16,6,4,0,>50,36.06666666666667,4.0,1.0,0.25,61,69,1903.46,0.13,0.5,0.0,0.0,0.0,0,0,0.0,0.0,0,0,0.0,7613.84,4,1,0.25,7613.84,4,1,0.25,0
LGS2ORD0020667,C015889,2025-06-13 16:00:00,Female,36,Silver,TV,Bangkok,950,TV_Show,Credit_Card,16,6,4,0,30-40,31.666666666666668,4.0,1.0,0.25,22,32,4833.1825,0.1,0.5,0.0,0.0,0.0,0,0,0.0,0.0,0,0,0.0,19332.73,4,1,0.25,19332.73,4,1,0.25,0
LGS2ORD0020668,C017007,2025-06-13 16:00:00,Male,39,Bronze,CallCenter,Chonburi,854,TV_Show,COD,16,6,4,0,30-40,28.466666666666665,2.0,0.0,0.0,-1,57,659.215,0.13,0.5,0.0,0.0,0.0,0,0,0.0,0.0,0,0,0.0,783.44,1,0,0.0,1318.43,2,0,0.0,0
LGS2ORD0020669,C012577,2025-06-13 16:00:00,Male,60,Gold,TV,Chonburi,1197,Lazada,PromptPay,16,6,4,0,>50,39.9,0.0,0.0,0.0,-1,-1,0.0,0.0,0.0,0.0,0.0,0.0,0,0,0.0,0.0,0,0,0.0,0.0,0,0,0.0,0.0,0,0,0.0,0
LGS2ORD0020670,C015141,2025-06-13 16:00:00,Male,53,Silver,Shopee,Bangkok,1527,CallCenter,COD,16,6,4,0,>50,50.9,3.0,1.0,0.3333333333333333,149,23,5215.116666666668,0.1,0.6666666666666666,0.0,0.0,0.0,0,0,0.0,1733.37,1,0,0.0,1733.37,1,0,0.0,15645.350000000002,3,1,0.3333333333333333,0
LGS2ORD0020671,C014033,2025-06-13 17:00:00,Female,69,Silver,TV,Nakhon Ratchasima,518,TV_Show,COD,17,6,4,0,>50,17.266666666666666,4.0,0.0,0.0,-1,28,5333.78,0.25,0.75,1.0,0.0,0.0,0,0,0.0,5650.23,1,0,0.0,10626.86,2,0,0.0,21335.12,4,0,0.0,0
LGS2ORD0020672,C012391,2025-06-13 17:00:00,Female,50,Bronze,TV,Bangkok,1305,Shopee,Credit_Card,17,6,4,0,40-50,43.5,1.0,1.0,1.0,24,36,2616.23,0.23,1.0,1.0,0.0,0.0,0,0,0.0,0.0,0,0,0.0,2616.23,1,1,1.0,2616.23,1,1,1.0,1
LGS2ORD0020673,C015194,2025-06-13 17:00:00,Female,34,Bronze,Web,Nakhon Ratchasima,222,Shopee,Credit_Card,17,6,4,0,30-40,7.4,4.0,0.0,0.0,-1,29,8689.17,0.13,0.5,0.0,0.0,0.0,0,0,0.0,6474.25,1,0,0.0,34756.68,4,0,0.0,34756.68,4,0,0.0,0
LGS2ORD0020674,C016841,2025-06-13 17:00:00,Male,42,Gold,TV,Remote_Area,1362,Shopee,Credit_Card,17,6,4,0,40-50,45.4,2.0,1.0,0.5,129,16,2233.4900000000002,0.18,0.0,0.0,0.0,0.0,0,0,0.0,3776.51,1,0,0.0,3776.51,1,0,0.0,4466.9800000000005,2,1,0.5,0
LGS2ORD0020675,C011601,2025-06-13 17:00:00,Male,41,Gold,TV,Nakhon Ratchasima,1019,TV_Show,COD,17,6,4,0,40-50,33.96666666666667,2.0,0.0,0.0,-1,4,3055.8599999999997,0.33,0.0,1.0,0.0,3331.85,1,0,0.0,3331.85,1,0,0.0,3331.85,1,0,0.0,6111.719999999999,2,0,0.0,0
LGS2ORD0020676,C010547,2025-06-13 18:00:00,Male,30,Silver,Lazada,Bangkok,366,TV_Show,COD,18,6,4,0,20-30,12.2,2.0,0.0,0.0,-1,2,3811.59,0.2,0.0,0.0,0.0,957.64,1,0,0.0,957.64,1,0,0.0,957.64,1,0,0.0,7623.18,2,0,0.0,0
LGS2ORD0020677,C012793,2025-06-13 18:00:00,Female,51,Bronze,Shopee,Bangkok,1554,TV_Show,Bank_Transfer,18,6,4,0,>50,51.8,1.0,0.0,0.0,-1,47,966.24,0.28,1.0,1.0,0.0,0.0,0,0,0.0,0.0,0,0,0.0,966.24,1,0,0.0,966.24,1,0,0.0,1
LGS2ORD0020678,C012920,2025-06-13 18:00:00,Male,32,Gold,CallCenter,Phuket,1143,CallCenter,COD,18,6,4,0,30-40,38.1,6.0,1.0,0.16666666666666666,88,86,5858.2,0.2299999999999999,0.3333333333333333,0.16666666666666666,0.0,0.0,0,0,0.0,0.0,0,0,0.0,1543.03,1,0,0.0,35149.2,6,1,0.16666666666666666,1
LGS2ORD0020679,C014878,2025-06-13 18:00:00,Male,29,Silver,Lazada,Songkhla,182,Web,Bank_Transfer,18,6,4,0,20-30,6.066666666666666,1.0,1.0,1.0,106,118,6892.3,0.2,1.0,0.0,0.0,0.0,0,0,0.0,0.0,0,0,0.0,0.0,0,0,0.0,6892.3,1,1,1.0,1
LGS2ORD0020680,C016505,2025-06-13 18:00:00,Male,30,Gold,Shopee,Chonburi,422,Web,Credit_Card,18,6,4,0,20-30,14.066666666666666,3.0,0.0,0.0,-1,36,10016.436666666666,0.33,0.6666666666666666,0.6666666666666666,0.0,0.0,0,0,0.0,0.0,0,0,0.0,29303.38,2,0,0.0,30049.31,3,0,0.0,0
LGS2ORD0020681,C012519,2025-06-13 19:00:00,Male,31,Bronze,CallCenter,Remote_Area,749,Web,COD,19,6,4,0,30-40,24.966666666666665,3.0,1.0,0.3333333333333333,149,73,5043.583333333333,0.23,0.6666666666666666,0.3333333333333333,0.0,0.0,0,0,0.0,0.0,0,0,0.0,2112.86,1,0,0.0,15130.75,3,1,0.3333333333333333,0
LGS2ORD0020682,C015424,2025-06-13 19:00:00,Male,37,Gold,Web,Khon Kaen,209,CallCenter,COD,19,6,4,0,30-40,6.966666666666667,2.0,0.0,0.0,-1,79,8007.46,0.13,0.5,0.0,0.0,0.0,0,0,0.0,0.0,0,0,0.0,14899.33,1,0,0.0,16014.92,2,0,0.0,1
LGS2ORD0020683,C012193,2025-06-13 19:00:00,Female,39,Gold,Shopee,Khon Kaen,916,Shopee,Credit_Card,19,6,4,0,30-40,30.533333333333335,0.0,0.0,0.0,-1,-1,0.0,0.0,0.0,0.0,0.0,0.0,0,0,0.0,0.0,0,0,0.0,0.0,0,0,0.0,0.0,0,0,0.0,0
LGS2ORD0020684,C014572,2025-06-13 19:00:00,Male,58,Platinum,Web,Bangkok,1234,Lazada,Credit_Card,19,6,4,0,>50,41.13333333333333,0.0,0.0,0.0,-1,-1,0.0,0.0,0.0,0.0,0.0,0.0,0,0,0.0,0.0,0,0,0.0,0.0,0,0,0.0,0.0,0,0,0.0,0
LGS2ORD0020685,C017477,2025-06-13 19:00:00,Male,33,Silver,Lazada,Nakhon Ratchasima,256,TV_Show,COD,19,6,4,0,30-40,8.533333333333333,4.0,1.0,0.25,144,131,4977.0825,0.25,0.75,0.5,0.0,0.0,0,0,0.0,0.0,0,0,0.0,0.0,0,0,0.0,19908.33,4,1,0.25,0
LGS2ORD0020686,C011143,2025-06-13 19:00:00,Male,55,Gold,Shopee,Nakhon Ratchasima,828,Shopee,PromptPay,19,6,4,0,>50,27.6,4.0,0.0,0.0,-1,49,7848.7275,0.28,0.25,0.25,0.0,0.0,0,0,0.0,0.0,0,0,0.0,11863.43,1,0,0.0,31394.91,4,0,0.0,1
LGS2ORD0020687,C015662,2025-06-13 20:00:00,Female,42,Silver,Web,Chonburi,316,Web,COD,20,6,4,0,40-50,10.533333333333333,3.0,1.0,0.3333333333333333,13,7,898.4566666666666,0.05,0.6666666666666666,0.0,0.0,0.0,0,0,0.0,2695.37,3,1,0.3333333333333333,2695.37,3,1,0.3333333333333333,2695.37,3,1,0.3333333333333333,0
LGS2ORD0020688,C013223,2025-06-13 20:00:00,Male,44,Platinum,Web,Khon Kaen,483,TV_Show,Credit_Card,20,6,4,0,40-50,16.1,1.0,0.0,0.0,-1,124,3019.02,0.35,0.0,1.0,0.0,0.0,0,0,0.0,0.0,0,0,0.0,0.0,0,0,0.0,3019.02,1,0,0.0,0
LGS2ORD0020689,C011404,2025-06-13 20:00:00,Female,46,Bronze,TV,Chiang Mai,745,TV_Show,COD,20,6,4,0,40-50,24.833333333333332,2.0,0.0,0.0,-1,68,3962.275,0.23,0.0,0.5,0.0,0.0,0,0,0.0,0.0,0,0,0.0,5952.39,1,0,0.0,7924.55,2,0,0.0,0
LGS2ORD0020690,C016111,2025-06-13 20:00:00,Female,47,Bronze,Shopee,Nakhon Ratchasima,339,Lazada,Credit_Card,20,6,4,0,40-50,11.3,2.0,1.0,0.5,80,30,4225.985,0.28,0.5,1.0,0.0,0.0,0,0,0.0,3358.94,1,0,0.0,8451.97,2,1,0.5,8451.97,2,1,0.5,0
LGS2ORD0020691,C017977,2025-06-13 20:00:00,Female,56,Bronze,Shopee,Bangkok,520,Lazada,Bank_Transfer,20,6,4,0,>50,17.333333333333332,2.0,1.0,0.5,43,5,3754.495,0.28,1.0,0.5,0.0,5530.42,1,0,0.0,5530.42,1,0,0.0,7508.99,2,1,0.5,7508.99,2,1,0.5,0
LGS2ORD0020692,C010678,2025-06-13 21:00:00,Female,41,Gold,Web,Bangkok,874,CallCenter,Bank_Transfer,21,6,4,0,40-50,29.133333333333333,2.0,0.0,0.0,-1,17,2382.325,0.2299999999999999,0.0,0.5,0.0,0.0,0,0,0.0,3082.62,1,0,0.0,4764.65,2,0,0.0,4764.65,2,0,0.0,0
LGS2ORD0020693,C016609,2025-06-13 21:00:00,Male,49,Platinum,Lazada,Bangkok,1145,CallCenter,Credit_Card,21,6,4,0,40-50,38.166666666666664,4.0,0.0,0.0,-1,16,1763.855,0.35,0.0,0.5,0.0,0.0,0,0,0.0,4867.08,2,0,0.0,4867.08,2,0,0.0,7055.42,4,0,0.0,0
LGS2ORD0020694,C013578,2025-06-13 21:00:00,Male,30,Silver,Lazada,Khon Kaen,1523,CallCenter,COD,21,6,4,0,20-30,50.766666666666666,2.0,0.0,0.0,-1,40,9826.845000000001,0.25,0.5,0.5,0.0,0.0,0,0,0.0,0.0,0,0,0.0,3560.15,1,0,0.0,19653.690000000002,2,0,0.0,1
LGS2ORD0020695,C013922,2025-06-13 21:00:00,Male,49,Gold,Lazada,Songkhla,1253,Shopee,Credit_Card,21,6,4,0,40-50,41.766666666666666,1.0,1.0,1.0,31,41,2712.54,0.13,0.0,0.0,0.0,0.0,0,0,0.0,0.0,0,0,0.0,2712.54,1,1,1.0,2712.54,1,1,1.0,0
LGS2ORD0020696,C017153,2025-06-13 21:00:00,Female,36,Bronze,Web,Bangkok,1259,Web,PromptPay,21,6,4,0,30-40,41.96666666666667,3.0,1.0,0.3333333333333333,138,28,7421.5,0.23,0.0,0.3333333333333333,0.0,0.0,0,0,0.0,9681.18,1,0,0.0,9681.18,1,0,0.0,22264.5,3,1,0.3333333333333333,0
LGS2ORD0020697,C015060,2025-06-13 22:00:00,Male,29,Silver,CallCenter,Remote_Area,563,Shopee,Credit_Card,22,6,4,0,20-30,18.766666666666666,2.0,2.0,1.0,4,10,1108.0900000000001,0.05,0.0,0.0,0.0,0.0,0,0,0.0,1565.68,1,1,1.0,1565.68,1,1,1.0,2216.1800000000003,2,2,1.0,0
LGS2ORD0020698,C010995,2025-06-13 22:00:00,Male,42,Silver,Shopee,Khon Kaen,1151,TV_Show,Credit_Card,22,6,4,0,40-50,38.36666666666667,3.0,0.0,0.0,-1,7,4232.693333333334,0.25,0.3333333333333333,0.3333333333333333,0.0,0.0,0,0,0.0,6757.63,1,0,0.0,6757.63,1,0,0.0,12698.08,3,0,0.0,0
LGS2ORD0020699,C011069,2025-06-13 22:00:00,Female,47,Silver,Lazada,Phuket,507,Web,COD,22,6,4,0,40-50,16.9,1.0,0.0,0.0,-1,117,11506.35,0.25,0.0,1.0,0.0,0.0,0,0,0.0,0.0,0,0,0.0,0.0,0,0,0.0,11506.35,1,0,0.0,0
LGS2ORD0020700,C014593,2025-06-13 22:00:00,Male,38,Bronze,TV,Chiang Mai,1549,Shopee,PromptPay,22,6,4,0,30-40,51.63333333333333,5.0,0.0,0.0,-1,12,6471.389999999999,0.28,0.6,0.2,0.0,0.0,0,0,0.0,4078.0699999999997,2,0,0.0,32162.940000000002,4,0,0.0,32356.949999999997,5,0,0.0,0
LGS2ORD0020701,C014917,2025-06-13 22:00:00,Female,56,Gold,TV,Songkhla,815,Shopee,PromptPay,22,6,4,0,>50,27.166666666666668,2.0,0.0,0.0,-1,111,9805.005,0.28,0.5,0.5,0.0,0.0,0,0,0.0,0.0,0,0,0.0,0.0,0,0,0.0,19610.01,2,0,0.0,0
LGS2ORD0020702,C016463,2025-06-13 23:00:00,Female,35,Silver,CallCenter,Khon Kaen,399,CallCenter,PromptPay,23,6,4,0,30-40,13.3,3.0,0.0,0.0,-1,40,6377.929999999999,0.1,0.0,0.0,0.0,0.0,0,0,0.0,0.0,0,0,0.0,2941.6,1,0,0.0,19133.789999999997,3,0,0.0,0
LGS2ORD0020703,C016436,2025-06-13 23:00:00,Male,57,Bronze,CallCenter,Bangkok,1492,Lazada,COD,23,6,4,0,>50,49.733333333333334,4.0,1.0,0.25,99,28,8267.800000000001,0.18,1.0,0.0,0.0,0.0,0,0,0.0,11603.53,1,0,0.0,17045.300000000003,2,0,0.0,33071.200000000004,4,1,0.25,0
LGS2ORD0020704,C016563,2025-06-13 23:00:00,Female,47,Silver,Web,Remote_Area,327,Lazada,COD,23,6,4,0,40-50,10.9,2.0,1.0,0.5,18,32,3731.145,0.3,1.0,0.5,0.0,0.0,0,0,0.0,0.0,0,0,0.0,4863.42,1,1,1.0,7462.29,2,1,0.5,1
LGS2ORD0020705,C012580,2025-06-13 23:00:00,Female,39,Bronze,Lazada,Chiang Mai,978,Web,COD,23,6,4,0,30-40,32.6,2.0,1.0,0.5,66,46,8599.465,0.08,1.0,0.0,0.0,0.0,0,0,0.0,0.0,0,0,0.0,17198.93,2,1,0.5,17198.93,2,1,0.5,0
LGS2ORD0020706,C011846,2025-06-13 23:00:00,Female,26,Silver,Web,Chonburi,490,Lazada,Bank_Transfer,23,6,4,0,20-30,16.333333333333332,1.0,0.0,0.0,-1,153,1532.75,0.25,1.0,1.0,0.0,0.0,0,0,0.0,0.0,0,0,0.0,0.0,0,0,0.0,1532.75,1,0,0.0,1
LGS2ORD0020707,C015037,2025-06-13 23:00:00,Female,48,Bronze,Lazada,Khon Kaen,844,Lazada,PromptPay,23,6,4,0,40-50,28.133333333333333,1.0,0.0,0.0,-1,89,772.23,0.18,1.0,0.0,0.0,0.0,0,0,0.0,0.0,0,0,0.0,772.23,1,0,0.0,772.23,1,0,0.0,0
LGS2ORD0020708,C017672,2025-06-14 00:00:00,Male,50,Silver,Shopee,Songkhla,618,Lazada,COD,0,6,5,1,40-50,20.6,2.0,1.0,0.5,49,17,1794.1100000000001,0.3,0.5,1.0,0.0,0.0,0,0,0.0,2893.3,1,0,0.0,3588.2200000000003,2,1,0.5,3588.2200000000003,2,1,0.5,1
LGS2ORD0020709,C015649,2025-06-14 00:00:00,Female,38,Bronze,TV,Bangkok,896,Shopee,COD,0,6,5,1,30-40,29.866666666666667,4.0,2.0,0.5,101,31,6226.094999999999,0.28,0.75,0.25,0.0,0.0,0,0,0.0,0.0,0,0,0.0,3859.75,1,0,0.0,24904.379999999997,4,2,0.5,1
LGS2ORD0020710,C013902,2025-06-14 00:00:00,Female,69,Bronze,TV,Khon Kaen,1381,TV_Show,Bank_Transfer,0,6,5,1,>50,46.03333333333333,2.0,0.0,0.0,-1,19,1694.12,0.13,0.5,0.0,0.0,0.0,0,0,0.0,1728.09,1,0,0.0,3388.24,2,0,0.0,3388.24,2,0,0.0,1
LGS2ORD0020711,C017131,2025-06-14 00:00:00,Male,45,Silver,Shopee,Nakhon Ratchasima,707,Shopee,PromptPay,0,6,5,1,40-50,23.566666666666666,6.0,2.0,0.3333333333333333,100,30,3189.2166666666667,0.25,0.6666666666666666,0.3333333333333333,0.0,0.0,0,0,0.0,0.0,0,0,0.0,4422.11,2,0,0.0,19135.3,6,2,0.3333333333333333,1
LGS2ORD0020712,C017614,2025-06-14 00:00:00,Female,24,Silver,TV,Chiang Mai,1011,Shopee,COD,0,6,5,1,20-30,33.7,3.0,0.0,0.0,-1,26,9324.923333333334,0.2,0.6666666666666666,0.0,0.0,0.0,0,0,0.0,847.0,1,0,0.0,13437.5,2,0,0.0,27974.77,3,0,0.0,0
LGS2ORD0020713,C011847,2025-06-14 01:00:00,Female,50,Bronze,Web,Nakhon Ratchasima,685,Shopee,Credit_Card,1,6,5,1,40-50,22.833333333333332,2.0,1.0,0.5,107,75,3344.5150000000003,0.23,1.0,0.5,0.0,0.0,0,0,0.0,0.0,0,0,0.0,3781.76,1,0,0.0,6689.030000000001,2,1,0.5,0
LGS2ORD0020714,C016742,2025-06-14 01:00:00,Male,49,Silver,TV,Chiang Mai,319,TV_Show,Bank_Transfer,1,6,5,1,40-50,10.633333333333333,1.0,0.0,0.0,-1,109,7217.27,0.15,0.0,0.0,0.0,0.0,0,0,0.0,0.0,0,0,0.0,0.0,0,0,0.0,7217.27,1,0,0.0,0
LGS2ORD0020715,C014173,2025-06-14 01:00:00,Female,57,Silver,CallCenter,Khon Kaen,1123,TV_Show,COD,1,6,5,1,>50,37.43333333333333,4.0,0.0,0.0,-1,91,3613.1475000000005,0.2,1.0,0.0,0.0,0.0,0,0,0.0,0.0,0,0,0.0,0.0,0,0,0.0,14452.590000000002,4,0,0.0,0
LGS2ORD0020716,C013050,2025-06-14 01:00:00,Female,31,Bronze,TV,Chiang Mai,670,Lazada,Credit_Card,1,6,5,1,30-40,22.333333333333332,1.0,0.0,0.0,-1,159,23692.21,0.03,0.0,0.0,0.0,0.0,0,0,0.0,0.0,0,0,0.0,0.0,0,0,0.0,23692.21,1,0,0.0,1
LGS2ORD0020717,C016152,2025-06-14 01:00:00,Male,44,Bronze,Web,Bangkok,346,TV_Show,COD,1,6,5,1,40-50,11.533333333333333,1.0,0.0,0.0,-1,65,10170.17,0.08,0.0,0.0,0.0,0.0,0,0,0.0,0.0,0,0,0.0,10170.17,1,0,0.0,10170.17,1,0,0.0,0
LGS2ORD0020718,C011873,2025-06-14 02:00:00,Male,40,Platinum,Web,Bangkok,1119,CallCenter,COD,2,6,5,1,30-40,37.3,0.0,0.0,0.0,-1,-1,0.0,0.0,0.0,0.0,0.0,0.0,0,0,0.0,0.0,0,0,0.0,0.0,0,0,0.0,0.0,0,0,0.0,0
LGS2ORD0020719,C016282,2025-06-14 02:00:00,Male,28,Silver,Lazada,Khon Kaen,1319,CallCenter,COD,2,6,5,1,20-30,43.96666666666667,0.0,0.0,0.0,-1,-1,0.0,0.0,0.0,0.0,0.0,0.0,0,0,0.0,0.0,0,0,0.0,0.0,0,0,0.0,0.0,0,0,0.0,1
LGS2ORD0020720,C016496,2025-06-14 02:00:00,Female,62,Bronze,TV,Bangkok,190,Web,PromptPay,2,6,5,1,>50,6.333333333333333,2.0,0.0,0.0,-1,23,6165.75,0.18,1.0,0.0,0.0,0.0,0,0,0.0,3120.66,1,0,0.0,12331.5,2,0,0.0,12331.5,2,0,0.0,0
LGS2ORD0020721,C016266,2025-06-14 02:00:00,Male,51,Silver,Web,Bangkok,312,Lazada,Credit_Card,2,6,5,1,>50,10.4,3.0,1.0,0.3333333333333333,59,62,4849.616666666666,0.25,0.3333333333333333,0.3333333333333333,0.0,0.0,0,0,0.0,0.0,0,0,0.0,10768.86,2,1,0.5,14548.849999999999,3,1,0.3333333333333333,1
LGS2ORD0020722,C010026,2025-06-14 02:00:00,Female,51,Bronze,Web,Bangkok,691,CallCenter,COD,2,6,5,1,>50,23.033333333333335,2.0,2.0,1.0,77,84,1834.1750000000002,0.28,0.5,0.5,0.0,0.0,0,0,0.0,0.0,0,0,0.0,2726.34,1,1,1.0,3668.3500000000004,2,2,1.0,0
LGS2ORD0020723,C012001,2025-06-14 03:00:00,Female,39,Silver,Web,Remote_Area,1050,CallCenter,COD,3,6,5,1,30-40,35.0,1.0,1.0,1.0,95,105,1376.98,0.25,0.0,1.0,0.0,0.0,0,0,0.0,0.0,0,0,0.0,0.0,0,0,0.0,1376.98,1,1,1.0,0
LGS2ORD0020724,C011355,2025-06-14 03:00:00,Male,49,Bronze,TV,Bangkok,864,Shopee,COD,3,6,5,1,40-50,28.8,0.0,0.0,0.0,-1,-1,0.0,0.0,0.0,0.0,0.0,0.0,0,0,0.0,0.0,0,0,0.0,0.0,0,0,0.0,0.0,0,0,0.0,0
LGS2ORD0020725,C012779,2025-06-14 03:00:00,Male,60,Gold,CallCenter,Bangkok,1599,TV_Show,COD,3,6,5,1,>50,53.3,0.0,0.0,0.0,-1,-1,0.0,0.0,0.0,0.0,0.0,0.0,0,0,0.0,0.0,0,0,0.0,0.0,0,0,0.0,0.0,0,0,0.0,0
LGS2ORD0020726,C012783,2025-06-14 03:00:00,Male,32,Silver,Shopee,Chiang Mai,1217,Lazada,Bank_Transfer,3,6,5,1,30-40,40.56666666666667,1.0,0.0,0.0,-1,100,3782.54,0.1,1.0,0.0,0.0,0.0,0,0,0.0,0.0,0,0,0.0,0.0,0,0,0.0,3782.54,1,0,0.0,0
LGS2ORD0020727,C014392,2025-06-14 03:00:00,Female,39,Bronze,TV,Nakhon Ratchasima,404,CallCenter,PromptPay,3,6,5,1,30-40,13.466666666666667,1.0,0.0,0.0,-1,98,5628.72,0.03,0.0,0.0,0.0,0.0,0,0,0.0,0.0,0,0,0.0,0.0,0,0,0.0,5628.72,1,0,0.0,0
LGS2ORD0020728,C014178,2025-06-14 03:00:00,Female,37,Bronze,TV,Khon Kaen,1187,Shopee,COD,3,6,5,1,30-40,39.56666666666667,2.0,1.0,0.5,118,80,7514.664999999999,0.03,0.5,0.0,0.0,0.0,0,0,0.0,0.0,0,0,0.0,11322.96,1,0,0.0,15029.329999999998,2,1,0.5,0
LGS2ORD0020729,C016163,2025-06-14 04:00:00,Male,32,Bronze,Shopee,Phuket,311,Lazada,Bank_Transfer,4,6,5,1,30-40,10.366666666666667,2.0,1.0,0.5,117,119,8384.755,0.18,0.0,0.0,0.0,0.0,0,0,0.0,0.0,0,0,0.0,0.0,0,0,0.0,16769.51,2,1,0.5,1
LGS2ORD0020730,C013273,2025-06-14 04:00:00,Female,27,Gold,Web,Songkhla,353,CallCenter,COD,4,6,5,1,20-30,11.766666666666667,0.0,0.0,0.0,-1,-1,0.0,0.0,0.0,0.0,0.0,0.0,0,0,0.0,0.0,0,0,0.0,0.0,0,0,0.0,0.0,0,0,0.0,1
LGS2ORD0020731,C012655,2025-06-14 04:00:00,Female,27,Gold,CallCenter,Nakhon Ratchasima,824,TV_Show,COD,4,6,5,1,20-30,27.466666666666665,1.0,0.0,0.0,-1,44,22031.18,0.08,1.0,0.0,0.0,0.0,0,0,0.0,0.0,0,0,0.0,22031.18,1,0,0.0,22031.18,1,0,0.0,0
LGS2ORD0020732,C014097,2025-06-14 04:00:00,Male,47,Platinum,Web,Remote_Area,583,TV_Show,PromptPay,4,6,5,1,40-50,19.433333333333334,0.0,0.0,0.0,-1,-1,0.0,0.0,0.0,0.0,0.0,0.0,0,0,0.0,0.0,0,0,0.0,0.0,0,0,0.0,0.0,0,0,0.0,1
LGS2ORD0020733,C013260,2025-06-14 04:00:00,Male,35,Silver,TV,Phuket,917,Web,Bank_Transfer,4,6,5,1,30-40,30.566666666666666,1.0,0.0,0.0,-1,120,3071.87,0.2,0.0,0.0,0.0,0.0,0,0,0.0,0.0,0,0,0.0,0.0,0,0,0.0,3071.87,1,0,0.0,1
LGS2ORD0020734,C016801,2025-06-14 05:00:00,Female,30,Gold,Web,Nakhon Ratchasima,622,Web,COD,5,6,5,1,20-30,20.733333333333334,5.0,2.0,0.4,40,10,4441.356,0.18,0.4,0.0,0.0,0.0,0,0,0.0,10359.59,1,0,0.0,20466.04,4,2,0.5,22206.78,5,2,0.4,1
LGS2ORD0020735,C016150,2025-06-14 05:00:00,Other,72,Silver,Shopee,Bangkok,1342,Shopee,Credit_Card,5,6,5,1,>50,44.733333333333334,4.0,0.0,0.0,-1,11,6613.177500000001,0.2,0.0,0.0,0.0,0.0,0,0,0.0,2628.9,1,0,0.0,6650.3099999999995,2,0,0.0,26452.710000000003,4,0,0.0,0
LGS2ORD0020736,C015551,2025-06-14 05:00:00,Female,48,Bronze,CallCenter,Khon Kaen,489,TV_Show,PromptPay,5,6,5,1,40-50,16.3,1.0,0.0,0.0,-1,116,5985.2,0.18,1.0,0.0,0.0,0.0,0,0,0.0,0.0,0,0,0.0,0.0,0,0,0.0,5985.2,1,0,0.0,0
LGS2ORD0020737,C010308,2025-06-14 05:00:00,Female,53,Bronze,TV,Bangkok,1331,Shopee,COD,5,6,5,1,>50,44.36666666666667,5.0,0.0,0.0,-1,77,4192.7,0.28,0.6,0.6,0.0,0.0,0,0,0.0,0.0,0,0,0.0,1445.35,1,0,0.0,20963.5,5,0,0.0,1
LGS2ORD0020738,C013269,2025-06-14 05:00:00,Male,38,Silver,Lazada,Bangkok,1293,CallCenter,COD,5,6,5,1,30-40,43.1,1.0,0.0,0.0,-1,6,4017.94,0.25,0.0,1.0,0.0,4017.94,1,0,0.0,4017.94,1,0,0.0,4017.94,1,0,0.0,4017.94,1,0,0.0,1
LGS2ORD0020739,C016556,2025-06-14 06:00:00,Female,47,Silver,TV,Remote_Area,643,Web,COD,6,6,5,1,40-50,21.433333333333334,5.0,1.0,0.2,30,36,5615.628,0.25,1.0,0.2,0.0,0.0,0,0,0.0,0.0,0,0,0.0,26805.42,4,1,0.25,28078.14,5,1,0.2,1
LGS2ORD0020740,C010576,2025-06-14 06:00:00,Female,25,Bronze,TV,Remote_Area,503,Shopee,COD,6,6,5,1,20-30,16.766666666666666,4.0,1.0,0.25,45,8,5438.137499999999,0.13,0.25,0.0,0.0,0.0,0,0,0.0,6566.42,1,0,0.0,21752.549999999996,4,1,0.25,21752.549999999996,4,1,0.25,1
LGS2ORD0020741,C010517,2025-06-14 06:00:00,Female,55,Bronze,Lazada,Songkhla,1588,CallCenter,COD,6,6,5,1,>50,52.93333333333333,3.0,0.0,0.0,-1,7,3800.0766666666664,0.13,1.0,0.0,0.0,0.0,0,0,0.0,7961.47,1,0,0.0,11400.23,3,0,0.0,11400.23,3,0,0.0,1
LGS2ORD0020742,C013800,2025-06-14 06:00:00,Female,23,Silver,Lazada,Chiang Mai,1568,Lazada,Credit_Card,6,6,5,1,20-30,52.266666666666666,3.0,0.0,0.0,-1,17,3533.6633333333334,0.3,0.0,0.3333333333333333,0.0,0.0,0,0,0.0,4257.1,1,0,0.0,10600.99,3,0,0.0,10600.99,3,0,0.0,0
LGS2ORD0020743,C010692,2025-06-14 06:00:00,Female,35,Bronze,TV,Phuket,1080,TV_Show,Bank_Transfer,6,6,5,1,30-40,36.0,1.0,0.0,0.0,-1,55,8231.93,0.18,1.0,0.0,0.0,0.0,0,0,0.0,0.0,0,0,0.0,8231.93,1,0,0.0,8231.93,1,0,0.0,0
LGS2ORD0020744,C014524,2025-06-14 06:00:00,Male,36,Silver,Shopee,Chiang Mai,1542,TV_Show,Bank_Transfer,6,6,5,1,30-40,51.4,1.0,0.0,0.0,-1,66,2364.63,0.05,0.0,0.0,0.0,0.0,0,0,0.0,0.0,0,0,0.0,2364.63,1,0,0.0,2364.63,1,0,0.0,0
LGS2ORD0020745,C013027,2025-06-14 07:00:00,Male,55,Platinum,TV,Nakhon Ratchasima,811,Shopee,Credit_Card,7,6,5,1,>50,27.033333333333335,1.0,0.0,0.0,-1,113,3039.41,0.25,0.0,1.0,0.0,0.0,0,0,0.0,0.0,0,0,0.0,0.0,0,0,0.0,3039.41,1,0,0.0,0
LGS2ORD0020746,C017740,2025-06-14 07:00:00,Female,34,Silver,Web,Remote_Area,298,CallCenter,COD,7,6,5,1,30-40,9.933333333333334,2.0,0.0,0.0,-1,2,9774.495,0.3,0.0,0.5,0.0,2049.59,1,0,0.0,19548.99,2,0,0.0,19548.99,2,0,0.0,19548.99,2,0,0.0,0
LGS2ORD0020747,C014232,2025-06-14 07:00:00,Female,30,Bronze,Web,Bangkok,1422,Shopee,COD,7,6,5,1,20-30,47.4,2.0,0.0,0.0,-1,48,3124.955,0.03,0.0,0.0,0.0,0.0,0,0,0.0,0.0,0,0,0.0,1615.53,1,0,0.0,6249.91,2,0,0.0,1
LGS2ORD0020748,C014608,2025-06-14 07:00:00,Female,50,Bronze,Lazada,Nakhon Ratchasima,1463,TV_Show,Credit_Card,7,6,5,1,40-50,48.766666666666666,6.0,3.0,0.5,16,28,6254.735,0.23,0.6666666666666666,0.3333333333333333,0.0,0.0,0,0,0.0,2763.42,1,1,1.0,29690.019999999997,4,2,0.5,37528.409999999996,6,3,0.5,0
LGS2ORD0020749,C017953,2025-06-14 07:00:00,Male,53,Bronze,TV,Chonburi,709,Shopee,PromptPay,7,6,5,1,>50,23.633333333333333,2.0,0.0,0.0,-1,11,2287.5099999999998,0.28,0.5,0.5,0.0,0.0,0,0,0.0,2605.16,1,0,0.0,2605.16,1,0,0.0,4575.0199999999995,2,0,0.0,0
LGS2ORD0020750,C017269,2025-06-14 08:00:00,Female,51,Bronze,Web,Bangkok,1604,Web,COD,8,6,5,1,>50,53.46666666666667,6.0,1.0,0.16666666666666666,73,59,4876.68,0.23,0.8333333333333334,0.16666666666666666,0.0,0.0,0,0,0.0,0.0,0,0,0.0,22108.47,3,1,0.3333333333333333,29260.08,6,1,0.16666666666666666,0
LGS2ORD0020751,C016870,2025-06-14 08:00:00,Female,35,Silver,Web,Bangkok,643,TV_Show,Credit_Card,8,6,5,1,30-40,21.433333333333334,0.0,0.0,0.0,-1,-1,0.0,0.0,0.0,0.0,0.0,0.0,0,0,0.0,0.0,0,0,0.0,0.0,0,0,0.0,0.0,0,0,0.0,0
LGS2ORD0020752,C016102,2025-06-14 08:00:00,Female,33,Silver,Web,Chiang Mai,794,CallCenter,COD,8,6,5,1,30-40,26.466666666666665,1.0,1.0,1.0,1,13,10276.79,0.15,0.0,0.0,0.0,0.0,0,0,0.0,10276.79,1,1,1.0,10276.79,1,1,1.0,10276.79,1,1,1.0,0
LGS2ORD0020753,C016594,2025-06-14 08:00:00,Female,43,Bronze,Lazada,Nakhon Ratchasima,1456,Lazada,COD,8,6,5,1,40-50,48.53333333333333,5.0,0.0,0.0,-1,20,11837.833999999999,0.28,0.6,0.4,0.0,0.0,0,0,0.0,1635.78,1,0,0.0,1635.78,1,0,0.0,59189.17,5,0,0.0,1
LGS2ORD0020754,C017077,2025-06-14 08:00:00,Male,48,Silver,Web,Bangkok,1217,CallCenter,COD,8,6,5,1,40-50,40.56666666666667,3.0,2.0,0.6666666666666666,81,45,6996.66,0.2,0.6666666666666666,0.0,0.0,0.0,0,0,0.0,0.0,0,0,0.0,12597.449999999999,2,1,0.5,20989.98,3,2,0.6666666666666666,0
LGS2ORD0020755,C014532,2025-06-14 09:00:00,Male,31,Silver,TV,Phuket,1522,Shopee,Credit_Card,9,6,5,1,30-40,50.733333333333334,5.0,2.0,0.4,84,49,4374.35,0.3,0.8,0.2,0.0,0.0,0,0,0.0,0.0,0,0,0.0,12533.6,2,0,0.0,21871.75,5,2,0.4,0
LGS2ORD0020756,C011153,2025-06-14 09:00:00,Female,29,Silver,Web,Bangkok,1557,Web,COD,9,6,5,1,20-30,51.9,0.0,0.0,0.0,-1,-1,0.0,0.0,0.0,0.0,0.0,0.0,0,0,0.0,0.0,0,0,0.0,0.0,0,0,0.0,0.0,0,0,0.0,0
LGS2ORD0020757,C010179,2025-06-14 09:00:00,Female,33,Bronze,TV,Khon Kaen,627,CallCenter,Credit_Card,9,6,5,1,30-40,20.9,2.0,1.0,0.5,55,66,1587.835,0.18,0.5,0.0,0.0,0.0,0,0,0.0,0.0,0,0,0.0,624.65,1,1,1.0,3175.67,2,1,0.5,0
LGS2ORD0020758,C012487,2025-06-14 09:00:00,Female,41,Silver,Web,Chonburi,382,CallCenter,Bank_Transfer,9,6,5,1,40-50,12.733333333333333,4.0,0.0,0.0,-1,50,988.1225000000001,0.2,0.5,0.0,0.0,0.0,0,0,0.0,0.0,0,0,0.0,2031.7400000000002,2,0,0.0,3952.4900000000002,4,0,0.0,0
LGS2ORD0020759,C017452,2025-06-14 09:00:00,Male,41,Bronze,Web,Chonburi,379,Lazada,COD,9,6,5,1,40-50,12.633333333333333,2.0,1.0,0.5,144,92,6935.22,0.18,0.5,0.0,0.0,0.0,0,0,0.0,0.0,0,0,0.0,0.0,0,0,0.0,13870.44,2,1,0.5,0
LGS2ORD0020760,C015225,2025-06-14 10:00:00,Female,20,Bronze,Shopee,Bangkok,1069,Shopee,Credit_Card,10,6,5,1,<20,35.63333333333333,2.0,0.0,0.0,-1,87,3532.4399999999996,0.08,0.0,0.0,0.0,0.0,0,0,0.0,0.0,0,0,0.0,2240.77,1,0,0.0,7064.879999999999,2,0,0.0,0
LGS2ORD0020761,C014432,2025-06-14 10:00:00,Female,45,Gold,TV,Bangkok,1114,Web,Credit_Card,10,6,5,1,40-50,37.13333333333333,2.0,1.0,0.5,78,66,1422.1750000000002,0.2299999999999999,0.0,0.5,0.0,0.0,0,0,0.0,0.0,0,0,0.0,1250.13,1,0,0.0,2844.3500000000004,2,1,0.5,0
LGS2ORD0020762,C012533,2025-06-14 10:00:00,Female,31,Bronze,Shopee,Bangkok,733,TV_Show,COD,10,6,5,1,30-40,24.433333333333334,3.0,0.0,0.0,-1,40,6690.266666666666,0.18,0.3333333333333333,0.0,0.0,0.0,0,0,0.0,0.0,0,0,0.0,2201.44,1,0,0.0,20070.8,3,0,0.0,0
LGS2ORD0020763,C017924,2025-06-14 10:00:00,Male,39,Gold,Shopee,Chiang Mai,294,TV_Show,Credit_Card,10,6,5,1,30-40,9.8,4.0,1.0,0.25,68,13,4753.717500000001,0.33,0.5,0.75,0.0,0.0,0,0,0.0,1874.54,1,0,0.0,13588.630000000001,2,1,0.5,19014.870000000003,4,1,0.25,0
LGS2ORD0020764,C010064,2025-06-14 10:00:00,Female,42,Platinum,Shopee,Bangkok,1258,TV_Show,PromptPay,10,6,5,1,40-50,41.93333333333333,1.0,0.0,0.0,-1,155,709.19,0.2,0.0,0.0,0.0,0.0,0,0,0.0,0.0,0,0,0.0,0.0,0,0,0.0,709.19,1,0,0.0,0
LGS2ORD0020765,C014419,2025-06-14 10:00:00,Female,35,Silver,Web,Bangkok,707,Shopee,COD,10,6,5,1,30-40,23.566666666666666,4.0,2.0,0.5,53,35,6312.705,0.2,0.5,0.0,0.0,0.0,0,0,0.0,0.0,0,0,0.0,25250.82,4,2,0.5,25250.82,4,2,0.5,0
LGS2ORD0020766,C010181,2025-06-14 11:00:00,Male,51,Bronze,Shopee,Phuket,1168,Shopee,COD,11,6,5,1,>50,38.93333333333333,4.0,0.0,0.0,-1,30,3974.5925,0.28,0.75,0.5,0.0,0.0,0,0,0.0,0.0,0,0,0.0,7941.94,2,0,0.0,15898.37,4,0,0.0,1
LGS2ORD0020767,C011123,2025-06-14 11:00:00,Female,45,Bronze,TV,Chiang Mai,229,Shopee,Credit_Card,11,6,5,1,40-50,7.633333333333334,3.0,1.0,0.3333333333333333,65,50,10471.75,0.23,0.3333333333333333,0.6666666666666666,0.0,0.0,0,0,0.0,0.0,0,0,0.0,3384.05,2,1,0.5,31415.25,3,1,0.3333333333333333,0
LGS2ORD0020768,C012095,2025-06-14 11:00:00,Female,49,Bronze,TV,Bangkok,1312,Shopee,Credit_Card,11,6,5,1,40-50,43.733333333333334,3.0,1.0,0.3333333333333333,148,56,7385.843333333333,0.08,0.6666666666666666,0.0,0.0,0.0,0,0,0.0,0.0,0,0,0.0,1506.51,1,0,0.0,22157.53,3,1,0.3333333333333333,0
LGS2ORD0020769,C016305,2025-06-14 11:00:00,Other,43,Gold,Shopee,Bangkok,633,Web,COD,11,6,5,1,40-50,21.1,2.0,0.0,0.0,-1,21,5360.655000000001,0.28,0.5,1.0,0.0,0.0,0,0,0.0,8865.85,1,0,0.0,8865.85,1,0,0.0,10721.310000000001,2,0,0.0,1
LGS2ORD0020770,C016262,2025-06-14 11:00:00,Male,51,Silver,CallCenter,Bangkok,362,Web,PromptPay,11,6,5,1,>50,12.066666666666666,2.0,0.0,0.0,-1,100,10351.675,0.05,1.0,0.0,0.0,0.0,0,0,0.0,0.0,0,0,0.0,0.0,0,0,0.0,20703.35,2,0,0.0,0
LGS2ORD0020771,C014168,2025-06-14 12:00:00,Female,38,Silver,Web,Khon Kaen,1339,CallCenter,Bank_Transfer,12,6,5,1,30-40,44.63333333333333,1.0,1.0,1.0,63,65,1606.94,0.25,1.0,1.0,0.0,0.0,0,0,0.0,0.0,0,0,0.0,1606.94,1,1,1.0,1606.94,1,1,1.0,0
LGS2ORD0020772,C011062,2025-06-14 12:00:00,Male,56,Bronze,Web,Bangkok,452,Web,PromptPay,12,6,5,1,>50,15.066666666666666,5.0,1.0,0.2,142,23,5728.817999999999,0.23,0.8,0.2,0.0,0.0,0,0,0.0,328.76,1,0,0.0,16333.539999999999,3,0,0.0,28644.089999999997,5,1,0.2,0
LGS2ORD0020773,C012022,2025-06-14 12:00:00,Male,37,Bronze,TV,Phuket,594,Web,COD,12,6,5,1,30-40,19.8,3.0,1.0,0.3333333333333333,46,27,8908.446666666667,0.23,0.3333333333333333,0.6666666666666666,0.0,0.0,0,0,0.0,4085.9,1,0,0.0,26725.34,3,1,0.3333333333333333,26725.34,3,1,0.3333333333333333,0
LGS2ORD0020774,C011814,2025-06-14 12:00:00,Female,44,Gold,Web,Chonburi,1146,TV_Show,COD,12,6,5,1,40-50,38.2,3.0,0.0,0.0,-1,12,4415.486666666667,0.33,0.6666666666666666,0.6666666666666666,0.0,0.0,0,0,0.0,7297.39,1,0,0.0,7297.39,1,0,0.0,13246.46,3,0,0.0,1
LGS2ORD0020775,C011713,2025-06-14 12:00:00,Male,57,Platinum,Shopee,Khon Kaen,727,Lazada,Credit_Card,12,6,5,1,>50,24.233333333333334,8.0,4.0,0.5,6,6,5631.1975,0.25,0.5,0.5,0.0,2505.8,1,0,0.0,5164.18,3,1,0.3333333333333333,13304.39,5,2,0.4,45049.58,8,4,0.5,0
LGS2ORD0020776,C016382,2025-06-14 13:00:00,Female,72,Bronze,CallCenter,Chonburi,876,Web,COD,13,6,5,1,>50,29.2,4.0,2.0,0.5,75,85,3673.29,0.23,0.5,0.25,0.0,0.0,0,0,0.0,0.0,0,0,0.0,8633.02,2,1,0.5,14693.16,4,2,0.5,0
LGS2ORD0020777,C016069,2025-06-14 13:00:00,Other,56,Bronze,TV,Bangkok,1107,Lazada,Credit_Card,13,6,5,1,>50,36.9,5.0,2.0,0.4,98,12,2376.5280000000002,0.23,0.8,0.4,0.0,0.0,0,0,0.0,2779.98,1,0,0.0,3028.35,2,0,0.0,11882.640000000001,5,2,0.4,0
LGS2ORD0020778,C010592,2025-06-14 13:00:00,Female,30,Platinum,Lazada,Bangkok,1244,TV_Show,Credit_Card,13,6,5,1,20-30,41.46666666666667,4.0,0.0,0.0,-1,53,4591.9725,0.3,0.75,0.5,0.0,0.0,0,0,0.0,0.0,0,0,0.0,9500.11,2,0,0.0,18367.89,4,0,0.0,0
LGS2ORD0020779,C015184,2025-06-14 13:00:00,Female,47,Bronze,TV,Songkhla,1454,Shopee,COD,13,6,5,1,40-50,48.46666666666667,2.0,1.0,0.5,18,29,3948.16,0.03,1.0,0.0,0.0,0.0,0,0,0.0,2387.68,1,1,1.0,2387.68,1,1,1.0,7896.32,2,1,0.5,0
LGS2ORD0020780,C012332,2025-06-14 13:00:00,Female,59,Bronze,Web,Chiang Mai,986,Shopee,Bank_Transfer,13,6,5,1,>50,32.86666666666667,3.0,1.0,0.3333333333333333,-2,7,5368.653333333333,0.23,0.0,0.3333333333333333,0.0,0.0,0,0,0.0,13705.5,2,1,0.5,16105.96,3,1,0.3333333333333333,16105.96,3,1,0.3333333333333333,0
LGS2ORD0020781,C011910,2025-06-14 14:00:00,Female,31,Silver,TV,Chonburi,1308,Lazada,Credit_Card,14,6,5,1,30-40,43.6,3.0,1.0,0.3333333333333333,35,41,5078.133333333334,0.2,0.0,0.0,0.0,0.0,0,0,0.0,0.0,0,0,0.0,15234.400000000001,3,1,0.3333333333333333,15234.400000000001,3,1,0.3333333333333333,0
LGS2ORD0020782,C015342,2025-06-14 14:00:00,Male,32,Gold,Lazada,Khon Kaen,197,Web,COD,14,6,5,1,30-40,6.566666666666666,2.0,0.0,0.0,-1,3,4778.455,0.2299999999999999,0.5,0.5,0.0,4305.17,1,0,0.0,4305.17,1,0,0.0,4305.17,1,0,0.0,9556.91,2,0,0.0,0
LGS2ORD0020783,C011013,2025-06-14 14:00:00,Male,69,Platinum,TV,Nakhon Ratchasima,1113,Shopee,Bank_Transfer,14,6,5,1,>50,37.1,2.0,0.0,0.0,-1,3,5365.17,0.15,0.0,0.0,0.0,9621.21,1,0,0.0,9621.21,1,0,0.0,9621.21,1,0,0.0,10730.34,2,0,0.0,0
LGS2ORD0020784,C014060,2025-06-14 14:00:00,Female,51,Bronze,Web,Phuket,1262,Web,Bank_Transfer,14,6,5,1,>50,42.06666666666667,2.0,1.0,0.5,17,26,4655.485000000001,0.28,0.0,0.5,0.0,0.0,0,0,0.0,2891.84,1,1,1.0,9310.970000000001,2,1,0.5,9310.970000000001,2,1,0.5,1
LGS2ORD0020785,C015699,2025-06-14 14:00:00,Female,30,Silver,TV,Bangkok,884,Lazada,Credit_Card,14,6,5,1,20-30,29.466666666666665,4.0,0.0,0.0,-1,81,2902.6325,0.25,0.25,0.25,0.0,0.0,0,0,0.0,0.0,0,0,0.0,1914.01,1,0,0.0,11610.53,4,0,0.0,0
LGS2ORD0020786,C013646,2025-06-14 14:00:00,Female,36,Silver,CallCenter,Bangkok,545,TV_Show,COD,14,6,5,1,30-40,18.166666666666668,0.0,0.0,0.0,-1,-1,0.0,0.0,0.0,0.0,0.0,0.0,0,0,0.0,0.0,0,0,0.0,0.0,0,0,0.0,0.0,0,0,0.0,0
LGS2ORD0020787,C014428,2025-06-14 15:00:00,Female,46,Bronze,Web,Chiang Mai,213,CallCenter,Bank_Transfer,15,6,5,1,40-50,7.1,2.0,0.0,0.0,-1,37,1509.135,0.18,1.0,0.0,0.0,0.0,0,0,0.0,0.0,0,0,0.0,864.58,1,0,0.0,3018.27,2,0,0.0,0
LGS2ORD0020788,C015923,2025-06-14 15:00:00,Male,59,Bronze,TV,Phuket,793,CallCenter,PromptPay,15,6,5,1,>50,26.433333333333334,2.0,2.0,1.0,11,16,750.3199999999999,0.23,1.0,0.5,0.0,0.0,0,0,0.0,1087.35,1,1,1.0,1500.6399999999999,2,2,1.0,1500.6399999999999,2,2,1.0,0
LGS2ORD0020789,C010282,2025-06-14 15:00:00,Male,37,Bronze,Shopee,Songkhla,387,Shopee,Credit_Card,15,6,5,1,30-40,12.9,1.0,0.0,0.0,-1,128,3253.43,0.08,1.0,0.0,0.0,0.0,0,0,0.0,0.0,0,0,0.0,0.0,0,0,0.0,3253.43,1,0,0.0,0
LGS2ORD0020790,C014002,2025-06-14 15:00:00,Male,36,Bronze,TV,Bangkok,579,Shopee,COD,15,6,5,1,30-40,19.3,2.0,0.0,0.0,-1,8,2869.625,0.13,0.5,0.0,0.0,0.0,0,0,0.0,2709.57,1,0,0.0,5739.25,2,0,0.0,5739.25,2,0,0.0,1
LGS2ORD0020791,C010879,2025-06-14 15:00:00,Male,44,Bronze,Web,Bangkok,1488,Lazada,Credit_Card,15,6,5,1,40-50,49.6,4.0,0.0,0.0,-1,29,7360.505,0.23,0.25,0.25,0.0,0.0,0,0,0.0,14624.5,1,0,0.0,24572.45,3,0,0.0,29442.02,4,0,0.0,0
LGS2ORD0020792,C012754,2025-06-14 16:00:00,Other,40,Bronze,Web,Phuket,294,Shopee,COD,16,6,5,1,30-40,9.8,0.0,0.0,0.0,-1,-1,0.0,0.0,0.0,0.0,0.0,0.0,0,0,0.0,0.0,0,0,0.0,0.0,0,0,0.0,0.0,0,0,0.0,0
LGS2ORD0020793,C017613,2025-06-14 16:00:00,Female,38,Silver,CallCenter,Bangkok,999,Web,Bank_Transfer,16,6,5,1,30-40,33.3,1.0,0.0,0.0,-1,45,3118.05,0.3,1.0,1.0,0.0,0.0,0,0,0.0,0.0,0,0,0.0,3118.05,1,0,0.0,3118.05,1,0,0.0,0
LGS2ORD0020794,C011860,2025-06-14 16:00:00,Female,48,Bronze,TV,Bangkok,562,Shopee,Credit_Card,16,6,5,1,40-50,18.733333333333334,2.0,1.0,0.5,159,116,4810.85,0.03,0.5,0.0,0.0,0.0,0,0,0.0,0.0,0,0,0.0,0.0,0,0,0.0,9621.7,2,1,0.5,0
LGS2ORD0020795,C010846,2025-06-14 16:00:00,Male,60,Bronze,Shopee,Songkhla,1050,TV_Show,COD,16,6,5,1,>50,35.0,4.0,1.0,0.25,127,10,4762.715,0.23,0.75,0.25,0.0,0.0,0,0,0.0,4545.69,1,0,0.0,8230.029999999999,2,0,0.0,19050.86,4,1,0.25,0
LGS2ORD0020796,C014360,2025-06-14 16:00:00,Female,49,Gold,Lazada,Chiang Mai,880,CallCenter,COD,16,6,5,1,40-50,29.333333333333332,4.0,1.0,0.25,97,7,2860.2775,0.28,0.25,0.25,0.0,0.0,0,0,0.0,1776.61,1,0,0.0,1776.61,1,0,0.0,11441.11,4,1,0.25,0
LGS2ORD0020797,C017670,2025-06-14 17:00:00,Male,58,Gold,Shopee,Phuket,416,Lazada,COD,17,6,5,1,>50,13.866666666666667,3.0,2.0,0.6666666666666666,10,17,7039.63,0.33,0.3333333333333333,1.0,0.0,0.0,0,0,0.0,12031.43,1,1,1.0,15091.69,2,1,0.5,21118.89,3,2,0.6666666666666666,0
LGS2ORD0020798,C016403,2025-06-14 17:00:00,Male,39,Silver,TV,Khon Kaen,1211,TV_Show,COD,17,6,5,1,30-40,40.36666666666667,4.0,1.0,0.25,76,48,2849.415,0.25,1.0,0.25,0.0,0.0,0,0,0.0,0.0,0,0,0.0,1669.98,1,0,0.0,11397.66,4,1,0.25,1
LGS2ORD0020799,C011644,2025-06-14 17:00:00,Female,60,Platinum,Shopee,Chiang Mai,377,Web,PromptPay,17,6,5,1,>50,12.566666666666666,1.0,1.0,1.0,50,56,3913.67,0.1,0.0,0.0,0.0,0.0,0,0,0.0,0.0,0,0,0.0,3913.67,1,1,1.0,3913.67,1,1,1.0,0
LGS2ORD0020800,C017308,2025-06-14 17:00:00,Female,45,Bronze,Shopee,Nakhon Ratchasima,1477,TV_Show,COD,17,6,5,1,40-50,49.233333333333334,3.0,1.0,0.3333333333333333,88,57,4056.7533333333326,0.18,0.6666666666666666,0.0,0.0,0.0,0,0,0.0,0.0,0,0,0.0,2113.88,1,0,0.0,12170.259999999998,3,1,0.3333333333333333,1
LGS2ORD0020801,C017334,2025-06-14 17:00:00,Male,45,Silver,Web,Remote_Area,488,TV_Show,COD,17,6,5,1,40-50,16.266666666666666,4.0,0.0,0.0,-1,99,5719.57,0.2,0.25,0.0,0.0,0.0,0,0,0.0,0.0,0,0,0.0,0.0,0,0,0.0,22878.28,4,0,0.0,0
LGS2ORD0020802,C010233,2025-06-14 18:00:00,Male,26,Gold,Web,Khon Kaen,646,Web,COD,18,6,5,1,20-30,21.533333333333335,3.0,0.0,0.0,-1,18,8108.426666666666,0.33,0.3333333333333333,0.6666666666666666,0.0,0.0,0,0,0.0,16335.09,1,0,0.0,24325.28,3,0,0.0,24325.28,3,0,0.0,0
LGS2ORD0020803,C013790,2025-06-14 18:00:00,Female,65,Bronze,Shopee,Songkhla,1605,CallCenter,COD,18,6,5,1,>50,53.5,0.0,0.0,0.0,-1,-1,0.0,0.0,0.0,0.0,0.0,0.0,0,0,0.0,0.0,0,0,0.0,0.0,0,0,0.0,0.0,0,0,0.0,1
LGS2ORD0020804,C016406,2025-06-14 18:00:00,Female,29,Gold,TV,Bangkok,1137,TV_Show,COD,18,6,5,1,20-30,37.9,3.0,1.0,0.3333333333333333,84,13,1391.4033333333334,0.28,0.0,1.0,0.0,0.0,0,0,0.0,1037.22,1,0,0.0,4174.21,3,1,0.3333333333333333,4174.21,3,1,0.3333333333333333,0
LGS2ORD0020805,C014481,2025-06-14 18:00:00,Female,48,Silver,TV,Bangkok,1258,TV_Show,COD,18,6,5,1,40-50,41.93333333333333,3.0,0.0,0.0,-1,7,1657.8866666666665,0.25,0.3333333333333333,0.6666666666666666,0.0,0.0,0,0,0.0,3374.27,2,0,0.0,3374.27,2,0,0.0,4973.66,3,0,0.0,0
LGS2ORD0020806,C013073,2025-06-14 18:00:00,Female,31,Bronze,TV,Khon Kaen,873,TV_Show,COD,18,6,5,1,30-40,29.1,2.0,0.0,0.0,-1,12,6090.205,0.23,1.0,0.5,0.0,0.0,0,0,0.0,12180.41,2,0,0.0,12180.41,2,0,0.0,12180.41,2,0,0.0,1
LGS2ORD0020807,C011258,2025-06-14 18:00:00,Female,41,Silver,Web,Chonburi,1545,TV_Show,Credit_Card,18,6,5,1,40-50,51.5,1.0,0.0,0.0,-1,3,9562.75,0.25,0.0,1.0,0.0,9562.75,1,0,0.0,9562.75,1,0,0.0,9562.75,1,0,0.0,9562.75,1,0,0.0,0
LGS2ORD0020808,C013748,2025-06-14 19:00:00,Female,45,Silver,Web,Nakhon Ratchasima,1569,Web,Credit_Card,19,6,5,1,40-50,52.3,3.0,0.0,0.0,-1,19,5261.156666666667,0.2,0.6666666666666666,0.0,0.0,0.0,0,0,0.0,3420.78,1,0,0.0,13229.550000000001,2,0,0.0,15783.470000000001,3,0,0.0,0
LGS2ORD0020809,C016849,2025-06-14 19:00:00,Other,48,Silver,Shopee,Bangkok,393,Web,Bank_Transfer,19,6,5,1,40-50,13.1,3.0,0.0,0.0,-1,47,3047.5533333333333,0.25,0.3333333333333333,0.3333333333333333,0.0,0.0,0,0,0.0,0.0,0,0,0.0,1936.96,1,0,0.0,9142.66,3,0,0.0,0
LGS2ORD0020810,C016998,2025-06-14 19:00:00,Female,53,Platinum,Web,Bangkok,591,TV_Show,Bank_Transfer,19,6,5,1,>50,19.7,1.0,0.0,0.0,-1,151,16268.11,0.15,0.0,0.0,0.0,0.0,0,0,0.0,0.0,0,0,0.0,0.0,0,0,0.0,16268.11,1,0,0.0,0
LGS2ORD0020811,C017553,2025-06-14 19:00:00,Female,43,Gold,TV,Chiang Mai,1131,Lazada,COD,19,6,5,1,40-50,37.7,2.0,0.0,0.0,-1,36,1948.4950000000001,0.08,0.0,0.0,0.0,0.0,0,0,0.0,0.0,0,0,0.0,2282.34,1,0,0.0,3896.9900000000002,2,0,0.0,0
LGS2ORD0020812,C013441,2025-06-14 19:00:00,Male,21,Gold,TV,Remote_Area,545,Web,COD,19,6,5,1,20-30,18.166666666666668,3.0,2.0,0.6666666666666666,46,58,3579.683333333333,0.33,0.6666666666666666,0.6666666666666666,0.0,0.0,0,0,0.0,0.0,0,0,0.0,3284.87,1,1,1.0,10739.05,3,2,0.6666666666666666,0
LGS2ORD0020813,C013740,2025-06-14 20:00:00,Male,42,Bronze,Shopee,Bangkok,1059,TV_Show,Credit_Card,20,6,5,1,40-50,35.3,5.0,0.0,0.0,-1,12,7101.304000000001,0.18,0.4,0.0,0.0,0.0,0,0,0.0,25151.32,3,0,0.0,25151.32,3,0,0.0,35506.520000000004,5,0,0.0,0
LGS2ORD0020814,C016139,2025-06-14 20:00:00,Female,52,Bronze,TV,Phuket,1107,Shopee,PromptPay,20,6,5,1,>50,36.9,4.0,0.0,0.0,-1,29,1803.5874999999999,0.28,0.0,0.25,0.0,0.0,0,0,0.0,639.61,1,0,0.0,7214.349999999999,4,0,0.0,7214.349999999999,4,0,0.0,0
LGS2ORD0020815,C014319,2025-06-14 20:00:00,Female,43,Bronze,Shopee,Bangkok,1272,Web,COD,20,6,5,1,40-50,42.4,4.0,2.0,0.5,80,71,4329.4375,0.23,0.75,0.25,0.0,0.0,0,0,0.0,0.0,0,0,0.0,3561.1899999999996,2,1,0.5,17317.75,4,2,0.5,0
LGS2ORD0020816,C016817,2025-06-14 20:00:00,Female,45,Bronze,Shopee,Bangkok,958,TV_Show,Credit_Card,20,6,5,1,40-50,31.933333333333334,1.0,0.0,0.0,-1,94,533.54,0.03,1.0,0.0,0.0,0.0,0,0,0.0,0.0,0,0,0.0,0.0,0,0,0.0,533.54,1,0,0.0,0
LGS2ORD0020817,C010123,2025-06-14 20:00:00,Female,45,Bronze,CallCenter,Khon Kaen,448,Lazada,COD,20,6,5,1,40-50,14.933333333333334,0.0,0.0,0.0,-1,-1,0.0,0.0,0.0,0.0,0.0,0.0,0,0,0.0,0.0,0,0,0.0,0.0,0,0,0.0,0.0,0,0,0.0,1
LGS2ORD0020818,C014675,2025-06-14 21:00:00,Male,32,Silver,TV,Phuket,1063,TV_Show,COD,21,6,5,1,30-40,35.43333333333333,2.0,1.0,0.5,14,19,2061.47,0.25,0.5,0.5,0.0,0.0,0,0,0.0,3131.91,1,1,1.0,4122.94,2,1,0.5,4122.94,2,1,0.5,0
LGS2ORD0020819,C017729,2025-06-14 21:00:00,Female,28,Gold,Web,Remote_Area,721,TV_Show,COD,21,6,5,1,20-30,24.033333333333335,1.0,1.0,1.0,121,132,22135.62,0.13,0.0,0.0,0.0,0.0,0,0,0.0,0.0,0,0,0.0,0.0,0,0,0.0,22135.62,1,1,1.0,0
LGS2ORD0020820,C016290,2025-06-14 21:00:00,Female,49,Bronze,Shopee,Chonburi,1158,Lazada,Credit_Card,21,6,5,1,40-50,38.6,1.0,0.0,0.0,-1,63,1483.89,0.08,1.0,0.0,0.0,0.0,0,0,0.0,0.0,0,0,0.0,1483.89,1,0,0.0,1483.89,1,0,0.0,0
LGS2ORD0020821,C010148,2025-06-14 21:00:00,Female,27,Gold,TV,Songkhla,1438,Web,PromptPay,21,6,5,1,20-30,47.93333333333333,2.0,0.0,0.0,-1,5,3698.0,0.33,1.0,0.5,0.0,768.08,1,0,0.0,768.08,1,0,0.0,7396.0,2,0,0.0,7396.0,2,0,0.0,0
LGS2ORD0020822,C013534,2025-06-14 21:00:00,Female,37,Silver,Web,Bangkok,262,TV_Show,COD,21,6,5,1,30-40,8.733333333333333,1.0,0.0,0.0,-1,41,1011.03,0.2,0.0,0.0,0.0,0.0,0,0,0.0,0.0,0,0,0.0,1011.03,1,0,0.0,1011.03,1,0,0.0,0
LGS2ORD0020823,C011510,2025-06-14 22:00:00,Male,47,Platinum,Shopee,Khon Kaen,1273,Web,COD,22,6,5,1,40-50,42.43333333333333,1.0,0.0,0.0,-1,106,18340.6,0.3,0.0,1.0,0.0,0.0,0,0,0.0,0.0,0,0,0.0,0.0,0,0,0.0,18340.6,1,0,0.0,1
LGS2ORD0020824,C011315,2025-06-14 22:00:00,Female,37,Silver,Shopee,Bangkok,194,Shopee,PromptPay,22,6,5,1,30-40,6.466666666666667,4.0,1.0,0.25,12,17,1973.5575000000003,0.25,0.5,0.75,0.0,0.0,0,0,0.0,2236.42,2,1,0.5,2236.42,2,1,0.5,7894.230000000001,4,1,0.25,0
LGS2ORD0020825,C010900,2025-06-14 22:00:00,Female,58,Bronze,Web,Songkhla,194,CallCenter,PromptPay,22,6,5,1,>50,6.466666666666667,8.0,4.0,0.5,50,23,7394.9675,0.28,0.5,0.125,0.0,0.0,0,0,0.0,8427.39,1,0,0.0,13734.079999999998,3,2,0.6666666666666666,59159.74,8,4,0.5,0
LGS2ORD0020826,C013751,2025-06-14 22:00:00,Male,30,Silver,CallCenter,Remote_Area,657,Web,PromptPay,22,6,5,1,20-30,21.9,2.0,0.0,0.0,-1,5,1006.2549999999999,0.25,1.0,0.5,0.0,1302.62,1,0,0.0,1302.62,1,0,0.0,2012.5099999999998,2,0,0.0,2012.5099999999998,2,0,0.0,0
LGS2ORD0020827,C012973,2025-06-14 22:00:00,Female,32,Silver,Lazada,Nakhon Ratchasima,619,Lazada,Bank_Transfer,22,6,5,1,30-40,20.633333333333333,1.0,0.0,0.0,-1,70,2698.88,0.3,1.0,1.0,0.0,0.0,0,0,0.0,0.0,0,0,0.0,2698.88,1,0,0.0,2698.88,1,0,0.0,1
LGS2ORD0020828,C011237,2025-06-14 22:00:00,Male,58,Bronze,TV,Khon Kaen,510,Lazada,COD,22,6,5,1,>50,17.0,3.0,0.0,0.0,-1,105,1872.756666666667,0.28,0.3333333333333333,0.6666666666666666,0.0,0.0,0,0,0.0,0.0,0,0,0.0,0.0,0,0,0.0,5618.27,3,0,0.0,0
LGS2ORD0020829,C012622,2025-06-14 23:00:00,Female,22,Silver,Web,Bangkok,1475,Lazada,COD,23,6,5,1,20-30,49.166666666666664,3.0,0.0,0.0,-1,51,3138.5866666666666,0.2,0.3333333333333333,0.0,0.0,0.0,0,0,0.0,0.0,0,0,0.0,9207.27,2,0,0.0,9415.76,3,0,0.0,0
LGS2ORD0020830,C017687,2025-06-14 23:00:00,Male,47,Silver,CallCenter,Chonburi,356,CallCenter,Credit_Card,23,6,5,1,40-50,11.866666666666667,6.0,2.0,0.3333333333333333,112,66,7609.683333333333,0.25,0.3333333333333333,0.3333333333333333,0.0,0.0,0,0,0.0,0.0,0,0,0.0,19343.550000000003,2,0,0.0,45658.1,6,2,0.3333333333333333,0
LGS2ORD0020831,C011320,2025-06-14 23:00:00,Male,47,Silver,Shopee,Chonburi,933,CallCenter,COD,23,6,5,1,40-50,31.1,4.0,0.0,0.0,-1,13,3529.6974999999998,0.3,0.75,0.25,0.0,0.0,0,0,0.0,1237.16,1,0,0.0,2987.91,3,0,0.0,14118.789999999999,4,0,0.0,1
LGS2ORD0020832,C014192,2025-06-14 23:00:00,Male,38,Silver,CallCenter,Phuket,1603,Lazada,Credit_Card,23,6,5,1,30-40,53.43333333333333,1.0,0.0,0.0,-1,117,10893.19,0.05,0.0,0.0,0.0,0.0,0,0,0.0,0.0,0,0,0.0,0.0,0,0,0.0,10893.19,1,0,0.0,0
LGS2ORD0020833,C011803,2025-06-14 23:00:00,Other,18,Bronze,Shopee,Bangkok,625,TV_Show,COD,23,6,5,1,<20,20.833333333333332,5.0,1.0,0.2,136,29,3523.3239999999996,0.23,0.8,0.4,0.0,0.0,0,0,0.0,2748.16,1,0,0.0,2748.16,1,0,0.0,17616.62,5,1,0.2,0
LGS2ORD0020834,C016316,2025-06-15 00:00:00,Male,51,Silver,Lazada,Chiang Mai,921,Shopee,COD,0,6,6,1,>50,30.7,3.0,0.0,0.0,-1,109,1550.8866666666665,0.2,0.6666666666666666,0.0,0.0,0.0,0,0,0.0,0.0,0,0,0.0,0.0,0,0,0.0,4652.66,3,0,0.0,0
LGS2ORD0020835,C015015,2025-06-15 00:00:00,Female,44,Bronze,Web,Bangkok,199,TV_Show,COD,0,6,6,1,40-50,6.633333333333334,5.0,0.0,0.0,-1,10,3580.6740000000004,0.23,0.4,0.2,0.0,0.0,0,0,0.0,4166.92,1,0,0.0,7678.65,3,0,0.0,17903.370000000003,5,0,0.0,0
LGS2ORD0020836,C015941,2025-06-15 00:00:00,Female,46,Bronze,Lazada,Songkhla,421,Web,COD,0,6,6,1,40-50,14.033333333333333,3.0,2.0,0.6666666666666666,46,60,24087.593333333334,0.28,0.6666666666666666,0.3333333333333333,0.0,0.0,0,0,0.0,0.0,0,0,0.0,53738.74,1,1,1.0,72262.78,3,2,0.6666666666666666,1
LGS2ORD0020837,C015196,2025-06-15 00:00:00,Female,42,Bronze,Lazada,Bangkok,1313,CallCenter,Credit_Card,0,6,6,1,40-50,43.766666666666666,5.0,1.0,0.2,13,1,7253.314,0.13,0.6,0.0,0.0,18664.29,1,0,0.0,18664.29,1,0,0.0,25048.98,2,1,0.5,36266.57,5,1,0.2,0
LGS2ORD0020838,C013066,2025-06-15 00:00:00,Female,26,Bronze,Lazada,Remote_Area,1513,TV_Show,COD,0,6,6,1,20-30,50.43333333333333,2.0,1.0,0.5,6,22,2582.37,0.28,0.5,0.5,0.0,0.0,0,0,0.0,1161.9,1,1,1.0,5164.74,2,1,0.5,5164.74,2,1,0.5,1
LGS2ORD0020839,C013447,2025-06-15 01:00:00,Male,60,Bronze,Shopee,Bangkok,1072,Web,COD,1,6,6,1,>50,35.733333333333334,0.0,0.0,0.0,-1,-1,0.0,0.0,0.0,0.0,0.0,0.0,0,0,0.0,0.0,0,0,0.0,0.0,0,0,0.0,0.0,0,0,0.0,0
LGS2ORD0020840,C011639,2025-06-15 01:00:00,Male,33,Gold,TV,Nakhon Ratchasima,538,TV_Show,Bank_Transfer,1,6,6,1,30-40,17.933333333333334,2.0,1.0,0.5,3,7,10438.315,0.18,0.5,0.0,0.0,0.0,0,0,0.0,2075.98,1,1,1.0,2075.98,1,1,1.0,20876.63,2,1,0.5,0
LGS2ORD0020841,C012432,2025-06-15 01:00:00,Female,45,Bronze,TV,Bangkok,539,Shopee,Credit_Card,1,6,6,1,40-50,17.966666666666665,2.0,0.0,0.0,-1,41,1170.195,0.23,0.0,0.5,0.0,0.0,0,0,0.0,0.0,0,0,0.0,687.27,1,0,0.0,2340.39,2,0,0.0,1
LGS2ORD0020842,C012732,2025-06-15 01:00:00,Female,59,Silver,Lazada,Bangkok,669,TV_Show,PromptPay,1,6,6,1,>50,22.3,3.0,0.0,0.0,-1,137,10627.566666666666,0.1,0.3333333333333333,0.0,0.0,0.0,0,0,0.0,0.0,0,0,0.0,0.0,0,0,0.0,31882.699999999997,3,0,0.0,0
LGS2ORD0020843,C014946,2025-06-15 01:00:00,Male,36,Bronze,TV,Khon Kaen,1221,CallCenter,COD,1,6,6,1,30-40,40.7,6.0,4.0,0.6666666666666666,-8,4,3879.7833333333333,0.18,0.5,0.0,0.0,8777.25,2,2,1.0,18527.31,4,3,0.75,20507.77,5,3,0.6,23278.7,6,4,0.6666666666666666,1
LGS2ORD0020844,C010350,2025-06-15 01:00:00,Female,26,Gold,Shopee,Bangkok,1516,Shopee,Bank_Transfer,1,6,6,1,20-30,50.53333333333333,1.0,0.0,0.0,-1,18,600.24,0.13,0.0,0.0,0.0,0.0,0,0,0.0,600.24,1,0,0.0,600.24,1,0,0.0,600.24,1,0,0.0,0
LGS2ORD0020845,C011501,2025-06-15 02:00:00,Female,56,Bronze,TV,Remote_Area,1075,TV_Show,PromptPay,2,6,6,1,>50,35.833333333333336,4.0,1.0,0.25,152,18,8686.695,0.18,0.75,0.0,0.0,0.0,0,0,0.0,29175.440000000002,2,0,0.0,29175.440000000002,2,0,0.0,34746.78,4,1,0.25,0
LGS2ORD0020846,C010317,2025-06-15 02:00:00,Male,58,Silver,TV,Songkhla,1288,Shopee,Bank_Transfer,2,6,6,1,>50,42.93333333333333,3.0,1.0,0.3333333333333333,45,3,3314.533333333333,0.2,0.6666666666666666,0.0,0.0,3905.13,1,0,0.0,3905.13,1,0,0.0,6186.38,2,1,0.5,9943.599999999999,3,1,0.3333333333333333,1
LGS2ORD0020847,C012987,2025-06-15 02:00:00,Female,39,Silver,Web,Bangkok,793,Web,Bank_Transfer,2,6,6,1,30-40,26.433333333333334,0.0,0.0,0.0,-1,-1,0.0,0.0,0.0,0.0,0.0,0.0,0,0,0.0,0.0,0,0,0.0,0.0,0,0,0.0,0.0,0,0,0.0,0
LGS2ORD0020848,C017582,2025-06-15 02:00:00,Male,42,Bronze,TV,Phuket,222,Shopee,COD,2,6,6,1,40-50,7.4,4.0,1.0,0.25,41,31,2126.5175,0.08,0.25,0.0,0.0,0.0,0,0,0.0,0.0,0,0,0.0,3199.3,2,1,0.5,8506.07,4,1,0.25,1
LGS2ORD0020849,C013530,2025-06-15 02:00:00,Other,62,Bronze,TV,Bangkok,883,TV_Show,Bank_Transfer,2,6,6,1,>50,29.433333333333334,2.0,2.0,1.0,41,48,6204.985000000001,0.28,0.5,1.0,0.0,0.0,0,0,0.0,0.0,0,0,0.0,9415.7,1,1,1.0,12409.970000000001,2,2,1.0,1
LGS2ORD0020850,C011236,2025-06-15 03:00:00,Female,49,Silver,CallCenter,Bangkok,1074,TV_Show,COD,3,6,6,1,40-50,35.8,3.0,1.0,0.3333333333333333,12,18,4466.31,0.3,1.0,0.6666666666666666,0.0,0.0,0,0,0.0,870.32,1,1,1.0,870.32,1,1,1.0,13398.93,3,1,0.3333333333333333,1
LGS2ORD0020851,C016876,2025-06-15 03:00:00,Female,34,Platinum,TV,Phuket,1617,CallCenter,Credit_Card,3,6,6,1,30-40,53.9,1.0,0.0,0.0,-1,68,446.56,0.2,1.0,0.0,0.0,0.0,0,0,0.0,0.0,0,0,0.0,446.56,1,0,0.0,446.56,1,0,0.0,0
LGS2ORD0020852,C010026,2025-06-15 03:00:00,Female,51,Bronze,Web,Bangkok,692,Web,Bank_Transfer,3,6,6,1,>50,23.066666666666666,3.0,2.0,0.6666666666666666,78,1,2103.266666666667,0.28,0.6666666666666666,0.3333333333333333,0.0,2641.45,1,0,0.0,2641.45,1,0,0.0,5367.79,2,1,0.5,6309.8,3,2,0.6666666666666666,0
LGS2ORD0020853,C017886,2025-06-15 03:00:00,Female,54,Silver,TV,Chiang Mai,569,TV_Show,COD,3,6,6,1,>50,18.966666666666665,2.0,2.0,1.0,99,106,2046.935,0.3,1.0,0.5,0.0,0.0,0,0,0.0,0.0,0,0,0.0,0.0,0,0,0.0,4093.87,2,2,1.0,0
LGS2ORD0020854,C015477,2025-06-15 03:00:00,Female,46,Bronze,Shopee,Chonburi,1187,TV_Show,COD,3,6,6,1,40-50,39.56666666666667,5.0,1.0,0.2,114,20,3211.274,0.18,0.6,0.0,0.0,0.0,0,0,0.0,2804.46,1,0,0.0,6435.39,3,0,0.0,16056.369999999999,5,1,0.2,1
LGS2ORD0020855,C013843,2025-06-15 04:00:00,Male,27,Bronze,TV,Remote_Area,670,TV_Show,COD,4,6,6,1,20-30,22.333333333333332,4.0,3.0,0.75,87,100,2166.6049999999996,0.23,1.0,0.5,0.0,0.0,0,0,0.0,0.0,0,0,0.0,0.0,0,0,0.0,8666.419999999998,4,3,0.75,1
LGS2ORD0020856,C013048,2025-06-15 04:00:00,Male,20,Gold,TV,Nakhon Ratchasima,1244,TV_Show,COD,4,6,6,1,<20,41.46666666666667,2.0,0.0,0.0,-1,15,2356.425,0.33,0.5,0.5,0.0,0.0,0,0,0.0,3818.29,1,0,0.0,4712.85,2,0,0.0,4712.85,2,0,0.0,0
LGS2ORD0020857,C017279,2025-06-15 04:00:00,Female,38,Platinum,Shopee,Bangkok,1411,CallCenter,PromptPay,4,6,6,1,30-40,47.03333333333333,0.0,0.0,0.0,-1,-1,0.0,0.0,0.0,0.0,0.0,0.0,0,0,0.0,0.0,0,0,0.0,0.0,0,0,0.0,0.0,0,0,0.0,1
LGS2ORD0020858,C016996,2025-06-15 04:00:00,Female,51,Silver,Lazada,Chiang Mai,546,Shopee,COD,4,6,6,1,>50,18.2,5.0,0.0,0.0,-1,47,4918.932,0.2,0.2,0.0,0.0,0.0,0,0,0.0,0.0,0,0,0.0,1653.26,1,0,0.0,24594.66,5,0,0.0,0
LGS2ORD0020859,C010312,2025-06-15 04:00:00,Male,39,Platinum,Web,Chiang Mai,1116,Lazada,Bank_Transfer,4,6,6,1,30-40,37.2,1.0,0.0,0.0,-1,59,1354.61,0.25,0.0,1.0,0.0,0.0,0,0,0.0,0.0,0,0,0.0,1354.61,1,0,0.0,1354.61,1,0,0.0,0
LGS2ORD0020860,C012456,2025-06-15 05:00:00,Male,29,Bronze,TV,Remote_Area,1329,Lazada,PromptPay,5,6,6,1,20-30,44.3,4.0,3.0,0.75,-5,9,3675.9749999999995,0.23,0.75,0.25,0.0,0.0,0,0,0.0,1106.4,1,1,1.0,2868.48,2,2,1.0,14703.899999999998,4,3,0.75,1
LGS2ORD0020861,C012097,2025-06-15 05:00:00,Female,49,Gold,TV,Chiang Mai,1360,CallCenter,COD,5,6,6,1,40-50,45.333333333333336,3.0,1.0,0.3333333333333333,81,89,3015.93,0.2299999999999999,0.6666666666666666,0.3333333333333333,0.0,0.0,0,0,0.0,0.0,0,0,0.0,8194.24,1,1,1.0,9047.789999999999,3,1,0.3333333333333333,1
LGS2ORD0020862,C011972,2025-06-15 05:00:00,Male,47,Silver,TV,Bangkok,453,Lazada,COD,5,6,6,1,40-50,15.1,3.0,0.0,0.0,-1,85,13328.169999999998,0.15,0.6666666666666666,0.0,0.0,0.0,0,0,0.0,0.0,0,0,0.0,13838.71,1,0,0.0,39984.509999999995,3,0,0.0,0
LGS2ORD0020863,C013531,2025-06-15 05:00:00,Female,57,Platinum,TV,Chiang Mai,1291,Shopee,Credit_Card,5,6,6,1,>50,43.03333333333333,2.0,0.0,0.0,-1,37,5846.24,0.35,0.5,0.5,0.0,0.0,0,0,0.0,0.0,0,0,0.0,11692.48,2,0,0.0,11692.48,2,0,0.0,0
LGS2ORD0020864,C014155,2025-06-15 05:00:00,Female,33,Platinum,Web,Bangkok,267,Shopee,Bank_Transfer,5,6,6,1,30-40,8.9,2.0,1.0,0.5,30,43,1839.545,0.3,0.0,0.5,0.0,0.0,0,0,0.0,0.0,0,0,0.0,3679.09,2,1,0.5,3679.09,2,1,0.5,0
LGS2ORD0020865,C013625,2025-06-15 05:00:00,Male,43,Bronze,Web,Bangkok,1567,TV_Show,COD,5,6,6,1,40-50,52.233333333333334,1.0,0.0,0.0,-1,41,1729.38,0.28,0.0,1.0,0.0,0.0,0,0,0.0,0.0,0,0,0.0,1729.38,1,0,0.0,1729.38,1,0,0.0,1
LGS2ORD0020866,C012539,2025-06-15 06:00:00,Male,61,Silver,Lazada,Chiang Mai,1440,Lazada,COD,6,6,6,1,>50,48.0,3.0,0.0,0.0,-1,58,3196.39,0.3,0.3333333333333333,0.6666666666666666,0.0,0.0,0,0,0.0,0.0,0,0,0.0,7513.6,2,0,0.0,9589.17,3,0,0.0,1
LGS2ORD0020867,C010674,2025-06-15 06:00:00,Female,47,Gold,Shopee,Bangkok,569,TV_Show,COD,6,6,6,1,40-50,18.966666666666665,0.0,0.0,0.0,-1,-1,0.0,0.0,0.0,0.0,0.0,0.0,0,0,0.0,0.0,0,0,0.0,0.0,0,0,0.0,0.0,0,0,0.0,1
LGS2ORD0020868,C010216,2025-06-15 06:00:00,Male,23,Bronze,Web,Bangkok,1124,CallCenter,COD,6,6,6,1,20-30,37.46666666666667,5.0,0.0,0.0,-1,84,1933.15,0.18,0.2,0.0,0.0,0.0,0,0,0.0,0.0,0,0,0.0,3005.33,2,0,0.0,9665.75,5,0,0.0,0
LGS2ORD0020869,C011633,2025-06-15 06:00:00,Male,36,Silver,TV,Phuket,341,TV_Show,COD,6,6,6,1,30-40,11.366666666666667,4.0,2.0,0.5,73,85,15063.099999999999,0.3,0.75,0.25,0.0,0.0,0,0,0.0,0.0,0,0,0.0,15606.7,1,1,1.0,60252.399999999994,4,2,0.5,0
LGS2ORD0020870,C016361,2025-06-15 06:00:00,Female,34,Silver,Web,Bangkok,187,Lazada,COD,6,6,6,1,30-40,6.233333333333333,3.0,0.0,0.0,-1,81,7105.55,0.2,0.0,0.0,0.0,0.0,0,0,0.0,0.0,0,0,0.0,18735.39,1,0,0.0,21316.65,3,0,0.0,0
LGS2ORD0020871,C014233,2025-06-15 07:00:00,Female,41,Gold,TV,Bangkok,1173,CallCenter,COD,7,6,6,1,40-50,39.1,0.0,0.0,0.0,-1,-1,0.0,0.0,0.0,0.0,0.0,0.0,0,0,0.0,0.0,0,0,0.0,0.0,0,0,0.0,0.0,0,0,0.0,0
LGS2ORD0020872,C012640,2025-06-15 07:00:00,Female,33,Bronze,Shopee,Chiang Mai,225,TV_Show,PromptPay,7,6,6,1,30-40,7.5,1.0,0.0,0.0,-1,130,2696.92,0.08,1.0,0.0,0.0,0.0,0,0,0.0,0.0,0,0,0.0,0.0,0,0,0.0,2696.92,1,0,0.0,0
LGS2ORD0020873,C011597,2025-06-15 07:00:00,Female,50,Bronze,Web,Khon Kaen,1528,Lazada,COD,7,6,6,1,40-50,50.93333333333333,3.0,0.0,0.0,-1,17,1003.9699999999999,0.23,0.6666666666666666,0.3333333333333333,0.0,0.0,0,0,0.0,1134.75,1,0,0.0,1712.0900000000001,2,0,0.0,3011.91,3,0,0.0,0
LGS2ORD0020874,C012942,2025-06-15 07:00:00,Male,45,Bronze,Lazada,Chonburi,199,TV_Show,Credit_Card,7,6,6,1,40-50,6.633333333333334,4.0,0.0,0.0,-1,16,1623.4825,0.28,0.75,0.25,0.0,0.0,0,0,0.0,2505.23,1,0,0.0,3845.6099999999997,3,0,0.0,6493.93,4,0,0.0,0
LGS2ORD0020875,C013645,2025-06-15 07:00:00,Male,64,Silver,TV,Khon Kaen,1341,Web,Bank_Transfer,7,6,6,1,>50,44.7,7.0,3.0,0.42857142857142855,21,20,7113.654285714286,0.25,0.5714285714285714,0.14285714285714285,0.0,0.0,0,0,0.0,6654.58,1,0,0.0,44024.24,5,2,0.4,49795.58,7,3,0.42857142857142855,0
LGS2ORD0020876,C016004,2025-06-15 08:00:00,Female,41,Bronze,CallCenter,Khon Kaen,640,CallCenter,Credit_Card,8,6,6,1,40-50,21.333333333333332,0.0,0.0,0.0,-1,-1,0.0,0.0,0.0,0.0,0.0,0.0,0,0,0.0,0.0,0,0,0.0,0.0,0,0,0.0,0.0,0,0,0.0,0
LGS2ORD0020877,C012449,2025-06-15 08:00:00,Female,36,Silver,Web,Songkhla,774,Web,COD,8,6,6,1,30-40,25.8,3.0,3.0,1.0,6,15,7080.503333333334,0.2,0.3333333333333333,0.0,0.0,0.0,0,0,0.0,2369.99,1,1,1.0,2369.99,1,1,1.0,21241.510000000002,3,3,1.0,1
LGS2ORD0020878,C010222,2025-06-15 08:00:00,Female,63,Gold,TV,Chonburi,599,CallCenter,Credit_Card,8,6,6,1,>50,19.966666666666665,1.0,0.0,0.0,-1,34,1067.1,0.18,0.0,0.0,0.0,0.0,0,0,0.0,0.0,0,0,0.0,1067.1,1,0,0.0,1067.1,1,0,0.0,0
LGS2ORD0020879,C014183,2025-06-15 08:00:00,Female,33,Silver,Lazada,Nakhon Ratchasima,490,Lazada,COD,8,6,6,1,30-40,16.333333333333332,1.0,0.0,0.0,-1,45,522.57,0.1,1.0,0.0,0.0,0.0,0,0,0.0,0.0,0,0,0.0,522.57,1,0,0.0,522.57,1,0,0.0,0
LGS2ORD0020880,C011853,2025-06-15 08:00:00,Male,29,Bronze,Web,Chonburi,615,Shopee,PromptPay,8,6,6,1,20-30,20.5,4.0,1.0,0.25,97,107,5124.175,0.28,0.75,0.25,0.0,0.0,0,0,0.0,0.0,0,0,0.0,0.0,0,0,0.0,20496.7,4,1,0.25,0
LGS2ORD0020881,C015413,2025-06-15 09:00:00,Male,25,Silver,Shopee,Phuket,401,Web,COD,9,6,6,1,20-30,13.366666666666667,1.0,1.0,1.0,68,78,1680.92,0.1,1.0,0.0,0.0,0.0,0,0,0.0,0.0,0,0,0.0,1680.92,1,1,1.0,1680.92,1,1,1.0,1
LGS2ORD0020882,C016560,2025-06-15 09:00:00,Male,71,Bronze,Lazada,Bangkok,1462,Shopee,COD,9,6,6,1,>50,48.733333333333334,4.0,2.0,0.5,61,67,6171.0275,0.28,0.75,0.5,0.0,0.0,0,0,0.0,0.0,0,0,0.0,914.6,1,1,1.0,24684.11,4,2,0.5,1
LGS2ORD0020883,C016810,2025-06-15 09:00:00,Female,46,Bronze,Shopee,Nakhon Ratchasima,1622,TV_Show,Credit_Card,9,6,6,1,40-50,54.06666666666667,1.0,0.0,0.0,-1,71,4560.48,0.03,0.0,0.0,0.0,0.0,0,0,0.0,0.0,0,0,0.0,4560.48,1,0,0.0,4560.48,1,0,0.0,0
LGS2ORD0020884,C014600,2025-06-15 09:00:00,Male,45,Silver,Web,Bangkok,1422,TV_Show,COD,9,6,6,1,40-50,47.4,0.0,0.0,0.0,-1,-1,0.0,0.0,0.0,0.0,0.0,0.0,0,0,0.0,0.0,0,0,0.0,0.0,0,0,0.0,0.0,0,0,0.0,0
LGS2ORD0020885,C017783,2025-06-15 09:00:00,Male,44,Bronze,Lazada,Phuket,1109,CallCenter,COD,9,6,6,1,40-50,36.96666666666667,1.0,0.0,0.0,-1,39,20676.56,0.18,1.0,0.0,0.0,0.0,0,0,0.0,0.0,0,0,0.0,20676.56,1,0,0.0,20676.56,1,0,0.0,0
LGS2ORD0020886,C014666,2025-06-15 09:00:00,Male,37,Gold,Shopee,Khon Kaen,823,Lazada,Bank_Transfer,9,6,6,1,30-40,27.433333333333334,1.0,0.0,0.0,-1,8,2977.81,0.13,0.0,0.0,0.0,0.0,0,0,0.0,2977.81,1,0,0.0,2977.81,1,0,0.0,2977.81,1,0,0.0,0
LGS2ORD0020887,C014880,2025-06-15 10:00:00,Female,38,Silver,Lazada,Bangkok,700,TV_Show,PromptPay,10,6,6,1,30-40,23.333333333333332,2.0,0.0,0.0,-1,68,4321.74,0.2,0.0,0.0,0.0,0.0,0,0,0.0,0.0,0,0,0.0,7500.81,1,0,0.0,8643.48,2,0,0.0,0
LGS2ORD0020888,C011421,2025-06-15 10:00:00,Female,67,Bronze,Web,Chiang Mai,1305,Web,Credit_Card,10,6,6,1,>50,43.5,4.0,0.0,0.0,-1,28,13934.189999999999,0.18,0.25,0.0,0.0,0.0,0,0,0.0,18441.62,1,0,0.0,26124.519999999997,2,0,0.0,55736.759999999995,4,0,0.0,0
LGS2ORD0020889,C014942,2025-06-15 10:00:00,Female,42,Bronze,CallCenter,Songkhla,665,Web,PromptPay,10,6,6,1,40-50,22.166666666666668,1.0,0.0,0.0,-1,110,2186.53,0.03,1.0,0.0,0.0,0.0,0,0,0.0,0.0,0,0,0.0,0.0,0,0,0.0,2186.53,1,0,0.0,0
LGS2ORD0020890,C011428,2025-06-15 10:00:00,Female,29,Silver,Shopee,Nakhon Ratchasima,321,Lazada,COD,10,6,6,1,20-30,10.7,1.0,0.0,0.0,-1,147,8801.88,0.2,0.0,0.0,0.0,0.0,0,0,0.0,0.0,0,0,0.0,0.0,0,0,0.0,8801.88,1,0,0.0,1
LGS2ORD0020891,C014608,2025-06-15 10:00:00,Female,50,Bronze,Lazada,Nakhon Ratchasima,1464,Shopee,COD,10,6,6,1,40-50,48.8,7.0,3.0,0.42857142857142855,17,1,5488.695714285714,0.23,0.5714285714285714,0.2857142857142857,0.0,892.46,1,0,0.0,3655.88,2,1,0.5,30582.479999999996,5,2,0.4,38420.869999999995,7,3,0.42857142857142855,0
LGS2ORD0020892,C016644,2025-06-15 11:00:00,Female,32,Platinum,TV,Bangkok,1557,TV_Show,COD,11,6,6,1,30-40,51.9,5.0,0.0,0.0,-1,22,12228.122000000001,0.2,0.6,0.0,0.0,0.0,0,0,0.0,13177.21,2,0,0.0,28174.67,4,0,0.0,61140.61000000001,5,0,0.0,0
LGS2ORD0020893,C011310,2025-06-15 11:00:00,Female,43,Bronze,Shopee,Remote_Area,1592,Shopee,COD,11,6,6,1,40-50,53.06666666666667,2.0,0.0,0.0,-1,44,3136.67,0.18,0.5,0.0,0.0,0.0,0,0,0.0,0.0,0,0,0.0,4295.15,1,0,0.0,6273.34,2,0,0.0,1
LGS2ORD0020894,C011232,2025-06-15 11:00:00,Male,47,Bronze,Web,Chiang Mai,1511,Shopee,PromptPay,11,6,6,1,40-50,50.36666666666667,3.0,0.0,0.0,-1,29,3805.5,0.23,0.6666666666666666,0.3333333333333333,0.0,0.0,0,0,0.0,1298.9,1,0,0.0,11416.5,3,0,0.0,11416.5,3,0,0.0,0
LGS2ORD0020895,C014091,2025-06-15 11:00:00,Female,39,Silver,Lazada,Bangkok,434,Web,COD,11,6,6,1,30-40,14.466666666666667,4.0,1.0,0.25,132,91,2972.125,0.3,0.75,0.25,0.0,0.0,0,0,0.0,0.0,0,0,0.0,0.0,0,0,0.0,11888.5,4,1,0.25,0
LGS2ORD0020896,C011376,2025-06-15 11:00:00,Female,46,Platinum,Shopee,Bangkok,342,TV_Show,PromptPay,11,6,6,1,40-50,11.4,0.0,0.0,0.0,-1,-1,0.0,0.0,0.0,0.0,0.0,0.0,0,0,0.0,0.0,0,0,0.0,0.0,0,0,0.0,0.0,0,0,0.0,0
LGS2ORD0020897,C010293,2025-06-15 12:00:00,Female,34,Gold,Shopee,Bangkok,280,TV_Show,PromptPay,12,6,6,1,30-40,9.333333333333334,4.0,0.0,0.0,-1,24,8975.970000000001,0.2299999999999999,0.25,0.5,0.0,0.0,0,0,0.0,1614.48,1,0,0.0,19431.64,2,0,0.0,35903.880000000005,4,0,0.0,0
LGS2ORD0020898,C013446,2025-06-15 12:00:00,Male,41,Gold,TV,Chiang Mai,185,CallCenter,COD,12,6,6,1,40-50,6.166666666666667,4.0,0.0,0.0,-1,44,1330.3975,0.2299999999999999,0.5,0.5,0.0,0.0,0,0,0.0,0.0,0,0,0.0,938.56,1,0,0.0,5321.59,4,0,0.0,0
LGS2ORD0020899,C011905,2025-06-15 12:00:00,Female,63,Silver,TV,Remote_Area,1521,TV_Show,PromptPay,12,6,6,1,>50,50.7,4.0,2.0,0.5,-7,4,8053.8724999999995,0.2,0.25,0.0,0.0,17253.28,1,1,1.0,17253.28,1,1,1.0,26447.12,3,2,0.6666666666666666,32215.489999999998,4,2,0.5,1
LGS2ORD0020900,C012308,2025-06-15 12:00:00,Male,22,Bronze,TV,Songkhla,1123,Shopee,COD,12,6,6,1,20-30,37.43333333333333,7.0,3.0,0.42857142857142855,60,11,5084.857142857143,0.23,0.5714285714285714,0.42857142857142855,0.0,0.0,0,0,0.0,11715.63,1,0,0.0,24443.699999999997,4,2,0.5,35594.0,7,3,0.42857142857142855,0
LGS2ORD0020901,C016244,2025-06-15 12:00:00,Female,72,Gold,Shopee,Bangkok,272,CallCenter,Credit_Card,12,6,6,1,>50,9.066666666666666,2.0,0.0,0.0,-1,83,12571.82,0.18,0.0,0.0,0.0,0.0,0,0,0.0,0.0,0,0,0.0,16345.11,1,0,0.0,25143.64,2,0,0.0,0
LGS2ORD0020902,C016662,2025-06-15 13:00:00,Male,46,Bronze,Web,Remote_Area,1024,Shopee,PromptPay,13,6,6,1,40-50,34.13333333333333,2.0,0.0,0.0,-1,97,1160.0349999999999,0.18,0.5,0.0,0.0,0.0,0,0,0.0,0.0,0,0,0.0,0.0,0,0,0.0,2320.0699999999997,2,0,0.0,0
LGS2ORD0020903,C012529,2025-06-15 13:00:00,Female,51,Silver,TV,Remote_Area,1562,Lazada,COD,13,6,6,1,>50,52.06666666666667,4.0,2.0,0.5,7,16,1889.8249999999998,0.3,0.75,0.5,0.0,0.0,0,0,0.0,2006.39,2,1,0.5,2006.39,2,1,0.5,7559.299999999999,4,2,0.5,1
LGS2ORD0020904,C017037,2025-06-15 13:00:00,Female,41,Bronze,Web,Bangkok,1300,Lazada,PromptPay,13,6,6,1,40-50,43.333333333333336,6.0,0.0,0.0,-1,16,6449.968333333333,0.28,0.5,0.3333333333333333,0.0,0.0,0,0,0.0,18777.68,2,0,0.0,26332.230000000003,3,0,0.0,38699.81,6,0,0.0,0
LGS2ORD0020905,C014157,2025-06-15 13:00:00,Male,59,Gold,TV,Khon Kaen,1612,CallCenter,PromptPay,13,6,6,1,>50,53.733333333333334,1.0,0.0,0.0,-1,142,840.08,0.28,0.0,1.0,0.0,0.0,0,0,0.0,0.0,0,0,0.0,0.0,0,0,0.0,840.08,1,0,0.0,0
LGS2ORD0020906,C015021,2025-06-15 13:00:00,Female,58,Bronze,CallCenter,Chonburi,1199,Web,Credit_Card,13,6,6,1,>50,39.96666666666667,2.0,2.0,1.0,41,48,5213.325,0.13,1.0,0.0,0.0,0.0,0,0,0.0,0.0,0,0,0.0,8070.37,1,1,1.0,10426.65,2,2,1.0,0
LGS2ORD0020907,C013078,2025-06-15 13:00:00,Female,45,Gold,Lazada,Remote_Area,967,Lazada,COD,13,6,6,1,40-50,32.233333333333334,4.0,1.0,0.25,49,48,5633.9625,0.28,0.25,0.75,0.0,0.0,0,0,0.0,0.0,0,0,0.0,14736.17,3,1,0.3333333333333333,22535.85,4,1,0.25,0
LGS2ORD0020908,C015903,2025-06-15 14:00:00,Female,31,Gold,Shopee,Nakhon Ratchasima,463,Shopee,PromptPay,14,6,6,1,30-40,15.433333333333334,1.0,0.0,0.0,-1,160,912.26,0.13,1.0,0.0,0.0,0.0,0,0,0.0,0.0,0,0,0.0,0.0,0,0,0.0,912.26,1,0,0.0,0
LGS2ORD0020909,C017680,2025-06-15 14:00:00,Female,47,Bronze,TV,Chiang Mai,761,TV_Show,Bank_Transfer,14,6,6,1,40-50,25.366666666666667,5.0,1.0,0.2,8,11,2615.816,0.28,0.6,0.2,0.0,0.0,0,0,0.0,2288.71,2,1,0.5,8668.83,4,1,0.25,13079.08,5,1,0.2,0
LGS2ORD0020910,C012195,2025-06-15 14:00:00,Male,49,Platinum,Shopee,Khon Kaen,632,Web,Credit_Card,14,6,6,1,40-50,21.066666666666666,0.0,0.0,0.0,-1,-1,0.0,0.0,0.0,0.0,0.0,0.0,0,0,0.0,0.0,0,0,0.0,0.0,0,0,0.0,0.0,0,0,0.0,0
LGS2ORD0020911,C017763,2025-06-15 14:00:00,Male,38,Bronze,TV,Nakhon Ratchasima,190,TV_Show,Credit_Card,14,6,6,1,30-40,6.333333333333333,2.0,0.0,0.0,-1,90,12362.505000000001,0.03,0.0,0.0,0.0,0.0,0,0,0.0,0.0,0,0,0.0,0.0,0,0,0.0,24725.010000000002,2,0,0.0,0
LGS2ORD0020912,C011560,2025-06-15 14:00:00,Female,52,Gold,TV,Nakhon Ratchasima,195,TV_Show,PromptPay,14,6,6,1,>50,6.5,4.0,1.0,0.25,62,36,4350.22,0.13,0.5,0.0,0.0,0.0,0,0,0.0,0.0,0,0,0.0,11493.580000000002,3,1,0.3333333333333333,17400.88,4,1,0.25,1
LGS2ORD0020913,C015032,2025-06-15 15:00:00,Female,63,Bronze,Shopee,Bangkok,1282,TV_Show,Credit_Card,15,6,6,1,>50,42.733333333333334,1.0,0.0,0.0,-1,75,5110.98,0.03,1.0,0.0,0.0,0.0,0,0,0.0,0.0,0,0,0.0,5110.98,1,0,0.0,5110.98,1,0,0.0,0
LGS2ORD0020914,C014651,2025-06-15 15:00:00,Female,51,Gold,Shopee,Chonburi,250,TV_Show,COD,15,6,6,1,>50,8.333333333333334,3.0,1.0,0.3333333333333333,89,98,1256.8466666666666,0.28,0.6666666666666666,1.0,0.0,0.0,0,0,0.0,0.0,0,0,0.0,0.0,0,0,0.0,3770.54,3,1,0.3333333333333333,0
LGS2ORD0020915,C016715,2025-06-15 15:00:00,Female,60,Silver,TV,Khon Kaen,1036,Web,Bank_Transfer,15,6,6,1,>50,34.53333333333333,2.0,0.0,0.0,-1,100,6338.73,0.15,1.0,0.0,0.0,0.0,0,0,0.0,0.0,0,0,0.0,0.0,0,0,0.0,12677.46,2,0,0.0,0
LGS2ORD0020916,C013504,2025-06-15 15:00:00,Female,37,Bronze,Lazada,Chonburi,878,TV_Show,COD,15,6,6,1,30-40,29.266666666666666,3.0,0.0,0.0,-1,43,4094.4533333333334,0.18,0.0,0.0,0.0,0.0,0,0,0.0,0.0,0,0,0.0,6818.76,1,0,0.0,12283.36,3,0,0.0,0
LGS2ORD0020917,C012369,2025-06-15 15:00:00,Female,53,Bronze,Shopee,Phuket,323,TV_Show,COD,15,6,6,1,>50,10.766666666666667,2.0,0.0,0.0,-1,61,5858.43,0.28,0.0,0.5,0.0,0.0,0,0,0.0,0.0,0,0,0.0,11716.86,2,0,0.0,11716.86,2,0,0.0,1
LGS2ORD0020918,C015075,2025-06-15 16:00:00,Male,40,Bronze,Shopee,Chonburi,632,Shopee,COD,16,6,6,1,30-40,21.066666666666666,7.0,0.0,0.0,-1,46,6682.482857142856,0.18,0.42857142857142855,0.0,0.0,0.0,0,0,0.0,0.0,0,0,0.0,37199.399999999994,3,0,0.0,46777.37999999999,7,0,0.0,1
LGS2ORD0020919,C010451,2025-06-15 16:00:00,Male,54,Bronze,Shopee,Bangkok,1285,TV_Show,COD,16,6,6,1,>50,42.833333333333336,2.0,1.0,0.5,90,89,5247.24,0.13,0.5,0.0,0.0,0.0,0,0,0.0,0.0,0,0,0.0,4053.68,1,0,0.0,10494.48,2,1,0.5,1
LGS2ORD0020920,C011620,2025-06-15 16:00:00,Female,39,Gold,Web,Bangkok,247,Lazada,COD,16,6,6,1,30-40,8.233333333333333,0.0,0.0,0.0,-1,-1,0.0,0.0,0.0,0.0,0.0,0.0,0,0,0.0,0.0,0,0,0.0,0.0,0,0,0.0,0.0,0,0,0.0,0
LGS2ORD0020921,C016371,2025-06-15 16:00:00,Female,38,Silver,TV,Bangkok,1458,Web,COD,16,6,6,1,30-40,48.6,3.0,0.0,0.0,-1,21,3366.8566666666666,0.25,0.3333333333333333,0.3333333333333333,0.0,0.0,0,0,0.0,1253.33,1,0,0.0,1253.33,1,0,0.0,10100.57,3,0,0.0,1
LGS2ORD0020922,C013238,2025-06-15 16:00:00,Male,54,Gold,TV,Songkhla,383,Web,Bank_Transfer,16,6,6,1,>50,12.766666666666667,1.0,0.0,0.0,-1,79,1940.82,0.08,1.0,0.0,0.0,0.0,0,0,0.0,0.0,0,0,0.0,1940.82,1,0,0.0,1940.82,1,0,0.0,0
LGS2ORD0020923,C015756,2025-06-15 17:00:00,Female,42,Bronze,Shopee,Phuket,367,Shopee,COD,17,6,6,1,40-50,12.233333333333333,4.0,3.0,0.75,22,27,6165.859999999999,0.28,0.75,0.5,0.0,0.0,0,0,0.0,1827.64,1,1,1.0,10341.71,3,2,0.6666666666666666,24663.439999999995,4,3,0.75,0
LGS2ORD0020924,C015050,2025-06-15 17:00:00,Female,37,Silver,TV,Songkhla,747,Shopee,COD,17,6,6,1,30-40,24.9,2.0,0.0,0.0,-1,81,3415.34,0.05,0.5,0.0,0.0,0.0,0,0,0.0,0.0,0,0,0.0,5417.62,1,0,0.0,6830.68,2,0,0.0,1
LGS2ORD0020925,C010764,2025-06-15 17:00:00,Male,37,Silver,Lazada,Remote_Area,445,Web,Bank_Transfer,17,6,6,1,30-40,14.833333333333334,3.0,1.0,0.3333333333333333,112,53,9451.640000000001,0.2,0.6666666666666666,0.0,0.0,0.0,0,0,0.0,0.0,0,0,0.0,5993.41,1,0,0.0,28354.920000000002,3,1,0.3333333333333333,0
LGS2ORD0020926,C010347,2025-06-15 17:00:00,Female,31,Gold,Shopee,Bangkok,1590,Web,Credit_Card,17,6,6,1,30-40,53.0,2.0,0.0,0.0,-1,74,5236.014999999999,0.28,0.0,0.5,0.5,0.0,0,0,0.0,0.0,0,0,0.0,5929.5,1,0,0.0,10472.029999999999,2,0,0.0,0
LGS2ORD0020927,C011968,2025-06-15 17:00:00,Male,41,Silver,Shopee,Bangkok,1615,Web,COD,17,6,6,1,40-50,53.833333333333336,4.0,1.0,0.25,141,5,6061.4175,0.3,0.25,0.5,0.0,9493.07,1,0,0.0,9493.07,1,0,0.0,13863.43,2,0,0.0,24245.67,4,1,0.25,1
LGS2ORD0020928,C011939,2025-06-15 17:00:00,Female,55,Silver,TV,Remote_Area,1583,TV_Show,COD,17,6,6,1,>50,52.766666666666666,4.0,2.0,0.5,23,11,5491.155,0.3,1.0,0.5,0.0,0.0,0,0,0.0,18920.38,2,0,0.0,20278.48,3,1,0.3333333333333333,21964.62,4,2,0.5,0
LGS2ORD0020929,C010842,2025-06-15 18:00:00,Female,64,Gold,Shopee,Chonburi,885,Shopee,COD,18,6,6,1,>50,29.5,4.0,1.0,0.25,114,19,3993.985,0.33,0.5,0.5,0.0,0.0,0,0,0.0,12127.79,1,0,0.0,14143.320000000002,2,0,0.0,15975.94,4,1,0.25,0
LGS2ORD0020930,C015070,2025-06-15 18:00:00,Female,60,Gold,TV,Bangkok,1347,Web,COD,18,6,6,1,>50,44.9,1.0,0.0,0.0,-1,84,3425.0,0.08,0.0,0.0,0.0,0.0,0,0,0.0,0.0,0,0,0.0,3425.0,1,0,0.0,3425.0,1,0,0.0,0
LGS2ORD0020931,C010390,2025-06-15 18:00:00,Female,47,Bronze,Web,Bangkok,280,Shopee,Bank_Transfer,18,6,6,1,40-50,9.333333333333334,3.0,1.0,0.3333333333333333,27,35,4239.653333333334,0.18,0.0,0.0,0.0,0.0,0,0,0.0,0.0,0,0,0.0,10354.03,1,1,1.0,12718.960000000001,3,1,0.3333333333333333,0
LGS2ORD0020932,C017796,2025-06-15 18:00:00,Female,59,Silver,Web,Phuket,802,Web,COD,18,6,6,1,>50,26.733333333333334,3.0,1.0,0.3333333333333333,22,36,8453.92,0.1,0.6666666666666666,0.0,0.0,0.0,0,0,0.0,0.0,0,0,0.0,16867.72,2,1,0.5,25361.760000000002,3,1,0.3333333333333333,0
LGS2ORD0020933,C015085,2025-06-15 18:00:00,Female,39,Bronze,Shopee,Remote_Area,1247,Shopee,Credit_Card,18,6,6,1,30-40,41.56666666666667,3.0,1.0,0.3333333333333333,35,36,3959.8466666666664,0.18,0.3333333333333333,0.0,0.0,0.0,0,0,0.0,0.0,0,0,0.0,6856.719999999999,2,1,0.5,11879.539999999999,3,1,0.3333333333333333,0
LGS2ORD0020934,C012895,2025-06-15 19:00:00,Female,46,Silver,Web,Khon Kaen,701,Shopee,Bank_Transfer,19,6,6,1,40-50,23.366666666666667,2.0,2.0,1.0,29,37,1173.035,0.2,0.5,0.0,0.0,0.0,0,0,0.0,0.0,0,0,0.0,2346.07,2,2,1.0,2346.07,2,2,1.0,0
LGS2ORD0020935,C013679,2025-06-15 19:00:00,Female,31,Silver,Web,Bangkok,765,Shopee,COD,19,6,6,1,30-40,25.5,2.0,0.0,0.0,-1,49,11182.32,0.25,1.0,0.5,0.0,0.0,0,0,0.0,0.0,0,0,0.0,22364.64,2,0,0.0,22364.64,2,0,0.0,0
LGS2ORD0020936,C011710,2025-06-15 19:00:00,Female,18,Platinum,CallCenter,Khon Kaen,941,Web,PromptPay,19,6,6,1,<20,31.366666666666667,2.0,1.0,0.5,52,49,2524.525,0.25,0.0,0.5,0.0,0.0,0,0,0.0,0.0,0,0,0.0,5049.05,2,1,0.5,5049.05,2,1,0.5,0
LGS2ORD0020937,C010293,2025-06-15 19:00:00,Female,34,Gold,Shopee,Bangkok,280,Shopee,PromptPay,19,6,6,1,30-40,9.333333333333334,5.0,0.0,0.0,-1,0,11696.448,0.28,0.2,0.6,0.0,22578.36,1,0,0.0,24192.84,2,0,0.0,42010.0,3,0,0.0,58482.240000000005,5,0,0.0,0
LGS2ORD0020938,C011266,2025-06-15 19:00:00,Female,53,Bronze,Web,Remote_Area,1256,Shopee,PromptPay,19,6,6,1,>50,41.86666666666667,2.0,1.0,0.5,17,27,3490.915,0.18,1.0,0.0,0.0,0.0,0,0,0.0,6981.83,2,1,0.5,6981.83,2,1,0.5,6981.83,2,1,0.5,0
LGS2ORD0020939,C010809,2025-06-15 20:00:00,Male,38,Platinum,Web,Bangkok,1571,Lazada,Credit_Card,20,6,6,1,30-40,52.36666666666667,3.0,0.0,0.0,-1,17,3602.603333333333,0.3,0.3333333333333333,1.0,0.0,0.0,0,0,0.0,1674.26,1,0,0.0,8944.88,2,0,0.0,10807.81,3,0,0.0,0
LGS2ORD0020940,C015362,2025-06-15 20:00:00,Female,44,Bronze,Lazada,Bangkok,625,Lazada,PromptPay,20,6,6,1,40-50,20.833333333333332,5.0,2.0,0.4,32,38,2080.698,0.28,0.6,0.4,0.0,0.0,0,0,0.0,0.0,0,0,0.0,8011.95,3,2,0.6666666666666666,10403.49,5,2,0.4,0
LGS2ORD0020941,C015824,2025-06-15 20:00:00,Male,51,Bronze,Shopee,Nakhon Ratchasima,986,Web,COD,20,6,6,1,>50,32.86666666666667,4.0,2.0,0.5,26,31,1324.895,0.13,0.5,0.0,0.0,0.0,0,0,0.0,0.0,0,0,0.0,2867.59,3,2,0.6666666666666666,5299.58,4,2,0.5,1
LGS2ORD0020942,C012268,2025-06-15 20:00:00,Female,44,Bronze,Shopee,Chonburi,1499,Web,COD,20,6,6,1,40-50,49.96666666666667,2.0,0.0,0.0,-1,5,643.135,0.08,1.0,0.0,0.0,262.95,1,0,0.0,262.95,1,0,0.0,1286.27,2,0,0.0,1286.27,2,0,0.0,0
LGS2ORD0020943,C016822,2025-06-15 20:00:00,Female,31,Bronze,Web,Remote_Area,285,Lazada,Bank_Transfer,20,6,6,1,30-40,9.5,6.0,3.0,0.5,99,109,4563.598333333333,0.28,0.5,0.3333333333333333,0.0,0.0,0,0,0.0,0.0,0,0,0.0,0.0,0,0,0.0,27381.59,6,3,0.5,0
LGS2ORD0020944,C016195,2025-06-15 21:00:00,Male,24,Silver,Shopee,Bangkok,177,TV_Show,COD,21,6,6,1,20-30,5.9,1.0,0.0,0.0,-1,33,6098.94,0.15,0.0,0.0,0.0,0.0,0,0,0.0,0.0,0,0,0.0,6098.94,1,0,0.0,6098.94,1,0,0.0,1
LGS2ORD0020945,C010432,2025-06-15 21:00:00,Male,67,Platinum,TV,Bangkok,835,Shopee,COD,21,6,6,1,>50,27.833333333333332,3.0,0.0,0.0,-1,16,2312.9666666666667,0.25,1.0,0.6666666666666666,0.0,0.0,0,0,0.0,773.98,1,0,0.0,773.98,1,0,0.0,6938.9,3,0,0.0,0
LGS2ORD0020946,C015706,2025-06-15 21:00:00,Male,32,Silver,Web,Chonburi,449,TV_Show,Bank_Transfer,21,6,6,1,30-40,14.966666666666667,2.0,0.0,0.0,-1,68,10380.945,0.1,0.5,0.0,0.0,0.0,0,0,0.0,0.0,0,0,0.0,5966.63,1,0,0.0,20761.89,2,0,0.0,1
LGS2ORD0020947,C012001,2025-06-15 21:00:00,Female,39,Silver,Web,Remote_Area,1051,Web,Credit_Card,21,6,6,1,30-40,35.03333333333333,2.0,1.0,0.5,97,1,2141.825,0.25,0.5,0.5,0.0,2906.67,1,0,0.0,2906.67,1,0,0.0,2906.67,1,0,0.0,4283.65,2,1,0.5,1
LGS2ORD0020948,C010032,2025-06-15 21:00:00,Male,52,Silver,Shopee,Nakhon Ratchasima,380,Web,Bank_Transfer,21,6,6,1,>50,12.666666666666666,4.0,1.0,0.25,74,34,4487.6475,0.25,0.25,0.25,0.0,0.0,0,0,0.0,0.0,0,0,0.0,14217.67,2,1,0.5,17950.59,4,1,0.25,0
LGS2ORD0020949,C015303,2025-06-15 21:00:00,Male,41,Gold,CallCenter,Bangkok,839,TV_Show,Credit_Card,21,6,6,1,40-50,27.966666666666665,2.0,0.0,0.0,-1,39,3298.735,0.2299999999999999,0.5,1.0,0.0,0.0,0,0,0.0,0.0,0,0,0.0,6597.47,2,0,0.0,6597.47,2,0,0.0,0
LGS2ORD0020950,C016459,2025-06-15 22:00:00,Female,20,Gold,CallCenter,Bangkok,1221,Web,COD,22,6,6,1,<20,40.7,3.0,1.0,0.3333333333333333,15,33,3397.8866666666668,0.08,0.3333333333333333,0.0,0.0,0.0,0,0,0.0,0.0,0,0,0.0,4486.48,2,1,0.5,10193.66,3,1,0.3333333333333333,1
LGS2ORD0020951,C016200,2025-06-15 22:00:00,Female,48,Gold,TV,Bangkok,248,TV_Show,Bank_Transfer,22,6,6,1,40-50,8.266666666666667,2.0,0.0,0.0,-1,121,1762.345,0.28,0.5,0.5,0.0,0.0,0,0,0.0,0.0,0,0,0.0,0.0,0,0,0.0,3524.69,2,0,0.0,0
LGS2ORD0020952,C012692,2025-06-15 22:00:00,Male,38,Bronze,CallCenter,Remote_Area,754,Shopee,COD,22,6,6,1,30-40,25.133333333333333,5.0,3.0,0.6,41,3,1932.2419999999997,0.28,0.6,0.4,0.0,2655.15,1,0,0.0,2655.15,1,0,0.0,5055.4400000000005,3,1,0.3333333333333333,9661.21,5,3,0.6,1
LGS2ORD0020953,C010188,2025-06-15 22:00:00,Male,58,Bronze,TV,Chonburi,680,Web,Bank_Transfer,22,6,6,1,>50,22.666666666666668,2.0,0.0,0.0,-1,49,11056.009999999998,0.13,1.0,0.0,0.0,0.0,0,0,0.0,0.0,0,0,0.0,20511.67,1,0,0.0,22112.019999999997,2,0,0.0,0
LGS2ORD0020954,C011793,2025-06-15 22:00:00,Female,53,Silver,TV,Bangkok,1596,Lazada,PromptPay,22,6,6,1,>50,53.2,3.0,1.0,0.3333333333333333,92,76,1097.47,0.2,1.0,0.0,0.0,0.0,0,0,0.0,0.0,0,0,0.0,1288.67,1,0,0.0,3292.41,3,1,0.3333333333333333,0
LGS2ORD0020955,C014417,2025-06-15 23:00:00,Male,54,Silver,Shopee,Chonburi,1302,Web,COD,23,6,6,1,>50,43.4,8.0,1.0,0.125,26,13,2080.13625,0.3,0.5,0.5,0.0,0.0,0,0,0.0,7478.79,2,0,0.0,10461.090000000002,5,1,0.2,16641.09,8,1,0.125,0
LGS2ORD0020956,C012135,2025-06-15 23:00:00,Female,60,Silver,Web,Bangkok,787,Lazada,Bank_Transfer,23,6,6,1,>50,26.233333333333334,2.0,1.0,0.5,78,50,809.1500000000001,0.3,0.5,0.5,0.0,0.0,0,0,0.0,0.0,0,0,0.0,1354.42,1,0,0.0,1618.3000000000002,2,1,0.5,0
LGS2ORD0020957,C011958,2025-06-15 23:00:00,Male,26,Bronze,CallCenter,Phuket,1601,Web,COD,23,6,6,1,20-30,53.36666666666667,4.0,2.0,0.5,28,6,2671.8575,0.23,0.75,0.5,0.0,3327.89,1,0,0.0,3327.89,1,0,0.0,10687.43,4,2,0.5,10687.43,4,2,0.5,1
LGS2ORD0020958,C010144,2025-06-15 23:00:00,Female,51,Bronze,CallCenter,Nakhon Ratchasima,1000,Web,COD,23,6,6,1,>50,33.333333333333336,5.0,2.0,0.4,53,38,5631.35,0.23,1.0,0.2,0.0,0.0,0,0,0.0,0.0,0,0,0.0,17200.84,4,2,0.5,28156.75,5,2,0.4,1
LGS2ORD0020959,C017522,2025-06-15 23:00:00,Female,40,Silver,TV,Bangkok,1337,TV_Show,Bank_Transfer,23,6,6,1,30-40,44.56666666666667,4.0,1.0,0.25,25,18,4765.985,0.2,0.5,0.0,0.0,0.0,0,0,0.0,5008.11,1,0,0.0,8183.459999999999,3,1,0.3333333333333333,19063.94,4,1,0.25,0
LGS2ORD0020960,C016768,2025-06-16 00:00:00,Male,24,Gold,Lazada,Bangkok,1107,Shopee,COD,0,6,0,0,20-30,36.9,1.0,0.0,0.0,-1,106,2220.35,0.2299999999999999,1.0,1.0,0.0,0.0,0,0,0.0,0.0,0,0,0.0,0.0,0,0,0.0,2220.35,1,0,0.0,0
LGS2ORD0020961,C015726,2025-06-16 00:00:00,Male,38,Bronze,Shopee,Chonburi,354,TV_Show,COD,0,6,0,0,30-40,11.8,3.0,1.0,0.3333333333333333,117,9,3869.3266666666664,0.18,0.3333333333333333,0.0,0.0,0.0,0,0,0.0,9898.08,1,0,0.0,9898.08,1,0,0.0,11607.98,3,1,0.3333333333333333,0
LGS2ORD0020962,C017571,2025-06-16 00:00:00,Male,55,Bronze,Lazada,Songkhla,1142,Shopee,Credit_Card,0,6,0,0,>50,38.06666666666667,4.0,2.0,0.5,114,56,2096.335,0.18,0.5,0.0,0.0,0.0,0,0,0.0,0.0,0,0,0.0,1156.93,1,0,0.0,8385.34,4,2,0.5,0
LGS2ORD0020963,C016023,2025-06-16 00:00:00,Male,28,Silver,TV,Remote_Area,1109,TV_Show,Credit_Card,0,6,0,0,20-30,36.96666666666667,1.0,1.0,1.0,72,81,10501.73,0.2,1.0,0.0,0.0,0.0,0,0,0.0,0.0,0,0,0.0,10501.73,1,1,1.0,10501.73,1,1,1.0,1
LGS2ORD0020964,C016831,2025-06-16 00:00:00,Male,45,Bronze,Web,Khon Kaen,1099,Web,Credit_Card,0,6,0,0,40-50,36.63333333333333,1.0,1.0,1.0,41,47,2804.46,0.13,0.0,0.0,0.0,0.0,0,0,0.0,0.0,0,0,0.0,2804.46,1,1,1.0,2804.46,1,1,1.0,0
LGS2ORD0020965,C017508,2025-06-16 00:00:00,Male,42,Bronze,Shopee,Khon Kaen,1540,CallCenter,COD,0,6,0,0,40-50,51.333333333333336,1.0,0.0,0.0,-1,44,9849.98,0.03,1.0,0.0,0.0,0.0,0,0,0.0,0.0,0,0,0.0,9849.98,1,0,0.0,9849.98,1,0,0.0,0
LGS2ORD0020966,C017990,2025-06-16 01:00:00,Male,36,Bronze,Shopee,Bangkok,1559,Lazada,COD,1,6,0,0,30-40,51.96666666666667,3.0,0.0,0.0,-1,54,2337.23,0.18,0.6666666666666666,0.0,0.0,0.0,0,0,0.0,0.0,0,0,0.0,5106.200000000001,2,0,0.0,7011.6900000000005,3,0,0.0,0
LGS2ORD0020967,C015487,2025-06-16 01:00:00,Male,54,Bronze,Web,Chonburi,838,Lazada,COD,1,6,0,0,>50,27.933333333333334,0.0,0.0,0.0,-1,-1,0.0,0.0,0.0,0.0,0.0,0.0,0,0,0.0,0.0,0,0,0.0,0.0,0,0,0.0,0.0,0,0,0.0,1
LGS2ORD0020968,C010586,2025-06-16 01:00:00,Female,41,Bronze,Shopee,Khon Kaen,1479,Lazada,Bank_Transfer,1,6,0,0,40-50,49.3,3.0,0.0,0.0,-1,2,9150.449999999999,0.08,0.3333333333333333,0.0,0.0,10672.76,1,0,0.0,10672.76,1,0,0.0,12427.93,2,0,0.0,27451.35,3,0,0.0,0
LGS2ORD0020969,C014192,2025-06-16 01:00:00,Male,38,Silver,CallCenter,Phuket,1605,Shopee,Credit_Card,1,6,0,0,30-40,53.5,2.0,0.0,0.0,-1,1,7666.235000000001,0.1,0.0,0.0,0.0,4439.28,1,0,0.0,4439.28,1,0,0.0,4439.28,1,0,0.0,15332.470000000001,2,0,0.0,0
LGS2ORD0020970,C010258,2025-06-16 01:00:00,Female,61,Silver,CallCenter,Bangkok,836,Lazada,Credit_Card,1,6,0,0,>50,27.866666666666667,1.0,0.0,0.0,-1,52,4237.74,0.1,1.0,0.0,0.0,0.0,0,0,0.0,0.0,0,0,0.0,4237.74,1,0,0.0,4237.74,1,0,0.0,0
LGS2ORD0020971,C016443,2025-06-16 02:00:00,Male,44,Silver,Web,Bangkok,1605,Shopee,COD,2,6,0,0,40-50,53.5,9.0,4.0,0.4444444444444444,11,21,7380.313333333334,0.25,0.6666666666666666,0.1111111111111111,0.0,0.0,0,0,0.0,19827.78,2,2,1.0,30801.55,5,3,0.6,66422.82,9,4,0.4444444444444444,0
LGS2ORD0020972,C012474,2025-06-16 02:00:00,Female,65,Gold,CallCenter,Bangkok,561,Shopee,COD,2,6,0,0,>50,18.7,7.0,0.0,0.0,-1,32,6028.288571428572,0.33,0.2857142857142857,0.2857142857142857,0.0,0.0,0,0,0.0,0.0,0,0,0.0,11930.57,3,0,0.0,42198.020000000004,7,0,0.0,1
LGS2ORD0020973,C016019,2025-06-16 02:00:00,Female,50,Platinum,Web,Nakhon Ratchasima,224,Lazada,COD,2,6,0,0,40-50,7.466666666666667,3.0,1.0,0.3333333333333333,56,64,3006.4600000000005,0.25,0.6666666666666666,0.3333333333333333,0.0,0.0,0,0,0.0,0.0,0,0,0.0,3691.4,1,1,1.0,9019.380000000001,3,1,0.3333333333333333,1
LGS2ORD0020974,C016727,2025-06-16 02:00:00,Female,33,Bronze,TV,Chonburi,973,Lazada,Credit_Card,2,6,0,0,30-40,32.43333333333333,2.0,0.0,0.0,-1,16,2873.98,0.23,1.0,0.5,0.0,0.0,0,0,0.0,3224.68,1,0,0.0,3224.68,1,0,0.0,5747.96,2,0,0.0,0
LGS2ORD0020975,C017774,2025-06-16 02:00:00,Female,37,Silver,Web,Chiang Mai,243,Lazada,Bank_Transfer,2,6,0,0,30-40,8.1,0.0,0.0,0.0,-1,-1,0.0,0.0,0.0,0.0,0.0,0.0,0,0,0.0,0.0,0,0,0.0,0.0,0,0,0.0,0.0,0,0,0.0,0
LGS2ORD0020976,C015601,2025-06-16 03:00:00,Female,61,Bronze,TV,Bangkok,1478,Web,COD,3,6,0,0,>50,49.266666666666666,2.0,0.0,0.0,-1,93,14338.23,0.28,1.0,0.5,0.0,0.0,0,0,0.0,0.0,0,0,0.0,0.0,0,0,0.0,28676.46,2,0,0.0,1
LGS2ORD0020977,C016486,2025-06-16 03:00:00,Male,45,Silver,TV,Bangkok,475,Lazada,Credit_Card,3,6,0,0,40-50,15.833333333333334,3.0,0.0,0.0,-1,15,5103.99,0.2,0.6666666666666666,0.0,0.0,0.0,0,0,0.0,2008.05,1,0,0.0,2008.05,1,0,0.0,15311.97,3,0,0.0,0
LGS2ORD0020978,C010101,2025-06-16 03:00:00,Male,18,Bronze,CallCenter,Chonburi,1536,Web,Bank_Transfer,3,6,0,0,<20,51.2,1.0,0.0,0.0,-1,115,12032.93,0.03,0.0,0.0,0.0,0.0,0,0,0.0,0.0,0,0,0.0,0.0,0,0,0.0,12032.93,1,0,0.0,0
LGS2ORD0020979,C014715,2025-06-16 03:00:00,Male,22,Bronze,Shopee,Songkhla,577,Web,PromptPay,3,6,0,0,20-30,19.233333333333334,2.0,2.0,1.0,77,87,3594.04,0.23,0.5,0.5,0.0,0.0,0,0,0.0,0.0,0,0,0.0,6582.12,1,1,1.0,7188.08,2,2,1.0,0
LGS2ORD0020980,C013007,2025-06-16 03:00:00,Female,33,Silver,Web,Bangkok,1216,Web,COD,3,6,0,0,30-40,40.53333333333333,2.0,0.0,0.0,-1,6,4059.5699999999997,0.3,0.0,0.5,0.0,6783.58,1,0,0.0,6783.58,1,0,0.0,8119.139999999999,2,0,0.0,8119.139999999999,2,0,0.0,0
LGS2ORD0020981,C016599,2025-06-16 04:00:00,Female,71,Bronze,Shopee,Phuket,1334,TV_Show,Credit_Card,4,6,0,0,>50,44.46666666666667,3.0,1.0,0.3333333333333333,91,98,2422.3733333333334,0.18,0.3333333333333333,0.0,0.0,0.0,0,0,0.0,0.0,0,0,0.0,0.0,0,0,0.0,7267.12,3,1,0.3333333333333333,0
LGS2ORD0020982,C012040,2025-06-16 04:00:00,Male,42,Bronze,Shopee,Songkhla,1297,TV_Show,COD,4,6,0,0,40-50,43.233333333333334,4.0,1.0,0.25,54,59,2717.3374999999996,0.23,0.25,0.25,0.0,0.0,0,0,0.0,0.0,0,0,0.0,1840.81,2,1,0.5,10869.349999999999,4,1,0.25,0
LGS2ORD0020983,C011971,2025-06-16 04:00:00,Female,28,Bronze,TV,Songkhla,1312,Lazada,COD,4,6,0,0,20-30,43.733333333333334,5.0,3.0,0.6,76,65,8280.439999999999,0.28,0.4,0.4,0.0,0.0,0,0,0.0,0.0,0,0,0.0,4885.52,2,1,0.5,41402.2,5,3,0.6,0
LGS2ORD0020984,C015404,2025-06-16 04:00:00,Female,60,Bronze,Shopee,Songkhla,1094,Shopee,PromptPay,4,6,0,0,>50,36.46666666666667,6.0,2.0,0.3333333333333333,58,40,5983.889999999999,0.28,1.0,0.3333333333333333,0.0,0.0,0,0,0.0,0.0,0,0,0.0,14852.34,2,1,0.5,35903.34,6,2,0.3333333333333333,1
LGS2ORD0020985,C013031,2025-06-16 04:00:00,Female,40,Silver,TV,Phuket,1235,Lazada,Credit_Card,4,6,0,0,30-40,41.166666666666664,7.0,0.0,0.0,-1,6,3321.8299999999995,0.25,0.42857142857142855,0.14285714285714285,0.0,3546.99,1,0,0.0,5002.88,2,0,0.0,5002.88,2,0,0.0,23252.809999999998,7,0,0.0,0
LGS2ORD0020986,C016239,2025-06-16 04:00:00,Female,25,Bronze,Lazada,Bangkok,1527,Web,COD,4,6,0,0,20-30,50.9,0.0,0.0,0.0,-1,-1,0.0,0.0,0.0,0.0,0.0,0.0,0,0,0.0,0.0,0,0,0.0,0.0,0,0,0.0,0.0,0,0,0.0,1
LGS2ORD0020987,C017631,2025-06-16 05:00:00,Female,30,Bronze,Lazada,Chiang Mai,1333,Web,COD,5,6,0,0,20-30,44.43333333333333,0.0,0.0,0.0,-1,-1,0.0,0.0,0.0,0.0,0.0,0.0,0,0,0.0,0.0,0,0,0.0,0.0,0,0,0.0,0.0,0,0,0.0,0
LGS2ORD0020988,C016747,2025-06-16 05:00:00,Female,26,Bronze,TV,Bangkok,1589,Shopee,Credit_Card,5,6,0,0,20-30,52.96666666666667,6.0,3.0,0.5,5,13,1998.4516666666668,0.23,0.5,0.16666666666666666,0.0,0.0,0,0,0.0,8220.63,4,1,0.25,8602.16,5,2,0.4,11990.710000000001,6,3,0.5,0
LGS2ORD0020989,C017131,2025-06-16 05:00:00,Male,45,Silver,Shopee,Nakhon Ratchasima,709,Lazada,Credit_Card,5,6,0,0,40-50,23.633333333333333,7.0,3.0,0.42857142857142855,-9,2,2799.43,0.25,0.5714285714285714,0.2857142857142857,0.0,460.71,1,1,1.0,460.71,1,1,1.0,4882.82,3,1,0.3333333333333333,19596.01,7,3,0.42857142857142855,0
LGS2ORD0020990,C013225,2025-06-16 05:00:00,Male,59,Bronze,Web,Nakhon Ratchasima,1598,Lazada,COD,5,6,0,0,>50,53.266666666666666,0.0,0.0,0.0,-1,-1,0.0,0.0,0.0,0.0,0.0,0.0,0,0,0.0,0.0,0,0,0.0,0.0,0,0,0.0,0.0,0,0,0.0,0
LGS2ORD0020991,C012303,2025-06-16 05:00:00,Male,39,Silver,TV,Nakhon Ratchasima,1365,CallCenter,Credit_Card,5,6,0,0,30-40,45.5,7.0,1.0,0.14285714285714285,44,28,4796.561428571428,0.3,0.2857142857142857,0.2857142857142857,0.0,0.0,0,0,0.0,2075.64,1,0,0.0,16832.41,4,1,0.25,33575.93,7,1,0.14285714285714285,0
LGS2ORD0020992,C014586,2025-06-16 06:00:00,Other,50,Bronze,TV,Songkhla,380,CallCenter,COD,6,6,0,0,40-50,12.666666666666666,3.0,1.0,0.3333333333333333,100,10,7432.793333333334,0.23,0.3333333333333333,0.6666666666666666,0.0,0.0,0,0,0.0,5814.78,1,0,0.0,5814.78,1,0,0.0,22298.38,3,1,0.3333333333333333,0
LGS2ORD0020993,C016611,2025-06-16 06:00:00,Female,31,Bronze,Shopee,Remote_Area,512,TV_Show,COD,6,6,0,0,30-40,17.066666666666666,1.0,0.0,0.0,-1,3,2927.82,0.28,0.0,1.0,0.0,2927.82,1,0,0.0,2927.82,1,0,0.0,2927.82,1,0,0.0,2927.82,1,0,0.0,0
LGS2ORD0020994,C012491,2025-06-16 06:00:00,Male,67,Gold,Lazada,Remote_Area,1578,Shopee,COD,6,6,0,0,>50,52.6,3.0,2.0,0.6666666666666666,-5,6,3915.7533333333326,0.28,0.6666666666666666,0.3333333333333333,0.0,3443.62,1,1,1.0,11747.259999999998,3,2,0.6666666666666666,11747.259999999998,3,2,0.6666666666666666,11747.259999999998,3,2,0.6666666666666666,1
LGS2ORD0020995,C010229,2025-06-16 06:00:00,Male,42,Bronze,TV,Nakhon Ratchasima,908,Shopee,COD,6,6,0,0,40-50,30.266666666666666,3.0,2.0,0.6666666666666666,4,15,11208.96,0.18,0.3333333333333333,0.0,0.0,0.0,0,0,0.0,8132.11,1,1,1.0,32705.07,2,2,1.0,33626.88,3,2,0.6666666666666666,0
LGS2ORD0020996,C010298,2025-06-16 06:00:00,Male,61,Platinum,Web,Bangkok,1328,CallCenter,PromptPay,6,6,0,0,>50,44.266666666666666,2.0,0.0,0.0,-1,109,4409.88,0.3,0.5,1.0,0.0,0.0,0,0,0.0,0.0,0,0,0.0,0.0,0,0,0.0,8819.76,2,0,0.0,0
LGS2ORD0020997,C014626,2025-06-16 07:00:00,Male,43,Bronze,Shopee,Khon Kaen,1043,Web,COD,7,6,0,0,40-50,34.766666666666666,5.0,2.0,0.4,85,61,5727.802000000001,0.23,0.0,0.4,0.0,0.0,0,0,0.0,0.0,0,0,0.0,2138.03,1,0,0.0,28639.010000000002,5,2,0.4,0
LGS2ORD0020998,C016078,2025-06-16 07:00:00,Female,36,Gold,CallCenter,Khon Kaen,1102,CallCenter,Credit_Card,7,6,0,0,30-40,36.733333333333334,1.0,0.0,0.0,-1,62,4035.07,0.08,0.0,0.0,0.0,0.0,0,0,0.0,0.0,0,0,0.0,4035.07,1,0,0.0,4035.07,1,0,0.0,0
LGS2ORD0020999,C013424,2025-06-16 07:00:00,Male,62,Bronze,Web,Chonburi,962,TV_Show,Credit_Card,7,6,0,0,>50,32.06666666666667,6.0,1.0,0.16666666666666666,118,9,7141.243333333335,0.23,0.6666666666666666,0.16666666666666666,0.0,0.0,0,0,0.0,850.01,1,0,0.0,4303.7,2,0,0.0,42847.46000000001,6,1,0.16666666666666666,0
LGS2ORD0021000,C011084,2025-06-16 07:00:00,Male,66,Platinum,Lazada,Phuket,983,Web,Credit_Card,7,6,0,0,>50,32.766666666666666,0.0,0.0,0.0,-1,-1,0.0,0.0,0.0,0.0,0.0,0.0,0,0,0.0,0.0,0,0,0.0,0.0,0,0,0.0,0.0,0,0,0.0,0
LGS2ORD0021001,C015192,2025-06-16 07:00:00,Female,30,Silver,Lazada,Phuket,492,TV_Show,Credit_Card,7,6,0,0,20-30,16.4,2.0,0.0,0.0,-1,69,931.0150000000001,0.25,0.0,0.5,0.0,0.0,0,0,0.0,0.0,0,0,0.0,1862.0300000000002,2,0,0.0,1862.0300000000002,2,0,0.0,0
LGS2ORD0021002,C013098,2025-06-16 08:00:00,Female,22,Gold,Shopee,Bangkok,643,TV_Show,COD,8,6,0,0,20-30,21.433333333333334,7.0,0.0,0.0,-1,12,4194.738571428572,0.2299999999999999,0.5714285714285714,0.2857142857142857,0.0,0.0,0,0,0.0,6963.18,1,0,0.0,13117.73,4,0,0.0,29363.170000000002,7,0,0.0,1
LGS2ORD0021003,C011741,2025-06-16 08:00:00,Female,69,Bronze,TV,Songkhla,1233,Web,COD,8,6,0,0,>50,41.1,2.0,1.0,0.5,83,94,2688.2850000000003,0.18,0.5,0.0,0.0,0.0,0,0,0.0,0.0,0,0,0.0,0.0,0,0,0.0,5376.570000000001,2,1,0.5,1
LGS2ORD0021004,C016279,2025-06-16 08:00:00,Female,39,Bronze,Web,Bangkok,1128,CallCenter,Bank_Transfer,8,6,0,0,30-40,37.6,3.0,3.0,1.0,-5,10,6262.27,0.28,0.3333333333333333,0.6666666666666666,0.0,0.0,0,0,0.0,16507.09,1,1,1.0,16507.09,1,1,1.0,18786.81,3,3,1.0,0
LGS2ORD0021005,C014695,2025-06-16 08:00:00,Female,56,Bronze,Shopee,Bangkok,1291,Shopee,COD,8,6,0,0,>50,43.03333333333333,3.0,0.0,0.0,-1,5,3931.8233333333337,0.28,0.0,0.6666666666666666,0.0,4508.38,1,0,0.0,7285.59,2,0,0.0,7285.59,2,0,0.0,11795.470000000001,3,0,0.0,0
LGS2ORD0021006,C010760,2025-06-16 08:00:00,Female,32,Bronze,Lazada,Khon Kaen,1608,Lazada,COD,8,6,0,0,30-40,53.6,2.0,0.0,0.0,-1,57,3994.475,0.08,0.5,0.0,0.0,0.0,0,0,0.0,0.0,0,0,0.0,6920.59,1,0,0.0,7988.95,2,0,0.0,0
LGS2ORD0021007,C015111,2025-06-16 08:00:00,Female,54,Bronze,TV,Bangkok,549,Web,Credit_Card,8,6,0,0,>50,18.3,3.0,1.0,0.3333333333333333,24,33,5868.983333333333,0.18,0.3333333333333333,0.0,0.0,0.0,0,0,0.0,0.0,0,0,0.0,2412.26,1,1,1.0,17606.949999999997,3,1,0.3333333333333333,0
LGS2ORD0021008,C010640,2025-06-16 09:00:00,Male,44,Gold,Web,Khon Kaen,1186,TV_Show,Credit_Card,9,6,0,0,40-50,39.53333333333333,1.0,0.0,0.0,-1,162,5315.98,0.13,0.0,0.0,0.0,0.0,0,0,0.0,0.0,0,0,0.0,0.0,0,0,0.0,5315.98,1,0,0.0,1
LGS2ORD0021009,C016598,2025-06-16 09:00:00,Female,47,Gold,Shopee,Bangkok,1271,Shopee,Credit_Card,9,6,0,0,40-50,42.36666666666667,1.0,0.0,0.0,-1,45,3520.42,0.08,1.0,0.0,0.0,0.0,0,0,0.0,0.0,0,0,0.0,3520.42,1,0,0.0,3520.42,1,0,0.0,1
LGS2ORD0021010,C015398,2025-06-16 09:00:00,Male,42,Bronze,Web,Bangkok,1269,TV_Show,COD,9,6,0,0,40-50,42.3,1.0,1.0,1.0,144,156,1727.04,0.28,0.0,1.0,0.0,0.0,0,0,0.0,0.0,0,0,0.0,0.0,0,0,0.0,1727.04,1,1,1.0,1
LGS2ORD0021011,C013917,2025-06-16 09:00:00,Female,60,Silver,TV,Bangkok,581,TV_Show,COD,9,6,0,0,>50,19.366666666666667,1.0,1.0,1.0,22,37,1166.39,0.25,1.0,1.0,0.0,0.0,0,0,0.0,0.0,0,0,0.0,1166.39,1,1,1.0,1166.39,1,1,1.0,1
LGS2ORD0021012,C010693,2025-06-16 09:00:00,Male,60,Gold,Web,Phuket,1172,Shopee,Credit_Card,9,6,0,0,>50,39.06666666666667,5.0,3.0,0.6,1,9,9369.668000000001,0.28,0.4,0.4,0.0,0.0,0,0,0.0,9301.43,1,1,1.0,42000.72,2,2,1.0,46848.340000000004,5,3,0.6,0
LGS2ORD0021013,C015139,2025-06-16 10:00:00,Female,57,Bronze,Lazada,Bangkok,785,TV_Show,Bank_Transfer,10,6,0,0,>50,26.166666666666668,3.0,0.0,0.0,-1,7,1740.68,0.23,0.3333333333333333,0.3333333333333333,0.0,0.0,0,0,0.0,1744.48,1,0,0.0,4784.389999999999,2,0,0.0,5222.04,3,0,0.0,0
LGS2ORD0021014,C017282,2025-06-16 10:00:00,Other,24,Silver,TV,Khon Kaen,341,TV_Show,COD,10,6,0,0,20-30,11.366666666666667,2.0,1.0,0.5,76,8,13457.314999999999,0.3,0.0,0.5,0.0,0.0,0,0,0.0,1048.33,1,0,0.0,26914.629999999997,2,1,0.5,26914.629999999997,2,1,0.5,0
LGS2ORD0021015,C015250,2025-06-16 10:00:00,Male,52,Gold,TV,Bangkok,766,CallCenter,Credit_Card,10,6,0,0,>50,25.533333333333335,3.0,0.0,0.0,-1,12,3607.5933333333337,0.28,0.3333333333333333,0.6666666666666666,0.0,0.0,0,0,0.0,2902.34,1,0,0.0,2902.34,1,0,0.0,10822.78,3,0,0.0,0
LGS2ORD0021016,C012477,2025-06-16 10:00:00,Female,49,Bronze,Web,Bangkok,1299,TV_Show,COD,10,6,0,0,40-50,43.3,2.0,0.0,0.0,-1,48,6945.12,0.23,0.0,0.5,0.0,0.0,0,0,0.0,0.0,0,0,0.0,6577.25,1,0,0.0,13890.24,2,0,0.0,0
LGS2ORD0021017,C016893,2025-06-16 10:00:00,Other,37,Gold,Shopee,Bangkok,240,Lazada,COD,10,6,0,0,30-40,8.0,1.0,0.0,0.0,-1,102,1637.97,0.08,0.0,0.0,0.0,0.0,0,0,0.0,0.0,0,0,0.0,0.0,0,0,0.0,1637.97,1,0,0.0,1
LGS2ORD0021018,C016744,2025-06-16 11:00:00,Female,27,Bronze,Web,Khon Kaen,1423,Shopee,PromptPay,11,6,0,0,20-30,47.43333333333333,4.0,0.0,0.0,-1,77,6780.295,0.23,0.25,0.25,0.0,0.0,0,0,0.0,0.0,0,0,0.0,20133.559999999998,2,0,0.0,27121.18,4,0,0.0,1
LGS2ORD0021019,C010302,2025-06-16 11:00:00,Female,35,Bronze,Shopee,Remote_Area,1390,Shopee,COD,11,6,0,0,30-40,46.333333333333336,5.0,2.0,0.4,51,60,2902.3959999999997,0.23,0.4,0.2,0.0,0.0,0,0,0.0,0.0,0,0,0.0,8482.89,3,1,0.3333333333333333,14511.98,5,2,0.4,0
LGS2ORD0021020,C011800,2025-06-16 11:00:00,Female,56,Gold,TV,Chonburi,1099,Lazada,COD,11,6,0,0,>50,36.63333333333333,4.0,2.0,0.5,36,13,3711.5049999999997,0.28,0.5,0.75,0.0,0.0,0,0,0.0,979.74,1,0,0.0,11378.99,2,1,0.5,14846.019999999999,4,2,0.5,1
LGS2ORD0021021,C011082,2025-06-16 11:00:00,Female,55,Bronze,TV,Chonburi,414,Lazada,Bank_Transfer,11,6,0,0,>50,13.8,4.0,2.0,0.5,25,25,2928.4775,0.28,0.75,0.25,0.0,0.0,0,0,0.0,4941.29,1,0,0.0,9639.1,3,2,0.6666666666666666,11713.91,4,2,0.5,0
LGS2ORD0021022,C011870,2025-06-16 11:00:00,Male,40,Silver,CallCenter,Bangkok,1589,Shopee,Credit_Card,11,6,0,0,30-40,52.96666666666667,2.0,1.0,0.5,109,121,1437.55,0.1,1.0,0.0,0.0,0.0,0,0,0.0,0.0,0,0,0.0,0.0,0,0,0.0,2875.1,2,1,0.5,0
LGS2ORD0021023,C016343,2025-06-16 12:00:00,Female,39,Bronze,TV,Songkhla,328,Shopee,PromptPay,12,6,0,0,30-40,10.933333333333334,6.0,2.0,0.3333333333333333,-2,7,4969.451666666667,0.28,0.8333333333333334,0.16666666666666666,0.0,0.0,0,0,0.0,6463.19,2,2,1.0,8985.68,3,2,0.6666666666666666,29816.71,6,2,0.3333333333333333,1
LGS2ORD0021024,C016417,2025-06-16 12:00:00,Male,46,Bronze,Lazada,Songkhla,263,Web,COD,12,6,0,0,40-50,8.766666666666667,2.0,1.0,0.5,16,27,8713.885,0.13,1.0,0.0,0.0,0.0,0,0,0.0,13682.4,1,1,1.0,13682.4,1,1,1.0,17427.77,2,1,0.5,1
LGS2ORD0021025,C011314,2025-06-16 12:00:00,Male,34,Bronze,Web,Bangkok,382,Lazada,Bank_Transfer,12,6,0,0,30-40,12.733333333333333,1.0,1.0,1.0,130,148,2606.04,0.18,0.0,0.0,0.0,0.0,0,0,0.0,0.0,0,0,0.0,0.0,0,0,0.0,2606.04,1,1,1.0,0
LGS2ORD0021026,C015034,2025-06-16 12:00:00,Female,31,Bronze,Shopee,Bangkok,1510,Lazada,PromptPay,12,6,0,0,30-40,50.333333333333336,2.0,0.0,0.0,-1,14,5648.764999999999,0.23,0.5,0.5,0.0,0.0,0,0,0.0,5431.69,1,0,0.0,5431.69,1,0,0.0,11297.529999999999,2,0,0.0,0
LGS2ORD0021027,C015911,2025-06-16 12:00:00,Male,23,Platinum,Web,Bangkok,475,Web,COD,12,6,0,0,20-30,15.833333333333334,5.0,0.0,0.0,-1,40,5191.643999999999,0.25,0.4,0.2,0.0,0.0,0,0,0.0,0.0,0,0,0.0,10036.210000000001,2,0,0.0,25958.219999999998,5,0,0.0,0
LGS2ORD0021028,C016512,2025-06-16 12:00:00,Female,25,Silver,Lazada,Bangkok,809,Lazada,Credit_Card,12,6,0,0,20-30,26.966666666666665,3.0,0.0,0.0,-1,55,12026.563333333334,0.3,0.6666666666666666,0.3333333333333333,0.0,0.0,0,0,0.0,0.0,0,0,0.0,28356.65,2,0,0.0,36079.69,3,0,0.0,0
LGS2ORD0021029,C011257,2025-06-16 13:00:00,Male,23,Silver,CallCenter,Remote_Area,252,Web,COD,13,6,0,0,20-30,8.4,3.0,0.0,0.0,-1,22,4132.0,0.25,0.3333333333333333,0.3333333333333333,0.0,0.0,0,0,0.0,9235.71,1,0,0.0,9235.71,1,0,0.0,12396.0,3,0,0.0,0
LGS2ORD0021030,C015818,2025-06-16 13:00:00,Male,39,Bronze,Shopee,Nakhon Ratchasima,1336,Web,COD,13,6,0,0,30-40,44.53333333333333,0.0,0.0,0.0,-1,-1,0.0,0.0,0.0,0.0,0.0,0.0,0,0,0.0,0.0,0,0,0.0,0.0,0,0,0.0,0.0,0,0,0.0,0
LGS2ORD0021031,C010732,2025-06-16 13:00:00,Male,51,Gold,TV,Songkhla,537,Lazada,Credit_Card,13,6,0,0,>50,17.9,1.0,0.0,0.0,-1,161,3449.81,0.08,0.0,0.0,0.0,0.0,0,0,0.0,0.0,0,0,0.0,0.0,0,0,0.0,3449.81,1,0,0.0,0
LGS2ORD0021032,C012565,2025-06-16 13:00:00,Male,58,Platinum,Web,Remote_Area,1423,Lazada,Credit_Card,13,6,0,0,>50,47.43333333333333,0.0,0.0,0.0,-1,-1,0.0,0.0,0.0,0.0,0.0,0.0,0,0,0.0,0.0,0,0,0.0,0.0,0,0,0.0,0.0,0,0,0.0,0
LGS2ORD0021033,C011001,2025-06-16 13:00:00,Male,57,Silver,TV,Nakhon Ratchasima,1304,Shopee,COD,13,6,0,0,>50,43.46666666666667,1.0,0.0,0.0,-1,103,5289.21,0.05,0.0,0.0,0.0,0.0,0,0,0.0,0.0,0,0,0.0,0.0,0,0,0.0,5289.21,1,0,0.0,1
LGS2ORD0021034,C014898,2025-06-16 14:00:00,Female,30,Bronze,TV,Bangkok,763,Shopee,Credit_Card,14,6,0,0,20-30,25.433333333333334,3.0,2.0,0.6666666666666666,94,108,6248.176666666666,0.28,1.0,0.6666666666666666,0.0,0.0,0,0,0.0,0.0,0,0,0.0,0.0,0,0,0.0,18744.53,3,2,0.6666666666666666,0
LGS2ORD0021035,C011135,2025-06-16 14:00:00,Male,41,Silver,Shopee,Khon Kaen,336,TV_Show,Credit_Card,14,6,0,0,40-50,11.2,2.0,1.0,0.5,82,95,6473.59,0.1,0.0,0.0,0.0,0.0,0,0,0.0,0.0,0,0,0.0,0.0,0,0,0.0,12947.18,2,1,0.5,1
LGS2ORD0021036,C012336,2025-06-16 14:00:00,Female,38,Bronze,Lazada,Khon Kaen,753,TV_Show,Credit_Card,14,6,0,0,30-40,25.1,1.0,0.0,0.0,-1,60,1119.07,0.03,0.0,0.0,0.0,0.0,0,0,0.0,0.0,0,0,0.0,1119.07,1,0,0.0,1119.07,1,0,0.0,1
LGS2ORD0021037,C011516,2025-06-16 14:00:00,Female,28,Bronze,TV,Nakhon Ratchasima,1472,Lazada,COD,14,6,0,0,20-30,49.06666666666667,2.0,1.0,0.5,38,43,4239.175,0.23,0.5,0.5,0.0,0.0,0,0,0.0,0.0,0,0,0.0,8478.35,2,1,0.5,8478.35,2,1,0.5,0
LGS2ORD0021038,C012267,2025-06-16 14:00:00,Female,25,Gold,TV,Bangkok,786,TV_Show,COD,14,6,0,0,20-30,26.2,4.0,1.0,0.25,40,23,3641.8650000000002,0.2299999999999999,0.75,0.75,0.0,0.0,0,0,0.0,4244.92,1,0,0.0,7243.15,2,1,0.5,14567.460000000001,4,1,0.25,0
LGS2ORD0021039,C010864,2025-06-16 15:00:00,Male,19,Bronze,Shopee,Khon Kaen,723,TV_Show,COD,15,6,0,0,<20,24.1,1.0,0.0,0.0,-1,85,2847.65,0.23,0.0,1.0,0.0,0.0,0,0,0.0,0.0,0,0,0.0,2847.65,1,0,0.0,2847.65,1,0,0.0,1
LGS2ORD0021040,C011820,2025-06-16 15:00:00,Male,41,Gold,Web,Bangkok,1397,Web,Bank_Transfer,15,6,0,0,40-50,46.56666666666667,2.0,0.0,0.0,-1,118,275.82,0.28,0.0,1.0,0.0,0.0,0,0,0.0,0.0,0,0,0.0,0.0,0,0,0.0,551.64,2,0,0.0,0
LGS2ORD0021041,C013445,2025-06-16 15:00:00,Female,48,Silver,Shopee,Chonburi,488,CallCenter,PromptPay,15,6,0,0,40-50,16.266666666666666,3.0,1.0,0.3333333333333333,10,22,2998.02,0.25,0.3333333333333333,0.6666666666666666,0.0,0.0,0,0,0.0,874.92,1,1,1.0,874.92,1,1,1.0,8994.06,3,1,0.3333333333333333,0
LGS2ORD0021042,C011140,2025-06-16 15:00:00,Female,23,Platinum,TV,Chonburi,1104,TV_Show,COD,15,6,0,0,20-30,36.8,4.0,0.0,0.0,-1,23,4728.36,0.3,0.25,0.25,0.0,0.0,0,0,0.0,1247.99,1,0,0.0,13504.69,3,0,0.0,18913.44,4,0,0.0,0
LGS2ORD0021043,C013219,2025-06-16 15:00:00,Other,18,Gold,Shopee,Chiang Mai,1231,TV_Show,Bank_Transfer,15,6,0,0,<20,41.03333333333333,0.0,0.0,0.0,-1,-1,0.0,0.0,0.0,0.0,0.0,0.0,0,0,0.0,0.0,0,0,0.0,0.0,0,0,0.0,0.0,0,0,0.0,0
LGS2ORD0021044,C016484,2025-06-16 16:00:00,Female,29,Silver,Lazada,Bangkok,1358,Lazada,COD,16,6,0,0,20-30,45.266666666666666,0.0,0.0,0.0,-1,-1,0.0,0.0,0.0,0.0,0.0,0.0,0,0,0.0,0.0,0,0,0.0,0.0,0,0,0.0,0.0,0,0,0.0,0
LGS2ORD0021045,C012038,2025-06-16 16:00:00,Male,44,Silver,CallCenter,Chonburi,1270,TV_Show,COD,16,6,0,0,40-50,42.333333333333336,0.0,0.0,0.0,-1,-1,0.0,0.0,0.0,0.0,0.0,0.0,0,0,0.0,0.0,0,0,0.0,0.0,0,0,0.0,0.0,0,0,0.0,0
LGS2ORD0021046,C012576,2025-06-16 16:00:00,Male,36,Silver,Shopee,Phuket,673,Web,COD,16,6,0,0,30-40,22.433333333333334,1.0,1.0,1.0,115,132,1868.73,0.2,1.0,0.0,0.0,0.0,0,0,0.0,0.0,0,0,0.0,0.0,0,0,0.0,1868.73,1,1,1.0,1
LGS2ORD0021047,C011771,2025-06-16 16:00:00,Female,56,Gold,Lazada,Bangkok,1366,Web,PromptPay,16,6,0,0,>50,45.53333333333333,1.0,0.0,0.0,-1,37,4046.46,0.13,0.0,0.0,0.0,0.0,0,0,0.0,0.0,0,0,0.0,4046.46,1,0,0.0,4046.46,1,0,0.0,0
LGS2ORD0021048,C012420,2025-06-16 16:00:00,Male,50,Bronze,TV,Songkhla,767,CallCenter,COD,16,6,0,0,40-50,25.566666666666666,4.0,2.0,0.5,4,18,4826.6224999999995,0.28,0.5,1.0,0.0,0.0,0,0,0.0,8280.79,1,1,1.0,10169.01,2,2,1.0,19306.489999999998,4,2,0.5,0
LGS2ORD0021049,C012642,2025-06-16 16:00:00,Female,26,Silver,Web,Chiang Mai,851,Shopee,Bank_Transfer,16,6,0,0,20-30,28.366666666666667,3.0,1.0,0.3333333333333333,81,36,1469.3433333333332,0.2,0.6666666666666666,0.0,0.0,0.0,0,0,0.0,0.0,0,0,0.0,1440.24,1,0,0.0,4408.03,3,1,0.3333333333333333,0
LGS2ORD0021050,C011857,2025-06-16 17:00:00,Male,37,Bronze,Web,Songkhla,1529,CallCenter,COD,17,6,0,0,30-40,50.96666666666667,5.0,1.0,0.2,33,7,2732.71,0.23,0.6,0.2,0.0,0.0,0,0,0.0,5907.9,1,0,0.0,12488.91,4,1,0.25,13663.55,5,1,0.2,0
LGS2ORD0021051,C015435,2025-06-16 17:00:00,Female,36,Silver,TV,Phuket,286,Web,COD,17,6,0,0,30-40,9.533333333333333,4.0,1.0,0.25,97,8,4378.467500000001,0.1,0.5,0.0,0.0,0.0,0,0,0.0,3187.89,1,0,0.0,14705.18,2,0,0.0,17513.870000000003,4,1,0.25,0
LGS2ORD0021052,C015186,2025-06-16 17:00:00,Male,49,Bronze,Lazada,Khon Kaen,1048,Shopee,COD,17,6,0,0,40-50,34.93333333333333,4.0,1.0,0.25,62,3,6450.14,0.23,1.0,0.25,0.0,671.37,1,0,0.0,671.37,1,0,0.0,23030.39,3,1,0.3333333333333333,25800.56,4,1,0.25,1
LGS2ORD0021053,C010183,2025-06-16 17:00:00,Male,38,Bronze,Lazada,Chiang Mai,657,CallCenter,Credit_Card,17,6,0,0,30-40,21.9,2.0,1.0,0.5,102,109,2002.05,0.18,0.5,0.0,0.0,0.0,0,0,0.0,0.0,0,0,0.0,0.0,0,0,0.0,4004.1,2,1,0.5,0
LGS2ORD0021054,C017018,2025-06-16 17:00:00,Male,27,Gold,Lazada,Chonburi,952,TV_Show,Credit_Card,17,6,0,0,20-30,31.733333333333334,2.0,0.0,0.0,-1,42,4090.5299999999997,0.33,0.5,1.0,0.0,0.0,0,0,0.0,0.0,0,0,0.0,8181.0599999999995,2,0,0.0,8181.0599999999995,2,0,0.0,0
LGS2ORD0021055,C013646,2025-06-16 18:00:00,Female,36,Silver,CallCenter,Bangkok,547,Lazada,Credit_Card,18,6,0,0,30-40,18.233333333333334,1.0,0.0,0.0,-1,2,10327.13,0.15,1.0,0.0,0.0,10327.13,1,0,0.0,10327.13,1,0,0.0,10327.13,1,0,0.0,10327.13,1,0,0.0,0
LGS2ORD0021056,C010138,2025-06-16 18:00:00,Female,26,Silver,Shopee,Bangkok,1545,Web,COD,18,6,0,0,20-30,51.5,4.0,0.0,0.0,-1,54,6362.55,0.25,1.0,0.25,0.0,0.0,0,0,0.0,0.0,0,0,0.0,1542.66,2,0,0.0,25450.2,4,0,0.0,0
LGS2ORD0021057,C016308,2025-06-16 18:00:00,Female,25,Bronze,TV,Chonburi,1225,CallCenter,COD,18,6,0,0,20-30,40.833333333333336,6.0,1.0,0.16666666666666666,20,4,2938.7066666666665,0.23,0.8333333333333334,0.16666666666666666,0.0,1677.77,1,0,0.0,9854.58,3,1,0.3333333333333333,17632.239999999998,6,1,0.16666666666666666,17632.239999999998,6,1,0.16666666666666666,0
LGS2ORD0021058,C017722,2025-06-16 18:00:00,Female,30,Silver,Web,Chonburi,573,Web,COD,18,6,0,0,20-30,19.1,0.0,0.0,0.0,-1,-1,0.0,0.0,0.0,0.0,0.0,0.0,0,0,0.0,0.0,0,0,0.0,0.0,0,0,0.0,0.0,0,0,0.0,1
LGS2ORD0021059,C012640,2025-06-16 18:00:00,Female,33,Bronze,Shopee,Chiang Mai,226,TV_Show,Credit_Card,18,6,0,0,30-40,7.533333333333333,2.0,0.0,0.0,-1,1,6612.37,0.13,0.5,0.0,0.0,10527.82,1,0,0.0,10527.82,1,0,0.0,10527.82,1,0,0.0,13224.74,2,0,0.0,0
LGS2ORD0021060,C014971,2025-06-16 19:00:00,Female,18,Bronze,TV,Bangkok,365,TV_Show,Credit_Card,19,6,0,0,<20,12.166666666666666,1.0,0.0,0.0,-1,146,1084.14,0.28,1.0,1.0,0.0,0.0,0,0,0.0,0.0,0,0,0.0,0.0,0,0,0.0,1084.14,1,0,0.0,0
LGS2ORD0021061,C012851,2025-06-16 19:00:00,Other,37,Bronze,Lazada,Bangkok,1365,CallCenter,Credit_Card,19,6,0,0,30-40,45.5,3.0,2.0,0.6666666666666666,42,47,4122.196666666667,0.18,0.6666666666666666,0.0,0.0,0.0,0,0,0.0,0.0,0,0,0.0,7211.65,2,2,1.0,12366.59,3,2,0.6666666666666666,0
LGS2ORD0021062,C013140,2025-06-16 19:00:00,Other,56,Bronze,Lazada,Bangkok,1265,Web,Bank_Transfer,19,6,0,0,>50,42.166666666666664,3.0,2.0,0.6666666666666666,14,24,3320.11,0.23,1.0,0.3333333333333333,0.0,0.0,0,0,0.0,2633.22,1,1,1.0,2633.22,1,1,1.0,9960.33,3,2,0.6666666666666666,0
LGS2ORD0021063,C015820,2025-06-16 19:00:00,Female,33,Platinum,Shopee,Songkhla,228,TV_Show,COD,19,6,0,0,30-40,7.6,5.0,1.0,0.2,103,85,3561.352,0.25,0.2,0.4,0.0,0.0,0,0,0.0,0.0,0,0,0.0,1034.76,1,0,0.0,17806.76,5,1,0.2,1
LGS2ORD0021064,C014785,2025-06-16 19:00:00,Male,44,Bronze,Lazada,Songkhla,1505,Web,Credit_Card,19,6,0,0,40-50,50.166666666666664,1.0,0.0,0.0,-1,126,1132.82,0.18,1.0,0.0,0.0,0.0,0,0,0.0,0.0,0,0,0.0,0.0,0,0,0.0,1132.82,1,0,0.0,0
LGS2ORD0021065,C012528,2025-06-16 20:00:00,Male,45,Gold,TV,Remote_Area,215,TV_Show,PromptPay,20,6,0,0,40-50,7.166666666666667,2.0,0.0,0.0,-1,81,2103.175,0.2299999999999999,0.5,0.5,0.0,0.0,0,0,0.0,0.0,0,0,0.0,1666.15,1,0,0.0,4206.35,2,0,0.0,0
LGS2ORD0021066,C010130,2025-06-16 20:00:00,Female,53,Silver,Shopee,Chonburi,241,Web,COD,20,6,0,0,>50,8.033333333333333,2.0,0.0,0.0,-1,42,5894.264999999999,0.25,0.5,0.5,0.0,0.0,0,0,0.0,0.0,0,0,0.0,11788.529999999999,2,0,0.0,11788.529999999999,2,0,0.0,1
LGS2ORD0021067,C011289,2025-06-16 20:00:00,Female,37,Silver,Shopee,Remote_Area,889,Web,Credit_Card,20,6,0,0,30-40,29.633333333333333,3.0,0.0,0.0,-1,31,4511.68,0.2,0.3333333333333333,0.0,0.0,0.0,0,0,0.0,0.0,0,0,0.0,11557.03,2,0,0.0,13535.04,3,0,0.0,0
LGS2ORD0021068,C011383,2025-06-16 20:00:00,Male,62,Silver,Shopee,Songkhla,222,TV_Show,Bank_Transfer,20,6,0,0,>50,7.4,1.0,1.0,1.0,61,75,3590.46,0.2,1.0,0.0,0.0,0.0,0,0,0.0,0.0,0,0,0.0,3590.46,1,1,1.0,3590.46,1,1,1.0,0
LGS2ORD0021069,C012961,2025-06-16 20:00:00,Female,55,Silver,Web,Phuket,1533,Lazada,COD,20,6,0,0,>50,51.1,6.0,0.0,0.0,-1,9,5683.061666666666,0.25,0.8333333333333334,0.16666666666666666,0.0,0.0,0,0,0.0,4209.35,1,0,0.0,12578.35,3,0,0.0,34098.369999999995,6,0,0.0,0
LGS2ORD0021070,C011597,2025-06-16 20:00:00,Female,50,Bronze,Web,Khon Kaen,1529,TV_Show,Credit_Card,20,6,0,0,40-50,50.96666666666667,4.0,0.0,0.0,-1,1,1849.1525,0.23,0.75,0.25,0.0,4384.7,1,0,0.0,5519.45,2,0,0.0,6096.79,3,0,0.0,7396.61,4,0,0.0,0
LGS2ORD0021071,C015184,2025-06-16 21:00:00,Female,47,Bronze,TV,Songkhla,1456,TV_Show,COD,21,6,0,0,40-50,48.53333333333333,3.0,1.0,0.3333333333333333,20,2,3225.0499999999997,0.13,1.0,0.0,0.0,1778.83,1,0,0.0,1778.83,1,0,0.0,4166.51,2,1,0.5,9675.15,3,1,0.3333333333333333,1
LGS2ORD0021072,C010914,2025-06-16 21:00:00,Female,36,Silver,Shopee,Khon Kaen,275,TV_Show,COD,21,6,0,0,30-40,9.166666666666666,3.0,0.0,0.0,-1,11,2299.163333333333,0.25,0.3333333333333333,0.3333333333333333,0.0,0.0,0,0,0.0,6002.429999999999,2,0,0.0,6002.429999999999,2,0,0.0,6897.489999999999,3,0,0.0,1
LGS2ORD0021073,C017202,2025-06-16 21:00:00,Female,41,Bronze,Shopee,Chonburi,742,CallCenter,COD,21,6,0,0,40-50,24.733333333333334,3.0,2.0,0.6666666666666666,9,17,10583.2,0.28,0.6666666666666666,0.3333333333333333,0.0,0.0,0,0,0.0,5235.63,1,1,1.0,5235.63,1,1,1.0,31749.600000000002,3,2,0.6666666666666666,0
LGS2ORD0021074,C010612,2025-06-16 21:00:00,Male,41,Gold,Shopee,Bangkok,1540,Web,PromptPay,21,6,0,0,40-50,51.333333333333336,2.0,1.0,0.5,72,77,7492.14,0.2299999999999999,0.5,0.5,0.0,0.0,0,0,0.0,0.0,0,0,0.0,8707.35,1,1,1.0,14984.28,2,1,0.5,0
LGS2ORD0021075,C010924,2025-06-16 21:00:00,Female,47,Silver,TV,Remote_Area,1610,TV_Show,PromptPay,21,6,0,0,40-50,53.666666666666664,3.0,0.0,0.0,-1,12,3022.81,0.2,0.3333333333333333,0.0,0.0,0.0,0,0,0.0,3477.37,1,0,0.0,5078.49,2,0,0.0,9068.43,3,0,0.0,0
LGS2ORD0021076,C011863,2025-06-16 22:00:00,Male,41,Bronze,CallCenter,Bangkok,388,Lazada,Bank_Transfer,22,6,0,0,40-50,12.933333333333334,4.0,3.0,0.75,106,58,3529.15,0.28,1.0,0.5,0.0,0.0,0,0,0.0,0.0,0,0,0.0,5628.26,1,0,0.0,14116.6,4,3,0.75,0
LGS2ORD0021077,C011480,2025-06-16 22:00:00,Female,61,Bronze,Lazada,Phuket,1484,Lazada,COD,22,6,0,0,>50,49.46666666666667,1.0,0.0,0.0,-1,129,11815.04,0.18,1.0,0.0,0.0,0.0,0,0,0.0,0.0,0,0,0.0,0.0,0,0,0.0,11815.04,1,0,0.0,1
LGS2ORD0021078,C014181,2025-06-16 22:00:00,Female,42,Gold,Lazada,Chiang Mai,710,CallCenter,Credit_Card,22,6,0,0,40-50,23.666666666666668,1.0,0.0,0.0,-1,99,3616.76,0.28,1.0,1.0,0.0,0.0,0,0,0.0,0.0,0,0,0.0,0.0,0,0,0.0,3616.76,1,0,0.0,0
LGS2ORD0021079,C015000,2025-06-16 22:00:00,Male,43,Bronze,Shopee,Remote_Area,821,Web,COD,22,6,0,0,40-50,27.366666666666667,4.0,0.0,0.0,-1,7,3909.3425,0.23,0.25,0.25,0.0,0.0,0,0,0.0,7190.5,3,0,0.0,15637.37,4,0,0.0,15637.37,4,0,0.0,0
LGS2ORD0021080,C010353,2025-06-16 22:00:00,Male,41,Silver,TV,Bangkok,563,Web,Credit_Card,22,6,0,0,40-50,18.766666666666666,0.0,0.0,0.0,-1,-1,0.0,0.0,0.0,0.0,0.0,0.0,0,0,0.0,0.0,0,0,0.0,0.0,0,0,0.0,0.0,0,0,0.0,0
LGS2ORD0021081,C010977,2025-06-16 23:00:00,Female,43,Silver,TV,Phuket,677,Lazada,Credit_Card,23,6,0,0,40-50,22.566666666666666,4.0,3.0,0.75,60,66,3870.74,0.3,0.75,0.25,0.0,0.0,0,0,0.0,0.0,0,0,0.0,12936.65,2,2,1.0,15482.96,4,3,0.75,0
LGS2ORD0021082,C010841,2025-06-16 23:00:00,Male,22,Silver,TV,Bangkok,1537,Lazada,Bank_Transfer,23,6,0,0,20-30,51.233333333333334,2.0,0.0,0.0,-1,26,2182.125,0.25,0.5,0.5,0.0,0.0,0,0,0.0,3118.51,1,0,0.0,3118.51,1,0,0.0,4364.25,2,0,0.0,1
LGS2ORD0021083,C010001,2025-06-16 23:00:00,Male,41,Bronze,TV,Phuket,1064,Web,COD,23,6,0,0,40-50,35.46666666666667,2.0,0.0,0.0,-1,103,1349.09,0.23,1.0,0.5,0.0,0.0,0,0,0.0,0.0,0,0,0.0,0.0,0,0,0.0,2698.18,2,0,0.0,1
LGS2ORD0021084,C012274,2025-06-16 23:00:00,Male,38,Bronze,Shopee,Nakhon Ratchasima,255,Web,Credit_Card,23,6,0,0,30-40,8.5,0.0,0.0,0.0,-1,-1,0.0,0.0,0.0,0.0,0.0,0.0,0,0,0.0,0.0,0,0,0.0,0.0,0,0,0.0,0.0,0,0,0.0,0
LGS2ORD0021085,C012055,2025-06-16 23:00:00,Female,33,Bronze,TV,Bangkok,240,Web,PromptPay,23,6,0,0,30-40,8.0,2.0,0.0,0.0,-1,69,7214.164999999999,0.03,0.5,0.0,0.0,0.0,0,0,0.0,0.0,0,0,0.0,14428.329999999998,2,0,0.0,14428.329999999998,2,0,0.0,1
LGS2ORD0021086,C016731,2025-06-16 23:00:00,Female,48,Gold,Shopee,Songkhla,302,Web,PromptPay,23,6,0,0,40-50,10.066666666666666,4.0,1.0,0.25,100,30,9647.285,0.33,0.5,0.5,0.0,0.0,0,0,0.0,0.0,0,0,0.0,30124.72,2,0,0.0,38589.14,4,1,0.25,0
LGS2ORD0021087,C012127,2025-06-17 00:00:00,Male,53,Gold,Web,Bangkok,1345,Lazada,Credit_Card,0,6,1,0,>50,44.833333333333336,1.0,0.0,0.0,-1,79,1194.12,0.08,0.0,0.0,0.0,0.0,0,0,0.0,0.0,0,0,0.0,1194.12,1,0,0.0,1194.12,1,0,0.0,0
LGS2ORD0021088,C012764,2025-06-17 00:00:00,Female,61,Bronze,Shopee,Bangkok,192,Shopee,Bank_Transfer,0,6,1,0,>50,6.4,2.0,1.0,0.5,128,69,7241.285,0.28,0.5,1.0,0.0,0.0,0,0,0.0,0.0,0,0,0.0,10816.59,1,0,0.0,14482.57,2,1,0.5,0
LGS2ORD0021089,C012114,2025-06-17 00:00:00,Female,18,Gold,TV,Chonburi,610,TV_Show,COD,0,6,1,0,<20,20.333333333333332,1.0,0.0,0.0,-1,149,704.84,0.33,0.0,1.0,0.0,0.0,0,0,0.0,0.0,0,0,0.0,0.0,0,0,0.0,704.84,1,0,0.0,1
LGS2ORD0021090,C016425,2025-06-17 00:00:00,Male,47,Bronze,Lazada,Songkhla,667,TV_Show,COD,0,6,1,0,40-50,22.233333333333334,1.0,0.0,0.0,-1,154,1626.46,0.13,0.0,0.0,0.0,0.0,0,0,0.0,0.0,0,0,0.0,0.0,0,0,0.0,1626.46,1,0,0.0,0
LGS2ORD0021091,C011416,2025-06-17 00:00:00,Female,33,Gold,TV,Songkhla,1414,Web,COD,0,6,1,0,30-40,47.13333333333333,0.0,0.0,0.0,-1,-1,0.0,0.0,0.0,0.0,0.0,0.0,0,0,0.0,0.0,0,0,0.0,0.0,0,0,0.0,0.0,0,0,0.0,1
LGS2ORD0021092,C012394,2025-06-17 01:00:00,Female,44,Bronze,TV,Chonburi,350,CallCenter,COD,1,6,1,0,40-50,11.666666666666666,3.0,0.0,0.0,-1,47,8265.84,0.28,0.6666666666666666,0.6666666666666666,0.0,0.0,0,0,0.0,0.0,0,0,0.0,22862.39,2,0,0.0,24797.52,3,0,0.0,1
LGS2ORD0021093,C017693,2025-06-17 01:00:00,Female,44,Bronze,CallCenter,Phuket,460,Web,COD,1,6,1,0,40-50,15.333333333333334,1.0,1.0,1.0,79,91,2111.78,0.08,0.0,0.0,0.0,0.0,0,0,0.0,0.0,0,0,0.0,0.0,0,0,0.0,2111.78,1,1,1.0,0
LGS2ORD0021094,C015944,2025-06-17 01:00:00,Female,43,Platinum,Lazada,Chonburi,497,Web,Credit_Card,1,6,1,0,40-50,16.566666666666666,1.0,0.0,0.0,-1,62,2004.36,0.2,0.0,0.0,0.0,0.0,0,0,0.0,0.0,0,0,0.0,2004.36,1,0,0.0,2004.36,1,0,0.0,0
LGS2ORD0021095,C015867,2025-06-17 01:00:00,Male,46,Silver,Lazada,Bangkok,974,Web,COD,1,6,1,0,40-50,32.46666666666667,4.0,2.0,0.5,0,8,3299.125,0.3,1.0,0.5,0.0,0.0,0,0,0.0,728.47,1,1,1.0,6871.9400000000005,3,2,0.6666666666666666,13196.5,4,2,0.5,0
LGS2ORD0021096,C015435,2025-06-17 01:00:00,Female,36,Silver,TV,Phuket,287,Shopee,Credit_Card,1,6,1,0,30-40,9.566666666666666,5.0,1.0,0.2,97,0,5009.6140000000005,0.15,0.6,0.0,0.0,7534.2,1,0,0.0,10722.09,2,0,0.0,22239.38,3,0,0.0,25048.070000000003,5,1,0.2,0
LGS2ORD0021097,C013880,2025-06-17 02:00:00,Female,47,Silver,TV,Chonburi,1435,Shopee,Credit_Card,2,6,1,0,40-50,47.833333333333336,2.0,0.0,0.0,-1,68,9253.58,0.25,1.0,0.5,0.0,0.0,0,0,0.0,0.0,0,0,0.0,18507.16,2,0,0.0,18507.16,2,0,0.0,0
LGS2ORD0021098,C012616,2025-06-17 02:00:00,Male,45,Bronze,Shopee,Khon Kaen,811,Web,COD,2,6,1,0,40-50,27.033333333333335,0.0,0.0,0.0,-1,-1,0.0,0.0,0.0,0.0,0.0,0.0,0,0,0.0,0.0,0,0,0.0,0.0,0,0,0.0,0.0,0,0,0.0,0
LGS2ORD0021099,C016661,2025-06-17 02:00:00,Female,39,Bronze,TV,Phuket,1182,CallCenter,COD,2,6,1,0,30-40,39.4,3.0,0.0,0.0,-1,123,6933.133333333334,0.13,0.6666666666666666,0.0,0.0,0.0,0,0,0.0,0.0,0,0,0.0,0.0,0,0,0.0,20799.4,3,0,0.0,1
LGS2ORD0021100,C013078,2025-06-17 02:00:00,Female,45,Gold,Lazada,Remote_Area,969,Web,Bank_Transfer,2,6,1,0,40-50,32.3,5.0,1.0,0.2,50,1,5020.773999999999,0.28,0.4,0.6,0.0,2568.02,1,0,0.0,2568.02,1,0,0.0,17304.19,4,1,0.25,25103.87,5,1,0.2,0
LGS2ORD0021101,C013031,2025-06-17 02:00:00,Female,40,Silver,TV,Phuket,1236,CallCenter,COD,2,6,1,0,30-40,41.2,8.0,0.0,0.0,-1,0,3166.335,0.25,0.375,0.25,0.0,2077.87,1,0,0.0,7080.75,3,0,0.0,7080.75,3,0,0.0,25330.68,8,0,0.0,0
LGS2ORD0021102,C010996,2025-06-17 03:00:00,Female,48,Bronze,Web,Chiang Mai,545,TV_Show,COD,3,6,1,0,40-50,18.166666666666668,2.0,0.0,0.0,-1,42,813.885,0.23,0.5,0.5,0.0,0.0,0,0,0.0,0.0,0,0,0.0,1627.77,2,0,0.0,1627.77,2,0,0.0,0
LGS2ORD0021103,C016341,2025-06-17 03:00:00,Other,36,Bronze,Web,Phuket,327,TV_Show,Credit_Card,3,6,1,0,30-40,10.9,6.0,3.0,0.5,67,44,3995.2566666666667,0.23,0.8333333333333334,0.16666666666666666,0.0,0.0,0,0,0.0,0.0,0,0,0.0,20815.52,5,3,0.6,23971.54,6,3,0.5,0
LGS2ORD0021104,C016646,2025-06-17 03:00:00,Male,38,Bronze,TV,Chiang Mai,465,CallCenter,COD,3,6,1,0,30-40,15.5,6.0,1.0,0.16666666666666666,55,12,3987.3866666666668,0.18,0.6666666666666666,0.0,0.0,0.0,0,0,0.0,854.88,1,0,0.0,2620.64,2,1,0.5,23924.32,6,1,0.16666666666666666,1
LGS2ORD0021105,C016725,2025-06-17 03:00:00,Female,45,Bronze,Web,Songkhla,1261,TV_Show,Credit_Card,3,6,1,0,40-50,42.03333333333333,4.0,0.0,0.0,-1,25,5704.3099999999995,0.28,0.25,0.25,0.0,0.0,0,0,0.0,2874.12,1,0,0.0,10518.49,3,0,0.0,22817.239999999998,4,0,0.0,0
LGS2ORD0021106,C011766,2025-06-17 03:00:00,Female,32,Silver,TV,Remote_Area,1432,Lazada,Credit_Card,3,6,1,0,30-40,47.733333333333334,3.0,1.0,0.3333333333333333,4,6,3873.9500000000003,0.3,0.3333333333333333,0.6666666666666666,0.0,2437.67,1,1,1.0,4164.67,2,1,0.5,11621.85,3,1,0.3333333333333333,11621.85,3,1,0.3333333333333333,0
LGS2ORD0021107,C016163,2025-06-17 03:00:00,Male,32,Bronze,Shopee,Phuket,314,Lazada,Bank_Transfer,3,6,1,0,30-40,10.466666666666667,3.0,2.0,0.6666666666666666,-14,2,7862.16,0.18,0.0,0.0,0.0,6816.97,1,1,1.0,6816.97,1,1,1.0,6816.97,1,1,1.0,23586.48,3,2,0.6666666666666666,0
LGS2ORD0021108,C012620,2025-06-17 04:00:00,Male,27,Silver,TV,Bangkok,1585,Lazada,Credit_Card,4,6,1,0,20-30,52.833333333333336,1.0,0.0,0.0,-1,74,904.05,0.3,0.0,1.0,0.0,0.0,0,0,0.0,0.0,0,0,0.0,904.05,1,0,0.0,904.05,1,0,0.0,0
LGS2ORD0021109,C016478,2025-06-17 04:00:00,Female,18,Gold,Lazada,Khon Kaen,1492,CallCenter,COD,4,6,1,0,<20,49.733333333333334,3.0,0.0,0.0,-1,48,14651.883333333333,0.28,0.0,0.6666666666666666,0.0,0.0,0,0,0.0,0.0,0,0,0.0,28635.22,2,0,0.0,43955.65,3,0,0.0,1
LGS2ORD0021110,C012393,2025-06-17 04:00:00,Male,56,Bronze,TV,Nakhon Ratchasima,1277,Shopee,COD,4,6,1,0,>50,42.56666666666667,3.0,1.0,0.3333333333333333,81,62,6014.920000000001,0.28,0.3333333333333333,0.3333333333333333,0.0,0.0,0,0,0.0,0.0,0,0,0.0,5638.51,2,1,0.5,18044.760000000002,3,1,0.3333333333333333,1
LGS2ORD0021111,C010006,2025-06-17 04:00:00,Female,40,Silver,Shopee,Chiang Mai,1052,Web,COD,4,6,1,0,30-40,35.06666666666667,4.0,0.0,0.0,-1,51,6032.8575,0.25,0.5,0.25,0.0,0.0,0,0,0.0,0.0,0,0,0.0,16830.23,3,0,0.0,24131.43,4,0,0.0,0
LGS2ORD0021112,C014842,2025-06-17 04:00:00,Male,54,Bronze,Web,Remote_Area,613,CallCenter,COD,4,6,1,0,>50,20.433333333333334,1.0,0.0,0.0,-1,131,853.36,0.18,1.0,0.0,0.0,0.0,0,0,0.0,0.0,0,0,0.0,0.0,0,0,0.0,853.36,1,0,0.0,0
LGS2ORD0021113,C012739,2025-06-17 05:00:00,Male,56,Bronze,TV,Remote_Area,1363,TV_Show,COD,5,6,1,0,>50,45.43333333333333,2.0,0.0,0.0,-1,9,13827.435,0.23,0.0,0.5,0.0,0.0,0,0,0.0,18315.16,1,0,0.0,27654.87,2,0,0.0,27654.87,2,0,0.0,0
LGS2ORD0021114,C010018,2025-06-17 05:00:00,Female,40,Silver,TV,Bangkok,1435,TV_Show,COD,5,6,1,0,30-40,47.833333333333336,1.0,1.0,1.0,73,88,1840.72,0.1,0.0,0.0,0.0,0.0,0,0,0.0,0.0,0,0,0.0,1840.72,1,1,1.0,1840.72,1,1,1.0,0
LGS2ORD0021115,C017817,2025-06-17 05:00:00,Male,18,Gold,Web,Chiang Mai,536,Web,PromptPay,5,6,1,0,<20,17.866666666666667,4.0,1.0,0.25,141,27,4801.849999999999,0.08,0.75,0.0,0.0,0.0,0,0,0.0,9898.46,1,0,0.0,9898.46,1,0,0.0,19207.399999999998,4,1,0.25,1
LGS2ORD0021116,C010747,2025-06-17 05:00:00,Female,49,Silver,TV,Bangkok,967,TV_Show,COD,5,6,1,0,40-50,32.233333333333334,4.0,1.0,0.25,34,43,7881.4825,0.25,0.75,0.5,0.0,0.0,0,0,0.0,0.0,0,0,0.0,27475.32,3,1,0.3333333333333333,31525.93,4,1,0.25,0
LGS2ORD0021117,C013586,2025-06-17 05:00:00,Male,36,Bronze,TV,Phuket,574,TV_Show,COD,5,6,1,0,30-40,19.133333333333333,1.0,0.0,0.0,-1,34,2068.32,0.28,0.0,1.0,0.0,0.0,0,0,0.0,0.0,0,0,0.0,2068.32,1,0,0.0,2068.32,1,0,0.0,1
LGS2ORD0021118,C012156,2025-06-17 06:00:00,Male,45,Bronze,TV,Chiang Mai,779,TV_Show,PromptPay,6,6,1,0,40-50,25.966666666666665,1.0,0.0,0.0,-1,107,17504.0,0.18,1.0,0.0,0.0,0.0,0,0,0.0,0.0,0,0,0.0,0.0,0,0,0.0,17504.0,1,0,0.0,0
LGS2ORD0021119,C014869,2025-06-17 06:00:00,Female,50,Bronze,Lazada,Chonburi,282,TV_Show,Credit_Card,6,6,1,0,40-50,9.4,4.0,1.0,0.25,103,60,2888.4100000000003,0.18,0.75,0.0,0.0,0.0,0,0,0.0,0.0,0,0,0.0,2361.35,1,0,0.0,11553.640000000001,4,1,0.25,0
LGS2ORD0021120,C017557,2025-06-17 06:00:00,Female,51,Bronze,Lazada,Bangkok,1045,Web,Credit_Card,6,6,1,0,>50,34.833333333333336,0.0,0.0,0.0,-1,-1,0.0,0.0,0.0,0.0,0.0,0.0,0,0,0.0,0.0,0,0,0.0,0.0,0,0,0.0,0.0,0,0,0.0,1
LGS2ORD0021121,C011379,2025-06-17 06:00:00,Female,33,Bronze,CallCenter,Nakhon Ratchasima,1246,TV_Show,Credit_Card,6,6,1,0,30-40,41.53333333333333,6.0,1.0,0.16666666666666666,125,7,2864.6266666666666,0.23,0.6666666666666666,0.16666666666666666,0.0,0.0,0,0,0.0,14949.18,4,0,0.0,14949.18,4,0,0.0,17187.76,6,1,0.16666666666666666,1
LGS2ORD0021122,C017111,2025-06-17 06:00:00,Male,26,Bronze,CallCenter,Bangkok,1308,Web,PromptPay,6,6,1,0,20-30,43.6,2.0,0.0,0.0,-1,141,5138.1050000000005,0.23,0.5,1.0,0.0,0.0,0,0,0.0,0.0,0,0,0.0,0.0,0,0,0.0,10276.210000000001,2,0,0.0,1
LGS2ORD0021123,C010505,2025-06-17 07:00:00,Male,45,Bronze,Web,Bangkok,1250,TV_Show,PromptPay,7,6,1,0,40-50,41.666666666666664,3.0,1.0,0.3333333333333333,118,70,4911.9766666666665,0.18,0.6666666666666666,0.0,0.0,0.0,0,0,0.0,0.0,0,0,0.0,1039.37,1,0,0.0,14735.93,3,1,0.3333333333333333,0
LGS2ORD0021124,C014261,2025-06-17 07:00:00,Male,28,Bronze,Shopee,Bangkok,1155,CallCenter,COD,7,6,1,0,20-30,38.5,4.0,1.0,0.25,55,48,3607.8975,0.28,1.0,0.75,0.0,0.0,0,0,0.0,0.0,0,0,0.0,14431.59,4,1,0.25,14431.59,4,1,0.25,1
LGS2ORD0021125,C014966,2025-06-17 07:00:00,Female,54,Platinum,Shopee,Chiang Mai,852,TV_Show,Bank_Transfer,7,6,1,0,>50,28.4,3.0,1.0,0.3333333333333333,22,26,6340.006666666667,0.3,0.0,0.3333333333333333,0.0,0.0,0,0,0.0,8010.88,1,1,1.0,8010.88,1,1,1.0,19020.02,3,1,0.3333333333333333,1
LGS2ORD0021126,C013318,2025-06-17 07:00:00,Male,47,Bronze,Lazada,Bangkok,371,Lazada,Credit_Card,7,6,1,0,40-50,12.366666666666667,2.0,1.0,0.5,102,109,1867.895,0.23,1.0,0.5,0.0,0.0,0,0,0.0,0.0,0,0,0.0,0.0,0,0,0.0,3735.79,2,1,0.5,0
LGS2ORD0021127,C012576,2025-06-17 07:00:00,Male,36,Silver,Shopee,Phuket,674,Shopee,COD,7,6,1,0,30-40,22.466666666666665,2.0,2.0,1.0,-10,0,3176.79,0.2,1.0,0.0,0.0,4484.85,1,1,1.0,4484.85,1,1,1.0,4484.85,1,1,1.0,6353.58,2,2,1.0,1
LGS2ORD0021128,C017289,2025-06-17 07:00:00,Female,38,Platinum,TV,Khon Kaen,1463,Shopee,Credit_Card,7,6,1,0,30-40,48.766666666666666,4.0,0.0,0.0,-1,29,1494.31,0.35,0.75,0.75,0.0,0.0,0,0,0.0,2566.55,1,0,0.0,2566.55,1,0,0.0,5977.24,4,0,0.0,0
LGS2ORD0021129,C016728,2025-06-17 08:00:00,Female,44,Bronze,TV,Khon Kaen,808,Shopee,COD,8,6,1,0,40-50,26.933333333333334,2.0,0.0,0.0,-1,59,2029.03,0.23,1.0,0.5,0.0,0.0,0,0,0.0,0.0,0,0,0.0,3087.85,1,0,0.0,4058.06,2,0,0.0,0
LGS2ORD0021130,C014617,2025-06-17 08:00:00,Male,45,Bronze,TV,Bangkok,997,TV_Show,COD,8,6,1,0,40-50,33.233333333333334,3.0,0.0,0.0,-1,118,8359.083333333334,0.23,0.6666666666666666,0.3333333333333333,0.0,0.0,0,0,0.0,0.0,0,0,0.0,0.0,0,0,0.0,25077.25,3,0,0.0,0
LGS2ORD0021131,C015819,2025-06-17 08:00:00,Female,29,Bronze,TV,Bangkok,498,TV_Show,COD,8,6,1,0,20-30,16.6,2.0,0.0,0.0,-1,39,662.295,0.08,0.5,0.0,0.0,0.0,0,0,0.0,0.0,0,0,0.0,677.31,1,0,0.0,1324.59,2,0,0.0,0
LGS2ORD0021132,C012628,2025-06-17 08:00:00,Male,34,Platinum,Shopee,Bangkok,865,Shopee,COD,8,6,1,0,30-40,28.833333333333332,6.0,1.0,0.16666666666666666,2,8,2665.0916666666667,0.3,0.3333333333333333,0.6666666666666666,0.0,0.0,0,0,0.0,4567.1,3,1,0.3333333333333333,13903.61,4,1,0.25,15990.55,6,1,0.16666666666666666,0
LGS2ORD0021133,C017684,2025-06-17 08:00:00,Female,57,Platinum,Web,Khon Kaen,610,Web,COD,8,6,1,0,>50,20.333333333333332,2.0,1.0,0.5,140,132,3295.46,0.25,0.5,1.0,0.0,0.0,0,0,0.0,0.0,0,0,0.0,0.0,0,0,0.0,6590.92,2,1,0.5,0
LGS2ORD0021134,C014049,2025-06-17 09:00:00,Female,34,Bronze,TV,Nakhon Ratchasima,230,Shopee,COD,9,6,1,0,30-40,7.666666666666667,3.0,0.0,0.0,-1,5,4418.666666666667,0.03,1.0,0.0,0.0,1013.47,1,0,0.0,3352.4700000000003,2,0,0.0,13256.0,3,0,0.0,13256.0,3,0,0.0,0
LGS2ORD0021135,C012705,2025-06-17 09:00:00,Male,52,Bronze,Shopee,Nakhon Ratchasima,588,CallCenter,Credit_Card,9,6,1,0,>50,19.6,4.0,1.0,0.25,69,80,4097.115,0.18,0.5,0.0,0.0,0.0,0,0,0.0,0.0,0,0,0.0,5854.34,2,1,0.5,16388.46,4,1,0.25,0
LGS2ORD0021136,C014713,2025-06-17 09:00:00,Female,54,Bronze,Lazada,Remote_Area,898,TV_Show,COD,9,6,1,0,>50,29.933333333333334,3.0,1.0,0.3333333333333333,48,47,1426.3799999999999,0.18,0.3333333333333333,0.0,0.0,0.0,0,0,0.0,0.0,0,0,0.0,2869.72,2,1,0.5,4279.139999999999,3,1,0.3333333333333333,0
LGS2ORD0021137,C012689,2025-06-17 09:00:00,Female,28,Bronze,Web,Khon Kaen,1286,Shopee,COD,9,6,1,0,20-30,42.86666666666667,2.0,0.0,0.0,-1,70,1803.85,0.08,0.5,0.0,0.0,0.0,0,0,0.0,0.0,0,0,0.0,3025.52,1,0,0.0,3607.7,2,0,0.0,1
LGS2ORD0021138,C014000,2025-06-17 09:00:00,Female,54,Bronze,Shopee,Bangkok,553,Web,COD,9,6,1,0,>50,18.433333333333334,4.0,0.0,0.0,-1,66,8812.765,0.23,0.5,0.25,0.0,0.0,0,0,0.0,0.0,0,0,0.0,5024.63,1,0,0.0,35251.06,4,0,0.0,0
LGS2ORD0021139,C013546,2025-06-17 10:00:00,Female,60,Gold,Shopee,Chonburi,1412,Web,Credit_Card,10,6,1,0,>50,47.06666666666667,3.0,1.0,0.3333333333333333,30,41,2989.6233333333334,0.33,0.6666666666666666,0.6666666666666666,0.0,0.0,0,0,0.0,0.0,0,0,0.0,8968.87,3,1,0.3333333333333333,8968.87,3,1,0.3333333333333333,0
LGS2ORD0021140,C017911,2025-06-17 10:00:00,Male,50,Bronze,Web,Chonburi,1371,TV_Show,Credit_Card,10,6,1,0,40-50,45.7,4.0,0.0,0.0,-1,16,2860.625,0.23,0.25,0.25,0.0,0.0,0,0,0.0,564.61,1,0,0.0,564.61,1,0,0.0,11442.5,4,0,0.0,1
LGS2ORD0021141,C013972,2025-06-17 10:00:00,Male,43,Silver,Web,Bangkok,1371,CallCenter,COD,10,6,1,0,40-50,45.7,2.0,0.0,0.0,-1,66,3841.3450000000003,0.05,0.5,0.0,0.0,0.0,0,0,0.0,0.0,0,0,0.0,6924.34,1,0,0.0,7682.6900000000005,2,0,0.0,1
LGS2ORD0021142,C016408,2025-06-17 10:00:00,Female,57,Bronze,Web,Bangkok,1454,Web,COD,10,6,1,0,>50,48.46666666666667,3.0,2.0,0.6666666666666666,21,37,4610.82,0.23,0.6666666666666666,0.3333333333333333,0.0,0.0,0,0,0.0,0.0,0,0,0.0,11499.88,2,2,1.0,13832.46,3,2,0.6666666666666666,0
LGS2ORD0021143,C015368,2025-06-17 10:00:00,Female,42,Bronze,Web,Khon Kaen,382,Lazada,COD,10,6,1,0,40-50,12.733333333333333,2.0,1.0,0.5,0,10,893.415,0.18,0.5,0.0,0.0,0.0,0,0,0.0,420.33,1,1,1.0,420.33,1,1,1.0,1786.83,2,1,0.5,0
LGS2ORD0021144,C010291,2025-06-17 11:00:00,Female,53,Bronze,Lazada,Khon Kaen,1012,Shopee,PromptPay,11,6,1,0,>50,33.733333333333334,2.0,1.0,0.5,6,20,12618.415,0.18,1.0,0.0,0.0,0.0,0,0,0.0,5441.06,1,1,1.0,5441.06,1,1,1.0,25236.83,2,1,0.5,0
LGS2ORD0021145,C010321,2025-06-17 11:00:00,Male,41,Bronze,Web,Bangkok,1157,TV_Show,Bank_Transfer,11,6,1,0,40-50,38.56666666666667,1.0,0.0,0.0,-1,35,11230.74,0.08,0.0,0.0,0.0,0.0,0,0,0.0,0.0,0,0,0.0,11230.74,1,0,0.0,11230.74,1,0,0.0,0
LGS2ORD0021146,C015473,2025-06-17 11:00:00,Male,31,Bronze,Web,Chonburi,835,Shopee,COD,11,6,1,0,30-40,27.833333333333332,3.0,2.0,0.6666666666666666,84,93,4656.243333333333,0.18,0.3333333333333333,0.0,0.0,0.0,0,0,0.0,0.0,0,0,0.0,0.0,0,0,0.0,13968.73,3,2,0.6666666666666666,0
LGS2ORD0021147,C014726,2025-06-17 11:00:00,Female,38,Gold,TV,Chiang Mai,235,Shopee,COD,11,6,1,0,30-40,7.833333333333333,6.0,1.0,0.16666666666666666,145,91,9364.041666666666,0.33,0.3333333333333333,0.5,0.0,0.0,0,0,0.0,0.0,0,0,0.0,0.0,0,0,0.0,56184.25,6,1,0.16666666666666666,0
LGS2ORD0021148,C010985,2025-06-17 11:00:00,Male,48,Bronze,Shopee,Bangkok,1473,Shopee,COD,11,6,1,0,40-50,49.1,2.0,0.0,0.0,-1,100,4931.01,0.18,0.0,0.0,0.0,0.0,0,0,0.0,0.0,0,0,0.0,0.0,0,0,0.0,9862.02,2,0,0.0,0
LGS2ORD0021149,C011642,2025-06-17 11:00:00,Male,49,Gold,Lazada,Bangkok,686,Lazada,COD,11,6,1,0,40-50,22.866666666666667,1.0,1.0,1.0,132,137,6525.04,0.13,0.0,0.0,0.0,0.0,0,0,0.0,0.0,0,0,0.0,0.0,0,0,0.0,6525.04,1,1,1.0,0
LGS2ORD0021150,C011155,2025-06-17 12:00:00,Male,33,Silver,Shopee,Songkhla,935,CallCenter,COD,12,6,1,0,30-40,31.166666666666668,3.0,1.0,0.3333333333333333,67,36,10943.86,0.3,0.6666666666666666,0.3333333333333333,0.0,0.0,0,0,0.0,0.0,0,0,0.0,32831.58,3,1,0.3333333333333333,32831.58,3,1,0.3333333333333333,0
LGS2ORD0021151,C013141,2025-06-17 12:00:00,Other,30,Platinum,Web,Bangkok,625,Web,Credit_Card,12,6,1,0,20-30,20.833333333333332,1.0,0.0,0.0,-1,132,646.68,0.25,0.0,1.0,0.0,0.0,0,0,0.0,0.0,0,0,0.0,0.0,0,0,0.0,646.68,1,0,0.0,1
LGS2ORD0021152,C010054,2025-06-17 12:00:00,Female,24,Silver,Web,Chonburi,509,Lazada,COD,12,6,1,0,20-30,16.966666666666665,4.0,1.0,0.25,34,22,4646.7775,0.25,0.5,0.25,0.0,0.0,0,0,0.0,9568.49,1,0,0.0,11749.3,2,1,0.5,18587.11,4,1,0.25,0
LGS2ORD0021153,C014948,2025-06-17 12:00:00,Male,29,Silver,Web,Bangkok,1044,Shopee,COD,12,6,1,0,20-30,34.8,0.0,0.0,0.0,-1,-1,0.0,0.0,0.0,0.0,0.0,0.0,0,0,0.0,0.0,0,0,0.0,0.0,0,0,0.0,0.0,0,0,0.0,0
LGS2ORD0021154,C012630,2025-06-17 12:00:00,Male,54,Platinum,Web,Chonburi,244,Web,COD,12,6,1,0,>50,8.133333333333333,2.0,1.0,0.5,85,58,1900.295,0.35,0.5,1.0,0.0,0.0,0,0,0.0,0.0,0,0,0.0,914.07,1,0,0.0,3800.59,2,1,0.5,0
LGS2ORD0021155,C011943,2025-06-17 13:00:00,Female,50,Silver,Web,Remote_Area,744,Lazada,PromptPay,13,6,1,0,40-50,24.8,3.0,1.0,0.3333333333333333,13,26,4461.84,0.1,1.0,0.0,0.0,0.0,0,0,0.0,12767.93,1,1,1.0,12767.93,1,1,1.0,13385.52,3,1,0.3333333333333333,1
LGS2ORD0021156,C013759,2025-06-17 13:00:00,Female,72,Bronze,Lazada,Nakhon Ratchasima,311,Web,PromptPay,13,6,1,0,>50,10.366666666666667,4.0,1.0,0.25,16,25,6097.525,0.23,0.5,0.25,0.0,0.0,0,0,0.0,17411.41,1,0,0.0,20966.04,2,1,0.5,24390.1,4,1,0.25,1
LGS2ORD0021157,C012246,2025-06-17 13:00:00,Female,53,Bronze,Web,Songkhla,307,TV_Show,Credit_Card,13,6,1,0,>50,10.233333333333333,0.0,0.0,0.0,-1,-1,0.0,0.0,0.0,0.0,0.0,0.0,0,0,0.0,0.0,0,0,0.0,0.0,0,0,0.0,0.0,0,0,0.0,0
LGS2ORD0021158,C017669,2025-06-17 13:00:00,Female,33,Bronze,TV,Remote_Area,645,Web,Credit_Card,13,6,1,0,30-40,21.5,6.0,2.0,0.3333333333333333,102,47,5549.974999999999,0.23,0.6666666666666666,0.16666666666666666,0.0,0.0,0,0,0.0,0.0,0,0,0.0,739.69,1,0,0.0,33299.85,6,2,0.3333333333333333,0
LGS2ORD0021159,C015398,2025-06-17 13:00:00,Male,42,Bronze,Web,Bangkok,1270,Web,COD,13,6,1,0,40-50,42.333333333333336,2.0,2.0,1.0,-5,1,1930.27,0.28,0.5,1.0,0.0,2133.5,1,1,1.0,2133.5,1,1,1.0,2133.5,1,1,1.0,3860.54,2,2,1.0,0
LGS2ORD0021160,C012830,2025-06-17 14:00:00,Male,42,Bronze,TV,Khon Kaen,1173,TV_Show,COD,14,6,1,0,40-50,39.1,4.0,2.0,0.5,38,43,4803.97,0.23,0.75,0.25,0.0,0.0,0,0,0.0,0.0,0,0,0.0,4580.86,2,1,0.5,19215.88,4,2,0.5,0
LGS2ORD0021161,C016039,2025-06-17 14:00:00,Female,30,Gold,Web,Bangkok,206,Shopee,Bank_Transfer,14,6,1,0,20-30,6.866666666666666,1.0,0.0,0.0,-1,80,24989.45,0.08,0.0,0.0,0.0,0.0,0,0,0.0,0.0,0,0,0.0,24989.45,1,0,0.0,24989.45,1,0,0.0,1
LGS2ORD0021162,C012542,2025-06-17 14:00:00,Male,52,Gold,Web,Bangkok,1614,Web,Bank_Transfer,14,6,1,0,>50,53.8,0.0,0.0,0.0,-1,-1,0.0,0.0,0.0,0.0,0.0,0.0,0,0,0.0,0.0,0,0,0.0,0.0,0,0,0.0,0.0,0,0,0.0,0
LGS2ORD0021163,C011723,2025-06-17 14:00:00,Male,50,Silver,TV,Chonburi,337,Web,COD,14,6,1,0,40-50,11.233333333333333,1.0,1.0,1.0,70,80,1664.39,0.1,0.0,0.0,0.0,0.0,0,0,0.0,0.0,0,0,0.0,1664.39,1,1,1.0,1664.39,1,1,1.0,0
LGS2ORD0021164,C016139,2025-06-17 14:00:00,Female,52,Bronze,TV,Phuket,1110,TV_Show,COD,14,6,1,0,>50,37.0,5.0,0.0,0.0,-1,2,1777.1619999999998,0.28,0.0,0.2,0.0,1671.46,1,0,0.0,1671.46,1,0,0.0,8885.81,5,0,0.0,8885.81,5,0,0.0,0
LGS2ORD0021165,C011553,2025-06-17 15:00:00,Female,29,Gold,Shopee,Bangkok,337,TV_Show,COD,15,6,1,0,20-30,11.233333333333333,0.0,0.0,0.0,-1,-1,0.0,0.0,0.0,0.0,0.0,0.0,0,0,0.0,0.0,0,0,0.0,0.0,0,0,0.0,0.0,0,0,0.0,1
LGS2ORD0021166,C017456,2025-06-17 15:00:00,Female,28,Gold,Web,Chonburi,952,TV_Show,Credit_Card,15,6,1,0,20-30,31.733333333333334,0.0,0.0,0.0,-1,-1,0.0,0.0,0.0,0.0,0.0,0.0,0,0,0.0,0.0,0,0,0.0,0.0,0,0,0.0,0.0,0,0,0.0,0
LGS2ORD0021167,C014703,2025-06-17 15:00:00,Female,41,Silver,TV,Nakhon Ratchasima,1599,Web,COD,15,6,1,0,40-50,53.3,6.0,1.0,0.16666666666666666,119,28,5577.389999999999,0.3,0.5,0.16666666666666666,0.0,0.0,0,0,0.0,13157.54,1,0,0.0,14878.86,2,0,0.0,33464.34,6,1,0.16666666666666666,0
LGS2ORD0021168,C010630,2025-06-17 15:00:00,Female,31,Silver,CallCenter,Bangkok,787,Lazada,Credit_Card,15,6,1,0,30-40,26.233333333333334,1.0,0.0,0.0,-1,38,2947.39,0.1,0.0,0.0,0.0,0.0,0,0,0.0,0.0,0,0,0.0,2947.39,1,0,0.0,2947.39,1,0,0.0,0
LGS2ORD0021169,C011498,2025-06-17 15:00:00,Female,41,Silver,Web,Nakhon Ratchasima,1490,TV_Show,COD,15,6,1,0,40-50,49.666666666666664,2.0,0.0,0.0,-1,34,2167.65,0.2,0.5,0.0,0.0,0.0,0,0,0.0,0.0,0,0,0.0,510.68,1,0,0.0,4335.3,2,0,0.0,1
LGS2ORD0021170,C011608,2025-06-17 15:00:00,Male,47,Silver,Lazada,Khon Kaen,747,Lazada,PromptPay,15,6,1,0,40-50,24.9,4.0,0.0,0.0,-1,91,5609.1,0.3,0.75,0.25,0.0,0.0,0,0,0.0,0.0,0,0,0.0,0.0,0,0,0.0,22436.4,4,0,0.0,0
LGS2ORD0021171,C011471,2025-06-17 16:00:00,Male,22,Gold,Web,Songkhla,431,Shopee,COD,16,6,1,0,20-30,14.366666666666667,2.0,0.0,0.0,-1,11,1834.97,0.08,0.0,0.0,0.0,0.0,0,0,0.0,1932.91,1,0,0.0,1932.91,1,0,0.0,3669.94,2,0,0.0,0
LGS2ORD0021172,C010778,2025-06-17 16:00:00,Female,31,Bronze,TV,Bangkok,1606,Shopee,COD,16,6,1,0,30-40,53.53333333333333,4.0,2.0,0.5,88,6,5220.557500000001,0.23,0.75,0.25,0.0,6129.59,1,0,0.0,6129.59,1,0,0.0,6129.59,1,0,0.0,20882.230000000003,4,2,0.5,0
LGS2ORD0021173,C013458,2025-06-17 16:00:00,Female,18,Silver,Shopee,Songkhla,1224,Lazada,COD,16,6,1,0,<20,40.8,4.0,0.0,0.0,-1,68,2419.76,0.3,0.75,0.25,0.0,0.0,0,0,0.0,0.0,0,0,0.0,6742.51,1,0,0.0,9679.04,4,0,0.0,1
LGS2ORD0021174,C016077,2025-06-17 16:00:00,Male,40,Bronze,Web,Bangkok,309,Lazada,Bank_Transfer,16,6,1,0,30-40,10.3,3.0,2.0,0.6666666666666666,88,94,11211.449999999999,0.23,0.3333333333333333,0.3333333333333333,0.0,0.0,0,0,0.0,0.0,0,0,0.0,0.0,0,0,0.0,33634.35,3,2,0.6666666666666666,0
LGS2ORD0021175,C011133,2025-06-17 16:00:00,Male,37,Bronze,CallCenter,Remote_Area,1099,Web,Credit_Card,16,6,1,0,30-40,36.63333333333333,4.0,1.0,0.25,4,8,4614.342500000001,0.18,0.5,0.0,0.0,0.0,0,0,0.0,17767.9,3,1,0.3333333333333333,17767.9,3,1,0.3333333333333333,18457.370000000003,4,1,0.25,0
LGS2ORD0021176,C011960,2025-06-17 17:00:00,Male,18,Bronze,Shopee,Chiang Mai,688,Lazada,Credit_Card,17,6,1,0,<20,22.933333333333334,4.0,1.0,0.25,154,49,6940.8325,0.23,0.25,0.25,0.0,0.0,0,0,0.0,0.0,0,0,0.0,3881.03,2,0,0.0,27763.33,4,1,0.25,0
LGS2ORD0021177,C016611,2025-06-17 17:00:00,Female,31,Bronze,Shopee,Remote_Area,513,Shopee,COD,17,6,1,0,30-40,17.1,2.0,0.0,0.0,-1,1,1669.75,0.28,0.5,1.0,0.0,3339.5,2,0,0.0,3339.5,2,0,0.0,3339.5,2,0,0.0,3339.5,2,0,0.0,0
LGS2ORD0021178,C014011,2025-06-17 17:00:00,Female,46,Silver,CallCenter,Phuket,1237,Shopee,COD,17,6,1,0,40-50,41.233333333333334,4.0,0.0,0.0,-1,44,3694.3175,0.25,0.25,0.25,0.0,0.0,0,0,0.0,0.0,0,0,0.0,3605.27,2,0,0.0,14777.27,4,0,0.0,0
LGS2ORD0021179,C017744,2025-06-17 17:00:00,Female,46,Gold,Lazada,Bangkok,1387,TV_Show,Bank_Transfer,17,6,1,0,40-50,46.233333333333334,4.0,1.0,0.25,41,42,3171.4449999999997,0.28,0.25,0.25,0.0,0.0,0,0,0.0,0.0,0,0,0.0,12685.779999999999,4,1,0.25,12685.779999999999,4,1,0.25,1
LGS2ORD0021180,C012876,2025-06-17 17:00:00,Other,36,Silver,CallCenter,Khon Kaen,392,Web,Credit_Card,17,6,1,0,30-40,13.066666666666666,3.0,1.0,0.3333333333333333,36,38,1886.756666666667,0.25,0.3333333333333333,0.3333333333333333,0.0,0.0,0,0,0.0,0.0,0,0,0.0,4321.3099999999995,2,1,0.5,5660.27,3,1,0.3333333333333333,0
LGS2ORD0021181,C010637,2025-06-17 18:00:00,Female,32,Bronze,Shopee,Chonburi,1571,Shopee,COD,18,6,1,0,30-40,52.36666666666667,3.0,1.0,0.3333333333333333,62,17,6934.313333333334,0.28,1.0,0.3333333333333333,0.0,0.0,0,0,0.0,9952.29,1,0,0.0,20802.940000000002,3,1,0.3333333333333333,20802.940000000002,3,1,0.3333333333333333,1
LGS2ORD0021182,C014932,2025-06-17 18:00:00,Male,35,Silver,CallCenter,Bangkok,1385,TV_Show,COD,18,6,1,0,30-40,46.166666666666664,2.0,1.0,0.5,50,58,15819.939999999999,0.05,0.5,0.0,0.0,0.0,0,0,0.0,0.0,0,0,0.0,25133.26,1,1,1.0,31639.879999999997,2,1,0.5,1
LGS2ORD0021183,C016698,2025-06-17 18:00:00,Female,56,Silver,CallCenter,Khon Kaen,1596,TV_Show,Credit_Card,18,6,1,0,>50,53.2,1.0,0.0,0.0,-1,95,1703.34,0.05,0.0,0.0,0.0,0.0,0,0,0.0,0.0,0,0,0.0,0.0,0,0,0.0,1703.34,1,0,0.0,1
LGS2ORD0021184,C015870,2025-06-17 18:00:00,Male,28,Bronze,TV,Bangkok,910,Web,Credit_Card,18,6,1,0,20-30,30.333333333333332,4.0,2.0,0.5,34,11,5340.995,0.28,0.5,0.5,0.0,0.0,0,0,0.0,828.13,1,0,0.0,1639.3,2,1,0.5,21363.98,4,2,0.5,0
LGS2ORD0021185,C011385,2025-06-17 18:00:00,Female,57,Bronze,TV,Bangkok,205,Shopee,Credit_Card,18,6,1,0,>50,6.833333333333333,7.0,1.0,0.14285714285714285,19,21,4348.905714285714,0.23,0.5714285714285714,0.2857142857142857,0.0,0.0,0,0,0.0,3642.21,2,1,0.5,30442.339999999997,7,1,0.14285714285714285,30442.339999999997,7,1,0.14285714285714285,0
LGS2ORD0021186,C010736,2025-06-17 19:00:00,Male,33,Bronze,Shopee,Remote_Area,880,TV_Show,Bank_Transfer,19,6,1,0,30-40,29.333333333333332,8.0,3.0,0.375,5,18,3283.10125,0.28,0.625,0.5,0.0,0.0,0,0,0.0,18201.12,2,2,1.0,20088.07,3,2,0.6666666666666666,26264.81,8,3,0.375,1
LGS2ORD0021187,C013600,2025-06-17 19:00:00,Female,57,Bronze,Shopee,Chiang Mai,1497,TV_Show,Bank_Transfer,19,6,1,0,>50,49.9,0.0,0.0,0.0,-1,-1,0.0,0.0,0.0,0.0,0.0,0.0,0,0,0.0,0.0,0,0,0.0,0.0,0,0,0.0,0.0,0,0,0.0,0
LGS2ORD0021188,C016537,2025-06-17 19:00:00,Male,56,Bronze,Web,Chonburi,1264,TV_Show,PromptPay,19,6,1,0,>50,42.13333333333333,2.0,0.0,0.0,-1,21,2922.57,0.03,1.0,0.0,0.0,0.0,0,0,0.0,1980.13,1,0,0.0,5845.14,2,0,0.0,5845.14,2,0,0.0,0
LGS2ORD0021189,C011696,2025-06-17 19:00:00,Female,51,Silver,CallCenter,Bangkok,555,Shopee,COD,19,6,1,0,>50,18.5,5.0,3.0,0.6,31,41,3313.2300000000005,0.25,0.8,0.2,0.0,0.0,0,0,0.0,0.0,0,0,0.0,9357.82,2,1,0.5,16566.15,5,3,0.6,0
LGS2ORD0021190,C017331,2025-06-17 19:00:00,Female,50,Gold,TV,Chiang Mai,539,CallCenter,Credit_Card,19,6,1,0,40-50,17.966666666666665,3.0,0.0,0.0,-1,38,6178.3,0.2299999999999999,0.6666666666666666,0.3333333333333333,0.0,0.0,0,0,0.0,0.0,0,0,0.0,9900.31,2,0,0.0,18534.9,3,0,0.0,0
LGS2ORD0021191,C012311,2025-06-17 19:00:00,Other,39,Bronze,TV,Phuket,714,TV_Show,COD,19,6,1,0,30-40,23.8,3.0,0.0,0.0,-1,55,1547.5633333333335,0.28,0.0,0.3333333333333333,0.0,0.0,0,0,0.0,0.0,0,0,0.0,863.84,1,0,0.0,4642.6900000000005,3,0,0.0,1
LGS2ORD0021192,C012957,2025-06-17 20:00:00,Male,53,Silver,TV,Chonburi,764,Web,COD,20,6,1,0,>50,25.466666666666665,5.0,2.0,0.4,32,46,4334.896,0.25,0.6,0.4,0.0,0.0,0,0,0.0,0.0,0,0,0.0,18008.42,3,1,0.3333333333333333,21674.48,5,2,0.4,0
LGS2ORD0021193,C015401,2025-06-17 20:00:00,Male,40,Platinum,Lazada,Phuket,884,CallCenter,Bank_Transfer,20,6,1,0,30-40,29.466666666666665,3.0,1.0,0.3333333333333333,138,128,1402.9266666666665,0.35,0.0,0.3333333333333333,0.0,0.0,0,0,0.0,0.0,0,0,0.0,0.0,0,0,0.0,4208.78,3,1,0.3333333333333333,0
LGS2ORD0021194,C014025,2025-06-17 20:00:00,Male,47,Bronze,TV,Nakhon Ratchasima,918,TV_Show,Credit_Card,20,6,1,0,40-50,30.6,3.0,1.0,0.3333333333333333,68,28,3331.543333333333,0.13,0.6666666666666666,0.0,0.0,0.0,0,0,0.0,1842.8,1,0,0.0,6346.8,2,1,0.5,9994.63,3,1,0.3333333333333333,0
LGS2ORD0021195,C012091,2025-06-17 20:00:00,Female,18,Silver,Shopee,Khon Kaen,647,Shopee,PromptPay,20,6,1,0,<20,21.566666666666666,2.0,0.0,0.0,-1,8,2799.545,0.1,0.0,0.0,0.0,0.0,0,0,0.0,1737.87,1,0,0.0,1737.87,1,0,0.0,5599.09,2,0,0.0,0
LGS2ORD0021196,C015896,2025-06-17 20:00:00,Male,26,Bronze,CallCenter,Chonburi,223,TV_Show,COD,20,6,1,0,20-30,7.433333333333334,4.0,2.0,0.5,67,36,3171.085,0.18,0.25,0.0,0.0,0.0,0,0,0.0,0.0,0,0,0.0,9108.31,2,1,0.5,12684.34,4,2,0.5,1
LGS2ORD0021197,C016652,2025-06-17 21:00:00,Female,68,Bronze,TV,Phuket,1220,TV_Show,COD,21,6,1,0,>50,40.666666666666664,0.0,0.0,0.0,-1,-1,0.0,0.0,0.0,0.0,0.0,0.0,0,0,0.0,0.0,0,0,0.0,0.0,0,0,0.0,0.0,0,0,0.0,0
LGS2ORD0021198,C017039,2025-06-17 21:00:00,Female,25,Bronze,TV,Songkhla,1105,Shopee,Bank_Transfer,21,6,1,0,20-30,36.833333333333336,2.0,0.0,0.0,-1,28,11378.375,0.18,1.0,0.0,0.0,0.0,0,0,0.0,3851.59,1,0,0.0,3851.59,1,0,0.0,22756.75,2,0,0.0,0
LGS2ORD0021199,C011000,2025-06-17 21:00:00,Female,31,Bronze,Shopee,Bangkok,387,Shopee,COD,21,6,1,0,30-40,12.9,10.0,3.0,0.3,66,5,5965.728000000001,0.28,0.6,0.3,0.0,4496.27,1,0,0.0,4496.27,1,0,0.0,32731.05,5,1,0.2,59657.28000000001,10,3,0.3,1
LGS2ORD0021200,C016358,2025-06-17 21:00:00,Male,48,Bronze,TV,Khon Kaen,303,TV_Show,COD,21,6,1,0,40-50,10.1,5.0,3.0,0.6,26,12,4314.514,0.18,0.4,0.0,0.0,0.0,0,0,0.0,7986.58,1,0,0.0,18334.41,3,1,0.3333333333333333,21572.57,5,3,0.6,1
LGS2ORD0021201,C014636,2025-06-17 21:00:00,Female,29,Bronze,TV,Remote_Area,1245,Lazada,COD,21,6,1,0,20-30,41.5,7.0,2.0,0.2857142857142857,40,43,9859.77,0.28,0.7142857142857143,0.42857142857142855,0.0,0.0,0,0,0.0,0.0,0,0,0.0,69018.39,7,2,0.2857142857142857,69018.39,7,2,0.2857142857142857,0
LGS2ORD0021202,C012289,2025-06-17 22:00:00,Male,45,Bronze,TV,Songkhla,1349,TV_Show,Credit_Card,22,6,1,0,40-50,44.96666666666667,5.0,4.0,0.8,18,26,8990.982,0.23,0.8,0.2,0.0,0.0,0,0,0.0,8746.72,1,1,1.0,42025.96000000001,3,3,1.0,44954.91,5,4,0.8,0
LGS2ORD0021203,C015385,2025-06-17 22:00:00,Male,46,Gold,Lazada,Nakhon Ratchasima,417,Web,COD,22,6,1,0,40-50,13.9,1.0,0.0,0.0,-1,46,1505.23,0.2299999999999999,0.0,1.0,0.0,0.0,0,0,0.0,0.0,0,0,0.0,1505.23,1,0,0.0,1505.23,1,0,0.0,0
LGS2ORD0021204,C017256,2025-06-17 22:00:00,Other,47,Silver,Shopee,Bangkok,1216,TV_Show,COD,22,6,1,0,40-50,40.53333333333333,2.0,0.0,0.0,-1,50,6788.595,0.2,1.0,0.0,0.0,0.0,0,0,0.0,0.0,0,0,0.0,12189.83,1,0,0.0,13577.19,2,0,0.0,0
LGS2ORD0021205,C011599,2025-06-17 22:00:00,Male,18,Silver,Lazada,Chiang Mai,1490,Lazada,PromptPay,22,6,1,0,<20,49.666666666666664,1.0,0.0,0.0,-1,94,2937.5,0.15,1.0,0.0,0.0,0.0,0,0,0.0,0.0,0,0,0.0,0.0,0,0,0.0,2937.5,1,0,0.0,1
LGS2ORD0021206,C017499,2025-06-17 22:00:00,Female,41,Bronze,Shopee,Chonburi,1200,Shopee,COD,22,6,1,0,40-50,40.0,5.0,3.0,0.6,106,74,4996.992,0.23,0.8,0.2,0.0,0.0,0,0,0.0,0.0,0,0,0.0,3821.54,1,0,0.0,24984.96,5,3,0.6,0
LGS2ORD0021207,C017931,2025-06-17 22:00:00,Female,72,Gold,Shopee,Chiang Mai,273,Shopee,PromptPay,22,6,1,0,>50,9.1,4.0,1.0,0.25,40,47,2694.965,0.28,0.25,0.5,0.0,0.0,0,0,0.0,0.0,0,0,0.0,5445.86,1,1,1.0,10779.86,4,1,0.25,0
LGS2ORD0021208,C011202,2025-06-17 23:00:00,Other,58,Bronze,Web,Khon Kaen,896,Shopee,COD,23,6,1,0,>50,29.866666666666667,4.0,0.0,0.0,-1,9,5706.01,0.23,0.5,0.25,0.0,0.0,0,0,0.0,19758.350000000002,2,0,0.0,19758.350000000002,2,0,0.0,22824.04,4,0,0.0,1
LGS2ORD0021209,C010155,2025-06-17 23:00:00,Male,37,Bronze,Shopee,Bangkok,579,Web,Credit_Card,23,6,1,0,30-40,19.3,5.0,0.0,0.0,-1,19,3435.542,0.28,0.6,0.2,0.0,0.0,0,0,0.0,7129.879999999999,2,0,0.0,11101.22,4,0,0.0,17177.71,5,0,0.0,0
LGS2ORD0021210,C012683,2025-06-17 23:00:00,Male,61,Silver,Web,Phuket,937,Web,COD,23,6,1,0,>50,31.233333333333334,6.0,1.0,0.16666666666666666,138,8,7594.703333333334,0.3,0.5,0.3333333333333333,0.0,0.0,0,0,0.0,7138.41,1,0,0.0,43299.369999999995,5,0,0.0,45568.22,6,1,0.16666666666666666,1
LGS2ORD0021211,C012456,2025-06-17 23:00:00,Male,29,Bronze,TV,Remote_Area,1331,TV_Show,Credit_Card,23,6,1,0,20-30,44.36666666666667,5.0,4.0,0.8,-4,2,3567.7999999999993,0.23,0.6,0.2,0.0,3135.1,1,1,1.0,4241.5,2,2,1.0,6003.58,3,3,1.0,17838.999999999996,5,4,0.8,0
LGS2ORD0021212,C016297,2025-06-17 23:00:00,Male,71,Bronze,TV,Songkhla,290,Lazada,PromptPay,23,6,1,0,>50,9.666666666666666,2.0,0.0,0.0,-1,18,14858.550000000001,0.23,1.0,0.5,0.0,0.0,0,0,0.0,29717.100000000002,2,0,0.0,29717.100000000002,2,0,0.0,29717.100000000002,2,0,0.0,0
LGS2ORD0021213,C010230,2025-06-18 00:00:00,Female,43,Bronze,Web,Chonburi,268,TV_Show,Credit_Card,0,6,2,0,40-50,8.933333333333334,2.0,1.0,0.5,53,64,1997.785,0.23,1.0,1.0,0.0,0.0,0,0,0.0,0.0,0,0,0.0,2343.34,1,1,1.0,3995.57,2,1,0.5,0
LGS2ORD0021214,C017030,2025-06-18 00:00:00,Male,46,Gold,Lazada,Chiang Mai,252,Lazada,Credit_Card,0,6,2,0,40-50,8.4,1.0,0.0,0.0,-1,100,598.44,0.13,1.0,0.0,0.0,0.0,0,0,0.0,0.0,0,0,0.0,0.0,0,0,0.0,598.44,1,0,0.0,0
LGS2ORD0021215,C012772,2025-06-18 00:00:00,Female,25,Gold,Lazada,Bangkok,643,Web,COD,0,6,2,0,20-30,21.433333333333334,2.0,1.0,0.5,79,90,1706.525,0.28,1.0,1.0,0.0,0.0,0,0,0.0,0.0,0,0,0.0,0.0,0,0,0.0,3413.05,2,1,0.5,0
LGS2ORD0021216,C013148,2025-06-18 00:00:00,Female,28,Bronze,TV,Khon Kaen,273,CallCenter,PromptPay,0,6,2,0,20-30,9.1,3.0,0.0,0.0,-1,79,6503.94,0.23,0.6666666666666666,0.3333333333333333,0.0,0.0,0,0,0.0,0.0,0,0,0.0,4390.29,1,0,0.0,19511.82,3,0,0.0,0
LGS2ORD0021217,C015611,2025-06-18 00:00:00,Female,40,Gold,TV,Bangkok,420,TV_Show,COD,0,6,2,0,30-40,14.0,1.0,0.0,0.0,-1,22,992.2,0.13,0.0,0.0,0.0,0.0,0,0,0.0,992.2,1,0,0.0,992.2,1,0,0.0,992.2,1,0,0.0,0
LGS2ORD0021218,C010353,2025-06-18 01:00:00,Male,41,Silver,TV,Bangkok,565,Web,Credit_Card,1,6,2,0,40-50,18.833333333333332,1.0,0.0,0.0,-1,1,1918.76,0.25,0.0,1.0,0.0,1918.76,1,0,0.0,1918.76,1,0,0.0,1918.76,1,0,0.0,1918.76,1,0,0.0,0
LGS2ORD0021219,C017497,2025-06-18 01:00:00,Female,43,Bronze,Lazada,Khon Kaen,1025,TV_Show,COD,1,6,2,0,40-50,34.166666666666664,1.0,0.0,0.0,-1,133,2810.44,0.23,1.0,1.0,0.0,0.0,0,0,0.0,0.0,0,0,0.0,0.0,0,0,0.0,2810.44,1,0,0.0,0
LGS2ORD0021220,C016710,2025-06-18 01:00:00,Male,40,Bronze,TV,Chiang Mai,201,Shopee,PromptPay,1,6,2,0,30-40,6.7,3.0,0.0,0.0,-1,8,5472.953333333334,0.23,0.6666666666666666,0.3333333333333333,0.0,0.0,0,0,0.0,6485.07,1,0,0.0,8630.01,2,0,0.0,16418.86,3,0,0.0,0
LGS2ORD0021221,C011703,2025-06-18 01:00:00,Male,23,Silver,Web,Remote_Area,1315,Shopee,COD,1,6,2,0,20-30,43.833333333333336,1.0,0.0,0.0,-1,137,2673.71,0.15,0.0,0.0,0.0,0.0,0,0,0.0,0.0,0,0,0.0,0.0,0,0,0.0,2673.71,1,0,0.0,0
LGS2ORD0021222,C015670,2025-06-18 01:00:00,Male,31,Platinum,TV,Songkhla,1425,TV_Show,COD,1,6,2,0,30-40,47.5,0.0,0.0,0.0,-1,-1,0.0,0.0,0.0,0.0,0.0,0.0,0,0,0.0,0.0,0,0,0.0,0.0,0,0,0.0,0.0,0,0,0.0,1
LGS2ORD0021223,C011136,2025-06-18 02:00:00,Other,64,Silver,Shopee,Nakhon Ratchasima,1573,Lazada,Bank_Transfer,2,6,2,0,>50,52.43333333333333,6.0,3.0,0.5,115,104,2585.2200000000003,0.25,1.0,0.16666666666666666,0.0,0.0,0,0,0.0,0.0,0,0,0.0,0.0,0,0,0.0,15511.320000000002,6,3,0.5,0
LGS2ORD0021224,C013761,2025-06-18 02:00:00,Female,44,Gold,CallCenter,Chiang Mai,208,Web,Bank_Transfer,2,6,2,0,40-50,6.933333333333334,4.0,0.0,0.0,-1,84,3727.2799999999997,0.28,0.5,0.25,0.0,0.0,0,0,0.0,0.0,0,0,0.0,2590.89,1,0,0.0,14909.119999999999,4,0,0.0,0
LGS2ORD0021225,C016126,2025-06-18 02:00:00,Female,47,Gold,TV,Chonburi,1456,Web,COD,2,6,2,0,40-50,48.53333333333333,4.0,0.0,0.0,-1,27,7003.067499999999,0.28,0.25,0.5,0.0,0.0,0,0,0.0,4729.1,1,0,0.0,8230.19,2,0,0.0,28012.269999999997,4,0,0.0,1
LGS2ORD0021226,C012371,2025-06-18 02:00:00,Female,46,Bronze,TV,Khon Kaen,1598,TV_Show,COD,2,6,2,0,40-50,53.266666666666666,2.0,1.0,0.5,108,85,5578.995,0.13,0.5,0.0,0.0,0.0,0,0,0.0,0.0,0,0,0.0,8093.57,1,0,0.0,11157.99,2,1,0.5,1
LGS2ORD0021227,C014601,2025-06-18 02:00:00,Female,34,Bronze,TV,Songkhla,604,Shopee,Bank_Transfer,2,6,2,0,30-40,20.133333333333333,3.0,1.0,0.3333333333333333,106,114,3512.1433333333334,0.18,0.6666666666666666,0.0,0.0,0.0,0,0,0.0,0.0,0,0,0.0,0.0,0,0,0.0,10536.43,3,1,0.3333333333333333,1
LGS2ORD0021228,C011540,2025-06-18 02:00:00,Female,27,Silver,Web,Bangkok,569,TV_Show,Credit_Card,2,6,2,0,20-30,18.966666666666665,2.0,0.0,0.0,-1,22,4834.46,0.2,0.0,0.0,0.0,0.0,0,0,0.0,1091.72,1,0,0.0,1091.72,1,0,0.0,9668.92,2,0,0.0,0
LGS2ORD0021229,C013091,2025-06-18 03:00:00,Female,54,Silver,Web,Bangkok,521,Lazada,Credit_Card,3,6,2,0,>50,17.366666666666667,3.0,1.0,0.3333333333333333,115,77,20070.226666666666,0.2,0.6666666666666666,0.0,0.0,0.0,0,0,0.0,0.0,0,0,0.0,10705.94,1,0,0.0,60210.68,3,1,0.3333333333333333,0
LGS2ORD0021230,C015194,2025-06-18 03:00:00,Female,34,Bronze,Web,Nakhon Ratchasima,227,TV_Show,PromptPay,3,6,2,0,30-40,7.566666666666666,5.0,0.0,0.0,-1,4,7425.988,0.18,0.4,0.0,0.0,2373.26,1,0,0.0,2373.26,1,0,0.0,37129.94,5,0,0.0,37129.94,5,0,0.0,0
LGS2ORD0021231,C017670,2025-06-18 03:00:00,Male,58,Gold,Shopee,Phuket,420,CallCenter,COD,3,6,2,0,>50,14.0,4.0,2.0,0.5,14,3,6471.795,0.33,0.5,0.75,0.0,4768.29,1,0,0.0,16799.72,2,1,0.5,19859.98,3,1,0.3333333333333333,25887.18,4,2,0.5,0
LGS2ORD0021232,C010950,2025-06-18 03:00:00,Female,45,Gold,Lazada,Chonburi,788,Lazada,COD,3,6,2,0,40-50,26.266666666666666,1.0,0.0,0.0,-1,77,3073.78,0.2299999999999999,0.0,1.0,0.0,0.0,0,0,0.0,0.0,0,0,0.0,3073.78,1,0,0.0,3073.78,1,0,0.0,0
LGS2ORD0021233,C012022,2025-06-18 03:00:00,Male,37,Bronze,TV,Phuket,598,Web,COD,3,6,2,0,30-40,19.933333333333334,4.0,1.0,0.25,49,3,7224.15,0.23,0.5,0.5,0.0,2171.26,1,0,0.0,2171.26,1,0,0.0,28896.6,4,1,0.25,28896.6,4,1,0.25,1
LGS2ORD0021234,C014873,2025-06-18 04:00:00,Female,33,Silver,TV,Nakhon Ratchasima,507,TV_Show,Credit_Card,4,6,2,0,30-40,16.9,2.0,1.0,0.5,150,106,1891.19,0.3,0.5,0.5,0.0,0.0,0,0,0.0,0.0,0,0,0.0,0.0,0,0,0.0,3782.38,2,1,0.5,1
LGS2ORD0021235,C011131,2025-06-18 04:00:00,Female,42,Bronze,TV,Remote_Area,1385,Shopee,COD,4,6,2,0,40-50,46.166666666666664,4.0,0.0,0.0,-1,61,2233.9674999999997,0.28,0.5,0.25,0.0,0.0,0,0,0.0,0.0,0,0,0.0,724.56,1,0,0.0,8935.869999999999,4,0,0.0,0
LGS2ORD0021236,C017940,2025-06-18 04:00:00,Female,30,Silver,Shopee,Nakhon Ratchasima,1431,Shopee,Bank_Transfer,4,6,2,0,20-30,47.7,3.0,0.0,0.0,-1,88,8418.726666666667,0.3,0.6666666666666666,1.0,0.0,0.0,0,0,0.0,0.0,0,0,0.0,941.49,1,0,0.0,25256.180000000004,3,0,0.0,0
LGS2ORD0021237,C012965,2025-06-18 04:00:00,Male,61,Bronze,TV,Bangkok,1101,TV_Show,PromptPay,4,6,2,0,>50,36.7,6.0,1.0,0.16666666666666666,44,26,4833.631666666666,0.28,0.8333333333333334,0.3333333333333333,0.0,0.0,0,0,0.0,4131.94,1,0,0.0,6586.509999999999,3,1,0.3333333333333333,29001.789999999997,6,1,0.16666666666666666,0
LGS2ORD0021238,C017489,2025-06-18 04:00:00,Male,57,Bronze,TV,Bangkok,1163,Web,COD,4,6,2,0,>50,38.766666666666666,0.0,0.0,0.0,-1,-1,0.0,0.0,0.0,0.0,0.0,0.0,0,0,0.0,0.0,0,0,0.0,0.0,0,0,0.0,0.0,0,0,0.0,0
LGS2ORD0021239,C010408,2025-06-18 05:00:00,Male,28,Platinum,Lazada,Nakhon Ratchasima,819,Web,COD,5,6,2,0,20-30,27.3,1.0,0.0,0.0,-1,123,330.18,0.25,0.0,1.0,0.0,0.0,0,0,0.0,0.0,0,0,0.0,0.0,0,0,0.0,330.18,1,0,0.0,0
LGS2ORD0021240,C017119,2025-06-18 05:00:00,Female,46,Silver,Shopee,Chonburi,808,Web,COD,5,6,2,0,40-50,26.933333333333334,4.0,1.0,0.25,41,50,12716.58,0.25,0.75,0.25,0.0,0.0,0,0,0.0,0.0,0,0,0.0,9421.21,1,1,1.0,50866.32,4,1,0.25,0
LGS2ORD0021241,C017070,2025-06-18 05:00:00,Male,27,Platinum,TV,Songkhla,1428,Shopee,Credit_Card,5,6,2,0,20-30,47.6,2.0,1.0,0.5,74,89,4400.555,0.2,1.0,0.0,0.0,0.0,0,0,0.0,0.0,0,0,0.0,2422.43,1,1,1.0,8801.11,2,1,0.5,0
LGS2ORD0021242,C013195,2025-06-18 05:00:00,Female,37,Gold,Web,Khon Kaen,1162,TV_Show,COD,5,6,2,0,30-40,38.733333333333334,2.0,0.0,0.0,-1,58,8345.525000000001,0.13,0.0,0.0,0.0,0.0,0,0,0.0,0.0,0,0,0.0,7030.85,1,0,0.0,16691.050000000003,2,0,0.0,0
LGS2ORD0021243,C010737,2025-06-18 05:00:00,Male,62,Bronze,Lazada,Chonburi,1439,Shopee,Bank_Transfer,5,6,2,0,>50,47.96666666666667,2.0,1.0,0.5,69,84,3888.85,0.23,0.5,0.5,0.0,0.0,0,0,0.0,0.0,0,0,0.0,6768.0,1,1,1.0,7777.7,2,1,0.5,1
LGS2ORD0021244,C014698,2025-06-18 06:00:00,Female,38,Gold,Shopee,Songkhla,1435,TV_Show,COD,6,6,2,0,30-40,47.833333333333336,2.0,1.0,0.5,50,65,3438.73,0.33,0.5,1.0,0.0,0.0,0,0,0.0,0.0,0,0,0.0,6877.46,2,1,0.5,6877.46,2,1,0.5,0
LGS2ORD0021245,C013670,2025-06-18 06:00:00,Female,29,Silver,CallCenter,Chiang Mai,792,Shopee,COD,6,6,2,0,20-30,26.4,5.0,1.0,0.2,64,6,11607.807999999999,0.25,0.8,0.2,0.0,34861.86,1,0,0.0,39920.98,2,0,0.0,54283.07,4,1,0.25,58039.03999999999,5,1,0.2,1
LGS2ORD0021246,C017410,2025-06-18 06:00:00,Female,30,Gold,Lazada,Bangkok,232,Web,COD,6,6,2,0,20-30,7.733333333333333,1.0,0.0,0.0,-1,167,7740.66,0.08,0.0,0.0,0.0,0.0,0,0,0.0,0.0,0,0,0.0,0.0,0,0,0.0,7740.66,1,0,0.0,1
LGS2ORD0021247,C010309,2025-06-18 06:00:00,Male,18,Bronze,TV,Chonburi,448,CallCenter,COD,6,6,2,0,<20,14.933333333333334,3.0,0.0,0.0,-1,20,5783.246666666667,0.23,0.0,0.3333333333333333,0.0,0.0,0,0,0.0,5976.13,1,0,0.0,10886.32,2,0,0.0,17349.74,3,0,0.0,1
LGS2ORD0021248,C010879,2025-06-18 06:00:00,Male,44,Bronze,Web,Bangkok,1492,Web,Credit_Card,6,6,2,0,40-50,49.733333333333334,5.0,0.0,0.0,-1,3,7339.636,0.23,0.2,0.2,0.0,7256.16,1,0,0.0,7256.16,1,0,0.0,31828.61,4,0,0.0,36698.18,5,0,0.0,0
LGS2ORD0021249,C017913,2025-06-18 06:00:00,Male,42,Gold,Lazada,Chiang Mai,891,TV_Show,COD,6,6,2,0,40-50,29.7,3.0,1.0,0.3333333333333333,36,44,3858.2999999999997,0.2299999999999999,0.6666666666666666,0.3333333333333333,0.0,0.0,0,0,0.0,0.0,0,0,0.0,11377.94,2,1,0.5,11574.9,3,1,0.3333333333333333,0
LGS2ORD0021250,C011187,2025-06-18 07:00:00,Male,50,Bronze,Shopee,Nakhon Ratchasima,1081,Lazada,COD,7,6,2,0,40-50,36.03333333333333,3.0,0.0,0.0,-1,18,6884.130000000001,0.28,0.6666666666666666,0.6666666666666666,0.0,0.0,0,0,0.0,869.24,1,0,0.0,20652.390000000003,3,0,0.0,20652.390000000003,3,0,0.0,1
LGS2ORD0021251,C010743,2025-06-18 07:00:00,Male,44,Silver,Shopee,Songkhla,991,TV_Show,COD,7,6,2,0,40-50,33.03333333333333,4.0,1.0,0.25,134,46,4072.1100000000006,0.3,0.0,0.25,0.0,0.0,0,0,0.0,0.0,0,0,0.0,5548.99,2,0,0.0,16288.440000000002,4,1,0.25,1
LGS2ORD0021252,C015914,2025-06-18 07:00:00,Male,18,Bronze,Shopee,Songkhla,302,TV_Show,COD,7,6,2,0,<20,10.066666666666666,8.0,3.0,0.375,-3,9,4934.81875,0.23,0.875,0.125,0.0,0.0,0,0,0.0,6674.0599999999995,2,1,0.5,30482.04,5,3,0.6,39478.55,8,3,0.375,1
LGS2ORD0021253,C010440,2025-06-18 07:00:00,Male,36,Gold,Shopee,Chiang Mai,761,Web,PromptPay,7,6,2,0,30-40,25.366666666666667,4.0,0.0,0.0,-1,54,3368.7475,0.28,0.5,0.25,0.0,0.0,0,0,0.0,0.0,0,0,0.0,2203.32,1,0,0.0,13474.99,4,0,0.0,0
LGS2ORD0021254,C016293,2025-06-18 07:00:00,Female,44,Silver,Web,Bangkok,703,Shopee,COD,7,6,2,0,40-50,23.433333333333334,1.0,0.0,0.0,-1,166,9480.74,0.3,0.0,1.0,0.0,0.0,0,0,0.0,0.0,0,0,0.0,0.0,0,0,0.0,9480.74,1,0,0.0,0
LGS2ORD0021255,C011734,2025-06-18 08:00:00,Female,52,Bronze,Web,Songkhla,1375,Web,COD,8,6,2,0,>50,45.833333333333336,4.0,1.0,0.25,88,19,3758.8100000000004,0.23,0.5,0.5,0.0,0.0,0,0,0.0,2768.08,2,0,0.0,5657.66,3,0,0.0,15035.240000000002,4,1,0.25,0
LGS2ORD0021256,C012337,2025-06-18 08:00:00,Male,50,Bronze,Web,Bangkok,1493,Shopee,Credit_Card,8,6,2,0,40-50,49.766666666666666,4.0,2.0,0.5,28,35,9068.1175,0.23,0.25,0.25,0.0,0.0,0,0,0.0,0.0,0,0,0.0,33195.7,3,2,0.6666666666666666,36272.47,4,2,0.5,0
LGS2ORD0021257,C013547,2025-06-18 08:00:00,Male,51,Gold,Web,Khon Kaen,1208,Web,Credit_Card,8,6,2,0,>50,40.266666666666666,1.0,0.0,0.0,-1,51,7411.64,0.08,1.0,0.0,0.0,0.0,0,0,0.0,0.0,0,0,0.0,7411.64,1,0,0.0,7411.64,1,0,0.0,0
LGS2ORD0021258,C011858,2025-06-18 08:00:00,Female,42,Bronze,Web,Remote_Area,629,Lazada,COD,8,6,2,0,40-50,20.966666666666665,3.0,1.0,0.3333333333333333,108,79,2999.693333333333,0.23,0.3333333333333333,0.6666666666666666,0.0,0.0,0,0,0.0,0.0,0,0,0.0,1223.74,1,0,0.0,8999.08,3,1,0.3333333333333333,1
LGS2ORD0021259,C013928,2025-06-18 08:00:00,Female,31,Gold,Web,Nakhon Ratchasima,917,Lazada,COD,8,6,2,0,30-40,30.566666666666666,0.0,0.0,0.0,-1,-1,0.0,0.0,0.0,0.0,0.0,0.0,0,0,0.0,0.0,0,0,0.0,0.0,0,0,0.0,0.0,0,0,0.0,1
LGS2ORD0021260,C017095,2025-06-18 09:00:00,Female,29,Bronze,Web,Khon Kaen,1307,Shopee,PromptPay,9,6,2,0,20-30,43.56666666666667,2.0,0.0,0.0,-1,132,1610.2649999999999,0.08,0.0,0.0,0.0,0.0,0,0,0.0,0.0,0,0,0.0,0.0,0,0,0.0,3220.5299999999997,2,0,0.0,0
LGS2ORD0021261,C012197,2025-06-18 09:00:00,Female,37,Silver,TV,Songkhla,698,Web,PromptPay,9,6,2,0,30-40,23.266666666666666,1.0,0.0,0.0,-1,98,20045.75,0.05,1.0,0.0,0.0,0.0,0,0,0.0,0.0,0,0,0.0,0.0,0,0,0.0,20045.75,1,0,0.0,1
LGS2ORD0021262,C010081,2025-06-18 09:00:00,Male,46,Bronze,Shopee,Chonburi,790,TV_Show,COD,9,6,2,0,40-50,26.333333333333332,1.0,1.0,1.0,112,119,1326.44,0.03,0.0,0.0,0.0,0.0,0,0,0.0,0.0,0,0,0.0,0.0,0,0,0.0,1326.44,1,1,1.0,1
LGS2ORD0021263,C015318,2025-06-18 09:00:00,Female,44,Gold,Shopee,Bangkok,1484,CallCenter,COD,9,6,2,0,40-50,49.46666666666667,5.0,2.0,0.4,137,13,2914.6,0.2299999999999999,0.4,0.2,0.0,0.0,0,0,0.0,1723.21,1,0,0.0,1723.21,1,0,0.0,14573.0,5,2,0.4,0
LGS2ORD0021264,C010163,2025-06-18 09:00:00,Female,26,Platinum,TV,Phuket,842,TV_Show,Credit_Card,9,6,2,0,20-30,28.066666666666666,2.0,0.0,0.0,-1,16,11100.199999999999,0.15,1.0,0.0,0.0,0.0,0,0,0.0,3125.6,1,0,0.0,22200.399999999998,2,0,0.0,22200.399999999998,2,0,0.0,1
LGS2ORD0021265,C010121,2025-06-18 10:00:00,Female,51,Silver,Shopee,Bangkok,622,Lazada,PromptPay,10,6,2,0,>50,20.733333333333334,2.0,0.0,0.0,-1,16,11390.765,0.1,0.0,0.0,0.0,0.0,0,0,0.0,6743.4,1,0,0.0,6743.4,1,0,0.0,22781.53,2,0,0.0,0
LGS2ORD0021266,C016034,2025-06-18 10:00:00,Female,40,Bronze,Web,Songkhla,1129,Lazada,COD,10,6,2,0,30-40,37.63333333333333,6.0,5.0,0.8333333333333334,19,30,4274.358333333333,0.23,0.5,0.3333333333333333,0.0,0.0,0,0,0.0,0.0,0,0,0.0,9018.75,2,1,0.5,25646.149999999998,6,5,0.8333333333333334,0
LGS2ORD0021267,C015394,2025-06-18 10:00:00,Male,72,Bronze,Shopee,Remote_Area,234,Lazada,Credit_Card,10,6,2,0,>50,7.8,4.0,0.0,0.0,-1,48,5026.692499999999,0.18,0.5,0.0,0.0,0.0,0,0,0.0,0.0,0,0,0.0,2272.67,1,0,0.0,20106.769999999997,4,0,0.0,0
LGS2ORD0021268,C010591,2025-06-18 10:00:00,Female,50,Bronze,Shopee,Chonburi,1344,Shopee,COD,10,6,2,0,40-50,44.8,5.0,0.0,0.0,-1,14,7139.3420000000015,0.18,0.2,0.0,0.0,0.0,0,0,0.0,4178.48,1,0,0.0,7766.07,2,0,0.0,35696.71000000001,5,0,0.0,1
LGS2ORD0021269,C014780,2025-06-18 10:00:00,Female,46,Bronze,TV,Chiang Mai,1125,Shopee,PromptPay,10,6,2,0,40-50,37.5,4.0,1.0,0.25,12,11,4300.095,0.18,0.5,0.0,0.0,0.0,0,0,0.0,6000.36,2,1,0.5,17200.38,4,1,0.25,17200.38,4,1,0.25,0
LGS2ORD0021270,C017356,2025-06-18 10:00:00,Male,37,Bronze,TV,Phuket,1493,TV_Show,PromptPay,10,6,2,0,30-40,49.766666666666666,3.0,1.0,0.3333333333333333,147,11,12852.526666666667,0.23,0.6666666666666666,0.3333333333333333,0.0,0.0,0,0,0.0,17124.82,2,0,0.0,17124.82,2,0,0.0,38557.58,3,1,0.3333333333333333,0
LGS2ORD0021271,C017101,2025-06-18 11:00:00,Female,38,Bronze,Web,Bangkok,913,CallCenter,COD,11,6,2,0,30-40,30.433333333333334,2.0,0.0,0.0,-1,123,9458.665,0.28,0.0,0.5,0.0,0.0,0,0,0.0,0.0,0,0,0.0,0.0,0,0,0.0,18917.33,2,0,0.0,0
LGS2ORD0021272,C014183,2025-06-18 11:00:00,Female,33,Silver,Lazada,Nakhon Ratchasima,493,TV_Show,Credit_Card,11,6,2,0,30-40,16.433333333333334,2.0,0.0,0.0,-1,3,1291.52,0.1,1.0,0.0,0.0,2060.47,1,0,0.0,2060.47,1,0,0.0,2583.04,2,0,0.0,2583.04,2,0,0.0,0
LGS2ORD0021273,C011712,2025-06-18 11:00:00,Other,54,Bronze,Shopee,Phuket,1302,Lazada,COD,11,6,2,0,>50,43.4,4.0,2.0,0.5,0,7,3363.2275,0.28,0.25,0.5,0.0,0.0,0,0,0.0,2929.73,1,1,1.0,8708.85,3,2,0.6666666666666666,13452.91,4,2,0.5,0
LGS2ORD0021274,C011041,2025-06-18 11:00:00,Female,46,Bronze,CallCenter,Bangkok,962,Web,COD,11,6,2,0,40-50,32.06666666666667,6.0,0.0,0.0,-1,27,4980.388333333333,0.28,1.0,0.3333333333333333,0.0,0.0,0,0,0.0,1031.94,1,0,0.0,15405.51,4,0,0.0,29882.329999999998,6,0,0.0,0
LGS2ORD0021275,C015628,2025-06-18 11:00:00,Female,33,Bronze,TV,Khon Kaen,471,Lazada,Credit_Card,11,6,2,0,30-40,15.7,5.0,1.0,0.2,73,24,5578.976000000001,0.23,0.4,0.2,0.0,0.0,0,0,0.0,2769.54,1,0,0.0,27894.880000000005,5,1,0.2,27894.880000000005,5,1,0.2,0
LGS2ORD0021276,C010308,2025-06-18 12:00:00,Female,53,Bronze,TV,Bangkok,1335,Web,PromptPay,12,6,2,0,>50,44.5,6.0,1.0,0.16666666666666666,-9,4,4628.363333333334,0.28,0.6666666666666666,0.5,0.0,6806.68,1,1,1.0,6806.68,1,1,1.0,8252.03,2,1,0.5,27770.18,6,1,0.16666666666666666,0
LGS2ORD0021277,C015885,2025-06-18 12:00:00,Female,46,Platinum,Web,Khon Kaen,1278,Shopee,Credit_Card,12,6,2,0,40-50,42.6,2.0,1.0,0.5,146,13,10069.305,0.1,0.5,0.0,0.0,0.0,0,0,0.0,19351.05,1,0,0.0,19351.05,1,0,0.0,20138.61,2,1,0.5,0
LGS2ORD0021278,C015457,2025-06-18 12:00:00,Female,37,Bronze,TV,Khon Kaen,604,TV_Show,COD,12,6,2,0,30-40,20.133333333333333,3.0,1.0,0.3333333333333333,141,39,2067.84,0.23,0.6666666666666666,0.3333333333333333,0.0,0.0,0,0,0.0,0.0,0,0,0.0,3336.28,1,0,0.0,6203.52,3,1,0.3333333333333333,1
LGS2ORD0021279,C013306,2025-06-18 12:00:00,Female,18,Silver,Lazada,Songkhla,480,TV_Show,COD,12,6,2,0,<20,16.0,2.0,0.0,0.0,-1,69,985.425,0.05,0.0,0.0,0.0,0.0,0,0,0.0,0.0,0,0,0.0,1970.85,2,0,0.0,1970.85,2,0,0.0,0
LGS2ORD0021280,C015745,2025-06-18 12:00:00,Male,39,Bronze,Web,Phuket,963,Lazada,Credit_Card,12,6,2,0,30-40,32.1,6.0,0.0,0.0,-1,20,5217.765,0.23,0.3333333333333333,0.16666666666666666,0.0,0.0,0,0,0.0,2536.49,1,0,0.0,6939.55,2,0,0.0,31306.590000000004,6,0,0.0,0
LGS2ORD0021281,C010780,2025-06-18 13:00:00,Male,40,Bronze,Web,Chiang Mai,761,Lazada,Bank_Transfer,13,6,2,0,30-40,25.366666666666667,1.0,1.0,1.0,131,145,9652.87,0.08,1.0,0.0,0.0,0.0,0,0,0.0,0.0,0,0,0.0,0.0,0,0,0.0,9652.87,1,1,1.0,0
LGS2ORD0021282,C011128,2025-06-18 13:00:00,Female,59,Gold,Lazada,Bangkok,881,TV_Show,COD,13,6,2,0,>50,29.366666666666667,5.0,2.0,0.4,67,48,4499.008,0.28,0.8,0.4,0.0,0.0,0,0,0.0,0.0,0,0,0.0,8217.68,3,1,0.3333333333333333,22495.04,5,2,0.4,0
LGS2ORD0021283,C011984,2025-06-18 13:00:00,Male,44,Bronze,TV,Khon Kaen,286,Web,PromptPay,13,6,2,0,40-50,9.533333333333333,1.0,0.0,0.0,-1,22,3816.68,0.08,0.0,0.0,0.0,0.0,0,0,0.0,3816.68,1,0,0.0,3816.68,1,0,0.0,3816.68,1,0,0.0,0
LGS2ORD0021284,C016648,2025-06-18 13:00:00,Female,48,Bronze,Lazada,Chiang Mai,904,Web,COD,13,6,2,0,40-50,30.133333333333333,1.0,0.0,0.0,-1,164,6266.44,0.28,0.0,1.0,0.0,0.0,0,0,0.0,0.0,0,0,0.0,0.0,0,0,0.0,6266.44,1,0,0.0,0
LGS2ORD0021285,C017344,2025-06-18 13:00:00,Male,55,Bronze,CallCenter,Remote_Area,1283,CallCenter,Credit_Card,13,6,2,0,>50,42.766666666666666,1.0,1.0,1.0,117,130,1972.47,0.18,1.0,0.0,0.0,0.0,0,0,0.0,0.0,0,0,0.0,0.0,0,0,0.0,1972.47,1,1,1.0,0
LGS2ORD0021286,C014246,2025-06-18 14:00:00,Male,34,Silver,TV,Phuket,1385,TV_Show,COD,14,6,2,0,30-40,46.166666666666664,5.0,4.0,0.8,14,5,6170.72,0.3,0.6,0.2,0.0,4420.62,1,0,0.0,10015.77,2,1,0.5,29591.460000000003,4,3,0.75,30853.600000000002,5,4,0.8,1
LGS2ORD0021287,C016966,2025-06-18 14:00:00,Male,49,Silver,CallCenter,Bangkok,519,TV_Show,PromptPay,14,6,2,0,40-50,17.3,1.0,1.0,1.0,136,148,637.49,0.25,1.0,1.0,0.0,0.0,0,0,0.0,0.0,0,0,0.0,0.0,0,0,0.0,637.49,1,1,1.0,0
LGS2ORD0021288,C015603,2025-06-18 14:00:00,Female,52,Gold,Shopee,Chonburi,236,Web,Credit_Card,14,6,2,0,>50,7.866666666666666,2.0,1.0,0.5,127,99,5644.105,0.2299999999999999,0.5,0.5,0.0,0.0,0,0,0.0,0.0,0,0,0.0,0.0,0,0,0.0,11288.21,2,1,0.5,0
LGS2ORD0021289,C010383,2025-06-18 14:00:00,Female,48,Silver,TV,Nakhon Ratchasima,1003,Lazada,Credit_Card,14,6,2,0,40-50,33.43333333333333,3.0,0.0,0.0,-1,14,1437.5833333333333,0.2,0.6666666666666666,0.0,0.0,0.0,0,0,0.0,1422.4,1,0,0.0,1422.4,1,0,0.0,4312.75,3,0,0.0,0
LGS2ORD0021290,C013021,2025-06-18 14:00:00,Male,65,Gold,TV,Khon Kaen,1267,TV_Show,PromptPay,14,6,2,0,>50,42.233333333333334,4.0,0.0,0.0,-1,18,4575.665,0.33,0.75,0.5,0.0,0.0,0,0,0.0,1382.41,1,0,0.0,14779.31,3,0,0.0,18302.66,4,0,0.0,0
LGS2ORD0021291,C011582,2025-06-18 14:00:00,Female,36,Bronze,Web,Khon Kaen,389,Web,PromptPay,14,6,2,0,30-40,12.966666666666667,4.0,0.0,0.0,-1,49,4388.9075,0.18,0.5,0.0,0.0,0.0,0,0,0.0,0.0,0,0,0.0,13100.32,3,0,0.0,17555.63,4,0,0.0,1
LGS2ORD0021292,C010435,2025-06-18 15:00:00,Female,31,Silver,Lazada,Nakhon Ratchasima,992,Shopee,COD,15,6,2,0,30-40,33.06666666666667,3.0,1.0,0.3333333333333333,88,58,8659.016666666666,0.3,0.3333333333333333,0.6666666666666666,0.0,0.0,0,0,0.0,0.0,0,0,0.0,1265.41,1,0,0.0,25977.05,3,1,0.3333333333333333,0
LGS2ORD0021293,C010506,2025-06-18 15:00:00,Other,50,Platinum,Shopee,Bangkok,938,TV_Show,Credit_Card,15,6,2,0,40-50,31.266666666666666,2.0,1.0,0.5,18,36,2479.9049999999997,0.25,1.0,0.5,0.0,0.0,0,0,0.0,0.0,0,0,0.0,4959.8099999999995,2,1,0.5,4959.8099999999995,2,1,0.5,0
LGS2ORD0021294,C016741,2025-06-18 15:00:00,Female,36,Silver,Lazada,Songkhla,203,Shopee,COD,15,6,2,0,30-40,6.766666666666667,3.0,1.0,0.3333333333333333,116,40,3262.406666666667,0.25,1.0,0.3333333333333333,0.0,0.0,0,0,0.0,0.0,0,0,0.0,3968.09,1,0,0.0,9787.220000000001,3,1,0.3333333333333333,0
LGS2ORD0021295,C015118,2025-06-18 15:00:00,Male,42,Gold,TV,Bangkok,474,TV_Show,COD,15,6,2,0,40-50,15.8,1.0,1.0,1.0,136,142,6983.99,0.08,1.0,0.0,0.0,0.0,0,0,0.0,0.0,0,0,0.0,0.0,0,0,0.0,6983.99,1,1,1.0,0
LGS2ORD0021296,C011844,2025-06-18 15:00:00,Female,41,Silver,TV,Bangkok,974,CallCenter,PromptPay,15,6,2,0,40-50,32.46666666666667,1.0,0.0,0.0,-1,43,1276.42,0.25,0.0,1.0,0.0,0.0,0,0,0.0,0.0,0,0,0.0,1276.42,1,0,0.0,1276.42,1,0,0.0,0
LGS2ORD0021297,C010896,2025-06-18 16:00:00,Female,58,Bronze,TV,Remote_Area,1548,Lazada,COD,16,6,2,0,>50,51.6,0.0,0.0,0.0,-1,-1,0.0,0.0,0.0,0.0,0.0,0.0,0,0,0.0,0.0,0,0,0.0,0.0,0,0,0.0,0.0,0,0,0.0,1
LGS2ORD0021298,C017889,2025-06-18 16:00:00,Female,45,Bronze,Lazada,Chonburi,1470,Web,COD,16,6,2,0,40-50,49.0,2.0,1.0,0.5,14,14,3236.35,0.18,0.5,0.0,0.0,0.0,0,0,0.0,4859.61,1,0,0.0,6472.7,2,1,0.5,6472.7,2,1,0.5,0
LGS2ORD0021299,C015441,2025-06-18 16:00:00,Male,42,Bronze,Shopee,Phuket,1438,Lazada,Credit_Card,16,6,2,0,40-50,47.93333333333333,3.0,1.0,0.3333333333333333,35,51,5228.169999999999,0.18,0.6666666666666666,0.0,0.0,0.0,0,0,0.0,0.0,0,0,0.0,14462.8,2,1,0.5,15684.509999999998,3,1,0.3333333333333333,0
LGS2ORD0021300,C012129,2025-06-18 16:00:00,Male,56,Silver,TV,Khon Kaen,1096,TV_Show,PromptPay,16,6,2,0,>50,36.53333333333333,4.0,0.0,0.0,-1,39,4656.389999999999,0.2,1.0,0.0,0.0,0.0,0,0,0.0,0.0,0,0,0.0,2614.16,2,0,0.0,18625.559999999998,4,0,0.0,0
LGS2ORD0021301,C013900,2025-06-18 16:00:00,Female,39,Bronze,Shopee,Khon Kaen,697,CallCenter,PromptPay,16,6,2,0,30-40,23.233333333333334,4.0,1.0,0.25,28,39,3702.535,0.23,0.25,0.25,0.0,0.0,0,0,0.0,0.0,0,0,0.0,12259.73,2,1,0.5,14810.14,4,1,0.25,0
LGS2ORD0021302,C014918,2025-06-18 17:00:00,Female,34,Gold,TV,Khon Kaen,921,Shopee,COD,17,6,2,0,30-40,30.7,5.0,2.0,0.4,36,45,2587.9519999999998,0.33,0.6,0.6,0.0,0.0,0,0,0.0,0.0,0,0,0.0,6425.73,2,1,0.5,12939.759999999998,5,2,0.4,0
LGS2ORD0021303,C017550,2025-06-18 17:00:00,Female,57,Silver,TV,Bangkok,1190,CallCenter,PromptPay,17,6,2,0,>50,39.666666666666664,3.0,0.0,0.0,-1,42,14716.06,0.3,1.0,0.3333333333333333,0.0,0.0,0,0,0.0,0.0,0,0,0.0,22812.73,1,0,0.0,44148.18,3,0,0.0,0
LGS2ORD0021304,C015313,2025-06-18 17:00:00,Female,29,Bronze,Shopee,Chonburi,206,Web,PromptPay,17,6,2,0,20-30,6.866666666666666,0.0,0.0,0.0,-1,-1,0.0,0.0,0.0,0.0,0.0,0.0,0,0,0.0,0.0,0,0,0.0,0.0,0,0,0.0,0.0,0,0,0.0,1
LGS2ORD0021305,C014860,2025-06-18 17:00:00,Male,33,Bronze,TV,Songkhla,1249,Shopee,COD,17,6,2,0,30-40,41.63333333333333,5.0,0.0,0.0,-1,99,7869.966,0.28,0.4,0.2,0.0,0.0,0,0,0.0,0.0,0,0,0.0,0.0,0,0,0.0,39349.83,5,0,0.0,0
LGS2ORD0021306,C016060,2025-06-18 17:00:00,Male,52,Bronze,Shopee,Chiang Mai,420,Web,COD,17,6,2,0,>50,14.0,2.0,1.0,0.5,22,24,28402.3,0.18,0.0,0.0,0.0,0.0,0,0,0.0,55099.92,1,1,1.0,56804.6,2,1,0.5,56804.6,2,1,0.5,0
LGS2ORD0021307,C011739,2025-06-18 17:00:00,Male,18,Bronze,Web,Bangkok,1310,CallCenter,Bank_Transfer,17,6,2,0,<20,43.666666666666664,0.0,0.0,0.0,-1,-1,0.0,0.0,0.0,0.0,0.0,0.0,0,0,0.0,0.0,0,0,0.0,0.0,0,0,0.0,0.0,0,0,0.0,0
LGS2ORD0021308,C010364,2025-06-18 18:00:00,Male,41,Silver,TV,Chonburi,941,Lazada,COD,18,6,2,0,40-50,31.366666666666667,2.0,0.0,0.0,-1,55,11422.650000000001,0.3,1.0,0.5,0.0,0.0,0,0,0.0,0.0,0,0,0.0,22845.300000000003,2,0,0.0,22845.300000000003,2,0,0.0,0
LGS2ORD0021309,C015538,2025-06-18 18:00:00,Female,47,Silver,TV,Bangkok,1197,TV_Show,PromptPay,18,6,2,0,40-50,39.9,1.0,0.0,0.0,-1,128,4540.91,0.25,1.0,1.0,0.0,0.0,0,0,0.0,0.0,0,0,0.0,0.0,0,0,0.0,4540.91,1,0,0.0,0
LGS2ORD0021310,C017084,2025-06-18 18:00:00,Female,49,Bronze,Web,Songkhla,184,Lazada,Credit_Card,18,6,2,0,40-50,6.133333333333334,1.0,0.0,0.0,-1,112,1521.85,0.03,0.0,0.0,0.0,0.0,0,0,0.0,0.0,0,0,0.0,0.0,0,0,0.0,1521.85,1,0,0.0,0
LGS2ORD0021311,C014205,2025-06-18 18:00:00,Male,35,Bronze,TV,Songkhla,259,Web,COD,18,6,2,0,30-40,8.633333333333333,3.0,2.0,0.6666666666666666,85,87,2026.966666666667,0.28,0.6666666666666666,0.3333333333333333,0.0,0.0,0,0,0.0,0.0,0,0,0.0,1280.13,1,1,1.0,6080.900000000001,3,2,0.6666666666666666,0
LGS2ORD0021312,C010582,2025-06-18 18:00:00,Male,53,Bronze,Web,Phuket,810,Shopee,COD,18,6,2,0,>50,27.0,1.0,0.0,0.0,-1,59,4543.51,0.08,0.0,0.0,0.0,0.0,0,0,0.0,0.0,0,0,0.0,4543.51,1,0,0.0,4543.51,1,0,0.0,1
LGS2ORD0021313,C017544,2025-06-18 19:00:00,Female,51,Bronze,CallCenter,Bangkok,843,Lazada,COD,19,6,2,0,>50,28.1,6.0,1.0,0.16666666666666666,83,35,8354.473333333333,0.23,0.16666666666666666,0.3333333333333333,0.0,0.0,0,0,0.0,0.0,0,0,0.0,42592.18000000001,4,1,0.25,50126.84,6,1,0.16666666666666666,1
LGS2ORD0021314,C013640,2025-06-18 19:00:00,Male,43,Bronze,Web,Khon Kaen,1167,Shopee,PromptPay,19,6,2,0,40-50,38.9,2.0,0.0,0.0,-1,35,3790.54,0.18,1.0,0.0,0.0,0.0,0,0,0.0,0.0,0,0,0.0,3890.41,1,0,0.0,7581.08,2,0,0.0,0
LGS2ORD0021315,C017278,2025-06-18 19:00:00,Male,43,Gold,Shopee,Bangkok,602,Shopee,COD,19,6,2,0,40-50,20.066666666666666,1.0,0.0,0.0,-1,101,4043.75,0.08,1.0,0.0,0.0,0.0,0,0,0.0,0.0,0,0,0.0,0.0,0,0,0.0,4043.75,1,0,0.0,1
LGS2ORD0021316,C014194,2025-06-18 19:00:00,Female,44,Silver,Shopee,Nakhon Ratchasima,467,Shopee,COD,19,6,2,0,40-50,15.566666666666666,0.0,0.0,0.0,-1,-1,0.0,0.0,0.0,0.0,0.0,0.0,0,0,0.0,0.0,0,0,0.0,0.0,0,0,0.0,0.0,0,0,0.0,0
LGS2ORD0021317,C010611,2025-06-18 19:00:00,Female,72,Bronze,Shopee,Songkhla,1356,TV_Show,COD,19,6,2,0,>50,45.2,5.0,1.0,0.2,79,5,4733.434,0.23,0.4,0.2,0.0,6605.36,1,0,0.0,6605.36,1,0,0.0,10721.02,3,1,0.3333333333333333,23667.170000000002,5,1,0.2,0
LGS2ORD0021318,C017373,2025-06-18 20:00:00,Male,39,Gold,Lazada,Phuket,732,Web,Credit_Card,20,6,2,0,30-40,24.4,2.0,1.0,0.5,5,19,9215.735,0.13,0.0,0.0,0.0,0.0,0,0,0.0,2222.14,1,1,1.0,2222.14,1,1,1.0,18431.47,2,1,0.5,0
LGS2ORD0021319,C013500,2025-06-18 20:00:00,Male,35,Silver,TV,Chonburi,759,TV_Show,COD,20,6,2,0,30-40,25.3,1.0,0.0,0.0,-1,66,719.97,0.25,0.0,1.0,0.0,0.0,0,0,0.0,0.0,0,0,0.0,719.97,1,0,0.0,719.97,1,0,0.0,0
LGS2ORD0021320,C013920,2025-06-18 20:00:00,Male,38,Platinum,CallCenter,Bangkok,704,Shopee,COD,20,6,2,0,30-40,23.466666666666665,2.0,1.0,0.5,100,54,1281.37,0.2,0.0,0.0,0.0,0.0,0,0,0.0,0.0,0,0,0.0,1730.55,1,0,0.0,2562.74,2,1,0.5,0
LGS2ORD0021321,C014495,2025-06-18 20:00:00,Male,40,Bronze,TV,Bangkok,1060,Lazada,COD,20,6,2,0,30-40,35.333333333333336,3.0,1.0,0.3333333333333333,58,20,3714.85,0.28,0.3333333333333333,0.3333333333333333,0.0,0.0,0,0,0.0,473.55,1,0,0.0,11144.55,3,1,0.3333333333333333,11144.55,3,1,0.3333333333333333,0
LGS2ORD0021322,C017015,2025-06-18 20:00:00,Male,47,Bronze,Web,Bangkok,865,TV_Show,COD,20,6,2,0,40-50,28.833333333333332,3.0,1.0,0.3333333333333333,13,14,1335.1133333333332,0.28,0.3333333333333333,0.3333333333333333,0.0,0.0,0,0,0.0,4005.3399999999997,3,1,0.3333333333333333,4005.3399999999997,3,1,0.3333333333333333,4005.3399999999997,3,1,0.3333333333333333,1
LGS2ORD0021323,C014029,2025-06-18 21:00:00,Female,50,Platinum,Shopee,Bangkok,1106,Shopee,COD,21,6,2,0,40-50,36.86666666666667,0.0,0.0,0.0,-1,-1,0.0,0.0,0.0,0.0,0.0,0.0,0,0,0.0,0.0,0,0,0.0,0.0,0,0,0.0,0.0,0,0,0.0,0
LGS2ORD0021324,C017699,2025-06-18 21:00:00,Female,46,Platinum,Shopee,Bangkok,999,TV_Show,Bank_Transfer,21,6,2,0,40-50,33.3,4.0,2.0,0.5,17,5,3734.02,0.35,0.5,1.0,0.0,572.24,1,0,0.0,572.24,1,0,0.0,14936.08,4,2,0.5,14936.08,4,2,0.5,1
LGS2ORD0021325,C016083,2025-06-18 21:00:00,Female,41,Silver,Lazada,Bangkok,1396,Shopee,Bank_Transfer,21,6,2,0,40-50,46.53333333333333,1.0,0.0,0.0,-1,15,1367.07,0.15,1.0,0.0,0.0,0.0,0,0,0.0,1367.07,1,0,0.0,1367.07,1,0,0.0,1367.07,1,0,0.0,1
LGS2ORD0021326,C017042,2025-06-18 21:00:00,Male,43,Bronze,Web,Bangkok,200,Shopee,Credit_Card,21,6,2,0,40-50,6.666666666666667,1.0,0.0,0.0,-1,13,23268.99,0.08,0.0,0.0,0.0,0.0,0,0,0.0,23268.99,1,0,0.0,23268.99,1,0,0.0,23268.99,1,0,0.0,0
LGS2ORD0021327,C015873,2025-06-18 21:00:00,Male,36,Bronze,Lazada,Chonburi,442,Web,Credit_Card,21,6,2,0,30-40,14.733333333333333,1.0,0.0,0.0,-1,117,4335.05,0.03,0.0,0.0,0.0,0.0,0,0,0.0,0.0,0,0,0.0,0.0,0,0,0.0,4335.05,1,0,0.0,0
LGS2ORD0021328,C010491,2025-06-18 21:00:00,Male,49,Platinum,Web,Bangkok,269,Web,Credit_Card,21,6,2,0,40-50,8.966666666666667,0.0,0.0,0.0,-1,-1,0.0,0.0,0.0,0.0,0.0,0.0,0,0,0.0,0.0,0,0,0.0,0.0,0,0,0.0,0.0,0,0,0.0,0
LGS2ORD0021329,C013593,2025-06-18 22:00:00,Male,71,Bronze,CallCenter,Phuket,1250,CallCenter,COD,22,6,2,0,>50,41.666666666666664,3.0,2.0,0.6666666666666666,30,36,4216.696666666667,0.28,0.3333333333333333,0.6666666666666666,0.0,0.0,0,0,0.0,0.0,0,0,0.0,3246.12,1,1,1.0,12650.09,3,2,0.6666666666666666,0
LGS2ORD0021330,C012795,2025-06-18 22:00:00,Other,41,Silver,Web,Chonburi,1291,Shopee,COD,22,6,2,0,40-50,43.03333333333333,1.0,1.0,1.0,145,151,8476.6,0.2,1.0,0.0,0.0,0.0,0,0,0.0,0.0,0,0,0.0,0.0,0,0,0.0,8476.6,1,1,1.0,0
LGS2ORD0021331,C011793,2025-06-18 22:00:00,Female,53,Silver,TV,Bangkok,1599,Lazada,Bank_Transfer,22,6,2,0,>50,53.3,4.0,1.0,0.25,95,3,1460.6975,0.2,0.75,0.0,0.0,2550.38,1,0,0.0,2550.38,1,0,0.0,3839.05,2,0,0.0,5842.79,4,1,0.25,0
LGS2ORD0021332,C015987,2025-06-18 22:00:00,Female,61,Bronze,Web,Phuket,555,TV_Show,COD,22,6,2,0,>50,18.5,1.0,0.0,0.0,-1,139,2314.54,0.03,0.0,0.0,0.0,0.0,0,0,0.0,0.0,0,0,0.0,0.0,0,0,0.0,2314.54,1,0,0.0,0
LGS2ORD0021333,C010528,2025-06-18 22:00:00,Male,56,Bronze,Web,Bangkok,636,CallCenter,COD,22,6,2,0,>50,21.2,4.0,3.0,0.75,105,72,6631.422500000001,0.18,0.75,0.0,0.0,0.0,0,0,0.0,0.0,0,0,0.0,12688.53,1,0,0.0,26525.690000000002,4,3,0.75,0
LGS2ORD0021334,C017968,2025-06-18 23:00:00,Male,51,Bronze,Lazada,Songkhla,1534,TV_Show,COD,23,6,2,0,>50,51.13333333333333,1.0,0.0,0.0,-1,16,1712.94,0.08,1.0,0.0,0.0,0.0,0,0,0.0,1712.94,1,0,0.0,1712.94,1,0,0.0,1712.94,1,0,0.0,0
LGS2ORD0021335,C016809,2025-06-18 23:00:00,Female,72,Bronze,TV,Chonburi,737,Shopee,COD,23,6,2,0,>50,24.566666666666666,2.0,2.0,1.0,-2,8,2626.755,0.18,0.5,0.0,0.0,0.0,0,0,0.0,3069.88,1,1,1.0,3069.88,1,1,1.0,5253.51,2,2,1.0,0
LGS2ORD0021336,C011095,2025-06-18 23:00:00,Male,54,Gold,Shopee,Bangkok,1377,Shopee,COD,23,6,2,0,>50,45.9,1.0,0.0,0.0,-1,93,4233.91,0.2299999999999999,0.0,1.0,0.0,0.0,0,0,0.0,0.0,0,0,0.0,0.0,0,0,0.0,4233.91,1,0,0.0,0
LGS2ORD0021337,C012130,2025-06-18 23:00:00,Male,32,Bronze,Lazada,Chiang Mai,566,Web,Bank_Transfer,23,6,2,0,30-40,18.866666666666667,1.0,0.0,0.0,-1,56,7746.25,0.08,1.0,0.0,0.0,0.0,0,0,0.0,0.0,0,0,0.0,7746.25,1,0,0.0,7746.25,1,0,0.0,0
LGS2ORD0021338,C017667,2025-06-18 23:00:00,Female,41,Bronze,Shopee,Chiang Mai,454,CallCenter,COD,23,6,2,0,40-50,15.133333333333333,5.0,2.0,0.4,95,41,4942.714,0.28,0.6,0.2,0.0,0.0,0,0,0.0,0.0,0,0,0.0,260.15,1,0,0.0,24713.57,5,2,0.4,1
LGS2ORD0021339,C017689,2025-06-19 00:00:00,Female,51,Silver,Web,Nakhon Ratchasima,785,Shopee,COD,0,6,3,0,>50,26.166666666666668,1.0,1.0,1.0,10,18,1935.28,0.25,1.0,1.0,0.0,0.0,0,0,0.0,1935.28,1,1,1.0,1935.28,1,1,1.0,1935.28,1,1,1.0,0
LGS2ORD0021340,C016623,2025-06-19 00:00:00,Female,52,Gold,TV,Phuket,482,CallCenter,COD,0,6,3,0,>50,16.066666666666666,5.0,1.0,0.2,15,25,4624.288,0.2299999999999999,0.2,0.2,0.0,0.0,0,0,0.0,8996.13,1,1,1.0,20302.879999999997,3,1,0.3333333333333333,23121.44,5,1,0.2,1
LGS2ORD0021341,C015338,2025-06-19 00:00:00,Female,45,Silver,Web,Chonburi,377,Web,COD,0,6,3,0,40-50,12.566666666666666,3.0,0.0,0.0,-1,25,4569.9766666666665,0.2,0.0,0.0,0.0,0.0,0,0,0.0,814.31,1,0,0.0,814.31,1,0,0.0,13709.93,3,0,0.0,1
LGS2ORD0021342,C014999,2025-06-19 00:00:00,Female,49,Bronze,TV,Bangkok,1055,Shopee,COD,0,6,3,0,40-50,35.166666666666664,1.0,0.0,0.0,-1,134,1130.09,0.03,0.0,0.0,0.0,0.0,0,0,0.0,0.0,0,0,0.0,0.0,0,0,0.0,1130.09,1,0,0.0,0
LGS2ORD0021343,C013194,2025-06-19 00:00:00,Male,22,Bronze,TV,Bangkok,581,TV_Show,COD,0,6,3,0,20-30,19.366666666666667,5.0,1.0,0.2,38,41,4681.246000000001,0.23,0.4,0.4,0.0,0.0,0,0,0.0,0.0,0,0,0.0,12478.140000000001,3,1,0.3333333333333333,23406.230000000003,5,1,0.2,0
LGS2ORD0021344,C015295,2025-06-19 01:00:00,Female,27,Bronze,CallCenter,Bangkok,530,Web,Credit_Card,1,6,3,0,20-30,17.666666666666668,7.0,0.0,0.0,-1,23,7154.267142857144,0.28,0.7142857142857143,0.42857142857142855,0.0,0.0,0,0,0.0,8848.77,1,0,0.0,8848.77,1,0,0.0,50079.87000000001,7,0,0.0,0
LGS2ORD0021345,C014674,2025-06-19 01:00:00,Male,49,Gold,Web,Bangkok,532,Web,PromptPay,1,6,3,0,40-50,17.733333333333334,4.0,0.0,0.0,-1,38,4780.45,0.13,0.5,0.0,0.0,0.0,0,0,0.0,0.0,0,0,0.0,8292.27,2,0,0.0,19121.8,4,0,0.0,0
LGS2ORD0021346,C012512,2025-06-19 01:00:00,Male,28,Bronze,TV,Chiang Mai,659,Lazada,COD,1,6,3,0,20-30,21.966666666666665,3.0,1.0,0.3333333333333333,72,82,7503.490000000001,0.18,1.0,0.0,0.0,0.0,0,0,0.0,0.0,0,0,0.0,5462.77,1,1,1.0,22510.47,3,1,0.3333333333333333,1
LGS2ORD0021347,C016748,2025-06-19 01:00:00,Male,29,Silver,Web,Chonburi,760,CallCenter,COD,1,6,3,0,20-30,25.333333333333332,3.0,0.0,0.0,-1,18,2916.4,0.25,0.6666666666666666,0.3333333333333333,0.0,0.0,0,0,0.0,803.04,1,0,0.0,803.04,1,0,0.0,8749.2,3,0,0.0,0
LGS2ORD0021348,C014426,2025-06-19 01:00:00,Female,67,Bronze,Shopee,Bangkok,1226,Web,Credit_Card,1,6,3,0,>50,40.86666666666667,4.0,2.0,0.5,18,12,1486.3475,0.18,1.0,0.0,0.0,0.0,0,0,0.0,2680.9,2,1,0.5,2680.9,2,1,0.5,5945.39,4,2,0.5,0
LGS2ORD0021349,C014443,2025-06-19 01:00:00,Male,47,Silver,TV,Remote_Area,1526,Web,Bank_Transfer,1,6,3,0,40-50,50.86666666666667,8.0,4.0,0.5,19,25,9440.5875,0.3,0.75,0.625,0.0,0.0,0,0,0.0,2867.46,1,0,0.0,27530.28,5,2,0.4,75524.7,8,4,0.5,0
LGS2ORD0021350,C014040,2025-06-19 02:00:00,Female,56,Bronze,Lazada,Bangkok,1426,Shopee,COD,2,6,3,0,>50,47.53333333333333,2.0,0.0,0.0,-1,8,6577.295,0.03,1.0,0.0,0.0,0.0,0,0,0.0,10833.12,1,0,0.0,13154.59,2,0,0.0,13154.59,2,0,0.0,0
LGS2ORD0021351,C012930,2025-06-19 02:00:00,Female,36,Silver,Web,Nakhon Ratchasima,385,TV_Show,Bank_Transfer,2,6,3,0,30-40,12.833333333333334,1.0,0.0,0.0,-1,95,5196.08,0.2,0.0,0.0,0.0,0.0,0,0,0.0,0.0,0,0,0.0,0.0,0,0,0.0,5196.08,1,0,0.0,0
LGS2ORD0021352,C012548,2025-06-19 02:00:00,Female,49,Bronze,Lazada,Bangkok,506,TV_Show,Bank_Transfer,2,6,3,0,40-50,16.866666666666667,0.0,0.0,0.0,-1,-1,0.0,0.0,0.0,0.0,0.0,0.0,0,0,0.0,0.0,0,0,0.0,0.0,0,0,0.0,0.0,0,0,0.0,0
LGS2ORD0021353,C013751,2025-06-19 02:00:00,Male,30,Silver,CallCenter,Remote_Area,662,Shopee,COD,2,6,3,0,20-30,22.066666666666666,3.0,0.0,0.0,-1,4,1975.1333333333332,0.25,0.6666666666666666,0.6666666666666666,0.0,3912.89,1,0,0.0,5215.51,2,0,0.0,5925.4,3,0,0.0,5925.4,3,0,0.0,0
LGS2ORD0021354,C013823,2025-06-19 02:00:00,Female,43,Bronze,TV,Chiang Mai,459,Web,COD,2,6,3,0,40-50,15.3,5.0,2.0,0.4,15,24,3531.922,0.23,0.2,0.4,0.0,0.0,0,0,0.0,196.94,1,1,1.0,6439.83,2,1,0.5,17659.61,5,2,0.4,1
LGS2ORD0021355,C010220,2025-06-19 03:00:00,Female,42,Silver,Shopee,Nakhon Ratchasima,365,Web,Credit_Card,3,6,3,0,40-50,12.166666666666666,3.0,0.0,0.0,-1,49,2181.8399999999997,0.2,0.3333333333333333,0.0,0.0,0.0,0,0,0.0,0.0,0,0,0.0,1488.76,2,0,0.0,6545.5199999999995,3,0,0.0,0
LGS2ORD0021356,C010200,2025-06-19 03:00:00,Male,25,Gold,TV,Bangkok,1187,Web,COD,3,6,3,0,20-30,39.56666666666667,2.0,1.0,0.5,72,81,2347.275,0.33,0.5,0.5,0.0,0.0,0,0,0.0,0.0,0,0,0.0,4694.55,2,1,0.5,4694.55,2,1,0.5,0
LGS2ORD0021357,C017998,2025-06-19 03:00:00,Female,42,Bronze,TV,Bangkok,561,Lazada,Credit_Card,3,6,3,0,40-50,18.7,1.0,0.0,0.0,-1,59,8511.85,0.23,1.0,1.0,0.0,0.0,0,0,0.0,0.0,0,0,0.0,8511.85,1,0,0.0,8511.85,1,0,0.0,0
LGS2ORD0021358,C010217,2025-06-19 03:00:00,Female,49,Platinum,Lazada,Bangkok,666,CallCenter,COD,3,6,3,0,40-50,22.2,0.0,0.0,0.0,-1,-1,0.0,0.0,0.0,0.0,0.0,0.0,0,0,0.0,0.0,0,0,0.0,0.0,0,0,0.0,0.0,0,0,0.0,0
LGS2ORD0021359,C014053,2025-06-19 03:00:00,Male,47,Bronze,TV,Bangkok,732,TV_Show,COD,3,6,3,0,40-50,24.4,1.0,1.0,1.0,54,59,1917.82,0.18,1.0,0.0,0.0,0.0,0,0,0.0,0.0,0,0,0.0,1917.82,1,1,1.0,1917.82,1,1,1.0,0
LGS2ORD0021360,C013816,2025-06-19 04:00:00,Female,44,Bronze,TV,Bangkok,1189,Web,COD,4,6,3,0,40-50,39.63333333333333,4.0,2.0,0.5,36,46,5543.155000000001,0.23,1.0,0.5,0.0,0.0,0,0,0.0,0.0,0,0,0.0,11483.94,2,1,0.5,22172.620000000003,4,2,0.5,0
LGS2ORD0021361,C011748,2025-06-19 04:00:00,Female,29,Bronze,Shopee,Khon Kaen,1179,TV_Show,Credit_Card,4,6,3,0,20-30,39.3,2.0,0.0,0.0,-1,89,4065.08,0.23,0.0,0.5,0.0,0.0,0,0,0.0,0.0,0,0,0.0,7243.86,1,0,0.0,8130.16,2,0,0.0,0
LGS2ORD0021362,C016467,2025-06-19 04:00:00,Female,29,Gold,Shopee,Khon Kaen,1580,Web,COD,4,6,3,0,20-30,52.666666666666664,5.0,1.0,0.2,37,8,2413.7039999999997,0.33,0.6,0.4,0.0,0.0,0,0,0.0,182.72,1,0,0.0,6574.06,3,1,0.3333333333333333,12068.519999999999,5,1,0.2,0
LGS2ORD0021363,C011754,2025-06-19 04:00:00,Female,26,Silver,TV,Bangkok,1391,Lazada,Credit_Card,4,6,3,0,20-30,46.36666666666667,2.0,0.0,0.0,-1,72,5494.29,0.1,0.5,0.0,0.0,0.0,0,0,0.0,0.0,0,0,0.0,4587.34,1,0,0.0,10988.58,2,0,0.0,0
LGS2ORD0021364,C017400,2025-06-19 04:00:00,Male,45,Silver,Web,Bangkok,534,Shopee,Bank_Transfer,4,6,3,0,40-50,17.8,2.0,0.0,0.0,-1,73,502.885,0.25,0.0,0.5,0.0,0.0,0,0,0.0,0.0,0,0,0.0,475.17,1,0,0.0,1005.77,2,0,0.0,0
LGS2ORD0021365,C010701,2025-06-19 05:00:00,Male,44,Silver,TV,Bangkok,798,CallCenter,Bank_Transfer,5,6,3,0,40-50,26.6,4.0,1.0,0.25,82,56,2237.935,0.1,0.75,0.0,0.0,0.0,0,0,0.0,0.0,0,0,0.0,5492.17,2,0,0.0,8951.74,4,1,0.25,0
LGS2ORD0021366,C010551,2025-06-19 05:00:00,Male,56,Bronze,Shopee,Chiang Mai,1203,TV_Show,COD,5,6,3,0,>50,40.1,2.0,1.0,0.5,69,62,2629.5350000000003,0.28,0.5,0.5,0.0,0.0,0,0,0.0,0.0,0,0,0.0,5259.070000000001,2,1,0.5,5259.070000000001,2,1,0.5,1
LGS2ORD0021367,C011747,2025-06-19 05:00:00,Male,65,Bronze,Web,Phuket,794,Shopee,COD,5,6,3,0,>50,26.466666666666665,2.0,0.0,0.0,-1,12,1633.725,0.03,1.0,0.0,0.0,0.0,0,0,0.0,1678.73,1,0,0.0,1678.73,1,0,0.0,3267.45,2,0,0.0,1
LGS2ORD0021368,C012958,2025-06-19 05:00:00,Male,40,Silver,Lazada,Bangkok,1513,Shopee,Credit_Card,5,6,3,0,30-40,50.43333333333333,3.0,1.0,0.3333333333333333,64,22,1357.0566666666666,0.25,0.6666666666666666,0.3333333333333333,0.0,0.0,0,0,0.0,509.44,1,0,0.0,1751.8,2,1,0.5,4071.1699999999996,3,1,0.3333333333333333,0
LGS2ORD0021369,C017373,2025-06-19 05:00:00,Male,39,Gold,Lazada,Phuket,733,Shopee,COD,5,6,3,0,30-40,24.433333333333334,3.0,1.0,0.3333333333333333,5,0,7024.81,0.2299999999999999,0.0,0.3333333333333333,0.0,2642.96,1,0,0.0,4865.1,2,1,0.5,4865.1,2,1,0.5,21074.43,3,1,0.3333333333333333,0
LGS2ORD0021370,C012934,2025-06-19 05:00:00,Female,42,Bronze,Lazada,Phuket,986,Web,Credit_Card,5,6,3,0,40-50,32.86666666666667,4.0,3.0,0.75,82,53,2102.5,0.23,0.25,0.5,0.0,0.0,0,0,0.0,0.0,0,0,0.0,986.41,1,0,0.0,8410.0,4,3,0.75,0
LGS2ORD0021371,C017050,2025-06-19 06:00:00,Male,36,Platinum,TV,Nakhon Ratchasima,875,CallCenter,COD,6,6,3,0,30-40,29.166666666666668,2.0,0.0,0.0,-1,44,4334.4,0.3,0.5,1.0,0.0,0.0,0,0,0.0,0.0,0,0,0.0,8668.8,2,0,0.0,8668.8,2,0,0.0,0
LGS2ORD0021372,C013676,2025-06-19 06:00:00,Female,35,Platinum,TV,Chiang Mai,1438,TV_Show,Credit_Card,6,6,3,0,30-40,47.93333333333333,2.0,2.0,1.0,89,98,1907.9650000000001,0.3,0.0,1.0,0.0,0.0,0,0,0.0,0.0,0,0,0.0,0.0,0,0,0.0,3815.9300000000003,2,2,1.0,0
LGS2ORD0021373,C017580,2025-06-19 06:00:00,Male,35,Bronze,TV,Bangkok,1358,Web,COD,6,6,3,0,30-40,45.266666666666666,1.0,0.0,0.0,-1,141,17392.6,0.03,1.0,0.0,0.0,0.0,0,0,0.0,0.0,0,0,0.0,0.0,0,0,0.0,17392.6,1,0,0.0,1
LGS2ORD0021374,C016711,2025-06-19 06:00:00,Female,39,Bronze,TV,Bangkok,620,TV_Show,COD,6,6,3,0,30-40,20.666666666666668,3.0,1.0,0.3333333333333333,84,16,11263.416666666666,0.08,0.3333333333333333,0.0,0.0,0.0,0,0,0.0,10008.2,1,0,0.0,10008.2,1,0,0.0,33790.25,3,1,0.3333333333333333,1
LGS2ORD0021375,C015126,2025-06-19 06:00:00,Female,51,Gold,TV,Songkhla,837,TV_Show,PromptPay,6,6,3,0,>50,27.9,5.0,3.0,0.6,23,13,3065.9060000000004,0.33,0.4,0.8,0.0,0.0,0,0,0.0,1841.15,2,1,0.5,13599.070000000002,4,2,0.5,15329.530000000002,5,3,0.6,0
LGS2ORD0021376,C012354,2025-06-19 07:00:00,Female,49,Bronze,Lazada,Bangkok,202,TV_Show,COD,7,6,3,0,40-50,6.733333333333333,5.0,2.0,0.4,10,5,4424.0560000000005,0.23,0.4,0.2,0.0,7696.96,1,0,0.0,11172.119999999999,3,2,0.6666666666666666,18471.120000000003,4,2,0.5,22120.280000000002,5,2,0.4,0
LGS2ORD0021377,C014829,2025-06-19 07:00:00,Male,37,Silver,TV,Chonburi,896,Web,COD,7,6,3,0,30-40,29.866666666666667,4.0,0.0,0.0,-1,18,1283.89,0.3,0.5,0.25,0.0,0.0,0,0,0.0,1771.14,1,0,0.0,5135.56,4,0,0.0,5135.56,4,0,0.0,0
LGS2ORD0021378,C014401,2025-06-19 07:00:00,Male,44,Platinum,Web,Khon Kaen,245,Web,COD,7,6,3,0,40-50,8.166666666666666,3.0,1.0,0.3333333333333333,106,33,16299.039999999999,0.3,0.3333333333333333,0.6666666666666666,0.0,0.0,0,0,0.0,0.0,0,0,0.0,7169.52,1,0,0.0,48897.119999999995,3,1,0.3333333333333333,0
LGS2ORD0021379,C010699,2025-06-19 07:00:00,Female,34,Platinum,Shopee,Bangkok,681,CallCenter,COD,7,6,3,0,30-40,22.7,3.0,1.0,0.3333333333333333,118,67,9169.346666666666,0.3,0.3333333333333333,0.3333333333333333,0.0,0.0,0,0,0.0,0.0,0,0,0.0,24016.86,1,0,0.0,27508.04,3,1,0.3333333333333333,0
LGS2ORD0021380,C015055,2025-06-19 07:00:00,Male,41,Gold,TV,Bangkok,738,TV_Show,PromptPay,7,6,3,0,40-50,24.6,2.0,1.0,0.5,47,57,2137.38,0.33,1.0,0.5,0.0,0.0,0,0,0.0,0.0,0,0,0.0,4274.76,2,1,0.5,4274.76,2,1,0.5,0
LGS2ORD0021381,C010461,2025-06-19 08:00:00,Female,39,Gold,Shopee,Chonburi,1008,TV_Show,PromptPay,8,6,3,0,30-40,33.6,2.0,0.0,0.0,-1,57,6894.3099999999995,0.28,0.5,1.0,0.0,0.0,0,0,0.0,0.0,0,0,0.0,13788.619999999999,2,0,0.0,13788.619999999999,2,0,0.0,0
LGS2ORD0021382,C011361,2025-06-19 08:00:00,Female,40,Bronze,TV,Remote_Area,1344,TV_Show,Credit_Card,8,6,3,0,30-40,44.8,7.0,1.0,0.14285714285714285,98,85,6489.657142857143,0.28,0.5714285714285714,0.42857142857142855,0.0,0.0,0,0,0.0,0.0,0,0,0.0,14151.97,1,0,0.0,45427.600000000006,7,1,0.14285714285714285,1
LGS2ORD0021383,C017495,2025-06-19 08:00:00,Male,24,Bronze,CallCenter,Bangkok,865,TV_Show,COD,8,6,3,0,20-30,28.833333333333332,1.0,1.0,1.0,160,163,8208.39,0.18,0.0,0.0,0.0,0.0,0,0,0.0,0.0,0,0,0.0,0.0,0,0,0.0,8208.39,1,1,1.0,1
LGS2ORD0021384,C015779,2025-06-19 08:00:00,Male,44,Bronze,Lazada,Bangkok,814,Lazada,Bank_Transfer,8,6,3,0,40-50,27.133333333333333,0.0,0.0,0.0,-1,-1,0.0,0.0,0.0,0.0,0.0,0.0,0,0,0.0,0.0,0,0,0.0,0.0,0,0,0.0,0.0,0,0,0.0,0
LGS2ORD0021385,C013866,2025-06-19 08:00:00,Female,30,Bronze,TV,Khon Kaen,1508,CallCenter,COD,8,6,3,0,20-30,50.266666666666666,5.0,1.0,0.2,79,11,5045.956,0.23,0.6,0.2,0.0,0.0,0,0,0.0,8486.56,1,0,0.0,20310.329999999998,4,1,0.25,25229.78,5,1,0.2,0
LGS2ORD0021386,C011165,2025-06-19 09:00:00,Female,58,Silver,Web,Remote_Area,857,Web,Credit_Card,9,6,3,0,>50,28.566666666666666,4.0,1.0,0.25,111,44,5143.375,0.25,0.75,0.25,0.0,0.0,0,0,0.0,0.0,0,0,0.0,4094.77,1,0,0.0,20573.5,4,1,0.25,0
LGS2ORD0021387,C010946,2025-06-19 09:00:00,Male,48,Gold,CallCenter,Bangkok,844,TV_Show,Credit_Card,9,6,3,0,40-50,28.133333333333333,4.0,1.0,0.25,114,16,4851.3325,0.33,0.5,0.75,0.0,0.0,0,0,0.0,3181.22,1,0,0.0,3181.22,1,0,0.0,19405.33,4,1,0.25,0
LGS2ORD0021388,C012649,2025-06-19 09:00:00,Male,44,Bronze,Lazada,Bangkok,1389,Lazada,COD,9,6,3,0,40-50,46.3,6.0,1.0,0.16666666666666666,124,56,7536.258333333334,0.28,0.5,0.6666666666666666,0.0,0.0,0,0,0.0,0.0,0,0,0.0,27099.190000000002,3,0,0.0,45217.55,6,1,0.16666666666666666,1
LGS2ORD0021389,C012023,2025-06-19 09:00:00,Male,24,Gold,Lazada,Bangkok,349,Lazada,COD,9,6,3,0,20-30,11.633333333333333,0.0,0.0,0.0,-1,-1,0.0,0.0,0.0,0.0,0.0,0.0,0,0,0.0,0.0,0,0,0.0,0.0,0,0,0.0,0.0,0,0,0.0,1
LGS2ORD0021390,C011065,2025-06-19 09:00:00,Male,35,Platinum,Web,Chiang Mai,963,TV_Show,COD,9,6,3,0,30-40,32.1,3.0,0.0,0.0,-1,45,4961.003333333333,0.25,0.3333333333333333,0.3333333333333333,0.0,0.0,0,0,0.0,0.0,0,0,0.0,339.56,1,0,0.0,14883.01,3,0,0.0,0
LGS2ORD0021391,C016217,2025-06-19 09:00:00,Male,41,Silver,Web,Chiang Mai,370,CallCenter,COD,9,6,3,0,40-50,12.333333333333334,3.0,3.0,1.0,80,90,2621.976666666667,0.3,0.3333333333333333,0.6666666666666666,0.0,0.0,0,0,0.0,0.0,0,0,0.0,0.0,0,0,0.0,7865.93,3,3,1.0,0
LGS2ORD0021392,C010676,2025-06-19 10:00:00,Female,45,Silver,Web,Remote_Area,690,CallCenter,COD,10,6,3,0,40-50,23.0,2.0,0.0,0.0,-1,80,9799.305,0.05,0.0,0.0,0.0,0.0,0,0,0.0,0.0,0,0,0.0,19598.61,2,0,0.0,19598.61,2,0,0.0,0
LGS2ORD0021393,C010818,2025-06-19 10:00:00,Male,36,Bronze,Web,Nakhon Ratchasima,355,Shopee,COD,10,6,3,0,30-40,11.833333333333334,2.0,1.0,0.5,136,75,3712.76,0.28,0.5,1.0,0.0,0.0,0,0,0.0,0.0,0,0,0.0,3288.94,1,0,0.0,7425.52,2,1,0.5,0
LGS2ORD0021394,C015047,2025-06-19 10:00:00,Male,33,Silver,CallCenter,Phuket,526,Shopee,COD,10,6,3,0,30-40,17.533333333333335,4.0,3.0,0.75,34,16,1534.295,0.3,0.75,0.75,0.0,0.0,0,0,0.0,1627.92,1,0,0.0,3059.5,2,1,0.5,6137.18,4,3,0.75,0
LGS2ORD0021395,C012778,2025-06-19 10:00:00,Male,42,Bronze,TV,Bangkok,355,Web,COD,10,6,3,0,40-50,11.833333333333334,0.0,0.0,0.0,-1,-1,0.0,0.0,0.0,0.0,0.0,0.0,0,0,0.0,0.0,0,0,0.0,0.0,0,0,0.0,0.0,0,0,0.0,0
LGS2ORD0021396,C013056,2025-06-19 10:00:00,Female,35,Platinum,Web,Songkhla,1585,TV_Show,PromptPay,10,6,3,0,30-40,52.833333333333336,2.0,1.0,0.5,43,49,8596.055,0.1,0.0,0.0,0.0,0.0,0,0,0.0,0.0,0,0,0.0,15894.76,1,1,1.0,17192.11,2,1,0.5,0
LGS2ORD0021397,C016781,2025-06-19 11:00:00,Female,42,Silver,TV,Khon Kaen,1392,Lazada,COD,11,6,3,0,40-50,46.4,0.0,0.0,0.0,-1,-1,0.0,0.0,0.0,0.0,0.0,0.0,0,0,0.0,0.0,0,0,0.0,0.0,0,0,0.0,0.0,0,0,0.0,0
LGS2ORD0021398,C010555,2025-06-19 11:00:00,Male,55,Platinum,Shopee,Chiang Mai,1300,Shopee,COD,11,6,3,0,>50,43.333333333333336,0.0,0.0,0.0,-1,-1,0.0,0.0,0.0,0.0,0.0,0.0,0,0,0.0,0.0,0,0,0.0,0.0,0,0,0.0,0.0,0,0,0.0,0
LGS2ORD0021399,C013387,2025-06-19 11:00:00,Other,49,Gold,TV,Songkhla,502,Shopee,Credit_Card,11,6,3,0,40-50,16.733333333333334,2.0,0.0,0.0,-1,72,7523.18,0.28,0.0,1.0,0.0,0.0,0,0,0.0,0.0,0,0,0.0,9244.91,1,0,0.0,15046.36,2,0,0.0,1
LGS2ORD0021400,C012358,2025-06-19 11:00:00,Male,63,Bronze,TV,Nakhon Ratchasima,1134,Web,PromptPay,11,6,3,0,>50,37.8,2.0,0.0,0.0,-1,48,5222.490000000001,0.28,1.0,1.0,0.0,0.0,0,0,0.0,0.0,0,0,0.0,10444.980000000001,2,0,0.0,10444.980000000001,2,0,0.0,0
LGS2ORD0021401,C011316,2025-06-19 11:00:00,Female,30,Silver,Web,Chonburi,871,TV_Show,COD,11,6,3,0,20-30,29.033333333333335,0.0,0.0,0.0,-1,-1,0.0,0.0,0.0,0.0,0.0,0.0,0,0,0.0,0.0,0,0,0.0,0.0,0,0,0.0,0.0,0,0,0.0,0
LGS2ORD0021402,C015901,2025-06-19 12:00:00,Female,54,Gold,Shopee,Khon Kaen,236,CallCenter,Bank_Transfer,12,6,3,0,>50,7.866666666666666,3.0,0.0,0.0,-1,58,2406.7733333333335,0.33,1.0,0.6666666666666666,0.0,0.0,0,0,0.0,0.0,0,0,0.0,4419.27,1,0,0.0,7220.320000000001,3,0,0.0,0
LGS2ORD0021403,C011934,2025-06-19 12:00:00,Male,49,Bronze,Lazada,Bangkok,522,TV_Show,COD,12,6,3,0,40-50,17.4,1.0,0.0,0.0,-1,102,2650.14,0.08,1.0,0.0,0.0,0.0,0,0,0.0,0.0,0,0,0.0,0.0,0,0,0.0,2650.14,1,0,0.0,1
LGS2ORD0021404,C013185,2025-06-19 12:00:00,Female,39,Gold,TV,Bangkok,1342,CallCenter,COD,12,6,3,0,30-40,44.733333333333334,1.0,0.0,0.0,-1,137,1631.52,0.33,1.0,1.0,0.0,0.0,0,0,0.0,0.0,0,0,0.0,0.0,0,0,0.0,1631.52,1,0,0.0,0
LGS2ORD0021405,C011663,2025-06-19 12:00:00,Male,57,Bronze,CallCenter,Bangkok,1446,Lazada,COD,12,6,3,0,>50,48.2,7.0,2.0,0.2857142857142857,43,14,3872.7057142857143,0.28,0.7142857142857143,0.42857142857142855,0.0,0.0,0,0,0.0,4645.48,1,0,0.0,9379.759999999998,2,1,0.5,27108.94,7,2,0.2857142857142857,0
LGS2ORD0021406,C011204,2025-06-19 12:00:00,Female,45,Bronze,TV,Songkhla,820,Web,COD,12,6,3,0,40-50,27.333333333333332,5.0,2.0,0.4,43,58,4302.314,0.18,0.4,0.0,0.0,0.0,0,0,0.0,0.0,0,0,0.0,8382.41,1,1,1.0,21511.57,5,2,0.4,0
LGS2ORD0021407,C015827,2025-06-19 13:00:00,Female,32,Bronze,TV,Chiang Mai,798,TV_Show,COD,13,6,3,0,30-40,26.6,3.0,0.0,0.0,-1,61,3297.5200000000004,0.18,0.6666666666666666,0.0,0.0,0.0,0,0,0.0,0.0,0,0,0.0,1924.52,2,0,0.0,9892.560000000001,3,0,0.0,0
LGS2ORD0021408,C010663,2025-06-19 13:00:00,Male,32,Bronze,TV,Songkhla,1166,Shopee,COD,13,6,3,0,30-40,38.86666666666667,9.0,2.0,0.2222222222222222,6,17,3129.043333333333,0.28,0.4444444444444444,0.4444444444444444,0.0,0.0,0,0,0.0,2317.2,2,1,0.5,20311.31,6,2,0.3333333333333333,28161.389999999996,9,2,0.2222222222222222,1
LGS2ORD0021409,C010107,2025-06-19 13:00:00,Female,72,Bronze,Shopee,Chiang Mai,318,Web,COD,13,6,3,0,>50,10.6,2.0,0.0,0.0,-1,22,2791.1150000000002,0.13,0.0,0.0,0.0,0.0,0,0,0.0,3626.53,1,0,0.0,3626.53,1,0,0.0,5582.2300000000005,2,0,0.0,1
LGS2ORD0021410,C015827,2025-06-19 13:00:00,Female,32,Bronze,TV,Chiang Mai,798,TV_Show,Bank_Transfer,13,6,3,0,30-40,26.6,3.0,0.0,0.0,-1,61,3297.5200000000004,0.18,0.6666666666666666,0.0,0.0,0.0,0,0,0.0,0.0,0,0,0.0,1924.52,2,0,0.0,9892.560000000001,3,0,0.0,0
LGS2ORD0021411,C010350,2025-06-19 13:00:00,Female,26,Gold,Shopee,Bangkok,1520,Web,COD,13,6,3,0,20-30,50.666666666666664,2.0,0.0,0.0,-1,4,6682.15,0.13,0.0,0.0,0.0,12764.06,1,0,0.0,13364.3,2,0,0.0,13364.3,2,0,0.0,13364.3,2,0,0.0,0
LGS2ORD0021412,C011273,2025-06-19 13:00:00,Female,45,Silver,Web,Bangkok,1344,CallCenter,Credit_Card,13,6,3,0,40-50,44.8,2.0,1.0,0.5,71,33,3450.495,0.3,0.5,0.5,0.0,0.0,0,0,0.0,0.0,0,0,0.0,6900.99,2,1,0.5,6900.99,2,1,0.5,0
LGS2ORD0021413,C012371,2025-06-19 14:00:00,Female,46,Bronze,TV,Khon Kaen,1599,TV_Show,Credit_Card,14,6,3,0,40-50,53.3,3.0,2.0,0.6666666666666666,-9,1,4084.786666666667,0.18,0.6666666666666666,0.0,0.0,1096.37,1,1,1.0,1096.37,1,1,1.0,9189.939999999999,2,1,0.5,12254.36,3,2,0.6666666666666666,0
LGS2ORD0021414,C010595,2025-06-19 14:00:00,Female,62,Bronze,Web,Phuket,811,TV_Show,COD,14,6,3,0,>50,27.033333333333335,3.0,2.0,0.6666666666666666,67,60,9075.480000000001,0.18,0.3333333333333333,0.0,0.0,0.0,0,0,0.0,0.0,0,0,0.0,7592.98,2,1,0.5,27226.440000000002,3,2,0.6666666666666666,1
LGS2ORD0021415,C016914,2025-06-19 14:00:00,Female,39,Bronze,Shopee,Phuket,1482,CallCenter,COD,14,6,3,0,30-40,49.4,7.0,4.0,0.5714285714285714,1,14,4166.557142857143,0.28,0.42857142857142855,0.2857142857142857,0.0,0.0,0,0,0.0,1974.07,2,2,1.0,3618.4500000000003,3,3,1.0,29165.9,7,4,0.5714285714285714,0
LGS2ORD0021416,C014844,2025-06-19 14:00:00,Female,40,Gold,Web,Bangkok,571,TV_Show,PromptPay,14,6,3,0,30-40,19.033333333333335,4.0,0.0,0.0,-1,62,4272.8225,0.28,0.75,0.5,0.0,0.0,0,0,0.0,0.0,0,0,0.0,4256.6,1,0,0.0,17091.29,4,0,0.0,0
LGS2ORD0021417,C014187,2025-06-19 14:00:00,Female,55,Bronze,Lazada,Bangkok,210,Shopee,COD,14,6,3,0,>50,7.0,2.0,0.0,0.0,-1,39,6409.724999999999,0.18,0.0,0.0,0.0,0.0,0,0,0.0,0.0,0,0,0.0,3497.15,1,0,0.0,12819.449999999999,2,0,0.0,0
LGS2ORD0021418,C015970,2025-06-19 15:00:00,Male,31,Gold,Web,Bangkok,1085,Lazada,COD,15,6,3,0,30-40,36.166666666666664,3.0,1.0,0.3333333333333333,31,33,4539.323333333334,0.28,0.3333333333333333,0.3333333333333333,0.0,0.0,0,0,0.0,0.0,0,0,0.0,8247.83,2,1,0.5,13617.970000000001,3,1,0.3333333333333333,0
LGS2ORD0021419,C016357,2025-06-19 15:00:00,Female,52,Bronze,Web,Bangkok,465,Shopee,Credit_Card,15,6,3,0,>50,15.5,2.0,0.0,0.0,-1,20,9843.82,0.28,0.5,0.5,0.0,0.0,0,0,0.0,2677.07,1,0,0.0,19687.64,2,0,0.0,19687.64,2,0,0.0,0
LGS2ORD0021420,C014613,2025-06-19 15:00:00,Female,35,Gold,CallCenter,Bangkok,989,TV_Show,COD,15,6,3,0,30-40,32.96666666666667,3.0,2.0,0.6666666666666666,16,30,6542.706666666668,0.33,0.0,0.3333333333333333,0.0,0.0,0,0,0.0,0.0,0,0,0.0,11599.57,2,1,0.5,19628.120000000003,3,2,0.6666666666666666,1
LGS2ORD0021421,C017178,2025-06-19 15:00:00,Male,45,Bronze,TV,Phuket,1150,Web,COD,15,6,3,0,40-50,38.333333333333336,3.0,2.0,0.6666666666666666,79,81,4849.136666666666,0.18,0.6666666666666666,0.0,0.0,0.0,0,0,0.0,0.0,0,0,0.0,11973.170000000002,2,1,0.5,14547.41,3,2,0.6666666666666666,0
LGS2ORD0021422,C012880,2025-06-19 15:00:00,Female,63,Platinum,Web,Phuket,1347,Shopee,PromptPay,15,6,3,0,>50,44.9,6.0,1.0,0.16666666666666666,47,29,5030.026666666668,0.35,0.0,0.6666666666666666,0.0,0.0,0,0,0.0,1023.53,1,0,0.0,5337.47,3,1,0.3333333333333333,30180.160000000003,6,1,0.16666666666666666,0
LGS2ORD0021423,C013681,2025-06-19 16:00:00,Female,49,Bronze,Web,Chiang Mai,1374,CallCenter,PromptPay,16,6,3,0,40-50,45.8,2.0,0.0,0.0,-1,31,1751.915,0.08,0.5,0.0,0.0,0.0,0,0,0.0,0.0,0,0,0.0,1662.27,1,0,0.0,3503.83,2,0,0.0,0
LGS2ORD0021424,C016422,2025-06-19 16:00:00,Male,39,Silver,Lazada,Chonburi,1073,TV_Show,COD,16,6,3,0,30-40,35.766666666666666,1.0,0.0,0.0,-1,158,7610.31,0.1,0.0,0.0,0.0,0.0,0,0,0.0,0.0,0,0,0.0,0.0,0,0,0.0,7610.31,1,0,0.0,0
LGS2ORD0021425,C015532,2025-06-19 16:00:00,Male,58,Bronze,Web,Remote_Area,484,CallCenter,COD,16,6,3,0,>50,16.133333333333333,6.0,3.0,0.5,54,67,4865.923333333334,0.28,0.3333333333333333,0.3333333333333333,0.0,0.0,0,0,0.0,0.0,0,0,0.0,8658.84,3,2,0.6666666666666666,29195.540000000005,6,3,0.5,0
LGS2ORD0021426,C010831,2025-06-19 16:00:00,Female,38,Silver,Web,Bangkok,1163,Lazada,COD,16,6,3,0,30-40,38.766666666666666,1.0,0.0,0.0,-1,63,974.99,0.05,0.0,0.0,0.0,0.0,0,0,0.0,0.0,0,0,0.0,974.99,1,0,0.0,974.99,1,0,0.0,0
LGS2ORD0021427,C013483,2025-06-19 16:00:00,Other,33,Silver,Web,Bangkok,271,Shopee,PromptPay,16,6,3,0,30-40,9.033333333333333,2.0,0.0,0.0,-1,53,6522.135,0.2,0.5,0.0,0.0,0.0,0,0,0.0,0.0,0,0,0.0,8012.52,1,0,0.0,13044.27,2,0,0.0,0
LGS2ORD0021428,C012802,2025-06-19 16:00:00,Male,34,Gold,TV,Chiang Mai,954,Lazada,COD,16,6,3,0,30-40,31.8,0.0,0.0,0.0,-1,-1,0.0,0.0,0.0,0.0,0.0,0.0,0,0,0.0,0.0,0,0,0.0,0.0,0,0,0.0,0.0,0,0,0.0,0
LGS2ORD0021429,C011695,2025-06-19 17:00:00,Female,49,Platinum,TV,Chiang Mai,1171,Shopee,PromptPay,17,6,3,0,40-50,39.03333333333333,1.0,0.0,0.0,-1,151,1147.03,0.1,0.0,0.0,0.0,0.0,0,0,0.0,0.0,0,0,0.0,0.0,0,0,0.0,1147.03,1,0,0.0,1
LGS2ORD0021430,C010946,2025-06-19 17:00:00,Male,48,Gold,CallCenter,Bangkok,844,Web,Credit_Card,17,6,3,0,40-50,28.133333333333333,5.0,1.0,0.2,114,0,4157.746000000001,0.33,0.4,0.8,0.0,1383.4,1,0,0.0,4564.62,2,0,0.0,4564.62,2,0,0.0,20788.730000000003,5,1,0.2,0
LGS2ORD0021431,C010073,2025-06-19 17:00:00,Female,23,Bronze,TV,Khon Kaen,580,Lazada,COD,17,6,3,0,20-30,19.333333333333332,1.0,0.0,0.0,-1,30,12067.47,0.18,0.0,0.0,0.0,0.0,0,0,0.0,0.0,0,0,0.0,12067.47,1,0,0.0,12067.47,1,0,0.0,0
LGS2ORD0021432,C017801,2025-06-19 17:00:00,Female,50,Bronze,Shopee,Phuket,518,Lazada,COD,17,6,3,0,40-50,17.266666666666666,5.0,2.0,0.4,48,59,2262.472,0.23,0.4,0.2,0.0,0.0,0,0,0.0,0.0,0,0,0.0,1093.88,1,1,1.0,11312.36,5,2,0.4,1
LGS2ORD0021433,C015498,2025-06-19 17:00:00,Female,54,Bronze,TV,Songkhla,1580,CallCenter,COD,17,6,3,0,>50,52.666666666666664,1.0,0.0,0.0,-1,111,4812.92,0.03,1.0,0.0,0.0,0.0,0,0,0.0,0.0,0,0,0.0,0.0,0,0,0.0,4812.92,1,0,0.0,0
LGS2ORD0021434,C012865,2025-06-19 18:00:00,Female,33,Bronze,Shopee,Bangkok,1384,Shopee,COD,18,6,3,0,30-40,46.13333333333333,2.0,0.0,0.0,-1,43,3668.145,0.28,0.0,0.5,0.0,0.0,0,0,0.0,0.0,0,0,0.0,927.36,1,0,0.0,7336.29,2,0,0.0,1
LGS2ORD0021435,C014029,2025-06-19 18:00:00,Female,50,Platinum,Shopee,Bangkok,1107,TV_Show,PromptPay,18,6,3,0,40-50,36.9,1.0,0.0,0.0,-1,0,16879.16,0.3,1.0,1.0,0.0,16879.16,1,0,0.0,16879.16,1,0,0.0,16879.16,1,0,0.0,16879.16,1,0,0.0,0
LGS2ORD0021436,C012428,2025-06-19 18:00:00,Male,45,Silver,Shopee,Remote_Area,634,Web,PromptPay,18,6,3,0,40-50,21.133333333333333,1.0,0.0,0.0,-1,167,5510.7,0.1,0.0,0.0,0.0,0.0,0,0,0.0,0.0,0,0,0.0,0.0,0,0,0.0,5510.7,1,0,0.0,0
LGS2ORD0021437,C010437,2025-06-19 18:00:00,Female,29,Silver,Web,Bangkok,805,Lazada,Credit_Card,18,6,3,0,20-30,26.833333333333332,0.0,0.0,0.0,-1,-1,0.0,0.0,0.0,0.0,0.0,0.0,0,0,0.0,0.0,0,0,0.0,0.0,0,0,0.0,0.0,0,0,0.0,0
LGS2ORD0021438,C012817,2025-06-19 18:00:00,Female,68,Silver,Lazada,Bangkok,293,CallCenter,COD,18,6,3,0,>50,9.766666666666667,1.0,0.0,0.0,-1,112,12127.84,0.2,0.0,0.0,0.0,0.0,0,0,0.0,0.0,0,0,0.0,0.0,0,0,0.0,12127.84,1,0,0.0,0
LGS2ORD0021439,C014217,2025-06-19 19:00:00,Male,44,Silver,Shopee,Chiang Mai,1399,Lazada,COD,19,6,3,0,40-50,46.63333333333333,5.0,1.0,0.2,0,8,9186.080000000002,0.3,0.6,0.2,0.0,0.0,0,0,0.0,20535.85,2,1,0.5,28145.07,3,1,0.3333333333333333,45930.40000000001,5,1,0.2,0
LGS2ORD0021440,C017135,2025-06-19 19:00:00,Female,30,Bronze,TV,Bangkok,1575,CallCenter,COD,19,6,3,0,20-30,52.5,4.0,0.0,0.0,-1,24,8476.3375,0.28,0.5,0.5,0.0,0.0,0,0,0.0,24078.26,1,0,0.0,24078.26,1,0,0.0,33905.35,4,0,0.0,0
LGS2ORD0021441,C016240,2025-06-19 19:00:00,Female,42,Bronze,TV,Bangkok,871,CallCenter,COD,19,6,3,0,40-50,29.033333333333335,4.0,1.0,0.25,-4,9,9019.9925,0.23,0.75,0.25,0.0,0.0,0,0,0.0,29704.719999999998,3,1,0.3333333333333333,36079.97,4,1,0.25,36079.97,4,1,0.25,0
LGS2ORD0021442,C010020,2025-06-19 19:00:00,Male,34,Bronze,TV,Chiang Mai,1555,TV_Show,Credit_Card,19,6,3,0,30-40,51.833333333333336,1.0,0.0,0.0,-1,90,1084.25,0.28,0.0,1.0,0.0,0.0,0,0,0.0,0.0,0,0,0.0,0.0,0,0,0.0,1084.25,1,0,0.0,0
LGS2ORD0021443,C012220,2025-06-19 19:00:00,Male,52,Silver,TV,Bangkok,1180,Web,Bank_Transfer,19,6,3,0,>50,39.333333333333336,2.0,0.0,0.0,-1,26,511.28499999999997,0.25,0.5,0.5,0.0,0.0,0,0,0.0,475.4,1,0,0.0,475.4,1,0,0.0,1022.5699999999999,2,0,0.0,0
LGS2ORD0021444,C015703,2025-06-19 20:00:00,Female,32,Silver,TV,Nakhon Ratchasima,710,TV_Show,COD,20,6,3,0,30-40,23.666666666666668,1.0,1.0,1.0,9,23,1345.09,0.2,1.0,0.0,0.0,0.0,0,0,0.0,1345.09,1,1,1.0,1345.09,1,1,1.0,1345.09,1,1,1.0,0
LGS2ORD0021445,C013698,2025-06-19 20:00:00,Female,24,Bronze,TV,Remote_Area,501,Shopee,COD,20,6,3,0,20-30,16.7,5.0,2.0,0.4,54,33,3059.83,0.28,0.4,0.4,0.0,0.0,0,0,0.0,0.0,0,0,0.0,14182.91,4,2,0.5,15299.15,5,2,0.4,1
LGS2ORD0021446,C011296,2025-06-19 20:00:00,Male,40,Bronze,Lazada,Chonburi,1035,Web,Credit_Card,20,6,3,0,30-40,34.5,3.0,0.0,0.0,-1,63,3054.796666666667,0.03,0.6666666666666666,0.0,0.0,0.0,0,0,0.0,0.0,0,0,0.0,2340.78,1,0,0.0,9164.390000000001,3,0,0.0,0
LGS2ORD0021447,C017525,2025-06-19 20:00:00,Male,41,Silver,CallCenter,Nakhon Ratchasima,1130,Shopee,Bank_Transfer,20,6,3,0,40-50,37.666666666666664,1.0,0.0,0.0,-1,28,10560.0,0.05,1.0,0.0,0.0,0.0,0,0,0.0,10560.0,1,0,0.0,10560.0,1,0,0.0,10560.0,1,0,0.0,0
LGS2ORD0021448,C013956,2025-06-19 20:00:00,Other,41,Platinum,Lazada,Songkhla,1556,Web,COD,20,6,3,0,40-50,51.86666666666667,4.0,0.0,0.0,-1,43,4267.4125,0.2,0.75,0.0,0.0,0.0,0,0,0.0,0.0,0,0,0.0,11344.02,2,0,0.0,17069.65,4,0,0.0,1
LGS2ORD0021449,C016325,2025-06-19 20:00:00,Female,52,Bronze,TV,Remote_Area,1272,Web,COD,20,6,3,0,>50,42.4,5.0,2.0,0.4,115,29,3487.3460000000005,0.28,0.4,0.4,0.0,0.0,0,0,0.0,2341.34,1,0,0.0,6960.6900000000005,3,0,0.0,17436.730000000003,5,2,0.4,0
LGS2ORD0021450,C015648,2025-06-19 21:00:00,Male,38,Silver,TV,Bangkok,625,Lazada,COD,21,6,3,0,30-40,20.833333333333332,5.0,1.0,0.2,80,19,2076.482,0.25,0.6,0.2,0.0,0.0,0,0,0.0,2270.22,1,0,0.0,9185.13,4,0,0.0,10382.41,5,1,0.2,1
LGS2ORD0021451,C011229,2025-06-19 21:00:00,Male,42,Silver,Web,Bangkok,1520,Lazada,COD,21,6,3,0,40-50,50.666666666666664,2.0,0.0,0.0,-1,56,5777.0599999999995,0.1,0.5,0.0,0.0,0.0,0,0,0.0,0.0,0,0,0.0,10533.21,1,0,0.0,11554.119999999999,2,0,0.0,1
LGS2ORD0021452,C012676,2025-06-19 21:00:00,Female,59,Bronze,Lazada,Bangkok,518,Shopee,COD,21,6,3,0,>50,17.266666666666666,2.0,0.0,0.0,-1,12,7748.174999999999,0.28,0.0,0.5,0.0,0.0,0,0,0.0,6242.78,1,0,0.0,15496.349999999999,2,0,0.0,15496.349999999999,2,0,0.0,1
LGS2ORD0021453,C013205,2025-06-19 21:00:00,Male,50,Bronze,TV,Remote_Area,616,TV_Show,Credit_Card,21,6,3,0,40-50,20.533333333333335,3.0,1.0,0.3333333333333333,50,62,4944.849999999999,0.18,0.0,0.0,0.0,0.0,0,0,0.0,0.0,0,0,0.0,7068.85,1,1,1.0,14834.55,3,1,0.3333333333333333,1
LGS2ORD0021454,C017546,2025-06-19 21:00:00,Male,34,Gold,Shopee,Bangkok,1492,CallCenter,COD,21,6,3,0,30-40,49.733333333333334,1.0,0.0,0.0,-1,44,1484.22,0.13,1.0,0.0,0.0,0.0,0,0,0.0,0.0,0,0,0.0,1484.22,1,0,0.0,1484.22,1,0,0.0,0
LGS2ORD0021455,C013852,2025-06-19 22:00:00,Male,51,Bronze,TV,Chonburi,1520,TV_Show,Credit_Card,22,6,3,0,>50,50.666666666666664,5.0,2.0,0.4,102,63,2241.8979999999997,0.28,0.6,0.4,0.0,0.0,0,0,0.0,0.0,0,0,0.0,2197.62,1,0,0.0,11209.489999999998,5,2,0.4,0
LGS2ORD0021456,C010105,2025-06-19 22:00:00,Female,43,Gold,Lazada,Bangkok,1418,CallCenter,COD,22,6,3,0,40-50,47.266666666666666,3.0,1.0,0.3333333333333333,126,96,14896.616666666669,0.28,0.6666666666666666,0.6666666666666666,0.0,0.0,0,0,0.0,0.0,0,0,0.0,0.0,0,0,0.0,44689.850000000006,3,1,0.3333333333333333,0
LGS2ORD0021457,C015389,2025-06-19 22:00:00,Male,25,Bronze,Web,Khon Kaen,986,Web,Credit_Card,22,6,3,0,20-30,32.86666666666667,1.0,0.0,0.0,-1,156,35198.7,0.03,1.0,0.0,0.0,0.0,0,0,0.0,0.0,0,0,0.0,0.0,0,0,0.0,35198.7,1,0,0.0,0
LGS2ORD0021458,C013780,2025-06-19 22:00:00,Other,20,Bronze,Web,Nakhon Ratchasima,782,TV_Show,Credit_Card,22,6,3,0,<20,26.066666666666666,5.0,1.0,0.2,-2,9,2412.0420000000004,0.28,0.8,0.4,0.0,0.0,0,0,0.0,3306.6000000000004,2,1,0.5,7002.24,4,1,0.25,12060.210000000001,5,1,0.2,0
LGS2ORD0021459,C016439,2025-06-19 22:00:00,Male,29,Silver,Web,Remote_Area,1606,Shopee,COD,22,6,3,0,20-30,53.53333333333333,2.0,1.0,0.5,101,84,2046.245,0.2,0.5,0.0,0.0,0.0,0,0,0.0,0.0,0,0,0.0,2850.89,1,0,0.0,4092.49,2,1,0.5,0
LGS2ORD0021460,C012580,2025-06-19 23:00:00,Female,39,Bronze,Lazada,Chiang Mai,984,Shopee,Credit_Card,23,6,3,0,30-40,32.8,3.0,1.0,0.3333333333333333,72,6,5985.033333333333,0.28,1.0,0.3333333333333333,0.0,756.17,1,0,0.0,756.17,1,0,0.0,17955.1,3,1,0.3333333333333333,17955.1,3,1,0.3333333333333333,0
LGS2ORD0021461,C017676,2025-06-19 23:00:00,Female,37,Bronze,Lazada,Chiang Mai,1140,TV_Show,COD,23,6,3,0,30-40,38.0,2.0,1.0,0.5,135,141,1190.53,0.23,1.0,0.5,0.0,0.0,0,0,0.0,0.0,0,0,0.0,0.0,0,0,0.0,2381.06,2,1,0.5,1
LGS2ORD0021462,C016684,2025-06-19 23:00:00,Female,33,Gold,Lazada,Chonburi,601,Web,Credit_Card,23,6,3,0,30-40,20.033333333333335,3.0,1.0,0.3333333333333333,10,20,6913.186666666667,0.33,0.0,0.3333333333333333,0.0,0.0,0,0,0.0,1650.65,1,1,1.0,3105.79,2,1,0.5,20739.56,3,1,0.3333333333333333,0
LGS2ORD0021463,C013647,2025-06-19 23:00:00,Male,44,Bronze,Web,Remote_Area,1404,Shopee,COD,23,6,3,0,40-50,46.8,0.0,0.0,0.0,-1,-1,0.0,0.0,0.0,0.0,0.0,0.0,0,0,0.0,0.0,0,0,0.0,0.0,0,0,0.0,0.0,0,0,0.0,1
LGS2ORD0021464,C016155,2025-06-19 23:00:00,Female,54,Bronze,TV,Chiang Mai,1225,Shopee,COD,23,6,3,0,>50,40.833333333333336,3.0,0.0,0.0,-1,49,6083.599999999999,0.18,0.6666666666666666,0.0,0.0,0.0,0,0,0.0,0.0,0,0,0.0,4663.94,1,0,0.0,18250.8,3,0,0.0,0
LGS2ORD0021465,C016029,2025-06-20 00:00:00,Male,43,Silver,Shopee,Khon Kaen,563,Web,Bank_Transfer,0,6,4,0,40-50,18.766666666666666,6.0,2.0,0.3333333333333333,54,7,2961.1666666666665,0.3,0.8333333333333334,0.16666666666666666,0.0,0.0,0,0,0.0,1116.55,1,0,0.0,10547.759999999998,3,1,0.3333333333333333,17767.0,6,2,0.3333333333333333,0
LGS2ORD0021466,C011418,2025-06-20 00:00:00,Female,41,Silver,TV,Songkhla,239,Lazada,Bank_Transfer,0,6,4,0,40-50,7.966666666666667,2.0,0.0,0.0,-1,20,3929.285,0.1,0.0,0.0,0.0,0.0,0,0,0.0,5400.5,1,0,0.0,5400.5,1,0,0.0,7858.57,2,0,0.0,1
LGS2ORD0021467,C014852,2025-06-20 00:00:00,Male,31,Bronze,TV,Bangkok,881,TV_Show,PromptPay,0,6,4,0,30-40,29.366666666666667,2.0,0.0,0.0,-1,8,2342.6,0.13,0.5,0.0,0.0,0.0,0,0,0.0,2280.22,1,0,0.0,2280.22,1,0,0.0,4685.2,2,0,0.0,0
LGS2ORD0021468,C013851,2025-06-20 00:00:00,Male,42,Bronze,TV,Chiang Mai,791,Web,COD,0,6,4,0,40-50,26.366666666666667,2.0,0.0,0.0,-1,118,2395.4049999999997,0.23,0.0,0.5,0.0,0.0,0,0,0.0,0.0,0,0,0.0,0.0,0,0,0.0,4790.8099999999995,2,0,0.0,0
LGS2ORD0021469,C015557,2025-06-20 00:00:00,Female,44,Bronze,TV,Nakhon Ratchasima,255,Shopee,COD,0,6,4,0,40-50,8.5,1.0,0.0,0.0,-1,116,3504.62,0.18,0.0,0.0,0.0,0.0,0,0,0.0,0.0,0,0,0.0,0.0,0,0,0.0,3504.62,1,0,0.0,1
LGS2ORD0021470,C013151,2025-06-20 00:00:00,Female,40,Platinum,Lazada,Bangkok,1353,Lazada,COD,0,6,4,0,30-40,45.1,0.0,0.0,0.0,-1,-1,0.0,0.0,0.0,0.0,0.0,0.0,0,0,0.0,0.0,0,0,0.0,0.0,0,0,0.0,0.0,0,0,0.0,0
LGS2ORD0021471,C010167,2025-06-20 01:00:00,Male,57,Bronze,TV,Bangkok,1121,CallCenter,COD,1,6,4,0,>50,37.36666666666667,6.0,1.0,0.16666666666666666,81,16,5913.923333333333,0.13,0.3333333333333333,0.0,0.0,0.0,0,0,0.0,19978.61,3,0,0.0,21868.16,4,0,0.0,35483.54,6,1,0.16666666666666666,0
LGS2ORD0021472,C012256,2025-06-20 01:00:00,Male,20,Silver,Lazada,Remote_Area,920,Lazada,PromptPay,1,6,4,0,<20,30.666666666666668,3.0,1.0,0.3333333333333333,7,19,6455.646666666667,0.1,0.3333333333333333,0.0,0.0,0.0,0,0,0.0,2412.33,1,1,1.0,19366.940000000002,3,1,0.3333333333333333,19366.940000000002,3,1,0.3333333333333333,0
LGS2ORD0021473,C010074,2025-06-20 01:00:00,Female,61,Platinum,TV,Chiang Mai,1060,Lazada,COD,1,6,4,0,>50,35.333333333333336,4.0,0.0,0.0,-1,85,6705.85,0.25,0.75,0.25,0.0,0.0,0,0,0.0,0.0,0,0,0.0,2415.21,1,0,0.0,26823.4,4,0,0.0,0
LGS2ORD0021474,C011769,2025-06-20 01:00:00,Female,46,Gold,Shopee,Chiang Mai,837,Shopee,Credit_Card,1,6,4,0,40-50,27.9,1.0,0.0,0.0,-1,126,283.5,0.13,1.0,0.0,0.0,0.0,0,0,0.0,0.0,0,0,0.0,0.0,0,0,0.0,283.5,1,0,0.0,0
LGS2ORD0021475,C014901,2025-06-20 01:00:00,Female,28,Bronze,TV,Bangkok,1341,Web,COD,1,6,4,0,20-30,44.7,2.0,0.0,0.0,-1,26,5143.95,0.18,0.5,0.0,0.0,0.0,0,0,0.0,3866.66,1,0,0.0,3866.66,1,0,0.0,10287.9,2,0,0.0,1
LGS2ORD0021476,C010276,2025-06-20 02:00:00,Female,18,Bronze,TV,Chonburi,983,Lazada,PromptPay,2,6,4,0,<20,32.766666666666666,3.0,1.0,0.3333333333333333,83,21,2926.3433333333337,0.23,0.6666666666666666,0.3333333333333333,0.0,0.0,0,0,0.0,4824.1,1,0,0.0,4824.1,1,0,0.0,8779.03,3,1,0.3333333333333333,0
LGS2ORD0021477,C011464,2025-06-20 02:00:00,Female,38,Gold,Lazada,Bangkok,407,Web,COD,2,6,4,0,30-40,13.566666666666666,4.0,0.0,0.0,-1,31,2427.9849999999997,0.28,0.5,0.75,0.0,0.0,0,0,0.0,0.0,0,0,0.0,7328.53,3,0,0.0,9711.939999999999,4,0,0.0,0
LGS2ORD0021478,C013132,2025-06-20 02:00:00,Female,31,Gold,Shopee,Bangkok,511,Shopee,COD,2,6,4,0,30-40,17.033333333333335,1.0,0.0,0.0,-1,153,6104.34,0.13,0.0,0.0,0.0,0.0,0,0,0.0,0.0,0,0,0.0,0.0,0,0,0.0,6104.34,1,0,0.0,0
LGS2ORD0021479,C014726,2025-06-20 02:00:00,Female,38,Gold,TV,Chiang Mai,238,Web,PromptPay,2,6,4,0,30-40,7.933333333333334,7.0,1.0,0.14285714285714285,147,2,10302.695714285714,0.33,0.42857142857142855,0.42857142857142855,0.0,15934.62,1,0,0.0,15934.62,1,0,0.0,15934.62,1,0,0.0,72118.87,7,1,0.14285714285714285,0
LGS2ORD0021480,C016396,2025-06-20 02:00:00,Female,30,Silver,Web,Chiang Mai,1597,TV_Show,Bank_Transfer,2,6,4,0,20-30,53.233333333333334,4.0,3.0,0.75,20,36,4194.9475,0.3,0.0,0.25,0.0,0.0,0,0,0.0,0.0,0,0,0.0,5580.47,2,1,0.5,16779.79,4,3,0.75,0
LGS2ORD0021481,C013219,2025-06-20 03:00:00,Other,18,Gold,Shopee,Chiang Mai,1235,Shopee,Bank_Transfer,3,6,4,0,<20,41.166666666666664,1.0,0.0,0.0,-1,3,1142.85,0.08,0.0,0.0,0.0,1142.85,1,0,0.0,1142.85,1,0,0.0,1142.85,1,0,0.0,1142.85,1,0,0.0,0
LGS2ORD0021482,C011758,2025-06-20 03:00:00,Female,34,Gold,Lazada,Chiang Mai,278,Lazada,Credit_Card,3,6,4,0,30-40,9.266666666666667,1.0,0.0,0.0,-1,85,2971.69,0.28,1.0,1.0,0.0,0.0,0,0,0.0,0.0,0,0,0.0,2971.69,1,0,0.0,2971.69,1,0,0.0,1
LGS2ORD0021483,C015261,2025-06-20 03:00:00,Male,54,Silver,CallCenter,Chiang Mai,1517,TV_Show,PromptPay,3,6,4,0,>50,50.56666666666667,1.0,0.0,0.0,-1,94,9837.13,0.15,0.0,0.0,0.0,0.0,0,0,0.0,0.0,0,0,0.0,0.0,0,0,0.0,9837.13,1,0,0.0,0
LGS2ORD0021484,C015308,2025-06-20 03:00:00,Female,33,Bronze,Lazada,Bangkok,1553,Web,Credit_Card,3,6,4,0,30-40,51.766666666666666,1.0,0.0,0.0,-1,124,2545.57,0.18,1.0,0.0,0.0,0.0,0,0,0.0,0.0,0,0,0.0,0.0,0,0,0.0,2545.57,1,0,0.0,1
LGS2ORD0021485,C017047,2025-06-20 03:00:00,Male,50,Platinum,Shopee,Bangkok,1509,TV_Show,COD,3,6,4,0,40-50,50.3,1.0,0.0,0.0,-1,86,2222.74,0.25,1.0,1.0,0.0,0.0,0,0,0.0,0.0,0,0,0.0,2222.74,1,0,0.0,2222.74,1,0,0.0,0
LGS2ORD0021486,C010661,2025-06-20 04:00:00,Female,46,Bronze,Web,Phuket,1304,Shopee,COD,4,6,4,0,40-50,43.46666666666667,5.0,2.0,0.4,23,20,2238.79,0.28,0.6,0.2,0.0,0.0,0,0,0.0,629.24,1,0,0.0,8240.29,4,1,0.25,11193.95,5,2,0.4,1
LGS2ORD0021487,C011415,2025-06-20 04:00:00,Male,40,Platinum,TV,Bangkok,780,Shopee,Credit_Card,4,6,4,0,30-40,26.0,2.0,1.0,0.5,2,8,3290.815,0.15,0.5,0.0,0.0,0.0,0,0,0.0,3609.79,1,1,1.0,6581.63,2,1,0.5,6581.63,2,1,0.5,0
LGS2ORD0021488,C012529,2025-06-20 04:00:00,Female,51,Silver,TV,Remote_Area,1567,Lazada,PromptPay,4,6,4,0,>50,52.233333333333334,5.0,3.0,0.6,0,4,6060.936,0.3,0.8,0.4,0.0,22745.38,1,1,1.0,23117.54,2,2,1.0,24751.77,3,2,0.6666666666666666,30304.68,5,3,0.6,0
LGS2ORD0021489,C013353,2025-06-20 04:00:00,Male,46,Bronze,CallCenter,Khon Kaen,1497,Web,COD,4,6,4,0,40-50,49.9,1.0,0.0,0.0,-1,122,1046.73,0.18,1.0,0.0,0.0,0.0,0,0,0.0,0.0,0,0,0.0,0.0,0,0,0.0,1046.73,1,0,0.0,1
LGS2ORD0021490,C010475,2025-06-20 04:00:00,Female,44,Bronze,TV,Phuket,1602,Lazada,Bank_Transfer,4,6,4,0,40-50,53.4,3.0,1.0,0.3333333333333333,146,75,5759.28,0.23,0.3333333333333333,0.6666666666666666,0.0,0.0,0,0,0.0,0.0,0,0,0.0,3476.29,1,0,0.0,17277.84,3,1,0.3333333333333333,1
LGS2ORD0021491,C017678,2025-06-20 04:00:00,Male,18,Bronze,Shopee,Remote_Area,1267,CallCenter,COD,4,6,4,0,<20,42.233333333333334,9.0,3.0,0.3333333333333333,65,8,2421.331111111111,0.28,0.4444444444444444,0.2222222222222222,0.1111111111111111,0.0,0,0,0.0,2972.28,1,0,0.0,10777.58,5,3,0.6,21791.98,9,3,0.3333333333333333,0
LGS2ORD0021492,C011962,2025-06-20 05:00:00,Female,38,Silver,Lazada,Remote_Area,1602,Lazada,Credit_Card,5,6,4,0,30-40,53.4,3.0,0.0,0.0,-1,77,7058.2666666666655,0.3,0.0,0.6666666666666666,0.0,0.0,0,0,0.0,0.0,0,0,0.0,11033.97,2,0,0.0,21174.799999999996,3,0,0.0,0
LGS2ORD0021493,C017386,2025-06-20 05:00:00,Male,66,Bronze,Shopee,Remote_Area,692,Shopee,Bank_Transfer,5,6,4,0,>50,23.066666666666666,3.0,1.0,0.3333333333333333,42,47,4993.32,0.28,0.6666666666666666,0.3333333333333333,0.0,0.0,0,0,0.0,0.0,0,0,0.0,2338.41,2,1,0.5,14979.96,3,1,0.3333333333333333,0
LGS2ORD0021494,C014391,2025-06-20 05:00:00,Male,23,Bronze,Web,Chiang Mai,712,Web,Credit_Card,5,6,4,0,20-30,23.733333333333334,3.0,0.0,0.0,-1,94,4366.75,0.23,0.6666666666666666,0.3333333333333333,0.0,0.0,0,0,0.0,0.0,0,0,0.0,0.0,0,0,0.0,13100.25,3,0,0.0,0
LGS2ORD0021495,C010128,2025-06-20 05:00:00,Male,37,Bronze,Shopee,Phuket,309,Lazada,Bank_Transfer,5,6,4,0,30-40,10.3,4.0,2.0,0.5,65,11,4045.295,0.28,0.5,0.5,0.0,0.0,0,0,0.0,3647.18,1,0,0.0,12316.19,3,1,0.3333333333333333,16181.18,4,2,0.5,0
LGS2ORD0021496,C015648,2025-06-20 05:00:00,Male,38,Silver,TV,Bangkok,626,CallCenter,COD,5,6,4,0,30-40,20.866666666666667,6.0,2.0,0.3333333333333333,-14,0,1827.61,0.25,0.6666666666666666,0.16666666666666666,0.0,583.25,1,1,1.0,2853.47,2,1,0.5,9768.38,5,1,0.2,10965.66,6,2,0.3333333333333333,0
LGS2ORD0021497,C010993,2025-06-20 06:00:00,Female,50,Bronze,TV,Remote_Area,570,Lazada,COD,6,6,4,0,40-50,19.0,1.0,1.0,1.0,30,41,2023.02,0.03,1.0,0.0,0.0,0.0,0,0,0.0,0.0,0,0,0.0,2023.02,1,1,1.0,2023.02,1,1,1.0,0
LGS2ORD0021498,C010579,2025-06-20 06:00:00,Male,42,Bronze,TV,Bangkok,379,Lazada,COD,6,6,4,0,40-50,12.633333333333333,4.0,2.0,0.5,114,18,8659.4925,0.28,0.5,0.5,0.0,0.0,0,0,0.0,6977.54,1,0,0.0,9795.529999999999,2,0,0.0,34637.97,4,2,0.5,0
LGS2ORD0021499,C010706,2025-06-20 06:00:00,Female,37,Silver,Lazada,Chonburi,390,TV_Show,COD,6,6,4,0,30-40,13.0,1.0,1.0,1.0,113,124,3593.91,0.1,1.0,0.0,0.0,0.0,0,0,0.0,0.0,0,0,0.0,0.0,0,0,0.0,3593.91,1,1,1.0,1
LGS2ORD0021500,C013028,2025-06-20 06:00:00,Female,67,Silver,Lazada,Khon Kaen,272,TV_Show,COD,6,6,4,0,>50,9.066666666666666,3.0,1.0,0.3333333333333333,39,27,8025.95,0.25,0.3333333333333333,0.3333333333333333,0.0,0.0,0,0,0.0,21306.59,1,0,0.0,22427.14,2,1,0.5,24077.85,3,1,0.3333333333333333,1
LGS2ORD0021501,C014238,2025-06-20 06:00:00,Female,66,Silver,TV,Khon Kaen,1193,Shopee,Bank_Transfer,6,6,4,0,>50,39.766666666666666,5.0,2.0,0.4,36,33,7575.553999999999,0.3,0.6,0.4,0.0,0.0,0,0,0.0,0.0,0,0,0.0,28433.589999999997,4,2,0.5,37877.77,5,2,0.4,0
LGS2ORD0021502,C016898,2025-06-20 07:00:00,Female,49,Bronze,Shopee,Phuket,1437,CallCenter,PromptPay,7,6,4,0,40-50,47.9,9.0,3.0,0.3333333333333333,37,45,9989.838888888888,0.28,0.3333333333333333,0.3333333333333333,0.0,0.0,0,0,0.0,0.0,0,0,0.0,34788.21,3,2,0.6666666666666666,89908.54999999999,9,3,0.3333333333333333,0
LGS2ORD0021503,C011069,2025-06-20 07:00:00,Female,47,Silver,Lazada,Phuket,514,Web,Bank_Transfer,7,6,4,0,40-50,17.133333333333333,2.0,0.0,0.0,-1,6,6166.385,0.25,0.5,1.0,0.0,826.42,1,0,0.0,826.42,1,0,0.0,826.42,1,0,0.0,12332.77,2,0,0.0,0
LGS2ORD0021504,C011165,2025-06-20 07:00:00,Female,58,Silver,Web,Remote_Area,858,Web,COD,7,6,4,0,>50,28.6,5.0,1.0,0.2,112,0,5638.132,0.25,0.6,0.2,0.0,7617.16,1,0,0.0,7617.16,1,0,0.0,11711.93,2,0,0.0,28190.66,5,1,0.2,0
LGS2ORD0021505,C013273,2025-06-20 07:00:00,Female,27,Gold,Web,Songkhla,359,TV_Show,COD,7,6,4,0,20-30,11.966666666666667,1.0,1.0,1.0,-1,6,3466.84,0.08,1.0,0.0,0.0,3466.84,1,1,1.0,3466.84,1,1,1.0,3466.84,1,1,1.0,3466.84,1,1,1.0,0
LGS2ORD0021506,C016711,2025-06-20 07:00:00,Female,39,Bronze,TV,Bangkok,621,TV_Show,Credit_Card,7,6,4,0,30-40,20.7,4.0,2.0,0.5,-6,1,9226.7225,0.18,0.5,0.0,0.0,3116.64,1,1,1.0,13124.84,2,1,0.5,13124.84,2,1,0.5,36906.89,4,2,0.5,0
LGS2ORD0021507,C013831,2025-06-20 08:00:00,Male,27,Silver,TV,Nakhon Ratchasima,229,Shopee,Credit_Card,8,6,4,0,20-30,7.633333333333334,3.0,0.0,0.0,-1,19,9103.26,0.1,0.6666666666666666,0.0,0.0,0.0,0,0,0.0,24482.79,1,0,0.0,25623.11,2,0,0.0,27309.78,3,0,0.0,0
LGS2ORD0021508,C010663,2025-06-20 08:00:00,Male,32,Bronze,TV,Songkhla,1167,TV_Show,COD,8,6,4,0,30-40,38.9,10.0,3.0,0.3,-14,0,2971.9119999999994,0.28,0.5,0.4,0.0,1557.73,1,1,1.0,3874.93,3,2,0.6666666666666666,21869.04,7,3,0.42857142857142855,29719.119999999995,10,3,0.3,1
LGS2ORD0021509,C014534,2025-06-20 08:00:00,Male,58,Bronze,TV,Phuket,660,Lazada,COD,8,6,4,0,>50,22.0,2.0,1.0,0.5,153,20,1805.52,0.18,0.5,0.0,0.0,0.0,0,0,0.0,838.18,1,0,0.0,838.18,1,0,0.0,3611.04,2,1,0.5,1
LGS2ORD0021510,C015824,2025-06-20 08:00:00,Male,51,Bronze,Shopee,Nakhon Ratchasima,991,TV_Show,Credit_Card,8,6,4,0,>50,33.03333333333333,5.0,3.0,0.6,-1,4,2371.6639999999998,0.13,0.6,0.0,0.0,6558.74,1,1,1.0,6558.74,1,1,1.0,9426.33,4,3,0.75,11858.32,5,3,0.6,1
LGS2ORD0021511,C016385,2025-06-20 08:00:00,Male,53,Gold,Web,Phuket,217,Lazada,COD,8,6,4,0,>50,7.233333333333333,2.0,0.0,0.0,-1,68,2774.295,0.2299999999999999,0.5,0.5,0.0,0.0,0,0,0.0,0.0,0,0,0.0,3510.59,1,0,0.0,5548.59,2,0,0.0,0
LGS2ORD0021512,C015509,2025-06-20 08:00:00,Female,52,Gold,Shopee,Phuket,826,Web,COD,8,6,4,0,>50,27.533333333333335,5.0,1.0,0.2,36,13,940.1719999999999,0.33,0.0,0.8,0.0,0.0,0,0,0.0,2436.65,3,0,0.0,3326.61,4,1,0.25,4700.86,5,1,0.2,0
LGS2ORD0021513,C014343,2025-06-20 09:00:00,Female,50,Silver,CallCenter,Remote_Area,1182,Lazada,Credit_Card,9,6,4,0,40-50,39.4,3.0,1.0,0.3333333333333333,32,36,1995.9266666666665,0.25,0.3333333333333333,0.6666666666666666,0.0,0.0,0,0,0.0,0.0,0,0,0.0,5987.78,3,1,0.3333333333333333,5987.78,3,1,0.3333333333333333,0
LGS2ORD0021514,C017376,2025-06-20 09:00:00,Female,48,Gold,Shopee,Bangkok,1012,CallCenter,COD,9,6,4,0,40-50,33.733333333333334,1.0,1.0,1.0,1,16,725.99,0.28,1.0,1.0,0.0,0.0,0,0,0.0,725.99,1,1,1.0,725.99,1,1,1.0,725.99,1,1,1.0,1
LGS2ORD0021515,C014711,2025-06-20 09:00:00,Female,49,Silver,Web,Songkhla,804,CallCenter,PromptPay,9,6,4,0,40-50,26.8,3.0,2.0,0.6666666666666666,2,10,2904.286666666667,0.25,0.6666666666666666,0.3333333333333333,0.0,0.0,0,0,0.0,4417.88,1,1,1.0,4417.88,1,1,1.0,8712.86,3,2,0.6666666666666666,1
LGS2ORD0021516,C010932,2025-06-20 09:00:00,Female,54,Silver,Web,Songkhla,636,TV_Show,COD,9,6,4,0,>50,21.2,1.0,0.0,0.0,-1,52,1501.9,0.2,0.0,0.0,0.0,0.0,0,0,0.0,0.0,0,0,0.0,1501.9,1,0,0.0,1501.9,1,0,0.0,0
LGS2ORD0021517,C016826,2025-06-20 09:00:00,Female,38,Silver,Web,Chiang Mai,797,Shopee,Credit_Card,9,6,4,0,30-40,26.566666666666666,0.0,0.0,0.0,-1,-1,0.0,0.0,0.0,0.0,0.0,0.0,0,0,0.0,0.0,0,0,0.0,0.0,0,0,0.0,0.0,0,0,0.0,0
LGS2ORD0021518,C011534,2025-06-20 10:00:00,Female,33,Bronze,TV,Khon Kaen,204,TV_Show,COD,10,6,4,0,30-40,6.8,4.0,1.0,0.25,123,9,4072.1,0.23,0.5,0.25,0.0,0.0,0,0,0.0,2265.9,1,0,0.0,14070.24,2,0,0.0,16288.4,4,1,0.25,1
LGS2ORD0021519,C014198,2025-06-20 10:00:00,Male,37,Gold,Shopee,Khon Kaen,631,TV_Show,COD,10,6,4,0,30-40,21.033333333333335,3.0,1.0,0.3333333333333333,2,14,2208.64,0.28,0.6666666666666666,0.3333333333333333,0.0,0.0,0,0,0.0,661.99,1,1,1.0,6625.919999999999,3,1,0.3333333333333333,6625.919999999999,3,1,0.3333333333333333,0
LGS2ORD0021520,C016699,2025-06-20 10:00:00,Female,41,Silver,Web,Khon Kaen,1521,Shopee,COD,10,6,4,0,40-50,50.7,3.0,0.0,0.0,-1,16,4688.793333333334,0.25,0.6666666666666666,0.3333333333333333,0.0,0.0,0,0,0.0,9616.26,1,0,0.0,10871.16,2,0,0.0,14066.380000000001,3,0,0.0,1
LGS2ORD0021521,C012253,2025-06-20 10:00:00,Other,41,Silver,Web,Chonburi,958,TV_Show,PromptPay,10,6,4,0,40-50,31.933333333333334,3.0,0.0,0.0,-1,12,5767.046666666666,0.2,0.3333333333333333,0.0,0.0,0.0,0,0,0.0,7431.81,1,0,0.0,12432.16,2,0,0.0,17301.14,3,0,0.0,0
LGS2ORD0021522,C017430,2025-06-20 10:00:00,Female,51,Silver,CallCenter,Remote_Area,1194,Lazada,COD,10,6,4,0,>50,39.8,3.0,1.0,0.3333333333333333,116,63,1510.5433333333333,0.05,0.6666666666666666,0.0,0.0,0.0,0,0,0.0,0.0,0,0,0.0,690.91,1,0,0.0,4531.63,3,1,0.3333333333333333,0
LGS2ORD0021523,C014633,2025-06-20 11:00:00,Male,38,Bronze,CallCenter,Chonburi,285,TV_Show,COD,11,6,4,0,30-40,9.5,2.0,0.0,0.0,-1,95,2816.91,0.23,1.0,0.5,0.0,0.0,0,0,0.0,0.0,0,0,0.0,0.0,0,0,0.0,5633.82,2,0,0.0,0
LGS2ORD0021524,C015518,2025-06-20 11:00:00,Male,57,Silver,Shopee,Bangkok,1238,CallCenter,Credit_Card,11,6,4,0,>50,41.266666666666666,1.0,0.0,0.0,-1,159,3275.3,0.05,1.0,0.0,0.0,0.0,0,0,0.0,0.0,0,0,0.0,0.0,0,0,0.0,3275.3,1,0,0.0,0
LGS2ORD0021525,C017799,2025-06-20 11:00:00,Female,43,Gold,Lazada,Khon Kaen,1396,Web,PromptPay,11,6,4,0,40-50,46.53333333333333,3.0,0.0,0.0,-1,26,10969.363333333333,0.2299999999999999,0.3333333333333333,0.3333333333333333,0.0,0.0,0,0,0.0,3412.33,1,0,0.0,23124.699999999997,2,0,0.0,32908.09,3,0,0.0,1
LGS2ORD0021526,C014107,2025-06-20 11:00:00,Male,42,Platinum,TV,Chiang Mai,575,Shopee,Credit_Card,11,6,4,0,40-50,19.166666666666668,3.0,2.0,0.6666666666666666,20,23,9520.68,0.3,0.3333333333333333,0.6666666666666666,0.0,0.0,0,0,0.0,1869.87,1,0,0.0,28562.04,3,2,0.6666666666666666,28562.04,3,2,0.6666666666666666,0
LGS2ORD0021527,C015566,2025-06-20 11:00:00,Male,47,Bronze,TV,Bangkok,947,Lazada,COD,11,6,4,0,40-50,31.566666666666666,3.0,0.0,0.0,-1,14,5069.863333333334,0.23,0.6666666666666666,0.3333333333333333,0.0,0.0,0,0,0.0,6339.11,2,0,0.0,6339.11,2,0,0.0,15209.59,3,0,0.0,0
LGS2ORD0021528,C010255,2025-06-20 12:00:00,Female,66,Silver,CallCenter,Khon Kaen,1445,Web,COD,12,6,4,0,>50,48.166666666666664,5.0,2.0,0.4,131,98,7497.488,0.25,1.0,0.2,0.0,0.0,0,0,0.0,0.0,0,0,0.0,0.0,0,0,0.0,37487.44,5,2,0.4,0
LGS2ORD0021529,C015486,2025-06-20 12:00:00,Female,21,Bronze,Shopee,Khon Kaen,1223,Shopee,COD,12,6,4,0,20-30,40.766666666666666,3.0,2.0,0.6666666666666666,67,72,1928.7333333333336,0.18,0.6666666666666666,0.0,0.0,0.0,0,0,0.0,0.0,0,0,0.0,899.94,1,1,1.0,5786.200000000001,3,2,0.6666666666666666,0
LGS2ORD0021530,C016336,2025-06-20 12:00:00,Male,24,Silver,Web,Songkhla,1128,Web,COD,12,6,4,0,20-30,37.6,2.0,1.0,0.5,59,63,6024.265,0.3,1.0,0.5,0.0,0.0,0,0,0.0,0.0,0,0,0.0,8811.93,1,1,1.0,12048.53,2,1,0.5,1
LGS2ORD0021531,C015588,2025-06-20 12:00:00,Male,51,Bronze,TV,Songkhla,251,CallCenter,COD,12,6,4,0,>50,8.366666666666667,4.0,2.0,0.5,47,62,5839.795,0.28,0.75,0.25,0.0,0.0,0,0,0.0,0.0,0,0,0.0,18915.46,1,1,1.0,23359.18,4,2,0.5,0
LGS2ORD0021532,C016859,2025-06-20 12:00:00,Male,50,Silver,Shopee,Phuket,1172,Lazada,COD,12,6,4,0,40-50,39.06666666666667,3.0,1.0,0.3333333333333333,135,96,2502.346666666667,0.25,0.3333333333333333,0.3333333333333333,0.0,0.0,0,0,0.0,0.0,0,0,0.0,0.0,0,0,0.0,7507.04,3,1,0.3333333333333333,0
LGS2ORD0021533,C017760,2025-06-20 12:00:00,Female,72,Bronze,Shopee,Phuket,588,Web,Bank_Transfer,12,6,4,0,>50,19.6,2.0,2.0,1.0,67,77,10892.335,0.23,1.0,0.5,0.0,0.0,0,0,0.0,0.0,0,0,0.0,21784.67,2,2,1.0,21784.67,2,2,1.0,0
LGS2ORD0021534,C011466,2025-06-20 13:00:00,Male,27,Gold,CallCenter,Bangkok,1189,Web,PromptPay,13,6,4,0,20-30,39.63333333333333,5.0,2.0,0.4,32,23,3340.1399999999994,0.28,0.4,0.4,0.0,0.0,0,0,0.0,4141.17,1,0,0.0,14713.43,4,2,0.5,16700.699999999997,5,2,0.4,0
LGS2ORD0021535,C016221,2025-06-20 13:00:00,Female,28,Bronze,TV,Remote_Area,1433,Shopee,COD,13,6,4,0,20-30,47.766666666666666,4.0,2.0,0.5,63,70,4728.995,0.28,0.5,0.5,0.0,0.0,0,0,0.0,0.0,0,0,0.0,460.21,1,1,1.0,18915.98,4,2,0.5,1
LGS2ORD0021536,C016758,2025-06-20 13:00:00,Female,28,Platinum,Shopee,Bangkok,1212,Web,PromptPay,13,6,4,0,20-30,40.4,0.0,0.0,0.0,-1,-1,0.0,0.0,0.0,0.0,0.0,0.0,0,0,0.0,0.0,0,0,0.0,0.0,0,0,0.0,0.0,0,0,0.0,0
LGS2ORD0021537,C013577,2025-06-20 13:00:00,Male,51,Bronze,TV,Chiang Mai,734,Lazada,COD,13,6,4,0,>50,24.466666666666665,2.0,2.0,1.0,139,145,13428.98,0.13,0.5,0.0,0.0,0.0,0,0,0.0,0.0,0,0,0.0,0.0,0,0,0.0,26857.96,2,2,1.0,0
LGS2ORD0021538,C012351,2025-06-20 13:00:00,Male,59,Gold,Lazada,Nakhon Ratchasima,728,Web,COD,13,6,4,0,>50,24.266666666666666,1.0,0.0,0.0,-1,104,4402.68,0.2299999999999999,0.0,1.0,0.0,0.0,0,0,0.0,0.0,0,0,0.0,0.0,0,0,0.0,4402.68,1,0,0.0,0
LGS2ORD0021539,C017671,2025-06-20 14:00:00,Male,42,Silver,TV,Remote_Area,1259,CallCenter,Credit_Card,14,6,4,0,40-50,41.96666666666667,2.0,1.0,0.5,97,105,3944.17,0.15,0.5,0.0,0.0,0.0,0,0,0.0,0.0,0,0,0.0,0.0,0,0,0.0,7888.34,2,1,0.5,0
LGS2ORD0021540,C014123,2025-06-20 14:00:00,Female,53,Gold,Shopee,Bangkok,518,Web,PromptPay,14,6,4,0,>50,17.266666666666666,1.0,1.0,1.0,19,33,7429.85,0.2299999999999999,1.0,1.0,0.0,0.0,0,0,0.0,0.0,0,0,0.0,7429.85,1,1,1.0,7429.85,1,1,1.0,0
LGS2ORD0021541,C013301,2025-06-20 14:00:00,Female,42,Bronze,Web,Nakhon Ratchasima,1185,Shopee,PromptPay,14,6,4,0,40-50,39.5,6.0,2.0,0.3333333333333333,14,31,4498.213333333334,0.18,0.6666666666666666,0.0,0.0,0.0,0,0,0.0,0.0,0,0,0.0,8935.11,2,1,0.5,26989.280000000002,6,2,0.3333333333333333,0
LGS2ORD0021542,C016402,2025-06-20 14:00:00,Male,44,Silver,Shopee,Nakhon Ratchasima,1265,Web,COD,14,6,4,0,40-50,42.166666666666664,4.0,1.0,0.25,61,19,3226.13,0.25,0.75,0.25,0.0,0.0,0,0,0.0,4794.21,1,0,0.0,9770.26,3,1,0.3333333333333333,12904.52,4,1,0.25,1
LGS2ORD0021543,C011012,2025-06-20 14:00:00,Male,44,Bronze,Web,Bangkok,560,Lazada,COD,14,6,4,0,40-50,18.666666666666668,2.0,0.0,0.0,-1,75,8323.505,0.18,0.0,0.0,0.0,0.0,0,0,0.0,0.0,0,0,0.0,11690.38,1,0,0.0,16647.01,2,0,0.0,1
LGS2ORD0021544,C016240,2025-06-20 15:00:00,Female,42,Bronze,TV,Bangkok,872,CallCenter,PromptPay,15,6,4,0,40-50,29.066666666666666,5.0,1.0,0.2,-3,0,8801.5,0.23,0.8,0.2,0.0,7927.53,1,0,0.0,37632.25,4,1,0.25,44007.5,5,1,0.2,44007.5,5,1,0.2,0
LGS2ORD0021545,C016868,2025-06-20 15:00:00,Male,33,Silver,Lazada,Khon Kaen,1605,Web,Credit_Card,15,6,4,0,30-40,53.5,3.0,0.0,0.0,-1,21,2991.943333333333,0.25,0.6666666666666666,0.3333333333333333,0.0,0.0,0,0,0.0,3341.35,1,0,0.0,7521.469999999999,2,0,0.0,8975.83,3,0,0.0,0
LGS2ORD0021546,C010548,2025-06-20 15:00:00,Female,50,Bronze,Lazada,Khon Kaen,979,Shopee,Credit_Card,15,6,4,0,40-50,32.63333333333333,3.0,1.0,0.3333333333333333,143,134,2269.61,0.28,0.6666666666666666,0.3333333333333333,0.0,0.0,0,0,0.0,0.0,0,0,0.0,0.0,0,0,0.0,6808.83,3,1,0.3333333333333333,1
LGS2ORD0021547,C016359,2025-06-20 15:00:00,Male,39,Gold,TV,Bangkok,729,Lazada,Credit_Card,15,6,4,0,30-40,24.3,0.0,0.0,0.0,-1,-1,0.0,0.0,0.0,0.0,0.0,0.0,0,0,0.0,0.0,0,0,0.0,0.0,0,0,0.0,0.0,0,0,0.0,0
LGS2ORD0021548,C012161,2025-06-20 15:00:00,Male,23,Gold,TV,Phuket,393,Web,Credit_Card,15,6,4,0,20-30,13.1,2.0,1.0,0.5,57,12,11368.29,0.08,0.0,0.0,0.0,0.0,0,0,0.0,4407.84,1,0,0.0,22736.58,2,1,0.5,22736.58,2,1,0.5,1
LGS2ORD0021549,C016554,2025-06-20 15:00:00,Female,39,Bronze,TV,Chiang Mai,926,Web,Credit_Card,15,6,4,0,30-40,30.866666666666667,5.0,1.0,0.2,112,87,13787.442,0.28,0.8,0.2,0.0,0.0,0,0,0.0,0.0,0,0,0.0,19445.81,1,0,0.0,68937.20999999999,5,1,0.2,0
LGS2ORD0021550,C016453,2025-06-20 16:00:00,Male,54,Gold,Lazada,Chonburi,969,Lazada,COD,16,6,4,0,>50,32.3,0.0,0.0,0.0,-1,-1,0.0,0.0,0.0,0.0,0.0,0.0,0,0,0.0,0.0,0,0,0.0,0.0,0,0,0.0,0.0,0,0,0.0,0
LGS2ORD0021551,C016591,2025-06-20 16:00:00,Male,34,Bronze,Shopee,Remote_Area,900,Web,COD,16,6,4,0,30-40,30.0,5.0,2.0,0.4,41,13,6603.528,0.18,0.4,0.0,0.0,0.0,0,0,0.0,16396.93,1,0,0.0,33017.64,5,2,0.4,33017.64,5,2,0.4,0
LGS2ORD0021552,C013540,2025-06-20 16:00:00,Other,40,Silver,CallCenter,Bangkok,1400,TV_Show,PromptPay,16,6,4,0,30-40,46.666666666666664,2.0,0.0,0.0,-1,7,4242.66,0.05,0.0,0.0,0.0,0.0,0,0,0.0,5959.46,1,0,0.0,5959.46,1,0,0.0,8485.32,2,0,0.0,0
LGS2ORD0021553,C013070,2025-06-20 16:00:00,Female,68,Bronze,TV,Songkhla,202,TV_Show,COD,16,6,4,0,>50,6.733333333333333,5.0,2.0,0.4,24,22,3735.3959999999997,0.23,0.6,0.4,0.0,0.0,0,0,0.0,601.97,1,0,0.0,10328.839999999998,3,2,0.6666666666666666,18676.98,5,2,0.4,1
LGS2ORD0021554,C012823,2025-06-20 16:00:00,Female,56,Bronze,Web,Phuket,1387,TV_Show,COD,16,6,4,0,>50,46.233333333333334,7.0,3.0,0.42857142857142855,4,8,4753.125714285714,0.28,0.7142857142857143,0.14285714285714285,0.0,0.0,0,0,0.0,17083.48,4,2,0.5,21561.87,5,2,0.4,33271.88,7,3,0.42857142857142855,0
LGS2ORD0021555,C015445,2025-06-20 17:00:00,Male,40,Platinum,Shopee,Chonburi,1584,Lazada,COD,17,6,4,0,30-40,52.8,1.0,0.0,0.0,-1,36,7587.03,0.2,1.0,0.0,0.0,0.0,0,0,0.0,0.0,0,0,0.0,7587.03,1,0,0.0,7587.03,1,0,0.0,0
LGS2ORD0021556,C013122,2025-06-20 17:00:00,Female,41,Bronze,Lazada,Bangkok,182,TV_Show,Credit_Card,17,6,4,0,40-50,6.066666666666666,2.0,1.0,0.5,86,56,14244.455,0.23,0.5,0.5,0.0,0.0,0,0,0.0,0.0,0,0,0.0,12127.38,1,0,0.0,28488.91,2,1,0.5,0
LGS2ORD0021557,C010764,2025-06-20 17:00:00,Male,37,Silver,Lazada,Remote_Area,450,TV_Show,COD,17,6,4,0,30-40,15.0,4.0,1.0,0.25,117,5,7995.227500000001,0.3,0.5,0.25,0.0,3625.99,1,0,0.0,3625.99,1,0,0.0,9619.4,2,0,0.0,31980.910000000003,4,1,0.25,0
LGS2ORD0021558,C011377,2025-06-20 17:00:00,Female,21,Bronze,TV,Phuket,551,Shopee,COD,17,6,4,0,20-30,18.366666666666667,6.0,2.0,0.3333333333333333,29,11,3991.2099999999996,0.28,0.6666666666666666,0.5,0.0,0.0,0,0,0.0,1907.62,2,0,0.0,23947.26,6,2,0.3333333333333333,23947.26,6,2,0.3333333333333333,1
LGS2ORD0021559,C014230,2025-06-20 17:00:00,Male,35,Platinum,Lazada,Khon Kaen,640,Web,Credit_Card,17,6,4,0,30-40,21.333333333333332,3.0,2.0,0.6666666666666666,104,119,5541.43,0.15,0.3333333333333333,0.0,0.3333333333333333,0.0,0,0,0.0,0.0,0,0,0.0,0.0,0,0,0.0,16624.29,3,2,0.6666666666666666,0
LGS2ORD0021560,C011610,2025-06-20 18:00:00,Male,34,Silver,TV,Remote_Area,1340,TV_Show,COD,18,6,4,0,30-40,44.666666666666664,3.0,1.0,0.3333333333333333,124,132,1733.8066666666666,0.3,1.0,0.6666666666666666,0.0,0.0,0,0,0.0,0.0,0,0,0.0,0.0,0,0,0.0,5201.42,3,1,0.3333333333333333,0
LGS2ORD0021561,C016107,2025-06-20 18:00:00,Male,40,Platinum,Lazada,Chiang Mai,1256,Shopee,Credit_Card,18,6,4,0,30-40,41.86666666666667,2.0,1.0,0.5,119,132,5679.915,0.35,0.5,0.5,0.0,0.0,0,0,0.0,0.0,0,0,0.0,0.0,0,0,0.0,11359.83,2,1,0.5,0
LGS2ORD0021562,C011550,2025-06-20 18:00:00,Female,53,Silver,Shopee,Nakhon Ratchasima,540,TV_Show,COD,18,6,4,0,>50,18.0,4.0,0.0,0.0,-1,30,11496.287499999999,0.25,0.75,0.25,0.0,0.0,0,0,0.0,0.0,0,0,0.0,12013.61,2,0,0.0,45985.149999999994,4,0,0.0,0
LGS2ORD0021563,C014293,2025-06-20 18:00:00,Male,72,Bronze,TV,Remote_Area,1464,Web,Bank_Transfer,18,6,4,0,>50,48.8,1.0,0.0,0.0,-1,44,1109.87,0.18,0.0,0.0,0.0,0.0,0,0,0.0,0.0,0,0,0.0,1109.87,1,0,0.0,1109.87,1,0,0.0,0
LGS2ORD0021564,C017129,2025-06-20 18:00:00,Male,38,Platinum,CallCenter,Nakhon Ratchasima,716,TV_Show,COD,18,6,4,0,30-40,23.866666666666667,3.0,1.0,0.3333333333333333,79,43,3591.2066666666665,0.3,0.6666666666666666,0.6666666666666666,0.0,0.0,0,0,0.0,0.0,0,0,0.0,10105.849999999999,2,0,0.0,10773.619999999999,3,1,0.3333333333333333,0
LGS2ORD0021565,C010991,2025-06-20 19:00:00,Female,57,Bronze,CallCenter,Remote_Area,1057,Shopee,COD,19,6,4,0,>50,35.233333333333334,5.0,1.0,0.2,33,11,11037.685999999998,0.28,0.6,0.4,0.0,0.0,0,0,0.0,24283.42,1,0,0.0,44265.09,3,1,0.3333333333333333,55188.42999999999,5,1,0.2,1
LGS2ORD0021566,C013069,2025-06-20 19:00:00,Female,59,Silver,Lazada,Phuket,1161,Web,COD,19,6,4,0,>50,38.7,2.0,1.0,0.5,1,11,3957.085,0.25,0.5,0.5,0.0,0.0,0,0,0.0,3995.04,1,1,1.0,3995.04,1,1,1.0,7914.17,2,1,0.5,0
LGS2ORD0021567,C015363,2025-06-20 19:00:00,Female,65,Bronze,TV,Remote_Area,1299,Web,COD,19,6,4,0,>50,43.3,1.0,0.0,0.0,-1,71,28318.7,0.03,0.0,0.0,0.0,0.0,0,0,0.0,0.0,0,0,0.0,28318.7,1,0,0.0,28318.7,1,0,0.0,0
LGS2ORD0021568,C015215,2025-06-20 19:00:00,Female,24,Platinum,Web,Chonburi,1492,TV_Show,Credit_Card,19,6,4,0,20-30,49.733333333333334,0.0,0.0,0.0,-1,-1,0.0,0.0,0.0,0.0,0.0,0.0,0,0,0.0,0.0,0,0,0.0,0.0,0,0,0.0,0.0,0,0,0.0,1
LGS2ORD0021569,C014890,2025-06-20 19:00:00,Male,45,Silver,TV,Chonburi,930,Shopee,COD,19,6,4,0,40-50,31.0,2.0,1.0,0.5,12,29,3683.9849999999997,0.1,0.5,0.0,0.0,0.0,0,0,0.0,3362.97,1,1,1.0,7367.969999999999,2,1,0.5,7367.969999999999,2,1,0.5,1
LGS2ORD0021570,C013056,2025-06-20 19:00:00,Female,35,Platinum,Web,Songkhla,1586,Web,Credit_Card,19,6,4,0,30-40,52.86666666666667,3.0,1.0,0.3333333333333333,44,1,7007.243333333333,0.3,0.0,0.3333333333333333,0.0,3829.62,1,0,0.0,3829.62,1,0,0.0,19724.38,2,1,0.5,21021.73,3,1,0.3333333333333333,0
LGS2ORD0021571,C012965,2025-06-20 20:00:00,Male,61,Bronze,TV,Bangkok,1103,Lazada,COD,20,6,4,0,>50,36.766666666666666,7.0,1.0,0.14285714285714285,47,2,4864.78,0.28,0.7142857142857143,0.2857142857142857,0.0,5051.67,1,0,0.0,9183.61,2,0,0.0,11638.18,4,1,0.25,34053.46,7,1,0.14285714285714285,0
LGS2ORD0021572,C013067,2025-06-20 20:00:00,Female,33,Gold,Lazada,Bangkok,1281,Lazada,Credit_Card,20,6,4,0,30-40,42.7,1.0,0.0,0.0,-1,105,19645.82,0.13,1.0,0.0,0.0,0.0,0,0,0.0,0.0,0,0,0.0,0.0,0,0,0.0,19645.82,1,0,0.0,0
LGS2ORD0021573,C012280,2025-06-20 20:00:00,Female,31,Bronze,TV,Khon Kaen,312,Shopee,PromptPay,20,6,4,0,30-40,10.4,2.0,0.0,0.0,-1,104,2564.57,0.23,0.0,0.5,0.0,0.0,0,0,0.0,0.0,0,0,0.0,0.0,0,0,0.0,5129.14,2,0,0.0,0
LGS2ORD0021574,C011636,2025-06-20 20:00:00,Female,38,Gold,Lazada,Phuket,664,Shopee,PromptPay,20,6,4,0,30-40,22.133333333333333,0.0,0.0,0.0,-1,-1,0.0,0.0,0.0,0.0,0.0,0.0,0,0,0.0,0.0,0,0,0.0,0.0,0,0,0.0,0.0,0,0,0.0,0
LGS2ORD0021575,C017887,2025-06-20 20:00:00,Male,34,Bronze,Web,Nakhon Ratchasima,820,Lazada,COD,20,6,4,0,30-40,27.333333333333332,0.0,0.0,0.0,-1,-1,0.0,0.0,0.0,0.0,0.0,0.0,0,0,0.0,0.0,0,0,0.0,0.0,0,0,0.0,0.0,0,0,0.0,0
LGS2ORD0021576,C012574,2025-06-20 21:00:00,Male,26,Bronze,Shopee,Nakhon Ratchasima,848,Shopee,COD,21,6,4,0,20-30,28.266666666666666,0.0,0.0,0.0,-1,-1,0.0,0.0,0.0,0.0,0.0,0.0,0,0,0.0,0.0,0,0,0.0,0.0,0,0,0.0,0.0,0,0,0.0,1
LGS2ORD0021577,C014144,2025-06-20 21:00:00,Female,52,Bronze,Shopee,Bangkok,1210,Shopee,COD,21,6,4,0,>50,40.333333333333336,3.0,1.0,0.3333333333333333,105,41,4007.66,0.28,0.3333333333333333,0.3333333333333333,0.0,0.0,0,0,0.0,0.0,0,0,0.0,9530.96,1,0,0.0,12022.98,3,1,0.3333333333333333,0
LGS2ORD0021578,C014738,2025-06-20 21:00:00,Male,55,Bronze,TV,Chonburi,593,TV_Show,COD,21,6,4,0,>50,19.766666666666666,2.0,2.0,1.0,53,57,1881.105,0.23,1.0,0.5,0.0,0.0,0,0,0.0,0.0,0,0,0.0,1435.25,1,1,1.0,3762.21,2,2,1.0,0
LGS2ORD0021579,C010723,2025-06-20 21:00:00,Male,38,Gold,Shopee,Khon Kaen,532,Shopee,PromptPay,21,6,4,0,30-40,17.733333333333334,1.0,0.0,0.0,-1,120,762.05,0.13,1.0,0.0,0.0,0.0,0,0,0.0,0.0,0,0,0.0,0.0,0,0,0.0,762.05,1,0,0.0,0
LGS2ORD0021580,C016228,2025-06-20 21:00:00,Female,40,Platinum,TV,Bangkok,997,Lazada,COD,21,6,4,0,30-40,33.233333333333334,2.0,1.0,0.5,121,76,21929.23,0.1,0.0,0.0,0.0,0.0,0,0,0.0,0.0,0,0,0.0,42510.6,1,0,0.0,43858.46,2,1,0.5,0
LGS2ORD0021581,C015767,2025-06-20 22:00:00,Female,39,Platinum,Shopee,Bangkok,1504,TV_Show,COD,22,6,4,0,30-40,50.13333333333333,1.0,1.0,1.0,88,103,3041.03,0.3,1.0,1.0,0.0,0.0,0,0,0.0,0.0,0,0,0.0,0.0,0,0,0.0,3041.03,1,1,1.0,0
LGS2ORD0021582,C010062,2025-06-20 22:00:00,Male,48,Silver,TV,Remote_Area,1567,TV_Show,COD,22,6,4,0,40-50,52.233333333333334,1.0,0.0,0.0,-1,98,10159.36,0.3,0.0,1.0,0.0,0.0,0,0,0.0,0.0,0,0,0.0,0.0,0,0,0.0,10159.36,1,0,0.0,0
LGS2ORD0021583,C010253,2025-06-20 22:00:00,Male,52,Bronze,Web,Bangkok,1571,Shopee,COD,22,6,4,0,>50,52.36666666666667,5.0,0.0,0.0,-1,41,3541.0140000000006,0.23,0.8,0.4,0.0,0.0,0,0,0.0,0.0,0,0,0.0,4707.64,1,0,0.0,17705.070000000003,5,0,0.0,1
LGS2ORD0021584,C012615,2025-06-20 22:00:00,Female,43,Platinum,TV,Songkhla,1376,CallCenter,PromptPay,22,6,4,0,40-50,45.86666666666667,0.0,0.0,0.0,-1,-1,0.0,0.0,0.0,0.0,0.0,0.0,0,0,0.0,0.0,0,0,0.0,0.0,0,0,0.0,0.0,0,0,0.0,0
LGS2ORD0021585,C015645,2025-06-20 22:00:00,Male,24,Bronze,Lazada,Remote_Area,1357,TV_Show,COD,22,6,4,0,20-30,45.233333333333334,2.0,0.0,0.0,-1,17,3806.6549999999997,0.23,0.5,0.5,0.0,0.0,0,0,0.0,5098.66,1,0,0.0,7613.3099999999995,2,0,0.0,7613.3099999999995,2,0,0.0,1
LGS2ORD0021586,C011129,2025-06-20 23:00:00,Female,47,Silver,Web,Khon Kaen,846,Lazada,COD,23,6,4,0,40-50,28.2,6.0,3.0,0.5,0,11,3446.086666666666,0.25,0.6666666666666666,0.3333333333333333,0.0,0.0,0,0,0.0,3733.08,1,1,1.0,11985.199999999999,4,2,0.5,20676.519999999997,6,3,0.5,0
LGS2ORD0021587,C015341,2025-06-20 23:00:00,Male,19,Bronze,TV,Chiang Mai,347,Shopee,COD,23,6,4,0,<20,11.566666666666666,0.0,0.0,0.0,-1,-1,0.0,0.0,0.0,0.0,0.0,0.0,0,0,0.0,0.0,0,0,0.0,0.0,0,0,0.0,0.0,0,0,0.0,0
LGS2ORD0021588,C013422,2025-06-20 23:00:00,Female,43,Gold,Shopee,Bangkok,329,Web,COD,23,6,4,0,40-50,10.966666666666667,3.0,0.0,0.0,-1,101,1533.6866666666665,0.13,1.0,0.0,0.0,0.0,0,0,0.0,0.0,0,0,0.0,0.0,0,0,0.0,4601.0599999999995,3,0,0.0,0
LGS2ORD0021589,C013496,2025-06-20 23:00:00,Male,53,Platinum,Web,Phuket,409,CallCenter,Credit_Card,23,6,4,0,>50,13.633333333333333,2.0,1.0,0.5,6,16,983.915,0.3,1.0,1.0,0.0,0.0,0,0,0.0,390.89,1,1,1.0,390.89,1,1,1.0,1967.83,2,1,0.5,0
LGS2ORD0021590,C010540,2025-06-20 23:00:00,Female,55,Silver,Web,Chiang Mai,575,CallCenter,COD,23,6,4,0,>50,19.166666666666668,1.0,0.0,0.0,-1,41,7316.1,0.3,0.0,1.0,0.0,0.0,0,0,0.0,0.0,0,0,0.0,7316.1,1,0,0.0,7316.1,1,0,0.0,1
LGS2ORD0021591,C012999,2025-06-20 23:00:00,Male,35,Silver,Lazada,Chiang Mai,1565,CallCenter,COD,23,6,4,0,30-40,52.166666666666664,2.0,0.0,0.0,-1,146,1874.825,0.25,1.0,0.5,0.0,0.0,0,0,0.0,0.0,0,0,0.0,0.0,0,0,0.0,3749.65,2,0,0.0,0
LGS2ORD0021592,C014402,2025-06-21 00:00:00,Female,57,Bronze,Web,Remote_Area,890,TV_Show,COD,0,6,5,1,>50,29.666666666666668,2.0,0.0,0.0,-1,138,17030.850000000002,0.28,0.5,1.0,0.0,0.0,0,0,0.0,0.0,0,0,0.0,0.0,0,0,0.0,34061.700000000004,2,0,0.0,0
LGS2ORD0021593,C014997,2025-06-21 00:00:00,Female,36,Bronze,Shopee,Chiang Mai,749,Lazada,COD,0,6,5,1,30-40,24.966666666666665,5.0,0.0,0.0,-1,8,3504.786,0.13,0.8,0.0,0.0,0.0,0,0,0.0,4451.97,1,0,0.0,12436.380000000001,3,0,0.0,17523.93,5,0,0.0,0
LGS2ORD0021594,C012913,2025-06-21 00:00:00,Male,19,Silver,Lazada,Bangkok,1105,TV_Show,COD,0,6,5,1,<20,36.833333333333336,2.0,0.0,0.0,-1,47,2612.975,0.25,0.5,0.5,0.0,0.0,0,0,0.0,0.0,0,0,0.0,5225.95,2,0,0.0,5225.95,2,0,0.0,0
LGS2ORD0021595,C017925,2025-06-21 00:00:00,Male,46,Gold,CallCenter,Nakhon Ratchasima,458,TV_Show,COD,0,6,5,1,40-50,15.266666666666667,2.0,1.0,0.5,102,111,2441.375,0.28,0.5,1.0,0.0,0.0,0,0,0.0,0.0,0,0,0.0,0.0,0,0,0.0,4882.75,2,1,0.5,0
LGS2ORD0021596,C016684,2025-06-21 00:00:00,Female,33,Gold,Lazada,Chonburi,603,Shopee,COD,0,6,5,1,30-40,20.1,4.0,1.0,0.25,11,1,5554.8550000000005,0.33,0.0,0.25,0.0,1479.86,1,0,0.0,3130.51,2,1,0.5,4585.65,3,1,0.3333333333333333,22219.420000000002,4,1,0.25,0
LGS2ORD0021597,C017278,2025-06-21 01:00:00,Male,43,Gold,Shopee,Bangkok,605,CallCenter,Credit_Card,1,6,5,1,40-50,20.166666666666668,2.0,1.0,0.5,-3,2,3935.26,0.28,1.0,0.5,0.0,3826.77,1,1,1.0,3826.77,1,1,1.0,3826.77,1,1,1.0,7870.52,2,1,0.5,0
LGS2ORD0021598,C011179,2025-06-21 01:00:00,Female,45,Gold,Lazada,Khon Kaen,271,Web,COD,1,6,5,1,40-50,9.033333333333333,0.0,0.0,0.0,-1,-1,0.0,0.0,0.0,0.0,0.0,0.0,0,0,0.0,0.0,0,0,0.0,0.0,0,0,0.0,0.0,0,0,0.0,0
LGS2ORD0021599,C013262,2025-06-21 01:00:00,Female,57,Bronze,Lazada,Bangkok,646,TV_Show,COD,1,6,5,1,>50,21.533333333333335,1.0,1.0,1.0,153,161,6677.9,0.18,1.0,0.0,0.0,0.0,0,0,0.0,0.0,0,0,0.0,0.0,0,0,0.0,6677.9,1,1,1.0,1
LGS2ORD0021600,C010194,2025-06-21 01:00:00,Female,51,Gold,TV,Remote_Area,1605,Shopee,PromptPay,1,6,5,1,>50,53.5,2.0,1.0,0.5,38,50,7230.89,0.13,1.0,0.0,0.0,0.0,0,0,0.0,0.0,0,0,0.0,5244.18,1,1,1.0,14461.78,2,1,0.5,0
LGS2ORD0021601,C015229,2025-06-21 01:00:00,Female,28,Bronze,Shopee,Bangkok,1488,Lazada,COD,1,6,5,1,20-30,49.6,6.0,1.0,0.16666666666666666,90,19,3484.4400000000005,0.28,0.6666666666666666,0.3333333333333333,0.0,0.0,0,0,0.0,2075.22,1,0,0.0,5190.719999999999,3,0,0.0,20906.640000000003,6,1,0.16666666666666666,0
LGS2ORD0021602,C010728,2025-06-21 02:00:00,Female,53,Gold,Shopee,Songkhla,1621,TV_Show,COD,2,6,5,1,>50,54.03333333333333,2.0,0.0,0.0,-1,51,4950.555,0.28,0.5,0.5,0.0,0.0,0,0,0.0,0.0,0,0,0.0,9901.11,2,0,0.0,9901.11,2,0,0.0,0
LGS2ORD0021603,C012923,2025-06-21 02:00:00,Male,38,Bronze,TV,Chiang Mai,851,TV_Show,Credit_Card,2,6,5,1,30-40,28.366666666666667,1.0,0.0,0.0,-1,99,2688.51,0.28,0.0,1.0,0.0,0.0,0,0,0.0,0.0,0,0,0.0,0.0,0,0,0.0,2688.51,1,0,0.0,0
LGS2ORD0021604,C013888,2025-06-21 02:00:00,Male,57,Silver,TV,Khon Kaen,764,Shopee,Credit_Card,2,6,5,1,>50,25.466666666666665,3.0,0.0,0.0,-1,26,1604.5433333333333,0.3,0.6666666666666666,0.6666666666666666,0.0,0.0,0,0,0.0,555.51,1,0,0.0,1237.07,2,0,0.0,4813.63,3,0,0.0,0
LGS2ORD0021605,C013993,2025-06-21 02:00:00,Male,21,Bronze,CallCenter,Khon Kaen,1412,Lazada,Credit_Card,2,6,5,1,20-30,47.06666666666667,2.0,1.0,0.5,142,43,10580.76,0.08,0.5,0.0,0.0,0.0,0,0,0.0,0.0,0,0,0.0,16203.06,1,0,0.0,21161.52,2,1,0.5,0
LGS2ORD0021606,C012707,2025-06-21 02:00:00,Male,41,Gold,TV,Phuket,285,TV_Show,COD,2,6,5,1,40-50,9.5,4.0,4.0,1.0,-1,9,4628.5025,0.28,0.75,0.75,0.0,0.0,0,0,0.0,1853.19,1,1,1.0,18017.61,3,3,1.0,18514.01,4,4,1.0,0
LGS2ORD0021607,C015165,2025-06-21 03:00:00,Female,45,Bronze,TV,Bangkok,1569,TV_Show,COD,3,6,5,1,40-50,52.3,7.0,0.0,0.0,-1,29,3653.434285714285,0.28,0.14285714285714285,0.42857142857142855,0.0,0.0,0,0,0.0,889.62,1,0,0.0,10294.4,3,0,0.0,25574.039999999997,7,0,0.0,0
LGS2ORD0021608,C017039,2025-06-21 03:00:00,Female,25,Bronze,TV,Songkhla,1109,TV_Show,Credit_Card,3,6,5,1,20-30,36.96666666666667,3.0,0.0,0.0,-1,3,8673.913333333332,0.23,0.6666666666666666,0.3333333333333333,0.0,3264.99,1,0,0.0,3264.99,1,0,0.0,7116.58,2,0,0.0,26021.739999999998,3,0,0.0,1
LGS2ORD0021609,C015108,2025-06-21 03:00:00,Male,30,Bronze,Lazada,Nakhon Ratchasima,703,Web,Bank_Transfer,3,6,5,1,20-30,23.433333333333334,4.0,2.0,0.5,52,40,7934.254999999999,0.13,0.5,0.0,0.0,0.0,0,0,0.0,0.0,0,0,0.0,20016.0,3,1,0.3333333333333333,31737.019999999997,4,2,0.5,0
LGS2ORD0021610,C016890,2025-06-21 03:00:00,Male,27,Gold,Shopee,Khon Kaen,1090,CallCenter,Credit_Card,3,6,5,1,20-30,36.333333333333336,2.0,1.0,0.5,46,62,10564.6,0.18,0.5,0.0,0.0,0.0,0,0,0.0,0.0,0,0,0.0,7379.88,1,1,1.0,21129.2,2,1,0.5,0
LGS2ORD0021611,C013890,2025-06-21 03:00:00,Other,47,Bronze,Shopee,Chiang Mai,1343,CallCenter,COD,3,6,5,1,40-50,44.766666666666666,8.0,1.0,0.125,45,45,8138.21375,0.28,0.875,0.125,0.0,0.0,0,0,0.0,0.0,0,0,0.0,24602.39,4,1,0.25,65105.71,8,1,0.125,0
LGS2ORD0021612,C010600,2025-06-21 03:00:00,Female,35,Silver,Lazada,Bangkok,303,Web,Credit_Card,3,6,5,1,30-40,10.1,0.0,0.0,0.0,-1,-1,0.0,0.0,0.0,0.0,0.0,0.0,0,0,0.0,0.0,0,0,0.0,0.0,0,0,0.0,0.0,0,0,0.0,0
LGS2ORD0021613,C012490,2025-06-21 04:00:00,Female,52,Bronze,TV,Remote_Area,201,Shopee,COD,4,6,5,1,>50,6.7,7.0,1.0,0.14285714285714285,55,16,2236.0871428571427,0.23,0.2857142857142857,0.42857142857142855,0.0,0.0,0,0,0.0,1755.3,1,0,0.0,8318.35,5,1,0.2,15652.609999999999,7,1,0.14285714285714285,1
LGS2ORD0021614,C016689,2025-06-21 04:00:00,Female,42,Silver,TV,Chiang Mai,1596,CallCenter,COD,4,6,5,1,40-50,53.2,4.0,0.0,0.0,-1,12,5167.089999999999,0.2,0.75,0.0,0.0,0.0,0,0,0.0,3032.37,1,0,0.0,17707.8,3,0,0.0,20668.359999999997,4,0,0.0,1
LGS2ORD0021615,C014683,2025-06-21 04:00:00,Female,46,Platinum,Shopee,Chonburi,513,TV_Show,Credit_Card,4,6,5,1,40-50,17.1,0.0,0.0,0.0,-1,-1,0.0,0.0,0.0,0.0,0.0,0.0,0,0,0.0,0.0,0,0,0.0,0.0,0,0,0.0,0.0,0,0,0.0,0
LGS2ORD0021616,C013469,2025-06-21 04:00:00,Female,35,Bronze,Shopee,Khon Kaen,1179,Lazada,COD,4,6,5,1,30-40,39.3,0.0,0.0,0.0,-1,-1,0.0,0.0,0.0,0.0,0.0,0.0,0,0,0.0,0.0,0,0,0.0,0.0,0,0,0.0,0.0,0,0,0.0,0
LGS2ORD0021617,C012587,2025-06-21 04:00:00,Female,41,Silver,Lazada,Phuket,1168,Lazada,COD,4,6,5,1,40-50,38.93333333333333,3.0,2.0,0.6666666666666666,9,20,9780.78,0.25,0.3333333333333333,0.6666666666666666,0.0,0.0,0,0,0.0,814.52,1,1,1.0,21519.010000000002,2,1,0.5,29342.34,3,2,0.6666666666666666,0
LGS2ORD0021618,C015616,2025-06-21 05:00:00,Female,41,Bronze,Shopee,Phuket,203,Lazada,COD,5,6,5,1,40-50,6.766666666666667,1.0,0.0,0.0,-1,147,8259.58,0.03,0.0,0.0,0.0,0.0,0,0,0.0,0.0,0,0,0.0,0.0,0,0,0.0,8259.58,1,0,0.0,0
LGS2ORD0021619,C015730,2025-06-21 05:00:00,Male,57,Bronze,CallCenter,Chonburi,1153,Web,PromptPay,5,6,5,1,>50,38.43333333333333,0.0,0.0,0.0,-1,-1,0.0,0.0,0.0,0.0,0.0,0.0,0,0,0.0,0.0,0,0,0.0,0.0,0,0,0.0,0.0,0,0,0.0,0
LGS2ORD0021620,C011974,2025-06-21 05:00:00,Male,37,Silver,TV,Khon Kaen,867,Shopee,COD,5,6,5,1,30-40,28.9,4.0,1.0,0.25,83,27,6472.967500000001,0.2,0.0,0.0,0.0,0.0,0,0,0.0,16879.38,1,0,0.0,16879.38,1,0,0.0,25891.870000000003,4,1,0.25,0
LGS2ORD0021621,C017161,2025-06-21 05:00:00,Female,46,Bronze,Web,Bangkok,816,TV_Show,PromptPay,5,6,5,1,40-50,27.2,1.0,0.0,0.0,-1,151,854.71,0.08,0.0,0.0,0.0,0.0,0,0,0.0,0.0,0,0,0.0,0.0,0,0,0.0,854.71,1,0,0.0,0
LGS2ORD0021622,C015288,2025-06-21 05:00:00,Female,39,Silver,TV,Chiang Mai,1450,CallCenter,COD,5,6,5,1,30-40,48.333333333333336,1.0,0.0,0.0,-1,120,7968.73,0.05,0.0,0.0,0.0,0.0,0,0,0.0,0.0,0,0,0.0,0.0,0,0,0.0,7968.73,1,0,0.0,0
LGS2ORD0021623,C013755,2025-06-21 06:00:00,Female,34,Silver,Shopee,Chiang Mai,750,CallCenter,PromptPay,6,6,5,1,30-40,25.0,3.0,1.0,0.3333333333333333,105,36,10808.91,0.3,0.3333333333333333,0.6666666666666666,0.0,0.0,0,0,0.0,0.0,0,0,0.0,7534.18,2,0,0.0,32426.73,3,1,0.3333333333333333,0
LGS2ORD0021624,C015765,2025-06-21 06:00:00,Female,28,Bronze,Shopee,Bangkok,205,TV_Show,Credit_Card,6,6,5,1,20-30,6.833333333333333,5.0,0.0,0.0,-1,11,4890.686,0.28,0.8,0.2,0.0,0.0,0,0,0.0,1659.66,1,0,0.0,4023.0299999999997,2,0,0.0,24453.43,5,0,0.0,0
LGS2ORD0021625,C017298,2025-06-21 06:00:00,Female,36,Silver,Lazada,Nakhon Ratchasima,882,Shopee,COD,6,6,5,1,30-40,29.4,3.0,1.0,0.3333333333333333,54,58,5198.999999999999,0.25,0.6666666666666666,0.3333333333333333,0.0,0.0,0,0,0.0,0.0,0,0,0.0,15596.999999999998,3,1,0.3333333333333333,15596.999999999998,3,1,0.3333333333333333,0
LGS2ORD0021626,C014169,2025-06-21 06:00:00,Male,39,Bronze,Web,Bangkok,1460,TV_Show,COD,6,6,5,1,30-40,48.666666666666664,6.0,0.0,0.0,-1,28,5397.835,0.18,0.8333333333333334,0.0,0.16666666666666666,0.0,0,0,0.0,486.35,1,0,0.0,7482.320000000001,3,0,0.0,32387.01,6,0,0.0,0
LGS2ORD0021627,C014311,2025-06-21 06:00:00,Female,46,Bronze,Web,Chiang Mai,901,CallCenter,Bank_Transfer,6,6,5,1,40-50,30.033333333333335,2.0,1.0,0.5,54,66,5263.599999999999,0.23,0.5,0.5,0.0,0.0,0,0,0.0,0.0,0,0,0.0,8723.38,1,1,1.0,10527.199999999999,2,1,0.5,1
LGS2ORD0021628,C017893,2025-06-21 07:00:00,Female,61,Bronze,Lazada,Chiang Mai,1341,Shopee,Credit_Card,7,6,5,1,>50,44.7,2.0,0.0,0.0,-1,9,3253.31,0.23,0.5,1.0,0.0,0.0,0,0,0.0,6506.62,2,0,0.0,6506.62,2,0,0.0,6506.62,2,0,0.0,0
LGS2ORD0021629,C013249,2025-06-21 07:00:00,Female,63,Bronze,Web,Bangkok,570,Web,COD,7,6,5,1,>50,19.0,3.0,0.0,0.0,-1,30,2837.013333333334,0.18,0.6666666666666666,0.0,0.0,0.0,0,0,0.0,0.0,0,0,0.0,4237.09,1,0,0.0,8511.04,3,0,0.0,1
LGS2ORD0021630,C012961,2025-06-21 07:00:00,Female,55,Silver,Web,Phuket,1538,Web,COD,7,6,5,1,>50,51.266666666666666,7.0,0.0,0.0,-1,4,5124.58,0.25,0.8571428571428571,0.14285714285714285,0.0,1773.69,1,0,0.0,5983.040000000001,2,0,0.0,14352.04,4,0,0.0,35872.06,7,0,0.0,1
LGS2ORD0021631,C017873,2025-06-21 07:00:00,Male,65,Gold,Shopee,Bangkok,992,Web,Bank_Transfer,7,6,5,1,>50,33.06666666666667,4.0,0.0,0.0,-1,55,8208.067500000001,0.18,0.5,0.0,0.0,0.0,0,0,0.0,0.0,0,0,0.0,4151.18,1,0,0.0,32832.270000000004,4,0,0.0,0
LGS2ORD0021632,C010080,2025-06-21 07:00:00,Female,49,Silver,Web,Chonburi,487,Web,COD,7,6,5,1,40-50,16.233333333333334,2.0,1.0,0.5,142,63,2275.425,0.2,0.0,0.0,0.0,0.0,0,0,0.0,0.0,0,0,0.0,1579.64,1,0,0.0,4550.85,2,1,0.5,0
LGS2ORD0021633,C010084,2025-06-21 07:00:00,Male,28,Gold,TV,Songkhla,1173,Lazada,COD,7,6,5,1,20-30,39.1,3.0,1.0,0.3333333333333333,26,29,1715.8866666666665,0.28,0.6666666666666666,0.3333333333333333,0.0,0.0,0,0,0.0,895.54,1,1,1.0,895.54,1,1,1.0,5147.66,3,1,0.3333333333333333,1
LGS2ORD0021634,C012418,2025-06-21 08:00:00,Male,45,Bronze,Web,Songkhla,519,TV_Show,Credit_Card,8,6,5,1,40-50,17.3,5.0,3.0,0.6,3,12,7133.695999999999,0.23,0.6,0.6,0.0,0.0,0,0,0.0,11909.23,2,2,1.0,34833.97,4,3,0.75,35668.479999999996,5,3,0.6,1
LGS2ORD0021635,C010461,2025-06-21 08:00:00,Female,39,Gold,Shopee,Chonburi,1010,TV_Show,Credit_Card,8,6,5,1,30-40,33.666666666666664,3.0,0.0,0.0,-1,2,8999.526666666667,0.28,0.3333333333333333,1.0,0.0,13209.96,1,0,0.0,13209.96,1,0,0.0,26998.579999999998,3,0,0.0,26998.579999999998,3,0,0.0,0
LGS2ORD0021636,C011949,2025-06-21 08:00:00,Female,33,Gold,Web,Khon Kaen,228,TV_Show,COD,8,6,5,1,30-40,7.6,6.0,0.0,0.0,-1,59,8584.795,0.28,0.8333333333333334,0.3333333333333333,0.0,0.0,0,0,0.0,0.0,0,0,0.0,14112.64,2,0,0.0,51508.77,6,0,0.0,1
LGS2ORD0021637,C013884,2025-06-21 08:00:00,Female,33,Gold,Lazada,Chonburi,1461,Shopee,PromptPay,8,6,5,1,30-40,48.7,2.0,0.0,0.0,-1,62,1924.6399999999999,0.08,0.5,0.0,0.0,0.0,0,0,0.0,0.0,0,0,0.0,853.81,1,0,0.0,3849.2799999999997,2,0,0.0,0
LGS2ORD0021638,C015029,2025-06-21 08:00:00,Female,42,Platinum,Lazada,Phuket,1387,Shopee,Credit_Card,8,6,5,1,40-50,46.233333333333334,2.0,1.0,0.5,152,113,1095.335,0.3,0.0,0.5,0.0,0.0,0,0,0.0,0.0,0,0,0.0,0.0,0,0,0.0,2190.67,2,1,0.5,0
LGS2ORD0021639,C013362,2025-06-21 09:00:00,Female,33,Platinum,Web,Chiang Mai,1231,Lazada,COD,9,6,5,1,30-40,41.03333333333333,5.0,1.0,0.2,114,19,5435.874000000001,0.3,0.4,0.4,0.0,0.0,0,0,0.0,21722.4,1,0,0.0,25216.45,2,0,0.0,27179.370000000003,5,1,0.2,0
LGS2ORD0021640,C014458,2025-06-21 09:00:00,Female,39,Silver,TV,Chonburi,1539,TV_Show,PromptPay,9,6,5,1,30-40,51.3,3.0,1.0,0.3333333333333333,127,7,10395.48,0.1,0.6666666666666666,0.0,0.0,0.0,0,0,0.0,5409.52,1,0,0.0,29019.0,2,0,0.0,31186.44,3,1,0.3333333333333333,0
LGS2ORD0021641,C015036,2025-06-21 09:00:00,Female,45,Bronze,Web,Chonburi,1476,TV_Show,Credit_Card,9,6,5,1,40-50,49.2,3.0,2.0,0.6666666666666666,14,22,3841.4233333333336,0.18,0.6666666666666666,0.0,0.0,0.0,0,0,0.0,5563.61,1,1,1.0,10827.79,2,2,1.0,11524.27,3,2,0.6666666666666666,0
LGS2ORD0021642,C015412,2025-06-21 09:00:00,Male,39,Silver,Shopee,Nakhon Ratchasima,646,Web,COD,9,6,5,1,30-40,21.533333333333335,6.0,2.0,0.3333333333333333,12,19,4176.041666666667,0.25,0.5,0.3333333333333333,0.0,0.0,0,0,0.0,10221.3,2,1,0.5,11668.85,3,1,0.3333333333333333,25056.25,6,2,0.3333333333333333,0
LGS2ORD0021643,C010131,2025-06-21 09:00:00,Male,41,Platinum,Web,Chiang Mai,1581,CallCenter,Credit_Card,9,6,5,1,40-50,52.7,2.0,0.0,0.0,-1,59,5205.555,0.35,0.5,0.5,0.0,0.0,0,0,0.0,0.0,0,0,0.0,5019.4,1,0,0.0,10411.11,2,0,0.0,0
LGS2ORD0021644,C014946,2025-06-21 10:00:00,Male,36,Bronze,TV,Khon Kaen,1227,Lazada,Bank_Transfer,10,6,5,1,30-40,40.9,7.0,5.0,0.7142857142857143,-5,6,3577.894285714286,0.18,0.5714285714285714,0.0,0.0,1766.56,1,1,1.0,12708.939999999999,4,3,0.75,22274.33,6,4,0.6666666666666666,25045.260000000002,7,5,0.7142857142857143,0
LGS2ORD0021645,C015057,2025-06-21 10:00:00,Female,62,Bronze,Shopee,Remote_Area,184,CallCenter,COD,10,6,5,1,>50,6.133333333333334,4.0,0.0,0.0,-1,31,3389.6724999999997,0.23,0.75,0.25,0.0,0.0,0,0,0.0,0.0,0,0,0.0,2111.05,1,0,0.0,13558.689999999999,4,0,0.0,1
LGS2ORD0021646,C011087,2025-06-21 10:00:00,Female,50,Bronze,TV,Bangkok,994,Shopee,Credit_Card,10,6,5,1,40-50,33.13333333333333,3.0,0.0,0.0,-1,81,1643.55,0.28,0.0,0.6666666666666666,0.0,0.0,0,0,0.0,0.0,0,0,0.0,3132.31,1,0,0.0,4930.65,3,0,0.0,0
LGS2ORD0021647,C016341,2025-06-21 10:00:00,Other,36,Bronze,Web,Phuket,331,TV_Show,COD,10,6,5,1,30-40,11.033333333333333,7.0,3.0,0.42857142857142855,71,4,3901.4000000000005,0.23,0.7142857142857143,0.14285714285714285,0.0,3338.26,1,0,0.0,3338.26,1,0,0.0,24153.78,6,3,0.5,27309.800000000003,7,3,0.42857142857142855,1
LGS2ORD0021648,C013226,2025-06-21 10:00:00,Female,44,Bronze,Shopee,Chonburi,1097,TV_Show,PromptPay,10,6,5,1,40-50,36.56666666666667,4.0,0.0,0.0,-1,38,20838.7725,0.23,0.25,0.5,0.0,0.0,0,0,0.0,0.0,0,0,0.0,14948.79,2,0,0.0,83355.09,4,0,0.0,0
LGS2ORD0021649,C013028,2025-06-21 11:00:00,Female,67,Silver,Lazada,Khon Kaen,273,TV_Show,Credit_Card,11,6,5,1,>50,9.1,4.0,2.0,0.5,-8,1,6994.942499999999,0.25,0.5,0.25,0.0,3901.92,1,1,1.0,25208.510000000002,2,1,0.5,26329.059999999998,3,2,0.6666666666666666,27979.769999999997,4,2,0.5,0
LGS2ORD0021650,C016476,2025-06-21 11:00:00,Female,46,Silver,Web,Remote_Area,889,Web,COD,11,6,5,1,40-50,29.633333333333333,2.0,0.0,0.0,-1,83,1847.9650000000001,0.25,0.5,0.5,0.0,0.0,0,0,0.0,0.0,0,0,0.0,2028.55,1,0,0.0,3695.9300000000003,2,0,0.0,1
LGS2ORD0021651,C015011,2025-06-21 11:00:00,Female,34,Gold,Shopee,Khon Kaen,486,TV_Show,COD,11,6,5,1,30-40,16.2,2.0,0.0,0.0,-1,149,2488.7749999999996,0.08,0.5,0.0,0.0,0.0,0,0,0.0,0.0,0,0,0.0,0.0,0,0,0.0,4977.549999999999,2,0,0.0,0
LGS2ORD0021652,C010683,2025-06-21 11:00:00,Male,50,Silver,Shopee,Khon Kaen,437,Web,COD,11,6,5,1,40-50,14.566666666666666,5.0,0.0,0.0,-1,64,9189.702000000001,0.2,0.4,0.0,0.0,0.0,0,0,0.0,0.0,0,0,0.0,15422.390000000001,2,0,0.0,45948.51,5,0,0.0,1
LGS2ORD0021653,C010863,2025-06-21 11:00:00,Female,35,Bronze,Shopee,Remote_Area,1386,Shopee,COD,11,6,5,1,30-40,46.2,2.0,0.0,0.0,-1,124,4473.005,0.23,0.5,0.5,0.0,0.0,0,0,0.0,0.0,0,0,0.0,0.0,0,0,0.0,8946.01,2,0,0.0,1
LGS2ORD0021654,C016631,2025-06-21 11:00:00,Female,40,Bronze,TV,Remote_Area,212,CallCenter,PromptPay,11,6,5,1,30-40,7.066666666666666,3.0,1.0,0.3333333333333333,38,29,5066.366666666666,0.28,0.6666666666666666,0.6666666666666666,0.0,0.0,0,0,0.0,5473.78,1,0,0.0,15199.099999999999,3,1,0.3333333333333333,15199.099999999999,3,1,0.3333333333333333,0
LGS2ORD0021655,C014555,2025-06-21 12:00:00,Male,32,Bronze,Shopee,Remote_Area,516,Lazada,COD,12,6,5,1,30-40,17.2,1.0,0.0,0.0,-1,125,1583.36,0.03,0.0,0.0,0.0,0.0,0,0,0.0,0.0,0,0,0.0,0.0,0,0,0.0,1583.36,1,0,0.0,0
LGS2ORD0021656,C016895,2025-06-21 12:00:00,Female,34,Bronze,TV,Bangkok,1365,TV_Show,Credit_Card,12,6,5,1,30-40,45.5,2.0,0.0,0.0,-1,46,3343.315,0.28,0.5,1.0,0.0,0.0,0,0,0.0,0.0,0,0,0.0,2423.0,1,0,0.0,6686.63,2,0,0.0,0
LGS2ORD0021657,C015497,2025-06-21 12:00:00,Male,55,Silver,Lazada,Nakhon Ratchasima,514,Lazada,COD,12,6,5,1,>50,17.133333333333333,3.0,1.0,0.3333333333333333,138,66,1741.2166666666665,0.3,1.0,0.6666666666666666,0.0,0.0,0,0,0.0,0.0,0,0,0.0,1166.86,1,0,0.0,5223.65,3,1,0.3333333333333333,0
LGS2ORD0021658,C012130,2025-06-21 12:00:00,Male,32,Bronze,Lazada,Chiang Mai,569,Shopee,Bank_Transfer,12,6,5,1,30-40,18.966666666666665,2.0,0.0,0.0,-1,2,4633.95,0.18,0.5,0.0,0.0,1521.65,1,0,0.0,1521.65,1,0,0.0,9267.9,2,0,0.0,9267.9,2,0,0.0,0
LGS2ORD0021659,C017796,2025-06-21 12:00:00,Female,59,Silver,Web,Phuket,808,Shopee,COD,12,6,5,1,>50,26.933333333333334,4.0,1.0,0.25,27,5,6711.642500000001,0.25,0.75,0.25,0.0,1484.81,1,0,0.0,1484.81,1,0,0.0,18352.530000000002,3,1,0.3333333333333333,26846.570000000003,4,1,0.25,1
LGS2ORD0021660,C016569,2025-06-21 13:00:00,Male,44,Gold,Web,Bangkok,675,Shopee,PromptPay,13,6,5,1,40-50,22.5,4.0,0.0,0.0,-1,10,7688.2325,0.2299999999999999,0.75,0.75,0.0,0.0,0,0,0.0,10767.92,1,0,0.0,29764.059999999998,3,0,0.0,30752.93,4,0,0.0,0
LGS2ORD0021661,C015595,2025-06-21 13:00:00,Female,30,Bronze,CallCenter,Bangkok,440,Web,COD,13,6,5,1,20-30,14.666666666666666,1.0,1.0,1.0,14,28,12605.2,0.13,1.0,0.0,0.0,0.0,0,0,0.0,12605.2,1,1,1.0,12605.2,1,1,1.0,12605.2,1,1,1.0,0
LGS2ORD0021662,C011491,2025-06-21 13:00:00,Female,58,Bronze,TV,Phuket,1222,TV_Show,Credit_Card,13,6,5,1,>50,40.733333333333334,1.0,1.0,1.0,48,54,1831.22,0.03,0.0,0.0,0.0,0.0,0,0,0.0,0.0,0,0,0.0,1831.22,1,1,1.0,1831.22,1,1,1.0,0
LGS2ORD0021663,C012815,2025-06-21 13:00:00,Female,59,Bronze,Lazada,Bangkok,1575,Lazada,COD,13,6,5,1,>50,52.5,5.0,1.0,0.2,119,18,2393.7740000000003,0.13,0.6,0.0,0.0,0.0,0,0,0.0,1224.19,1,0,0.0,5690.99,2,0,0.0,11968.87,5,1,0.2,0
LGS2ORD0021664,C014635,2025-06-21 13:00:00,Female,62,Bronze,TV,Nakhon Ratchasima,227,TV_Show,Credit_Card,13,6,5,1,>50,7.566666666666666,5.0,2.0,0.4,0,8,4503.294,0.23,0.6,0.4,0.0,0.0,0,0,0.0,1834.74,1,1,1.0,18161.02,4,1,0.25,22516.47,5,2,0.4,0
LGS2ORD0021665,C015786,2025-06-21 14:00:00,Male,52,Bronze,TV,Chiang Mai,1481,TV_Show,COD,14,6,5,1,>50,49.36666666666667,0.0,0.0,0.0,-1,-1,0.0,0.0,0.0,0.0,0.0,0.0,0,0,0.0,0.0,0,0,0.0,0.0,0,0,0.0,0.0,0,0,0.0,0
LGS2ORD0021666,C013868,2025-06-21 14:00:00,Male,40,Platinum,Web,Chiang Mai,715,TV_Show,COD,14,6,5,1,30-40,23.833333333333332,1.0,0.0,0.0,-1,100,4961.51,0.15,1.0,0.0,0.0,0.0,0,0,0.0,0.0,0,0,0.0,0.0,0,0,0.0,4961.51,1,0,0.0,1
LGS2ORD0021667,C011340,2025-06-21 14:00:00,Female,57,Bronze,Web,Songkhla,638,Lazada,COD,14,6,5,1,>50,21.266666666666666,5.0,2.0,0.4,9,15,4338.302,0.28,0.6,0.6,0.0,0.0,0,0,0.0,5519.47,1,1,1.0,15320.880000000001,3,2,0.6666666666666666,21691.51,5,2,0.4,1
LGS2ORD0021668,C016146,2025-06-21 14:00:00,Female,37,Platinum,CallCenter,Songkhla,649,Shopee,Bank_Transfer,14,6,5,1,30-40,21.633333333333333,2.0,0.0,0.0,-1,49,4519.43,0.2,0.0,0.0,0.0,0.0,0,0,0.0,0.0,0,0,0.0,9038.86,2,0,0.0,9038.86,2,0,0.0,0
LGS2ORD0021669,C015951,2025-06-21 14:00:00,Male,30,Gold,Lazada,Chonburi,1313,TV_Show,COD,14,6,5,1,20-30,43.766666666666666,1.0,0.0,0.0,-1,61,1458.93,0.2299999999999999,1.0,1.0,0.0,0.0,0,0,0.0,0.0,0,0,0.0,1458.93,1,0,0.0,1458.93,1,0,0.0,0
LGS2ORD0021670,C017588,2025-06-21 14:00:00,Female,44,Bronze,CallCenter,Phuket,397,CallCenter,PromptPay,14,6,5,1,40-50,13.233333333333333,5.0,1.0,0.2,58,16,6585.114,0.18,0.2,0.0,0.0,0.0,0,0,0.0,19059.690000000002,2,0,0.0,30566.0,4,1,0.25,32925.57,5,1,0.2,0
LGS2ORD0021671,C013650,2025-06-21 15:00:00,Male,37,Bronze,Lazada,Khon Kaen,1439,Lazada,COD,15,6,5,1,30-40,47.96666666666667,4.0,1.0,0.25,74,18,10823.08,0.23,0.75,0.5,0.0,0.0,0,0,0.0,22082.98,1,0,0.0,35281.69,3,1,0.3333333333333333,43292.32,4,1,0.25,0
LGS2ORD0021672,C013973,2025-06-21 15:00:00,Female,35,Bronze,TV,Phuket,1509,Web,COD,15,6,5,1,30-40,50.3,4.0,2.0,0.5,43,49,7782.955,0.23,0.75,0.25,0.0,0.0,0,0,0.0,0.0,0,0,0.0,25753.83,2,2,1.0,31131.82,4,2,0.5,0
LGS2ORD0021673,C010104,2025-06-21 15:00:00,Male,35,Bronze,TV,Remote_Area,477,CallCenter,Credit_Card,15,6,5,1,30-40,15.9,2.0,1.0,0.5,10,22,10721.275,0.18,0.5,0.0,0.0,0.0,0,0,0.0,874.61,1,1,1.0,874.61,1,1,1.0,21442.55,2,1,0.5,0
LGS2ORD0021674,C013340,2025-06-21 15:00:00,Male,37,Bronze,Shopee,Chonburi,1238,Lazada,Credit_Card,15,6,5,1,30-40,41.266666666666666,0.0,0.0,0.0,-1,-1,0.0,0.0,0.0,0.0,0.0,0.0,0,0,0.0,0.0,0,0,0.0,0.0,0,0,0.0,0.0,0,0,0.0,0
LGS2ORD0021675,C013805,2025-06-21 15:00:00,Male,56,Gold,Lazada,Chonburi,1021,Lazada,Credit_Card,15,6,5,1,>50,34.03333333333333,4.0,0.0,0.0,-1,24,4137.6175,0.33,0.0,0.5,0.0,0.0,0,0,0.0,7454.49,1,0,0.0,8454.75,2,0,0.0,16550.47,4,0,0.0,0
LGS2ORD0021676,C014009,2025-06-21 16:00:00,Female,32,Bronze,Lazada,Bangkok,232,Lazada,COD,16,6,5,1,30-40,7.733333333333333,3.0,0.0,0.0,-1,15,1421.6133333333335,0.18,0.6666666666666666,0.0,0.0,0.0,0,0,0.0,2087.19,1,0,0.0,2087.19,1,0,0.0,4264.84,3,0,0.0,0
LGS2ORD0021677,C017844,2025-06-21 16:00:00,Male,40,Silver,CallCenter,Chiang Mai,733,Web,Credit_Card,16,6,5,1,30-40,24.433333333333334,2.0,0.0,0.0,-1,20,10844.415,0.2,0.0,0.0,0.0,0.0,0,0,0.0,15846.26,1,0,0.0,21688.83,2,0,0.0,21688.83,2,0,0.0,0
LGS2ORD0021678,C013546,2025-06-21 16:00:00,Female,60,Gold,Shopee,Chonburi,1416,Shopee,PromptPay,16,6,5,1,>50,47.2,4.0,1.0,0.25,35,4,2776.29,0.33,0.5,0.5,0.0,2136.29,1,0,0.0,2136.29,1,0,0.0,11105.16,4,1,0.25,11105.16,4,1,0.25,0
LGS2ORD0021679,C016346,2025-06-21 16:00:00,Female,24,Bronze,Shopee,Songkhla,684,TV_Show,Bank_Transfer,16,6,5,1,20-30,22.8,1.0,0.0,0.0,-1,131,275.39,0.18,1.0,0.0,0.0,0.0,0,0,0.0,0.0,0,0,0.0,0.0,0,0,0.0,275.39,1,0,0.0,0
LGS2ORD0021680,C013335,2025-06-21 16:00:00,Male,45,Platinum,Lazada,Remote_Area,1204,CallCenter,COD,16,6,5,1,40-50,40.13333333333333,4.0,1.0,0.25,17,26,3667.0299999999997,0.35,0.5,0.25,0.0,0.0,0,0,0.0,5266.37,2,1,0.5,7365.37,3,1,0.3333333333333333,14668.119999999999,4,1,0.25,0
LGS2ORD0021681,C016947,2025-06-21 17:00:00,Female,39,Bronze,CallCenter,Bangkok,1143,Shopee,COD,17,6,5,1,30-40,38.1,8.0,2.0,0.25,109,86,5783.8875,0.23,0.75,0.375,0.0,0.0,0,0,0.0,0.0,0,0,0.0,1947.85,1,0,0.0,46271.1,8,2,0.25,0
LGS2ORD0021682,C015961,2025-06-21 17:00:00,Female,39,Bronze,Web,Bangkok,825,Lazada,COD,17,6,5,1,30-40,27.5,4.0,1.0,0.25,52,61,3540.005,0.23,0.0,0.25,0.0,0.0,0,0,0.0,0.0,0,0,0.0,2637.27,1,1,1.0,14160.02,4,1,0.25,1
LGS2ORD0021683,C014353,2025-06-21 17:00:00,Male,41,Silver,TV,Songkhla,766,Lazada,COD,17,6,5,1,40-50,25.533333333333335,2.0,1.0,0.5,86,99,3948.33,0.1,1.0,0.0,0.0,0.0,0,0,0.0,0.0,0,0,0.0,0.0,0,0,0.0,7896.66,2,1,0.5,1
LGS2ORD0021684,C011608,2025-06-21 17:00:00,Male,47,Silver,Lazada,Khon Kaen,751,TV_Show,PromptPay,17,6,5,1,40-50,25.033333333333335,5.0,0.0,0.0,-1,4,6235.682000000001,0.3,0.6,0.4,0.0,8742.01,1,0,0.0,8742.01,1,0,0.0,8742.01,1,0,0.0,31178.410000000003,5,0,0.0,1
LGS2ORD0021685,C015729,2025-06-21 17:00:00,Male,30,Bronze,TV,Nakhon Ratchasima,1446,TV_Show,PromptPay,17,6,5,1,20-30,48.2,2.0,0.0,0.0,-1,55,4102.25,0.08,1.0,0.0,0.0,0.0,0,0,0.0,0.0,0,0,0.0,2032.14,1,0,0.0,8204.5,2,0,0.0,0
LGS2ORD0021686,C010066,2025-06-21 18:00:00,Female,45,Gold,TV,Bangkok,913,Web,COD,18,6,5,1,40-50,30.433333333333334,4.0,0.0,0.0,-1,8,8463.9,0.33,0.25,0.75,0.0,0.0,0,0,0.0,15030.84,1,0,0.0,16114.54,2,0,0.0,33855.6,4,0,0.0,0
LGS2ORD0021687,C012730,2025-06-21 18:00:00,Female,22,Bronze,TV,Chonburi,316,TV_Show,COD,18,6,5,1,20-30,10.533333333333333,7.0,1.0,0.14285714285714285,92,9,6135.891428571428,0.28,0.14285714285714285,0.2857142857142857,0.0,0.0,0,0,0.0,4404.93,2,0,0.0,36553.82,5,0,0.0,42951.24,7,1,0.14285714285714285,0
LGS2ORD0021688,C010879,2025-06-21 18:00:00,Male,44,Bronze,Web,Bangkok,1495,Lazada,Credit_Card,18,6,5,1,40-50,49.833333333333336,6.0,0.0,0.0,-1,3,7162.255,0.23,0.16666666666666666,0.16666666666666666,0.0,6275.35,1,0,0.0,13531.51,2,0,0.0,38103.96,5,0,0.0,42973.53,6,0,0.0,0
LGS2ORD0021689,C014929,2025-06-21 18:00:00,Female,39,Bronze,Shopee,Bangkok,893,Shopee,COD,18,6,5,1,30-40,29.766666666666666,2.0,1.0,0.5,148,152,4362.280000000001,0.23,0.5,1.0,0.0,0.0,0,0,0.0,0.0,0,0,0.0,0.0,0,0,0.0,8724.560000000001,2,1,0.5,0
LGS2ORD0021690,C016143,2025-06-21 18:00:00,Male,33,Gold,TV,Bangkok,1283,TV_Show,PromptPay,18,6,5,1,30-40,42.766666666666666,1.0,0.0,0.0,-1,127,2329.6,0.08,0.0,0.0,0.0,0.0,0,0,0.0,0.0,0,0,0.0,0.0,0,0,0.0,2329.6,1,0,0.0,0
LGS2ORD0021691,C012522,2025-06-21 18:00:00,Male,39,Bronze,TV,Songkhla,1482,Web,COD,18,6,5,1,30-40,49.4,2.0,0.0,0.0,-1,99,8460.975,0.23,0.0,0.5,0.0,0.0,0,0,0.0,0.0,0,0,0.0,0.0,0,0,0.0,16921.95,2,0,0.0,1
LGS2ORD0021692,C013155,2025-06-21 19:00:00,Female,72,Silver,Lazada,Khon Kaen,364,TV_Show,COD,19,6,5,1,>50,12.133333333333333,4.0,1.0,0.25,118,87,5254.545,0.3,0.0,0.5,0.0,0.0,0,0,0.0,0.0,0,0,0.0,8458.67,2,0,0.0,21018.18,4,1,0.25,1
LGS2ORD0021693,C012661,2025-06-21 19:00:00,Female,40,Bronze,Shopee,Bangkok,979,Shopee,COD,19,6,5,1,30-40,32.63333333333333,2.0,0.0,0.0,-1,8,4179.495,0.28,1.0,0.5,0.0,0.0,0,0,0.0,1476.69,1,0,0.0,1476.69,1,0,0.0,8358.99,2,0,0.0,0
LGS2ORD0021694,C013952,2025-06-21 19:00:00,Female,32,Silver,Shopee,Bangkok,933,CallCenter,COD,19,6,5,1,30-40,31.1,5.0,3.0,0.6,126,53,2501.98,0.2,0.8,0.0,0.0,0.0,0,0,0.0,0.0,0,0,0.0,2299.99,1,0,0.0,12509.9,5,3,0.6,0
LGS2ORD0021695,C015269,2025-06-21 19:00:00,Female,18,Bronze,Web,Khon Kaen,1556,TV_Show,PromptPay,19,6,5,1,<20,51.86666666666667,6.0,1.0,0.16666666666666666,91,52,4779.916666666667,0.28,0.6666666666666666,0.3333333333333333,0.0,0.0,0,0,0.0,0.0,0,0,0.0,10623.95,3,0,0.0,28679.5,6,1,0.16666666666666666,0
LGS2ORD0021696,C015560,2025-06-21 19:00:00,Female,28,Silver,Web,Phuket,512,Shopee,COD,19,6,5,1,20-30,17.066666666666666,3.0,1.0,0.3333333333333333,76,48,10427.03,0.25,1.0,0.6666666666666666,0.0,0.0,0,0,0.0,0.0,0,0,0.0,27917.18,2,1,0.5,31281.090000000004,3,1,0.3333333333333333,1
LGS2ORD0021697,C012730,2025-06-21 20:00:00,Female,22,Bronze,TV,Chonburi,316,Shopee,COD,20,6,5,1,20-30,10.533333333333333,8.0,1.0,0.125,92,0,5481.415,0.28,0.25,0.25,0.0,900.08,1,0,0.0,5305.01,3,0,0.0,37453.9,6,0,0.0,43851.32,8,1,0.125,0
LGS2ORD0021698,C011163,2025-06-21 20:00:00,Male,30,Silver,TV,Chiang Mai,1230,Web,Bank_Transfer,20,6,5,1,20-30,41.0,4.0,1.0,0.25,55,41,1510.5249999999999,0.1,0.75,0.0,0.0,0.0,0,0,0.0,0.0,0,0,0.0,2212.2799999999997,2,1,0.5,6042.099999999999,4,1,0.25,0
LGS2ORD0021699,C012040,2025-06-21 20:00:00,Male,42,Bronze,Shopee,Songkhla,1302,TV_Show,COD,20,6,5,1,40-50,43.4,5.0,1.0,0.2,59,5,5032.108,0.23,0.4,0.2,0.0,14291.19,1,0,0.0,14291.19,1,0,0.0,16132.0,3,1,0.3333333333333333,25160.54,5,1,0.2,0
LGS2ORD0021700,C011398,2025-06-21 20:00:00,Female,47,Bronze,Web,Chiang Mai,1103,CallCenter,COD,20,6,5,1,40-50,36.766666666666666,1.0,0.0,0.0,-1,66,1451.15,0.08,0.0,0.0,0.0,0.0,0,0,0.0,0.0,0,0,0.0,1451.15,1,0,0.0,1451.15,1,0,0.0,0
LGS2ORD0021701,C010079,2025-06-21 20:00:00,Male,41,Bronze,Web,Khon Kaen,1139,CallCenter,COD,20,6,5,1,40-50,37.96666666666667,3.0,1.0,0.3333333333333333,27,33,27740.753333333338,0.18,0.6666666666666666,0.0,0.0,0.0,0,0,0.0,0.0,0,0,0.0,78386.25,2,1,0.5,83222.26000000001,3,1,0.3333333333333333,0
LGS2ORD0021702,C013908,2025-06-21 21:00:00,Male,42,Silver,Web,Khon Kaen,486,TV_Show,COD,21,6,5,1,40-50,16.2,0.0,0.0,0.0,-1,-1,0.0,0.0,0.0,0.0,0.0,0.0,0,0,0.0,0.0,0,0,0.0,0.0,0,0,0.0,0.0,0,0,0.0,0
LGS2ORD0021703,C015325,2025-06-21 21:00:00,Female,42,Bronze,Shopee,Bangkok,1505,TV_Show,PromptPay,21,6,5,1,40-50,50.166666666666664,4.0,2.0,0.5,115,79,3810.76,0.23,0.75,0.5,0.0,0.0,0,0,0.0,0.0,0,0,0.0,7208.35,1,0,0.0,15243.04,4,2,0.5,0
LGS2ORD0021704,C015021,2025-06-21 21:00:00,Female,58,Bronze,CallCenter,Chonburi,1205,CallCenter,COD,21,6,5,1,>50,40.166666666666664,3.0,2.0,0.6666666666666666,48,6,3738.523333333333,0.13,0.6666666666666666,0.0,0.0,788.92,1,0,0.0,788.92,1,0,0.0,8859.289999999999,2,1,0.5,11215.57,3,2,0.6666666666666666,0
LGS2ORD0021705,C012704,2025-06-21 21:00:00,Male,41,Platinum,Lazada,Bangkok,1538,Lazada,PromptPay,21,6,5,1,40-50,51.266666666666666,3.0,1.0,0.3333333333333333,59,65,1474.0833333333333,0.15,0.6666666666666666,0.0,0.0,0.0,0,0,0.0,0.0,0,0,0.0,3577.82,2,1,0.5,4422.25,3,1,0.3333333333333333,1
LGS2ORD0021706,C012485,2025-06-21 21:00:00,Female,50,Platinum,Lazada,Bangkok,812,Lazada,PromptPay,21,6,5,1,40-50,27.066666666666666,2.0,1.0,0.5,26,36,1295.065,0.3,0.5,1.0,0.0,0.0,0,0,0.0,0.0,0,0,0.0,2105.01,1,1,1.0,2590.13,2,1,0.5,0
LGS2ORD0021707,C012415,2025-06-21 22:00:00,Female,54,Gold,TV,Phuket,569,TV_Show,COD,22,6,5,1,>50,18.966666666666665,3.0,2.0,0.6666666666666666,74,87,6694.630000000001,0.18,0.6666666666666666,0.0,0.0,0.0,0,0,0.0,0.0,0,0,0.0,907.33,1,1,1.0,20083.890000000003,3,2,0.6666666666666666,1
LGS2ORD0021708,C014204,2025-06-21 22:00:00,Other,36,Platinum,Web,Bangkok,1605,Lazada,COD,22,6,5,1,30-40,53.5,3.0,0.0,0.0,-1,34,2203.2599999999998,0.25,0.3333333333333333,0.3333333333333333,0.0,0.0,0,0,0.0,0.0,0,0,0.0,6609.78,3,0,0.0,6609.78,3,0,0.0,0
LGS2ORD0021709,C012041,2025-06-21 22:00:00,Male,27,Silver,Web,Bangkok,1243,Web,COD,22,6,5,1,20-30,41.43333333333333,1.0,1.0,1.0,31,38,1736.23,0.2,1.0,0.0,0.0,0.0,0,0,0.0,0.0,0,0,0.0,1736.23,1,1,1.0,1736.23,1,1,1.0,0
LGS2ORD0021710,C010023,2025-06-21 22:00:00,Male,41,Silver,CallCenter,Nakhon Ratchasima,216,Web,Credit_Card,22,6,5,1,40-50,7.2,2.0,0.0,0.0,-1,39,5542.235000000001,0.1,0.5,0.0,0.0,0.0,0,0,0.0,0.0,0,0,0.0,8412.02,1,0,0.0,11084.470000000001,2,0,0.0,1
LGS2ORD0021711,C010049,2025-06-21 22:00:00,Male,19,Silver,CallCenter,Nakhon Ratchasima,1492,TV_Show,COD,22,6,5,1,<20,49.733333333333334,3.0,0.0,0.0,-1,111,11858.376666666669,0.3,0.6666666666666666,0.6666666666666666,0.0,0.0,0,0,0.0,0.0,0,0,0.0,0.0,0,0,0.0,35575.130000000005,3,0,0.0,0
LGS2ORD0021712,C012710,2025-06-21 22:00:00,Female,64,Bronze,TV,Remote_Area,882,Lazada,COD,22,6,5,1,>50,29.4,1.0,1.0,1.0,149,159,4751.99,0.28,0.0,1.0,0.0,0.0,0,0,0.0,0.0,0,0,0.0,0.0,0,0,0.0,4751.99,1,1,1.0,1
LGS2ORD0021713,C013408,2025-06-21 23:00:00,Male,58,Bronze,TV,Songkhla,1380,Lazada,Credit_Card,23,6,5,1,>50,46.0,5.0,1.0,0.2,108,41,3894.518,0.23,0.2,0.2,0.0,0.0,0,0,0.0,0.0,0,0,0.0,12013.89,2,0,0.0,19472.59,5,1,0.2,0
LGS2ORD0021714,C017570,2025-06-21 23:00:00,Male,72,Bronze,Shopee,Songkhla,1278,CallCenter,COD,23,6,5,1,>50,42.6,2.0,2.0,1.0,0,16,3132.39,0.13,1.0,0.0,0.0,0.0,0,0,0.0,4009.06,1,1,1.0,4009.06,1,1,1.0,6264.78,2,2,1.0,1
LGS2ORD0021715,C015370,2025-06-21 23:00:00,Female,31,Gold,CallCenter,Khon Kaen,462,Web,COD,23,6,5,1,30-40,15.4,0.0,0.0,0.0,-1,-1,0.0,0.0,0.0,0.0,0.0,0.0,0,0,0.0,0.0,0,0,0.0,0.0,0,0,0.0,0.0,0,0,0.0,0
LGS2ORD0021716,C014766,2025-06-21 23:00:00,Female,55,Bronze,TV,Songkhla,1517,Lazada,PromptPay,23,6,5,1,>50,50.56666666666667,2.0,0.0,0.0,-1,81,6446.8150000000005,0.03,0.5,0.0,0.0,0.0,0,0,0.0,0.0,0,0,0.0,11249.35,1,0,0.0,12893.630000000001,2,0,0.0,0
LGS2ORD0021717,C011679,2025-06-21 23:00:00,Female,47,Gold,TV,Songkhla,408,TV_Show,COD,23,6,5,1,40-50,13.6,4.0,1.0,0.25,6,15,5155.435,0.28,0.25,0.5,0.0,0.0,0,0,0.0,1964.82,1,1,1.0,19941.600000000002,3,1,0.3333333333333333,20621.74,4,1,0.25,0
LGS2ORD0021718,C012143,2025-06-22 00:00:00,Female,50,Silver,Lazada,Nakhon Ratchasima,196,CallCenter,PromptPay,0,6,6,1,40-50,6.533333333333333,2.0,0.0,0.0,-1,28,5879.110000000001,0.15,0.0,0.0,0.0,0.0,0,0,0.0,8527.67,1,0,0.0,8527.67,1,0,0.0,11758.220000000001,2,0,0.0,0
LGS2ORD0021719,C013804,2025-06-22 00:00:00,Male,61,Bronze,TV,Bangkok,547,Shopee,COD,0,6,6,1,>50,18.233333333333334,5.0,2.0,0.4,-2,10,3914.7699999999995,0.28,0.6,0.4,0.0,0.0,0,0,0.0,3534.69,1,1,1.0,3534.69,1,1,1.0,19573.85,5,2,0.4,1
LGS2ORD0021720,C016372,2025-06-22 00:00:00,Female,57,Gold,CallCenter,Bangkok,496,CallCenter,PromptPay,0,6,6,1,>50,16.533333333333335,4.0,1.0,0.25,90,45,3153.4350000000004,0.28,0.5,0.5,0.0,0.0,0,0,0.0,0.0,0,0,0.0,5997.39,3,0,0.0,12613.740000000002,4,1,0.25,0
LGS2ORD0021721,C015331,2025-06-22 00:00:00,Female,30,Bronze,Shopee,Bangkok,464,CallCenter,COD,0,6,6,1,20-30,15.466666666666667,2.0,0.0,0.0,-1,22,9840.01,0.03,1.0,0.0,0.0,0.0,0,0,0.0,392.89,1,0,0.0,19680.02,2,0,0.0,19680.02,2,0,0.0,0
LGS2ORD0021722,C015478,2025-06-22 00:00:00,Female,22,Gold,Web,Khon Kaen,777,Lazada,PromptPay,0,6,6,1,20-30,25.9,2.0,0.0,0.0,-1,83,9559.43,0.18,1.0,0.0,0.0,0.0,0,0,0.0,0.0,0,0,0.0,17303.69,1,0,0.0,19118.86,2,0,0.0,0
LGS2ORD0021723,C010349,2025-06-22 01:00:00,Male,51,Silver,Shopee,Nakhon Ratchasima,958,TV_Show,Credit_Card,1,6,6,1,>50,31.933333333333334,1.0,0.0,0.0,-1,133,2104.21,0.05,1.0,0.0,0.0,0.0,0,0,0.0,0.0,0,0,0.0,0.0,0,0,0.0,2104.21,1,0,0.0,0
LGS2ORD0021724,C016982,2025-06-22 01:00:00,Male,43,Bronze,Web,Remote_Area,721,Shopee,COD,1,6,6,1,40-50,24.033333333333335,3.0,1.0,0.3333333333333333,31,39,10416.223333333333,0.28,0.3333333333333333,0.6666666666666666,0.0,0.0,0,0,0.0,0.0,0,0,0.0,10574.7,1,1,1.0,31248.67,3,1,0.3333333333333333,1
LGS2ORD0021725,C014074,2025-06-22 01:00:00,Male,37,Gold,CallCenter,Bangkok,192,Web,COD,1,6,6,1,30-40,6.4,2.0,1.0,0.5,92,92,8115.605,0.33,1.0,0.5,0.0,0.0,0,0,0.0,0.0,0,0,0.0,0.0,0,0,0.0,16231.21,2,1,0.5,0
LGS2ORD0021726,C014597,2025-06-22 01:00:00,Female,32,Bronze,CallCenter,Bangkok,1057,TV_Show,PromptPay,1,6,6,1,30-40,35.233333333333334,5.0,2.0,0.4,1,18,6554.372,0.28,0.0,0.4,0.0,0.0,0,0,0.0,6876.31,1,1,1.0,24743.61,3,2,0.6666666666666666,32771.86,5,2,0.4,0
LGS2ORD0021727,C013392,2025-06-22 01:00:00,Male,51,Silver,Web,Phuket,1511,Shopee,COD,1,6,6,1,>50,50.36666666666667,4.0,1.0,0.25,40,56,2828.285,0.3,0.75,0.25,0.0,0.0,0,0,0.0,0.0,0,0,0.0,10271.13,3,1,0.3333333333333333,11313.14,4,1,0.25,0
LGS2ORD0021728,C012079,2025-06-22 02:00:00,Female,39,Silver,Lazada,Remote_Area,311,Shopee,Credit_Card,2,6,6,1,30-40,10.366666666666667,4.0,2.0,0.5,8,9,3173.5950000000003,0.25,0.5,0.5,0.0,0.0,0,0,0.0,5437.71,2,1,0.5,12694.380000000001,4,2,0.5,12694.380000000001,4,2,0.5,0
LGS2ORD0021729,C013249,2025-06-22 02:00:00,Female,63,Bronze,Web,Bangkok,571,Shopee,COD,2,6,6,1,>50,19.033333333333335,4.0,1.0,0.25,-10,0,3233.8075,0.18,0.75,0.0,0.0,4424.19,1,1,1.0,4424.19,1,1,1.0,8661.279999999999,2,1,0.5,12935.23,4,1,0.25,1
LGS2ORD0021730,C010861,2025-06-22 02:00:00,Male,24,Bronze,Web,Nakhon Ratchasima,536,Lazada,PromptPay,2,6,6,1,20-30,17.866666666666667,1.0,1.0,1.0,54,64,7408.45,0.23,1.0,1.0,0.0,0.0,0,0,0.0,0.0,0,0,0.0,7408.45,1,1,1.0,7408.45,1,1,1.0,0
LGS2ORD0021731,C012141,2025-06-22 02:00:00,Female,41,Platinum,Shopee,Chiang Mai,522,TV_Show,Bank_Transfer,2,6,6,1,40-50,17.4,1.0,0.0,0.0,-1,142,1384.82,0.25,1.0,1.0,0.0,0.0,0,0,0.0,0.0,0,0,0.0,0.0,0,0,0.0,1384.82,1,0,0.0,0
LGS2ORD0021732,C016407,2025-06-22 02:00:00,Male,18,Gold,CallCenter,Bangkok,681,CallCenter,COD,2,6,6,1,<20,22.7,5.0,2.0,0.4,3,9,7219.398000000001,0.28,0.6,0.6,0.0,0.0,0,0,0.0,27227.18,2,2,1.0,36096.990000000005,5,2,0.4,36096.990000000005,5,2,0.4,0
LGS2ORD0021733,C012798,2025-06-22 02:00:00,Female,49,Bronze,TV,Phuket,1390,Lazada,COD,2,6,6,1,40-50,46.333333333333336,1.0,0.0,0.0,-1,155,2280.66,0.08,1.0,0.0,0.0,0.0,0,0,0.0,0.0,0,0,0.0,0.0,0,0,0.0,2280.66,1,0,0.0,0
LGS2ORD0021734,C010305,2025-06-22 03:00:00,Female,47,Gold,Web,Chonburi,285,CallCenter,PromptPay,3,6,6,1,40-50,9.5,2.0,1.0,0.5,20,31,11973.205000000002,0.28,0.5,0.5,0.0,0.0,0,0,0.0,0.0,0,0,0.0,15140.37,1,1,1.0,23946.410000000003,2,1,0.5,0
LGS2ORD0021735,C013016,2025-06-22 03:00:00,Female,56,Bronze,Lazada,Remote_Area,1187,Web,COD,3,6,6,1,>50,39.56666666666667,5.0,1.0,0.2,28,11,3111.24,0.28,0.4,0.6,0.0,0.0,0,0,0.0,8683.21,1,0,0.0,12945.75,3,1,0.3333333333333333,15556.199999999999,5,1,0.2,0
LGS2ORD0021736,C012466,2025-06-22 03:00:00,Female,28,Silver,Web,Chonburi,844,Shopee,COD,3,6,6,1,20-30,28.133333333333333,4.0,0.0,0.0,-1,37,11148.6475,0.25,0.5,0.25,0.0,0.0,0,0,0.0,0.0,0,0,0.0,34997.89,1,0,0.0,44594.59,4,0,0.0,0
LGS2ORD0021737,C016497,2025-06-22 03:00:00,Female,53,Silver,Shopee,Bangkok,1388,TV_Show,COD,3,6,6,1,>50,46.266666666666666,2.0,1.0,0.5,160,151,4458.275000000001,0.2,0.0,0.0,0.0,0.0,0,0,0.0,0.0,0,0,0.0,0.0,0,0,0.0,8916.550000000001,2,1,0.5,1
LGS2ORD0021738,C012494,2025-06-22 03:00:00,Male,56,Bronze,Web,Songkhla,1518,TV_Show,Bank_Transfer,3,6,6,1,>50,50.6,5.0,3.0,0.6,90,19,7983.5,0.28,0.8,0.6,0.0,0.0,0,0,0.0,915.79,1,0,0.0,915.79,1,0,0.0,39917.5,5,3,0.6,0
LGS2ORD0021739,C014902,2025-06-22 04:00:00,Male,41,Silver,TV,Phuket,687,Shopee,Credit_Card,4,6,6,1,40-50,22.9,4.0,0.0,0.0,-1,43,5946.0525,0.3,0.25,0.75,0.0,0.0,0,0,0.0,0.0,0,0,0.0,23784.21,4,0,0.0,23784.21,4,0,0.0,0
LGS2ORD0021740,C014968,2025-06-22 04:00:00,Male,24,Silver,Shopee,Chonburi,906,Lazada,COD,4,6,6,1,20-30,30.2,2.0,0.0,0.0,-1,15,5549.27,0.25,0.5,0.5,0.0,0.0,0,0,0.0,3269.16,1,0,0.0,3269.16,1,0,0.0,11098.54,2,0,0.0,0
LGS2ORD0021741,C017239,2025-06-22 04:00:00,Female,40,Gold,TV,Nakhon Ratchasima,229,Shopee,Bank_Transfer,4,6,6,1,30-40,7.633333333333334,3.0,1.0,0.3333333333333333,4,20,10174.573333333334,0.33,0.6666666666666666,0.3333333333333333,0.0,0.0,0,0,0.0,17658.73,1,1,1.0,17658.73,1,1,1.0,30523.72,3,1,0.3333333333333333,0
LGS2ORD0021742,C013353,2025-06-22 04:00:00,Male,46,Bronze,CallCenter,Khon Kaen,1499,Shopee,PromptPay,4,6,6,1,40-50,49.96666666666667,2.0,1.0,0.5,-8,2,3128.83,0.18,1.0,0.0,0.0,5210.93,1,1,1.0,5210.93,1,1,1.0,5210.93,1,1,1.0,6257.66,2,1,0.5,0
LGS2ORD0021743,C014685,2025-06-22 04:00:00,Other,52,Bronze,Shopee,Songkhla,918,TV_Show,COD,4,6,6,1,>50,30.6,2.0,1.0,0.5,80,91,2751.7250000000004,0.18,1.0,0.0,0.0,0.0,0,0,0.0,0.0,0,0,0.0,0.0,0,0,0.0,5503.450000000001,2,1,0.5,0
LGS2ORD0021744,C017600,2025-06-22 05:00:00,Female,48,Bronze,Web,Chiang Mai,663,TV_Show,COD,5,6,6,1,40-50,22.1,2.0,1.0,0.5,56,67,3378.095,0.23,0.5,0.5,0.0,0.0,0,0,0.0,0.0,0,0,0.0,1743.7,1,1,1.0,6756.19,2,1,0.5,1
LGS2ORD0021745,C014246,2025-06-22 05:00:00,Male,34,Silver,TV,Phuket,1389,Lazada,COD,5,6,6,1,30-40,46.3,6.0,5.0,0.8333333333333334,0,3,6086.683333333334,0.3,0.6666666666666666,0.16666666666666666,0.0,5666.5,1,1,1.0,15682.27,3,2,0.6666666666666666,35257.96000000001,5,4,0.8,36520.100000000006,6,5,0.8333333333333334,1
LGS2ORD0021746,C010412,2025-06-22 05:00:00,Female,34,Bronze,TV,Bangkok,1092,TV_Show,Credit_Card,5,6,6,1,30-40,36.4,3.0,0.0,0.0,-1,9,9218.49,0.13,0.6666666666666666,0.0,0.0,0.0,0,0,0.0,22470.11,1,0,0.0,22470.11,1,0,0.0,27655.47,3,0,0.0,0
LGS2ORD0021747,C013284,2025-06-22 05:00:00,Female,39,Gold,Lazada,Bangkok,478,Shopee,Bank_Transfer,5,6,6,1,30-40,15.933333333333334,3.0,1.0,0.3333333333333333,22,29,6472.54,0.13,0.3333333333333333,0.0,0.0,0.0,0,0,0.0,3874.02,1,1,1.0,19417.62,3,1,0.3333333333333333,19417.62,3,1,0.3333333333333333,0
LGS2ORD0021748,C013830,2025-06-22 05:00:00,Male,61,Gold,Lazada,Bangkok,562,Web,Bank_Transfer,5,6,6,1,>50,18.733333333333334,4.0,0.0,0.0,-1,26,7869.842500000001,0.28,0.5,0.5,0.0,0.0,0,0,0.0,2484.79,1,0,0.0,2484.79,1,0,0.0,31479.370000000003,4,0,0.0,1
LGS2ORD0021749,C014085,2025-06-22 06:00:00,Female,40,Gold,Shopee,Khon Kaen,1015,TV_Show,COD,6,6,6,1,30-40,33.833333333333336,8.0,1.0,0.125,68,19,4191.262500000001,0.2299999999999999,0.5,0.375,0.0,0.0,0,0,0.0,3153.0,1,0,0.0,28137.13,5,1,0.2,33530.100000000006,8,1,0.125,1
LGS2ORD0021750,C017824,2025-06-22 06:00:00,Female,54,Bronze,TV,Phuket,658,CallCenter,COD,6,6,6,1,>50,21.933333333333334,3.0,0.0,0.0,-1,38,5754.846666666667,0.13,0.6666666666666666,0.0,0.0,0.0,0,0,0.0,0.0,0,0,0.0,3438.28,1,0,0.0,17264.54,3,0,0.0,1
LGS2ORD0021751,C013467,2025-06-22 06:00:00,Female,39,Silver,Web,Bangkok,1440,Web,Credit_Card,6,6,6,1,30-40,48.0,4.0,3.0,0.75,14,30,4100.55,0.25,1.0,0.25,0.0,0.0,0,0,0.0,0.0,0,0,0.0,1582.94,1,1,1.0,16402.2,4,3,0.75,0
LGS2ORD0021752,C015571,2025-06-22 06:00:00,Female,49,Bronze,TV,Nakhon Ratchasima,185,TV_Show,Bank_Transfer,6,6,6,1,40-50,6.166666666666667,3.0,0.0,0.0,-1,62,3163.0200000000004,0.18,1.0,0.0,0.0,0.0,0,0,0.0,0.0,0,0,0.0,3219.34,1,0,0.0,9489.060000000001,3,0,0.0,1
LGS2ORD0021753,C015801,2025-06-22 06:00:00,Male,49,Bronze,Shopee,Bangkok,498,Shopee,COD,6,6,6,1,40-50,16.6,0.0,0.0,0.0,-1,-1,0.0,0.0,0.0,0.0,0.0,0.0,0,0,0.0,0.0,0,0,0.0,0.0,0,0,0.0,0.0,0,0,0.0,1
LGS2ORD0021754,C016716,2025-06-22 06:00:00,Female,48,Silver,Lazada,Bangkok,395,Web,PromptPay,6,6,6,1,40-50,13.166666666666666,4.0,0.0,0.0,-1,43,4804.2125,0.3,0.75,0.5,0.0,0.0,0,0,0.0,0.0,0,0,0.0,5406.76,1,0,0.0,19216.85,4,0,0.0,0
LGS2ORD0021755,C012366,2025-06-22 07:00:00,Other,24,Gold,Shopee,Bangkok,1065,CallCenter,COD,7,6,6,1,20-30,35.5,0.0,0.0,0.0,-1,-1,0.0,0.0,0.0,0.0,0.0,0.0,0,0,0.0,0.0,0,0,0.0,0.0,0,0,0.0,0.0,0,0,0.0,1
LGS2ORD0021756,C012725,2025-06-22 07:00:00,Male,60,Bronze,CallCenter,Songkhla,1396,Lazada,PromptPay,7,6,6,1,>50,46.53333333333333,3.0,2.0,0.6666666666666666,98,59,3828.956666666667,0.23,0.6666666666666666,0.3333333333333333,0.0,0.0,0,0,0.0,0.0,0,0,0.0,8269.68,1,0,0.0,11486.87,3,2,0.6666666666666666,0
LGS2ORD0021757,C015667,2025-06-22 07:00:00,Female,35,Platinum,TV,Bangkok,758,Lazada,Credit_Card,7,6,6,1,30-40,25.266666666666666,1.0,1.0,1.0,47,51,3019.3,0.25,1.0,1.0,0.0,0.0,0,0,0.0,0.0,0,0,0.0,3019.3,1,1,1.0,3019.3,1,1,1.0,0
LGS2ORD0021758,C017750,2025-06-22 07:00:00,Female,23,Silver,TV,Bangkok,1296,CallCenter,COD,7,6,6,1,20-30,43.2,3.0,0.0,0.0,-1,22,6710.856666666667,0.3,0.3333333333333333,0.3333333333333333,0.0,0.0,0,0,0.0,7366.33,1,0,0.0,20132.57,3,0,0.0,20132.57,3,0,0.0,1
LGS2ORD0021759,C015203,2025-06-22 07:00:00,Female,44,Gold,TV,Bangkok,681,Web,Credit_Card,7,6,6,1,40-50,22.7,5.0,1.0,0.2,63,35,2210.5299999999997,0.28,0.8,0.4,0.0,0.0,0,0,0.0,0.0,0,0,0.0,7443.41,2,1,0.5,11052.65,5,1,0.2,0
LGS2ORD0021760,C017928,2025-06-22 08:00:00,Male,38,Gold,Web,Chiang Mai,579,Web,COD,8,6,6,1,30-40,19.3,6.0,1.0,0.16666666666666666,133,33,3780.405,0.2299999999999999,0.8333333333333334,0.16666666666666666,0.0,0.0,0,0,0.0,0.0,0,0,0.0,4011.87,1,0,0.0,22682.43,6,1,0.16666666666666666,0
LGS2ORD0021761,C014235,2025-06-22 08:00:00,Male,31,Silver,TV,Bangkok,491,Shopee,Bank_Transfer,8,6,6,1,30-40,16.366666666666667,3.0,0.0,0.0,-1,102,7647.843333333334,0.2,0.6666666666666666,0.0,0.0,0.0,0,0,0.0,0.0,0,0,0.0,0.0,0,0,0.0,22943.530000000002,3,0,0.0,0
LGS2ORD0021762,C015522,2025-06-22 08:00:00,Female,31,Bronze,TV,Bangkok,408,Web,COD,8,6,6,1,30-40,13.6,3.0,0.0,0.0,-1,22,1439.9133333333332,0.28,0.3333333333333333,0.3333333333333333,0.0,0.0,0,0,0.0,1934.38,1,0,0.0,2288.63,2,0,0.0,4319.74,3,0,0.0,0
LGS2ORD0021763,C017862,2025-06-22 08:00:00,Female,42,Bronze,Shopee,Khon Kaen,679,Shopee,COD,8,6,6,1,40-50,22.633333333333333,5.0,2.0,0.4,152,14,9635.194,0.28,0.6,0.2,0.0,0.0,0,0,0.0,8171.67,1,0,0.0,11145.55,2,0,0.0,48175.969999999994,5,2,0.4,0
LGS2ORD0021764,C014298,2025-06-22 08:00:00,Other,20,Platinum,Web,Bangkok,337,Shopee,COD,8,6,6,1,<20,11.233333333333333,2.0,0.0,0.0,-1,21,1478.905,0.2,0.0,0.0,0.0,0.0,0,0,0.0,2161.94,1,0,0.0,2161.94,1,0,0.0,2957.81,2,0,0.0,1
LGS2ORD0021765,C011450,2025-06-22 09:00:00,Male,38,Bronze,Shopee,Remote_Area,828,TV_Show,COD,9,6,6,1,30-40,27.6,0.0,0.0,0.0,-1,-1,0.0,0.0,0.0,0.0,0.0,0.0,0,0,0.0,0.0,0,0,0.0,0.0,0,0,0.0,0.0,0,0,0.0,1
LGS2ORD0021766,C010259,2025-06-22 09:00:00,Male,27,Bronze,Web,Phuket,278,CallCenter,COD,9,6,6,1,20-30,9.266666666666667,3.0,0.0,0.0,-1,35,3338.4133333333334,0.18,0.3333333333333333,0.0,0.0,0.0,0,0,0.0,0.0,0,0,0.0,10015.24,3,0,0.0,10015.24,3,0,0.0,0
LGS2ORD0021767,C012489,2025-06-22 09:00:00,Male,45,Gold,TV,Phuket,1064,Shopee,COD,9,6,6,1,40-50,35.46666666666667,1.0,0.0,0.0,-1,65,1822.45,0.08,0.0,0.0,0.0,0.0,0,0,0.0,0.0,0,0,0.0,1822.45,1,0,0.0,1822.45,1,0,0.0,0
LGS2ORD0021768,C017055,2025-06-22 09:00:00,Female,55,Gold,TV,Nakhon Ratchasima,1514,Shopee,PromptPay,9,6,6,1,>50,50.46666666666667,0.0,0.0,0.0,-1,-1,0.0,0.0,0.0,0.0,0.0,0.0,0,0,0.0,0.0,0,0,0.0,0.0,0,0,0.0,0.0,0,0,0.0,0
LGS2ORD0021769,C017460,2025-06-22 09:00:00,Female,37,Silver,TV,Chiang Mai,950,Web,COD,9,6,6,1,30-40,31.666666666666668,2.0,1.0,0.5,112,119,12100.175,0.05,1.0,0.0,0.0,0.0,0,0,0.0,0.0,0,0,0.0,0.0,0,0,0.0,24200.35,2,1,0.5,0
LGS2ORD0021770,C015012,2025-06-22 09:00:00,Female,55,Silver,Web,Khon Kaen,496,Shopee,COD,9,6,6,1,>50,16.533333333333335,4.0,1.0,0.25,89,62,7037.6325,0.1,0.5,0.0,0.0,0.0,0,0,0.0,0.0,0,0,0.0,23553.789999999997,2,0,0.0,28150.53,4,1,0.25,1
LGS2ORD0021771,C010176,2025-06-22 10:00:00,Female,50,Gold,Web,Chiang Mai,242,Web,PromptPay,10,6,6,1,40-50,8.066666666666666,0.0,0.0,0.0,-1,-1,0.0,0.0,0.0,0.0,0.0,0.0,0,0,0.0,0.0,0,0,0.0,0.0,0,0,0.0,0.0,0,0,0.0,0
LGS2ORD0021772,C017895,2025-06-22 10:00:00,Female,30,Bronze,Shopee,Chiang Mai,1394,CallCenter,Credit_Card,10,6,6,1,20-30,46.46666666666667,2.0,1.0,0.5,126,139,4434.65,0.28,0.5,0.5,0.0,0.0,0,0,0.0,0.0,0,0,0.0,0.0,0,0,0.0,8869.3,2,1,0.5,0
LGS2ORD0021773,C014695,2025-06-22 10:00:00,Female,56,Bronze,Shopee,Bangkok,1297,Lazada,PromptPay,10,6,6,1,>50,43.233333333333334,4.0,0.0,0.0,-1,6,5059.485000000001,0.28,0.25,0.5,0.0,8442.47,1,0,0.0,15728.06,3,0,0.0,15728.06,3,0,0.0,20237.940000000002,4,0,0.0,0
LGS2ORD0021774,C011673,2025-06-22 10:00:00,Female,32,Gold,Web,Bangkok,1183,Lazada,PromptPay,10,6,6,1,30-40,39.43333333333333,3.0,0.0,0.0,-1,47,5970.160000000001,0.28,1.0,0.3333333333333333,0.0,0.0,0,0,0.0,0.0,0,0,0.0,16834.04,2,0,0.0,17910.480000000003,3,0,0.0,1
LGS2ORD0021775,C012864,2025-06-22 10:00:00,Female,56,Bronze,Web,Bangkok,1425,Lazada,COD,10,6,6,1,>50,47.5,0.0,0.0,0.0,-1,-1,0.0,0.0,0.0,0.0,0.0,0.0,0,0,0.0,0.0,0,0,0.0,0.0,0,0,0.0,0.0,0,0,0.0,0
LGS2ORD0021776,C014728,2025-06-22 11:00:00,Male,34,Bronze,TV,Remote_Area,396,Web,Credit_Card,11,6,6,1,30-40,13.2,7.0,1.0,0.14285714285714285,91,21,9206.437142857143,0.18,0.42857142857142855,0.0,0.0,0.0,0,0,0.0,6325.349999999999,2,0,0.0,21089.269999999997,4,0,0.0,64445.06,7,1,0.14285714285714285,1
LGS2ORD0021777,C016328,2025-06-22 11:00:00,Female,72,Silver,CallCenter,Remote_Area,422,Shopee,PromptPay,11,6,6,1,>50,14.066666666666666,4.0,1.0,0.25,99,95,7879.755,0.15,0.0,0.0,0.0,0.0,0,0,0.0,0.0,0,0,0.0,0.0,0,0,0.0,31519.02,4,1,0.25,1
LGS2ORD0021778,C011288,2025-06-22 11:00:00,Male,59,Bronze,Shopee,Bangkok,504,Web,Credit_Card,11,6,6,1,>50,16.8,2.0,1.0,0.5,4,15,1841.57,0.28,1.0,0.5,0.0,0.0,0,0,0.0,1741.54,1,1,1.0,3683.14,2,1,0.5,3683.14,2,1,0.5,0
LGS2ORD0021779,C014606,2025-06-22 11:00:00,Female,49,Silver,Web,Nakhon Ratchasima,660,Web,Credit_Card,11,6,6,1,40-50,22.0,0.0,0.0,0.0,-1,-1,0.0,0.0,0.0,0.0,0.0,0.0,0,0,0.0,0.0,0,0,0.0,0.0,0,0,0.0,0.0,0,0,0.0,0
LGS2ORD0021780,C015815,2025-06-22 11:00:00,Female,47,Bronze,Web,Bangkok,1356,Lazada,COD,11,6,6,1,40-50,45.2,1.0,0.0,0.0,-1,168,1234.13,0.08,1.0,0.0,0.0,0.0,0,0,0.0,0.0,0,0,0.0,0.0,0,0,0.0,1234.13,1,0,0.0,0
LGS2ORD0021781,C013896,2025-06-22 12:00:00,Female,65,Bronze,TV,Phuket,543,CallCenter,COD,12,6,6,1,>50,18.1,5.0,5.0,1.0,30,40,4327.32,0.23,0.8,0.6,0.0,0.0,0,0,0.0,0.0,0,0,0.0,12404.029999999999,2,2,1.0,21636.6,5,5,1.0,1
LGS2ORD0021782,C012625,2025-06-22 12:00:00,Female,42,Silver,Shopee,Songkhla,272,Lazada,PromptPay,12,6,6,1,40-50,9.066666666666666,3.0,0.0,0.0,-1,89,6412.413333333333,0.2,0.3333333333333333,0.0,0.0,0.0,0,0,0.0,0.0,0,0,0.0,4167.79,1,0,0.0,19237.239999999998,3,0,0.0,0
LGS2ORD0021783,C016242,2025-06-22 12:00:00,Male,36,Silver,Shopee,Bangkok,1001,Lazada,PromptPay,12,6,6,1,30-40,33.36666666666667,5.0,0.0,0.0,-1,58,7099.51,0.25,0.6,0.2,0.0,0.0,0,0,0.0,0.0,0,0,0.0,16549.309999999998,2,0,0.0,35497.55,5,0,0.0,0
LGS2ORD0021784,C012633,2025-06-22 12:00:00,Female,45,Silver,CallCenter,Songkhla,277,Web,PromptPay,12,6,6,1,40-50,9.233333333333333,4.0,1.0,0.25,67,70,3275.2174999999997,0.3,0.5,0.5,0.0,0.0,0,0,0.0,0.0,0,0,0.0,10072.9,2,1,0.5,13100.869999999999,4,1,0.25,0
LGS2ORD0021785,C014905,2025-06-22 12:00:00,Male,42,Bronze,TV,Remote_Area,1322,Lazada,COD,12,6,6,1,40-50,44.06666666666667,4.0,3.0,0.75,16,22,1817.2325,0.28,0.75,0.5,0.0,0.0,0,0,0.0,1119.1,1,1,1.0,2178.9399999999996,2,1,0.5,7268.93,4,3,0.75,0
LGS2ORD0021786,C014347,2025-06-22 13:00:00,Male,27,Bronze,TV,Chonburi,854,TV_Show,COD,13,6,6,1,20-30,28.466666666666665,3.0,0.0,0.0,-1,14,9238.87,0.18,0.3333333333333333,0.0,0.0,0.0,0,0,0.0,740.72,1,0,0.0,23836.870000000003,2,0,0.0,27716.61,3,0,0.0,0
LGS2ORD0021787,C016024,2025-06-22 13:00:00,Male,30,Bronze,CallCenter,Chiang Mai,656,TV_Show,Bank_Transfer,13,6,6,1,20-30,21.866666666666667,1.0,0.0,0.0,-1,132,3429.46,0.13,1.0,0.0,0.0,0.0,0,0,0.0,0.0,0,0,0.0,0.0,0,0,0.0,3429.46,1,0,0.0,0
LGS2ORD0021788,C015451,2025-06-22 13:00:00,Female,56,Silver,Web,Khon Kaen,1397,Lazada,Bank_Transfer,13,6,6,1,>50,46.56666666666667,3.0,0.0,0.0,-1,63,3360.09,0.1,0.3333333333333333,0.0,0.0,0.0,0,0,0.0,0.0,0,0,0.0,2125.26,1,0,0.0,10080.27,3,0,0.0,1
LGS2ORD0021789,C014455,2025-06-22 13:00:00,Male,31,Gold,Web,Chiang Mai,1377,Shopee,COD,13,6,6,1,30-40,45.9,6.0,2.0,0.3333333333333333,62,68,3238.8816666666667,0.28,0.8333333333333334,0.6666666666666666,0.0,0.0,0,0,0.0,0.0,0,0,0.0,9758.25,3,1,0.3333333333333333,19433.29,6,2,0.3333333333333333,1
LGS2ORD0021790,C013226,2025-06-22 13:00:00,Female,44,Bronze,Shopee,Chonburi,1098,Web,COD,13,6,6,1,40-50,36.6,5.0,0.0,0.0,-1,1,17688.874,0.23,0.2,0.4,0.0,5089.28,1,0,0.0,5089.28,1,0,0.0,20038.07,3,0,0.0,88444.37,5,0,0.0,0
LGS2ORD0021791,C011474,2025-06-22 13:00:00,Female,23,Silver,Web,Remote_Area,453,Shopee,PromptPay,13,6,6,1,20-30,15.1,2.0,1.0,0.5,48,57,5468.465,0.1,1.0,0.0,0.0,0.0,0,0,0.0,0.0,0,0,0.0,10936.93,2,1,0.5,10936.93,2,1,0.5,1
LGS2ORD0021792,C016268,2025-06-22 14:00:00,Male,46,Silver,Shopee,Songkhla,771,Shopee,COD,14,6,6,1,40-50,25.7,0.0,0.0,0.0,-1,-1,0.0,0.0,0.0,0.0,0.0,0.0,0,0,0.0,0.0,0,0,0.0,0.0,0,0,0.0,0.0,0,0,0.0,0
LGS2ORD0021793,C015164,2025-06-22 14:00:00,Female,56,Silver,Web,Bangkok,351,Shopee,Credit_Card,14,6,6,1,>50,11.7,1.0,1.0,1.0,2,12,5010.09,0.2,0.0,0.0,0.0,0.0,0,0,0.0,5010.09,1,1,1.0,5010.09,1,1,1.0,5010.09,1,1,1.0,0
LGS2ORD0021794,C017212,2025-06-22 14:00:00,Female,54,Bronze,CallCenter,Phuket,1629,Lazada,PromptPay,14,6,6,1,>50,54.3,4.0,0.0,0.0,-1,30,3416.905,0.28,0.5,0.25,0.0,0.0,0,0,0.0,0.0,0,0,0.0,1327.01,1,0,0.0,13667.62,4,0,0.0,0
LGS2ORD0021795,C016385,2025-06-22 14:00:00,Male,53,Gold,Web,Phuket,219,Web,COD,14,6,6,1,>50,7.3,3.0,0.0,0.0,-1,2,3877.35,0.2299999999999999,0.6666666666666666,0.3333333333333333,0.0,6083.46,1,0,0.0,6083.46,1,0,0.0,9594.05,2,0,0.0,11632.05,3,0,0.0,0
LGS2ORD0021796,C012146,2025-06-22 14:00:00,Female,37,Bronze,Lazada,Bangkok,492,Shopee,COD,14,6,6,1,30-40,16.4,2.0,0.0,0.0,-1,19,3111.8900000000003,0.13,0.5,0.0,0.0,0.0,0,0,0.0,4317.51,1,0,0.0,6223.780000000001,2,0,0.0,6223.780000000001,2,0,0.0,0
LGS2ORD0021797,C013174,2025-06-22 15:00:00,Female,40,Bronze,Web,Chiang Mai,899,TV_Show,COD,15,6,6,1,30-40,29.966666666666665,2.0,0.0,0.0,-1,73,2384.1099999999997,0.18,0.0,0.0,0.0,0.0,0,0,0.0,0.0,0,0,0.0,371.11,1,0,0.0,4768.219999999999,2,0,0.0,1
LGS2ORD0021798,C012400,2025-06-22 15:00:00,Female,38,Bronze,TV,Phuket,1608,TV_Show,COD,15,6,6,1,30-40,53.6,6.0,0.0,0.0,-1,96,8253.418333333333,0.18,0.5,0.0,0.0,0.0,0,0,0.0,0.0,0,0,0.0,0.0,0,0,0.0,49520.51,6,0,0.0,1
LGS2ORD0021799,C010646,2025-06-22 15:00:00,Male,48,Bronze,Lazada,Bangkok,1433,Lazada,Credit_Card,15,6,6,1,40-50,47.766666666666666,3.0,1.0,0.3333333333333333,48,55,4436.496666666667,0.28,0.3333333333333333,0.3333333333333333,0.0,0.0,0,0,0.0,0.0,0,0,0.0,11503.26,2,1,0.5,13309.490000000002,3,1,0.3333333333333333,0
LGS2ORD0021800,C012236,2025-06-22 15:00:00,Male,25,Bronze,Shopee,Nakhon Ratchasima,577,Web,PromptPay,15,6,6,1,20-30,19.233333333333334,8.0,0.0,0.0,-1,25,4939.41375,0.28,0.125,0.125,0.0,0.0,0,0,0.0,27148.710000000003,3,0,0.0,28709.940000000002,4,0,0.0,39515.31,8,0,0.0,0
LGS2ORD0021801,C011158,2025-06-22 15:00:00,Female,38,Silver,Lazada,Bangkok,462,CallCenter,PromptPay,15,6,6,1,30-40,15.4,2.0,0.0,0.0,-1,51,1584.38,0.3,0.0,0.5,0.0,0.0,0,0,0.0,0.0,0,0,0.0,1336.63,1,0,0.0,3168.76,2,0,0.0,1
LGS2ORD0021802,C014818,2025-06-22 16:00:00,Female,35,Bronze,TV,Bangkok,1218,Lazada,PromptPay,16,6,6,1,30-40,40.6,4.0,1.0,0.25,115,93,7622.575,0.18,0.5,0.0,0.0,0.0,0,0,0.0,0.0,0,0,0.0,0.0,0,0,0.0,30490.3,4,1,0.25,0
LGS2ORD0021803,C016681,2025-06-22 16:00:00,Male,43,Gold,TV,Bangkok,1356,Shopee,Credit_Card,16,6,6,1,40-50,45.2,2.0,0.0,0.0,-1,56,6484.615000000001,0.13,0.5,0.0,0.0,0.0,0,0,0.0,0.0,0,0,0.0,1113.11,1,0,0.0,12969.230000000001,2,0,0.0,1
LGS2ORD0021804,C013568,2025-06-22 16:00:00,Male,47,Bronze,Lazada,Remote_Area,1620,Web,COD,16,6,6,1,40-50,54.0,1.0,0.0,0.0,-1,34,12548.67,0.08,0.0,0.0,0.0,0.0,0,0,0.0,0.0,0,0,0.0,12548.67,1,0,0.0,12548.67,1,0,0.0,0
LGS2ORD0021805,C016205,2025-06-22 16:00:00,Other,55,Bronze,Shopee,Bangkok,1335,Shopee,COD,16,6,6,1,>50,44.5,3.0,1.0,0.3333333333333333,-6,9,17714.416666666668,0.23,0.6666666666666666,0.3333333333333333,0.0,0.0,0,0,0.0,15557.7,1,1,1.0,38736.14,2,1,0.5,53143.25,3,1,0.3333333333333333,0
LGS2ORD0021806,C015612,2025-06-22 16:00:00,Female,36,Silver,Web,Khon Kaen,1493,CallCenter,COD,16,6,6,1,30-40,49.766666666666666,4.0,0.0,0.0,-1,77,2917.475,0.2,0.25,0.0,0.0,0.0,0,0,0.0,0.0,0,0,0.0,9043.34,1,0,0.0,11669.9,4,0,0.0,1
LGS2ORD0021807,C014500,2025-06-22 17:00:00,Male,42,Bronze,Shopee,Bangkok,1428,TV_Show,COD,17,6,6,1,40-50,47.6,2.0,2.0,1.0,51,62,8526.49,0.23,0.5,1.0,0.0,0.0,0,0,0.0,0.0,0,0,0.0,2823.22,1,1,1.0,17052.98,2,2,1.0,0
LGS2ORD0021808,C010741,2025-06-22 17:00:00,Male,24,Gold,TV,Phuket,1387,Web,Credit_Card,17,6,6,1,20-30,46.233333333333334,4.0,2.0,0.5,26,22,4676.1475,0.2299999999999999,0.25,0.25,0.0,0.0,0,0,0.0,2494.0,1,0,0.0,18704.59,4,2,0.5,18704.59,4,2,0.5,1
LGS2ORD0021809,C013243,2025-06-22 17:00:00,Male,21,Bronze,TV,Bangkok,1363,Shopee,COD,17,6,6,1,20-30,45.43333333333333,2.0,0.0,0.0,-1,23,4672.135,0.08,1.0,0.0,0.0,0.0,0,0,0.0,5413.87,1,0,0.0,9344.27,2,0,0.0,9344.27,2,0,0.0,0
LGS2ORD0021810,C015519,2025-06-22 17:00:00,Female,49,Gold,Web,Remote_Area,832,Lazada,COD,17,6,6,1,40-50,27.733333333333334,5.0,1.0,0.2,63,30,5153.508,0.28,0.6,0.4,0.0,0.0,0,0,0.0,0.0,0,0,0.0,14440.05,3,1,0.3333333333333333,25767.54,5,1,0.2,0
LGS2ORD0021811,C012166,2025-06-22 17:00:00,Female,64,Bronze,TV,Remote_Area,1410,TV_Show,COD,17,6,6,1,>50,47.0,3.0,2.0,0.6666666666666666,152,118,9957.339999999998,0.18,0.6666666666666666,0.0,0.0,0.0,0,0,0.0,0.0,0,0,0.0,0.0,0,0,0.0,29872.019999999997,3,2,0.6666666666666666,1
LGS2ORD0021812,C015429,2025-06-22 17:00:00,Female,26,Bronze,TV,Songkhla,1598,Shopee,PromptPay,17,6,6,1,20-30,53.266666666666666,0.0,0.0,0.0,-1,-1,0.0,0.0,0.0,0.0,0.0,0.0,0,0,0.0,0.0,0,0,0.0,0.0,0,0,0.0,0.0,0,0,0.0,0
LGS2ORD0021813,C013043,2025-06-22 18:00:00,Male,57,Bronze,TV,Bangkok,859,Web,COD,18,6,6,1,>50,28.633333333333333,0.0,0.0,0.0,-1,-1,0.0,0.0,0.0,0.0,0.0,0.0,0,0,0.0,0.0,0,0,0.0,0.0,0,0,0.0,0.0,0,0,0.0,1
LGS2ORD0021814,C012197,2025-06-22 18:00:00,Female,37,Silver,TV,Songkhla,702,TV_Show,COD,18,6,6,1,30-40,23.4,2.0,1.0,0.5,-7,4,11507.845,0.25,0.5,0.5,0.0,2969.94,1,1,1.0,2969.94,1,1,1.0,2969.94,1,1,1.0,23015.69,2,1,0.5,1
LGS2ORD0021815,C017799,2025-06-22 18:00:00,Female,43,Gold,Lazada,Khon Kaen,1398,Shopee,PromptPay,18,6,6,1,40-50,46.6,4.0,1.0,0.25,-11,2,10585.9075,0.2299999999999999,0.25,0.25,0.0,9435.54,1,1,1.0,12847.87,2,1,0.5,32560.239999999998,3,1,0.3333333333333333,42343.63,4,1,0.25,0
LGS2ORD0021816,C014793,2025-06-22 18:00:00,Male,46,Bronze,Lazada,Nakhon Ratchasima,559,Lazada,Credit_Card,18,6,6,1,40-50,18.633333333333333,1.0,0.0,0.0,-1,24,3570.4,0.03,0.0,0.0,0.0,0.0,0,0,0.0,3570.4,1,0,0.0,3570.4,1,0,0.0,3570.4,1,0,0.0,1
LGS2ORD0021817,C011307,2025-06-22 18:00:00,Female,55,Gold,Web,Remote_Area,1435,TV_Show,Credit_Card,18,6,6,1,>50,47.833333333333336,1.0,1.0,1.0,101,111,1396.47,0.28,0.0,1.0,0.0,0.0,0,0,0.0,0.0,0,0,0.0,0.0,0,0,0.0,1396.47,1,1,1.0,0
LGS2ORD0021818,C013117,2025-06-22 19:00:00,Male,64,Gold,Web,Bangkok,1292,Web,COD,19,6,6,1,>50,43.06666666666667,0.0,0.0,0.0,-1,-1,0.0,0.0,0.0,0.0,0.0,0.0,0,0,0.0,0.0,0,0,0.0,0.0,0,0,0.0,0.0,0,0,0.0,1
LGS2ORD0021819,C011545,2025-06-22 19:00:00,Male,26,Gold,Web,Khon Kaen,1237,TV_Show,COD,19,6,6,1,20-30,41.233333333333334,2.0,1.0,0.5,27,31,10255.164999999999,0.28,0.5,0.5,0.0,0.0,0,0,0.0,0.0,0,0,0.0,20510.329999999998,2,1,0.5,20510.329999999998,2,1,0.5,0
LGS2ORD0021820,C014786,2025-06-22 19:00:00,Male,32,Bronze,TV,Remote_Area,872,Shopee,COD,19,6,6,1,30-40,29.066666666666666,4.0,1.0,0.25,112,31,3537.5550000000003,0.23,0.5,0.25,0.0,0.0,0,0,0.0,0.0,0,0,0.0,12471.23,2,0,0.0,14150.220000000001,4,1,0.25,0
LGS2ORD0021821,C016560,2025-06-22 19:00:00,Male,71,Bronze,Lazada,Bangkok,1469,CallCenter,COD,19,6,6,1,>50,48.96666666666667,5.0,3.0,0.6,2,7,6118.796,0.28,0.8,0.4,0.0,0.0,0,0,0.0,5909.87,1,1,1.0,6824.47,2,2,1.0,30593.98,5,3,0.6,0
LGS2ORD0021822,C017089,2025-06-22 19:00:00,Male,53,Bronze,Shopee,Songkhla,1523,Lazada,COD,19,6,6,1,>50,50.766666666666666,2.0,0.0,0.0,-1,55,5953.1900000000005,0.28,1.0,0.5,0.0,0.0,0,0,0.0,0.0,0,0,0.0,11906.380000000001,2,0,0.0,11906.380000000001,2,0,0.0,0
LGS2ORD0021823,C011774,2025-06-22 20:00:00,Male,70,Silver,TV,Nakhon Ratchasima,325,TV_Show,COD,20,6,6,1,>50,10.833333333333334,7.0,1.0,0.14285714285714285,65,30,5476.824285714285,0.3,0.8571428571428571,0.2857142857142857,0.0,0.0,0,0,0.0,0.0,0,0,0.0,31311.77,5,1,0.2,38337.77,7,1,0.14285714285714285,1
LGS2ORD0021824,C016516,2025-06-22 20:00:00,Male,41,Bronze,TV,Chiang Mai,1080,TV_Show,Credit_Card,20,6,6,1,40-50,36.0,1.0,0.0,0.0,-1,73,2951.0,0.18,0.0,0.0,0.0,0.0,0,0,0.0,0.0,0,0,0.0,2951.0,1,0,0.0,2951.0,1,0,0.0,0
LGS2ORD0021825,C016053,2025-06-22 20:00:00,Male,29,Gold,Shopee,Chonburi,656,Web,COD,20,6,6,1,20-30,21.866666666666667,7.0,2.0,0.2857142857142857,103,43,3066.895714285714,0.28,0.5714285714285714,0.42857142857142855,0.0,0.0,0,0,0.0,0.0,0,0,0.0,4297.49,1,0,0.0,21468.269999999997,7,2,0.2857142857142857,0
LGS2ORD0021826,C010570,2025-06-22 20:00:00,Male,28,Bronze,TV,Bangkok,1132,Shopee,Credit_Card,20,6,6,1,20-30,37.733333333333334,4.0,1.0,0.25,100,46,6471.422500000001,0.23,0.5,0.5,0.0,0.0,0,0,0.0,0.0,0,0,0.0,337.58,1,0,0.0,25885.690000000002,4,1,0.25,0
LGS2ORD0021827,C016942,2025-06-22 20:00:00,Male,53,Bronze,TV,Nakhon Ratchasima,1454,Lazada,COD,20,6,6,1,>50,48.46666666666667,6.0,1.0,0.16666666666666666,78,12,2812.5850000000005,0.23,0.5,0.16666666666666666,0.0,0.0,0,0,0.0,603.57,1,0,0.0,1870.52,2,1,0.5,16875.510000000002,6,1,0.16666666666666666,0
LGS2ORD0021828,C011048,2025-06-22 21:00:00,Female,51,Gold,Lazada,Bangkok,1026,Web,COD,21,6,6,1,>50,34.2,1.0,0.0,0.0,-1,136,1756.89,0.28,0.0,1.0,0.0,0.0,0,0,0.0,0.0,0,0,0.0,0.0,0,0,0.0,1756.89,1,0,0.0,0
LGS2ORD0021829,C013768,2025-06-22 21:00:00,Male,39,Platinum,Lazada,Chiang Mai,1205,Shopee,PromptPay,21,6,6,1,30-40,40.166666666666664,4.0,2.0,0.5,132,19,2431.9075000000003,0.3,1.0,1.0,0.0,0.0,0,0,0.0,4111.23,2,0,0.0,4111.23,2,0,0.0,9727.630000000001,4,2,0.5,0
LGS2ORD0021830,C014701,2025-06-22 21:00:00,Female,63,Bronze,Lazada,Bangkok,1599,TV_Show,Credit_Card,21,6,6,1,>50,53.3,3.0,0.0,0.0,-1,19,3337.126666666667,0.18,0.6666666666666666,0.0,0.0,0.0,0,0,0.0,7896.75,1,0,0.0,7896.75,1,0,0.0,10011.380000000001,3,0,0.0,0
LGS2ORD0021831,C012577,2025-06-22 21:00:00,Male,60,Gold,TV,Chonburi,1206,Shopee,PromptPay,21,6,6,1,>50,40.2,1.0,0.0,0.0,-1,9,10269.74,0.28,0.0,1.0,0.0,0.0,0,0,0.0,10269.74,1,0,0.0,10269.74,1,0,0.0,10269.74,1,0,0.0,0
LGS2ORD0021832,C011183,2025-06-22 21:00:00,Male,18,Platinum,TV,Nakhon Ratchasima,1451,TV_Show,Credit_Card,21,6,6,1,<20,48.36666666666667,4.0,0.0,0.0,-1,20,6303.695,0.25,0.25,0.5,0.0,0.0,0,0,0.0,23439.149999999998,2,0,0.0,25214.78,4,0,0.0,25214.78,4,0,0.0,0
LGS2ORD0021833,C015575,2025-06-22 21:00:00,Female,58,Silver,TV,Bangkok,1472,CallCenter,Credit_Card,21,6,6,1,>50,49.06666666666667,4.0,2.0,0.5,117,21,4695.65,0.25,0.75,0.25,0.0,0.0,0,0,0.0,4442.45,1,0,0.0,4442.45,1,0,0.0,18782.6,4,2,0.5,0
LGS2ORD0021834,C013501,2025-06-22 22:00:00,Female,61,Silver,Shopee,Chonburi,930,TV_Show,PromptPay,22,6,6,1,>50,31.0,0.0,0.0,0.0,-1,-1,0.0,0.0,0.0,0.0,0.0,0.0,0,0,0.0,0.0,0,0,0.0,0.0,0,0,0.0,0.0,0,0,0.0,0
LGS2ORD0021835,C012606,2025-06-22 22:00:00,Male,43,Bronze,TV,Bangkok,835,Web,Credit_Card,22,6,6,1,40-50,27.833333333333332,2.0,1.0,0.5,14,26,3794.1000000000004,0.08,0.0,0.0,0.0,0.0,0,0,0.0,5382.17,1,1,1.0,7588.200000000001,2,1,0.5,7588.200000000001,2,1,0.5,0
LGS2ORD0021836,C011516,2025-06-22 22:00:00,Female,28,Bronze,TV,Nakhon Ratchasima,1478,TV_Show,Bank_Transfer,22,6,6,1,20-30,49.266666666666666,3.0,1.0,0.3333333333333333,44,6,4737.47,0.23,0.6666666666666666,0.3333333333333333,0.0,5734.06,1,0,0.0,5734.06,1,0,0.0,14212.41,3,1,0.3333333333333333,14212.41,3,1,0.3333333333333333,0
LGS2ORD0021837,C017687,2025-06-22 22:00:00,Male,47,Silver,CallCenter,Chonburi,364,Lazada,COD,22,6,6,1,40-50,12.133333333333333,7.0,2.0,0.2857142857142857,120,7,7009.927142857143,0.25,0.2857142857142857,0.42857142857142855,0.0,0.0,0,0,0.0,3411.39,1,0,0.0,22754.940000000002,3,0,0.0,49069.49,7,2,0.2857142857142857,0
LGS2ORD0021838,C017192,2025-06-22 22:00:00,Male,33,Gold,Web,Chiang Mai,365,TV_Show,PromptPay,22,6,6,1,30-40,12.166666666666666,2.0,0.0,0.0,-1,81,2280.73,0.33,1.0,0.5,0.0,0.0,0,0,0.0,0.0,0,0,0.0,1684.08,1,0,0.0,4561.46,2,0,0.0,0
LGS2ORD0021839,C013998,2025-06-22 23:00:00,Female,26,Gold,CallCenter,Remote_Area,497,TV_Show,COD,23,6,6,1,20-30,16.566666666666666,2.0,0.0,0.0,-1,87,4553.09,0.13,0.0,0.0,0.0,0.0,0,0,0.0,0.0,0,0,0.0,4085.46,1,0,0.0,9106.18,2,0,0.0,0
LGS2ORD0021840,C016396,2025-06-22 23:00:00,Female,30,Silver,Web,Chiang Mai,1599,CallCenter,COD,23,6,6,1,20-30,53.3,5.0,3.0,0.6,23,2,3494.7200000000003,0.3,0.0,0.2,0.0,693.81,1,0,0.0,693.81,1,0,0.0,6274.280000000001,3,1,0.3333333333333333,17473.600000000002,5,3,0.6,1
LGS2ORD0021841,C016685,2025-06-22 23:00:00,Male,37,Gold,TV,Bangkok,350,Web,PromptPay,23,6,6,1,30-40,11.666666666666666,1.0,1.0,1.0,13,26,2093.14,0.2299999999999999,0.0,1.0,0.0,0.0,0,0,0.0,2093.14,1,1,1.0,2093.14,1,1,1.0,2093.14,1,1,1.0,0
LGS2ORD0021842,C015233,2025-06-22 23:00:00,Female,23,Gold,Shopee,Khon Kaen,1090,Shopee,COD,23,6,6,1,20-30,36.333333333333336,4.0,1.0,0.25,6,11,5322.5125,0.28,0.5,0.5,0.0,0.0,0,0,0.0,19642.64,3,1,0.3333333333333333,21290.05,4,1,0.25,21290.05,4,1,0.25,1
LGS2ORD0021843,C015311,2025-06-22 23:00:00,Female,38,Gold,Web,Phuket,729,Shopee,Credit_Card,23,6,6,1,30-40,24.3,3.0,0.0,0.0,-1,24,2845.043333333333,0.28,1.0,0.3333333333333333,0.0,0.0,0,0,0.0,3665.35,1,0,0.0,7417.37,2,0,0.0,8535.13,3,0,0.0,0
LGS2ORD0021844,C014103,2025-06-23 00:00:00,Female,54,Gold,Lazada,Chonburi,1565,Web,COD,0,6,0,0,>50,52.166666666666664,1.0,0.0,0.0,-1,26,11122.52,0.13,1.0,0.0,0.0,0.0,0,0,0.0,11122.52,1,0,0.0,11122.52,1,0,0.0,11122.52,1,0,0.0,0
LGS2ORD0021845,C013761,2025-06-23 00:00:00,Female,44,Gold,CallCenter,Chiang Mai,213,CallCenter,COD,0,6,0,0,40-50,7.1,5.0,0.0,0.0,-1,4,3788.8659999999995,0.28,0.4,0.4,0.0,4035.21,1,0,0.0,4035.21,1,0,0.0,6626.1,2,0,0.0,18944.329999999998,5,0,0.0,0
LGS2ORD0021846,C014051,2025-06-23 00:00:00,Female,19,Gold,Shopee,Chonburi,963,Lazada,COD,0,6,0,0,<20,32.1,1.0,0.0,0.0,-1,161,3716.93,0.13,0.0,0.0,0.0,0.0,0,0,0.0,0.0,0,0,0.0,0.0,0,0,0.0,3716.93,1,0,0.0,0
LGS2ORD0021847,C016577,2025-06-23 00:00:00,Female,33,Silver,Web,Khon Kaen,1336,TV_Show,Bank_Transfer,0,6,0,0,30-40,44.53333333333333,4.0,0.0,0.0,-1,107,7803.1325,0.25,0.25,0.25,0.0,0.0,0,0,0.0,0.0,0,0,0.0,0.0,0,0,0.0,31212.53,4,0,0.0,0
LGS2ORD0021848,C015008,2025-06-23 00:00:00,Male,51,Bronze,Lazada,Songkhla,974,CallCenter,COD,0,6,0,0,>50,32.46666666666667,8.0,2.0,0.25,125,10,5472.71,0.23,0.625,0.25,0.0,0.0,0,0,0.0,2212.24,1,0,0.0,14335.17,3,0,0.0,43781.68,8,2,0.25,0
LGS2ORD0021849,C015906,2025-06-23 01:00:00,Female,64,Bronze,CallCenter,Chiang Mai,345,Lazada,COD,1,6,0,0,>50,11.5,2.0,2.0,1.0,35,37,1855.585,0.23,1.0,0.5,0.0,0.0,0,0,0.0,0.0,0,0,0.0,476.04,1,1,1.0,3711.17,2,2,1.0,0
LGS2ORD0021850,C013666,2025-06-23 01:00:00,Female,37,Gold,Web,Bangkok,839,Web,COD,1,6,0,0,30-40,27.966666666666665,1.0,0.0,0.0,-1,140,687.02,0.13,0.0,0.0,0.0,0.0,0,0,0.0,0.0,0,0,0.0,0.0,0,0,0.0,687.02,1,0,0.0,1
LGS2ORD0021851,C014150,2025-06-23 01:00:00,Male,39,Silver,TV,Khon Kaen,704,TV_Show,Credit_Card,1,6,0,0,30-40,23.466666666666665,3.0,0.0,0.0,-1,63,1560.1200000000001,0.25,0.0,0.3333333333333333,0.3333333333333333,0.0,0,0,0.0,0.0,0,0,0.0,830.76,1,0,0.0,4680.360000000001,3,0,0.0,0
LGS2ORD0021852,C011973,2025-06-23 01:00:00,Female,72,Bronze,Web,Phuket,417,TV_Show,PromptPay,1,6,0,0,>50,13.9,3.0,2.0,0.6666666666666666,25,35,4597.5199999999995,0.28,1.0,0.3333333333333333,0.0,0.0,0,0,0.0,0.0,0,0,0.0,12046.76,2,2,1.0,13792.56,3,2,0.6666666666666666,0
LGS2ORD0021853,C017301,2025-06-23 01:00:00,Female,46,Bronze,Web,Nakhon Ratchasima,625,TV_Show,COD,1,6,0,0,40-50,20.833333333333332,0.0,0.0,0.0,-1,-1,0.0,0.0,0.0,0.0,0.0,0.0,0,0,0.0,0.0,0,0,0.0,0.0,0,0,0.0,0.0,0,0,0.0,0
LGS2ORD0021854,C012329,2025-06-23 01:00:00,Male,37,Bronze,Shopee,Remote_Area,204,Web,COD,1,6,0,0,30-40,6.8,1.0,1.0,1.0,28,34,5419.75,0.03,0.0,0.0,0.0,0.0,0,0,0.0,0.0,0,0,0.0,5419.75,1,1,1.0,5419.75,1,1,1.0,1
LGS2ORD0021855,C010194,2025-06-23 02:00:00,Female,51,Gold,TV,Remote_Area,1607,Shopee,Bank_Transfer,2,6,0,0,>50,53.56666666666667,3.0,1.0,0.3333333333333333,40,2,5753.68,0.13,0.6666666666666666,0.0,0.0,2799.26,1,0,0.0,2799.26,1,0,0.0,8043.4400000000005,2,1,0.5,17261.04,3,1,0.3333333333333333,1
LGS2ORD0021856,C013105,2025-06-23 02:00:00,Female,45,Bronze,Lazada,Nakhon Ratchasima,910,TV_Show,Credit_Card,2,6,0,0,40-50,30.333333333333332,3.0,0.0,0.0,-1,17,2488.6666666666665,0.23,0.3333333333333333,0.3333333333333333,0.0,0.0,0,0,0.0,848.75,1,0,0.0,4840.54,2,0,0.0,7466.0,3,0,0.0,0
LGS2ORD0021857,C015174,2025-06-23 02:00:00,Male,47,Silver,Lazada,Bangkok,806,Lazada,Credit_Card,2,6,0,0,40-50,26.866666666666667,2.0,0.0,0.0,-1,26,10068.57,0.15,0.5,0.0,0.0,0.0,0,0,0.0,9051.7,1,0,0.0,9051.7,1,0,0.0,20137.14,2,0,0.0,1
LGS2ORD0021858,C015097,2025-06-23 02:00:00,Male,46,Silver,Web,Bangkok,499,Lazada,Credit_Card,2,6,0,0,40-50,16.633333333333333,3.0,2.0,0.6666666666666666,-2,9,15747.526666666667,0.25,0.6666666666666666,0.3333333333333333,0.0,0.0,0,0,0.0,9689.91,1,1,1.0,9689.91,1,1,1.0,47242.58,3,2,0.6666666666666666,0
LGS2ORD0021859,C015401,2025-06-23 02:00:00,Male,40,Platinum,Lazada,Phuket,890,CallCenter,Credit_Card,2,6,0,0,30-40,29.666666666666668,4.0,1.0,0.25,143,5,3588.6274999999996,0.35,0.0,0.5,0.0,10145.73,1,0,0.0,10145.73,1,0,0.0,10145.73,1,0,0.0,14354.509999999998,4,1,0.25,0
LGS2ORD0021860,C011272,2025-06-23 03:00:00,Other,43,Gold,Lazada,Khon Kaen,1468,Shopee,Credit_Card,3,6,0,0,40-50,48.93333333333333,2.0,0.0,0.0,-1,91,1479.68,0.08,0.0,0.0,0.0,0.0,0,0,0.0,0.0,0,0,0.0,0.0,0,0,0.0,2959.36,2,0,0.0,0
LGS2ORD0021861,C017577,2025-06-23 03:00:00,Female,54,Bronze,Web,Remote_Area,554,TV_Show,Bank_Transfer,3,6,0,0,>50,18.466666666666665,2.0,1.0,0.5,120,71,8508.755000000001,0.23,0.5,0.5,0.0,0.0,0,0,0.0,0.0,0,0,0.0,12679.29,1,0,0.0,17017.510000000002,2,1,0.5,1
LGS2ORD0021862,C016183,2025-06-23 03:00:00,Male,38,Silver,Web,Chiang Mai,1509,Shopee,COD,3,6,0,0,30-40,50.3,3.0,0.0,0.0,-1,15,840.3766666666667,0.25,0.3333333333333333,0.3333333333333333,0.0,0.0,0,0,0.0,480.94,1,0,0.0,480.94,1,0,0.0,2521.13,3,0,0.0,0
LGS2ORD0021863,C014026,2025-06-23 03:00:00,Female,60,Silver,Lazada,Remote_Area,280,Shopee,COD,3,6,0,0,>50,9.333333333333334,7.0,1.0,0.14285714285714285,54,24,3785.5485714285714,0.25,0.42857142857142855,0.2857142857142857,0.0,0.0,0,0,0.0,1522.53,1,0,0.0,18087.84,6,1,0.16666666666666666,26498.84,7,1,0.14285714285714285,1
LGS2ORD0021864,C011059,2025-06-23 03:00:00,Male,64,Gold,TV,Chonburi,1167,Web,COD,3,6,0,0,>50,38.9,6.0,2.0,0.3333333333333333,122,82,3137.6316666666667,0.33,0.5,0.6666666666666666,0.0,0.0,0,0,0.0,0.0,0,0,0.0,1708.75,1,0,0.0,18825.79,6,2,0.3333333333333333,0
LGS2ORD0021865,C013352,2025-06-23 04:00:00,Male,40,Bronze,Shopee,Phuket,1344,Web,Credit_Card,4,6,0,0,30-40,44.8,1.0,0.0,0.0,-1,123,10166.41,0.08,0.0,0.0,0.0,0.0,0,0,0.0,0.0,0,0,0.0,0.0,0,0,0.0,10166.41,1,0,0.0,0
LGS2ORD0021866,C016311,2025-06-23 04:00:00,Female,42,Silver,Web,Chonburi,1264,Lazada,COD,4,6,0,0,40-50,42.13333333333333,3.0,1.0,0.3333333333333333,118,19,6078.62,0.2,0.3333333333333333,0.0,0.0,0.0,0,0,0.0,6915.6,1,0,0.0,6915.6,1,0,0.0,18235.86,3,1,0.3333333333333333,0
LGS2ORD0021867,C012890,2025-06-23 04:00:00,Male,41,Silver,Shopee,Khon Kaen,349,CallCenter,PromptPay,4,6,0,0,40-50,11.633333333333333,3.0,0.0,0.0,-1,73,7515.283333333334,0.15,0.3333333333333333,0.0,0.0,0.0,0,0,0.0,0.0,0,0,0.0,12104.34,2,0,0.0,22545.850000000002,3,0,0.0,0
LGS2ORD0021868,C011937,2025-06-23 04:00:00,Female,46,Gold,TV,Bangkok,603,CallCenter,COD,4,6,0,0,40-50,20.1,5.0,1.0,0.2,66,26,3076.978,0.33,0.4,0.6,0.0,0.0,0,0,0.0,9930.48,2,0,0.0,12573.8,4,1,0.25,15384.89,5,1,0.2,0
LGS2ORD0021869,C013638,2025-06-23 04:00:00,Male,70,Bronze,Web,Nakhon Ratchasima,467,Web,COD,4,6,0,0,>50,15.566666666666666,5.0,2.0,0.4,74,40,3137.076,0.23,0.4,0.2,0.0,0.0,0,0,0.0,0.0,0,0,0.0,7617.110000000001,4,1,0.25,15685.38,5,2,0.4,0
LGS2ORD0021870,C016665,2025-06-23 05:00:00,Male,34,Bronze,Web,Chonburi,1075,CallCenter,COD,5,6,0,0,30-40,35.833333333333336,2.0,0.0,0.0,-1,50,8755.125,0.08,1.0,0.0,0.0,0.0,0,0,0.0,0.0,0,0,0.0,17510.25,2,0,0.0,17510.25,2,0,0.0,1
LGS2ORD0021871,C011421,2025-06-23 05:00:00,Female,67,Bronze,Web,Chiang Mai,1313,CallCenter,COD,5,6,0,0,>50,43.766666666666666,5.0,0.0,0.0,-1,7,11203.16,0.18,0.2,0.0,0.0,0.0,0,0,0.0,279.04,1,0,0.0,26403.559999999998,3,0,0.0,56015.799999999996,5,0,0.0,0
LGS2ORD0021872,C015720,2025-06-23 05:00:00,Other,37,Bronze,Shopee,Remote_Area,1267,Shopee,COD,5,6,0,0,30-40,42.233333333333334,6.0,1.0,0.16666666666666666,92,30,2090.978333333333,0.28,0.16666666666666666,0.6666666666666666,0.0,0.0,0,0,0.0,575.72,1,0,0.0,575.72,1,0,0.0,12545.869999999999,6,1,0.16666666666666666,1
LGS2ORD0021873,C011366,2025-06-23 05:00:00,Female,63,Silver,CallCenter,Chonburi,1357,Web,COD,5,6,0,0,>50,45.233333333333334,1.0,0.0,0.0,-1,28,10940.82,0.05,0.0,0.0,0.0,0.0,0,0,0.0,10940.82,1,0,0.0,10940.82,1,0,0.0,10940.82,1,0,0.0,1
LGS2ORD0021874,C014445,2025-06-23 05:00:00,Male,38,Gold,Web,Chonburi,300,Shopee,PromptPay,5,6,0,0,30-40,10.0,2.0,0.0,0.0,-1,28,4362.995,0.2299999999999999,0.5,0.5,0.0,0.0,0,0,0.0,5115.17,1,0,0.0,5115.17,1,0,0.0,8725.99,2,0,0.0,0
LGS2ORD0021875,C016328,2025-06-23 05:00:00,Female,72,Silver,CallCenter,Remote_Area,423,CallCenter,COD,5,6,0,0,>50,14.1,5.0,2.0,0.4,-2,0,6723.348,0.2,0.0,0.0,0.0,2097.72,1,1,1.0,2097.72,1,1,1.0,2097.72,1,1,1.0,33616.74,5,2,0.4,0
LGS2ORD0021876,C017398,2025-06-23 06:00:00,Male,18,Gold,TV,Chiang Mai,1287,Web,Credit_Card,6,6,0,0,<20,42.9,3.0,0.0,0.0,-1,36,1992.0633333333335,0.18,0.3333333333333333,0.0,0.0,0.0,0,0,0.0,0.0,0,0,0.0,922.94,1,0,0.0,5976.1900000000005,3,0,0.0,0
LGS2ORD0021877,C017926,2025-06-23 06:00:00,Male,41,Bronze,Web,Chonburi,775,Shopee,Credit_Card,6,6,0,0,40-50,25.833333333333332,2.0,1.0,0.5,53,63,6883.735000000001,0.28,0.5,0.5,0.0,0.0,0,0,0.0,0.0,0,0,0.0,7744.63,1,1,1.0,13767.470000000001,2,1,0.5,0
LGS2ORD0021878,C015309,2025-06-23 06:00:00,Male,54,Silver,Lazada,Bangkok,295,Lazada,PromptPay,6,6,0,0,>50,9.833333333333334,0.0,0.0,0.0,-1,-1,0.0,0.0,0.0,0.0,0.0,0.0,0,0,0.0,0.0,0,0,0.0,0.0,0,0,0.0,0.0,0,0,0.0,0
LGS2ORD0021879,C012644,2025-06-23 06:00:00,Male,32,Bronze,Web,Bangkok,1528,Web,PromptPay,6,6,0,0,30-40,50.93333333333333,4.0,1.0,0.25,119,35,8660.3,0.18,0.5,0.0,0.0,0.0,0,0,0.0,0.0,0,0,0.0,4171.57,2,0,0.0,34641.2,4,1,0.25,0
LGS2ORD0021880,C017141,2025-06-23 06:00:00,Male,44,Gold,Lazada,Bangkok,1160,Web,Credit_Card,6,6,0,0,40-50,38.666666666666664,3.0,1.0,0.3333333333333333,121,22,16020.906666666664,0.33,0.3333333333333333,0.3333333333333333,0.0,0.0,0,0,0.0,9883.18,1,0,0.0,9883.18,1,0,0.0,48062.719999999994,3,1,0.3333333333333333,0
LGS2ORD0021881,C017149,2025-06-23 07:00:00,Female,48,Silver,Web,Bangkok,1122,Web,COD,7,6,0,0,40-50,37.4,1.0,1.0,1.0,33,37,1149.9,0.1,0.0,0.0,0.0,0.0,0,0,0.0,0.0,0,0,0.0,1149.9,1,1,1.0,1149.9,1,1,1.0,0
LGS2ORD0021882,C017196,2025-06-23 07:00:00,Male,45,Bronze,TV,Remote_Area,273,TV_Show,PromptPay,7,6,0,0,40-50,9.1,3.0,1.0,0.3333333333333333,65,45,3811.6566666666663,0.18,0.6666666666666666,0.0,0.0,0.0,0,0,0.0,0.0,0,0,0.0,11434.97,3,1,0.3333333333333333,11434.97,3,1,0.3333333333333333,0
LGS2ORD0021883,C016124,2025-06-23 07:00:00,Male,27,Gold,Lazada,Chiang Mai,1385,Shopee,COD,7,6,0,0,20-30,46.166666666666664,2.0,1.0,0.5,27,29,14710.715,0.2299999999999999,0.5,0.5,0.0,0.0,0,0,0.0,28676.1,1,1,1.0,29421.43,2,1,0.5,29421.43,2,1,0.5,1
LGS2ORD0021884,C012971,2025-06-23 07:00:00,Female,61,Bronze,Lazada,Bangkok,1293,TV_Show,PromptPay,7,6,0,0,>50,43.1,4.0,0.0,0.0,-1,25,8345.8525,0.23,0.5,0.5,0.0,0.0,0,0,0.0,6809.18,1,0,0.0,9142.35,2,0,0.0,33383.41,4,0,0.0,0
LGS2ORD0021885,C012450,2025-06-23 07:00:00,Female,36,Gold,TV,Chiang Mai,1460,Web,PromptPay,7,6,0,0,30-40,48.666666666666664,4.0,1.0,0.25,61,32,4626.92,0.33,0.75,0.5,0.0,0.0,0,0,0.0,0.0,0,0,0.0,2203.18,2,1,0.5,18507.68,4,1,0.25,0
LGS2ORD0021886,C011462,2025-06-23 08:00:00,Female,47,Silver,TV,Phuket,1283,Shopee,COD,8,6,0,0,40-50,42.766666666666666,6.0,1.0,0.16666666666666666,42,11,5093.5216666666665,0.2,0.5,0.0,0.0,0.0,0,0,0.0,11119.03,4,0,0.0,30561.13,6,1,0.16666666666666666,30561.13,6,1,0.16666666666666666,0
LGS2ORD0021887,C014073,2025-06-23 08:00:00,Female,46,Silver,Web,Khon Kaen,705,Web,COD,8,6,0,0,40-50,23.5,2.0,0.0,0.0,-1,92,8960.25,0.1,0.0,0.0,0.0,0.0,0,0,0.0,0.0,0,0,0.0,0.0,0,0,0.0,17920.5,2,0,0.0,0
LGS2ORD0021888,C011007,2025-06-23 08:00:00,Male,28,Gold,TV,Bangkok,979,TV_Show,Credit_Card,8,6,0,0,20-30,32.63333333333333,4.0,2.0,0.5,33,41,6557.692499999999,0.2299999999999999,1.0,0.5,0.0,0.0,0,0,0.0,0.0,0,0,0.0,8572.789999999999,2,1,0.5,26230.769999999997,4,2,0.5,1
LGS2ORD0021889,C012587,2025-06-23 08:00:00,Female,41,Silver,Lazada,Phuket,1170,Web,COD,8,6,0,0,40-50,39.0,4.0,2.0,0.5,11,2,7503.0075,0.25,0.5,0.5,0.0,669.69,1,0,0.0,1484.21,2,1,0.5,22188.7,3,1,0.3333333333333333,30012.03,4,2,0.5,0
LGS2ORD0021890,C011733,2025-06-23 08:00:00,Female,50,Silver,TV,Nakhon Ratchasima,855,Web,Credit_Card,8,6,0,0,40-50,28.5,1.0,0.0,0.0,-1,81,15456.15,0.15,1.0,0.0,0.0,0.0,0,0,0.0,0.0,0,0,0.0,15456.15,1,0,0.0,15456.15,1,0,0.0,0
LGS2ORD0021891,C013444,2025-06-23 08:00:00,Female,40,Gold,Web,Remote_Area,487,CallCenter,Credit_Card,8,6,0,0,30-40,16.233333333333334,2.0,1.0,0.5,71,83,2361.2000000000003,0.28,0.5,0.5,0.0,0.0,0,0,0.0,0.0,0,0,0.0,4722.400000000001,2,1,0.5,4722.400000000001,2,1,0.5,0
LGS2ORD0021892,C014936,2025-06-23 09:00:00,Female,32,Silver,CallCenter,Nakhon Ratchasima,1459,Shopee,Bank_Transfer,9,6,0,0,30-40,48.63333333333333,1.0,0.0,0.0,-1,100,3352.27,0.25,1.0,1.0,0.0,0.0,0,0,0.0,0.0,0,0,0.0,0.0,0,0,0.0,3352.27,1,0,0.0,0
LGS2ORD0021893,C012022,2025-06-23 09:00:00,Male,37,Bronze,TV,Phuket,603,Shopee,COD,9,6,0,0,30-40,20.1,5.0,2.0,0.4,-5,5,6016.987999999999,0.23,0.6,0.4,0.0,1188.34,1,1,1.0,3359.6000000000004,2,1,0.5,30084.94,5,2,0.4,30084.94,5,2,0.4,0
LGS2ORD0021894,C011841,2025-06-23 09:00:00,Female,59,Gold,Shopee,Songkhla,1602,Web,PromptPay,9,6,0,0,>50,53.4,4.0,0.0,0.0,-1,39,2281.925,0.2299999999999999,0.75,0.25,0.0,0.0,0,0,0.0,0.0,0,0,0.0,4444.68,2,0,0.0,9127.7,4,0,0.0,0
LGS2ORD0021895,C011586,2025-06-23 09:00:00,Female,51,Gold,Shopee,Remote_Area,428,TV_Show,Credit_Card,9,6,0,0,>50,14.266666666666667,5.0,1.0,0.2,132,71,1886.868,0.33,0.2,0.4,0.0,0.0,0,0,0.0,0.0,0,0,0.0,776.31,1,0,0.0,9434.34,5,1,0.2,0
LGS2ORD0021896,C016409,2025-06-23 09:00:00,Male,26,Bronze,Web,Nakhon Ratchasima,586,CallCenter,COD,9,6,0,0,20-30,19.533333333333335,3.0,0.0,0.0,-1,113,4452.283333333334,0.13,0.3333333333333333,0.0,0.0,0.0,0,0,0.0,0.0,0,0,0.0,0.0,0,0,0.0,13356.850000000002,3,0,0.0,0
LGS2ORD0021897,C016725,2025-06-23 10:00:00,Female,45,Bronze,Web,Songkhla,1267,CallCenter,PromptPay,10,6,0,0,40-50,42.233333333333334,5.0,0.0,0.0,-1,6,4766.784,0.28,0.2,0.2,0.0,1016.68,1,0,0.0,1016.68,1,0,0.0,11535.17,4,0,0.0,23833.92,5,0,0.0,1
LGS2ORD0021898,C012185,2025-06-23 10:00:00,Female,49,Silver,Web,Khon Kaen,830,Web,COD,10,6,0,0,40-50,27.666666666666668,2.0,0.0,0.0,-1,58,3504.7650000000003,0.15,1.0,0.0,0.0,0.0,0,0,0.0,0.0,0,0,0.0,1336.44,1,0,0.0,7009.530000000001,2,0,0.0,0
LGS2ORD0021899,C011689,2025-06-23 10:00:00,Female,61,Gold,Lazada,Chonburi,807,TV_Show,Bank_Transfer,10,6,0,0,>50,26.9,5.0,1.0,0.2,147,18,3807.522,0.28,0.2,0.6,0.0,0.0,0,0,0.0,1295.43,1,0,0.0,7562.27,2,0,0.0,19037.61,5,1,0.2,0
LGS2ORD0021900,C016485,2025-06-23 10:00:00,Male,38,Silver,Shopee,Songkhla,1429,CallCenter,COD,10,6,0,0,30-40,47.63333333333333,4.0,2.0,0.5,97,11,2761.1675,0.3,0.25,0.5,0.0,0.0,0,0,0.0,2107.93,1,0,0.0,2107.93,1,0,0.0,11044.67,4,2,0.5,0
LGS2ORD0021901,C011007,2025-06-23 10:00:00,Male,28,Gold,TV,Bangkok,979,CallCenter,COD,10,6,0,0,20-30,32.63333333333333,5.0,3.0,0.6,-9,0,5963.551999999999,0.33,0.8,0.6,0.0,3586.99,1,1,1.0,3586.99,1,1,1.0,12159.779999999999,3,2,0.6666666666666666,29817.759999999995,5,3,0.6,0
LGS2ORD0021902,C014181,2025-06-23 11:00:00,Female,42,Gold,Lazada,Chiang Mai,717,CallCenter,COD,11,6,0,0,40-50,23.9,2.0,0.0,0.0,-1,6,4609.610000000001,0.28,0.5,0.5,0.0,5602.46,1,0,0.0,5602.46,1,0,0.0,5602.46,1,0,0.0,9219.220000000001,2,0,0.0,0
LGS2ORD0021903,C016511,2025-06-23 11:00:00,Female,56,Bronze,CallCenter,Chiang Mai,323,CallCenter,COD,11,6,0,0,>50,10.766666666666667,3.0,1.0,0.3333333333333333,39,42,4201.636666666666,0.28,0.6666666666666666,0.3333333333333333,0.0,0.0,0,0,0.0,0.0,0,0,0.0,11628.08,2,1,0.5,12604.91,3,1,0.3333333333333333,0
LGS2ORD0021904,C017081,2025-06-23 11:00:00,Female,18,Silver,Lazada,Bangkok,1452,Lazada,PromptPay,11,6,0,0,<20,48.4,3.0,0.0,0.0,-1,20,5461.586666666666,0.15,0.3333333333333333,0.0,0.0,0.0,0,0,0.0,314.83,1,0,0.0,314.83,1,0,0.0,16384.76,3,0,0.0,0
LGS2ORD0021905,C012368,2025-06-23 11:00:00,Male,45,Platinum,TV,Bangkok,1266,Lazada,COD,11,6,0,0,40-50,42.2,1.0,0.0,0.0,-1,93,3826.84,0.1,1.0,0.0,0.0,0.0,0,0,0.0,0.0,0,0,0.0,0.0,0,0,0.0,3826.84,1,0,0.0,0
LGS2ORD0021906,C014083,2025-06-23 11:00:00,Male,42,Gold,Web,Chonburi,187,TV_Show,Credit_Card,11,6,0,0,40-50,6.233333333333333,2.0,1.0,0.5,74,90,9620.215,0.33,0.5,0.5,0.0,0.0,0,0,0.0,0.0,0,0,0.0,0.0,0,0,0.0,19240.43,2,1,0.5,0
LGS2ORD0021907,C012339,2025-06-23 12:00:00,Male,52,Bronze,TV,Phuket,805,Lazada,COD,12,6,0,0,>50,26.833333333333332,1.0,1.0,1.0,75,88,511.69,0.18,1.0,0.0,0.0,0.0,0,0,0.0,0.0,0,0,0.0,511.69,1,1,1.0,511.69,1,1,1.0,0
LGS2ORD0021908,C011624,2025-06-23 12:00:00,Female,24,Bronze,Shopee,Bangkok,982,TV_Show,COD,12,6,0,0,20-30,32.733333333333334,2.0,1.0,0.5,166,41,1732.49,0.18,1.0,0.0,0.0,0.0,0,0,0.0,0.0,0,0,0.0,1476.75,1,0,0.0,3464.98,2,1,0.5,0
LGS2ORD0021909,C010942,2025-06-23 12:00:00,Male,46,Bronze,Shopee,Bangkok,356,Web,Bank_Transfer,12,6,0,0,40-50,11.866666666666667,2.0,0.0,0.0,-1,80,2247.17,0.18,0.0,0.0,0.0,0.0,0,0,0.0,0.0,0,0,0.0,3781.7,1,0,0.0,4494.34,2,0,0.0,0
LGS2ORD0021910,C016490,2025-06-23 12:00:00,Female,33,Bronze,Web,Nakhon Ratchasima,532,Lazada,Credit_Card,12,6,0,0,30-40,17.733333333333334,2.0,0.0,0.0,-1,59,23483.995000000003,0.23,0.0,0.5,0.0,0.0,0,0,0.0,0.0,0,0,0.0,10280.01,1,0,0.0,46967.990000000005,2,0,0.0,0
LGS2ORD0021911,C016131,2025-06-23 12:00:00,Male,37,Bronze,Web,Bangkok,834,Shopee,COD,12,6,0,0,30-40,27.8,2.0,1.0,0.5,40,49,2302.665,0.23,1.0,0.5,0.0,0.0,0,0,0.0,0.0,0,0,0.0,479.38,1,1,1.0,4605.33,2,1,0.5,0
LGS2ORD0021912,C010367,2025-06-23 12:00:00,Female,47,Bronze,Lazada,Nakhon Ratchasima,974,Web,COD,12,6,0,0,40-50,32.46666666666667,3.0,1.0,0.3333333333333333,54,46,8415.456666666667,0.23,0.3333333333333333,0.3333333333333333,0.0,0.0,0,0,0.0,0.0,0,0,0.0,25246.37,3,1,0.3333333333333333,25246.37,3,1,0.3333333333333333,0
LGS2ORD0021913,C014469,2025-06-23 13:00:00,Female,18,Gold,TV,Chiang Mai,193,Web,COD,13,6,0,0,<20,6.433333333333334,1.0,1.0,1.0,148,157,1375.77,0.28,1.0,1.0,0.0,0.0,0,0,0.0,0.0,0,0,0.0,0.0,0,0,0.0,1375.77,1,1,1.0,0
LGS2ORD0021914,C016556,2025-06-23 13:00:00,Female,47,Silver,TV,Remote_Area,652,Web,COD,13,6,0,0,40-50,21.733333333333334,6.0,2.0,0.3333333333333333,-3,9,5615.305,0.25,1.0,0.16666666666666666,0.0,0.0,0,0,0.0,5613.69,1,1,1.0,32419.109999999997,5,2,0.4,33691.83,6,2,0.3333333333333333,0
LGS2ORD0021915,C014902,2025-06-23 13:00:00,Male,41,Silver,TV,Phuket,688,Web,Credit_Card,13,6,0,0,40-50,22.933333333333334,5.0,0.0,0.0,-1,1,6626.064,0.3,0.2,0.6,0.0,9346.11,1,0,0.0,9346.11,1,0,0.0,30753.59,4,0,0.0,33130.32,5,0,0.0,0
LGS2ORD0021916,C014284,2025-06-23 13:00:00,Female,51,Silver,TV,Chiang Mai,463,Lazada,COD,13,6,0,0,>50,15.433333333333334,4.0,2.0,0.5,22,34,4400.84,0.1,0.75,0.0,0.0,0.0,0,0,0.0,0.0,0,0,0.0,15155.21,2,1,0.5,17603.36,4,2,0.5,1
LGS2ORD0021917,C012446,2025-06-23 13:00:00,Female,46,Platinum,TV,Chiang Mai,694,CallCenter,COD,13,6,0,0,40-50,23.133333333333333,0.0,0.0,0.0,-1,-1,0.0,0.0,0.0,0.0,0.0,0.0,0,0,0.0,0.0,0,0,0.0,0.0,0,0,0.0,0.0,0,0,0.0,0
LGS2ORD0021918,C011359,2025-06-23 14:00:00,Male,23,Silver,Web,Chonburi,1449,Shopee,COD,14,6,0,0,20-30,48.3,5.0,1.0,0.2,158,32,3428.8660000000004,0.2,0.4,0.0,0.0,0.0,0,0,0.0,0.0,0,0,0.0,11541.95,2,0,0.0,17144.33,5,1,0.2,0
LGS2ORD0021919,C011016,2025-06-23 14:00:00,Male,47,Bronze,CallCenter,Bangkok,1370,TV_Show,Credit_Card,14,6,0,0,40-50,45.666666666666664,2.0,1.0,0.5,7,22,1851.29,0.13,1.0,0.0,0.0,0.0,0,0,0.0,1761.61,1,1,1.0,1761.61,1,1,1.0,3702.58,2,1,0.5,0
LGS2ORD0021920,C014449,2025-06-23 14:00:00,Male,32,Silver,TV,Khon Kaen,657,TV_Show,COD,14,6,0,0,30-40,21.9,4.0,0.0,0.0,-1,56,3797.1725,0.3,0.5,0.25,0.0,0.0,0,0,0.0,0.0,0,0,0.0,1080.59,1,0,0.0,15188.69,4,0,0.0,1
LGS2ORD0021921,C012829,2025-06-23 14:00:00,Female,72,Silver,TV,Bangkok,1004,Web,COD,14,6,0,0,>50,33.46666666666667,8.0,4.0,0.5,25,38,6081.92,0.25,0.625,0.25,0.0,0.0,0,0,0.0,0.0,0,0,0.0,6334.29,2,2,1.0,48655.36,8,4,0.5,0
LGS2ORD0021922,C012913,2025-06-23 14:00:00,Male,19,Silver,Lazada,Bangkok,1107,Web,Bank_Transfer,14,6,0,0,<20,36.9,3.0,0.0,0.0,-1,2,4298.43,0.25,0.6666666666666666,0.6666666666666666,0.0,7669.34,1,0,0.0,7669.34,1,0,0.0,12895.29,3,0,0.0,12895.29,3,0,0.0,0
LGS2ORD0021923,C016866,2025-06-23 15:00:00,Male,41,Silver,TV,Phuket,1569,TV_Show,COD,15,6,0,0,40-50,52.3,1.0,0.0,0.0,-1,87,1175.95,0.1,0.0,0.0,0.0,0.0,0,0,0.0,0.0,0,0,0.0,1175.95,1,0,0.0,1175.95,1,0,0.0,0
LGS2ORD0021924,C013458,2025-06-23 15:00:00,Female,18,Silver,Shopee,Songkhla,1230,Shopee,Bank_Transfer,15,6,0,0,<20,41.0,5.0,1.0,0.2,-8,5,3399.8720000000003,0.3,0.8,0.2,0.0,7320.32,1,1,1.0,7320.32,1,1,1.0,14062.83,2,1,0.5,16999.36,5,1,0.2,0
LGS2ORD0021925,C017890,2025-06-23 15:00:00,Female,27,Bronze,TV,Remote_Area,190,TV_Show,PromptPay,15,6,0,0,20-30,6.333333333333333,0.0,0.0,0.0,-1,-1,0.0,0.0,0.0,0.0,0.0,0.0,0,0,0.0,0.0,0,0,0.0,0.0,0,0,0.0,0.0,0,0,0.0,0
LGS2ORD0021926,C011300,2025-06-23 15:00:00,Female,29,Bronze,TV,Nakhon Ratchasima,1006,Lazada,Credit_Card,15,6,0,0,20-30,33.53333333333333,4.0,0.0,0.0,-1,33,1478.1525000000001,0.28,0.5,0.25,0.0,0.0,0,0,0.0,0.0,0,0,0.0,3546.21,3,0,0.0,5912.610000000001,4,0,0.0,0
LGS2ORD0021927,C016898,2025-06-23 15:00:00,Female,49,Bronze,Shopee,Phuket,1440,CallCenter,COD,15,6,0,0,40-50,48.0,10.0,3.0,0.3,40,3,9177.919999999998,0.28,0.3,0.3,0.0,1870.65,1,0,0.0,1870.65,1,0,0.0,2768.83,2,1,0.5,91779.19999999998,10,3,0.3,0
LGS2ORD0021928,C011137,2025-06-23 16:00:00,Female,26,Platinum,Web,Khon Kaen,1626,TV_Show,COD,16,6,0,0,20-30,54.2,5.0,2.0,0.4,48,25,3563.768,0.25,0.6,0.2,0.0,0.0,0,0,0.0,2420.49,1,0,0.0,5453.51,3,1,0.3333333333333333,17818.84,5,2,0.4,1
LGS2ORD0021929,C011247,2025-06-23 16:00:00,Female,40,Silver,CallCenter,Chonburi,1425,Web,COD,16,6,0,0,30-40,47.5,4.0,0.0,0.0,-1,24,10385.997499999998,0.3,0.25,0.25,0.0,0.0,0,0,0.0,2709.29,1,0,0.0,40964.149999999994,3,0,0.0,41543.98999999999,4,0,0.0,0
LGS2ORD0021930,C016705,2025-06-23 16:00:00,Male,50,Bronze,Shopee,Bangkok,528,CallCenter,Credit_Card,16,6,0,0,40-50,17.6,2.0,1.0,0.5,131,145,13482.605,0.18,0.0,0.0,0.0,0.0,0,0,0.0,0.0,0,0,0.0,0.0,0,0,0.0,26965.21,2,1,0.5,0
LGS2ORD0021931,C012477,2025-06-23 16:00:00,Female,49,Bronze,Web,Bangkok,1306,Web,COD,16,6,0,0,40-50,43.53333333333333,3.0,0.0,0.0,-1,7,7089.666666666667,0.23,0.3333333333333333,0.3333333333333333,0.0,0.0,0,0,0.0,7378.76,1,0,0.0,13956.01,2,0,0.0,21269.0,3,0,0.0,0
LGS2ORD0021932,C011857,2025-06-23 16:00:00,Male,37,Bronze,Web,Songkhla,1536,TV_Show,Bank_Transfer,16,6,0,0,30-40,51.2,6.0,1.0,0.16666666666666666,40,6,4054.845,0.23,0.6666666666666666,0.16666666666666666,0.0,10665.52,1,0,0.0,16573.42,2,0,0.0,21881.87,4,1,0.25,24329.07,6,1,0.16666666666666666,1
LGS2ORD0021933,C017164,2025-06-23 16:00:00,Female,41,Bronze,CallCenter,Bangkok,320,TV_Show,COD,16,6,0,0,40-50,10.666666666666666,2.0,0.0,0.0,-1,90,2695.025,0.08,0.0,0.0,0.0,0.0,0,0,0.0,0.0,0,0,0.0,0.0,0,0,0.0,5390.05,2,0,0.0,1
LGS2ORD0021934,C011364,2025-06-23 17:00:00,Male,44,Silver,Web,Khon Kaen,1550,Shopee,Credit_Card,17,6,0,0,40-50,51.666666666666664,6.0,0.0,0.0,-1,27,5013.156666666667,0.25,0.8333333333333334,0.16666666666666666,0.0,0.0,0,0,0.0,924.54,1,0,0.0,7053.629999999999,4,0,0.0,30078.94,6,0,0.0,0
LGS2ORD0021935,C012669,2025-06-23 17:00:00,Male,26,Silver,Web,Chonburi,804,Lazada,COD,17,6,0,0,20-30,26.8,1.0,0.0,0.0,-1,124,10336.61,0.05,1.0,0.0,0.0,0.0,0,0,0.0,0.0,0,0,0.0,0.0,0,0,0.0,10336.61,1,0,0.0,0
LGS2ORD0021936,C010987,2025-06-23 17:00:00,Female,37,Bronze,Lazada,Songkhla,833,Shopee,COD,17,6,0,0,30-40,27.766666666666666,3.0,0.0,0.0,-1,54,8720.12,0.23,0.0,0.3333333333333333,0.0,0.0,0,0,0.0,0.0,0,0,0.0,24555.620000000003,2,0,0.0,26160.360000000004,3,0,0.0,0
LGS2ORD0021937,C011530,2025-06-23 17:00:00,Male,40,Silver,Web,Bangkok,757,Lazada,COD,17,6,0,0,30-40,25.233333333333334,3.0,1.0,0.3333333333333333,124,70,3976.9233333333336,0.2,0.6666666666666666,0.0,0.0,0.0,0,0,0.0,0.0,0,0,0.0,8489.7,1,0,0.0,11930.77,3,1,0.3333333333333333,0
LGS2ORD0021938,C014140,2025-06-23 17:00:00,Female,26,Bronze,TV,Remote_Area,1615,TV_Show,COD,17,6,0,0,20-30,53.833333333333336,2.0,1.0,0.5,36,32,2008.5500000000002,0.23,0.5,0.5,0.0,0.0,0,0,0.0,0.0,0,0,0.0,4017.1000000000004,2,1,0.5,4017.1000000000004,2,1,0.5,0
LGS2ORD0021939,C012358,2025-06-23 18:00:00,Male,63,Bronze,TV,Nakhon Ratchasima,1138,TV_Show,COD,18,6,0,0,>50,37.93333333333333,3.0,0.0,0.0,-1,4,7477.093333333333,0.28,0.6666666666666666,1.0,0.0,11986.3,1,0,0.0,11986.3,1,0,0.0,22431.28,3,0,0.0,22431.28,3,0,0.0,0
LGS2ORD0021940,C012551,2025-06-23 18:00:00,Male,43,Silver,Lazada,Bangkok,1293,TV_Show,COD,18,6,0,0,40-50,43.1,2.0,0.0,0.0,-1,12,852.835,0.2,0.5,0.0,0.0,0.0,0,0,0.0,848.76,1,0,0.0,1705.67,2,0,0.0,1705.67,2,0,0.0,0
LGS2ORD0021941,C010931,2025-06-23 18:00:00,Female,53,Bronze,Shopee,Phuket,237,CallCenter,PromptPay,18,6,0,0,>50,7.9,2.0,1.0,0.5,114,53,7039.09,0.28,0.5,0.5,0.0,0.0,0,0,0.0,0.0,0,0,0.0,3603.8,1,0,0.0,14078.18,2,1,0.5,1
LGS2ORD0021942,C013018,2025-06-23 18:00:00,Male,47,Bronze,TV,Chiang Mai,535,TV_Show,Credit_Card,18,6,0,0,40-50,17.833333333333332,4.0,1.0,0.25,2,10,8407.904999999999,0.18,0.25,0.0,0.0,0.0,0,0,0.0,11662.96,2,1,0.5,33631.619999999995,4,1,0.25,33631.619999999995,4,1,0.25,0
LGS2ORD0021943,C010944,2025-06-23 18:00:00,Female,41,Bronze,Lazada,Khon Kaen,1065,TV_Show,Bank_Transfer,18,6,0,0,40-50,35.5,2.0,0.0,0.0,-1,91,2764.8149999999996,0.08,0.0,0.0,0.0,0.0,0,0,0.0,0.0,0,0,0.0,0.0,0,0,0.0,5529.629999999999,2,0,0.0,1
LGS2ORD0021944,C017713,2025-06-23 19:00:00,Female,47,Silver,Shopee,Songkhla,395,Web,COD,19,6,0,0,40-50,13.166666666666666,2.0,2.0,1.0,69,75,1278.435,0.1,1.0,0.0,0.0,0.0,0,0,0.0,0.0,0,0,0.0,1323.31,1,1,1.0,2556.87,2,2,1.0,0
LGS2ORD0021945,C017550,2025-06-23 19:00:00,Female,57,Silver,TV,Bangkok,1195,TV_Show,COD,19,6,0,0,>50,39.833333333333336,4.0,0.0,0.0,-1,5,12729.1575,0.3,0.75,0.25,0.0,6768.45,1,0,0.0,6768.45,1,0,0.0,29581.18,2,0,0.0,50916.63,4,0,0.0,0
LGS2ORD0021946,C015146,2025-06-23 19:00:00,Female,53,Bronze,Shopee,Remote_Area,821,Lazada,PromptPay,19,6,0,0,>50,27.366666666666667,1.0,1.0,1.0,56,65,1091.53,0.28,1.0,1.0,0.0,0.0,0,0,0.0,0.0,0,0,0.0,1091.53,1,1,1.0,1091.53,1,1,1.0,0
LGS2ORD0021947,C011848,2025-06-23 19:00:00,Male,27,Gold,CallCenter,Chiang Mai,478,Web,COD,19,6,0,0,20-30,15.933333333333334,0.0,0.0,0.0,-1,-1,0.0,0.0,0.0,0.0,0.0,0.0,0,0,0.0,0.0,0,0,0.0,0.0,0,0,0.0,0.0,0,0,0.0,1
LGS2ORD0021948,C015723,2025-06-23 19:00:00,Male,27,Platinum,Lazada,Songkhla,1371,TV_Show,PromptPay,19,6,0,0,20-30,45.7,2.0,1.0,0.5,161,51,5548.7,0.35,1.0,0.5,0.0,0.0,0,0,0.0,0.0,0,0,0.0,9762.81,1,0,0.0,11097.4,2,1,0.5,0
LGS2ORD0021949,C014760,2025-06-23 20:00:00,Female,44,Gold,TV,Chiang Mai,355,Web,COD,20,6,0,0,40-50,11.833333333333334,2.0,0.0,0.0,-1,39,7848.45,0.28,0.5,0.5,0.0,0.0,0,0,0.0,0.0,0,0,0.0,12839.9,1,0,0.0,15696.9,2,0,0.0,0
LGS2ORD0021950,C017109,2025-06-23 20:00:00,Female,60,Bronze,TV,Khon Kaen,1609,Lazada,COD,20,6,0,0,>50,53.63333333333333,1.0,0.0,0.0,-1,46,1701.99,0.23,0.0,1.0,0.0,0.0,0,0,0.0,0.0,0,0,0.0,1701.99,1,0,0.0,1701.99,1,0,0.0,0
LGS2ORD0021951,C012790,2025-06-23 20:00:00,Female,18,Silver,TV,Bangkok,1567,Lazada,PromptPay,20,6,0,0,<20,52.233333333333334,3.0,1.0,0.3333333333333333,60,64,5307.54,0.2,0.3333333333333333,0.0,0.0,0.0,0,0,0.0,0.0,0,0,0.0,2445.63,1,1,1.0,15922.619999999999,3,1,0.3333333333333333,0
LGS2ORD0021952,C017950,2025-06-23 20:00:00,Male,63,Bronze,Shopee,Chiang Mai,460,CallCenter,COD,20,6,0,0,>50,15.333333333333334,3.0,1.0,0.3333333333333333,94,33,2364.7033333333334,0.23,0.6666666666666666,0.3333333333333333,0.0,0.0,0,0,0.0,0.0,0,0,0.0,4821.38,1,0,0.0,7094.110000000001,3,1,0.3333333333333333,0
LGS2ORD0021953,C017477,2025-06-23 20:00:00,Male,33,Silver,Lazada,Nakhon Ratchasima,266,Shopee,COD,20,6,0,0,30-40,8.866666666666667,5.0,1.0,0.2,154,10,5407.398,0.25,0.8,0.4,0.0,0.0,0,0,0.0,7128.66,1,0,0.0,7128.66,1,0,0.0,27036.99,5,1,0.2,1
LGS2ORD0021954,C011884,2025-06-23 20:00:00,Male,52,Bronze,Shopee,Nakhon Ratchasima,1530,Shopee,Credit_Card,20,6,0,0,>50,51.0,1.0,0.0,0.0,-1,107,3367.34,0.03,1.0,0.0,0.0,0.0,0,0,0.0,0.0,0,0,0.0,0.0,0,0,0.0,3367.34,1,0,0.0,0
LGS2ORD0021955,C013195,2025-06-23 21:00:00,Female,37,Gold,Web,Khon Kaen,1167,Lazada,COD,21,6,0,0,30-40,38.9,3.0,0.0,0.0,-1,5,7949.173333333335,0.13,0.3333333333333333,0.0,0.0,7156.47,1,0,0.0,7156.47,1,0,0.0,14187.32,2,0,0.0,23847.520000000004,3,0,0.0,0
LGS2ORD0021956,C014388,2025-06-23 21:00:00,Female,20,Silver,TV,Nakhon Ratchasima,697,TV_Show,Bank_Transfer,21,6,0,0,<20,23.233333333333334,5.0,1.0,0.2,5,15,7484.738,0.3,1.0,0.4,0.0,0.0,0,0,0.0,2942.16,1,1,1.0,19353.02,2,1,0.5,37423.69,5,1,0.2,1
LGS2ORD0021957,C011915,2025-06-23 21:00:00,Female,40,Platinum,Shopee,Bangkok,1374,Web,PromptPay,21,6,0,0,30-40,45.8,2.0,0.0,0.0,-1,15,9719.369999999999,0.1,0.5,0.0,0.0,0.0,0,0,0.0,6313.85,1,0,0.0,19438.739999999998,2,0,0.0,19438.739999999998,2,0,0.0,0
LGS2ORD0021958,C013144,2025-06-23 21:00:00,Female,57,Silver,Lazada,Phuket,353,TV_Show,COD,21,6,0,0,>50,11.766666666666667,8.0,2.0,0.25,37,13,5594.646250000001,0.25,0.75,0.125,0.0,0.0,0,0,0.0,20214.16,2,0,0.0,37134.100000000006,4,2,0.5,44757.170000000006,8,2,0.25,0
LGS2ORD0021959,C015143,2025-06-23 21:00:00,Female,37,Bronze,TV,Remote_Area,785,CallCenter,Bank_Transfer,21,6,0,0,30-40,26.166666666666668,2.0,1.0,0.5,125,69,4678.805,0.08,0.5,0.0,0.0,0.0,0,0,0.0,0.0,0,0,0.0,4194.68,1,0,0.0,9357.61,2,1,0.5,1
LGS2ORD0021960,C015373,2025-06-23 22:00:00,Female,47,Bronze,TV,Bangkok,1355,TV_Show,COD,22,6,0,0,40-50,45.166666666666664,6.0,0.0,0.0,-1,54,4289.973333333334,0.08,0.6666666666666666,0.0,0.0,0.0,0,0,0.0,0.0,0,0,0.0,15793.3,3,0,0.0,25739.840000000004,6,0,0.0,1
LGS2ORD0021961,C011004,2025-06-23 22:00:00,Female,50,Bronze,TV,Chonburi,1091,Lazada,Credit_Card,22,6,0,0,40-50,36.36666666666667,1.0,0.0,0.0,-1,106,2817.48,0.13,1.0,0.0,0.0,0.0,0,0,0.0,0.0,0,0,0.0,0.0,0,0,0.0,2817.48,1,0,0.0,0
LGS2ORD0021962,C014582,2025-06-23 22:00:00,Male,33,Silver,CallCenter,Bangkok,575,TV_Show,PromptPay,22,6,0,0,30-40,19.166666666666668,3.0,0.0,0.0,-1,50,1677.68,0.3,0.0,1.0,0.0,0.0,0,0,0.0,0.0,0,0,0.0,826.11,1,0,0.0,5033.04,3,0,0.0,1
LGS2ORD0021963,C015941,2025-06-23 22:00:00,Female,46,Bronze,Lazada,Songkhla,429,CallCenter,PromptPay,22,6,0,0,40-50,14.3,4.0,3.0,0.75,0,8,20095.905,0.28,0.75,0.25,0.0,0.0,0,0,0.0,8120.84,1,1,1.0,61859.58,2,2,1.0,80383.62,4,3,0.75,1
LGS2ORD0021964,C015085,2025-06-23 22:00:00,Female,39,Bronze,Shopee,Remote_Area,1255,Web,COD,22,6,0,0,30-40,41.833333333333336,4.0,1.0,0.25,43,8,8092.16,0.18,0.25,0.0,0.0,0.0,0,0,0.0,20489.1,1,0,0.0,27345.82,3,1,0.3333333333333333,32368.64,4,1,0.25,1
LGS2ORD0021965,C017174,2025-06-23 23:00:00,Male,62,Silver,CallCenter,Phuket,1481,Web,COD,23,6,0,0,>50,49.36666666666667,5.0,1.0,0.2,24,33,3961.5860000000002,0.3,0.6,0.4,0.0,0.0,0,0,0.0,0.0,0,0,0.0,5603.45,2,1,0.5,19807.93,5,1,0.2,0
LGS2ORD0021966,C014640,2025-06-23 23:00:00,Female,57,Bronze,TV,Phuket,466,TV_Show,COD,23,6,0,0,>50,15.533333333333333,4.0,2.0,0.5,25,30,5198.3775,0.18,0.75,0.0,0.0,0.0,0,0,0.0,0.0,0,0,0.0,1465.32,1,1,1.0,20793.51,4,2,0.5,1
LGS2ORD0021967,C017516,2025-06-23 23:00:00,Male,60,Gold,TV,Bangkok,675,TV_Show,COD,23,6,0,0,>50,22.5,6.0,0.0,0.0,-1,13,7871.775000000001,0.2299999999999999,0.8333333333333334,0.16666666666666666,0.0,0.0,0,0,0.0,892.46,1,0,0.0,38216.049999999996,3,0,0.0,47230.65,6,0,0.0,0
LGS2ORD0021968,C013909,2025-06-23 23:00:00,Female,38,Bronze,Web,Chiang Mai,199,CallCenter,COD,23,6,0,0,30-40,6.633333333333334,1.0,0.0,0.0,-1,149,1744.46,0.28,0.0,1.0,0.0,0.0,0,0,0.0,0.0,0,0,0.0,0.0,0,0,0.0,1744.46,1,0,0.0,1
LGS2ORD0021969,C017956,2025-06-23 23:00:00,Female,33,Bronze,TV,Songkhla,1300,Web,Bank_Transfer,23,6,0,0,30-40,43.333333333333336,1.0,1.0,1.0,149,159,365.66,0.18,1.0,0.0,0.0,0.0,0,0,0.0,0.0,0,0,0.0,0.0,0,0,0.0,365.66,1,1,1.0,0
LGS2ORD0021970,C015232,2025-06-24 00:00:00,Female,46,Bronze,TV,Bangkok,890,Lazada,COD,0,6,1,0,40-50,29.666666666666668,2.0,1.0,0.5,35,17,2786.475,0.18,0.0,0.0,0.0,0.0,0,0,0.0,3786.71,1,0,0.0,5572.95,2,1,0.5,5572.95,2,1,0.5,0
LGS2ORD0021971,C016961,2025-06-24 00:00:00,Male,49,Platinum,CallCenter,Phuket,1518,Web,COD,0,6,1,0,40-50,50.6,2.0,2.0,1.0,145,156,6103.295,0.3,1.0,0.5,0.0,0.0,0,0,0.0,0.0,0,0,0.0,0.0,0,0,0.0,12206.59,2,2,1.0,0
LGS2ORD0021972,C013786,2025-06-24 00:00:00,Female,49,Gold,Shopee,Chiang Mai,192,Web,COD,0,6,1,0,40-50,6.4,3.0,0.0,0.0,-1,20,1873.97,0.2299999999999999,0.6666666666666666,0.6666666666666666,0.0,0.0,0,0,0.0,720.83,1,0,0.0,720.83,1,0,0.0,5621.91,3,0,0.0,1
LGS2ORD0021973,C015326,2025-06-24 00:00:00,Male,22,Bronze,Lazada,Chonburi,197,Web,COD,0,6,1,0,20-30,6.566666666666666,4.0,0.0,0.0,-1,28,4950.52,0.28,0.5,0.25,0.0,0.0,0,0,0.0,8044.82,1,0,0.0,19802.08,4,0,0.0,19802.08,4,0,0.0,1
LGS2ORD0021974,C017835,2025-06-24 00:00:00,Male,44,Platinum,TV,Songkhla,1415,Lazada,PromptPay,0,6,1,0,40-50,47.166666666666664,0.0,0.0,0.0,-1,-1,0.0,0.0,0.0,0.0,0.0,0.0,0,0,0.0,0.0,0,0,0.0,0.0,0,0,0.0,0.0,0,0,0.0,0
LGS2ORD0021975,C017893,2025-06-24 00:00:00,Female,61,Bronze,Lazada,Chiang Mai,1344,Lazada,Credit_Card,0,6,1,0,>50,44.8,3.0,0.0,0.0,-1,2,3314.84,0.23,0.3333333333333333,0.6666666666666666,0.0,3437.9,1,0,0.0,9944.52,3,0,0.0,9944.52,3,0,0.0,9944.52,3,0,0.0,0
LGS2ORD0021976,C013288,2025-06-24 01:00:00,Female,34,Bronze,Lazada,Bangkok,1394,Web,PromptPay,1,6,1,0,30-40,46.46666666666667,4.0,0.0,0.0,-1,24,6934.32,0.23,0.5,0.5,0.0,0.0,0,0,0.0,408.25,1,0,0.0,21691.5,3,0,0.0,27737.28,4,0,0.0,1
LGS2ORD0021977,C016849,2025-06-24 01:00:00,Other,48,Silver,Shopee,Bangkok,403,Web,Credit_Card,1,6,1,0,40-50,13.433333333333334,4.0,0.0,0.0,-1,9,4861.995,0.25,0.25,0.25,0.0,0.0,0,0,0.0,10305.32,1,0,0.0,12242.279999999999,2,0,0.0,19447.98,4,0,0.0,0
LGS2ORD0021978,C012488,2025-06-24 01:00:00,Male,26,Gold,Web,Songkhla,831,Lazada,PromptPay,1,6,1,0,20-30,27.7,1.0,0.0,0.0,-1,38,2057.83,0.33,0.0,1.0,0.0,0.0,0,0,0.0,0.0,0,0,0.0,2057.83,1,0,0.0,2057.83,1,0,0.0,1
LGS2ORD0021979,C014115,2025-06-24 01:00:00,Male,39,Bronze,Web,Remote_Area,730,Web,COD,1,6,1,0,30-40,24.333333333333332,2.0,0.0,0.0,-1,26,926.36,0.28,0.0,0.5,0.0,0.0,0,0,0.0,946.63,1,0,0.0,1852.72,2,0,0.0,1852.72,2,0,0.0,0
LGS2ORD0021980,C011455,2025-06-24 01:00:00,Female,45,Gold,Web,Phuket,1217,CallCenter,COD,1,6,1,0,40-50,40.56666666666667,2.0,1.0,0.5,58,67,3190.71,0.33,0.5,0.5,0.0,0.0,0,0,0.0,0.0,0,0,0.0,6381.42,2,1,0.5,6381.42,2,1,0.5,0
LGS2ORD0021981,C013050,2025-06-24 02:00:00,Female,31,Bronze,TV,Chiang Mai,680,Shopee,COD,2,6,1,0,30-40,22.666666666666668,2.0,1.0,0.5,-2,10,12187.015,0.18,0.0,0.0,0.0,0.0,0,0,0.0,681.82,1,1,1.0,681.82,1,1,1.0,24374.03,2,1,0.5,0
LGS2ORD0021982,C010621,2025-06-24 02:00:00,Male,37,Bronze,TV,Bangkok,491,Web,COD,2,6,1,0,30-40,16.366666666666667,2.0,0.0,0.0,-1,144,2685.875,0.28,0.5,0.5,0.0,0.0,0,0,0.0,0.0,0,0,0.0,0.0,0,0,0.0,5371.75,2,0,0.0,0
LGS2ORD0021983,C011039,2025-06-24 02:00:00,Female,47,Bronze,Lazada,Chonburi,1212,Web,Bank_Transfer,2,6,1,0,40-50,40.4,7.0,5.0,0.7142857142857143,8,17,4407.811428571428,0.28,0.7142857142857143,0.5714285714285714,0.0,0.0,0,0,0.0,8868.2,1,1,1.0,19660.41,4,4,1.0,30854.68,7,5,0.7142857142857143,0
LGS2ORD0021984,C015733,2025-06-24 02:00:00,Female,23,Silver,Lazada,Chiang Mai,596,Shopee,PromptPay,2,6,1,0,20-30,19.866666666666667,2.0,0.0,0.0,-1,98,4207.505,0.3,0.5,0.5,0.0,0.0,0,0,0.0,0.0,0,0,0.0,0.0,0,0,0.0,8415.01,2,0,0.0,0
LGS2ORD0021985,C013621,2025-06-24 02:00:00,Male,36,Bronze,TV,Bangkok,1081,TV_Show,COD,2,6,1,0,30-40,36.03333333333333,2.0,1.0,0.5,161,151,2641.325,0.03,1.0,0.0,0.0,0.0,0,0,0.0,0.0,0,0,0.0,0.0,0,0,0.0,5282.65,2,1,0.5,1
LGS2ORD0021986,C016201,2025-06-24 03:00:00,Female,53,Silver,TV,Nakhon Ratchasima,530,TV_Show,Credit_Card,3,6,1,0,>50,17.666666666666668,0.0,0.0,0.0,-1,-1,0.0,0.0,0.0,0.0,0.0,0.0,0,0,0.0,0.0,0,0,0.0,0.0,0,0,0.0,0.0,0,0,0.0,0
LGS2ORD0021987,C011317,2025-06-24 03:00:00,Male,22,Gold,Shopee,Phuket,1176,Shopee,COD,3,6,1,0,20-30,39.2,4.0,2.0,0.5,69,78,3462.2374999999997,0.2299999999999999,0.75,0.5,0.0,0.0,0,0,0.0,0.0,0,0,0.0,7753.799999999999,2,2,1.0,13848.949999999999,4,2,0.5,0
LGS2ORD0021988,C017566,2025-06-24 03:00:00,Male,49,Bronze,Lazada,Khon Kaen,1075,Web,Bank_Transfer,3,6,1,0,40-50,35.833333333333336,2.0,1.0,0.5,156,115,4462.345,0.28,1.0,0.5,0.0,0.0,0,0,0.0,0.0,0,0,0.0,0.0,0,0,0.0,8924.69,2,1,0.5,0
LGS2ORD0021989,C013906,2025-06-24 03:00:00,Female,37,Bronze,Shopee,Bangkok,794,Web,PromptPay,3,6,1,0,30-40,26.466666666666665,4.0,1.0,0.25,69,12,5967.89,0.23,0.75,0.5,0.0,0.0,0,0,0.0,7716.8099999999995,2,0,0.0,21318.0,3,1,0.3333333333333333,23871.56,4,1,0.25,1
LGS2ORD0021990,C010028,2025-06-24 03:00:00,Male,32,Bronze,TV,Phuket,884,Shopee,PromptPay,3,6,1,0,30-40,29.466666666666665,7.0,4.0,0.5714285714285714,7,11,6865.768571428571,0.28,0.42857142857142855,0.42857142857142855,0.0,0.0,0,0,0.0,25381.85,3,1,0.3333333333333333,43023.6,5,2,0.4,48060.38,7,4,0.5714285714285714,0
LGS2ORD0021991,C017403,2025-06-24 04:00:00,Female,72,Silver,CallCenter,Chiang Mai,1321,CallCenter,Credit_Card,4,6,1,0,>50,44.03333333333333,1.0,0.0,0.0,-1,28,1769.96,0.05,0.0,0.0,0.0,0.0,0,0,0.0,1769.96,1,0,0.0,1769.96,1,0,0.0,1769.96,1,0,0.0,0
LGS2ORD0021992,C014474,2025-06-24 04:00:00,Female,52,Bronze,TV,Khon Kaen,1414,CallCenter,COD,4,6,1,0,>50,47.13333333333333,9.0,2.0,0.2222222222222222,49,48,5699.546666666667,0.23,0.6666666666666666,0.3333333333333333,0.0,0.0,0,0,0.0,0.0,0,0,0.0,12241.670000000002,5,1,0.2,51295.920000000006,9,2,0.2222222222222222,0
LGS2ORD0021993,C011537,2025-06-24 04:00:00,Female,60,Silver,TV,Remote_Area,501,TV_Show,COD,4,6,1,0,>50,16.7,1.0,0.0,0.0,-1,54,8377.52,0.05,1.0,0.0,0.0,0.0,0,0,0.0,0.0,0,0,0.0,8377.52,1,0,0.0,8377.52,1,0,0.0,0
LGS2ORD0021994,C011861,2025-06-24 04:00:00,Male,18,Silver,Lazada,Chiang Mai,1433,Web,Credit_Card,4,6,1,0,<20,47.766666666666666,0.0,0.0,0.0,-1,-1,0.0,0.0,0.0,0.0,0.0,0.0,0,0,0.0,0.0,0,0,0.0,0.0,0,0,0.0,0.0,0,0,0.0,0
LGS2ORD0021995,C015575,2025-06-24 04:00:00,Female,58,Silver,TV,Bangkok,1474,Web,PromptPay,4,6,1,0,>50,49.13333333333333,5.0,2.0,0.4,118,1,3832.5939999999996,0.25,0.6,0.2,0.0,380.37,1,0,0.0,4822.82,2,0,0.0,4822.82,2,0,0.0,19162.969999999998,5,2,0.4,0
LGS2ORD0021996,C015772,2025-06-24 04:00:00,Female,30,Silver,Web,Chiang Mai,379,Lazada,COD,4,6,1,0,20-30,12.633333333333333,1.0,0.0,0.0,-1,129,23763.53,0.25,0.0,1.0,0.0,0.0,0,0,0.0,0.0,0,0,0.0,0.0,0,0,0.0,23763.53,1,0,0.0,0
LGS2ORD0021997,C011164,2025-06-24 05:00:00,Female,51,Bronze,Lazada,Songkhla,231,Web,Bank_Transfer,5,6,1,0,>50,7.7,2.0,1.0,0.5,116,76,3312.0299999999997,0.08,0.5,0.0,0.0,0.0,0,0,0.0,0.0,0,0,0.0,2648.92,1,0,0.0,6624.0599999999995,2,1,0.5,0
LGS2ORD0021998,C010057,2025-06-24 05:00:00,Male,40,Gold,Shopee,Nakhon Ratchasima,1088,Lazada,COD,5,6,1,0,30-40,36.266666666666666,6.0,0.0,0.0,-1,38,7118.548333333333,0.33,0.16666666666666666,0.6666666666666666,0.0,0.0,0,0,0.0,0.0,0,0,0.0,30804.2,3,0,0.0,42711.29,6,0,0.0,1
LGS2ORD0021999,C012362,2025-06-24 05:00:00,Male,66,Silver,CallCenter,Remote_Area,840,CallCenter,COD,5,6,1,0,>50,28.0,3.0,2.0,0.6666666666666666,47,64,1929.9666666666665,0.2,1.0,0.0,0.0,0.0,0,0,0.0,0.0,0,0,0.0,480.36,1,1,1.0,5789.9,3,2,0.6666666666666666,0
LGS2ORD0022000,C015539,2025-06-24 05:00:00,Male,46,Bronze,Web,Remote_Area,966,CallCenter,Credit_Card,5,6,1,0,40-50,32.2,2.0,0.0,0.0,-1,29,2502.71,0.23,0.0,0.5,0.0,0.0,0,0,0.0,1886.61,1,0,0.0,5005.42,2,0,0.0,5005.42,2,0,0.0,1
LGS2ORD0022001,C014558,2025-06-24 05:00:00,Male,39,Bronze,Web,Remote_Area,465,Shopee,PromptPay,5,6,1,0,30-40,15.5,4.0,1.0,0.25,6,15,3663.4575,0.23,0.5,0.25,0.0,0.0,0,0,0.0,6568.05,1,1,1.0,9097.470000000001,2,1,0.5,14653.83,4,1,0.25,0
LGS2ORD0022002,C016663,2025-06-24 06:00:00,Female,35,Silver,TV,Phuket,423,Lazada,Credit_Card,6,6,1,0,30-40,14.1,2.0,1.0,0.5,23,35,11092.395,0.2,0.5,0.0,0.0,0.0,0,0,0.0,0.0,0,0,0.0,22184.79,2,1,0.5,22184.79,2,1,0.5,1
LGS2ORD0022003,C011507,2025-06-24 06:00:00,Male,35,Gold,Lazada,Bangkok,477,CallCenter,COD,6,6,1,0,30-40,15.9,4.0,0.0,0.0,-1,35,3713.675,0.18,0.75,0.0,0.0,0.0,0,0,0.0,0.0,0,0,0.0,13089.03,3,0,0.0,14854.7,4,0,0.0,0
LGS2ORD0022004,C011452,2025-06-24 06:00:00,Male,49,Platinum,Shopee,Nakhon Ratchasima,602,Shopee,Credit_Card,6,6,1,0,40-50,20.066666666666666,5.0,0.0,0.0,-1,58,3938.5840000000003,0.3,0.4,0.6,0.0,0.0,0,0,0.0,0.0,0,0,0.0,5327.38,2,0,0.0,19692.920000000002,5,0,0.0,0
LGS2ORD0022005,C016666,2025-06-24 06:00:00,Male,37,Bronze,Lazada,Bangkok,414,Lazada,Credit_Card,6,6,1,0,30-40,13.8,4.0,0.0,0.0,-1,21,5856.4325,0.28,0.25,0.25,0.0,0.0,0,0,0.0,4376.77,1,0,0.0,7390.040000000001,2,0,0.0,23425.73,4,0,0.0,0
LGS2ORD0022006,C016019,2025-06-24 06:00:00,Female,50,Platinum,Web,Nakhon Ratchasima,232,Web,PromptPay,6,6,1,0,40-50,7.733333333333333,4.0,2.0,0.5,0,8,2642.425,0.25,0.75,0.25,0.0,0.0,0,0,0.0,1550.32,1,1,1.0,5241.72,2,2,1.0,10569.7,4,2,0.5,0
LGS2ORD0022007,C012076,2025-06-24 07:00:00,Male,68,Gold,Shopee,Chiang Mai,1518,Lazada,Bank_Transfer,7,6,1,0,>50,50.6,2.0,2.0,1.0,101,111,7242.945,0.33,1.0,1.0,0.0,0.0,0,0,0.0,0.0,0,0,0.0,0.0,0,0,0.0,14485.89,2,2,1.0,0
LGS2ORD0022008,C017957,2025-06-24 07:00:00,Male,35,Bronze,CallCenter,Chiang Mai,333,Web,COD,7,6,1,0,30-40,11.1,5.0,0.0,0.0,-1,12,4351.210000000001,0.18,0.8,0.0,0.0,0.0,0,0,0.0,938.2,1,0,0.0,10047.19,3,0,0.0,21756.050000000003,5,0,0.0,1
LGS2ORD0022009,C013873,2025-06-24 07:00:00,Female,27,Platinum,Web,Chiang Mai,522,TV_Show,Bank_Transfer,7,6,1,0,20-30,17.4,0.0,0.0,0.0,-1,-1,0.0,0.0,0.0,0.0,0.0,0.0,0,0,0.0,0.0,0,0,0.0,0.0,0,0,0.0,0.0,0,0,0.0,0
LGS2ORD0022010,C016329,2025-06-24 07:00:00,Female,41,Bronze,Shopee,Khon Kaen,614,Web,COD,7,6,1,0,40-50,20.466666666666665,4.0,0.0,0.0,-1,55,4933.3475,0.23,0.75,0.25,0.0,0.0,0,0,0.0,0.0,0,0,0.0,475.16,1,0,0.0,19733.39,4,0,0.0,0
LGS2ORD0022011,C017993,2025-06-24 07:00:00,Female,40,Silver,TV,Bangkok,324,Shopee,Credit_Card,7,6,1,0,30-40,10.8,1.0,0.0,0.0,-1,13,840.8,0.1,0.0,0.0,0.0,0.0,0,0,0.0,840.8,1,0,0.0,840.8,1,0,0.0,840.8,1,0,0.0,0
LGS2ORD0022012,C013435,2025-06-24 07:00:00,Other,35,Bronze,Shopee,Phuket,1091,Lazada,COD,7,6,1,0,30-40,36.36666666666667,3.0,1.0,0.3333333333333333,151,18,8603.210000000001,0.18,0.3333333333333333,0.0,0.0,0.0,0,0,0.0,2807.09,2,0,0.0,2807.09,2,0,0.0,25809.63,3,1,0.3333333333333333,1
LGS2ORD0022013,C010832,2025-06-24 08:00:00,Female,37,Gold,TV,Songkhla,470,Web,COD,8,6,1,0,30-40,15.666666666666666,3.0,0.0,0.0,-1,61,3183.8366666666675,0.2299999999999999,0.6666666666666666,0.3333333333333333,0.0,0.0,0,0,0.0,0.0,0,0,0.0,699.7,1,0,0.0,9551.510000000002,3,0,0.0,0
LGS2ORD0022014,C016614,2025-06-24 08:00:00,Male,21,Bronze,Web,Bangkok,678,Shopee,COD,8,6,1,0,20-30,22.6,5.0,1.0,0.2,0,12,8172.302000000001,0.18,0.4,0.0,0.0,0.0,0,0,0.0,1284.8,2,1,0.5,37936.560000000005,4,1,0.25,40861.51,5,1,0.2,1
LGS2ORD0022015,C010546,2025-06-24 08:00:00,Male,30,Silver,Shopee,Chiang Mai,923,Shopee,Bank_Transfer,8,6,1,0,20-30,30.766666666666666,4.0,0.0,0.0,-1,26,3597.8200000000006,0.2,0.0,0.0,0.0,0.0,0,0,0.0,2110.88,1,0,0.0,8689.76,2,0,0.0,14391.280000000002,4,0,0.0,0
LGS2ORD0022016,C017484,2025-06-24 08:00:00,Female,51,Silver,TV,Chonburi,238,Web,COD,8,6,1,0,>50,7.933333333333334,4.0,0.0,0.0,-1,67,4293.185,0.2,0.75,0.0,0.0,0.0,0,0,0.0,0.0,0,0,0.0,16988.02,3,0,0.0,17172.74,4,0,0.0,0
LGS2ORD0022017,C017337,2025-06-24 08:00:00,Female,39,Platinum,Shopee,Nakhon Ratchasima,665,Web,COD,8,6,1,0,30-40,22.166666666666668,3.0,0.0,0.0,-1,25,1527.6966666666667,0.25,0.0,0.6666666666666666,0.0,0.0,0,0,0.0,2756.02,1,0,0.0,2756.02,1,0,0.0,4583.09,3,0,0.0,0
LGS2ORD0022018,C011422,2025-06-24 09:00:00,Male,29,Bronze,TV,Bangkok,824,TV_Show,COD,9,6,1,0,20-30,27.466666666666665,1.0,1.0,1.0,29,43,42987.01,0.03,1.0,0.0,0.0,0.0,0,0,0.0,0.0,0,0,0.0,42987.01,1,1,1.0,42987.01,1,1,1.0,1
LGS2ORD0022019,C016475,2025-06-24 09:00:00,Other,35,Platinum,Web,Khon Kaen,1289,Lazada,Credit_Card,9,6,1,0,30-40,42.96666666666667,4.0,0.0,0.0,-1,19,5866.0575,0.35,0.5,0.25,0.0,0.0,0,0,0.0,7072.75,2,0,0.0,15158.510000000002,3,0,0.0,23464.23,4,0,0.0,0
LGS2ORD0022020,C014964,2025-06-24 09:00:00,Male,39,Silver,TV,Khon Kaen,1124,TV_Show,Credit_Card,9,6,1,0,30-40,37.46666666666667,3.0,0.0,0.0,-1,78,5162.22,0.3,0.3333333333333333,0.3333333333333333,0.0,0.0,0,0,0.0,0.0,0,0,0.0,846.67,1,0,0.0,15486.66,3,0,0.0,0
LGS2ORD0022021,C013180,2025-06-24 09:00:00,Male,21,Gold,Web,Khon Kaen,979,TV_Show,COD,9,6,1,0,20-30,32.63333333333333,2.0,0.0,0.0,-1,73,4140.135,0.13,1.0,0.0,0.0,0.0,0,0,0.0,0.0,0,0,0.0,5049.36,1,0,0.0,8280.27,2,0,0.0,0
LGS2ORD0022022,C016161,2025-06-24 09:00:00,Female,37,Silver,Web,Songkhla,770,TV_Show,Credit_Card,9,6,1,0,30-40,25.666666666666668,5.0,2.0,0.4,82,11,1124.2140000000002,0.25,0.6,0.2,0.0,0.0,0,0,0.0,1918.09,1,0,0.0,1918.09,1,0,0.0,5621.070000000001,5,2,0.4,0
LGS2ORD0022023,C016262,2025-06-24 10:00:00,Male,51,Silver,CallCenter,Bangkok,372,Lazada,PromptPay,10,6,1,0,>50,12.4,3.0,0.0,0.0,-1,9,14079.230000000001,0.05,0.6666666666666666,0.0,0.0,0.0,0,0,0.0,21534.34,1,0,0.0,21534.34,1,0,0.0,42237.69,3,0,0.0,0
LGS2ORD0022024,C017482,2025-06-24 10:00:00,Female,29,Bronze,TV,Chiang Mai,1189,Lazada,Bank_Transfer,10,6,1,0,20-30,39.63333333333333,4.0,2.0,0.5,41,57,5017.8075,0.28,0.0,0.25,0.0,0.0,0,0,0.0,0.0,0,0,0.0,8979.46,1,1,1.0,20071.23,4,2,0.5,0
LGS2ORD0022025,C014946,2025-06-24 10:00:00,Male,36,Bronze,TV,Khon Kaen,1230,TV_Show,COD,10,6,1,0,30-40,41.0,8.0,5.0,0.625,-2,3,3394.415,0.18,0.5,0.0,0.0,2110.06,1,0,0.0,14818.999999999998,5,3,0.6,24384.390000000003,7,4,0.5714285714285714,27155.32,8,5,0.625,0
LGS2ORD0022026,C012475,2025-06-24 10:00:00,Female,32,Bronze,Lazada,Bangkok,1047,TV_Show,COD,10,6,1,0,30-40,34.9,2.0,0.0,0.0,-1,77,3221.4100000000003,0.28,1.0,0.5,0.0,0.0,0,0,0.0,0.0,0,0,0.0,1025.01,1,0,0.0,6442.820000000001,2,0,0.0,1
LGS2ORD0022027,C011992,2025-06-24 10:00:00,Female,45,Bronze,TV,Nakhon Ratchasima,888,TV_Show,Bank_Transfer,10,6,1,0,40-50,29.6,8.0,0.0,0.0,-1,11,3875.22875,0.23,0.75,0.125,0.0,0.0,0,0,0.0,723.55,1,0,0.0,10224.51,3,0,0.0,31001.83,8,0,0.0,0
LGS2ORD0022028,C017273,2025-06-24 11:00:00,Male,26,Bronze,Lazada,Bangkok,1382,Web,COD,11,6,1,0,20-30,46.06666666666667,7.0,2.0,0.2857142857142857,158,86,8349.567142857142,0.28,0.5714285714285714,0.2857142857142857,0.0,0.0,0,0,0.0,0.0,0,0,0.0,4037.7,1,0,0.0,58446.969999999994,7,2,0.2857142857142857,1
LGS2ORD0022029,C015588,2025-06-24 11:00:00,Male,51,Bronze,TV,Songkhla,255,Shopee,COD,11,6,1,0,>50,8.5,5.0,2.0,0.4,51,3,5159.702,0.28,0.8,0.2,0.0,2439.33,1,0,0.0,2439.33,1,0,0.0,21354.79,2,1,0.5,25798.510000000002,5,2,0.4,0
LGS2ORD0022030,C014903,2025-06-24 11:00:00,Female,18,Bronze,TV,Phuket,685,Lazada,PromptPay,11,6,1,0,<20,22.833333333333332,3.0,1.0,0.3333333333333333,74,85,3188.3333333333335,0.18,0.6666666666666666,0.0,0.0,0.0,0,0,0.0,0.0,0,0,0.0,4763.52,1,1,1.0,9565.0,3,1,0.3333333333333333,0
LGS2ORD0022031,C010172,2025-06-24 11:00:00,Female,42,Bronze,Shopee,Khon Kaen,566,TV_Show,COD,11,6,1,0,40-50,18.866666666666667,1.0,0.0,0.0,-1,163,3423.72,0.18,1.0,0.0,0.0,0.0,0,0,0.0,0.0,0,0,0.0,0.0,0,0,0.0,3423.72,1,0,0.0,0
LGS2ORD0022032,C010496,2025-06-24 11:00:00,Female,46,Gold,Lazada,Chonburi,1123,CallCenter,COD,11,6,1,0,40-50,37.43333333333333,2.0,0.0,0.0,-1,113,2816.95,0.13,1.0,0.0,0.0,0.0,0,0,0.0,0.0,0,0,0.0,0.0,0,0,0.0,5633.9,2,0,0.0,0
LGS2ORD0022033,C017673,2025-06-24 11:00:00,Female,64,Bronze,Web,Bangkok,660,CallCenter,Bank_Transfer,11,6,1,0,>50,22.0,3.0,1.0,0.3333333333333333,126,112,1654.1066666666666,0.28,0.6666666666666666,0.6666666666666666,0.0,0.0,0,0,0.0,0.0,0,0,0.0,0.0,0,0,0.0,4962.32,3,1,0.3333333333333333,0
LGS2ORD0022034,C010735,2025-06-24 12:00:00,Female,34,Bronze,Web,Bangkok,696,TV_Show,PromptPay,12,6,1,0,30-40,23.2,4.0,1.0,0.25,98,85,1120.3175,0.28,0.5,0.5,0.0,0.0,0,0,0.0,0.0,0,0,0.0,2471.21,1,0,0.0,4481.27,4,1,0.25,0
LGS2ORD0022035,C011571,2025-06-24 12:00:00,Female,40,Bronze,Web,Bangkok,811,Shopee,COD,12,6,1,0,30-40,27.033333333333335,4.0,3.0,0.75,39,32,5052.9575,0.08,0.25,0.0,0.0,0.0,0,0,0.0,0.0,0,0,0.0,12921.060000000001,3,2,0.6666666666666666,20211.83,4,3,0.75,0
LGS2ORD0022036,C015847,2025-06-24 12:00:00,Male,41,Bronze,TV,Bangkok,1260,CallCenter,Credit_Card,12,6,1,0,40-50,42.0,5.0,1.0,0.2,96,83,4214.217999999999,0.18,0.6,0.0,0.0,0.0,0,0,0.0,0.0,0,0,0.0,4103.65,1,0,0.0,21071.089999999997,5,1,0.2,0
LGS2ORD0022037,C012393,2025-06-24 12:00:00,Male,56,Bronze,TV,Nakhon Ratchasima,1284,TV_Show,COD,12,6,1,0,>50,42.8,4.0,2.0,0.5,-1,7,5298.790000000001,0.28,0.5,0.25,0.0,0.0,0,0,0.0,3150.4,1,1,1.0,4225.32,2,1,0.5,21195.160000000003,4,2,0.5,0
LGS2ORD0022038,C016011,2025-06-24 12:00:00,Male,47,Platinum,Web,Bangkok,417,Shopee,PromptPay,12,6,1,0,40-50,13.9,2.0,0.0,0.0,-1,70,1171.605,0.2,0.5,0.0,0.0,0.0,0,0,0.0,0.0,0,0,0.0,1400.7,1,0,0.0,2343.21,2,0,0.0,1
LGS2ORD0022039,C015465,2025-06-24 13:00:00,Male,35,Bronze,Web,Chiang Mai,1282,Shopee,PromptPay,13,6,1,0,30-40,42.733333333333334,3.0,0.0,0.0,-1,135,5721.703333333334,0.28,0.6666666666666666,0.6666666666666666,0.0,0.0,0,0,0.0,0.0,0,0,0.0,0.0,0,0,0.0,17165.11,3,0,0.0,0
LGS2ORD0022040,C012607,2025-06-24 13:00:00,Male,44,Bronze,TV,Chiang Mai,610,TV_Show,Credit_Card,13,6,1,0,40-50,20.333333333333332,4.0,0.0,0.0,-1,12,2016.8725,0.28,0.5,0.25,0.0,0.0,0,0,0.0,1627.46,1,0,0.0,4598.1,3,0,0.0,8067.49,4,0,0.0,0
LGS2ORD0022041,C013334,2025-06-24 13:00:00,Female,59,Bronze,Web,Bangkok,418,Web,COD,13,6,1,0,>50,13.933333333333334,4.0,1.0,0.25,6,17,5311.64,0.23,0.75,0.5,0.0,0.0,0,0,0.0,21246.56,4,1,0.25,21246.56,4,1,0.25,21246.56,4,1,0.25,0
LGS2ORD0022042,C012846,2025-06-24 13:00:00,Male,37,Silver,TV,Chonburi,835,Web,COD,13,6,1,0,30-40,27.833333333333332,3.0,0.0,0.0,-1,68,2964.85,0.15,0.3333333333333333,0.0,0.0,0.0,0,0,0.0,0.0,0,0,0.0,6925.0,2,0,0.0,8894.55,3,0,0.0,0
LGS2ORD0022043,C017719,2025-06-24 13:00:00,Female,32,Bronze,CallCenter,Chonburi,393,CallCenter,COD,13,6,1,0,30-40,13.1,2.0,1.0,0.5,62,71,7114.879999999999,0.28,0.5,0.5,0.0,0.0,0,0,0.0,0.0,0,0,0.0,5837.19,1,1,1.0,14229.759999999998,2,1,0.5,0
LGS2ORD0022044,C014415,2025-06-24 14:00:00,Female,56,Gold,Web,Nakhon Ratchasima,1057,Lazada,Credit_Card,14,6,1,0,>50,35.233333333333334,1.0,0.0,0.0,-1,136,1878.87,0.08,1.0,0.0,0.0,0.0,0,0,0.0,0.0,0,0,0.0,0.0,0,0,0.0,1878.87,1,0,0.0,1
LGS2ORD0022045,C011414,2025-06-24 14:00:00,Male,51,Bronze,CallCenter,Chiang Mai,1594,Shopee,Credit_Card,14,6,1,0,>50,53.13333333333333,3.0,1.0,0.3333333333333333,83,59,6091.790000000001,0.18,0.3333333333333333,0.0,0.0,0.0,0,0,0.0,0.0,0,0,0.0,3558.51,1,0,0.0,18275.370000000003,3,1,0.3333333333333333,0
LGS2ORD0022046,C012012,2025-06-24 14:00:00,Male,48,Silver,Lazada,Chonburi,413,TV_Show,COD,14,6,1,0,40-50,13.766666666666667,3.0,0.0,0.0,-1,19,8175.169999999999,0.2,0.3333333333333333,0.0,0.0,0.0,0,0,0.0,3584.19,1,0,0.0,7071.1,2,0,0.0,24525.51,3,0,0.0,0
LGS2ORD0022047,C015128,2025-06-24 14:00:00,Female,33,Gold,Web,Chonburi,685,CallCenter,Credit_Card,14,6,1,0,30-40,22.833333333333332,1.0,1.0,1.0,106,117,2166.91,0.08,0.0,0.0,0.0,0.0,0,0,0.0,0.0,0,0,0.0,0.0,0,0,0.0,2166.91,1,1,1.0,0
LGS2ORD0022048,C010383,2025-06-24 14:00:00,Female,48,Silver,TV,Nakhon Ratchasima,1009,CallCenter,Credit_Card,14,6,1,0,40-50,33.63333333333333,4.0,0.0,0.0,-1,6,3117.6975,0.2,0.5,0.0,0.0,8158.04,1,0,0.0,9580.44,2,0,0.0,9580.44,2,0,0.0,12470.79,4,0,0.0,1
LGS2ORD0022049,C012382,2025-06-24 15:00:00,Female,44,Silver,TV,Songkhla,1156,Shopee,COD,15,6,1,0,40-50,38.53333333333333,1.0,0.0,0.0,-1,160,4000.45,0.05,0.0,0.0,0.0,0.0,0,0,0.0,0.0,0,0,0.0,0.0,0,0,0.0,4000.45,1,0,0.0,1
LGS2ORD0022050,C011276,2025-06-24 15:00:00,Male,38,Bronze,TV,Songkhla,1291,TV_Show,Credit_Card,15,6,1,0,30-40,43.03333333333333,4.0,1.0,0.25,43,34,1696.53,0.28,0.75,0.5,0.0,0.0,0,0,0.0,0.0,0,0,0.0,5326.23,3,1,0.3333333333333333,6786.12,4,1,0.25,0
LGS2ORD0022051,C010904,2025-06-24 15:00:00,Female,23,Platinum,TV,Nakhon Ratchasima,534,Web,Credit_Card,15,6,1,0,20-30,17.8,3.0,0.0,0.0,-1,49,3502.9500000000003,0.35,0.3333333333333333,0.3333333333333333,0.0,0.0,0,0,0.0,0.0,0,0,0.0,10508.85,3,0,0.0,10508.85,3,0,0.0,0
LGS2ORD0022052,C015954,2025-06-24 15:00:00,Female,58,Bronze,TV,Remote_Area,830,TV_Show,COD,15,6,1,0,>50,27.666666666666668,2.0,0.0,0.0,-1,12,10595.65,0.23,0.5,0.5,0.0,0.0,0,0,0.0,17428.51,1,0,0.0,17428.51,1,0,0.0,21191.3,2,0,0.0,1
LGS2ORD0022053,C016243,2025-06-24 15:00:00,Male,62,Bronze,Shopee,Bangkok,509,Web,Credit_Card,15,6,1,0,>50,16.966666666666665,1.0,0.0,0.0,-1,82,2432.45,0.18,1.0,0.0,0.0,0.0,0,0,0.0,0.0,0,0,0.0,2432.45,1,0,0.0,2432.45,1,0,0.0,0
LGS2ORD0022054,C017769,2025-06-24 15:00:00,Female,55,Silver,Lazada,Remote_Area,404,CallCenter,PromptPay,15,6,1,0,>50,13.466666666666667,5.0,0.0,0.0,-1,11,1652.2400000000002,0.3,0.6,0.2,0.0,0.0,0,0,0.0,1640.4,1,0,0.0,7855.43,4,0,0.0,8261.2,5,0,0.0,0
LGS2ORD0022055,C017506,2025-06-24 16:00:00,Other,40,Silver,CallCenter,Bangkok,486,TV_Show,Credit_Card,16,6,1,0,30-40,16.2,3.0,0.0,0.0,-1,43,1111.2633333333333,0.15,0.3333333333333333,0.0,0.0,0.0,0,0,0.0,0.0,0,0,0.0,864.16,1,0,0.0,3333.79,3,0,0.0,1
LGS2ORD0022056,C013804,2025-06-24 16:00:00,Male,61,Bronze,TV,Bangkok,549,CallCenter,COD,16,6,1,0,>50,18.3,6.0,3.0,0.5,-8,2,3760.148333333333,0.28,0.6666666666666666,0.3333333333333333,0.0,2987.04,1,1,1.0,6521.73,2,2,1.0,6521.73,2,2,1.0,22560.89,6,3,0.5,1
LGS2ORD0022057,C014622,2025-06-24 16:00:00,Male,49,Silver,Shopee,Remote_Area,1128,CallCenter,COD,16,6,1,0,40-50,37.6,7.0,1.0,0.14285714285714285,13,26,3533.277142857143,0.25,0.2857142857142857,0.2857142857142857,0.0,0.0,0,0,0.0,1705.58,1,1,1.0,12065.49,2,1,0.5,24732.940000000002,7,1,0.14285714285714285,1
LGS2ORD0022058,C014919,2025-06-24 16:00:00,Male,40,Bronze,TV,Songkhla,1446,Web,Credit_Card,16,6,1,0,30-40,48.2,4.0,0.0,0.0,-1,117,4052.3825,0.18,0.25,0.0,0.0,0.0,0,0,0.0,0.0,0,0,0.0,0.0,0,0,0.0,16209.53,4,0,0.0,0
LGS2ORD0022059,C010296,2025-06-24 16:00:00,Male,49,Silver,TV,Bangkok,690,CallCenter,COD,16,6,1,0,40-50,23.0,2.0,0.0,0.0,-1,139,1440.065,0.25,1.0,0.5,0.0,0.0,0,0,0.0,0.0,0,0,0.0,0.0,0,0,0.0,2880.13,2,0,0.0,0
LGS2ORD0022060,C014309,2025-06-24 17:00:00,Male,65,Bronze,Web,Khon Kaen,1331,Shopee,Credit_Card,17,6,1,0,>50,44.36666666666667,2.0,1.0,0.5,77,29,3238.1000000000004,0.28,0.0,0.5,0.0,0.0,0,0,0.0,2719.38,1,0,0.0,2719.38,1,0,0.0,6476.200000000001,2,1,0.5,1
LGS2ORD0022061,C013707,2025-06-24 17:00:00,Other,32,Gold,CallCenter,Nakhon Ratchasima,1546,Shopee,Bank_Transfer,17,6,1,0,30-40,51.53333333333333,2.0,0.0,0.0,-1,103,8320.45,0.13,0.0,0.0,0.0,0.0,0,0,0.0,0.0,0,0,0.0,0.0,0,0,0.0,16640.9,2,0,0.0,0
LGS2ORD0022062,C015979,2025-06-24 17:00:00,Male,49,Silver,Lazada,Phuket,1455,Lazada,COD,17,6,1,0,40-50,48.5,3.0,0.0,0.0,-1,13,2359.1566666666668,0.25,0.6666666666666666,0.3333333333333333,0.0,0.0,0,0,0.0,3589.56,1,0,0.0,7077.47,3,0,0.0,7077.47,3,0,0.0,1
LGS2ORD0022063,C017801,2025-06-24 17:00:00,Female,50,Bronze,Shopee,Phuket,523,Web,COD,17,6,1,0,40-50,17.433333333333334,6.0,3.0,0.5,-3,5,2063.5350000000003,0.23,0.5,0.16666666666666666,0.0,1068.85,1,1,1.0,1068.85,1,1,1.0,2162.73,2,2,1.0,12381.210000000001,6,3,0.5,0
LGS2ORD0022064,C015006,2025-06-24 17:00:00,Male,48,Silver,CallCenter,Nakhon Ratchasima,493,TV_Show,PromptPay,17,6,1,0,40-50,16.433333333333334,4.0,0.0,0.0,-1,74,9679.0975,0.25,0.75,0.25,0.0,0.0,0,0,0.0,0.0,0,0,0.0,7707.64,1,0,0.0,38716.39,4,0,0.0,0
LGS2ORD0022065,C011862,2025-06-24 18:00:00,Male,52,Bronze,TV,Bangkok,331,Web,COD,18,6,1,0,>50,11.033333333333333,2.0,0.0,0.0,-1,59,1771.79,0.23,1.0,0.5,0.0,0.0,0,0,0.0,0.0,0,0,0.0,3543.58,2,0,0.0,3543.58,2,0,0.0,0
LGS2ORD0022066,C014358,2025-06-24 18:00:00,Male,34,Gold,Web,Chiang Mai,922,TV_Show,Bank_Transfer,18,6,1,0,30-40,30.733333333333334,3.0,1.0,0.3333333333333333,97,83,5755.696666666667,0.2299999999999999,1.0,0.3333333333333333,0.0,0.0,0,0,0.0,0.0,0,0,0.0,1182.98,1,0,0.0,17267.09,3,1,0.3333333333333333,0
LGS2ORD0022067,C011652,2025-06-24 18:00:00,Male,63,Bronze,Lazada,Chonburi,1595,TV_Show,COD,18,6,1,0,>50,53.166666666666664,1.0,1.0,1.0,17,28,8798.41,0.08,0.0,0.0,0.0,0.0,0,0,0.0,8798.41,1,1,1.0,8798.41,1,1,1.0,8798.41,1,1,1.0,1
LGS2ORD0022068,C017167,2025-06-24 18:00:00,Female,35,Bronze,Shopee,Remote_Area,557,Shopee,Credit_Card,18,6,1,0,30-40,18.566666666666666,0.0,0.0,0.0,-1,-1,0.0,0.0,0.0,0.0,0.0,0.0,0,0,0.0,0.0,0,0,0.0,0.0,0,0,0.0,0.0,0,0,0.0,0
LGS2ORD0022069,C011394,2025-06-24 18:00:00,Male,49,Silver,Web,Chiang Mai,1604,Web,Bank_Transfer,18,6,1,0,40-50,53.46666666666667,2.0,0.0,0.0,-1,74,1169.8600000000001,0.3,0.5,1.0,0.0,0.0,0,0,0.0,0.0,0,0,0.0,1175.45,1,0,0.0,2339.7200000000003,2,0,0.0,0
LGS2ORD0022070,C015340,2025-06-24 19:00:00,Female,42,Silver,TV,Chiang Mai,1265,Web,Bank_Transfer,19,6,1,0,40-50,42.166666666666664,4.0,0.0,0.0,-1,18,5262.5325,0.25,0.5,0.25,0.0,0.0,0,0,0.0,10584.02,1,0,0.0,12798.09,2,0,0.0,21050.13,4,0,0.0,0
LGS2ORD0022071,C013337,2025-06-24 19:00:00,Male,21,Silver,Shopee,Nakhon Ratchasima,1550,Web,COD,19,6,1,0,20-30,51.666666666666664,1.0,0.0,0.0,-1,74,1988.62,0.1,0.0,0.0,0.0,0.0,0,0,0.0,0.0,0,0,0.0,1988.62,1,0,0.0,1988.62,1,0,0.0,0
LGS2ORD0022072,C012655,2025-06-24 19:00:00,Female,27,Gold,CallCenter,Nakhon Ratchasima,834,Web,Credit_Card,19,6,1,0,20-30,27.8,2.0,0.0,0.0,-1,10,11215.01,0.33,1.0,0.5,0.0,0.0,0,0,0.0,398.84,1,0,0.0,22430.02,2,0,0.0,22430.02,2,0,0.0,0
LGS2ORD0022073,C013374,2025-06-24 19:00:00,Male,52,Bronze,Shopee,Nakhon Ratchasima,1307,Web,COD,19,6,1,0,>50,43.56666666666667,2.0,1.0,0.5,48,62,3958.7,0.23,1.0,0.5,0.0,0.0,0,0,0.0,0.0,0,0,0.0,5506.18,1,1,1.0,7917.4,2,1,0.5,0
LGS2ORD0022074,C012794,2025-06-24 19:00:00,Male,21,Silver,Shopee,Chiang Mai,1584,Lazada,COD,19,6,1,0,20-30,52.8,1.0,0.0,0.0,-1,27,2621.42,0.2,0.0,0.0,0.0,0.0,0,0,0.0,2621.42,1,0,0.0,2621.42,1,0,0.0,2621.42,1,0,0.0,0
LGS2ORD0022075,C017149,2025-06-24 19:00:00,Female,48,Silver,Web,Bangkok,1123,CallCenter,Credit_Card,19,6,1,0,40-50,37.43333333333333,2.0,1.0,0.5,35,1,5959.885,0.25,0.5,0.5,0.0,10769.87,1,0,0.0,10769.87,1,0,0.0,11919.77,2,1,0.5,11919.77,2,1,0.5,1
LGS2ORD0022076,C010742,2025-06-24 20:00:00,Female,25,Bronze,Lazada,Songkhla,679,Shopee,PromptPay,20,6,1,0,20-30,22.633333333333333,2.0,2.0,1.0,34,42,5055.805,0.13,0.5,0.0,0.0,0.0,0,0,0.0,0.0,0,0,0.0,10111.61,2,2,1.0,10111.61,2,2,1.0,0
LGS2ORD0022077,C014338,2025-06-24 20:00:00,Male,42,Gold,Web,Khon Kaen,1454,Shopee,Credit_Card,20,6,1,0,40-50,48.46666666666667,1.0,1.0,1.0,21,30,2108.69,0.08,1.0,0.0,0.0,0.0,0,0,0.0,0.0,0,0,0.0,2108.69,1,1,1.0,2108.69,1,1,1.0,1
LGS2ORD0022078,C011539,2025-06-24 20:00:00,Male,38,Gold,Web,Phuket,1013,TV_Show,COD,20,6,1,0,30-40,33.766666666666666,1.0,0.0,0.0,-1,141,5866.86,0.18,0.0,0.0,0.0,0.0,0,0,0.0,0.0,0,0,0.0,0.0,0,0,0.0,5866.86,1,0,0.0,0
LGS2ORD0022079,C010861,2025-06-24 20:00:00,Male,24,Bronze,Web,Nakhon Ratchasima,538,Lazada,Credit_Card,20,6,1,0,20-30,17.933333333333334,2.0,1.0,0.5,56,2,4660.745,0.28,0.5,1.0,0.0,1913.04,1,0,0.0,1913.04,1,0,0.0,9321.49,2,1,0.5,9321.49,2,1,0.5,0
LGS2ORD0022080,C011014,2025-06-24 20:00:00,Male,48,Bronze,TV,Bangkok,875,TV_Show,Credit_Card,20,6,1,0,40-50,29.166666666666668,4.0,1.0,0.25,123,29,4062.4625,0.18,0.5,0.0,0.0,0.0,0,0,0.0,1062.95,1,0,0.0,8878.93,2,0,0.0,16249.85,4,1,0.25,0
LGS2ORD0022081,C015299,2025-06-24 21:00:00,Male,41,Bronze,CallCenter,Bangkok,1629,Shopee,COD,21,6,1,0,40-50,54.3,2.0,0.0,0.0,-1,13,4808.47,0.13,1.0,0.0,0.0,0.0,0,0,0.0,9235.74,1,0,0.0,9235.74,1,0,0.0,9616.94,2,0,0.0,0
LGS2ORD0022082,C017023,2025-06-24 21:00:00,Male,35,Silver,Lazada,Bangkok,1183,Web,COD,21,6,1,0,30-40,39.43333333333333,1.0,0.0,0.0,-1,61,2471.24,0.05,0.0,0.0,0.0,0.0,0,0,0.0,0.0,0,0,0.0,2471.24,1,0,0.0,2471.24,1,0,0.0,1
LGS2ORD0022083,C013588,2025-06-24 21:00:00,Male,45,Bronze,Web,Remote_Area,402,Lazada,COD,21,6,1,0,40-50,13.4,4.0,2.0,0.5,74,48,11913.09,0.23,0.75,0.25,0.0,0.0,0,0,0.0,0.0,0,0,0.0,31564.72,2,1,0.5,47652.36,4,2,0.5,0
LGS2ORD0022084,C012000,2025-06-24 21:00:00,Female,27,Bronze,TV,Songkhla,1355,CallCenter,COD,21,6,1,0,20-30,45.166666666666664,2.0,2.0,1.0,31,40,3869.99,0.18,1.0,0.0,0.0,0.0,0,0,0.0,0.0,0,0,0.0,391.12,1,1,1.0,7739.98,2,2,1.0,0
LGS2ORD0022085,C016303,2025-06-24 21:00:00,Female,34,Bronze,Shopee,Bangkok,1479,Lazada,Bank_Transfer,21,6,1,0,30-40,49.3,2.0,1.0,0.5,111,26,1905.415,0.18,0.0,0.0,0.0,0.0,0,0,0.0,1489.16,1,0,0.0,1489.16,1,0,0.0,3810.83,2,1,0.5,0
LGS2ORD0022086,C011469,2025-06-24 22:00:00,Male,27,Silver,Web,Songkhla,696,CallCenter,COD,22,6,1,0,20-30,23.2,5.0,1.0,0.2,135,30,10844.268,0.3,0.8,0.2,0.0,0.0,0,0,0.0,0.0,0,0,0.0,27209.98,3,0,0.0,54221.34,5,1,0.2,0
LGS2ORD0022087,C010777,2025-06-24 22:00:00,Female,36,Platinum,Web,Phuket,598,Web,PromptPay,22,6,1,0,30-40,19.933333333333334,3.0,0.0,0.0,-1,56,3039.6766666666663,0.3,0.6666666666666666,0.6666666666666666,0.0,0.0,0,0,0.0,0.0,0,0,0.0,7203.92,2,0,0.0,9119.029999999999,3,0,0.0,1
LGS2ORD0022088,C011587,2025-06-24 22:00:00,Female,22,Gold,Web,Bangkok,1386,Shopee,COD,22,6,1,0,20-30,46.2,4.0,0.0,0.0,-1,24,4338.344999999999,0.33,0.75,0.75,0.0,0.0,0,0,0.0,600.12,1,0,0.0,898.4,2,0,0.0,17353.379999999997,4,0,0.0,0
LGS2ORD0022089,C013660,2025-06-24 22:00:00,Female,36,Gold,Lazada,Chiang Mai,1501,TV_Show,COD,22,6,1,0,30-40,50.03333333333333,1.0,1.0,1.0,22,38,1471.8,0.2299999999999999,0.0,1.0,0.0,0.0,0,0,0.0,0.0,0,0,0.0,1471.8,1,1,1.0,1471.8,1,1,1.0,0
LGS2ORD0022090,C010500,2025-06-24 22:00:00,Male,27,Silver,TV,Bangkok,227,Shopee,PromptPay,22,6,1,0,20-30,7.566666666666666,2.0,1.0,0.5,21,23,978.37,0.25,0.5,1.0,0.0,0.0,0,0,0.0,1956.74,2,1,0.5,1956.74,2,1,0.5,1956.74,2,1,0.5,0
LGS2ORD0022091,C015303,2025-06-24 23:00:00,Male,41,Gold,CallCenter,Bangkok,848,Lazada,COD,23,6,1,0,40-50,28.266666666666666,3.0,0.0,0.0,-1,9,2413.77,0.2299999999999999,0.3333333333333333,0.6666666666666666,0.0,0.0,0,0,0.0,643.84,1,0,0.0,7241.31,3,0,0.0,7241.31,3,0,0.0,0
LGS2ORD0022092,C013645,2025-06-24 23:00:00,Male,64,Silver,TV,Khon Kaen,1350,Shopee,COD,23,6,1,0,>50,45.0,8.0,3.0,0.375,31,9,7349.82625,0.25,0.5,0.125,0.0,0.0,0,0,0.0,9003.03,1,0,0.0,48171.2,5,2,0.4,58798.61,8,3,0.375,0
LGS2ORD0022093,C014848,2025-06-24 23:00:00,Female,27,Silver,Web,Bangkok,1279,Web,PromptPay,23,6,1,0,20-30,42.63333333333333,3.0,3.0,1.0,48,53,6691.03,0.25,0.0,0.3333333333333333,0.0,0.0,0,0,0.0,0.0,0,0,0.0,20073.09,3,3,1.0,20073.09,3,3,1.0,0
LGS2ORD0022094,C014160,2025-06-24 23:00:00,Male,31,Bronze,Shopee,Phuket,1196,Web,COD,23,6,1,0,30-40,39.86666666666667,6.0,2.0,0.3333333333333333,100,31,4012.48,0.23,0.5,0.3333333333333333,0.0,0.0,0,0,0.0,0.0,0,0,0.0,8152.54,2,0,0.0,24074.88,6,2,0.3333333333333333,0
LGS2ORD0022095,C012951,2025-06-24 23:00:00,Female,58,Gold,TV,Khon Kaen,895,TV_Show,PromptPay,23,6,1,0,>50,29.833333333333332,2.0,0.0,0.0,-1,13,4252.635,0.2299999999999999,0.5,0.5,0.0,0.0,0,0,0.0,5274.51,1,0,0.0,5274.51,1,0,0.0,8505.27,2,0,0.0,0
LGS2ORD0022096,C014010,2025-06-24 23:00:00,Male,53,Bronze,CallCenter,Khon Kaen,1541,Shopee,COD,23,6,1,0,>50,51.36666666666667,3.0,1.0,0.3333333333333333,71,33,4491.43,0.23,0.0,0.3333333333333333,0.0,0.0,0,0,0.0,0.0,0,0,0.0,13474.29,3,1,0.3333333333333333,13474.29,3,1,0.3333333333333333,0
LGS2ORD0022097,C011851,2025-06-25 00:00:00,Female,27,Silver,Lazada,Khon Kaen,1188,Web,COD,0,6,2,0,20-30,39.6,3.0,1.0,0.3333333333333333,46,19,6720.47,0.3,0.3333333333333333,0.6666666666666666,0.0,0.0,0,0,0.0,6113.63,1,0,0.0,20161.41,3,1,0.3333333333333333,20161.41,3,1,0.3333333333333333,0
LGS2ORD0022098,C014889,2025-06-25 00:00:00,Female,48,Silver,Web,Chiang Mai,1228,Lazada,PromptPay,0,6,2,0,40-50,40.93333333333333,2.0,0.0,0.0,-1,37,4805.16,0.1,0.5,0.0,0.0,0.0,0,0,0.0,0.0,0,0,0.0,1165.36,1,0,0.0,9610.32,2,0,0.0,0
LGS2ORD0022099,C012340,2025-06-25 00:00:00,Male,63,Bronze,TV,Phuket,469,TV_Show,COD,0,6,2,0,>50,15.633333333333333,1.0,0.0,0.0,-1,39,1441.75,0.23,0.0,1.0,0.0,0.0,0,0,0.0,0.0,0,0,0.0,1441.75,1,0,0.0,1441.75,1,0,0.0,1
LGS2ORD0022100,C011581,2025-06-25 00:00:00,Male,59,Bronze,Lazada,Phuket,652,CallCenter,COD,0,6,2,0,>50,21.733333333333334,2.0,1.0,0.5,78,71,893.675,0.23,0.5,0.5,0.0,0.0,0,0,0.0,0.0,0,0,0.0,1456.0,1,0,0.0,1787.35,2,1,0.5,0
LGS2ORD0022101,C010323,2025-06-25 00:00:00,Female,31,Bronze,CallCenter,Bangkok,677,Lazada,COD,0,6,2,0,30-40,22.566666666666666,2.0,0.0,0.0,-1,75,9582.935,0.18,0.0,0.0,0.0,0.0,0,0,0.0,0.0,0,0,0.0,7776.05,1,0,0.0,19165.87,2,0,0.0,1
LGS2ORD0022102,C011499,2025-06-25 01:00:00,Female,35,Gold,Web,Chonburi,1241,Lazada,Credit_Card,1,6,2,0,30-40,41.36666666666667,1.0,0.0,0.0,-1,34,21392.01,0.08,1.0,0.0,0.0,0.0,0,0,0.0,0.0,0,0,0.0,21392.01,1,0,0.0,21392.01,1,0,0.0,0
LGS2ORD0022103,C014886,2025-06-25 01:00:00,Female,31,Gold,TV,Khon Kaen,581,TV_Show,COD,1,6,2,0,30-40,19.366666666666667,6.0,0.0,0.0,-1,13,2947.7949999999996,0.33,0.3333333333333333,0.5,0.0,0.0,0,0,0.0,751.35,1,0,0.0,8713.42,3,0,0.0,17686.769999999997,6,0,0.0,0
LGS2ORD0022104,C016787,2025-06-25 01:00:00,Male,43,Bronze,TV,Nakhon Ratchasima,1498,Web,COD,1,6,2,0,40-50,49.93333333333333,3.0,0.0,0.0,-1,43,2755.1866666666665,0.18,0.3333333333333333,0.0,0.0,0.0,0,0,0.0,0.0,0,0,0.0,8265.56,3,0,0.0,8265.56,3,0,0.0,0
LGS2ORD0022105,C010671,2025-06-25 01:00:00,Male,39,Silver,TV,Bangkok,1090,TV_Show,Credit_Card,1,6,2,0,30-40,36.333333333333336,0.0,0.0,0.0,-1,-1,0.0,0.0,0.0,0.0,0.0,0.0,0,0,0.0,0.0,0,0,0.0,0.0,0,0,0.0,0.0,0,0,0.0,0
LGS2ORD0022106,C015750,2025-06-25 01:00:00,Female,46,Gold,Lazada,Bangkok,852,Web,COD,1,6,2,0,40-50,28.4,5.0,2.0,0.4,113,122,3174.76,0.28,0.6,0.4,0.0,0.0,0,0,0.0,0.0,0,0,0.0,0.0,0,0,0.0,15873.800000000001,5,2,0.4,0
LGS2ORD0022107,C012844,2025-06-25 02:00:00,Female,24,Bronze,TV,Chonburi,1029,Shopee,Bank_Transfer,2,6,2,0,20-30,34.3,2.0,0.0,0.0,-1,65,13515.665,0.13,0.0,0.0,0.0,0.0,0,0,0.0,0.0,0,0,0.0,1965.74,1,0,0.0,27031.33,2,0,0.0,0
LGS2ORD0022108,C013230,2025-06-25 02:00:00,Male,54,Bronze,TV,Nakhon Ratchasima,1175,TV_Show,Credit_Card,2,6,2,0,>50,39.166666666666664,2.0,0.0,0.0,-1,77,3678.43,0.28,0.0,0.5,0.0,0.0,0,0,0.0,0.0,0,0,0.0,3737.74,1,0,0.0,7356.86,2,0,0.0,0
LGS2ORD0022109,C016864,2025-06-25 02:00:00,Female,56,Bronze,CallCenter,Nakhon Ratchasima,1247,Web,COD,2,6,2,0,>50,41.56666666666667,3.0,1.0,0.3333333333333333,51,31,10588.386666666667,0.23,1.0,0.3333333333333333,0.0,0.0,0,0,0.0,0.0,0,0,0.0,2704.1800000000003,2,1,0.5,31765.16,3,1,0.3333333333333333,0
LGS2ORD0022110,C011091,2025-06-25 02:00:00,Female,45,Silver,TV,Khon Kaen,719,Web,PromptPay,2,6,2,0,40-50,23.966666666666665,1.0,0.0,0.0,-1,154,1721.87,0.1,0.0,0.0,0.0,0.0,0,0,0.0,0.0,0,0,0.0,0.0,0,0,0.0,1721.87,1,0,0.0,0
LGS2ORD0022111,C011843,2025-06-25 02:00:00,Female,34,Silver,Shopee,Chiang Mai,598,TV_Show,Credit_Card,2,6,2,0,30-40,19.933333333333334,2.0,1.0,0.5,164,84,3351.5199999999995,0.2,0.5,0.0,0.0,0.0,0,0,0.0,0.0,0,0,0.0,4596.98,1,0,0.0,6703.039999999999,2,1,0.5,1
LGS2ORD0022112,C015778,2025-06-25 03:00:00,Female,38,Gold,Web,Khon Kaen,1356,Web,COD,3,6,2,0,30-40,45.2,2.0,0.0,0.0,-1,35,2192.41,0.28,0.5,0.5,0.0,0.0,0,0,0.0,0.0,0,0,0.0,3862.97,1,0,0.0,4384.82,2,0,0.0,0
LGS2ORD0022113,C016710,2025-06-25 03:00:00,Male,40,Bronze,TV,Chiang Mai,208,CallCenter,COD,3,6,2,0,30-40,6.933333333333334,4.0,0.0,0.0,-1,7,4562.6625,0.23,0.5,0.5,0.0,0.0,0,0,0.0,8316.86,2,0,0.0,10461.8,3,0,0.0,18250.65,4,0,0.0,0
LGS2ORD0022114,C011520,2025-06-25 03:00:00,Male,59,Bronze,Shopee,Songkhla,1416,CallCenter,Bank_Transfer,3,6,2,0,>50,47.2,5.0,1.0,0.2,45,17,3804.9619999999995,0.28,0.4,0.4,0.0,0.0,0,0,0.0,2255.28,1,0,0.0,13941.76,3,1,0.3333333333333333,19024.809999999998,5,1,0.2,1
LGS2ORD0022115,C011028,2025-06-25 03:00:00,Female,35,Platinum,Shopee,Bangkok,765,Shopee,COD,3,6,2,0,30-40,25.5,1.0,0.0,0.0,-1,81,644.24,0.3,0.0,1.0,0.0,0.0,0,0,0.0,0.0,0,0,0.0,644.24,1,0,0.0,644.24,1,0,0.0,0
LGS2ORD0022116,C013083,2025-06-25 03:00:00,Female,40,Gold,Web,Bangkok,262,Shopee,Bank_Transfer,3,6,2,0,30-40,8.733333333333333,2.0,0.0,0.0,-1,59,1200.74,0.28,0.0,0.5,0.0,0.0,0,0,0.0,0.0,0,0,0.0,1065.06,1,0,0.0,2401.48,2,0,0.0,0
LGS2ORD0022117,C011371,2025-06-25 03:00:00,Female,44,Silver,Web,Chonburi,1320,TV_Show,Bank_Transfer,3,6,2,0,40-50,44.0,0.0,0.0,0.0,-1,-1,0.0,0.0,0.0,0.0,0.0,0.0,0,0,0.0,0.0,0,0,0.0,0.0,0,0,0.0,0.0,0,0,0.0,0
LGS2ORD0022118,C011907,2025-06-25 04:00:00,Male,41,Gold,TV,Phuket,1386,Web,Bank_Transfer,4,6,2,0,40-50,46.2,2.0,0.0,0.0,-1,28,3930.895,0.08,0.5,0.0,0.0,0.0,0,0,0.0,5265.91,1,0,0.0,7861.79,2,0,0.0,7861.79,2,0,0.0,0
LGS2ORD0022119,C015551,2025-06-25 04:00:00,Female,48,Bronze,CallCenter,Khon Kaen,500,Web,Credit_Card,4,6,2,0,40-50,16.666666666666668,2.0,0.0,0.0,-1,10,4220.795,0.18,0.5,0.0,0.0,0.0,0,0,0.0,2456.39,1,0,0.0,2456.39,1,0,0.0,8441.59,2,0,0.0,0
LGS2ORD0022120,C014018,2025-06-25 04:00:00,Male,37,Gold,Web,Bangkok,446,Shopee,COD,4,6,2,0,30-40,14.866666666666667,2.0,1.0,0.5,106,111,22141.35,0.28,0.0,0.5,0.0,0.0,0,0,0.0,0.0,0,0,0.0,0.0,0,0,0.0,44282.7,2,1,0.5,1
LGS2ORD0022121,C016700,2025-06-25 04:00:00,Female,39,Gold,Lazada,Khon Kaen,1224,Lazada,COD,4,6,2,0,30-40,40.8,2.0,0.0,0.0,-1,117,7949.65,0.08,0.0,0.0,0.0,0.0,0,0,0.0,0.0,0,0,0.0,0.0,0,0,0.0,15899.3,2,0,0.0,0
LGS2ORD0022122,C016887,2025-06-25 04:00:00,Male,44,Silver,CallCenter,Bangkok,1179,TV_Show,PromptPay,4,6,2,0,40-50,39.3,3.0,0.0,0.0,-1,34,3107.8933333333334,0.15,0.3333333333333333,0.0,0.0,0.0,0,0,0.0,0.0,0,0,0.0,7267.120000000001,2,0,0.0,9323.68,3,0,0.0,0
LGS2ORD0022123,C017785,2025-06-25 05:00:00,Female,58,Silver,Lazada,Khon Kaen,982,Shopee,COD,5,6,2,0,>50,32.733333333333334,1.0,0.0,0.0,-1,106,5373.01,0.05,1.0,0.0,0.0,0.0,0,0,0.0,0.0,0,0,0.0,0.0,0,0,0.0,5373.01,1,0,0.0,0
LGS2ORD0022124,C010206,2025-06-25 05:00:00,Other,46,Silver,Web,Chiang Mai,720,Web,COD,5,6,2,0,40-50,24.0,3.0,2.0,0.6666666666666666,109,121,2870.5633333333335,0.3,1.0,0.3333333333333333,0.0,0.0,0,0,0.0,0.0,0,0,0.0,0.0,0,0,0.0,8611.69,3,2,0.6666666666666666,0
LGS2ORD0022125,C014000,2025-06-25 05:00:00,Female,54,Bronze,Shopee,Bangkok,561,CallCenter,PromptPay,5,6,2,0,>50,18.7,5.0,0.0,0.0,-1,7,7214.767999999999,0.23,0.6,0.4,0.0,0.0,0,0,0.0,822.78,1,0,0.0,5847.41,2,0,0.0,36073.84,5,0,0.0,1
LGS2ORD0022126,C011769,2025-06-25 05:00:00,Female,46,Gold,Shopee,Chiang Mai,842,Lazada,COD,5,6,2,0,40-50,28.066666666666666,2.0,0.0,0.0,-1,5,560.72,0.13,0.5,0.0,0.0,837.94,1,0,0.0,837.94,1,0,0.0,837.94,1,0,0.0,1121.44,2,0,0.0,1
LGS2ORD0022127,C017034,2025-06-25 05:00:00,Female,28,Bronze,Shopee,Songkhla,659,Shopee,COD,5,6,2,0,20-30,21.966666666666665,9.0,4.0,0.4444444444444444,12,20,3956.304444444444,0.23,0.3333333333333333,0.1111111111111111,0.0,0.0,0,0,0.0,607.88,1,1,1.0,13588.399999999998,4,2,0.5,35606.74,9,4,0.4444444444444444,0
LGS2ORD0022128,C013690,2025-06-25 06:00:00,Male,42,Silver,Web,Chiang Mai,1487,Web,Bank_Transfer,6,6,2,0,40-50,49.56666666666667,1.0,1.0,1.0,22,26,1204.63,0.1,1.0,0.0,0.0,0.0,0,0,0.0,1204.63,1,1,1.0,1204.63,1,1,1.0,1204.63,1,1,1.0,0
LGS2ORD0022129,C010804,2025-06-25 06:00:00,Male,18,Gold,Web,Bangkok,478,Shopee,COD,6,6,2,0,<20,15.933333333333334,1.0,0.0,0.0,-1,34,3437.64,0.13,0.0,0.0,0.0,0.0,0,0,0.0,0.0,0,0,0.0,3437.64,1,0,0.0,3437.64,1,0,0.0,0
LGS2ORD0022130,C013309,2025-06-25 06:00:00,Male,47,Silver,TV,Songkhla,356,Web,Credit_Card,6,6,2,0,40-50,11.866666666666667,1.0,0.0,0.0,-1,152,3156.07,0.1,0.0,0.0,0.0,0.0,0,0,0.0,0.0,0,0,0.0,0.0,0,0,0.0,3156.07,1,0,0.0,0
LGS2ORD0022131,C017437,2025-06-25 06:00:00,Female,36,Platinum,CallCenter,Chiang Mai,843,Shopee,COD,6,6,2,0,30-40,28.1,1.0,0.0,0.0,-1,135,138.74,0.25,0.0,1.0,0.0,0.0,0,0,0.0,0.0,0,0,0.0,0.0,0,0,0.0,138.74,1,0,0.0,0
LGS2ORD0022132,C013787,2025-06-25 06:00:00,Female,46,Bronze,Shopee,Bangkok,393,TV_Show,COD,6,6,2,0,40-50,13.1,2.0,0.0,0.0,-1,40,9997.895,0.23,0.5,0.5,0.0,0.0,0,0,0.0,0.0,0,0,0.0,18321.71,1,0,0.0,19995.79,2,0,0.0,0
LGS2ORD0022133,C013662,2025-06-25 06:00:00,Female,39,Silver,Web,Bangkok,368,CallCenter,Credit_Card,6,6,2,0,30-40,12.266666666666667,0.0,0.0,0.0,-1,-1,0.0,0.0,0.0,0.0,0.0,0.0,0,0,0.0,0.0,0,0,0.0,0.0,0,0,0.0,0.0,0,0,0.0,0
LGS2ORD0022134,C016467,2025-06-25 07:00:00,Female,29,Gold,Shopee,Khon Kaen,1586,TV_Show,PromptPay,7,6,2,0,20-30,52.86666666666667,6.0,1.0,0.16666666666666666,43,6,2072.5849999999996,0.33,0.6666666666666666,0.3333333333333333,0.0,366.99,1,0,0.0,549.71,2,0,0.0,6941.05,4,1,0.25,12435.509999999998,6,1,0.16666666666666666,0
LGS2ORD0022135,C010670,2025-06-25 07:00:00,Female,48,Bronze,TV,Khon Kaen,1468,TV_Show,COD,7,6,2,0,40-50,48.93333333333333,0.0,0.0,0.0,-1,-1,0.0,0.0,0.0,0.0,0.0,0.0,0,0,0.0,0.0,0,0,0.0,0.0,0,0,0.0,0.0,0,0,0.0,0
LGS2ORD0022136,C012425,2025-06-25 07:00:00,Male,49,Gold,TV,Nakhon Ratchasima,1261,CallCenter,PromptPay,7,6,2,0,40-50,42.03333333333333,4.0,1.0,0.25,84,41,4016.5875000000005,0.28,1.0,1.0,0.0,0.0,0,0,0.0,0.0,0,0,0.0,5966.99,2,0,0.0,16066.350000000002,4,1,0.25,0
LGS2ORD0022137,C016712,2025-06-25 07:00:00,Male,30,Platinum,Web,Chiang Mai,1470,Web,Credit_Card,7,6,2,0,20-30,49.0,2.0,0.0,0.0,-1,105,8439.2,0.3,1.0,0.5,0.0,0.0,0,0,0.0,0.0,0,0,0.0,0.0,0,0,0.0,16878.4,2,0,0.0,1
LGS2ORD0022138,C016114,2025-06-25 07:00:00,Female,53,Bronze,Web,Bangkok,502,TV_Show,COD,7,6,2,0,>50,16.733333333333334,4.0,1.0,0.25,77,73,5056.92,0.23,0.0,0.5,0.0,0.0,0,0,0.0,0.0,0,0,0.0,8565.849999999999,2,1,0.5,20227.68,4,1,0.25,0
LGS2ORD0022139,C014449,2025-06-25 08:00:00,Male,32,Silver,TV,Khon Kaen,659,Web,COD,8,6,2,0,30-40,21.966666666666665,5.0,1.0,0.2,-9,1,7921.026,0.3,0.6,0.4,0.0,24416.44,1,1,1.0,24416.44,1,1,1.0,25497.03,2,1,0.5,39605.13,5,1,0.2,1
LGS2ORD0022140,C017444,2025-06-25 08:00:00,Male,54,Bronze,TV,Chiang Mai,597,TV_Show,COD,8,6,2,0,>50,19.9,8.0,2.0,0.25,108,39,7641.63875,0.28,0.625,0.25,0.0,0.0,0,0,0.0,0.0,0,0,0.0,38442.21,3,0,0.0,61133.11,8,2,0.25,0
LGS2ORD0022141,C017212,2025-06-25 08:00:00,Female,54,Bronze,CallCenter,Phuket,1632,Web,Credit_Card,8,6,2,0,>50,54.4,5.0,0.0,0.0,-1,2,5411.528,0.28,0.4,0.2,0.0,13390.02,1,0,0.0,13390.02,1,0,0.0,14717.03,2,0,0.0,27057.64,5,0,0.0,0
LGS2ORD0022142,C013779,2025-06-25 08:00:00,Male,39,Silver,TV,Chonburi,1533,Web,COD,8,6,2,0,30-40,51.1,2.0,0.0,0.0,-1,22,11641.475,0.25,0.5,0.5,0.0,0.0,0,0,0.0,1516.5,1,0,0.0,1516.5,1,0,0.0,23282.95,2,0,0.0,0
LGS2ORD0022143,C016294,2025-06-25 08:00:00,Male,32,Silver,CallCenter,Bangkok,631,CallCenter,COD,8,6,2,0,30-40,21.033333333333335,3.0,0.0,0.0,-1,56,5093.96,0.3,0.6666666666666666,0.3333333333333333,0.0,0.0,0,0,0.0,0.0,0,0,0.0,15281.88,3,0,0.0,15281.88,3,0,0.0,0
LGS2ORD0022144,C010915,2025-06-25 09:00:00,Male,47,Bronze,Lazada,Bangkok,1245,Lazada,PromptPay,9,6,2,0,40-50,41.5,4.0,1.0,0.25,128,26,5233.9574999999995,0.23,0.5,0.25,0.0,0.0,0,0,0.0,2507.5,1,0,0.0,2507.5,1,0,0.0,20935.829999999998,4,1,0.25,0
LGS2ORD0022145,C017477,2025-06-25 09:00:00,Male,33,Silver,Lazada,Nakhon Ratchasima,268,Shopee,COD,9,6,2,0,30-40,8.933333333333334,6.0,2.0,0.3333333333333333,-7,1,5414.05,0.25,0.8333333333333334,0.3333333333333333,0.0,5447.31,1,1,1.0,12575.970000000001,2,1,0.5,12575.970000000001,2,1,0.5,32484.300000000003,6,2,0.3333333333333333,1
LGS2ORD0022146,C013779,2025-06-25 09:00:00,Male,39,Silver,TV,Chonburi,1533,Shopee,COD,9,6,2,0,30-40,51.1,3.0,0.0,0.0,-1,0,10525.423333333334,0.25,0.6666666666666666,0.3333333333333333,0.0,8293.32,1,0,0.0,9809.82,2,0,0.0,9809.82,2,0,0.0,31576.27,3,0,0.0,0
LGS2ORD0022147,C011757,2025-06-25 09:00:00,Male,28,Silver,Lazada,Bangkok,1043,CallCenter,PromptPay,9,6,2,0,20-30,34.766666666666666,1.0,0.0,0.0,-1,117,5112.59,0.05,0.0,0.0,0.0,0.0,0,0,0.0,0.0,0,0,0.0,0.0,0,0,0.0,5112.59,1,0,0.0,0
LGS2ORD0022148,C015203,2025-06-25 09:00:00,Female,44,Gold,TV,Bangkok,684,Shopee,Credit_Card,9,6,2,0,40-50,22.8,6.0,1.0,0.16666666666666666,66,3,1884.9533333333331,0.28,0.6666666666666666,0.3333333333333333,0.0,257.07,1,0,0.0,257.07,1,0,0.0,7700.48,3,1,0.3333333333333333,11309.72,6,1,0.16666666666666666,1
LGS2ORD0022149,C016988,2025-06-25 10:00:00,Male,36,Bronze,TV,Phuket,969,TV_Show,Credit_Card,10,6,2,0,30-40,32.3,4.0,2.0,0.5,97,85,5383.522499999999,0.23,0.75,0.25,0.0,0.0,0,0,0.0,0.0,0,0,0.0,4100.9,1,0,0.0,21534.089999999997,4,2,0.5,0
LGS2ORD0022150,C013495,2025-06-25 10:00:00,Female,27,Silver,Lazada,Chonburi,763,CallCenter,COD,10,6,2,0,20-30,25.433333333333334,1.0,0.0,0.0,-1,169,8573.57,0.1,1.0,0.0,0.0,0.0,0,0,0.0,0.0,0,0,0.0,0.0,0,0,0.0,8573.57,1,0,0.0,1
LGS2ORD0022151,C014893,2025-06-25 10:00:00,Female,29,Bronze,Shopee,Phuket,717,Web,COD,10,6,2,0,20-30,23.9,5.0,0.0,0.0,-1,22,7187.637999999999,0.28,0.2,0.6,0.0,0.0,0,0,0.0,21021.28,2,0,0.0,21021.28,2,0,0.0,35938.189999999995,5,0,0.0,0
LGS2ORD0022152,C016853,2025-06-25 10:00:00,Female,35,Bronze,Web,Khon Kaen,1030,Lazada,COD,10,6,2,0,30-40,34.333333333333336,0.0,0.0,0.0,-1,-1,0.0,0.0,0.0,0.0,0.0,0.0,0,0,0.0,0.0,0,0,0.0,0.0,0,0,0.0,0.0,0,0,0.0,1
LGS2ORD0022153,C015507,2025-06-25 10:00:00,Male,23,Platinum,TV,Bangkok,1192,Lazada,COD,10,6,2,0,20-30,39.733333333333334,2.0,0.0,0.0,-1,81,3497.6800000000003,0.35,1.0,1.0,0.0,0.0,0,0,0.0,0.0,0,0,0.0,6995.360000000001,2,0,0.0,6995.360000000001,2,0,0.0,0
LGS2ORD0022154,C016290,2025-06-25 10:00:00,Female,49,Bronze,Shopee,Chonburi,1169,CallCenter,COD,10,6,2,0,40-50,38.96666666666667,2.0,0.0,0.0,-1,10,1322.755,0.08,0.5,0.0,0.0,0.0,0,0,0.0,1161.62,1,0,0.0,2645.51,2,0,0.0,2645.51,2,0,0.0,1
LGS2ORD0022155,C013975,2025-06-25 11:00:00,Male,22,Silver,Lazada,Chonburi,218,Web,Bank_Transfer,11,6,2,0,20-30,7.266666666666667,5.0,2.0,0.4,41,51,4494.352000000001,0.2,0.8,0.0,0.0,0.0,0,0,0.0,0.0,0,0,0.0,14054.27,2,1,0.5,22471.760000000002,5,2,0.4,0
LGS2ORD0022156,C014023,2025-06-25 11:00:00,Male,55,Silver,Shopee,Nakhon Ratchasima,1115,TV_Show,Credit_Card,11,6,2,0,>50,37.166666666666664,1.0,1.0,1.0,129,138,4173.9,0.1,1.0,0.0,0.0,0.0,0,0,0.0,0.0,0,0,0.0,0.0,0,0,0.0,4173.9,1,1,1.0,0
LGS2ORD0022157,C012333,2025-06-25 11:00:00,Male,42,Bronze,TV,Songkhla,1050,CallCenter,Credit_Card,11,6,2,0,40-50,35.0,2.0,1.0,0.5,33,40,4120.175,0.28,1.0,1.0,0.0,0.0,0,0,0.0,0.0,0,0,0.0,8240.35,2,1,0.5,8240.35,2,1,0.5,0
LGS2ORD0022158,C015232,2025-06-25 11:00:00,Female,46,Bronze,TV,Bangkok,891,Web,PromptPay,11,6,2,0,40-50,29.7,3.0,1.0,0.3333333333333333,37,1,2430.3966666666665,0.18,0.3333333333333333,0.0,0.0,1718.24,1,0,0.0,5504.95,2,0,0.0,7291.19,3,1,0.3333333333333333,7291.19,3,1,0.3333333333333333,0
LGS2ORD0022159,C012601,2025-06-25 11:00:00,Male,22,Gold,Shopee,Bangkok,1385,Web,COD,11,6,2,0,20-30,46.166666666666664,1.0,0.0,0.0,-1,138,860.85,0.28,0.0,1.0,0.0,0.0,0,0,0.0,0.0,0,0,0.0,0.0,0,0,0.0,860.85,1,0,0.0,1
LGS2ORD0022160,C014663,2025-06-25 12:00:00,Other,30,Bronze,Web,Chonburi,1377,CallCenter,COD,12,6,2,0,20-30,45.9,1.0,0.0,0.0,-1,135,4525.92,0.23,0.0,1.0,0.0,0.0,0,0,0.0,0.0,0,0,0.0,0.0,0,0,0.0,4525.92,1,0,0.0,0
LGS2ORD0022161,C011193,2025-06-25 12:00:00,Male,35,Gold,Shopee,Bangkok,772,Lazada,Credit_Card,12,6,2,0,30-40,25.733333333333334,1.0,0.0,0.0,-1,15,4133.95,0.13,0.0,0.0,0.0,0.0,0,0,0.0,4133.95,1,0,0.0,4133.95,1,0,0.0,4133.95,1,0,0.0,0
LGS2ORD0022162,C011160,2025-06-25 12:00:00,Female,41,Bronze,Shopee,Songkhla,1220,Shopee,Bank_Transfer,12,6,2,0,40-50,40.666666666666664,0.0,0.0,0.0,-1,-1,0.0,0.0,0.0,0.0,0.0,0.0,0,0,0.0,0.0,0,0,0.0,0.0,0,0,0.0,0.0,0,0,0.0,1
LGS2ORD0022163,C013662,2025-06-25 12:00:00,Female,39,Silver,Web,Bangkok,368,Shopee,Credit_Card,12,6,2,0,30-40,12.266666666666667,1.0,0.0,0.0,-1,0,2486.39,0.2,0.0,0.0,0.0,2486.39,1,0,0.0,2486.39,1,0,0.0,2486.39,1,0,0.0,2486.39,1,0,0.0,1
LGS2ORD0022164,C010254,2025-06-25 12:00:00,Other,31,Bronze,Lazada,Chonburi,920,Lazada,Credit_Card,12,6,2,0,30-40,30.666666666666668,1.0,1.0,1.0,131,142,3429.6,0.28,1.0,1.0,0.0,0.0,0,0,0.0,0.0,0,0,0.0,0.0,0,0,0.0,3429.6,1,1,1.0,1
LGS2ORD0022165,C016857,2025-06-25 13:00:00,Female,43,Bronze,TV,Songkhla,807,TV_Show,Bank_Transfer,13,6,2,0,40-50,26.9,0.0,0.0,0.0,-1,-1,0.0,0.0,0.0,0.0,0.0,0.0,0,0,0.0,0.0,0,0,0.0,0.0,0,0,0.0,0.0,0,0,0.0,1
LGS2ORD0022166,C010674,2025-06-25 13:00:00,Female,47,Gold,Shopee,Bangkok,579,CallCenter,COD,13,6,2,0,40-50,19.3,1.0,1.0,1.0,-2,10,741.53,0.13,1.0,0.0,0.0,0.0,0,0,0.0,741.53,1,1,1.0,741.53,1,1,1.0,741.53,1,1,1.0,0
LGS2ORD0022167,C014311,2025-06-25 13:00:00,Female,46,Bronze,Web,Chiang Mai,905,Shopee,Credit_Card,13,6,2,0,40-50,30.166666666666668,3.0,2.0,0.6666666666666666,-2,4,8518.48,0.23,0.3333333333333333,0.3333333333333333,0.0,15028.24,1,1,1.0,15028.24,1,1,1.0,23751.62,2,2,1.0,25555.44,3,2,0.6666666666666666,0
LGS2ORD0022168,C011463,2025-06-25 13:00:00,Female,51,Bronze,TV,Bangkok,1472,TV_Show,COD,13,6,2,0,>50,49.06666666666667,1.0,0.0,0.0,-1,157,16194.24,0.18,1.0,0.0,0.0,0.0,0,0,0.0,0.0,0,0,0.0,0.0,0,0,0.0,16194.24,1,0,0.0,0
LGS2ORD0022169,C013000,2025-06-25 13:00:00,Female,43,Silver,TV,Chiang Mai,1340,Web,PromptPay,13,6,2,0,40-50,44.666666666666664,3.0,1.0,0.3333333333333333,37,23,2734.3500000000004,0.1,0.0,0.0,0.0,0.0,0,0,0.0,772.52,1,0,0.0,8203.050000000001,3,1,0.3333333333333333,8203.050000000001,3,1,0.3333333333333333,0
LGS2ORD0022170,C012490,2025-06-25 14:00:00,Female,52,Bronze,TV,Remote_Area,205,TV_Show,Credit_Card,14,6,2,0,>50,6.833333333333333,8.0,2.0,0.25,-4,4,2336.63625,0.23,0.375,0.375,0.0,3040.48,1,1,1.0,4795.78,2,1,0.5,11358.83,6,2,0.3333333333333333,18693.09,8,2,0.25,0
LGS2ORD0022171,C010999,2025-06-25 14:00:00,Male,49,Bronze,TV,Khon Kaen,1576,Web,Credit_Card,14,6,2,0,40-50,52.53333333333333,1.0,0.0,0.0,-1,96,8581.96,0.03,1.0,0.0,0.0,0.0,0,0,0.0,0.0,0,0,0.0,0.0,0,0,0.0,8581.96,1,0,0.0,0
LGS2ORD0022172,C014420,2025-06-25 14:00:00,Female,56,Silver,Shopee,Bangkok,523,Lazada,Bank_Transfer,14,6,2,0,>50,17.433333333333334,2.0,2.0,1.0,57,67,15303.095,0.05,0.0,0.0,0.0,0.0,0,0,0.0,0.0,0,0,0.0,26500.55,1,1,1.0,30606.19,2,2,1.0,0
LGS2ORD0022173,C016418,2025-06-25 14:00:00,Male,38,Bronze,Shopee,Bangkok,490,Lazada,COD,14,6,2,0,30-40,16.333333333333332,1.0,1.0,1.0,77,89,777.97,0.23,1.0,1.0,0.0,0.0,0,0,0.0,0.0,0,0,0.0,777.97,1,1,1.0,777.97,1,1,1.0,1
LGS2ORD0022174,C017716,2025-06-25 14:00:00,Female,30,Platinum,Web,Bangkok,897,TV_Show,COD,14,6,2,0,20-30,29.9,2.0,0.0,0.0,-1,55,3033.975,0.1,1.0,0.0,0.0,0.0,0,0,0.0,0.0,0,0,0.0,2414.18,1,0,0.0,6067.95,2,0,0.0,0
LGS2ORD0022175,C015525,2025-06-25 14:00:00,Female,32,Silver,Web,Chiang Mai,1627,Web,PromptPay,14,6,2,0,30-40,54.233333333333334,1.0,1.0,1.0,119,131,489.43,0.15,1.0,0.0,0.0,0.0,0,0,0.0,0.0,0,0,0.0,0.0,0,0,0.0,489.43,1,1,1.0,1
LGS2ORD0022176,C010908,2025-06-25 15:00:00,Male,31,Bronze,TV,Chiang Mai,626,Lazada,Credit_Card,15,6,2,0,30-40,20.866666666666667,1.0,0.0,0.0,-1,129,27154.03,0.03,1.0,0.0,0.0,0.0,0,0,0.0,0.0,0,0,0.0,0.0,0,0,0.0,27154.03,1,0,0.0,1
LGS2ORD0022177,C015122,2025-06-25 15:00:00,Female,64,Bronze,TV,Songkhla,362,Shopee,COD,15,6,2,0,>50,12.066666666666666,0.0,0.0,0.0,-1,-1,0.0,0.0,0.0,0.0,0.0,0.0,0,0,0.0,0.0,0,0,0.0,0.0,0,0,0.0,0.0,0,0,0.0,0
LGS2ORD0022178,C015388,2025-06-25 15:00:00,Female,62,Platinum,Web,Bangkok,245,TV_Show,Credit_Card,15,6,2,0,>50,8.166666666666666,1.0,1.0,1.0,137,151,2358.56,0.1,1.0,0.0,0.0,0.0,0,0,0.0,0.0,0,0,0.0,0.0,0,0,0.0,2358.56,1,1,1.0,0
LGS2ORD0022179,C014198,2025-06-25 15:00:00,Male,37,Gold,Shopee,Khon Kaen,636,TV_Show,Credit_Card,15,6,2,0,30-40,21.2,4.0,1.0,0.25,7,5,2019.9249999999997,0.28,0.75,0.25,0.0,1453.78,1,0,0.0,2115.77,2,1,0.5,7360.799999999999,3,1,0.3333333333333333,8079.699999999999,4,1,0.25,0
LGS2ORD0022180,C014705,2025-06-25 15:00:00,Male,32,Platinum,Lazada,Bangkok,1622,Lazada,COD,15,6,2,0,30-40,54.06666666666667,1.0,0.0,0.0,-1,108,1216.02,0.15,0.0,0.0,0.0,0.0,0,0,0.0,0.0,0,0,0.0,0.0,0,0,0.0,1216.02,1,0,0.0,0
LGS2ORD0022181,C017535,2025-06-25 16:00:00,Male,52,Gold,Web,Bangkok,907,CallCenter,Credit_Card,16,6,2,0,>50,30.233333333333334,3.0,0.0,0.0,-1,33,8431.343333333332,0.33,0.0,0.6666666666666666,0.0,0.0,0,0,0.0,0.0,0,0,0.0,25294.03,3,0,0.0,25294.03,3,0,0.0,0
LGS2ORD0022182,C015245,2025-06-25 16:00:00,Male,42,Gold,TV,Songkhla,1060,CallCenter,COD,16,6,2,0,40-50,35.333333333333336,3.0,0.0,0.0,-1,55,7283.893333333333,0.08,0.0,0.0,0.0,0.0,0,0,0.0,0.0,0,0,0.0,18311.22,2,0,0.0,21851.68,3,0,0.0,1
LGS2ORD0022183,C015299,2025-06-25 16:00:00,Male,41,Bronze,CallCenter,Bangkok,1630,TV_Show,COD,16,6,2,0,40-50,54.333333333333336,3.0,0.0,0.0,-1,0,3711.0933333333337,0.28,1.0,0.3333333333333333,0.0,1516.34,1,0,0.0,10752.08,2,0,0.0,10752.08,2,0,0.0,11133.28,3,0,0.0,0
LGS2ORD0022184,C012239,2025-06-25 16:00:00,Male,47,Silver,Shopee,Remote_Area,1636,Web,COD,16,6,2,0,40-50,54.53333333333333,6.0,3.0,0.5,40,16,3433.7516666666666,0.3,0.5,0.5,0.0,0.0,0,0,0.0,1048.12,1,0,0.0,4065.03,3,2,0.6666666666666666,20602.51,6,3,0.5,0
LGS2ORD0022185,C011542,2025-06-25 16:00:00,Female,34,Bronze,TV,Songkhla,327,Web,Bank_Transfer,16,6,2,0,30-40,10.9,1.0,0.0,0.0,-1,31,5592.08,0.18,0.0,0.0,0.0,0.0,0,0,0.0,0.0,0,0,0.0,5592.08,1,0,0.0,5592.08,1,0,0.0,0
LGS2ORD0022186,C017487,2025-06-25 17:00:00,Male,36,Bronze,TV,Chiang Mai,375,CallCenter,Credit_Card,17,6,2,0,30-40,12.5,1.0,0.0,0.0,-1,23,2543.08,0.08,0.0,0.0,0.0,0.0,0,0,0.0,2543.08,1,0,0.0,2543.08,1,0,0.0,2543.08,1,0,0.0,0
LGS2ORD0022187,C014731,2025-06-25 17:00:00,Male,37,Silver,TV,Nakhon Ratchasima,1261,Web,PromptPay,17,6,2,0,30-40,42.03333333333333,4.0,0.0,0.0,-1,44,13123.3025,0.2,0.5,0.0,0.0,0.0,0,0,0.0,0.0,0,0,0.0,35101.42,3,0,0.0,52493.21,4,0,0.0,0
LGS2ORD0022188,C017225,2025-06-25 17:00:00,Female,39,Bronze,Shopee,Chiang Mai,1207,TV_Show,COD,17,6,2,0,30-40,40.233333333333334,3.0,0.0,0.0,-1,140,4680.423333333333,0.13,0.6666666666666666,0.0,0.0,0.0,0,0,0.0,0.0,0,0,0.0,0.0,0,0,0.0,14041.269999999999,3,0,0.0,1
LGS2ORD0022189,C016120,2025-06-25 17:00:00,Female,57,Silver,Web,Bangkok,1038,TV_Show,Credit_Card,17,6,2,0,>50,34.6,2.0,2.0,1.0,26,41,1949.0300000000002,0.25,1.0,0.5,0.0,0.0,0,0,0.0,0.0,0,0,0.0,1560.7,1,1,1.0,3898.0600000000004,2,2,1.0,0
LGS2ORD0022190,C010145,2025-06-25 17:00:00,Male,18,Bronze,Web,Bangkok,1404,TV_Show,Credit_Card,17,6,2,0,<20,46.8,1.0,0.0,0.0,-1,115,26233.64,0.03,0.0,0.0,0.0,0.0,0,0,0.0,0.0,0,0,0.0,0.0,0,0,0.0,26233.64,1,0,0.0,1
LGS2ORD0022191,C013159,2025-06-25 18:00:00,Male,32,Bronze,Lazada,Remote_Area,651,CallCenter,COD,18,6,2,0,30-40,21.7,1.0,0.0,0.0,-1,65,2278.61,0.18,0.0,0.0,0.0,0.0,0,0,0.0,0.0,0,0,0.0,2278.61,1,0,0.0,2278.61,1,0,0.0,0
LGS2ORD0022192,C015739,2025-06-25 18:00:00,Male,50,Bronze,TV,Chiang Mai,724,Lazada,COD,18,6,2,0,40-50,24.133333333333333,3.0,2.0,0.6666666666666666,15,22,5851.683333333333,0.28,1.0,0.6666666666666666,0.0,0.0,0,0,0.0,1471.66,1,1,1.0,1471.66,1,1,1.0,17555.05,3,2,0.6666666666666666,0
LGS2ORD0022193,C017147,2025-06-25 18:00:00,Female,61,Silver,TV,Phuket,1398,Lazada,Credit_Card,18,6,2,0,>50,46.6,6.0,2.0,0.3333333333333333,94,27,1862.5349999999999,0.3,0.16666666666666666,0.3333333333333333,0.0,0.0,0,0,0.0,1735.89,1,0,0.0,1735.89,1,0,0.0,11175.21,6,2,0.3333333333333333,0
LGS2ORD0022194,C011118,2025-06-25 18:00:00,Female,29,Silver,CallCenter,Khon Kaen,1595,Shopee,PromptPay,18,6,2,0,20-30,53.166666666666664,2.0,1.0,0.5,96,59,21396.17,0.2,0.0,0.0,0.0,0.0,0,0,0.0,0.0,0,0,0.0,29566.59,1,0,0.0,42792.34,2,1,0.5,0
LGS2ORD0022195,C013437,2025-06-25 18:00:00,Female,39,Silver,Web,Khon Kaen,978,Shopee,Bank_Transfer,18,6,2,0,30-40,32.6,4.0,0.0,0.0,-1,32,5542.9,0.15,0.25,0.0,0.0,0.0,0,0,0.0,0.0,0,0,0.0,648.17,1,0,0.0,22171.6,4,0,0.0,0
LGS2ORD0022196,C011483,2025-06-25 18:00:00,Female,28,Gold,TV,Songkhla,684,Lazada,Credit_Card,18,6,2,0,20-30,22.8,0.0,0.0,0.0,-1,-1,0.0,0.0,0.0,0.0,0.0,0.0,0,0,0.0,0.0,0,0,0.0,0.0,0,0,0.0,0.0,0,0,0.0,0
LGS2ORD0022197,C013106,2025-06-25 19:00:00,Male,28,Bronze,TV,Nakhon Ratchasima,200,TV_Show,COD,19,6,2,0,20-30,6.666666666666667,5.0,2.0,0.4,28,27,6502.4439999999995,0.23,0.4,0.6,0.0,0.0,0,0,0.0,1981.61,1,0,0.0,27800.67,3,2,0.6666666666666666,32512.219999999998,5,2,0.4,0
LGS2ORD0022198,C015298,2025-06-25 19:00:00,Female,42,Silver,Web,Bangkok,583,Shopee,Credit_Card,19,6,2,0,40-50,19.433333333333334,4.0,1.0,0.25,154,21,7843.755,0.3,0.5,0.25,0.0,0.0,0,0,0.0,419.06,1,0,0.0,3472.52,2,0,0.0,31375.02,4,1,0.25,0
LGS2ORD0022199,C012221,2025-06-25 19:00:00,Female,36,Silver,Web,Bangkok,1071,Shopee,PromptPay,19,6,2,0,30-40,35.7,0.0,0.0,0.0,-1,-1,0.0,0.0,0.0,0.0,0.0,0.0,0,0,0.0,0.0,0,0,0.0,0.0,0,0,0.0,0.0,0,0,0.0,0
LGS2ORD0022200,C017792,2025-06-25 19:00:00,Female,43,Platinum,TV,Chonburi,776,Shopee,COD,19,6,2,0,40-50,25.866666666666667,2.0,0.0,0.0,-1,70,19009.755,0.25,0.0,1.0,0.0,0.0,0,0,0.0,0.0,0,0,0.0,36256.37,1,0,0.0,38019.51,2,0,0.0,0
LGS2ORD0022201,C014339,2025-06-25 19:00:00,Female,48,Bronze,CallCenter,Bangkok,584,Web,COD,19,6,2,0,40-50,19.466666666666665,2.0,0.0,0.0,-1,19,2590.3900000000003,0.08,0.5,0.0,0.0,0.0,0,0,0.0,862.31,1,0,0.0,5180.780000000001,2,0,0.0,5180.780000000001,2,0,0.0,0
LGS2ORD0022202,C016779,2025-06-25 20:00:00,Male,24,Silver,TV,Chonburi,1625,Shopee,Credit_Card,20,6,2,0,20-30,54.166666666666664,2.0,0.0,0.0,-1,49,7023.635,0.2,0.5,0.0,0.0,0.0,0,0,0.0,0.0,0,0,0.0,10751.08,1,0,0.0,14047.27,2,0,0.0,0
LGS2ORD0022203,C010589,2025-06-25 20:00:00,Male,40,Bronze,Web,Songkhla,1236,TV_Show,COD,20,6,2,0,30-40,41.2,2.0,1.0,0.5,112,95,3335.455,0.18,0.5,0.0,0.0,0.0,0,0,0.0,0.0,0,0,0.0,0.0,0,0,0.0,6670.91,2,1,0.5,1
LGS2ORD0022204,C016723,2025-06-25 20:00:00,Female,46,Silver,Web,Nakhon Ratchasima,485,Lazada,Bank_Transfer,20,6,2,0,40-50,16.166666666666668,3.0,0.0,0.0,-1,19,4639.266666666666,0.2,0.0,0.0,0.0,0.0,0,0,0.0,1800.49,1,0,0.0,4767.07,2,0,0.0,13917.8,3,0,0.0,0
LGS2ORD0022205,C012648,2025-06-25 20:00:00,Male,47,Silver,TV,Khon Kaen,512,Web,PromptPay,20,6,2,0,40-50,17.066666666666666,3.0,1.0,0.3333333333333333,128,95,4397.626666666667,0.25,0.6666666666666666,0.3333333333333333,0.0,0.0,0,0,0.0,0.0,0,0,0.0,0.0,0,0,0.0,13192.880000000001,3,1,0.3333333333333333,0
LGS2ORD0022206,C015424,2025-06-25 20:00:00,Male,37,Gold,Web,Khon Kaen,221,Shopee,PromptPay,20,6,2,0,30-40,7.366666666666666,3.0,1.0,0.3333333333333333,4,12,6638.786666666667,0.13,0.6666666666666666,0.0,0.0,0.0,0,0,0.0,3901.44,1,1,1.0,3901.44,1,1,1.0,19916.36,3,1,0.3333333333333333,0
LGS2ORD0022207,C014227,2025-06-25 21:00:00,Female,42,Gold,Shopee,Bangkok,1381,Shopee,Credit_Card,21,6,2,0,40-50,46.03333333333333,0.0,0.0,0.0,-1,-1,0.0,0.0,0.0,0.0,0.0,0.0,0,0,0.0,0.0,0,0,0.0,0.0,0,0,0.0,0.0,0,0,0.0,0
LGS2ORD0022208,C012007,2025-06-25 21:00:00,Male,42,Silver,TV,Bangkok,898,TV_Show,COD,21,6,2,0,40-50,29.933333333333334,2.0,1.0,0.5,158,88,7134.545,0.1,0.5,0.0,0.0,0.0,0,0,0.0,0.0,0,0,0.0,6862.02,1,0,0.0,14269.09,2,1,0.5,0
LGS2ORD0022209,C017927,2025-06-25 21:00:00,Male,46,Bronze,Lazada,Bangkok,911,Web,PromptPay,21,6,2,0,40-50,30.366666666666667,2.0,0.0,0.0,-1,18,7749.92,0.23,0.0,0.5,0.0,0.0,0,0,0.0,2027.02,1,0,0.0,2027.02,1,0,0.0,15499.84,2,0,0.0,1
LGS2ORD0022210,C017069,2025-06-25 21:00:00,Female,35,Silver,TV,Chonburi,497,Lazada,Credit_Card,21,6,2,0,30-40,16.566666666666666,4.0,1.0,0.25,14,13,2340.9500000000003,0.25,1.0,0.25,0.0,0.0,0,0,0.0,3906.17,2,1,0.5,3906.17,2,1,0.5,9363.800000000001,4,1,0.25,0
LGS2ORD0022211,C012167,2025-06-25 21:00:00,Male,35,Gold,Lazada,Bangkok,700,Shopee,Credit_Card,21,6,2,0,30-40,23.333333333333332,4.0,0.0,0.0,-1,18,3012.3050000000003,0.2299999999999999,0.25,0.5,0.0,0.0,0,0,0.0,1633.46,1,0,0.0,8626.89,2,0,0.0,12049.220000000001,4,0,0.0,0
LGS2ORD0022212,C016128,2025-06-25 22:00:00,Male,44,Platinum,Web,Chonburi,271,Shopee,Credit_Card,22,6,2,0,40-50,9.033333333333333,2.0,0.0,0.0,-1,75,8163.7300000000005,0.25,0.0,0.5,0.0,0.0,0,0,0.0,0.0,0,0,0.0,746.45,1,0,0.0,16327.460000000001,2,0,0.0,0
LGS2ORD0022213,C010744,2025-06-25 22:00:00,Female,56,Silver,Web,Khon Kaen,389,TV_Show,COD,22,6,2,0,>50,12.966666666666667,3.0,0.0,0.0,-1,24,4115.033333333334,0.1,0.3333333333333333,0.0,0.0,0.0,0,0,0.0,850.2,1,0,0.0,12345.1,3,0,0.0,12345.1,3,0,0.0,0
LGS2ORD0022214,C017383,2025-06-25 22:00:00,Female,46,Gold,CallCenter,Chonburi,1586,Web,Credit_Card,22,6,2,0,40-50,52.86666666666667,1.0,0.0,0.0,-1,131,2324.97,0.13,0.0,0.0,0.0,0.0,0,0,0.0,0.0,0,0,0.0,0.0,0,0,0.0,2324.97,1,0,0.0,1
LGS2ORD0022215,C010541,2025-06-25 22:00:00,Male,49,Bronze,TV,Remote_Area,1358,Shopee,COD,22,6,2,0,40-50,45.266666666666666,3.0,2.0,0.6666666666666666,136,150,4755.686666666667,0.23,1.0,0.6666666666666666,0.0,0.0,0,0,0.0,0.0,0,0,0.0,0.0,0,0,0.0,14267.060000000001,3,2,0.6666666666666666,1
LGS2ORD0022216,C017345,2025-06-25 22:00:00,Male,47,Bronze,Lazada,Nakhon Ratchasima,1094,Lazada,COD,22,6,2,0,40-50,36.46666666666667,3.0,1.0,0.3333333333333333,112,92,7264.746666666666,0.28,0.6666666666666666,0.3333333333333333,0.0,0.0,0,0,0.0,0.0,0,0,0.0,0.0,0,0,0.0,21794.239999999998,3,1,0.3333333333333333,0
LGS2ORD0022217,C017796,2025-06-25 22:00:00,Female,59,Silver,Web,Phuket,812,Web,Credit_Card,22,6,2,0,>50,27.066666666666666,5.0,2.0,0.4,-4,4,7500.576000000001,0.25,0.8,0.4,0.0,10656.31,1,1,1.0,12141.119999999999,2,1,0.5,29008.840000000004,4,2,0.5,37502.880000000005,5,2,0.4,0
LGS2ORD0022218,C015047,2025-06-25 23:00:00,Male,33,Silver,CallCenter,Phuket,532,Web,COD,23,6,2,0,30-40,17.733333333333334,5.0,3.0,0.6,41,6,2784.486,0.3,0.8,0.6,0.0,7785.25,1,0,0.0,9413.17,2,0,0.0,10844.75,3,1,0.3333333333333333,13922.43,5,3,0.6,0
LGS2ORD0022219,C016184,2025-06-25 23:00:00,Male,40,Bronze,TV,Remote_Area,1030,Lazada,COD,23,6,2,0,30-40,34.333333333333336,6.0,1.0,0.16666666666666666,41,36,5862.606666666667,0.23,0.6666666666666666,0.16666666666666666,0.0,0.0,0,0,0.0,0.0,0,0,0.0,17314.02,3,1,0.3333333333333333,35175.64,6,1,0.16666666666666666,1
LGS2ORD0022220,C011500,2025-06-25 23:00:00,Female,28,Gold,Web,Nakhon Ratchasima,1288,CallCenter,COD,23,6,2,0,20-30,42.93333333333333,3.0,0.0,0.0,-1,103,2458.826666666667,0.2299999999999999,0.0,0.3333333333333333,0.0,0.0,0,0,0.0,0.0,0,0,0.0,0.0,0,0,0.0,7376.4800000000005,3,0,0.0,0
LGS2ORD0022221,C016609,2025-06-25 23:00:00,Male,49,Platinum,Lazada,Bangkok,1157,CallCenter,Credit_Card,23,6,2,0,40-50,38.56666666666667,5.0,0.0,0.0,-1,12,1701.9540000000002,0.35,0.0,0.4,0.0,0.0,0,0,0.0,4874.98,2,0,0.0,6321.43,3,0,0.0,8509.77,5,0,0.0,0
LGS2ORD0022222,C010231,2025-06-25 23:00:00,Female,57,Silver,TV,Songkhla,556,TV_Show,PromptPay,23,6,2,0,>50,18.533333333333335,4.0,1.0,0.25,134,113,2300.115,0.3,0.5,0.5,0.0,0.0,0,0,0.0,0.0,0,0,0.0,0.0,0,0,0.0,9200.46,4,1,0.25,0
LGS2ORD0022223,C017457,2025-06-26 00:00:00,Female,44,Bronze,Lazada,Chonburi,624,Web,COD,0,6,3,0,40-50,20.8,2.0,0.0,0.0,-1,65,958.46,0.23,0.5,0.5,0.0,0.0,0,0,0.0,0.0,0,0,0.0,975.25,1,0,0.0,1916.92,2,0,0.0,0
LGS2ORD0022224,C012456,2025-06-26 00:00:00,Male,29,Bronze,TV,Remote_Area,1340,Lazada,COD,0,6,3,0,20-30,44.666666666666664,6.0,4.0,0.6666666666666666,3,8,4196.936666666666,0.23,0.5,0.16666666666666666,0.0,0.0,0,0,0.0,11584.119999999999,3,2,0.6666666666666666,13346.2,4,3,0.75,25181.619999999995,6,4,0.6666666666666666,0
LGS2ORD0022225,C011721,2025-06-26 00:00:00,Female,46,Gold,Shopee,Bangkok,1075,Web,COD,0,6,3,0,40-50,35.833333333333336,0.0,0.0,0.0,-1,-1,0.0,0.0,0.0,0.0,0.0,0.0,0,0,0.0,0.0,0,0,0.0,0.0,0,0,0.0,0.0,0,0,0.0,0
LGS2ORD0022226,C011989,2025-06-26 00:00:00,Male,32,Bronze,TV,Phuket,1222,Lazada,Credit_Card,0,6,3,0,30-40,40.733333333333334,7.0,1.0,0.14285714285714285,147,15,6238.677142857142,0.28,0.42857142857142855,0.14285714285714285,0.0,0.0,0,0,0.0,3681.7,1,0,0.0,19844.24,5,0,0.0,43670.73999999999,7,1,0.14285714285714285,1
LGS2ORD0022227,C013762,2025-06-26 00:00:00,Male,29,Silver,TV,Remote_Area,1554,TV_Show,Bank_Transfer,0,6,3,0,20-30,51.8,4.0,2.0,0.5,32,47,4923.9,0.2,0.5,0.0,0.0,0.0,0,0,0.0,0.0,0,0,0.0,11690.91,2,1,0.5,19695.6,4,2,0.5,0
LGS2ORD0022228,C016494,2025-06-26 01:00:00,Male,33,Silver,Shopee,Khon Kaen,1110,Shopee,Credit_Card,1,6,3,0,30-40,37.0,3.0,1.0,0.3333333333333333,57,61,6553.156666666667,0.25,0.3333333333333333,0.3333333333333333,0.0,0.0,0,0,0.0,0.0,0,0,0.0,7413.95,2,1,0.5,19659.47,3,1,0.3333333333333333,0
LGS2ORD0022229,C015450,2025-06-26 01:00:00,Female,38,Silver,Shopee,Chonburi,1128,CallCenter,PromptPay,1,6,3,0,30-40,37.6,3.0,1.0,0.3333333333333333,19,28,2780.816666666667,0.3,0.3333333333333333,0.6666666666666666,0.0,0.0,0,0,0.0,4135.45,1,1,1.0,6829.96,2,1,0.5,8342.45,3,1,0.3333333333333333,0
LGS2ORD0022230,C015067,2025-06-26 01:00:00,Male,50,Bronze,Web,Remote_Area,1249,Shopee,COD,1,6,3,0,40-50,41.63333333333333,3.0,1.0,0.3333333333333333,22,15,4221.3,0.03,0.3333333333333333,0.0,0.0,0.0,0,0,0.0,11891.25,2,0,0.0,12663.9,3,1,0.3333333333333333,12663.9,3,1,0.3333333333333333,1
LGS2ORD0022231,C011520,2025-06-26 01:00:00,Male,59,Bronze,Shopee,Songkhla,1417,Lazada,COD,1,6,3,0,>50,47.233333333333334,6.0,2.0,0.3333333333333333,-10,0,3474.6,0.28,0.3333333333333333,0.3333333333333333,0.0,1822.79,1,1,1.0,4078.07,2,1,0.5,15764.55,4,2,0.5,20847.6,6,2,0.3333333333333333,0
LGS2ORD0022232,C015757,2025-06-26 01:00:00,Female,68,Silver,Web,Bangkok,754,Shopee,Credit_Card,1,6,3,0,>50,25.133333333333333,3.0,1.0,0.3333333333333333,13,21,2358.0533333333333,0.15,0.0,0.0,0.0,0.0,0,0,0.0,1591.15,1,1,1.0,4846.67,2,1,0.5,7074.16,3,1,0.3333333333333333,0
LGS2ORD0022233,C015007,2025-06-26 01:00:00,Female,35,Silver,TV,Chonburi,787,Lazada,Credit_Card,1,6,3,0,30-40,26.233333333333334,0.0,0.0,0.0,-1,-1,0.0,0.0,0.0,0.0,0.0,0.0,0,0,0.0,0.0,0,0,0.0,0.0,0,0,0.0,0.0,0,0,0.0,0
LGS2ORD0022234,C010101,2025-06-26 02:00:00,Male,18,Bronze,CallCenter,Chonburi,1546,CallCenter,PromptPay,2,6,3,0,<20,51.53333333333333,2.0,0.0,0.0,-1,9,8537.55,0.18,0.0,0.0,0.0,0.0,0,0,0.0,5042.17,1,0,0.0,5042.17,1,0,0.0,17075.1,2,0,0.0,0
LGS2ORD0022235,C016101,2025-06-26 02:00:00,Female,40,Silver,TV,Phuket,563,CallCenter,COD,2,6,3,0,30-40,18.766666666666666,1.0,1.0,1.0,158,162,567.04,0.2,1.0,0.0,0.0,0.0,0,0,0.0,0.0,0,0,0.0,0.0,0,0,0.0,567.04,1,1,1.0,0
LGS2ORD0022236,C015509,2025-06-26 02:00:00,Female,52,Gold,Shopee,Phuket,832,Lazada,COD,2,6,3,0,>50,27.733333333333334,6.0,1.0,0.16666666666666666,42,5,1215.1233333333332,0.33,0.16666666666666666,0.8333333333333334,0.0,2589.88,1,0,0.0,3818.9900000000002,3,0,0.0,5916.49,5,1,0.2,7290.74,6,1,0.16666666666666666,0
LGS2ORD0022237,C012730,2025-06-26 02:00:00,Female,22,Bronze,TV,Chonburi,321,Shopee,Bank_Transfer,2,6,3,0,20-30,10.7,9.0,1.0,0.1111111111111111,97,4,5098.3422222222225,0.28,0.3333333333333333,0.2222222222222222,0.0,2933.84,2,0,0.0,7338.77,4,0,0.0,39487.66,7,0,0.0,45885.08,9,1,0.1111111111111111,0
LGS2ORD0022238,C016525,2025-06-26 02:00:00,Female,45,Silver,Shopee,Bangkok,1507,TV_Show,COD,2,6,3,0,40-50,50.233333333333334,2.0,1.0,0.5,91,50,2313.775,0.25,0.0,0.5,0.0,0.0,0,0,0.0,0.0,0,0,0.0,1365.07,1,0,0.0,4627.55,2,1,0.5,0
LGS2ORD0022239,C016969,2025-06-26 03:00:00,Female,33,Silver,Lazada,Chiang Mai,1149,Lazada,COD,3,6,3,0,30-40,38.3,3.0,0.0,0.0,-1,55,2905.77,0.3,0.0,0.6666666666666666,0.0,0.0,0,0,0.0,0.0,0,0,0.0,1477.1,1,0,0.0,8717.31,3,0,0.0,0
LGS2ORD0022240,C010445,2025-06-26 03:00:00,Male,40,Gold,Web,Bangkok,1429,Lazada,Credit_Card,3,6,3,0,30-40,47.63333333333333,3.0,0.0,0.0,-1,40,3472.4266666666667,0.18,1.0,0.0,0.0,0.0,0,0,0.0,0.0,0,0,0.0,6875.89,2,0,0.0,10417.28,3,0,0.0,1
LGS2ORD0022241,C015953,2025-06-26 03:00:00,Female,27,Silver,Lazada,Chiang Mai,447,CallCenter,COD,3,6,3,0,20-30,14.9,4.0,2.0,0.5,3,21,3031.1825,0.3,0.75,0.25,0.0,0.0,0,0,0.0,9249.14,1,1,1.0,10687.81,2,1,0.5,12124.73,4,2,0.5,0
LGS2ORD0022242,C017899,2025-06-26 03:00:00,Male,26,Bronze,Lazada,Bangkok,1052,Web,COD,3,6,3,0,20-30,35.06666666666667,2.0,1.0,0.5,67,50,2344.1099999999997,0.23,0.5,0.5,0.0,0.0,0,0,0.0,0.0,0,0,0.0,4688.219999999999,2,1,0.5,4688.219999999999,2,1,0.5,1
LGS2ORD0022243,C011487,2025-06-26 03:00:00,Female,31,Silver,Web,Remote_Area,1327,Web,Bank_Transfer,3,6,3,0,30-40,44.233333333333334,5.0,3.0,0.6,29,38,5877.4839999999995,0.25,0.2,0.2,0.0,0.0,0,0,0.0,0.0,0,0,0.0,6425.51,1,1,1.0,29387.42,5,3,0.6,1
LGS2ORD0022244,C016566,2025-06-26 04:00:00,Male,36,Bronze,Lazada,Khon Kaen,1170,TV_Show,PromptPay,4,6,3,0,30-40,39.0,2.0,0.0,0.0,-1,28,11002.96,0.08,0.0,0.0,0.0,0.0,0,0,0.0,12961.91,1,0,0.0,22005.92,2,0,0.0,22005.92,2,0,0.0,0
LGS2ORD0022245,C014150,2025-06-26 04:00:00,Male,39,Silver,TV,Khon Kaen,707,Lazada,COD,4,6,3,0,30-40,23.566666666666666,4.0,0.0,0.0,-1,3,4020.3025000000002,0.25,0.0,0.25,0.25,11400.85,1,0,0.0,11400.85,1,0,0.0,12231.61,2,0,0.0,16081.210000000001,4,0,0.0,0
LGS2ORD0022246,C011490,2025-06-26 04:00:00,Female,34,Silver,Lazada,Nakhon Ratchasima,1122,Web,COD,4,6,3,0,30-40,37.4,4.0,0.0,0.0,-1,78,5271.2625,0.25,0.75,0.25,0.0,0.0,0,0,0.0,0.0,0,0,0.0,6395.72,1,0,0.0,21085.05,4,0,0.0,0
LGS2ORD0022247,C010440,2025-06-26 04:00:00,Male,36,Gold,Shopee,Chiang Mai,769,CallCenter,Credit_Card,4,6,3,0,30-40,25.633333333333333,5.0,0.0,0.0,-1,7,3020.114,0.28,0.4,0.4,0.0,0.0,0,0,0.0,1625.58,1,0,0.0,3828.9,2,0,0.0,15100.57,5,0,0.0,0
LGS2ORD0022248,C011422,2025-06-26 04:00:00,Male,29,Bronze,TV,Bangkok,826,Shopee,Bank_Transfer,4,6,3,0,20-30,27.533333333333335,2.0,2.0,1.0,-10,1,24713.215,0.13,1.0,0.0,0.0,6439.42,1,1,1.0,6439.42,1,1,1.0,49426.43,2,2,1.0,49426.43,2,2,1.0,0
LGS2ORD0022249,C015926,2025-06-26 05:00:00,Female,57,Silver,CallCenter,Phuket,588,Lazada,COD,5,6,3,0,>50,19.6,1.0,1.0,1.0,153,166,3388.57,0.2,1.0,0.0,0.0,0.0,0,0,0.0,0.0,0,0,0.0,0.0,0,0,0.0,3388.57,1,1,1.0,0
LGS2ORD0022250,C015601,2025-06-26 05:00:00,Female,61,Bronze,TV,Bangkok,1488,TV_Show,COD,5,6,3,0,>50,49.6,3.0,1.0,0.3333333333333333,-3,10,10847.15,0.28,1.0,0.3333333333333333,0.0,0.0,0,0,0.0,3864.99,1,1,1.0,3864.99,1,1,1.0,32541.449999999997,3,1,0.3333333333333333,0
LGS2ORD0022251,C017867,2025-06-26 05:00:00,Male,32,Bronze,Web,Remote_Area,1462,Web,Credit_Card,5,6,3,0,30-40,48.733333333333334,5.0,0.0,0.0,-1,37,6986.359999999999,0.18,0.6,0.0,0.0,0.0,0,0,0.0,0.0,0,0,0.0,5868.36,1,0,0.0,34931.799999999996,5,0,0.0,0
LGS2ORD0022252,C017633,2025-06-26 05:00:00,Female,53,Platinum,Shopee,Bangkok,1147,TV_Show,Credit_Card,5,6,3,0,>50,38.233333333333334,4.0,1.0,0.25,164,118,3948.8775,0.25,0.75,0.25,0.0,0.0,0,0,0.0,0.0,0,0,0.0,0.0,0,0,0.0,15795.51,4,1,0.25,0
LGS2ORD0022253,C014068,2025-06-26 05:00:00,Female,33,Silver,TV,Bangkok,282,TV_Show,COD,5,6,3,0,30-40,9.4,5.0,1.0,0.2,133,24,13585.038,0.25,0.4,0.2,0.0,0.0,0,0,0.0,17861.63,2,0,0.0,57923.439999999995,4,0,0.0,67925.19,5,1,0.2,0
LGS2ORD0022254,C011007,2025-06-26 05:00:00,Male,28,Gold,TV,Bangkok,982,Shopee,Bank_Transfer,5,6,3,0,20-30,32.733333333333334,6.0,3.0,0.5,-7,2,5182.276666666666,0.33,0.8333333333333334,0.5,0.0,4862.889999999999,2,1,0.5,4862.889999999999,2,1,0.5,13435.679999999998,4,2,0.5,31093.659999999996,6,3,0.5,0
LGS2ORD0022255,C015753,2025-06-26 06:00:00,Female,37,Silver,Web,Remote_Area,1366,Web,Credit_Card,6,6,3,0,30-40,45.53333333333333,2.0,0.0,0.0,-1,60,4659.55,0.2,0.5,0.0,0.0,0.0,0,0,0.0,0.0,0,0,0.0,8352.93,1,0,0.0,9319.1,2,0,0.0,0
LGS2ORD0022256,C015432,2025-06-26 06:00:00,Male,43,Bronze,Web,Chonburi,1020,Lazada,Bank_Transfer,6,6,3,0,40-50,34.0,1.0,0.0,0.0,-1,31,3099.77,0.08,1.0,0.0,0.0,0.0,0,0,0.0,0.0,0,0,0.0,3099.77,1,0,0.0,3099.77,1,0,0.0,0
LGS2ORD0022257,C012928,2025-06-26 06:00:00,Female,67,Gold,TV,Bangkok,465,CallCenter,Bank_Transfer,6,6,3,0,>50,15.5,5.0,1.0,0.2,147,59,7593.853999999999,0.2299999999999999,0.4,0.2,0.0,0.0,0,0,0.0,0.0,0,0,0.0,12934.66,2,0,0.0,37969.27,5,1,0.2,1
LGS2ORD0022258,C015573,2025-06-26 06:00:00,Female,45,Silver,Shopee,Bangkok,1585,Web,Credit_Card,6,6,3,0,40-50,52.833333333333336,7.0,1.0,0.14285714285714285,95,51,4740.115714285714,0.3,0.5714285714285714,0.14285714285714285,0.0,0.0,0,0,0.0,0.0,0,0,0.0,24856.53,3,0,0.0,33180.81,7,1,0.14285714285714285,0
LGS2ORD0022259,C010143,2025-06-26 06:00:00,Male,37,Silver,CallCenter,Bangkok,1526,TV_Show,PromptPay,6,6,3,0,30-40,50.86666666666667,3.0,0.0,0.0,-1,112,5361.463333333333,0.2,0.6666666666666666,0.0,0.0,0.0,0,0,0.0,0.0,0,0,0.0,0.0,0,0,0.0,16084.39,3,0,0.0,0
LGS2ORD0022260,C014905,2025-06-26 07:00:00,Male,42,Bronze,TV,Remote_Area,1326,TV_Show,Credit_Card,7,6,3,0,40-50,44.2,5.0,3.0,0.6,20,3,3978.422,0.28,0.8,0.4,0.0,12623.18,1,0,0.0,13742.28,2,1,0.5,14802.119999999999,3,1,0.3333333333333333,19892.11,5,3,0.6,0
LGS2ORD0022261,C012312,2025-06-26 07:00:00,Female,40,Bronze,Lazada,Khon Kaen,912,Web,Bank_Transfer,7,6,3,0,30-40,30.4,3.0,0.0,0.0,-1,23,4360.55,0.18,1.0,0.0,0.0,0.0,0,0,0.0,12213.16,2,0,0.0,12213.16,2,0,0.0,13081.65,3,0,0.0,0
LGS2ORD0022262,C012187,2025-06-26 07:00:00,Female,59,Silver,Shopee,Khon Kaen,759,Lazada,PromptPay,7,6,3,0,>50,25.3,3.0,0.0,0.0,-1,79,17294.606666666667,0.3,0.3333333333333333,0.3333333333333333,0.0,0.0,0,0,0.0,0.0,0,0,0.0,8102.12,1,0,0.0,51883.82,3,0,0.0,1
LGS2ORD0022263,C014033,2025-06-26 07:00:00,Female,69,Silver,TV,Nakhon Ratchasima,531,TV_Show,COD,7,6,3,0,>50,17.7,5.0,0.0,0.0,-1,12,4593.638,0.25,0.8,0.8,0.0,0.0,0,0,0.0,1633.07,1,0,0.0,7283.299999999999,2,0,0.0,22968.19,5,0,0.0,1
LGS2ORD0022264,C016260,2025-06-26 07:00:00,Male,53,Bronze,TV,Bangkok,839,Lazada,COD,7,6,3,0,>50,27.966666666666665,1.0,0.0,0.0,-1,91,1247.65,0.03,1.0,0.0,0.0,0.0,0,0,0.0,0.0,0,0,0.0,0.0,0,0,0.0,1247.65,1,0,0.0,0
LGS2ORD0022265,C017705,2025-06-26 08:00:00,Female,49,Gold,Lazada,Chiang Mai,874,Shopee,Credit_Card,8,6,3,0,40-50,29.133333333333333,2.0,0.0,0.0,-1,69,5964.325000000001,0.13,0.5,0.0,0.0,0.0,0,0,0.0,0.0,0,0,0.0,3870.05,1,0,0.0,11928.650000000001,2,0,0.0,0
LGS2ORD0022266,C011932,2025-06-26 08:00:00,Female,38,Bronze,Web,Chonburi,1152,Lazada,COD,8,6,3,0,30-40,38.4,3.0,1.0,0.3333333333333333,132,146,4509.256666666667,0.08,1.0,0.0,0.0,0.0,0,0,0.0,0.0,0,0,0.0,0.0,0,0,0.0,13527.77,3,1,0.3333333333333333,1
LGS2ORD0022267,C012505,2025-06-26 08:00:00,Female,62,Silver,TV,Nakhon Ratchasima,352,TV_Show,Credit_Card,8,6,3,0,>50,11.733333333333333,1.0,0.0,0.0,-1,53,1014.03,0.1,1.0,0.0,0.0,0.0,0,0,0.0,0.0,0,0,0.0,1014.03,1,0,0.0,1014.03,1,0,0.0,0
LGS2ORD0022268,C015008,2025-06-26 08:00:00,Male,51,Bronze,Lazada,Songkhla,977,Web,COD,8,6,3,0,>50,32.56666666666667,9.0,2.0,0.2222222222222222,129,3,5235.947777777777,0.23,0.6666666666666666,0.3333333333333333,0.0,3341.85,1,0,0.0,5554.09,2,0,0.0,17677.02,4,0,0.0,47123.53,9,2,0.2222222222222222,1
LGS2ORD0022269,C013183,2025-06-26 08:00:00,Female,61,Bronze,TV,Khon Kaen,1587,Lazada,PromptPay,8,6,3,0,>50,52.9,2.0,0.0,0.0,-1,84,5047.135,0.23,1.0,0.5,0.0,0.0,0,0,0.0,0.0,0,0,0.0,1947.22,1,0,0.0,10094.27,2,0,0.0,0
LGS2ORD0022270,C011635,2025-06-26 09:00:00,Female,18,Silver,Lazada,Phuket,257,TV_Show,Credit_Card,9,6,3,0,<20,8.566666666666666,2.0,0.0,0.0,-1,87,9705.68,0.2,1.0,0.0,0.0,0.0,0,0,0.0,0.0,0,0,0.0,16750.5,1,0,0.0,19411.36,2,0,0.0,1
LGS2ORD0022271,C011434,2025-06-26 09:00:00,Male,53,Bronze,TV,Bangkok,208,Web,Bank_Transfer,9,6,3,0,>50,6.933333333333334,7.0,3.0,0.42857142857142855,78,94,4186.651428571428,0.23,0.7142857142857143,0.2857142857142857,0.0,0.0,0,0,0.0,0.0,0,0,0.0,0.0,0,0,0.0,29306.56,7,3,0.42857142857142855,0
LGS2ORD0022272,C016615,2025-06-26 09:00:00,Female,33,Bronze,Web,Bangkok,1628,CallCenter,COD,9,6,3,0,30-40,54.266666666666666,4.0,1.0,0.25,97,33,4665.23,0.23,0.5,0.5,0.0,0.0,0,0,0.0,0.0,0,0,0.0,5164.57,1,0,0.0,18660.92,4,1,0.25,1
LGS2ORD0022273,C011507,2025-06-26 09:00:00,Male,35,Gold,Lazada,Bangkok,479,CallCenter,Credit_Card,9,6,3,0,30-40,15.966666666666667,5.0,0.0,0.0,-1,2,3206.148,0.2299999999999999,0.8,0.2,0.0,1176.04,1,0,0.0,1176.04,1,0,0.0,14265.07,4,0,0.0,16030.740000000002,5,0,0.0,0
LGS2ORD0022274,C012585,2025-06-26 09:00:00,Male,48,Bronze,Shopee,Chiang Mai,1288,Web,Credit_Card,9,6,3,0,40-50,42.93333333333333,6.0,3.0,0.5,15,24,6936.576666666667,0.28,0.3333333333333333,0.3333333333333333,0.0,0.0,0,0,0.0,1045.25,1,1,1.0,35597.96,3,2,0.6666666666666666,41619.46,6,3,0.5,0
LGS2ORD0022275,C015431,2025-06-26 09:00:00,Female,34,Bronze,Lazada,Bangkok,680,Web,Credit_Card,9,6,3,0,30-40,22.666666666666668,2.0,0.0,0.0,-1,17,1785.19,0.28,0.0,0.5,0.0,0.0,0,0,0.0,2789.14,1,0,0.0,3570.38,2,0,0.0,3570.38,2,0,0.0,1
LGS2ORD0022276,C011623,2025-06-26 10:00:00,Male,48,Gold,Shopee,Songkhla,1123,TV_Show,PromptPay,10,6,3,0,40-50,37.43333333333333,1.0,0.0,0.0,-1,41,1537.3,0.33,0.0,1.0,0.0,0.0,0,0,0.0,0.0,0,0,0.0,1537.3,1,0,0.0,1537.3,1,0,0.0,0
LGS2ORD0022277,C011225,2025-06-26 10:00:00,Female,34,Silver,Web,Chonburi,312,Shopee,COD,10,6,3,0,30-40,10.4,3.0,1.0,0.3333333333333333,29,42,14144.346666666666,0.3,0.6666666666666666,0.3333333333333333,0.0,0.0,0,0,0.0,0.0,0,0,0.0,1400.04,1,1,1.0,42433.04,3,1,0.3333333333333333,0
LGS2ORD0022278,C010393,2025-06-26 10:00:00,Male,51,Bronze,Web,Remote_Area,1121,CallCenter,Bank_Transfer,10,6,3,0,>50,37.36666666666667,6.0,2.0,0.3333333333333333,22,37,4541.456666666667,0.23,0.3333333333333333,0.3333333333333333,0.0,0.0,0,0,0.0,0.0,0,0,0.0,3465.57,1,1,1.0,27248.74,6,2,0.3333333333333333,1
LGS2ORD0022279,C015330,2025-06-26 10:00:00,Female,38,Silver,Lazada,Songkhla,801,Lazada,COD,10,6,3,0,30-40,26.7,4.0,1.0,0.25,10,14,4467.715,0.3,0.75,0.5,0.0,0.0,0,0,0.0,16122.08,3,1,0.3333333333333333,16122.08,3,1,0.3333333333333333,17870.86,4,1,0.25,1
LGS2ORD0022280,C016699,2025-06-26 10:00:00,Female,41,Silver,Web,Khon Kaen,1527,Lazada,Bank_Transfer,10,6,3,0,40-50,50.9,4.0,1.0,0.25,-3,6,5634.4625,0.25,0.75,0.5,0.0,8471.47,1,1,1.0,18087.73,2,1,0.5,19342.629999999997,3,1,0.3333333333333333,22537.85,4,1,0.25,0
LGS2ORD0022281,C014384,2025-06-26 11:00:00,Male,49,Silver,Web,Remote_Area,1251,Web,Credit_Card,11,6,3,0,40-50,41.7,1.0,0.0,0.0,-1,41,10229.72,0.15,1.0,0.0,0.0,0.0,0,0,0.0,0.0,0,0,0.0,10229.72,1,0,0.0,10229.72,1,0,0.0,0
LGS2ORD0022282,C016715,2025-06-26 11:00:00,Female,60,Silver,TV,Khon Kaen,1047,Shopee,COD,11,6,3,0,>50,34.9,3.0,0.0,0.0,-1,10,4872.496666666667,0.15,0.6666666666666666,0.0,0.0,0.0,0,0,0.0,1940.03,1,0,0.0,1940.03,1,0,0.0,14617.49,3,0,0.0,0
LGS2ORD0022283,C015286,2025-06-26 11:00:00,Female,32,Gold,CallCenter,Chiang Mai,1031,Web,Bank_Transfer,11,6,3,0,30-40,34.36666666666667,4.0,0.0,0.0,-1,32,2658.1325,0.33,0.25,0.25,0.0,0.0,0,0,0.0,0.0,0,0,0.0,5052.46,2,0,0.0,10632.53,4,0,0.0,0
LGS2ORD0022284,C010151,2025-06-26 11:00:00,Female,38,Bronze,TV,Songkhla,959,Shopee,Bank_Transfer,11,6,3,0,30-40,31.966666666666665,1.0,0.0,0.0,-1,160,2184.81,0.08,0.0,0.0,0.0,0.0,0,0,0.0,0.0,0,0,0.0,0.0,0,0,0.0,2184.81,1,0,0.0,0
LGS2ORD0022285,C014087,2025-06-26 11:00:00,Female,69,Bronze,TV,Phuket,545,CallCenter,COD,11,6,3,0,>50,18.166666666666668,6.0,3.0,0.5,3,15,12733.121666666666,0.23,0.8333333333333334,0.16666666666666666,0.0,0.0,0,0,0.0,2429.8,1,1,1.0,2429.8,1,1,1.0,76398.73,6,3,0.5,1
LGS2ORD0022286,C017357,2025-06-26 12:00:00,Male,18,Silver,Web,Phuket,257,CallCenter,COD,12,6,3,0,<20,8.566666666666666,5.0,0.0,0.0,-1,26,5783.15,0.25,0.2,0.4,0.0,0.0,0,0,0.0,3024.5,1,0,0.0,3024.5,1,0,0.0,28915.75,5,0,0.0,0
LGS2ORD0022287,C013522,2025-06-26 12:00:00,Male,49,Gold,TV,Bangkok,1403,TV_Show,Bank_Transfer,12,6,3,0,40-50,46.766666666666666,3.0,1.0,0.3333333333333333,14,28,7315.889999999999,0.33,0.3333333333333333,0.6666666666666666,0.0,0.0,0,0,0.0,11332.74,1,1,1.0,11332.74,1,1,1.0,21947.67,3,1,0.3333333333333333,0
LGS2ORD0022288,C013878,2025-06-26 12:00:00,Male,31,Gold,TV,Chiang Mai,1060,Shopee,PromptPay,12,6,3,0,30-40,35.333333333333336,5.0,0.0,0.0,-1,23,5038.449999999999,0.33,0.2,0.4,0.0,0.0,0,0,0.0,4399.71,1,0,0.0,6451.92,3,0,0.0,25192.249999999996,5,0,0.0,0
LGS2ORD0022289,C015703,2025-06-26 12:00:00,Female,32,Silver,TV,Nakhon Ratchasima,717,Web,COD,12,6,3,0,30-40,23.9,2.0,1.0,0.5,16,6,2998.61,0.2,1.0,0.0,0.0,4652.13,1,0,0.0,4652.13,1,0,0.0,5997.22,2,1,0.5,5997.22,2,1,0.5,0
LGS2ORD0022290,C011388,2025-06-26 12:00:00,Female,57,Silver,Lazada,Nakhon Ratchasima,350,TV_Show,COD,12,6,3,0,>50,11.666666666666666,2.0,0.0,0.0,-1,36,8324.755,0.05,0.5,0.0,0.0,0.0,0,0,0.0,0.0,0,0,0.0,14676.83,1,0,0.0,16649.51,2,0,0.0,1
LGS2ORD0022291,C013402,2025-06-26 13:00:00,Male,40,Bronze,TV,Phuket,574,TV_Show,COD,13,6,3,0,30-40,19.133333333333333,6.0,3.0,0.5,28,40,5173.245,0.28,0.8333333333333334,0.3333333333333333,0.0,0.0,0,0,0.0,0.0,0,0,0.0,28727.78,5,2,0.4,31039.47,6,3,0.5,1
LGS2ORD0022292,C015773,2025-06-26 13:00:00,Male,57,Bronze,Lazada,Bangkok,958,Shopee,PromptPay,13,6,3,0,>50,31.933333333333334,4.0,1.0,0.25,19,27,14387.715,0.08,0.75,0.0,0.0,0.0,0,0,0.0,6835.71,1,1,1.0,48573.74,3,1,0.3333333333333333,57550.86,4,1,0.25,0
LGS2ORD0022293,C015049,2025-06-26 13:00:00,Male,51,Platinum,TV,Bangkok,1635,TV_Show,Credit_Card,13,6,3,0,>50,54.5,2.0,1.0,0.5,37,51,4476.285,0.35,1.0,0.5,0.0,0.0,0,0,0.0,0.0,0,0,0.0,8952.57,2,1,0.5,8952.57,2,1,0.5,0
LGS2ORD0022294,C017878,2025-06-26 13:00:00,Male,67,Bronze,TV,Chiang Mai,244,Lazada,COD,13,6,3,0,>50,8.133333333333333,0.0,0.0,0.0,-1,-1,0.0,0.0,0.0,0.0,0.0,0.0,0,0,0.0,0.0,0,0,0.0,0.0,0,0,0.0,0.0,0,0,0.0,0
LGS2ORD0022295,C017288,2025-06-26 13:00:00,Male,34,Bronze,Shopee,Khon Kaen,1367,Lazada,COD,13,6,3,0,30-40,45.56666666666667,4.0,1.0,0.25,95,43,10117.7875,0.23,0.25,0.5,0.0,0.0,0,0,0.0,0.0,0,0,0.0,19540.15,2,0,0.0,40471.15,4,1,0.25,0
LGS2ORD0022296,C017858,2025-06-26 13:00:00,Male,30,Silver,TV,Remote_Area,368,Shopee,COD,13,6,3,0,20-30,12.266666666666667,5.0,2.0,0.4,14,13,4773.318000000001,0.2,0.6,0.0,0.0,0.0,0,0,0.0,6347.620000000001,2,1,0.5,23240.680000000004,4,1,0.25,23866.590000000004,5,2,0.4,0
LGS2ORD0022297,C012299,2025-06-26 14:00:00,Female,46,Silver,TV,Nakhon Ratchasima,427,TV_Show,Bank_Transfer,14,6,3,0,40-50,14.233333333333333,1.0,1.0,1.0,28,37,10163.74,0.2,1.0,0.0,0.0,0.0,0,0,0.0,0.0,0,0,0.0,10163.74,1,1,1.0,10163.74,1,1,1.0,0
LGS2ORD0022298,C017582,2025-06-26 14:00:00,Male,42,Bronze,TV,Phuket,233,CallCenter,PromptPay,14,6,3,0,40-50,7.766666666666667,5.0,2.0,0.4,7,11,4115.2880000000005,0.28,0.4,0.2,0.0,0.0,0,0,0.0,12070.37,1,1,1.0,15269.670000000002,3,2,0.6666666666666666,20576.440000000002,5,2,0.4,0
LGS2ORD0022299,C010967,2025-06-26 14:00:00,Female,31,Silver,Shopee,Nakhon Ratchasima,1348,TV_Show,Bank_Transfer,14,6,3,0,30-40,44.93333333333333,2.0,0.0,0.0,-1,70,2329.575,0.2,1.0,0.0,0.0,0.0,0,0,0.0,0.0,0,0,0.0,815.71,1,0,0.0,4659.15,2,0,0.0,1
LGS2ORD0022300,C012056,2025-06-26 14:00:00,Female,37,Silver,Shopee,Nakhon Ratchasima,1601,Web,COD,14,6,3,0,30-40,53.36666666666667,3.0,0.0,0.0,-1,32,13360.529999999999,0.2,0.3333333333333333,0.0,0.0,0.0,0,0,0.0,0.0,0,0,0.0,40081.59,3,0,0.0,40081.59,3,0,0.0,0
LGS2ORD0022301,C010549,2025-06-26 14:00:00,Male,62,Gold,Shopee,Nakhon Ratchasima,1253,TV_Show,COD,14,6,3,0,>50,41.766666666666666,5.0,0.0,0.0,-1,144,8104.8,0.28,0.8,0.4,0.0,0.0,0,0,0.0,0.0,0,0,0.0,0.0,0,0,0.0,40524.0,5,0,0.0,0
LGS2ORD0022302,C012121,2025-06-26 15:00:00,Female,54,Bronze,TV,Songkhla,1153,CallCenter,COD,15,6,3,0,>50,38.43333333333333,2.0,1.0,0.5,75,88,2993.81,0.28,1.0,0.5,0.0,0.0,0,0,0.0,0.0,0,0,0.0,4289.62,1,1,1.0,5987.62,2,1,0.5,0
LGS2ORD0022303,C014871,2025-06-26 15:00:00,Male,31,Bronze,TV,Nakhon Ratchasima,429,CallCenter,COD,15,6,3,0,30-40,14.3,5.0,2.0,0.4,76,88,3281.4739999999997,0.28,0.6,0.4,0.0,0.0,0,0,0.0,0.0,0,0,0.0,2908.1,1,1,1.0,16407.37,5,2,0.4,0
LGS2ORD0022304,C010971,2025-06-26 15:00:00,Male,50,Bronze,Shopee,Bangkok,1018,Shopee,Bank_Transfer,15,6,3,0,40-50,33.93333333333333,5.0,1.0,0.2,154,23,5309.9800000000005,0.23,0.6,0.2,0.0,0.0,0,0,0.0,2305.26,1,0,0.0,10533.99,3,0,0.0,26549.9,5,1,0.2,1
LGS2ORD0022305,C014206,2025-06-26 15:00:00,Female,43,Bronze,Shopee,Bangkok,1390,CallCenter,Credit_Card,15,6,3,0,40-50,46.333333333333336,4.0,0.0,0.0,-1,21,2975.6800000000003,0.28,0.5,0.5,0.0,0.0,0,0,0.0,938.62,1,0,0.0,8077.72,2,0,0.0,11902.720000000001,4,0,0.0,0
LGS2ORD0022306,C014645,2025-06-26 15:00:00,Female,53,Gold,Shopee,Bangkok,1309,Web,Credit_Card,15,6,3,0,>50,43.63333333333333,1.0,1.0,1.0,88,101,839.25,0.08,0.0,0.0,0.0,0.0,0,0,0.0,0.0,0,0,0.0,0.0,0,0,0.0,839.25,1,1,1.0,0
LGS2ORD0022307,C013274,2025-06-26 16:00:00,Female,63,Silver,Shopee,Phuket,569,Shopee,Bank_Transfer,16,6,3,0,>50,18.966666666666665,1.0,0.0,0.0,-1,92,4207.28,0.1,0.0,0.0,0.0,0.0,0,0,0.0,0.0,0,0,0.0,0.0,0,0,0.0,4207.28,1,0,0.0,0
LGS2ORD0022308,C017180,2025-06-26 16:00:00,Male,45,Silver,Shopee,Khon Kaen,599,Shopee,COD,16,6,3,0,40-50,19.966666666666665,1.0,0.0,0.0,-1,163,3786.93,0.3,0.0,1.0,0.0,0.0,0,0,0.0,0.0,0,0,0.0,0.0,0,0,0.0,3786.93,1,0,0.0,0
LGS2ORD0022309,C015455,2025-06-26 16:00:00,Female,47,Bronze,TV,Phuket,1508,TV_Show,COD,16,6,3,0,40-50,50.266666666666666,3.0,1.0,0.3333333333333333,20,27,13825.14,0.13,1.0,0.0,0.0,0.0,0,0,0.0,15104.91,1,1,1.0,20012.989999999998,2,1,0.5,41475.42,3,1,0.3333333333333333,0
LGS2ORD0022310,C013239,2025-06-26 16:00:00,Male,29,Bronze,Shopee,Khon Kaen,665,CallCenter,COD,16,6,3,0,20-30,22.166666666666668,6.0,3.0,0.5,83,50,5133.403333333333,0.28,0.5,0.5,0.0,0.0,0,0,0.0,0.0,0,0,0.0,14739.17,2,1,0.5,30800.42,6,3,0.5,1
LGS2ORD0022311,C015627,2025-06-26 16:00:00,Female,35,Bronze,TV,Bangkok,810,TV_Show,COD,16,6,3,0,30-40,27.0,5.0,0.0,0.0,-1,25,4775.122,0.23,0.8,0.2,0.0,0.0,0,0,0.0,7600.67,1,0,0.0,9301.98,2,0,0.0,23875.61,5,0,0.0,1
LGS2ORD0022312,C012114,2025-06-26 17:00:00,Female,18,Gold,TV,Chonburi,619,Shopee,PromptPay,17,6,3,0,<20,20.633333333333333,2.0,1.0,0.5,0,9,3523.9,0.33,0.5,1.0,0.0,0.0,0,0,0.0,6342.96,1,1,1.0,6342.96,1,1,1.0,7047.8,2,1,0.5,0
LGS2ORD0022313,C017079,2025-06-26 17:00:00,Female,49,Bronze,Shopee,Phuket,1391,Shopee,COD,17,6,3,0,40-50,46.36666666666667,1.0,1.0,1.0,104,115,8860.45,0.23,1.0,1.0,0.0,0.0,0,0,0.0,0.0,0,0,0.0,0.0,0,0,0.0,8860.45,1,1,1.0,1
LGS2ORD0022314,C014421,2025-06-26 17:00:00,Male,36,Gold,TV,Bangkok,716,Web,Bank_Transfer,17,6,3,0,30-40,23.866666666666667,0.0,0.0,0.0,-1,-1,0.0,0.0,0.0,0.0,0.0,0.0,0,0,0.0,0.0,0,0,0.0,0.0,0,0,0.0,0.0,0,0,0.0,0
LGS2ORD0022315,C016227,2025-06-26 17:00:00,Female,57,Platinum,Lazada,Chonburi,691,CallCenter,COD,17,6,3,0,>50,23.033333333333335,3.0,2.0,0.6666666666666666,145,57,4286.58,0.25,0.3333333333333333,0.3333333333333333,0.0,0.0,0,0,0.0,0.0,0,0,0.0,5736.92,1,0,0.0,12859.74,3,2,0.6666666666666666,0
LGS2ORD0022316,C013200,2025-06-26 17:00:00,Male,41,Silver,Lazada,Bangkok,1174,Shopee,COD,17,6,3,0,40-50,39.13333333333333,5.0,1.0,0.2,30,17,12511.01,0.2,0.8,0.0,0.0,0.0,0,0,0.0,10734.73,1,0,0.0,57058.41,3,1,0.3333333333333333,62555.05,5,1,0.2,0
LGS2ORD0022317,C016859,2025-06-26 17:00:00,Male,50,Silver,Shopee,Phuket,1178,TV_Show,Bank_Transfer,17,6,3,0,40-50,39.266666666666666,4.0,1.0,0.25,141,6,3037.8175,0.25,0.5,0.25,0.0,4644.23,1,0,0.0,4644.23,1,0,0.0,4644.23,1,0,0.0,12151.27,4,1,0.25,1
LGS2ORD0022318,C014634,2025-06-26 18:00:00,Female,43,Silver,Shopee,Songkhla,612,Shopee,COD,18,6,3,0,40-50,20.4,1.0,0.0,0.0,-1,78,4645.31,0.2,1.0,0.0,0.0,0.0,0,0,0.0,0.0,0,0,0.0,4645.31,1,0,0.0,4645.31,1,0,0.0,1
LGS2ORD0022319,C011942,2025-06-26 18:00:00,Male,25,Platinum,CallCenter,Nakhon Ratchasima,1207,TV_Show,PromptPay,18,6,3,0,20-30,40.233333333333334,0.0,0.0,0.0,-1,-1,0.0,0.0,0.0,0.0,0.0,0.0,0,0,0.0,0.0,0,0,0.0,0.0,0,0,0.0,0.0,0,0,0.0,0
LGS2ORD0022320,C013129,2025-06-26 18:00:00,Male,32,Bronze,TV,Remote_Area,723,TV_Show,COD,18,6,3,0,30-40,24.1,3.0,0.0,0.0,-1,83,5788.91,0.28,0.6666666666666666,0.6666666666666666,0.0,0.0,0,0,0.0,0.0,0,0,0.0,1593.27,1,0,0.0,17366.73,3,0,0.0,1
LGS2ORD0022321,C015398,2025-06-26 18:00:00,Male,42,Bronze,Web,Bangkok,1279,Shopee,COD,18,6,3,0,40-50,42.63333333333333,3.0,2.0,0.6666666666666666,3,9,3080.0699999999997,0.28,0.6666666666666666,1.0,0.0,0.0,0,0,0.0,7513.17,2,1,0.5,7513.17,2,1,0.5,9240.21,3,2,0.6666666666666666,0
LGS2ORD0022322,C017294,2025-06-26 18:00:00,Male,51,Bronze,Shopee,Songkhla,1629,TV_Show,Credit_Card,18,6,3,0,>50,54.3,2.0,1.0,0.5,64,67,3463.545,0.13,0.0,0.0,0.0,0.0,0,0,0.0,0.0,0,0,0.0,6927.09,2,1,0.5,6927.09,2,1,0.5,1
LGS2ORD0022323,C010049,2025-06-26 19:00:00,Male,19,Silver,CallCenter,Nakhon Ratchasima,1497,Shopee,COD,19,6,3,0,<20,49.9,4.0,0.0,0.0,-1,4,10580.122500000001,0.3,0.75,0.75,0.0,6745.36,1,0,0.0,6745.36,1,0,0.0,6745.36,1,0,0.0,42320.490000000005,4,0,0.0,1
LGS2ORD0022324,C017696,2025-06-26 19:00:00,Male,40,Silver,TV,Bangkok,1260,Lazada,COD,19,6,3,0,30-40,42.0,5.0,2.0,0.4,94,22,11775.078,0.2,0.8,0.0,0.0,0.0,0,0,0.0,22706.08,1,0,0.0,37765.090000000004,2,0,0.0,58875.39,5,2,0.4,0
LGS2ORD0022325,C012267,2025-06-26 19:00:00,Female,25,Gold,TV,Bangkok,796,Lazada,COD,19,6,3,0,20-30,26.533333333333335,5.0,1.0,0.2,50,10,2965.476,0.2299999999999999,0.8,0.6,0.0,0.0,0,0,0.0,259.92,1,0,0.0,7503.07,3,1,0.3333333333333333,14827.380000000001,5,1,0.2,0
LGS2ORD0022326,C017900,2025-06-26 19:00:00,Other,41,Bronze,Lazada,Remote_Area,592,CallCenter,COD,19,6,3,0,40-50,19.733333333333334,4.0,1.0,0.25,143,121,1761.46,0.18,0.5,0.0,0.0,0.0,0,0,0.0,0.0,0,0,0.0,0.0,0,0,0.0,7045.84,4,1,0.25,1
LGS2ORD0022327,C017502,2025-06-26 19:00:00,Female,35,Gold,TV,Bangkok,1408,Lazada,Bank_Transfer,19,6,3,0,30-40,46.93333333333333,4.0,0.0,0.0,-1,42,6661.5075,0.2299999999999999,0.5,0.25,0.0,0.0,0,0,0.0,0.0,0,0,0.0,23770.37,3,0,0.0,26646.03,4,0,0.0,0
LGS2ORD0022328,C012625,2025-06-26 20:00:00,Female,42,Silver,Shopee,Songkhla,276,Web,Credit_Card,20,6,3,0,40-50,9.2,4.0,0.0,0.0,-1,4,6154.992499999999,0.2,0.25,0.0,0.0,5382.73,1,0,0.0,5382.73,1,0,0.0,5382.73,1,0,0.0,24619.969999999998,4,0,0.0,0
LGS2ORD0022329,C017576,2025-06-26 20:00:00,Female,42,Silver,TV,Chonburi,774,TV_Show,COD,20,6,3,0,40-50,25.8,3.0,0.0,0.0,-1,87,4647.413333333334,0.25,0.6666666666666666,0.3333333333333333,0.0,0.0,0,0,0.0,0.0,0,0,0.0,9059.79,1,0,0.0,13942.240000000002,3,0,0.0,1
LGS2ORD0022330,C010293,2025-06-26 20:00:00,Female,34,Gold,Shopee,Bangkok,291,CallCenter,COD,20,6,3,0,30-40,9.7,6.0,0.0,0.0,-1,11,10581.708333333334,0.28,0.16666666666666666,0.6666666666666666,0.0,0.0,0,0,0.0,27586.370000000003,2,0,0.0,47018.01,4,0,0.0,63490.25000000001,6,0,0.0,0
LGS2ORD0022331,C013559,2025-06-26 20:00:00,Male,44,Silver,TV,Songkhla,288,Shopee,COD,20,6,3,0,40-50,9.6,3.0,2.0,0.6666666666666666,21,36,7039.706666666666,0.2,1.0,0.0,0.0,0.0,0,0,0.0,0.0,0,0,0.0,20615.47,2,2,1.0,21119.12,3,2,0.6666666666666666,0
LGS2ORD0022332,C010994,2025-06-26 20:00:00,Female,35,Silver,Lazada,Bangkok,1193,Lazada,PromptPay,20,6,3,0,30-40,39.766666666666666,1.0,1.0,1.0,86,99,1033.14,0.2,0.0,0.0,0.0,0.0,0,0,0.0,0.0,0,0,0.0,0.0,0,0,0.0,1033.14,1,1,1.0,0
LGS2ORD0022333,C012940,2025-06-26 21:00:00,Male,40,Bronze,Shopee,Chonburi,1113,Web,Credit_Card,21,6,3,0,30-40,37.1,3.0,0.0,0.0,-1,32,1669.7166666666665,0.18,0.0,0.0,0.0,0.0,0,0,0.0,0.0,0,0,0.0,1506.03,1,0,0.0,5009.15,3,0,0.0,0
LGS2ORD0022334,C013192,2025-06-26 21:00:00,Male,53,Gold,Shopee,Khon Kaen,604,Web,COD,21,6,3,0,>50,20.133333333333333,5.0,1.0,0.2,157,31,5143.036,0.2299999999999999,0.6,0.4,0.0,0.0,0,0,0.0,0.0,0,0,0.0,15320.53,2,0,0.0,25715.18,5,1,0.2,0
LGS2ORD0022335,C012031,2025-06-26 21:00:00,Female,27,Silver,Web,Khon Kaen,992,Lazada,COD,21,6,3,0,20-30,33.06666666666667,4.0,0.0,0.0,-1,60,1867.8249999999998,0.25,0.75,0.25,0.0,0.0,0,0,0.0,0.0,0,0,0.0,3178.89,1,0,0.0,7471.299999999999,4,0,0.0,0
LGS2ORD0022336,C016917,2025-06-26 21:00:00,Female,48,Bronze,TV,Chonburi,1224,TV_Show,COD,21,6,3,0,40-50,40.8,3.0,1.0,0.3333333333333333,51,53,3363.273333333333,0.28,1.0,0.6666666666666666,0.0,0.0,0,0,0.0,0.0,0,0,0.0,6374.75,2,1,0.5,10089.82,3,1,0.3333333333333333,0
LGS2ORD0022337,C012873,2025-06-26 21:00:00,Female,33,Bronze,Shopee,Songkhla,469,CallCenter,Credit_Card,21,6,3,0,30-40,15.633333333333333,1.0,0.0,0.0,-1,112,1792.25,0.23,0.0,1.0,0.0,0.0,0,0,0.0,0.0,0,0,0.0,0.0,0,0,0.0,1792.25,1,0,0.0,0
LGS2ORD0022338,C013916,2025-06-26 21:00:00,Male,26,Gold,CallCenter,Bangkok,961,Shopee,COD,21,6,3,0,20-30,32.03333333333333,1.0,0.0,0.0,-1,103,726.76,0.33,0.0,1.0,0.0,0.0,0,0,0.0,0.0,0,0,0.0,0.0,0,0,0.0,726.76,1,0,0.0,0
LGS2ORD0022339,C017115,2025-06-26 22:00:00,Female,36,Platinum,Web,Bangkok,322,Shopee,PromptPay,22,6,3,0,30-40,10.733333333333333,2.0,0.0,0.0,-1,23,5623.66,0.25,0.5,0.5,0.0,0.0,0,0,0.0,2669.92,1,0,0.0,2669.92,1,0,0.0,11247.32,2,0,0.0,0
LGS2ORD0022340,C010228,2025-06-26 22:00:00,Male,43,Bronze,TV,Songkhla,1592,Shopee,PromptPay,22,6,3,0,40-50,53.06666666666667,3.0,0.0,0.0,-1,22,2778.7000000000003,0.08,0.0,0.0,0.0,0.0,0,0,0.0,4290.35,1,0,0.0,6001.35,2,0,0.0,8336.1,3,0,0.0,1
LGS2ORD0022341,C013390,2025-06-26 22:00:00,Male,47,Bronze,Shopee,Remote_Area,1233,Lazada,COD,22,6,3,0,40-50,41.1,0.0,0.0,0.0,-1,-1,0.0,0.0,0.0,0.0,0.0,0.0,0,0,0.0,0.0,0,0,0.0,0.0,0,0,0.0,0.0,0,0,0.0,0
LGS2ORD0022342,C017804,2025-06-26 22:00:00,Female,46,Silver,Shopee,Phuket,348,Web,PromptPay,22,6,3,0,40-50,11.6,2.0,1.0,0.5,127,76,2610.62,0.25,0.0,0.5,0.0,0.0,0,0,0.0,0.0,0,0,0.0,2342.43,1,0,0.0,5221.24,2,1,0.5,1
LGS2ORD0022343,C011828,2025-06-26 22:00:00,Male,29,Silver,Web,Bangkok,1125,Shopee,PromptPay,22,6,3,0,20-30,37.5,2.0,1.0,0.5,147,31,9951.865,0.2,0.5,0.0,0.0,0.0,0,0,0.0,0.0,0,0,0.0,9285.34,1,0,0.0,19903.73,2,1,0.5,0
LGS2ORD0022344,C017172,2025-06-26 23:00:00,Male,62,Gold,TV,Bangkok,1222,Shopee,COD,23,6,3,0,>50,40.733333333333334,1.0,0.0,0.0,-1,99,2773.13,0.28,0.0,1.0,0.0,0.0,0,0,0.0,0.0,0,0,0.0,0.0,0,0,0.0,2773.13,1,0,0.0,1
LGS2ORD0022345,C012679,2025-06-26 23:00:00,Male,46,Silver,Lazada,Khon Kaen,1402,TV_Show,PromptPay,23,6,3,0,40-50,46.733333333333334,5.0,1.0,0.2,74,79,5079.4400000000005,0.3,0.6,0.6,0.0,0.0,0,0,0.0,0.0,0,0,0.0,8657.380000000001,2,1,0.5,25397.2,5,1,0.2,0
LGS2ORD0022346,C014150,2025-06-26 23:00:00,Male,39,Silver,TV,Khon Kaen,707,Lazada,PromptPay,23,6,3,0,30-40,23.566666666666666,5.0,0.0,0.0,-1,0,3489.0700000000006,0.25,0.2,0.2,0.2,12764.99,2,0,0.0,12764.99,2,0,0.0,13595.75,3,0,0.0,17445.350000000002,5,0,0.0,0
LGS2ORD0022347,C010313,2025-06-26 23:00:00,Female,43,Bronze,Lazada,Bangkok,894,Shopee,PromptPay,23,6,3,0,40-50,29.8,0.0,0.0,0.0,-1,-1,0.0,0.0,0.0,0.0,0.0,0.0,0,0,0.0,0.0,0,0,0.0,0.0,0,0,0.0,0.0,0,0,0.0,0
LGS2ORD0022348,C010347,2025-06-26 23:00:00,Female,31,Gold,Shopee,Bangkok,1601,Shopee,COD,23,6,3,0,30-40,53.36666666666667,3.0,0.0,0.0,-1,11,5109.333333333333,0.28,0.0,0.3333333333333333,0.3333333333333333,0.0,0,0,0.0,4855.97,1,0,0.0,10785.470000000001,2,0,0.0,15328.0,3,0,0.0,0
LGS2ORD0022349,C010403,2025-06-27 00:00:00,Male,55,Bronze,Shopee,Bangkok,1083,Web,COD,0,6,4,0,>50,36.1,3.0,1.0,0.3333333333333333,128,47,2141.84,0.18,1.0,0.0,0.0,0.0,0,0,0.0,0.0,0,0,0.0,2756.87,1,0,0.0,6425.52,3,1,0.3333333333333333,0
LGS2ORD0022350,C014135,2025-06-27 00:00:00,Female,38,Gold,Web,Remote_Area,712,Lazada,COD,0,6,4,0,30-40,23.733333333333334,4.0,1.0,0.25,107,94,7950.2875,0.33,0.5,0.5,0.0,0.0,0,0,0.0,0.0,0,0,0.0,0.0,0,0,0.0,31801.15,4,1,0.25,0
LGS2ORD0022351,C012941,2025-06-27 00:00:00,Female,56,Silver,Shopee,Bangkok,577,Lazada,Bank_Transfer,0,6,4,0,>50,19.233333333333334,3.0,0.0,0.0,-1,35,1049.98,0.3,0.0,1.0,0.0,0.0,0,0,0.0,0.0,0,0,0.0,3149.94,3,0,0.0,3149.94,3,0,0.0,0
LGS2ORD0022352,C014166,2025-06-27 00:00:00,Female,46,Bronze,TV,Phuket,1153,CallCenter,COD,0,6,4,0,40-50,38.43333333333333,2.0,1.0,0.5,118,91,6157.405,0.08,0.5,0.0,0.0,0.0,0,0,0.0,0.0,0,0,0.0,0.0,0,0,0.0,12314.81,2,1,0.5,1
LGS2ORD0022353,C014970,2025-06-27 00:00:00,Female,40,Bronze,Web,Songkhla,352,Lazada,COD,0,6,4,0,30-40,11.733333333333333,2.0,0.0,0.0,-1,23,10956.41,0.23,0.0,0.5,0.0,0.0,0,0,0.0,7675.23,1,0,0.0,21912.82,2,0,0.0,21912.82,2,0,0.0,1
LGS2ORD0022354,C013484,2025-06-27 00:00:00,Female,39,Silver,TV,Bangkok,948,Lazada,Bank_Transfer,0,6,4,0,30-40,31.6,2.0,1.0,0.5,14,22,21492.14,0.15,0.0,0.0,0.0,0.0,0,0,0.0,4620.38,1,1,1.0,4620.38,1,1,1.0,42984.28,2,1,0.5,1
LGS2ORD0022355,C017596,2025-06-27 01:00:00,Female,32,Bronze,Shopee,Chonburi,1109,TV_Show,PromptPay,1,6,4,0,30-40,36.96666666666667,1.0,0.0,0.0,-1,108,1332.78,0.03,1.0,0.0,0.0,0.0,0,0,0.0,0.0,0,0,0.0,0.0,0,0,0.0,1332.78,1,0,0.0,0
LGS2ORD0022356,C017705,2025-06-27 01:00:00,Female,49,Gold,Lazada,Chiang Mai,875,CallCenter,Credit_Card,1,6,4,0,40-50,29.166666666666668,3.0,0.0,0.0,-1,0,4589.063333333334,0.13,0.3333333333333333,0.0,0.0,1838.54,1,0,0.0,1838.54,1,0,0.0,5708.59,2,0,0.0,13767.190000000002,3,0,0.0,0
LGS2ORD0022357,C016341,2025-06-27 01:00:00,Other,36,Bronze,Web,Phuket,337,Lazada,COD,1,6,4,0,30-40,11.233333333333333,8.0,4.0,0.5,-7,5,3636.39125,0.23,0.75,0.125,0.0,1781.33,1,1,1.0,5119.59,2,1,0.5,23851.46,6,3,0.5,29091.13,8,4,0.5,0
LGS2ORD0022358,C012683,2025-06-27 01:00:00,Male,61,Silver,Web,Phuket,947,TV_Show,Credit_Card,1,6,4,0,>50,31.566666666666666,7.0,2.0,0.2857142857142857,-2,9,6748.825714285714,0.3,0.5714285714285714,0.2857142857142857,0.0,0.0,0,0,0.0,8811.97,2,1,0.5,44972.92999999999,6,1,0.16666666666666666,47241.78,7,2,0.2857142857142857,1
LGS2ORD0022359,C017154,2025-06-27 01:00:00,Male,54,Bronze,TV,Nakhon Ratchasima,1517,CallCenter,COD,1,6,4,0,>50,50.56666666666667,3.0,1.0,0.3333333333333333,23,38,5283.126666666667,0.13,0.3333333333333333,0.0,0.0,0.0,0,0,0.0,0.0,0,0,0.0,14031.37,1,1,1.0,15849.380000000001,3,1,0.3333333333333333,0
LGS2ORD0022360,C010235,2025-06-27 02:00:00,Female,42,Bronze,TV,Remote_Area,590,Shopee,COD,2,6,4,0,40-50,19.666666666666668,1.0,1.0,1.0,145,156,3471.52,0.18,1.0,0.0,0.0,0.0,0,0,0.0,0.0,0,0,0.0,0.0,0,0,0.0,3471.52,1,1,1.0,0
LGS2ORD0022361,C017712,2025-06-27 02:00:00,Female,37,Platinum,Lazada,Bangkok,354,Web,COD,2,6,4,0,30-40,11.8,2.0,0.0,0.0,-1,21,9143.115000000002,0.1,0.5,0.0,0.0,0.0,0,0,0.0,8585.86,1,0,0.0,8585.86,1,0,0.0,18286.230000000003,2,0,0.0,0
LGS2ORD0022362,C011432,2025-06-27 02:00:00,Female,53,Bronze,CallCenter,Chonburi,588,Web,Credit_Card,2,6,4,0,>50,19.6,5.0,0.0,0.0,-1,35,7303.092,0.28,0.6,0.2,0.0,0.0,0,0,0.0,0.0,0,0,0.0,8817.96,2,0,0.0,36515.46,5,0,0.0,0
LGS2ORD0022363,C014438,2025-06-27 02:00:00,Female,34,Silver,Shopee,Chonburi,1489,Web,COD,2,6,4,0,30-40,49.63333333333333,3.0,0.0,0.0,-1,29,9943.54,0.3,0.3333333333333333,0.3333333333333333,0.0,0.0,0,0,0.0,7880.65,1,0,0.0,29830.620000000003,3,0,0.0,29830.620000000003,3,0,0.0,0
LGS2ORD0022364,C012617,2025-06-27 02:00:00,Female,48,Silver,TV,Chonburi,770,Shopee,Bank_Transfer,2,6,4,0,40-50,25.666666666666668,2.0,0.0,0.0,-1,14,2985.14,0.3,1.0,0.5,0.0,0.0,0,0,0.0,1573.05,1,0,0.0,5970.28,2,0,0.0,5970.28,2,0,0.0,0
LGS2ORD0022365,C012400,2025-06-27 03:00:00,Female,38,Bronze,TV,Phuket,1613,CallCenter,Credit_Card,3,6,4,0,30-40,53.766666666666666,7.0,1.0,0.14285714285714285,-8,4,8027.848571428572,0.18,0.5714285714285714,0.0,0.0,6674.43,1,1,1.0,6674.43,1,1,1.0,6674.43,1,1,1.0,56194.94,7,1,0.14285714285714285,0
LGS2ORD0022366,C013958,2025-06-27 03:00:00,Female,45,Silver,TV,Nakhon Ratchasima,421,Lazada,COD,3,6,4,0,40-50,14.033333333333333,1.0,0.0,0.0,-1,105,1133.94,0.05,0.0,0.0,0.0,0.0,0,0,0.0,0.0,0,0,0.0,0.0,0,0,0.0,1133.94,1,0,0.0,0
LGS2ORD0022367,C010838,2025-06-27 03:00:00,Female,28,Gold,TV,Remote_Area,844,Lazada,COD,3,6,4,0,20-30,28.133333333333333,3.0,2.0,0.6666666666666666,85,94,11498.89,0.28,0.6666666666666666,0.6666666666666666,0.0,0.0,0,0,0.0,0.0,0,0,0.0,0.0,0,0,0.0,34496.67,3,2,0.6666666666666666,0
LGS2ORD0022368,C011167,2025-06-27 03:00:00,Female,42,Silver,Web,Chiang Mai,1133,TV_Show,PromptPay,3,6,4,0,40-50,37.766666666666666,6.0,2.0,0.3333333333333333,76,43,1282.895,0.25,1.0,0.3333333333333333,0.0,0.0,0,0,0.0,0.0,0,0,0.0,1334.81,2,0,0.0,7697.37,6,2,0.3333333333333333,0
LGS2ORD0022369,C017514,2025-06-27 03:00:00,Female,44,Gold,Lazada,Bangkok,341,Web,COD,3,6,4,0,40-50,11.366666666666667,0.0,0.0,0.0,-1,-1,0.0,0.0,0.0,0.0,0.0,0.0,0,0,0.0,0.0,0,0,0.0,0.0,0,0,0.0,0.0,0,0,0.0,0
LGS2ORD0022370,C015105,2025-06-27 04:00:00,Male,63,Bronze,Lazada,Chonburi,1035,Lazada,COD,4,6,4,0,>50,34.5,5.0,1.0,0.2,150,75,6617.361999999999,0.23,0.4,0.4,0.0,0.0,0,0,0.0,0.0,0,0,0.0,8303.9,2,0,0.0,33086.81,5,1,0.2,1
LGS2ORD0022371,C012617,2025-06-27 04:00:00,Female,48,Silver,TV,Chonburi,770,Shopee,COD,4,6,4,0,40-50,25.666666666666668,3.0,0.0,0.0,-1,0,5240.213333333333,0.3,0.6666666666666666,0.3333333333333333,0.0,9750.36,1,0,0.0,11323.41,2,0,0.0,15720.64,3,0,0.0,15720.64,3,0,0.0,1
LGS2ORD0022372,C016248,2025-06-27 04:00:00,Female,44,Silver,TV,Nakhon Ratchasima,877,Shopee,COD,4,6,4,0,40-50,29.233333333333334,5.0,1.0,0.2,36,47,5668.55,0.25,0.4,0.2,0.0,0.0,0,0,0.0,0.0,0,0,0.0,1977.48,2,1,0.5,28342.75,5,1,0.2,0
LGS2ORD0022373,C015757,2025-06-27 04:00:00,Female,68,Silver,Web,Bangkok,755,Shopee,COD,4,6,4,0,>50,25.166666666666668,4.0,1.0,0.25,14,1,2432.1549999999997,0.15,0.0,0.0,0.0,2654.46,1,0,0.0,4245.610000000001,2,1,0.5,7501.13,3,1,0.3333333333333333,9728.619999999999,4,1,0.25,0
LGS2ORD0022374,C012882,2025-06-27 04:00:00,Male,57,Silver,Shopee,Chiang Mai,214,Lazada,COD,4,6,4,0,>50,7.133333333333334,3.0,0.0,0.0,-1,25,6439.263333333333,0.3,0.0,0.3333333333333333,0.0,0.0,0,0,0.0,1936.97,1,0,0.0,18202.33,2,0,0.0,19317.79,3,0,0.0,0
LGS2ORD0022375,C014165,2025-06-27 04:00:00,Other,47,Silver,TV,Khon Kaen,969,Shopee,COD,4,6,4,0,40-50,32.3,3.0,0.0,0.0,-1,78,1632.1733333333334,0.3,0.3333333333333333,0.3333333333333333,0.0,0.0,0,0,0.0,0.0,0,0,0.0,913.49,1,0,0.0,4896.52,3,0,0.0,0
LGS2ORD0022376,C017879,2025-06-27 05:00:00,Female,39,Bronze,Shopee,Chiang Mai,425,Lazada,PromptPay,5,6,4,0,30-40,14.166666666666666,1.0,0.0,0.0,-1,140,11721.6,0.03,0.0,0.0,0.0,0.0,0,0,0.0,0.0,0,0,0.0,0.0,0,0,0.0,11721.6,1,0,0.0,0
LGS2ORD0022377,C017516,2025-06-27 05:00:00,Male,60,Gold,TV,Bangkok,679,TV_Show,Bank_Transfer,5,6,4,0,>50,22.633333333333333,7.0,0.0,0.0,-1,3,8360.595714285713,0.28,0.8571428571428571,0.2857142857142857,0.0,11293.52,1,0,0.0,12185.98,2,0,0.0,49509.56999999999,4,0,0.0,58524.17,7,0,0.0,0
LGS2ORD0022378,C013580,2025-06-27 05:00:00,Male,37,Silver,Web,Khon Kaen,1034,Lazada,Credit_Card,5,6,4,0,30-40,34.46666666666667,1.0,1.0,1.0,79,95,1099.77,0.2,1.0,0.0,0.0,0.0,0,0,0.0,0.0,0,0,0.0,0.0,0,0,0.0,1099.77,1,1,1.0,0
LGS2ORD0022379,C017901,2025-06-27 05:00:00,Male,44,Bronze,Shopee,Chiang Mai,1456,TV_Show,PromptPay,5,6,4,0,40-50,48.53333333333333,3.0,1.0,0.3333333333333333,104,46,8900.623333333333,0.18,0.3333333333333333,0.0,0.0,0.0,0,0,0.0,0.0,0,0,0.0,4114.87,1,0,0.0,26701.87,3,1,0.3333333333333333,0
LGS2ORD0022380,C012950,2025-06-27 05:00:00,Female,59,Silver,Web,Bangkok,1137,TV_Show,Bank_Transfer,5,6,4,0,>50,37.9,0.0,0.0,0.0,-1,-1,0.0,0.0,0.0,0.0,0.0,0.0,0,0,0.0,0.0,0,0,0.0,0.0,0,0,0.0,0.0,0,0,0.0,0
LGS2ORD0022381,C012426,2025-06-27 06:00:00,Female,53,Bronze,TV,Chonburi,322,Shopee,COD,6,6,4,0,>50,10.733333333333333,5.0,2.0,0.4,87,14,4069.274,0.18,0.6,0.0,0.0,0.0,0,0,0.0,8098.099999999999,2,0,0.0,11807.509999999998,3,0,0.0,20346.37,5,2,0.4,0
LGS2ORD0022382,C012418,2025-06-27 06:00:00,Male,45,Bronze,Web,Songkhla,525,Lazada,PromptPay,6,6,4,0,40-50,17.5,6.0,4.0,0.6666666666666666,0,5,6166.551666666666,0.23,0.5,0.5,0.0,1330.83,1,1,1.0,9220.49,2,2,1.0,36164.8,5,4,0.8,36999.31,6,4,0.6666666666666666,1
LGS2ORD0022383,C011964,2025-06-27 06:00:00,Male,68,Bronze,Web,Chiang Mai,284,Shopee,COD,6,6,4,0,>50,9.466666666666667,4.0,1.0,0.25,27,20,4349.225,0.28,0.5,0.5,0.0,0.0,0,0,0.0,5629.58,1,0,0.0,17396.9,4,1,0.25,17396.9,4,1,0.25,0
LGS2ORD0022384,C017458,2025-06-27 06:00:00,Female,53,Bronze,Web,Nakhon Ratchasima,1025,TV_Show,Credit_Card,6,6,4,0,>50,34.166666666666664,4.0,1.0,0.25,56,59,3155.0424999999996,0.28,0.0,0.75,0.0,0.0,0,0,0.0,0.0,0,0,0.0,1590.97,1,1,1.0,12620.169999999998,4,1,0.25,0
LGS2ORD0022385,C013320,2025-06-27 06:00:00,Male,50,Silver,CallCenter,Remote_Area,980,Web,COD,6,6,4,0,40-50,32.666666666666664,4.0,2.0,0.5,100,31,2612.935,0.3,0.5,0.5,0.0,0.0,0,0,0.0,0.0,0,0,0.0,1790.56,1,0,0.0,10451.74,4,2,0.5,0
LGS2ORD0022386,C011262,2025-06-27 07:00:00,Male,58,Platinum,Lazada,Khon Kaen,1523,Web,COD,7,6,4,0,>50,50.766666666666666,0.0,0.0,0.0,-1,-1,0.0,0.0,0.0,0.0,0.0,0.0,0,0,0.0,0.0,0,0,0.0,0.0,0,0,0.0,0.0,0,0,0.0,0
LGS2ORD0022387,C015684,2025-06-27 07:00:00,Female,45,Gold,Shopee,Chiang Mai,926,Shopee,Bank_Transfer,7,6,4,0,40-50,30.866666666666667,1.0,1.0,1.0,24,32,1025.53,0.13,1.0,0.0,0.0,0.0,0,0,0.0,0.0,0,0,0.0,1025.53,1,1,1.0,1025.53,1,1,1.0,0
LGS2ORD0022388,C010809,2025-06-27 07:00:00,Male,38,Platinum,Web,Bangkok,1583,TV_Show,Credit_Card,7,6,4,0,30-40,52.766666666666666,4.0,0.0,0.0,-1,11,2854.0675,0.3,0.25,0.75,0.0,0.0,0,0,0.0,2282.7200000000003,2,0,0.0,9553.34,3,0,0.0,11416.27,4,0,0.0,0
LGS2ORD0022389,C016959,2025-06-27 07:00:00,Male,32,Gold,Lazada,Khon Kaen,244,Shopee,Credit_Card,7,6,4,0,30-40,8.133333333333333,1.0,0.0,0.0,-1,101,554.04,0.08,1.0,0.0,0.0,0.0,0,0,0.0,0.0,0,0,0.0,0.0,0,0,0.0,554.04,1,0,0.0,0
LGS2ORD0022390,C017064,2025-06-27 07:00:00,Male,46,Silver,Shopee,Songkhla,782,CallCenter,Credit_Card,7,6,4,0,40-50,26.066666666666666,4.0,1.0,0.25,75,25,2071.5299999999997,0.25,0.5,0.25,0.0,0.0,0,0,0.0,4404.69,1,0,0.0,7760.709999999999,3,1,0.3333333333333333,8286.119999999999,4,1,0.25,1
LGS2ORD0022391,C011077,2025-06-27 08:00:00,Female,71,Bronze,Shopee,Chonburi,1123,Web,COD,8,6,4,0,>50,37.43333333333333,6.0,0.0,0.0,-1,21,2365.7033333333334,0.28,0.8333333333333334,0.16666666666666666,0.0,0.0,0,0,0.0,6928.49,2,0,0.0,8814.36,3,0,0.0,14194.220000000001,6,0,0.0,0
LGS2ORD0022392,C012578,2025-06-27 08:00:00,Female,41,Bronze,Web,Chiang Mai,741,Shopee,COD,8,6,4,0,40-50,24.7,6.0,1.0,0.16666666666666666,79,29,8006.86,0.23,0.16666666666666666,0.16666666666666666,0.0,0.0,0,0,0.0,942.0,1,0,0.0,12072.529999999999,3,0,0.0,48041.159999999996,6,1,0.16666666666666666,0
LGS2ORD0022393,C012068,2025-06-27 08:00:00,Male,45,Bronze,CallCenter,Bangkok,871,Web,PromptPay,8,6,4,0,40-50,29.033333333333335,0.0,0.0,0.0,-1,-1,0.0,0.0,0.0,0.0,0.0,0.0,0,0,0.0,0.0,0,0,0.0,0.0,0,0,0.0,0.0,0,0,0.0,0
LGS2ORD0022394,C013219,2025-06-27 08:00:00,Other,18,Gold,Shopee,Chiang Mai,1242,TV_Show,Credit_Card,8,6,4,0,<20,41.4,2.0,0.0,0.0,-1,7,1053.875,0.2299999999999999,0.0,0.5,0.0,0.0,0,0,0.0,2107.75,2,0,0.0,2107.75,2,0,0.0,2107.75,2,0,0.0,1
LGS2ORD0022395,C011646,2025-06-27 08:00:00,Male,54,Bronze,TV,Phuket,1031,TV_Show,COD,8,6,4,0,>50,34.36666666666667,3.0,0.0,0.0,-1,43,13188.843333333332,0.23,0.3333333333333333,0.6666666666666666,0.0,0.0,0,0,0.0,0.0,0,0,0.0,11942.9,1,0,0.0,39566.53,3,0,0.0,1
LGS2ORD0022396,C013189,2025-06-27 08:00:00,Female,42,Bronze,Web,Bangkok,1407,Shopee,COD,8,6,4,0,40-50,46.9,4.0,0.0,0.0,-1,16,3013.45,0.28,0.5,0.25,0.0,0.0,0,0,0.0,318.59,1,0,0.0,318.59,1,0,0.0,12053.8,4,0,0.0,0
LGS2ORD0022397,C015599,2025-06-27 09:00:00,Male,36,Bronze,Shopee,Bangkok,1563,Shopee,Credit_Card,9,6,4,0,30-40,52.1,7.0,2.0,0.2857142857142857,41,54,3400.078571428571,0.28,0.5714285714285714,0.42857142857142855,0.0,0.0,0,0,0.0,0.0,0,0,0.0,15296.66,5,2,0.4,23800.55,7,2,0.2857142857142857,0
LGS2ORD0022398,C017187,2025-06-27 09:00:00,Male,53,Silver,Web,Chonburi,194,Web,COD,9,6,4,0,>50,6.466666666666667,2.0,0.0,0.0,-1,28,9642.67,0.2,1.0,0.0,0.0,0.0,0,0,0.0,17513.33,1,0,0.0,17513.33,1,0,0.0,19285.34,2,0,0.0,1
LGS2ORD0022399,C010026,2025-06-27 09:00:00,Female,51,Bronze,Web,Bangkok,704,CallCenter,COD,9,6,4,0,>50,23.466666666666665,4.0,2.0,0.5,90,12,2132.5175,0.28,0.5,0.25,0.0,0.0,0,0,0.0,4861.719999999999,2,0,0.0,4861.719999999999,2,0,0.0,8530.07,4,2,0.5,0
LGS2ORD0022400,C015502,2025-06-27 09:00:00,Male,31,Platinum,Shopee,Phuket,414,TV_Show,COD,9,6,4,0,30-40,13.8,3.0,1.0,0.3333333333333333,19,26,3532.9566666666665,0.3,0.6666666666666666,0.3333333333333333,0.0,0.0,0,0,0.0,1681.42,1,1,1.0,3543.4700000000003,2,1,0.5,10598.869999999999,3,1,0.3333333333333333,0
LGS2ORD0022401,C011193,2025-06-27 09:00:00,Male,35,Gold,Shopee,Bangkok,774,TV_Show,COD,9,6,4,0,30-40,25.8,2.0,0.0,0.0,-1,1,3416.47,0.28,0.0,0.5,0.0,2698.99,1,0,0.0,6832.94,2,0,0.0,6832.94,2,0,0.0,6832.94,2,0,0.0,0
LGS2ORD0022402,C014500,2025-06-27 10:00:00,Male,42,Bronze,Shopee,Bangkok,1433,Shopee,COD,10,6,4,0,40-50,47.766666666666666,3.0,2.0,0.6666666666666666,56,4,9358.353333333333,0.23,0.6666666666666666,0.6666666666666666,0.0,11022.08,1,0,0.0,11022.08,1,0,0.0,13845.3,2,1,0.5,28075.059999999998,3,2,0.6666666666666666,0
LGS2ORD0022403,C013089,2025-06-27 10:00:00,Male,25,Bronze,Web,Songkhla,224,TV_Show,Bank_Transfer,10,6,4,0,20-30,7.466666666666667,2.0,0.0,0.0,-1,27,9360.815,0.18,0.5,0.0,0.0,0.0,0,0,0.0,2034.8,1,0,0.0,2034.8,1,0,0.0,18721.63,2,0,0.0,1
LGS2ORD0022404,C010879,2025-06-27 10:00:00,Male,44,Bronze,Web,Bangkok,1501,TV_Show,Credit_Card,10,6,4,0,40-50,50.03333333333333,7.0,0.0,0.0,-1,5,7125.578571428572,0.23,0.14285714285714285,0.14285714285714285,0.0,6905.52,1,0,0.0,20437.03,3,0,0.0,41003.33,5,0,0.0,49879.05,7,0,0.0,1
LGS2ORD0022405,C011957,2025-06-27 10:00:00,Male,53,Gold,Web,Songkhla,576,Lazada,Bank_Transfer,10,6,4,0,>50,19.2,4.0,2.0,0.5,55,48,4178.014999999999,0.33,0.5,0.5,0.0,0.0,0,0,0.0,0.0,0,0,0.0,15168.75,3,1,0.3333333333333333,16712.059999999998,4,2,0.5,0
LGS2ORD0022406,C012086,2025-06-27 10:00:00,Male,62,Silver,Shopee,Bangkok,1451,Lazada,COD,10,6,4,0,>50,48.36666666666667,5.0,0.0,0.0,-1,65,6128.611999999999,0.15,0.4,0.0,0.0,0.0,0,0,0.0,0.0,0,0,0.0,6241.25,2,0,0.0,30643.059999999998,5,0,0.0,1
LGS2ORD0022407,C013838,2025-06-27 11:00:00,Male,60,Bronze,CallCenter,Remote_Area,273,TV_Show,COD,11,6,4,0,>50,9.1,6.0,3.0,0.5,70,76,2909.0249999999996,0.28,0.5,0.3333333333333333,0.0,0.0,0,0,0.0,0.0,0,0,0.0,1166.2,1,1,1.0,17454.149999999998,6,3,0.5,0
LGS2ORD0022408,C015810,2025-06-27 11:00:00,Male,53,Gold,TV,Phuket,312,Shopee,PromptPay,11,6,4,0,>50,10.4,3.0,0.0,0.0,-1,75,4055.1800000000003,0.28,0.6666666666666666,0.3333333333333333,0.0,0.0,0,0,0.0,0.0,0,0,0.0,483.09,1,0,0.0,12165.54,3,0,0.0,1
LGS2ORD0022409,C017433,2025-06-27 11:00:00,Female,44,Gold,TV,Chonburi,622,Shopee,Credit_Card,11,6,4,0,40-50,20.733333333333334,5.0,1.0,0.2,168,80,2229.986,0.33,0.6,0.4,0.0,0.0,0,0,0.0,0.0,0,0,0.0,3254.19,1,0,0.0,11149.93,5,1,0.2,0
LGS2ORD0022410,C013161,2025-06-27 11:00:00,Male,50,Bronze,Shopee,Nakhon Ratchasima,997,Web,PromptPay,11,6,4,0,40-50,33.233333333333334,4.0,0.0,0.0,-1,42,4617.8925,0.23,0.75,0.25,0.0,0.0,0,0,0.0,0.0,0,0,0.0,11401.45,2,0,0.0,18471.57,4,0,0.0,1
LGS2ORD0022411,C015964,2025-06-27 11:00:00,Female,43,Bronze,Shopee,Chonburi,455,TV_Show,COD,11,6,4,0,40-50,15.166666666666666,2.0,0.0,0.0,-1,80,3171.17,0.28,1.0,0.5,0.0,0.0,0,0,0.0,0.0,0,0,0.0,3655.75,1,0,0.0,6342.34,2,0,0.0,0
LGS2ORD0022412,C012922,2025-06-27 12:00:00,Female,70,Bronze,TV,Bangkok,524,Lazada,PromptPay,12,6,4,0,>50,17.466666666666665,5.0,0.0,0.0,-1,77,4226.820000000001,0.23,0.4,0.2,0.0,0.0,0,0,0.0,0.0,0,0,0.0,1546.77,1,0,0.0,21134.100000000002,5,0,0.0,0
LGS2ORD0022413,C012732,2025-06-27 12:00:00,Female,59,Silver,Lazada,Bangkok,681,Web,Credit_Card,12,6,4,0,>50,22.7,4.0,0.0,0.0,-1,12,10405.005,0.1,0.25,0.0,0.0,0.0,0,0,0.0,9737.32,1,0,0.0,9737.32,1,0,0.0,41620.02,4,0,0.0,0
LGS2ORD0022414,C012261,2025-06-27 12:00:00,Male,72,Silver,Shopee,Chonburi,1117,TV_Show,COD,12,6,4,0,>50,37.233333333333334,1.0,1.0,1.0,33,37,4472.01,0.05,0.0,0.0,0.0,0.0,0,0,0.0,0.0,0,0,0.0,4472.01,1,1,1.0,4472.01,1,1,1.0,0
LGS2ORD0022415,C010891,2025-06-27 12:00:00,Female,43,Gold,Shopee,Khon Kaen,1630,TV_Show,COD,12,6,4,0,40-50,54.333333333333336,1.0,0.0,0.0,-1,111,6209.22,0.18,0.0,0.0,0.0,0.0,0,0,0.0,0.0,0,0,0.0,0.0,0,0,0.0,6209.22,1,0,0.0,0
LGS2ORD0022416,C013155,2025-06-27 12:00:00,Female,72,Silver,Lazada,Khon Kaen,370,Web,COD,12,6,4,0,>50,12.333333333333334,5.0,2.0,0.4,1,5,4898.2,0.3,0.2,0.6,0.0,3472.82,1,1,1.0,3472.82,1,1,1.0,3472.82,1,1,1.0,24491.0,5,2,0.4,1
LGS2ORD0022417,C012894,2025-06-27 12:00:00,Female,53,Bronze,Web,Khon Kaen,527,Lazada,Credit_Card,12,6,4,0,>50,17.566666666666666,6.0,3.0,0.5,89,23,2768.096666666667,0.28,0.16666666666666666,0.5,0.0,0.0,0,0,0.0,618.59,1,0,0.0,5739.56,3,0,0.0,16608.58,6,3,0.5,0
LGS2ORD0022418,C014196,2025-06-27 13:00:00,Female,21,Bronze,Web,Remote_Area,1382,TV_Show,COD,13,6,4,0,20-30,46.06666666666667,2.0,0.0,0.0,-1,33,2487.34,0.13,0.0,0.0,0.0,0.0,0,0,0.0,0.0,0,0,0.0,4647.84,1,0,0.0,4974.68,2,0,0.0,0
LGS2ORD0022419,C015069,2025-06-27 13:00:00,Female,44,Silver,Web,Chiang Mai,721,TV_Show,Credit_Card,13,6,4,0,40-50,24.033333333333335,6.0,2.0,0.3333333333333333,131,23,3481.623333333333,0.3,0.5,0.16666666666666666,0.0,0.0,0,0,0.0,4000.17,1,0,0.0,9660.41,2,0,0.0,20889.739999999998,6,2,0.3333333333333333,0
LGS2ORD0022420,C015409,2025-06-27 13:00:00,Male,24,Gold,TV,Chiang Mai,1113,Web,Credit_Card,13,6,4,0,20-30,37.1,2.0,0.0,0.0,-1,99,4881.975,0.2299999999999999,0.0,0.5,0.0,0.0,0,0,0.0,0.0,0,0,0.0,0.0,0,0,0.0,9763.95,2,0,0.0,1
LGS2ORD0022421,C013387,2025-06-27 13:00:00,Other,49,Gold,TV,Songkhla,510,CallCenter,Credit_Card,13,6,4,0,40-50,17.0,3.0,1.0,0.3333333333333333,-8,8,5964.143333333333,0.28,0.0,1.0,0.0,0.0,0,0,0.0,2846.07,1,1,1.0,12090.98,2,1,0.5,17892.43,3,1,0.3333333333333333,1
LGS2ORD0022422,C013623,2025-06-27 13:00:00,Female,47,Bronze,TV,Chonburi,1610,Shopee,COD,13,6,4,0,40-50,53.666666666666664,4.0,1.0,0.25,63,37,13796.8125,0.23,1.0,0.25,0.0,0.0,0,0,0.0,0.0,0,0,0.0,42156.49,3,1,0.3333333333333333,55187.25,4,1,0.25,1
LGS2ORD0022423,C015010,2025-06-27 14:00:00,Female,41,Bronze,Shopee,Bangkok,385,Web,PromptPay,14,6,4,0,40-50,12.833333333333334,2.0,0.0,0.0,-1,41,4134.54,0.03,0.0,0.0,0.0,0.0,0,0,0.0,0.0,0,0,0.0,7309.89,1,0,0.0,8269.08,2,0,0.0,0
LGS2ORD0022424,C016907,2025-06-27 14:00:00,Male,43,Gold,Lazada,Chonburi,959,Web,COD,14,6,4,0,40-50,31.966666666666665,3.0,1.0,0.3333333333333333,75,28,7689.973333333334,0.28,0.3333333333333333,0.3333333333333333,0.0,0.0,0,0,0.0,13854.61,1,0,0.0,13854.61,1,0,0.0,23069.920000000002,3,1,0.3333333333333333,1
LGS2ORD0022425,C015233,2025-06-27 14:00:00,Female,23,Gold,Shopee,Khon Kaen,1095,Shopee,COD,14,6,4,0,20-30,36.5,5.0,2.0,0.4,-2,4,4328.356,0.28,0.6,0.4,0.0,351.73,1,1,1.0,14295.21,3,2,0.6666666666666666,21641.78,5,2,0.4,21641.78,5,2,0.4,1
LGS2ORD0022426,C010576,2025-06-27 14:00:00,Female,25,Bronze,TV,Remote_Area,516,Shopee,COD,14,6,4,0,20-30,17.2,5.0,2.0,0.4,4,13,5191.531999999999,0.28,0.4,0.2,0.0,0.0,0,0,0.0,10771.529999999999,2,1,0.5,25957.659999999996,5,2,0.4,25957.659999999996,5,2,0.4,0
LGS2ORD0022427,C017505,2025-06-27 14:00:00,Female,27,Bronze,Web,Khon Kaen,596,TV_Show,COD,14,6,4,0,20-30,19.866666666666667,0.0,0.0,0.0,-1,-1,0.0,0.0,0.0,0.0,0.0,0.0,0,0,0.0,0.0,0,0,0.0,0.0,0,0,0.0,0.0,0,0,0.0,0
LGS2ORD0022428,C011342,2025-06-27 15:00:00,Female,34,Platinum,Lazada,Nakhon Ratchasima,1186,CallCenter,COD,15,6,4,0,30-40,39.53333333333333,3.0,2.0,0.6666666666666666,76,25,1410.6000000000001,0.35,0.6666666666666666,0.6666666666666666,0.0,0.0,0,0,0.0,1532.51,1,0,0.0,2464.0699999999997,2,1,0.5,4231.8,3,2,0.6666666666666666,1
LGS2ORD0022429,C012769,2025-06-27 15:00:00,Male,57,Bronze,TV,Remote_Area,1485,CallCenter,COD,15,6,4,0,>50,49.5,3.0,2.0,0.6666666666666666,61,33,12847.17,0.28,1.0,0.3333333333333333,0.0,0.0,0,0,0.0,0.0,0,0,0.0,16414.65,2,1,0.5,38541.51,3,2,0.6666666666666666,1
LGS2ORD0022430,C014332,2025-06-27 15:00:00,Female,36,Bronze,Web,Remote_Area,1081,TV_Show,COD,15,6,4,0,30-40,36.03333333333333,5.0,1.0,0.2,94,78,7734.348,0.28,0.6,0.2,0.0,0.0,0,0,0.0,0.0,0,0,0.0,3974.86,1,0,0.0,38671.74,5,1,0.2,1
LGS2ORD0022431,C016356,2025-06-27 15:00:00,Female,41,Gold,Lazada,Bangkok,755,TV_Show,PromptPay,15,6,4,0,40-50,25.166666666666668,2.0,0.0,0.0,-1,41,18292.114999999998,0.33,0.0,0.5,0.0,0.0,0,0,0.0,0.0,0,0,0.0,36584.229999999996,2,0,0.0,36584.229999999996,2,0,0.0,0
LGS2ORD0022432,C012592,2025-06-27 15:00:00,Female,31,Bronze,TV,Bangkok,495,Web,PromptPay,15,6,4,0,30-40,16.5,3.0,0.0,0.0,-1,55,6749.946666666667,0.08,0.3333333333333333,0.0,0.0,0.0,0,0,0.0,0.0,0,0,0.0,5042.35,2,0,0.0,20249.84,3,0,0.0,0
LGS2ORD0022433,C016081,2025-06-27 16:00:00,Female,43,Platinum,Web,Bangkok,212,Lazada,COD,16,6,4,0,40-50,7.066666666666666,1.0,0.0,0.0,-1,40,4763.38,0.1,0.0,0.0,0.0,0.0,0,0,0.0,0.0,0,0,0.0,4763.38,1,0,0.0,4763.38,1,0,0.0,0
LGS2ORD0022434,C016085,2025-06-27 16:00:00,Male,58,Silver,Shopee,Songkhla,399,Shopee,Credit_Card,16,6,4,0,>50,13.3,3.0,0.0,0.0,-1,98,4265.25,0.25,1.0,0.3333333333333333,0.0,0.0,0,0,0.0,0.0,0,0,0.0,0.0,0,0,0.0,12795.75,3,0,0.0,0
LGS2ORD0022435,C013535,2025-06-27 16:00:00,Male,35,Bronze,Shopee,Bangkok,711,Lazada,PromptPay,16,6,4,0,30-40,23.7,2.0,0.0,0.0,-1,112,3159.865,0.08,0.0,0.0,0.0,0.0,0,0,0.0,0.0,0,0,0.0,0.0,0,0,0.0,6319.73,2,0,0.0,0
LGS2ORD0022436,C017226,2025-06-27 16:00:00,Female,25,Silver,Lazada,Chonburi,993,CallCenter,Credit_Card,16,6,4,0,20-30,33.1,2.0,0.0,0.0,-1,117,14824.44,0.15,0.0,0.0,0.0,0.0,0,0,0.0,0.0,0,0,0.0,0.0,0,0,0.0,29648.88,2,0,0.0,0
LGS2ORD0022437,C014650,2025-06-27 16:00:00,Female,52,Bronze,Lazada,Phuket,1619,Web,Credit_Card,16,6,4,0,>50,53.96666666666667,4.0,2.0,0.5,73,40,3163.295,0.18,0.75,0.0,0.0,0.0,0,0,0.0,0.0,0,0,0.0,3506.66,2,1,0.5,12653.18,4,2,0.5,1
LGS2ORD0022438,C017118,2025-06-27 16:00:00,Female,41,Silver,Lazada,Chiang Mai,1018,Web,COD,16,6,4,0,40-50,33.93333333333333,0.0,0.0,0.0,-1,-1,0.0,0.0,0.0,0.0,0.0,0.0,0,0,0.0,0.0,0,0,0.0,0.0,0,0,0.0,0.0,0,0,0.0,0
LGS2ORD0022439,C015260,2025-06-27 17:00:00,Male,25,Silver,Lazada,Chiang Mai,451,Web,COD,17,6,4,0,20-30,15.033333333333333,0.0,0.0,0.0,-1,-1,0.0,0.0,0.0,0.0,0.0,0.0,0,0,0.0,0.0,0,0,0.0,0.0,0,0,0.0,0.0,0,0,0.0,0
LGS2ORD0022440,C014184,2025-06-27 17:00:00,Female,43,Bronze,TV,Chiang Mai,320,TV_Show,PromptPay,17,6,4,0,40-50,10.666666666666666,1.0,0.0,0.0,-1,85,3997.36,0.08,0.0,0.0,0.0,0.0,0,0,0.0,0.0,0,0,0.0,3997.36,1,0,0.0,3997.36,1,0,0.0,0
LGS2ORD0022441,C011854,2025-06-27 17:00:00,Male,57,Bronze,CallCenter,Remote_Area,712,CallCenter,COD,17,6,4,0,>50,23.733333333333334,3.0,2.0,0.6666666666666666,125,58,2913.123333333333,0.18,0.6666666666666666,0.0,0.0,0.0,0,0,0.0,0.0,0,0,0.0,2903.08,1,0,0.0,8739.369999999999,3,2,0.6666666666666666,0
LGS2ORD0022442,C016040,2025-06-27 17:00:00,Female,67,Silver,Web,Bangkok,361,TV_Show,COD,17,6,4,0,>50,12.033333333333333,4.0,2.0,0.5,77,31,13840.61,0.1,0.25,0.0,0.0,0.0,0,0,0.0,0.0,0,0,0.0,51716.29,3,2,0.6666666666666666,55362.44,4,2,0.5,1
LGS2ORD0022443,C016990,2025-06-27 17:00:00,Male,47,Platinum,Shopee,Bangkok,493,Lazada,PromptPay,17,6,4,0,40-50,16.433333333333334,2.0,0.0,0.0,-1,84,2174.39,0.1,0.0,0.0,0.0,0.0,0,0,0.0,0.0,0,0,0.0,3610.43,1,0,0.0,4348.78,2,0,0.0,0
LGS2ORD0022444,C014786,2025-06-27 18:00:00,Male,32,Bronze,TV,Remote_Area,877,Web,Credit_Card,18,6,4,0,30-40,29.233333333333334,5.0,1.0,0.2,117,4,3007.058,0.23,0.6,0.2,0.0,885.07,1,0,0.0,885.07,1,0,0.0,13356.3,3,0,0.0,15035.29,5,1,0.2,0
LGS2ORD0022445,C010352,2025-06-27 18:00:00,Female,48,Gold,Web,Bangkok,1254,Lazada,Credit_Card,18,6,4,0,40-50,41.8,2.0,0.0,0.0,-1,72,6817.465,0.13,1.0,0.0,0.0,0.0,0,0,0.0,0.0,0,0,0.0,13634.93,2,0,0.0,13634.93,2,0,0.0,1
LGS2ORD0022446,C012556,2025-06-27 18:00:00,Female,38,Silver,CallCenter,Remote_Area,1433,Shopee,COD,18,6,4,0,30-40,47.766666666666666,3.0,0.0,0.0,-1,52,2688.5266666666666,0.25,0.3333333333333333,0.3333333333333333,0.0,0.0,0,0,0.0,0.0,0,0,0.0,4724.29,2,0,0.0,8065.58,3,0,0.0,0
LGS2ORD0022447,C011869,2025-06-27 18:00:00,Male,49,Platinum,Web,Bangkok,1538,TV_Show,COD,18,6,4,0,40-50,51.266666666666666,2.0,0.0,0.0,-1,132,3722.545,0.25,1.0,0.5,0.0,0.0,0,0,0.0,0.0,0,0,0.0,0.0,0,0,0.0,7445.09,2,0,0.0,1
LGS2ORD0022448,C016467,2025-06-27 18:00:00,Female,29,Gold,Shopee,Khon Kaen,1588,TV_Show,COD,18,6,4,0,20-30,52.93333333333333,7.0,1.0,0.14285714285714285,46,2,1972.1271428571429,0.33,0.5714285714285714,0.42857142857142855,0.0,1369.38,1,0,0.0,1919.0900000000001,3,0,0.0,8310.43,5,1,0.2,13804.89,7,1,0.14285714285714285,0
LGS2ORD0022449,C016213,2025-06-27 19:00:00,Male,42,Silver,TV,Songkhla,396,Lazada,COD,19,6,4,0,40-50,13.2,3.0,0.0,0.0,-1,33,4957.033333333334,0.3,0.6666666666666666,0.6666666666666666,0.0,0.0,0,0,0.0,0.0,0,0,0.0,11675.810000000001,2,0,0.0,14871.1,3,0,0.0,1
LGS2ORD0022450,C010219,2025-06-27 19:00:00,Male,43,Bronze,Web,Bangkok,851,Web,Bank_Transfer,19,6,4,0,40-50,28.366666666666667,2.0,0.0,0.0,-1,29,5872.62,0.18,0.5,0.0,0.0,0.0,0,0,0.0,3362.56,1,0,0.0,3362.56,1,0,0.0,11745.24,2,0,0.0,1
LGS2ORD0022451,C017935,2025-06-27 19:00:00,Female,54,Bronze,Web,Phuket,987,CallCenter,COD,19,6,4,0,>50,32.9,4.0,3.0,0.75,11,18,4315.3324999999995,0.18,0.75,0.0,0.0,0.0,0,0,0.0,397.59,1,1,1.0,8990.78,3,3,1.0,17261.329999999998,4,3,0.75,0
LGS2ORD0022452,C011169,2025-06-27 19:00:00,Female,53,Bronze,TV,Chiang Mai,794,Web,COD,19,6,4,0,>50,26.466666666666665,7.0,2.0,0.2857142857142857,46,55,4234.357142857142,0.23,0.42857142857142855,0.14285714285714285,0.0,0.0,0,0,0.0,0.0,0,0,0.0,9990.23,4,2,0.5,29640.499999999996,7,2,0.2857142857142857,0
LGS2ORD0022453,C015727,2025-06-27 19:00:00,Female,42,Silver,Shopee,Phuket,1204,TV_Show,Bank_Transfer,19,6,4,0,40-50,40.13333333333333,1.0,0.0,0.0,-1,128,1993.35,0.05,1.0,0.0,0.0,0.0,0,0,0.0,0.0,0,0,0.0,0.0,0,0,0.0,1993.35,1,0,0.0,0
LGS2ORD0022454,C014553,2025-06-27 20:00:00,Male,54,Silver,TV,Bangkok,1292,Web,Credit_Card,20,6,4,0,>50,43.06666666666667,0.0,0.0,0.0,-1,-1,0.0,0.0,0.0,0.0,0.0,0.0,0,0,0.0,0.0,0,0,0.0,0.0,0,0,0.0,0.0,0,0,0.0,0
LGS2ORD0022455,C011224,2025-06-27 20:00:00,Male,38,Gold,TV,Bangkok,1179,Lazada,PromptPay,20,6,4,0,30-40,39.3,0.0,0.0,0.0,-1,-1,0.0,0.0,0.0,0.0,0.0,0.0,0,0,0.0,0.0,0,0,0.0,0.0,0,0,0.0,0.0,0,0,0.0,1
LGS2ORD0022456,C017893,2025-06-27 20:00:00,Female,61,Bronze,Lazada,Chiang Mai,1347,Shopee,PromptPay,20,6,4,0,>50,44.9,4.0,0.0,0.0,-1,3,2881.195,0.23,0.25,0.5,0.0,5018.16,2,0,0.0,11524.78,4,0,0.0,11524.78,4,0,0.0,11524.78,4,0,0.0,0
LGS2ORD0022457,C017961,2025-06-27 20:00:00,Female,35,Bronze,Lazada,Chiang Mai,1049,TV_Show,COD,20,6,4,0,30-40,34.96666666666667,5.0,1.0,0.2,140,24,10735.292000000001,0.23,0.4,0.2,0.0,0.0,0,0,0.0,5506.13,1,0,0.0,10130.67,2,0,0.0,53676.46000000001,5,1,0.2,1
LGS2ORD0022458,C011931,2025-06-27 20:00:00,Other,45,Silver,Web,Bangkok,1557,CallCenter,Credit_Card,20,6,4,0,40-50,51.9,5.0,1.0,0.2,97,42,9254.038,0.3,0.4,0.6,0.0,0.0,0,0,0.0,0.0,0,0,0.0,6199.48,1,0,0.0,46270.19,5,1,0.2,0
LGS2ORD0022459,C012594,2025-06-27 20:00:00,Male,71,Gold,Web,Nakhon Ratchasima,1129,Lazada,COD,20,6,4,0,>50,37.63333333333333,2.0,0.0,0.0,-1,88,3834.315,0.28,0.5,0.5,0.0,0.0,0,0,0.0,0.0,0,0,0.0,4083.07,1,0,0.0,7668.63,2,0,0.0,0
LGS2ORD0022460,C016546,2025-06-27 21:00:00,Female,40,Gold,TV,Khon Kaen,221,Lazada,COD,21,6,4,0,30-40,7.366666666666666,4.0,0.0,0.0,-1,14,4940.4925,0.13,0.0,0.0,0.0,0.0,0,0,0.0,11839.03,1,0,0.0,11839.03,1,0,0.0,19761.97,4,0,0.0,0
LGS2ORD0022461,C017775,2025-06-27 21:00:00,Female,53,Bronze,Web,Bangkok,1488,Web,PromptPay,21,6,4,0,>50,49.6,2.0,1.0,0.5,110,45,5744.75,0.18,0.5,0.0,0.0,0.0,0,0,0.0,0.0,0,0,0.0,319.77,1,0,0.0,11489.5,2,1,0.5,0
LGS2ORD0022462,C013746,2025-06-27 21:00:00,Female,49,Gold,Shopee,Bangkok,314,Web,COD,21,6,4,0,40-50,10.466666666666667,5.0,0.0,0.0,-1,57,4764.498,0.28,0.4,0.6,0.0,0.0,0,0,0.0,0.0,0,0,0.0,17514.14,2,0,0.0,23822.489999999998,5,0,0.0,1
LGS2ORD0022463,C012884,2025-06-27 21:00:00,Female,41,Platinum,TV,Bangkok,740,Shopee,Credit_Card,21,6,4,0,40-50,24.666666666666668,4.0,0.0,0.0,-1,37,7959.0975,0.15,0.0,0.0,0.0,0.0,0,0,0.0,0.0,0,0,0.0,21628.48,1,0,0.0,31836.39,4,0,0.0,0
LGS2ORD0022464,C017532,2025-06-27 21:00:00,Other,72,Silver,Shopee,Remote_Area,1518,TV_Show,Credit_Card,21,6,4,0,>50,50.6,3.0,1.0,0.3333333333333333,121,38,3679.2700000000004,0.25,0.3333333333333333,0.3333333333333333,0.0,0.0,0,0,0.0,0.0,0,0,0.0,4889.85,2,0,0.0,11037.810000000001,3,1,0.3333333333333333,0
LGS2ORD0022465,C016258,2025-06-27 22:00:00,Female,67,Platinum,TV,Songkhla,707,Shopee,COD,22,6,4,0,>50,23.566666666666666,3.0,1.0,0.3333333333333333,116,50,8967.963333333333,0.35,0.0,0.3333333333333333,0.0,0.0,0,0,0.0,0.0,0,0,0.0,20109.17,1,0,0.0,26903.89,3,1,0.3333333333333333,0
LGS2ORD0022466,C014651,2025-06-27 22:00:00,Female,51,Gold,Shopee,Chonburi,262,TV_Show,Credit_Card,22,6,4,0,>50,8.733333333333333,4.0,1.0,0.25,101,12,1088.3425,0.28,0.75,0.75,0.0,0.0,0,0,0.0,582.83,1,0,0.0,582.83,1,0,0.0,4353.37,4,1,0.25,0
LGS2ORD0022467,C013805,2025-06-27 22:00:00,Male,56,Gold,Lazada,Chonburi,1027,TV_Show,COD,22,6,4,0,>50,34.233333333333334,5.0,0.0,0.0,-1,6,3460.5380000000005,0.33,0.0,0.6,0.0,752.22,1,0,0.0,752.22,1,0,0.0,9206.97,3,0,0.0,17302.690000000002,5,0,0.0,0
LGS2ORD0022468,C017777,2025-06-27 22:00:00,Male,65,Gold,Shopee,Remote_Area,218,Shopee,COD,22,6,4,0,>50,7.266666666666667,3.0,3.0,1.0,31,38,2750.866666666667,0.33,0.3333333333333333,1.0,0.0,0.0,0,0,0.0,0.0,0,0,0.0,6968.33,2,2,1.0,8252.6,3,3,1.0,1
LGS2ORD0022469,C010499,2025-06-27 22:00:00,Female,47,Bronze,CallCenter,Phuket,820,Web,Credit_Card,22,6,4,0,40-50,27.333333333333332,4.0,3.0,0.75,13,26,4789.515,0.23,0.75,0.25,0.0,0.0,0,0,0.0,1290.18,1,1,1.0,17210.56,3,2,0.6666666666666666,19158.06,4,3,0.75,0
LGS2ORD0022470,C015269,2025-06-27 23:00:00,Female,18,Bronze,Web,Khon Kaen,1562,Shopee,COD,23,6,4,0,<20,52.06666666666667,7.0,1.0,0.14285714285714285,97,6,5490.897142857143,0.28,0.5714285714285714,0.2857142857142857,0.0,9756.78,1,0,0.0,9756.78,1,0,0.0,20380.730000000003,4,0,0.0,38436.28,7,1,0.14285714285714285,0
LGS2ORD0022471,C011635,2025-06-27 23:00:00,Female,18,Silver,Lazada,Phuket,258,TV_Show,COD,23,6,4,0,<20,8.6,3.0,1.0,0.3333333333333333,-9,1,7088.643333333333,0.25,0.6666666666666666,0.3333333333333333,0.0,1854.57,1,1,1.0,1854.57,1,1,1.0,18605.07,2,1,0.5,21265.93,3,1,0.3333333333333333,0
LGS2ORD0022472,C012422,2025-06-27 23:00:00,Female,43,Silver,TV,Chiang Mai,1301,TV_Show,COD,23,6,4,0,40-50,43.36666666666667,4.0,1.0,0.25,170,25,4382.6775,0.3,1.0,0.5,0.0,0.0,0,0,0.0,13504.19,1,0,0.0,15548.5,2,0,0.0,17530.71,4,1,0.25,1
LGS2ORD0022473,C012164,2025-06-27 23:00:00,Female,53,Silver,Shopee,Khon Kaen,607,Shopee,COD,23,6,4,0,>50,20.233333333333334,4.0,0.0,0.0,-1,15,2068.8650000000002,0.25,0.5,0.5,0.0,0.0,0,0,0.0,1577.68,1,0,0.0,5744.450000000001,2,0,0.0,8275.460000000001,4,0,0.0,0
LGS2ORD0022474,C010914,2025-06-27 23:00:00,Female,36,Silver,Shopee,Khon Kaen,286,CallCenter,COD,23,6,4,0,30-40,9.533333333333333,4.0,1.0,0.25,-1,11,2287.16,0.25,0.5,0.25,0.0,0.0,0,0,0.0,2392.6800000000003,2,1,0.5,8253.58,3,1,0.3333333333333333,9148.64,4,1,0.25,1
LGS2ORD0022475,C014602,2025-06-27 23:00:00,Female,52,Gold,TV,Nakhon Ratchasima,1453,Lazada,COD,23,6,4,0,>50,48.43333333333333,2.0,1.0,0.5,82,33,4258.79,0.2299999999999999,0.0,1.0,0.0,0.0,0,0,0.0,0.0,0,0,0.0,8517.58,2,1,0.5,8517.58,2,1,0.5,0
LGS2ORD0022476,C014119,2025-06-28 00:00:00,Male,58,Bronze,Shopee,Chiang Mai,1561,Lazada,Credit_Card,0,6,5,1,>50,52.03333333333333,0.0,0.0,0.0,-1,-1,0.0,0.0,0.0,0.0,0.0,0.0,0,0,0.0,0.0,0,0,0.0,0.0,0,0,0.0,0.0,0,0,0.0,0
LGS2ORD0022477,C013462,2025-06-28 00:00:00,Female,57,Bronze,CallCenter,Chonburi,680,CallCenter,COD,0,6,5,1,>50,22.666666666666668,5.0,2.0,0.4,14,30,4406.09,0.23,0.2,0.2,0.0,0.0,0,0,0.0,0.0,0,0,0.0,17375.45,3,1,0.3333333333333333,22030.45,5,2,0.4,0
LGS2ORD0022478,C010953,2025-06-28 00:00:00,Male,38,Bronze,Web,Chiang Mai,1185,Web,Bank_Transfer,0,6,5,1,30-40,39.5,2.0,1.0,0.5,117,134,2836.4350000000004,0.18,1.0,0.0,0.0,0.0,0,0,0.0,0.0,0,0,0.0,0.0,0,0,0.0,5672.870000000001,2,1,0.5,0
LGS2ORD0022479,C010853,2025-06-28 00:00:00,Female,53,Bronze,Shopee,Bangkok,994,Shopee,COD,0,6,5,1,>50,33.13333333333333,3.0,1.0,0.3333333333333333,149,39,12703.653333333335,0.28,0.6666666666666666,0.3333333333333333,0.0,0.0,0,0,0.0,0.0,0,0,0.0,10210.49,2,0,0.0,38110.96000000001,3,1,0.3333333333333333,0
LGS2ORD0022480,C011588,2025-06-28 00:00:00,Female,38,Gold,Web,Bangkok,834,Shopee,PromptPay,0,6,5,1,30-40,27.8,0.0,0.0,0.0,-1,-1,0.0,0.0,0.0,0.0,0.0,0.0,0,0,0.0,0.0,0,0,0.0,0.0,0,0,0.0,0.0,0,0,0.0,1
LGS2ORD0022481,C011710,2025-06-28 01:00:00,Female,18,Platinum,CallCenter,Khon Kaen,954,Shopee,COD,1,6,5,1,<20,31.8,3.0,1.0,0.3333333333333333,64,12,7575.150000000001,0.25,0.0,0.3333333333333333,0.0,0.0,0,0,0.0,17676.4,1,0,0.0,22725.45,3,1,0.3333333333333333,22725.45,3,1,0.3333333333333333,0
LGS2ORD0022482,C010461,2025-06-28 01:00:00,Female,39,Gold,Shopee,Chonburi,1017,Lazada,PromptPay,1,6,5,1,30-40,33.9,4.0,0.0,0.0,-1,6,7229.4974999999995,0.28,0.25,0.75,0.0,1919.41,1,0,0.0,15129.369999999999,2,0,0.0,28917.989999999998,4,0,0.0,28917.989999999998,4,0,0.0,0
LGS2ORD0022483,C011165,2025-06-28 01:00:00,Female,58,Silver,Web,Remote_Area,866,Shopee,COD,1,6,5,1,>50,28.866666666666667,6.0,1.0,0.16666666666666666,120,7,4725.193333333334,0.25,0.6666666666666666,0.16666666666666666,0.0,0.0,0,0,0.0,7777.66,2,0,0.0,11872.43,3,0,0.0,28351.16,6,1,0.16666666666666666,0
LGS2ORD0022484,C013005,2025-06-28 01:00:00,Female,39,Gold,Lazada,Chiang Mai,811,TV_Show,COD,1,6,5,1,30-40,27.033333333333335,4.0,0.0,0.0,-1,52,6068.4275,0.28,0.25,0.75,0.0,0.0,0,0,0.0,0.0,0,0,0.0,22007.07,3,0,0.0,24273.71,4,0,0.0,0
LGS2ORD0022485,C014709,2025-06-28 01:00:00,Male,40,Silver,Shopee,Khon Kaen,287,TV_Show,Bank_Transfer,1,6,5,1,30-40,9.566666666666666,6.0,1.0,0.16666666666666666,64,61,11721.726666666664,0.25,0.16666666666666666,0.16666666666666666,0.0,0.0,0,0,0.0,0.0,0,0,0.0,25436.989999999998,2,1,0.5,70330.35999999999,6,1,0.16666666666666666,0
LGS2ORD0022486,C010896,2025-06-28 02:00:00,Female,58,Bronze,TV,Remote_Area,1558,Shopee,Credit_Card,2,6,5,1,>50,51.93333333333333,1.0,1.0,1.0,0,9,6683.58,0.28,1.0,1.0,0.0,0.0,0,0,0.0,6683.58,1,1,1.0,6683.58,1,1,1.0,6683.58,1,1,1.0,1
LGS2ORD0022487,C012412,2025-06-28 02:00:00,Female,43,Platinum,Web,Chiang Mai,709,Lazada,Bank_Transfer,2,6,5,1,40-50,23.633333333333333,3.0,0.0,0.0,-1,32,7439.216666666667,0.3,0.3333333333333333,0.6666666666666666,0.0,0.0,0,0,0.0,0.0,0,0,0.0,22317.65,3,0,0.0,22317.65,3,0,0.0,0
LGS2ORD0022488,C016715,2025-06-28 02:00:00,Female,60,Silver,TV,Khon Kaen,1049,TV_Show,COD,2,6,5,1,>50,34.96666666666667,4.0,0.0,0.0,-1,1,7525.014999999999,0.15,0.75,0.0,0.0,15482.57,1,0,0.0,17422.6,2,0,0.0,17422.6,2,0,0.0,30100.059999999998,4,0,0.0,0
LGS2ORD0022489,C010054,2025-06-28 02:00:00,Female,24,Silver,Web,Chonburi,520,Web,COD,2,6,5,1,20-30,17.333333333333332,5.0,1.0,0.2,45,10,3983.7400000000002,0.25,0.6,0.4,0.0,0.0,0,0,0.0,1331.59,1,0,0.0,13080.89,3,1,0.3333333333333333,19918.7,5,1,0.2,0
LGS2ORD0022490,C017225,2025-06-28 02:00:00,Female,39,Bronze,Shopee,Chiang Mai,1210,CallCenter,COD,2,6,5,1,30-40,40.333333333333336,4.0,1.0,0.25,-7,2,3881.24,0.13,0.75,0.0,0.0,1483.69,1,1,1.0,1483.69,1,1,1.0,1483.69,1,1,1.0,15524.96,4,1,0.25,1
LGS2ORD0022491,C012731,2025-06-28 03:00:00,Male,45,Bronze,Web,Remote_Area,1386,Web,COD,3,6,5,1,40-50,46.2,5.0,2.0,0.4,76,45,3617.296,0.23,0.4,0.2,0.0,0.0,0,0,0.0,0.0,0,0,0.0,2510.6800000000003,2,1,0.5,18086.48,5,2,0.4,0
LGS2ORD0022492,C014545,2025-06-28 03:00:00,Male,39,Gold,Lazada,Nakhon Ratchasima,798,TV_Show,PromptPay,3,6,5,1,30-40,26.6,2.0,0.0,0.0,-1,47,5437.02,0.2299999999999999,0.5,0.5,0.0,0.0,0,0,0.0,0.0,0,0,0.0,732.93,1,0,0.0,10874.04,2,0,0.0,0
LGS2ORD0022493,C014160,2025-06-28 03:00:00,Male,31,Bronze,Shopee,Phuket,1200,Lazada,Bank_Transfer,3,6,5,1,30-40,40.0,7.0,2.0,0.2857142857142857,103,3,5019.714285714285,0.23,0.5714285714285714,0.2857142857142857,0.0,11063.12,1,0,0.0,11063.12,1,0,0.0,19215.66,3,0,0.0,35138.0,7,2,0.2857142857142857,1
LGS2ORD0022494,C017852,2025-06-28 03:00:00,Male,55,Bronze,Shopee,Khon Kaen,679,TV_Show,COD,3,6,5,1,>50,22.633333333333333,2.0,0.0,0.0,-1,43,4347.465,0.28,0.5,0.5,0.0,0.0,0,0,0.0,0.0,0,0,0.0,8694.93,2,0,0.0,8694.93,2,0,0.0,0
LGS2ORD0022495,C012758,2025-06-28 03:00:00,Female,47,Silver,CallCenter,Bangkok,1380,Shopee,COD,3,6,5,1,40-50,46.0,4.0,2.0,0.5,74,87,10696.612500000001,0.25,0.75,0.5,0.0,0.0,0,0,0.0,0.0,0,0,0.0,3101.63,1,1,1.0,42786.450000000004,4,2,0.5,0
LGS2ORD0022496,C016012,2025-06-28 03:00:00,Male,47,Silver,Shopee,Nakhon Ratchasima,1136,Lazada,COD,3,6,5,1,40-50,37.86666666666667,1.0,0.0,0.0,-1,113,4807.24,0.05,0.0,0.0,0.0,0.0,0,0,0.0,0.0,0,0,0.0,0.0,0,0,0.0,4807.24,1,0,0.0,0
LGS2ORD0022497,C015678,2025-06-28 04:00:00,Female,33,Bronze,TV,Khon Kaen,1140,Shopee,Bank_Transfer,4,6,5,1,30-40,38.0,4.0,0.0,0.0,-1,21,3956.1925,0.18,0.5,0.0,0.0,0.0,0,0,0.0,1818.92,1,0,0.0,6119.02,2,0,0.0,15824.77,4,0,0.0,0
LGS2ORD0022498,C013265,2025-06-28 04:00:00,Male,52,Bronze,TV,Songkhla,963,Lazada,COD,4,6,5,1,>50,32.1,4.0,0.0,0.0,-1,18,6786.96,0.23,0.5,0.25,0.0,0.0,0,0,0.0,873.4,1,0,0.0,873.4,1,0,0.0,27147.84,4,0,0.0,0
LGS2ORD0022499,C013334,2025-06-28 04:00:00,Female,59,Bronze,Web,Bangkok,422,Shopee,Credit_Card,4,6,5,1,>50,14.066666666666666,5.0,1.0,0.2,10,3,6043.462,0.23,0.8,0.4,0.0,8970.75,1,0,0.0,25864.09,4,1,0.25,30217.31,5,1,0.2,30217.31,5,1,0.2,0
LGS2ORD0022500,C011195,2025-06-28 04:00:00,Female,39,Bronze,Lazada,Phuket,839,Web,Credit_Card,4,6,5,1,30-40,27.966666666666665,2.0,1.0,0.5,89,107,7186.415,0.18,1.0,0.0,0.0,0.0,0,0,0.0,0.0,0,0,0.0,0.0,0,0,0.0,14372.83,2,1,0.5,0
LGS2ORD0022501,C012699,2025-06-28 04:00:00,Female,34,Gold,TV,Bangkok,456,TV_Show,Credit_Card,4,6,5,1,30-40,15.2,0.0,0.0,0.0,-1,-1,0.0,0.0,0.0,0.0,0.0,0.0,0,0,0.0,0.0,0,0,0.0,0.0,0,0,0.0,0.0,0,0,0.0,0
LGS2ORD0022502,C012087,2025-06-28 05:00:00,Female,39,Gold,Web,Remote_Area,1545,TV_Show,COD,5,6,5,1,30-40,51.5,4.0,0.0,0.0,-1,39,8164.040000000001,0.28,0.25,0.5,0.0,0.0,0,0,0.0,0.0,0,0,0.0,13273.86,1,0,0.0,32656.160000000003,4,0,0.0,0
LGS2ORD0022503,C011868,2025-06-28 05:00:00,Female,25,Gold,Shopee,Chonburi,1019,CallCenter,COD,5,6,5,1,20-30,33.96666666666667,0.0,0.0,0.0,-1,-1,0.0,0.0,0.0,0.0,0.0,0.0,0,0,0.0,0.0,0,0,0.0,0.0,0,0,0.0,0.0,0,0,0.0,0
LGS2ORD0022504,C015844,2025-06-28 05:00:00,Male,35,Bronze,TV,Bangkok,543,Web,COD,5,6,5,1,30-40,18.1,3.0,1.0,0.3333333333333333,154,27,8037.7699999999995,0.13,0.6666666666666666,0.0,0.0,0.0,0,0,0.0,4853.64,1,0,0.0,23629.46,2,0,0.0,24113.309999999998,3,1,0.3333333333333333,0
LGS2ORD0022505,C012171,2025-06-28 05:00:00,Female,51,Silver,Lazada,Chonburi,366,Web,Credit_Card,5,6,5,1,>50,12.2,3.0,1.0,0.3333333333333333,15,22,2385.59,0.3,0.6666666666666666,0.6666666666666666,0.0,0.0,0,0,0.0,519.08,1,1,1.0,7156.77,3,1,0.3333333333333333,7156.77,3,1,0.3333333333333333,0
LGS2ORD0022506,C015448,2025-06-28 05:00:00,Female,36,Silver,Shopee,Chiang Mai,239,Lazada,PromptPay,5,6,5,1,30-40,7.966666666666667,5.0,0.0,0.0,-1,34,9655.634000000002,0.25,0.8,0.4,0.0,0.0,0,0,0.0,0.0,0,0,0.0,15936.07,2,0,0.0,48278.170000000006,5,0,0.0,1
LGS2ORD0022507,C012976,2025-06-28 06:00:00,Female,51,Gold,TV,Remote_Area,240,CallCenter,COD,6,6,5,1,>50,8.0,4.0,0.0,0.0,-1,97,3644.0249999999996,0.28,0.5,0.25,0.0,0.0,0,0,0.0,0.0,0,0,0.0,0.0,0,0,0.0,14576.099999999999,4,0,0.0,1
LGS2ORD0022508,C010183,2025-06-28 06:00:00,Male,38,Bronze,Lazada,Chiang Mai,669,Lazada,PromptPay,6,6,5,1,30-40,22.3,3.0,1.0,0.3333333333333333,113,11,1880.1733333333334,0.18,0.3333333333333333,0.0,0.0,0.0,0,0,0.0,1636.42,1,0,0.0,1636.42,1,0,0.0,5640.52,3,1,0.3333333333333333,0
LGS2ORD0022509,C012106,2025-06-28 06:00:00,Female,51,Silver,CallCenter,Phuket,938,TV_Show,PromptPay,6,6,5,1,>50,31.266666666666666,1.0,1.0,1.0,101,116,1461.8,0.3,0.0,1.0,0.0,0.0,0,0,0.0,0.0,0,0,0.0,0.0,0,0,0.0,1461.8,1,1,1.0,0
LGS2ORD0022510,C015666,2025-06-28 06:00:00,Female,37,Gold,Shopee,Bangkok,665,TV_Show,COD,6,6,5,1,30-40,22.166666666666668,2.0,1.0,0.5,80,26,3235.5150000000003,0.28,0.0,0.5,0.0,0.0,0,0,0.0,3086.5,1,0,0.0,3086.5,1,0,0.0,6471.030000000001,2,1,0.5,0
LGS2ORD0022511,C011560,2025-06-28 06:00:00,Female,52,Gold,TV,Nakhon Ratchasima,208,CallCenter,COD,6,6,5,1,>50,6.933333333333334,5.0,2.0,0.4,-2,12,4260.688,0.2299999999999999,0.4,0.2,0.0,0.0,0,0,0.0,3902.56,1,1,1.0,15396.140000000001,4,2,0.5,21303.440000000002,5,2,0.4,1
LGS2ORD0022512,C016328,2025-06-28 07:00:00,Female,72,Silver,CallCenter,Remote_Area,428,TV_Show,Credit_Card,7,6,5,1,>50,14.266666666666667,6.0,2.0,0.3333333333333333,2,5,7284.676666666666,0.2,0.16666666666666666,0.0,0.0,12189.039999999999,2,1,0.5,12189.039999999999,2,1,0.5,12189.039999999999,2,1,0.5,43708.06,6,2,0.3333333333333333,0
LGS2ORD0022513,C016286,2025-06-28 07:00:00,Male,47,Gold,CallCenter,Nakhon Ratchasima,1376,CallCenter,COD,7,6,5,1,40-50,45.86666666666667,3.0,0.0,0.0,-1,54,3056.5033333333336,0.2299999999999999,0.0,0.3333333333333333,0.0,0.0,0,0,0.0,0.0,0,0,0.0,7038.84,1,0,0.0,9169.51,3,0,0.0,0
LGS2ORD0022514,C017738,2025-06-28 07:00:00,Male,29,Bronze,Shopee,Chonburi,366,TV_Show,COD,7,6,5,1,20-30,12.2,3.0,1.0,0.3333333333333333,65,74,4820.136666666666,0.18,0.3333333333333333,0.0,0.0,0.0,0,0,0.0,0.0,0,0,0.0,6481.96,1,1,1.0,14460.41,3,1,0.3333333333333333,1
LGS2ORD0022515,C016259,2025-06-28 07:00:00,Female,53,Silver,TV,Bangkok,1054,Lazada,COD,7,6,5,1,>50,35.13333333333333,7.0,1.0,0.14285714285714285,131,17,6185.751428571429,0.3,0.42857142857142855,0.14285714285714285,0.0,0.0,0,0,0.0,6862.97,2,0,0.0,19507.999999999996,4,0,0.0,43300.26,7,1,0.14285714285714285,1
LGS2ORD0022516,C011340,2025-06-28 07:00:00,Female,57,Bronze,Web,Songkhla,645,Lazada,COD,7,6,5,1,>50,21.5,6.0,3.0,0.5,-4,6,3830.1266666666666,0.28,0.6666666666666666,0.6666666666666666,0.0,1289.25,1,1,1.0,6808.72,2,2,1.0,16610.13,4,3,0.75,22980.76,6,3,0.5,0
LGS2ORD0022517,C015961,2025-06-28 07:00:00,Female,39,Bronze,Web,Bangkok,832,Shopee,COD,7,6,5,1,30-40,27.733333333333334,5.0,2.0,0.4,1,6,8263.758,0.23,0.2,0.2,0.0,27158.77,1,1,1.0,27158.77,1,1,1.0,29796.04,2,2,1.0,41318.79,5,2,0.4,0
LGS2ORD0022518,C011014,2025-06-28 08:00:00,Male,48,Bronze,TV,Bangkok,879,Shopee,COD,8,6,5,1,40-50,29.3,5.0,1.0,0.2,127,3,7323.603999999999,0.18,0.4,0.0,0.0,20368.17,1,0,0.0,20368.17,1,0,0.0,29247.1,3,0,0.0,36618.02,5,1,0.2,1
LGS2ORD0022519,C015096,2025-06-28 08:00:00,Female,45,Silver,Lazada,Remote_Area,1015,Lazada,COD,8,6,5,1,40-50,33.833333333333336,1.0,0.0,0.0,-1,168,675.1,0.05,0.0,0.0,0.0,0.0,0,0,0.0,0.0,0,0,0.0,0.0,0,0,0.0,675.1,1,0,0.0,0
LGS2ORD0022520,C016231,2025-06-28 08:00:00,Female,34,Bronze,TV,Songkhla,1315,CallCenter,Credit_Card,8,6,5,1,30-40,43.833333333333336,2.0,1.0,0.5,22,34,2353.3,0.18,0.5,0.0,0.0,0.0,0,0,0.0,0.0,0,0,0.0,4706.6,2,1,0.5,4706.6,2,1,0.5,1
LGS2ORD0022521,C016299,2025-06-28 08:00:00,Male,42,Platinum,Web,Bangkok,648,CallCenter,COD,8,6,5,1,40-50,21.6,1.0,1.0,1.0,115,124,3410.36,0.25,0.0,1.0,0.0,0.0,0,0,0.0,0.0,0,0,0.0,0.0,0,0,0.0,3410.36,1,1,1.0,0
LGS2ORD0022522,C015921,2025-06-28 08:00:00,Male,47,Bronze,TV,Khon Kaen,1611,TV_Show,PromptPay,8,6,5,1,40-50,53.7,6.0,1.0,0.16666666666666666,106,23,6201.5216666666665,0.28,0.6666666666666666,0.3333333333333333,0.0,0.0,0,0,0.0,5815.85,1,0,0.0,29770.75,3,0,0.0,37209.13,6,1,0.16666666666666666,0
LGS2ORD0022523,C016196,2025-06-28 09:00:00,Female,53,Silver,Shopee,Phuket,1403,Web,COD,9,6,5,1,>50,46.766666666666666,5.0,1.0,0.2,43,59,6239.396,0.3,0.6,0.4,0.0,0.0,0,0,0.0,0.0,0,0,0.0,22649.010000000002,2,1,0.5,31196.98,5,1,0.2,1
LGS2ORD0022524,C010932,2025-06-28 09:00:00,Female,54,Silver,Web,Songkhla,644,CallCenter,Credit_Card,9,6,5,1,>50,21.466666666666665,2.0,0.0,0.0,-1,8,2396.295,0.2,0.5,0.0,0.0,0.0,0,0,0.0,3290.69,1,0,0.0,4792.59,2,0,0.0,4792.59,2,0,0.0,0
LGS2ORD0022525,C015013,2025-06-28 09:00:00,Male,51,Bronze,TV,Bangkok,532,Web,COD,9,6,5,1,>50,17.733333333333334,2.0,0.0,0.0,-1,34,4086.425,0.28,0.5,0.5,0.0,0.0,0,0,0.0,0.0,0,0,0.0,2363.3,1,0,0.0,8172.85,2,0,0.0,0
LGS2ORD0022526,C015157,2025-06-28 09:00:00,Male,25,Bronze,Shopee,Chonburi,1182,Shopee,COD,9,6,5,1,20-30,39.4,4.0,2.0,0.5,35,28,8454.695,0.23,0.5,0.25,0.0,0.0,0,0,0.0,24906.26,1,0,0.0,25873.09,2,1,0.5,33818.78,4,2,0.5,0
LGS2ORD0022527,C016311,2025-06-28 09:00:00,Female,42,Silver,Web,Chonburi,1269,Web,COD,9,6,5,1,40-50,42.3,4.0,1.0,0.25,123,5,5140.835,0.2,0.5,0.0,0.0,2327.48,1,0,0.0,9243.08,2,0,0.0,9243.08,2,0,0.0,20563.34,4,1,0.25,0
LGS2ORD0022528,C017492,2025-06-28 10:00:00,Other,56,Silver,Web,Nakhon Ratchasima,224,Web,PromptPay,10,6,5,1,>50,7.466666666666667,6.0,1.0,0.16666666666666666,71,22,5316.301666666666,0.3,0.8333333333333334,0.16666666666666666,0.0,0.0,0,0,0.0,20653.13,1,0,0.0,30659.53,5,1,0.2,31897.809999999998,6,1,0.16666666666666666,0
LGS2ORD0022529,C010857,2025-06-28 10:00:00,Female,28,Bronze,Shopee,Chiang Mai,514,CallCenter,COD,10,6,5,1,20-30,17.133333333333333,4.0,0.0,0.0,-1,54,3826.04,0.28,0.5,0.25,0.0,0.0,0,0,0.0,0.0,0,0,0.0,5652.49,1,0,0.0,15304.16,4,0,0.0,0
LGS2ORD0022530,C011138,2025-06-28 10:00:00,Male,51,Bronze,CallCenter,Phuket,265,TV_Show,Credit_Card,10,6,5,1,>50,8.833333333333334,3.0,2.0,0.6666666666666666,30,38,3795.4533333333334,0.23,0.6666666666666666,0.3333333333333333,0.0,0.0,0,0,0.0,0.0,0,0,0.0,11386.36,3,2,0.6666666666666666,11386.36,3,2,0.6666666666666666,0
LGS2ORD0022531,C013655,2025-06-28 10:00:00,Female,23,Silver,TV,Khon Kaen,1505,Lazada,Bank_Transfer,10,6,5,1,20-30,50.166666666666664,0.0,0.0,0.0,-1,-1,0.0,0.0,0.0,0.0,0.0,0.0,0,0,0.0,0.0,0,0,0.0,0.0,0,0,0.0,0.0,0,0,0.0,0
LGS2ORD0022532,C013209,2025-06-28 10:00:00,Female,47,Silver,CallCenter,Nakhon Ratchasima,1188,TV_Show,COD,10,6,5,1,40-50,39.6,2.0,0.0,0.0,-1,38,2464.38,0.3,0.0,0.5,0.0,0.0,0,0,0.0,0.0,0,0,0.0,4928.76,2,0,0.0,4928.76,2,0,0.0,0
LGS2ORD0022533,C012522,2025-06-28 11:00:00,Male,39,Bronze,TV,Songkhla,1489,Lazada,Credit_Card,11,6,5,1,30-40,49.63333333333333,3.0,1.0,0.3333333333333333,-1,6,6134.34,0.23,0.3333333333333333,0.6666666666666666,0.0,1481.07,1,1,1.0,1481.07,1,1,1.0,1481.07,1,1,1.0,18403.02,3,1,0.3333333333333333,0
LGS2ORD0022534,C013302,2025-06-28 11:00:00,Male,56,Silver,TV,Remote_Area,1242,TV_Show,COD,11,6,5,1,>50,41.4,4.0,1.0,0.25,16,18,3880.38,0.3,0.25,0.5,0.0,0.0,0,0,0.0,4201.21,2,1,0.5,4201.21,2,1,0.5,15521.52,4,1,0.25,1
LGS2ORD0022535,C013485,2025-06-28 11:00:00,Female,39,Bronze,Web,Khon Kaen,723,Shopee,Credit_Card,11,6,5,1,30-40,24.1,1.0,0.0,0.0,-1,29,7567.92,0.08,1.0,0.0,0.0,0.0,0,0,0.0,7567.92,1,0,0.0,7567.92,1,0,0.0,7567.92,1,0,0.0,0
LGS2ORD0022536,C017066,2025-06-28 11:00:00,Male,34,Silver,Web,Bangkok,672,CallCenter,PromptPay,11,6,5,1,30-40,22.4,3.0,0.0,0.0,-1,18,8727.816666666666,0.05,0.3333333333333333,0.0,0.0,0.0,0,0,0.0,1354.05,1,0,0.0,1354.05,1,0,0.0,26183.449999999997,3,0,0.0,0
LGS2ORD0022537,C011066,2025-06-28 11:00:00,Male,56,Silver,Web,Songkhla,1607,TV_Show,COD,11,6,5,1,>50,53.56666666666667,2.0,1.0,0.5,22,25,18412.995000000003,0.25,0.5,0.5,0.0,0.0,0,0,0.0,35751.94,1,1,1.0,35751.94,1,1,1.0,36825.990000000005,2,1,0.5,0
LGS2ORD0022538,C014226,2025-06-28 11:00:00,Male,33,Bronze,TV,Khon Kaen,697,Lazada,PromptPay,11,6,5,1,30-40,23.233333333333334,3.0,0.0,0.0,-1,80,5841.39,0.18,0.6666666666666666,0.0,0.0,0.0,0,0,0.0,0.0,0,0,0.0,1502.31,1,0,0.0,17524.170000000002,3,0,0.0,0
LGS2ORD0022539,C017396,2025-06-28 12:00:00,Male,28,Bronze,TV,Remote_Area,1164,CallCenter,Bank_Transfer,12,6,5,1,20-30,38.8,5.0,3.0,0.6,96,40,4013.3720000000008,0.28,0.6,0.2,0.0,0.0,0,0,0.0,0.0,0,0,0.0,749.49,1,0,0.0,20066.860000000004,5,3,0.6,0
LGS2ORD0022540,C015402,2025-06-28 12:00:00,Male,68,Gold,Shopee,Chonburi,1176,Web,COD,12,6,5,1,>50,39.2,1.0,0.0,0.0,-1,86,3557.07,0.18,0.0,0.0,0.0,0.0,0,0,0.0,0.0,0,0,0.0,3557.07,1,0,0.0,3557.07,1,0,0.0,0
LGS2ORD0022541,C010742,2025-06-28 12:00:00,Female,25,Bronze,Lazada,Songkhla,683,Web,COD,12,6,5,1,20-30,22.766666666666666,3.0,2.0,0.6666666666666666,38,3,4685.543333333334,0.13,0.3333333333333333,0.0,0.0,3945.02,1,0,0.0,3945.02,1,0,0.0,14056.630000000001,3,2,0.6666666666666666,14056.630000000001,3,2,0.6666666666666666,0
LGS2ORD0022542,C010436,2025-06-28 12:00:00,Female,31,Silver,Web,Bangkok,1164,Shopee,COD,12,6,5,1,30-40,38.8,3.0,0.0,0.0,-1,27,9220.706666666667,0.3,0.3333333333333333,0.6666666666666666,0.0,0.0,0,0,0.0,4533.95,1,0,0.0,24129.56,2,0,0.0,27662.120000000003,3,0,0.0,0
LGS2ORD0022543,C013069,2025-06-28 12:00:00,Female,59,Silver,Lazada,Phuket,1169,Web,COD,12,6,5,1,>50,38.96666666666667,3.0,1.0,0.3333333333333333,9,7,5570.103333333333,0.25,0.6666666666666666,0.3333333333333333,0.0,0.0,0,0,0.0,12791.18,2,1,0.5,12791.18,2,1,0.5,16710.309999999998,3,1,0.3333333333333333,0
LGS2ORD0022544,C016189,2025-06-28 13:00:00,Female,48,Bronze,Lazada,Phuket,1549,Lazada,COD,13,6,5,1,40-50,51.63333333333333,4.0,2.0,0.5,45,22,4367.1775,0.18,0.25,0.0,0.0,0.0,0,0,0.0,10627.4,1,0,0.0,11136.08,2,1,0.5,17468.71,4,2,0.5,0
LGS2ORD0022545,C012271,2025-06-28 13:00:00,Female,42,Bronze,CallCenter,Chonburi,469,CallCenter,Credit_Card,13,6,5,1,40-50,15.633333333333333,5.0,1.0,0.2,83,38,8628.282000000001,0.23,0.8,0.2,0.0,0.0,0,0,0.0,0.0,0,0,0.0,29493.850000000002,3,0,0.0,43141.41,5,1,0.2,0
LGS2ORD0022546,C013834,2025-06-28 13:00:00,Female,18,Bronze,Shopee,Bangkok,1219,Lazada,COD,13,6,5,1,<20,40.63333333333333,5.0,0.0,0.0,-1,15,5721.864,0.23,0.4,0.2,0.0,0.0,0,0,0.0,24777.9,3,0,0.0,27168.18,4,0,0.0,28609.32,5,0,0.0,0
LGS2ORD0022547,C012764,2025-06-28 13:00:00,Female,61,Bronze,Shopee,Bangkok,203,Shopee,PromptPay,13,6,5,1,>50,6.766666666666667,3.0,1.0,0.3333333333333333,140,11,4914.496666666667,0.28,0.3333333333333333,0.6666666666666666,0.0,0.0,0,0,0.0,260.92,1,0,0.0,11077.51,2,0,0.0,14743.49,3,1,0.3333333333333333,0
LGS2ORD0022548,C011937,2025-06-28 13:00:00,Female,46,Gold,TV,Bangkok,608,Web,COD,13,6,5,1,40-50,20.266666666666666,6.0,1.0,0.16666666666666666,71,5,2729.7549999999997,0.33,0.5,0.6666666666666666,0.0,993.64,1,0,0.0,993.64,1,0,0.0,13567.439999999999,5,1,0.2,16378.529999999999,6,1,0.16666666666666666,1
LGS2ORD0022549,C011083,2025-06-28 14:00:00,Female,43,Gold,Web,Chonburi,542,Shopee,PromptPay,14,6,5,1,40-50,18.066666666666666,3.0,0.0,0.0,-1,57,2313.8,0.28,0.0,0.3333333333333333,0.0,0.0,0,0,0.0,0.0,0,0,0.0,5638.63,2,0,0.0,6941.400000000001,3,0,0.0,0
LGS2ORD0022550,C011024,2025-06-28 14:00:00,Female,41,Gold,TV,Bangkok,774,Web,COD,14,6,5,1,40-50,25.8,4.0,2.0,0.5,43,55,5189.855,0.33,0.5,0.75,0.0,0.0,0,0,0.0,0.0,0,0,0.0,8554.98,2,1,0.5,20759.42,4,2,0.5,0
LGS2ORD0022551,C012912,2025-06-28 14:00:00,Female,60,Silver,CallCenter,Khon Kaen,1067,TV_Show,Bank_Transfer,14,6,5,1,>50,35.56666666666667,2.0,0.0,0.0,-1,81,5605.21,0.2,0.5,0.0,0.0,0.0,0,0,0.0,0.0,0,0,0.0,6749.46,1,0,0.0,11210.42,2,0,0.0,0
LGS2ORD0022552,C014860,2025-06-28 14:00:00,Male,33,Bronze,TV,Songkhla,1259,Web,COD,14,6,5,1,30-40,41.96666666666667,6.0,0.0,0.0,-1,9,7301.108333333334,0.28,0.5,0.16666666666666666,0.0,0.0,0,0,0.0,4456.82,1,0,0.0,4456.82,1,0,0.0,43806.65,6,0,0.0,0
LGS2ORD0022553,C012717,2025-06-28 14:00:00,Male,58,Bronze,Shopee,Chonburi,1436,Lazada,COD,14,6,5,1,>50,47.86666666666667,7.0,1.0,0.14285714285714285,118,36,3928.808571428571,0.23,0.42857142857142855,0.14285714285714285,0.0,0.0,0,0,0.0,0.0,0,0,0.0,15304.01,3,0,0.0,27501.66,7,1,0.14285714285714285,1
LGS2ORD0022554,C015452,2025-06-28 15:00:00,Female,34,Bronze,Shopee,Chonburi,471,TV_Show,Credit_Card,15,6,5,1,30-40,15.7,6.0,0.0,0.0,-1,76,5134.0633333333335,0.28,0.5,0.3333333333333333,0.0,0.0,0,0,0.0,0.0,0,0,0.0,7840.860000000001,4,0,0.0,30804.38,6,0,0.0,0
LGS2ORD0022555,C010440,2025-06-28 15:00:00,Male,36,Gold,Shopee,Chiang Mai,771,Lazada,COD,15,6,5,1,30-40,25.7,6.0,0.0,0.0,-1,2,2833.7916666666665,0.28,0.3333333333333333,0.3333333333333333,0.0,1902.18,1,0,0.0,3527.76,2,0,0.0,5731.08,3,0,0.0,17002.75,6,0,0.0,1
LGS2ORD0022556,C010499,2025-06-28 15:00:00,Female,47,Bronze,CallCenter,Phuket,821,Shopee,COD,15,6,5,1,40-50,27.366666666666667,5.0,3.0,0.6,14,0,4009.012,0.23,0.6,0.2,0.0,887.0,1,0,0.0,2177.1800000000003,2,1,0.5,18097.56,4,2,0.5,20045.06,5,3,0.6,1
LGS2ORD0022557,C017580,2025-06-28 15:00:00,Male,35,Bronze,TV,Bangkok,1367,Lazada,Credit_Card,15,6,5,1,30-40,45.56666666666667,2.0,1.0,0.5,-2,9,18440.449999999997,0.28,1.0,0.5,0.0,0.0,0,0,0.0,19488.3,1,1,1.0,19488.3,1,1,1.0,36880.899999999994,2,1,0.5,0
LGS2ORD0022558,C010492,2025-06-28 15:00:00,Female,18,Bronze,TV,Nakhon Ratchasima,425,TV_Show,Bank_Transfer,15,6,5,1,<20,14.166666666666666,0.0,0.0,0.0,-1,-1,0.0,0.0,0.0,0.0,0.0,0.0,0,0,0.0,0.0,0,0,0.0,0.0,0,0,0.0,0.0,0,0,0.0,0
LGS2ORD0022559,C012056,2025-06-28 15:00:00,Female,37,Silver,Shopee,Nakhon Ratchasima,1603,TV_Show,PromptPay,15,6,5,1,30-40,53.43333333333333,4.0,0.0,0.0,-1,2,12896.887499999999,0.2,0.5,0.0,0.0,11505.96,1,0,0.0,11505.96,1,0,0.0,51587.549999999996,4,0,0.0,51587.549999999996,4,0,0.0,0
LGS2ORD0022560,C010294,2025-06-28 16:00:00,Female,46,Silver,Lazada,Phuket,491,CallCenter,Bank_Transfer,16,6,5,1,40-50,16.366666666666667,2.0,1.0,0.5,102,99,6140.025,0.1,0.5,0.0,0.0,0.0,0,0,0.0,0.0,0,0,0.0,0.0,0,0,0.0,12280.05,2,1,0.5,0
LGS2ORD0022561,C012174,2025-06-28 16:00:00,Female,32,Bronze,TV,Remote_Area,513,Shopee,Credit_Card,16,6,5,1,30-40,17.1,3.0,0.0,0.0,-1,68,12003.603333333333,0.13,0.6666666666666666,0.0,0.0,0.0,0,0,0.0,0.0,0,0,0.0,29142.420000000002,2,0,0.0,36010.81,3,0,0.0,0
LGS2ORD0022562,C016864,2025-06-28 16:00:00,Female,56,Bronze,CallCenter,Nakhon Ratchasima,1250,Web,COD,16,6,5,1,>50,41.666666666666664,4.0,1.0,0.25,55,3,9687.52,0.23,1.0,0.25,0.0,6984.92,1,0,0.0,6984.92,1,0,0.0,9689.1,3,1,0.3333333333333333,38750.08,4,1,0.25,0
LGS2ORD0022563,C014101,2025-06-28 16:00:00,Female,56,Bronze,TV,Nakhon Ratchasima,576,Web,COD,16,6,5,1,>50,19.2,1.0,1.0,1.0,69,82,1943.82,0.08,0.0,0.0,0.0,0.0,0,0,0.0,0.0,0,0,0.0,1943.82,1,1,1.0,1943.82,1,1,1.0,0
LGS2ORD0022564,C013581,2025-06-28 16:00:00,Female,28,Silver,Lazada,Bangkok,911,Web,PromptPay,16,6,5,1,20-30,30.366666666666667,1.0,0.0,0.0,-1,75,2241.02,0.2,0.0,0.0,0.0,0.0,0,0,0.0,0.0,0,0,0.0,2241.02,1,0,0.0,2241.02,1,0,0.0,0
LGS2ORD0022565,C010817,2025-06-28 17:00:00,Female,41,Silver,Web,Remote_Area,253,Shopee,Bank_Transfer,17,6,5,1,40-50,8.433333333333334,3.0,2.0,0.6666666666666666,23,32,4562.929999999999,0.25,0.3333333333333333,0.3333333333333333,0.0,0.0,0,0,0.0,0.0,0,0,0.0,12280.72,2,2,1.0,13688.789999999999,3,2,0.6666666666666666,0
LGS2ORD0022566,C014141,2025-06-28 17:00:00,Male,25,Bronze,Lazada,Nakhon Ratchasima,767,TV_Show,COD,17,6,5,1,20-30,25.566666666666666,6.0,1.0,0.16666666666666666,93,19,4958.323333333334,0.18,0.6666666666666666,0.0,0.0,0.0,0,0,0.0,1308.07,1,0,0.0,10831.779999999999,4,0,0.0,29749.940000000002,6,1,0.16666666666666666,0
LGS2ORD0022567,C013076,2025-06-28 17:00:00,Female,43,Bronze,CallCenter,Bangkok,355,Lazada,Bank_Transfer,17,6,5,1,40-50,11.833333333333334,5.0,1.0,0.2,90,23,13538.418,0.28,0.4,0.4,0.0,0.0,0,0,0.0,13604.53,2,0,0.0,13604.53,2,0,0.0,67692.09,5,1,0.2,0
LGS2ORD0022568,C011335,2025-06-28 17:00:00,Male,47,Silver,TV,Nakhon Ratchasima,624,TV_Show,PromptPay,17,6,5,1,40-50,20.8,0.0,0.0,0.0,-1,-1,0.0,0.0,0.0,0.0,0.0,0.0,0,0,0.0,0.0,0,0,0.0,0.0,0,0,0.0,0.0,0,0,0.0,0
LGS2ORD0022569,C016724,2025-06-28 17:00:00,Female,43,Gold,Shopee,Chiang Mai,755,Web,COD,17,6,5,1,40-50,25.166666666666668,0.0,0.0,0.0,-1,-1,0.0,0.0,0.0,0.0,0.0,0.0,0,0,0.0,0.0,0,0,0.0,0.0,0,0,0.0,0.0,0,0,0.0,0
LGS2ORD0022570,C017409,2025-06-28 18:00:00,Female,19,Gold,Lazada,Phuket,823,Shopee,Credit_Card,18,6,5,1,<20,27.433333333333334,0.0,0.0,0.0,-1,-1,0.0,0.0,0.0,0.0,0.0,0.0,0,0,0.0,0.0,0,0,0.0,0.0,0,0,0.0,0.0,0,0,0.0,0
LGS2ORD0022571,C012038,2025-06-28 18:00:00,Male,44,Silver,CallCenter,Chonburi,1282,TV_Show,COD,18,6,5,1,40-50,42.733333333333334,1.0,0.0,0.0,-1,12,467.53,0.2,1.0,0.0,0.0,0.0,0,0,0.0,467.53,1,0,0.0,467.53,1,0,0.0,467.53,1,0,0.0,1
LGS2ORD0022572,C011198,2025-06-28 18:00:00,Male,46,Bronze,Shopee,Chonburi,1591,Web,COD,18,6,5,1,40-50,53.03333333333333,2.0,0.0,0.0,-1,125,6589.92,0.18,0.5,0.0,0.0,0.0,0,0,0.0,0.0,0,0,0.0,0.0,0,0,0.0,13179.84,2,0,0.0,1
LGS2ORD0022573,C010283,2025-06-28 18:00:00,Female,72,Bronze,Lazada,Khon Kaen,632,Shopee,COD,18,6,5,1,>50,21.066666666666666,1.0,1.0,1.0,57,67,20291.2,0.13,1.0,0.0,0.0,0.0,0,0,0.0,0.0,0,0,0.0,20291.2,1,1,1.0,20291.2,1,1,1.0,0
LGS2ORD0022574,C011365,2025-06-28 18:00:00,Female,35,Silver,TV,Chiang Mai,807,TV_Show,Credit_Card,18,6,5,1,30-40,26.9,3.0,1.0,0.3333333333333333,83,25,2832.633333333333,0.3,0.3333333333333333,1.0,0.0,0.0,0,0,0.0,1957.17,1,0,0.0,8148.61,2,1,0.5,8497.9,3,1,0.3333333333333333,0
LGS2ORD0022575,C010899,2025-06-28 19:00:00,Female,29,Bronze,TV,Chiang Mai,1465,Shopee,COD,19,6,5,1,20-30,48.833333333333336,1.0,1.0,1.0,80,90,3611.77,0.13,1.0,0.0,0.0,0.0,0,0,0.0,0.0,0,0,0.0,0.0,0,0,0.0,3611.77,1,1,1.0,0
LGS2ORD0022576,C011130,2025-06-28 19:00:00,Female,40,Silver,TV,Chiang Mai,1018,Web,Credit_Card,19,6,5,1,30-40,33.93333333333333,3.0,0.0,0.0,-1,60,7945.360000000001,0.15,0.6666666666666666,0.0,0.0,0.0,0,0,0.0,0.0,0,0,0.0,7828.93,1,0,0.0,23836.08,3,0,0.0,0
LGS2ORD0022577,C016598,2025-06-28 19:00:00,Female,47,Gold,Shopee,Bangkok,1283,Web,PromptPay,19,6,5,1,40-50,42.766666666666666,2.0,1.0,0.5,0,12,2508.645,0.28,0.5,0.5,0.0,0.0,0,0,0.0,1496.87,1,1,1.0,5017.29,2,1,0.5,5017.29,2,1,0.5,0
LGS2ORD0022578,C015316,2025-06-28 19:00:00,Female,42,Bronze,Lazada,Remote_Area,979,TV_Show,COD,19,6,5,1,40-50,32.63333333333333,1.0,0.0,0.0,-1,160,10272.61,0.13,0.0,0.0,0.0,0.0,0,0,0.0,0.0,0,0,0.0,0.0,0,0,0.0,10272.61,1,0,0.0,0
LGS2ORD0022579,C013099,2025-06-28 19:00:00,Male,23,Silver,Web,Khon Kaen,732,TV_Show,Credit_Card,19,6,5,1,20-30,24.4,3.0,0.0,0.0,-1,55,5801.043333333332,0.3,0.3333333333333333,0.3333333333333333,0.0,0.0,0,0,0.0,0.0,0,0,0.0,16004.02,2,0,0.0,17403.129999999997,3,0,0.0,0
LGS2ORD0022580,C011297,2025-06-28 19:00:00,Female,62,Gold,Shopee,Chiang Mai,405,Lazada,PromptPay,19,6,5,1,>50,13.5,3.0,1.0,0.3333333333333333,40,37,4970.94,0.33,0.6666666666666666,0.3333333333333333,0.0,0.0,0,0,0.0,0.0,0,0,0.0,7610.65,2,1,0.5,14912.82,3,1,0.3333333333333333,0
LGS2ORD0022581,C015302,2025-06-28 20:00:00,Male,20,Bronze,Web,Songkhla,1452,TV_Show,Bank_Transfer,20,6,5,1,<20,48.4,1.0,0.0,0.0,-1,43,9743.83,0.08,0.0,0.0,0.0,0.0,0,0,0.0,0.0,0,0,0.0,9743.83,1,0,0.0,9743.83,1,0,0.0,0
LGS2ORD0022582,C017267,2025-06-28 20:00:00,Female,23,Platinum,CallCenter,Bangkok,513,CallCenter,PromptPay,20,6,5,1,20-30,17.1,3.0,1.0,0.3333333333333333,121,85,11104.36,0.3,1.0,0.6666666666666666,0.0,0.0,0,0,0.0,0.0,0,0,0.0,805.16,1,0,0.0,33313.08,3,1,0.3333333333333333,0
LGS2ORD0022583,C017992,2025-06-28 20:00:00,Male,67,Bronze,Web,Songkhla,1370,CallCenter,Bank_Transfer,20,6,5,1,>50,45.666666666666664,11.0,4.0,0.36363636363636365,60,31,3531.755454545455,0.23,0.45454545454545453,0.18181818181818182,0.0,0.0,0,0,0.0,0.0,0,0,0.0,19222.879999999997,4,1,0.25,38849.310000000005,11,4,0.36363636363636365,1
LGS2ORD0022584,C012062,2025-06-28 20:00:00,Male,25,Silver,Web,Chonburi,1554,Lazada,COD,20,6,5,1,20-30,51.8,4.0,0.0,0.0,-1,20,4998.32,0.2,0.0,0.0,0.0,0.0,0,0,0.0,1895.58,1,0,0.0,8113.58,2,0,0.0,19993.28,4,0,0.0,0
LGS2ORD0022585,C016245,2025-06-28 20:00:00,Male,45,Platinum,TV,Khon Kaen,239,Web,Credit_Card,20,6,5,1,40-50,7.966666666666667,1.0,1.0,1.0,54,66,4904.51,0.35,1.0,1.0,0.0,0.0,0,0,0.0,0.0,0,0,0.0,4904.51,1,1,1.0,4904.51,1,1,1.0,0
LGS2ORD0022586,C015308,2025-06-28 21:00:00,Female,33,Bronze,Lazada,Bangkok,1561,Web,Bank_Transfer,21,6,5,1,30-40,52.03333333333333,2.0,1.0,0.5,-6,8,1409.64,0.18,0.5,0.0,0.0,0.0,0,0,0.0,273.71,1,1,1.0,273.71,1,1,1.0,2819.28,2,1,0.5,0
LGS2ORD0022587,C011418,2025-06-28 21:00:00,Female,41,Silver,TV,Songkhla,247,Web,COD,21,6,5,1,40-50,8.233333333333333,3.0,1.0,0.3333333333333333,-3,8,3415.5466666666666,0.2,0.0,0.0,0.0,0.0,0,0,0.0,7788.57,2,1,0.5,7788.57,2,1,0.5,10246.64,3,1,0.3333333333333333,1
LGS2ORD0022588,C010357,2025-06-28 21:00:00,Female,43,Bronze,Web,Bangkok,227,Web,PromptPay,21,6,5,1,40-50,7.566666666666666,0.0,0.0,0.0,-1,-1,0.0,0.0,0.0,0.0,0.0,0.0,0,0,0.0,0.0,0,0,0.0,0.0,0,0,0.0,0.0,0,0,0.0,0
LGS2ORD0022589,C017400,2025-06-28 21:00:00,Male,45,Silver,Web,Bangkok,543,Shopee,Credit_Card,21,6,5,1,40-50,18.1,3.0,0.0,0.0,-1,9,664.6333333333333,0.25,0.0,0.3333333333333333,0.0,0.0,0,0,0.0,988.13,1,0,0.0,1463.3,2,0,0.0,1993.9,3,0,0.0,0
LGS2ORD0022590,C011177,2025-06-28 21:00:00,Female,49,Bronze,TV,Remote_Area,704,Shopee,Credit_Card,21,6,5,1,40-50,23.466666666666665,6.0,3.0,0.5,48,38,6210.913333333334,0.23,0.5,0.16666666666666666,0.0,0.0,0,0,0.0,0.0,0,0,0.0,13650.74,3,2,0.6666666666666666,37265.48,6,3,0.5,0
LGS2ORD0022591,C010505,2025-06-28 22:00:00,Male,45,Bronze,Web,Bangkok,1261,TV_Show,COD,22,6,5,1,40-50,42.03333333333333,4.0,1.0,0.25,130,11,3806.6125,0.18,0.5,0.0,0.0,0.0,0,0,0.0,490.52,1,0,0.0,1529.8899999999999,2,0,0.0,15226.45,4,1,0.25,0
LGS2ORD0022592,C011071,2025-06-28 22:00:00,Female,36,Bronze,Web,Nakhon Ratchasima,1554,Shopee,COD,22,6,5,1,30-40,51.8,2.0,0.0,0.0,-1,101,1693.8600000000001,0.23,0.0,0.5,0.0,0.0,0,0,0.0,0.0,0,0,0.0,0.0,0,0,0.0,3387.7200000000003,2,0,0.0,0
LGS2ORD0022593,C017913,2025-06-28 22:00:00,Male,42,Gold,Lazada,Chiang Mai,901,CallCenter,PromptPay,22,6,5,1,40-50,30.033333333333335,4.0,1.0,0.25,47,10,3307.73,0.33,0.75,0.5,0.0,0.0,0,0,0.0,1656.02,1,0,0.0,13033.960000000001,3,1,0.3333333333333333,13230.92,4,1,0.25,0
LGS2ORD0022594,C016809,2025-06-28 22:00:00,Female,72,Bronze,TV,Chonburi,747,TV_Show,PromptPay,22,6,5,1,>50,24.9,3.0,2.0,0.6666666666666666,7,9,2061.3366666666666,0.18,0.6666666666666666,0.0,0.0,0.0,0,0,0.0,4000.38,2,1,0.5,4000.38,2,1,0.5,6184.01,3,2,0.6666666666666666,0
LGS2ORD0022595,C012558,2025-06-28 22:00:00,Male,39,Bronze,Lazada,Songkhla,1370,TV_Show,Credit_Card,22,6,5,1,30-40,45.666666666666664,2.0,1.0,0.5,18,29,3477.3500000000004,0.23,1.0,0.5,0.0,0.0,0,0,0.0,2418.53,1,1,1.0,2418.53,1,1,1.0,6954.700000000001,2,1,0.5,1
LGS2ORD0022596,C011315,2025-06-28 22:00:00,Female,37,Silver,Shopee,Bangkok,208,Lazada,Credit_Card,22,6,5,1,30-40,6.933333333333334,5.0,1.0,0.2,26,14,1918.7520000000004,0.25,0.4,0.6,0.0,0.0,0,0,0.0,1699.53,1,0,0.0,3935.95,3,1,0.3333333333333333,9593.760000000002,5,1,0.2,1
LGS2ORD0022597,C012683,2025-06-28 23:00:00,Male,61,Silver,Web,Phuket,948,Shopee,PromptPay,23,6,5,1,>50,31.6,8.0,3.0,0.375,-15,1,6206.41375,0.3,0.5,0.25,0.0,2409.53,1,1,1.0,11221.5,3,2,0.6666666666666666,47382.45999999999,7,2,0.2857142857142857,49651.31,8,3,0.375,0
LGS2ORD0022598,C012151,2025-06-28 23:00:00,Female,36,Silver,Shopee,Remote_Area,1089,TV_Show,COD,23,6,5,1,30-40,36.3,3.0,0.0,0.0,-1,17,3881.663333333334,0.25,0.6666666666666666,0.3333333333333333,0.0,0.0,0,0,0.0,10046.69,2,0,0.0,11644.990000000002,3,0,0.0,11644.990000000002,3,0,0.0,1
LGS2ORD0022599,C013238,2025-06-28 23:00:00,Male,54,Gold,TV,Songkhla,396,CallCenter,Bank_Transfer,23,6,5,1,>50,13.2,2.0,0.0,0.0,-1,13,1466.79,0.33,0.5,0.5,0.0,0.0,0,0,0.0,992.76,1,0,0.0,992.76,1,0,0.0,2933.58,2,0,0.0,0
LGS2ORD0022600,C011232,2025-06-28 23:00:00,Male,47,Bronze,Web,Chiang Mai,1524,Lazada,Credit_Card,23,6,5,1,40-50,50.8,4.0,0.0,0.0,-1,13,3008.585,0.23,0.5,0.25,0.0,0.0,0,0,0.0,617.84,1,0,0.0,4810.76,3,0,0.0,12034.34,4,0,0.0,0
LGS2ORD0022601,C015641,2025-06-28 23:00:00,Female,52,Gold,TV,Nakhon Ratchasima,199,Shopee,Bank_Transfer,23,6,5,1,>50,6.633333333333334,3.0,0.0,0.0,-1,24,2959.656666666667,0.33,0.6666666666666666,0.6666666666666666,0.0,0.0,0,0,0.0,2559.3,1,0,0.0,8146.7300000000005,2,0,0.0,8878.970000000001,3,0,0.0,0
LGS2ORD0022602,C017675,2025-06-29 00:00:00,Male,30,Bronze,Web,Nakhon Ratchasima,1529,Lazada,Bank_Transfer,0,6,6,1,20-30,50.96666666666667,2.0,1.0,0.5,18,23,3116.44,0.08,0.0,0.0,0.0,0.0,0,0,0.0,4970.81,1,1,1.0,4970.81,1,1,1.0,6232.88,2,1,0.5,0
LGS2ORD0022603,C014273,2025-06-29 00:00:00,Male,56,Gold,Shopee,Bangkok,1127,TV_Show,Credit_Card,0,6,6,1,>50,37.56666666666667,4.0,0.0,0.0,-1,56,11590.960000000001,0.33,0.25,0.25,0.0,0.0,0,0,0.0,0.0,0,0,0.0,46071.41,3,0,0.0,46363.840000000004,4,0,0.0,0
LGS2ORD0022604,C010301,2025-06-29 00:00:00,Male,53,Bronze,CallCenter,Bangkok,649,Web,Credit_Card,0,6,6,1,>50,21.633333333333333,5.0,1.0,0.2,119,86,2937.764,0.18,0.6,0.0,0.0,0.0,0,0,0.0,0.0,0,0,0.0,2911.75,1,0,0.0,14688.82,5,1,0.2,0
LGS2ORD0022605,C015478,2025-06-29 00:00:00,Female,22,Gold,Web,Khon Kaen,784,TV_Show,COD,0,6,6,1,20-30,26.133333333333333,3.0,0.0,0.0,-1,7,8507.083333333334,0.18,0.6666666666666666,0.0,0.0,6402.39,1,0,0.0,6402.39,1,0,0.0,6402.39,1,0,0.0,25521.25,3,0,0.0,0
LGS2ORD0022606,C011936,2025-06-29 00:00:00,Male,58,Bronze,Web,Chiang Mai,932,Web,PromptPay,0,6,6,1,>50,31.066666666666666,4.0,0.0,0.0,-1,38,4788.327499999999,0.28,0.25,0.25,0.0,0.0,0,0,0.0,0.0,0,0,0.0,17443.35,3,0,0.0,19153.309999999998,4,0,0.0,0
LGS2ORD0022607,C015218,2025-06-29 01:00:00,Female,65,Silver,TV,Remote_Area,191,Web,Credit_Card,1,6,6,1,>50,6.366666666666666,1.0,0.0,0.0,-1,75,5053.12,0.2,0.0,0.0,0.0,0.0,0,0,0.0,0.0,0,0,0.0,5053.12,1,0,0.0,5053.12,1,0,0.0,0
LGS2ORD0022608,C013994,2025-06-29 01:00:00,Male,43,Bronze,Web,Chonburi,687,Shopee,Credit_Card,1,6,6,1,40-50,22.9,0.0,0.0,0.0,-1,-1,0.0,0.0,0.0,0.0,0.0,0.0,0,0,0.0,0.0,0,0,0.0,0.0,0,0,0.0,0.0,0,0,0.0,0
LGS2ORD0022609,C014061,2025-06-29 01:00:00,Female,36,Silver,TV,Bangkok,1498,TV_Show,PromptPay,1,6,6,1,30-40,49.93333333333333,1.0,0.0,0.0,-1,42,3267.61,0.05,0.0,0.0,0.0,0.0,0,0,0.0,0.0,0,0,0.0,3267.61,1,0,0.0,3267.61,1,0,0.0,0
LGS2ORD0022610,C016856,2025-06-29 01:00:00,Female,27,Silver,Web,Chiang Mai,551,Web,PromptPay,1,6,6,1,20-30,18.366666666666667,0.0,0.0,0.0,-1,-1,0.0,0.0,0.0,0.0,0.0,0.0,0,0,0.0,0.0,0,0,0.0,0.0,0,0,0.0,0.0,0,0,0.0,0
LGS2ORD0022611,C011070,2025-06-29 01:00:00,Male,38,Gold,TV,Bangkok,1369,CallCenter,COD,1,6,6,1,30-40,45.63333333333333,3.0,0.0,0.0,-1,20,1699.5633333333335,0.28,0.3333333333333333,0.3333333333333333,0.0,0.0,0,0,0.0,2386.19,1,0,0.0,4442.27,2,0,0.0,5098.6900000000005,3,0,0.0,1
LGS2ORD0022612,C016001,2025-06-29 02:00:00,Female,37,Bronze,TV,Khon Kaen,629,TV_Show,Credit_Card,2,6,6,1,30-40,20.966666666666665,2.0,0.0,0.0,-1,39,2977.505,0.18,0.5,0.0,0.0,0.0,0,0,0.0,0.0,0,0,0.0,5955.01,2,0,0.0,5955.01,2,0,0.0,0
LGS2ORD0022613,C014202,2025-06-29 02:00:00,Other,39,Platinum,Web,Bangkok,642,Shopee,COD,2,6,6,1,30-40,21.4,2.0,0.0,0.0,-1,116,1349.315,0.2,0.5,0.0,0.0,0.0,0,0,0.0,0.0,0,0,0.0,0.0,0,0,0.0,2698.63,2,0,0.0,0
LGS2ORD0022614,C017166,2025-06-29 02:00:00,Female,25,Bronze,TV,Khon Kaen,730,Web,Credit_Card,2,6,6,1,20-30,24.333333333333332,3.0,1.0,0.3333333333333333,87,44,6031.19,0.13,0.6666666666666666,0.0,0.0,0.0,0,0,0.0,0.0,0,0,0.0,317.05,1,0,0.0,18093.57,3,1,0.3333333333333333,0
LGS2ORD0022615,C011388,2025-06-29 02:00:00,Female,57,Silver,Lazada,Nakhon Ratchasima,353,Shopee,Credit_Card,2,6,6,1,>50,11.766666666666667,3.0,1.0,0.3333333333333333,-5,2,5909.143333333333,0.2,0.6666666666666666,0.0,0.0,1077.92,1,1,1.0,1077.92,1,1,1.0,15754.75,2,1,0.5,17727.43,3,1,0.3333333333333333,0
LGS2ORD0022616,C011495,2025-06-29 02:00:00,Female,42,Bronze,Shopee,Bangkok,1178,Shopee,COD,2,6,6,1,40-50,39.266666666666666,1.0,1.0,1.0,128,143,1447.44,0.08,1.0,0.0,0.0,0.0,0,0,0.0,0.0,0,0,0.0,0.0,0,0,0.0,1447.44,1,1,1.0,0
LGS2ORD0022617,C013831,2025-06-29 02:00:00,Male,27,Silver,TV,Nakhon Ratchasima,238,Web,Bank_Transfer,2,6,6,1,20-30,7.933333333333334,4.0,0.0,0.0,-1,8,7108.9625,0.15,0.5,0.0,0.0,0.0,0,0,0.0,25608.86,2,0,0.0,26749.18,3,0,0.0,28435.85,4,0,0.0,1
LGS2ORD0022618,C017434,2025-06-29 03:00:00,Female,54,Platinum,Shopee,Bangkok,1015,TV_Show,COD,3,6,6,1,>50,33.833333333333336,2.0,1.0,0.5,106,41,5646.455,0.3,0.0,1.0,0.0,0.0,0,0,0.0,0.0,0,0,0.0,8107.71,1,0,0.0,11292.91,2,1,0.5,0
LGS2ORD0022619,C014658,2025-06-29 03:00:00,Female,45,Platinum,CallCenter,Chonburi,1218,CallCenter,COD,3,6,6,1,40-50,40.6,2.0,0.0,0.0,-1,79,3901.75,0.25,0.0,0.5,0.0,0.0,0,0,0.0,0.0,0,0,0.0,1034.49,1,0,0.0,7803.5,2,0,0.0,1
LGS2ORD0022620,C013659,2025-06-29 03:00:00,Male,72,Bronze,TV,Remote_Area,1338,Lazada,PromptPay,3,6,6,1,>50,44.6,2.0,0.0,0.0,-1,134,4772.89,0.03,0.0,0.0,0.0,0.0,0,0,0.0,0.0,0,0,0.0,0.0,0,0,0.0,9545.78,2,0,0.0,0
LGS2ORD0022621,C012423,2025-06-29 03:00:00,Female,57,Bronze,CallCenter,Remote_Area,965,CallCenter,Credit_Card,3,6,6,1,>50,32.166666666666664,3.0,0.0,0.0,-1,52,1647.2699999999998,0.28,0.3333333333333333,1.0,0.0,0.0,0,0,0.0,0.0,0,0,0.0,4364.18,2,0,0.0,4941.8099999999995,3,0,0.0,1
LGS2ORD0022622,C010891,2025-06-29 03:00:00,Female,43,Gold,Shopee,Khon Kaen,1632,Lazada,COD,3,6,6,1,40-50,54.4,2.0,0.0,0.0,-1,1,3439.08,0.18,0.5,0.0,0.0,668.94,1,0,0.0,668.94,1,0,0.0,668.94,1,0,0.0,6878.16,2,0,0.0,0
LGS2ORD0022623,C016735,2025-06-29 04:00:00,Male,47,Silver,TV,Khon Kaen,1576,TV_Show,Credit_Card,4,6,6,1,40-50,52.53333333333333,1.0,1.0,1.0,7,20,2794.44,0.2,1.0,0.0,0.0,0.0,0,0,0.0,2794.44,1,1,1.0,2794.44,1,1,1.0,2794.44,1,1,1.0,0
LGS2ORD0022624,C013015,2025-06-29 04:00:00,Female,56,Platinum,TV,Chonburi,1276,Shopee,COD,4,6,6,1,>50,42.53333333333333,4.0,0.0,0.0,-1,41,5240.835,0.3,0.5,0.25,0.0,0.0,0,0,0.0,0.0,0,0,0.0,13004.11,2,0,0.0,20963.34,4,0,0.0,0
LGS2ORD0022625,C014260,2025-06-29 04:00:00,Female,20,Silver,Lazada,Khon Kaen,1500,Web,COD,4,6,6,1,<20,50.0,1.0,0.0,0.0,-1,17,953.4,0.25,0.0,1.0,0.0,0.0,0,0,0.0,953.4,1,0,0.0,953.4,1,0,0.0,953.4,1,0,0.0,0
LGS2ORD0022626,C013303,2025-06-29 04:00:00,Female,37,Bronze,CallCenter,Phuket,229,Lazada,Credit_Card,4,6,6,1,30-40,7.633333333333334,1.0,0.0,0.0,-1,161,439.87,0.03,0.0,0.0,0.0,0.0,0,0,0.0,0.0,0,0,0.0,0.0,0,0,0.0,439.87,1,0,0.0,0
LGS2ORD0022627,C015169,2025-06-29 04:00:00,Female,44,Bronze,TV,Bangkok,1275,Shopee,Bank_Transfer,4,6,6,1,40-50,42.5,4.0,1.0,0.25,16,33,7344.674999999999,0.23,0.5,0.5,0.0,0.0,0,0,0.0,0.0,0,0,0.0,15710.72,2,1,0.5,29378.699999999997,4,1,0.25,1
LGS2ORD0022628,C012866,2025-06-29 05:00:00,Female,43,Silver,Web,Chiang Mai,657,TV_Show,COD,5,6,6,1,40-50,21.9,1.0,0.0,0.0,-1,97,894.26,0.25,0.0,1.0,0.0,0.0,0,0,0.0,0.0,0,0,0.0,0.0,0,0,0.0,894.26,1,0,0.0,0
LGS2ORD0022629,C017392,2025-06-29 05:00:00,Female,36,Bronze,Web,Khon Kaen,773,Shopee,Bank_Transfer,5,6,6,1,30-40,25.766666666666666,4.0,1.0,0.25,127,56,9324.6175,0.28,0.25,0.25,0.0,0.0,0,0,0.0,0.0,0,0,0.0,21393.510000000002,2,0,0.0,37298.47,4,1,0.25,0
LGS2ORD0022630,C016248,2025-06-29 05:00:00,Female,44,Silver,TV,Nakhon Ratchasima,879,Shopee,Bank_Transfer,5,6,6,1,40-50,29.3,6.0,1.0,0.16666666666666666,38,2,5142.099999999999,0.3,0.5,0.3333333333333333,0.0,2509.85,1,0,0.0,2509.85,1,0,0.0,4487.33,3,1,0.3333333333333333,30852.6,6,1,0.16666666666666666,0
LGS2ORD0022631,C015688,2025-06-29 05:00:00,Female,27,Silver,TV,Phuket,1143,TV_Show,COD,5,6,6,1,20-30,38.1,2.0,0.0,0.0,-1,110,3556.375,0.2,0.0,0.0,0.0,0.0,0,0,0.0,0.0,0,0,0.0,0.0,0,0,0.0,7112.75,2,0,0.0,0
LGS2ORD0022632,C016993,2025-06-29 05:00:00,Female,32,Bronze,Shopee,Nakhon Ratchasima,234,TV_Show,COD,5,6,6,1,30-40,7.8,3.0,1.0,0.3333333333333333,82,50,5675.573333333334,0.28,0.0,0.6666666666666666,0.0,0.0,0,0,0.0,0.0,0,0,0.0,1768.16,1,0,0.0,17026.72,3,1,0.3333333333333333,0
LGS2ORD0022633,C017694,2025-06-29 06:00:00,Male,50,Silver,Lazada,Chiang Mai,831,Shopee,COD,6,6,6,1,40-50,27.7,3.0,0.0,0.0,-1,73,2608.27,0.3,0.3333333333333333,0.6666666666666666,0.0,0.0,0,0,0.0,0.0,0,0,0.0,7824.8099999999995,3,0,0.0,7824.8099999999995,3,0,0.0,0
LGS2ORD0022634,C012348,2025-06-29 06:00:00,Female,36,Bronze,CallCenter,Bangkok,631,TV_Show,COD,6,6,6,1,30-40,21.033333333333335,4.0,0.0,0.0,-1,51,5057.450000000001,0.28,1.0,0.25,0.0,0.0,0,0,0.0,0.0,0,0,0.0,3929.65,1,0,0.0,20229.800000000003,4,0,0.0,0
LGS2ORD0022635,C010137,2025-06-29 06:00:00,Female,43,Gold,Lazada,Chiang Mai,831,Shopee,COD,6,6,6,1,40-50,27.7,7.0,1.0,0.14285714285714285,31,23,8338.817142857142,0.33,0.5714285714285714,0.42857142857142855,0.0,0.0,0,0,0.0,8993.15,2,0,0.0,40921.43,4,1,0.25,58371.72,7,1,0.14285714285714285,0
LGS2ORD0022636,C015846,2025-06-29 06:00:00,Male,42,Bronze,TV,Songkhla,1606,TV_Show,COD,6,6,6,1,40-50,53.53333333333333,3.0,2.0,0.6666666666666666,36,46,2443.2466666666664,0.28,0.0,0.3333333333333333,0.0,0.0,0,0,0.0,0.0,0,0,0.0,6082.540000000001,2,1,0.5,7329.74,3,2,0.6666666666666666,0
LGS2ORD0022637,C010222,2025-06-29 06:00:00,Female,63,Gold,TV,Chonburi,613,Shopee,Credit_Card,6,6,6,1,>50,20.433333333333334,2.0,0.0,0.0,-1,13,5294.375,0.18,0.0,0.0,0.0,0.0,0,0,0.0,9521.65,1,0,0.0,10588.75,2,0,0.0,10588.75,2,0,0.0,0
LGS2ORD0022638,C012233,2025-06-29 06:00:00,Male,39,Gold,Lazada,Bangkok,819,CallCenter,COD,6,6,6,1,30-40,27.3,0.0,0.0,0.0,-1,-1,0.0,0.0,0.0,0.0,0.0,0.0,0,0,0.0,0.0,0,0,0.0,0.0,0,0,0.0,0.0,0,0,0.0,1
LGS2ORD0022639,C010448,2025-06-29 07:00:00,Male,27,Bronze,TV,Bangkok,913,Shopee,COD,7,6,6,1,20-30,30.433333333333334,2.0,0.0,0.0,-1,81,2215.04,0.23,1.0,0.5,0.0,0.0,0,0,0.0,0.0,0,0,0.0,2416.29,1,0,0.0,4430.08,2,0,0.0,1
LGS2ORD0022640,C010703,2025-06-29 07:00:00,Female,62,Silver,Shopee,Chiang Mai,303,Web,COD,7,6,6,1,>50,10.1,3.0,0.0,0.0,-1,51,4226.77,0.15,0.3333333333333333,0.0,0.0,0.0,0,0,0.0,0.0,0,0,0.0,9318.75,2,0,0.0,12680.310000000001,3,0,0.0,0
LGS2ORD0022641,C013247,2025-06-29 07:00:00,Female,37,Silver,TV,Remote_Area,718,Lazada,COD,7,6,6,1,30-40,23.933333333333334,2.0,1.0,0.5,17,28,11775.625,0.15,0.5,0.0,0.0,0.0,0,0,0.0,18239.62,1,1,1.0,18239.62,1,1,1.0,23551.25,2,1,0.5,0
LGS2ORD0022642,C014486,2025-06-29 07:00:00,Male,38,Bronze,TV,Khon Kaen,683,Web,COD,7,6,6,1,30-40,22.766666666666666,2.0,1.0,0.5,108,74,1761.4499999999998,0.23,0.5,0.5,0.0,0.0,0,0,0.0,0.0,0,0,0.0,2463.81,1,0,0.0,3522.8999999999996,2,1,0.5,0
LGS2ORD0022643,C011681,2025-06-29 07:00:00,Male,42,Bronze,Shopee,Bangkok,205,Lazada,COD,7,6,6,1,40-50,6.833333333333333,6.0,1.0,0.16666666666666666,17,19,4910.796666666667,0.18,0.6666666666666666,0.0,0.0,0.0,0,0,0.0,6578.15,2,1,0.5,22746.92,5,1,0.2,29464.780000000002,6,1,0.16666666666666666,0
LGS2ORD0022644,C012184,2025-06-29 08:00:00,Male,46,Silver,TV,Bangkok,1432,TV_Show,PromptPay,8,6,6,1,40-50,47.733333333333334,1.0,0.0,0.0,-1,152,1192.49,0.25,0.0,1.0,0.0,0.0,0,0,0.0,0.0,0,0,0.0,0.0,0,0,0.0,1192.49,1,0,0.0,0
LGS2ORD0022645,C014860,2025-06-29 08:00:00,Male,33,Bronze,TV,Songkhla,1260,TV_Show,COD,8,6,6,1,30-40,42.0,7.0,0.0,0.0,-1,0,6787.977142857143,0.28,0.5714285714285714,0.14285714285714285,0.0,3709.19,1,0,0.0,8166.01,2,0,0.0,8166.01,2,0,0.0,47515.840000000004,7,0,0.0,0
LGS2ORD0022646,C011768,2025-06-29 08:00:00,Male,31,Bronze,Lazada,Songkhla,1238,TV_Show,Bank_Transfer,8,6,6,1,30-40,41.266666666666666,3.0,0.0,0.0,-1,58,5448.783333333333,0.18,1.0,0.0,0.0,0.0,0,0,0.0,0.0,0,0,0.0,14335.41,2,0,0.0,16346.349999999999,3,0,0.0,1
LGS2ORD0022647,C012997,2025-06-29 08:00:00,Female,40,Gold,Web,Chonburi,1062,TV_Show,PromptPay,8,6,6,1,30-40,35.4,1.0,0.0,0.0,-1,167,3574.8,0.13,0.0,0.0,0.0,0.0,0,0,0.0,0.0,0,0,0.0,0.0,0,0,0.0,3574.8,1,0,0.0,0
LGS2ORD0022648,C010714,2025-06-29 08:00:00,Female,49,Bronze,TV,Remote_Area,1059,CallCenter,Credit_Card,8,6,6,1,40-50,35.3,3.0,2.0,0.6666666666666666,67,74,7635.2300000000005,0.28,0.6666666666666666,0.6666666666666666,0.0,0.0,0,0,0.0,0.0,0,0,0.0,13422.2,1,1,1.0,22905.690000000002,3,2,0.6666666666666666,0
LGS2ORD0022649,C013766,2025-06-29 09:00:00,Male,37,Bronze,TV,Remote_Area,1046,Lazada,COD,9,6,6,1,30-40,34.86666666666667,4.0,0.0,0.0,-1,40,11269.4375,0.28,0.0,0.75,0.0,0.0,0,0,0.0,0.0,0,0,0.0,1254.08,1,0,0.0,45077.75,4,0,0.0,0
LGS2ORD0022650,C017497,2025-06-29 09:00:00,Female,43,Bronze,Lazada,Khon Kaen,1036,Lazada,COD,9,6,6,1,40-50,34.53333333333333,2.0,0.0,0.0,-1,11,2552.575,0.23,1.0,0.5,0.0,0.0,0,0,0.0,2294.71,1,0,0.0,2294.71,1,0,0.0,5105.15,2,0,0.0,0
LGS2ORD0022651,C013393,2025-06-29 09:00:00,Male,61,Bronze,TV,Chonburi,220,Shopee,COD,9,6,6,1,>50,7.333333333333333,2.0,0.0,0.0,-1,111,1885.405,0.18,0.5,0.0,0.0,0.0,0,0,0.0,0.0,0,0,0.0,0.0,0,0,0.0,3770.81,2,0,0.0,1
LGS2ORD0022652,C017110,2025-06-29 09:00:00,Female,53,Gold,Web,Nakhon Ratchasima,1042,Web,COD,9,6,6,1,>50,34.733333333333334,5.0,1.0,0.2,14,22,7226.6179999999995,0.33,0.8,0.2,0.0,0.0,0,0,0.0,7955.929999999999,2,1,0.5,24505.809999999998,3,1,0.3333333333333333,36133.09,5,1,0.2,0
LGS2ORD0022653,C015687,2025-06-29 09:00:00,Other,58,Bronze,TV,Bangkok,1619,Web,Bank_Transfer,9,6,6,1,>50,53.96666666666667,2.0,0.0,0.0,-1,82,1886.905,0.23,0.5,0.5,0.0,0.0,0,0,0.0,0.0,0,0,0.0,431.35,1,0,0.0,3773.81,2,0,0.0,0
LGS2ORD0022654,C011490,2025-06-29 10:00:00,Female,34,Silver,Lazada,Nakhon Ratchasima,1125,Lazada,COD,10,6,6,1,30-40,37.5,5.0,0.0,0.0,-1,3,5189.218,0.25,0.8,0.2,0.0,4861.04,1,0,0.0,4861.04,1,0,0.0,11256.76,2,0,0.0,25946.09,5,0,0.0,0
LGS2ORD0022655,C017656,2025-06-29 10:00:00,Male,59,Bronze,TV,Nakhon Ratchasima,1584,Web,COD,10,6,6,1,>50,52.8,1.0,0.0,0.0,-1,104,2679.15,0.08,1.0,0.0,0.0,0.0,0,0,0.0,0.0,0,0,0.0,0.0,0,0,0.0,2679.15,1,0,0.0,0
LGS2ORD0022656,C011935,2025-06-29 10:00:00,Female,45,Bronze,TV,Remote_Area,1290,TV_Show,Credit_Card,10,6,6,1,40-50,43.0,1.0,1.0,1.0,77,86,25518.38,0.18,1.0,0.0,0.0,0.0,0,0,0.0,0.0,0,0,0.0,25518.38,1,1,1.0,25518.38,1,1,1.0,0
LGS2ORD0022657,C013766,2025-06-29 10:00:00,Male,37,Bronze,TV,Remote_Area,1046,TV_Show,COD,10,6,6,1,30-40,34.86666666666667,5.0,0.0,0.0,-1,0,9210.32,0.28,0.2,0.6,0.0,973.85,1,0,0.0,973.85,1,0,0.0,2227.93,2,0,0.0,46051.6,5,0,0.0,1
LGS2ORD0022658,C011351,2025-06-29 10:00:00,Male,37,Bronze,TV,Phuket,1609,TV_Show,COD,10,6,6,1,30-40,53.63333333333333,1.0,1.0,1.0,32,49,3156.35,0.28,1.0,1.0,0.0,0.0,0,0,0.0,0.0,0,0,0.0,3156.35,1,1,1.0,3156.35,1,1,1.0,1
LGS2ORD0022659,C013942,2025-06-29 10:00:00,Female,50,Platinum,Lazada,Bangkok,896,Shopee,Bank_Transfer,10,6,6,1,40-50,29.866666666666667,1.0,1.0,1.0,91,102,9901.64,0.1,0.0,0.0,0.0,0.0,0,0,0.0,0.0,0,0,0.0,0.0,0,0,0.0,9901.64,1,1,1.0,0
LGS2ORD0022660,C017779,2025-06-29 11:00:00,Female,42,Silver,Web,Nakhon Ratchasima,932,Shopee,COD,11,6,6,1,40-50,31.066666666666666,1.0,0.0,0.0,-1,42,10080.21,0.25,0.0,1.0,0.0,0.0,0,0,0.0,0.0,0,0,0.0,10080.21,1,0,0.0,10080.21,1,0,0.0,1
LGS2ORD0022661,C017618,2025-06-29 11:00:00,Female,36,Bronze,Web,Remote_Area,1505,Shopee,COD,11,6,6,1,30-40,50.166666666666664,1.0,0.0,0.0,-1,62,15930.88,0.23,1.0,1.0,0.0,0.0,0,0,0.0,0.0,0,0,0.0,15930.88,1,0,0.0,15930.88,1,0,0.0,0
LGS2ORD0022662,C014081,2025-06-29 11:00:00,Male,39,Gold,Web,Songkhla,1636,Web,PromptPay,11,6,6,1,30-40,54.53333333333333,1.0,0.0,0.0,-1,17,4882.1,0.08,0.0,0.0,0.0,0.0,0,0,0.0,4882.1,1,0,0.0,4882.1,1,0,0.0,4882.1,1,0,0.0,0
LGS2ORD0022663,C017302,2025-06-29 11:00:00,Female,18,Silver,CallCenter,Phuket,517,Lazada,Credit_Card,11,6,6,1,<20,17.233333333333334,2.0,0.0,0.0,-1,121,2307.0150000000003,0.1,0.5,0.0,0.0,0.0,0,0,0.0,0.0,0,0,0.0,0.0,0,0,0.0,4614.030000000001,2,0,0.0,0
LGS2ORD0022664,C011616,2025-06-29 11:00:00,Male,57,Silver,Shopee,Remote_Area,516,Lazada,COD,11,6,6,1,>50,17.2,1.0,0.0,0.0,-1,97,2421.42,0.05,1.0,0.0,0.0,0.0,0,0,0.0,0.0,0,0,0.0,0.0,0,0,0.0,2421.42,1,0,0.0,0
LGS2ORD0022665,C014600,2025-06-29 12:00:00,Male,45,Silver,Web,Bangkok,1436,Web,COD,12,6,6,1,40-50,47.86666666666667,1.0,0.0,0.0,-1,14,13618.82,0.25,1.0,1.0,0.0,0.0,0,0,0.0,13618.82,1,0,0.0,13618.82,1,0,0.0,13618.82,1,0,0.0,0
LGS2ORD0022666,C016102,2025-06-29 12:00:00,Female,33,Silver,Web,Chiang Mai,809,TV_Show,PromptPay,12,6,6,1,30-40,26.966666666666665,2.0,1.0,0.5,16,15,19529.52,0.2,0.5,0.0,0.0,0.0,0,0,0.0,39059.04,2,1,0.5,39059.04,2,1,0.5,39059.04,2,1,0.5,0
LGS2ORD0022667,C012284,2025-06-29 12:00:00,Female,35,Platinum,Web,Chonburi,568,CallCenter,COD,12,6,6,1,30-40,18.933333333333334,4.0,2.0,0.5,18,31,5279.845,0.25,0.5,0.5,0.0,0.0,0,0,0.0,0.0,0,0,0.0,17946.95,2,2,1.0,21119.38,4,2,0.5,0
LGS2ORD0022668,C010487,2025-06-29 12:00:00,Male,63,Bronze,TV,Remote_Area,1190,TV_Show,PromptPay,12,6,6,1,>50,39.666666666666664,4.0,0.0,0.0,-1,15,7252.3025,0.23,0.5,0.25,0.0,0.0,0,0,0.0,22471.69,2,0,0.0,29009.21,4,0,0.0,29009.21,4,0,0.0,0
LGS2ORD0022669,C010405,2025-06-29 12:00:00,Female,29,Bronze,Shopee,Nakhon Ratchasima,361,Shopee,COD,12,6,6,1,20-30,12.033333333333333,2.0,1.0,0.5,135,117,6423.335,0.28,0.5,0.5,0.0,0.0,0,0,0.0,0.0,0,0,0.0,0.0,0,0,0.0,12846.67,2,1,0.5,0
LGS2ORD0022670,C016613,2025-06-29 13:00:00,Female,33,Silver,Web,Chiang Mai,377,CallCenter,COD,13,6,6,1,30-40,12.566666666666666,1.0,0.0,0.0,-1,134,7484.45,0.1,1.0,0.0,0.0,0.0,0,0,0.0,0.0,0,0,0.0,0.0,0,0,0.0,7484.45,1,0,0.0,0
LGS2ORD0022671,C016496,2025-06-29 13:00:00,Female,62,Bronze,TV,Bangkok,205,Lazada,PromptPay,13,6,6,1,>50,6.833333333333333,3.0,0.0,0.0,-1,15,6674.243333333333,0.23,0.6666666666666666,0.3333333333333333,0.0,0.0,0,0,0.0,7691.23,1,0,0.0,10811.89,2,0,0.0,20022.73,3,0,0.0,0
LGS2ORD0022672,C012493,2025-06-29 13:00:00,Other,56,Bronze,Shopee,Chiang Mai,992,Shopee,COD,13,6,6,1,>50,33.06666666666667,4.0,2.0,0.5,32,46,2213.2349999999997,0.23,1.0,0.25,0.0,0.0,0,0,0.0,0.0,0,0,0.0,1692.54,1,1,1.0,8852.939999999999,4,2,0.5,0
LGS2ORD0022673,C014734,2025-06-29 13:00:00,Female,72,Silver,Web,Bangkok,681,Shopee,COD,13,6,6,1,>50,22.7,6.0,1.0,0.16666666666666666,152,89,4543.046666666666,0.25,0.0,0.3333333333333333,0.16666666666666666,0.0,0,0,0.0,0.0,0,0,0.0,6491.51,1,0,0.0,27258.28,6,1,0.16666666666666666,0
LGS2ORD0022674,C015879,2025-06-29 13:00:00,Female,46,Silver,CallCenter,Khon Kaen,490,Lazada,PromptPay,13,6,6,1,40-50,16.333333333333332,5.0,1.0,0.2,61,41,5316.456,0.2,0.8,0.0,0.0,0.0,0,0,0.0,0.0,0,0,0.0,19500.92,3,1,0.3333333333333333,26582.28,5,1,0.2,0
LGS2ORD0022675,C010741,2025-06-29 14:00:00,Male,24,Gold,TV,Phuket,1394,Lazada,Credit_Card,14,6,6,1,20-30,46.46666666666667,5.0,3.0,0.6,-4,6,5687.994000000001,0.2299999999999999,0.2,0.2,0.0,9735.38,1,1,1.0,12229.38,2,1,0.5,28439.97,5,3,0.6,28439.97,5,3,0.6,0
LGS2ORD0022676,C016614,2025-06-29 14:00:00,Male,21,Bronze,Web,Bangkok,683,Web,Credit_Card,14,6,6,1,20-30,22.766666666666666,6.0,2.0,0.3333333333333333,-6,5,8544.19,0.18,0.5,0.0,0.0,10403.63,1,1,1.0,11688.429999999998,3,2,0.6666666666666666,48340.19,5,2,0.4,51265.14,6,2,0.3333333333333333,1
LGS2ORD0022677,C012311,2025-06-29 14:00:00,Other,39,Bronze,TV,Phuket,726,Web,Credit_Card,14,6,6,1,30-40,24.2,4.0,1.0,0.25,8,11,3207.6675,0.28,0.25,0.5,0.0,0.0,0,0,0.0,8187.98,1,1,1.0,9051.82,2,1,0.5,12830.67,4,1,0.25,0
LGS2ORD0022678,C017143,2025-06-29 14:00:00,Female,50,Bronze,TV,Nakhon Ratchasima,1038,Lazada,Bank_Transfer,14,6,6,1,40-50,34.6,1.0,0.0,0.0,-1,126,1293.65,0.03,0.0,0.0,0.0,0.0,0,0,0.0,0.0,0,0,0.0,0.0,0,0,0.0,1293.65,1,0,0.0,0
LGS2ORD0022679,C013911,2025-06-29 14:00:00,Female,30,Bronze,Lazada,Khon Kaen,1510,TV_Show,COD,14,6,6,1,20-30,50.333333333333336,2.0,0.0,0.0,-1,57,2580.96,0.08,0.5,0.0,0.0,0.0,0,0,0.0,0.0,0,0,0.0,5161.92,2,0,0.0,5161.92,2,0,0.0,1
LGS2ORD0022680,C013904,2025-06-29 14:00:00,Male,22,Gold,CallCenter,Khon Kaen,1307,TV_Show,PromptPay,14,6,6,1,20-30,43.56666666666667,2.0,0.0,0.0,-1,46,11046.1,0.08,0.5,0.0,0.0,0.0,0,0,0.0,0.0,0,0,0.0,13505.62,1,0,0.0,22092.2,2,0,0.0,1
LGS2ORD0022681,C013615,2025-06-29 15:00:00,Male,44,Gold,Shopee,Bangkok,1320,Web,COD,15,6,6,1,40-50,44.0,1.0,1.0,1.0,138,146,9991.46,0.13,1.0,0.0,0.0,0.0,0,0,0.0,0.0,0,0,0.0,0.0,0,0,0.0,9991.46,1,1,1.0,0
LGS2ORD0022682,C011331,2025-06-29 15:00:00,Female,41,Silver,Shopee,Nakhon Ratchasima,1535,Web,PromptPay,15,6,6,1,40-50,51.166666666666664,0.0,0.0,0.0,-1,-1,0.0,0.0,0.0,0.0,0.0,0.0,0,0,0.0,0.0,0,0,0.0,0.0,0,0,0.0,0.0,0,0,0.0,0
LGS2ORD0022683,C011404,2025-06-29 15:00:00,Female,46,Bronze,TV,Chiang Mai,761,CallCenter,COD,15,6,6,1,40-50,25.366666666666667,3.0,0.0,0.0,-1,15,3192.6666666666665,0.23,0.3333333333333333,0.3333333333333333,0.0,0.0,0,0,0.0,1653.45,1,0,0.0,7605.84,2,0,0.0,9578.0,3,0,0.0,0
LGS2ORD0022684,C016613,2025-06-29 15:00:00,Female,33,Silver,Web,Chiang Mai,377,TV_Show,COD,15,6,6,1,30-40,12.566666666666666,2.0,0.0,0.0,-1,0,5107.4,0.2,1.0,0.0,0.0,2730.35,1,0,0.0,2730.35,1,0,0.0,2730.35,1,0,0.0,10214.8,2,0,0.0,0
LGS2ORD0022685,C011415,2025-06-29 15:00:00,Male,40,Platinum,TV,Bangkok,789,TV_Show,COD,15,6,6,1,30-40,26.3,3.0,1.0,0.3333333333333333,12,9,6915.296666666666,0.35,0.3333333333333333,0.3333333333333333,0.0,0.0,0,0,0.0,17774.05,2,1,0.5,20745.89,3,1,0.3333333333333333,20745.89,3,1,0.3333333333333333,1
LGS2ORD0022686,C010934,2025-06-29 16:00:00,Male,41,Platinum,TV,Chonburi,387,CallCenter,COD,16,6,6,1,40-50,12.9,3.0,0.0,0.0,-1,30,6116.353333333333,0.35,0.3333333333333333,0.6666666666666666,0.0,0.0,0,0,0.0,0.0,0,0,0.0,3233.99,2,0,0.0,18349.059999999998,3,0,0.0,1
LGS2ORD0022687,C015205,2025-06-29 16:00:00,Female,58,Bronze,Shopee,Bangkok,311,TV_Show,PromptPay,16,6,6,1,>50,10.366666666666667,8.0,1.0,0.125,32,44,4948.0599999999995,0.23,0.75,0.125,0.0,0.0,0,0,0.0,0.0,0,0,0.0,23552.16,3,1,0.3333333333333333,39584.479999999996,8,1,0.125,0
LGS2ORD0022688,C017452,2025-06-29 16:00:00,Male,41,Bronze,Web,Chonburi,394,CallCenter,PromptPay,16,6,6,1,40-50,13.133333333333333,3.0,1.0,0.3333333333333333,160,15,5284.52,0.18,0.6666666666666666,0.0,0.0,0.0,0,0,0.0,1983.12,1,0,0.0,1983.12,1,0,0.0,15853.560000000001,3,1,0.3333333333333333,0
LGS2ORD0022689,C011150,2025-06-29 16:00:00,Male,63,Bronze,Shopee,Bangkok,1313,TV_Show,COD,16,6,6,1,>50,43.766666666666666,4.0,1.0,0.25,19,25,3254.6575,0.23,0.5,0.25,0.0,0.0,0,0,0.0,2118.01,1,1,1.0,11094.41,3,1,0.3333333333333333,13018.63,4,1,0.25,0
LGS2ORD0022690,C011587,2025-06-29 16:00:00,Female,22,Gold,Web,Bangkok,1391,Web,Credit_Card,16,6,6,1,20-30,46.36666666666667,5.0,0.0,0.0,-1,4,3718.1999999999994,0.33,0.8,0.6,0.0,1237.62,1,0,0.0,1837.7399999999998,2,0,0.0,2136.02,3,0,0.0,18590.999999999996,5,0,0.0,0
LGS2ORD0022691,C015914,2025-06-29 17:00:00,Male,18,Bronze,Shopee,Songkhla,313,Shopee,Credit_Card,17,6,6,1,<20,10.433333333333334,9.0,4.0,0.4444444444444444,0,11,4559.526666666668,0.23,0.8888888888888888,0.1111111111111111,0.0,0.0,0,0,0.0,3853.41,2,2,1.0,22777.13,5,3,0.6,41035.740000000005,9,4,0.4444444444444444,0
LGS2ORD0022692,C013121,2025-06-29 17:00:00,Male,52,Silver,Shopee,Chonburi,332,TV_Show,COD,17,6,6,1,>50,11.066666666666666,5.0,0.0,0.0,-1,24,7253.972,0.3,0.4,0.6,0.0,0.0,0,0,0.0,18460.6,2,0,0.0,21732.920000000002,3,0,0.0,36269.86,5,0,0.0,1
LGS2ORD0022693,C012014,2025-06-29 17:00:00,Male,35,Gold,Web,Bangkok,1265,TV_Show,PromptPay,17,6,6,1,30-40,42.166666666666664,2.0,0.0,0.0,-1,123,4042.21,0.28,0.0,0.5,0.0,0.0,0,0,0.0,0.0,0,0,0.0,0.0,0,0,0.0,8084.42,2,0,0.0,0
LGS2ORD0022694,C015447,2025-06-29 17:00:00,Female,53,Bronze,Web,Nakhon Ratchasima,1622,TV_Show,Bank_Transfer,17,6,6,1,>50,54.06666666666667,2.0,0.0,0.0,-1,85,2824.325,0.23,0.5,0.5,0.0,0.0,0,0,0.0,0.0,0,0,0.0,3209.3,1,0,0.0,5648.65,2,0,0.0,0
LGS2ORD0022695,C014129,2025-06-29 17:00:00,Female,52,Gold,Web,Songkhla,520,TV_Show,PromptPay,17,6,6,1,>50,17.333333333333332,1.0,0.0,0.0,-1,112,18265.6,0.28,1.0,1.0,0.0,0.0,0,0,0.0,0.0,0,0,0.0,0.0,0,0,0.0,18265.6,1,0,0.0,0
LGS2ORD0022696,C014247,2025-06-29 17:00:00,Female,67,Bronze,Lazada,Songkhla,1012,TV_Show,Credit_Card,17,6,6,1,>50,33.733333333333334,3.0,0.0,0.0,-1,18,2624.1833333333334,0.08,0.3333333333333333,0.0,0.0,0.0,0,0,0.0,2304.45,1,0,0.0,2304.45,1,0,0.0,7872.55,3,0,0.0,1
LGS2ORD0022697,C017821,2025-06-29 18:00:00,Female,46,Silver,Shopee,Nakhon Ratchasima,817,CallCenter,Bank_Transfer,18,6,6,1,40-50,27.233333333333334,2.0,1.0,0.5,28,33,8874.365,0.3,1.0,0.5,0.0,0.0,0,0,0.0,0.0,0,0,0.0,15912.79,1,1,1.0,17748.73,2,1,0.5,0
LGS2ORD0022698,C014664,2025-06-29 18:00:00,Female,55,Silver,TV,Khon Kaen,734,TV_Show,COD,18,6,6,1,>50,24.466666666666665,3.0,0.0,0.0,-1,70,7329.639999999999,0.2,0.6666666666666666,0.0,0.0,0.0,0,0,0.0,0.0,0,0,0.0,1074.82,1,0,0.0,21988.92,3,0,0.0,0
LGS2ORD0022699,C013542,2025-06-29 18:00:00,Female,22,Bronze,TV,Bangkok,1161,TV_Show,Bank_Transfer,18,6,6,1,20-30,38.7,4.0,3.0,0.75,71,79,2240.9049999999997,0.23,0.75,0.25,0.0,0.0,0,0,0.0,0.0,0,0,0.0,3873.96,1,1,1.0,8963.619999999999,4,3,0.75,1
LGS2ORD0022700,C015750,2025-06-29 18:00:00,Female,46,Gold,Lazada,Bangkok,856,Web,Credit_Card,18,6,6,1,40-50,28.533333333333335,6.0,2.0,0.3333333333333333,117,4,2987.1066666666666,0.28,0.6666666666666666,0.3333333333333333,0.0,2048.84,1,0,0.0,2048.84,1,0,0.0,2048.84,1,0,0.0,17922.64,6,2,0.3333333333333333,0
LGS2ORD0022701,C017210,2025-06-29 18:00:00,Male,47,Bronze,CallCenter,Phuket,1228,Lazada,PromptPay,18,6,6,1,40-50,40.93333333333333,2.0,1.0,0.5,85,92,1850.525,0.18,0.5,0.0,0.0,0.0,0,0,0.0,0.0,0,0,0.0,0.0,0,0,0.0,3701.05,2,1,0.5,0
LGS2ORD0022702,C011902,2025-06-29 19:00:00,Female,51,Gold,TV,Bangkok,1627,Shopee,PromptPay,19,6,6,1,>50,54.233333333333334,4.0,1.0,0.25,25,31,4208.915,0.33,0.25,0.5,0.0,0.0,0,0,0.0,0.0,0,0,0.0,3804.7200000000003,2,1,0.5,16835.66,4,1,0.25,1
LGS2ORD0022703,C010122,2025-06-29 19:00:00,Female,45,Bronze,TV,Bangkok,357,Web,Credit_Card,19,6,6,1,40-50,11.9,4.0,2.0,0.5,7,20,6953.12,0.18,1.0,0.0,0.0,0.0,0,0,0.0,17777.93,2,2,1.0,18861.87,3,2,0.6666666666666666,27812.48,4,2,0.5,0
LGS2ORD0022704,C010816,2025-06-29 19:00:00,Male,68,Silver,Shopee,Bangkok,521,Web,COD,19,6,6,1,>50,17.366666666666667,3.0,1.0,0.3333333333333333,104,64,5488.303333333333,0.2,0.3333333333333333,0.0,0.0,0.0,0,0,0.0,0.0,0,0,0.0,12879.5,2,0,0.0,16464.91,3,1,0.3333333333333333,1
LGS2ORD0022705,C017924,2025-06-29 19:00:00,Male,39,Gold,Shopee,Chiang Mai,309,CallCenter,Bank_Transfer,19,6,6,1,30-40,10.3,5.0,1.0,0.2,83,15,5418.514000000001,0.33,0.4,0.6,0.0,0.0,0,0,0.0,9952.24,2,0,0.0,9952.24,2,0,0.0,27092.570000000003,5,1,0.2,0
LGS2ORD0022706,C013399,2025-06-29 19:00:00,Other,39,Gold,Web,Nakhon Ratchasima,1145,Web,Bank_Transfer,19,6,6,1,30-40,38.166666666666664,1.0,0.0,0.0,-1,71,12792.11,0.08,0.0,0.0,0.0,0.0,0,0,0.0,0.0,0,0,0.0,12792.11,1,0,0.0,12792.11,1,0,0.0,0
LGS2ORD0022707,C011317,2025-06-29 20:00:00,Male,22,Gold,Shopee,Phuket,1181,Shopee,COD,20,6,6,1,20-30,39.36666666666667,5.0,2.0,0.4,75,5,3379.536,0.2299999999999999,0.8,0.4,0.0,3048.73,1,0,0.0,3048.73,1,0,0.0,10802.529999999999,3,2,0.6666666666666666,16897.68,5,2,0.4,1
LGS2ORD0022708,C014923,2025-06-29 20:00:00,Female,22,Silver,Lazada,Songkhla,399,CallCenter,PromptPay,20,6,6,1,20-30,13.3,2.0,1.0,0.5,24,38,2628.36,0.3,0.5,0.5,0.0,0.0,0,0,0.0,0.0,0,0,0.0,3091.96,1,1,1.0,5256.72,2,1,0.5,0
LGS2ORD0022709,C012929,2025-06-29 20:00:00,Female,36,Silver,Lazada,Bangkok,682,CallCenter,Credit_Card,20,6,6,1,30-40,22.733333333333334,2.0,0.0,0.0,-1,98,1284.7649999999999,0.1,0.0,0.0,0.0,0.0,0,0,0.0,0.0,0,0,0.0,0.0,0,0,0.0,2569.5299999999997,2,0,0.0,1
LGS2ORD0022710,C017101,2025-06-29 20:00:00,Female,38,Bronze,Web,Bangkok,924,TV_Show,COD,20,6,6,1,30-40,30.8,3.0,0.0,0.0,-1,11,7769.173333333333,0.28,0.3333333333333333,0.3333333333333333,0.0,0.0,0,0,0.0,4390.19,1,0,0.0,4390.19,1,0,0.0,23307.52,3,0,0.0,1
LGS2ORD0022711,C015133,2025-06-29 20:00:00,Other,72,Bronze,TV,Bangkok,260,Shopee,COD,20,6,6,1,>50,8.666666666666666,3.0,0.0,0.0,-1,17,3364.0166666666664,0.23,0.0,0.3333333333333333,0.0,0.0,0,0,0.0,4938.79,1,0,0.0,4938.79,1,0,0.0,10092.05,3,0,0.0,0
LGS2ORD0022712,C016502,2025-06-29 21:00:00,Male,61,Gold,Lazada,Chonburi,193,Web,COD,21,6,6,1,>50,6.433333333333334,1.0,0.0,0.0,-1,144,4238.33,0.2299999999999999,0.0,1.0,0.0,0.0,0,0,0.0,0.0,0,0,0.0,0.0,0,0,0.0,4238.33,1,0,0.0,0
LGS2ORD0022713,C017405,2025-06-29 21:00:00,Female,49,Bronze,TV,Chiang Mai,284,TV_Show,Credit_Card,21,6,6,1,40-50,9.466666666666667,1.0,0.0,0.0,-1,143,15068.56,0.03,0.0,0.0,0.0,0.0,0,0,0.0,0.0,0,0,0.0,0.0,0,0,0.0,15068.56,1,0,0.0,1
LGS2ORD0022714,C011461,2025-06-29 21:00:00,Female,60,Bronze,Web,Remote_Area,1245,Shopee,COD,21,6,6,1,>50,41.5,4.0,2.0,0.5,42,39,5104.1575,0.23,0.5,0.5,0.0,0.0,0,0,0.0,0.0,0,0,0.0,13854.24,2,1,0.5,20416.63,4,2,0.5,0
LGS2ORD0022715,C013496,2025-06-29 21:00:00,Male,53,Platinum,Web,Phuket,418,TV_Show,COD,21,6,6,1,>50,13.933333333333334,3.0,1.0,0.3333333333333333,15,8,1789.42,0.3,0.6666666666666666,1.0,0.0,0.0,0,0,0.0,3791.3199999999997,2,1,0.5,3791.3199999999997,2,1,0.5,5368.26,3,1,0.3333333333333333,0
LGS2ORD0022716,C014904,2025-06-29 21:00:00,Female,26,Platinum,CallCenter,Chiang Mai,242,CallCenter,COD,21,6,6,1,20-30,8.066666666666666,4.0,0.0,0.0,-1,40,4149.5875,0.25,0.25,0.25,0.0,0.0,0,0,0.0,0.0,0,0,0.0,4039.44,1,0,0.0,16598.35,4,0,0.0,0
LGS2ORD0022717,C015664,2025-06-29 21:00:00,Female,37,Bronze,CallCenter,Remote_Area,1371,Shopee,PromptPay,21,6,6,1,30-40,45.7,4.0,2.0,0.5,17,29,9795.7325,0.23,0.75,0.25,0.0,0.0,0,0,0.0,9406.48,1,1,1.0,39182.93,4,2,0.5,39182.93,4,2,0.5,0
LGS2ORD0022718,C012639,2025-06-29 22:00:00,Female,33,Bronze,CallCenter,Bangkok,1540,Shopee,COD,22,6,6,1,30-40,51.333333333333336,1.0,1.0,1.0,21,33,1077.38,0.03,0.0,0.0,0.0,0.0,0,0,0.0,0.0,0,0,0.0,1077.38,1,1,1.0,1077.38,1,1,1.0,0
LGS2ORD0022719,C016495,2025-06-29 22:00:00,Female,44,Bronze,TV,Nakhon Ratchasima,732,Shopee,Credit_Card,22,6,6,1,40-50,24.4,4.0,1.0,0.25,107,17,8067.8625,0.28,0.25,0.25,0.0,0.0,0,0,0.0,20732.25,1,0,0.0,24975.57,2,0,0.0,32271.45,4,1,0.25,0
LGS2ORD0022720,C011035,2025-06-29 22:00:00,Male,65,Bronze,Shopee,Nakhon Ratchasima,599,Shopee,COD,22,6,6,1,>50,19.966666666666665,1.0,0.0,0.0,-1,164,2383.19,0.23,0.0,1.0,0.0,0.0,0,0,0.0,0.0,0,0,0.0,0.0,0,0,0.0,2383.19,1,0,0.0,0
LGS2ORD0022721,C011785,2025-06-29 22:00:00,Male,23,Silver,Shopee,Songkhla,1593,Shopee,PromptPay,22,6,6,1,20-30,53.1,3.0,1.0,0.3333333333333333,96,88,3120.1066666666666,0.2,0.6666666666666666,0.0,0.0,0.0,0,0,0.0,0.0,0,0,0.0,5653.63,1,0,0.0,9360.32,3,1,0.3333333333333333,1
LGS2ORD0022722,C017885,2025-06-29 22:00:00,Female,45,Bronze,Lazada,Bangkok,1087,Shopee,Credit_Card,22,6,6,1,40-50,36.233333333333334,3.0,0.0,0.0,-1,72,3992.6766666666667,0.23,0.3333333333333333,0.3333333333333333,0.0,0.0,0,0,0.0,0.0,0,0,0.0,2908.61,1,0,0.0,11978.03,3,0,0.0,0
LGS2ORD0022723,C013723,2025-06-29 23:00:00,Male,23,Bronze,TV,Songkhla,607,Lazada,PromptPay,23,6,6,1,20-30,20.233333333333334,5.0,1.0,0.2,37,45,6182.384,0.18,0.4,0.0,0.0,0.0,0,0,0.0,0.0,0,0,0.0,7400.59,2,1,0.5,30911.920000000002,5,1,0.2,0
LGS2ORD0022724,C012509,2025-06-29 23:00:00,Female,25,Platinum,Web,Nakhon Ratchasima,902,Lazada,COD,23,6,6,1,20-30,30.066666666666666,2.0,1.0,0.5,86,92,8045.975,0.25,0.5,0.5,0.0,0.0,0,0,0.0,0.0,0,0,0.0,0.0,0,0,0.0,16091.95,2,1,0.5,1
LGS2ORD0022725,C010952,2025-06-29 23:00:00,Female,30,Gold,Web,Chiang Mai,1199,Lazada,COD,23,6,6,1,20-30,39.96666666666667,0.0,0.0,0.0,-1,-1,0.0,0.0,0.0,0.0,0.0,0.0,0,0,0.0,0.0,0,0,0.0,0.0,0,0,0.0,0.0,0,0,0.0,0
LGS2ORD0022726,C011200,2025-06-29 23:00:00,Male,58,Silver,TV,Chiang Mai,1383,Lazada,COD,23,6,6,1,>50,46.1,3.0,0.0,0.0,-1,87,4408.863333333334,0.2,0.3333333333333333,0.0,0.0,0.0,0,0,0.0,0.0,0,0,0.0,1024.08,1,0,0.0,13226.59,3,0,0.0,0
LGS2ORD0022727,C013375,2025-06-29 23:00:00,Male,29,Platinum,TV,Bangkok,369,Web,Credit_Card,23,6,6,1,20-30,12.3,4.0,0.0,0.0,-1,29,4308.2025,0.2,0.25,0.0,0.0,0.0,0,0,0.0,11363.42,1,0,0.0,12178.03,2,0,0.0,17232.81,4,0,0.0,0
LGS2ORD0022728,C010539,2025-06-30 00:00:00,Male,50,Platinum,CallCenter,Khon Kaen,1090,TV_Show,Credit_Card,0,6,0,0,40-50,36.333333333333336,0.0,0.0,0.0,-1,-1,0.0,0.0,0.0,0.0,0.0,0.0,0,0,0.0,0.0,0,0,0.0,0.0,0,0,0.0,0.0,0,0,0.0,0
LGS2ORD0022729,C013218,2025-06-30 00:00:00,Male,50,Silver,Web,Bangkok,412,Shopee,COD,0,6,0,0,40-50,13.733333333333333,3.0,2.0,0.6666666666666666,33,43,1131.6066666666668,0.3,0.6666666666666666,0.6666666666666666,0.0,0.0,0,0,0.0,0.0,0,0,0.0,3049.32,2,1,0.5,3394.8200000000006,3,2,0.6666666666666666,0
LGS2ORD0022730,C015428,2025-06-30 00:00:00,Male,58,Bronze,TV,Remote_Area,1257,TV_Show,COD,0,6,0,0,>50,41.9,4.0,0.0,0.0,-1,60,5643.995,0.28,0.5,0.5,0.0,0.0,0,0,0.0,0.0,0,0,0.0,22575.98,4,0,0.0,22575.98,4,0,0.0,1
LGS2ORD0022731,C016476,2025-06-30 00:00:00,Female,46,Silver,Web,Remote_Area,898,Lazada,COD,0,6,0,0,40-50,29.933333333333334,3.0,1.0,0.3333333333333333,-3,8,1685.6366666666665,0.25,0.6666666666666666,0.3333333333333333,0.0,0.0,0,0,0.0,1360.98,1,1,1.0,1360.98,1,1,1.0,5056.91,3,1,0.3333333333333333,0
LGS2ORD0022732,C015170,2025-06-30 00:00:00,Female,33,Silver,Web,Bangkok,1625,TV_Show,COD,0,6,0,0,30-40,54.166666666666664,0.0,0.0,0.0,-1,-1,0.0,0.0,0.0,0.0,0.0,0.0,0,0,0.0,0.0,0,0,0.0,0.0,0,0,0.0,0.0,0,0,0.0,1
LGS2ORD0022733,C014844,2025-06-30 01:00:00,Female,40,Gold,Web,Bangkok,582,TV_Show,COD,1,6,0,0,30-40,19.4,5.0,0.0,0.0,-1,10,3554.468,0.28,0.6,0.4,0.0,0.0,0,0,0.0,681.05,1,0,0.0,4937.650000000001,2,0,0.0,17772.34,5,0,0.0,0
LGS2ORD0022734,C014513,2025-06-30 01:00:00,Male,47,Silver,CallCenter,Chonburi,1093,TV_Show,Credit_Card,1,6,0,0,40-50,36.43333333333333,3.0,1.0,0.3333333333333333,137,108,1974.7700000000002,0.2,0.6666666666666666,0.0,0.0,0.0,0,0,0.0,0.0,0,0,0.0,0.0,0,0,0.0,5924.31,3,1,0.3333333333333333,0
LGS2ORD0022735,C017823,2025-06-30 01:00:00,Male,44,Gold,Lazada,Khon Kaen,646,Web,PromptPay,1,6,0,0,40-50,21.533333333333335,4.0,0.0,0.0,-1,57,3120.5775000000003,0.28,0.25,0.25,0.0,0.0,0,0,0.0,0.0,0,0,0.0,6314.75,2,0,0.0,12482.310000000001,4,0,0.0,0
LGS2ORD0022736,C017211,2025-06-30 01:00:00,Male,62,Bronze,Shopee,Nakhon Ratchasima,260,Shopee,COD,1,6,0,0,>50,8.666666666666666,3.0,0.0,0.0,-1,138,1551.9333333333334,0.13,0.6666666666666666,0.0,0.0,0.0,0,0,0.0,0.0,0,0,0.0,0.0,0,0,0.0,4655.8,3,0,0.0,0
LGS2ORD0022737,C013197,2025-06-30 01:00:00,Female,36,Gold,Lazada,Bangkok,1037,TV_Show,COD,1,6,0,0,30-40,34.56666666666667,0.0,0.0,0.0,-1,-1,0.0,0.0,0.0,0.0,0.0,0.0,0,0,0.0,0.0,0,0,0.0,0.0,0,0,0.0,0.0,0,0,0.0,0
LGS2ORD0022738,C016345,2025-06-30 01:00:00,Female,49,Platinum,CallCenter,Nakhon Ratchasima,1119,Web,COD,1,6,0,0,40-50,37.3,2.0,1.0,0.5,125,140,3013.3450000000003,0.25,0.5,0.5,0.0,0.0,0,0,0.0,0.0,0,0,0.0,0.0,0,0,0.0,6026.6900000000005,2,1,0.5,1
LGS2ORD0022739,C013428,2025-06-30 02:00:00,Female,40,Bronze,TV,Bangkok,1233,TV_Show,PromptPay,2,6,0,0,30-40,41.1,3.0,2.0,0.6666666666666666,20,35,5290.983333333333,0.28,0.6666666666666666,0.3333333333333333,0.0,0.0,0,0,0.0,0.0,0,0,0.0,6747.83,1,1,1.0,15872.949999999999,3,2,0.6666666666666666,0
LGS2ORD0022740,C014179,2025-06-30 02:00:00,Male,18,Silver,Lazada,Songkhla,491,TV_Show,Credit_Card,2,6,0,0,<20,16.366666666666667,7.0,1.0,0.14285714285714285,75,28,9694.778571428571,0.25,0.42857142857142855,0.14285714285714285,0.0,0.0,0,0,0.0,1298.73,1,0,0.0,24002.289999999997,3,1,0.3333333333333333,67863.45,7,1,0.14285714285714285,0
LGS2ORD0022741,C015167,2025-06-30 02:00:00,Female,44,Silver,Web,Remote_Area,1625,Lazada,Bank_Transfer,2,6,0,0,40-50,54.166666666666664,0.0,0.0,0.0,-1,-1,0.0,0.0,0.0,0.0,0.0,0.0,0,0,0.0,0.0,0,0,0.0,0.0,0,0,0.0,0.0,0,0,0.0,1
LGS2ORD0022742,C010602,2025-06-30 02:00:00,Male,18,Bronze,TV,Chiang Mai,744,Shopee,COD,2,6,0,0,<20,24.8,3.0,0.0,0.0,-1,31,3284.1666666666665,0.28,1.0,0.3333333333333333,0.0,0.0,0,0,0.0,0.0,0,0,0.0,5643.74,2,0,0.0,9852.5,3,0,0.0,1
LGS2ORD0022743,C010118,2025-06-30 02:00:00,Male,33,Silver,Lazada,Songkhla,1434,CallCenter,COD,2,6,0,0,30-40,47.8,4.0,0.0,0.0,-1,24,10373.625,0.05,0.25,0.0,0.0,0.0,0,0,0.0,13036.099999999999,2,0,0.0,13036.099999999999,2,0,0.0,41494.5,4,0,0.0,1
LGS2ORD0022744,C013325,2025-06-30 03:00:00,Female,35,Bronze,TV,Chiang Mai,987,Lazada,Credit_Card,3,6,0,0,30-40,32.9,1.0,0.0,0.0,-1,83,14360.02,0.03,0.0,0.0,0.0,0.0,0,0,0.0,0.0,0,0,0.0,14360.02,1,0,0.0,14360.02,1,0,0.0,0
LGS2ORD0022745,C016534,2025-06-30 03:00:00,Female,51,Bronze,TV,Remote_Area,205,Web,COD,3,6,0,0,>50,6.833333333333333,5.0,0.0,0.0,-1,26,2662.934,0.28,0.2,0.6,0.0,0.0,0,0,0.0,715.8,1,0,0.0,13314.67,5,0,0.0,13314.67,5,0,0.0,0
LGS2ORD0022746,C017617,2025-06-30 03:00:00,Female,44,Bronze,TV,Remote_Area,1306,Lazada,PromptPay,3,6,0,0,40-50,43.53333333333333,3.0,2.0,0.6666666666666666,78,57,5177.736666666667,0.23,1.0,0.3333333333333333,0.0,0.0,0,0,0.0,0.0,0,0,0.0,2406.13,1,0,0.0,15533.21,3,2,0.6666666666666666,0
LGS2ORD0022747,C014071,2025-06-30 03:00:00,Male,44,Bronze,CallCenter,Remote_Area,1583,Lazada,COD,3,6,0,0,40-50,52.766666666666666,2.0,1.0,0.5,97,55,2246.785,0.23,0.0,0.5,0.0,0.0,0,0,0.0,0.0,0,0,0.0,3457.44,1,0,0.0,4493.57,2,1,0.5,0
LGS2ORD0022748,C014731,2025-06-30 03:00:00,Male,37,Silver,TV,Nakhon Ratchasima,1266,Shopee,Credit_Card,3,6,0,0,30-40,42.2,5.0,0.0,0.0,-1,4,12154.86,0.25,0.4,0.2,0.0,8281.09,1,0,0.0,8281.09,1,0,0.0,34691.89,3,0,0.0,60774.3,5,0,0.0,0
LGS2ORD0022749,C015604,2025-06-30 04:00:00,Female,47,Bronze,Web,Nakhon Ratchasima,496,CallCenter,Bank_Transfer,4,6,0,0,40-50,16.533333333333335,3.0,1.0,0.3333333333333333,82,98,2723.9266666666667,0.23,0.3333333333333333,0.3333333333333333,0.0,0.0,0,0,0.0,0.0,0,0,0.0,0.0,0,0,0.0,8171.78,3,1,0.3333333333333333,1
LGS2ORD0022750,C013808,2025-06-30 04:00:00,Female,34,Bronze,Shopee,Bangkok,1034,TV_Show,Credit_Card,4,6,0,0,30-40,34.46666666666667,5.0,0.0,0.0,-1,26,2976.1940000000004,0.28,0.6,0.2,0.0,0.0,0,0,0.0,664.21,1,0,0.0,11971.650000000001,4,0,0.0,14880.970000000001,5,0,0.0,0
LGS2ORD0022751,C013054,2025-06-30 04:00:00,Female,64,Silver,Web,Khon Kaen,1615,TV_Show,Bank_Transfer,4,6,0,0,>50,53.833333333333336,3.0,1.0,0.3333333333333333,152,31,5694.966666666667,0.25,0.6666666666666666,0.3333333333333333,0.0,0.0,0,0,0.0,0.0,0,0,0.0,5478.27,1,0,0.0,17084.9,3,1,0.3333333333333333,0
LGS2ORD0022752,C011945,2025-06-30 04:00:00,Female,44,Bronze,CallCenter,Bangkok,704,TV_Show,Credit_Card,4,6,0,0,40-50,23.466666666666665,4.0,3.0,0.75,25,39,3767.5375,0.23,0.75,0.5,0.0,0.0,0,0,0.0,0.0,0,0,0.0,13994.39,3,2,0.6666666666666666,15070.15,4,3,0.75,0
LGS2ORD0022753,C015756,2025-06-30 04:00:00,Female,42,Bronze,Shopee,Phuket,382,Shopee,PromptPay,4,6,0,0,40-50,12.733333333333333,5.0,3.0,0.6,37,14,8102.297999999998,0.28,0.8,0.4,0.0,0.0,0,0,0.0,15848.05,1,0,0.0,26189.76,4,2,0.5,40511.48999999999,5,3,0.6,1
LGS2ORD0022754,C017899,2025-06-30 05:00:00,Male,26,Bronze,Lazada,Bangkok,1056,Shopee,COD,5,6,0,0,20-30,35.2,3.0,2.0,0.6666666666666666,-10,4,2026.2166666666665,0.28,0.6666666666666666,0.6666666666666666,0.0,1390.43,1,1,1.0,1390.43,1,1,1.0,6078.65,3,2,0.6666666666666666,6078.65,3,2,0.6666666666666666,0
LGS2ORD0022755,C012333,2025-06-30 05:00:00,Male,42,Bronze,TV,Songkhla,1055,TV_Show,COD,5,6,0,0,40-50,35.166666666666664,3.0,1.0,0.3333333333333333,37,4,4491.27,0.28,0.6666666666666666,0.6666666666666666,0.0,5233.46,1,0,0.0,5233.46,1,0,0.0,13473.810000000001,3,1,0.3333333333333333,13473.810000000001,3,1,0.3333333333333333,0
LGS2ORD0022756,C017108,2025-06-30 05:00:00,Male,63,Silver,Web,Nakhon Ratchasima,697,Shopee,Credit_Card,5,6,0,0,>50,23.233333333333334,2.0,0.0,0.0,-1,33,4287.38,0.05,1.0,0.0,0.0,0.0,0,0,0.0,0.0,0,0,0.0,6774.59,1,0,0.0,8574.76,2,0,0.0,1
LGS2ORD0022757,C016577,2025-06-30 05:00:00,Female,33,Silver,Web,Khon Kaen,1343,TV_Show,COD,5,6,0,0,30-40,44.766666666666666,5.0,0.0,0.0,-1,7,6440.486,0.25,0.2,0.2,0.0,0.0,0,0,0.0,989.9,1,0,0.0,989.9,1,0,0.0,32202.43,5,0,0.0,0
LGS2ORD0022758,C011981,2025-06-30 05:00:00,Male,59,Bronze,Web,Remote_Area,1214,Shopee,COD,5,6,0,0,>50,40.46666666666667,5.0,2.0,0.4,111,126,10133.49,0.23,0.4,0.2,0.0,0.0,0,0,0.0,0.0,0,0,0.0,0.0,0,0,0.0,50667.45,5,2,0.4,1
LGS2ORD0022759,C014608,2025-06-30 05:00:00,Female,50,Bronze,Lazada,Nakhon Ratchasima,1479,Shopee,Credit_Card,5,6,0,0,40-50,49.3,8.0,3.0,0.375,31,14,5082.34625,0.23,0.625,0.25,0.0,0.0,0,0,0.0,3130.36,2,0,0.0,32820.38,6,2,0.3333333333333333,40658.77,8,3,0.375,0
LGS2ORD0022760,C010090,2025-06-30 06:00:00,Female,47,Silver,TV,Songkhla,838,CallCenter,PromptPay,6,6,0,0,40-50,27.933333333333334,4.0,2.0,0.5,19,32,4501.5175,0.3,1.0,0.5,0.0,0.0,0,0,0.0,0.0,0,0,0.0,16301.67,3,2,0.6666666666666666,18006.07,4,2,0.5,0
LGS2ORD0022761,C012716,2025-06-30 06:00:00,Male,54,Bronze,Lazada,Songkhla,851,TV_Show,COD,6,6,0,0,>50,28.366666666666667,4.0,1.0,0.25,118,78,4943.88,0.28,0.5,0.25,0.0,0.0,0,0,0.0,0.0,0,0,0.0,4724.76,1,0,0.0,19775.52,4,1,0.25,1
LGS2ORD0022762,C011674,2025-06-30 06:00:00,Male,45,Gold,Web,Phuket,1495,Lazada,Bank_Transfer,6,6,0,0,40-50,49.833333333333336,2.0,0.0,0.0,-1,18,2628.55,0.13,0.5,0.0,0.0,0.0,0,0,0.0,5257.1,2,0,0.0,5257.1,2,0,0.0,5257.1,2,0,0.0,0
LGS2ORD0022763,C016522,2025-06-30 06:00:00,Female,46,Bronze,Shopee,Bangkok,1150,Lazada,Bank_Transfer,6,6,0,0,40-50,38.333333333333336,5.0,2.0,0.4,40,17,7565.296,0.18,0.6,0.0,0.0,0.0,0,0,0.0,935.12,1,0,0.0,9277.480000000001,3,1,0.3333333333333333,37826.48,5,2,0.4,0
LGS2ORD0022764,C013453,2025-06-30 06:00:00,Female,41,Bronze,CallCenter,Bangkok,1457,Lazada,COD,6,6,0,0,40-50,48.56666666666667,3.0,2.0,0.6666666666666666,122,64,9802.686666666666,0.28,0.3333333333333333,0.3333333333333333,0.0,0.0,0,0,0.0,0.0,0,0,0.0,26017.51,1,0,0.0,29408.059999999998,3,2,0.6666666666666666,1
LGS2ORD0022765,C011983,2025-06-30 07:00:00,Female,50,Silver,Lazada,Chonburi,959,Web,Credit_Card,7,6,0,0,40-50,31.966666666666665,3.0,1.0,0.3333333333333333,159,53,2785.7599999999998,0.3,0.3333333333333333,0.3333333333333333,0.0,0.0,0,0,0.0,0.0,0,0,0.0,5257.32,2,0,0.0,8357.279999999999,3,1,0.3333333333333333,0
LGS2ORD0022766,C017482,2025-06-30 07:00:00,Female,29,Bronze,TV,Chiang Mai,1195,TV_Show,Credit_Card,7,6,0,0,20-30,39.833333333333336,5.0,2.0,0.4,47,5,4778.469999999999,0.28,0.0,0.2,0.0,3821.12,1,0,0.0,3821.12,1,0,0.0,12800.579999999998,2,1,0.5,23892.35,5,2,0.4,1
LGS2ORD0022767,C012221,2025-06-30 07:00:00,Female,36,Silver,Web,Bangkok,1076,Shopee,COD,7,6,0,0,30-40,35.86666666666667,1.0,0.0,0.0,-1,4,27924.18,0.1,0.0,0.0,0.0,27924.18,1,0,0.0,27924.18,1,0,0.0,27924.18,1,0,0.0,27924.18,1,0,0.0,1
LGS2ORD0022768,C012453,2025-06-30 07:00:00,Female,24,Silver,Shopee,Songkhla,1570,CallCenter,PromptPay,7,6,0,0,20-30,52.333333333333336,2.0,0.0,0.0,-1,61,5544.23,0.1,0.0,0.0,0.0,0.0,0,0,0.0,0.0,0,0,0.0,11088.46,2,0,0.0,11088.46,2,0,0.0,0
LGS2ORD0022769,C015046,2025-06-30 07:00:00,Male,64,Silver,Lazada,Songkhla,471,Web,Credit_Card,7,6,0,0,>50,15.7,2.0,1.0,0.5,59,47,5458.19,0.2,0.0,0.0,0.0,0.0,0,0,0.0,0.0,0,0,0.0,10916.38,2,1,0.5,10916.38,2,1,0.5,0
LGS2ORD0022770,C012819,2025-06-30 08:00:00,Male,41,Bronze,Shopee,Remote_Area,912,TV_Show,Bank_Transfer,8,6,0,0,40-50,30.4,2.0,1.0,0.5,51,48,2477.43,0.18,1.0,0.0,0.0,0.0,0,0,0.0,0.0,0,0,0.0,4954.86,2,1,0.5,4954.86,2,1,0.5,0
LGS2ORD0022771,C016187,2025-06-30 08:00:00,Female,20,Bronze,Web,Bangkok,337,Shopee,PromptPay,8,6,0,0,<20,11.233333333333333,3.0,1.0,0.3333333333333333,104,70,6709.506666666665,0.18,0.3333333333333333,0.0,0.0,0.0,0,0,0.0,0.0,0,0,0.0,1732.46,1,0,0.0,20128.519999999997,3,1,0.3333333333333333,0
LGS2ORD0022772,C011504,2025-06-30 08:00:00,Male,37,Bronze,TV,Bangkok,638,Shopee,COD,8,6,0,0,30-40,21.266666666666666,2.0,0.0,0.0,-1,53,1409.51,0.08,0.5,0.0,0.0,0.0,0,0,0.0,0.0,0,0,0.0,2186.88,1,0,0.0,2819.02,2,0,0.0,1
LGS2ORD0022773,C012823,2025-06-30 08:00:00,Female,56,Bronze,Web,Phuket,1397,CallCenter,COD,8,6,0,0,>50,46.56666666666667,8.0,3.0,0.375,13,9,4360.85875,0.28,0.75,0.125,0.0,0.0,0,0,0.0,7482.259999999999,4,1,0.25,23176.86,6,2,0.3333333333333333,34886.87,8,3,0.375,1
LGS2ORD0022774,C013515,2025-06-30 08:00:00,Male,32,Bronze,TV,Remote_Area,401,Web,COD,8,6,0,0,30-40,13.366666666666667,6.0,3.0,0.5,23,30,2784.9249999999997,0.28,0.6666666666666666,0.16666666666666666,0.0,0.0,0,0,0.0,0.0,0,0,0.0,7663.0199999999995,3,1,0.3333333333333333,16709.55,6,3,0.5,1
LGS2ORD0022775,C016628,2025-06-30 09:00:00,Male,53,Bronze,TV,Bangkok,457,TV_Show,COD,9,6,0,0,>50,15.233333333333333,3.0,0.0,0.0,-1,43,10653.813333333334,0.23,0.6666666666666666,0.3333333333333333,0.0,0.0,0,0,0.0,0.0,0,0,0.0,2163.78,1,0,0.0,31961.44,3,0,0.0,0
LGS2ORD0022776,C012577,2025-06-30 09:00:00,Male,60,Gold,TV,Chonburi,1214,Shopee,COD,9,6,0,0,>50,40.46666666666667,2.0,0.0,0.0,-1,7,5822.6,0.28,0.0,0.5,0.0,0.0,0,0,0.0,11645.2,2,0,0.0,11645.2,2,0,0.0,11645.2,2,0,0.0,1
LGS2ORD0022777,C011785,2025-06-30 09:00:00,Male,23,Silver,Shopee,Songkhla,1594,Shopee,Credit_Card,9,6,0,0,20-30,53.13333333333333,4.0,2.0,0.5,-12,0,5496.335,0.2,0.5,0.0,0.0,12625.02,1,1,1.0,12625.02,1,1,1.0,18278.65,2,1,0.5,21985.34,4,2,0.5,1
LGS2ORD0022778,C010438,2025-06-30 09:00:00,Male,46,Silver,TV,Chiang Mai,479,CallCenter,COD,9,6,0,0,40-50,15.966666666666667,1.0,0.0,0.0,-1,110,11367.17,0.2,1.0,0.0,0.0,0.0,0,0,0.0,0.0,0,0,0.0,0.0,0,0,0.0,11367.17,1,0,0.0,0
LGS2ORD0022779,C010040,2025-06-30 09:00:00,Male,56,Bronze,TV,Remote_Area,773,Lazada,PromptPay,9,6,0,0,>50,25.766666666666666,2.0,1.0,0.5,26,36,2119.475,0.28,1.0,0.5,0.0,0.0,0,0,0.0,0.0,0,0,0.0,4238.95,2,1,0.5,4238.95,2,1,0.5,0
LGS2ORD0022780,C014552,2025-06-30 09:00:00,Female,26,Silver,TV,Bangkok,540,Lazada,Bank_Transfer,9,6,0,0,20-30,18.0,1.0,1.0,1.0,149,163,3346.52,0.3,1.0,1.0,0.0,0.0,0,0,0.0,0.0,0,0,0.0,0.0,0,0,0.0,3346.52,1,1,1.0,0
LGS2ORD0022781,C014991,2025-06-30 10:00:00,Female,57,Gold,Lazada,Chonburi,1549,Lazada,PromptPay,10,6,0,0,>50,51.63333333333333,1.0,0.0,0.0,-1,41,2130.68,0.28,1.0,1.0,0.0,0.0,0,0,0.0,0.0,0,0,0.0,2130.68,1,0,0.0,2130.68,1,0,0.0,0
LGS2ORD0022782,C011768,2025-06-30 10:00:00,Male,31,Bronze,Lazada,Songkhla,1239,Shopee,COD,10,6,0,0,30-40,41.3,4.0,1.0,0.25,-14,1,5595.16,0.18,0.75,0.0,0.0,6034.29,1,1,1.0,6034.29,1,1,1.0,20369.7,3,1,0.3333333333333333,22380.64,4,1,0.25,0
LGS2ORD0022783,C010998,2025-06-30 10:00:00,Female,25,Gold,Web,Khon Kaen,1569,Web,Credit_Card,10,6,0,0,20-30,52.3,2.0,0.0,0.0,-1,130,2987.72,0.33,0.5,0.5,0.0,0.0,0,0,0.0,0.0,0,0,0.0,0.0,0,0,0.0,5975.44,2,0,0.0,0
LGS2ORD0022784,C011316,2025-06-30 10:00:00,Female,30,Silver,Web,Chonburi,882,Web,Credit_Card,10,6,0,0,20-30,29.4,1.0,0.0,0.0,-1,10,3134.64,0.2,1.0,0.0,0.0,0.0,0,0,0.0,3134.64,1,0,0.0,3134.64,1,0,0.0,3134.64,1,0,0.0,0
LGS2ORD0022785,C012679,2025-06-30 10:00:00,Male,46,Silver,Lazada,Khon Kaen,1406,Lazada,COD,10,6,0,0,40-50,46.86666666666667,6.0,1.0,0.16666666666666666,78,3,4496.038333333333,0.3,0.5,0.5,0.0,1579.03,1,0,0.0,1579.03,1,0,0.0,10236.410000000002,3,1,0.3333333333333333,26976.23,6,1,0.16666666666666666,0
LGS2ORD0022786,C017957,2025-06-30 11:00:00,Male,35,Bronze,CallCenter,Chiang Mai,339,TV_Show,COD,11,6,0,0,30-40,11.3,6.0,1.0,0.16666666666666666,0,6,4240.288333333334,0.23,0.8333333333333334,0.16666666666666666,0.0,3685.68,1,1,1.0,4623.88,2,1,0.5,13732.87,4,1,0.25,25441.730000000003,6,1,0.16666666666666666,1
LGS2ORD0022787,C010347,2025-06-30 11:00:00,Female,31,Gold,Shopee,Bangkok,1605,Shopee,PromptPay,11,6,0,0,30-40,53.5,4.0,0.0,0.0,-1,3,4551.175,0.28,0.25,0.5,0.25,2876.7,1,0,0.0,7732.67,2,0,0.0,13662.170000000002,3,0,0.0,18204.7,4,0,0.0,0
LGS2ORD0022788,C015686,2025-06-30 11:00:00,Male,61,Bronze,Web,Phuket,223,CallCenter,COD,11,6,0,0,>50,7.433333333333334,2.0,1.0,0.5,57,62,5901.815,0.03,0.0,0.0,0.0,0.0,0,0,0.0,0.0,0,0,0.0,3123.89,1,1,1.0,11803.63,2,1,0.5,0
LGS2ORD0022789,C015711,2025-06-30 11:00:00,Female,45,Gold,Web,Khon Kaen,1553,CallCenter,COD,11,6,0,0,40-50,51.766666666666666,3.0,1.0,0.3333333333333333,97,32,3390.533333333333,0.28,0.3333333333333333,1.0,0.0,0.0,0,0,0.0,0.0,0,0,0.0,5077.7,2,0,0.0,10171.599999999999,3,1,0.3333333333333333,0
LGS2ORD0022790,C011240,2025-06-30 11:00:00,Female,25,Bronze,Web,Chonburi,545,TV_Show,COD,11,6,0,0,20-30,18.166666666666668,0.0,0.0,0.0,-1,-1,0.0,0.0,0.0,0.0,0.0,0.0,0,0,0.0,0.0,0,0,0.0,0.0,0,0,0.0,0.0,0,0,0.0,0
LGS2ORD0022791,C012738,2025-06-30 12:00:00,Female,27,Silver,Web,Nakhon Ratchasima,1384,Web,COD,12,6,0,0,20-30,46.13333333333333,6.0,1.0,0.16666666666666666,17,17,5674.973333333334,0.25,0.5,0.16666666666666666,0.0,0.0,0,0,0.0,15326.85,3,1,0.3333333333333333,17237.94,4,1,0.25,34049.840000000004,6,1,0.16666666666666666,1
LGS2ORD0022792,C013298,2025-06-30 12:00:00,Male,59,Bronze,CallCenter,Phuket,1322,Shopee,COD,12,6,0,0,>50,44.06666666666667,3.0,2.0,0.6666666666666666,14,20,3687.2899999999995,0.18,0.6666666666666666,0.0,0.0,0.0,0,0,0.0,5584.46,1,1,1.0,5584.46,1,1,1.0,11061.869999999999,3,2,0.6666666666666666,0
LGS2ORD0022793,C014706,2025-06-30 12:00:00,Male,34,Silver,Web,Chonburi,385,Web,Bank_Transfer,12,6,0,0,30-40,12.833333333333334,1.0,0.0,0.0,-1,119,3056.26,0.25,1.0,1.0,0.0,0.0,0,0,0.0,0.0,0,0,0.0,0.0,0,0,0.0,3056.26,1,0,0.0,0
LGS2ORD0022794,C014595,2025-06-30 12:00:00,Female,41,Silver,Shopee,Chiang Mai,1058,Web,Bank_Transfer,12,6,0,0,40-50,35.266666666666666,4.0,1.0,0.25,21,27,5007.537499999999,0.3,0.75,0.5,0.0,0.0,0,0,0.0,1467.2,1,1,1.0,15797.53,3,1,0.3333333333333333,20030.149999999998,4,1,0.25,0
LGS2ORD0022795,C011401,2025-06-30 12:00:00,Male,37,Platinum,Shopee,Chiang Mai,1162,Web,Bank_Transfer,12,6,0,0,30-40,38.733333333333334,0.0,0.0,0.0,-1,-1,0.0,0.0,0.0,0.0,0.0,0.0,0,0,0.0,0.0,0,0,0.0,0.0,0,0,0.0,0.0,0,0,0.0,0
LGS2ORD0022796,C015356,2025-06-30 13:00:00,Female,37,Bronze,Lazada,Phuket,1471,Lazada,COD,13,6,0,0,30-40,49.03333333333333,1.0,0.0,0.0,-1,51,2159.11,0.03,1.0,0.0,0.0,0.0,0,0,0.0,0.0,0,0,0.0,2159.11,1,0,0.0,2159.11,1,0,0.0,1
LGS2ORD0022797,C010040,2025-06-30 13:00:00,Male,56,Bronze,TV,Remote_Area,773,Lazada,Credit_Card,13,6,0,0,>50,25.766666666666666,3.0,1.0,0.3333333333333333,26,0,2907.1066666666666,0.28,0.6666666666666666,0.3333333333333333,0.0,4482.37,1,0,0.0,4482.37,1,0,0.0,8721.32,3,1,0.3333333333333333,8721.32,3,1,0.3333333333333333,0
LGS2ORD0022798,C014643,2025-06-30 13:00:00,Male,58,Bronze,Lazada,Chonburi,343,Lazada,COD,13,6,0,0,>50,11.433333333333334,2.0,0.0,0.0,-1,171,4766.505,0.18,0.5,0.0,0.0,0.0,0,0,0.0,0.0,0,0,0.0,0.0,0,0,0.0,9533.01,2,0,0.0,0
LGS2ORD0022799,C016568,2025-06-30 13:00:00,Female,56,Bronze,TV,Remote_Area,268,Lazada,COD,13,6,0,0,>50,8.933333333333334,7.0,4.0,0.5714285714285714,95,99,7863.585714285715,0.28,0.8571428571428571,0.5714285714285714,0.0,0.0,0,0,0.0,0.0,0,0,0.0,0.0,0,0,0.0,55045.100000000006,7,4,0.5714285714285714,0
LGS2ORD0022800,C013723,2025-06-30 13:00:00,Male,23,Bronze,TV,Songkhla,608,Web,COD,13,6,0,0,20-30,20.266666666666666,6.0,1.0,0.16666666666666666,38,0,5611.216666666667,0.18,0.3333333333333333,0.0,0.0,2755.38,1,0,0.0,2755.38,1,0,0.0,10155.970000000001,3,1,0.3333333333333333,33667.3,6,1,0.16666666666666666,1
LGS2ORD0022801,C017976,2025-06-30 13:00:00,Female,37,Silver,TV,Chonburi,1515,TV_Show,COD,13,6,0,0,30-40,50.5,2.0,1.0,0.5,76,87,8647.77,0.1,0.5,0.0,0.0,0.0,0,0,0.0,0.0,0,0,0.0,10691.28,1,1,1.0,17295.54,2,1,0.5,0
LGS2ORD0022802,C013108,2025-06-30 14:00:00,Female,42,Bronze,Lazada,Khon Kaen,275,Shopee,COD,14,6,0,0,40-50,9.166666666666666,3.0,1.0,0.3333333333333333,90,24,3384.976666666667,0.28,0.3333333333333333,0.3333333333333333,0.0,0.0,0,0,0.0,4316.43,1,0,0.0,9161.14,2,0,0.0,10154.93,3,1,0.3333333333333333,0
LGS2ORD0022803,C016100,2025-06-30 14:00:00,Male,59,Bronze,TV,Khon Kaen,1126,Lazada,Credit_Card,14,6,0,0,>50,37.53333333333333,3.0,2.0,0.6666666666666666,24,34,5831.456666666668,0.28,0.6666666666666666,1.0,0.0,0.0,0,0,0.0,0.0,0,0,0.0,5286.42,2,2,1.0,17494.370000000003,3,2,0.6666666666666666,0
LGS2ORD0022804,C014080,2025-06-30 14:00:00,Male,29,Bronze,Shopee,Songkhla,1529,TV_Show,Credit_Card,14,6,0,0,20-30,50.96666666666667,4.0,1.0,0.25,70,17,6672.8175,0.23,0.5,0.25,0.0,0.0,0,0,0.0,12798.02,1,0,0.0,24907.22,3,1,0.3333333333333333,26691.27,4,1,0.25,0
LGS2ORD0022805,C015178,2025-06-30 14:00:00,Female,28,Gold,CallCenter,Songkhla,1261,Lazada,COD,14,6,0,0,20-30,42.03333333333333,1.0,1.0,1.0,101,108,6232.71,0.28,1.0,1.0,0.0,0.0,0,0,0.0,0.0,0,0,0.0,0.0,0,0,0.0,6232.71,1,1,1.0,1
LGS2ORD0022806,C016385,2025-06-30 14:00:00,Male,53,Gold,Web,Phuket,227,Lazada,PromptPay,14,6,0,0,>50,7.566666666666666,4.0,0.0,0.0,-1,8,3749.3575,0.2299999999999999,0.75,0.5,0.0,0.0,0,0,0.0,9448.84,2,0,0.0,12959.43,3,0,0.0,14997.43,4,0,0.0,1
LGS2ORD0022807,C016458,2025-06-30 15:00:00,Male,48,Bronze,Shopee,Chonburi,1542,CallCenter,Credit_Card,15,6,0,0,40-50,51.4,2.0,1.0,0.5,73,67,4453.96,0.23,0.5,0.5,0.0,0.0,0,0,0.0,0.0,0,0,0.0,8907.92,2,1,0.5,8907.92,2,1,0.5,0
LGS2ORD0022808,C012830,2025-06-30 15:00:00,Male,42,Bronze,TV,Khon Kaen,1186,Lazada,COD,15,6,0,0,40-50,39.53333333333333,5.0,2.0,0.4,51,13,4589.348,0.23,0.8,0.2,0.0,0.0,0,0,0.0,3730.86,1,0,0.0,8311.72,3,1,0.3333333333333333,22946.74,5,2,0.4,0
LGS2ORD0022809,C017190,2025-06-30 15:00:00,Male,50,Bronze,TV,Nakhon Ratchasima,461,Lazada,Bank_Transfer,15,6,0,0,40-50,15.366666666666667,2.0,2.0,1.0,52,67,1954.5849999999998,0.23,1.0,0.5,0.0,0.0,0,0,0.0,0.0,0,0,0.0,207.43,1,1,1.0,3909.1699999999996,2,2,1.0,1
LGS2ORD0022810,C016628,2025-06-30 15:00:00,Male,53,Bronze,TV,Bangkok,457,Shopee,PromptPay,15,6,0,0,>50,15.233333333333333,4.0,0.0,0.0,-1,0,13371.2975,0.23,0.75,0.25,0.0,21523.75,1,0,0.0,21523.75,1,0,0.0,23687.53,2,0,0.0,53485.19,4,0,0.0,0
LGS2ORD0022811,C014203,2025-06-30 15:00:00,Female,54,Bronze,Shopee,Nakhon Ratchasima,980,TV_Show,Credit_Card,15,6,0,0,>50,32.666666666666664,5.0,1.0,0.2,148,20,5109.778,0.28,0.6,0.4,0.0,0.0,0,0,0.0,10607.98,1,0,0.0,15685.05,2,0,0.0,25548.89,5,1,0.2,0
LGS2ORD0022812,C015167,2025-06-30 16:00:00,Female,44,Silver,Web,Remote_Area,1625,CallCenter,COD,16,6,0,0,40-50,54.166666666666664,1.0,1.0,1.0,-11,0,452.68,0.05,0.0,0.0,0.0,452.68,1,1,1.0,452.68,1,1,1.0,452.68,1,1,1.0,452.68,1,1,1.0,0
LGS2ORD0022813,C017705,2025-06-30 16:00:00,Female,49,Gold,Lazada,Chiang Mai,878,Lazada,COD,16,6,0,0,40-50,29.266666666666666,4.0,0.0,0.0,-1,3,3693.3025000000007,0.18,0.25,0.0,0.0,2844.56,2,0,0.0,2844.56,2,0,0.0,6714.610000000001,3,0,0.0,14773.210000000003,4,0,0.0,0
LGS2ORD0022814,C017968,2025-06-30 16:00:00,Male,51,Bronze,Lazada,Songkhla,1546,Shopee,COD,16,6,0,0,>50,51.53333333333333,2.0,0.0,0.0,-1,11,5164.900000000001,0.08,1.0,0.0,0.0,0.0,0,0,0.0,10329.800000000001,2,0,0.0,10329.800000000001,2,0,0.0,10329.800000000001,2,0,0.0,1
LGS2ORD0022815,C013984,2025-06-30 16:00:00,Other,65,Silver,TV,Chonburi,709,Lazada,COD,16,6,0,0,>50,23.633333333333333,1.0,0.0,0.0,-1,64,10350.88,0.15,1.0,0.0,0.0,0.0,0,0,0.0,0.0,0,0,0.0,10350.88,1,0,0.0,10350.88,1,0,0.0,0
LGS2ORD0022816,C013670,2025-06-30 16:00:00,Female,29,Silver,CallCenter,Chiang Mai,804,TV_Show,PromptPay,16,6,0,0,20-30,26.8,6.0,2.0,0.3333333333333333,-1,12,10222.814999999999,0.25,0.8333333333333334,0.16666666666666666,0.0,0.0,0,0,0.0,38159.71,2,1,0.5,46402.96,4,1,0.25,61336.88999999999,6,2,0.3333333333333333,0
LGS2ORD0022817,C010755,2025-06-30 16:00:00,Male,29,Gold,CallCenter,Bangkok,336,TV_Show,COD,16,6,0,0,20-30,11.2,0.0,0.0,0.0,-1,-1,0.0,0.0,0.0,0.0,0.0,0.0,0,0,0.0,0.0,0,0,0.0,0.0,0,0,0.0,0.0,0,0,0.0,0
LGS2ORD0022818,C016862,2025-06-30 17:00:00,Female,54,Bronze,CallCenter,Remote_Area,300,TV_Show,Credit_Card,17,6,0,0,>50,10.0,2.0,1.0,0.5,50,51,5725.785,0.28,0.5,0.5,0.0,0.0,0,0,0.0,0.0,0,0,0.0,11451.57,2,1,0.5,11451.57,2,1,0.5,1
LGS2ORD0022819,C011044,2025-06-30 17:00:00,Female,46,Silver,Web,Chonburi,1137,TV_Show,PromptPay,17,6,0,0,40-50,37.9,2.0,0.0,0.0,-1,65,4016.34,0.3,0.0,0.5,0.0,0.0,0,0,0.0,0.0,0,0,0.0,6010.62,1,0,0.0,8032.68,2,0,0.0,0
LGS2ORD0022820,C015344,2025-06-30 17:00:00,Male,33,Bronze,TV,Bangkok,1350,Web,COD,17,6,0,0,30-40,45.0,2.0,0.0,0.0,-1,55,6310.915,0.03,0.0,0.0,0.0,0.0,0,0,0.0,0.0,0,0,0.0,10803.56,1,0,0.0,12621.83,2,0,0.0,0
LGS2ORD0022821,C015377,2025-06-30 17:00:00,Female,36,Silver,Shopee,Songkhla,213,TV_Show,Credit_Card,17,6,0,0,30-40,7.1,2.0,1.0,0.5,160,19,3085.855,0.2,0.0,0.0,0.0,0.0,0,0,0.0,3872.75,1,0,0.0,3872.75,1,0,0.0,6171.71,2,1,0.5,1
LGS2ORD0022822,C011032,2025-06-30 17:00:00,Female,35,Bronze,Shopee,Bangkok,285,TV_Show,PromptPay,17,6,0,0,30-40,9.5,0.0,0.0,0.0,-1,-1,0.0,0.0,0.0,0.0,0.0,0.0,0,0,0.0,0.0,0,0,0.0,0.0,0,0,0.0,0.0,0,0,0.0,0
LGS2ORD0022823,C016400,2025-06-30 18:00:00,Male,39,Silver,Lazada,Bangkok,682,CallCenter,PromptPay,18,6,0,0,30-40,22.733333333333334,2.0,0.0,0.0,-1,51,4713.594999999999,0.25,0.5,0.5,0.0,0.0,0,0,0.0,0.0,0,0,0.0,9427.189999999999,2,0,0.0,9427.189999999999,2,0,0.0,0
LGS2ORD0022824,C010508,2025-06-30 18:00:00,Male,57,Bronze,TV,Chiang Mai,606,Web,Credit_Card,18,6,0,0,>50,20.2,2.0,1.0,0.5,83,79,2333.595,0.03,0.0,0.0,0.0,0.0,0,0,0.0,0.0,0,0,0.0,973.07,1,0,0.0,4667.19,2,1,0.5,0
LGS2ORD0022825,C011139,2025-06-30 18:00:00,Male,47,Bronze,TV,Songkhla,1317,Web,Credit_Card,18,6,0,0,40-50,43.9,3.0,1.0,0.3333333333333333,92,101,5115.28,0.13,0.3333333333333333,0.0,0.0,0.0,0,0,0.0,0.0,0,0,0.0,0.0,0,0,0.0,15345.84,3,1,0.3333333333333333,1
LGS2ORD0022826,C017362,2025-06-30 18:00:00,Female,39,Gold,CallCenter,Bangkok,1319,TV_Show,Bank_Transfer,18,6,0,0,30-40,43.96666666666667,2.0,0.0,0.0,-1,96,11296.92,0.13,0.0,0.0,0.0,0.0,0,0,0.0,0.0,0,0,0.0,0.0,0,0,0.0,22593.84,2,0,0.0,0
LGS2ORD0022827,C016268,2025-06-30 18:00:00,Male,46,Silver,Shopee,Songkhla,779,TV_Show,Credit_Card,18,6,0,0,40-50,25.966666666666665,1.0,0.0,0.0,-1,8,2017.27,0.05,1.0,0.0,0.0,0.0,0,0,0.0,2017.27,1,0,0.0,2017.27,1,0,0.0,2017.27,1,0,0.0,0
LGS2ORD0022828,C012631,2025-06-30 19:00:00,Female,39,Gold,CallCenter,Bangkok,1249,Web,Credit_Card,19,6,0,0,30-40,41.63333333333333,0.0,0.0,0.0,-1,-1,0.0,0.0,0.0,0.0,0.0,0.0,0,0,0.0,0.0,0,0,0.0,0.0,0,0,0.0,0.0,0,0,0.0,0
LGS2ORD0022829,C013653,2025-06-30 19:00:00,Female,56,Bronze,CallCenter,Remote_Area,1617,Web,COD,19,6,0,0,>50,53.9,2.0,1.0,0.5,97,62,4933.0599999999995,0.08,1.0,0.0,0.0,0.0,0,0,0.0,0.0,0,0,0.0,5281.15,1,0,0.0,9866.119999999999,2,1,0.5,0
LGS2ORD0022830,C012574,2025-06-30 19:00:00,Male,26,Bronze,Shopee,Nakhon Ratchasima,858,Lazada,COD,19,6,0,0,20-30,28.6,1.0,1.0,1.0,1,9,1538.47,0.18,1.0,0.0,0.0,0.0,0,0,0.0,1538.47,1,1,1.0,1538.47,1,1,1.0,1538.47,1,1,1.0,0
LGS2ORD0022831,C014068,2025-06-30 19:00:00,Female,33,Silver,TV,Bangkok,286,Lazada,PromptPay,19,6,0,0,30-40,9.533333333333333,6.0,1.0,0.16666666666666666,138,4,11658.045,0.25,0.5,0.16666666666666666,0.0,2023.08,1,0,0.0,5941.639999999999,2,0,0.0,59946.52,5,0,0.0,69948.27,6,1,0.16666666666666666,0
LGS2ORD0022832,C010012,2025-06-30 19:00:00,Male,54,Bronze,Web,Songkhla,252,Web,COD,19,6,0,0,>50,8.4,3.0,0.0,0.0,-1,73,11811.223333333333,0.18,0.0,0.0,0.0,0.0,0,0,0.0,0.0,0,0,0.0,2562.21,1,0,0.0,35433.67,3,0,0.0,0
LGS2ORD0022833,C010415,2025-06-30 20:00:00,Female,50,Gold,Web,Bangkok,861,Web,COD,20,6,0,0,40-50,28.7,3.0,1.0,0.3333333333333333,70,40,2356.1366666666668,0.33,0.6666666666666666,0.3333333333333333,0.0,0.0,0,0,0.0,0.0,0,0,0.0,5247.71,2,1,0.5,7068.41,3,1,0.3333333333333333,0
LGS2ORD0022834,C011299,2025-06-30 20:00:00,Male,43,Bronze,TV,Bangkok,1244,Shopee,COD,20,6,0,0,40-50,41.46666666666667,2.0,0.0,0.0,-1,48,2699.245,0.23,0.5,0.5,0.0,0.0,0,0,0.0,0.0,0,0,0.0,1238.4,1,0,0.0,5398.49,2,0,0.0,1
LGS2ORD0022835,C016820,2025-06-30 20:00:00,Female,38,Silver,Shopee,Phuket,1042,TV_Show,COD,20,6,0,0,30-40,34.733333333333334,4.0,1.0,0.25,140,96,3232.05,0.25,0.5,0.25,0.0,0.0,0,0,0.0,0.0,0,0,0.0,0.0,0,0,0.0,12928.2,4,1,0.25,0
LGS2ORD0022836,C013877,2025-06-30 20:00:00,Male,23,Gold,Shopee,Chiang Mai,385,Web,Credit_Card,20,6,0,0,20-30,12.833333333333334,0.0,0.0,0.0,-1,-1,0.0,0.0,0.0,0.0,0.0,0.0,0,0,0.0,0.0,0,0,0.0,0.0,0,0,0.0,0.0,0,0,0.0,1
LGS2ORD0022837,C017198,2025-06-30 20:00:00,Male,51,Bronze,Shopee,Chonburi,1456,CallCenter,COD,20,6,0,0,>50,48.53333333333333,3.0,0.0,0.0,-1,57,8699.393333333333,0.18,0.3333333333333333,0.0,0.0,0.0,0,0,0.0,0.0,0,0,0.0,8613.6,2,0,0.0,26098.18,3,0,0.0,0
LGS2ORD0022838,C015117,2025-06-30 20:00:00,Male,55,Bronze,Web,Chonburi,1463,Web,Credit_Card,20,6,0,0,>50,48.766666666666666,3.0,0.0,0.0,-1,34,1704.1633333333332,0.28,0.0,0.6666666666666666,0.0,0.0,0,0,0.0,0.0,0,0,0.0,593.86,1,0,0.0,5112.49,3,0,0.0,0
LGS2ORD0022839,C010703,2025-06-30 21:00:00,Female,62,Silver,Shopee,Chiang Mai,304,Shopee,Bank_Transfer,21,6,0,0,>50,10.133333333333333,4.0,0.0,0.0,-1,1,4589.26,0.2,0.5,0.0,0.0,5676.73,1,0,0.0,5676.73,1,0,0.0,14995.48,3,0,0.0,18357.04,4,0,0.0,0
LGS2ORD0022840,C016693,2025-06-30 21:00:00,Male,45,Platinum,Lazada,Bangkok,1560,Lazada,COD,21,6,0,0,40-50,52.0,3.0,0.0,0.0,-1,35,2633.1366666666668,0.1,0.3333333333333333,0.0,0.0,0.0,0,0,0.0,0.0,0,0,0.0,7068.01,2,0,0.0,7899.41,3,0,0.0,0
LGS2ORD0022841,C013786,2025-06-30 21:00:00,Female,49,Gold,Shopee,Chiang Mai,198,CallCenter,PromptPay,21,6,0,0,40-50,6.6,4.0,1.0,0.25,-9,6,1635.165,0.28,0.75,0.75,0.0,918.75,1,1,1.0,1639.58,2,1,0.5,1639.58,2,1,0.5,6540.66,4,1,0.25,0
LGS2ORD0022842,C016386,2025-06-30 21:00:00,Female,51,Gold,Web,Chonburi,1384,CallCenter,Credit_Card,21,6,0,0,>50,46.13333333333333,1.0,0.0,0.0,-1,144,8955.13,0.33,1.0,1.0,0.0,0.0,0,0,0.0,0.0,0,0,0.0,0.0,0,0,0.0,8955.13,1,0,0.0,0
LGS2ORD0022843,C010121,2025-06-30 21:00:00,Female,51,Silver,Shopee,Bangkok,634,TV_Show,Credit_Card,21,6,0,0,>50,21.133333333333333,3.0,0.0,0.0,-1,12,8580.723333333333,0.1,0.0,0.0,0.0,0.0,0,0,0.0,9704.039999999999,2,0,0.0,9704.039999999999,2,0,0.0,25742.17,3,0,0.0,0
LGS2ORD0022844,C016358,2025-06-30 22:00:00,Male,48,Bronze,TV,Khon Kaen,316,TV_Show,COD,22,6,0,0,40-50,10.533333333333333,6.0,4.0,0.6666666666666666,7,13,5878.213333333333,0.18,0.5,0.0,0.0,0.0,0,0,0.0,21683.29,2,1,0.5,29776.44,3,2,0.6666666666666666,35269.28,6,4,0.6666666666666666,1
LGS2ORD0022845,C010796,2025-06-30 22:00:00,Male,53,Bronze,Web,Bangkok,1454,TV_Show,PromptPay,22,6,0,0,>50,48.46666666666667,5.0,1.0,0.2,42,38,2333.776,0.23,0.4,0.2,0.0,0.0,0,0,0.0,0.0,0,0,0.0,2796.01,2,1,0.5,11668.88,5,1,0.2,0
LGS2ORD0022846,C010007,2025-06-30 22:00:00,Male,48,Gold,Shopee,Remote_Area,322,Lazada,COD,22,6,0,0,40-50,10.733333333333333,5.0,1.0,0.2,141,52,4994.312,0.28,0.8,0.8,0.0,0.0,0,0,0.0,0.0,0,0,0.0,3384.4300000000003,2,0,0.0,24971.559999999998,5,1,0.2,0
LGS2ORD0022847,C014940,2025-06-30 22:00:00,Female,40,Gold,Web,Nakhon Ratchasima,1420,Shopee,PromptPay,22,6,0,0,30-40,47.333333333333336,1.0,0.0,0.0,-1,66,1525.97,0.2299999999999999,0.0,1.0,0.0,0.0,0,0,0.0,0.0,0,0,0.0,1525.97,1,0,0.0,1525.97,1,0,0.0,0
LGS2ORD0022848,C017097,2025-06-30 22:00:00,Male,42,Silver,Shopee,Chiang Mai,416,CallCenter,PromptPay,22,6,0,0,40-50,13.866666666666667,6.0,1.0,0.16666666666666666,171,60,2593.225,0.3,0.8333333333333334,0.3333333333333333,0.0,0.0,0,0,0.0,0.0,0,0,0.0,4495.0,3,0,0.0,15559.35,6,1,0.16666666666666666,0
LGS2ORD0022849,C015222,2025-06-30 23:00:00,Male,46,Gold,Web,Nakhon Ratchasima,1117,Lazada,Bank_Transfer,23,6,0,0,40-50,37.233333333333334,0.0,0.0,0.0,-1,-1,0.0,0.0,0.0,0.0,0.0,0.0,0,0,0.0,0.0,0,0,0.0,0.0,0,0,0.0,0.0,0,0,0.0,0
LGS2ORD0022850,C017258,2025-06-30 23:00:00,Female,39,Silver,Shopee,Nakhon Ratchasima,645,TV_Show,COD,23,6,0,0,30-40,21.5,1.0,0.0,0.0,-1,92,7738.51,0.05,0.0,0.0,0.0,0.0,0,0,0.0,0.0,0,0,0.0,0.0,0,0,0.0,7738.51,1,0,0.0,0
LGS2ORD0022851,C014714,2025-06-30 23:00:00,Female,66,Gold,CallCenter,Bangkok,761,TV_Show,COD,23,6,0,0,>50,25.366666666666667,2.0,0.0,0.0,-1,44,7567.9,0.28,0.5,0.5,0.0,0.0,0,0,0.0,0.0,0,0,0.0,5679.65,1,0,0.0,15135.8,2,0,0.0,1
LGS2ORD0022852,C015410,2025-06-30 23:00:00,Male,46,Bronze,TV,Bangkok,1062,CallCenter,COD,23,6,0,0,40-50,35.4,5.0,0.0,0.0,-1,61,4411.322,0.23,0.6,0.2,0.0,0.0,0,0,0.0,0.0,0,0,0.0,7395.98,3,0,0.0,22056.61,5,0,0.0,0
LGS2ORD0022853,C017176,2025-06-30 23:00:00,Female,43,Bronze,Shopee,Remote_Area,556,CallCenter,Bank_Transfer,23,6,0,0,40-50,18.533333333333335,1.0,0.0,0.0,-1,131,3522.19,0.18,0.0,0.0,0.0,0.0,0,0,0.0,0.0,0,0,0.0,0.0,0,0,0.0,3522.19,1,0,0.0,0
LGS2ORD0022854,C015453,2025-07-01 00:00:00,Female,22,Gold,Web,Phuket,643,TV_Show,COD,0,7,1,0,20-30,21.433333333333334,3.0,1.0,0.3333333333333333,46,56,1833.2333333333333,0.2299999999999999,0.0,0.3333333333333333,0.0,0.0,0,0,0.0,0.0,0,0,0.0,870.16,1,1,1.0,5499.7,3,1,0.3333333333333333,1
LGS2ORD0022855,C013048,2025-07-01 00:00:00,Male,20,Gold,TV,Nakhon Ratchasima,1260,Lazada,COD,0,7,1,0,<20,42.0,3.0,0.0,0.0,-1,15,2414.6633333333334,0.33,0.6666666666666666,0.3333333333333333,0.0,0.0,0,0,0.0,2531.14,1,0,0.0,7243.99,3,0,0.0,7243.99,3,0,0.0,0
LGS2ORD0022856,C017410,2025-07-01 00:00:00,Female,30,Gold,Lazada,Bangkok,245,Lazada,COD,0,7,1,0,20-30,8.166666666666666,2.0,1.0,0.5,0,12,4890.245,0.33,0.5,0.5,0.0,0.0,0,0,0.0,2039.83,1,1,1.0,2039.83,1,1,1.0,9780.49,2,1,0.5,1
LGS2ORD0022857,C010391,2025-07-01 00:00:00,Female,39,Platinum,TV,Bangkok,236,Shopee,PromptPay,0,7,1,0,30-40,7.866666666666666,1.0,0.0,0.0,-1,102,4286.87,0.3,0.0,1.0,0.0,0.0,0,0,0.0,0.0,0,0,0.0,0.0,0,0,0.0,4286.87,1,0,0.0,0
LGS2ORD0022858,C014534,2025-07-01 00:00:00,Male,58,Bronze,TV,Phuket,671,Web,COD,0,7,1,0,>50,22.366666666666667,3.0,2.0,0.6666666666666666,-3,10,2306.8866666666668,0.18,0.6666666666666666,0.0,0.0,0.0,0,0,0.0,3309.62,1,1,1.0,4147.8,2,1,0.5,6920.66,3,2,0.6666666666666666,0
LGS2ORD0022859,C014335,2025-07-01 00:00:00,Male,43,Bronze,Shopee,Remote_Area,1404,Lazada,COD,0,7,1,0,40-50,46.8,4.0,1.0,0.25,124,62,1584.29,0.23,0.75,0.25,0.0,0.0,0,0,0.0,0.0,0,0,0.0,4493.95,2,0,0.0,6337.16,4,1,0.25,0
LGS2ORD0022860,C013413,2025-07-01 01:00:00,Male,57,Silver,Web,Bangkok,717,CallCenter,COD,1,7,1,0,>50,23.9,2.0,0.0,0.0,-1,41,1580.27,0.2,0.0,0.0,0.0,0.0,0,0,0.0,0.0,0,0,0.0,2615.8,1,0,0.0,3160.54,2,0,0.0,1
LGS2ORD0022861,C012432,2025-07-01 01:00:00,Female,45,Bronze,TV,Bangkok,555,TV_Show,COD,1,7,1,0,40-50,18.5,3.0,1.0,0.3333333333333333,9,16,6922.586666666666,0.23,0.0,0.3333333333333333,0.0,0.0,0,0,0.0,18427.37,1,1,1.0,19114.64,2,1,0.5,20767.76,3,1,0.3333333333333333,0
LGS2ORD0022862,C014122,2025-07-01 01:00:00,Female,32,Bronze,Shopee,Bangkok,1177,Shopee,COD,1,7,1,0,30-40,39.233333333333334,3.0,0.0,0.0,-1,51,11433.943333333335,0.18,0.3333333333333333,0.0,0.0,0.0,0,0,0.0,0.0,0,0,0.0,34301.83,3,0,0.0,34301.83,3,0,0.0,0
LGS2ORD0022863,C017057,2025-07-01 01:00:00,Female,29,Gold,Web,Chonburi,910,CallCenter,PromptPay,1,7,1,0,20-30,30.333333333333332,4.0,1.0,0.25,61,47,3686.7650000000003,0.33,0.25,0.5,0.0,0.0,0,0,0.0,0.0,0,0,0.0,5388.4,2,1,0.5,14747.060000000001,4,1,0.25,0
LGS2ORD0022864,C011407,2025-07-01 01:00:00,Female,24,Silver,Lazada,Chiang Mai,485,Web,COD,1,7,1,0,20-30,16.166666666666668,0.0,0.0,0.0,-1,-1,0.0,0.0,0.0,0.0,0.0,0.0,0,0,0.0,0.0,0,0,0.0,0.0,0,0,0.0,0.0,0,0,0.0,1
LGS2ORD0022865,C016747,2025-07-01 02:00:00,Female,26,Bronze,TV,Bangkok,1604,Lazada,COD,2,7,1,0,20-30,53.46666666666667,7.0,3.0,0.42857142857142855,20,14,1945.6685714285716,0.23,0.42857142857142855,0.14285714285714285,0.0,0.0,0,0,0.0,5311.41,2,0,0.0,10231.13,6,2,0.3333333333333333,13619.68,7,3,0.42857142857142855,1
LGS2ORD0022866,C011825,2025-07-01 02:00:00,Male,51,Silver,Web,Chonburi,1038,Shopee,COD,2,7,1,0,>50,34.6,6.0,1.0,0.16666666666666666,172,56,5314.578333333334,0.25,0.5,0.16666666666666666,0.0,0.0,0,0,0.0,0.0,0,0,0.0,15008.29,3,0,0.0,31887.47,6,1,0.16666666666666666,0
LGS2ORD0022867,C015463,2025-07-01 02:00:00,Male,51,Silver,Shopee,Khon Kaen,883,CallCenter,COD,2,7,1,0,>50,29.433333333333334,0.0,0.0,0.0,-1,-1,0.0,0.0,0.0,0.0,0.0,0.0,0,0,0.0,0.0,0,0,0.0,0.0,0,0,0.0,0.0,0,0,0.0,1
LGS2ORD0022868,C015330,2025-07-01 02:00:00,Female,38,Silver,Lazada,Songkhla,806,Web,COD,2,7,1,0,30-40,26.866666666666667,5.0,2.0,0.4,-3,4,3767.692,0.3,0.8,0.4,0.0,967.6,1,1,1.0,17089.68,4,2,0.5,17089.68,4,2,0.5,18838.46,5,2,0.4,0
LGS2ORD0022869,C016230,2025-07-01 02:00:00,Male,33,Bronze,Shopee,Bangkok,707,Shopee,Bank_Transfer,2,7,1,0,30-40,23.566666666666666,3.0,0.0,0.0,-1,19,2885.0833333333335,0.18,0.6666666666666666,0.0,0.0,0.0,0,0,0.0,3203.87,2,0,0.0,8655.25,3,0,0.0,8655.25,3,0,0.0,0
LGS2ORD0022870,C018000,2025-07-01 03:00:00,Female,45,Bronze,CallCenter,Chonburi,1615,TV_Show,COD,3,7,1,0,40-50,53.833333333333336,5.0,0.0,0.0,-1,95,4328.08,0.28,0.4,0.2,0.0,0.0,0,0,0.0,0.0,0,0,0.0,0.0,0,0,0.0,21640.4,5,0,0.0,0
LGS2ORD0022871,C015723,2025-07-01 03:00:00,Male,27,Platinum,Lazada,Songkhla,1379,Shopee,COD,3,7,1,0,20-30,45.96666666666667,3.0,1.0,0.3333333333333333,168,7,5726.143333333333,0.35,0.6666666666666666,0.6666666666666666,0.0,0.0,0,0,0.0,6081.03,1,0,0.0,15843.84,2,0,0.0,17178.43,3,1,0.3333333333333333,0
LGS2ORD0022872,C015471,2025-07-01 03:00:00,Male,27,Silver,Web,Chiang Mai,707,Shopee,Credit_Card,3,7,1,0,20-30,23.566666666666666,2.0,1.0,0.5,88,70,2033.655,0.2,1.0,0.0,0.0,0.0,0,0,0.0,0.0,0,0,0.0,3500.17,1,0,0.0,4067.31,2,1,0.5,0
LGS2ORD0022873,C010088,2025-07-01 03:00:00,Female,42,Bronze,Shopee,Songkhla,371,TV_Show,COD,3,7,1,0,40-50,12.366666666666667,1.0,0.0,0.0,-1,20,10082.04,0.08,0.0,0.0,0.0,0.0,0,0,0.0,10082.04,1,0,0.0,10082.04,1,0,0.0,10082.04,1,0,0.0,1
LGS2ORD0022874,C010567,2025-07-01 03:00:00,Male,68,Bronze,TV,Phuket,488,Web,PromptPay,3,7,1,0,>50,16.266666666666666,4.0,1.0,0.25,32,40,10400.91,0.23,1.0,0.25,0.0,0.0,0,0,0.0,0.0,0,0,0.0,28614.850000000002,2,1,0.5,41603.64,4,1,0.25,0
LGS2ORD0022875,C016136,2025-07-01 04:00:00,Male,42,Silver,CallCenter,Remote_Area,431,Web,COD,4,7,1,0,40-50,14.366666666666667,1.0,0.0,0.0,-1,160,2981.62,0.2,1.0,0.0,0.0,0.0,0,0,0.0,0.0,0,0,0.0,0.0,0,0,0.0,2981.62,1,0,0.0,0
LGS2ORD0022876,C017762,2025-07-01 04:00:00,Other,23,Gold,Lazada,Nakhon Ratchasima,1046,Lazada,Credit_Card,4,7,1,0,20-30,34.86666666666667,3.0,1.0,0.3333333333333333,157,79,9756.783333333333,0.33,0.3333333333333333,0.3333333333333333,0.0,0.0,0,0,0.0,0.0,0,0,0.0,5902.82,1,0,0.0,29270.35,3,1,0.3333333333333333,0
LGS2ORD0022877,C017565,2025-07-01 04:00:00,Male,59,Gold,Lazada,Phuket,433,Web,Bank_Transfer,4,7,1,0,>50,14.433333333333334,7.0,3.0,0.42857142857142855,45,24,6781.320000000001,0.33,0.42857142857142855,0.42857142857142855,0.0,0.0,0,0,0.0,9614.43,1,0,0.0,34529.03,5,2,0.4,47469.240000000005,7,3,0.42857142857142855,0
LGS2ORD0022878,C013578,2025-07-01 04:00:00,Male,30,Silver,Lazada,Khon Kaen,1541,TV_Show,Credit_Card,4,7,1,0,20-30,51.36666666666667,3.0,1.0,0.3333333333333333,6,17,6954.296666666668,0.25,0.6666666666666666,0.3333333333333333,0.0,0.0,0,0,0.0,1209.2,1,1,1.0,4769.35,2,1,0.5,20862.890000000003,3,1,0.3333333333333333,1
LGS2ORD0022879,C012453,2025-07-01 04:00:00,Female,24,Silver,Shopee,Songkhla,1571,CallCenter,PromptPay,4,7,1,0,20-30,52.36666666666667,3.0,0.0,0.0,-1,0,4304.163333333333,0.15,0.0,0.0,0.0,1824.03,1,0,0.0,1824.03,1,0,0.0,12912.49,3,0,0.0,12912.49,3,0,0.0,0
LGS2ORD0022880,C012486,2025-07-01 04:00:00,Male,56,Platinum,Lazada,Bangkok,364,Shopee,COD,4,7,1,0,>50,12.133333333333333,2.0,0.0,0.0,-1,29,1710.275,0.1,0.5,0.0,0.0,0.0,0,0,0.0,1381.73,1,0,0.0,1381.73,1,0,0.0,3420.55,2,0,0.0,0
LGS2ORD0022881,C010552,2025-07-01 05:00:00,Male,36,Silver,Shopee,Chonburi,1620,Lazada,COD,5,7,1,0,30-40,54.0,4.0,1.0,0.25,159,44,6806.0875,0.2,0.5,0.0,0.0,0.0,0,0,0.0,0.0,0,0,0.0,10343.66,2,0,0.0,27224.35,4,1,0.25,0
LGS2ORD0022882,C011792,2025-07-01 05:00:00,Other,27,Gold,TV,Bangkok,535,Web,Bank_Transfer,5,7,1,0,20-30,17.833333333333332,3.0,0.0,0.0,-1,64,3138.093333333333,0.2299999999999999,0.6666666666666666,0.3333333333333333,0.0,0.0,0,0,0.0,0.0,0,0,0.0,3571.45,1,0,0.0,9414.279999999999,3,0,0.0,0
LGS2ORD0022883,C017346,2025-07-01 05:00:00,Female,32,Silver,Web,Bangkok,794,Web,COD,5,7,1,0,30-40,26.466666666666665,0.0,0.0,0.0,-1,-1,0.0,0.0,0.0,0.0,0.0,0.0,0,0,0.0,0.0,0,0,0.0,0.0,0,0,0.0,0.0,0,0,0.0,1
LGS2ORD0022884,C016384,2025-07-01 05:00:00,Female,30,Gold,TV,Bangkok,970,Web,PromptPay,5,7,1,0,20-30,32.333333333333336,3.0,0.0,0.0,-1,36,2238.8266666666664,0.33,0.3333333333333333,0.6666666666666666,0.0,0.0,0,0,0.0,0.0,0,0,0.0,5312.65,2,0,0.0,6716.48,3,0,0.0,0
LGS2ORD0022885,C015202,2025-07-01 05:00:00,Male,32,Gold,Lazada,Bangkok,620,TV_Show,Credit_Card,5,7,1,0,30-40,20.666666666666668,2.0,1.0,0.5,150,158,7582.389999999999,0.08,0.0,0.0,0.0,0.0,0,0,0.0,0.0,0,0,0.0,0.0,0,0,0.0,15164.779999999999,2,1,0.5,0
LGS2ORD0022886,C015460,2025-07-01 06:00:00,Female,40,Gold,Lazada,Bangkok,585,Web,PromptPay,6,7,1,0,30-40,19.5,3.0,0.0,0.0,-1,78,4914.1033333333335,0.28,0.6666666666666666,0.6666666666666666,0.0,0.0,0,0,0.0,0.0,0,0,0.0,306.4,1,0,0.0,14742.31,3,0,0.0,0
LGS2ORD0022887,C010175,2025-07-01 06:00:00,Male,47,Bronze,CallCenter,Bangkok,266,TV_Show,PromptPay,6,7,1,0,40-50,8.866666666666667,5.0,1.0,0.2,107,75,2999.8499999999995,0.28,0.6,0.2,0.0,0.0,0,0,0.0,0.0,0,0,0.0,1131.64,1,0,0.0,14999.249999999998,5,1,0.2,0
LGS2ORD0022888,C017608,2025-07-01 06:00:00,Male,51,Gold,Lazada,Remote_Area,707,TV_Show,PromptPay,6,7,1,0,>50,23.566666666666666,1.0,0.0,0.0,-1,17,5474.87,0.2299999999999999,1.0,1.0,0.0,0.0,0,0,0.0,5474.87,1,0,0.0,5474.87,1,0,0.0,5474.87,1,0,0.0,0
LGS2ORD0022889,C011768,2025-07-01 06:00:00,Male,31,Bronze,Lazada,Songkhla,1240,Lazada,COD,6,7,1,0,30-40,41.333333333333336,5.0,1.0,0.2,-14,0,5165.294,0.23,0.8,0.2,0.0,9480.119999999999,2,1,0.5,9480.119999999999,2,1,0.5,23815.53,4,1,0.25,25826.47,5,1,0.2,1
LGS2ORD0022890,C011003,2025-07-01 06:00:00,Male,52,Silver,CallCenter,Khon Kaen,654,Lazada,Credit_Card,6,7,1,0,>50,21.8,2.0,0.0,0.0,-1,96,1474.895,0.3,0.0,0.5,0.0,0.0,0,0,0.0,0.0,0,0,0.0,0.0,0,0,0.0,2949.79,2,0,0.0,0
LGS2ORD0022891,C016248,2025-07-01 07:00:00,Female,44,Silver,TV,Nakhon Ratchasima,881,TV_Show,PromptPay,7,7,1,0,40-50,29.366666666666667,7.0,1.0,0.14285714285714285,40,2,4610.62,0.3,0.42857142857142855,0.2857142857142857,0.0,3931.59,2,0,0.0,3931.59,2,0,0.0,4977.0599999999995,3,1,0.3333333333333333,32274.34,7,1,0.14285714285714285,0
LGS2ORD0022892,C012319,2025-07-01 07:00:00,Male,40,Bronze,TV,Remote_Area,369,TV_Show,Credit_Card,7,7,1,0,30-40,12.3,5.0,4.0,0.8,82,92,1574.65,0.23,0.6,0.4,0.0,0.0,0,0,0.0,0.0,0,0,0.0,0.0,0,0,0.0,7873.25,5,4,0.8,0
LGS2ORD0022893,C017253,2025-07-01 07:00:00,Male,18,Silver,Web,Khon Kaen,435,TV_Show,Bank_Transfer,7,7,1,0,<20,14.5,3.0,1.0,0.3333333333333333,96,63,7294.493333333335,0.2,0.3333333333333333,0.0,0.0,0.0,0,0,0.0,0.0,0,0,0.0,5444.92,1,0,0.0,21883.480000000003,3,1,0.3333333333333333,0
LGS2ORD0022894,C017547,2025-07-01 07:00:00,Female,50,Gold,Lazada,Remote_Area,1124,Web,COD,7,7,1,0,40-50,37.46666666666667,5.0,3.0,0.6,97,63,3723.8,0.18,0.6,0.0,0.0,0.0,0,0,0.0,0.0,0,0,0.0,3753.82,1,0,0.0,18619.0,5,3,0.6,0
LGS2ORD0022895,C013443,2025-07-01 07:00:00,Female,44,Silver,Web,Bangkok,307,Shopee,COD,7,7,1,0,40-50,10.233333333333333,0.0,0.0,0.0,-1,-1,0.0,0.0,0.0,0.0,0.0,0.0,0,0,0.0,0.0,0,0,0.0,0.0,0,0,0.0,0.0,0,0,0.0,0
LGS2ORD0022896,C015876,2025-07-01 08:00:00,Female,37,Bronze,Web,Songkhla,591,Lazada,PromptPay,8,7,1,0,30-40,19.7,4.0,0.0,0.0,-1,28,3063.6525,0.23,0.5,0.25,0.0,0.0,0,0,0.0,4811.99,1,0,0.0,12254.61,4,0,0.0,12254.61,4,0,0.0,0
LGS2ORD0022897,C017655,2025-07-01 08:00:00,Male,49,Platinum,Lazada,Chonburi,226,Shopee,Credit_Card,8,7,1,0,40-50,7.533333333333333,3.0,0.0,0.0,-1,29,2495.5899999999997,0.3,0.3333333333333333,0.6666666666666666,0.0,0.0,0,0,0.0,1117.86,1,0,0.0,7486.7699999999995,3,0,0.0,7486.7699999999995,3,0,0.0,1
LGS2ORD0022898,C016474,2025-07-01 08:00:00,Male,40,Bronze,TV,Khon Kaen,1069,Shopee,Credit_Card,8,7,1,0,30-40,35.63333333333333,5.0,1.0,0.2,32,47,6394.24,0.28,0.8,0.2,0.0,0.0,0,0,0.0,0.0,0,0,0.0,3907.34,1,1,1.0,31971.2,5,1,0.2,0
LGS2ORD0022899,C011138,2025-07-01 08:00:00,Male,51,Bronze,CallCenter,Phuket,268,Shopee,Credit_Card,8,7,1,0,>50,8.933333333333334,4.0,2.0,0.5,33,2,4107.72,0.23,0.5,0.25,0.0,5044.52,1,0,0.0,5044.52,1,0,0.0,16430.88,4,2,0.5,16430.88,4,2,0.5,0
LGS2ORD0022900,C012840,2025-07-01 08:00:00,Female,55,Bronze,Shopee,Songkhla,262,TV_Show,PromptPay,8,7,1,0,>50,8.733333333333333,1.0,0.0,0.0,-1,22,4972.37,0.23,1.0,1.0,0.0,0.0,0,0,0.0,4972.37,1,0,0.0,4972.37,1,0,0.0,4972.37,1,0,0.0,0
LGS2ORD0022901,C012227,2025-07-01 08:00:00,Female,48,Bronze,TV,Chiang Mai,1125,Lazada,Credit_Card,8,7,1,0,40-50,37.5,0.0,0.0,0.0,-1,-1,0.0,0.0,0.0,0.0,0.0,0.0,0,0,0.0,0.0,0,0,0.0,0.0,0,0,0.0,0.0,0,0,0.0,0
LGS2ORD0022902,C017557,2025-07-01 09:00:00,Female,51,Bronze,Lazada,Bangkok,1059,Web,COD,9,7,1,0,>50,35.3,1.0,1.0,1.0,3,14,3020.69,0.03,0.0,0.0,0.0,0.0,0,0,0.0,3020.69,1,1,1.0,3020.69,1,1,1.0,3020.69,1,1,1.0,0
LGS2ORD0022903,C016022,2025-07-01 09:00:00,Male,43,Silver,Lazada,Chonburi,272,Lazada,Bank_Transfer,9,7,1,0,40-50,9.066666666666666,3.0,0.0,0.0,-1,77,4523.86,0.3,0.3333333333333333,0.6666666666666666,0.0,0.0,0,0,0.0,0.0,0,0,0.0,4196.78,1,0,0.0,13571.579999999998,3,0,0.0,0
LGS2ORD0022904,C015106,2025-07-01 09:00:00,Female,32,Bronze,Shopee,Bangkok,964,Web,COD,9,7,1,0,30-40,32.13333333333333,5.0,2.0,0.4,28,33,3822.613999999999,0.23,0.6,0.6,0.0,0.0,0,0,0.0,0.0,0,0,0.0,2175.04,2,1,0.5,19113.069999999996,5,2,0.4,0
LGS2ORD0022905,C017537,2025-07-01 09:00:00,Male,21,Bronze,TV,Khon Kaen,1427,CallCenter,PromptPay,9,7,1,0,20-30,47.56666666666667,3.0,1.0,0.3333333333333333,103,72,4805.8,0.23,0.6666666666666666,0.3333333333333333,0.0,0.0,0,0,0.0,0.0,0,0,0.0,5851.32,1,0,0.0,14417.4,3,1,0.3333333333333333,0
LGS2ORD0022906,C014485,2025-07-01 09:00:00,Female,44,Bronze,TV,Khon Kaen,725,CallCenter,Credit_Card,9,7,1,0,40-50,24.166666666666668,3.0,1.0,0.3333333333333333,69,74,3406.76,0.23,1.0,0.3333333333333333,0.0,0.0,0,0,0.0,0.0,0,0,0.0,2210.15,1,1,1.0,10220.28,3,1,0.3333333333333333,0
LGS2ORD0022907,C015386,2025-07-01 10:00:00,Male,55,Bronze,TV,Bangkok,1522,Shopee,COD,10,7,1,0,>50,50.733333333333334,1.0,0.0,0.0,-1,159,9871.49,0.03,0.0,0.0,0.0,0.0,0,0,0.0,0.0,0,0,0.0,0.0,0,0,0.0,9871.49,1,0,0.0,1
LGS2ORD0022908,C017232,2025-07-01 10:00:00,Male,24,Silver,Shopee,Bangkok,354,CallCenter,Credit_Card,10,7,1,0,20-30,11.8,2.0,0.0,0.0,-1,24,973.65,0.1,1.0,0.0,0.0,0.0,0,0,0.0,1511.04,1,0,0.0,1511.04,1,0,0.0,1947.3,2,0,0.0,0
LGS2ORD0022909,C011433,2025-07-01 10:00:00,Male,61,Bronze,Shopee,Chonburi,1391,CallCenter,PromptPay,10,7,1,0,>50,46.36666666666667,6.0,2.0,0.3333333333333333,17,22,5106.835,0.28,0.3333333333333333,0.3333333333333333,0.0,0.0,0,0,0.0,5470.45,2,1,0.5,5470.45,2,1,0.5,30641.01,6,2,0.3333333333333333,0
LGS2ORD0022910,C014386,2025-07-01 10:00:00,Male,64,Bronze,TV,Chiang Mai,973,CallCenter,COD,10,7,1,0,>50,32.43333333333333,6.0,1.0,0.16666666666666666,47,37,6175.6483333333335,0.23,0.8333333333333334,0.3333333333333333,0.0,0.0,0,0,0.0,0.0,0,0,0.0,20004.32,4,1,0.25,37053.89,6,1,0.16666666666666666,1
LGS2ORD0022911,C015979,2025-07-01 10:00:00,Male,49,Silver,Lazada,Phuket,1462,Shopee,PromptPay,10,7,1,0,40-50,48.733333333333334,4.0,1.0,0.25,-6,6,2167.0125,0.3,0.75,0.5,0.0,1590.58,1,1,1.0,5180.139999999999,2,1,0.5,8668.05,4,1,0.25,8668.05,4,1,0.25,0
LGS2ORD0022912,C015559,2025-07-01 11:00:00,Female,37,Platinum,Web,Bangkok,731,CallCenter,COD,11,7,1,0,30-40,24.366666666666667,2.0,1.0,0.5,128,127,2528.955,0.3,0.5,1.0,0.0,0.0,0,0,0.0,0.0,0,0,0.0,0.0,0,0,0.0,5057.91,2,1,0.5,0
LGS2ORD0022913,C017560,2025-07-01 11:00:00,Male,20,Platinum,Web,Bangkok,1390,Shopee,PromptPay,11,7,1,0,<20,46.333333333333336,2.0,0.0,0.0,-1,93,3216.84,0.35,0.5,0.5,0.0,0.0,0,0,0.0,0.0,0,0,0.0,0.0,0,0,0.0,6433.68,2,0,0.0,0
LGS2ORD0022914,C012810,2025-07-01 11:00:00,Female,49,Bronze,CallCenter,Chonburi,384,Web,Credit_Card,11,7,1,0,40-50,12.8,5.0,1.0,0.2,73,66,4862.982,0.18,0.8,0.0,0.0,0.0,0,0,0.0,0.0,0,0,0.0,10032.04,2,1,0.5,24314.91,5,1,0.2,0
LGS2ORD0022915,C010874,2025-07-01 11:00:00,Male,52,Bronze,Web,Bangkok,211,Web,COD,11,7,1,0,>50,7.033333333333333,3.0,0.0,0.0,-1,21,4212.346666666667,0.28,0.3333333333333333,0.3333333333333333,0.0,0.0,0,0,0.0,8037.95,1,0,0.0,12637.04,3,0,0.0,12637.04,3,0,0.0,0
LGS2ORD0022916,C017371,2025-07-01 11:00:00,Male,52,Bronze,TV,Bangkok,693,Shopee,COD,11,7,1,0,>50,23.1,0.0,0.0,0.0,-1,-1,0.0,0.0,0.0,0.0,0.0,0.0,0,0,0.0,0.0,0,0,0.0,0.0,0,0,0.0,0.0,0,0,0.0,1
LGS2ORD0022917,C011645,2025-07-01 12:00:00,Male,52,Gold,Web,Chonburi,656,TV_Show,COD,12,7,1,0,>50,21.866666666666667,0.0,0.0,0.0,-1,-1,0.0,0.0,0.0,0.0,0.0,0.0,0,0,0.0,0.0,0,0,0.0,0.0,0,0,0.0,0.0,0,0,0.0,1
LGS2ORD0022918,C010306,2025-07-01 12:00:00,Male,47,Gold,Web,Nakhon Ratchasima,918,Lazada,PromptPay,12,7,1,0,40-50,30.6,0.0,0.0,0.0,-1,-1,0.0,0.0,0.0,0.0,0.0,0.0,0,0,0.0,0.0,0,0,0.0,0.0,0,0,0.0,0.0,0,0,0.0,1
LGS2ORD0022919,C016057,2025-07-01 12:00:00,Male,47,Platinum,Web,Songkhla,403,Web,COD,12,7,1,0,40-50,13.433333333333334,0.0,0.0,0.0,-1,-1,0.0,0.0,0.0,0.0,0.0,0.0,0,0,0.0,0.0,0,0,0.0,0.0,0,0,0.0,0.0,0,0,0.0,0
LGS2ORD0022920,C010558,2025-07-01 12:00:00,Male,35,Bronze,Shopee,Bangkok,249,CallCenter,COD,12,7,1,0,30-40,8.3,3.0,0.0,0.0,-1,23,12157.966666666667,0.18,0.0,0.0,0.0,0.0,0,0,0.0,35258.49,1,0,0.0,35659.2,2,0,0.0,36473.9,3,0,0.0,0
LGS2ORD0022921,C015429,2025-07-01 12:00:00,Female,26,Bronze,TV,Songkhla,1607,Lazada,Bank_Transfer,12,7,1,0,20-30,53.56666666666667,1.0,0.0,0.0,-1,8,2701.11,0.03,0.0,0.0,0.0,0.0,0,0,0.0,2701.11,1,0,0.0,2701.11,1,0,0.0,2701.11,1,0,0.0,0
LGS2ORD0022922,C010058,2025-07-01 12:00:00,Female,39,Bronze,Web,Bangkok,1466,Shopee,Credit_Card,12,7,1,0,30-40,48.86666666666667,4.0,1.0,0.25,166,120,5191.04,0.28,0.5,0.5,0.0,0.0,0,0,0.0,0.0,0,0,0.0,0.0,0,0,0.0,20764.16,4,1,0.25,0
LGS2ORD0022923,C014510,2025-07-01 13:00:00,Female,72,Platinum,Lazada,Bangkok,605,TV_Show,COD,13,7,1,0,>50,20.166666666666668,6.0,2.0,0.3333333333333333,18,31,5291.738333333333,0.35,0.6666666666666666,0.3333333333333333,0.0,0.0,0,0,0.0,0.0,0,0,0.0,21366.05,3,2,0.6666666666666666,31750.429999999997,6,2,0.3333333333333333,0
LGS2ORD0022924,C011873,2025-07-01 13:00:00,Male,40,Platinum,Web,Bangkok,1136,Lazada,PromptPay,13,7,1,0,30-40,37.86666666666667,1.0,0.0,0.0,-1,17,841.36,0.3,1.0,1.0,0.0,0.0,0,0,0.0,841.36,1,0,0.0,841.36,1,0,0.0,841.36,1,0,0.0,1
LGS2ORD0022925,C015247,2025-07-01 13:00:00,Female,25,Silver,CallCenter,Chonburi,1254,Web,COD,13,7,1,0,20-30,41.8,6.0,0.0,0.0,-1,66,12862.659999999998,0.25,0.16666666666666666,0.3333333333333333,0.0,0.0,0,0,0.0,0.0,0,0,0.0,10636.67,2,0,0.0,77175.95999999999,6,0,0.0,0
LGS2ORD0022926,C016492,2025-07-01 13:00:00,Female,44,Silver,Web,Bangkok,1351,Web,Credit_Card,13,7,1,0,40-50,45.03333333333333,4.0,0.0,0.0,-1,25,2517.9874999999997,0.3,0.5,0.5,0.0,0.0,0,0,0.0,3197.06,1,0,0.0,8394.49,3,0,0.0,10071.949999999999,4,0,0.0,0
LGS2ORD0022927,C017028,2025-07-01 13:00:00,Female,55,Bronze,TV,Khon Kaen,569,CallCenter,COD,13,7,1,0,>50,18.966666666666665,3.0,0.0,0.0,-1,44,923.8333333333334,0.28,0.0,0.6666666666666666,0.0,0.0,0,0,0.0,0.0,0,0,0.0,539.65,1,0,0.0,2771.5,3,0,0.0,0
LGS2ORD0022928,C015020,2025-07-01 14:00:00,Female,33,Bronze,TV,Bangkok,1416,TV_Show,PromptPay,14,7,1,0,30-40,47.2,3.0,2.0,0.6666666666666666,33,47,2502.9833333333336,0.23,0.6666666666666666,0.6666666666666666,0.0,0.0,0,0,0.0,0.0,0,0,0.0,1266.25,1,1,1.0,7508.950000000001,3,2,0.6666666666666666,0
LGS2ORD0022929,C016545,2025-07-01 14:00:00,Female,44,Bronze,Web,Bangkok,509,CallCenter,Credit_Card,14,7,1,0,40-50,16.966666666666665,2.0,0.0,0.0,-1,140,1765.1950000000002,0.13,0.5,0.0,0.0,0.0,0,0,0.0,0.0,0,0,0.0,0.0,0,0,0.0,3530.3900000000003,2,0,0.0,0
LGS2ORD0022930,C010285,2025-07-01 14:00:00,Female,38,Silver,Shopee,Khon Kaen,382,Web,COD,14,7,1,0,30-40,12.733333333333333,0.0,0.0,0.0,-1,-1,0.0,0.0,0.0,0.0,0.0,0.0,0,0,0.0,0.0,0,0,0.0,0.0,0,0,0.0,0.0,0,0,0.0,0
LGS2ORD0022931,C015861,2025-07-01 14:00:00,Female,61,Silver,TV,Khon Kaen,629,Shopee,Credit_Card,14,7,1,0,>50,20.966666666666665,7.0,3.0,0.42857142857142855,35,48,9515.122857142856,0.2,0.8571428571428571,0.0,0.0,0.0,0,0,0.0,0.0,0,0,0.0,39422.880000000005,3,2,0.6666666666666666,66605.86,7,3,0.42857142857142855,1
LGS2ORD0022932,C014499,2025-07-01 14:00:00,Male,25,Silver,Shopee,Khon Kaen,534,TV_Show,Credit_Card,14,7,1,0,20-30,17.8,2.0,0.0,0.0,-1,58,1659.46,0.2,0.0,0.0,0.0,0.0,0,0,0.0,0.0,0,0,0.0,3318.92,2,0,0.0,3318.92,2,0,0.0,0
LGS2ORD0022933,C012852,2025-07-01 15:00:00,Female,70,Bronze,CallCenter,Bangkok,1249,CallCenter,Credit_Card,15,7,1,0,>50,41.63333333333333,5.0,1.0,0.2,147,120,2446.72,0.23,0.4,0.2,0.0,0.0,0,0,0.0,0.0,0,0,0.0,0.0,0,0,0.0,12233.599999999999,5,1,0.2,0
LGS2ORD0022934,C010343,2025-07-01 15:00:00,Female,44,Bronze,Lazada,Remote_Area,572,Shopee,COD,15,7,1,0,40-50,19.066666666666666,2.0,2.0,1.0,44,58,3791.915,0.28,1.0,0.5,0.0,0.0,0,0,0.0,0.0,0,0,0.0,1055.13,1,1,1.0,7583.83,2,2,1.0,1
LGS2ORD0022935,C013144,2025-07-01 15:00:00,Female,57,Silver,Lazada,Phuket,361,TV_Show,COD,15,7,1,0,>50,12.033333333333333,9.0,2.0,0.2222222222222222,45,7,7537.501111111113,0.25,0.7777777777777778,0.1111111111111111,0.0,0.0,0,0,0.0,43294.5,3,0,0.0,58763.44,4,1,0.25,67837.51000000001,9,2,0.2222222222222222,1
LGS2ORD0022936,C017782,2025-07-01 15:00:00,Female,60,Platinum,TV,Bangkok,1519,Shopee,Credit_Card,15,7,1,0,>50,50.63333333333333,1.0,0.0,0.0,-1,69,1385.58,0.3,0.0,1.0,0.0,0.0,0,0,0.0,0.0,0,0,0.0,1385.58,1,0,0.0,1385.58,1,0,0.0,0
LGS2ORD0022937,C016536,2025-07-01 15:00:00,Male,49,Bronze,TV,Remote_Area,795,TV_Show,COD,15,7,1,0,40-50,26.5,2.0,1.0,0.5,134,43,12753.039999999999,0.18,0.5,0.0,0.0,0.0,0,0,0.0,0.0,0,0,0.0,23439.6,1,0,0.0,25506.079999999998,2,1,0.5,0
LGS2ORD0022938,C017005,2025-07-01 15:00:00,Male,18,Silver,TV,Chiang Mai,674,Lazada,Credit_Card,15,7,1,0,<20,22.466666666666665,2.0,0.0,0.0,-1,67,10575.76,0.2,0.5,0.0,0.0,0.0,0,0,0.0,0.0,0,0,0.0,19452.56,1,0,0.0,21151.52,2,0,0.0,0
LGS2ORD0022939,C015408,2025-07-01 16:00:00,Male,68,Silver,Shopee,Chiang Mai,259,Shopee,COD,16,7,1,0,>50,8.633333333333333,6.0,1.0,0.16666666666666666,122,22,5525.948333333334,0.3,0.6666666666666666,0.3333333333333333,0.0,0.0,0,0,0.0,10350.17,1,0,0.0,24864.309999999998,4,0,0.0,33155.69,6,1,0.16666666666666666,0
LGS2ORD0022940,C017181,2025-07-01 16:00:00,Female,25,Silver,TV,Bangkok,1637,TV_Show,COD,16,7,1,0,20-30,54.56666666666667,2.0,0.0,0.0,-1,78,3199.385,0.3,0.5,0.5,0.0,0.0,0,0,0.0,0.0,0,0,0.0,1251.81,1,0,0.0,6398.77,2,0,0.0,1
LGS2ORD0022941,C013771,2025-07-01 16:00:00,Male,39,Platinum,Web,Bangkok,719,TV_Show,COD,16,7,1,0,30-40,23.966666666666665,3.0,1.0,0.3333333333333333,169,63,6299.073333333334,0.25,0.3333333333333333,0.6666666666666666,0.0,0.0,0,0,0.0,0.0,0,0,0.0,8704.02,1,0,0.0,18897.22,3,1,0.3333333333333333,0
LGS2ORD0022942,C017298,2025-07-01 16:00:00,Female,36,Silver,Lazada,Nakhon Ratchasima,892,Web,COD,16,7,1,0,30-40,29.733333333333334,4.0,1.0,0.25,64,10,5864.565,0.25,0.75,0.25,0.0,0.0,0,0,0.0,7861.26,1,0,0.0,21693.8,3,1,0.3333333333333333,23458.26,4,1,0.25,0
LGS2ORD0022943,C012155,2025-07-01 16:00:00,Male,60,Bronze,TV,Khon Kaen,817,Web,COD,16,7,1,0,>50,27.233333333333334,3.0,0.0,0.0,-1,127,6248.653333333333,0.18,0.3333333333333333,0.0,0.0,0.0,0,0,0.0,0.0,0,0,0.0,0.0,0,0,0.0,18745.96,3,0,0.0,0
LGS2ORD0022944,C015555,2025-07-01 17:00:00,Male,40,Bronze,TV,Nakhon Ratchasima,1383,TV_Show,COD,17,7,1,0,30-40,46.1,6.0,0.0,0.0,-1,26,13330.37,0.23,0.6666666666666666,0.16666666666666666,0.0,0.0,0,0,0.0,6327.92,1,0,0.0,49728.36,2,0,0.0,79982.22,6,0,0.0,0
LGS2ORD0022945,C013405,2025-07-01 17:00:00,Male,27,Silver,Lazada,Nakhon Ratchasima,1054,Web,COD,17,7,1,0,20-30,35.13333333333333,4.0,2.0,0.5,98,88,4383.5824999999995,0.25,0.25,0.25,0.0,0.0,0,0,0.0,0.0,0,0,0.0,1702.46,1,0,0.0,17534.329999999998,4,2,0.5,0
LGS2ORD0022946,C011741,2025-07-01 17:00:00,Female,69,Bronze,TV,Songkhla,1248,Lazada,COD,17,7,1,0,>50,41.6,3.0,2.0,0.6666666666666666,5,15,6008.643333333333,0.23,0.6666666666666666,0.3333333333333333,0.0,0.0,0,0,0.0,12649.36,1,1,1.0,12649.36,1,1,1.0,18025.93,3,2,0.6666666666666666,1
LGS2ORD0022947,C010160,2025-07-01 17:00:00,Female,61,Bronze,Lazada,Chonburi,949,Shopee,Bank_Transfer,17,7,1,0,>50,31.633333333333333,4.0,0.0,0.0,-1,44,5402.08,0.28,0.25,0.25,0.25,0.0,0,0,0.0,0.0,0,0,0.0,18454.87,2,0,0.0,21608.32,4,0,0.0,0
LGS2ORD0022948,C011189,2025-07-01 17:00:00,Male,34,Bronze,TV,Khon Kaen,1623,TV_Show,COD,17,7,1,0,30-40,54.1,4.0,0.0,0.0,-1,26,2671.4049999999997,0.23,0.5,0.25,0.0,0.0,0,0,0.0,969.09,1,0,0.0,969.09,1,0,0.0,10685.619999999999,4,0,0.0,0
LGS2ORD0022949,C014070,2025-07-01 18:00:00,Male,42,Bronze,CallCenter,Nakhon Ratchasima,789,Web,COD,18,7,1,0,40-50,26.3,6.0,1.0,0.16666666666666666,153,64,3597.285,0.23,0.5,0.5,0.0,0.0,0,0,0.0,0.0,0,0,0.0,17507.82,3,0,0.0,21583.71,6,1,0.16666666666666666,0
LGS2ORD0022950,C011011,2025-07-01 18:00:00,Male,24,Bronze,Shopee,Phuket,1145,Shopee,PromptPay,18,7,1,0,20-30,38.166666666666664,3.0,1.0,0.3333333333333333,102,21,1695.4566666666667,0.23,0.6666666666666666,0.3333333333333333,0.0,0.0,0,0,0.0,179.66,1,0,0.0,1887.3700000000001,2,0,0.0,5086.37,3,1,0.3333333333333333,1
LGS2ORD0022951,C017332,2025-07-01 18:00:00,Male,36,Gold,Web,Remote_Area,1163,TV_Show,Credit_Card,18,7,1,0,30-40,38.766666666666666,3.0,0.0,0.0,-1,23,13429.463333333333,0.2299999999999999,0.6666666666666666,0.3333333333333333,0.0,0.0,0,0,0.0,3421.03,1,0,0.0,35921.1,2,0,0.0,40288.39,3,0,0.0,0
LGS2ORD0022952,C017024,2025-07-01 18:00:00,Female,29,Bronze,TV,Nakhon Ratchasima,475,Shopee,COD,18,7,1,0,20-30,15.833333333333334,5.0,0.0,0.0,-1,39,7750.058,0.23,0.2,0.2,0.0,0.0,0,0,0.0,0.0,0,0,0.0,33430.0,3,0,0.0,38750.29,5,0,0.0,0
LGS2ORD0022953,C011980,2025-07-01 18:00:00,Male,30,Silver,Shopee,Bangkok,1188,Lazada,COD,18,7,1,0,20-30,39.6,2.0,0.0,0.0,-1,60,2896.07,0.05,0.5,0.0,0.0,0.0,0,0,0.0,0.0,0,0,0.0,1224.63,1,0,0.0,5792.14,2,0,0.0,0
LGS2ORD0022954,C012396,2025-07-01 19:00:00,Female,56,Silver,Shopee,Remote_Area,732,CallCenter,Credit_Card,19,7,1,0,>50,24.4,2.0,1.0,0.5,124,72,6110.3,0.25,1.0,0.5,0.0,0.0,0,0,0.0,0.0,0,0,0.0,8088.55,1,0,0.0,12220.6,2,1,0.5,1
LGS2ORD0022955,C017339,2025-07-01 19:00:00,Male,42,Gold,TV,Phuket,1366,Web,Bank_Transfer,19,7,1,0,40-50,45.53333333333333,7.0,2.0,0.2857142857142857,8,19,5874.528571428572,0.28,0.42857142857142855,0.2857142857142857,0.0,0.0,0,0,0.0,2214.44,1,1,1.0,3577.56,2,1,0.5,41121.700000000004,7,2,0.2857142857142857,0
LGS2ORD0022956,C010798,2025-07-01 19:00:00,Female,28,Silver,Lazada,Phuket,388,Lazada,COD,19,7,1,0,20-30,12.933333333333334,3.0,1.0,0.3333333333333333,161,54,10374.026666666667,0.25,0.6666666666666666,0.3333333333333333,0.0,0.0,0,0,0.0,0.0,0,0,0.0,1657.07,1,0,0.0,31122.079999999998,3,1,0.3333333333333333,1
LGS2ORD0022957,C016995,2025-07-01 19:00:00,Male,43,Bronze,Lazada,Bangkok,1226,CallCenter,Credit_Card,19,7,1,0,40-50,40.86666666666667,1.0,0.0,0.0,-1,67,571.62,0.28,0.0,1.0,0.0,0.0,0,0,0.0,0.0,0,0,0.0,571.62,1,0,0.0,571.62,1,0,0.0,0
LGS2ORD0022958,C011375,2025-07-01 19:00:00,Male,37,Platinum,Shopee,Phuket,1084,Lazada,Bank_Transfer,19,7,1,0,30-40,36.13333333333333,4.0,1.0,0.25,52,70,1516.7025,0.35,0.75,0.5,0.0,0.0,0,0,0.0,0.0,0,0,0.0,3174.8500000000004,2,1,0.5,6066.81,4,1,0.25,0
LGS2ORD0022959,C017697,2025-07-01 19:00:00,Male,31,Silver,Shopee,Bangkok,1396,Shopee,COD,19,7,1,0,30-40,46.53333333333333,1.0,1.0,1.0,19,28,7159.1,0.1,1.0,0.0,0.0,0.0,0,0,0.0,7159.1,1,1,1.0,7159.1,1,1,1.0,7159.1,1,1,1.0,0
LGS2ORD0022960,C012424,2025-07-01 20:00:00,Female,45,Bronze,Web,Bangkok,540,Shopee,Bank_Transfer,20,7,1,0,40-50,18.0,2.0,0.0,0.0,-1,92,2870.005,0.08,0.0,0.0,0.0,0.0,0,0,0.0,0.0,0,0,0.0,0.0,0,0,0.0,5740.01,2,0,0.0,0
LGS2ORD0022961,C010315,2025-07-01 20:00:00,Female,32,Platinum,Web,Chonburi,773,TV_Show,COD,20,7,1,0,30-40,25.766666666666666,3.0,1.0,0.3333333333333333,81,85,3483.7100000000005,0.35,0.3333333333333333,0.3333333333333333,0.0,0.0,0,0,0.0,0.0,0,0,0.0,6115.96,1,1,1.0,10451.130000000001,3,1,0.3333333333333333,0
LGS2ORD0022962,C011894,2025-07-01 20:00:00,Female,65,Silver,TV,Chiang Mai,1485,TV_Show,Credit_Card,20,7,1,0,>50,49.5,0.0,0.0,0.0,-1,-1,0.0,0.0,0.0,0.0,0.0,0.0,0,0,0.0,0.0,0,0,0.0,0.0,0,0,0.0,0.0,0,0,0.0,0
LGS2ORD0022963,C010386,2025-07-01 20:00:00,Female,32,Silver,Web,Bangkok,1127,TV_Show,Credit_Card,20,7,1,0,30-40,37.56666666666667,4.0,0.0,0.0,-1,19,5908.315,0.25,0.5,0.25,0.0,0.0,0,0,0.0,13582.66,2,0,0.0,13582.66,2,0,0.0,23633.26,4,0,0.0,0
LGS2ORD0022964,C016848,2025-07-01 20:00:00,Male,39,Gold,Lazada,Bangkok,264,Web,Credit_Card,20,7,1,0,30-40,8.8,1.0,0.0,0.0,-1,25,1445.82,0.13,0.0,0.0,0.0,0.0,0,0,0.0,1445.82,1,0,0.0,1445.82,1,0,0.0,1445.82,1,0,0.0,0
LGS2ORD0022965,C010767,2025-07-01 21:00:00,Male,27,Bronze,CallCenter,Chonburi,570,Web,PromptPay,21,7,1,0,20-30,19.0,3.0,0.0,0.0,-1,60,3073.0800000000004,0.18,0.3333333333333333,0.0,0.0,0.0,0,0,0.0,0.0,0,0,0.0,8588.900000000001,2,0,0.0,9219.240000000002,3,0,0.0,0
LGS2ORD0022966,C014434,2025-07-01 21:00:00,Female,56,Bronze,Web,Khon Kaen,448,Web,COD,21,7,1,0,>50,14.933333333333334,5.0,2.0,0.4,26,37,6529.157999999999,0.18,0.4,0.0,0.0,0.0,0,0,0.0,0.0,0,0,0.0,18194.14,1,1,1.0,32645.789999999997,5,2,0.4,0
LGS2ORD0022967,C010213,2025-07-01 21:00:00,Female,57,Silver,Lazada,Songkhla,351,CallCenter,PromptPay,21,7,1,0,>50,11.7,2.0,0.0,0.0,-1,94,12688.285,0.1,0.5,0.0,0.0,0.0,0,0,0.0,0.0,0,0,0.0,0.0,0,0,0.0,25376.57,2,0,0.0,0
LGS2ORD0022968,C015969,2025-07-01 21:00:00,Female,38,Platinum,Shopee,Khon Kaen,1019,CallCenter,COD,21,7,1,0,30-40,33.96666666666667,2.0,0.0,0.0,-1,70,7249.7,0.25,0.5,0.5,0.0,0.0,0,0,0.0,0.0,0,0,0.0,1310.9,1,0,0.0,14499.4,2,0,0.0,0
LGS2ORD0022969,C017746,2025-07-01 21:00:00,Male,65,Silver,TV,Chonburi,301,Shopee,COD,21,7,1,0,>50,10.033333333333333,3.0,1.0,0.3333333333333333,43,53,3360.5466666666666,0.3,0.3333333333333333,0.6666666666666666,0.0,0.0,0,0,0.0,0.0,0,0,0.0,8353.86,2,1,0.5,10081.64,3,1,0.3333333333333333,0
LGS2ORD0022970,C017617,2025-07-01 22:00:00,Female,44,Bronze,TV,Remote_Area,1307,Shopee,COD,22,7,1,0,40-50,43.56666666666667,4.0,2.0,0.5,80,1,4690.6325,0.23,0.75,0.25,0.0,3229.32,1,0,0.0,3229.32,1,0,0.0,5635.450000000001,2,0,0.0,18762.53,4,2,0.5,1
LGS2ORD0022971,C011459,2025-07-01 22:00:00,Male,33,Platinum,CallCenter,Chiang Mai,364,TV_Show,Credit_Card,22,7,1,0,30-40,12.133333333333333,2.0,0.0,0.0,-1,125,6812.8,0.25,0.0,0.5,0.0,0.0,0,0,0.0,0.0,0,0,0.0,0.0,0,0,0.0,13625.6,2,0,0.0,0
LGS2ORD0022972,C017474,2025-07-01 22:00:00,Male,42,Gold,TV,Bangkok,1292,Web,Credit_Card,22,7,1,0,40-50,43.06666666666667,1.0,1.0,1.0,62,70,505.98,0.28,0.0,1.0,0.0,0.0,0,0,0.0,0.0,0,0,0.0,505.98,1,1,1.0,505.98,1,1,1.0,0
LGS2ORD0022973,C017932,2025-07-01 22:00:00,Male,57,Platinum,Web,Songkhla,842,Web,PromptPay,22,7,1,0,>50,28.066666666666666,1.0,1.0,1.0,158,169,2702.61,0.35,1.0,1.0,0.0,0.0,0,0,0.0,0.0,0,0,0.0,0.0,0,0,0.0,2702.61,1,1,1.0,1
LGS2ORD0022974,C014552,2025-07-01 22:00:00,Female,26,Silver,TV,Bangkok,541,CallCenter,COD,22,7,1,0,20-30,18.033333333333335,2.0,1.0,0.5,150,1,3104.895,0.3,0.5,0.5,0.0,2863.27,1,0,0.0,2863.27,1,0,0.0,2863.27,1,0,0.0,6209.79,2,1,0.5,0
LGS2ORD0022975,C010231,2025-07-01 23:00:00,Female,57,Silver,TV,Songkhla,562,Lazada,Credit_Card,23,7,1,0,>50,18.733333333333334,5.0,1.0,0.2,140,6,1998.7539999999997,0.3,0.4,0.6,0.0,793.31,1,0,0.0,793.31,1,0,0.0,793.31,1,0,0.0,9993.769999999999,5,1,0.2,0
LGS2ORD0022976,C015560,2025-07-01 23:00:00,Female,28,Silver,Web,Phuket,522,Web,Credit_Card,23,7,1,0,20-30,17.4,4.0,2.0,0.5,-2,10,10281.5,0.25,1.0,0.5,0.0,0.0,0,0,0.0,9844.91,1,1,1.0,20461.760000000002,2,1,0.5,41126.0,4,2,0.5,0
LGS2ORD0022977,C017924,2025-07-01 23:00:00,Male,39,Gold,Shopee,Chiang Mai,311,Lazada,COD,23,7,1,0,30-40,10.366666666666667,6.0,1.0,0.16666666666666666,85,2,4599.121666666667,0.33,0.3333333333333333,0.5,0.0,502.16,1,0,0.0,8579.86,2,0,0.0,10454.4,3,0,0.0,27594.730000000003,6,1,0.16666666666666666,0
LGS2ORD0022978,C010500,2025-07-01 23:00:00,Male,27,Silver,TV,Bangkok,234,Shopee,COD,23,7,1,0,20-30,7.8,3.0,1.0,0.3333333333333333,28,7,1620.47,0.25,0.3333333333333333,1.0,0.0,0.0,0,0,0.0,2904.67,1,0,0.0,4861.41,3,1,0.3333333333333333,4861.41,3,1,0.3333333333333333,0
LGS2ORD0022979,C014671,2025-07-01 23:00:00,Male,37,Bronze,CallCenter,Chonburi,1326,Lazada,COD,23,7,1,0,30-40,44.2,6.0,0.0,0.0,-1,23,3554.7099999999996,0.28,0.5,0.16666666666666666,0.0,0.0,0,0,0.0,4085.3,1,0,0.0,8794.57,4,0,0.0,21328.26,6,0,0.0,0
LGS2ORD0022980,C011955,2025-07-01 23:00:00,Male,20,Silver,Lazada,Nakhon Ratchasima,1278,Web,COD,23,7,1,0,<20,42.6,3.0,0.0,0.0,-1,43,9490.21,0.15,0.6666666666666666,0.0,0.0,0.0,0,0,0.0,0.0,0,0,0.0,28470.629999999997,3,0,0.0,28470.629999999997,3,0,0.0,1
LGS2ORD0022981,C010677,2025-07-02 00:00:00,Male,49,Silver,Lazada,Bangkok,394,CallCenter,PromptPay,0,7,2,0,40-50,13.133333333333333,1.0,0.0,0.0,-1,51,2447.7,0.05,0.0,0.0,0.0,0.0,0,0,0.0,0.0,0,0,0.0,2447.7,1,0,0.0,2447.7,1,0,0.0,0
LGS2ORD0022982,C015289,2025-07-02 00:00:00,Male,43,Bronze,Web,Khon Kaen,1107,TV_Show,COD,0,7,2,0,40-50,36.9,2.0,1.0,0.5,94,104,1993.3449999999998,0.03,1.0,0.0,0.0,0.0,0,0,0.0,0.0,0,0,0.0,0.0,0,0,0.0,3986.6899999999996,2,1,0.5,0
LGS2ORD0022983,C014565,2025-07-02 00:00:00,Male,38,Platinum,TV,Chonburi,1553,Web,Credit_Card,0,7,2,0,30-40,51.766666666666666,1.0,0.0,0.0,-1,18,2795.12,0.3,0.0,1.0,0.0,0.0,0,0,0.0,2795.12,1,0,0.0,2795.12,1,0,0.0,2795.12,1,0,0.0,0
LGS2ORD0022984,C014792,2025-07-02 00:00:00,Male,43,Gold,Lazada,Bangkok,1222,Shopee,COD,0,7,2,0,40-50,40.733333333333334,4.0,0.0,0.0,-1,70,1728.3799999999999,0.13,0.0,0.0,0.0,0.0,0,0,0.0,0.0,0,0,0.0,888.54,1,0,0.0,6913.5199999999995,4,0,0.0,0
LGS2ORD0022985,C011667,2025-07-02 00:00:00,Male,41,Bronze,Shopee,Remote_Area,540,TV_Show,COD,0,7,2,0,40-50,18.0,3.0,1.0,0.3333333333333333,50,60,2054.11,0.23,0.6666666666666666,0.3333333333333333,0.0,0.0,0,0,0.0,0.0,0,0,0.0,3543.13,2,1,0.5,6162.33,3,1,0.3333333333333333,1
LGS2ORD0022986,C011363,2025-07-02 01:00:00,Female,43,Silver,Web,Phuket,1182,CallCenter,Credit_Card,1,7,2,0,40-50,39.4,1.0,0.0,0.0,-1,161,8552.84,0.1,1.0,0.0,0.0,0.0,0,0,0.0,0.0,0,0,0.0,0.0,0,0,0.0,8552.84,1,0,0.0,0
LGS2ORD0022987,C013809,2025-07-02 01:00:00,Female,48,Platinum,Web,Chiang Mai,362,Shopee,COD,1,7,2,0,40-50,12.066666666666666,3.0,0.0,0.0,-1,41,4739.99,0.3,0.3333333333333333,0.3333333333333333,0.0,0.0,0,0,0.0,0.0,0,0,0.0,8486.52,2,0,0.0,14219.97,3,0,0.0,0
LGS2ORD0022988,C010635,2025-07-02 01:00:00,Female,32,Bronze,TV,Remote_Area,862,Web,COD,1,7,2,0,30-40,28.733333333333334,1.0,1.0,1.0,62,65,7675.59,0.18,1.0,0.0,0.0,0.0,0,0,0.0,0.0,0,0,0.0,7675.59,1,1,1.0,7675.59,1,1,1.0,0
LGS2ORD0022989,C011803,2025-07-02 01:00:00,Other,18,Bronze,Shopee,Bangkok,643,Web,COD,1,7,2,0,<20,21.433333333333334,6.0,1.0,0.16666666666666666,153,17,3149.6733333333336,0.23,0.8333333333333334,0.3333333333333333,0.0,0.0,0,0,0.0,1281.42,1,0,0.0,4029.58,2,0,0.0,18898.04,6,1,0.16666666666666666,1
LGS2ORD0022990,C013754,2025-07-02 01:00:00,Female,49,Bronze,TV,Chiang Mai,369,Shopee,Credit_Card,1,7,2,0,40-50,12.3,4.0,1.0,0.25,95,32,3468.6499999999996,0.18,0.5,0.0,0.0,0.0,0,0,0.0,0.0,0,0,0.0,13425.88,3,0,0.0,13874.599999999999,4,1,0.25,0
LGS2ORD0022991,C016795,2025-07-02 02:00:00,Male,42,Bronze,Web,Bangkok,1092,TV_Show,COD,2,7,2,0,40-50,36.4,3.0,1.0,0.3333333333333333,131,49,12203.15,0.08,1.0,0.0,0.0,0.0,0,0,0.0,0.0,0,0,0.0,35658.159999999996,2,0,0.0,36609.45,3,1,0.3333333333333333,0
LGS2ORD0022992,C011363,2025-07-02 02:00:00,Female,43,Silver,Web,Phuket,1182,Lazada,Credit_Card,2,7,2,0,40-50,39.4,2.0,0.0,0.0,-1,0,4996.8,0.2,0.5,0.0,0.0,1440.76,1,0,0.0,1440.76,1,0,0.0,1440.76,1,0,0.0,9993.6,2,0,0.0,0
LGS2ORD0022993,C015506,2025-07-02 02:00:00,Male,37,Silver,Shopee,Khon Kaen,251,Lazada,Credit_Card,2,7,2,0,30-40,8.366666666666667,2.0,0.0,0.0,-1,129,11006.775,0.05,0.5,0.0,0.0,0.0,0,0,0.0,0.0,0,0,0.0,0.0,0,0,0.0,22013.55,2,0,0.0,0
LGS2ORD0022994,C017696,2025-07-02 02:00:00,Male,40,Silver,TV,Bangkok,1266,Shopee,Credit_Card,2,7,2,0,30-40,42.2,6.0,2.0,0.3333333333333333,99,5,10328.095,0.2,0.8333333333333334,0.0,0.0,3093.18,1,0,0.0,25799.260000000002,2,0,0.0,40858.270000000004,3,0,0.0,61968.57,6,2,0.3333333333333333,1
LGS2ORD0022995,C016462,2025-07-02 02:00:00,Male,34,Silver,Web,Nakhon Ratchasima,788,Web,COD,2,7,2,0,30-40,26.266666666666666,6.0,0.0,0.0,-1,40,3807.8816666666667,0.25,0.3333333333333333,0.16666666666666666,0.0,0.0,0,0,0.0,0.0,0,0,0.0,6174.09,1,0,0.0,22847.29,6,0,0.0,0
LGS2ORD0022996,C013368,2025-07-02 03:00:00,Male,54,Gold,TV,Bangkok,598,Web,COD,3,7,2,0,>50,19.933333333333334,2.0,1.0,0.5,99,108,3414.905,0.28,0.5,1.0,0.0,0.0,0,0,0.0,0.0,0,0,0.0,0.0,0,0,0.0,6829.81,2,1,0.5,1
LGS2ORD0022997,C013300,2025-07-02 03:00:00,Male,41,Gold,Web,Nakhon Ratchasima,416,TV_Show,Credit_Card,3,7,2,0,40-50,13.866666666666667,0.0,0.0,0.0,-1,-1,0.0,0.0,0.0,0.0,0.0,0.0,0,0,0.0,0.0,0,0,0.0,0.0,0,0,0.0,0.0,0,0,0.0,0
LGS2ORD0022998,C014031,2025-07-02 03:00:00,Male,51,Silver,Web,Bangkok,395,TV_Show,Credit_Card,3,7,2,0,>50,13.166666666666666,1.0,1.0,1.0,166,179,3628.82,0.2,1.0,0.0,0.0,0.0,0,0,0.0,0.0,0,0,0.0,0.0,0,0,0.0,3628.82,1,1,1.0,0
LGS2ORD0022999,C015165,2025-07-02 03:00:00,Female,45,Bronze,TV,Bangkok,1580,Shopee,COD,3,7,2,0,40-50,52.666666666666664,8.0,0.0,0.0,-1,11,4394.24375,0.28,0.25,0.375,0.0,0.0,0,0,0.0,9579.91,1,0,0.0,15456.58,3,0,0.0,35153.95,8,0,0.0,1
LGS2ORD0023000,C013774,2025-07-02 03:00:00,Female,52,Bronze,CallCenter,Songkhla,853,Shopee,COD,3,7,2,0,>50,28.433333333333334,3.0,1.0,0.3333333333333333,80,21,6179.886666666666,0.18,0.3333333333333333,0.0,0.0,0.0,0,0,0.0,1560.34,1,0,0.0,18539.66,3,1,0.3333333333333333,18539.66,3,1,0.3333333333333333,1
LGS2ORD0023001,C010483,2025-07-02 03:00:00,Female,30,Gold,Lazada,Bangkok,1454,Web,Credit_Card,3,7,2,0,20-30,48.46666666666667,2.0,0.0,0.0,-1,18,2633.325,0.18,0.0,0.0,0.0,0.0,0,0,0.0,815.98,1,0,0.0,815.98,1,0,0.0,5266.65,2,0,0.0,0
LGS2ORD0023002,C011421,2025-07-02 04:00:00,Female,67,Bronze,Web,Chiang Mai,1322,TV_Show,PromptPay,4,7,2,0,>50,44.06666666666667,6.0,0.0,0.0,-1,8,10347.798333333332,0.18,0.3333333333333333,0.0,0.0,0.0,0,0,0.0,6350.03,2,0,0.0,24791.65,3,0,0.0,62086.78999999999,6,0,0.0,0
LGS2ORD0023003,C010984,2025-07-02 04:00:00,Female,60,Bronze,Shopee,Bangkok,329,Shopee,PromptPay,4,7,2,0,>50,10.966666666666667,1.0,0.0,0.0,-1,24,2448.56,0.08,0.0,0.0,0.0,0.0,0,0,0.0,2448.56,1,0,0.0,2448.56,1,0,0.0,2448.56,1,0,0.0,0
LGS2ORD0023004,C013981,2025-07-02 04:00:00,Female,24,Silver,Web,Remote_Area,973,Web,COD,4,7,2,0,20-30,32.43333333333333,4.0,2.0,0.5,67,66,16403.579999999998,0.25,0.25,0.25,0.0,0.0,0,0,0.0,0.0,0,0,0.0,49286.78999999999,3,2,0.6666666666666666,65614.31999999999,4,2,0.5,0
LGS2ORD0023005,C017003,2025-07-02 04:00:00,Female,39,Silver,TV,Remote_Area,568,TV_Show,COD,4,7,2,0,30-40,18.933333333333334,2.0,2.0,1.0,11,26,8354.735,0.2,0.5,0.0,0.0,0.0,0,0,0.0,10411.88,1,1,1.0,10411.88,1,1,1.0,16709.47,2,2,1.0,1
LGS2ORD0023006,C013478,2025-07-02 04:00:00,Male,32,Bronze,Lazada,Bangkok,990,TV_Show,COD,4,7,2,0,30-40,33.0,3.0,1.0,0.3333333333333333,66,81,5151.69,0.03,0.3333333333333333,0.0,0.0,0.0,0,0,0.0,0.0,0,0,0.0,9817.74,1,1,1.0,15455.07,3,1,0.3333333333333333,0
LGS2ORD0023007,C012102,2025-07-02 05:00:00,Male,18,Bronze,Shopee,Nakhon Ratchasima,895,CallCenter,COD,5,7,2,0,<20,29.833333333333332,3.0,2.0,0.6666666666666666,136,148,3190.09,0.18,0.6666666666666666,0.0,0.0,0.0,0,0,0.0,0.0,0,0,0.0,0.0,0,0,0.0,9570.27,3,2,0.6666666666666666,0
LGS2ORD0023008,C012858,2025-07-02 05:00:00,Male,45,Gold,Web,Chiang Mai,1635,Web,PromptPay,5,7,2,0,40-50,54.5,3.0,0.0,0.0,-1,111,1578.9733333333334,0.28,0.3333333333333333,0.6666666666666666,0.0,0.0,0,0,0.0,0.0,0,0,0.0,0.0,0,0,0.0,4736.92,3,0,0.0,0
LGS2ORD0023009,C015966,2025-07-02 05:00:00,Male,67,Bronze,TV,Bangkok,1562,TV_Show,COD,5,7,2,0,>50,52.06666666666667,2.0,0.0,0.0,-1,45,8639.675000000001,0.18,1.0,0.0,0.0,0.0,0,0,0.0,0.0,0,0,0.0,17279.350000000002,2,0,0.0,17279.350000000002,2,0,0.0,0
LGS2ORD0023010,C017014,2025-07-02 05:00:00,Male,39,Bronze,Shopee,Khon Kaen,457,TV_Show,PromptPay,5,7,2,0,30-40,15.233333333333333,7.0,1.0,0.14285714285714285,109,33,6248.995714285715,0.28,0.42857142857142855,0.2857142857142857,0.0,0.0,0,0,0.0,0.0,0,0,0.0,19055.94,3,0,0.0,43742.97,7,1,0.14285714285714285,0
LGS2ORD0023011,C015425,2025-07-02 05:00:00,Male,34,Gold,Web,Bangkok,395,Web,Credit_Card,5,7,2,0,30-40,13.166666666666666,4.0,0.0,0.0,-1,30,5152.635,0.2299999999999999,0.25,0.25,0.0,0.0,0,0,0.0,0.0,0,0,0.0,15923.869999999999,3,0,0.0,20610.54,4,0,0.0,0
LGS2ORD0023012,C012901,2025-07-02 06:00:00,Male,44,Silver,Web,Remote_Area,1148,Lazada,COD,6,7,2,0,40-50,38.266666666666666,1.0,0.0,0.0,-1,65,4163.05,0.1,0.0,0.0,0.0,0.0,0,0,0.0,0.0,0,0,0.0,4163.05,1,0,0.0,4163.05,1,0,0.0,1
LGS2ORD0023013,C011379,2025-07-02 06:00:00,Female,33,Bronze,CallCenter,Nakhon Ratchasima,1261,Web,PromptPay,6,7,2,0,30-40,42.03333333333333,7.0,2.0,0.2857142857142857,-3,15,2545.9157142857143,0.23,0.5714285714285714,0.14285714285714285,0.0,0.0,0,0,0.0,11451.2,4,1,0.25,15582.83,5,1,0.2,17821.41,7,2,0.2857142857142857,1
LGS2ORD0023014,C011348,2025-07-02 06:00:00,Female,41,Platinum,Shopee,Chiang Mai,1564,TV_Show,Credit_Card,6,7,2,0,40-50,52.13333333333333,2.0,1.0,0.5,101,109,4240.835,0.25,0.5,0.5,0.0,0.0,0,0,0.0,0.0,0,0,0.0,0.0,0,0,0.0,8481.67,2,1,0.5,0
LGS2ORD0023015,C011516,2025-07-02 06:00:00,Female,28,Bronze,TV,Nakhon Ratchasima,1488,Web,COD,6,7,2,0,20-30,49.6,4.0,1.0,0.25,53,9,4780.5575,0.23,0.5,0.25,0.0,0.0,0,0,0.0,10643.880000000001,2,0,0.0,19122.23,4,1,0.25,19122.23,4,1,0.25,0
LGS2ORD0023016,C011922,2025-07-02 06:00:00,Female,25,Gold,Shopee,Chonburi,1323,TV_Show,COD,6,7,2,0,20-30,44.1,5.0,1.0,0.2,47,21,4238.706,0.18,0.2,0.0,0.0,0.0,0,0,0.0,3654.86,1,0,0.0,7570.63,2,1,0.5,21193.53,5,1,0.2,0
LGS2ORD0023017,C011440,2025-07-02 07:00:00,Female,41,Bronze,Web,Khon Kaen,923,TV_Show,Credit_Card,7,7,2,0,40-50,30.766666666666666,3.0,0.0,0.0,-1,73,8438.853333333334,0.23,0.3333333333333333,0.3333333333333333,0.0,0.0,0,0,0.0,0.0,0,0,0.0,24153.13,2,0,0.0,25316.56,3,0,0.0,0
LGS2ORD0023018,C015025,2025-07-02 07:00:00,Male,23,Silver,Web,Chiang Mai,1557,Web,Bank_Transfer,7,7,2,0,20-30,51.9,3.0,0.0,0.0,-1,60,4032.0966666666664,0.25,0.6666666666666666,0.3333333333333333,0.0,0.0,0,0,0.0,0.0,0,0,0.0,2339.01,1,0,0.0,12096.289999999999,3,0,0.0,0
LGS2ORD0023019,C012625,2025-07-02 07:00:00,Female,42,Silver,Shopee,Songkhla,282,TV_Show,COD,7,7,2,0,40-50,9.4,5.0,0.0,0.0,-1,5,5045.556,0.25,0.2,0.2,0.0,607.81,1,0,0.0,5990.539999999999,2,0,0.0,5990.539999999999,2,0,0.0,25227.78,5,0,0.0,1
LGS2ORD0023020,C010264,2025-07-02 07:00:00,Male,57,Bronze,Shopee,Chiang Mai,674,Shopee,COD,7,7,2,0,>50,22.466666666666665,3.0,2.0,0.6666666666666666,19,32,11248.306666666665,0.18,0.6666666666666666,0.0,0.0,0.0,0,0,0.0,0.0,0,0,0.0,22374.239999999998,2,1,0.5,33744.92,3,2,0.6666666666666666,0
LGS2ORD0023021,C012749,2025-07-02 07:00:00,Male,51,Silver,Shopee,Chonburi,1223,Lazada,COD,7,7,2,0,>50,40.766666666666666,1.0,0.0,0.0,-1,115,1082.41,0.1,1.0,0.0,0.0,0.0,0,0,0.0,0.0,0,0,0.0,0.0,0,0,0.0,1082.41,1,0,0.0,0
LGS2ORD0023022,C013532,2025-07-02 07:00:00,Male,29,Platinum,TV,Bangkok,1064,Shopee,COD,7,7,2,0,20-30,35.46666666666667,2.0,0.0,0.0,-1,41,2237.52,0.2,0.0,0.0,0.0,0.0,0,0,0.0,0.0,0,0,0.0,4475.04,2,0,0.0,4475.04,2,0,0.0,0
LGS2ORD0023023,C017154,2025-07-02 08:00:00,Male,54,Bronze,TV,Nakhon Ratchasima,1522,Web,COD,8,7,2,0,>50,50.733333333333334,4.0,1.0,0.25,28,5,5066.172500000001,0.13,0.5,0.0,0.0,4415.31,1,0,0.0,4415.31,1,0,0.0,18446.68,2,1,0.5,20264.690000000002,4,1,0.25,1
LGS2ORD0023024,C015191,2025-07-02 08:00:00,Male,47,Silver,Lazada,Bangkok,866,TV_Show,PromptPay,8,7,2,0,40-50,28.866666666666667,3.0,1.0,0.3333333333333333,157,39,2825.116666666667,0.2,0.6666666666666666,0.0,0.0,0.0,0,0,0.0,0.0,0,0,0.0,1971.79,2,0,0.0,8475.35,3,1,0.3333333333333333,0
LGS2ORD0023025,C014321,2025-07-02 08:00:00,Female,35,Gold,Web,Bangkok,1601,Lazada,COD,8,7,2,0,30-40,53.36666666666667,3.0,1.0,0.3333333333333333,23,34,6464.723333333332,0.2299999999999999,1.0,0.3333333333333333,0.0,0.0,0,0,0.0,0.0,0,0,0.0,3682.37,1,1,1.0,19394.17,3,1,0.3333333333333333,0
LGS2ORD0023026,C012780,2025-07-02 08:00:00,Male,30,Bronze,TV,Nakhon Ratchasima,1360,Lazada,COD,8,7,2,0,20-30,45.333333333333336,2.0,0.0,0.0,-1,65,6494.59,0.18,1.0,0.0,0.0,0.0,0,0,0.0,0.0,0,0,0.0,8693.43,1,0,0.0,12989.18,2,0,0.0,0
LGS2ORD0023027,C014523,2025-07-02 08:00:00,Male,50,Silver,TV,Remote_Area,219,TV_Show,COD,8,7,2,0,40-50,7.3,2.0,0.0,0.0,-1,88,13582.39,0.05,0.5,0.0,0.0,0.0,0,0,0.0,0.0,0,0,0.0,22150.68,1,0,0.0,27164.78,2,0,0.0,0
LGS2ORD0023028,C016631,2025-07-02 09:00:00,Female,40,Bronze,TV,Remote_Area,223,CallCenter,COD,9,7,2,0,30-40,7.433333333333334,4.0,1.0,0.25,48,10,4053.0399999999995,0.28,0.5,0.75,0.0,0.0,0,0,0.0,1013.06,1,0,0.0,16212.159999999998,4,1,0.25,16212.159999999998,4,1,0.25,0
LGS2ORD0023029,C016121,2025-07-02 09:00:00,Male,43,Platinum,TV,Chonburi,1289,Lazada,COD,9,7,2,0,40-50,42.96666666666667,2.0,1.0,0.5,115,96,2267.5299999999997,0.35,1.0,0.5,0.0,0.0,0,0,0.0,0.0,0,0,0.0,0.0,0,0,0.0,4535.0599999999995,2,1,0.5,0
LGS2ORD0023030,C010264,2025-07-02 09:00:00,Male,57,Bronze,Shopee,Chiang Mai,674,TV_Show,Credit_Card,9,7,2,0,>50,22.466666666666665,4.0,2.0,0.5,19,0,8993.352499999999,0.18,0.75,0.0,0.0,2228.49,1,0,0.0,2228.49,1,0,0.0,24602.729999999996,3,1,0.3333333333333333,35973.409999999996,4,2,0.5,0
LGS2ORD0023031,C013604,2025-07-02 09:00:00,Female,40,Bronze,TV,Khon Kaen,326,Shopee,COD,9,7,2,0,30-40,10.866666666666667,2.0,2.0,1.0,34,43,1107.55,0.13,0.5,0.0,0.0,0.0,0,0,0.0,0.0,0,0,0.0,910.0,1,1,1.0,2215.1,2,2,1.0,0
LGS2ORD0023032,C011164,2025-07-02 09:00:00,Female,51,Bronze,Lazada,Songkhla,239,Shopee,COD,9,7,2,0,>50,7.966666666666667,3.0,1.0,0.3333333333333333,124,8,7352.94,0.08,0.3333333333333333,0.0,0.0,0.0,0,0,0.0,15434.76,1,0,0.0,18083.68,2,0,0.0,22058.82,3,1,0.3333333333333333,0
LGS2ORD0023033,C017373,2025-07-02 10:00:00,Male,39,Gold,Lazada,Phuket,746,CallCenter,Credit_Card,10,7,2,0,30-40,24.866666666666667,4.0,1.0,0.25,19,13,5638.115,0.2299999999999999,0.25,0.25,0.0,0.0,0,0,0.0,4120.99,2,0,0.0,6343.13,3,1,0.3333333333333333,22552.46,4,1,0.25,0
LGS2ORD0023034,C017709,2025-07-02 10:00:00,Male,51,Gold,Web,Bangkok,474,Shopee,Credit_Card,10,7,2,0,>50,15.8,1.0,0.0,0.0,-1,174,11190.3,0.08,0.0,0.0,0.0,0.0,0,0,0.0,0.0,0,0,0.0,0.0,0,0,0.0,11190.3,1,0,0.0,0
LGS2ORD0023035,C011839,2025-07-02 10:00:00,Female,52,Silver,TV,Chonburi,633,TV_Show,Credit_Card,10,7,2,0,>50,21.1,5.0,2.0,0.4,41,54,7110.5380000000005,0.25,0.6,0.2,0.0,0.0,0,0,0.0,0.0,0,0,0.0,23801.06,2,1,0.5,35552.69,5,2,0.4,0
LGS2ORD0023036,C010371,2025-07-02 10:00:00,Female,36,Bronze,Shopee,Nakhon Ratchasima,1391,Shopee,COD,10,7,2,0,30-40,46.36666666666667,3.0,0.0,0.0,-1,19,3946.5866666666666,0.03,1.0,0.0,0.0,0.0,0,0,0.0,9357.43,2,0,0.0,9357.43,2,0,0.0,11839.76,3,0,0.0,0
LGS2ORD0023037,C011831,2025-07-02 10:00:00,Female,69,Bronze,TV,Songkhla,1070,TV_Show,COD,10,7,2,0,>50,35.666666666666664,2.0,1.0,0.5,98,110,1323.445,0.23,0.5,0.5,0.0,0.0,0,0,0.0,0.0,0,0,0.0,0.0,0,0,0.0,2646.89,2,1,0.5,1
LGS2ORD0023038,C012234,2025-07-02 10:00:00,Other,35,Gold,TV,Bangkok,1091,Shopee,Bank_Transfer,10,7,2,0,30-40,36.36666666666667,0.0,0.0,0.0,-1,-1,0.0,0.0,0.0,0.0,0.0,0.0,0,0,0.0,0.0,0,0,0.0,0.0,0,0,0.0,0.0,0,0,0.0,0
LGS2ORD0023039,C014736,2025-07-02 11:00:00,Male,33,Gold,Lazada,Chonburi,1602,Web,COD,11,7,2,0,30-40,53.4,1.0,0.0,0.0,-1,67,2679.96,0.28,0.0,1.0,0.0,0.0,0,0,0.0,0.0,0,0,0.0,2679.96,1,0,0.0,2679.96,1,0,0.0,0
LGS2ORD0023040,C011299,2025-07-02 11:00:00,Male,43,Bronze,TV,Bangkok,1246,Lazada,COD,11,7,2,0,40-50,41.53333333333333,3.0,1.0,0.3333333333333333,-2,1,2358.82,0.23,0.6666666666666666,0.6666666666666666,0.0,1677.97,1,1,1.0,1677.97,1,1,1.0,2916.37,2,1,0.5,7076.46,3,1,0.3333333333333333,0
LGS2ORD0023041,C012366,2025-07-02 11:00:00,Other,24,Gold,Shopee,Bangkok,1075,TV_Show,COD,11,7,2,0,20-30,35.833333333333336,1.0,1.0,1.0,4,10,735.41,0.2299999999999999,1.0,1.0,0.0,0.0,0,0,0.0,735.41,1,1,1.0,735.41,1,1,1.0,735.41,1,1,1.0,1
LGS2ORD0023042,C014474,2025-07-02 11:00:00,Female,52,Bronze,TV,Khon Kaen,1422,Shopee,COD,11,7,2,0,>50,47.4,10.0,2.0,0.2,57,8,5322.187,0.23,0.7,0.3,0.0,0.0,0,0,0.0,1925.95,1,0,0.0,8916.400000000001,4,1,0.25,53221.87,10,2,0.2,0
LGS2ORD0023043,C013063,2025-07-02 11:00:00,Female,37,Gold,Lazada,Nakhon Ratchasima,922,TV_Show,PromptPay,11,7,2,0,30-40,30.733333333333334,3.0,0.0,0.0,-1,31,4242.45,0.28,0.6666666666666666,0.3333333333333333,0.0,0.0,0,0,0.0,0.0,0,0,0.0,8884.15,1,0,0.0,12727.35,3,0,0.0,0
LGS2ORD0023044,C014904,2025-07-02 12:00:00,Female,26,Platinum,CallCenter,Chiang Mai,245,Lazada,Credit_Card,12,7,2,0,20-30,8.166666666666666,5.0,0.0,0.0,-1,2,3462.2259999999997,0.25,0.4,0.2,0.0,712.78,1,0,0.0,712.78,1,0,0.0,4752.22,2,0,0.0,17311.129999999997,5,0,0.0,0
LGS2ORD0023045,C010973,2025-07-02 12:00:00,Female,35,Silver,TV,Songkhla,1315,Lazada,COD,12,7,2,0,30-40,43.833333333333336,2.0,1.0,0.5,167,107,2863.49,0.3,1.0,0.5,0.0,0.0,0,0,0.0,0.0,0,0,0.0,0.0,0,0,0.0,5726.98,2,1,0.5,0
LGS2ORD0023046,C013213,2025-07-02 12:00:00,Female,53,Bronze,Web,Songkhla,1444,Lazada,COD,12,7,2,0,>50,48.13333333333333,4.0,3.0,0.75,11,19,3518.9775,0.28,0.75,0.5,0.0,0.0,0,0,0.0,559.19,1,1,1.0,559.19,1,1,1.0,14075.91,4,3,0.75,0
LGS2ORD0023047,C010791,2025-07-02 12:00:00,Female,48,Silver,Lazada,Chonburi,1201,TV_Show,Bank_Transfer,12,7,2,0,40-50,40.03333333333333,4.0,0.0,0.0,-1,41,5009.355,0.15,0.5,0.0,0.0,0.0,0,0,0.0,0.0,0,0,0.0,6028.75,1,0,0.0,20037.42,4,0,0.0,0
LGS2ORD0023048,C013162,2025-07-02 12:00:00,Female,48,Silver,Web,Chiang Mai,293,Web,COD,12,7,2,0,40-50,9.766666666666667,2.0,0.0,0.0,-1,71,1145.0349999999999,0.2,0.0,0.0,0.0,0.0,0,0,0.0,0.0,0,0,0.0,1109.55,1,0,0.0,2290.0699999999997,2,0,0.0,0
LGS2ORD0023049,C014864,2025-07-02 13:00:00,Male,42,Gold,TV,Khon Kaen,492,Web,PromptPay,13,7,2,0,40-50,16.4,1.0,0.0,0.0,-1,129,4060.57,0.08,1.0,0.0,0.0,0.0,0,0,0.0,0.0,0,0,0.0,0.0,0,0,0.0,4060.57,1,0,0.0,0
LGS2ORD0023050,C010097,2025-07-02 13:00:00,Male,39,Silver,Lazada,Chonburi,1565,CallCenter,Credit_Card,13,7,2,0,30-40,52.166666666666664,2.0,0.0,0.0,-1,154,4709.95,0.25,0.0,0.5,0.0,0.0,0,0,0.0,0.0,0,0,0.0,0.0,0,0,0.0,9419.9,2,0,0.0,0
LGS2ORD0023051,C011421,2025-07-02 13:00:00,Female,67,Bronze,Web,Chiang Mai,1322,Lazada,Credit_Card,13,7,2,0,>50,44.06666666666667,7.0,0.0,0.0,-1,0,9013.282857142856,0.18,0.2857142857142857,0.0,0.0,1006.19,1,0,0.0,7356.219999999999,3,0,0.0,25797.84,4,0,0.0,63092.979999999996,7,0,0.0,0
LGS2ORD0023052,C017791,2025-07-02 13:00:00,Female,60,Gold,Web,Nakhon Ratchasima,1626,Shopee,PromptPay,13,7,2,0,>50,54.2,1.0,0.0,0.0,-1,104,2047.81,0.13,0.0,0.0,0.0,0.0,0,0,0.0,0.0,0,0,0.0,0.0,0,0,0.0,2047.81,1,0,0.0,0
LGS2ORD0023053,C013957,2025-07-02 13:00:00,Female,65,Bronze,Lazada,Khon Kaen,545,Lazada,COD,13,7,2,0,>50,18.166666666666668,1.0,0.0,0.0,-1,21,3099.73,0.08,0.0,0.0,0.0,0.0,0,0,0.0,3099.73,1,0,0.0,3099.73,1,0,0.0,3099.73,1,0,0.0,1
LGS2ORD0023054,C013713,2025-07-02 14:00:00,Male,47,Bronze,TV,Bangkok,584,Shopee,Bank_Transfer,14,7,2,0,40-50,19.466666666666665,5.0,2.0,0.4,54,22,5159.621999999999,0.28,0.8,0.6,0.0,0.0,0,0,0.0,1964.76,1,0,0.0,16628.969999999998,3,2,0.6666666666666666,25798.109999999997,5,2,0.4,0
LGS2ORD0023055,C011552,2025-07-02 14:00:00,Female,45,Gold,TV,Nakhon Ratchasima,936,TV_Show,Credit_Card,14,7,2,0,40-50,31.2,1.0,0.0,0.0,-1,23,1923.91,0.2299999999999999,0.0,1.0,0.0,0.0,0,0,0.0,1923.91,1,0,0.0,1923.91,1,0,0.0,1923.91,1,0,0.0,0
LGS2ORD0023056,C012082,2025-07-02 14:00:00,Female,23,Platinum,Shopee,Bangkok,1541,Lazada,Bank_Transfer,14,7,2,0,20-30,51.36666666666667,1.0,0.0,0.0,-1,136,22328.19,0.1,1.0,0.0,0.0,0.0,0,0,0.0,0.0,0,0,0.0,0.0,0,0,0.0,22328.19,1,0,0.0,0
LGS2ORD0023057,C011157,2025-07-02 14:00:00,Male,28,Silver,CallCenter,Chiang Mai,1493,TV_Show,COD,14,7,2,0,20-30,49.766666666666666,3.0,1.0,0.3333333333333333,25,40,3709.83,0.25,0.6666666666666666,0.3333333333333333,0.0,0.0,0,0,0.0,0.0,0,0,0.0,2171.44,1,1,1.0,11129.49,3,1,0.3333333333333333,1
LGS2ORD0023058,C014689,2025-07-02 14:00:00,Male,37,Silver,Shopee,Chiang Mai,437,TV_Show,PromptPay,14,7,2,0,30-40,14.566666666666666,3.0,0.0,0.0,-1,46,3761.963333333333,0.25,0.6666666666666666,0.3333333333333333,0.0,0.0,0,0,0.0,0.0,0,0,0.0,6850.53,1,0,0.0,11285.89,3,0,0.0,0
LGS2ORD0023059,C016976,2025-07-02 14:00:00,Male,54,Gold,Web,Khon Kaen,591,Web,Bank_Transfer,14,7,2,0,>50,19.7,2.0,0.0,0.0,-1,24,7547.59,0.33,0.5,0.5,0.0,0.0,0,0,0.0,9525.97,1,0,0.0,9525.97,1,0,0.0,15095.18,2,0,0.0,0
LGS2ORD0023060,C017877,2025-07-02 15:00:00,Male,39,Bronze,Shopee,Phuket,775,Shopee,COD,15,7,2,0,30-40,25.833333333333332,1.0,0.0,0.0,-1,161,1875.56,0.23,1.0,1.0,0.0,0.0,0,0,0.0,0.0,0,0,0.0,0.0,0,0,0.0,1875.56,1,0,0.0,1
LGS2ORD0023061,C010088,2025-07-02 15:00:00,Female,42,Bronze,Shopee,Songkhla,372,Shopee,COD,15,7,2,0,40-50,12.4,2.0,1.0,0.5,-15,1,9833.415,0.18,0.5,0.0,0.0,9584.79,1,1,1.0,19666.83,2,1,0.5,19666.83,2,1,0.5,19666.83,2,1,0.5,1
LGS2ORD0023062,C016015,2025-07-02 15:00:00,Female,35,Platinum,TV,Chonburi,508,Web,COD,15,7,2,0,30-40,16.933333333333334,5.0,0.0,0.0,-1,54,4741.780000000001,0.25,0.2,0.2,0.0,0.0,0,0,0.0,0.0,0,0,0.0,10551.41,2,0,0.0,23708.9,5,0,0.0,0
LGS2ORD0023063,C010631,2025-07-02 15:00:00,Female,29,Silver,Shopee,Bangkok,1624,Shopee,Credit_Card,15,7,2,0,20-30,54.13333333333333,1.0,0.0,0.0,-1,144,2115.16,0.05,1.0,0.0,0.0,0.0,0,0,0.0,0.0,0,0,0.0,0.0,0,0,0.0,2115.16,1,0,0.0,0
LGS2ORD0023064,C012732,2025-07-02 15:00:00,Female,59,Silver,Lazada,Bangkok,686,Web,Credit_Card,15,7,2,0,>50,22.866666666666667,5.0,0.0,0.0,-1,5,9908.039999999999,0.1,0.2,0.0,0.0,7920.18,1,0,0.0,17657.5,2,0,0.0,17657.5,2,0,0.0,49540.2,5,0,0.0,0
LGS2ORD0023065,C011861,2025-07-02 16:00:00,Male,18,Silver,Lazada,Chiang Mai,1441,Shopee,Credit_Card,16,7,2,0,<20,48.03333333333333,1.0,0.0,0.0,-1,8,2026.01,0.1,0.0,0.0,0.0,0.0,0,0,0.0,2026.01,1,0,0.0,2026.01,1,0,0.0,2026.01,1,0,0.0,0
LGS2ORD0023066,C015722,2025-07-02 16:00:00,Female,44,Gold,Lazada,Phuket,1316,CallCenter,Credit_Card,16,7,2,0,40-50,43.86666666666667,2.0,1.0,0.5,147,83,4861.085,0.33,0.5,0.5,0.0,0.0,0,0,0.0,0.0,0,0,0.0,7150.64,1,0,0.0,9722.17,2,1,0.5,1
LGS2ORD0023067,C017319,2025-07-02 16:00:00,Male,48,Bronze,Shopee,Nakhon Ratchasima,310,Lazada,COD,16,7,2,0,40-50,10.333333333333334,1.0,0.0,0.0,-1,136,28917.69,0.03,1.0,0.0,0.0,0.0,0,0,0.0,0.0,0,0,0.0,0.0,0,0,0.0,28917.69,1,0,0.0,0
LGS2ORD0023068,C016621,2025-07-02 16:00:00,Male,34,Gold,Web,Chiang Mai,979,Shopee,Credit_Card,16,7,2,0,30-40,32.63333333333333,1.0,1.0,1.0,73,89,729.64,0.2299999999999999,0.0,1.0,0.0,0.0,0,0,0.0,0.0,0,0,0.0,729.64,1,1,1.0,729.64,1,1,1.0,0
LGS2ORD0023069,C015652,2025-07-02 16:00:00,Female,34,Silver,Web,Remote_Area,1398,Shopee,COD,16,7,2,0,30-40,46.6,3.0,0.0,0.0,-1,39,12650.406666666668,0.15,0.6666666666666666,0.0,0.0,0.0,0,0,0.0,0.0,0,0,0.0,11630.85,1,0,0.0,37951.22,3,0,0.0,1
LGS2ORD0023070,C013860,2025-07-02 17:00:00,Female,30,Gold,Shopee,Bangkok,1273,Web,COD,17,7,2,0,20-30,42.43333333333333,3.0,1.0,0.3333333333333333,16,22,3748.81,0.33,0.3333333333333333,1.0,0.0,0.0,0,0,0.0,2371.01,1,1,1.0,2371.01,1,1,1.0,11246.43,3,1,0.3333333333333333,0
LGS2ORD0023071,C012378,2025-07-02 17:00:00,Female,59,Silver,Lazada,Chiang Mai,841,Lazada,PromptPay,17,7,2,0,>50,28.033333333333335,2.0,1.0,0.5,60,74,1530.155,0.2,0.5,0.0,0.0,0.0,0,0,0.0,0.0,0,0,0.0,1668.53,1,1,1.0,3060.31,2,1,0.5,0
LGS2ORD0023072,C013631,2025-07-02 17:00:00,Female,54,Silver,Lazada,Remote_Area,739,TV_Show,COD,17,7,2,0,>50,24.633333333333333,4.0,3.0,0.75,33,29,9531.907500000001,0.3,0.75,0.5,0.25,0.0,0,0,0.0,958.08,1,0,0.0,14402.42,3,2,0.6666666666666666,38127.630000000005,4,3,0.75,1
LGS2ORD0023073,C010380,2025-07-02 17:00:00,Male,37,Silver,CallCenter,Bangkok,1479,Shopee,COD,17,7,2,0,30-40,49.3,1.0,1.0,1.0,70,76,6838.27,0.05,0.0,0.0,0.0,0.0,0,0,0.0,0.0,0,0,0.0,6838.27,1,1,1.0,6838.27,1,1,1.0,0
LGS2ORD0023074,C013596,2025-07-02 17:00:00,Male,25,Gold,Web,Chonburi,775,Web,Bank_Transfer,17,7,2,0,20-30,25.833333333333332,2.0,1.0,0.5,67,74,8537.12,0.33,0.0,0.5,0.0,0.0,0,0,0.0,0.0,0,0,0.0,1937.73,1,1,1.0,17074.24,2,1,0.5,0
LGS2ORD0023075,C012311,2025-07-02 18:00:00,Other,39,Bronze,TV,Phuket,729,Web,COD,18,7,2,0,30-40,24.3,5.0,1.0,0.2,11,3,2684.91,0.28,0.2,0.4,0.0,593.88,1,0,0.0,8781.859999999999,2,1,0.5,9645.699999999999,3,1,0.3333333333333333,13424.55,5,1,0.2,1
LGS2ORD0023076,C015558,2025-07-02 18:00:00,Female,43,Gold,TV,Bangkok,250,TV_Show,COD,18,7,2,0,40-50,8.333333333333334,5.0,1.0,0.2,68,24,6735.5,0.33,0.6,0.4,0.0,0.0,0,0,0.0,15393.85,1,0,0.0,32383.659999999996,4,1,0.25,33677.5,5,1,0.2,0
LGS2ORD0023077,C012213,2025-07-02 18:00:00,Male,21,Gold,Shopee,Bangkok,513,Lazada,Bank_Transfer,18,7,2,0,20-30,17.1,0.0,0.0,0.0,-1,-1,0.0,0.0,0.0,0.0,0.0,0.0,0,0,0.0,0.0,0,0,0.0,0.0,0,0,0.0,0.0,0,0,0.0,0
LGS2ORD0023078,C014627,2025-07-02 18:00:00,Female,36,Gold,Shopee,Chonburi,1038,Shopee,Bank_Transfer,18,7,2,0,30-40,34.6,1.0,0.0,0.0,-1,39,3225.14,0.13,1.0,0.0,0.0,0.0,0,0,0.0,0.0,0,0,0.0,3225.14,1,0,0.0,3225.14,1,0,0.0,0
LGS2ORD0023079,C014983,2025-07-02 18:00:00,Female,58,Bronze,Lazada,Remote_Area,925,Lazada,COD,18,7,2,0,>50,30.833333333333332,1.0,0.0,0.0,-1,26,5219.8,0.18,0.0,0.0,0.0,0.0,0,0,0.0,5219.8,1,0,0.0,5219.8,1,0,0.0,5219.8,1,0,0.0,0
LGS2ORD0023080,C012419,2025-07-02 18:00:00,Male,45,Gold,Lazada,Remote_Area,1430,TV_Show,PromptPay,18,7,2,0,40-50,47.666666666666664,2.0,0.0,0.0,-1,32,3293.2299999999996,0.28,0.5,0.5,0.0,0.0,0,0,0.0,0.0,0,0,0.0,3362.47,1,0,0.0,6586.459999999999,2,0,0.0,0
LGS2ORD0023081,C012619,2025-07-02 19:00:00,Female,29,Bronze,Web,Khon Kaen,665,Lazada,COD,19,7,2,0,20-30,22.166666666666668,3.0,1.0,0.3333333333333333,165,115,2381.2466666666664,0.28,0.3333333333333333,0.3333333333333333,0.0,0.0,0,0,0.0,0.0,0,0,0.0,0.0,0,0,0.0,7143.74,3,1,0.3333333333333333,1
LGS2ORD0023082,C016553,2025-07-02 19:00:00,Female,27,Bronze,Shopee,Bangkok,495,TV_Show,Bank_Transfer,19,7,2,0,20-30,16.5,1.0,0.0,0.0,-1,38,3487.64,0.18,1.0,0.0,0.0,0.0,0,0,0.0,0.0,0,0,0.0,3487.64,1,0,0.0,3487.64,1,0,0.0,0
LGS2ORD0023083,C014002,2025-07-02 19:00:00,Male,36,Bronze,TV,Bangkok,597,Web,COD,19,7,2,0,30-40,19.9,3.0,1.0,0.3333333333333333,7,18,2341.2999999999997,0.18,0.6666666666666666,0.0,0.0,0.0,0,0,0.0,3994.2200000000003,2,1,0.5,7023.9,3,1,0.3333333333333333,7023.9,3,1,0.3333333333333333,1
LGS2ORD0023084,C015037,2025-07-02 19:00:00,Female,48,Bronze,Lazada,Khon Kaen,863,Shopee,COD,19,7,2,0,40-50,28.766666666666666,2.0,0.0,0.0,-1,18,1207.8899999999999,0.18,0.5,0.0,0.0,0.0,0,0,0.0,1643.55,1,0,0.0,1643.55,1,0,0.0,2415.7799999999997,2,0,0.0,0
LGS2ORD0023085,C015974,2025-07-02 19:00:00,Male,41,Platinum,Web,Chonburi,826,Lazada,Credit_Card,19,7,2,0,40-50,27.533333333333335,3.0,1.0,0.3333333333333333,72,54,18060.43,0.35,0.3333333333333333,1.0,0.0,0.0,0,0,0.0,0.0,0,0,0.0,24084.55,2,1,0.5,54181.29,3,1,0.3333333333333333,0
LGS2ORD0023086,C015376,2025-07-02 20:00:00,Female,56,Silver,Shopee,Bangkok,834,Web,COD,20,7,2,0,>50,27.8,4.0,1.0,0.25,97,108,3498.255,0.3,0.5,0.25,0.0,0.0,0,0,0.0,0.0,0,0,0.0,0.0,0,0,0.0,13993.02,4,1,0.25,1
LGS2ORD0023087,C017227,2025-07-02 20:00:00,Male,47,Platinum,Shopee,Bangkok,337,Lazada,Credit_Card,20,7,2,0,40-50,11.233333333333333,3.0,0.0,0.0,-1,84,1211.3533333333335,0.35,0.6666666666666666,1.0,0.0,0.0,0,0,0.0,0.0,0,0,0.0,1340.24,1,0,0.0,3634.0600000000004,3,0,0.0,1
LGS2ORD0023088,C014632,2025-07-02 20:00:00,Male,38,Silver,Lazada,Songkhla,630,CallCenter,COD,20,7,2,0,30-40,21.0,0.0,0.0,0.0,-1,-1,0.0,0.0,0.0,0.0,0.0,0.0,0,0,0.0,0.0,0,0,0.0,0.0,0,0,0.0,0.0,0,0,0.0,1
LGS2ORD0023089,C016632,2025-07-02 20:00:00,Male,18,Gold,Web,Bangkok,397,Shopee,COD,20,7,2,0,<20,13.233333333333333,2.0,0.0,0.0,-1,111,1547.42,0.13,0.0,0.0,0.0,0.0,0,0,0.0,0.0,0,0,0.0,0.0,0,0,0.0,3094.84,2,0,0.0,0
LGS2ORD0023090,C013685,2025-07-02 20:00:00,Male,42,Bronze,Shopee,Khon Kaen,1156,Shopee,COD,20,7,2,0,40-50,38.53333333333333,7.0,0.0,0.0,-1,60,7599.421428571429,0.28,0.5714285714285714,0.14285714285714285,0.0,0.0,0,0,0.0,0.0,0,0,0.0,15689.539999999999,3,0,0.0,53195.950000000004,7,0,0.0,0
LGS2ORD0023091,C010692,2025-07-02 21:00:00,Female,35,Bronze,TV,Phuket,1098,Web,Credit_Card,21,7,2,0,30-40,36.6,2.0,0.0,0.0,-1,18,5987.6900000000005,0.18,0.5,0.0,0.0,0.0,0,0,0.0,3743.45,1,0,0.0,11975.380000000001,2,0,0.0,11975.380000000001,2,0,0.0,0
LGS2ORD0023092,C017885,2025-07-02 21:00:00,Female,45,Bronze,Lazada,Bangkok,1090,Web,PromptPay,21,7,2,0,40-50,36.333333333333336,4.0,0.0,0.0,-1,2,3333.205,0.23,0.25,0.5,0.0,1354.79,1,0,0.0,1354.79,1,0,0.0,4263.4,2,0,0.0,13332.82,4,0,0.0,0
LGS2ORD0023093,C011100,2025-07-02 21:00:00,Male,40,Bronze,CallCenter,Nakhon Ratchasima,890,Web,COD,21,7,2,0,30-40,29.666666666666668,1.0,1.0,1.0,67,80,1316.75,0.28,1.0,1.0,0.0,0.0,0,0,0.0,0.0,0,0,0.0,1316.75,1,1,1.0,1316.75,1,1,1.0,0
LGS2ORD0023094,C010047,2025-07-02 21:00:00,Male,51,Bronze,CallCenter,Chonburi,1533,Lazada,Credit_Card,21,7,2,0,>50,51.1,4.0,0.0,0.0,-1,60,4521.185,0.18,0.25,0.0,0.0,0.0,0,0,0.0,0.0,0,0,0.0,3845.27,1,0,0.0,18084.74,4,0,0.0,1
LGS2ORD0023095,C015682,2025-07-02 21:00:00,Male,33,Silver,Shopee,Songkhla,868,Shopee,PromptPay,21,7,2,0,30-40,28.933333333333334,3.0,0.0,0.0,-1,28,6936.62,0.2,0.6666666666666666,0.0,0.0,0.0,0,0,0.0,12528.05,1,0,0.0,12528.05,1,0,0.0,20809.86,3,0,0.0,1
LGS2ORD0023096,C014631,2025-07-02 22:00:00,Female,49,Silver,TV,Chonburi,488,Lazada,PromptPay,22,7,2,0,40-50,16.266666666666666,1.0,1.0,1.0,162,170,1874.86,0.1,1.0,0.0,0.0,0.0,0,0,0.0,0.0,0,0,0.0,0.0,0,0,0.0,1874.86,1,1,1.0,0
LGS2ORD0023097,C017415,2025-07-02 22:00:00,Female,58,Bronze,Shopee,Songkhla,1529,CallCenter,Bank_Transfer,22,7,2,0,>50,50.96666666666667,6.0,1.0,0.16666666666666666,124,74,2121.4816666666666,0.18,0.8333333333333334,0.0,0.0,0.0,0,0,0.0,0.0,0,0,0.0,2543.39,1,0,0.0,12728.89,6,1,0.16666666666666666,0
LGS2ORD0023098,C015065,2025-07-02 22:00:00,Female,59,Silver,CallCenter,Chiang Mai,1540,CallCenter,PromptPay,22,7,2,0,>50,51.333333333333336,1.0,0.0,0.0,-1,168,2024.92,0.3,0.0,1.0,0.0,0.0,0,0,0.0,0.0,0,0,0.0,0.0,0,0,0.0,2024.92,1,0,0.0,0
LGS2ORD0023099,C017816,2025-07-02 22:00:00,Male,58,Bronze,Shopee,Remote_Area,334,TV_Show,PromptPay,22,7,2,0,>50,11.133333333333333,5.0,1.0,0.2,85,64,3558.04,0.18,0.8,0.0,0.0,0.0,0,0,0.0,0.0,0,0,0.0,4824.469999999999,3,0,0.0,17790.2,5,1,0.2,0
LGS2ORD0023100,C012640,2025-07-02 22:00:00,Female,33,Bronze,Shopee,Chiang Mai,242,Shopee,COD,22,7,2,0,30-40,8.066666666666666,3.0,0.0,0.0,-1,16,5590.073333333334,0.13,0.3333333333333333,0.0,0.0,0.0,0,0,0.0,14073.3,2,0,0.0,14073.3,2,0,0.0,16770.22,3,0,0.0,1
LGS2ORD0023101,C011963,2025-07-02 22:00:00,Male,35,Silver,TV,Chonburi,937,TV_Show,COD,22,7,2,0,30-40,31.233333333333334,2.0,1.0,0.5,88,38,2860.3250000000003,0.2,1.0,0.0,0.0,0.0,0,0,0.0,0.0,0,0,0.0,1840.39,1,0,0.0,5720.650000000001,2,1,0.5,1
LGS2ORD0023102,C017266,2025-07-02 23:00:00,Male,37,Bronze,TV,Chonburi,1217,CallCenter,COD,23,7,2,0,30-40,40.56666666666667,1.0,0.0,0.0,-1,153,926.54,0.23,1.0,1.0,0.0,0.0,0,0,0.0,0.0,0,0,0.0,0.0,0,0,0.0,926.54,1,0,0.0,0
LGS2ORD0023103,C011864,2025-07-02 23:00:00,Female,32,Bronze,Lazada,Khon Kaen,268,Shopee,Credit_Card,23,7,2,0,30-40,8.933333333333334,4.0,0.0,0.0,-1,24,2053.695,0.28,0.75,0.5,0.0,0.0,0,0,0.0,646.96,1,0,0.0,4248.33,3,0,0.0,8214.78,4,0,0.0,0
LGS2ORD0023104,C012456,2025-07-02 23:00:00,Male,29,Bronze,TV,Remote_Area,1346,Web,Credit_Card,23,7,2,0,20-30,44.86666666666667,7.0,4.0,0.5714285714285714,10,6,4155.887142857142,0.23,0.5714285714285714,0.14285714285714285,0.0,3909.59,1,0,0.0,15493.71,4,2,0.5,17255.79,5,3,0.6,29091.209999999995,7,4,0.5714285714285714,1
LGS2ORD0023105,C013610,2025-07-02 23:00:00,Female,48,Gold,Shopee,Nakhon Ratchasima,1542,Web,Bank_Transfer,23,7,2,0,40-50,51.4,1.0,0.0,0.0,-1,63,6821.9,0.2299999999999999,1.0,1.0,0.0,0.0,0,0,0.0,0.0,0,0,0.0,6821.9,1,0,0.0,6821.9,1,0,0.0,0
LGS2ORD0023106,C013424,2025-07-02 23:00:00,Male,62,Bronze,Web,Chonburi,978,TV_Show,Bank_Transfer,23,7,2,0,>50,32.6,7.0,1.0,0.14285714285714285,135,16,10565.25,0.23,0.5714285714285714,0.14285714285714285,0.0,0.0,0,0,0.0,31959.3,2,0,0.0,35412.99,3,0,0.0,73956.75,7,1,0.14285714285714285,0
LGS2ORD0023107,C016690,2025-07-03 00:00:00,Male,52,Gold,Web,Khon Kaen,424,Shopee,Credit_Card,0,7,3,0,>50,14.133333333333333,5.0,0.0,0.0,-1,50,2339.25,0.33,0.4,1.0,0.0,0.0,0,0,0.0,0.0,0,0,0.0,10255.85,3,0,0.0,11696.25,5,0,0.0,0
LGS2ORD0023108,C011853,2025-07-03 00:00:00,Male,29,Bronze,Web,Chonburi,633,Shopee,COD,0,7,3,0,20-30,21.1,5.0,1.0,0.2,114,17,4240.7880000000005,0.28,0.6,0.2,0.0,0.0,0,0,0.0,707.24,1,0,0.0,707.24,1,0,0.0,21203.940000000002,5,1,0.2,1
LGS2ORD0023109,C016729,2025-07-03 00:00:00,Male,43,Silver,Web,Bangkok,371,Web,Credit_Card,0,7,3,0,40-50,12.366666666666667,3.0,0.0,0.0,-1,35,2905.5533333333333,0.25,0.0,0.3333333333333333,0.0,0.0,0,0,0.0,0.0,0,0,0.0,5050.18,1,0,0.0,8716.66,3,0,0.0,0
LGS2ORD0023110,C014607,2025-07-03 00:00:00,Male,37,Bronze,Web,Phuket,417,Shopee,Bank_Transfer,0,7,3,0,30-40,13.9,0.0,0.0,0.0,-1,-1,0.0,0.0,0.0,0.0,0.0,0.0,0,0,0.0,0.0,0,0,0.0,0.0,0,0,0.0,0.0,0,0,0.0,0
LGS2ORD0023111,C014175,2025-07-03 00:00:00,Male,18,Silver,TV,Chiang Mai,1424,Web,Credit_Card,0,7,3,0,<20,47.46666666666667,2.0,0.0,0.0,-1,130,12613.060000000001,0.1,0.5,0.0,0.0,0.0,0,0,0.0,0.0,0,0,0.0,0.0,0,0,0.0,25226.120000000003,2,0,0.0,1
LGS2ORD0023112,C015456,2025-07-03 01:00:00,Female,47,Bronze,TV,Songkhla,366,TV_Show,COD,1,7,3,0,40-50,12.2,4.0,2.0,0.5,6,21,1845.585,0.28,0.5,0.25,0.0,0.0,0,0,0.0,3263.55,1,1,1.0,5674.51,2,1,0.5,7382.34,4,2,0.5,1
LGS2ORD0023113,C012455,2025-07-03 01:00:00,Male,26,Bronze,Web,Bangkok,362,Lazada,PromptPay,1,7,3,0,20-30,12.066666666666666,1.0,0.0,0.0,-1,172,6344.36,0.23,0.0,1.0,0.0,0.0,0,0,0.0,0.0,0,0,0.0,0.0,0,0,0.0,6344.36,1,0,0.0,0
LGS2ORD0023114,C015842,2025-07-03 01:00:00,Male,31,Gold,Web,Bangkok,1219,Shopee,Credit_Card,1,7,3,0,30-40,40.63333333333333,3.0,1.0,0.3333333333333333,140,34,3976.9033333333336,0.2299999999999999,0.6666666666666666,0.6666666666666666,0.0,0.0,0,0,0.0,0.0,0,0,0.0,8777.37,1,0,0.0,11930.710000000001,3,1,0.3333333333333333,0
LGS2ORD0023115,C014647,2025-07-03 01:00:00,Male,38,Silver,Lazada,Remote_Area,1076,Shopee,COD,1,7,3,0,30-40,35.86666666666667,1.0,1.0,1.0,57,66,5707.17,0.3,1.0,1.0,0.0,0.0,0,0,0.0,0.0,0,0,0.0,5707.17,1,1,1.0,5707.17,1,1,1.0,0
LGS2ORD0023116,C014591,2025-07-03 01:00:00,Female,24,Platinum,Lazada,Chonburi,624,Lazada,COD,1,7,3,0,20-30,20.8,0.0,0.0,0.0,-1,-1,0.0,0.0,0.0,0.0,0.0,0.0,0,0,0.0,0.0,0,0,0.0,0.0,0,0,0.0,0.0,0,0,0.0,0
LGS2ORD0023117,C017194,2025-07-03 02:00:00,Male,43,Silver,TV,Bangkok,1057,Web,Credit_Card,2,7,3,0,40-50,35.233333333333334,3.0,0.0,0.0,-1,72,2099.3833333333337,0.3,0.6666666666666666,0.3333333333333333,0.0,0.0,0,0,0.0,0.0,0,0,0.0,2916.62,2,0,0.0,6298.150000000001,3,0,0.0,0
LGS2ORD0023118,C016848,2025-07-03 02:00:00,Male,39,Gold,Lazada,Bangkok,266,CallCenter,Credit_Card,2,7,3,0,30-40,8.866666666666667,2.0,0.0,0.0,-1,1,1062.59,0.13,0.0,0.0,0.0,679.36,1,0,0.0,2125.18,2,0,0.0,2125.18,2,0,0.0,2125.18,2,0,0.0,0
LGS2ORD0023119,C013405,2025-07-03 02:00:00,Male,27,Silver,Lazada,Nakhon Ratchasima,1056,Web,Credit_Card,2,7,3,0,20-30,35.2,5.0,2.0,0.4,99,1,3666.3479999999995,0.25,0.4,0.2,0.0,797.41,1,0,0.0,797.41,1,0,0.0,797.41,1,0,0.0,18331.739999999998,5,2,0.4,1
LGS2ORD0023120,C014968,2025-07-03 02:00:00,Male,24,Silver,Shopee,Chonburi,917,Web,Credit_Card,2,7,3,0,20-30,30.566666666666666,3.0,0.0,0.0,-1,10,4309.0,0.25,0.6666666666666666,0.3333333333333333,0.0,0.0,0,0,0.0,5097.62,2,0,0.0,5097.62,2,0,0.0,12927.0,3,0,0.0,0
LGS2ORD0023121,C017363,2025-07-03 02:00:00,Female,40,Silver,CallCenter,Khon Kaen,386,Web,Bank_Transfer,2,7,3,0,30-40,12.866666666666667,3.0,1.0,0.3333333333333333,144,105,8841.59,0.1,0.6666666666666666,0.0,0.0,0.0,0,0,0.0,0.0,0,0,0.0,0.0,0,0,0.0,26524.77,3,1,0.3333333333333333,0
LGS2ORD0023122,C012733,2025-07-03 02:00:00,Female,35,Gold,CallCenter,Bangkok,1550,Shopee,Credit_Card,2,7,3,0,30-40,51.666666666666664,1.0,0.0,0.0,-1,31,4020.66,0.13,1.0,0.0,0.0,0.0,0,0,0.0,0.0,0,0,0.0,4020.66,1,0,0.0,4020.66,1,0,0.0,1
LGS2ORD0023123,C010101,2025-07-03 03:00:00,Male,18,Bronze,CallCenter,Chonburi,1553,Web,Credit_Card,3,7,3,0,<20,51.766666666666666,3.0,0.0,0.0,-1,7,6851.653333333333,0.28,0.0,0.3333333333333333,0.0,0.0,0,0,0.0,8522.03,2,0,0.0,8522.03,2,0,0.0,20554.96,3,0,0.0,0
LGS2ORD0023124,C010330,2025-07-03 03:00:00,Female,43,Bronze,TV,Bangkok,228,Shopee,COD,3,7,3,0,40-50,7.6,4.0,1.0,0.25,84,91,2116.575,0.28,0.75,0.5,0.0,0.0,0,0,0.0,0.0,0,0,0.0,0.0,0,0,0.0,8466.3,4,1,0.25,1
LGS2ORD0023125,C011904,2025-07-03 03:00:00,Female,27,Bronze,Shopee,Bangkok,514,Lazada,COD,3,7,3,0,20-30,17.133333333333333,2.0,0.0,0.0,-1,104,4292.0650000000005,0.23,1.0,0.5,0.0,0.0,0,0,0.0,0.0,0,0,0.0,0.0,0,0,0.0,8584.130000000001,2,0,0.0,0
LGS2ORD0023126,C013641,2025-07-03 03:00:00,Female,18,Silver,Lazada,Chonburi,433,Lazada,Credit_Card,3,7,3,0,<20,14.433333333333334,3.0,0.0,0.0,-1,24,5871.746666666666,0.1,0.6666666666666666,0.0,0.0,0.0,0,0,0.0,5216.92,1,0,0.0,8936.53,2,0,0.0,17615.239999999998,3,0,0.0,1
LGS2ORD0023127,C017866,2025-07-03 03:00:00,Female,66,Bronze,Shopee,Chonburi,1618,Lazada,PromptPay,3,7,3,0,>50,53.93333333333333,2.0,1.0,0.5,119,22,3449.8999999999996,0.23,1.0,0.5,0.0,0.0,0,0,0.0,4767.74,1,0,0.0,4767.74,1,0,0.0,6899.799999999999,2,1,0.5,0
LGS2ORD0023128,C014689,2025-07-03 04:00:00,Male,37,Silver,Shopee,Chiang Mai,438,Web,COD,4,7,3,0,30-40,14.6,4.0,0.0,0.0,-1,0,3086.595,0.25,0.5,0.25,0.0,1060.49,1,0,0.0,1060.49,1,0,0.0,7911.0199999999995,2,0,0.0,12346.38,4,0,0.0,0
LGS2ORD0023129,C014333,2025-07-03 04:00:00,Female,38,Bronze,Shopee,Remote_Area,271,CallCenter,Credit_Card,4,7,3,0,30-40,9.033333333333333,3.0,0.0,0.0,-1,42,4608.876666666667,0.28,0.6666666666666666,0.3333333333333333,0.0,0.0,0,0,0.0,0.0,0,0,0.0,5035.84,1,0,0.0,13826.630000000001,3,0,0.0,0
LGS2ORD0023130,C010472,2025-07-03 04:00:00,Female,35,Silver,Lazada,Bangkok,1637,Lazada,COD,4,7,3,0,30-40,54.56666666666667,2.0,0.0,0.0,-1,36,5451.335,0.05,0.0,0.0,0.0,0.0,0,0,0.0,0.0,0,0,0.0,9857.98,1,0,0.0,10902.67,2,0,0.0,0
LGS2ORD0023131,C010050,2025-07-03 04:00:00,Female,26,Bronze,Shopee,Bangkok,1159,TV_Show,COD,4,7,3,0,20-30,38.63333333333333,5.0,0.0,0.0,-1,55,3645.112,0.28,0.4,0.6,0.0,0.0,0,0,0.0,0.0,0,0,0.0,11477.1,3,0,0.0,18225.56,5,0,0.0,0
LGS2ORD0023132,C014592,2025-07-03 04:00:00,Male,25,Silver,Web,Chiang Mai,303,Lazada,Credit_Card,4,7,3,0,20-30,10.1,0.0,0.0,0.0,-1,-1,0.0,0.0,0.0,0.0,0.0,0.0,0,0,0.0,0.0,0,0,0.0,0.0,0,0,0.0,0.0,0,0,0.0,0
LGS2ORD0023133,C015686,2025-07-03 05:00:00,Male,61,Bronze,Web,Phuket,226,CallCenter,COD,5,7,3,0,>50,7.533333333333333,3.0,1.0,0.3333333333333333,60,2,5481.919999999999,0.08,0.3333333333333333,0.0,0.0,4642.13,1,0,0.0,4642.13,1,0,0.0,7766.02,2,1,0.5,16445.76,3,1,0.3333333333333333,1
LGS2ORD0023134,C011855,2025-07-03 05:00:00,Male,39,Gold,Web,Chiang Mai,1365,Shopee,PromptPay,5,7,3,0,30-40,45.5,3.0,1.0,0.3333333333333333,162,100,7066.433333333333,0.13,0.6666666666666666,0.0,0.0,0.0,0,0,0.0,0.0,0,0,0.0,0.0,0,0,0.0,21199.3,3,1,0.3333333333333333,0
LGS2ORD0023135,C015372,2025-07-03 05:00:00,Male,39,Bronze,Web,Remote_Area,741,Web,Credit_Card,5,7,3,0,30-40,24.7,4.0,2.0,0.5,21,32,10832.844999999998,0.18,0.5,0.0,0.0,0.0,0,0,0.0,0.0,0,0,0.0,35509.229999999996,3,2,0.6666666666666666,43331.37999999999,4,2,0.5,0
LGS2ORD0023136,C011717,2025-07-03 05:00:00,Female,53,Bronze,Lazada,Phuket,880,CallCenter,Credit_Card,5,7,3,0,>50,29.333333333333332,0.0,0.0,0.0,-1,-1,0.0,0.0,0.0,0.0,0.0,0.0,0,0,0.0,0.0,0,0,0.0,0.0,0,0,0.0,0.0,0,0,0.0,0
LGS2ORD0023137,C011073,2025-07-03 05:00:00,Other,32,Silver,Web,Songkhla,650,CallCenter,Credit_Card,5,7,3,0,30-40,21.666666666666668,3.0,2.0,0.6666666666666666,27,29,2458.7333333333336,0.15,0.6666666666666666,0.0,0.0,0.0,0,0,0.0,1538.0,1,0,0.0,3334.65,2,1,0.5,7376.200000000001,3,2,0.6666666666666666,0
LGS2ORD0023138,C011538,2025-07-03 06:00:00,Female,55,Bronze,TV,Phuket,453,Shopee,Credit_Card,6,7,3,0,>50,15.1,6.0,3.0,0.5,82,22,6532.458333333333,0.28,0.8333333333333334,0.16666666666666666,0.0,0.0,0,0,0.0,15385.51,2,0,0.0,33720.19,4,1,0.25,39194.75,6,3,0.5,0
LGS2ORD0023139,C017087,2025-07-03 06:00:00,Other,53,Silver,TV,Remote_Area,1262,TV_Show,COD,6,7,3,0,>50,42.06666666666667,2.0,1.0,0.5,54,62,5423.09,0.1,0.5,0.0,0.0,0.0,0,0,0.0,0.0,0,0,0.0,1753.03,1,1,1.0,10846.18,2,1,0.5,0
LGS2ORD0023140,C015356,2025-07-03 06:00:00,Female,37,Bronze,Lazada,Phuket,1474,Web,Bank_Transfer,6,7,3,0,30-40,49.13333333333333,2.0,1.0,0.5,-9,2,2977.84,0.13,1.0,0.0,0.0,3796.57,1,1,1.0,3796.57,1,1,1.0,5955.68,2,1,0.5,5955.68,2,1,0.5,0
LGS2ORD0023141,C012049,2025-07-03 06:00:00,Male,44,Silver,TV,Remote_Area,1489,Lazada,Credit_Card,6,7,3,0,40-50,49.63333333333333,5.0,3.0,0.6,91,103,4420.934,0.2,0.8,0.0,0.0,0.0,0,0,0.0,0.0,0,0,0.0,0.0,0,0,0.0,22104.670000000002,5,3,0.6,0
LGS2ORD0023142,C012087,2025-07-03 06:00:00,Female,39,Gold,Web,Remote_Area,1550,TV_Show,Bank_Transfer,6,7,3,0,30-40,51.666666666666664,5.0,0.0,0.0,-1,5,6795.646000000001,0.28,0.4,0.4,0.0,1322.07,1,0,0.0,1322.07,1,0,0.0,14595.93,2,0,0.0,33978.23,5,0,0.0,0
LGS2ORD0023143,C013838,2025-07-03 06:00:00,Male,60,Bronze,CallCenter,Remote_Area,279,Shopee,PromptPay,6,7,3,0,>50,9.3,7.0,3.0,0.42857142857142855,76,5,2657.1971428571424,0.28,0.5714285714285714,0.2857142857142857,0.0,1146.23,1,0,0.0,1146.23,1,0,0.0,2312.4300000000003,2,1,0.5,18600.379999999997,7,3,0.42857142857142855,0
LGS2ORD0023144,C016946,2025-07-03 07:00:00,Male,54,Silver,TV,Phuket,357,TV_Show,Credit_Card,7,7,3,0,>50,11.9,5.0,2.0,0.4,133,32,3800.804,0.25,0.6,0.2,0.0,0.0,0,0,0.0,0.0,0,0,0.0,4672.58,2,0,0.0,19004.02,5,2,0.4,0
LGS2ORD0023145,C017307,2025-07-03 07:00:00,Female,52,Silver,TV,Chiang Mai,371,TV_Show,Bank_Transfer,7,7,3,0,>50,12.366666666666667,1.0,1.0,1.0,126,139,1965.32,0.25,1.0,1.0,0.0,0.0,0,0,0.0,0.0,0,0,0.0,0.0,0,0,0.0,1965.32,1,1,1.0,0
LGS2ORD0023146,C011625,2025-07-03 07:00:00,Female,36,Bronze,TV,Remote_Area,1623,Lazada,Bank_Transfer,7,7,3,0,30-40,54.1,0.0,0.0,0.0,-1,-1,0.0,0.0,0.0,0.0,0.0,0.0,0,0,0.0,0.0,0,0,0.0,0.0,0,0,0.0,0.0,0,0,0.0,0
LGS2ORD0023147,C010899,2025-07-03 07:00:00,Female,29,Bronze,TV,Chiang Mai,1470,TV_Show,COD,7,7,3,0,20-30,49.0,2.0,1.0,0.5,84,4,7410.62,0.18,1.0,0.0,0.0,11209.47,1,0,0.0,11209.47,1,0,0.0,11209.47,1,0,0.0,14821.24,2,1,0.5,0
LGS2ORD0023148,C012728,2025-07-03 07:00:00,Male,25,Bronze,Lazada,Chiang Mai,1199,TV_Show,COD,7,7,3,0,20-30,39.96666666666667,0.0,0.0,0.0,-1,-1,0.0,0.0,0.0,0.0,0.0,0.0,0,0,0.0,0.0,0,0,0.0,0.0,0,0,0.0,0.0,0,0,0.0,0
LGS2ORD0023149,C010351,2025-07-03 08:00:00,Male,46,Bronze,TV,Bangkok,330,Shopee,Bank_Transfer,8,7,3,0,40-50,11.0,1.0,1.0,1.0,139,152,14676.15,0.03,0.0,0.0,0.0,0.0,0,0,0.0,0.0,0,0,0.0,0.0,0,0,0.0,14676.15,1,1,1.0,0
LGS2ORD0023150,C016361,2025-07-03 08:00:00,Female,34,Silver,Web,Bangkok,205,Web,COD,8,7,3,0,30-40,6.833333333333333,4.0,0.0,0.0,-1,18,6888.975,0.3,0.25,0.25,0.0,0.0,0,0,0.0,6239.25,1,0,0.0,6239.25,1,0,0.0,27555.9,4,0,0.0,0
LGS2ORD0023151,C015052,2025-07-03 08:00:00,Female,48,Bronze,Lazada,Bangkok,555,Lazada,Credit_Card,8,7,3,0,40-50,18.5,3.0,0.0,0.0,-1,89,8164.566666666667,0.13,0.6666666666666666,0.0,0.0,0.0,0,0,0.0,0.0,0,0,0.0,1366.44,1,0,0.0,24493.7,3,0,0.0,0
LGS2ORD0023152,C015726,2025-07-03 08:00:00,Male,38,Bronze,Shopee,Chonburi,371,Lazada,Credit_Card,8,7,3,0,30-40,12.366666666666667,4.0,1.0,0.25,135,17,3632.0724999999998,0.18,0.5,0.0,0.0,0.0,0,0,0.0,12818.39,2,0,0.0,12818.39,2,0,0.0,14528.289999999999,4,1,0.25,0
LGS2ORD0023153,C017693,2025-07-03 08:00:00,Female,44,Bronze,CallCenter,Phuket,476,Web,PromptPay,8,7,3,0,40-50,15.866666666666667,2.0,1.0,0.5,95,16,2092.525,0.18,0.5,0.0,0.0,0.0,0,0,0.0,2073.27,1,0,0.0,2073.27,1,0,0.0,4185.05,2,1,0.5,0
LGS2ORD0023154,C012423,2025-07-03 09:00:00,Female,57,Bronze,CallCenter,Remote_Area,969,Shopee,PromptPay,9,7,3,0,>50,32.3,4.0,1.0,0.25,-9,4,5441.737499999999,0.28,0.25,0.75,0.0,16825.14,1,1,1.0,16825.14,1,1,1.0,21189.32,3,1,0.3333333333333333,21766.949999999997,4,1,0.25,1
LGS2ORD0023155,C015972,2025-07-03 09:00:00,Male,46,Gold,CallCenter,Bangkok,1584,CallCenter,COD,9,7,3,0,40-50,52.8,5.0,0.0,0.0,-1,37,6741.986,0.28,0.6,0.6,0.0,0.0,0,0,0.0,0.0,0,0,0.0,19932.54,2,0,0.0,33709.93,5,0,0.0,0
LGS2ORD0023156,C014276,2025-07-03 09:00:00,Male,43,Bronze,Lazada,Khon Kaen,1587,Web,PromptPay,9,7,3,0,40-50,52.9,6.0,2.0,0.3333333333333333,44,46,2445.7816666666663,0.23,0.5,0.3333333333333333,0.0,0.0,0,0,0.0,0.0,0,0,0.0,3929.21,2,1,0.5,14674.689999999999,6,2,0.3333333333333333,0
LGS2ORD0023157,C013464,2025-07-03 09:00:00,Female,36,Bronze,Shopee,Chonburi,707,CallCenter,Bank_Transfer,9,7,3,0,30-40,23.566666666666666,5.0,1.0,0.2,78,21,3466.418,0.18,0.0,0.0,0.0,0.0,0,0,0.0,577.14,1,0,0.0,16670.53,4,1,0.25,17332.09,5,1,0.2,0
LGS2ORD0023158,C015646,2025-07-03 09:00:00,Male,54,Bronze,Web,Bangkok,1609,Shopee,COD,9,7,3,0,>50,53.63333333333333,1.0,0.0,0.0,-1,63,5981.34,0.28,1.0,1.0,0.0,0.0,0,0,0.0,0.0,0,0,0.0,5981.34,1,0,0.0,5981.34,1,0,0.0,0
LGS2ORD0023159,C016734,2025-07-03 09:00:00,Male,46,Bronze,Lazada,Remote_Area,1206,Web,PromptPay,9,7,3,0,40-50,40.2,1.0,1.0,1.0,60,67,1587.36,0.28,0.0,1.0,0.0,0.0,0,0,0.0,0.0,0,0,0.0,1587.36,1,1,1.0,1587.36,1,1,1.0,0
LGS2ORD0023160,C012814,2025-07-03 10:00:00,Female,59,Platinum,TV,Bangkok,673,Lazada,Credit_Card,10,7,3,0,>50,22.433333333333334,1.0,1.0,1.0,175,180,4718.6,0.1,1.0,0.0,0.0,0.0,0,0,0.0,0.0,0,0,0.0,0.0,0,0,0.0,4718.6,1,1,1.0,0
LGS2ORD0023161,C017356,2025-07-03 10:00:00,Male,37,Bronze,TV,Phuket,1508,TV_Show,COD,10,7,3,0,30-40,50.266666666666666,4.0,1.0,0.25,162,15,15939.2775,0.23,0.5,0.25,0.0,0.0,0,0,0.0,39958.259999999995,2,0,0.0,42324.35,3,0,0.0,63757.11,4,1,0.25,0
LGS2ORD0023162,C015299,2025-07-03 10:00:00,Male,41,Bronze,CallCenter,Bangkok,1638,CallCenter,COD,10,7,3,0,40-50,54.6,4.0,0.0,0.0,-1,7,4105.165,0.28,1.0,0.5,0.0,0.0,0,0,0.0,16039.46,3,0,0.0,16039.46,3,0,0.0,16420.66,4,0,0.0,0
LGS2ORD0023163,C015607,2025-07-03 10:00:00,Female,52,Silver,TV,Chonburi,652,Shopee,Bank_Transfer,10,7,3,0,>50,21.733333333333334,3.0,0.0,0.0,-1,20,4350.206666666666,0.15,0.0,0.0,0.0,0.0,0,0,0.0,6637.36,1,0,0.0,8727.599999999999,2,0,0.0,13050.619999999999,3,0,0.0,0
LGS2ORD0023164,C011228,2025-07-03 10:00:00,Female,55,Silver,Web,Chiang Mai,587,Lazada,COD,10,7,3,0,>50,19.566666666666666,2.0,0.0,0.0,-1,143,2128.77,0.3,0.0,0.5,0.0,0.0,0,0,0.0,0.0,0,0,0.0,0.0,0,0,0.0,4257.54,2,0,0.0,1
LGS2ORD0023165,C010984,2025-07-03 11:00:00,Female,60,Bronze,Shopee,Bangkok,330,TV_Show,Bank_Transfer,11,7,3,0,>50,11.0,2.0,0.0,0.0,-1,1,2069.515,0.28,0.0,0.5,0.0,1690.47,1,0,0.0,4139.03,2,0,0.0,4139.03,2,0,0.0,4139.03,2,0,0.0,0
LGS2ORD0023166,C011934,2025-07-03 11:00:00,Male,49,Bronze,Lazada,Bangkok,536,TV_Show,Credit_Card,11,7,3,0,40-50,17.866666666666667,2.0,1.0,0.5,3,13,1801.685,0.08,1.0,0.0,0.0,0.0,0,0,0.0,953.23,1,1,1.0,953.23,1,1,1.0,3603.37,2,1,0.5,1
LGS2ORD0023167,C015613,2025-07-03 11:00:00,Male,43,Silver,TV,Chonburi,1231,Web,COD,11,7,3,0,40-50,41.03333333333333,1.0,0.0,0.0,-1,154,9691.14,0.2,0.0,0.0,0.0,0.0,0,0,0.0,0.0,0,0,0.0,0.0,0,0,0.0,9691.14,1,0,0.0,0
LGS2ORD0023168,C013674,2025-07-03 11:00:00,Male,47,Gold,TV,Remote_Area,622,Shopee,PromptPay,11,7,3,0,40-50,20.733333333333334,2.0,1.0,0.5,41,21,2537.96,0.18,0.5,0.0,0.0,0.0,0,0,0.0,2426.75,1,0,0.0,5075.92,2,1,0.5,5075.92,2,1,0.5,0
LGS2ORD0023169,C013818,2025-07-03 11:00:00,Female,37,Gold,Web,Nakhon Ratchasima,936,Lazada,PromptPay,11,7,3,0,30-40,31.2,1.0,0.0,0.0,-1,135,1570.96,0.28,0.0,1.0,0.0,0.0,0,0,0.0,0.0,0,0,0.0,0.0,0,0,0.0,1570.96,1,0,0.0,0
LGS2ORD0023170,C016728,2025-07-03 12:00:00,Female,44,Bronze,TV,Khon Kaen,824,TV_Show,COD,12,7,3,0,40-50,27.466666666666665,3.0,0.0,0.0,-1,16,2161.6766666666667,0.23,1.0,0.3333333333333333,0.0,0.0,0,0,0.0,2426.97,1,0,0.0,5514.82,2,0,0.0,6485.03,3,0,0.0,0
LGS2ORD0023171,C012954,2025-07-03 12:00:00,Other,30,Bronze,Web,Nakhon Ratchasima,1100,Shopee,COD,12,7,3,0,20-30,36.666666666666664,3.0,1.0,0.3333333333333333,113,114,10433.656666666668,0.23,0.6666666666666666,0.6666666666666666,0.0,0.0,0,0,0.0,0.0,0,0,0.0,0.0,0,0,0.0,31300.97,3,1,0.3333333333333333,0
LGS2ORD0023172,C013152,2025-07-03 12:00:00,Female,46,Bronze,Web,Remote_Area,1158,Web,Credit_Card,12,7,3,0,40-50,38.6,1.0,1.0,1.0,79,86,1162.89,0.08,1.0,0.0,0.0,0.0,0,0,0.0,0.0,0,0,0.0,1162.89,1,1,1.0,1162.89,1,1,1.0,0
LGS2ORD0023173,C017732,2025-07-03 12:00:00,Male,49,Silver,Lazada,Bangkok,1510,CallCenter,PromptPay,12,7,3,0,40-50,50.333333333333336,7.0,3.0,0.42857142857142855,41,21,5482.208571428571,0.25,0.42857142857142855,0.2857142857142857,0.0,0.0,0,0,0.0,18793.07,1,0,0.0,19633.54,2,1,0.5,38375.46,7,3,0.42857142857142855,0
LGS2ORD0023174,C014932,2025-07-03 12:00:00,Male,35,Silver,CallCenter,Bangkok,1401,Web,COD,12,7,3,0,30-40,46.7,3.0,2.0,0.6666666666666666,6,15,10849.613333333333,0.05,0.6666666666666666,0.0,0.0,0.0,0,0,0.0,908.96,1,1,1.0,26042.219999999998,2,2,1.0,32548.839999999997,3,2,0.6666666666666666,0
LGS2ORD0023175,C017157,2025-07-03 13:00:00,Female,45,Gold,TV,Khon Kaen,1512,CallCenter,Bank_Transfer,13,7,3,0,40-50,50.4,1.0,0.0,0.0,-1,114,17808.84,0.28,1.0,1.0,0.0,0.0,0,0,0.0,0.0,0,0,0.0,0.0,0,0,0.0,17808.84,1,0,0.0,0
LGS2ORD0023176,C015892,2025-07-03 13:00:00,Female,45,Silver,Web,Chiang Mai,388,Lazada,PromptPay,13,7,3,0,40-50,12.933333333333334,2.0,2.0,1.0,24,31,4544.07,0.15,1.0,0.0,0.0,0.0,0,0,0.0,0.0,0,0,0.0,9088.14,2,2,1.0,9088.14,2,2,1.0,0
LGS2ORD0023177,C012093,2025-07-03 13:00:00,Female,53,Bronze,Lazada,Remote_Area,588,Shopee,COD,13,7,3,0,>50,19.6,3.0,1.0,0.3333333333333333,59,41,6571.419999999999,0.18,0.3333333333333333,0.0,0.0,0.0,0,0,0.0,0.0,0,0,0.0,16431.36,2,1,0.5,19714.26,3,1,0.3333333333333333,0
LGS2ORD0023178,C013115,2025-07-03 13:00:00,Female,37,Gold,Shopee,Chonburi,1585,Web,Credit_Card,13,7,3,0,30-40,52.833333333333336,2.0,0.0,0.0,-1,33,9295.164999999999,0.2299999999999999,0.0,0.5,0.0,0.0,0,0,0.0,0.0,0,0,0.0,3971.27,1,0,0.0,18590.329999999998,2,0,0.0,1
LGS2ORD0023179,C010198,2025-07-03 13:00:00,Male,72,Silver,Lazada,Bangkok,1562,Web,Credit_Card,13,7,3,0,>50,52.06666666666667,4.0,1.0,0.25,118,25,5699.945,0.25,1.0,0.25,0.0,0.0,0,0,0.0,8623.18,1,0,0.0,20981.22,2,0,0.0,22799.78,4,1,0.25,0
LGS2ORD0023180,C010724,2025-07-03 13:00:00,Female,18,Platinum,Lazada,Khon Kaen,1553,Web,COD,13,7,3,0,<20,51.766666666666666,3.0,1.0,0.3333333333333333,20,32,1038.7333333333333,0.35,0.6666666666666666,0.3333333333333333,0.0,0.0,0,0,0.0,0.0,0,0,0.0,856.2,1,1,1.0,3116.2,3,1,0.3333333333333333,0
LGS2ORD0023181,C010481,2025-07-03 14:00:00,Male,53,Bronze,CallCenter,Chonburi,1515,Lazada,COD,14,7,3,0,>50,50.5,3.0,1.0,0.3333333333333333,170,121,7769.75,0.23,0.6666666666666666,0.3333333333333333,0.0,0.0,0,0,0.0,0.0,0,0,0.0,0.0,0,0,0.0,23309.25,3,1,0.3333333333333333,0
LGS2ORD0023182,C013419,2025-07-03 14:00:00,Female,41,Bronze,TV,Bangkok,1256,Shopee,PromptPay,14,7,3,0,40-50,41.86666666666667,3.0,0.0,0.0,-1,42,2389.33,0.28,0.3333333333333333,0.3333333333333333,0.0,0.0,0,0,0.0,0.0,0,0,0.0,3214.17,1,0,0.0,7167.99,3,0,0.0,0
LGS2ORD0023183,C010925,2025-07-03 14:00:00,Male,39,Bronze,TV,Chiang Mai,1107,CallCenter,COD,14,7,3,0,30-40,36.9,4.0,1.0,0.25,62,59,13104.369999999999,0.23,0.75,0.25,0.0,0.0,0,0,0.0,0.0,0,0,0.0,31303.56,2,1,0.5,52417.479999999996,4,1,0.25,0
LGS2ORD0023184,C011787,2025-07-03 14:00:00,Female,46,Silver,Web,Bangkok,1445,TV_Show,PromptPay,14,7,3,0,40-50,48.166666666666664,2.0,1.0,0.5,150,51,5859.26,0.25,1.0,0.5,0.0,0.0,0,0,0.0,0.0,0,0,0.0,10445.11,1,0,0.0,11718.52,2,1,0.5,0
LGS2ORD0023185,C017323,2025-07-03 14:00:00,Male,52,Silver,TV,Bangkok,1448,Lazada,Credit_Card,14,7,3,0,>50,48.266666666666666,1.0,0.0,0.0,-1,62,1701.69,0.3,1.0,1.0,0.0,0.0,0,0,0.0,0.0,0,0,0.0,1701.69,1,0,0.0,1701.69,1,0,0.0,0
LGS2ORD0023186,C012747,2025-07-03 15:00:00,Male,45,Bronze,TV,Remote_Area,1052,Lazada,PromptPay,15,7,3,0,40-50,35.06666666666667,0.0,0.0,0.0,-1,-1,0.0,0.0,0.0,0.0,0.0,0.0,0,0,0.0,0.0,0,0,0.0,0.0,0,0,0.0,0.0,0,0,0.0,0
LGS2ORD0023187,C015728,2025-07-03 15:00:00,Female,33,Bronze,CallCenter,Remote_Area,361,Shopee,PromptPay,15,7,3,0,30-40,12.033333333333333,4.0,1.0,0.25,144,85,10658.285,0.28,0.5,0.5,0.0,0.0,0,0,0.0,0.0,0,0,0.0,23365.75,1,0,0.0,42633.14,4,1,0.25,1
LGS2ORD0023188,C012249,2025-07-03 15:00:00,Female,37,Bronze,Shopee,Songkhla,792,CallCenter,Bank_Transfer,15,7,3,0,30-40,26.4,2.0,2.0,1.0,107,124,3942.16,0.23,0.5,0.5,0.0,0.0,0,0,0.0,0.0,0,0,0.0,0.0,0,0,0.0,7884.32,2,2,1.0,0
LGS2ORD0023189,C013876,2025-07-03 15:00:00,Female,37,Bronze,Shopee,Songkhla,1145,TV_Show,COD,15,7,3,0,30-40,38.166666666666664,3.0,1.0,0.3333333333333333,102,32,5630.22,0.28,0.6666666666666666,0.3333333333333333,0.0,0.0,0,0,0.0,0.0,0,0,0.0,11727.42,2,0,0.0,16890.66,3,1,0.3333333333333333,1
LGS2ORD0023190,C011633,2025-07-03 15:00:00,Male,36,Silver,TV,Phuket,359,Web,Bank_Transfer,15,7,3,0,30-40,11.966666666666667,5.0,2.0,0.4,91,18,13263.73,0.3,0.8,0.4,0.0,0.0,0,0,0.0,6066.25,1,0,0.0,6066.25,1,0,0.0,66318.65,5,2,0.4,1
LGS2ORD0023191,C013046,2025-07-03 16:00:00,Male,72,Bronze,TV,Remote_Area,819,CallCenter,COD,16,7,3,0,>50,27.3,1.0,1.0,1.0,125,133,7135.71,0.18,1.0,0.0,0.0,0.0,0,0,0.0,0.0,0,0,0.0,0.0,0,0,0.0,7135.71,1,1,1.0,1
LGS2ORD0023192,C010187,2025-07-03 16:00:00,Female,48,Silver,TV,Phuket,613,Web,Bank_Transfer,16,7,3,0,40-50,20.433333333333334,0.0,0.0,0.0,-1,-1,0.0,0.0,0.0,0.0,0.0,0.0,0,0,0.0,0.0,0,0,0.0,0.0,0,0,0.0,0.0,0,0,0.0,1
LGS2ORD0023193,C013743,2025-07-03 16:00:00,Female,26,Bronze,Lazada,Bangkok,1163,TV_Show,Credit_Card,16,7,3,0,20-30,38.766666666666666,0.0,0.0,0.0,-1,-1,0.0,0.0,0.0,0.0,0.0,0.0,0,0,0.0,0.0,0,0,0.0,0.0,0,0,0.0,0.0,0,0,0.0,0
LGS2ORD0023194,C017150,2025-07-03 16:00:00,Female,52,Gold,Web,Chonburi,354,Lazada,Bank_Transfer,16,7,3,0,>50,11.8,5.0,1.0,0.2,100,104,4547.35,0.28,0.2,0.8,0.0,0.0,0,0,0.0,0.0,0,0,0.0,0.0,0,0,0.0,22736.75,5,1,0.2,0
LGS2ORD0023195,C011065,2025-07-03 16:00:00,Male,35,Platinum,Web,Chiang Mai,977,TV_Show,COD,16,7,3,0,30-40,32.56666666666667,4.0,0.0,0.0,-1,14,6294.9625,0.25,0.5,0.25,0.0,0.0,0,0,0.0,10296.84,1,0,0.0,10636.4,2,0,0.0,25179.85,4,0,0.0,0
LGS2ORD0023196,C011137,2025-07-03 17:00:00,Female,26,Platinum,Web,Khon Kaen,1636,Shopee,Credit_Card,17,7,3,0,20-30,54.53333333333333,6.0,3.0,0.5,4,10,3323.2666666666664,0.25,0.6666666666666666,0.16666666666666666,0.0,0.0,0,0,0.0,2120.76,1,1,1.0,7574.27,4,2,0.5,19939.6,6,3,0.5,0
LGS2ORD0023197,C012425,2025-07-03 17:00:00,Male,49,Gold,TV,Nakhon Ratchasima,1269,Web,Credit_Card,17,7,3,0,40-50,42.3,5.0,1.0,0.2,92,8,3517.4320000000007,0.28,0.8,0.8,0.0,0.0,0,0,0.0,1520.81,1,0,0.0,7487.799999999999,3,0,0.0,17587.160000000003,5,1,0.2,1
LGS2ORD0023198,C017662,2025-07-03 17:00:00,Female,57,Platinum,Web,Chiang Mai,1396,CallCenter,PromptPay,17,7,3,0,>50,46.53333333333333,1.0,0.0,0.0,-1,22,1087.64,0.15,1.0,0.0,0.0,0.0,0,0,0.0,1087.64,1,0,0.0,1087.64,1,0,0.0,1087.64,1,0,0.0,1
LGS2ORD0023199,C014240,2025-07-03 17:00:00,Female,26,Gold,Shopee,Bangkok,420,Lazada,COD,17,7,3,0,20-30,14.0,1.0,0.0,0.0,-1,41,4013.78,0.08,1.0,0.0,0.0,0.0,0,0,0.0,0.0,0,0,0.0,4013.78,1,0,0.0,4013.78,1,0,0.0,0
LGS2ORD0023200,C015562,2025-07-03 17:00:00,Male,42,Bronze,TV,Bangkok,1596,TV_Show,PromptPay,17,7,3,0,40-50,53.2,0.0,0.0,0.0,-1,-1,0.0,0.0,0.0,0.0,0.0,0.0,0,0,0.0,0.0,0,0,0.0,0.0,0,0,0.0,0.0,0,0,0.0,0
LGS2ORD0023201,C013955,2025-07-03 17:00:00,Male,34,Silver,TV,Chiang Mai,1218,Lazada,COD,17,7,3,0,30-40,40.6,4.0,1.0,0.25,151,26,3163.7475,0.15,0.5,0.0,0.0,0.0,0,0,0.0,2887.67,2,0,0.0,7380.039999999999,3,0,0.0,12654.99,4,1,0.25,1
LGS2ORD0023202,C015999,2025-07-03 18:00:00,Male,40,Silver,Lazada,Remote_Area,334,Lazada,PromptPay,18,7,3,0,30-40,11.133333333333333,4.0,1.0,0.25,157,37,6125.05,0.3,0.5,0.5,0.0,0.0,0,0,0.0,0.0,0,0,0.0,23198.02,2,0,0.0,24500.2,4,1,0.25,0
LGS2ORD0023203,C012235,2025-07-03 18:00:00,Female,49,Platinum,Shopee,Phuket,1394,CallCenter,Credit_Card,18,7,3,0,40-50,46.46666666666667,2.0,0.0,0.0,-1,43,7239.28,0.25,0.0,0.5,0.0,0.0,0,0,0.0,0.0,0,0,0.0,12423.14,1,0,0.0,14478.56,2,0,0.0,0
LGS2ORD0023204,C014115,2025-07-03 18:00:00,Male,39,Bronze,Web,Remote_Area,739,CallCenter,COD,18,7,3,0,30-40,24.633333333333333,3.0,0.0,0.0,-1,9,1053.4633333333334,0.28,0.3333333333333333,0.3333333333333333,0.0,0.0,0,0,0.0,1307.67,1,0,0.0,3160.3900000000003,3,0,0.0,3160.3900000000003,3,0,0.0,0
LGS2ORD0023205,C010220,2025-07-03 18:00:00,Female,42,Silver,Shopee,Nakhon Ratchasima,379,Web,Credit_Card,18,7,3,0,40-50,12.633333333333333,4.0,0.0,0.0,-1,14,4768.1224999999995,0.2,0.25,0.0,0.0,0.0,0,0,0.0,12526.97,1,0,0.0,13299.92,2,0,0.0,19072.489999999998,4,0,0.0,0
LGS2ORD0023206,C017715,2025-07-03 18:00:00,Male,18,Bronze,TV,Chiang Mai,1416,TV_Show,Credit_Card,18,7,3,0,<20,47.2,1.0,1.0,1.0,69,75,15199.96,0.28,1.0,1.0,0.0,0.0,0,0,0.0,0.0,0,0,0.0,15199.96,1,1,1.0,15199.96,1,1,1.0,0
LGS2ORD0023207,C016510,2025-07-03 19:00:00,Male,59,Gold,Shopee,Nakhon Ratchasima,1473,Shopee,Credit_Card,19,7,3,0,>50,49.1,2.0,0.0,0.0,-1,21,4169.825,0.28,0.5,0.5,0.0,0.0,0,0,0.0,1197.47,1,0,0.0,8339.65,2,0,0.0,8339.65,2,0,0.0,0
LGS2ORD0023208,C013767,2025-07-03 19:00:00,Female,23,Bronze,TV,Nakhon Ratchasima,741,CallCenter,PromptPay,19,7,3,0,20-30,24.7,5.0,1.0,0.2,164,98,5694.4039999999995,0.28,0.6,0.2,0.0,0.0,0,0,0.0,0.0,0,0,0.0,0.0,0,0,0.0,28472.019999999997,5,1,0.2,1
LGS2ORD0023209,C010988,2025-07-03 19:00:00,Female,24,Platinum,Shopee,Bangkok,1052,Shopee,PromptPay,19,7,3,0,20-30,35.06666666666667,1.0,0.0,0.0,-1,93,1876.75,0.1,0.0,0.0,0.0,0.0,0,0,0.0,0.0,0,0,0.0,0.0,0,0,0.0,1876.75,1,0,0.0,0
LGS2ORD0023210,C011428,2025-07-03 19:00:00,Female,29,Silver,Shopee,Nakhon Ratchasima,339,Lazada,Credit_Card,19,7,3,0,20-30,11.3,2.0,1.0,0.5,7,18,5191.08,0.2,0.5,0.0,0.0,0.0,0,0,0.0,1580.28,1,1,1.0,1580.28,1,1,1.0,10382.16,2,1,0.5,0
LGS2ORD0023211,C010775,2025-07-03 19:00:00,Male,40,Bronze,Lazada,Bangkok,658,CallCenter,PromptPay,19,7,3,0,30-40,21.933333333333334,3.0,1.0,0.3333333333333333,89,103,6288.033333333333,0.28,0.6666666666666666,0.3333333333333333,0.0,0.0,0,0,0.0,0.0,0,0,0.0,0.0,0,0,0.0,18864.1,3,1,0.3333333333333333,0
LGS2ORD0023212,C017586,2025-07-03 20:00:00,Male,52,Bronze,Shopee,Bangkok,803,CallCenter,PromptPay,20,7,3,0,>50,26.766666666666666,2.0,1.0,0.5,113,92,5357.634999999999,0.28,0.5,0.5,0.0,0.0,0,0,0.0,0.0,0,0,0.0,0.0,0,0,0.0,10715.269999999999,2,1,0.5,1
LGS2ORD0023213,C011912,2025-07-03 20:00:00,Female,46,Gold,Shopee,Chiang Mai,934,Shopee,COD,20,7,3,0,40-50,31.133333333333333,5.0,0.0,0.0,-1,83,2915.632,0.28,0.4,0.4,0.0,0.0,0,0,0.0,0.0,0,0,0.0,3731.75,2,0,0.0,14578.16,5,0,0.0,0
LGS2ORD0023214,C017054,2025-07-03 20:00:00,Male,29,Bronze,Shopee,Nakhon Ratchasima,550,CallCenter,Credit_Card,20,7,3,0,20-30,18.333333333333332,2.0,1.0,0.5,95,110,2059.1549999999997,0.18,0.5,0.0,0.0,0.0,0,0,0.0,0.0,0,0,0.0,0.0,0,0,0.0,4118.3099999999995,2,1,0.5,0
LGS2ORD0023215,C016910,2025-07-03 20:00:00,Other,47,Gold,TV,Khon Kaen,361,Lazada,COD,20,7,3,0,40-50,12.033333333333333,2.0,1.0,0.5,140,63,4918.345,0.2299999999999999,0.5,0.5,0.0,0.0,0,0,0.0,0.0,0,0,0.0,8275.78,1,0,0.0,9836.69,2,1,0.5,0
LGS2ORD0023216,C010375,2025-07-03 20:00:00,Female,51,Silver,TV,Chiang Mai,1100,CallCenter,PromptPay,20,7,3,0,>50,36.666666666666664,2.0,1.0,0.5,12,20,6323.78,0.3,0.5,0.5,0.0,0.0,0,0,0.0,3283.0,1,1,1.0,3283.0,1,1,1.0,12647.56,2,1,0.5,0
LGS2ORD0023217,C015538,2025-07-03 21:00:00,Female,47,Silver,TV,Bangkok,1212,Shopee,COD,21,7,3,0,40-50,40.4,2.0,0.0,0.0,-1,15,3015.33,0.25,0.5,1.0,0.0,0.0,0,0,0.0,1489.75,1,0,0.0,1489.75,1,0,0.0,6030.66,2,0,0.0,0
LGS2ORD0023218,C012393,2025-07-03 21:00:00,Male,56,Bronze,TV,Nakhon Ratchasima,1293,TV_Show,COD,21,7,3,0,>50,43.1,5.0,2.0,0.4,7,9,4678.884000000001,0.28,0.6,0.2,0.0,0.0,0,0,0.0,5349.66,2,1,0.5,6424.58,3,1,0.3333333333333333,23394.420000000006,5,2,0.4,1
LGS2ORD0023219,C010695,2025-07-03 21:00:00,Male,55,Bronze,Web,Songkhla,217,TV_Show,PromptPay,21,7,3,0,>50,7.233333333333333,5.0,2.0,0.4,52,58,4206.388000000001,0.18,0.6,0.0,0.0,0.0,0,0,0.0,0.0,0,0,0.0,6328.4800000000005,2,1,0.5,21031.940000000002,5,2,0.4,1
LGS2ORD0023220,C015572,2025-07-03 21:00:00,Male,23,Bronze,Web,Songkhla,226,Web,COD,21,7,3,0,20-30,7.533333333333333,1.0,0.0,0.0,-1,111,2604.53,0.03,1.0,0.0,0.0,0.0,0,0,0.0,0.0,0,0,0.0,0.0,0,0,0.0,2604.53,1,0,0.0,0
LGS2ORD0023221,C010444,2025-07-03 21:00:00,Male,31,Silver,Lazada,Chonburi,1186,CallCenter,Bank_Transfer,21,7,3,0,30-40,39.53333333333333,1.0,0.0,0.0,-1,22,8288.84,0.05,1.0,0.0,0.0,0.0,0,0,0.0,8288.84,1,0,0.0,8288.84,1,0,0.0,8288.84,1,0,0.0,0
LGS2ORD0023222,C016423,2025-07-03 21:00:00,Male,50,Bronze,TV,Khon Kaen,1587,CallCenter,Credit_Card,21,7,3,0,40-50,52.9,2.0,0.0,0.0,-1,27,1805.535,0.28,0.5,0.5,0.0,0.0,0,0,0.0,2477.69,1,0,0.0,2477.69,1,0,0.0,3611.07,2,0,0.0,1
LGS2ORD0023223,C011859,2025-07-03 22:00:00,Female,44,Bronze,Lazada,Bangkok,730,Lazada,COD,22,7,3,0,40-50,24.333333333333332,1.0,0.0,0.0,-1,138,1710.7,0.03,0.0,0.0,0.0,0.0,0,0,0.0,0.0,0,0,0.0,0.0,0,0,0.0,1710.7,1,0,0.0,0
LGS2ORD0023224,C011423,2025-07-03 22:00:00,Other,60,Bronze,Shopee,Bangkok,1597,Web,Bank_Transfer,22,7,3,0,>50,53.233333333333334,5.0,1.0,0.2,160,50,4485.518,0.08,1.0,0.0,0.0,0.0,0,0,0.0,0.0,0,0,0.0,11227.82,2,0,0.0,22427.59,5,1,0.2,0
LGS2ORD0023225,C012489,2025-07-03 22:00:00,Male,45,Gold,TV,Phuket,1075,Lazada,Credit_Card,22,7,3,0,40-50,35.833333333333336,2.0,0.0,0.0,-1,11,2088.71,0.13,0.5,0.0,0.0,0.0,0,0,0.0,2354.97,1,0,0.0,4177.42,2,0,0.0,4177.42,2,0,0.0,0
LGS2ORD0023226,C016766,2025-07-03 22:00:00,Female,34,Bronze,Shopee,Chiang Mai,239,Shopee,COD,22,7,3,0,30-40,7.966666666666667,1.0,0.0,0.0,-1,67,4346.92,0.08,0.0,0.0,0.0,0.0,0,0,0.0,0.0,0,0,0.0,4346.92,1,0,0.0,4346.92,1,0,0.0,0
LGS2ORD0023227,C013871,2025-07-03 22:00:00,Female,46,Silver,TV,Bangkok,1278,TV_Show,COD,22,7,3,0,40-50,42.6,0.0,0.0,0.0,-1,-1,0.0,0.0,0.0,0.0,0.0,0.0,0,0,0.0,0.0,0,0,0.0,0.0,0,0,0.0,0.0,0,0,0.0,0
LGS2ORD0023228,C017318,2025-07-03 23:00:00,Female,69,Bronze,TV,Phuket,1579,Shopee,PromptPay,23,7,3,0,>50,52.63333333333333,3.0,1.0,0.3333333333333333,162,55,3795.0833333333335,0.23,0.3333333333333333,0.3333333333333333,0.0,0.0,0,0,0.0,0.0,0,0,0.0,7390.59,1,0,0.0,11385.25,3,1,0.3333333333333333,0
LGS2ORD0023229,C017724,2025-07-03 23:00:00,Male,46,Platinum,TV,Nakhon Ratchasima,1013,Web,PromptPay,23,7,3,0,40-50,33.766666666666666,5.0,3.0,0.6,39,31,1542.9,0.35,0.6,0.6,0.0,0.0,0,0,0.0,0.0,0,0,0.0,2967.12,3,2,0.6666666666666666,7714.500000000001,5,3,0.6,0
LGS2ORD0023230,C015840,2025-07-03 23:00:00,Male,30,Silver,Lazada,Bangkok,1106,Web,COD,23,7,3,0,20-30,36.86666666666667,5.0,0.0,0.0,-1,30,3669.1,0.25,0.4,0.2,0.0,0.0,0,0,0.0,0.0,0,0,0.0,9404.529999999999,4,0,0.0,18345.5,5,0,0.0,0
LGS2ORD0023231,C010196,2025-07-03 23:00:00,Female,61,Gold,Web,Bangkok,1091,CallCenter,Credit_Card,23,7,3,0,>50,36.36666666666667,4.0,2.0,0.5,98,41,4020.4975000000004,0.33,0.25,0.75,0.0,0.0,0,0,0.0,0.0,0,0,0.0,6353.13,2,0,0.0,16081.990000000002,4,2,0.5,0
LGS2ORD0023232,C017942,2025-07-03 23:00:00,Female,53,Bronze,Shopee,Phuket,717,TV_Show,COD,23,7,3,0,>50,23.9,6.0,4.0,0.6666666666666666,53,61,2813.3633333333332,0.18,0.16666666666666666,0.0,0.0,0.0,0,0,0.0,0.0,0,0,0.0,9187.39,3,2,0.6666666666666666,16880.18,6,4,0.6666666666666666,0
LGS2ORD0023233,C014877,2025-07-04 00:00:00,Female,45,Bronze,Lazada,Nakhon Ratchasima,313,Lazada,Credit_Card,0,7,4,0,40-50,10.433333333333334,3.0,0.0,0.0,-1,148,7522.599999999999,0.18,0.6666666666666666,0.0,0.0,0.0,0,0,0.0,0.0,0,0,0.0,0.0,0,0,0.0,22567.8,3,0,0.0,0
LGS2ORD0023234,C014198,2025-07-04 00:00:00,Male,37,Gold,Shopee,Khon Kaen,645,TV_Show,COD,0,7,4,0,30-40,21.5,5.0,1.0,0.2,15,8,3366.988,0.28,0.6,0.2,0.0,0.0,0,0,0.0,10871.01,3,1,0.3333333333333333,16116.039999999999,4,1,0.25,16834.94,5,1,0.2,0
LGS2ORD0023235,C010284,2025-07-04 00:00:00,Female,31,Gold,Shopee,Bangkok,920,Shopee,PromptPay,0,7,4,0,30-40,30.666666666666668,1.0,0.0,0.0,-1,135,4147.78,0.13,0.0,0.0,0.0,0.0,0,0,0.0,0.0,0,0,0.0,0.0,0,0,0.0,4147.78,1,0,0.0,1
LGS2ORD0023236,C011555,2025-07-04 00:00:00,Female,31,Silver,Web,Phuket,855,Shopee,Credit_Card,0,7,4,0,30-40,28.5,5.0,2.0,0.4,42,24,6328.505999999999,0.3,0.4,0.4,0.0,0.0,0,0,0.0,6498.01,1,0,0.0,30257.239999999998,4,2,0.5,31642.53,5,2,0.4,1
LGS2ORD0023237,C011784,2025-07-04 00:00:00,Female,18,Silver,Web,Remote_Area,1364,TV_Show,Credit_Card,0,7,4,0,<20,45.46666666666667,1.0,0.0,0.0,-1,75,2481.24,0.25,0.0,1.0,0.0,0.0,0,0,0.0,0.0,0,0,0.0,2481.24,1,0,0.0,2481.24,1,0,0.0,0
LGS2ORD0023238,C016901,2025-07-04 01:00:00,Male,18,Bronze,Lazada,Phuket,637,Shopee,COD,1,7,4,0,<20,21.233333333333334,1.0,1.0,1.0,56,61,4459.54,0.13,1.0,0.0,0.0,0.0,0,0,0.0,0.0,0,0,0.0,4459.54,1,1,1.0,4459.54,1,1,1.0,1
LGS2ORD0023239,C014798,2025-07-04 01:00:00,Female,36,Silver,Lazada,Phuket,1325,TV_Show,Bank_Transfer,1,7,4,0,30-40,44.166666666666664,5.0,1.0,0.2,166,29,4728.35,0.3,0.4,0.4,0.0,0.0,0,0,0.0,8392.99,1,0,0.0,19665.18,4,0,0.0,23641.75,5,1,0.2,0
LGS2ORD0023240,C014447,2025-07-04 01:00:00,Male,35,Bronze,CallCenter,Bangkok,1584,Web,Credit_Card,1,7,4,0,30-40,52.8,4.0,1.0,0.25,82,33,8657.0125,0.18,0.75,0.0,0.0,0.0,0,0,0.0,0.0,0,0,0.0,17238.24,1,0,0.0,34628.05,4,1,0.25,1
LGS2ORD0023241,C012226,2025-07-04 01:00:00,Male,41,Bronze,Web,Songkhla,1623,TV_Show,Credit_Card,1,7,4,0,40-50,54.1,3.0,1.0,0.3333333333333333,15,30,3228.986666666667,0.23,0.6666666666666666,0.6666666666666666,0.0,0.0,0,0,0.0,0.0,0,0,0.0,6326.43,2,1,0.5,9686.960000000001,3,1,0.3333333333333333,0
LGS2ORD0023242,C012408,2025-07-04 01:00:00,Female,34,Gold,TV,Khon Kaen,1492,CallCenter,PromptPay,1,7,4,0,30-40,49.733333333333334,0.0,0.0,0.0,-1,-1,0.0,0.0,0.0,0.0,0.0,0.0,0,0,0.0,0.0,0,0,0.0,0.0,0,0,0.0,0.0,0,0,0.0,0
LGS2ORD0023243,C011567,2025-07-04 01:00:00,Female,40,Bronze,TV,Bangkok,1086,Shopee,Bank_Transfer,1,7,4,0,30-40,36.2,3.0,1.0,0.3333333333333333,52,62,1546.4366666666665,0.23,0.6666666666666666,0.6666666666666666,0.0,0.0,0,0,0.0,0.0,0,0,0.0,2819.95,2,1,0.5,4639.3099999999995,3,1,0.3333333333333333,0
LGS2ORD0023244,C014853,2025-07-04 02:00:00,Male,60,Platinum,Shopee,Chiang Mai,958,Shopee,Credit_Card,2,7,4,0,>50,31.933333333333334,2.0,0.0,0.0,-1,20,953.265,0.35,0.5,1.0,0.0,0.0,0,0,0.0,651.49,1,0,0.0,651.49,1,0,0.0,1906.53,2,0,0.0,0
LGS2ORD0023245,C013117,2025-07-04 02:00:00,Male,64,Gold,Web,Bangkok,1304,TV_Show,PromptPay,2,7,4,0,>50,43.46666666666667,1.0,1.0,1.0,8,11,703.81,0.2299999999999999,1.0,1.0,0.0,0.0,0,0,0.0,703.81,1,1,1.0,703.81,1,1,1.0,703.81,1,1,1.0,1
LGS2ORD0023246,C013066,2025-07-04 02:00:00,Female,26,Bronze,Lazada,Remote_Area,1532,Shopee,Credit_Card,2,7,4,0,20-30,51.06666666666667,3.0,2.0,0.6666666666666666,4,19,1908.5133333333333,0.28,0.6666666666666666,0.3333333333333333,0.0,0.0,0,0,0.0,560.8,1,1,1.0,5725.54,3,2,0.6666666666666666,5725.54,3,2,0.6666666666666666,0
LGS2ORD0023247,C016026,2025-07-04 02:00:00,Male,63,Silver,Shopee,Nakhon Ratchasima,950,TV_Show,COD,2,7,4,0,>50,31.666666666666668,2.0,0.0,0.0,-1,58,12777.47,0.15,0.5,0.0,0.0,0.0,0,0,0.0,0.0,0,0,0.0,19097.37,1,0,0.0,25554.94,2,0,0.0,0
LGS2ORD0023248,C017192,2025-07-04 02:00:00,Male,33,Gold,Web,Chiang Mai,377,CallCenter,PromptPay,2,7,4,0,30-40,12.566666666666666,3.0,0.0,0.0,-1,11,5790.286666666667,0.33,0.6666666666666666,0.3333333333333333,0.0,0.0,0,0,0.0,12809.4,1,0,0.0,12809.4,1,0,0.0,17370.86,3,0,0.0,0
LGS2ORD0023249,C010746,2025-07-04 03:00:00,Male,51,Bronze,Web,Songkhla,985,TV_Show,COD,3,7,4,0,>50,32.833333333333336,5.0,3.0,0.6,41,24,4871.596,0.23,0.4,0.2,0.0,0.0,0,0,0.0,1334.03,1,0,0.0,4792.63,3,2,0.6666666666666666,24357.979999999996,5,3,0.6,0
LGS2ORD0023250,C011107,2025-07-04 03:00:00,Male,39,Silver,Web,Remote_Area,373,CallCenter,COD,3,7,4,0,30-40,12.433333333333334,0.0,0.0,0.0,-1,-1,0.0,0.0,0.0,0.0,0.0,0.0,0,0,0.0,0.0,0,0,0.0,0.0,0,0,0.0,0.0,0,0,0.0,1
LGS2ORD0023251,C017410,2025-07-04 03:00:00,Female,30,Gold,Lazada,Bangkok,248,Shopee,Credit_Card,3,7,4,0,20-30,8.266666666666667,3.0,2.0,0.6666666666666666,-9,3,4586.056666666666,0.33,0.6666666666666666,0.3333333333333333,0.0,3977.68,1,1,1.0,6017.51,2,2,1.0,6017.51,2,2,1.0,13758.17,3,2,0.6666666666666666,0
LGS2ORD0023252,C011373,2025-07-04 03:00:00,Female,53,Silver,CallCenter,Chiang Mai,223,TV_Show,PromptPay,3,7,4,0,>50,7.433333333333334,0.0,0.0,0.0,-1,-1,0.0,0.0,0.0,0.0,0.0,0.0,0,0,0.0,0.0,0,0,0.0,0.0,0,0,0.0,0.0,0,0,0.0,0
LGS2ORD0023253,C016604,2025-07-04 03:00:00,Female,49,Silver,TV,Chiang Mai,867,Shopee,COD,3,7,4,0,40-50,28.9,2.0,1.0,0.5,111,107,1507.635,0.3,1.0,0.5,0.0,0.0,0,0,0.0,0.0,0,0,0.0,0.0,0,0,0.0,3015.27,2,1,0.5,0
LGS2ORD0023254,C015834,2025-07-04 04:00:00,Female,18,Silver,Lazada,Songkhla,278,Shopee,PromptPay,4,7,4,0,<20,9.266666666666667,0.0,0.0,0.0,-1,-1,0.0,0.0,0.0,0.0,0.0,0.0,0,0,0.0,0.0,0,0,0.0,0.0,0,0,0.0,0.0,0,0,0.0,0
LGS2ORD0023255,C014566,2025-07-04 04:00:00,Other,38,Bronze,TV,Bangkok,264,Web,COD,4,7,4,0,30-40,8.8,7.0,2.0,0.2857142857142857,115,30,9763.735714285713,0.23,0.7142857142857143,0.14285714285714285,0.0,0.0,0,0,0.0,0.0,0,0,0.0,14150.349999999999,2,0,0.0,68346.15,7,2,0.2857142857142857,0
LGS2ORD0023256,C017708,2025-07-04 04:00:00,Male,59,Bronze,Lazada,Nakhon Ratchasima,1561,Lazada,Credit_Card,4,7,4,0,>50,52.03333333333333,2.0,1.0,0.5,38,49,2944.2599999999998,0.23,1.0,0.5,0.0,0.0,0,0,0.0,0.0,0,0,0.0,4927.69,1,1,1.0,5888.5199999999995,2,1,0.5,0
LGS2ORD0023257,C013104,2025-07-04 04:00:00,Male,29,Bronze,Lazada,Chiang Mai,1590,CallCenter,PromptPay,4,7,4,0,20-30,53.0,1.0,0.0,0.0,-1,157,3983.95,0.03,1.0,0.0,0.0,0.0,0,0,0.0,0.0,0,0,0.0,0.0,0,0,0.0,3983.95,1,0,0.0,0
LGS2ORD0023258,C015950,2025-07-04 04:00:00,Female,46,Silver,Web,Bangkok,1529,Web,COD,4,7,4,0,40-50,50.96666666666667,1.0,0.0,0.0,-1,70,6386.7,0.05,0.0,0.0,0.0,0.0,0,0,0.0,0.0,0,0,0.0,6386.7,1,0,0.0,6386.7,1,0,0.0,0
LGS2ORD0023259,C010794,2025-07-04 05:00:00,Other,33,Bronze,TV,Chonburi,1006,TV_Show,PromptPay,5,7,4,0,30-40,33.53333333333333,1.0,1.0,1.0,57,69,6350.22,0.03,1.0,0.0,0.0,0.0,0,0,0.0,0.0,0,0,0.0,6350.22,1,1,1.0,6350.22,1,1,1.0,0
LGS2ORD0023260,C016271,2025-07-04 05:00:00,Female,53,Silver,TV,Bangkok,1082,TV_Show,COD,5,7,4,0,>50,36.06666666666667,1.0,0.0,0.0,-1,62,8443.51,0.1,0.0,0.0,0.0,0.0,0,0,0.0,0.0,0,0,0.0,8443.51,1,0,0.0,8443.51,1,0,0.0,0
LGS2ORD0023261,C017176,2025-07-04 05:00:00,Female,43,Bronze,Shopee,Remote_Area,560,Lazada,COD,5,7,4,0,40-50,18.666666666666668,2.0,0.0,0.0,-1,3,4613.515,0.18,0.0,0.0,0.0,5704.84,1,0,0.0,5704.84,1,0,0.0,5704.84,1,0,0.0,9227.03,2,0,0.0,1
LGS2ORD0023262,C010359,2025-07-04 05:00:00,Male,54,Bronze,TV,Nakhon Ratchasima,888,Web,COD,5,7,4,0,>50,29.6,5.0,2.0,0.4,67,76,7025.454000000001,0.23,0.8,0.2,0.0,0.0,0,0,0.0,0.0,0,0,0.0,1387.99,1,1,1.0,35127.270000000004,5,2,0.4,0
LGS2ORD0023263,C012691,2025-07-04 05:00:00,Other,31,Bronze,TV,Nakhon Ratchasima,907,Web,COD,5,7,4,0,30-40,30.233333333333334,5.0,1.0,0.2,29,36,9806.946,0.28,0.6,0.2,0.0,0.0,0,0,0.0,0.0,0,0,0.0,41278.57,4,1,0.25,49034.729999999996,5,1,0.2,1
LGS2ORD0023264,C016626,2025-07-04 05:00:00,Male,44,Bronze,TV,Bangkok,1112,TV_Show,COD,5,7,4,0,40-50,37.06666666666667,0.0,0.0,0.0,-1,-1,0.0,0.0,0.0,0.0,0.0,0.0,0,0,0.0,0.0,0,0,0.0,0.0,0,0,0.0,0.0,0,0,0.0,0
LGS2ORD0023265,C013183,2025-07-04 06:00:00,Female,61,Bronze,TV,Khon Kaen,1595,Shopee,Bank_Transfer,6,7,4,0,>50,53.166666666666664,3.0,0.0,0.0,-1,7,5005.616666666667,0.23,0.6666666666666666,0.3333333333333333,0.0,0.0,0,0,0.0,4922.58,1,0,0.0,4922.58,1,0,0.0,15016.85,3,0,0.0,0
LGS2ORD0023266,C011057,2025-07-04 06:00:00,Female,51,Bronze,Shopee,Nakhon Ratchasima,594,Shopee,Credit_Card,6,7,4,0,>50,19.8,5.0,0.0,0.0,-1,38,5742.2,0.28,0.6,0.4,0.0,0.0,0,0,0.0,0.0,0,0,0.0,17725.07,2,0,0.0,28711.0,5,0,0.0,0
LGS2ORD0023267,C011330,2025-07-04 06:00:00,Male,49,Bronze,Web,Bangkok,895,CallCenter,Bank_Transfer,6,7,4,0,40-50,29.833333333333332,2.0,0.0,0.0,-1,83,2015.105,0.23,0.5,0.5,0.0,0.0,0,0,0.0,0.0,0,0,0.0,804.92,1,0,0.0,4030.21,2,0,0.0,0
LGS2ORD0023268,C011043,2025-07-04 06:00:00,Male,38,Silver,TV,Songkhla,1292,TV_Show,COD,6,7,4,0,30-40,43.06666666666667,4.0,2.0,0.5,54,56,1163.84,0.3,0.5,0.25,0.0,0.0,0,0,0.0,0.0,0,0,0.0,642.37,2,1,0.5,4655.36,4,2,0.5,0
LGS2ORD0023269,C011730,2025-07-04 06:00:00,Female,37,Silver,Web,Chonburi,1215,TV_Show,COD,6,7,4,0,30-40,40.5,3.0,1.0,0.3333333333333333,100,73,5680.079999999999,0.2,0.6666666666666666,0.0,0.0,0.0,0,0,0.0,0.0,0,0,0.0,7870.98,1,0,0.0,17040.239999999998,3,1,0.3333333333333333,0
LGS2ORD0023270,C014233,2025-07-04 07:00:00,Female,41,Gold,TV,Bangkok,1192,TV_Show,COD,7,7,4,0,40-50,39.733333333333334,1.0,0.0,0.0,-1,19,10415.64,0.08,1.0,0.0,0.0,0.0,0,0,0.0,10415.64,1,0,0.0,10415.64,1,0,0.0,10415.64,1,0,0.0,0
LGS2ORD0023271,C014593,2025-07-04 07:00:00,Male,38,Bronze,TV,Chiang Mai,1570,Web,Credit_Card,7,7,4,0,30-40,52.333333333333336,6.0,0.0,0.0,-1,20,6108.718333333333,0.28,0.5,0.16666666666666666,0.0,0.0,0,0,0.0,4295.36,1,0,0.0,36458.3,5,0,0.0,36652.31,6,0,0.0,0
LGS2ORD0023272,C017628,2025-07-04 07:00:00,Male,51,Bronze,Web,Nakhon Ratchasima,1438,TV_Show,COD,7,7,4,0,>50,47.93333333333333,1.0,1.0,1.0,95,100,2770.6,0.18,1.0,0.0,0.0,0.0,0,0,0.0,0.0,0,0,0.0,0.0,0,0,0.0,2770.6,1,1,1.0,0
LGS2ORD0023273,C015372,2025-07-04 07:00:00,Male,39,Bronze,Web,Remote_Area,742,TV_Show,Bank_Transfer,7,7,4,0,30-40,24.733333333333334,5.0,2.0,0.4,22,1,8827.903999999999,0.28,0.4,0.2,0.0,808.14,1,0,0.0,808.14,1,0,0.0,36317.369999999995,4,2,0.5,44139.51999999999,5,2,0.4,0
LGS2ORD0023274,C014950,2025-07-04 07:00:00,Male,55,Gold,TV,Khon Kaen,1283,CallCenter,Credit_Card,7,7,4,0,>50,42.766666666666666,5.0,0.0,0.0,-1,28,2617.948,0.33,0.8,0.4,0.0,0.0,0,0,0.0,3285.81,1,0,0.0,3285.81,1,0,0.0,13089.74,5,0,0.0,1
LGS2ORD0023275,C014083,2025-07-04 08:00:00,Male,42,Gold,Web,Chonburi,198,TV_Show,COD,8,7,4,0,40-50,6.6,3.0,1.0,0.3333333333333333,85,10,6898.21,0.33,0.3333333333333333,0.3333333333333333,0.0,0.0,0,0,0.0,1454.2,1,0,0.0,1454.2,1,0,0.0,20694.63,3,1,0.3333333333333333,0
LGS2ORD0023276,C014959,2025-07-04 08:00:00,Female,50,Gold,TV,Khon Kaen,776,Shopee,Bank_Transfer,8,7,4,0,40-50,25.866666666666667,7.0,3.0,0.42857142857142855,66,55,2719.632857142857,0.28,0.8571428571428571,0.8571428571428571,0.0,0.0,0,0,0.0,0.0,0,0,0.0,15403.24,4,2,0.5,19037.43,7,3,0.42857142857142855,0
LGS2ORD0023277,C012718,2025-07-04 08:00:00,Male,53,Bronze,TV,Remote_Area,368,Web,COD,8,7,4,0,>50,12.266666666666667,4.0,3.0,0.75,92,104,6418.795,0.23,0.75,0.25,0.0,0.0,0,0,0.0,0.0,0,0,0.0,0.0,0,0,0.0,25675.18,4,3,0.75,1
LGS2ORD0023278,C015067,2025-07-04 08:00:00,Male,50,Bronze,Web,Remote_Area,1257,TV_Show,COD,8,7,4,0,40-50,41.9,4.0,2.0,0.5,-1,8,3852.6,0.23,0.5,0.25,0.0,0.0,0,0,0.0,11780.05,2,1,0.5,15410.4,4,2,0.5,15410.4,4,2,0.5,0
LGS2ORD0023279,C014985,2025-07-04 08:00:00,Male,49,Gold,Lazada,Bangkok,638,Shopee,COD,8,7,4,0,40-50,21.266666666666666,1.0,0.0,0.0,-1,79,2805.03,0.2299999999999999,1.0,1.0,0.0,0.0,0,0,0.0,0.0,0,0,0.0,2805.03,1,0,0.0,2805.03,1,0,0.0,0
LGS2ORD0023280,C012622,2025-07-04 08:00:00,Female,22,Silver,Web,Bangkok,1495,TV_Show,COD,8,7,4,0,20-30,49.833333333333336,4.0,0.0,0.0,-1,19,2659.5675,0.2,0.5,0.0,0.0,0.0,0,0,0.0,1222.51,1,0,0.0,5930.2300000000005,2,0,0.0,10638.27,4,0,0.0,1
LGS2ORD0023281,C015824,2025-07-04 09:00:00,Male,51,Bronze,Shopee,Nakhon Ratchasima,1005,TV_Show,Credit_Card,9,7,4,0,>50,33.5,6.0,4.0,0.6666666666666666,6,14,2591.155,0.23,0.5,0.16666666666666666,0.0,0.0,0,0,0.0,10247.35,2,2,1.0,11986.78,4,3,0.75,15546.93,6,4,0.6666666666666666,0
LGS2ORD0023282,C016427,2025-07-04 09:00:00,Female,45,Bronze,TV,Remote_Area,1361,Web,PromptPay,9,7,4,0,40-50,45.36666666666667,3.0,1.0,0.3333333333333333,169,86,3569.093333333333,0.18,0.3333333333333333,0.0,0.0,0.0,0,0,0.0,0.0,0,0,0.0,1586.62,1,0,0.0,10707.279999999999,3,1,0.3333333333333333,1
LGS2ORD0023283,C016871,2025-07-04 09:00:00,Male,61,Gold,CallCenter,Bangkok,1097,Lazada,Bank_Transfer,9,7,4,0,>50,36.56666666666667,4.0,0.0,0.0,-1,24,2731.6625,0.33,0.25,0.25,0.0,0.0,0,0,0.0,713.7,1,0,0.0,713.7,1,0,0.0,10926.65,4,0,0.0,0
LGS2ORD0023284,C012378,2025-07-04 09:00:00,Female,59,Silver,Lazada,Chiang Mai,843,TV_Show,Credit_Card,9,7,4,0,>50,28.1,3.0,1.0,0.3333333333333333,62,1,1521.4399999999998,0.2,0.3333333333333333,0.0,0.0,1504.01,1,0,0.0,1504.01,1,0,0.0,3172.54,2,1,0.5,4564.32,3,1,0.3333333333333333,0
LGS2ORD0023285,C013089,2025-07-04 09:00:00,Male,25,Bronze,Web,Songkhla,231,Web,COD,9,7,4,0,20-30,7.7,3.0,1.0,0.3333333333333333,0,6,7369.113333333334,0.23,0.3333333333333333,0.3333333333333333,0.0,3385.71,1,1,1.0,3385.71,1,1,1.0,5420.51,2,1,0.5,22107.34,3,1,0.3333333333333333,0
LGS2ORD0023286,C014087,2025-07-04 10:00:00,Female,69,Bronze,TV,Phuket,553,Shopee,COD,10,7,4,0,>50,18.433333333333334,7.0,4.0,0.5714285714285714,-2,7,14468.521428571428,0.23,0.8571428571428571,0.14285714285714285,0.0,0.0,0,0,0.0,27310.719999999998,2,2,1.0,27310.719999999998,2,2,1.0,101279.65,7,4,0.5714285714285714,0
LGS2ORD0023287,C016290,2025-07-04 10:00:00,Female,49,Bronze,Shopee,Chonburi,1178,CallCenter,PromptPay,10,7,4,0,40-50,39.266666666666666,3.0,1.0,0.3333333333333333,1,9,3993.523333333333,0.18,0.6666666666666666,0.0,0.0,0.0,0,0,0.0,10496.68,2,1,0.5,11980.57,3,1,0.3333333333333333,11980.57,3,1,0.3333333333333333,0
LGS2ORD0023288,C012463,2025-07-04 10:00:00,Female,44,Platinum,TV,Khon Kaen,338,Shopee,PromptPay,10,7,4,0,40-50,11.266666666666667,6.0,0.0,0.0,-1,72,6376.673333333333,0.2,0.5,0.0,0.0,0.0,0,0,0.0,0.0,0,0,0.0,12411.970000000001,3,0,0.0,38260.04,6,0,0.0,0
LGS2ORD0023289,C010928,2025-07-04 10:00:00,Female,36,Silver,Web,Bangkok,407,Lazada,COD,10,7,4,0,30-40,13.566666666666666,2.0,0.0,0.0,-1,63,8949.815,0.2,0.0,0.0,0.0,0.0,0,0,0.0,0.0,0,0,0.0,16451.81,1,0,0.0,17899.63,2,0,0.0,0
LGS2ORD0023290,C012204,2025-07-04 10:00:00,Male,41,Platinum,Lazada,Bangkok,880,Lazada,COD,10,7,4,0,40-50,29.333333333333332,2.0,1.0,0.5,107,116,1596.575,0.2,0.5,0.0,0.0,0.0,0,0,0.0,0.0,0,0,0.0,0.0,0,0,0.0,3193.15,2,1,0.5,1
LGS2ORD0023291,C015302,2025-07-04 11:00:00,Male,20,Bronze,Web,Songkhla,1458,TV_Show,COD,11,7,4,0,<20,48.6,2.0,0.0,0.0,-1,5,7213.645,0.08,0.0,0.0,0.0,4683.46,1,0,0.0,4683.46,1,0,0.0,14427.29,2,0,0.0,14427.29,2,0,0.0,0
LGS2ORD0023292,C012321,2025-07-04 11:00:00,Female,44,Bronze,Web,Phuket,349,Web,Credit_Card,11,7,4,0,40-50,11.633333333333333,0.0,0.0,0.0,-1,-1,0.0,0.0,0.0,0.0,0.0,0.0,0,0,0.0,0.0,0,0,0.0,0.0,0,0,0.0,0.0,0,0,0.0,0
LGS2ORD0023293,C010320,2025-07-04 11:00:00,Female,49,Gold,Web,Bangkok,830,CallCenter,COD,11,7,4,0,40-50,27.666666666666668,5.0,1.0,0.2,38,50,3649.532,0.28,0.6,0.4,0.0,0.0,0,0,0.0,0.0,0,0,0.0,4676.5,2,1,0.5,18247.66,5,1,0.2,0
LGS2ORD0023294,C011913,2025-07-04 11:00:00,Female,46,Bronze,Web,Bangkok,1020,CallCenter,COD,11,7,4,0,40-50,34.0,4.0,0.0,0.0,-1,21,7408.022499999999,0.28,0.5,0.25,0.0,0.0,0,0,0.0,2170.6,1,0,0.0,3755.22,2,0,0.0,29632.089999999997,4,0,0.0,0
LGS2ORD0023295,C011276,2025-07-04 11:00:00,Male,38,Bronze,TV,Songkhla,1301,Web,COD,11,7,4,0,30-40,43.36666666666667,5.0,1.0,0.2,53,9,1976.3939999999998,0.28,0.6,0.6,0.0,0.0,0,0,0.0,3095.85,1,0,0.0,8422.08,4,1,0.25,9881.97,5,1,0.2,1
LGS2ORD0023296,C012375,2025-07-04 12:00:00,Female,29,Gold,Shopee,Bangkok,889,CallCenter,COD,12,7,4,0,20-30,29.633333333333333,1.0,0.0,0.0,-1,86,10207.39,0.13,0.0,0.0,0.0,0.0,0,0,0.0,0.0,0,0,0.0,10207.39,1,0,0.0,10207.39,1,0,0.0,0
LGS2ORD0023297,C010622,2025-07-04 12:00:00,Male,30,Gold,Lazada,Bangkok,760,Web,Credit_Card,12,7,4,0,20-30,25.333333333333332,1.0,1.0,1.0,9,22,2491.9,0.28,1.0,1.0,0.0,0.0,0,0,0.0,2491.9,1,1,1.0,2491.9,1,1,1.0,2491.9,1,1,1.0,0
LGS2ORD0023298,C011893,2025-07-04 12:00:00,Male,37,Silver,Lazada,Chonburi,952,CallCenter,Bank_Transfer,12,7,4,0,30-40,31.733333333333334,4.0,1.0,0.25,76,64,2436.37,0.3,1.0,0.75,0.0,0.0,0,0,0.0,0.0,0,0,0.0,7412.46,2,1,0.5,9745.48,4,1,0.25,0
LGS2ORD0023299,C012267,2025-07-04 12:00:00,Female,25,Gold,TV,Bangkok,804,TV_Show,Credit_Card,12,7,4,0,20-30,26.8,6.0,1.0,0.16666666666666666,58,7,4255.67,0.33,0.8333333333333334,0.6666666666666666,0.0,0.0,0,0,0.0,10966.56,2,0,0.0,18209.71,4,1,0.25,25534.02,6,1,0.16666666666666666,0
LGS2ORD0023300,C014834,2025-07-04 12:00:00,Male,46,Silver,Shopee,Nakhon Ratchasima,583,TV_Show,COD,12,7,4,0,40-50,19.433333333333334,3.0,0.0,0.0,-1,49,2458.9066666666663,0.05,0.3333333333333333,0.0,0.0,0.0,0,0,0.0,0.0,0,0,0.0,1200.56,1,0,0.0,7376.719999999999,3,0,0.0,0
LGS2ORD0023301,C013696,2025-07-04 12:00:00,Male,46,Bronze,TV,Chiang Mai,1515,Web,Bank_Transfer,12,7,4,0,40-50,50.5,3.0,0.0,0.0,-1,90,3614.223333333334,0.23,0.6666666666666666,0.3333333333333333,0.0,0.0,0,0,0.0,0.0,0,0,0.0,0.0,0,0,0.0,10842.670000000002,3,0,0.0,0
LGS2ORD0023302,C016002,2025-07-04 13:00:00,Female,35,Silver,Lazada,Nakhon Ratchasima,966,CallCenter,PromptPay,13,7,4,0,30-40,32.2,6.0,1.0,0.16666666666666666,123,52,8029.423333333335,0.3,0.5,0.3333333333333333,0.0,0.0,0,0,0.0,0.0,0,0,0.0,16277.49,2,0,0.0,48176.54000000001,6,1,0.16666666666666666,1
LGS2ORD0023303,C017568,2025-07-04 13:00:00,Other,61,Bronze,Shopee,Nakhon Ratchasima,399,TV_Show,COD,13,7,4,0,>50,13.3,2.0,0.0,0.0,-1,59,437.51,0.23,1.0,0.5,0.0,0.0,0,0,0.0,0.0,0,0,0.0,250.38,1,0,0.0,875.02,2,0,0.0,0
LGS2ORD0023304,C012517,2025-07-04 13:00:00,Female,38,Bronze,CallCenter,Nakhon Ratchasima,379,TV_Show,COD,13,7,4,0,30-40,12.633333333333333,1.0,0.0,0.0,-1,81,4601.95,0.23,0.0,1.0,0.0,0.0,0,0,0.0,0.0,0,0,0.0,4601.95,1,0,0.0,4601.95,1,0,0.0,1
LGS2ORD0023305,C012317,2025-07-04 13:00:00,Male,52,Silver,TV,Phuket,330,TV_Show,Credit_Card,13,7,4,0,>50,11.0,2.0,0.0,0.0,-1,134,4332.0199999999995,0.25,0.0,0.5,0.0,0.0,0,0,0.0,0.0,0,0,0.0,0.0,0,0,0.0,8664.039999999999,2,0,0.0,0
LGS2ORD0023306,C011945,2025-07-04 13:00:00,Female,44,Bronze,CallCenter,Bangkok,708,Shopee,COD,13,7,4,0,40-50,23.6,5.0,3.0,0.6,29,4,4769.9259999999995,0.23,0.6,0.4,0.0,8779.48,1,0,0.0,8779.48,1,0,0.0,22773.87,4,2,0.5,23849.629999999997,5,3,0.6,0
LGS2ORD0023307,C015560,2025-07-04 14:00:00,Female,28,Silver,Web,Phuket,525,Web,Credit_Card,14,7,4,0,20-30,17.5,5.0,2.0,0.4,0,2,9782.82,0.25,0.8,0.4,0.0,7788.1,1,0,0.0,17633.010000000002,2,1,0.5,28249.86,3,1,0.3333333333333333,48914.1,5,2,0.4,0
LGS2ORD0023308,C015759,2025-07-04 14:00:00,Female,25,Platinum,Web,Bangkok,1044,Web,COD,14,7,4,0,20-30,34.8,4.0,0.0,0.0,-1,98,4336.6275,0.3,0.25,0.5,0.0,0.0,0,0,0.0,0.0,0,0,0.0,0.0,0,0,0.0,17346.51,4,0,0.0,0
LGS2ORD0023309,C010391,2025-07-04 14:00:00,Female,39,Platinum,TV,Bangkok,239,Web,COD,14,7,4,0,30-40,7.966666666666667,2.0,0.0,0.0,-1,3,2413.48,0.3,0.0,1.0,0.0,540.09,1,0,0.0,540.09,1,0,0.0,540.09,1,0,0.0,4826.96,2,0,0.0,0
LGS2ORD0023310,C012920,2025-07-04 14:00:00,Male,32,Gold,CallCenter,Phuket,1164,Lazada,PromptPay,14,7,4,0,30-40,38.8,7.0,2.0,0.2857142857142857,10,20,5592.664285714285,0.33,0.42857142857142855,0.2857142857142857,0.0,0.0,0,0,0.0,3999.45,1,1,1.0,3999.45,1,1,1.0,39148.649999999994,7,2,0.2857142857142857,0
LGS2ORD0023311,C017892,2025-07-04 14:00:00,Female,58,Silver,Web,Nakhon Ratchasima,652,Shopee,Credit_Card,14,7,4,0,>50,21.733333333333334,1.0,0.0,0.0,-1,174,4641.57,0.05,1.0,0.0,0.0,0.0,0,0,0.0,0.0,0,0,0.0,0.0,0,0,0.0,4641.57,1,0,0.0,0
LGS2ORD0023312,C011626,2025-07-04 15:00:00,Male,36,Bronze,Web,Songkhla,1162,Web,PromptPay,15,7,4,0,30-40,38.733333333333334,1.0,1.0,1.0,54,67,4870.81,0.18,1.0,0.0,0.0,0.0,0,0,0.0,0.0,0,0,0.0,4870.81,1,1,1.0,4870.81,1,1,1.0,1
LGS2ORD0023313,C014766,2025-07-04 15:00:00,Female,55,Bronze,TV,Songkhla,1530,Web,Credit_Card,15,7,4,0,>50,51.0,3.0,0.0,0.0,-1,12,12126.960000000001,0.08,0.3333333333333333,0.0,0.0,0.0,0,0,0.0,23487.25,1,0,0.0,23487.25,1,0,0.0,36380.880000000005,3,0,0.0,1
LGS2ORD0023314,C010806,2025-07-04 15:00:00,Female,45,Platinum,Shopee,Phuket,736,Lazada,COD,15,7,4,0,40-50,24.533333333333335,3.0,2.0,0.6666666666666666,81,87,5854.173333333333,0.35,0.6666666666666666,0.6666666666666666,0.0,0.0,0,0,0.0,0.0,0,0,0.0,2956.9,1,1,1.0,17562.52,3,2,0.6666666666666666,0
LGS2ORD0023315,C011151,2025-07-04 15:00:00,Male,22,Gold,Web,Bangkok,1167,Shopee,COD,15,7,4,0,20-30,38.9,1.0,0.0,0.0,-1,85,188.29,0.08,0.0,0.0,0.0,0.0,0,0,0.0,0.0,0,0,0.0,188.29,1,0,0.0,188.29,1,0,0.0,1
LGS2ORD0023316,C016291,2025-07-04 15:00:00,Female,42,Bronze,TV,Bangkok,541,Shopee,COD,15,7,4,0,40-50,18.033333333333335,2.0,1.0,0.5,47,38,3993.35,0.08,1.0,0.0,0.0,0.0,0,0,0.0,0.0,0,0,0.0,7986.7,2,1,0.5,7986.7,2,1,0.5,1
LGS2ORD0023317,C015833,2025-07-04 16:00:00,Female,41,Gold,Shopee,Bangkok,1436,Web,COD,16,7,4,0,40-50,47.86666666666667,5.0,2.0,0.4,63,32,3255.138,0.33,0.4,0.4,0.0,0.0,0,0,0.0,0.0,0,0,0.0,13714.55,3,2,0.6666666666666666,16275.689999999999,5,2,0.4,1
LGS2ORD0023318,C011858,2025-07-04 16:00:00,Female,42,Bronze,Web,Remote_Area,645,Lazada,COD,16,7,4,0,40-50,21.5,4.0,2.0,0.5,13,16,5136.105,0.23,0.5,0.5,0.0,0.0,0,0,0.0,11545.34,1,1,1.0,11545.34,1,1,1.0,20544.42,4,2,0.5,0
LGS2ORD0023319,C010356,2025-07-04 16:00:00,Male,39,Silver,Shopee,Bangkok,525,TV_Show,PromptPay,16,7,4,0,30-40,17.5,5.0,0.0,0.0,-1,29,8631.932,0.25,0.8,0.2,0.0,0.0,0,0,0.0,10041.58,1,0,0.0,40454.68,4,0,0.0,43159.66,5,0,0.0,0
LGS2ORD0023320,C016854,2025-07-04 16:00:00,Female,41,Silver,TV,Khon Kaen,211,Web,Credit_Card,16,7,4,0,40-50,7.033333333333333,2.0,1.0,0.5,26,32,13999.115000000002,0.25,1.0,0.5,0.0,0.0,0,0,0.0,0.0,0,0,0.0,27998.230000000003,2,1,0.5,27998.230000000003,2,1,0.5,0
LGS2ORD0023321,C012723,2025-07-04 16:00:00,Male,20,Silver,Lazada,Chiang Mai,1184,Web,PromptPay,16,7,4,0,<20,39.46666666666667,2.0,0.0,0.0,-1,120,8122.155000000001,0.2,0.5,0.0,0.0,0.0,0,0,0.0,0.0,0,0,0.0,0.0,0,0,0.0,16244.310000000001,2,0,0.0,0
LGS2ORD0023322,C013737,2025-07-04 16:00:00,Male,39,Bronze,Web,Chonburi,1019,Web,COD,16,7,4,0,30-40,33.96666666666667,3.0,2.0,0.6666666666666666,106,48,3032.34,0.28,0.6666666666666666,0.3333333333333333,0.0,0.0,0,0,0.0,0.0,0,0,0.0,7497.15,1,0,0.0,9097.02,3,2,0.6666666666666666,0
LGS2ORD0023323,C014070,2025-07-04 17:00:00,Male,42,Bronze,CallCenter,Nakhon Ratchasima,792,TV_Show,COD,17,7,4,0,40-50,26.4,7.0,1.0,0.14285714285714285,156,2,3199.3514285714286,0.23,0.5714285714285714,0.42857142857142855,0.0,811.75,1,0,0.0,811.75,1,0,0.0,18319.57,4,0,0.0,22395.46,7,1,0.14285714285714285,0
LGS2ORD0023324,C014588,2025-07-04 17:00:00,Female,29,Silver,Web,Chonburi,1493,Lazada,Credit_Card,17,7,4,0,20-30,49.766666666666666,6.0,1.0,0.16666666666666666,148,50,7169.836666666666,0.3,0.5,0.3333333333333333,0.16666666666666666,0.0,0,0,0.0,0.0,0,0,0.0,1960.95,1,0,0.0,43019.02,6,1,0.16666666666666666,0
LGS2ORD0023325,C012712,2025-07-04 17:00:00,Female,47,Bronze,TV,Songkhla,769,Web,COD,17,7,4,0,40-50,25.633333333333333,6.0,1.0,0.16666666666666666,164,37,3854.9716666666664,0.23,0.3333333333333333,0.16666666666666666,0.0,0.0,0,0,0.0,0.0,0,0,0.0,426.16,1,0,0.0,23129.829999999998,6,1,0.16666666666666666,0
LGS2ORD0023326,C015691,2025-07-04 17:00:00,Female,46,Gold,Shopee,Chonburi,561,Shopee,COD,17,7,4,0,40-50,18.7,1.0,0.0,0.0,-1,136,6782.16,0.18,0.0,0.0,0.0,0.0,0,0,0.0,0.0,0,0,0.0,0.0,0,0,0.0,6782.16,1,0,0.0,1
LGS2ORD0023327,C011943,2025-07-04 17:00:00,Female,50,Silver,Web,Remote_Area,761,CallCenter,COD,17,7,4,0,40-50,25.366666666666667,4.0,2.0,0.5,7,17,5942.2825,0.15,0.75,0.0,0.0,0.0,0,0,0.0,10383.61,1,1,1.0,23151.54,2,2,1.0,23769.13,4,2,0.5,1
LGS2ORD0023328,C010825,2025-07-04 18:00:00,Female,31,Silver,Shopee,Bangkok,1293,Shopee,Bank_Transfer,18,7,4,0,30-40,43.1,3.0,0.0,0.0,-1,142,3262.9966666666664,0.2,0.3333333333333333,0.0,0.0,0.0,0,0,0.0,0.0,0,0,0.0,0.0,0,0,0.0,9788.99,3,0,0.0,0
LGS2ORD0023329,C014672,2025-07-04 18:00:00,Female,39,Bronze,Shopee,Chiang Mai,1610,TV_Show,COD,18,7,4,0,30-40,53.666666666666664,8.0,2.0,0.25,74,36,9250.3375,0.18,0.625,0.0,0.125,0.0,0,0,0.0,0.0,0,0,0.0,58846.5,5,1,0.2,74002.7,8,2,0.25,0
LGS2ORD0023330,C011753,2025-07-04 18:00:00,Female,40,Bronze,TV,Chiang Mai,1533,TV_Show,Bank_Transfer,18,7,4,0,30-40,51.1,5.0,2.0,0.4,36,44,5824.02,0.28,0.4,0.2,0.0,0.0,0,0,0.0,0.0,0,0,0.0,12205.779999999999,3,1,0.3333333333333333,29120.100000000002,5,2,0.4,0
LGS2ORD0023331,C010225,2025-07-04 18:00:00,Female,70,Bronze,Shopee,Songkhla,1462,CallCenter,PromptPay,18,7,4,0,>50,48.733333333333334,2.0,1.0,0.5,148,97,2256.64,0.28,0.5,0.5,0.0,0.0,0,0,0.0,0.0,0,0,0.0,0.0,0,0,0.0,4513.28,2,1,0.5,1
LGS2ORD0023332,C017697,2025-07-04 18:00:00,Male,31,Silver,Shopee,Bangkok,1399,Web,Bank_Transfer,18,7,4,0,30-40,46.63333333333333,2.0,1.0,0.5,22,2,7699.56,0.15,1.0,0.0,0.0,8240.02,1,0,0.0,8240.02,1,0,0.0,15399.12,2,1,0.5,15399.12,2,1,0.5,0
LGS2ORD0023333,C016821,2025-07-04 19:00:00,Other,57,Bronze,Shopee,Chonburi,686,Lazada,COD,19,7,4,0,>50,22.866666666666667,3.0,0.0,0.0,-1,23,9988.589999999998,0.18,0.3333333333333333,0.0,0.0,0.0,0,0,0.0,8903.68,1,0,0.0,29965.769999999997,3,0,0.0,29965.769999999997,3,0,0.0,0
LGS2ORD0023334,C013039,2025-07-04 19:00:00,Female,61,Bronze,Web,Bangkok,1084,CallCenter,Credit_Card,19,7,4,0,>50,36.13333333333333,1.0,0.0,0.0,-1,156,18092.25,0.03,1.0,0.0,0.0,0.0,0,0,0.0,0.0,0,0,0.0,0.0,0,0,0.0,18092.25,1,0,0.0,1
LGS2ORD0023335,C014676,2025-07-04 19:00:00,Female,43,Bronze,TV,Nakhon Ratchasima,542,TV_Show,COD,19,7,4,0,40-50,18.066666666666666,4.0,1.0,0.25,167,70,3996.2425000000003,0.23,0.5,0.25,0.0,0.0,0,0,0.0,0.0,0,0,0.0,6846.45,1,0,0.0,15984.970000000001,4,1,0.25,0
LGS2ORD0023336,C016915,2025-07-04 19:00:00,Female,57,Bronze,TV,Chonburi,351,Shopee,COD,19,7,4,0,>50,11.7,6.0,0.0,0.0,-1,34,4118.496666666667,0.28,0.3333333333333333,0.16666666666666666,0.0,0.0,0,0,0.0,0.0,0,0,0.0,16324.23,2,0,0.0,24710.98,6,0,0.0,0
LGS2ORD0023337,C012566,2025-07-04 19:00:00,Female,34,Gold,Web,Bangkok,281,Web,PromptPay,19,7,4,0,30-40,9.366666666666667,2.0,1.0,0.5,52,60,5269.415,0.28,0.0,0.5,0.0,0.0,0,0,0.0,0.0,0,0,0.0,10538.83,2,1,0.5,10538.83,2,1,0.5,0
LGS2ORD0023338,C010603,2025-07-04 20:00:00,Female,38,Bronze,CallCenter,Bangkok,1096,Web,COD,20,7,4,0,30-40,36.53333333333333,5.0,1.0,0.2,139,66,4088.9839999999995,0.23,0.6,0.4,0.0,0.0,0,0,0.0,0.0,0,0,0.0,1291.86,1,0,0.0,20444.92,5,1,0.2,1
LGS2ORD0023339,C011136,2025-07-04 20:00:00,Other,64,Silver,Shopee,Nakhon Ratchasima,1589,Shopee,COD,20,7,4,0,>50,52.96666666666667,7.0,3.0,0.42857142857142855,132,16,2398.3457142857146,0.25,0.8571428571428571,0.14285714285714285,0.0,0.0,0,0,0.0,1277.1,1,0,0.0,1277.1,1,0,0.0,16788.420000000002,7,3,0.42857142857142855,1
LGS2ORD0023340,C017977,2025-07-04 20:00:00,Female,56,Bronze,Shopee,Bangkok,541,TV_Show,Credit_Card,20,7,4,0,>50,18.033333333333335,3.0,1.0,0.3333333333333333,64,21,3488.383333333333,0.28,0.6666666666666666,0.3333333333333333,0.0,0.0,0,0,0.0,8486.58,2,0,0.0,10465.15,3,1,0.3333333333333333,10465.15,3,1,0.3333333333333333,0
LGS2ORD0023341,C010450,2025-07-04 20:00:00,Male,32,Silver,TV,Khon Kaen,571,Web,COD,20,7,4,0,30-40,19.033333333333335,1.0,0.0,0.0,-1,151,3926.19,0.05,1.0,0.0,0.0,0.0,0,0,0.0,0.0,0,0,0.0,0.0,0,0,0.0,3926.19,1,0,0.0,0
LGS2ORD0023342,C011734,2025-07-04 20:00:00,Female,52,Bronze,Web,Songkhla,1391,Shopee,Credit_Card,20,7,4,0,>50,46.36666666666667,5.0,1.0,0.2,104,16,3111.8480000000004,0.23,0.6,0.4,0.0,0.0,0,0,0.0,524.0,1,0,0.0,6181.66,4,0,0.0,15559.240000000002,5,1,0.2,0
LGS2ORD0023343,C014499,2025-07-04 20:00:00,Male,25,Silver,Shopee,Khon Kaen,537,TV_Show,COD,20,7,4,0,20-30,17.9,3.0,0.0,0.0,-1,3,2141.43,0.2,0.0,0.0,0.0,3105.37,1,0,0.0,3105.37,1,0,0.0,6424.29,3,0,0.0,6424.29,3,0,0.0,0
LGS2ORD0023344,C011844,2025-07-04 21:00:00,Female,41,Silver,TV,Bangkok,990,TV_Show,COD,21,7,4,0,40-50,33.0,2.0,0.0,0.0,-1,16,1268.1100000000001,0.25,0.0,0.5,0.0,0.0,0,0,0.0,1259.8,1,0,0.0,2536.2200000000003,2,0,0.0,2536.2200000000003,2,0,0.0,0
LGS2ORD0023345,C010471,2025-07-04 21:00:00,Female,56,Gold,TV,Nakhon Ratchasima,932,CallCenter,COD,21,7,4,0,>50,31.066666666666666,3.0,1.0,0.3333333333333333,135,44,5061.92,0.2299999999999999,0.6666666666666666,0.6666666666666666,0.0,0.0,0,0,0.0,0.0,0,0,0.0,14255.35,2,0,0.0,15185.76,3,1,0.3333333333333333,0
LGS2ORD0023346,C015244,2025-07-04 21:00:00,Female,43,Bronze,CallCenter,Chonburi,742,Shopee,COD,21,7,4,0,40-50,24.733333333333334,3.0,2.0,0.6666666666666666,152,62,4518.256666666667,0.23,0.3333333333333333,0.3333333333333333,0.0,0.0,0,0,0.0,0.0,0,0,0.0,9206.26,1,0,0.0,13554.77,3,2,0.6666666666666666,1
LGS2ORD0023347,C016166,2025-07-04 21:00:00,Male,32,Bronze,Lazada,Chiang Mai,1071,Web,COD,21,7,4,0,30-40,35.7,5.0,0.0,0.0,-1,94,2094.1620000000003,0.23,0.2,0.2,0.0,0.0,0,0,0.0,0.0,0,0,0.0,0.0,0,0,0.0,10470.810000000001,5,0,0.0,0
LGS2ORD0023348,C013919,2025-07-04 21:00:00,Female,33,Silver,Shopee,Khon Kaen,1307,CallCenter,COD,21,7,4,0,30-40,43.56666666666667,2.0,0.0,0.0,-1,147,2475.79,0.25,0.5,0.5,0.0,0.0,0,0,0.0,0.0,0,0,0.0,0.0,0,0,0.0,4951.58,2,0,0.0,1
LGS2ORD0023349,C015989,2025-07-04 22:00:00,Female,42,Bronze,Shopee,Chonburi,720,Shopee,COD,22,7,4,0,40-50,24.0,2.0,0.0,0.0,-1,112,1619.645,0.28,0.5,0.5,0.0,0.0,0,0,0.0,0.0,0,0,0.0,0.0,0,0,0.0,3239.29,2,0,0.0,1
LGS2ORD0023350,C011373,2025-07-04 22:00:00,Female,53,Silver,CallCenter,Chiang Mai,223,Shopee,Bank_Transfer,22,7,4,0,>50,7.433333333333334,1.0,0.0,0.0,-1,0,1480.57,0.25,0.0,1.0,0.0,1480.57,1,0,0.0,1480.57,1,0,0.0,1480.57,1,0,0.0,1480.57,1,0,0.0,0
LGS2ORD0023351,C013258,2025-07-04 22:00:00,Female,37,Bronze,Lazada,Chonburi,1269,Web,COD,22,7,4,0,30-40,42.3,6.0,1.0,0.16666666666666666,155,40,9038.904999999999,0.28,0.8333333333333334,0.3333333333333333,0.0,0.0,0,0,0.0,0.0,0,0,0.0,23954.4,3,0,0.0,54233.42999999999,6,1,0.16666666666666666,0
LGS2ORD0023352,C013879,2025-07-04 22:00:00,Female,43,Bronze,TV,Chiang Mai,1154,TV_Show,PromptPay,22,7,4,0,40-50,38.46666666666667,3.0,3.0,1.0,67,84,6765.286666666667,0.18,0.3333333333333333,0.0,0.0,0.0,0,0,0.0,0.0,0,0,0.0,6635.36,2,2,1.0,20295.86,3,3,1.0,0
LGS2ORD0023353,C012467,2025-07-04 22:00:00,Male,20,Gold,TV,Khon Kaen,892,Shopee,PromptPay,22,7,4,0,<20,29.733333333333334,0.0,0.0,0.0,-1,-1,0.0,0.0,0.0,0.0,0.0,0.0,0,0,0.0,0.0,0,0,0.0,0.0,0,0,0.0,0.0,0,0,0.0,0
LGS2ORD0023354,C012283,2025-07-04 23:00:00,Female,45,Bronze,TV,Bangkok,334,Web,COD,23,7,4,0,40-50,11.133333333333333,4.0,0.0,0.0,-1,80,3142.16,0.28,0.75,0.25,0.0,0.0,0,0,0.0,0.0,0,0,0.0,568.72,1,0,0.0,12568.64,4,0,0.0,1
LGS2ORD0023355,C014362,2025-07-04 23:00:00,Male,48,Gold,TV,Songkhla,808,Lazada,PromptPay,23,7,4,0,40-50,26.933333333333334,3.0,1.0,0.3333333333333333,163,27,4100.13,0.28,0.3333333333333333,0.3333333333333333,0.0,0.0,0,0,0.0,2836.19,1,0,0.0,9876.86,2,0,0.0,12300.390000000001,3,1,0.3333333333333333,0
LGS2ORD0023356,C012506,2025-07-04 23:00:00,Female,54,Bronze,CallCenter,Bangkok,738,Shopee,COD,23,7,4,0,>50,24.6,7.0,2.0,0.2857142857142857,76,56,3522.6142857142854,0.28,0.5714285714285714,0.42857142857142855,0.0,0.0,0,0,0.0,0.0,0,0,0.0,1565.71,2,1,0.5,24658.3,7,2,0.2857142857142857,0
LGS2ORD0023357,C017577,2025-07-04 23:00:00,Female,54,Bronze,Web,Remote_Area,565,TV_Show,PromptPay,23,7,4,0,>50,18.833333333333332,3.0,2.0,0.6666666666666666,-2,11,8605.85,0.23,0.3333333333333333,0.3333333333333333,0.0,0.0,0,0,0.0,8800.04,1,1,1.0,21479.33,2,1,0.5,25817.550000000003,3,2,0.6666666666666666,0
LGS2ORD0023358,C012560,2025-07-04 23:00:00,Female,37,Silver,Web,Phuket,454,Lazada,Bank_Transfer,23,7,4,0,30-40,15.133333333333333,5.0,2.0,0.4,27,40,9864.972,0.2,1.0,0.0,0.0,0.0,0,0,0.0,0.0,0,0,0.0,37593.51,2,1,0.5,49324.86,5,2,0.4,0
LGS2ORD0023359,C011355,2025-07-05 00:00:00,Male,49,Bronze,TV,Bangkok,885,CallCenter,Credit_Card,0,7,5,1,40-50,29.5,1.0,0.0,0.0,-1,20,1452.77,0.03,1.0,0.0,0.0,0.0,0,0,0.0,1452.77,1,0,0.0,1452.77,1,0,0.0,1452.77,1,0,0.0,0
LGS2ORD0023360,C010105,2025-07-05 00:00:00,Female,43,Gold,Lazada,Bangkok,1434,CallCenter,Credit_Card,0,7,5,1,40-50,47.8,4.0,1.0,0.25,141,15,13602.847500000002,0.28,0.75,0.75,0.0,0.0,0,0,0.0,9721.54,1,0,0.0,9721.54,1,0,0.0,54411.39000000001,4,1,0.25,0
LGS2ORD0023361,C014313,2025-07-05 00:00:00,Female,49,Bronze,Shopee,Chiang Mai,266,Lazada,COD,0,7,5,1,40-50,8.866666666666667,4.0,1.0,0.25,77,84,7616.985000000001,0.23,0.5,0.25,0.0,0.0,0,0,0.0,0.0,0,0,0.0,856.34,1,1,1.0,30467.940000000002,4,1,0.25,0
LGS2ORD0023362,C014664,2025-07-05 00:00:00,Female,55,Silver,TV,Khon Kaen,740,Web,COD,0,7,5,1,>50,24.666666666666668,4.0,0.0,0.0,-1,5,5845.969999999999,0.2,0.75,0.0,0.0,1394.96,1,0,0.0,1394.96,1,0,0.0,2469.7799999999997,2,0,0.0,23383.879999999997,4,0,0.0,0
LGS2ORD0023363,C010780,2025-07-05 00:00:00,Male,40,Bronze,Web,Chiang Mai,778,Lazada,COD,0,7,5,1,30-40,25.933333333333334,2.0,1.0,0.5,147,16,5407.775000000001,0.08,0.5,0.0,0.0,0.0,0,0,0.0,1162.68,1,0,0.0,1162.68,1,0,0.0,10815.550000000001,2,1,0.5,1
LGS2ORD0023364,C010620,2025-07-05 00:00:00,Female,55,Silver,Web,Songkhla,816,Web,Credit_Card,0,7,5,1,>50,27.2,3.0,0.0,0.0,-1,42,5998.05,0.15,0.3333333333333333,0.0,0.0,0.0,0,0,0.0,0.0,0,0,0.0,15818.81,2,0,0.0,17994.15,3,0,0.0,1
LGS2ORD0023365,C013760,2025-07-05 01:00:00,Male,27,Bronze,Lazada,Khon Kaen,797,CallCenter,Credit_Card,1,7,5,1,20-30,26.566666666666666,6.0,2.0,0.3333333333333333,59,70,4158.599999999999,0.23,0.5,0.16666666666666666,0.0,0.0,0,0,0.0,0.0,0,0,0.0,9490.59,3,1,0.3333333333333333,24951.6,6,2,0.3333333333333333,0
LGS2ORD0023366,C017097,2025-07-05 01:00:00,Male,42,Silver,Shopee,Chiang Mai,421,Web,COD,1,7,5,1,40-50,14.033333333333333,7.0,1.0,0.14285714285714285,175,4,2765.5285714285715,0.3,0.7142857142857143,0.42857142857142855,0.14285714285714285,3799.35,1,0,0.0,3799.35,1,0,0.0,6554.6,3,0,0.0,19358.7,7,1,0.14285714285714285,0
LGS2ORD0023367,C014469,2025-07-05 01:00:00,Female,18,Gold,TV,Chiang Mai,205,Shopee,Credit_Card,1,7,5,1,<20,6.833333333333333,2.0,1.0,0.5,159,11,8292.265,0.28,1.0,0.5,0.0,0.0,0,0,0.0,15208.76,1,0,0.0,15208.76,1,0,0.0,16584.53,2,1,0.5,0
LGS2ORD0023368,C014390,2025-07-05 01:00:00,Male,39,Bronze,Lazada,Bangkok,619,Shopee,Credit_Card,1,7,5,1,30-40,20.633333333333333,2.0,2.0,1.0,89,101,6843.575,0.23,1.0,0.5,0.0,0.0,0,0,0.0,0.0,0,0,0.0,0.0,0,0,0.0,13687.15,2,2,1.0,0
LGS2ORD0023369,C010026,2025-07-05 01:00:00,Female,51,Bronze,Web,Bangkok,712,Web,Credit_Card,1,7,5,1,>50,23.733333333333334,5.0,2.0,0.4,98,7,6747.144,0.28,0.6,0.2,0.0,0.0,0,0,0.0,30067.370000000003,3,0,0.0,30067.370000000003,3,0,0.0,33735.72,5,2,0.4,0
LGS2ORD0023370,C013352,2025-07-05 02:00:00,Male,40,Bronze,Shopee,Phuket,1356,Shopee,Bank_Transfer,2,7,5,1,30-40,45.2,2.0,0.0,0.0,-1,11,12316.135,0.23,0.0,0.5,0.0,0.0,0,0,0.0,14465.86,1,0,0.0,14465.86,1,0,0.0,24632.27,2,0,0.0,0
LGS2ORD0023371,C016488,2025-07-05 02:00:00,Female,54,Bronze,TV,Songkhla,1074,Lazada,COD,2,7,5,1,>50,35.8,1.0,1.0,1.0,69,76,1493.55,0.23,1.0,1.0,0.0,0.0,0,0,0.0,0.0,0,0,0.0,1493.55,1,1,1.0,1493.55,1,1,1.0,0
LGS2ORD0023372,C010643,2025-07-05 02:00:00,Male,46,Bronze,TV,Bangkok,1344,Web,PromptPay,2,7,5,1,40-50,44.8,1.0,0.0,0.0,-1,156,1987.64,0.08,1.0,0.0,0.0,0.0,0,0,0.0,0.0,0,0,0.0,0.0,0,0,0.0,1987.64,1,0,0.0,0
LGS2ORD0023373,C017835,2025-07-05 02:00:00,Male,44,Platinum,TV,Songkhla,1426,Shopee,COD,2,7,5,1,40-50,47.53333333333333,1.0,0.0,0.0,-1,11,785.46,0.15,0.0,0.0,0.0,0.0,0,0,0.0,785.46,1,0,0.0,785.46,1,0,0.0,785.46,1,0,0.0,1
LGS2ORD0023374,C010129,2025-07-05 02:00:00,Male,21,Bronze,TV,Remote_Area,1325,CallCenter,Bank_Transfer,2,7,5,1,20-30,44.166666666666664,3.0,1.0,0.3333333333333333,85,95,5732.23,0.18,1.0,0.0,0.0,0.0,0,0,0.0,0.0,0,0,0.0,0.0,0,0,0.0,17196.69,3,1,0.3333333333333333,0
LGS2ORD0023375,C013214,2025-07-05 03:00:00,Male,41,Platinum,Web,Songkhla,1362,CallCenter,Bank_Transfer,3,7,5,1,40-50,45.4,3.0,1.0,0.3333333333333333,15,21,9212.583333333334,0.3,0.6666666666666666,0.3333333333333333,0.0,0.0,0,0,0.0,22206.61,1,1,1.0,26309.02,2,1,0.5,27637.75,3,1,0.3333333333333333,0
LGS2ORD0023376,C014788,2025-07-05 03:00:00,Female,35,Silver,Web,Chiang Mai,831,Lazada,PromptPay,3,7,5,1,30-40,27.7,2.0,1.0,0.5,118,73,4369.96,0.2,0.5,0.0,0.0,0.0,0,0,0.0,0.0,0,0,0.0,6975.63,1,0,0.0,8739.92,2,1,0.5,0
LGS2ORD0023377,C010266,2025-07-05 03:00:00,Male,64,Bronze,TV,Songkhla,557,TV_Show,COD,3,7,5,1,>50,18.566666666666666,3.0,1.0,0.3333333333333333,76,79,4771.2266666666665,0.28,0.3333333333333333,0.3333333333333333,0.0,0.0,0,0,0.0,0.0,0,0,0.0,10797.02,2,1,0.5,14313.68,3,1,0.3333333333333333,0
LGS2ORD0023378,C013018,2025-07-05 03:00:00,Male,47,Bronze,TV,Chiang Mai,547,Shopee,Credit_Card,3,7,5,1,40-50,18.233333333333334,5.0,1.0,0.2,14,11,6930.697999999999,0.18,0.2,0.0,0.0,0.0,0,0,0.0,12684.83,3,1,0.3333333333333333,34653.49,5,1,0.2,34653.49,5,1,0.2,0
LGS2ORD0023379,C012432,2025-07-05 03:00:00,Female,45,Bronze,TV,Bangkok,559,TV_Show,COD,3,7,5,1,40-50,18.633333333333333,4.0,1.0,0.25,13,4,13740.974999999999,0.23,0.25,0.25,0.0,34196.14,1,0,0.0,52623.509999999995,2,1,0.5,53310.78,3,1,0.3333333333333333,54963.899999999994,4,1,0.25,0
LGS2ORD0023380,C015097,2025-07-05 04:00:00,Male,46,Silver,Web,Bangkok,511,Shopee,COD,4,7,5,1,40-50,17.033333333333335,4.0,2.0,0.5,9,12,12097.880000000001,0.25,0.5,0.5,0.0,0.0,0,0,0.0,10838.85,2,1,0.5,10838.85,2,1,0.5,48391.520000000004,4,2,0.5,0
LGS2ORD0023381,C014894,2025-07-05 04:00:00,Male,47,Silver,TV,Chonburi,862,Shopee,COD,4,7,5,1,40-50,28.733333333333334,4.0,1.0,0.25,51,64,8693.605,0.25,0.5,0.5,0.0,0.0,0,0,0.0,0.0,0,0,0.0,15085.9,1,1,1.0,34774.42,4,1,0.25,0
LGS2ORD0023382,C012966,2025-07-05 04:00:00,Male,52,Platinum,Lazada,Bangkok,1218,Shopee,COD,4,7,5,1,>50,40.6,0.0,0.0,0.0,-1,-1,0.0,0.0,0.0,0.0,0.0,0.0,0,0,0.0,0.0,0,0,0.0,0.0,0,0,0.0,0.0,0,0,0.0,1
LGS2ORD0023383,C011028,2025-07-05 04:00:00,Female,35,Platinum,Shopee,Bangkok,775,TV_Show,Credit_Card,4,7,5,1,30-40,25.833333333333332,2.0,0.0,0.0,-1,10,1008.01,0.3,0.5,0.5,0.0,0.0,0,0,0.0,1371.78,1,0,0.0,1371.78,1,0,0.0,2016.02,2,0,0.0,1
LGS2ORD0023384,C012483,2025-07-05 04:00:00,Male,36,Silver,TV,Khon Kaen,1635,TV_Show,Credit_Card,4,7,5,1,30-40,54.5,6.0,3.0,0.5,59,76,1983.7399999999998,0.25,0.5,0.3333333333333333,0.0,0.0,0,0,0.0,0.0,0,0,0.0,6063.51,2,2,1.0,11902.439999999999,6,3,0.5,0
LGS2ORD0023385,C013355,2025-07-05 04:00:00,Female,41,Silver,Web,Phuket,1222,TV_Show,COD,4,7,5,1,40-50,40.733333333333334,1.0,1.0,1.0,82,91,4315.07,0.25,1.0,1.0,0.0,0.0,0,0,0.0,0.0,0,0,0.0,0.0,0,0,0.0,4315.07,1,1,1.0,1
LGS2ORD0023386,C012970,2025-07-05 05:00:00,Female,31,Platinum,Shopee,Chiang Mai,947,Web,COD,5,7,5,1,30-40,31.566666666666666,1.0,1.0,1.0,161,176,4208.1,0.1,1.0,0.0,0.0,0.0,0,0,0.0,0.0,0,0,0.0,0.0,0,0,0.0,4208.1,1,1,1.0,1
LGS2ORD0023387,C012427,2025-07-05 05:00:00,Female,57,Bronze,Shopee,Songkhla,199,Web,Bank_Transfer,5,7,5,1,>50,6.633333333333334,2.0,0.0,0.0,-1,129,4469.115,0.28,0.0,1.0,0.0,0.0,0,0,0.0,0.0,0,0,0.0,0.0,0,0,0.0,8938.23,2,0,0.0,0
LGS2ORD0023388,C015940,2025-07-05 05:00:00,Female,32,Bronze,Shopee,Songkhla,1199,TV_Show,COD,5,7,5,1,30-40,39.96666666666667,2.0,0.0,0.0,-1,25,3217.37,0.08,0.0,0.0,0.0,0.0,0,0,0.0,5725.48,1,0,0.0,5725.48,1,0,0.0,6434.74,2,0,0.0,1
LGS2ORD0023389,C015487,2025-07-05 05:00:00,Male,54,Bronze,Web,Chonburi,857,TV_Show,Credit_Card,5,7,5,1,>50,28.566666666666666,1.0,1.0,1.0,15,19,2549.38,0.13,1.0,0.0,0.0,0.0,0,0,0.0,2549.38,1,1,1.0,2549.38,1,1,1.0,2549.38,1,1,1.0,0
LGS2ORD0023390,C013993,2025-07-05 05:00:00,Male,21,Bronze,CallCenter,Khon Kaen,1426,Shopee,COD,5,7,5,1,20-30,47.53333333333333,3.0,1.0,0.3333333333333333,157,14,8006.856666666667,0.28,0.3333333333333333,0.3333333333333333,0.0,0.0,0,0,0.0,2859.05,1,0,0.0,19062.11,2,0,0.0,24020.57,3,1,0.3333333333333333,0
LGS2ORD0023391,C016106,2025-07-05 06:00:00,Male,27,Bronze,CallCenter,Remote_Area,625,TV_Show,COD,6,7,5,1,20-30,20.833333333333332,1.0,0.0,0.0,-1,100,2525.86,0.28,0.0,1.0,0.0,0.0,0,0,0.0,0.0,0,0,0.0,0.0,0,0,0.0,2525.86,1,0,0.0,0
LGS2ORD0023392,C014972,2025-07-05 06:00:00,Male,30,Bronze,CallCenter,Nakhon Ratchasima,1463,TV_Show,COD,6,7,5,1,20-30,48.766666666666666,4.0,0.0,0.0,-1,70,19495.43,0.28,0.0,0.5,0.0,0.0,0,0,0.0,0.0,0,0,0.0,19656.01,1,0,0.0,77981.72,4,0,0.0,0
LGS2ORD0023393,C010588,2025-07-05 06:00:00,Male,40,Bronze,Shopee,Remote_Area,1282,Shopee,Credit_Card,6,7,5,1,30-40,42.733333333333334,4.0,0.0,0.0,-1,58,2564.375,0.28,0.25,0.75,0.0,0.0,0,0,0.0,0.0,0,0,0.0,1817.8,1,0,0.0,10257.5,4,0,0.0,0
LGS2ORD0023394,C016149,2025-07-05 06:00:00,Other,61,Gold,TV,Bangkok,769,Web,Credit_Card,6,7,5,1,>50,25.633333333333333,1.0,0.0,0.0,-1,28,2575.83,0.33,0.0,1.0,0.0,0.0,0,0,0.0,2575.83,1,0,0.0,2575.83,1,0,0.0,2575.83,1,0,0.0,0
LGS2ORD0023395,C014081,2025-07-05 06:00:00,Male,39,Gold,Web,Songkhla,1642,Lazada,COD,6,7,5,1,30-40,54.733333333333334,2.0,0.0,0.0,-1,5,2699.38,0.08,0.0,0.0,0.0,516.66,1,0,0.0,5398.76,2,0,0.0,5398.76,2,0,0.0,5398.76,2,0,0.0,0
LGS2ORD0023396,C017544,2025-07-05 07:00:00,Female,51,Bronze,CallCenter,Bangkok,860,TV_Show,COD,7,7,5,1,>50,28.666666666666668,7.0,2.0,0.2857142857142857,7,16,7405.145714285713,0.23,0.2857142857142857,0.42857142857142855,0.0,0.0,0,0,0.0,1709.18,1,1,1.0,8017.85,3,1,0.3333333333333333,51836.02,7,2,0.2857142857142857,1
LGS2ORD0023397,C013247,2025-07-05 07:00:00,Female,37,Silver,TV,Remote_Area,724,Web,PromptPay,7,7,5,1,30-40,24.133333333333333,3.0,1.0,0.3333333333333333,23,6,8394.710000000001,0.15,0.6666666666666666,0.0,0.0,1632.88,1,0,0.0,1632.88,1,0,0.0,19872.5,2,1,0.5,25184.13,3,1,0.3333333333333333,0
LGS2ORD0023398,C012054,2025-07-05 07:00:00,Female,36,Bronze,Web,Remote_Area,330,TV_Show,COD,7,7,5,1,30-40,11.0,2.0,0.0,0.0,-1,29,6593.485,0.23,1.0,0.5,0.0,0.0,0,0,0.0,13186.97,2,0,0.0,13186.97,2,0,0.0,13186.97,2,0,0.0,0
LGS2ORD0023399,C012935,2025-07-05 07:00:00,Female,33,Bronze,TV,Bangkok,1263,Shopee,Bank_Transfer,7,7,5,1,30-40,42.1,4.0,1.0,0.25,49,59,8633.92,0.18,0.5,0.0,0.0,0.0,0,0,0.0,0.0,0,0,0.0,9465.779999999999,2,1,0.5,34535.68,4,1,0.25,0
LGS2ORD0023400,C012648,2025-07-05 07:00:00,Male,47,Silver,TV,Khon Kaen,522,Lazada,COD,7,7,5,1,40-50,17.4,4.0,1.0,0.25,137,9,3492.3025000000002,0.25,0.5,0.25,0.0,0.0,0,0,0.0,776.33,1,0,0.0,776.33,1,0,0.0,13969.210000000001,4,1,0.25,0
LGS2ORD0023401,C017991,2025-07-05 07:00:00,Other,62,Bronze,Web,Songkhla,1051,TV_Show,Credit_Card,7,7,5,1,>50,35.03333333333333,4.0,0.0,0.0,-1,30,2390.6825,0.28,0.75,0.25,0.0,0.0,0,0,0.0,0.0,0,0,0.0,4368.12,2,0,0.0,9562.73,4,0,0.0,0
LGS2ORD0023402,C011947,2025-07-05 08:00:00,Female,50,Silver,Shopee,Remote_Area,709,Lazada,Bank_Transfer,8,7,5,1,40-50,23.633333333333333,2.0,0.0,0.0,-1,120,1437.505,0.25,0.0,0.5,0.0,0.0,0,0,0.0,0.0,0,0,0.0,0.0,0,0,0.0,2875.01,2,0,0.0,0
LGS2ORD0023403,C016088,2025-07-05 08:00:00,Female,28,Gold,Shopee,Bangkok,248,Lazada,Credit_Card,8,7,5,1,20-30,8.266666666666667,3.0,0.0,0.0,-1,69,1398.0200000000002,0.28,0.6666666666666666,0.3333333333333333,0.0,0.0,0,0,0.0,0.0,0,0,0.0,2023.7600000000002,2,0,0.0,4194.06,3,0,0.0,0
LGS2ORD0023404,C017949,2025-07-05 08:00:00,Female,41,Gold,Web,Khon Kaen,619,TV_Show,Credit_Card,8,7,5,1,40-50,20.633333333333333,6.0,1.0,0.16666666666666666,165,31,3752.435000000001,0.2299999999999999,0.6666666666666666,0.3333333333333333,0.0,0.0,0,0,0.0,0.0,0,0,0.0,493.16,1,0,0.0,22514.610000000004,6,1,0.16666666666666666,0
LGS2ORD0023405,C014523,2025-07-05 08:00:00,Male,50,Silver,TV,Remote_Area,222,TV_Show,Bank_Transfer,8,7,5,1,40-50,7.4,3.0,0.0,0.0,-1,3,9584.406666666666,0.1,0.6666666666666666,0.0,0.0,1588.44,1,0,0.0,1588.44,1,0,0.0,1588.44,1,0,0.0,28753.219999999998,3,0,0.0,1
LGS2ORD0023406,C011484,2025-07-05 08:00:00,Male,36,Silver,Web,Chiang Mai,1159,Shopee,COD,8,7,5,1,30-40,38.63333333333333,2.0,0.0,0.0,-1,27,2581.41,0.2,0.0,0.0,0.0,0.0,0,0,0.0,2938.04,1,0,0.0,2938.04,1,0,0.0,5162.82,2,0,0.0,0
LGS2ORD0023407,C015610,2025-07-05 09:00:00,Male,52,Platinum,Shopee,Chonburi,569,TV_Show,Credit_Card,9,7,5,1,>50,18.966666666666665,1.0,0.0,0.0,-1,79,1046.94,0.3,0.0,1.0,0.0,0.0,0,0,0.0,0.0,0,0,0.0,1046.94,1,0,0.0,1046.94,1,0,0.0,0
LGS2ORD0023408,C012386,2025-07-05 09:00:00,Male,43,Silver,Web,Remote_Area,941,Shopee,COD,9,7,5,1,40-50,31.366666666666667,2.0,0.0,0.0,-1,76,1818.21,0.1,0.0,0.0,0.0,0.0,0,0,0.0,0.0,0,0,0.0,1535.1,1,0,0.0,3636.42,2,0,0.0,0
LGS2ORD0023409,C016945,2025-07-05 09:00:00,Female,35,Bronze,TV,Bangkok,1009,Web,COD,9,7,5,1,30-40,33.63333333333333,0.0,0.0,0.0,-1,-1,0.0,0.0,0.0,0.0,0.0,0.0,0,0,0.0,0.0,0,0,0.0,0.0,0,0,0.0,0.0,0,0,0.0,0
LGS2ORD0023410,C014659,2025-07-05 09:00:00,Female,50,Gold,TV,Khon Kaen,1423,Shopee,Credit_Card,9,7,5,1,40-50,47.43333333333333,7.0,0.0,0.0,-1,43,4164.507142857143,0.33,0.5714285714285714,0.42857142857142855,0.0,0.0,0,0,0.0,0.0,0,0,0.0,16120.179999999998,5,0,0.0,29151.55,7,0,0.0,1
LGS2ORD0023411,C012429,2025-07-05 09:00:00,Male,42,Bronze,TV,Nakhon Ratchasima,621,Shopee,PromptPay,9,7,5,1,40-50,20.7,1.0,0.0,0.0,-1,169,1979.26,0.03,0.0,0.0,0.0,0.0,0,0,0.0,0.0,0,0,0.0,0.0,0,0,0.0,1979.26,1,0,0.0,0
LGS2ORD0023412,C017629,2025-07-05 10:00:00,Male,36,Platinum,Shopee,Chonburi,963,Web,Bank_Transfer,10,7,5,1,30-40,32.1,0.0,0.0,0.0,-1,-1,0.0,0.0,0.0,0.0,0.0,0.0,0,0,0.0,0.0,0,0,0.0,0.0,0,0,0.0,0.0,0,0,0.0,0
LGS2ORD0023413,C012177,2025-07-05 10:00:00,Female,34,Bronze,Web,Nakhon Ratchasima,1222,Web,COD,10,7,5,1,30-40,40.733333333333334,5.0,2.0,0.4,47,24,1678.188,0.23,0.8,0.4,0.0,0.0,0,0,0.0,1364.7,1,0,0.0,8390.94,5,2,0.4,8390.94,5,2,0.4,1
LGS2ORD0023414,C015831,2025-07-05 10:00:00,Male,49,Bronze,Shopee,Bangkok,761,Web,Credit_Card,10,7,5,1,40-50,25.366666666666667,5.0,1.0,0.2,113,52,8483.501999999999,0.18,0.8,0.0,0.0,0.0,0,0,0.0,0.0,0,0,0.0,24985.420000000002,2,0,0.0,42417.509999999995,5,1,0.2,0
LGS2ORD0023415,C014187,2025-07-05 10:00:00,Female,55,Bronze,Lazada,Bangkok,226,Lazada,Credit_Card,10,7,5,1,>50,7.533333333333333,3.0,0.0,0.0,-1,15,4764.046666666666,0.18,0.3333333333333333,0.0,0.0,0.0,0,0,0.0,1472.69,1,0,0.0,4969.84,2,0,0.0,14292.14,3,0,0.0,0
LGS2ORD0023416,C010445,2025-07-05 10:00:00,Male,40,Gold,Web,Bangkok,1438,TV_Show,Credit_Card,10,7,5,1,30-40,47.93333333333333,4.0,1.0,0.25,-2,9,2950.9125000000004,0.28,0.75,0.25,0.0,0.0,0,0,0.0,1386.37,1,1,1.0,8262.26,3,1,0.3333333333333333,11803.650000000001,4,1,0.25,0
LGS2ORD0023417,C014439,2025-07-05 11:00:00,Male,29,Platinum,TV,Khon Kaen,1568,Lazada,Bank_Transfer,11,7,5,1,20-30,52.266666666666666,1.0,0.0,0.0,-1,72,7860.08,0.35,1.0,1.0,0.0,0.0,0,0,0.0,0.0,0,0,0.0,7860.08,1,0,0.0,7860.08,1,0,0.0,1
LGS2ORD0023418,C016992,2025-07-05 11:00:00,Other,36,Bronze,Web,Chonburi,338,Web,PromptPay,11,7,5,1,30-40,11.266666666666667,3.0,1.0,0.3333333333333333,145,72,4072.093333333333,0.08,0.6666666666666666,0.0,0.0,0.0,0,0,0.0,0.0,0,0,0.0,1566.12,1,0,0.0,12216.279999999999,3,1,0.3333333333333333,0
LGS2ORD0023419,C015614,2025-07-05 11:00:00,Male,56,Bronze,TV,Khon Kaen,1146,TV_Show,COD,11,7,5,1,>50,38.2,6.0,3.0,0.5,26,34,5374.474999999999,0.23,0.5,0.5,0.0,0.0,0,0,0.0,0.0,0,0,0.0,3974.67,2,1,0.5,32246.85,6,3,0.5,0
LGS2ORD0023420,C012690,2025-07-05 11:00:00,Male,34,Platinum,Web,Bangkok,932,Web,PromptPay,11,7,5,1,30-40,31.066666666666666,4.0,1.0,0.25,148,80,5882.465,0.25,0.0,0.75,0.0,0.0,0,0,0.0,0.0,0,0,0.0,9821.51,1,0,0.0,23529.86,4,1,0.25,0
LGS2ORD0023421,C015445,2025-07-05 11:00:00,Male,40,Platinum,Shopee,Chonburi,1599,Lazada,COD,11,7,5,1,30-40,53.3,2.0,0.0,0.0,-1,14,5310.645,0.3,1.0,0.5,0.0,0.0,0,0,0.0,3034.26,1,0,0.0,10621.29,2,0,0.0,10621.29,2,0,0.0,0
LGS2ORD0023422,C012930,2025-07-05 11:00:00,Female,36,Silver,Web,Nakhon Ratchasima,401,TV_Show,Credit_Card,11,7,5,1,30-40,13.366666666666667,2.0,0.0,0.0,-1,16,3640.02,0.3,0.0,0.5,0.0,0.0,0,0,0.0,2083.96,1,0,0.0,2083.96,1,0,0.0,7280.04,2,0,0.0,0
LGS2ORD0023423,C010951,2025-07-05 12:00:00,Female,51,Platinum,Web,Khon Kaen,422,Lazada,COD,12,7,5,1,>50,14.066666666666666,1.0,0.0,0.0,-1,137,578.35,0.25,0.0,1.0,0.0,0.0,0,0,0.0,0.0,0,0,0.0,0.0,0,0,0.0,578.35,1,0,0.0,0
LGS2ORD0023424,C015470,2025-07-05 12:00:00,Male,23,Gold,Lazada,Phuket,966,CallCenter,COD,12,7,5,1,20-30,32.2,0.0,0.0,0.0,-1,-1,0.0,0.0,0.0,0.0,0.0,0.0,0,0,0.0,0.0,0,0,0.0,0.0,0,0,0.0,0.0,0,0,0.0,0
LGS2ORD0023425,C015992,2025-07-05 12:00:00,Male,53,Silver,Lazada,Nakhon Ratchasima,1525,Lazada,COD,12,7,5,1,>50,50.833333333333336,2.0,1.0,0.5,60,71,4580.68,0.2,1.0,0.0,0.0,0.0,0,0,0.0,0.0,0,0,0.0,6073.23,1,1,1.0,9161.36,2,1,0.5,0
LGS2ORD0023426,C012970,2025-07-05 12:00:00,Female,31,Platinum,Shopee,Chiang Mai,947,TV_Show,PromptPay,12,7,5,1,30-40,31.566666666666666,2.0,2.0,1.0,-12,0,16241.705000000002,0.3,1.0,0.5,0.0,28275.31,1,1,1.0,28275.31,1,1,1.0,28275.31,1,1,1.0,32483.410000000003,2,2,1.0,0
LGS2ORD0023427,C013957,2025-07-05 12:00:00,Female,65,Bronze,Lazada,Khon Kaen,548,CallCenter,COD,12,7,5,1,>50,18.266666666666666,2.0,1.0,0.5,-3,2,2523.715,0.18,0.5,0.0,0.0,1947.7,1,1,1.0,5047.43,2,1,0.5,5047.43,2,1,0.5,5047.43,2,1,0.5,0
LGS2ORD0023428,C015667,2025-07-05 13:00:00,Female,35,Platinum,TV,Bangkok,771,CallCenter,Bank_Transfer,13,7,5,1,30-40,25.7,2.0,1.0,0.5,60,13,4568.48,0.3,0.5,1.0,0.0,0.0,0,0,0.0,6117.66,1,0,0.0,9136.96,2,1,0.5,9136.96,2,1,0.5,0
LGS2ORD0023429,C010579,2025-07-05 13:00:00,Male,42,Bronze,TV,Bangkok,394,Shopee,PromptPay,13,7,5,1,40-50,13.133333333333333,5.0,2.0,0.4,129,15,7196.410000000001,0.28,0.6,0.4,0.0,0.0,0,0,0.0,1344.08,1,0,0.0,8321.619999999999,2,0,0.0,35982.05,5,2,0.4,0
LGS2ORD0023430,C013675,2025-07-05 13:00:00,Female,31,Bronze,TV,Chonburi,299,TV_Show,Credit_Card,13,7,5,1,30-40,9.966666666666667,2.0,0.0,0.0,-1,24,3075.6549999999997,0.28,0.0,0.5,0.0,0.0,0,0,0.0,2895.9,1,0,0.0,2895.9,1,0,0.0,6151.3099999999995,2,0,0.0,0
LGS2ORD0023431,C015858,2025-07-05 13:00:00,Female,41,Gold,Web,Bangkok,1297,Shopee,Credit_Card,13,7,5,1,40-50,43.233333333333334,4.0,1.0,0.25,146,26,4201.9625,0.2299999999999999,0.25,0.25,0.0,0.0,0,0,0.0,3461.48,1,0,0.0,7964.709999999999,2,0,0.0,16807.85,4,1,0.25,0
LGS2ORD0023432,C014361,2025-07-05 13:00:00,Male,49,Gold,TV,Chiang Mai,404,Shopee,Credit_Card,13,7,5,1,40-50,13.466666666666667,4.0,0.0,0.0,-1,33,1929.3724999999997,0.33,0.25,0.5,0.0,0.0,0,0,0.0,0.0,0,0,0.0,1586.34,2,0,0.0,7717.489999999999,4,0,0.0,0
LGS2ORD0023433,C015430,2025-07-05 14:00:00,Female,56,Bronze,TV,Songkhla,1154,Shopee,COD,14,7,5,1,>50,38.46666666666667,1.0,0.0,0.0,-1,182,1534.52,0.03,0.0,0.0,0.0,0.0,0,0,0.0,0.0,0,0,0.0,0.0,0,0,0.0,1534.52,1,0,0.0,0
LGS2ORD0023434,C010283,2025-07-05 14:00:00,Female,72,Bronze,Lazada,Khon Kaen,639,Web,COD,14,7,5,1,>50,21.3,2.0,1.0,0.5,63,6,12859.43,0.13,1.0,0.0,0.0,5427.66,1,0,0.0,5427.66,1,0,0.0,25718.86,2,1,0.5,25718.86,2,1,0.5,0
LGS2ORD0023435,C015059,2025-07-05 14:00:00,Male,26,Silver,TV,Phuket,406,Lazada,COD,14,7,5,1,20-30,13.533333333333333,1.0,1.0,1.0,155,171,5564.23,0.2,0.0,0.0,0.0,0.0,0,0,0.0,0.0,0,0,0.0,0.0,0,0,0.0,5564.23,1,1,1.0,1
LGS2ORD0023436,C014479,2025-07-05 14:00:00,Male,55,Gold,Shopee,Bangkok,690,CallCenter,COD,14,7,5,1,>50,23.0,5.0,1.0,0.2,111,80,1816.6080000000002,0.33,0.4,0.6,0.0,0.0,0,0,0.0,0.0,0,0,0.0,4863.03,2,0,0.0,9083.04,5,1,0.2,1
LGS2ORD0023437,C011250,2025-07-05 14:00:00,Female,43,Gold,Lazada,Bangkok,402,TV_Show,PromptPay,14,7,5,1,40-50,13.4,1.0,0.0,0.0,-1,140,29673.96,0.08,1.0,0.0,0.0,0.0,0,0,0.0,0.0,0,0,0.0,0.0,0,0,0.0,29673.96,1,0,0.0,0
LGS2ORD0023438,C011206,2025-07-05 15:00:00,Male,27,Silver,Web,Bangkok,732,CallCenter,COD,15,7,5,1,20-30,24.4,2.0,0.0,0.0,-1,52,4218.13,0.25,0.0,0.5,0.0,0.0,0,0,0.0,0.0,0,0,0.0,2350.33,1,0,0.0,8436.26,2,0,0.0,1
LGS2ORD0023439,C014923,2025-07-05 15:00:00,Female,22,Silver,Lazada,Songkhla,405,Web,COD,15,7,5,1,20-30,13.5,3.0,1.0,0.3333333333333333,29,5,11477.376666666665,0.3,0.3333333333333333,0.3333333333333333,0.0,29175.41,1,0,0.0,29175.41,1,0,0.0,32267.37,2,1,0.5,34432.13,3,1,0.3333333333333333,0
LGS2ORD0023440,C017451,2025-07-05 15:00:00,Male,34,Bronze,TV,Songkhla,423,Web,COD,15,7,5,1,30-40,14.1,2.0,0.0,0.0,-1,115,9491.05,0.08,0.0,0.0,0.0,0.0,0,0,0.0,0.0,0,0,0.0,0.0,0,0,0.0,18982.1,2,0,0.0,1
LGS2ORD0023441,C016157,2025-07-05 15:00:00,Male,34,Bronze,Shopee,Bangkok,1103,TV_Show,COD,15,7,5,1,30-40,36.766666666666666,1.0,0.0,0.0,-1,122,567.26,0.08,0.0,0.0,0.0,0.0,0,0,0.0,0.0,0,0,0.0,0.0,0,0,0.0,567.26,1,0,0.0,0
LGS2ORD0023442,C011168,2025-07-05 15:00:00,Male,45,Bronze,Lazada,Bangkok,212,Web,COD,15,7,5,1,40-50,7.066666666666666,4.0,0.0,0.0,-1,62,4621.0075,0.18,0.5,0.0,0.0,0.0,0,0,0.0,0.0,0,0,0.0,2648.67,1,0,0.0,18484.03,4,0,0.0,1
LGS2ORD0023443,C016326,2025-07-05 15:00:00,Female,44,Silver,Shopee,Phuket,1448,Web,COD,15,7,5,1,40-50,48.266666666666666,3.0,0.0,0.0,-1,62,11137.833333333334,0.25,0.6666666666666666,0.6666666666666666,0.0,0.0,0,0,0.0,0.0,0,0,0.0,30135.97,2,0,0.0,33413.5,3,0,0.0,0
LGS2ORD0023444,C011367,2025-07-05 16:00:00,Male,50,Bronze,TV,Bangkok,1205,CallCenter,Credit_Card,16,7,5,1,40-50,40.166666666666664,3.0,1.0,0.3333333333333333,97,84,5518.47,0.23,0.3333333333333333,0.6666666666666666,0.0,0.0,0,0,0.0,0.0,0,0,0.0,858.23,1,0,0.0,16555.41,3,1,0.3333333333333333,0
LGS2ORD0023445,C014082,2025-07-05 16:00:00,Male,72,Bronze,CallCenter,Remote_Area,1129,CallCenter,PromptPay,16,7,5,1,>50,37.63333333333333,3.0,0.0,0.0,-1,78,2022.5166666666664,0.13,0.0,0.0,0.0,0.0,0,0,0.0,0.0,0,0,0.0,4816.71,2,0,0.0,6067.549999999999,3,0,0.0,0
LGS2ORD0023446,C016606,2025-07-05 16:00:00,Female,50,Bronze,TV,Chiang Mai,1501,TV_Show,PromptPay,16,7,5,1,40-50,50.03333333333333,1.0,1.0,1.0,66,70,2137.67,0.03,1.0,0.0,0.0,0.0,0,0,0.0,0.0,0,0,0.0,2137.67,1,1,1.0,2137.67,1,1,1.0,0
LGS2ORD0023447,C014751,2025-07-05 16:00:00,Female,45,Bronze,CallCenter,Chonburi,614,Web,COD,16,7,5,1,40-50,20.466666666666665,3.0,1.0,0.3333333333333333,70,76,4579.263333333333,0.08,0.6666666666666666,0.0,0.0,0.0,0,0,0.0,0.0,0,0,0.0,11746.61,2,1,0.5,13737.79,3,1,0.3333333333333333,0
LGS2ORD0023448,C017147,2025-07-05 16:00:00,Female,61,Silver,TV,Phuket,1408,Lazada,COD,16,7,5,1,>50,46.93333333333333,7.0,2.0,0.2857142857142857,104,9,2018.5742857142855,0.3,0.14285714285714285,0.2857142857142857,0.0,0.0,0,0,0.0,2954.81,1,0,0.0,4690.7,2,0,0.0,14130.019999999999,7,2,0.2857142857142857,1
LGS2ORD0023449,C010216,2025-07-05 17:00:00,Male,23,Bronze,Web,Bangkok,1144,Web,COD,17,7,5,1,20-30,38.13333333333333,6.0,0.0,0.0,-1,20,1809.8400000000001,0.28,0.3333333333333333,0.16666666666666666,0.0,0.0,0,0,0.0,1193.29,1,0,0.0,1193.29,1,0,0.0,10859.04,6,0,0.0,1
LGS2ORD0023450,C015142,2025-07-05 17:00:00,Female,27,Silver,CallCenter,Remote_Area,1023,CallCenter,COD,17,7,5,1,20-30,34.1,5.0,3.0,0.6,104,91,2923.63,0.25,0.6,0.4,0.0,0.0,0,0,0.0,0.0,0,0,0.0,0.0,0,0,0.0,14618.15,5,3,0.6,0
LGS2ORD0023451,C011554,2025-07-05 17:00:00,Male,40,Bronze,TV,Remote_Area,826,Web,COD,17,7,5,1,30-40,27.533333333333335,7.0,1.0,0.14285714285714285,79,27,3046.675714285714,0.28,0.8571428571428571,0.5714285714285714,0.0,0.0,0,0,0.0,6428.37,1,0,0.0,15603.93,4,1,0.25,21326.73,7,1,0.14285714285714285,0
LGS2ORD0023452,C016794,2025-07-05 17:00:00,Female,33,Bronze,Web,Chonburi,1438,Lazada,Credit_Card,17,7,5,1,30-40,47.93333333333333,1.0,0.0,0.0,-1,92,554.65,0.13,1.0,0.0,0.0,0.0,0,0,0.0,0.0,0,0,0.0,0.0,0,0,0.0,554.65,1,0,0.0,0
LGS2ORD0023453,C017084,2025-07-05 17:00:00,Female,49,Bronze,Web,Songkhla,201,Web,Credit_Card,17,7,5,1,40-50,6.7,2.0,0.0,0.0,-1,16,1959.2,0.08,0.0,0.0,0.0,0.0,0,0,0.0,2396.55,1,0,0.0,2396.55,1,0,0.0,3918.4,2,0,0.0,1
LGS2ORD0023454,C014380,2025-07-05 18:00:00,Male,41,Silver,Shopee,Nakhon Ratchasima,1624,CallCenter,COD,18,7,5,1,40-50,54.13333333333333,5.0,1.0,0.2,172,83,3319.3779999999997,0.2,0.8,0.0,0.0,0.0,0,0,0.0,0.0,0,0,0.0,3829.96,1,0,0.0,16596.89,5,1,0.2,1
LGS2ORD0023455,C017209,2025-07-05 18:00:00,Male,41,Silver,Shopee,Bangkok,1091,CallCenter,COD,18,7,5,1,40-50,36.36666666666667,1.0,1.0,1.0,141,147,1658.69,0.3,0.0,1.0,0.0,0.0,0,0,0.0,0.0,0,0,0.0,0.0,0,0,0.0,1658.69,1,1,1.0,0
LGS2ORD0023456,C017076,2025-07-05 18:00:00,Female,49,Silver,Web,Nakhon Ratchasima,1381,CallCenter,PromptPay,18,7,5,1,40-50,46.03333333333333,5.0,1.0,0.2,91,58,5376.336,0.2,0.6,0.0,0.0,0.0,0,0,0.0,0.0,0,0,0.0,8611.25,1,0,0.0,26881.68,5,1,0.2,0
LGS2ORD0023457,C014964,2025-07-05 18:00:00,Male,39,Silver,TV,Khon Kaen,1135,TV_Show,Credit_Card,18,7,5,1,30-40,37.833333333333336,4.0,0.0,0.0,-1,11,6068.344999999999,0.3,0.25,0.25,0.0,0.0,0,0,0.0,8786.72,1,0,0.0,9633.39,2,0,0.0,24273.379999999997,4,0,0.0,0
LGS2ORD0023458,C012997,2025-07-05 18:00:00,Female,40,Gold,Web,Chonburi,1068,TV_Show,COD,18,7,5,1,30-40,35.6,2.0,0.0,0.0,-1,6,2779.98,0.13,0.0,0.0,0.0,1985.16,1,0,0.0,1985.16,1,0,0.0,1985.16,1,0,0.0,5559.96,2,0,0.0,0
LGS2ORD0023459,C016316,2025-07-05 19:00:00,Male,51,Silver,Lazada,Chiang Mai,941,Shopee,Bank_Transfer,19,7,5,1,>50,31.366666666666667,4.0,0.0,0.0,-1,20,5285.685,0.2,0.75,0.0,0.0,0.0,0,0,0.0,16490.08,1,0,0.0,16490.08,1,0,0.0,21142.74,4,0,0.0,0
LGS2ORD0023460,C010502,2025-07-05 19:00:00,Male,61,Bronze,TV,Remote_Area,786,TV_Show,COD,19,7,5,1,>50,26.2,7.0,2.0,0.2857142857142857,99,23,4399.255714285714,0.23,0.7142857142857143,0.14285714285714285,0.0,0.0,0,0,0.0,2622.77,1,0,0.0,11294.220000000001,4,0,0.0,30794.789999999997,7,2,0.2857142857142857,0
LGS2ORD0023461,C015787,2025-07-05 19:00:00,Female,39,Gold,TV,Phuket,500,Shopee,COD,19,7,5,1,30-40,16.666666666666668,2.0,1.0,0.5,169,116,10667.095000000001,0.33,0.5,0.5,0.0,0.0,0,0,0.0,0.0,0,0,0.0,0.0,0,0,0.0,21334.190000000002,2,1,0.5,0
LGS2ORD0023462,C016269,2025-07-05 19:00:00,Female,42,Bronze,Shopee,Khon Kaen,1276,Lazada,PromptPay,19,7,5,1,40-50,42.53333333333333,4.0,1.0,0.25,46,55,2075.8075,0.28,0.25,0.25,0.0,0.0,0,0,0.0,0.0,0,0,0.0,2121.16,2,1,0.5,8303.23,4,1,0.25,0
LGS2ORD0023463,C014828,2025-07-05 19:00:00,Male,47,Bronze,TV,Remote_Area,458,Web,PromptPay,19,7,5,1,40-50,15.266666666666667,0.0,0.0,0.0,-1,-1,0.0,0.0,0.0,0.0,0.0,0.0,0,0,0.0,0.0,0,0,0.0,0.0,0,0,0.0,0.0,0,0,0.0,1
LGS2ORD0023464,C010945,2025-07-05 19:00:00,Female,31,Bronze,Web,Bangkok,1555,Web,PromptPay,19,7,5,1,30-40,51.833333333333336,0.0,0.0,0.0,-1,-1,0.0,0.0,0.0,0.0,0.0,0.0,0,0,0.0,0.0,0,0,0.0,0.0,0,0,0.0,0.0,0,0,0.0,0
LGS2ORD0023465,C016965,2025-07-05 20:00:00,Female,50,Silver,TV,Chiang Mai,224,CallCenter,Bank_Transfer,20,7,5,1,40-50,7.466666666666667,4.0,1.0,0.25,106,67,6527.7375,0.2,1.0,0.0,0.0,0.0,0,0,0.0,0.0,0,0,0.0,13543.41,2,0,0.0,26110.95,4,1,0.25,0
LGS2ORD0023466,C012649,2025-07-05 20:00:00,Male,44,Bronze,Lazada,Bangkok,1405,TV_Show,COD,20,7,5,1,40-50,46.833333333333336,7.0,2.0,0.2857142857142857,7,16,7056.782857142857,0.28,0.5714285714285714,0.7142857142857143,0.0,0.0,0,0,0.0,4179.93,1,1,1.0,18441.08,3,1,0.3333333333333333,49397.48,7,2,0.2857142857142857,0
LGS2ORD0023467,C014622,2025-07-05 20:00:00,Male,49,Silver,Shopee,Remote_Area,1139,Shopee,PromptPay,20,7,5,1,40-50,37.96666666666667,8.0,2.0,0.25,-2,11,3165.7075,0.25,0.375,0.25,0.0,0.0,0,0,0.0,592.72,1,1,1.0,2298.3,2,2,1.0,25325.66,8,2,0.25,0
LGS2ORD0023468,C010494,2025-07-05 20:00:00,Male,45,Platinum,Shopee,Chonburi,848,Lazada,Credit_Card,20,7,5,1,40-50,28.266666666666666,3.0,0.0,0.0,-1,23,3481.3766666666666,0.2,0.3333333333333333,0.0,0.0,0.0,0,0,0.0,8595.4,2,0,0.0,8595.4,2,0,0.0,10444.13,3,0,0.0,0
LGS2ORD0023469,C017438,2025-07-05 20:00:00,Female,40,Bronze,Lazada,Songkhla,302,Web,COD,20,7,5,1,30-40,10.066666666666666,1.0,1.0,1.0,70,77,808.73,0.23,1.0,1.0,0.0,0.0,0,0,0.0,0.0,0,0,0.0,808.73,1,1,1.0,808.73,1,1,1.0,1
LGS2ORD0023470,C014922,2025-07-05 21:00:00,Female,49,Bronze,Shopee,Chiang Mai,604,CallCenter,Credit_Card,21,7,5,1,40-50,20.133333333333333,4.0,0.0,0.0,-1,91,9846.2575,0.28,0.5,0.5,0.0,0.0,0,0,0.0,0.0,0,0,0.0,0.0,0,0,0.0,39385.03,4,0,0.0,0
LGS2ORD0023471,C015061,2025-07-05 21:00:00,Male,40,Gold,Web,Bangkok,1420,Web,COD,21,7,5,1,30-40,47.333333333333336,4.0,0.0,0.0,-1,39,2694.5475,0.33,0.75,0.75,0.0,0.0,0,0,0.0,0.0,0,0,0.0,7370.3,2,0,0.0,10778.19,4,0,0.0,0
LGS2ORD0023472,C012661,2025-07-05 21:00:00,Female,40,Bronze,Shopee,Bangkok,993,Shopee,COD,21,7,5,1,30-40,33.1,3.0,0.0,0.0,-1,14,3323.7433333333333,0.28,1.0,0.6666666666666666,0.0,0.0,0,0,0.0,3088.9300000000003,2,0,0.0,3088.9300000000003,2,0,0.0,9971.23,3,0,0.0,1
LGS2ORD0023473,C015575,2025-07-05 21:00:00,Female,58,Silver,TV,Bangkok,1485,Shopee,Credit_Card,21,7,5,1,>50,49.5,6.0,2.0,0.3333333333333333,130,11,4775.841666666666,0.25,0.5,0.16666666666666666,0.0,0.0,0,0,0.0,9872.45,2,0,0.0,14314.9,3,0,0.0,28655.049999999996,6,2,0.3333333333333333,0
LGS2ORD0023474,C014321,2025-07-05 21:00:00,Female,35,Gold,Web,Bangkok,1604,Lazada,COD,21,7,5,1,30-40,53.46666666666667,4.0,1.0,0.25,27,3,5187.9375,0.2299999999999999,1.0,0.25,0.0,1357.58,1,0,0.0,1357.58,1,0,0.0,5039.95,2,1,0.5,20751.75,4,1,0.25,0
LGS2ORD0023475,C011415,2025-07-05 22:00:00,Male,40,Platinum,TV,Bangkok,795,CallCenter,COD,22,7,5,1,30-40,26.5,4.0,2.0,0.5,0,6,6012.9349999999995,0.35,0.5,0.5,0.0,3305.85,1,1,1.0,21079.899999999998,3,2,0.6666666666666666,24051.739999999998,4,2,0.5,24051.739999999998,4,2,0.5,1
LGS2ORD0023476,C014136,2025-07-05 22:00:00,Other,57,Bronze,CallCenter,Khon Kaen,327,CallCenter,COD,22,7,5,1,>50,10.9,2.0,0.0,0.0,-1,116,4106.78,0.13,0.5,0.0,0.0,0.0,0,0,0.0,0.0,0,0,0.0,0.0,0,0,0.0,8213.56,2,0,0.0,1
LGS2ORD0023477,C012558,2025-07-05 22:00:00,Male,39,Bronze,Lazada,Songkhla,1377,Shopee,Credit_Card,22,7,5,1,30-40,45.9,3.0,2.0,0.6666666666666666,-2,7,5013.920000000001,0.23,0.6666666666666666,0.6666666666666666,0.0,8087.06,1,1,1.0,8087.06,1,1,1.0,10505.59,2,2,1.0,15041.760000000002,3,2,0.6666666666666666,0
LGS2ORD0023478,C010587,2025-07-05 22:00:00,Male,62,Gold,Web,Bangkok,319,Shopee,COD,22,7,5,1,>50,10.633333333333333,3.0,1.0,0.3333333333333333,136,29,4145.963333333333,0.2299999999999999,0.3333333333333333,0.3333333333333333,0.0,0.0,0,0,0.0,793.36,1,0,0.0,793.36,1,0,0.0,12437.89,3,1,0.3333333333333333,0
LGS2ORD0023479,C013521,2025-07-05 22:00:00,Female,32,Bronze,CallCenter,Khon Kaen,844,TV_Show,Credit_Card,22,7,5,1,30-40,28.133333333333333,0.0,0.0,0.0,-1,-1,0.0,0.0,0.0,0.0,0.0,0.0,0,0,0.0,0.0,0,0,0.0,0.0,0,0,0.0,0.0,0,0,0.0,0
LGS2ORD0023480,C017095,2025-07-05 23:00:00,Female,29,Bronze,Web,Khon Kaen,1324,CallCenter,COD,23,7,5,1,20-30,44.13333333333333,3.0,0.0,0.0,-1,17,11220.49,0.23,0.0,0.3333333333333333,0.0,0.0,0,0,0.0,30440.94,1,0,0.0,30440.94,1,0,0.0,33661.47,3,0,0.0,0
LGS2ORD0023481,C011014,2025-07-05 23:00:00,Male,48,Bronze,TV,Bangkok,886,Shopee,COD,23,7,5,1,40-50,29.533333333333335,6.0,2.0,0.3333333333333333,-6,7,6592.6016666666665,0.18,0.5,0.0,0.0,0.0,0,0,0.0,23305.76,2,1,0.5,32184.69,4,1,0.25,39555.61,6,2,0.3333333333333333,1
LGS2ORD0023482,C014202,2025-07-05 23:00:00,Other,39,Platinum,Web,Bangkok,648,Lazada,COD,23,7,5,1,30-40,21.6,3.0,0.0,0.0,-1,6,3504.7466666666664,0.2,0.6666666666666666,0.0,0.0,7815.61,1,0,0.0,7815.61,1,0,0.0,7815.61,1,0,0.0,10514.24,3,0,0.0,0
LGS2ORD0023483,C015137,2025-07-05 23:00:00,Male,28,Bronze,TV,Bangkok,571,TV_Show,COD,23,7,5,1,20-30,19.033333333333335,0.0,0.0,0.0,-1,-1,0.0,0.0,0.0,0.0,0.0,0.0,0,0,0.0,0.0,0,0,0.0,0.0,0,0,0.0,0.0,0,0,0.0,1
LGS2ORD0023484,C010878,2025-07-05 23:00:00,Male,65,Silver,Lazada,Khon Kaen,520,Lazada,COD,23,7,5,1,>50,17.333333333333332,4.0,0.0,0.0,-1,35,3597.7074999999995,0.2,0.5,0.0,0.0,0.0,0,0,0.0,0.0,0,0,0.0,10585.029999999999,2,0,0.0,14390.829999999998,4,0,0.0,1
LGS2ORD0023485,C012166,2025-07-05 23:00:00,Female,64,Bronze,TV,Remote_Area,1423,Shopee,COD,23,7,5,1,>50,47.43333333333333,4.0,3.0,0.75,2,13,7860.299999999999,0.18,0.75,0.0,0.0,0.0,0,0,0.0,1569.18,1,1,1.0,1569.18,1,1,1.0,31441.199999999997,4,3,0.75,0
LGS2ORD0023486,C013897,2025-07-06 00:00:00,Female,62,Bronze,TV,Chonburi,458,TV_Show,COD,0,7,6,1,>50,15.266666666666667,0.0,0.0,0.0,-1,-1,0.0,0.0,0.0,0.0,0.0,0.0,0,0,0.0,0.0,0,0,0.0,0.0,0,0,0.0,0.0,0,0,0.0,1
LGS2ORD0023487,C017558,2025-07-06 00:00:00,Male,45,Bronze,Shopee,Phuket,1366,Web,Credit_Card,0,7,6,1,40-50,45.53333333333333,4.0,2.0,0.5,53,48,2164.255,0.28,0.25,0.5,0.0,0.0,0,0,0.0,0.0,0,0,0.0,2225.72,2,1,0.5,8657.02,4,2,0.5,0
LGS2ORD0023488,C012646,2025-07-06 00:00:00,Female,61,Silver,Lazada,Phuket,874,Web,COD,0,7,6,1,>50,29.133333333333333,2.0,1.0,0.5,97,35,3223.44,0.25,0.5,0.5,0.0,0.0,0,0,0.0,0.0,0,0,0.0,5422.85,1,0,0.0,6446.88,2,1,0.5,0
LGS2ORD0023489,C013147,2025-07-06 00:00:00,Male,65,Bronze,TV,Chiang Mai,705,Web,COD,0,7,6,1,>50,23.5,3.0,0.0,0.0,-1,69,9169.616666666667,0.18,0.6666666666666666,0.0,0.0,0.0,0,0,0.0,0.0,0,0,0.0,13689.01,1,0,0.0,27508.85,3,0,0.0,0
LGS2ORD0023490,C015087,2025-07-06 00:00:00,Female,31,Gold,Lazada,Remote_Area,1554,Lazada,COD,0,7,6,1,30-40,51.8,4.0,2.0,0.5,44,46,6707.3425,0.28,0.75,0.5,0.0,0.0,0,0,0.0,0.0,0,0,0.0,12715.63,1,1,1.0,26829.37,4,2,0.5,0
LGS2ORD0023491,C016464,2025-07-06 01:00:00,Male,23,Gold,Shopee,Nakhon Ratchasima,1492,TV_Show,COD,1,7,6,1,20-30,49.733333333333334,2.0,1.0,0.5,62,38,7292.95,0.28,0.5,1.0,0.0,0.0,0,0,0.0,0.0,0,0,0.0,14585.9,2,1,0.5,14585.9,2,1,0.5,0
LGS2ORD0023492,C017364,2025-07-06 01:00:00,Male,32,Silver,CallCenter,Chiang Mai,1456,Lazada,COD,1,7,6,1,30-40,48.53333333333333,1.0,0.0,0.0,-1,126,1302.94,0.2,0.0,0.0,0.0,0.0,0,0,0.0,0.0,0,0,0.0,0.0,0,0,0.0,1302.94,1,0,0.0,0
LGS2ORD0023493,C012484,2025-07-06 01:00:00,Male,52,Silver,CallCenter,Phuket,406,Lazada,Credit_Card,1,7,6,1,>50,13.533333333333333,1.0,1.0,1.0,52,64,2673.07,0.2,1.0,0.0,0.0,0.0,0,0,0.0,0.0,0,0,0.0,2673.07,1,1,1.0,2673.07,1,1,1.0,0
LGS2ORD0023494,C012019,2025-07-06 01:00:00,Male,36,Bronze,TV,Khon Kaen,1547,Lazada,COD,1,7,6,1,30-40,51.56666666666667,3.0,0.0,0.0,-1,77,9147.003333333334,0.28,0.6666666666666666,0.3333333333333333,0.0,0.0,0,0,0.0,0.0,0,0,0.0,21941.31,1,0,0.0,27441.010000000002,3,0,0.0,1
LGS2ORD0023495,C016173,2025-07-06 01:00:00,Female,45,Gold,TV,Remote_Area,1196,CallCenter,COD,1,7,6,1,40-50,39.86666666666667,5.0,1.0,0.2,79,24,5426.2519999999995,0.2299999999999999,0.4,0.4,0.0,0.0,0,0,0.0,1494.6,1,0,0.0,4331.6900000000005,2,0,0.0,27131.26,5,1,0.2,0
LGS2ORD0023496,C014801,2025-07-06 02:00:00,Female,54,Silver,Shopee,Chiang Mai,1290,CallCenter,COD,2,7,6,1,>50,43.0,2.0,1.0,0.5,74,88,7524.55,0.2,1.0,0.0,0.0,0.0,0,0,0.0,0.0,0,0,0.0,8623.61,1,1,1.0,15049.1,2,1,0.5,0
LGS2ORD0023497,C013104,2025-07-06 02:00:00,Male,29,Bronze,Lazada,Chiang Mai,1592,Web,Credit_Card,2,7,6,1,20-30,53.06666666666667,2.0,0.0,0.0,-1,1,3562.385,0.08,0.5,0.0,0.0,3140.82,1,0,0.0,3140.82,1,0,0.0,3140.82,1,0,0.0,7124.77,2,0,0.0,0
LGS2ORD0023498,C011960,2025-07-06 02:00:00,Male,18,Bronze,Shopee,Chiang Mai,707,Lazada,Credit_Card,2,7,6,1,<20,23.566666666666666,5.0,1.0,0.2,173,18,6457.4800000000005,0.28,0.2,0.4,0.0,0.0,0,0,0.0,4524.07,1,0,0.0,8405.1,3,0,0.0,32287.4,5,1,0.2,0
LGS2ORD0023499,C010423,2025-07-06 02:00:00,Male,44,Platinum,TV,Remote_Area,1620,Web,Bank_Transfer,2,7,6,1,40-50,54.0,4.0,0.0,0.0,-1,71,6480.97,0.3,0.0,0.5,0.0,0.0,0,0,0.0,0.0,0,0,0.0,14917.240000000002,2,0,0.0,25923.88,4,0,0.0,0
LGS2ORD0023500,C015491,2025-07-06 02:00:00,Male,38,Bronze,CallCenter,Chiang Mai,1517,Web,COD,2,7,6,1,30-40,50.56666666666667,9.0,1.0,0.1111111111111111,166,28,5280.0666666666675,0.23,0.5555555555555556,0.1111111111111111,0.0,0.0,0,0,0.0,3372.91,2,0,0.0,34531.31,5,0,0.0,47520.600000000006,9,1,0.1111111111111111,0
LGS2ORD0023501,C015720,2025-07-06 02:00:00,Other,37,Bronze,Shopee,Remote_Area,1280,Lazada,Credit_Card,2,7,6,1,30-40,42.666666666666664,7.0,2.0,0.2857142857142857,3,12,2356.785714285714,0.28,0.2857142857142857,0.5714285714285714,0.0,0.0,0,0,0.0,3951.63,1,1,1.0,4527.35,2,1,0.5,16497.5,7,2,0.2857142857142857,0
LGS2ORD0023502,C011641,2025-07-06 03:00:00,Male,35,Gold,Web,Chonburi,418,Shopee,COD,3,7,6,1,30-40,13.933333333333334,2.0,0.0,0.0,-1,86,5745.615,0.28,0.5,0.5,0.0,0.0,0,0,0.0,0.0,0,0,0.0,9955.05,1,0,0.0,11491.23,2,0,0.0,0
LGS2ORD0023503,C011342,2025-07-06 03:00:00,Female,34,Platinum,Lazada,Nakhon Ratchasima,1195,Web,COD,3,7,6,1,30-40,39.833333333333336,4.0,3.0,0.75,4,8,1763.035,0.35,0.75,0.75,0.0,0.0,0,0,0.0,2820.34,1,1,1.0,4352.85,2,1,0.5,7052.14,4,3,0.75,0
LGS2ORD0023504,C011142,2025-07-06 03:00:00,Male,32,Gold,CallCenter,Bangkok,450,TV_Show,COD,3,7,6,1,30-40,15.0,3.0,0.0,0.0,-1,132,6278.040000000001,0.08,0.0,0.0,0.0,0.0,0,0,0.0,0.0,0,0,0.0,0.0,0,0,0.0,18834.120000000003,3,0,0.0,0
LGS2ORD0023505,C013779,2025-07-06 03:00:00,Male,39,Silver,TV,Chonburi,1544,Shopee,COD,3,7,6,1,30-40,51.46666666666667,4.0,0.0,0.0,-1,10,9167.8875,0.25,0.75,0.25,0.0,0.0,0,0,0.0,13388.599999999999,2,0,0.0,14905.099999999999,3,0,0.0,36671.55,4,0,0.0,1
LGS2ORD0023506,C010278,2025-07-06 03:00:00,Male,36,Bronze,TV,Khon Kaen,1314,CallCenter,COD,3,7,6,1,30-40,43.8,2.0,0.0,0.0,-1,56,3516.27,0.18,0.0,0.0,0.0,0.0,0,0,0.0,0.0,0,0,0.0,4857.75,1,0,0.0,7032.54,2,0,0.0,0
LGS2ORD0023507,C014307,2025-07-06 04:00:00,Female,51,Bronze,Lazada,Songkhla,427,TV_Show,COD,4,7,6,1,>50,14.233333333333333,2.0,0.0,0.0,-1,180,3474.9100000000003,0.28,0.0,0.5,0.0,0.0,0,0,0.0,0.0,0,0,0.0,0.0,0,0,0.0,6949.820000000001,2,0,0.0,0
LGS2ORD0023508,C011190,2025-07-06 04:00:00,Female,43,Silver,Shopee,Chonburi,797,TV_Show,COD,4,7,6,1,40-50,26.566666666666666,2.0,0.0,0.0,-1,60,10894.745,0.2,1.0,0.0,0.0,0.0,0,0,0.0,0.0,0,0,0.0,3164.18,1,0,0.0,21789.49,2,0,0.0,0
LGS2ORD0023509,C013295,2025-07-06 04:00:00,Female,62,Silver,CallCenter,Bangkok,781,Lazada,COD,4,7,6,1,>50,26.033333333333335,5.0,1.0,0.2,47,51,5396.610000000001,0.3,0.0,0.6,0.0,0.0,0,0,0.0,0.0,0,0,0.0,15704.83,3,1,0.3333333333333333,26983.050000000003,5,1,0.2,1
LGS2ORD0023510,C017726,2025-07-06 04:00:00,Male,51,Platinum,Web,Chiang Mai,1327,Web,COD,4,7,6,1,>50,44.233333333333334,2.0,0.0,0.0,-1,45,3386.1800000000003,0.25,0.0,0.5,0.0,0.0,0,0,0.0,0.0,0,0,0.0,6772.360000000001,2,0,0.0,6772.360000000001,2,0,0.0,0
LGS2ORD0023511,C012623,2025-07-06 04:00:00,Male,63,Bronze,TV,Bangkok,1115,TV_Show,Credit_Card,4,7,6,1,>50,37.166666666666664,2.0,0.0,0.0,-1,75,3152.775,0.28,1.0,0.5,0.0,0.0,0,0,0.0,0.0,0,0,0.0,4879.5,1,0,0.0,6305.55,2,0,0.0,0
LGS2ORD0023512,C014466,2025-07-06 05:00:00,Female,49,Bronze,TV,Chonburi,1244,CallCenter,PromptPay,5,7,6,1,40-50,41.46666666666667,3.0,0.0,0.0,-1,48,2677.693333333333,0.23,0.3333333333333333,0.6666666666666666,0.0,0.0,0,0,0.0,0.0,0,0,0.0,3158.31,1,0,0.0,8033.08,3,0,0.0,0
LGS2ORD0023513,C010861,2025-07-06 05:00:00,Male,24,Bronze,Web,Nakhon Ratchasima,550,CallCenter,PromptPay,5,7,6,1,20-30,18.333333333333332,3.0,1.0,0.3333333333333333,68,11,4618.053333333333,0.28,0.3333333333333333,0.6666666666666666,0.0,0.0,0,0,0.0,6445.71,2,0,0.0,13854.16,3,1,0.3333333333333333,13854.16,3,1,0.3333333333333333,0
LGS2ORD0023514,C015949,2025-07-06 05:00:00,Female,46,Bronze,TV,Nakhon Ratchasima,1159,Web,COD,5,7,6,1,40-50,38.63333333333333,7.0,0.0,0.0,-1,46,9862.062857142857,0.28,0.14285714285714285,0.5714285714285714,0.0,0.0,0,0,0.0,0.0,0,0,0.0,24521.27,3,0,0.0,69034.44,7,0,0.0,0
LGS2ORD0023515,C014177,2025-07-06 05:00:00,Male,61,Platinum,Shopee,Chiang Mai,1266,TV_Show,Credit_Card,5,7,6,1,>50,42.2,6.0,1.0,0.16666666666666666,117,45,6926.541666666667,0.35,0.6666666666666666,0.6666666666666666,0.0,0.0,0,0,0.0,0.0,0,0,0.0,25381.65,2,0,0.0,41559.25,6,1,0.16666666666666666,0
LGS2ORD0023516,C013113,2025-07-06 05:00:00,Male,30,Silver,Lazada,Khon Kaen,716,Shopee,COD,5,7,6,1,20-30,23.866666666666667,1.0,1.0,1.0,173,180,2068.96,0.25,1.0,1.0,0.0,0.0,0,0,0.0,0.0,0,0,0.0,0.0,0,0,0.0,2068.96,1,1,1.0,1
LGS2ORD0023517,C011391,2025-07-06 06:00:00,Male,50,Bronze,Web,Bangkok,591,TV_Show,Credit_Card,6,7,6,1,40-50,19.7,4.0,1.0,0.25,40,50,3147.41,0.18,0.75,0.0,0.0,0.0,0,0,0.0,0.0,0,0,0.0,8365.51,2,1,0.5,12589.64,4,1,0.25,0
LGS2ORD0023518,C017235,2025-07-06 06:00:00,Female,49,Gold,Web,Remote_Area,1168,CallCenter,COD,6,7,6,1,40-50,38.93333333333333,0.0,0.0,0.0,-1,-1,0.0,0.0,0.0,0.0,0.0,0.0,0,0,0.0,0.0,0,0,0.0,0.0,0,0,0.0,0.0,0,0,0.0,0
LGS2ORD0023519,C010714,2025-07-06 06:00:00,Female,49,Bronze,TV,Remote_Area,1066,Shopee,Credit_Card,6,7,6,1,40-50,35.53333333333333,4.0,2.0,0.5,74,6,6856.445000000001,0.28,0.5,0.5,0.0,4520.09,1,0,0.0,4520.09,1,0,0.0,17942.29,2,1,0.5,27425.780000000002,4,2,0.5,0
LGS2ORD0023520,C013529,2025-07-06 06:00:00,Male,29,Bronze,CallCenter,Bangkok,919,Lazada,COD,6,7,6,1,20-30,30.633333333333333,4.0,0.0,0.0,-1,78,3826.1375000000003,0.28,1.0,0.5,0.0,0.0,0,0,0.0,0.0,0,0,0.0,2197.43,1,0,0.0,15304.550000000001,4,0,0.0,0
LGS2ORD0023521,C014316,2025-07-06 06:00:00,Female,59,Silver,Lazada,Chonburi,522,Lazada,Credit_Card,6,7,6,1,>50,17.4,1.0,0.0,0.0,-1,89,215.58,0.05,0.0,0.0,0.0,0.0,0,0,0.0,0.0,0,0,0.0,215.58,1,0,0.0,215.58,1,0,0.0,0
LGS2ORD0023522,C014050,2025-07-06 06:00:00,Male,46,Platinum,Shopee,Bangkok,893,Lazada,Bank_Transfer,6,7,6,1,40-50,29.766666666666666,0.0,0.0,0.0,-1,-1,0.0,0.0,0.0,0.0,0.0,0.0,0,0,0.0,0.0,0,0,0.0,0.0,0,0,0.0,0.0,0,0,0.0,0
LGS2ORD0023523,C012801,2025-07-06 07:00:00,Female,29,Gold,CallCenter,Chonburi,722,CallCenter,COD,7,7,6,1,20-30,24.066666666666666,3.0,0.0,0.0,-1,29,16826.95666666667,0.2299999999999999,0.6666666666666666,0.6666666666666666,0.0,0.0,0,0,0.0,7851.58,1,0,0.0,50480.87,3,0,0.0,50480.87,3,0,0.0,0
LGS2ORD0023524,C011009,2025-07-06 07:00:00,Female,72,Silver,Shopee,Chonburi,1485,Web,PromptPay,7,7,6,1,>50,49.5,3.0,1.0,0.3333333333333333,67,81,2168.1433333333334,0.3,0.6666666666666666,0.3333333333333333,0.0,0.0,0,0,0.0,0.0,0,0,0.0,2481.29,1,1,1.0,6504.43,3,1,0.3333333333333333,0
LGS2ORD0023525,C017524,2025-07-06 07:00:00,Male,48,Bronze,Shopee,Remote_Area,1279,Web,COD,7,7,6,1,40-50,42.63333333333333,4.0,4.0,1.0,44,59,3772.1000000000004,0.23,0.5,0.5,0.0,0.0,0,0,0.0,0.0,0,0,0.0,909.79,1,1,1.0,15088.400000000001,4,4,1.0,1
LGS2ORD0023526,C016518,2025-07-06 07:00:00,Female,30,Bronze,TV,Phuket,1157,TV_Show,COD,7,7,6,1,20-30,38.56666666666667,8.0,2.0,0.25,65,39,3379.2587499999995,0.23,0.25,0.125,0.0,0.0,0,0,0.0,0.0,0,0,0.0,23523.649999999998,6,1,0.16666666666666666,27034.069999999996,8,2,0.25,1
LGS2ORD0023527,C011423,2025-07-06 07:00:00,Other,60,Bronze,Shopee,Bangkok,1600,Web,COD,7,7,6,1,>50,53.333333333333336,6.0,1.0,0.16666666666666666,163,2,4035.4300000000003,0.08,0.8333333333333334,0.0,0.0,1784.99,1,0,0.0,1784.99,1,0,0.0,13012.81,3,0,0.0,24212.58,6,1,0.16666666666666666,1
LGS2ORD0023528,C017157,2025-07-06 08:00:00,Female,45,Gold,TV,Khon Kaen,1515,Lazada,COD,8,7,6,1,40-50,50.5,2.0,0.0,0.0,-1,2,9392.210000000001,0.28,0.5,0.5,0.0,975.58,1,0,0.0,975.58,1,0,0.0,975.58,1,0,0.0,18784.420000000002,2,0,0.0,1
LGS2ORD0023529,C016670,2025-07-06 08:00:00,Female,27,Bronze,Shopee,Nakhon Ratchasima,1243,Lazada,Credit_Card,8,7,6,1,20-30,41.43333333333333,3.0,1.0,0.3333333333333333,164,120,1329.8866666666665,0.18,0.3333333333333333,0.0,0.0,0.0,0,0,0.0,0.0,0,0,0.0,0.0,0,0,0.0,3989.66,3,1,0.3333333333333333,0
LGS2ORD0023530,C011250,2025-07-06 08:00:00,Female,43,Gold,Lazada,Bangkok,403,Shopee,COD,8,7,6,1,40-50,13.433333333333334,2.0,0.0,0.0,-1,0,22437.675,0.33,0.5,0.5,0.0,15201.39,1,0,0.0,15201.39,1,0,0.0,15201.39,1,0,0.0,44875.35,2,0,0.0,0
LGS2ORD0023531,C012086,2025-07-06 08:00:00,Male,62,Silver,Shopee,Bangkok,1460,Web,Credit_Card,8,7,6,1,>50,48.666666666666664,6.0,1.0,0.16666666666666666,-1,8,6639.959999999999,0.3,0.5,0.16666666666666666,0.0,0.0,0,0,0.0,9196.7,1,1,1.0,15437.95,3,1,0.3333333333333333,39839.759999999995,6,1,0.16666666666666666,0
LGS2ORD0023532,C017517,2025-07-06 08:00:00,Female,56,Silver,CallCenter,Khon Kaen,721,Web,COD,8,7,6,1,>50,24.033333333333335,5.0,1.0,0.2,119,33,9976.035999999998,0.2,0.6,0.0,0.0,0.0,0,0,0.0,0.0,0,0,0.0,16483.89,2,0,0.0,49880.17999999999,5,1,0.2,0
LGS2ORD0023533,C014124,2025-07-06 09:00:00,Female,45,Bronze,Shopee,Remote_Area,1311,Lazada,COD,9,7,6,1,40-50,43.7,4.0,1.0,0.25,130,133,4676.055,0.23,0.75,0.25,0.0,0.0,0,0,0.0,0.0,0,0,0.0,0.0,0,0,0.0,18704.22,4,1,0.25,1
LGS2ORD0023534,C012766,2025-07-06 09:00:00,Male,33,Platinum,Shopee,Chiang Mai,201,Shopee,COD,9,7,6,1,30-40,6.7,3.0,1.0,0.3333333333333333,34,49,10779.57,0.2,0.6666666666666666,0.0,0.0,0.0,0,0,0.0,0.0,0,0,0.0,26554.46,2,1,0.5,32338.71,3,1,0.3333333333333333,0
LGS2ORD0023535,C010667,2025-07-06 09:00:00,Other,72,Bronze,Shopee,Remote_Area,837,Lazada,PromptPay,9,7,6,1,>50,27.9,4.0,2.0,0.5,71,65,10170.82,0.18,0.5,0.0,0.25,0.0,0,0,0.0,0.0,0,0,0.0,8455.82,2,1,0.5,40683.28,4,2,0.5,0
LGS2ORD0023536,C017909,2025-07-06 09:00:00,Female,35,Platinum,Web,Bangkok,483,Web,COD,9,7,6,1,30-40,16.1,2.0,0.0,0.0,-1,76,1077.33,0.25,0.5,1.0,0.0,0.0,0,0,0.0,0.0,0,0,0.0,2154.66,2,0,0.0,2154.66,2,0,0.0,0
LGS2ORD0023537,C014936,2025-07-06 09:00:00,Female,32,Silver,CallCenter,Nakhon Ratchasima,1472,Shopee,Credit_Card,9,7,6,1,30-40,49.06666666666667,2.0,0.0,0.0,-1,13,2018.75,0.25,0.5,0.5,0.0,0.0,0,0,0.0,685.23,1,0,0.0,685.23,1,0,0.0,4037.5,2,0,0.0,1
LGS2ORD0023538,C011514,2025-07-06 10:00:00,Female,25,Gold,Lazada,Bangkok,537,Web,COD,10,7,6,1,20-30,17.9,3.0,1.0,0.3333333333333333,49,43,3867.8666666666672,0.18,0.6666666666666666,0.0,0.0,0.0,0,0,0.0,0.0,0,0,0.0,3482.63,2,1,0.5,11603.600000000002,3,1,0.3333333333333333,0
LGS2ORD0023539,C010657,2025-07-06 10:00:00,Female,45,Bronze,Shopee,Phuket,907,Lazada,COD,10,7,6,1,40-50,30.233333333333334,2.0,0.0,0.0,-1,93,2493.085,0.13,0.5,0.0,0.0,0.0,0,0,0.0,0.0,0,0,0.0,0.0,0,0,0.0,4986.17,2,0,0.0,1
LGS2ORD0023540,C013421,2025-07-06 10:00:00,Male,38,Gold,Lazada,Bangkok,984,TV_Show,Credit_Card,10,7,6,1,30-40,32.8,1.0,1.0,1.0,32,40,2795.68,0.2299999999999999,1.0,1.0,0.0,0.0,0,0,0.0,0.0,0,0,0.0,2795.68,1,1,1.0,2795.68,1,1,1.0,0
LGS2ORD0023541,C014282,2025-07-06 10:00:00,Male,48,Gold,Shopee,Remote_Area,994,Web,PromptPay,10,7,6,1,40-50,33.13333333333333,1.0,0.0,0.0,-1,138,1538.6,0.08,0.0,0.0,0.0,0.0,0,0,0.0,0.0,0,0,0.0,0.0,0,0,0.0,1538.6,1,0,0.0,0
LGS2ORD0023542,C017976,2025-07-06 10:00:00,Female,37,Silver,TV,Chonburi,1521,TV_Show,Credit_Card,10,7,6,1,30-40,50.7,3.0,1.0,0.3333333333333333,82,5,6107.426666666667,0.1,0.6666666666666666,0.0,0.0,1026.74,1,0,0.0,1026.74,1,0,0.0,1026.74,1,0,0.0,18322.280000000002,3,1,0.3333333333333333,0
LGS2ORD0023543,C013324,2025-07-06 10:00:00,Female,54,Bronze,TV,Chiang Mai,1447,Lazada,Bank_Transfer,10,7,6,1,>50,48.233333333333334,2.0,1.0,0.5,146,149,948.3499999999999,0.28,0.5,0.5,0.0,0.0,0,0,0.0,0.0,0,0,0.0,0.0,0,0,0.0,1896.6999999999998,2,1,0.5,1
LGS2ORD0023544,C014357,2025-07-06 11:00:00,Female,39,Silver,TV,Songkhla,1073,Lazada,COD,11,7,6,1,30-40,35.766666666666666,2.0,0.0,0.0,-1,42,14002.66,0.15,0.5,0.0,0.0,0.0,0,0,0.0,0.0,0,0,0.0,28005.32,2,0,0.0,28005.32,2,0,0.0,0
LGS2ORD0023545,C016003,2025-07-06 11:00:00,Female,33,Bronze,TV,Bangkok,962,CallCenter,PromptPay,11,7,6,1,30-40,32.06666666666667,4.0,2.0,0.5,73,85,5896.985000000001,0.18,0.25,0.0,0.0,0.0,0,0,0.0,0.0,0,0,0.0,8376.19,1,1,1.0,23587.940000000002,4,2,0.5,0
LGS2ORD0023546,C015608,2025-07-06 11:00:00,Female,41,Bronze,Shopee,Bangkok,959,Lazada,COD,11,7,6,1,40-50,31.966666666666665,2.0,1.0,0.5,110,118,5005.01,0.28,0.5,0.5,0.0,0.0,0,0,0.0,0.0,0,0,0.0,0.0,0,0,0.0,10010.02,2,1,0.5,1
LGS2ORD0023547,C017718,2025-07-06 11:00:00,Female,24,Gold,Shopee,Songkhla,526,TV_Show,Credit_Card,11,7,6,1,20-30,17.533333333333335,8.0,2.0,0.25,128,40,7207.74,0.28,0.125,0.25,0.0,0.0,0,0,0.0,0.0,0,0,0.0,3029.3399999999997,2,0,0.0,57661.92,8,2,0.25,1
LGS2ORD0023548,C010974,2025-07-06 11:00:00,Male,19,Bronze,Lazada,Bangkok,1456,Shopee,COD,11,7,6,1,<20,48.53333333333333,1.0,0.0,0.0,-1,45,9655.85,0.08,0.0,0.0,0.0,0.0,0,0,0.0,0.0,0,0,0.0,9655.85,1,0,0.0,9655.85,1,0,0.0,0
LGS2ORD0023549,C013558,2025-07-06 12:00:00,Female,47,Bronze,TV,Bangkok,677,Lazada,Credit_Card,12,7,6,1,40-50,22.566666666666666,4.0,0.0,0.0,-1,34,11341.545,0.18,0.25,0.0,0.0,0.0,0,0,0.0,0.0,0,0,0.0,13291.75,2,0,0.0,45366.18,4,0,0.0,0
LGS2ORD0023550,C011651,2025-07-06 12:00:00,Female,33,Silver,Shopee,Bangkok,1207,TV_Show,COD,12,7,6,1,30-40,40.233333333333334,0.0,0.0,0.0,-1,-1,0.0,0.0,0.0,0.0,0.0,0.0,0,0,0.0,0.0,0,0,0.0,0.0,0,0,0.0,0.0,0,0,0.0,0
LGS2ORD0023551,C010667,2025-07-06 12:00:00,Other,72,Bronze,Shopee,Remote_Area,837,CallCenter,COD,12,7,6,1,>50,27.9,5.0,2.0,0.4,72,0,9636.848,0.23,0.4,0.2,0.2,7500.96,1,0,0.0,7500.96,1,0,0.0,15956.779999999999,3,1,0.3333333333333333,48184.24,5,2,0.4,1
LGS2ORD0023552,C010293,2025-07-06 12:00:00,Female,34,Gold,Shopee,Bangkok,301,Web,COD,12,7,6,1,30-40,10.033333333333333,7.0,0.0,0.0,-1,9,11695.37,0.28,0.2857142857142857,0.5714285714285714,0.0,0.0,0,0,0.0,45963.71000000001,3,0,0.0,65395.350000000006,5,0,0.0,81867.59000000001,7,0,0.0,0
LGS2ORD0023553,C010859,2025-07-06 12:00:00,Female,47,Silver,TV,Songkhla,270,Lazada,Credit_Card,12,7,6,1,40-50,9.0,0.0,0.0,0.0,-1,-1,0.0,0.0,0.0,0.0,0.0,0.0,0,0,0.0,0.0,0,0,0.0,0.0,0,0,0.0,0.0,0,0,0.0,0
LGS2ORD0023554,C011310,2025-07-06 13:00:00,Female,43,Bronze,Shopee,Remote_Area,1613,TV_Show,PromptPay,13,7,6,1,40-50,53.766666666666666,3.0,1.0,0.3333333333333333,14,21,2615.4266666666667,0.18,0.6666666666666666,0.0,0.0,0.0,0,0,0.0,1572.94,1,1,1.0,5868.09,2,1,0.5,7846.280000000001,3,1,0.3333333333333333,0
LGS2ORD0023555,C016584,2025-07-06 13:00:00,Male,62,Gold,Web,Bangkok,588,TV_Show,COD,13,7,6,1,>50,19.6,5.0,1.0,0.2,51,43,5017.99,0.18,0.0,0.0,0.0,0.0,0,0,0.0,0.0,0,0,0.0,17632.46,4,1,0.25,25089.949999999997,5,1,0.2,0
LGS2ORD0023556,C016067,2025-07-06 13:00:00,Male,60,Gold,Web,Remote_Area,1593,Web,COD,13,7,6,1,>50,53.1,6.0,2.0,0.3333333333333333,107,93,7614.001666666666,0.28,0.8333333333333334,0.3333333333333333,0.0,0.0,0,0,0.0,0.0,0,0,0.0,0.0,0,0,0.0,45684.009999999995,6,2,0.3333333333333333,0
LGS2ORD0023557,C014695,2025-07-06 13:00:00,Female,56,Bronze,Shopee,Bangkok,1311,Lazada,COD,13,7,6,1,>50,43.7,5.0,0.0,0.0,-1,14,4637.554000000001,0.28,0.2,0.4,0.0,0.0,0,0,0.0,15900.679999999998,3,0,0.0,18677.89,4,0,0.0,23187.770000000004,5,0,0.0,0
LGS2ORD0023558,C011503,2025-07-06 13:00:00,Female,72,Bronze,Shopee,Khon Kaen,1517,Web,COD,13,7,6,1,>50,50.56666666666667,3.0,0.0,0.0,-1,129,8294.126666666667,0.23,0.0,0.3333333333333333,0.0,0.0,0,0,0.0,0.0,0,0,0.0,0.0,0,0,0.0,24882.38,3,0,0.0,0
LGS2ORD0023559,C017847,2025-07-06 14:00:00,Male,35,Bronze,Web,Phuket,1426,Lazada,Bank_Transfer,14,7,6,1,30-40,47.53333333333333,5.0,0.0,0.0,-1,41,8640.484,0.28,0.6,0.4,0.0,0.0,0,0,0.0,0.0,0,0,0.0,5843.48,1,0,0.0,43202.42,5,0,0.0,0
LGS2ORD0023560,C010058,2025-07-06 14:00:00,Female,39,Bronze,Web,Bangkok,1471,Lazada,PromptPay,14,7,6,1,30-40,49.03333333333333,5.0,1.0,0.2,171,5,4595.83,0.28,0.4,0.4,0.0,2214.99,1,0,0.0,2214.99,1,0,0.0,2214.99,1,0,0.0,22979.15,5,1,0.2,0
LGS2ORD0023561,C014979,2025-07-06 14:00:00,Female,59,Bronze,TV,Chiang Mai,1421,Lazada,COD,14,7,6,1,>50,47.36666666666667,5.0,1.0,0.2,26,26,2643.88,0.28,0.4,0.4,0.0,0.0,0,0,0.0,1743.28,1,0,0.0,9418.03,4,1,0.25,13219.4,5,1,0.2,0
LGS2ORD0023562,C014199,2025-07-06 14:00:00,Other,58,Silver,TV,Khon Kaen,274,CallCenter,COD,14,7,6,1,>50,9.133333333333333,1.0,0.0,0.0,-1,129,7889.75,0.2,0.0,0.0,0.0,0.0,0,0,0.0,0.0,0,0,0.0,0.0,0,0,0.0,7889.75,1,0,0.0,0
LGS2ORD0023563,C010087,2025-07-06 14:00:00,Female,41,Bronze,Shopee,Chiang Mai,1127,Lazada,COD,14,7,6,1,40-50,37.56666666666667,3.0,0.0,0.0,-1,135,5344.026666666667,0.23,0.3333333333333333,0.6666666666666666,0.0,0.0,0,0,0.0,0.0,0,0,0.0,0.0,0,0,0.0,16032.08,3,0,0.0,1
LGS2ORD0023564,C013221,2025-07-06 14:00:00,Male,62,Bronze,Shopee,Bangkok,726,TV_Show,COD,14,7,6,1,>50,24.2,0.0,0.0,0.0,-1,-1,0.0,0.0,0.0,0.0,0.0,0.0,0,0,0.0,0.0,0,0,0.0,0.0,0,0,0.0,0.0,0,0,0.0,0
LGS2ORD0023565,C017754,2025-07-06 15:00:00,Female,54,Silver,TV,Bangkok,869,Web,Bank_Transfer,15,7,6,1,>50,28.966666666666665,3.0,0.0,0.0,-1,43,1823.8300000000002,0.3,0.3333333333333333,0.6666666666666666,0.0,0.0,0,0,0.0,0.0,0,0,0.0,5471.490000000001,3,0,0.0,5471.490000000001,3,0,0.0,0
LGS2ORD0023566,C017466,2025-07-06 15:00:00,Female,34,Silver,Web,Songkhla,529,Shopee,Bank_Transfer,15,7,6,1,30-40,17.633333333333333,2.0,1.0,0.5,76,82,3351.3599999999997,0.25,0.5,0.5,0.0,0.0,0,0,0.0,0.0,0,0,0.0,1586.4,1,1,1.0,6702.719999999999,2,1,0.5,1
LGS2ORD0023567,C011143,2025-07-06 15:00:00,Male,55,Gold,Shopee,Nakhon Ratchasima,851,Lazada,COD,15,7,6,1,>50,28.366666666666667,5.0,1.0,0.2,13,22,6373.902,0.28,0.2,0.4,0.0,0.0,0,0,0.0,474.6,1,1,1.0,12338.03,2,1,0.5,31869.51,5,1,0.2,0
LGS2ORD0023568,C011013,2025-07-06 15:00:00,Male,69,Platinum,TV,Nakhon Ratchasima,1135,Web,Credit_Card,15,7,6,1,>50,37.833333333333336,3.0,0.0,0.0,-1,22,4520.9766666666665,0.15,0.0,0.0,0.0,0.0,0,0,0.0,12453.8,2,0,0.0,12453.8,2,0,0.0,13562.93,3,0,0.0,0
LGS2ORD0023569,C011370,2025-07-06 15:00:00,Female,45,Gold,Shopee,Bangkok,1146,CallCenter,COD,15,7,6,1,40-50,38.2,2.0,1.0,0.5,64,38,1930.675,0.33,1.0,0.5,0.0,0.0,0,0,0.0,0.0,0,0,0.0,3861.35,2,1,0.5,3861.35,2,1,0.5,0
LGS2ORD0023570,C010148,2025-07-06 16:00:00,Female,27,Gold,TV,Songkhla,1460,Web,PromptPay,16,7,6,1,20-30,48.666666666666664,3.0,0.0,0.0,-1,21,4750.393333333333,0.33,0.6666666666666666,0.3333333333333333,0.0,0.0,0,0,0.0,7623.26,2,0,0.0,14251.18,3,0,0.0,14251.18,3,0,0.0,0
LGS2ORD0023571,C017922,2025-07-06 16:00:00,Male,42,Bronze,CallCenter,Khon Kaen,1038,TV_Show,COD,16,7,6,1,40-50,34.6,8.0,2.0,0.25,28,23,3584.6724999999997,0.23,0.5,0.125,0.0,0.0,0,0,0.0,7355.41,1,0,0.0,21570.059999999998,5,1,0.2,28677.379999999997,8,2,0.25,0
LGS2ORD0023572,C017979,2025-07-06 16:00:00,Male,51,Silver,Shopee,Nakhon Ratchasima,1201,Web,COD,16,7,6,1,>50,40.03333333333333,2.0,1.0,0.5,49,59,8667.619999999999,0.25,0.5,0.5,0.0,0.0,0,0,0.0,0.0,0,0,0.0,12036.73,1,1,1.0,17335.239999999998,2,1,0.5,1
LGS2ORD0023573,C011195,2025-07-06 16:00:00,Female,39,Bronze,Lazada,Phuket,847,TV_Show,COD,16,7,6,1,30-40,28.233333333333334,3.0,1.0,0.3333333333333333,97,8,5242.223333333333,0.18,0.6666666666666666,0.0,0.0,0.0,0,0,0.0,1353.84,1,0,0.0,1353.84,1,0,0.0,15726.67,3,1,0.3333333333333333,1
LGS2ORD0023574,C016264,2025-07-06 16:00:00,Female,45,Gold,TV,Chonburi,937,Lazada,COD,16,7,6,1,40-50,31.233333333333334,3.0,0.0,0.0,-1,29,2120.5333333333333,0.18,0.6666666666666666,0.0,0.0,0.0,0,0,0.0,1527.28,1,0,0.0,1527.28,1,0,0.0,6361.599999999999,3,0,0.0,0
LGS2ORD0023575,C017896,2025-07-06 17:00:00,Male,53,Gold,TV,Chiang Mai,742,TV_Show,Credit_Card,17,7,6,1,>50,24.733333333333334,3.0,0.0,0.0,-1,62,9615.493333333334,0.13,0.3333333333333333,0.0,0.0,0.0,0,0,0.0,0.0,0,0,0.0,15682.14,1,0,0.0,28846.48,3,0,0.0,0
LGS2ORD0023576,C010738,2025-07-06 17:00:00,Male,28,Silver,Web,Bangkok,874,CallCenter,COD,17,7,6,1,20-30,29.133333333333333,3.0,1.0,0.3333333333333333,151,67,10153.476666666667,0.1,0.3333333333333333,0.0,0.0,0.0,0,0,0.0,0.0,0,0,0.0,1938.91,1,0,0.0,30460.43,3,1,0.3333333333333333,1
LGS2ORD0023577,C014915,2025-07-06 17:00:00,Female,33,Gold,Shopee,Nakhon Ratchasima,1084,TV_Show,COD,17,7,6,1,30-40,36.13333333333333,3.0,0.0,0.0,-1,75,9101.983333333332,0.13,0.3333333333333333,0.0,0.0,0.0,0,0,0.0,0.0,0,0,0.0,23486.67,1,0,0.0,27305.949999999997,3,0,0.0,0
LGS2ORD0023578,C017314,2025-07-06 17:00:00,Male,41,Bronze,Web,Remote_Area,1638,Shopee,Credit_Card,17,7,6,1,40-50,54.6,3.0,2.0,0.6666666666666666,127,135,1942.4800000000002,0.23,0.3333333333333333,0.3333333333333333,0.0,0.0,0,0,0.0,0.0,0,0,0.0,0.0,0,0,0.0,5827.4400000000005,3,2,0.6666666666666666,0
LGS2ORD0023579,C010248,2025-07-06 17:00:00,Female,63,Platinum,Shopee,Bangkok,413,TV_Show,COD,17,7,6,1,>50,13.766666666666667,3.0,1.0,0.3333333333333333,133,94,2939.513333333333,0.3,0.3333333333333333,0.3333333333333333,0.0,0.0,0,0,0.0,0.0,0,0,0.0,0.0,0,0,0.0,8818.539999999999,3,1,0.3333333333333333,0
LGS2ORD0023580,C014252,2025-07-06 18:00:00,Male,30,Silver,Lazada,Chonburi,951,Shopee,COD,18,7,6,1,20-30,31.7,2.0,0.0,0.0,-1,128,4990.950000000001,0.3,0.5,0.5,0.0,0.0,0,0,0.0,0.0,0,0,0.0,0.0,0,0,0.0,9981.900000000001,2,0,0.0,0
LGS2ORD0023581,C012718,2025-07-06 18:00:00,Male,53,Bronze,TV,Remote_Area,370,TV_Show,COD,18,7,6,1,>50,12.333333333333334,5.0,4.0,0.8,-16,2,5230.512000000001,0.23,0.8,0.2,0.0,477.38,1,1,1.0,477.38,1,1,1.0,477.38,1,1,1.0,26152.56,5,4,0.8,0
LGS2ORD0023582,C010618,2025-07-06 18:00:00,Other,45,Bronze,Shopee,Nakhon Ratchasima,1118,CallCenter,COD,18,7,6,1,40-50,37.266666666666666,4.0,0.0,0.0,-1,37,8688.357500000002,0.28,0.25,0.75,0.0,0.0,0,0,0.0,0.0,0,0,0.0,16063.050000000001,3,0,0.0,34753.43000000001,4,0,0.0,0
LGS2ORD0023583,C016550,2025-07-06 18:00:00,Male,32,Bronze,Shopee,Bangkok,1531,Shopee,COD,18,7,6,1,30-40,51.03333333333333,3.0,0.0,0.0,-1,30,1670.9433333333334,0.28,1.0,0.3333333333333333,0.0,0.0,0,0,0.0,0.0,0,0,0.0,952.61,1,0,0.0,5012.83,3,0,0.0,0
LGS2ORD0023584,C010920,2025-07-06 18:00:00,Male,21,Gold,CallCenter,Bangkok,1299,Web,Credit_Card,18,7,6,1,20-30,43.3,5.0,2.0,0.4,71,36,1585.988,0.28,0.2,0.8,0.0,0.0,0,0,0.0,0.0,0,0,0.0,1851.0800000000002,2,1,0.5,7929.9400000000005,5,2,0.4,0
LGS2ORD0023585,C010440,2025-07-06 18:00:00,Male,36,Gold,Shopee,Chiang Mai,779,Lazada,PromptPay,18,7,6,1,30-40,25.966666666666665,7.0,1.0,0.14285714285714285,0,8,2651.9914285714285,0.28,0.42857142857142855,0.42857142857142855,0.0,0.0,0,0,0.0,5088.950000000001,3,1,0.3333333333333333,7292.27,4,1,0.25,18563.94,7,1,0.14285714285714285,0
LGS2ORD0023586,C015103,2025-07-06 19:00:00,Female,34,Bronze,Shopee,Bangkok,1408,Lazada,COD,19,7,6,1,30-40,46.93333333333333,2.0,0.0,0.0,-1,41,1577.135,0.23,0.5,0.5,0.0,0.0,0,0,0.0,0.0,0,0,0.0,3154.27,2,0,0.0,3154.27,2,0,0.0,1
LGS2ORD0023587,C010509,2025-07-06 19:00:00,Female,31,Gold,Shopee,Songkhla,1167,Lazada,PromptPay,19,7,6,1,30-40,38.9,2.0,1.0,0.5,114,109,3107.435,0.28,1.0,0.5,0.0,0.0,0,0,0.0,0.0,0,0,0.0,0.0,0,0,0.0,6214.87,2,1,0.5,1
LGS2ORD0023588,C014293,2025-07-06 19:00:00,Male,72,Bronze,TV,Remote_Area,1480,Lazada,COD,19,7,6,1,>50,49.333333333333336,2.0,0.0,0.0,-1,16,1142.9099999999999,0.18,0.0,0.0,0.0,0.0,0,0,0.0,1175.95,1,0,0.0,2285.8199999999997,2,0,0.0,2285.8199999999997,2,0,0.0,0
LGS2ORD0023589,C012501,2025-07-06 19:00:00,Male,60,Gold,CallCenter,Chonburi,1163,Web,Credit_Card,19,7,6,1,>50,38.766666666666666,1.0,1.0,1.0,6,23,5841.06,0.08,0.0,0.0,0.0,0.0,0,0,0.0,5841.06,1,1,1.0,5841.06,1,1,1.0,5841.06,1,1,1.0,0
LGS2ORD0023590,C015166,2025-07-06 19:00:00,Male,33,Silver,Shopee,Nakhon Ratchasima,1613,Web,COD,19,7,6,1,30-40,53.766666666666666,1.0,0.0,0.0,-1,110,16141.92,0.05,1.0,0.0,0.0,0.0,0,0,0.0,0.0,0,0,0.0,0.0,0,0,0.0,16141.92,1,0,0.0,0
LGS2ORD0023591,C016758,2025-07-06 20:00:00,Female,28,Platinum,Shopee,Bangkok,1228,CallCenter,PromptPay,20,7,6,1,20-30,40.93333333333333,1.0,0.0,0.0,-1,16,2898.51,0.2,0.0,0.0,0.0,0.0,0,0,0.0,2898.51,1,0,0.0,2898.51,1,0,0.0,2898.51,1,0,0.0,0
LGS2ORD0023592,C010392,2025-07-06 20:00:00,Female,46,Bronze,Shopee,Bangkok,543,Shopee,PromptPay,20,7,6,1,40-50,18.1,2.0,0.0,0.0,-1,88,10178.405,0.28,0.5,0.5,0.0,0.0,0,0,0.0,0.0,0,0,0.0,15936.04,1,0,0.0,20356.81,2,0,0.0,0
LGS2ORD0023593,C011550,2025-07-06 20:00:00,Female,53,Silver,Shopee,Nakhon Ratchasima,556,Lazada,Bank_Transfer,20,7,6,1,>50,18.533333333333335,5.0,0.0,0.0,-1,16,9409.24,0.25,0.8,0.2,0.0,0.0,0,0,0.0,1061.05,1,0,0.0,2049.14,2,0,0.0,47046.2,5,0,0.0,0
LGS2ORD0023594,C011294,2025-07-06 20:00:00,Female,29,Silver,TV,Bangkok,969,CallCenter,COD,20,7,6,1,20-30,32.3,3.0,1.0,0.3333333333333333,63,71,2945.343333333333,0.3,0.3333333333333333,0.6666666666666666,0.0,0.0,0,0,0.0,0.0,0,0,0.0,5197.75,1,1,1.0,8836.029999999999,3,1,0.3333333333333333,1
LGS2ORD0023595,C016660,2025-07-06 20:00:00,Male,36,Bronze,Web,Bangkok,1599,Shopee,Credit_Card,20,7,6,1,30-40,53.3,2.0,0.0,0.0,-1,92,18871.705,0.18,0.0,0.0,0.0,0.0,0,0,0.0,0.0,0,0,0.0,0.0,0,0,0.0,37743.41,2,0,0.0,0
LGS2ORD0023596,C014029,2025-07-06 21:00:00,Female,50,Platinum,Shopee,Bangkok,1124,Shopee,COD,21,7,6,1,40-50,37.46666666666667,2.0,0.0,0.0,-1,17,10359.89,0.3,0.5,0.5,0.0,0.0,0,0,0.0,20719.78,2,0,0.0,20719.78,2,0,0.0,20719.78,2,0,0.0,0
LGS2ORD0023597,C016941,2025-07-06 21:00:00,Female,51,Silver,Shopee,Chiang Mai,740,Web,Bank_Transfer,21,7,6,1,>50,24.666666666666668,2.0,0.0,0.0,-1,108,7703.275,0.2,0.0,0.0,0.0,0.0,0,0,0.0,0.0,0,0,0.0,0.0,0,0,0.0,15406.55,2,0,0.0,0
LGS2ORD0023598,C016246,2025-07-06 21:00:00,Female,59,Silver,Shopee,Khon Kaen,968,Lazada,Credit_Card,21,7,6,1,>50,32.266666666666666,3.0,1.0,0.3333333333333333,140,46,7077.393333333334,0.2,0.6666666666666666,0.0,0.0,0.0,0,0,0.0,0.0,0,0,0.0,1238.31,1,0,0.0,21232.180000000004,3,1,0.3333333333333333,0
LGS2ORD0023599,C011385,2025-07-06 21:00:00,Female,57,Bronze,TV,Bangkok,224,Lazada,COD,21,7,6,1,>50,7.466666666666667,8.0,1.0,0.125,38,19,4002.795,0.23,0.5,0.25,0.0,0.0,0,0,0.0,1580.02,1,0,0.0,32022.36,8,1,0.125,32022.36,8,1,0.125,0
LGS2ORD0023600,C010086,2025-07-06 21:00:00,Male,63,Bronze,CallCenter,Bangkok,255,Web,COD,21,7,6,1,>50,8.5,0.0,0.0,0.0,-1,-1,0.0,0.0,0.0,0.0,0.0,0.0,0,0,0.0,0.0,0,0,0.0,0.0,0,0,0.0,0.0,0,0,0.0,0
LGS2ORD0023601,C017662,2025-07-06 22:00:00,Female,57,Platinum,Web,Chiang Mai,1399,TV_Show,COD,22,7,6,1,>50,46.63333333333333,2.0,1.0,0.5,-12,3,5634.6849999999995,0.15,0.5,0.0,0.0,10181.73,1,1,1.0,11269.369999999999,2,1,0.5,11269.369999999999,2,1,0.5,11269.369999999999,2,1,0.5,0
LGS2ORD0023602,C016452,2025-07-06 22:00:00,Female,37,Gold,TV,Chiang Mai,1313,Lazada,Bank_Transfer,22,7,6,1,30-40,43.766666666666666,3.0,1.0,0.3333333333333333,13,23,8595.113333333333,0.2299999999999999,0.0,0.3333333333333333,0.0,0.0,0,0,0.0,7465.3,1,1,1.0,7465.3,1,1,1.0,25785.34,3,1,0.3333333333333333,0
LGS2ORD0023603,C016232,2025-07-06 22:00:00,Male,29,Platinum,TV,Bangkok,967,Web,COD,22,7,6,1,20-30,32.233333333333334,3.0,1.0,0.3333333333333333,136,74,4519.693333333334,0.2,0.6666666666666666,0.0,0.0,0.0,0,0,0.0,0.0,0,0,0.0,2947.99,1,0,0.0,13559.08,3,1,0.3333333333333333,0
LGS2ORD0023604,C010421,2025-07-06 22:00:00,Female,42,Bronze,Lazada,Songkhla,706,CallCenter,PromptPay,22,7,6,1,40-50,23.533333333333335,2.0,1.0,0.5,75,84,4859.23,0.23,0.0,1.0,0.0,0.0,0,0,0.0,0.0,0,0,0.0,8758.49,1,1,1.0,9718.46,2,1,0.5,0
LGS2ORD0023605,C010840,2025-07-06 22:00:00,Female,29,Bronze,Web,Chiang Mai,985,TV_Show,PromptPay,22,7,6,1,20-30,32.833333333333336,2.0,0.0,0.0,-1,155,9250.564999999999,0.08,0.5,0.0,0.0,0.0,0,0,0.0,0.0,0,0,0.0,0.0,0,0,0.0,18501.129999999997,2,0,0.0,0
LGS2ORD0023606,C016646,2025-07-06 22:00:00,Male,38,Bronze,TV,Chiang Mai,484,Web,COD,22,7,6,1,30-40,16.133333333333333,7.0,2.0,0.2857142857142857,7,19,3581.2642857142855,0.28,0.7142857142857143,0.14285714285714285,0.0,0.0,0,0,0.0,1144.53,1,1,1.0,3765.17,3,2,0.6666666666666666,25068.85,7,2,0.2857142857142857,0
LGS2ORD0023607,C011266,2025-07-06 23:00:00,Female,53,Bronze,Web,Remote_Area,1277,Web,Bank_Transfer,23,7,6,1,>50,42.56666666666667,3.0,1.0,0.3333333333333333,38,21,2924.7099999999996,0.18,0.6666666666666666,0.0,0.0,0.0,0,0,0.0,1792.3,1,0,0.0,8774.13,3,1,0.3333333333333333,8774.13,3,1,0.3333333333333333,0
LGS2ORD0023608,C015716,2025-07-06 23:00:00,Male,27,Bronze,Lazada,Chiang Mai,795,Shopee,COD,23,7,6,1,20-30,26.5,4.0,1.0,0.25,139,28,2177.6625000000004,0.23,0.5,0.25,0.0,0.0,0,0,0.0,3975.13,1,0,0.0,4376.9400000000005,2,0,0.0,8710.650000000001,4,1,0.25,0
LGS2ORD0023609,C017537,2025-07-06 23:00:00,Male,21,Bronze,TV,Khon Kaen,1432,CallCenter,COD,23,7,6,1,20-30,47.733333333333334,4.0,1.0,0.25,109,5,3785.0675,0.23,0.5,0.25,0.0,722.87,1,0,0.0,722.87,1,0,0.0,6574.19,2,0,0.0,15140.27,4,1,0.25,1
LGS2ORD0023610,C010611,2025-07-06 23:00:00,Female,72,Bronze,Shopee,Songkhla,1374,Lazada,COD,23,7,6,1,>50,45.8,6.0,1.0,0.16666666666666666,97,18,3986.1316666666667,0.23,0.5,0.16666666666666666,0.0,0.0,0,0,0.0,6854.98,2,0,0.0,9980.79,3,0,0.0,23916.79,6,1,0.16666666666666666,1
LGS2ORD0023611,C013698,2025-07-06 23:00:00,Female,24,Bronze,TV,Remote_Area,518,TV_Show,COD,23,7,6,1,20-30,17.266666666666666,6.0,3.0,0.5,8,17,2812.3233333333333,0.28,0.5,0.3333333333333333,0.0,0.0,0,0,0.0,1574.79,1,1,1.0,6637.87,3,2,0.6666666666666666,16873.94,6,3,0.5,0
LGS2ORD0023612,C013601,2025-07-07 00:00:00,Male,36,Bronze,Web,Remote_Area,1525,CallCenter,PromptPay,0,7,0,0,30-40,50.833333333333336,3.0,1.0,0.3333333333333333,29,45,8013.263333333333,0.28,0.3333333333333333,0.3333333333333333,0.0,0.0,0,0,0.0,0.0,0,0,0.0,22347.77,2,1,0.5,24039.79,3,1,0.3333333333333333,1
LGS2ORD0023613,C011945,2025-07-07 00:00:00,Female,44,Bronze,CallCenter,Bangkok,711,CallCenter,Credit_Card,0,7,0,0,40-50,23.7,6.0,3.0,0.5,32,2,4599.731666666667,0.23,0.6666666666666666,0.3333333333333333,0.0,12528.24,2,0,0.0,12528.24,2,0,0.0,26522.629999999997,5,2,0.4,27598.39,6,3,0.5,0
LGS2ORD0023614,C012716,2025-07-07 00:00:00,Male,54,Bronze,Lazada,Songkhla,858,Web,COD,0,7,0,0,>50,28.6,5.0,2.0,0.4,-3,6,4359.342,0.28,0.6,0.4,0.0,2021.19,1,1,1.0,2021.19,1,1,1.0,6745.950000000001,2,1,0.5,21796.71,5,2,0.4,1
LGS2ORD0023615,C013531,2025-07-07 00:00:00,Female,57,Platinum,TV,Chiang Mai,1313,Web,Credit_Card,0,7,0,0,>50,43.766666666666666,3.0,0.0,0.0,-1,21,4226.156666666667,0.35,0.3333333333333333,0.3333333333333333,0.0,0.0,0,0,0.0,985.99,1,0,0.0,12678.47,3,0,0.0,12678.47,3,0,0.0,0
LGS2ORD0023616,C014601,2025-07-07 00:00:00,Female,34,Bronze,TV,Songkhla,623,TV_Show,Credit_Card,0,7,0,0,30-40,20.766666666666666,4.0,2.0,0.5,12,18,3469.4375,0.18,0.5,0.0,0.0,0.0,0,0,0.0,3341.32,1,1,1.0,3341.32,1,1,1.0,13877.75,4,2,0.5,0
LGS2ORD0023617,C015647,2025-07-07 01:00:00,Other,46,Bronze,TV,Remote_Area,938,Shopee,Credit_Card,1,7,0,0,40-50,31.266666666666666,4.0,2.0,0.5,29,37,5203.965,0.23,0.25,0.25,0.0,0.0,0,0,0.0,0.0,0,0,0.0,7247.0,1,1,1.0,20815.86,4,2,0.5,0
LGS2ORD0023618,C011301,2025-07-07 01:00:00,Female,35,Gold,TV,Nakhon Ratchasima,317,Shopee,PromptPay,1,7,0,0,30-40,10.566666666666666,1.0,0.0,0.0,-1,40,4236.76,0.2299999999999999,1.0,1.0,0.0,0.0,0,0,0.0,0.0,0,0,0.0,4236.76,1,0,0.0,4236.76,1,0,0.0,0
LGS2ORD0023619,C013479,2025-07-07 01:00:00,Male,27,Silver,TV,Songkhla,539,CallCenter,PromptPay,1,7,0,0,20-30,17.966666666666665,2.0,1.0,0.5,169,40,1154.54,0.2,0.5,0.0,0.0,0.0,0,0,0.0,0.0,0,0,0.0,1371.78,1,0,0.0,2309.08,2,1,0.5,0
LGS2ORD0023620,C012953,2025-07-07 01:00:00,Male,54,Bronze,TV,Nakhon Ratchasima,1092,Shopee,COD,1,7,0,0,>50,36.4,0.0,0.0,0.0,-1,-1,0.0,0.0,0.0,0.0,0.0,0.0,0,0,0.0,0.0,0,0,0.0,0.0,0,0,0.0,0.0,0,0,0.0,0
LGS2ORD0023621,C011435,2025-07-07 01:00:00,Female,48,Silver,Web,Bangkok,1078,Shopee,COD,1,7,0,0,40-50,35.93333333333333,1.0,0.0,0.0,-1,175,211.03,0.1,1.0,0.0,0.0,0.0,0,0,0.0,0.0,0,0,0.0,0.0,0,0,0.0,211.03,1,0,0.0,1
LGS2ORD0023622,C016718,2025-07-07 01:00:00,Male,72,Silver,Lazada,Songkhla,1504,Lazada,COD,1,7,0,0,>50,50.13333333333333,4.0,1.0,0.25,36,48,2776.79,0.2,0.75,0.0,0.0,0.0,0,0,0.0,0.0,0,0,0.0,5300.17,2,1,0.5,11107.16,4,1,0.25,0
LGS2ORD0023623,C013276,2025-07-07 02:00:00,Female,35,Bronze,Web,Phuket,1077,Web,Credit_Card,2,7,0,0,30-40,35.9,5.0,1.0,0.2,98,27,6743.408,0.28,0.2,0.4,0.0,0.0,0,0,0.0,566.67,1,0,0.0,566.67,1,0,0.0,33717.04,5,1,0.2,0
LGS2ORD0023624,C012068,2025-07-07 02:00:00,Male,45,Bronze,CallCenter,Bangkok,881,TV_Show,Bank_Transfer,2,7,0,0,40-50,29.366666666666667,1.0,0.0,0.0,-1,9,1552.06,0.23,0.0,1.0,0.0,0.0,0,0,0.0,1552.06,1,0,0.0,1552.06,1,0,0.0,1552.06,1,0,0.0,0
LGS2ORD0023625,C012347,2025-07-07 02:00:00,Female,33,Bronze,TV,Nakhon Ratchasima,981,TV_Show,COD,2,7,0,0,30-40,32.7,1.0,0.0,0.0,-1,146,13943.86,0.03,0.0,0.0,0.0,0.0,0,0,0.0,0.0,0,0,0.0,0.0,0,0,0.0,13943.86,1,0,0.0,1
LGS2ORD0023626,C013581,2025-07-07 02:00:00,Female,28,Silver,Lazada,Bangkok,920,Shopee,Credit_Card,2,7,0,0,20-30,30.666666666666668,2.0,0.0,0.0,-1,8,3215.3149999999996,0.2,0.0,0.0,0.0,0.0,0,0,0.0,4189.61,1,0,0.0,6430.629999999999,2,0,0.0,6430.629999999999,2,0,0.0,0
LGS2ORD0023627,C013123,2025-07-07 02:00:00,Male,40,Silver,TV,Bangkok,1226,CallCenter,COD,2,7,0,0,30-40,40.86666666666667,1.0,1.0,1.0,128,136,2231.92,0.25,0.0,1.0,0.0,0.0,0,0,0.0,0.0,0,0,0.0,0.0,0,0,0.0,2231.92,1,1,1.0,0
LGS2ORD0023628,C010872,2025-07-07 03:00:00,Male,23,Gold,Web,Chonburi,574,CallCenter,Credit_Card,3,7,0,0,20-30,19.133333333333333,4.0,0.0,0.0,-1,88,5925.602500000001,0.28,0.25,0.25,0.0,0.0,0,0,0.0,0.0,0,0,0.0,5960.65,1,0,0.0,23702.410000000003,4,0,0.0,0
LGS2ORD0023629,C013769,2025-07-07 03:00:00,Male,41,Platinum,CallCenter,Nakhon Ratchasima,923,Web,Bank_Transfer,3,7,0,0,40-50,30.766666666666666,1.0,0.0,0.0,-1,67,815.62,0.2,1.0,0.0,0.0,0.0,0,0,0.0,0.0,0,0,0.0,815.62,1,0,0.0,815.62,1,0,0.0,0
LGS2ORD0023630,C017306,2025-07-07 03:00:00,Female,22,Silver,Shopee,Chiang Mai,871,Shopee,Credit_Card,3,7,0,0,20-30,29.033333333333335,3.0,1.0,0.3333333333333333,37,24,2737.806666666667,0.25,0.0,0.3333333333333333,0.0,0.0,0,0,0.0,1360.03,1,0,0.0,5358.2699999999995,2,1,0.5,8213.42,3,1,0.3333333333333333,0
LGS2ORD0023631,C010289,2025-07-07 03:00:00,Male,44,Silver,Web,Nakhon Ratchasima,384,Lazada,COD,3,7,0,0,40-50,12.8,3.0,0.0,0.0,-1,34,3655.6633333333334,0.25,0.6666666666666666,0.3333333333333333,0.0,0.0,0,0,0.0,0.0,0,0,0.0,5462.530000000001,2,0,0.0,10966.99,3,0,0.0,0
LGS2ORD0023632,C012683,2025-07-07 03:00:00,Male,61,Silver,Web,Phuket,957,TV_Show,COD,3,7,0,0,>50,31.9,9.0,3.0,0.3333333333333333,-6,8,5825.937777777777,0.3,0.4444444444444444,0.2222222222222222,0.0,0.0,0,0,0.0,14003.630000000001,4,2,0.5,50164.59,8,2,0.25,52433.439999999995,9,3,0.3333333333333333,1
LGS2ORD0023633,C015147,2025-07-07 04:00:00,Female,40,Platinum,Lazada,Chiang Mai,1415,Lazada,COD,4,7,0,0,30-40,47.166666666666664,3.0,1.0,0.3333333333333333,24,30,7698.416666666667,0.15,0.3333333333333333,0.0,0.0,0.0,0,0,0.0,0.0,0,0,0.0,3470.94,1,1,1.0,23095.25,3,1,0.3333333333333333,1
LGS2ORD0023634,C013440,2025-07-07 04:00:00,Female,48,Silver,Shopee,Bangkok,1190,Shopee,Credit_Card,4,7,0,0,40-50,39.666666666666664,2.0,1.0,0.5,10,29,1802.71,0.1,0.5,0.0,0.0,0.0,0,0,0.0,1470.4,1,1,1.0,1470.4,1,1,1.0,3605.42,2,1,0.5,0
LGS2ORD0023635,C014719,2025-07-07 04:00:00,Female,56,Bronze,Shopee,Chonburi,937,Web,Credit_Card,4,7,0,0,>50,31.233333333333334,6.0,1.0,0.16666666666666666,173,35,2735.8016666666667,0.18,0.5,0.0,0.0,0.0,0,0,0.0,0.0,0,0,0.0,3977.4799999999996,3,0,0.0,16414.81,6,1,0.16666666666666666,1
LGS2ORD0023636,C013916,2025-07-07 04:00:00,Male,26,Gold,CallCenter,Bangkok,972,Lazada,PromptPay,4,7,0,0,20-30,32.4,2.0,0.0,0.0,-1,10,1129.15,0.33,0.5,0.5,0.0,0.0,0,0,0.0,1531.54,1,0,0.0,1531.54,1,0,0.0,2258.3,2,0,0.0,0
LGS2ORD0023637,C010879,2025-07-07 04:00:00,Male,44,Bronze,Web,Bangkok,1511,TV_Show,COD,4,7,0,0,40-50,50.36666666666667,8.0,1.0,0.125,4,9,7820.96375,0.23,0.125,0.25,0.0,0.0,0,0,0.0,33125.69,4,1,0.25,53691.990000000005,6,1,0.16666666666666666,62567.71,8,1,0.125,0
LGS2ORD0023638,C010872,2025-07-07 05:00:00,Male,23,Gold,Web,Chonburi,574,Web,Credit_Card,5,7,0,0,20-30,19.133333333333333,5.0,0.0,0.0,-1,0,5238.484000000001,0.28,0.2,0.4,0.0,2490.01,1,0,0.0,2490.01,1,0,0.0,8450.66,2,0,0.0,26192.420000000006,5,0,0.0,0
LGS2ORD0023639,C012684,2025-07-07 05:00:00,Female,39,Bronze,Web,Songkhla,1579,Web,COD,5,7,0,0,30-40,52.63333333333333,1.0,1.0,1.0,83,90,4763.67,0.03,1.0,0.0,0.0,0.0,0,0,0.0,0.0,0,0,0.0,0.0,0,0,0.0,4763.67,1,1,1.0,0
LGS2ORD0023640,C011709,2025-07-07 05:00:00,Other,33,Silver,CallCenter,Nakhon Ratchasima,340,Web,COD,5,7,0,0,30-40,11.333333333333334,0.0,0.0,0.0,-1,-1,0.0,0.0,0.0,0.0,0.0,0.0,0,0,0.0,0.0,0,0,0.0,0.0,0,0,0.0,0.0,0,0,0.0,1
LGS2ORD0023641,C011845,2025-07-07 05:00:00,Female,27,Bronze,TV,Remote_Area,878,Web,COD,5,7,0,0,20-30,29.266666666666666,3.0,2.0,0.6666666666666666,144,149,1452.5366666666666,0.18,0.6666666666666666,0.0,0.0,0.0,0,0,0.0,0.0,0,0,0.0,0.0,0,0,0.0,4357.61,3,2,0.6666666666666666,0
LGS2ORD0023642,C012943,2025-07-07 05:00:00,Female,62,Bronze,Web,Bangkok,1582,Web,Bank_Transfer,5,7,0,0,>50,52.733333333333334,2.0,1.0,0.5,34,39,13841.759999999998,0.03,0.0,0.0,0.0,0.0,0,0,0.0,0.0,0,0,0.0,2757.24,1,1,1.0,27683.519999999997,2,1,0.5,0
LGS2ORD0023643,C013160,2025-07-07 05:00:00,Male,37,Silver,TV,Songkhla,748,Web,PromptPay,5,7,0,0,30-40,24.933333333333334,2.0,0.0,0.0,-1,159,6237.42,0.2,0.5,0.0,0.0,0.0,0,0,0.0,0.0,0,0,0.0,0.0,0,0,0.0,12474.84,2,0,0.0,0
LGS2ORD0023644,C017705,2025-07-07 06:00:00,Female,49,Gold,Lazada,Chiang Mai,885,Web,PromptPay,6,7,0,0,40-50,29.5,5.0,0.0,0.0,-1,6,4418.014000000001,0.2299999999999999,0.4,0.2,0.0,7316.86,1,0,0.0,10161.42,3,0,0.0,14031.470000000001,4,0,0.0,22090.070000000003,5,0,0.0,0
LGS2ORD0023645,C017012,2025-07-07 06:00:00,Male,25,Silver,Web,Phuket,572,TV_Show,COD,6,7,0,0,20-30,19.066666666666666,1.0,0.0,0.0,-1,141,8938.22,0.2,1.0,0.0,0.0,0.0,0,0,0.0,0.0,0,0,0.0,0.0,0,0,0.0,8938.22,1,0,0.0,1
LGS2ORD0023646,C010413,2025-07-07 06:00:00,Female,28,Gold,Shopee,Bangkok,1145,Shopee,Bank_Transfer,6,7,0,0,20-30,38.166666666666664,0.0,0.0,0.0,-1,-1,0.0,0.0,0.0,0.0,0.0,0.0,0,0,0.0,0.0,0,0,0.0,0.0,0,0,0.0,0.0,0,0,0.0,0
LGS2ORD0023647,C015951,2025-07-07 06:00:00,Male,30,Gold,Lazada,Chonburi,1329,TV_Show,PromptPay,6,7,0,0,20-30,44.3,2.0,0.0,0.0,-1,15,1823.77,0.2299999999999999,1.0,0.5,0.0,0.0,0,0,0.0,2188.61,1,0,0.0,3647.54,2,0,0.0,3647.54,2,0,0.0,0
LGS2ORD0023648,C013620,2025-07-07 06:00:00,Female,47,Bronze,Shopee,Remote_Area,478,CallCenter,PromptPay,6,7,0,0,40-50,15.933333333333334,3.0,1.0,0.3333333333333333,128,130,762.4966666666666,0.23,0.6666666666666666,0.6666666666666666,0.0,0.0,0,0,0.0,0.0,0,0,0.0,0.0,0,0,0.0,2287.49,3,1,0.3333333333333333,1
LGS2ORD0023649,C013924,2025-07-07 07:00:00,Male,46,Bronze,CallCenter,Bangkok,1064,Web,COD,7,7,0,0,40-50,35.46666666666667,3.0,1.0,0.3333333333333333,124,37,2080.536666666667,0.23,0.6666666666666666,0.3333333333333333,0.0,0.0,0,0,0.0,0.0,0,0,0.0,4977.17,2,0,0.0,6241.610000000001,3,1,0.3333333333333333,0
LGS2ORD0023650,C014440,2025-07-07 07:00:00,Male,53,Bronze,Lazada,Nakhon Ratchasima,485,Lazada,COD,7,7,0,0,>50,16.166666666666668,4.0,2.0,0.5,88,41,4204.29,0.18,0.0,0.0,0.0,0.0,0,0,0.0,0.0,0,0,0.0,4021.79,1,0,0.0,16817.16,4,2,0.5,0
LGS2ORD0023651,C013551,2025-07-07 07:00:00,Male,59,Gold,Shopee,Chiang Mai,1021,Shopee,COD,7,7,0,0,>50,34.03333333333333,1.0,0.0,0.0,-1,25,5247.83,0.18,1.0,0.0,0.0,0.0,0,0,0.0,5247.83,1,0,0.0,5247.83,1,0,0.0,5247.83,1,0,0.0,1
LGS2ORD0023652,C015346,2025-07-07 07:00:00,Female,36,Bronze,Web,Bangkok,1178,Lazada,COD,7,7,0,0,30-40,39.266666666666666,3.0,1.0,0.3333333333333333,161,165,1684.96,0.28,0.6666666666666666,0.3333333333333333,0.0,0.0,0,0,0.0,0.0,0,0,0.0,0.0,0,0,0.0,5054.88,3,1,0.3333333333333333,0
LGS2ORD0023653,C013379,2025-07-07 07:00:00,Female,53,Silver,Web,Bangkok,560,Lazada,Credit_Card,7,7,0,0,>50,18.666666666666668,1.0,1.0,1.0,157,167,1161.91,0.1,0.0,0.0,0.0,0.0,0,0,0.0,0.0,0,0,0.0,0.0,0,0,0.0,1161.91,1,1,1.0,0
LGS2ORD0023654,C017681,2025-07-07 08:00:00,Female,41,Silver,Shopee,Phuket,1402,Web,Credit_Card,8,7,0,0,40-50,46.733333333333334,3.0,1.0,0.3333333333333333,90,99,4751.783333333334,0.3,0.3333333333333333,0.3333333333333333,0.0,0.0,0,0,0.0,0.0,0,0,0.0,0.0,0,0,0.0,14255.35,3,1,0.3333333333333333,0
LGS2ORD0023655,C016237,2025-07-07 08:00:00,Female,40,Silver,CallCenter,Bangkok,1613,CallCenter,Bank_Transfer,8,7,0,0,30-40,53.766666666666666,3.0,0.0,0.0,-1,106,3018.403333333333,0.3,0.3333333333333333,0.3333333333333333,0.0,0.0,0,0,0.0,0.0,0,0,0.0,0.0,0,0,0.0,9055.21,3,0,0.0,0
LGS2ORD0023656,C013455,2025-07-07 08:00:00,Female,29,Bronze,Web,Bangkok,1195,Lazada,COD,8,7,0,0,20-30,39.833333333333336,0.0,0.0,0.0,-1,-1,0.0,0.0,0.0,0.0,0.0,0.0,0,0,0.0,0.0,0,0,0.0,0.0,0,0,0.0,0.0,0,0,0.0,1
LGS2ORD0023657,C017902,2025-07-07 08:00:00,Female,43,Gold,TV,Bangkok,910,Lazada,PromptPay,8,7,0,0,40-50,30.333333333333332,3.0,1.0,0.3333333333333333,141,147,2503.08,0.33,1.0,1.0,0.0,0.0,0,0,0.0,0.0,0,0,0.0,0.0,0,0,0.0,7509.24,3,1,0.3333333333333333,0
LGS2ORD0023658,C011424,2025-07-07 08:00:00,Female,46,Bronze,Lazada,Bangkok,576,CallCenter,COD,8,7,0,0,40-50,19.2,2.0,0.0,0.0,-1,101,9144.5,0.28,0.0,0.5,0.0,0.0,0,0,0.0,0.0,0,0,0.0,0.0,0,0,0.0,18289.0,2,0,0.0,0
LGS2ORD0023659,C014105,2025-07-07 09:00:00,Female,52,Silver,TV,Bangkok,1018,Lazada,COD,9,7,0,0,>50,33.93333333333333,4.0,1.0,0.25,62,59,6829.8949999999995,0.25,0.25,0.5,0.0,0.0,0,0,0.0,0.0,0,0,0.0,6500.530000000001,2,1,0.5,27319.579999999998,4,1,0.25,0
LGS2ORD0023660,C012508,2025-07-07 09:00:00,Male,53,Bronze,Lazada,Songkhla,798,Lazada,COD,9,7,0,0,>50,26.6,3.0,2.0,0.6666666666666666,103,41,1269.1766666666667,0.18,0.3333333333333333,0.0,0.0,0.0,0,0,0.0,0.0,0,0,0.0,1762.73,1,0,0.0,3807.53,3,2,0.6666666666666666,0
LGS2ORD0023661,C010455,2025-07-07 09:00:00,Male,48,Silver,Web,Khon Kaen,663,Lazada,COD,9,7,0,0,40-50,22.1,2.0,0.0,0.0,-1,151,4354.375,0.2,0.5,0.0,0.0,0.0,0,0,0.0,0.0,0,0,0.0,0.0,0,0,0.0,8708.75,2,0,0.0,1
LGS2ORD0023662,C016018,2025-07-07 09:00:00,Female,52,Bronze,Web,Khon Kaen,484,Shopee,PromptPay,9,7,0,0,>50,16.133333333333333,0.0,0.0,0.0,-1,-1,0.0,0.0,0.0,0.0,0.0,0.0,0,0,0.0,0.0,0,0,0.0,0.0,0,0,0.0,0.0,0,0,0.0,0
LGS2ORD0023663,C014127,2025-07-07 09:00:00,Female,40,Silver,TV,Phuket,532,Lazada,COD,9,7,0,0,30-40,17.733333333333334,4.0,2.0,0.5,99,53,1898.9825,0.2,0.5,0.0,0.0,0.0,0,0,0.0,0.0,0,0,0.0,1888.26,1,0,0.0,7595.93,4,2,0.5,1
LGS2ORD0023664,C014522,2025-07-07 09:00:00,Female,51,Silver,Lazada,Nakhon Ratchasima,629,TV_Show,COD,9,7,0,0,>50,20.966666666666665,0.0,0.0,0.0,-1,-1,0.0,0.0,0.0,0.0,0.0,0.0,0,0,0.0,0.0,0,0,0.0,0.0,0,0,0.0,0.0,0,0,0.0,0
LGS2ORD0023665,C014974,2025-07-07 10:00:00,Male,52,Silver,Shopee,Phuket,1039,Web,Bank_Transfer,10,7,0,0,>50,34.63333333333333,4.0,4.0,1.0,37,53,3749.1375000000003,0.25,0.75,0.25,0.0,0.0,0,0,0.0,0.0,0,0,0.0,10864.85,2,2,1.0,14996.550000000001,4,4,1.0,0
LGS2ORD0023666,C016773,2025-07-07 10:00:00,Female,26,Silver,TV,Khon Kaen,596,Web,COD,10,7,0,0,20-30,19.866666666666667,1.0,0.0,0.0,-1,107,3651.66,0.2,0.0,0.0,0.0,0.0,0,0,0.0,0.0,0,0,0.0,0.0,0,0,0.0,3651.66,1,0,0.0,0
LGS2ORD0023667,C011263,2025-07-07 10:00:00,Female,47,Silver,Shopee,Remote_Area,954,CallCenter,Credit_Card,10,7,0,0,40-50,31.8,6.0,4.0,0.6666666666666666,14,29,4659.9366666666665,0.3,0.5,0.5,0.0,0.0,0,0,0.0,15461.19,1,1,1.0,23374.72,5,3,0.6,27959.62,6,4,0.6666666666666666,0
LGS2ORD0023668,C011639,2025-07-07 10:00:00,Male,33,Gold,TV,Nakhon Ratchasima,560,Shopee,COD,10,7,0,0,30-40,18.666666666666668,3.0,1.0,0.3333333333333333,25,22,7529.68,0.18,0.3333333333333333,0.0,0.0,0.0,0,0,0.0,3788.3900000000003,2,1,0.5,3788.3900000000003,2,1,0.5,22589.04,3,1,0.3333333333333333,0
LGS2ORD0023669,C010380,2025-07-07 10:00:00,Male,37,Silver,CallCenter,Bangkok,1484,TV_Show,COD,10,7,0,0,30-40,49.46666666666667,2.0,1.0,0.5,75,4,8838.965,0.2,0.5,0.0,0.0,10839.66,1,0,0.0,10839.66,1,0,0.0,17677.93,2,1,0.5,17677.93,2,1,0.5,0
LGS2ORD0023670,C014832,2025-07-07 11:00:00,Male,34,Bronze,Lazada,Songkhla,432,Shopee,COD,11,7,0,0,30-40,14.4,3.0,1.0,0.3333333333333333,157,56,4753.5233333333335,0.23,0.3333333333333333,0.3333333333333333,0.0,0.0,0,0,0.0,0.0,0,0,0.0,1082.36,1,0,0.0,14260.57,3,1,0.3333333333333333,1
LGS2ORD0023671,C012120,2025-07-07 11:00:00,Female,38,Silver,Shopee,Bangkok,1255,TV_Show,Credit_Card,11,7,0,0,30-40,41.833333333333336,5.0,1.0,0.2,151,37,9237.664,0.3,0.2,0.4,0.0,0.0,0,0,0.0,0.0,0,0,0.0,567.74,1,0,0.0,46188.32,5,1,0.2,0
LGS2ORD0023672,C016758,2025-07-07 11:00:00,Female,28,Platinum,Shopee,Bangkok,1229,Shopee,PromptPay,11,7,0,0,20-30,40.96666666666667,2.0,0.0,0.0,-1,0,2016.98,0.2,0.0,0.0,0.0,1135.45,1,0,0.0,4033.96,2,0,0.0,4033.96,2,0,0.0,4033.96,2,0,0.0,0
LGS2ORD0023673,C010234,2025-07-07 11:00:00,Male,35,Bronze,Web,Bangkok,1279,Web,Bank_Transfer,11,7,0,0,30-40,42.63333333333333,2.0,0.0,0.0,-1,83,9008.075,0.03,0.5,0.0,0.0,0.0,0,0,0.0,0.0,0,0,0.0,908.2,1,0,0.0,18016.15,2,0,0.0,0
LGS2ORD0023674,C017228,2025-07-07 11:00:00,Male,54,Silver,TV,Phuket,345,Shopee,Bank_Transfer,11,7,0,0,>50,11.5,3.0,1.0,0.3333333333333333,70,72,12363.583333333334,0.3,1.0,0.6666666666666666,0.0,0.0,0,0,0.0,0.0,0,0,0.0,1508.18,1,1,1.0,37090.75,3,1,0.3333333333333333,1
LGS2ORD0023675,C011605,2025-07-07 12:00:00,Male,45,Gold,Shopee,Bangkok,952,Web,COD,12,7,0,0,40-50,31.733333333333334,0.0,0.0,0.0,-1,-1,0.0,0.0,0.0,0.0,0.0,0.0,0,0,0.0,0.0,0,0,0.0,0.0,0,0,0.0,0.0,0,0,0.0,0
LGS2ORD0023676,C012566,2025-07-07 12:00:00,Female,34,Gold,Web,Bangkok,284,Lazada,COD,12,7,0,0,30-40,9.466666666666667,3.0,1.0,0.3333333333333333,54,2,3637.1633333333334,0.28,0.0,0.6666666666666666,0.0,372.66,1,0,0.0,372.66,1,0,0.0,10911.49,3,1,0.3333333333333333,10911.49,3,1,0.3333333333333333,1
LGS2ORD0023677,C010832,2025-07-07 12:00:00,Female,37,Gold,TV,Songkhla,483,Web,Bank_Transfer,12,7,0,0,30-40,16.1,4.0,0.0,0.0,-1,13,9499.48,0.2299999999999999,0.75,0.25,0.0,0.0,0,0,0.0,28446.41,1,0,0.0,29146.11,2,0,0.0,37997.92,4,0,0.0,0
LGS2ORD0023678,C014073,2025-07-07 12:00:00,Female,46,Silver,Web,Khon Kaen,719,CallCenter,COD,12,7,0,0,40-50,23.966666666666665,3.0,0.0,0.0,-1,14,7516.233333333334,0.3,0.3333333333333333,0.3333333333333333,0.0,0.0,0,0,0.0,4628.2,1,0,0.0,4628.2,1,0,0.0,22548.7,3,0,0.0,1
LGS2ORD0023679,C016084,2025-07-07 12:00:00,Female,50,Bronze,Lazada,Bangkok,475,TV_Show,COD,12,7,0,0,40-50,15.833333333333334,1.0,1.0,1.0,23,38,5245.22,0.28,1.0,1.0,0.0,0.0,0,0,0.0,0.0,0,0,0.0,5245.22,1,1,1.0,5245.22,1,1,1.0,1
LGS2ORD0023680,C012870,2025-07-07 13:00:00,Male,55,Silver,Web,Bangkok,806,Lazada,Bank_Transfer,13,7,0,0,>50,26.866666666666667,7.0,1.0,0.14285714285714285,128,70,3377.94,0.3,0.2857142857142857,0.2857142857142857,0.0,0.0,0,0,0.0,0.0,0,0,0.0,1089.68,1,0,0.0,23645.58,7,1,0.14285714285714285,1
LGS2ORD0023681,C015319,2025-07-07 13:00:00,Female,41,Bronze,Lazada,Khon Kaen,1638,Lazada,COD,13,7,0,0,40-50,54.6,1.0,1.0,1.0,104,118,8000.86,0.18,1.0,0.0,0.0,0.0,0,0,0.0,0.0,0,0,0.0,0.0,0,0,0.0,8000.86,1,1,1.0,0
LGS2ORD0023682,C012286,2025-07-07 13:00:00,Male,52,Bronze,Web,Khon Kaen,362,Lazada,Credit_Card,13,7,0,0,>50,12.066666666666666,1.0,0.0,0.0,-1,44,3902.67,0.18,1.0,0.0,0.0,0.0,0,0,0.0,0.0,0,0,0.0,3902.67,1,0,0.0,3902.67,1,0,0.0,0
LGS2ORD0023683,C017784,2025-07-07 13:00:00,Female,47,Bronze,TV,Remote_Area,269,CallCenter,COD,13,7,0,0,40-50,8.966666666666667,4.0,3.0,0.75,133,141,3879.2225,0.23,0.0,0.25,0.0,0.0,0,0,0.0,0.0,0,0,0.0,0.0,0,0,0.0,15516.89,4,3,0.75,1
LGS2ORD0023684,C017175,2025-07-07 13:00:00,Male,57,Bronze,Web,Chiang Mai,261,CallCenter,COD,13,7,0,0,>50,8.7,2.0,2.0,1.0,151,159,18674.255,0.23,1.0,0.5,0.0,0.0,0,0,0.0,0.0,0,0,0.0,0.0,0,0,0.0,37348.51,2,2,1.0,0
LGS2ORD0023685,C015632,2025-07-07 13:00:00,Female,43,Bronze,Web,Bangkok,334,TV_Show,Credit_Card,13,7,0,0,40-50,11.133333333333333,3.0,1.0,0.3333333333333333,145,43,11234.36,0.28,0.6666666666666666,0.3333333333333333,0.0,0.0,0,0,0.0,0.0,0,0,0.0,30782.46,2,0,0.0,33703.08,3,1,0.3333333333333333,0
LGS2ORD0023686,C016417,2025-07-07 14:00:00,Male,46,Bronze,Lazada,Songkhla,284,CallCenter,COD,14,7,0,0,40-50,9.466666666666667,3.0,2.0,0.6666666666666666,12,21,7234.343333333333,0.13,1.0,0.0,0.0,0.0,0,0,0.0,4275.26,1,1,1.0,17957.66,2,2,1.0,21703.03,3,2,0.6666666666666666,1
LGS2ORD0023687,C016414,2025-07-07 14:00:00,Female,49,Bronze,Lazada,Nakhon Ratchasima,210,Lazada,PromptPay,14,7,0,0,40-50,7.0,3.0,0.0,0.0,-1,50,8045.033333333334,0.23,0.3333333333333333,0.3333333333333333,0.0,0.0,0,0,0.0,0.0,0,0,0.0,23295.870000000003,2,0,0.0,24135.100000000002,3,0,0.0,0
LGS2ORD0023688,C010844,2025-07-07 14:00:00,Male,44,Silver,TV,Remote_Area,247,TV_Show,COD,14,7,0,0,40-50,8.233333333333333,2.0,1.0,0.5,157,142,8619.880000000001,0.3,0.5,0.5,0.0,0.0,0,0,0.0,0.0,0,0,0.0,0.0,0,0,0.0,17239.760000000002,2,1,0.5,0
LGS2ORD0023689,C013163,2025-07-07 14:00:00,Female,48,Bronze,Shopee,Chiang Mai,493,TV_Show,Credit_Card,14,7,0,0,40-50,16.433333333333334,2.0,1.0,0.5,135,120,9595.145,0.13,0.5,0.0,0.0,0.0,0,0,0.0,0.0,0,0,0.0,0.0,0,0,0.0,19190.29,2,1,0.5,0
LGS2ORD0023690,C010297,2025-07-07 14:00:00,Male,36,Platinum,Shopee,Bangkok,830,Shopee,COD,14,7,0,0,30-40,27.666666666666668,3.0,0.0,0.0,-1,98,7014.753333333334,0.1,0.0,0.0,0.0,0.0,0,0,0.0,0.0,0,0,0.0,0.0,0,0,0.0,21044.260000000002,3,0,0.0,0
LGS2ORD0023691,C017058,2025-07-07 15:00:00,Female,45,Bronze,CallCenter,Chiang Mai,1183,Shopee,COD,15,7,0,0,40-50,39.43333333333333,6.0,1.0,0.16666666666666666,120,33,12370.64,0.18,0.3333333333333333,0.0,0.0,0.0,0,0,0.0,0.0,0,0,0.0,38806.82,3,0,0.0,74223.84,6,1,0.16666666666666666,0
LGS2ORD0023692,C011925,2025-07-07 15:00:00,Male,47,Gold,Lazada,Bangkok,875,Web,COD,15,7,0,0,40-50,29.166666666666668,2.0,0.0,0.0,-1,94,4873.975,0.28,0.0,0.5,0.0,0.0,0,0,0.0,0.0,0,0,0.0,0.0,0,0,0.0,9747.95,2,0,0.0,0
LGS2ORD0023693,C015601,2025-07-07 15:00:00,Female,61,Bronze,TV,Bangkok,1499,CallCenter,Credit_Card,15,7,0,0,>50,49.96666666666667,4.0,1.0,0.25,7,11,8781.2375,0.28,1.0,0.25,0.0,0.0,0,0,0.0,6448.49,2,1,0.5,6448.49,2,1,0.5,35124.95,4,1,0.25,0
LGS2ORD0023694,C012730,2025-07-07 15:00:00,Female,22,Bronze,TV,Chonburi,332,Web,COD,15,7,0,0,20-30,11.066666666666666,10.0,1.0,0.1,108,11,4655.876,0.28,0.3,0.3,0.0,0.0,0,0,0.0,7246.7300000000005,4,0,0.0,40161.34,8,0,0.0,46558.76,10,1,0.1,0
LGS2ORD0023695,C011604,2025-07-07 15:00:00,Male,66,Bronze,CallCenter,Songkhla,626,TV_Show,COD,15,7,0,0,>50,20.866666666666667,1.0,0.0,0.0,-1,170,18122.25,0.03,0.0,0.0,0.0,0.0,0,0,0.0,0.0,0,0,0.0,0.0,0,0,0.0,18122.25,1,0,0.0,1
LGS2ORD0023696,C010991,2025-07-07 16:00:00,Female,57,Bronze,CallCenter,Remote_Area,1074,CallCenter,COD,16,7,0,0,>50,35.8,6.0,2.0,0.3333333333333333,14,16,9494.371666666666,0.28,0.6666666666666666,0.5,0.0,0.0,0,0,0.0,26061.219999999998,2,1,0.5,46042.89,4,2,0.5,56966.229999999996,6,2,0.3333333333333333,0
LGS2ORD0023697,C011019,2025-07-07 16:00:00,Male,43,Bronze,TV,Songkhla,468,Lazada,COD,16,7,0,0,40-50,15.6,0.0,0.0,0.0,-1,-1,0.0,0.0,0.0,0.0,0.0,0.0,0,0,0.0,0.0,0,0,0.0,0.0,0,0,0.0,0.0,0,0,0.0,1
LGS2ORD0023698,C017516,2025-07-07 16:00:00,Male,60,Gold,TV,Bangkok,689,Lazada,Credit_Card,16,7,0,0,>50,22.966666666666665,8.0,0.0,0.0,-1,10,7405.01125,0.28,0.75,0.25,0.0,0.0,0,0,0.0,12901.9,3,0,0.0,41659.13,4,0,0.0,59240.09,8,0,0.0,0
LGS2ORD0023699,C015656,2025-07-07 16:00:00,Male,36,Bronze,TV,Chiang Mai,471,Shopee,COD,16,7,0,0,30-40,15.7,1.0,0.0,0.0,-1,137,2340.61,0.18,1.0,0.0,0.0,0.0,0,0,0.0,0.0,0,0,0.0,0.0,0,0,0.0,2340.61,1,0,0.0,0
LGS2ORD0023700,C017269,2025-07-07 16:00:00,Female,51,Bronze,Web,Bangkok,1627,CallCenter,Bank_Transfer,16,7,0,0,>50,54.233333333333334,7.0,1.0,0.14285714285714285,96,23,4779.814285714287,0.23,0.8571428571428571,0.14285714285714285,0.0,0.0,0,0,0.0,4198.62,1,0,0.0,12697.55,2,0,0.0,33458.700000000004,7,1,0.14285714285714285,1
LGS2ORD0023701,C016023,2025-07-07 17:00:00,Male,28,Silver,TV,Remote_Area,1130,Lazada,COD,17,7,0,0,20-30,37.666666666666664,2.0,2.0,1.0,11,21,8275.445,0.25,0.5,0.5,0.0,0.0,0,0,0.0,6049.16,1,1,1.0,6049.16,1,1,1.0,16550.89,2,2,1.0,0
LGS2ORD0023702,C012411,2025-07-07 17:00:00,Male,47,Platinum,Web,Chonburi,1458,TV_Show,COD,17,7,0,0,40-50,48.6,2.0,1.0,0.5,80,38,3821.83,0.2,0.5,0.0,0.0,0.0,0,0,0.0,0.0,0,0,0.0,6552.07,1,0,0.0,7643.66,2,1,0.5,0
LGS2ORD0023703,C012933,2025-07-07 17:00:00,Female,40,Bronze,Shopee,Phuket,362,Shopee,COD,17,7,0,0,30-40,12.066666666666666,4.0,1.0,0.25,135,31,10769.28,0.28,0.5,0.25,0.0,0.0,0,0,0.0,0.0,0,0,0.0,1373.19,1,0,0.0,43077.12,4,1,0.25,0
LGS2ORD0023704,C013166,2025-07-07 17:00:00,Male,40,Gold,TV,Chiang Mai,1164,TV_Show,PromptPay,17,7,0,0,30-40,38.8,6.0,1.0,0.16666666666666666,151,33,4327.638333333333,0.28,0.3333333333333333,0.6666666666666666,0.0,0.0,0,0,0.0,0.0,0,0,0.0,7213.780000000001,3,0,0.0,25965.83,6,1,0.16666666666666666,0
LGS2ORD0023705,C016360,2025-07-07 17:00:00,Female,38,Bronze,CallCenter,Bangkok,664,TV_Show,Bank_Transfer,17,7,0,0,30-40,22.133333333333333,3.0,0.0,0.0,-1,39,2580.116666666667,0.18,0.6666666666666666,0.0,0.0,0.0,0,0,0.0,0.0,0,0,0.0,7008.030000000001,2,0,0.0,7740.35,3,0,0.0,0
LGS2ORD0023706,C017801,2025-07-07 17:00:00,Female,50,Bronze,Shopee,Phuket,536,Shopee,Credit_Card,17,7,0,0,40-50,17.866666666666667,7.0,3.0,0.42857142857142855,10,13,2204.977142857143,0.23,0.5714285714285714,0.14285714285714285,0.0,0.0,0,0,0.0,4122.48,2,1,0.5,5216.360000000001,3,2,0.6666666666666666,15434.84,7,3,0.42857142857142855,0
LGS2ORD0023707,C011140,2025-07-07 18:00:00,Female,23,Platinum,TV,Chonburi,1125,Shopee,COD,18,7,0,0,20-30,37.5,5.0,0.0,0.0,-1,21,4124.487999999999,0.3,0.4,0.2,0.0,0.0,0,0,0.0,1709.0,1,0,0.0,15213.69,4,0,0.0,20622.44,5,0,0.0,1
LGS2ORD0023708,C017392,2025-07-07 18:00:00,Female,36,Bronze,Web,Khon Kaen,781,TV_Show,COD,18,7,0,0,30-40,26.033333333333335,5.0,1.0,0.2,135,8,7742.644,0.28,0.2,0.2,0.0,0.0,0,0,0.0,1414.75,1,0,0.0,22808.260000000002,3,0,0.0,38713.22,5,1,0.2,1
LGS2ORD0023709,C015622,2025-07-07 18:00:00,Female,34,Bronze,TV,Chiang Mai,273,TV_Show,PromptPay,18,7,0,0,30-40,9.1,2.0,2.0,1.0,146,159,2299.285,0.18,0.0,0.0,0.0,0.0,0,0,0.0,0.0,0,0,0.0,0.0,0,0,0.0,4598.57,2,2,1.0,0
LGS2ORD0023710,C013900,2025-07-07 18:00:00,Female,39,Bronze,Shopee,Khon Kaen,716,Lazada,Bank_Transfer,18,7,0,0,30-40,23.866666666666667,5.0,1.0,0.2,47,19,8921.766,0.23,0.2,0.2,0.0,0.0,0,0,0.0,29798.69,1,0,0.0,42058.42,3,1,0.3333333333333333,44608.83,5,1,0.2,1
LGS2ORD0023711,C011964,2025-07-07 18:00:00,Male,68,Bronze,Web,Chiang Mai,294,TV_Show,PromptPay,18,7,0,0,>50,9.8,5.0,1.0,0.2,38,10,3952.028,0.28,0.6,0.4,0.0,0.0,0,0,0.0,2363.24,1,0,0.0,19760.14,5,1,0.2,19760.14,5,1,0.2,0
LGS2ORD0023712,C014092,2025-07-07 19:00:00,Other,54,Bronze,Lazada,Bangkok,551,Shopee,COD,19,7,0,0,>50,18.366666666666667,1.0,0.0,0.0,-1,183,12176.94,0.23,1.0,1.0,0.0,0.0,0,0,0.0,0.0,0,0,0.0,0.0,0,0,0.0,12176.94,1,0,0.0,1
LGS2ORD0023713,C014853,2025-07-07 19:00:00,Male,60,Platinum,Shopee,Chiang Mai,961,TV_Show,COD,19,7,0,0,>50,32.03333333333333,3.0,0.0,0.0,-1,3,2417.5499999999997,0.35,0.3333333333333333,1.0,0.0,5346.12,1,0,0.0,5997.61,2,0,0.0,5997.61,2,0,0.0,7252.65,3,0,0.0,0
LGS2ORD0023714,C010529,2025-07-07 19:00:00,Female,50,Bronze,CallCenter,Bangkok,1545,CallCenter,PromptPay,19,7,0,0,40-50,51.5,1.0,0.0,0.0,-1,97,3519.37,0.03,0.0,0.0,0.0,0.0,0,0,0.0,0.0,0,0,0.0,0.0,0,0,0.0,3519.37,1,0,0.0,0
LGS2ORD0023715,C011819,2025-07-07 19:00:00,Female,48,Bronze,Web,Chonburi,1428,TV_Show,Bank_Transfer,19,7,0,0,40-50,47.6,0.0,0.0,0.0,-1,-1,0.0,0.0,0.0,0.0,0.0,0.0,0,0,0.0,0.0,0,0,0.0,0.0,0,0,0.0,0.0,0,0,0.0,0
LGS2ORD0023716,C010431,2025-07-07 19:00:00,Male,62,Silver,TV,Bangkok,1014,CallCenter,COD,19,7,0,0,>50,33.8,3.0,0.0,0.0,-1,47,3273.396666666666,0.25,1.0,0.3333333333333333,0.0,0.0,0,0,0.0,0.0,0,0,0.0,3293.12,1,0,0.0,9820.189999999999,3,0,0.0,0
LGS2ORD0023717,C017206,2025-07-07 20:00:00,Male,49,Bronze,Lazada,Bangkok,791,Shopee,Bank_Transfer,20,7,0,0,40-50,26.366666666666667,3.0,0.0,0.0,-1,29,5121.026666666667,0.18,0.3333333333333333,0.0,0.0,0.0,0,0,0.0,260.41,1,0,0.0,5311.82,2,0,0.0,15363.08,3,0,0.0,1
LGS2ORD0023718,C014592,2025-07-07 20:00:00,Male,25,Silver,Web,Chiang Mai,307,Web,COD,20,7,0,0,20-30,10.233333333333333,1.0,0.0,0.0,-1,4,2515.14,0.25,0.0,1.0,0.0,2515.14,1,0,0.0,2515.14,1,0,0.0,2515.14,1,0,0.0,2515.14,1,0,0.0,0
LGS2ORD0023719,C016097,2025-07-07 20:00:00,Female,67,Silver,TV,Remote_Area,1191,Lazada,Credit_Card,20,7,0,0,>50,39.7,3.0,0.0,0.0,-1,39,2883.6299999999997,0.1,0.6666666666666666,0.0,0.0,0.0,0,0,0.0,0.0,0,0,0.0,5423.74,2,0,0.0,8650.89,3,0,0.0,0
LGS2ORD0023720,C015197,2025-07-07 20:00:00,Female,48,Platinum,TV,Bangkok,981,Shopee,COD,20,7,0,0,40-50,32.7,4.0,1.0,0.25,80,86,2458.3275,0.3,0.0,0.25,0.0,0.0,0,0,0.0,0.0,0,0,0.0,2260.96,1,1,1.0,9833.31,4,1,0.25,0
LGS2ORD0023721,C015337,2025-07-07 20:00:00,Female,41,Bronze,TV,Chonburi,402,CallCenter,Bank_Transfer,20,7,0,0,40-50,13.4,4.0,0.0,0.0,-1,26,12601.810000000001,0.28,0.5,0.25,0.0,0.0,0,0,0.0,6591.5,1,0,0.0,37277.740000000005,2,0,0.0,50407.240000000005,4,0,0.0,0
LGS2ORD0023722,C010621,2025-07-07 21:00:00,Male,37,Bronze,TV,Bangkok,504,Web,COD,21,7,0,0,30-40,16.8,3.0,0.0,0.0,-1,13,10387.213333333333,0.28,0.6666666666666666,0.3333333333333333,0.0,0.0,0,0,0.0,25789.89,1,0,0.0,25789.89,1,0,0.0,31161.64,3,0,0.0,0
LGS2ORD0023723,C016455,2025-07-07 21:00:00,Female,20,Bronze,CallCenter,Bangkok,1375,TV_Show,PromptPay,21,7,0,0,<20,45.833333333333336,4.0,1.0,0.25,144,41,9320.9775,0.18,0.5,0.0,0.0,0.0,0,0,0.0,0.0,0,0,0.0,2549.87,1,0,0.0,37283.91,4,1,0.25,0
LGS2ORD0023724,C016893,2025-07-07 21:00:00,Other,37,Gold,Shopee,Bangkok,261,CallCenter,COD,21,7,0,0,30-40,8.7,2.0,1.0,0.5,11,21,1107.825,0.18,0.5,0.0,0.0,0.0,0,0,0.0,577.68,1,1,1.0,577.68,1,1,1.0,2215.65,2,1,0.5,0
LGS2ORD0023725,C012430,2025-07-07 21:00:00,Male,33,Silver,Web,Bangkok,409,Web,PromptPay,21,7,0,0,30-40,13.633333333333333,1.0,0.0,0.0,-1,48,1862.71,0.15,1.0,0.0,0.0,0.0,0,0,0.0,0.0,0,0,0.0,1862.71,1,0,0.0,1862.71,1,0,0.0,0
LGS2ORD0023726,C015678,2025-07-07 21:00:00,Female,33,Bronze,TV,Khon Kaen,1149,TV_Show,COD,21,7,0,0,30-40,38.3,5.0,0.0,0.0,-1,9,3949.0660000000003,0.18,0.4,0.0,0.0,0.0,0,0,0.0,3920.56,1,0,0.0,10039.58,3,0,0.0,19745.33,5,0,0.0,0
LGS2ORD0023727,C010645,2025-07-07 21:00:00,Male,45,Bronze,TV,Chonburi,1481,Web,Credit_Card,21,7,0,0,40-50,49.36666666666667,5.0,2.0,0.4,42,55,2424.132,0.28,0.6,0.4,0.0,0.0,0,0,0.0,0.0,0,0,0.0,2652.23,2,1,0.5,12120.66,5,2,0.4,0
LGS2ORD0023728,C016896,2025-07-07 22:00:00,Male,61,Bronze,TV,Bangkok,984,Lazada,Bank_Transfer,22,7,0,0,>50,32.8,2.0,1.0,0.5,80,91,1732.745,0.23,0.5,0.5,0.0,0.0,0,0,0.0,0.0,0,0,0.0,0.0,0,0,0.0,3465.49,2,1,0.5,1
LGS2ORD0023729,C017425,2025-07-07 22:00:00,Male,42,Bronze,TV,Bangkok,1183,TV_Show,COD,22,7,0,0,40-50,39.43333333333333,0.0,0.0,0.0,-1,-1,0.0,0.0,0.0,0.0,0.0,0.0,0,0,0.0,0.0,0,0,0.0,0.0,0,0,0.0,0.0,0,0,0.0,0
LGS2ORD0023730,C012457,2025-07-07 22:00:00,Female,32,Platinum,Lazada,Bangkok,865,CallCenter,PromptPay,22,7,0,0,30-40,28.833333333333332,1.0,0.0,0.0,-1,139,5765.87,0.1,0.0,0.0,0.0,0.0,0,0,0.0,0.0,0,0,0.0,0.0,0,0,0.0,5765.87,1,0,0.0,0
LGS2ORD0023731,C017836,2025-07-07 22:00:00,Male,43,Gold,Lazada,Chiang Mai,805,Web,COD,22,7,0,0,40-50,26.833333333333332,3.0,1.0,0.3333333333333333,85,34,3969.7466666666664,0.2299999999999999,0.6666666666666666,0.3333333333333333,0.0,0.0,0,0,0.0,0.0,0,0,0.0,1753.74,1,0,0.0,11909.24,3,1,0.3333333333333333,0
LGS2ORD0023732,C013048,2025-07-07 22:00:00,Male,20,Gold,TV,Nakhon Ratchasima,1266,Shopee,Credit_Card,22,7,0,0,<20,42.2,4.0,0.0,0.0,-1,6,2083.5924999999997,0.33,0.75,0.5,0.0,1090.38,1,0,0.0,3621.52,2,0,0.0,8334.369999999999,4,0,0.0,8334.369999999999,4,0,0.0,1
LGS2ORD0023733,C012777,2025-07-07 23:00:00,Other,56,Silver,Web,Khon Kaen,1027,Web,COD,23,7,0,0,>50,34.233333333333334,3.0,0.0,0.0,-1,60,9290.556666666665,0.25,0.3333333333333333,0.3333333333333333,0.0,0.0,0,0,0.0,0.0,0,0,0.0,27871.67,3,0,0.0,27871.67,3,0,0.0,0
LGS2ORD0023734,C016232,2025-07-07 23:00:00,Male,29,Platinum,TV,Bangkok,968,CallCenter,Bank_Transfer,23,7,0,0,20-30,32.266666666666666,4.0,1.0,0.25,137,1,3560.65,0.2,0.75,0.0,0.0,683.52,1,0,0.0,683.52,1,0,0.0,3631.5099999999998,2,0,0.0,14242.6,4,1,0.25,0
LGS2ORD0023735,C013286,2025-07-07 23:00:00,Male,37,Platinum,Shopee,Chiang Mai,379,Lazada,COD,23,7,0,0,30-40,12.633333333333333,0.0,0.0,0.0,-1,-1,0.0,0.0,0.0,0.0,0.0,0.0,0,0,0.0,0.0,0,0,0.0,0.0,0,0,0.0,0.0,0,0,0.0,0
LGS2ORD0023736,C011123,2025-07-07 23:00:00,Female,45,Bronze,TV,Chiang Mai,252,Lazada,COD,23,7,0,0,40-50,8.4,4.0,1.0,0.25,88,23,8790.085,0.23,0.25,0.5,0.0,0.0,0,0,0.0,3745.09,1,0,0.0,5196.59,2,0,0.0,35160.34,4,1,0.25,0
LGS2ORD0023737,C010201,2025-07-07 23:00:00,Male,31,Bronze,Lazada,Nakhon Ratchasima,657,Web,PromptPay,23,7,0,0,30-40,21.9,3.0,2.0,0.6666666666666666,71,83,5202.193333333334,0.23,0.3333333333333333,0.3333333333333333,0.0,0.0,0,0,0.0,0.0,0,0,0.0,10898.18,1,1,1.0,15606.58,3,2,0.6666666666666666,0
LGS2ORD0023738,C011287,2025-07-08 00:00:00,Male,41,Silver,Web,Bangkok,229,Lazada,COD,0,7,1,0,40-50,7.633333333333334,3.0,1.0,0.3333333333333333,120,126,5214.026666666666,0.3,0.0,0.3333333333333333,0.0,0.0,0,0,0.0,0.0,0,0,0.0,0.0,0,0,0.0,15642.079999999998,3,1,0.3333333333333333,1
LGS2ORD0023739,C013565,2025-07-08 00:00:00,Male,32,Bronze,Web,Bangkok,1270,Web,Credit_Card,0,7,1,0,30-40,42.333333333333336,3.0,0.0,0.0,-1,51,6663.139999999999,0.28,0.6666666666666666,0.6666666666666666,0.0,0.0,0,0,0.0,0.0,0,0,0.0,1877.78,1,0,0.0,19989.42,3,0,0.0,0
LGS2ORD0023740,C010936,2025-07-08 00:00:00,Other,51,Bronze,TV,Bangkok,726,TV_Show,COD,0,7,1,0,>50,24.2,4.0,1.0,0.25,123,65,7867.3175,0.18,0.5,0.0,0.0,0.0,0,0,0.0,0.0,0,0,0.0,24498.59,1,0,0.0,31469.27,4,1,0.25,0
LGS2ORD0023741,C014314,2025-07-08 00:00:00,Male,58,Bronze,Lazada,Chonburi,820,TV_Show,COD,0,7,1,0,>50,27.333333333333332,4.0,1.0,0.25,128,32,7123.17,0.28,0.75,0.5,0.0,0.0,0,0,0.0,0.0,0,0,0.0,5402.9800000000005,2,0,0.0,28492.68,4,1,0.25,0
LGS2ORD0023742,C010521,2025-07-08 00:00:00,Male,52,Bronze,TV,Remote_Area,924,Lazada,COD,0,7,1,0,>50,30.8,4.0,3.0,0.75,33,45,1511.315,0.23,0.25,0.25,0.0,0.0,0,0,0.0,0.0,0,0,0.0,1945.33,2,2,1.0,6045.26,4,3,0.75,1
LGS2ORD0023743,C010107,2025-07-08 00:00:00,Female,72,Bronze,Shopee,Chiang Mai,337,Lazada,COD,0,7,1,0,>50,11.233333333333333,3.0,1.0,0.3333333333333333,5,18,2465.096666666667,0.13,0.3333333333333333,0.0,0.0,0.0,0,0,0.0,1813.06,1,1,1.0,5439.59,2,1,0.5,7395.290000000001,3,1,0.3333333333333333,1
LGS2ORD0023744,C011995,2025-07-08 01:00:00,Male,47,Bronze,CallCenter,Chiang Mai,370,Shopee,Credit_Card,1,7,1,0,40-50,12.333333333333334,1.0,0.0,0.0,-1,64,1198.05,0.18,0.0,0.0,0.0,0.0,0,0,0.0,0.0,0,0,0.0,1198.05,1,0,0.0,1198.05,1,0,0.0,0
LGS2ORD0023745,C014606,2025-07-08 01:00:00,Female,49,Silver,Web,Nakhon Ratchasima,676,Shopee,Credit_Card,1,7,1,0,40-50,22.533333333333335,1.0,0.0,0.0,-1,15,7061.09,0.3,0.0,1.0,0.0,0.0,0,0,0.0,7061.09,1,0,0.0,7061.09,1,0,0.0,7061.09,1,0,0.0,0
LGS2ORD0023746,C010124,2025-07-08 01:00:00,Female,42,Bronze,Web,Chonburi,885,TV_Show,COD,1,7,1,0,40-50,29.5,1.0,0.0,0.0,-1,144,1265.01,0.03,1.0,0.0,0.0,0.0,0,0,0.0,0.0,0,0,0.0,0.0,0,0,0.0,1265.01,1,0,0.0,0
LGS2ORD0023747,C017131,2025-07-08 01:00:00,Male,45,Silver,Shopee,Nakhon Ratchasima,731,Lazada,COD,1,7,1,0,40-50,24.366666666666667,8.0,3.0,0.375,12,21,2706.615,0.25,0.5,0.25,0.0,0.0,0,0,0.0,2517.62,2,1,0.5,6939.73,4,1,0.25,21652.92,8,3,0.375,0
LGS2ORD0023748,C015465,2025-07-08 01:00:00,Male,35,Bronze,Web,Chiang Mai,1296,Shopee,Credit_Card,1,7,1,0,30-40,43.2,4.0,0.0,0.0,-1,13,4709.400000000001,0.28,0.5,0.75,0.0,0.0,0,0,0.0,1672.49,1,0,0.0,1672.49,1,0,0.0,18837.600000000002,4,0,0.0,0
LGS2ORD0023749,C010971,2025-07-08 02:00:00,Male,50,Bronze,Shopee,Bangkok,1030,Web,Bank_Transfer,2,7,1,0,40-50,34.333333333333336,6.0,2.0,0.3333333333333333,4,11,4733.136666666666,0.23,0.5,0.3333333333333333,0.0,0.0,0,0,0.0,1848.92,1,1,1.0,11231.13,3,1,0.3333333333333333,28398.82,6,2,0.3333333333333333,1
LGS2ORD0023750,C012044,2025-07-08 02:00:00,Female,66,Bronze,Shopee,Chonburi,1418,TV_Show,Credit_Card,2,7,1,0,>50,47.266666666666666,4.0,0.0,0.0,-1,64,2488.3100000000004,0.23,0.5,0.5,0.0,0.0,0,0,0.0,0.0,0,0,0.0,9953.240000000002,4,0,0.0,9953.240000000002,4,0,0.0,0
LGS2ORD0023751,C016876,2025-07-08 02:00:00,Female,34,Platinum,TV,Phuket,1640,TV_Show,Bank_Transfer,2,7,1,0,30-40,54.666666666666664,2.0,0.0,0.0,-1,22,866.345,0.2,0.5,0.0,0.0,0.0,0,0,0.0,1286.13,1,0,0.0,1286.13,1,0,0.0,1732.69,2,0,0.0,1
LGS2ORD0023752,C016718,2025-07-08 02:00:00,Male,72,Silver,Lazada,Songkhla,1505,Web,PromptPay,2,7,1,0,>50,50.166666666666664,5.0,1.0,0.2,37,1,4076.064,0.2,0.8,0.0,0.0,9273.16,1,0,0.0,9273.16,1,0,0.0,14573.33,3,1,0.3333333333333333,20380.32,5,1,0.2,0
LGS2ORD0023753,C016093,2025-07-08 02:00:00,Male,58,Bronze,CallCenter,Bangkok,369,Web,COD,2,7,1,0,>50,12.3,7.0,2.0,0.2857142857142857,40,35,8138.365714285714,0.28,0.5714285714285714,0.2857142857142857,0.0,0.0,0,0,0.0,0.0,0,0,0.0,41432.350000000006,4,1,0.25,56968.56,7,2,0.2857142857142857,1
LGS2ORD0023754,C014246,2025-07-08 03:00:00,Male,34,Silver,TV,Phuket,1405,Web,PromptPay,3,7,1,0,30-40,46.833333333333336,7.0,6.0,0.8571428571428571,3,15,5735.208571428572,0.3,0.7142857142857143,0.2857142857142857,0.0,0.0,0,0,0.0,13713.48,3,2,0.6666666666666666,38884.32000000001,6,5,0.8333333333333334,40146.46000000001,7,6,0.8571428571428571,0
LGS2ORD0023755,C015852,2025-07-08 03:00:00,Male,51,Silver,CallCenter,Phuket,331,Shopee,PromptPay,3,7,1,0,>50,11.033333333333333,5.0,2.0,0.4,118,75,8147.394,0.3,0.4,0.2,0.0,0.0,0,0,0.0,0.0,0,0,0.0,666.29,1,0,0.0,40736.97,5,2,0.4,0
LGS2ORD0023756,C012570,2025-07-08 03:00:00,Male,44,Bronze,Lazada,Bangkok,1492,Web,COD,3,7,1,0,40-50,49.733333333333334,1.0,0.0,0.0,-1,68,9784.01,0.03,1.0,0.0,0.0,0.0,0,0,0.0,0.0,0,0,0.0,9784.01,1,0,0.0,9784.01,1,0,0.0,1
LGS2ORD0023757,C013470,2025-07-08 03:00:00,Other,54,Silver,Web,Bangkok,291,Shopee,COD,3,7,1,0,>50,9.7,2.0,0.0,0.0,-1,74,12427.675,0.25,0.0,0.5,0.0,0.0,0,0,0.0,0.0,0,0,0.0,12176.83,1,0,0.0,24855.35,2,0,0.0,1
LGS2ORD0023758,C013335,2025-07-08 03:00:00,Male,45,Platinum,Lazada,Remote_Area,1221,TV_Show,COD,3,7,1,0,40-50,40.7,5.0,1.0,0.2,33,16,3607.768,0.35,0.6,0.2,0.0,0.0,0,0,0.0,3370.72,1,0,0.0,10736.09,4,1,0.25,18038.84,5,1,0.2,0
LGS2ORD0023759,C012705,2025-07-08 04:00:00,Male,52,Bronze,Shopee,Nakhon Ratchasima,609,Web,COD,4,7,1,0,>50,20.3,5.0,1.0,0.2,90,20,4659.19,0.18,0.4,0.0,0.0,0.0,0,0,0.0,6907.49,1,0,0.0,6907.49,1,0,0.0,23295.949999999997,5,1,0.2,0
LGS2ORD0023760,C010007,2025-07-08 04:00:00,Male,48,Gold,Shopee,Remote_Area,330,Shopee,Bank_Transfer,4,7,1,0,40-50,11.0,6.0,1.0,0.16666666666666666,148,7,4576.343333333333,0.28,0.8333333333333334,0.8333333333333334,0.0,0.0,0,0,0.0,2486.5,1,0,0.0,5870.93,3,0,0.0,27458.059999999998,6,1,0.16666666666666666,0
LGS2ORD0023761,C014826,2025-07-08 04:00:00,Female,67,Silver,TV,Bangkok,306,Shopee,Credit_Card,4,7,1,0,>50,10.2,2.0,0.0,0.0,-1,135,12271.06,0.1,0.0,0.0,0.0,0.0,0,0,0.0,0.0,0,0,0.0,0.0,0,0,0.0,24542.12,2,0,0.0,0
LGS2ORD0023762,C010229,2025-07-08 04:00:00,Male,42,Bronze,TV,Nakhon Ratchasima,930,TV_Show,PromptPay,4,7,1,0,40-50,31.0,4.0,2.0,0.5,26,21,8897.867499999998,0.18,0.5,0.0,0.25,0.0,0,0,0.0,1964.59,1,0,0.0,10096.699999999999,2,1,0.5,35591.469999999994,4,2,0.5,1
LGS2ORD0023763,C015613,2025-07-08 04:00:00,Male,43,Silver,TV,Chonburi,1236,Shopee,PromptPay,4,7,1,0,40-50,41.2,2.0,0.0,0.0,-1,4,6078.95,0.2,0.5,0.0,0.0,2466.76,1,0,0.0,2466.76,1,0,0.0,2466.76,1,0,0.0,12157.9,2,0,0.0,0
LGS2ORD0023764,C016640,2025-07-08 04:00:00,Female,43,Silver,Shopee,Phuket,1604,CallCenter,COD,4,7,1,0,40-50,53.46666666666667,4.0,0.0,0.0,-1,57,11107.650000000001,0.25,0.5,0.25,0.0,0.0,0,0,0.0,0.0,0,0,0.0,8161.23,1,0,0.0,44430.600000000006,4,0,0.0,0
LGS2ORD0023765,C017162,2025-07-08 05:00:00,Female,30,Silver,Shopee,Bangkok,587,CallCenter,PromptPay,5,7,1,0,20-30,19.566666666666666,2.0,0.0,0.0,-1,54,1019.91,0.25,1.0,0.5,0.0,0.0,0,0,0.0,0.0,0,0,0.0,2039.82,2,0,0.0,2039.82,2,0,0.0,1
LGS2ORD0023766,C010965,2025-07-08 05:00:00,Male,34,Bronze,TV,Bangkok,320,CallCenter,Credit_Card,5,7,1,0,30-40,10.666666666666666,2.0,0.0,0.0,-1,88,10289.300000000001,0.18,0.0,0.0,0.0,0.0,0,0,0.0,0.0,0,0,0.0,18870.99,1,0,0.0,20578.600000000002,2,0,0.0,0
LGS2ORD0023767,C012379,2025-07-08 05:00:00,Female,42,Silver,Shopee,Phuket,999,Shopee,Credit_Card,5,7,1,0,40-50,33.3,1.0,1.0,1.0,175,182,737.0,0.05,1.0,0.0,0.0,0.0,0,0,0.0,0.0,0,0,0.0,0.0,0,0,0.0,737.0,1,1,1.0,0
LGS2ORD0023768,C017535,2025-07-08 05:00:00,Male,52,Gold,Web,Bangkok,920,Shopee,COD,5,7,1,0,>50,30.666666666666668,4.0,0.0,0.0,-1,12,6648.46,0.33,0.0,0.5,0.0,0.0,0,0,0.0,1299.81,1,0,0.0,26593.84,4,0,0.0,26593.84,4,0,0.0,0
LGS2ORD0023769,C013491,2025-07-08 05:00:00,Male,55,Gold,TV,Khon Kaen,432,Web,COD,5,7,1,0,>50,14.4,6.0,2.0,0.3333333333333333,41,42,4617.953333333333,0.28,0.6666666666666666,0.3333333333333333,0.16666666666666666,0.0,0,0,0.0,0.0,0,0,0.0,4252.83,2,1,0.5,27707.719999999998,6,2,0.3333333333333333,0
LGS2ORD0023770,C017648,2025-07-08 06:00:00,Male,25,Platinum,Lazada,Nakhon Ratchasima,1260,Lazada,COD,6,7,1,0,20-30,42.0,4.0,1.0,0.25,43,46,2396.3075,0.3,0.25,0.5,0.0,0.0,0,0,0.0,0.0,0,0,0.0,8787.43,3,1,0.3333333333333333,9585.23,4,1,0.25,0
LGS2ORD0023771,C013957,2025-07-08 06:00:00,Female,65,Bronze,Lazada,Khon Kaen,551,TV_Show,PromptPay,6,7,1,0,>50,18.366666666666667,3.0,1.0,0.3333333333333333,0,2,2249.2633333333333,0.18,0.6666666666666666,0.0,0.0,3648.06,2,1,0.5,6747.79,3,1,0.3333333333333333,6747.79,3,1,0.3333333333333333,6747.79,3,1,0.3333333333333333,0
LGS2ORD0023772,C010947,2025-07-08 06:00:00,Female,35,Bronze,TV,Nakhon Ratchasima,1171,Web,COD,6,7,1,0,30-40,39.03333333333333,1.0,0.0,0.0,-1,144,1370.46,0.03,1.0,0.0,0.0,0.0,0,0,0.0,0.0,0,0,0.0,0.0,0,0,0.0,1370.46,1,0,0.0,0
LGS2ORD0023773,C016863,2025-07-08 06:00:00,Male,61,Bronze,TV,Songkhla,232,Web,COD,6,7,1,0,>50,7.733333333333333,4.0,0.0,0.0,-1,28,10203.7575,0.23,0.5,0.25,0.0,0.0,0,0,0.0,13934.25,1,0,0.0,19473.97,3,0,0.0,40815.03,4,0,0.0,0
LGS2ORD0023774,C016665,2025-07-08 06:00:00,Male,34,Bronze,Web,Chonburi,1090,Web,COD,6,7,1,0,30-40,36.333333333333336,3.0,1.0,0.3333333333333333,11,15,7334.099999999999,0.13,1.0,0.0,0.0,0.0,0,0,0.0,4492.05,1,1,1.0,22002.3,3,1,0.3333333333333333,22002.3,3,1,0.3333333333333333,0
LGS2ORD0023775,C014975,2025-07-08 07:00:00,Female,48,Platinum,Web,Chonburi,800,TV_Show,COD,7,7,1,0,40-50,26.666666666666668,3.0,0.0,0.0,-1,94,4880.263333333333,0.1,0.0,0.0,0.0,0.0,0,0,0.0,0.0,0,0,0.0,0.0,0,0,0.0,14640.79,3,0,0.0,0
LGS2ORD0023776,C016741,2025-07-08 07:00:00,Female,36,Silver,Lazada,Songkhla,223,TV_Show,Credit_Card,7,7,1,0,30-40,7.433333333333334,4.0,1.0,0.25,135,19,4217.42,0.25,1.0,0.25,0.0,0.0,0,0,0.0,7082.46,1,0,0.0,11050.55,2,0,0.0,16869.68,4,1,0.25,0
LGS2ORD0023777,C011036,2025-07-08 07:00:00,Male,42,Bronze,Web,Bangkok,1414,Lazada,PromptPay,7,7,1,0,40-50,47.13333333333333,3.0,0.0,0.0,-1,32,14491.69,0.23,0.6666666666666666,0.3333333333333333,0.0,0.0,0,0,0.0,0.0,0,0,0.0,43475.07,3,0,0.0,43475.07,3,0,0.0,0
LGS2ORD0023778,C010314,2025-07-08 07:00:00,Female,36,Platinum,Shopee,Nakhon Ratchasima,818,TV_Show,COD,7,7,1,0,30-40,27.266666666666666,2.0,0.0,0.0,-1,66,395.695,0.35,1.0,0.5,0.0,0.0,0,0,0.0,0.0,0,0,0.0,262.74,1,0,0.0,791.39,2,0,0.0,0
LGS2ORD0023779,C015551,2025-07-08 07:00:00,Female,48,Bronze,CallCenter,Khon Kaen,513,Lazada,Credit_Card,7,7,1,0,40-50,17.1,3.0,0.0,0.0,-1,13,3104.7000000000003,0.18,0.3333333333333333,0.0,0.0,0.0,0,0,0.0,3328.8999999999996,2,0,0.0,3328.8999999999996,2,0,0.0,9314.1,3,0,0.0,0
LGS2ORD0023780,C016382,2025-07-08 08:00:00,Female,72,Bronze,CallCenter,Chonburi,900,Web,COD,8,7,1,0,>50,30.0,5.0,2.0,0.4,99,23,3929.7580000000003,0.23,0.6,0.4,0.0,0.0,0,0,0.0,4955.63,1,0,0.0,4955.63,1,0,0.0,19648.79,5,2,0.4,0
LGS2ORD0023781,C012474,2025-07-08 08:00:00,Female,65,Gold,CallCenter,Bangkok,583,Shopee,COD,8,7,1,0,>50,19.433333333333334,8.0,1.0,0.125,6,22,5325.8462500000005,0.33,0.375,0.375,0.0,0.0,0,0,0.0,408.75,1,1,1.0,10711.51,3,1,0.3333333333333333,42606.770000000004,8,1,0.125,0
LGS2ORD0023782,C012093,2025-07-08 08:00:00,Female,53,Bronze,Lazada,Remote_Area,593,TV_Show,COD,8,7,1,0,>50,19.766666666666666,4.0,1.0,0.25,64,4,6148.969999999999,0.18,0.5,0.0,0.0,4881.62,1,0,0.0,4881.62,1,0,0.0,21312.98,3,1,0.3333333333333333,24595.879999999997,4,1,0.25,1
LGS2ORD0023783,C012786,2025-07-08 08:00:00,Male,26,Gold,Web,Chiang Mai,365,TV_Show,COD,8,7,1,0,20-30,12.166666666666666,3.0,0.0,0.0,-1,45,6221.003333333333,0.33,0.3333333333333333,1.0,0.0,0.0,0,0,0.0,0.0,0,0,0.0,3160.75,1,0,0.0,18663.01,3,0,0.0,1
LGS2ORD0023784,C014183,2025-07-08 08:00:00,Female,33,Silver,Lazada,Nakhon Ratchasima,513,Lazada,PromptPay,8,7,1,0,30-40,17.1,3.0,0.0,0.0,-1,19,2109.36,0.2,0.6666666666666666,0.0,0.0,0.0,0,0,0.0,5805.51,2,0,0.0,6328.08,3,0,0.0,6328.08,3,0,0.0,1
LGS2ORD0023785,C011939,2025-07-08 08:00:00,Female,55,Silver,TV,Remote_Area,1606,TV_Show,Bank_Transfer,8,7,1,0,>50,53.53333333333333,5.0,2.0,0.4,46,22,4529.696,0.3,1.0,0.4,0.0,0.0,0,0,0.0,683.86,1,0,0.0,20962.34,4,1,0.25,22648.48,5,2,0.4,0
LGS2ORD0023786,C011601,2025-07-08 09:00:00,Male,41,Gold,TV,Nakhon Ratchasima,1044,TV_Show,COD,9,7,1,0,40-50,34.8,3.0,0.0,0.0,-1,24,2393.3466666666664,0.33,0.3333333333333333,1.0,0.0,0.0,0,0,0.0,4400.17,2,0,0.0,4400.17,2,0,0.0,7180.039999999999,3,0,0.0,0
LGS2ORD0023787,C015824,2025-07-08 09:00:00,Male,51,Bronze,Shopee,Nakhon Ratchasima,1009,TV_Show,COD,9,7,1,0,>50,33.63333333333333,7.0,4.0,0.5714285714285714,10,4,3577.5614285714287,0.23,0.42857142857142855,0.14285714285714285,0.0,9496.0,1,0,0.0,19743.35,3,2,0.6666666666666666,21482.78,5,3,0.6,25042.93,7,4,0.5714285714285714,1
LGS2ORD0023788,C015619,2025-07-08 09:00:00,Female,36,Bronze,Web,Chiang Mai,292,TV_Show,Bank_Transfer,9,7,1,0,30-40,9.733333333333333,3.0,1.0,0.3333333333333333,141,52,5487.983333333334,0.18,0.3333333333333333,0.0,0.0,0.0,0,0,0.0,0.0,0,0,0.0,12508.84,1,0,0.0,16463.95,3,1,0.3333333333333333,0
LGS2ORD0023789,C017401,2025-07-08 09:00:00,Male,36,Bronze,TV,Nakhon Ratchasima,1607,TV_Show,COD,9,7,1,0,30-40,53.56666666666667,1.0,1.0,1.0,37,44,3536.04,0.28,1.0,1.0,0.0,0.0,0,0,0.0,0.0,0,0,0.0,3536.04,1,1,1.0,3536.04,1,1,1.0,0
LGS2ORD0023790,C014647,2025-07-08 09:00:00,Male,38,Silver,Lazada,Remote_Area,1081,Lazada,PromptPay,9,7,1,0,30-40,36.03333333333333,2.0,1.0,0.5,63,5,3350.94,0.3,1.0,1.0,0.0,994.71,1,0,0.0,994.71,1,0,0.0,6701.88,2,1,0.5,6701.88,2,1,0.5,0
LGS2ORD0023791,C012329,2025-07-08 10:00:00,Male,37,Bronze,Shopee,Remote_Area,219,Web,Credit_Card,10,7,1,0,30-40,7.3,2.0,2.0,1.0,2,15,4172.15,0.23,0.5,0.5,0.0,0.0,0,0,0.0,2924.55,1,1,1.0,8344.3,2,2,1.0,8344.3,2,2,1.0,0
LGS2ORD0023792,C013016,2025-07-08 10:00:00,Female,56,Bronze,Lazada,Remote_Area,1203,Web,COD,10,7,1,0,>50,40.1,6.0,1.0,0.16666666666666666,45,16,5277.581666666666,0.28,0.5,0.5,0.0,0.0,0,0,0.0,24792.5,2,0,0.0,29055.04,4,1,0.25,31665.489999999998,6,1,0.16666666666666666,0
LGS2ORD0023793,C010597,2025-07-08 10:00:00,Male,65,Bronze,Shopee,Bangkok,223,TV_Show,Bank_Transfer,10,7,1,0,>50,7.433333333333334,9.0,2.0,0.2222222222222222,21,33,7381.077777777778,0.23,0.4444444444444444,0.4444444444444444,0.0,0.0,0,0,0.0,0.0,0,0,0.0,1717.05,2,1,0.5,66429.7,9,2,0.2222222222222222,0
LGS2ORD0023794,C017708,2025-07-08 10:00:00,Male,59,Bronze,Lazada,Nakhon Ratchasima,1565,Lazada,COD,10,7,1,0,>50,52.166666666666664,3.0,1.0,0.3333333333333333,43,4,2562.2766666666666,0.23,0.6666666666666666,0.3333333333333333,0.0,1798.31,1,0,0.0,1798.31,1,0,0.0,6726.0,2,1,0.5,7686.83,3,1,0.3333333333333333,0
LGS2ORD0023795,C010648,2025-07-08 10:00:00,Male,32,Gold,Web,Chiang Mai,841,CallCenter,Credit_Card,10,7,1,0,30-40,28.033333333333335,4.0,0.0,0.0,-1,29,4985.967500000001,0.33,0.5,0.5,0.0,0.0,0,0,0.0,12301.04,1,0,0.0,12301.04,1,0,0.0,19943.870000000003,4,0,0.0,0
LGS2ORD0023796,C015560,2025-07-08 11:00:00,Female,28,Silver,Web,Phuket,529,Web,COD,11,7,1,0,20-30,17.633333333333333,6.0,2.0,0.3333333333333333,3,3,8606.81,0.25,0.6666666666666666,0.3333333333333333,0.0,10514.86,2,0,0.0,20359.770000000004,3,1,0.3333333333333333,30976.620000000003,4,1,0.25,51640.86,6,2,0.3333333333333333,1
LGS2ORD0023797,C012673,2025-07-08 11:00:00,Female,29,Platinum,TV,Bangkok,1230,TV_Show,COD,11,7,1,0,20-30,41.0,2.0,0.0,0.0,-1,58,6591.725,0.35,0.5,1.0,0.0,0.0,0,0,0.0,0.0,0,0,0.0,5282.03,1,0,0.0,13183.45,2,0,0.0,0
LGS2ORD0023798,C014728,2025-07-08 11:00:00,Male,34,Bronze,TV,Remote_Area,412,Web,PromptPay,11,7,1,0,30-40,13.733333333333333,8.0,2.0,0.25,6,16,8322.1,0.18,0.375,0.0,0.0,0.0,0,0,0.0,2131.74,1,1,1.0,11079.3,4,1,0.25,66576.8,8,2,0.25,0
LGS2ORD0023799,C010880,2025-07-08 11:00:00,Female,35,Bronze,Web,Chiang Mai,778,TV_Show,PromptPay,11,7,1,0,30-40,25.933333333333334,3.0,1.0,0.3333333333333333,159,155,2388.02,0.28,0.3333333333333333,0.3333333333333333,0.0,0.0,0,0,0.0,0.0,0,0,0.0,0.0,0,0,0.0,7164.06,3,1,0.3333333333333333,0
LGS2ORD0023800,C017575,2025-07-08 11:00:00,Female,35,Bronze,TV,Khon Kaen,561,Web,PromptPay,11,7,1,0,30-40,18.7,1.0,0.0,0.0,-1,31,3042.02,0.03,0.0,0.0,0.0,0.0,0,0,0.0,0.0,0,0,0.0,3042.02,1,0,0.0,3042.02,1,0,0.0,0
LGS2ORD0023801,C011011,2025-07-08 12:00:00,Male,24,Bronze,Shopee,Phuket,1152,Shopee,Bank_Transfer,12,7,1,0,20-30,38.4,4.0,2.0,0.5,-4,6,3248.0575,0.23,0.5,0.25,0.0,7905.86,1,1,1.0,8085.5199999999995,2,1,0.5,9793.23,3,1,0.3333333333333333,12992.23,4,2,0.5,0
LGS2ORD0023802,C012719,2025-07-08 12:00:00,Male,62,Silver,Shopee,Chiang Mai,1311,Lazada,COD,12,7,1,0,>50,43.7,3.0,0.0,0.0,-1,82,9375.646666666666,0.25,0.3333333333333333,0.6666666666666666,0.0,0.0,0,0,0.0,0.0,0,0,0.0,4745.21,1,0,0.0,28126.94,3,0,0.0,0
LGS2ORD0023803,C013700,2025-07-08 12:00:00,Male,41,Silver,Web,Phuket,536,CallCenter,COD,12,7,1,0,40-50,17.866666666666667,1.0,1.0,1.0,14,26,912.05,0.05,0.0,0.0,0.0,0.0,0,0,0.0,912.05,1,1,1.0,912.05,1,1,1.0,912.05,1,1,1.0,0
LGS2ORD0023804,C017947,2025-07-08 12:00:00,Other,28,Bronze,CallCenter,Phuket,768,Lazada,COD,12,7,1,0,20-30,25.6,7.0,3.0,0.42857142857142855,59,65,4994.361428571428,0.28,0.5714285714285714,0.42857142857142855,0.0,0.0,0,0,0.0,0.0,0,0,0.0,5230.8099999999995,3,1,0.3333333333333333,34960.53,7,3,0.42857142857142855,1
LGS2ORD0023805,C016483,2025-07-08 12:00:00,Other,59,Bronze,Shopee,Phuket,254,Web,COD,12,7,1,0,>50,8.466666666666667,5.0,2.0,0.4,44,59,8047.933999999999,0.28,0.8,0.4,0.0,0.0,0,0,0.0,0.0,0,0,0.0,29725.89,2,1,0.5,40239.67,5,2,0.4,1
LGS2ORD0023806,C015803,2025-07-08 12:00:00,Male,39,Gold,Shopee,Bangkok,1433,CallCenter,COD,12,7,1,0,30-40,47.766666666666666,2.0,0.0,0.0,-1,51,9455.71,0.28,1.0,0.5,0.0,0.0,0,0,0.0,0.0,0,0,0.0,8897.26,1,0,0.0,18911.42,2,0,0.0,0
LGS2ORD0023807,C016534,2025-07-08 13:00:00,Female,51,Bronze,TV,Remote_Area,213,Lazada,Credit_Card,13,7,1,0,>50,7.1,6.0,0.0,0.0,-1,8,6256.768333333333,0.28,0.3333333333333333,0.5,0.0,0.0,0,0,0.0,24225.94,1,0,0.0,37540.61,6,0,0.0,37540.61,6,0,0.0,0
LGS2ORD0023808,C010877,2025-07-08 13:00:00,Male,40,Gold,Lazada,Chonburi,744,Shopee,PromptPay,13,7,1,0,30-40,24.8,0.0,0.0,0.0,-1,-1,0.0,0.0,0.0,0.0,0.0,0.0,0,0,0.0,0.0,0,0,0.0,0.0,0,0,0.0,0.0,0,0,0.0,1
LGS2ORD0023809,C012827,2025-07-08 13:00:00,Female,47,Bronze,CallCenter,Songkhla,906,TV_Show,COD,13,7,1,0,40-50,30.2,5.0,2.0,0.4,82,31,2732.7420000000006,0.28,0.6,0.4,0.0,0.0,0,0,0.0,0.0,0,0,0.0,4900.55,2,0,0.0,13663.710000000003,5,2,0.4,1
LGS2ORD0023810,C012135,2025-07-08 13:00:00,Female,60,Silver,Web,Bangkok,810,Shopee,COD,13,7,1,0,>50,27.0,3.0,1.0,0.3333333333333333,100,22,1178.3066666666666,0.3,0.3333333333333333,0.3333333333333333,0.0,0.0,0,0,0.0,1916.62,1,0,0.0,3271.04,2,0,0.0,3534.92,3,1,0.3333333333333333,0
LGS2ORD0023811,C012538,2025-07-08 13:00:00,Male,33,Silver,Shopee,Khon Kaen,1223,TV_Show,Bank_Transfer,13,7,1,0,30-40,40.766666666666666,3.0,1.0,0.3333333333333333,19,33,3218.9,0.3,0.3333333333333333,0.6666666666666666,0.0,0.0,0,0,0.0,0.0,0,0,0.0,4315.97,1,1,1.0,9656.7,3,1,0.3333333333333333,0
LGS2ORD0023812,C013364,2025-07-08 14:00:00,Male,29,Silver,TV,Phuket,533,Lazada,COD,14,7,1,0,20-30,17.766666666666666,4.0,1.0,0.25,159,60,1751.315,0.25,0.25,0.5,0.0,0.0,0,0,0.0,0.0,0,0,0.0,5933.51,1,0,0.0,7005.26,4,1,0.25,0
LGS2ORD0023813,C010371,2025-07-08 14:00:00,Female,36,Bronze,Shopee,Nakhon Ratchasima,1397,Shopee,COD,14,7,1,0,30-40,46.56666666666667,4.0,0.0,0.0,-1,6,4719.41,0.08,1.0,0.0,0.0,7037.88,1,0,0.0,8179.73,2,0,0.0,16395.31,3,0,0.0,18877.64,4,0,0.0,0
LGS2ORD0023814,C010953,2025-07-08 14:00:00,Male,38,Bronze,Web,Chiang Mai,1195,Shopee,COD,14,7,1,0,30-40,39.833333333333336,3.0,1.0,0.3333333333333333,128,10,3368.1800000000003,0.18,0.6666666666666666,0.0,0.0,0.0,0,0,0.0,4431.67,1,0,0.0,4431.67,1,0,0.0,10104.54,3,1,0.3333333333333333,1
LGS2ORD0023815,C017908,2025-07-08 14:00:00,Female,41,Bronze,Lazada,Remote_Area,693,TV_Show,COD,14,7,1,0,40-50,23.1,2.0,0.0,0.0,-1,133,2520.18,0.18,0.5,0.0,0.0,0.0,0,0,0.0,0.0,0,0,0.0,0.0,0,0,0.0,5040.36,2,0,0.0,0
LGS2ORD0023816,C016842,2025-07-08 14:00:00,Female,22,Silver,Web,Bangkok,836,Shopee,PromptPay,14,7,1,0,20-30,27.866666666666667,3.0,0.0,0.0,-1,43,2713.2566666666667,0.05,0.6666666666666666,0.0,0.0,0.0,0,0,0.0,0.0,0,0,0.0,4005.65,2,0,0.0,8139.77,3,0,0.0,0
LGS2ORD0023817,C012900,2025-07-08 15:00:00,Male,41,Gold,CallCenter,Bangkok,686,Shopee,COD,15,7,1,0,40-50,22.866666666666667,1.0,0.0,0.0,-1,123,4999.91,0.2299999999999999,0.0,1.0,0.0,0.0,0,0,0.0,0.0,0,0,0.0,0.0,0,0,0.0,4999.91,1,0,0.0,0
LGS2ORD0023818,C016561,2025-07-08 15:00:00,Female,48,Bronze,Lazada,Remote_Area,787,Lazada,Credit_Card,15,7,1,0,40-50,26.233333333333334,2.0,1.0,0.5,155,44,11522.755000000001,0.23,0.0,0.5,0.0,0.0,0,0,0.0,0.0,0,0,0.0,9706.53,1,0,0.0,23045.510000000002,2,1,0.5,0
LGS2ORD0023819,C015851,2025-07-08 15:00:00,Female,18,Bronze,Lazada,Chiang Mai,824,Lazada,COD,15,7,1,0,<20,27.466666666666665,0.0,0.0,0.0,-1,-1,0.0,0.0,0.0,0.0,0.0,0.0,0,0,0.0,0.0,0,0,0.0,0.0,0,0,0.0,0.0,0,0,0.0,1
LGS2ORD0023820,C016141,2025-07-08 15:00:00,Male,55,Silver,Lazada,Bangkok,787,Lazada,COD,15,7,1,0,>50,26.233333333333334,4.0,0.0,0.0,-1,40,1493.02,0.2,0.5,0.0,0.0,0.0,0,0,0.0,0.0,0,0,0.0,1744.72,1,0,0.0,5972.08,4,0,0.0,1
LGS2ORD0023821,C012877,2025-07-08 15:00:00,Male,31,Silver,Shopee,Phuket,291,Web,COD,15,7,1,0,30-40,9.7,3.0,0.0,0.0,-1,28,877.3066666666667,0.3,0.3333333333333333,0.6666666666666666,0.0,0.0,0,0,0.0,1603.13,1,0,0.0,2631.92,3,0,0.0,2631.92,3,0,0.0,1
LGS2ORD0023822,C016372,2025-07-08 16:00:00,Female,57,Gold,CallCenter,Bangkok,512,Lazada,Bank_Transfer,16,7,1,0,>50,17.066666666666666,5.0,1.0,0.2,106,16,3247.762,0.33,0.4,0.6,0.0,0.0,0,0,0.0,3625.07,1,0,0.0,9622.460000000001,4,0,0.0,16238.810000000001,5,1,0.2,0
LGS2ORD0023823,C017232,2025-07-08 16:00:00,Male,24,Silver,Shopee,Bangkok,361,Lazada,Bank_Transfer,16,7,1,0,20-30,12.033333333333333,3.0,0.0,0.0,-1,7,1186.8100000000002,0.25,0.6666666666666666,0.3333333333333333,0.0,0.0,0,0,0.0,1613.13,1,0,0.0,3124.17,2,0,0.0,3560.4300000000003,3,0,0.0,0
LGS2ORD0023824,C016150,2025-07-08 16:00:00,Other,72,Silver,Shopee,Bangkok,1366,TV_Show,COD,16,7,1,0,>50,45.53333333333333,5.0,0.0,0.0,-1,24,5790.392000000001,0.2,0.0,0.0,0.0,0.0,0,0,0.0,2499.25,1,0,0.0,9149.56,3,0,0.0,28951.960000000003,5,0,0.0,1
LGS2ORD0023825,C011357,2025-07-08 16:00:00,Female,44,Bronze,TV,Nakhon Ratchasima,1038,Web,COD,16,7,1,0,40-50,34.6,4.0,0.0,0.0,-1,27,1517.9699999999998,0.23,0.75,0.25,0.0,0.0,0,0,0.0,1914.85,1,0,0.0,6071.879999999999,4,0,0.0,6071.879999999999,4,0,0.0,0
LGS2ORD0023826,C012155,2025-07-08 16:00:00,Male,60,Bronze,TV,Khon Kaen,824,Web,COD,16,7,1,0,>50,27.466666666666665,4.0,0.0,0.0,-1,7,5773.2,0.18,0.5,0.0,0.0,4346.84,1,0,0.0,4346.84,1,0,0.0,4346.84,1,0,0.0,23092.8,4,0,0.0,0
LGS2ORD0023827,C015275,2025-07-08 16:00:00,Female,45,Silver,Web,Bangkok,491,Shopee,Bank_Transfer,16,7,1,0,40-50,16.366666666666667,3.0,1.0,0.3333333333333333,31,48,3002.376666666667,0.25,0.6666666666666666,0.3333333333333333,0.0,0.0,0,0,0.0,0.0,0,0,0.0,8683.64,2,1,0.5,9007.130000000001,3,1,0.3333333333333333,0
LGS2ORD0023828,C010781,2025-07-08 17:00:00,Male,43,Silver,TV,Khon Kaen,1245,Shopee,COD,17,7,1,0,40-50,41.5,3.0,1.0,0.3333333333333333,117,41,3453.6566666666663,0.25,0.6666666666666666,0.3333333333333333,0.0,0.0,0,0,0.0,0.0,0,0,0.0,396.75,1,0,0.0,10360.97,3,1,0.3333333333333333,0
LGS2ORD0023829,C011349,2025-07-08 17:00:00,Male,32,Bronze,TV,Bangkok,1403,TV_Show,COD,17,7,1,0,30-40,46.766666666666666,3.0,0.0,0.0,-1,46,2989.806666666667,0.03,0.3333333333333333,0.0,0.0,0.0,0,0,0.0,0.0,0,0,0.0,7648.0,2,0,0.0,8969.42,3,0,0.0,1
LGS2ORD0023830,C011463,2025-07-08 17:00:00,Female,51,Bronze,TV,Bangkok,1485,Web,Bank_Transfer,17,7,1,0,>50,49.5,2.0,0.0,0.0,-1,13,9709.885,0.23,1.0,0.5,0.0,0.0,0,0,0.0,3225.53,1,0,0.0,3225.53,1,0,0.0,19419.77,2,0,0.0,1
LGS2ORD0023831,C016815,2025-07-08 17:00:00,Female,50,Silver,Lazada,Bangkok,1277,Shopee,COD,17,7,1,0,40-50,42.56666666666667,1.0,0.0,0.0,-1,96,1438.57,0.1,0.0,0.0,0.0,0.0,0,0,0.0,0.0,0,0,0.0,0.0,0,0,0.0,1438.57,1,0,0.0,0
LGS2ORD0023832,C016071,2025-07-08 17:00:00,Female,65,Silver,TV,Chiang Mai,379,Lazada,COD,17,7,1,0,>50,12.633333333333333,2.0,1.0,0.5,98,92,2473.145,0.3,0.5,0.5,0.0,0.0,0,0,0.0,0.0,0,0,0.0,0.0,0,0,0.0,4946.29,2,1,0.5,1
LGS2ORD0023833,C015985,2025-07-08 18:00:00,Male,37,Bronze,Shopee,Remote_Area,1530,Shopee,COD,18,7,1,0,30-40,51.0,2.0,0.0,0.0,-1,113,5918.775,0.13,0.0,0.0,0.0,0.0,0,0,0.0,0.0,0,0,0.0,0.0,0,0,0.0,11837.55,2,0,0.0,0
LGS2ORD0023834,C012220,2025-07-08 18:00:00,Male,52,Silver,TV,Bangkok,1199,Web,COD,18,7,1,0,>50,39.96666666666667,3.0,0.0,0.0,-1,18,10983.646666666667,0.25,0.3333333333333333,0.3333333333333333,0.0,0.0,0,0,0.0,31928.37,1,0,0.0,32403.77,2,0,0.0,32950.94,3,0,0.0,0
LGS2ORD0023835,C017334,2025-07-08 18:00:00,Male,45,Silver,Web,Remote_Area,512,Shopee,COD,18,7,1,0,40-50,17.066666666666666,5.0,0.0,0.0,-1,24,5462.964,0.2,0.4,0.0,0.0,0.0,0,0,0.0,4436.54,1,0,0.0,4436.54,1,0,0.0,27314.82,5,0,0.0,1
LGS2ORD0023836,C011133,2025-07-08 18:00:00,Male,37,Bronze,CallCenter,Remote_Area,1120,TV_Show,COD,18,7,1,0,30-40,37.333333333333336,5.0,1.0,0.2,25,21,3998.4540000000006,0.18,0.4,0.0,0.0,0.0,0,0,0.0,8437.83,2,1,0.5,19302.800000000003,4,1,0.25,19992.270000000004,5,1,0.2,0
LGS2ORD0023837,C013102,2025-07-08 18:00:00,Female,48,Silver,Lazada,Khon Kaen,1262,Shopee,COD,18,7,1,0,40-50,42.06666666666667,2.0,0.0,0.0,-1,63,3106.4049999999997,0.3,0.0,1.0,0.0,0.0,0,0,0.0,0.0,0,0,0.0,4055.97,1,0,0.0,6212.8099999999995,2,0,0.0,1
LGS2ORD0023838,C016248,2025-07-08 19:00:00,Female,44,Silver,TV,Nakhon Ratchasima,888,Lazada,Credit_Card,19,7,1,0,40-50,29.6,8.0,1.0,0.125,47,7,4203.75,0.3,0.375,0.25,0.0,0.0,0,0,0.0,5287.25,3,0,0.0,6332.719999999999,4,1,0.25,33630.0,8,1,0.125,0
LGS2ORD0023839,C015580,2025-07-08 19:00:00,Female,60,Bronze,Lazada,Phuket,1508,CallCenter,Bank_Transfer,19,7,1,0,>50,50.266666666666666,3.0,1.0,0.3333333333333333,105,105,14263.510000000002,0.18,1.0,0.0,0.0,0.0,0,0,0.0,0.0,0,0,0.0,0.0,0,0,0.0,42790.530000000006,3,1,0.3333333333333333,1
LGS2ORD0023840,C015296,2025-07-08 19:00:00,Female,39,Bronze,Shopee,Songkhla,691,TV_Show,COD,19,7,1,0,30-40,23.033333333333335,4.0,2.0,0.5,22,30,4152.18,0.23,0.5,0.25,0.0,0.0,0,0,0.0,0.0,0,0,0.0,12120.990000000002,2,2,1.0,16608.72,4,2,0.5,0
LGS2ORD0023841,C010941,2025-07-08 19:00:00,Female,36,Silver,TV,Bangkok,933,Lazada,COD,19,7,1,0,30-40,31.1,4.0,3.0,0.75,29,45,3463.2975,0.3,1.0,0.5,0.0,0.0,0,0,0.0,0.0,0,0,0.0,3684.98,1,1,1.0,13853.19,4,3,0.75,0
LGS2ORD0023842,C015727,2025-07-08 19:00:00,Female,42,Silver,Shopee,Phuket,1215,Web,COD,19,7,1,0,40-50,40.5,2.0,0.0,0.0,-1,11,5418.905,0.25,0.5,0.5,0.0,0.0,0,0,0.0,8844.46,1,0,0.0,8844.46,1,0,0.0,10837.81,2,0,0.0,1
LGS2ORD0023843,C010389,2025-07-08 20:00:00,Male,46,Bronze,Shopee,Phuket,287,Web,Credit_Card,20,7,1,0,40-50,9.566666666666666,2.0,0.0,0.0,-1,58,6667.415,0.08,0.0,0.0,0.0,0.0,0,0,0.0,0.0,0,0,0.0,8910.09,1,0,0.0,13334.83,2,0,0.0,1
LGS2ORD0023844,C010445,2025-07-08 20:00:00,Male,40,Gold,Web,Bangkok,1441,Lazada,COD,20,7,1,0,30-40,48.03333333333333,5.0,1.0,0.2,0,3,5622.09,0.28,0.6,0.2,0.0,16306.8,1,0,0.0,17693.17,2,1,0.5,24569.059999999998,4,1,0.25,28110.45,5,1,0.2,1
LGS2ORD0023845,C012423,2025-07-08 20:00:00,Female,57,Bronze,CallCenter,Remote_Area,974,TV_Show,Bank_Transfer,20,7,1,0,>50,32.46666666666667,5.0,2.0,0.4,-7,5,5357.799999999999,0.28,0.2,0.8,0.0,5022.05,1,1,1.0,21847.19,2,2,1.0,26211.37,4,2,0.5,26788.999999999996,5,2,0.4,0
LGS2ORD0023846,C010996,2025-07-08 20:00:00,Female,48,Bronze,Web,Chiang Mai,566,Lazada,COD,20,7,1,0,40-50,18.866666666666667,3.0,0.0,0.0,-1,21,1529.7266666666667,0.23,0.6666666666666666,0.3333333333333333,0.0,0.0,0,0,0.0,2961.41,1,0,0.0,3533.41,2,0,0.0,4589.18,3,0,0.0,1
LGS2ORD0023847,C011488,2025-07-08 20:00:00,Male,42,Bronze,Shopee,Bangkok,1112,Lazada,COD,20,7,1,0,40-50,37.06666666666667,1.0,0.0,0.0,-1,80,1167.99,0.03,1.0,0.0,0.0,0.0,0,0,0.0,0.0,0,0,0.0,1167.99,1,0,0.0,1167.99,1,0,0.0,0
LGS2ORD0023848,C015961,2025-07-08 20:00:00,Female,39,Bronze,Web,Bangkok,842,CallCenter,Credit_Card,20,7,1,0,30-40,28.066666666666666,6.0,2.0,0.3333333333333333,12,10,8107.988333333334,0.23,0.3333333333333333,0.16666666666666666,0.0,0.0,0,0,0.0,34487.91,2,1,0.5,37125.18,3,2,0.6666666666666666,48647.93,6,2,0.3333333333333333,0
LGS2ORD0023849,C013267,2025-07-08 21:00:00,Female,34,Silver,Shopee,Remote_Area,433,Web,COD,21,7,1,0,30-40,14.433333333333334,6.0,2.0,0.3333333333333333,81,43,6833.595,0.2,0.8333333333333334,0.0,0.0,0.0,0,0,0.0,0.0,0,0,0.0,12746.42,2,0,0.0,41001.57,6,2,0.3333333333333333,0
LGS2ORD0023850,C013634,2025-07-08 21:00:00,Female,50,Gold,Shopee,Nakhon Ratchasima,707,CallCenter,PromptPay,21,7,1,0,40-50,23.566666666666666,1.0,1.0,1.0,121,132,1657.75,0.08,0.0,0.0,0.0,0.0,0,0,0.0,0.0,0,0,0.0,0.0,0,0,0.0,1657.75,1,1,1.0,0
LGS2ORD0023851,C013906,2025-07-08 21:00:00,Female,37,Bronze,Shopee,Bangkok,808,Lazada,COD,21,7,1,0,30-40,26.933333333333334,5.0,2.0,0.4,5,14,4970.414,0.23,0.6,0.6,0.0,0.0,0,0,0.0,8697.32,3,1,0.3333333333333333,8697.32,3,1,0.3333333333333333,24852.07,5,2,0.4,0
LGS2ORD0023852,C011055,2025-07-08 21:00:00,Male,18,Bronze,Web,Remote_Area,1529,Web,COD,21,7,1,0,<20,50.96666666666667,2.0,1.0,0.5,72,81,1626.365,0.18,0.5,0.0,0.0,0.0,0,0,0.0,0.0,0,0,0.0,2045.52,1,1,1.0,3252.73,2,1,0.5,1
LGS2ORD0023853,C017393,2025-07-08 21:00:00,Female,69,Gold,Web,Chiang Mai,1464,Web,PromptPay,21,7,1,0,>50,48.8,0.0,0.0,0.0,-1,-1,0.0,0.0,0.0,0.0,0.0,0.0,0,0,0.0,0.0,0,0,0.0,0.0,0,0,0.0,0.0,0,0,0.0,0
LGS2ORD0023854,C015069,2025-07-08 22:00:00,Female,44,Silver,Web,Chiang Mai,732,Web,Credit_Card,22,7,1,0,40-50,24.4,7.0,2.0,0.2857142857142857,142,11,3075.3385714285714,0.3,0.42857142857142855,0.14285714285714285,0.0,0.0,0,0,0.0,637.63,1,0,0.0,10298.039999999999,3,0,0.0,21527.37,7,2,0.2857142857142857,0
LGS2ORD0023855,C016135,2025-07-08 22:00:00,Male,40,Silver,Web,Chonburi,513,TV_Show,Bank_Transfer,22,7,1,0,30-40,17.1,3.0,1.0,0.3333333333333333,175,50,6379.586666666667,0.2,0.6666666666666666,0.0,0.0,0.0,0,0,0.0,0.0,0,0,0.0,424.58,1,0,0.0,19138.760000000002,3,1,0.3333333333333333,0
LGS2ORD0023856,C011095,2025-07-08 22:00:00,Male,54,Gold,Shopee,Bangkok,1397,TV_Show,Bank_Transfer,22,7,1,0,>50,46.56666666666667,2.0,0.0,0.0,-1,19,2634.68,0.2299999999999999,0.5,1.0,0.0,0.0,0,0,0.0,1035.45,1,0,0.0,1035.45,1,0,0.0,5269.36,2,0,0.0,0
LGS2ORD0023857,C013587,2025-07-08 22:00:00,Female,29,Silver,Lazada,Khon Kaen,698,CallCenter,COD,22,7,1,0,20-30,23.266666666666666,3.0,0.0,0.0,-1,59,4230.343333333333,0.25,0.0,0.3333333333333333,0.0,0.0,0,0,0.0,0.0,0,0,0.0,11590.4,2,0,0.0,12691.029999999999,3,0,0.0,0
LGS2ORD0023858,C014886,2025-07-08 22:00:00,Female,31,Gold,TV,Khon Kaen,594,Lazada,COD,22,7,1,0,30-40,19.8,7.0,0.0,0.0,-1,13,3617.6128571428567,0.33,0.42857142857142855,0.42857142857142855,0.0,0.0,0,0,0.0,8387.87,2,0,0.0,14972.03,3,0,0.0,25323.289999999997,7,0,0.0,0
LGS2ORD0023859,C010837,2025-07-08 23:00:00,Female,54,Bronze,Web,Chiang Mai,1087,TV_Show,COD,23,7,1,0,>50,36.233333333333334,1.0,0.0,0.0,-1,166,7795.24,0.18,0.0,0.0,0.0,0.0,0,0,0.0,0.0,0,0,0.0,0.0,0,0,0.0,7795.24,1,0,0.0,0
LGS2ORD0023860,C016368,2025-07-08 23:00:00,Female,39,Silver,Web,Khon Kaen,1591,TV_Show,COD,23,7,1,0,30-40,53.03333333333333,3.0,1.0,0.3333333333333333,18,33,4791.7,0.3,0.3333333333333333,0.3333333333333333,0.0,0.0,0,0,0.0,0.0,0,0,0.0,10743.8,1,1,1.0,14375.099999999999,3,1,0.3333333333333333,1
LGS2ORD0023861,C017790,2025-07-08 23:00:00,Male,40,Gold,Web,Songkhla,748,Shopee,COD,23,7,1,0,30-40,24.933333333333334,4.0,1.0,0.25,25,38,10638.8875,0.28,0.75,0.25,0.0,0.0,0,0,0.0,0.0,0,0,0.0,25988.43,1,1,1.0,42555.55,4,1,0.25,1
LGS2ORD0023862,C017874,2025-07-08 23:00:00,Female,57,Bronze,Shopee,Bangkok,1437,Lazada,PromptPay,23,7,1,0,>50,47.9,4.0,0.0,0.0,-1,45,1994.1499999999999,0.18,0.25,0.0,0.0,0.0,0,0,0.0,0.0,0,0,0.0,6622.15,3,0,0.0,7976.599999999999,4,0,0.0,0
LGS2ORD0023863,C017516,2025-07-08 23:00:00,Male,60,Gold,TV,Bangkok,690,Lazada,COD,23,7,1,0,>50,23.0,9.0,0.0,0.0,-1,1,6884.597777777777,0.33,0.6666666666666666,0.3333333333333333,0.0,2721.29,1,0,0.0,15623.189999999999,4,0,0.0,15623.189999999999,4,0,0.0,61961.38,9,0,0.0,1
LGS2ORD0023864,C010366,2025-07-08 23:00:00,Female,20,Bronze,Shopee,Phuket,853,TV_Show,PromptPay,23,7,1,0,<20,28.433333333333334,0.0,0.0,0.0,-1,-1,0.0,0.0,0.0,0.0,0.0,0.0,0,0,0.0,0.0,0,0,0.0,0.0,0,0,0.0,0.0,0,0,0.0,0
LGS2ORD0023865,C014412,2025-07-09 00:00:00,Other,48,Gold,TV,Bangkok,885,Web,Credit_Card,0,7,2,0,40-50,29.5,2.0,0.0,0.0,-1,37,1592.49,0.18,1.0,0.0,0.0,0.0,0,0,0.0,0.0,0,0,0.0,1850.4,1,0,0.0,3184.98,2,0,0.0,0
LGS2ORD0023866,C015407,2025-07-09 00:00:00,Female,56,Gold,Lazada,Songkhla,753,Shopee,Credit_Card,0,7,2,0,>50,25.1,4.0,1.0,0.25,170,143,3034.7525000000005,0.28,0.75,0.75,0.0,0.0,0,0,0.0,0.0,0,0,0.0,0.0,0,0,0.0,12139.010000000002,4,1,0.25,0
LGS2ORD0023867,C010525,2025-07-09 00:00:00,Female,37,Gold,TV,Chiang Mai,667,Lazada,COD,0,7,2,0,30-40,22.233333333333334,3.0,1.0,0.3333333333333333,114,57,5697.903333333333,0.2299999999999999,0.6666666666666666,0.6666666666666666,0.0,0.0,0,0,0.0,0.0,0,0,0.0,1973.34,2,0,0.0,17093.71,3,1,0.3333333333333333,0
LGS2ORD0023868,C012684,2025-07-09 00:00:00,Female,39,Bronze,Web,Songkhla,1581,Web,COD,0,7,2,0,30-40,52.7,2.0,1.0,0.5,84,1,2645.25,0.13,1.0,0.0,0.0,526.83,1,0,0.0,526.83,1,0,0.0,526.83,1,0,0.0,5290.5,2,1,0.5,0
LGS2ORD0023869,C010267,2025-07-09 00:00:00,Female,34,Bronze,Shopee,Remote_Area,308,CallCenter,COD,0,7,2,0,30-40,10.266666666666667,2.0,1.0,0.5,107,114,3412.4449999999997,0.23,1.0,0.5,0.0,0.0,0,0,0.0,0.0,0,0,0.0,0.0,0,0,0.0,6824.889999999999,2,1,0.5,1
LGS2ORD0023870,C013131,2025-07-09 01:00:00,Female,55,Silver,TV,Chiang Mai,719,Lazada,PromptPay,1,7,2,0,>50,23.966666666666665,2.0,0.0,0.0,-1,110,4005.81,0.3,0.5,0.5,0.0,0.0,0,0,0.0,0.0,0,0,0.0,0.0,0,0,0.0,8011.62,2,0,0.0,0
LGS2ORD0023871,C015794,2025-07-09 01:00:00,Female,18,Silver,Web,Khon Kaen,1486,Web,Credit_Card,1,7,2,0,<20,49.53333333333333,0.0,0.0,0.0,-1,-1,0.0,0.0,0.0,0.0,0.0,0.0,0,0,0.0,0.0,0,0,0.0,0.0,0,0,0.0,0.0,0,0,0.0,0
LGS2ORD0023872,C016577,2025-07-09 01:00:00,Female,33,Silver,Web,Khon Kaen,1352,CallCenter,COD,1,7,2,0,30-40,45.06666666666667,6.0,0.0,0.0,-1,8,5497.485000000001,0.25,0.3333333333333333,0.16666666666666666,0.0,0.0,0,0,0.0,1772.38,2,0,0.0,1772.38,2,0,0.0,32984.91,6,0,0.0,0
LGS2ORD0023873,C012869,2025-07-09 01:00:00,Female,51,Bronze,Lazada,Chiang Mai,380,Lazada,COD,1,7,2,0,>50,12.666666666666666,5.0,3.0,0.6,40,48,7758.196000000001,0.28,0.8,0.4,0.0,0.0,0,0,0.0,0.0,0,0,0.0,14260.3,2,2,1.0,38790.98,5,3,0.6,0
LGS2ORD0023874,C017507,2025-07-09 01:00:00,Male,26,Silver,Web,Phuket,988,Web,Bank_Transfer,1,7,2,0,20-30,32.93333333333333,4.0,1.0,0.25,43,35,4339.9825,0.25,0.5,0.25,0.0,0.0,0,0,0.0,0.0,0,0,0.0,5453.26,2,1,0.5,17359.93,4,1,0.25,0
LGS2ORD0023875,C010174,2025-07-09 02:00:00,Female,41,Bronze,TV,Chonburi,853,TV_Show,COD,2,7,2,0,40-50,28.433333333333334,2.0,0.0,0.0,-1,117,7210.1849999999995,0.18,1.0,0.0,0.0,0.0,0,0,0.0,0.0,0,0,0.0,0.0,0,0,0.0,14420.369999999999,2,0,0.0,0
LGS2ORD0023876,C014570,2025-07-09 02:00:00,Male,28,Bronze,Shopee,Bangkok,1234,TV_Show,COD,2,7,2,0,20-30,41.13333333333333,2.0,0.0,0.0,-1,107,1532.96,0.18,0.5,0.0,0.0,0.0,0,0,0.0,0.0,0,0,0.0,0.0,0,0,0.0,3065.92,2,0,0.0,1
LGS2ORD0023877,C015421,2025-07-09 02:00:00,Other,32,Platinum,Shopee,Phuket,1034,Shopee,COD,2,7,2,0,30-40,34.46666666666667,7.0,3.0,0.42857142857142855,43,35,3068.915714285715,0.35,0.7142857142857143,0.8571428571428571,0.0,0.0,0,0,0.0,0.0,0,0,0.0,18210.65,4,1,0.25,21482.410000000003,7,3,0.42857142857142855,1
LGS2ORD0023878,C014560,2025-07-09 02:00:00,Female,67,Bronze,TV,Khon Kaen,790,Lazada,COD,2,7,2,0,>50,26.333333333333332,1.0,0.0,0.0,-1,32,250.77,0.28,0.0,1.0,0.0,0.0,0,0,0.0,0.0,0,0,0.0,250.77,1,0,0.0,250.77,1,0,0.0,1
LGS2ORD0023879,C011173,2025-07-09 02:00:00,Male,29,Silver,Lazada,Nakhon Ratchasima,676,Shopee,Credit_Card,2,7,2,0,20-30,22.533333333333335,1.0,0.0,0.0,-1,35,527.19,0.15,0.0,0.0,0.0,0.0,0,0,0.0,0.0,0,0,0.0,527.19,1,0,0.0,527.19,1,0,0.0,0
LGS2ORD0023880,C014241,2025-07-09 03:00:00,Male,52,Silver,Lazada,Bangkok,649,Web,Bank_Transfer,3,7,2,0,>50,21.633333333333333,2.0,0.0,0.0,-1,76,7602.51,0.2,1.0,0.0,0.0,0.0,0,0,0.0,0.0,0,0,0.0,14652.29,1,0,0.0,15205.02,2,0,0.0,0
LGS2ORD0023881,C010431,2025-07-09 03:00:00,Male,62,Silver,TV,Bangkok,1016,Shopee,Credit_Card,3,7,2,0,>50,33.86666666666667,4.0,0.0,0.0,-1,1,2835.4725,0.25,1.0,0.25,0.0,1521.7,1,0,0.0,1521.7,1,0,0.0,4814.82,2,0,0.0,11341.89,4,0,0.0,0
LGS2ORD0023882,C016400,2025-07-09 03:00:00,Male,39,Silver,Lazada,Bangkok,691,CallCenter,Bank_Transfer,3,7,2,0,30-40,23.033333333333335,3.0,0.0,0.0,-1,8,3525.216666666666,0.25,0.3333333333333333,0.6666666666666666,0.0,0.0,0,0,0.0,1148.46,1,0,0.0,10575.649999999998,3,0,0.0,10575.649999999998,3,0,0.0,0
LGS2ORD0023883,C010402,2025-07-09 03:00:00,Female,40,Silver,TV,Bangkok,417,TV_Show,COD,3,7,2,0,30-40,13.9,1.0,0.0,0.0,-1,158,8357.9,0.15,1.0,0.0,0.0,0.0,0,0,0.0,0.0,0,0,0.0,0.0,0,0,0.0,8357.9,1,0,0.0,0
LGS2ORD0023884,C016606,2025-07-09 03:00:00,Female,50,Bronze,TV,Chiang Mai,1505,TV_Show,COD,3,7,2,0,40-50,50.166666666666664,2.0,1.0,0.5,69,3,5540.66,0.18,0.5,0.0,0.0,8943.65,1,0,0.0,8943.65,1,0,0.0,11081.32,2,1,0.5,11081.32,2,1,0.5,0
LGS2ORD0023885,C013065,2025-07-09 03:00:00,Female,37,Platinum,Lazada,Bangkok,1374,Lazada,Bank_Transfer,3,7,2,0,30-40,45.8,1.0,0.0,0.0,-1,73,8801.15,0.1,0.0,0.0,0.0,0.0,0,0,0.0,0.0,0,0,0.0,8801.15,1,0,0.0,8801.15,1,0,0.0,0
LGS2ORD0023886,C010147,2025-07-09 04:00:00,Male,50,Silver,TV,Songkhla,702,Web,PromptPay,4,7,2,0,40-50,23.4,5.0,0.0,0.0,-1,30,8048.177999999998,0.25,0.0,0.4,0.0,0.0,0,0,0.0,0.0,0,0,0.0,985.45,1,0,0.0,40240.88999999999,5,0,0.0,1
LGS2ORD0023887,C010645,2025-07-09 04:00:00,Male,45,Bronze,TV,Chonburi,1483,CallCenter,PromptPay,4,7,2,0,40-50,49.43333333333333,6.0,2.0,0.3333333333333333,43,1,3133.6433333333334,0.28,0.5,0.3333333333333333,0.0,6681.2,1,0,0.0,6681.2,1,0,0.0,9333.43,3,1,0.3333333333333333,18801.86,6,2,0.3333333333333333,1
LGS2ORD0023888,C013334,2025-07-09 04:00:00,Female,59,Bronze,Web,Bangkok,433,CallCenter,Credit_Card,4,7,2,0,>50,14.433333333333334,6.0,1.0,0.16666666666666666,21,11,6264.77,0.23,0.6666666666666666,0.3333333333333333,0.0,0.0,0,0,0.0,16342.060000000001,2,0,0.0,37588.62,6,1,0.16666666666666666,37588.62,6,1,0.16666666666666666,1
LGS2ORD0023889,C010741,2025-07-09 04:00:00,Male,24,Gold,TV,Phuket,1404,CallCenter,PromptPay,4,7,2,0,20-30,46.8,6.0,3.0,0.5,5,9,6048.3,0.33,0.16666666666666666,0.3333333333333333,0.0,0.0,0,0,0.0,17585.21,2,1,0.5,36289.8,6,3,0.5,36289.8,6,3,0.5,0
LGS2ORD0023890,C012858,2025-07-09 04:00:00,Male,45,Gold,Web,Chiang Mai,1642,Web,COD,4,7,2,0,40-50,54.733333333333334,4.0,0.0,0.0,-1,6,1285.8125,0.28,0.25,0.5,0.0,406.33,1,0,0.0,406.33,1,0,0.0,406.33,1,0,0.0,5143.25,4,0,0.0,0
LGS2ORD0023891,C016623,2025-07-09 05:00:00,Female,52,Gold,TV,Phuket,502,TV_Show,Bank_Transfer,5,7,2,0,>50,16.733333333333334,6.0,2.0,0.3333333333333333,11,20,4133.625,0.2299999999999999,0.3333333333333333,0.16666666666666666,0.0,0.0,0,0,0.0,1680.31,1,1,1.0,14007.009999999998,3,2,0.6666666666666666,24801.75,6,2,0.3333333333333333,1
LGS2ORD0023892,C011917,2025-07-09 05:00:00,Male,48,Silver,TV,Bangkok,1037,Shopee,Credit_Card,5,7,2,0,40-50,34.56666666666667,3.0,2.0,0.6666666666666666,66,50,3723.6633333333334,0.25,1.0,0.6666666666666666,0.0,0.0,0,0,0.0,0.0,0,0,0.0,8645.01,2,1,0.5,11170.99,3,2,0.6666666666666666,0
LGS2ORD0023893,C015828,2025-07-09 05:00:00,Male,42,Bronze,TV,Khon Kaen,1422,Web,Credit_Card,5,7,2,0,40-50,47.4,9.0,5.0,0.5555555555555556,74,80,7617.397777777778,0.28,0.7777777777777778,0.3333333333333333,0.0,0.0,0,0,0.0,0.0,0,0,0.0,11280.0,2,1,0.5,68556.58,9,5,0.5555555555555556,0
LGS2ORD0023894,C016572,2025-07-09 05:00:00,Female,39,Silver,Shopee,Bangkok,1464,Lazada,Credit_Card,5,7,2,0,30-40,48.8,2.0,1.0,0.5,45,52,6237.875,0.3,0.5,0.5,0.0,0.0,0,0,0.0,0.0,0,0,0.0,1130.53,1,1,1.0,12475.75,2,1,0.5,1
LGS2ORD0023895,C010015,2025-07-09 05:00:00,Female,46,Silver,Web,Songkhla,466,Web,Bank_Transfer,5,7,2,0,40-50,15.533333333333333,6.0,2.0,0.3333333333333333,46,32,6607.868333333333,0.3,0.5,0.3333333333333333,0.0,0.0,0,0,0.0,0.0,0,0,0.0,19002.96,3,1,0.3333333333333333,39647.21,6,2,0.3333333333333333,0
LGS2ORD0023896,C014976,2025-07-09 06:00:00,Female,27,Bronze,TV,Nakhon Ratchasima,637,Lazada,PromptPay,6,7,2,0,20-30,21.233333333333334,2.0,1.0,0.5,58,69,3187.1050000000005,0.13,0.5,0.0,0.0,0.0,0,0,0.0,0.0,0,0,0.0,6374.210000000001,2,1,0.5,6374.210000000001,2,1,0.5,0
LGS2ORD0023897,C013572,2025-07-09 06:00:00,Female,43,Silver,Web,Chiang Mai,245,Shopee,COD,6,7,2,0,40-50,8.166666666666666,0.0,0.0,0.0,-1,-1,0.0,0.0,0.0,0.0,0.0,0.0,0,0,0.0,0.0,0,0,0.0,0.0,0,0,0.0,0.0,0,0,0.0,0
LGS2ORD0023898,C017496,2025-07-09 06:00:00,Female,54,Gold,Shopee,Chiang Mai,550,TV_Show,COD,6,7,2,0,>50,18.333333333333332,4.0,2.0,0.5,54,58,11638.4925,0.28,0.5,1.0,0.0,0.0,0,0,0.0,0.0,0,0,0.0,46553.97,4,2,0.5,46553.97,4,2,0.5,1
LGS2ORD0023899,C012834,2025-07-09 06:00:00,Male,43,Bronze,TV,Bangkok,1257,TV_Show,COD,6,7,2,0,40-50,41.9,4.0,0.0,0.0,-1,26,2817.9424999999997,0.18,0.5,0.0,0.0,0.0,0,0,0.0,960.06,1,0,0.0,5723.34,2,0,0.0,11271.769999999999,4,0,0.0,0
LGS2ORD0023900,C012680,2025-07-09 06:00:00,Male,33,Silver,Web,Khon Kaen,494,Lazada,PromptPay,6,7,2,0,30-40,16.466666666666665,0.0,0.0,0.0,-1,-1,0.0,0.0,0.0,0.0,0.0,0.0,0,0,0.0,0.0,0,0,0.0,0.0,0,0,0.0,0.0,0,0,0.0,0
LGS2ORD0023901,C016933,2025-07-09 07:00:00,Female,36,Silver,Web,Songkhla,1406,Web,Credit_Card,7,7,2,0,30-40,46.86666666666667,3.0,0.0,0.0,-1,27,10540.086666666668,0.1,0.3333333333333333,0.0,0.0,0.0,0,0,0.0,24914.72,1,0,0.0,27133.800000000003,2,0,0.0,31620.260000000002,3,0,0.0,0
LGS2ORD0023902,C012689,2025-07-09 07:00:00,Female,28,Bronze,Web,Khon Kaen,1308,TV_Show,COD,7,7,2,0,20-30,43.6,3.0,1.0,0.3333333333333333,6,21,1736.4533333333331,0.08,0.6666666666666666,0.0,0.0,0.0,0,0,0.0,1601.66,1,1,1.0,1601.66,1,1,1.0,5209.36,3,1,0.3333333333333333,1
LGS2ORD0023903,C010318,2025-07-09 07:00:00,Male,48,Platinum,Lazada,Chiang Mai,1176,CallCenter,COD,7,7,2,0,40-50,39.2,1.0,0.0,0.0,-1,57,3879.83,0.25,1.0,1.0,0.0,0.0,0,0,0.0,0.0,0,0,0.0,3879.83,1,0,0.0,3879.83,1,0,0.0,1
LGS2ORD0023904,C017569,2025-07-09 07:00:00,Male,53,Silver,TV,Chonburi,783,TV_Show,COD,7,7,2,0,>50,26.1,1.0,0.0,0.0,-1,142,890.01,0.25,1.0,1.0,0.0,0.0,0,0,0.0,0.0,0,0,0.0,0.0,0,0,0.0,890.01,1,0,0.0,0
LGS2ORD0023905,C011621,2025-07-09 07:00:00,Female,42,Gold,Lazada,Bangkok,956,TV_Show,COD,7,7,2,0,40-50,31.866666666666667,2.0,1.0,0.5,90,103,14226.1,0.28,1.0,1.0,0.0,0.0,0,0,0.0,0.0,0,0,0.0,0.0,0,0,0.0,28452.2,2,1,0.5,0
LGS2ORD0023906,C011467,2025-07-09 07:00:00,Female,45,Bronze,Shopee,Chiang Mai,680,Web,Credit_Card,7,7,2,0,40-50,22.666666666666668,3.0,1.0,0.3333333333333333,111,64,7396.936666666667,0.23,0.3333333333333333,0.3333333333333333,0.0,0.0,0,0,0.0,0.0,0,0,0.0,8510.05,2,0,0.0,22190.81,3,1,0.3333333333333333,0
LGS2ORD0023907,C017638,2025-07-09 08:00:00,Female,61,Silver,TV,Bangkok,1437,CallCenter,COD,8,7,2,0,>50,47.9,5.0,1.0,0.2,139,63,9432.206,0.3,0.6,0.4,0.0,0.0,0,0,0.0,0.0,0,0,0.0,31238.25,2,0,0.0,47161.03,5,1,0.2,0
LGS2ORD0023908,C016803,2025-07-09 08:00:00,Male,23,Silver,TV,Chiang Mai,352,Lazada,COD,8,7,2,0,20-30,11.733333333333333,3.0,1.0,0.3333333333333333,145,66,1887.2700000000002,0.3,0.3333333333333333,0.3333333333333333,0.0,0.0,0,0,0.0,0.0,0,0,0.0,2089.05,1,0,0.0,5661.81,3,1,0.3333333333333333,0
LGS2ORD0023909,C015414,2025-07-09 08:00:00,Female,35,Bronze,CallCenter,Chiang Mai,721,Shopee,Credit_Card,8,7,2,0,30-40,24.033333333333335,3.0,1.0,0.3333333333333333,62,54,4147.006666666666,0.18,0.6666666666666666,0.0,0.0,0.0,0,0,0.0,0.0,0,0,0.0,9919.86,2,1,0.5,12441.019999999999,3,1,0.3333333333333333,1
LGS2ORD0023910,C014787,2025-07-09 08:00:00,Male,26,Bronze,Shopee,Bangkok,349,Shopee,PromptPay,8,7,2,0,20-30,11.633333333333333,4.0,0.0,0.0,-1,113,10720.52,0.23,0.75,0.25,0.0,0.0,0,0,0.0,0.0,0,0,0.0,0.0,0,0,0.0,42882.08,4,0,0.0,0
LGS2ORD0023911,C014136,2025-07-09 08:00:00,Other,57,Bronze,CallCenter,Khon Kaen,331,TV_Show,COD,8,7,2,0,>50,11.033333333333333,3.0,1.0,0.3333333333333333,-9,3,4491.666666666667,0.28,0.6666666666666666,0.3333333333333333,0.0,5261.44,1,1,1.0,5261.44,1,1,1.0,5261.44,1,1,1.0,13475.0,3,1,0.3333333333333333,0
LGS2ORD0023912,C017687,2025-07-09 09:00:00,Male,47,Silver,CallCenter,Chonburi,381,Web,COD,9,7,2,0,40-50,12.7,8.0,2.0,0.25,136,16,6267.4625,0.25,0.375,0.375,0.0,0.0,0,0,0.0,4481.6,2,0,0.0,4481.6,2,0,0.0,50139.7,8,2,0.25,0
LGS2ORD0023913,C010806,2025-07-09 09:00:00,Female,45,Platinum,Shopee,Phuket,741,Shopee,COD,9,7,2,0,40-50,24.7,4.0,2.0,0.5,86,4,5389.1625,0.35,0.75,0.75,0.0,3994.13,1,0,0.0,3994.13,1,0,0.0,3994.13,1,0,0.0,21556.65,4,2,0.5,0
LGS2ORD0023914,C017126,2025-07-09 09:00:00,Male,55,Platinum,TV,Chiang Mai,605,Web,COD,9,7,2,0,>50,20.166666666666668,3.0,0.0,0.0,-1,37,5652.05,0.35,0.3333333333333333,0.6666666666666666,0.0,0.0,0,0,0.0,0.0,0,0,0.0,16403.27,2,0,0.0,16956.15,3,0,0.0,1
LGS2ORD0023915,C010872,2025-07-09 09:00:00,Male,23,Gold,Web,Chonburi,576,Web,Bank_Transfer,9,7,2,0,20-30,19.2,6.0,0.0,0.0,-1,2,4767.431666666667,0.28,0.16666666666666666,0.3333333333333333,0.0,4902.18,2,0,0.0,4902.18,2,0,0.0,4902.18,2,0,0.0,28604.590000000004,6,0,0.0,0
LGS2ORD0023916,C013659,2025-07-09 09:00:00,Male,72,Bronze,TV,Remote_Area,1348,Shopee,COD,9,7,2,0,>50,44.93333333333333,3.0,0.0,0.0,-1,10,5072.426666666667,0.28,0.0,0.3333333333333333,0.0,0.0,0,0,0.0,5671.5,1,0,0.0,5671.5,1,0,0.0,15217.28,3,0,0.0,0
LGS2ORD0023917,C011041,2025-07-09 10:00:00,Female,46,Bronze,CallCenter,Bangkok,983,Shopee,COD,10,7,2,0,40-50,32.766666666666666,7.0,0.0,0.0,-1,20,4502.522857142857,0.28,1.0,0.2857142857142857,0.0,0.0,0,0,0.0,1635.33,1,0,0.0,13886.970000000001,4,0,0.0,31517.659999999996,7,0,0.0,1
LGS2ORD0023918,C013606,2025-07-09 10:00:00,Other,27,Bronze,CallCenter,Chonburi,214,Lazada,Credit_Card,10,7,2,0,20-30,7.133333333333334,1.0,0.0,0.0,-1,178,2961.27,0.23,0.0,1.0,0.0,0.0,0,0,0.0,0.0,0,0,0.0,0.0,0,0,0.0,2961.27,1,0,0.0,0
LGS2ORD0023919,C017619,2025-07-09 10:00:00,Female,32,Bronze,CallCenter,Chonburi,1427,TV_Show,COD,10,7,2,0,30-40,47.56666666666667,1.0,0.0,0.0,-1,170,26471.96,0.08,1.0,0.0,0.0,0.0,0,0,0.0,0.0,0,0,0.0,0.0,0,0,0.0,26471.96,1,0,0.0,0
LGS2ORD0023920,C011790,2025-07-09 10:00:00,Male,52,Silver,Shopee,Khon Kaen,1280,CallCenter,Credit_Card,10,7,2,0,>50,42.666666666666664,1.0,0.0,0.0,-1,98,2460.61,0.15,0.0,0.0,0.0,0.0,0,0,0.0,0.0,0,0,0.0,0.0,0,0,0.0,2460.61,1,0,0.0,0
LGS2ORD0023921,C017098,2025-07-09 10:00:00,Other,57,Silver,Web,Bangkok,722,Lazada,Credit_Card,10,7,2,0,>50,24.066666666666666,2.0,0.0,0.0,-1,27,2299.86,0.15,0.0,0.0,0.0,0.0,0,0,0.0,2832.27,1,0,0.0,4599.72,2,0,0.0,4599.72,2,0,0.0,0
LGS2ORD0023922,C014786,2025-07-09 11:00:00,Male,32,Bronze,TV,Remote_Area,889,Shopee,COD,11,7,2,0,30-40,29.633333333333333,6.0,1.0,0.16666666666666666,129,11,4731.183333333333,0.23,0.5,0.3333333333333333,0.0,0.0,0,0,0.0,14236.88,2,0,0.0,26708.11,4,0,0.0,28387.1,6,1,0.16666666666666666,1
LGS2ORD0023923,C017748,2025-07-09 11:00:00,Female,62,Silver,TV,Nakhon Ratchasima,679,Web,Bank_Transfer,11,7,2,0,>50,22.633333333333333,2.0,0.0,0.0,-1,33,11940.595,0.15,0.0,0.0,0.0,0.0,0,0,0.0,0.0,0,0,0.0,23365.87,1,0,0.0,23881.19,2,0,0.0,0
LGS2ORD0023924,C012537,2025-07-09 11:00:00,Other,33,Bronze,TV,Bangkok,999,Lazada,COD,11,7,2,0,30-40,33.3,4.0,1.0,0.25,144,72,5057.045,0.23,0.5,0.25,0.0,0.0,0,0,0.0,0.0,0,0,0.0,9616.44,1,0,0.0,20228.18,4,1,0.25,1
LGS2ORD0023925,C016888,2025-07-09 11:00:00,Male,32,Silver,Shopee,Nakhon Ratchasima,827,Web,Credit_Card,11,7,2,0,30-40,27.566666666666666,4.0,0.0,0.0,-1,36,4903.675,0.2,0.5,0.0,0.0,0.0,0,0,0.0,0.0,0,0,0.0,12085.67,2,0,0.0,19614.7,4,0,0.0,0
LGS2ORD0023926,C013189,2025-07-09 11:00:00,Female,42,Bronze,Web,Bangkok,1419,Shopee,COD,11,7,2,0,40-50,47.3,5.0,0.0,0.0,-1,12,3246.204,0.28,0.6,0.2,0.0,0.0,0,0,0.0,4495.81,2,0,0.0,4495.81,2,0,0.0,16231.02,5,0,0.0,0
LGS2ORD0023927,C013101,2025-07-09 11:00:00,Male,44,Gold,TV,Chonburi,987,CallCenter,Credit_Card,11,7,2,0,40-50,32.9,5.0,1.0,0.2,116,34,4614.444,0.33,0.2,0.8,0.0,0.0,0,0,0.0,0.0,0,0,0.0,21135.530000000002,3,0,0.0,23072.22,5,1,0.2,0
LGS2ORD0023928,C011291,2025-07-09 12:00:00,Male,29,Gold,Lazada,Bangkok,1087,TV_Show,Credit_Card,12,7,2,0,20-30,36.233333333333334,2.0,0.0,0.0,-1,47,4893.96,0.2299999999999999,0.0,0.5,0.0,0.0,0,0,0.0,0.0,0,0,0.0,609.11,1,0,0.0,9787.92,2,0,0.0,0
LGS2ORD0023929,C014868,2025-07-09 12:00:00,Female,60,Bronze,Lazada,Bangkok,821,TV_Show,Credit_Card,12,7,2,0,>50,27.366666666666667,2.0,0.0,0.0,-1,97,7174.5,0.28,0.5,0.5,0.0,0.0,0,0,0.0,0.0,0,0,0.0,0.0,0,0,0.0,14349.0,2,0,0.0,0
LGS2ORD0023930,C013476,2025-07-09 12:00:00,Male,65,Silver,Web,Phuket,1027,TV_Show,Credit_Card,12,7,2,0,>50,34.233333333333334,3.0,1.0,0.3333333333333333,35,38,6577.31,0.2,0.6666666666666666,0.0,0.0,0.0,0,0,0.0,0.0,0,0,0.0,17682.04,2,1,0.5,19731.93,3,1,0.3333333333333333,0
LGS2ORD0023931,C016170,2025-07-09 12:00:00,Male,37,Silver,Web,Nakhon Ratchasima,1380,Web,COD,12,7,2,0,30-40,46.0,1.0,0.0,0.0,-1,35,20124.63,0.1,0.0,0.0,0.0,0.0,0,0,0.0,0.0,0,0,0.0,20124.63,1,0,0.0,20124.63,1,0,0.0,1
LGS2ORD0023932,C017326,2025-07-09 12:00:00,Female,36,Platinum,TV,Bangkok,1344,TV_Show,COD,12,7,2,0,30-40,44.8,1.0,0.0,0.0,-1,95,1848.25,0.1,1.0,0.0,0.0,0.0,0,0,0.0,0.0,0,0,0.0,0.0,0,0,0.0,1848.25,1,0,0.0,0
LGS2ORD0023933,C011613,2025-07-09 13:00:00,Female,45,Bronze,Shopee,Bangkok,1595,TV_Show,COD,13,7,2,0,40-50,53.166666666666664,3.0,0.0,0.0,-1,50,8795.523333333333,0.18,0.6666666666666666,0.0,0.0,0.0,0,0,0.0,0.0,0,0,0.0,10196.47,1,0,0.0,26386.57,3,0,0.0,1
LGS2ORD0023934,C014925,2025-07-09 13:00:00,Male,46,Silver,Shopee,Nakhon Ratchasima,1377,TV_Show,COD,13,7,2,0,40-50,45.9,3.0,1.0,0.3333333333333333,22,32,2078.0633333333335,0.25,1.0,0.3333333333333333,0.0,0.0,0,0,0.0,0.0,0,0,0.0,3565.84,2,1,0.5,6234.1900000000005,3,1,0.3333333333333333,0
LGS2ORD0023935,C014416,2025-07-09 13:00:00,Female,39,Gold,Web,Chonburi,327,Lazada,PromptPay,13,7,2,0,30-40,10.9,0.0,0.0,0.0,-1,-1,0.0,0.0,0.0,0.0,0.0,0.0,0,0,0.0,0.0,0,0,0.0,0.0,0,0,0.0,0.0,0,0,0.0,0
LGS2ORD0023936,C016032,2025-07-09 13:00:00,Male,41,Bronze,CallCenter,Songkhla,743,Lazada,COD,13,7,2,0,40-50,24.766666666666666,5.0,1.0,0.2,32,38,6285.530000000001,0.18,0.4,0.0,0.0,0.0,0,0,0.0,0.0,0,0,0.0,31427.65,5,1,0.2,31427.65,5,1,0.2,0
LGS2ORD0023937,C012986,2025-07-09 13:00:00,Female,38,Silver,TV,Bangkok,1536,CallCenter,Credit_Card,13,7,2,0,30-40,51.2,3.0,1.0,0.3333333333333333,79,36,4799.856666666667,0.25,0.3333333333333333,0.3333333333333333,0.0,0.0,0,0,0.0,0.0,0,0,0.0,10521.4,2,1,0.5,14399.57,3,1,0.3333333333333333,0
LGS2ORD0023938,C014115,2025-07-09 14:00:00,Male,39,Bronze,Web,Remote_Area,745,Web,COD,14,7,2,0,30-40,24.833333333333332,4.0,0.0,0.0,-1,5,1866.3400000000001,0.28,0.5,0.25,0.0,4304.97,1,0,0.0,5612.64,2,0,0.0,7465.360000000001,4,0,0.0,7465.360000000001,4,0,0.0,1
LGS2ORD0023939,C014087,2025-07-09 14:00:00,Female,69,Bronze,TV,Phuket,558,Lazada,COD,14,7,2,0,>50,18.6,8.0,4.0,0.5,3,5,14259.69375,0.23,0.875,0.125,0.125,12797.9,1,0,0.0,40108.619999999995,3,2,0.6666666666666666,40108.619999999995,3,2,0.6666666666666666,114077.55,8,4,0.5,0
LGS2ORD0023940,C011422,2025-07-09 14:00:00,Male,29,Bronze,TV,Bangkok,839,Web,PromptPay,14,7,2,0,20-30,27.966666666666665,3.0,2.0,0.6666666666666666,3,13,17826.13,0.18,0.6666666666666666,0.0,0.0,0.0,0,0,0.0,10491.380000000001,2,1,0.5,53478.39,3,2,0.6666666666666666,53478.39,3,2,0.6666666666666666,0
LGS2ORD0023941,C013734,2025-07-09 14:00:00,Other,50,Bronze,TV,Khon Kaen,1573,Web,PromptPay,14,7,2,0,40-50,52.43333333333333,2.0,0.0,0.0,-1,34,6145.66,0.18,0.5,0.0,0.0,0.0,0,0,0.0,0.0,0,0,0.0,12291.32,2,0,0.0,12291.32,2,0,0.0,0
LGS2ORD0023942,C014187,2025-07-09 14:00:00,Female,55,Bronze,Lazada,Bangkok,230,Shopee,PromptPay,14,7,2,0,>50,7.666666666666667,4.0,0.0,0.0,-1,4,5505.975,0.18,0.25,0.0,0.0,7731.76,1,0,0.0,9204.45,2,0,0.0,12701.6,3,0,0.0,22023.9,4,0,0.0,0
LGS2ORD0023943,C011959,2025-07-09 15:00:00,Male,18,Platinum,Web,Phuket,755,CallCenter,COD,15,7,2,0,<20,25.166666666666668,5.0,2.0,0.4,29,43,10283.704000000002,0.3,0.4,0.2,0.0,0.0,0,0,0.0,0.0,0,0,0.0,9545.48,2,1,0.5,51418.520000000004,5,2,0.4,1
LGS2ORD0023944,C012053,2025-07-09 15:00:00,Male,28,Gold,Web,Bangkok,270,Web,Bank_Transfer,15,7,2,0,20-30,9.0,0.0,0.0,0.0,-1,-1,0.0,0.0,0.0,0.0,0.0,0.0,0,0,0.0,0.0,0,0,0.0,0.0,0,0,0.0,0.0,0,0,0.0,1
LGS2ORD0023945,C010382,2025-07-09 15:00:00,Other,37,Bronze,Shopee,Bangkok,816,Shopee,Credit_Card,15,7,2,0,30-40,27.2,2.0,0.0,0.0,-1,99,5716.1900000000005,0.08,0.5,0.0,0.0,0.0,0,0,0.0,0.0,0,0,0.0,0.0,0,0,0.0,11432.380000000001,2,0,0.0,0
LGS2ORD0023946,C014909,2025-07-09 15:00:00,Female,44,Bronze,Shopee,Phuket,442,Shopee,COD,15,7,2,0,40-50,14.733333333333333,4.0,0.0,0.0,-1,41,9373.105,0.23,0.25,0.25,0.0,0.0,0,0,0.0,0.0,0,0,0.0,11531.71,2,0,0.0,37492.42,4,0,0.0,1
LGS2ORD0023947,C010944,2025-07-09 15:00:00,Female,41,Bronze,Lazada,Khon Kaen,1081,Web,COD,15,7,2,0,40-50,36.03333333333333,3.0,1.0,0.3333333333333333,4,15,2794.5166666666664,0.18,0.0,0.0,0.0,0.0,0,0,0.0,2853.92,1,1,1.0,2853.92,1,1,1.0,8383.55,3,1,0.3333333333333333,1
LGS2ORD0023948,C014346,2025-07-09 15:00:00,Female,62,Silver,Web,Chiang Mai,990,Lazada,Credit_Card,15,7,2,0,>50,33.0,6.0,2.0,0.3333333333333333,24,34,6593.273333333334,0.3,0.6666666666666666,0.6666666666666666,0.0,0.0,0,0,0.0,0.0,0,0,0.0,10089.58,4,1,0.25,39559.64000000001,6,2,0.3333333333333333,0
LGS2ORD0023949,C015360,2025-07-09 16:00:00,Female,43,Bronze,Shopee,Bangkok,1429,Shopee,Credit_Card,16,7,2,0,40-50,47.63333333333333,7.0,3.0,0.42857142857142855,21,32,7541.685714285713,0.23,0.5714285714285714,0.14285714285714285,0.0,0.0,0,0,0.0,0.0,0,0,0.0,13131.070000000002,3,2,0.6666666666666666,52791.799999999996,7,3,0.42857142857142855,0
LGS2ORD0023950,C013381,2025-07-09 16:00:00,Female,39,Gold,Lazada,Chiang Mai,225,Lazada,COD,16,7,2,0,30-40,7.5,6.0,1.0,0.16666666666666666,167,27,8822.283333333335,0.2299999999999999,0.6666666666666666,0.5,0.0,0.0,0,0,0.0,469.39,1,0,0.0,9069.289999999999,3,0,0.0,52933.700000000004,6,1,0.16666666666666666,0
LGS2ORD0023951,C010741,2025-07-09 16:00:00,Male,24,Gold,TV,Phuket,1404,Web,COD,16,7,2,0,20-30,46.8,7.0,3.0,0.42857142857142855,5,0,5258.635714285715,0.33,0.14285714285714285,0.2857142857142857,0.0,520.65,1,0,0.0,18105.86,3,1,0.3333333333333333,36810.450000000004,7,3,0.42857142857142855,36810.450000000004,7,3,0.42857142857142855,0
LGS2ORD0023952,C016042,2025-07-09 16:00:00,Female,63,Silver,Shopee,Remote_Area,1118,Lazada,Bank_Transfer,16,7,2,0,>50,37.266666666666666,3.0,0.0,0.0,-1,72,23718.193333333333,0.25,0.3333333333333333,0.3333333333333333,0.0,0.0,0,0,0.0,0.0,0,0,0.0,51481.48,1,0,0.0,71154.58,3,0,0.0,0
LGS2ORD0023953,C011621,2025-07-09 16:00:00,Female,42,Gold,Lazada,Bangkok,956,TV_Show,Credit_Card,16,7,2,0,40-50,31.866666666666667,3.0,1.0,0.3333333333333333,90,0,14690.813333333334,0.28,1.0,0.6666666666666666,0.0,15620.24,1,0,0.0,15620.24,1,0,0.0,15620.24,1,0,0.0,44072.44,3,1,0.3333333333333333,1
LGS2ORD0023954,C011173,2025-07-09 17:00:00,Male,29,Silver,Lazada,Nakhon Ratchasima,676,TV_Show,COD,17,7,2,0,20-30,22.533333333333335,2.0,0.0,0.0,-1,0,1985.325,0.15,0.0,0.0,0.0,3443.46,1,0,0.0,3443.46,1,0,0.0,3970.65,2,0,0.0,3970.65,2,0,0.0,1
LGS2ORD0023955,C016612,2025-07-09 17:00:00,Male,28,Platinum,CallCenter,Remote_Area,498,CallCenter,PromptPay,17,7,2,0,20-30,16.6,2.0,0.0,0.0,-1,55,4910.4,0.3,1.0,0.5,0.0,0.0,0,0,0.0,0.0,0,0,0.0,3609.68,1,0,0.0,9820.8,2,0,0.0,0
LGS2ORD0023956,C015020,2025-07-09 17:00:00,Female,33,Bronze,TV,Bangkok,1424,Lazada,COD,17,7,2,0,30-40,47.46666666666667,4.0,2.0,0.5,41,8,2964.8175,0.23,0.5,0.5,0.0,0.0,0,0,0.0,4350.32,1,0,0.0,5616.57,2,1,0.5,11859.27,4,2,0.5,0
LGS2ORD0023957,C016819,2025-07-09 17:00:00,Female,62,Bronze,TV,Bangkok,358,Lazada,COD,17,7,2,0,>50,11.933333333333334,6.0,2.0,0.3333333333333333,63,66,5297.806666666666,0.28,0.3333333333333333,0.5,0.0,0.0,0,0,0.0,0.0,0,0,0.0,3359.0,2,1,0.5,31786.839999999997,6,2,0.3333333333333333,0
LGS2ORD0023958,C017337,2025-07-09 17:00:00,Female,39,Platinum,Shopee,Nakhon Ratchasima,680,TV_Show,COD,17,7,2,0,30-40,22.666666666666668,4.0,0.0,0.0,-1,15,1314.56,0.35,0.25,0.75,0.0,0.0,0,0,0.0,675.15,1,0,0.0,3431.17,2,0,0.0,5258.24,4,0,0.0,0
LGS2ORD0023959,C015439,2025-07-09 18:00:00,Male,37,Bronze,Lazada,Remote_Area,241,Lazada,Credit_Card,18,7,2,0,30-40,8.033333333333333,4.0,2.0,0.5,58,63,6983.605,0.28,0.5,0.25,0.0,0.0,0,0,0.0,0.0,0,0,0.0,8547.92,1,1,1.0,27934.42,4,2,0.5,0
LGS2ORD0023960,C016225,2025-07-09 18:00:00,Male,39,Bronze,TV,Chonburi,510,CallCenter,COD,18,7,2,0,30-40,17.0,2.0,0.0,0.0,-1,45,2948.2,0.18,0.5,0.0,0.0,0.0,0,0,0.0,0.0,0,0,0.0,5896.4,2,0,0.0,5896.4,2,0,0.0,1
LGS2ORD0023961,C010484,2025-07-09 18:00:00,Male,32,Silver,Lazada,Chonburi,1600,TV_Show,PromptPay,18,7,2,0,30-40,53.333333333333336,1.0,0.0,0.0,-1,165,1719.66,0.2,1.0,0.0,0.0,0.0,0,0,0.0,0.0,0,0,0.0,0.0,0,0,0.0,1719.66,1,0,0.0,1
LGS2ORD0023962,C017257,2025-07-09 18:00:00,Male,24,Silver,TV,Bangkok,816,Shopee,Credit_Card,18,7,2,0,20-30,27.2,1.0,1.0,1.0,50,67,1280.31,0.3,0.0,1.0,0.0,0.0,0,0,0.0,0.0,0,0,0.0,1280.31,1,1,1.0,1280.31,1,1,1.0,1
LGS2ORD0023963,C015841,2025-07-09 18:00:00,Female,43,Bronze,TV,Remote_Area,394,TV_Show,Credit_Card,18,7,2,0,40-50,13.133333333333333,2.0,0.0,0.0,-1,30,6582.335,0.18,0.5,0.0,0.0,0.0,0,0,0.0,0.0,0,0,0.0,13164.67,2,0,0.0,13164.67,2,0,0.0,0
LGS2ORD0023964,C015944,2025-07-09 18:00:00,Female,43,Platinum,Lazada,Chonburi,519,Shopee,Credit_Card,18,7,2,0,40-50,17.3,2.0,0.0,0.0,-1,22,6329.215,0.2,0.0,0.0,0.0,0.0,0,0,0.0,10654.07,1,0,0.0,12658.43,2,0,0.0,12658.43,2,0,0.0,0
LGS2ORD0023965,C014141,2025-07-09 19:00:00,Male,25,Bronze,Lazada,Nakhon Ratchasima,778,Lazada,Credit_Card,19,7,2,0,20-30,25.933333333333334,7.0,1.0,0.14285714285714285,104,11,4468.148571428572,0.18,0.7142857142857143,0.0,0.0,0.0,0,0,0.0,1527.1,1,0,0.0,8112.93,4,0,0.0,31277.04,7,1,0.14285714285714285,0
LGS2ORD0023966,C013745,2025-07-09 19:00:00,Female,59,Bronze,Web,Bangkok,882,Web,COD,19,7,2,0,>50,29.4,2.0,1.0,0.5,44,61,2233.07,0.28,0.0,0.5,0.0,0.0,0,0,0.0,0.0,0,0,0.0,2657.01,1,1,1.0,4466.14,2,1,0.5,0
LGS2ORD0023967,C010054,2025-07-09 19:00:00,Female,24,Silver,Web,Chonburi,531,Shopee,Credit_Card,19,7,2,0,20-30,17.7,6.0,1.0,0.16666666666666666,56,11,3405.691666666667,0.25,0.6666666666666666,0.3333333333333333,0.0,0.0,0,0,0.0,1847.04,2,0,0.0,13596.34,4,1,0.25,20434.15,6,1,0.16666666666666666,0
LGS2ORD0023968,C016424,2025-07-09 19:00:00,Female,62,Silver,TV,Bangkok,1438,Lazada,COD,19,7,2,0,>50,47.93333333333333,2.0,1.0,0.5,28,39,8863.27,0.15,1.0,0.0,0.0,0.0,0,0,0.0,0.0,0,0,0.0,13018.38,1,1,1.0,17726.54,2,1,0.5,0
LGS2ORD0023969,C014308,2025-07-09 19:00:00,Male,48,Bronze,TV,Remote_Area,1214,CallCenter,COD,19,7,2,0,40-50,40.46666666666667,2.0,0.0,0.0,-1,29,17380.26,0.18,0.5,0.0,0.0,0.0,0,0,0.0,7224.31,1,0,0.0,34760.52,2,0,0.0,34760.52,2,0,0.0,0
LGS2ORD0023970,C014956,2025-07-09 20:00:00,Female,27,Bronze,TV,Phuket,370,TV_Show,COD,20,7,2,0,20-30,12.333333333333334,4.0,1.0,0.25,168,127,2220.645,0.28,0.75,0.25,0.0,0.0,0,0,0.0,0.0,0,0,0.0,0.0,0,0,0.0,8882.58,4,1,0.25,1
LGS2ORD0023971,C015607,2025-07-09 20:00:00,Female,52,Silver,TV,Chonburi,658,TV_Show,PromptPay,20,7,2,0,>50,21.933333333333334,4.0,0.0,0.0,-1,6,3376.47,0.15,0.0,0.0,0.0,455.26,1,0,0.0,7092.62,2,0,0.0,9182.859999999999,3,0,0.0,13505.88,4,0,0.0,0
LGS2ORD0023972,C015512,2025-07-09 20:00:00,Female,66,Gold,Lazada,Songkhla,858,Web,Credit_Card,20,7,2,0,>50,28.6,3.0,0.0,0.0,-1,54,2661.893333333333,0.33,0.6666666666666666,0.6666666666666666,0.0,0.0,0,0,0.0,0.0,0,0,0.0,6956.429999999999,2,0,0.0,7985.679999999999,3,0,0.0,0
LGS2ORD0023973,C011912,2025-07-09 20:00:00,Female,46,Gold,Shopee,Chiang Mai,940,TV_Show,COD,20,7,2,0,40-50,31.333333333333332,6.0,0.0,0.0,-1,6,3207.23,0.28,0.5,0.3333333333333333,0.0,4665.22,1,0,0.0,4665.22,1,0,0.0,6455.700000000001,2,0,0.0,19243.38,6,0,0.0,0
LGS2ORD0023974,C010902,2025-07-09 20:00:00,Male,41,Silver,Lazada,Songkhla,1085,Shopee,COD,20,7,2,0,40-50,36.166666666666664,2.0,2.0,1.0,73,84,2484.755,0.25,1.0,0.5,0.0,0.0,0,0,0.0,0.0,0,0,0.0,3957.73,1,1,1.0,4969.51,2,2,1.0,1
LGS2ORD0023975,C015483,2025-07-09 21:00:00,Female,36,Bronze,CallCenter,Bangkok,1373,TV_Show,Bank_Transfer,21,7,2,0,30-40,45.766666666666666,3.0,0.0,0.0,-1,117,6320.186666666666,0.18,1.0,0.0,0.0,0.0,0,0,0.0,0.0,0,0,0.0,0.0,0,0,0.0,18960.559999999998,3,0,0.0,0
LGS2ORD0023976,C014584,2025-07-09 21:00:00,Female,67,Bronze,Web,Bangkok,1306,TV_Show,COD,21,7,2,0,>50,43.53333333333333,0.0,0.0,0.0,-1,-1,0.0,0.0,0.0,0.0,0.0,0.0,0,0,0.0,0.0,0,0,0.0,0.0,0,0,0.0,0.0,0,0,0.0,1
LGS2ORD0023977,C013627,2025-07-09 21:00:00,Male,50,Gold,TV,Bangkok,1504,Web,PromptPay,21,7,2,0,40-50,50.13333333333333,1.0,1.0,1.0,148,157,3072.35,0.2299999999999999,1.0,1.0,0.0,0.0,0,0,0.0,0.0,0,0,0.0,0.0,0,0,0.0,3072.35,1,1,1.0,0
LGS2ORD0023978,C017548,2025-07-09 21:00:00,Female,47,Gold,Shopee,Bangkok,858,TV_Show,Credit_Card,21,7,2,0,40-50,28.6,3.0,0.0,0.0,-1,136,2253.9966666666664,0.33,0.0,0.3333333333333333,0.0,0.0,0,0,0.0,0.0,0,0,0.0,0.0,0,0,0.0,6761.99,3,0,0.0,1
LGS2ORD0023979,C015706,2025-07-09 21:00:00,Male,32,Silver,Web,Chonburi,473,Web,Credit_Card,21,7,2,0,30-40,15.766666666666667,3.0,1.0,0.3333333333333333,12,24,7117.21,0.25,0.3333333333333333,0.3333333333333333,0.0,0.0,0,0,0.0,589.74,1,1,1.0,589.74,1,1,1.0,21351.63,3,1,0.3333333333333333,0
LGS2ORD0023980,C011597,2025-07-09 22:00:00,Female,50,Bronze,Web,Khon Kaen,1552,TV_Show,Bank_Transfer,22,7,2,0,40-50,51.733333333333334,5.0,0.0,0.0,-1,23,2213.9139999999998,0.23,0.6,0.2,0.0,0.0,0,0,0.0,8057.66,2,0,0.0,9769.75,4,0,0.0,11069.57,5,0,0.0,1
LGS2ORD0023981,C017385,2025-07-09 22:00:00,Male,66,Bronze,Lazada,Bangkok,1197,Shopee,Credit_Card,22,7,2,0,>50,39.9,4.0,0.0,0.0,-1,30,6353.81,0.18,0.5,0.0,0.0,0.0,0,0,0.0,0.0,0,0,0.0,14654.77,3,0,0.0,25415.24,4,0,0.0,0
LGS2ORD0023982,C013964,2025-07-09 22:00:00,Female,59,Gold,Shopee,Chiang Mai,440,TV_Show,PromptPay,22,7,2,0,>50,14.666666666666666,2.0,0.0,0.0,-1,46,5121.245,0.28,0.0,0.5,0.0,0.0,0,0,0.0,0.0,0,0,0.0,10242.49,2,0,0.0,10242.49,2,0,0.0,0
LGS2ORD0023983,C017731,2025-07-09 22:00:00,Male,51,Bronze,Web,Bangkok,1174,TV_Show,COD,22,7,2,0,>50,39.13333333333333,3.0,2.0,0.6666666666666666,105,69,10836.39,0.28,0.6666666666666666,0.6666666666666666,0.0,0.0,0,0,0.0,0.0,0,0,0.0,14118.46,1,0,0.0,32509.17,3,2,0.6666666666666666,0
LGS2ORD0023984,C015280,2025-07-09 22:00:00,Female,57,Bronze,Web,Chiang Mai,365,Web,COD,22,7,2,0,>50,12.166666666666666,0.0,0.0,0.0,-1,-1,0.0,0.0,0.0,0.0,0.0,0.0,0,0,0.0,0.0,0,0,0.0,0.0,0,0,0.0,0.0,0,0,0.0,0
LGS2ORD0023985,C016009,2025-07-09 22:00:00,Male,45,Bronze,TV,Chiang Mai,1584,Lazada,PromptPay,22,7,2,0,40-50,52.8,3.0,0.0,0.0,-1,64,1521.8866666666665,0.08,0.6666666666666666,0.0,0.0,0.0,0,0,0.0,0.0,0,0,0.0,1999.75,2,0,0.0,4565.66,3,0,0.0,0
LGS2ORD0023986,C017604,2025-07-09 23:00:00,Male,42,Bronze,Shopee,Bangkok,326,TV_Show,Credit_Card,23,7,2,0,40-50,10.866666666666667,3.0,2.0,0.6666666666666666,34,39,11047.93,0.23,0.3333333333333333,0.3333333333333333,0.0,0.0,0,0,0.0,0.0,0,0,0.0,33143.79,3,2,0.6666666666666666,33143.79,3,2,0.6666666666666666,1
LGS2ORD0023987,C013032,2025-07-09 23:00:00,Male,44,Bronze,TV,Phuket,504,Web,COD,23,7,2,0,40-50,16.8,2.0,0.0,0.0,-1,53,8572.705,0.08,0.5,0.0,0.0,0.0,0,0,0.0,0.0,0,0,0.0,336.34,1,0,0.0,17145.41,2,0,0.0,0
LGS2ORD0023988,C013264,2025-07-09 23:00:00,Female,34,Silver,Lazada,Khon Kaen,1180,Web,PromptPay,23,7,2,0,30-40,39.333333333333336,0.0,0.0,0.0,-1,-1,0.0,0.0,0.0,0.0,0.0,0.0,0,0,0.0,0.0,0,0,0.0,0.0,0,0,0.0,0.0,0,0,0.0,0
LGS2ORD0023989,C017911,2025-07-09 23:00:00,Male,50,Bronze,Web,Chonburi,1393,Shopee,PromptPay,23,7,2,0,40-50,46.43333333333333,5.0,1.0,0.2,13,22,3428.0660000000003,0.23,0.2,0.4,0.0,0.0,0,0,0.0,5697.83,1,1,1.0,6262.44,2,1,0.5,17140.33,5,1,0.2,0
LGS2ORD0023990,C011906,2025-07-09 23:00:00,Female,36,Silver,CallCenter,Nakhon Ratchasima,271,Shopee,COD,23,7,2,0,30-40,9.033333333333333,1.0,0.0,0.0,-1,97,18992.17,0.1,0.0,0.0,0.0,0.0,0,0,0.0,0.0,0,0,0.0,0.0,0,0,0.0,18992.17,1,0,0.0,0
LGS2ORD0023991,C010206,2025-07-10 00:00:00,Other,46,Silver,Web,Chiang Mai,735,CallCenter,COD,0,7,3,0,40-50,24.5,4.0,2.0,0.5,124,14,2444.9375,0.3,1.0,0.25,0.0,0.0,0,0,0.0,1168.06,1,0,0.0,1168.06,1,0,0.0,9779.75,4,2,0.5,0
LGS2ORD0023992,C015350,2025-07-10 00:00:00,Male,45,Bronze,Web,Remote_Area,1279,TV_Show,COD,0,7,3,0,40-50,42.63333333333333,5.0,3.0,0.6,87,101,2221.148,0.28,0.6,0.4,0.0,0.0,0,0,0.0,0.0,0,0,0.0,0.0,0,0,0.0,11105.740000000002,5,3,0.6,1
LGS2ORD0023993,C012751,2025-07-10 00:00:00,Other,34,Silver,Web,Chiang Mai,405,Shopee,COD,0,7,3,0,30-40,13.5,0.0,0.0,0.0,-1,-1,0.0,0.0,0.0,0.0,0.0,0.0,0,0,0.0,0.0,0,0,0.0,0.0,0,0,0.0,0.0,0,0,0.0,0
LGS2ORD0023994,C012214,2025-07-10 00:00:00,Female,48,Bronze,Shopee,Remote_Area,1573,TV_Show,COD,0,7,3,0,40-50,52.43333333333333,3.0,1.0,0.3333333333333333,33,41,9646.303333333333,0.28,0.3333333333333333,0.3333333333333333,0.0,0.0,0,0,0.0,0.0,0,0,0.0,6382.2,1,1,1.0,28938.91,3,1,0.3333333333333333,0
LGS2ORD0023995,C016868,2025-07-10 00:00:00,Male,33,Silver,Lazada,Khon Kaen,1625,CallCenter,Credit_Card,0,7,3,0,30-40,54.166666666666664,4.0,0.0,0.0,-1,19,2418.19,0.25,0.5,0.25,0.0,0.0,0,0,0.0,696.93,1,0,0.0,8218.4,3,0,0.0,9672.76,4,0,0.0,0
LGS2ORD0023996,C010900,2025-07-10 01:00:00,Female,58,Bronze,Web,Songkhla,220,Shopee,Credit_Card,1,7,3,0,>50,7.333333333333333,9.0,4.0,0.4444444444444444,75,25,9989.230000000001,0.28,0.4444444444444444,0.1111111111111111,0.0,0.0,0,0,0.0,30743.33,1,0,0.0,41189.520000000004,3,1,0.3333333333333333,89903.07,9,4,0.4444444444444444,0
LGS2ORD0023997,C010091,2025-07-10 01:00:00,Male,69,Bronze,Lazada,Chonburi,1284,Shopee,Credit_Card,1,7,3,0,>50,42.8,5.0,0.0,0.0,-1,49,3444.182,0.23,0.6,0.4,0.0,0.0,0,0,0.0,0.0,0,0,0.0,1596.82,1,0,0.0,17220.91,5,0,0.0,0
LGS2ORD0023998,C015908,2025-07-10 01:00:00,Female,32,Platinum,Web,Bangkok,783,Lazada,PromptPay,1,7,3,0,30-40,26.1,1.0,0.0,0.0,-1,77,1293.24,0.2,0.0,0.0,0.0,0.0,0,0,0.0,0.0,0,0,0.0,1293.24,1,0,0.0,1293.24,1,0,0.0,0
LGS2ORD0023999,C013270,2025-07-10 01:00:00,Female,38,Bronze,TV,Khon Kaen,1238,Web,COD,1,7,3,0,30-40,41.266666666666666,6.0,1.0,0.16666666666666666,165,53,7112.093333333333,0.28,0.6666666666666666,0.5,0.0,0.0,0,0,0.0,0.0,0,0,0.0,27808.309999999998,2,0,0.0,42672.56,6,1,0.16666666666666666,0
LGS2ORD0024000,C011084,2025-07-10 01:00:00,Male,66,Platinum,Lazada,Phuket,1007,Lazada,COD,1,7,3,0,>50,33.56666666666667,1.0,0.0,0.0,-1,23,1526.39,0.25,0.0,1.0,0.0,0.0,0,0,0.0,1526.39,1,0,0.0,1526.39,1,0,0.0,1526.39,1,0,0.0,0
LGS2ORD0024001,C012557,2025-07-10 02:00:00,Male,48,Silver,TV,Chonburi,1392,Web,PromptPay,2,7,3,0,40-50,46.4,2.0,0.0,0.0,-1,86,5370.345,0.2,0.5,0.0,0.0,0.0,0,0,0.0,0.0,0,0,0.0,1371.65,1,0,0.0,10740.69,2,0,0.0,0
LGS2ORD0024002,C011598,2025-07-10 02:00:00,Female,29,Silver,TV,Remote_Area,393,Shopee,Bank_Transfer,2,7,3,0,20-30,13.1,2.0,0.0,0.0,-1,106,9365.25,0.25,0.5,0.5,0.0,0.0,0,0,0.0,0.0,0,0,0.0,0.0,0,0,0.0,18730.5,2,0,0.0,0
LGS2ORD0024003,C017536,2025-07-10 02:00:00,Male,57,Bronze,TV,Bangkok,823,Lazada,Bank_Transfer,2,7,3,0,>50,27.433333333333334,5.0,2.0,0.4,37,41,9648.094000000001,0.28,0.8,0.4,0.0,0.0,0,0,0.0,0.0,0,0,0.0,32934.159999999996,2,1,0.5,48240.47,5,2,0.4,0
LGS2ORD0024004,C011313,2025-07-10 02:00:00,Male,42,Bronze,Web,Bangkok,676,TV_Show,Credit_Card,2,7,3,0,40-50,22.533333333333335,2.0,0.0,0.0,-1,124,9987.33,0.18,0.0,0.0,0.0,0.0,0,0,0.0,0.0,0,0,0.0,0.0,0,0,0.0,19974.66,2,0,0.0,1
LGS2ORD0024005,C016962,2025-07-10 02:00:00,Female,45,Bronze,TV,Songkhla,832,TV_Show,COD,2,7,3,0,40-50,27.733333333333334,3.0,2.0,0.6666666666666666,34,49,5652.240000000001,0.08,0.6666666666666666,0.0,0.0,0.0,0,0,0.0,0.0,0,0,0.0,16956.72,3,2,0.6666666666666666,16956.72,3,2,0.6666666666666666,0
LGS2ORD0024006,C014248,2025-07-10 02:00:00,Female,33,Bronze,Web,Chonburi,1373,TV_Show,COD,2,7,3,0,30-40,45.766666666666666,2.0,1.0,0.5,16,29,2552.6,0.08,0.5,0.0,0.0,0.0,0,0,0.0,704.65,1,1,1.0,704.65,1,1,1.0,5105.2,2,1,0.5,0
LGS2ORD0024007,C010095,2025-07-10 03:00:00,Male,29,Gold,TV,Khon Kaen,1147,Lazada,Bank_Transfer,3,7,3,0,20-30,38.233333333333334,2.0,0.0,0.0,-1,29,2753.4550000000004,0.13,1.0,0.0,0.0,0.0,0,0,0.0,1345.89,1,0,0.0,1345.89,1,0,0.0,5506.910000000001,2,0,0.0,0
LGS2ORD0024008,C015887,2025-07-10 03:00:00,Female,47,Silver,Lazada,Bangkok,268,TV_Show,Credit_Card,3,7,3,0,40-50,8.933333333333334,4.0,1.0,0.25,108,118,14770.79,0.25,0.5,0.5,0.0,0.0,0,0,0.0,0.0,0,0,0.0,0.0,0,0,0.0,59083.16,4,1,0.25,1
LGS2ORD0024009,C016165,2025-07-10 03:00:00,Female,51,Gold,TV,Nakhon Ratchasima,1490,CallCenter,COD,3,7,3,0,>50,49.666666666666664,3.0,0.0,0.0,-1,47,1887.1299999999999,0.2299999999999999,1.0,0.3333333333333333,0.0,0.0,0,0,0.0,0.0,0,0,0.0,2582.06,1,0,0.0,5661.389999999999,3,0,0.0,0
LGS2ORD0024010,C015160,2025-07-10 03:00:00,Female,39,Gold,Web,Bangkok,926,TV_Show,Credit_Card,3,7,3,0,30-40,30.866666666666667,2.0,0.0,0.0,-1,81,10696.835,0.18,0.0,0.0,0.0,0.0,0,0,0.0,0.0,0,0,0.0,9694.1,1,0,0.0,21393.67,2,0,0.0,0
LGS2ORD0024011,C015135,2025-07-10 03:00:00,Female,40,Gold,Shopee,Khon Kaen,1410,Lazada,PromptPay,3,7,3,0,30-40,47.0,4.0,0.0,0.0,-1,92,4928.3775000000005,0.33,0.5,0.25,0.0,0.0,0,0,0.0,0.0,0,0,0.0,0.0,0,0,0.0,19713.510000000002,4,0,0.0,0
LGS2ORD0024012,C013229,2025-07-10 04:00:00,Male,50,Gold,Shopee,Remote_Area,896,Lazada,COD,4,7,3,0,40-50,29.866666666666667,3.0,0.0,0.0,-1,116,8841.903333333334,0.28,0.6666666666666666,0.3333333333333333,0.0,0.0,0,0,0.0,0.0,0,0,0.0,0.0,0,0,0.0,26525.71,3,0,0.0,1
LGS2ORD0024013,C014311,2025-07-10 04:00:00,Female,46,Bronze,Web,Chiang Mai,920,Shopee,COD,4,7,3,0,40-50,30.666666666666668,4.0,2.0,0.5,11,14,7345.49,0.23,0.25,0.25,0.0,0.0,0,0,0.0,18854.76,2,1,0.5,27578.14,3,2,0.6666666666666666,29381.96,4,2,0.5,0
LGS2ORD0024014,C013481,2025-07-10 04:00:00,Male,39,Bronze,Shopee,Chonburi,873,CallCenter,COD,4,7,3,0,30-40,29.1,2.0,1.0,0.5,101,111,8315.695,0.23,0.0,0.5,0.0,0.0,0,0,0.0,0.0,0,0,0.0,0.0,0,0,0.0,16631.39,2,1,0.5,0
LGS2ORD0024015,C015924,2025-07-10 04:00:00,Male,55,Gold,Shopee,Chiang Mai,463,CallCenter,Credit_Card,4,7,3,0,>50,15.433333333333334,2.0,1.0,0.5,115,39,1272.675,0.18,0.0,0.0,0.0,0.0,0,0,0.0,0.0,0,0,0.0,594.77,1,0,0.0,2545.35,2,1,0.5,0
LGS2ORD0024016,C017120,2025-07-10 04:00:00,Female,42,Silver,Web,Bangkok,1503,Web,COD,4,7,3,0,40-50,50.1,1.0,0.0,0.0,-1,61,1471.92,0.1,1.0,0.0,0.0,0.0,0,0,0.0,0.0,0,0,0.0,1471.92,1,0,0.0,1471.92,1,0,0.0,0
LGS2ORD0024017,C014248,2025-07-10 05:00:00,Female,33,Bronze,Web,Chonburi,1373,TV_Show,COD,5,7,3,0,30-40,45.766666666666666,3.0,1.0,0.3333333333333333,16,0,3583.013333333334,0.08,0.6666666666666666,0.0,0.0,5643.84,1,0,0.0,6348.49,2,1,0.5,6348.49,2,1,0.5,10749.04,3,1,0.3333333333333333,0
LGS2ORD0024018,C010155,2025-07-10 05:00:00,Male,37,Bronze,Shopee,Bangkok,602,Shopee,PromptPay,5,7,3,0,30-40,20.066666666666666,6.0,0.0,0.0,-1,22,2902.453333333333,0.28,0.5,0.3333333333333333,0.0,0.0,0,0,0.0,237.01,1,0,0.0,11338.23,5,0,0.0,17414.719999999998,6,0,0.0,0
LGS2ORD0024019,C012491,2025-07-10 05:00:00,Male,67,Gold,Lazada,Remote_Area,1602,Web,COD,5,7,3,0,>50,53.4,4.0,3.0,0.75,15,23,3125.1699999999996,0.28,0.75,0.25,0.0,0.0,0,0,0.0,753.42,1,1,1.0,12500.679999999998,4,3,0.75,12500.679999999998,4,3,0.75,0
LGS2ORD0024020,C012413,2025-07-10 05:00:00,Female,55,Bronze,TV,Chiang Mai,672,TV_Show,COD,5,7,3,0,>50,22.4,1.0,1.0,1.0,168,178,1514.3,0.18,0.0,0.0,0.0,0.0,0,0,0.0,0.0,0,0,0.0,0.0,0,0,0.0,1514.3,1,1,1.0,0
LGS2ORD0024021,C016876,2025-07-10 05:00:00,Female,34,Platinum,TV,Phuket,1642,CallCenter,COD,5,7,3,0,30-40,54.733333333333334,3.0,1.0,0.3333333333333333,-3,2,7051.983333333333,0.2,0.3333333333333333,0.0,0.0,19423.26,1,1,1.0,20709.39,2,1,0.5,20709.39,2,1,0.5,21155.949999999997,3,1,0.3333333333333333,0
LGS2ORD0024022,C013656,2025-07-10 06:00:00,Female,26,Silver,Web,Chonburi,1526,Lazada,Credit_Card,6,7,3,0,20-30,50.86666666666667,2.0,1.0,0.5,152,140,16296.68,0.05,0.5,0.0,0.0,0.0,0,0,0.0,0.0,0,0,0.0,0.0,0,0,0.0,32593.36,2,1,0.5,0
LGS2ORD0024023,C011019,2025-07-10 06:00:00,Male,43,Bronze,TV,Songkhla,471,Shopee,COD,6,7,3,0,40-50,15.7,1.0,1.0,1.0,-4,2,6270.92,0.03,1.0,0.0,0.0,6270.92,1,1,1.0,6270.92,1,1,1.0,6270.92,1,1,1.0,6270.92,1,1,1.0,0
LGS2ORD0024024,C010860,2025-07-10 06:00:00,Female,59,Bronze,TV,Phuket,1438,CallCenter,COD,6,7,3,0,>50,47.93333333333333,3.0,2.0,0.6666666666666666,96,49,2464.9666666666667,0.23,0.3333333333333333,0.3333333333333333,0.0,0.0,0,0,0.0,0.0,0,0,0.0,4505.89,1,0,0.0,7394.900000000001,3,2,0.6666666666666666,0
LGS2ORD0024025,C014115,2025-07-10 06:00:00,Male,39,Bronze,Web,Remote_Area,746,Web,COD,6,7,3,0,30-40,24.866666666666667,5.0,1.0,0.2,-7,0,1687.966,0.28,0.6,0.4,0.0,5279.4400000000005,2,1,0.5,6587.110000000001,3,1,0.3333333333333333,8439.83,5,1,0.2,8439.83,5,1,0.2,0
LGS2ORD0024026,C015997,2025-07-10 06:00:00,Male,49,Gold,Lazada,Bangkok,425,CallCenter,Credit_Card,6,7,3,0,40-50,14.166666666666666,1.0,0.0,0.0,-1,69,4619.24,0.18,0.0,0.0,0.0,0.0,0,0,0.0,0.0,0,0,0.0,4619.24,1,0,0.0,4619.24,1,0,0.0,0
LGS2ORD0024027,C012792,2025-07-10 06:00:00,Female,18,Gold,Lazada,Bangkok,347,Web,COD,6,7,3,0,<20,11.566666666666666,3.0,0.0,0.0,-1,42,8280.963333333333,0.28,0.0,0.3333333333333333,0.0,0.0,0,0,0.0,0.0,0,0,0.0,4228.37,2,0,0.0,24842.89,3,0,0.0,0
LGS2ORD0024028,C011402,2025-07-10 07:00:00,Male,39,Platinum,Shopee,Bangkok,587,Web,Credit_Card,7,7,3,0,30-40,19.566666666666666,1.0,0.0,0.0,-1,145,6853.31,0.25,1.0,1.0,0.0,0.0,0,0,0.0,0.0,0,0,0.0,0.0,0,0,0.0,6853.31,1,0,0.0,0
LGS2ORD0024029,C015228,2025-07-10 07:00:00,Male,50,Bronze,TV,Phuket,1363,CallCenter,COD,7,7,3,0,40-50,45.43333333333333,3.0,1.0,0.3333333333333333,110,41,3940.816666666666,0.18,0.6666666666666666,0.0,0.0,0.0,0,0,0.0,0.0,0,0,0.0,11433.68,2,0,0.0,11822.449999999999,3,1,0.3333333333333333,1
LGS2ORD0024030,C010832,2025-07-10 07:00:00,Female,37,Gold,TV,Songkhla,486,Shopee,PromptPay,7,7,3,0,30-40,16.2,5.0,0.0,0.0,-1,2,8134.378,0.2299999999999999,0.6,0.4,0.0,2673.97,1,0,0.0,31120.38,2,0,0.0,31820.08,3,0,0.0,40671.89,5,0,0.0,0
LGS2ORD0024031,C010534,2025-07-10 07:00:00,Female,30,Gold,Web,Chonburi,293,Shopee,Credit_Card,7,7,3,0,20-30,9.766666666666667,4.0,0.0,0.0,-1,40,12480.632500000002,0.18,0.5,0.0,0.0,0.0,0,0,0.0,0.0,0,0,0.0,21300.94,2,0,0.0,49922.530000000006,4,0,0.0,0
LGS2ORD0024032,C015181,2025-07-10 07:00:00,Male,39,Bronze,Shopee,Remote_Area,635,Shopee,Bank_Transfer,7,7,3,0,30-40,21.166666666666668,3.0,0.0,0.0,-1,73,14620.426666666666,0.28,0.6666666666666666,0.3333333333333333,0.0,0.0,0,0,0.0,0.0,0,0,0.0,17593.86,1,0,0.0,43861.28,3,0,0.0,0
LGS2ORD0024033,C011815,2025-07-10 08:00:00,Female,28,Bronze,Lazada,Chonburi,1419,Lazada,COD,8,7,3,0,20-30,47.3,3.0,2.0,0.6666666666666666,63,74,1442.0,0.23,0.6666666666666666,0.3333333333333333,0.0,0.0,0,0,0.0,0.0,0,0,0.0,851.25,1,1,1.0,4326.0,3,2,0.6666666666666666,0
LGS2ORD0024034,C011290,2025-07-10 08:00:00,Male,20,Platinum,Shopee,Bangkok,670,CallCenter,COD,8,7,3,0,<20,22.333333333333332,0.0,0.0,0.0,-1,-1,0.0,0.0,0.0,0.0,0.0,0.0,0,0,0.0,0.0,0,0,0.0,0.0,0,0,0.0,0.0,0,0,0.0,1
LGS2ORD0024035,C014560,2025-07-10 08:00:00,Female,67,Bronze,TV,Khon Kaen,791,TV_Show,COD,8,7,3,0,>50,26.366666666666667,2.0,1.0,0.5,-4,1,2032.985,0.28,0.5,1.0,0.0,3815.2,1,1,1.0,3815.2,1,1,1.0,4065.97,2,1,0.5,4065.97,2,1,0.5,1
LGS2ORD0024036,C012434,2025-07-10 08:00:00,Female,57,Gold,Web,Chonburi,1376,Shopee,Bank_Transfer,8,7,3,0,>50,45.86666666666667,2.0,0.0,0.0,-1,70,9561.195,0.2299999999999999,0.5,0.5,0.0,0.0,0,0,0.0,0.0,0,0,0.0,1070.09,1,0,0.0,19122.39,2,0,0.0,0
LGS2ORD0024037,C011359,2025-07-10 08:00:00,Male,23,Silver,Web,Chonburi,1466,TV_Show,Credit_Card,8,7,3,0,20-30,48.86666666666667,6.0,1.0,0.16666666666666666,175,16,3622.0416666666665,0.25,0.5,0.16666666666666666,0.0,0.0,0,0,0.0,4587.92,1,0,0.0,16129.87,3,0,0.0,21732.25,6,1,0.16666666666666666,1
LGS2ORD0024038,C014878,2025-07-10 09:00:00,Male,29,Silver,Lazada,Songkhla,209,Lazada,PromptPay,9,7,3,0,20-30,6.966666666666667,2.0,2.0,1.0,16,26,4030.385,0.25,0.5,0.5,0.0,0.0,0,0,0.0,1168.47,1,1,1.0,1168.47,1,1,1.0,8060.77,2,2,1.0,0
LGS2ORD0024039,C010304,2025-07-10 09:00:00,Female,67,Bronze,Shopee,Nakhon Ratchasima,1087,Web,PromptPay,9,7,3,0,>50,36.233333333333334,5.0,1.0,0.2,174,64,3512.0340000000006,0.23,1.0,0.2,0.0,0.0,0,0,0.0,0.0,0,0,0.0,7125.219999999999,2,0,0.0,17560.170000000002,5,1,0.2,0
LGS2ORD0024040,C017888,2025-07-10 09:00:00,Female,25,Bronze,CallCenter,Chonburi,1055,Lazada,COD,9,7,3,0,20-30,35.166666666666664,0.0,0.0,0.0,-1,-1,0.0,0.0,0.0,0.0,0.0,0.0,0,0,0.0,0.0,0,0,0.0,0.0,0,0,0.0,0.0,0,0,0.0,0
LGS2ORD0024041,C017685,2025-07-10 09:00:00,Female,45,Bronze,TV,Khon Kaen,241,Lazada,Credit_Card,9,7,3,0,40-50,8.033333333333333,2.0,0.0,0.0,-1,36,13886.195000000002,0.08,1.0,0.0,0.0,0.0,0,0,0.0,0.0,0,0,0.0,2301.06,1,0,0.0,27772.390000000003,2,0,0.0,0
LGS2ORD0024042,C012843,2025-07-10 09:00:00,Male,34,Platinum,Shopee,Bangkok,768,CallCenter,Credit_Card,9,7,3,0,30-40,25.6,2.0,1.0,0.5,164,144,4772.0,0.15,0.0,0.0,0.0,0.0,0,0,0.0,0.0,0,0,0.0,0.0,0,0,0.0,9544.0,2,1,0.5,0
LGS2ORD0024043,C014221,2025-07-10 10:00:00,Female,36,Bronze,Web,Bangkok,266,Web,PromptPay,10,7,3,0,30-40,8.866666666666667,4.0,0.0,0.0,-1,41,2312.44,0.23,0.25,0.25,0.0,0.0,0,0,0.0,0.0,0,0,0.0,4070.5699999999997,2,0,0.0,9249.76,4,0,0.0,0
LGS2ORD0024044,C015762,2025-07-10 10:00:00,Female,53,Bronze,Shopee,Remote_Area,563,TV_Show,COD,10,7,3,0,>50,18.766666666666666,3.0,1.0,0.3333333333333333,121,130,7503.889999999999,0.23,0.6666666666666666,0.6666666666666666,0.0,0.0,0,0,0.0,0.0,0,0,0.0,0.0,0,0,0.0,22511.67,3,1,0.3333333333333333,1
LGS2ORD0024045,C015006,2025-07-10 10:00:00,Male,48,Silver,CallCenter,Nakhon Ratchasima,509,Web,COD,10,7,3,0,40-50,16.966666666666665,5.0,0.0,0.0,-1,15,9271.916000000001,0.3,0.6,0.4,0.0,0.0,0,0,0.0,7643.19,1,0,0.0,7643.19,1,0,0.0,46359.58,5,0,0.0,1
LGS2ORD0024046,C011060,2025-07-10 10:00:00,Male,32,Bronze,Web,Bangkok,685,Shopee,Credit_Card,10,7,3,0,30-40,22.833333333333332,0.0,0.0,0.0,-1,-1,0.0,0.0,0.0,0.0,0.0,0.0,0,0,0.0,0.0,0,0,0.0,0.0,0,0,0.0,0.0,0,0,0.0,0
LGS2ORD0024047,C016465,2025-07-10 10:00:00,Female,56,Platinum,CallCenter,Chonburi,441,Shopee,COD,10,7,3,0,>50,14.7,2.0,0.0,0.0,-1,65,1315.9,0.3,0.0,0.5,0.0,0.0,0,0,0.0,0.0,0,0,0.0,1265.99,1,0,0.0,2631.8,2,0,0.0,1
LGS2ORD0024048,C012543,2025-07-10 10:00:00,Male,51,Bronze,Lazada,Chiang Mai,615,Web,COD,10,7,3,0,>50,20.5,3.0,0.0,0.0,-1,79,6469.303333333333,0.28,0.0,0.3333333333333333,0.0,0.0,0,0,0.0,0.0,0,0,0.0,3972.22,1,0,0.0,19407.91,3,0,0.0,0
LGS2ORD0024049,C012731,2025-07-10 11:00:00,Male,45,Bronze,Web,Remote_Area,1398,TV_Show,COD,11,7,3,0,40-50,46.6,6.0,2.0,0.3333333333333333,88,12,3325.855,0.23,0.5,0.16666666666666666,0.0,0.0,0,0,0.0,1868.65,1,0,0.0,2698.91,2,0,0.0,19955.13,6,2,0.3333333333333333,0
LGS2ORD0024050,C010402,2025-07-10 11:00:00,Female,40,Silver,TV,Bangkok,418,Shopee,Bank_Transfer,11,7,3,0,30-40,13.933333333333334,2.0,0.0,0.0,-1,1,8902.904999999999,0.2,1.0,0.0,0.0,9447.91,1,0,0.0,9447.91,1,0,0.0,9447.91,1,0,0.0,17805.809999999998,2,0,0.0,0
LGS2ORD0024051,C016638,2025-07-10 11:00:00,Male,46,Silver,CallCenter,Phuket,318,CallCenter,Credit_Card,11,7,3,0,40-50,10.6,4.0,1.0,0.25,106,66,2895.39,0.3,0.0,0.5,0.0,0.0,0,0,0.0,0.0,0,0,0.0,6544.36,1,0,0.0,11581.56,4,1,0.25,1
LGS2ORD0024052,C015631,2025-07-10 11:00:00,Other,52,Bronze,TV,Khon Kaen,266,Shopee,COD,11,7,3,0,>50,8.866666666666667,2.0,0.0,0.0,-1,79,3035.6049999999996,0.23,0.5,0.5,0.0,0.0,0,0,0.0,0.0,0,0,0.0,4584.65,1,0,0.0,6071.209999999999,2,0,0.0,1
LGS2ORD0024053,C010124,2025-07-10 11:00:00,Female,42,Bronze,Web,Chonburi,887,Web,Bank_Transfer,11,7,3,0,40-50,29.566666666666666,2.0,0.0,0.0,-1,2,1578.855,0.08,1.0,0.0,0.0,1892.7,1,0,0.0,1892.7,1,0,0.0,1892.7,1,0,0.0,3157.71,2,0,0.0,0
LGS2ORD0024054,C011732,2025-07-10 12:00:00,Male,39,Bronze,Web,Chiang Mai,984,TV_Show,Credit_Card,12,7,3,0,30-40,32.8,6.0,4.0,0.6666666666666666,45,59,2345.4100000000003,0.23,0.8333333333333334,0.16666666666666666,0.0,0.0,0,0,0.0,0.0,0,0,0.0,1358.5,2,2,1.0,14072.460000000001,6,4,0.6666666666666666,0
LGS2ORD0024055,C015887,2025-07-10 12:00:00,Female,47,Silver,Lazada,Bangkok,268,Lazada,COD,12,7,3,0,40-50,8.933333333333334,5.0,2.0,0.4,-11,0,15561.583999999999,0.25,0.4,0.6,0.0,18724.76,1,1,1.0,18724.76,1,1,1.0,18724.76,1,1,1.0,77807.92,5,2,0.4,0
LGS2ORD0024056,C015013,2025-07-10 12:00:00,Male,51,Bronze,TV,Bangkok,544,Lazada,Credit_Card,12,7,3,0,>50,18.133333333333333,3.0,0.0,0.0,-1,12,2940.6733333333336,0.28,0.6666666666666666,0.3333333333333333,0.0,0.0,0,0,0.0,649.17,1,0,0.0,3012.4700000000003,2,0,0.0,8822.02,3,0,0.0,0
LGS2ORD0024057,C011393,2025-07-10 12:00:00,Male,49,Platinum,Shopee,Bangkok,1528,Lazada,COD,12,7,3,0,40-50,50.93333333333333,1.0,0.0,0.0,-1,155,1511.59,0.25,0.0,1.0,0.0,0.0,0,0,0.0,0.0,0,0,0.0,0.0,0,0,0.0,1511.59,1,0,0.0,0
LGS2ORD0024058,C013667,2025-07-10 12:00:00,Male,28,Gold,TV,Bangkok,1351,Lazada,PromptPay,12,7,3,0,20-30,45.03333333333333,2.0,1.0,0.5,54,28,4356.74,0.08,0.5,0.0,0.0,0.0,0,0,0.0,5383.15,1,0,0.0,8713.48,2,1,0.5,8713.48,2,1,0.5,0
LGS2ORD0024059,C017147,2025-07-10 13:00:00,Female,61,Silver,TV,Phuket,1413,CallCenter,COD,13,7,3,0,>50,47.1,8.0,3.0,0.375,-6,4,2255.22125,0.3,0.25,0.25,0.0,3911.75,1,1,1.0,6866.5599999999995,2,1,0.5,8602.45,3,1,0.3333333333333333,18041.77,8,3,0.375,1
LGS2ORD0024060,C015125,2025-07-10 13:00:00,Female,44,Bronze,Web,Nakhon Ratchasima,206,CallCenter,Credit_Card,13,7,3,0,40-50,6.866666666666666,2.0,0.0,0.0,-1,47,2044.8700000000001,0.23,0.5,0.5,0.0,0.0,0,0,0.0,0.0,0,0,0.0,518.38,1,0,0.0,4089.7400000000002,2,0,0.0,0
LGS2ORD0024061,C013405,2025-07-10 13:00:00,Male,27,Silver,Lazada,Nakhon Ratchasima,1063,Web,Bank_Transfer,13,7,3,0,20-30,35.43333333333333,6.0,3.0,0.5,-4,7,3395.653333333333,0.3,0.3333333333333333,0.3333333333333333,0.0,0.0,0,0,0.0,2839.59,2,1,0.5,2839.59,2,1,0.5,20373.92,6,3,0.5,0
LGS2ORD0024062,C010267,2025-07-10 13:00:00,Female,34,Bronze,Shopee,Remote_Area,309,TV_Show,COD,13,7,3,0,30-40,10.3,3.0,2.0,0.6666666666666666,-15,1,3023.8766666666666,0.23,1.0,0.3333333333333333,0.0,2246.74,1,1,1.0,2246.74,1,1,1.0,2246.74,1,1,1.0,9071.63,3,2,0.6666666666666666,1
LGS2ORD0024063,C013081,2025-07-10 13:00:00,Female,31,Silver,Lazada,Bangkok,548,Shopee,Credit_Card,13,7,3,0,30-40,18.266666666666666,0.0,0.0,0.0,-1,-1,0.0,0.0,0.0,0.0,0.0,0.0,0,0,0.0,0.0,0,0,0.0,0.0,0,0,0.0,0.0,0,0,0.0,1
LGS2ORD0024064,C011196,2025-07-10 14:00:00,Male,57,Bronze,Lazada,Bangkok,500,Shopee,COD,14,7,3,0,>50,16.666666666666668,6.0,0.0,0.0,-1,59,10297.199999999999,0.28,0.5,0.16666666666666666,0.0,0.0,0,0,0.0,0.0,0,0,0.0,42159.84,3,0,0.0,61783.2,6,0,0.0,0
LGS2ORD0024065,C017732,2025-07-10 14:00:00,Male,49,Silver,Lazada,Bangkok,1517,Shopee,COD,14,7,3,0,40-50,50.56666666666667,8.0,3.0,0.375,48,7,5016.455,0.25,0.375,0.25,0.0,0.0,0,0,0.0,20549.25,2,0,0.0,21389.72,3,1,0.3333333333333333,40131.64,8,3,0.375,0
LGS2ORD0024066,C015951,2025-07-10 14:00:00,Male,30,Gold,Lazada,Chonburi,1332,CallCenter,COD,14,7,3,0,20-30,44.4,3.0,0.0,0.0,-1,3,1705.4633333333331,0.2299999999999999,0.6666666666666666,0.3333333333333333,0.0,1468.85,1,0,0.0,3657.46,2,0,0.0,5116.389999999999,3,0,0.0,5116.389999999999,3,0,0.0,0
LGS2ORD0024067,C013771,2025-07-10 14:00:00,Male,39,Platinum,Web,Bangkok,728,Lazada,PromptPay,14,7,3,0,30-40,24.266666666666666,4.0,1.0,0.25,178,8,6688.1975,0.3,0.5,0.75,0.0,0.0,0,0,0.0,7855.57,1,0,0.0,16559.59,2,0,0.0,26752.79,4,1,0.25,0
LGS2ORD0024068,C016784,2025-07-10 14:00:00,Female,29,Gold,Web,Phuket,430,TV_Show,Credit_Card,14,7,3,0,20-30,14.333333333333334,1.0,1.0,1.0,34,46,24630.36,0.28,1.0,1.0,0.0,0.0,0,0,0.0,0.0,0,0,0.0,24630.36,1,1,1.0,24630.36,1,1,1.0,0
LGS2ORD0024069,C011667,2025-07-10 14:00:00,Male,41,Bronze,Shopee,Remote_Area,548,Shopee,COD,14,7,3,0,40-50,18.266666666666666,4.0,2.0,0.5,5,8,2031.56,0.23,0.75,0.25,0.0,0.0,0,0,0.0,1963.91,1,1,1.0,5507.04,3,2,0.6666666666666666,8126.24,4,2,0.5,1
LGS2ORD0024070,C015003,2025-07-10 15:00:00,Male,46,Silver,Web,Chonburi,345,Shopee,COD,15,7,3,0,40-50,11.5,1.0,0.0,0.0,-1,151,3070.71,0.1,0.0,0.0,0.0,0.0,0,0,0.0,0.0,0,0,0.0,0.0,0,0,0.0,3070.71,1,0,0.0,0
LGS2ORD0024071,C011359,2025-07-10 15:00:00,Male,23,Silver,Web,Chonburi,1466,TV_Show,PromptPay,15,7,3,0,20-30,48.86666666666667,7.0,2.0,0.2857142857142857,-7,0,3496.272857142857,0.25,0.42857142857142855,0.14285714285714285,0.0,2741.66,1,1,1.0,7329.58,2,1,0.5,18871.53,4,1,0.25,24473.91,7,2,0.2857142857142857,0
LGS2ORD0024072,C014913,2025-07-10 15:00:00,Male,50,Platinum,Web,Bangkok,637,Shopee,Credit_Card,15,7,3,0,40-50,21.233333333333334,2.0,1.0,0.5,30,42,5370.11,0.25,0.0,0.5,0.0,0.0,0,0,0.0,0.0,0,0,0.0,9818.31,1,1,1.0,10740.22,2,1,0.5,0
LGS2ORD0024073,C016519,2025-07-10 15:00:00,Male,44,Bronze,TV,Phuket,632,Web,Bank_Transfer,15,7,3,0,40-50,21.066666666666666,3.0,1.0,0.3333333333333333,165,34,8766.666666666666,0.23,0.0,0.3333333333333333,0.0,0.0,0,0,0.0,0.0,0,0,0.0,2308.0,1,0,0.0,26300.0,3,1,0.3333333333333333,0
LGS2ORD0024074,C014136,2025-07-10 15:00:00,Other,57,Bronze,CallCenter,Khon Kaen,332,Web,COD,15,7,3,0,>50,11.066666666666666,4.0,1.0,0.25,-8,1,4473.395,0.28,0.75,0.5,0.0,9680.02,2,1,0.5,9680.02,2,1,0.5,9680.02,2,1,0.5,17893.58,4,1,0.25,1
LGS2ORD0024075,C013428,2025-07-10 16:00:00,Female,40,Bronze,TV,Bangkok,1243,Web,COD,16,7,3,0,30-40,41.43333333333333,4.0,2.0,0.5,31,10,7161.227499999999,0.28,0.5,0.25,0.0,0.0,0,0,0.0,12771.96,1,0,0.0,19519.79,2,1,0.5,28644.909999999996,4,2,0.5,0
LGS2ORD0024076,C011429,2025-07-10 16:00:00,Male,30,Bronze,TV,Bangkok,518,Lazada,COD,16,7,3,0,20-30,17.266666666666666,4.0,0.0,0.0,-1,49,3101.8425,0.28,0.75,0.5,0.0,0.0,0,0,0.0,0.0,0,0,0.0,1907.24,1,0,0.0,12407.37,4,0,0.0,0
LGS2ORD0024077,C016817,2025-07-10 16:00:00,Female,45,Bronze,Shopee,Bangkok,984,Web,PromptPay,16,7,3,0,40-50,32.8,2.0,0.0,0.0,-1,25,8963.720000000001,0.23,0.5,0.5,0.0,0.0,0,0,0.0,17393.9,1,0,0.0,17393.9,1,0,0.0,17927.440000000002,2,0,0.0,0
LGS2ORD0024078,C014494,2025-07-10 16:00:00,Female,26,Bronze,Web,Bangkok,512,Shopee,COD,16,7,3,0,20-30,17.066666666666666,2.0,1.0,0.5,56,70,1324.405,0.18,0.5,0.0,0.0,0.0,0,0,0.0,0.0,0,0,0.0,1853.47,1,1,1.0,2648.81,2,1,0.5,1
LGS2ORD0024079,C016556,2025-07-10 16:00:00,Female,47,Silver,TV,Remote_Area,669,TV_Show,Credit_Card,16,7,3,0,40-50,22.3,7.0,2.0,0.2857142857142857,13,17,5425.271428571429,0.25,1.0,0.14285714285714285,0.0,0.0,0,0,0.0,9898.759999999998,2,1,0.5,22782.039999999997,4,2,0.5,37976.9,7,2,0.2857142857142857,0
LGS2ORD0024080,C012838,2025-07-10 17:00:00,Female,40,Silver,TV,Bangkok,270,TV_Show,COD,17,7,3,0,30-40,9.0,6.0,2.0,0.3333333333333333,72,55,2208.393333333333,0.25,0.5,0.3333333333333333,0.0,0.0,0,0,0.0,0.0,0,0,0.0,6832.129999999999,3,1,0.3333333333333333,13250.359999999999,6,2,0.3333333333333333,1
LGS2ORD0024081,C017913,2025-07-10 17:00:00,Male,42,Gold,Lazada,Chiang Mai,913,CallCenter,Bank_Transfer,17,7,3,0,40-50,30.433333333333334,5.0,1.0,0.2,59,11,4413.254,0.33,0.6,0.6,0.0,0.0,0,0,0.0,10491.37,2,0,0.0,19562.78,3,1,0.3333333333333333,22066.27,5,1,0.2,0
LGS2ORD0024082,C015067,2025-07-10 17:00:00,Male,50,Bronze,Web,Remote_Area,1263,Web,Credit_Card,17,7,3,0,40-50,42.1,5.0,2.0,0.4,4,6,3730.388,0.23,0.6,0.2,0.0,3241.54,1,0,0.0,5988.04,2,1,0.5,18651.94,5,2,0.4,18651.94,5,2,0.4,1
LGS2ORD0024083,C014825,2025-07-10 17:00:00,Male,53,Gold,CallCenter,Chiang Mai,1156,TV_Show,Credit_Card,17,7,3,0,>50,38.53333333333333,0.0,0.0,0.0,-1,-1,0.0,0.0,0.0,0.0,0.0,0.0,0,0,0.0,0.0,0,0,0.0,0.0,0,0,0.0,0.0,0,0,0.0,0
LGS2ORD0024084,C016560,2025-07-10 17:00:00,Male,71,Bronze,Lazada,Bangkok,1487,TV_Show,COD,17,7,3,0,>50,49.56666666666667,6.0,3.0,0.5,20,17,5302.673333333333,0.28,0.8333333333333334,0.3333333333333333,0.0,0.0,0,0,0.0,7131.93,2,1,0.5,7131.93,2,1,0.5,31816.04,6,3,0.5,0
LGS2ORD0024085,C012378,2025-07-10 17:00:00,Female,59,Silver,Lazada,Chiang Mai,849,TV_Show,PromptPay,17,7,3,0,>50,28.3,4.0,1.0,0.25,68,6,1552.0375,0.2,0.25,0.0,0.0,1643.83,1,0,0.0,3147.84,2,0,0.0,4816.37,3,1,0.3333333333333333,6208.15,4,1,0.25,0
LGS2ORD0024086,C011160,2025-07-10 18:00:00,Female,41,Bronze,Shopee,Songkhla,1235,Web,COD,18,7,3,0,40-50,41.166666666666664,1.0,1.0,1.0,13,15,2523.23,0.08,0.0,0.0,0.0,0.0,0,0,0.0,2523.23,1,1,1.0,2523.23,1,1,1.0,2523.23,1,1,1.0,1
LGS2ORD0024087,C017254,2025-07-10 18:00:00,Male,56,Gold,TV,Bangkok,1498,TV_Show,COD,18,7,3,0,>50,49.93333333333333,2.0,0.0,0.0,-1,95,1408.125,0.18,0.5,0.0,0.0,0.0,0,0,0.0,0.0,0,0,0.0,0.0,0,0,0.0,2816.25,2,0,0.0,0
LGS2ORD0024088,C015187,2025-07-10 18:00:00,Male,41,Silver,Web,Nakhon Ratchasima,1133,Shopee,COD,18,7,3,0,40-50,37.766666666666666,3.0,0.0,0.0,-1,38,2605.306666666667,0.2,0.0,0.0,0.0,0.0,0,0,0.0,0.0,0,0,0.0,1889.44,1,0,0.0,7815.92,3,0,0.0,0
LGS2ORD0024089,C010067,2025-07-10 18:00:00,Male,27,Bronze,Shopee,Phuket,317,Web,Credit_Card,18,7,3,0,20-30,10.566666666666666,2.0,1.0,0.5,50,58,4668.52,0.08,1.0,0.0,0.0,0.0,0,0,0.0,0.0,0,0,0.0,6066.2,1,1,1.0,9337.04,2,1,0.5,1
LGS2ORD0024090,C017105,2025-07-10 18:00:00,Female,35,Gold,Web,Khon Kaen,1311,Web,PromptPay,18,7,3,0,30-40,43.7,1.0,0.0,0.0,-1,123,2858.07,0.13,0.0,0.0,0.0,0.0,0,0,0.0,0.0,0,0,0.0,0.0,0,0,0.0,2858.07,1,0,0.0,0
LGS2ORD0024091,C013378,2025-07-10 19:00:00,Female,50,Bronze,Lazada,Bangkok,857,TV_Show,Credit_Card,19,7,3,0,40-50,28.566666666666666,2.0,1.0,0.5,100,71,22413.305,0.23,1.0,0.5,0.0,0.0,0,0,0.0,0.0,0,0,0.0,36464.37,1,0,0.0,44826.61,2,1,0.5,0
LGS2ORD0024092,C014488,2025-07-10 19:00:00,Male,26,Bronze,TV,Khon Kaen,519,Web,COD,19,7,3,0,20-30,17.3,0.0,0.0,0.0,-1,-1,0.0,0.0,0.0,0.0,0.0,0.0,0,0,0.0,0.0,0,0,0.0,0.0,0,0,0.0,0.0,0,0,0.0,0
LGS2ORD0024093,C014813,2025-07-10 19:00:00,Male,51,Silver,Shopee,Khon Kaen,1514,TV_Show,COD,19,7,3,0,>50,50.46666666666667,3.0,1.0,0.3333333333333333,87,33,8228.62,0.3,1.0,0.6666666666666666,0.0,0.0,0,0,0.0,0.0,0,0,0.0,16229.32,1,0,0.0,24685.86,3,1,0.3333333333333333,0
LGS2ORD0024094,C016304,2025-07-10 19:00:00,Male,44,Bronze,TV,Chonburi,770,TV_Show,COD,19,7,3,0,40-50,25.666666666666668,3.0,0.0,0.0,-1,63,9492.433333333334,0.13,0.6666666666666666,0.0,0.0,0.0,0,0,0.0,0.0,0,0,0.0,9686.08,1,0,0.0,28477.300000000003,3,0,0.0,1
LGS2ORD0024095,C011798,2025-07-10 19:00:00,Female,39,Silver,Lazada,Bangkok,1440,Web,PromptPay,19,7,3,0,30-40,48.0,1.0,0.0,0.0,-1,74,4721.43,0.3,0.0,1.0,0.0,0.0,0,0,0.0,0.0,0,0,0.0,4721.43,1,0,0.0,4721.43,1,0,0.0,0
LGS2ORD0024096,C010253,2025-07-10 20:00:00,Male,52,Bronze,Web,Bangkok,1591,Web,COD,20,7,3,0,>50,53.03333333333333,6.0,1.0,0.16666666666666666,6,19,3516.4766666666674,0.23,0.8333333333333334,0.3333333333333333,0.0,0.0,0,0,0.0,3393.79,1,1,1.0,8101.43,2,1,0.5,21098.860000000004,6,1,0.16666666666666666,0
LGS2ORD0024097,C013880,2025-07-10 20:00:00,Female,47,Silver,TV,Chonburi,1458,Web,Bank_Transfer,20,7,3,0,40-50,48.6,3.0,0.0,0.0,-1,23,14714.340000000002,0.25,0.6666666666666666,0.3333333333333333,0.0,0.0,0,0,0.0,25635.86,1,0,0.0,25635.86,1,0,0.0,44143.020000000004,3,0,0.0,0
LGS2ORD0024098,C015685,2025-07-10 20:00:00,Male,60,Silver,Lazada,Chonburi,1450,Lazada,Credit_Card,20,7,3,0,>50,48.333333333333336,4.0,0.0,0.0,-1,70,6543.120000000001,0.2,0.5,0.0,0.0,0.0,0,0,0.0,0.0,0,0,0.0,3768.24,1,0,0.0,26172.480000000003,4,0,0.0,0
LGS2ORD0024099,C015199,2025-07-10 20:00:00,Male,52,Bronze,Shopee,Bangkok,527,Shopee,PromptPay,20,7,3,0,>50,17.566666666666666,3.0,1.0,0.3333333333333333,24,30,1624.8400000000001,0.23,0.3333333333333333,0.3333333333333333,0.0,0.0,0,0,0.0,0.0,0,0,0.0,4874.52,3,1,0.3333333333333333,4874.52,3,1,0.3333333333333333,0
LGS2ORD0024100,C015001,2025-07-10 20:00:00,Female,40,Bronze,TV,Bangkok,1101,TV_Show,COD,20,7,3,0,30-40,36.7,4.0,2.0,0.5,115,124,4561.2525000000005,0.23,1.0,0.25,0.0,0.0,0,0,0.0,0.0,0,0,0.0,0.0,0,0,0.0,18245.010000000002,4,2,0.5,0
LGS2ORD0024101,C016046,2025-07-10 21:00:00,Male,47,Bronze,Web,Remote_Area,654,Web,COD,21,7,3,0,40-50,21.8,2.0,1.0,0.5,63,67,2597.385,0.18,0.5,0.0,0.0,0.0,0,0,0.0,0.0,0,0,0.0,1341.95,1,1,1.0,5194.77,2,1,0.5,0
LGS2ORD0024102,C017692,2025-07-10 21:00:00,Female,48,Bronze,Web,Chiang Mai,1518,Web,COD,21,7,3,0,40-50,50.6,2.0,1.0,0.5,44,50,5221.725,0.08,0.5,0.0,0.0,0.0,0,0,0.0,0.0,0,0,0.0,4187.31,1,1,1.0,10443.45,2,1,0.5,0
LGS2ORD0024103,C012838,2025-07-10 21:00:00,Female,40,Silver,TV,Bangkok,270,Shopee,Credit_Card,21,7,3,0,30-40,9.0,7.0,3.0,0.42857142857142855,-7,0,2481.6771428571424,0.25,0.5714285714285714,0.2857142857142857,0.0,4121.38,1,1,1.0,4121.38,1,1,1.0,10953.509999999998,4,2,0.5,17371.739999999998,7,3,0.42857142857142855,1
LGS2ORD0024104,C012496,2025-07-10 21:00:00,Female,42,Bronze,Shopee,Songkhla,379,Shopee,COD,21,7,3,0,40-50,12.633333333333333,4.0,1.0,0.25,174,54,3023.2249999999995,0.28,1.0,0.25,0.0,0.0,0,0,0.0,0.0,0,0,0.0,1515.62,1,0,0.0,12092.899999999998,4,1,0.25,1
LGS2ORD0024105,C011992,2025-07-10 21:00:00,Female,45,Bronze,TV,Nakhon Ratchasima,904,Lazada,Bank_Transfer,21,7,3,0,40-50,30.133333333333333,9.0,0.0,0.0,-1,16,3600.546666666667,0.23,0.6666666666666666,0.2222222222222222,0.0,0.0,0,0,0.0,2126.64,2,0,0.0,11627.6,4,0,0.0,32404.920000000002,9,0,0.0,0
LGS2ORD0024106,C017952,2025-07-10 21:00:00,Female,39,Bronze,Shopee,Bangkok,364,Shopee,COD,21,7,3,0,30-40,12.133333333333333,5.0,0.0,0.0,-1,33,5589.312,0.28,0.4,0.6,0.0,0.0,0,0,0.0,0.0,0,0,0.0,22471.57,3,0,0.0,27946.559999999998,5,0,0.0,1
LGS2ORD0024107,C017428,2025-07-10 22:00:00,Male,35,Gold,Lazada,Phuket,1490,Web,COD,22,7,3,0,30-40,49.666666666666664,2.0,1.0,0.5,108,116,7168.235000000001,0.28,0.5,0.5,0.0,0.0,0,0,0.0,0.0,0,0,0.0,0.0,0,0,0.0,14336.470000000001,2,1,0.5,0
LGS2ORD0024108,C011155,2025-07-10 22:00:00,Male,33,Silver,Shopee,Songkhla,958,Web,PromptPay,22,7,3,0,30-40,31.933333333333334,4.0,1.0,0.25,91,23,10174.74,0.3,0.75,0.25,0.0,0.0,0,0,0.0,7867.38,1,0,0.0,35450.85,2,0,0.0,40698.96,4,1,0.25,0
LGS2ORD0024109,C013829,2025-07-10 22:00:00,Female,66,Bronze,Lazada,Bangkok,921,CallCenter,COD,22,7,3,0,>50,30.7,4.0,1.0,0.25,88,32,6195.9775,0.28,0.75,0.25,0.0,0.0,0,0,0.0,0.0,0,0,0.0,19364.72,2,0,0.0,24783.91,4,1,0.25,1
LGS2ORD0024110,C015993,2025-07-10 22:00:00,Female,39,Silver,TV,Phuket,739,TV_Show,PromptPay,22,7,3,0,30-40,24.633333333333333,5.0,2.0,0.4,18,27,6765.314,0.3,0.6,0.4,0.0,0.0,0,0,0.0,1328.55,1,1,1.0,33166.51,4,1,0.25,33826.57,5,2,0.4,0
LGS2ORD0024111,C011034,2025-07-10 22:00:00,Female,44,Gold,CallCenter,Nakhon Ratchasima,588,Shopee,Credit_Card,22,7,3,0,40-50,19.6,4.0,1.0,0.25,178,80,9066.11,0.28,0.75,0.75,0.0,0.0,0,0,0.0,0.0,0,0,0.0,18233.51,1,0,0.0,36264.44,4,1,0.25,1
LGS2ORD0024112,C011395,2025-07-10 23:00:00,Female,56,Silver,Lazada,Bangkok,478,Shopee,Bank_Transfer,23,7,3,0,>50,15.933333333333334,2.0,0.0,0.0,-1,43,5382.7,0.3,1.0,0.5,0.0,0.0,0,0,0.0,0.0,0,0,0.0,4382.74,1,0,0.0,10765.4,2,0,0.0,0
LGS2ORD0024113,C016147,2025-07-10 23:00:00,Female,61,Bronze,TV,Bangkok,856,Shopee,Credit_Card,23,7,3,0,>50,28.533333333333335,4.0,1.0,0.25,65,77,12045.232499999998,0.23,0.75,0.25,0.0,0.0,0,0,0.0,0.0,0,0,0.0,31912.25,2,1,0.5,48180.92999999999,4,1,0.25,1
LGS2ORD0024114,C013125,2025-07-10 23:00:00,Male,37,Platinum,Shopee,Chonburi,825,Shopee,COD,23,7,3,0,30-40,27.5,1.0,0.0,0.0,-1,100,13476.04,0.2,0.0,0.0,0.0,0.0,0,0,0.0,0.0,0,0,0.0,0.0,0,0,0.0,13476.04,1,0,0.0,1
LGS2ORD0024115,C012251,2025-07-10 23:00:00,Female,34,Silver,TV,Phuket,1398,Web,Credit_Card,23,7,3,0,30-40,46.6,0.0,0.0,0.0,-1,-1,0.0,0.0,0.0,0.0,0.0,0.0,0,0,0.0,0.0,0,0,0.0,0.0,0,0,0.0,0.0,0,0,0.0,1
LGS2ORD0024116,C011657,2025-07-10 23:00:00,Female,30,Silver,Web,Chonburi,1557,Web,Bank_Transfer,23,7,3,0,20-30,51.9,0.0,0.0,0.0,-1,-1,0.0,0.0,0.0,0.0,0.0,0.0,0,0,0.0,0.0,0,0,0.0,0.0,0,0,0.0,0.0,0,0,0.0,0
LGS2ORD0024117,C012648,2025-07-11 00:00:00,Male,47,Silver,TV,Khon Kaen,528,TV_Show,COD,0,7,4,0,40-50,17.6,5.0,1.0,0.2,143,5,3531.072,0.25,0.6,0.2,0.0,3686.15,1,0,0.0,4462.4800000000005,2,0,0.0,4462.4800000000005,2,0,0.0,17655.36,5,1,0.2,0
LGS2ORD0024118,C012848,2025-07-11 00:00:00,Male,48,Bronze,TV,Songkhla,1320,Lazada,COD,0,7,4,0,40-50,44.0,2.0,1.0,0.5,178,119,6769.08,0.23,0.5,0.5,0.0,0.0,0,0,0.0,0.0,0,0,0.0,0.0,0,0,0.0,13538.16,2,1,0.5,0
LGS2ORD0024119,C012766,2025-07-11 00:00:00,Male,33,Platinum,Shopee,Chiang Mai,206,Lazada,COD,0,7,4,0,30-40,6.866666666666666,4.0,1.0,0.25,39,4,8385.494999999999,0.2,0.75,0.0,0.0,1203.27,1,0,0.0,1203.27,1,0,0.0,27757.73,3,1,0.3333333333333333,33541.979999999996,4,1,0.25,0
LGS2ORD0024120,C010915,2025-07-11 00:00:00,Male,47,Bronze,Lazada,Bangkok,1261,Shopee,COD,0,7,4,0,40-50,42.03333333333333,5.0,1.0,0.2,144,15,6614.267999999999,0.23,0.4,0.2,0.0,0.0,0,0,0.0,12135.51,1,0,0.0,14643.01,2,0,0.0,33071.34,5,1,0.2,0
LGS2ORD0024121,C011549,2025-07-11 00:00:00,Other,51,Gold,TV,Nakhon Ratchasima,1004,Shopee,Credit_Card,0,7,4,0,>50,33.46666666666667,1.0,0.0,0.0,-1,132,1774.24,0.13,1.0,0.0,0.0,0.0,0,0,0.0,0.0,0,0,0.0,0.0,0,0,0.0,1774.24,1,0,0.0,0
LGS2ORD0024122,C011317,2025-07-11 01:00:00,Male,22,Gold,Shopee,Phuket,1193,Lazada,COD,1,7,4,0,20-30,39.766666666666666,6.0,3.0,0.5,3,11,2888.7683333333334,0.33,0.8333333333333334,0.5,0.0,0.0,0,0,0.0,3483.66,2,1,0.5,3483.66,2,1,0.5,17332.61,6,3,0.5,0
LGS2ORD0024123,C017837,2025-07-11 01:00:00,Female,55,Platinum,TV,Songkhla,553,TV_Show,COD,1,7,4,0,>50,18.433333333333334,2.0,0.0,0.0,-1,92,841.5450000000001,0.35,0.5,0.5,0.0,0.0,0,0,0.0,0.0,0,0,0.0,0.0,0,0,0.0,1683.0900000000001,2,0,0.0,0
LGS2ORD0024124,C014494,2025-07-11 01:00:00,Female,26,Bronze,Web,Bangkok,513,Lazada,PromptPay,1,7,4,0,20-30,17.1,3.0,2.0,0.6666666666666666,-13,0,2954.14,0.18,0.6666666666666666,0.0,0.0,6213.61,1,1,1.0,6213.61,1,1,1.0,8067.08,2,2,1.0,8862.42,3,2,0.6666666666666666,0
LGS2ORD0024125,C017013,2025-07-11 01:00:00,Female,42,Silver,CallCenter,Nakhon Ratchasima,1436,Shopee,COD,1,7,4,0,40-50,47.86666666666667,5.0,0.0,0.0,-1,115,9229.892,0.3,0.2,0.4,0.0,0.0,0,0,0.0,0.0,0,0,0.0,0.0,0,0,0.0,46149.46,5,0,0.0,1
LGS2ORD0024126,C010238,2025-07-11 01:00:00,Male,39,Gold,CallCenter,Bangkok,444,Web,Credit_Card,1,7,4,0,30-40,14.8,0.0,0.0,0.0,-1,-1,0.0,0.0,0.0,0.0,0.0,0.0,0,0,0.0,0.0,0,0,0.0,0.0,0,0,0.0,0.0,0,0,0.0,0
LGS2ORD0024127,C012415,2025-07-11 01:00:00,Female,54,Gold,TV,Phuket,589,Web,COD,1,7,4,0,>50,19.633333333333333,4.0,3.0,0.75,8,19,5512.152500000001,0.28,0.75,0.25,0.0,0.0,0,0,0.0,1964.72,1,1,1.0,1964.72,1,1,1.0,22048.610000000004,4,3,0.75,1
LGS2ORD0024128,C013796,2025-07-11 02:00:00,Male,53,Bronze,Shopee,Khon Kaen,250,Web,COD,2,7,4,0,>50,8.333333333333334,3.0,1.0,0.3333333333333333,38,46,8438.26,0.18,0.3333333333333333,0.0,0.0,0.0,0,0,0.0,0.0,0,0,0.0,16689.71,1,1,1.0,25314.78,3,1,0.3333333333333333,0
LGS2ORD0024129,C013602,2025-07-11 02:00:00,Male,38,Bronze,Web,Chonburi,940,CallCenter,Credit_Card,2,7,4,0,30-40,31.333333333333332,1.0,0.0,0.0,-1,32,4302.02,0.28,0.0,1.0,0.0,0.0,0,0,0.0,0.0,0,0,0.0,4302.02,1,0,0.0,4302.02,1,0,0.0,0
LGS2ORD0024130,C014930,2025-07-11 02:00:00,Female,18,Gold,Lazada,Bangkok,364,Web,Bank_Transfer,2,7,4,0,<20,12.133333333333333,2.0,1.0,0.5,115,62,3956.84,0.13,0.5,0.0,0.0,0.0,0,0,0.0,0.0,0,0,0.0,2259.55,1,0,0.0,7913.68,2,1,0.5,0
LGS2ORD0024131,C015184,2025-07-11 02:00:00,Female,47,Bronze,TV,Songkhla,1481,CallCenter,COD,2,7,4,0,40-50,49.36666666666667,4.0,2.0,0.5,16,24,7789.897499999999,0.23,1.0,0.25,0.0,0.0,0,0,0.0,23263.269999999997,2,1,0.5,25650.949999999997,3,2,0.6666666666666666,31159.589999999997,4,2,0.5,1
LGS2ORD0024132,C011111,2025-07-11 02:00:00,Female,48,Bronze,Web,Remote_Area,1589,Shopee,COD,2,7,4,0,40-50,52.96666666666667,5.0,3.0,0.6,25,32,8891.674,0.28,0.8,0.2,0.2,0.0,0,0,0.0,0.0,0,0,0.0,40246.44,3,1,0.3333333333333333,44458.37,5,3,0.6,1
LGS2ORD0024133,C016171,2025-07-11 03:00:00,Male,25,Silver,TV,Bangkok,307,Lazada,Credit_Card,3,7,4,0,20-30,10.233333333333333,4.0,1.0,0.25,36,48,8944.5875,0.15,1.0,0.0,0.0,0.0,0,0,0.0,0.0,0,0,0.0,904.51,1,1,1.0,35778.35,4,1,0.25,0
LGS2ORD0024134,C011156,2025-07-11 03:00:00,Male,46,Platinum,TV,Songkhla,577,Lazada,PromptPay,3,7,4,0,40-50,19.233333333333334,2.0,0.0,0.0,-1,70,4806.3150000000005,0.1,0.0,0.0,0.0,0.0,0,0,0.0,0.0,0,0,0.0,730.19,1,0,0.0,9612.630000000001,2,0,0.0,1
LGS2ORD0024135,C016548,2025-07-11 03:00:00,Female,33,Bronze,Lazada,Nakhon Ratchasima,825,Web,Credit_Card,3,7,4,0,30-40,27.5,1.0,0.0,0.0,-1,57,48067.15,0.03,1.0,0.0,0.0,0.0,0,0,0.0,0.0,0,0,0.0,48067.15,1,0,0.0,48067.15,1,0,0.0,0
LGS2ORD0024136,C013761,2025-07-11 03:00:00,Female,44,Gold,CallCenter,Chiang Mai,231,Lazada,COD,3,7,4,0,40-50,7.7,6.0,0.0,0.0,-1,18,4053.513333333333,0.28,0.5,0.3333333333333333,0.0,0.0,0,0,0.0,9411.96,2,0,0.0,9411.96,2,0,0.0,24321.079999999998,6,0,0.0,0
LGS2ORD0024137,C013127,2025-07-11 03:00:00,Male,47,Silver,Shopee,Khon Kaen,1580,Web,COD,3,7,4,0,40-50,52.666666666666664,1.0,0.0,0.0,-1,60,1202.48,0.05,0.0,0.0,0.0,0.0,0,0,0.0,0.0,0,0,0.0,1202.48,1,0,0.0,1202.48,1,0,0.0,1
LGS2ORD0024138,C010501,2025-07-11 04:00:00,Male,46,Bronze,Web,Chiang Mai,1405,TV_Show,Bank_Transfer,4,7,4,0,40-50,46.833333333333336,2.0,2.0,1.0,131,134,2044.6,0.18,0.5,0.0,0.0,0.0,0,0,0.0,0.0,0,0,0.0,0.0,0,0,0.0,4089.2,2,2,1.0,1
LGS2ORD0024139,C010264,2025-07-11 04:00:00,Male,57,Bronze,Shopee,Chiang Mai,683,Shopee,COD,4,7,4,0,>50,22.766666666666666,5.0,2.0,0.4,27,8,7852.159999999999,0.18,0.6,0.0,0.0,0.0,0,0,0.0,5515.879999999999,2,0,0.0,26994.75,3,1,0.3333333333333333,39260.799999999996,5,2,0.4,0
LGS2ORD0024140,C015054,2025-07-11 04:00:00,Female,36,Bronze,Web,Khon Kaen,1486,Web,COD,4,7,4,0,30-40,49.53333333333333,1.0,0.0,0.0,-1,141,6780.56,0.08,1.0,0.0,0.0,0.0,0,0,0.0,0.0,0,0,0.0,0.0,0,0,0.0,6780.56,1,0,0.0,0
LGS2ORD0024141,C017968,2025-07-11 04:00:00,Male,51,Bronze,Lazada,Songkhla,1557,Lazada,Credit_Card,4,7,4,0,>50,51.9,3.0,1.0,0.3333333333333333,-4,10,5388.733333333334,0.08,1.0,0.0,0.0,0.0,0,0,0.0,14453.26,2,1,0.5,16166.2,3,1,0.3333333333333333,16166.2,3,1,0.3333333333333333,0
LGS2ORD0024142,C012800,2025-07-11 04:00:00,Female,36,Bronze,Web,Remote_Area,628,TV_Show,COD,4,7,4,0,30-40,20.933333333333334,3.0,0.0,0.0,-1,49,6531.7266666666665,0.13,0.0,0.0,0.0,0.0,0,0,0.0,0.0,0,0,0.0,16973.52,2,0,0.0,19595.18,3,0,0.0,0
LGS2ORD0024143,C016608,2025-07-11 05:00:00,Female,35,Silver,CallCenter,Bangkok,654,Shopee,COD,5,7,4,0,30-40,21.8,3.0,0.0,0.0,-1,40,8786.863333333333,0.3,0.3333333333333333,0.6666666666666666,0.0,0.0,0,0,0.0,0.0,0,0,0.0,24804.55,2,0,0.0,26360.589999999997,3,0,0.0,1
LGS2ORD0024144,C012590,2025-07-11 05:00:00,Female,59,Platinum,Shopee,Chiang Mai,673,TV_Show,Bank_Transfer,5,7,4,0,>50,22.433333333333334,6.0,3.0,0.5,59,34,5065.608333333334,0.3,0.5,0.3333333333333333,0.0,0.0,0,0,0.0,0.0,0,0,0.0,17859.38,3,2,0.6666666666666666,30393.65,6,3,0.5,0
LGS2ORD0024145,C012577,2025-07-11 05:00:00,Male,60,Gold,TV,Chonburi,1225,Web,PromptPay,5,7,4,0,>50,40.833333333333336,3.0,1.0,0.3333333333333333,-6,10,4724.97,0.33,0.3333333333333333,0.6666666666666666,0.0,0.0,0,0,0.0,14174.91,3,1,0.3333333333333333,14174.91,3,1,0.3333333333333333,14174.91,3,1,0.3333333333333333,0
LGS2ORD0024146,C012851,2025-07-11 05:00:00,Other,37,Bronze,Lazada,Bangkok,1390,Web,Credit_Card,5,7,4,0,30-40,46.333333333333336,4.0,2.0,0.5,66,24,7561.4975,0.28,0.5,0.25,0.0,0.0,0,0,0.0,17879.4,1,0,0.0,25091.050000000003,3,2,0.6666666666666666,30245.99,4,2,0.5,0
LGS2ORD0024147,C013838,2025-07-11 05:00:00,Male,60,Bronze,CallCenter,Remote_Area,287,Shopee,COD,5,7,4,0,>50,9.566666666666666,8.0,3.0,0.375,84,7,3937.08875,0.28,0.5,0.25,0.0,0.0,0,0,0.0,14042.56,2,0,0.0,14042.56,2,0,0.0,31496.71,8,3,0.375,1
LGS2ORD0024148,C012718,2025-07-11 05:00:00,Male,53,Bronze,TV,Remote_Area,375,Lazada,Credit_Card,5,7,4,0,>50,12.5,6.0,4.0,0.6666666666666666,-12,4,7327.198333333334,0.23,0.8333333333333334,0.16666666666666666,0.0,18288.010000000002,2,1,0.5,18288.010000000002,2,1,0.5,18288.010000000002,2,1,0.5,43963.19,6,4,0.6666666666666666,0
LGS2ORD0024149,C015410,2025-07-11 06:00:00,Male,46,Bronze,TV,Bangkok,1073,Shopee,COD,6,7,4,0,40-50,35.766666666666666,6.0,0.0,0.0,-1,10,4172.018333333333,0.23,0.6666666666666666,0.16666666666666666,0.0,0.0,0,0,0.0,2975.5,1,0,0.0,9516.65,3,0,0.0,25032.11,6,0,0.0,0
LGS2ORD0024150,C013805,2025-07-11 06:00:00,Male,56,Gold,Lazada,Chonburi,1041,Web,COD,6,7,4,0,>50,34.7,6.0,0.0,0.0,-1,13,3076.605,0.33,0.16666666666666666,0.5,0.0,0.0,0,0,0.0,1909.16,2,0,0.0,10363.91,4,0,0.0,18459.63,6,0,0.0,0
LGS2ORD0024151,C015891,2025-07-11 06:00:00,Female,40,Bronze,TV,Phuket,625,Shopee,COD,6,7,4,0,30-40,20.833333333333332,5.0,2.0,0.4,54,28,14896.717999999999,0.18,0.6,0.0,0.0,0.0,0,0,0.0,9917.11,1,0,0.0,32359.74,3,1,0.3333333333333333,74483.59,5,2,0.4,1
LGS2ORD0024152,C016814,2025-07-11 06:00:00,Female,32,Silver,Shopee,Khon Kaen,1548,Shopee,Credit_Card,6,7,4,0,30-40,51.6,2.0,1.0,0.5,154,91,6686.21,0.25,0.5,0.5,0.0,0.0,0,0,0.0,0.0,0,0,0.0,0.0,0,0,0.0,13372.42,2,1,0.5,0
LGS2ORD0024153,C015926,2025-07-11 06:00:00,Female,57,Silver,CallCenter,Phuket,603,Web,Credit_Card,6,7,4,0,>50,20.1,2.0,1.0,0.5,168,15,4169.32,0.2,1.0,0.0,0.0,0.0,0,0,0.0,4950.07,1,0,0.0,4950.07,1,0,0.0,8338.64,2,1,0.5,0
LGS2ORD0024154,C010097,2025-07-11 07:00:00,Male,39,Silver,Lazada,Chonburi,1574,Web,Credit_Card,7,7,4,0,30-40,52.46666666666667,3.0,0.0,0.0,-1,8,3350.2466666666664,0.25,0.0,0.3333333333333333,0.0,0.0,0,0,0.0,630.84,1,0,0.0,630.84,1,0,0.0,10050.74,3,0,0.0,0
LGS2ORD0024155,C015447,2025-07-11 07:00:00,Female,53,Bronze,Web,Nakhon Ratchasima,1634,TV_Show,COD,7,7,4,0,>50,54.46666666666667,3.0,0.0,0.0,-1,11,13860.29,0.23,0.3333333333333333,0.3333333333333333,0.0,0.0,0,0,0.0,35932.22,1,0,0.0,35932.22,1,0,0.0,41580.87,3,0,0.0,1
LGS2ORD0024156,C011160,2025-07-11 07:00:00,Female,41,Bronze,Shopee,Songkhla,1236,Shopee,COD,7,7,4,0,40-50,41.2,2.0,2.0,1.0,-11,0,1903.67,0.23,0.5,0.5,0.0,1284.11,1,1,1.0,3807.34,2,2,1.0,3807.34,2,2,1.0,3807.34,2,2,1.0,0
LGS2ORD0024157,C015065,2025-07-11 07:00:00,Female,59,Silver,CallCenter,Chiang Mai,1549,Shopee,Credit_Card,7,7,4,0,>50,51.63333333333333,2.0,0.0,0.0,-1,8,1221.275,0.3,0.0,0.5,0.0,0.0,0,0,0.0,417.63,1,0,0.0,417.63,1,0,0.0,2442.55,2,0,0.0,1
LGS2ORD0024158,C013014,2025-07-11 07:00:00,Female,54,Bronze,TV,Songkhla,234,CallCenter,Credit_Card,7,7,4,0,>50,7.8,2.0,2.0,1.0,47,60,1843.8400000000001,0.28,0.5,0.5,0.0,0.0,0,0,0.0,0.0,0,0,0.0,1824.8,1,1,1.0,3687.6800000000003,2,2,1.0,0
LGS2ORD0024159,C011555,2025-07-11 08:00:00,Female,31,Silver,Web,Phuket,862,Shopee,COD,8,7,4,0,30-40,28.733333333333334,6.0,3.0,0.5,1,7,5898.849999999999,0.3,0.3333333333333333,0.5,0.0,0.0,0,0,0.0,3750.57,1,1,1.0,34007.81,5,3,0.6,35393.1,6,3,0.5,0
LGS2ORD0024160,C016286,2025-07-11 08:00:00,Male,47,Gold,CallCenter,Nakhon Ratchasima,1389,CallCenter,Credit_Card,8,7,4,0,40-50,46.3,4.0,0.0,0.0,-1,13,2850.7075,0.2299999999999999,0.25,0.5,0.0,0.0,0,0,0.0,2233.32,1,0,0.0,9272.16,2,0,0.0,11402.83,4,0,0.0,1
LGS2ORD0024161,C011676,2025-07-11 08:00:00,Male,28,Gold,Shopee,Nakhon Ratchasima,1098,Shopee,COD,8,7,4,0,20-30,36.6,4.0,0.0,0.0,-1,104,4024.065,0.33,0.0,0.5,0.0,0.0,0,0,0.0,0.0,0,0,0.0,0.0,0,0,0.0,16096.26,4,0,0.0,0
LGS2ORD0024162,C014007,2025-07-11 08:00:00,Male,57,Bronze,Web,Chonburi,1140,Web,PromptPay,8,7,4,0,>50,38.0,1.0,0.0,0.0,-1,148,1924.01,0.13,0.0,0.0,0.0,0.0,0,0,0.0,0.0,0,0,0.0,0.0,0,0,0.0,1924.01,1,0,0.0,0
LGS2ORD0024163,C011305,2025-07-11 08:00:00,Female,40,Silver,Web,Bangkok,207,Shopee,COD,8,7,4,0,30-40,6.9,5.0,0.0,0.0,-1,78,5571.246,0.25,0.8,0.4,0.0,0.0,0,0,0.0,0.0,0,0,0.0,7918.55,1,0,0.0,27856.23,5,0,0.0,0
LGS2ORD0024164,C014967,2025-07-11 09:00:00,Male,25,Gold,Web,Khon Kaen,545,CallCenter,Bank_Transfer,9,7,4,0,20-30,18.166666666666668,5.0,0.0,0.0,-1,41,3747.8419999999996,0.2299999999999999,0.4,0.4,0.0,0.0,0,0,0.0,0.0,0,0,0.0,8418.28,2,0,0.0,18739.21,5,0,0.0,0
LGS2ORD0024165,C014841,2025-07-11 09:00:00,Male,67,Bronze,Shopee,Remote_Area,345,Lazada,COD,9,7,4,0,>50,11.5,4.0,1.0,0.25,27,28,4765.6325,0.23,0.75,0.25,0.0,0.0,0,0,0.0,7090.66,1,0,0.0,11829.8,2,1,0.5,19062.53,4,1,0.25,0
LGS2ORD0024166,C013994,2025-07-11 09:00:00,Male,43,Bronze,Web,Chonburi,699,Shopee,Credit_Card,9,7,4,0,40-50,23.3,1.0,0.0,0.0,-1,12,1447.52,0.13,0.0,0.0,0.0,0.0,0,0,0.0,1447.52,1,0,0.0,1447.52,1,0,0.0,1447.52,1,0,0.0,1
LGS2ORD0024167,C017771,2025-07-11 09:00:00,Female,46,Bronze,CallCenter,Remote_Area,459,TV_Show,Credit_Card,9,7,4,0,40-50,15.3,5.0,0.0,0.0,-1,34,7410.970000000001,0.18,0.2,0.0,0.0,0.0,0,0,0.0,0.0,0,0,0.0,21518.54,2,0,0.0,37054.850000000006,5,0,0.0,0
LGS2ORD0024168,C013427,2025-07-11 09:00:00,Male,53,Bronze,Shopee,Phuket,1561,Web,COD,9,7,4,0,>50,52.03333333333333,5.0,2.0,0.4,48,66,5794.3060000000005,0.28,0.6,0.4,0.0,0.0,0,0,0.0,0.0,0,0,0.0,4517.95,1,1,1.0,28971.530000000002,5,2,0.4,1
LGS2ORD0024169,C015643,2025-07-11 09:00:00,Male,60,Bronze,TV,Khon Kaen,563,TV_Show,COD,9,7,4,0,>50,18.766666666666666,3.0,0.0,0.0,-1,40,1891.0066666666664,0.28,0.6666666666666666,0.3333333333333333,0.0,0.0,0,0,0.0,0.0,0,0,0.0,5017.8099999999995,2,0,0.0,5673.0199999999995,3,0,0.0,0
LGS2ORD0024170,C014757,2025-07-11 10:00:00,Male,41,Gold,Lazada,Phuket,1581,Shopee,COD,10,7,4,0,40-50,52.7,5.0,2.0,0.4,14,29,5667.2339999999995,0.33,0.2,1.0,0.0,0.0,0,0,0.0,491.61,1,1,1.0,17050.91,2,2,1.0,28336.17,5,2,0.4,0
LGS2ORD0024171,C013755,2025-07-11 10:00:00,Female,34,Silver,Shopee,Chiang Mai,770,Web,PromptPay,10,7,4,0,30-40,25.666666666666668,4.0,1.0,0.25,125,20,11967.785,0.3,0.25,0.75,0.0,0.0,0,0,0.0,15444.41,1,0,0.0,22978.59,3,0,0.0,47871.14,4,1,0.25,0
LGS2ORD0024172,C012335,2025-07-11 10:00:00,Female,55,Gold,CallCenter,Bangkok,693,CallCenter,Credit_Card,10,7,4,0,>50,23.1,4.0,1.0,0.25,37,46,3195.4800000000005,0.33,0.5,0.75,0.0,0.0,0,0,0.0,0.0,0,0,0.0,1600.1100000000001,2,1,0.5,12781.920000000002,4,1,0.25,0
LGS2ORD0024173,C012015,2025-07-11 10:00:00,Male,57,Bronze,CallCenter,Phuket,1230,Lazada,COD,10,7,4,0,>50,41.0,5.0,2.0,0.4,89,30,4795.484,0.28,0.8,0.4,0.0,0.0,0,0,0.0,0.0,0,0,0.0,1811.04,1,0,0.0,23977.420000000002,5,2,0.4,1
LGS2ORD0024174,C015104,2025-07-11 10:00:00,Female,41,Bronze,Web,Songkhla,553,Lazada,Credit_Card,10,7,4,0,40-50,18.433333333333334,1.0,0.0,0.0,-1,93,7786.28,0.08,0.0,0.0,0.0,0.0,0,0,0.0,0.0,0,0,0.0,0.0,0,0,0.0,7786.28,1,0,0.0,0
LGS2ORD0024175,C017518,2025-07-11 11:00:00,Female,24,Silver,Lazada,Khon Kaen,1169,TV_Show,COD,11,7,4,0,20-30,38.96666666666667,3.0,1.0,0.3333333333333333,62,51,6411.62,0.2,1.0,0.0,0.0,0.0,0,0,0.0,0.0,0,0,0.0,11722.44,2,1,0.5,19234.86,3,1,0.3333333333333333,1
LGS2ORD0024176,C017979,2025-07-11 11:00:00,Male,51,Silver,Shopee,Nakhon Ratchasima,1206,Shopee,Credit_Card,11,7,4,0,>50,40.2,3.0,2.0,0.6666666666666666,-2,4,7356.459999999999,0.25,0.6666666666666666,0.6666666666666666,0.0,4734.14,1,1,1.0,4734.14,1,1,1.0,16770.87,2,2,1.0,22069.379999999997,3,2,0.6666666666666666,1
LGS2ORD0024177,C011758,2025-07-11 11:00:00,Female,34,Gold,Lazada,Chiang Mai,299,CallCenter,PromptPay,11,7,4,0,30-40,9.966666666666667,2.0,1.0,0.5,16,21,6360.85,0.28,0.5,0.5,0.0,0.0,0,0,0.0,9750.01,1,1,1.0,9750.01,1,1,1.0,12721.7,2,1,0.5,0
LGS2ORD0024178,C013102,2025-07-11 11:00:00,Female,48,Silver,Lazada,Khon Kaen,1265,Web,COD,11,7,4,0,40-50,42.166666666666664,3.0,1.0,0.3333333333333333,-8,2,2616.2799999999997,0.3,0.3333333333333333,0.6666666666666666,0.0,1636.03,1,1,1.0,1636.03,1,1,1.0,5692.0,2,1,0.5,7848.839999999999,3,1,0.3333333333333333,0
LGS2ORD0024179,C011184,2025-07-11 11:00:00,Female,25,Bronze,TV,Phuket,826,Shopee,Credit_Card,11,7,4,0,20-30,27.533333333333335,1.0,0.0,0.0,-1,62,4419.18,0.23,1.0,1.0,0.0,0.0,0,0,0.0,0.0,0,0,0.0,4419.18,1,0,0.0,4419.18,1,0,0.0,0
LGS2ORD0024180,C016285,2025-07-11 12:00:00,Male,71,Bronze,Shopee,Bangkok,1543,Shopee,COD,12,7,4,0,>50,51.43333333333333,4.0,2.0,0.5,35,40,7935.455,0.28,0.5,0.5,0.0,0.0,0,0,0.0,0.0,0,0,0.0,5586.51,1,1,1.0,31741.82,4,2,0.5,0
LGS2ORD0024181,C013013,2025-07-11 12:00:00,Female,26,Silver,TV,Chiang Mai,1492,Web,Credit_Card,12,7,4,0,20-30,49.733333333333334,1.0,1.0,1.0,54,58,6458.33,0.2,1.0,0.0,0.0,0.0,0,0,0.0,0.0,0,0,0.0,6458.33,1,1,1.0,6458.33,1,1,1.0,0
LGS2ORD0024182,C014656,2025-07-11 12:00:00,Male,39,Silver,Shopee,Bangkok,308,Web,COD,12,7,4,0,30-40,10.266666666666667,2.0,1.0,0.5,70,70,4981.425,0.25,1.0,0.5,0.0,0.0,0,0,0.0,0.0,0,0,0.0,9962.85,2,1,0.5,9962.85,2,1,0.5,1
LGS2ORD0024183,C012762,2025-07-11 12:00:00,Female,47,Silver,TV,Nakhon Ratchasima,401,Web,COD,12,7,4,0,40-50,13.366666666666667,2.0,0.0,0.0,-1,151,2669.1800000000003,0.3,1.0,0.5,0.0,0.0,0,0,0.0,0.0,0,0,0.0,0.0,0,0,0.0,5338.360000000001,2,0,0.0,1
LGS2ORD0024184,C014256,2025-07-11 12:00:00,Male,51,Silver,TV,Bangkok,381,Lazada,PromptPay,12,7,4,0,>50,12.7,0.0,0.0,0.0,-1,-1,0.0,0.0,0.0,0.0,0.0,0.0,0,0,0.0,0.0,0,0,0.0,0.0,0,0,0.0,0.0,0,0,0.0,0
LGS2ORD0024185,C014956,2025-07-11 13:00:00,Female,27,Bronze,TV,Phuket,372,Lazada,COD,13,7,4,0,20-30,12.4,5.0,2.0,0.4,-7,1,9091.833999999999,0.28,0.8,0.2,0.0,36576.59,1,1,1.0,36576.59,1,1,1.0,36576.59,1,1,1.0,45459.17,5,2,0.4,0
LGS2ORD0024186,C011730,2025-07-11 13:00:00,Female,37,Silver,Web,Chonburi,1222,Shopee,Bank_Transfer,13,7,4,0,30-40,40.733333333333334,4.0,1.0,0.25,108,7,5300.1375,0.25,0.75,0.25,0.0,0.0,0,0,0.0,4160.31,1,0,0.0,12031.29,2,0,0.0,21200.55,4,1,0.25,0
LGS2ORD0024187,C012054,2025-07-11 13:00:00,Female,36,Bronze,Web,Remote_Area,336,TV_Show,COD,13,7,4,0,30-40,11.2,3.0,0.0,0.0,-1,6,5495.036666666667,0.23,1.0,0.3333333333333333,0.0,3298.14,1,0,0.0,3298.14,1,0,0.0,16485.11,3,0,0.0,16485.11,3,0,0.0,0
LGS2ORD0024188,C011934,2025-07-11 13:00:00,Male,49,Bronze,Lazada,Bangkok,544,Shopee,COD,13,7,4,0,40-50,18.133333333333333,3.0,2.0,0.6666666666666666,5,8,2247.98,0.18,0.6666666666666666,0.0,0.0,0.0,0,0,0.0,4093.8,2,2,1.0,4093.8,2,2,1.0,6743.9400000000005,3,2,0.6666666666666666,0
LGS2ORD0024189,C017642,2025-07-11 13:00:00,Male,42,Gold,TV,Remote_Area,929,Lazada,COD,13,7,4,0,40-50,30.966666666666665,3.0,0.0,0.0,-1,56,4989.136666666667,0.18,0.0,0.0,0.0,0.0,0,0,0.0,0.0,0,0,0.0,5877.3,2,0,0.0,14967.410000000002,3,0,0.0,0
LGS2ORD0024190,C017174,2025-07-11 13:00:00,Male,62,Silver,CallCenter,Phuket,1499,Web,PromptPay,13,7,4,0,>50,49.96666666666667,6.0,1.0,0.16666666666666666,42,17,3679.64,0.3,0.6666666666666666,0.5,0.0,0.0,0,0,0.0,2269.91,1,0,0.0,7873.36,3,1,0.3333333333333333,22077.84,6,1,0.16666666666666666,0
LGS2ORD0024191,C012100,2025-07-11 14:00:00,Female,61,Platinum,CallCenter,Khon Kaen,644,CallCenter,COD,14,7,4,0,>50,21.466666666666665,4.0,1.0,0.25,61,65,4851.0125,0.3,0.75,0.75,0.0,0.0,0,0,0.0,0.0,0,0,0.0,3604.67,2,1,0.5,19404.05,4,1,0.25,1
LGS2ORD0024192,C017281,2025-07-11 14:00:00,Female,51,Silver,Web,Chonburi,1645,TV_Show,Credit_Card,14,7,4,0,>50,54.833333333333336,1.0,0.0,0.0,-1,78,4385.76,0.1,0.0,0.0,0.0,0.0,0,0,0.0,0.0,0,0,0.0,4385.76,1,0,0.0,4385.76,1,0,0.0,0
LGS2ORD0024193,C011377,2025-07-11 14:00:00,Female,21,Bronze,TV,Phuket,572,TV_Show,COD,14,7,4,0,20-30,19.066666666666666,7.0,3.0,0.42857142857142855,6,20,3834.4142857142856,0.28,0.7142857142857143,0.5714285714285714,0.0,0.0,0,0,0.0,2893.64,1,1,1.0,26840.899999999998,7,3,0.42857142857142855,26840.899999999998,7,3,0.42857142857142855,0
LGS2ORD0024194,C016549,2025-07-11 14:00:00,Female,34,Platinum,Shopee,Bangkok,206,TV_Show,Credit_Card,14,7,4,0,30-40,6.866666666666666,1.0,1.0,1.0,163,172,1958.95,0.25,1.0,1.0,0.0,0.0,0,0,0.0,0.0,0,0,0.0,0.0,0,0,0.0,1958.95,1,1,1.0,0
LGS2ORD0024195,C012022,2025-07-11 14:00:00,Male,37,Bronze,TV,Phuket,621,Shopee,PromptPay,14,7,4,0,30-40,20.7,6.0,2.0,0.3333333333333333,12,18,6966.711666666666,0.23,0.6666666666666666,0.3333333333333333,0.0,0.0,0,0,0.0,15074.93,3,1,0.3333333333333333,41800.27,6,2,0.3333333333333333,41800.27,6,2,0.3333333333333333,0
LGS2ORD0024196,C012629,2025-07-11 15:00:00,Male,34,Platinum,Shopee,Bangkok,1374,Shopee,Bank_Transfer,15,7,4,0,30-40,45.8,2.0,1.0,0.5,67,47,3336.475,0.35,0.5,1.0,0.0,0.0,0,0,0.0,0.0,0,0,0.0,6672.95,2,1,0.5,6672.95,2,1,0.5,0
LGS2ORD0024197,C011168,2025-07-11 15:00:00,Male,45,Bronze,Lazada,Bangkok,218,Web,Bank_Transfer,15,7,4,0,40-50,7.266666666666667,5.0,1.0,0.2,-6,6,3897.904,0.23,0.6,0.2,0.0,1005.49,1,1,1.0,1005.49,1,1,1.0,3654.16,2,1,0.5,19489.52,5,1,0.2,0
LGS2ORD0024198,C016708,2025-07-11 15:00:00,Female,54,Bronze,CallCenter,Khon Kaen,900,TV_Show,Bank_Transfer,15,7,4,0,>50,30.0,0.0,0.0,0.0,-1,-1,0.0,0.0,0.0,0.0,0.0,0.0,0,0,0.0,0.0,0,0,0.0,0.0,0,0,0.0,0.0,0,0,0.0,0
LGS2ORD0024199,C015678,2025-07-11 15:00:00,Female,33,Bronze,TV,Khon Kaen,1153,Web,COD,15,7,4,0,30-40,38.43333333333333,6.0,0.0,0.0,-1,3,3936.8700000000003,0.18,0.5,0.0,0.0,3875.89,1,0,0.0,7796.45,2,0,0.0,13915.47,4,0,0.0,23621.22,6,0,0.0,0
LGS2ORD0024200,C013506,2025-07-11 15:00:00,Female,41,Bronze,Shopee,Chiang Mai,415,Lazada,COD,15,7,4,0,40-50,13.833333333333334,0.0,0.0,0.0,-1,-1,0.0,0.0,0.0,0.0,0.0,0.0,0,0,0.0,0.0,0,0,0.0,0.0,0,0,0.0,0.0,0,0,0.0,0
LGS2ORD0024201,C015115,2025-07-11 16:00:00,Female,53,Gold,Lazada,Phuket,343,CallCenter,Bank_Transfer,16,7,4,0,>50,11.433333333333334,1.0,0.0,0.0,-1,116,2452.24,0.13,0.0,0.0,0.0,0.0,0,0,0.0,0.0,0,0,0.0,0.0,0,0,0.0,2452.24,1,0,0.0,0
LGS2ORD0024202,C014240,2025-07-11 16:00:00,Female,26,Gold,Shopee,Bangkok,428,Web,COD,16,7,4,0,20-30,14.266666666666667,2.0,0.0,0.0,-1,7,4765.53,0.13,1.0,0.0,0.0,0.0,0,0,0.0,5517.28,1,0,0.0,9531.06,2,0,0.0,9531.06,2,0,0.0,0
LGS2ORD0024203,C011979,2025-07-11 16:00:00,Female,18,Silver,Web,Remote_Area,738,CallCenter,PromptPay,16,7,4,0,<20,24.6,1.0,1.0,1.0,120,133,6183.18,0.1,1.0,0.0,0.0,0.0,0,0,0.0,0.0,0,0,0.0,0.0,0,0,0.0,6183.18,1,1,1.0,0
LGS2ORD0024204,C015871,2025-07-11 16:00:00,Female,36,Bronze,CallCenter,Bangkok,917,Lazada,COD,16,7,4,0,30-40,30.566666666666666,6.0,2.0,0.3333333333333333,37,48,3113.285,0.28,0.5,0.5,0.0,0.0,0,0,0.0,0.0,0,0,0.0,9543.22,3,1,0.3333333333333333,18679.71,6,2,0.3333333333333333,0
LGS2ORD0024205,C010985,2025-07-11 16:00:00,Male,48,Bronze,Shopee,Bangkok,1497,Web,Bank_Transfer,16,7,4,0,40-50,49.9,3.0,0.0,0.0,-1,24,3546.8233333333337,0.18,0.3333333333333333,0.0,0.0,0.0,0,0,0.0,778.45,1,0,0.0,778.45,1,0,0.0,10640.470000000001,3,0,0.0,0
LGS2ORD0024206,C015404,2025-07-11 16:00:00,Female,60,Bronze,Shopee,Songkhla,1119,TV_Show,COD,16,7,4,0,>50,37.3,7.0,3.0,0.42857142857142855,20,25,6816.0485714285705,0.28,0.8571428571428571,0.2857142857142857,0.0,0.0,0,0,0.0,11809.0,1,1,1.0,25031.91,2,1,0.5,47712.34,7,3,0.42857142857142855,0
LGS2ORD0024207,C016894,2025-07-11 17:00:00,Other,53,Bronze,Shopee,Bangkok,1582,Web,COD,17,7,4,0,>50,52.733333333333334,6.0,1.0,0.16666666666666666,34,42,4424.086666666667,0.18,0.5,0.0,0.0,0.0,0,0,0.0,0.0,0,0,0.0,1045.65,1,1,1.0,26544.52,6,1,0.16666666666666666,1
LGS2ORD0024208,C012642,2025-07-11 17:00:00,Female,26,Silver,Web,Chiang Mai,876,CallCenter,Bank_Transfer,17,7,4,0,20-30,29.2,4.0,1.0,0.25,106,25,5123.4775,0.25,0.5,0.25,0.0,0.0,0,0,0.0,16085.88,1,0,0.0,17526.12,2,0,0.0,20493.91,4,1,0.25,0
LGS2ORD0024209,C016347,2025-07-11 17:00:00,Male,46,Bronze,Web,Phuket,679,TV_Show,Bank_Transfer,17,7,4,0,40-50,22.633333333333333,2.0,0.0,0.0,-1,45,6935.665,0.08,1.0,0.0,0.0,0.0,0,0,0.0,0.0,0,0,0.0,951.13,1,0,0.0,13871.33,2,0,0.0,1
LGS2ORD0024210,C011130,2025-07-11 17:00:00,Female,40,Silver,TV,Chiang Mai,1031,TV_Show,COD,17,7,4,0,30-40,34.36666666666667,4.0,0.0,0.0,-1,12,6906.765,0.25,0.5,0.25,0.0,0.0,0,0,0.0,3790.98,1,0,0.0,11619.91,2,0,0.0,27627.06,4,0,0.0,0
LGS2ORD0024211,C013982,2025-07-11 17:00:00,Female,39,Silver,Shopee,Nakhon Ratchasima,1573,Web,COD,17,7,4,0,30-40,52.43333333333333,3.0,3.0,1.0,34,39,9578.32,0.2,0.6666666666666666,0.0,0.0,0.0,0,0,0.0,0.0,0,0,0.0,26843.0,2,2,1.0,28734.96,3,3,1.0,0
LGS2ORD0024212,C015834,2025-07-11 18:00:00,Female,18,Silver,Lazada,Songkhla,285,Lazada,PromptPay,18,7,4,0,<20,9.5,1.0,0.0,0.0,-1,7,2007.61,0.25,0.0,1.0,0.0,0.0,0,0,0.0,2007.61,1,0,0.0,2007.61,1,0,0.0,2007.61,1,0,0.0,0
LGS2ORD0024213,C010266,2025-07-11 18:00:00,Male,64,Bronze,TV,Songkhla,563,Web,Credit_Card,18,7,4,0,>50,18.766666666666666,4.0,1.0,0.25,83,6,4914.7175,0.28,0.5,0.25,0.0,5345.19,1,0,0.0,5345.19,1,0,0.0,10566.759999999998,2,0,0.0,19658.87,4,1,0.25,0
LGS2ORD0024214,C010924,2025-07-11 18:00:00,Female,47,Silver,TV,Remote_Area,1635,TV_Show,Bank_Transfer,18,7,4,0,40-50,54.5,4.0,0.0,0.0,-1,24,2734.445,0.3,0.25,0.25,0.0,0.0,0,0,0.0,1869.35,1,0,0.0,6947.84,3,0,0.0,10937.78,4,0,0.0,0
LGS2ORD0024215,C013511,2025-07-11 18:00:00,Female,30,Platinum,Web,Bangkok,1272,TV_Show,COD,18,7,4,0,20-30,42.4,4.0,1.0,0.25,119,52,5591.665,0.35,0.75,0.25,0.0,0.0,0,0,0.0,0.0,0,0,0.0,17700.07,2,0,0.0,22366.66,4,1,0.25,0
LGS2ORD0024216,C010238,2025-07-11 18:00:00,Male,39,Gold,CallCenter,Bangkok,444,Shopee,PromptPay,18,7,4,0,30-40,14.8,1.0,0.0,0.0,-1,0,3142.45,0.13,0.0,0.0,0.0,3142.45,1,0,0.0,3142.45,1,0,0.0,3142.45,1,0,0.0,3142.45,1,0,0.0,0
LGS2ORD0024217,C011976,2025-07-11 19:00:00,Male,64,Bronze,Shopee,Remote_Area,751,CallCenter,PromptPay,19,7,4,0,>50,25.033333333333335,3.0,1.0,0.3333333333333333,149,161,3434.7533333333336,0.28,1.0,0.3333333333333333,0.0,0.0,0,0,0.0,0.0,0,0,0.0,0.0,0,0,0.0,10304.26,3,1,0.3333333333333333,0
LGS2ORD0024218,C015978,2025-07-11 19:00:00,Female,40,Bronze,Web,Bangkok,1030,CallCenter,Credit_Card,19,7,4,0,30-40,34.333333333333336,2.0,0.0,0.0,-1,111,1343.8999999999999,0.03,0.5,0.0,0.0,0.0,0,0,0.0,0.0,0,0,0.0,0.0,0,0,0.0,2687.7999999999997,2,0,0.0,0
LGS2ORD0024219,C013940,2025-07-11 19:00:00,Other,45,Gold,Shopee,Nakhon Ratchasima,470,Shopee,COD,19,7,4,0,40-50,15.666666666666666,3.0,1.0,0.3333333333333333,97,58,8192.146666666667,0.28,0.6666666666666666,0.3333333333333333,0.0,0.0,0,0,0.0,0.0,0,0,0.0,3394.83,1,0,0.0,24576.440000000002,3,1,0.3333333333333333,0
LGS2ORD0024220,C011071,2025-07-11 19:00:00,Female,36,Bronze,Web,Nakhon Ratchasima,1567,Web,PromptPay,19,7,4,0,30-40,52.233333333333334,3.0,0.0,0.0,-1,12,2024.9233333333334,0.23,0.3333333333333333,0.3333333333333333,0.0,0.0,0,0,0.0,2687.05,1,0,0.0,2687.05,1,0,0.0,6074.77,3,0,0.0,0
LGS2ORD0024221,C017639,2025-07-11 19:00:00,Female,49,Silver,Shopee,Remote_Area,950,CallCenter,COD,19,7,4,0,40-50,31.666666666666668,3.0,1.0,0.3333333333333333,169,69,1201.6066666666666,0.3,1.0,0.6666666666666666,0.0,0.0,0,0,0.0,0.0,0,0,0.0,1227.41,1,0,0.0,3604.8199999999997,3,1,0.3333333333333333,1
LGS2ORD0024222,C014954,2025-07-11 20:00:00,Female,57,Bronze,CallCenter,Phuket,902,Shopee,Bank_Transfer,20,7,4,0,>50,30.066666666666666,1.0,1.0,1.0,171,181,2120.09,0.13,1.0,0.0,0.0,0.0,0,0,0.0,0.0,0,0,0.0,0.0,0,0,0.0,2120.09,1,1,1.0,0
LGS2ORD0024223,C011589,2025-07-11 20:00:00,Male,43,Silver,TV,Chiang Mai,1375,TV_Show,Credit_Card,20,7,4,0,40-50,45.833333333333336,2.0,1.0,0.5,113,127,5740.295,0.25,0.5,0.5,0.0,0.0,0,0,0.0,0.0,0,0,0.0,0.0,0,0,0.0,11480.59,2,1,0.5,0
LGS2ORD0024224,C010531,2025-07-11 20:00:00,Male,42,Bronze,Shopee,Bangkok,1567,Shopee,COD,20,7,4,0,40-50,52.233333333333334,7.0,1.0,0.14285714285714285,169,52,8749.005714285713,0.28,0.7142857142857143,0.2857142857142857,0.0,0.0,0,0,0.0,0.0,0,0,0.0,462.33,1,0,0.0,61243.03999999999,7,1,0.14285714285714285,0
LGS2ORD0024225,C012234,2025-07-11 20:00:00,Other,35,Gold,TV,Bangkok,1100,TV_Show,COD,20,7,4,0,30-40,36.666666666666664,1.0,0.0,0.0,-1,9,2187.66,0.08,0.0,0.0,0.0,0.0,0,0,0.0,2187.66,1,0,0.0,2187.66,1,0,0.0,2187.66,1,0,0.0,0
LGS2ORD0024226,C011532,2025-07-11 20:00:00,Male,56,Bronze,Web,Phuket,1358,TV_Show,COD,20,7,4,0,>50,45.266666666666666,4.0,0.0,0.0,-1,80,4186.2725,0.18,0.75,0.0,0.0,0.0,0,0,0.0,0.0,0,0,0.0,2387.13,1,0,0.0,16745.09,4,0,0.0,0
LGS2ORD0024227,C014280,2025-07-11 20:00:00,Male,49,Bronze,TV,Chiang Mai,1291,TV_Show,PromptPay,20,7,4,0,40-50,43.03333333333333,1.0,0.0,0.0,-1,94,18681.57,0.28,0.0,1.0,0.0,0.0,0,0,0.0,0.0,0,0,0.0,0.0,0,0,0.0,18681.57,1,0,0.0,1
LGS2ORD0024228,C011001,2025-07-11 21:00:00,Male,57,Silver,TV,Nakhon Ratchasima,1329,TV_Show,Bank_Transfer,21,7,4,0,>50,44.3,2.0,1.0,0.5,19,25,6246.04,0.25,0.5,0.5,0.0,0.0,0,0,0.0,7202.87,1,1,1.0,7202.87,1,1,1.0,12492.08,2,1,0.5,0
LGS2ORD0024229,C017851,2025-07-11 21:00:00,Male,56,Silver,Shopee,Bangkok,723,CallCenter,Credit_Card,21,7,4,0,>50,24.1,2.0,1.0,0.5,138,85,2786.04,0.2,0.0,0.0,0.0,0.0,0,0,0.0,0.0,0,0,0.0,2694.64,1,0,0.0,5572.08,2,1,0.5,0
LGS2ORD0024230,C014162,2025-07-11 21:00:00,Female,47,Silver,TV,Chonburi,1016,CallCenter,COD,21,7,4,0,40-50,33.86666666666667,2.0,1.0,0.5,57,64,5715.8150000000005,0.1,0.0,0.0,0.0,0.0,0,0,0.0,0.0,0,0,0.0,8481.02,1,1,1.0,11431.630000000001,2,1,0.5,0
LGS2ORD0024231,C010940,2025-07-11 21:00:00,Female,45,Gold,Shopee,Chonburi,355,Shopee,Credit_Card,21,7,4,0,40-50,11.833333333333334,3.0,1.0,0.3333333333333333,148,76,3372.8733333333334,0.2299999999999999,0.6666666666666666,0.3333333333333333,0.0,0.0,0,0,0.0,0.0,0,0,0.0,5502.27,1,0,0.0,10118.62,3,1,0.3333333333333333,0
LGS2ORD0024232,C015142,2025-07-11 21:00:00,Female,27,Silver,CallCenter,Remote_Area,1029,Web,COD,21,7,4,0,20-30,34.3,6.0,3.0,0.5,110,6,2472.2016666666664,0.25,0.6666666666666666,0.5,0.0,215.06,1,0,0.0,215.06,1,0,0.0,215.06,1,0,0.0,14833.21,6,3,0.5,0
LGS2ORD0024233,C013723,2025-07-11 22:00:00,Male,23,Bronze,TV,Songkhla,619,Web,Credit_Card,22,7,4,0,20-30,20.633333333333333,7.0,2.0,0.2857142857142857,0,11,5030.01,0.28,0.42857142857142855,0.14285714285714285,0.0,0.0,0,0,0.0,4298.15,2,1,0.5,5198.52,3,2,0.6666666666666666,35210.07,7,2,0.2857142857142857,0
LGS2ORD0024234,C011152,2025-07-11 22:00:00,Female,18,Silver,Web,Bangkok,438,TV_Show,Bank_Transfer,22,7,4,0,<20,14.6,3.0,0.0,0.0,-1,105,2912.1133333333332,0.3,0.0,0.3333333333333333,0.0,0.0,0,0,0.0,0.0,0,0,0.0,0.0,0,0,0.0,8736.34,3,0,0.0,0
LGS2ORD0024235,C013930,2025-07-11 22:00:00,Male,34,Bronze,Shopee,Songkhla,1197,Web,Bank_Transfer,22,7,4,0,30-40,39.9,3.0,2.0,0.6666666666666666,87,56,4367.78,0.23,1.0,0.6666666666666666,0.0,0.0,0,0,0.0,0.0,0,0,0.0,8612.89,1,0,0.0,13103.34,3,2,0.6666666666666666,1
LGS2ORD0024236,C014359,2025-07-11 22:00:00,Female,25,Bronze,Shopee,Bangkok,1471,TV_Show,COD,22,7,4,0,20-30,49.03333333333333,3.0,1.0,0.3333333333333333,144,138,5033.746666666667,0.28,1.0,0.6666666666666666,0.0,0.0,0,0,0.0,0.0,0,0,0.0,0.0,0,0,0.0,15101.24,3,1,0.3333333333333333,0
LGS2ORD0024237,C012847,2025-07-11 22:00:00,Female,48,Silver,Shopee,Chiang Mai,1576,Shopee,Credit_Card,22,7,4,0,40-50,52.53333333333333,1.0,0.0,0.0,-1,176,4747.64,0.05,0.0,0.0,0.0,0.0,0,0,0.0,0.0,0,0,0.0,0.0,0,0,0.0,4747.64,1,0,0.0,0
LGS2ORD0024238,C012339,2025-07-11 23:00:00,Male,52,Bronze,TV,Phuket,823,Lazada,Bank_Transfer,23,7,4,0,>50,27.433333333333334,2.0,1.0,0.5,94,18,2181.35,0.18,1.0,0.0,0.0,0.0,0,0,0.0,3851.01,1,0,0.0,3851.01,1,0,0.0,4362.7,2,1,0.5,0
LGS2ORD0024239,C013240,2025-07-11 23:00:00,Male,62,Gold,TV,Songkhla,1443,CallCenter,PromptPay,23,7,4,0,>50,48.1,6.0,2.0,0.3333333333333333,63,30,8556.433333333334,0.33,0.3333333333333333,0.5,0.0,0.0,0,0,0.0,0.0,0,0,0.0,31618.260000000002,3,1,0.3333333333333333,51338.600000000006,6,2,0.3333333333333333,0
LGS2ORD0024240,C011605,2025-07-11 23:00:00,Male,45,Gold,Shopee,Bangkok,956,TV_Show,Credit_Card,23,7,4,0,40-50,31.866666666666667,1.0,0.0,0.0,-1,4,12685.76,0.2299999999999999,1.0,1.0,0.0,12685.76,1,0,0.0,12685.76,1,0,0.0,12685.76,1,0,0.0,12685.76,1,0,0.0,0
LGS2ORD0024241,C012218,2025-07-11 23:00:00,Female,57,Gold,Lazada,Chonburi,1222,TV_Show,Credit_Card,23,7,4,0,>50,40.733333333333334,0.0,0.0,0.0,-1,-1,0.0,0.0,0.0,0.0,0.0,0.0,0,0,0.0,0.0,0,0,0.0,0.0,0,0,0.0,0.0,0,0,0.0,0
LGS2ORD0024242,C014609,2025-07-11 23:00:00,Female,42,Bronze,Web,Khon Kaen,1029,TV_Show,COD,23,7,4,0,40-50,34.3,1.0,0.0,0.0,-1,169,4050.06,0.23,0.0,1.0,0.0,0.0,0,0,0.0,0.0,0,0,0.0,0.0,0,0,0.0,4050.06,1,0,0.0,0
LGS2ORD0024243,C016771,2025-07-12 00:00:00,Male,49,Bronze,Lazada,Chonburi,1198,TV_Show,COD,0,7,5,1,40-50,39.93333333333333,5.0,1.0,0.2,148,47,3449.3019999999997,0.23,0.4,0.6,0.0,0.0,0,0,0.0,0.0,0,0,0.0,7199.87,2,0,0.0,17246.51,5,1,0.2,1
LGS2ORD0024244,C017866,2025-07-12 00:00:00,Female,66,Bronze,Shopee,Chonburi,1627,TV_Show,PromptPay,0,7,5,1,>50,54.233333333333334,3.0,1.0,0.3333333333333333,127,8,5192.29,0.23,0.6666666666666666,0.3333333333333333,0.0,0.0,0,0,0.0,8677.07,1,0,0.0,13444.81,2,0,0.0,15576.869999999999,3,1,0.3333333333333333,1
LGS2ORD0024245,C010026,2025-07-12 00:00:00,Female,51,Bronze,Web,Bangkok,719,Web,COD,0,7,5,1,>50,23.966666666666665,6.0,2.0,0.3333333333333333,105,6,6287.471666666667,0.28,0.5,0.16666666666666666,0.0,3989.11,1,0,0.0,34056.48,4,0,0.0,34056.48,4,0,0.0,37724.83,6,2,0.3333333333333333,0
LGS2ORD0024246,C010021,2025-07-12 00:00:00,Male,29,Bronze,Shopee,Remote_Area,1235,Web,PromptPay,0,7,5,1,20-30,41.166666666666664,1.0,0.0,0.0,-1,180,1607.15,0.23,0.0,1.0,0.0,0.0,0,0,0.0,0.0,0,0,0.0,0.0,0,0,0.0,1607.15,1,0,0.0,1
LGS2ORD0024247,C017950,2025-07-12 00:00:00,Male,63,Bronze,Shopee,Chiang Mai,479,Web,Credit_Card,0,7,5,1,>50,15.966666666666667,4.0,1.0,0.25,112,18,3581.4700000000003,0.23,0.75,0.25,0.0,0.0,0,0,0.0,7231.77,1,0,0.0,12053.150000000001,2,0,0.0,14325.880000000001,4,1,0.25,0
LGS2ORD0024248,C012660,2025-07-12 00:00:00,Female,58,Bronze,TV,Songkhla,809,Shopee,PromptPay,0,7,5,1,>50,26.966666666666665,3.0,2.0,0.6666666666666666,66,69,4753.596666666667,0.18,0.6666666666666666,0.0,0.0,0.0,0,0,0.0,0.0,0,0,0.0,3514.73,1,1,1.0,14260.79,3,2,0.6666666666666666,0
LGS2ORD0024249,C015445,2025-07-12 01:00:00,Male,40,Platinum,Shopee,Chonburi,1606,Web,COD,1,7,5,1,30-40,53.53333333333333,3.0,0.0,0.0,-1,6,4723.186666666667,0.35,1.0,0.6666666666666666,0.0,3548.27,1,0,0.0,6582.530000000001,2,0,0.0,14169.560000000001,3,0,0.0,14169.560000000001,3,0,0.0,0
LGS2ORD0024250,C011293,2025-07-12 01:00:00,Female,47,Gold,Lazada,Bangkok,1522,Web,Bank_Transfer,1,7,5,1,40-50,50.733333333333334,3.0,1.0,0.3333333333333333,79,77,2070.08,0.28,0.3333333333333333,0.6666666666666666,0.0,0.0,0,0,0.0,0.0,0,0,0.0,3408.71,1,0,0.0,6210.24,3,1,0.3333333333333333,1
LGS2ORD0024251,C015076,2025-07-12 01:00:00,Female,43,Bronze,Shopee,Bangkok,344,Shopee,Bank_Transfer,1,7,5,1,40-50,11.466666666666667,0.0,0.0,0.0,-1,-1,0.0,0.0,0.0,0.0,0.0,0.0,0,0,0.0,0.0,0,0,0.0,0.0,0,0,0.0,0.0,0,0,0.0,0
LGS2ORD0024252,C012154,2025-07-12 01:00:00,Male,34,Platinum,Lazada,Songkhla,1104,Shopee,COD,1,7,5,1,30-40,36.8,1.0,0.0,0.0,-1,141,2040.0,0.15,1.0,0.0,0.0,0.0,0,0,0.0,0.0,0,0,0.0,0.0,0,0,0.0,2040.0,1,0,0.0,0
LGS2ORD0024253,C016338,2025-07-12 01:00:00,Female,33,Silver,Web,Chonburi,1310,TV_Show,Credit_Card,1,7,5,1,30-40,43.666666666666664,1.0,0.0,0.0,-1,42,3626.29,0.05,1.0,0.0,0.0,0.0,0,0,0.0,0.0,0,0,0.0,3626.29,1,0,0.0,3626.29,1,0,0.0,0
LGS2ORD0024254,C011698,2025-07-12 02:00:00,Female,32,Bronze,Lazada,Bangkok,857,Web,COD,2,7,5,1,30-40,28.566666666666666,3.0,0.0,0.0,-1,106,5312.033333333334,0.18,0.3333333333333333,0.0,0.0,0.0,0,0,0.0,0.0,0,0,0.0,0.0,0,0,0.0,15936.100000000002,3,0,0.0,0
LGS2ORD0024255,C016306,2025-07-12 02:00:00,Male,28,Bronze,TV,Phuket,1017,Shopee,COD,2,7,5,1,20-30,33.9,0.0,0.0,0.0,-1,-1,0.0,0.0,0.0,0.0,0.0,0.0,0,0,0.0,0.0,0,0,0.0,0.0,0,0,0.0,0.0,0,0,0.0,0
LGS2ORD0024256,C010918,2025-07-12 02:00:00,Male,62,Bronze,Lazada,Remote_Area,604,CallCenter,PromptPay,2,7,5,1,>50,20.133333333333333,2.0,1.0,0.5,44,56,9858.904999999999,0.13,1.0,0.0,0.0,0.0,0,0,0.0,0.0,0,0,0.0,19717.809999999998,2,1,0.5,19717.809999999998,2,1,0.5,0
LGS2ORD0024257,C016907,2025-07-12 02:00:00,Male,43,Gold,Lazada,Chonburi,974,Web,COD,2,7,5,1,40-50,32.46666666666667,4.0,2.0,0.5,-2,14,6561.3550000000005,0.28,0.5,0.5,0.0,0.0,0,0,0.0,3175.5,1,1,1.0,17030.11,2,1,0.5,26245.420000000002,4,2,0.5,1
LGS2ORD0024258,C010358,2025-07-12 02:00:00,Other,32,Bronze,Web,Bangkok,1543,Shopee,COD,2,7,5,1,30-40,51.43333333333333,1.0,0.0,0.0,-1,106,3082.77,0.28,0.0,1.0,0.0,0.0,0,0,0.0,0.0,0,0,0.0,0.0,0,0,0.0,3082.77,1,0,0.0,0
LGS2ORD0024259,C015295,2025-07-12 03:00:00,Female,27,Bronze,CallCenter,Bangkok,553,CallCenter,Credit_Card,3,7,5,1,20-30,18.433333333333334,8.0,0.0,0.0,-1,23,6772.68,0.28,0.625,0.375,0.0,0.0,0,0,0.0,4101.57,1,0,0.0,12950.34,2,0,0.0,54181.44,8,0,0.0,0
LGS2ORD0024260,C012652,2025-07-12 03:00:00,Female,35,Bronze,TV,Khon Kaen,557,Web,COD,3,7,5,1,30-40,18.566666666666666,4.0,0.0,0.0,-1,59,5767.344999999999,0.28,0.5,0.25,0.0,0.0,0,0,0.0,0.0,0,0,0.0,10302.47,2,0,0.0,23069.379999999997,4,0,0.0,0
LGS2ORD0024261,C017438,2025-07-12 03:00:00,Female,40,Bronze,Lazada,Songkhla,309,TV_Show,COD,3,7,5,1,30-40,10.3,2.0,2.0,1.0,-1,6,4074.365,0.23,1.0,1.0,0.0,7340.0,1,1,1.0,7340.0,1,1,1.0,8148.73,2,2,1.0,8148.73,2,2,1.0,0
LGS2ORD0024262,C010988,2025-07-12 03:00:00,Female,24,Platinum,Shopee,Bangkok,1061,Shopee,COD,3,7,5,1,20-30,35.36666666666667,2.0,0.0,0.0,-1,8,3190.12,0.1,0.0,0.0,0.0,0.0,0,0,0.0,4503.49,1,0,0.0,4503.49,1,0,0.0,6380.24,2,0,0.0,0
LGS2ORD0024263,C011310,2025-07-12 03:00:00,Female,43,Bronze,Shopee,Remote_Area,1619,CallCenter,COD,3,7,5,1,40-50,53.96666666666667,4.0,1.0,0.25,19,5,6095.5975,0.18,0.5,0.0,0.0,16536.11,1,0,0.0,18109.05,2,1,0.5,22404.2,3,1,0.3333333333333333,24382.39,4,1,0.25,0
LGS2ORD0024264,C016793,2025-07-12 04:00:00,Male,47,Silver,Lazada,Bangkok,350,Shopee,Credit_Card,4,7,5,1,40-50,11.666666666666666,1.0,0.0,0.0,-1,83,1657.12,0.15,0.0,0.0,0.0,0.0,0,0,0.0,0.0,0,0,0.0,1657.12,1,0,0.0,1657.12,1,0,0.0,0
LGS2ORD0024265,C017208,2025-07-12 04:00:00,Male,53,Silver,Shopee,Bangkok,727,CallCenter,COD,4,7,5,1,>50,24.233333333333334,5.0,1.0,0.2,173,30,9699.374,0.25,0.8,0.4,0.0,0.0,0,0,0.0,0.0,0,0,0.0,43063.1,3,0,0.0,48496.869999999995,5,1,0.2,1
LGS2ORD0024266,C017710,2025-07-12 04:00:00,Female,50,Bronze,CallCenter,Bangkok,769,Lazada,Credit_Card,4,7,5,1,40-50,25.633333333333333,3.0,1.0,0.3333333333333333,132,104,2582.286666666667,0.28,0.3333333333333333,0.3333333333333333,0.0,0.0,0,0,0.0,0.0,0,0,0.0,0.0,0,0,0.0,7746.860000000001,3,1,0.3333333333333333,0
LGS2ORD0024267,C014973,2025-07-12 04:00:00,Male,27,Silver,TV,Chiang Mai,1055,TV_Show,PromptPay,4,7,5,1,20-30,35.166666666666664,6.0,1.0,0.16666666666666666,70,32,2745.2816666666663,0.3,0.6666666666666666,0.3333333333333333,0.0,0.0,0,0,0.0,0.0,0,0,0.0,5494.98,3,1,0.3333333333333333,16471.69,6,1,0.16666666666666666,1
LGS2ORD0024268,C015097,2025-07-12 04:00:00,Male,46,Silver,Web,Bangkok,518,CallCenter,COD,4,7,5,1,40-50,17.266666666666666,5.0,2.0,0.4,16,7,9823.466,0.25,0.6,0.4,0.0,725.81,1,0,0.0,11564.66,3,1,0.3333333333333333,11564.66,3,1,0.3333333333333333,49117.33,5,2,0.4,1
LGS2ORD0024269,C011576,2025-07-12 04:00:00,Female,19,Bronze,Shopee,Songkhla,1364,Web,COD,4,7,5,1,<20,45.46666666666667,3.0,1.0,0.3333333333333333,116,66,3567.4,0.23,0.3333333333333333,0.3333333333333333,0.0,0.0,0,0,0.0,0.0,0,0,0.0,6038.37,1,0,0.0,10702.2,3,1,0.3333333333333333,0
LGS2ORD0024270,C013107,2025-07-12 05:00:00,Other,37,Silver,TV,Nakhon Ratchasima,1292,Lazada,COD,5,7,5,1,30-40,43.06666666666667,2.0,2.0,1.0,23,29,6477.76,0.25,1.0,0.5,0.0,0.0,0,0,0.0,1548.65,1,1,1.0,1548.65,1,1,1.0,12955.52,2,2,1.0,0
LGS2ORD0024271,C017882,2025-07-12 05:00:00,Female,46,Bronze,CallCenter,Khon Kaen,372,TV_Show,COD,5,7,5,1,40-50,12.4,2.0,0.0,0.0,-1,88,4807.435,0.13,0.5,0.0,0.0,0.0,0,0,0.0,0.0,0,0,0.0,1455.07,1,0,0.0,9614.87,2,0,0.0,0
LGS2ORD0024272,C011093,2025-07-12 05:00:00,Male,40,Silver,Shopee,Bangkok,1604,Lazada,Credit_Card,5,7,5,1,30-40,53.46666666666667,1.0,0.0,0.0,-1,151,6126.59,0.05,0.0,0.0,0.0,0.0,0,0,0.0,0.0,0,0,0.0,0.0,0,0,0.0,6126.59,1,0,0.0,0
LGS2ORD0024273,C015742,2025-07-12 05:00:00,Male,72,Gold,TV,Nakhon Ratchasima,411,CallCenter,COD,5,7,5,1,>50,13.7,1.0,1.0,1.0,154,167,5202.84,0.28,0.0,1.0,0.0,0.0,0,0,0.0,0.0,0,0,0.0,0.0,0,0,0.0,5202.84,1,1,1.0,0
LGS2ORD0024274,C013503,2025-07-12 05:00:00,Female,50,Gold,Lazada,Phuket,350,CallCenter,Credit_Card,5,7,5,1,40-50,11.666666666666666,5.0,2.0,0.4,50,53,7996.987999999999,0.28,0.6,0.8,0.0,0.0,0,0,0.0,0.0,0,0,0.0,33173.34,2,1,0.5,39984.939999999995,5,2,0.4,0
LGS2ORD0024275,C011154,2025-07-12 06:00:00,Male,18,Bronze,Web,Nakhon Ratchasima,1195,Lazada,COD,6,7,5,1,<20,39.833333333333336,2.0,0.0,0.0,-1,71,11709.485,0.18,0.0,0.0,0.0,0.0,0,0,0.0,0.0,0,0,0.0,16117.17,1,0,0.0,23418.97,2,0,0.0,0
LGS2ORD0024276,C016274,2025-07-12 06:00:00,Female,45,Gold,TV,Chiang Mai,850,Shopee,Bank_Transfer,6,7,5,1,40-50,28.333333333333332,1.0,0.0,0.0,-1,154,14084.98,0.2299999999999999,0.0,1.0,0.0,0.0,0,0,0.0,0.0,0,0,0.0,0.0,0,0,0.0,14084.98,1,0,0.0,0
LGS2ORD0024277,C014690,2025-07-12 06:00:00,Female,51,Bronze,TV,Remote_Area,1387,Lazada,Credit_Card,6,7,5,1,>50,46.233333333333334,1.0,1.0,1.0,176,188,3668.76,0.18,1.0,0.0,0.0,0.0,0,0,0.0,0.0,0,0,0.0,0.0,0,0,0.0,3668.76,1,1,1.0,0
LGS2ORD0024278,C012984,2025-07-12 06:00:00,Male,52,Bronze,TV,Remote_Area,1043,TV_Show,COD,6,7,5,1,>50,34.766666666666666,4.0,2.0,0.5,75,53,5141.197499999999,0.28,0.5,0.5,0.0,0.0,0,0,0.0,0.0,0,0,0.0,5711.62,2,1,0.5,20564.789999999997,4,2,0.5,1
LGS2ORD0024279,C016691,2025-07-12 06:00:00,Female,43,Silver,Web,Bangkok,991,Shopee,Bank_Transfer,6,7,5,1,40-50,33.03333333333333,1.0,0.0,0.0,-1,36,15675.05,0.2,0.0,0.0,0.0,0.0,0,0,0.0,0.0,0,0,0.0,15675.05,1,0,0.0,15675.05,1,0,0.0,0
LGS2ORD0024280,C016379,2025-07-12 07:00:00,Male,27,Gold,Shopee,Nakhon Ratchasima,1112,TV_Show,PromptPay,7,7,5,1,20-30,37.06666666666667,0.0,0.0,0.0,-1,-1,0.0,0.0,0.0,0.0,0.0,0.0,0,0,0.0,0.0,0,0,0.0,0.0,0,0,0.0,0.0,0,0,0.0,0
LGS2ORD0024281,C015362,2025-07-12 07:00:00,Female,44,Bronze,Lazada,Bangkok,652,Web,COD,7,7,5,1,40-50,21.733333333333334,6.0,2.0,0.3333333333333333,58,26,2084.3633333333332,0.28,0.5,0.5,0.0,0.0,0,0,0.0,2102.69,1,0,0.0,10114.64,4,2,0.5,12506.18,6,2,0.3333333333333333,0
LGS2ORD0024282,C016297,2025-07-12 07:00:00,Male,71,Bronze,TV,Songkhla,315,Web,COD,7,7,5,1,>50,10.5,3.0,0.0,0.0,-1,24,12895.12,0.23,0.6666666666666666,0.3333333333333333,0.0,0.0,0,0,0.0,8968.26,1,0,0.0,38685.36,3,0,0.0,38685.36,3,0,0.0,1
LGS2ORD0024283,C017869,2025-07-12 07:00:00,Male,43,Silver,TV,Songkhla,275,TV_Show,COD,7,7,5,1,40-50,9.166666666666666,5.0,0.0,0.0,-1,48,3279.1940000000004,0.3,0.4,0.4,0.0,0.0,0,0,0.0,0.0,0,0,0.0,15343.19,3,0,0.0,16395.97,5,0,0.0,1
LGS2ORD0024284,C012717,2025-07-12 07:00:00,Male,58,Bronze,Shopee,Chonburi,1450,Shopee,PromptPay,7,7,5,1,>50,48.333333333333336,8.0,2.0,0.25,0,13,5139.05875,0.23,0.5,0.25,0.0,0.0,0,0,0.0,13610.81,1,1,1.0,28914.82,4,1,0.25,41112.47,8,2,0.25,0
LGS2ORD0024285,C013852,2025-07-12 08:00:00,Male,51,Bronze,TV,Chonburi,1543,Web,PromptPay,8,7,5,1,>50,51.43333333333333,6.0,2.0,0.3333333333333333,124,22,2017.6349999999995,0.28,0.5,0.3333333333333333,0.0,0.0,0,0,0.0,896.32,1,0,0.0,3093.94,2,0,0.0,12105.809999999998,6,2,0.3333333333333333,0
LGS2ORD0024286,C015379,2025-07-12 08:00:00,Female,38,Bronze,Web,Chonburi,620,Lazada,COD,8,7,5,1,30-40,20.666666666666668,3.0,3.0,1.0,78,81,2516.0466666666666,0.23,1.0,0.3333333333333333,0.0,0.0,0,0,0.0,0.0,0,0,0.0,1473.38,1,1,1.0,7548.14,3,3,1.0,0
LGS2ORD0024287,C013213,2025-07-12 08:00:00,Female,53,Bronze,Web,Songkhla,1454,TV_Show,COD,8,7,5,1,>50,48.46666666666667,5.0,3.0,0.6,21,9,7331.401999999999,0.28,0.8,0.4,0.0,0.0,0,0,0.0,23140.289999999997,2,1,0.5,23140.289999999997,2,1,0.5,36657.009999999995,5,3,0.6,1
LGS2ORD0024288,C017686,2025-07-12 08:00:00,Female,42,Gold,Shopee,Khon Kaen,1179,Lazada,COD,8,7,5,1,40-50,39.3,1.0,0.0,0.0,-1,186,3365.2,0.13,0.0,0.0,0.0,0.0,0,0,0.0,0.0,0,0,0.0,0.0,0,0,0.0,3365.2,1,0,0.0,1
LGS2ORD0024289,C015672,2025-07-12 08:00:00,Female,44,Bronze,CallCenter,Khon Kaen,1277,Lazada,COD,8,7,5,1,40-50,42.56666666666667,4.0,1.0,0.25,129,43,11833.905,0.18,0.5,0.0,0.0,0.0,0,0,0.0,0.0,0,0,0.0,12163.23,2,0,0.0,47335.62,4,1,0.25,0
LGS2ORD0024290,C015407,2025-07-12 08:00:00,Female,56,Gold,Lazada,Songkhla,756,TV_Show,PromptPay,8,7,5,1,>50,25.2,5.0,1.0,0.2,173,3,3123.9640000000004,0.28,0.6,0.6,0.0,3480.81,1,0,0.0,3480.81,1,0,0.0,3480.81,1,0,0.0,15619.820000000002,5,1,0.2,1
LGS2ORD0024291,C015970,2025-07-12 09:00:00,Male,31,Gold,Web,Bangkok,1108,Lazada,COD,9,7,5,1,30-40,36.93333333333333,4.0,1.0,0.25,54,22,3486.01,0.28,0.5,0.5,0.0,0.0,0,0,0.0,326.07,1,0,0.0,834.5,2,1,0.5,13944.04,4,1,0.25,0
LGS2ORD0024292,C015901,2025-07-12 09:00:00,Female,54,Gold,Shopee,Khon Kaen,259,Shopee,Credit_Card,9,7,5,1,>50,8.633333333333333,4.0,0.0,0.0,-1,22,1901.9375000000002,0.33,0.75,0.5,0.0,0.0,0,0,0.0,387.43,1,0,0.0,4806.700000000001,2,0,0.0,7607.750000000001,4,0,0.0,0
LGS2ORD0024293,C011645,2025-07-12 09:00:00,Male,52,Gold,Web,Chonburi,667,Web,Bank_Transfer,9,7,5,1,>50,22.233333333333334,1.0,1.0,1.0,0,10,5909.93,0.13,1.0,0.0,0.0,0.0,0,0,0.0,5909.93,1,1,1.0,5909.93,1,1,1.0,5909.93,1,1,1.0,0
LGS2ORD0024294,C015278,2025-07-12 09:00:00,Male,28,Gold,TV,Bangkok,923,TV_Show,COD,9,7,5,1,20-30,30.766666666666666,5.0,0.0,0.0,-1,55,3000.228,0.33,0.6,0.6,0.0,0.0,0,0,0.0,0.0,0,0,0.0,552.95,1,0,0.0,15001.140000000001,5,0,0.0,0
LGS2ORD0024295,C015734,2025-07-12 09:00:00,Male,35,Bronze,Web,Chiang Mai,792,CallCenter,Credit_Card,9,7,5,1,30-40,26.4,3.0,0.0,0.0,-1,38,3585.8033333333333,0.23,0.0,0.3333333333333333,0.0,0.0,0,0,0.0,0.0,0,0,0.0,6994.78,2,0,0.0,10757.41,3,0,0.0,0
LGS2ORD0024296,C013245,2025-07-12 10:00:00,Male,43,Bronze,TV,Songkhla,1336,Lazada,COD,10,7,5,1,40-50,44.53333333333333,3.0,2.0,0.6666666666666666,132,134,4546.796666666666,0.08,1.0,0.0,0.0,0.0,0,0,0.0,0.0,0,0,0.0,0.0,0,0,0.0,13640.39,3,2,0.6666666666666666,1
LGS2ORD0024297,C011791,2025-07-12 10:00:00,Male,55,Bronze,Lazada,Chiang Mai,486,Web,COD,10,7,5,1,>50,16.2,2.0,0.0,0.0,-1,92,10002.974999999999,0.18,0.5,0.0,0.0,0.0,0,0,0.0,0.0,0,0,0.0,0.0,0,0,0.0,20005.949999999997,2,0,0.0,0
LGS2ORD0024298,C012603,2025-07-12 10:00:00,Male,34,Silver,Web,Bangkok,707,Lazada,Credit_Card,10,7,5,1,30-40,23.566666666666666,1.0,0.0,0.0,-1,59,2793.35,0.15,0.0,0.0,0.0,0.0,0,0,0.0,0.0,0,0,0.0,2793.35,1,0,0.0,2793.35,1,0,0.0,0
LGS2ORD0024299,C010225,2025-07-12 10:00:00,Female,70,Bronze,Shopee,Songkhla,1470,CallCenter,COD,10,7,5,1,>50,49.0,3.0,2.0,0.6666666666666666,-5,7,4593.876666666667,0.28,0.3333333333333333,0.3333333333333333,0.0,0.0,0,0,0.0,9268.35,1,1,1.0,9268.35,1,1,1.0,13781.630000000001,3,2,0.6666666666666666,1
LGS2ORD0024300,C010083,2025-07-12 10:00:00,Male,45,Gold,TV,Khon Kaen,347,Shopee,Credit_Card,10,7,5,1,40-50,11.566666666666666,5.0,1.0,0.2,114,71,4162.446,0.2299999999999999,0.6,0.2,0.0,0.0,0,0,0.0,0.0,0,0,0.0,689.0,1,0,0.0,20812.23,5,1,0.2,0
LGS2ORD0024301,C011225,2025-07-12 11:00:00,Female,34,Silver,Web,Chonburi,328,Shopee,COD,11,7,5,1,30-40,10.933333333333334,4.0,1.0,0.25,45,16,11893.95,0.3,0.75,0.25,0.0,0.0,0,0,0.0,5142.76,1,0,0.0,6542.8,2,1,0.5,47575.8,4,1,0.25,0
LGS2ORD0024302,C017345,2025-07-12 11:00:00,Male,47,Bronze,Lazada,Nakhon Ratchasima,1111,CallCenter,COD,11,7,5,1,40-50,37.03333333333333,4.0,1.0,0.25,129,16,6549.289999999999,0.28,0.75,0.25,0.0,0.0,0,0,0.0,4402.92,1,0,0.0,4402.92,1,0,0.0,26197.159999999996,4,1,0.25,0
LGS2ORD0024303,C014334,2025-07-12 11:00:00,Female,34,Gold,Web,Chonburi,1440,TV_Show,PromptPay,11,7,5,1,30-40,48.0,1.0,0.0,0.0,-1,110,4356.17,0.2299999999999999,1.0,1.0,0.0,0.0,0,0,0.0,0.0,0,0,0.0,0.0,0,0,0.0,4356.17,1,0,0.0,0
LGS2ORD0024304,C015851,2025-07-12 11:00:00,Female,18,Bronze,Lazada,Chiang Mai,828,Web,Credit_Card,11,7,5,1,<20,27.6,1.0,1.0,1.0,-8,3,3777.55,0.08,1.0,0.0,0.0,3777.55,1,1,1.0,3777.55,1,1,1.0,3777.55,1,1,1.0,3777.55,1,1,1.0,0
LGS2ORD0024305,C015819,2025-07-12 11:00:00,Female,29,Bronze,TV,Bangkok,523,Shopee,Credit_Card,11,7,5,1,20-30,17.433333333333334,3.0,0.0,0.0,-1,25,1254.87,0.08,0.6666666666666666,0.0,0.0,0.0,0,0,0.0,2440.02,1,0,0.0,3117.33,2,0,0.0,3764.6099999999997,3,0,0.0,0
LGS2ORD0024306,C016285,2025-07-12 12:00:00,Male,71,Bronze,Shopee,Bangkok,1544,Shopee,Bank_Transfer,12,7,5,1,>50,51.46666666666667,5.0,2.0,0.4,36,1,7087.24,0.28,0.6,0.4,0.0,3694.38,1,0,0.0,3694.38,1,0,0.0,9280.89,2,1,0.5,35436.2,5,2,0.4,0
LGS2ORD0024307,C010079,2025-07-12 12:00:00,Male,41,Bronze,Web,Khon Kaen,1160,TV_Show,Bank_Transfer,12,7,5,1,40-50,38.666666666666664,4.0,1.0,0.25,47,20,25377.445000000003,0.18,0.75,0.0,0.0,0.0,0,0,0.0,18287.52,1,0,0.0,96673.77,3,1,0.3333333333333333,101509.78000000001,4,1,0.25,0
LGS2ORD0024308,C016527,2025-07-12 12:00:00,Female,55,Gold,Web,Khon Kaen,891,Shopee,COD,12,7,5,1,>50,29.7,5.0,1.0,0.2,165,64,6357.17,0.33,0.2,0.4,0.0,0.0,0,0,0.0,0.0,0,0,0.0,21281.03,1,0,0.0,31785.85,5,1,0.2,0
LGS2ORD0024309,C010158,2025-07-12 12:00:00,Male,31,Silver,Web,Remote_Area,1546,CallCenter,COD,12,7,5,1,30-40,51.53333333333333,3.0,1.0,0.3333333333333333,105,40,5613.349999999999,0.1,0.6666666666666666,0.0,0.0,0.0,0,0,0.0,0.0,0,0,0.0,8404.97,2,0,0.0,16840.05,3,1,0.3333333333333333,0
LGS2ORD0024310,C015686,2025-07-12 12:00:00,Male,61,Bronze,Web,Phuket,235,Shopee,PromptPay,12,7,5,1,>50,7.833333333333333,4.0,2.0,0.5,5,9,5232.237499999999,0.18,0.5,0.0,0.0,0.0,0,0,0.0,9125.32,2,1,0.5,12249.21,3,2,0.6666666666666666,20928.949999999997,4,2,0.5,0
LGS2ORD0024311,C013154,2025-07-12 12:00:00,Female,54,Gold,Lazada,Phuket,1196,CallCenter,COD,12,7,5,1,>50,39.86666666666667,3.0,3.0,1.0,25,33,3399.913333333334,0.28,0.6666666666666666,0.6666666666666666,0.0,0.0,0,0,0.0,0.0,0,0,0.0,4699.1900000000005,2,2,1.0,10199.740000000002,3,3,1.0,0
LGS2ORD0024312,C010725,2025-07-12 13:00:00,Female,41,Gold,TV,Bangkok,1494,CallCenter,Credit_Card,13,7,5,1,40-50,49.8,2.0,0.0,0.0,-1,43,3041.01,0.18,1.0,0.0,0.0,0.0,0,0,0.0,0.0,0,0,0.0,3863.12,1,0,0.0,6082.02,2,0,0.0,0
LGS2ORD0024313,C016683,2025-07-12 13:00:00,Female,31,Silver,Lazada,Chonburi,364,Lazada,PromptPay,13,7,5,1,30-40,12.133333333333333,4.0,2.0,0.5,52,60,8421.285,0.25,0.25,0.25,0.0,0.0,0,0,0.0,0.0,0,0,0.0,7401.14,1,1,1.0,33685.14,4,2,0.5,0
LGS2ORD0024314,C010021,2025-07-12 13:00:00,Male,29,Bronze,Shopee,Remote_Area,1235,Web,PromptPay,13,7,5,1,20-30,41.166666666666664,2.0,1.0,0.5,-12,0,3402.205,0.28,0.0,1.0,0.0,5197.26,1,1,1.0,5197.26,1,1,1.0,5197.26,1,1,1.0,6804.41,2,1,0.5,1
LGS2ORD0024315,C012888,2025-07-12 13:00:00,Female,45,Silver,TV,Bangkok,429,TV_Show,Credit_Card,13,7,5,1,40-50,14.3,4.0,0.0,0.0,-1,74,2615.3575,0.3,0.75,0.75,0.0,0.0,0,0,0.0,0.0,0,0,0.0,2874.5,1,0,0.0,10461.43,4,0,0.0,0
LGS2ORD0024316,C017032,2025-07-12 13:00:00,Female,36,Bronze,CallCenter,Nakhon Ratchasima,856,CallCenter,COD,13,7,5,1,30-40,28.533333333333335,4.0,1.0,0.25,49,54,4721.3099999999995,0.28,1.0,0.5,0.0,0.0,0,0,0.0,0.0,0,0,0.0,14952.45,3,1,0.3333333333333333,18885.239999999998,4,1,0.25,0
LGS2ORD0024317,C013882,2025-07-12 14:00:00,Female,40,Silver,Lazada,Bangkok,992,Shopee,COD,14,7,5,1,30-40,33.06666666666667,4.0,2.0,0.5,25,33,3215.8075,0.25,0.5,0.5,0.0,0.0,0,0,0.0,0.0,0,0,0.0,4799.42,3,2,0.6666666666666666,12863.23,4,2,0.5,0
LGS2ORD0024318,C012149,2025-07-12 14:00:00,Male,52,Gold,Lazada,Bangkok,883,Web,COD,14,7,5,1,>50,29.433333333333334,2.0,2.0,1.0,135,145,1057.275,0.33,0.0,0.5,0.0,0.0,0,0,0.0,0.0,0,0,0.0,0.0,0,0,0.0,2114.55,2,2,1.0,0
LGS2ORD0024319,C017476,2025-07-12 14:00:00,Female,61,Silver,TV,Nakhon Ratchasima,477,CallCenter,Credit_Card,14,7,5,1,>50,15.9,5.0,0.0,0.0,-1,58,7519.232000000001,0.3,0.6,0.2,0.0,0.0,0,0,0.0,0.0,0,0,0.0,11647.46,2,0,0.0,37596.16,5,0,0.0,0
LGS2ORD0024320,C017102,2025-07-12 14:00:00,Female,18,Gold,TV,Remote_Area,1443,Lazada,COD,14,7,5,1,<20,48.1,4.0,2.0,0.5,79,58,1562.6450000000002,0.2299999999999999,0.5,0.25,0.0,0.0,0,0,0.0,0.0,0,0,0.0,2232.45,2,0,0.0,6250.580000000001,4,2,0.5,1
LGS2ORD0024321,C012679,2025-07-12 14:00:00,Male,46,Silver,Lazada,Khon Kaen,1418,Shopee,Credit_Card,14,7,5,1,40-50,47.266666666666666,7.0,1.0,0.14285714285714285,90,12,5109.547142857143,0.3,0.5714285714285714,0.42857142857142855,0.0,0.0,0,0,0.0,10369.630000000001,2,0,0.0,10369.630000000001,2,0,0.0,35766.83,7,1,0.14285714285714285,0
LGS2ORD0024322,C011091,2025-07-12 15:00:00,Female,45,Silver,TV,Khon Kaen,736,Web,COD,15,7,5,1,40-50,24.533333333333335,2.0,0.0,0.0,-1,17,6169.205,0.1,0.0,0.0,0.0,0.0,0,0,0.0,10616.54,1,0,0.0,10616.54,1,0,0.0,12338.41,2,0,0.0,0
LGS2ORD0024323,C011301,2025-07-12 15:00:00,Female,35,Gold,TV,Nakhon Ratchasima,322,Shopee,COD,15,7,5,1,30-40,10.733333333333333,2.0,0.0,0.0,-1,5,5769.115,0.28,0.5,1.0,0.0,7301.47,1,0,0.0,7301.47,1,0,0.0,11538.23,2,0,0.0,11538.23,2,0,0.0,0
LGS2ORD0024324,C011680,2025-07-12 15:00:00,Female,30,Bronze,Web,Chiang Mai,399,Shopee,COD,15,7,5,1,20-30,13.3,3.0,0.0,0.0,-1,31,3702.8700000000003,0.18,0.3333333333333333,0.0,0.0,0.0,0,0,0.0,0.0,0,0,0.0,11108.61,3,0,0.0,11108.61,3,0,0.0,0
LGS2ORD0024325,C017830,2025-07-12 15:00:00,Male,50,Bronze,CallCenter,Phuket,1469,TV_Show,Credit_Card,15,7,5,1,40-50,48.96666666666667,5.0,3.0,0.6,62,80,9653.960000000001,0.23,0.8,0.2,0.0,0.0,0,0,0.0,0.0,0,0,0.0,2121.36,1,1,1.0,48269.8,5,3,0.6,0
LGS2ORD0024326,C012126,2025-07-12 15:00:00,Female,45,Gold,TV,Phuket,1361,Web,Bank_Transfer,15,7,5,1,40-50,45.36666666666667,0.0,0.0,0.0,-1,-1,0.0,0.0,0.0,0.0,0.0,0.0,0,0,0.0,0.0,0,0,0.0,0.0,0,0,0.0,0.0,0,0,0.0,0
LGS2ORD0024327,C014392,2025-07-12 15:00:00,Female,39,Bronze,TV,Nakhon Ratchasima,432,Shopee,COD,15,7,5,1,30-40,14.4,2.0,0.0,0.0,-1,28,4835.695,0.18,0.0,0.0,0.0,0.0,0,0,0.0,4042.67,1,0,0.0,4042.67,1,0,0.0,9671.39,2,0,0.0,0
LGS2ORD0024328,C012829,2025-07-12 16:00:00,Female,72,Silver,TV,Bangkok,1023,CallCenter,COD,16,7,5,1,>50,34.1,9.0,4.0,0.4444444444444444,44,19,5534.793333333333,0.25,0.6666666666666666,0.2222222222222222,0.0,0.0,0,0,0.0,1157.78,1,0,0.0,7492.07,3,2,0.6666666666666666,49813.14,9,4,0.4444444444444444,0
LGS2ORD0024329,C012577,2025-07-12 16:00:00,Male,60,Gold,TV,Chonburi,1226,Web,Credit_Card,16,7,5,1,>50,40.86666666666667,4.0,1.0,0.25,-4,1,3889.9025,0.33,0.25,0.5,0.0,1384.7,1,0,0.0,15559.61,4,1,0.25,15559.61,4,1,0.25,15559.61,4,1,0.25,0
LGS2ORD0024330,C010485,2025-07-12 16:00:00,Female,41,Silver,Shopee,Bangkok,1179,CallCenter,PromptPay,16,7,5,1,40-50,39.3,1.0,0.0,0.0,-1,121,9184.99,0.25,0.0,1.0,0.0,0.0,0,0,0.0,0.0,0,0,0.0,0.0,0,0,0.0,9184.99,1,0,0.0,1
LGS2ORD0024331,C015337,2025-07-12 16:00:00,Female,41,Bronze,TV,Chonburi,407,TV_Show,COD,16,7,5,1,40-50,13.566666666666666,5.0,0.0,0.0,-1,4,10180.494000000002,0.28,0.4,0.2,0.0,495.23,1,0,0.0,495.23,1,0,0.0,37772.97000000001,3,0,0.0,50902.47000000001,5,0,0.0,1
LGS2ORD0024332,C011718,2025-07-12 16:00:00,Female,45,Gold,CallCenter,Bangkok,1584,Shopee,COD,16,7,5,1,40-50,52.8,5.0,1.0,0.2,28,33,4081.7880000000005,0.28,0.4,0.2,0.0,0.0,0,0,0.0,0.0,0,0,0.0,5928.97,2,1,0.5,20408.940000000002,5,1,0.2,0
LGS2ORD0024333,C015804,2025-07-12 17:00:00,Female,32,Gold,Lazada,Khon Kaen,940,Web,Credit_Card,17,7,5,1,30-40,31.333333333333332,6.0,1.0,0.16666666666666666,116,42,6639.544999999998,0.33,0.16666666666666666,0.5,0.0,0.0,0,0,0.0,0.0,0,0,0.0,7978.629999999999,2,0,0.0,39837.26999999999,6,1,0.16666666666666666,0
LGS2ORD0024334,C012511,2025-07-12 17:00:00,Female,52,Silver,CallCenter,Bangkok,1298,Lazada,PromptPay,17,7,5,1,>50,43.266666666666666,0.0,0.0,0.0,-1,-1,0.0,0.0,0.0,0.0,0.0,0.0,0,0,0.0,0.0,0,0,0.0,0.0,0,0,0.0,0.0,0,0,0.0,0
LGS2ORD0024335,C013523,2025-07-12 17:00:00,Female,45,Gold,TV,Phuket,885,Web,PromptPay,17,7,5,1,40-50,29.5,4.0,0.0,0.0,-1,62,5276.9275,0.13,0.0,0.0,0.0,0.0,0,0,0.0,0.0,0,0,0.0,2026.41,2,0,0.0,21107.71,4,0,0.0,0
LGS2ORD0024336,C013654,2025-07-12 17:00:00,Male,38,Bronze,Lazada,Songkhla,1558,TV_Show,Credit_Card,17,7,5,1,30-40,51.93333333333333,3.0,0.0,0.0,-1,39,5881.893333333333,0.28,1.0,0.3333333333333333,0.0,0.0,0,0,0.0,0.0,0,0,0.0,11620.119999999999,2,0,0.0,17645.68,3,0,0.0,0
LGS2ORD0024337,C011592,2025-07-12 17:00:00,Male,25,Bronze,Shopee,Remote_Area,329,Shopee,COD,17,7,5,1,20-30,10.966666666666667,3.0,0.0,0.0,-1,31,16189.136666666667,0.28,1.0,0.3333333333333333,0.0,0.0,0,0,0.0,0.0,0,0,0.0,47981.72,2,0,0.0,48567.41,3,0,0.0,1
LGS2ORD0024338,C010729,2025-07-12 18:00:00,Female,38,Silver,Web,Chiang Mai,889,Shopee,COD,18,7,5,1,30-40,29.633333333333333,2.0,1.0,0.5,168,178,3764.27,0.3,0.5,0.5,0.0,0.0,0,0,0.0,0.0,0,0,0.0,0.0,0,0,0.0,7528.54,2,1,0.5,0
LGS2ORD0024339,C010277,2025-07-12 18:00:00,Female,62,Platinum,TV,Chiang Mai,478,CallCenter,Credit_Card,18,7,5,1,>50,15.933333333333334,0.0,0.0,0.0,-1,-1,0.0,0.0,0.0,0.0,0.0,0.0,0,0,0.0,0.0,0,0,0.0,0.0,0,0,0.0,0.0,0,0,0.0,0
LGS2ORD0024340,C012786,2025-07-12 18:00:00,Male,26,Gold,Web,Chiang Mai,369,TV_Show,COD,18,7,5,1,20-30,12.3,4.0,1.0,0.25,-3,4,5300.32,0.33,0.5,0.75,0.0,2538.27,1,1,1.0,2538.27,1,1,1.0,5699.02,2,1,0.5,21201.28,4,1,0.25,0
LGS2ORD0024341,C013305,2025-07-12 18:00:00,Female,38,Bronze,Shopee,Chonburi,1464,Shopee,COD,18,7,5,1,30-40,48.8,5.0,1.0,0.2,116,69,2493.2599999999998,0.23,0.4,0.2,0.0,0.0,0,0,0.0,0.0,0,0,0.0,410.73,1,0,0.0,12466.3,5,1,0.2,0
LGS2ORD0024342,C017438,2025-07-12 18:00:00,Female,40,Bronze,Lazada,Songkhla,309,Lazada,Bank_Transfer,18,7,5,1,30-40,10.3,3.0,2.0,0.6666666666666666,-1,0,2999.84,0.23,1.0,0.6666666666666666,0.0,8190.79,2,1,0.5,8190.79,2,1,0.5,8999.52,3,2,0.6666666666666666,8999.52,3,2,0.6666666666666666,0
LGS2ORD0024343,C017800,2025-07-12 19:00:00,Female,38,Silver,Lazada,Bangkok,1546,CallCenter,COD,19,7,5,1,30-40,51.53333333333333,4.0,0.0,0.0,-1,126,12003.79,0.2,0.25,0.0,0.0,0.0,0,0,0.0,0.0,0,0,0.0,0.0,0,0,0.0,48015.16,4,0,0.0,0
LGS2ORD0024344,C017481,2025-07-12 19:00:00,Male,54,Bronze,Shopee,Nakhon Ratchasima,402,TV_Show,Credit_Card,19,7,5,1,>50,13.4,3.0,0.0,0.0,-1,89,2000.5366666666669,0.18,0.6666666666666666,0.0,0.0,0.0,0,0,0.0,0.0,0,0,0.0,1431.09,1,0,0.0,6001.610000000001,3,0,0.0,0
LGS2ORD0024345,C013423,2025-07-12 19:00:00,Female,44,Gold,TV,Songkhla,1617,Lazada,COD,19,7,5,1,40-50,53.9,1.0,0.0,0.0,-1,56,5735.0,0.28,1.0,1.0,0.0,0.0,0,0,0.0,0.0,0,0,0.0,5735.0,1,0,0.0,5735.0,1,0,0.0,0
LGS2ORD0024346,C017028,2025-07-12 19:00:00,Female,55,Bronze,TV,Khon Kaen,580,Web,Credit_Card,19,7,5,1,>50,19.333333333333332,4.0,0.0,0.0,-1,11,3280.7175,0.28,0.25,0.75,0.0,0.0,0,0,0.0,10351.37,1,0,0.0,10891.02,2,0,0.0,13122.87,4,0,0.0,0
LGS2ORD0024347,C015760,2025-07-12 19:00:00,Male,60,Bronze,CallCenter,Khon Kaen,266,Web,PromptPay,19,7,5,1,>50,8.866666666666667,3.0,0.0,0.0,-1,52,3875.4,0.23,0.6666666666666666,0.3333333333333333,0.0,0.0,0,0,0.0,0.0,0,0,0.0,10264.18,2,0,0.0,11626.2,3,0,0.0,0
LGS2ORD0024348,C015786,2025-07-12 19:00:00,Male,52,Bronze,TV,Chiang Mai,1502,Shopee,Credit_Card,19,7,5,1,>50,50.06666666666667,1.0,0.0,0.0,-1,21,5204.73,0.03,1.0,0.0,0.0,0.0,0,0,0.0,5204.73,1,0,0.0,5204.73,1,0,0.0,5204.73,1,0,0.0,0
LGS2ORD0024349,C012101,2025-07-12 20:00:00,Female,62,Bronze,CallCenter,Songkhla,216,Shopee,PromptPay,20,7,5,1,>50,7.2,1.0,1.0,1.0,98,111,16630.07,0.08,0.0,0.0,0.0,0.0,0,0,0.0,0.0,0,0,0.0,0.0,0,0,0.0,16630.07,1,1,1.0,0
LGS2ORD0024350,C017176,2025-07-12 20:00:00,Female,43,Bronze,Shopee,Remote_Area,568,Lazada,COD,20,7,5,1,40-50,18.933333333333334,3.0,1.0,0.3333333333333333,-4,8,3629.3800000000006,0.18,0.3333333333333333,0.0,0.0,0.0,0,0,0.0,7365.95,2,1,0.5,7365.95,2,1,0.5,10888.140000000001,3,1,0.3333333333333333,0
LGS2ORD0024351,C012348,2025-07-12 20:00:00,Female,36,Bronze,CallCenter,Bangkok,644,Shopee,PromptPay,20,7,5,1,30-40,21.466666666666665,5.0,0.0,0.0,-1,13,4330.978000000001,0.28,1.0,0.2,0.0,0.0,0,0,0.0,1425.09,1,0,0.0,5354.74,2,0,0.0,21654.890000000003,5,0,0.0,0
LGS2ORD0024352,C015681,2025-07-12 20:00:00,Female,33,Silver,Lazada,Chonburi,1554,Web,COD,20,7,5,1,30-40,51.8,0.0,0.0,0.0,-1,-1,0.0,0.0,0.0,0.0,0.0,0.0,0,0,0.0,0.0,0,0,0.0,0.0,0,0,0.0,0.0,0,0,0.0,0
LGS2ORD0024353,C017221,2025-07-12 20:00:00,Female,29,Gold,Shopee,Bangkok,1539,Shopee,Credit_Card,20,7,5,1,20-30,51.3,5.0,1.0,0.2,30,33,10924.255999999998,0.28,0.2,0.6,0.0,0.0,0,0,0.0,0.0,0,0,0.0,38890.969999999994,3,1,0.3333333333333333,54621.27999999999,5,1,0.2,0
LGS2ORD0024354,C010419,2025-07-12 21:00:00,Male,37,Bronze,CallCenter,Songkhla,1371,Web,COD,21,7,5,1,30-40,45.7,4.0,2.0,0.5,36,41,11384.300000000001,0.23,0.25,0.25,0.0,0.0,0,0,0.0,0.0,0,0,0.0,25910.02,3,2,0.6666666666666666,45537.200000000004,4,2,0.5,1
LGS2ORD0024355,C017112,2025-07-12 21:00:00,Other,47,Silver,Web,Nakhon Ratchasima,1276,Web,COD,21,7,5,1,40-50,42.53333333333333,0.0,0.0,0.0,-1,-1,0.0,0.0,0.0,0.0,0.0,0.0,0,0,0.0,0.0,0,0,0.0,0.0,0,0,0.0,0.0,0,0,0.0,0
LGS2ORD0024356,C016173,2025-07-12 21:00:00,Female,45,Gold,TV,Remote_Area,1202,TV_Show,COD,21,7,5,1,40-50,40.06666666666667,6.0,1.0,0.16666666666666666,86,6,4966.628333333333,0.2299999999999999,0.5,0.3333333333333333,0.0,2668.51,1,0,0.0,2668.51,1,0,0.0,7000.200000000001,3,0,0.0,29799.769999999997,6,1,0.16666666666666666,0
LGS2ORD0024357,C016316,2025-07-12 21:00:00,Male,51,Silver,Lazada,Chiang Mai,948,CallCenter,COD,21,7,5,1,>50,31.6,5.0,0.0,0.0,-1,7,4709.924000000001,0.3,0.6,0.2,0.0,0.0,0,0,0.0,18896.960000000003,2,0,0.0,18896.960000000003,2,0,0.0,23549.620000000003,5,0,0.0,0
LGS2ORD0024358,C016859,2025-07-12 21:00:00,Male,50,Silver,Shopee,Phuket,1194,Web,COD,21,7,5,1,40-50,39.8,5.0,2.0,0.4,11,16,3982.392,0.25,0.4,0.4,0.0,0.0,0,0,0.0,12404.919999999998,2,1,0.5,12404.919999999998,2,1,0.5,19911.96,5,2,0.4,0
LGS2ORD0024359,C013249,2025-07-12 22:00:00,Female,63,Bronze,Web,Bangkok,591,Shopee,Credit_Card,22,7,5,1,>50,19.7,5.0,2.0,0.4,8,20,2892.05,0.18,0.8,0.0,0.0,0.0,0,0,0.0,5949.209999999999,2,2,1.0,10186.3,3,2,0.6666666666666666,14460.25,5,2,0.4,0
LGS2ORD0024360,C013982,2025-07-12 22:00:00,Female,39,Silver,Shopee,Nakhon Ratchasima,1574,TV_Show,Bank_Transfer,22,7,5,1,30-40,52.46666666666667,4.0,3.0,0.75,35,1,7458.5725,0.3,0.75,0.25,0.0,1099.33,1,0,0.0,1099.33,1,0,0.0,27942.33,3,2,0.6666666666666666,29834.29,4,3,0.75,0
LGS2ORD0024361,C014473,2025-07-12 22:00:00,Female,47,Gold,Shopee,Bangkok,545,Shopee,PromptPay,22,7,5,1,40-50,18.166666666666668,1.0,0.0,0.0,-1,160,3449.81,0.08,0.0,0.0,0.0,0.0,0,0,0.0,0.0,0,0,0.0,0.0,0,0,0.0,3449.81,1,0,0.0,0
LGS2ORD0024362,C010134,2025-07-12 22:00:00,Female,29,Bronze,CallCenter,Khon Kaen,1124,Lazada,Credit_Card,22,7,5,1,20-30,37.46666666666667,3.0,2.0,0.6666666666666666,136,36,1739.54,0.13,1.0,0.0,0.0,0.0,0,0,0.0,0.0,0,0,0.0,1593.33,1,0,0.0,5218.62,3,2,0.6666666666666666,1
LGS2ORD0024363,C014831,2025-07-12 22:00:00,Female,38,Bronze,Shopee,Remote_Area,757,Lazada,PromptPay,22,7,5,1,30-40,25.233333333333334,5.0,4.0,0.8,68,83,4956.5019999999995,0.28,0.4,0.2,0.0,0.0,0,0,0.0,0.0,0,0,0.0,879.94,1,1,1.0,24782.51,5,4,0.8,0
LGS2ORD0024364,C014928,2025-07-12 23:00:00,Male,58,Bronze,Shopee,Bangkok,1527,Lazada,COD,23,7,5,1,>50,50.9,3.0,0.0,0.0,-1,72,2002.0366666666666,0.23,0.6666666666666666,0.3333333333333333,0.0,0.0,0,0,0.0,0.0,0,0,0.0,4380.28,1,0,0.0,6006.11,3,0,0.0,0
LGS2ORD0024365,C013528,2025-07-12 23:00:00,Female,64,Silver,Shopee,Remote_Area,1243,TV_Show,COD,23,7,5,1,>50,41.43333333333333,5.0,2.0,0.4,129,79,9012.500000000002,0.2,0.6,0.0,0.0,0.0,0,0,0.0,0.0,0,0,0.0,23642.489999999998,2,0,0.0,45062.50000000001,5,2,0.4,1
LGS2ORD0024366,C012976,2025-07-12 23:00:00,Female,51,Gold,TV,Remote_Area,254,Lazada,Credit_Card,23,7,5,1,>50,8.466666666666667,5.0,1.0,0.2,3,14,4055.6579999999994,0.28,0.6,0.4,0.0,0.0,0,0,0.0,5702.19,1,1,1.0,5702.19,1,1,1.0,20278.289999999997,5,1,0.2,0
LGS2ORD0024367,C017697,2025-07-12 23:00:00,Male,31,Silver,Shopee,Bangkok,1407,Shopee,COD,23,7,5,1,30-40,46.9,3.0,1.0,0.3333333333333333,30,8,5647.336666666667,0.25,0.6666666666666666,0.3333333333333333,0.0,0.0,0,0,0.0,9782.91,2,0,0.0,16942.010000000002,3,1,0.3333333333333333,16942.010000000002,3,1,0.3333333333333333,0
LGS2ORD0024368,C017823,2025-07-12 23:00:00,Male,44,Gold,Lazada,Khon Kaen,658,TV_Show,Credit_Card,23,7,5,1,40-50,21.933333333333334,5.0,0.0,0.0,-1,12,2970.5380000000005,0.33,0.2,0.4,0.0,0.0,0,0,0.0,2370.38,1,0,0.0,4185.59,2,0,0.0,14852.690000000002,5,0,0.0,0
LGS2ORD0024369,C014841,2025-07-12 23:00:00,Male,67,Bronze,Shopee,Remote_Area,346,TV_Show,Credit_Card,23,7,5,1,>50,11.533333333333333,5.0,1.0,0.2,28,1,4117.433999999999,0.23,0.8,0.2,0.0,1524.64,1,0,0.0,1524.64,1,0,0.0,13354.439999999999,3,1,0.3333333333333333,20587.17,5,1,0.2,0
LGS2ORD0024370,C014324,2025-07-13 00:00:00,Female,33,Silver,TV,Khon Kaen,1584,Web,Credit_Card,0,7,6,1,30-40,52.8,5.0,3.0,0.6,52,38,5377.654,0.25,0.8,0.2,0.0,0.0,0,0,0.0,0.0,0,0,0.0,17127.85,2,1,0.5,26888.27,5,3,0.6,0
LGS2ORD0024371,C012745,2025-07-13 00:00:00,Male,43,Silver,Lazada,Songkhla,295,TV_Show,Credit_Card,0,7,6,1,40-50,9.833333333333334,4.0,2.0,0.5,20,32,5256.4525,0.25,0.5,0.25,0.0,0.0,0,0,0.0,0.0,0,0,0.0,1237.81,1,1,1.0,21025.81,4,2,0.5,1
LGS2ORD0024372,C017261,2025-07-13 00:00:00,Male,27,Gold,Lazada,Remote_Area,1560,Web,COD,0,7,6,1,20-30,52.0,1.0,0.0,0.0,-1,130,11707.63,0.13,0.0,0.0,0.0,0.0,0,0,0.0,0.0,0,0,0.0,0.0,0,0,0.0,11707.63,1,0,0.0,0
LGS2ORD0024373,C013148,2025-07-13 00:00:00,Female,28,Bronze,TV,Khon Kaen,298,Shopee,COD,0,7,6,1,20-30,9.933333333333334,4.0,0.0,0.0,-1,25,6617.9025,0.23,0.5,0.25,0.0,0.0,0,0,0.0,6959.79,1,0,0.0,6959.79,1,0,0.0,26471.61,4,0,0.0,0
LGS2ORD0024374,C012331,2025-07-13 00:00:00,Female,55,Bronze,TV,Remote_Area,315,Lazada,COD,0,7,6,1,>50,10.5,3.0,1.0,0.3333333333333333,143,56,1401.6533333333334,0.08,0.0,0.0,0.0,0.0,0,0,0.0,0.0,0,0,0.0,2223.48,1,0,0.0,4204.96,3,1,0.3333333333333333,0
LGS2ORD0024375,C010212,2025-07-13 01:00:00,Male,51,Bronze,Web,Bangkok,1482,Lazada,Credit_Card,1,7,6,1,>50,49.4,6.0,2.0,0.3333333333333333,154,44,10572.021666666667,0.28,0.8333333333333334,0.6666666666666666,0.0,0.0,0,0,0.0,0.0,0,0,0.0,298.09,1,0,0.0,63432.130000000005,6,2,0.3333333333333333,0
LGS2ORD0024376,C017057,2025-07-13 01:00:00,Female,29,Gold,Web,Chonburi,922,TV_Show,PromptPay,1,7,6,1,20-30,30.733333333333334,5.0,1.0,0.2,73,12,3123.954,0.33,0.2,0.4,0.0,0.0,0,0,0.0,872.71,1,0,0.0,6261.11,3,1,0.3333333333333333,15619.77,5,1,0.2,0
LGS2ORD0024377,C015235,2025-07-13 01:00:00,Female,51,Bronze,Web,Phuket,572,Lazada,Credit_Card,1,7,6,1,>50,19.066666666666666,3.0,2.0,0.6666666666666666,20,34,4755.756666666667,0.18,0.3333333333333333,0.0,0.0,0.0,0,0,0.0,0.0,0,0,0.0,7365.11,1,1,1.0,14267.27,3,2,0.6666666666666666,0
LGS2ORD0024378,C010254,2025-07-13 01:00:00,Other,31,Bronze,Lazada,Chonburi,938,CallCenter,Bank_Transfer,1,7,6,1,30-40,31.266666666666666,2.0,2.0,1.0,11,17,4670.635,0.28,0.5,0.5,0.0,0.0,0,0,0.0,5911.67,1,1,1.0,5911.67,1,1,1.0,9341.27,2,2,1.0,0
LGS2ORD0024379,C014553,2025-07-13 01:00:00,Male,54,Silver,TV,Bangkok,1308,Web,PromptPay,1,7,6,1,>50,43.6,1.0,0.0,0.0,-1,15,4005.82,0.1,0.0,0.0,0.0,0.0,0,0,0.0,4005.82,1,0,0.0,4005.82,1,0,0.0,4005.82,1,0,0.0,1
LGS2ORD0024380,C017332,2025-07-13 02:00:00,Male,36,Gold,Web,Remote_Area,1175,TV_Show,Credit_Card,2,7,6,1,30-40,39.166666666666664,4.0,0.0,0.0,-1,11,10456.3225,0.2299999999999999,0.5,0.5,0.0,0.0,0,0,0.0,1536.9,1,0,0.0,37458.0,3,0,0.0,41825.29,4,0,0.0,0
LGS2ORD0024381,C012216,2025-07-13 02:00:00,Female,51,Silver,TV,Remote_Area,1263,Web,Credit_Card,2,7,6,1,>50,42.1,1.0,1.0,1.0,56,61,4810.88,0.25,1.0,1.0,0.0,0.0,0,0,0.0,0.0,0,0,0.0,4810.88,1,1,1.0,4810.88,1,1,1.0,0
LGS2ORD0024382,C011566,2025-07-13 02:00:00,Male,38,Gold,Shopee,Khon Kaen,1405,Shopee,PromptPay,2,7,6,1,30-40,46.833333333333336,5.0,1.0,0.2,95,47,3231.8660000000004,0.33,0.6,0.6,0.0,0.0,0,0,0.0,0.0,0,0,0.0,3734.13,1,0,0.0,16159.330000000002,5,1,0.2,1
LGS2ORD0024383,C012132,2025-07-13 02:00:00,Female,47,Bronze,CallCenter,Bangkok,616,CallCenter,COD,2,7,6,1,40-50,20.533333333333335,5.0,1.0,0.2,141,38,2633.82,0.23,0.6,0.2,0.0,0.0,0,0,0.0,0.0,0,0,0.0,11725.55,3,0,0.0,13169.1,5,1,0.2,0
LGS2ORD0024384,C011294,2025-07-13 02:00:00,Female,29,Silver,TV,Bangkok,976,TV_Show,COD,2,7,6,1,20-30,32.53333333333333,4.0,2.0,0.5,-5,6,3847.6375,0.3,0.5,0.5,0.0,6554.52,1,1,1.0,6554.52,1,1,1.0,11752.27,2,2,1.0,15390.55,4,2,0.5,0
LGS2ORD0024385,C012419,2025-07-13 03:00:00,Male,45,Gold,Lazada,Remote_Area,1441,TV_Show,Credit_Card,3,7,6,1,40-50,48.03333333333333,3.0,0.0,0.0,-1,10,3989.94,0.28,0.3333333333333333,0.3333333333333333,0.0,0.0,0,0,0.0,5383.36,1,0,0.0,8745.83,2,0,0.0,11969.82,3,0,0.0,1
LGS2ORD0024386,C012853,2025-07-13 03:00:00,Other,32,Platinum,Web,Bangkok,900,TV_Show,COD,3,7,6,1,30-40,30.0,1.0,0.0,0.0,-1,171,1839.49,0.1,1.0,0.0,0.0,0.0,0,0,0.0,0.0,0,0,0.0,0.0,0,0,0.0,1839.49,1,0,0.0,0
LGS2ORD0024387,C012114,2025-07-13 03:00:00,Female,18,Gold,TV,Chonburi,636,Lazada,COD,3,7,6,1,<20,21.2,3.0,1.0,0.3333333333333333,16,16,2797.8633333333332,0.33,0.3333333333333333,1.0,0.0,0.0,0,0,0.0,7688.75,2,1,0.5,7688.75,2,1,0.5,8393.59,3,1,0.3333333333333333,0
LGS2ORD0024388,C015142,2025-07-13 03:00:00,Female,27,Silver,CallCenter,Remote_Area,1031,Lazada,COD,3,7,6,1,20-30,34.36666666666667,7.0,3.0,0.42857142857142855,112,1,2740.598571428571,0.25,0.7142857142857143,0.5714285714285714,0.0,4350.98,1,0,0.0,4566.04,2,0,0.0,4566.04,2,0,0.0,19184.19,7,3,0.42857142857142855,0
LGS2ORD0024389,C011060,2025-07-13 03:00:00,Male,32,Bronze,Web,Bangkok,688,Shopee,Credit_Card,3,7,6,1,30-40,22.933333333333334,1.0,0.0,0.0,-1,2,701.16,0.18,0.0,0.0,0.0,701.16,1,0,0.0,701.16,1,0,0.0,701.16,1,0,0.0,701.16,1,0,0.0,0
LGS2ORD0024390,C015830,2025-07-13 03:00:00,Male,38,Silver,TV,Chonburi,1571,Shopee,COD,3,7,6,1,30-40,52.36666666666667,4.0,1.0,0.25,51,56,4880.505,0.3,0.75,0.5,0.0,0.0,0,0,0.0,0.0,0,0,0.0,11885.849999999999,2,1,0.5,19522.02,4,1,0.25,0
LGS2ORD0024391,C012447,2025-07-13 04:00:00,Female,61,Bronze,TV,Remote_Area,900,CallCenter,Bank_Transfer,4,7,6,1,>50,30.0,8.0,3.0,0.375,87,30,7626.33,0.18,0.75,0.0,0.0,0.0,0,0,0.0,0.0,0,0,0.0,14230.33,3,0,0.0,61010.64,8,3,0.375,0
LGS2ORD0024392,C013568,2025-07-13 04:00:00,Male,47,Bronze,Lazada,Remote_Area,1641,Shopee,COD,4,7,6,1,40-50,54.7,2.0,0.0,0.0,-1,20,14080.79,0.08,0.5,0.0,0.0,0.0,0,0,0.0,15612.91,1,0,0.0,28161.58,2,0,0.0,28161.58,2,0,0.0,0
LGS2ORD0024393,C016694,2025-07-13 04:00:00,Male,47,Bronze,Shopee,Phuket,1602,Web,COD,4,7,6,1,40-50,53.4,2.0,1.0,0.5,58,54,1652.6950000000002,0.23,0.5,0.5,0.0,0.0,0,0,0.0,0.0,0,0,0.0,3305.3900000000003,2,1,0.5,3305.3900000000003,2,1,0.5,1
LGS2ORD0024394,C012232,2025-07-13 04:00:00,Male,28,Platinum,CallCenter,Chiang Mai,1406,TV_Show,PromptPay,4,7,6,1,20-30,46.86666666666667,2.0,0.0,0.0,-1,147,11951.810000000001,0.1,0.0,0.0,0.0,0.0,0,0,0.0,0.0,0,0,0.0,0.0,0,0,0.0,23903.620000000003,2,0,0.0,0
LGS2ORD0024395,C012322,2025-07-13 04:00:00,Male,24,Silver,TV,Nakhon Ratchasima,292,Lazada,Credit_Card,4,7,6,1,20-30,9.733333333333333,4.0,1.0,0.25,142,70,5683.0525,0.1,0.75,0.0,0.0,0.0,0,0,0.0,0.0,0,0,0.0,8064.95,2,0,0.0,22732.21,4,1,0.25,0
LGS2ORD0024396,C016937,2025-07-13 05:00:00,Female,44,Bronze,Shopee,Chiang Mai,310,Lazada,PromptPay,5,7,6,1,40-50,10.333333333333334,3.0,0.0,0.0,-1,90,5836.716666666667,0.18,1.0,0.0,0.0,0.0,0,0,0.0,0.0,0,0,0.0,0.0,0,0,0.0,17510.15,3,0,0.0,0
LGS2ORD0024397,C016648,2025-07-13 05:00:00,Female,48,Bronze,Lazada,Chiang Mai,929,CallCenter,Credit_Card,5,7,6,1,40-50,30.966666666666665,2.0,0.0,0.0,-1,24,6634.8099999999995,0.28,0.5,1.0,0.0,0.0,0,0,0.0,7003.18,1,0,0.0,7003.18,1,0,0.0,13269.619999999999,2,0,0.0,0
LGS2ORD0024398,C014993,2025-07-13 05:00:00,Female,18,Gold,Lazada,Bangkok,1455,Web,COD,5,7,6,1,<20,48.5,1.0,0.0,0.0,-1,85,1409.89,0.13,0.0,0.0,0.0,0.0,0,0,0.0,0.0,0,0,0.0,1409.89,1,0,0.0,1409.89,1,0,0.0,1
LGS2ORD0024399,C013273,2025-07-13 05:00:00,Female,27,Gold,Web,Songkhla,382,Shopee,COD,5,7,6,1,20-30,12.733333333333333,2.0,1.0,0.5,21,22,2843.17,0.33,1.0,0.5,0.0,0.0,0,0,0.0,5686.34,2,1,0.5,5686.34,2,1,0.5,5686.34,2,1,0.5,0
LGS2ORD0024400,C017146,2025-07-13 05:00:00,Female,32,Platinum,TV,Chiang Mai,690,CallCenter,Credit_Card,5,7,6,1,30-40,23.0,2.0,2.0,1.0,105,117,5234.795,0.25,1.0,0.5,0.0,0.0,0,0,0.0,0.0,0,0,0.0,0.0,0,0,0.0,10469.59,2,2,1.0,0
LGS2ORD0024401,C010523,2025-07-13 06:00:00,Female,25,Silver,Web,Phuket,1208,CallCenter,Bank_Transfer,6,7,6,1,20-30,40.266666666666666,4.0,1.0,0.25,61,69,5879.38,0.25,0.25,0.25,0.0,0.0,0,0,0.0,0.0,0,0,0.0,17796.31,2,1,0.5,23517.52,4,1,0.25,1
LGS2ORD0024402,C016133,2025-07-13 06:00:00,Female,40,Gold,Lazada,Khon Kaen,558,TV_Show,Credit_Card,6,7,6,1,30-40,18.6,2.0,0.0,0.0,-1,83,4008.4700000000003,0.2299999999999999,0.0,0.5,0.0,0.0,0,0,0.0,0.0,0,0,0.0,6365.89,1,0,0.0,8016.9400000000005,2,0,0.0,0
LGS2ORD0024403,C014816,2025-07-13 06:00:00,Male,40,Silver,Lazada,Khon Kaen,1073,Shopee,Credit_Card,6,7,6,1,30-40,35.766666666666666,2.0,0.0,0.0,-1,71,1985.58,0.2,0.5,0.0,0.0,0.0,0,0,0.0,0.0,0,0,0.0,735.53,1,0,0.0,3971.16,2,0,0.0,0
LGS2ORD0024404,C013466,2025-07-13 06:00:00,Female,49,Bronze,Web,Songkhla,304,Shopee,COD,6,7,6,1,40-50,10.133333333333333,2.0,0.0,0.0,-1,159,13300.644999999999,0.23,0.5,0.5,0.0,0.0,0,0,0.0,0.0,0,0,0.0,0.0,0,0,0.0,26601.289999999997,2,0,0.0,0
LGS2ORD0024405,C015077,2025-07-13 06:00:00,Male,60,Bronze,Shopee,Chonburi,1005,Shopee,COD,6,7,6,1,>50,33.5,4.0,0.0,0.0,-1,91,6967.21,0.23,0.75,0.25,0.0,0.0,0,0,0.0,0.0,0,0,0.0,0.0,0,0,0.0,27868.84,4,0,0.0,0
LGS2ORD0024406,C013180,2025-07-13 07:00:00,Male,21,Gold,Web,Khon Kaen,998,Shopee,Credit_Card,7,7,6,1,20-30,33.266666666666666,3.0,0.0,0.0,-1,18,7599.12,0.28,1.0,0.3333333333333333,0.0,0.0,0,0,0.0,14517.09,1,0,0.0,14517.09,1,0,0.0,22797.36,3,0,0.0,0
LGS2ORD0024407,C010819,2025-07-13 07:00:00,Female,30,Silver,Shopee,Bangkok,1186,Shopee,Credit_Card,7,7,6,1,20-30,39.53333333333333,7.0,3.0,0.42857142857142855,78,63,4094.6714285714284,0.25,0.42857142857142855,0.42857142857142855,0.0,0.0,0,0,0.0,0.0,0,0,0.0,11325.75,2,1,0.5,28662.699999999997,7,3,0.42857142857142855,0
LGS2ORD0024408,C015004,2025-07-13 07:00:00,Female,34,Silver,Shopee,Khon Kaen,600,Web,COD,7,7,6,1,30-40,20.0,3.0,1.0,0.3333333333333333,123,104,4463.543333333333,0.15,0.6666666666666666,0.0,0.0,0.0,0,0,0.0,0.0,0,0,0.0,0.0,0,0,0.0,13390.63,3,1,0.3333333333333333,1
LGS2ORD0024409,C012683,2025-07-13 07:00:00,Male,61,Silver,Web,Phuket,963,Lazada,Credit_Card,7,7,6,1,>50,32.1,10.0,4.0,0.4,-4,6,6978.159,0.3,0.5,0.3,0.0,17348.15,1,1,1.0,24213.370000000003,4,3,0.75,55762.159999999996,7,3,0.42857142857142855,69781.59,10,4,0.4,0
LGS2ORD0024410,C011687,2025-07-13 07:00:00,Male,55,Bronze,TV,Chonburi,1044,TV_Show,Credit_Card,7,7,6,1,>50,34.8,1.0,1.0,1.0,60,68,930.96,0.28,1.0,1.0,0.0,0.0,0,0,0.0,0.0,0,0,0.0,930.96,1,1,1.0,930.96,1,1,1.0,0
LGS2ORD0024411,C013368,2025-07-13 07:00:00,Male,54,Gold,TV,Bangkok,609,Web,COD,7,7,6,1,>50,20.3,3.0,2.0,0.6666666666666666,5,11,11992.636666666665,0.28,0.6666666666666666,1.0,0.0,0.0,0,0,0.0,29148.1,1,1,1.0,29148.1,1,1,1.0,35977.909999999996,3,2,0.6666666666666666,0
LGS2ORD0024412,C011827,2025-07-13 08:00:00,Female,62,Bronze,Lazada,Bangkok,1032,CallCenter,COD,8,7,6,1,>50,34.4,2.0,0.0,0.0,-1,157,6290.575000000001,0.23,0.5,0.5,0.0,0.0,0,0,0.0,0.0,0,0,0.0,0.0,0,0,0.0,12581.150000000001,2,0,0.0,1
LGS2ORD0024413,C017990,2025-07-13 08:00:00,Male,36,Bronze,Shopee,Bangkok,1586,Web,COD,8,7,6,1,30-40,52.86666666666667,4.0,0.0,0.0,-1,27,4891.0375,0.18,0.75,0.0,0.0,0.0,0,0,0.0,12552.46,1,0,0.0,16729.47,2,0,0.0,19564.15,4,0,0.0,0
LGS2ORD0024414,C010593,2025-07-13 08:00:00,Male,26,Bronze,TV,Phuket,1157,Shopee,PromptPay,8,7,6,1,20-30,38.56666666666667,3.0,1.0,0.3333333333333333,29,44,2268.72,0.23,0.3333333333333333,0.6666666666666666,0.0,0.0,0,0,0.0,0.0,0,0,0.0,3325.43,1,1,1.0,6806.16,3,1,0.3333333333333333,0
LGS2ORD0024415,C014350,2025-07-13 08:00:00,Female,49,Gold,Web,Bangkok,935,Web,COD,8,7,6,1,40-50,31.166666666666668,3.0,0.0,0.0,-1,131,2236.0866666666666,0.33,0.0,0.6666666666666666,0.0,0.0,0,0,0.0,0.0,0,0,0.0,0.0,0,0,0.0,6708.259999999999,3,0,0.0,0
LGS2ORD0024416,C010148,2025-07-13 08:00:00,Female,27,Gold,TV,Songkhla,1467,CallCenter,COD,8,7,6,1,20-30,48.9,4.0,0.0,0.0,-1,6,3824.6575000000003,0.33,0.5,0.5,0.0,1047.45,1,0,0.0,7902.63,2,0,0.0,15298.630000000001,4,0,0.0,15298.630000000001,4,0,0.0,1
LGS2ORD0024417,C015792,2025-07-13 09:00:00,Female,26,Silver,CallCenter,Bangkok,994,Web,COD,9,7,6,1,20-30,33.13333333333333,5.0,2.0,0.4,47,37,5823.138000000001,0.3,0.4,0.4,0.0,0.0,0,0,0.0,0.0,0,0,0.0,6699.97,3,2,0.6666666666666666,29115.690000000002,5,2,0.4,0
LGS2ORD0024418,C014173,2025-07-13 09:00:00,Female,57,Silver,CallCenter,Khon Kaen,1152,Web,COD,9,7,6,1,>50,38.4,5.0,0.0,0.0,-1,29,3055.0880000000006,0.25,1.0,0.2,0.0,0.0,0,0,0.0,822.85,1,0,0.0,822.85,1,0,0.0,15275.440000000002,5,0,0.0,0
LGS2ORD0024419,C017273,2025-07-13 09:00:00,Male,26,Bronze,Lazada,Bangkok,1401,Web,COD,9,7,6,1,20-30,46.7,8.0,3.0,0.375,6,18,10068.4625,0.28,0.625,0.25,0.0,0.0,0,0,0.0,22100.73,1,1,1.0,22100.73,1,1,1.0,80547.7,8,3,0.375,0
LGS2ORD0024420,C015179,2025-07-13 09:00:00,Male,41,Platinum,Lazada,Khon Kaen,1185,TV_Show,COD,9,7,6,1,40-50,39.5,3.0,1.0,0.3333333333333333,27,31,825.0266666666666,0.3,0.0,0.3333333333333333,0.0,0.0,0,0,0.0,0.0,0,0,0.0,844.47,2,1,0.5,2475.08,3,1,0.3333333333333333,1
LGS2ORD0024421,C014199,2025-07-13 09:00:00,Other,58,Silver,TV,Khon Kaen,281,Shopee,Credit_Card,9,7,6,1,>50,9.366666666666667,2.0,0.0,0.0,-1,6,4055.385,0.2,0.5,0.0,0.0,221.02,1,0,0.0,221.02,1,0,0.0,221.02,1,0,0.0,8110.77,2,0,0.0,0
LGS2ORD0024422,C013270,2025-07-13 10:00:00,Female,38,Bronze,TV,Khon Kaen,1241,Web,COD,10,7,6,1,30-40,41.36666666666667,7.0,1.0,0.14285714285714285,168,3,6230.7928571428565,0.28,0.7142857142857143,0.42857142857142855,0.0,942.99,1,0,0.0,942.99,1,0,0.0,28751.3,3,0,0.0,43615.549999999996,7,1,0.14285714285714285,1
LGS2ORD0024423,C016896,2025-07-13 10:00:00,Male,61,Bronze,TV,Bangkok,990,Shopee,COD,10,7,6,1,>50,33.0,3.0,2.0,0.6666666666666666,-1,5,1618.0933333333332,0.23,0.3333333333333333,0.6666666666666666,0.0,1388.79,1,1,1.0,1388.79,1,1,1.0,1388.79,1,1,1.0,4854.28,3,2,0.6666666666666666,0
LGS2ORD0024424,C011532,2025-07-13 10:00:00,Male,56,Bronze,Web,Phuket,1360,Lazada,COD,10,7,6,1,>50,45.333333333333336,5.0,0.0,0.0,-1,1,6320.683999999999,0.18,0.8,0.0,0.0,14858.33,1,0,0.0,14858.33,1,0,0.0,17245.46,2,0,0.0,31603.42,5,0,0.0,0
LGS2ORD0024425,C016329,2025-07-13 10:00:00,Female,41,Bronze,Shopee,Khon Kaen,633,TV_Show,COD,10,7,6,1,40-50,21.1,5.0,0.0,0.0,-1,19,4256.11,0.23,0.8,0.2,0.0,0.0,0,0,0.0,1547.16,1,0,0.0,2022.3200000000002,2,0,0.0,21280.55,5,0,0.0,1
LGS2ORD0024426,C017601,2025-07-13 10:00:00,Female,40,Bronze,Lazada,Bangkok,776,TV_Show,COD,10,7,6,1,30-40,25.866666666666667,1.0,0.0,0.0,-1,175,1121.15,0.08,1.0,0.0,0.0,0.0,0,0,0.0,0.0,0,0,0.0,0.0,0,0,0.0,1121.15,1,0,0.0,1
LGS2ORD0024427,C017289,2025-07-13 10:00:00,Female,38,Platinum,TV,Khon Kaen,1489,Lazada,COD,10,7,6,1,30-40,49.63333333333333,5.0,0.0,0.0,-1,26,1295.642,0.35,0.6,0.8,0.0,0.0,0,0,0.0,500.97,1,0,0.0,3067.5200000000004,2,0,0.0,6478.21,5,0,0.0,0
LGS2ORD0024428,C010420,2025-07-13 11:00:00,Male,52,Platinum,Shopee,Songkhla,627,Web,PromptPay,11,7,6,1,>50,20.9,2.0,0.0,0.0,-1,34,4384.344999999999,0.25,1.0,0.5,0.0,0.0,0,0,0.0,0.0,0,0,0.0,4395.21,1,0,0.0,8768.689999999999,2,0,0.0,0
LGS2ORD0024429,C012796,2025-07-13 11:00:00,Female,44,Bronze,TV,Songkhla,436,Web,Credit_Card,11,7,6,1,40-50,14.533333333333333,1.0,1.0,1.0,58,73,2637.79,0.08,0.0,0.0,0.0,0.0,0,0,0.0,0.0,0,0,0.0,2637.79,1,1,1.0,2637.79,1,1,1.0,0
LGS2ORD0024430,C010268,2025-07-13 11:00:00,Other,49,Bronze,Lazada,Chiang Mai,624,Web,COD,11,7,6,1,40-50,20.8,1.0,0.0,0.0,-1,114,14707.8,0.13,1.0,0.0,0.0,0.0,0,0,0.0,0.0,0,0,0.0,0.0,0,0,0.0,14707.8,1,0,0.0,1
LGS2ORD0024431,C010087,2025-07-13 11:00:00,Female,41,Bronze,Shopee,Chiang Mai,1134,Shopee,COD,11,7,6,1,40-50,37.8,4.0,1.0,0.25,0,6,4866.6525,0.23,0.5,0.5,0.0,3434.53,1,1,1.0,3434.53,1,1,1.0,3434.53,1,1,1.0,19466.61,4,1,0.25,1
LGS2ORD0024432,C015874,2025-07-13 11:00:00,Other,47,Silver,Web,Nakhon Ratchasima,258,TV_Show,COD,11,7,6,1,40-50,8.6,1.0,0.0,0.0,-1,56,18587.41,0.3,1.0,1.0,0.0,0.0,0,0,0.0,0.0,0,0,0.0,18587.41,1,0,0.0,18587.41,1,0,0.0,0
LGS2ORD0024433,C014011,2025-07-13 12:00:00,Female,46,Silver,CallCenter,Phuket,1263,Lazada,Credit_Card,12,7,6,1,40-50,42.1,5.0,0.0,0.0,-1,25,4553.5,0.25,0.4,0.2,0.0,0.0,0,0,0.0,7990.23,1,0,0.0,11595.5,3,0,0.0,22767.5,5,0,0.0,0
LGS2ORD0024434,C013098,2025-07-13 12:00:00,Female,22,Gold,Shopee,Bangkok,670,Shopee,COD,12,7,6,1,20-30,22.333333333333332,8.0,1.0,0.125,15,27,4286.303750000001,0.2299999999999999,0.625,0.25,0.0,0.0,0,0,0.0,4927.26,1,1,1.0,11890.44,2,1,0.5,34290.43000000001,8,1,0.125,0
LGS2ORD0024435,C013448,2025-07-13 12:00:00,Male,40,Gold,Web,Songkhla,1035,Web,PromptPay,12,7,6,1,30-40,34.5,2.0,0.0,0.0,-1,45,1991.485,0.13,0.0,0.0,0.0,0.0,0,0,0.0,0.0,0,0,0.0,273.23,1,0,0.0,3982.97,2,0,0.0,0
LGS2ORD0024436,C017063,2025-07-13 12:00:00,Male,61,Bronze,TV,Remote_Area,1294,CallCenter,COD,12,7,6,1,>50,43.13333333333333,2.0,0.0,0.0,-1,74,4512.495,0.18,1.0,0.0,0.0,0.0,0,0,0.0,0.0,0,0,0.0,1588.29,1,0,0.0,9024.99,2,0,0.0,0
LGS2ORD0024437,C014358,2025-07-13 12:00:00,Male,34,Gold,Web,Chiang Mai,941,Web,COD,12,7,6,1,30-40,31.366666666666667,4.0,1.0,0.25,116,18,6288.3525,0.33,0.75,0.5,0.0,0.0,0,0,0.0,7886.32,1,0,0.0,7886.32,1,0,0.0,25153.41,4,1,0.25,0
LGS2ORD0024438,C017008,2025-07-13 13:00:00,Female,46,Bronze,Web,Bangkok,1221,Shopee,Credit_Card,13,7,6,1,40-50,40.7,3.0,1.0,0.3333333333333333,171,46,7337.746666666667,0.28,0.3333333333333333,0.3333333333333333,0.0,0.0,0,0,0.0,0.0,0,0,0.0,9863.79,1,0,0.0,22013.24,3,1,0.3333333333333333,0
LGS2ORD0024439,C010103,2025-07-13 13:00:00,Female,28,Gold,Shopee,Bangkok,618,Lazada,COD,13,7,6,1,20-30,20.6,2.0,1.0,0.5,78,85,3492.995,0.28,0.5,1.0,0.0,0.0,0,0,0.0,0.0,0,0,0.0,3279.85,1,1,1.0,6985.99,2,1,0.5,0
LGS2ORD0024440,C014462,2025-07-13 13:00:00,Female,33,Platinum,Lazada,Chonburi,995,Shopee,COD,13,7,6,1,30-40,33.166666666666664,4.0,1.0,0.25,19,33,3864.3525,0.3,0.5,0.5,0.0,0.0,0,0,0.0,0.0,0,0,0.0,6605.66,1,1,1.0,15457.41,4,1,0.25,0
LGS2ORD0024441,C016712,2025-07-13 13:00:00,Male,30,Platinum,Web,Chiang Mai,1488,Lazada,COD,13,7,6,1,20-30,49.6,3.0,1.0,0.3333333333333333,4,18,7732.983333333334,0.3,0.6666666666666666,0.3333333333333333,0.0,0.0,0,0,0.0,6320.55,1,1,1.0,6320.55,1,1,1.0,23198.95,3,1,0.3333333333333333,1
LGS2ORD0024442,C010137,2025-07-13 13:00:00,Female,43,Gold,Lazada,Chiang Mai,845,Shopee,COD,13,7,6,1,40-50,28.166666666666668,8.0,1.0,0.125,45,14,8126.67,0.33,0.625,0.5,0.0,0.0,0,0,0.0,6641.64,1,0,0.0,47563.07,5,1,0.2,65013.36,8,1,0.125,0
LGS2ORD0024443,C014053,2025-07-13 14:00:00,Male,47,Bronze,TV,Bangkok,756,Web,COD,14,7,6,1,40-50,25.2,2.0,1.0,0.5,78,24,2094.72,0.18,1.0,0.0,0.0,0.0,0,0,0.0,2271.62,1,0,0.0,4189.44,2,1,0.5,4189.44,2,1,0.5,0
LGS2ORD0024444,C015841,2025-07-13 14:00:00,Female,43,Bronze,TV,Remote_Area,398,Lazada,Credit_Card,14,7,6,1,40-50,13.266666666666667,3.0,0.0,0.0,-1,3,18114.273333333334,0.28,0.3333333333333333,0.3333333333333333,0.0,41178.15,1,0,0.0,41178.15,1,0,0.0,54342.82,3,0,0.0,54342.82,3,0,0.0,0
LGS2ORD0024445,C015894,2025-07-13 14:00:00,Male,41,Bronze,TV,Remote_Area,1158,TV_Show,PromptPay,14,7,6,1,40-50,38.6,2.0,1.0,0.5,136,94,5167.33,0.18,1.0,0.0,0.0,0.0,0,0,0.0,0.0,0,0,0.0,0.0,0,0,0.0,10334.66,2,1,0.5,0
LGS2ORD0024446,C017429,2025-07-13 14:00:00,Male,42,Silver,TV,Nakhon Ratchasima,941,Lazada,Credit_Card,14,7,6,1,40-50,31.366666666666667,3.0,0.0,0.0,-1,68,4522.53,0.25,0.6666666666666666,0.3333333333333333,0.0,0.0,0,0,0.0,0.0,0,0,0.0,4265.32,1,0,0.0,13567.59,3,0,0.0,0
LGS2ORD0024447,C016029,2025-07-13 14:00:00,Male,43,Silver,Shopee,Khon Kaen,586,Lazada,COD,14,7,6,1,40-50,19.533333333333335,7.0,2.0,0.2857142857142857,77,23,2729.4,0.3,0.7142857142857143,0.14285714285714285,0.0,0.0,0,0,0.0,1338.8,1,0,0.0,10181.679999999998,3,0,0.0,19105.8,7,2,0.2857142857142857,0
LGS2ORD0024448,C015367,2025-07-13 14:00:00,Male,37,Platinum,Web,Chiang Mai,1236,TV_Show,Credit_Card,14,7,6,1,30-40,41.2,1.0,1.0,1.0,84,91,3636.47,0.25,0.0,1.0,0.0,0.0,0,0,0.0,0.0,0,0,0.0,0.0,0,0,0.0,3636.47,1,1,1.0,1
LGS2ORD0024449,C010828,2025-07-13 15:00:00,Male,39,Bronze,Shopee,Remote_Area,1219,TV_Show,PromptPay,15,7,6,1,30-40,40.63333333333333,4.0,1.0,0.25,26,36,9527.377499999999,0.28,0.25,0.5,0.0,0.0,0,0,0.0,0.0,0,0,0.0,33550.43,2,1,0.5,38109.509999999995,4,1,0.25,1
LGS2ORD0024450,C013790,2025-07-13 15:00:00,Female,65,Bronze,Shopee,Songkhla,1634,Shopee,Bank_Transfer,15,7,6,1,>50,54.46666666666667,1.0,1.0,1.0,16,28,21606.35,0.08,1.0,0.0,0.0,0.0,0,0,0.0,21606.35,1,1,1.0,21606.35,1,1,1.0,21606.35,1,1,1.0,1
LGS2ORD0024451,C015593,2025-07-13 15:00:00,Female,38,Silver,Shopee,Chiang Mai,758,Shopee,COD,15,7,6,1,30-40,25.266666666666666,4.0,1.0,0.25,149,132,8533.7925,0.25,0.5,0.25,0.0,0.0,0,0,0.0,0.0,0,0,0.0,0.0,0,0,0.0,34135.17,4,1,0.25,0
LGS2ORD0024452,C012758,2025-07-13 15:00:00,Female,47,Silver,CallCenter,Bangkok,1395,Web,Credit_Card,15,7,6,1,40-50,46.5,5.0,2.0,0.4,89,15,12921.02,0.25,0.8,0.4,0.0,0.0,0,0,0.0,21818.65,1,0,0.0,21818.65,1,0,0.0,64605.100000000006,5,2,0.4,0
LGS2ORD0024453,C013494,2025-07-13 15:00:00,Male,45,Bronze,Web,Bangkok,936,Web,Credit_Card,15,7,6,1,40-50,31.2,2.0,2.0,1.0,29,40,1919.5049999999999,0.23,0.5,0.5,0.0,0.0,0,0,0.0,0.0,0,0,0.0,3839.0099999999998,2,2,1.0,3839.0099999999998,2,2,1.0,0
LGS2ORD0024454,C014646,2025-07-13 16:00:00,Male,54,Bronze,TV,Bangkok,382,Web,COD,16,7,6,1,>50,12.733333333333333,3.0,2.0,0.6666666666666666,64,68,2348.7966666666666,0.18,0.3333333333333333,0.0,0.0,0.0,0,0,0.0,0.0,0,0,0.0,3190.2,1,1,1.0,7046.389999999999,3,2,0.6666666666666666,0
LGS2ORD0024455,C017817,2025-07-13 16:00:00,Male,18,Gold,Web,Chiang Mai,562,Web,COD,16,7,6,1,<20,18.733333333333334,5.0,2.0,0.4,15,26,4339.606,0.08,0.6,0.0,0.0,0.0,0,0,0.0,2490.63,1,1,1.0,12389.09,2,1,0.5,21698.03,5,2,0.4,0
LGS2ORD0024456,C017806,2025-07-13 16:00:00,Male,50,Bronze,Shopee,Bangkok,318,TV_Show,COD,16,7,6,1,40-50,10.6,1.0,0.0,0.0,-1,146,11002.82,0.13,0.0,0.0,0.0,0.0,0,0,0.0,0.0,0,0,0.0,0.0,0,0,0.0,11002.82,1,0,0.0,1
LGS2ORD0024457,C010764,2025-07-13 16:00:00,Male,37,Silver,Lazada,Remote_Area,473,TV_Show,COD,16,7,6,1,30-40,15.766666666666667,5.0,1.0,0.2,140,22,9918.054,0.3,0.6,0.2,0.0,0.0,0,0,0.0,21235.35,2,0,0.0,27228.760000000002,3,0,0.0,49590.270000000004,5,1,0.2,0
LGS2ORD0024458,C011727,2025-07-13 16:00:00,Female,34,Bronze,Web,Phuket,1607,Web,PromptPay,16,7,6,1,30-40,53.56666666666667,3.0,2.0,0.6666666666666666,57,61,1207.6466666666668,0.23,0.3333333333333333,0.3333333333333333,0.0,0.0,0,0,0.0,0.0,0,0,0.0,571.15,1,1,1.0,3622.94,3,2,0.6666666666666666,1
LGS2ORD0024459,C011259,2025-07-13 17:00:00,Other,40,Gold,Lazada,Khon Kaen,1267,Shopee,Credit_Card,17,7,6,1,30-40,42.233333333333334,2.0,0.0,0.0,-1,47,1811.635,0.33,0.0,0.5,0.0,0.0,0,0,0.0,0.0,0,0,0.0,2640.64,1,0,0.0,3623.27,2,0,0.0,0
LGS2ORD0024460,C012108,2025-07-13 17:00:00,Female,61,Gold,TV,Khon Kaen,760,Shopee,COD,17,7,6,1,>50,25.333333333333332,1.0,0.0,0.0,-1,67,5774.46,0.13,0.0,0.0,0.0,0.0,0,0,0.0,0.0,0,0,0.0,5774.46,1,0,0.0,5774.46,1,0,0.0,0
LGS2ORD0024461,C010100,2025-07-13 17:00:00,Female,30,Silver,Shopee,Songkhla,293,Shopee,Credit_Card,17,7,6,1,20-30,9.766666666666667,3.0,3.0,1.0,39,49,998.6266666666667,0.3,0.3333333333333333,0.6666666666666666,0.0,0.0,0,0,0.0,0.0,0,0,0.0,1219.39,1,1,1.0,2995.88,3,3,1.0,1
LGS2ORD0024462,C015577,2025-07-13 17:00:00,Male,29,Silver,CallCenter,Nakhon Ratchasima,1330,TV_Show,COD,17,7,6,1,20-30,44.333333333333336,2.0,1.0,0.5,116,127,1950.105,0.2,1.0,0.0,0.0,0.0,0,0,0.0,0.0,0,0,0.0,0.0,0,0,0.0,3900.21,2,1,0.5,0
LGS2ORD0024463,C017916,2025-07-13 17:00:00,Male,40,Gold,Shopee,Chonburi,1639,Shopee,Bank_Transfer,17,7,6,1,30-40,54.63333333333333,0.0,0.0,0.0,-1,-1,0.0,0.0,0.0,0.0,0.0,0.0,0,0,0.0,0.0,0,0,0.0,0.0,0,0,0.0,0.0,0,0,0.0,0
LGS2ORD0024464,C016269,2025-07-13 18:00:00,Female,42,Bronze,Shopee,Khon Kaen,1284,Shopee,Credit_Card,18,7,6,1,40-50,42.8,5.0,1.0,0.2,54,7,3200.8720000000003,0.28,0.2,0.2,0.0,0.0,0,0,0.0,7701.13,1,0,0.0,9822.29,3,1,0.3333333333333333,16004.36,5,1,0.2,0
LGS2ORD0024465,C015738,2025-07-13 18:00:00,Male,30,Platinum,Shopee,Khon Kaen,1535,Shopee,Bank_Transfer,18,7,6,1,20-30,51.166666666666664,2.0,1.0,0.5,60,55,1458.595,0.25,0.0,0.5,0.0,0.0,0,0,0.0,0.0,0,0,0.0,2917.19,2,1,0.5,2917.19,2,1,0.5,1
LGS2ORD0024466,C016365,2025-07-13 18:00:00,Male,43,Bronze,TV,Khon Kaen,1368,CallCenter,COD,18,7,6,1,40-50,45.6,5.0,2.0,0.4,120,35,5772.680000000001,0.23,0.8,0.2,0.0,0.0,0,0,0.0,0.0,0,0,0.0,5806.92,2,0,0.0,28863.400000000005,5,2,0.4,0
LGS2ORD0024467,C017155,2025-07-13 18:00:00,Male,54,Bronze,TV,Remote_Area,1391,TV_Show,PromptPay,18,7,6,1,>50,46.36666666666667,3.0,2.0,0.6666666666666666,53,63,13614.736666666666,0.23,0.6666666666666666,0.6666666666666666,0.0,0.0,0,0,0.0,0.0,0,0,0.0,9371.73,1,1,1.0,40844.21,3,2,0.6666666666666666,0
LGS2ORD0024468,C014078,2025-07-13 18:00:00,Female,42,Gold,TV,Khon Kaen,1263,TV_Show,Credit_Card,18,7,6,1,40-50,42.1,1.0,1.0,1.0,97,112,5232.55,0.2299999999999999,1.0,1.0,0.0,0.0,0,0,0.0,0.0,0,0,0.0,0.0,0,0,0.0,5232.55,1,1,1.0,0
LGS2ORD0024469,C012725,2025-07-13 18:00:00,Male,60,Bronze,CallCenter,Songkhla,1417,Lazada,COD,18,7,6,1,>50,47.233333333333334,4.0,2.0,0.5,119,21,4300.56,0.23,0.5,0.25,0.0,0.0,0,0,0.0,5715.37,1,0,0.0,13985.05,2,0,0.0,17202.24,4,2,0.5,0
LGS2ORD0024470,C016751,2025-07-13 19:00:00,Male,18,Bronze,TV,Nakhon Ratchasima,538,CallCenter,PromptPay,19,7,6,1,<20,17.933333333333334,2.0,0.0,0.0,-1,98,884.65,0.28,0.5,1.0,0.0,0.0,0,0,0.0,0.0,0,0,0.0,0.0,0,0,0.0,1769.3,2,0,0.0,0
LGS2ORD0024471,C017390,2025-07-13 19:00:00,Female,30,Gold,Web,Chiang Mai,403,Lazada,PromptPay,19,7,6,1,20-30,13.433333333333334,2.0,1.0,0.5,166,149,2983.075,0.2299999999999999,0.0,0.5,0.0,0.0,0,0,0.0,0.0,0,0,0.0,0.0,0,0,0.0,5966.15,2,1,0.5,1
LGS2ORD0024472,C015969,2025-07-13 19:00:00,Female,38,Platinum,Shopee,Khon Kaen,1031,CallCenter,PromptPay,19,7,6,1,30-40,34.36666666666667,3.0,0.0,0.0,-1,11,6330.933333333333,0.25,0.6666666666666666,0.3333333333333333,0.0,0.0,0,0,0.0,4493.4,1,0,0.0,5804.299999999999,2,0,0.0,18992.8,3,0,0.0,0
LGS2ORD0024473,C017097,2025-07-13 19:00:00,Male,42,Silver,Shopee,Chiang Mai,429,Lazada,PromptPay,19,7,6,1,40-50,14.3,8.0,1.0,0.125,184,8,2501.63375,0.3,0.75,0.375,0.125,0.0,0,0,0.0,4453.72,2,0,0.0,7208.97,4,0,0.0,20013.07,8,1,0.125,0
LGS2ORD0024474,C015849,2025-07-13 19:00:00,Female,43,Bronze,CallCenter,Khon Kaen,787,Shopee,Credit_Card,19,7,6,1,40-50,26.233333333333334,2.0,1.0,0.5,107,59,7937.280000000001,0.23,0.5,0.5,0.0,0.0,0,0,0.0,0.0,0,0,0.0,13595.26,1,0,0.0,15874.560000000001,2,1,0.5,0
LGS2ORD0024475,C017378,2025-07-13 20:00:00,Male,36,Bronze,CallCenter,Chonburi,856,TV_Show,COD,20,7,6,1,30-40,28.533333333333335,6.0,0.0,0.0,-1,86,6940.741666666668,0.23,0.6666666666666666,0.16666666666666666,0.0,0.0,0,0,0.0,0.0,0,0,0.0,26977.17,2,0,0.0,41644.450000000004,6,0,0.0,0
LGS2ORD0024476,C012336,2025-07-13 20:00:00,Female,38,Bronze,Lazada,Khon Kaen,780,Web,Bank_Transfer,20,7,6,1,30-40,26.0,2.0,1.0,0.5,8,27,2082.16,0.03,0.0,0.0,0.0,0.0,0,0,0.0,3045.25,1,1,1.0,4164.32,2,1,0.5,4164.32,2,1,0.5,0
LGS2ORD0024477,C012256,2025-07-13 20:00:00,Male,20,Silver,Lazada,Remote_Area,943,TV_Show,Bank_Transfer,20,7,6,1,<20,31.433333333333334,4.0,1.0,0.25,31,23,5771.525000000001,0.25,0.25,0.25,0.0,0.0,0,0,0.0,3719.16,1,0,0.0,6131.49,2,1,0.5,23086.100000000002,4,1,0.25,1
LGS2ORD0024478,C012022,2025-07-13 20:00:00,Male,37,Bronze,TV,Phuket,623,Lazada,Credit_Card,20,7,6,1,30-40,20.766666666666666,7.0,2.0,0.2857142857142857,14,2,6360.285714285715,0.23,0.5714285714285714,0.42857142857142855,0.0,2721.73,1,0,0.0,17796.66,4,1,0.25,44522.0,7,2,0.2857142857142857,44522.0,7,2,0.2857142857142857,0
LGS2ORD0024479,C011096,2025-07-13 20:00:00,Female,45,Bronze,TV,Chiang Mai,240,Shopee,COD,20,7,6,1,40-50,8.0,1.0,0.0,0.0,-1,80,1647.8,0.08,0.0,0.0,0.0,0.0,0,0,0.0,0.0,0,0,0.0,1647.8,1,0,0.0,1647.8,1,0,0.0,0
LGS2ORD0024480,C011817,2025-07-13 21:00:00,Male,38,Bronze,Shopee,Bangkok,1260,Web,Bank_Transfer,21,7,6,1,30-40,42.0,1.0,0.0,0.0,-1,45,2684.59,0.08,0.0,0.0,0.0,0.0,0,0,0.0,0.0,0,0,0.0,2684.59,1,0,0.0,2684.59,1,0,0.0,0
LGS2ORD0024481,C011955,2025-07-13 21:00:00,Male,20,Silver,Lazada,Nakhon Ratchasima,1290,Shopee,Bank_Transfer,21,7,6,1,<20,43.0,4.0,1.0,0.25,0,11,9421.619999999999,0.2,0.75,0.0,0.0,0.0,0,0,0.0,9215.85,1,1,1.0,37686.479999999996,4,1,0.25,37686.479999999996,4,1,0.25,0
LGS2ORD0024482,C013775,2025-07-13 21:00:00,Male,55,Gold,TV,Chonburi,536,Web,COD,21,7,6,1,>50,17.866666666666667,1.0,0.0,0.0,-1,130,3925.34,0.28,1.0,1.0,0.0,0.0,0,0,0.0,0.0,0,0,0.0,0.0,0,0,0.0,3925.34,1,0,0.0,0
LGS2ORD0024483,C010487,2025-07-13 21:00:00,Male,63,Bronze,TV,Remote_Area,1204,Shopee,COD,21,7,6,1,>50,40.13333333333333,5.0,0.0,0.0,-1,14,6338.9619999999995,0.28,0.4,0.4,0.0,0.0,0,0,0.0,2685.6,1,0,0.0,25157.289999999997,3,0,0.0,31694.809999999998,5,0,0.0,1
LGS2ORD0024484,C010794,2025-07-13 21:00:00,Other,33,Bronze,TV,Chonburi,1015,CallCenter,COD,21,7,6,1,30-40,33.833333333333336,2.0,1.0,0.5,67,9,4118.39,0.08,0.5,0.0,0.0,0.0,0,0,0.0,1886.56,1,0,0.0,8236.78,2,1,0.5,8236.78,2,1,0.5,1
LGS2ORD0024485,C013045,2025-07-13 22:00:00,Female,56,Bronze,TV,Khon Kaen,542,Shopee,COD,22,7,6,1,>50,18.066666666666666,3.0,1.0,0.3333333333333333,144,139,2407.9933333333333,0.18,0.6666666666666666,0.0,0.0,0.0,0,0,0.0,0.0,0,0,0.0,0.0,0,0,0.0,7223.98,3,1,0.3333333333333333,0
LGS2ORD0024486,C017670,2025-07-13 22:00:00,Male,58,Gold,Shopee,Phuket,445,TV_Show,COD,22,7,6,1,>50,14.833333333333334,5.0,2.0,0.4,39,25,5290.622,0.33,0.6,0.6,0.0,0.0,0,0,0.0,5334.22,2,0,0.0,20425.91,4,1,0.25,26453.11,5,2,0.4,0
LGS2ORD0024487,C013481,2025-07-13 22:00:00,Male,39,Bronze,Shopee,Chonburi,876,TV_Show,PromptPay,22,7,6,1,30-40,29.2,3.0,1.0,0.3333333333333333,105,3,6758.033333333333,0.23,0.3333333333333333,0.3333333333333333,0.0,3642.71,1,0,0.0,3642.71,1,0,0.0,3642.71,1,0,0.0,20274.1,3,1,0.3333333333333333,0
LGS2ORD0024488,C010707,2025-07-13 22:00:00,Male,29,Platinum,Lazada,Bangkok,294,Lazada,Credit_Card,22,7,6,1,20-30,9.8,0.0,0.0,0.0,-1,-1,0.0,0.0,0.0,0.0,0.0,0.0,0,0,0.0,0.0,0,0,0.0,0.0,0,0,0.0,0.0,0,0,0.0,0
LGS2ORD0024489,C016234,2025-07-13 22:00:00,Male,46,Silver,Web,Bangkok,928,TV_Show,PromptPay,22,7,6,1,40-50,30.933333333333334,3.0,1.0,0.3333333333333333,151,34,14534.406666666668,0.2,1.0,0.0,0.0,0.0,0,0,0.0,0.0,0,0,0.0,42296.71,2,0,0.0,43603.22,3,1,0.3333333333333333,0
LGS2ORD0024490,C014472,2025-07-13 22:00:00,Male,35,Gold,Lazada,Bangkok,977,Web,Bank_Transfer,22,7,6,1,30-40,32.56666666666667,1.0,0.0,0.0,-1,69,4302.86,0.13,1.0,0.0,0.0,0.0,0,0,0.0,0.0,0,0,0.0,4302.86,1,0,0.0,4302.86,1,0,0.0,0
LGS2ORD0024491,C013269,2025-07-13 23:00:00,Male,38,Silver,Lazada,Bangkok,1322,Shopee,PromptPay,23,7,6,1,30-40,44.06666666666667,2.0,1.0,0.5,16,29,2523.84,0.25,0.5,1.0,0.0,0.0,0,0,0.0,1029.74,1,1,1.0,5047.68,2,1,0.5,5047.68,2,1,0.5,0
LGS2ORD0024492,C016729,2025-07-13 23:00:00,Male,43,Silver,Web,Bangkok,381,TV_Show,COD,23,7,6,1,40-50,12.7,4.0,0.0,0.0,-1,10,2994.385,0.25,0.0,0.5,0.0,0.0,0,0,0.0,3260.88,1,0,0.0,8311.060000000001,2,0,0.0,11977.54,4,0,0.0,0
LGS2ORD0024493,C015059,2025-07-13 23:00:00,Male,26,Silver,TV,Phuket,414,TV_Show,Credit_Card,23,7,6,1,20-30,13.8,2.0,2.0,1.0,0,8,6264.055,0.2,0.5,0.0,0.0,0.0,0,0,0.0,6963.88,1,1,1.0,6963.88,1,1,1.0,12528.11,2,2,1.0,0
LGS2ORD0024494,C011368,2025-07-13 23:00:00,Female,35,Platinum,TV,Chiang Mai,1279,Shopee,COD,23,7,6,1,30-40,42.63333333333333,3.0,0.0,0.0,-1,144,4857.376666666666,0.25,0.6666666666666666,0.3333333333333333,0.0,0.0,0,0,0.0,0.0,0,0,0.0,0.0,0,0,0.0,14572.13,3,0,0.0,0
LGS2ORD0024495,C011217,2025-07-13 23:00:00,Male,39,Bronze,CallCenter,Songkhla,1019,Lazada,COD,23,7,6,1,30-40,33.96666666666667,0.0,0.0,0.0,-1,-1,0.0,0.0,0.0,0.0,0.0,0.0,0,0,0.0,0.0,0,0,0.0,0.0,0,0,0.0,0.0,0,0,0.0,0
LGS2ORD0024496,C017746,2025-07-14 00:00:00,Male,65,Silver,TV,Chonburi,314,Shopee,COD,0,7,0,0,>50,10.466666666666667,4.0,1.0,0.25,55,12,3253.38,0.3,0.5,0.75,0.0,0.0,0,0,0.0,2931.88,1,0,0.0,11285.740000000002,3,1,0.3333333333333333,13013.52,4,1,0.25,0
LGS2ORD0024497,C013559,2025-07-14 00:00:00,Male,44,Silver,TV,Songkhla,306,Shopee,Credit_Card,0,7,0,0,40-50,10.2,4.0,2.0,0.5,38,17,5913.787499999999,0.25,1.0,0.25,0.0,0.0,0,0,0.0,2536.03,1,0,0.0,23151.5,3,2,0.6666666666666666,23655.149999999998,4,2,0.5,1
LGS2ORD0024498,C013696,2025-07-14 00:00:00,Male,46,Bronze,TV,Chiang Mai,1525,Web,Credit_Card,0,7,0,0,40-50,50.833333333333336,4.0,0.0,0.0,-1,9,3254.9825000000005,0.23,0.5,0.25,0.0,0.0,0,0,0.0,2177.26,1,0,0.0,2177.26,1,0,0.0,13019.930000000002,4,0,0.0,0
LGS2ORD0024499,C011799,2025-07-14 00:00:00,Female,30,Bronze,Shopee,Khon Kaen,1268,TV_Show,COD,0,7,0,0,20-30,42.266666666666666,3.0,1.0,0.3333333333333333,110,124,1238.9833333333333,0.23,0.3333333333333333,0.3333333333333333,0.0,0.0,0,0,0.0,0.0,0,0,0.0,0.0,0,0,0.0,3716.95,3,1,0.3333333333333333,0
LGS2ORD0024500,C016766,2025-07-14 00:00:00,Female,34,Bronze,Shopee,Chiang Mai,250,Lazada,PromptPay,0,7,0,0,30-40,8.333333333333334,2.0,0.0,0.0,-1,10,10246.105,0.08,0.5,0.0,0.0,0.0,0,0,0.0,16145.29,1,0,0.0,20492.21,2,0,0.0,20492.21,2,0,0.0,0
LGS2ORD0024501,C011349,2025-07-14 01:00:00,Male,32,Bronze,TV,Bangkok,1409,Lazada,Credit_Card,1,7,0,0,30-40,46.96666666666667,4.0,1.0,0.25,-2,5,2542.9975,0.23,0.5,0.25,0.0,1202.57,1,1,1.0,1202.57,1,1,1.0,8850.57,3,1,0.3333333333333333,10171.99,4,1,0.25,0
LGS2ORD0024502,C010888,2025-07-14 01:00:00,Other,36,Bronze,TV,Bangkok,1237,Web,COD,1,7,0,0,30-40,41.233333333333334,4.0,2.0,0.5,49,31,5519.6575,0.18,0.5,0.0,0.0,0.0,0,0,0.0,0.0,0,0,0.0,13023.61,3,2,0.6666666666666666,22078.63,4,2,0.5,1
LGS2ORD0024503,C017083,2025-07-14 01:00:00,Male,31,Bronze,Web,Chiang Mai,1181,Lazada,COD,1,7,0,0,30-40,39.36666666666667,5.0,1.0,0.2,180,91,2419.7079999999996,0.28,0.6,0.4,0.0,0.0,0,0,0.0,0.0,0,0,0.0,0.0,0,0,0.0,12098.539999999999,5,1,0.2,1
LGS2ORD0024504,C012858,2025-07-14 01:00:00,Male,45,Gold,Web,Chiang Mai,1647,TV_Show,Credit_Card,1,7,0,0,40-50,54.9,5.0,0.0,0.0,-1,4,1180.182,0.28,0.4,0.4,0.0,757.66,1,0,0.0,1163.99,2,0,0.0,1163.99,2,0,0.0,5900.91,5,0,0.0,0
LGS2ORD0024505,C010633,2025-07-14 01:00:00,Male,38,Bronze,Lazada,Remote_Area,341,Shopee,COD,1,7,0,0,30-40,11.366666666666667,1.0,1.0,1.0,110,123,1166.17,0.28,1.0,1.0,0.0,0.0,0,0,0.0,0.0,0,0,0.0,0.0,0,0,0.0,1166.17,1,1,1.0,0
LGS2ORD0024506,C013125,2025-07-14 02:00:00,Male,37,Platinum,Shopee,Chonburi,829,Web,Bank_Transfer,2,7,0,0,30-40,27.633333333333333,2.0,1.0,0.5,-5,3,7983.570000000001,0.2,0.5,0.0,0.0,2491.1,1,1,1.0,2491.1,1,1,1.0,2491.1,1,1,1.0,15967.140000000001,2,1,0.5,0
LGS2ORD0024507,C014937,2025-07-14 02:00:00,Male,42,Bronze,Shopee,Phuket,1267,TV_Show,COD,2,7,0,0,40-50,42.233333333333334,2.0,0.0,0.0,-1,77,4106.64,0.08,1.0,0.0,0.0,0.0,0,0,0.0,0.0,0,0,0.0,199.16,1,0,0.0,8213.28,2,0,0.0,1
LGS2ORD0024508,C014018,2025-07-14 02:00:00,Male,37,Gold,Web,Bangkok,465,Lazada,Credit_Card,2,7,0,0,30-40,15.5,3.0,2.0,0.6666666666666666,11,18,16669.56333333333,0.28,0.3333333333333333,0.3333333333333333,0.0,0.0,0,0,0.0,5725.99,1,1,1.0,5725.99,1,1,1.0,50008.689999999995,3,2,0.6666666666666666,0
LGS2ORD0024509,C017422,2025-07-14 02:00:00,Male,44,Bronze,CallCenter,Bangkok,778,TV_Show,COD,2,7,0,0,40-50,25.933333333333334,4.0,1.0,0.25,81,34,4311.0975,0.23,0.25,0.25,0.0,0.0,0,0,0.0,0.0,0,0,0.0,1916.92,1,0,0.0,17244.39,4,1,0.25,0
LGS2ORD0024510,C010401,2025-07-14 02:00:00,Female,37,Bronze,Lazada,Phuket,1313,CallCenter,COD,2,7,0,0,30-40,43.766666666666666,4.0,3.0,0.75,84,96,6032.250000000001,0.23,0.5,0.5,0.0,0.0,0,0,0.0,0.0,0,0,0.0,0.0,0,0,0.0,24129.000000000004,4,3,0.75,1
LGS2ORD0024511,C011822,2025-07-14 02:00:00,Female,48,Bronze,Web,Chonburi,632,Lazada,COD,2,7,0,0,40-50,21.066666666666666,0.0,0.0,0.0,-1,-1,0.0,0.0,0.0,0.0,0.0,0.0,0,0,0.0,0.0,0,0,0.0,0.0,0,0,0.0,0.0,0,0,0.0,0
LGS2ORD0024512,C016535,2025-07-14 03:00:00,Male,51,Bronze,Web,Khon Kaen,1517,Lazada,Credit_Card,3,7,0,0,>50,50.56666666666667,5.0,1.0,0.2,165,33,5198.192,0.28,0.4,0.2,0.0,0.0,0,0,0.0,0.0,0,0,0.0,13623.84,3,0,0.0,25990.96,5,1,0.2,0
LGS2ORD0024513,C012457,2025-07-14 03:00:00,Female,32,Platinum,Lazada,Bangkok,872,Web,Credit_Card,3,7,0,0,30-40,29.066666666666666,2.0,0.0,0.0,-1,6,10432.595,0.25,0.0,0.5,0.0,15099.32,1,0,0.0,15099.32,1,0,0.0,15099.32,1,0,0.0,20865.19,2,0,0.0,0
LGS2ORD0024514,C011823,2025-07-14 03:00:00,Male,39,Bronze,Lazada,Chiang Mai,823,Web,PromptPay,3,7,0,0,30-40,27.433333333333334,2.0,1.0,0.5,80,91,2943.19,0.23,1.0,0.5,0.0,0.0,0,0,0.0,0.0,0,0,0.0,0.0,0,0,0.0,5886.38,2,1,0.5,0
LGS2ORD0024515,C017588,2025-07-14 03:00:00,Female,44,Bronze,CallCenter,Phuket,420,CallCenter,COD,3,7,0,0,40-50,14.0,6.0,1.0,0.16666666666666666,81,22,10449.803333333333,0.18,0.16666666666666666,0.0,0.0,0.0,0,0,0.0,29773.25,1,0,0.0,55115.24,4,1,0.25,62698.82,6,1,0.16666666666666666,0
LGS2ORD0024516,C013806,2025-07-14 03:00:00,Male,41,Silver,Shopee,Bangkok,1400,Lazada,COD,3,7,0,0,40-50,46.666666666666664,2.0,0.0,0.0,-1,67,1834.7949999999998,0.25,0.5,0.5,0.0,0.0,0,0,0.0,0.0,0,0,0.0,764.1,1,0,0.0,3669.5899999999997,2,0,0.0,0
LGS2ORD0024517,C012024,2025-07-14 04:00:00,Male,35,Silver,Web,Bangkok,1605,TV_Show,COD,4,7,0,0,30-40,53.5,7.0,1.0,0.14285714285714285,65,55,7397.51142857143,0.25,0.7142857142857143,0.42857142857142855,0.0,0.0,0,0,0.0,0.0,0,0,0.0,24066.06,3,1,0.3333333333333333,51782.58000000001,7,1,0.14285714285714285,1
LGS2ORD0024518,C016052,2025-07-14 04:00:00,Male,31,Platinum,TV,Songkhla,405,TV_Show,PromptPay,4,7,0,0,30-40,13.5,1.0,0.0,0.0,-1,127,1847.24,0.35,0.0,1.0,0.0,0.0,0,0,0.0,0.0,0,0,0.0,0.0,0,0,0.0,1847.24,1,0,0.0,1
LGS2ORD0024519,C010304,2025-07-14 04:00:00,Female,67,Bronze,Shopee,Nakhon Ratchasima,1091,TV_Show,Credit_Card,4,7,0,0,>50,36.36666666666667,6.0,1.0,0.16666666666666666,177,3,3284.73,0.23,0.8333333333333334,0.16666666666666666,0.0,2148.21,1,0,0.0,2148.21,1,0,0.0,8263.41,2,0,0.0,19708.38,6,1,0.16666666666666666,0
LGS2ORD0024520,C010967,2025-07-14 04:00:00,Female,31,Silver,Shopee,Nakhon Ratchasima,1366,Web,Bank_Transfer,4,7,0,0,30-40,45.53333333333333,3.0,1.0,0.3333333333333333,7,17,2049.72,0.2,0.6666666666666666,0.0,0.0,0.0,0,0,0.0,1490.01,1,1,1.0,2305.7200000000003,2,1,0.5,6149.16,3,1,0.3333333333333333,0
LGS2ORD0024521,C010051,2025-07-14 04:00:00,Female,47,Silver,Web,Khon Kaen,634,Shopee,Credit_Card,4,7,0,0,40-50,21.133333333333333,1.0,0.0,0.0,-1,176,512.15,0.05,0.0,0.0,0.0,0.0,0,0,0.0,0.0,0,0,0.0,0.0,0,0,0.0,512.15,1,0,0.0,0
LGS2ORD0024522,C015178,2025-07-14 05:00:00,Female,28,Gold,CallCenter,Songkhla,1275,CallCenter,Credit_Card,5,7,0,0,20-30,42.5,2.0,2.0,1.0,1,13,4025.33,0.28,1.0,1.0,0.0,0.0,0,0,0.0,1817.95,1,1,1.0,1817.95,1,1,1.0,8050.66,2,2,1.0,0
LGS2ORD0024523,C016959,2025-07-14 05:00:00,Male,32,Gold,Lazada,Khon Kaen,261,CallCenter,COD,5,7,0,0,30-40,8.7,2.0,0.0,0.0,-1,16,4128.110000000001,0.2299999999999999,0.5,0.5,0.0,0.0,0,0,0.0,7702.18,1,0,0.0,7702.18,1,0,0.0,8256.220000000001,2,0,0.0,0
LGS2ORD0024524,C014911,2025-07-14 05:00:00,Male,39,Bronze,Web,Bangkok,631,Web,Bank_Transfer,5,7,0,0,30-40,21.033333333333335,6.0,4.0,0.6666666666666666,37,35,5473.989999999999,0.23,0.3333333333333333,0.5,0.0,0.0,0,0,0.0,0.0,0,0,0.0,29659.46,4,2,0.5,32843.939999999995,6,4,0.6666666666666666,0
LGS2ORD0024525,C017524,2025-07-14 05:00:00,Male,48,Bronze,Shopee,Remote_Area,1287,Lazada,Bank_Transfer,5,7,0,0,40-50,42.9,5.0,5.0,1.0,0,7,3666.218,0.23,0.6,0.4,0.0,0.0,0,0,0.0,3242.69,1,1,1.0,4152.48,2,2,1.0,18331.09,5,5,1.0,0
LGS2ORD0024526,C016065,2025-07-14 05:00:00,Male,49,Gold,Shopee,Khon Kaen,1625,TV_Show,Credit_Card,5,7,0,0,40-50,54.166666666666664,1.0,0.0,0.0,-1,64,1438.36,0.28,0.0,1.0,0.0,0.0,0,0,0.0,0.0,0,0,0.0,1438.36,1,0,0.0,1438.36,1,0,0.0,0
LGS2ORD0024527,C016998,2025-07-14 06:00:00,Female,53,Platinum,Web,Bangkok,621,Lazada,COD,6,7,0,0,>50,20.7,2.0,0.0,0.0,-1,29,10662.51,0.2,0.0,0.0,0.0,0.0,0,0,0.0,5056.91,1,0,0.0,5056.91,1,0,0.0,21325.02,2,0,0.0,0
LGS2ORD0024528,C016575,2025-07-14 06:00:00,Male,53,Silver,Web,Khon Kaen,1259,CallCenter,COD,6,7,0,0,>50,41.96666666666667,3.0,0.0,0.0,-1,54,8117.639999999999,0.2,0.0,0.0,0.0,0.0,0,0,0.0,0.0,0,0,0.0,10731.44,1,0,0.0,24352.92,3,0,0.0,1
LGS2ORD0024529,C013912,2025-07-14 06:00:00,Female,37,Bronze,CallCenter,Chonburi,1275,CallCenter,COD,6,7,0,0,30-40,42.5,2.0,0.0,0.0,-1,84,3208.81,0.28,0.5,0.5,0.0,0.0,0,0,0.0,0.0,0,0,0.0,4928.78,1,0,0.0,6417.62,2,0,0.0,0
LGS2ORD0024530,C012675,2025-07-14 06:00:00,Male,64,Bronze,TV,Phuket,696,Shopee,COD,6,7,0,0,>50,23.2,3.0,1.0,0.3333333333333333,138,106,1411.993333333333,0.23,1.0,0.3333333333333333,0.0,0.0,0,0,0.0,0.0,0,0,0.0,0.0,0,0,0.0,4235.98,3,1,0.3333333333333333,0
LGS2ORD0024531,C014481,2025-07-14 06:00:00,Female,48,Silver,TV,Bangkok,1288,Shopee,PromptPay,6,7,0,0,40-50,42.93333333333333,4.0,0.0,0.0,-1,29,1504.7849999999999,0.25,0.5,0.5,0.0,0.0,0,0,0.0,1045.48,1,0,0.0,4419.75,3,0,0.0,6019.139999999999,4,0,0.0,0
LGS2ORD0024532,C014080,2025-07-14 06:00:00,Male,29,Bronze,Shopee,Songkhla,1543,CallCenter,COD,6,7,0,0,20-30,51.43333333333333,5.0,1.0,0.2,84,13,9909.83,0.23,0.4,0.2,0.0,0.0,0,0,0.0,22857.88,1,0,0.0,47765.100000000006,4,1,0.25,49549.15,5,1,0.2,0
LGS2ORD0024533,C016877,2025-07-14 07:00:00,Other,72,Gold,Shopee,Bangkok,1544,Lazada,Credit_Card,7,7,0,0,>50,51.46666666666667,3.0,1.0,0.3333333333333333,147,132,5927.866666666668,0.28,0.6666666666666666,0.6666666666666666,0.0,0.0,0,0,0.0,0.0,0,0,0.0,0.0,0,0,0.0,17783.600000000002,3,1,0.3333333333333333,0
LGS2ORD0024534,C011723,2025-07-14 07:00:00,Male,50,Silver,TV,Chonburi,364,Web,Bank_Transfer,7,7,0,0,40-50,12.133333333333333,2.0,1.0,0.5,96,26,1027.315,0.1,0.5,0.0,0.0,0.0,0,0,0.0,390.24,1,0,0.0,390.24,1,0,0.0,2054.63,2,1,0.5,1
LGS2ORD0024535,C010687,2025-07-14 07:00:00,Other,43,Silver,TV,Nakhon Ratchasima,1208,TV_Show,COD,7,7,0,0,40-50,40.266666666666666,4.0,0.0,0.0,-1,43,5593.1900000000005,0.25,0.75,0.25,0.0,0.0,0,0,0.0,0.0,0,0,0.0,2132.58,1,0,0.0,22372.760000000002,4,0,0.0,0
LGS2ORD0024536,C010617,2025-07-14 07:00:00,Male,40,Silver,CallCenter,Khon Kaen,681,Shopee,COD,7,7,0,0,30-40,22.7,1.0,0.0,0.0,-1,186,5886.7,0.15,0.0,0.0,0.0,0.0,0,0,0.0,0.0,0,0,0.0,0.0,0,0,0.0,5886.7,1,0,0.0,0
LGS2ORD0024537,C012601,2025-07-14 07:00:00,Male,22,Gold,Shopee,Bangkok,1404,Shopee,PromptPay,7,7,0,0,20-30,46.8,2.0,1.0,0.5,12,18,2764.885,0.28,0.5,0.5,0.0,0.0,0,0,0.0,4668.92,1,1,1.0,4668.92,1,1,1.0,5529.77,2,1,0.5,0
LGS2ORD0024538,C016073,2025-07-14 08:00:00,Female,32,Bronze,Shopee,Bangkok,702,Web,PromptPay,8,7,0,0,30-40,23.4,10.0,1.0,0.1,47,52,7833.609000000001,0.23,0.7,0.2,0.0,0.0,0,0,0.0,0.0,0,0,0.0,6280.360000000001,3,1,0.3333333333333333,78336.09000000001,10,1,0.1,0
LGS2ORD0024539,C011581,2025-07-14 08:00:00,Male,59,Bronze,Lazada,Phuket,671,TV_Show,COD,8,7,0,0,>50,22.366666666666667,3.0,1.0,0.3333333333333333,98,19,1098.6833333333334,0.28,0.6666666666666666,0.6666666666666666,0.0,0.0,0,0,0.0,1508.7,1,0,0.0,1508.7,1,0,0.0,3296.05,3,1,0.3333333333333333,0
LGS2ORD0024540,C010333,2025-07-14 08:00:00,Male,40,Silver,Web,Songkhla,644,TV_Show,Credit_Card,8,7,0,0,30-40,21.466666666666665,8.0,3.0,0.375,89,52,5841.605,0.25,0.625,0.125,0.0,0.0,0,0,0.0,0.0,0,0,0.0,7675.1900000000005,3,0,0.0,46732.84,8,3,0.375,1
LGS2ORD0024541,C012870,2025-07-14 08:00:00,Male,55,Silver,Web,Bangkok,813,Web,COD,8,7,0,0,>50,27.1,8.0,2.0,0.25,-1,6,3259.19875,0.3,0.25,0.25,0.0,2428.01,1,1,1.0,2428.01,1,1,1.0,3517.6900000000005,2,1,0.5,26073.59,8,2,0.25,0
LGS2ORD0024542,C010987,2025-07-14 08:00:00,Female,37,Bronze,Lazada,Songkhla,854,Shopee,COD,8,7,0,0,30-40,28.466666666666665,4.0,0.0,0.0,-1,20,7076.625000000001,0.23,0.25,0.25,0.0,0.0,0,0,0.0,2146.14,1,0,0.0,26701.760000000002,3,0,0.0,28306.500000000004,4,0,0.0,0
LGS2ORD0024543,C016286,2025-07-14 09:00:00,Male,47,Gold,CallCenter,Nakhon Ratchasima,1392,Shopee,PromptPay,9,7,0,0,40-50,46.4,5.0,1.0,0.2,-4,3,8440.038,0.33,0.2,0.6,0.0,30797.36,1,1,1.0,33030.68,2,1,0.5,40069.520000000004,3,1,0.3333333333333333,42200.19,5,1,0.2,0
LGS2ORD0024544,C015819,2025-07-14 09:00:00,Female,29,Bronze,TV,Bangkok,525,TV_Show,PromptPay,9,7,0,0,20-30,17.5,4.0,0.0,0.0,-1,1,2829.115,0.08,0.5,0.0,0.0,7551.85,1,0,0.0,9991.87,2,0,0.0,10669.18,3,0,0.0,11316.46,4,0,0.0,0
LGS2ORD0024545,C015939,2025-07-14 09:00:00,Female,46,Bronze,Lazada,Bangkok,210,Shopee,COD,9,7,0,0,40-50,7.0,1.0,1.0,1.0,32,48,7585.2,0.08,1.0,0.0,0.0,0.0,0,0,0.0,0.0,0,0,0.0,7585.2,1,1,1.0,7585.2,1,1,1.0,0
LGS2ORD0024546,C011966,2025-07-14 09:00:00,Female,18,Gold,CallCenter,Chonburi,682,Web,COD,9,7,0,0,<20,22.733333333333334,1.0,0.0,0.0,-1,172,3323.88,0.13,0.0,0.0,0.0,0.0,0,0,0.0,0.0,0,0,0.0,0.0,0,0,0.0,3323.88,1,0,0.0,1
LGS2ORD0024547,C011882,2025-07-14 09:00:00,Female,33,Gold,Lazada,Chonburi,1062,TV_Show,Bank_Transfer,9,7,0,0,30-40,35.4,1.0,0.0,0.0,-1,35,6484.34,0.33,0.0,1.0,0.0,0.0,0,0,0.0,0.0,0,0,0.0,6484.34,1,0,0.0,6484.34,1,0,0.0,0
LGS2ORD0024548,C015262,2025-07-14 09:00:00,Female,27,Bronze,Lazada,Nakhon Ratchasima,424,Web,PromptPay,9,7,0,0,20-30,14.133333333333333,3.0,0.0,0.0,-1,33,4314.393333333333,0.13,0.3333333333333333,0.0,0.0,0.0,0,0,0.0,0.0,0,0,0.0,2540.5,1,0,0.0,12943.18,3,0,0.0,0
LGS2ORD0024549,C011850,2025-07-14 10:00:00,Male,57,Bronze,Shopee,Remote_Area,496,TV_Show,COD,10,7,0,0,>50,16.533333333333335,6.0,2.0,0.3333333333333333,68,40,4548.1016666666665,0.18,0.8333333333333334,0.0,0.0,0.0,0,0,0.0,0.0,0,0,0.0,24530.230000000003,4,1,0.25,27288.61,6,2,0.3333333333333333,0
LGS2ORD0024550,C016800,2025-07-14 10:00:00,Female,34,Bronze,TV,Bangkok,807,CallCenter,COD,10,7,0,0,30-40,26.9,2.0,1.0,0.5,138,144,3030.91,0.23,0.0,0.5,0.0,0.0,0,0,0.0,0.0,0,0,0.0,0.0,0,0,0.0,6061.82,2,1,0.5,0
LGS2ORD0024551,C011697,2025-07-14 10:00:00,Male,41,Gold,Lazada,Bangkok,1577,TV_Show,COD,10,7,0,0,40-50,52.56666666666667,2.0,0.0,0.0,-1,100,3054.27,0.13,1.0,0.0,0.0,0.0,0,0,0.0,0.0,0,0,0.0,0.0,0,0,0.0,6108.54,2,0,0.0,0
LGS2ORD0024552,C012417,2025-07-14 10:00:00,Female,43,Silver,Web,Bangkok,354,Web,COD,10,7,0,0,40-50,11.8,0.0,0.0,0.0,-1,-1,0.0,0.0,0.0,0.0,0.0,0.0,0,0,0.0,0.0,0,0,0.0,0.0,0,0,0.0,0.0,0,0,0.0,0
LGS2ORD0024553,C012712,2025-07-14 10:00:00,Female,47,Bronze,TV,Songkhla,779,TV_Show,COD,10,7,0,0,40-50,25.966666666666665,7.0,1.0,0.14285714285714285,173,9,4541.3328571428565,0.23,0.42857142857142855,0.14285714285714285,0.0,0.0,0,0,0.0,8659.5,1,0,0.0,9085.66,2,0,0.0,31789.329999999998,7,1,0.14285714285714285,1
LGS2ORD0024554,C016863,2025-07-14 11:00:00,Male,61,Bronze,TV,Songkhla,238,TV_Show,Credit_Card,11,7,0,0,>50,7.933333333333334,5.0,0.0,0.0,-1,6,8876.342,0.23,0.6,0.2,0.0,3566.68,1,0,0.0,3566.68,1,0,0.0,23040.65,4,0,0.0,44381.71,5,0,0.0,0
LGS2ORD0024555,C012370,2025-07-14 11:00:00,Female,64,Bronze,Shopee,Remote_Area,1521,Web,PromptPay,11,7,0,0,>50,50.7,1.0,0.0,0.0,-1,148,7331.84,0.03,1.0,0.0,0.0,0.0,0,0,0.0,0.0,0,0,0.0,0.0,0,0,0.0,7331.84,1,0,0.0,1
LGS2ORD0024556,C010016,2025-07-14 11:00:00,Male,39,Silver,Web,Chonburi,964,Shopee,COD,11,7,0,0,30-40,32.13333333333333,5.0,1.0,0.2,140,31,3920.476,0.3,0.4,0.4,0.0,0.0,0,0,0.0,0.0,0,0,0.0,3491.3700000000003,2,0,0.0,19602.38,5,1,0.2,0
LGS2ORD0024557,C011268,2025-07-14 11:00:00,Female,43,Gold,Lazada,Khon Kaen,1542,CallCenter,COD,11,7,0,0,40-50,51.4,6.0,1.0,0.16666666666666666,58,32,3521.4133333333334,0.28,0.5,0.8333333333333334,0.0,0.0,0,0,0.0,0.0,0,0,0.0,6347.29,3,1,0.3333333333333333,21128.48,6,1,0.16666666666666666,0
LGS2ORD0024558,C017291,2025-07-14 11:00:00,Female,34,Bronze,TV,Songkhla,1477,TV_Show,PromptPay,11,7,0,0,30-40,49.233333333333334,1.0,0.0,0.0,-1,97,1439.84,0.03,0.0,0.0,0.0,0.0,0,0,0.0,0.0,0,0,0.0,0.0,0,0,0.0,1439.84,1,0,0.0,0
LGS2ORD0024559,C016767,2025-07-14 12:00:00,Female,54,Bronze,TV,Remote_Area,277,Web,COD,12,7,0,0,>50,9.233333333333333,5.0,2.0,0.4,111,85,4187.838000000001,0.23,0.0,0.2,0.0,0.0,0,0,0.0,0.0,0,0,0.0,8801.84,1,0,0.0,20939.190000000002,5,2,0.4,1
LGS2ORD0024560,C010139,2025-07-14 12:00:00,Female,51,Silver,TV,Phuket,808,Shopee,COD,12,7,0,0,>50,26.933333333333334,3.0,3.0,1.0,35,40,1487.1566666666668,0.25,0.6666666666666666,0.3333333333333333,0.0,0.0,0,0,0.0,0.0,0,0,0.0,3784.8,1,1,1.0,4461.47,3,3,1.0,1
LGS2ORD0024561,C017224,2025-07-14 12:00:00,Female,43,Gold,Shopee,Chiang Mai,861,Web,COD,12,7,0,0,40-50,28.7,2.0,0.0,0.0,-1,113,2769.54,0.13,0.5,0.0,0.0,0.0,0,0,0.0,0.0,0,0,0.0,0.0,0,0,0.0,5539.08,2,0,0.0,0
LGS2ORD0024562,C010354,2025-07-14 12:00:00,Male,33,Bronze,TV,Chonburi,1259,Web,Credit_Card,12,7,0,0,30-40,41.96666666666667,3.0,2.0,0.6666666666666666,96,55,8940.666666666666,0.28,0.3333333333333333,0.3333333333333333,0.0,0.0,0,0,0.0,0.0,0,0,0.0,10673.63,1,0,0.0,26822.0,3,2,0.6666666666666666,0
LGS2ORD0024563,C011887,2025-07-14 12:00:00,Female,56,Gold,CallCenter,Bangkok,1330,Shopee,PromptPay,12,7,0,0,>50,44.333333333333336,4.0,1.0,0.25,82,56,8540.3025,0.33,0.5,0.5,0.0,0.0,0,0,0.0,0.0,0,0,0.0,3218.9,1,0,0.0,34161.21,4,1,0.25,0
LGS2ORD0024564,C017510,2025-07-14 13:00:00,Male,32,Gold,CallCenter,Khon Kaen,1496,TV_Show,PromptPay,13,7,0,0,30-40,49.86666666666667,3.0,2.0,0.6666666666666666,82,79,2722.6733333333336,0.33,0.6666666666666666,0.3333333333333333,0.0,0.0,0,0,0.0,0.0,0,0,0.0,340.66,1,0,0.0,8168.02,3,2,0.6666666666666666,0
LGS2ORD0024565,C017828,2025-07-14 13:00:00,Male,35,Gold,Shopee,Khon Kaen,1231,Shopee,COD,13,7,0,0,30-40,41.03333333333333,1.0,0.0,0.0,-1,153,10747.7,0.08,1.0,0.0,0.0,0.0,0,0,0.0,0.0,0,0,0.0,0.0,0,0,0.0,10747.7,1,0,0.0,0
LGS2ORD0024566,C014066,2025-07-14 13:00:00,Female,37,Platinum,Shopee,Phuket,1139,CallCenter,Credit_Card,13,7,0,0,30-40,37.96666666666667,1.0,1.0,1.0,52,55,2323.25,0.1,0.0,0.0,0.0,0.0,0,0,0.0,0.0,0,0,0.0,2323.25,1,1,1.0,2323.25,1,1,1.0,0
LGS2ORD0024567,C016825,2025-07-14 13:00:00,Female,49,Bronze,Shopee,Nakhon Ratchasima,661,TV_Show,Bank_Transfer,13,7,0,0,40-50,22.033333333333335,3.0,2.0,0.6666666666666666,111,120,8943.72,0.18,1.0,0.0,0.0,0.0,0,0,0.0,0.0,0,0,0.0,0.0,0,0,0.0,26831.16,3,2,0.6666666666666666,0
LGS2ORD0024568,C017685,2025-07-14 13:00:00,Female,45,Bronze,TV,Khon Kaen,245,Shopee,COD,13,7,0,0,40-50,8.166666666666666,3.0,0.0,0.0,-1,4,11062.853333333334,0.18,0.6666666666666666,0.0,0.0,5416.17,1,0,0.0,5416.17,1,0,0.0,7717.23,2,0,0.0,33188.560000000005,3,0,0.0,0
LGS2ORD0024569,C014803,2025-07-14 13:00:00,Female,54,Bronze,TV,Chiang Mai,1280,CallCenter,COD,13,7,0,0,>50,42.666666666666664,1.0,0.0,0.0,-1,145,4659.05,0.03,1.0,0.0,0.0,0.0,0,0,0.0,0.0,0,0,0.0,0.0,0,0,0.0,4659.05,1,0,0.0,0
LGS2ORD0024570,C015615,2025-07-14 14:00:00,Male,34,Platinum,TV,Bangkok,597,Shopee,COD,14,7,0,0,30-40,19.9,2.0,0.0,0.0,-1,51,3857.71,0.15,0.5,0.0,0.0,0.0,0,0,0.0,0.0,0,0,0.0,677.38,1,0,0.0,7715.42,2,0,0.0,1
LGS2ORD0024571,C011749,2025-07-14 14:00:00,Female,47,Bronze,TV,Khon Kaen,278,TV_Show,COD,14,7,0,0,40-50,9.266666666666667,6.0,2.0,0.3333333333333333,46,58,7920.3966666666665,0.28,0.6666666666666666,0.3333333333333333,0.0,0.0,0,0,0.0,0.0,0,0,0.0,23620.16,3,2,0.6666666666666666,47522.38,6,2,0.3333333333333333,1
LGS2ORD0024572,C015789,2025-07-14 14:00:00,Male,46,Gold,TV,Chonburi,741,Web,PromptPay,14,7,0,0,40-50,24.7,2.0,0.0,0.0,-1,44,2760.5,0.28,1.0,0.5,0.0,0.0,0,0,0.0,0.0,0,0,0.0,5521.0,2,0,0.0,5521.0,2,0,0.0,0
LGS2ORD0024573,C013662,2025-07-14 14:00:00,Female,39,Silver,Web,Bangkok,387,Web,COD,14,7,0,0,30-40,12.9,2.0,1.0,0.5,7,19,2732.4049999999997,0.2,0.0,0.0,0.0,0.0,0,0,0.0,5464.8099999999995,2,1,0.5,5464.8099999999995,2,1,0.5,5464.8099999999995,2,1,0.5,0
LGS2ORD0024574,C013792,2025-07-14 14:00:00,Female,48,Silver,Web,Bangkok,1447,Shopee,COD,14,7,0,0,40-50,48.233333333333334,2.0,0.0,0.0,-1,45,1537.2599999999998,0.25,0.5,0.5,0.0,0.0,0,0,0.0,0.0,0,0,0.0,2380.47,1,0,0.0,3074.5199999999995,2,0,0.0,0
LGS2ORD0024575,C014099,2025-07-14 15:00:00,Male,35,Platinum,Lazada,Bangkok,997,Web,COD,15,7,0,0,30-40,33.233333333333334,1.0,0.0,0.0,-1,188,9699.19,0.35,1.0,1.0,0.0,0.0,0,0,0.0,0.0,0,0,0.0,0.0,0,0,0.0,9699.19,1,0,0.0,0
LGS2ORD0024576,C016301,2025-07-14 15:00:00,Male,46,Platinum,Shopee,Chonburi,323,Web,PromptPay,15,7,0,0,40-50,10.766666666666667,1.0,1.0,1.0,68,80,1199.8,0.25,1.0,1.0,0.0,0.0,0,0,0.0,0.0,0,0,0.0,1199.8,1,1,1.0,1199.8,1,1,1.0,0
LGS2ORD0024577,C017787,2025-07-14 15:00:00,Female,45,Silver,Lazada,Remote_Area,1616,CallCenter,PromptPay,15,7,0,0,40-50,53.86666666666667,1.0,0.0,0.0,-1,39,3922.37,0.2,1.0,0.0,0.0,0.0,0,0,0.0,0.0,0,0,0.0,3922.37,1,0,0.0,3922.37,1,0,0.0,0
LGS2ORD0024578,C015477,2025-07-14 15:00:00,Female,46,Bronze,Shopee,Chonburi,1216,Shopee,Credit_Card,15,7,0,0,40-50,40.53333333333333,6.0,2.0,0.3333333333333333,18,29,2759.0699999999997,0.18,0.6666666666666666,0.0,0.0,0.0,0,0,0.0,498.05,1,1,1.0,5902.1,3,1,0.3333333333333333,16554.42,6,2,0.3333333333333333,0
LGS2ORD0024579,C017801,2025-07-14 15:00:00,Female,50,Bronze,Shopee,Phuket,543,Shopee,COD,15,7,0,0,40-50,18.1,8.0,3.0,0.375,16,6,3155.9474999999998,0.23,0.5,0.125,0.0,9812.74,1,0,0.0,13935.22,3,1,0.3333333333333333,15029.1,4,2,0.5,25247.579999999998,8,3,0.375,0
LGS2ORD0024580,C015647,2025-07-14 16:00:00,Other,46,Bronze,TV,Remote_Area,945,Web,COD,16,7,0,0,40-50,31.5,5.0,2.0,0.4,36,7,4319.7660000000005,0.28,0.2,0.4,0.0,0.0,0,0,0.0,782.97,1,0,0.0,8029.97,2,1,0.5,21598.83,5,2,0.4,1
LGS2ORD0024581,C017048,2025-07-14 16:00:00,Male,46,Bronze,Lazada,Khon Kaen,1216,Web,COD,16,7,0,0,40-50,40.53333333333333,6.0,0.0,0.0,-1,32,4001.068333333334,0.28,0.8333333333333334,0.16666666666666666,0.0,0.0,0,0,0.0,0.0,0,0,0.0,7104.9,2,0,0.0,24006.410000000003,6,0,0.0,0
LGS2ORD0024582,C013852,2025-07-14 16:00:00,Male,51,Bronze,TV,Chonburi,1545,CallCenter,PromptPay,16,7,0,0,>50,51.5,7.0,2.0,0.2857142857142857,127,2,2481.452857142857,0.28,0.42857142857142855,0.2857142857142857,0.0,5264.36,1,0,0.0,6160.679999999999,2,0,0.0,8358.3,3,0,0.0,17370.17,7,2,0.2857142857142857,1
LGS2ORD0024583,C010714,2025-07-14 16:00:00,Female,49,Bronze,TV,Remote_Area,1074,Shopee,Bank_Transfer,16,7,0,0,40-50,35.8,5.0,2.0,0.4,82,8,6134.942000000001,0.28,0.4,0.6,0.0,0.0,0,0,0.0,7769.02,2,0,0.0,21191.22,3,1,0.3333333333333333,30674.710000000003,5,2,0.4,0
LGS2ORD0024584,C011448,2025-07-14 16:00:00,Male,65,Silver,Lazada,Bangkok,1051,Shopee,COD,16,7,0,0,>50,35.03333333333333,1.0,0.0,0.0,-1,72,3020.43,0.05,1.0,0.0,0.0,0.0,0,0,0.0,0.0,0,0,0.0,3020.43,1,0,0.0,3020.43,1,0,0.0,0
LGS2ORD0024585,C010985,2025-07-14 17:00:00,Male,48,Bronze,Shopee,Bangkok,1500,Shopee,PromptPay,17,7,0,0,40-50,50.0,4.0,0.0,0.0,-1,3,3220.295,0.18,0.25,0.0,0.0,2240.71,1,0,0.0,3019.16,2,0,0.0,3019.16,2,0,0.0,12881.18,4,0,0.0,1
LGS2ORD0024586,C011864,2025-07-14 17:00:00,Female,32,Bronze,Lazada,Khon Kaen,280,Lazada,PromptPay,17,7,0,0,30-40,9.333333333333334,5.0,0.0,0.0,-1,11,2725.206,0.28,0.6,0.6,0.0,0.0,0,0,0.0,5411.25,1,0,0.0,9659.58,4,0,0.0,13626.03,5,0,0.0,1
LGS2ORD0024587,C012371,2025-07-14 17:00:00,Female,46,Bronze,TV,Khon Kaen,1624,Lazada,COD,17,7,0,0,40-50,54.13333333333333,4.0,2.0,0.5,15,25,3971.7825000000003,0.18,0.5,0.0,0.0,0.0,0,0,0.0,4729.139999999999,2,1,0.5,4729.139999999999,2,1,0.5,15887.130000000001,4,2,0.5,0
LGS2ORD0024588,C013632,2025-07-14 17:00:00,Female,32,Bronze,Shopee,Bangkok,257,Lazada,Bank_Transfer,17,7,0,0,30-40,8.566666666666666,2.0,2.0,1.0,33,36,6431.985,0.23,1.0,0.5,0.0,0.0,0,0,0.0,0.0,0,0,0.0,8337.21,1,1,1.0,12863.97,2,2,1.0,0
LGS2ORD0024589,C014758,2025-07-14 17:00:00,Female,52,Bronze,Lazada,Khon Kaen,1081,TV_Show,Credit_Card,17,7,0,0,>50,36.03333333333333,2.0,0.0,0.0,-1,49,1373.47,0.23,0.5,1.0,0.0,0.0,0,0,0.0,0.0,0,0,0.0,1476.93,1,0,0.0,2746.94,2,0,0.0,0
LGS2ORD0024590,C010875,2025-07-14 17:00:00,Male,54,Bronze,CallCenter,Chonburi,884,Lazada,COD,17,7,0,0,>50,29.466666666666665,8.0,2.0,0.25,25,33,7368.80625,0.18,0.375,0.0,0.0,0.0,0,0,0.0,0.0,0,0,0.0,42991.79,4,1,0.25,58950.45,8,2,0.25,0
LGS2ORD0024591,C014207,2025-07-14 18:00:00,Male,28,Bronze,Lazada,Bangkok,996,Shopee,Credit_Card,18,7,0,0,20-30,33.2,2.0,1.0,0.5,156,173,3870.165,0.03,1.0,0.0,0.0,0.0,0,0,0.0,0.0,0,0,0.0,0.0,0,0,0.0,7740.33,2,1,0.5,0
LGS2ORD0024592,C015792,2025-07-14 18:00:00,Female,26,Silver,CallCenter,Bangkok,995,TV_Show,COD,18,7,0,0,20-30,33.166666666666664,6.0,2.0,0.3333333333333333,49,1,5239.138333333333,0.3,0.5,0.3333333333333333,0.0,2319.14,1,0,0.0,2319.14,1,0,0.0,9019.11,4,2,0.5,31434.83,6,2,0.3333333333333333,1
LGS2ORD0024593,C016221,2025-07-14 18:00:00,Female,28,Bronze,TV,Remote_Area,1457,TV_Show,Credit_Card,18,7,0,0,20-30,48.56666666666667,5.0,3.0,0.6,8,24,8932.562,0.28,0.6,0.4,0.0,0.0,0,0,0.0,25746.83,1,1,1.0,25746.83,1,1,1.0,44662.81,5,3,0.6,0
LGS2ORD0024594,C016184,2025-07-14 18:00:00,Male,40,Bronze,TV,Remote_Area,1049,Lazada,Credit_Card,18,7,0,0,30-40,34.96666666666667,7.0,2.0,0.2857142857142857,16,18,6291.042857142857,0.23,0.7142857142857143,0.14285714285714285,0.0,0.0,0,0,0.0,8861.66,1,1,1.0,26175.68,4,2,0.5,44037.3,7,2,0.2857142857142857,0
LGS2ORD0024595,C015806,2025-07-14 18:00:00,Female,45,Bronze,Shopee,Songkhla,479,Shopee,PromptPay,18,7,0,0,40-50,15.966666666666667,4.0,0.0,0.0,-1,51,9424.6375,0.18,0.25,0.0,0.0,0.0,0,0,0.0,0.0,0,0,0.0,26791.03,3,0,0.0,37698.55,4,0,0.0,1
LGS2ORD0024596,C012599,2025-07-14 19:00:00,Female,32,Silver,CallCenter,Bangkok,1194,TV_Show,COD,19,7,0,0,30-40,39.8,0.0,0.0,0.0,-1,-1,0.0,0.0,0.0,0.0,0.0,0.0,0,0,0.0,0.0,0,0,0.0,0.0,0,0,0.0,0.0,0,0,0.0,0
LGS2ORD0024597,C013107,2025-07-14 19:00:00,Other,37,Silver,TV,Nakhon Ratchasima,1294,Web,COD,19,7,0,0,30-40,43.13333333333333,3.0,2.0,0.6666666666666666,25,2,4516.6466666666665,0.25,1.0,0.3333333333333333,0.0,594.42,1,0,0.0,594.42,1,0,0.0,2143.07,2,1,0.5,13549.94,3,2,0.6666666666666666,0
LGS2ORD0024598,C012900,2025-07-14 19:00:00,Male,41,Gold,CallCenter,Bangkok,692,Lazada,COD,19,7,0,0,40-50,23.066666666666666,2.0,0.0,0.0,-1,6,13738.465,0.2299999999999999,0.5,0.5,0.0,22477.02,1,0,0.0,22477.02,1,0,0.0,22477.02,1,0,0.0,27476.93,2,0,0.0,1
LGS2ORD0024599,C017766,2025-07-14 19:00:00,Male,42,Bronze,TV,Chiang Mai,872,Shopee,PromptPay,19,7,0,0,40-50,29.066666666666666,3.0,1.0,0.3333333333333333,149,88,7694.683333333333,0.23,1.0,0.3333333333333333,0.0,0.0,0,0,0.0,0.0,0,0,0.0,3221.6,1,0,0.0,23084.05,3,1,0.3333333333333333,0
LGS2ORD0024600,C010228,2025-07-14 19:00:00,Male,43,Bronze,TV,Songkhla,1610,CallCenter,COD,19,7,0,0,40-50,53.666666666666664,4.0,1.0,0.25,10,17,5412.795,0.08,0.0,0.0,0.0,0.0,0,0,0.0,13315.08,1,1,1.0,19316.43,3,1,0.3333333333333333,21651.18,4,1,0.25,0
LGS2ORD0024601,C012250,2025-07-14 20:00:00,Other,38,Bronze,Shopee,Remote_Area,1497,Web,COD,20,7,0,0,30-40,49.9,5.0,2.0,0.4,148,55,4631.99,0.28,0.4,0.2,0.0,0.0,0,0,0.0,0.0,0,0,0.0,781.59,1,0,0.0,23159.95,5,2,0.4,0
LGS2ORD0024602,C014436,2025-07-14 20:00:00,Female,41,Silver,Web,Khon Kaen,1180,Lazada,COD,20,7,0,0,40-50,39.333333333333336,3.0,0.0,0.0,-1,56,8865.003333333332,0.15,0.6666666666666666,0.0,0.0,0.0,0,0,0.0,0.0,0,0,0.0,15545.68,2,0,0.0,26595.01,3,0,0.0,0
LGS2ORD0024603,C012552,2025-07-14 20:00:00,Male,32,Gold,Web,Bangkok,771,TV_Show,COD,20,7,0,0,30-40,25.7,1.0,0.0,0.0,-1,186,1136.77,0.2299999999999999,1.0,1.0,0.0,0.0,0,0,0.0,0.0,0,0,0.0,0.0,0,0,0.0,1136.77,1,0,0.0,0
LGS2ORD0024604,C017540,2025-07-14 20:00:00,Male,38,Gold,TV,Phuket,905,TV_Show,Credit_Card,20,7,0,0,30-40,30.166666666666668,3.0,1.0,0.3333333333333333,32,48,2533.14,0.28,0.6666666666666666,1.0,0.0,0.0,0,0,0.0,0.0,0,0,0.0,5445.030000000001,2,1,0.5,7599.42,3,1,0.3333333333333333,0
LGS2ORD0024605,C016898,2025-07-14 20:00:00,Female,49,Bronze,Shopee,Phuket,1461,Web,Credit_Card,20,7,0,0,40-50,48.7,11.0,3.0,0.2727272727272727,61,21,8796.092727272726,0.28,0.36363636363636365,0.2727272727272727,0.0,0.0,0,0,0.0,6848.469999999999,2,0,0.0,7746.65,3,1,0.3333333333333333,96757.01999999999,11,3,0.2727272727272727,0
LGS2ORD0024606,C010298,2025-07-14 21:00:00,Male,61,Platinum,Web,Bangkok,1356,TV_Show,COD,21,7,0,0,>50,45.2,3.0,0.0,0.0,-1,28,3178.39,0.3,0.3333333333333333,0.6666666666666666,0.0,0.0,0,0,0.0,715.41,1,0,0.0,715.41,1,0,0.0,9535.17,3,0,0.0,0
LGS2ORD0024607,C014409,2025-07-14 21:00:00,Female,50,Bronze,Web,Nakhon Ratchasima,417,TV_Show,Credit_Card,21,7,0,0,40-50,13.9,3.0,1.0,0.3333333333333333,130,46,3111.97,0.23,1.0,0.3333333333333333,0.0,0.0,0,0,0.0,0.0,0,0,0.0,4303.49,2,0,0.0,9335.91,3,1,0.3333333333333333,0
LGS2ORD0024608,C015989,2025-07-14 21:00:00,Female,42,Bronze,Shopee,Chonburi,730,Lazada,PromptPay,21,7,0,0,40-50,24.333333333333332,3.0,1.0,0.3333333333333333,-4,9,1583.5466666666664,0.28,0.6666666666666666,0.3333333333333333,0.0,0.0,0,0,0.0,1511.35,1,1,1.0,1511.35,1,1,1.0,4750.639999999999,3,1,0.3333333333333333,0
LGS2ORD0024609,C015231,2025-07-14 21:00:00,Female,55,Bronze,TV,Nakhon Ratchasima,814,CallCenter,PromptPay,21,7,0,0,>50,27.133333333333333,4.0,0.0,0.0,-1,78,5274.37,0.13,0.5,0.0,0.0,0.0,0,0,0.0,0.0,0,0,0.0,2171.04,1,0,0.0,21097.48,4,0,0.0,0
LGS2ORD0024610,C015752,2025-07-14 21:00:00,Female,57,Bronze,CallCenter,Remote_Area,1075,Lazada,PromptPay,21,7,0,0,>50,35.833333333333336,8.0,3.0,0.375,47,44,11157.095000000001,0.18,0.5,0.0,0.0,0.0,0,0,0.0,0.0,0,0,0.0,47526.19,4,1,0.25,89256.76000000001,8,3,0.375,0
LGS2ORD0024611,C015704,2025-07-14 21:00:00,Female,18,Silver,Shopee,Remote_Area,702,Shopee,COD,21,7,0,0,<20,23.4,1.0,0.0,0.0,-1,172,19811.64,0.3,1.0,1.0,0.0,0.0,0,0,0.0,0.0,0,0,0.0,0.0,0,0,0.0,19811.64,1,0,0.0,0
LGS2ORD0024612,C010863,2025-07-14 22:00:00,Female,35,Bronze,Shopee,Remote_Area,1409,Shopee,Credit_Card,22,7,0,0,30-40,46.96666666666667,3.0,1.0,0.3333333333333333,10,23,3670.773333333333,0.23,0.6666666666666666,0.3333333333333333,0.0,0.0,0,0,0.0,2066.31,1,1,1.0,2066.31,1,1,1.0,11012.32,3,1,0.3333333333333333,1
LGS2ORD0024613,C011741,2025-07-14 22:00:00,Female,69,Bronze,TV,Songkhla,1261,TV_Show,Credit_Card,22,7,0,0,>50,42.03333333333333,4.0,3.0,0.75,0,13,5723.2275,0.28,0.75,0.5,0.0,0.0,0,0,0.0,17516.34,2,2,1.0,17516.34,2,2,1.0,22892.91,4,3,0.75,0
LGS2ORD0024614,C012944,2025-07-14 22:00:00,Male,56,Bronze,TV,Khon Kaen,1585,TV_Show,COD,22,7,0,0,>50,52.833333333333336,2.0,0.0,0.0,-1,120,2109.895,0.18,0.5,0.0,0.0,0.0,0,0,0.0,0.0,0,0,0.0,0.0,0,0,0.0,4219.79,2,0,0.0,0
LGS2ORD0024615,C017410,2025-07-14 22:00:00,Female,30,Gold,Lazada,Bangkok,258,TV_Show,PromptPay,22,7,0,0,20-30,8.6,4.0,2.0,0.5,0,10,3799.1625,0.33,0.5,0.25,0.0,0.0,0,0,0.0,7455.99,3,2,0.6666666666666666,7455.99,3,2,0.6666666666666666,15196.65,4,2,0.5,0
LGS2ORD0024616,C012305,2025-07-14 22:00:00,Female,43,Gold,Web,Khon Kaen,1589,CallCenter,COD,22,7,0,0,40-50,52.96666666666667,5.0,0.0,0.0,-1,33,3218.894,0.33,0.8,0.6,0.2,0.0,0,0,0.0,0.0,0,0,0.0,11712.39,3,0,0.0,16094.47,5,0,0.0,0
LGS2ORD0024617,C011403,2025-07-14 23:00:00,Female,59,Gold,TV,Nakhon Ratchasima,601,CallCenter,Credit_Card,23,7,0,0,>50,20.033333333333335,5.0,0.0,0.0,-1,40,6265.4220000000005,0.33,0.8,0.6,0.0,0.0,0,0,0.0,0.0,0,0,0.0,26154.600000000002,3,0,0.0,31327.11,5,0,0.0,0
LGS2ORD0024618,C011633,2025-07-14 23:00:00,Male,36,Silver,TV,Phuket,370,Web,COD,23,7,0,0,30-40,12.333333333333334,6.0,3.0,0.5,3,11,11433.256666666666,0.3,0.6666666666666666,0.3333333333333333,0.0,0.0,0,0,0.0,8347.14,2,1,0.5,8347.14,2,1,0.5,68599.54,6,3,0.5,0
LGS2ORD0024619,C010276,2025-07-14 23:00:00,Female,18,Bronze,TV,Chonburi,1007,Shopee,COD,23,7,0,0,<20,33.56666666666667,4.0,1.0,0.25,107,24,5947.842500000001,0.23,0.5,0.25,0.0,0.0,0,0,0.0,15012.34,1,0,0.0,19836.440000000002,2,0,0.0,23791.370000000003,4,1,0.25,1
LGS2ORD0024620,C014232,2025-07-14 23:00:00,Female,30,Bronze,Web,Bangkok,1452,CallCenter,Credit_Card,23,7,0,0,20-30,48.4,3.0,1.0,0.3333333333333333,28,30,2658.523333333333,0.13,0.3333333333333333,0.0,0.0,0.0,0,0,0.0,0.0,0,0,0.0,3341.19,2,1,0.5,7975.57,3,1,0.3333333333333333,0
LGS2ORD0024621,C016961,2025-07-14 23:00:00,Male,49,Platinum,CallCenter,Phuket,1538,Web,PromptPay,23,7,0,0,40-50,51.266666666666666,3.0,2.0,0.6666666666666666,166,20,4690.4366666666665,0.3,1.0,0.3333333333333333,0.0,0.0,0,0,0.0,1864.72,1,0,0.0,1864.72,1,0,0.0,14071.31,3,2,0.6666666666666666,0
LGS2ORD0024622,C013333,2025-07-15 00:00:00,Male,29,Gold,CallCenter,Bangkok,330,TV_Show,PromptPay,0,7,1,0,20-30,11.0,1.0,0.0,0.0,-1,150,4616.01,0.2299999999999999,1.0,1.0,0.0,0.0,0,0,0.0,0.0,0,0,0.0,0.0,0,0,0.0,4616.01,1,0,0.0,0
LGS2ORD0024623,C014075,2025-07-15 00:00:00,Male,51,Bronze,Shopee,Remote_Area,484,Web,COD,0,7,1,0,>50,16.133333333333333,0.0,0.0,0.0,-1,-1,0.0,0.0,0.0,0.0,0.0,0.0,0,0,0.0,0.0,0,0,0.0,0.0,0,0,0.0,0.0,0,0,0.0,0
LGS2ORD0024624,C014899,2025-07-15 00:00:00,Male,63,Silver,Web,Phuket,1007,TV_Show,Bank_Transfer,0,7,1,0,>50,33.56666666666667,6.0,3.0,0.5,47,39,4579.826666666667,0.25,0.6666666666666666,0.5,0.0,0.0,0,0,0.0,0.0,0,0,0.0,12892.45,3,1,0.3333333333333333,27478.960000000003,6,3,0.5,0
LGS2ORD0024625,C012633,2025-07-15 00:00:00,Female,45,Silver,CallCenter,Songkhla,300,Shopee,COD,0,7,1,0,40-50,10.0,5.0,1.0,0.2,90,22,2735.316,0.3,0.4,0.4,0.0,0.0,0,0,0.0,575.71,1,0,0.0,575.71,1,0,0.0,13676.579999999998,5,1,0.2,1
LGS2ORD0024626,C011534,2025-07-15 00:00:00,Female,33,Bronze,TV,Khon Kaen,229,Lazada,COD,0,7,1,0,30-40,7.633333333333334,5.0,2.0,0.4,11,24,4313.036,0.23,0.6,0.4,0.0,0.0,0,0,0.0,5276.78,1,1,1.0,19347.02,3,1,0.3333333333333333,21565.18,5,2,0.4,1
LGS2ORD0024627,C015061,2025-07-15 01:00:00,Male,40,Gold,Web,Bangkok,1430,CallCenter,Bank_Transfer,1,7,1,0,30-40,47.666666666666664,5.0,0.0,0.0,-1,9,2870.192,0.33,0.8,0.6,0.0,0.0,0,0,0.0,3572.77,1,0,0.0,4080.68,2,0,0.0,14350.960000000001,5,0,0.0,1
LGS2ORD0024628,C015089,2025-07-15 01:00:00,Female,46,Gold,TV,Khon Kaen,1544,Lazada,Credit_Card,1,7,1,0,40-50,51.46666666666667,6.0,0.0,0.0,-1,40,3661.06,0.33,0.16666666666666666,0.5,0.0,0.0,0,0,0.0,0.0,0,0,0.0,5231.12,3,0,0.0,21966.36,6,0,0.0,1
LGS2ORD0024629,C014810,2025-07-15 01:00:00,Male,51,Bronze,TV,Phuket,526,CallCenter,PromptPay,1,7,1,0,>50,17.533333333333335,2.0,1.0,0.5,90,98,3371.0600000000004,0.03,0.5,0.0,0.0,0.0,0,0,0.0,0.0,0,0,0.0,0.0,0,0,0.0,6742.120000000001,2,1,0.5,1
LGS2ORD0024630,C013167,2025-07-15 01:00:00,Female,30,Gold,CallCenter,Bangkok,1465,Lazada,Credit_Card,1,7,1,0,20-30,48.833333333333336,3.0,0.0,0.0,-1,63,6500.663333333333,0.2299999999999999,0.3333333333333333,0.3333333333333333,0.0,0.0,0,0,0.0,0.0,0,0,0.0,8965.38,1,0,0.0,19501.989999999998,3,0,0.0,0
LGS2ORD0024631,C014303,2025-07-15 01:00:00,Male,41,Bronze,Web,Chonburi,814,Web,Credit_Card,1,7,1,0,40-50,27.133333333333333,2.0,1.0,0.5,128,53,4277.82,0.23,1.0,0.5,0.0,0.0,0,0,0.0,0.0,0,0,0.0,2954.62,1,0,0.0,8555.64,2,1,0.5,0
LGS2ORD0024632,C015073,2025-07-15 01:00:00,Male,22,Bronze,Web,Nakhon Ratchasima,712,TV_Show,COD,1,7,1,0,20-30,23.733333333333334,2.0,0.0,0.0,-1,103,2411.7250000000004,0.08,0.0,0.0,0.0,0.0,0,0,0.0,0.0,0,0,0.0,0.0,0,0,0.0,4823.450000000001,2,0,0.0,1
LGS2ORD0024633,C012958,2025-07-15 02:00:00,Male,40,Silver,Lazada,Bangkok,1539,Web,Credit_Card,2,7,1,0,30-40,51.3,4.0,1.0,0.25,90,25,4052.52,0.25,0.5,0.25,0.0,0.0,0,0,0.0,12138.91,1,0,0.0,12648.35,2,0,0.0,16210.08,4,1,0.25,0
LGS2ORD0024634,C016242,2025-07-15 02:00:00,Male,36,Silver,Shopee,Bangkok,1024,TV_Show,Credit_Card,2,7,1,0,30-40,34.13333333333333,6.0,0.0,0.0,-1,22,6091.196666666667,0.25,0.5,0.3333333333333333,0.0,0.0,0,0,0.0,1049.63,1,0,0.0,17598.94,3,0,0.0,36547.18,6,0,0.0,1
LGS2ORD0024635,C015089,2025-07-15 02:00:00,Female,46,Gold,TV,Khon Kaen,1544,Shopee,Credit_Card,2,7,1,0,40-50,51.46666666666667,7.0,1.0,0.14285714285714285,-12,0,3249.3485714285716,0.33,0.14285714285714285,0.42857142857142855,0.0,779.08,1,1,1.0,779.08,1,1,1.0,6010.2,4,1,0.25,22745.440000000002,7,1,0.14285714285714285,0
LGS2ORD0024636,C010485,2025-07-15 02:00:00,Female,41,Silver,Shopee,Bangkok,1182,TV_Show,COD,2,7,1,0,40-50,39.4,2.0,1.0,0.5,-8,2,10982.735,0.25,0.0,0.5,0.0,12780.48,1,1,1.0,12780.48,1,1,1.0,12780.48,1,1,1.0,21965.47,2,1,0.5,0
LGS2ORD0024637,C012902,2025-07-15 02:00:00,Male,34,Bronze,Shopee,Chiang Mai,285,Shopee,Bank_Transfer,2,7,1,0,30-40,9.5,3.0,0.0,0.0,-1,59,4685.163333333333,0.23,0.0,0.3333333333333333,0.0,0.0,0,0,0.0,0.0,0,0,0.0,7179.65,1,0,0.0,14055.49,3,0,0.0,1
LGS2ORD0024638,C012407,2025-07-15 03:00:00,Female,26,Bronze,Shopee,Remote_Area,1441,Lazada,Credit_Card,3,7,1,0,20-30,48.03333333333333,1.0,0.0,0.0,-1,123,5013.52,0.08,0.0,0.0,0.0,0.0,0,0,0.0,0.0,0,0,0.0,0.0,0,0,0.0,5013.52,1,0,0.0,1
LGS2ORD0024639,C017373,2025-07-15 03:00:00,Male,39,Gold,Lazada,Phuket,759,CallCenter,PromptPay,3,7,1,0,30-40,25.3,5.0,1.0,0.2,31,12,4937.11,0.2299999999999999,0.2,0.2,0.0,0.0,0,0,0.0,6254.08,3,0,0.0,8476.220000000001,4,1,0.25,24685.55,5,1,0.2,0
LGS2ORD0024640,C010362,2025-07-15 03:00:00,Male,45,Bronze,Shopee,Remote_Area,842,CallCenter,PromptPay,3,7,1,0,40-50,28.066666666666666,6.0,2.0,0.3333333333333333,75,80,3311.4166666666665,0.23,0.8333333333333334,0.5,0.0,0.0,0,0,0.0,0.0,0,0,0.0,592.14,1,0,0.0,19868.5,6,2,0.3333333333333333,0
LGS2ORD0024641,C016554,2025-07-15 03:00:00,Female,39,Bronze,TV,Chiang Mai,951,CallCenter,COD,3,7,1,0,30-40,31.7,6.0,1.0,0.16666666666666666,137,24,13612.543333333333,0.28,0.6666666666666666,0.3333333333333333,0.0,0.0,0,0,0.0,12738.05,1,0,0.0,12738.05,1,0,0.0,81675.26,6,1,0.16666666666666666,0
LGS2ORD0024642,C012976,2025-07-15 03:00:00,Female,51,Gold,TV,Remote_Area,257,CallCenter,COD,3,7,1,0,>50,8.566666666666666,6.0,1.0,0.16666666666666666,5,2,3668.8399999999997,0.28,0.5,0.3333333333333333,0.0,1734.75,1,0,0.0,7436.94,2,1,0.5,7436.94,2,1,0.5,22013.039999999997,6,1,0.16666666666666666,1
LGS2ORD0024643,C010128,2025-07-15 04:00:00,Male,37,Bronze,Shopee,Phuket,334,TV_Show,COD,4,7,1,0,30-40,11.133333333333333,5.0,2.0,0.4,90,24,4473.194,0.28,0.4,0.4,0.0,0.0,0,0,0.0,6184.79,1,0,0.0,9831.97,2,0,0.0,22365.97,5,2,0.4,0
LGS2ORD0024644,C016234,2025-07-15 04:00:00,Male,46,Silver,Web,Bangkok,930,Lazada,COD,4,7,1,0,40-50,31.0,4.0,1.0,0.25,152,1,13840.475,0.2,0.75,0.0,0.0,11758.68,1,0,0.0,11758.68,1,0,0.0,54055.39,3,0,0.0,55361.9,4,1,0.25,0
LGS2ORD0024645,C015760,2025-07-15 04:00:00,Male,60,Bronze,CallCenter,Khon Kaen,269,TV_Show,COD,4,7,1,0,>50,8.966666666666667,4.0,0.0,0.0,-1,2,8573.9875,0.28,0.5,0.5,0.0,22669.75,1,0,0.0,22669.75,1,0,0.0,32933.93,3,0,0.0,34295.95,4,0,0.0,0
LGS2ORD0024646,C016218,2025-07-15 04:00:00,Female,24,Silver,Web,Bangkok,656,Web,Credit_Card,4,7,1,0,20-30,21.866666666666667,3.0,2.0,0.6666666666666666,66,39,6970.2,0.3,0.3333333333333333,0.3333333333333333,0.0,0.0,0,0,0.0,0.0,0,0,0.0,17530.63,2,1,0.5,20910.6,3,2,0.6666666666666666,0
LGS2ORD0024647,C011611,2025-07-15 04:00:00,Other,33,Bronze,TV,Bangkok,601,Web,COD,4,7,1,0,30-40,20.033333333333335,1.0,0.0,0.0,-1,60,7365.37,0.23,1.0,1.0,0.0,0.0,0,0,0.0,0.0,0,0,0.0,7365.37,1,0,0.0,7365.37,1,0,0.0,1
LGS2ORD0024648,C012674,2025-07-15 05:00:00,Female,50,Bronze,Web,Khon Kaen,891,Shopee,PromptPay,5,7,1,0,40-50,29.7,2.0,0.0,0.0,-1,71,6147.875,0.28,0.0,0.5,0.0,0.0,0,0,0.0,0.0,0,0,0.0,6742.63,1,0,0.0,12295.75,2,0,0.0,0
LGS2ORD0024649,C013917,2025-07-15 05:00:00,Female,60,Silver,TV,Bangkok,610,TV_Show,PromptPay,5,7,1,0,>50,20.333333333333332,2.0,2.0,1.0,18,28,4749.12,0.25,1.0,1.0,0.0,0.0,0,0,0.0,8331.85,1,1,1.0,9498.24,2,2,1.0,9498.24,2,2,1.0,0
LGS2ORD0024650,C016603,2025-07-15 05:00:00,Female,36,Bronze,Web,Remote_Area,859,Shopee,Credit_Card,5,7,1,0,30-40,28.633333333333333,2.0,0.0,0.0,-1,90,10063.695,0.03,0.5,0.0,0.0,0.0,0,0,0.0,0.0,0,0,0.0,0.0,0,0,0.0,20127.39,2,0,0.0,0
LGS2ORD0024651,C011180,2025-07-15 05:00:00,Male,55,Bronze,Web,Nakhon Ratchasima,901,TV_Show,Credit_Card,5,7,1,0,>50,30.033333333333335,2.0,0.0,0.0,-1,88,1359.53,0.28,1.0,0.5,0.0,0.0,0,0,0.0,0.0,0,0,0.0,1033.47,1,0,0.0,2719.06,2,0,0.0,1
LGS2ORD0024652,C011686,2025-07-15 05:00:00,Female,53,Bronze,TV,Chiang Mai,1149,Shopee,Bank_Transfer,5,7,1,0,>50,38.3,5.0,0.0,0.0,-1,81,1428.014,0.28,0.8,0.2,0.2,0.0,0,0,0.0,0.0,0,0,0.0,672.47,1,0,0.0,7140.07,5,0,0.0,0
LGS2ORD0024653,C017649,2025-07-15 05:00:00,Male,21,Bronze,TV,Songkhla,1193,TV_Show,Credit_Card,5,7,1,0,20-30,39.766666666666666,3.0,2.0,0.6666666666666666,64,71,4392.423333333333,0.23,0.3333333333333333,0.3333333333333333,0.0,0.0,0,0,0.0,0.0,0,0,0.0,5458.59,2,2,1.0,13177.27,3,2,0.6666666666666666,0
LGS2ORD0024654,C013201,2025-07-15 06:00:00,Female,38,Bronze,CallCenter,Bangkok,546,CallCenter,Credit_Card,6,7,1,0,30-40,18.2,1.0,0.0,0.0,-1,112,2119.85,0.23,0.0,1.0,0.0,0.0,0,0,0.0,0.0,0,0,0.0,0.0,0,0,0.0,2119.85,1,0,0.0,0
LGS2ORD0024655,C012194,2025-07-15 06:00:00,Female,30,Bronze,TV,Bangkok,1009,Lazada,PromptPay,6,7,1,0,20-30,33.63333333333333,3.0,1.0,0.3333333333333333,145,96,1605.2933333333333,0.28,0.6666666666666666,0.6666666666666666,0.0,0.0,0,0,0.0,0.0,0,0,0.0,0.0,0,0,0.0,4815.88,3,1,0.3333333333333333,0
LGS2ORD0024656,C015495,2025-07-15 06:00:00,Male,51,Silver,Web,Bangkok,259,TV_Show,COD,6,7,1,0,>50,8.633333333333333,1.0,0.0,0.0,-1,51,789.43,0.05,0.0,0.0,0.0,0.0,0,0,0.0,0.0,0,0,0.0,789.43,1,0,0.0,789.43,1,0,0.0,0
LGS2ORD0024657,C016346,2025-07-15 06:00:00,Female,24,Bronze,Shopee,Songkhla,708,TV_Show,COD,6,7,1,0,20-30,23.6,2.0,0.0,0.0,-1,23,1141.55,0.18,0.5,0.0,0.0,0.0,0,0,0.0,2007.71,1,0,0.0,2007.71,1,0,0.0,2283.1,2,0,0.0,1
LGS2ORD0024658,C012250,2025-07-15 06:00:00,Other,38,Bronze,Shopee,Remote_Area,1498,TV_Show,COD,6,7,1,0,30-40,49.93333333333333,6.0,2.0,0.3333333333333333,149,0,4061.5983333333334,0.28,0.5,0.16666666666666666,0.0,1209.64,1,0,0.0,1209.64,1,0,0.0,1991.23,2,0,0.0,24369.59,6,2,0.3333333333333333,0
LGS2ORD0024659,C012276,2025-07-15 07:00:00,Male,45,Bronze,Shopee,Bangkok,1104,Web,Credit_Card,7,7,1,0,40-50,36.8,0.0,0.0,0.0,-1,-1,0.0,0.0,0.0,0.0,0.0,0.0,0,0,0.0,0.0,0,0,0.0,0.0,0,0,0.0,0.0,0,0,0.0,0
LGS2ORD0024660,C016631,2025-07-15 07:00:00,Female,40,Bronze,TV,Remote_Area,236,TV_Show,PromptPay,7,7,1,0,30-40,7.866666666666666,5.0,1.0,0.2,61,12,3633.5039999999995,0.28,0.6,0.8,0.0,0.0,0,0,0.0,2968.42,2,0,0.0,18167.519999999997,5,1,0.2,18167.519999999997,5,1,0.2,0
LGS2ORD0024661,C010644,2025-07-15 07:00:00,Male,55,Bronze,Lazada,Bangkok,827,Web,Credit_Card,7,7,1,0,>50,27.566666666666666,6.0,1.0,0.16666666666666666,170,48,15496.938333333334,0.18,0.5,0.0,0.0,0.0,0,0,0.0,0.0,0,0,0.0,15545.46,1,0,0.0,92981.63,6,1,0.16666666666666666,0
LGS2ORD0024662,C016756,2025-07-15 07:00:00,Female,39,Silver,Web,Nakhon Ratchasima,1613,Shopee,PromptPay,7,7,1,0,30-40,53.766666666666666,2.0,1.0,0.5,56,67,2792.885,0.1,0.5,0.0,0.0,0.0,0,0,0.0,0.0,0,0,0.0,5585.77,2,1,0.5,5585.77,2,1,0.5,1
LGS2ORD0024663,C016939,2025-07-15 07:00:00,Male,27,Gold,Web,Khon Kaen,236,CallCenter,Credit_Card,7,7,1,0,20-30,7.866666666666666,0.0,0.0,0.0,-1,-1,0.0,0.0,0.0,0.0,0.0,0.0,0,0,0.0,0.0,0,0,0.0,0.0,0,0,0.0,0.0,0,0,0.0,0
LGS2ORD0024664,C013157,2025-07-15 08:00:00,Male,48,Silver,TV,Khon Kaen,1448,CallCenter,Bank_Transfer,8,7,1,0,40-50,48.266666666666666,3.0,1.0,0.3333333333333333,137,99,4414.486666666667,0.25,1.0,0.3333333333333333,0.0,0.0,0,0,0.0,0.0,0,0,0.0,0.0,0,0,0.0,13243.460000000001,3,1,0.3333333333333333,0
LGS2ORD0024665,C016592,2025-07-15 08:00:00,Female,48,Silver,Lazada,Bangkok,1650,Shopee,Credit_Card,8,7,1,0,40-50,55.0,1.0,0.0,0.0,-1,136,1533.3,0.05,0.0,0.0,0.0,0.0,0,0,0.0,0.0,0,0,0.0,0.0,0,0,0.0,1533.3,1,0,0.0,0
LGS2ORD0024666,C016294,2025-07-15 08:00:00,Male,32,Silver,CallCenter,Bangkok,651,TV_Show,Bank_Transfer,8,7,1,0,30-40,21.7,4.0,0.0,0.0,-1,20,3915.015,0.3,0.75,0.5,0.0,0.0,0,0,0.0,378.18,1,0,0.0,13881.51,3,0,0.0,15660.06,4,0,0.0,0
LGS2ORD0024667,C011727,2025-07-15 08:00:00,Female,34,Bronze,Web,Phuket,1609,Lazada,COD,8,7,1,0,30-40,53.63333333333333,4.0,3.0,0.75,-3,1,2059.145,0.23,0.25,0.25,0.0,4613.64,1,1,1.0,4613.64,1,1,1.0,5184.79,2,2,1.0,8236.58,4,3,0.75,0
LGS2ORD0024668,C014484,2025-07-15 08:00:00,Male,53,Platinum,Lazada,Bangkok,1583,Web,COD,8,7,1,0,>50,52.766666666666666,3.0,1.0,0.3333333333333333,58,50,3132.963333333333,0.25,0.0,0.3333333333333333,0.0,0.0,0,0,0.0,0.0,0,0,0.0,7581.44,2,1,0.5,9398.89,3,1,0.3333333333333333,0
LGS2ORD0024669,C013365,2025-07-15 08:00:00,Male,38,Silver,Web,Bangkok,1095,Web,COD,8,7,1,0,30-40,36.5,4.0,2.0,0.5,144,110,2467.95,0.2,0.0,0.0,0.0,0.0,0,0,0.0,0.0,0,0,0.0,0.0,0,0,0.0,9871.8,4,2,0.5,0
LGS2ORD0024670,C010352,2025-07-15 09:00:00,Female,48,Gold,Web,Bangkok,1272,CallCenter,COD,9,7,1,0,40-50,42.4,3.0,1.0,0.3333333333333333,6,17,5207.013333333333,0.13,0.6666666666666666,0.0,0.0,0.0,0,0,0.0,1986.11,1,1,1.0,1986.11,1,1,1.0,15621.04,3,1,0.3333333333333333,0
LGS2ORD0024671,C014334,2025-07-15 09:00:00,Female,34,Gold,Web,Chonburi,1443,Lazada,COD,9,7,1,0,30-40,48.1,2.0,0.0,0.0,-1,2,2797.975,0.28,0.5,1.0,0.0,1239.78,1,0,0.0,1239.78,1,0,0.0,1239.78,1,0,0.0,5595.95,2,0,0.0,0
LGS2ORD0024672,C011132,2025-07-15 09:00:00,Female,39,Bronze,TV,Khon Kaen,950,Lazada,COD,9,7,1,0,30-40,31.666666666666668,6.0,2.0,0.3333333333333333,130,91,7627.134999999999,0.28,0.6666666666666666,0.5,0.0,0.0,0,0,0.0,0.0,0,0,0.0,0.0,0,0,0.0,45762.81,6,2,0.3333333333333333,0
LGS2ORD0024673,C014414,2025-07-15 09:00:00,Male,46,Bronze,TV,Chiang Mai,1394,TV_Show,COD,9,7,1,0,40-50,46.46666666666667,4.0,1.0,0.25,106,110,1427.2424999999998,0.28,0.5,0.25,0.0,0.0,0,0,0.0,0.0,0,0,0.0,0.0,0,0,0.0,5708.969999999999,4,1,0.25,1
LGS2ORD0024674,C016311,2025-07-15 09:00:00,Female,42,Silver,Web,Chonburi,1286,Lazada,COD,9,7,1,0,40-50,42.86666666666667,5.0,1.0,0.2,140,17,4714.264,0.2,0.6,0.0,0.0,0.0,0,0,0.0,5335.46,2,0,0.0,12251.06,3,0,0.0,23571.32,5,1,0.2,0
LGS2ORD0024675,C013522,2025-07-15 10:00:00,Male,49,Gold,TV,Bangkok,1422,CallCenter,COD,10,7,1,0,40-50,47.4,4.0,1.0,0.25,33,18,6261.8099999999995,0.33,0.25,0.75,0.0,0.0,0,0,0.0,3099.57,1,0,0.0,14432.31,2,1,0.5,25047.239999999998,4,1,0.25,0
LGS2ORD0024676,C017156,2025-07-15 10:00:00,Male,21,Bronze,TV,Nakhon Ratchasima,311,Lazada,PromptPay,10,7,1,0,20-30,10.366666666666667,3.0,1.0,0.3333333333333333,147,78,3540.556666666667,0.18,0.3333333333333333,0.0,0.0,0.0,0,0,0.0,0.0,0,0,0.0,7334.41,1,0,0.0,10621.67,3,1,0.3333333333333333,0
LGS2ORD0024677,C013604,2025-07-15 10:00:00,Female,40,Bronze,TV,Khon Kaen,339,Web,COD,10,7,1,0,30-40,11.3,3.0,2.0,0.6666666666666666,47,13,1402.5766666666666,0.23,0.6666666666666666,0.3333333333333333,0.0,0.0,0,0,0.0,1992.63,1,0,0.0,2902.63,2,1,0.5,4207.73,3,2,0.6666666666666666,1
LGS2ORD0024678,C015551,2025-07-15 10:00:00,Female,48,Bronze,CallCenter,Khon Kaen,520,Web,COD,10,7,1,0,40-50,17.333333333333332,4.0,0.0,0.0,-1,7,2863.1575000000003,0.18,0.25,0.0,0.0,0.0,0,0,0.0,3011.04,2,0,0.0,5467.43,3,0,0.0,11452.630000000001,4,0,0.0,0
LGS2ORD0024679,C011925,2025-07-15 10:00:00,Male,47,Gold,Lazada,Bangkok,883,TV_Show,Bank_Transfer,10,7,1,0,40-50,29.433333333333334,3.0,0.0,0.0,-1,7,4652.76,0.28,0.3333333333333333,0.3333333333333333,0.0,0.0,0,0,0.0,4210.33,1,0,0.0,4210.33,1,0,0.0,13958.28,3,0,0.0,1
LGS2ORD0024680,C011676,2025-07-15 11:00:00,Male,28,Gold,Shopee,Nakhon Ratchasima,1102,Shopee,Bank_Transfer,11,7,1,0,20-30,36.733333333333334,5.0,0.0,0.0,-1,4,3972.4739999999997,0.33,0.2,0.6,0.0,3766.11,1,0,0.0,3766.11,1,0,0.0,3766.11,1,0,0.0,19862.37,5,0,0.0,0
LGS2ORD0024681,C010944,2025-07-15 11:00:00,Female,41,Bronze,Lazada,Khon Kaen,1087,TV_Show,COD,11,7,1,0,40-50,36.233333333333334,4.0,2.0,0.5,-13,5,2224.8199999999997,0.18,0.25,0.0,0.0,515.73,1,1,1.0,3369.65,2,2,1.0,3369.65,2,2,1.0,8899.279999999999,4,2,0.5,0
LGS2ORD0024682,C013183,2025-07-15 11:00:00,Female,61,Bronze,TV,Khon Kaen,1606,CallCenter,Credit_Card,11,7,1,0,>50,53.53333333333333,4.0,0.0,0.0,-1,11,8065.905000000001,0.23,0.5,0.25,0.0,0.0,0,0,0.0,22169.35,2,0,0.0,22169.35,2,0,0.0,32263.620000000003,4,0,0.0,0
LGS2ORD0024683,C010185,2025-07-15 11:00:00,Male,41,Bronze,TV,Nakhon Ratchasima,1489,TV_Show,COD,11,7,1,0,40-50,49.63333333333333,7.0,3.0,0.42857142857142855,22,39,5665.461428571428,0.28,0.2857142857142857,0.2857142857142857,0.0,0.0,0,0,0.0,0.0,0,0,0.0,3978.85,3,1,0.3333333333333333,39658.229999999996,7,3,0.42857142857142855,0
LGS2ORD0024684,C012389,2025-07-15 11:00:00,Female,55,Gold,Shopee,Bangkok,283,Web,Bank_Transfer,11,7,1,0,>50,9.433333333333334,4.0,0.0,0.0,-1,95,4699.7075,0.33,0.5,0.75,0.0,0.0,0,0,0.0,0.0,0,0,0.0,0.0,0,0,0.0,18798.83,4,0,0.0,1
LGS2ORD0024685,C017926,2025-07-15 12:00:00,Male,41,Bronze,Web,Chonburi,797,Shopee,PromptPay,12,7,1,0,40-50,26.566666666666666,3.0,1.0,0.3333333333333333,75,22,4934.243333333334,0.28,0.3333333333333333,0.3333333333333333,0.0,0.0,0,0,0.0,1035.26,1,0,0.0,8779.89,2,1,0.5,14802.730000000001,3,1,0.3333333333333333,0
LGS2ORD0024686,C014854,2025-07-15 12:00:00,Male,41,Bronze,Shopee,Songkhla,573,Shopee,COD,12,7,1,0,40-50,19.1,2.0,0.0,0.0,-1,42,2711.96,0.08,0.5,0.0,0.0,0.0,0,0,0.0,0.0,0,0,0.0,3293.83,1,0,0.0,5423.92,2,0,0.0,0
LGS2ORD0024687,C016446,2025-07-15 12:00:00,Female,28,Gold,TV,Bangkok,296,TV_Show,COD,12,7,1,0,20-30,9.866666666666667,4.0,0.0,0.0,-1,56,6499.6050000000005,0.28,0.5,1.0,0.0,0.0,0,0,0.0,0.0,0,0,0.0,402.47,1,0,0.0,25998.420000000002,4,0,0.0,0
LGS2ORD0024688,C016818,2025-07-15 12:00:00,Female,38,Bronze,Web,Bangkok,1003,TV_Show,COD,12,7,1,0,30-40,33.43333333333333,1.0,0.0,0.0,-1,90,3016.72,0.18,0.0,0.0,0.0,0.0,0,0,0.0,0.0,0,0,0.0,3016.72,1,0,0.0,3016.72,1,0,0.0,0
LGS2ORD0024689,C016566,2025-07-15 12:00:00,Male,36,Bronze,Lazada,Khon Kaen,1189,TV_Show,PromptPay,12,7,1,0,30-40,39.63333333333333,3.0,0.0,0.0,-1,19,10518.046666666667,0.18,0.0,0.0,0.0,0.0,0,0,0.0,9548.22,1,0,0.0,31554.14,3,0,0.0,31554.14,3,0,0.0,0
LGS2ORD0024690,C013691,2025-07-15 12:00:00,Male,46,Bronze,Shopee,Songkhla,207,Lazada,Bank_Transfer,12,7,1,0,40-50,6.9,2.0,0.0,0.0,-1,98,4194.775,0.13,1.0,0.0,0.0,0.0,0,0,0.0,0.0,0,0,0.0,0.0,0,0,0.0,8389.55,2,0,0.0,0
LGS2ORD0024691,C010476,2025-07-15 13:00:00,Male,50,Bronze,Web,Phuket,207,CallCenter,COD,13,7,1,0,40-50,6.9,2.0,0.0,0.0,-1,83,8763.895,0.03,0.0,0.0,0.0,0.0,0,0,0.0,0.0,0,0,0.0,16877.72,1,0,0.0,17527.79,2,0,0.0,1
LGS2ORD0024692,C013929,2025-07-15 13:00:00,Male,19,Platinum,Web,Bangkok,1016,Web,Credit_Card,13,7,1,0,<20,33.86666666666667,2.0,1.0,0.5,42,48,2417.8549999999996,0.35,0.0,1.0,0.0,0.0,0,0,0.0,0.0,0,0,0.0,4257.44,1,1,1.0,4835.709999999999,2,1,0.5,0
LGS2ORD0024693,C016561,2025-07-15 13:00:00,Female,48,Bronze,Lazada,Remote_Area,794,CallCenter,COD,13,7,1,0,40-50,26.466666666666665,3.0,1.0,0.3333333333333333,162,6,11939.300000000001,0.23,0.0,0.3333333333333333,0.0,12772.39,1,0,0.0,12772.39,1,0,0.0,22478.92,2,0,0.0,35817.9,3,1,0.3333333333333333,0
LGS2ORD0024694,C012487,2025-07-15 13:00:00,Female,41,Silver,Web,Chonburi,413,Web,Credit_Card,13,7,1,0,40-50,13.766666666666667,5.0,0.0,0.0,-1,31,2038.536,0.2,0.4,0.0,0.0,0.0,0,0,0.0,0.0,0,0,0.0,7827.82,2,0,0.0,10192.68,5,0,0.0,0
LGS2ORD0024695,C016657,2025-07-15 13:00:00,Male,32,Silver,CallCenter,Bangkok,1594,TV_Show,COD,13,7,1,0,30-40,53.13333333333333,3.0,0.0,0.0,-1,78,1970.3466666666666,0.15,1.0,0.0,0.0,0.0,0,0,0.0,0.0,0,0,0.0,603.11,1,0,0.0,5911.04,3,0,0.0,0
LGS2ORD0024696,C014744,2025-07-15 14:00:00,Female,32,Platinum,TV,Chonburi,1365,Lazada,Bank_Transfer,14,7,1,0,30-40,45.5,1.0,0.0,0.0,-1,122,9208.81,0.1,0.0,0.0,0.0,0.0,0,0,0.0,0.0,0,0,0.0,0.0,0,0,0.0,9208.81,1,0,0.0,0
LGS2ORD0024697,C014380,2025-07-15 14:00:00,Male,41,Silver,Shopee,Nakhon Ratchasima,1634,Shopee,COD,14,7,1,0,40-50,54.46666666666667,6.0,2.0,0.3333333333333333,0,9,3090.028333333333,0.25,0.8333333333333334,0.16666666666666666,0.0,0.0,0,0,0.0,1943.28,1,1,1.0,1943.28,1,1,1.0,18540.17,6,2,0.3333333333333333,0
LGS2ORD0024698,C017478,2025-07-15 14:00:00,Female,56,Gold,TV,Chiang Mai,716,TV_Show,Credit_Card,14,7,1,0,>50,23.866666666666667,2.0,0.0,0.0,-1,102,1276.23,0.28,1.0,1.0,0.0,0.0,0,0,0.0,0.0,0,0,0.0,0.0,0,0,0.0,2552.46,2,0,0.0,0
LGS2ORD0024699,C012514,2025-07-15 14:00:00,Male,47,Silver,TV,Nakhon Ratchasima,1558,CallCenter,COD,14,7,1,0,40-50,51.93333333333333,3.0,1.0,0.3333333333333333,22,36,13238.94,0.25,1.0,0.3333333333333333,0.0,0.0,0,0,0.0,0.0,0,0,0.0,28433.29,2,1,0.5,39716.82,3,1,0.3333333333333333,0
LGS2ORD0024700,C015744,2025-07-15 14:00:00,Male,58,Silver,Shopee,Khon Kaen,1065,TV_Show,COD,14,7,1,0,>50,35.5,2.0,0.0,0.0,-1,92,2601.2799999999997,0.3,0.5,0.5,0.0,0.0,0,0,0.0,0.0,0,0,0.0,0.0,0,0,0.0,5202.5599999999995,2,0,0.0,0
LGS2ORD0024701,C014413,2025-07-15 15:00:00,Male,21,Gold,CallCenter,Khon Kaen,474,Web,COD,15,7,1,0,20-30,15.8,3.0,1.0,0.3333333333333333,183,75,3768.99,0.28,1.0,0.3333333333333333,0.0,0.0,0,0,0.0,0.0,0,0,0.0,4412.36,1,0,0.0,11306.97,3,1,0.3333333333333333,1
LGS2ORD0024702,C015062,2025-07-15 15:00:00,Female,34,Silver,TV,Nakhon Ratchasima,1039,Shopee,COD,15,7,1,0,30-40,34.63333333333333,5.0,3.0,0.6,78,33,7440.936,0.2,0.4,0.0,0.0,0.0,0,0,0.0,0.0,0,0,0.0,3460.67,1,0,0.0,37204.68,5,3,0.6,0
LGS2ORD0024703,C013745,2025-07-15 15:00:00,Female,59,Bronze,Web,Bangkok,888,Lazada,COD,15,7,1,0,>50,29.6,3.0,1.0,0.3333333333333333,50,5,2160.72,0.28,0.3333333333333333,0.6666666666666666,0.0,2016.02,1,0,0.0,2016.02,1,0,0.0,4673.030000000001,2,1,0.5,6482.16,3,1,0.3333333333333333,0
LGS2ORD0024704,C010844,2025-07-15 15:00:00,Male,44,Silver,TV,Remote_Area,255,TV_Show,COD,15,7,1,0,40-50,8.5,3.0,1.0,0.3333333333333333,165,8,6397.500000000001,0.3,0.6666666666666666,0.3333333333333333,0.0,0.0,0,0,0.0,1952.74,1,0,0.0,1952.74,1,0,0.0,19192.500000000004,3,1,0.3333333333333333,1
LGS2ORD0024705,C016251,2025-07-15 15:00:00,Other,54,Bronze,TV,Remote_Area,1232,Shopee,COD,15,7,1,0,>50,41.06666666666667,3.0,1.0,0.3333333333333333,121,92,5701.38,0.23,0.3333333333333333,0.3333333333333333,0.0,0.0,0,0,0.0,0.0,0,0,0.0,0.0,0,0,0.0,17104.14,3,1,0.3333333333333333,0
LGS2ORD0024706,C015313,2025-07-15 16:00:00,Female,29,Bronze,Shopee,Chonburi,233,Shopee,COD,16,7,1,0,20-30,7.766666666666667,1.0,1.0,1.0,20,26,1104.89,0.23,0.0,1.0,0.0,0.0,0,0,0.0,1104.89,1,1,1.0,1104.89,1,1,1.0,1104.89,1,1,1.0,0
LGS2ORD0024707,C011309,2025-07-15 16:00:00,Female,19,Gold,TV,Khon Kaen,512,TV_Show,Bank_Transfer,16,7,1,0,<20,17.066666666666666,0.0,0.0,0.0,-1,-1,0.0,0.0,0.0,0.0,0.0,0.0,0,0,0.0,0.0,0,0,0.0,0.0,0,0,0.0,0.0,0,0,0.0,0
LGS2ORD0024708,C015524,2025-07-15 16:00:00,Other,43,Silver,Lazada,Remote_Area,1356,TV_Show,COD,16,7,1,0,40-50,45.2,2.0,1.0,0.5,180,146,6062.57,0.25,0.0,0.5,0.0,0.0,0,0,0.0,0.0,0,0,0.0,0.0,0,0,0.0,12125.14,2,1,0.5,0
LGS2ORD0024709,C012775,2025-07-15 16:00:00,Male,43,Gold,TV,Khon Kaen,1245,CallCenter,Credit_Card,16,7,1,0,40-50,41.5,3.0,1.0,0.3333333333333333,151,60,6012.55,0.33,0.3333333333333333,0.6666666666666666,0.0,0.0,0,0,0.0,0.0,0,0,0.0,1296.17,1,0,0.0,18037.65,3,1,0.3333333333333333,1
LGS2ORD0024710,C016527,2025-07-15 16:00:00,Female,55,Gold,Web,Khon Kaen,894,TV_Show,Credit_Card,16,7,1,0,>50,29.8,6.0,1.0,0.16666666666666666,169,3,7213.185,0.33,0.3333333333333333,0.5,0.0,11493.26,1,0,0.0,11493.26,1,0,0.0,32774.29,2,0,0.0,43279.11,6,1,0.16666666666666666,0
LGS2ORD0024711,C016932,2025-07-15 16:00:00,Female,43,Bronze,TV,Songkhla,1183,Shopee,PromptPay,16,7,1,0,40-50,39.43333333333333,4.0,3.0,0.75,27,40,4457.4125,0.23,1.0,0.25,0.0,0.0,0,0,0.0,0.0,0,0,0.0,868.91,1,1,1.0,17829.65,4,3,0.75,1
LGS2ORD0024712,C013189,2025-07-15 17:00:00,Female,42,Bronze,Web,Bangkok,1425,TV_Show,COD,17,7,1,0,40-50,47.5,6.0,0.0,0.0,-1,6,3469.72,0.28,0.6666666666666666,0.16666666666666666,0.0,4587.3,1,0,0.0,8764.52,2,0,0.0,9083.11,3,0,0.0,20818.32,6,0,0.0,0
LGS2ORD0024713,C016360,2025-07-15 17:00:00,Female,38,Bronze,CallCenter,Bangkok,672,TV_Show,Credit_Card,17,7,1,0,30-40,22.4,4.0,0.0,0.0,-1,8,2356.11,0.23,0.5,0.25,0.0,0.0,0,0,0.0,1684.09,1,0,0.0,8692.12,3,0,0.0,9424.44,4,0,0.0,0
LGS2ORD0024714,C011993,2025-07-15 17:00:00,Male,54,Silver,TV,Nakhon Ratchasima,1424,CallCenter,Credit_Card,17,7,1,0,>50,47.46666666666667,4.0,0.0,0.0,-1,44,1688.9249999999997,0.3,0.25,0.25,0.0,0.0,0,0,0.0,0.0,0,0,0.0,2751.59,2,0,0.0,6755.699999999999,4,0,0.0,0
LGS2ORD0024715,C012320,2025-07-15 17:00:00,Female,46,Bronze,TV,Bangkok,825,Web,COD,17,7,1,0,40-50,27.5,2.0,0.0,0.0,-1,92,3794.195,0.23,0.0,0.5,0.0,0.0,0,0,0.0,0.0,0,0,0.0,0.0,0,0,0.0,7588.39,2,0,0.0,0
LGS2ORD0024716,C017519,2025-07-15 17:00:00,Female,43,Silver,Lazada,Nakhon Ratchasima,456,CallCenter,COD,17,7,1,0,40-50,15.2,4.0,1.0,0.25,44,53,1975.0925,0.2,0.75,0.0,0.0,0.0,0,0,0.0,0.0,0,0,0.0,2641.3900000000003,2,1,0.5,7900.37,4,1,0.25,0
LGS2ORD0024717,C011951,2025-07-15 18:00:00,Female,49,Bronze,TV,Chonburi,1359,TV_Show,PromptPay,18,7,1,0,40-50,45.3,6.0,3.0,0.5,66,39,3724.5766666666664,0.23,1.0,0.16666666666666666,0.0,0.0,0,0,0.0,0.0,0,0,0.0,9247.22,2,1,0.5,22347.46,6,3,0.5,0
LGS2ORD0024718,C010853,2025-07-15 18:00:00,Female,53,Bronze,Shopee,Bangkok,1011,TV_Show,COD,18,7,1,0,>50,33.7,4.0,1.0,0.25,167,17,10484.375000000002,0.28,0.75,0.25,0.0,0.0,0,0,0.0,3826.54,1,0,0.0,4582.59,2,0,0.0,41937.50000000001,4,1,0.25,0
LGS2ORD0024719,C012354,2025-07-15 18:00:00,Female,49,Bronze,Lazada,Bangkok,228,Lazada,COD,18,7,1,0,40-50,7.6,6.0,2.0,0.3333333333333333,36,26,6304.345000000001,0.23,0.5,0.16666666666666666,0.0,0.0,0,0,0.0,15705.79,1,0,0.0,34176.91,5,2,0.4,37826.07000000001,6,2,0.3333333333333333,0
LGS2ORD0024720,C013098,2025-07-15 18:00:00,Female,22,Gold,Shopee,Bangkok,672,CallCenter,COD,18,7,1,0,20-30,22.4,9.0,1.0,0.1111111111111111,17,2,4250.1066666666675,0.28,0.6666666666666666,0.3333333333333333,0.0,3960.53,1,0,0.0,8887.79,2,1,0.5,15850.970000000001,3,1,0.3333333333333333,38250.96000000001,9,1,0.1111111111111111,0
LGS2ORD0024721,C013317,2025-07-15 18:00:00,Female,32,Silver,Web,Bangkok,1258,CallCenter,Credit_Card,18,7,1,0,30-40,41.93333333333333,3.0,1.0,0.3333333333333333,136,39,5495.453333333334,0.2,0.6666666666666666,0.0,0.0,0.0,0,0,0.0,0.0,0,0,0.0,3208.37,1,0,0.0,16486.36,3,1,0.3333333333333333,0
LGS2ORD0024722,C015339,2025-07-15 19:00:00,Male,60,Bronze,Web,Chonburi,689,Web,PromptPay,19,7,1,0,>50,22.966666666666665,5.0,1.0,0.2,94,39,2875.78,0.28,0.4,0.8,0.0,0.0,0,0,0.0,0.0,0,0,0.0,2260.63,1,0,0.0,14378.900000000001,5,1,0.2,0
LGS2ORD0024723,C013492,2025-07-15 19:00:00,Female,51,Silver,Web,Nakhon Ratchasima,1118,Lazada,COD,19,7,1,0,>50,37.266666666666666,1.0,0.0,0.0,-1,130,7707.07,0.25,0.0,1.0,0.0,0.0,0,0,0.0,0.0,0,0,0.0,0.0,0,0,0.0,7707.07,1,0,0.0,0
LGS2ORD0024724,C011845,2025-07-15 19:00:00,Female,27,Bronze,TV,Remote_Area,886,Shopee,COD,19,7,1,0,20-30,29.533333333333335,4.0,2.0,0.5,153,8,1503.1374999999998,0.18,0.75,0.0,0.0,0.0,0,0,0.0,1654.94,1,0,0.0,1654.94,1,0,0.0,6012.549999999999,4,2,0.5,1
LGS2ORD0024725,C015334,2025-07-15 19:00:00,Male,39,Silver,Web,Phuket,1012,TV_Show,COD,19,7,1,0,30-40,33.733333333333334,1.0,0.0,0.0,-1,175,1468.94,0.1,0.0,0.0,0.0,0.0,0,0,0.0,0.0,0,0,0.0,0.0,0,0,0.0,1468.94,1,0,0.0,0
LGS2ORD0024726,C015327,2025-07-15 19:00:00,Male,58,Platinum,TV,Phuket,1295,TV_Show,COD,19,7,1,0,>50,43.166666666666664,3.0,2.0,0.6666666666666666,37,51,1690.8033333333333,0.25,0.6666666666666666,0.6666666666666666,0.0,0.0,0,0,0.0,0.0,0,0,0.0,2104.95,2,2,1.0,5072.41,3,2,0.6666666666666666,0
LGS2ORD0024727,C016288,2025-07-15 20:00:00,Female,45,Bronze,Web,Khon Kaen,1265,CallCenter,PromptPay,20,7,1,0,40-50,42.166666666666664,1.0,0.0,0.0,-1,176,512.27,0.23,1.0,1.0,0.0,0.0,0,0,0.0,0.0,0,0,0.0,0.0,0,0,0.0,512.27,1,0,0.0,0
LGS2ORD0024728,C013393,2025-07-15 20:00:00,Male,61,Bronze,TV,Chonburi,236,Web,COD,20,7,1,0,>50,7.866666666666666,3.0,1.0,0.3333333333333333,8,16,2413.47,0.28,0.6666666666666666,0.3333333333333333,0.0,0.0,0,0,0.0,3469.6,1,1,1.0,3469.6,1,1,1.0,7240.41,3,1,0.3333333333333333,0
LGS2ORD0024729,C017113,2025-07-15 20:00:00,Female,50,Bronze,TV,Khon Kaen,405,Web,PromptPay,20,7,1,0,40-50,13.5,3.0,1.0,0.3333333333333333,55,35,1758.9133333333332,0.28,0.3333333333333333,0.6666666666666666,0.0,0.0,0,0,0.0,0.0,0,0,0.0,5276.74,3,1,0.3333333333333333,5276.74,3,1,0.3333333333333333,0
LGS2ORD0024730,C016466,2025-07-15 20:00:00,Male,50,Gold,Lazada,Chiang Mai,424,TV_Show,COD,20,7,1,0,40-50,14.133333333333333,3.0,1.0,0.3333333333333333,83,61,5961.433333333333,0.28,0.3333333333333333,0.3333333333333333,0.0,0.0,0,0,0.0,0.0,0,0,0.0,2185.31,1,0,0.0,17884.3,3,1,0.3333333333333333,0
LGS2ORD0024731,C011177,2025-07-15 20:00:00,Female,49,Bronze,TV,Remote_Area,721,TV_Show,PromptPay,20,7,1,0,40-50,24.033333333333335,7.0,3.0,0.42857142857142855,65,16,6334.06,0.28,0.42857142857142855,0.2857142857142857,0.0,0.0,0,0,0.0,7072.94,1,0,0.0,18078.219999999998,3,1,0.3333333333333333,44338.420000000006,7,3,0.42857142857142855,0
LGS2ORD0024732,C010808,2025-07-15 20:00:00,Female,30,Silver,CallCenter,Chiang Mai,801,Web,COD,20,7,1,0,20-30,26.7,2.0,1.0,0.5,100,36,5436.005,0.3,0.5,0.5,0.0,0.0,0,0,0.0,0.0,0,0,0.0,4417.93,1,0,0.0,10872.01,2,1,0.5,1
LGS2ORD0024733,C017472,2025-07-15 21:00:00,Male,35,Bronze,Web,Bangkok,678,Web,COD,21,7,1,0,30-40,22.6,1.0,0.0,0.0,-1,145,1472.36,0.08,0.0,0.0,0.0,0.0,0,0,0.0,0.0,0,0,0.0,0.0,0,0,0.0,1472.36,1,0,0.0,0
LGS2ORD0024734,C014202,2025-07-15 21:00:00,Other,39,Platinum,Web,Bangkok,658,TV_Show,PromptPay,21,7,1,0,30-40,21.933333333333334,4.0,0.0,0.0,-1,9,3576.1,0.35,0.75,0.25,0.0,0.0,0,0,0.0,11605.77,2,0,0.0,11605.77,2,0,0.0,14304.4,4,0,0.0,0
LGS2ORD0024735,C017910,2025-07-15 21:00:00,Female,53,Platinum,Web,Khon Kaen,556,TV_Show,PromptPay,21,7,1,0,>50,18.533333333333335,2.0,0.0,0.0,-1,119,1443.25,0.3,0.0,0.5,0.0,0.0,0,0,0.0,0.0,0,0,0.0,0.0,0,0,0.0,2886.5,2,0,0.0,1
LGS2ORD0024736,C017642,2025-07-15 21:00:00,Male,42,Gold,TV,Remote_Area,933,Web,Bank_Transfer,21,7,1,0,40-50,31.1,4.0,0.0,0.0,-1,4,4839.255,0.18,0.25,0.0,0.0,4389.61,1,0,0.0,4389.61,1,0,0.0,5953.19,2,0,0.0,19357.02,4,0,0.0,0
LGS2ORD0024737,C014705,2025-07-15 21:00:00,Male,32,Platinum,Lazada,Bangkok,1642,Lazada,PromptPay,21,7,1,0,30-40,54.733333333333334,2.0,0.0,0.0,-1,20,9604.465,0.3,0.5,0.5,0.0,0.0,0,0,0.0,17992.91,1,0,0.0,17992.91,1,0,0.0,19208.93,2,0,0.0,0
LGS2ORD0024738,C017052,2025-07-15 22:00:00,Male,35,Silver,TV,Songkhla,1506,Lazada,PromptPay,22,7,1,0,30-40,50.2,3.0,1.0,0.3333333333333333,106,120,1781.2333333333336,0.2,0.0,0.0,0.0,0.0,0,0,0.0,0.0,0,0,0.0,0.0,0,0,0.0,5343.700000000001,3,1,0.3333333333333333,1
LGS2ORD0024739,C011201,2025-07-15 22:00:00,Female,41,Silver,Web,Chonburi,671,TV_Show,Credit_Card,22,7,1,0,40-50,22.366666666666667,2.0,1.0,0.5,49,53,5652.24,0.2,0.5,0.0,0.0,0.0,0,0,0.0,0.0,0,0,0.0,7786.42,1,1,1.0,11304.48,2,1,0.5,0
LGS2ORD0024740,C013703,2025-07-15 22:00:00,Female,60,Bronze,TV,Remote_Area,529,Lazada,PromptPay,22,7,1,0,>50,17.633333333333333,0.0,0.0,0.0,-1,-1,0.0,0.0,0.0,0.0,0.0,0.0,0,0,0.0,0.0,0,0,0.0,0.0,0,0,0.0,0.0,0,0,0.0,0
LGS2ORD0024741,C017786,2025-07-15 22:00:00,Other,50,Silver,Shopee,Bangkok,651,Web,COD,22,7,1,0,40-50,21.7,3.0,0.0,0.0,-1,62,5607.246666666667,0.25,0.3333333333333333,0.3333333333333333,0.0,0.0,0,0,0.0,0.0,0,0,0.0,11451.52,1,0,0.0,16821.74,3,0,0.0,0
LGS2ORD0024742,C016598,2025-07-15 22:00:00,Female,47,Gold,Shopee,Bangkok,1300,TV_Show,Bank_Transfer,22,7,1,0,40-50,43.333333333333336,3.0,1.0,0.3333333333333333,16,17,1905.4166666666667,0.28,0.3333333333333333,0.6666666666666666,0.0,0.0,0,0,0.0,2195.83,2,1,0.5,5716.25,3,1,0.3333333333333333,5716.25,3,1,0.3333333333333333,1
LGS2ORD0024743,C015438,2025-07-15 23:00:00,Male,61,Silver,CallCenter,Khon Kaen,766,Lazada,COD,23,7,1,0,>50,25.533333333333335,1.0,0.0,0.0,-1,59,10749.54,0.3,0.0,1.0,0.0,0.0,0,0,0.0,0.0,0,0,0.0,10749.54,1,0,0.0,10749.54,1,0,0.0,0
LGS2ORD0024744,C011416,2025-07-15 23:00:00,Female,33,Gold,TV,Songkhla,1442,TV_Show,Credit_Card,23,7,1,0,30-40,48.06666666666667,1.0,1.0,1.0,16,28,544.42,0.13,1.0,0.0,0.0,0.0,0,0,0.0,544.42,1,1,1.0,544.42,1,1,1.0,544.42,1,1,1.0,0
LGS2ORD0024745,C011661,2025-07-15 23:00:00,Male,43,Bronze,TV,Bangkok,1335,Web,Credit_Card,23,7,1,0,40-50,44.5,3.0,3.0,1.0,26,40,9502.413333333334,0.28,1.0,0.6666666666666666,0.0,0.0,0,0,0.0,0.0,0,0,0.0,28507.24,3,3,1.0,28507.24,3,3,1.0,0
LGS2ORD0024746,C010726,2025-07-15 23:00:00,Female,33,Silver,TV,Nakhon Ratchasima,1563,Shopee,PromptPay,23,7,1,0,30-40,52.1,5.0,1.0,0.2,81,93,5754.762000000001,0.25,0.2,0.2,0.0,0.0,0,0,0.0,0.0,0,0,0.0,0.0,0,0,0.0,28773.81,5,1,0.2,0
LGS2ORD0024747,C017724,2025-07-15 23:00:00,Male,46,Platinum,TV,Nakhon Ratchasima,1025,Web,Bank_Transfer,23,7,1,0,40-50,34.166666666666664,6.0,3.0,0.5,51,12,2636.17,0.35,0.5,0.6666666666666666,0.0,0.0,0,0,0.0,8102.52,1,0,0.0,11069.64,4,2,0.5,15817.02,6,3,0.5,1
LGS2ORD0024748,C014590,2025-07-16 00:00:00,Male,53,Silver,Web,Bangkok,1232,Lazada,COD,0,7,2,0,>50,41.06666666666667,1.0,0.0,0.0,-1,188,5817.86,0.15,1.0,0.0,0.0,0.0,0,0,0.0,0.0,0,0,0.0,0.0,0,0,0.0,5817.86,1,0,0.0,0
LGS2ORD0024749,C013871,2025-07-16 00:00:00,Female,46,Silver,TV,Bangkok,1291,Web,COD,0,7,2,0,40-50,43.03333333333333,1.0,0.0,0.0,-1,12,4613.5,0.05,1.0,0.0,0.0,0.0,0,0,0.0,4613.5,1,0,0.0,4613.5,1,0,0.0,4613.5,1,0,0.0,0
LGS2ORD0024750,C011547,2025-07-16 00:00:00,Male,50,Bronze,CallCenter,Bangkok,1631,CallCenter,COD,0,7,2,0,40-50,54.36666666666667,5.0,0.0,0.0,-1,99,3997.2580000000003,0.28,0.6,0.2,0.0,0.0,0,0,0.0,0.0,0,0,0.0,0.0,0,0,0.0,19986.29,5,0,0.0,0
LGS2ORD0024751,C011867,2025-07-16 00:00:00,Female,42,Silver,Shopee,Bangkok,1164,TV_Show,COD,0,7,2,0,40-50,38.8,2.0,1.0,0.5,80,86,3561.58,0.1,1.0,0.0,0.0,0.0,0,0,0.0,0.0,0,0,0.0,4274.4,1,1,1.0,7123.16,2,1,0.5,1
LGS2ORD0024752,C010993,2025-07-16 00:00:00,Female,50,Bronze,TV,Remote_Area,596,TV_Show,COD,0,7,2,0,40-50,19.866666666666667,2.0,1.0,0.5,56,25,7986.495,0.13,1.0,0.0,0.0,0.0,0,0,0.0,13949.97,1,0,0.0,15972.99,2,1,0.5,15972.99,2,1,0.5,1
LGS2ORD0024753,C013418,2025-07-16 00:00:00,Female,18,Silver,Lazada,Bangkok,345,Shopee,PromptPay,0,7,2,0,<20,11.5,2.0,0.0,0.0,-1,51,7564.225,0.1,0.5,0.0,0.0,0.0,0,0,0.0,0.0,0,0,0.0,277.28,1,0,0.0,15128.45,2,0,0.0,0
LGS2ORD0024754,C016319,2025-07-16 01:00:00,Female,30,Bronze,Shopee,Chonburi,269,TV_Show,COD,1,7,2,0,20-30,8.966666666666667,4.0,3.0,0.75,29,33,5062.3099999999995,0.23,0.75,0.25,0.0,0.0,0,0,0.0,0.0,0,0,0.0,20249.239999999998,4,3,0.75,20249.239999999998,4,3,0.75,0
LGS2ORD0024755,C016863,2025-07-16 01:00:00,Male,61,Bronze,TV,Songkhla,240,Shopee,COD,1,7,2,0,>50,8.0,6.0,0.0,0.0,-1,1,7968.751666666667,0.23,0.5,0.3333333333333333,0.0,3430.8,1,0,0.0,6997.48,2,0,0.0,26471.45,5,0,0.0,47812.51,6,0,0.0,1
LGS2ORD0024756,C014653,2025-07-16 01:00:00,Female,43,Bronze,TV,Remote_Area,1217,TV_Show,Bank_Transfer,1,7,2,0,40-50,40.56666666666667,4.0,3.0,0.75,28,39,4305.057500000001,0.18,0.5,0.0,0.0,0.0,0,0,0.0,0.0,0,0,0.0,13290.07,3,2,0.6666666666666666,17220.230000000003,4,3,0.75,0
LGS2ORD0024757,C010535,2025-07-16 01:00:00,Male,65,Silver,CallCenter,Khon Kaen,858,Web,COD,1,7,2,0,>50,28.6,5.0,0.0,0.0,-1,38,3921.5019999999995,0.25,0.2,0.4,0.0,0.0,0,0,0.0,0.0,0,0,0.0,6274.570000000001,2,0,0.0,19607.51,5,0,0.0,0
LGS2ORD0024758,C013635,2025-07-16 01:00:00,Female,22,Platinum,CallCenter,Bangkok,227,Shopee,Bank_Transfer,1,7,2,0,20-30,7.566666666666666,3.0,0.0,0.0,-1,76,3742.81,0.15,1.0,0.0,0.0,0.0,0,0,0.0,0.0,0,0,0.0,1729.47,1,0,0.0,11228.43,3,0,0.0,0
LGS2ORD0024759,C015790,2025-07-16 02:00:00,Male,36,Bronze,CallCenter,Bangkok,1603,CallCenter,Bank_Transfer,2,7,2,0,30-40,53.43333333333333,3.0,0.0,0.0,-1,47,2727.74,0.28,0.6666666666666666,0.3333333333333333,0.0,0.0,0,0,0.0,0.0,0,0,0.0,8183.219999999999,3,0,0.0,8183.219999999999,3,0,0.0,0
LGS2ORD0024760,C015659,2025-07-16 02:00:00,Female,41,Silver,Shopee,Phuket,1238,Web,Credit_Card,2,7,2,0,40-50,41.266666666666666,4.0,1.0,0.25,102,59,5862.9349999999995,0.25,0.25,0.5,0.0,0.0,0,0,0.0,0.0,0,0,0.0,12690.31,2,0,0.0,23451.739999999998,4,1,0.25,0
LGS2ORD0024761,C016500,2025-07-16 02:00:00,Male,55,Bronze,TV,Chonburi,1040,Shopee,Bank_Transfer,2,7,2,0,>50,34.666666666666664,3.0,1.0,0.3333333333333333,90,54,1229.5500000000002,0.23,0.6666666666666666,0.3333333333333333,0.0,0.0,0,0,0.0,0.0,0,0,0.0,471.8,1,0,0.0,3688.6500000000005,3,1,0.3333333333333333,0
LGS2ORD0024762,C015513,2025-07-16 02:00:00,Female,41,Silver,Web,Nakhon Ratchasima,1139,CallCenter,Credit_Card,2,7,2,0,40-50,37.96666666666667,1.0,0.0,0.0,-1,68,2905.3,0.2,1.0,0.0,0.0,0.0,0,0,0.0,0.0,0,0,0.0,2905.3,1,0,0.0,2905.3,1,0,0.0,1
LGS2ORD0024763,C017959,2025-07-16 02:00:00,Female,54,Silver,Web,Bangkok,1080,TV_Show,PromptPay,2,7,2,0,>50,36.0,1.0,0.0,0.0,-1,147,1797.23,0.3,1.0,1.0,0.0,0.0,0,0,0.0,0.0,0,0,0.0,0.0,0,0,0.0,1797.23,1,0,0.0,0
LGS2ORD0024764,C015461,2025-07-16 03:00:00,Female,29,Bronze,CallCenter,Bangkok,625,Shopee,Credit_Card,3,7,2,0,20-30,20.833333333333332,3.0,0.0,0.0,-1,45,3185.5333333333333,0.28,0.3333333333333333,0.3333333333333333,0.0,0.0,0,0,0.0,0.0,0,0,0.0,7847.39,2,0,0.0,9556.6,3,0,0.0,0
LGS2ORD0024765,C012365,2025-07-16 03:00:00,Female,58,Platinum,Lazada,Khon Kaen,658,TV_Show,Credit_Card,3,7,2,0,>50,21.933333333333334,1.0,1.0,1.0,146,158,1789.78,0.15,1.0,0.0,0.0,0.0,0,0,0.0,0.0,0,0,0.0,0.0,0,0,0.0,1789.78,1,1,1.0,0
LGS2ORD0024766,C014988,2025-07-16 03:00:00,Male,35,Bronze,TV,Nakhon Ratchasima,870,Shopee,Credit_Card,3,7,2,0,30-40,29.0,0.0,0.0,0.0,-1,-1,0.0,0.0,0.0,0.0,0.0,0.0,0,0,0.0,0.0,0,0,0.0,0.0,0,0,0.0,0.0,0,0,0.0,0
LGS2ORD0024767,C017911,2025-07-16 03:00:00,Male,50,Bronze,Web,Chonburi,1400,Lazada,COD,3,7,2,0,40-50,46.666666666666664,6.0,1.0,0.16666666666666666,19,6,3120.3000000000006,0.23,0.16666666666666666,0.5,0.0,1581.47,1,0,0.0,7279.3,2,1,0.5,7843.91,3,1,0.3333333333333333,18721.800000000003,6,1,0.16666666666666666,0
LGS2ORD0024768,C015632,2025-07-16 03:00:00,Female,43,Bronze,Web,Bangkok,343,Lazada,Credit_Card,3,7,2,0,40-50,11.433333333333334,4.0,1.0,0.25,154,8,9124.8075,0.28,0.5,0.5,0.0,0.0,0,0,0.0,2796.15,1,0,0.0,33578.61,3,0,0.0,36499.23,4,1,0.25,1
LGS2ORD0024769,C015076,2025-07-16 04:00:00,Female,43,Bronze,Shopee,Bangkok,348,Lazada,COD,4,7,2,0,40-50,11.6,1.0,0.0,0.0,-1,4,1065.83,0.03,0.0,0.0,0.0,1065.83,1,0,0.0,1065.83,1,0,0.0,1065.83,1,0,0.0,1065.83,1,0,0.0,0
LGS2ORD0024770,C017144,2025-07-16 04:00:00,Female,51,Platinum,Web,Bangkok,738,Lazada,COD,4,7,2,0,>50,24.6,2.0,0.0,0.0,-1,55,5149.765,0.25,0.0,0.5,0.0,0.0,0,0,0.0,0.0,0,0,0.0,3804.68,1,0,0.0,10299.53,2,0,0.0,0
LGS2ORD0024771,C017029,2025-07-16 04:00:00,Female,56,Silver,Shopee,Remote_Area,934,TV_Show,PromptPay,4,7,2,0,>50,31.133333333333333,2.0,1.0,0.5,47,61,21974.48,0.3,0.5,0.5,0.0,0.0,0,0,0.0,0.0,0,0,0.0,38039.32,1,1,1.0,43948.96,2,1,0.5,0
LGS2ORD0024772,C014558,2025-07-16 04:00:00,Male,39,Bronze,Web,Remote_Area,487,TV_Show,PromptPay,4,7,2,0,30-40,16.233333333333334,5.0,1.0,0.2,28,21,3549.04,0.23,0.4,0.2,0.0,0.0,0,0,0.0,3091.37,1,0,0.0,9659.42,2,1,0.5,17745.2,5,1,0.2,0
LGS2ORD0024773,C013076,2025-07-16 04:00:00,Female,43,Bronze,CallCenter,Bangkok,373,Lazada,Credit_Card,4,7,2,0,40-50,12.433333333333334,6.0,1.0,0.16666666666666666,107,17,11413.516666666665,0.28,0.3333333333333333,0.5,0.0,0.0,0,0,0.0,789.01,1,0,0.0,14393.54,3,0,0.0,68481.09999999999,6,1,0.16666666666666666,0
LGS2ORD0024774,C014874,2025-07-16 04:00:00,Female,31,Silver,CallCenter,Chiang Mai,621,Web,Credit_Card,4,7,2,0,30-40,20.7,3.0,0.0,0.0,-1,85,1765.0133333333335,0.1,0.6666666666666666,0.0,0.0,0.0,0,0,0.0,0.0,0,0,0.0,2319.76,1,0,0.0,5295.040000000001,3,0,0.0,1
LGS2ORD0024775,C016918,2025-07-16 05:00:00,Male,51,Gold,Lazada,Nakhon Ratchasima,1397,CallCenter,COD,5,7,2,0,>50,46.56666666666667,4.0,1.0,0.25,79,37,4116.669999999999,0.33,0.5,0.75,0.0,0.0,0,0,0.0,0.0,0,0,0.0,13169.710000000001,3,1,0.3333333333333333,16466.679999999997,4,1,0.25,0
LGS2ORD0024776,C011964,2025-07-16 05:00:00,Male,68,Bronze,Web,Chiang Mai,303,Web,COD,5,7,2,0,>50,10.1,6.0,1.0,0.16666666666666666,46,8,3825.9533333333334,0.28,0.5,0.3333333333333333,0.0,0.0,0,0,0.0,5558.82,2,0,0.0,22955.72,6,1,0.16666666666666666,22955.72,6,1,0.16666666666666666,0
LGS2ORD0024777,C012396,2025-07-16 05:00:00,Female,56,Silver,Shopee,Remote_Area,747,Shopee,COD,5,7,2,0,>50,24.9,3.0,2.0,0.6666666666666666,1,14,4473.613333333334,0.25,0.6666666666666666,0.6666666666666666,0.0,0.0,0,0,0.0,1200.24,1,1,1.0,9288.79,2,1,0.5,13420.84,3,2,0.6666666666666666,1
LGS2ORD0024778,C013205,2025-07-16 05:00:00,Male,50,Bronze,TV,Remote_Area,643,Web,COD,5,7,2,0,40-50,21.433333333333334,4.0,2.0,0.5,16,26,3898.77,0.18,0.0,0.0,0.0,0.0,0,0,0.0,760.53,1,1,1.0,7829.38,2,2,1.0,15595.08,4,2,0.5,0
LGS2ORD0024779,C016006,2025-07-16 05:00:00,Female,35,Bronze,Lazada,Songkhla,1576,Shopee,Credit_Card,5,7,2,0,30-40,52.53333333333333,2.0,1.0,0.5,35,44,2243.9700000000003,0.28,0.5,0.5,0.0,0.0,0,0,0.0,0.0,0,0,0.0,4487.9400000000005,2,1,0.5,4487.9400000000005,2,1,0.5,0
LGS2ORD0024780,C010999,2025-07-16 06:00:00,Male,49,Bronze,TV,Khon Kaen,1597,CallCenter,COD,6,7,2,0,40-50,53.233333333333334,2.0,0.0,0.0,-1,20,5299.634999999999,0.08,0.5,0.0,0.0,0.0,0,0,0.0,2017.31,1,0,0.0,2017.31,1,0,0.0,10599.269999999999,2,0,0.0,0
LGS2ORD0024781,C011247,2025-07-16 06:00:00,Female,40,Silver,CallCenter,Chonburi,1448,TV_Show,COD,6,7,2,0,30-40,48.266666666666666,5.0,0.0,0.0,-1,22,8472.469999999998,0.3,0.4,0.2,0.0,0.0,0,0,0.0,818.36,1,0,0.0,41782.509999999995,4,0,0.0,42362.34999999999,5,0,0.0,1
LGS2ORD0024782,C015418,2025-07-16 06:00:00,Male,50,Silver,Web,Remote_Area,426,Lazada,PromptPay,6,7,2,0,40-50,14.2,6.0,3.0,0.5,44,56,1713.2766666666666,0.3,0.3333333333333333,0.16666666666666666,0.0,0.0,0,0,0.0,0.0,0,0,0.0,3949.56,2,1,0.5,10279.66,6,3,0.5,0
LGS2ORD0024783,C015079,2025-07-16 06:00:00,Male,33,Bronze,TV,Phuket,798,Lazada,Credit_Card,6,7,2,0,30-40,26.6,3.0,1.0,0.3333333333333333,50,65,6368.7266666666665,0.18,1.0,0.0,0.0,0.0,0,0,0.0,0.0,0,0,0.0,10221.27,1,1,1.0,19106.18,3,1,0.3333333333333333,1
LGS2ORD0024784,C012739,2025-07-16 06:00:00,Male,56,Bronze,TV,Remote_Area,1392,Shopee,COD,6,7,2,0,>50,46.4,3.0,0.0,0.0,-1,29,10420.686666666666,0.23,0.3333333333333333,0.3333333333333333,0.0,0.0,0,0,0.0,3607.19,1,0,0.0,21922.35,2,0,0.0,31262.059999999998,3,0,0.0,1
LGS2ORD0024785,C011274,2025-07-16 07:00:00,Male,54,Silver,TV,Phuket,562,Lazada,Credit_Card,7,7,2,0,>50,18.733333333333334,2.0,1.0,0.5,153,150,4005.27,0.2,1.0,0.0,0.0,0.0,0,0,0.0,0.0,0,0,0.0,0.0,0,0,0.0,8010.54,2,1,0.5,1
LGS2ORD0024786,C014977,2025-07-16 07:00:00,Female,60,Gold,Shopee,Khon Kaen,1310,TV_Show,Credit_Card,7,7,2,0,>50,43.666666666666664,0.0,0.0,0.0,-1,-1,0.0,0.0,0.0,0.0,0.0,0.0,0,0,0.0,0.0,0,0,0.0,0.0,0,0,0.0,0.0,0,0,0.0,0
LGS2ORD0024787,C015165,2025-07-16 07:00:00,Female,45,Bronze,TV,Bangkok,1594,CallCenter,Credit_Card,7,7,2,0,40-50,53.13333333333333,9.0,1.0,0.1111111111111111,9,14,4074.6977777777774,0.28,0.3333333333333333,0.4444444444444444,0.0,0.0,0,0,0.0,11098.24,2,1,0.5,11987.86,3,1,0.3333333333333333,36672.28,9,1,0.1111111111111111,0
LGS2ORD0024788,C014346,2025-07-16 07:00:00,Female,62,Silver,Web,Chiang Mai,997,Shopee,PromptPay,7,7,2,0,>50,33.233333333333334,7.0,2.0,0.2857142857142857,31,6,6833.7528571428575,0.3,0.5714285714285714,0.5714285714285714,0.0,8276.63,1,0,0.0,8276.63,1,0,0.0,16343.839999999998,4,1,0.25,47836.270000000004,7,2,0.2857142857142857,0
LGS2ORD0024789,C013455,2025-07-16 07:00:00,Female,29,Bronze,Web,Bangkok,1204,Lazada,COD,7,7,2,0,20-30,40.13333333333333,1.0,1.0,1.0,-8,8,14561.23,0.08,1.0,0.0,0.0,0.0,0,0,0.0,14561.23,1,1,1.0,14561.23,1,1,1.0,14561.23,1,1,1.0,0
LGS2ORD0024790,C013669,2025-07-16 07:00:00,Female,54,Bronze,Shopee,Phuket,662,Shopee,Credit_Card,7,7,2,0,>50,22.066666666666666,3.0,1.0,0.3333333333333333,92,46,2217.253333333333,0.08,0.3333333333333333,0.0,0.0,0.0,0,0,0.0,0.0,0,0,0.0,1032.11,1,0,0.0,6651.759999999999,3,1,0.3333333333333333,0
LGS2ORD0024791,C016503,2025-07-16 08:00:00,Female,25,Bronze,Shopee,Remote_Area,1638,TV_Show,Bank_Transfer,8,7,2,0,20-30,54.6,6.0,2.0,0.3333333333333333,112,50,4040.61,0.23,0.6666666666666666,0.16666666666666666,0.0,0.0,0,0,0.0,0.0,0,0,0.0,16254.45,3,0,0.0,24243.66,6,2,0.3333333333333333,1
LGS2ORD0024792,C014584,2025-07-16 08:00:00,Female,67,Bronze,Web,Bangkok,1313,CallCenter,COD,8,7,2,0,>50,43.766666666666666,1.0,1.0,1.0,0,6,2256.04,0.03,1.0,0.0,0.0,2256.04,1,1,1.0,2256.04,1,1,1.0,2256.04,1,1,1.0,2256.04,1,1,1.0,1
LGS2ORD0024793,C016958,2025-07-16 08:00:00,Male,56,Silver,TV,Bangkok,1595,Lazada,PromptPay,8,7,2,0,>50,53.166666666666664,3.0,1.0,0.3333333333333333,68,51,7537.286666666667,0.25,0.3333333333333333,0.3333333333333333,0.0,0.0,0,0,0.0,0.0,0,0,0.0,4762.26,2,1,0.5,22611.86,3,1,0.3333333333333333,0
LGS2ORD0024794,C012099,2025-07-16 08:00:00,Female,33,Bronze,TV,Bangkok,1600,TV_Show,COD,8,7,2,0,30-40,53.333333333333336,2.0,1.0,0.5,171,121,18913.504999999997,0.13,0.5,0.0,0.0,0.0,0,0,0.0,0.0,0,0,0.0,0.0,0,0,0.0,37827.009999999995,2,1,0.5,0
LGS2ORD0024795,C011132,2025-07-16 08:00:00,Female,39,Bronze,TV,Khon Kaen,951,TV_Show,COD,8,7,2,0,30-40,31.7,7.0,2.0,0.2857142857142857,131,0,6876.5428571428565,0.28,0.7142857142857143,0.42857142857142855,0.0,2372.99,1,0,0.0,2372.99,1,0,0.0,2372.99,1,0,0.0,48135.799999999996,7,2,0.2857142857142857,0
LGS2ORD0024796,C015424,2025-07-16 09:00:00,Male,37,Gold,Web,Khon Kaen,242,TV_Show,COD,9,7,2,0,30-40,8.066666666666666,4.0,1.0,0.25,24,20,6040.5675,0.2299999999999999,0.5,0.25,0.0,0.0,0,0,0.0,4245.91,1,0,0.0,8147.35,2,1,0.5,24162.27,4,1,0.25,0
LGS2ORD0024797,C014856,2025-07-16 09:00:00,Male,36,Silver,TV,Nakhon Ratchasima,1239,Shopee,Bank_Transfer,9,7,2,0,30-40,41.3,2.0,0.0,0.0,-1,99,7867.264999999999,0.1,1.0,0.0,0.0,0.0,0,0,0.0,0.0,0,0,0.0,0.0,0,0,0.0,15734.529999999999,2,0,0.0,1
LGS2ORD0024798,C010643,2025-07-16 09:00:00,Male,46,Bronze,TV,Bangkok,1355,Web,Bank_Transfer,9,7,2,0,40-50,45.166666666666664,2.0,0.0,0.0,-1,11,2556.39,0.08,0.5,0.0,0.0,0.0,0,0,0.0,3125.14,1,0,0.0,3125.14,1,0,0.0,5112.78,2,0,0.0,0
LGS2ORD0024799,C012237,2025-07-16 09:00:00,Female,34,Bronze,TV,Remote_Area,1598,CallCenter,COD,9,7,2,0,30-40,53.266666666666666,2.0,0.0,0.0,-1,61,5684.655000000001,0.23,0.0,0.5,0.0,0.0,0,0,0.0,0.0,0,0,0.0,1667.61,1,0,0.0,11369.310000000001,2,0,0.0,1
LGS2ORD0024800,C013405,2025-07-16 09:00:00,Male,27,Silver,Lazada,Nakhon Ratchasima,1069,Web,PromptPay,9,7,2,0,20-30,35.63333333333333,7.0,3.0,0.42857142857142855,1,5,3145.2114285714283,0.3,0.2857142857142857,0.2857142857142857,0.0,1642.56,1,0,0.0,4482.15,3,1,0.3333333333333333,4482.15,3,1,0.3333333333333333,22016.48,7,3,0.42857142857142855,0
LGS2ORD0024801,C012520,2025-07-16 10:00:00,Female,44,Silver,Lazada,Remote_Area,1392,CallCenter,COD,10,7,2,0,40-50,46.4,1.0,0.0,0.0,-1,107,1630.26,0.2,0.0,0.0,0.0,0.0,0,0,0.0,0.0,0,0,0.0,0.0,0,0,0.0,1630.26,1,0,0.0,1
LGS2ORD0024802,C011582,2025-07-16 10:00:00,Female,36,Bronze,Web,Khon Kaen,417,Web,COD,10,7,2,0,30-40,13.9,5.0,1.0,0.2,21,27,4056.476,0.28,0.4,0.2,0.0,0.0,0,0,0.0,2726.75,1,1,1.0,14868.75,3,1,0.3333333333333333,20282.38,5,1,0.2,0
LGS2ORD0024803,C010143,2025-07-16 10:00:00,Male,37,Silver,CallCenter,Bangkok,1546,Lazada,Credit_Card,10,7,2,0,30-40,51.53333333333333,4.0,0.0,0.0,-1,20,6081.4349999999995,0.2,0.5,0.0,0.0,0.0,0,0,0.0,8241.35,1,0,0.0,8241.35,1,0,0.0,24325.739999999998,4,0,0.0,1
LGS2ORD0024804,C013642,2025-07-16 10:00:00,Other,26,Bronze,Lazada,Phuket,1027,CallCenter,Bank_Transfer,10,7,2,0,20-30,34.233333333333334,0.0,0.0,0.0,-1,-1,0.0,0.0,0.0,0.0,0.0,0.0,0,0,0.0,0.0,0,0,0.0,0.0,0,0,0.0,0.0,0,0,0.0,0
LGS2ORD0024805,C012974,2025-07-16 10:00:00,Female,56,Gold,Web,Songkhla,943,CallCenter,COD,10,7,2,0,>50,31.433333333333334,2.0,1.0,0.5,103,68,4953.860000000001,0.33,0.5,0.5,0.0,0.0,0,0,0.0,0.0,0,0,0.0,3227.91,1,0,0.0,9907.720000000001,2,1,0.5,1
LGS2ORD0024806,C013168,2025-07-16 11:00:00,Female,37,Platinum,Lazada,Khon Kaen,761,Shopee,Credit_Card,11,7,2,0,30-40,25.366666666666667,2.0,0.0,0.0,-1,136,4401.03,0.25,0.0,0.5,0.0,0.0,0,0,0.0,0.0,0,0,0.0,0.0,0,0,0.0,8802.06,2,0,0.0,0
LGS2ORD0024807,C014435,2025-07-16 11:00:00,Female,35,Bronze,TV,Remote_Area,473,Shopee,COD,11,7,2,0,30-40,15.766666666666667,5.0,3.0,0.6,125,34,6532.68,0.28,0.6,0.2,0.0,0.0,0,0,0.0,0.0,0,0,0.0,6215.72,1,0,0.0,32663.4,5,3,0.6,0
LGS2ORD0024808,C012184,2025-07-16 11:00:00,Male,46,Silver,TV,Bangkok,1449,Web,Credit_Card,11,7,2,0,40-50,48.3,2.0,0.0,0.0,-1,17,3806.565,0.25,0.0,1.0,0.0,0.0,0,0,0.0,6420.64,1,0,0.0,6420.64,1,0,0.0,7613.13,2,0,0.0,0
LGS2ORD0024809,C015087,2025-07-16 11:00:00,Female,31,Gold,Lazada,Remote_Area,1564,Web,PromptPay,11,7,2,0,30-40,52.13333333333333,5.0,2.0,0.4,54,10,6148.348,0.28,0.8,0.4,0.0,0.0,0,0,0.0,3912.37,1,0,0.0,16628.0,2,1,0.5,30741.739999999998,5,2,0.4,0
LGS2ORD0024810,C014317,2025-07-16 11:00:00,Female,46,Gold,TV,Chonburi,1049,Shopee,Credit_Card,11,7,2,0,40-50,34.96666666666667,1.0,0.0,0.0,-1,53,943.53,0.28,1.0,1.0,0.0,0.0,0,0,0.0,0.0,0,0,0.0,943.53,1,0,0.0,943.53,1,0,0.0,0
LGS2ORD0024811,C015157,2025-07-16 11:00:00,Male,25,Bronze,Shopee,Chonburi,1200,Lazada,COD,11,7,2,0,20-30,40.0,5.0,2.0,0.4,53,18,7465.280000000001,0.23,0.6,0.4,0.0,0.0,0,0,0.0,3507.62,1,0,0.0,29380.71,3,1,0.3333333333333333,37326.4,5,2,0.4,0
LGS2ORD0024812,C016262,2025-07-16 12:00:00,Male,51,Silver,CallCenter,Bangkok,394,Lazada,COD,12,7,2,0,>50,13.133333333333333,4.0,0.0,0.0,-1,22,11193.720000000001,0.15,0.5,0.0,0.0,0.0,0,0,0.0,2537.19,1,0,0.0,24071.53,2,0,0.0,44774.880000000005,4,0,0.0,1
LGS2ORD0024813,C011265,2025-07-16 12:00:00,Female,28,Gold,Shopee,Songkhla,1085,Lazada,Credit_Card,12,7,2,0,20-30,36.166666666666664,0.0,0.0,0.0,-1,-1,0.0,0.0,0.0,0.0,0.0,0.0,0,0,0.0,0.0,0,0,0.0,0.0,0,0,0.0,0.0,0,0,0.0,0
LGS2ORD0024814,C014011,2025-07-16 12:00:00,Female,46,Silver,CallCenter,Phuket,1266,TV_Show,Credit_Card,12,7,2,0,40-50,42.2,6.0,0.0,0.0,-1,3,4437.011666666666,0.25,0.3333333333333333,0.16666666666666666,0.0,3854.57,1,0,0.0,11844.8,2,0,0.0,15450.07,4,0,0.0,26622.07,6,0,0.0,1
LGS2ORD0024815,C016413,2025-07-16 12:00:00,Female,66,Bronze,Web,Bangkok,440,CallCenter,Credit_Card,12,7,2,0,>50,14.666666666666666,4.0,1.0,0.25,89,61,3997.3950000000004,0.18,0.75,0.0,0.0,0.0,0,0,0.0,0.0,0,0,0.0,4995.31,1,0,0.0,15989.580000000002,4,1,0.25,0
LGS2ORD0024816,C016996,2025-07-16 12:00:00,Female,51,Silver,Lazada,Chiang Mai,577,Shopee,COD,12,7,2,0,>50,19.233333333333334,6.0,0.0,0.0,-1,31,4890.571666666667,0.2,0.3333333333333333,0.0,0.0,0.0,0,0,0.0,0.0,0,0,0.0,6402.030000000001,2,0,0.0,29343.43,6,0,0.0,1
LGS2ORD0024817,C010083,2025-07-16 13:00:00,Male,45,Gold,TV,Khon Kaen,351,Lazada,COD,13,7,2,0,40-50,11.7,6.0,1.0,0.16666666666666666,118,4,4807.11,0.2299999999999999,0.5,0.16666666666666666,0.0,8030.43,1,0,0.0,8030.43,1,0,0.0,8719.43,2,0,0.0,28842.66,6,1,0.16666666666666666,0
LGS2ORD0024818,C014383,2025-07-16 13:00:00,Male,32,Silver,CallCenter,Chiang Mai,377,CallCenter,COD,13,7,2,0,30-40,12.566666666666666,4.0,1.0,0.25,38,53,3839.0249999999996,0.3,0.25,0.25,0.0,0.0,0,0,0.0,0.0,0,0,0.0,13992.259999999998,2,1,0.5,15356.099999999999,4,1,0.25,1
LGS2ORD0024819,C016279,2025-07-16 13:00:00,Female,39,Bronze,Web,Bangkok,1158,Lazada,PromptPay,13,7,2,0,30-40,38.6,4.0,3.0,0.75,24,30,9341.5,0.28,0.25,0.5,0.0,0.0,0,0,0.0,0.0,0,0,0.0,35086.28,2,1,0.5,37366.0,4,3,0.75,0
LGS2ORD0024820,C017381,2025-07-16 13:00:00,Male,35,Bronze,CallCenter,Khon Kaen,227,CallCenter,Bank_Transfer,13,7,2,0,30-40,7.566666666666666,4.0,1.0,0.25,132,43,4831.619999999999,0.18,0.75,0.0,0.0,0.0,0,0,0.0,0.0,0,0,0.0,2208.03,1,0,0.0,19326.479999999996,4,1,0.25,1
LGS2ORD0024821,C015493,2025-07-16 13:00:00,Male,28,Gold,Lazada,Nakhon Ratchasima,1434,Shopee,COD,13,7,2,0,20-30,47.8,1.0,0.0,0.0,-1,81,5418.93,0.13,0.0,0.0,0.0,0.0,0,0,0.0,0.0,0,0,0.0,5418.93,1,0,0.0,5418.93,1,0,0.0,0
LGS2ORD0024822,C010476,2025-07-16 14:00:00,Male,50,Bronze,Web,Phuket,208,TV_Show,Credit_Card,14,7,2,0,40-50,6.933333333333334,3.0,1.0,0.3333333333333333,-8,1,6025.32,0.08,0.3333333333333333,0.0,0.0,548.17,1,1,1.0,548.17,1,1,1.0,17425.89,2,1,0.5,18075.96,3,1,0.3333333333333333,0
LGS2ORD0024823,C013051,2025-07-16 14:00:00,Female,40,Bronze,Web,Phuket,946,Web,COD,14,7,2,0,30-40,31.533333333333335,3.0,1.0,0.3333333333333333,58,69,6046.243333333333,0.18,0.3333333333333333,0.0,0.0,0.0,0,0,0.0,0.0,0,0,0.0,1478.32,1,1,1.0,18138.73,3,1,0.3333333333333333,0
LGS2ORD0024824,C015864,2025-07-16 14:00:00,Male,18,Gold,Web,Phuket,1591,Web,PromptPay,14,7,2,0,<20,53.03333333333333,4.0,0.0,0.0,-1,103,11687.369999999999,0.28,0.0,0.25,0.0,0.0,0,0,0.0,0.0,0,0,0.0,0.0,0,0,0.0,46749.479999999996,4,0,0.0,0
LGS2ORD0024825,C011582,2025-07-16 14:00:00,Female,36,Bronze,Web,Khon Kaen,417,Shopee,COD,14,7,2,0,30-40,13.9,6.0,1.0,0.16666666666666666,22,0,3890.605,0.28,0.5,0.3333333333333333,0.0,3061.25,1,0,0.0,5788.0,2,1,0.5,17930.0,4,1,0.25,23343.63,6,1,0.16666666666666666,0
LGS2ORD0024826,C017781,2025-07-16 14:00:00,Male,38,Platinum,Web,Khon Kaen,823,Web,PromptPay,14,7,2,0,30-40,27.433333333333334,3.0,0.0,0.0,-1,184,3205.8866666666668,0.25,0.6666666666666666,0.3333333333333333,0.0,0.0,0,0,0.0,0.0,0,0,0.0,0.0,0,0,0.0,9617.66,3,0,0.0,0
LGS2ORD0024827,C012435,2025-07-16 15:00:00,Female,36,Bronze,Web,Chonburi,351,TV_Show,COD,15,7,2,0,30-40,11.7,2.0,1.0,0.5,75,62,9143.1,0.18,1.0,0.0,0.0,0.0,0,0,0.0,0.0,0,0,0.0,18286.2,2,1,0.5,18286.2,2,1,0.5,1
LGS2ORD0024828,C013218,2025-07-16 15:00:00,Male,50,Silver,Web,Bangkok,428,Web,COD,15,7,2,0,40-50,14.266666666666667,4.0,2.0,0.5,50,16,1595.0475000000001,0.3,0.75,0.75,0.0,0.0,0,0,0.0,2985.37,1,0,0.0,6034.6900000000005,3,1,0.3333333333333333,6380.1900000000005,4,2,0.5,1
LGS2ORD0024829,C010018,2025-07-16 15:00:00,Female,40,Silver,TV,Bangkok,1464,TV_Show,COD,15,7,2,0,30-40,48.8,2.0,1.0,0.5,102,29,3023.815,0.1,0.5,0.0,0.0,0.0,0,0,0.0,4206.91,1,0,0.0,4206.91,1,0,0.0,6047.63,2,1,0.5,0
LGS2ORD0024830,C014823,2025-07-16 15:00:00,Female,42,Bronze,TV,Bangkok,316,Web,COD,15,7,2,0,40-50,10.533333333333333,4.0,1.0,0.25,178,71,1963.825,0.23,0.5,0.25,0.0,0.0,0,0,0.0,0.0,0,0,0.0,4065.55,2,0,0.0,7855.3,4,1,0.25,1
LGS2ORD0024831,C013799,2025-07-16 15:00:00,Female,63,Bronze,TV,Chiang Mai,520,TV_Show,COD,15,7,2,0,>50,17.333333333333332,6.0,1.0,0.16666666666666666,26,43,9704.963333333333,0.23,0.6666666666666666,0.3333333333333333,0.0,0.0,0,0,0.0,0.0,0,0,0.0,35824.350000000006,3,1,0.3333333333333333,58229.78,6,1,0.16666666666666666,1
LGS2ORD0024832,C010037,2025-07-16 15:00:00,Male,36,Bronze,CallCenter,Bangkok,964,TV_Show,COD,15,7,2,0,30-40,32.13333333333333,3.0,1.0,0.3333333333333333,167,178,8572.06,0.08,0.0,0.0,0.0,0.0,0,0,0.0,0.0,0,0,0.0,0.0,0,0,0.0,25716.18,3,1,0.3333333333333333,1
LGS2ORD0024833,C016448,2025-07-16 16:00:00,Female,44,Bronze,Lazada,Bangkok,1635,Web,Credit_Card,16,7,2,0,40-50,54.5,3.0,0.0,0.0,-1,110,4478.436666666667,0.18,0.3333333333333333,0.0,0.0,0.0,0,0,0.0,0.0,0,0,0.0,0.0,0,0,0.0,13435.310000000001,3,0,0.0,0
LGS2ORD0024834,C016264,2025-07-16 16:00:00,Female,45,Gold,TV,Chonburi,947,TV_Show,Bank_Transfer,16,7,2,0,40-50,31.566666666666666,4.0,0.0,0.0,-1,10,4371.8425,0.18,0.75,0.0,0.0,0.0,0,0,0.0,11125.77,1,0,0.0,12653.050000000001,2,0,0.0,17487.37,4,0,0.0,0
LGS2ORD0024835,C017749,2025-07-16 16:00:00,Male,40,Gold,Web,Khon Kaen,1496,Web,Credit_Card,16,7,2,0,30-40,49.86666666666667,4.0,0.0,0.0,-1,81,5983.3525,0.28,0.25,0.5,0.0,0.0,0,0,0.0,0.0,0,0,0.0,19876.46,3,0,0.0,23933.41,4,0,0.0,0
LGS2ORD0024836,C016774,2025-07-16 16:00:00,Male,45,Silver,Shopee,Songkhla,1454,Lazada,Credit_Card,16,7,2,0,40-50,48.46666666666667,1.0,1.0,1.0,68,80,1816.34,0.3,1.0,1.0,0.0,0.0,0,0,0.0,0.0,0,0,0.0,1816.34,1,1,1.0,1816.34,1,1,1.0,1
LGS2ORD0024837,C015763,2025-07-16 16:00:00,Male,39,Silver,TV,Nakhon Ratchasima,295,Web,PromptPay,16,7,2,0,30-40,9.833333333333334,1.0,0.0,0.0,-1,160,696.32,0.05,0.0,0.0,0.0,0.0,0,0,0.0,0.0,0,0,0.0,0.0,0,0,0.0,696.32,1,0,0.0,0
LGS2ORD0024838,C016487,2025-07-16 17:00:00,Male,38,Silver,Web,Songkhla,968,Shopee,Credit_Card,17,7,2,0,30-40,32.266666666666666,4.0,2.0,0.5,60,56,10713.84,0.25,0.5,0.5,0.0,0.0,0,0,0.0,0.0,0,0,0.0,17437.66,2,1,0.5,42855.36,4,2,0.5,0
LGS2ORD0024839,C014769,2025-07-16 17:00:00,Other,47,Bronze,Shopee,Bangkok,1644,Web,PromptPay,17,7,2,0,40-50,54.8,5.0,1.0,0.2,99,49,2814.442,0.23,0.0,0.4,0.0,0.0,0,0,0.0,0.0,0,0,0.0,4889.49,2,0,0.0,14072.210000000001,5,1,0.2,0
LGS2ORD0024840,C015519,2025-07-16 17:00:00,Female,49,Gold,Web,Remote_Area,856,Web,COD,17,7,2,0,40-50,28.533333333333335,6.0,1.0,0.16666666666666666,87,24,7834.246666666666,0.28,0.6666666666666666,0.3333333333333333,0.0,0.0,0,0,0.0,21237.94,1,0,0.0,26238.5,3,0,0.0,47005.479999999996,6,1,0.16666666666666666,0
LGS2ORD0024841,C012422,2025-07-16 17:00:00,Female,43,Silver,TV,Chiang Mai,1320,Shopee,COD,17,7,2,0,40-50,44.0,5.0,2.0,0.4,11,18,5678.364,0.3,1.0,0.4,0.0,0.0,0,0,0.0,10861.11,1,1,1.0,26409.61,3,1,0.3333333333333333,28391.82,5,2,0.4,0
LGS2ORD0024842,C015730,2025-07-16 17:00:00,Male,57,Bronze,CallCenter,Chonburi,1178,CallCenter,COD,17,7,2,0,>50,39.266666666666666,1.0,0.0,0.0,-1,25,6859.2,0.03,0.0,0.0,0.0,0.0,0,0,0.0,6859.2,1,0,0.0,6859.2,1,0,0.0,6859.2,1,0,0.0,0
LGS2ORD0024843,C016794,2025-07-16 18:00:00,Female,33,Bronze,Web,Chonburi,1449,CallCenter,Credit_Card,18,7,2,0,30-40,48.3,2.0,0.0,0.0,-1,11,2474.5,0.18,0.5,0.0,0.0,0.0,0,0,0.0,4394.35,1,0,0.0,4394.35,1,0,0.0,4949.0,2,0,0.0,0
LGS2ORD0024844,C010937,2025-07-16 18:00:00,Male,37,Silver,TV,Chonburi,1035,Web,COD,18,7,2,0,30-40,34.5,4.0,3.0,0.75,41,49,6552.6475,0.3,0.5,0.25,0.0,0.0,0,0,0.0,0.0,0,0,0.0,3290.87,1,1,1.0,26210.59,4,3,0.75,0
LGS2ORD0024845,C010571,2025-07-16 18:00:00,Female,38,Bronze,Web,Chonburi,213,Lazada,Bank_Transfer,18,7,2,0,30-40,7.1,3.0,1.0,0.3333333333333333,150,125,6707.279999999999,0.13,0.6666666666666666,0.0,0.0,0.0,0,0,0.0,0.0,0,0,0.0,0.0,0,0,0.0,20121.839999999997,3,1,0.3333333333333333,0
LGS2ORD0024846,C013360,2025-07-16 18:00:00,Other,38,Bronze,Web,Chiang Mai,1507,Web,COD,18,7,2,0,30-40,50.233333333333334,2.0,1.0,0.5,102,106,2424.47,0.18,1.0,0.0,0.0,0.0,0,0,0.0,0.0,0,0,0.0,0.0,0,0,0.0,4848.94,2,1,0.5,0
LGS2ORD0024847,C010739,2025-07-16 18:00:00,Male,34,Bronze,CallCenter,Bangkok,432,TV_Show,COD,18,7,2,0,30-40,14.4,2.0,1.0,0.5,27,33,5260.545,0.08,0.5,0.0,0.0,0.0,0,0,0.0,0.0,0,0,0.0,5775.48,1,1,1.0,10521.09,2,1,0.5,0
LGS2ORD0024848,C015855,2025-07-16 19:00:00,Female,41,Silver,TV,Nakhon Ratchasima,1284,Web,COD,19,7,2,0,40-50,42.8,1.0,0.0,0.0,-1,107,5827.05,0.25,0.0,1.0,0.0,0.0,0,0,0.0,0.0,0,0,0.0,0.0,0,0,0.0,5827.05,1,0,0.0,0
LGS2ORD0024849,C016610,2025-07-16 19:00:00,Female,43,Silver,Shopee,Bangkok,547,Shopee,Bank_Transfer,19,7,2,0,40-50,18.233333333333334,2.0,1.0,0.5,156,135,2617.35,0.25,0.5,0.5,0.0,0.0,0,0,0.0,0.0,0,0,0.0,0.0,0,0,0.0,5234.7,2,1,0.5,0
LGS2ORD0024850,C017565,2025-07-16 19:00:00,Male,59,Gold,Lazada,Phuket,448,Shopee,COD,19,7,2,0,>50,14.933333333333334,8.0,3.0,0.375,60,15,6120.20375,0.33,0.375,0.5,0.0,0.0,0,0,0.0,1492.39,1,0,0.0,35556.35,5,1,0.2,48961.63,8,3,0.375,1
LGS2ORD0024851,C010913,2025-07-16 19:00:00,Female,48,Bronze,TV,Remote_Area,910,Web,COD,19,7,2,0,40-50,30.333333333333332,4.0,1.0,0.25,19,33,10576.824999999999,0.23,0.5,0.25,0.0,0.0,0,0,0.0,0.0,0,0,0.0,22173.570000000003,3,1,0.3333333333333333,42307.299999999996,4,1,0.25,0
LGS2ORD0024852,C014066,2025-07-16 19:00:00,Female,37,Platinum,Shopee,Phuket,1141,TV_Show,COD,19,7,2,0,30-40,38.03333333333333,2.0,1.0,0.5,55,2,3659.94,0.3,0.0,0.5,0.0,4996.63,1,0,0.0,4996.63,1,0,0.0,7319.88,2,1,0.5,7319.88,2,1,0.5,0
LGS2ORD0024853,C011357,2025-07-16 19:00:00,Female,44,Bronze,TV,Nakhon Ratchasima,1046,Shopee,Credit_Card,19,7,2,0,40-50,34.86666666666667,5.0,0.0,0.0,-1,8,3041.478,0.23,0.8,0.2,0.0,0.0,0,0,0.0,9135.51,1,0,0.0,15207.39,5,0,0.0,15207.39,5,0,0.0,1
LGS2ORD0024854,C017545,2025-07-16 20:00:00,Female,61,Platinum,Web,Songkhla,690,Shopee,COD,20,7,2,0,>50,23.0,4.0,0.0,0.0,-1,38,2400.7875,0.3,0.25,0.25,0.0,0.0,0,0,0.0,0.0,0,0,0.0,6200.51,2,0,0.0,9603.15,4,0,0.0,0
LGS2ORD0024855,C013450,2025-07-16 20:00:00,Male,40,Silver,Lazada,Khon Kaen,289,Shopee,COD,20,7,2,0,30-40,9.633333333333333,3.0,1.0,0.3333333333333333,114,48,5700.163333333333,0.3,0.6666666666666666,0.3333333333333333,0.0,0.0,0,0,0.0,0.0,0,0,0.0,6979.45,1,0,0.0,17100.489999999998,3,1,0.3333333333333333,0
LGS2ORD0024856,C012750,2025-07-16 20:00:00,Female,18,Bronze,Web,Bangkok,968,Shopee,COD,20,7,2,0,<20,32.266666666666666,3.0,1.0,0.3333333333333333,182,41,5920.253333333334,0.18,0.6666666666666666,0.0,0.0,0.0,0,0,0.0,0.0,0,0,0.0,9537.19,2,0,0.0,17760.760000000002,3,1,0.3333333333333333,0
LGS2ORD0024857,C014584,2025-07-16 20:00:00,Female,67,Bronze,Web,Bangkok,1313,Shopee,PromptPay,20,7,2,0,>50,43.766666666666666,2.0,2.0,1.0,-12,0,4307.91,0.28,1.0,0.5,0.0,8615.82,2,2,1.0,8615.82,2,2,1.0,8615.82,2,2,1.0,8615.82,2,2,1.0,0
LGS2ORD0024858,C016083,2025-07-16 20:00:00,Female,41,Silver,Lazada,Bangkok,1424,Web,Credit_Card,20,7,2,0,40-50,47.46666666666667,2.0,1.0,0.5,14,27,1456.3899999999999,0.15,0.5,0.0,0.0,0.0,0,0,0.0,1545.71,1,1,1.0,2912.7799999999997,2,1,0.5,2912.7799999999997,2,1,0.5,0
LGS2ORD0024859,C016125,2025-07-16 21:00:00,Male,31,Bronze,TV,Songkhla,624,Web,Bank_Transfer,21,7,2,0,30-40,20.8,2.0,2.0,1.0,88,97,9688.02,0.18,0.5,0.0,0.0,0.0,0,0,0.0,0.0,0,0,0.0,0.0,0,0,0.0,19376.04,2,2,1.0,0
LGS2ORD0024860,C014688,2025-07-16 21:00:00,Male,39,Gold,CallCenter,Bangkok,228,Lazada,COD,21,7,2,0,30-40,7.6,2.0,0.0,0.0,-1,120,4154.165,0.18,0.5,0.0,0.0,0.0,0,0,0.0,0.0,0,0,0.0,0.0,0,0,0.0,8308.33,2,0,0.0,1
LGS2ORD0024861,C017728,2025-07-16 21:00:00,Female,34,Platinum,Lazada,Khon Kaen,467,Shopee,Credit_Card,21,7,2,0,30-40,15.566666666666666,2.0,1.0,0.5,141,66,8183.065,0.1,0.5,0.0,0.0,0.0,0,0,0.0,0.0,0,0,0.0,12493.39,1,0,0.0,16366.13,2,1,0.5,0
LGS2ORD0024862,C013360,2025-07-16 21:00:00,Other,38,Bronze,Web,Chiang Mai,1507,TV_Show,COD,21,7,2,0,30-40,50.233333333333334,3.0,1.0,0.3333333333333333,102,0,5684.893333333333,0.18,1.0,0.0,0.0,12205.74,1,0,0.0,12205.74,1,0,0.0,12205.74,1,0,0.0,17054.68,3,1,0.3333333333333333,1
LGS2ORD0024863,C016240,2025-07-16 21:00:00,Female,42,Bronze,TV,Bangkok,898,TV_Show,Credit_Card,21,7,2,0,40-50,29.933333333333334,6.0,1.0,0.16666666666666666,22,26,7459.431666666666,0.23,0.6666666666666666,0.16666666666666666,0.0,0.0,0,0,0.0,8676.619999999999,2,0,0.0,38381.34,5,1,0.2,44756.59,6,1,0.16666666666666666,0
LGS2ORD0024864,C015467,2025-07-16 22:00:00,Male,61,Bronze,TV,Bangkok,964,TV_Show,Bank_Transfer,22,7,2,0,>50,32.13333333333333,1.0,0.0,0.0,-1,58,3906.82,0.13,0.0,0.0,0.0,0.0,0,0,0.0,0.0,0,0,0.0,3906.82,1,0,0.0,3906.82,1,0,0.0,0
LGS2ORD0024865,C012739,2025-07-16 22:00:00,Male,56,Bronze,TV,Remote_Area,1392,Web,COD,22,7,2,0,>50,46.4,4.0,1.0,0.25,-1,0,10387.545,0.23,0.5,0.25,0.0,10288.12,1,1,1.0,13895.310000000001,2,1,0.5,32210.47,3,1,0.3333333333333333,41550.18,4,1,0.25,0
LGS2ORD0024866,C012852,2025-07-16 22:00:00,Female,70,Bronze,CallCenter,Bangkok,1264,TV_Show,COD,22,7,2,0,>50,42.13333333333333,6.0,1.0,0.16666666666666666,162,15,3821.9199999999996,0.23,0.3333333333333333,0.16666666666666666,0.0,0.0,0,0,0.0,10697.92,1,0,0.0,10697.92,1,0,0.0,22931.519999999997,6,1,0.16666666666666666,0
LGS2ORD0024867,C010137,2025-07-16 22:00:00,Female,43,Gold,Lazada,Chiang Mai,848,CallCenter,Credit_Card,22,7,2,0,40-50,28.266666666666666,9.0,1.0,0.1111111111111111,48,3,7604.648888888889,0.33,0.6666666666666666,0.5555555555555556,0.0,3428.48,1,0,0.0,10070.12,2,0,0.0,50991.55,6,1,0.16666666666666666,68441.84,9,1,0.1111111111111111,1
LGS2ORD0024868,C010599,2025-07-16 22:00:00,Male,39,Silver,Web,Bangkok,223,TV_Show,Credit_Card,22,7,2,0,30-40,7.433333333333334,4.0,0.0,0.0,-1,149,2974.735,0.3,0.5,0.25,0.0,0.0,0,0,0.0,0.0,0,0,0.0,0.0,0,0,0.0,11898.94,4,0,0.0,0
LGS2ORD0024869,C011894,2025-07-16 23:00:00,Female,65,Silver,TV,Chiang Mai,1500,Lazada,PromptPay,23,7,2,0,>50,50.0,1.0,0.0,0.0,-1,15,11446.18,0.05,0.0,0.0,0.0,0.0,0,0,0.0,11446.18,1,0,0.0,11446.18,1,0,0.0,11446.18,1,0,0.0,0
LGS2ORD0024870,C017784,2025-07-16 23:00:00,Female,47,Bronze,TV,Remote_Area,278,TV_Show,COD,23,7,2,0,40-50,9.266666666666667,5.0,4.0,0.8,-5,9,3379.0119999999997,0.23,0.2,0.2,0.0,0.0,0,0,0.0,1378.17,1,1,1.0,1378.17,1,1,1.0,16895.059999999998,5,4,0.8,1
LGS2ORD0024871,C012734,2025-07-16 23:00:00,Female,46,Platinum,Lazada,Khon Kaen,1246,TV_Show,PromptPay,23,7,2,0,40-50,41.53333333333333,1.0,1.0,1.0,46,55,3333.62,0.15,0.0,0.0,0.0,0.0,0,0,0.0,0.0,0,0,0.0,3333.62,1,1,1.0,3333.62,1,1,1.0,0
LGS2ORD0024872,C015526,2025-07-16 23:00:00,Female,54,Bronze,Lazada,Chonburi,501,CallCenter,COD,23,7,2,0,>50,16.7,3.0,0.0,0.0,-1,36,4484.9766666666665,0.23,0.3333333333333333,0.6666666666666666,0.0,0.0,0,0,0.0,0.0,0,0,0.0,1837.48,1,0,0.0,13454.93,3,0,0.0,0
LGS2ORD0024873,C010943,2025-07-16 23:00:00,Male,34,Platinum,Lazada,Chiang Mai,335,Shopee,Credit_Card,23,7,2,0,30-40,11.166666666666666,1.0,0.0,0.0,-1,190,375.09,0.3,1.0,1.0,0.0,0.0,0,0,0.0,0.0,0,0,0.0,0.0,0,0,0.0,375.09,1,0,0.0,0
LGS2ORD0024874,C017886,2025-07-16 23:00:00,Female,54,Silver,TV,Chiang Mai,600,Web,PromptPay,23,7,2,0,>50,20.0,3.0,2.0,0.6666666666666666,131,31,3324.0766666666664,0.3,1.0,0.3333333333333333,0.0,0.0,0,0,0.0,0.0,0,0,0.0,5878.36,1,0,0.0,9972.23,3,2,0.6666666666666666,0
LGS2ORD0024875,C013497,2025-07-17 00:00:00,Male,36,Bronze,Shopee,Chiang Mai,224,CallCenter,COD,0,7,3,0,30-40,7.466666666666667,1.0,0.0,0.0,-1,155,15214.18,0.03,1.0,0.0,0.0,0.0,0,0,0.0,0.0,0,0,0.0,0.0,0,0,0.0,15214.18,1,0,0.0,0
LGS2ORD0024876,C014012,2025-07-17 00:00:00,Female,67,Bronze,CallCenter,Remote_Area,699,Web,COD,0,7,3,0,>50,23.3,2.0,0.0,0.0,-1,171,4968.379999999999,0.08,0.0,0.0,0.0,0.0,0,0,0.0,0.0,0,0,0.0,0.0,0,0,0.0,9936.759999999998,2,0,0.0,0
LGS2ORD0024877,C013331,2025-07-17 00:00:00,Female,48,Silver,Web,Bangkok,1147,Lazada,COD,0,7,3,0,40-50,38.233333333333334,2.0,0.0,0.0,-1,177,4035.05,0.2,1.0,0.0,0.0,0.0,0,0,0.0,0.0,0,0,0.0,0.0,0,0,0.0,8070.1,2,0,0.0,0
LGS2ORD0024878,C010968,2025-07-17 00:00:00,Female,50,Bronze,CallCenter,Phuket,839,TV_Show,Credit_Card,0,7,3,0,40-50,27.966666666666665,4.0,1.0,0.25,175,53,2284.4824999999996,0.28,0.75,0.25,0.0,0.0,0,0,0.0,0.0,0,0,0.0,4640.7,2,0,0.0,9137.929999999998,4,1,0.25,0
LGS2ORD0024879,C012358,2025-07-17 00:00:00,Male,63,Bronze,TV,Nakhon Ratchasima,1162,Web,COD,0,7,3,0,>50,38.733333333333334,4.0,0.0,0.0,-1,23,6878.8575,0.28,0.75,0.75,0.0,0.0,0,0,0.0,17070.449999999997,2,0,0.0,18501.14,3,0,0.0,27515.43,4,0,0.0,1
LGS2ORD0024880,C013393,2025-07-17 01:00:00,Male,61,Bronze,TV,Chonburi,238,Shopee,Credit_Card,1,7,3,0,>50,7.933333333333334,4.0,1.0,0.25,9,1,1915.3675,0.28,0.75,0.25,0.0,421.06,1,0,0.0,3890.66,2,1,0.5,3890.66,2,1,0.5,7661.47,4,1,0.25,0
LGS2ORD0024881,C014911,2025-07-17 01:00:00,Male,39,Bronze,Web,Bangkok,634,Web,PromptPay,1,7,3,0,30-40,21.133333333333333,7.0,4.0,0.5714285714285714,40,2,6182.018571428571,0.23,0.2857142857142857,0.42857142857142855,0.0,10430.19,1,0,0.0,10430.19,1,0,0.0,40089.65,5,2,0.4,43274.13,7,4,0.5714285714285714,0
LGS2ORD0024882,C017427,2025-07-17 01:00:00,Female,33,Bronze,Lazada,Khon Kaen,1074,Web,PromptPay,1,7,3,0,30-40,35.8,1.0,0.0,0.0,-1,105,11648.44,0.03,0.0,0.0,0.0,0.0,0,0,0.0,0.0,0,0,0.0,0.0,0,0,0.0,11648.44,1,0,0.0,0
LGS2ORD0024883,C013282,2025-07-17 01:00:00,Female,56,Gold,TV,Remote_Area,1002,CallCenter,COD,1,7,3,0,>50,33.4,4.0,2.0,0.5,90,37,3769.7425000000003,0.28,0.5,0.5,0.0,0.0,0,0,0.0,0.0,0,0,0.0,1738.57,1,0,0.0,15078.970000000001,4,2,0.5,0
LGS2ORD0024884,C015427,2025-07-17 01:00:00,Female,50,Bronze,Web,Remote_Area,866,Shopee,Credit_Card,1,7,3,0,40-50,28.866666666666667,3.0,2.0,0.6666666666666666,90,97,6698.736666666667,0.23,1.0,0.3333333333333333,0.0,0.0,0,0,0.0,0.0,0,0,0.0,0.0,0,0,0.0,20096.21,3,2,0.6666666666666666,0
LGS2ORD0024885,C014342,2025-07-17 02:00:00,Female,40,Bronze,Shopee,Bangkok,1448,Lazada,Credit_Card,2,7,3,0,30-40,48.266666666666666,3.0,0.0,0.0,-1,94,1409.11,0.23,0.0,0.6666666666666666,0.0,0.0,0,0,0.0,0.0,0,0,0.0,0.0,0,0,0.0,4227.33,3,0,0.0,0
LGS2ORD0024886,C017043,2025-07-17 02:00:00,Male,20,Platinum,Shopee,Bangkok,1169,Web,COD,2,7,3,0,<20,38.96666666666667,1.0,0.0,0.0,-1,91,1350.84,0.25,0.0,1.0,0.0,0.0,0,0,0.0,0.0,0,0,0.0,0.0,0,0,0.0,1350.84,1,0,0.0,0
LGS2ORD0024887,C010139,2025-07-17 02:00:00,Female,51,Silver,TV,Phuket,811,Lazada,COD,2,7,3,0,>50,27.033333333333335,4.0,4.0,1.0,-9,2,3904.8175,0.25,0.75,0.5,0.0,11157.8,1,1,1.0,11157.8,1,1,1.0,14942.599999999999,2,2,1.0,15619.27,4,4,1.0,0
LGS2ORD0024888,C017759,2025-07-17 02:00:00,Male,45,Bronze,CallCenter,Chonburi,778,TV_Show,COD,2,7,3,0,40-50,25.933333333333334,3.0,0.0,0.0,-1,169,9551.223333333333,0.23,1.0,0.3333333333333333,0.0,0.0,0,0,0.0,0.0,0,0,0.0,0.0,0,0,0.0,28653.67,3,0,0.0,1
LGS2ORD0024889,C014384,2025-07-17 02:00:00,Male,49,Silver,Web,Remote_Area,1272,Lazada,COD,2,7,3,0,40-50,42.4,2.0,0.0,0.0,-1,20,5713.92,0.15,0.5,0.0,0.0,0.0,0,0,0.0,1198.12,1,0,0.0,11427.84,2,0,0.0,11427.84,2,0,0.0,1
LGS2ORD0024890,C011152,2025-07-17 02:00:00,Female,18,Silver,Web,Bangkok,444,Shopee,Bank_Transfer,2,7,3,0,<20,14.8,4.0,0.0,0.0,-1,5,3413.6324999999997,0.3,0.0,0.25,0.0,4918.19,1,0,0.0,4918.19,1,0,0.0,4918.19,1,0,0.0,13654.529999999999,4,0,0.0,0
LGS2ORD0024891,C014240,2025-07-17 03:00:00,Female,26,Gold,Shopee,Bangkok,434,TV_Show,Credit_Card,3,7,3,0,20-30,14.466666666666667,3.0,0.0,0.0,-1,5,4207.81,0.13,1.0,0.0,0.0,3092.37,1,0,0.0,8609.65,2,0,0.0,12623.43,3,0,0.0,12623.43,3,0,0.0,0
LGS2ORD0024892,C012526,2025-07-17 03:00:00,Female,36,Bronze,TV,Bangkok,1136,Lazada,PromptPay,3,7,3,0,30-40,37.86666666666667,0.0,0.0,0.0,-1,-1,0.0,0.0,0.0,0.0,0.0,0.0,0,0,0.0,0.0,0,0,0.0,0.0,0,0,0.0,0.0,0,0,0.0,0
LGS2ORD0024893,C017176,2025-07-17 03:00:00,Female,43,Bronze,Shopee,Remote_Area,573,Lazada,PromptPay,3,7,3,0,40-50,19.1,4.0,1.0,0.25,0,4,6343.285,0.18,0.5,0.0,0.0,14485.0,1,0,0.0,21850.95,3,1,0.3333333333333333,21850.95,3,1,0.3333333333333333,25373.14,4,1,0.25,0
LGS2ORD0024894,C017095,2025-07-17 03:00:00,Female,29,Bronze,Web,Khon Kaen,1336,Shopee,COD,3,7,3,0,20-30,44.53333333333333,4.0,0.0,0.0,-1,11,9258.23,0.23,0.25,0.25,0.0,0.0,0,0,0.0,33812.39,2,0,0.0,33812.39,2,0,0.0,37032.92,4,0,0.0,1
LGS2ORD0024895,C013742,2025-07-17 03:00:00,Male,46,Platinum,Lazada,Remote_Area,1006,Shopee,COD,3,7,3,0,40-50,33.53333333333333,1.0,0.0,0.0,-1,164,4483.17,0.1,1.0,0.0,0.0,0.0,0,0,0.0,0.0,0,0,0.0,0.0,0,0,0.0,4483.17,1,0,0.0,0
LGS2ORD0024896,C013291,2025-07-17 04:00:00,Male,60,Silver,Lazada,Khon Kaen,522,Shopee,PromptPay,4,7,3,0,>50,17.4,2.0,0.0,0.0,-1,56,3352.0600000000004,0.1,1.0,0.0,0.0,0.0,0,0,0.0,0.0,0,0,0.0,3619.07,1,0,0.0,6704.120000000001,2,0,0.0,0
LGS2ORD0024897,C015274,2025-07-17 04:00:00,Female,32,Bronze,Web,Chiang Mai,343,Web,Credit_Card,4,7,3,0,30-40,11.433333333333334,1.0,0.0,0.0,-1,151,2151.92,0.03,1.0,0.0,0.0,0.0,0,0,0.0,0.0,0,0,0.0,0.0,0,0,0.0,2151.92,1,0,0.0,0
LGS2ORD0024898,C013588,2025-07-17 04:00:00,Male,45,Bronze,Web,Remote_Area,425,TV_Show,COD,4,7,3,0,40-50,14.166666666666666,5.0,2.0,0.4,96,22,10259.876,0.23,0.8,0.2,0.0,0.0,0,0,0.0,3647.02,1,0,0.0,24619.36,2,0,0.0,51299.38,5,2,0.4,0
LGS2ORD0024899,C014677,2025-07-17 04:00:00,Female,34,Gold,TV,Phuket,1173,Web,COD,4,7,3,0,30-40,39.1,5.0,4.0,0.8,30,34,2812.2760000000003,0.33,0.8,0.6,0.0,0.0,0,0,0.0,0.0,0,0,0.0,3205.38,1,1,1.0,14061.380000000001,5,4,0.8,1
LGS2ORD0024900,C013952,2025-07-17 04:00:00,Female,32,Silver,Shopee,Bangkok,959,Lazada,Credit_Card,4,7,3,0,30-40,31.966666666666665,6.0,3.0,0.5,151,25,2737.77,0.2,0.8333333333333334,0.0,0.0,0.0,0,0,0.0,3916.72,1,0,0.0,6216.709999999999,2,0,0.0,16426.62,6,3,0.5,0
LGS2ORD0024901,C010627,2025-07-17 05:00:00,Male,43,Silver,Shopee,Phuket,284,Shopee,COD,5,7,3,0,40-50,9.466666666666667,3.0,1.0,0.3333333333333333,67,54,1884.3833333333332,0.25,0.6666666666666666,0.3333333333333333,0.0,0.0,0,0,0.0,0.0,0,0,0.0,2838.64,2,1,0.5,5653.15,3,1,0.3333333333333333,0
LGS2ORD0024902,C013676,2025-07-17 05:00:00,Female,35,Platinum,TV,Chiang Mai,1466,Shopee,COD,5,7,3,0,30-40,48.86666666666667,3.0,2.0,0.6666666666666666,117,27,2264.5333333333333,0.3,0.0,1.0,0.0,0.0,0,0,0.0,2977.67,1,0,0.0,2977.67,1,0,0.0,6793.6,3,2,0.6666666666666666,0
LGS2ORD0024903,C012475,2025-07-17 05:00:00,Female,32,Bronze,Lazada,Bangkok,1070,CallCenter,COD,5,7,3,0,30-40,35.666666666666664,3.0,1.0,0.3333333333333333,8,22,10272.433333333332,0.28,1.0,0.6666666666666666,0.0,0.0,0,0,0.0,24374.48,1,1,1.0,24374.48,1,1,1.0,30817.3,3,1,0.3333333333333333,1
LGS2ORD0024904,C016449,2025-07-17 05:00:00,Female,40,Platinum,TV,Phuket,679,CallCenter,COD,5,7,3,0,30-40,22.633333333333333,2.0,0.0,0.0,-1,56,1092.1799999999998,0.3,0.0,1.0,0.0,0.0,0,0,0.0,0.0,0,0,0.0,2184.3599999999997,2,0,0.0,2184.3599999999997,2,0,0.0,1
LGS2ORD0024905,C016535,2025-07-17 05:00:00,Male,51,Bronze,Web,Khon Kaen,1520,Web,COD,5,7,3,0,>50,50.666666666666664,6.0,1.0,0.16666666666666666,168,3,5577.16,0.28,0.3333333333333333,0.3333333333333333,0.0,7472.0,1,0,0.0,7472.0,1,0,0.0,21095.84,4,0,0.0,33462.96,6,1,0.16666666666666666,1
LGS2ORD0024906,C010906,2025-07-17 06:00:00,Female,18,Silver,CallCenter,Songkhla,719,TV_Show,Credit_Card,6,7,3,0,<20,23.966666666666665,4.0,1.0,0.25,115,72,11416.2775,0.25,0.25,0.25,0.0,0.0,0,0,0.0,0.0,0,0,0.0,11767.03,2,0,0.0,45665.11,4,1,0.25,0
LGS2ORD0024907,C015404,2025-07-17 06:00:00,Female,60,Bronze,Shopee,Songkhla,1125,Lazada,Credit_Card,6,7,3,0,>50,37.5,8.0,3.0,0.375,26,5,6175.175,0.28,0.875,0.25,0.0,1689.06,1,0,0.0,1689.06,1,0,0.0,26720.97,3,1,0.3333333333333333,49401.4,8,3,0.375,0
LGS2ORD0024908,C016244,2025-07-17 06:00:00,Female,72,Gold,Shopee,Bangkok,304,CallCenter,COD,6,7,3,0,>50,10.133333333333333,3.0,0.0,0.0,-1,31,10189.78,0.18,0.0,0.0,0.0,0.0,0,0,0.0,0.0,0,0,0.0,5425.7,1,0,0.0,30569.34,3,0,0.0,0
LGS2ORD0024909,C012963,2025-07-17 06:00:00,Female,35,Bronze,TV,Khon Kaen,552,Web,Credit_Card,6,7,3,0,30-40,18.4,2.0,0.0,0.0,-1,93,6881.42,0.13,0.5,0.0,0.0,0.0,0,0,0.0,0.0,0,0,0.0,0.0,0,0,0.0,13762.84,2,0,0.0,0
LGS2ORD0024910,C017899,2025-07-17 06:00:00,Male,26,Bronze,Lazada,Bangkok,1073,Web,PromptPay,6,7,3,0,20-30,35.766666666666666,4.0,2.0,0.5,6,17,3916.69,0.28,0.75,0.5,0.0,0.0,0,0,0.0,10978.54,2,1,0.5,14351.51,3,1,0.3333333333333333,15666.76,4,2,0.5,0
LGS2ORD0024911,C015978,2025-07-17 06:00:00,Female,40,Bronze,Web,Bangkok,1036,TV_Show,COD,6,7,3,0,30-40,34.53333333333333,3.0,0.0,0.0,-1,5,1481.6066666666666,0.03,0.3333333333333333,0.0,0.0,1757.02,1,0,0.0,1757.02,1,0,0.0,1757.02,1,0,0.0,4444.82,3,0,0.0,0
LGS2ORD0024912,C015960,2025-07-17 07:00:00,Male,49,Bronze,Shopee,Khon Kaen,424,Shopee,COD,7,7,3,0,40-50,14.133333333333333,1.0,0.0,0.0,-1,170,449.87,0.23,0.0,1.0,0.0,0.0,0,0,0.0,0.0,0,0,0.0,0.0,0,0,0.0,449.87,1,0,0.0,1
LGS2ORD0024913,C017784,2025-07-17 07:00:00,Female,47,Bronze,TV,Remote_Area,279,CallCenter,PromptPay,7,7,3,0,40-50,9.3,6.0,5.0,0.8333333333333334,-7,0,3112.85,0.23,0.3333333333333333,0.3333333333333333,0.0,1782.04,1,1,1.0,3160.21,2,2,1.0,3160.21,2,2,1.0,18677.1,6,5,0.8333333333333334,0
LGS2ORD0024914,C015480,2025-07-17 07:00:00,Female,49,Bronze,Web,Remote_Area,440,Lazada,COD,7,7,3,0,40-50,14.666666666666666,1.0,0.0,0.0,-1,35,1598.65,0.08,1.0,0.0,0.0,0.0,0,0,0.0,0.0,0,0,0.0,1598.65,1,0,0.0,1598.65,1,0,0.0,1
LGS2ORD0024915,C011938,2025-07-17 07:00:00,Male,36,Silver,Shopee,Bangkok,1169,Lazada,Credit_Card,7,7,3,0,30-40,38.96666666666667,4.0,1.0,0.25,142,51,8747.7075,0.15,0.5,0.0,0.0,0.0,0,0,0.0,0.0,0,0,0.0,22755.67,1,0,0.0,34990.83,4,1,0.25,1
LGS2ORD0024916,C017494,2025-07-17 07:00:00,Male,33,Platinum,Lazada,Nakhon Ratchasima,925,Lazada,COD,7,7,3,0,30-40,30.833333333333332,3.0,0.0,0.0,-1,79,8962.26,0.15,0.3333333333333333,0.0,0.0,0.0,0,0,0.0,0.0,0,0,0.0,3292.29,1,0,0.0,26886.780000000002,3,0,0.0,0
LGS2ORD0024917,C017757,2025-07-17 08:00:00,Female,39,Bronze,TV,Chonburi,1235,Lazada,Bank_Transfer,8,7,3,0,30-40,41.166666666666664,1.0,1.0,1.0,63,78,4551.69,0.13,0.0,0.0,0.0,0.0,0,0,0.0,0.0,0,0,0.0,4551.69,1,1,1.0,4551.69,1,1,1.0,0
LGS2ORD0024918,C016380,2025-07-17 08:00:00,Female,60,Bronze,Web,Khon Kaen,727,Shopee,COD,8,7,3,0,>50,24.233333333333334,4.0,2.0,0.5,59,68,5446.617499999999,0.23,0.25,0.25,0.0,0.0,0,0,0.0,0.0,0,0,0.0,6628.549999999999,2,1,0.5,21786.469999999998,4,2,0.5,0
LGS2ORD0024919,C014961,2025-07-17 08:00:00,Female,40,Bronze,Shopee,Bangkok,837,CallCenter,COD,8,7,3,0,30-40,27.9,2.0,0.0,0.0,-1,166,1736.0149999999999,0.23,0.5,0.5,0.0,0.0,0,0,0.0,0.0,0,0,0.0,0.0,0,0,0.0,3472.0299999999997,2,0,0.0,0
LGS2ORD0024920,C015131,2025-07-17 08:00:00,Female,43,Bronze,Shopee,Bangkok,716,TV_Show,PromptPay,8,7,3,0,40-50,23.866666666666667,1.0,0.0,0.0,-1,95,1383.77,0.18,0.0,0.0,0.0,0.0,0,0,0.0,0.0,0,0,0.0,0.0,0,0,0.0,1383.77,1,0,0.0,0
LGS2ORD0024921,C012334,2025-07-17 08:00:00,Female,60,Gold,TV,Khon Kaen,1568,TV_Show,Credit_Card,8,7,3,0,>50,52.266666666666666,4.0,2.0,0.5,89,35,10315.9625,0.2299999999999999,0.5,0.5,0.0,0.0,0,0,0.0,0.0,0,0,0.0,2749.75,2,0,0.0,41263.85,4,2,0.5,1
LGS2ORD0024922,C014635,2025-07-17 09:00:00,Female,62,Bronze,TV,Nakhon Ratchasima,253,Web,COD,9,7,3,0,>50,8.433333333333334,6.0,2.0,0.3333333333333333,25,25,5818.335,0.23,0.5,0.3333333333333333,0.0,0.0,0,0,0.0,12393.54,1,0,0.0,30554.56,5,1,0.2,34910.01,6,2,0.3333333333333333,0
LGS2ORD0024923,C013661,2025-07-17 09:00:00,Male,25,Silver,Shopee,Khon Kaen,651,Web,PromptPay,9,7,3,0,20-30,21.7,0.0,0.0,0.0,-1,-1,0.0,0.0,0.0,0.0,0.0,0.0,0,0,0.0,0.0,0,0,0.0,0.0,0,0,0.0,0.0,0,0,0.0,0
LGS2ORD0024924,C010522,2025-07-17 09:00:00,Male,29,Bronze,TV,Chonburi,691,TV_Show,COD,9,7,3,0,20-30,23.033333333333335,4.0,1.0,0.25,65,45,1178.2875000000001,0.28,0.25,0.5,0.0,0.0,0,0,0.0,0.0,0,0,0.0,2967.63,2,1,0.5,4713.150000000001,4,1,0.25,1
LGS2ORD0024925,C012722,2025-07-17 09:00:00,Male,53,Gold,Shopee,Songkhla,894,Shopee,COD,9,7,3,0,>50,29.8,3.0,2.0,0.6666666666666666,32,35,2094.983333333333,0.28,0.3333333333333333,1.0,0.0,0.0,0,0,0.0,0.0,0,0,0.0,3212.54,2,1,0.5,6284.949999999999,3,2,0.6666666666666666,1
LGS2ORD0024926,C011541,2025-07-17 09:00:00,Female,18,Silver,Web,Bangkok,544,Shopee,COD,9,7,3,0,<20,18.133333333333333,5.0,0.0,0.0,-1,42,6871.273999999999,0.25,0.4,0.4,0.0,0.0,0,0,0.0,0.0,0,0,0.0,20983.64,3,0,0.0,34356.369999999995,5,0,0.0,0
LGS2ORD0024927,C015539,2025-07-17 10:00:00,Male,46,Bronze,Web,Remote_Area,989,CallCenter,Credit_Card,10,7,3,0,40-50,32.96666666666667,3.0,1.0,0.3333333333333333,6,23,1962.8633333333335,0.28,0.0,0.6666666666666666,0.0,0.0,0,0,0.0,883.17,1,1,1.0,5888.59,3,1,0.3333333333333333,5888.59,3,1,0.3333333333333333,0
LGS2ORD0024928,C016106,2025-07-17 10:00:00,Male,27,Bronze,CallCenter,Remote_Area,637,TV_Show,Credit_Card,10,7,3,0,20-30,21.233333333333334,2.0,0.0,0.0,-1,12,1730.77,0.28,0.5,0.5,0.0,0.0,0,0,0.0,935.68,1,0,0.0,935.68,1,0,0.0,3461.54,2,0,0.0,0
LGS2ORD0024929,C015950,2025-07-17 10:00:00,Female,46,Silver,Web,Bangkok,1542,TV_Show,PromptPay,10,7,3,0,40-50,51.4,2.0,0.0,0.0,-1,13,6230.615,0.1,0.5,0.0,0.0,0.0,0,0,0.0,6074.53,1,0,0.0,12461.23,2,0,0.0,12461.23,2,0,0.0,0
LGS2ORD0024930,C015024,2025-07-17 10:00:00,Male,27,Bronze,Web,Songkhla,1387,Web,Credit_Card,10,7,3,0,20-30,46.233333333333334,5.0,2.0,0.4,68,53,4746.77,0.28,1.0,0.4,0.0,0.0,0,0,0.0,0.0,0,0,0.0,16307.529999999999,2,1,0.5,23733.850000000002,5,2,0.4,0
LGS2ORD0024931,C016965,2025-07-17 10:00:00,Female,50,Silver,TV,Chiang Mai,236,TV_Show,COD,10,7,3,0,40-50,7.866666666666666,5.0,1.0,0.2,117,11,7653.176000000001,0.2,0.8,0.0,0.0,0.0,0,0,0.0,12154.93,1,0,0.0,25698.34,3,0,0.0,38265.880000000005,5,1,0.2,1
LGS2ORD0024932,C013680,2025-07-17 10:00:00,Female,41,Silver,Web,Khon Kaen,573,TV_Show,COD,10,7,3,0,40-50,19.1,5.0,1.0,0.2,115,36,5793.108,0.3,0.6,0.2,0.0,0.0,0,0,0.0,0.0,0,0,0.0,6262.96,1,0,0.0,28965.54,5,1,0.2,0
LGS2ORD0024933,C012027,2025-07-17 11:00:00,Female,41,Bronze,Shopee,Bangkok,1353,Web,PromptPay,11,7,3,0,40-50,45.1,8.0,4.0,0.5,49,53,7587.7575,0.28,0.5,0.5,0.0,0.0,0,0,0.0,0.0,0,0,0.0,29773.909999999996,4,3,0.75,60702.06,8,4,0.5,1
LGS2ORD0024934,C011362,2025-07-17 11:00:00,Male,37,Bronze,Shopee,Songkhla,899,CallCenter,Credit_Card,11,7,3,0,30-40,29.966666666666665,1.0,1.0,1.0,105,112,1109.64,0.08,1.0,0.0,0.0,0.0,0,0,0.0,0.0,0,0,0.0,0.0,0,0,0.0,1109.64,1,1,1.0,0
LGS2ORD0024935,C013741,2025-07-17 11:00:00,Female,43,Bronze,Lazada,Remote_Area,1652,Lazada,Credit_Card,11,7,3,0,40-50,55.06666666666667,6.0,3.0,0.5,23,35,4362.8533333333335,0.23,0.6666666666666666,0.5,0.0,0.0,0,0,0.0,0.0,0,0,0.0,19077.309999999998,3,1,0.3333333333333333,26177.120000000003,6,3,0.5,0
LGS2ORD0024936,C014057,2025-07-17 11:00:00,Male,63,Silver,Web,Chonburi,719,Lazada,Credit_Card,11,7,3,0,>50,23.966666666666665,4.0,0.0,0.0,-1,63,8102.98,0.25,0.25,0.25,0.0,0.0,0,0,0.0,0.0,0,0,0.0,23708.36,1,0,0.0,32411.92,4,0,0.0,0
LGS2ORD0024937,C011789,2025-07-17 11:00:00,Other,40,Bronze,Shopee,Khon Kaen,943,CallCenter,COD,11,7,3,0,30-40,31.433333333333334,2.0,0.0,0.0,-1,184,2520.875,0.23,1.0,0.5,0.0,0.0,0,0,0.0,0.0,0,0,0.0,0.0,0,0,0.0,5041.75,2,0,0.0,0
LGS2ORD0024938,C014624,2025-07-17 12:00:00,Male,39,Bronze,Shopee,Khon Kaen,1632,Web,COD,12,7,3,0,30-40,54.4,2.0,1.0,0.5,129,105,6112.6449999999995,0.28,0.5,0.5,0.0,0.0,0,0,0.0,0.0,0,0,0.0,0.0,0,0,0.0,12225.289999999999,2,1,0.5,0
LGS2ORD0024939,C014813,2025-07-17 12:00:00,Male,51,Silver,Shopee,Khon Kaen,1521,Web,COD,12,7,3,0,>50,50.7,4.0,1.0,0.25,94,6,6885.6175,0.3,1.0,0.75,0.0,2856.61,1,0,0.0,2856.61,1,0,0.0,19085.93,2,0,0.0,27542.47,4,1,0.25,1
LGS2ORD0024940,C010553,2025-07-17 12:00:00,Female,62,Bronze,Shopee,Bangkok,1265,Lazada,COD,12,7,3,0,>50,42.166666666666664,5.0,1.0,0.2,175,72,4164.852000000001,0.18,0.6,0.0,0.0,0.0,0,0,0.0,0.0,0,0,0.0,5203.7,2,0,0.0,20824.260000000002,5,1,0.2,1
LGS2ORD0024941,C016016,2025-07-17 12:00:00,Male,59,Gold,Web,Chonburi,583,Lazada,COD,12,7,3,0,>50,19.433333333333334,2.0,1.0,0.5,111,114,1316.295,0.28,0.0,0.5,0.0,0.0,0,0,0.0,0.0,0,0,0.0,0.0,0,0,0.0,2632.59,2,1,0.5,1
LGS2ORD0024942,C015773,2025-07-17 12:00:00,Male,57,Bronze,Lazada,Bangkok,979,CallCenter,PromptPay,12,7,3,0,>50,32.63333333333333,5.0,1.0,0.2,40,20,12432.724,0.08,0.6,0.0,0.0,0.0,0,0,0.0,4612.76,1,0,0.0,46486.0,3,1,0.3333333333333333,62163.62,5,1,0.2,1
LGS2ORD0024943,C012963,2025-07-17 13:00:00,Female,35,Bronze,TV,Khon Kaen,552,Web,COD,13,7,3,0,30-40,18.4,3.0,0.0,0.0,-1,0,7504.443333333334,0.13,0.3333333333333333,0.0,0.0,8750.49,1,0,0.0,8750.49,1,0,0.0,8750.49,1,0,0.0,22513.33,3,0,0.0,0
LGS2ORD0024944,C010043,2025-07-17 13:00:00,Female,20,Platinum,Web,Chonburi,532,Shopee,COD,13,7,3,0,<20,17.733333333333334,3.0,0.0,0.0,-1,100,2609.6,0.35,0.0,0.6666666666666666,0.0,0.0,0,0,0.0,0.0,0,0,0.0,0.0,0,0,0.0,7828.799999999999,3,0,0.0,0
LGS2ORD0024945,C012940,2025-07-17 13:00:00,Male,40,Bronze,Shopee,Chonburi,1134,Shopee,Credit_Card,13,7,3,0,30-40,37.8,4.0,0.0,0.0,-1,20,2086.0299999999997,0.23,0.0,0.25,0.0,0.0,0,0,0.0,3334.97,1,0,0.0,4841.0,2,0,0.0,8344.119999999999,4,0,0.0,0
LGS2ORD0024946,C012178,2025-07-17 13:00:00,Female,33,Silver,Web,Chonburi,1564,Web,COD,13,7,3,0,30-40,52.13333333333333,3.0,0.0,0.0,-1,159,4343.51,0.05,0.3333333333333333,0.0,0.0,0.0,0,0,0.0,0.0,0,0,0.0,0.0,0,0,0.0,13030.53,3,0,0.0,0
LGS2ORD0024947,C015404,2025-07-17 13:00:00,Female,60,Bronze,Shopee,Songkhla,1125,CallCenter,PromptPay,13,7,3,0,>50,37.5,9.0,3.0,0.3333333333333333,26,0,5929.54,0.28,0.7777777777777778,0.2222222222222222,0.0,5653.52,2,0,0.0,5653.52,2,0,0.0,30685.43,4,1,0.25,53365.86,9,3,0.3333333333333333,0
LGS2ORD0024948,C014577,2025-07-17 14:00:00,Male,30,Silver,Web,Phuket,1474,CallCenter,PromptPay,14,7,3,0,20-30,49.13333333333333,2.0,0.0,0.0,-1,78,5753.39,0.05,0.5,0.0,0.0,0.0,0,0,0.0,0.0,0,0,0.0,10892.66,1,0,0.0,11506.78,2,0,0.0,0
LGS2ORD0024949,C011399,2025-07-17 14:00:00,Female,44,Gold,Web,Khon Kaen,973,Web,Bank_Transfer,14,7,3,0,40-50,32.43333333333333,2.0,0.0,0.0,-1,46,942.7,0.2299999999999999,0.5,0.5,0.0,0.0,0,0,0.0,0.0,0,0,0.0,684.11,1,0,0.0,1885.4,2,0,0.0,0
LGS2ORD0024950,C016825,2025-07-17 14:00:00,Female,49,Bronze,Shopee,Nakhon Ratchasima,664,Shopee,COD,14,7,3,0,40-50,22.133333333333333,4.0,2.0,0.5,114,3,8006.2725,0.18,0.75,0.0,0.0,5193.93,1,0,0.0,5193.93,1,0,0.0,5193.93,1,0,0.0,32025.09,4,2,0.5,1
LGS2ORD0024951,C011515,2025-07-17 14:00:00,Male,37,Silver,CallCenter,Nakhon Ratchasima,432,Web,PromptPay,14,7,3,0,30-40,14.4,1.0,0.0,0.0,-1,176,885.33,0.1,0.0,0.0,0.0,0.0,0,0,0.0,0.0,0,0,0.0,0.0,0,0,0.0,885.33,1,0,0.0,0
LGS2ORD0024952,C013910,2025-07-17 14:00:00,Male,33,Silver,Lazada,Chiang Mai,874,Web,PromptPay,14,7,3,0,30-40,29.133333333333333,3.0,0.0,0.0,-1,39,4812.79,0.1,0.3333333333333333,0.0,0.0,0.0,0,0,0.0,0.0,0,0,0.0,6904.51,2,0,0.0,14438.369999999999,3,0,0.0,0
LGS2ORD0024953,C017021,2025-07-17 14:00:00,Male,45,Bronze,Lazada,Bangkok,1333,Shopee,COD,14,7,3,0,40-50,44.43333333333333,5.0,0.0,0.0,-1,34,4975.3099999999995,0.23,0.4,0.2,0.0,0.0,0,0,0.0,0.0,0,0,0.0,21771.53,4,0,0.0,24876.55,5,0,0.0,0
LGS2ORD0024954,C013285,2025-07-17 15:00:00,Female,37,Platinum,Lazada,Khon Kaen,276,TV_Show,COD,15,7,3,0,30-40,9.2,0.0,0.0,0.0,-1,-1,0.0,0.0,0.0,0.0,0.0,0.0,0,0,0.0,0.0,0,0,0.0,0.0,0,0,0.0,0.0,0,0,0.0,0
LGS2ORD0024955,C016324,2025-07-17 15:00:00,Female,48,Bronze,TV,Remote_Area,213,Web,COD,15,7,3,0,40-50,7.1,3.0,2.0,0.6666666666666666,86,38,1372.7066666666667,0.28,0.3333333333333333,0.6666666666666666,0.0,0.0,0,0,0.0,0.0,0,0,0.0,1027.49,1,0,0.0,4118.12,3,2,0.6666666666666666,1
LGS2ORD0024956,C017182,2025-07-17 15:00:00,Female,36,Gold,Shopee,Khon Kaen,1260,Lazada,Credit_Card,15,7,3,0,30-40,42.0,2.0,1.0,0.5,56,71,10341.01,0.28,0.5,1.0,0.0,0.0,0,0,0.0,0.0,0,0,0.0,7410.73,1,1,1.0,20682.02,2,1,0.5,1
LGS2ORD0024957,C013475,2025-07-17 15:00:00,Male,46,Silver,Shopee,Khon Kaen,1036,TV_Show,COD,15,7,3,0,40-50,34.53333333333333,3.0,0.0,0.0,-1,65,3893.6200000000003,0.25,0.3333333333333333,0.3333333333333333,0.0,0.0,0,0,0.0,0.0,0,0,0.0,4285.44,1,0,0.0,11680.86,3,0,0.0,1
LGS2ORD0024958,C012961,2025-07-17 15:00:00,Female,55,Silver,Web,Phuket,1564,Lazada,COD,15,7,3,0,>50,52.13333333333333,8.0,1.0,0.125,11,26,4969.91375,0.25,0.875,0.125,0.0,0.0,0,0,0.0,3887.25,1,1,1.0,16256.730000000001,4,1,0.25,39759.31,8,1,0.125,1
LGS2ORD0024959,C014598,2025-07-17 16:00:00,Male,54,Bronze,TV,Bangkok,1574,Web,COD,16,7,3,0,>50,52.46666666666667,3.0,2.0,0.6666666666666666,35,51,6540.913333333333,0.23,1.0,0.3333333333333333,0.0,0.0,0,0,0.0,0.0,0,0,0.0,18733.71,2,1,0.5,19622.739999999998,3,2,0.6666666666666666,1
LGS2ORD0024960,C010345,2025-07-17 16:00:00,Female,50,Bronze,Web,Bangkok,596,Web,PromptPay,16,7,3,0,40-50,19.866666666666667,3.0,1.0,0.3333333333333333,94,104,6490.563333333333,0.18,0.0,0.0,0.0,0.0,0,0,0.0,0.0,0,0,0.0,0.0,0,0,0.0,19471.69,3,1,0.3333333333333333,0
LGS2ORD0024961,C013594,2025-07-17 16:00:00,Male,39,Bronze,Lazada,Chonburi,1261,Shopee,Bank_Transfer,16,7,3,0,30-40,42.03333333333333,3.0,1.0,0.3333333333333333,55,63,3210.4733333333334,0.18,0.6666666666666666,0.0,0.0,0.0,0,0,0.0,0.0,0,0,0.0,3627.1,1,1,1.0,9631.42,3,1,0.3333333333333333,0
LGS2ORD0024962,C010155,2025-07-17 16:00:00,Male,37,Bronze,Shopee,Bangkok,609,Web,COD,16,7,3,0,30-40,20.3,7.0,0.0,0.0,-1,7,3264.9442857142853,0.28,0.42857142857142855,0.2857142857142857,0.0,0.0,0,0,0.0,5676.900000000001,2,0,0.0,13824.119999999999,5,0,0.0,22854.609999999997,7,0,0.0,0
LGS2ORD0024963,C016010,2025-07-17 16:00:00,Male,45,Bronze,TV,Nakhon Ratchasima,888,Shopee,COD,16,7,3,0,40-50,29.6,5.0,1.0,0.2,74,34,4929.784,0.23,0.8,0.2,0.0,0.0,0,0,0.0,0.0,0,0,0.0,19974.68,3,1,0.3333333333333333,24648.92,5,1,0.2,0
LGS2ORD0024964,C012554,2025-07-17 17:00:00,Female,54,Bronze,Shopee,Chonburi,1551,TV_Show,COD,17,7,3,0,>50,51.7,4.0,2.0,0.5,46,54,2279.0375,0.23,0.5,0.25,0.0,0.0,0,0,0.0,0.0,0,0,0.0,5715.04,2,1,0.5,9116.15,4,2,0.5,0
LGS2ORD0024965,C015254,2025-07-17 17:00:00,Female,44,Silver,TV,Nakhon Ratchasima,1602,TV_Show,COD,17,7,3,0,40-50,53.4,4.0,2.0,0.5,70,51,2912.8124999999995,0.2,0.75,0.0,0.0,0.0,0,0,0.0,0.0,0,0,0.0,6123.35,3,1,0.3333333333333333,11651.249999999998,4,2,0.5,0
LGS2ORD0024966,C010453,2025-07-17 17:00:00,Female,42,Gold,TV,Bangkok,1494,TV_Show,COD,17,7,3,0,40-50,49.8,1.0,0.0,0.0,-1,191,769.45,0.33,1.0,1.0,0.0,0.0,0,0,0.0,0.0,0,0,0.0,0.0,0,0,0.0,769.45,1,0,0.0,0
LGS2ORD0024967,C013220,2025-07-17 17:00:00,Female,30,Silver,CallCenter,Bangkok,1494,Lazada,Bank_Transfer,17,7,3,0,20-30,49.8,3.0,0.0,0.0,-1,113,1503.1333333333332,0.2,0.0,0.0,0.0,0.0,0,0,0.0,0.0,0,0,0.0,0.0,0,0,0.0,4509.4,3,0,0.0,1
LGS2ORD0024968,C014841,2025-07-17 17:00:00,Male,67,Bronze,Shopee,Remote_Area,351,Lazada,PromptPay,17,7,3,0,>50,11.7,6.0,1.0,0.16666666666666666,33,4,4068.018333333333,0.23,0.6666666666666666,0.16666666666666666,0.0,5345.58,2,0,0.0,5345.58,2,0,0.0,17175.379999999997,4,1,0.25,24408.109999999997,6,1,0.16666666666666666,0
LGS2ORD0024969,C010315,2025-07-17 18:00:00,Female,32,Platinum,Web,Chonburi,789,Lazada,PromptPay,18,7,3,0,30-40,26.3,4.0,1.0,0.25,97,15,4831.745000000001,0.35,0.5,0.25,0.0,0.0,0,0,0.0,8875.85,1,0,0.0,8875.85,1,0,0.0,19326.980000000003,4,1,0.25,0
LGS2ORD0024970,C017696,2025-07-17 18:00:00,Male,40,Silver,TV,Bangkok,1281,Lazada,COD,18,7,3,0,30-40,42.7,7.0,3.0,0.42857142857142855,3,15,9092.252857142857,0.3,0.7142857142857143,0.14285714285714285,0.0,0.0,0,0,0.0,4770.38,2,1,0.5,42535.47,4,1,0.25,63645.77,7,3,0.42857142857142855,0
LGS2ORD0024971,C013252,2025-07-17 18:00:00,Female,37,Bronze,Shopee,Bangkok,1162,CallCenter,Bank_Transfer,18,7,3,0,30-40,38.733333333333334,5.0,1.0,0.2,49,55,4637.378000000001,0.28,0.4,0.4,0.0,0.0,0,0,0.0,0.0,0,0,0.0,3614.3599999999997,2,1,0.5,23186.890000000003,5,1,0.2,0
LGS2ORD0024972,C016603,2025-07-17 18:00:00,Female,36,Bronze,Web,Remote_Area,861,Shopee,Credit_Card,18,7,3,0,30-40,28.7,3.0,0.0,0.0,-1,2,8440.843333333332,0.18,0.3333333333333333,0.0,0.0,5195.14,1,0,0.0,5195.14,1,0,0.0,5195.14,1,0,0.0,25322.53,3,0,0.0,0
LGS2ORD0024973,C011150,2025-07-17 18:00:00,Male,63,Bronze,Shopee,Bangkok,1331,Shopee,COD,18,7,3,0,>50,44.36666666666667,5.0,1.0,0.2,37,18,3641.582,0.28,0.6,0.4,0.0,0.0,0,0,0.0,5189.28,1,0,0.0,16283.689999999999,4,1,0.25,18207.91,5,1,0.2,1
LGS2ORD0024974,C015570,2025-07-17 18:00:00,Other,38,Platinum,Web,Bangkok,499,CallCenter,COD,18,7,3,0,30-40,16.633333333333333,2.0,0.0,0.0,-1,111,6359.425,0.1,0.0,0.0,0.0,0.0,0,0,0.0,0.0,0,0,0.0,0.0,0,0,0.0,12718.85,2,0,0.0,0
LGS2ORD0024975,C012731,2025-07-17 19:00:00,Male,45,Bronze,Web,Remote_Area,1405,Lazada,COD,19,7,3,0,40-50,46.833333333333336,7.0,2.0,0.2857142857142857,96,7,3334.447142857143,0.23,0.5714285714285714,0.14285714285714285,0.0,0.0,0,0,0.0,5254.65,2,0,0.0,6084.91,3,0,0.0,23341.13,7,2,0.2857142857142857,0
LGS2ORD0024976,C010028,2025-07-17 19:00:00,Male,32,Bronze,TV,Phuket,907,Shopee,COD,19,7,3,0,30-40,30.233333333333334,8.0,4.0,0.5,30,23,7553.12875,0.28,0.375,0.375,0.0,0.0,0,0,0.0,12364.65,1,0,0.0,38852.86,5,2,0.4,60425.03,8,4,0.5,1
LGS2ORD0024977,C014598,2025-07-17 19:00:00,Male,54,Bronze,TV,Bangkok,1574,Lazada,PromptPay,19,7,3,0,>50,52.46666666666667,4.0,3.0,0.75,-6,0,6066.724999999999,0.23,1.0,0.25,0.0,4644.16,1,1,1.0,4644.16,1,1,1.0,23377.87,3,2,0.6666666666666666,24266.899999999998,4,3,0.75,0
LGS2ORD0024978,C013652,2025-07-17 19:00:00,Other,34,Silver,Web,Chonburi,824,CallCenter,COD,19,7,3,0,30-40,27.466666666666665,7.0,2.0,0.2857142857142857,34,40,7402.848571428572,0.25,0.7142857142857143,0.14285714285714285,0.0,0.0,0,0,0.0,0.0,0,0,0.0,2974.15,1,1,1.0,51819.94,7,2,0.2857142857142857,0
LGS2ORD0024979,C011102,2025-07-17 19:00:00,Male,44,Silver,Shopee,Bangkok,1609,Shopee,Credit_Card,19,7,3,0,40-50,53.63333333333333,2.0,1.0,0.5,37,49,2813.9,0.2,0.5,0.0,0.0,0.0,0,0,0.0,0.0,0,0,0.0,5627.8,2,1,0.5,5627.8,2,1,0.5,1
LGS2ORD0024980,C013911,2025-07-17 20:00:00,Female,30,Bronze,Lazada,Khon Kaen,1528,Web,Credit_Card,20,7,3,0,20-30,50.93333333333333,3.0,1.0,0.3333333333333333,13,18,1962.7066666666667,0.18,0.6666666666666666,0.0,0.0,0.0,0,0,0.0,726.2,1,1,1.0,5888.12,3,1,0.3333333333333333,5888.12,3,1,0.3333333333333333,0
LGS2ORD0024981,C011656,2025-07-17 20:00:00,Female,52,Bronze,Shopee,Remote_Area,1207,TV_Show,COD,20,7,3,0,>50,40.233333333333334,3.0,1.0,0.3333333333333333,49,58,3169.3033333333337,0.18,1.0,0.0,0.0,0.0,0,0,0.0,0.0,0,0,0.0,1086.94,1,1,1.0,9507.910000000002,3,1,0.3333333333333333,1
LGS2ORD0024982,C011886,2025-07-17 20:00:00,Male,56,Bronze,Lazada,Khon Kaen,948,Shopee,COD,20,7,3,0,>50,31.6,6.0,1.0,0.16666666666666666,91,47,8153.865000000001,0.23,0.3333333333333333,0.16666666666666666,0.0,0.0,0,0,0.0,0.0,0,0,0.0,38970.229999999996,3,0,0.0,48923.19,6,1,0.16666666666666666,0
LGS2ORD0024983,C010825,2025-07-17 20:00:00,Female,31,Silver,Shopee,Bangkok,1306,Shopee,Bank_Transfer,20,7,3,0,30-40,43.53333333333333,4.0,0.0,0.0,-1,13,5206.799999999999,0.2,0.25,0.0,0.0,0.0,0,0,0.0,11038.21,1,0,0.0,11038.21,1,0,0.0,20827.199999999997,4,0,0.0,0
LGS2ORD0024984,C015432,2025-07-17 20:00:00,Male,43,Bronze,Web,Chonburi,1041,CallCenter,COD,20,7,3,0,40-50,34.7,2.0,0.0,0.0,-1,21,5827.75,0.18,0.5,0.0,0.0,0.0,0,0,0.0,8555.73,1,0,0.0,11655.5,2,0,0.0,11655.5,2,0,0.0,0
LGS2ORD0024985,C017124,2025-07-17 21:00:00,Male,39,Bronze,Web,Chiang Mai,383,Lazada,PromptPay,21,7,3,0,30-40,12.766666666666667,2.0,0.0,0.0,-1,92,773.32,0.18,1.0,0.0,0.0,0.0,0,0,0.0,0.0,0,0,0.0,0.0,0,0,0.0,1546.64,2,0,0.0,0
LGS2ORD0024986,C016284,2025-07-17 21:00:00,Male,67,Bronze,CallCenter,Bangkok,1201,Shopee,Credit_Card,21,7,3,0,>50,40.03333333333333,2.0,0.0,0.0,-1,44,4827.82,0.23,0.5,0.5,0.0,0.0,0,0,0.0,0.0,0,0,0.0,2781.8,1,0,0.0,9655.64,2,0,0.0,1
LGS2ORD0024987,C011035,2025-07-17 21:00:00,Male,65,Bronze,Shopee,Nakhon Ratchasima,617,TV_Show,Credit_Card,21,7,3,0,>50,20.566666666666666,2.0,0.0,0.0,-1,17,2479.755,0.23,0.5,0.5,0.0,0.0,0,0,0.0,2576.32,1,0,0.0,2576.32,1,0,0.0,4959.51,2,0,0.0,1
LGS2ORD0024988,C010118,2025-07-17 21:00:00,Male,33,Silver,Lazada,Songkhla,1451,TV_Show,COD,21,7,3,0,30-40,48.36666666666667,5.0,1.0,0.2,4,17,8826.364,0.3,0.4,0.2,0.0,0.0,0,0,0.0,2637.32,1,1,1.0,15673.419999999998,3,1,0.3333333333333333,44131.82,5,1,0.2,0
LGS2ORD0024989,C013445,2025-07-17 21:00:00,Female,48,Silver,Shopee,Chonburi,519,Shopee,COD,21,7,3,0,40-50,17.3,4.0,1.0,0.25,41,31,2781.1274999999996,0.25,0.25,0.5,0.0,0.0,0,0,0.0,0.0,0,0,0.0,3005.37,2,1,0.5,11124.509999999998,4,1,0.25,1
LGS2ORD0024990,C013893,2025-07-17 22:00:00,Female,34,Bronze,CallCenter,Chonburi,583,TV_Show,PromptPay,22,7,3,0,30-40,19.433333333333334,3.0,1.0,0.3333333333333333,24,35,3115.263333333334,0.28,0.3333333333333333,0.6666666666666666,0.0,0.0,0,0,0.0,0.0,0,0,0.0,9345.79,3,1,0.3333333333333333,9345.79,3,1,0.3333333333333333,0
LGS2ORD0024991,C012684,2025-07-17 22:00:00,Female,39,Bronze,Web,Songkhla,1589,Shopee,PromptPay,22,7,3,0,30-40,52.96666666666667,3.0,1.0,0.3333333333333333,93,8,5087.433333333333,0.18,1.0,0.0,0.0,0.0,0,0,0.0,10498.63,2,0,0.0,10498.63,2,0,0.0,15262.3,3,1,0.3333333333333333,0
LGS2ORD0024992,C016826,2025-07-17 22:00:00,Female,38,Silver,Web,Chiang Mai,824,CallCenter,PromptPay,22,7,3,0,30-40,27.466666666666665,1.0,0.0,0.0,-1,27,2940.94,0.1,0.0,0.0,0.0,0.0,0,0,0.0,2940.94,1,0,0.0,2940.94,1,0,0.0,2940.94,1,0,0.0,0
LGS2ORD0024993,C015415,2025-07-17 22:00:00,Female,31,Silver,CallCenter,Nakhon Ratchasima,250,Shopee,COD,22,7,3,0,30-40,8.333333333333334,4.0,1.0,0.25,123,62,2872.9925000000003,0.3,0.25,0.25,0.0,0.0,0,0,0.0,0.0,0,0,0.0,4214.35,3,0,0.0,11491.970000000001,4,1,0.25,1
LGS2ORD0024994,C013257,2025-07-17 22:00:00,Female,39,Platinum,Web,Remote_Area,472,Lazada,COD,22,7,3,0,30-40,15.733333333333333,0.0,0.0,0.0,-1,-1,0.0,0.0,0.0,0.0,0.0,0.0,0,0,0.0,0.0,0,0,0.0,0.0,0,0,0.0,0.0,0,0,0.0,1
LGS2ORD0024995,C015568,2025-07-17 22:00:00,Male,59,Bronze,Shopee,Khon Kaen,1487,Lazada,Credit_Card,22,7,3,0,>50,49.56666666666667,2.0,0.0,0.0,-1,110,11626.965,0.28,0.5,0.5,0.0,0.0,0,0,0.0,0.0,0,0,0.0,0.0,0,0,0.0,23253.93,2,0,0.0,0
LGS2ORD0024996,C014791,2025-07-17 23:00:00,Male,26,Bronze,Lazada,Remote_Area,830,Shopee,COD,23,7,3,0,20-30,27.666666666666668,4.0,2.0,0.5,30,41,4911.879999999999,0.23,0.75,0.25,0.0,0.0,0,0,0.0,0.0,0,0,0.0,1082.08,1,1,1.0,19647.519999999997,4,2,0.5,0
LGS2ORD0024997,C015258,2025-07-17 23:00:00,Male,40,Silver,Web,Khon Kaen,1573,TV_Show,COD,23,7,3,0,30-40,52.43333333333333,4.0,0.0,0.0,-1,107,4830.3150000000005,0.3,0.75,0.25,0.0,0.0,0,0,0.0,0.0,0,0,0.0,0.0,0,0,0.0,19321.260000000002,4,0,0.0,0
LGS2ORD0024998,C015378,2025-07-17 23:00:00,Female,32,Silver,Web,Chonburi,1070,Web,COD,23,7,3,0,30-40,35.666666666666664,4.0,0.0,0.0,-1,146,7189.257500000001,0.25,0.25,0.25,0.0,0.0,0,0,0.0,0.0,0,0,0.0,0.0,0,0,0.0,28757.030000000002,4,0,0.0,0
LGS2ORD0024999,C017003,2025-07-17 23:00:00,Female,39,Silver,TV,Remote_Area,583,TV_Show,PromptPay,23,7,3,0,30-40,19.433333333333334,3.0,3.0,1.0,7,15,7216.093333333334,0.3,0.6666666666666666,0.3333333333333333,0.0,0.0,0,0,0.0,4938.81,1,1,1.0,15350.689999999999,2,2,1.0,21648.280000000002,3,3,1.0,0
LGS2ORD0025000,C017957,2025-07-17 23:00:00,Male,35,Bronze,CallCenter,Chiang Mai,356,CallCenter,COD,23,7,3,0,30-40,11.866666666666667,7.0,2.0,0.2857142857142857,8,17,5189.094285714286,0.23,0.8571428571428571,0.2857142857142857,0.0,0.0,0,0,0.0,14567.61,2,2,1.0,22239.53,4,2,0.5,36323.66,7,2,0.2857142857142857,0
LGS2ORD0025001,C017401,2025-07-18 00:00:00,Male,36,Bronze,TV,Nakhon Ratchasima,1617,TV_Show,COD,0,7,4,0,30-40,53.9,2.0,1.0,0.5,47,9,3299.8,0.28,1.0,0.5,0.0,0.0,0,0,0.0,3063.56,1,0,0.0,6599.6,2,1,0.5,6599.6,2,1,0.5,1
LGS2ORD0025002,C016208,2025-07-18 00:00:00,Female,53,Silver,Shopee,Bangkok,1617,Shopee,Bank_Transfer,0,7,4,0,>50,53.9,0.0,0.0,0.0,-1,-1,0.0,0.0,0.0,0.0,0.0,0.0,0,0,0.0,0.0,0,0,0.0,0.0,0,0,0.0,0.0,0,0,0.0,0
LGS2ORD0025003,C014941,2025-07-18 00:00:00,Male,30,Bronze,TV,Phuket,1209,TV_Show,Bank_Transfer,0,7,4,0,20-30,40.3,3.0,1.0,0.3333333333333333,149,140,5207.883333333334,0.28,0.6666666666666666,0.3333333333333333,0.0,0.0,0,0,0.0,0.0,0,0,0.0,0.0,0,0,0.0,15623.650000000001,3,1,0.3333333333333333,0
LGS2ORD0025004,C010504,2025-07-18 00:00:00,Male,66,Silver,TV,Bangkok,325,Web,PromptPay,0,7,4,0,>50,10.833333333333334,0.0,0.0,0.0,-1,-1,0.0,0.0,0.0,0.0,0.0,0.0,0,0,0.0,0.0,0,0,0.0,0.0,0,0,0.0,0.0,0,0,0.0,0
LGS2ORD0025005,C016001,2025-07-18 00:00:00,Female,37,Bronze,TV,Khon Kaen,648,Lazada,PromptPay,0,7,4,0,30-40,21.6,3.0,0.0,0.0,-1,18,2709.3633333333332,0.18,0.3333333333333333,0.0,0.0,0.0,0,0,0.0,2173.08,1,0,0.0,8128.09,3,0,0.0,8128.09,3,0,0.0,1
LGS2ORD0025006,C010365,2025-07-18 01:00:00,Female,18,Bronze,Web,Chonburi,1347,Shopee,Credit_Card,1,7,4,0,<20,44.9,3.0,1.0,0.3333333333333333,137,132,4730.543333333334,0.18,0.6666666666666666,0.0,0.0,0.0,0,0,0.0,0.0,0,0,0.0,0.0,0,0,0.0,14191.630000000001,3,1,0.3333333333333333,0
LGS2ORD0025007,C013959,2025-07-18 01:00:00,Female,60,Silver,Shopee,Khon Kaen,866,Lazada,COD,1,7,4,0,>50,28.866666666666667,2.0,1.0,0.5,136,131,9618.1,0.25,1.0,1.0,0.0,0.0,0,0,0.0,0.0,0,0,0.0,0.0,0,0,0.0,19236.2,2,1,0.5,0
LGS2ORD0025008,C014561,2025-07-18 01:00:00,Female,26,Platinum,Web,Chonburi,1569,Shopee,COD,1,7,4,0,20-30,52.3,1.0,1.0,1.0,38,45,3860.41,0.25,1.0,1.0,0.0,0.0,0,0,0.0,0.0,0,0,0.0,3860.41,1,1,1.0,3860.41,1,1,1.0,0
LGS2ORD0025009,C012534,2025-07-18 01:00:00,Male,43,Silver,Lazada,Phuket,644,Shopee,COD,1,7,4,0,40-50,21.466666666666665,1.0,1.0,1.0,179,189,2057.08,0.25,1.0,1.0,0.0,0.0,0,0,0.0,0.0,0,0,0.0,0.0,0,0,0.0,2057.08,1,1,1.0,0
LGS2ORD0025010,C014795,2025-07-18 01:00:00,Female,49,Silver,Shopee,Khon Kaen,269,Web,PromptPay,1,7,4,0,40-50,8.966666666666667,2.0,1.0,0.5,146,119,5932.4,0.1,0.5,0.0,0.0,0.0,0,0,0.0,0.0,0,0,0.0,0.0,0,0,0.0,11864.8,2,1,0.5,0
LGS2ORD0025011,C010795,2025-07-18 01:00:00,Female,67,Bronze,TV,Bangkok,1491,Lazada,COD,1,7,4,0,>50,49.7,2.0,0.0,0.0,-1,60,5751.68,0.13,0.5,0.0,0.0,0.0,0,0,0.0,0.0,0,0,0.0,10385.98,1,0,0.0,11503.36,2,0,0.0,0
LGS2ORD0025012,C016720,2025-07-18 02:00:00,Male,57,Bronze,Lazada,Songkhla,464,Shopee,Bank_Transfer,2,7,4,0,>50,15.466666666666667,6.0,2.0,0.3333333333333333,42,46,6140.055,0.23,0.3333333333333333,0.3333333333333333,0.0,0.0,0,0,0.0,0.0,0,0,0.0,31156.43,3,2,0.6666666666666666,36840.33,6,2,0.3333333333333333,1
LGS2ORD0025013,C016996,2025-07-18 02:00:00,Female,51,Silver,Lazada,Chiang Mai,579,Web,Bank_Transfer,2,7,4,0,>50,19.3,7.0,1.0,0.14285714285714285,-4,1,4845.081428571429,0.2,0.42857142857142855,0.0,0.0,4572.14,1,1,1.0,4572.14,1,1,1.0,10974.170000000002,3,1,0.3333333333333333,33915.57,7,1,0.14285714285714285,0
LGS2ORD0025014,C016362,2025-07-18 02:00:00,Female,21,Platinum,TV,Bangkok,649,Lazada,Credit_Card,2,7,4,0,20-30,21.633333333333333,3.0,0.0,0.0,-1,43,757.3233333333333,0.35,0.3333333333333333,1.0,0.0,0.0,0,0,0.0,0.0,0,0,0.0,436.45,1,0,0.0,2271.97,3,0,0.0,0
LGS2ORD0025015,C012125,2025-07-18 02:00:00,Female,51,Gold,Shopee,Chiang Mai,644,Web,PromptPay,2,7,4,0,>50,21.466666666666665,3.0,2.0,0.6666666666666666,56,61,6817.68,0.28,1.0,0.3333333333333333,0.0,0.0,0,0,0.0,0.0,0,0,0.0,3823.2,1,1,1.0,20453.04,3,2,0.6666666666666666,0
LGS2ORD0025016,C015183,2025-07-18 02:00:00,Male,44,Gold,Web,Bangkok,908,TV_Show,Bank_Transfer,2,7,4,0,40-50,30.266666666666666,0.0,0.0,0.0,-1,-1,0.0,0.0,0.0,0.0,0.0,0.0,0,0,0.0,0.0,0,0,0.0,0.0,0,0,0.0,0.0,0,0,0.0,0
LGS2ORD0025017,C010251,2025-07-18 03:00:00,Male,56,Gold,Web,Khon Kaen,1429,Web,COD,3,7,4,0,>50,47.63333333333333,3.0,0.0,0.0,-1,55,3259.5066666666667,0.33,0.6666666666666666,0.6666666666666666,0.0,0.0,0,0,0.0,0.0,0,0,0.0,4310.05,1,0,0.0,9778.52,3,0,0.0,0
LGS2ORD0025018,C012615,2025-07-18 03:00:00,Female,43,Platinum,TV,Songkhla,1404,CallCenter,Bank_Transfer,3,7,4,0,40-50,46.8,1.0,0.0,0.0,-1,27,681.24,0.2,0.0,0.0,0.0,0.0,0,0,0.0,681.24,1,0,0.0,681.24,1,0,0.0,681.24,1,0,0.0,0
LGS2ORD0025019,C014961,2025-07-18 03:00:00,Female,40,Bronze,Shopee,Bangkok,838,TV_Show,Bank_Transfer,3,7,4,0,30-40,27.933333333333334,3.0,0.0,0.0,-1,0,2889.1200000000003,0.23,0.6666666666666666,0.3333333333333333,0.0,5195.33,1,0,0.0,5195.33,1,0,0.0,5195.33,1,0,0.0,8667.36,3,0,0.0,0
LGS2ORD0025020,C014685,2025-07-18 03:00:00,Other,52,Bronze,Shopee,Songkhla,944,Web,COD,3,7,4,0,>50,31.466666666666665,3.0,1.0,0.3333333333333333,106,25,4388.016666666667,0.18,1.0,0.0,0.0,0.0,0,0,0.0,7660.6,1,0,0.0,7660.6,1,0,0.0,13164.050000000001,3,1,0.3333333333333333,0
LGS2ORD0025021,C012524,2025-07-18 03:00:00,Female,62,Bronze,CallCenter,Phuket,516,Shopee,COD,3,7,4,0,>50,17.2,2.0,0.0,0.0,-1,112,6307.88,0.18,0.5,0.0,0.0,0.0,0,0,0.0,0.0,0,0,0.0,0.0,0,0,0.0,12615.76,2,0,0.0,1
LGS2ORD0025022,C010266,2025-07-18 04:00:00,Male,64,Bronze,TV,Songkhla,570,TV_Show,COD,4,7,4,0,>50,19.0,5.0,1.0,0.2,89,6,4295.454,0.28,0.4,0.2,0.0,1818.4,1,0,0.0,7163.59,2,0,0.0,7163.59,2,0,0.0,21477.27,5,1,0.2,0
LGS2ORD0025023,C010691,2025-07-18 04:00:00,Female,49,Silver,Web,Nakhon Ratchasima,591,Web,Credit_Card,4,7,4,0,40-50,19.7,0.0,0.0,0.0,-1,-1,0.0,0.0,0.0,0.0,0.0,0.0,0,0,0.0,0.0,0,0,0.0,0.0,0,0,0.0,0.0,0,0,0.0,0
LGS2ORD0025024,C013006,2025-07-18 04:00:00,Male,20,Bronze,CallCenter,Remote_Area,885,Web,COD,4,7,4,0,<20,29.5,2.0,1.0,0.5,124,52,5883.115,0.03,1.0,0.0,0.0,0.0,0,0,0.0,0.0,0,0,0.0,10001.15,1,0,0.0,11766.23,2,1,0.5,0
LGS2ORD0025025,C017776,2025-07-18 04:00:00,Female,36,Silver,Web,Bangkok,422,Lazada,COD,4,7,4,0,30-40,14.066666666666666,3.0,1.0,0.3333333333333333,136,99,4878.266666666666,0.3,0.6666666666666666,0.3333333333333333,0.0,0.0,0,0,0.0,0.0,0,0,0.0,0.0,0,0,0.0,14634.8,3,1,0.3333333333333333,0
LGS2ORD0025026,C011919,2025-07-18 04:00:00,Female,43,Bronze,TV,Nakhon Ratchasima,432,CallCenter,PromptPay,4,7,4,0,40-50,14.4,0.0,0.0,0.0,-1,-1,0.0,0.0,0.0,0.0,0.0,0.0,0,0,0.0,0.0,0,0,0.0,0.0,0,0,0.0,0.0,0,0,0.0,0
LGS2ORD0025027,C012550,2025-07-18 05:00:00,Female,41,Bronze,Shopee,Songkhla,1203,Lazada,COD,5,7,4,0,40-50,40.1,2.0,1.0,0.5,88,100,5235.195,0.08,0.5,0.0,0.0,0.0,0,0,0.0,0.0,0,0,0.0,0.0,0,0,0.0,10470.39,2,1,0.5,0
LGS2ORD0025028,C013785,2025-07-18 05:00:00,Other,49,Gold,Shopee,Songkhla,948,TV_Show,Credit_Card,5,7,4,0,40-50,31.6,0.0,0.0,0.0,-1,-1,0.0,0.0,0.0,0.0,0.0,0.0,0,0,0.0,0.0,0,0,0.0,0.0,0,0,0.0,0.0,0,0,0.0,0
LGS2ORD0025029,C015323,2025-07-18 05:00:00,Female,40,Bronze,TV,Songkhla,1070,TV_Show,COD,5,7,4,0,30-40,35.666666666666664,7.0,3.0,0.42857142857142855,51,39,2230.8228571428567,0.28,0.5714285714285714,0.2857142857142857,0.0,0.0,0,0,0.0,0.0,0,0,0.0,4451.37,4,1,0.25,15615.759999999998,7,3,0.42857142857142855,1
LGS2ORD0025030,C013026,2025-07-18 05:00:00,Male,63,Bronze,Shopee,Bangkok,1638,TV_Show,Bank_Transfer,5,7,4,0,>50,54.6,2.0,1.0,0.5,108,117,6974.08,0.23,0.5,0.5,0.0,0.0,0,0,0.0,0.0,0,0,0.0,0.0,0,0,0.0,13948.16,2,1,0.5,0
LGS2ORD0025031,C015142,2025-07-18 05:00:00,Female,27,Silver,CallCenter,Remote_Area,1036,Lazada,Bank_Transfer,5,7,4,0,20-30,34.53333333333333,8.0,3.0,0.375,117,5,3015.84625,0.25,0.75,0.5,0.0,9293.56,2,0,0.0,9508.619999999999,3,0,0.0,9508.619999999999,3,0,0.0,24126.77,8,3,0.375,1
LGS2ORD0025032,C014835,2025-07-18 05:00:00,Male,47,Platinum,TV,Remote_Area,332,CallCenter,Credit_Card,5,7,4,0,40-50,11.066666666666666,1.0,0.0,0.0,-1,101,1391.84,0.1,0.0,0.0,0.0,0.0,0,0,0.0,0.0,0,0,0.0,0.0,0,0,0.0,1391.84,1,0,0.0,0
LGS2ORD0025033,C017691,2025-07-18 06:00:00,Female,62,Gold,Shopee,Nakhon Ratchasima,1499,TV_Show,PromptPay,6,7,4,0,>50,49.96666666666667,3.0,1.0,0.3333333333333333,176,169,4977.236666666667,0.28,0.3333333333333333,0.6666666666666666,0.0,0.0,0,0,0.0,0.0,0,0,0.0,0.0,0,0,0.0,14931.71,3,1,0.3333333333333333,0
LGS2ORD0025034,C011069,2025-07-18 06:00:00,Female,47,Silver,Lazada,Phuket,542,Web,COD,6,7,4,0,40-50,18.066666666666666,3.0,0.0,0.0,-1,27,4319.233333333334,0.25,0.3333333333333333,0.6666666666666666,0.0,0.0,0,0,0.0,624.93,1,0,0.0,1451.35,2,0,0.0,12957.7,3,0,0.0,0
LGS2ORD0025035,C011190,2025-07-18 06:00:00,Female,43,Silver,Shopee,Chonburi,809,TV_Show,COD,6,7,4,0,40-50,26.966666666666665,3.0,0.0,0.0,-1,12,8254.640000000001,0.2,1.0,0.0,0.0,0.0,0,0,0.0,2974.43,1,0,0.0,6138.61,2,0,0.0,24763.920000000002,3,0,0.0,0
LGS2ORD0025036,C013939,2025-07-18 06:00:00,Female,42,Bronze,TV,Remote_Area,664,Shopee,COD,6,7,4,0,40-50,22.133333333333333,3.0,1.0,0.3333333333333333,51,66,6643.993333333333,0.08,1.0,0.0,0.0,0.0,0,0,0.0,0.0,0,0,0.0,886.54,1,1,1.0,19931.98,3,1,0.3333333333333333,1
LGS2ORD0025037,C010573,2025-07-18 06:00:00,Female,45,Bronze,TV,Khon Kaen,308,TV_Show,COD,6,7,4,0,40-50,10.266666666666667,1.0,0.0,0.0,-1,134,5844.6,0.08,0.0,0.0,0.0,0.0,0,0,0.0,0.0,0,0,0.0,0.0,0,0,0.0,5844.6,1,0,0.0,0
LGS2ORD0025038,C013562,2025-07-18 07:00:00,Male,56,Bronze,Lazada,Remote_Area,922,CallCenter,Credit_Card,7,7,4,0,>50,30.733333333333334,3.0,1.0,0.3333333333333333,161,114,10136.38,0.23,0.6666666666666666,0.3333333333333333,0.0,0.0,0,0,0.0,0.0,0,0,0.0,0.0,0,0,0.0,30409.14,3,1,0.3333333333333333,0
LGS2ORD0025039,C015199,2025-07-18 07:00:00,Male,52,Bronze,Shopee,Bangkok,535,TV_Show,COD,7,7,4,0,>50,17.833333333333332,4.0,1.0,0.25,31,7,1369.9225000000001,0.23,0.25,0.25,0.0,0.0,0,0,0.0,605.17,1,0,0.0,4221.4,3,1,0.3333333333333333,5479.6900000000005,4,1,0.25,0
LGS2ORD0025040,C016240,2025-07-18 07:00:00,Female,42,Bronze,TV,Bangkok,900,CallCenter,COD,7,7,4,0,40-50,30.0,7.0,1.0,0.14285714285714285,23,1,6458.234285714286,0.28,0.5714285714285714,0.2857142857142857,0.0,451.05,1,0,0.0,9127.669999999998,3,0,0.0,38832.39,6,1,0.16666666666666666,45207.64,7,1,0.14285714285714285,0
LGS2ORD0025041,C017809,2025-07-18 07:00:00,Female,47,Bronze,Lazada,Bangkok,270,Lazada,COD,7,7,4,0,40-50,9.0,4.0,0.0,0.0,-1,71,4887.0275,0.28,0.5,0.25,0.0,0.0,0,0,0.0,0.0,0,0,0.0,16096.689999999999,2,0,0.0,19548.11,4,0,0.0,0
LGS2ORD0025042,C014430,2025-07-18 07:00:00,Male,37,Silver,TV,Bangkok,1440,Lazada,Credit_Card,7,7,4,0,30-40,48.0,0.0,0.0,0.0,-1,-1,0.0,0.0,0.0,0.0,0.0,0.0,0,0,0.0,0.0,0,0,0.0,0.0,0,0,0.0,0.0,0,0,0.0,0
LGS2ORD0025043,C011199,2025-07-18 08:00:00,Male,47,Gold,Lazada,Bangkok,1077,Shopee,COD,8,7,4,0,40-50,35.9,2.0,0.0,0.0,-1,92,1316.445,0.08,0.0,0.0,0.0,0.0,0,0,0.0,0.0,0,0,0.0,0.0,0,0,0.0,2632.89,2,0,0.0,0
LGS2ORD0025044,C016375,2025-07-18 08:00:00,Female,46,Bronze,TV,Khon Kaen,1436,Web,Bank_Transfer,8,7,4,0,40-50,47.86666666666667,2.0,0.0,0.0,-1,117,4331.855,0.08,1.0,0.0,0.0,0.0,0,0,0.0,0.0,0,0,0.0,0.0,0,0,0.0,8663.71,2,0,0.0,0
LGS2ORD0025045,C011607,2025-07-18 08:00:00,Male,39,Bronze,Shopee,Chonburi,832,Lazada,COD,8,7,4,0,30-40,27.733333333333334,4.0,1.0,0.25,138,107,4172.905000000001,0.28,0.25,0.25,0.0,0.0,0,0,0.0,0.0,0,0,0.0,0.0,0,0,0.0,16691.620000000003,4,1,0.25,1
LGS2ORD0025046,C016780,2025-07-18 08:00:00,Female,37,Platinum,Lazada,Khon Kaen,1445,Web,COD,8,7,4,0,30-40,48.166666666666664,0.0,0.0,0.0,-1,-1,0.0,0.0,0.0,0.0,0.0,0.0,0,0,0.0,0.0,0,0,0.0,0.0,0,0,0.0,0.0,0,0,0.0,0
LGS2ORD0025047,C015069,2025-07-18 08:00:00,Female,44,Silver,Web,Chiang Mai,742,Web,COD,8,7,4,0,40-50,24.733333333333334,8.0,2.0,0.25,151,9,2921.5112499999996,0.3,0.375,0.125,0.0,0.0,0,0,0.0,2482.35,2,0,0.0,12142.759999999998,4,0,0.0,23372.089999999997,8,2,0.25,0
LGS2ORD0025048,C016837,2025-07-18 09:00:00,Male,53,Silver,TV,Chonburi,856,TV_Show,Bank_Transfer,9,7,4,0,>50,28.533333333333335,3.0,1.0,0.3333333333333333,180,59,854.5966666666667,0.2,0.3333333333333333,0.0,0.0,0.0,0,0,0.0,0.0,0,0,0.0,759.21,1,0,0.0,2563.79,3,1,0.3333333333333333,0
LGS2ORD0025049,C010323,2025-07-18 09:00:00,Female,31,Bronze,CallCenter,Bangkok,700,Shopee,COD,9,7,4,0,30-40,23.333333333333332,3.0,1.0,0.3333333333333333,11,23,12654.066666666666,0.18,0.3333333333333333,0.0,0.0,0.0,0,0,0.0,18796.33,1,1,1.0,18796.33,1,1,1.0,37962.2,3,1,0.3333333333333333,0
LGS2ORD0025050,C013864,2025-07-18 09:00:00,Male,27,Gold,Web,Phuket,308,CallCenter,Bank_Transfer,9,7,4,0,20-30,10.266666666666667,7.0,3.0,0.42857142857142855,91,99,9835.435714285715,0.28,0.5714285714285714,0.42857142857142855,0.0,0.0,0,0,0.0,0.0,0,0,0.0,0.0,0,0,0.0,68848.05,7,3,0.42857142857142855,1
LGS2ORD0025051,C012230,2025-07-18 09:00:00,Female,34,Silver,Web,Khon Kaen,836,Lazada,COD,9,7,4,0,30-40,27.866666666666667,2.0,1.0,0.5,102,110,9036.84,0.2,0.5,0.0,0.0,0.0,0,0,0.0,0.0,0,0,0.0,0.0,0,0,0.0,18073.68,2,1,0.5,0
LGS2ORD0025052,C016240,2025-07-18 09:00:00,Female,42,Bronze,TV,Bangkok,900,TV_Show,Credit_Card,9,7,4,0,40-50,30.0,8.0,1.0,0.125,23,0,5739.9025,0.28,0.625,0.25,0.0,1162.63,2,0,0.0,9839.249999999998,4,0,0.0,39543.97,7,1,0.14285714285714285,45919.22,8,1,0.125,0
LGS2ORD0025053,C012756,2025-07-18 09:00:00,Female,46,Silver,Lazada,Remote_Area,777,Lazada,COD,9,7,4,0,40-50,25.9,2.0,0.0,0.0,-1,87,1742.3600000000001,0.05,0.0,0.0,0.0,0.0,0,0,0.0,0.0,0,0,0.0,2041.59,1,0,0.0,3484.7200000000003,2,0,0.0,1
LGS2ORD0025054,C015007,2025-07-18 10:00:00,Female,35,Silver,TV,Chonburi,809,Web,Credit_Card,10,7,4,0,30-40,26.966666666666665,1.0,0.0,0.0,-1,22,2477.85,0.1,0.0,0.0,0.0,0.0,0,0,0.0,2477.85,1,0,0.0,2477.85,1,0,0.0,2477.85,1,0,0.0,0
LGS2ORD0025055,C014787,2025-07-18 10:00:00,Male,26,Bronze,Shopee,Bangkok,358,Shopee,Bank_Transfer,10,7,4,0,20-30,11.933333333333334,5.0,0.0,0.0,-1,9,8870.4,0.23,0.6,0.4,0.0,0.0,0,0,0.0,1469.92,1,0,0.0,1469.92,1,0,0.0,44352.0,5,0,0.0,0
LGS2ORD0025056,C011428,2025-07-18 10:00:00,Female,29,Silver,Shopee,Nakhon Ratchasima,354,Lazada,COD,10,7,4,0,20-30,11.8,3.0,1.0,0.3333333333333333,22,14,5820.016666666666,0.2,0.3333333333333333,0.0,0.0,0.0,0,0,0.0,7077.89,1,0,0.0,8658.17,2,1,0.5,17460.05,3,1,0.3333333333333333,0
LGS2ORD0025057,C013298,2025-07-18 10:00:00,Male,59,Bronze,CallCenter,Phuket,1340,CallCenter,COD,10,7,4,0,>50,44.666666666666664,4.0,2.0,0.5,32,17,3664.8174999999997,0.18,0.75,0.0,0.0,0.0,0,0,0.0,3597.4,1,0,0.0,9181.86,2,1,0.5,14659.269999999999,4,2,0.5,1
LGS2ORD0025058,C011484,2025-07-18 10:00:00,Male,36,Silver,Web,Chiang Mai,1172,Shopee,PromptPay,10,7,4,0,30-40,39.06666666666667,3.0,0.0,0.0,-1,13,6729.426666666666,0.2,0.3333333333333333,0.0,0.0,0.0,0,0,0.0,15025.46,1,0,0.0,17963.5,2,0,0.0,20188.28,3,0,0.0,0
LGS2ORD0025059,C013109,2025-07-18 11:00:00,Male,46,Bronze,Shopee,Khon Kaen,1361,Web,COD,11,7,4,0,40-50,45.36666666666667,3.0,0.0,0.0,-1,45,11803.356666666667,0.28,1.0,0.6666666666666666,0.0,0.0,0,0,0.0,0.0,0,0,0.0,26877.07,1,0,0.0,35410.07,3,0,0.0,1
LGS2ORD0025060,C011466,2025-07-18 11:00:00,Male,27,Gold,CallCenter,Bangkok,1217,CallCenter,PromptPay,11,7,4,0,20-30,40.56666666666667,6.0,2.0,0.3333333333333333,60,27,3553.543333333333,0.28,0.3333333333333333,0.3333333333333333,0.0,0.0,0,0,0.0,4620.56,1,0,0.0,18167.05,4,2,0.5,21321.26,6,2,0.3333333333333333,0
LGS2ORD0025061,C013193,2025-07-18 11:00:00,Male,58,Bronze,Shopee,Phuket,497,Web,COD,11,7,4,0,>50,16.566666666666666,4.0,2.0,0.5,74,36,3279.6475,0.18,0.25,0.0,0.0,0.0,0,0,0.0,0.0,0,0,0.0,8261.81,2,1,0.5,13118.59,4,2,0.5,1
LGS2ORD0025062,C013709,2025-07-18 11:00:00,Male,27,Bronze,TV,Phuket,1223,Lazada,COD,11,7,4,0,20-30,40.766666666666666,3.0,0.0,0.0,-1,97,6157.6466666666665,0.18,0.3333333333333333,0.0,0.0,0.0,0,0,0.0,0.0,0,0,0.0,0.0,0,0,0.0,18472.94,3,0,0.0,0
LGS2ORD0025063,C016173,2025-07-18 11:00:00,Female,45,Gold,TV,Remote_Area,1208,Lazada,PromptPay,11,7,4,0,40-50,40.266666666666666,7.0,1.0,0.14285714285714285,91,5,4577.765714285714,0.28,0.5714285714285714,0.42857142857142855,0.0,2244.59,1,0,0.0,4913.1,2,0,0.0,9244.79,4,0,0.0,32044.359999999997,7,1,0.14285714285714285,0
LGS2ORD0025064,C016208,2025-07-18 12:00:00,Female,53,Silver,Shopee,Bangkok,1617,TV_Show,COD,12,7,4,0,>50,53.9,1.0,0.0,0.0,-1,0,1109.96,0.05,0.0,0.0,0.0,1109.96,1,0,0.0,1109.96,1,0,0.0,1109.96,1,0,0.0,1109.96,1,0,0.0,0
LGS2ORD0025065,C013833,2025-07-18 12:00:00,Female,55,Bronze,Web,Nakhon Ratchasima,1222,Web,PromptPay,12,7,4,0,>50,40.733333333333334,3.0,1.0,0.3333333333333333,186,82,2652.46,0.18,0.6666666666666666,0.0,0.0,0.0,0,0,0.0,0.0,0,0,0.0,1100.59,1,0,0.0,7957.38,3,1,0.3333333333333333,1
LGS2ORD0025066,C014179,2025-07-18 12:00:00,Male,18,Silver,Lazada,Songkhla,509,CallCenter,COD,12,7,4,0,<20,16.966666666666665,8.0,1.0,0.125,94,18,9060.635,0.25,0.375,0.125,0.0,0.0,0,0,0.0,4621.63,1,0,0.0,9284.25,3,0,0.0,72485.08,8,1,0.125,0
LGS2ORD0025067,C013087,2025-07-18 12:00:00,Female,60,Bronze,Lazada,Bangkok,491,Lazada,COD,12,7,4,0,>50,16.366666666666667,3.0,0.0,0.0,-1,78,7379.486666666667,0.23,0.3333333333333333,0.3333333333333333,0.0,0.0,0,0,0.0,0.0,0,0,0.0,7700.13,1,0,0.0,22138.46,3,0,0.0,0
LGS2ORD0025068,C012556,2025-07-18 12:00:00,Female,38,Silver,CallCenter,Remote_Area,1454,TV_Show,Credit_Card,12,7,4,0,30-40,48.46666666666667,4.0,0.0,0.0,-1,20,2949.33,0.25,0.5,0.25,0.0,0.0,0,0,0.0,3731.74,1,0,0.0,8456.029999999999,3,0,0.0,11797.32,4,0,0.0,0
LGS2ORD0025069,C017182,2025-07-18 13:00:00,Female,36,Gold,Shopee,Khon Kaen,1261,CallCenter,PromptPay,13,7,4,0,30-40,42.03333333333333,3.0,2.0,0.6666666666666666,-17,0,7739.733333333334,0.28,0.3333333333333333,1.0,0.0,2537.18,1,1,1.0,2537.18,1,1,1.0,9947.91,2,2,1.0,23219.2,3,2,0.6666666666666666,0
LGS2ORD0025070,C016071,2025-07-18 13:00:00,Female,65,Silver,TV,Chiang Mai,389,TV_Show,Credit_Card,13,7,4,0,>50,12.966666666666667,3.0,2.0,0.6666666666666666,0,9,3400.8566666666666,0.3,0.6666666666666666,0.3333333333333333,0.0,0.0,0,0,0.0,5256.28,1,1,1.0,5256.28,1,1,1.0,10202.57,3,2,0.6666666666666666,0
LGS2ORD0025071,C010594,2025-07-18 13:00:00,Male,24,Silver,Lazada,Chonburi,1441,Shopee,COD,13,7,4,0,20-30,48.03333333333333,4.0,1.0,0.25,92,41,3776.2850000000003,0.3,0.5,0.25,0.0,0.0,0,0,0.0,0.0,0,0,0.0,484.1,1,0,0.0,15105.140000000001,4,1,0.25,1
LGS2ORD0025072,C014561,2025-07-18 13:00:00,Female,26,Platinum,Web,Chonburi,1569,Shopee,COD,13,7,4,0,20-30,52.3,2.0,1.0,0.5,38,0,2539.6,0.25,1.0,1.0,0.0,1218.79,1,0,0.0,1218.79,1,0,0.0,5079.2,2,1,0.5,5079.2,2,1,0.5,0
LGS2ORD0025073,C013681,2025-07-18 13:00:00,Female,49,Bronze,Web,Chiang Mai,1403,CallCenter,Credit_Card,13,7,4,0,40-50,46.766666666666666,3.0,0.0,0.0,-1,28,1448.2,0.08,0.3333333333333333,0.0,0.0,0.0,0,0,0.0,840.77,1,0,0.0,2503.04,2,0,0.0,4344.6,3,0,0.0,0
LGS2ORD0025074,C017134,2025-07-18 13:00:00,Female,51,Silver,TV,Khon Kaen,1634,TV_Show,Bank_Transfer,13,7,4,0,>50,54.46666666666667,5.0,0.0,0.0,-1,61,4097.902,0.25,0.8,0.2,0.0,0.0,0,0,0.0,0.0,0,0,0.0,7722.72,3,0,0.0,20489.510000000002,5,0,0.0,0
LGS2ORD0025075,C015858,2025-07-18 14:00:00,Female,41,Gold,Web,Bangkok,1310,Web,Credit_Card,14,7,4,0,40-50,43.666666666666664,5.0,1.0,0.2,159,13,4146.8279999999995,0.2299999999999999,0.2,0.2,0.0,0.0,0,0,0.0,3926.29,1,0,0.0,11891.0,3,0,0.0,20734.14,5,1,0.2,0
LGS2ORD0025076,C012030,2025-07-18 14:00:00,Male,52,Bronze,TV,Bangkok,280,Lazada,COD,14,7,4,0,>50,9.333333333333334,2.0,0.0,0.0,-1,108,5948.48,0.18,0.0,0.0,0.0,0.0,0,0,0.0,0.0,0,0,0.0,0.0,0,0,0.0,11896.96,2,0,0.0,0
LGS2ORD0025077,C014256,2025-07-18 14:00:00,Male,51,Silver,TV,Bangkok,388,Shopee,COD,14,7,4,0,>50,12.933333333333334,1.0,0.0,0.0,-1,7,6469.65,0.25,0.0,1.0,0.0,0.0,0,0,0.0,6469.65,1,0,0.0,6469.65,1,0,0.0,6469.65,1,0,0.0,0
LGS2ORD0025078,C011283,2025-07-18 14:00:00,Male,48,Silver,Web,Remote_Area,489,Web,Bank_Transfer,14,7,4,0,40-50,16.3,2.0,0.0,0.0,-1,102,2728.385,0.3,0.5,1.0,0.0,0.0,0,0,0.0,0.0,0,0,0.0,0.0,0,0,0.0,5456.77,2,0,0.0,0
LGS2ORD0025079,C011713,2025-07-18 14:00:00,Male,57,Platinum,Shopee,Khon Kaen,761,TV_Show,COD,14,7,4,0,>50,25.366666666666667,9.0,4.0,0.4444444444444444,40,34,5134.281111111111,0.25,0.4444444444444444,0.4444444444444444,0.0,0.0,0,0,0.0,0.0,0,0,0.0,6323.13,4,1,0.25,46208.53,9,4,0.4444444444444444,0
LGS2ORD0025080,C011692,2025-07-18 15:00:00,Male,40,Bronze,Shopee,Remote_Area,1000,Shopee,COD,15,7,4,0,30-40,33.333333333333336,2.0,2.0,1.0,57,69,9254.145,0.28,1.0,1.0,0.0,0.0,0,0,0.0,0.0,0,0,0.0,8379.14,1,1,1.0,18508.29,2,2,1.0,1
LGS2ORD0025081,C016283,2025-07-18 15:00:00,Male,42,Gold,CallCenter,Phuket,1543,Shopee,COD,15,7,4,0,40-50,51.43333333333333,1.0,0.0,0.0,-1,115,396.92,0.08,1.0,0.0,0.0,0.0,0,0,0.0,0.0,0,0,0.0,0.0,0,0,0.0,396.92,1,0,0.0,0
LGS2ORD0025082,C013935,2025-07-18 15:00:00,Female,69,Bronze,Shopee,Chonburi,1328,Web,PromptPay,15,7,4,0,>50,44.266666666666666,2.0,0.0,0.0,-1,60,6772.085,0.23,0.5,0.5,0.0,0.0,0,0,0.0,0.0,0,0,0.0,6408.8,1,0,0.0,13544.17,2,0,0.0,0
LGS2ORD0025083,C016163,2025-07-18 15:00:00,Male,32,Bronze,Shopee,Phuket,345,Web,COD,15,7,4,0,30-40,11.5,4.0,2.0,0.5,17,31,7002.635,0.18,0.0,0.0,0.0,0.0,0,0,0.0,0.0,0,0,0.0,11241.03,2,1,0.5,28010.54,4,2,0.5,1
LGS2ORD0025084,C017089,2025-07-18 15:00:00,Male,53,Bronze,Shopee,Songkhla,1549,Shopee,Credit_Card,15,7,4,0,>50,51.63333333333333,3.0,0.0,0.0,-1,25,4838.28,0.28,1.0,0.3333333333333333,0.0,0.0,0,0,0.0,2608.46,1,0,0.0,6436.59,2,0,0.0,14514.84,3,0,0.0,0
LGS2ORD0025085,C016268,2025-07-18 16:00:00,Male,46,Silver,Shopee,Songkhla,797,Shopee,COD,16,7,4,0,40-50,26.566666666666666,2.0,0.0,0.0,-1,17,2401.0299999999997,0.1,0.5,0.0,0.0,0.0,0,0,0.0,4802.0599999999995,2,0,0.0,4802.0599999999995,2,0,0.0,4802.0599999999995,2,0,0.0,1
LGS2ORD0025086,C017285,2025-07-18 16:00:00,Male,33,Gold,TV,Chiang Mai,604,CallCenter,COD,16,7,4,0,30-40,20.133333333333333,3.0,0.0,0.0,-1,63,9186.43,0.13,0.6666666666666666,0.0,0.0,0.0,0,0,0.0,0.0,0,0,0.0,12283.53,1,0,0.0,27559.29,3,0,0.0,0
LGS2ORD0025087,C015198,2025-07-18 16:00:00,Female,33,Bronze,Web,Chiang Mai,1097,Shopee,COD,16,7,4,0,30-40,36.56666666666667,2.0,1.0,0.5,138,143,3028.29,0.23,1.0,0.5,0.0,0.0,0,0,0.0,0.0,0,0,0.0,0.0,0,0,0.0,6056.58,2,1,0.5,0
LGS2ORD0025088,C010406,2025-07-18 16:00:00,Male,49,Platinum,CallCenter,Phuket,241,Lazada,COD,16,7,4,0,40-50,8.033333333333333,3.0,2.0,0.6666666666666666,110,66,8516.06,0.25,1.0,0.3333333333333333,0.0,0.0,0,0,0.0,0.0,0,0,0.0,8541.85,1,0,0.0,25548.18,3,2,0.6666666666666666,0
LGS2ORD0025089,C016087,2025-07-18 16:00:00,Female,44,Bronze,Lazada,Songkhla,798,Web,COD,16,7,4,0,40-50,26.6,5.0,0.0,0.0,-1,60,3014.464,0.28,0.2,0.4,0.0,0.0,0,0,0.0,0.0,0,0,0.0,5011.87,2,0,0.0,15072.32,5,0,0.0,0
LGS2ORD0025090,C011139,2025-07-18 17:00:00,Male,47,Bronze,TV,Songkhla,1335,Lazada,COD,17,7,4,0,40-50,44.5,4.0,2.0,0.5,5,17,4161.085,0.18,0.25,0.0,0.0,0.0,0,0,0.0,1298.5,1,1,1.0,1298.5,1,1,1.0,16644.34,4,2,0.5,0
LGS2ORD0025091,C011239,2025-07-18 17:00:00,Male,64,Bronze,TV,Phuket,772,Shopee,PromptPay,17,7,4,0,>50,25.733333333333334,3.0,1.0,0.3333333333333333,94,107,3904.5033333333336,0.18,0.6666666666666666,0.0,0.0,0.0,0,0,0.0,0.0,0,0,0.0,0.0,0,0,0.0,11713.51,3,1,0.3333333333333333,0
LGS2ORD0025092,C015036,2025-07-18 17:00:00,Female,45,Bronze,Web,Chonburi,1503,Web,COD,17,7,4,0,40-50,50.1,4.0,2.0,0.5,41,27,3925.45,0.18,0.5,0.0,0.0,0.0,0,0,0.0,4177.53,1,0,0.0,15005.32,3,2,0.6666666666666666,15701.8,4,2,0.5,0
LGS2ORD0025093,C013348,2025-07-18 17:00:00,Female,52,Silver,Lazada,Bangkok,325,CallCenter,PromptPay,17,7,4,0,>50,10.833333333333334,5.0,2.0,0.4,120,43,4670.9580000000005,0.25,0.6,0.2,0.0,0.0,0,0,0.0,0.0,0,0,0.0,1011.7,1,0,0.0,23354.79,5,2,0.4,0
LGS2ORD0025094,C012170,2025-07-18 17:00:00,Male,38,Bronze,Web,Remote_Area,854,Lazada,PromptPay,17,7,4,0,30-40,28.466666666666665,0.0,0.0,0.0,-1,-1,0.0,0.0,0.0,0.0,0.0,0.0,0,0,0.0,0.0,0,0,0.0,0.0,0,0,0.0,0.0,0,0,0.0,0
LGS2ORD0025095,C010171,2025-07-18 17:00:00,Male,25,Platinum,Web,Khon Kaen,938,Web,Credit_Card,17,7,4,0,20-30,31.266666666666666,4.0,1.0,0.25,87,58,1458.41,0.25,0.75,0.25,0.0,0.0,0,0,0.0,0.0,0,0,0.0,2020.18,2,0,0.0,5833.64,4,1,0.25,0
LGS2ORD0025096,C015085,2025-07-18 18:00:00,Female,39,Bronze,Shopee,Remote_Area,1280,Web,Credit_Card,18,7,4,0,30-40,42.666666666666664,5.0,2.0,0.4,10,24,6796.2880000000005,0.28,0.4,0.2,0.0,0.0,0,0,0.0,1612.8,1,1,1.0,28958.62,4,2,0.5,33981.44,5,2,0.4,0
LGS2ORD0025097,C012919,2025-07-18 18:00:00,Female,43,Bronze,Lazada,Chiang Mai,763,Shopee,COD,18,7,4,0,40-50,25.433333333333334,0.0,0.0,0.0,-1,-1,0.0,0.0,0.0,0.0,0.0,0.0,0,0,0.0,0.0,0,0,0.0,0.0,0,0,0.0,0.0,0,0,0.0,0
LGS2ORD0025098,C014252,2025-07-18 18:00:00,Male,30,Silver,Lazada,Chonburi,963,TV_Show,PromptPay,18,7,4,0,20-30,32.1,3.0,0.0,0.0,-1,12,6061.326666666668,0.3,0.6666666666666666,0.3333333333333333,0.0,0.0,0,0,0.0,8202.08,1,0,0.0,8202.08,1,0,0.0,18183.980000000003,3,0,0.0,0
LGS2ORD0025099,C015646,2025-07-18 18:00:00,Male,54,Bronze,Web,Bangkok,1624,TV_Show,PromptPay,18,7,4,0,>50,54.13333333333333,2.0,0.0,0.0,-1,15,4954.18,0.28,1.0,0.5,0.0,0.0,0,0,0.0,3927.02,1,0,0.0,9908.36,2,0,0.0,9908.36,2,0,0.0,0
LGS2ORD0025100,C014169,2025-07-18 18:00:00,Male,39,Bronze,Web,Bangkok,1487,Lazada,COD,18,7,4,0,30-40,49.56666666666667,7.0,0.0,0.0,-1,27,5258.139999999999,0.18,0.8571428571428571,0.0,0.14285714285714285,0.0,0,0,0.0,4419.97,1,0,0.0,11902.29,4,0,0.0,36806.979999999996,7,0,0.0,1
LGS2ORD0025101,C011685,2025-07-18 19:00:00,Female,53,Gold,TV,Bangkok,1384,Lazada,COD,19,7,4,0,>50,46.13333333333333,5.0,2.0,0.4,47,44,8611.714,0.33,0.6,0.6,0.0,0.0,0,0,0.0,0.0,0,0,0.0,26558.309999999998,4,2,0.5,43058.57,5,2,0.4,1
LGS2ORD0025102,C014639,2025-07-18 19:00:00,Male,64,Bronze,TV,Remote_Area,1070,TV_Show,COD,19,7,4,0,>50,35.666666666666664,7.0,3.0,0.42857142857142855,35,52,3741.4371428571426,0.23,0.5714285714285714,0.2857142857142857,0.0,0.0,0,0,0.0,0.0,0,0,0.0,9967.9,3,1,0.3333333333333333,26190.059999999998,7,3,0.42857142857142855,1
LGS2ORD0025103,C013063,2025-07-18 19:00:00,Female,37,Gold,Lazada,Nakhon Ratchasima,938,Web,COD,19,7,4,0,30-40,31.266666666666666,4.0,0.0,0.0,-1,16,4845.34,0.33,0.5,0.5,0.0,0.0,0,0,0.0,6654.01,1,0,0.0,15538.16,2,0,0.0,19381.36,4,0,0.0,0
LGS2ORD0025104,C015901,2025-07-18 19:00:00,Female,54,Gold,Shopee,Khon Kaen,265,TV_Show,COD,19,7,4,0,>50,8.833333333333334,5.0,0.0,0.0,-1,6,1704.42,0.33,0.6,0.4,0.0,914.35,1,0,0.0,1301.78,2,0,0.0,5721.050000000001,3,0,0.0,8522.1,5,0,0.0,0
LGS2ORD0025105,C013053,2025-07-18 19:00:00,Female,50,Platinum,TV,Chonburi,1209,TV_Show,Bank_Transfer,19,7,4,0,40-50,40.3,4.0,1.0,0.25,39,49,1860.1625,0.3,0.75,0.5,0.0,0.0,0,0,0.0,0.0,0,0,0.0,5592.85,2,1,0.5,7440.65,4,1,0.25,0
LGS2ORD0025106,C014817,2025-07-18 20:00:00,Female,47,Gold,Shopee,Nakhon Ratchasima,1473,Shopee,PromptPay,20,7,4,0,40-50,49.1,1.0,0.0,0.0,-1,181,9473.05,0.33,0.0,1.0,0.0,0.0,0,0,0.0,0.0,0,0,0.0,0.0,0,0,0.0,9473.05,1,0,0.0,1
LGS2ORD0025107,C012955,2025-07-18 20:00:00,Male,35,Silver,TV,Nakhon Ratchasima,1224,Web,COD,20,7,4,0,30-40,40.8,4.0,1.0,0.25,106,80,2901.5924999999997,0.25,0.5,0.25,0.0,0.0,0,0,0.0,0.0,0,0,0.0,3043.29,1,0,0.0,11606.369999999999,4,1,0.25,1
LGS2ORD0025108,C015261,2025-07-18 20:00:00,Male,54,Silver,CallCenter,Chiang Mai,1545,Web,COD,20,7,4,0,>50,51.5,2.0,0.0,0.0,-1,28,10231.08,0.15,0.0,0.0,0.0,0.0,0,0,0.0,10625.03,1,0,0.0,10625.03,1,0,0.0,20462.16,2,0,0.0,0
LGS2ORD0025109,C016166,2025-07-18 20:00:00,Male,32,Bronze,Lazada,Chiang Mai,1085,TV_Show,COD,20,7,4,0,30-40,36.166666666666664,6.0,0.0,0.0,-1,13,3864.538333333334,0.23,0.3333333333333333,0.16666666666666666,0.0,0.0,0,0,0.0,12716.42,1,0,0.0,12716.42,1,0,0.0,23187.230000000003,6,0,0.0,0
LGS2ORD0025110,C011611,2025-07-18 20:00:00,Other,33,Bronze,TV,Bangkok,604,Web,COD,20,7,4,0,30-40,20.133333333333333,2.0,1.0,0.5,-2,3,4243.915,0.23,1.0,1.0,0.0,1122.46,1,1,1.0,1122.46,1,1,1.0,8487.83,2,1,0.5,8487.83,2,1,0.5,0
LGS2ORD0025111,C012785,2025-07-18 21:00:00,Male,46,Bronze,Lazada,Bangkok,502,TV_Show,PromptPay,21,7,4,0,40-50,16.733333333333334,1.0,1.0,1.0,112,118,4770.96,0.13,1.0,0.0,0.0,0.0,0,0,0.0,0.0,0,0,0.0,0.0,0,0,0.0,4770.96,1,1,1.0,0
LGS2ORD0025112,C012137,2025-07-18 21:00:00,Female,39,Silver,Lazada,Chiang Mai,958,Shopee,Bank_Transfer,21,7,4,0,30-40,31.933333333333334,1.0,0.0,0.0,-1,150,2331.24,0.05,1.0,0.0,0.0,0.0,0,0,0.0,0.0,0,0,0.0,0.0,0,0,0.0,2331.24,1,0,0.0,0
LGS2ORD0025113,C017857,2025-07-18 21:00:00,Male,51,Silver,TV,Chiang Mai,930,Web,Bank_Transfer,21,7,4,0,>50,31.0,2.0,0.0,0.0,-1,48,3037.81,0.2,0.5,0.0,0.0,0.0,0,0,0.0,0.0,0,0,0.0,5457.94,1,0,0.0,6075.62,2,0,0.0,1
LGS2ORD0025114,C015165,2025-07-18 21:00:00,Female,45,Bronze,TV,Bangkok,1596,Shopee,COD,21,7,4,0,40-50,53.2,10.0,1.0,0.1,11,2,4111.696,0.28,0.3,0.5,0.0,4444.68,1,0,0.0,15542.92,3,1,0.3333333333333333,16432.54,4,1,0.25,41116.96,10,1,0.1,1
LGS2ORD0025115,C010383,2025-07-18 21:00:00,Female,48,Silver,TV,Nakhon Ratchasima,1033,Shopee,COD,21,7,4,0,40-50,34.43333333333333,5.0,1.0,0.2,16,24,3325.142,0.2,0.4,0.0,0.0,0.0,0,0,0.0,4154.92,1,1,1.0,13735.36,3,1,0.3333333333333333,16625.71,5,1,0.2,0
LGS2ORD0025116,C011998,2025-07-18 21:00:00,Female,53,Silver,TV,Bangkok,1163,Lazada,COD,21,7,4,0,>50,38.766666666666666,5.0,1.0,0.2,84,36,2355.2120000000004,0.25,0.6,0.6,0.0,0.0,0,0,0.0,0.0,0,0,0.0,4973.65,3,0,0.0,11776.060000000001,5,1,0.2,0
LGS2ORD0025117,C013404,2025-07-18 22:00:00,Female,42,Bronze,Web,Chonburi,1030,TV_Show,COD,22,7,4,0,40-50,34.333333333333336,3.0,0.0,0.0,-1,49,13462.703333333333,0.18,0.3333333333333333,0.0,0.0,0.0,0,0,0.0,0.0,0,0,0.0,21806.87,1,0,0.0,40388.11,3,0,0.0,0
LGS2ORD0025118,C010744,2025-07-18 22:00:00,Female,56,Silver,Web,Khon Kaen,412,CallCenter,Credit_Card,22,7,4,0,>50,13.733333333333333,4.0,0.0,0.0,-1,23,3730.1125,0.15,0.5,0.0,0.0,0.0,0,0,0.0,2575.35,1,0,0.0,4409.85,3,0,0.0,14920.45,4,0,0.0,0
LGS2ORD0025119,C016337,2025-07-18 22:00:00,Male,37,Bronze,TV,Remote_Area,367,Web,COD,22,7,4,0,30-40,12.233333333333333,2.0,1.0,0.5,76,93,1139.73,0.28,0.0,0.5,0.0,0.0,0,0,0.0,0.0,0,0,0.0,0.0,0,0,0.0,2279.46,2,1,0.5,0
LGS2ORD0025120,C011395,2025-07-18 22:00:00,Female,56,Silver,Lazada,Bangkok,486,Shopee,COD,22,7,4,0,>50,16.2,3.0,0.0,0.0,-1,7,4768.433333333333,0.3,0.6666666666666666,0.3333333333333333,0.0,0.0,0,0,0.0,3539.9,1,0,0.0,7922.639999999999,2,0,0.0,14305.3,3,0,0.0,0
LGS2ORD0025121,C017499,2025-07-18 22:00:00,Female,41,Bronze,Shopee,Chonburi,1231,Shopee,COD,22,7,4,0,40-50,41.03333333333333,6.0,3.0,0.5,137,31,5470.136666666666,0.23,0.8333333333333334,0.16666666666666666,0.0,0.0,0,0,0.0,0.0,0,0,0.0,7835.86,1,0,0.0,32820.82,6,3,0.5,0
LGS2ORD0025122,C014562,2025-07-18 23:00:00,Female,67,Silver,TV,Nakhon Ratchasima,1286,CallCenter,COD,23,7,4,0,>50,42.86666666666667,4.0,0.0,0.0,-1,42,3370.205,0.2,0.5,0.0,0.0,0.0,0,0,0.0,0.0,0,0,0.0,12377.470000000001,3,0,0.0,13480.82,4,0,0.0,0
LGS2ORD0025123,C011791,2025-07-18 23:00:00,Male,55,Bronze,Lazada,Chiang Mai,492,TV_Show,COD,23,7,4,0,>50,16.4,3.0,0.0,0.0,-1,6,8163.733333333333,0.18,0.6666666666666666,0.0,0.0,4485.25,1,0,0.0,4485.25,1,0,0.0,4485.25,1,0,0.0,24491.199999999997,3,0,0.0,0
LGS2ORD0025124,C016528,2025-07-18 23:00:00,Male,47,Bronze,TV,Remote_Area,1163,Web,Bank_Transfer,23,7,4,0,40-50,38.766666666666666,4.0,3.0,0.75,36,46,1594.1049999999998,0.28,0.75,0.75,0.0,0.0,0,0,0.0,0.0,0,0,0.0,2532.41,2,2,1.0,6376.419999999999,4,3,0.75,0
LGS2ORD0025125,C016308,2025-07-18 23:00:00,Female,25,Bronze,TV,Chonburi,1257,Lazada,COD,23,7,4,0,20-30,41.9,7.0,1.0,0.14285714285714285,53,32,3079.837142857142,0.23,0.8571428571428571,0.14285714285714285,0.0,0.0,0,0,0.0,0.0,0,0,0.0,20990.629999999997,6,1,0.16666666666666666,21558.859999999997,7,1,0.14285714285714285,0
LGS2ORD0025126,C010377,2025-07-18 23:00:00,Female,43,Bronze,Lazada,Songkhla,404,Web,PromptPay,23,7,4,0,40-50,13.466666666666667,6.0,2.0,0.3333333333333333,133,59,4297.1900000000005,0.18,0.8333333333333334,0.0,0.0,0.0,0,0,0.0,0.0,0,0,0.0,3465.56,1,0,0.0,25783.140000000003,6,2,0.3333333333333333,0
LGS2ORD0025127,C016073,2025-07-19 00:00:00,Female,32,Bronze,Shopee,Bangkok,707,Lazada,Bank_Transfer,0,7,5,1,30-40,23.566666666666666,11.0,1.0,0.09090909090909091,51,4,7596.4054545454555,0.23,0.6363636363636364,0.18181818181818182,0.0,5224.37,1,0,0.0,5224.37,1,0,0.0,11504.73,4,1,0.25,83560.46,11,1,0.09090909090909091,0
LGS2ORD0025128,C014840,2025-07-19 00:00:00,Female,47,Bronze,CallCenter,Chonburi,998,Shopee,COD,0,7,5,1,40-50,33.266666666666666,2.0,2.0,1.0,42,56,13833.23,0.13,0.5,0.0,0.0,0.0,0,0,0.0,0.0,0,0,0.0,18787.73,1,1,1.0,27666.46,2,2,1.0,0
LGS2ORD0025129,C012426,2025-07-19 00:00:00,Female,53,Bronze,TV,Chonburi,344,CallCenter,COD,0,7,5,1,>50,11.466666666666667,6.0,2.0,0.3333333333333333,109,21,3553.808333333333,0.28,0.6666666666666666,0.16666666666666666,0.0,0.0,0,0,0.0,976.48,1,0,0.0,12783.989999999998,4,0,0.0,21322.85,6,2,0.3333333333333333,0
LGS2ORD0025130,C010381,2025-07-19 00:00:00,Female,28,Silver,CallCenter,Chonburi,866,CallCenter,PromptPay,0,7,5,1,20-30,28.866666666666667,5.0,1.0,0.2,76,84,5269.138,0.3,0.6,0.6,0.0,0.0,0,0,0.0,0.0,0,0,0.0,7940.42,2,1,0.5,26345.69,5,1,0.2,0
LGS2ORD0025131,C015362,2025-07-19 00:00:00,Female,44,Bronze,Lazada,Bangkok,659,Shopee,COD,0,7,5,1,40-50,21.966666666666665,7.0,2.0,0.2857142857142857,65,6,2090.0085714285715,0.28,0.5714285714285714,0.42857142857142855,0.0,2123.88,1,0,0.0,2123.88,1,0,0.0,12238.52,5,2,0.4,14630.060000000001,7,2,0.2857142857142857,0
LGS2ORD0025132,C016585,2025-07-19 00:00:00,Male,49,Bronze,Lazada,Songkhla,1117,Web,PromptPay,0,7,5,1,40-50,37.233333333333334,1.0,1.0,1.0,118,126,16025.35,0.23,0.0,1.0,0.0,0.0,0,0,0.0,0.0,0,0,0.0,0.0,0,0,0.0,16025.35,1,1,1.0,0
LGS2ORD0025133,C015624,2025-07-19 01:00:00,Male,39,Gold,Lazada,Chonburi,667,Web,Bank_Transfer,1,7,5,1,30-40,22.233333333333334,4.0,1.0,0.25,80,81,3087.92,0.28,0.5,0.5,0.0,0.0,0,0,0.0,0.0,0,0,0.0,4034.88,2,1,0.5,12351.68,4,1,0.25,0
LGS2ORD0025134,C017525,2025-07-19 01:00:00,Male,41,Silver,CallCenter,Nakhon Ratchasima,1160,Web,COD,1,7,5,1,40-50,38.666666666666664,2.0,0.0,0.0,-1,29,10415.0,0.05,0.5,0.0,0.0,0.0,0,0,0.0,10270.0,1,0,0.0,20830.0,2,0,0.0,20830.0,2,0,0.0,0
LGS2ORD0025135,C013420,2025-07-19 01:00:00,Male,46,Gold,Shopee,Bangkok,733,Lazada,COD,1,7,5,1,40-50,24.433333333333334,3.0,0.0,0.0,-1,87,1933.9533333333336,0.28,0.3333333333333333,0.6666666666666666,0.0,0.0,0,0,0.0,0.0,0,0,0.0,3624.09,1,0,0.0,5801.860000000001,3,0,0.0,0
LGS2ORD0025136,C011728,2025-07-19 01:00:00,Male,65,Bronze,Shopee,Bangkok,658,TV_Show,COD,1,7,5,1,>50,21.933333333333334,6.0,1.0,0.16666666666666666,97,44,3573.813333333333,0.28,0.3333333333333333,0.16666666666666666,0.0,0.0,0,0,0.0,0.0,0,0,0.0,14722.150000000001,4,0,0.0,21442.879999999997,6,1,0.16666666666666666,0
LGS2ORD0025137,C013932,2025-07-19 01:00:00,Female,46,Bronze,Web,Chiang Mai,954,CallCenter,Credit_Card,1,7,5,1,40-50,31.8,3.0,0.0,0.0,-1,48,2939.813333333333,0.23,0.6666666666666666,0.3333333333333333,0.0,0.0,0,0,0.0,0.0,0,0,0.0,512.39,1,0,0.0,8819.439999999999,3,0,0.0,0
LGS2ORD0025138,C013069,2025-07-19 02:00:00,Female,59,Silver,Lazada,Phuket,1190,TV_Show,COD,2,7,5,1,>50,39.666666666666664,4.0,1.0,0.25,30,20,6749.2575,0.25,0.75,0.25,0.0,0.0,0,0,0.0,19082.86,2,0,0.0,23077.9,3,1,0.3333333333333333,26997.03,4,1,0.25,1
LGS2ORD0025139,C014291,2025-07-19 02:00:00,Male,18,Silver,TV,Bangkok,269,Lazada,COD,2,7,5,1,<20,8.966666666666667,0.0,0.0,0.0,-1,-1,0.0,0.0,0.0,0.0,0.0,0.0,0,0,0.0,0.0,0,0,0.0,0.0,0,0,0.0,0.0,0,0,0.0,0
LGS2ORD0025140,C011579,2025-07-19 02:00:00,Female,50,Silver,Lazada,Khon Kaen,1181,CallCenter,PromptPay,2,7,5,1,40-50,39.36666666666667,2.0,0.0,0.0,-1,39,1755.5700000000002,0.2,0.5,0.0,0.0,0.0,0,0,0.0,0.0,0,0,0.0,1904.43,1,0,0.0,3511.1400000000003,2,0,0.0,0
LGS2ORD0025141,C010026,2025-07-19 02:00:00,Female,51,Bronze,Web,Bangkok,726,Shopee,Credit_Card,2,7,5,1,>50,24.2,7.0,2.0,0.2857142857142857,112,7,5549.872857142857,0.28,0.5714285714285714,0.14285714285714285,0.0,0.0,0,0,0.0,30319.04,3,0,0.0,35180.76,5,0,0.0,38849.11,7,2,0.2857142857142857,0
LGS2ORD0025142,C016806,2025-07-19 02:00:00,Female,21,Gold,Web,Khon Kaen,1560,Shopee,COD,2,7,5,1,20-30,52.0,1.0,0.0,0.0,-1,108,3792.75,0.18,0.0,0.0,0.0,0.0,0,0,0.0,0.0,0,0,0.0,0.0,0,0,0.0,3792.75,1,0,0.0,0
LGS2ORD0025143,C011601,2025-07-19 03:00:00,Male,41,Gold,TV,Nakhon Ratchasima,1055,CallCenter,Bank_Transfer,3,7,5,1,40-50,35.166666666666664,4.0,0.0,0.0,-1,10,2146.075,0.33,0.5,0.75,0.0,0.0,0,0,0.0,1404.26,1,0,0.0,5804.43,3,0,0.0,8584.3,4,0,0.0,0
LGS2ORD0025144,C011095,2025-07-19 03:00:00,Male,54,Gold,Shopee,Bangkok,1408,CallCenter,Credit_Card,3,7,5,1,>50,46.93333333333333,3.0,0.0,0.0,-1,10,3664.6166666666663,0.2299999999999999,0.3333333333333333,0.6666666666666666,0.0,0.0,0,0,0.0,5724.49,1,0,0.0,6759.94,2,0,0.0,10993.849999999999,3,0,0.0,0
LGS2ORD0025145,C012852,2025-07-19 03:00:00,Female,70,Bronze,CallCenter,Bangkok,1267,TV_Show,PromptPay,3,7,5,1,>50,42.233333333333334,7.0,1.0,0.14285714285714285,164,2,3420.1599999999994,0.23,0.42857142857142855,0.14285714285714285,0.0,1009.6,1,0,0.0,11707.52,2,0,0.0,11707.52,2,0,0.0,23941.119999999995,7,1,0.14285714285714285,0
LGS2ORD0025146,C016324,2025-07-19 03:00:00,Female,48,Bronze,TV,Remote_Area,215,Lazada,COD,3,7,5,1,40-50,7.166666666666667,4.0,3.0,0.75,-8,1,2479.2974999999997,0.28,0.5,0.5,0.0,5799.07,1,1,1.0,5799.07,1,1,1.0,6826.5599999999995,2,1,0.5,9917.189999999999,4,3,0.75,0
LGS2ORD0025147,C014003,2025-07-19 03:00:00,Female,46,Bronze,Shopee,Chiang Mai,232,CallCenter,COD,3,7,5,1,40-50,7.733333333333333,2.0,0.0,0.0,-1,141,7525.04,0.08,1.0,0.0,0.0,0.0,0,0,0.0,0.0,0,0,0.0,0.0,0,0,0.0,15050.08,2,0,0.0,0
LGS2ORD0025148,C016329,2025-07-19 04:00:00,Female,41,Bronze,Shopee,Khon Kaen,639,TV_Show,COD,4,7,5,1,40-50,21.3,6.0,1.0,0.16666666666666666,-7,5,4301.224999999999,0.23,0.8333333333333334,0.16666666666666666,0.0,4526.8,1,1,1.0,6073.96,2,1,0.5,6549.120000000001,3,1,0.3333333333333333,25807.35,6,1,0.16666666666666666,1
LGS2ORD0025149,C014415,2025-07-19 04:00:00,Female,56,Gold,Web,Nakhon Ratchasima,1082,Web,Bank_Transfer,4,7,5,1,>50,36.06666666666667,2.0,1.0,0.5,19,24,1792.05,0.2299999999999999,0.5,0.5,0.0,0.0,0,0,0.0,1705.23,1,1,1.0,1705.23,1,1,1.0,3584.1,2,1,0.5,1
LGS2ORD0025150,C015757,2025-07-19 04:00:00,Female,68,Silver,Web,Bangkok,777,TV_Show,PromptPay,4,7,5,1,>50,25.9,5.0,1.0,0.2,36,22,2187.71,0.15,0.2,0.0,0.0,0.0,0,0,0.0,3864.3900000000003,2,0,0.0,8711.06,4,1,0.25,10938.55,5,1,0.2,0
LGS2ORD0025151,C011768,2025-07-19 04:00:00,Male,31,Bronze,Lazada,Songkhla,1258,Web,PromptPay,4,7,5,1,30-40,41.93333333333333,6.0,2.0,0.3333333333333333,2,17,4937.871666666667,0.23,0.8333333333333334,0.16666666666666666,0.0,0.0,0,0,0.0,13280.88,3,2,0.6666666666666666,27616.29,5,2,0.4,29627.230000000003,6,2,0.3333333333333333,0
LGS2ORD0025152,C017246,2025-07-19 04:00:00,Female,29,Bronze,TV,Bangkok,577,Shopee,COD,4,7,5,1,20-30,19.233333333333334,3.0,1.0,0.3333333333333333,63,68,1916.05,0.23,1.0,0.6666666666666666,0.0,0.0,0,0,0.0,0.0,0,0,0.0,3509.34,2,1,0.5,5748.15,3,1,0.3333333333333333,1
LGS2ORD0025153,C011001,2025-07-19 04:00:00,Male,57,Silver,TV,Nakhon Ratchasima,1337,Web,COD,4,7,5,1,>50,44.56666666666667,3.0,1.0,0.3333333333333333,26,7,4471.803333333333,0.25,0.3333333333333333,0.3333333333333333,0.0,0.0,0,0,0.0,923.33,1,0,0.0,8126.2,2,1,0.5,13415.41,3,1,0.3333333333333333,0
LGS2ORD0025154,C016818,2025-07-19 05:00:00,Female,38,Bronze,Web,Bangkok,1007,Shopee,COD,5,7,5,1,30-40,33.56666666666667,2.0,0.0,0.0,-1,3,2516.4449999999997,0.18,0.5,0.0,0.0,2016.17,1,0,0.0,2016.17,1,0,0.0,2016.17,1,0,0.0,5032.889999999999,2,0,0.0,0
LGS2ORD0025155,C013087,2025-07-19 05:00:00,Female,60,Bronze,Lazada,Bangkok,492,TV_Show,COD,5,7,5,1,>50,16.4,4.0,0.0,0.0,-1,0,6077.035,0.23,0.5,0.5,0.0,2169.68,1,0,0.0,2169.68,1,0,0.0,9869.81,2,0,0.0,24308.14,4,0,0.0,1
LGS2ORD0025156,C011077,2025-07-19 05:00:00,Female,71,Bronze,Shopee,Chonburi,1145,Shopee,COD,5,7,5,1,>50,38.166666666666664,7.0,0.0,0.0,-1,21,2417.3142857142857,0.28,0.8571428571428571,0.14285714285714285,0.0,0.0,0,0,0.0,2726.98,1,0,0.0,11541.34,4,0,0.0,16921.2,7,0,0.0,0
LGS2ORD0025157,C014372,2025-07-19 05:00:00,Female,40,Silver,Web,Songkhla,471,CallCenter,COD,5,7,5,1,30-40,15.7,6.0,0.0,0.0,-1,79,5760.386666666666,0.3,0.6666666666666666,0.16666666666666666,0.0,0.0,0,0,0.0,0.0,0,0,0.0,1674.01,1,0,0.0,34562.32,6,0,0.0,0
LGS2ORD0025158,C015577,2025-07-19 05:00:00,Male,29,Silver,CallCenter,Nakhon Ratchasima,1336,CallCenter,Credit_Card,5,7,5,1,20-30,44.53333333333333,3.0,1.0,0.3333333333333333,122,5,3595.6766666666663,0.2,1.0,0.0,0.0,6886.82,1,0,0.0,6886.82,1,0,0.0,6886.82,1,0,0.0,10787.029999999999,3,1,0.3333333333333333,0
LGS2ORD0025159,C012441,2025-07-19 06:00:00,Female,56,Bronze,Web,Songkhla,312,Lazada,Credit_Card,6,7,5,1,>50,10.4,3.0,1.0,0.3333333333333333,57,70,2011.8533333333332,0.18,0.6666666666666666,0.0,0.0,0.0,0,0,0.0,0.0,0,0,0.0,3790.63,1,1,1.0,6035.5599999999995,3,1,0.3333333333333333,0
LGS2ORD0025160,C012069,2025-07-19 06:00:00,Female,30,Silver,TV,Bangkok,979,Web,Credit_Card,6,7,5,1,20-30,32.63333333333333,1.0,0.0,0.0,-1,95,793.98,0.2,1.0,0.0,0.0,0.0,0,0,0.0,0.0,0,0,0.0,0.0,0,0,0.0,793.98,1,0,0.0,0
LGS2ORD0025161,C013704,2025-07-19 06:00:00,Male,42,Bronze,TV,Khon Kaen,1403,TV_Show,COD,6,7,5,1,40-50,46.766666666666666,2.0,0.0,0.0,-1,139,9392.83,0.08,0.5,0.0,0.0,0.0,0,0,0.0,0.0,0,0,0.0,0.0,0,0,0.0,18785.66,2,0,0.0,0
LGS2ORD0025162,C017667,2025-07-19 06:00:00,Female,41,Bronze,Shopee,Chiang Mai,485,CallCenter,Credit_Card,6,7,5,1,40-50,16.166666666666668,6.0,3.0,0.5,27,30,4404.041666666667,0.28,0.6666666666666666,0.16666666666666666,0.0,0.0,0,0,0.0,0.0,0,0,0.0,1970.83,2,1,0.5,26424.25,6,3,0.5,0
LGS2ORD0025163,C010938,2025-07-19 06:00:00,Female,54,Silver,TV,Bangkok,1632,Shopee,PromptPay,6,7,5,1,>50,54.4,2.0,0.0,0.0,-1,76,3561.1600000000003,0.25,0.0,0.5,0.0,0.0,0,0,0.0,0.0,0,0,0.0,6214.22,1,0,0.0,7122.320000000001,2,0,0.0,0
LGS2ORD0025164,C011363,2025-07-19 07:00:00,Female,43,Silver,Web,Phuket,1199,TV_Show,Credit_Card,7,7,5,1,40-50,39.96666666666667,3.0,0.0,0.0,-1,17,4634.703333333334,0.2,0.3333333333333333,0.0,0.0,0.0,0,0,0.0,5351.27,2,0,0.0,5351.27,2,0,0.0,13904.11,3,0,0.0,0
LGS2ORD0025165,C015892,2025-07-19 07:00:00,Female,45,Silver,Web,Chiang Mai,404,Lazada,Bank_Transfer,7,7,5,1,40-50,13.466666666666667,3.0,2.0,0.6666666666666666,39,15,5590.603333333333,0.15,0.6666666666666666,0.0,0.0,0.0,0,0,0.0,7683.67,1,0,0.0,16771.809999999998,3,2,0.6666666666666666,16771.809999999998,3,2,0.6666666666666666,0
LGS2ORD0025166,C013464,2025-07-19 07:00:00,Female,36,Bronze,Shopee,Chonburi,723,Web,PromptPay,7,7,5,1,30-40,24.1,6.0,1.0,0.16666666666666666,94,15,3690.1299999999997,0.18,0.0,0.0,0.0,0.0,0,0,0.0,4808.69,1,0,0.0,11003.55,3,0,0.0,22140.78,6,1,0.16666666666666666,0
LGS2ORD0025167,C015874,2025-07-19 07:00:00,Other,47,Silver,Web,Nakhon Ratchasima,264,CallCenter,COD,7,7,5,1,40-50,8.8,2.0,0.0,0.0,-1,5,10036.07,0.3,1.0,0.5,0.0,1484.73,1,0,0.0,1484.73,1,0,0.0,20072.14,2,0,0.0,20072.14,2,0,0.0,1
LGS2ORD0025168,C012037,2025-07-19 07:00:00,Female,38,Bronze,CallCenter,Nakhon Ratchasima,330,TV_Show,COD,7,7,5,1,30-40,11.0,2.0,2.0,1.0,50,61,6858.595,0.18,1.0,0.0,0.0,0.0,0,0,0.0,0.0,0,0,0.0,13717.19,2,2,1.0,13717.19,2,2,1.0,0
LGS2ORD0025169,C012209,2025-07-19 08:00:00,Male,59,Silver,Web,Songkhla,821,Lazada,Credit_Card,8,7,5,1,>50,27.366666666666667,1.0,1.0,1.0,83,97,12001.47,0.25,0.0,1.0,0.0,0.0,0,0,0.0,0.0,0,0,0.0,0.0,0,0,0.0,12001.47,1,1,1.0,0
LGS2ORD0025170,C013523,2025-07-19 08:00:00,Female,45,Gold,TV,Phuket,892,TV_Show,COD,8,7,5,1,40-50,29.733333333333334,5.0,0.0,0.0,-1,6,5876.103999999999,0.13,0.0,0.0,0.0,8272.81,1,0,0.0,8272.81,1,0,0.0,10299.22,3,0,0.0,29380.519999999997,5,0,0.0,1
LGS2ORD0025171,C016328,2025-07-19 08:00:00,Female,72,Silver,CallCenter,Remote_Area,449,TV_Show,COD,8,7,5,1,>50,14.966666666666667,7.0,2.0,0.2857142857142857,23,21,6472.467142857143,0.25,0.14285714285714285,0.14285714285714285,0.0,0.0,0,0,0.0,13788.25,3,1,0.3333333333333333,13788.25,3,1,0.3333333333333333,45307.27,7,2,0.2857142857142857,1
LGS2ORD0025172,C011852,2025-07-19 08:00:00,Male,55,Bronze,Shopee,Bangkok,1199,Shopee,COD,8,7,5,1,>50,39.96666666666667,3.0,2.0,0.6666666666666666,151,36,2427.263333333334,0.28,0.6666666666666666,0.3333333333333333,0.0,0.0,0,0,0.0,0.0,0,0,0.0,1569.19,1,0,0.0,7281.790000000001,3,2,0.6666666666666666,1
LGS2ORD0025173,C016239,2025-07-19 08:00:00,Female,25,Bronze,Lazada,Bangkok,1560,TV_Show,Credit_Card,8,7,5,1,20-30,52.0,1.0,1.0,1.0,29,33,1232.23,0.18,1.0,0.0,0.0,0.0,0,0,0.0,0.0,0,0,0.0,1232.23,1,1,1.0,1232.23,1,1,1.0,0
LGS2ORD0025174,C017082,2025-07-19 08:00:00,Female,34,Bronze,TV,Chiang Mai,893,Lazada,COD,8,7,5,1,30-40,29.766666666666666,4.0,2.0,0.5,37,44,2831.145,0.28,0.5,0.25,0.0,0.0,0,0,0.0,0.0,0,0,0.0,1279.08,1,1,1.0,11324.58,4,2,0.5,1
LGS2ORD0025175,C016511,2025-07-19 09:00:00,Female,56,Bronze,CallCenter,Chiang Mai,349,CallCenter,COD,9,7,5,1,>50,11.633333333333333,4.0,1.0,0.25,65,25,5934.075,0.28,0.75,0.25,0.0,0.0,0,0,0.0,11131.39,1,0,0.0,13866.13,2,1,0.5,23736.3,4,1,0.25,0
LGS2ORD0025176,C011891,2025-07-19 09:00:00,Female,21,Bronze,Web,Bangkok,1242,Shopee,COD,9,7,5,1,20-30,41.4,4.0,1.0,0.25,79,91,5636.639999999999,0.28,0.25,0.5,0.0,0.0,0,0,0.0,0.0,0,0,0.0,0.0,0,0,0.0,22546.559999999998,4,1,0.25,0
LGS2ORD0025177,C013824,2025-07-19 09:00:00,Female,24,Silver,Lazada,Chiang Mai,1311,TV_Show,Bank_Transfer,9,7,5,1,20-30,43.7,3.0,1.0,0.3333333333333333,163,84,2525.4166666666665,0.25,0.0,0.6666666666666666,0.0,0.0,0,0,0.0,0.0,0,0,0.0,954.78,1,0,0.0,7576.249999999999,3,1,0.3333333333333333,1
LGS2ORD0025178,C012146,2025-07-19 09:00:00,Female,37,Bronze,Lazada,Bangkok,519,Lazada,COD,9,7,5,1,30-40,17.3,3.0,0.0,0.0,-1,26,2799.8700000000003,0.28,0.6666666666666666,0.3333333333333333,0.0,0.0,0,0,0.0,2175.83,1,0,0.0,8399.61,3,0,0.0,8399.61,3,0,0.0,0
LGS2ORD0025179,C010156,2025-07-19 09:00:00,Female,28,Gold,Lazada,Khon Kaen,807,TV_Show,Bank_Transfer,9,7,5,1,20-30,26.9,0.0,0.0,0.0,-1,-1,0.0,0.0,0.0,0.0,0.0,0.0,0,0,0.0,0.0,0,0,0.0,0.0,0,0,0.0,0.0,0,0,0.0,1
LGS2ORD0025180,C014657,2025-07-19 10:00:00,Male,18,Platinum,Lazada,Bangkok,516,TV_Show,Credit_Card,10,7,5,1,<20,17.2,3.0,0.0,0.0,-1,36,4260.866666666666,0.3,0.3333333333333333,0.6666666666666666,0.0,0.0,0,0,0.0,0.0,0,0,0.0,12782.599999999999,3,0,0.0,12782.599999999999,3,0,0.0,0
LGS2ORD0025181,C015837,2025-07-19 10:00:00,Other,62,Silver,TV,Songkhla,341,TV_Show,COD,10,7,5,1,>50,11.366666666666667,4.0,2.0,0.5,51,63,5555.2825,0.25,0.75,0.25,0.0,0.0,0,0,0.0,0.0,0,0,0.0,5821.77,1,1,1.0,22221.13,4,2,0.5,0
LGS2ORD0025182,C013436,2025-07-19 10:00:00,Male,53,Bronze,TV,Chiang Mai,581,CallCenter,COD,10,7,5,1,>50,19.366666666666667,8.0,3.0,0.375,46,35,12070.73125,0.23,0.5,0.25,0.0,0.0,0,0,0.0,0.0,0,0,0.0,23342.46,2,1,0.5,96565.85,8,3,0.375,1
LGS2ORD0025183,C015973,2025-07-19 10:00:00,Male,46,Bronze,TV,Remote_Area,1160,TV_Show,COD,10,7,5,1,40-50,38.666666666666664,3.0,3.0,1.0,72,83,2389.076666666667,0.28,0.6666666666666666,0.3333333333333333,0.0,0.0,0,0,0.0,0.0,0,0,0.0,3654.19,2,2,1.0,7167.2300000000005,3,3,1.0,0
LGS2ORD0025184,C017975,2025-07-19 10:00:00,Male,18,Gold,Shopee,Bangkok,1480,Lazada,COD,10,7,5,1,<20,49.333333333333336,3.0,2.0,0.6666666666666666,68,83,10249.72,0.2299999999999999,0.3333333333333333,0.3333333333333333,0.0,0.0,0,0,0.0,0.0,0,0,0.0,833.31,1,1,1.0,30749.16,3,2,0.6666666666666666,0
LGS2ORD0025185,C015965,2025-07-19 11:00:00,Female,29,Bronze,Shopee,Chonburi,1432,Web,COD,11,7,5,1,20-30,47.733333333333334,1.0,0.0,0.0,-1,85,27467.52,0.18,0.0,0.0,0.0,0.0,0,0,0.0,0.0,0,0,0.0,27467.52,1,0,0.0,27467.52,1,0,0.0,1
LGS2ORD0025186,C011486,2025-07-19 11:00:00,Male,42,Gold,Web,Songkhla,334,CallCenter,COD,11,7,5,1,40-50,11.133333333333333,2.0,0.0,0.0,-1,138,1627.99,0.28,0.5,0.5,0.0,0.0,0,0,0.0,0.0,0,0,0.0,0.0,0,0,0.0,3255.98,2,0,0.0,1
LGS2ORD0025187,C014308,2025-07-19 11:00:00,Male,48,Bronze,TV,Remote_Area,1224,TV_Show,Credit_Card,11,7,5,1,40-50,40.8,3.0,0.0,0.0,-1,9,13464.553333333331,0.23,0.6666666666666666,0.3333333333333333,0.0,0.0,0,0,0.0,5633.14,1,0,0.0,12857.45,2,0,0.0,40393.659999999996,3,0,0.0,0
LGS2ORD0025188,C014983,2025-07-19 11:00:00,Female,58,Bronze,Lazada,Remote_Area,942,Web,COD,11,7,5,1,>50,31.4,2.0,0.0,0.0,-1,16,4893.955,0.18,0.5,0.0,0.0,0.0,0,0,0.0,4568.11,1,0,0.0,9787.91,2,0,0.0,9787.91,2,0,0.0,0
LGS2ORD0025189,C011211,2025-07-19 11:00:00,Female,26,Bronze,TV,Bangkok,1479,Lazada,COD,11,7,5,1,20-30,49.3,1.0,1.0,1.0,103,114,1372.85,0.18,1.0,0.0,0.0,0.0,0,0,0.0,0.0,0,0,0.0,0.0,0,0,0.0,1372.85,1,1,1.0,0
LGS2ORD0025190,C015530,2025-07-19 12:00:00,Male,28,Platinum,Web,Songkhla,1069,Shopee,COD,12,7,5,1,20-30,35.63333333333333,0.0,0.0,0.0,-1,-1,0.0,0.0,0.0,0.0,0.0,0.0,0,0,0.0,0.0,0,0,0.0,0.0,0,0,0.0,0.0,0,0,0.0,1
LGS2ORD0025191,C014726,2025-07-19 12:00:00,Female,38,Gold,TV,Chiang Mai,267,Shopee,COD,12,7,5,1,30-40,8.9,8.0,1.0,0.125,177,29,9074.138750000002,0.33,0.375,0.375,0.0,0.0,0,0,0.0,474.24,1,0,0.0,16408.86,2,0,0.0,72593.11000000002,8,1,0.125,1
LGS2ORD0025192,C014753,2025-07-19 12:00:00,Female,48,Gold,Shopee,Bangkok,1265,Web,Bank_Transfer,12,7,5,1,40-50,42.166666666666664,5.0,1.0,0.2,97,79,5125.798000000001,0.33,0.4,0.6,0.0,0.0,0,0,0.0,0.0,0,0,0.0,1831.63,1,0,0.0,25628.99,5,1,0.2,0
LGS2ORD0025193,C012701,2025-07-19 12:00:00,Female,33,Bronze,Web,Bangkok,1125,Web,COD,12,7,5,1,30-40,37.5,1.0,1.0,1.0,53,63,7319.55,0.03,0.0,0.0,0.0,0.0,0,0,0.0,0.0,0,0,0.0,7319.55,1,1,1.0,7319.55,1,1,1.0,0
LGS2ORD0025194,C014423,2025-07-19 12:00:00,Female,50,Gold,Lazada,Bangkok,1465,TV_Show,Bank_Transfer,12,7,5,1,40-50,48.833333333333336,2.0,1.0,0.5,121,132,15859.645,0.18,0.5,0.0,0.0,0.0,0,0,0.0,0.0,0,0,0.0,0.0,0,0,0.0,31719.29,2,1,0.5,0
LGS2ORD0025195,C011029,2025-07-19 12:00:00,Male,54,Platinum,Lazada,Bangkok,973,Shopee,COD,12,7,5,1,>50,32.43333333333333,1.0,1.0,1.0,94,98,1102.35,0.25,1.0,1.0,0.0,0.0,0,0,0.0,0.0,0,0,0.0,0.0,0,0,0.0,1102.35,1,1,1.0,0
LGS2ORD0025196,C013896,2025-07-19 13:00:00,Female,65,Bronze,TV,Phuket,570,Lazada,COD,13,7,5,1,>50,19.0,6.0,6.0,1.0,15,27,3734.225,0.23,0.8333333333333334,0.6666666666666666,0.0,0.0,0,0,0.0,768.75,1,1,1.0,13172.779999999999,3,3,1.0,22405.35,6,6,1.0,1
LGS2ORD0025197,C015986,2025-07-19 13:00:00,Male,32,Gold,TV,Bangkok,253,Web,COD,13,7,5,1,30-40,8.433333333333334,1.0,1.0,1.0,31,45,7583.44,0.33,1.0,1.0,0.0,0.0,0,0,0.0,0.0,0,0,0.0,7583.44,1,1,1.0,7583.44,1,1,1.0,0
LGS2ORD0025198,C013449,2025-07-19 13:00:00,Female,52,Bronze,Web,Chonburi,1099,Lazada,COD,13,7,5,1,>50,36.63333333333333,7.0,3.0,0.42857142857142855,101,39,7006.610000000001,0.18,0.42857142857142855,0.0,0.0,0.0,0,0,0.0,0.0,0,0,0.0,1605.51,1,0,0.0,49046.270000000004,7,3,0.42857142857142855,0
LGS2ORD0025199,C015284,2025-07-19 13:00:00,Male,59,Silver,TV,Bangkok,816,Lazada,Credit_Card,13,7,5,1,>50,27.2,1.0,1.0,1.0,62,69,1950.18,0.2,0.0,0.0,0.0,0.0,0,0,0.0,0.0,0,0,0.0,1950.18,1,1,1.0,1950.18,1,1,1.0,0
LGS2ORD0025200,C017645,2025-07-19 13:00:00,Female,59,Gold,CallCenter,Bangkok,1091,CallCenter,COD,13,7,5,1,>50,36.36666666666667,2.0,0.0,0.0,-1,96,5718.695,0.13,0.5,0.0,0.0,0.0,0,0,0.0,0.0,0,0,0.0,0.0,0,0,0.0,11437.39,2,0,0.0,1
LGS2ORD0025201,C014080,2025-07-19 14:00:00,Male,29,Bronze,Shopee,Songkhla,1548,TV_Show,COD,14,7,5,1,20-30,51.6,6.0,1.0,0.16666666666666666,89,5,8729.113333333333,0.23,0.5,0.16666666666666666,0.0,2825.53,1,0,0.0,25683.41,2,0,0.0,49298.67,4,0,0.0,52374.68,6,1,0.16666666666666666,0
LGS2ORD0025202,C017378,2025-07-19 14:00:00,Male,36,Bronze,CallCenter,Chonburi,862,Lazada,Credit_Card,14,7,5,1,30-40,28.733333333333334,7.0,0.0,0.0,-1,5,6509.442857142858,0.23,0.7142857142857143,0.14285714285714285,0.0,3921.65,1,0,0.0,3921.65,1,0,0.0,3921.65,1,0,0.0,45566.100000000006,7,0,0.0,0
LGS2ORD0025203,C010055,2025-07-19 14:00:00,Female,55,Bronze,Lazada,Remote_Area,620,TV_Show,COD,14,7,5,1,>50,20.666666666666668,4.0,0.0,0.0,-1,45,2706.395,0.18,0.0,0.0,0.0,0.0,0,0,0.0,0.0,0,0,0.0,3968.84,1,0,0.0,10825.58,4,0,0.0,1
LGS2ORD0025204,C011868,2025-07-19 14:00:00,Female,25,Gold,Shopee,Chonburi,1040,TV_Show,PromptPay,14,7,5,1,20-30,34.666666666666664,1.0,0.0,0.0,-1,21,6667.49,0.28,1.0,1.0,0.0,0.0,0,0,0.0,6667.49,1,0,0.0,6667.49,1,0,0.0,6667.49,1,0,0.0,0
LGS2ORD0025205,C016240,2025-07-19 14:00:00,Female,42,Bronze,TV,Bangkok,901,CallCenter,Credit_Card,14,7,5,1,40-50,30.033333333333335,9.0,1.0,0.1111111111111111,25,1,5322.375555555556,0.28,0.5555555555555556,0.2222222222222222,0.0,3144.79,3,0,0.0,11821.409999999998,5,0,0.0,41526.13,8,1,0.125,47901.380000000005,9,1,0.1111111111111111,0
LGS2ORD0025206,C012692,2025-07-19 15:00:00,Male,38,Bronze,CallCenter,Remote_Area,788,Web,Credit_Card,15,7,5,1,30-40,26.266666666666666,6.0,4.0,0.6666666666666666,21,33,3356.153333333333,0.28,0.6666666666666666,0.3333333333333333,0.0,0.0,0,0,0.0,0.0,0,0,0.0,15038.41,3,2,0.6666666666666666,20136.92,6,4,0.6666666666666666,0
LGS2ORD0025207,C016127,2025-07-19 15:00:00,Male,44,Silver,TV,Bangkok,469,Shopee,COD,15,7,5,1,40-50,15.633333333333333,4.0,0.0,0.0,-1,85,3965.4825,0.3,0.75,0.5,0.0,0.0,0,0,0.0,0.0,0,0,0.0,677.72,1,0,0.0,15861.93,4,0,0.0,0
LGS2ORD0025208,C012316,2025-07-19 15:00:00,Male,49,Bronze,Shopee,Bangkok,314,TV_Show,COD,15,7,5,1,40-50,10.466666666666667,2.0,0.0,0.0,-1,139,3435.1,0.13,0.5,0.0,0.0,0.0,0,0,0.0,0.0,0,0,0.0,0.0,0,0,0.0,6870.2,2,0,0.0,1
LGS2ORD0025209,C014436,2025-07-19 15:00:00,Female,41,Silver,Web,Khon Kaen,1185,Lazada,Bank_Transfer,15,7,5,1,40-50,39.5,4.0,0.0,0.0,-1,4,8641.36,0.2,0.75,0.0,0.0,7970.43,1,0,0.0,7970.43,1,0,0.0,23516.11,3,0,0.0,34565.44,4,0,0.0,0
LGS2ORD0025210,C011396,2025-07-19 15:00:00,Male,31,Bronze,Web,Bangkok,1156,Web,PromptPay,15,7,5,1,30-40,38.53333333333333,0.0,0.0,0.0,-1,-1,0.0,0.0,0.0,0.0,0.0,0.0,0,0,0.0,0.0,0,0,0.0,0.0,0,0,0.0,0.0,0,0,0.0,0
LGS2ORD0025211,C017665,2025-07-19 16:00:00,Male,57,Gold,TV,Remote_Area,1442,TV_Show,Credit_Card,16,7,5,1,>50,48.06666666666667,7.0,1.0,0.14285714285714285,104,113,6346.11,0.28,0.5714285714285714,0.42857142857142855,0.0,0.0,0,0,0.0,0.0,0,0,0.0,0.0,0,0,0.0,44422.77,7,1,0.14285714285714285,0
LGS2ORD0025212,C017800,2025-07-19 16:00:00,Female,38,Silver,Lazada,Bangkok,1553,TV_Show,PromptPay,16,7,5,1,30-40,51.766666666666666,5.0,0.0,0.0,-1,6,9748.734,0.2,0.4,0.0,0.0,728.51,1,0,0.0,728.51,1,0,0.0,728.51,1,0,0.0,48743.670000000006,5,0,0.0,0
LGS2ORD0025213,C010709,2025-07-19 16:00:00,Female,41,Bronze,CallCenter,Remote_Area,746,Lazada,Bank_Transfer,16,7,5,1,40-50,24.866666666666667,4.0,2.0,0.5,61,58,10212.779999999999,0.23,0.25,0.5,0.0,0.0,0,0,0.0,0.0,0,0,0.0,20969.25,2,1,0.5,40851.119999999995,4,2,0.5,0
LGS2ORD0025214,C013093,2025-07-19 16:00:00,Male,41,Bronze,Web,Chiang Mai,228,Web,COD,16,7,5,1,40-50,7.6,3.0,0.0,0.0,-1,69,1974.4466666666665,0.28,0.6666666666666666,0.6666666666666666,0.0,0.0,0,0,0.0,0.0,0,0,0.0,402.78,1,0,0.0,5923.339999999999,3,0,0.0,0
LGS2ORD0025215,C014765,2025-07-19 16:00:00,Male,37,Bronze,Lazada,Chonburi,1054,Web,COD,16,7,5,1,30-40,35.13333333333333,2.0,0.0,0.0,-1,112,2746.8100000000004,0.03,0.5,0.0,0.0,0.0,0,0,0.0,0.0,0,0,0.0,0.0,0,0,0.0,5493.620000000001,2,0,0.0,0
LGS2ORD0025216,C013168,2025-07-19 16:00:00,Female,37,Platinum,Lazada,Khon Kaen,764,Web,Credit_Card,16,7,5,1,30-40,25.466666666666665,3.0,0.0,0.0,-1,3,3767.3033333333333,0.25,0.0,0.3333333333333333,0.0,2499.85,1,0,0.0,2499.85,1,0,0.0,2499.85,1,0,0.0,11301.91,3,0,0.0,0
LGS2ORD0025217,C014948,2025-07-19 17:00:00,Male,29,Silver,Web,Bangkok,1076,Lazada,COD,17,7,5,1,20-30,35.86666666666667,1.0,0.0,0.0,-1,32,1520.54,0.25,1.0,1.0,0.0,0.0,0,0,0.0,0.0,0,0,0.0,1520.54,1,0,0.0,1520.54,1,0,0.0,1
LGS2ORD0025218,C011936,2025-07-19 17:00:00,Male,58,Bronze,Web,Chiang Mai,952,Web,COD,17,7,5,1,>50,31.733333333333334,5.0,0.0,0.0,-1,20,6960.6179999999995,0.28,0.2,0.2,0.0,0.0,0,0,0.0,15649.78,1,0,0.0,28808.239999999998,3,0,0.0,34803.09,5,0,0.0,0
LGS2ORD0025219,C015762,2025-07-19 17:00:00,Female,53,Bronze,Shopee,Remote_Area,572,TV_Show,COD,17,7,5,1,>50,19.066666666666666,4.0,2.0,0.5,1,9,6433.0075,0.23,0.75,0.5,0.0,0.0,0,0,0.0,3220.36,1,1,1.0,3220.36,1,1,1.0,25732.03,4,2,0.5,1
LGS2ORD0025220,C013577,2025-07-19 17:00:00,Male,51,Bronze,TV,Chiang Mai,763,TV_Show,Credit_Card,17,7,5,1,>50,25.433333333333334,3.0,2.0,0.6666666666666666,168,29,12369.016666666668,0.13,0.6666666666666666,0.0,0.0,0.0,0,0,0.0,10249.09,1,0,0.0,10249.09,1,0,0.0,37107.05,3,2,0.6666666666666666,1
LGS2ORD0025221,C013386,2025-07-19 17:00:00,Male,49,Gold,TV,Chiang Mai,479,TV_Show,COD,17,7,5,1,40-50,15.966666666666667,4.0,0.0,0.0,-1,43,9376.7,0.33,0.25,0.5,0.0,0.0,0,0,0.0,0.0,0,0,0.0,23920.89,2,0,0.0,37506.8,4,0,0.0,0
LGS2ORD0025222,C010607,2025-07-19 18:00:00,Female,33,Gold,Lazada,Bangkok,1267,Shopee,COD,18,7,5,1,30-40,42.233333333333334,3.0,0.0,0.0,-1,124,4417.52,0.18,0.0,0.0,0.0,0.0,0,0,0.0,0.0,0,0,0.0,0.0,0,0,0.0,13252.560000000001,3,0,0.0,0
LGS2ORD0025223,C011424,2025-07-19 18:00:00,Female,46,Bronze,Lazada,Bangkok,588,CallCenter,COD,18,7,5,1,40-50,19.6,3.0,0.0,0.0,-1,12,7334.996666666666,0.28,0.3333333333333333,0.6666666666666666,0.0,0.0,0,0,0.0,3715.99,1,0,0.0,3715.99,1,0,0.0,22004.989999999998,3,0,0.0,1
LGS2ORD0025224,C017901,2025-07-19 18:00:00,Male,44,Bronze,Shopee,Chiang Mai,1478,Web,Credit_Card,18,7,5,1,40-50,49.266666666666666,4.0,1.0,0.25,126,22,6930.077499999999,0.18,0.25,0.0,0.0,0.0,0,0,0.0,1018.44,1,0,0.0,5133.3099999999995,2,0,0.0,27720.309999999998,4,1,0.25,0
LGS2ORD0025225,C012531,2025-07-19 18:00:00,Female,38,Bronze,Web,Phuket,1234,TV_Show,COD,18,7,5,1,30-40,41.13333333333333,2.0,1.0,0.5,140,47,4363.325,0.18,1.0,0.0,0.0,0.0,0,0,0.0,0.0,0,0,0.0,7165.63,1,0,0.0,8726.65,2,1,0.5,0
LGS2ORD0025226,C013682,2025-07-19 18:00:00,Other,30,Silver,Web,Songkhla,974,TV_Show,COD,18,7,5,1,20-30,32.46666666666667,2.0,1.0,0.5,81,97,7891.215,0.25,0.5,0.5,0.0,0.0,0,0,0.0,0.0,0,0,0.0,0.0,0,0,0.0,15782.43,2,1,0.5,0
LGS2ORD0025227,C015640,2025-07-19 19:00:00,Female,52,Silver,TV,Remote_Area,450,Lazada,COD,19,7,5,1,>50,15.0,3.0,1.0,0.3333333333333333,161,120,12003.44333333333,0.2,0.6666666666666666,0.0,0.0,0.0,0,0,0.0,0.0,0,0,0.0,0.0,0,0,0.0,36010.329999999994,3,1,0.3333333333333333,0
LGS2ORD0025228,C012716,2025-07-19 19:00:00,Male,54,Bronze,Lazada,Songkhla,870,Shopee,COD,19,7,5,1,>50,29.0,6.0,3.0,0.5,1,12,4374.39,0.28,0.6666666666666666,0.3333333333333333,0.0,0.0,0,0,0.0,6470.82,2,2,1.0,6470.82,2,2,1.0,26246.34,6,3,0.5,1
LGS2ORD0025229,C017731,2025-07-19 19:00:00,Male,51,Bronze,Web,Bangkok,1184,Web,PromptPay,19,7,5,1,>50,39.46666666666667,4.0,2.0,0.5,115,9,8877.74,0.28,0.75,0.5,0.0,0.0,0,0,0.0,3001.79,1,0,0.0,17120.25,2,0,0.0,35510.96,4,2,0.5,0
LGS2ORD0025230,C013320,2025-07-19 19:00:00,Male,50,Silver,CallCenter,Remote_Area,1002,Lazada,Credit_Card,19,7,5,1,40-50,33.4,5.0,2.0,0.4,123,22,2361.068,0.3,0.6,0.4,0.0,0.0,0,0,0.0,1353.6,1,0,0.0,3144.16,2,0,0.0,11805.34,5,2,0.4,0
LGS2ORD0025231,C010875,2025-07-19 19:00:00,Male,54,Bronze,CallCenter,Chonburi,889,Shopee,Credit_Card,19,7,5,1,>50,29.633333333333333,9.0,2.0,0.2222222222222222,30,5,6622.95,0.28,0.4444444444444444,0.1111111111111111,0.0,656.1,1,0,0.0,656.1,1,0,0.0,43647.89,5,1,0.2,59606.549999999996,9,2,0.2222222222222222,0
LGS2ORD0025232,C011503,2025-07-19 19:00:00,Female,72,Bronze,Shopee,Khon Kaen,1530,Lazada,Bank_Transfer,19,7,5,1,>50,51.0,4.0,0.0,0.0,-1,13,6801.7025,0.23,0.25,0.25,0.0,0.0,0,0,0.0,2324.43,1,0,0.0,2324.43,1,0,0.0,27206.81,4,0,0.0,0
LGS2ORD0025233,C013507,2025-07-19 20:00:00,Female,71,Bronze,TV,Songkhla,636,Shopee,COD,20,7,5,1,>50,21.2,3.0,0.0,0.0,-1,107,7032.43,0.18,1.0,0.0,0.0,0.0,0,0,0.0,0.0,0,0,0.0,0.0,0,0,0.0,21097.29,3,0,0.0,0
LGS2ORD0025234,C011591,2025-07-19 20:00:00,Male,38,Silver,Lazada,Khon Kaen,874,Shopee,COD,20,7,5,1,30-40,29.133333333333333,1.0,0.0,0.0,-1,111,5482.99,0.1,1.0,0.0,0.0,0.0,0,0,0.0,0.0,0,0,0.0,0.0,0,0,0.0,5482.99,1,0,0.0,0
LGS2ORD0025235,C011876,2025-07-19 20:00:00,Male,72,Bronze,CallCenter,Chonburi,439,Lazada,COD,20,7,5,1,>50,14.633333333333333,7.0,0.0,0.0,-1,57,5460.488571428571,0.28,0.2857142857142857,0.42857142857142855,0.0,0.0,0,0,0.0,0.0,0,0,0.0,13665.97,3,0,0.0,38223.42,7,0,0.0,0
LGS2ORD0025236,C012055,2025-07-19 20:00:00,Female,33,Bronze,TV,Bangkok,273,TV_Show,Credit_Card,20,7,5,1,30-40,9.1,3.0,1.0,0.3333333333333333,28,32,13933.016666666668,0.08,0.3333333333333333,0.0,0.0,0.0,0,0,0.0,0.0,0,0,0.0,27370.72,1,1,1.0,41799.05,3,1,0.3333333333333333,0
LGS2ORD0025237,C013765,2025-07-19 20:00:00,Male,50,Bronze,Shopee,Chonburi,408,Web,Bank_Transfer,20,7,5,1,40-50,13.6,1.0,0.0,0.0,-1,122,3043.12,0.03,0.0,0.0,0.0,0.0,0,0,0.0,0.0,0,0,0.0,0.0,0,0,0.0,3043.12,1,0,0.0,0
LGS2ORD0025238,C012878,2025-07-19 21:00:00,Female,63,Bronze,TV,Chonburi,613,Web,COD,21,7,5,1,>50,20.433333333333334,8.0,2.0,0.25,106,51,4062.42,0.28,0.625,0.375,0.0,0.0,0,0,0.0,0.0,0,0,0.0,13470.060000000001,3,0,0.0,32499.36,8,2,0.25,0
LGS2ORD0025239,C017172,2025-07-19 21:00:00,Male,62,Gold,TV,Bangkok,1245,Web,Bank_Transfer,21,7,5,1,>50,41.5,2.0,1.0,0.5,8,22,2512.26,0.28,0.5,0.5,0.0,0.0,0,0,0.0,2251.39,1,1,1.0,2251.39,1,1,1.0,5024.52,2,1,0.5,0
LGS2ORD0025240,C011338,2025-07-19 21:00:00,Female,39,Bronze,TV,Chonburi,1509,Web,COD,21,7,5,1,30-40,50.3,3.0,1.0,0.3333333333333333,85,52,18215.726666666666,0.18,0.3333333333333333,0.0,0.0,0.0,0,0,0.0,0.0,0,0,0.0,18707.6,1,0,0.0,54647.18,3,1,0.3333333333333333,0
LGS2ORD0025241,C012064,2025-07-19 21:00:00,Female,40,Silver,Web,Khon Kaen,1285,Shopee,COD,21,7,5,1,30-40,42.833333333333336,3.0,0.0,0.0,-1,121,839.7466666666666,0.25,0.6666666666666666,0.3333333333333333,0.0,0.0,0,0,0.0,0.0,0,0,0.0,0.0,0,0,0.0,2519.24,3,0,0.0,0
LGS2ORD0025242,C015555,2025-07-19 21:00:00,Male,40,Bronze,TV,Nakhon Ratchasima,1401,Shopee,Credit_Card,21,7,5,1,30-40,46.7,7.0,0.0,0.0,-1,18,11553.798571428571,0.23,0.7142857142857143,0.14285714285714285,0.0,0.0,0,0,0.0,894.37,1,0,0.0,7222.29,2,0,0.0,80876.59,7,0,0.0,0
LGS2ORD0025243,C011106,2025-07-19 22:00:00,Female,24,Silver,Shopee,Khon Kaen,337,Shopee,Credit_Card,22,7,5,1,20-30,11.233333333333333,1.0,0.0,0.0,-1,163,743.47,0.2,1.0,0.0,0.0,0.0,0,0,0.0,0.0,0,0,0.0,0.0,0,0,0.0,743.47,1,0,0.0,0
LGS2ORD0025244,C015364,2025-07-19 22:00:00,Female,38,Bronze,Web,Bangkok,1162,Shopee,COD,22,7,5,1,30-40,38.733333333333334,1.0,0.0,0.0,-1,48,5208.85,0.08,0.0,0.0,0.0,0.0,0,0,0.0,0.0,0,0,0.0,5208.85,1,0,0.0,5208.85,1,0,0.0,0
LGS2ORD0025245,C011355,2025-07-19 22:00:00,Male,49,Bronze,TV,Bangkok,899,Shopee,Bank_Transfer,22,7,5,1,40-50,29.966666666666665,2.0,0.0,0.0,-1,14,10541.34,0.18,0.5,0.0,0.0,0.0,0,0,0.0,19629.91,1,0,0.0,21082.68,2,0,0.0,21082.68,2,0,0.0,0
LGS2ORD0025246,C011554,2025-07-19 22:00:00,Male,40,Bronze,TV,Remote_Area,840,TV_Show,Bank_Transfer,22,7,5,1,30-40,28.0,8.0,1.0,0.125,93,14,5193.855,0.28,0.875,0.5,0.0,0.0,0,0,0.0,20224.11,1,0,0.0,29946.18,3,0,0.0,41550.84,8,1,0.125,0
LGS2ORD0025247,C017947,2025-07-19 22:00:00,Other,28,Bronze,CallCenter,Phuket,779,CallCenter,PromptPay,22,7,5,1,20-30,25.966666666666665,8.0,4.0,0.5,3,11,7190.67,0.28,0.625,0.375,0.0,0.0,0,0,0.0,22564.83,1,1,1.0,27023.93,3,2,0.6666666666666666,57525.36,8,4,0.5,0
LGS2ORD0025248,C010817,2025-07-19 23:00:00,Female,41,Silver,Web,Remote_Area,274,CallCenter,COD,23,7,5,1,40-50,9.133333333333333,4.0,2.0,0.5,44,21,4585.629999999999,0.25,0.25,0.25,0.0,0.0,0,0,0.0,4653.73,1,0,0.0,16934.449999999997,3,2,0.6666666666666666,18342.519999999997,4,2,0.5,1
LGS2ORD0025249,C013160,2025-07-19 23:00:00,Male,37,Silver,TV,Songkhla,760,TV_Show,PromptPay,23,7,5,1,30-40,25.333333333333332,3.0,0.0,0.0,-1,12,17259.046666666665,0.2,0.3333333333333333,0.0,0.0,0.0,0,0,0.0,39302.3,1,0,0.0,39302.3,1,0,0.0,51777.14,3,0,0.0,0
LGS2ORD0025250,C013830,2025-07-19 23:00:00,Male,61,Gold,Lazada,Bangkok,589,Shopee,Credit_Card,23,7,5,1,>50,19.633333333333333,5.0,1.0,0.2,21,27,6605.036,0.28,0.4,0.6,0.0,0.0,0,0,0.0,1545.81,1,1,1.0,4030.6,2,1,0.5,33025.18,5,1,0.2,0
LGS2ORD0025251,C011216,2025-07-19 23:00:00,Male,62,Silver,Web,Khon Kaen,798,Lazada,COD,23,7,5,1,>50,26.6,0.0,0.0,0.0,-1,-1,0.0,0.0,0.0,0.0,0.0,0.0,0,0,0.0,0.0,0,0,0.0,0.0,0,0,0.0,0.0,0,0,0.0,0
LGS2ORD0025252,C016028,2025-07-19 23:00:00,Female,39,Silver,TV,Nakhon Ratchasima,879,TV_Show,COD,23,7,5,1,30-40,29.3,4.0,1.0,0.25,133,135,4153.0425,0.3,0.5,0.25,0.0,0.0,0,0,0.0,0.0,0,0,0.0,0.0,0,0,0.0,16612.17,4,1,0.25,0
LGS2ORD0025253,C013924,2025-07-19 23:00:00,Male,46,Bronze,CallCenter,Bangkok,1076,Lazada,COD,23,7,5,1,40-50,35.86666666666667,4.0,1.0,0.25,136,12,2274.88,0.23,0.75,0.25,0.0,0.0,0,0,0.0,2857.91,1,0,0.0,3652.6499999999996,2,0,0.0,9099.52,4,1,0.25,1
LGS2ORD0025254,C016539,2025-07-20 00:00:00,Female,42,Bronze,Shopee,Bangkok,401,Lazada,Bank_Transfer,0,7,6,1,40-50,13.366666666666667,0.0,0.0,0.0,-1,-1,0.0,0.0,0.0,0.0,0.0,0.0,0,0,0.0,0.0,0,0,0.0,0.0,0,0,0.0,0.0,0,0,0.0,0
LGS2ORD0025255,C016482,2025-07-20 00:00:00,Female,70,Bronze,CallCenter,Chonburi,1039,TV_Show,COD,0,7,6,1,>50,34.63333333333333,2.0,0.0,0.0,-1,58,4667.53,0.28,0.0,1.0,0.0,0.0,0,0,0.0,0.0,0,0,0.0,7946.71,1,0,0.0,9335.06,2,0,0.0,0
LGS2ORD0025256,C015754,2025-07-20 00:00:00,Female,69,Bronze,CallCenter,Songkhla,1225,TV_Show,COD,0,7,6,1,>50,40.833333333333336,3.0,3.0,1.0,56,65,7413.59,0.23,0.0,0.6666666666666666,0.0,0.0,0,0,0.0,0.0,0,0,0.0,15177.62,1,1,1.0,22240.77,3,3,1.0,0
LGS2ORD0025257,C017488,2025-07-20 00:00:00,Male,18,Gold,TV,Remote_Area,698,Lazada,COD,0,7,6,1,<20,23.266666666666666,0.0,0.0,0.0,-1,-1,0.0,0.0,0.0,0.0,0.0,0.0,0,0,0.0,0.0,0,0,0.0,0.0,0,0,0.0,0.0,0,0,0.0,1
LGS2ORD0025258,C011666,2025-07-20 00:00:00,Male,37,Bronze,Lazada,Phuket,289,Shopee,Bank_Transfer,0,7,6,1,30-40,9.633333333333333,4.0,2.0,0.5,57,69,4989.43,0.23,0.75,0.5,0.0,0.0,0,0,0.0,0.0,0,0,0.0,14262.17,2,2,1.0,19957.72,4,2,0.5,1
LGS2ORD0025259,C014360,2025-07-20 01:00:00,Female,49,Gold,Lazada,Chiang Mai,916,TV_Show,COD,1,7,6,1,40-50,30.533333333333335,5.0,1.0,0.2,132,35,3812.6240000000007,0.28,0.4,0.2,0.0,0.0,0,0,0.0,0.0,0,0,0.0,9398.62,2,0,0.0,19063.120000000003,5,1,0.2,0
LGS2ORD0025260,C014295,2025-07-20 01:00:00,Female,44,Gold,Web,Nakhon Ratchasima,1583,Lazada,PromptPay,1,7,6,1,40-50,52.766666666666666,1.0,0.0,0.0,-1,198,1397.06,0.2299999999999999,0.0,1.0,0.0,0.0,0,0,0.0,0.0,0,0,0.0,0.0,0,0,0.0,1397.06,1,0,0.0,0
LGS2ORD0025261,C010895,2025-07-20 01:00:00,Female,37,Bronze,Lazada,Chonburi,1027,Shopee,COD,1,7,6,1,30-40,34.233333333333334,3.0,0.0,0.0,-1,86,4254.333333333333,0.13,0.6666666666666666,0.0,0.0,0.0,0,0,0.0,0.0,0,0,0.0,4023.31,1,0,0.0,12763.0,3,0,0.0,0
LGS2ORD0025262,C012539,2025-07-20 01:00:00,Male,61,Silver,Lazada,Chiang Mai,1475,TV_Show,PromptPay,1,7,6,1,>50,49.166666666666664,4.0,1.0,0.25,28,34,4027.355,0.3,0.5,0.5,0.0,0.0,0,0,0.0,0.0,0,0,0.0,6520.25,1,1,1.0,16109.42,4,1,0.25,0
LGS2ORD0025263,C012445,2025-07-20 01:00:00,Male,42,Bronze,CallCenter,Chonburi,342,TV_Show,COD,1,7,6,1,40-50,11.4,1.0,1.0,1.0,42,48,872.64,0.03,0.0,0.0,0.0,0.0,0,0,0.0,0.0,0,0,0.0,872.64,1,1,1.0,872.64,1,1,1.0,0
LGS2ORD0025264,C012120,2025-07-20 02:00:00,Female,38,Silver,Shopee,Bangkok,1268,Web,COD,2,7,6,1,30-40,42.266666666666666,6.0,1.0,0.16666666666666666,163,12,8546.876666666667,0.3,0.16666666666666666,0.5,0.0,0.0,0,0,0.0,5092.94,1,0,0.0,5660.679999999999,2,0,0.0,51281.26,6,1,0.16666666666666666,0
LGS2ORD0025265,C017403,2025-07-20 02:00:00,Female,72,Silver,CallCenter,Chiang Mai,1347,CallCenter,PromptPay,2,7,6,1,>50,44.9,2.0,0.0,0.0,-1,25,5023.209999999999,0.25,0.0,0.5,0.0,0.0,0,0,0.0,8276.46,1,0,0.0,10046.419999999998,2,0,0.0,10046.419999999998,2,0,0.0,0
LGS2ORD0025266,C011733,2025-07-20 02:00:00,Female,50,Silver,TV,Nakhon Ratchasima,882,Lazada,PromptPay,2,7,6,1,40-50,29.4,2.0,0.0,0.0,-1,26,8603.57,0.15,0.5,0.0,0.0,0.0,0,0,0.0,1750.99,1,0,0.0,1750.99,1,0,0.0,17207.14,2,0,0.0,0
LGS2ORD0025267,C016488,2025-07-20 02:00:00,Female,54,Bronze,TV,Songkhla,1089,Lazada,COD,2,7,6,1,>50,36.3,2.0,1.0,0.5,84,15,2349.865,0.23,1.0,0.5,0.0,0.0,0,0,0.0,3206.18,1,0,0.0,3206.18,1,0,0.0,4699.73,2,1,0.5,0
LGS2ORD0025268,C013605,2025-07-20 02:00:00,Female,66,Silver,Lazada,Bangkok,323,TV_Show,COD,2,7,6,1,>50,10.766666666666667,2.0,1.0,0.5,161,74,6994.139999999999,0.2,1.0,0.0,0.0,0.0,0,0,0.0,0.0,0,0,0.0,6983.67,1,0,0.0,13988.279999999999,2,1,0.5,0
LGS2ORD0025269,C013140,2025-07-20 03:00:00,Other,56,Bronze,Lazada,Bangkok,1299,CallCenter,Credit_Card,3,7,6,1,>50,43.3,4.0,2.0,0.5,47,33,3784.5575,0.23,0.75,0.5,0.0,0.0,0,0,0.0,0.0,0,0,0.0,7811.119999999999,2,1,0.5,15138.23,4,2,0.5,0
LGS2ORD0025270,C014317,2025-07-20 03:00:00,Female,46,Gold,TV,Chonburi,1053,Shopee,Credit_Card,3,7,6,1,40-50,35.1,2.0,0.0,0.0,-1,3,1789.67,0.28,0.5,0.5,0.0,2635.81,1,0,0.0,2635.81,1,0,0.0,3579.34,2,0,0.0,3579.34,2,0,0.0,0
LGS2ORD0025271,C013014,2025-07-20 03:00:00,Female,54,Bronze,TV,Songkhla,243,Shopee,Credit_Card,3,7,6,1,>50,8.1,3.0,2.0,0.6666666666666666,56,8,4198.97,0.28,0.3333333333333333,0.3333333333333333,0.0,0.0,0,0,0.0,8909.23,1,0,0.0,10734.029999999999,2,1,0.5,12596.91,3,2,0.6666666666666666,0
LGS2ORD0025272,C012828,2025-07-20 03:00:00,Female,66,Gold,Lazada,Chiang Mai,1544,Web,Credit_Card,3,7,6,1,>50,51.46666666666667,1.0,0.0,0.0,-1,156,7736.05,0.08,0.0,0.0,0.0,0.0,0,0,0.0,0.0,0,0,0.0,0.0,0,0,0.0,7736.05,1,0,0.0,0
LGS2ORD0025273,C013387,2025-07-20 03:00:00,Other,49,Gold,TV,Songkhla,533,TV_Show,COD,3,7,6,1,40-50,17.766666666666666,4.0,2.0,0.5,13,22,5591.6525,0.28,0.0,1.0,0.0,0.0,0,0,0.0,4474.18,1,1,1.0,7320.25,2,2,1.0,22366.61,4,2,0.5,0
LGS2ORD0025274,C016201,2025-07-20 03:00:00,Female,53,Silver,TV,Nakhon Ratchasima,556,TV_Show,Bank_Transfer,3,7,6,1,>50,18.533333333333335,1.0,0.0,0.0,-1,26,10174.89,0.15,0.0,0.0,0.0,0.0,0,0,0.0,10174.89,1,0,0.0,10174.89,1,0,0.0,10174.89,1,0,0.0,0
LGS2ORD0025275,C011237,2025-07-20 04:00:00,Male,58,Bronze,TV,Khon Kaen,546,Lazada,COD,4,7,6,1,>50,18.2,4.0,0.0,0.0,-1,35,2487.7,0.28,0.5,0.5,0.0,0.0,0,0,0.0,0.0,0,0,0.0,4332.53,1,0,0.0,9950.8,4,0,0.0,0
LGS2ORD0025276,C010629,2025-07-20 04:00:00,Male,30,Gold,Shopee,Chiang Mai,1458,TV_Show,Credit_Card,4,7,6,1,20-30,48.6,0.0,0.0,0.0,-1,-1,0.0,0.0,0.0,0.0,0.0,0.0,0,0,0.0,0.0,0,0,0.0,0.0,0,0,0.0,0.0,0,0,0.0,0
LGS2ORD0025277,C010092,2025-07-20 04:00:00,Male,54,Gold,Shopee,Bangkok,1618,TV_Show,COD,4,7,6,1,>50,53.93333333333333,2.0,0.0,0.0,-1,68,6409.955,0.18,1.0,0.0,0.0,0.0,0,0,0.0,0.0,0,0,0.0,2193.92,1,0,0.0,12819.91,2,0,0.0,1
LGS2ORD0025278,C010788,2025-07-20 04:00:00,Male,35,Gold,Shopee,Bangkok,1020,CallCenter,PromptPay,4,7,6,1,30-40,34.0,2.0,1.0,0.5,182,126,4277.24,0.18,0.0,0.0,0.0,0.0,0,0,0.0,0.0,0,0,0.0,0.0,0,0,0.0,8554.48,2,1,0.5,0
LGS2ORD0025279,C014411,2025-07-20 04:00:00,Female,44,Silver,Lazada,Chonburi,474,CallCenter,PromptPay,4,7,6,1,40-50,15.8,3.0,2.0,0.6666666666666666,37,45,6677.27,0.25,0.3333333333333333,0.3333333333333333,0.0,0.0,0,0,0.0,0.0,0,0,0.0,1736.63,1,1,1.0,20031.81,3,2,0.6666666666666666,0
LGS2ORD0025280,C013881,2025-07-20 05:00:00,Male,28,Bronze,Web,Bangkok,1202,CallCenter,PromptPay,5,7,6,1,20-30,40.06666666666667,3.0,1.0,0.3333333333333333,94,53,6916.22,0.28,1.0,0.3333333333333333,0.0,0.0,0,0,0.0,0.0,0,0,0.0,8066.92,1,0,0.0,20748.66,3,1,0.3333333333333333,0
LGS2ORD0025281,C014664,2025-07-20 05:00:00,Female,55,Silver,TV,Khon Kaen,755,Web,COD,5,7,6,1,>50,25.166666666666668,5.0,0.0,0.0,-1,15,6359.128,0.2,0.8,0.0,0.0,0.0,0,0,0.0,9806.720000000001,2,0,0.0,9806.720000000001,2,0,0.0,31795.64,5,0,0.0,1
LGS2ORD0025282,C013962,2025-07-20 05:00:00,Male,35,Bronze,Shopee,Chiang Mai,643,Lazada,Bank_Transfer,5,7,6,1,30-40,21.433333333333334,4.0,1.0,0.25,157,118,2703.4225,0.28,0.5,0.25,0.0,0.0,0,0,0.0,0.0,0,0,0.0,0.0,0,0,0.0,10813.69,4,1,0.25,0
LGS2ORD0025283,C015406,2025-07-20 05:00:00,Male,29,Bronze,TV,Bangkok,216,Web,PromptPay,5,7,6,1,20-30,7.2,6.0,0.0,0.0,-1,60,4106.133333333333,0.18,0.5,0.0,0.0,0.0,0,0,0.0,0.0,0,0,0.0,5255.88,1,0,0.0,24636.8,6,0,0.0,0
LGS2ORD0025284,C010532,2025-07-20 05:00:00,Female,56,Bronze,TV,Phuket,224,Shopee,COD,5,7,6,1,>50,7.466666666666667,2.0,1.0,0.5,108,80,14557.97,0.23,0.5,0.5,0.0,0.0,0,0,0.0,0.0,0,0,0.0,17875.48,1,0,0.0,29115.94,2,1,0.5,0
LGS2ORD0025285,C016246,2025-07-20 06:00:00,Female,59,Silver,Shopee,Khon Kaen,982,Shopee,Bank_Transfer,6,7,6,1,>50,32.733333333333334,4.0,1.0,0.25,154,13,5886.1900000000005,0.3,0.5,0.25,0.0,0.0,0,0,0.0,2312.58,1,0,0.0,3550.89,2,0,0.0,23544.760000000002,4,1,0.25,0
LGS2ORD0025286,C017827,2025-07-20 06:00:00,Female,44,Silver,Lazada,Bangkok,300,CallCenter,COD,6,7,6,1,40-50,10.0,0.0,0.0,0.0,-1,-1,0.0,0.0,0.0,0.0,0.0,0.0,0,0,0.0,0.0,0,0,0.0,0.0,0,0,0.0,0.0,0,0,0.0,0
LGS2ORD0025287,C016518,2025-07-20 06:00:00,Female,30,Bronze,TV,Phuket,1171,TV_Show,PromptPay,6,7,6,1,20-30,39.03333333333333,9.0,3.0,0.3333333333333333,3,13,5615.974444444444,0.23,0.3333333333333333,0.1111111111111111,0.0,0.0,0,0,0.0,23509.7,1,1,1.0,33383.75,5,2,0.4,50543.77,9,3,0.3333333333333333,0
LGS2ORD0025288,C016891,2025-07-20 06:00:00,Female,49,Bronze,TV,Khon Kaen,930,Lazada,Credit_Card,6,7,6,1,40-50,31.0,4.0,0.0,0.0,-1,67,4650.32,0.23,0.75,0.5,0.0,0.0,0,0,0.0,0.0,0,0,0.0,730.86,1,0,0.0,18601.28,4,0,0.0,0
LGS2ORD0025289,C017468,2025-07-20 06:00:00,Female,53,Bronze,Web,Remote_Area,516,Lazada,Bank_Transfer,6,7,6,1,>50,17.2,1.0,1.0,1.0,128,141,7456.48,0.18,1.0,0.0,0.0,0.0,0,0,0.0,0.0,0,0,0.0,0.0,0,0,0.0,7456.48,1,1,1.0,0
LGS2ORD0025290,C010533,2025-07-20 07:00:00,Female,41,Gold,TV,Songkhla,1565,TV_Show,Credit_Card,7,7,6,1,40-50,52.166666666666664,0.0,0.0,0.0,-1,-1,0.0,0.0,0.0,0.0,0.0,0.0,0,0,0.0,0.0,0,0,0.0,0.0,0,0,0.0,0.0,0,0,0.0,0
LGS2ORD0025291,C017741,2025-07-20 07:00:00,Male,34,Silver,Lazada,Chiang Mai,1607,Lazada,COD,7,7,6,1,30-40,53.56666666666667,4.0,1.0,0.25,186,84,6432.862500000001,0.1,0.75,0.0,0.0,0.0,0,0,0.0,0.0,0,0,0.0,5983.6,1,0,0.0,25731.450000000004,4,1,0.25,1
LGS2ORD0025292,C013735,2025-07-20 07:00:00,Female,34,Gold,CallCenter,Bangkok,1182,Lazada,COD,7,7,6,1,30-40,39.4,2.0,0.0,0.0,-1,82,3944.68,0.2299999999999999,1.0,0.5,0.0,0.0,0,0,0.0,0.0,0,0,0.0,3624.92,1,0,0.0,7889.36,2,0,0.0,0
LGS2ORD0025293,C016842,2025-07-20 07:00:00,Female,22,Silver,Web,Bangkok,848,Shopee,Credit_Card,7,7,6,1,20-30,28.266666666666666,4.0,0.0,0.0,-1,11,3829.1400000000003,0.05,0.5,0.0,0.0,0.0,0,0,0.0,7176.79,1,0,0.0,11182.44,3,0,0.0,15316.560000000001,4,0,0.0,0
LGS2ORD0025294,C011212,2025-07-20 07:00:00,Female,54,Bronze,Web,Bangkok,1560,Lazada,COD,7,7,6,1,>50,52.0,4.0,1.0,0.25,56,65,1966.1349999999998,0.23,0.75,0.25,0.0,0.0,0,0,0.0,0.0,0,0,0.0,4476.4,1,1,1.0,7864.539999999999,4,1,0.25,0
LGS2ORD0025295,C012393,2025-07-20 07:00:00,Male,56,Bronze,TV,Nakhon Ratchasima,1310,Shopee,Credit_Card,7,7,6,1,>50,43.666666666666664,6.0,3.0,0.5,6,16,5027.625000000001,0.28,0.6666666666666666,0.3333333333333333,0.0,0.0,0,0,0.0,8970.59,2,1,0.5,12120.99,3,2,0.6666666666666666,30165.750000000007,6,3,0.5,1
LGS2ORD0025296,C012590,2025-07-20 08:00:00,Female,59,Platinum,Shopee,Chiang Mai,682,Lazada,COD,8,7,6,1,>50,22.733333333333334,7.0,3.0,0.42857142857142855,68,9,7647.0599999999995,0.3,0.42857142857142855,0.2857142857142857,0.0,0.0,0,0,0.0,23135.77,1,0,0.0,40995.15,4,2,0.5,53529.42,7,3,0.42857142857142855,0
LGS2ORD0025297,C011515,2025-07-20 08:00:00,Male,37,Silver,CallCenter,Nakhon Ratchasima,435,TV_Show,Credit_Card,8,7,6,1,30-40,14.5,2.0,0.0,0.0,-1,2,1114.63,0.3,0.0,0.5,0.0,1343.93,1,0,0.0,1343.93,1,0,0.0,1343.93,1,0,0.0,2229.26,2,0,0.0,0
LGS2ORD0025298,C014396,2025-07-20 08:00:00,Male,37,Bronze,Shopee,Chiang Mai,1573,TV_Show,COD,8,7,6,1,30-40,52.43333333333333,4.0,1.0,0.25,58,58,4650.8725,0.28,0.5,0.25,0.0,0.0,0,0,0.0,0.0,0,0,0.0,4431.7300000000005,2,1,0.5,18603.49,4,1,0.25,0
LGS2ORD0025299,C014730,2025-07-20 08:00:00,Male,53,Gold,Web,Chonburi,587,TV_Show,Credit_Card,8,7,6,1,>50,19.566666666666666,1.0,0.0,0.0,-1,71,18167.52,0.18,0.0,0.0,0.0,0.0,0,0,0.0,0.0,0,0,0.0,18167.52,1,0,0.0,18167.52,1,0,0.0,0
LGS2ORD0025300,C012823,2025-07-20 08:00:00,Female,56,Bronze,Web,Phuket,1417,Web,Credit_Card,8,7,6,1,>50,47.233333333333334,9.0,4.0,0.4444444444444444,15,20,4102.240000000001,0.28,0.7777777777777778,0.1111111111111111,0.0,0.0,0,0,0.0,3648.2799999999997,2,1,0.5,20731.760000000002,6,3,0.5,36920.16,9,4,0.4444444444444444,0
LGS2ORD0025301,C017841,2025-07-20 09:00:00,Female,72,Silver,TV,Phuket,470,CallCenter,COD,9,7,6,1,>50,15.666666666666666,4.0,2.0,0.5,36,41,1659.835,0.3,1.0,0.5,0.0,0.0,0,0,0.0,0.0,0,0,0.0,2361.96,2,2,1.0,6639.34,4,2,0.5,1
LGS2ORD0025302,C014675,2025-07-20 09:00:00,Male,32,Silver,TV,Phuket,1099,TV_Show,Credit_Card,9,7,6,1,30-40,36.63333333333333,3.0,1.0,0.3333333333333333,50,35,3908.4833333333336,0.25,0.6666666666666666,0.3333333333333333,0.0,0.0,0,0,0.0,0.0,0,0,0.0,11725.45,3,1,0.3333333333333333,11725.45,3,1,0.3333333333333333,0
LGS2ORD0025303,C015759,2025-07-20 09:00:00,Female,25,Platinum,Web,Bangkok,1060,Web,COD,9,7,6,1,20-30,35.333333333333336,5.0,0.0,0.0,-1,15,3761.017999999999,0.35,0.4,0.6,0.0,0.0,0,0,0.0,1458.58,1,0,0.0,1458.58,1,0,0.0,18805.089999999997,5,0,0.0,0
LGS2ORD0025304,C010242,2025-07-20 09:00:00,Female,72,Bronze,TV,Chonburi,506,Lazada,PromptPay,9,7,6,1,>50,16.866666666666667,4.0,0.0,0.0,-1,73,3191.6975,0.28,0.5,0.25,0.0,0.0,0,0,0.0,0.0,0,0,0.0,2832.04,1,0,0.0,12766.79,4,0,0.0,0
LGS2ORD0025305,C010844,2025-07-20 09:00:00,Male,44,Silver,TV,Remote_Area,260,TV_Show,COD,9,7,6,1,40-50,8.666666666666666,4.0,2.0,0.5,-9,4,5948.302500000001,0.3,0.75,0.5,0.0,4600.71,1,1,1.0,6553.45,2,1,0.5,6553.45,2,1,0.5,23793.210000000003,4,2,0.5,0
LGS2ORD0025306,C017768,2025-07-20 10:00:00,Female,50,Platinum,Shopee,Bangkok,1457,TV_Show,COD,10,7,6,1,40-50,48.56666666666667,2.0,0.0,0.0,-1,123,19320.875,0.1,0.5,0.0,0.0,0.0,0,0,0.0,0.0,0,0,0.0,0.0,0,0,0.0,38641.75,2,0,0.0,0
LGS2ORD0025307,C016928,2025-07-20 10:00:00,Female,36,Gold,Lazada,Nakhon Ratchasima,628,Web,COD,10,7,6,1,30-40,20.933333333333334,2.0,1.0,0.5,43,54,2400.215,0.33,1.0,1.0,0.0,0.0,0,0,0.0,0.0,0,0,0.0,3937.63,1,1,1.0,4800.43,2,1,0.5,0
LGS2ORD0025308,C010939,2025-07-20 10:00:00,Female,43,Bronze,Shopee,Chiang Mai,1488,Web,COD,10,7,6,1,40-50,49.6,1.0,0.0,0.0,-1,47,5472.19,0.08,0.0,0.0,0.0,0.0,0,0,0.0,0.0,0,0,0.0,5472.19,1,0,0.0,5472.19,1,0,0.0,0
LGS2ORD0025309,C015682,2025-07-20 10:00:00,Male,33,Silver,Shopee,Songkhla,886,Lazada,COD,10,7,6,1,30-40,29.533333333333335,4.0,1.0,0.25,7,17,5585.6525,0.2,0.5,0.0,0.0,0.0,0,0,0.0,1532.75,1,1,1.0,14060.8,2,1,0.5,22342.61,4,1,0.25,0
LGS2ORD0025310,C017298,2025-07-20 10:00:00,Female,36,Silver,Lazada,Nakhon Ratchasima,911,Web,COD,10,7,6,1,30-40,30.366666666666667,5.0,1.0,0.2,83,18,5777.052,0.25,0.8,0.2,0.0,0.0,0,0,0.0,13288.26,2,0,0.0,18667.41,3,1,0.3333333333333333,28885.26,5,1,0.2,0
LGS2ORD0025311,C017480,2025-07-20 11:00:00,Female,32,Bronze,Web,Khon Kaen,1223,CallCenter,COD,11,7,6,1,30-40,40.766666666666666,3.0,1.0,0.3333333333333333,103,45,4142.463333333333,0.18,0.6666666666666666,0.0,0.0,0.0,0,0,0.0,0.0,0,0,0.0,11197.54,2,0,0.0,12427.39,3,1,0.3333333333333333,0
LGS2ORD0025312,C011550,2025-07-20 11:00:00,Female,53,Silver,Shopee,Nakhon Ratchasima,570,Web,Credit_Card,11,7,6,1,>50,19.0,6.0,0.0,0.0,-1,13,9414.298333333332,0.25,0.6666666666666666,0.16666666666666666,0.0,0.0,0,0,0.0,10500.64,2,0,0.0,11488.73,3,0,0.0,56485.78999999999,6,0,0.0,0
LGS2ORD0025313,C014433,2025-07-20 11:00:00,Female,69,Bronze,TV,Bangkok,470,Shopee,COD,11,7,6,1,>50,15.666666666666666,4.0,1.0,0.25,92,93,2094.575,0.28,0.5,0.25,0.0,0.0,0,0,0.0,0.0,0,0,0.0,0.0,0,0,0.0,8378.3,4,1,0.25,1
LGS2ORD0025314,C011942,2025-07-20 11:00:00,Male,25,Platinum,CallCenter,Nakhon Ratchasima,1231,Web,COD,11,7,6,1,20-30,41.03333333333333,1.0,0.0,0.0,-1,23,15353.31,0.25,0.0,1.0,0.0,0.0,0,0,0.0,15353.31,1,0,0.0,15353.31,1,0,0.0,15353.31,1,0,0.0,0
LGS2ORD0025315,C010968,2025-07-20 11:00:00,Female,50,Bronze,CallCenter,Phuket,842,TV_Show,COD,11,7,6,1,40-50,28.066666666666666,5.0,1.0,0.2,179,3,2809.946,0.28,0.6,0.2,0.0,4911.8,1,0,0.0,4911.8,1,0,0.0,9552.5,3,0,0.0,14049.73,5,1,0.2,0
LGS2ORD0025316,C016890,2025-07-20 11:00:00,Male,27,Gold,Shopee,Khon Kaen,1119,TV_Show,Credit_Card,11,7,6,1,20-30,37.3,3.0,1.0,0.3333333333333333,75,29,7316.493333333333,0.18,0.3333333333333333,0.0,0.0,0.0,0,0,0.0,820.28,1,0,0.0,820.28,1,0,0.0,21949.48,3,1,0.3333333333333333,0
LGS2ORD0025317,C010231,2025-07-20 12:00:00,Female,57,Silver,TV,Songkhla,581,Lazada,COD,12,7,6,1,>50,19.366666666666667,6.0,1.0,0.16666666666666666,158,18,2089.0699999999997,0.3,0.3333333333333333,0.5,0.0,0.0,0,0,0.0,3333.96,2,0,0.0,3333.96,2,0,0.0,12534.419999999998,6,1,0.16666666666666666,1
LGS2ORD0025318,C012674,2025-07-20 12:00:00,Female,50,Bronze,Web,Khon Kaen,896,CallCenter,COD,12,7,6,1,40-50,29.866666666666667,3.0,0.0,0.0,-1,5,6996.709999999999,0.28,0.0,0.3333333333333333,0.0,8694.38,1,0,0.0,8694.38,1,0,0.0,15437.009999999998,2,0,0.0,20990.129999999997,3,0,0.0,1
LGS2ORD0025319,C011880,2025-07-20 12:00:00,Male,29,Silver,TV,Chiang Mai,782,CallCenter,PromptPay,12,7,6,1,20-30,26.066666666666666,8.0,1.0,0.125,39,48,8912.995,0.3,0.75,0.875,0.0,0.0,0,0,0.0,0.0,0,0,0.0,12617.980000000001,3,1,0.3333333333333333,71303.96,8,1,0.125,1
LGS2ORD0025320,C010860,2025-07-20 12:00:00,Female,59,Bronze,TV,Phuket,1448,Shopee,COD,12,7,6,1,>50,48.266666666666666,4.0,2.0,0.5,106,10,1968.14,0.23,0.5,0.5,0.0,0.0,0,0,0.0,477.66,1,0,0.0,4983.55,2,0,0.0,7872.56,4,2,0.5,0
LGS2ORD0025321,C015327,2025-07-20 12:00:00,Male,58,Platinum,TV,Phuket,1300,Lazada,COD,12,7,6,1,>50,43.333333333333336,4.0,2.0,0.5,42,4,1573.8425,0.25,0.75,0.5,0.0,1222.96,1,0,0.0,1222.96,1,0,0.0,3327.91,3,2,0.6666666666666666,6295.37,4,2,0.5,0
LGS2ORD0025322,C017447,2025-07-20 13:00:00,Female,36,Gold,Lazada,Chonburi,1295,Web,COD,13,7,6,1,30-40,43.166666666666664,1.0,1.0,1.0,90,104,3443.1,0.08,1.0,0.0,0.0,0.0,0,0,0.0,0.0,0,0,0.0,0.0,0,0,0.0,3443.1,1,1,1.0,0
LGS2ORD0025323,C013986,2025-07-20 13:00:00,Male,52,Platinum,Web,Bangkok,875,TV_Show,Credit_Card,13,7,6,1,>50,29.166666666666668,1.0,0.0,0.0,-1,200,1757.76,0.2,0.0,0.0,0.0,0.0,0,0,0.0,0.0,0,0,0.0,0.0,0,0,0.0,1757.76,1,0,0.0,0
LGS2ORD0025324,C014031,2025-07-20 13:00:00,Male,51,Silver,Web,Bangkok,413,Shopee,Credit_Card,13,7,6,1,>50,13.766666666666667,2.0,1.0,0.5,184,18,7611.36,0.2,0.5,0.0,0.0,0.0,0,0,0.0,11593.9,1,0,0.0,11593.9,1,0,0.0,15222.72,2,1,0.5,0
LGS2ORD0025325,C014518,2025-07-20 13:00:00,Female,21,Bronze,Shopee,Songkhla,283,CallCenter,COD,13,7,6,1,20-30,9.433333333333334,6.0,4.0,0.6666666666666666,83,43,6098.818333333333,0.28,1.0,0.3333333333333333,0.0,0.0,0,0,0.0,0.0,0,0,0.0,7275.9,1,0,0.0,36592.909999999996,6,4,0.6666666666666666,1
LGS2ORD0025326,C017272,2025-07-20 13:00:00,Male,42,Silver,TV,Songkhla,1251,TV_Show,COD,13,7,6,1,40-50,41.7,6.0,3.0,0.5,28,38,4595.718333333333,0.3,0.5,0.16666666666666666,0.0,0.0,0,0,0.0,0.0,0,0,0.0,24381.29,5,2,0.4,27574.31,6,3,0.5,0
LGS2ORD0025327,C015507,2025-07-20 14:00:00,Male,23,Platinum,TV,Bangkok,1217,Shopee,Credit_Card,14,7,6,1,20-30,40.56666666666667,3.0,0.0,0.0,-1,25,2693.48,0.35,1.0,1.0,0.0,0.0,0,0,0.0,1085.08,1,0,0.0,1085.08,1,0,0.0,8080.4400000000005,3,0,0.0,0
LGS2ORD0025328,C014070,2025-07-20 14:00:00,Male,42,Bronze,CallCenter,Nakhon Ratchasima,808,TV_Show,Bank_Transfer,14,7,6,1,40-50,26.933333333333334,8.0,1.0,0.125,172,15,2928.32125,0.23,0.625,0.375,0.0,0.0,0,0,0.0,1842.86,2,0,0.0,10658.99,3,0,0.0,23426.57,8,1,0.125,0
LGS2ORD0025329,C011509,2025-07-20 14:00:00,Male,47,Bronze,TV,Phuket,537,CallCenter,COD,14,7,6,1,40-50,17.9,3.0,2.0,0.6666666666666666,76,90,3292.34,0.23,0.3333333333333333,0.3333333333333333,0.0,0.0,0,0,0.0,0.0,0,0,0.0,0.0,0,0,0.0,9877.02,3,2,0.6666666666666666,1
LGS2ORD0025330,C016593,2025-07-20 14:00:00,Female,50,Silver,Web,Bangkok,693,CallCenter,PromptPay,14,7,6,1,40-50,23.1,4.0,2.0,0.5,70,46,9731.422499999999,0.25,0.75,0.25,0.0,0.0,0,0,0.0,0.0,0,0,0.0,16862.399999999998,2,1,0.5,38925.689999999995,4,2,0.5,1
LGS2ORD0025331,C016791,2025-07-20 14:00:00,Male,44,Bronze,TV,Chonburi,217,Web,COD,14,7,6,1,40-50,7.233333333333333,3.0,1.0,0.3333333333333333,132,97,8068.003333333334,0.23,0.0,0.3333333333333333,0.0,0.0,0,0,0.0,0.0,0,0,0.0,0.0,0,0,0.0,24204.010000000002,3,1,0.3333333333333333,0
LGS2ORD0025332,C011732,2025-07-20 15:00:00,Male,39,Bronze,Web,Chiang Mai,994,Web,Credit_Card,15,7,6,1,30-40,33.13333333333333,7.0,4.0,0.5714285714285714,55,10,2938.4842857142858,0.23,0.7142857142857143,0.14285714285714285,0.0,0.0,0,0,0.0,6496.93,1,0,0.0,7855.43,3,2,0.6666666666666666,20569.39,7,4,0.5714285714285714,0
LGS2ORD0025333,C013406,2025-07-20 15:00:00,Female,57,Bronze,Lazada,Chiang Mai,1110,TV_Show,COD,15,7,6,1,>50,37.0,3.0,0.0,0.0,-1,84,8440.37,0.28,1.0,0.3333333333333333,0.0,0.0,0,0,0.0,0.0,0,0,0.0,3242.29,1,0,0.0,25321.11,3,0,0.0,1
LGS2ORD0025334,C017903,2025-07-20 15:00:00,Female,51,Silver,Lazada,Bangkok,801,Web,Credit_Card,15,7,6,1,>50,26.7,1.0,0.0,0.0,-1,113,1143.96,0.2,0.0,0.0,0.0,0.0,0,0,0.0,0.0,0,0,0.0,0.0,0,0,0.0,1143.96,1,0,0.0,0
LGS2ORD0025335,C013501,2025-07-20 15:00:00,Female,61,Silver,Shopee,Chonburi,958,Lazada,Credit_Card,15,7,6,1,>50,31.933333333333334,1.0,0.0,0.0,-1,27,1938.89,0.05,0.0,0.0,0.0,0.0,0,0,0.0,1938.89,1,0,0.0,1938.89,1,0,0.0,1938.89,1,0,0.0,0
LGS2ORD0025336,C016456,2025-07-20 15:00:00,Male,62,Bronze,TV,Remote_Area,975,Web,COD,15,7,6,1,>50,32.5,3.0,1.0,0.3333333333333333,183,43,8024.713333333333,0.23,0.3333333333333333,0.3333333333333333,0.0,0.0,0,0,0.0,0.0,0,0,0.0,18162.46,1,0,0.0,24074.14,3,1,0.3333333333333333,0
LGS2ORD0025337,C012349,2025-07-20 15:00:00,Male,48,Gold,TV,Nakhon Ratchasima,616,Web,Credit_Card,15,7,6,1,40-50,20.533333333333335,2.0,0.0,0.0,-1,51,2023.6149999999998,0.2299999999999999,0.0,0.5,0.0,0.0,0,0,0.0,0.0,0,0,0.0,4047.2299999999996,2,0,0.0,4047.2299999999996,2,0,0.0,1
LGS2ORD0025338,C010784,2025-07-20 16:00:00,Female,51,Silver,Lazada,Khon Kaen,1299,CallCenter,PromptPay,16,7,6,1,>50,43.3,6.0,2.0,0.3333333333333333,140,77,2475.9249999999997,0.25,0.3333333333333333,0.16666666666666666,0.0,0.0,0,0,0.0,0.0,0,0,0.0,8464.92,3,0,0.0,14855.55,6,2,0.3333333333333333,0
LGS2ORD0025339,C010177,2025-07-20 16:00:00,Male,54,Silver,CallCenter,Phuket,954,Lazada,COD,16,7,6,1,>50,31.8,2.0,1.0,0.5,88,90,15013.869999999999,0.15,1.0,0.0,0.0,0.0,0,0,0.0,0.0,0,0,0.0,0.0,0,0,0.0,30027.739999999998,2,1,0.5,0
LGS2ORD0025340,C015819,2025-07-20 16:00:00,Female,29,Bronze,TV,Bangkok,531,TV_Show,Bank_Transfer,16,7,6,1,20-30,17.7,5.0,0.0,0.0,-1,6,2520.6539999999995,0.18,0.4,0.0,0.0,1286.81,1,0,0.0,8838.66,2,0,0.0,11955.99,4,0,0.0,12603.269999999999,5,0,0.0,0
LGS2ORD0025341,C015310,2025-07-20 16:00:00,Female,38,Gold,Lazada,Chiang Mai,1236,Lazada,COD,16,7,6,1,30-40,41.2,3.0,1.0,0.3333333333333333,156,50,2802.2666666666664,0.33,0.3333333333333333,0.3333333333333333,0.0,0.0,0,0,0.0,0.0,0,0,0.0,4988.21,1,0,0.0,8406.8,3,1,0.3333333333333333,0
LGS2ORD0025342,C016443,2025-07-20 16:00:00,Male,44,Silver,Web,Bangkok,1639,TV_Show,COD,16,7,6,1,40-50,54.63333333333333,10.0,4.0,0.4,45,34,7470.935,0.25,0.7,0.1,0.0,0.0,0,0,0.0,0.0,0,0,0.0,28114.309999999998,3,2,0.6666666666666666,74709.35,10,4,0.4,1
LGS2ORD0025343,C017127,2025-07-20 17:00:00,Other,28,Gold,Lazada,Bangkok,1157,TV_Show,PromptPay,17,7,6,1,20-30,38.56666666666667,1.0,0.0,0.0,-1,53,2070.91,0.2299999999999999,0.0,1.0,0.0,0.0,0,0,0.0,0.0,0,0,0.0,2070.91,1,0,0.0,2070.91,1,0,0.0,0
LGS2ORD0025344,C015950,2025-07-20 17:00:00,Female,46,Silver,Web,Bangkok,1545,Lazada,Credit_Card,17,7,6,1,40-50,51.5,3.0,0.0,0.0,-1,3,5551.083333333333,0.1,0.3333333333333333,0.0,0.0,4192.02,1,0,0.0,10266.55,2,0,0.0,16653.25,3,0,0.0,16653.25,3,0,0.0,0
LGS2ORD0025345,C015471,2025-07-20 17:00:00,Male,27,Silver,Web,Chiang Mai,726,Web,Credit_Card,17,7,6,1,20-30,24.2,3.0,1.0,0.3333333333333333,108,19,1797.6366666666665,0.25,0.6666666666666666,0.3333333333333333,0.0,0.0,0,0,0.0,1325.6,1,0,0.0,4825.77,2,0,0.0,5392.91,3,1,0.3333333333333333,0
LGS2ORD0025346,C016750,2025-07-20 17:00:00,Male,41,Bronze,TV,Bangkok,1094,TV_Show,Credit_Card,17,7,6,1,40-50,36.46666666666667,3.0,1.0,0.3333333333333333,63,48,9066.07,0.28,0.3333333333333333,0.3333333333333333,0.0,0.0,0,0,0.0,0.0,0,0,0.0,23924.579999999998,2,1,0.5,27198.21,3,1,0.3333333333333333,0
LGS2ORD0025347,C010074,2025-07-20 17:00:00,Female,61,Platinum,TV,Chiang Mai,1090,Web,COD,17,7,6,1,>50,36.333333333333336,5.0,0.0,0.0,-1,30,5577.518,0.3,0.8,0.4,0.0,0.0,0,0,0.0,0.0,0,0,0.0,1064.19,1,0,0.0,27887.59,5,0,0.0,1
LGS2ORD0025348,C014697,2025-07-20 18:00:00,Male,65,Bronze,TV,Nakhon Ratchasima,610,TV_Show,COD,18,7,6,1,>50,20.333333333333332,4.0,1.0,0.25,130,68,1199.1699999999998,0.18,0.5,0.0,0.0,0.0,0,0,0.0,0.0,0,0,0.0,1780.57,1,0,0.0,4796.679999999999,4,1,0.25,0
LGS2ORD0025349,C017914,2025-07-20 18:00:00,Male,32,Bronze,Web,Remote_Area,1522,TV_Show,COD,18,7,6,1,30-40,50.733333333333334,5.0,2.0,0.4,112,55,10850.242,0.23,0.4,0.2,0.0,0.0,0,0,0.0,0.0,0,0,0.0,30149.89,2,0,0.0,54251.21,5,2,0.4,1
LGS2ORD0025350,C010310,2025-07-20 18:00:00,Male,54,Silver,TV,Chiang Mai,1072,Web,Credit_Card,18,7,6,1,>50,35.733333333333334,4.0,0.0,0.0,-1,56,12698.230000000001,0.3,0.25,0.5,0.0,0.0,0,0,0.0,0.0,0,0,0.0,14157.65,1,0,0.0,50792.920000000006,4,0,0.0,1
LGS2ORD0025351,C017641,2025-07-20 18:00:00,Male,52,Bronze,CallCenter,Bangkok,1074,CallCenter,PromptPay,18,7,6,1,>50,35.8,2.0,0.0,0.0,-1,169,2338.13,0.18,0.5,0.0,0.0,0.0,0,0,0.0,0.0,0,0,0.0,0.0,0,0,0.0,4676.26,2,0,0.0,0
LGS2ORD0025352,C015573,2025-07-20 18:00:00,Female,45,Silver,Shopee,Bangkok,1609,Lazada,COD,18,7,6,1,40-50,53.63333333333333,8.0,1.0,0.125,119,24,5082.86625,0.3,0.5,0.125,0.0,0.0,0,0,0.0,7482.12,1,0,0.0,13301.93,3,0,0.0,40662.93,8,1,0.125,0
LGS2ORD0025353,C014545,2025-07-20 18:00:00,Male,39,Gold,Lazada,Nakhon Ratchasima,820,TV_Show,COD,18,7,6,1,30-40,27.333333333333332,3.0,0.0,0.0,-1,22,13217.300000000001,0.2299999999999999,0.3333333333333333,0.3333333333333333,0.0,0.0,0,0,0.0,28777.86,1,0,0.0,29510.79,2,0,0.0,39651.9,3,0,0.0,0
LGS2ORD0025354,C014776,2025-07-20 19:00:00,Female,41,Bronze,Lazada,Khon Kaen,901,TV_Show,COD,19,7,6,1,40-50,30.033333333333335,6.0,2.0,0.3333333333333333,28,38,7208.553333333333,0.23,0.3333333333333333,0.16666666666666666,0.0,0.0,0,0,0.0,0.0,0,0,0.0,31920.6,3,2,0.6666666666666666,43251.32,6,2,0.3333333333333333,1
LGS2ORD0025355,C016938,2025-07-20 19:00:00,Male,18,Silver,Shopee,Bangkok,997,Shopee,Bank_Transfer,19,7,6,1,<20,33.233333333333334,6.0,3.0,0.5,73,44,5862.128333333334,0.2,0.6666666666666666,0.0,0.0,0.0,0,0,0.0,0.0,0,0,0.0,28457.510000000002,4,1,0.25,35172.770000000004,6,3,0.5,0
LGS2ORD0025356,C012584,2025-07-20 19:00:00,Male,45,Platinum,CallCenter,Songkhla,733,Lazada,PromptPay,19,7,6,1,40-50,24.433333333333334,7.0,1.0,0.14285714285714285,138,51,4348.008571428572,0.25,0.42857142857142855,0.42857142857142855,0.0,0.0,0,0,0.0,0.0,0,0,0.0,2344.51,1,0,0.0,30436.060000000005,7,1,0.14285714285714285,0
LGS2ORD0025357,C016251,2025-07-20 19:00:00,Other,54,Bronze,TV,Remote_Area,1237,Shopee,COD,19,7,6,1,>50,41.233333333333334,4.0,1.0,0.25,126,5,5372.407499999999,0.23,0.5,0.25,0.0,4385.49,1,0,0.0,4385.49,1,0,0.0,4385.49,1,0,0.0,21489.629999999997,4,1,0.25,0
LGS2ORD0025358,C016700,2025-07-20 19:00:00,Female,39,Gold,Lazada,Khon Kaen,1249,CallCenter,PromptPay,19,7,6,1,30-40,41.63333333333333,3.0,0.0,0.0,-1,25,8852.426666666666,0.08,0.3333333333333333,0.0,0.0,0.0,0,0,0.0,10657.98,1,0,0.0,10657.98,1,0,0.0,26557.28,3,0,0.0,0
LGS2ORD0025359,C011989,2025-07-20 20:00:00,Male,32,Bronze,TV,Phuket,1246,Web,COD,20,7,6,1,30-40,41.53333333333333,8.0,2.0,0.25,13,24,5735.15625,0.28,0.375,0.125,0.0,0.0,0,0,0.0,2210.51,1,1,1.0,11797.51,4,1,0.25,45881.25,8,2,0.25,0
LGS2ORD0025360,C015165,2025-07-20 20:00:00,Female,45,Bronze,TV,Bangkok,1598,Lazada,COD,20,7,6,1,40-50,53.266666666666666,11.0,2.0,0.18181818181818182,-6,1,3861.6545454545453,0.28,0.36363636363636365,0.5454545454545454,0.0,5805.92,2,1,0.5,16904.16,4,2,0.5,17793.780000000002,5,2,0.4,42478.2,11,2,0.18181818181818182,0
LGS2ORD0025361,C015804,2025-07-20 20:00:00,Female,32,Gold,Lazada,Khon Kaen,948,Shopee,COD,20,7,6,1,30-40,31.6,7.0,1.0,0.14285714285714285,124,8,5925.951428571427,0.33,0.14285714285714285,0.42857142857142855,0.0,0.0,0,0,0.0,1644.39,1,0,0.0,9623.019999999999,3,0,0.0,41481.65999999999,7,1,0.14285714285714285,0
LGS2ORD0025362,C012770,2025-07-20 20:00:00,Male,45,Bronze,CallCenter,Bangkok,240,CallCenter,PromptPay,20,7,6,1,40-50,8.0,3.0,1.0,0.3333333333333333,106,83,8713.023333333333,0.23,0.0,0.6666666666666666,0.0,0.0,0,0,0.0,0.0,0,0,0.0,4617.3,1,0,0.0,26139.07,3,1,0.3333333333333333,1
LGS2ORD0025363,C012226,2025-07-20 20:00:00,Male,41,Bronze,Web,Songkhla,1639,Lazada,COD,20,7,6,1,40-50,54.63333333333333,4.0,1.0,0.25,32,16,2990.7200000000003,0.23,0.5,0.5,0.0,0.0,0,0,0.0,2275.92,1,0,0.0,7565.4400000000005,2,1,0.5,11962.880000000001,4,1,0.25,0
LGS2ORD0025364,C015295,2025-07-20 21:00:00,Female,27,Bronze,CallCenter,Bangkok,561,TV_Show,Bank_Transfer,21,7,6,1,20-30,18.7,9.0,0.0,0.0,-1,8,6145.0922222222225,0.28,0.5555555555555556,0.3333333333333333,0.0,0.0,0,0,0.0,1124.39,1,0,0.0,14074.73,3,0,0.0,55305.83,9,0,0.0,0
LGS2ORD0025365,C014147,2025-07-20 21:00:00,Female,18,Silver,Web,Nakhon Ratchasima,1574,TV_Show,COD,21,7,6,1,<20,52.46666666666667,2.0,1.0,0.5,126,86,5772.9,0.1,0.5,0.0,0.0,0.0,0,0,0.0,0.0,0,0,0.0,9208.63,1,0,0.0,11545.8,2,1,0.5,1
LGS2ORD0025366,C014183,2025-07-20 21:00:00,Female,33,Silver,Lazada,Nakhon Ratchasima,525,TV_Show,COD,21,7,6,1,30-40,17.5,4.0,1.0,0.25,4,12,3927.665,0.2,0.5,0.0,0.0,0.0,0,0,0.0,9382.58,1,1,1.0,15710.66,4,1,0.25,15710.66,4,1,0.25,0
LGS2ORD0025367,C013664,2025-07-20 21:00:00,Female,45,Silver,CallCenter,Remote_Area,580,Web,PromptPay,21,7,6,1,40-50,19.333333333333332,3.0,2.0,0.6666666666666666,61,69,5782.329999999999,0.2,0.6666666666666666,0.0,0.0,0.0,0,0,0.0,0.0,0,0,0.0,8743.71,1,1,1.0,17346.989999999998,3,2,0.6666666666666666,1
LGS2ORD0025368,C015013,2025-07-20 21:00:00,Male,51,Bronze,TV,Bangkok,554,TV_Show,COD,21,7,6,1,>50,18.466666666666665,4.0,0.0,0.0,-1,10,2772.7975,0.28,0.5,0.25,0.0,0.0,0,0,0.0,2918.34,2,0,0.0,5281.64,3,0,0.0,11091.19,4,0,0.0,0
LGS2ORD0025369,C012245,2025-07-20 22:00:00,Female,22,Bronze,Web,Bangkok,1452,TV_Show,COD,22,7,6,1,20-30,48.4,4.0,1.0,0.25,117,119,3490.8374999999996,0.28,0.75,0.75,0.0,0.0,0,0,0.0,0.0,0,0,0.0,0.0,0,0,0.0,13963.349999999999,4,1,0.25,0
LGS2ORD0025370,C016232,2025-07-20 22:00:00,Male,29,Platinum,TV,Bangkok,981,CallCenter,COD,22,7,6,1,20-30,32.7,5.0,1.0,0.2,150,12,3523.982,0.25,0.6,0.2,0.0,0.0,0,0,0.0,4060.83,2,0,0.0,7008.82,3,0,0.0,17619.91,5,1,0.2,0
LGS2ORD0025371,C016740,2025-07-20 22:00:00,Male,30,Bronze,Web,Nakhon Ratchasima,1016,TV_Show,PromptPay,22,7,6,1,20-30,33.86666666666667,0.0,0.0,0.0,-1,-1,0.0,0.0,0.0,0.0,0.0,0.0,0,0,0.0,0.0,0,0,0.0,0.0,0,0,0.0,0.0,0,0,0.0,0
LGS2ORD0025372,C017107,2025-07-20 22:00:00,Female,54,Silver,CallCenter,Bangkok,1604,Lazada,COD,22,7,6,1,>50,53.46666666666667,1.0,1.0,1.0,85,93,8783.75,0.1,0.0,0.0,0.0,0.0,0,0,0.0,0.0,0,0,0.0,0.0,0,0,0.0,8783.75,1,1,1.0,0
LGS2ORD0025373,C017499,2025-07-20 22:00:00,Female,41,Bronze,Shopee,Chonburi,1233,TV_Show,Credit_Card,22,7,6,1,40-50,41.1,7.0,3.0,0.42857142857142855,139,2,4829.287142857143,0.23,0.8571428571428571,0.14285714285714285,0.0,984.19,1,0,0.0,984.19,1,0,0.0,8820.05,2,0,0.0,33805.01,7,3,0.42857142857142855,0
LGS2ORD0025374,C010813,2025-07-20 22:00:00,Other,37,Bronze,TV,Nakhon Ratchasima,1118,Web,Credit_Card,22,7,6,1,30-40,37.266666666666666,5.0,1.0,0.2,32,40,6360.436,0.23,0.6,0.2,0.0,0.0,0,0,0.0,0.0,0,0,0.0,8990.79,3,1,0.3333333333333333,31802.18,5,1,0.2,0
LGS2ORD0025375,C014394,2025-07-20 23:00:00,Male,42,Platinum,TV,Nakhon Ratchasima,1276,Web,COD,23,7,6,1,40-50,42.53333333333333,9.0,1.0,0.1111111111111111,81,40,3235.706666666667,0.35,0.5555555555555556,0.2222222222222222,0.0,0.0,0,0,0.0,0.0,0,0,0.0,18974.05,4,1,0.25,29121.36,9,1,0.1111111111111111,0
LGS2ORD0025376,C010673,2025-07-20 23:00:00,Male,47,Silver,Lazada,Chiang Mai,1564,TV_Show,PromptPay,23,7,6,1,40-50,52.13333333333333,2.0,1.0,0.5,123,93,987.275,0.2,0.5,0.0,0.0,0.0,0,0,0.0,0.0,0,0,0.0,0.0,0,0,0.0,1974.55,2,1,0.5,0
LGS2ORD0025377,C017412,2025-07-20 23:00:00,Female,34,Silver,Lazada,Remote_Area,402,Web,COD,23,7,6,1,30-40,13.4,3.0,0.0,0.0,-1,53,1292.9666666666665,0.3,0.6666666666666666,0.3333333333333333,0.0,0.0,0,0,0.0,0.0,0,0,0.0,1531.07,1,0,0.0,3878.8999999999996,3,0,0.0,1
LGS2ORD0025378,C016129,2025-07-20 23:00:00,Male,44,Gold,Lazada,Bangkok,765,Lazada,COD,23,7,6,1,40-50,25.5,5.0,1.0,0.2,95,98,4260.276,0.33,0.4,0.8,0.0,0.0,0,0,0.0,0.0,0,0,0.0,0.0,0,0,0.0,21301.379999999997,5,1,0.2,0
LGS2ORD0025379,C016987,2025-07-20 23:00:00,Male,64,Bronze,TV,Songkhla,552,Lazada,COD,23,7,6,1,>50,18.4,4.0,2.0,0.5,64,75,15619.107499999998,0.28,0.75,0.25,0.0,0.0,0,0,0.0,0.0,0,0,0.0,36099.11,2,1,0.5,62476.42999999999,4,2,0.5,1
LGS2ORD0025380,C014872,2025-07-21 00:00:00,Male,46,Bronze,CallCenter,Nakhon Ratchasima,552,CallCenter,Credit_Card,0,7,0,0,40-50,18.4,6.0,2.0,0.3333333333333333,76,85,7067.446666666667,0.23,0.3333333333333333,0.16666666666666666,0.0,0.0,0,0,0.0,0.0,0,0,0.0,9836.95,2,1,0.5,42404.68,6,2,0.3333333333333333,0
LGS2ORD0025381,C010058,2025-07-21 00:00:00,Female,39,Bronze,Web,Bangkok,1486,Lazada,PromptPay,0,7,0,0,30-40,49.53333333333333,6.0,1.0,0.16666666666666666,185,14,4098.091666666667,0.28,0.3333333333333333,0.3333333333333333,0.0,0.0,0,0,0.0,3824.39,2,0,0.0,3824.39,2,0,0.0,24588.550000000003,6,1,0.16666666666666666,0
LGS2ORD0025382,C017316,2025-07-21 00:00:00,Other,22,Platinum,Lazada,Remote_Area,832,Web,COD,0,7,0,0,20-30,27.733333333333334,2.0,0.0,0.0,-1,95,2812.92,0.3,0.5,0.5,0.0,0.0,0,0,0.0,0.0,0,0,0.0,0.0,0,0,0.0,5625.84,2,0,0.0,0
LGS2ORD0025383,C010645,2025-07-21 00:00:00,Male,45,Bronze,TV,Chonburi,1495,Lazada,COD,0,7,0,0,40-50,49.833333333333336,7.0,3.0,0.42857142857142855,7,11,5422.092857142858,0.28,0.42857142857142855,0.2857142857142857,0.0,0.0,0,0,0.0,25833.99,2,1,0.5,28486.22,4,2,0.5,37954.65,7,3,0.42857142857142855,0
LGS2ORD0025384,C017926,2025-07-21 00:00:00,Male,41,Bronze,Web,Chonburi,803,Lazada,COD,0,7,0,0,40-50,26.766666666666666,4.0,1.0,0.25,81,5,4655.5675,0.28,0.25,0.5,0.0,3819.54,1,0,0.0,4854.8,2,0,0.0,4854.8,2,0,0.0,18622.27,4,1,0.25,0
LGS2ORD0025385,C010501,2025-07-21 01:00:00,Male,46,Bronze,Web,Chiang Mai,1415,TV_Show,PromptPay,1,7,0,0,40-50,47.166666666666664,3.0,3.0,1.0,5,9,2431.0733333333333,0.23,0.3333333333333333,0.3333333333333333,0.0,0.0,0,0,0.0,3204.02,1,1,1.0,3204.02,1,1,1.0,7293.219999999999,3,3,1.0,0
LGS2ORD0025386,C012473,2025-07-21 01:00:00,Female,36,Silver,Web,Bangkok,619,TV_Show,COD,1,7,0,0,30-40,20.633333333333333,0.0,0.0,0.0,-1,-1,0.0,0.0,0.0,0.0,0.0,0.0,0,0,0.0,0.0,0,0,0.0,0.0,0,0,0.0,0.0,0,0,0.0,0
LGS2ORD0025387,C011686,2025-07-21 01:00:00,Female,53,Bronze,TV,Chiang Mai,1155,Shopee,COD,1,7,0,0,>50,38.5,6.0,0.0,0.0,-1,5,1875.3033333333333,0.28,0.6666666666666666,0.16666666666666666,0.16666666666666666,4111.75,1,0,0.0,4111.75,1,0,0.0,4784.22,2,0,0.0,11251.82,6,0,0.0,0
LGS2ORD0025388,C017099,2025-07-21 01:00:00,Female,45,Silver,Lazada,Chiang Mai,778,Lazada,Credit_Card,1,7,0,0,40-50,25.933333333333334,1.0,0.0,0.0,-1,150,1912.95,0.05,0.0,0.0,0.0,0.0,0,0,0.0,0.0,0,0,0.0,0.0,0,0,0.0,1912.95,1,0,0.0,1
LGS2ORD0025389,C016213,2025-07-21 01:00:00,Male,42,Silver,TV,Songkhla,420,Shopee,COD,1,7,0,0,40-50,14.0,4.0,1.0,0.25,8,23,5496.835,0.3,0.75,0.5,0.0,0.0,0,0,0.0,7116.24,1,1,1.0,18792.050000000003,3,1,0.3333333333333333,21987.34,4,1,0.25,0
LGS2ORD0025390,C012429,2025-07-21 02:00:00,Male,42,Bronze,TV,Nakhon Ratchasima,637,Lazada,Credit_Card,2,7,0,0,40-50,21.233333333333334,2.0,0.0,0.0,-1,15,3927.565,0.03,0.0,0.0,0.0,0.0,0,0,0.0,5875.87,1,0,0.0,5875.87,1,0,0.0,7855.13,2,0,0.0,0
LGS2ORD0025391,C010381,2025-07-21 02:00:00,Female,28,Silver,CallCenter,Chonburi,868,Lazada,Credit_Card,2,7,0,0,20-30,28.933333333333334,6.0,1.0,0.16666666666666666,78,2,4922.134999999999,0.3,0.5,0.6666666666666666,0.0,3187.12,1,0,0.0,3187.12,1,0,0.0,11127.54,3,1,0.3333333333333333,29532.809999999998,6,1,0.16666666666666666,0
LGS2ORD0025392,C017913,2025-07-21 02:00:00,Male,42,Gold,Lazada,Chiang Mai,924,TV_Show,Credit_Card,2,7,0,0,40-50,30.8,6.0,1.0,0.16666666666666666,69,10,5477.966666666667,0.33,0.5,0.6666666666666666,0.0,0.0,0,0,0.0,19636.88,2,0,0.0,30364.309999999998,4,1,0.25,32867.8,6,1,0.16666666666666666,0
LGS2ORD0025393,C010513,2025-07-21 02:00:00,Male,29,Gold,TV,Bangkok,898,Lazada,Credit_Card,2,7,0,0,20-30,29.933333333333334,3.0,0.0,0.0,-1,102,7230.826666666667,0.28,0.6666666666666666,0.6666666666666666,0.0,0.0,0,0,0.0,0.0,0,0,0.0,0.0,0,0,0.0,21692.48,3,0,0.0,0
LGS2ORD0025394,C016943,2025-07-21 02:00:00,Female,45,Bronze,TV,Bangkok,759,Lazada,COD,2,7,0,0,40-50,25.3,4.0,1.0,0.25,105,105,6549.0025,0.28,0.5,0.25,0.0,0.0,0,0,0.0,0.0,0,0,0.0,0.0,0,0,0.0,26196.01,4,1,0.25,0
LGS2ORD0025395,C016276,2025-07-21 02:00:00,Female,25,Bronze,Lazada,Chiang Mai,1189,Web,COD,2,7,0,0,20-30,39.63333333333333,2.0,1.0,0.5,96,96,12110.585,0.23,0.5,0.5,0.0,0.0,0,0,0.0,0.0,0,0,0.0,0.0,0,0,0.0,24221.17,2,1,0.5,0
LGS2ORD0025396,C011387,2025-07-21 03:00:00,Male,59,Silver,TV,Phuket,757,Web,COD,3,7,0,0,>50,25.233333333333334,4.0,2.0,0.5,125,107,10314.25,0.25,0.5,0.25,0.0,0.0,0,0,0.0,0.0,0,0,0.0,0.0,0,0,0.0,41257.0,4,2,0.5,0
LGS2ORD0025397,C014633,2025-07-21 03:00:00,Male,38,Bronze,CallCenter,Chonburi,316,TV_Show,COD,3,7,0,0,30-40,10.533333333333333,3.0,0.0,0.0,-1,30,2465.1633333333334,0.23,1.0,0.3333333333333333,0.0,0.0,0,0,0.0,0.0,0,0,0.0,1761.67,1,0,0.0,7395.49,3,0,0.0,0
LGS2ORD0025398,C011928,2025-07-21 03:00:00,Female,41,Bronze,Shopee,Chonburi,1355,Shopee,COD,3,7,0,0,40-50,45.166666666666664,3.0,1.0,0.3333333333333333,97,109,4315.17,0.13,0.6666666666666666,0.0,0.0,0.0,0,0,0.0,0.0,0,0,0.0,0.0,0,0,0.0,12945.51,3,1,0.3333333333333333,1
LGS2ORD0025399,C012488,2025-07-21 03:00:00,Male,26,Gold,Web,Songkhla,858,Web,PromptPay,3,7,0,0,20-30,28.6,2.0,1.0,0.5,17,27,4306.145,0.33,0.0,0.5,0.0,0.0,0,0,0.0,6554.46,1,1,1.0,8612.29,2,1,0.5,8612.29,2,1,0.5,1
LGS2ORD0025400,C017087,2025-07-21 03:00:00,Other,53,Silver,TV,Remote_Area,1280,Shopee,PromptPay,3,7,0,0,>50,42.666666666666664,3.0,1.0,0.3333333333333333,72,17,4936.44,0.1,0.6666666666666666,0.0,0.0,0.0,0,0,0.0,3963.14,1,0,0.0,5716.17,2,1,0.5,14809.32,3,1,0.3333333333333333,0
LGS2ORD0025401,C010407,2025-07-21 04:00:00,Other,43,Gold,TV,Phuket,938,Web,Bank_Transfer,4,7,0,0,40-50,31.266666666666666,1.0,0.0,0.0,-1,154,5894.85,0.18,0.0,0.0,0.0,0.0,0,0,0.0,0.0,0,0,0.0,0.0,0,0,0.0,5894.85,1,0,0.0,0
LGS2ORD0025402,C016689,2025-07-21 04:00:00,Female,42,Silver,TV,Chiang Mai,1626,Shopee,COD,4,7,0,0,40-50,54.2,5.0,1.0,0.2,20,30,4964.244,0.2,0.8,0.0,0.0,0.0,0,0,0.0,4152.86,1,1,1.0,7185.23,2,1,0.5,24821.219999999998,5,1,0.2,1
LGS2ORD0025403,C010469,2025-07-21 04:00:00,Male,31,Silver,TV,Chiang Mai,660,Shopee,Credit_Card,4,7,0,0,30-40,22.0,1.0,0.0,0.0,-1,38,4572.43,0.1,1.0,0.0,0.0,0.0,0,0,0.0,0.0,0,0,0.0,4572.43,1,0,0.0,4572.43,1,0,0.0,0
LGS2ORD0025404,C012730,2025-07-21 04:00:00,Female,22,Bronze,TV,Chonburi,346,TV_Show,PromptPay,4,7,0,0,20-30,11.533333333333333,11.0,1.0,0.09090909090909091,122,13,4528.585454545455,0.28,0.36363636363636365,0.2727272727272727,0.0,0.0,0,0,0.0,6863.2,4,0,0.0,15418.720000000001,8,0,0.0,49814.44,11,1,0.09090909090909091,0
LGS2ORD0025405,C014777,2025-07-21 04:00:00,Male,54,Silver,Lazada,Chiang Mai,1031,Web,COD,4,7,0,0,>50,34.36666666666667,2.0,0.0,0.0,-1,59,3567.2999999999997,0.05,1.0,0.0,0.0,0.0,0,0,0.0,0.0,0,0,0.0,5348.69,1,0,0.0,7134.599999999999,2,0,0.0,1
LGS2ORD0025406,C013375,2025-07-21 05:00:00,Male,29,Platinum,TV,Bangkok,391,Web,Credit_Card,5,7,0,0,20-30,13.033333333333333,5.0,0.0,0.0,-1,21,6901.596,0.25,0.2,0.2,0.0,0.0,0,0,0.0,17275.17,1,0,0.0,29453.199999999997,3,0,0.0,34507.979999999996,5,0,0.0,0
LGS2ORD0025407,C017845,2025-07-21 05:00:00,Male,25,Gold,Web,Chiang Mai,268,Web,COD,5,7,0,0,20-30,8.933333333333334,1.0,1.0,1.0,122,130,9445.31,0.18,0.0,0.0,0.0,0.0,0,0,0.0,0.0,0,0,0.0,0.0,0,0,0.0,9445.31,1,1,1.0,1
LGS2ORD0025408,C017863,2025-07-21 05:00:00,Male,39,Silver,Shopee,Phuket,888,Lazada,COD,5,7,0,0,30-40,29.6,0.0,0.0,0.0,-1,-1,0.0,0.0,0.0,0.0,0.0,0.0,0,0,0.0,0.0,0,0,0.0,0.0,0,0,0.0,0.0,0,0,0.0,0
LGS2ORD0025409,C012887,2025-07-21 05:00:00,Female,57,Bronze,Shopee,Chonburi,1397,Web,COD,5,7,0,0,>50,46.56666666666667,6.0,5.0,0.8333333333333334,43,51,6094.691666666667,0.28,1.0,0.3333333333333333,0.0,0.0,0,0,0.0,0.0,0,0,0.0,7083.87,1,1,1.0,36568.15,6,5,0.8333333333333334,1
LGS2ORD0025410,C017857,2025-07-21 05:00:00,Male,51,Silver,TV,Chiang Mai,933,Web,PromptPay,5,7,0,0,>50,31.1,3.0,1.0,0.3333333333333333,-12,2,2918.536666666667,0.2,0.3333333333333333,0.0,0.0,2679.99,1,1,1.0,2679.99,1,1,1.0,8137.929999999999,2,1,0.5,8755.61,3,1,0.3333333333333333,1
LGS2ORD0025411,C012004,2025-07-21 06:00:00,Male,50,Bronze,Lazada,Bangkok,668,Web,COD,6,7,0,0,40-50,22.266666666666666,1.0,1.0,1.0,144,153,1246.69,0.18,0.0,0.0,0.0,0.0,0,0,0.0,0.0,0,0,0.0,0.0,0,0,0.0,1246.69,1,1,1.0,0
LGS2ORD0025412,C010907,2025-07-21 06:00:00,Female,18,Bronze,Web,Chonburi,718,Shopee,COD,6,7,0,0,<20,23.933333333333334,1.0,0.0,0.0,-1,138,2061.61,0.13,1.0,0.0,0.0,0.0,0,0,0.0,0.0,0,0,0.0,0.0,0,0,0.0,2061.61,1,0,0.0,0
LGS2ORD0025413,C014736,2025-07-21 06:00:00,Male,33,Gold,Lazada,Chonburi,1621,Shopee,Credit_Card,6,7,0,0,30-40,54.03333333333333,2.0,0.0,0.0,-1,18,1697.635,0.28,0.5,0.5,0.0,0.0,0,0,0.0,715.31,1,0,0.0,3395.27,2,0,0.0,3395.27,2,0,0.0,1
LGS2ORD0025414,C014310,2025-07-21 06:00:00,Female,39,Platinum,TV,Chonburi,1147,TV_Show,COD,6,7,0,0,30-40,38.233333333333334,0.0,0.0,0.0,-1,-1,0.0,0.0,0.0,0.0,0.0,0.0,0,0,0.0,0.0,0,0,0.0,0.0,0,0,0.0,0.0,0,0,0.0,0
LGS2ORD0025415,C017665,2025-07-21 06:00:00,Male,57,Gold,TV,Remote_Area,1444,Lazada,COD,6,7,0,0,>50,48.13333333333333,8.0,1.0,0.125,105,1,6626.27625,0.28,0.5,0.5,0.0,8587.44,1,0,0.0,8587.44,1,0,0.0,8587.44,1,0,0.0,53010.21,8,1,0.125,0
LGS2ORD0025416,C017522,2025-07-21 06:00:00,Female,40,Silver,TV,Bangkok,1373,Web,Bank_Transfer,6,7,0,0,30-40,45.766666666666666,5.0,1.0,0.2,60,35,4241.206,0.2,0.4,0.0,0.0,0.0,0,0,0.0,0.0,0,0,0.0,9021.689999999999,3,1,0.3333333333333333,21206.03,5,1,0.2,1
LGS2ORD0025417,C011884,2025-07-21 07:00:00,Male,52,Bronze,Shopee,Nakhon Ratchasima,1558,Lazada,Credit_Card,7,7,0,0,>50,51.93333333333333,2.0,0.0,0.0,-1,27,2133.48,0.18,0.5,0.0,0.0,0.0,0,0,0.0,899.62,1,0,0.0,899.62,1,0,0.0,4266.96,2,0,0.0,0
LGS2ORD0025418,C011587,2025-07-21 07:00:00,Female,22,Gold,Web,Bangkok,1413,CallCenter,COD,7,7,0,0,20-30,47.1,6.0,0.0,0.0,-1,21,3237.166666666666,0.33,0.6666666666666666,0.5,0.0,0.0,0,0,0.0,2069.62,2,0,0.0,2968.02,4,0,0.0,19422.999999999996,6,0,0.0,0
LGS2ORD0025419,C017600,2025-07-21 07:00:00,Female,48,Bronze,Web,Chiang Mai,692,TV_Show,COD,7,7,0,0,40-50,23.066666666666666,3.0,2.0,0.6666666666666666,26,29,2413.7433333333333,0.23,0.6666666666666666,0.3333333333333333,0.0,0.0,0,0,0.0,485.04,1,1,1.0,485.04,1,1,1.0,7241.23,3,2,0.6666666666666666,1
LGS2ORD0025420,C015309,2025-07-21 07:00:00,Male,54,Silver,Lazada,Bangkok,323,Shopee,Bank_Transfer,7,7,0,0,>50,10.766666666666667,1.0,0.0,0.0,-1,28,15289.22,0.05,0.0,0.0,0.0,0.0,0,0,0.0,15289.22,1,0,0.0,15289.22,1,0,0.0,15289.22,1,0,0.0,0
LGS2ORD0025421,C012437,2025-07-21 07:00:00,Male,44,Gold,Web,Chiang Mai,241,Web,Credit_Card,7,7,0,0,40-50,8.033333333333333,0.0,0.0,0.0,-1,-1,0.0,0.0,0.0,0.0,0.0,0.0,0,0,0.0,0.0,0,0,0.0,0.0,0,0,0.0,0.0,0,0,0.0,0
LGS2ORD0025422,C010878,2025-07-21 08:00:00,Male,65,Silver,Lazada,Khon Kaen,536,TV_Show,Credit_Card,8,7,0,0,>50,17.866666666666667,5.0,1.0,0.2,3,15,3153.8639999999996,0.25,0.6,0.2,0.0,0.0,0,0,0.0,1378.49,1,1,1.0,11963.519999999999,3,1,0.3333333333333333,15769.319999999998,5,1,0.2,0
LGS2ORD0025423,C011762,2025-07-21 08:00:00,Female,72,Bronze,Shopee,Songkhla,1252,Shopee,Credit_Card,8,7,0,0,>50,41.733333333333334,5.0,1.0,0.2,94,41,4608.972,0.28,0.6,0.4,0.0,0.0,0,0,0.0,0.0,0,0,0.0,6547.61,1,0,0.0,23044.86,5,1,0.2,1
LGS2ORD0025424,C014675,2025-07-21 08:00:00,Male,32,Silver,TV,Phuket,1100,Lazada,Credit_Card,8,7,0,0,30-40,36.666666666666664,4.0,1.0,0.25,51,0,3041.63,0.3,0.5,0.5,0.0,441.07,1,0,0.0,441.07,1,0,0.0,12166.52,4,1,0.25,12166.52,4,1,0.25,0
LGS2ORD0025425,C016482,2025-07-21 08:00:00,Female,70,Bronze,CallCenter,Chonburi,1040,TV_Show,COD,8,7,0,0,>50,34.666666666666664,3.0,0.0,0.0,-1,1,6407.963333333333,0.28,0.3333333333333333,1.0,0.0,9888.83,1,0,0.0,9888.83,1,0,0.0,17835.54,2,0,0.0,19223.89,3,0,0.0,0
LGS2ORD0025426,C016290,2025-07-21 08:00:00,Female,49,Bronze,Shopee,Chonburi,1195,Web,PromptPay,8,7,0,0,40-50,39.833333333333336,4.0,1.0,0.25,17,16,4926.5525,0.18,0.5,0.0,0.0,0.0,0,0,0.0,17060.7,2,1,0.5,18222.32,3,1,0.3333333333333333,19706.21,4,1,0.25,0
LGS2ORD0025427,C010537,2025-07-21 09:00:00,Female,64,Gold,TV,Songkhla,1496,TV_Show,COD,9,7,0,0,>50,49.86666666666667,3.0,1.0,0.3333333333333333,175,115,5438.59,0.28,0.3333333333333333,0.3333333333333333,0.0,0.0,0,0,0.0,0.0,0,0,0.0,0.0,0,0,0.0,16315.77,3,1,0.3333333333333333,0
LGS2ORD0025428,C016564,2025-07-21 09:00:00,Male,55,Bronze,Web,Nakhon Ratchasima,1016,Web,COD,9,7,0,0,>50,33.86666666666667,2.0,1.0,0.5,172,186,4406.905,0.23,1.0,0.5,0.0,0.0,0,0,0.0,0.0,0,0,0.0,0.0,0,0,0.0,8813.81,2,1,0.5,0
LGS2ORD0025429,C011000,2025-07-21 09:00:00,Female,31,Bronze,Shopee,Bangkok,421,CallCenter,COD,9,7,0,0,30-40,14.033333333333333,11.0,4.0,0.36363636363636365,21,33,5965.284545454547,0.28,0.6363636363636364,0.36363636363636365,0.0,0.0,0,0,0.0,0.0,0,0,0.0,11722.420000000002,3,1,0.3333333333333333,65618.13000000002,11,4,0.36363636363636365,0
LGS2ORD0025430,C013436,2025-07-21 09:00:00,Male,53,Bronze,TV,Chiang Mai,583,Lazada,PromptPay,9,7,0,0,>50,19.433333333333334,9.0,4.0,0.4444444444444444,-3,1,12222.216666666667,0.23,0.5555555555555556,0.3333333333333333,0.0,13434.1,1,1,1.0,13434.1,1,1,1.0,36776.56,3,2,0.6666666666666666,109999.95000000001,9,4,0.4444444444444444,1
LGS2ORD0025431,C012319,2025-07-21 09:00:00,Male,40,Bronze,TV,Remote_Area,389,Web,COD,9,7,0,0,30-40,12.966666666666667,6.0,4.0,0.6666666666666666,102,20,1412.7633333333333,0.28,0.5,0.5,0.0,0.0,0,0,0.0,603.33,1,0,0.0,603.33,1,0,0.0,8476.58,6,4,0.6666666666666666,0
LGS2ORD0025432,C012049,2025-07-21 10:00:00,Male,44,Silver,TV,Remote_Area,1507,CallCenter,COD,10,7,0,0,40-50,50.233333333333334,6.0,3.0,0.5,109,18,3905.1333333333337,0.2,0.6666666666666666,0.0,0.0,0.0,0,0,0.0,1326.13,1,0,0.0,1326.13,1,0,0.0,23430.800000000003,6,3,0.5,0
LGS2ORD0025433,C016123,2025-07-21 10:00:00,Male,33,Bronze,TV,Bangkok,450,Web,COD,10,7,0,0,30-40,15.0,0.0,0.0,0.0,-1,-1,0.0,0.0,0.0,0.0,0.0,0.0,0,0,0.0,0.0,0,0,0.0,0.0,0,0,0.0,0.0,0,0,0.0,0
LGS2ORD0025434,C011742,2025-07-21 10:00:00,Female,53,Bronze,Web,Phuket,968,TV_Show,COD,10,7,0,0,>50,32.266666666666666,1.0,0.0,0.0,-1,52,16242.69,0.08,1.0,0.0,0.0,0.0,0,0,0.0,0.0,0,0,0.0,16242.69,1,0,0.0,16242.69,1,0,0.0,1
LGS2ORD0025435,C017025,2025-07-21 10:00:00,Male,34,Gold,Lazada,Bangkok,311,Web,COD,10,7,0,0,30-40,10.366666666666667,4.0,0.0,0.0,-1,83,3797.0325,0.18,0.0,0.0,0.0,0.0,0,0,0.0,0.0,0,0,0.0,516.06,1,0,0.0,15188.13,4,0,0.0,0
LGS2ORD0025436,C017384,2025-07-21 10:00:00,Male,41,Silver,Shopee,Bangkok,1398,Web,COD,10,7,0,0,40-50,46.6,2.0,1.0,0.5,33,48,4128.375,0.2,0.5,0.0,0.0,0.0,0,0,0.0,0.0,0,0,0.0,3999.46,1,1,1.0,8256.75,2,1,0.5,0
LGS2ORD0025437,C010256,2025-07-21 10:00:00,Female,60,Bronze,Lazada,Chiang Mai,425,TV_Show,PromptPay,10,7,0,0,>50,14.166666666666666,3.0,0.0,0.0,-1,68,5573.599999999999,0.28,0.3333333333333333,0.3333333333333333,0.0,0.0,0,0,0.0,0.0,0,0,0.0,13804.55,1,0,0.0,16720.8,3,0,0.0,1
LGS2ORD0025438,C014571,2025-07-21 11:00:00,Female,37,Bronze,TV,Phuket,1166,Lazada,Credit_Card,11,7,0,0,30-40,38.86666666666667,1.0,1.0,1.0,64,81,4114.75,0.03,1.0,0.0,0.0,0.0,0,0,0.0,0.0,0,0,0.0,4114.75,1,1,1.0,4114.75,1,1,1.0,0
LGS2ORD0025439,C011771,2025-07-21 11:00:00,Female,56,Gold,Lazada,Bangkok,1401,TV_Show,PromptPay,11,7,0,0,>50,46.7,2.0,0.0,0.0,-1,34,2508.56,0.13,0.0,0.0,0.0,0.0,0,0,0.0,0.0,0,0,0.0,5017.12,2,0,0.0,5017.12,2,0,0.0,0
LGS2ORD0025440,C016641,2025-07-21 11:00:00,Female,37,Bronze,TV,Chonburi,865,TV_Show,Bank_Transfer,11,7,0,0,30-40,28.833333333333332,5.0,1.0,0.2,177,46,10865.748000000001,0.28,0.4,0.6,0.0,0.0,0,0,0.0,0.0,0,0,0.0,9100.15,1,0,0.0,54328.740000000005,5,1,0.2,0
LGS2ORD0025441,C010873,2025-07-21 11:00:00,Male,58,Bronze,TV,Chiang Mai,1158,TV_Show,PromptPay,11,7,0,0,>50,38.6,2.0,1.0,0.5,141,126,3088.645,0.08,0.5,0.0,0.0,0.0,0,0,0.0,0.0,0,0,0.0,0.0,0,0,0.0,6177.29,2,1,0.5,0
LGS2ORD0025442,C014443,2025-07-21 11:00:00,Male,47,Silver,TV,Remote_Area,1558,TV_Show,PromptPay,11,7,0,0,40-50,51.93333333333333,9.0,4.0,0.4444444444444444,51,32,8694.655555555555,0.3,0.6666666666666666,0.5555555555555556,0.0,0.0,0,0,0.0,0.0,0,0,0.0,24870.04,5,2,0.4,78251.9,9,4,0.4444444444444444,0
LGS2ORD0025443,C016336,2025-07-21 12:00:00,Male,24,Silver,Web,Songkhla,1159,CallCenter,Bank_Transfer,12,7,0,0,20-30,38.63333333333333,3.0,2.0,0.6666666666666666,19,31,4216.386666666666,0.3,1.0,0.3333333333333333,0.0,0.0,0,0,0.0,0.0,0,0,0.0,600.63,1,1,1.0,12649.16,3,2,0.6666666666666666,0
LGS2ORD0025444,C013623,2025-07-21 12:00:00,Female,47,Bronze,TV,Chonburi,1634,Lazada,Bank_Transfer,12,7,0,0,40-50,54.46666666666667,5.0,2.0,0.4,15,23,13549.333999999999,0.23,1.0,0.4,0.0,0.0,0,0,0.0,12559.42,1,1,1.0,53743.77,3,1,0.3333333333333333,67746.67,5,2,0.4,0
LGS2ORD0025445,C015805,2025-07-21 12:00:00,Male,41,Gold,TV,Chiang Mai,1150,Web,COD,12,7,0,0,40-50,38.333333333333336,3.0,0.0,0.0,-1,82,13568.473333333333,0.13,1.0,0.0,0.0,0.0,0,0,0.0,0.0,0,0,0.0,10182.25,1,0,0.0,40705.42,3,0,0.0,0
LGS2ORD0025446,C013871,2025-07-21 12:00:00,Female,46,Silver,TV,Bangkok,1296,TV_Show,Credit_Card,12,7,0,0,40-50,43.2,2.0,0.0,0.0,-1,5,3551.42,0.05,1.0,0.0,0.0,2489.34,1,0,0.0,7102.84,2,0,0.0,7102.84,2,0,0.0,7102.84,2,0,0.0,0
LGS2ORD0025447,C012958,2025-07-21 12:00:00,Male,40,Silver,Lazada,Bangkok,1545,Web,COD,12,7,0,0,30-40,51.5,5.0,1.0,0.2,96,6,3287.4379999999996,0.3,0.4,0.4,0.0,227.11,1,0,0.0,227.11,1,0,0.0,12875.460000000001,3,0,0.0,16437.19,5,1,0.2,1
LGS2ORD0025448,C013161,2025-07-21 13:00:00,Male,50,Bronze,Shopee,Nakhon Ratchasima,1021,Lazada,COD,13,7,0,0,40-50,34.03333333333333,5.0,1.0,0.2,11,24,4154.33,0.23,0.6,0.4,0.0,0.0,0,0,0.0,2300.08,1,1,1.0,4491.12,2,1,0.5,20771.65,5,1,0.2,0
LGS2ORD0025449,C010744,2025-07-21 13:00:00,Female,56,Silver,Web,Khon Kaen,415,Web,Bank_Transfer,13,7,0,0,>50,13.833333333333334,5.0,0.0,0.0,-1,2,7532.858,0.15,0.4,0.0,0.0,22743.84,1,0,0.0,25319.19,2,0,0.0,26169.39,3,0,0.0,37664.29,5,0,0.0,0
LGS2ORD0025450,C017302,2025-07-21 13:00:00,Female,18,Silver,CallCenter,Phuket,539,CallCenter,COD,13,7,0,0,<20,17.966666666666665,3.0,0.0,0.0,-1,22,2389.146666666667,0.3,0.3333333333333333,0.3333333333333333,0.0,0.0,0,0,0.0,2553.41,1,0,0.0,2553.41,1,0,0.0,7167.4400000000005,3,0,0.0,1
LGS2ORD0025451,C016453,2025-07-21 13:00:00,Male,54,Gold,Lazada,Chonburi,1000,CallCenter,Bank_Transfer,13,7,0,0,>50,33.333333333333336,1.0,0.0,0.0,-1,30,7157.06,0.18,1.0,0.0,0.0,0.0,0,0,0.0,0.0,0,0,0.0,7157.06,1,0,0.0,7157.06,1,0,0.0,0
LGS2ORD0025452,C015869,2025-07-21 13:00:00,Female,56,Bronze,Lazada,Phuket,1387,CallCenter,COD,13,7,0,0,>50,46.233333333333334,2.0,1.0,0.5,108,112,9955.255,0.08,0.0,0.0,0.0,0.0,0,0,0.0,0.0,0,0,0.0,0.0,0,0,0.0,19910.51,2,1,0.5,1
LGS2ORD0025453,C015345,2025-07-21 14:00:00,Male,46,Bronze,Shopee,Bangkok,1199,Web,Bank_Transfer,14,7,0,0,40-50,39.96666666666667,1.0,0.0,0.0,-1,138,31698.63,0.03,1.0,0.0,0.0,0.0,0,0,0.0,0.0,0,0,0.0,0.0,0,0,0.0,31698.63,1,0,0.0,0
LGS2ORD0025454,C016477,2025-07-21 14:00:00,Male,34,Silver,Shopee,Bangkok,1620,Shopee,COD,14,7,0,0,30-40,54.0,2.0,2.0,1.0,92,103,6109.87,0.2,0.5,0.0,0.0,0.0,0,0,0.0,0.0,0,0,0.0,0.0,0,0,0.0,12219.74,2,2,1.0,1
LGS2ORD0025455,C014186,2025-07-21 14:00:00,Male,44,Gold,TV,Bangkok,896,Web,COD,14,7,0,0,40-50,29.866666666666667,2.0,1.0,0.5,106,70,6265.45,0.2299999999999999,0.5,0.5,0.0,0.0,0,0,0.0,0.0,0,0,0.0,10230.5,1,0,0.0,12530.9,2,1,0.5,0
LGS2ORD0025456,C014435,2025-07-21 14:00:00,Female,35,Bronze,TV,Remote_Area,478,Lazada,COD,14,7,0,0,30-40,15.933333333333334,6.0,3.0,0.5,130,5,5638.22,0.28,0.6666666666666666,0.16666666666666666,0.0,1165.92,1,0,0.0,1165.92,1,0,0.0,7381.64,2,0,0.0,33829.32,6,3,0.5,1
LGS2ORD0025457,C015810,2025-07-21 14:00:00,Male,53,Gold,TV,Phuket,336,Shopee,Bank_Transfer,14,7,0,0,>50,11.2,4.0,1.0,0.25,22,24,3740.3275000000003,0.28,0.5,0.5,0.0,0.0,0,0,0.0,2795.77,1,1,1.0,2795.77,1,1,1.0,14961.310000000001,4,1,0.25,0
LGS2ORD0025458,C017670,2025-07-21 14:00:00,Male,58,Gold,Shopee,Phuket,453,TV_Show,COD,14,7,0,0,>50,15.1,6.0,2.0,0.3333333333333333,47,7,6157.251666666667,0.33,0.6666666666666666,0.5,0.0,0.0,0,0,0.0,10490.4,1,0,0.0,30916.309999999998,5,1,0.2,36943.51,6,2,0.3333333333333333,0
LGS2ORD0025459,C017474,2025-07-21 15:00:00,Male,42,Gold,TV,Bangkok,1312,Web,PromptPay,15,7,0,0,40-50,43.733333333333334,2.0,1.0,0.5,82,19,523.6,0.28,0.0,1.0,0.0,0.0,0,0,0.0,541.22,1,0,0.0,541.22,1,0,0.0,1047.2,2,1,0.5,0
LGS2ORD0025460,C015013,2025-07-21 15:00:00,Male,51,Bronze,TV,Bangkok,555,Web,COD,15,7,0,0,>50,18.5,5.0,0.0,0.0,-1,0,2450.6639999999998,0.28,0.6,0.2,0.0,1162.13,1,0,0.0,4080.4700000000003,3,0,0.0,6443.77,4,0,0.0,12253.32,5,0,0.0,0
LGS2ORD0025461,C015557,2025-07-21 15:00:00,Female,44,Bronze,TV,Nakhon Ratchasima,286,Shopee,COD,15,7,0,0,40-50,9.533333333333333,2.0,1.0,0.5,21,31,2163.565,0.23,0.5,0.5,0.0,0.0,0,0,0.0,0.0,0,0,0.0,822.51,1,1,1.0,4327.13,2,1,0.5,0
LGS2ORD0025462,C011423,2025-07-21 15:00:00,Other,60,Bronze,Shopee,Bangkok,1615,Web,Credit_Card,15,7,0,0,>50,53.833333333333336,7.0,2.0,0.2857142857142857,1,15,6106.08,0.18,0.8571428571428571,0.0,0.0,0.0,0,0,0.0,20314.97,2,1,0.5,31542.79,4,1,0.25,42742.56,7,2,0.2857142857142857,0
LGS2ORD0025463,C016062,2025-07-21 15:00:00,Female,37,Bronze,Web,Songkhla,1594,TV_Show,COD,15,7,0,0,30-40,53.13333333333333,7.0,4.0,0.5714285714285714,54,70,5087.145714285715,0.28,0.7142857142857143,0.42857142857142855,0.0,0.0,0,0,0.0,0.0,0,0,0.0,12390.77,1,1,1.0,35610.020000000004,7,4,0.5714285714285714,0
LGS2ORD0025464,C011873,2025-07-21 16:00:00,Male,40,Platinum,Web,Bangkok,1156,TV_Show,Credit_Card,16,7,0,0,30-40,38.53333333333333,2.0,1.0,0.5,7,20,795.375,0.3,0.5,1.0,0.0,0.0,0,0,0.0,749.39,1,1,1.0,1590.75,2,1,0.5,1590.75,2,1,0.5,0
LGS2ORD0025465,C016310,2025-07-21 16:00:00,Male,43,Silver,Web,Bangkok,1369,TV_Show,COD,16,7,0,0,40-50,45.63333333333333,1.0,1.0,1.0,55,64,6196.36,0.25,1.0,1.0,0.0,0.0,0,0,0.0,0.0,0,0,0.0,6196.36,1,1,1.0,6196.36,1,1,1.0,0
LGS2ORD0025466,C012852,2025-07-21 16:00:00,Female,70,Bronze,CallCenter,Bangkok,1269,Web,PromptPay,16,7,0,0,>50,42.3,8.0,1.0,0.125,167,2,4091.3125,0.23,0.375,0.125,0.0,9798.98,2,0,0.0,20496.9,3,0,0.0,20496.9,3,0,0.0,32730.5,8,1,0.125,0
LGS2ORD0025467,C015881,2025-07-21 16:00:00,Male,54,Bronze,Lazada,Nakhon Ratchasima,1647,TV_Show,Bank_Transfer,16,7,0,0,>50,54.9,3.0,1.0,0.3333333333333333,92,78,7581.716666666667,0.18,0.3333333333333333,0.0,0.0,0.0,0,0,0.0,0.0,0,0,0.0,18770.47,1,0,0.0,22745.15,3,1,0.3333333333333333,0
LGS2ORD0025468,C010758,2025-07-21 16:00:00,Female,45,Gold,CallCenter,Bangkok,799,CallCenter,PromptPay,16,7,0,0,40-50,26.633333333333333,2.0,0.0,0.0,-1,116,1907.975,0.2299999999999999,0.0,0.5,0.0,0.0,0,0,0.0,0.0,0,0,0.0,0.0,0,0,0.0,3815.95,2,0,0.0,0
LGS2ORD0025469,C013311,2025-07-21 17:00:00,Female,29,Silver,Shopee,Chonburi,1519,CallCenter,Credit_Card,17,7,0,0,20-30,50.63333333333333,2.0,1.0,0.5,105,112,7417.315,0.1,1.0,0.0,0.0,0.0,0,0,0.0,0.0,0,0,0.0,0.0,0,0,0.0,14834.63,2,1,0.5,0
LGS2ORD0025470,C012834,2025-07-21 17:00:00,Male,43,Bronze,TV,Bangkok,1269,Lazada,COD,17,7,0,0,40-50,42.3,5.0,0.0,0.0,-1,12,2396.3659999999995,0.28,0.6,0.2,0.0,0.0,0,0,0.0,710.06,1,0,0.0,6433.4,3,0,0.0,11981.829999999998,5,0,0.0,1
LGS2ORD0025471,C010272,2025-07-21 17:00:00,Female,34,Gold,TV,Songkhla,1201,Web,Credit_Card,17,7,0,0,30-40,40.03333333333333,4.0,1.0,0.25,61,70,6763.1775,0.2299999999999999,0.0,0.5,0.0,0.0,0,0,0.0,0.0,0,0,0.0,13835.59,1,1,1.0,27052.71,4,1,0.25,0
LGS2ORD0025472,C014594,2025-07-21 17:00:00,Female,41,Silver,CallCenter,Nakhon Ratchasima,1422,Lazada,COD,17,7,0,0,40-50,47.4,4.0,1.0,0.25,71,80,4653.1925,0.2,0.75,0.0,0.0,0.0,0,0,0.0,0.0,0,0,0.0,2450.04,1,1,1.0,18612.77,4,1,0.25,0
LGS2ORD0025473,C016948,2025-07-21 17:00:00,Male,37,Bronze,Lazada,Bangkok,887,TV_Show,PromptPay,17,7,0,0,30-40,29.566666666666666,3.0,0.0,0.0,-1,95,2990.34,0.23,0.3333333333333333,0.3333333333333333,0.0,0.0,0,0,0.0,0.0,0,0,0.0,0.0,0,0,0.0,8971.02,3,0,0.0,0
LGS2ORD0025474,C014672,2025-07-21 17:00:00,Female,39,Bronze,Shopee,Chiang Mai,1627,Shopee,COD,17,7,0,0,30-40,54.233333333333334,9.0,2.0,0.2222222222222222,91,16,8466.575555555555,0.18,0.6666666666666666,0.0,0.1111111111111111,0.0,0,0,0.0,2196.48,1,0,0.0,30115.579999999998,4,0,0.0,76199.18,9,2,0.2222222222222222,0
LGS2ORD0025475,C010162,2025-07-21 18:00:00,Male,34,Silver,Lazada,Chonburi,1233,CallCenter,Credit_Card,18,7,0,0,30-40,41.1,3.0,2.0,0.6666666666666666,109,125,11140.88,0.15,0.6666666666666666,0.0,0.0,0.0,0,0,0.0,0.0,0,0,0.0,0.0,0,0,0.0,33422.64,3,2,0.6666666666666666,0
LGS2ORD0025476,C015619,2025-07-21 18:00:00,Female,36,Bronze,Web,Chiang Mai,305,TV_Show,Credit_Card,18,7,0,0,30-40,10.166666666666666,4.0,1.0,0.25,154,13,5300.8125,0.18,0.25,0.0,0.0,0.0,0,0,0.0,4739.3,1,0,0.0,17248.14,2,0,0.0,21203.25,4,1,0.25,1
LGS2ORD0025477,C010138,2025-07-21 18:00:00,Female,26,Silver,Shopee,Bangkok,1580,CallCenter,COD,18,7,0,0,20-30,52.666666666666664,5.0,0.0,0.0,-1,35,6223.454,0.25,1.0,0.2,0.0,0.0,0,0,0.0,0.0,0,0,0.0,6825.96,2,0,0.0,31117.27,5,0,0.0,0
LGS2ORD0025478,C011551,2025-07-21 18:00:00,Male,37,Bronze,Shopee,Phuket,1548,Shopee,Bank_Transfer,18,7,0,0,30-40,51.6,3.0,0.0,0.0,-1,72,1964.0433333333333,0.28,0.3333333333333333,0.6666666666666666,0.0,0.0,0,0,0.0,0.0,0,0,0.0,2323.28,1,0,0.0,5892.13,3,0,0.0,0
LGS2ORD0025479,C010190,2025-07-21 18:00:00,Female,40,Platinum,Shopee,Chonburi,1521,Web,COD,18,7,0,0,30-40,50.7,2.0,2.0,1.0,140,153,1867.15,0.35,0.5,0.5,0.0,0.0,0,0,0.0,0.0,0,0,0.0,0.0,0,0,0.0,3734.3,2,2,1.0,0
LGS2ORD0025480,C011732,2025-07-21 19:00:00,Male,39,Bronze,Web,Chiang Mai,995,Shopee,PromptPay,19,7,0,0,30-40,33.166666666666664,8.0,4.0,0.5,56,1,3161.74125,0.23,0.625,0.125,0.0,4724.54,1,0,0.0,11221.470000000001,2,0,0.0,12579.970000000001,4,2,0.5,25293.93,8,4,0.5,0
LGS2ORD0025481,C010661,2025-07-21 19:00:00,Female,46,Bronze,Web,Phuket,1335,CallCenter,COD,19,7,0,0,40-50,44.5,6.0,3.0,0.5,25,31,2076.021666666667,0.28,0.6666666666666666,0.16666666666666666,0.0,0.0,0,0,0.0,0.0,0,0,0.0,4316.02,3,2,0.6666666666666666,12456.130000000001,6,3,0.5,0
LGS2ORD0025482,C011396,2025-07-21 19:00:00,Male,31,Bronze,Web,Bangkok,1158,Lazada,Credit_Card,19,7,0,0,30-40,38.6,1.0,0.0,0.0,-1,2,3923.81,0.23,0.0,1.0,0.0,3923.81,1,0,0.0,3923.81,1,0,0.0,3923.81,1,0,0.0,3923.81,1,0,0.0,1
LGS2ORD0025483,C016514,2025-07-21 19:00:00,Female,43,Platinum,Shopee,Bangkok,756,TV_Show,COD,19,7,0,0,40-50,25.2,4.0,1.0,0.25,43,58,4227.865,0.35,0.75,0.5,0.0,0.0,0,0,0.0,0.0,0,0,0.0,11690.369999999999,2,1,0.5,16911.46,4,1,0.25,0
LGS2ORD0025484,C010592,2025-07-21 19:00:00,Female,30,Platinum,Lazada,Bangkok,1281,TV_Show,PromptPay,19,7,0,0,20-30,42.7,5.0,0.0,0.0,-1,37,6494.96,0.3,0.6,0.6,0.0,0.0,0,0,0.0,0.0,0,0,0.0,14106.91,1,0,0.0,32474.8,5,0,0.0,0
LGS2ORD0025485,C016125,2025-07-21 20:00:00,Male,31,Bronze,TV,Songkhla,629,Web,COD,20,7,0,0,30-40,20.966666666666665,3.0,2.0,0.6666666666666666,93,4,7825.06,0.18,0.3333333333333333,0.0,0.0,4099.14,1,0,0.0,4099.14,1,0,0.0,4099.14,1,0,0.0,23475.18,3,2,0.6666666666666666,0
LGS2ORD0025486,C012157,2025-07-21 20:00:00,Male,54,Silver,Shopee,Remote_Area,377,CallCenter,COD,20,7,0,0,>50,12.566666666666666,6.0,1.0,0.16666666666666666,183,78,2966.4733333333334,0.3,0.5,0.3333333333333333,0.0,0.0,0,0,0.0,0.0,0,0,0.0,4990.62,1,0,0.0,17798.84,6,1,0.16666666666666666,0
LGS2ORD0025487,C013355,2025-07-21 20:00:00,Female,41,Silver,Web,Phuket,1238,Lazada,Credit_Card,20,7,0,0,40-50,41.266666666666666,2.0,2.0,1.0,1,16,2805.4849999999997,0.3,1.0,1.0,0.0,0.0,0,0,0.0,1295.9,1,1,1.0,1295.9,1,1,1.0,5610.969999999999,2,2,1.0,0
LGS2ORD0025488,C014648,2025-07-21 20:00:00,Female,63,Bronze,TV,Songkhla,1421,CallCenter,Bank_Transfer,20,7,0,0,>50,47.36666666666667,2.0,0.0,0.0,-1,90,5561.7,0.18,0.0,0.0,0.0,0.0,0,0,0.0,0.0,0,0,0.0,0.0,0,0,0.0,11123.4,2,0,0.0,0
LGS2ORD0025489,C017529,2025-07-21 20:00:00,Male,42,Gold,Web,Bangkok,384,Lazada,Credit_Card,20,7,0,0,40-50,12.8,6.0,1.0,0.16666666666666666,113,62,3287.6316666666667,0.33,0.5,0.3333333333333333,0.0,0.0,0,0,0.0,0.0,0,0,0.0,10063.710000000001,3,0,0.0,19725.79,6,1,0.16666666666666666,0
LGS2ORD0025490,C010116,2025-07-21 21:00:00,Male,22,Bronze,TV,Phuket,400,TV_Show,COD,21,7,0,0,20-30,13.333333333333334,1.0,0.0,0.0,-1,98,31912.79,0.13,0.0,0.0,0.0,0.0,0,0,0.0,0.0,0,0,0.0,0.0,0,0,0.0,31912.79,1,0,0.0,0
LGS2ORD0025491,C017407,2025-07-21 21:00:00,Male,48,Bronze,TV,Chiang Mai,985,CallCenter,Credit_Card,21,7,0,0,40-50,32.833333333333336,2.0,0.0,0.0,-1,39,5511.74,0.23,0.5,0.5,0.0,0.0,0,0,0.0,0.0,0,0,0.0,1816.35,1,0,0.0,11023.48,2,0,0.0,0
LGS2ORD0025492,C014568,2025-07-21 21:00:00,Male,36,Bronze,Shopee,Bangkok,1331,TV_Show,COD,21,7,0,0,30-40,44.36666666666667,1.0,0.0,0.0,-1,84,2271.48,0.28,1.0,1.0,0.0,0.0,0,0,0.0,0.0,0,0,0.0,2271.48,1,0,0.0,2271.48,1,0,0.0,0
LGS2ORD0025493,C012691,2025-07-21 21:00:00,Other,31,Bronze,TV,Nakhon Ratchasima,924,TV_Show,COD,21,7,0,0,30-40,30.8,6.0,2.0,0.3333333333333333,12,17,11153.768333333333,0.28,0.6666666666666666,0.3333333333333333,0.0,0.0,0,0,0.0,17887.88,1,1,1.0,24553.93,4,2,0.5,66922.61,6,2,0.3333333333333333,0
LGS2ORD0025494,C017880,2025-07-21 21:00:00,Female,32,Platinum,TV,Chonburi,564,Web,PromptPay,21,7,0,0,30-40,18.8,3.0,2.0,0.6666666666666666,86,79,2898.4233333333336,0.3,0.3333333333333333,0.3333333333333333,0.0,0.0,0,0,0.0,0.0,0,0,0.0,2020.16,1,0,0.0,8695.27,3,2,0.6666666666666666,0
LGS2ORD0025495,C017583,2025-07-21 21:00:00,Male,46,Bronze,TV,Khon Kaen,1162,Lazada,COD,21,7,0,0,40-50,38.733333333333334,3.0,0.0,0.0,-1,142,1699.0733333333335,0.08,0.3333333333333333,0.0,0.0,0.0,0,0,0.0,0.0,0,0,0.0,0.0,0,0,0.0,5097.22,3,0,0.0,0
LGS2ORD0025496,C011471,2025-07-21 22:00:00,Male,22,Gold,Web,Songkhla,465,Web,COD,22,7,0,0,20-30,15.5,3.0,0.0,0.0,-1,34,3620.3766666666666,0.08,0.3333333333333333,0.0,0.0,0.0,0,0,0.0,0.0,0,0,0.0,9124.1,2,0,0.0,10861.13,3,0,0.0,0
LGS2ORD0025497,C011049,2025-07-21 22:00:00,Female,44,Bronze,Lazada,Bangkok,883,Shopee,Credit_Card,22,7,0,0,40-50,29.433333333333334,4.0,1.0,0.25,163,41,2653.6775000000002,0.28,0.5,0.5,0.0,0.0,0,0,0.0,0.0,0,0,0.0,3284.9900000000002,2,0,0.0,10614.710000000001,4,1,0.25,0
LGS2ORD0025498,C013354,2025-07-21 22:00:00,Male,34,Silver,TV,Chonburi,622,CallCenter,COD,22,7,0,0,30-40,20.733333333333334,1.0,0.0,0.0,-1,199,6255.61,0.05,1.0,0.0,0.0,0.0,0,0,0.0,0.0,0,0,0.0,0.0,0,0,0.0,6255.61,1,0,0.0,1
LGS2ORD0025499,C010097,2025-07-21 22:00:00,Male,39,Silver,Lazada,Chonburi,1584,TV_Show,COD,22,7,0,0,30-40,52.8,4.0,0.0,0.0,-1,10,4658.575,0.25,0.0,0.25,0.0,0.0,0,0,0.0,9214.4,2,0,0.0,9214.4,2,0,0.0,18634.3,4,0,0.0,0
LGS2ORD0025500,C011621,2025-07-21 22:00:00,Female,42,Gold,Lazada,Bangkok,968,TV_Show,PromptPay,22,7,0,0,40-50,32.266666666666666,4.0,2.0,0.5,0,12,14086.327500000001,0.28,0.75,0.75,0.0,0.0,0,0,0.0,27893.11,2,1,0.5,27893.11,2,1,0.5,56345.310000000005,4,2,0.5,0
LGS2ORD0025501,C016263,2025-07-21 23:00:00,Male,40,Silver,Lazada,Chonburi,1156,TV_Show,Bank_Transfer,23,7,0,0,30-40,38.53333333333333,0.0,0.0,0.0,-1,-1,0.0,0.0,0.0,0.0,0.0,0.0,0,0,0.0,0.0,0,0,0.0,0.0,0,0,0.0,0.0,0,0,0.0,0
LGS2ORD0025502,C015059,2025-07-21 23:00:00,Male,26,Silver,TV,Phuket,422,TV_Show,Credit_Card,23,7,0,0,20-30,14.066666666666666,3.0,2.0,0.6666666666666666,7,8,4682.4800000000005,0.2,0.3333333333333333,0.0,0.0,0.0,0,0,0.0,8483.21,2,1,0.5,8483.21,2,1,0.5,14047.44,3,2,0.6666666666666666,0
LGS2ORD0025503,C015890,2025-07-21 23:00:00,Male,43,Bronze,Shopee,Phuket,783,Lazada,COD,23,7,0,0,40-50,26.1,3.0,0.0,0.0,-1,62,10401.893333333333,0.28,0.3333333333333333,0.3333333333333333,0.0,0.0,0,0,0.0,0.0,0,0,0.0,3444.35,1,0,0.0,31205.68,3,0,0.0,0
LGS2ORD0025504,C011753,2025-07-21 23:00:00,Female,40,Bronze,TV,Chiang Mai,1550,Lazada,COD,23,7,0,0,30-40,51.666666666666664,6.0,2.0,0.3333333333333333,53,17,6222.8,0.28,0.3333333333333333,0.16666666666666666,0.0,0.0,0,0,0.0,8216.7,1,0,0.0,20422.48,4,1,0.25,37336.8,6,2,0.3333333333333333,0
LGS2ORD0025505,C013605,2025-07-21 23:00:00,Female,66,Silver,Lazada,Bangkok,324,TV_Show,COD,23,7,0,0,>50,10.8,3.0,1.0,0.3333333333333333,163,1,5605.326666666667,0.25,1.0,0.3333333333333333,0.0,2827.7,1,0,0.0,2827.7,1,0,0.0,9811.369999999999,2,0,0.0,16815.98,3,1,0.3333333333333333,0
LGS2ORD0025506,C011529,2025-07-22 00:00:00,Female,39,Bronze,Shopee,Chiang Mai,1500,Shopee,COD,0,7,1,0,30-40,50.0,2.0,0.0,0.0,-1,44,13146.545,0.08,0.0,0.0,0.0,0.0,0,0,0.0,0.0,0,0,0.0,26293.09,2,0,0.0,26293.09,2,0,0.0,0
LGS2ORD0025507,C011649,2025-07-22 00:00:00,Male,53,Bronze,CallCenter,Remote_Area,825,CallCenter,Credit_Card,0,7,1,0,>50,27.5,1.0,0.0,0.0,-1,152,5531.18,0.03,1.0,0.0,0.0,0.0,0,0,0.0,0.0,0,0,0.0,0.0,0,0,0.0,5531.18,1,0,0.0,0
LGS2ORD0025508,C015537,2025-07-22 00:00:00,Female,36,Platinum,Shopee,Khon Kaen,1146,Lazada,COD,0,7,1,0,30-40,38.2,3.0,1.0,0.3333333333333333,101,69,1752.3033333333333,0.25,0.3333333333333333,0.3333333333333333,0.0,0.0,0,0,0.0,0.0,0,0,0.0,3805.89,1,0,0.0,5256.91,3,1,0.3333333333333333,0
LGS2ORD0025509,C014676,2025-07-22 00:00:00,Female,43,Bronze,TV,Nakhon Ratchasima,560,TV_Show,COD,0,7,1,0,40-50,18.666666666666668,5.0,1.0,0.2,184,17,5642.719999999999,0.23,0.6,0.2,0.0,0.0,0,0,0.0,12228.63,1,0,0.0,19075.079999999998,2,0,0.0,28213.6,5,1,0.2,1
LGS2ORD0025510,C015117,2025-07-22 00:00:00,Male,55,Bronze,Web,Chonburi,1485,Web,COD,0,7,1,0,>50,49.5,4.0,0.0,0.0,-1,21,6814.23,0.28,0.0,0.5,0.0,0.0,0,0,0.0,22144.43,1,0,0.0,22738.29,2,0,0.0,27256.92,4,0,0.0,0
LGS2ORD0025511,C012959,2025-07-22 01:00:00,Male,34,Bronze,Web,Bangkok,525,Lazada,COD,1,7,1,0,30-40,17.5,0.0,0.0,0.0,-1,-1,0.0,0.0,0.0,0.0,0.0,0.0,0,0,0.0,0.0,0,0,0.0,0.0,0,0,0.0,0.0,0,0,0.0,1
LGS2ORD0025512,C014826,2025-07-22 01:00:00,Female,67,Silver,TV,Bangkok,320,Web,COD,1,7,1,0,>50,10.666666666666666,3.0,0.0,0.0,-1,13,25102.350000000002,0.1,0.0,0.0,0.0,0.0,0,0,0.0,50764.93,1,0,0.0,50764.93,1,0,0.0,75307.05,3,0,0.0,0
LGS2ORD0025513,C016169,2025-07-22 01:00:00,Female,59,Bronze,TV,Bangkok,858,TV_Show,COD,1,7,1,0,>50,28.6,2.0,0.0,0.0,-1,166,4280.27,0.28,0.5,0.5,0.0,0.0,0,0,0.0,0.0,0,0,0.0,0.0,0,0,0.0,8560.54,2,0,0.0,0
LGS2ORD0025514,C010928,2025-07-22 01:00:00,Female,36,Silver,Web,Bangkok,425,Shopee,Credit_Card,1,7,1,0,30-40,14.166666666666666,3.0,0.0,0.0,-1,17,6780.746666666667,0.2,0.3333333333333333,0.0,0.0,0.0,0,0,0.0,2442.61,1,0,0.0,18894.420000000002,2,0,0.0,20342.24,3,0,0.0,0
LGS2ORD0025515,C017445,2025-07-22 01:00:00,Other,70,Platinum,Web,Chonburi,1331,Web,Bank_Transfer,1,7,1,0,>50,44.36666666666667,4.0,1.0,0.25,35,45,2665.355,0.35,0.0,0.5,0.0,0.0,0,0,0.0,0.0,0,0,0.0,4319.8,1,1,1.0,10661.42,4,1,0.25,0
LGS2ORD0025516,C011712,2025-07-22 01:00:00,Other,54,Bronze,Shopee,Phuket,1336,Lazada,COD,1,7,1,0,>50,44.53333333333333,5.0,2.0,0.4,32,33,2899.79,0.28,0.4,0.6,0.0,0.0,0,0,0.0,0.0,0,0,0.0,3975.77,2,1,0.5,14498.95,5,2,0.4,1
LGS2ORD0025517,C014590,2025-07-22 02:00:00,Male,53,Silver,Web,Bangkok,1238,Lazada,Credit_Card,2,7,1,0,>50,41.266666666666666,2.0,0.0,0.0,-1,6,3661.915,0.15,1.0,0.0,0.0,1505.97,1,0,0.0,1505.97,1,0,0.0,1505.97,1,0,0.0,7323.83,2,0,0.0,1
LGS2ORD0025518,C012242,2025-07-22 02:00:00,Male,54,Silver,CallCenter,Chonburi,1073,Shopee,COD,2,7,1,0,>50,35.766666666666666,3.0,0.0,0.0,-1,99,1936.3166666666664,0.2,0.3333333333333333,0.0,0.0,0.0,0,0,0.0,0.0,0,0,0.0,0.0,0,0,0.0,5808.949999999999,3,0,0.0,1
LGS2ORD0025519,C010431,2025-07-22 02:00:00,Male,62,Silver,TV,Bangkok,1029,Web,COD,2,7,1,0,>50,34.3,5.0,0.0,0.0,-1,12,8012.346,0.25,0.8,0.2,0.0,0.0,0,0,0.0,30241.54,2,0,0.0,33534.66,3,0,0.0,40061.729999999996,5,0,0.0,0
LGS2ORD0025520,C016181,2025-07-22 02:00:00,Male,64,Gold,Shopee,Bangkok,1050,CallCenter,COD,2,7,1,0,>50,35.0,0.0,0.0,0.0,-1,-1,0.0,0.0,0.0,0.0,0.0,0.0,0,0,0.0,0.0,0,0,0.0,0.0,0,0,0.0,0.0,0,0,0.0,0
LGS2ORD0025521,C013161,2025-07-22 02:00:00,Male,50,Bronze,Shopee,Nakhon Ratchasima,1022,Shopee,Credit_Card,2,7,1,0,40-50,34.06666666666667,6.0,1.0,0.16666666666666666,11,0,4118.441666666667,0.23,0.6666666666666666,0.3333333333333333,0.0,3939.0,1,0,0.0,6239.08,2,1,0.5,8430.119999999999,3,1,0.3333333333333333,24710.65,6,1,0.16666666666666666,1
LGS2ORD0025522,C012628,2025-07-22 03:00:00,Male,34,Platinum,Shopee,Bangkok,900,CallCenter,COD,3,7,1,0,30-40,30.0,7.0,1.0,0.14285714285714285,37,34,3306.195714285714,0.3,0.42857142857142855,0.5714285714285714,0.0,0.0,0,0,0.0,0.0,0,0,0.0,21056.43,5,1,0.2,23143.37,7,1,0.14285714285714285,0
LGS2ORD0025523,C011432,2025-07-22 03:00:00,Female,53,Bronze,CallCenter,Chonburi,613,Lazada,COD,3,7,1,0,>50,20.433333333333334,6.0,0.0,0.0,-1,25,6546.586666666666,0.28,0.5,0.16666666666666666,0.0,0.0,0,0,0.0,2764.06,1,0,0.0,11582.019999999999,3,0,0.0,39279.52,6,0,0.0,0
LGS2ORD0025524,C017437,2025-07-22 03:00:00,Female,36,Platinum,CallCenter,Chiang Mai,870,Web,COD,3,7,1,0,30-40,29.0,2.0,0.0,0.0,-1,26,3765.285,0.25,0.5,0.5,0.0,0.0,0,0,0.0,7391.83,1,0,0.0,7391.83,1,0,0.0,7530.57,2,0,0.0,0
LGS2ORD0025525,C013476,2025-07-22 03:00:00,Male,65,Silver,Web,Phuket,1040,Lazada,PromptPay,3,7,1,0,>50,34.666666666666664,4.0,1.0,0.25,48,12,6802.465,0.2,0.5,0.0,0.0,0.0,0,0,0.0,7477.93,1,0,0.0,25159.97,3,1,0.3333333333333333,27209.86,4,1,0.25,0
LGS2ORD0025526,C015351,2025-07-22 03:00:00,Male,49,Silver,Lazada,Bangkok,1168,TV_Show,PromptPay,3,7,1,0,40-50,38.93333333333333,3.0,1.0,0.3333333333333333,74,82,4333.8566666666675,0.1,1.0,0.0,0.0,0.0,0,0,0.0,0.0,0,0,0.0,9695.960000000001,2,1,0.5,13001.570000000002,3,1,0.3333333333333333,0
LGS2ORD0025527,C017964,2025-07-22 04:00:00,Male,49,Platinum,Shopee,Bangkok,1184,Web,COD,4,7,1,0,40-50,39.46666666666667,4.0,0.0,0.0,-1,87,4492.764999999999,0.3,0.5,0.5,0.0,0.0,0,0,0.0,0.0,0,0,0.0,7949.03,1,0,0.0,17971.059999999998,4,0,0.0,0
LGS2ORD0025528,C013997,2025-07-22 04:00:00,Female,43,Silver,Shopee,Bangkok,1350,CallCenter,Credit_Card,4,7,1,0,40-50,45.0,2.0,0.0,0.0,-1,143,5747.9400000000005,0.2,0.0,0.0,0.0,0.0,0,0,0.0,0.0,0,0,0.0,0.0,0,0,0.0,11495.880000000001,2,0,0.0,0
LGS2ORD0025529,C013143,2025-07-22 04:00:00,Male,33,Platinum,Shopee,Khon Kaen,1201,CallCenter,Credit_Card,4,7,1,0,30-40,40.03333333333333,1.0,0.0,0.0,-1,191,2479.29,0.1,1.0,0.0,0.0,0.0,0,0,0.0,0.0,0,0,0.0,0.0,0,0,0.0,2479.29,1,0,0.0,0
LGS2ORD0025530,C014641,2025-07-22 04:00:00,Male,34,Gold,TV,Khon Kaen,969,TV_Show,Bank_Transfer,4,7,1,0,30-40,32.3,3.0,1.0,0.3333333333333333,36,51,1910.2233333333334,0.28,0.3333333333333333,1.0,0.0,0.0,0,0,0.0,0.0,0,0,0.0,3971.44,1,1,1.0,5730.67,3,1,0.3333333333333333,0
LGS2ORD0025531,C011967,2025-07-22 04:00:00,Female,29,Gold,Web,Bangkok,568,CallCenter,Credit_Card,4,7,1,0,20-30,18.933333333333334,4.0,1.0,0.25,98,105,4735.8825,0.33,0.5,0.75,0.0,0.0,0,0,0.0,0.0,0,0,0.0,0.0,0,0,0.0,18943.53,4,1,0.25,0
LGS2ORD0025532,C017651,2025-07-22 05:00:00,Female,53,Bronze,TV,Bangkok,1427,TV_Show,COD,5,7,1,0,>50,47.56666666666667,4.0,1.0,0.25,35,41,1900.5925,0.18,0.75,0.0,0.0,0.0,0,0,0.0,0.0,0,0,0.0,1933.67,1,1,1.0,7602.37,4,1,0.25,1
LGS2ORD0025533,C010701,2025-07-22 05:00:00,Male,44,Silver,TV,Bangkok,831,Shopee,COD,5,7,1,0,40-50,27.7,5.0,1.0,0.2,115,33,4010.3380000000006,0.15,0.6,0.0,0.0,0.0,0,0,0.0,0.0,0,0,0.0,12117.460000000001,2,0,0.0,20051.690000000002,5,1,0.2,0
LGS2ORD0025534,C013091,2025-07-22 05:00:00,Female,54,Silver,Web,Bangkok,555,TV_Show,PromptPay,5,7,1,0,>50,18.5,4.0,1.0,0.25,149,34,16941.03,0.2,0.5,0.0,0.0,0.0,0,0,0.0,0.0,0,0,0.0,7553.44,1,0,0.0,67764.12,4,1,0.25,0
LGS2ORD0025535,C013219,2025-07-22 05:00:00,Other,18,Gold,Shopee,Chiang Mai,1267,TV_Show,COD,5,7,1,0,<20,42.233333333333334,3.0,1.0,0.3333333333333333,13,24,9696.32,0.28,0.0,0.6666666666666666,0.0,0.0,0,0,0.0,26981.21,1,1,1.0,29088.96,3,1,0.3333333333333333,29088.96,3,1,0.3333333333333333,0
LGS2ORD0025536,C016049,2025-07-22 05:00:00,Female,27,Platinum,Lazada,Bangkok,555,Shopee,COD,5,7,1,0,20-30,18.5,0.0,0.0,0.0,-1,-1,0.0,0.0,0.0,0.0,0.0,0.0,0,0,0.0,0.0,0,0,0.0,0.0,0,0,0.0,0.0,0,0,0.0,0
LGS2ORD0025537,C015795,2025-07-22 05:00:00,Female,18,Bronze,TV,Nakhon Ratchasima,438,TV_Show,Credit_Card,5,7,1,0,<20,14.6,5.0,0.0,0.0,-1,77,4025.1479999999997,0.08,0.2,0.0,0.0,0.0,0,0,0.0,0.0,0,0,0.0,782.67,1,0,0.0,20125.739999999998,5,0,0.0,0
LGS2ORD0025538,C016480,2025-07-22 06:00:00,Female,57,Silver,Web,Bangkok,1091,Shopee,COD,6,7,1,0,>50,36.36666666666667,0.0,0.0,0.0,-1,-1,0.0,0.0,0.0,0.0,0.0,0.0,0,0,0.0,0.0,0,0,0.0,0.0,0,0,0.0,0.0,0,0,0.0,0
LGS2ORD0025539,C011868,2025-07-22 06:00:00,Female,25,Gold,Shopee,Chonburi,1043,TV_Show,Credit_Card,6,7,1,0,20-30,34.766666666666666,2.0,0.0,0.0,-1,2,4188.98,0.28,0.5,1.0,0.0,1710.47,1,0,0.0,8377.96,2,0,0.0,8377.96,2,0,0.0,8377.96,2,0,0.0,0
LGS2ORD0025540,C015012,2025-07-22 06:00:00,Female,55,Silver,Web,Khon Kaen,526,Shopee,Credit_Card,6,7,1,0,>50,17.533333333333335,5.0,2.0,0.4,21,29,7567.995999999999,0.1,0.6,0.0,0.0,0.0,0,0,0.0,9689.45,1,1,1.0,9689.45,1,1,1.0,37839.979999999996,5,2,0.4,0
LGS2ORD0025541,C014882,2025-07-22 06:00:00,Male,51,Bronze,Lazada,Remote_Area,1425,CallCenter,Credit_Card,6,7,1,0,>50,47.5,4.0,2.0,0.5,117,79,2357.0275,0.23,0.0,0.25,0.0,0.0,0,0,0.0,0.0,0,0,0.0,3597.58,1,0,0.0,9428.11,4,2,0.5,0
LGS2ORD0025542,C011946,2025-07-22 06:00:00,Female,48,Platinum,Web,Chiang Mai,1026,CallCenter,COD,6,7,1,0,40-50,34.2,4.0,0.0,0.0,-1,45,5283.66,0.3,0.0,0.75,0.0,0.0,0,0,0.0,0.0,0,0,0.0,4424.21,1,0,0.0,21134.64,4,0,0.0,0
LGS2ORD0025543,C015768,2025-07-22 07:00:00,Female,18,Bronze,CallCenter,Nakhon Ratchasima,1546,Shopee,PromptPay,7,7,1,0,<20,51.53333333333333,4.0,3.0,0.75,135,145,4379.8,0.23,0.75,0.5,0.0,0.0,0,0,0.0,0.0,0,0,0.0,0.0,0,0,0.0,17519.2,4,3,0.75,0
LGS2ORD0025544,C016204,2025-07-22 07:00:00,Female,35,Silver,Shopee,Nakhon Ratchasima,1611,TV_Show,PromptPay,7,7,1,0,30-40,53.7,0.0,0.0,0.0,-1,-1,0.0,0.0,0.0,0.0,0.0,0.0,0,0,0.0,0.0,0,0,0.0,0.0,0,0,0.0,0.0,0,0,0.0,0
LGS2ORD0025545,C012759,2025-07-22 07:00:00,Male,45,Silver,Shopee,Bangkok,976,TV_Show,Credit_Card,7,7,1,0,40-50,32.53333333333333,2.0,0.0,0.0,-1,97,6171.71,0.15,1.0,0.0,0.0,0.0,0,0,0.0,0.0,0,0,0.0,0.0,0,0,0.0,12343.42,2,0,0.0,0
LGS2ORD0025546,C015869,2025-07-22 07:00:00,Female,56,Bronze,Lazada,Phuket,1388,TV_Show,PromptPay,7,7,1,0,>50,46.266666666666666,3.0,2.0,0.6666666666666666,-7,0,7917.529999999999,0.28,0.3333333333333333,0.3333333333333333,0.0,3842.08,1,1,1.0,3842.08,1,1,1.0,3842.08,1,1,1.0,23752.589999999997,3,2,0.6666666666666666,1
LGS2ORD0025547,C014715,2025-07-22 07:00:00,Male,22,Bronze,Shopee,Songkhla,613,Shopee,COD,7,7,1,0,20-30,20.433333333333334,3.0,2.0,0.6666666666666666,113,36,3048.65,0.23,0.3333333333333333,0.3333333333333333,0.0,0.0,0,0,0.0,0.0,0,0,0.0,1957.87,1,0,0.0,9145.95,3,2,0.6666666666666666,1
LGS2ORD0025548,C017809,2025-07-22 08:00:00,Female,47,Bronze,Lazada,Bangkok,274,Web,Credit_Card,8,7,1,0,40-50,9.133333333333333,5.0,0.0,0.0,-1,4,4039.9980000000005,0.28,0.6,0.2,0.0,651.88,1,0,0.0,651.88,1,0,0.0,15653.199999999999,2,0,0.0,20199.99,5,0,0.0,0
LGS2ORD0025549,C010017,2025-07-22 08:00:00,Male,50,Silver,TV,Phuket,784,Web,COD,8,7,1,0,40-50,26.133333333333333,2.0,2.0,1.0,141,158,2489.435,0.3,0.5,0.5,0.0,0.0,0,0,0.0,0.0,0,0,0.0,0.0,0,0,0.0,4978.87,2,2,1.0,0
LGS2ORD0025550,C016030,2025-07-22 08:00:00,Female,36,Gold,TV,Bangkok,618,CallCenter,COD,8,7,1,0,30-40,20.6,2.0,0.0,0.0,-1,46,6306.125,0.13,0.0,0.0,0.0,0.0,0,0,0.0,0.0,0,0,0.0,10773.95,1,0,0.0,12612.25,2,0,0.0,0
LGS2ORD0025551,C010650,2025-07-22 08:00:00,Female,63,Gold,Lazada,Phuket,1414,Lazada,Bank_Transfer,8,7,1,0,>50,47.13333333333333,4.0,1.0,0.25,180,128,6017.47,0.28,0.25,0.5,0.0,0.0,0,0,0.0,0.0,0,0,0.0,0.0,0,0,0.0,24069.88,4,1,0.25,0
LGS2ORD0025552,C014686,2025-07-22 08:00:00,Female,42,Silver,Web,Khon Kaen,1084,TV_Show,COD,8,7,1,0,40-50,36.13333333333333,3.0,0.0,0.0,-1,84,10969.599999999999,0.1,0.0,0.0,0.0,0.0,0,0,0.0,0.0,0,0,0.0,27757.19,1,0,0.0,32908.799999999996,3,0,0.0,0
LGS2ORD0025553,C015156,2025-07-22 09:00:00,Female,31,Gold,Lazada,Khon Kaen,719,Web,Bank_Transfer,9,7,1,0,30-40,23.966666666666665,2.0,0.0,0.0,-1,152,2216.73,0.33,0.5,0.5,0.0,0.0,0,0,0.0,0.0,0,0,0.0,0.0,0,0,0.0,4433.46,2,0,0.0,0
LGS2ORD0025554,C012364,2025-07-22 09:00:00,Male,33,Gold,CallCenter,Songkhla,416,Shopee,PromptPay,9,7,1,0,30-40,13.866666666666667,3.0,2.0,0.6666666666666666,151,42,1591.9866666666665,0.33,1.0,0.6666666666666666,0.0,0.0,0,0,0.0,0.0,0,0,0.0,2665.74,1,0,0.0,4775.959999999999,3,2,0.6666666666666666,0
LGS2ORD0025555,C014189,2025-07-22 09:00:00,Female,27,Bronze,Lazada,Khon Kaen,841,TV_Show,COD,9,7,1,0,20-30,28.033333333333335,3.0,1.0,0.3333333333333333,57,41,1510.3333333333333,0.23,0.3333333333333333,0.6666666666666666,0.0,0.0,0,0,0.0,0.0,0,0,0.0,4531.0,3,1,0.3333333333333333,4531.0,3,1,0.3333333333333333,1
LGS2ORD0025556,C017576,2025-07-22 09:00:00,Female,42,Silver,TV,Chonburi,800,Lazada,Credit_Card,9,7,1,0,40-50,26.666666666666668,4.0,1.0,0.25,22,25,6476.4825,0.25,0.75,0.25,0.0,0.0,0,0,0.0,11963.69,1,1,1.0,11963.69,1,1,1.0,25905.93,4,1,0.25,0
LGS2ORD0025557,C012622,2025-07-22 09:00:00,Female,22,Silver,Web,Bangkok,1513,CallCenter,Credit_Card,9,7,1,0,20-30,50.43333333333333,5.0,1.0,0.2,6,18,2236.3540000000003,0.3,0.6,0.2,0.0,0.0,0,0,0.0,543.5,1,1,1.0,6473.7300000000005,3,1,0.3333333333333333,11181.77,5,1,0.2,0
LGS2ORD0025558,C010956,2025-07-22 09:00:00,Female,27,Gold,Web,Phuket,444,Shopee,Credit_Card,9,7,1,0,20-30,14.8,3.0,2.0,0.6666666666666666,59,67,3490.633333333333,0.28,0.3333333333333333,0.6666666666666666,0.0,0.0,0,0,0.0,0.0,0,0,0.0,777.66,1,1,1.0,10471.9,3,2,0.6666666666666666,1
LGS2ORD0025559,C016541,2025-07-22 10:00:00,Male,31,Platinum,Shopee,Nakhon Ratchasima,881,Web,COD,10,7,1,0,30-40,29.366666666666667,3.0,0.0,0.0,-1,45,17514.123333333333,0.35,0.6666666666666666,0.3333333333333333,0.0,0.0,0,0,0.0,0.0,0,0,0.0,21392.55,1,0,0.0,52542.369999999995,3,0,0.0,0
LGS2ORD0025560,C012829,2025-07-22 10:00:00,Female,72,Silver,TV,Bangkok,1033,Shopee,COD,10,7,1,0,>50,34.43333333333333,10.0,4.0,0.4,54,9,5999.036,0.25,0.7,0.2,0.0,0.0,0,0,0.0,11335.0,2,0,0.0,15822.96,3,1,0.3333333333333333,59990.36,10,4,0.4,1
LGS2ORD0025561,C015089,2025-07-22 10:00:00,Female,46,Gold,TV,Khon Kaen,1551,TV_Show,COD,10,7,1,0,40-50,51.7,8.0,1.0,0.125,-5,7,3426.2625,0.33,0.125,0.5,0.0,0.0,0,0,0.0,5443.74,2,1,0.5,10674.86,5,1,0.2,27410.1,8,1,0.125,0
LGS2ORD0025562,C017811,2025-07-22 10:00:00,Female,26,Silver,Shopee,Songkhla,671,TV_Show,Bank_Transfer,10,7,1,0,20-30,22.366666666666667,4.0,2.0,0.5,26,40,7868.0125,0.3,1.0,1.0,0.0,0.0,0,0,0.0,0.0,0,0,0.0,19780.25,1,1,1.0,31472.05,4,2,0.5,0
LGS2ORD0025563,C011802,2025-07-22 10:00:00,Male,29,Silver,CallCenter,Chiang Mai,281,TV_Show,Bank_Transfer,10,7,1,0,20-30,9.366666666666667,4.0,2.0,0.5,42,46,1576.5974999999999,0.2,0.75,0.0,0.0,0.0,0,0,0.0,0.0,0,0,0.0,3870.08,2,1,0.5,6306.389999999999,4,2,0.5,0
LGS2ORD0025564,C014517,2025-07-22 11:00:00,Female,50,Silver,CallCenter,Songkhla,229,Web,Credit_Card,11,7,1,0,40-50,7.633333333333334,5.0,2.0,0.4,115,124,5491.974,0.3,0.8,0.2,0.0,0.0,0,0,0.0,0.0,0,0,0.0,0.0,0,0,0.0,27459.87,5,2,0.4,0
LGS2ORD0025565,C014697,2025-07-22 11:00:00,Male,65,Bronze,TV,Nakhon Ratchasima,612,Shopee,Credit_Card,11,7,1,0,>50,20.4,5.0,1.0,0.2,132,1,1137.7499999999998,0.18,0.6,0.0,0.0,892.07,1,0,0.0,892.07,1,0,0.0,2672.64,2,0,0.0,5688.749999999999,5,1,0.2,0
LGS2ORD0025566,C016868,2025-07-22 11:00:00,Male,33,Silver,Lazada,Khon Kaen,1637,Web,COD,11,7,1,0,30-40,54.56666666666667,5.0,0.0,0.0,-1,12,2370.8120000000004,0.25,0.4,0.2,0.0,0.0,0,0,0.0,2181.3,1,0,0.0,10399.7,4,0,0.0,11854.060000000001,5,0,0.0,1
LGS2ORD0025567,C015034,2025-07-22 11:00:00,Female,31,Bronze,Shopee,Bangkok,1546,Shopee,Credit_Card,11,7,1,0,30-40,51.53333333333333,3.0,0.0,0.0,-1,35,3885.16,0.23,0.3333333333333333,0.3333333333333333,0.0,0.0,0,0,0.0,0.0,0,0,0.0,5789.639999999999,2,0,0.0,11655.48,3,0,0.0,0
LGS2ORD0025568,C015960,2025-07-22 11:00:00,Male,49,Bronze,Shopee,Khon Kaen,429,Lazada,Credit_Card,11,7,1,0,40-50,14.3,2.0,1.0,0.5,-5,5,918.115,0.23,0.5,1.0,0.0,1386.36,1,1,1.0,1386.36,1,1,1.0,1386.36,1,1,1.0,1836.23,2,1,0.5,0
LGS2ORD0025569,C010881,2025-07-22 12:00:00,Female,42,Silver,TV,Remote_Area,1569,Lazada,PromptPay,12,7,1,0,40-50,52.3,2.0,1.0,0.5,171,176,7956.955,0.25,0.5,0.5,0.0,0.0,0,0,0.0,0.0,0,0,0.0,0.0,0,0,0.0,15913.91,2,1,0.5,0
LGS2ORD0025570,C012942,2025-07-22 12:00:00,Male,45,Bronze,Lazada,Chonburi,236,TV_Show,COD,12,7,1,0,40-50,7.866666666666666,5.0,0.0,0.0,-1,37,3752.0,0.28,0.6,0.2,0.0,0.0,0,0,0.0,0.0,0,0,0.0,15729.34,3,0,0.0,18760.0,5,0,0.0,0
LGS2ORD0025571,C010419,2025-07-22 12:00:00,Male,37,Bronze,CallCenter,Songkhla,1381,CallCenter,COD,12,7,1,0,30-40,46.03333333333333,5.0,3.0,0.6,2,9,9812.088,0.23,0.4,0.2,0.0,0.0,0,0,0.0,3523.24,1,1,1.0,29433.260000000002,4,3,0.75,49060.44,5,3,0.6,1
LGS2ORD0025572,C013711,2025-07-22 12:00:00,Female,39,Bronze,TV,Remote_Area,1407,Shopee,Credit_Card,12,7,1,0,30-40,46.9,1.0,0.0,0.0,-1,187,1429.69,0.13,0.0,0.0,0.0,0.0,0,0,0.0,0.0,0,0,0.0,0.0,0,0,0.0,1429.69,1,0,0.0,0
LGS2ORD0025573,C010487,2025-07-22 12:00:00,Male,63,Bronze,TV,Remote_Area,1213,Web,Credit_Card,12,7,1,0,>50,40.43333333333333,6.0,1.0,0.16666666666666666,-4,8,5600.926666666666,0.28,0.5,0.5,0.0,0.0,0,0,0.0,4596.35,2,1,0.5,27068.039999999997,4,1,0.25,33605.56,6,1,0.16666666666666666,0
LGS2ORD0025574,C016795,2025-07-22 13:00:00,Male,42,Bronze,Web,Bangkok,1112,Shopee,Credit_Card,13,7,1,0,40-50,37.06666666666667,4.0,1.0,0.25,151,20,10873.1225,0.23,1.0,0.25,0.0,0.0,0,0,0.0,6883.04,1,0,0.0,11279.92,2,0,0.0,43492.49,4,1,0.25,0
LGS2ORD0025575,C016606,2025-07-22 13:00:00,Female,50,Bronze,TV,Chiang Mai,1518,Web,COD,13,7,1,0,40-50,50.6,3.0,1.0,0.3333333333333333,82,13,5375.506666666667,0.18,0.6666666666666666,0.0,0.0,0.0,0,0,0.0,13988.849999999999,2,0,0.0,16126.52,3,1,0.3333333333333333,16126.52,3,1,0.3333333333333333,0
LGS2ORD0025576,C011816,2025-07-22 13:00:00,Female,43,Bronze,Lazada,Bangkok,997,Shopee,COD,13,7,1,0,40-50,33.233333333333334,2.0,1.0,0.5,157,131,2170.91,0.08,0.5,0.0,0.0,0.0,0,0,0.0,0.0,0,0,0.0,0.0,0,0,0.0,4341.82,2,1,0.5,1
LGS2ORD0025577,C014633,2025-07-22 13:00:00,Male,38,Bronze,CallCenter,Chonburi,317,CallCenter,PromptPay,13,7,1,0,30-40,10.566666666666666,4.0,0.0,0.0,-1,1,2180.185,0.23,1.0,0.25,0.0,1325.25,1,0,0.0,1325.25,1,0,0.0,3086.92,2,0,0.0,8720.74,4,0,0.0,0
LGS2ORD0025578,C014248,2025-07-22 13:00:00,Female,33,Bronze,Web,Chonburi,1385,TV_Show,COD,13,7,1,0,30-40,46.166666666666664,4.0,1.0,0.25,28,12,3319.9625,0.23,0.75,0.25,0.0,0.0,0,0,0.0,8174.65,2,0,0.0,8879.3,3,1,0.3333333333333333,13279.85,4,1,0.25,0
LGS2ORD0025579,C013633,2025-07-22 13:00:00,Male,47,Bronze,Shopee,Chonburi,1460,Shopee,COD,13,7,1,0,40-50,48.666666666666664,1.0,0.0,0.0,-1,56,1432.6,0.08,1.0,0.0,0.0,0.0,0,0,0.0,0.0,0,0,0.0,1432.6,1,0,0.0,1432.6,1,0,0.0,0
LGS2ORD0025580,C011572,2025-07-22 14:00:00,Male,39,Platinum,TV,Songkhla,271,Lazada,Credit_Card,14,7,1,0,30-40,9.033333333333333,2.0,1.0,0.5,96,105,9443.945,0.2,0.0,0.0,0.0,0.0,0,0,0.0,0.0,0,0,0.0,0.0,0,0,0.0,18887.89,2,1,0.5,1
LGS2ORD0025581,C017980,2025-07-22 14:00:00,Female,49,Bronze,TV,Chiang Mai,876,TV_Show,Credit_Card,14,7,1,0,40-50,29.2,6.0,2.0,0.3333333333333333,49,52,4849.1050000000005,0.13,0.16666666666666666,0.0,0.0,0.0,0,0,0.0,0.0,0,0,0.0,27031.83,5,2,0.4,29094.63,6,2,0.3333333333333333,0
LGS2ORD0025582,C012516,2025-07-22 14:00:00,Male,27,Bronze,Web,Nakhon Ratchasima,641,Web,COD,14,7,1,0,20-30,21.366666666666667,2.0,0.0,0.0,-1,92,5393.135,0.28,0.5,0.5,0.0,0.0,0,0,0.0,0.0,0,0,0.0,0.0,0,0,0.0,10786.27,2,0,0.0,0
LGS2ORD0025583,C011458,2025-07-22 14:00:00,Female,47,Silver,TV,Remote_Area,586,Web,Bank_Transfer,14,7,1,0,40-50,19.533333333333335,1.0,0.0,0.0,-1,95,1013.97,0.2,0.0,0.0,0.0,0.0,0,0,0.0,0.0,0,0,0.0,0.0,0,0,0.0,1013.97,1,0,0.0,0
LGS2ORD0025584,C013129,2025-07-22 14:00:00,Male,32,Bronze,TV,Remote_Area,749,Lazada,COD,14,7,1,0,30-40,24.966666666666665,4.0,1.0,0.25,15,25,6370.1975,0.28,0.75,0.75,0.0,0.0,0,0,0.0,8114.06,1,1,1.0,8114.06,1,1,1.0,25480.79,4,1,0.25,0
LGS2ORD0025585,C015935,2025-07-22 15:00:00,Female,38,Bronze,TV,Songkhla,525,Web,Bank_Transfer,15,7,1,0,30-40,17.5,4.0,1.0,0.25,165,61,7354.099999999999,0.18,0.75,0.0,0.0,0.0,0,0,0.0,0.0,0,0,0.0,12895.3,1,0,0.0,29416.399999999998,4,1,0.25,0
LGS2ORD0025586,C017018,2025-07-22 15:00:00,Male,27,Gold,Lazada,Chonburi,988,TV_Show,COD,15,7,1,0,20-30,32.93333333333333,3.0,0.0,0.0,-1,35,4430.3533333333335,0.33,0.3333333333333333,1.0,0.0,0.0,0,0,0.0,0.0,0,0,0.0,13291.06,3,0,0.0,13291.06,3,0,0.0,1
LGS2ORD0025587,C014527,2025-07-22 15:00:00,Female,26,Bronze,Shopee,Chiang Mai,1154,Lazada,Bank_Transfer,15,7,1,0,20-30,38.46666666666667,4.0,0.0,0.0,-1,48,1161.65,0.08,0.0,0.0,0.0,0.0,0,0,0.0,0.0,0,0,0.0,1042.84,1,0,0.0,4646.6,4,0,0.0,0
LGS2ORD0025588,C013389,2025-07-22 15:00:00,Female,43,Silver,Shopee,Bangkok,1336,Web,COD,15,7,1,0,40-50,44.53333333333333,2.0,1.0,0.5,42,54,1574.07,0.3,1.0,0.5,0.0,0.0,0,0,0.0,0.0,0,0,0.0,1461.79,1,1,1.0,3148.14,2,1,0.5,0
LGS2ORD0025589,C013307,2025-07-22 15:00:00,Male,43,Gold,TV,Nakhon Ratchasima,1149,Lazada,Credit_Card,15,7,1,0,40-50,38.3,2.0,0.0,0.0,-1,98,2168.8650000000002,0.18,0.5,0.0,0.0,0.0,0,0,0.0,0.0,0,0,0.0,0.0,0,0,0.0,4337.7300000000005,2,0,0.0,0
LGS2ORD0025590,C010414,2025-07-22 16:00:00,Male,65,Bronze,Lazada,Songkhla,785,Web,COD,16,7,1,0,>50,26.166666666666668,3.0,1.0,0.3333333333333333,79,60,6162.746666666667,0.23,0.6666666666666666,0.3333333333333333,0.0,0.0,0,0,0.0,0.0,0,0,0.0,989.61,1,0,0.0,18488.24,3,1,0.3333333333333333,0
LGS2ORD0025591,C011770,2025-07-22 16:00:00,Female,37,Bronze,Shopee,Bangkok,820,Web,COD,16,7,1,0,30-40,27.333333333333332,1.0,1.0,1.0,143,156,4074.72,0.18,1.0,0.0,0.0,0.0,0,0,0.0,0.0,0,0,0.0,0.0,0,0,0.0,4074.72,1,1,1.0,0
LGS2ORD0025592,C012521,2025-07-22 16:00:00,Female,40,Bronze,TV,Phuket,455,Shopee,COD,16,7,1,0,30-40,15.166666666666666,4.0,0.0,0.0,-1,42,8203.4925,0.18,0.75,0.0,0.0,0.0,0,0,0.0,0.0,0,0,0.0,28367.67,3,0,0.0,32813.97,4,0,0.0,0
LGS2ORD0025593,C011227,2025-07-22 16:00:00,Male,44,Bronze,Web,Bangkok,763,CallCenter,PromptPay,16,7,1,0,40-50,25.433333333333334,0.0,0.0,0.0,-1,-1,0.0,0.0,0.0,0.0,0.0,0.0,0,0,0.0,0.0,0,0,0.0,0.0,0,0,0.0,0.0,0,0,0.0,0
LGS2ORD0025594,C010852,2025-07-22 16:00:00,Male,49,Gold,Web,Chiang Mai,1462,TV_Show,PromptPay,16,7,1,0,40-50,48.733333333333334,3.0,0.0,0.0,-1,79,4909.203333333334,0.28,0.6666666666666666,0.3333333333333333,0.0,0.0,0,0,0.0,0.0,0,0,0.0,11189.12,1,0,0.0,14727.61,3,0,0.0,0
LGS2ORD0025595,C017264,2025-07-22 16:00:00,Male,61,Bronze,TV,Phuket,1442,TV_Show,COD,16,7,1,0,>50,48.06666666666667,2.0,1.0,0.5,103,116,1579.0349999999999,0.18,0.5,0.0,0.0,0.0,0,0,0.0,0.0,0,0,0.0,0.0,0,0,0.0,3158.0699999999997,2,1,0.5,0
LGS2ORD0025596,C012145,2025-07-22 17:00:00,Female,27,Silver,Shopee,Bangkok,365,Web,COD,17,7,1,0,20-30,12.166666666666666,2.0,0.0,0.0,-1,111,533.085,0.1,0.5,0.0,0.0,0.0,0,0,0.0,0.0,0,0,0.0,0.0,0,0,0.0,1066.17,2,0,0.0,0
LGS2ORD0025597,C010847,2025-07-22 17:00:00,Female,43,Gold,Web,Bangkok,757,Web,COD,17,7,1,0,40-50,25.233333333333334,2.0,0.0,0.0,-1,151,5533.615,0.13,0.5,0.0,0.0,0.0,0,0,0.0,0.0,0,0,0.0,0.0,0,0,0.0,11067.23,2,0,0.0,1
LGS2ORD0025598,C017345,2025-07-22 17:00:00,Male,47,Bronze,Lazada,Nakhon Ratchasima,1121,Web,PromptPay,17,7,1,0,40-50,37.36666666666667,5.0,1.0,0.2,139,10,5736.837999999999,0.28,0.8,0.2,0.0,0.0,0,0,0.0,6889.950000000001,2,0,0.0,6889.950000000001,2,0,0.0,28684.189999999995,5,1,0.2,0
LGS2ORD0025599,C016935,2025-07-22 17:00:00,Male,39,Silver,Web,Nakhon Ratchasima,556,TV_Show,COD,17,7,1,0,30-40,18.533333333333335,3.0,1.0,0.3333333333333333,92,90,2710.2166666666667,0.3,0.3333333333333333,0.3333333333333333,0.0,0.0,0,0,0.0,0.0,0,0,0.0,0.0,0,0,0.0,8130.65,3,1,0.3333333333333333,0
LGS2ORD0025600,C013831,2025-07-22 17:00:00,Male,27,Silver,TV,Nakhon Ratchasima,261,TV_Show,Credit_Card,17,7,1,0,20-30,8.7,5.0,1.0,0.2,11,23,5855.776,0.15,0.4,0.0,0.0,0.0,0,0,0.0,843.03,1,1,1.0,26451.89,3,1,0.3333333333333333,29278.879999999997,5,1,0.2,0
LGS2ORD0025601,C015045,2025-07-22 18:00:00,Male,39,Bronze,Shopee,Phuket,744,Shopee,COD,18,7,1,0,30-40,24.8,4.0,3.0,0.75,60,70,3565.0275,0.18,0.5,0.0,0.0,0.0,0,0,0.0,0.0,0,0,0.0,3990.49,2,1,0.5,14260.11,4,3,0.75,1
LGS2ORD0025602,C017818,2025-07-22 18:00:00,Male,53,Bronze,Shopee,Remote_Area,1217,TV_Show,Credit_Card,18,7,1,0,>50,40.56666666666667,3.0,1.0,0.3333333333333333,176,121,3618.1699999999996,0.23,0.6666666666666666,0.3333333333333333,0.0,0.0,0,0,0.0,0.0,0,0,0.0,0.0,0,0,0.0,10854.509999999998,3,1,0.3333333333333333,1
LGS2ORD0025603,C015796,2025-07-22 18:00:00,Male,60,Bronze,Lazada,Bangkok,223,Shopee,COD,18,7,1,0,>50,7.433333333333334,2.0,0.0,0.0,-1,120,7991.735,0.23,0.0,0.5,0.0,0.0,0,0,0.0,0.0,0,0,0.0,0.0,0,0,0.0,15983.47,2,0,0.0,1
LGS2ORD0025604,C012493,2025-07-22 18:00:00,Other,56,Bronze,Shopee,Chiang Mai,1015,TV_Show,COD,18,7,1,0,>50,33.833333333333336,5.0,2.0,0.4,55,23,2160.4539999999997,0.23,1.0,0.2,0.0,0.0,0,0,0.0,1949.33,1,0,0.0,3641.87,2,1,0.5,10802.269999999999,5,2,0.4,1
LGS2ORD0025605,C010685,2025-07-22 18:00:00,Female,33,Gold,Web,Chiang Mai,1355,Lazada,Credit_Card,18,7,1,0,30-40,45.166666666666664,2.0,0.0,0.0,-1,119,1523.835,0.18,0.5,0.0,0.0,0.0,0,0,0.0,0.0,0,0,0.0,0.0,0,0,0.0,3047.67,2,0,0.0,0
LGS2ORD0025606,C015233,2025-07-22 19:00:00,Female,23,Gold,Shopee,Khon Kaen,1120,Web,COD,19,7,1,0,20-30,37.333333333333336,6.0,3.0,0.5,11,25,3850.895,0.33,0.6666666666666666,0.5,0.0,0.0,0,0,0.0,1815.32,2,2,1.0,21457.96,5,3,0.6,23105.37,6,3,0.5,0
LGS2ORD0025607,C017436,2025-07-22 19:00:00,Female,41,Bronze,Web,Phuket,1174,Web,Bank_Transfer,19,7,1,0,40-50,39.13333333333333,2.0,2.0,1.0,56,66,1958.525,0.23,0.0,0.5,0.0,0.0,0,0,0.0,0.0,0,0,0.0,3917.05,2,2,1.0,3917.05,2,2,1.0,0
LGS2ORD0025608,C014971,2025-07-22 19:00:00,Female,18,Bronze,TV,Bangkok,401,Web,COD,19,7,1,0,<20,13.366666666666667,2.0,0.0,0.0,-1,36,5492.3949999999995,0.28,0.5,0.5,0.0,0.0,0,0,0.0,0.0,0,0,0.0,9900.65,1,0,0.0,10984.789999999999,2,0,0.0,0
LGS2ORD0025609,C017452,2025-07-22 19:00:00,Male,41,Bronze,Web,Chonburi,417,Lazada,PromptPay,19,7,1,0,40-50,13.9,4.0,1.0,0.25,183,23,5556.425,0.18,0.5,0.0,0.0,0.0,0,0,0.0,6372.14,1,0,0.0,8355.26,2,0,0.0,22225.7,4,1,0.25,0
LGS2ORD0025610,C016545,2025-07-22 19:00:00,Female,44,Bronze,Web,Bangkok,530,Web,Credit_Card,19,7,1,0,40-50,17.666666666666668,3.0,0.0,0.0,-1,21,2306.0866666666666,0.13,0.3333333333333333,0.0,0.0,0.0,0,0,0.0,3387.87,1,0,0.0,3387.87,1,0,0.0,6918.26,3,0,0.0,0
LGS2ORD0025611,C017537,2025-07-22 20:00:00,Male,21,Bronze,TV,Khon Kaen,1448,TV_Show,COD,20,7,1,0,20-30,48.266666666666666,5.0,2.0,0.4,6,15,4832.612,0.23,0.6,0.2,0.0,0.0,0,0,0.0,9745.660000000002,2,1,0.5,9745.660000000002,2,1,0.5,24163.06,5,2,0.4,0
LGS2ORD0025612,C011019,2025-07-22 20:00:00,Male,43,Bronze,TV,Songkhla,483,TV_Show,COD,20,7,1,0,40-50,16.1,2.0,1.0,0.5,8,12,3568.035,0.03,1.0,0.0,0.0,0.0,0,0,0.0,7136.07,2,1,0.5,7136.07,2,1,0.5,7136.07,2,1,0.5,1
LGS2ORD0025613,C013794,2025-07-22 20:00:00,Female,46,Silver,Web,Khon Kaen,1561,CallCenter,PromptPay,20,7,1,0,40-50,52.03333333333333,2.0,0.0,0.0,-1,88,393.22499999999997,0.15,0.5,0.0,0.0,0.0,0,0,0.0,0.0,0,0,0.0,527.81,1,0,0.0,786.4499999999999,2,0,0.0,1
LGS2ORD0025614,C014930,2025-07-22 20:00:00,Female,18,Gold,Lazada,Bangkok,375,TV_Show,Credit_Card,20,7,1,0,<20,12.5,3.0,1.0,0.3333333333333333,127,11,4819.56,0.28,0.3333333333333333,0.3333333333333333,0.0,0.0,0,0,0.0,6545.0,1,0,0.0,8804.55,2,0,0.0,14458.68,3,1,0.3333333333333333,1
LGS2ORD0025615,C011302,2025-07-22 20:00:00,Female,59,Platinum,Lazada,Bangkok,558,TV_Show,Credit_Card,20,7,1,0,>50,18.6,0.0,0.0,0.0,-1,-1,0.0,0.0,0.0,0.0,0.0,0.0,0,0,0.0,0.0,0,0,0.0,0.0,0,0,0.0,0.0,0,0,0.0,0
LGS2ORD0025616,C010032,2025-07-22 20:00:00,Male,52,Silver,Shopee,Nakhon Ratchasima,417,Web,COD,20,7,1,0,>50,13.9,5.0,1.0,0.2,111,36,4647.062,0.25,0.2,0.2,0.0,0.0,0,0,0.0,0.0,0,0,0.0,12730.07,2,0,0.0,23235.31,5,1,0.2,0
LGS2ORD0025617,C011453,2025-07-22 21:00:00,Female,45,Silver,CallCenter,Remote_Area,760,CallCenter,PromptPay,21,7,1,0,40-50,25.333333333333332,3.0,2.0,0.6666666666666666,51,63,1500.5233333333333,0.3,0.6666666666666666,0.3333333333333333,0.0,0.0,0,0,0.0,0.0,0,0,0.0,2640.02,2,1,0.5,4501.57,3,2,0.6666666666666666,0
LGS2ORD0025618,C014300,2025-07-22 21:00:00,Male,38,Platinum,CallCenter,Bangkok,1624,Shopee,PromptPay,21,7,1,0,30-40,54.13333333333333,2.0,1.0,0.5,92,102,1998.845,0.3,0.5,0.5,0.0,0.0,0,0,0.0,0.0,0,0,0.0,0.0,0,0,0.0,3997.69,2,1,0.5,0
LGS2ORD0025619,C014423,2025-07-22 21:00:00,Female,50,Gold,Lazada,Bangkok,1468,Lazada,Credit_Card,21,7,1,0,40-50,48.93333333333333,3.0,1.0,0.3333333333333333,125,3,11166.06,0.18,0.3333333333333333,0.0,0.0,1778.89,1,0,0.0,1778.89,1,0,0.0,1778.89,1,0,0.0,33498.18,3,1,0.3333333333333333,0
LGS2ORD0025620,C013808,2025-07-22 21:00:00,Female,34,Bronze,Shopee,Bangkok,1056,Lazada,Credit_Card,21,7,1,0,30-40,35.2,6.0,0.0,0.0,-1,22,2785.3866666666668,0.28,0.5,0.16666666666666666,0.0,0.0,0,0,0.0,1831.35,1,0,0.0,10716.660000000002,4,0,0.0,16712.32,6,0,0.0,0
LGS2ORD0025621,C016531,2025-07-22 21:00:00,Male,28,Gold,Web,Khon Kaen,1285,TV_Show,COD,21,7,1,0,20-30,42.833333333333336,3.0,0.0,0.0,-1,133,7229.723333333332,0.33,0.0,0.3333333333333333,0.0,0.0,0,0,0.0,0.0,0,0,0.0,0.0,0,0,0.0,21689.17,3,0,0.0,0
LGS2ORD0025622,C010136,2025-07-22 22:00:00,Female,47,Silver,Web,Chonburi,1260,CallCenter,Credit_Card,22,7,1,0,40-50,42.0,1.0,0.0,0.0,-1,71,19039.05,0.25,0.0,1.0,0.0,0.0,0,0,0.0,0.0,0,0,0.0,19039.05,1,0,0.0,19039.05,1,0,0.0,0
LGS2ORD0025623,C015302,2025-07-22 22:00:00,Male,20,Bronze,Web,Songkhla,1476,TV_Show,COD,22,7,1,0,<20,49.2,3.0,0.0,0.0,-1,18,5942.62,0.08,0.3333333333333333,0.0,0.0,0.0,0,0,0.0,8084.030000000001,2,0,0.0,17827.86,3,0,0.0,17827.86,3,0,0.0,0
LGS2ORD0025624,C010073,2025-07-22 22:00:00,Female,23,Bronze,TV,Khon Kaen,613,Shopee,PromptPay,22,7,1,0,20-30,20.433333333333334,2.0,0.0,0.0,-1,33,7763.275,0.28,0.5,0.5,0.0,0.0,0,0,0.0,0.0,0,0,0.0,15526.55,2,0,0.0,15526.55,2,0,0.0,0
LGS2ORD0025625,C010574,2025-07-22 22:00:00,Female,38,Gold,CallCenter,Songkhla,576,Lazada,Credit_Card,22,7,1,0,30-40,19.2,1.0,0.0,0.0,-1,132,9341.07,0.2299999999999999,1.0,1.0,0.0,0.0,0,0,0.0,0.0,0,0,0.0,0.0,0,0,0.0,9341.07,1,0,0.0,1
LGS2ORD0025626,C015606,2025-07-22 22:00:00,Male,37,Silver,Shopee,Remote_Area,757,TV_Show,COD,22,7,1,0,30-40,25.233333333333334,2.0,0.0,0.0,-1,110,5823.525,0.15,0.0,0.0,0.0,0.0,0,0,0.0,0.0,0,0,0.0,0.0,0,0,0.0,11647.05,2,0,0.0,0
LGS2ORD0025627,C014926,2025-07-22 23:00:00,Female,50,Silver,Lazada,Songkhla,1060,Lazada,PromptPay,23,7,1,0,40-50,35.333333333333336,2.0,0.0,0.0,-1,111,4551.255,0.2,0.0,0.0,0.0,0.0,0,0,0.0,0.0,0,0,0.0,0.0,0,0,0.0,9102.51,2,0,0.0,0
LGS2ORD0025628,C012915,2025-07-22 23:00:00,Female,40,Platinum,CallCenter,Bangkok,303,Shopee,Credit_Card,23,7,1,0,30-40,10.1,1.0,0.0,0.0,-1,101,756.79,0.3,0.0,1.0,0.0,0.0,0,0,0.0,0.0,0,0,0.0,0.0,0,0,0.0,756.79,1,0,0.0,0
LGS2ORD0025629,C016364,2025-07-22 23:00:00,Female,48,Silver,CallCenter,Remote_Area,1366,Lazada,Bank_Transfer,23,7,1,0,40-50,45.53333333333333,1.0,0.0,0.0,-1,124,1546.41,0.15,1.0,0.0,0.0,0.0,0,0,0.0,0.0,0,0,0.0,0.0,0,0,0.0,1546.41,1,0,0.0,0
LGS2ORD0025630,C010177,2025-07-22 23:00:00,Male,54,Silver,CallCenter,Phuket,956,Shopee,PromptPay,23,7,1,0,>50,31.866666666666667,3.0,1.0,0.3333333333333333,91,2,10435.69,0.15,1.0,0.0,0.0,1279.33,1,0,0.0,1279.33,1,0,0.0,1279.33,1,0,0.0,31307.07,3,1,0.3333333333333333,0
LGS2ORD0025631,C017481,2025-07-22 23:00:00,Male,54,Bronze,Shopee,Nakhon Ratchasima,412,Lazada,Credit_Card,23,7,1,0,>50,13.733333333333333,4.0,0.0,0.0,-1,10,8060.175,0.18,0.5,0.0,0.0,0.0,0,0,0.0,26239.09,1,0,0.0,26239.09,1,0,0.0,32240.7,4,0,0.0,0
LGS2ORD0025632,C014052,2025-07-23 00:00:00,Male,38,Bronze,Web,Nakhon Ratchasima,877,TV_Show,COD,0,7,2,0,30-40,29.233333333333334,4.0,2.0,0.5,73,81,6996.52,0.28,0.75,0.25,0.0,0.0,0,0,0.0,0.0,0,0,0.0,13117.52,1,1,1.0,27986.08,4,2,0.5,1
LGS2ORD0025633,C016896,2025-07-23 00:00:00,Male,61,Bronze,TV,Bangkok,1000,TV_Show,COD,0,7,2,0,>50,33.333333333333336,4.0,2.0,0.5,8,9,3092.9725,0.28,0.5,0.75,0.0,0.0,0,0,0.0,8906.4,2,1,0.5,8906.4,2,1,0.5,12371.89,4,2,0.5,1
LGS2ORD0025634,C013256,2025-07-23 00:00:00,Male,58,Silver,Lazada,Khon Kaen,1619,Shopee,COD,0,7,2,0,>50,53.96666666666667,3.0,0.0,0.0,-1,84,5869.046666666666,0.25,0.3333333333333333,0.6666666666666666,0.3333333333333333,0.0,0,0,0.0,0.0,0,0,0.0,562.96,1,0,0.0,17607.14,3,0,0.0,0
LGS2ORD0025635,C015252,2025-07-23 00:00:00,Female,48,Bronze,Web,Chiang Mai,985,TV_Show,PromptPay,0,7,2,0,40-50,32.833333333333336,2.0,1.0,0.5,55,65,2052.835,0.28,0.0,0.5,0.0,0.0,0,0,0.0,0.0,0,0,0.0,3162.55,1,1,1.0,4105.67,2,1,0.5,0
LGS2ORD0025636,C016152,2025-07-23 00:00:00,Male,44,Bronze,Web,Bangkok,385,Lazada,PromptPay,0,7,2,0,40-50,12.833333333333334,2.0,0.0,0.0,-1,38,7584.139999999999,0.23,0.5,0.5,0.0,0.0,0,0,0.0,0.0,0,0,0.0,4998.11,1,0,0.0,15168.279999999999,2,0,0.0,0
LGS2ORD0025637,C011985,2025-07-23 00:00:00,Male,64,Silver,TV,Bangkok,1484,Shopee,COD,0,7,2,0,>50,49.46666666666667,3.0,0.0,0.0,-1,90,7109.0,0.2,0.6666666666666666,0.0,0.0,0.0,0,0,0.0,0.0,0,0,0.0,0.0,0,0,0.0,21327.0,3,0,0.0,0
LGS2ORD0025638,C016749,2025-07-23 01:00:00,Male,22,Bronze,TV,Songkhla,465,Lazada,PromptPay,1,7,2,0,20-30,15.5,4.0,1.0,0.25,67,71,3593.0175,0.28,0.5,0.5,0.0,0.0,0,0,0.0,0.0,0,0,0.0,955.24,1,1,1.0,14372.07,4,1,0.25,0
LGS2ORD0025639,C011323,2025-07-23 01:00:00,Male,36,Silver,Web,Nakhon Ratchasima,788,CallCenter,COD,1,7,2,0,30-40,26.266666666666666,5.0,1.0,0.2,177,78,9401.626,0.25,0.6,0.2,0.0,0.0,0,0,0.0,0.0,0,0,0.0,26976.269999999997,2,0,0.0,47008.13,5,1,0.2,0
LGS2ORD0025640,C014312,2025-07-23 01:00:00,Female,41,Silver,CallCenter,Bangkok,247,Lazada,Bank_Transfer,1,7,2,0,40-50,8.233333333333333,6.0,1.0,0.16666666666666666,183,51,3533.433333333333,0.3,0.3333333333333333,0.3333333333333333,0.0,0.0,0,0,0.0,0.0,0,0,0.0,812.71,1,0,0.0,21200.6,6,1,0.16666666666666666,0
LGS2ORD0025641,C010683,2025-07-23 01:00:00,Male,50,Silver,Shopee,Khon Kaen,469,Shopee,Credit_Card,1,7,2,0,40-50,15.633333333333333,6.0,1.0,0.16666666666666666,20,31,7990.813333333334,0.2,0.5,0.0,0.0,0.0,0,0,0.0,0.0,0,0,0.0,1996.37,1,1,1.0,47944.880000000005,6,1,0.16666666666666666,0
LGS2ORD0025642,C010514,2025-07-23 01:00:00,Male,41,Bronze,Web,Khon Kaen,311,Shopee,COD,1,7,2,0,40-50,10.366666666666667,4.0,0.0,0.0,-1,122,4215.4075,0.13,0.5,0.0,0.0,0.0,0,0,0.0,0.0,0,0,0.0,0.0,0,0,0.0,16861.63,4,0,0.0,0
LGS2ORD0025643,C010482,2025-07-23 02:00:00,Female,58,Bronze,CallCenter,Bangkok,999,TV_Show,COD,2,7,2,0,>50,33.3,5.0,1.0,0.2,187,56,5746.5779999999995,0.28,0.6,0.4,0.0,0.0,0,0,0.0,0.0,0,0,0.0,7848.55,1,0,0.0,28732.89,5,1,0.2,0
LGS2ORD0025644,C012111,2025-07-23 02:00:00,Male,44,Silver,CallCenter,Bangkok,1252,Lazada,PromptPay,2,7,2,0,40-50,41.733333333333334,0.0,0.0,0.0,-1,-1,0.0,0.0,0.0,0.0,0.0,0.0,0,0,0.0,0.0,0,0,0.0,0.0,0,0,0.0,0.0,0,0,0.0,0
LGS2ORD0025645,C011252,2025-07-23 02:00:00,Female,32,Silver,TV,Bangkok,444,Web,COD,2,7,2,0,30-40,14.8,4.0,3.0,0.75,57,65,4840.084999999999,0.25,1.0,0.5,0.0,0.0,0,0,0.0,0.0,0,0,0.0,709.42,1,1,1.0,19360.339999999997,4,3,0.75,1
LGS2ORD0025646,C013919,2025-07-23 02:00:00,Female,33,Silver,Shopee,Khon Kaen,1326,Web,Credit_Card,2,7,2,0,30-40,44.2,3.0,1.0,0.3333333333333333,11,18,1985.1566666666668,0.25,0.6666666666666666,0.3333333333333333,0.0,0.0,0,0,0.0,1003.89,1,1,1.0,1003.89,1,1,1.0,5955.47,3,1,0.3333333333333333,0
LGS2ORD0025647,C014567,2025-07-23 02:00:00,Female,45,Silver,Shopee,Bangkok,234,Shopee,Credit_Card,2,7,2,0,40-50,7.8,3.0,3.0,1.0,76,82,6702.576666666667,0.3,0.0,0.3333333333333333,0.0,0.0,0,0,0.0,0.0,0,0,0.0,12377.68,1,1,1.0,20107.73,3,3,1.0,0
LGS2ORD0025648,C014130,2025-07-23 03:00:00,Male,38,Bronze,Shopee,Chiang Mai,981,Lazada,Credit_Card,3,7,2,0,30-40,32.7,1.0,0.0,0.0,-1,129,16030.06,0.13,1.0,0.0,0.0,0.0,0,0,0.0,0.0,0,0,0.0,0.0,0,0,0.0,16030.06,1,0,0.0,0
LGS2ORD0025649,C012207,2025-07-23 03:00:00,Male,53,Bronze,TV,Remote_Area,613,Web,COD,3,7,2,0,>50,20.433333333333334,1.0,0.0,0.0,-1,101,3824.24,0.08,0.0,0.0,0.0,0.0,0,0,0.0,0.0,0,0,0.0,0.0,0,0,0.0,3824.24,1,0,0.0,0
LGS2ORD0025650,C013996,2025-07-23 03:00:00,Male,18,Bronze,TV,Chiang Mai,1224,Web,COD,3,7,2,0,<20,40.8,2.0,0.0,0.0,-1,125,1684.295,0.03,0.0,0.0,0.0,0.0,0,0,0.0,0.0,0,0,0.0,0.0,0,0,0.0,3368.59,2,0,0.0,0
LGS2ORD0025651,C010730,2025-07-23 03:00:00,Female,46,Silver,Lazada,Nakhon Ratchasima,370,Lazada,COD,3,7,2,0,40-50,12.333333333333334,3.0,0.0,0.0,-1,75,7386.086666666667,0.2,1.0,0.0,0.0,0.0,0,0,0.0,0.0,0,0,0.0,5572.4,1,0,0.0,22158.260000000002,3,0,0.0,0
LGS2ORD0025652,C017839,2025-07-23 03:00:00,Female,40,Platinum,Shopee,Chiang Mai,1500,Shopee,COD,3,7,2,0,30-40,50.0,2.0,0.0,0.0,-1,54,480.5,0.15,0.5,0.0,0.0,0.0,0,0,0.0,0.0,0,0,0.0,641.52,1,0,0.0,961.0,2,0,0.0,0
LGS2ORD0025653,C012948,2025-07-23 04:00:00,Female,46,Bronze,TV,Bangkok,1285,Shopee,Credit_Card,4,7,2,0,40-50,42.833333333333336,1.0,1.0,1.0,120,128,2844.56,0.03,1.0,0.0,0.0,0.0,0,0,0.0,0.0,0,0,0.0,0.0,0,0,0.0,2844.56,1,1,1.0,0
LGS2ORD0025654,C013520,2025-07-23 04:00:00,Female,29,Bronze,Web,Remote_Area,1096,Shopee,COD,4,7,2,0,20-30,36.53333333333333,2.0,0.0,0.0,-1,94,3263.745,0.18,0.0,0.0,0.0,0.0,0,0,0.0,0.0,0,0,0.0,0.0,0,0,0.0,6527.49,2,0,0.0,1
LGS2ORD0025655,C013585,2025-07-23 04:00:00,Male,35,Bronze,TV,Bangkok,565,TV_Show,COD,4,7,2,0,30-40,18.833333333333332,0.0,0.0,0.0,-1,-1,0.0,0.0,0.0,0.0,0.0,0.0,0,0,0.0,0.0,0,0,0.0,0.0,0,0,0.0,0.0,0,0,0.0,0
LGS2ORD0025656,C010765,2025-07-23 04:00:00,Female,42,Gold,Web,Bangkok,767,Web,Credit_Card,4,7,2,0,40-50,25.566666666666666,1.0,0.0,0.0,-1,185,1569.56,0.33,1.0,1.0,0.0,0.0,0,0,0.0,0.0,0,0,0.0,0.0,0,0,0.0,1569.56,1,0,0.0,0
LGS2ORD0025657,C014931,2025-07-23 04:00:00,Female,40,Silver,Lazada,Remote_Area,533,Web,COD,4,7,2,0,30-40,17.766666666666666,4.0,2.0,0.5,71,43,4023.705,0.2,0.75,0.0,0.0,0.0,0,0,0.0,0.0,0,0,0.0,3005.6400000000003,2,1,0.5,16094.82,4,2,0.5,0
LGS2ORD0025658,C017381,2025-07-23 04:00:00,Male,35,Bronze,CallCenter,Khon Kaen,234,Lazada,COD,4,7,2,0,30-40,7.8,5.0,2.0,0.4,-3,6,5409.765999999999,0.18,0.6,0.0,0.0,7722.35,1,1,1.0,7722.35,1,1,1.0,9930.380000000001,2,1,0.5,27048.829999999994,5,2,0.4,0
LGS2ORD0025659,C015465,2025-07-23 05:00:00,Male,35,Bronze,Web,Chiang Mai,1311,CallCenter,PromptPay,5,7,2,0,30-40,43.7,5.0,0.0,0.0,-1,15,6670.520000000001,0.28,0.4,0.8,0.0,0.0,0,0,0.0,16187.49,2,0,0.0,16187.49,2,0,0.0,33352.600000000006,5,0,0.0,0
LGS2ORD0025660,C012100,2025-07-23 05:00:00,Female,61,Platinum,CallCenter,Khon Kaen,656,Web,COD,5,7,2,0,>50,21.866666666666667,5.0,2.0,0.4,3,11,4254.928,0.3,0.8,0.8,0.0,0.0,0,0,0.0,1870.59,1,1,1.0,5475.26,3,2,0.6666666666666666,21274.64,5,2,0.4,0
LGS2ORD0025661,C016413,2025-07-23 05:00:00,Female,66,Bronze,Web,Bangkok,447,Shopee,COD,5,7,2,0,>50,14.9,5.0,1.0,0.2,96,6,3514.862,0.18,0.6,0.0,0.0,1584.73,1,0,0.0,1584.73,1,0,0.0,6580.040000000001,2,0,0.0,17574.31,5,1,0.2,0
LGS2ORD0025662,C015277,2025-07-23 05:00:00,Male,42,Bronze,Web,Bangkok,1471,Lazada,COD,5,7,2,0,40-50,49.03333333333333,4.0,0.0,0.0,-1,73,5889.9175,0.28,0.5,0.25,0.0,0.0,0,0,0.0,0.0,0,0,0.0,2027.82,1,0,0.0,23559.67,4,0,0.0,0
LGS2ORD0025663,C016914,2025-07-23 05:00:00,Female,39,Bronze,Shopee,Phuket,1516,Lazada,PromptPay,5,7,2,0,30-40,50.53333333333333,8.0,4.0,0.5,35,33,5054.67875,0.28,0.5,0.25,0.0,0.0,0,0,0.0,0.0,0,0,0.0,13245.6,3,2,0.6666666666666666,40437.43,8,4,0.5,0
LGS2ORD0025664,C010849,2025-07-23 06:00:00,Female,32,Bronze,CallCenter,Chiang Mai,1195,TV_Show,PromptPay,6,7,2,0,30-40,39.833333333333336,1.0,0.0,0.0,-1,75,1313.03,0.03,0.0,0.0,0.0,0.0,0,0,0.0,0.0,0,0,0.0,1313.03,1,0,0.0,1313.03,1,0,0.0,0
LGS2ORD0025665,C010157,2025-07-23 06:00:00,Female,47,Silver,Lazada,Khon Kaen,970,TV_Show,PromptPay,6,7,2,0,40-50,32.333333333333336,4.0,0.0,0.0,-1,43,3192.7400000000002,0.3,0.25,0.25,0.0,0.0,0,0,0.0,0.0,0,0,0.0,4301.74,2,0,0.0,12770.960000000001,4,0,0.0,0
LGS2ORD0025666,C016042,2025-07-23 06:00:00,Female,63,Silver,Shopee,Remote_Area,1132,Shopee,Credit_Card,6,7,2,0,>50,37.733333333333334,4.0,0.0,0.0,-1,13,17885.3875,0.25,0.25,0.25,0.0,0.0,0,0,0.0,386.97,1,0,0.0,51868.450000000004,2,0,0.0,71541.55,4,0,0.0,0
LGS2ORD0025667,C017921,2025-07-23 06:00:00,Other,60,Bronze,Web,Nakhon Ratchasima,947,Lazada,COD,6,7,2,0,>50,31.566666666666666,4.0,1.0,0.25,165,87,4740.36,0.18,0.5,0.0,0.0,0.0,0,0,0.0,0.0,0,0,0.0,1330.69,1,0,0.0,18961.44,4,1,0.25,1
LGS2ORD0025668,C014411,2025-07-23 06:00:00,Female,44,Silver,Lazada,Chonburi,477,TV_Show,Bank_Transfer,6,7,2,0,40-50,15.9,4.0,2.0,0.5,40,3,10237.215,0.25,0.25,0.25,0.0,20917.05,1,0,0.0,20917.05,1,0,0.0,22653.68,2,1,0.5,40948.86,4,2,0.5,0
LGS2ORD0025669,C014355,2025-07-23 07:00:00,Female,57,Platinum,TV,Bangkok,1531,CallCenter,COD,7,7,2,0,>50,51.03333333333333,3.0,2.0,0.6666666666666666,144,155,4105.656666666667,0.35,0.6666666666666666,0.6666666666666666,0.0,0.0,0,0,0.0,0.0,0,0,0.0,0.0,0,0,0.0,12316.97,3,2,0.6666666666666666,0
LGS2ORD0025670,C012133,2025-07-23 07:00:00,Female,41,Gold,TV,Bangkok,533,TV_Show,COD,7,7,2,0,40-50,17.766666666666666,7.0,1.0,0.14285714285714285,160,65,2868.3685714285716,0.33,0.5714285714285714,0.42857142857142855,0.0,0.0,0,0,0.0,0.0,0,0,0.0,2525.9,1,0,0.0,20078.58,7,1,0.14285714285714285,0
LGS2ORD0025671,C010750,2025-07-23 07:00:00,Male,35,Silver,Lazada,Remote_Area,275,Web,COD,7,7,2,0,30-40,9.166666666666666,3.0,1.0,0.3333333333333333,66,42,2366.6033333333335,0.25,0.3333333333333333,0.3333333333333333,0.0,0.0,0,0,0.0,0.0,0,0,0.0,7099.81,3,1,0.3333333333333333,7099.81,3,1,0.3333333333333333,0
LGS2ORD0025672,C015374,2025-07-23 07:00:00,Male,38,Bronze,TV,Chiang Mai,298,Lazada,Credit_Card,7,7,2,0,30-40,9.933333333333334,1.0,0.0,0.0,-1,149,1880.38,0.03,0.0,0.0,0.0,0.0,0,0,0.0,0.0,0,0,0.0,0.0,0,0,0.0,1880.38,1,0,0.0,1
LGS2ORD0025673,C012004,2025-07-23 07:00:00,Male,50,Bronze,Lazada,Bangkok,670,Lazada,PromptPay,7,7,2,0,40-50,22.333333333333332,2.0,1.0,0.5,146,2,3349.37,0.18,0.5,0.0,0.0,5452.05,1,0,0.0,5452.05,1,0,0.0,5452.05,1,0,0.0,6698.74,2,1,0.5,0
LGS2ORD0025674,C015013,2025-07-23 08:00:00,Male,51,Bronze,TV,Bangkok,557,Lazada,COD,8,7,2,0,>50,18.566666666666666,6.0,0.0,0.0,-1,1,2505.8783333333336,0.28,0.6666666666666666,0.16666666666666666,0.0,3944.08,2,0,0.0,6862.42,4,0,0.0,9225.720000000001,5,0,0.0,15035.27,6,0,0.0,0
LGS2ORD0025675,C012134,2025-07-23 08:00:00,Male,35,Gold,Shopee,Chonburi,864,TV_Show,COD,8,7,2,0,30-40,28.8,3.0,2.0,0.6666666666666666,123,108,3608.993333333334,0.2299999999999999,0.3333333333333333,0.3333333333333333,0.0,0.0,0,0,0.0,0.0,0,0,0.0,0.0,0,0,0.0,10826.980000000001,3,2,0.6666666666666666,0
LGS2ORD0025676,C012926,2025-07-23 08:00:00,Male,18,Bronze,Shopee,Chiang Mai,497,Web,COD,8,7,2,0,<20,16.566666666666666,3.0,2.0,0.6666666666666666,166,163,6131.793333333332,0.23,0.3333333333333333,0.6666666666666666,0.0,0.0,0,0,0.0,0.0,0,0,0.0,0.0,0,0,0.0,18395.379999999997,3,2,0.6666666666666666,0
LGS2ORD0025677,C012427,2025-07-23 08:00:00,Female,57,Bronze,Shopee,Songkhla,217,TV_Show,COD,8,7,2,0,>50,7.233333333333333,3.0,0.0,0.0,-1,18,9618.543333333333,0.28,0.0,0.6666666666666666,0.0,0.0,0,0,0.0,19917.4,1,0,0.0,19917.4,1,0,0.0,28855.63,3,0,0.0,0
LGS2ORD0025678,C017762,2025-07-23 08:00:00,Other,23,Gold,Lazada,Nakhon Ratchasima,1068,TV_Show,COD,8,7,2,0,20-30,35.6,4.0,1.0,0.25,179,22,7755.1449999999995,0.33,0.25,0.25,0.0,0.0,0,0,0.0,1750.23,1,0,0.0,1750.23,1,0,0.0,31020.579999999998,4,1,0.25,1
LGS2ORD0025679,C016275,2025-07-23 08:00:00,Male,38,Silver,Web,Songkhla,1062,Shopee,Bank_Transfer,8,7,2,0,30-40,35.4,5.0,3.0,0.6,56,65,5636.474,0.25,0.6,0.2,0.0,0.0,0,0,0.0,0.0,0,0,0.0,14797.49,1,1,1.0,28182.37,5,3,0.6,0
LGS2ORD0025680,C010090,2025-07-23 09:00:00,Female,47,Silver,TV,Songkhla,861,Lazada,COD,9,7,2,0,40-50,28.7,5.0,2.0,0.4,42,23,4615.5,0.3,0.8,0.4,0.0,0.0,0,0,0.0,5071.43,1,0,0.0,18853.25,3,1,0.3333333333333333,23077.5,5,2,0.4,1
LGS2ORD0025681,C015999,2025-07-23 09:00:00,Male,40,Silver,Lazada,Remote_Area,354,Shopee,COD,9,7,2,0,30-40,11.8,5.0,1.0,0.2,176,19,7197.148000000001,0.3,0.4,0.4,0.0,0.0,0,0,0.0,11485.54,1,0,0.0,34683.56,3,0,0.0,35985.740000000005,5,1,0.2,1
LGS2ORD0025682,C013003,2025-07-23 09:00:00,Female,42,Bronze,Lazada,Chiang Mai,981,Lazada,Credit_Card,9,7,2,0,40-50,32.7,6.0,0.0,0.0,-1,57,4370.72,0.23,0.0,0.16666666666666666,0.0,0.0,0,0,0.0,0.0,0,0,0.0,7907.14,1,0,0.0,26224.32,6,0,0.0,0
LGS2ORD0025683,C016492,2025-07-23 09:00:00,Female,44,Silver,Web,Bangkok,1373,CallCenter,COD,9,7,2,0,40-50,45.766666666666666,5.0,0.0,0.0,-1,21,2167.0679999999998,0.3,0.4,0.4,0.0,0.0,0,0,0.0,763.39,1,0,0.0,5247.6,3,0,0.0,10835.339999999998,5,0,0.0,1
LGS2ORD0025684,C016299,2025-07-23 09:00:00,Male,42,Platinum,Web,Bangkok,673,Shopee,COD,9,7,2,0,40-50,22.433333333333334,2.0,1.0,0.5,140,25,13797.015,0.3,0.5,1.0,0.0,0.0,0,0,0.0,24183.67,1,0,0.0,24183.67,1,0,0.0,27594.03,2,1,0.5,0
LGS2ORD0025685,C012225,2025-07-23 10:00:00,Male,40,Platinum,Lazada,Chiang Mai,1639,Web,COD,10,7,2,0,30-40,54.63333333333333,2.0,0.0,0.0,-1,162,4931.8099999999995,0.15,0.0,0.0,0.0,0.0,0,0,0.0,0.0,0,0,0.0,0.0,0,0,0.0,9863.619999999999,2,0,0.0,1
LGS2ORD0025686,C012869,2025-07-23 10:00:00,Female,51,Bronze,Lazada,Chiang Mai,394,TV_Show,Bank_Transfer,10,7,2,0,>50,13.133333333333333,6.0,3.0,0.5,54,14,8810.353333333334,0.28,0.8333333333333334,0.5,0.0,0.0,0,0,0.0,14071.14,1,0,0.0,28331.44,3,2,0.6666666666666666,52862.12,6,3,0.5,0
LGS2ORD0025687,C012606,2025-07-23 10:00:00,Male,43,Bronze,TV,Bangkok,866,Lazada,COD,10,7,2,0,40-50,28.866666666666667,3.0,1.0,0.3333333333333333,45,30,3325.7400000000002,0.08,0.0,0.0,0.0,0.0,0,0,0.0,0.0,0,0,0.0,9977.220000000001,3,1,0.3333333333333333,9977.220000000001,3,1,0.3333333333333333,0
LGS2ORD0025688,C015321,2025-07-23 10:00:00,Female,18,Silver,TV,Songkhla,1345,Lazada,COD,10,7,2,0,<20,44.833333333333336,3.0,1.0,0.3333333333333333,72,74,7953.006666666665,0.25,0.3333333333333333,0.3333333333333333,0.0,0.0,0,0,0.0,0.0,0,0,0.0,11111.23,2,1,0.5,23859.019999999997,3,1,0.3333333333333333,1
LGS2ORD0025689,C010449,2025-07-23 10:00:00,Female,41,Gold,Web,Bangkok,691,Web,COD,10,7,2,0,40-50,23.033333333333335,5.0,1.0,0.2,181,112,2203.656,0.13,0.6,0.0,0.0,0.0,0,0,0.0,0.0,0,0,0.0,0.0,0,0,0.0,11018.279999999999,5,1,0.2,1
LGS2ORD0025690,C012131,2025-07-23 11:00:00,Male,53,Bronze,Lazada,Remote_Area,1584,Web,COD,11,7,2,0,>50,52.8,4.0,2.0,0.5,99,54,4335.12,0.18,0.5,0.0,0.0,0.0,0,0,0.0,0.0,0,0,0.0,8344.06,1,0,0.0,17340.48,4,2,0.5,1
LGS2ORD0025691,C015991,2025-07-23 11:00:00,Female,41,Silver,Shopee,Nakhon Ratchasima,562,Web,COD,11,7,2,0,40-50,18.733333333333334,6.0,0.0,0.0,-1,53,4016.353333333333,0.25,0.3333333333333333,0.3333333333333333,0.0,0.0,0,0,0.0,0.0,0,0,0.0,11394.51,2,0,0.0,24098.12,6,0,0.0,0
LGS2ORD0025692,C013207,2025-07-23 11:00:00,Female,68,Silver,Shopee,Bangkok,468,Lazada,COD,11,7,2,0,>50,15.6,2.0,1.0,0.5,164,140,8863.37,0.3,0.5,0.5,0.0,0.0,0,0,0.0,0.0,0,0,0.0,0.0,0,0,0.0,17726.74,2,1,0.5,0
LGS2ORD0025693,C010213,2025-07-23 11:00:00,Female,57,Silver,Lazada,Songkhla,373,TV_Show,COD,11,7,2,0,>50,12.433333333333334,3.0,0.0,0.0,-1,21,9058.666666666666,0.1,0.3333333333333333,0.0,0.0,0.0,0,0,0.0,1799.43,1,0,0.0,1799.43,1,0,0.0,27176.0,3,0,0.0,0
LGS2ORD0025694,C011550,2025-07-23 11:00:00,Female,53,Silver,Shopee,Nakhon Ratchasima,573,Web,Credit_Card,11,7,2,0,>50,19.1,7.0,0.0,0.0,-1,3,10567.141428571427,0.3,0.5714285714285714,0.2857142857142857,0.0,17484.2,1,0,0.0,26923.79,2,0,0.0,28972.93,4,0,0.0,73969.98999999999,7,0,0.0,0
LGS2ORD0025695,C014941,2025-07-23 11:00:00,Male,30,Bronze,TV,Phuket,1214,Shopee,PromptPay,11,7,2,0,20-30,40.46666666666667,4.0,1.0,0.25,154,5,4019.8,0.28,0.5,0.25,0.0,455.55,1,0,0.0,455.55,1,0,0.0,455.55,1,0,0.0,16079.2,4,1,0.25,1
LGS2ORD0025696,C017806,2025-07-23 12:00:00,Male,50,Bronze,Shopee,Bangkok,328,Web,COD,12,7,2,0,40-50,10.933333333333334,2.0,1.0,0.5,-1,9,5715.565,0.18,0.5,0.0,0.0,0.0,0,0,0.0,428.31,1,1,1.0,428.31,1,1,1.0,11431.13,2,1,0.5,0
LGS2ORD0025697,C010943,2025-07-23 12:00:00,Male,34,Platinum,Lazada,Chiang Mai,342,TV_Show,COD,12,7,2,0,30-40,11.4,2.0,0.0,0.0,-1,6,723.8299999999999,0.3,0.5,0.5,0.0,1072.57,1,0,0.0,1072.57,1,0,0.0,1072.57,1,0,0.0,1447.6599999999999,2,0,0.0,0
LGS2ORD0025698,C017339,2025-07-23 12:00:00,Male,42,Gold,TV,Phuket,1388,Web,Credit_Card,12,7,2,0,40-50,46.266666666666666,8.0,2.0,0.25,29,21,5354.87,0.28,0.375,0.25,0.0,0.0,0,0,0.0,1717.26,1,0,0.0,5294.82,3,1,0.3333333333333333,42838.96,8,2,0.25,0
LGS2ORD0025699,C016111,2025-07-23 12:00:00,Female,47,Bronze,Shopee,Nakhon Ratchasima,379,Shopee,COD,12,7,2,0,40-50,12.633333333333333,3.0,1.0,0.3333333333333333,120,39,3386.806666666667,0.28,0.3333333333333333,0.6666666666666666,0.0,0.0,0,0,0.0,0.0,0,0,0.0,5067.39,2,0,0.0,10160.42,3,1,0.3333333333333333,0
LGS2ORD0025700,C017356,2025-07-23 12:00:00,Male,37,Bronze,TV,Phuket,1528,TV_Show,Credit_Card,12,7,2,0,30-40,50.93333333333333,5.0,1.0,0.2,182,20,13456.7,0.23,0.6,0.2,0.0,0.0,0,0,0.0,3526.39,1,0,0.0,45850.74,4,0,0.0,67283.5,5,1,0.2,0
LGS2ORD0025701,C010990,2025-07-23 13:00:00,Other,38,Bronze,Shopee,Bangkok,1609,Shopee,COD,13,7,2,0,30-40,53.63333333333333,2.0,1.0,0.5,31,41,5429.969999999999,0.18,1.0,0.0,0.0,0.0,0,0,0.0,0.0,0,0,0.0,3454.62,1,1,1.0,10859.939999999999,2,1,0.5,0
LGS2ORD0025702,C013725,2025-07-23 13:00:00,Other,31,Silver,TV,Phuket,1305,Shopee,PromptPay,13,7,2,0,30-40,43.5,2.0,0.0,0.0,-1,52,5958.32,0.2,1.0,0.0,0.0,0.0,0,0,0.0,0.0,0,0,0.0,8124.93,1,0,0.0,11916.64,2,0,0.0,1
LGS2ORD0025703,C011098,2025-07-23 13:00:00,Female,41,Bronze,Web,Remote_Area,1643,TV_Show,COD,13,7,2,0,40-50,54.766666666666666,4.0,0.0,0.0,-1,84,6787.1,0.18,0.5,0.0,0.0,0.0,0,0,0.0,0.0,0,0,0.0,7448.92,1,0,0.0,27148.4,4,0,0.0,0
LGS2ORD0025704,C013807,2025-07-23 13:00:00,Female,32,Gold,Shopee,Chiang Mai,601,TV_Show,PromptPay,13,7,2,0,30-40,20.033333333333335,2.0,0.0,0.0,-1,45,9340.975,0.2299999999999999,0.5,0.5,0.0,0.0,0,0,0.0,0.0,0,0,0.0,3738.94,1,0,0.0,18681.95,2,0,0.0,0
LGS2ORD0025705,C015266,2025-07-23 13:00:00,Male,52,Bronze,Lazada,Bangkok,769,Shopee,COD,13,7,2,0,>50,25.633333333333333,2.0,0.0,0.0,-1,113,1955.5,0.08,0.0,0.0,0.0,0.0,0,0,0.0,0.0,0,0,0.0,0.0,0,0,0.0,3911.0,2,0,0.0,0
LGS2ORD0025706,C011504,2025-07-23 14:00:00,Male,37,Bronze,TV,Bangkok,661,Web,COD,14,7,2,0,30-40,22.033333333333335,3.0,1.0,0.3333333333333333,14,23,3493.1266666666666,0.23,0.6666666666666666,0.3333333333333333,0.0,0.0,0,0,0.0,7660.36,1,1,1.0,9847.24,2,1,0.5,10479.38,3,1,0.3333333333333333,1
LGS2ORD0025707,C016368,2025-07-23 14:00:00,Female,39,Silver,Web,Khon Kaen,1606,CallCenter,Credit_Card,14,7,2,0,30-40,53.53333333333333,4.0,2.0,0.5,9,14,4594.522499999999,0.3,0.5,0.25,0.0,0.0,0,0,0.0,4002.99,1,1,1.0,14746.789999999999,2,2,1.0,18378.089999999997,4,2,0.5,0
LGS2ORD0025708,C016783,2025-07-23 14:00:00,Female,36,Bronze,Shopee,Bangkok,696,TV_Show,COD,14,7,2,0,30-40,23.2,3.0,0.0,0.0,-1,40,3929.1233333333334,0.28,0.3333333333333333,0.3333333333333333,0.0,0.0,0,0,0.0,0.0,0,0,0.0,11080.34,2,0,0.0,11787.37,3,0,0.0,0
LGS2ORD0025709,C010070,2025-07-23 14:00:00,Female,48,Platinum,Lazada,Chiang Mai,333,CallCenter,PromptPay,14,7,2,0,40-50,11.1,2.0,1.0,0.5,79,91,7391.825000000001,0.3,0.0,0.5,0.0,0.0,0,0,0.0,0.0,0,0,0.0,0.0,0,0,0.0,14783.650000000001,2,1,0.5,0
LGS2ORD0025710,C013650,2025-07-23 14:00:00,Male,37,Bronze,Lazada,Khon Kaen,1471,Web,Bank_Transfer,14,7,2,0,30-40,49.03333333333333,5.0,1.0,0.2,106,31,10298.696,0.23,0.8,0.4,0.0,0.0,0,0,0.0,0.0,0,0,0.0,30284.14,2,0,0.0,51493.479999999996,5,1,0.2,0
LGS2ORD0025711,C010802,2025-07-23 15:00:00,Female,21,Silver,Web,Bangkok,1278,Shopee,COD,15,7,2,0,20-30,42.6,2.0,0.0,0.0,-1,78,13080.615,0.15,1.0,0.0,0.0,0.0,0,0,0.0,0.0,0,0,0.0,4460.29,1,0,0.0,26161.23,2,0,0.0,1
LGS2ORD0025712,C011431,2025-07-23 15:00:00,Male,18,Gold,Lazada,Bangkok,715,TV_Show,COD,15,7,2,0,<20,23.833333333333332,1.0,0.0,0.0,-1,193,1212.0,0.2299999999999999,1.0,1.0,0.0,0.0,0,0,0.0,0.0,0,0,0.0,0.0,0,0,0.0,1212.0,1,0,0.0,0
LGS2ORD0025713,C012098,2025-07-23 15:00:00,Female,27,Gold,CallCenter,Chiang Mai,870,Lazada,COD,15,7,2,0,20-30,29.0,1.0,0.0,0.0,-1,97,4856.63,0.08,1.0,0.0,0.0,0.0,0,0,0.0,0.0,0,0,0.0,0.0,0,0,0.0,4856.63,1,0,0.0,0
LGS2ORD0025714,C015272,2025-07-23 15:00:00,Female,39,Bronze,TV,Khon Kaen,841,TV_Show,COD,15,7,2,0,30-40,28.033333333333335,4.0,0.0,0.0,-1,77,3112.2275,0.23,0.0,0.25,0.0,0.0,0,0,0.0,0.0,0,0,0.0,3785.11,1,0,0.0,12448.91,4,0,0.0,0
LGS2ORD0025715,C010902,2025-07-23 15:00:00,Male,41,Silver,Lazada,Songkhla,1099,TV_Show,Credit_Card,15,7,2,0,40-50,36.63333333333333,3.0,3.0,1.0,7,13,3060.566666666667,0.25,1.0,0.3333333333333333,0.0,0.0,0,0,0.0,4212.19,1,1,1.0,4212.19,1,1,1.0,9181.7,3,3,1.0,0
LGS2ORD0025716,C011302,2025-07-23 15:00:00,Female,59,Platinum,Lazada,Bangkok,559,Shopee,COD,15,7,2,0,>50,18.633333333333333,1.0,0.0,0.0,-1,0,6665.25,0.15,0.0,0.0,0.0,6665.25,1,0,0.0,6665.25,1,0,0.0,6665.25,1,0,0.0,6665.25,1,0,0.0,0
LGS2ORD0025717,C017990,2025-07-23 16:00:00,Male,36,Bronze,Shopee,Bangkok,1596,Web,COD,16,7,2,0,30-40,53.2,5.0,0.0,0.0,-1,10,8335.498000000001,0.18,0.8,0.0,0.0,0.0,0,0,0.0,22113.34,1,0,0.0,34665.8,2,0,0.0,41677.490000000005,5,0,0.0,0
LGS2ORD0025718,C010887,2025-07-23 16:00:00,Other,36,Gold,Web,Khon Kaen,857,Lazada,Credit_Card,16,7,2,0,30-40,28.566666666666666,3.0,0.0,0.0,-1,58,1788.8933333333334,0.28,0.6666666666666666,1.0,0.0,0.0,0,0,0.0,0.0,0,0,0.0,1368.9,1,0,0.0,5366.68,3,0,0.0,0
LGS2ORD0025719,C012027,2025-07-23 16:00:00,Female,41,Bronze,Shopee,Bangkok,1359,Web,COD,16,7,2,0,40-50,45.3,9.0,5.0,0.5555555555555556,-1,6,7000.968888888889,0.28,0.4444444444444444,0.4444444444444444,0.0,2306.66,1,1,1.0,2306.66,1,1,1.0,32080.569999999996,5,4,0.8,63008.72,9,5,0.5555555555555556,0
LGS2ORD0025720,C015987,2025-07-23 16:00:00,Female,61,Bronze,Web,Phuket,590,CallCenter,COD,16,7,2,0,>50,19.666666666666668,2.0,0.0,0.0,-1,34,2674.265,0.13,0.5,0.0,0.0,0.0,0,0,0.0,0.0,0,0,0.0,3033.99,1,0,0.0,5348.53,2,0,0.0,1
LGS2ORD0025721,C017461,2025-07-23 16:00:00,Male,31,Bronze,Web,Nakhon Ratchasima,298,TV_Show,Credit_Card,16,7,2,0,30-40,9.933333333333334,2.0,1.0,0.5,104,110,9170.985,0.13,0.5,0.0,0.0,0.0,0,0,0.0,0.0,0,0,0.0,0.0,0,0,0.0,18341.97,2,1,0.5,0
LGS2ORD0025722,C014176,2025-07-23 17:00:00,Male,28,Gold,CallCenter,Khon Kaen,869,Web,PromptPay,17,7,2,0,20-30,28.966666666666665,0.0,0.0,0.0,-1,-1,0.0,0.0,0.0,0.0,0.0,0.0,0,0,0.0,0.0,0,0,0.0,0.0,0,0,0.0,0.0,0,0,0.0,0
LGS2ORD0025723,C015494,2025-07-23 17:00:00,Female,38,Gold,Shopee,Phuket,449,TV_Show,Credit_Card,17,7,2,0,30-40,14.966666666666667,3.0,1.0,0.3333333333333333,113,127,2233.5033333333336,0.2299999999999999,1.0,0.3333333333333333,0.0,0.0,0,0,0.0,0.0,0,0,0.0,0.0,0,0,0.0,6700.51,3,1,0.3333333333333333,0
LGS2ORD0025724,C014681,2025-07-23 17:00:00,Male,28,Bronze,Web,Chiang Mai,671,TV_Show,COD,17,7,2,0,20-30,22.366666666666667,5.0,2.0,0.4,45,47,1896.44,0.08,0.2,0.0,0.0,0.0,0,0,0.0,0.0,0,0,0.0,2141.03,1,1,1.0,9482.2,5,2,0.4,0
LGS2ORD0025725,C011808,2025-07-23 17:00:00,Female,28,Platinum,Web,Chonburi,962,Shopee,Credit_Card,17,7,2,0,20-30,32.06666666666667,4.0,0.0,0.0,-1,75,2999.43,0.35,0.25,0.5,0.0,0.0,0,0,0.0,0.0,0,0,0.0,2299.01,1,0,0.0,11997.72,4,0,0.0,1
LGS2ORD0025726,C012396,2025-07-23 17:00:00,Female,56,Silver,Shopee,Remote_Area,754,Shopee,COD,17,7,2,0,>50,25.133333333333333,4.0,3.0,0.75,-3,7,11951.1025,0.25,0.75,0.5,0.0,0.0,0,0,0.0,35583.81,2,2,1.0,35583.81,2,2,1.0,47804.41,4,3,0.75,0
LGS2ORD0025727,C012033,2025-07-23 18:00:00,Male,32,Silver,TV,Khon Kaen,1659,Lazada,Credit_Card,18,7,2,0,30-40,55.3,4.0,2.0,0.5,144,61,6612.3875,0.3,0.75,1.0,0.0,0.0,0,0,0.0,0.0,0,0,0.0,3681.57,1,0,0.0,26449.55,4,2,0.5,0
LGS2ORD0025728,C012592,2025-07-23 18:00:00,Female,31,Bronze,TV,Bangkok,521,TV_Show,COD,18,7,2,0,30-40,17.366666666666667,4.0,0.0,0.0,-1,26,6274.2575,0.08,0.25,0.0,0.0,0.0,0,0,0.0,4847.19,1,0,0.0,8632.55,2,0,0.0,25097.03,4,0,0.0,1
LGS2ORD0025729,C014127,2025-07-23 18:00:00,Female,40,Silver,TV,Phuket,548,TV_Show,COD,18,7,2,0,30-40,18.266666666666666,5.0,3.0,0.6,5,16,2590.7200000000003,0.2,0.6,0.0,0.0,0.0,0,0,0.0,5357.67,1,1,1.0,7245.93,2,1,0.5,12953.6,5,3,0.6,0
LGS2ORD0025730,C016756,2025-07-23 18:00:00,Female,39,Silver,Web,Nakhon Ratchasima,1621,Lazada,COD,18,7,2,0,30-40,54.03333333333333,3.0,2.0,0.6666666666666666,-8,8,2070.05,0.25,0.3333333333333333,0.3333333333333333,0.0,0.0,0,0,0.0,624.38,1,1,1.0,2356.11,2,2,1.0,6210.150000000001,3,2,0.6666666666666666,0
LGS2ORD0025731,C015224,2025-07-23 18:00:00,Female,30,Bronze,Web,Nakhon Ratchasima,510,Shopee,Credit_Card,18,7,2,0,20-30,17.0,6.0,1.0,0.16666666666666666,83,91,2774.4366666666665,0.23,0.5,0.3333333333333333,0.0,0.0,0,0,0.0,0.0,0,0,0.0,0.0,0,0,0.0,16646.62,6,1,0.16666666666666666,0
LGS2ORD0025732,C013490,2025-07-23 19:00:00,Female,43,Gold,Web,Khon Kaen,1461,Web,COD,19,7,2,0,40-50,48.7,4.0,2.0,0.5,176,144,5902.92,0.28,0.75,0.5,0.0,0.0,0,0,0.0,0.0,0,0,0.0,0.0,0,0,0.0,23611.68,4,2,0.5,1
LGS2ORD0025733,C012242,2025-07-23 19:00:00,Male,54,Silver,CallCenter,Chonburi,1074,Web,COD,19,7,2,0,>50,35.8,4.0,1.0,0.25,-12,1,1693.4949999999997,0.2,0.5,0.0,0.0,965.03,1,1,1.0,965.03,1,1,1.0,965.03,1,1,1.0,6773.979999999999,4,1,0.25,0
LGS2ORD0025734,C015494,2025-07-23 19:00:00,Female,38,Gold,Shopee,Phuket,449,TV_Show,Credit_Card,19,7,2,0,30-40,14.966666666666667,4.0,1.0,0.25,113,0,2414.0325000000003,0.2299999999999999,0.75,0.5,0.0,2955.62,1,0,0.0,2955.62,1,0,0.0,2955.62,1,0,0.0,9656.130000000001,4,1,0.25,0
LGS2ORD0025735,C014970,2025-07-23 19:00:00,Female,40,Bronze,Web,Songkhla,378,Web,COD,19,7,2,0,30-40,12.6,3.0,1.0,0.3333333333333333,12,26,7786.03,0.23,0.3333333333333333,0.6666666666666666,0.0,0.0,0,0,0.0,1445.27,1,1,1.0,9120.5,2,1,0.5,23358.09,3,1,0.3333333333333333,1
LGS2ORD0025736,C015003,2025-07-23 19:00:00,Male,46,Silver,Web,Chonburi,358,Shopee,COD,19,7,2,0,40-50,11.933333333333334,2.0,0.0,0.0,-1,13,3911.705,0.1,0.5,0.0,0.0,0.0,0,0,0.0,4752.7,1,0,0.0,4752.7,1,0,0.0,7823.41,2,0,0.0,0
LGS2ORD0025737,C016982,2025-07-23 19:00:00,Male,43,Bronze,Web,Remote_Area,752,Lazada,COD,19,7,2,0,40-50,25.066666666666666,4.0,2.0,0.5,15,31,8344.092499999999,0.28,0.5,0.5,0.0,0.0,0,0,0.0,0.0,0,0,0.0,12702.400000000001,2,2,1.0,33376.369999999995,4,2,0.5,0
LGS2ORD0025738,C017610,2025-07-23 20:00:00,Female,50,Gold,Web,Bangkok,334,TV_Show,PromptPay,20,7,2,0,40-50,11.133333333333333,0.0,0.0,0.0,-1,-1,0.0,0.0,0.0,0.0,0.0,0.0,0,0,0.0,0.0,0,0,0.0,0.0,0,0,0.0,0.0,0,0,0.0,1
LGS2ORD0025739,C017797,2025-07-23 20:00:00,Male,46,Silver,Lazada,Chiang Mai,1233,CallCenter,PromptPay,20,7,2,0,40-50,41.1,0.0,0.0,0.0,-1,-1,0.0,0.0,0.0,0.0,0.0,0.0,0,0,0.0,0.0,0,0,0.0,0.0,0,0,0.0,0.0,0,0,0.0,0
LGS2ORD0025740,C016746,2025-07-23 20:00:00,Female,55,Silver,TV,Nakhon Ratchasima,1161,Web,COD,20,7,2,0,>50,38.7,2.0,0.0,0.0,-1,95,5180.0,0.2,0.5,0.0,0.0,0.0,0,0,0.0,0.0,0,0,0.0,0.0,0,0,0.0,10360.0,2,0,0.0,1
LGS2ORD0025741,C013774,2025-07-23 20:00:00,Female,52,Bronze,CallCenter,Songkhla,874,Shopee,COD,20,7,2,0,>50,29.133333333333333,4.0,2.0,0.5,8,21,5364.425,0.23,0.5,0.25,0.0,0.0,0,0,0.0,2918.04,1,1,1.0,20534.670000000002,3,1,0.3333333333333333,21457.7,4,2,0.5,1
LGS2ORD0025742,C014769,2025-07-23 20:00:00,Other,47,Bronze,Shopee,Bangkok,1651,TV_Show,COD,20,7,2,0,40-50,55.03333333333333,6.0,1.0,0.16666666666666666,106,7,2464.9950000000003,0.23,0.0,0.3333333333333333,0.0,0.0,0,0,0.0,717.76,1,0,0.0,5607.25,3,0,0.0,14789.970000000001,6,1,0.16666666666666666,0
LGS2ORD0025743,C011521,2025-07-23 21:00:00,Male,38,Bronze,Lazada,Khon Kaen,1215,TV_Show,COD,21,7,2,0,30-40,40.5,4.0,2.0,0.5,29,42,2399.8749999999995,0.23,0.25,0.5,0.0,0.0,0,0,0.0,0.0,0,0,0.0,909.38,2,2,1.0,9599.499999999998,4,2,0.5,0
LGS2ORD0025744,C017386,2025-07-23 21:00:00,Male,66,Bronze,Shopee,Remote_Area,725,Web,Credit_Card,21,7,2,0,>50,24.166666666666668,4.0,1.0,0.25,76,33,6104.3675,0.28,0.5,0.25,0.0,0.0,0,0,0.0,0.0,0,0,0.0,10168.7,2,1,0.5,24417.47,4,1,0.25,1
LGS2ORD0025745,C014581,2025-07-23 21:00:00,Male,43,Silver,TV,Phuket,950,Lazada,Credit_Card,21,7,2,0,40-50,31.666666666666668,1.0,0.0,0.0,-1,198,2451.04,0.1,0.0,0.0,0.0,0.0,0,0,0.0,0.0,0,0,0.0,0.0,0,0,0.0,2451.04,1,0,0.0,0
LGS2ORD0025746,C013828,2025-07-23 21:00:00,Female,39,Silver,Lazada,Khon Kaen,1384,Lazada,PromptPay,21,7,2,0,30-40,46.13333333333333,1.0,0.0,0.0,-1,67,3683.99,0.05,1.0,0.0,0.0,0.0,0,0,0.0,0.0,0,0,0.0,3683.99,1,0,0.0,3683.99,1,0,0.0,0
LGS2ORD0025747,C010941,2025-07-23 21:00:00,Female,36,Silver,TV,Bangkok,948,CallCenter,COD,21,7,2,0,30-40,31.6,5.0,3.0,0.6,44,15,2906.4280000000003,0.3,1.0,0.4,0.0,0.0,0,0,0.0,678.95,1,0,0.0,4363.93,2,1,0.5,14532.140000000001,5,3,0.6,0
LGS2ORD0025748,C016992,2025-07-23 22:00:00,Other,36,Bronze,Web,Chonburi,356,Web,COD,22,7,2,0,30-40,11.866666666666667,4.0,1.0,0.25,163,18,5759.17,0.23,0.5,0.25,0.0,0.0,0,0,0.0,10820.4,1,0,0.0,10820.4,1,0,0.0,23036.68,4,1,0.25,0
LGS2ORD0025749,C017663,2025-07-23 22:00:00,Female,41,Silver,Web,Remote_Area,980,TV_Show,COD,22,7,2,0,40-50,32.666666666666664,5.0,2.0,0.4,64,71,5436.325999999999,0.25,0.8,0.2,0.0,0.0,0,0,0.0,0.0,0,0,0.0,2221.93,1,1,1.0,27181.629999999997,5,2,0.4,1
LGS2ORD0025750,C010739,2025-07-23 22:00:00,Male,34,Bronze,CallCenter,Bangkok,439,Web,PromptPay,22,7,2,0,30-40,14.633333333333333,3.0,1.0,0.3333333333333333,34,7,4592.006666666667,0.08,0.6666666666666666,0.0,0.0,0.0,0,0,0.0,3254.93,1,0,0.0,9030.41,2,1,0.5,13776.02,3,1,0.3333333333333333,0
LGS2ORD0025751,C011006,2025-07-23 22:00:00,Female,30,Bronze,Shopee,Remote_Area,1067,Web,COD,22,7,2,0,20-30,35.56666666666667,3.0,1.0,0.3333333333333333,108,46,3679.9933333333333,0.23,0.3333333333333333,0.3333333333333333,0.0,0.0,0,0,0.0,0.0,0,0,0.0,2366.8900000000003,2,0,0.0,11039.98,3,1,0.3333333333333333,0
LGS2ORD0025752,C014090,2025-07-23 22:00:00,Female,32,Platinum,Shopee,Phuket,1230,TV_Show,Credit_Card,22,7,2,0,30-40,41.0,2.0,1.0,0.5,108,120,5453.605,0.35,0.5,1.0,0.0,0.0,0,0,0.0,0.0,0,0,0.0,0.0,0,0,0.0,10907.21,2,1,0.5,0
LGS2ORD0025753,C013105,2025-07-23 23:00:00,Female,45,Bronze,Lazada,Nakhon Ratchasima,940,Shopee,COD,23,7,2,0,40-50,31.333333333333332,4.0,0.0,0.0,-1,30,2120.14,0.23,0.25,0.25,0.0,0.0,0,0,0.0,0.0,0,0,0.0,1863.31,2,0,0.0,8480.56,4,0,0.0,0
LGS2ORD0025754,C010756,2025-07-23 23:00:00,Male,54,Bronze,TV,Phuket,1630,TV_Show,COD,23,7,2,0,>50,54.333333333333336,5.0,0.0,0.0,-1,50,10147.554,0.28,0.6,0.4,0.0,0.0,0,0,0.0,0.0,0,0,0.0,23581.26,1,0,0.0,50737.770000000004,5,0,0.0,0
LGS2ORD0025755,C015136,2025-07-23 23:00:00,Female,28,Silver,Web,Phuket,435,Web,COD,23,7,2,0,20-30,14.5,6.0,1.0,0.16666666666666666,143,46,3876.9983333333334,0.25,0.8333333333333334,0.6666666666666666,0.0,0.0,0,0,0.0,0.0,0,0,0.0,4704.48,1,0,0.0,23261.99,6,1,0.16666666666666666,0
LGS2ORD0025756,C016534,2025-07-23 23:00:00,Female,51,Bronze,TV,Remote_Area,228,Lazada,Credit_Card,23,7,2,0,>50,7.6,7.0,0.0,0.0,-1,15,6969.177142857143,0.28,0.2857142857142857,0.42857142857142855,0.0,0.0,0,0,0.0,35469.57,2,0,0.0,48784.24,7,0,0.0,48784.24,7,0,0.0,0
LGS2ORD0025757,C015585,2025-07-23 23:00:00,Female,60,Bronze,TV,Bangkok,682,Lazada,COD,23,7,2,0,>50,22.733333333333334,2.0,1.0,0.5,171,170,11053.465,0.23,0.5,0.5,0.0,0.0,0,0,0.0,0.0,0,0,0.0,0.0,0,0,0.0,22106.93,2,1,0.5,0
LGS2ORD0025758,C013344,2025-07-23 23:00:00,Female,56,Silver,Web,Remote_Area,1380,TV_Show,COD,23,7,2,0,>50,46.0,4.0,1.0,0.25,169,103,11092.712500000001,0.15,0.75,0.0,0.0,0.0,0,0,0.0,0.0,0,0,0.0,0.0,0,0,0.0,44370.850000000006,4,1,0.25,0
LGS2ORD0025759,C017466,2025-07-24 00:00:00,Female,34,Silver,Web,Songkhla,547,Web,COD,0,7,3,0,30-40,18.233333333333334,3.0,2.0,0.6666666666666666,3,17,2816.2166666666667,0.25,0.3333333333333333,0.3333333333333333,0.0,0.0,0,0,0.0,1745.93,1,1,1.0,1745.93,1,1,1.0,8448.65,3,2,0.6666666666666666,0
LGS2ORD0025760,C011719,2025-07-24 00:00:00,Male,34,Gold,Lazada,Khon Kaen,1163,CallCenter,COD,0,7,3,0,30-40,38.766666666666666,0.0,0.0,0.0,-1,-1,0.0,0.0,0.0,0.0,0.0,0.0,0,0,0.0,0.0,0,0,0.0,0.0,0,0,0.0,0.0,0,0,0.0,0
LGS2ORD0025761,C012184,2025-07-24 00:00:00,Male,46,Silver,TV,Bangkok,1457,TV_Show,COD,0,7,3,0,40-50,48.56666666666667,3.0,0.0,0.0,-1,7,4719.36,0.25,0.0,0.6666666666666666,0.0,0.0,0,0,0.0,12965.59,2,0,0.0,12965.59,2,0,0.0,14158.08,3,0,0.0,1
LGS2ORD0025762,C013064,2025-07-24 00:00:00,Male,32,Platinum,Web,Khon Kaen,540,Shopee,COD,0,7,3,0,30-40,18.0,3.0,1.0,0.3333333333333333,114,127,4257.45,0.3,0.6666666666666666,0.3333333333333333,0.0,0.0,0,0,0.0,0.0,0,0,0.0,0.0,0,0,0.0,12772.349999999999,3,1,0.3333333333333333,0
LGS2ORD0025763,C016590,2025-07-24 00:00:00,Male,50,Platinum,Lazada,Chonburi,794,Web,Credit_Card,0,7,3,0,40-50,26.466666666666665,4.0,1.0,0.25,81,76,16311.7775,0.2,0.5,0.0,0.0,0.0,0,0,0.0,0.0,0,0,0.0,21439.16,1,0,0.0,65247.11,4,1,0.25,0
LGS2ORD0025764,C010604,2025-07-24 01:00:00,Female,50,Silver,Shopee,Chonburi,639,Shopee,Credit_Card,1,7,3,0,40-50,21.3,4.0,0.0,0.0,-1,56,9878.3225,0.3,0.25,0.75,0.0,0.0,0,0,0.0,0.0,0,0,0.0,29271.59,3,0,0.0,39513.29,4,0,0.0,0
LGS2ORD0025765,C012923,2025-07-24 01:00:00,Male,38,Bronze,TV,Chiang Mai,884,Web,COD,1,7,3,0,30-40,29.466666666666665,2.0,0.0,0.0,-1,32,3453.545,0.28,0.0,1.0,0.0,0.0,0,0,0.0,0.0,0,0,0.0,4218.58,1,0,0.0,6907.09,2,0,0.0,0
LGS2ORD0025766,C011660,2025-07-24 01:00:00,Male,58,Platinum,CallCenter,Phuket,620,TV_Show,COD,1,7,3,0,>50,20.666666666666668,4.0,2.0,0.5,105,108,3567.6349999999998,0.25,0.25,0.75,0.0,0.0,0,0,0.0,0.0,0,0,0.0,0.0,0,0,0.0,14270.539999999999,4,2,0.5,0
LGS2ORD0025767,C010294,2025-07-24 01:00:00,Female,46,Silver,Lazada,Phuket,517,CallCenter,COD,1,7,3,0,40-50,17.233333333333334,3.0,1.0,0.3333333333333333,127,25,4454.193333333334,0.15,0.3333333333333333,0.0,0.0,0.0,0,0,0.0,1082.53,1,0,0.0,1082.53,1,0,0.0,13362.58,3,1,0.3333333333333333,0
LGS2ORD0025768,C017463,2025-07-24 01:00:00,Male,43,Silver,Web,Phuket,379,TV_Show,PromptPay,1,7,3,0,40-50,12.633333333333333,1.0,0.0,0.0,-1,190,726.37,0.2,0.0,0.0,0.0,0.0,0,0,0.0,0.0,0,0,0.0,0.0,0,0,0.0,726.37,1,0,0.0,1
LGS2ORD0025769,C015670,2025-07-24 02:00:00,Male,31,Platinum,TV,Songkhla,1461,CallCenter,Credit_Card,2,7,3,0,30-40,48.7,1.0,1.0,1.0,26,36,703.5,0.15,1.0,0.0,0.0,0.0,0,0,0.0,0.0,0,0,0.0,703.5,1,1,1.0,703.5,1,1,1.0,0
LGS2ORD0025770,C012876,2025-07-24 02:00:00,Other,36,Silver,CallCenter,Khon Kaen,429,Web,Credit_Card,2,7,3,0,30-40,14.3,4.0,1.0,0.25,73,36,10164.9725,0.25,0.25,0.25,0.0,0.0,0,0,0.0,0.0,0,0,0.0,39320.93,3,1,0.3333333333333333,40659.89,4,1,0.25,0
LGS2ORD0025771,C011669,2025-07-24 02:00:00,Male,35,Bronze,Lazada,Remote_Area,466,TV_Show,COD,2,7,3,0,30-40,15.533333333333333,3.0,0.0,0.0,-1,109,6796.876666666666,0.13,0.3333333333333333,0.0,0.0,0.0,0,0,0.0,0.0,0,0,0.0,0.0,0,0,0.0,20390.629999999997,3,0,0.0,0
LGS2ORD0025772,C014024,2025-07-24 02:00:00,Male,36,Gold,CallCenter,Chiang Mai,269,TV_Show,COD,2,7,3,0,30-40,8.966666666666667,3.0,1.0,0.3333333333333333,73,86,11203.253333333334,0.2299999999999999,0.6666666666666666,0.3333333333333333,0.0,0.0,0,0,0.0,0.0,0,0,0.0,3325.35,1,1,1.0,33609.76,3,1,0.3333333333333333,0
LGS2ORD0025773,C010065,2025-07-24 02:00:00,Male,38,Bronze,CallCenter,Khon Kaen,1662,TV_Show,COD,2,7,3,0,30-40,55.4,4.0,0.0,0.0,-1,133,3687.8100000000004,0.23,0.5,0.5,0.0,0.0,0,0,0.0,0.0,0,0,0.0,0.0,0,0,0.0,14751.240000000002,4,0,0.0,0
LGS2ORD0025774,C013707,2025-07-24 03:00:00,Other,32,Gold,CallCenter,Nakhon Ratchasima,1576,Lazada,Credit_Card,3,7,3,0,30-40,52.53333333333333,3.0,0.0,0.0,-1,29,6925.900000000001,0.2299999999999999,0.0,0.3333333333333333,0.0,0.0,0,0,0.0,4136.8,1,0,0.0,4136.8,1,0,0.0,20777.7,3,0,0.0,0
LGS2ORD0025775,C012372,2025-07-24 03:00:00,Female,40,Platinum,TV,Chiang Mai,239,Web,Bank_Transfer,3,7,3,0,30-40,7.966666666666667,4.0,3.0,0.75,36,47,8284.317500000001,0.35,0.75,0.75,0.0,0.0,0,0,0.0,0.0,0,0,0.0,3266.75,1,1,1.0,33137.270000000004,4,3,0.75,0
LGS2ORD0025776,C016229,2025-07-24 03:00:00,Female,37,Bronze,Web,Bangkok,410,Shopee,COD,3,7,3,0,30-40,13.666666666666666,2.0,2.0,1.0,58,65,2755.985,0.13,0.0,0.0,0.0,0.0,0,0,0.0,0.0,0,0,0.0,1611.47,1,1,1.0,5511.97,2,2,1.0,0
LGS2ORD0025777,C014446,2025-07-24 03:00:00,Female,59,Silver,Web,Nakhon Ratchasima,676,CallCenter,Credit_Card,3,7,3,0,>50,22.533333333333335,0.0,0.0,0.0,-1,-1,0.0,0.0,0.0,0.0,0.0,0.0,0,0,0.0,0.0,0,0,0.0,0.0,0,0,0.0,0.0,0,0,0.0,0
LGS2ORD0025778,C012009,2025-07-24 03:00:00,Female,50,Bronze,Shopee,Bangkok,988,TV_Show,COD,3,7,3,0,40-50,32.93333333333333,2.0,1.0,0.5,140,149,7866.325000000001,0.08,1.0,0.0,0.0,0.0,0,0,0.0,0.0,0,0,0.0,0.0,0,0,0.0,15732.650000000001,2,1,0.5,1
LGS2ORD0025779,C016305,2025-07-24 03:00:00,Other,43,Gold,Shopee,Bangkok,673,Web,Credit_Card,3,7,3,0,40-50,22.433333333333334,3.0,1.0,0.3333333333333333,33,39,10191.993333333334,0.28,0.6666666666666666,1.0,0.0,0.0,0,0,0.0,0.0,0,0,0.0,28720.519999999997,2,1,0.5,30575.98,3,1,0.3333333333333333,0
LGS2ORD0025780,C012113,2025-07-24 04:00:00,Male,35,Bronze,Web,Songkhla,273,TV_Show,PromptPay,4,7,3,0,30-40,9.1,5.0,3.0,0.6,82,50,5094.978,0.28,0.2,0.2,0.0,0.0,0,0,0.0,0.0,0,0,0.0,6624.93,2,1,0.5,25474.89,5,3,0.6,1
LGS2ORD0025781,C013106,2025-07-24 04:00:00,Male,28,Bronze,TV,Nakhon Ratchasima,229,Shopee,COD,4,7,3,0,20-30,7.633333333333334,6.0,2.0,0.3333333333333333,56,28,5465.861666666667,0.23,0.5,0.5,0.16666666666666666,0.0,0,0,0.0,282.95,1,0,0.0,4116.91,3,1,0.3333333333333333,32795.17,6,2,0.3333333333333333,0
LGS2ORD0025782,C014909,2025-07-24 04:00:00,Female,44,Bronze,Shopee,Phuket,457,TV_Show,COD,4,7,3,0,40-50,15.233333333333333,5.0,1.0,0.2,8,14,8268.914,0.23,0.4,0.2,0.0,0.0,0,0,0.0,3852.15,1,1,1.0,13639.199999999999,2,1,0.5,41344.57,5,1,0.2,0
LGS2ORD0025783,C016735,2025-07-24 04:00:00,Male,47,Silver,TV,Khon Kaen,1601,TV_Show,Credit_Card,4,7,3,0,40-50,53.36666666666667,2.0,1.0,0.5,32,25,1613.3400000000001,0.25,0.5,0.5,0.0,0.0,0,0,0.0,432.24,1,0,0.0,3226.6800000000003,2,1,0.5,3226.6800000000003,2,1,0.5,0
LGS2ORD0025784,C017097,2025-07-24 04:00:00,Male,42,Silver,Shopee,Chiang Mai,440,TV_Show,COD,4,7,3,0,40-50,14.666666666666666,9.0,1.0,0.1111111111111111,194,10,3209.7033333333334,0.3,0.6666666666666666,0.3333333333333333,0.1111111111111111,0.0,0,0,0.0,13327.98,3,0,0.0,15018.58,4,0,0.0,28887.33,9,1,0.1111111111111111,0
LGS2ORD0025785,C015269,2025-07-24 05:00:00,Female,18,Bronze,Web,Khon Kaen,1589,TV_Show,PromptPay,5,7,3,0,<20,52.96666666666667,8.0,1.0,0.125,123,26,8054.945,0.28,0.625,0.25,0.0,0.0,0,0,0.0,26003.28,1,0,0.0,45587.16,4,0,0.0,64439.56,8,1,0.125,0
LGS2ORD0025786,C011554,2025-07-24 05:00:00,Male,40,Bronze,TV,Remote_Area,845,TV_Show,COD,5,7,3,0,30-40,28.166666666666668,9.0,1.0,0.1111111111111111,98,4,5369.526666666667,0.28,0.7777777777777778,0.4444444444444444,0.0,6774.9,1,0,0.0,26999.010000000002,2,0,0.0,36721.08,4,0,0.0,48325.74,9,1,0.1111111111111111,1
LGS2ORD0025787,C010062,2025-07-24 05:00:00,Male,48,Silver,TV,Remote_Area,1601,TV_Show,COD,5,7,3,0,40-50,53.36666666666667,2.0,0.0,0.0,-1,33,7618.27,0.3,0.5,0.5,0.0,0.0,0,0,0.0,0.0,0,0,0.0,5077.18,1,0,0.0,15236.54,2,0,0.0,1
LGS2ORD0025788,C015289,2025-07-24 05:00:00,Male,43,Bronze,Web,Khon Kaen,1129,Shopee,Bank_Transfer,5,7,3,0,40-50,37.63333333333333,3.0,1.0,0.3333333333333333,116,22,3776.943333333333,0.18,1.0,0.0,0.0,0.0,0,0,0.0,7344.14,1,0,0.0,7344.14,1,0,0.0,11330.83,3,1,0.3333333333333333,0
LGS2ORD0025789,C015289,2025-07-24 05:00:00,Male,43,Bronze,Web,Khon Kaen,1129,TV_Show,PromptPay,5,7,3,0,40-50,37.63333333333333,3.0,1.0,0.3333333333333333,116,22,3776.943333333333,0.18,1.0,0.0,0.0,0.0,0,0,0.0,7344.14,1,0,0.0,7344.14,1,0,0.0,11330.83,3,1,0.3333333333333333,0
LGS2ORD0025790,C017831,2025-07-24 06:00:00,Male,37,Bronze,Shopee,Chonburi,1130,TV_Show,COD,6,7,3,0,30-40,37.666666666666664,0.0,0.0,0.0,-1,-1,0.0,0.0,0.0,0.0,0.0,0.0,0,0,0.0,0.0,0,0,0.0,0.0,0,0,0.0,0.0,0,0,0.0,0
LGS2ORD0025791,C010059,2025-07-24 06:00:00,Female,30,Gold,Shopee,Bangkok,1258,TV_Show,Credit_Card,6,7,3,0,20-30,41.93333333333333,1.0,0.0,0.0,-1,62,7453.13,0.08,0.0,0.0,0.0,0.0,0,0,0.0,0.0,0,0,0.0,7453.13,1,0,0.0,7453.13,1,0,0.0,0
LGS2ORD0025792,C011638,2025-07-24 06:00:00,Female,59,Gold,Shopee,Songkhla,497,TV_Show,Bank_Transfer,6,7,3,0,>50,16.566666666666666,2.0,0.0,0.0,-1,67,2468.96,0.2299999999999999,0.5,1.0,0.0,0.0,0,0,0.0,0.0,0,0,0.0,1107.39,1,0,0.0,4937.92,2,0,0.0,0
LGS2ORD0025793,C016369,2025-07-24 06:00:00,Other,22,Silver,Shopee,Bangkok,365,Web,COD,6,7,3,0,20-30,12.166666666666666,4.0,1.0,0.25,116,98,5750.225,0.3,0.5,0.25,0.0,0.0,0,0,0.0,0.0,0,0,0.0,0.0,0,0,0.0,23000.9,4,1,0.25,0
LGS2ORD0025794,C015287,2025-07-24 06:00:00,Female,28,Silver,TV,Phuket,1083,Shopee,Bank_Transfer,6,7,3,0,20-30,36.1,3.0,0.0,0.0,-1,44,5307.593333333333,0.1,0.3333333333333333,0.0,0.0,0.0,0,0,0.0,0.0,0,0,0.0,1877.51,1,0,0.0,15922.78,3,0,0.0,0
LGS2ORD0025795,C013156,2025-07-24 07:00:00,Male,64,Gold,Shopee,Bangkok,1632,Web,Credit_Card,7,7,3,0,>50,54.4,4.0,0.0,0.0,-1,82,12457.197499999998,0.2299999999999999,0.25,0.5,0.0,0.0,0,0,0.0,0.0,0,0,0.0,35163.2,1,0,0.0,49828.78999999999,4,0,0.0,0
LGS2ORD0025796,C016285,2025-07-24 07:00:00,Male,71,Bronze,Shopee,Bangkok,1556,Shopee,COD,7,7,3,0,>50,51.86666666666667,6.0,2.0,0.3333333333333333,48,11,6198.698333333333,0.28,0.5,0.3333333333333333,0.0,0.0,0,0,0.0,5450.37,2,0,0.0,11036.88,3,1,0.3333333333333333,37192.189999999995,6,2,0.3333333333333333,1
LGS2ORD0025797,C015409,2025-07-24 07:00:00,Male,24,Gold,TV,Chiang Mai,1140,CallCenter,COD,7,7,3,0,20-30,38.0,3.0,1.0,0.3333333333333333,14,26,4437.6,0.2299999999999999,0.0,0.3333333333333333,0.0,0.0,0,0,0.0,3548.85,1,1,1.0,3548.85,1,1,1.0,13312.800000000001,3,1,0.3333333333333333,0
LGS2ORD0025798,C014125,2025-07-24 07:00:00,Female,45,Gold,CallCenter,Khon Kaen,438,Lazada,COD,7,7,3,0,40-50,14.6,4.0,0.0,0.0,-1,48,4575.6775,0.33,0.75,0.25,0.0,0.0,0,0,0.0,0.0,0,0,0.0,11277.580000000002,2,0,0.0,18302.71,4,0,0.0,0
LGS2ORD0025799,C015324,2025-07-24 07:00:00,Female,42,Gold,Web,Remote_Area,659,Lazada,PromptPay,7,7,3,0,40-50,21.966666666666665,4.0,1.0,0.25,60,70,2545.625,0.33,0.25,0.5,0.0,0.0,0,0,0.0,0.0,0,0,0.0,3172.51,1,1,1.0,10182.5,4,1,0.25,0
LGS2ORD0025800,C017857,2025-07-24 07:00:00,Male,51,Silver,TV,Chiang Mai,936,TV_Show,COD,7,7,3,0,>50,31.2,4.0,2.0,0.5,-9,3,3345.925,0.2,0.25,0.0,0.0,7308.08,2,2,1.0,7308.08,2,2,1.0,12766.02,3,2,0.6666666666666666,13383.7,4,2,0.5,0
LGS2ORD0025801,C012848,2025-07-24 08:00:00,Male,48,Bronze,TV,Songkhla,1333,TV_Show,COD,8,7,3,0,40-50,44.43333333333333,3.0,1.0,0.3333333333333333,191,13,5887.48,0.28,0.6666666666666666,0.6666666666666666,0.0,0.0,0,0,0.0,4124.28,1,0,0.0,4124.28,1,0,0.0,17662.44,3,1,0.3333333333333333,1
LGS2ORD0025802,C016261,2025-07-24 08:00:00,Female,50,Bronze,CallCenter,Bangkok,851,Shopee,Bank_Transfer,8,7,3,0,40-50,28.366666666666667,4.0,1.0,0.25,99,61,2717.5600000000004,0.13,0.5,0.0,0.0,0.0,0,0,0.0,0.0,0,0,0.0,10546.670000000002,3,0,0.0,10870.240000000002,4,1,0.25,0
LGS2ORD0025803,C014841,2025-07-24 08:00:00,Male,67,Bronze,Shopee,Remote_Area,358,TV_Show,PromptPay,8,7,3,0,>50,11.933333333333334,7.0,1.0,0.14285714285714285,40,6,4015.1442857142856,0.23,0.5714285714285714,0.14285714285714285,0.0,3697.9,1,0,0.0,9043.48,3,0,0.0,20873.28,5,1,0.2,28106.01,7,1,0.14285714285714285,0
LGS2ORD0025804,C014926,2025-07-24 08:00:00,Female,50,Silver,Lazada,Songkhla,1062,TV_Show,COD,8,7,3,0,40-50,35.4,3.0,0.0,0.0,-1,1,3608.85,0.2,0.0,0.0,0.0,1724.04,1,0,0.0,1724.04,1,0,0.0,1724.04,1,0,0.0,10826.55,3,0,0.0,0
LGS2ORD0025805,C010811,2025-07-24 08:00:00,Male,44,Bronze,TV,Chonburi,987,TV_Show,COD,8,7,3,0,40-50,32.9,2.0,1.0,0.5,103,90,5847.095,0.28,0.5,0.5,0.0,0.0,0,0,0.0,0.0,0,0,0.0,0.0,0,0,0.0,11694.19,2,1,0.5,0
LGS2ORD0025806,C014999,2025-07-24 09:00:00,Female,49,Bronze,TV,Bangkok,1090,TV_Show,COD,9,7,3,0,40-50,36.333333333333336,2.0,0.0,0.0,-1,35,2383.99,0.03,0.5,0.0,0.0,0.0,0,0,0.0,0.0,0,0,0.0,3637.89,1,0,0.0,4767.98,2,0,0.0,0
LGS2ORD0025807,C016238,2025-07-24 09:00:00,Female,57,Bronze,CallCenter,Bangkok,670,Web,COD,9,7,3,0,>50,22.333333333333332,0.0,0.0,0.0,-1,-1,0.0,0.0,0.0,0.0,0.0,0.0,0,0,0.0,0.0,0,0,0.0,0.0,0,0,0.0,0.0,0,0,0.0,0
LGS2ORD0025808,C016452,2025-07-24 09:00:00,Female,37,Gold,TV,Chiang Mai,1331,Web,COD,9,7,3,0,30-40,44.36666666666667,4.0,1.0,0.25,31,17,7374.9925,0.2299999999999999,0.0,0.25,0.0,0.0,0,0,0.0,3714.63,1,0,0.0,11179.93,2,1,0.5,29499.97,4,1,0.25,1
LGS2ORD0025809,C010189,2025-07-24 09:00:00,Female,48,Bronze,TV,Khon Kaen,749,Shopee,Credit_Card,9,7,3,0,40-50,24.966666666666665,4.0,1.0,0.25,138,65,8527.82,0.18,0.75,0.0,0.0,0.0,0,0,0.0,0.0,0,0,0.0,6604.41,1,0,0.0,34111.28,4,1,0.25,0
LGS2ORD0025810,C012320,2025-07-24 09:00:00,Female,46,Bronze,TV,Bangkok,834,TV_Show,COD,9,7,3,0,40-50,27.8,3.0,0.0,0.0,-1,8,2811.8799999999997,0.23,0.3333333333333333,0.3333333333333333,0.0,0.0,0,0,0.0,847.25,1,0,0.0,847.25,1,0,0.0,8435.64,3,0,0.0,0
LGS2ORD0025811,C017312,2025-07-24 10:00:00,Female,25,Silver,CallCenter,Bangkok,947,TV_Show,PromptPay,10,7,3,0,20-30,31.566666666666666,2.0,0.0,0.0,-1,156,7131.025,0.2,0.0,0.0,0.0,0.0,0,0,0.0,0.0,0,0,0.0,0.0,0,0,0.0,14262.05,2,0,0.0,0
LGS2ORD0025812,C015888,2025-07-24 10:00:00,Male,34,Gold,Shopee,Khon Kaen,862,Lazada,COD,10,7,3,0,30-40,28.733333333333334,4.0,0.0,0.0,-1,69,1580.955,0.2299999999999999,0.0,0.5,0.0,0.0,0,0,0.0,0.0,0,0,0.0,4121.45,2,0,0.0,6323.82,4,0,0.0,0
LGS2ORD0025813,C014609,2025-07-24 10:00:00,Female,42,Bronze,Web,Khon Kaen,1042,TV_Show,PromptPay,10,7,3,0,40-50,34.733333333333334,2.0,0.0,0.0,-1,12,2861.5299999999997,0.23,0.5,0.5,0.0,0.0,0,0,0.0,1673.0,1,0,0.0,1673.0,1,0,0.0,5723.0599999999995,2,0,0.0,0
LGS2ORD0025814,C015572,2025-07-24 10:00:00,Male,23,Bronze,Web,Songkhla,247,Shopee,COD,10,7,3,0,20-30,8.233333333333333,2.0,0.0,0.0,-1,20,1604.13,0.18,1.0,0.0,0.0,0.0,0,0,0.0,603.73,1,0,0.0,603.73,1,0,0.0,3208.26,2,0,0.0,1
LGS2ORD0025815,C014937,2025-07-24 10:00:00,Male,42,Bronze,Shopee,Phuket,1277,Lazada,COD,10,7,3,0,40-50,42.56666666666667,3.0,1.0,0.3333333333333333,6,10,7835.553333333333,0.08,1.0,0.0,0.0,0.0,0,0,0.0,15293.38,1,1,1.0,15492.539999999999,2,1,0.5,23506.66,3,1,0.3333333333333333,0
LGS2ORD0025816,C016377,2025-07-24 10:00:00,Female,52,Silver,Web,Chiang Mai,350,TV_Show,Credit_Card,10,7,3,0,>50,11.666666666666666,3.0,1.0,0.3333333333333333,123,53,1976.1366666666665,0.1,0.3333333333333333,0.0,0.0,0.0,0,0,0.0,0.0,0,0,0.0,972.13,1,0,0.0,5928.41,3,1,0.3333333333333333,1
LGS2ORD0025817,C015948,2025-07-24 11:00:00,Female,43,Silver,Lazada,Chiang Mai,373,Shopee,PromptPay,11,7,3,0,40-50,12.433333333333334,7.0,3.0,0.42857142857142855,72,77,3506.9871428571428,0.2,0.7142857142857143,0.0,0.0,0.0,0,0,0.0,0.0,0,0,0.0,5010.51,2,1,0.5,24548.91,7,3,0.42857142857142855,1
LGS2ORD0025818,C016588,2025-07-24 11:00:00,Female,43,Silver,Web,Khon Kaen,838,Web,COD,11,7,3,0,40-50,27.933333333333334,4.0,1.0,0.25,88,85,8831.975,0.3,0.5,0.75,0.0,0.0,0,0,0.0,0.0,0,0,0.0,8705.89,1,0,0.0,35327.9,4,1,0.25,0
LGS2ORD0025819,C017147,2025-07-24 11:00:00,Female,61,Silver,TV,Phuket,1427,TV_Show,PromptPay,11,7,3,0,>50,47.56666666666667,9.0,4.0,0.4444444444444444,2,13,2119.1022222222223,0.3,0.3333333333333333,0.2222222222222222,0.0,0.0,0,0,0.0,7896.709999999999,3,2,0.6666666666666666,9632.6,4,2,0.5,19071.920000000002,9,4,0.4444444444444444,0
LGS2ORD0025820,C011682,2025-07-24 11:00:00,Female,27,Silver,Web,Bangkok,952,Lazada,COD,11,7,3,0,20-30,31.733333333333334,2.0,0.0,0.0,-1,75,5955.799999999999,0.1,1.0,0.0,0.0,0.0,0,0,0.0,0.0,0,0,0.0,725.22,1,0,0.0,11911.599999999999,2,0,0.0,0
LGS2ORD0025821,C010125,2025-07-24 11:00:00,Female,25,Silver,TV,Phuket,1639,Web,COD,11,7,3,0,20-30,54.63333333333333,2.0,2.0,1.0,112,126,2776.185,0.25,0.0,0.5,0.0,0.0,0,0,0.0,0.0,0,0,0.0,0.0,0,0,0.0,5552.37,2,2,1.0,0
LGS2ORD0025822,C011650,2025-07-24 12:00:00,Male,54,Gold,Web,Phuket,1044,Web,COD,12,7,3,0,>50,34.8,1.0,0.0,0.0,-1,113,4803.51,0.08,1.0,0.0,0.0,0.0,0,0,0.0,0.0,0,0,0.0,0.0,0,0,0.0,4803.51,1,0,0.0,0
LGS2ORD0025823,C016884,2025-07-24 12:00:00,Male,57,Gold,Web,Chonburi,1636,Web,COD,12,7,3,0,>50,54.53333333333333,1.0,0.0,0.0,-1,76,452.53,0.33,0.0,1.0,0.0,0.0,0,0,0.0,0.0,0,0,0.0,452.53,1,0,0.0,452.53,1,0,0.0,0
LGS2ORD0025824,C011561,2025-07-24 12:00:00,Female,47,Bronze,Web,Songkhla,1129,Shopee,COD,12,7,3,0,40-50,37.63333333333333,3.0,2.0,0.6666666666666666,68,43,6667.150000000001,0.28,1.0,0.3333333333333333,0.0,0.0,0,0,0.0,0.0,0,0,0.0,7908.84,2,1,0.5,20001.45,3,2,0.6666666666666666,0
LGS2ORD0025825,C016835,2025-07-24 12:00:00,Male,46,Bronze,CallCenter,Bangkok,678,CallCenter,PromptPay,12,7,3,0,40-50,22.6,4.0,1.0,0.25,48,44,5263.9775,0.23,0.0,0.25,0.0,0.0,0,0,0.0,0.0,0,0,0.0,15872.75,2,1,0.5,21055.91,4,1,0.25,0
LGS2ORD0025826,C012033,2025-07-24 12:00:00,Male,32,Silver,TV,Khon Kaen,1660,Shopee,COD,12,7,3,0,30-40,55.333333333333336,5.0,2.0,0.4,145,0,5535.304,0.3,0.6,0.8,0.0,1226.97,1,0,0.0,1226.97,1,0,0.0,4908.54,2,0,0.0,27676.52,5,2,0.4,1
LGS2ORD0025827,C014648,2025-07-24 13:00:00,Female,63,Bronze,TV,Songkhla,1424,Web,PromptPay,13,7,3,0,>50,47.46666666666667,3.0,0.0,0.0,-1,2,4352.259999999999,0.18,0.0,0.0,0.0,1933.38,1,0,0.0,1933.38,1,0,0.0,1933.38,1,0,0.0,13056.779999999999,3,0,0.0,1
LGS2ORD0025828,C013937,2025-07-24 13:00:00,Male,40,Silver,Lazada,Khon Kaen,960,Web,COD,13,7,3,0,30-40,32.0,4.0,1.0,0.25,44,59,7136.3325,0.3,1.0,0.25,0.0,0.0,0,0,0.0,0.0,0,0,0.0,4732.13,1,1,1.0,28545.33,4,1,0.25,1
LGS2ORD0025829,C010977,2025-07-24 13:00:00,Female,43,Silver,TV,Phuket,715,Shopee,COD,13,7,3,0,40-50,23.833333333333332,5.0,3.0,0.6,97,37,3222.028,0.3,0.6,0.2,0.0,0.0,0,0,0.0,0.0,0,0,0.0,627.18,1,0,0.0,16110.14,5,3,0.6,0
LGS2ORD0025830,C013388,2025-07-24 13:00:00,Other,58,Silver,Web,Bangkok,1109,Shopee,COD,13,7,3,0,>50,36.96666666666667,4.0,1.0,0.25,141,111,3182.6925,0.3,0.5,0.5,0.0,0.0,0,0,0.0,0.0,0,0,0.0,0.0,0,0,0.0,12730.77,4,1,0.25,0
LGS2ORD0025831,C016864,2025-07-24 13:00:00,Female,56,Bronze,CallCenter,Nakhon Ratchasima,1276,TV_Show,Bank_Transfer,13,7,3,0,>50,42.53333333333333,5.0,1.0,0.2,81,25,8704.738000000001,0.23,1.0,0.2,0.0,0.0,0,0,0.0,11758.529999999999,2,0,0.0,13205.93,3,0,0.0,43523.69,5,1,0.2,1
LGS2ORD0025832,C016507,2025-07-24 14:00:00,Female,41,Bronze,TV,Chonburi,550,Lazada,COD,14,7,3,0,40-50,18.333333333333332,7.0,4.0,0.5714285714285714,108,115,2468.3100000000004,0.23,0.7142857142857143,0.14285714285714285,0.0,0.0,0,0,0.0,0.0,0,0,0.0,0.0,0,0,0.0,17278.170000000002,7,4,0.5714285714285714,1
LGS2ORD0025833,C011330,2025-07-24 14:00:00,Male,49,Bronze,Web,Bangkok,915,Shopee,Bank_Transfer,14,7,3,0,40-50,30.5,3.0,0.0,0.0,-1,20,2725.7599999999998,0.23,0.3333333333333333,0.3333333333333333,0.0,0.0,0,0,0.0,4147.07,1,0,0.0,4147.07,1,0,0.0,8177.28,3,0,0.0,0
LGS2ORD0025834,C013643,2025-07-24 14:00:00,Male,27,Silver,Shopee,Bangkok,297,Shopee,Credit_Card,14,7,3,0,20-30,9.9,0.0,0.0,0.0,-1,-1,0.0,0.0,0.0,0.0,0.0,0.0,0,0,0.0,0.0,0,0,0.0,0.0,0,0,0.0,0.0,0,0,0.0,0
LGS2ORD0025835,C012521,2025-07-24 14:00:00,Female,40,Bronze,TV,Phuket,457,Lazada,COD,14,7,3,0,30-40,15.233333333333333,5.0,0.0,0.0,-1,1,7028.916,0.18,0.8,0.0,0.0,2330.61,1,0,0.0,2330.61,1,0,0.0,30698.28,4,0,0.0,35144.58,5,0,0.0,1
LGS2ORD0025836,C015542,2025-07-24 14:00:00,Female,38,Silver,Shopee,Chonburi,463,Web,PromptPay,14,7,3,0,30-40,15.433333333333334,3.0,0.0,0.0,-1,168,1719.2966666666669,0.3,0.3333333333333333,0.3333333333333333,0.0,0.0,0,0,0.0,0.0,0,0,0.0,0.0,0,0,0.0,5157.89,3,0,0.0,0
LGS2ORD0025837,C011288,2025-07-24 14:00:00,Male,59,Bronze,Shopee,Bangkok,536,Lazada,Credit_Card,14,7,3,0,>50,17.866666666666667,3.0,1.0,0.3333333333333333,36,32,2053.19,0.28,0.6666666666666666,0.3333333333333333,0.0,0.0,0,0,0.0,0.0,0,0,0.0,4217.969999999999,2,1,0.5,6159.57,3,1,0.3333333333333333,1
LGS2ORD0025838,C012258,2025-07-24 15:00:00,Male,41,Bronze,Shopee,Songkhla,1090,Lazada,Credit_Card,15,7,3,0,40-50,36.333333333333336,4.0,3.0,0.75,38,42,9463.72,0.23,1.0,0.25,0.0,0.0,0,0,0.0,0.0,0,0,0.0,16303.3,2,2,1.0,37854.88,4,3,0.75,0
LGS2ORD0025839,C014853,2025-07-24 15:00:00,Male,60,Platinum,Shopee,Chiang Mai,978,CallCenter,PromptPay,15,7,3,0,>50,32.6,4.0,0.0,0.0,-1,16,2146.2325,0.35,0.5,0.75,0.0,0.0,0,0,0.0,6678.4,2,0,0.0,7329.889999999999,3,0,0.0,8584.93,4,0,0.0,0
LGS2ORD0025840,C016750,2025-07-24 15:00:00,Male,41,Bronze,TV,Bangkok,1098,Web,COD,15,7,3,0,40-50,36.6,4.0,1.0,0.25,67,3,8457.545,0.28,0.25,0.25,0.0,6631.97,1,0,0.0,6631.97,1,0,0.0,30556.55,3,1,0.3333333333333333,33830.18,4,1,0.25,1
LGS2ORD0025841,C014174,2025-07-24 15:00:00,Female,18,Silver,TV,Bangkok,1641,Web,Credit_Card,15,7,3,0,<20,54.7,1.0,1.0,1.0,102,110,3080.31,0.3,0.0,1.0,0.0,0.0,0,0,0.0,0.0,0,0,0.0,0.0,0,0,0.0,3080.31,1,1,1.0,0
LGS2ORD0025842,C017886,2025-07-24 15:00:00,Female,54,Silver,TV,Chiang Mai,608,Web,PromptPay,15,7,3,0,>50,20.266666666666666,4.0,2.0,0.5,139,7,9094.1025,0.3,0.75,0.5,0.0,0.0,0,0,0.0,26404.18,1,0,0.0,32282.54,2,0,0.0,36376.41,4,2,0.5,0
LGS2ORD0025843,C017522,2025-07-24 16:00:00,Female,40,Silver,TV,Bangkok,1376,Web,COD,16,7,3,0,30-40,45.86666666666667,6.0,2.0,0.3333333333333333,-6,3,3625.9666666666667,0.2,0.3333333333333333,0.0,0.0,549.77,1,1,1.0,549.77,1,1,1.0,9571.46,4,2,0.5,21755.8,6,2,0.3333333333333333,1
LGS2ORD0025844,C015127,2025-07-24 16:00:00,Male,31,Bronze,Lazada,Chonburi,1550,Web,COD,16,7,3,0,30-40,51.666666666666664,3.0,1.0,0.3333333333333333,122,136,7371.836666666667,0.23,1.0,0.3333333333333333,0.0,0.0,0,0,0.0,0.0,0,0,0.0,0.0,0,0,0.0,22115.510000000002,3,1,0.3333333333333333,1
LGS2ORD0025845,C015420,2025-07-24 16:00:00,Male,43,Bronze,Shopee,Songkhla,1623,Web,COD,16,7,3,0,40-50,54.1,2.0,0.0,0.0,-1,90,8382.95,0.23,0.5,0.5,0.0,0.0,0,0,0.0,0.0,0,0,0.0,0.0,0,0,0.0,16765.9,2,0,0.0,0
LGS2ORD0025846,C014931,2025-07-24 16:00:00,Female,40,Silver,Lazada,Remote_Area,534,Lazada,COD,16,7,3,0,30-40,17.8,5.0,2.0,0.4,72,1,4103.816000000001,0.2,0.8,0.0,0.0,4424.26,1,0,0.0,4424.26,1,0,0.0,7429.900000000001,3,1,0.3333333333333333,20519.08,5,2,0.4,1
LGS2ORD0025847,C013010,2025-07-24 16:00:00,Male,51,Gold,CallCenter,Bangkok,1445,Shopee,Credit_Card,16,7,3,0,>50,48.166666666666664,3.0,0.0,0.0,-1,81,9084.786666666667,0.13,0.3333333333333333,0.0,0.0,0.0,0,0,0.0,0.0,0,0,0.0,13614.11,1,0,0.0,27254.36,3,0,0.0,1
LGS2ORD0025848,C011522,2025-07-24 17:00:00,Male,53,Silver,TV,Khon Kaen,322,TV_Show,Credit_Card,17,7,3,0,>50,10.733333333333333,4.0,1.0,0.25,93,44,4351.195000000001,0.2,0.25,0.0,0.0,0.0,0,0,0.0,0.0,0,0,0.0,1285.41,1,0,0.0,17404.780000000002,4,1,0.25,0
LGS2ORD0025849,C014030,2025-07-24 17:00:00,Female,62,Bronze,TV,Khon Kaen,664,Shopee,COD,17,7,3,0,>50,22.133333333333333,4.0,1.0,0.25,79,47,3918.5775000000003,0.28,1.0,0.25,0.0,0.0,0,0,0.0,0.0,0,0,0.0,2804.37,1,0,0.0,15674.310000000001,4,1,0.25,1
LGS2ORD0025850,C011074,2025-07-24 17:00:00,Other,44,Silver,Web,Bangkok,326,Lazada,COD,17,7,3,0,40-50,10.866666666666667,4.0,1.0,0.25,51,61,4840.945,0.25,0.0,0.25,0.0,0.0,0,0,0.0,0.0,0,0,0.0,11400.4,2,1,0.5,19363.78,4,1,0.25,0
LGS2ORD0025851,C010087,2025-07-24 17:00:00,Female,41,Bronze,Shopee,Chiang Mai,1145,Shopee,COD,17,7,3,0,40-50,38.166666666666664,5.0,2.0,0.4,5,11,4314.586,0.23,0.6,0.4,0.0,0.0,0,0,0.0,5540.85,2,2,1.0,5540.85,2,2,1.0,21572.93,5,2,0.4,1
LGS2ORD0025852,C015207,2025-07-24 17:00:00,Female,49,Gold,TV,Bangkok,463,Lazada,Credit_Card,17,7,3,0,40-50,15.433333333333334,1.0,0.0,0.0,-1,87,6840.8,0.13,0.0,0.0,0.0,0.0,0,0,0.0,0.0,0,0,0.0,6840.8,1,0,0.0,6840.8,1,0,0.0,0
LGS2ORD0025853,C017315,2025-07-24 18:00:00,Male,42,Bronze,TV,Songkhla,929,TV_Show,COD,18,7,3,0,40-50,30.966666666666665,2.0,0.0,0.0,-1,51,3616.3050000000003,0.08,0.0,0.0,0.0,0.0,0,0,0.0,0.0,0,0,0.0,7232.610000000001,2,0,0.0,7232.610000000001,2,0,0.0,1
LGS2ORD0025854,C016993,2025-07-24 18:00:00,Female,32,Bronze,Shopee,Nakhon Ratchasima,259,Web,COD,18,7,3,0,30-40,8.633333333333333,4.0,1.0,0.25,107,25,4754.935,0.28,0.25,0.5,0.0,0.0,0,0,0.0,1993.02,1,0,0.0,3761.1800000000003,2,0,0.0,19019.74,4,1,0.25,1
LGS2ORD0025855,C013494,2025-07-24 18:00:00,Male,45,Bronze,Web,Bangkok,947,Shopee,COD,18,7,3,0,40-50,31.566666666666666,3.0,2.0,0.6666666666666666,40,11,3672.443333333333,0.23,0.3333333333333333,0.3333333333333333,0.0,0.0,0,0,0.0,7178.32,1,0,0.0,8804.84,2,1,0.5,11017.33,3,2,0.6666666666666666,1
LGS2ORD0025856,C013955,2025-07-24 18:00:00,Male,34,Silver,TV,Chiang Mai,1239,Shopee,Credit_Card,18,7,3,0,30-40,41.3,5.0,2.0,0.4,14,21,2646.066,0.15,0.6,0.0,0.0,0.0,0,0,0.0,575.34,1,1,1.0,3463.01,3,1,0.3333333333333333,13230.33,5,2,0.4,0
LGS2ORD0025857,C016608,2025-07-24 18:00:00,Female,35,Silver,CallCenter,Bangkok,667,CallCenter,Bank_Transfer,18,7,3,0,30-40,22.233333333333334,4.0,1.0,0.25,0,13,7281.259999999999,0.3,0.5,0.5,0.0,0.0,0,0,0.0,2764.45,1,1,1.0,27569.0,3,1,0.3333333333333333,29125.039999999997,4,1,0.25,1
LGS2ORD0025858,C010234,2025-07-24 18:00:00,Male,35,Bronze,Web,Bangkok,1296,Web,PromptPay,18,7,3,0,30-40,43.2,3.0,0.0,0.0,-1,17,6774.2266666666665,0.23,0.3333333333333333,0.3333333333333333,0.0,0.0,0,0,0.0,2306.53,1,0,0.0,2306.53,1,0,0.0,20322.68,3,0,0.0,0
LGS2ORD0025859,C015446,2025-07-24 19:00:00,Female,38,Bronze,Shopee,Bangkok,1293,Shopee,PromptPay,19,7,3,0,30-40,43.1,8.0,1.0,0.125,37,42,8068.5912499999995,0.23,0.625,0.25,0.0,0.0,0,0,0.0,0.0,0,0,0.0,35691.68,3,1,0.3333333333333333,64548.729999999996,8,1,0.125,0
LGS2ORD0025860,C011909,2025-07-24 19:00:00,Female,39,Bronze,Shopee,Bangkok,1653,CallCenter,COD,19,7,3,0,30-40,55.1,5.0,1.0,0.2,120,94,2701.086,0.23,0.6,0.2,0.0,0.0,0,0,0.0,0.0,0,0,0.0,0.0,0,0,0.0,13505.429999999998,5,1,0.2,0
LGS2ORD0025861,C015249,2025-07-24 19:00:00,Male,61,Silver,Lazada,Khon Kaen,1466,Lazada,Credit_Card,19,7,3,0,>50,48.86666666666667,6.0,1.0,0.16666666666666666,85,75,2046.3366666666668,0.3,0.3333333333333333,0.3333333333333333,0.0,0.0,0,0,0.0,0.0,0,0,0.0,10241.77,4,0,0.0,12278.02,6,1,0.16666666666666666,0
LGS2ORD0025862,C015451,2025-07-24 19:00:00,Female,56,Silver,Web,Khon Kaen,1429,Web,COD,19,7,3,0,>50,47.63333333333333,4.0,1.0,0.25,20,32,4664.5625,0.3,0.25,0.25,0.0,0.0,0,0,0.0,0.0,0,0,0.0,8577.98,1,1,1.0,18658.25,4,1,0.25,1
LGS2ORD0025863,C011943,2025-07-24 19:00:00,Female,50,Silver,Web,Remote_Area,781,Web,COD,19,7,3,0,40-50,26.033333333333335,5.0,3.0,0.6,15,20,6883.594,0.15,0.8,0.0,0.0,0.0,0,0,0.0,10648.84,1,1,1.0,33800.380000000005,3,3,1.0,34417.97,5,3,0.6,1
LGS2ORD0025864,C011713,2025-07-24 20:00:00,Male,57,Platinum,Shopee,Khon Kaen,767,Web,COD,20,7,3,0,>50,25.566666666666666,10.0,4.0,0.4,46,6,4919.222,0.25,0.5,0.4,0.0,2983.69,1,0,0.0,2983.69,1,0,0.0,9306.82,5,1,0.2,49192.22,10,4,0.4,0
LGS2ORD0025865,C012787,2025-07-24 20:00:00,Female,48,Bronze,Web,Chiang Mai,279,Shopee,PromptPay,20,7,3,0,40-50,9.3,1.0,0.0,0.0,-1,99,5219.45,0.03,0.0,0.0,0.0,0.0,0,0,0.0,0.0,0,0,0.0,0.0,0,0,0.0,5219.45,1,0,0.0,0
LGS2ORD0025866,C011217,2025-07-24 20:00:00,Male,39,Bronze,CallCenter,Songkhla,1030,Lazada,COD,20,7,3,0,30-40,34.333333333333336,1.0,0.0,0.0,-1,10,8788.31,0.08,1.0,0.0,0.0,0.0,0,0,0.0,8788.31,1,0,0.0,8788.31,1,0,0.0,8788.31,1,0,0.0,1
LGS2ORD0025867,C017704,2025-07-24 20:00:00,Male,66,Bronze,TV,Remote_Area,633,TV_Show,COD,20,7,3,0,>50,21.1,5.0,1.0,0.2,184,81,4072.1639999999998,0.23,0.8,0.2,0.0,0.0,0,0,0.0,0.0,0,0,0.0,5146.47,2,0,0.0,20360.82,5,1,0.2,0
LGS2ORD0025868,C017174,2025-07-24 20:00:00,Male,62,Silver,CallCenter,Phuket,1512,Shopee,PromptPay,20,7,3,0,>50,50.4,7.0,1.0,0.14285714285714285,55,13,3745.441428571429,0.3,0.5714285714285714,0.5714285714285714,0.0,0.0,0,0,0.0,4140.25,1,0,0.0,12013.61,4,1,0.25,26218.09,7,1,0.14285714285714285,0
LGS2ORD0025869,C014191,2025-07-24 21:00:00,Male,29,Bronze,TV,Nakhon Ratchasima,1348,Web,COD,21,7,3,0,20-30,44.93333333333333,5.0,0.0,0.0,-1,72,5737.995999999999,0.18,0.6,0.0,0.0,0.0,0,0,0.0,0.0,0,0,0.0,13469.09,3,0,0.0,28689.979999999996,5,0,0.0,0
LGS2ORD0025870,C016117,2025-07-24 21:00:00,Female,55,Bronze,TV,Nakhon Ratchasima,1203,Web,COD,21,7,3,0,>50,40.1,5.0,3.0,0.6,46,51,6383.624000000001,0.23,0.6,0.4,0.0,0.0,0,0,0.0,0.0,0,0,0.0,26597.21,3,1,0.3333333333333333,31918.120000000003,5,3,0.6,1
LGS2ORD0025871,C014953,2025-07-24 21:00:00,Female,41,Gold,Web,Songkhla,1653,CallCenter,Credit_Card,21,7,3,0,40-50,55.1,2.0,2.0,1.0,88,99,6284.71,0.2299999999999999,1.0,0.5,0.0,0.0,0,0,0.0,0.0,0,0,0.0,0.0,0,0,0.0,12569.42,2,2,1.0,0
LGS2ORD0025872,C012178,2025-07-24 21:00:00,Female,33,Silver,Web,Chonburi,1571,TV_Show,Bank_Transfer,21,7,3,0,30-40,52.36666666666667,4.0,0.0,0.0,-1,7,5187.342500000001,0.1,0.5,0.0,0.0,0.0,0,0,0.0,7718.84,1,0,0.0,7718.84,1,0,0.0,20749.370000000003,4,0,0.0,0
LGS2ORD0025873,C011415,2025-07-24 21:00:00,Male,40,Platinum,TV,Bangkok,814,TV_Show,COD,21,7,3,0,30-40,27.133333333333333,5.0,3.0,0.6,12,18,4940.956,0.35,0.6,0.6,0.0,0.0,0,0,0.0,3958.89,2,2,1.0,21732.94,4,3,0.75,24704.78,5,3,0.6,0
LGS2ORD0025874,C017892,2025-07-24 22:00:00,Female,58,Silver,Web,Nakhon Ratchasima,672,Shopee,Bank_Transfer,22,7,3,0,>50,22.4,2.0,0.0,0.0,-1,20,13817.875,0.15,0.5,0.0,0.0,0.0,0,0,0.0,22994.18,1,0,0.0,22994.18,1,0,0.0,27635.75,2,0,0.0,1
LGS2ORD0025875,C017905,2025-07-24 22:00:00,Male,38,Bronze,Shopee,Songkhla,1098,Web,Bank_Transfer,22,7,3,0,30-40,36.6,3.0,1.0,0.3333333333333333,90,97,2098.34,0.18,0.3333333333333333,0.0,0.0,0.0,0,0,0.0,0.0,0,0,0.0,0.0,0,0,0.0,6295.02,3,1,0.3333333333333333,0
LGS2ORD0025876,C017530,2025-07-24 22:00:00,Female,40,Silver,Shopee,Chiang Mai,1488,CallCenter,PromptPay,22,7,3,0,30-40,49.6,0.0,0.0,0.0,-1,-1,0.0,0.0,0.0,0.0,0.0,0.0,0,0,0.0,0.0,0,0,0.0,0.0,0,0,0.0,0.0,0,0,0.0,1
LGS2ORD0025877,C014112,2025-07-24 22:00:00,Male,31,Silver,Lazada,Bangkok,1008,Web,COD,22,7,3,0,30-40,33.6,4.0,0.0,0.0,-1,90,6782.96,0.3,0.75,0.5,0.0,0.0,0,0,0.0,0.0,0,0,0.0,0.0,0,0,0.0,27131.84,4,0,0.0,1
LGS2ORD0025878,C010642,2025-07-24 22:00:00,Other,44,Gold,Shopee,Chonburi,1125,Shopee,Bank_Transfer,22,7,3,0,40-50,37.5,0.0,0.0,0.0,-1,-1,0.0,0.0,0.0,0.0,0.0,0.0,0,0,0.0,0.0,0,0,0.0,0.0,0,0,0.0,0.0,0,0,0.0,0
LGS2ORD0025879,C014325,2025-07-24 22:00:00,Female,55,Bronze,Shopee,Bangkok,1629,CallCenter,COD,22,7,3,0,>50,54.3,0.0,0.0,0.0,-1,-1,0.0,0.0,0.0,0.0,0.0,0.0,0,0,0.0,0.0,0,0,0.0,0.0,0,0,0.0,0.0,0,0,0.0,0
LGS2ORD0025880,C011697,2025-07-24 23:00:00,Male,41,Gold,Lazada,Bangkok,1587,Lazada,PromptPay,23,7,3,0,40-50,52.9,3.0,0.0,0.0,-1,10,2797.0166666666664,0.28,1.0,0.3333333333333333,0.0,0.0,0,0,0.0,2282.51,1,0,0.0,2282.51,1,0,0.0,8391.05,3,0,0.0,0
LGS2ORD0025881,C015430,2025-07-24 23:00:00,Female,56,Bronze,TV,Songkhla,1173,Shopee,COD,23,7,3,0,>50,39.1,2.0,0.0,0.0,-1,19,2917.7650000000003,0.23,0.5,0.5,0.0,0.0,0,0,0.0,4301.01,1,0,0.0,4301.01,1,0,0.0,5835.530000000001,2,0,0.0,0
LGS2ORD0025882,C015976,2025-07-24 23:00:00,Female,40,Bronze,CallCenter,Khon Kaen,587,Web,COD,23,7,3,0,30-40,19.566666666666666,1.0,0.0,0.0,-1,127,1510.04,0.13,1.0,0.0,0.0,0.0,0,0,0.0,0.0,0,0,0.0,0.0,0,0,0.0,1510.04,1,0,0.0,0
LGS2ORD0025883,C012978,2025-07-24 23:00:00,Female,50,Silver,Shopee,Khon Kaen,249,Shopee,COD,23,7,3,0,40-50,8.3,3.0,0.0,0.0,-1,45,1875.6266666666668,0.25,1.0,0.3333333333333333,0.0,0.0,0,0,0.0,0.0,0,0,0.0,5099.610000000001,2,0,0.0,5626.88,3,0,0.0,0
LGS2ORD0025884,C017412,2025-07-24 23:00:00,Female,34,Silver,Lazada,Remote_Area,406,Lazada,COD,23,7,3,0,30-40,13.533333333333333,4.0,1.0,0.25,0,4,10762.86,0.3,0.75,0.25,0.0,39172.54,1,1,1.0,39172.54,1,1,1.0,40703.61,2,1,0.5,43051.44,4,1,0.25,0
LGS2ORD0025885,C010164,2025-07-25 00:00:00,Female,33,Platinum,TV,Chiang Mai,555,Web,PromptPay,0,7,4,0,30-40,18.5,2.0,2.0,1.0,166,179,1048.93,0.25,1.0,1.0,0.0,0.0,0,0,0.0,0.0,0,0,0.0,0.0,0,0,0.0,2097.86,2,2,1.0,0
LGS2ORD0025886,C011114,2025-07-25 00:00:00,Male,30,Gold,Shopee,Bangkok,963,Web,Credit_Card,0,7,4,0,20-30,32.1,3.0,2.0,0.6666666666666666,64,53,13286.563333333334,0.28,0.6666666666666666,0.6666666666666666,0.0,0.0,0,0,0.0,0.0,0,0,0.0,39295.86,2,1,0.5,39859.69,3,2,0.6666666666666666,0
LGS2ORD0025887,C014215,2025-07-25 00:00:00,Female,68,Bronze,TV,Phuket,674,Lazada,COD,0,7,4,0,>50,22.466666666666665,4.0,2.0,0.5,46,43,12434.665,0.28,0.75,0.25,0.0,0.0,0,0,0.0,0.0,0,0,0.0,35707.17,2,1,0.5,49738.66,4,2,0.5,1
LGS2ORD0025888,C012270,2025-07-25 00:00:00,Male,51,Platinum,TV,Nakhon Ratchasima,574,Web,Credit_Card,0,7,4,0,>50,19.133333333333333,1.0,0.0,0.0,-1,131,10113.28,0.3,0.0,1.0,0.0,0.0,0,0,0.0,0.0,0,0,0.0,0.0,0,0,0.0,10113.28,1,0,0.0,0
LGS2ORD0025889,C015181,2025-07-25 00:00:00,Male,39,Bronze,Shopee,Remote_Area,650,CallCenter,Credit_Card,0,7,4,0,30-40,21.666666666666668,4.0,0.0,0.0,-1,14,12334.0,0.28,0.5,0.25,0.0,0.0,0,0,0.0,5474.72,1,0,0.0,23068.58,2,0,0.0,49336.0,4,0,0.0,1
LGS2ORD0025890,C015565,2025-07-25 01:00:00,Male,39,Gold,Web,Nakhon Ratchasima,392,Lazada,Bank_Transfer,1,7,4,0,30-40,13.066666666666666,4.0,0.0,0.0,-1,50,2507.4,0.33,0.5,0.5,0.0,0.0,0,0,0.0,0.0,0,0,0.0,932.63,1,0,0.0,10029.6,4,0,0.0,0
LGS2ORD0025891,C013657,2025-07-25 01:00:00,Female,46,Silver,Lazada,Remote_Area,1111,TV_Show,COD,1,7,4,0,40-50,37.03333333333333,1.0,0.0,0.0,-1,201,1303.67,0.2,1.0,0.0,0.0,0.0,0,0,0.0,0.0,0,0,0.0,0.0,0,0,0.0,1303.67,1,0,0.0,1
LGS2ORD0025892,C010819,2025-07-25 01:00:00,Female,30,Silver,Shopee,Bangkok,1198,Web,COD,1,7,4,0,20-30,39.93333333333333,8.0,3.0,0.375,90,11,4163.25,0.25,0.375,0.375,0.0,0.0,0,0,0.0,4643.3,1,0,0.0,11393.25,2,0,0.0,33306.0,8,3,0.375,0
LGS2ORD0025893,C012499,2025-07-25 01:00:00,Male,44,Bronze,Shopee,Bangkok,621,Lazada,COD,1,7,4,0,40-50,20.7,4.0,2.0,0.5,60,57,1779.9075,0.28,0.5,0.5,0.0,0.0,0,0,0.0,0.0,0,0,0.0,3442.96,2,1,0.5,7119.63,4,2,0.5,0
LGS2ORD0025894,C017341,2025-07-25 01:00:00,Female,19,Gold,Lazada,Chonburi,598,TV_Show,Credit_Card,1,7,4,0,<20,19.933333333333334,4.0,0.0,0.0,-1,53,8182.2225,0.28,0.5,0.25,0.0,0.0,0,0,0.0,0.0,0,0,0.0,31049.89,3,0,0.0,32728.89,4,0,0.0,1
LGS2ORD0025895,C012326,2025-07-25 02:00:00,Male,39,Gold,TV,Khon Kaen,843,CallCenter,Credit_Card,2,7,4,0,30-40,28.1,3.0,1.0,0.3333333333333333,128,110,16105.306666666665,0.13,0.3333333333333333,0.0,0.0,0.0,0,0,0.0,0.0,0,0,0.0,0.0,0,0,0.0,48315.92,3,1,0.3333333333333333,0
LGS2ORD0025896,C012565,2025-07-25 02:00:00,Male,58,Platinum,Web,Remote_Area,1462,CallCenter,COD,2,7,4,0,>50,48.733333333333334,1.0,0.0,0.0,-1,38,1438.39,0.25,0.0,1.0,0.0,0.0,0,0,0.0,0.0,0,0,0.0,1438.39,1,0,0.0,1438.39,1,0,0.0,1
LGS2ORD0025897,C013776,2025-07-25 02:00:00,Male,26,Bronze,Shopee,Bangkok,403,Lazada,Bank_Transfer,2,7,4,0,20-30,13.433333333333334,1.0,0.0,0.0,-1,50,3425.34,0.03,0.0,0.0,0.0,0.0,0,0,0.0,0.0,0,0,0.0,3425.34,1,0,0.0,3425.34,1,0,0.0,0
LGS2ORD0025898,C012948,2025-07-25 02:00:00,Female,46,Bronze,TV,Bangkok,1287,TV_Show,COD,2,7,4,0,40-50,42.9,2.0,1.0,0.5,122,1,10033.215,0.18,0.5,0.0,0.0,17221.87,1,0,0.0,17221.87,1,0,0.0,17221.87,1,0,0.0,20066.43,2,1,0.5,0
LGS2ORD0025899,C017099,2025-07-25 02:00:00,Female,45,Silver,Lazada,Chiang Mai,782,Web,PromptPay,2,7,4,0,40-50,26.066666666666666,2.0,1.0,0.5,0,4,1095.015,0.3,0.0,0.5,0.0,277.08,1,1,1.0,277.08,1,1,1.0,277.08,1,1,1.0,2190.03,2,1,0.5,0
LGS2ORD0025900,C017209,2025-07-25 02:00:00,Male,41,Silver,Shopee,Bangkok,1111,Web,Credit_Card,2,7,4,0,40-50,37.03333333333333,2.0,1.0,0.5,160,19,15429.99,0.3,0.5,0.5,0.0,0.0,0,0,0.0,29201.29,1,0,0.0,29201.29,1,0,0.0,30859.98,2,1,0.5,0
LGS2ORD0025901,C017927,2025-07-25 03:00:00,Male,46,Bronze,Lazada,Bangkok,941,Web,COD,3,7,4,0,40-50,31.366666666666667,3.0,1.0,0.3333333333333333,21,29,5977.536666666667,0.23,0.0,0.3333333333333333,0.0,0.0,0,0,0.0,2432.77,1,1,1.0,4459.79,2,1,0.5,17932.61,3,1,0.3333333333333333,1
LGS2ORD0025902,C013857,2025-07-25 03:00:00,Female,30,Bronze,Web,Songkhla,1500,Web,COD,3,7,4,0,20-30,50.0,2.0,0.0,0.0,-1,63,5395.305,0.13,0.0,0.0,0.0,0.0,0,0,0.0,0.0,0,0,0.0,4541.24,1,0,0.0,10790.61,2,0,0.0,0
LGS2ORD0025903,C016266,2025-07-25 03:00:00,Male,51,Silver,Web,Bangkok,353,TV_Show,Credit_Card,3,7,4,0,>50,11.766666666666667,4.0,2.0,0.5,36,41,4016.7099999999996,0.25,0.25,0.25,0.0,0.0,0,0,0.0,0.0,0,0,0.0,1517.99,1,1,1.0,16066.839999999998,4,2,0.5,0
LGS2ORD0025904,C015768,2025-07-25 03:00:00,Female,18,Bronze,CallCenter,Nakhon Ratchasima,1549,TV_Show,COD,3,7,4,0,<20,51.63333333333333,5.0,3.0,0.6,138,2,6126.924000000001,0.23,0.6,0.4,0.0,13115.42,1,0,0.0,13115.42,1,0,0.0,13115.42,1,0,0.0,30634.620000000003,5,3,0.6,1
LGS2ORD0025905,C013753,2025-07-25 03:00:00,Male,40,Platinum,Web,Khon Kaen,1647,Lazada,Credit_Card,3,7,4,0,30-40,54.9,4.0,0.0,0.0,-1,45,12168.119999999999,0.3,0.5,0.25,0.0,0.0,0,0,0.0,0.0,0,0,0.0,45084.35,3,0,0.0,48672.479999999996,4,0,0.0,0
LGS2ORD0025906,C011354,2025-07-25 04:00:00,Female,39,Bronze,Shopee,Remote_Area,1049,Shopee,COD,4,7,4,0,30-40,34.96666666666667,3.0,0.0,0.0,-1,67,7024.983333333334,0.08,0.6666666666666666,0.0,0.0,0.0,0,0,0.0,0.0,0,0,0.0,13035.77,1,0,0.0,21074.95,3,0,0.0,0
LGS2ORD0025907,C011653,2025-07-25 04:00:00,Female,49,Gold,Lazada,Bangkok,237,CallCenter,COD,4,7,4,0,40-50,7.9,4.0,0.0,0.0,-1,111,6746.0,0.28,0.25,0.25,0.0,0.0,0,0,0.0,0.0,0,0,0.0,0.0,0,0,0.0,26984.0,4,0,0.0,0
LGS2ORD0025908,C013078,2025-07-25 04:00:00,Female,45,Gold,Lazada,Remote_Area,1007,Lazada,PromptPay,4,7,4,0,40-50,33.56666666666667,6.0,1.0,0.16666666666666666,88,38,4344.5233333333335,0.28,0.3333333333333333,0.6666666666666666,0.0,0.0,0,0,0.0,0.0,0,0,0.0,10510.12,3,0,0.0,26067.14,6,1,0.16666666666666666,0
LGS2ORD0025909,C015193,2025-07-25 04:00:00,Male,38,Bronze,TV,Bangkok,1317,Shopee,Credit_Card,4,7,4,0,30-40,43.9,1.0,0.0,0.0,-1,77,8516.97,0.03,0.0,0.0,0.0,0.0,0,0,0.0,0.0,0,0,0.0,8516.97,1,0,0.0,8516.97,1,0,0.0,0
LGS2ORD0025910,C016251,2025-07-25 04:00:00,Other,54,Bronze,TV,Remote_Area,1242,CallCenter,COD,4,7,4,0,>50,41.4,5.0,1.0,0.2,131,4,4550.056,0.23,0.6,0.4,0.0,1260.65,1,0,0.0,5646.139999999999,2,0,0.0,5646.139999999999,2,0,0.0,22750.28,5,1,0.2,0
LGS2ORD0025911,C016508,2025-07-25 05:00:00,Female,66,Silver,Shopee,Chonburi,397,Shopee,Credit_Card,5,7,4,0,>50,13.233333333333333,2.0,0.0,0.0,-1,73,4029.425,0.3,0.0,0.5,0.0,0.0,0,0,0.0,0.0,0,0,0.0,2403.35,1,0,0.0,8058.85,2,0,0.0,0
LGS2ORD0025912,C017141,2025-07-25 05:00:00,Male,44,Gold,Lazada,Bangkok,1192,Shopee,PromptPay,5,7,4,0,40-50,39.733333333333334,4.0,1.0,0.25,153,31,12862.684999999998,0.33,0.25,0.25,0.0,0.0,0,0,0.0,0.0,0,0,0.0,13271.2,2,0,0.0,51450.73999999999,4,1,0.25,0
LGS2ORD0025913,C013171,2025-07-25 05:00:00,Female,45,Silver,Web,Chonburi,554,TV_Show,Bank_Transfer,5,7,4,0,40-50,18.466666666666665,2.0,0.0,0.0,-1,80,2628.28,0.15,0.5,0.0,0.0,0.0,0,0,0.0,0.0,0,0,0.0,930.09,1,0,0.0,5256.56,2,0,0.0,0
LGS2ORD0025914,C010811,2025-07-25 05:00:00,Male,44,Bronze,TV,Chonburi,988,Web,COD,5,7,4,0,40-50,32.93333333333333,3.0,1.0,0.3333333333333333,104,0,6455.873333333334,0.28,0.6666666666666666,0.3333333333333333,0.0,7673.43,1,0,0.0,7673.43,1,0,0.0,7673.43,1,0,0.0,19367.620000000003,3,1,0.3333333333333333,1
LGS2ORD0025915,C015643,2025-07-25 05:00:00,Male,60,Bronze,TV,Khon Kaen,577,Shopee,COD,5,7,4,0,>50,19.233333333333334,4.0,0.0,0.0,-1,13,4142.265,0.28,0.75,0.25,0.0,0.0,0,0,0.0,10896.04,1,0,0.0,15913.85,3,0,0.0,16569.06,4,0,0.0,0
LGS2ORD0025916,C010720,2025-07-25 06:00:00,Female,18,Bronze,Web,Bangkok,1333,Lazada,PromptPay,6,7,4,0,<20,44.43333333333333,1.0,0.0,0.0,-1,162,4674.17,0.13,1.0,0.0,0.0,0.0,0,0,0.0,0.0,0,0,0.0,0.0,0,0,0.0,4674.17,1,0,0.0,0
LGS2ORD0025917,C014022,2025-07-25 06:00:00,Female,45,Silver,Web,Nakhon Ratchasima,1429,Lazada,PromptPay,6,7,4,0,40-50,47.63333333333333,4.0,3.0,0.75,37,49,3605.205,0.25,1.0,0.25,0.0,0.0,0,0,0.0,0.0,0,0,0.0,13056.779999999999,2,1,0.5,14420.82,4,3,0.75,0
LGS2ORD0025918,C017277,2025-07-25 06:00:00,Female,59,Bronze,Web,Khon Kaen,417,Web,COD,6,7,4,0,>50,13.9,5.0,0.0,0.0,-1,53,2771.404,0.28,0.2,0.4,0.0,0.0,0,0,0.0,0.0,0,0,0.0,3793.85,1,0,0.0,13857.02,5,0,0.0,0
LGS2ORD0025919,C011230,2025-07-25 06:00:00,Female,45,Bronze,TV,Chiang Mai,483,CallCenter,COD,6,7,4,0,40-50,16.1,3.0,0.0,0.0,-1,56,3143.156666666667,0.18,0.6666666666666666,0.0,0.0,0.0,0,0,0.0,0.0,0,0,0.0,3661.12,1,0,0.0,9429.470000000001,3,0,0.0,0
LGS2ORD0025920,C013637,2025-07-25 06:00:00,Female,42,Silver,Lazada,Remote_Area,1333,Web,COD,6,7,4,0,40-50,44.43333333333333,1.0,0.0,0.0,-1,157,1789.04,0.2,0.0,0.0,0.0,0.0,0,0,0.0,0.0,0,0,0.0,0.0,0,0,0.0,1789.04,1,0,0.0,0
LGS2ORD0025921,C011679,2025-07-25 06:00:00,Female,47,Gold,TV,Songkhla,442,TV_Show,Credit_Card,6,7,4,0,40-50,14.733333333333333,5.0,1.0,0.2,39,33,6600.494000000001,0.28,0.4,0.4,0.0,0.0,0,0,0.0,0.0,0,0,0.0,32322.33,4,1,0.25,33002.47,5,1,0.2,0
LGS2ORD0025922,C016616,2025-07-25 07:00:00,Male,47,Bronze,CallCenter,Bangkok,865,TV_Show,Credit_Card,7,7,4,0,40-50,28.833333333333332,5.0,1.0,0.2,92,65,1533.5939999999998,0.28,0.6,0.4,0.0,0.0,0,0,0.0,0.0,0,0,0.0,1774.44,1,0,0.0,7667.969999999999,5,1,0.2,0
LGS2ORD0025923,C010718,2025-07-25 07:00:00,Male,30,Bronze,TV,Bangkok,1232,Shopee,COD,7,7,4,0,20-30,41.06666666666667,3.0,0.0,0.0,-1,118,7985.963333333333,0.18,0.3333333333333333,0.0,0.0,0.0,0,0,0.0,0.0,0,0,0.0,0.0,0,0,0.0,23957.89,3,0,0.0,1
LGS2ORD0025924,C016389,2025-07-25 07:00:00,Male,49,Bronze,Lazada,Remote_Area,710,TV_Show,COD,7,7,4,0,40-50,23.666666666666668,3.0,2.0,0.6666666666666666,83,56,4881.52,0.18,0.6666666666666666,0.0,0.0,0.0,0,0,0.0,0.0,0,0,0.0,10578.09,1,0,0.0,14644.560000000001,3,2,0.6666666666666666,0
LGS2ORD0025925,C017299,2025-07-25 07:00:00,Female,39,Bronze,CallCenter,Bangkok,414,TV_Show,Bank_Transfer,7,7,4,0,30-40,13.8,1.0,0.0,0.0,-1,159,12484.87,0.23,0.0,1.0,0.0,0.0,0,0,0.0,0.0,0,0,0.0,0.0,0,0,0.0,12484.87,1,0,0.0,0
LGS2ORD0025926,C013659,2025-07-25 07:00:00,Male,72,Bronze,TV,Remote_Area,1364,Lazada,Bank_Transfer,7,7,4,0,>50,45.46666666666667,4.0,0.0,0.0,-1,15,4860.762500000001,0.28,0.25,0.25,0.0,0.0,0,0,0.0,9897.27,2,0,0.0,9897.27,2,0,0.0,19443.050000000003,4,0,0.0,0
LGS2ORD0025927,C010985,2025-07-25 08:00:00,Male,48,Bronze,Shopee,Bangkok,1511,CallCenter,Credit_Card,8,7,4,0,40-50,50.36666666666667,5.0,1.0,0.2,-4,10,2855.4080000000004,0.28,0.2,0.2,0.0,0.0,0,0,0.0,3636.5699999999997,2,1,0.5,4415.0199999999995,3,1,0.3333333333333333,14277.04,5,1,0.2,0
LGS2ORD0025928,C013744,2025-07-25 08:00:00,Male,45,Bronze,CallCenter,Songkhla,379,TV_Show,COD,8,7,4,0,40-50,12.633333333333333,4.0,2.0,0.5,155,45,1865.0299999999997,0.23,0.5,0.25,0.0,0.0,0,0,0.0,0.0,0,0,0.0,1321.99,1,0,0.0,7460.119999999999,4,2,0.5,1
LGS2ORD0025929,C012143,2025-07-25 08:00:00,Female,50,Silver,Lazada,Nakhon Ratchasima,229,Web,Credit_Card,8,7,4,0,40-50,7.633333333333334,3.0,0.0,0.0,-1,33,5778.696666666667,0.2,0.0,0.0,0.0,0.0,0,0,0.0,0.0,0,0,0.0,14105.54,2,0,0.0,17336.09,3,0,0.0,0
LGS2ORD0025930,C010268,2025-07-25 08:00:00,Other,49,Bronze,Lazada,Chiang Mai,636,TV_Show,COD,8,7,4,0,40-50,21.2,2.0,1.0,0.5,1,11,15677.225,0.13,1.0,0.0,0.0,0.0,0,0,0.0,16646.65,1,1,1.0,16646.65,1,1,1.0,31354.45,2,1,0.5,0
LGS2ORD0025931,C015094,2025-07-25 08:00:00,Female,46,Bronze,TV,Chiang Mai,796,Shopee,COD,8,7,4,0,40-50,26.533333333333335,4.0,1.0,0.25,133,47,3487.2574999999997,0.28,1.0,0.5,0.0,0.0,0,0,0.0,0.0,0,0,0.0,4960.75,2,0,0.0,13949.029999999999,4,1,0.25,1
LGS2ORD0025932,C010810,2025-07-25 09:00:00,Male,56,Gold,Lazada,Chiang Mai,722,Web,Credit_Card,9,7,4,0,>50,24.066666666666666,2.0,0.0,0.0,-1,59,4384.745,0.28,0.0,1.0,0.0,0.0,0,0,0.0,0.0,0,0,0.0,4724.42,1,0,0.0,8769.49,2,0,0.0,0
LGS2ORD0025933,C010036,2025-07-25 09:00:00,Female,31,Silver,Web,Chiang Mai,574,Lazada,COD,9,7,4,0,30-40,19.133333333333333,5.0,1.0,0.2,96,102,8145.923999999999,0.25,0.2,0.4,0.0,0.0,0,0,0.0,0.0,0,0,0.0,0.0,0,0,0.0,40729.619999999995,5,1,0.2,0
LGS2ORD0025934,C016051,2025-07-25 09:00:00,Female,51,Bronze,Lazada,Bangkok,562,Web,COD,9,7,4,0,>50,18.733333333333334,4.0,2.0,0.5,40,43,7616.922500000001,0.28,0.5,0.25,0.0,0.0,0,0,0.0,0.0,0,0,0.0,7906.79,2,1,0.5,30467.690000000002,4,2,0.5,1
LGS2ORD0025935,C011356,2025-07-25 09:00:00,Female,58,Bronze,Shopee,Chiang Mai,300,Lazada,Bank_Transfer,9,7,4,0,>50,10.0,7.0,3.0,0.42857142857142855,28,43,3160.237142857143,0.28,0.5714285714285714,0.42857142857142855,0.0,0.0,0,0,0.0,0.0,0,0,0.0,9408.390000000001,2,1,0.5,22121.660000000003,7,3,0.42857142857142855,0
LGS2ORD0025936,C010945,2025-07-25 09:00:00,Female,31,Bronze,Web,Bangkok,1575,CallCenter,PromptPay,9,7,4,0,30-40,52.5,1.0,0.0,0.0,-1,19,835.83,0.08,0.0,0.0,0.0,0.0,0,0,0.0,835.83,1,0,0.0,835.83,1,0,0.0,835.83,1,0,0.0,0
LGS2ORD0025937,C017107,2025-07-25 09:00:00,Female,54,Silver,CallCenter,Bangkok,1609,Shopee,PromptPay,9,7,4,0,>50,53.63333333333333,2.0,1.0,0.5,90,4,6165.8150000000005,0.1,0.5,0.0,0.0,3547.88,1,0,0.0,3547.88,1,0,0.0,3547.88,1,0,0.0,12331.630000000001,2,1,0.5,0
LGS2ORD0025938,C016262,2025-07-25 10:00:00,Male,51,Silver,CallCenter,Bangkok,403,Web,COD,10,7,4,0,>50,13.433333333333334,5.0,1.0,0.2,4,8,9164.288,0.25,0.6,0.2,0.0,0.0,0,0,0.0,1046.56,1,1,1.0,25118.09,3,1,0.3333333333333333,45821.44,5,1,0.2,0
LGS2ORD0025939,C012610,2025-07-25 10:00:00,Other,42,Silver,TV,Remote_Area,647,CallCenter,Credit_Card,10,7,4,0,40-50,21.566666666666666,3.0,1.0,0.3333333333333333,178,181,883.2866666666665,0.2,1.0,0.0,0.0,0.0,0,0,0.0,0.0,0,0,0.0,0.0,0,0,0.0,2649.8599999999997,3,1,0.3333333333333333,1
LGS2ORD0025940,C012112,2025-07-25 10:00:00,Female,56,Bronze,TV,Chiang Mai,754,CallCenter,PromptPay,10,7,4,0,>50,25.133333333333333,0.0,0.0,0.0,-1,-1,0.0,0.0,0.0,0.0,0.0,0.0,0,0,0.0,0.0,0,0,0.0,0.0,0,0,0.0,0.0,0,0,0.0,0
LGS2ORD0025941,C016051,2025-07-25 10:00:00,Female,51,Bronze,Lazada,Bangkok,562,Web,COD,10,7,4,0,>50,18.733333333333334,5.0,3.0,0.6,-1,0,6370.126,0.28,0.6,0.2,0.0,1382.94,1,1,1.0,1382.94,1,1,1.0,9289.73,3,2,0.6666666666666666,31850.63,5,3,0.6,0
LGS2ORD0025942,C015105,2025-07-25 10:00:00,Male,63,Bronze,Lazada,Chonburi,1063,Web,Credit_Card,10,7,4,0,>50,35.43333333333333,6.0,2.0,0.3333333333333333,19,28,5693.953333333334,0.23,0.5,0.5,0.0,0.0,0,0,0.0,1076.91,1,1,1.0,1076.91,1,1,1.0,34163.72,6,2,0.3333333333333333,1
LGS2ORD0025943,C012824,2025-07-25 11:00:00,Female,51,Silver,TV,Remote_Area,1064,Shopee,Credit_Card,11,7,4,0,>50,35.46666666666667,2.0,1.0,0.5,48,56,6252.82,0.3,0.5,1.0,0.0,0.0,0,0,0.0,0.0,0,0,0.0,4290.78,1,1,1.0,12505.64,2,1,0.5,0
LGS2ORD0025944,C012982,2025-07-25 11:00:00,Female,51,Silver,TV,Songkhla,1271,Shopee,COD,11,7,4,0,>50,42.36666666666667,3.0,1.0,0.3333333333333333,127,89,3990.7666666666664,0.25,0.6666666666666666,0.3333333333333333,0.0,0.0,0,0,0.0,0.0,0,0,0.0,2005.09,1,0,0.0,11972.3,3,1,0.3333333333333333,0
LGS2ORD0025945,C013702,2025-07-25 11:00:00,Male,32,Silver,Shopee,Bangkok,887,CallCenter,Credit_Card,11,7,4,0,30-40,29.566666666666666,2.0,1.0,0.5,47,57,2327.275,0.3,1.0,0.5,0.0,0.0,0,0,0.0,0.0,0,0,0.0,4654.55,2,1,0.5,4654.55,2,1,0.5,0
LGS2ORD0025946,C017508,2025-07-25 11:00:00,Male,42,Bronze,Shopee,Khon Kaen,1579,TV_Show,COD,11,7,4,0,40-50,52.63333333333333,2.0,0.0,0.0,-1,39,18474.41,0.18,1.0,0.0,0.0,0.0,0,0,0.0,0.0,0,0,0.0,36948.82,2,0,0.0,36948.82,2,0,0.0,0
LGS2ORD0025947,C011132,2025-07-25 11:00:00,Female,39,Bronze,TV,Khon Kaen,960,Shopee,COD,11,7,4,0,30-40,32.0,8.0,2.0,0.25,140,9,6523.06625,0.28,0.75,0.375,0.0,0.0,0,0,0.0,6421.719999999999,2,0,0.0,6421.719999999999,2,0,0.0,52184.53,8,2,0.25,0
LGS2ORD0025948,C014955,2025-07-25 12:00:00,Female,60,Silver,Shopee,Bangkok,739,TV_Show,Credit_Card,12,7,4,0,>50,24.633333333333333,1.0,0.0,0.0,-1,200,2100.22,0.15,0.0,0.0,0.0,0.0,0,0,0.0,0.0,0,0,0.0,0.0,0,0,0.0,2100.22,1,0,0.0,0
LGS2ORD0025949,C013626,2025-07-25 12:00:00,Male,52,Silver,Shopee,Chiang Mai,1483,TV_Show,COD,12,7,4,0,>50,49.43333333333333,1.0,0.0,0.0,-1,148,869.35,0.05,1.0,0.0,0.0,0.0,0,0,0.0,0.0,0,0,0.0,0.0,0,0,0.0,869.35,1,0,0.0,0
LGS2ORD0025950,C011120,2025-07-25 12:00:00,Male,32,Silver,TV,Phuket,1268,Shopee,Bank_Transfer,12,7,4,0,30-40,42.266666666666666,2.0,0.0,0.0,-1,45,2658.255,0.25,0.0,0.5,0.0,0.0,0,0,0.0,0.0,0,0,0.0,5316.51,2,0,0.0,5316.51,2,0,0.0,0
LGS2ORD0025951,C017298,2025-07-25 12:00:00,Female,36,Silver,Lazada,Nakhon Ratchasima,916,TV_Show,COD,12,7,4,0,30-40,30.533333333333335,6.0,1.0,0.16666666666666666,88,5,5571.088333333333,0.25,0.8333333333333334,0.16666666666666666,0.0,4541.27,1,0,0.0,9968.27,2,0,0.0,17829.53,3,0,0.0,33426.53,6,1,0.16666666666666666,0
LGS2ORD0025952,C011184,2025-07-25 12:00:00,Female,25,Bronze,TV,Phuket,840,TV_Show,Credit_Card,12,7,4,0,20-30,28.0,2.0,0.0,0.0,-1,14,14904.06,0.23,0.5,0.5,0.0,0.0,0,0,0.0,25388.94,1,0,0.0,29808.12,2,0,0.0,29808.12,2,0,0.0,0
LGS2ORD0025953,C016096,2025-07-25 13:00:00,Male,56,Bronze,TV,Khon Kaen,376,Web,COD,13,7,4,0,>50,12.533333333333333,6.0,0.0,0.0,-1,49,8205.776666666667,0.28,0.8333333333333334,0.5,0.0,0.0,0,0,0.0,0.0,0,0,0.0,10654.57,2,0,0.0,49234.66,6,0,0.0,0
LGS2ORD0025954,C014474,2025-07-25 13:00:00,Female,52,Bronze,TV,Khon Kaen,1445,Web,COD,13,7,4,0,>50,48.166666666666664,11.0,2.0,0.18181818181818182,80,23,5118.5881818181815,0.23,0.7272727272727273,0.2727272727272727,0.0,0.0,0,0,0.0,3082.6,1,0,0.0,8534.35,3,0,0.0,56304.47,11,2,0.18181818181818182,0
LGS2ORD0025955,C012365,2025-07-25 13:00:00,Female,58,Platinum,Lazada,Khon Kaen,667,CallCenter,COD,13,7,4,0,>50,22.233333333333334,2.0,1.0,0.5,155,9,1905.85,0.35,0.5,0.5,0.0,0.0,0,0,0.0,2021.92,1,0,0.0,2021.92,1,0,0.0,3811.7,2,1,0.5,0
LGS2ORD0025956,C012863,2025-07-25 13:00:00,Female,41,Bronze,TV,Songkhla,1213,Web,COD,13,7,4,0,40-50,40.43333333333333,2.0,1.0,0.5,94,105,13674.369999999999,0.28,0.5,0.5,0.0,0.0,0,0,0.0,0.0,0,0,0.0,0.0,0,0,0.0,27348.739999999998,2,1,0.5,0
LGS2ORD0025957,C013940,2025-07-25 13:00:00,Other,45,Gold,Shopee,Nakhon Ratchasima,484,Shopee,Bank_Transfer,13,7,4,0,40-50,16.133333333333333,4.0,1.0,0.25,111,13,8108.0650000000005,0.33,0.75,0.5,0.0,0.0,0,0,0.0,7855.82,1,0,0.0,11250.65,2,0,0.0,32432.260000000002,4,1,0.25,0
LGS2ORD0025958,C014980,2025-07-25 13:00:00,Female,58,Silver,TV,Remote_Area,511,Shopee,Credit_Card,13,7,4,0,>50,17.033333333333335,1.0,0.0,0.0,-1,176,403.15,0.1,0.0,0.0,0.0,0.0,0,0,0.0,0.0,0,0,0.0,0.0,0,0,0.0,403.15,1,0,0.0,0
LGS2ORD0025959,C011337,2025-07-25 14:00:00,Male,22,Bronze,TV,Remote_Area,689,Lazada,COD,14,7,4,0,20-30,22.966666666666665,4.0,1.0,0.25,178,115,3654.56,0.23,0.25,0.25,0.0,0.0,0,0,0.0,0.0,0,0,0.0,0.0,0,0,0.0,14618.24,4,1,0.25,1
LGS2ORD0025960,C013548,2025-07-25 14:00:00,Female,50,Silver,Shopee,Bangkok,709,Shopee,Credit_Card,14,7,4,0,40-50,23.633333333333333,2.0,2.0,1.0,136,140,10015.935,0.2,0.5,0.0,0.0,0.0,0,0,0.0,0.0,0,0,0.0,0.0,0,0,0.0,20031.87,2,2,1.0,0
LGS2ORD0025961,C015043,2025-07-25 14:00:00,Male,18,Bronze,TV,Phuket,1291,CallCenter,COD,14,7,4,0,<20,43.03333333333333,1.0,0.0,0.0,-1,56,1487.62,0.03,1.0,0.0,0.0,0.0,0,0,0.0,0.0,0,0,0.0,1487.62,1,0,0.0,1487.62,1,0,0.0,0
LGS2ORD0025962,C014226,2025-07-25 14:00:00,Male,33,Bronze,TV,Khon Kaen,724,Shopee,PromptPay,14,7,4,0,30-40,24.133333333333333,4.0,0.0,0.0,-1,27,6109.445000000001,0.18,0.5,0.0,0.0,0.0,0,0,0.0,6913.61,1,0,0.0,6913.61,1,0,0.0,24437.780000000002,4,0,0.0,0
LGS2ORD0025963,C013974,2025-07-25 14:00:00,Male,32,Bronze,TV,Bangkok,1466,Web,COD,14,7,4,0,30-40,48.86666666666667,4.0,1.0,0.25,116,73,10544.0075,0.23,0.5,0.25,0.0,0.0,0,0,0.0,0.0,0,0,0.0,6893.73,1,0,0.0,42176.03,4,1,0.25,1
LGS2ORD0025964,C010195,2025-07-25 15:00:00,Male,56,Platinum,TV,Chonburi,1341,Shopee,COD,15,7,4,0,>50,44.7,4.0,1.0,0.25,167,106,1469.9399999999998,0.35,0.0,0.25,0.0,0.0,0,0,0.0,0.0,0,0,0.0,0.0,0,0,0.0,5879.759999999999,4,1,0.25,0
LGS2ORD0025965,C010531,2025-07-25 15:00:00,Male,42,Bronze,Shopee,Bangkok,1581,TV_Show,COD,15,7,4,0,40-50,52.7,8.0,1.0,0.125,183,13,8693.06375,0.28,0.75,0.25,0.0,0.0,0,0,0.0,8301.47,1,0,0.0,8763.8,2,0,0.0,69544.51,8,1,0.125,0
LGS2ORD0025966,C014986,2025-07-25 15:00:00,Male,49,Silver,Shopee,Bangkok,705,CallCenter,COD,15,7,4,0,40-50,23.5,5.0,1.0,0.2,43,59,4258.0,0.3,0.2,0.6,0.0,0.0,0,0,0.0,0.0,0,0,0.0,12224.09,3,1,0.3333333333333333,21290.0,5,1,0.2,0
LGS2ORD0025967,C011301,2025-07-25 15:00:00,Female,35,Gold,TV,Nakhon Ratchasima,335,Shopee,COD,15,7,4,0,30-40,11.166666666666666,3.0,0.0,0.0,-1,13,4495.09,0.28,0.6666666666666666,1.0,0.0,0.0,0,0,0.0,9248.51,2,0,0.0,13485.27,3,0,0.0,13485.27,3,0,0.0,0
LGS2ORD0025968,C014261,2025-07-25 15:00:00,Male,28,Bronze,Shopee,Bangkok,1193,Shopee,COD,15,7,4,0,20-30,39.766666666666666,5.0,2.0,0.4,28,38,3672.8779999999997,0.28,1.0,0.8,0.0,0.0,0,0,0.0,0.0,0,0,0.0,7704.51,2,1,0.5,18364.39,5,2,0.4,1
LGS2ORD0025969,C012126,2025-07-25 16:00:00,Female,45,Gold,TV,Phuket,1374,CallCenter,PromptPay,16,7,4,0,40-50,45.8,1.0,0.0,0.0,-1,13,10653.26,0.28,0.0,1.0,0.0,0.0,0,0,0.0,10653.26,1,0,0.0,10653.26,1,0,0.0,10653.26,1,0,0.0,0
LGS2ORD0025970,C015528,2025-07-25 16:00:00,Male,29,Gold,Web,Khon Kaen,942,TV_Show,COD,16,7,4,0,20-30,31.4,0.0,0.0,0.0,-1,-1,0.0,0.0,0.0,0.0,0.0,0.0,0,0,0.0,0.0,0,0,0.0,0.0,0,0,0.0,0.0,0,0,0.0,0
LGS2ORD0025971,C012955,2025-07-25 16:00:00,Male,35,Silver,TV,Nakhon Ratchasima,1231,CallCenter,Credit_Card,16,7,4,0,30-40,41.03333333333333,5.0,2.0,0.4,-8,6,2618.8599999999997,0.25,0.6,0.2,0.0,1487.93,1,1,1.0,1487.93,1,1,1.0,4531.22,2,1,0.5,13094.3,5,2,0.4,0
LGS2ORD0025972,C010500,2025-07-25 16:00:00,Male,27,Silver,TV,Bangkok,258,Shopee,Credit_Card,16,7,4,0,20-30,8.6,4.0,1.0,0.25,51,23,2097.49,0.25,0.5,0.75,0.0,0.0,0,0,0.0,3528.55,1,0,0.0,8389.96,4,1,0.25,8389.96,4,1,0.25,0
LGS2ORD0025973,C016899,2025-07-25 16:00:00,Male,46,Bronze,Shopee,Remote_Area,442,Shopee,COD,16,7,4,0,40-50,14.733333333333333,1.0,0.0,0.0,-1,180,3906.21,0.28,0.0,1.0,0.0,0.0,0,0,0.0,0.0,0,0,0.0,0.0,0,0,0.0,3906.21,1,0,0.0,1
LGS2ORD0025974,C016532,2025-07-25 17:00:00,Male,70,Platinum,Shopee,Bangkok,1237,Web,PromptPay,17,7,4,0,>50,41.233333333333334,5.0,0.0,0.0,-1,66,6052.924000000001,0.35,0.0,0.4,0.0,0.0,0,0,0.0,0.0,0,0,0.0,11940.31,2,0,0.0,30264.620000000003,5,0,0.0,0
LGS2ORD0025975,C014110,2025-07-25 17:00:00,Male,60,Bronze,Shopee,Chiang Mai,737,Web,COD,17,7,4,0,>50,24.566666666666666,5.0,0.0,0.0,-1,70,2387.52,0.23,0.4,0.2,0.0,0.0,0,0,0.0,0.0,0,0,0.0,9449.67,2,0,0.0,11937.6,5,0,0.0,1
LGS2ORD0025976,C011518,2025-07-25 17:00:00,Female,50,Bronze,Web,Nakhon Ratchasima,1590,Web,COD,17,7,4,0,40-50,53.0,2.0,0.0,0.0,-1,163,5961.715,0.28,0.5,0.5,0.0,0.0,0,0,0.0,0.0,0,0,0.0,0.0,0,0,0.0,11923.43,2,0,0.0,0
LGS2ORD0025977,C014519,2025-07-25 17:00:00,Female,48,Bronze,Shopee,Bangkok,241,Web,Credit_Card,17,7,4,0,40-50,8.033333333333333,3.0,0.0,0.0,-1,113,2664.48,0.18,0.3333333333333333,0.0,0.0,0.0,0,0,0.0,0.0,0,0,0.0,0.0,0,0,0.0,7993.44,3,0,0.0,0
LGS2ORD0025978,C014751,2025-07-25 17:00:00,Female,45,Bronze,CallCenter,Chonburi,634,Lazada,Credit_Card,17,7,4,0,40-50,21.133333333333333,4.0,1.0,0.25,90,20,3840.3525,0.08,0.75,0.0,0.0,0.0,0,0,0.0,1623.62,1,0,0.0,1623.62,1,0,0.0,15361.41,4,1,0.25,0
LGS2ORD0025979,C013287,2025-07-25 17:00:00,Male,60,Silver,Web,Remote_Area,1475,Web,COD,17,7,4,0,>50,49.166666666666664,1.0,1.0,1.0,178,185,550.5,0.1,1.0,0.0,0.0,0.0,0,0,0.0,0.0,0,0,0.0,0.0,0,0,0.0,550.5,1,1,1.0,0
LGS2ORD0025980,C010196,2025-07-25 18:00:00,Female,61,Gold,Web,Bangkok,1113,Web,Bank_Transfer,18,7,4,0,>50,37.1,5.0,2.0,0.4,120,21,3427.1800000000003,0.33,0.2,0.8,0.0,0.0,0,0,0.0,1053.91,1,0,0.0,4040.5200000000004,2,0,0.0,17135.9,5,2,0.4,0
LGS2ORD0025981,C014186,2025-07-25 18:00:00,Male,44,Gold,TV,Bangkok,900,TV_Show,COD,18,7,4,0,40-50,30.0,3.0,1.0,0.3333333333333333,110,4,4470.9366666666665,0.2299999999999999,0.6666666666666666,0.3333333333333333,0.0,881.91,1,0,0.0,881.91,1,0,0.0,11112.41,2,0,0.0,13412.81,3,1,0.3333333333333333,1
LGS2ORD0025982,C013948,2025-07-25 18:00:00,Female,49,Silver,Shopee,Phuket,406,Shopee,COD,18,7,4,0,40-50,13.533333333333333,2.0,1.0,0.5,47,55,2072.71,0.25,0.5,0.5,0.0,0.0,0,0,0.0,0.0,0,0,0.0,4145.42,2,1,0.5,4145.42,2,1,0.5,1
LGS2ORD0025983,C016736,2025-07-25 18:00:00,Female,62,Silver,TV,Chonburi,1615,TV_Show,COD,18,7,4,0,>50,53.833333333333336,3.0,2.0,0.6666666666666666,42,56,7138.253333333334,0.25,0.3333333333333333,0.3333333333333333,0.0,0.0,0,0,0.0,0.0,0,0,0.0,8869.85,1,1,1.0,21414.760000000002,3,2,0.6666666666666666,0
LGS2ORD0025984,C012921,2025-07-25 18:00:00,Male,54,Bronze,Lazada,Bangkok,591,Lazada,Bank_Transfer,18,7,4,0,>50,19.7,1.0,0.0,0.0,-1,84,6508.08,0.03,0.0,0.0,0.0,0.0,0,0,0.0,0.0,0,0,0.0,6508.08,1,0,0.0,6508.08,1,0,0.0,1
LGS2ORD0025985,C010786,2025-07-25 19:00:00,Female,40,Bronze,Shopee,Khon Kaen,1002,Shopee,Credit_Card,19,7,4,0,30-40,33.4,2.0,1.0,0.5,81,88,4852.805,0.13,0.0,0.0,0.0,0.0,0,0,0.0,0.0,0,0,0.0,7627.91,1,1,1.0,9705.61,2,1,0.5,0
LGS2ORD0025986,C011596,2025-07-25 19:00:00,Female,44,Bronze,Web,Chonburi,1253,Lazada,COD,19,7,4,0,40-50,41.766666666666666,3.0,1.0,0.3333333333333333,81,92,3324.853333333333,0.23,0.3333333333333333,0.3333333333333333,0.0,0.0,0,0,0.0,0.0,0,0,0.0,0.0,0,0,0.0,9974.56,3,1,0.3333333333333333,0
LGS2ORD0025987,C016292,2025-07-25 19:00:00,Male,35,Bronze,TV,Remote_Area,366,Web,PromptPay,19,7,4,0,30-40,12.2,3.0,0.0,0.0,-1,110,2049.576666666667,0.08,0.3333333333333333,0.0,0.0,0.0,0,0,0.0,0.0,0,0,0.0,0.0,0,0,0.0,6148.7300000000005,3,0,0.0,0
LGS2ORD0025988,C011497,2025-07-25 19:00:00,Female,50,Silver,Lazada,Chonburi,1539,Lazada,Credit_Card,19,7,4,0,40-50,51.3,2.0,0.0,0.0,-1,91,1761.915,0.2,1.0,0.0,0.0,0.0,0,0,0.0,0.0,0,0,0.0,0.0,0,0,0.0,3523.83,2,0,0.0,0
LGS2ORD0025989,C011769,2025-07-25 19:00:00,Female,46,Gold,Shopee,Chiang Mai,872,Web,COD,19,7,4,0,40-50,29.066666666666666,3.0,1.0,0.3333333333333333,19,30,4411.2300000000005,0.13,0.6666666666666666,0.0,0.0,0.0,0,0,0.0,0.0,0,0,0.0,12950.19,2,1,0.5,13233.69,3,1,0.3333333333333333,0
LGS2ORD0025990,C010347,2025-07-25 20:00:00,Female,31,Gold,Shopee,Bangkok,1630,Web,COD,20,7,4,0,30-40,54.333333333333336,5.0,0.0,0.0,-1,25,4440.35,0.33,0.2,0.6,0.2,0.0,0,0,0.0,6873.75,2,0,0.0,11729.720000000001,3,0,0.0,22201.75,5,0,0.0,0
LGS2ORD0025991,C014759,2025-07-25 20:00:00,Female,32,Bronze,Lazada,Chiang Mai,1216,TV_Show,Credit_Card,20,7,4,0,30-40,40.53333333333333,4.0,1.0,0.25,146,86,3551.67,0.23,0.75,0.5,0.0,0.0,0,0,0.0,0.0,0,0,0.0,3858.26,1,0,0.0,14206.68,4,1,0.25,0
LGS2ORD0025992,C016671,2025-07-25 20:00:00,Female,43,Bronze,Shopee,Phuket,1421,TV_Show,Bank_Transfer,20,7,4,0,40-50,47.36666666666667,0.0,0.0,0.0,-1,-1,0.0,0.0,0.0,0.0,0.0,0.0,0,0,0.0,0.0,0,0,0.0,0.0,0,0,0.0,0.0,0,0,0.0,0
LGS2ORD0025993,C016635,2025-07-25 20:00:00,Male,28,Silver,TV,Chonburi,1146,Web,COD,20,7,4,0,20-30,38.2,1.0,0.0,0.0,-1,46,15826.3,0.15,0.0,0.0,0.0,0.0,0,0,0.0,0.0,0,0,0.0,15826.3,1,0,0.0,15826.3,1,0,0.0,0
LGS2ORD0025994,C015330,2025-07-25 20:00:00,Female,38,Silver,Lazada,Songkhla,830,TV_Show,COD,20,7,4,0,30-40,27.666666666666668,6.0,2.0,0.3333333333333333,21,24,5408.161666666667,0.3,0.8333333333333334,0.5,0.0,0.0,0,0,0.0,14578.11,2,1,0.5,30700.190000000002,5,2,0.4,32448.97,6,2,0.3333333333333333,0
LGS2ORD0025995,C014481,2025-07-25 21:00:00,Female,48,Silver,TV,Bangkok,1299,TV_Show,COD,21,7,4,0,40-50,43.3,5.0,0.0,0.0,-1,11,1560.806,0.25,0.4,0.4,0.0,0.0,0,0,0.0,1784.89,1,0,0.0,6204.64,4,0,0.0,7804.03,5,0,0.0,0
LGS2ORD0025996,C014383,2025-07-25 21:00:00,Male,32,Silver,CallCenter,Chiang Mai,386,Shopee,Credit_Card,21,7,4,0,30-40,12.866666666666667,5.0,2.0,0.4,-5,9,6380.393999999999,0.3,0.4,0.2,0.0,0.0,0,0,0.0,16545.87,1,1,1.0,30538.129999999997,3,2,0.6666666666666666,31901.969999999998,5,2,0.4,1
LGS2ORD0025997,C011038,2025-07-25 21:00:00,Male,65,Bronze,TV,Bangkok,915,CallCenter,COD,21,7,4,0,>50,30.5,2.0,1.0,0.5,41,46,5837.820000000001,0.18,0.5,0.0,0.0,0.0,0,0,0.0,0.0,0,0,0.0,1861.53,1,1,1.0,11675.640000000001,2,1,0.5,1
LGS2ORD0025998,C015567,2025-07-25 21:00:00,Female,72,Bronze,Shopee,Chonburi,1382,Web,Credit_Card,21,7,4,0,>50,46.06666666666667,4.0,1.0,0.25,191,99,3285.905,0.18,0.5,0.0,0.0,0.0,0,0,0.0,0.0,0,0,0.0,0.0,0,0,0.0,13143.62,4,1,0.25,0
LGS2ORD0025999,C011623,2025-07-25 21:00:00,Male,48,Gold,Shopee,Songkhla,1152,CallCenter,Bank_Transfer,21,7,4,0,40-50,38.4,2.0,0.0,0.0,-1,29,2170.785,0.33,0.0,1.0,0.0,0.0,0,0,0.0,2804.27,1,0,0.0,4341.57,2,0,0.0,4341.57,2,0,0.0,0
LGS2ORD0026000,C017864,2025-07-25 21:00:00,Female,34,Bronze,TV,Phuket,243,CallCenter,Credit_Card,21,7,4,0,30-40,8.1,1.0,0.0,0.0,-1,95,4069.1,0.03,0.0,0.0,0.0,0.0,0,0,0.0,0.0,0,0,0.0,0.0,0,0,0.0,4069.1,1,0,0.0,1
LGS2ORD0026001,C014852,2025-07-25 22:00:00,Male,31,Bronze,TV,Bangkok,916,Web,Credit_Card,22,7,4,0,30-40,30.533333333333335,3.0,0.0,0.0,-1,35,7098.233333333334,0.13,0.3333333333333333,0.0,0.0,0.0,0,0,0.0,0.0,0,0,0.0,18889.72,2,0,0.0,21294.7,3,0,0.0,0
LGS2ORD0026002,C015548,2025-07-25 22:00:00,Male,50,Silver,Web,Chiang Mai,577,TV_Show,COD,22,7,4,0,40-50,19.233333333333334,3.0,1.0,0.3333333333333333,118,56,6227.736666666667,0.2,0.6666666666666666,0.0,0.0,0.0,0,0,0.0,0.0,0,0,0.0,3001.25,1,0,0.0,18683.21,3,1,0.3333333333333333,0
LGS2ORD0026003,C013860,2025-07-25 22:00:00,Female,30,Gold,Shopee,Bangkok,1296,TV_Show,PromptPay,22,7,4,0,20-30,43.2,4.0,1.0,0.25,40,23,2901.75,0.33,0.5,0.75,0.0,0.0,0,0,0.0,360.57,1,0,0.0,2731.5800000000004,2,1,0.5,11607.0,4,1,0.25,0
LGS2ORD0026004,C016564,2025-07-25 22:00:00,Male,55,Bronze,Web,Nakhon Ratchasima,1020,TV_Show,Credit_Card,22,7,4,0,>50,34.0,3.0,1.0,0.3333333333333333,177,4,3280.983333333333,0.23,1.0,0.3333333333333333,0.0,1029.14,1,0,0.0,1029.14,1,0,0.0,1029.14,1,0,0.0,9842.949999999999,3,1,0.3333333333333333,1
LGS2ORD0026005,C016823,2025-07-25 22:00:00,Other,45,Bronze,TV,Phuket,519,TV_Show,Bank_Transfer,22,7,4,0,40-50,17.3,5.0,2.0,0.4,126,88,4024.5800000000004,0.23,1.0,0.4,0.0,0.0,0,0,0.0,0.0,0,0,0.0,2977.51,1,0,0.0,20122.9,5,2,0.4,1
LGS2ORD0026006,C016838,2025-07-25 23:00:00,Female,39,Bronze,TV,Chonburi,1163,Web,Credit_Card,23,7,4,0,30-40,38.766666666666666,1.0,1.0,1.0,123,132,871.25,0.08,1.0,0.0,0.0,0.0,0,0,0.0,0.0,0,0,0.0,0.0,0,0,0.0,871.25,1,1,1.0,1
LGS2ORD0026007,C017110,2025-07-25 23:00:00,Female,53,Gold,Web,Nakhon Ratchasima,1068,TV_Show,COD,23,7,4,0,>50,35.6,6.0,1.0,0.16666666666666666,40,26,6446.736666666667,0.33,0.8333333333333334,0.3333333333333333,0.0,0.0,0,0,0.0,2547.33,1,0,0.0,10503.259999999998,3,1,0.3333333333333333,38680.42,6,1,0.16666666666666666,0
LGS2ORD0026008,C017203,2025-07-25 23:00:00,Female,46,Bronze,Web,Bangkok,295,CallCenter,Credit_Card,23,7,4,0,40-50,9.833333333333334,2.0,0.0,0.0,-1,176,5056.575,0.28,1.0,1.0,0.0,0.0,0,0,0.0,0.0,0,0,0.0,0.0,0,0,0.0,10113.15,2,0,0.0,0
LGS2ORD0026009,C016184,2025-07-25 23:00:00,Male,40,Bronze,TV,Remote_Area,1060,Shopee,COD,23,7,4,0,30-40,35.333333333333336,8.0,2.0,0.25,28,11,5843.375,0.23,0.625,0.125,0.0,0.0,0,0,0.0,11571.36,2,1,0.5,28885.38,5,2,0.4,46747.0,8,2,0.25,1
LGS2ORD0026010,C011704,2025-07-25 23:00:00,Female,56,Silver,Web,Chonburi,1317,Web,Credit_Card,23,7,4,0,>50,43.9,1.0,0.0,0.0,-1,192,607.61,0.25,0.0,1.0,0.0,0.0,0,0,0.0,0.0,0,0,0.0,0.0,0,0,0.0,607.61,1,0,0.0,0
LGS2ORD0026011,C012928,2025-07-26 00:00:00,Female,67,Gold,TV,Bangkok,495,TV_Show,PromptPay,0,7,5,1,>50,16.5,6.0,2.0,0.3333333333333333,24,29,7713.294999999999,0.28,0.3333333333333333,0.3333333333333333,0.0,0.0,0,0,0.0,8310.5,1,1,1.0,14181.34,2,1,0.5,46279.77,6,2,0.3333333333333333,1
LGS2ORD0026012,C016895,2025-07-26 00:00:00,Female,34,Bronze,TV,Bangkok,1400,Web,PromptPay,0,7,5,1,30-40,46.666666666666664,3.0,0.0,0.0,-1,34,12653.223333333333,0.28,0.3333333333333333,0.6666666666666666,0.0,0.0,0,0,0.0,0.0,0,0,0.0,33696.04,2,0,0.0,37959.67,3,0,0.0,0
LGS2ORD0026013,C016677,2025-07-26 00:00:00,Female,37,Silver,Web,Chiang Mai,302,TV_Show,PromptPay,0,7,5,1,30-40,10.066666666666666,1.0,0.0,0.0,-1,48,4260.51,0.05,0.0,0.0,0.0,0.0,0,0,0.0,0.0,0,0,0.0,4260.51,1,0,0.0,4260.51,1,0,0.0,0
LGS2ORD0026014,C017757,2025-07-26 00:00:00,Female,39,Bronze,TV,Chonburi,1244,TV_Show,COD,0,7,5,1,30-40,41.46666666666667,2.0,1.0,0.5,72,8,3398.2799999999997,0.13,0.0,0.0,0.0,0.0,0,0,0.0,2244.87,1,0,0.0,6796.5599999999995,2,1,0.5,6796.5599999999995,2,1,0.5,0
LGS2ORD0026015,C012422,2025-07-26 00:00:00,Female,43,Silver,TV,Chiang Mai,1330,Web,COD,0,7,5,1,40-50,44.333333333333336,6.0,2.0,0.3333333333333333,21,9,4911.31,0.3,1.0,0.5,0.0,0.0,0,0,0.0,11937.150000000001,2,1,0.5,27485.65,4,1,0.25,29467.86,6,2,0.3333333333333333,0
LGS2ORD0026016,C016021,2025-07-26 01:00:00,Male,36,Platinum,TV,Nakhon Ratchasima,1496,CallCenter,PromptPay,1,7,5,1,30-40,49.86666666666667,2.0,1.0,0.5,46,51,8913.39,0.25,0.5,0.5,0.0,0.0,0,0,0.0,0.0,0,0,0.0,9709.14,1,1,1.0,17826.78,2,1,0.5,0
LGS2ORD0026017,C014490,2025-07-26 01:00:00,Female,33,Gold,Web,Remote_Area,520,Shopee,COD,1,7,5,1,30-40,17.333333333333332,2.0,0.0,0.0,-1,75,6696.775,0.13,0.5,0.0,0.0,0.0,0,0,0.0,0.0,0,0,0.0,11060.58,1,0,0.0,13393.55,2,0,0.0,1
LGS2ORD0026018,C010435,2025-07-26 01:00:00,Female,31,Silver,Lazada,Nakhon Ratchasima,1030,CallCenter,Credit_Card,1,7,5,1,30-40,34.333333333333336,4.0,1.0,0.25,126,37,9105.3175,0.3,0.5,0.5,0.0,0.0,0,0,0.0,0.0,0,0,0.0,10444.22,1,0,0.0,36421.27,4,1,0.25,0
LGS2ORD0026019,C014498,2025-07-26 01:00:00,Female,53,Silver,Web,Khon Kaen,641,CallCenter,COD,1,7,5,1,>50,21.366666666666667,3.0,0.0,0.0,-1,112,8708.9,0.25,0.3333333333333333,0.3333333333333333,0.0,0.0,0,0,0.0,0.0,0,0,0.0,0.0,0,0,0.0,26126.699999999997,3,0,0.0,0
LGS2ORD0026020,C015323,2025-07-26 01:00:00,Female,40,Bronze,TV,Songkhla,1078,TV_Show,COD,1,7,5,1,30-40,35.93333333333333,8.0,4.0,0.5,0,7,4450.11375,0.28,0.625,0.375,0.0,0.0,0,0,0.0,19985.15,1,1,1.0,20998.600000000002,4,2,0.5,35600.91,8,4,0.5,1
LGS2ORD0026021,C010741,2025-07-26 01:00:00,Male,24,Gold,TV,Phuket,1421,Web,Bank_Transfer,1,7,5,1,20-30,47.36666666666667,8.0,3.0,0.375,22,16,6276.786249999999,0.33,0.25,0.25,0.0,0.0,0,0,0.0,21774.32,3,0,0.0,49340.32000000001,7,2,0.2857142857142857,50214.28999999999,8,3,0.375,1
LGS2ORD0026022,C010238,2025-07-26 02:00:00,Male,39,Gold,CallCenter,Bangkok,459,Shopee,COD,2,7,5,1,30-40,15.3,2.0,0.0,0.0,-1,14,2424.2349999999997,0.13,0.0,0.0,0.0,0.0,0,0,0.0,4848.469999999999,2,0,0.0,4848.469999999999,2,0,0.0,4848.469999999999,2,0,0.0,1
LGS2ORD0026023,C012908,2025-07-26 02:00:00,Male,47,Bronze,TV,Remote_Area,1035,Shopee,PromptPay,2,7,5,1,40-50,34.5,3.0,2.0,0.6666666666666666,140,98,3241.3033333333333,0.18,0.3333333333333333,0.0,0.0,0.0,0,0,0.0,0.0,0,0,0.0,0.0,0,0,0.0,9723.91,3,2,0.6666666666666666,1
LGS2ORD0026024,C013078,2025-07-26 02:00:00,Female,45,Gold,Lazada,Remote_Area,1008,Lazada,COD,2,7,5,1,40-50,33.6,7.0,1.0,0.14285714285714285,89,0,8009.691428571428,0.28,0.2857142857142857,0.5714285714285714,0.0,30000.7,1,0,0.0,30000.7,1,0,0.0,40510.82,4,0,0.0,56067.84,7,1,0.14285714285714285,1
LGS2ORD0026025,C014876,2025-07-26 02:00:00,Male,41,Gold,Shopee,Remote_Area,1581,Shopee,Bank_Transfer,2,7,5,1,40-50,52.7,3.0,1.0,0.3333333333333333,33,49,2044.3300000000002,0.2299999999999999,0.3333333333333333,0.6666666666666666,0.0,0.0,0,0,0.0,0.0,0,0,0.0,6132.990000000001,3,1,0.3333333333333333,6132.990000000001,3,1,0.3333333333333333,0
LGS2ORD0026026,C012985,2025-07-26 02:00:00,Female,53,Platinum,Shopee,Remote_Area,343,TV_Show,COD,2,7,5,1,>50,11.433333333333334,2.0,0.0,0.0,-1,79,1786.42,0.3,1.0,0.5,0.0,0.0,0,0,0.0,0.0,0,0,0.0,1659.83,1,0,0.0,3572.84,2,0,0.0,0
LGS2ORD0026027,C014571,2025-07-26 03:00:00,Female,37,Bronze,TV,Phuket,1171,Web,COD,3,7,5,1,30-40,39.03333333333333,2.0,1.0,0.5,69,4,9633.52,0.03,0.5,0.0,0.0,15152.29,1,0,0.0,15152.29,1,0,0.0,19267.04,2,1,0.5,19267.04,2,1,0.5,0
LGS2ORD0026028,C016550,2025-07-26 03:00:00,Male,32,Bronze,Shopee,Bangkok,1551,Web,COD,3,7,5,1,30-40,51.7,4.0,0.0,0.0,-1,19,1431.345,0.28,1.0,0.5,0.0,0.0,0,0,0.0,712.55,1,0,0.0,1665.1599999999999,2,0,0.0,5725.38,4,0,0.0,1
LGS2ORD0026029,C010272,2025-07-26 03:00:00,Female,34,Gold,TV,Songkhla,1206,Lazada,Bank_Transfer,3,7,5,1,30-40,40.2,5.0,1.0,0.2,66,4,5722.32,0.28,0.0,0.6,0.0,1558.89,1,0,0.0,1558.89,1,0,0.0,15394.48,2,1,0.5,28611.6,5,1,0.2,0
LGS2ORD0026030,C010297,2025-07-26 03:00:00,Male,36,Platinum,Shopee,Bangkok,849,Lazada,Credit_Card,3,7,5,1,30-40,28.3,4.0,0.0,0.0,-1,18,8434.1725,0.1,0.25,0.0,0.0,0.0,0,0,0.0,12692.43,1,0,0.0,12692.43,1,0,0.0,33736.69,4,0,0.0,0
LGS2ORD0026031,C017805,2025-07-26 03:00:00,Female,31,Bronze,TV,Songkhla,776,CallCenter,Credit_Card,3,7,5,1,30-40,25.866666666666667,1.0,0.0,0.0,-1,62,3089.48,0.28,0.0,1.0,0.0,0.0,0,0,0.0,0.0,0,0,0.0,3089.48,1,0,0.0,3089.48,1,0,0.0,0
LGS2ORD0026032,C017199,2025-07-26 04:00:00,Female,48,Gold,Shopee,Bangkok,284,Shopee,COD,4,7,5,1,40-50,9.466666666666667,2.0,1.0,0.5,59,43,5707.650000000001,0.33,0.0,0.5,0.0,0.0,0,0,0.0,0.0,0,0,0.0,11415.300000000001,2,1,0.5,11415.300000000001,2,1,0.5,0
LGS2ORD0026033,C010123,2025-07-26 04:00:00,Female,45,Bronze,CallCenter,Khon Kaen,490,CallCenter,Bank_Transfer,4,7,5,1,40-50,16.333333333333332,1.0,1.0,1.0,26,41,1084.81,0.23,1.0,1.0,0.0,0.0,0,0,0.0,0.0,0,0,0.0,1084.81,1,1,1.0,1084.81,1,1,1.0,0
LGS2ORD0026034,C014066,2025-07-26 04:00:00,Female,37,Platinum,Shopee,Phuket,1151,TV_Show,Credit_Card,4,7,5,1,30-40,38.36666666666667,3.0,1.0,0.3333333333333333,64,9,3653.896666666667,0.3,0.3333333333333333,0.3333333333333333,0.0,0.0,0,0,0.0,8638.44,2,0,0.0,10961.69,3,1,0.3333333333333333,10961.69,3,1,0.3333333333333333,1
LGS2ORD0026035,C012785,2025-07-26 04:00:00,Male,46,Bronze,Lazada,Bangkok,510,TV_Show,COD,4,7,5,1,40-50,17.0,2.0,1.0,0.5,119,7,3581.41,0.13,0.5,0.0,0.0,0.0,0,0,0.0,2391.86,1,0,0.0,2391.86,1,0,0.0,7162.82,2,1,0.5,0
LGS2ORD0026036,C015498,2025-07-26 04:00:00,Female,54,Bronze,TV,Songkhla,1617,Shopee,COD,4,7,5,1,>50,53.9,2.0,0.0,0.0,-1,36,2553.155,0.08,1.0,0.0,0.0,0.0,0,0,0.0,0.0,0,0,0.0,293.39,1,0,0.0,5106.31,2,0,0.0,0
LGS2ORD0026037,C012681,2025-07-26 05:00:00,Female,42,Platinum,Web,Bangkok,1194,TV_Show,COD,5,7,5,1,40-50,39.8,4.0,2.0,0.5,76,84,3828.08,0.3,0.5,0.25,0.0,0.0,0,0,0.0,0.0,0,0,0.0,2289.4,1,1,1.0,15312.32,4,2,0.5,0
LGS2ORD0026038,C014251,2025-07-26 05:00:00,Female,48,Gold,TV,Bangkok,1586,Lazada,COD,5,7,5,1,40-50,52.86666666666667,4.0,0.0,0.0,-1,59,6305.7725,0.28,0.75,0.5,0.0,0.0,0,0,0.0,0.0,0,0,0.0,1409.3,1,0,0.0,25223.09,4,0,0.0,1
LGS2ORD0026039,C016093,2025-07-26 05:00:00,Male,58,Bronze,CallCenter,Bangkok,387,CallCenter,Credit_Card,5,7,5,1,>50,12.9,8.0,3.0,0.375,8,18,7635.241250000001,0.28,0.625,0.25,0.0,0.0,0,0,0.0,4113.37,1,1,1.0,45545.72000000001,5,2,0.4,61081.93000000001,8,3,0.375,0
LGS2ORD0026040,C012431,2025-07-26 05:00:00,Female,31,Platinum,TV,Chonburi,474,Lazada,PromptPay,5,7,5,1,30-40,15.8,1.0,0.0,0.0,-1,99,426.38,0.35,1.0,1.0,0.0,0.0,0,0,0.0,0.0,0,0,0.0,0.0,0,0,0.0,426.38,1,0,0.0,0
LGS2ORD0026041,C013827,2025-07-26 05:00:00,Female,59,Bronze,TV,Khon Kaen,1135,Shopee,Credit_Card,5,7,5,1,>50,37.833333333333336,5.0,1.0,0.2,157,65,3231.762,0.23,0.8,0.2,0.0,0.0,0,0,0.0,0.0,0,0,0.0,3777.7,1,0,0.0,16158.810000000001,5,1,0.2,0
LGS2ORD0026042,C011131,2025-07-26 05:00:00,Female,42,Bronze,TV,Remote_Area,1423,Lazada,COD,5,7,5,1,40-50,47.43333333333333,5.0,0.0,0.0,-1,38,2496.5699999999997,0.28,0.6,0.4,0.0,0.0,0,0,0.0,0.0,0,0,0.0,3546.98,1,0,0.0,12482.849999999999,5,0,0.0,0
LGS2ORD0026043,C015173,2025-07-26 06:00:00,Male,50,Bronze,Web,Nakhon Ratchasima,492,Web,Credit_Card,6,7,5,1,40-50,16.4,1.0,1.0,1.0,83,93,11007.05,0.13,1.0,0.0,0.0,0.0,0,0,0.0,0.0,0,0,0.0,0.0,0,0,0.0,11007.05,1,1,1.0,0
LGS2ORD0026044,C016610,2025-07-26 06:00:00,Female,43,Silver,Shopee,Bangkok,557,CallCenter,COD,6,7,5,1,40-50,18.566666666666666,3.0,1.0,0.3333333333333333,166,9,3727.39,0.25,0.3333333333333333,0.3333333333333333,0.0,0.0,0,0,0.0,5947.47,1,0,0.0,5947.47,1,0,0.0,11182.17,3,1,0.3333333333333333,1
LGS2ORD0026045,C010604,2025-07-26 06:00:00,Female,50,Silver,Shopee,Chonburi,641,CallCenter,COD,6,7,5,1,40-50,21.366666666666667,5.0,0.0,0.0,-1,2,8392.33,0.3,0.2,0.6,0.0,2448.36,1,0,0.0,2448.36,1,0,0.0,31719.95,4,0,0.0,41961.65,5,0,0.0,0
LGS2ORD0026046,C013654,2025-07-26 06:00:00,Male,38,Bronze,Lazada,Songkhla,1572,CallCenter,COD,6,7,5,1,30-40,52.4,4.0,0.0,0.0,-1,13,4774.2475,0.28,0.75,0.25,0.0,0.0,0,0,0.0,1451.31,1,0,0.0,13071.429999999998,3,0,0.0,19096.99,4,0,0.0,1
LGS2ORD0026047,C010551,2025-07-26 06:00:00,Male,56,Bronze,Shopee,Chiang Mai,1240,TV_Show,COD,6,7,5,1,>50,41.333333333333336,3.0,2.0,0.6666666666666666,31,37,5358.806666666667,0.28,0.6666666666666666,0.3333333333333333,0.0,0.0,0,0,0.0,0.0,0,0,0.0,10817.35,1,1,1.0,16076.420000000002,3,2,0.6666666666666666,0
LGS2ORD0026048,C011237,2025-07-26 07:00:00,Male,58,Bronze,TV,Khon Kaen,552,Web,PromptPay,7,7,5,1,>50,18.4,5.0,0.0,0.0,-1,6,2434.418,0.28,0.6,0.4,0.0,2221.29,1,0,0.0,2221.29,1,0,0.0,6553.82,2,0,0.0,12172.09,5,0,0.0,0
LGS2ORD0026049,C012735,2025-07-26 07:00:00,Female,24,Gold,TV,Chonburi,1441,TV_Show,COD,7,7,5,1,20-30,48.03333333333333,0.0,0.0,0.0,-1,-1,0.0,0.0,0.0,0.0,0.0,0.0,0,0,0.0,0.0,0,0,0.0,0.0,0,0,0.0,0.0,0,0,0.0,0
LGS2ORD0026050,C017375,2025-07-26 07:00:00,Male,34,Silver,TV,Remote_Area,762,Web,COD,7,7,5,1,30-40,25.4,2.0,2.0,1.0,36,47,5385.305,0.3,0.5,0.5,0.0,0.0,0,0,0.0,0.0,0,0,0.0,1512.74,1,1,1.0,10770.61,2,2,1.0,0
LGS2ORD0026051,C015245,2025-07-26 07:00:00,Male,42,Gold,TV,Songkhla,1091,Shopee,COD,7,7,5,1,40-50,36.36666666666667,4.0,1.0,0.25,16,30,5644.1525,0.2299999999999999,0.25,0.25,0.0,0.0,0,0,0.0,0.0,0,0,0.0,9694.33,2,1,0.5,22576.61,4,1,0.25,0
LGS2ORD0026052,C012157,2025-07-26 07:00:00,Male,54,Silver,Shopee,Remote_Area,382,TV_Show,COD,7,7,5,1,>50,12.733333333333333,7.0,1.0,0.14285714285714285,188,4,5857.395714285715,0.3,0.5714285714285714,0.2857142857142857,0.0,23202.93,1,0,0.0,23202.93,1,0,0.0,28193.55,2,0,0.0,41001.770000000004,7,1,0.14285714285714285,0
LGS2ORD0026053,C010780,2025-07-26 08:00:00,Male,40,Bronze,Web,Chiang Mai,799,Shopee,Credit_Card,8,7,5,1,30-40,26.633333333333333,3.0,2.0,0.6666666666666666,13,21,6785.43,0.18,0.6666666666666666,0.0,0.0,0.0,0,0,0.0,9540.74,1,1,1.0,10703.42,2,1,0.5,20356.29,3,2,0.6666666666666666,0
LGS2ORD0026054,C013107,2025-07-26 08:00:00,Other,37,Silver,TV,Nakhon Ratchasima,1306,Shopee,COD,8,7,5,1,30-40,43.53333333333333,4.0,2.0,0.5,37,11,4696.85,0.25,1.0,0.5,0.0,0.0,0,0,0.0,5831.88,2,0,0.0,7380.530000000001,3,1,0.3333333333333333,18787.4,4,2,0.5,0
LGS2ORD0026055,C010173,2025-07-26 08:00:00,Male,29,Gold,Web,Nakhon Ratchasima,807,Lazada,Credit_Card,8,7,5,1,20-30,26.9,2.0,0.0,0.0,-1,107,4735.21,0.33,0.0,1.0,0.0,0.0,0,0,0.0,0.0,0,0,0.0,0.0,0,0,0.0,9470.42,2,0,0.0,0
LGS2ORD0026056,C014442,2025-07-26 08:00:00,Male,18,Bronze,Web,Bangkok,1110,TV_Show,Bank_Transfer,8,7,5,1,<20,37.0,4.0,2.0,0.5,163,173,5032.415,0.08,0.5,0.0,0.0,0.0,0,0,0.0,0.0,0,0,0.0,0.0,0,0,0.0,20129.66,4,2,0.5,1
LGS2ORD0026057,C016507,2025-07-26 08:00:00,Female,41,Bronze,TV,Chonburi,552,TV_Show,Credit_Card,8,7,5,1,40-50,18.4,8.0,5.0,0.625,-12,1,2254.4037500000004,0.28,0.75,0.25,0.0,757.06,1,1,1.0,757.06,1,1,1.0,757.06,1,1,1.0,18035.230000000003,8,5,0.625,1
LGS2ORD0026058,C016651,2025-07-26 08:00:00,Female,38,Bronze,CallCenter,Phuket,829,TV_Show,Bank_Transfer,8,7,5,1,30-40,27.633333333333333,2.0,1.0,0.5,58,51,8918.8,0.28,0.5,0.5,0.0,0.0,0,0,0.0,0.0,0,0,0.0,17837.6,2,1,0.5,17837.6,2,1,0.5,0
LGS2ORD0026059,C012533,2025-07-26 09:00:00,Female,31,Bronze,Shopee,Bangkok,775,Shopee,COD,9,7,5,1,30-40,25.833333333333332,4.0,0.0,0.0,-1,41,5345.96,0.18,0.5,0.0,0.0,0.0,0,0,0.0,0.0,0,0,0.0,3514.48,2,0,0.0,21383.84,4,0,0.0,0
LGS2ORD0026060,C017111,2025-07-26 09:00:00,Male,26,Bronze,CallCenter,Bangkok,1347,CallCenter,COD,9,7,5,1,20-30,44.9,3.0,1.0,0.3333333333333333,33,39,6413.876666666667,0.23,0.3333333333333333,0.6666666666666666,0.0,0.0,0,0,0.0,0.0,0,0,0.0,8965.42,1,1,1.0,19241.63,3,1,0.3333333333333333,0
LGS2ORD0026061,C012516,2025-07-26 09:00:00,Male,27,Bronze,Web,Nakhon Ratchasima,645,Web,PromptPay,9,7,5,1,20-30,21.5,3.0,0.0,0.0,-1,3,5680.553333333333,0.28,0.6666666666666666,0.6666666666666666,0.0,6255.39,1,0,0.0,6255.39,1,0,0.0,6255.39,1,0,0.0,17041.66,3,0,0.0,0
LGS2ORD0026062,C017399,2025-07-26 09:00:00,Female,50,Gold,Lazada,Phuket,1123,Shopee,Credit_Card,9,7,5,1,40-50,37.43333333333333,0.0,0.0,0.0,-1,-1,0.0,0.0,0.0,0.0,0.0,0.0,0,0,0.0,0.0,0,0,0.0,0.0,0,0,0.0,0.0,0,0,0.0,0
LGS2ORD0026063,C016411,2025-07-26 09:00:00,Male,72,Silver,Shopee,Nakhon Ratchasima,1115,CallCenter,COD,9,7,5,1,>50,37.166666666666664,2.0,1.0,0.5,95,98,4548.360000000001,0.2,1.0,0.0,0.0,0.0,0,0,0.0,0.0,0,0,0.0,0.0,0,0,0.0,9096.720000000001,2,1,0.5,0
LGS2ORD0026064,C014134,2025-07-26 10:00:00,Male,37,Silver,Lazada,Phuket,336,CallCenter,Credit_Card,10,7,5,1,30-40,11.2,1.0,0.0,0.0,-1,66,3932.14,0.05,0.0,0.0,0.0,0.0,0,0,0.0,0.0,0,0,0.0,3932.14,1,0,0.0,3932.14,1,0,0.0,0
LGS2ORD0026065,C012852,2025-07-26 10:00:00,Female,70,Bronze,CallCenter,Bangkok,1274,Web,Credit_Card,10,7,5,1,>50,42.46666666666667,9.0,1.0,0.1111111111111111,172,4,4465.193333333333,0.23,0.3333333333333333,0.1111111111111111,0.0,7456.24,1,0,0.0,27953.14,4,0,0.0,27953.14,4,0,0.0,40186.74,9,1,0.1111111111111111,0
LGS2ORD0026066,C010918,2025-07-26 10:00:00,Male,62,Bronze,Lazada,Remote_Area,618,Lazada,COD,10,7,5,1,>50,20.6,3.0,1.0,0.3333333333333333,59,14,6877.356666666666,0.13,0.6666666666666666,0.0,0.0,0.0,0,0,0.0,914.26,1,0,0.0,17487.739999999998,2,1,0.5,20632.069999999996,3,1,0.3333333333333333,0
LGS2ORD0026067,C013732,2025-07-26 10:00:00,Female,24,Silver,Lazada,Chiang Mai,1174,TV_Show,COD,10,7,5,1,20-30,39.13333333333333,1.0,0.0,0.0,-1,138,38985.53,0.15,0.0,0.0,0.0,0.0,0,0,0.0,0.0,0,0,0.0,0.0,0,0,0.0,38985.53,1,0,0.0,0
LGS2ORD0026068,C014977,2025-07-26 10:00:00,Female,60,Gold,Shopee,Khon Kaen,1320,TV_Show,COD,10,7,5,1,>50,44.0,1.0,0.0,0.0,-1,10,2018.21,0.13,0.0,0.0,0.0,0.0,0,0,0.0,2018.21,1,0,0.0,2018.21,1,0,0.0,2018.21,1,0,0.0,0
LGS2ORD0026069,C012400,2025-07-26 11:00:00,Female,38,Bronze,TV,Phuket,1642,Lazada,Bank_Transfer,11,7,5,1,30-40,54.733333333333334,8.0,1.0,0.125,20,29,7742.48,0.18,0.5,0.0,0.0,0.0,0,0,0.0,5744.9,1,0,0.0,12419.33,2,1,0.5,61939.84,8,1,0.125,0
LGS2ORD0026070,C017298,2025-07-26 11:00:00,Female,36,Silver,Lazada,Nakhon Ratchasima,917,Web,COD,11,7,5,1,30-40,30.566666666666666,7.0,1.0,0.14285714285714285,89,0,6271.938571428572,0.25,0.8571428571428571,0.2857142857142857,0.0,15018.310000000001,2,0,0.0,20445.31,3,0,0.0,28306.57,4,0,0.0,43903.57,7,1,0.14285714285714285,0
LGS2ORD0026071,C015068,2025-07-26 11:00:00,Male,48,Bronze,TV,Chiang Mai,1194,Shopee,COD,11,7,5,1,40-50,39.8,3.0,1.0,0.3333333333333333,196,90,4972.156666666667,0.18,0.6666666666666666,0.0,0.0,0.0,0,0,0.0,0.0,0,0,0.0,0.0,0,0,0.0,14916.470000000001,3,1,0.3333333333333333,0
LGS2ORD0026072,C015880,2025-07-26 11:00:00,Male,59,Bronze,CallCenter,Chonburi,904,Shopee,COD,11,7,5,1,>50,30.133333333333333,1.0,0.0,0.0,-1,83,647.79,0.23,0.0,1.0,0.0,0.0,0,0,0.0,0.0,0,0,0.0,647.79,1,0,0.0,647.79,1,0,0.0,1
LGS2ORD0026073,C014436,2025-07-26 11:00:00,Female,41,Silver,Web,Khon Kaen,1192,TV_Show,Credit_Card,11,7,5,1,40-50,39.733333333333334,5.0,0.0,0.0,-1,6,7367.1900000000005,0.3,0.6,0.2,0.0,2270.51,1,0,0.0,10240.94,2,0,0.0,25786.620000000003,4,0,0.0,36835.950000000004,5,0,0.0,1
LGS2ORD0026074,C017483,2025-07-26 12:00:00,Female,38,Bronze,Lazada,Khon Kaen,822,TV_Show,PromptPay,12,7,5,1,30-40,27.4,0.0,0.0,0.0,-1,-1,0.0,0.0,0.0,0.0,0.0,0.0,0,0,0.0,0.0,0,0,0.0,0.0,0,0,0.0,0.0,0,0,0.0,0
LGS2ORD0026075,C014283,2025-07-26 12:00:00,Male,58,Gold,Lazada,Bangkok,905,Web,COD,12,7,5,1,>50,30.166666666666668,7.0,1.0,0.14285714285714285,160,43,1882.387142857143,0.33,0.5714285714285714,0.7142857142857143,0.0,0.0,0,0,0.0,0.0,0,0,0.0,7373.620000000001,2,0,0.0,13176.710000000001,7,1,0.14285714285714285,0
LGS2ORD0026076,C012430,2025-07-26 12:00:00,Male,33,Silver,Web,Bangkok,428,TV_Show,COD,12,7,5,1,30-40,14.266666666666667,2.0,0.0,0.0,-1,18,1762.875,0.25,0.5,0.5,0.0,0.0,0,0,0.0,1663.04,1,0,0.0,3525.75,2,0,0.0,3525.75,2,0,0.0,1
LGS2ORD0026077,C016599,2025-07-26 12:00:00,Female,71,Bronze,Shopee,Phuket,1374,Shopee,Credit_Card,12,7,5,1,>50,45.8,4.0,1.0,0.25,131,40,2643.2275,0.18,0.25,0.0,0.0,0.0,0,0,0.0,0.0,0,0,0.0,3305.79,1,0,0.0,10572.91,4,1,0.25,0
LGS2ORD0026078,C014920,2025-07-26 12:00:00,Male,68,Bronze,CallCenter,Chiang Mai,1031,TV_Show,COD,12,7,5,1,>50,34.36666666666667,3.0,2.0,0.6666666666666666,35,47,3479.3566666666666,0.23,0.3333333333333333,1.0,0.0,0.0,0,0,0.0,0.0,0,0,0.0,3335.83,1,1,1.0,10438.07,3,2,0.6666666666666666,0
LGS2ORD0026079,C014897,2025-07-26 12:00:00,Male,20,Bronze,TV,Bangkok,1368,Shopee,COD,12,7,5,1,<20,45.6,3.0,0.0,0.0,-1,67,4171.81,0.28,0.3333333333333333,0.3333333333333333,0.0,0.0,0,0,0.0,0.0,0,0,0.0,10273.26,1,0,0.0,12515.43,3,0,0.0,0
LGS2ORD0026080,C011623,2025-07-26 13:00:00,Male,48,Gold,Shopee,Songkhla,1153,CallCenter,COD,13,7,5,1,40-50,38.43333333333333,3.0,0.0,0.0,-1,0,2313.44,0.33,0.0,0.6666666666666666,0.0,2598.75,1,0,0.0,2598.75,1,0,0.0,6940.32,3,0,0.0,6940.32,3,0,0.0,0
LGS2ORD0026081,C012545,2025-07-26 13:00:00,Female,71,Bronze,Web,Chonburi,998,Lazada,COD,13,7,5,1,>50,33.266666666666666,4.0,1.0,0.25,92,101,7959.522500000001,0.23,0.75,0.25,0.0,0.0,0,0,0.0,0.0,0,0,0.0,0.0,0,0,0.0,31838.090000000004,4,1,0.25,0
LGS2ORD0026082,C010395,2025-07-26 13:00:00,Female,42,Bronze,TV,Phuket,1527,Shopee,COD,13,7,5,1,40-50,50.9,5.0,2.0,0.4,55,68,7188.142000000002,0.28,0.2,0.4,0.0,0.0,0,0,0.0,0.0,0,0,0.0,17492.28,2,1,0.5,35940.71000000001,5,2,0.4,0
LGS2ORD0026083,C011186,2025-07-26 13:00:00,Female,36,Bronze,Shopee,Bangkok,730,Lazada,COD,13,7,5,1,30-40,24.333333333333332,3.0,0.0,0.0,-1,55,9955.39,0.03,0.0,0.0,0.0,0.0,0,0,0.0,0.0,0,0,0.0,9112.72,1,0,0.0,29866.17,3,0,0.0,0
LGS2ORD0026084,C017657,2025-07-26 13:00:00,Female,58,Gold,TV,Nakhon Ratchasima,809,Lazada,Credit_Card,13,7,5,1,>50,26.966666666666665,4.0,1.0,0.25,150,52,1194.2775,0.28,0.5,0.5,0.0,0.0,0,0,0.0,0.0,0,0,0.0,1585.12,2,0,0.0,4777.11,4,1,0.25,0
LGS2ORD0026085,C014982,2025-07-26 14:00:00,Male,44,Silver,Lazada,Bangkok,1649,Shopee,COD,14,7,5,1,40-50,54.96666666666667,3.0,2.0,0.6666666666666666,69,72,1734.4833333333333,0.25,0.6666666666666666,0.3333333333333333,0.0,0.0,0,0,0.0,0.0,0,0,0.0,3823.52,2,2,1.0,5203.45,3,2,0.6666666666666666,1
LGS2ORD0026086,C017886,2025-07-26 14:00:00,Female,54,Silver,TV,Chiang Mai,610,Shopee,Bank_Transfer,14,7,5,1,>50,20.333333333333332,5.0,2.0,0.4,141,1,8069.036,0.3,0.6,0.6,0.0,3968.77,1,0,0.0,30372.95,2,0,0.0,36251.31,3,0,0.0,40345.18,5,2,0.4,0
LGS2ORD0026087,C010077,2025-07-26 14:00:00,Other,46,Platinum,Web,Bangkok,1429,Web,COD,14,7,5,1,40-50,47.63333333333333,2.0,0.0,0.0,-1,128,2335.23,0.3,0.5,0.5,0.0,0.0,0,0,0.0,0.0,0,0,0.0,0.0,0,0,0.0,4670.46,2,0,0.0,0
LGS2ORD0026088,C015946,2025-07-26 14:00:00,Male,18,Silver,TV,Phuket,763,Shopee,COD,14,7,5,1,<20,25.433333333333334,2.0,1.0,0.5,126,50,2836.965,0.25,0.0,0.5,0.0,0.0,0,0,0.0,0.0,0,0,0.0,4560.45,1,0,0.0,5673.93,2,1,0.5,1
LGS2ORD0026089,C016555,2025-07-26 14:00:00,Female,62,Silver,Web,Chiang Mai,1284,Shopee,PromptPay,14,7,5,1,>50,42.8,6.0,0.0,0.0,-1,43,9682.796666666667,0.3,0.6666666666666666,0.3333333333333333,0.0,0.0,0,0,0.0,0.0,0,0,0.0,35663.03,3,0,0.0,58096.78,6,0,0.0,0
LGS2ORD0026090,C017516,2025-07-26 15:00:00,Male,60,Gold,TV,Bangkok,708,Shopee,Credit_Card,15,7,5,1,>50,23.6,10.0,1.0,0.1,5,17,7030.798999999999,0.33,0.7,0.3,0.0,0.0,0,0,0.0,11783.82,3,1,0.3333333333333333,23969.8,5,1,0.2,70307.98999999999,10,1,0.1,0
LGS2ORD0026091,C017836,2025-07-26 15:00:00,Male,43,Gold,Lazada,Chiang Mai,824,Web,COD,15,7,5,1,40-50,27.466666666666665,4.0,1.0,0.25,104,18,5529.1900000000005,0.2299999999999999,0.75,0.25,0.0,0.0,0,0,0.0,10207.52,1,0,0.0,11961.26,2,0,0.0,22116.760000000002,4,1,0.25,0
LGS2ORD0026092,C015712,2025-07-26 15:00:00,Female,46,Silver,Web,Songkhla,631,Lazada,COD,15,7,5,1,40-50,21.033333333333335,5.0,0.0,0.0,-1,52,5247.454,0.3,1.0,0.4,0.0,0.0,0,0,0.0,0.0,0,0,0.0,3624.63,1,0,0.0,26237.27,5,0,0.0,0
LGS2ORD0026093,C014513,2025-07-26 15:00:00,Male,47,Silver,CallCenter,Chonburi,1119,Lazada,COD,15,7,5,1,40-50,37.3,4.0,1.0,0.25,164,26,4543.9125,0.2,0.5,0.0,0.0,0.0,0,0,0.0,12251.34,1,0,0.0,12251.34,1,0,0.0,18175.65,4,1,0.25,0
LGS2ORD0026094,C011877,2025-07-26 15:00:00,Female,39,Silver,Web,Chiang Mai,419,Web,Credit_Card,15,7,5,1,30-40,13.966666666666667,2.0,1.0,0.5,85,95,2707.325,0.25,0.5,0.5,0.0,0.0,0,0,0.0,0.0,0,0,0.0,0.0,0,0,0.0,5414.65,2,1,0.5,0
LGS2ORD0026095,C012864,2025-07-26 16:00:00,Female,56,Bronze,Web,Bangkok,1459,Shopee,PromptPay,16,7,5,1,>50,48.63333333333333,1.0,0.0,0.0,-1,34,1298.38,0.23,1.0,1.0,0.0,0.0,0,0,0.0,0.0,0,0,0.0,1298.38,1,0,0.0,1298.38,1,0,0.0,0
LGS2ORD0026096,C013543,2025-07-26 16:00:00,Female,38,Gold,Shopee,Bangkok,1570,Lazada,COD,16,7,5,1,30-40,52.333333333333336,3.0,0.0,0.0,-1,64,1855.62,0.33,0.3333333333333333,0.3333333333333333,0.0,0.0,0,0,0.0,0.0,0,0,0.0,5252.98,2,0,0.0,5566.86,3,0,0.0,1
LGS2ORD0026097,C015159,2025-07-26 16:00:00,Male,43,Bronze,Web,Khon Kaen,1478,Lazada,Credit_Card,16,7,5,1,40-50,49.266666666666666,1.0,0.0,0.0,-1,181,8984.14,0.08,1.0,0.0,0.0,0.0,0,0,0.0,0.0,0,0,0.0,0.0,0,0,0.0,8984.14,1,0,0.0,0
LGS2ORD0026098,C015842,2025-07-26 16:00:00,Male,31,Gold,Web,Bangkok,1242,Shopee,COD,16,7,5,1,30-40,41.4,4.0,1.0,0.25,164,23,3473.8075000000003,0.2299999999999999,0.5,0.75,0.0,0.0,0,0,0.0,1964.52,1,0,0.0,10741.890000000001,2,0,0.0,13895.230000000001,4,1,0.25,0
LGS2ORD0026099,C014480,2025-07-26 16:00:00,Male,18,Platinum,TV,Chiang Mai,833,TV_Show,PromptPay,16,7,5,1,<20,27.766666666666666,0.0,0.0,0.0,-1,-1,0.0,0.0,0.0,0.0,0.0,0.0,0,0,0.0,0.0,0,0,0.0,0.0,0,0,0.0,0.0,0,0,0.0,1
LGS2ORD0026100,C017928,2025-07-26 16:00:00,Male,38,Gold,Web,Chiang Mai,613,Web,Credit_Card,16,7,5,1,30-40,20.433333333333334,7.0,1.0,0.14285714285714285,167,34,3475.7685714285717,0.2299999999999999,0.8571428571428571,0.14285714285714285,0.0,0.0,0,0,0.0,0.0,0,0,0.0,5659.82,2,0,0.0,24330.38,7,1,0.14285714285714285,0
LGS2ORD0026101,C010743,2025-07-26 17:00:00,Male,44,Silver,Shopee,Songkhla,1029,Lazada,COD,17,7,5,1,40-50,34.3,5.0,2.0,0.4,26,38,4061.0480000000002,0.3,0.2,0.4,0.0,0.0,0,0,0.0,0.0,0,0,0.0,5663.91,2,1,0.5,20305.24,5,2,0.4,0
LGS2ORD0026102,C017733,2025-07-26 17:00:00,Male,45,Silver,TV,Songkhla,1026,CallCenter,COD,17,7,5,1,40-50,34.2,2.0,0.0,0.0,-1,148,6340.88,0.2,0.5,0.0,0.0,0.0,0,0,0.0,0.0,0,0,0.0,0.0,0,0,0.0,12681.76,2,0,0.0,0
LGS2ORD0026103,C013535,2025-07-26 17:00:00,Male,35,Bronze,Shopee,Bangkok,740,Lazada,Bank_Transfer,17,7,5,1,30-40,24.666666666666668,3.0,0.0,0.0,-1,29,8959.246666666666,0.08,0.0,0.0,0.0,0.0,0,0,0.0,20558.01,1,0,0.0,20558.01,1,0,0.0,26877.739999999998,3,0,0.0,0
LGS2ORD0026104,C012939,2025-07-26 17:00:00,Female,43,Gold,TV,Phuket,1054,TV_Show,PromptPay,17,7,5,1,40-50,35.13333333333333,1.0,0.0,0.0,-1,106,2108.02,0.13,1.0,0.0,0.0,0.0,0,0,0.0,0.0,0,0,0.0,0.0,0,0,0.0,2108.02,1,0,0.0,0
LGS2ORD0026105,C013567,2025-07-26 17:00:00,Female,31,Bronze,Shopee,Bangkok,258,TV_Show,COD,17,7,5,1,30-40,8.6,2.0,1.0,0.5,187,113,10409.465,0.08,0.0,0.0,0.0,0.0,0,0,0.0,0.0,0,0,0.0,0.0,0,0,0.0,20818.93,2,1,0.5,0
LGS2ORD0026106,C011858,2025-07-26 18:00:00,Female,42,Bronze,Web,Remote_Area,667,CallCenter,COD,18,7,5,1,40-50,22.233333333333334,5.0,2.0,0.4,35,22,4177.253999999999,0.23,0.6,0.4,0.0,0.0,0,0,0.0,341.85,1,0,0.0,11887.19,2,1,0.5,20886.269999999997,5,2,0.4,0
LGS2ORD0026107,C014621,2025-07-26 18:00:00,Female,42,Silver,TV,Nakhon Ratchasima,1339,TV_Show,COD,18,7,5,1,40-50,44.63333333333333,1.0,0.0,0.0,-1,190,3539.45,0.05,1.0,0.0,0.0,0.0,0,0,0.0,0.0,0,0,0.0,0.0,0,0,0.0,3539.45,1,0,0.0,1
LGS2ORD0026108,C010428,2025-07-26 18:00:00,Female,23,Silver,Lazada,Bangkok,1254,Web,COD,18,7,5,1,20-30,41.8,3.0,1.0,0.3333333333333333,60,62,1604.6733333333332,0.1,0.6666666666666666,0.0,0.0,0.0,0,0,0.0,0.0,0,0,0.0,2632.95,2,1,0.5,4814.0199999999995,3,1,0.3333333333333333,0
LGS2ORD0026109,C012875,2025-07-26 18:00:00,Female,48,Gold,Web,Bangkok,419,Lazada,COD,18,7,5,1,40-50,13.966666666666667,4.0,0.0,0.0,-1,71,12048.845,0.28,0.75,0.75,0.0,0.0,0,0,0.0,0.0,0,0,0.0,2559.35,1,0,0.0,48195.38,4,0,0.0,0
LGS2ORD0026110,C015082,2025-07-26 18:00:00,Male,58,Bronze,Shopee,Remote_Area,316,Web,COD,18,7,5,1,>50,10.533333333333333,2.0,0.0,0.0,-1,88,7909.15,0.23,0.0,0.5,0.0,0.0,0,0,0.0,0.0,0,0,0.0,11621.97,1,0,0.0,15818.3,2,0,0.0,1
LGS2ORD0026111,C017211,2025-07-26 19:00:00,Male,62,Bronze,Shopee,Nakhon Ratchasima,286,Lazada,COD,19,7,5,1,>50,9.533333333333333,4.0,0.0,0.0,-1,26,2607.38,0.13,0.75,0.0,0.0,0.0,0,0,0.0,5773.72,1,0,0.0,5773.72,1,0,0.0,10429.52,4,0,0.0,0
LGS2ORD0026112,C012155,2025-07-26 19:00:00,Male,60,Bronze,TV,Khon Kaen,842,Shopee,COD,19,7,5,1,>50,28.066666666666666,5.0,0.0,0.0,-1,18,5287.854,0.18,0.6,0.0,0.0,0.0,0,0,0.0,7693.3099999999995,2,0,0.0,7693.3099999999995,2,0,0.0,26439.27,5,0,0.0,0
LGS2ORD0026113,C017129,2025-07-26 19:00:00,Male,38,Platinum,CallCenter,Nakhon Ratchasima,752,Shopee,PromptPay,19,7,5,1,30-40,25.066666666666666,4.0,1.0,0.25,115,36,2775.4325,0.35,0.75,0.75,0.0,0.0,0,0,0.0,0.0,0,0,0.0,943.25,2,0,0.0,11101.73,4,1,0.25,0
LGS2ORD0026114,C013187,2025-07-26 19:00:00,Male,55,Silver,TV,Khon Kaen,471,Shopee,Credit_Card,19,7,5,1,>50,15.7,2.0,0.0,0.0,-1,116,11594.82,0.1,0.5,0.0,0.0,0.0,0,0,0.0,0.0,0,0,0.0,0.0,0,0,0.0,23189.64,2,0,0.0,0
LGS2ORD0026115,C014030,2025-07-26 19:00:00,Female,62,Bronze,TV,Khon Kaen,666,CallCenter,PromptPay,19,7,5,1,>50,22.2,5.0,2.0,0.4,-8,2,4551.484,0.28,1.0,0.2,0.0,7083.11,1,1,1.0,7083.11,1,1,1.0,9887.48,2,1,0.5,22757.420000000002,5,2,0.4,0
LGS2ORD0026116,C014233,2025-07-26 20:00:00,Female,41,Gold,TV,Bangkok,1214,Web,COD,20,7,5,1,40-50,40.46666666666667,2.0,0.0,0.0,-1,22,5670.179999999999,0.08,1.0,0.0,0.0,0.0,0,0,0.0,924.72,1,0,0.0,11340.359999999999,2,0,0.0,11340.359999999999,2,0,0.0,1
LGS2ORD0026117,C012269,2025-07-26 20:00:00,Male,32,Gold,Lazada,Bangkok,1486,TV_Show,Credit_Card,20,7,5,1,30-40,49.53333333333333,4.0,1.0,0.25,171,120,2719.6175000000003,0.28,0.0,0.5,0.0,0.0,0,0,0.0,0.0,0,0,0.0,0.0,0,0,0.0,10878.470000000001,4,1,0.25,1
LGS2ORD0026118,C015596,2025-07-26 20:00:00,Female,29,Bronze,CallCenter,Bangkok,655,Web,Credit_Card,20,7,5,1,20-30,21.833333333333332,3.0,1.0,0.3333333333333333,191,100,16817.76,0.23,0.0,0.3333333333333333,0.0,0.0,0,0,0.0,0.0,0,0,0.0,0.0,0,0,0.0,50453.28,3,1,0.3333333333333333,0
LGS2ORD0026119,C011646,2025-07-26 20:00:00,Male,54,Bronze,TV,Phuket,1060,Web,COD,20,7,5,1,>50,35.333333333333336,4.0,1.0,0.25,18,29,14977.8025,0.23,0.5,0.5,0.0,0.0,0,0,0.0,20344.68,1,1,1.0,32287.58,2,1,0.5,59911.21,4,1,0.25,0
LGS2ORD0026120,C016436,2025-07-26 20:00:00,Male,57,Bronze,CallCenter,Bangkok,1535,Lazada,COD,20,7,5,1,>50,51.166666666666664,5.0,1.0,0.2,142,42,6774.8820000000005,0.28,1.0,0.2,0.0,0.0,0,0,0.0,0.0,0,0,0.0,17848.510000000002,3,0,0.0,33874.41,5,1,0.2,0
LGS2ORD0026121,C017463,2025-07-26 20:00:00,Male,43,Silver,Web,Phuket,381,TV_Show,Credit_Card,20,7,5,1,40-50,12.7,2.0,1.0,0.5,-9,2,2878.04,0.2,0.0,0.0,0.0,5029.71,1,1,1.0,5029.71,1,1,1.0,5029.71,1,1,1.0,5756.08,2,1,0.5,0
LGS2ORD0026122,C014933,2025-07-26 21:00:00,Male,58,Bronze,TV,Remote_Area,571,CallCenter,COD,21,7,5,1,>50,19.033333333333335,4.0,2.0,0.5,58,69,1210.8125,0.28,0.25,0.25,0.0,0.0,0,0,0.0,0.0,0,0,0.0,2481.64,2,1,0.5,4843.25,4,2,0.5,1
LGS2ORD0026123,C017535,2025-07-26 21:00:00,Male,52,Gold,Web,Bangkok,938,Shopee,COD,21,7,5,1,>50,31.266666666666666,5.0,0.0,0.0,-1,18,5949.914,0.33,0.2,0.4,0.0,0.0,0,0,0.0,3155.73,1,0,0.0,6011.96,3,0,0.0,29749.57,5,0,0.0,0
LGS2ORD0026124,C010049,2025-07-26 21:00:00,Male,19,Silver,CallCenter,Nakhon Ratchasima,1527,TV_Show,Credit_Card,21,7,5,1,<20,50.9,5.0,1.0,0.2,17,30,13163.976,0.3,0.8,0.6,0.0,0.0,0,0,0.0,0.0,0,0,0.0,30244.75,2,1,0.5,65819.88,5,1,0.2,0
LGS2ORD0026125,C014215,2025-07-26 21:00:00,Female,68,Bronze,TV,Phuket,675,CallCenter,COD,21,7,5,1,>50,22.5,5.0,3.0,0.6,-7,1,10112.198,0.28,0.8,0.4,0.0,822.33,1,1,1.0,822.33,1,1,1.0,36529.5,3,2,0.6666666666666666,50560.990000000005,5,3,0.6,1
LGS2ORD0026126,C013122,2025-07-26 21:00:00,Female,41,Bronze,Lazada,Bangkok,218,CallCenter,Credit_Card,21,7,5,1,40-50,7.266666666666667,3.0,1.0,0.3333333333333333,122,36,9568.22,0.23,0.3333333333333333,0.6666666666666666,0.0,0.0,0,0,0.0,0.0,0,0,0.0,215.75,1,0,0.0,28704.66,3,1,0.3333333333333333,0
LGS2ORD0026127,C017697,2025-07-26 22:00:00,Male,31,Silver,Shopee,Bangkok,1421,CallCenter,COD,22,7,5,1,30-40,47.36666666666667,4.0,1.0,0.25,44,13,6783.9825,0.25,0.75,0.25,0.0,0.0,0,0,0.0,19976.83,3,0,0.0,27135.93,4,1,0.25,27135.93,4,1,0.25,0
LGS2ORD0026128,C012634,2025-07-26 22:00:00,Male,26,Bronze,CallCenter,Chiang Mai,992,TV_Show,PromptPay,22,7,5,1,20-30,33.06666666666667,3.0,0.0,0.0,-1,85,9028.743333333334,0.23,0.3333333333333333,0.3333333333333333,0.0,0.0,0,0,0.0,0.0,0,0,0.0,3613.37,1,0,0.0,27086.23,3,0,0.0,1
LGS2ORD0026129,C013447,2025-07-26 22:00:00,Male,60,Bronze,Shopee,Bangkok,1113,TV_Show,COD,22,7,5,1,>50,37.1,1.0,0.0,0.0,-1,41,21682.33,0.08,1.0,0.0,0.0,0.0,0,0,0.0,0.0,0,0,0.0,21682.33,1,0,0.0,21682.33,1,0,0.0,0
LGS2ORD0026130,C010096,2025-07-26 22:00:00,Female,57,Gold,TV,Bangkok,406,Web,PromptPay,22,7,5,1,>50,13.533333333333333,3.0,1.0,0.3333333333333333,92,52,2258.5366666666664,0.2299999999999999,0.6666666666666666,0.3333333333333333,0.0,0.0,0,0,0.0,0.0,0,0,0.0,2377.8,1,0,0.0,6775.61,3,1,0.3333333333333333,0
LGS2ORD0026131,C017299,2025-07-26 22:00:00,Female,39,Bronze,CallCenter,Bangkok,415,Lazada,Bank_Transfer,22,7,5,1,30-40,13.833333333333334,2.0,0.0,0.0,-1,1,10434.865000000002,0.28,0.0,1.0,0.0,8384.86,1,0,0.0,8384.86,1,0,0.0,8384.86,1,0,0.0,20869.730000000003,2,0,0.0,1
LGS2ORD0026132,C012289,2025-07-26 23:00:00,Male,45,Bronze,TV,Songkhla,1388,Lazada,COD,23,7,5,1,40-50,46.266666666666666,6.0,4.0,0.6666666666666666,57,39,8645.128333333334,0.23,0.6666666666666666,0.3333333333333333,0.0,0.0,0,0,0.0,0.0,0,0,0.0,15662.579999999998,2,1,0.5,51870.770000000004,6,4,0.6666666666666666,1
LGS2ORD0026133,C011160,2025-07-26 23:00:00,Female,41,Bronze,Shopee,Songkhla,1251,Shopee,COD,23,7,5,1,40-50,41.7,3.0,2.0,0.6666666666666666,4,15,1782.7600000000002,0.23,0.6666666666666666,0.3333333333333333,0.0,0.0,0,0,0.0,2825.05,2,1,0.5,5348.280000000001,3,2,0.6666666666666666,5348.280000000001,3,2,0.6666666666666666,1
LGS2ORD0026134,C012490,2025-07-26 23:00:00,Female,52,Bronze,TV,Remote_Area,236,TV_Show,PromptPay,23,7,5,1,>50,7.866666666666666,9.0,2.0,0.2222222222222222,26,31,2468.6422222222222,0.28,0.3333333333333333,0.4444444444444444,0.0,0.0,0,0,0.0,0.0,0,0,0.0,13994.85,6,1,0.16666666666666666,22217.78,9,2,0.2222222222222222,0
LGS2ORD0026135,C013377,2025-07-26 23:00:00,Female,28,Bronze,CallCenter,Khon Kaen,1626,Lazada,COD,23,7,5,1,20-30,54.2,1.0,0.0,0.0,-1,74,8343.79,0.23,1.0,1.0,0.0,0.0,0,0,0.0,0.0,0,0,0.0,8343.79,1,0,0.0,8343.79,1,0,0.0,0
LGS2ORD0026136,C016582,2025-07-26 23:00:00,Female,52,Gold,Web,Bangkok,593,Web,COD,23,7,5,1,>50,19.766666666666666,7.0,3.0,0.42857142857142855,67,73,4341.965714285714,0.33,0.7142857142857143,0.14285714285714285,0.0,0.0,0,0,0.0,0.0,0,0,0.0,749.41,1,1,1.0,30393.76,7,3,0.42857142857142855,0
LGS2ORD0026137,C013196,2025-07-27 00:00:00,Female,32,Silver,Lazada,Songkhla,789,Lazada,PromptPay,0,7,6,1,30-40,26.3,3.0,2.0,0.6666666666666666,47,52,1462.3100000000002,0.25,1.0,0.3333333333333333,0.0,0.0,0,0,0.0,0.0,0,0,0.0,3377.9399999999996,2,1,0.5,4386.93,3,2,0.6666666666666666,1
LGS2ORD0026138,C016752,2025-07-27 00:00:00,Male,35,Bronze,TV,Remote_Area,1281,Shopee,Credit_Card,0,7,6,1,30-40,42.7,1.0,0.0,0.0,-1,180,2610.6,0.13,1.0,0.0,0.0,0.0,0,0,0.0,0.0,0,0,0.0,0.0,0,0,0.0,2610.6,1,0,0.0,0
LGS2ORD0026139,C016233,2025-07-27 00:00:00,Female,58,Silver,Lazada,Khon Kaen,1480,Shopee,PromptPay,0,7,6,1,>50,49.333333333333336,4.0,1.0,0.25,183,156,3187.435,0.25,0.75,0.25,0.0,0.0,0,0,0.0,0.0,0,0,0.0,0.0,0,0,0.0,12749.74,4,1,0.25,0
LGS2ORD0026140,C014732,2025-07-27 00:00:00,Female,54,Bronze,Web,Chonburi,1638,Shopee,COD,0,7,6,1,>50,54.6,2.0,1.0,0.5,117,126,2343.86,0.18,0.5,0.0,0.0,0.0,0,0,0.0,0.0,0,0,0.0,0.0,0,0,0.0,4687.72,2,1,0.5,0
LGS2ORD0026141,C013917,2025-07-27 00:00:00,Female,60,Silver,TV,Bangkok,622,CallCenter,PromptPay,0,7,6,1,>50,20.733333333333334,3.0,2.0,0.6666666666666666,30,11,9935.660000000002,0.25,0.6666666666666666,0.6666666666666666,0.0,0.0,0,0,0.0,20308.74,1,0,0.0,29806.980000000003,3,2,0.6666666666666666,29806.980000000003,3,2,0.6666666666666666,0
LGS2ORD0026142,C011856,2025-07-27 00:00:00,Female,43,Bronze,Web,Khon Kaen,722,CallCenter,COD,0,7,6,1,40-50,24.066666666666666,2.0,1.0,0.5,141,60,2040.4450000000002,0.13,0.5,0.0,0.0,0.0,0,0,0.0,0.0,0,0,0.0,3250.36,1,0,0.0,4080.8900000000003,2,1,0.5,1
LGS2ORD0026143,C016920,2025-07-27 01:00:00,Male,55,Silver,Shopee,Chonburi,599,Web,COD,1,7,6,1,>50,19.966666666666665,3.0,0.0,0.0,-1,55,14097.33,0.25,0.0,0.3333333333333333,0.0,0.0,0,0,0.0,0.0,0,0,0.0,42291.99,3,0,0.0,42291.99,3,0,0.0,1
LGS2ORD0026144,C016965,2025-07-27 01:00:00,Female,50,Silver,TV,Chiang Mai,246,CallCenter,PromptPay,1,7,6,1,40-50,8.2,6.0,2.0,0.3333333333333333,-5,9,7317.383333333334,0.2,0.8333333333333334,0.0,0.0,0.0,0,0,0.0,17793.35,2,1,0.5,27386.78,3,1,0.3333333333333333,43904.3,6,2,0.3333333333333333,0
LGS2ORD0026145,C013451,2025-07-27 01:00:00,Female,47,Bronze,Lazada,Phuket,791,Shopee,COD,1,7,6,1,40-50,26.366666666666667,4.0,2.0,0.5,96,107,2444.9775,0.18,0.75,0.0,0.0,0.0,0,0,0.0,0.0,0,0,0.0,0.0,0,0,0.0,9779.91,4,2,0.5,1
LGS2ORD0026146,C014156,2025-07-27 01:00:00,Male,42,Bronze,Web,Chonburi,1336,CallCenter,Credit_Card,1,7,6,1,40-50,44.53333333333333,5.0,1.0,0.2,151,112,1616.9,0.28,0.6,0.4,0.0,0.0,0,0,0.0,0.0,0,0,0.0,0.0,0,0,0.0,8084.5,5,1,0.2,0
LGS2ORD0026147,C012426,2025-07-27 01:00:00,Female,53,Bronze,TV,Chonburi,352,Lazada,COD,1,7,6,1,>50,11.733333333333333,7.0,2.0,0.2857142857142857,117,8,3487.1271428571426,0.28,0.7142857142857143,0.14285714285714285,0.0,0.0,0,0,0.0,4063.52,2,0,0.0,15871.029999999999,5,0,0.0,24409.89,7,2,0.2857142857142857,0
LGS2ORD0026148,C011988,2025-07-27 02:00:00,Male,52,Gold,Lazada,Chonburi,672,TV_Show,Bank_Transfer,2,7,6,1,>50,22.4,0.0,0.0,0.0,-1,-1,0.0,0.0,0.0,0.0,0.0,0.0,0,0,0.0,0.0,0,0,0.0,0.0,0,0,0.0,0.0,0,0,0.0,0
LGS2ORD0026149,C011728,2025-07-27 02:00:00,Male,65,Bronze,Shopee,Bangkok,666,Shopee,Credit_Card,2,7,6,1,>50,22.2,7.0,1.0,0.14285714285714285,105,8,5226.572857142856,0.28,0.42857142857142855,0.14285714285714285,0.0,0.0,0,0,0.0,15143.13,1,0,0.0,29865.28,5,0,0.0,36586.009999999995,7,1,0.14285714285714285,1
LGS2ORD0026150,C012005,2025-07-27 02:00:00,Male,71,Gold,TV,Nakhon Ratchasima,1507,Shopee,COD,2,7,6,1,>50,50.233333333333334,7.0,0.0,0.0,-1,47,3721.1414285714295,0.33,0.42857142857142855,0.5714285714285714,0.0,0.0,0,0,0.0,0.0,0,0,0.0,14545.4,5,0,0.0,26047.990000000005,7,0,0.0,0
LGS2ORD0026151,C012318,2025-07-27 02:00:00,Male,72,Bronze,TV,Chiang Mai,1321,CallCenter,Credit_Card,2,7,6,1,>50,44.03333333333333,3.0,1.0,0.3333333333333333,74,84,5462.64,0.18,0.6666666666666666,0.0,0.0,0.0,0,0,0.0,0.0,0,0,0.0,5293.72,1,1,1.0,16387.920000000002,3,1,0.3333333333333333,0
LGS2ORD0026152,C010362,2025-07-27 02:00:00,Male,45,Bronze,Shopee,Remote_Area,854,Lazada,Bank_Transfer,2,7,6,1,40-50,28.466666666666665,7.0,2.0,0.2857142857142857,87,11,2968.662857142857,0.23,0.7142857142857143,0.42857142857142855,0.0,0.0,0,0,0.0,912.14,1,0,0.0,912.14,1,0,0.0,20780.64,7,2,0.2857142857142857,1
LGS2ORD0026153,C014979,2025-07-27 03:00:00,Female,59,Bronze,TV,Chiang Mai,1442,CallCenter,Credit_Card,3,7,6,1,>50,48.06666666666667,6.0,1.0,0.16666666666666666,46,20,2679.8316666666665,0.28,0.5,0.3333333333333333,0.0,0.0,0,0,0.0,2859.59,1,0,0.0,7763.07,3,1,0.3333333333333333,16078.99,6,1,0.16666666666666666,0
LGS2ORD0026154,C014895,2025-07-27 03:00:00,Male,58,Bronze,Web,Songkhla,316,Shopee,COD,3,7,6,1,>50,10.533333333333333,0.0,0.0,0.0,-1,-1,0.0,0.0,0.0,0.0,0.0,0.0,0,0,0.0,0.0,0,0,0.0,0.0,0,0,0.0,0.0,0,0,0.0,1
LGS2ORD0026155,C017404,2025-07-27 03:00:00,Female,37,Gold,Web,Bangkok,787,Web,PromptPay,3,7,6,1,30-40,26.233333333333334,2.0,0.0,0.0,-1,75,1018.0550000000001,0.28,1.0,1.0,0.0,0.0,0,0,0.0,0.0,0,0,0.0,1080.89,1,0,0.0,2036.1100000000001,2,0,0.0,1
LGS2ORD0026156,C010529,2025-07-27 03:00:00,Female,50,Bronze,CallCenter,Bangkok,1565,CallCenter,COD,3,7,6,1,40-50,52.166666666666664,2.0,0.0,0.0,-1,19,7043.34,0.13,0.0,0.0,0.0,0.0,0,0,0.0,10567.31,1,0,0.0,10567.31,1,0,0.0,14086.68,2,0,0.0,0
LGS2ORD0026157,C010566,2025-07-27 03:00:00,Male,32,Bronze,TV,Chiang Mai,456,Lazada,COD,3,7,6,1,30-40,15.2,1.0,0.0,0.0,-1,200,7198.53,0.03,1.0,0.0,0.0,0.0,0,0,0.0,0.0,0,0,0.0,0.0,0,0,0.0,7198.53,1,0,0.0,1
LGS2ORD0026158,C014971,2025-07-27 03:00:00,Female,18,Bronze,TV,Bangkok,406,TV_Show,Credit_Card,3,7,6,1,<20,13.533333333333333,3.0,0.0,0.0,-1,4,4164.206666666666,0.28,0.6666666666666666,0.3333333333333333,0.0,1507.83,1,0,0.0,1507.83,1,0,0.0,11408.48,2,0,0.0,12492.619999999999,3,0,0.0,0
LGS2ORD0026159,C016177,2025-07-27 04:00:00,Female,59,Gold,CallCenter,Chonburi,1365,TV_Show,Credit_Card,4,7,6,1,>50,45.5,4.0,0.0,0.0,-1,159,1695.7625,0.28,0.5,0.5,0.0,0.0,0,0,0.0,0.0,0,0,0.0,0.0,0,0,0.0,6783.05,4,0,0.0,1
LGS2ORD0026160,C012441,2025-07-27 04:00:00,Female,56,Bronze,Web,Songkhla,320,Lazada,PromptPay,4,7,6,1,>50,10.666666666666666,4.0,1.0,0.25,65,7,2238.0699999999997,0.28,0.5,0.25,0.0,0.0,0,0,0.0,2916.72,1,0,0.0,6707.35,2,1,0.5,8952.279999999999,4,1,0.25,1
LGS2ORD0026161,C012882,2025-07-27 04:00:00,Male,57,Silver,Shopee,Chiang Mai,244,Web,Credit_Card,4,7,6,1,>50,8.133333333333333,4.0,0.0,0.0,-1,30,6045.2025,0.3,0.25,0.25,0.0,0.0,0,0,0.0,4863.02,1,0,0.0,6799.990000000001,2,0,0.0,24180.81,4,0,0.0,0
LGS2ORD0026162,C015453,2025-07-27 04:00:00,Female,22,Gold,Web,Phuket,669,Shopee,PromptPay,4,7,6,1,20-30,22.3,4.0,2.0,0.5,13,26,2419.1275,0.2299999999999999,0.25,0.5,0.0,0.0,0,0,0.0,4176.81,1,1,1.0,5046.97,2,2,1.0,9676.51,4,2,0.5,0
LGS2ORD0026163,C010741,2025-07-27 04:00:00,Male,24,Gold,TV,Phuket,1422,Web,COD,4,7,6,1,20-30,47.4,9.0,4.0,0.4444444444444444,-7,1,6290.856666666666,0.33,0.2222222222222222,0.3333333333333333,0.0,6403.42,1,1,1.0,28177.739999999998,4,1,0.25,49951.03999999999,7,3,0.42857142857142855,56617.70999999999,9,4,0.4444444444444444,0
LGS2ORD0026164,C010274,2025-07-27 05:00:00,Male,40,Silver,Lazada,Bangkok,285,TV_Show,COD,5,7,6,1,30-40,9.5,3.0,0.0,0.0,-1,50,1166.8,0.25,0.3333333333333333,0.3333333333333333,0.0,0.0,0,0,0.0,0.0,0,0,0.0,3002.79,2,0,0.0,3500.4,3,0,0.0,0
LGS2ORD0026165,C010788,2025-07-27 05:00:00,Male,35,Gold,Shopee,Bangkok,1027,Lazada,PromptPay,5,7,6,1,30-40,34.233333333333334,3.0,1.0,0.3333333333333333,189,7,6707.7266666666665,0.18,0.0,0.0,0.0,0.0,0,0,0.0,11568.7,1,0,0.0,11568.7,1,0,0.0,20123.18,3,1,0.3333333333333333,0
LGS2ORD0026166,C013320,2025-07-27 05:00:00,Male,50,Silver,CallCenter,Remote_Area,1010,TV_Show,COD,5,7,6,1,40-50,33.666666666666664,6.0,2.0,0.3333333333333333,130,7,3327.513333333334,0.3,0.5,0.3333333333333333,0.0,0.0,0,0,0.0,9513.34,2,0,0.0,11303.9,3,0,0.0,19965.08,6,2,0.3333333333333333,1
LGS2ORD0026167,C014045,2025-07-27 05:00:00,Male,63,Gold,Lazada,Chonburi,1021,CallCenter,Credit_Card,5,7,6,1,>50,34.03333333333333,2.0,0.0,0.0,-1,104,2371.725,0.33,0.0,0.5,0.0,0.0,0,0,0.0,0.0,0,0,0.0,0.0,0,0,0.0,4743.45,2,0,0.0,0
LGS2ORD0026168,C010437,2025-07-27 05:00:00,Female,29,Silver,Web,Bangkok,843,TV_Show,COD,5,7,6,1,20-30,28.1,1.0,0.0,0.0,-1,37,16968.12,0.3,0.0,1.0,0.0,0.0,0,0,0.0,0.0,0,0,0.0,16968.12,1,0,0.0,16968.12,1,0,0.0,1
LGS2ORD0026169,C015384,2025-07-27 06:00:00,Male,34,Silver,CallCenter,Chonburi,869,Lazada,Bank_Transfer,6,7,6,1,30-40,28.966666666666665,4.0,2.0,0.5,79,96,6015.695000000001,0.1,0.75,0.0,0.0,0.0,0,0,0.0,0.0,0,0,0.0,0.0,0,0,0.0,24062.780000000002,4,2,0.5,0
LGS2ORD0026170,C011156,2025-07-27 06:00:00,Male,46,Platinum,TV,Songkhla,593,Lazada,Credit_Card,6,7,6,1,40-50,19.766666666666666,3.0,1.0,0.3333333333333333,4,16,5194.366666666668,0.35,0.0,0.3333333333333333,0.0,0.0,0,0,0.0,5970.47,1,1,1.0,6700.66,2,1,0.5,15583.100000000002,3,1,0.3333333333333333,1
LGS2ORD0026171,C013870,2025-07-27 06:00:00,Male,38,Bronze,Web,Phuket,332,Lazada,PromptPay,6,7,6,1,30-40,11.066666666666666,0.0,0.0,0.0,-1,-1,0.0,0.0,0.0,0.0,0.0,0.0,0,0,0.0,0.0,0,0,0.0,0.0,0,0,0.0,0.0,0,0,0.0,0
LGS2ORD0026172,C013963,2025-07-27 06:00:00,Female,32,Silver,Web,Chiang Mai,805,TV_Show,COD,6,7,6,1,30-40,26.833333333333332,0.0,0.0,0.0,-1,-1,0.0,0.0,0.0,0.0,0.0,0.0,0,0,0.0,0.0,0,0,0.0,0.0,0,0,0.0,0.0,0,0,0.0,1
LGS2ORD0026173,C012992,2025-07-27 06:00:00,Male,45,Bronze,CallCenter,Songkhla,509,Lazada,Bank_Transfer,6,7,6,1,40-50,16.966666666666665,1.0,0.0,0.0,-1,113,1061.26,0.18,0.0,0.0,0.0,0.0,0,0,0.0,0.0,0,0,0.0,0.0,0,0,0.0,1061.26,1,0,0.0,0
LGS2ORD0026174,C013227,2025-07-27 07:00:00,Male,48,Silver,CallCenter,Chiang Mai,1403,TV_Show,COD,7,7,6,1,40-50,46.766666666666666,2.0,0.0,0.0,-1,86,8147.905000000001,0.05,0.0,0.0,0.0,0.0,0,0,0.0,0.0,0,0,0.0,4953.44,1,0,0.0,16295.810000000001,2,0,0.0,0
LGS2ORD0026175,C012166,2025-07-27 07:00:00,Female,64,Bronze,TV,Remote_Area,1445,Web,Bank_Transfer,7,7,6,1,>50,48.166666666666664,5.0,3.0,0.6,23,21,7873.9079999999985,0.23,0.8,0.2,0.0,0.0,0,0,0.0,7928.34,1,0,0.0,9497.52,2,1,0.5,39369.53999999999,5,3,0.6,0
LGS2ORD0026176,C010406,2025-07-27 07:00:00,Male,49,Platinum,CallCenter,Phuket,250,TV_Show,COD,7,7,6,1,40-50,8.333333333333334,4.0,2.0,0.5,119,8,6580.0975,0.25,1.0,0.25,0.0,0.0,0,0,0.0,772.21,1,0,0.0,9314.060000000001,2,0,0.0,26320.39,4,2,0.5,1
LGS2ORD0026177,C013641,2025-07-27 07:00:00,Female,18,Silver,Lazada,Chonburi,457,Shopee,Credit_Card,7,7,6,1,<20,15.233333333333333,4.0,1.0,0.25,12,24,4895.7525,0.1,0.5,0.0,0.0,0.0,0,0,0.0,1967.77,1,1,1.0,10904.300000000001,3,1,0.3333333333333333,19583.01,4,1,0.25,1
LGS2ORD0026178,C014794,2025-07-27 07:00:00,Male,66,Bronze,CallCenter,Chiang Mai,1626,Web,COD,7,7,6,1,>50,54.2,6.0,2.0,0.3333333333333333,49,47,3860.5916666666667,0.23,0.6666666666666666,0.3333333333333333,0.0,0.0,0,0,0.0,0.0,0,0,0.0,23163.55,6,2,0.3333333333333333,23163.55,6,2,0.3333333333333333,0
LGS2ORD0026179,C014686,2025-07-27 07:00:00,Female,42,Silver,Web,Khon Kaen,1089,TV_Show,COD,7,7,6,1,40-50,36.3,4.0,0.0,0.0,-1,4,8373.214999999998,0.1,0.25,0.0,0.0,584.06,1,0,0.0,584.06,1,0,0.0,28341.25,2,0,0.0,33492.85999999999,4,0,0.0,1
LGS2ORD0026180,C014746,2025-07-27 08:00:00,Male,39,Bronze,TV,Khon Kaen,614,TV_Show,COD,8,7,6,1,30-40,20.466666666666665,1.0,1.0,1.0,85,93,2344.11,0.03,1.0,0.0,0.0,0.0,0,0,0.0,0.0,0,0,0.0,0.0,0,0,0.0,2344.11,1,1,1.0,0
LGS2ORD0026181,C015963,2025-07-27 08:00:00,Male,39,Gold,Web,Chiang Mai,554,Web,COD,8,7,6,1,30-40,18.466666666666665,2.0,1.0,0.5,65,75,4477.21,0.2299999999999999,0.5,0.5,0.0,0.0,0,0,0.0,0.0,0,0,0.0,3245.94,1,1,1.0,8954.42,2,1,0.5,1
LGS2ORD0026182,C012314,2025-07-27 08:00:00,Female,43,Bronze,TV,Chiang Mai,906,Web,COD,8,7,6,1,40-50,30.2,1.0,0.0,0.0,-1,185,6493.23,0.23,1.0,1.0,0.0,0.0,0,0,0.0,0.0,0,0,0.0,0.0,0,0,0.0,6493.23,1,0,0.0,0
LGS2ORD0026183,C011485,2025-07-27 08:00:00,Male,37,Gold,Lazada,Nakhon Ratchasima,607,Web,PromptPay,8,7,6,1,30-40,20.233333333333334,5.0,0.0,0.0,-1,48,2733.6,0.28,0.2,0.4,0.0,0.0,0,0,0.0,0.0,0,0,0.0,3216.77,1,0,0.0,13668.0,5,0,0.0,0
LGS2ORD0026184,C017819,2025-07-27 08:00:00,Female,44,Bronze,Shopee,Bangkok,1120,TV_Show,COD,8,7,6,1,40-50,37.333333333333336,2.0,0.0,0.0,-1,107,3427.16,0.23,0.0,0.5,0.0,0.0,0,0,0.0,0.0,0,0,0.0,0.0,0,0,0.0,6854.32,2,0,0.0,0
LGS2ORD0026185,C011398,2025-07-27 09:00:00,Female,47,Bronze,Web,Chiang Mai,1139,Lazada,COD,9,7,6,1,40-50,37.96666666666667,2.0,0.0,0.0,-1,35,2778.26,0.08,0.5,0.0,0.0,0.0,0,0,0.0,0.0,0,0,0.0,4105.37,1,0,0.0,5556.52,2,0,0.0,1
LGS2ORD0026186,C014745,2025-07-27 09:00:00,Female,30,Silver,TV,Chiang Mai,1331,Web,COD,9,7,6,1,20-30,44.36666666666667,2.0,1.0,0.5,170,134,3931.34,0.25,1.0,0.5,0.0,0.0,0,0,0.0,0.0,0,0,0.0,0.0,0,0,0.0,7862.68,2,1,0.5,0
LGS2ORD0026187,C014184,2025-07-27 09:00:00,Female,43,Bronze,TV,Chiang Mai,350,Lazada,COD,9,7,6,1,40-50,11.666666666666666,2.0,0.0,0.0,-1,29,6760.01,0.08,0.0,0.0,0.0,0.0,0,0,0.0,9522.66,1,0,0.0,9522.66,1,0,0.0,13520.02,2,0,0.0,0
LGS2ORD0026188,C010767,2025-07-27 09:00:00,Male,27,Bronze,CallCenter,Chonburi,596,TV_Show,COD,9,7,6,1,20-30,19.866666666666667,4.0,0.0,0.0,-1,25,2585.4150000000004,0.18,0.25,0.0,0.0,0.0,0,0,0.0,1122.42,1,0,0.0,5374.4400000000005,2,0,0.0,10341.660000000002,4,0,0.0,1
LGS2ORD0026189,C016998,2025-07-27 09:00:00,Female,53,Platinum,Web,Bangkok,634,CallCenter,PromptPay,9,7,6,1,>50,21.133333333333333,3.0,0.0,0.0,-1,13,7275.099999999999,0.25,0.3333333333333333,0.3333333333333333,0.0,0.0,0,0,0.0,500.28,1,0,0.0,5557.19,2,0,0.0,21825.3,3,0,0.0,0
LGS2ORD0026190,C010061,2025-07-27 10:00:00,Female,52,Bronze,TV,Songkhla,325,Shopee,Credit_Card,10,7,6,1,>50,10.833333333333334,0.0,0.0,0.0,-1,-1,0.0,0.0,0.0,0.0,0.0,0.0,0,0,0.0,0.0,0,0,0.0,0.0,0,0,0.0,0.0,0,0,0.0,0
LGS2ORD0026191,C017083,2025-07-27 10:00:00,Male,31,Bronze,Web,Chiang Mai,1194,TV_Show,Bank_Transfer,10,7,6,1,30-40,39.8,6.0,2.0,0.3333333333333333,2,13,2556.2549999999997,0.28,0.6666666666666666,0.5,0.0,0.0,0,0,0.0,3238.99,1,1,1.0,3238.99,1,1,1.0,15337.529999999999,6,2,0.3333333333333333,0
LGS2ORD0026192,C014307,2025-07-27 10:00:00,Female,51,Bronze,Lazada,Songkhla,448,Web,COD,10,7,6,1,>50,14.933333333333334,3.0,0.0,0.0,-1,21,3462.5633333333335,0.28,0.3333333333333333,0.3333333333333333,0.0,0.0,0,0,0.0,3437.87,1,0,0.0,3437.87,1,0,0.0,10387.69,3,0,0.0,0
LGS2ORD0026193,C010692,2025-07-27 10:00:00,Female,35,Bronze,TV,Phuket,1123,Lazada,Credit_Card,10,7,6,1,30-40,37.43333333333333,3.0,0.0,0.0,-1,24,4977.173333333333,0.18,0.3333333333333333,0.0,0.0,0.0,0,0,0.0,2956.14,1,0,0.0,6699.59,2,0,0.0,14931.52,3,0,0.0,1
LGS2ORD0026194,C010895,2025-07-27 10:00:00,Female,37,Bronze,Lazada,Chonburi,1034,Web,COD,10,7,6,1,30-40,34.46666666666667,4.0,0.0,0.0,-1,7,4249.2425,0.13,0.75,0.0,0.0,0.0,0,0,0.0,4233.97,1,0,0.0,4233.97,1,0,0.0,16996.97,4,0,0.0,1
LGS2ORD0026195,C014940,2025-07-27 11:00:00,Female,40,Gold,Web,Nakhon Ratchasima,1447,TV_Show,Credit_Card,11,7,6,1,30-40,48.233333333333334,2.0,0.0,0.0,-1,26,916.94,0.33,0.0,1.0,0.0,0.0,0,0,0.0,307.91,1,0,0.0,307.91,1,0,0.0,1833.88,2,0,0.0,0
LGS2ORD0026196,C015138,2025-07-27 11:00:00,Female,43,Gold,Shopee,Bangkok,1121,Shopee,COD,11,7,6,1,40-50,37.36666666666667,0.0,0.0,0.0,-1,-1,0.0,0.0,0.0,0.0,0.0,0.0,0,0,0.0,0.0,0,0,0.0,0.0,0,0,0.0,0.0,0,0,0.0,0
LGS2ORD0026197,C014323,2025-07-27 11:00:00,Male,34,Silver,TV,Nakhon Ratchasima,1335,TV_Show,Credit_Card,11,7,6,1,30-40,44.5,2.0,0.0,0.0,-1,90,1400.905,0.2,0.5,0.0,0.0,0.0,0,0,0.0,0.0,0,0,0.0,0.0,0,0,0.0,2801.81,2,0,0.0,0
LGS2ORD0026198,C012015,2025-07-27 11:00:00,Male,57,Bronze,CallCenter,Phuket,1246,Shopee,COD,11,7,6,1,>50,41.53333333333333,6.0,3.0,0.5,8,16,4761.515,0.28,0.8333333333333334,0.3333333333333333,0.0,0.0,0,0,0.0,4591.67,1,1,1.0,6402.71,2,1,0.5,28569.090000000004,6,3,0.5,0
LGS2ORD0026199,C011195,2025-07-27 11:00:00,Female,39,Bronze,Lazada,Phuket,868,TV_Show,PromptPay,11,7,6,1,30-40,28.933333333333334,4.0,2.0,0.5,8,20,8171.57,0.18,0.75,0.0,0.0,0.0,0,0,0.0,18313.45,2,1,0.5,18313.45,2,1,0.5,32686.28,4,2,0.5,1
LGS2ORD0026200,C013529,2025-07-27 11:00:00,Male,29,Bronze,CallCenter,Bangkok,940,Web,Credit_Card,11,7,6,1,20-30,31.333333333333332,5.0,0.0,0.0,-1,21,4161.51,0.28,1.0,0.4,0.0,0.0,0,0,0.0,5503.0,1,0,0.0,5503.0,1,0,0.0,20807.550000000003,5,0,0.0,0
LGS2ORD0026201,C011295,2025-07-27 12:00:00,Female,44,Silver,Lazada,Bangkok,520,TV_Show,COD,12,7,6,1,40-50,17.333333333333332,3.0,0.0,0.0,-1,111,2716.556666666667,0.25,0.0,0.6666666666666666,0.0,0.0,0,0,0.0,0.0,0,0,0.0,0.0,0,0,0.0,8149.67,3,0,0.0,0
LGS2ORD0026202,C012031,2025-07-27 12:00:00,Female,27,Silver,Web,Khon Kaen,1023,Shopee,PromptPay,12,7,6,1,20-30,34.1,5.0,0.0,0.0,-1,30,1903.3919999999998,0.25,0.8,0.2,0.0,0.0,0,0,0.0,0.0,0,0,0.0,2045.66,1,0,0.0,9516.96,5,0,0.0,1
LGS2ORD0026203,C012292,2025-07-27 12:00:00,Female,37,Gold,TV,Nakhon Ratchasima,1458,Lazada,PromptPay,12,7,6,1,30-40,48.6,4.0,2.0,0.5,109,119,7124.115,0.33,0.75,0.25,0.0,0.0,0,0,0.0,0.0,0,0,0.0,0.0,0,0,0.0,28496.46,4,2,0.5,1
LGS2ORD0026204,C014938,2025-07-27 12:00:00,Male,47,Silver,Lazada,Chonburi,803,CallCenter,Bank_Transfer,12,7,6,1,40-50,26.766666666666666,2.0,0.0,0.0,-1,119,3357.7799999999997,0.2,1.0,0.0,0.0,0.0,0,0,0.0,0.0,0,0,0.0,0.0,0,0,0.0,6715.5599999999995,2,0,0.0,0
LGS2ORD0026205,C014117,2025-07-27 12:00:00,Male,28,Silver,Shopee,Remote_Area,978,Web,Bank_Transfer,12,7,6,1,20-30,32.6,4.0,2.0,0.5,77,87,2898.1625,0.1,0.75,0.0,0.0,0.0,0,0,0.0,0.0,0,0,0.0,3237.52,1,1,1.0,11592.65,4,2,0.5,0
LGS2ORD0026206,C010792,2025-07-27 13:00:00,Female,31,Gold,Shopee,Chonburi,1594,CallCenter,COD,13,7,6,1,30-40,53.13333333333333,2.0,0.0,0.0,-1,130,6518.155000000001,0.18,0.0,0.0,0.0,0.0,0,0,0.0,0.0,0,0,0.0,0.0,0,0,0.0,13036.310000000001,2,0,0.0,0
LGS2ORD0026207,C010739,2025-07-27 13:00:00,Male,34,Bronze,CallCenter,Bangkok,443,Shopee,Credit_Card,13,7,6,1,30-40,14.766666666666667,4.0,1.0,0.25,38,3,3983.6575000000003,0.23,0.5,0.25,0.0,2158.61,1,0,0.0,5413.54,2,0,0.0,11189.02,3,1,0.3333333333333333,15934.630000000001,4,1,0.25,0
LGS2ORD0026208,C017062,2025-07-27 13:00:00,Female,18,Gold,CallCenter,Nakhon Ratchasima,1187,TV_Show,PromptPay,13,7,6,1,<20,39.56666666666667,1.0,0.0,0.0,-1,147,1261.3,0.08,1.0,0.0,0.0,0.0,0,0,0.0,0.0,0,0,0.0,0.0,0,0,0.0,1261.3,1,0,0.0,0
LGS2ORD0026209,C014801,2025-07-27 13:00:00,Female,54,Silver,Shopee,Chiang Mai,1311,Web,Credit_Card,13,7,6,1,>50,43.7,3.0,1.0,0.3333333333333333,95,21,5996.453333333334,0.2,1.0,0.0,0.0,0.0,0,0,0.0,2940.26,1,0,0.0,2940.26,1,0,0.0,17989.36,3,1,0.3333333333333333,0
LGS2ORD0026210,C011791,2025-07-27 13:00:00,Male,55,Bronze,Lazada,Chiang Mai,501,TV_Show,PromptPay,13,7,6,1,>50,16.7,4.0,0.0,0.0,-1,8,6488.179999999999,0.18,0.75,0.0,0.0,0.0,0,0,0.0,5946.77,2,0,0.0,5946.77,2,0,0.0,25952.719999999998,4,0,0.0,0
LGS2ORD0026211,C016070,2025-07-27 14:00:00,Male,43,Bronze,Shopee,Bangkok,1451,TV_Show,COD,14,7,6,1,40-50,48.36666666666667,6.0,1.0,0.16666666666666666,96,94,7617.466666666666,0.23,0.5,0.16666666666666666,0.0,0.0,0,0,0.0,0.0,0,0,0.0,0.0,0,0,0.0,45704.799999999996,6,1,0.16666666666666666,1
LGS2ORD0026212,C017514,2025-07-27 14:00:00,Female,44,Gold,Lazada,Bangkok,371,Lazada,COD,14,7,6,1,40-50,12.366666666666667,1.0,0.0,0.0,-1,30,9393.38,0.18,1.0,0.0,0.0,0.0,0,0,0.0,0.0,0,0,0.0,9393.38,1,0,0.0,9393.38,1,0,0.0,1
LGS2ORD0026213,C011569,2025-07-27 14:00:00,Male,34,Bronze,TV,Remote_Area,734,Shopee,COD,14,7,6,1,30-40,24.466666666666665,4.0,2.0,0.5,62,71,3576.1125,0.28,0.75,0.25,0.0,0.0,0,0,0.0,0.0,0,0,0.0,11524.380000000001,2,1,0.5,14304.45,4,2,0.5,0
LGS2ORD0026214,C014541,2025-07-27 14:00:00,Female,48,Bronze,Lazada,Phuket,853,Web,COD,14,7,6,1,40-50,28.433333333333334,3.0,0.0,0.0,-1,110,2590.1633333333334,0.23,0.6666666666666666,1.0,0.0,0.0,0,0,0.0,0.0,0,0,0.0,0.0,0,0,0.0,7770.49,3,0,0.0,1
LGS2ORD0026215,C017631,2025-07-27 14:00:00,Female,30,Bronze,Lazada,Chiang Mai,1374,Lazada,COD,14,7,6,1,20-30,45.8,1.0,0.0,0.0,-1,41,12666.15,0.13,1.0,0.0,0.0,0.0,0,0,0.0,0.0,0,0,0.0,12666.15,1,0,0.0,12666.15,1,0,0.0,0
LGS2ORD0026216,C012457,2025-07-27 15:00:00,Female,32,Platinum,Lazada,Bangkok,885,TV_Show,Credit_Card,15,7,6,1,30-40,29.5,3.0,0.0,0.0,-1,13,7613.436666666666,0.3,0.0,0.6666666666666666,0.0,0.0,0,0,0.0,17074.44,2,0,0.0,17074.44,2,0,0.0,22840.309999999998,3,0,0.0,0
LGS2ORD0026217,C012427,2025-07-27 15:00:00,Female,57,Bronze,Shopee,Songkhla,221,Lazada,COD,15,7,6,1,>50,7.366666666666666,4.0,0.0,0.0,-1,4,8680.880000000001,0.28,0.25,0.5,0.0,5867.89,1,0,0.0,25785.29,2,0,0.0,25785.29,2,0,0.0,34723.520000000004,4,0,0.0,1
LGS2ORD0026218,C016292,2025-07-27 15:00:00,Male,35,Bronze,TV,Remote_Area,368,Lazada,PromptPay,15,7,6,1,30-40,12.266666666666667,4.0,0.0,0.0,-1,1,4709.8,0.18,0.25,0.0,0.0,12690.47,1,0,0.0,12690.47,1,0,0.0,12690.47,1,0,0.0,18839.2,4,0,0.0,1
LGS2ORD0026219,C015127,2025-07-27 15:00:00,Male,31,Bronze,Lazada,Chonburi,1553,Lazada,COD,15,7,6,1,30-40,51.766666666666666,4.0,2.0,0.5,-10,2,6232.945000000001,0.28,1.0,0.5,0.0,2816.27,1,1,1.0,2816.27,1,1,1.0,2816.27,1,1,1.0,24931.780000000002,4,2,0.5,0
LGS2ORD0026220,C013582,2025-07-27 15:00:00,Male,52,Gold,TV,Remote_Area,1426,TV_Show,PromptPay,15,7,6,1,>50,47.53333333333333,1.0,0.0,0.0,-1,181,2400.6,0.13,1.0,0.0,0.0,0.0,0,0,0.0,0.0,0,0,0.0,0.0,0,0,0.0,2400.6,1,0,0.0,1
LGS2ORD0026221,C017320,2025-07-27 15:00:00,Male,52,Silver,Web,Bangkok,1060,Lazada,Credit_Card,15,7,6,1,>50,35.333333333333336,3.0,0.0,0.0,-1,45,8994.743333333334,0.25,0.3333333333333333,0.3333333333333333,0.0,0.0,0,0,0.0,0.0,0,0,0.0,1415.87,1,0,0.0,26984.23,3,0,0.0,0
LGS2ORD0026222,C011293,2025-07-27 16:00:00,Female,47,Gold,Lazada,Bangkok,1537,TV_Show,Bank_Transfer,16,7,6,1,40-50,51.233333333333334,4.0,2.0,0.5,2,15,2435.8475,0.28,0.25,0.5,0.0,0.0,0,0,0.0,3533.15,1,1,1.0,3533.15,1,1,1.0,9743.39,4,2,0.5,1
LGS2ORD0026223,C011877,2025-07-27 16:00:00,Female,39,Silver,Web,Chiang Mai,420,Web,PromptPay,16,7,6,1,30-40,14.0,3.0,1.0,0.3333333333333333,86,1,4689.993333333333,0.25,0.3333333333333333,0.3333333333333333,0.0,8655.33,1,0,0.0,8655.33,1,0,0.0,8655.33,1,0,0.0,14069.98,3,1,0.3333333333333333,1
LGS2ORD0026224,C016475,2025-07-27 16:00:00,Other,35,Platinum,Web,Khon Kaen,1322,Web,Credit_Card,16,7,6,1,30-40,44.06666666666667,5.0,0.0,0.0,-1,33,4926.9400000000005,0.35,0.4,0.2,0.0,0.0,0,0,0.0,0.0,0,0,0.0,16328.980000000001,4,0,0.0,24634.7,5,0,0.0,1
LGS2ORD0026225,C012484,2025-07-27 16:00:00,Male,52,Silver,CallCenter,Phuket,427,Web,Credit_Card,16,7,6,1,>50,14.233333333333333,2.0,1.0,0.5,74,21,7504.595,0.2,0.5,0.0,0.0,0.0,0,0,0.0,12336.12,1,0,0.0,15009.19,2,1,0.5,15009.19,2,1,0.5,0
LGS2ORD0026226,C016571,2025-07-27 16:00:00,Female,47,Silver,Lazada,Nakhon Ratchasima,1613,Web,PromptPay,16,7,6,1,40-50,53.766666666666666,2.0,1.0,0.5,47,63,5687.585,0.2,1.0,0.0,0.0,0.0,0,0,0.0,0.0,0,0,0.0,1554.94,1,1,1.0,11375.17,2,1,0.5,1
LGS2ORD0026227,C014015,2025-07-27 17:00:00,Female,57,Bronze,TV,Remote_Area,1357,Lazada,Bank_Transfer,17,7,6,1,>50,45.233333333333334,3.0,0.0,0.0,-1,122,4813.466666666667,0.23,0.3333333333333333,0.3333333333333333,0.0,0.0,0,0,0.0,0.0,0,0,0.0,0.0,0,0,0.0,14440.400000000001,3,0,0.0,0
LGS2ORD0026228,C012749,2025-07-27 17:00:00,Male,51,Silver,Shopee,Chonburi,1248,Web,COD,17,7,6,1,>50,41.6,2.0,0.0,0.0,-1,25,842.7,0.25,1.0,0.5,0.0,0.0,0,0,0.0,602.99,1,0,0.0,602.99,1,0,0.0,1685.4,2,0,0.0,0
LGS2ORD0026229,C014107,2025-07-27 17:00:00,Male,42,Platinum,TV,Chiang Mai,612,Shopee,COD,17,7,6,1,40-50,20.4,4.0,2.0,0.5,57,37,7505.99,0.3,0.25,0.75,0.0,0.0,0,0,0.0,0.0,0,0,0.0,30023.96,4,2,0.5,30023.96,4,2,0.5,0
LGS2ORD0026230,C014969,2025-07-27 17:00:00,Female,30,Platinum,Shopee,Bangkok,266,TV_Show,Credit_Card,17,7,6,1,20-30,8.866666666666667,3.0,0.0,0.0,-1,85,7500.7733333333335,0.25,0.0,0.3333333333333333,0.0,0.0,0,0,0.0,0.0,0,0,0.0,5107.27,1,0,0.0,22502.32,3,0,0.0,0
LGS2ORD0026231,C014893,2025-07-27 17:00:00,Female,29,Bronze,Shopee,Phuket,749,TV_Show,Credit_Card,17,7,6,1,20-30,24.966666666666665,6.0,0.0,0.0,-1,32,6565.459999999999,0.28,0.3333333333333333,0.5,0.0,0.0,0,0,0.0,0.0,0,0,0.0,24475.85,3,0,0.0,39392.759999999995,6,0,0.0,0
LGS2ORD0026232,C012707,2025-07-27 18:00:00,Male,41,Gold,TV,Phuket,321,Shopee,Bank_Transfer,18,7,6,1,40-50,10.7,5.0,4.0,0.8,35,36,3903.96,0.33,0.8,0.8,0.0,0.0,0,0,0.0,0.0,0,0,0.0,2858.98,2,1,0.5,19519.8,5,4,0.8,1
LGS2ORD0026233,C017162,2025-07-27 18:00:00,Female,30,Silver,Shopee,Bangkok,606,Web,Credit_Card,18,7,6,1,20-30,20.2,3.0,1.0,0.3333333333333333,9,19,1527.7066666666667,0.25,0.6666666666666666,0.3333333333333333,0.0,0.0,0,0,0.0,2543.3,1,1,1.0,3409.79,2,1,0.5,4583.12,3,1,0.3333333333333333,0
LGS2ORD0026234,C015550,2025-07-27 18:00:00,Female,35,Bronze,Shopee,Chiang Mai,864,Web,Credit_Card,18,7,6,1,30-40,28.8,8.0,1.0,0.125,118,44,5608.03875,0.28,0.125,0.5,0.0,0.0,0,0,0.0,0.0,0,0,0.0,33625.479999999996,3,0,0.0,44864.31,8,1,0.125,0
LGS2ORD0026235,C015525,2025-07-27 18:00:00,Female,32,Silver,Web,Chiang Mai,1659,Shopee,Bank_Transfer,18,7,6,1,30-40,55.3,2.0,2.0,1.0,25,32,2343.415,0.15,0.5,0.0,0.0,0.0,0,0,0.0,0.0,0,0,0.0,4197.4,1,1,1.0,4686.83,2,2,1.0,0
LGS2ORD0026236,C014128,2025-07-27 18:00:00,Male,40,Platinum,CallCenter,Remote_Area,1213,Lazada,Bank_Transfer,18,7,6,1,30-40,40.43333333333333,0.0,0.0,0.0,-1,-1,0.0,0.0,0.0,0.0,0.0,0.0,0,0,0.0,0.0,0,0,0.0,0.0,0,0,0.0,0.0,0,0,0.0,0
LGS2ORD0026237,C013864,2025-07-27 19:00:00,Male,27,Gold,Web,Phuket,317,Shopee,COD,19,7,6,1,20-30,10.566666666666666,8.0,4.0,0.5,4,9,8720.681250000001,0.28,0.5,0.5,0.0,0.0,0,0,0.0,917.4,1,1,1.0,917.4,1,1,1.0,69765.45000000001,8,4,0.5,0
LGS2ORD0026238,C013370,2025-07-27 19:00:00,Female,54,Silver,Shopee,Bangkok,1109,CallCenter,Credit_Card,19,7,6,1,>50,36.96666666666667,6.0,1.0,0.16666666666666666,167,47,3503.4583333333335,0.25,0.8333333333333334,0.16666666666666666,0.0,0.0,0,0,0.0,0.0,0,0,0.0,13924.88,2,0,0.0,21020.75,6,1,0.16666666666666666,0
LGS2ORD0026239,C017805,2025-07-27 19:00:00,Female,31,Bronze,TV,Songkhla,777,Web,Credit_Card,19,7,6,1,30-40,25.9,2.0,0.0,0.0,-1,1,1947.73,0.28,0.0,1.0,0.0,805.98,1,0,0.0,805.98,1,0,0.0,3895.46,2,0,0.0,3895.46,2,0,0.0,0
LGS2ORD0026240,C014167,2025-07-27 19:00:00,Male,28,Bronze,Web,Bangkok,377,TV_Show,Bank_Transfer,19,7,6,1,20-30,12.566666666666666,1.0,1.0,1.0,161,168,5967.94,0.23,1.0,1.0,0.0,0.0,0,0,0.0,0.0,0,0,0.0,0.0,0,0,0.0,5967.94,1,1,1.0,0
LGS2ORD0026241,C017445,2025-07-27 19:00:00,Other,70,Platinum,Web,Chonburi,1336,TV_Show,COD,19,7,6,1,>50,44.53333333333333,5.0,1.0,0.2,41,5,3054.27,0.35,0.0,0.6,0.0,4609.93,1,0,0.0,4609.93,1,0,0.0,8929.73,2,1,0.5,15271.35,5,1,0.2,0
LGS2ORD0026242,C014028,2025-07-27 19:00:00,Female,25,Platinum,CallCenter,Nakhon Ratchasima,1554,Shopee,Credit_Card,19,7,6,1,20-30,51.8,2.0,0.0,0.0,-1,130,1203.285,0.25,1.0,0.5,0.0,0.0,0,0,0.0,0.0,0,0,0.0,0.0,0,0,0.0,2406.57,2,0,0.0,0
LGS2ORD0026243,C010503,2025-07-27 20:00:00,Female,50,Bronze,Lazada,Remote_Area,1123,Shopee,COD,20,7,6,1,40-50,37.43333333333333,5.0,2.0,0.4,74,70,8410.800000000001,0.23,0.8,0.4,0.0,0.0,0,0,0.0,0.0,0,0,0.0,1122.37,2,1,0.5,42054.00000000001,5,2,0.4,0
LGS2ORD0026244,C017882,2025-07-27 20:00:00,Female,46,Bronze,CallCenter,Khon Kaen,387,Web,Credit_Card,20,7,6,1,40-50,12.9,3.0,0.0,0.0,-1,15,4146.366666666667,0.13,0.6666666666666666,0.0,0.0,0.0,0,0,0.0,2824.23,1,0,0.0,2824.23,1,0,0.0,12439.1,3,0,0.0,0
LGS2ORD0026245,C014922,2025-07-27 20:00:00,Female,49,Bronze,Shopee,Chiang Mai,626,Shopee,Credit_Card,20,7,6,1,40-50,20.866666666666667,5.0,0.0,0.0,-1,21,9003.6,0.28,0.4,0.4,0.0,0.0,0,0,0.0,5632.97,1,0,0.0,5632.97,1,0,0.0,45018.0,5,0,0.0,0
LGS2ORD0026246,C010196,2025-07-27 20:00:00,Female,61,Gold,Web,Bangkok,1115,CallCenter,PromptPay,20,7,6,1,>50,37.166666666666664,6.0,2.0,0.3333333333333333,122,2,3173.0083333333337,0.33,0.16666666666666666,0.6666666666666666,0.0,1902.15,1,0,0.0,2956.0600000000004,2,0,0.0,5942.67,3,0,0.0,19038.050000000003,6,2,0.3333333333333333,0
LGS2ORD0026247,C010771,2025-07-27 20:00:00,Other,50,Bronze,Shopee,Chonburi,1548,Web,COD,20,7,6,1,40-50,51.6,7.0,3.0,0.42857142857142855,105,54,6186.610000000001,0.28,0.7142857142857143,0.42857142857142855,0.0,0.0,0,0,0.0,0.0,0,0,0.0,14488.92,1,0,0.0,43306.270000000004,7,3,0.42857142857142855,0
LGS2ORD0026248,C013711,2025-07-27 21:00:00,Female,39,Bronze,TV,Remote_Area,1412,Lazada,Bank_Transfer,21,7,6,1,30-40,47.06666666666667,2.0,0.0,0.0,-1,5,1328.16,0.28,0.0,0.5,0.0,1226.63,1,0,0.0,1226.63,1,0,0.0,1226.63,1,0,0.0,2656.32,2,0,0.0,0
LGS2ORD0026249,C012599,2025-07-27 21:00:00,Female,32,Silver,CallCenter,Bangkok,1207,Web,COD,21,7,6,1,30-40,40.233333333333334,1.0,0.0,0.0,-1,13,4838.54,0.05,1.0,0.0,0.0,0.0,0,0,0.0,4838.54,1,0,0.0,4838.54,1,0,0.0,4838.54,1,0,0.0,0
LGS2ORD0026250,C010625,2025-07-27 21:00:00,Female,25,Platinum,Web,Bangkok,870,Shopee,Credit_Card,21,7,6,1,20-30,29.0,3.0,0.0,0.0,-1,60,6170.063333333334,0.25,0.0,0.3333333333333333,0.0,0.0,0,0,0.0,0.0,0,0,0.0,16703.58,2,0,0.0,18510.190000000002,3,0,0.0,0
LGS2ORD0026251,C011009,2025-07-27 21:00:00,Female,72,Silver,Shopee,Chonburi,1506,TV_Show,Bank_Transfer,21,7,6,1,>50,50.2,4.0,1.0,0.25,89,21,2100.085,0.3,0.5,0.25,0.0,0.0,0,0,0.0,1895.91,1,0,0.0,1895.91,1,0,0.0,8400.34,4,1,0.25,0
LGS2ORD0026252,C013098,2025-07-27 21:00:00,Female,22,Gold,Shopee,Bangkok,684,Shopee,COD,21,7,6,1,20-30,22.8,10.0,1.0,0.1,29,12,4063.3960000000006,0.28,0.7,0.3,0.0,0.0,0,0,0.0,6343.530000000001,2,0,0.0,18233.97,4,1,0.25,40633.96000000001,10,1,0.1,0
LGS2ORD0026253,C017260,2025-07-27 22:00:00,Female,27,Bronze,CallCenter,Bangkok,1142,TV_Show,COD,22,7,6,1,20-30,38.06666666666667,4.0,0.0,0.0,-1,58,2952.6949999999997,0.28,0.25,0.25,0.0,0.0,0,0,0.0,0.0,0,0,0.0,4951.29,1,0,0.0,11810.779999999999,4,0,0.0,1
LGS2ORD0026254,C015520,2025-07-27 22:00:00,Female,52,Bronze,TV,Bangkok,686,TV_Show,COD,22,7,6,1,>50,22.866666666666667,0.0,0.0,0.0,-1,-1,0.0,0.0,0.0,0.0,0.0,0.0,0,0,0.0,0.0,0,0,0.0,0.0,0,0,0.0,0.0,0,0,0.0,0
LGS2ORD0026255,C016549,2025-07-27 22:00:00,Female,34,Platinum,Shopee,Bangkok,222,Web,COD,22,7,6,1,30-40,7.4,2.0,1.0,0.5,179,16,1812.02,0.25,0.5,0.5,0.0,0.0,0,0,0.0,1665.09,1,0,0.0,1665.09,1,0,0.0,3624.04,2,1,0.5,0
LGS2ORD0026256,C015321,2025-07-27 22:00:00,Female,18,Silver,TV,Songkhla,1349,Shopee,COD,22,7,6,1,<20,44.96666666666667,4.0,2.0,0.5,-1,4,6365.3775,0.25,0.5,0.5,0.0,1602.49,1,1,1.0,1602.49,1,1,1.0,4249.16,2,1,0.5,25461.51,4,2,0.5,0
LGS2ORD0026257,C013497,2025-07-27 22:00:00,Male,36,Bronze,Shopee,Chiang Mai,234,Shopee,COD,22,7,6,1,30-40,7.8,2.0,0.0,0.0,-1,10,8771.58,0.18,1.0,0.0,0.0,0.0,0,0,0.0,2328.98,1,0,0.0,2328.98,1,0,0.0,17543.16,2,0,0.0,0
LGS2ORD0026258,C013559,2025-07-27 23:00:00,Male,44,Silver,TV,Songkhla,319,Lazada,COD,23,7,6,1,40-50,10.633333333333333,5.0,3.0,0.6,2,13,6658.556,0.25,0.8,0.2,0.0,0.0,0,0,0.0,9637.63,1,1,1.0,32789.13,4,3,0.75,33292.78,5,3,0.6,0
LGS2ORD0026259,C010937,2025-07-27 23:00:00,Male,37,Silver,TV,Chonburi,1046,Shopee,PromptPay,23,7,6,1,30-40,34.86666666666667,5.0,3.0,0.6,52,11,5639.718,0.3,0.6,0.2,0.0,0.0,0,0,0.0,1988.0,1,0,0.0,5278.87,2,1,0.5,28198.59,5,3,0.6,0
LGS2ORD0026260,C014864,2025-07-27 23:00:00,Male,42,Gold,TV,Khon Kaen,517,TV_Show,Credit_Card,23,7,6,1,40-50,17.233333333333334,2.0,0.0,0.0,-1,25,3111.8,0.2299999999999999,0.5,0.5,0.0,0.0,0,0,0.0,2163.03,1,0,0.0,2163.03,1,0,0.0,6223.6,2,0,0.0,0
LGS2ORD0026261,C011403,2025-07-27 23:00:00,Female,59,Gold,TV,Nakhon Ratchasima,614,Lazada,COD,23,7,6,1,>50,20.466666666666665,6.0,0.0,0.0,-1,13,5470.111666666667,0.33,0.6666666666666666,0.5,0.0,0.0,0,0,0.0,1493.56,1,0,0.0,27648.160000000003,4,0,0.0,32820.67,6,0,0.0,0
LGS2ORD0026262,C014083,2025-07-27 23:00:00,Male,42,Gold,Web,Chonburi,221,Shopee,PromptPay,23,7,6,1,40-50,7.366666666666666,4.0,1.0,0.25,109,23,7254.64,0.33,0.5,0.25,0.0,0.0,0,0,0.0,8323.93,1,0,0.0,9778.130000000001,2,0,0.0,29018.56,4,1,0.25,0
LGS2ORD0026263,C016877,2025-07-27 23:00:00,Other,72,Gold,Shopee,Bangkok,1557,CallCenter,COD,23,7,6,1,>50,51.9,4.0,1.0,0.25,161,13,6956.225,0.28,0.5,0.5,0.0,0.0,0,0,0.0,10041.3,1,0,0.0,10041.3,1,0,0.0,27824.9,4,1,0.25,0
LGS2ORD0026264,C010199,2025-07-28 00:00:00,Male,18,Gold,TV,Phuket,1638,Lazada,COD,0,7,0,0,<20,54.6,2.0,0.0,0.0,-1,98,6686.465,0.2299999999999999,0.5,0.5,0.0,0.0,0,0,0.0,0.0,0,0,0.0,0.0,0,0,0.0,13372.93,2,0,0.0,1
LGS2ORD0026265,C012440,2025-07-28 00:00:00,Female,48,Silver,TV,Khon Kaen,818,Web,PromptPay,0,7,0,0,40-50,27.266666666666666,5.0,0.0,0.0,-1,62,3518.7059999999997,0.25,0.4,0.4,0.0,0.0,0,0,0.0,0.0,0,0,0.0,5422.049999999999,2,0,0.0,17593.53,5,0,0.0,0
LGS2ORD0026266,C013520,2025-07-28 00:00:00,Female,29,Bronze,Web,Remote_Area,1101,TV_Show,COD,0,7,0,0,20-30,36.7,3.0,1.0,0.3333333333333333,0,4,2912.4833333333336,0.18,0.3333333333333333,0.0,0.0,2209.96,1,1,1.0,2209.96,1,1,1.0,2209.96,1,1,1.0,8737.45,3,1,0.3333333333333333,0
LGS2ORD0026267,C012081,2025-07-28 00:00:00,Male,62,Bronze,Web,Phuket,1568,TV_Show,Credit_Card,0,7,0,0,>50,52.266666666666666,0.0,0.0,0.0,-1,-1,0.0,0.0,0.0,0.0,0.0,0.0,0,0,0.0,0.0,0,0,0.0,0.0,0,0,0.0,0.0,0,0,0.0,0
LGS2ORD0026268,C016307,2025-07-28 00:00:00,Male,40,Silver,Shopee,Nakhon Ratchasima,1604,CallCenter,COD,0,7,0,0,30-40,53.46666666666667,6.0,0.0,0.0,-1,100,4311.661666666667,0.2,0.3333333333333333,0.0,0.0,0.0,0,0,0.0,0.0,0,0,0.0,0.0,0,0,0.0,25869.97,6,0,0.0,0
LGS2ORD0026269,C012525,2025-07-28 01:00:00,Female,50,Bronze,Shopee,Bangkok,927,TV_Show,COD,1,7,0,0,40-50,30.9,4.0,1.0,0.25,137,45,5402.415,0.18,0.75,0.0,0.0,0.0,0,0,0.0,0.0,0,0,0.0,5270.22,1,0,0.0,21609.66,4,1,0.25,0
LGS2ORD0026270,C016119,2025-07-28 01:00:00,Female,32,Silver,Web,Khon Kaen,1384,Lazada,COD,1,7,0,0,30-40,46.13333333333333,1.0,0.0,0.0,-1,122,3440.68,0.3,0.0,1.0,0.0,0.0,0,0,0.0,0.0,0,0,0.0,0.0,0,0,0.0,3440.68,1,0,0.0,0
LGS2ORD0026271,C011227,2025-07-28 01:00:00,Male,44,Bronze,Web,Bangkok,769,Shopee,COD,1,7,0,0,40-50,25.633333333333333,1.0,0.0,0.0,-1,5,4198.78,0.03,0.0,0.0,0.0,4198.78,1,0,0.0,4198.78,1,0,0.0,4198.78,1,0,0.0,4198.78,1,0,0.0,0
LGS2ORD0026272,C017594,2025-07-28 01:00:00,Male,41,Bronze,Lazada,Chiang Mai,571,CallCenter,Credit_Card,1,7,0,0,40-50,19.033333333333335,4.0,1.0,0.25,54,66,4959.9325,0.18,0.5,0.0,0.0,0.0,0,0,0.0,0.0,0,0,0.0,3663.9,1,1,1.0,19839.73,4,1,0.25,0
LGS2ORD0026273,C012193,2025-07-28 01:00:00,Female,39,Gold,Shopee,Khon Kaen,961,Lazada,Credit_Card,1,7,0,0,30-40,32.03333333333333,1.0,0.0,0.0,-1,44,14002.35,0.08,0.0,0.0,0.0,0.0,0,0,0.0,0.0,0,0,0.0,14002.35,1,0,0.0,14002.35,1,0,0.0,0
LGS2ORD0026274,C013543,2025-07-28 02:00:00,Female,38,Gold,Shopee,Bangkok,1572,Shopee,Credit_Card,2,7,0,0,30-40,52.4,4.0,1.0,0.25,-13,1,1525.5075,0.33,0.5,0.25,0.0,535.17,1,1,1.0,535.17,1,1,1.0,5788.15,3,1,0.3333333333333333,6102.03,4,1,0.25,0
LGS2ORD0026275,C013700,2025-07-28 02:00:00,Male,41,Silver,Web,Phuket,556,TV_Show,Credit_Card,2,7,0,0,40-50,18.533333333333335,2.0,1.0,0.5,34,19,795.265,0.1,0.5,0.0,0.0,0.0,0,0,0.0,678.48,1,0,0.0,1590.53,2,1,0.5,1590.53,2,1,0.5,0
LGS2ORD0026276,C015963,2025-07-28 02:00:00,Male,39,Gold,Web,Chiang Mai,555,TV_Show,COD,2,7,0,0,30-40,18.5,3.0,2.0,0.6666666666666666,-8,0,3528.2999999999997,0.2299999999999999,0.6666666666666666,0.3333333333333333,0.0,1630.48,1,1,1.0,1630.48,1,1,1.0,4876.42,2,2,1.0,10584.9,3,2,0.6666666666666666,0
LGS2ORD0026277,C014559,2025-07-28 02:00:00,Female,34,Bronze,Web,Khon Kaen,1353,TV_Show,COD,2,7,0,0,30-40,45.1,2.0,1.0,0.5,50,58,4701.014999999999,0.08,0.5,0.0,0.0,0.0,0,0,0.0,0.0,0,0,0.0,5099.21,1,1,1.0,9402.029999999999,2,1,0.5,0
LGS2ORD0026278,C010190,2025-07-28 02:00:00,Female,40,Platinum,Shopee,Chonburi,1528,TV_Show,Credit_Card,2,7,0,0,30-40,50.93333333333333,3.0,2.0,0.6666666666666666,146,6,1480.6433333333334,0.35,0.6666666666666666,0.3333333333333333,0.0,707.63,1,0,0.0,707.63,1,0,0.0,707.63,1,0,0.0,4441.93,3,2,0.6666666666666666,0
LGS2ORD0026279,C014614,2025-07-28 02:00:00,Female,58,Silver,Shopee,Remote_Area,303,Lazada,COD,2,7,0,0,>50,10.1,3.0,0.0,0.0,-1,95,1213.4166666666665,0.2,1.0,0.0,0.0,0.0,0,0,0.0,0.0,0,0,0.0,0.0,0,0,0.0,3640.2499999999995,3,0,0.0,0
LGS2ORD0026280,C017854,2025-07-28 03:00:00,Male,69,Silver,Shopee,Remote_Area,1031,Web,COD,3,7,0,0,>50,34.36666666666667,5.0,2.0,0.4,146,75,4122.268,0.25,0.8,0.2,0.0,0.0,0,0,0.0,0.0,0,0,0.0,333.81,1,0,0.0,20611.34,5,2,0.4,1
LGS2ORD0026281,C010383,2025-07-28 03:00:00,Female,48,Silver,TV,Nakhon Ratchasima,1043,Lazada,PromptPay,3,7,0,0,40-50,34.766666666666666,6.0,1.0,0.16666666666666666,25,9,4780.588333333333,0.2,0.5,0.0,0.0,0.0,0,0,0.0,12057.82,1,0,0.0,25793.18,4,1,0.25,28683.53,6,1,0.16666666666666666,0
LGS2ORD0026282,C010650,2025-07-28 03:00:00,Female,63,Gold,Lazada,Phuket,1420,Shopee,COD,3,7,0,0,>50,47.333333333333336,5.0,1.0,0.2,186,5,6924.606,0.28,0.2,0.4,0.0,10553.15,1,0,0.0,10553.15,1,0,0.0,10553.15,1,0,0.0,34623.03,5,1,0.2,1
LGS2ORD0026283,C015094,2025-07-28 03:00:00,Female,46,Bronze,TV,Chiang Mai,799,CallCenter,Credit_Card,3,7,0,0,40-50,26.633333333333333,5.0,2.0,0.4,-10,2,3338.1,0.28,1.0,0.4,0.0,2741.47,1,1,1.0,2741.47,1,1,1.0,7702.219999999999,3,1,0.3333333333333333,16690.5,5,2,0.4,0
LGS2ORD0026284,C017301,2025-07-28 03:00:00,Female,46,Bronze,Web,Nakhon Ratchasima,660,Lazada,COD,3,7,0,0,40-50,22.0,1.0,0.0,0.0,-1,35,1629.85,0.18,1.0,0.0,0.0,0.0,0,0,0.0,0.0,0,0,0.0,1629.85,1,0,0.0,1629.85,1,0,0.0,0
LGS2ORD0026285,C017600,2025-07-28 04:00:00,Female,48,Bronze,Web,Chiang Mai,699,CallCenter,Credit_Card,4,7,0,0,40-50,23.3,4.0,3.0,0.75,2,6,6257.0125,0.23,0.75,0.25,0.0,17786.82,1,1,1.0,17786.82,1,1,1.0,18271.86,2,2,1.0,25028.05,4,3,0.75,0
LGS2ORD0026286,C012870,2025-07-28 04:00:00,Male,55,Silver,Web,Bangkok,827,Web,COD,4,7,0,0,>50,27.566666666666666,9.0,2.0,0.2222222222222222,12,13,3109.375555555556,0.3,0.3333333333333333,0.3333333333333333,0.0,0.0,0,0,0.0,4338.8,2,1,0.5,4338.8,2,1,0.5,27984.38,9,2,0.2222222222222222,0
LGS2ORD0026287,C015045,2025-07-28 04:00:00,Male,39,Bronze,Shopee,Phuket,750,Web,COD,4,7,0,0,30-40,25.0,5.0,4.0,0.8,-3,5,3959.292,0.23,0.6,0.2,0.0,5536.35,1,1,1.0,5536.35,1,1,1.0,9526.84,3,2,0.6666666666666666,19796.46,5,4,0.8,1
LGS2ORD0026288,C013336,2025-07-28 04:00:00,Female,63,Silver,TV,Chonburi,1352,Shopee,COD,4,7,0,0,>50,45.06666666666667,1.0,0.0,0.0,-1,54,590.81,0.2,1.0,0.0,0.0,0.0,0,0,0.0,0.0,0,0,0.0,590.81,1,0,0.0,590.81,1,0,0.0,0
LGS2ORD0026289,C012597,2025-07-28 04:00:00,Other,38,Bronze,Shopee,Chiang Mai,1095,Web,COD,4,7,0,0,30-40,36.5,1.0,0.0,0.0,-1,55,12280.39,0.18,1.0,0.0,0.0,0.0,0,0,0.0,0.0,0,0,0.0,12280.39,1,0,0.0,12280.39,1,0,0.0,0
LGS2ORD0026290,C011492,2025-07-28 05:00:00,Female,56,Gold,Web,Bangkok,913,Lazada,PromptPay,5,7,0,0,>50,30.433333333333334,2.0,1.0,0.5,51,63,13755.675000000001,0.18,1.0,0.0,0.0,0.0,0,0,0.0,0.0,0,0,0.0,7211.79,1,1,1.0,27511.350000000002,2,1,0.5,0
LGS2ORD0026291,C016197,2025-07-28 05:00:00,Male,42,Bronze,TV,Chonburi,1170,Shopee,Credit_Card,5,7,0,0,40-50,39.0,1.0,1.0,1.0,113,125,25389.6,0.03,1.0,0.0,0.0,0.0,0,0,0.0,0.0,0,0,0.0,0.0,0,0,0.0,25389.6,1,1,1.0,0
LGS2ORD0026292,C013955,2025-07-28 05:00:00,Male,34,Silver,TV,Chiang Mai,1243,Shopee,PromptPay,5,7,0,0,30-40,41.43333333333333,6.0,2.0,0.3333333333333333,17,3,3408.318333333333,0.15,0.5,0.0,0.0,7219.58,1,0,0.0,7794.92,2,1,0.5,10682.59,4,1,0.25,20449.91,6,2,0.3333333333333333,0
LGS2ORD0026293,C016052,2025-07-28 05:00:00,Male,31,Platinum,TV,Songkhla,419,Web,COD,5,7,0,0,30-40,13.966666666666667,2.0,1.0,0.5,11,14,1597.245,0.35,0.0,1.0,0.0,0.0,0,0,0.0,1347.25,1,1,1.0,1347.25,1,1,1.0,3194.49,2,1,0.5,0
LGS2ORD0026294,C015507,2025-07-28 05:00:00,Male,23,Platinum,TV,Bangkok,1225,Shopee,COD,5,7,0,0,20-30,40.833333333333336,4.0,0.0,0.0,-1,7,2827.5475,0.35,0.75,0.75,0.0,0.0,0,0,0.0,3229.75,1,0,0.0,4314.83,2,0,0.0,11310.19,4,0,0.0,1
LGS2ORD0026295,C015779,2025-07-28 06:00:00,Male,44,Bronze,Lazada,Bangkok,853,TV_Show,PromptPay,6,7,0,0,40-50,28.433333333333334,1.0,0.0,0.0,-1,38,1816.75,0.23,0.0,1.0,0.0,0.0,0,0,0.0,0.0,0,0,0.0,1816.75,1,0,0.0,1816.75,1,0,0.0,0
LGS2ORD0026296,C015455,2025-07-28 06:00:00,Female,47,Bronze,TV,Phuket,1540,CallCenter,COD,6,7,0,0,40-50,51.333333333333336,4.0,1.0,0.25,51,31,11919.502499999999,0.13,1.0,0.0,0.0,0.0,0,0,0.0,0.0,0,0,0.0,21307.5,2,1,0.5,47678.009999999995,4,1,0.25,0
LGS2ORD0026297,C011196,2025-07-28 06:00:00,Male,57,Bronze,Lazada,Bangkok,518,TV_Show,Credit_Card,6,7,0,0,>50,17.266666666666666,7.0,0.0,0.0,-1,17,8853.958571428571,0.28,0.5714285714285714,0.14285714285714285,0.0,0.0,0,0,0.0,194.51,1,0,0.0,36581.65,2,0,0.0,61977.71,7,0,0.0,0
LGS2ORD0026298,C016503,2025-07-28 06:00:00,Female,25,Bronze,Shopee,Remote_Area,1650,CallCenter,Bank_Transfer,6,7,0,0,20-30,55.0,7.0,3.0,0.42857142857142855,1,11,3606.4714285714285,0.23,0.5714285714285714,0.14285714285714285,0.0,0.0,0,0,0.0,1001.64,1,1,1.0,17256.09,4,1,0.25,25245.3,7,3,0.42857142857142855,0
LGS2ORD0026299,C016595,2025-07-28 06:00:00,Female,55,Gold,Lazada,Khon Kaen,1639,TV_Show,Credit_Card,6,7,0,0,>50,54.63333333333333,0.0,0.0,0.0,-1,-1,0.0,0.0,0.0,0.0,0.0,0.0,0,0,0.0,0.0,0,0,0.0,0.0,0,0,0.0,0.0,0,0,0.0,0
LGS2ORD0026300,C014999,2025-07-28 06:00:00,Female,49,Bronze,TV,Bangkok,1094,TV_Show,COD,6,7,0,0,40-50,36.46666666666667,3.0,0.0,0.0,-1,3,3520.4366666666665,0.23,0.6666666666666666,0.3333333333333333,0.0,5793.33,1,0,0.0,5793.33,1,0,0.0,9431.22,2,0,0.0,10561.31,3,0,0.0,1
LGS2ORD0026301,C010906,2025-07-28 07:00:00,Female,18,Silver,CallCenter,Songkhla,730,TV_Show,Credit_Card,7,7,0,0,<20,24.333333333333332,5.0,1.0,0.2,126,11,10434.394,0.25,0.2,0.4,0.0,0.0,0,0,0.0,6506.86,1,0,0.0,18273.89,3,0,0.0,52171.97,5,1,0.2,0
LGS2ORD0026302,C011654,2025-07-28 07:00:00,Female,42,Silver,TV,Songkhla,347,TV_Show,Credit_Card,7,7,0,0,40-50,11.566666666666666,1.0,1.0,1.0,58,63,15204.93,0.05,1.0,0.0,0.0,0.0,0,0,0.0,0.0,0,0,0.0,15204.93,1,1,1.0,15204.93,1,1,1.0,0
LGS2ORD0026303,C011833,2025-07-28 07:00:00,Female,37,Bronze,Lazada,Remote_Area,1066,CallCenter,COD,7,7,0,0,30-40,35.53333333333333,2.0,1.0,0.5,177,170,1109.57,0.23,1.0,0.5,0.0,0.0,0,0,0.0,0.0,0,0,0.0,0.0,0,0,0.0,2219.14,2,1,0.5,0
LGS2ORD0026304,C015876,2025-07-28 07:00:00,Female,37,Bronze,Web,Songkhla,618,Shopee,COD,7,7,0,0,30-40,20.6,5.0,0.0,0.0,-1,26,2583.8460000000005,0.23,0.4,0.2,0.0,0.0,0,0,0.0,664.62,1,0,0.0,7264.78,3,0,0.0,12919.230000000001,5,0,0.0,0
LGS2ORD0026305,C015747,2025-07-28 07:00:00,Male,55,Silver,CallCenter,Khon Kaen,1611,Shopee,PromptPay,7,7,0,0,>50,53.7,1.0,0.0,0.0,-1,138,1089.97,0.3,1.0,1.0,0.0,0.0,0,0,0.0,0.0,0,0,0.0,0.0,0,0,0.0,1089.97,1,0,0.0,0
LGS2ORD0026306,C017076,2025-07-28 08:00:00,Female,49,Silver,Web,Nakhon Ratchasima,1404,Web,COD,8,7,0,0,40-50,46.8,6.0,1.0,0.16666666666666666,114,22,6579.610000000001,0.2,0.5,0.0,0.0,0.0,0,0,0.0,12595.98,1,0,0.0,21207.23,2,0,0.0,39477.66,6,1,0.16666666666666666,0
LGS2ORD0026307,C014772,2025-07-28 08:00:00,Female,34,Platinum,Shopee,Nakhon Ratchasima,1489,TV_Show,PromptPay,8,7,0,0,30-40,49.63333333333333,2.0,0.0,0.0,-1,153,2987.99,0.35,1.0,1.0,0.0,0.0,0,0,0.0,0.0,0,0,0.0,0.0,0,0,0.0,5975.98,2,0,0.0,0
LGS2ORD0026308,C016605,2025-07-28 08:00:00,Female,32,Silver,TV,Bangkok,881,Lazada,COD,8,7,0,0,30-40,29.366666666666667,3.0,1.0,0.3333333333333333,80,95,7636.636666666666,0.2,0.6666666666666666,0.0,0.0,0.0,0,0,0.0,0.0,0,0,0.0,0.0,0,0,0.0,22909.91,3,1,0.3333333333333333,0
LGS2ORD0026309,C013413,2025-07-28 08:00:00,Male,57,Silver,Web,Bangkok,744,Web,Credit_Card,8,7,0,0,>50,24.8,3.0,1.0,0.3333333333333333,15,27,1707.9966666666667,0.2,0.3333333333333333,0.0,0.0,0.0,0,0,0.0,1963.45,1,1,1.0,4579.25,2,1,0.5,5123.99,3,1,0.3333333333333333,0
LGS2ORD0026310,C013789,2025-07-28 08:00:00,Female,37,Silver,Lazada,Songkhla,849,CallCenter,Bank_Transfer,8,7,0,0,30-40,28.3,4.0,4.0,1.0,50,59,3131.965,0.25,1.0,0.5,0.0,0.0,0,0,0.0,0.0,0,0,0.0,6378.57,1,1,1.0,12527.86,4,4,1.0,0
LGS2ORD0026311,C017607,2025-07-28 09:00:00,Other,32,Bronze,TV,Khon Kaen,371,Lazada,COD,9,7,0,0,30-40,12.366666666666667,2.0,0.0,0.0,-1,156,865.4100000000001,0.28,0.0,0.5,0.0,0.0,0,0,0.0,0.0,0,0,0.0,0.0,0,0,0.0,1730.8200000000002,2,0,0.0,0
LGS2ORD0026312,C011270,2025-07-28 09:00:00,Female,27,Silver,TV,Chonburi,1486,CallCenter,Credit_Card,9,7,0,0,20-30,49.53333333333333,4.0,0.0,0.0,-1,76,9346.382500000002,0.25,0.25,0.5,0.0,0.0,0,0,0.0,0.0,0,0,0.0,1999.73,1,0,0.0,37385.530000000006,4,0,0.0,0
LGS2ORD0026313,C015124,2025-07-28 09:00:00,Female,54,Bronze,TV,Nakhon Ratchasima,241,Web,COD,9,7,0,0,>50,8.033333333333333,5.0,1.0,0.2,102,59,3694.9979999999996,0.28,0.6,0.4,0.0,0.0,0,0,0.0,0.0,0,0,0.0,1539.64,1,0,0.0,18474.989999999998,5,1,0.2,1
LGS2ORD0026314,C017394,2025-07-28 09:00:00,Female,50,Gold,Lazada,Bangkok,1163,Web,COD,9,7,0,0,40-50,38.766666666666666,2.0,1.0,0.5,175,121,3258.33,0.33,0.5,0.5,0.0,0.0,0,0,0.0,0.0,0,0,0.0,0.0,0,0,0.0,6516.66,2,1,0.5,0
LGS2ORD0026315,C016734,2025-07-28 09:00:00,Male,46,Bronze,Lazada,Remote_Area,1231,Web,Credit_Card,9,7,0,0,40-50,41.03333333333333,2.0,1.0,0.5,85,25,7981.9800000000005,0.28,0.0,0.5,0.0,0.0,0,0,0.0,14376.6,1,0,0.0,14376.6,1,0,0.0,15963.960000000001,2,1,0.5,1
LGS2ORD0026316,C012061,2025-07-28 10:00:00,Male,23,Bronze,CallCenter,Chiang Mai,1521,TV_Show,COD,10,7,0,0,20-30,50.7,1.0,0.0,0.0,-1,80,1557.9,0.13,1.0,0.0,0.0,0.0,0,0,0.0,0.0,0,0,0.0,1557.9,1,0,0.0,1557.9,1,0,0.0,0
LGS2ORD0026317,C010289,2025-07-28 10:00:00,Male,44,Silver,Web,Nakhon Ratchasima,405,TV_Show,PromptPay,10,7,0,0,40-50,13.5,4.0,0.0,0.0,-1,21,2860.1875,0.25,0.75,0.25,0.0,0.0,0,0,0.0,473.76,1,0,0.0,5936.290000000001,3,0,0.0,11440.75,4,0,0.0,0
LGS2ORD0026318,C015966,2025-07-28 10:00:00,Male,67,Bronze,TV,Bangkok,1588,Lazada,COD,10,7,0,0,>50,52.93333333333333,3.0,0.0,0.0,-1,26,15217.93,0.18,1.0,0.0,0.0,0.0,0,0,0.0,28374.44,1,0,0.0,45010.66,2,0,0.0,45653.79,3,0,0.0,0
LGS2ORD0026319,C011192,2025-07-28 10:00:00,Male,37,Bronze,TV,Chiang Mai,1460,Web,PromptPay,10,7,0,0,30-40,48.666666666666664,3.0,1.0,0.3333333333333333,99,76,3066.213333333333,0.28,0.6666666666666666,0.6666666666666666,0.0,0.0,0,0,0.0,0.0,0,0,0.0,1708.64,1,0,0.0,9198.64,3,1,0.3333333333333333,0
LGS2ORD0026320,C010818,2025-07-28 10:00:00,Male,36,Bronze,Web,Nakhon Ratchasima,394,Web,Credit_Card,10,7,0,0,30-40,13.133333333333333,3.0,1.0,0.3333333333333333,175,39,3287.91,0.28,0.6666666666666666,0.6666666666666666,0.0,0.0,0,0,0.0,0.0,0,0,0.0,2438.21,1,0,0.0,9863.73,3,1,0.3333333333333333,0
LGS2ORD0026321,C013838,2025-07-28 10:00:00,Male,60,Bronze,CallCenter,Remote_Area,304,Shopee,Credit_Card,10,7,0,0,>50,10.133333333333333,9.0,4.0,0.4444444444444444,13,17,3782.8644444444444,0.28,0.5555555555555556,0.3333333333333333,0.0,0.0,0,0,0.0,15445.4,2,1,0.5,16591.63,3,1,0.3333333333333333,34045.78,9,4,0.4444444444444444,0
LGS2ORD0026322,C010217,2025-07-28 11:00:00,Female,49,Platinum,Lazada,Bangkok,705,CallCenter,Bank_Transfer,11,7,0,0,40-50,23.5,1.0,0.0,0.0,-1,39,2874.05,0.1,1.0,0.0,0.0,0.0,0,0,0.0,0.0,0,0,0.0,2874.05,1,0,0.0,2874.05,1,0,0.0,0
LGS2ORD0026323,C010528,2025-07-28 11:00:00,Male,56,Bronze,Web,Bangkok,676,Shopee,PromptPay,11,7,0,0,>50,22.533333333333335,5.0,3.0,0.6,145,39,6353.068000000001,0.18,0.8,0.0,0.0,0.0,0,0,0.0,0.0,0,0,0.0,5239.65,1,0,0.0,31765.340000000004,5,3,0.6,0
LGS2ORD0026324,C011814,2025-07-28 11:00:00,Female,44,Gold,Web,Chonburi,1190,Web,COD,11,7,0,0,40-50,39.666666666666664,4.0,1.0,0.25,36,43,3659.2599999999998,0.33,0.75,0.75,0.0,0.0,0,0,0.0,0.0,0,0,0.0,8687.970000000001,2,1,0.5,14637.039999999999,4,1,0.25,0
LGS2ORD0026325,C013975,2025-07-28 11:00:00,Male,22,Silver,Lazada,Chonburi,251,TV_Show,COD,11,7,0,0,20-30,8.366666666666667,6.0,2.0,0.3333333333333333,74,33,4289.346666666667,0.2,0.6666666666666666,0.0,0.0,0.0,0,0,0.0,0.0,0,0,0.0,15607.48,2,1,0.5,25736.08,6,2,0.3333333333333333,0
LGS2ORD0026326,C016456,2025-07-28 11:00:00,Male,62,Bronze,TV,Remote_Area,983,Web,COD,11,7,0,0,>50,32.766666666666666,4.0,1.0,0.25,191,7,6307.3775,0.28,0.5,0.5,0.0,0.0,0,0,0.0,1155.37,1,0,0.0,19317.829999999998,2,0,0.0,25229.51,4,1,0.25,1
LGS2ORD0026327,C010095,2025-07-28 12:00:00,Male,29,Gold,TV,Khon Kaen,1165,TV_Show,Bank_Transfer,12,7,0,0,20-30,38.833333333333336,3.0,0.0,0.0,-1,18,6931.920000000001,0.2299999999999999,0.6666666666666666,0.3333333333333333,0.0,0.0,0,0,0.0,15288.85,1,0,0.0,16634.74,2,0,0.0,20795.760000000002,3,0,0.0,0
LGS2ORD0026328,C013890,2025-07-28 12:00:00,Other,47,Bronze,Shopee,Chiang Mai,1380,TV_Show,PromptPay,12,7,0,0,40-50,46.0,9.0,1.0,0.1111111111111111,82,37,7300.017777777778,0.28,0.8888888888888888,0.2222222222222222,0.0,0.0,0,0,0.0,0.0,0,0,0.0,14340.56,3,0,0.0,65700.16,9,1,0.1111111111111111,0
LGS2ORD0026329,C011567,2025-07-28 12:00:00,Female,40,Bronze,TV,Bangkok,1110,Web,COD,12,7,0,0,30-40,37.0,4.0,1.0,0.25,76,24,1881.1725,0.28,0.5,0.75,0.0,0.0,0,0,0.0,2885.38,1,0,0.0,4638.5,2,1,0.5,7524.69,4,1,0.25,0
LGS2ORD0026330,C015762,2025-07-28 12:00:00,Female,53,Bronze,Shopee,Remote_Area,581,Lazada,PromptPay,12,7,0,0,>50,19.366666666666667,5.0,3.0,0.6,-5,8,6159.242,0.23,0.8,0.4,0.0,0.0,0,0,0.0,8284.54,2,2,1.0,8284.54,2,2,1.0,30796.21,5,3,0.6,0
LGS2ORD0026331,C016427,2025-07-28 12:00:00,Female,45,Bronze,TV,Remote_Area,1385,Lazada,COD,12,7,0,0,40-50,46.166666666666664,4.0,2.0,0.5,10,24,4773.745,0.23,0.25,0.25,0.0,0.0,0,0,0.0,8387.7,1,1,1.0,8387.7,1,1,1.0,19094.98,4,2,0.5,0
LGS2ORD0026332,C012907,2025-07-28 13:00:00,Female,48,Bronze,Web,Bangkok,251,Shopee,Credit_Card,13,7,0,0,40-50,8.366666666666667,2.0,0.0,0.0,-1,51,12522.565,0.18,1.0,0.0,0.0,0.0,0,0,0.0,0.0,0,0,0.0,7607.39,1,0,0.0,25045.13,2,0,0.0,0
LGS2ORD0026333,C013820,2025-07-28 13:00:00,Male,26,Silver,Lazada,Bangkok,1338,Web,Credit_Card,13,7,0,0,20-30,44.6,1.0,0.0,0.0,-1,166,10384.62,0.1,1.0,0.0,0.0,0.0,0,0,0.0,0.0,0,0,0.0,0.0,0,0,0.0,10384.62,1,0,0.0,0
LGS2ORD0026334,C015192,2025-07-28 13:00:00,Female,30,Silver,Lazada,Phuket,534,Shopee,PromptPay,13,7,0,0,20-30,17.8,3.0,0.0,0.0,-1,42,1281.1566666666668,0.25,0.0,0.3333333333333333,0.0,0.0,0,0,0.0,0.0,0,0,0.0,1981.44,1,0,0.0,3843.4700000000003,3,0,0.0,1
LGS2ORD0026335,C014048,2025-07-28 13:00:00,Female,37,Bronze,CallCenter,Phuket,896,Shopee,COD,13,7,0,0,30-40,29.866666666666667,1.0,0.0,0.0,-1,149,3285.13,0.13,1.0,0.0,0.0,0.0,0,0,0.0,0.0,0,0,0.0,0.0,0,0,0.0,3285.13,1,0,0.0,0
LGS2ORD0026336,C012521,2025-07-28 13:00:00,Female,40,Bronze,TV,Phuket,461,Web,COD,13,7,0,0,30-40,15.366666666666667,6.0,1.0,0.16666666666666666,-9,3,6326.895,0.18,0.8333333333333334,0.0,0.0,5147.4,2,1,0.5,5147.4,2,1,0.5,33515.07,5,1,0.2,37961.37,6,1,0.16666666666666666,0
LGS2ORD0026337,C010801,2025-07-28 14:00:00,Female,65,Gold,TV,Nakhon Ratchasima,1325,TV_Show,COD,14,7,0,0,>50,44.166666666666664,6.0,1.0,0.16666666666666666,78,57,1778.0833333333333,0.33,0.6666666666666666,0.6666666666666666,0.0,0.0,0,0,0.0,0.0,0,0,0.0,3863.3100000000004,2,0,0.0,10668.5,6,1,0.16666666666666666,0
LGS2ORD0026338,C011937,2025-07-28 14:00:00,Female,46,Gold,TV,Bangkok,638,TV_Show,COD,14,7,0,0,40-50,21.266666666666666,7.0,2.0,0.2857142857142857,24,30,4013.182857142857,0.33,0.5714285714285714,0.7142857142857143,0.0,0.0,0,0,0.0,0.0,0,0,0.0,22637.87,4,1,0.25,28092.28,7,2,0.2857142857142857,1
LGS2ORD0026339,C010197,2025-07-28 14:00:00,Male,57,Silver,TV,Khon Kaen,840,Lazada,COD,14,7,0,0,>50,28.0,2.0,0.0,0.0,-1,175,2707.8199999999997,0.25,0.5,0.5,0.0,0.0,0,0,0.0,0.0,0,0,0.0,0.0,0,0,0.0,5415.639999999999,2,0,0.0,0
LGS2ORD0026340,C011224,2025-07-28 14:00:00,Male,38,Gold,TV,Bangkok,1210,Web,Credit_Card,14,7,0,0,30-40,40.333333333333336,1.0,1.0,1.0,16,30,1477.44,0.28,0.0,1.0,0.0,0.0,0,0,0.0,0.0,0,0,0.0,1477.44,1,1,1.0,1477.44,1,1,1.0,0
LGS2ORD0026341,C013754,2025-07-28 14:00:00,Female,49,Bronze,TV,Chiang Mai,395,TV_Show,PromptPay,14,7,0,0,40-50,13.166666666666666,5.0,1.0,0.2,122,26,3079.446,0.18,0.4,0.0,0.0,0.0,0,0,0.0,1522.63,1,0,0.0,11730.95,3,0,0.0,15397.23,5,1,0.2,0
LGS2ORD0026342,C015902,2025-07-28 14:00:00,Male,37,Bronze,Web,Nakhon Ratchasima,227,CallCenter,Credit_Card,14,7,0,0,30-40,7.566666666666666,6.0,0.0,0.0,-1,55,5705.781666666667,0.18,0.6666666666666666,0.0,0.0,0.0,0,0,0.0,0.0,0,0,0.0,2282.37,1,0,0.0,34234.69,6,0,0.0,0
LGS2ORD0026343,C013552,2025-07-28 15:00:00,Female,40,Silver,CallCenter,Bangkok,1268,CallCenter,PromptPay,15,7,0,0,30-40,42.266666666666666,5.0,1.0,0.2,66,46,2239.046,0.25,0.8,0.2,0.0,0.0,0,0,0.0,0.0,0,0,0.0,11195.23,5,1,0.2,11195.23,5,1,0.2,0
LGS2ORD0026344,C013462,2025-07-28 15:00:00,Female,57,Bronze,CallCenter,Chonburi,710,TV_Show,Credit_Card,15,7,0,0,>50,23.666666666666668,6.0,2.0,0.3333333333333333,45,30,3932.455,0.23,0.3333333333333333,0.16666666666666666,0.0,0.0,0,0,0.0,0.0,0,0,0.0,3726.74,2,1,0.5,23594.73,6,2,0.3333333333333333,1
LGS2ORD0026345,C016428,2025-07-28 15:00:00,Female,36,Platinum,Shopee,Chiang Mai,863,Web,COD,15,7,0,0,30-40,28.766666666666666,3.0,1.0,0.3333333333333333,58,68,3827.8133333333335,0.35,0.3333333333333333,0.6666666666666666,0.0,0.0,0,0,0.0,0.0,0,0,0.0,6820.49,1,1,1.0,11483.44,3,1,0.3333333333333333,0
LGS2ORD0026346,C014629,2025-07-28 15:00:00,Female,45,Bronze,Shopee,Bangkok,259,Shopee,COD,15,7,0,0,40-50,8.633333333333333,2.0,1.0,0.5,165,176,10942.74,0.23,0.5,0.5,0.0,0.0,0,0,0.0,0.0,0,0,0.0,0.0,0,0,0.0,21885.48,2,1,0.5,0
LGS2ORD0026347,C017695,2025-07-28 15:00:00,Male,38,Gold,Lazada,Chiang Mai,426,Lazada,COD,15,7,0,0,30-40,14.2,1.0,0.0,0.0,-1,196,8680.3,0.13,0.0,0.0,0.0,0.0,0,0,0.0,0.0,0,0,0.0,0.0,0,0,0.0,8680.3,1,0,0.0,1
LGS2ORD0026348,C013006,2025-07-28 16:00:00,Male,20,Bronze,CallCenter,Remote_Area,895,Lazada,COD,16,7,0,0,<20,29.833333333333332,3.0,1.0,0.3333333333333333,135,10,5422.099999999999,0.23,1.0,0.3333333333333333,0.0,0.0,0,0,0.0,4500.07,1,0,0.0,14501.22,2,0,0.0,16266.3,3,1,0.3333333333333333,0
LGS2ORD0026349,C012651,2025-07-28 16:00:00,Male,27,Silver,Web,Bangkok,622,TV_Show,COD,16,7,0,0,20-30,20.733333333333334,1.0,0.0,0.0,-1,193,5124.01,0.05,0.0,0.0,0.0,0.0,0,0,0.0,0.0,0,0,0.0,0.0,0,0,0.0,5124.01,1,0,0.0,0
LGS2ORD0026350,C016465,2025-07-28 16:00:00,Female,56,Platinum,CallCenter,Chonburi,459,Lazada,COD,16,7,0,0,>50,15.3,3.0,1.0,0.3333333333333333,5,18,3553.2533333333336,0.3,0.3333333333333333,0.3333333333333333,0.0,0.0,0,0,0.0,8027.96,1,1,1.0,9293.95,2,1,0.5,10659.76,3,1,0.3333333333333333,0
LGS2ORD0026351,C014417,2025-07-28 16:00:00,Male,54,Silver,Shopee,Chonburi,1345,CallCenter,COD,16,7,0,0,>50,44.833333333333336,9.0,1.0,0.1111111111111111,68,42,5203.641111111112,0.3,0.5555555555555556,0.4444444444444444,0.0,0.0,0,0,0.0,0.0,0,0,0.0,40652.770000000004,6,1,0.16666666666666666,46832.770000000004,9,1,0.1111111111111111,0
LGS2ORD0026352,C013300,2025-07-28 16:00:00,Male,41,Gold,Web,Nakhon Ratchasima,442,Shopee,COD,16,7,0,0,40-50,14.733333333333333,1.0,0.0,0.0,-1,26,870.63,0.13,0.0,0.0,0.0,0.0,0,0,0.0,870.63,1,0,0.0,870.63,1,0,0.0,870.63,1,0,0.0,0
LGS2ORD0026353,C015313,2025-07-28 17:00:00,Female,29,Bronze,Shopee,Chonburi,246,Lazada,COD,17,7,0,0,20-30,8.2,2.0,1.0,0.5,34,13,873.1,0.23,0.5,0.5,0.0,0.0,0,0,0.0,641.31,1,0,0.0,1746.2,2,1,0.5,1746.2,2,1,0.5,0
LGS2ORD0026354,C010973,2025-07-28 17:00:00,Female,35,Silver,TV,Songkhla,1341,CallCenter,Credit_Card,17,7,0,0,30-40,44.7,3.0,1.0,0.3333333333333333,193,26,2064.723333333333,0.3,1.0,0.3333333333333333,0.0,0.0,0,0,0.0,467.19,1,0,0.0,467.19,1,0,0.0,6194.169999999999,3,1,0.3333333333333333,0
LGS2ORD0026355,C014044,2025-07-28 17:00:00,Male,33,Bronze,CallCenter,Bangkok,978,Lazada,Credit_Card,17,7,0,0,30-40,32.6,2.0,1.0,0.5,69,76,3088.335,0.28,0.5,1.0,0.0,0.0,0,0,0.0,0.0,0,0,0.0,3087.82,1,1,1.0,6176.67,2,1,0.5,0
LGS2ORD0026356,C014597,2025-07-28 17:00:00,Female,32,Bronze,CallCenter,Bangkok,1093,Web,COD,17,7,0,0,30-40,36.43333333333333,6.0,2.0,0.3333333333333333,37,36,5684.990000000001,0.28,0.0,0.3333333333333333,0.0,0.0,0,0,0.0,0.0,0,0,0.0,8214.39,2,1,0.5,34109.94,6,2,0.3333333333333333,0
LGS2ORD0026357,C014842,2025-07-28 17:00:00,Male,54,Bronze,Web,Remote_Area,654,Lazada,COD,17,7,0,0,>50,21.8,2.0,0.0,0.0,-1,41,3360.305,0.18,1.0,0.0,0.0,0.0,0,0,0.0,0.0,0,0,0.0,5867.25,1,0,0.0,6720.61,2,0,0.0,1
LGS2ORD0026358,C015135,2025-07-28 18:00:00,Female,40,Gold,Shopee,Khon Kaen,1428,Shopee,COD,18,7,0,0,30-40,47.6,5.0,0.0,0.0,-1,18,4277.6320000000005,0.33,0.4,0.2,0.0,0.0,0,0,0.0,1674.65,1,0,0.0,1674.65,1,0,0.0,21388.160000000003,5,0,0.0,0
LGS2ORD0026359,C015700,2025-07-28 18:00:00,Female,43,Gold,Web,Khon Kaen,1602,TV_Show,COD,18,7,0,0,40-50,53.4,3.0,0.0,0.0,-1,118,2792.0833333333335,0.28,0.0,0.6666666666666666,0.0,0.0,0,0,0.0,0.0,0,0,0.0,0.0,0,0,0.0,8376.25,3,0,0.0,0
LGS2ORD0026360,C014797,2025-07-28 18:00:00,Male,18,Bronze,Lazada,Phuket,360,Web,PromptPay,18,7,0,0,<20,12.0,3.0,1.0,0.3333333333333333,187,100,5031.74,0.28,0.3333333333333333,0.3333333333333333,0.0,0.0,0,0,0.0,0.0,0,0,0.0,0.0,0,0,0.0,15095.22,3,1,0.3333333333333333,0
LGS2ORD0026361,C014916,2025-07-28 18:00:00,Male,40,Bronze,Web,Chiang Mai,1372,Web,COD,18,7,0,0,30-40,45.733333333333334,1.0,0.0,0.0,-1,73,1634.72,0.23,1.0,1.0,0.0,0.0,0,0,0.0,0.0,0,0,0.0,1634.72,1,0,0.0,1634.72,1,0,0.0,0
LGS2ORD0026362,C010434,2025-07-28 18:00:00,Male,21,Bronze,Web,Khon Kaen,1277,Web,Credit_Card,18,7,0,0,20-30,42.56666666666667,0.0,0.0,0.0,-1,-1,0.0,0.0,0.0,0.0,0.0,0.0,0,0,0.0,0.0,0,0,0.0,0.0,0,0,0.0,0.0,0,0,0.0,1
LGS2ORD0026363,C011059,2025-07-28 18:00:00,Male,64,Gold,TV,Chonburi,1202,Lazada,COD,18,7,0,0,>50,40.06666666666667,7.0,2.0,0.2857142857142857,157,35,3901.1585714285716,0.33,0.5714285714285714,0.5714285714285714,0.0,0.0,0,0,0.0,0.0,0,0,0.0,8482.32,1,0,0.0,27308.11,7,2,0.2857142857142857,0
LGS2ORD0026364,C011216,2025-07-28 19:00:00,Male,62,Silver,Web,Khon Kaen,807,CallCenter,COD,19,7,0,0,>50,26.9,1.0,0.0,0.0,-1,8,16099.99,0.1,1.0,0.0,0.0,0.0,0,0,0.0,16099.99,1,0,0.0,16099.99,1,0,0.0,16099.99,1,0,0.0,0
LGS2ORD0026365,C011981,2025-07-28 19:00:00,Male,59,Bronze,Web,Remote_Area,1242,Lazada,Credit_Card,19,7,0,0,>50,41.4,6.0,3.0,0.5,14,28,8696.574999999999,0.23,0.5,0.16666666666666666,0.0,0.0,0,0,0.0,1512.0,1,1,1.0,1512.0,1,1,1.0,52179.45,6,3,0.5,0
LGS2ORD0026366,C015773,2025-07-28 19:00:00,Male,57,Bronze,Lazada,Bangkok,990,Lazada,Bank_Transfer,19,7,0,0,>50,33.0,6.0,2.0,0.3333333333333333,0,11,10576.491666666667,0.18,0.5,0.0,0.0,0.0,0,0,0.0,1295.33,1,1,1.0,47781.33,4,2,0.5,63458.950000000004,6,2,0.3333333333333333,0
LGS2ORD0026367,C013800,2025-07-28 19:00:00,Female,23,Silver,Lazada,Chiang Mai,1612,TV_Show,COD,19,7,0,0,20-30,53.733333333333334,4.0,0.0,0.0,-1,44,3343.5725,0.3,0.0,0.25,0.0,0.0,0,0,0.0,0.0,0,0,0.0,7030.400000000001,2,0,0.0,13374.29,4,0,0.0,0
LGS2ORD0026368,C010727,2025-07-28 19:00:00,Male,44,Silver,Web,Khon Kaen,1001,TV_Show,COD,19,7,0,0,40-50,33.36666666666667,7.0,2.0,0.2857142857142857,101,70,7254.4171428571435,0.3,0.8571428571428571,0.42857142857142855,0.0,0.0,0,0,0.0,0.0,0,0,0.0,17900.23,2,0,0.0,50780.920000000006,7,2,0.2857142857142857,1
LGS2ORD0026369,C013277,2025-07-28 20:00:00,Female,41,Bronze,TV,Chonburi,743,TV_Show,COD,20,7,0,0,40-50,24.766666666666666,4.0,0.0,0.0,-1,54,1520.465,0.18,0.5,0.0,0.0,0.0,0,0,0.0,0.0,0,0,0.0,1225.28,1,0,0.0,6081.86,4,0,0.0,0
LGS2ORD0026370,C014225,2025-07-28 20:00:00,Male,32,Gold,Web,Chonburi,1432,CallCenter,COD,20,7,0,0,30-40,47.733333333333334,1.0,0.0,0.0,-1,207,5878.48,0.33,0.0,1.0,0.0,0.0,0,0,0.0,0.0,0,0,0.0,0.0,0,0,0.0,5878.48,1,0,0.0,0
LGS2ORD0026371,C015350,2025-07-28 20:00:00,Male,45,Bronze,Web,Remote_Area,1297,Web,Bank_Transfer,20,7,0,0,40-50,43.233333333333334,6.0,4.0,0.6666666666666666,12,18,5669.5233333333335,0.28,0.6666666666666666,0.3333333333333333,0.0,0.0,0,0,0.0,22911.4,1,1,1.0,22911.4,1,1,1.0,34017.14,6,4,0.6666666666666666,1
LGS2ORD0026372,C015102,2025-07-28 20:00:00,Female,38,Gold,TV,Nakhon Ratchasima,1237,Web,Credit_Card,20,7,0,0,30-40,41.233333333333334,3.0,1.0,0.3333333333333333,89,95,4242.323333333333,0.13,0.6666666666666666,0.0,0.0,0.0,0,0,0.0,0.0,0,0,0.0,0.0,0,0,0.0,12726.97,3,1,0.3333333333333333,0
LGS2ORD0026373,C013200,2025-07-28 20:00:00,Male,41,Silver,Lazada,Bangkok,1206,Lazada,PromptPay,20,7,0,0,40-50,40.2,6.0,1.0,0.16666666666666666,62,32,10481.131666666666,0.2,0.8333333333333334,0.0,0.0,0.0,0,0,0.0,0.0,0,0,0.0,57390.15,4,1,0.25,62886.79,6,1,0.16666666666666666,0
LGS2ORD0026374,C011731,2025-07-28 21:00:00,Male,41,Bronze,Lazada,Bangkok,488,TV_Show,Credit_Card,21,7,0,0,40-50,16.266666666666666,2.0,0.0,0.0,-1,136,15716.695,0.13,1.0,0.0,0.0,0.0,0,0,0.0,0.0,0,0,0.0,0.0,0,0,0.0,31433.39,2,0,0.0,0
LGS2ORD0026375,C017855,2025-07-28 21:00:00,Male,44,Platinum,Web,Chonburi,1571,Lazada,Bank_Transfer,21,7,0,0,40-50,52.36666666666667,4.0,1.0,0.25,132,68,3083.1375,0.3,0.25,1.0,0.0,0.0,0,0,0.0,0.0,0,0,0.0,8343.88,1,0,0.0,12332.55,4,1,0.25,0
LGS2ORD0026376,C014384,2025-07-28 21:00:00,Male,49,Silver,Web,Remote_Area,1283,TV_Show,COD,21,7,0,0,40-50,42.766666666666666,3.0,1.0,0.3333333333333333,-3,11,4553.906666666667,0.15,0.6666666666666666,0.0,0.0,0.0,0,0,0.0,2233.88,1,1,1.0,13661.720000000001,3,1,0.3333333333333333,13661.720000000001,3,1,0.3333333333333333,0
LGS2ORD0026377,C014523,2025-07-28 21:00:00,Male,50,Silver,TV,Remote_Area,245,Shopee,COD,21,7,0,0,40-50,8.166666666666666,4.0,1.0,0.25,10,23,8072.5025,0.2,0.5,0.0,0.0,0.0,0,0,0.0,5125.23,2,1,0.5,5125.23,2,1,0.5,32290.01,4,1,0.25,0
LGS2ORD0026378,C014203,2025-07-28 21:00:00,Female,54,Bronze,Shopee,Nakhon Ratchasima,1008,Shopee,Credit_Card,21,7,0,0,>50,33.6,6.0,1.0,0.16666666666666666,177,28,4314.525,0.28,0.5,0.3333333333333333,0.0,0.0,0,0,0.0,338.26,1,0,0.0,16023.31,3,0,0.0,25887.149999999998,6,1,0.16666666666666666,0
LGS2ORD0026379,C012949,2025-07-28 22:00:00,Female,42,Bronze,TV,Nakhon Ratchasima,306,Shopee,COD,22,7,0,0,40-50,10.2,4.0,2.0,0.5,84,66,4025.9824999999996,0.23,1.0,0.75,0.0,0.0,0,0,0.0,0.0,0,0,0.0,3289.06,1,0,0.0,16103.929999999998,4,2,0.5,1
LGS2ORD0026380,C013040,2025-07-28 22:00:00,Male,53,Gold,TV,Khon Kaen,1181,Lazada,COD,22,7,0,0,>50,39.36666666666667,3.0,0.0,0.0,-1,76,5685.009999999999,0.2299999999999999,0.6666666666666666,0.6666666666666666,0.0,0.0,0,0,0.0,0.0,0,0,0.0,11188.31,1,0,0.0,17055.03,3,0,0.0,0
LGS2ORD0026381,C015558,2025-07-28 22:00:00,Female,43,Gold,TV,Bangkok,276,TV_Show,Credit_Card,22,7,0,0,40-50,9.2,6.0,1.0,0.16666666666666666,95,26,5709.153333333333,0.33,0.6666666666666666,0.3333333333333333,0.0,0.0,0,0,0.0,577.42,1,0,0.0,15971.27,2,0,0.0,34254.92,6,1,0.16666666666666666,0
LGS2ORD0026382,C017931,2025-07-28 22:00:00,Female,72,Gold,Shopee,Chiang Mai,314,TV_Show,PromptPay,22,7,0,0,>50,10.466666666666667,5.0,1.0,0.2,81,41,2440.808,0.28,0.2,0.4,0.0,0.0,0,0,0.0,0.0,0,0,0.0,6870.04,2,1,0.5,12204.04,5,1,0.2,1
LGS2ORD0026383,C011131,2025-07-28 22:00:00,Female,42,Bronze,TV,Remote_Area,1425,Web,COD,22,7,0,0,40-50,47.5,6.0,0.0,0.0,-1,2,2527.2966666666666,0.28,0.6666666666666666,0.3333333333333333,0.0,2680.93,1,0,0.0,2680.93,1,0,0.0,6227.91,2,0,0.0,15163.779999999999,6,0,0.0,0
LGS2ORD0026384,C014288,2025-07-28 22:00:00,Female,58,Gold,Shopee,Remote_Area,1348,Lazada,COD,22,7,0,0,>50,44.93333333333333,5.0,0.0,0.0,-1,78,6968.568000000001,0.28,0.4,0.6,0.0,0.0,0,0,0.0,0.0,0,0,0.0,3383.05,2,0,0.0,34842.840000000004,5,0,0.0,1
LGS2ORD0026385,C013386,2025-07-28 23:00:00,Male,49,Gold,TV,Chiang Mai,488,Web,COD,23,7,0,0,40-50,16.266666666666666,5.0,0.0,0.0,-1,9,8322.928,0.33,0.4,0.4,0.0,0.0,0,0,0.0,4107.84,1,0,0.0,23492.62,2,0,0.0,41614.64,5,0,0.0,0
LGS2ORD0026386,C015144,2025-07-28 23:00:00,Male,56,Gold,Shopee,Chiang Mai,286,TV_Show,COD,23,7,0,0,>50,9.533333333333333,4.0,0.0,0.0,-1,70,5036.1875,0.33,0.5,0.5,0.0,0.0,0,0,0.0,0.0,0,0,0.0,15088.269999999999,2,0,0.0,20144.75,4,0,0.0,1
LGS2ORD0026387,C016329,2025-07-28 23:00:00,Female,41,Bronze,Shopee,Khon Kaen,648,Lazada,Credit_Card,23,7,0,0,40-50,21.6,7.0,2.0,0.2857142857142857,2,9,4151.691428571428,0.28,0.8571428571428571,0.2857142857142857,0.0,0.0,0,0,0.0,7781.29,2,2,1.0,9328.45,3,2,0.6666666666666666,29061.839999999997,7,2,0.2857142857142857,0
LGS2ORD0026388,C014425,2025-07-28 23:00:00,Female,35,Bronze,Web,Bangkok,472,TV_Show,COD,23,7,0,0,30-40,15.733333333333333,1.0,1.0,1.0,34,47,6650.78,0.28,1.0,1.0,0.0,0.0,0,0,0.0,0.0,0,0,0.0,6650.78,1,1,1.0,6650.78,1,1,1.0,0
LGS2ORD0026389,C012620,2025-07-28 23:00:00,Male,27,Silver,TV,Bangkok,1626,Shopee,COD,23,7,0,0,20-30,54.2,2.0,0.0,0.0,-1,41,1739.96,0.3,0.0,0.5,0.0,0.0,0,0,0.0,0.0,0,0,0.0,2575.87,1,0,0.0,3479.92,2,0,0.0,0
LGS2ORD0026390,C016650,2025-07-29 00:00:00,Male,53,Silver,Web,Bangkok,1167,CallCenter,Credit_Card,0,7,1,0,>50,38.9,4.0,1.0,0.25,119,124,16212.664999999999,0.25,0.75,0.25,0.0,0.0,0,0,0.0,0.0,0,0,0.0,0.0,0,0,0.0,64850.659999999996,4,1,0.25,0
LGS2ORD0026391,C016299,2025-07-29 00:00:00,Male,42,Platinum,Web,Bangkok,679,Lazada,COD,0,7,1,0,40-50,22.633333333333333,3.0,1.0,0.3333333333333333,145,5,9699.63,0.3,0.6666666666666666,1.0,0.0,1504.86,1,0,0.0,1504.86,1,0,0.0,25688.53,2,0,0.0,29098.89,3,1,0.3333333333333333,0
LGS2ORD0026392,C016396,2025-07-29 00:00:00,Female,30,Silver,Web,Chiang Mai,1636,Lazada,Credit_Card,0,7,1,0,20-30,54.53333333333333,6.0,4.0,0.6666666666666666,34,36,3114.7450000000003,0.3,0.16666666666666666,0.16666666666666666,0.0,0.0,0,0,0.0,0.0,0,0,0.0,3875.29,3,2,0.6666666666666666,18688.47,6,4,0.6666666666666666,0
LGS2ORD0026393,C011128,2025-07-29 00:00:00,Female,59,Gold,Lazada,Bangkok,922,TV_Show,Credit_Card,0,7,1,0,>50,30.733333333333334,6.0,2.0,0.3333333333333333,108,40,4196.968333333333,0.28,0.8333333333333334,0.5,0.0,0.0,0,0,0.0,0.0,0,0,0.0,8898.22,2,0,0.0,25181.81,6,2,0.3333333333333333,0
LGS2ORD0026394,C017416,2025-07-29 00:00:00,Male,50,Bronze,Shopee,Chiang Mai,1367,Shopee,COD,0,7,1,0,40-50,45.56666666666667,2.0,0.0,0.0,-1,58,4280.3949999999995,0.28,0.0,1.0,0.0,0.0,0,0,0.0,0.0,0,0,0.0,1774.18,1,0,0.0,8560.789999999999,2,0,0.0,0
LGS2ORD0026395,C016481,2025-07-29 01:00:00,Female,47,Silver,Web,Nakhon Ratchasima,1112,Lazada,PromptPay,1,7,1,0,40-50,37.06666666666667,1.0,0.0,0.0,-1,115,2089.94,0.3,0.0,1.0,0.0,0.0,0,0,0.0,0.0,0,0,0.0,0.0,0,0,0.0,2089.94,1,0,0.0,0
LGS2ORD0026396,C013907,2025-07-29 01:00:00,Male,46,Gold,Shopee,Songkhla,992,CallCenter,Credit_Card,1,7,1,0,40-50,33.06666666666667,4.0,1.0,0.25,157,104,6452.0650000000005,0.28,0.25,0.5,0.0,0.0,0,0,0.0,0.0,0,0,0.0,0.0,0,0,0.0,25808.260000000002,4,1,0.25,0
LGS2ORD0026397,C014312,2025-07-29 01:00:00,Female,41,Silver,CallCenter,Bangkok,253,CallCenter,COD,1,7,1,0,40-50,8.433333333333334,7.0,1.0,0.14285714285714285,189,6,3143.621428571428,0.3,0.2857142857142857,0.2857142857142857,0.0,804.75,1,0,0.0,804.75,1,0,0.0,1617.46,2,0,0.0,22005.35,7,1,0.14285714285714285,0
LGS2ORD0026398,C011854,2025-07-29 01:00:00,Male,57,Bronze,CallCenter,Remote_Area,744,CallCenter,COD,1,7,1,0,>50,24.8,4.0,2.0,0.5,157,31,2836.9824999999996,0.18,0.75,0.0,0.0,0.0,0,0,0.0,0.0,0,0,0.0,2608.56,1,0,0.0,11347.929999999998,4,2,0.5,1
LGS2ORD0026399,C012286,2025-07-29 01:00:00,Male,52,Bronze,Web,Khon Kaen,384,CallCenter,Bank_Transfer,1,7,1,0,>50,12.8,2.0,0.0,0.0,-1,21,2860.8450000000003,0.18,0.5,0.0,0.0,0.0,0,0,0.0,1819.02,1,0,0.0,5721.6900000000005,2,0,0.0,5721.6900000000005,2,0,0.0,0
LGS2ORD0026400,C015430,2025-07-29 01:00:00,Female,56,Bronze,TV,Songkhla,1178,Web,PromptPay,1,7,1,0,>50,39.266666666666666,3.0,0.0,0.0,-1,4,11040.076666666668,0.23,0.6666666666666666,0.3333333333333333,0.0,27284.7,1,0,0.0,31585.71,2,0,0.0,31585.71,2,0,0.0,33120.23,3,0,0.0,0
LGS2ORD0026401,C011864,2025-07-29 02:00:00,Female,32,Bronze,Lazada,Khon Kaen,295,CallCenter,COD,2,7,1,0,30-40,9.833333333333334,6.0,1.0,0.16666666666666666,2,14,2512.891666666667,0.28,0.5,0.5,0.0,0.0,0,0,0.0,6862.57,2,1,0.5,11110.9,5,1,0.2,15077.35,6,1,0.16666666666666666,0
LGS2ORD0026402,C013138,2025-07-29 02:00:00,Male,48,Bronze,TV,Khon Kaen,1260,Web,PromptPay,2,7,1,0,40-50,42.0,1.0,0.0,0.0,-1,126,2848.81,0.03,0.0,0.0,0.0,0.0,0,0,0.0,0.0,0,0,0.0,0.0,0,0,0.0,2848.81,1,0,0.0,0
LGS2ORD0026403,C017288,2025-07-29 02:00:00,Male,34,Bronze,Shopee,Khon Kaen,1400,Shopee,COD,2,7,1,0,30-40,46.666666666666664,5.0,1.0,0.2,127,32,9904.496000000001,0.23,0.4,0.4,0.0,0.0,0,0,0.0,0.0,0,0,0.0,28591.480000000003,3,0,0.0,49522.48,5,1,0.2,0
LGS2ORD0026404,C013324,2025-07-29 02:00:00,Female,54,Bronze,TV,Chiang Mai,1470,Shopee,Bank_Transfer,2,7,1,0,>50,49.0,3.0,2.0,0.6666666666666666,13,22,3369.2533333333326,0.28,0.3333333333333333,0.3333333333333333,0.0,0.0,0,0,0.0,8211.06,1,1,1.0,8211.06,1,1,1.0,10107.759999999998,3,2,0.6666666666666666,1
LGS2ORD0026405,C013039,2025-07-29 02:00:00,Female,61,Bronze,Web,Bangkok,1109,Lazada,COD,2,7,1,0,>50,36.96666666666667,2.0,1.0,0.5,10,24,9461.95,0.03,0.5,0.0,0.0,0.0,0,0,0.0,831.65,1,1,1.0,831.65,1,1,1.0,18923.9,2,1,0.5,1
LGS2ORD0026406,C012173,2025-07-29 03:00:00,Male,40,Bronze,Shopee,Songkhla,478,Web,Credit_Card,3,7,1,0,30-40,15.933333333333334,3.0,1.0,0.3333333333333333,58,72,5402.3966666666665,0.23,1.0,0.3333333333333333,0.0,0.0,0,0,0.0,0.0,0,0,0.0,5146.4,1,1,1.0,16207.189999999999,3,1,0.3333333333333333,0
LGS2ORD0026407,C013614,2025-07-29 03:00:00,Female,24,Silver,Shopee,Nakhon Ratchasima,297,Lazada,COD,3,7,1,0,20-30,9.9,0.0,0.0,0.0,-1,-1,0.0,0.0,0.0,0.0,0.0,0.0,0,0,0.0,0.0,0,0,0.0,0.0,0,0,0.0,0.0,0,0,0.0,1
LGS2ORD0026408,C015129,2025-07-29 03:00:00,Female,38,Gold,Shopee,Bangkok,616,Shopee,Credit_Card,3,7,1,0,30-40,20.533333333333335,3.0,0.0,0.0,-1,59,5531.740000000001,0.28,0.6666666666666666,0.6666666666666666,0.0,0.0,0,0,0.0,0.0,0,0,0.0,12345.89,1,0,0.0,16595.22,3,0,0.0,0
LGS2ORD0026409,C014087,2025-07-29 03:00:00,Female,69,Bronze,TV,Phuket,578,CallCenter,COD,3,7,1,0,>50,19.266666666666666,9.0,4.0,0.4444444444444444,22,19,14411.683333333334,0.28,0.8888888888888888,0.2222222222222222,0.1111111111111111,0.0,0,0,0.0,28425.5,2,0,0.0,55736.219999999994,4,2,0.5,129705.15000000001,9,4,0.4444444444444444,1
LGS2ORD0026410,C011600,2025-07-29 03:00:00,Female,26,Bronze,TV,Phuket,367,Web,COD,3,7,1,0,20-30,12.233333333333333,5.0,3.0,0.6,126,138,4861.794,0.23,0.6,0.2,0.0,0.0,0,0,0.0,0.0,0,0,0.0,0.0,0,0,0.0,24308.97,5,3,0.6,0
LGS2ORD0026411,C013341,2025-07-29 04:00:00,Female,34,Gold,TV,Remote_Area,1315,TV_Show,Credit_Card,4,7,1,0,30-40,43.833333333333336,1.0,0.0,0.0,-1,177,41339.42,0.08,0.0,0.0,0.0,0.0,0,0,0.0,0.0,0,0,0.0,0.0,0,0,0.0,41339.42,1,0,0.0,1
LGS2ORD0026412,C016052,2025-07-29 04:00:00,Male,31,Platinum,TV,Songkhla,420,Shopee,COD,4,7,1,0,30-40,14.0,3.0,1.0,0.3333333333333333,12,0,3404.2666666666664,0.35,0.3333333333333333,0.6666666666666666,0.0,7018.31,1,0,0.0,8365.560000000001,2,1,0.5,8365.560000000001,2,1,0.5,10212.8,3,1,0.3333333333333333,1
LGS2ORD0026413,C015662,2025-07-29 04:00:00,Female,42,Silver,Web,Chonburi,362,CallCenter,Credit_Card,4,7,1,0,40-50,12.066666666666666,4.0,1.0,0.25,58,45,1294.595,0.1,0.75,0.0,0.0,0.0,0,0,0.0,0.0,0,0,0.0,5178.38,4,1,0.25,5178.38,4,1,0.25,0
LGS2ORD0026414,C014332,2025-07-29 04:00:00,Female,36,Bronze,Web,Remote_Area,1113,CallCenter,Credit_Card,4,7,1,0,30-40,37.1,6.0,2.0,0.3333333333333333,25,31,6541.436666666666,0.28,0.6666666666666666,0.3333333333333333,0.0,0.0,0,0,0.0,0.0,0,0,0.0,576.88,1,1,1.0,39248.619999999995,6,2,0.3333333333333333,0
LGS2ORD0026415,C013583,2025-07-29 04:00:00,Female,39,Gold,Web,Chonburi,1024,Shopee,PromptPay,4,7,1,0,30-40,34.13333333333333,1.0,0.0,0.0,-1,116,1660.6,0.08,0.0,0.0,0.0,0.0,0,0,0.0,0.0,0,0,0.0,0.0,0,0,0.0,1660.6,1,0,0.0,0
LGS2ORD0026416,C016017,2025-07-29 05:00:00,Female,41,Bronze,TV,Bangkok,243,Web,PromptPay,5,7,1,0,40-50,8.1,5.0,2.0,0.4,56,49,2446.268,0.23,0.2,0.2,0.0,0.0,0,0,0.0,0.0,0,0,0.0,2732.5699999999997,2,1,0.5,12231.34,5,2,0.4,1
LGS2ORD0026417,C011893,2025-07-29 05:00:00,Male,37,Silver,Lazada,Chonburi,977,Web,COD,5,7,1,0,30-40,32.56666666666667,5.0,1.0,0.2,101,24,6852.048,0.3,0.8,0.6,0.0,0.0,0,0,0.0,24514.76,1,0,0.0,29999.86,2,0,0.0,34260.24,5,1,0.2,1
LGS2ORD0026418,C012404,2025-07-29 05:00:00,Female,67,Bronze,Lazada,Nakhon Ratchasima,786,TV_Show,COD,5,7,1,0,>50,26.2,3.0,2.0,0.6666666666666666,36,46,5258.926666666667,0.23,1.0,0.3333333333333333,0.0,0.0,0,0,0.0,0.0,0,0,0.0,14749.960000000001,2,1,0.5,15776.78,3,2,0.6666666666666666,1
LGS2ORD0026419,C016774,2025-07-29 05:00:00,Male,45,Silver,Shopee,Songkhla,1467,Web,Credit_Card,5,7,1,0,40-50,48.9,2.0,2.0,1.0,0,12,2772.16,0.3,0.5,0.5,0.0,0.0,0,0,0.0,3727.98,1,1,1.0,3727.98,1,1,1.0,5544.32,2,2,1.0,0
LGS2ORD0026420,C014617,2025-07-29 05:00:00,Male,45,Bronze,TV,Bangkok,1039,Web,COD,5,7,1,0,40-50,34.63333333333333,4.0,0.0,0.0,-1,41,8764.105,0.23,0.75,0.25,0.0,0.0,0,0,0.0,0.0,0,0,0.0,9979.17,1,0,0.0,35056.42,4,0,0.0,1
LGS2ORD0026421,C016010,2025-07-29 05:00:00,Male,45,Bronze,TV,Nakhon Ratchasima,900,Lazada,COD,5,7,1,0,40-50,30.0,6.0,1.0,0.16666666666666666,86,11,5877.29,0.23,0.8333333333333334,0.16666666666666666,0.0,0.0,0,0,0.0,10614.82,1,0,0.0,20341.489999999998,3,0,0.0,35263.74,6,1,0.16666666666666666,1
LGS2ORD0026422,C013462,2025-07-29 06:00:00,Female,57,Bronze,CallCenter,Chonburi,711,TV_Show,COD,6,7,1,0,>50,23.7,7.0,3.0,0.42857142857142855,-5,0,4555.711428571429,0.23,0.2857142857142857,0.14285714285714285,0.0,8295.25,1,1,1.0,8295.25,1,1,1.0,12021.99,3,2,0.6666666666666666,31889.98,7,3,0.42857142857142855,0
LGS2ORD0026423,C016770,2025-07-29 06:00:00,Female,38,Bronze,Shopee,Bangkok,606,Web,PromptPay,6,7,1,0,30-40,20.2,3.0,0.0,0.0,-1,45,5379.656666666667,0.18,0.3333333333333333,0.0,0.0,0.0,0,0,0.0,0.0,0,0,0.0,1610.87,1,0,0.0,16138.970000000001,3,0,0.0,0
LGS2ORD0026424,C014223,2025-07-29 06:00:00,Female,56,Bronze,Shopee,Nakhon Ratchasima,301,Lazada,Credit_Card,6,7,1,0,>50,10.033333333333333,2.0,2.0,1.0,141,150,4496.445,0.23,1.0,0.5,0.0,0.0,0,0,0.0,0.0,0,0,0.0,0.0,0,0,0.0,8992.89,2,2,1.0,0
LGS2ORD0026425,C011727,2025-07-29 06:00:00,Female,34,Bronze,Web,Phuket,1623,Shopee,COD,6,7,1,0,30-40,54.1,5.0,3.0,0.6,10,13,3223.95,0.23,0.4,0.2,0.0,0.0,0,0,0.0,12496.810000000001,2,1,0.5,13067.96,3,2,0.6666666666666666,16119.75,5,3,0.6,0
LGS2ORD0026426,C016389,2025-07-29 06:00:00,Male,49,Bronze,Lazada,Remote_Area,714,Shopee,Bank_Transfer,6,7,1,0,40-50,23.8,4.0,2.0,0.5,87,3,3939.2325,0.18,0.75,0.0,0.0,1112.37,1,0,0.0,1112.37,1,0,0.0,11690.46,2,0,0.0,15756.93,4,2,0.5,0
LGS2ORD0026427,C014469,2025-07-29 07:00:00,Female,18,Gold,TV,Chiang Mai,229,CallCenter,COD,7,7,1,0,<20,7.633333333333334,3.0,1.0,0.3333333333333333,184,24,5849.79,0.28,0.6666666666666666,0.6666666666666666,0.0,0.0,0,0,0.0,964.84,1,0,0.0,16173.6,2,0,0.0,17549.37,3,1,0.3333333333333333,0
LGS2ORD0026428,C013444,2025-07-29 07:00:00,Female,40,Gold,Web,Remote_Area,523,TV_Show,COD,7,7,1,0,30-40,17.433333333333334,3.0,1.0,0.3333333333333333,107,35,2680.69,0.28,0.3333333333333333,0.3333333333333333,0.0,0.0,0,0,0.0,0.0,0,0,0.0,3319.67,1,0,0.0,8042.070000000001,3,1,0.3333333333333333,0
LGS2ORD0026429,C010645,2025-07-29 07:00:00,Male,45,Bronze,TV,Chonburi,1503,Web,Credit_Card,7,7,1,0,40-50,50.1,8.0,3.0,0.375,16,8,8134.40375,0.28,0.5,0.25,0.0,0.0,0,0,0.0,52954.57000000001,3,1,0.3333333333333333,54417.130000000005,4,2,0.5,65075.23,8,3,0.375,1
LGS2ORD0026430,C015103,2025-07-29 07:00:00,Female,34,Bronze,Shopee,Bangkok,1431,CallCenter,Credit_Card,7,7,1,0,30-40,47.7,3.0,1.0,0.3333333333333333,7,22,2340.3700000000003,0.23,0.6666666666666666,0.3333333333333333,0.0,0.0,0,0,0.0,3866.84,1,1,1.0,7021.110000000001,3,1,0.3333333333333333,7021.110000000001,3,1,0.3333333333333333,1
LGS2ORD0026431,C011361,2025-07-29 07:00:00,Female,40,Bronze,TV,Remote_Area,1384,TV_Show,COD,7,7,1,0,30-40,46.13333333333333,8.0,2.0,0.25,30,39,6100.385,0.28,0.5,0.375,0.0,0.0,0,0,0.0,0.0,0,0,0.0,3375.48,1,1,1.0,48803.08,8,2,0.25,1
LGS2ORD0026432,C013282,2025-07-29 08:00:00,Female,56,Gold,TV,Remote_Area,1014,CallCenter,COD,8,7,1,0,>50,33.8,5.0,2.0,0.4,102,12,3158.9020000000005,0.28,0.6,0.6,0.0,0.0,0,0,0.0,715.54,1,0,0.0,2454.1099999999997,2,0,0.0,15794.510000000002,5,2,0.4,0
LGS2ORD0026433,C011017,2025-07-29 08:00:00,Female,45,Gold,TV,Nakhon Ratchasima,282,Web,COD,8,7,1,0,40-50,9.4,1.0,1.0,1.0,127,133,1149.56,0.08,1.0,0.0,0.0,0.0,0,0,0.0,0.0,0,0,0.0,0.0,0,0,0.0,1149.56,1,1,1.0,0
LGS2ORD0026434,C012006,2025-07-29 08:00:00,Female,33,Gold,Lazada,Bangkok,1279,Shopee,Credit_Card,8,7,1,0,30-40,42.63333333333333,2.0,0.0,0.0,-1,55,6119.27,0.2299999999999999,0.5,0.5,0.0,0.0,0,0,0.0,0.0,0,0,0.0,9935.33,1,0,0.0,12238.54,2,0,0.0,0
LGS2ORD0026435,C010537,2025-07-29 08:00:00,Female,64,Gold,TV,Songkhla,1504,Web,COD,8,7,1,0,>50,50.13333333333333,4.0,1.0,0.25,182,7,4426.3975,0.28,0.5,0.5,0.0,0.0,0,0,0.0,1389.82,1,0,0.0,1389.82,1,0,0.0,17705.59,4,1,0.25,0
LGS2ORD0026436,C017828,2025-07-29 08:00:00,Male,35,Gold,Shopee,Khon Kaen,1246,TV_Show,PromptPay,8,7,1,0,30-40,41.53333333333333,2.0,0.0,0.0,-1,14,7380.015,0.33,1.0,0.5,0.0,0.0,0,0,0.0,4012.33,1,0,0.0,4012.33,1,0,0.0,14760.03,2,0,0.0,1
LGS2ORD0026437,C015440,2025-07-29 09:00:00,Other,57,Bronze,Web,Phuket,903,Lazada,Credit_Card,9,7,1,0,>50,30.1,3.0,0.0,0.0,-1,68,3996.463333333333,0.28,0.3333333333333333,0.6666666666666666,0.0,0.0,0,0,0.0,0.0,0,0,0.0,10966.31,2,0,0.0,11989.39,3,0,0.0,0
LGS2ORD0026438,C017366,2025-07-29 09:00:00,Female,32,Bronze,Shopee,Chonburi,1470,Shopee,PromptPay,9,7,1,0,30-40,49.0,1.0,0.0,0.0,-1,80,3414.66,0.03,1.0,0.0,0.0,0.0,0,0,0.0,0.0,0,0,0.0,3414.66,1,0,0.0,3414.66,1,0,0.0,0
LGS2ORD0026439,C013378,2025-07-29 09:00:00,Female,50,Bronze,Lazada,Bangkok,876,CallCenter,COD,9,7,1,0,40-50,29.2,3.0,1.0,0.3333333333333333,119,18,17687.946666666667,0.23,0.6666666666666666,0.3333333333333333,0.0,0.0,0,0,0.0,8237.23,1,0,0.0,8237.23,1,0,0.0,53063.84,3,1,0.3333333333333333,0
LGS2ORD0026440,C010180,2025-07-29 09:00:00,Female,43,Gold,Lazada,Bangkok,1524,Lazada,Credit_Card,9,7,1,0,40-50,50.8,2.0,1.0,0.5,93,81,6144.085,0.18,0.0,0.0,0.0,0.0,0,0,0.0,0.0,0,0,0.0,2376.19,1,0,0.0,12288.17,2,1,0.5,1
LGS2ORD0026441,C017269,2025-07-29 09:00:00,Female,51,Bronze,Web,Bangkok,1649,Web,COD,9,7,1,0,>50,54.96666666666667,8.0,2.0,0.25,14,21,8641.0625,0.23,0.75,0.125,0.0,0.0,0,0,0.0,35669.8,1,1,1.0,39868.420000000006,2,1,0.5,69128.5,8,2,0.25,0
LGS2ORD0026442,C014738,2025-07-29 09:00:00,Male,55,Bronze,TV,Chonburi,632,TV_Show,Credit_Card,9,7,1,0,>50,21.066666666666666,3.0,2.0,0.6666666666666666,92,38,1601.5433333333333,0.23,1.0,0.3333333333333333,0.0,0.0,0,0,0.0,0.0,0,0,0.0,1042.42,1,0,0.0,4804.63,3,2,0.6666666666666666,0
LGS2ORD0026443,C014870,2025-07-29 10:00:00,Male,71,Bronze,Lazada,Bangkok,1662,TV_Show,Credit_Card,10,7,1,0,>50,55.4,3.0,0.0,0.0,-1,172,7751.026666666668,0.18,0.3333333333333333,0.0,0.0,0.0,0,0,0.0,0.0,0,0,0.0,0.0,0,0,0.0,23253.08,3,0,0.0,0
LGS2ORD0026444,C012445,2025-07-29 10:00:00,Male,42,Bronze,CallCenter,Chonburi,351,TV_Show,COD,10,7,1,0,40-50,11.7,2.0,1.0,0.5,51,9,1726.7949999999998,0.18,0.5,0.0,0.0,0.0,0,0,0.0,2580.95,1,0,0.0,3453.5899999999997,2,1,0.5,3453.5899999999997,2,1,0.5,1
LGS2ORD0026445,C012951,2025-07-29 10:00:00,Female,58,Gold,TV,Khon Kaen,930,CallCenter,Credit_Card,10,7,1,0,>50,31.0,3.0,0.0,0.0,-1,34,5332.723333333333,0.2299999999999999,0.3333333333333333,0.3333333333333333,0.0,0.0,0,0,0.0,0.0,0,0,0.0,12767.41,2,0,0.0,15998.17,3,0,0.0,0
LGS2ORD0026446,C012991,2025-07-29 10:00:00,Male,48,Platinum,Shopee,Phuket,1112,Web,PromptPay,10,7,1,0,40-50,37.06666666666667,3.0,1.0,0.3333333333333333,180,146,2179.3866666666668,0.15,1.0,0.0,0.0,0.0,0,0,0.0,0.0,0,0,0.0,0.0,0,0,0.0,6538.16,3,1,0.3333333333333333,0
LGS2ORD0026447,C016123,2025-07-29 10:00:00,Male,33,Bronze,TV,Bangkok,458,Web,Bank_Transfer,10,7,1,0,30-40,15.266666666666667,1.0,0.0,0.0,-1,8,10753.23,0.03,1.0,0.0,0.0,0.0,0,0,0.0,10753.23,1,0,0.0,10753.23,1,0,0.0,10753.23,1,0,0.0,0
LGS2ORD0026448,C016686,2025-07-29 11:00:00,Male,48,Bronze,Shopee,Nakhon Ratchasima,844,CallCenter,COD,11,7,1,0,40-50,28.133333333333333,0.0,0.0,0.0,-1,-1,0.0,0.0,0.0,0.0,0.0,0.0,0,0,0.0,0.0,0,0,0.0,0.0,0,0,0.0,0.0,0,0,0.0,0
LGS2ORD0026449,C011026,2025-07-29 11:00:00,Male,31,Bronze,Web,Bangkok,1112,Lazada,COD,11,7,1,0,30-40,37.06666666666667,6.0,0.0,0.0,-1,46,7986.7699999999995,0.13,0.5,0.0,0.0,0.0,0,0,0.0,0.0,0,0,0.0,32726.91,2,0,0.0,47920.619999999995,6,0,0.0,0
LGS2ORD0026450,C014250,2025-07-29 11:00:00,Male,36,Silver,TV,Chonburi,1661,Lazada,COD,11,7,1,0,30-40,55.36666666666667,1.0,1.0,1.0,183,194,2041.78,0.25,0.0,1.0,0.0,0.0,0,0,0.0,0.0,0,0,0.0,0.0,0,0,0.0,2041.78,1,1,1.0,0
LGS2ORD0026451,C012085,2025-07-29 11:00:00,Female,52,Gold,Web,Bangkok,1085,Lazada,COD,11,7,1,0,>50,36.166666666666664,0.0,0.0,0.0,-1,-1,0.0,0.0,0.0,0.0,0.0,0.0,0,0,0.0,0.0,0,0,0.0,0.0,0,0,0.0,0.0,0,0,0.0,0
LGS2ORD0026452,C012558,2025-07-29 11:00:00,Male,39,Bronze,Lazada,Songkhla,1401,Shopee,PromptPay,11,7,1,0,30-40,46.7,4.0,2.0,0.5,21,23,9501.210000000001,0.23,0.5,0.5,0.0,0.0,0,0,0.0,22963.08,1,0,0.0,33468.67,3,2,0.6666666666666666,38004.840000000004,4,2,0.5,0
LGS2ORD0026453,C017549,2025-07-29 12:00:00,Male,48,Bronze,Shopee,Remote_Area,936,Shopee,Bank_Transfer,12,7,1,0,40-50,31.2,2.0,2.0,1.0,57,70,6058.27,0.28,1.0,0.5,0.0,0.0,0,0,0.0,0.0,0,0,0.0,5672.63,1,1,1.0,12116.54,2,2,1.0,1
LGS2ORD0026454,C010107,2025-07-29 12:00:00,Female,72,Bronze,Shopee,Chiang Mai,358,Lazada,PromptPay,12,7,1,0,>50,11.933333333333334,4.0,2.0,0.5,12,21,8021.96,0.13,0.5,0.0,0.0,0.0,0,0,0.0,24692.55,1,1,1.0,30132.14,3,2,0.6666666666666666,32087.84,4,2,0.5,0
LGS2ORD0026455,C014376,2025-07-29 12:00:00,Female,51,Bronze,Shopee,Bangkok,1076,Web,PromptPay,12,7,1,0,>50,35.86666666666667,3.0,1.0,0.3333333333333333,112,89,8381.306666666667,0.23,0.3333333333333333,0.3333333333333333,0.0,0.0,0,0,0.0,0.0,0,0,0.0,1368.27,1,0,0.0,25143.920000000002,3,1,0.3333333333333333,0
LGS2ORD0026456,C015290,2025-07-29 12:00:00,Female,39,Bronze,Lazada,Chiang Mai,1456,Shopee,Credit_Card,12,7,1,0,30-40,48.53333333333333,4.0,0.0,0.0,-1,56,2532.0225,0.18,0.75,0.0,0.0,0.0,0,0,0.0,0.0,0,0,0.0,4820.7,1,0,0.0,10128.09,4,0,0.0,0
LGS2ORD0026457,C016658,2025-07-29 12:00:00,Male,47,Silver,Lazada,Chiang Mai,631,TV_Show,COD,12,7,1,0,40-50,21.033333333333335,4.0,1.0,0.25,70,63,9739.5575,0.25,0.5,0.25,0.0,0.0,0,0,0.0,0.0,0,0,0.0,16006.64,2,1,0.5,38958.23,4,1,0.25,1
LGS2ORD0026458,C013759,2025-07-29 13:00:00,Female,72,Bronze,Lazada,Nakhon Ratchasima,353,TV_Show,COD,13,7,1,0,>50,11.766666666666667,5.0,2.0,0.4,26,42,5144.87,0.28,0.4,0.4,0.0,0.0,0,0,0.0,0.0,0,0,0.0,22300.29,3,2,0.6666666666666666,25724.35,5,2,0.4,1
LGS2ORD0026459,C017669,2025-07-29 13:00:00,Female,33,Bronze,TV,Remote_Area,687,CallCenter,Bank_Transfer,13,7,1,0,30-40,22.9,7.0,2.0,0.2857142857142857,144,42,5719.272857142857,0.23,0.5714285714285714,0.2857142857142857,0.0,0.0,0,0,0.0,0.0,0,0,0.0,7474.75,2,0,0.0,40034.909999999996,7,2,0.2857142857142857,0
LGS2ORD0026460,C014688,2025-07-29 13:00:00,Male,39,Gold,CallCenter,Bangkok,241,Web,Credit_Card,13,7,1,0,30-40,8.033333333333333,3.0,1.0,0.3333333333333333,0,12,5029.696666666667,0.18,0.6666666666666666,0.0,0.0,0.0,0,0,0.0,6780.76,1,1,1.0,6780.76,1,1,1.0,15089.09,3,1,0.3333333333333333,0
LGS2ORD0026461,C015648,2025-07-29 13:00:00,Male,38,Silver,TV,Bangkok,665,TV_Show,COD,13,7,1,0,30-40,22.166666666666668,7.0,2.0,0.2857142857142857,24,39,1653.1557142857143,0.25,0.7142857142857143,0.2857142857142857,0.0,0.0,0,0,0.0,0.0,0,0,0.0,3459.8999999999996,3,1,0.3333333333333333,11572.09,7,2,0.2857142857142857,1
LGS2ORD0026462,C010141,2025-07-29 13:00:00,Female,30,Bronze,Web,Bangkok,331,Web,COD,13,7,1,0,20-30,11.033333333333333,3.0,1.0,0.3333333333333333,138,127,5169.8099999999995,0.23,0.3333333333333333,0.6666666666666666,0.0,0.0,0,0,0.0,0.0,0,0,0.0,0.0,0,0,0.0,15509.429999999998,3,1,0.3333333333333333,0
LGS2ORD0026463,C017819,2025-07-29 13:00:00,Female,44,Bronze,Shopee,Bangkok,1122,TV_Show,COD,13,7,1,0,40-50,37.4,3.0,0.0,0.0,-1,2,3177.2433333333333,0.23,0.3333333333333333,0.3333333333333333,0.0,2677.41,1,0,0.0,2677.41,1,0,0.0,2677.41,1,0,0.0,9531.73,3,0,0.0,0
LGS2ORD0026464,C017639,2025-07-29 14:00:00,Female,49,Silver,Shopee,Remote_Area,968,Web,COD,14,7,1,0,40-50,32.266666666666666,4.0,2.0,0.5,2,17,1540.3274999999999,0.3,1.0,0.5,0.0,0.0,0,0,0.0,2556.49,1,1,1.0,3783.8999999999996,2,1,0.5,6161.3099999999995,4,2,0.5,1
LGS2ORD0026465,C015750,2025-07-29 14:00:00,Female,46,Gold,Lazada,Bangkok,886,Shopee,COD,14,7,1,0,40-50,29.533333333333335,7.0,2.0,0.2857142857142857,147,29,5038.340000000001,0.28,0.5714285714285714,0.2857142857142857,0.0,0.0,0,0,0.0,17345.74,1,0,0.0,19394.58,2,0,0.0,35268.380000000005,7,2,0.2857142857142857,0
LGS2ORD0026466,C014067,2025-07-29 14:00:00,Male,38,Bronze,TV,Chiang Mai,496,CallCenter,COD,14,7,1,0,30-40,16.533333333333335,1.0,0.0,0.0,-1,142,19224.37,0.23,0.0,1.0,0.0,0.0,0,0,0.0,0.0,0,0,0.0,0.0,0,0,0.0,19224.37,1,0,0.0,1
LGS2ORD0026467,C015038,2025-07-29 14:00:00,Female,72,Silver,Shopee,Nakhon Ratchasima,1191,TV_Show,COD,14,7,1,0,>50,39.7,3.0,1.0,0.3333333333333333,35,46,5969.973333333334,0.25,0.6666666666666666,0.3333333333333333,0.0,0.0,0,0,0.0,0.0,0,0,0.0,10817.83,2,1,0.5,17909.920000000002,3,1,0.3333333333333333,0
LGS2ORD0026468,C011849,2025-07-29 14:00:00,Female,36,Gold,CallCenter,Songkhla,1375,Shopee,Credit_Card,14,7,1,0,30-40,45.833333333333336,3.0,1.0,0.3333333333333333,50,55,3163.653333333333,0.28,0.3333333333333333,0.6666666666666666,0.0,0.0,0,0,0.0,0.0,0,0,0.0,3333.82,1,1,1.0,9490.96,3,1,0.3333333333333333,0
LGS2ORD0026469,C010160,2025-07-29 15:00:00,Female,61,Bronze,Lazada,Chonburi,977,Web,Credit_Card,15,7,1,0,>50,32.56666666666667,5.0,0.0,0.0,-1,27,5346.0599999999995,0.28,0.2,0.2,0.2,0.0,0,0,0.0,5121.98,1,0,0.0,23576.85,3,0,0.0,26730.3,5,0,0.0,0
LGS2ORD0026470,C016163,2025-07-29 15:00:00,Male,32,Bronze,Shopee,Phuket,356,Lazada,COD,15,7,1,0,30-40,11.866666666666667,5.0,3.0,0.6,-2,11,6575.138000000001,0.23,0.2,0.2,0.0,0.0,0,0,0.0,4865.15,1,1,1.0,16106.18,3,2,0.6666666666666666,32875.69,5,3,0.6,0
LGS2ORD0026471,C013075,2025-07-29 15:00:00,Female,51,Silver,TV,Bangkok,868,Lazada,COD,15,7,1,0,>50,28.933333333333334,3.0,1.0,0.3333333333333333,91,101,7733.206666666666,0.25,0.3333333333333333,0.6666666666666666,0.0,0.0,0,0,0.0,0.0,0,0,0.0,0.0,0,0,0.0,23199.62,3,1,0.3333333333333333,0
LGS2ORD0026472,C011423,2025-07-29 15:00:00,Other,60,Bronze,Shopee,Bangkok,1623,Lazada,Credit_Card,15,7,1,0,>50,54.1,8.0,2.0,0.25,9,8,5907.7425,0.18,0.75,0.0,0.0,0.0,0,0,0.0,24834.350000000002,3,1,0.3333333333333333,33421.369999999995,4,1,0.25,47261.94,8,2,0.25,0
LGS2ORD0026473,C016747,2025-07-29 15:00:00,Female,26,Bronze,TV,Bangkok,1632,Shopee,COD,15,7,1,0,20-30,54.4,8.0,4.0,0.5,22,28,4259.73625,0.23,0.5,0.125,0.0,0.0,0,0,0.0,20458.21,1,1,1.0,30307.809999999998,6,2,0.3333333333333333,34077.89,8,4,0.5,0
LGS2ORD0026474,C015213,2025-07-29 16:00:00,Male,36,Silver,Shopee,Nakhon Ratchasima,652,CallCenter,COD,16,7,1,0,30-40,21.733333333333334,2.0,1.0,0.5,51,63,5050.59,0.3,0.5,0.5,0.0,0.0,0,0,0.0,0.0,0,0,0.0,9782.43,1,1,1.0,10101.18,2,1,0.5,0
LGS2ORD0026475,C013934,2025-07-29 16:00:00,Female,36,Bronze,CallCenter,Khon Kaen,463,CallCenter,Credit_Card,16,7,1,0,30-40,15.433333333333334,4.0,0.0,0.0,-1,83,12413.782500000001,0.23,0.25,0.5,0.0,0.0,0,0,0.0,0.0,0,0,0.0,1704.72,1,0,0.0,49655.130000000005,4,0,0.0,0
LGS2ORD0026476,C016223,2025-07-29 16:00:00,Female,30,Bronze,Web,Bangkok,1660,CallCenter,COD,16,7,1,0,20-30,55.333333333333336,0.0,0.0,0.0,-1,-1,0.0,0.0,0.0,0.0,0.0,0.0,0,0,0.0,0.0,0,0,0.0,0.0,0,0,0.0,0.0,0,0,0.0,0
LGS2ORD0026477,C017726,2025-07-29 16:00:00,Male,51,Platinum,Web,Chiang Mai,1350,Lazada,COD,16,7,1,0,>50,45.0,3.0,0.0,0.0,-1,23,3747.036666666667,0.25,0.3333333333333333,0.3333333333333333,0.0,0.0,0,0,0.0,4468.75,1,0,0.0,8250.54,2,0,0.0,11241.11,3,0,0.0,0
LGS2ORD0026478,C015972,2025-07-29 16:00:00,Male,46,Gold,CallCenter,Bangkok,1610,TV_Show,Credit_Card,16,7,1,0,40-50,53.666666666666664,6.0,0.0,0.0,-1,26,5806.13,0.28,0.6666666666666666,0.6666666666666666,0.0,0.0,0,0,0.0,1126.85,1,0,0.0,21059.39,3,0,0.0,34836.78,6,0,0.0,0
LGS2ORD0026479,C012577,2025-07-29 17:00:00,Male,60,Gold,TV,Chonburi,1243,Web,Credit_Card,17,7,1,0,>50,41.43333333333333,5.0,1.0,0.2,12,17,3740.4900000000002,0.33,0.2,0.6,0.0,0.0,0,0,0.0,7057.25,3,1,0.3333333333333333,18702.45,5,1,0.2,18702.45,5,1,0.2,0
LGS2ORD0026480,C011251,2025-07-29 17:00:00,Male,33,Silver,TV,Chonburi,712,TV_Show,PromptPay,17,7,1,0,30-40,23.733333333333334,1.0,0.0,0.0,-1,88,5606.14,0.25,0.0,1.0,0.0,0.0,0,0,0.0,0.0,0,0,0.0,5606.14,1,0,0.0,5606.14,1,0,0.0,0
LGS2ORD0026481,C013559,2025-07-29 17:00:00,Male,44,Silver,TV,Songkhla,321,Shopee,PromptPay,17,7,1,0,40-50,10.7,6.0,3.0,0.5,4,1,7820.356666666667,0.25,0.8333333333333334,0.16666666666666666,0.0,13629.36,1,0,0.0,23266.989999999998,2,1,0.5,46418.49,5,3,0.6,46922.14,6,3,0.5,1
LGS2ORD0026482,C010606,2025-07-29 17:00:00,Female,56,Gold,Lazada,Bangkok,803,TV_Show,Credit_Card,17,7,1,0,>50,26.766666666666666,0.0,0.0,0.0,-1,-1,0.0,0.0,0.0,0.0,0.0,0.0,0,0,0.0,0.0,0,0,0.0,0.0,0,0,0.0,0.0,0,0,0.0,0
LGS2ORD0026483,C013662,2025-07-29 17:00:00,Female,39,Silver,Web,Bangkok,402,TV_Show,Credit_Card,17,7,1,0,30-40,13.4,3.0,1.0,0.3333333333333333,22,15,2817.286666666667,0.2,0.3333333333333333,0.0,0.0,0.0,0,0,0.0,2987.05,1,0,0.0,8451.86,3,1,0.3333333333333333,8451.86,3,1,0.3333333333333333,0
LGS2ORD0026484,C017782,2025-07-29 17:00:00,Female,60,Platinum,TV,Bangkok,1547,Lazada,Credit_Card,17,7,1,0,>50,51.56666666666667,2.0,0.0,0.0,-1,28,3234.705,0.3,0.0,0.5,0.0,0.0,0,0,0.0,5083.83,1,0,0.0,5083.83,1,0,0.0,6469.41,2,0,0.0,0
LGS2ORD0026485,C010784,2025-07-29 18:00:00,Female,51,Silver,Lazada,Khon Kaen,1308,Web,PromptPay,18,7,1,0,>50,43.6,7.0,2.0,0.2857142857142857,149,9,5219.771428571427,0.25,0.2857142857142857,0.14285714285714285,0.0,0.0,0,0,0.0,21682.85,1,0,0.0,24439.899999999998,3,0,0.0,36538.399999999994,7,2,0.2857142857142857,0
LGS2ORD0026486,C014569,2025-07-29 18:00:00,Male,34,Bronze,TV,Remote_Area,531,Shopee,PromptPay,18,7,1,0,30-40,17.7,1.0,0.0,0.0,-1,186,2765.78,0.08,0.0,0.0,0.0,0.0,0,0,0.0,0.0,0,0,0.0,0.0,0,0,0.0,2765.78,1,0,0.0,0
LGS2ORD0026487,C014605,2025-07-29 18:00:00,Female,26,Silver,Shopee,Nakhon Ratchasima,1592,Web,COD,18,7,1,0,20-30,53.06666666666667,3.0,0.0,0.0,-1,83,4058.7599999999998,0.25,0.6666666666666666,0.3333333333333333,0.0,0.0,0,0,0.0,0.0,0,0,0.0,1636.16,1,0,0.0,12176.279999999999,3,0,0.0,0
LGS2ORD0026488,C016025,2025-07-29 18:00:00,Male,32,Bronze,TV,Chiang Mai,1140,Web,PromptPay,18,7,1,0,30-40,38.0,3.0,0.0,0.0,-1,62,11761.803333333335,0.13,0.6666666666666666,0.0,0.0,0.0,0,0,0.0,0.0,0,0,0.0,21728.620000000003,2,0,0.0,35285.41,3,0,0.0,0
LGS2ORD0026489,C013355,2025-07-29 18:00:00,Female,41,Silver,Web,Phuket,1246,TV_Show,COD,18,7,1,0,40-50,41.53333333333333,3.0,2.0,0.6666666666666666,9,7,2360.813333333333,0.3,0.6666666666666666,1.0,0.0,0.0,0,0,0.0,2767.37,2,1,0.5,2767.37,2,1,0.5,7082.44,3,2,0.6666666666666666,1
LGS2ORD0026490,C017487,2025-07-29 19:00:00,Male,36,Bronze,TV,Chiang Mai,409,TV_Show,COD,19,7,1,0,30-40,13.633333333333333,2.0,0.0,0.0,-1,34,4676.355,0.13,0.0,0.0,0.0,0.0,0,0,0.0,0.0,0,0,0.0,9352.71,2,0,0.0,9352.71,2,0,0.0,0
LGS2ORD0026491,C011282,2025-07-29 19:00:00,Male,52,Bronze,Web,Chiang Mai,1094,Shopee,COD,19,7,1,0,>50,36.46666666666667,4.0,1.0,0.25,120,119,3277.6425,0.28,0.5,0.5,0.0,0.0,0,0,0.0,0.0,0,0,0.0,0.0,0,0,0.0,13110.57,4,1,0.25,0
LGS2ORD0026492,C010707,2025-07-29 19:00:00,Male,29,Platinum,Lazada,Bangkok,310,Shopee,COD,19,7,1,0,20-30,10.333333333333334,1.0,0.0,0.0,-1,15,1882.33,0.3,0.0,1.0,0.0,0.0,0,0,0.0,1882.33,1,0,0.0,1882.33,1,0,0.0,1882.33,1,0,0.0,1
LGS2ORD0026493,C010885,2025-07-29 19:00:00,Female,45,Silver,Web,Bangkok,1197,TV_Show,COD,19,7,1,0,40-50,39.9,2.0,0.0,0.0,-1,79,2676.285,0.2,1.0,0.0,0.0,0.0,0,0,0.0,0.0,0,0,0.0,5352.57,2,0,0.0,5352.57,2,0,0.0,0
LGS2ORD0026494,C014334,2025-07-29 19:00:00,Female,34,Gold,Web,Chonburi,1457,Shopee,Credit_Card,19,7,1,0,30-40,48.56666666666667,3.0,0.0,0.0,-1,14,2719.403333333333,0.28,0.6666666666666666,0.6666666666666666,0.0,0.0,0,0,0.0,3802.04,2,0,0.0,3802.04,2,0,0.0,8158.21,3,0,0.0,1
LGS2ORD0026495,C015513,2025-07-29 20:00:00,Female,41,Silver,Web,Nakhon Ratchasima,1152,Shopee,Credit_Card,20,7,1,0,40-50,38.4,2.0,1.0,0.5,2,13,1995.94,0.2,0.5,0.0,0.0,0.0,0,0,0.0,1086.58,1,1,1.0,3991.88,2,1,0.5,3991.88,2,1,0.5,0
LGS2ORD0026496,C010115,2025-07-29 20:00:00,Female,43,Silver,Web,Bangkok,287,TV_Show,PromptPay,20,7,1,0,40-50,9.566666666666666,1.0,1.0,1.0,104,114,17432.1,0.3,1.0,1.0,0.0,0.0,0,0,0.0,0.0,0,0,0.0,0.0,0,0,0.0,17432.1,1,1,1.0,0
LGS2ORD0026497,C015246,2025-07-29 20:00:00,Female,39,Bronze,Shopee,Bangkok,798,Lazada,COD,20,7,1,0,30-40,26.6,2.0,0.0,0.0,-1,150,9200.86,0.23,0.5,0.5,0.0,0.0,0,0,0.0,0.0,0,0,0.0,0.0,0,0,0.0,18401.72,2,0,0.0,0
LGS2ORD0026498,C011519,2025-07-29 20:00:00,Male,59,Bronze,CallCenter,Remote_Area,565,Web,PromptPay,20,7,1,0,>50,18.833333333333332,6.0,2.0,0.3333333333333333,100,47,3473.5316666666663,0.23,0.5,0.16666666666666666,0.0,0.0,0,0,0.0,0.0,0,0,0.0,8763.96,2,0,0.0,20841.19,6,2,0.3333333333333333,0
LGS2ORD0026499,C015412,2025-07-29 20:00:00,Male,39,Silver,Shopee,Nakhon Ratchasima,684,Web,Credit_Card,20,7,1,0,30-40,22.8,7.0,2.0,0.2857142857142857,51,38,7400.771428571429,0.25,0.5714285714285714,0.2857142857142857,0.0,0.0,0,0,0.0,0.0,0,0,0.0,38418.0,4,1,0.25,51805.4,7,2,0.2857142857142857,0
LGS2ORD0026500,C010414,2025-07-29 21:00:00,Male,65,Bronze,Lazada,Songkhla,792,Web,COD,21,7,1,0,>50,26.4,4.0,1.0,0.25,86,7,6264.8325,0.23,0.75,0.25,0.0,0.0,0,0,0.0,6571.09,1,0,0.0,7560.7,2,0,0.0,25059.33,4,1,0.25,1
LGS2ORD0026501,C017241,2025-07-29 21:00:00,Male,58,Bronze,TV,Phuket,1434,TV_Show,Credit_Card,21,7,1,0,>50,47.8,2.0,0.0,0.0,-1,152,2904.665,0.13,0.5,0.0,0.0,0.0,0,0,0.0,0.0,0,0,0.0,0.0,0,0,0.0,5809.33,2,0,0.0,0
LGS2ORD0026502,C010464,2025-07-29 21:00:00,Female,45,Gold,CallCenter,Bangkok,384,Lazada,COD,21,7,1,0,40-50,12.8,4.0,0.0,0.0,-1,74,2009.4175,0.2299999999999999,0.25,0.75,0.0,0.0,0,0,0.0,0.0,0,0,0.0,3849.15,2,0,0.0,8037.67,4,0,0.0,0
LGS2ORD0026503,C016481,2025-07-29 21:00:00,Female,47,Silver,Web,Nakhon Ratchasima,1112,Lazada,Credit_Card,21,7,1,0,40-50,37.06666666666667,2.0,0.0,0.0,-1,0,1498.385,0.3,0.0,0.5,0.0,906.83,1,0,0.0,906.83,1,0,0.0,906.83,1,0,0.0,2996.77,2,0,0.0,0
LGS2ORD0026504,C011712,2025-07-29 21:00:00,Other,54,Bronze,Shopee,Phuket,1343,Shopee,Credit_Card,21,7,1,0,>50,44.766666666666666,6.0,3.0,0.5,-5,7,3642.3000000000006,0.28,0.5,0.5,0.0,0.0,0,0,0.0,7354.85,1,1,1.0,11330.62,3,2,0.6666666666666666,21853.800000000003,6,3,0.5,0
LGS2ORD0026505,C010183,2025-07-29 21:00:00,Male,38,Bronze,Lazada,Chiang Mai,700,Lazada,PromptPay,21,7,1,0,30-40,23.333333333333332,4.0,1.0,0.25,145,31,1846.9975000000002,0.18,0.25,0.0,0.0,0.0,0,0,0.0,0.0,0,0,0.0,3383.8900000000003,2,0,0.0,7387.990000000001,4,1,0.25,0
LGS2ORD0026506,C012289,2025-07-29 22:00:00,Male,45,Bronze,TV,Songkhla,1391,Web,COD,22,7,1,0,40-50,46.36666666666667,7.0,5.0,0.7142857142857143,-12,2,7844.174285714286,0.23,0.7142857142857143,0.42857142857142855,0.0,3038.45,1,1,1.0,3038.45,1,1,1.0,18701.03,3,2,0.6666666666666666,54909.22,7,5,0.7142857142857143,1
LGS2ORD0026507,C016670,2025-07-29 22:00:00,Female,27,Bronze,Shopee,Nakhon Ratchasima,1266,CallCenter,Credit_Card,22,7,1,0,20-30,42.2,4.0,1.0,0.25,188,23,2485.71,0.18,0.25,0.0,0.0,0.0,0,0,0.0,5953.18,1,0,0.0,5953.18,1,0,0.0,9942.84,4,1,0.25,0
LGS2ORD0026508,C016672,2025-07-29 22:00:00,Female,48,Bronze,Lazada,Chonburi,757,CallCenter,COD,22,7,1,0,40-50,25.233333333333334,2.0,1.0,0.5,183,194,1393.865,0.18,0.5,0.0,0.0,0.0,0,0,0.0,0.0,0,0,0.0,0.0,0,0,0.0,2787.73,2,1,0.5,1
LGS2ORD0026509,C012428,2025-07-29 22:00:00,Male,45,Silver,Shopee,Remote_Area,674,TV_Show,Bank_Transfer,22,7,1,0,40-50,22.466666666666665,2.0,0.0,0.0,-1,40,6471.985000000001,0.1,0.0,0.0,0.0,0.0,0,0,0.0,0.0,0,0,0.0,7433.27,1,0,0.0,12943.970000000001,2,0,0.0,0
LGS2ORD0026510,C012963,2025-07-29 22:00:00,Female,35,Bronze,TV,Khon Kaen,564,Shopee,COD,22,7,1,0,30-40,18.8,4.0,0.0,0.0,-1,12,9910.8325,0.23,0.5,0.25,0.0,0.0,0,0,0.0,25880.489999999998,2,0,0.0,25880.489999999998,2,0,0.0,39643.33,4,0,0.0,0
LGS2ORD0026511,C014366,2025-07-29 23:00:00,Other,44,Gold,TV,Khon Kaen,1110,CallCenter,COD,23,7,1,0,40-50,37.0,3.0,1.0,0.3333333333333333,54,62,8296.9,0.28,0.3333333333333333,1.0,0.0,0.0,0,0,0.0,0.0,0,0,0.0,15859.68,1,1,1.0,24890.7,3,1,0.3333333333333333,0
LGS2ORD0026512,C015200,2025-07-29 23:00:00,Male,31,Platinum,Lazada,Bangkok,544,TV_Show,Credit_Card,23,7,1,0,30-40,18.133333333333333,5.0,0.0,0.0,-1,97,4298.644,0.15,0.0,0.0,0.0,0.0,0,0,0.0,0.0,0,0,0.0,0.0,0,0,0.0,21493.22,5,0,0.0,0
LGS2ORD0026513,C017689,2025-07-29 23:00:00,Female,51,Silver,Web,Nakhon Ratchasima,825,TV_Show,COD,23,7,1,0,>50,27.5,2.0,1.0,0.5,51,40,1116.805,0.25,1.0,0.5,0.0,0.0,0,0,0.0,0.0,0,0,0.0,2233.61,2,1,0.5,2233.61,2,1,0.5,1
LGS2ORD0026514,C012551,2025-07-29 23:00:00,Male,43,Silver,Lazada,Bangkok,1329,Web,Bank_Transfer,23,7,1,0,40-50,44.3,3.0,0.0,0.0,-1,36,1255.3133333333333,0.2,0.6666666666666666,0.0,0.0,0.0,0,0,0.0,0.0,0,0,0.0,3765.94,3,0,0.0,3765.94,3,0,0.0,0
LGS2ORD0026515,C016609,2025-07-29 23:00:00,Male,49,Platinum,Lazada,Bangkok,1191,CallCenter,COD,23,7,1,0,40-50,39.7,6.0,0.0,0.0,-1,34,4599.0216666666665,0.35,0.0,0.5,0.0,0.0,0,0,0.0,0.0,0,0,0.0,25405.79,4,0,0.0,27594.13,6,0,0.0,0
LGS2ORD0026516,C016855,2025-07-30 00:00:00,Female,61,Silver,Web,Chonburi,1238,Lazada,Bank_Transfer,0,7,2,0,>50,41.266666666666666,0.0,0.0,0.0,-1,-1,0.0,0.0,0.0,0.0,0.0,0.0,0,0,0.0,0.0,0,0,0.0,0.0,0,0,0.0,0.0,0,0,0.0,0
LGS2ORD0026517,C015209,2025-07-30 00:00:00,Female,43,Bronze,Web,Nakhon Ratchasima,1230,Web,Credit_Card,0,7,2,0,40-50,41.0,5.0,2.0,0.4,115,128,8004.003999999999,0.28,0.8,0.4,0.0,0.0,0,0,0.0,0.0,0,0,0.0,0.0,0,0,0.0,40020.02,5,2,0.4,0
LGS2ORD0026518,C012307,2025-07-30 00:00:00,Male,49,Bronze,TV,Phuket,1498,Lazada,COD,0,7,2,0,40-50,49.93333333333333,4.0,0.0,0.0,-1,52,2376.2975,0.08,0.75,0.0,0.0,0.0,0,0,0.0,0.0,0,0,0.0,5119.8,2,0,0.0,9505.19,4,0,0.0,1
LGS2ORD0026519,C010726,2025-07-30 00:00:00,Female,33,Silver,TV,Nakhon Ratchasima,1578,CallCenter,Credit_Card,0,7,2,0,30-40,52.6,6.0,1.0,0.16666666666666666,95,14,6060.876666666667,0.25,0.16666666666666666,0.16666666666666666,0.0,0.0,0,0,0.0,7591.45,1,0,0.0,7591.45,1,0,0.0,36365.26,6,1,0.16666666666666666,1
LGS2ORD0026520,C016122,2025-07-30 00:00:00,Female,21,Platinum,Shopee,Bangkok,780,Web,PromptPay,0,7,2,0,20-30,26.0,3.0,0.0,0.0,-1,51,7760.94,0.15,0.3333333333333333,0.0,0.0,0.0,0,0,0.0,0.0,0,0,0.0,21753.04,2,0,0.0,23282.82,3,0,0.0,1
LGS2ORD0026521,C012552,2025-07-30 00:00:00,Male,32,Gold,Web,Bangkok,787,Shopee,COD,0,7,2,0,30-40,26.233333333333334,2.0,0.0,0.0,-1,15,1007.265,0.2299999999999999,1.0,0.5,0.0,0.0,0,0,0.0,877.76,1,0,0.0,877.76,1,0,0.0,2014.53,2,0,0.0,1
LGS2ORD0026522,C014800,2025-07-30 01:00:00,Male,45,Silver,Web,Phuket,1603,TV_Show,Credit_Card,1,7,2,0,40-50,53.43333333333333,2.0,1.0,0.5,80,88,2799.005,0.25,0.5,0.5,0.0,0.0,0,0,0.0,0.0,0,0,0.0,1453.08,1,1,1.0,5598.01,2,1,0.5,0
LGS2ORD0026523,C015746,2025-07-30 01:00:00,Male,31,Bronze,Web,Khon Kaen,1521,CallCenter,COD,1,7,2,0,30-40,50.7,1.0,1.0,1.0,107,122,4450.08,0.23,0.0,1.0,0.0,0.0,0,0,0.0,0.0,0,0,0.0,0.0,0,0,0.0,4450.08,1,1,1.0,0
LGS2ORD0026524,C012227,2025-07-30 01:00:00,Female,48,Bronze,TV,Chiang Mai,1154,Lazada,Credit_Card,1,7,2,0,40-50,38.46666666666667,1.0,0.0,0.0,-1,28,5064.22,0.23,0.0,1.0,0.0,0.0,0,0,0.0,5064.22,1,0,0.0,5064.22,1,0,0.0,5064.22,1,0,0.0,0
LGS2ORD0026525,C012186,2025-07-30 01:00:00,Female,31,Bronze,Shopee,Chiang Mai,680,Lazada,PromptPay,1,7,2,0,30-40,22.666666666666668,2.0,1.0,0.5,162,150,1528.815,0.03,0.5,0.0,0.0,0.0,0,0,0.0,0.0,0,0,0.0,0.0,0,0,0.0,3057.63,2,1,0.5,0
LGS2ORD0026526,C012231,2025-07-30 01:00:00,Male,23,Bronze,CallCenter,Remote_Area,1667,CallCenter,COD,1,7,2,0,20-30,55.56666666666667,2.0,0.0,0.0,-1,76,4200.285,0.23,0.5,0.5,0.0,0.0,0,0,0.0,0.0,0,0,0.0,3285.47,1,0,0.0,8400.57,2,0,0.0,1
LGS2ORD0026527,C011529,2025-07-30 02:00:00,Female,39,Bronze,Shopee,Chiang Mai,1508,Web,COD,2,7,2,0,30-40,50.266666666666666,3.0,0.0,0.0,-1,8,9826.99,0.08,0.3333333333333333,0.0,0.0,0.0,0,0,0.0,3187.88,1,0,0.0,29480.97,3,0,0.0,29480.97,3,0,0.0,0
LGS2ORD0026528,C011253,2025-07-30 02:00:00,Male,42,Platinum,Lazada,Chiang Mai,980,Web,COD,2,7,2,0,40-50,32.666666666666664,3.0,0.0,0.0,-1,52,7054.7699999999995,0.15,0.3333333333333333,0.0,0.0,0.0,0,0,0.0,0.0,0,0,0.0,16830.46,2,0,0.0,21164.309999999998,3,0,0.0,0
LGS2ORD0026529,C012925,2025-07-30 02:00:00,Female,40,Bronze,Shopee,Khon Kaen,1262,CallCenter,COD,2,7,2,0,30-40,42.06666666666667,4.0,0.0,0.0,-1,79,8004.5025000000005,0.28,0.5,0.25,0.0,0.0,0,0,0.0,0.0,0,0,0.0,7988.92,1,0,0.0,32018.010000000002,4,0,0.0,0
LGS2ORD0026530,C011629,2025-07-30 02:00:00,Male,52,Gold,CallCenter,Songkhla,1347,Lazada,COD,2,7,2,0,>50,44.9,5.0,1.0,0.2,141,128,5142.228,0.33,0.8,0.4,0.0,0.0,0,0,0.0,0.0,0,0,0.0,0.0,0,0,0.0,25711.14,5,1,0.2,1
LGS2ORD0026531,C017134,2025-07-30 02:00:00,Female,51,Silver,TV,Khon Kaen,1646,Lazada,COD,2,7,2,0,>50,54.86666666666667,6.0,0.0,0.0,-1,11,3928.5,0.25,0.6666666666666666,0.16666666666666666,0.0,0.0,0,0,0.0,3081.49,1,0,0.0,7781.53,3,0,0.0,23571.0,6,0,0.0,1
LGS2ORD0026532,C015282,2025-07-30 03:00:00,Male,31,Silver,CallCenter,Bangkok,462,Web,Credit_Card,3,7,2,0,30-40,15.4,2.0,0.0,0.0,-1,82,14296.970000000001,0.2,0.0,0.0,0.0,0.0,0,0,0.0,0.0,0,0,0.0,20883.33,1,0,0.0,28593.940000000002,2,0,0.0,1
LGS2ORD0026533,C010575,2025-07-30 03:00:00,Male,52,Gold,TV,Bangkok,1218,TV_Show,COD,3,7,2,0,>50,40.6,1.0,0.0,0.0,-1,126,9114.82,0.2299999999999999,0.0,1.0,0.0,0.0,0,0,0.0,0.0,0,0,0.0,0.0,0,0,0.0,9114.82,1,0,0.0,0
LGS2ORD0026534,C010950,2025-07-30 03:00:00,Female,45,Gold,Lazada,Chonburi,830,Shopee,Credit_Card,3,7,2,0,40-50,27.666666666666668,2.0,0.0,0.0,-1,42,1846.68,0.2299999999999999,0.5,1.0,0.0,0.0,0,0,0.0,0.0,0,0,0.0,619.58,1,0,0.0,3693.36,2,0,0.0,0
LGS2ORD0026535,C014361,2025-07-30 03:00:00,Male,49,Gold,TV,Chiang Mai,429,TV_Show,Credit_Card,3,7,2,0,40-50,14.3,5.0,0.0,0.0,-1,24,1845.2939999999999,0.33,0.2,0.4,0.0,0.0,0,0,0.0,1508.98,1,0,0.0,3095.3199999999997,3,0,0.0,9226.47,5,0,0.0,0
LGS2ORD0026536,C015852,2025-07-30 03:00:00,Male,51,Silver,CallCenter,Phuket,353,Shopee,COD,3,7,2,0,>50,11.766666666666667,6.0,2.0,0.3333333333333333,140,22,7854.553333333333,0.3,0.3333333333333333,0.3333333333333333,0.0,0.0,0,0,0.0,6390.35,1,0,0.0,6390.35,1,0,0.0,47127.32,6,2,0.3333333333333333,0
LGS2ORD0026537,C016256,2025-07-30 04:00:00,Male,33,Gold,Shopee,Chiang Mai,519,Web,PromptPay,4,7,2,0,30-40,17.3,0.0,0.0,0.0,-1,-1,0.0,0.0,0.0,0.0,0.0,0.0,0,0,0.0,0.0,0,0,0.0,0.0,0,0,0.0,0.0,0,0,0.0,0
LGS2ORD0026538,C016508,2025-07-30 04:00:00,Female,66,Silver,Shopee,Chonburi,402,TV_Show,Credit_Card,4,7,2,0,>50,13.4,3.0,0.0,0.0,-1,4,4072.7433333333333,0.3,0.0,0.3333333333333333,0.0,4159.38,1,0,0.0,4159.38,1,0,0.0,6562.73,2,0,0.0,12218.23,3,0,0.0,0
LGS2ORD0026539,C016572,2025-07-30 04:00:00,Female,39,Silver,Shopee,Bangkok,1485,TV_Show,COD,4,7,2,0,30-40,49.5,3.0,2.0,0.6666666666666666,13,20,5276.03,0.3,0.3333333333333333,0.3333333333333333,0.0,0.0,0,0,0.0,3352.34,1,1,1.0,4482.87,2,2,1.0,15828.09,3,2,0.6666666666666666,1
LGS2ORD0026540,C015089,2025-07-30 04:00:00,Female,46,Gold,TV,Khon Kaen,1559,Web,COD,4,7,2,0,40-50,51.96666666666667,9.0,1.0,0.1111111111111111,2,7,3480.615555555555,0.33,0.2222222222222222,0.4444444444444444,0.0,0.0,0,0,0.0,9359.18,3,1,0.3333333333333333,13315.65,5,1,0.2,31325.539999999997,9,1,0.1111111111111111,0
LGS2ORD0026541,C010684,2025-07-30 04:00:00,Female,31,Gold,Shopee,Chiang Mai,1327,TV_Show,Credit_Card,4,7,2,0,30-40,44.233333333333334,2.0,1.0,0.5,56,68,5728.55,0.13,0.5,0.0,0.0,0.0,0,0,0.0,0.0,0,0,0.0,7220.88,1,1,1.0,11457.1,2,1,0.5,1
LGS2ORD0026542,C017723,2025-07-30 04:00:00,Male,43,Bronze,CallCenter,Chonburi,1558,Web,Credit_Card,4,7,2,0,40-50,51.93333333333333,3.0,0.0,0.0,-1,47,1691.1499999999999,0.23,0.6666666666666666,0.3333333333333333,0.0,0.0,0,0,0.0,0.0,0,0,0.0,3329.46,2,0,0.0,5073.45,3,0,0.0,0
LGS2ORD0026543,C015497,2025-07-30 05:00:00,Male,55,Silver,Lazada,Nakhon Ratchasima,553,TV_Show,Credit_Card,5,7,2,0,>50,18.433333333333334,4.0,1.0,0.25,176,38,3195.845,0.3,1.0,0.5,0.0,0.0,0,0,0.0,0.0,0,0,0.0,7559.73,1,0,0.0,12783.38,4,1,0.25,0
LGS2ORD0026544,C016651,2025-07-30 05:00:00,Female,38,Bronze,CallCenter,Phuket,833,Lazada,COD,5,7,2,0,30-40,27.766666666666666,3.0,1.0,0.3333333333333333,62,3,7028.343333333333,0.28,0.3333333333333333,0.6666666666666666,0.0,3247.43,1,0,0.0,3247.43,1,0,0.0,21085.03,3,1,0.3333333333333333,21085.03,3,1,0.3333333333333333,0
LGS2ORD0026545,C016040,2025-07-30 05:00:00,Female,67,Silver,Web,Bangkok,394,Lazada,Bank_Transfer,5,7,2,0,>50,13.133333333333333,5.0,3.0,0.6,21,32,11852.072,0.25,0.4,0.2,0.0,0.0,0,0,0.0,0.0,0,0,0.0,36268.24,2,1,0.5,59260.36,5,3,0.6,0
LGS2ORD0026546,C015744,2025-07-30 05:00:00,Male,58,Silver,Shopee,Khon Kaen,1080,CallCenter,COD,5,7,2,0,>50,36.0,3.0,0.0,0.0,-1,14,2970.6633333333334,0.3,0.6666666666666666,0.3333333333333333,0.0,0.0,0,0,0.0,3709.43,1,0,0.0,3709.43,1,0,0.0,8911.99,3,0,0.0,0
LGS2ORD0026547,C012169,2025-07-30 05:00:00,Female,40,Bronze,Web,Bangkok,226,Web,COD,5,7,2,0,30-40,7.533333333333333,0.0,0.0,0.0,-1,-1,0.0,0.0,0.0,0.0,0.0,0.0,0,0,0.0,0.0,0,0,0.0,0.0,0,0,0.0,0.0,0,0,0.0,0
LGS2ORD0026548,C012623,2025-07-30 06:00:00,Male,63,Bronze,TV,Bangkok,1139,Lazada,COD,6,7,2,0,>50,37.96666666666667,3.0,0.0,0.0,-1,24,11069.019999999999,0.28,0.6666666666666666,0.3333333333333333,0.0,0.0,0,0,0.0,26901.51,1,0,0.0,26901.51,1,0,0.0,33207.06,3,0,0.0,0
LGS2ORD0026549,C012383,2025-07-30 06:00:00,Female,48,Gold,Shopee,Bangkok,1480,Web,COD,6,7,2,0,40-50,49.333333333333336,3.0,0.0,0.0,-1,91,6561.2733333333335,0.28,0.6666666666666666,1.0,0.0,0.0,0,0,0.0,0.0,0,0,0.0,0.0,0,0,0.0,19683.82,3,0,0.0,0
LGS2ORD0026550,C011830,2025-07-30 06:00:00,Male,36,Silver,TV,Chiang Mai,1665,Lazada,Credit_Card,6,7,2,0,30-40,55.5,0.0,0.0,0.0,-1,-1,0.0,0.0,0.0,0.0,0.0,0.0,0,0,0.0,0.0,0,0,0.0,0.0,0,0,0.0,0.0,0,0,0.0,0
LGS2ORD0026551,C015144,2025-07-30 06:00:00,Male,56,Gold,Shopee,Chiang Mai,288,TV_Show,COD,6,7,2,0,>50,9.6,5.0,1.0,0.2,-8,1,6518.272,0.33,0.6,0.4,0.0,12446.61,1,1,1.0,12446.61,1,1,1.0,27534.879999999997,3,1,0.3333333333333333,32591.36,5,1,0.2,0
LGS2ORD0026552,C013290,2025-07-30 06:00:00,Female,30,Silver,Lazada,Songkhla,567,Web,COD,6,7,2,0,20-30,18.9,3.0,1.0,0.3333333333333333,55,63,5639.77,0.25,0.3333333333333333,0.3333333333333333,0.0,0.0,0,0,0.0,0.0,0,0,0.0,1583.77,1,1,1.0,16919.31,3,1,0.3333333333333333,1
LGS2ORD0026553,C015754,2025-07-30 07:00:00,Female,69,Bronze,CallCenter,Songkhla,1235,Shopee,Credit_Card,7,7,2,0,>50,41.166666666666664,4.0,3.0,0.75,67,10,6008.9525,0.23,0.25,0.5,0.0,0.0,0,0,0.0,1795.04,1,0,0.0,16972.66,2,1,0.5,24035.81,4,3,0.75,0
LGS2ORD0026554,C012687,2025-07-30 07:00:00,Male,28,Gold,Lazada,Chonburi,1358,TV_Show,Credit_Card,7,7,2,0,20-30,45.266666666666666,3.0,1.0,0.3333333333333333,60,69,2528.34,0.2299999999999999,0.6666666666666666,0.3333333333333333,0.0,0.0,0,0,0.0,0.0,0,0,0.0,6372.73,2,1,0.5,7585.02,3,1,0.3333333333333333,0
LGS2ORD0026555,C011045,2025-07-30 07:00:00,Male,45,Bronze,TV,Chiang Mai,885,Web,COD,7,7,2,0,40-50,29.5,2.0,0.0,0.0,-1,62,4251.585,0.18,0.5,0.0,0.0,0.0,0,0,0.0,0.0,0,0,0.0,1077.3,1,0,0.0,8503.17,2,0,0.0,1
LGS2ORD0026556,C012623,2025-07-30 07:00:00,Male,63,Bronze,TV,Bangkok,1139,CallCenter,COD,7,7,2,0,>50,37.96666666666667,4.0,0.0,0.0,-1,0,8673.505,0.28,0.75,0.25,0.0,1486.96,1,0,0.0,28388.469999999998,2,0,0.0,28388.469999999998,2,0,0.0,34694.02,4,0,0.0,1
LGS2ORD0026557,C013563,2025-07-30 07:00:00,Female,31,Bronze,Lazada,Khon Kaen,1105,Shopee,COD,7,7,2,0,30-40,36.833333333333336,2.0,1.0,0.5,86,91,19253.02,0.28,0.5,0.5,0.0,0.0,0,0,0.0,0.0,0,0,0.0,0.0,0,0,0.0,38506.04,2,1,0.5,0
LGS2ORD0026558,C016569,2025-07-30 08:00:00,Male,44,Gold,Web,Bangkok,714,Shopee,Credit_Card,8,7,2,0,40-50,23.8,5.0,0.0,0.0,-1,38,6368.934,0.2299999999999999,0.6,0.6,0.0,0.0,0,0,0.0,0.0,0,0,0.0,11859.66,2,0,0.0,31844.670000000002,5,0,0.0,0
LGS2ORD0026559,C011302,2025-07-30 08:00:00,Female,59,Platinum,Lazada,Bangkok,566,TV_Show,COD,8,7,2,0,>50,18.866666666666667,2.0,0.0,0.0,-1,6,4159.575,0.15,0.5,0.0,0.0,1653.9,1,0,0.0,8319.15,2,0,0.0,8319.15,2,0,0.0,8319.15,2,0,0.0,0
LGS2ORD0026560,C012015,2025-07-30 08:00:00,Male,57,Bronze,CallCenter,Phuket,1249,Shopee,COD,8,7,2,0,>50,41.63333333333333,7.0,3.0,0.42857142857142855,10,2,5017.357142857143,0.28,0.8571428571428571,0.42857142857142855,0.0,6552.41,1,0,0.0,11144.08,2,1,0.5,12955.119999999999,3,1,0.3333333333333333,35121.5,7,3,0.42857142857142855,0
LGS2ORD0026561,C011632,2025-07-30 08:00:00,Male,47,Bronze,TV,Bangkok,684,TV_Show,COD,8,7,2,0,40-50,22.8,0.0,0.0,0.0,-1,-1,0.0,0.0,0.0,0.0,0.0,0.0,0,0,0.0,0.0,0,0,0.0,0.0,0,0,0.0,0.0,0,0,0.0,0
LGS2ORD0026562,C013771,2025-07-30 08:00:00,Male,39,Platinum,Web,Bangkok,748,Web,Credit_Card,8,7,2,0,30-40,24.933333333333334,5.0,1.0,0.2,197,19,7538.994000000001,0.35,0.4,0.8,0.0,0.0,0,0,0.0,18797.75,2,0,0.0,18797.75,2,0,0.0,37694.97,5,1,0.2,1
LGS2ORD0026563,C013690,2025-07-30 08:00:00,Male,42,Silver,Web,Chiang Mai,1522,TV_Show,COD,8,7,2,0,40-50,50.733333333333334,2.0,1.0,0.5,57,35,1209.395,0.3,0.5,0.5,0.0,0.0,0,0,0.0,0.0,0,0,0.0,2418.79,2,1,0.5,2418.79,2,1,0.5,0
LGS2ORD0026564,C011217,2025-07-30 09:00:00,Male,39,Bronze,CallCenter,Songkhla,1036,TV_Show,COD,9,7,2,0,30-40,34.53333333333333,2.0,1.0,0.5,2,5,4982.44,0.23,1.0,0.5,0.0,1176.57,1,1,1.0,9964.88,2,1,0.5,9964.88,2,1,0.5,9964.88,2,1,0.5,1
LGS2ORD0026565,C016811,2025-07-30 09:00:00,Female,38,Gold,Web,Chonburi,937,Web,Credit_Card,9,7,2,0,30-40,31.233333333333334,1.0,0.0,0.0,-1,48,7239.06,0.2299999999999999,1.0,1.0,0.0,0.0,0,0,0.0,0.0,0,0,0.0,7239.06,1,0,0.0,7239.06,1,0,0.0,0
LGS2ORD0026566,C010001,2025-07-30 09:00:00,Male,41,Bronze,TV,Phuket,1108,Lazada,PromptPay,9,7,2,0,40-50,36.93333333333333,3.0,1.0,0.3333333333333333,37,43,993.1033333333334,0.23,1.0,0.3333333333333333,0.0,0.0,0,0,0.0,0.0,0,0,0.0,281.13,1,1,1.0,2979.31,3,1,0.3333333333333333,1
LGS2ORD0026567,C017756,2025-07-30 09:00:00,Male,58,Silver,CallCenter,Bangkok,944,Shopee,COD,9,7,2,0,>50,31.466666666666665,3.0,3.0,1.0,78,86,5120.056666666666,0.2,0.6666666666666666,0.0,0.0,0.0,0,0,0.0,0.0,0,0,0.0,9784.87,1,1,1.0,15360.17,3,3,1.0,0
LGS2ORD0026568,C011804,2025-07-30 09:00:00,Male,45,Bronze,TV,Khon Kaen,807,Shopee,PromptPay,9,7,2,0,40-50,26.9,2.0,0.0,0.0,-1,97,1846.25,0.18,1.0,0.0,0.0,0.0,0,0,0.0,0.0,0,0,0.0,0.0,0,0,0.0,3692.5,2,0,0.0,0
LGS2ORD0026569,C017204,2025-07-30 10:00:00,Female,45,Bronze,Lazada,Chonburi,505,Lazada,COD,10,7,2,0,40-50,16.833333333333332,7.0,1.0,0.14285714285714285,179,52,3994.0200000000004,0.28,0.42857142857142855,0.2857142857142857,0.0,0.0,0,0,0.0,0.0,0,0,0.0,14602.3,4,0,0.0,27958.140000000003,7,1,0.14285714285714285,0
LGS2ORD0026570,C012194,2025-07-30 10:00:00,Female,30,Bronze,TV,Bangkok,1024,Lazada,COD,10,7,2,0,20-30,34.13333333333333,4.0,1.0,0.25,160,15,2093.745,0.28,0.5,0.75,0.0,0.0,0,0,0.0,3559.1,1,0,0.0,3559.1,1,0,0.0,8374.98,4,1,0.25,0
LGS2ORD0026571,C013681,2025-07-30 10:00:00,Female,49,Bronze,Web,Chiang Mai,1415,Lazada,COD,10,7,2,0,40-50,47.166666666666664,4.0,0.0,0.0,-1,11,1470.0575000000001,0.18,0.25,0.0,0.0,0.0,0,0,0.0,1535.63,1,0,0.0,4038.67,3,0,0.0,5880.2300000000005,4,0,0.0,0
LGS2ORD0026572,C017207,2025-07-30 10:00:00,Male,56,Bronze,CallCenter,Chonburi,895,Shopee,Bank_Transfer,10,7,2,0,>50,29.833333333333332,3.0,0.0,0.0,-1,51,1764.8766666666668,0.18,1.0,0.0,0.0,0.0,0,0,0.0,0.0,0,0,0.0,852.3,1,0,0.0,5294.63,3,0,0.0,0
LGS2ORD0026573,C015181,2025-07-30 10:00:00,Male,39,Bronze,Shopee,Remote_Area,655,Web,COD,10,7,2,0,30-40,21.833333333333332,5.0,1.0,0.2,-4,5,10292.822,0.28,0.4,0.2,0.0,2128.11,1,1,1.0,7602.83,2,1,0.5,7602.83,2,1,0.5,51464.11,5,1,0.2,1
LGS2ORD0026574,C011061,2025-07-30 11:00:00,Female,39,Bronze,CallCenter,Bangkok,588,TV_Show,Bank_Transfer,11,7,2,0,30-40,19.6,3.0,1.0,0.3333333333333333,46,49,11373.419999999998,0.08,0.3333333333333333,0.0,0.0,0.0,0,0,0.0,0.0,0,0,0.0,25677.129999999997,2,1,0.5,34120.259999999995,3,1,0.3333333333333333,0
LGS2ORD0026575,C014261,2025-07-30 11:00:00,Male,28,Bronze,Shopee,Bangkok,1198,CallCenter,Credit_Card,11,7,2,0,20-30,39.93333333333333,6.0,3.0,0.5,-11,4,3510.955,0.28,1.0,0.6666666666666666,0.0,2701.34,1,1,1.0,2701.34,1,1,1.0,6634.14,2,2,1.0,21065.73,6,3,0.5,0
LGS2ORD0026576,C015738,2025-07-30 11:00:00,Male,30,Platinum,Shopee,Khon Kaen,1552,Shopee,COD,11,7,2,0,20-30,51.733333333333334,3.0,2.0,0.6666666666666666,4,16,2258.7333333333336,0.25,0.0,0.6666666666666666,0.0,0.0,0,0,0.0,3859.01,1,1,1.0,6776.200000000001,3,2,0.6666666666666666,6776.200000000001,3,2,0.6666666666666666,0
LGS2ORD0026577,C013346,2025-07-30 11:00:00,Male,55,Silver,Shopee,Chonburi,740,Web,COD,11,7,2,0,>50,24.666666666666668,2.0,1.0,0.5,118,85,3817.45,0.3,0.5,0.5,0.0,0.0,0,0,0.0,0.0,0,0,0.0,1760.73,1,0,0.0,7634.9,2,1,0.5,0
LGS2ORD0026578,C013215,2025-07-30 11:00:00,Female,18,Silver,Shopee,Chonburi,1211,TV_Show,PromptPay,11,7,2,0,<20,40.36666666666667,4.0,0.0,0.0,-1,59,3792.3500000000004,0.05,0.5,0.0,0.0,0.0,0,0,0.0,0.0,0,0,0.0,5273.13,1,0,0.0,15169.400000000001,4,0,0.0,0
LGS2ORD0026579,C012715,2025-07-30 12:00:00,Female,47,Gold,TV,Phuket,810,Shopee,Credit_Card,12,7,2,0,40-50,27.0,0.0,0.0,0.0,-1,-1,0.0,0.0,0.0,0.0,0.0,0.0,0,0,0.0,0.0,0,0,0.0,0.0,0,0,0.0,0.0,0,0,0.0,1
LGS2ORD0026580,C017657,2025-07-30 12:00:00,Female,58,Gold,TV,Nakhon Ratchasima,813,Shopee,COD,12,7,2,0,>50,27.1,5.0,1.0,0.2,154,3,1685.512,0.33,0.4,0.6,0.0,3650.45,1,0,0.0,3650.45,1,0,0.0,5235.57,3,0,0.0,8427.56,5,1,0.2,1
LGS2ORD0026581,C012168,2025-07-30 12:00:00,Female,44,Bronze,Web,Chonburi,995,Shopee,COD,12,7,2,0,40-50,33.166666666666664,1.0,0.0,0.0,-1,119,5803.48,0.03,1.0,0.0,0.0,0.0,0,0,0.0,0.0,0,0,0.0,0.0,0,0,0.0,5803.48,1,0,0.0,0
LGS2ORD0026582,C011978,2025-07-30 12:00:00,Male,38,Bronze,Shopee,Khon Kaen,1558,CallCenter,COD,12,7,2,0,30-40,51.93333333333333,2.0,0.0,0.0,-1,104,1945.44,0.18,0.5,0.0,0.0,0.0,0,0,0.0,0.0,0,0,0.0,0.0,0,0,0.0,3890.88,2,0,0.0,0
LGS2ORD0026583,C011641,2025-07-30 12:00:00,Male,35,Gold,Web,Chonburi,442,Shopee,PromptPay,12,7,2,0,30-40,14.733333333333333,3.0,0.0,0.0,-1,24,4331.4366666666665,0.28,0.6666666666666666,0.6666666666666666,0.0,0.0,0,0,0.0,1503.08,1,0,0.0,1503.08,1,0,0.0,12994.31,3,0,0.0,0
LGS2ORD0026584,C010653,2025-07-30 12:00:00,Male,45,Gold,Web,Bangkok,564,Lazada,Credit_Card,12,7,2,0,40-50,18.8,1.0,0.0,0.0,-1,167,2467.77,0.2299999999999999,0.0,1.0,0.0,0.0,0,0,0.0,0.0,0,0,0.0,0.0,0,0,0.0,2467.77,1,0,0.0,0
LGS2ORD0026585,C017446,2025-07-30 13:00:00,Male,51,Gold,Web,Bangkok,739,CallCenter,PromptPay,13,7,2,0,>50,24.633333333333333,0.0,0.0,0.0,-1,-1,0.0,0.0,0.0,0.0,0.0,0.0,0,0,0.0,0.0,0,0,0.0,0.0,0,0,0.0,0.0,0,0,0.0,1
LGS2ORD0026586,C012357,2025-07-30 13:00:00,Male,54,Gold,Web,Nakhon Ratchasima,1223,CallCenter,Credit_Card,13,7,2,0,>50,40.766666666666666,3.0,0.0,0.0,-1,68,4828.123333333333,0.28,0.3333333333333333,0.6666666666666666,0.0,0.0,0,0,0.0,0.0,0,0,0.0,14484.369999999999,3,0,0.0,14484.369999999999,3,0,0.0,0
LGS2ORD0026587,C017419,2025-07-30 13:00:00,Female,62,Bronze,TV,Khon Kaen,840,Web,COD,13,7,2,0,>50,28.0,5.0,2.0,0.4,68,75,4481.618,0.28,1.0,0.4,0.0,0.0,0,0,0.0,0.0,0,0,0.0,4970.03,1,1,1.0,22408.09,5,2,0.4,1
LGS2ORD0026588,C014093,2025-07-30 13:00:00,Female,54,Bronze,TV,Bangkok,520,Lazada,Credit_Card,13,7,2,0,>50,17.333333333333332,4.0,2.0,0.5,71,83,3602.3425,0.28,0.5,0.5,0.0,0.0,0,0,0.0,0.0,0,0,0.0,4186.85,1,1,1.0,14409.37,4,2,0.5,0
LGS2ORD0026589,C011875,2025-07-30 13:00:00,Male,43,Bronze,Lazada,Remote_Area,1350,Web,COD,13,7,2,0,40-50,45.0,3.0,3.0,1.0,89,101,4426.12,0.18,0.3333333333333333,0.0,0.0,0.0,0,0,0.0,0.0,0,0,0.0,0.0,0,0,0.0,13278.36,3,3,1.0,0
LGS2ORD0026590,C012594,2025-07-30 14:00:00,Male,71,Gold,Web,Nakhon Ratchasima,1162,Shopee,COD,14,7,2,0,>50,38.733333333333334,3.0,0.0,0.0,-1,32,4365.25,0.28,0.6666666666666666,0.3333333333333333,0.0,0.0,0,0,0.0,0.0,0,0,0.0,5427.12,1,0,0.0,13095.75,3,0,0.0,0
LGS2ORD0026591,C013566,2025-07-30 14:00:00,Male,57,Gold,Lazada,Bangkok,453,Shopee,PromptPay,14,7,2,0,>50,15.1,1.0,0.0,0.0,-1,86,11643.43,0.18,1.0,0.0,0.0,0.0,0,0,0.0,0.0,0,0,0.0,11643.43,1,0,0.0,11643.43,1,0,0.0,0
LGS2ORD0026592,C013682,2025-07-30 14:00:00,Other,30,Silver,Web,Songkhla,985,Lazada,COD,14,7,2,0,20-30,32.833333333333336,3.0,1.0,0.3333333333333333,92,10,6934.21,0.25,0.6666666666666666,0.3333333333333333,0.0,0.0,0,0,0.0,5020.2,1,0,0.0,5020.2,1,0,0.0,20802.63,3,1,0.3333333333333333,0
LGS2ORD0026593,C012176,2025-07-30 14:00:00,Male,35,Silver,Web,Khon Kaen,1641,Lazada,COD,14,7,2,0,30-40,54.7,2.0,1.0,0.5,126,134,2462.06,0.3,0.5,0.5,0.0,0.0,0,0,0.0,0.0,0,0,0.0,0.0,0,0,0.0,4924.12,2,1,0.5,0
LGS2ORD0026594,C014464,2025-07-30 14:00:00,Male,35,Bronze,TV,Chonburi,1309,TV_Show,COD,14,7,2,0,30-40,43.63333333333333,2.0,0.0,0.0,-1,110,4652.63,0.18,1.0,0.0,0.0,0.0,0,0,0.0,0.0,0,0,0.0,0.0,0,0,0.0,9305.26,2,0,0.0,0
LGS2ORD0026595,C013854,2025-07-30 15:00:00,Male,47,Bronze,TV,Khon Kaen,543,TV_Show,COD,15,7,2,0,40-50,18.1,1.0,1.0,1.0,164,170,1349.56,0.28,0.0,1.0,0.0,0.0,0,0,0.0,0.0,0,0,0.0,0.0,0,0,0.0,1349.56,1,1,1.0,0
LGS2ORD0026596,C015776,2025-07-30 15:00:00,Female,56,Bronze,Shopee,Songkhla,1148,Lazada,COD,15,7,2,0,>50,38.266666666666666,2.0,2.0,1.0,50,62,4861.6900000000005,0.28,1.0,1.0,0.0,0.0,0,0,0.0,0.0,0,0,0.0,9723.380000000001,2,2,1.0,9723.380000000001,2,2,1.0,0
LGS2ORD0026597,C013810,2025-07-30 15:00:00,Female,55,Gold,Shopee,Bangkok,1320,Lazada,Credit_Card,15,7,2,0,>50,44.0,2.0,1.0,0.5,82,92,2423.145,0.18,0.5,0.0,0.0,0.0,0,0,0.0,0.0,0,0,0.0,0.0,0,0,0.0,4846.29,2,1,0.5,0
LGS2ORD0026598,C016104,2025-07-30 15:00:00,Male,55,Bronze,TV,Phuket,1322,Lazada,Bank_Transfer,15,7,2,0,>50,44.06666666666667,3.0,1.0,0.3333333333333333,199,103,2823.343333333333,0.28,0.6666666666666666,0.6666666666666666,0.0,0.0,0,0,0.0,0.0,0,0,0.0,0.0,0,0,0.0,8470.029999999999,3,1,0.3333333333333333,0
LGS2ORD0026599,C012107,2025-07-30 15:00:00,Female,47,Silver,TV,Remote_Area,906,TV_Show,COD,15,7,2,0,40-50,30.2,3.0,2.0,0.6666666666666666,86,80,7104.846666666665,0.2,0.3333333333333333,0.0,0.0,0.0,0,0,0.0,0.0,0,0,0.0,16859.17,1,0,0.0,21314.539999999997,3,2,0.6666666666666666,0
LGS2ORD0026600,C012296,2025-07-30 16:00:00,Other,38,Bronze,Web,Remote_Area,584,Web,Credit_Card,16,7,2,0,30-40,19.466666666666665,0.0,0.0,0.0,-1,-1,0.0,0.0,0.0,0.0,0.0,0.0,0,0,0.0,0.0,0,0,0.0,0.0,0,0,0.0,0.0,0,0,0.0,0
LGS2ORD0026601,C017886,2025-07-30 16:00:00,Female,54,Silver,TV,Chiang Mai,614,Lazada,COD,16,7,2,0,>50,20.466666666666665,6.0,2.0,0.3333333333333333,145,4,6995.108333333334,0.3,0.5,0.5,0.0,5594.24,2,0,0.0,31998.420000000002,3,0,0.0,37876.78,4,0,0.0,41970.65,6,2,0.3333333333333333,0
LGS2ORD0026602,C015956,2025-07-30 16:00:00,Female,45,Bronze,Shopee,Bangkok,1024,Web,PromptPay,16,7,2,0,40-50,34.13333333333333,4.0,2.0,0.5,186,134,5409.0625,0.23,0.5,0.25,0.0,0.0,0,0,0.0,0.0,0,0,0.0,0.0,0,0,0.0,21636.25,4,2,0.5,0
LGS2ORD0026603,C014122,2025-07-30 16:00:00,Female,32,Bronze,Shopee,Bangkok,1206,TV_Show,COD,16,7,2,0,30-40,40.2,4.0,0.0,0.0,-1,29,9854.9225,0.18,0.5,0.0,0.0,0.0,0,0,0.0,5117.86,1,0,0.0,5947.83,2,0,0.0,39419.69,4,0,0.0,0
LGS2ORD0026604,C014810,2025-07-30 16:00:00,Male,51,Bronze,TV,Phuket,541,TV_Show,PromptPay,16,7,2,0,>50,18.033333333333335,3.0,2.0,0.6666666666666666,5,15,3618.16,0.03,0.3333333333333333,0.0,0.0,0.0,0,0,0.0,4112.36,1,1,1.0,4112.36,1,1,1.0,10854.48,3,2,0.6666666666666666,0
LGS2ORD0026605,C015861,2025-07-30 16:00:00,Female,61,Silver,TV,Khon Kaen,658,Lazada,Credit_Card,16,7,2,0,>50,21.933333333333334,8.0,4.0,0.5,17,29,8985.265000000001,0.3,0.75,0.125,0.0,0.0,0,0,0.0,5276.26,1,1,1.0,9187.7,3,2,0.6666666666666666,71882.12000000001,8,4,0.5,0
LGS2ORD0026606,C013028,2025-07-30 17:00:00,Female,67,Silver,Lazada,Khon Kaen,312,TV_Show,COD,17,7,2,0,>50,10.4,5.0,2.0,0.4,30,39,6459.5779999999995,0.25,0.4,0.2,0.0,0.0,0,0,0.0,0.0,0,0,0.0,30647.179999999997,4,2,0.5,32297.889999999996,5,2,0.4,0
LGS2ORD0026607,C014542,2025-07-30 17:00:00,Female,38,Bronze,TV,Remote_Area,1331,CallCenter,Credit_Card,17,7,2,0,30-40,44.36666666666667,3.0,0.0,0.0,-1,77,1603.4366666666665,0.23,1.0,1.0,0.0,0.0,0,0,0.0,0.0,0,0,0.0,2071.32,1,0,0.0,4810.3099999999995,3,0,0.0,0
LGS2ORD0026608,C010407,2025-07-30 17:00:00,Other,43,Gold,TV,Phuket,947,TV_Show,Credit_Card,17,7,2,0,40-50,31.566666666666666,2.0,0.0,0.0,-1,9,3460.2450000000003,0.18,0.0,0.0,0.0,0.0,0,0,0.0,1025.64,1,0,0.0,1025.64,1,0,0.0,6920.490000000001,2,0,0.0,0
LGS2ORD0026609,C015501,2025-07-30 17:00:00,Male,44,Bronze,TV,Phuket,1119,Web,Credit_Card,17,7,2,0,40-50,37.3,4.0,1.0,0.25,203,86,2721.675,0.28,0.75,0.5,0.0,0.0,0,0,0.0,0.0,0,0,0.0,837.42,1,0,0.0,10886.7,4,1,0.25,0
LGS2ORD0026610,C013786,2025-07-30 17:00:00,Female,49,Gold,Shopee,Chiang Mai,228,TV_Show,PromptPay,17,7,2,0,40-50,7.6,5.0,1.0,0.2,20,29,1395.868,0.28,0.6,0.8,0.0,0.0,0,0,0.0,438.68,1,0,0.0,2078.2599999999998,3,1,0.3333333333333333,6979.34,5,1,0.2,0
LGS2ORD0026611,C017339,2025-07-30 18:00:00,Male,42,Gold,TV,Phuket,1395,CallCenter,Credit_Card,18,7,2,0,40-50,46.5,9.0,2.0,0.2222222222222222,37,7,5683.924444444445,0.28,0.3333333333333333,0.2222222222222222,0.0,0.0,0,0,0.0,10033.62,2,0,0.0,13611.18,4,1,0.25,51155.32,9,2,0.2222222222222222,0
LGS2ORD0026612,C010276,2025-07-30 18:00:00,Female,18,Bronze,TV,Chonburi,1023,Shopee,Credit_Card,18,7,2,0,<20,34.1,5.0,2.0,0.4,10,15,4957.762000000001,0.23,0.6,0.4,0.0,0.0,0,0,0.0,997.44,1,1,1.0,20833.88,3,1,0.3333333333333333,24788.81,5,2,0.4,1
LGS2ORD0026613,C012427,2025-07-30 18:00:00,Female,57,Bronze,Shopee,Songkhla,224,Shopee,COD,18,7,2,0,>50,7.466666666666667,5.0,1.0,0.2,-7,3,7496.0740000000005,0.28,0.4,0.6,0.0,2756.85,1,1,1.0,28542.14,3,1,0.3333333333333333,28542.14,3,1,0.3333333333333333,37480.37,5,1,0.2,0
LGS2ORD0026614,C015887,2025-07-30 18:00:00,Female,47,Silver,Lazada,Bangkok,288,Web,COD,18,7,2,0,40-50,9.6,6.0,2.0,0.3333333333333333,8,20,13104.781666666668,0.25,0.5,0.5,0.0,0.0,0,0,0.0,19545.53,2,1,0.5,19545.53,2,1,0.5,78628.69,6,2,0.3333333333333333,0
LGS2ORD0026615,C014141,2025-07-30 18:00:00,Male,25,Bronze,Lazada,Nakhon Ratchasima,799,Web,Credit_Card,18,7,2,0,20-30,26.633333333333333,8.0,1.0,0.125,125,20,4157.7275,0.18,0.625,0.0,0.0,0.0,0,0,0.0,1984.78,1,0,0.0,10097.710000000001,5,0,0.0,33261.82,8,1,0.125,0
LGS2ORD0026616,C015909,2025-07-30 19:00:00,Female,46,Bronze,Lazada,Khon Kaen,260,Lazada,PromptPay,19,7,2,0,40-50,8.666666666666666,0.0,0.0,0.0,-1,-1,0.0,0.0,0.0,0.0,0.0,0.0,0,0,0.0,0.0,0,0,0.0,0.0,0,0,0.0,0.0,0,0,0.0,1
LGS2ORD0026617,C010441,2025-07-30 19:00:00,Female,37,Gold,Lazada,Chonburi,730,Lazada,PromptPay,19,7,2,0,30-40,24.333333333333332,1.0,0.0,0.0,-1,73,4923.22,0.28,0.0,1.0,0.0,0.0,0,0,0.0,0.0,0,0,0.0,4923.22,1,0,0.0,4923.22,1,0,0.0,0
LGS2ORD0026618,C011385,2025-07-30 19:00:00,Female,57,Bronze,TV,Bangkok,248,Lazada,COD,19,7,2,0,>50,8.266666666666667,9.0,1.0,0.1111111111111111,62,23,4472.312222222222,0.23,0.5555555555555556,0.2222222222222222,0.0,0.0,0,0,0.0,8228.45,1,0,0.0,13450.68,4,1,0.25,40250.81,9,1,0.1111111111111111,0
LGS2ORD0026619,C016787,2025-07-30 19:00:00,Male,43,Bronze,TV,Nakhon Ratchasima,1533,TV_Show,COD,19,7,2,0,40-50,51.1,4.0,0.0,0.0,-1,35,2886.1625,0.18,0.5,0.0,0.0,0.0,0,0,0.0,0.0,0,0,0.0,11057.43,3,0,0.0,11544.65,4,0,0.0,1
LGS2ORD0026620,C015353,2025-07-30 19:00:00,Female,43,Bronze,TV,Chonburi,1088,TV_Show,COD,19,7,2,0,40-50,36.266666666666666,2.0,1.0,0.5,39,55,8902.235,0.18,0.5,0.0,0.0,0.0,0,0,0.0,0.0,0,0,0.0,3991.25,1,1,1.0,17804.47,2,1,0.5,0
LGS2ORD0026621,C012672,2025-07-30 19:00:00,Male,50,Silver,Shopee,Bangkok,1029,CallCenter,PromptPay,19,7,2,0,40-50,34.3,1.0,0.0,0.0,-1,171,4416.74,0.05,1.0,0.0,0.0,0.0,0,0,0.0,0.0,0,0,0.0,0.0,0,0,0.0,4416.74,1,0,0.0,1
LGS2ORD0026622,C014970,2025-07-30 20:00:00,Female,40,Bronze,Web,Songkhla,385,Lazada,COD,20,7,2,0,30-40,12.833333333333334,4.0,2.0,0.5,2,7,7211.2225,0.23,0.5,0.5,0.0,0.0,0,0,0.0,5486.8,1,1,1.0,14607.3,3,2,0.6666666666666666,28844.89,4,2,0.5,0
LGS2ORD0026623,C013309,2025-07-30 20:00:00,Male,47,Silver,TV,Songkhla,391,Web,Credit_Card,20,7,2,0,40-50,13.033333333333333,2.0,0.0,0.0,-1,35,4646.46,0.25,0.0,0.5,0.0,0.0,0,0,0.0,0.0,0,0,0.0,6136.85,1,0,0.0,9292.92,2,0,0.0,0
LGS2ORD0026624,C010555,2025-07-30 20:00:00,Male,55,Platinum,Shopee,Chiang Mai,1341,Web,Bank_Transfer,20,7,2,0,>50,44.7,1.0,0.0,0.0,-1,41,5056.66,0.1,1.0,0.0,0.0,0.0,0,0,0.0,0.0,0,0,0.0,5056.66,1,0,0.0,5056.66,1,0,0.0,0
LGS2ORD0026625,C010395,2025-07-30 20:00:00,Female,42,Bronze,TV,Phuket,1531,Web,COD,20,7,2,0,40-50,51.03333333333333,6.0,2.0,0.3333333333333333,59,4,11533.076666666668,0.28,0.3333333333333333,0.3333333333333333,0.0,33257.75,1,0,0.0,33257.75,1,0,0.0,50750.03,3,1,0.3333333333333333,69198.46,6,2,0.3333333333333333,0
LGS2ORD0026626,C015234,2025-07-30 20:00:00,Female,42,Bronze,TV,Chonburi,549,Lazada,COD,20,7,2,0,40-50,18.3,6.0,1.0,0.16666666666666666,154,141,2805.7116666666666,0.28,0.5,0.5,0.0,0.0,0,0,0.0,0.0,0,0,0.0,0.0,0,0,0.0,16834.27,6,1,0.16666666666666666,0
LGS2ORD0026627,C014379,2025-07-30 21:00:00,Female,49,Platinum,TV,Bangkok,365,Shopee,Credit_Card,21,7,2,0,40-50,12.166666666666666,5.0,0.0,0.0,-1,98,5397.836000000001,0.3,1.0,0.2,0.0,0.0,0,0,0.0,0.0,0,0,0.0,0.0,0,0,0.0,26989.180000000004,5,0,0.0,0
LGS2ORD0026628,C016682,2025-07-30 21:00:00,Female,53,Bronze,Lazada,Phuket,368,TV_Show,PromptPay,21,7,2,0,>50,12.266666666666667,3.0,0.0,0.0,-1,105,7489.446666666667,0.08,0.3333333333333333,0.0,0.0,0.0,0,0,0.0,0.0,0,0,0.0,0.0,0,0,0.0,22468.34,3,0,0.0,1
LGS2ORD0026629,C013579,2025-07-30 21:00:00,Male,36,Silver,CallCenter,Nakhon Ratchasima,1254,Web,Credit_Card,21,7,2,0,30-40,41.8,1.0,1.0,1.0,164,179,1061.48,0.2,1.0,0.0,0.0,0.0,0,0,0.0,0.0,0,0,0.0,0.0,0,0,0.0,1061.48,1,1,1.0,0
LGS2ORD0026630,C013791,2025-07-30 21:00:00,Female,54,Silver,Shopee,Bangkok,680,CallCenter,PromptPay,21,7,2,0,>50,22.666666666666668,3.0,1.0,0.3333333333333333,180,125,13402.823333333334,0.2,0.0,0.0,0.0,0.0,0,0,0.0,0.0,0,0,0.0,0.0,0,0,0.0,40208.47,3,1,0.3333333333333333,0
LGS2ORD0026631,C016467,2025-07-30 21:00:00,Female,29,Gold,Shopee,Khon Kaen,1621,Shopee,Credit_Card,21,7,2,0,20-30,54.03333333333333,8.0,1.0,0.125,79,33,2471.675,0.33,0.625,0.375,0.0,0.0,0,0,0.0,0.0,0,0,0.0,11396.1,5,1,0.2,19773.4,8,1,0.125,0
LGS2ORD0026632,C017669,2025-07-30 22:00:00,Female,33,Bronze,TV,Remote_Area,688,Web,PromptPay,22,7,2,0,30-40,22.933333333333334,8.0,2.0,0.25,146,1,5253.37375,0.23,0.5,0.25,0.0,1992.08,1,0,0.0,1992.08,1,0,0.0,8727.14,2,0,0.0,42026.99,8,2,0.25,1
LGS2ORD0026633,C010775,2025-07-30 22:00:00,Male,40,Bronze,Lazada,Bangkok,685,TV_Show,PromptPay,22,7,2,0,30-40,22.833333333333332,4.0,1.0,0.25,116,27,4999.787499999999,0.28,0.5,0.25,0.0,0.0,0,0,0.0,1135.05,1,0,0.0,1135.05,1,0,0.0,19999.149999999998,4,1,0.25,0
LGS2ORD0026634,C015611,2025-07-30 22:00:00,Female,40,Gold,TV,Bangkok,462,Shopee,Bank_Transfer,22,7,2,0,30-40,15.4,2.0,0.0,0.0,-1,42,1342.315,0.2299999999999999,0.5,0.5,0.0,0.0,0,0,0.0,0.0,0,0,0.0,2684.63,2,0,0.0,2684.63,2,0,0.0,1
LGS2ORD0026635,C015043,2025-07-30 22:00:00,Male,18,Bronze,TV,Phuket,1296,Shopee,COD,22,7,2,0,<20,43.2,2.0,0.0,0.0,-1,5,1335.175,0.08,1.0,0.0,0.0,1182.73,1,0,0.0,1182.73,1,0,0.0,2670.35,2,0,0.0,2670.35,2,0,0.0,0
LGS2ORD0026636,C011138,2025-07-30 22:00:00,Male,51,Bronze,CallCenter,Phuket,297,Lazada,PromptPay,22,7,2,0,>50,9.9,5.0,2.0,0.4,63,29,4619.576,0.23,0.4,0.2,0.0,0.0,0,0,0.0,6667.0,1,0,0.0,22619.170000000002,4,1,0.25,23097.88,5,2,0.4,1
LGS2ORD0026637,C012173,2025-07-30 23:00:00,Male,40,Bronze,Shopee,Songkhla,479,Lazada,COD,23,7,2,0,30-40,15.966666666666667,4.0,1.0,0.25,60,1,4236.455,0.23,0.75,0.25,0.0,738.63,1,0,0.0,738.63,1,0,0.0,5885.03,2,1,0.5,16945.82,4,1,0.25,0
LGS2ORD0026638,C012902,2025-07-30 23:00:00,Male,34,Bronze,Shopee,Chiang Mai,300,Lazada,COD,23,7,2,0,30-40,10.0,4.0,1.0,0.25,7,15,4205.145,0.23,0.0,0.5,0.0,0.0,0,0,0.0,2765.09,1,1,1.0,9944.74,2,1,0.5,16820.58,4,1,0.25,0
LGS2ORD0026639,C012289,2025-07-30 23:00:00,Male,45,Bronze,TV,Songkhla,1392,TV_Show,COD,23,7,2,0,40-50,46.4,8.0,6.0,0.75,-15,1,7182.0599999999995,0.23,0.75,0.5,0.0,5585.71,2,2,1.0,5585.71,2,2,1.0,21248.29,4,3,0.75,57456.479999999996,8,6,0.75,0
LGS2ORD0026640,C014196,2025-07-30 23:00:00,Female,21,Bronze,Web,Remote_Area,1415,Web,COD,23,7,2,0,20-30,47.166666666666664,3.0,0.0,0.0,-1,33,3191.603333333334,0.13,0.3333333333333333,0.0,0.0,0.0,0,0,0.0,0.0,0,0,0.0,9247.970000000001,2,0,0.0,9574.810000000001,3,0,0.0,1
LGS2ORD0026641,C015142,2025-07-30 23:00:00,Female,27,Silver,CallCenter,Remote_Area,1048,TV_Show,COD,23,7,2,0,20-30,34.93333333333333,9.0,4.0,0.4444444444444444,5,12,2769.731111111111,0.25,0.6666666666666666,0.5555555555555556,0.0,0.0,0,0,0.0,10309.429999999998,4,1,0.25,10309.429999999998,4,1,0.25,24927.58,9,4,0.4444444444444444,1
LGS2ORD0026642,C017611,2025-07-30 23:00:00,Female,37,Gold,Lazada,Bangkok,336,Shopee,Credit_Card,23,7,2,0,30-40,11.2,4.0,3.0,0.75,37,48,6756.6875,0.28,0.25,0.5,0.0,0.0,0,0,0.0,0.0,0,0,0.0,11186.23,2,2,1.0,27026.75,4,3,0.75,0
LGS2ORD0026643,C015491,2025-07-31 00:00:00,Male,38,Bronze,CallCenter,Chiang Mai,1542,TV_Show,COD,0,7,3,0,30-40,51.4,10.0,1.0,0.1,191,24,5169.023,0.23,0.6,0.2,0.0,0.0,0,0,0.0,4169.63,1,0,0.0,34667.83,5,0,0.0,51690.23,10,1,0.1,0
LGS2ORD0026644,C012789,2025-07-31 00:00:00,Female,55,Bronze,Lazada,Nakhon Ratchasima,272,Web,COD,0,7,3,0,>50,9.066666666666666,1.0,1.0,1.0,50,64,202.21,0.08,1.0,0.0,0.0,0.0,0,0,0.0,0.0,0,0,0.0,202.21,1,1,1.0,202.21,1,1,1.0,0
LGS2ORD0026645,C013895,2025-07-31 00:00:00,Female,40,Bronze,CallCenter,Bangkok,753,Lazada,Bank_Transfer,0,7,3,0,30-40,25.1,1.0,1.0,1.0,173,182,1907.92,0.18,0.0,0.0,0.0,0.0,0,0,0.0,0.0,0,0,0.0,0.0,0,0,0.0,1907.92,1,1,1.0,0
LGS2ORD0026646,C015401,2025-07-31 00:00:00,Male,40,Platinum,Lazada,Phuket,928,Web,COD,0,7,3,0,30-40,30.933333333333334,5.0,1.0,0.2,181,37,3468.334,0.35,0.0,0.4,0.0,0.0,0,0,0.0,0.0,0,0,0.0,13132.89,2,0,0.0,17341.67,5,1,0.2,1
LGS2ORD0026647,C010342,2025-07-31 00:00:00,Female,48,Bronze,Web,Bangkok,678,Web,COD,0,7,3,0,40-50,22.6,1.0,0.0,0.0,-1,52,2962.15,0.13,1.0,0.0,0.0,0.0,0,0,0.0,0.0,0,0,0.0,2962.15,1,0,0.0,2962.15,1,0,0.0,0
LGS2ORD0026648,C011488,2025-07-31 01:00:00,Male,42,Bronze,Shopee,Bangkok,1135,Shopee,COD,1,7,3,0,40-50,37.833333333333336,2.0,0.0,0.0,-1,22,2715.9849999999997,0.18,1.0,0.0,0.0,0.0,0,0,0.0,4263.98,1,0,0.0,4263.98,1,0,0.0,5431.969999999999,2,0,0.0,1
LGS2ORD0026649,C011610,2025-07-31 01:00:00,Male,34,Silver,TV,Remote_Area,1381,Lazada,COD,1,7,3,0,30-40,46.03333333333333,4.0,1.0,0.25,164,40,2716.83,0.3,1.0,0.75,0.0,0.0,0,0,0.0,0.0,0,0,0.0,5665.9,1,0,0.0,10867.32,4,1,0.25,0
LGS2ORD0026650,C013967,2025-07-31 01:00:00,Female,59,Bronze,Web,Bangkok,1311,Web,Bank_Transfer,1,7,3,0,>50,43.7,0.0,0.0,0.0,-1,-1,0.0,0.0,0.0,0.0,0.0,0.0,0,0,0.0,0.0,0,0,0.0,0.0,0,0,0.0,0.0,0,0,0.0,0
LGS2ORD0026651,C010117,2025-07-31 01:00:00,Female,24,Bronze,Shopee,Bangkok,1559,CallCenter,Bank_Transfer,1,7,3,0,20-30,51.96666666666667,2.0,0.0,0.0,-1,59,3935.3099999999995,0.18,1.0,0.0,0.0,0.0,0,0,0.0,0.0,0,0,0.0,5501.98,1,0,0.0,7870.619999999999,2,0,0.0,1
LGS2ORD0026652,C011304,2025-07-31 01:00:00,Female,23,Bronze,Web,Remote_Area,1060,TV_Show,COD,1,7,3,0,20-30,35.333333333333336,2.0,0.0,0.0,-1,142,4728.33,0.23,0.0,0.5,0.0,0.0,0,0,0.0,0.0,0,0,0.0,0.0,0,0,0.0,9456.66,2,0,0.0,0
LGS2ORD0026653,C015514,2025-07-31 02:00:00,Female,27,Bronze,Lazada,Bangkok,911,Web,Bank_Transfer,2,7,3,0,20-30,30.366666666666667,5.0,1.0,0.2,76,79,5038.668,0.28,0.2,0.4,0.0,0.0,0,0,0.0,0.0,0,0,0.0,1372.0,1,1,1.0,25193.34,5,1,0.2,0
LGS2ORD0026654,C014297,2025-07-31 02:00:00,Female,44,Silver,Web,Bangkok,1421,Shopee,Bank_Transfer,2,7,3,0,40-50,47.36666666666667,4.0,2.0,0.5,106,117,3441.0,0.2,0.5,0.0,0.0,0.0,0,0,0.0,0.0,0,0,0.0,0.0,0,0,0.0,13764.0,4,2,0.5,0
LGS2ORD0026655,C012964,2025-07-31 02:00:00,Female,50,Gold,Web,Bangkok,364,TV_Show,PromptPay,2,7,3,0,40-50,12.133333333333333,3.0,1.0,0.3333333333333333,65,72,8293.513333333334,0.28,0.3333333333333333,0.6666666666666666,0.0,0.0,0,0,0.0,0.0,0,0,0.0,844.84,1,1,1.0,24880.54,3,1,0.3333333333333333,0
LGS2ORD0026656,C016255,2025-07-31 02:00:00,Female,32,Platinum,Lazada,Bangkok,820,Lazada,COD,2,7,3,0,30-40,27.333333333333332,0.0,0.0,0.0,-1,-1,0.0,0.0,0.0,0.0,0.0,0.0,0,0,0.0,0.0,0,0,0.0,0.0,0,0,0.0,0.0,0,0,0.0,0
LGS2ORD0026657,C016838,2025-07-31 02:00:00,Female,39,Bronze,TV,Chonburi,1169,TV_Show,COD,2,7,3,0,30-40,38.96666666666667,2.0,2.0,1.0,-8,5,6123.245,0.13,0.5,0.0,0.0,11375.24,1,1,1.0,11375.24,1,1,1.0,11375.24,1,1,1.0,12246.49,2,2,1.0,0
LGS2ORD0026658,C014694,2025-07-31 03:00:00,Female,40,Bronze,TV,Songkhla,962,Web,COD,3,7,3,0,30-40,32.06666666666667,1.0,0.0,0.0,-1,179,1836.25,0.18,1.0,0.0,0.0,0.0,0,0,0.0,0.0,0,0,0.0,0.0,0,0,0.0,1836.25,1,0,0.0,1
LGS2ORD0026659,C017068,2025-07-31 03:00:00,Male,57,Bronze,TV,Khon Kaen,366,Lazada,COD,3,7,3,0,>50,12.2,2.0,0.0,0.0,-1,79,6201.8,0.23,0.0,0.5,0.0,0.0,0,0,0.0,0.0,0,0,0.0,10457.95,1,0,0.0,12403.6,2,0,0.0,0
LGS2ORD0026660,C014804,2025-07-31 03:00:00,Male,27,Bronze,Lazada,Songkhla,1556,TV_Show,COD,3,7,3,0,20-30,51.86666666666667,3.0,0.0,0.0,-1,87,11759.246666666666,0.18,0.0,0.0,0.0,0.0,0,0,0.0,0.0,0,0,0.0,4117.54,1,0,0.0,35277.74,3,0,0.0,0
LGS2ORD0026661,C015715,2025-07-31 03:00:00,Female,44,Bronze,TV,Nakhon Ratchasima,1517,CallCenter,COD,3,7,3,0,40-50,50.56666666666667,0.0,0.0,0.0,-1,-1,0.0,0.0,0.0,0.0,0.0,0.0,0,0,0.0,0.0,0,0,0.0,0.0,0,0,0.0,0.0,0,0,0.0,0
LGS2ORD0026662,C015009,2025-07-31 03:00:00,Female,58,Bronze,Lazada,Bangkok,977,TV_Show,COD,3,7,3,0,>50,32.56666666666667,2.0,1.0,0.5,171,178,3213.08,0.23,0.5,0.5,0.0,0.0,0,0,0.0,0.0,0,0,0.0,0.0,0,0,0.0,6426.16,2,1,0.5,0
LGS2ORD0026663,C016126,2025-07-31 03:00:00,Female,47,Gold,TV,Chonburi,1499,Web,PromptPay,3,7,3,0,40-50,49.96666666666667,5.0,1.0,0.2,33,43,9956.956,0.28,0.4,0.4,0.0,0.0,0,0,0.0,0.0,0,0,0.0,26501.61,2,1,0.5,49784.78,5,1,0.2,0
LGS2ORD0026664,C010888,2025-07-31 04:00:00,Other,36,Bronze,TV,Bangkok,1254,Web,COD,4,7,3,0,30-40,41.8,5.0,3.0,0.6,11,17,4590.532,0.18,0.6,0.0,0.0,0.0,0,0,0.0,874.03,1,1,1.0,8979.62,3,2,0.6666666666666666,22952.66,5,3,0.6,1
LGS2ORD0026665,C017665,2025-07-31 04:00:00,Male,57,Gold,TV,Remote_Area,1454,Shopee,Credit_Card,4,7,3,0,>50,48.46666666666667,9.0,1.0,0.1111111111111111,115,9,9039.843333333332,0.33,0.5555555555555556,0.5555555555555556,0.0,0.0,0,0,0.0,36935.82,2,0,0.0,36935.82,2,0,0.0,81358.59,9,1,0.1111111111111111,0
LGS2ORD0026666,C017083,2025-07-31 04:00:00,Male,31,Bronze,Web,Chiang Mai,1198,Shopee,Credit_Card,4,7,3,0,30-40,39.93333333333333,7.0,2.0,0.2857142857142857,6,3,2663.7071428571426,0.28,0.5714285714285714,0.42857142857142855,0.0,3308.42,1,0,0.0,6547.41,2,1,0.5,6547.41,2,1,0.5,18645.949999999997,7,2,0.2857142857142857,0
LGS2ORD0026667,C012065,2025-07-31 04:00:00,Female,57,Bronze,Shopee,Bangkok,234,Shopee,Bank_Transfer,4,7,3,0,>50,7.8,1.0,0.0,0.0,-1,179,1766.02,0.08,1.0,0.0,0.0,0.0,0,0,0.0,0.0,0,0,0.0,0.0,0,0,0.0,1766.02,1,0,0.0,0
LGS2ORD0026668,C010630,2025-07-31 04:00:00,Female,31,Silver,CallCenter,Bangkok,831,TV_Show,COD,4,7,3,0,30-40,27.7,2.0,0.0,0.0,-1,43,4926.78,0.1,0.0,0.0,0.0,0.0,0,0,0.0,0.0,0,0,0.0,9853.56,2,0,0.0,9853.56,2,0,0.0,0
LGS2ORD0026669,C014765,2025-07-31 05:00:00,Male,37,Bronze,Lazada,Chonburi,1066,Shopee,COD,5,7,3,0,30-40,35.53333333333333,3.0,0.0,0.0,-1,11,2065.9700000000003,0.13,0.6666666666666666,0.0,0.0,0.0,0,0,0.0,704.29,1,0,0.0,704.29,1,0,0.0,6197.910000000001,3,0,0.0,0
LGS2ORD0026670,C016696,2025-07-31 05:00:00,Female,30,Platinum,Shopee,Phuket,1215,Shopee,COD,5,7,3,0,20-30,40.5,4.0,1.0,0.25,188,53,2896.0725,0.25,0.25,0.5,0.0,0.0,0,0,0.0,0.0,0,0,0.0,562.52,1,0,0.0,11584.29,4,1,0.25,0
LGS2ORD0026671,C017628,2025-07-31 05:00:00,Male,51,Bronze,Web,Nakhon Ratchasima,1465,Lazada,PromptPay,5,7,3,0,>50,48.833333333333336,2.0,1.0,0.5,122,26,2714.24,0.23,1.0,0.5,0.0,0.0,0,0,0.0,2657.88,1,0,0.0,2657.88,1,0,0.0,5428.48,2,1,0.5,0
LGS2ORD0026672,C011766,2025-07-31 05:00:00,Female,32,Silver,TV,Remote_Area,1476,CallCenter,COD,5,7,3,0,30-40,49.2,4.0,1.0,0.25,48,44,3550.9300000000003,0.3,0.25,0.5,0.0,0.0,0,0,0.0,0.0,0,0,0.0,6746.54,3,1,0.3333333333333333,14203.720000000001,4,1,0.25,0
LGS2ORD0026673,C013668,2025-07-31 05:00:00,Female,41,Platinum,TV,Remote_Area,262,Lazada,COD,5,7,3,0,40-50,8.733333333333333,0.0,0.0,0.0,-1,-1,0.0,0.0,0.0,0.0,0.0,0.0,0,0,0.0,0.0,0,0,0.0,0.0,0,0,0.0,0.0,0,0,0.0,0
LGS2ORD0026674,C011581,2025-07-31 06:00:00,Male,59,Bronze,Lazada,Phuket,688,CallCenter,COD,6,7,3,0,>50,22.933333333333334,4.0,1.0,0.25,115,16,3500.955,0.28,0.75,0.5,0.0,0.0,0,0,0.0,10707.77,1,0,0.0,12216.470000000001,2,0,0.0,14003.82,4,1,0.25,0
LGS2ORD0026675,C010330,2025-07-31 06:00:00,Female,43,Bronze,TV,Bangkok,256,Shopee,COD,6,7,3,0,40-50,8.533333333333333,5.0,2.0,0.4,12,28,3519.768,0.28,0.8,0.4,0.0,0.0,0,0,0.0,9132.54,1,1,1.0,9132.54,1,1,1.0,17598.84,5,2,0.4,0
LGS2ORD0026676,C015522,2025-07-31 06:00:00,Female,31,Bronze,TV,Bangkok,447,TV_Show,COD,6,7,3,0,30-40,14.9,4.0,0.0,0.0,-1,38,2619.3525,0.28,0.5,0.25,0.0,0.0,0,0,0.0,0.0,0,0,0.0,8092.05,2,0,0.0,10477.41,4,0,0.0,1
LGS2ORD0026677,C011187,2025-07-31 06:00:00,Male,50,Bronze,Shopee,Nakhon Ratchasima,1124,Lazada,COD,6,7,3,0,40-50,37.46666666666667,4.0,1.0,0.25,34,42,6594.782500000001,0.28,0.75,0.75,0.0,0.0,0,0,0.0,0.0,0,0,0.0,6595.98,2,1,0.5,26379.130000000005,4,1,0.25,0
LGS2ORD0026678,C014508,2025-07-31 06:00:00,Male,67,Bronze,TV,Phuket,1102,Lazada,PromptPay,6,7,3,0,>50,36.733333333333334,1.0,0.0,0.0,-1,203,7870.07,0.08,0.0,0.0,0.0,0.0,0,0,0.0,0.0,0,0,0.0,0.0,0,0,0.0,7870.07,1,0,0.0,1
LGS2ORD0026679,C010084,2025-07-31 07:00:00,Male,28,Gold,TV,Songkhla,1213,Shopee,Bank_Transfer,7,7,3,0,20-30,40.43333333333333,4.0,2.0,0.5,27,40,6094.9625,0.28,0.75,0.5,0.0,0.0,0,0,0.0,0.0,0,0,0.0,20127.73,2,2,1.0,24379.85,4,2,0.5,0
LGS2ORD0026680,C016858,2025-07-31 07:00:00,Male,40,Bronze,TV,Songkhla,597,CallCenter,COD,7,7,3,0,30-40,19.9,4.0,1.0,0.25,144,94,2089.9525,0.28,0.75,0.75,0.0,0.0,0,0,0.0,0.0,0,0,0.0,0.0,0,0,0.0,8359.81,4,1,0.25,1
LGS2ORD0026681,C012544,2025-07-31 07:00:00,Female,28,Platinum,TV,Bangkok,284,TV_Show,COD,7,7,3,0,20-30,9.466666666666667,2.0,1.0,0.5,200,102,1259.225,0.25,0.0,1.0,0.0,0.0,0,0,0.0,0.0,0,0,0.0,0.0,0,0,0.0,2518.45,2,1,0.5,1
LGS2ORD0026682,C013049,2025-07-31 07:00:00,Male,23,Bronze,Web,Songkhla,1580,Web,Credit_Card,7,7,3,0,20-30,52.666666666666664,5.0,1.0,0.2,184,53,6493.69,0.23,0.4,0.4,0.0,0.0,0,0,0.0,0.0,0,0,0.0,700.27,1,0,0.0,32468.449999999997,5,1,0.2,0
LGS2ORD0026683,C014157,2025-07-31 07:00:00,Male,59,Gold,TV,Khon Kaen,1658,TV_Show,Bank_Transfer,7,7,3,0,>50,55.266666666666666,2.0,0.0,0.0,-1,45,887.05,0.28,0.0,1.0,0.0,0.0,0,0,0.0,0.0,0,0,0.0,934.02,1,0,0.0,1774.1,2,0,0.0,0
LGS2ORD0026684,C011644,2025-07-31 07:00:00,Female,60,Platinum,Shopee,Chiang Mai,424,TV_Show,COD,7,7,3,0,>50,14.133333333333333,2.0,1.0,0.5,97,46,2959.9300000000003,0.35,0.0,0.5,0.0,0.0,0,0,0.0,0.0,0,0,0.0,2006.19,1,0,0.0,5919.860000000001,2,1,0.5,0
LGS2ORD0026685,C015436,2025-07-31 08:00:00,Male,44,Silver,Lazada,Nakhon Ratchasima,1155,Web,COD,8,7,3,0,40-50,38.5,4.0,1.0,0.25,46,53,7308.005,0.25,0.5,0.5,0.0,0.0,0,0,0.0,0.0,0,0,0.0,2937.95,1,1,1.0,29232.02,4,1,0.25,0
LGS2ORD0026686,C016841,2025-07-31 08:00:00,Male,42,Gold,TV,Remote_Area,1410,Shopee,COD,8,7,3,0,40-50,47.0,3.0,1.0,0.3333333333333333,177,47,1793.5900000000001,0.18,0.0,0.0,0.0,0.0,0,0,0.0,0.0,0,0,0.0,4690.3,2,0,0.0,5380.77,3,1,0.3333333333333333,1
LGS2ORD0026687,C011546,2025-07-31 08:00:00,Female,43,Bronze,Lazada,Nakhon Ratchasima,852,TV_Show,Credit_Card,8,7,3,0,40-50,28.4,6.0,2.0,0.3333333333333333,123,62,3389.645,0.28,0.6666666666666666,0.16666666666666666,0.0,0.0,0,0,0.0,0.0,0,0,0.0,2559.1800000000003,2,0,0.0,20337.87,6,2,0.3333333333333333,0
LGS2ORD0026688,C012860,2025-07-31 08:00:00,Female,29,Silver,Shopee,Chonburi,1498,Web,PromptPay,8,7,3,0,20-30,49.93333333333333,1.0,0.0,0.0,-1,104,1354.21,0.15,0.0,0.0,0.0,0.0,0,0,0.0,0.0,0,0,0.0,0.0,0,0,0.0,1354.21,1,0,0.0,0
LGS2ORD0026689,C010002,2025-07-31 08:00:00,Male,34,Platinum,Lazada,Bangkok,516,Shopee,Credit_Card,8,7,3,0,30-40,17.2,2.0,1.0,0.5,54,63,4083.04,0.25,0.0,0.5,0.0,0.0,0,0,0.0,0.0,0,0,0.0,8166.08,2,1,0.5,8166.08,2,1,0.5,0
LGS2ORD0026690,C013693,2025-07-31 09:00:00,Female,41,Bronze,TV,Bangkok,1234,Lazada,PromptPay,9,7,3,0,40-50,41.13333333333333,2.0,0.0,0.0,-1,50,5197.995,0.18,0.5,0.0,0.0,0.0,0,0,0.0,0.0,0,0,0.0,8173.61,1,0,0.0,10395.99,2,0,0.0,1
LGS2ORD0026691,C010104,2025-07-31 09:00:00,Male,35,Bronze,TV,Remote_Area,517,Lazada,Credit_Card,9,7,3,0,30-40,17.233333333333334,3.0,1.0,0.3333333333333333,49,39,7652.496666666666,0.23,0.3333333333333333,0.3333333333333333,0.0,0.0,0,0,0.0,0.0,0,0,0.0,2389.55,2,1,0.5,22957.489999999998,3,1,0.3333333333333333,0
LGS2ORD0026692,C016249,2025-07-31 09:00:00,Female,41,Gold,Web,Khon Kaen,975,Lazada,COD,9,7,3,0,40-50,32.5,1.0,0.0,0.0,-1,72,1678.62,0.08,0.0,0.0,0.0,0.0,0,0,0.0,0.0,0,0,0.0,1678.62,1,0,0.0,1678.62,1,0,0.0,0
LGS2ORD0026693,C013250,2025-07-31 09:00:00,Male,57,Silver,TV,Phuket,373,CallCenter,COD,9,7,3,0,>50,12.433333333333334,1.0,0.0,0.0,-1,178,23075.48,0.1,1.0,0.0,0.0,0.0,0,0,0.0,0.0,0,0,0.0,0.0,0,0,0.0,23075.48,1,0,0.0,1
LGS2ORD0026694,C016584,2025-07-31 09:00:00,Male,62,Gold,Web,Bangkok,613,Shopee,Credit_Card,9,7,3,0,>50,20.433333333333334,6.0,1.0,0.16666666666666666,75,24,5290.528333333333,0.18,0.16666666666666666,0.0,0.0,0.0,0,0,0.0,6653.22,1,0,0.0,21943.95,4,1,0.25,31743.17,6,1,0.16666666666666666,1
LGS2ORD0026695,C013940,2025-07-31 10:00:00,Other,45,Gold,Shopee,Nakhon Ratchasima,490,TV_Show,COD,10,7,3,0,40-50,16.333333333333332,5.0,1.0,0.2,117,5,7425.31,0.33,0.6,0.6,0.0,4694.29,1,0,0.0,12550.11,2,0,0.0,15944.939999999999,3,0,0.0,37126.55,5,1,0.2,0
LGS2ORD0026696,C013466,2025-07-31 10:00:00,Female,49,Bronze,Web,Songkhla,322,Lazada,COD,10,7,3,0,40-50,10.733333333333333,3.0,0.0,0.0,-1,18,9272.446666666665,0.23,0.6666666666666666,0.3333333333333333,0.0,0.0,0,0,0.0,1216.05,1,0,0.0,1216.05,1,0,0.0,27817.339999999997,3,0,0.0,0
LGS2ORD0026697,C011542,2025-07-31 10:00:00,Female,34,Bronze,TV,Songkhla,363,TV_Show,Credit_Card,10,7,3,0,30-40,12.1,2.0,0.0,0.0,-1,35,3702.295,0.18,0.0,0.0,0.0,0.0,0,0,0.0,0.0,0,0,0.0,7404.59,2,0,0.0,7404.59,2,0,0.0,0
LGS2ORD0026698,C010249,2025-07-31 10:00:00,Female,49,Platinum,Web,Bangkok,300,Shopee,PromptPay,10,7,3,0,40-50,10.0,0.0,0.0,0.0,-1,-1,0.0,0.0,0.0,0.0,0.0,0.0,0,0,0.0,0.0,0,0,0.0,0.0,0,0,0.0,0.0,0,0,0.0,0
LGS2ORD0026699,C012345,2025-07-31 10:00:00,Male,41,Gold,TV,Khon Kaen,763,Lazada,COD,10,7,3,0,40-50,25.433333333333334,4.0,0.0,0.0,-1,51,16208.7375,0.33,0.75,0.5,0.0,0.0,0,0,0.0,0.0,0,0,0.0,41139.83,1,0,0.0,64834.95,4,0,0.0,0
LGS2ORD0026700,C011635,2025-07-31 11:00:00,Female,18,Silver,Lazada,Phuket,292,Shopee,PromptPay,11,7,3,0,<20,9.733333333333333,4.0,1.0,0.25,24,33,5775.77,0.25,0.75,0.25,0.0,0.0,0,0,0.0,0.0,0,0,0.0,3691.7200000000003,2,1,0.5,23103.08,4,1,0.25,0
LGS2ORD0026701,C016189,2025-07-31 11:00:00,Female,48,Bronze,Lazada,Phuket,1582,Web,COD,11,7,3,0,40-50,52.733333333333334,5.0,2.0,0.4,78,32,4177.308,0.18,0.4,0.0,0.0,0.0,0,0,0.0,0.0,0,0,0.0,14553.91,3,1,0.3333333333333333,20886.54,5,2,0.4,0
LGS2ORD0026702,C016754,2025-07-31 11:00:00,Female,38,Silver,Lazada,Bangkok,1357,Lazada,Bank_Transfer,11,7,3,0,30-40,45.233333333333334,8.0,1.0,0.125,63,65,3761.0387499999997,0.25,0.375,0.25,0.0,0.0,0,0,0.0,0.0,0,0,0.0,3585.67,2,1,0.5,30088.309999999998,8,1,0.125,0
LGS2ORD0026703,C011169,2025-07-31 11:00:00,Female,53,Bronze,TV,Chiang Mai,828,Lazada,COD,11,7,3,0,>50,27.6,8.0,2.0,0.25,79,33,4341.41875,0.23,0.5,0.125,0.0,0.0,0,0,0.0,0.0,0,0,0.0,10020.69,2,0,0.0,34731.35,8,2,0.25,0
LGS2ORD0026704,C015201,2025-07-31 11:00:00,Female,38,Silver,TV,Bangkok,1061,CallCenter,PromptPay,11,7,3,0,30-40,35.36666666666667,3.0,0.0,0.0,-1,81,2372.39,0.3,0.3333333333333333,0.3333333333333333,0.0,0.0,0,0,0.0,0.0,0,0,0.0,156.07,1,0,0.0,7117.17,3,0,0.0,0
LGS2ORD0026705,C015292,2025-07-31 11:00:00,Male,33,Gold,Web,Chonburi,1575,Web,Bank_Transfer,11,7,3,0,30-40,52.5,2.0,0.0,0.0,-1,49,3868.18,0.28,0.5,0.5,0.0,0.0,0,0,0.0,0.0,0,0,0.0,1297.7,1,0,0.0,7736.36,2,0,0.0,0
LGS2ORD0026706,C014973,2025-07-31 12:00:00,Male,27,Silver,TV,Chiang Mai,1074,Web,COD,12,7,3,0,20-30,35.8,7.0,2.0,0.2857142857142857,8,19,2555.9557142857143,0.3,0.5714285714285714,0.42857142857142855,0.0,0.0,0,0,0.0,1420.0,1,1,1.0,3470.53,3,1,0.3333333333333333,17891.69,7,2,0.2857142857142857,1
LGS2ORD0026707,C011236,2025-07-31 12:00:00,Female,49,Silver,CallCenter,Bangkok,1120,Lazada,COD,12,7,3,0,40-50,37.333333333333336,4.0,2.0,0.5,38,46,4520.2075,0.3,1.0,0.75,0.0,0.0,0,0,0.0,0.0,0,0,0.0,5552.219999999999,2,2,1.0,18080.83,4,2,0.5,0
LGS2ORD0026708,C012800,2025-07-31 12:00:00,Female,36,Bronze,Web,Remote_Area,648,Shopee,COD,12,7,3,0,30-40,21.6,4.0,0.0,0.0,-1,20,6204.285,0.13,0.25,0.0,0.0,0.0,0,0,0.0,5221.96,1,0,0.0,22195.48,3,0,0.0,24817.14,4,0,0.0,1
LGS2ORD0026709,C016452,2025-07-31 12:00:00,Female,37,Gold,TV,Chiang Mai,1338,Web,PromptPay,12,7,3,0,30-40,44.6,5.0,2.0,0.4,-2,7,5953.106000000001,0.2299999999999999,0.2,0.2,0.0,0.0,0,0,0.0,3980.19,2,1,0.5,11445.49,3,2,0.6666666666666666,29765.530000000002,5,2,0.4,0
LGS2ORD0026710,C012475,2025-07-31 12:00:00,Female,32,Bronze,Lazada,Bangkok,1084,Shopee,Credit_Card,12,7,3,0,30-40,36.13333333333333,4.0,2.0,0.5,2,14,8488.82,0.28,1.0,0.75,0.0,0.0,0,0,0.0,3137.98,1,1,1.0,27512.46,2,2,1.0,33955.28,4,2,0.5,0
LGS2ORD0026711,C011314,2025-07-31 13:00:00,Male,34,Bronze,Web,Bangkok,427,TV_Show,PromptPay,13,7,3,0,30-40,14.233333333333333,2.0,1.0,0.5,175,45,6390.895,0.18,0.0,0.0,0.0,0.0,0,0,0.0,0.0,0,0,0.0,10175.75,1,0,0.0,12781.79,2,1,0.5,0
LGS2ORD0026712,C013484,2025-07-31 13:00:00,Female,39,Silver,TV,Bangkok,982,TV_Show,COD,13,7,3,0,30-40,32.733333333333334,3.0,2.0,0.6666666666666666,31,34,16485.303333333333,0.15,0.0,0.0,0.0,0.0,0,0,0.0,0.0,0,0,0.0,11092.01,2,2,1.0,49455.909999999996,3,2,0.6666666666666666,0
LGS2ORD0026713,C012024,2025-07-31 13:00:00,Male,35,Silver,Web,Bangkok,1622,TV_Show,Credit_Card,13,7,3,0,30-40,54.06666666666667,8.0,2.0,0.25,0,17,7218.330000000001,0.25,0.75,0.375,0.0,0.0,0,0,0.0,5964.06,1,1,1.0,20025.16,2,1,0.5,57746.64000000001,8,2,0.25,0
LGS2ORD0026714,C013183,2025-07-31 13:00:00,Female,61,Bronze,TV,Khon Kaen,1622,Web,PromptPay,13,7,3,0,>50,54.06666666666667,5.0,0.0,0.0,-1,16,6706.618,0.23,0.4,0.2,0.0,0.0,0,0,0.0,18516.24,2,0,0.0,23438.82,3,0,0.0,33533.090000000004,5,0,0.0,0
LGS2ORD0026715,C014107,2025-07-31 13:00:00,Male,42,Platinum,TV,Chiang Mai,616,TV_Show,PromptPay,13,7,3,0,40-50,20.533333333333335,5.0,2.0,0.4,61,3,6229.0599999999995,0.3,0.4,0.8,0.0,1121.34,1,0,0.0,1121.34,1,0,0.0,31145.3,5,2,0.4,31145.3,5,2,0.4,0
LGS2ORD0026716,C015163,2025-07-31 14:00:00,Male,56,Gold,CallCenter,Chiang Mai,688,CallCenter,PromptPay,14,7,3,0,>50,22.933333333333334,2.0,1.0,0.5,197,94,5993.675,0.13,1.0,0.0,0.0,0.0,0,0,0.0,0.0,0,0,0.0,0.0,0,0,0.0,11987.35,2,1,0.5,0
LGS2ORD0026717,C010185,2025-07-31 14:00:00,Male,41,Bronze,TV,Nakhon Ratchasima,1505,Shopee,COD,14,7,3,0,40-50,50.166666666666664,8.0,3.0,0.375,38,16,4992.0425,0.28,0.375,0.25,0.0,0.0,0,0,0.0,278.11,1,0,0.0,2286.76,3,1,0.3333333333333333,39936.34,8,3,0.375,0
LGS2ORD0026718,C015553,2025-07-31 14:00:00,Female,18,Bronze,Shopee,Chiang Mai,510,Lazada,Credit_Card,14,7,3,0,<20,17.0,4.0,2.0,0.5,85,48,2623.39,0.28,1.0,0.25,0.0,0.0,0,0,0.0,0.0,0,0,0.0,2194.81,1,0,0.0,10493.56,4,2,0.5,0
LGS2ORD0026719,C017032,2025-07-31 14:00:00,Female,36,Bronze,CallCenter,Nakhon Ratchasima,875,Lazada,COD,14,7,3,0,30-40,29.166666666666668,5.0,1.0,0.2,68,19,4578.197999999999,0.28,1.0,0.6,0.0,0.0,0,0,0.0,4005.75,1,0,0.0,15380.54,3,1,0.3333333333333333,22890.989999999998,5,1,0.2,1
LGS2ORD0026720,C017885,2025-07-31 14:00:00,Female,45,Bronze,Lazada,Bangkok,1119,Shopee,COD,14,7,3,0,40-50,37.3,5.0,0.0,0.0,-1,28,3362.2059999999997,0.23,0.2,0.4,0.0,0.0,0,0,0.0,3478.21,1,0,0.0,4833.0,2,0,0.0,16811.03,5,0,0.0,1
LGS2ORD0026721,C011799,2025-07-31 15:00:00,Female,30,Bronze,Shopee,Khon Kaen,1285,CallCenter,COD,15,7,3,0,20-30,42.833333333333336,4.0,1.0,0.25,128,17,3641.2675,0.23,0.5,0.25,0.0,0.0,0,0,0.0,10848.12,1,0,0.0,10848.12,1,0,0.0,14565.07,4,1,0.25,0
LGS2ORD0026722,C015100,2025-07-31 15:00:00,Female,41,Bronze,Web,Chiang Mai,1599,Shopee,PromptPay,15,7,3,0,40-50,53.3,5.0,0.0,0.0,-1,73,1954.9560000000001,0.28,0.4,0.2,0.0,0.0,0,0,0.0,0.0,0,0,0.0,1125.19,1,0,0.0,9774.78,5,0,0.0,0
LGS2ORD0026723,C015338,2025-07-31 15:00:00,Female,45,Silver,Web,Chonburi,419,Shopee,PromptPay,15,7,3,0,40-50,13.966666666666667,4.0,1.0,0.25,30,42,4961.34,0.2,0.25,0.0,0.0,0.0,0,0,0.0,0.0,0,0,0.0,6949.74,2,1,0.5,19845.36,4,1,0.25,0
LGS2ORD0026724,C017492,2025-07-31 15:00:00,Other,56,Silver,Web,Nakhon Ratchasima,257,TV_Show,COD,15,7,3,0,>50,8.566666666666666,7.0,1.0,0.14285714285714285,104,33,7234.494285714286,0.3,0.7142857142857143,0.14285714285714285,0.0,0.0,0,0,0.0,0.0,0,0,0.0,39396.78,2,0,0.0,50641.46,7,1,0.14285714285714285,0
LGS2ORD0026725,C015614,2025-07-31 15:00:00,Male,56,Bronze,TV,Khon Kaen,1172,TV_Show,PromptPay,15,7,3,0,>50,39.06666666666667,7.0,3.0,0.42857142857142855,52,26,5395.954285714286,0.23,0.5714285714285714,0.42857142857142855,0.0,0.0,0,0,0.0,5524.83,1,0,0.0,9499.5,3,1,0.3333333333333333,37771.68,7,3,0.42857142857142855,0
LGS2ORD0026726,C015683,2025-07-31 15:00:00,Male,26,Platinum,TV,Bangkok,766,CallCenter,PromptPay,15,7,3,0,20-30,25.533333333333335,4.0,0.0,0.0,-1,58,3727.9125000000004,0.25,0.5,0.25,0.0,0.0,0,0,0.0,0.0,0,0,0.0,4818.36,1,0,0.0,14911.650000000001,4,0,0.0,0
LGS2ORD0026727,C015174,2025-07-31 16:00:00,Male,47,Silver,Lazada,Bangkok,844,Lazada,Credit_Card,16,7,3,0,40-50,28.133333333333333,3.0,1.0,0.3333333333333333,31,38,12573.703333333333,0.15,0.3333333333333333,0.0,0.0,0.0,0,0,0.0,0.0,0,0,0.0,26635.670000000002,2,1,0.5,37721.11,3,1,0.3333333333333333,0
LGS2ORD0026728,C016459,2025-07-31 16:00:00,Female,20,Gold,CallCenter,Bangkok,1267,TV_Show,PromptPay,16,7,3,0,<20,42.233333333333334,4.0,2.0,0.5,33,45,2791.31,0.2299999999999999,0.5,0.25,0.0,0.0,0,0,0.0,0.0,0,0,0.0,2386.21,2,2,1.0,11165.24,4,2,0.5,0
LGS2ORD0026729,C014992,2025-07-31 16:00:00,Other,48,Platinum,Web,Chiang Mai,994,Lazada,PromptPay,16,7,3,0,40-50,33.13333333333333,3.0,0.0,0.0,-1,66,5591.383333333334,0.25,0.3333333333333333,0.3333333333333333,0.0,0.0,0,0,0.0,0.0,0,0,0.0,2219.5699999999997,2,0,0.0,16774.15,3,0,0.0,0
LGS2ORD0026730,C013864,2025-07-31 16:00:00,Male,27,Gold,Web,Phuket,321,Shopee,COD,16,7,3,0,20-30,10.7,9.0,4.0,0.4444444444444444,8,3,8631.305555555557,0.33,0.5555555555555556,0.5555555555555556,0.0,7916.3,1,0,0.0,8833.7,2,1,0.5,8833.7,2,1,0.5,77681.75000000001,9,4,0.4444444444444444,1
LGS2ORD0026731,C017524,2025-07-31 16:00:00,Male,48,Bronze,Shopee,Remote_Area,1304,Lazada,PromptPay,16,7,3,0,40-50,43.46666666666667,6.0,5.0,0.8333333333333334,18,17,4645.576666666667,0.23,0.5,0.3333333333333333,0.0,0.0,0,0,0.0,12785.060000000001,2,1,0.5,13694.85,3,2,0.6666666666666666,27873.46,6,5,0.8333333333333334,0
LGS2ORD0026732,C013272,2025-07-31 17:00:00,Male,52,Silver,TV,Khon Kaen,1159,TV_Show,COD,17,7,3,0,>50,38.63333333333333,1.0,1.0,1.0,140,151,7033.18,0.05,0.0,0.0,0.0,0.0,0,0,0.0,0.0,0,0,0.0,0.0,0,0,0.0,7033.18,1,1,1.0,0
LGS2ORD0026733,C013372,2025-07-31 17:00:00,Female,67,Gold,Web,Phuket,1500,Web,COD,17,7,3,0,>50,50.0,1.0,0.0,0.0,-1,146,6378.68,0.28,1.0,1.0,0.0,0.0,0,0,0.0,0.0,0,0,0.0,0.0,0,0,0.0,6378.68,1,0,0.0,0
LGS2ORD0026734,C010244,2025-07-31 17:00:00,Male,35,Gold,Shopee,Songkhla,456,TV_Show,Credit_Card,17,7,3,0,30-40,15.2,2.0,1.0,0.5,92,102,1078.205,0.08,0.5,0.0,0.0,0.0,0,0,0.0,0.0,0,0,0.0,0.0,0,0,0.0,2156.41,2,1,0.5,1
LGS2ORD0026735,C011669,2025-07-31 17:00:00,Male,35,Bronze,Lazada,Remote_Area,473,Web,COD,17,7,3,0,30-40,15.766666666666667,4.0,0.0,0.0,-1,7,6983.037499999999,0.13,0.5,0.0,0.0,0.0,0,0,0.0,7541.52,1,0,0.0,7541.52,1,0,0.0,27932.149999999998,4,0,0.0,0
LGS2ORD0026736,C012107,2025-07-31 17:00:00,Female,47,Silver,TV,Remote_Area,907,Web,COD,17,7,3,0,40-50,30.233333333333334,4.0,2.0,0.5,87,1,5408.9,0.2,0.5,0.0,0.0,321.06,1,0,0.0,321.06,1,0,0.0,17180.23,2,0,0.0,21635.6,4,2,0.5,1
LGS2ORD0026737,C014754,2025-07-31 18:00:00,Female,63,Bronze,TV,Songkhla,982,Lazada,COD,18,7,3,0,>50,32.733333333333334,4.0,1.0,0.25,200,85,5865.875,0.28,0.5,0.5,0.0,0.0,0,0,0.0,0.0,0,0,0.0,9617.66,1,0,0.0,23463.5,4,1,0.25,1
LGS2ORD0026738,C014659,2025-07-31 18:00:00,Female,50,Gold,TV,Khon Kaen,1449,TV_Show,PromptPay,18,7,3,0,40-50,48.3,8.0,1.0,0.125,16,26,3729.79625,0.33,0.5,0.5,0.0,0.0,0,0,0.0,686.82,1,1,1.0,12932.369999999999,4,1,0.25,29838.37,8,1,0.125,0
LGS2ORD0026739,C016580,2025-07-31 18:00:00,Female,32,Bronze,Web,Bangkok,620,Web,COD,18,7,3,0,30-40,20.666666666666668,2.0,0.0,0.0,-1,90,5233.92,0.28,1.0,1.0,0.0,0.0,0,0,0.0,0.0,0,0,0.0,2042.96,1,0,0.0,10467.84,2,0,0.0,0
LGS2ORD0026740,C013363,2025-07-31 18:00:00,Female,45,Gold,CallCenter,Chonburi,1434,TV_Show,COD,18,7,3,0,40-50,47.8,2.0,0.0,0.0,-1,76,14941.335000000001,0.2299999999999999,0.5,0.5,0.0,0.0,0,0,0.0,0.0,0,0,0.0,19399.58,1,0,0.0,29882.670000000002,2,0,0.0,1
LGS2ORD0026741,C015452,2025-07-31 18:00:00,Female,34,Bronze,Shopee,Chonburi,504,CallCenter,COD,18,7,3,0,30-40,16.8,7.0,0.0,0.0,-1,33,4784.322857142857,0.28,0.42857142857142855,0.42857142857142855,0.0,0.0,0,0,0.0,0.0,0,0,0.0,2685.88,1,0,0.0,33490.26,7,0,0.0,0
LGS2ORD0026742,C010266,2025-07-31 18:00:00,Male,64,Bronze,TV,Songkhla,583,Shopee,PromptPay,18,7,3,0,>50,19.433333333333334,6.0,1.0,0.16666666666666666,103,13,4271.408333333334,0.28,0.5,0.16666666666666666,0.0,0.0,0,0,0.0,11314.77,3,0,0.0,11314.77,3,0,0.0,25628.45,6,1,0.16666666666666666,1
LGS2ORD0026743,C010570,2025-07-31 19:00:00,Male,28,Bronze,TV,Bangkok,1171,Web,PromptPay,19,7,3,0,20-30,39.03333333333333,5.0,1.0,0.2,139,38,6745.35,0.23,0.4,0.4,0.0,0.0,0,0,0.0,0.0,0,0,0.0,8178.64,2,0,0.0,33726.75,5,1,0.2,1
LGS2ORD0026744,C016607,2025-07-31 19:00:00,Male,46,Bronze,TV,Songkhla,1240,Web,COD,19,7,3,0,40-50,41.333333333333336,4.0,2.0,0.5,43,55,1443.9875,0.28,0.25,0.25,0.0,0.0,0,0,0.0,0.0,0,0,0.0,4454.6900000000005,3,1,0.3333333333333333,5775.95,4,2,0.5,1
LGS2ORD0026745,C010490,2025-07-31 19:00:00,Male,41,Bronze,CallCenter,Songkhla,1456,Web,PromptPay,19,7,3,0,40-50,48.53333333333333,4.0,1.0,0.25,146,65,12338.5,0.03,0.25,0.0,0.0,0.0,0,0,0.0,0.0,0,0,0.0,27818.04,1,0,0.0,49354.0,4,1,0.25,1
LGS2ORD0026746,C012493,2025-07-31 19:00:00,Other,56,Bronze,Shopee,Chiang Mai,1024,TV_Show,COD,19,7,3,0,>50,34.13333333333333,6.0,3.0,0.5,-4,9,1973.5866666666664,0.23,1.0,0.16666666666666666,0.0,0.0,0,0,0.0,1039.25,1,1,1.0,4681.12,3,2,0.6666666666666666,11841.519999999999,6,3,0.5,1
LGS2ORD0026747,C011753,2025-07-31 19:00:00,Female,40,Bronze,TV,Chiang Mai,1560,TV_Show,PromptPay,19,7,3,0,30-40,52.0,7.0,2.0,0.2857142857142857,63,9,5629.284285714287,0.28,0.42857142857142855,0.14285714285714285,0.0,0.0,0,0,0.0,10284.890000000001,2,0,0.0,22490.67,5,1,0.2,39404.990000000005,7,2,0.2857142857142857,0
LGS2ORD0026748,C012132,2025-07-31 20:00:00,Female,47,Bronze,CallCenter,Bangkok,634,Lazada,COD,20,7,3,0,40-50,21.133333333333333,6.0,1.0,0.16666666666666666,159,18,3041.513333333334,0.23,0.6666666666666666,0.16666666666666666,0.0,0.0,0,0,0.0,5079.98,1,0,0.0,16805.53,4,0,0.0,18249.08,6,1,0.16666666666666666,1
LGS2ORD0026749,C010898,2025-07-31 20:00:00,Female,55,Bronze,Shopee,Songkhla,1176,CallCenter,COD,20,7,3,0,>50,39.2,4.0,1.0,0.25,167,132,5005.0275,0.23,0.75,0.25,0.0,0.0,0,0,0.0,0.0,0,0,0.0,0.0,0,0,0.0,20020.11,4,1,0.25,1
LGS2ORD0026750,C013728,2025-07-31 20:00:00,Male,35,Bronze,Web,Chiang Mai,1629,TV_Show,COD,20,7,3,0,30-40,54.3,2.0,0.0,0.0,-1,75,3113.85,0.28,0.0,0.5,0.0,0.0,0,0,0.0,0.0,0,0,0.0,3652.64,1,0,0.0,6227.7,2,0,0.0,1
LGS2ORD0026751,C016596,2025-07-31 20:00:00,Female,39,Bronze,Web,Chonburi,714,TV_Show,COD,20,7,3,0,30-40,23.8,3.0,0.0,0.0,-1,78,6002.71,0.18,0.6666666666666666,0.0,0.0,0.0,0,0,0.0,0.0,0,0,0.0,3325.53,1,0,0.0,18008.13,3,0,0.0,0
LGS2ORD0026752,C012379,2025-07-31 20:00:00,Female,42,Silver,Shopee,Phuket,1022,Lazada,PromptPay,20,7,3,0,40-50,34.06666666666667,2.0,1.0,0.5,199,23,617.465,0.25,0.5,0.5,0.0,0.0,0,0,0.0,497.93,1,0,0.0,497.93,1,0,0.0,1234.93,2,1,0.5,0
LGS2ORD0026753,C012169,2025-07-31 21:00:00,Female,40,Bronze,Web,Bangkok,227,Lazada,COD,21,7,3,0,30-40,7.566666666666666,1.0,0.0,0.0,-1,1,7150.55,0.08,1.0,0.0,0.0,7150.55,1,0,0.0,7150.55,1,0,0.0,7150.55,1,0,0.0,7150.55,1,0,0.0,0
LGS2ORD0026754,C014792,2025-07-31 21:00:00,Male,43,Gold,Lazada,Bangkok,1251,CallCenter,COD,21,7,3,0,40-50,41.7,5.0,0.0,0.0,-1,29,1664.8,0.18,0.2,0.0,0.0,0.0,0,0,0.0,1410.48,1,0,0.0,1410.48,1,0,0.0,8324.0,5,0,0.0,0
LGS2ORD0026755,C017122,2025-07-31 21:00:00,Female,28,Silver,Shopee,Chonburi,423,Lazada,PromptPay,21,7,3,0,20-30,14.1,2.0,0.0,0.0,-1,174,4419.650000000001,0.25,0.0,0.5,0.0,0.0,0,0,0.0,0.0,0,0,0.0,0.0,0,0,0.0,8839.300000000001,2,0,0.0,0
LGS2ORD0026756,C011225,2025-07-31 21:00:00,Female,34,Silver,Web,Chonburi,347,TV_Show,Bank_Transfer,21,7,3,0,30-40,11.566666666666666,5.0,1.0,0.2,64,19,10047.632000000001,0.3,0.8,0.4,0.0,0.0,0,0,0.0,2662.36,1,0,0.0,9205.16,3,1,0.3333333333333333,50238.16,5,1,0.2,1
LGS2ORD0026757,C014833,2025-07-31 21:00:00,Female,32,Silver,CallCenter,Chiang Mai,1507,TV_Show,COD,21,7,3,0,30-40,50.233333333333334,3.0,1.0,0.3333333333333333,129,135,3509.456666666667,0.2,0.3333333333333333,0.0,0.0,0.0,0,0,0.0,0.0,0,0,0.0,0.0,0,0,0.0,10528.37,3,1,0.3333333333333333,1
LGS2ORD0026758,C013066,2025-07-31 22:00:00,Female,26,Bronze,Lazada,Remote_Area,1559,Web,Credit_Card,22,7,3,0,20-30,51.96666666666667,4.0,2.0,0.5,31,27,2569.15,0.28,0.5,0.5,0.0,0.0,0,0,0.0,4551.06,1,0,0.0,6273.76,3,2,0.6666666666666666,10276.6,4,2,0.5,1
LGS2ORD0026759,C013804,2025-07-31 22:00:00,Male,61,Bronze,TV,Bangkok,586,CallCenter,Bank_Transfer,22,7,3,0,>50,19.533333333333335,7.0,4.0,0.5714285714285714,20,37,4860.564285714286,0.28,0.7142857142857143,0.42857142857142855,0.0,0.0,0,0,0.0,0.0,0,0,0.0,17984.79,3,3,1.0,34023.95,7,4,0.5714285714285714,0
LGS2ORD0026760,C016946,2025-07-31 22:00:00,Male,54,Silver,TV,Phuket,385,TV_Show,COD,22,7,3,0,>50,12.833333333333334,6.0,2.0,0.3333333333333333,161,28,3828.6416666666664,0.25,0.5,0.16666666666666666,0.0,0.0,0,0,0.0,3967.83,1,0,0.0,8640.41,3,0,0.0,22971.85,6,2,0.3333333333333333,1
LGS2ORD0026761,C016078,2025-07-31 22:00:00,Female,36,Gold,CallCenter,Khon Kaen,1147,Shopee,Credit_Card,22,7,3,0,30-40,38.233333333333334,2.0,0.0,0.0,-1,45,13740.96,0.08,0.0,0.0,0.0,0.0,0,0,0.0,0.0,0,0,0.0,23446.85,1,0,0.0,27481.92,2,0,0.0,0
LGS2ORD0026762,C011830,2025-07-31 22:00:00,Male,36,Silver,TV,Chiang Mai,1666,TV_Show,Credit_Card,22,7,3,0,30-40,55.53333333333333,1.0,0.0,0.0,-1,1,7075.12,0.05,0.0,0.0,0.0,7075.12,1,0,0.0,7075.12,1,0,0.0,7075.12,1,0,0.0,7075.12,1,0,0.0,1
LGS2ORD0026763,C017102,2025-07-31 22:00:00,Female,18,Gold,TV,Remote_Area,1462,TV_Show,COD,22,7,3,0,<20,48.733333333333334,5.0,3.0,0.6,8,19,5005.656000000001,0.2299999999999999,0.6,0.4,0.0,0.0,0,0,0.0,18777.7,1,1,1.0,21010.15,3,1,0.3333333333333333,25028.280000000002,5,3,0.6,0
LGS2ORD0026764,C013253,2025-07-31 23:00:00,Female,27,Bronze,TV,Songkhla,932,Web,COD,23,7,3,0,20-30,31.066666666666666,5.0,0.0,0.0,-1,48,3069.1220000000003,0.23,0.4,0.6,0.0,0.0,0,0,0.0,0.0,0,0,0.0,694.17,1,0,0.0,15345.61,5,0,0.0,0
LGS2ORD0026765,C012449,2025-07-31 23:00:00,Female,36,Silver,Web,Songkhla,820,Web,PromptPay,23,7,3,0,30-40,27.333333333333332,4.0,4.0,1.0,32,46,5968.2825,0.2,0.5,0.0,0.0,0.0,0,0,0.0,0.0,0,0,0.0,5001.61,2,2,1.0,23873.13,4,4,1.0,0
LGS2ORD0026766,C010613,2025-07-31 23:00:00,Male,47,Silver,Lazada,Remote_Area,986,TV_Show,COD,23,7,3,0,40-50,32.86666666666667,6.0,3.0,0.5,141,95,4052.93,0.25,0.5,0.3333333333333333,0.0,0.0,0,0,0.0,0.0,0,0,0.0,0.0,0,0,0.0,24317.579999999998,6,3,0.5,0
LGS2ORD0026767,C013683,2025-07-31 23:00:00,Female,36,Platinum,Web,Nakhon Ratchasima,1296,CallCenter,Credit_Card,23,7,3,0,30-40,43.2,1.0,0.0,0.0,-1,49,2566.7,0.25,0.0,1.0,0.0,0.0,0,0,0.0,0.0,0,0,0.0,2566.7,1,0,0.0,2566.7,1,0,0.0,0
LGS2ORD0026768,C015074,2025-07-31 23:00:00,Female,55,Silver,Shopee,Nakhon Ratchasima,266,Shopee,COD,23,7,3,0,>50,8.866666666666667,7.0,2.0,0.2857142857142857,47,54,5570.58142857143,0.3,0.5714285714285714,0.42857142857142855,0.0,0.0,0,0,0.0,0.0,0,0,0.0,34268.56,3,1,0.3333333333333333,38994.07000000001,7,2,0.2857142857142857,0
LGS2ORD0026769,C015811,2025-08-01 00:00:00,Male,29,Bronze,TV,Nakhon Ratchasima,427,TV_Show,Credit_Card,0,8,4,0,20-30,14.233333333333333,0.0,0.0,0.0,-1,-1,0.0,0.0,0.0,0.0,0.0,0.0,0,0,0.0,0.0,0,0,0.0,0.0,0,0,0.0,0.0,0,0,0.0,1
LGS2ORD0026770,C011497,2025-08-01 00:00:00,Female,50,Silver,Lazada,Chonburi,1546,Shopee,Bank_Transfer,0,8,4,0,40-50,51.53333333333333,3.0,0.0,0.0,-1,6,5346.429999999999,0.2,0.6666666666666666,0.0,0.0,12515.46,1,0,0.0,12515.46,1,0,0.0,12515.46,1,0,0.0,16039.289999999999,3,0,0.0,0
LGS2ORD0026771,C014843,2025-08-01 00:00:00,Other,37,Bronze,TV,Remote_Area,669,TV_Show,PromptPay,0,8,4,0,30-40,22.3,6.0,3.0,0.5,72,83,3439.6983333333337,0.23,0.3333333333333333,0.16666666666666666,0.0,0.0,0,0,0.0,0.0,0,0,0.0,1594.81,1,1,1.0,20638.190000000002,6,3,0.5,0
LGS2ORD0026772,C013552,2025-08-01 00:00:00,Female,40,Silver,CallCenter,Bangkok,1272,Shopee,COD,0,8,4,0,30-40,42.4,6.0,1.0,0.16666666666666666,70,3,6179.056666666666,0.25,0.6666666666666666,0.16666666666666666,0.0,25879.11,1,0,0.0,25879.11,1,0,0.0,37074.34,6,1,0.16666666666666666,37074.34,6,1,0.16666666666666666,0
LGS2ORD0026773,C012075,2025-08-01 00:00:00,Male,32,Gold,Web,Khon Kaen,510,TV_Show,Credit_Card,0,8,4,0,30-40,17.0,0.0,0.0,0.0,-1,-1,0.0,0.0,0.0,0.0,0.0,0.0,0,0,0.0,0.0,0,0,0.0,0.0,0,0,0.0,0.0,0,0,0.0,0
LGS2ORD0026774,C016227,2025-08-01 01:00:00,Female,57,Platinum,Lazada,Chonburi,727,TV_Show,COD,1,8,4,0,>50,24.233333333333334,4.0,2.0,0.5,181,35,4281.235,0.25,0.5,0.25,0.0,0.0,0,0,0.0,0.0,0,0,0.0,4265.2,1,0,0.0,17124.94,4,2,0.5,0
LGS2ORD0026775,C013925,2025-08-01 01:00:00,Male,59,Bronze,TV,Bangkok,1248,Shopee,COD,1,8,4,0,>50,41.6,3.0,0.0,0.0,-1,159,4724.223333333333,0.08,0.3333333333333333,0.0,0.0,0.0,0,0,0.0,0.0,0,0,0.0,0.0,0,0,0.0,14172.67,3,0,0.0,0
LGS2ORD0026776,C016995,2025-08-01 01:00:00,Male,43,Bronze,Lazada,Bangkok,1257,CallCenter,Credit_Card,1,8,4,0,40-50,41.9,2.0,0.0,0.0,-1,30,3600.4,0.28,0.0,0.5,0.0,0.0,0,0,0.0,0.0,0,0,0.0,6629.18,1,0,0.0,7200.8,2,0,0.0,0
LGS2ORD0026777,C012469,2025-08-01 01:00:00,Female,48,Silver,CallCenter,Bangkok,609,Lazada,COD,1,8,4,0,40-50,20.3,1.0,0.0,0.0,-1,77,23250.71,0.05,1.0,0.0,0.0,0.0,0,0,0.0,0.0,0,0,0.0,23250.71,1,0,0.0,23250.71,1,0,0.0,0
LGS2ORD0026778,C015712,2025-08-01 01:00:00,Female,46,Silver,Web,Songkhla,637,Web,COD,1,8,4,0,40-50,21.233333333333334,6.0,0.0,0.0,-1,5,4431.703333333334,0.3,1.0,0.5,0.0,352.95,1,0,0.0,352.95,1,0,0.0,3977.58,2,0,0.0,26590.22,6,0,0.0,1
LGS2ORD0026779,C015287,2025-08-01 02:00:00,Female,28,Silver,TV,Phuket,1091,TV_Show,COD,2,8,4,0,20-30,36.36666666666667,4.0,0.0,0.0,-1,7,6733.755,0.15,0.25,0.0,0.0,0.0,0,0,0.0,11012.24,1,0,0.0,12889.75,2,0,0.0,26935.02,4,0,0.0,0
LGS2ORD0026780,C011628,2025-08-01 02:00:00,Male,51,Bronze,Shopee,Bangkok,1467,CallCenter,COD,2,8,4,0,>50,48.9,3.0,1.0,0.3333333333333333,113,86,1207.2633333333333,0.28,0.3333333333333333,0.3333333333333333,0.0,0.0,0,0,0.0,0.0,0,0,0.0,585.11,1,0,0.0,3621.79,3,1,0.3333333333333333,0
LGS2ORD0026781,C016167,2025-08-01 02:00:00,Male,46,Silver,TV,Khon Kaen,239,Shopee,Credit_Card,2,8,4,0,40-50,7.966666666666667,4.0,1.0,0.25,108,52,5437.04,0.3,0.75,0.25,0.0,0.0,0,0,0.0,0.0,0,0,0.0,6401.68,1,0,0.0,21748.16,4,1,0.25,1
LGS2ORD0026782,C012953,2025-08-01 02:00:00,Male,54,Bronze,TV,Nakhon Ratchasima,1117,Lazada,COD,2,8,4,0,>50,37.233333333333334,1.0,0.0,0.0,-1,25,4018.58,0.03,1.0,0.0,0.0,0.0,0,0,0.0,4018.58,1,0,0.0,4018.58,1,0,0.0,4018.58,1,0,0.0,0
LGS2ORD0026783,C012693,2025-08-01 02:00:00,Male,45,Platinum,Web,Chiang Mai,640,CallCenter,COD,2,8,4,0,40-50,21.333333333333332,3.0,3.0,1.0,59,74,6154.693333333334,0.35,0.6666666666666666,1.0,0.0,0.0,0,0,0.0,0.0,0,0,0.0,15973.15,1,1,1.0,18464.08,3,3,1.0,0
LGS2ORD0026784,C016997,2025-08-01 02:00:00,Male,23,Bronze,TV,Nakhon Ratchasima,1165,Web,COD,2,8,4,0,20-30,38.833333333333336,3.0,0.0,0.0,-1,95,9903.66,0.28,0.3333333333333333,0.3333333333333333,0.0,0.0,0,0,0.0,0.0,0,0,0.0,0.0,0,0,0.0,29710.98,3,0,0.0,1
LGS2ORD0026785,C017670,2025-08-01 03:00:00,Male,58,Gold,Shopee,Phuket,464,TV_Show,Credit_Card,3,8,4,0,>50,15.466666666666667,7.0,2.0,0.2857142857142857,58,10,5861.221428571429,0.33,0.7142857142857143,0.42857142857142855,0.0,0.0,0,0,0.0,14575.439999999999,2,0,0.0,31941.090000000004,5,1,0.2,41028.55,7,2,0.2857142857142857,0
LGS2ORD0026786,C012403,2025-08-01 03:00:00,Female,48,Bronze,TV,Chonburi,1497,TV_Show,COD,3,8,4,0,40-50,49.9,1.0,0.0,0.0,-1,188,17218.21,0.08,1.0,0.0,0.0,0.0,0,0,0.0,0.0,0,0,0.0,0.0,0,0,0.0,17218.21,1,0,0.0,0
LGS2ORD0026787,C014372,2025-08-01 03:00:00,Female,40,Silver,Web,Songkhla,484,TV_Show,Credit_Card,3,8,4,0,30-40,16.133333333333333,7.0,0.0,0.0,-1,12,5150.92,0.3,0.7142857142857143,0.14285714285714285,0.0,0.0,0,0,0.0,1494.12,1,0,0.0,1494.12,1,0,0.0,36056.44,7,0,0.0,1
LGS2ORD0026788,C010897,2025-08-01 03:00:00,Other,72,Bronze,Lazada,Songkhla,900,CallCenter,Bank_Transfer,3,8,4,0,>50,30.0,3.0,0.0,0.0,-1,84,3549.84,0.28,0.6666666666666666,0.6666666666666666,0.0,0.0,0,0,0.0,0.0,0,0,0.0,7151.98,1,0,0.0,10649.52,3,0,0.0,0
LGS2ORD0026789,C017214,2025-08-01 03:00:00,Female,44,Gold,TV,Chiang Mai,1184,Web,PromptPay,3,8,4,0,40-50,39.46666666666667,1.0,0.0,0.0,-1,180,3305.14,0.13,0.0,0.0,0.0,0.0,0,0,0.0,0.0,0,0,0.0,0.0,0,0,0.0,3305.14,1,0,0.0,0
LGS2ORD0026790,C014124,2025-08-01 04:00:00,Female,45,Bronze,Shopee,Remote_Area,1337,CallCenter,COD,4,8,4,0,40-50,44.56666666666667,5.0,2.0,0.4,12,25,4156.3240000000005,0.23,0.8,0.2,0.0,0.0,0,0,0.0,2077.4,1,1,1.0,2077.4,1,1,1.0,20781.620000000003,5,2,0.4,0
LGS2ORD0026791,C015847,2025-08-01 04:00:00,Male,41,Bronze,TV,Bangkok,1298,TV_Show,COD,4,8,4,0,40-50,43.266666666666666,6.0,1.0,0.16666666666666666,134,37,3842.5799999999995,0.18,0.5,0.0,0.0,0.0,0,0,0.0,0.0,0,0,0.0,1984.39,1,0,0.0,23055.479999999996,6,1,0.16666666666666666,1
LGS2ORD0026792,C010581,2025-08-01 04:00:00,Male,41,Platinum,Lazada,Chiang Mai,788,Web,Bank_Transfer,4,8,4,0,40-50,26.266666666666666,4.0,0.0,0.0,-1,66,6139.5775,0.35,0.25,0.25,0.0,0.0,0,0,0.0,0.0,0,0,0.0,8541.27,1,0,0.0,24558.31,4,0,0.0,0
LGS2ORD0026793,C010082,2025-08-01 04:00:00,Female,42,Gold,Shopee,Remote_Area,1316,CallCenter,COD,4,8,4,0,40-50,43.86666666666667,3.0,1.0,0.3333333333333333,140,150,13349.970000000001,0.28,1.0,0.6666666666666666,0.0,0.0,0,0,0.0,0.0,0,0,0.0,0.0,0,0,0.0,40049.91,3,1,0.3333333333333333,1
LGS2ORD0026794,C010394,2025-08-01 04:00:00,Male,58,Bronze,Shopee,Songkhla,460,TV_Show,COD,4,8,4,0,>50,15.333333333333334,4.0,3.0,0.75,38,55,1648.04,0.28,0.5,0.5,0.0,0.0,0,0,0.0,0.0,0,0,0.0,3299.62,1,1,1.0,6592.16,4,3,0.75,1
LGS2ORD0026795,C010113,2025-08-01 05:00:00,Female,52,Bronze,Lazada,Remote_Area,1581,CallCenter,PromptPay,5,8,4,0,>50,52.7,1.0,0.0,0.0,-1,164,16803.83,0.03,0.0,0.0,0.0,0.0,0,0,0.0,0.0,0,0,0.0,0.0,0,0,0.0,16803.83,1,0,0.0,1
LGS2ORD0026796,C012838,2025-08-01 05:00:00,Female,40,Silver,TV,Bangkok,292,Web,Bank_Transfer,5,8,4,0,30-40,9.733333333333333,8.0,4.0,0.5,13,21,2959.13875,0.25,0.5,0.25,0.0,0.0,0,0,0.0,10422.75,2,2,1.0,14364.560000000001,3,2,0.6666666666666666,23673.11,8,4,0.5,0
LGS2ORD0026797,C011212,2025-08-01 05:00:00,Female,54,Bronze,Web,Bangkok,1572,Lazada,PromptPay,5,8,4,0,>50,52.4,5.0,1.0,0.2,68,11,2052.524,0.23,0.8,0.2,0.0,0.0,0,0,0.0,2398.08,1,0,0.0,6874.48,2,1,0.5,10262.619999999999,5,1,0.2,0
LGS2ORD0026798,C014028,2025-08-01 05:00:00,Female,25,Platinum,CallCenter,Nakhon Ratchasima,1559,Lazada,PromptPay,5,8,4,0,20-30,51.96666666666667,3.0,0.0,0.0,-1,4,1081.7966666666669,0.25,0.6666666666666666,0.6666666666666666,0.0,838.82,1,0,0.0,838.82,1,0,0.0,838.82,1,0,0.0,3245.3900000000003,3,0,0.0,0
LGS2ORD0026799,C013948,2025-08-01 05:00:00,Female,49,Silver,Shopee,Phuket,413,Shopee,Bank_Transfer,5,8,4,0,40-50,13.766666666666667,3.0,2.0,0.6666666666666666,0,6,6404.066666666667,0.25,0.6666666666666666,0.3333333333333333,0.0,15066.78,1,1,1.0,15066.78,1,1,1.0,19212.2,3,2,0.6666666666666666,19212.2,3,2,0.6666666666666666,0
LGS2ORD0026800,C012202,2025-08-01 06:00:00,Female,41,Silver,TV,Chiang Mai,1391,Web,Credit_Card,6,8,4,0,40-50,46.36666666666667,2.0,1.0,0.5,174,182,12603.535,0.2,1.0,0.0,0.0,0.0,0,0,0.0,0.0,0,0,0.0,0.0,0,0,0.0,25207.07,2,1,0.5,0
LGS2ORD0026801,C013464,2025-08-01 06:00:00,Female,36,Bronze,Shopee,Chonburi,736,Shopee,COD,6,8,4,0,30-40,24.533333333333335,7.0,1.0,0.14285714285714285,106,12,5054.677142857143,0.18,0.0,0.0,0.0,0.0,0,0,0.0,18050.649999999998,2,0,0.0,24245.51,4,0,0.0,35382.74,7,1,0.14285714285714285,0
LGS2ORD0026802,C017874,2025-08-01 06:00:00,Female,57,Bronze,Shopee,Bangkok,1461,Lazada,COD,6,8,4,0,>50,48.7,5.0,0.0,0.0,-1,23,1867.3079999999998,0.18,0.2,0.0,0.0,0.0,0,0,0.0,1359.94,1,0,0.0,3226.96,3,0,0.0,9336.539999999999,5,0,0.0,1
LGS2ORD0026803,C016751,2025-08-01 06:00:00,Male,18,Bronze,TV,Nakhon Ratchasima,557,TV_Show,COD,6,8,4,0,<20,18.566666666666666,3.0,0.0,0.0,-1,18,1719.2666666666667,0.28,0.3333333333333333,1.0,0.0,0.0,0,0,0.0,3388.5,1,0,0.0,3388.5,1,0,0.0,5157.8,3,0,0.0,0
LGS2ORD0026804,C012753,2025-08-01 06:00:00,Female,38,Silver,TV,Songkhla,1216,CallCenter,Bank_Transfer,6,8,4,0,30-40,40.53333333333333,2.0,0.0,0.0,-1,91,3191.605,0.1,0.5,0.0,0.0,0.0,0,0,0.0,0.0,0,0,0.0,0.0,0,0,0.0,6383.21,2,0,0.0,0
LGS2ORD0026805,C012124,2025-08-01 06:00:00,Male,18,Bronze,Shopee,Remote_Area,1442,CallCenter,COD,6,8,4,0,<20,48.06666666666667,2.0,0.0,0.0,-1,95,3364.5550000000003,0.23,0.5,0.5,0.0,0.0,0,0,0.0,0.0,0,0,0.0,0.0,0,0,0.0,6729.110000000001,2,0,0.0,1
LGS2ORD0026806,C017023,2025-08-01 07:00:00,Male,35,Silver,Lazada,Bangkok,1221,CallCenter,COD,7,8,4,0,30-40,40.7,2.0,1.0,0.5,28,37,1561.445,0.1,0.5,0.0,0.0,0.0,0,0,0.0,0.0,0,0,0.0,651.65,1,1,1.0,3122.89,2,1,0.5,0
LGS2ORD0026807,C012356,2025-08-01 07:00:00,Male,29,Silver,TV,Khon Kaen,854,Web,PromptPay,7,8,4,0,20-30,28.466666666666665,3.0,0.0,0.0,-1,159,2667.09,0.05,0.0,0.0,0.0,0.0,0,0,0.0,0.0,0,0,0.0,0.0,0,0,0.0,8001.27,3,0,0.0,1
LGS2ORD0026808,C014406,2025-08-01 07:00:00,Male,43,Silver,CallCenter,Nakhon Ratchasima,1015,TV_Show,PromptPay,7,8,4,0,40-50,33.833333333333336,2.0,1.0,0.5,174,75,1349.345,0.2,1.0,0.0,0.0,0.0,0,0,0.0,0.0,0,0,0.0,987.48,1,0,0.0,2698.69,2,1,0.5,1
LGS2ORD0026809,C017818,2025-08-01 07:00:00,Male,53,Bronze,Shopee,Remote_Area,1227,Shopee,COD,7,8,4,0,>50,40.9,4.0,2.0,0.5,-1,9,3264.1099999999997,0.23,0.5,0.5,0.0,0.0,0,0,0.0,2201.93,1,1,1.0,2201.93,1,1,1.0,13056.439999999999,4,2,0.5,0
LGS2ORD0026810,C015024,2025-08-01 07:00:00,Male,27,Bronze,Web,Songkhla,1402,TV_Show,Credit_Card,7,8,4,0,20-30,46.733333333333334,6.0,2.0,0.3333333333333333,83,14,4551.963333333334,0.28,0.8333333333333334,0.3333333333333333,0.0,0.0,0,0,0.0,3577.93,1,0,0.0,8029.469999999999,2,0,0.0,27311.780000000002,6,2,0.3333333333333333,0
LGS2ORD0026811,C014769,2025-08-01 08:00:00,Other,47,Bronze,Shopee,Bangkok,1660,TV_Show,COD,8,8,4,0,40-50,55.333333333333336,7.0,1.0,0.14285714285714285,115,8,2852.152857142857,0.28,0.14285714285714285,0.42857142857142855,0.0,0.0,0,0,0.0,5892.860000000001,2,0,0.0,10782.35,4,0,0.0,19965.07,7,1,0.14285714285714285,1
LGS2ORD0026812,C011325,2025-08-01 08:00:00,Female,22,Silver,Web,Bangkok,791,Shopee,COD,8,8,4,0,20-30,26.366666666666667,3.0,0.0,0.0,-1,102,5309.583333333333,0.25,0.0,0.3333333333333333,0.0,0.0,0,0,0.0,0.0,0,0,0.0,0.0,0,0,0.0,15928.75,3,0,0.0,0
LGS2ORD0026813,C011551,2025-08-01 08:00:00,Male,37,Bronze,Shopee,Phuket,1559,Shopee,COD,8,8,4,0,30-40,51.96666666666667,4.0,0.0,0.0,-1,10,7801.5375,0.28,0.25,0.75,0.0,0.0,0,0,0.0,25314.02,1,0,0.0,27637.3,2,0,0.0,31206.15,4,0,0.0,1
LGS2ORD0026814,C012118,2025-08-01 08:00:00,Male,51,Silver,Shopee,Chiang Mai,1068,TV_Show,COD,8,8,4,0,>50,35.6,1.0,0.0,0.0,-1,88,3774.72,0.1,0.0,0.0,0.0,0.0,0,0,0.0,0.0,0,0,0.0,3774.72,1,0,0.0,3774.72,1,0,0.0,0
LGS2ORD0026815,C014349,2025-08-01 08:00:00,Female,60,Platinum,CallCenter,Chiang Mai,1393,CallCenter,COD,8,8,4,0,>50,46.43333333333333,1.0,0.0,0.0,-1,174,2890.57,0.3,1.0,1.0,0.0,0.0,0,0,0.0,0.0,0,0,0.0,0.0,0,0,0.0,2890.57,1,0,0.0,0
LGS2ORD0026816,C010886,2025-08-01 09:00:00,Female,53,Gold,TV,Chonburi,1502,Web,COD,9,8,4,0,>50,50.06666666666667,2.0,0.0,0.0,-1,129,2359.315,0.2299999999999999,0.5,0.5,0.0,0.0,0,0,0.0,0.0,0,0,0.0,0.0,0,0,0.0,4718.63,2,0,0.0,1
LGS2ORD0026817,C015254,2025-08-01 09:00:00,Female,44,Silver,TV,Nakhon Ratchasima,1617,Lazada,Credit_Card,9,8,4,0,40-50,53.9,5.0,2.0,0.4,84,14,5352.281999999999,0.3,0.8,0.2,0.0,0.0,0,0,0.0,15110.16,1,0,0.0,20382.43,3,0,0.0,26761.409999999996,5,2,0.4,1
LGS2ORD0026818,C010274,2025-08-01 09:00:00,Male,40,Silver,Lazada,Bangkok,290,CallCenter,COD,9,8,4,0,30-40,9.666666666666666,4.0,0.0,0.0,-1,5,6362.740000000001,0.25,0.5,0.25,0.0,21950.56,1,0,0.0,21950.56,1,0,0.0,24953.350000000002,3,0,0.0,25450.960000000003,4,0,0.0,0
LGS2ORD0026819,C012565,2025-08-01 09:00:00,Male,58,Platinum,Web,Remote_Area,1469,TV_Show,COD,9,8,4,0,>50,48.96666666666667,2.0,1.0,0.5,-5,7,1635.325,0.25,0.5,0.5,0.0,0.0,0,0,0.0,1832.26,1,1,1.0,3270.65,2,1,0.5,3270.65,2,1,0.5,0
LGS2ORD0026820,C010321,2025-08-01 09:00:00,Male,41,Bronze,Web,Bangkok,1202,Shopee,Credit_Card,9,8,4,0,40-50,40.06666666666667,2.0,0.0,0.0,-1,44,6743.815,0.13,0.0,0.0,0.0,0.0,0,0,0.0,0.0,0,0,0.0,13487.63,2,0,0.0,13487.63,2,0,0.0,0
LGS2ORD0026821,C011889,2025-08-01 10:00:00,Female,61,Bronze,Lazada,Remote_Area,1168,TV_Show,COD,10,8,4,0,>50,38.93333333333333,2.0,1.0,0.5,194,185,3659.08,0.18,1.0,0.0,0.0,0.0,0,0,0.0,0.0,0,0,0.0,0.0,0,0,0.0,7318.16,2,1,0.5,1
LGS2ORD0026822,C014986,2025-08-01 10:00:00,Male,49,Silver,Shopee,Bangkok,712,CallCenter,COD,10,8,4,0,40-50,23.733333333333334,6.0,1.0,0.16666666666666666,50,6,3939.2466666666664,0.3,0.3333333333333333,0.5,0.0,2345.48,1,0,0.0,2345.48,1,0,0.0,14569.57,4,1,0.25,23635.48,6,1,0.16666666666666666,0
LGS2ORD0026823,C011588,2025-08-01 10:00:00,Female,38,Gold,Web,Bangkok,868,Shopee,COD,10,8,4,0,30-40,28.933333333333334,1.0,1.0,1.0,27,34,1591.74,0.13,0.0,0.0,0.0,0.0,0,0,0.0,0.0,0,0,0.0,1591.74,1,1,1.0,1591.74,1,1,1.0,1
LGS2ORD0026824,C011918,2025-08-01 10:00:00,Female,39,Gold,Web,Nakhon Ratchasima,1192,Web,PromptPay,10,8,4,0,30-40,39.733333333333334,2.0,0.0,0.0,-1,59,2317.325,0.2299999999999999,0.5,0.5,0.0,0.0,0,0,0.0,0.0,0,0,0.0,4634.65,2,0,0.0,4634.65,2,0,0.0,0
LGS2ORD0026825,C010927,2025-08-01 10:00:00,Female,42,Bronze,TV,Chonburi,1319,Web,COD,10,8,4,0,40-50,43.96666666666667,1.0,0.0,0.0,-1,193,9082.8,0.23,1.0,1.0,0.0,0.0,0,0,0.0,0.0,0,0,0.0,0.0,0,0,0.0,9082.8,1,0,0.0,0
LGS2ORD0026826,C010501,2025-08-01 10:00:00,Male,46,Bronze,Web,Chiang Mai,1426,TV_Show,COD,10,8,4,0,40-50,47.53333333333333,4.0,3.0,0.75,17,11,2210.4725,0.23,0.25,0.25,0.0,0.0,0,0,0.0,4752.6900000000005,2,1,0.5,4752.6900000000005,2,1,0.5,8841.89,4,3,0.75,1
LGS2ORD0026827,C013809,2025-08-01 11:00:00,Female,48,Platinum,Web,Chiang Mai,392,Lazada,PromptPay,11,8,4,0,40-50,13.066666666666666,4.0,0.0,0.0,-1,30,5935.3525,0.3,0.5,0.25,0.0,0.0,0,0,0.0,0.0,0,0,0.0,14751.68,2,0,0.0,23741.41,4,0,0.0,0
LGS2ORD0026828,C014915,2025-08-01 11:00:00,Female,33,Gold,Shopee,Nakhon Ratchasima,1110,Web,COD,11,8,4,0,30-40,37.0,4.0,0.0,0.0,-1,25,7223.277499999999,0.13,0.5,0.0,0.0,0.0,0,0,0.0,1587.16,1,0,0.0,1587.16,1,0,0.0,28893.109999999997,4,0,0.0,0
LGS2ORD0026829,C011435,2025-08-01 11:00:00,Female,48,Silver,Web,Bangkok,1103,CallCenter,COD,11,8,4,0,40-50,36.766666666666666,2.0,1.0,0.5,11,25,3027.9449999999997,0.25,1.0,0.5,0.0,0.0,0,0,0.0,5844.86,1,1,1.0,5844.86,1,1,1.0,6055.889999999999,2,1,0.5,0
LGS2ORD0026830,C014562,2025-08-01 11:00:00,Female,67,Silver,TV,Nakhon Ratchasima,1300,Lazada,Bank_Transfer,11,8,4,0,>50,43.333333333333336,5.0,0.0,0.0,-1,13,2937.3360000000002,0.2,0.6,0.0,0.0,0.0,0,0,0.0,1205.86,1,0,0.0,13583.330000000002,4,0,0.0,14686.68,5,0,0.0,0
LGS2ORD0026831,C011121,2025-08-01 11:00:00,Male,44,Silver,TV,Bangkok,356,Web,COD,11,8,4,0,40-50,11.866666666666667,3.0,1.0,0.3333333333333333,98,87,3600.113333333334,0.3,0.6666666666666666,0.6666666666666666,0.0,0.0,0,0,0.0,0.0,0,0,0.0,1591.44,1,0,0.0,10800.340000000002,3,1,0.3333333333333333,0
LGS2ORD0026832,C011148,2025-08-01 12:00:00,Male,28,Silver,Lazada,Nakhon Ratchasima,1434,CallCenter,Credit_Card,12,8,4,0,20-30,47.8,3.0,0.0,0.0,-1,86,8554.453333333335,0.3,0.3333333333333333,0.3333333333333333,0.0,0.0,0,0,0.0,0.0,0,0,0.0,3167.65,1,0,0.0,25663.360000000004,3,0,0.0,0
LGS2ORD0026833,C010095,2025-08-01 12:00:00,Male,29,Gold,TV,Khon Kaen,1169,CallCenter,COD,12,8,4,0,20-30,38.96666666666667,4.0,0.0,0.0,-1,4,5324.620000000001,0.2299999999999999,0.5,0.25,0.0,502.72,1,0,0.0,15791.57,2,0,0.0,17137.460000000003,3,0,0.0,21298.480000000003,4,0,0.0,1
LGS2ORD0026834,C010257,2025-08-01 12:00:00,Male,38,Platinum,Shopee,Phuket,226,CallCenter,PromptPay,12,8,4,0,30-40,7.533333333333333,0.0,0.0,0.0,-1,-1,0.0,0.0,0.0,0.0,0.0,0.0,0,0,0.0,0.0,0,0,0.0,0.0,0,0,0.0,0.0,0,0,0.0,0
LGS2ORD0026835,C015552,2025-08-01 12:00:00,Female,44,Gold,Shopee,Remote_Area,695,Web,COD,12,8,4,0,40-50,23.166666666666668,5.0,3.0,0.6,87,93,4545.832,0.2299999999999999,0.6,0.4,0.0,0.0,0,0,0.0,0.0,0,0,0.0,0.0,0,0,0.0,22729.16,5,3,0.6,1
LGS2ORD0026836,C010525,2025-08-01 12:00:00,Female,37,Gold,TV,Chiang Mai,690,Lazada,Credit_Card,12,8,4,0,30-40,23.0,4.0,1.0,0.25,137,23,4526.3324999999995,0.2299999999999999,0.75,0.5,0.0,0.0,0,0,0.0,1011.62,1,0,0.0,2984.96,3,0,0.0,18105.329999999998,4,1,0.25,0
LGS2ORD0026837,C014761,2025-08-01 13:00:00,Male,49,Bronze,TV,Remote_Area,1288,TV_Show,PromptPay,13,8,4,0,40-50,42.93333333333333,2.0,1.0,0.5,156,128,6053.47,0.03,1.0,0.0,0.0,0.0,0,0,0.0,0.0,0,0,0.0,0.0,0,0,0.0,12106.94,2,1,0.5,0
LGS2ORD0026838,C011305,2025-08-01 13:00:00,Female,40,Silver,Web,Bangkok,228,TV_Show,Credit_Card,13,8,4,0,30-40,7.6,6.0,0.0,0.0,-1,21,6674.806666666666,0.25,0.8333333333333334,0.5,0.0,0.0,0,0,0.0,12192.61,1,0,0.0,12192.61,1,0,0.0,40048.84,6,0,0.0,0
LGS2ORD0026839,C010321,2025-08-01 13:00:00,Male,41,Bronze,Web,Bangkok,1202,TV_Show,COD,13,8,4,0,40-50,40.06666666666667,3.0,0.0,0.0,-1,0,8112.926666666666,0.13,0.0,0.0,0.0,10851.15,1,0,0.0,10851.15,1,0,0.0,24338.78,3,0,0.0,24338.78,3,0,0.0,0
LGS2ORD0026840,C016953,2025-08-01 13:00:00,Male,30,Gold,Shopee,Remote_Area,1083,Web,COD,13,8,4,0,20-30,36.1,4.0,1.0,0.25,155,78,1300.2425,0.33,1.0,0.75,0.0,0.0,0,0,0.0,0.0,0,0,0.0,765.22,1,0,0.0,5200.97,4,1,0.25,1
LGS2ORD0026841,C012987,2025-08-01 13:00:00,Female,39,Silver,Web,Bangkok,840,TV_Show,Credit_Card,13,8,4,0,30-40,28.0,1.0,0.0,0.0,-1,47,1666.21,0.1,0.0,0.0,0.0,0.0,0,0,0.0,0.0,0,0,0.0,1666.21,1,0,0.0,1666.21,1,0,0.0,0
LGS2ORD0026842,C013108,2025-08-01 14:00:00,Female,42,Bronze,Lazada,Khon Kaen,307,Web,COD,14,8,4,0,40-50,10.233333333333333,4.0,1.0,0.25,122,32,4622.8475,0.28,0.5,0.25,0.0,0.0,0,0,0.0,0.0,0,0,0.0,17497.6,3,0,0.0,18491.39,4,1,0.25,1
LGS2ORD0026843,C017090,2025-08-01 14:00:00,Female,31,Gold,Lazada,Remote_Area,964,Shopee,PromptPay,14,8,4,0,30-40,32.13333333333333,0.0,0.0,0.0,-1,-1,0.0,0.0,0.0,0.0,0.0,0.0,0,0,0.0,0.0,0,0,0.0,0.0,0,0,0.0,0.0,0,0,0.0,0
LGS2ORD0026844,C017325,2025-08-01 14:00:00,Female,42,Silver,TV,Chonburi,1299,CallCenter,Credit_Card,14,8,4,0,40-50,43.3,1.0,0.0,0.0,-1,109,2743.37,0.1,1.0,0.0,0.0,0.0,0,0,0.0,0.0,0,0,0.0,0.0,0,0,0.0,2743.37,1,0,0.0,0
LGS2ORD0026845,C012295,2025-08-01 14:00:00,Other,39,Silver,CallCenter,Nakhon Ratchasima,1643,Lazada,COD,14,8,4,0,30-40,54.766666666666666,6.0,0.0,0.0,-1,72,7209.860000000001,0.3,0.6666666666666666,0.3333333333333333,0.0,0.0,0,0,0.0,0.0,0,0,0.0,17058.87,2,0,0.0,43259.16,6,0,0.0,1
LGS2ORD0026846,C015721,2025-08-01 14:00:00,Female,38,Platinum,Shopee,Bangkok,584,TV_Show,PromptPay,14,8,4,0,30-40,19.466666666666665,0.0,0.0,0.0,-1,-1,0.0,0.0,0.0,0.0,0.0,0.0,0,0,0.0,0.0,0,0,0.0,0.0,0,0,0.0,0.0,0,0,0.0,0
LGS2ORD0026847,C015648,2025-08-01 14:00:00,Male,38,Silver,TV,Bangkok,668,TV_Show,Credit_Card,14,8,4,0,30-40,22.266666666666666,8.0,3.0,0.375,-2,3,1879.3587499999999,0.25,0.75,0.25,0.0,3462.78,1,1,1.0,3462.78,1,1,1.0,6922.68,4,2,0.5,15034.869999999999,8,3,0.375,1
LGS2ORD0026848,C014471,2025-08-01 15:00:00,Male,44,Gold,Web,Bangkok,1338,TV_Show,Credit_Card,15,8,4,0,40-50,44.6,1.0,1.0,1.0,47,54,3157.96,0.2299999999999999,0.0,1.0,0.0,0.0,0,0,0.0,0.0,0,0,0.0,3157.96,1,1,1.0,3157.96,1,1,1.0,1
LGS2ORD0026849,C015364,2025-08-01 15:00:00,Female,38,Bronze,Web,Bangkok,1175,CallCenter,COD,15,8,4,0,30-40,39.166666666666664,2.0,0.0,0.0,-1,12,3027.42,0.18,0.5,0.0,0.0,0.0,0,0,0.0,845.99,1,0,0.0,6054.84,2,0,0.0,6054.84,2,0,0.0,1
LGS2ORD0026850,C012626,2025-08-01 15:00:00,Female,18,Platinum,Shopee,Bangkok,235,Web,COD,15,8,4,0,<20,7.833333333333333,0.0,0.0,0.0,-1,-1,0.0,0.0,0.0,0.0,0.0,0.0,0,0,0.0,0.0,0,0,0.0,0.0,0,0,0.0,0.0,0,0,0.0,0
LGS2ORD0026851,C015838,2025-08-01 15:00:00,Male,52,Bronze,Shopee,Remote_Area,1246,TV_Show,Bank_Transfer,15,8,4,0,>50,41.53333333333333,3.0,3.0,1.0,91,102,2754.66,0.28,0.6666666666666666,0.6666666666666666,0.0,0.0,0,0,0.0,0.0,0,0,0.0,0.0,0,0,0.0,8263.98,3,3,1.0,0
LGS2ORD0026852,C015256,2025-08-01 15:00:00,Male,25,Gold,Lazada,Chonburi,1105,Lazada,COD,15,8,4,0,20-30,36.833333333333336,2.0,0.0,0.0,-1,84,4656.25,0.13,0.5,0.0,0.0,0.0,0,0,0.0,0.0,0,0,0.0,4283.85,1,0,0.0,9312.5,2,0,0.0,0
LGS2ORD0026853,C013692,2025-08-01 16:00:00,Male,48,Gold,TV,Nakhon Ratchasima,514,Web,COD,16,8,4,0,40-50,17.133333333333333,1.0,0.0,0.0,-1,113,1069.8,0.28,1.0,1.0,0.0,0.0,0,0,0.0,0.0,0,0,0.0,0.0,0,0,0.0,1069.8,1,0,0.0,0
LGS2ORD0026854,C013205,2025-08-01 16:00:00,Male,50,Bronze,TV,Remote_Area,659,TV_Show,COD,16,8,4,0,40-50,21.966666666666665,5.0,2.0,0.4,32,16,4667.432,0.18,0.2,0.0,0.0,0.0,0,0,0.0,7742.08,1,0,0.0,8502.61,2,1,0.5,23337.16,5,2,0.4,0
LGS2ORD0026855,C015562,2025-08-01 16:00:00,Male,42,Bronze,TV,Bangkok,1625,Web,Credit_Card,16,8,4,0,40-50,54.166666666666664,1.0,0.0,0.0,-1,28,11861.98,0.03,0.0,0.0,0.0,0.0,0,0,0.0,11861.98,1,0,0.0,11861.98,1,0,0.0,11861.98,1,0,0.0,0
LGS2ORD0026856,C017852,2025-08-01 16:00:00,Male,55,Bronze,Shopee,Khon Kaen,713,Shopee,Credit_Card,16,8,4,0,>50,23.766666666666666,3.0,0.0,0.0,-1,34,3059.77,0.28,0.6666666666666666,0.3333333333333333,0.0,0.0,0,0,0.0,0.0,0,0,0.0,7179.36,2,0,0.0,9179.31,3,0,0.0,0
LGS2ORD0026857,C013451,2025-08-01 16:00:00,Female,47,Bronze,Lazada,Phuket,796,Web,Credit_Card,16,8,4,0,40-50,26.533333333333335,5.0,3.0,0.6,-4,5,5925.874,0.18,0.8,0.0,0.0,19849.46,1,1,1.0,19849.46,1,1,1.0,19849.46,1,1,1.0,29629.37,5,3,0.6,1
LGS2ORD0026858,C017700,2025-08-01 17:00:00,Female,35,Bronze,Web,Remote_Area,1351,Lazada,Credit_Card,17,8,4,0,30-40,45.03333333333333,1.0,0.0,0.0,-1,203,2431.37,0.03,0.0,0.0,0.0,0.0,0,0,0.0,0.0,0,0,0.0,0.0,0,0,0.0,2431.37,1,0,0.0,0
LGS2ORD0026859,C014929,2025-08-01 17:00:00,Female,39,Bronze,Shopee,Bangkok,934,Lazada,Bank_Transfer,17,8,4,0,30-40,31.133333333333333,3.0,1.0,0.3333333333333333,189,40,4599.763333333333,0.23,0.6666666666666666,0.6666666666666666,0.0,0.0,0,0,0.0,0.0,0,0,0.0,5074.73,1,0,0.0,13799.29,3,1,0.3333333333333333,0
LGS2ORD0026860,C017832,2025-08-01 17:00:00,Male,65,Bronze,CallCenter,Chiang Mai,1602,TV_Show,COD,17,8,4,0,>50,53.4,2.0,1.0,0.5,123,72,1219.525,0.23,1.0,1.0,0.0,0.0,0,0,0.0,0.0,0,0,0.0,1779.21,1,0,0.0,2439.05,2,1,0.5,1
LGS2ORD0026861,C014246,2025-08-01 17:00:00,Male,34,Silver,TV,Phuket,1429,Web,PromptPay,17,8,4,0,30-40,47.63333333333333,8.0,6.0,0.75,28,24,5096.955,0.3,0.625,0.25,0.0,0.0,0,0,0.0,629.18,1,0,0.0,19937.81,5,3,0.6,40775.64,8,6,0.75,0
LGS2ORD0026862,C016346,2025-08-01 17:00:00,Female,24,Bronze,Shopee,Songkhla,725,Shopee,COD,17,8,4,0,20-30,24.166666666666668,3.0,1.0,0.3333333333333333,7,17,4445.503333333333,0.18,0.6666666666666666,0.0,0.0,0.0,0,0,0.0,11053.41,1,1,1.0,13061.119999999999,2,1,0.5,13336.51,3,1,0.3333333333333333,0
LGS2ORD0026863,C010368,2025-08-01 17:00:00,Male,61,Bronze,Lazada,Bangkok,687,Shopee,COD,17,8,4,0,>50,22.9,3.0,1.0,0.3333333333333333,51,64,6259.110000000001,0.28,0.6666666666666666,0.6666666666666666,0.0,0.0,0,0,0.0,0.0,0,0,0.0,16690.11,2,1,0.5,18777.33,3,1,0.3333333333333333,0
LGS2ORD0026864,C015585,2025-08-01 18:00:00,Female,60,Bronze,TV,Bangkok,691,CallCenter,COD,18,8,4,0,>50,23.033333333333335,3.0,1.0,0.3333333333333333,179,8,9401.006666666666,0.23,0.6666666666666666,0.3333333333333333,0.0,0.0,0,0,0.0,6096.09,1,0,0.0,6096.09,1,0,0.0,28203.02,3,1,0.3333333333333333,0
LGS2ORD0026865,C011605,2025-08-01 18:00:00,Male,45,Gold,Shopee,Bangkok,977,CallCenter,PromptPay,18,8,4,0,40-50,32.56666666666667,2.0,0.0,0.0,-1,20,6934.835,0.2299999999999999,0.5,0.5,0.0,0.0,0,0,0.0,13869.67,2,0,0.0,13869.67,2,0,0.0,13869.67,2,0,0.0,0
LGS2ORD0026866,C013162,2025-08-01 18:00:00,Female,48,Silver,Web,Chiang Mai,323,Lazada,Bank_Transfer,18,8,4,0,40-50,10.766666666666667,3.0,0.0,0.0,-1,30,847.3566666666666,0.25,0.3333333333333333,0.3333333333333333,0.0,0.0,0,0,0.0,0.0,0,0,0.0,252.0,1,0,0.0,2542.0699999999997,3,0,0.0,0
LGS2ORD0026867,C014270,2025-08-01 18:00:00,Female,42,Gold,TV,Chiang Mai,1195,Shopee,COD,18,8,4,0,40-50,39.833333333333336,4.0,0.0,0.0,-1,85,4144.395,0.28,0.75,0.75,0.0,0.0,0,0,0.0,0.0,0,0,0.0,4591.63,1,0,0.0,16577.58,4,0,0.0,0
LGS2ORD0026868,C015568,2025-08-01 18:00:00,Male,59,Bronze,Shopee,Khon Kaen,1502,Lazada,COD,18,8,4,0,>50,50.06666666666667,3.0,0.0,0.0,-1,14,9521.72,0.28,0.3333333333333333,0.6666666666666666,0.0,0.0,0,0,0.0,5311.23,1,0,0.0,5311.23,1,0,0.0,28565.16,3,0,0.0,0
LGS2ORD0026869,C016050,2025-08-01 19:00:00,Female,24,Silver,Shopee,Chiang Mai,1016,TV_Show,PromptPay,19,8,4,0,20-30,33.86666666666667,1.0,0.0,0.0,-1,106,9735.73,0.3,0.0,1.0,0.0,0.0,0,0,0.0,0.0,0,0,0.0,0.0,0,0,0.0,9735.73,1,0,0.0,0
LGS2ORD0026870,C013115,2025-08-01 19:00:00,Female,37,Gold,Shopee,Chonburi,1614,Lazada,COD,19,8,4,0,30-40,53.8,3.0,1.0,0.3333333333333333,20,29,6798.456666666666,0.2299999999999999,0.0,0.6666666666666666,0.0,0.0,0,0,0.0,1805.04,1,1,1.0,5776.3099999999995,2,1,0.5,20395.37,3,1,0.3333333333333333,1
LGS2ORD0026871,C016769,2025-08-01 19:00:00,Female,44,Platinum,Shopee,Chonburi,530,Web,COD,19,8,4,0,40-50,17.666666666666668,1.0,0.0,0.0,-1,51,14927.74,0.35,0.0,1.0,0.0,0.0,0,0,0.0,0.0,0,0,0.0,14927.74,1,0,0.0,14927.74,1,0,0.0,0
LGS2ORD0026872,C017103,2025-08-01 19:00:00,Male,38,Bronze,Lazada,Nakhon Ratchasima,646,Lazada,COD,19,8,4,0,30-40,21.533333333333335,5.0,3.0,0.6,104,98,5416.856,0.28,0.6,0.2,0.0,0.0,0,0,0.0,0.0,0,0,0.0,0.0,0,0,0.0,27084.28,5,3,0.6,1
LGS2ORD0026873,C015543,2025-08-01 19:00:00,Female,55,Platinum,Shopee,Khon Kaen,537,Shopee,Credit_Card,19,8,4,0,>50,17.9,4.0,0.0,0.0,-1,109,10823.970000000001,0.35,0.5,0.5,0.0,0.0,0,0,0.0,0.0,0,0,0.0,0.0,0,0,0.0,43295.880000000005,4,0,0.0,0
LGS2ORD0026874,C010366,2025-08-01 20:00:00,Female,20,Bronze,Shopee,Phuket,877,Lazada,COD,20,8,4,0,<20,29.233333333333334,1.0,0.0,0.0,-1,23,4875.62,0.08,0.0,0.0,0.0,0.0,0,0,0.0,4875.62,1,0,0.0,4875.62,1,0,0.0,4875.62,1,0,0.0,0
LGS2ORD0026875,C014060,2025-08-01 20:00:00,Female,51,Bronze,Web,Phuket,1310,Web,Credit_Card,20,8,4,0,>50,43.666666666666664,3.0,2.0,0.6666666666666666,35,48,5383.183333333333,0.28,0.0,0.3333333333333333,0.3333333333333333,0.0,0,0,0.0,0.0,0,0,0.0,9730.42,2,2,1.0,16149.550000000001,3,2,0.6666666666666666,0
LGS2ORD0026876,C012546,2025-08-01 20:00:00,Female,36,Gold,TV,Chiang Mai,654,TV_Show,Credit_Card,20,8,4,0,30-40,21.8,2.0,0.0,0.0,-1,56,7831.6900000000005,0.2299999999999999,0.5,0.5,0.0,0.0,0,0,0.0,0.0,0,0,0.0,15663.380000000001,2,0,0.0,15663.380000000001,2,0,0.0,1
LGS2ORD0026877,C010714,2025-08-01 20:00:00,Female,49,Bronze,TV,Remote_Area,1092,Shopee,Credit_Card,20,8,4,0,40-50,36.4,6.0,2.0,0.3333333333333333,100,18,5324.321666666668,0.28,0.3333333333333333,0.6666666666666666,0.0,0.0,0,0,0.0,4520.15,2,0,0.0,9040.24,3,0,0.0,31945.930000000004,6,2,0.3333333333333333,0
LGS2ORD0026878,C010061,2025-08-01 20:00:00,Female,52,Bronze,TV,Songkhla,330,TV_Show,Bank_Transfer,20,8,4,0,>50,11.0,1.0,0.0,0.0,-1,5,7924.11,0.18,0.0,0.0,0.0,7924.11,1,0,0.0,7924.11,1,0,0.0,7924.11,1,0,0.0,7924.11,1,0,0.0,0
LGS2ORD0026879,C010578,2025-08-01 21:00:00,Female,52,Bronze,TV,Chiang Mai,827,CallCenter,PromptPay,21,8,4,0,>50,27.566666666666666,2.0,1.0,0.5,128,142,2259.56,0.08,0.5,0.0,0.0,0.0,0,0,0.0,0.0,0,0,0.0,0.0,0,0,0.0,4519.12,2,1,0.5,1
LGS2ORD0026880,C012855,2025-08-01 21:00:00,Male,35,Bronze,Shopee,Chiang Mai,976,Shopee,COD,21,8,4,0,30-40,32.53333333333333,3.0,0.0,0.0,-1,55,8094.043333333334,0.18,0.3333333333333333,0.0,0.0,0.0,0,0,0.0,0.0,0,0,0.0,1113.14,1,0,0.0,24282.13,3,0,0.0,0
LGS2ORD0026881,C011622,2025-08-01 21:00:00,Male,48,Silver,Lazada,Khon Kaen,710,TV_Show,Bank_Transfer,21,8,4,0,40-50,23.666666666666668,4.0,2.0,0.5,60,70,3008.8599999999997,0.3,0.5,0.5,0.0,0.0,0,0,0.0,0.0,0,0,0.0,1332.51,1,1,1.0,12035.439999999999,4,2,0.5,0
LGS2ORD0026882,C013487,2025-08-01 21:00:00,Male,55,Bronze,Web,Bangkok,584,Shopee,PromptPay,21,8,4,0,>50,19.466666666666665,6.0,2.0,0.3333333333333333,68,77,7039.528333333335,0.28,0.5,0.16666666666666666,0.0,0.0,0,0,0.0,0.0,0,0,0.0,628.77,1,1,1.0,42237.170000000006,6,2,0.3333333333333333,0
LGS2ORD0026883,C017558,2025-08-01 21:00:00,Male,45,Bronze,Shopee,Phuket,1392,TV_Show,COD,21,8,4,0,40-50,46.4,5.0,2.0,0.4,79,26,2725.754,0.28,0.2,0.4,0.0,0.0,0,0,0.0,4971.75,1,0,0.0,7197.469999999999,3,1,0.3333333333333333,13628.77,5,2,0.4,0
LGS2ORD0026884,C011483,2025-08-01 21:00:00,Female,28,Gold,TV,Songkhla,721,Shopee,Credit_Card,21,8,4,0,20-30,24.033333333333335,1.0,0.0,0.0,-1,37,1260.68,0.08,0.0,0.0,0.0,0.0,0,0,0.0,0.0,0,0,0.0,1260.68,1,0,0.0,1260.68,1,0,0.0,0
LGS2ORD0026885,C015255,2025-08-01 22:00:00,Male,18,Bronze,TV,Chonburi,510,Web,Bank_Transfer,22,8,4,0,<20,17.0,0.0,0.0,0.0,-1,-1,0.0,0.0,0.0,0.0,0.0,0.0,0,0,0.0,0.0,0,0,0.0,0.0,0,0,0.0,0.0,0,0,0.0,0
LGS2ORD0026886,C011361,2025-08-01 22:00:00,Female,40,Bronze,TV,Remote_Area,1387,Shopee,COD,22,8,4,0,30-40,46.233333333333334,9.0,3.0,0.3333333333333333,-6,3,5716.583333333333,0.28,0.5555555555555556,0.4444444444444444,0.0,2646.17,1,1,1.0,2646.17,1,1,1.0,6021.65,2,2,1.0,51449.25,9,3,0.3333333333333333,0
LGS2ORD0026887,C010660,2025-08-01 22:00:00,Male,20,Bronze,Shopee,Chiang Mai,1564,Lazada,COD,22,8,4,0,<20,52.13333333333333,9.0,3.0,0.3333333333333333,79,53,5768.8,0.23,0.3333333333333333,0.4444444444444444,0.0,0.0,0,0,0.0,0.0,0,0,0.0,30242.83,3,0,0.0,51919.200000000004,9,3,0.3333333333333333,1
LGS2ORD0026888,C017311,2025-08-01 22:00:00,Female,36,Silver,Web,Chiang Mai,1151,Lazada,Bank_Transfer,22,8,4,0,30-40,38.36666666666667,6.0,3.0,0.5,67,51,2579.3483333333334,0.2,0.5,0.0,0.0,0.0,0,0,0.0,0.0,0,0,0.0,11584.77,4,1,0.25,15476.09,6,3,0.5,0
LGS2ORD0026889,C011820,2025-08-01 22:00:00,Male,41,Gold,Web,Bangkok,1443,Shopee,COD,22,8,4,0,40-50,48.1,3.0,0.0,0.0,-1,46,2205.366666666667,0.28,0.0,1.0,0.0,0.0,0,0,0.0,0.0,0,0,0.0,6064.46,1,0,0.0,6616.1,3,0,0.0,0
LGS2ORD0026890,C011864,2025-08-01 23:00:00,Female,32,Bronze,Lazada,Khon Kaen,298,Web,COD,23,8,4,0,30-40,9.933333333333334,7.0,1.0,0.14285714285714285,6,3,5019.49,0.28,0.5714285714285714,0.5714285714285714,0.0,20059.08,1,0,0.0,26921.65,3,1,0.3333333333333333,31169.980000000003,6,1,0.16666666666666666,35136.43,7,1,0.14285714285714285,1
LGS2ORD0026891,C015795,2025-08-01 23:00:00,Female,18,Bronze,TV,Nakhon Ratchasima,448,Shopee,Credit_Card,23,8,4,0,<20,14.933333333333334,6.0,0.0,0.0,-1,10,3468.7749999999996,0.18,0.16666666666666666,0.0,0.0,0.0,0,0,0.0,686.91,1,0,0.0,1469.58,2,0,0.0,20812.649999999998,6,0,0.0,1
LGS2ORD0026892,C013681,2025-08-01 23:00:00,Female,49,Bronze,Web,Chiang Mai,1417,Shopee,Credit_Card,23,8,4,0,40-50,47.233333333333334,5.0,0.0,0.0,-1,2,1376.832,0.18,0.4,0.0,0.0,1003.93,1,0,0.0,2539.56,2,0,0.0,5042.6,4,0,0.0,6884.160000000001,5,0,0.0,0
LGS2ORD0026893,C011154,2025-08-01 23:00:00,Male,18,Bronze,Web,Nakhon Ratchasima,1215,CallCenter,COD,23,8,4,0,<20,40.5,3.0,0.0,0.0,-1,20,16643.356666666667,0.18,0.3333333333333333,0.0,0.0,0.0,0,0,0.0,26511.1,1,0,0.0,26511.1,1,0,0.0,49930.07,3,0,0.0,0
LGS2ORD0026894,C013016,2025-08-01 23:00:00,Female,56,Bronze,Lazada,Remote_Area,1227,Web,COD,23,8,4,0,>50,40.9,7.0,1.0,0.14285714285714285,69,24,4794.3042857142855,0.28,0.5714285714285714,0.42857142857142855,0.0,0.0,0,0,0.0,1894.64,1,0,0.0,27622.769999999997,4,1,0.25,33560.13,7,1,0.14285714285714285,0
LGS2ORD0026895,C015535,2025-08-02 00:00:00,Female,50,Silver,Shopee,Songkhla,640,TV_Show,Bank_Transfer,0,8,5,1,40-50,21.333333333333332,3.0,1.0,0.3333333333333333,41,55,4251.323333333333,0.3,0.3333333333333333,0.3333333333333333,0.0,0.0,0,0,0.0,0.0,0,0,0.0,11094.599999999999,2,1,0.5,12753.97,3,1,0.3333333333333333,1
LGS2ORD0026896,C012033,2025-08-02 00:00:00,Male,32,Silver,TV,Khon Kaen,1669,Shopee,Credit_Card,0,8,5,1,30-40,55.63333333333333,6.0,3.0,0.5,-6,8,4878.820000000001,0.3,0.6666666666666666,0.6666666666666666,0.0,0.0,0,0,0.0,2823.37,2,1,0.5,6504.9400000000005,3,1,0.3333333333333333,29272.920000000002,6,3,0.5,0
LGS2ORD0026897,C016444,2025-08-02 00:00:00,Female,21,Platinum,TV,Bangkok,392,TV_Show,PromptPay,0,8,5,1,20-30,13.066666666666666,2.0,0.0,0.0,-1,83,4903.65,0.3,1.0,0.5,0.0,0.0,0,0,0.0,0.0,0,0,0.0,7958.19,1,0,0.0,9807.3,2,0,0.0,0
LGS2ORD0026898,C013328,2025-08-02 00:00:00,Other,31,Bronze,CallCenter,Bangkok,609,Shopee,PromptPay,0,8,5,1,30-40,20.3,2.0,0.0,0.0,-1,82,2026.83,0.13,0.5,0.0,0.0,0.0,0,0,0.0,0.0,0,0,0.0,4053.66,2,0,0.0,4053.66,2,0,0.0,1
LGS2ORD0026899,C015896,2025-08-02 00:00:00,Male,26,Bronze,CallCenter,Chonburi,269,Lazada,PromptPay,0,8,5,1,20-30,8.966666666666667,5.0,3.0,0.6,28,45,2837.266,0.18,0.4,0.0,0.0,0.0,0,0,0.0,0.0,0,0,0.0,7972.0199999999995,2,1,0.5,14186.33,5,3,0.6,0
LGS2ORD0026900,C015923,2025-08-02 01:00:00,Male,59,Bronze,TV,Phuket,842,TV_Show,COD,1,8,5,1,>50,28.066666666666666,3.0,2.0,0.6666666666666666,59,48,714.2466666666666,0.23,0.6666666666666666,0.3333333333333333,0.0,0.0,0,0,0.0,0.0,0,0,0.0,1729.4499999999998,2,1,0.5,2142.74,3,2,0.6666666666666666,1
LGS2ORD0026901,C012432,2025-08-02 01:00:00,Female,45,Bronze,TV,Bangkok,587,Web,Bank_Transfer,1,8,5,1,40-50,19.566666666666666,5.0,1.0,0.2,41,27,11982.978,0.23,0.4,0.2,0.0,0.0,0,0,0.0,4950.99,1,0,0.0,58261.77,4,1,0.25,59914.88999999999,5,1,0.2,0
LGS2ORD0026902,C011864,2025-08-02 01:00:00,Female,32,Bronze,Lazada,Khon Kaen,299,Shopee,PromptPay,1,8,5,1,30-40,9.966666666666667,8.0,2.0,0.25,-12,0,4573.625,0.28,0.625,0.5,0.0,21511.65,2,1,0.5,22962.97,3,2,0.6666666666666666,32622.550000000003,7,2,0.2857142857142857,36589.0,8,2,0.25,0
LGS2ORD0026903,C017828,2025-08-02 01:00:00,Male,35,Gold,Shopee,Khon Kaen,1250,Shopee,COD,1,8,5,1,30-40,41.666666666666664,3.0,1.0,0.3333333333333333,-7,3,5200.403333333334,0.33,0.6666666666666666,0.3333333333333333,0.0,841.18,1,1,1.0,4853.51,2,1,0.5,4853.51,2,1,0.5,15601.210000000001,3,1,0.3333333333333333,0
LGS2ORD0026904,C013853,2025-08-02 01:00:00,Female,41,Bronze,TV,Khon Kaen,349,TV_Show,Credit_Card,1,8,5,1,40-50,11.633333333333333,2.0,1.0,0.5,161,109,28730.29,0.18,0.0,0.0,0.0,0.0,0,0,0.0,0.0,0,0,0.0,0.0,0,0,0.0,57460.58,2,1,0.5,0
LGS2ORD0026905,C014205,2025-08-02 01:00:00,Male,35,Bronze,TV,Songkhla,304,Shopee,Credit_Card,1,8,5,1,30-40,10.133333333333333,4.0,2.0,0.5,130,44,2251.0575,0.28,0.75,0.5,0.0,0.0,0,0,0.0,0.0,0,0,0.0,2923.33,1,0,0.0,9004.23,4,2,0.5,0
LGS2ORD0026906,C011446,2025-08-02 02:00:00,Male,33,Gold,TV,Chiang Mai,1412,Lazada,PromptPay,2,8,5,1,30-40,47.06666666666667,3.0,1.0,0.3333333333333333,98,105,6387.84,0.28,1.0,0.6666666666666666,0.0,0.0,0,0,0.0,0.0,0,0,0.0,0.0,0,0,0.0,19163.52,3,1,0.3333333333333333,0
LGS2ORD0026907,C012827,2025-08-02 02:00:00,Female,47,Bronze,CallCenter,Songkhla,931,Shopee,COD,2,8,5,1,40-50,31.033333333333335,6.0,3.0,0.5,16,24,3492.353333333334,0.28,0.6666666666666666,0.5,0.0,0.0,0,0,0.0,7290.41,1,1,1.0,12190.96,3,1,0.3333333333333333,20954.120000000003,6,3,0.5,0
LGS2ORD0026908,C015339,2025-08-02 02:00:00,Male,60,Bronze,Web,Chonburi,707,CallCenter,COD,2,8,5,1,>50,23.566666666666666,6.0,1.0,0.16666666666666666,112,17,3731.933333333334,0.28,0.3333333333333333,0.8333333333333334,0.0,0.0,0,0,0.0,8012.7,1,0,0.0,10273.33,2,0,0.0,22391.600000000002,6,1,0.16666666666666666,1
LGS2ORD0026909,C014858,2025-08-02 02:00:00,Male,30,Gold,Shopee,Remote_Area,1335,Web,Credit_Card,2,8,5,1,20-30,44.5,2.0,0.0,0.0,-1,150,3727.925,0.28,0.5,1.0,0.0,0.0,0,0,0.0,0.0,0,0,0.0,0.0,0,0,0.0,7455.85,2,0,0.0,1
LGS2ORD0026910,C017711,2025-08-02 02:00:00,Male,47,Bronze,Shopee,Remote_Area,866,Lazada,Credit_Card,2,8,5,1,40-50,28.866666666666667,3.0,2.0,0.6666666666666666,160,147,4510.713333333333,0.28,0.0,0.6666666666666666,0.0,0.0,0,0,0.0,0.0,0,0,0.0,0.0,0,0,0.0,13532.14,3,2,0.6666666666666666,0
LGS2ORD0026911,C014560,2025-08-02 03:00:00,Female,67,Bronze,TV,Khon Kaen,814,Shopee,Bank_Transfer,3,8,5,1,>50,27.133333333333333,3.0,2.0,0.6666666666666666,10,22,4873.633333333333,0.28,0.6666666666666666,0.6666666666666666,0.0,0.0,0,0,0.0,14370.130000000001,2,2,1.0,14620.9,3,2,0.6666666666666666,14620.9,3,2,0.6666666666666666,0
LGS2ORD0026912,C013366,2025-08-02 03:00:00,Female,54,Platinum,TV,Chonburi,740,Shopee,Credit_Card,3,8,5,1,>50,24.666666666666668,3.0,0.0,0.0,-1,58,11813.023333333333,0.3,0.6666666666666666,0.3333333333333333,0.0,0.0,0,0,0.0,0.0,0,0,0.0,11760.64,1,0,0.0,35439.07,3,0,0.0,0
LGS2ORD0026913,C017541,2025-08-02 03:00:00,Female,41,Platinum,Web,Phuket,1042,Shopee,Bank_Transfer,3,8,5,1,40-50,34.733333333333334,3.0,0.0,0.0,-1,110,2446.2000000000003,0.35,0.3333333333333333,0.3333333333333333,0.0,0.0,0,0,0.0,0.0,0,0,0.0,0.0,0,0,0.0,7338.6,3,0,0.0,0
LGS2ORD0026914,C017758,2025-08-02 03:00:00,Other,33,Gold,Web,Bangkok,974,Shopee,COD,3,8,5,1,30-40,32.46666666666667,4.0,0.0,0.0,-1,65,4122.8125,0.2299999999999999,0.0,0.25,0.0,0.0,0,0,0.0,0.0,0,0,0.0,5652.63,2,0,0.0,16491.25,4,0,0.0,0
LGS2ORD0026915,C012564,2025-08-02 03:00:00,Female,46,Bronze,TV,Bangkok,586,Shopee,COD,3,8,5,1,40-50,19.533333333333335,5.0,1.0,0.2,177,85,2371.8059999999996,0.28,0.6,0.4,0.0,0.0,0,0,0.0,0.0,0,0,0.0,4882.91,1,0,0.0,11859.029999999999,5,1,0.2,1
LGS2ORD0026916,C011150,2025-08-02 04:00:00,Male,63,Bronze,Shopee,Bangkok,1347,Shopee,Credit_Card,4,8,5,1,>50,44.9,6.0,2.0,0.3333333333333333,4,15,3167.5516666666667,0.28,0.6666666666666666,0.3333333333333333,0.0,0.0,0,0,0.0,797.4,1,1,1.0,17081.09,5,2,0.4,19005.31,6,2,0.3333333333333333,0
LGS2ORD0026917,C016827,2025-08-02 04:00:00,Female,47,Bronze,Web,Bangkok,1239,Lazada,Credit_Card,4,8,5,1,40-50,41.3,2.0,0.0,0.0,-1,144,4484.385,0.13,1.0,0.0,0.0,0.0,0,0,0.0,0.0,0,0,0.0,0.0,0,0,0.0,8968.77,2,0,0.0,1
LGS2ORD0026918,C012267,2025-08-02 04:00:00,Female,25,Gold,TV,Bangkok,833,TV_Show,Credit_Card,4,8,5,1,20-30,27.766666666666666,7.0,1.0,0.14285714285714285,87,28,3766.6685714285713,0.33,0.7142857142857143,0.7142857142857143,0.0,0.0,0,0,0.0,832.66,1,0,0.0,16044.14,4,0,0.0,26366.68,7,1,0.14285714285714285,0
LGS2ORD0026919,C017228,2025-08-02 04:00:00,Male,54,Silver,TV,Phuket,371,Shopee,COD,4,8,5,1,>50,12.366666666666667,4.0,2.0,0.5,17,25,11329.36,0.3,0.75,0.5,0.0,0.0,0,0,0.0,8226.69,1,1,1.0,8226.69,1,1,1.0,45317.44,4,2,0.5,0
LGS2ORD0026920,C011816,2025-08-02 04:00:00,Female,43,Bronze,Lazada,Bangkok,1008,Shopee,COD,4,8,5,1,40-50,33.6,3.0,2.0,0.6666666666666666,-3,10,2531.603333333333,0.18,0.6666666666666666,0.0,0.0,0.0,0,0,0.0,3252.99,1,1,1.0,3252.99,1,1,1.0,7594.8099999999995,3,2,0.6666666666666666,0
LGS2ORD0026921,C012911,2025-08-02 05:00:00,Male,37,Bronze,Lazada,Chonburi,857,Web,COD,5,8,5,1,30-40,28.566666666666666,8.0,0.0,0.0,-1,66,3841.055,0.28,0.5,0.25,0.0,0.0,0,0,0.0,0.0,0,0,0.0,6433.65,2,0,0.0,30728.44,8,0,0.0,1
LGS2ORD0026922,C012176,2025-08-02 05:00:00,Male,35,Silver,Web,Khon Kaen,1644,Web,COD,5,8,5,1,30-40,54.8,3.0,1.0,0.3333333333333333,129,2,2404.07,0.3,0.6666666666666666,0.3333333333333333,0.0,2288.09,1,0,0.0,2288.09,1,0,0.0,2288.09,1,0,0.0,7212.21,3,1,0.3333333333333333,0
LGS2ORD0026923,C016091,2025-08-02 05:00:00,Male,52,Bronze,TV,Bangkok,378,TV_Show,Bank_Transfer,5,8,5,1,>50,12.6,2.0,0.0,0.0,-1,112,3666.41,0.18,0.0,0.0,0.0,0.0,0,0,0.0,0.0,0,0,0.0,0.0,0,0,0.0,7332.82,2,0,0.0,0
LGS2ORD0026924,C014093,2025-08-02 05:00:00,Female,54,Bronze,TV,Bangkok,523,Shopee,Credit_Card,5,8,5,1,>50,17.433333333333334,5.0,2.0,0.4,73,2,4081.9800000000005,0.28,0.4,0.4,0.0,6000.53,1,0,0.0,6000.53,1,0,0.0,10187.380000000001,2,1,0.5,20409.9,5,2,0.4,1
LGS2ORD0026925,C013021,2025-08-02 05:00:00,Male,65,Gold,TV,Khon Kaen,1312,TV_Show,COD,5,8,5,1,>50,43.733333333333334,5.0,0.0,0.0,-1,44,4870.86,0.33,0.6,0.6,0.0,0.0,0,0,0.0,0.0,0,0,0.0,7434.05,2,0,0.0,24354.3,5,0,0.0,0
LGS2ORD0026926,C013420,2025-08-02 05:00:00,Male,46,Gold,Shopee,Bangkok,747,Web,Credit_Card,5,8,5,1,40-50,24.9,4.0,0.0,0.0,-1,14,1725.8925000000002,0.33,0.5,0.75,0.0,0.0,0,0,0.0,1101.71,1,0,0.0,1101.71,1,0,0.0,6903.570000000001,4,0,0.0,0
LGS2ORD0026927,C012539,2025-08-02 06:00:00,Male,61,Silver,Lazada,Chiang Mai,1488,TV_Show,COD,6,8,5,1,>50,49.6,5.0,1.0,0.2,42,13,3896.71,0.3,0.4,0.4,0.0,0.0,0,0,0.0,3374.13,1,0,0.0,9894.380000000001,2,1,0.5,19483.55,5,1,0.2,0
LGS2ORD0026928,C014618,2025-08-02 06:00:00,Male,43,Platinum,TV,Chonburi,1205,Shopee,COD,6,8,5,1,40-50,40.166666666666664,4.0,0.0,0.0,-1,63,5932.0975,0.25,0.5,0.25,0.0,0.0,0,0,0.0,0.0,0,0,0.0,9559.01,1,0,0.0,23728.39,4,0,0.0,0
LGS2ORD0026929,C011658,2025-08-02 06:00:00,Female,27,Bronze,CallCenter,Bangkok,1643,Web,PromptPay,6,8,5,1,20-30,54.766666666666666,4.0,0.0,0.0,-1,127,6024.555,0.23,0.5,0.25,0.0,0.0,0,0,0.0,0.0,0,0,0.0,0.0,0,0,0.0,24098.22,4,0,0.0,0
LGS2ORD0026930,C016553,2025-08-02 06:00:00,Female,27,Bronze,Shopee,Bangkok,526,Lazada,COD,6,8,5,1,20-30,17.533333333333335,2.0,0.0,0.0,-1,30,4121.885,0.18,0.5,0.0,0.0,0.0,0,0,0.0,0.0,0,0,0.0,8243.77,2,0,0.0,8243.77,2,0,0.0,1
LGS2ORD0026931,C015226,2025-08-02 06:00:00,Female,46,Bronze,TV,Songkhla,551,Lazada,COD,6,8,5,1,40-50,18.366666666666667,5.0,0.0,0.0,-1,106,15516.624,0.23,0.6,0.2,0.0,0.0,0,0,0.0,0.0,0,0,0.0,0.0,0,0,0.0,77583.12,5,0,0.0,0
LGS2ORD0026932,C015097,2025-08-02 07:00:00,Male,46,Silver,Web,Bangkok,539,CallCenter,COD,7,8,5,1,40-50,17.966666666666665,6.0,3.0,0.5,8,21,8461.24,0.25,0.6666666666666666,0.3333333333333333,0.0,0.0,0,0,0.0,2375.92,2,1,0.5,13214.77,4,2,0.5,50767.44,6,3,0.5,1
LGS2ORD0026933,C010278,2025-08-02 07:00:00,Male,36,Bronze,TV,Khon Kaen,1341,TV_Show,PromptPay,7,8,5,1,30-40,44.7,3.0,0.0,0.0,-1,27,4874.426666666666,0.23,0.3333333333333333,0.3333333333333333,0.0,0.0,0,0,0.0,7590.74,1,0,0.0,12448.49,2,0,0.0,14623.279999999999,3,0,0.0,1
LGS2ORD0026934,C010700,2025-08-02 07:00:00,Male,32,Bronze,CallCenter,Chiang Mai,686,Shopee,COD,7,8,5,1,30-40,22.866666666666667,3.0,0.0,0.0,-1,75,10298.353333333333,0.23,0.6666666666666666,0.3333333333333333,0.0,0.0,0,0,0.0,0.0,0,0,0.0,8608.78,1,0,0.0,30895.059999999998,3,0,0.0,1
LGS2ORD0026935,C014912,2025-08-02 07:00:00,Male,44,Silver,Web,Remote_Area,809,Web,COD,7,8,5,1,40-50,26.966666666666665,3.0,2.0,0.6666666666666666,179,147,11683.926666666666,0.15,0.3333333333333333,0.0,0.0,0.0,0,0,0.0,0.0,0,0,0.0,0.0,0,0,0.0,35051.78,3,2,0.6666666666666666,1
LGS2ORD0026936,C016599,2025-08-02 07:00:00,Female,71,Bronze,Shopee,Phuket,1381,Shopee,COD,7,8,5,1,>50,46.03333333333333,5.0,1.0,0.2,138,6,2374.9739999999997,0.18,0.2,0.0,0.0,1301.96,1,0,0.0,1301.96,1,0,0.0,4607.75,2,0,0.0,11874.869999999999,5,1,0.2,0
LGS2ORD0026937,C014554,2025-08-02 08:00:00,Female,50,Silver,TV,Chonburi,1210,CallCenter,COD,8,8,5,1,40-50,40.333333333333336,6.0,1.0,0.16666666666666666,172,65,3599.015,0.25,0.3333333333333333,0.16666666666666666,0.0,0.0,0,0,0.0,0.0,0,0,0.0,4350.38,2,0,0.0,21594.09,6,1,0.16666666666666666,1
LGS2ORD0026938,C017901,2025-08-02 08:00:00,Male,44,Bronze,Shopee,Chiang Mai,1492,Lazada,PromptPay,8,8,5,1,40-50,49.733333333333334,5.0,1.0,0.2,140,13,6246.817999999999,0.18,0.2,0.0,0.0,0.0,0,0,0.0,3513.78,1,0,0.0,8647.09,3,0,0.0,31234.089999999997,5,1,0.2,0
LGS2ORD0026939,C014044,2025-08-02 08:00:00,Male,33,Bronze,CallCenter,Bangkok,983,Shopee,COD,8,8,5,1,30-40,32.766666666666666,3.0,1.0,0.3333333333333333,73,4,2286.3700000000003,0.28,0.3333333333333333,0.6666666666666666,0.0,682.44,1,0,0.0,682.44,1,0,0.0,3770.26,2,1,0.5,6859.110000000001,3,1,0.3333333333333333,0
LGS2ORD0026940,C017365,2025-08-02 08:00:00,Female,42,Gold,Shopee,Bangkok,410,Shopee,COD,8,8,5,1,40-50,13.666666666666666,4.0,1.0,0.25,164,67,18962.3475,0.28,0.5,0.75,0.0,0.0,0,0,0.0,0.0,0,0,0.0,42914.06,1,0,0.0,75849.39,4,1,0.25,1
LGS2ORD0026941,C012985,2025-08-02 08:00:00,Female,53,Platinum,Shopee,Remote_Area,350,Web,COD,8,8,5,1,>50,11.666666666666666,3.0,0.0,0.0,-1,7,1659.6933333333334,0.3,1.0,0.6666666666666666,0.0,0.0,0,0,0.0,1406.24,1,0,0.0,3066.0699999999997,2,0,0.0,4979.08,3,0,0.0,0
LGS2ORD0026942,C013058,2025-08-02 09:00:00,Female,24,Bronze,CallCenter,Chonburi,1620,Shopee,COD,9,8,5,1,20-30,54.0,4.0,1.0,0.25,72,76,3354.2225,0.18,0.75,0.0,0.0,0.0,0,0,0.0,0.0,0,0,0.0,6431.6,1,1,1.0,13416.89,4,1,0.25,0
LGS2ORD0026943,C016594,2025-08-02 09:00:00,Female,43,Bronze,Lazada,Nakhon Ratchasima,1505,Web,COD,9,8,5,1,40-50,50.166666666666664,6.0,1.0,0.16666666666666666,41,49,10258.208333333334,0.28,0.6666666666666666,0.3333333333333333,0.0,0.0,0,0,0.0,0.0,0,0,0.0,3995.8599999999997,2,1,0.5,61549.25,6,1,0.16666666666666666,0
LGS2ORD0026944,C014853,2025-08-02 09:00:00,Male,60,Platinum,Shopee,Chiang Mai,987,Lazada,Credit_Card,9,8,5,1,>50,32.9,5.0,0.0,0.0,-1,8,2021.36,0.35,0.4,0.8,0.0,0.0,0,0,0.0,8200.27,3,0,0.0,8851.759999999998,4,0,0.0,10106.8,5,0,0.0,0
LGS2ORD0026945,C016994,2025-08-02 09:00:00,Female,68,Bronze,TV,Phuket,1455,Web,PromptPay,9,8,5,1,>50,48.5,0.0,0.0,0.0,-1,-1,0.0,0.0,0.0,0.0,0.0,0.0,0,0,0.0,0.0,0,0,0.0,0.0,0,0,0.0,0.0,0,0,0.0,0
LGS2ORD0026946,C015140,2025-08-02 09:00:00,Female,62,Bronze,CallCenter,Songkhla,1612,TV_Show,COD,9,8,5,1,>50,53.733333333333334,4.0,2.0,0.5,61,68,1967.38,0.23,0.75,0.5,0.0,0.0,0,0,0.0,0.0,0,0,0.0,6161.39,1,1,1.0,7869.52,4,2,0.5,0
LGS2ORD0026947,C014485,2025-08-02 09:00:00,Female,44,Bronze,TV,Khon Kaen,757,Lazada,Bank_Transfer,9,8,5,1,40-50,25.233333333333334,4.0,1.0,0.25,101,32,8539.145,0.23,0.75,0.25,0.0,0.0,0,0,0.0,0.0,0,0,0.0,23936.3,1,0,0.0,34156.58,4,1,0.25,0
LGS2ORD0026948,C012833,2025-08-02 10:00:00,Female,54,Bronze,Web,Nakhon Ratchasima,885,Shopee,Bank_Transfer,10,8,5,1,>50,29.5,3.0,0.0,0.0,-1,55,4622.196666666667,0.28,0.3333333333333333,0.6666666666666666,0.0,0.0,0,0,0.0,0.0,0,0,0.0,10043.04,2,0,0.0,13866.59,3,0,0.0,0
LGS2ORD0026949,C016936,2025-08-02 10:00:00,Male,35,Bronze,CallCenter,Chonburi,805,TV_Show,COD,10,8,5,1,30-40,26.833333333333332,5.0,1.0,0.2,184,91,5189.182000000001,0.28,0.6,0.2,0.0,0.0,0,0,0.0,0.0,0,0,0.0,0.0,0,0,0.0,25945.910000000003,5,1,0.2,0
LGS2ORD0026950,C015481,2025-08-02 10:00:00,Male,45,Bronze,Shopee,Remote_Area,846,Web,COD,10,8,5,1,40-50,28.2,5.0,3.0,0.6,87,95,4338.870000000001,0.23,0.6,0.2,0.0,0.0,0,0,0.0,0.0,0,0,0.0,0.0,0,0,0.0,21694.350000000002,5,3,0.6,0
LGS2ORD0026951,C010546,2025-08-02 10:00:00,Male,30,Silver,Shopee,Chiang Mai,962,CallCenter,Bank_Transfer,10,8,5,1,20-30,32.06666666666667,5.0,0.0,0.0,-1,39,3055.9800000000005,0.2,0.0,0.0,0.0,0.0,0,0,0.0,0.0,0,0,0.0,9578.380000000001,3,0,0.0,15279.900000000003,5,0,0.0,0
LGS2ORD0026952,C011904,2025-08-02 10:00:00,Female,27,Bronze,Shopee,Bangkok,544,TV_Show,COD,10,8,5,1,20-30,18.133333333333333,3.0,0.0,0.0,-1,30,3835.686666666667,0.23,1.0,0.6666666666666666,0.0,0.0,0,0,0.0,0.0,0,0,0.0,2922.93,1,0,0.0,11507.060000000001,3,0,0.0,0
LGS2ORD0026953,C011815,2025-08-02 11:00:00,Female,28,Bronze,Lazada,Chonburi,1442,Lazada,PromptPay,11,8,5,1,20-30,48.06666666666667,4.0,2.0,0.5,86,23,6390.9,0.28,0.75,0.5,0.0,0.0,0,0,0.0,21237.6,1,0,0.0,21237.6,1,0,0.0,25563.6,4,2,0.5,0
LGS2ORD0026954,C016915,2025-08-02 11:00:00,Female,57,Bronze,TV,Chonburi,380,Shopee,COD,11,8,5,1,>50,12.666666666666666,7.0,0.0,0.0,-1,28,3751.074285714286,0.28,0.42857142857142855,0.14285714285714285,0.0,0.0,0,0,0.0,1546.54,1,0,0.0,9683.9,2,0,0.0,26257.52,7,0,0.0,1
LGS2ORD0026955,C017236,2025-08-02 11:00:00,Male,51,Bronze,CallCenter,Chonburi,343,Shopee,COD,11,8,5,1,>50,11.433333333333334,2.0,1.0,0.5,170,61,2501.725,0.28,1.0,1.0,0.0,0.0,0,0,0.0,0.0,0,0,0.0,1399.84,1,0,0.0,5003.45,2,1,0.5,0
LGS2ORD0026956,C014831,2025-08-02 11:00:00,Female,38,Bronze,Shopee,Remote_Area,778,TV_Show,COD,11,8,5,1,30-40,25.933333333333334,6.0,4.0,0.6666666666666666,89,20,4463.108333333333,0.28,0.3333333333333333,0.3333333333333333,0.0,0.0,0,0,0.0,1996.14,1,0,0.0,1996.14,1,0,0.0,26778.649999999998,6,4,0.6666666666666666,0
LGS2ORD0026957,C015345,2025-08-02 11:00:00,Male,46,Bronze,Shopee,Bangkok,1211,Web,COD,11,8,5,1,40-50,40.36666666666667,2.0,0.0,0.0,-1,11,23511.34,0.28,0.5,0.5,0.0,0.0,0,0,0.0,15324.05,1,0,0.0,15324.05,1,0,0.0,47022.68,2,0,0.0,0
LGS2ORD0026958,C012320,2025-08-02 12:00:00,Female,46,Bronze,TV,Bangkok,843,Shopee,COD,12,8,5,1,40-50,28.1,4.0,0.0,0.0,-1,9,3452.2725,0.23,0.5,0.25,0.0,0.0,0,0,0.0,6220.7,2,0,0.0,6220.7,2,0,0.0,13809.09,4,0,0.0,0
LGS2ORD0026959,C010207,2025-08-02 12:00:00,Female,49,Bronze,CallCenter,Songkhla,363,Lazada,Credit_Card,12,8,5,1,40-50,12.1,4.0,2.0,0.5,70,55,8368.5675,0.18,0.5,0.0,0.0,0.0,0,0,0.0,0.0,0,0,0.0,26240.34,2,1,0.5,33474.27,4,2,0.5,0
LGS2ORD0026960,C010225,2025-08-02 12:00:00,Female,70,Bronze,Shopee,Songkhla,1491,Web,PromptPay,12,8,5,1,>50,49.7,4.0,3.0,0.75,6,21,4634.77,0.28,0.5,0.25,0.0,0.0,0,0,0.0,14025.8,2,2,1.0,14025.8,2,2,1.0,18539.08,4,3,0.75,0
LGS2ORD0026961,C013127,2025-08-02 12:00:00,Male,47,Silver,Shopee,Khon Kaen,1602,Lazada,Credit_Card,12,8,5,1,40-50,53.4,2.0,1.0,0.5,19,22,4535.295,0.05,0.5,0.0,0.0,0.0,0,0,0.0,7868.11,1,1,1.0,9070.59,2,1,0.5,9070.59,2,1,0.5,0
LGS2ORD0026962,C010927,2025-08-02 12:00:00,Female,42,Bronze,TV,Chonburi,1320,Web,COD,12,8,5,1,40-50,44.0,2.0,0.0,0.0,-1,1,5696.315,0.23,1.0,0.5,0.0,2309.83,1,0,0.0,2309.83,1,0,0.0,2309.83,1,0,0.0,11392.63,2,0,0.0,1
LGS2ORD0026963,C013890,2025-08-02 13:00:00,Other,47,Bronze,Shopee,Chiang Mai,1385,Shopee,COD,13,8,5,1,40-50,46.166666666666664,10.0,1.0,0.1,87,5,6768.198000000001,0.28,0.8,0.2,0.0,1981.82,1,0,0.0,1981.82,1,0,0.0,4428.24,3,0,0.0,67681.98000000001,10,1,0.1,1
LGS2ORD0026964,C011722,2025-08-02 13:00:00,Female,43,Silver,TV,Khon Kaen,1284,CallCenter,Credit_Card,13,8,5,1,40-50,42.8,4.0,1.0,0.25,155,73,3527.4975,0.3,0.75,0.5,0.0,0.0,0,0,0.0,0.0,0,0,0.0,9842.91,1,0,0.0,14109.99,4,1,0.25,0
LGS2ORD0026965,C014415,2025-08-02 13:00:00,Female,56,Gold,Web,Nakhon Ratchasima,1096,TV_Show,COD,13,8,5,1,>50,36.53333333333333,3.0,2.0,0.6666666666666666,5,14,2471.3166666666666,0.2299999999999999,0.3333333333333333,0.6666666666666666,0.0,0.0,0,0,0.0,3829.85,1,1,1.0,5535.08,2,2,1.0,7413.95,3,2,0.6666666666666666,1
LGS2ORD0026966,C010680,2025-08-02 13:00:00,Male,47,Bronze,Lazada,Nakhon Ratchasima,497,TV_Show,PromptPay,13,8,5,1,40-50,16.566666666666666,3.0,1.0,0.3333333333333333,104,120,9936.67,0.18,0.3333333333333333,0.0,0.0,0.0,0,0,0.0,0.0,0,0,0.0,0.0,0,0,0.0,29810.010000000002,3,1,0.3333333333333333,0
LGS2ORD0026967,C015779,2025-08-02 13:00:00,Male,44,Bronze,Lazada,Bangkok,858,Lazada,COD,13,8,5,1,40-50,28.6,2.0,0.0,0.0,-1,5,2040.835,0.23,0.0,0.5,0.0,2264.92,1,0,0.0,2264.92,1,0,0.0,4081.67,2,0,0.0,4081.67,2,0,0.0,0
LGS2ORD0026968,C016766,2025-08-02 13:00:00,Female,34,Bronze,Shopee,Chiang Mai,269,Lazada,PromptPay,13,8,5,1,30-40,8.966666666666667,3.0,0.0,0.0,-1,19,7598.303333333333,0.18,0.3333333333333333,0.0,0.0,0.0,0,0,0.0,18447.99,2,0,0.0,18447.99,2,0,0.0,22794.91,3,0,0.0,0
LGS2ORD0026969,C015344,2025-08-02 14:00:00,Male,33,Bronze,TV,Bangkok,1383,Shopee,COD,14,8,5,1,30-40,46.1,3.0,0.0,0.0,-1,32,4418.33,0.03,0.3333333333333333,0.0,0.0,0.0,0,0,0.0,0.0,0,0,0.0,11436.72,2,0,0.0,13254.99,3,0,0.0,1
LGS2ORD0026970,C014918,2025-08-02 14:00:00,Female,34,Gold,TV,Khon Kaen,966,Lazada,Bank_Transfer,14,8,5,1,30-40,32.2,6.0,2.0,0.3333333333333333,81,44,2417.498333333333,0.33,0.6666666666666666,0.5,0.0,0.0,0,0,0.0,0.0,0,0,0.0,1565.23,1,0,0.0,14504.989999999998,6,2,0.3333333333333333,0
LGS2ORD0026971,C011560,2025-08-02 14:00:00,Female,52,Gold,TV,Nakhon Ratchasima,243,Shopee,COD,14,8,5,1,>50,8.1,6.0,3.0,0.5,28,35,3850.876666666667,0.2299999999999999,0.5,0.16666666666666666,0.0,0.0,0,0,0.0,0.0,0,0,0.0,6696.74,3,2,0.6666666666666666,23105.260000000002,6,3,0.5,1
LGS2ORD0026972,C010749,2025-08-02 14:00:00,Male,53,Bronze,Shopee,Songkhla,886,Web,Credit_Card,14,8,5,1,>50,29.533333333333335,2.0,1.0,0.5,189,143,1627.54,0.23,0.5,0.5,0.0,0.0,0,0,0.0,0.0,0,0,0.0,0.0,0,0,0.0,3255.08,2,1,0.5,0
LGS2ORD0026973,C017636,2025-08-02 14:00:00,Female,42,Bronze,TV,Nakhon Ratchasima,718,Shopee,Credit_Card,14,8,5,1,40-50,23.933333333333334,4.0,0.0,0.0,-1,90,1935.1325,0.23,0.5,0.25,0.0,0.0,0,0,0.0,0.0,0,0,0.0,0.0,0,0,0.0,7740.53,4,0,0.0,0
LGS2ORD0026974,C013404,2025-08-02 15:00:00,Female,42,Bronze,Web,Chonburi,1045,CallCenter,Credit_Card,15,8,5,1,40-50,34.833333333333336,4.0,0.0,0.0,-1,14,11942.0075,0.18,0.5,0.0,0.0,0.0,0,0,0.0,7379.92,1,0,0.0,29186.79,2,0,0.0,47768.03,4,0,0.0,1
LGS2ORD0026975,C017668,2025-08-02 15:00:00,Male,55,Bronze,Shopee,Remote_Area,545,TV_Show,COD,15,8,5,1,>50,18.166666666666668,3.0,0.0,0.0,-1,136,1339.7733333333333,0.28,0.3333333333333333,0.3333333333333333,0.0,0.0,0,0,0.0,0.0,0,0,0.0,0.0,0,0,0.0,4019.32,3,0,0.0,0
LGS2ORD0026976,C017515,2025-08-02 15:00:00,Female,53,Bronze,CallCenter,Remote_Area,968,Shopee,COD,15,8,5,1,>50,32.266666666666666,5.0,1.0,0.2,179,86,3079.6600000000003,0.23,0.4,0.2,0.0,0.0,0,0,0.0,0.0,0,0,0.0,3207.69,1,0,0.0,15398.300000000001,5,1,0.2,0
LGS2ORD0026977,C015155,2025-08-02 15:00:00,Male,30,Platinum,Web,Nakhon Ratchasima,392,Lazada,Credit_Card,15,8,5,1,20-30,13.066666666666666,2.0,0.0,0.0,-1,152,1782.27,0.35,0.5,0.5,0.0,0.0,0,0,0.0,0.0,0,0,0.0,0.0,0,0,0.0,3564.54,2,0,0.0,1
LGS2ORD0026978,C012433,2025-08-02 15:00:00,Male,43,Platinum,Lazada,Khon Kaen,886,TV_Show,Credit_Card,15,8,5,1,40-50,29.533333333333335,2.0,1.0,0.5,176,87,3571.625,0.35,0.5,0.5,0.0,0.0,0,0,0.0,0.0,0,0,0.0,4205.35,1,0,0.0,7143.25,2,1,0.5,0
LGS2ORD0026979,C012569,2025-08-02 16:00:00,Male,64,Bronze,TV,Khon Kaen,468,Web,PromptPay,16,8,5,1,>50,15.6,1.0,0.0,0.0,-1,209,9354.82,0.03,0.0,0.0,0.0,0.0,0,0,0.0,0.0,0,0,0.0,0.0,0,0,0.0,9354.82,1,0,0.0,0
LGS2ORD0026980,C013950,2025-08-02 16:00:00,Male,42,Bronze,TV,Nakhon Ratchasima,1606,Web,Bank_Transfer,16,8,5,1,40-50,53.53333333333333,4.0,0.0,0.0,-1,59,2401.4425,0.23,0.5,0.25,0.0,0.0,0,0,0.0,0.0,0,0,0.0,4690.37,1,0,0.0,9605.77,4,0,0.0,0
LGS2ORD0026981,C015049,2025-08-02 16:00:00,Male,51,Platinum,TV,Bangkok,1672,CallCenter,PromptPay,16,8,5,1,>50,55.733333333333334,3.0,1.0,0.3333333333333333,74,37,5215.25,0.35,0.6666666666666666,0.6666666666666666,0.0,0.0,0,0,0.0,0.0,0,0,0.0,7606.780000000001,2,1,0.5,15645.75,3,1,0.3333333333333333,0
LGS2ORD0026982,C013916,2025-08-02 16:00:00,Male,26,Gold,CallCenter,Bangkok,998,Web,COD,16,8,5,1,20-30,33.266666666666666,3.0,0.0,0.0,-1,26,1528.2633333333333,0.33,0.3333333333333333,0.6666666666666666,0.0,0.0,0,0,0.0,2326.49,1,0,0.0,3858.0299999999997,2,0,0.0,4584.79,3,0,0.0,1
LGS2ORD0026983,C016962,2025-08-02 16:00:00,Female,45,Bronze,TV,Songkhla,855,Shopee,Credit_Card,16,8,5,1,40-50,28.5,4.0,2.0,0.5,58,23,4621.035,0.13,0.75,0.0,0.0,0.0,0,0,0.0,1527.42,1,0,0.0,18484.14,4,2,0.5,18484.14,4,2,0.5,1
LGS2ORD0026984,C016792,2025-08-02 16:00:00,Male,34,Bronze,TV,Khon Kaen,1342,Lazada,COD,16,8,5,1,30-40,44.733333333333334,2.0,0.0,0.0,-1,54,6760.885,0.03,0.5,0.0,0.0,0.0,0,0,0.0,0.0,0,0,0.0,13521.77,2,0,0.0,13521.77,2,0,0.0,1
LGS2ORD0026985,C010123,2025-08-02 17:00:00,Female,45,Bronze,CallCenter,Khon Kaen,497,Web,PromptPay,17,8,5,1,40-50,16.566666666666666,2.0,1.0,0.5,33,7,14385.08,0.23,0.5,0.5,0.0,0.0,0,0,0.0,27685.35,1,0,0.0,28770.16,2,1,0.5,28770.16,2,1,0.5,0
LGS2ORD0026986,C013733,2025-08-02 17:00:00,Male,35,Bronze,Web,Chiang Mai,1022,Web,COD,17,8,5,1,30-40,34.06666666666667,0.0,0.0,0.0,-1,-1,0.0,0.0,0.0,0.0,0.0,0.0,0,0,0.0,0.0,0,0,0.0,0.0,0,0,0.0,0.0,0,0,0.0,1
LGS2ORD0026987,C014438,2025-08-02 17:00:00,Female,34,Silver,Shopee,Chonburi,1525,Shopee,COD,17,8,5,1,30-40,50.833333333333336,4.0,0.0,0.0,-1,36,9383.955,0.3,0.5,0.25,0.0,0.0,0,0,0.0,0.0,0,0,0.0,15771.05,3,0,0.0,37535.82,4,0,0.0,1
LGS2ORD0026988,C017432,2025-08-02 17:00:00,Female,66,Gold,Web,Khon Kaen,589,Shopee,COD,17,8,5,1,>50,19.633333333333333,1.0,0.0,0.0,-1,198,3786.57,0.2299999999999999,0.0,1.0,0.0,0.0,0,0,0.0,0.0,0,0,0.0,0.0,0,0,0.0,3786.57,1,0,0.0,0
LGS2ORD0026989,C010119,2025-08-02 17:00:00,Female,55,Gold,Web,Bangkok,619,Web,COD,17,8,5,1,>50,20.633333333333333,2.0,1.0,0.5,80,96,1933.9099999999999,0.2299999999999999,1.0,0.5,0.0,0.0,0,0,0.0,0.0,0,0,0.0,0.0,0,0,0.0,3867.8199999999997,2,1,0.5,1
LGS2ORD0026990,C017408,2025-08-02 18:00:00,Female,18,Platinum,Shopee,Bangkok,936,Shopee,Bank_Transfer,18,8,5,1,<20,31.2,0.0,0.0,0.0,-1,-1,0.0,0.0,0.0,0.0,0.0,0.0,0,0,0.0,0.0,0,0,0.0,0.0,0,0,0.0,0.0,0,0,0.0,1
LGS2ORD0026991,C010062,2025-08-02 18:00:00,Male,48,Silver,TV,Remote_Area,1610,TV_Show,PromptPay,18,8,5,1,40-50,53.666666666666664,3.0,1.0,0.3333333333333333,5,9,5478.790000000001,0.3,0.6666666666666666,0.6666666666666666,0.0,0.0,0,0,0.0,1199.83,1,1,1.0,6277.01,2,1,0.5,16436.370000000003,3,1,0.3333333333333333,0
LGS2ORD0026992,C017658,2025-08-02 18:00:00,Female,45,Bronze,Web,Chiang Mai,352,TV_Show,Bank_Transfer,18,8,5,1,40-50,11.733333333333333,2.0,0.0,0.0,-1,70,9236.15,0.18,1.0,0.0,0.0,0.0,0,0,0.0,0.0,0,0,0.0,5852.19,1,0,0.0,18472.3,2,0,0.0,0
LGS2ORD0026993,C014436,2025-08-02 18:00:00,Female,41,Silver,Web,Khon Kaen,1199,CallCenter,COD,18,8,5,1,40-50,39.96666666666667,6.0,1.0,0.16666666666666666,-1,7,6349.040000000001,0.3,0.5,0.3333333333333333,0.0,0.0,0,0,0.0,11499.23,3,1,0.3333333333333333,27044.910000000003,5,1,0.2,38094.240000000005,6,1,0.16666666666666666,0
LGS2ORD0026994,C017826,2025-08-02 18:00:00,Female,30,Bronze,CallCenter,Remote_Area,415,Lazada,COD,18,8,5,1,20-30,13.833333333333334,1.0,1.0,1.0,124,133,1568.67,0.18,1.0,0.0,0.0,0.0,0,0,0.0,0.0,0,0,0.0,0.0,0,0,0.0,1568.67,1,1,1.0,1
LGS2ORD0026995,C015995,2025-08-02 19:00:00,Female,46,Silver,TV,Bangkok,461,Shopee,Credit_Card,19,8,5,1,40-50,15.366666666666667,5.0,1.0,0.2,79,75,5429.544,0.2,0.4,0.0,0.0,0.0,0,0,0.0,0.0,0,0,0.0,2691.9900000000002,2,1,0.5,27147.72,5,1,0.2,0
LGS2ORD0026996,C013949,2025-08-02 19:00:00,Male,48,Platinum,Lazada,Bangkok,433,Lazada,COD,19,8,5,1,40-50,14.433333333333334,3.0,0.0,0.0,-1,120,13217.703333333333,0.3,0.6666666666666666,0.3333333333333333,0.0,0.0,0,0,0.0,0.0,0,0,0.0,0.0,0,0,0.0,39653.11,3,0,0.0,0
LGS2ORD0026997,C017938,2025-08-02 19:00:00,Male,38,Bronze,Shopee,Remote_Area,834,CallCenter,COD,19,8,5,1,30-40,27.8,5.0,2.0,0.4,43,55,3054.1220000000003,0.23,0.4,0.2,0.0,0.0,0,0,0.0,0.0,0,0,0.0,7641.82,2,1,0.5,15270.61,5,2,0.4,0
LGS2ORD0026998,C013018,2025-08-02 19:00:00,Male,47,Bronze,TV,Chiang Mai,575,Lazada,COD,19,8,5,1,40-50,19.166666666666668,6.0,1.0,0.16666666666666666,42,28,6080.926666666666,0.18,0.16666666666666666,0.0,0.0,0.0,0,0,0.0,1832.07,1,0,0.0,27210.969999999998,5,1,0.2,36485.56,6,1,0.16666666666666666,0
LGS2ORD0026999,C015663,2025-08-02 19:00:00,Female,54,Bronze,CallCenter,Chiang Mai,1249,Web,Credit_Card,19,8,5,1,>50,41.63333333333333,2.0,1.0,0.5,124,131,11578.895,0.28,0.5,0.5,0.0,0.0,0,0,0.0,0.0,0,0,0.0,0.0,0,0,0.0,23157.79,2,1,0.5,1
LGS2ORD0027000,C011444,2025-08-02 20:00:00,Male,39,Bronze,Lazada,Bangkok,1412,Web,COD,20,8,5,1,30-40,47.06666666666667,4.0,1.0,0.25,195,83,3392.605,0.28,0.0,0.5,0.0,0.0,0,0,0.0,0.0,0,0,0.0,882.24,1,0,0.0,13570.42,4,1,0.25,0
LGS2ORD0027001,C016081,2025-08-02 20:00:00,Female,43,Platinum,Web,Bangkok,248,CallCenter,COD,20,8,5,1,40-50,8.266666666666667,2.0,0.0,0.0,-1,36,3256.2650000000003,0.15,0.5,0.0,0.0,0.0,0,0,0.0,0.0,0,0,0.0,6512.530000000001,2,0,0.0,6512.530000000001,2,0,0.0,0
LGS2ORD0027002,C010138,2025-08-02 20:00:00,Female,26,Silver,Shopee,Bangkok,1592,TV_Show,Credit_Card,20,8,5,1,20-30,53.06666666666667,6.0,0.0,0.0,-1,12,5290.8116666666665,0.25,1.0,0.16666666666666666,0.0,0.0,0,0,0.0,627.6,1,0,0.0,6294.67,2,0,0.0,31744.87,6,0,0.0,0
LGS2ORD0027003,C014822,2025-08-02 20:00:00,Male,33,Bronze,Lazada,Bangkok,344,CallCenter,Bank_Transfer,20,8,5,1,30-40,11.466666666666667,5.0,1.0,0.2,173,63,7903.588000000001,0.28,0.8,0.2,0.0,0.0,0,0,0.0,0.0,0,0,0.0,27878.05,1,0,0.0,39517.94,5,1,0.2,0
LGS2ORD0027004,C013392,2025-08-02 20:00:00,Male,51,Silver,Web,Phuket,1552,CallCenter,COD,20,8,5,1,>50,51.733333333333334,5.0,1.0,0.2,82,41,9717.539999999999,0.3,0.8,0.2,0.0,0.0,0,0,0.0,0.0,0,0,0.0,37274.56,1,0,0.0,48587.7,5,1,0.2,1
LGS2ORD0027005,C010583,2025-08-02 20:00:00,Female,56,Bronze,Shopee,Bangkok,934,CallCenter,COD,20,8,5,1,>50,31.133333333333333,3.0,1.0,0.3333333333333333,133,93,8665.279999999999,0.23,0.6666666666666666,0.3333333333333333,0.0,0.0,0,0,0.0,0.0,0,0,0.0,0.0,0,0,0.0,25995.839999999997,3,1,0.3333333333333333,0
LGS2ORD0027006,C013669,2025-08-02 21:00:00,Female,54,Bronze,Shopee,Phuket,679,Shopee,COD,21,8,5,1,>50,22.633333333333333,4.0,1.0,0.25,109,17,2121.0,0.08,0.25,0.0,0.0,0.0,0,0,0.0,1832.24,1,0,0.0,2864.35,2,0,0.0,8484.0,4,1,0.25,1
LGS2ORD0027007,C013114,2025-08-02 21:00:00,Female,33,Gold,Shopee,Khon Kaen,829,CallCenter,Bank_Transfer,21,8,5,1,30-40,27.633333333333333,4.0,1.0,0.25,127,132,7043.9025,0.33,0.5,0.75,0.0,0.0,0,0,0.0,0.0,0,0,0.0,0.0,0,0,0.0,28175.61,4,1,0.25,0
LGS2ORD0027008,C017283,2025-08-02 21:00:00,Male,23,Bronze,TV,Remote_Area,1146,Web,Credit_Card,21,8,5,1,20-30,38.2,1.0,0.0,0.0,-1,193,2380.05,0.03,1.0,0.0,0.0,0.0,0,0,0.0,0.0,0,0,0.0,0.0,0,0,0.0,2380.05,1,0,0.0,0
LGS2ORD0027009,C011675,2025-08-02 21:00:00,Male,46,Bronze,Lazada,Nakhon Ratchasima,1384,Web,COD,21,8,5,1,40-50,46.13333333333333,2.0,1.0,0.5,101,92,19233.01,0.18,1.0,0.0,0.0,0.0,0,0,0.0,0.0,0,0,0.0,0.0,0,0,0.0,38466.02,2,1,0.5,0
LGS2ORD0027010,C014917,2025-08-02 21:00:00,Female,56,Gold,TV,Songkhla,865,Web,COD,21,8,5,1,>50,28.833333333333332,3.0,0.0,0.0,-1,49,10136.699999999999,0.28,0.3333333333333333,0.6666666666666666,0.0,0.0,0,0,0.0,0.0,0,0,0.0,10800.09,1,0,0.0,30410.1,3,0,0.0,0
LGS2ORD0027011,C017968,2025-08-02 22:00:00,Male,51,Bronze,Lazada,Songkhla,1579,Web,Bank_Transfer,22,8,5,1,>50,52.63333333333333,4.0,1.0,0.25,18,22,4189.535,0.18,0.75,0.0,0.0,0.0,0,0,0.0,591.94,1,0,0.0,16758.14,4,1,0.25,16758.14,4,1,0.25,0
LGS2ORD0027012,C016311,2025-08-02 22:00:00,Female,42,Silver,Web,Chonburi,1304,Shopee,COD,22,8,5,1,40-50,43.46666666666667,6.0,1.0,0.16666666666666666,158,18,4338.066666666667,0.3,0.6666666666666666,0.16666666666666666,0.0,0.0,0,0,0.0,2457.08,1,0,0.0,14708.14,4,0,0.0,26028.4,6,1,0.16666666666666666,0
LGS2ORD0027013,C012337,2025-08-02 22:00:00,Male,50,Bronze,Web,Bangkok,1538,Lazada,COD,22,8,5,1,40-50,51.266666666666666,5.0,2.0,0.4,73,45,10334.146,0.23,0.2,0.2,0.0,0.0,0,0,0.0,0.0,0,0,0.0,30674.43,3,2,0.6666666666666666,51670.73,5,2,0.4,0
LGS2ORD0027014,C012830,2025-08-02 22:00:00,Male,42,Bronze,TV,Khon Kaen,1219,CallCenter,Credit_Card,22,8,5,1,40-50,40.63333333333333,6.0,2.0,0.3333333333333333,84,33,4446.1483333333335,0.23,0.8333333333333334,0.16666666666666666,0.0,0.0,0,0,0.0,0.0,0,0,0.0,8708.81,3,1,0.3333333333333333,26676.890000000003,6,2,0.3333333333333333,0
LGS2ORD0027015,C011555,2025-08-02 22:00:00,Female,31,Silver,Web,Phuket,884,TV_Show,COD,22,8,5,1,30-40,29.466666666666665,7.0,3.0,0.42857142857142855,23,22,5248.037142857143,0.3,0.42857142857142855,0.42857142857142855,0.0,0.0,0,0,0.0,5093.7300000000005,2,1,0.5,16942.170000000002,5,2,0.4,36736.26,7,3,0.42857142857142855,1
LGS2ORD0027016,C010649,2025-08-02 23:00:00,Female,46,Platinum,TV,Bangkok,850,Shopee,PromptPay,23,8,5,1,40-50,28.333333333333332,1.0,1.0,1.0,90,100,1860.77,0.3,1.0,1.0,0.0,0.0,0,0,0.0,0.0,0,0,0.0,0.0,0,0,0.0,1860.77,1,1,1.0,0
LGS2ORD0027017,C015039,2025-08-02 23:00:00,Male,40,Bronze,TV,Phuket,497,TV_Show,Bank_Transfer,23,8,5,1,30-40,16.566666666666666,5.0,1.0,0.2,190,73,6553.3279999999995,0.23,0.6,0.4,0.0,0.0,0,0,0.0,0.0,0,0,0.0,2513.58,1,0,0.0,32766.64,5,1,0.2,0
LGS2ORD0027018,C015123,2025-08-02 23:00:00,Male,48,Silver,Web,Chiang Mai,1610,Web,Bank_Transfer,23,8,5,1,40-50,53.666666666666664,1.0,0.0,0.0,-1,148,6112.22,0.3,0.0,1.0,0.0,0.0,0,0,0.0,0.0,0,0,0.0,0.0,0,0,0.0,6112.22,1,0,0.0,0
LGS2ORD0027019,C013952,2025-08-02 23:00:00,Female,32,Silver,Shopee,Bangkok,975,Web,COD,23,8,5,1,30-40,32.5,7.0,3.0,0.42857142857142855,168,16,3641.2328571428566,0.2,0.7142857142857143,0.0,0.0,0.0,0,0,0.0,9062.01,1,0,0.0,12978.73,2,0,0.0,25488.629999999997,7,3,0.42857142857142855,0
LGS2ORD0027020,C012197,2025-08-02 23:00:00,Female,37,Silver,TV,Songkhla,743,TV_Show,Bank_Transfer,23,8,5,1,30-40,24.766666666666666,3.0,2.0,0.6666666666666666,28,41,9314.216666666665,0.25,0.6666666666666666,0.3333333333333333,0.0,0.0,0,0,0.0,0.0,0,0,0.0,7896.9,2,2,1.0,27942.649999999998,3,2,0.6666666666666666,0
LGS2ORD0027021,C016340,2025-08-03 00:00:00,Male,43,Silver,TV,Nakhon Ratchasima,873,Web,Credit_Card,0,8,6,1,40-50,29.1,3.0,0.0,0.0,-1,87,5704.2300000000005,0.2,1.0,0.0,0.0,0.0,0,0,0.0,0.0,0,0,0.0,1901.65,1,0,0.0,17112.690000000002,3,0,0.0,0
LGS2ORD0027022,C016039,2025-08-03 00:00:00,Female,30,Gold,Web,Bangkok,253,TV_Show,COD,0,8,6,1,20-30,8.433333333333334,2.0,1.0,0.5,36,46,15079.355,0.08,0.0,0.0,0.0,0.0,0,0,0.0,0.0,0,0,0.0,5169.26,1,1,1.0,30158.71,2,1,0.5,0
LGS2ORD0027023,C016225,2025-08-03 00:00:00,Male,39,Bronze,TV,Chonburi,535,Web,Bank_Transfer,0,8,6,1,30-40,17.833333333333332,3.0,1.0,0.3333333333333333,12,24,3017.646666666666,0.23,0.6666666666666666,0.3333333333333333,0.0,0.0,0,0,0.0,3156.54,1,1,1.0,9052.939999999999,3,1,0.3333333333333333,9052.939999999999,3,1,0.3333333333333333,0
LGS2ORD0027024,C012306,2025-08-03 00:00:00,Male,31,Bronze,Shopee,Bangkok,1626,CallCenter,COD,0,8,6,1,30-40,54.2,4.0,0.0,0.0,-1,69,8018.26,0.18,0.5,0.0,0.0,0.0,0,0,0.0,0.0,0,0,0.0,12498.91,2,0,0.0,32073.04,4,0,0.0,0
LGS2ORD0027025,C015184,2025-08-03 00:00:00,Female,47,Bronze,TV,Songkhla,1504,Web,Bank_Transfer,0,8,6,1,40-50,50.13333333333333,5.0,3.0,0.6,7,22,7327.492,0.23,1.0,0.4,0.0,0.0,0,0,0.0,5477.87,1,1,1.0,31128.819999999996,4,3,0.75,36637.46,5,3,0.6,0
LGS2ORD0027026,C010040,2025-08-03 00:00:00,Male,56,Bronze,TV,Remote_Area,807,Shopee,Credit_Card,0,8,6,1,>50,26.9,4.0,1.0,0.25,60,33,3683.48,0.28,0.5,0.25,0.0,0.0,0,0,0.0,0.0,0,0,0.0,14733.92,4,1,0.25,14733.92,4,1,0.25,0
LGS2ORD0027027,C010002,2025-08-03 01:00:00,Male,34,Platinum,Lazada,Bangkok,519,Web,COD,1,8,6,1,30-40,17.3,3.0,1.0,0.3333333333333333,57,2,4564.66,0.25,0.0,0.3333333333333333,0.0,5527.9,1,0,0.0,5527.9,1,0,0.0,13693.98,3,1,0.3333333333333333,13693.98,3,1,0.3333333333333333,1
LGS2ORD0027028,C015399,2025-08-03 01:00:00,Female,49,Platinum,TV,Bangkok,1306,TV_Show,Credit_Card,1,8,6,1,40-50,43.53333333333333,3.0,1.0,0.3333333333333333,187,68,2942.0633333333335,0.3,1.0,0.6666666666666666,0.0,0.0,0,0,0.0,0.0,0,0,0.0,7770.55,1,0,0.0,8826.19,3,1,0.3333333333333333,0
LGS2ORD0027029,C013588,2025-08-03 01:00:00,Male,45,Bronze,Web,Remote_Area,442,Shopee,COD,1,8,6,1,40-50,14.733333333333333,6.0,2.0,0.3333333333333333,113,16,9028.671666666667,0.23,0.8333333333333334,0.16666666666666666,0.0,0.0,0,0,0.0,2872.65,1,0,0.0,27492.010000000002,3,0,0.0,54172.03,6,2,0.3333333333333333,0
LGS2ORD0027030,C014760,2025-08-03 01:00:00,Female,44,Gold,TV,Chiang Mai,396,Web,PromptPay,1,8,6,1,40-50,13.2,3.0,0.0,0.0,-1,40,7168.876666666666,0.28,0.6666666666666666,0.3333333333333333,0.0,0.0,0,0,0.0,0.0,0,0,0.0,18649.629999999997,2,0,0.0,21506.629999999997,3,0,0.0,0
LGS2ORD0027031,C013806,2025-08-03 01:00:00,Male,41,Silver,Shopee,Bangkok,1420,Web,Credit_Card,1,8,6,1,40-50,47.333333333333336,3.0,0.0,0.0,-1,19,1742.8766666666663,0.25,0.6666666666666666,0.6666666666666666,0.0,0.0,0,0,0.0,1559.04,1,0,0.0,2323.14,2,0,0.0,5228.629999999999,3,0,0.0,0
LGS2ORD0027032,C017376,2025-08-03 02:00:00,Female,48,Gold,Shopee,Bangkok,1056,Web,COD,2,8,6,1,40-50,35.2,2.0,2.0,1.0,34,43,859.76,0.28,1.0,0.5,0.0,0.0,0,0,0.0,0.0,0,0,0.0,1719.52,2,2,1.0,1719.52,2,2,1.0,0
LGS2ORD0027033,C010725,2025-08-03 02:00:00,Female,41,Gold,TV,Bangkok,1516,Shopee,Bank_Transfer,2,8,6,1,40-50,50.53333333333333,3.0,0.0,0.0,-1,21,5217.740000000001,0.18,0.6666666666666666,0.0,0.0,0.0,0,0,0.0,9571.2,1,0,0.0,13434.32,2,0,0.0,15653.220000000001,3,0,0.0,0
LGS2ORD0027034,C011288,2025-08-03 02:00:00,Male,59,Bronze,Shopee,Bangkok,546,Lazada,PromptPay,2,8,6,1,>50,18.2,4.0,2.0,0.5,4,9,2625.7325,0.28,0.5,0.5,0.0,0.0,0,0,0.0,4343.36,1,1,1.0,8561.329999999998,3,2,0.6666666666666666,10502.93,4,2,0.5,0
LGS2ORD0027035,C016079,2025-08-03 02:00:00,Female,67,Bronze,TV,Chiang Mai,1344,Web,COD,2,8,6,1,>50,44.8,4.0,1.0,0.25,67,75,2042.2475,0.28,0.75,0.5,0.0,0.0,0,0,0.0,0.0,0,0,0.0,2014.58,1,1,1.0,8168.99,4,1,0.25,1
LGS2ORD0027036,C015919,2025-08-03 02:00:00,Male,60,Silver,Shopee,Chiang Mai,1195,CallCenter,COD,2,8,6,1,>50,39.833333333333336,4.0,0.0,0.0,-1,56,6556.12,0.25,0.25,0.5,0.0,0.0,0,0,0.0,0.0,0,0,0.0,6525.61,1,0,0.0,26224.48,4,0,0.0,0
LGS2ORD0027037,C012225,2025-08-03 03:00:00,Male,40,Platinum,Lazada,Chiang Mai,1650,TV_Show,COD,3,8,6,1,30-40,55.0,3.0,1.0,0.3333333333333333,3,10,3802.5099999999998,0.35,0.3333333333333333,0.3333333333333333,0.0,0.0,0,0,0.0,1543.91,1,1,1.0,1543.91,1,1,1.0,11407.529999999999,3,1,0.3333333333333333,0
LGS2ORD0027038,C013267,2025-08-03 03:00:00,Female,34,Silver,Shopee,Remote_Area,459,TV_Show,Credit_Card,3,8,6,1,30-40,15.3,7.0,2.0,0.2857142857142857,106,25,5894.37,0.2,0.8571428571428571,0.0,0.0,0.0,0,0,0.0,259.02,1,0,0.0,13005.44,3,0,0.0,41260.59,7,2,0.2857142857142857,0
LGS2ORD0027039,C013532,2025-08-03 03:00:00,Male,29,Platinum,TV,Bangkok,1096,Lazada,COD,3,8,6,1,20-30,36.53333333333333,3.0,0.0,0.0,-1,31,3824.8700000000003,0.25,0.3333333333333333,0.3333333333333333,0.0,0.0,0,0,0.0,0.0,0,0,0.0,11069.47,2,0,0.0,11474.61,3,0,0.0,0
LGS2ORD0027040,C015229,2025-08-03 03:00:00,Female,28,Bronze,Shopee,Bangkok,1531,Shopee,COD,3,8,6,1,20-30,51.03333333333333,7.0,1.0,0.14285714285714285,133,43,4573.334285714286,0.28,0.7142857142857143,0.2857142857142857,0.0,0.0,0,0,0.0,0.0,0,0,0.0,13181.92,2,0,0.0,32013.340000000004,7,1,0.14285714285714285,1
LGS2ORD0027041,C016606,2025-08-03 03:00:00,Female,50,Bronze,TV,Chiang Mai,1530,CallCenter,COD,3,8,6,1,40-50,51.0,4.0,1.0,0.25,94,11,4495.24,0.18,0.75,0.0,0.0,0.0,0,0,0.0,15843.289999999999,3,0,0.0,15843.289999999999,3,0,0.0,17980.96,4,1,0.25,0
LGS2ORD0027042,C010907,2025-08-03 04:00:00,Female,18,Bronze,Web,Chonburi,731,Web,Credit_Card,4,8,6,1,<20,24.366666666666667,2.0,0.0,0.0,-1,12,6087.455,0.13,1.0,0.0,0.0,0.0,0,0,0.0,10113.3,1,0,0.0,10113.3,1,0,0.0,12174.91,2,0,0.0,0
LGS2ORD0027043,C017524,2025-08-03 04:00:00,Male,48,Bronze,Shopee,Remote_Area,1307,Web,COD,4,8,6,1,40-50,43.56666666666667,7.0,5.0,0.7142857142857143,20,2,5456.107142857143,0.23,0.42857142857142855,0.2857142857142857,0.0,10319.29,1,0,0.0,23104.350000000002,3,1,0.3333333333333333,24014.14,4,2,0.5,38192.75,7,5,0.7142857142857143,1
LGS2ORD0027044,C016644,2025-08-03 04:00:00,Female,32,Platinum,TV,Bangkok,1606,Web,Credit_Card,4,8,6,1,30-40,53.53333333333333,6.0,0.0,0.0,-1,48,11396.878333333334,0.2,0.6666666666666666,0.0,0.0,0.0,0,0,0.0,0.0,0,0,0.0,20417.87,3,0,0.0,68381.27,6,0,0.0,0
LGS2ORD0027045,C010949,2025-08-03 04:00:00,Female,34,Silver,Shopee,Bangkok,580,TV_Show,COD,4,8,6,1,30-40,19.333333333333332,3.0,1.0,0.3333333333333333,70,80,2873.6800000000003,0.3,0.3333333333333333,0.3333333333333333,0.0,0.0,0,0,0.0,0.0,0,0,0.0,3265.79,1,1,1.0,8621.04,3,1,0.3333333333333333,1
LGS2ORD0027046,C010268,2025-08-03 04:00:00,Other,49,Bronze,Lazada,Chiang Mai,645,CallCenter,COD,4,8,6,1,40-50,21.5,3.0,1.0,0.3333333333333333,10,8,12267.300000000001,0.13,1.0,0.0,0.0,0.0,0,0,0.0,22094.100000000002,2,1,0.5,22094.100000000002,2,1,0.5,36801.9,3,1,0.3333333333333333,0
LGS2ORD0027047,C012346,2025-08-03 04:00:00,Male,24,Bronze,TV,Chiang Mai,1043,Shopee,COD,4,8,6,1,20-30,34.766666666666666,4.0,2.0,0.5,105,121,6086.1849999999995,0.23,0.75,0.25,0.0,0.0,0,0,0.0,0.0,0,0,0.0,0.0,0,0,0.0,24344.739999999998,4,2,0.5,0
LGS2ORD0027048,C016072,2025-08-03 05:00:00,Female,18,Platinum,Web,Bangkok,1013,CallCenter,Credit_Card,5,8,6,1,<20,33.766666666666666,1.0,0.0,0.0,-1,148,3331.97,0.15,0.0,0.0,0.0,0.0,0,0,0.0,0.0,0,0,0.0,0.0,0,0,0.0,3331.97,1,0,0.0,0
LGS2ORD0027049,C016138,2025-08-03 05:00:00,Female,66,Silver,TV,Bangkok,1408,TV_Show,PromptPay,5,8,6,1,>50,46.93333333333333,4.0,1.0,0.25,84,94,6661.16,0.2,0.75,0.0,0.0,0.0,0,0,0.0,0.0,0,0,0.0,0.0,0,0,0.0,26644.64,4,1,0.25,0
LGS2ORD0027050,C011359,2025-08-03 05:00:00,Male,23,Silver,Web,Chonburi,1490,Shopee,PromptPay,5,8,6,1,20-30,49.666666666666664,8.0,2.0,0.25,15,23,3131.9612500000003,0.25,0.375,0.125,0.0,0.0,0,0,0.0,3323.4399999999996,2,1,0.5,14035.130000000001,4,1,0.25,25055.690000000002,8,2,0.25,0
LGS2ORD0027051,C014374,2025-08-03 05:00:00,Other,43,Gold,TV,Khon Kaen,605,Shopee,Credit_Card,5,8,6,1,40-50,20.166666666666668,0.0,0.0,0.0,-1,-1,0.0,0.0,0.0,0.0,0.0,0.0,0,0,0.0,0.0,0,0,0.0,0.0,0,0,0.0,0.0,0,0,0.0,0
LGS2ORD0027052,C016703,2025-08-03 05:00:00,Female,34,Bronze,Lazada,Bangkok,1117,Web,COD,5,8,6,1,30-40,37.233333333333334,5.0,1.0,0.2,111,73,3119.8239999999996,0.28,0.4,0.2,0.0,0.0,0,0,0.0,0.0,0,0,0.0,2115.11,1,0,0.0,15599.119999999999,5,1,0.2,0
LGS2ORD0027053,C015021,2025-08-03 06:00:00,Female,58,Bronze,CallCenter,Chonburi,1248,Web,COD,6,8,6,1,>50,41.6,4.0,2.0,0.5,90,42,3147.595,0.28,0.75,0.25,0.0,0.0,0,0,0.0,0.0,0,0,0.0,2163.73,2,0,0.0,12590.38,4,2,0.5,0
LGS2ORD0027054,C011295,2025-08-03 06:00:00,Female,44,Silver,Lazada,Bangkok,527,TV_Show,PromptPay,6,8,6,1,40-50,17.566666666666666,4.0,0.0,0.0,-1,6,2784.3,0.25,0.25,0.5,0.0,2987.53,1,0,0.0,2987.53,1,0,0.0,2987.53,1,0,0.0,11137.2,4,0,0.0,0
LGS2ORD0027055,C012198,2025-08-03 06:00:00,Male,42,Silver,Shopee,Bangkok,856,Lazada,COD,6,8,6,1,40-50,28.533333333333335,0.0,0.0,0.0,-1,-1,0.0,0.0,0.0,0.0,0.0,0.0,0,0,0.0,0.0,0,0,0.0,0.0,0,0,0.0,0.0,0,0,0.0,0
LGS2ORD0027056,C013865,2025-08-03 06:00:00,Female,48,Gold,Shopee,Nakhon Ratchasima,1277,Web,PromptPay,6,8,6,1,40-50,42.56666666666667,2.0,0.0,0.0,-1,182,5350.1449999999995,0.2299999999999999,0.0,0.5,0.0,0.0,0,0,0.0,0.0,0,0,0.0,0.0,0,0,0.0,10700.289999999999,2,0,0.0,0
LGS2ORD0027057,C016330,2025-08-03 06:00:00,Female,23,Bronze,Shopee,Remote_Area,1103,CallCenter,Bank_Transfer,6,8,6,1,20-30,36.766666666666666,1.0,1.0,1.0,71,80,4482.11,0.18,0.0,0.0,0.0,0.0,0,0,0.0,0.0,0,0,0.0,4482.11,1,1,1.0,4482.11,1,1,1.0,1
LGS2ORD0027058,C014607,2025-08-03 07:00:00,Male,37,Bronze,Web,Phuket,448,TV_Show,PromptPay,7,8,6,1,30-40,14.933333333333334,1.0,0.0,0.0,-1,31,6397.18,0.13,0.0,0.0,0.0,0.0,0,0,0.0,0.0,0,0,0.0,6397.18,1,0,0.0,6397.18,1,0,0.0,0
LGS2ORD0027059,C012383,2025-08-03 07:00:00,Female,48,Gold,Shopee,Bangkok,1484,CallCenter,PromptPay,7,8,6,1,40-50,49.46666666666667,4.0,0.0,0.0,-1,4,5424.545,0.28,0.75,0.75,0.0,2014.36,1,0,0.0,2014.36,1,0,0.0,2014.36,1,0,0.0,21698.18,4,0,0.0,0
LGS2ORD0027060,C013770,2025-08-03 07:00:00,Male,46,Bronze,Shopee,Bangkok,1492,Shopee,PromptPay,7,8,6,1,40-50,49.733333333333334,1.0,1.0,1.0,126,133,1712.75,0.18,1.0,0.0,0.0,0.0,0,0,0.0,0.0,0,0,0.0,0.0,0,0,0.0,1712.75,1,1,1.0,0
LGS2ORD0027061,C017944,2025-08-03 07:00:00,Male,38,Bronze,Lazada,Chonburi,319,TV_Show,PromptPay,7,8,6,1,30-40,10.633333333333333,1.0,0.0,0.0,-1,166,3971.19,0.03,1.0,0.0,0.0,0.0,0,0,0.0,0.0,0,0,0.0,0.0,0,0,0.0,3971.19,1,0,0.0,1
LGS2ORD0027062,C010416,2025-08-03 07:00:00,Female,40,Platinum,Shopee,Bangkok,956,TV_Show,Credit_Card,7,8,6,1,30-40,31.866666666666667,1.0,0.0,0.0,-1,165,7265.38,0.25,1.0,1.0,0.0,0.0,0,0,0.0,0.0,0,0,0.0,0.0,0,0,0.0,7265.38,1,0,0.0,0
LGS2ORD0027063,C016781,2025-08-03 08:00:00,Female,42,Silver,TV,Khon Kaen,1437,TV_Show,Credit_Card,8,8,6,1,40-50,47.9,1.0,0.0,0.0,-1,44,623.97,0.1,1.0,0.0,0.0,0.0,0,0,0.0,0.0,0,0,0.0,623.97,1,0,0.0,623.97,1,0,0.0,0
LGS2ORD0027064,C017964,2025-08-03 08:00:00,Male,49,Platinum,Shopee,Bangkok,1196,Lazada,Credit_Card,8,8,6,1,40-50,39.86666666666667,5.0,0.0,0.0,-1,12,5071.276,0.3,0.6,0.4,0.0,0.0,0,0,0.0,7385.32,1,0,0.0,7385.32,1,0,0.0,25356.379999999997,5,0,0.0,0
LGS2ORD0027065,C013623,2025-08-03 08:00:00,Female,47,Bronze,TV,Chonburi,1647,Lazada,COD,8,8,6,1,40-50,54.9,6.0,2.0,0.3333333333333333,28,12,11908.831666666667,0.28,0.8333333333333334,0.5,0.0,0.0,0,0,0.0,3706.32,1,0,0.0,57450.09,4,1,0.25,71452.99,6,2,0.3333333333333333,1
LGS2ORD0027066,C010055,2025-08-03 08:00:00,Female,55,Bronze,Lazada,Remote_Area,635,TV_Show,Credit_Card,8,8,6,1,>50,21.166666666666668,5.0,1.0,0.2,0,14,3202.924,0.28,0.2,0.2,0.0,0.0,0,0,0.0,5189.04,1,1,1.0,9157.880000000001,2,1,0.5,16014.619999999999,5,1,0.2,0
LGS2ORD0027067,C017053,2025-08-03 08:00:00,Male,45,Bronze,TV,Khon Kaen,1029,TV_Show,COD,8,8,6,1,40-50,34.3,4.0,0.0,0.0,-1,135,1612.75,0.23,0.5,0.25,0.0,0.0,0,0,0.0,0.0,0,0,0.0,0.0,0,0,0.0,6451.0,4,0,0.0,1
LGS2ORD0027068,C010011,2025-08-03 08:00:00,Female,50,Gold,Shopee,Bangkok,1443,TV_Show,Bank_Transfer,8,8,6,1,40-50,48.1,1.0,0.0,0.0,-1,108,5057.6,0.2299999999999999,0.0,1.0,0.0,0.0,0,0,0.0,0.0,0,0,0.0,0.0,0,0,0.0,5057.6,1,0,0.0,0
LGS2ORD0027069,C015984,2025-08-03 09:00:00,Male,50,Silver,Shopee,Bangkok,1620,CallCenter,COD,9,8,6,1,40-50,54.0,5.0,2.0,0.4,100,110,3688.888,0.3,0.4,0.4,0.0,0.0,0,0,0.0,0.0,0,0,0.0,0.0,0,0,0.0,18444.44,5,2,0.4,0
LGS2ORD0027070,C012335,2025-08-03 09:00:00,Female,55,Gold,CallCenter,Bangkok,716,TV_Show,Bank_Transfer,9,8,6,1,>50,23.866666666666667,5.0,1.0,0.2,60,22,4781.276,0.33,0.4,0.8,0.0,0.0,0,0,0.0,11124.46,1,0,0.0,12027.25,2,1,0.5,23906.38,5,1,0.2,0
LGS2ORD0027071,C010761,2025-08-03 09:00:00,Female,50,Bronze,TV,Bangkok,280,TV_Show,COD,9,8,6,1,40-50,9.333333333333334,1.0,1.0,1.0,185,192,12174.33,0.23,1.0,1.0,0.0,0.0,0,0,0.0,0.0,0,0,0.0,0.0,0,0,0.0,12174.33,1,1,1.0,0
LGS2ORD0027072,C016298,2025-08-03 09:00:00,Female,36,Bronze,CallCenter,Bangkok,306,CallCenter,COD,9,8,6,1,30-40,10.2,2.0,1.0,0.5,105,107,4311.675,0.23,0.5,0.5,0.0,0.0,0,0,0.0,0.0,0,0,0.0,0.0,0,0,0.0,8623.35,2,1,0.5,0
LGS2ORD0027073,C015286,2025-08-03 09:00:00,Female,32,Gold,CallCenter,Chiang Mai,1069,Lazada,Credit_Card,9,8,6,1,30-40,35.63333333333333,5.0,0.0,0.0,-1,37,2939.1160000000004,0.33,0.2,0.4,0.0,0.0,0,0,0.0,0.0,0,0,0.0,5383.4800000000005,2,0,0.0,14695.580000000002,5,0,0.0,0
LGS2ORD0027074,C015306,2025-08-03 10:00:00,Male,42,Bronze,TV,Chiang Mai,1039,Lazada,Bank_Transfer,10,8,6,1,40-50,34.63333333333333,2.0,0.0,0.0,-1,163,3354.68,0.28,0.0,0.5,0.0,0.0,0,0,0.0,0.0,0,0,0.0,0.0,0,0,0.0,6709.36,2,0,0.0,0
LGS2ORD0027075,C015471,2025-08-03 10:00:00,Male,27,Silver,Web,Chiang Mai,740,Shopee,COD,10,8,6,1,20-30,24.666666666666668,4.0,1.0,0.25,121,13,1825.2424999999998,0.3,0.5,0.5,0.0,0.0,0,0,0.0,1908.06,1,0,0.0,3233.66,2,0,0.0,7300.969999999999,4,1,0.25,1
LGS2ORD0027076,C016573,2025-08-03 10:00:00,Female,52,Gold,Shopee,Khon Kaen,718,TV_Show,COD,10,8,6,1,>50,23.933333333333334,1.0,0.0,0.0,-1,98,3500.56,0.13,1.0,0.0,0.0,0.0,0,0,0.0,0.0,0,0,0.0,0.0,0,0,0.0,3500.56,1,0,0.0,0
LGS2ORD0027077,C015558,2025-08-03 10:00:00,Female,43,Gold,TV,Bangkok,282,Web,COD,10,8,6,1,40-50,9.4,7.0,1.0,0.14285714285714285,100,5,5332.814285714286,0.33,0.5714285714285714,0.2857142857142857,0.0,3074.78,1,0,0.0,3074.78,1,0,0.0,19046.05,3,0,0.0,37329.7,7,1,0.14285714285714285,0
LGS2ORD0027078,C013934,2025-08-03 10:00:00,Female,36,Bronze,CallCenter,Khon Kaen,468,Shopee,Credit_Card,10,8,6,1,30-40,15.6,5.0,0.0,0.0,-1,4,10603.564000000002,0.23,0.2,0.6,0.0,3362.69,1,0,0.0,3362.69,1,0,0.0,5067.41,2,0,0.0,53017.82000000001,5,0,0.0,0
LGS2ORD0027079,C016302,2025-08-03 11:00:00,Male,59,Silver,CallCenter,Chonburi,740,TV_Show,PromptPay,11,8,6,1,>50,24.666666666666668,5.0,2.0,0.4,63,80,10382.331999999999,0.25,0.4,0.4,0.0,0.0,0,0,0.0,0.0,0,0,0.0,17765.32,1,1,1.0,51911.659999999996,5,2,0.4,0
LGS2ORD0027080,C016539,2025-08-03 11:00:00,Female,42,Bronze,Shopee,Bangkok,415,Web,COD,11,8,6,1,40-50,13.833333333333334,1.0,0.0,0.0,-1,14,12945.47,0.28,0.0,1.0,0.0,0.0,0,0,0.0,12945.47,1,0,0.0,12945.47,1,0,0.0,12945.47,1,0,0.0,1
LGS2ORD0027081,C017382,2025-08-03 11:00:00,Female,18,Bronze,Shopee,Chonburi,977,Web,Credit_Card,11,8,6,1,<20,32.56666666666667,4.0,3.0,0.75,45,51,8772.900000000001,0.18,0.75,0.0,0.0,0.0,0,0,0.0,0.0,0,0,0.0,10701.2,1,1,1.0,35091.600000000006,4,3,0.75,0
LGS2ORD0027082,C013654,2025-08-03 11:00:00,Male,38,Bronze,Lazada,Songkhla,1580,TV_Show,COD,11,8,6,1,30-40,52.666666666666664,5.0,1.0,0.2,0,8,4087.7780000000007,0.28,0.8,0.2,0.0,0.0,0,0,0.0,2793.21,2,1,0.5,14413.329999999998,4,1,0.25,20438.890000000003,5,1,0.2,0
LGS2ORD0027083,C014694,2025-08-03 11:00:00,Female,40,Bronze,TV,Songkhla,965,Shopee,PromptPay,11,8,6,1,30-40,32.166666666666664,2.0,1.0,0.5,-5,3,1604.085,0.18,1.0,0.0,0.0,1371.92,1,1,1.0,1371.92,1,1,1.0,1371.92,1,1,1.0,3208.17,2,1,0.5,0
LGS2ORD0027084,C013141,2025-08-03 11:00:00,Other,30,Platinum,Web,Bangkok,672,Lazada,Bank_Transfer,11,8,6,1,20-30,22.4,2.0,1.0,0.5,31,46,2969.0950000000003,0.25,0.0,1.0,0.0,0.0,0,0,0.0,0.0,0,0,0.0,5291.51,1,1,1.0,5938.1900000000005,2,1,0.5,0
LGS2ORD0027085,C015877,2025-08-03 12:00:00,Female,64,Silver,Web,Chiang Mai,1608,Lazada,COD,12,8,6,1,>50,53.6,1.0,0.0,0.0,-1,102,360.35,0.15,0.0,0.0,0.0,0.0,0,0,0.0,0.0,0,0,0.0,0.0,0,0,0.0,360.35,1,0,0.0,0
LGS2ORD0027086,C016200,2025-08-03 12:00:00,Female,48,Gold,TV,Bangkok,297,Lazada,PromptPay,12,8,6,1,40-50,9.9,3.0,0.0,0.0,-1,48,3112.0,0.28,0.3333333333333333,0.3333333333333333,0.0,0.0,0,0,0.0,0.0,0,0,0.0,5811.31,1,0,0.0,9336.0,3,0,0.0,0
LGS2ORD0027087,C016469,2025-08-03 12:00:00,Male,40,Silver,TV,Chiang Mai,1520,TV_Show,Credit_Card,12,8,6,1,30-40,50.666666666666664,7.0,5.0,0.7142857142857143,65,68,4808.064285714286,0.25,0.2857142857142857,0.14285714285714285,0.0,0.0,0,0,0.0,0.0,0,0,0.0,21855.61,2,1,0.5,33656.45,7,5,0.7142857142857143,0
LGS2ORD0027088,C014667,2025-08-03 12:00:00,Female,58,Silver,Shopee,Songkhla,744,Web,Credit_Card,12,8,6,1,>50,24.8,6.0,5.0,0.8333333333333334,60,67,2092.56,0.3,1.0,0.16666666666666666,0.0,0.0,0,0,0.0,0.0,0,0,0.0,4963.86,1,1,1.0,12555.36,6,5,0.8333333333333334,1
LGS2ORD0027089,C012254,2025-08-03 12:00:00,Female,31,Silver,Shopee,Bangkok,917,Web,COD,12,8,6,1,30-40,30.566666666666666,0.0,0.0,0.0,-1,-1,0.0,0.0,0.0,0.0,0.0,0.0,0,0,0.0,0.0,0,0,0.0,0.0,0,0,0.0,0.0,0,0,0.0,0
LGS2ORD0027090,C017036,2025-08-03 13:00:00,Female,33,Bronze,CallCenter,Bangkok,401,Lazada,COD,13,8,6,1,30-40,13.366666666666667,3.0,1.0,0.3333333333333333,198,111,2158.026666666667,0.23,0.6666666666666666,0.6666666666666666,0.0,0.0,0,0,0.0,0.0,0,0,0.0,0.0,0,0,0.0,6474.080000000001,3,1,0.3333333333333333,1
LGS2ORD0027091,C010897,2025-08-03 13:00:00,Other,72,Bronze,Lazada,Songkhla,902,Lazada,COD,13,8,6,1,>50,30.066666666666666,4.0,0.0,0.0,-1,2,3246.9225,0.28,0.5,0.5,0.0,2338.17,1,0,0.0,2338.17,1,0,0.0,9490.15,2,0,0.0,12987.69,4,0,0.0,1
LGS2ORD0027092,C012664,2025-08-03 13:00:00,Female,64,Silver,Shopee,Chiang Mai,504,Shopee,COD,13,8,6,1,>50,16.8,1.0,0.0,0.0,-1,176,2576.7,0.05,0.0,0.0,0.0,0.0,0,0,0.0,0.0,0,0,0.0,0.0,0,0,0.0,2576.7,1,0,0.0,0
LGS2ORD0027093,C015563,2025-08-03 13:00:00,Female,36,Bronze,Shopee,Chonburi,723,Shopee,COD,13,8,6,1,30-40,24.1,0.0,0.0,0.0,-1,-1,0.0,0.0,0.0,0.0,0.0,0.0,0,0,0.0,0.0,0,0,0.0,0.0,0,0,0.0,0.0,0,0,0.0,0
LGS2ORD0027094,C017216,2025-08-03 13:00:00,Other,45,Bronze,Lazada,Songkhla,849,Shopee,PromptPay,13,8,6,1,40-50,28.3,5.0,2.0,0.4,80,77,4260.566000000001,0.23,0.2,0.2,0.0,0.0,0,0,0.0,0.0,0,0,0.0,17731.76,3,1,0.3333333333333333,21302.83,5,2,0.4,0
LGS2ORD0027095,C015199,2025-08-03 14:00:00,Male,52,Bronze,Shopee,Bangkok,551,Web,COD,14,8,6,1,>50,18.366666666666667,5.0,1.0,0.2,48,16,5244.3460000000005,0.23,0.4,0.2,0.0,0.0,0,0,0.0,21347.21,2,0,0.0,24395.29,3,1,0.3333333333333333,26221.730000000003,5,1,0.2,0
LGS2ORD0027096,C014238,2025-08-03 14:00:00,Female,66,Silver,TV,Khon Kaen,1237,Web,COD,14,8,6,1,>50,41.233333333333334,6.0,2.0,0.3333333333333333,80,44,6869.763333333332,0.3,0.5,0.5,0.0,0.0,0,0,0.0,0.0,0,0,0.0,23621.71,4,1,0.25,41218.579999999994,6,2,0.3333333333333333,1
LGS2ORD0027097,C015474,2025-08-03 14:00:00,Female,53,Gold,Shopee,Bangkok,576,TV_Show,Credit_Card,14,8,6,1,>50,19.2,0.0,0.0,0.0,-1,-1,0.0,0.0,0.0,0.0,0.0,0.0,0,0,0.0,0.0,0,0,0.0,0.0,0,0,0.0,0.0,0,0,0.0,0
LGS2ORD0027098,C013383,2025-08-03 14:00:00,Female,31,Bronze,Shopee,Phuket,959,TV_Show,Credit_Card,14,8,6,1,30-40,31.966666666666665,3.0,0.0,0.0,-1,71,11424.443333333335,0.08,1.0,0.0,0.0,0.0,0,0,0.0,0.0,0,0,0.0,19802.45,1,0,0.0,34273.33,3,0,0.0,0
LGS2ORD0027099,C012714,2025-08-03 14:00:00,Male,65,Platinum,Web,Chiang Mai,865,TV_Show,Credit_Card,14,8,6,1,>50,28.833333333333332,2.0,1.0,0.5,72,82,20512.675,0.15,0.0,0.0,0.0,0.0,0,0,0.0,0.0,0,0,0.0,37015.74,1,1,1.0,41025.35,2,1,0.5,0
LGS2ORD0027100,C012866,2025-08-03 15:00:00,Female,43,Silver,Web,Chiang Mai,692,CallCenter,COD,15,8,6,1,40-50,23.066666666666666,2.0,0.0,0.0,-1,35,1118.175,0.25,0.5,0.5,0.0,0.0,0,0,0.0,0.0,0,0,0.0,1342.09,1,0,0.0,2236.35,2,0,0.0,0
LGS2ORD0027101,C013149,2025-08-03 15:00:00,Female,34,Gold,Shopee,Songkhla,1323,TV_Show,PromptPay,15,8,6,1,30-40,44.1,4.0,1.0,0.25,52,65,5908.5025,0.33,0.0,0.75,0.0,0.0,0,0,0.0,0.0,0,0,0.0,8064.67,2,1,0.5,23634.01,4,1,0.25,1
LGS2ORD0027102,C015282,2025-08-03 15:00:00,Male,31,Silver,CallCenter,Bangkok,466,Lazada,COD,15,8,6,1,30-40,15.533333333333333,3.0,1.0,0.3333333333333333,-7,4,10648.37,0.25,0.0,0.3333333333333333,0.0,3351.17,1,1,1.0,3351.17,1,1,1.0,24234.5,2,1,0.5,31945.11,3,1,0.3333333333333333,0
LGS2ORD0027103,C017852,2025-08-03 15:00:00,Male,55,Bronze,Shopee,Khon Kaen,715,Shopee,Credit_Card,15,8,6,1,>50,23.833333333333332,4.0,0.0,0.0,-1,1,3147.705,0.28,0.5,0.25,0.0,3411.51,1,0,0.0,3411.51,1,0,0.0,10590.869999999999,3,0,0.0,12590.82,4,0,0.0,0
LGS2ORD0027104,C013140,2025-08-03 15:00:00,Other,56,Bronze,Lazada,Bangkok,1313,Shopee,COD,15,8,6,1,>50,43.766666666666666,5.0,2.0,0.4,62,14,3348.096,0.23,0.6,0.4,0.0,0.0,0,0,0.0,1602.25,1,0,0.0,9413.369999999999,3,1,0.3333333333333333,16740.48,5,2,0.4,1
LGS2ORD0027105,C010653,2025-08-03 15:00:00,Male,45,Gold,Web,Bangkok,568,Lazada,COD,15,8,6,1,40-50,18.933333333333334,2.0,0.0,0.0,-1,4,4079.38,0.2299999999999999,0.0,0.5,0.0,5690.99,1,0,0.0,5690.99,1,0,0.0,5690.99,1,0,0.0,8158.76,2,0,0.0,0
LGS2ORD0027106,C016693,2025-08-03 16:00:00,Male,45,Platinum,Lazada,Bangkok,1594,TV_Show,Credit_Card,16,8,6,1,40-50,53.13333333333333,4.0,0.0,0.0,-1,33,2853.265,0.25,0.5,0.25,0.0,0.0,0,0,0.0,0.0,0,0,0.0,8573.19,2,0,0.0,11413.06,4,0,0.0,0
LGS2ORD0027107,C013999,2025-08-03 16:00:00,Female,33,Platinum,Shopee,Khon Kaen,1462,Web,Bank_Transfer,16,8,6,1,30-40,48.733333333333334,3.0,1.0,0.3333333333333333,165,162,6817.706666666666,0.2,0.0,0.0,0.0,0.0,0,0,0.0,0.0,0,0,0.0,0.0,0,0,0.0,20453.12,3,1,0.3333333333333333,0
LGS2ORD0027108,C010543,2025-08-03 16:00:00,Female,71,Gold,Web,Bangkok,237,Web,Bank_Transfer,16,8,6,1,>50,7.9,0.0,0.0,0.0,-1,-1,0.0,0.0,0.0,0.0,0.0,0.0,0,0,0.0,0.0,0,0,0.0,0.0,0,0,0.0,0.0,0,0,0.0,0
LGS2ORD0027109,C017360,2025-08-03 16:00:00,Female,38,Bronze,Shopee,Khon Kaen,451,Shopee,PromptPay,16,8,6,1,30-40,15.033333333333333,9.0,1.0,0.1111111111111111,68,60,1635.7344444444445,0.23,0.3333333333333333,0.1111111111111111,0.0,0.0,0,0,0.0,0.0,0,0,0.0,2097.8,3,1,0.3333333333333333,14721.61,9,1,0.1111111111111111,0
LGS2ORD0027110,C017072,2025-08-03 16:00:00,Female,52,Silver,Shopee,Songkhla,1523,Shopee,Bank_Transfer,16,8,6,1,>50,50.766666666666666,6.0,1.0,0.16666666666666666,185,112,2646.8216666666667,0.2,0.5,0.0,0.0,0.0,0,0,0.0,0.0,0,0,0.0,0.0,0,0,0.0,15880.93,6,1,0.16666666666666666,0
LGS2ORD0027111,C013276,2025-08-03 17:00:00,Female,35,Bronze,Web,Phuket,1104,Shopee,Credit_Card,17,8,6,1,30-40,36.8,6.0,1.0,0.16666666666666666,126,27,6987.155,0.28,0.16666666666666666,0.3333333333333333,0.0,0.0,0,0,0.0,8205.89,1,0,0.0,8772.56,2,0,0.0,41922.93,6,1,0.16666666666666666,0
LGS2ORD0027112,C016583,2025-08-03 17:00:00,Male,30,Silver,Shopee,Bangkok,1506,Lazada,COD,17,8,6,1,20-30,50.2,0.0,0.0,0.0,-1,-1,0.0,0.0,0.0,0.0,0.0,0.0,0,0,0.0,0.0,0,0,0.0,0.0,0,0,0.0,0.0,0,0,0.0,0
LGS2ORD0027113,C014570,2025-08-03 17:00:00,Male,28,Bronze,Shopee,Bangkok,1259,Shopee,COD,17,8,6,1,20-30,41.96666666666667,3.0,1.0,0.3333333333333333,22,25,1890.6466666666668,0.18,0.6666666666666666,0.0,0.0,0.0,0,0,0.0,2606.02,1,1,1.0,2606.02,1,1,1.0,5671.9400000000005,3,1,0.3333333333333333,0
LGS2ORD0027114,C012427,2025-08-03 17:00:00,Female,57,Bronze,Shopee,Songkhla,228,TV_Show,COD,17,8,6,1,>50,7.6,6.0,1.0,0.16666666666666666,-3,3,7297.348333333334,0.28,0.5,0.5,0.0,6303.72,1,0,0.0,34845.86,4,1,0.25,34845.86,4,1,0.25,43784.090000000004,6,1,0.16666666666666666,0
LGS2ORD0027115,C013657,2025-08-03 17:00:00,Female,46,Silver,Lazada,Remote_Area,1120,Shopee,COD,17,8,6,1,40-50,37.333333333333336,2.0,1.0,0.5,0,9,2701.77,0.2,1.0,0.0,0.0,0.0,0,0,0.0,4099.87,1,1,1.0,4099.87,1,1,1.0,5403.54,2,1,0.5,1
LGS2ORD0027116,C010299,2025-08-03 18:00:00,Female,18,Bronze,TV,Chonburi,432,Lazada,COD,18,8,6,1,<20,14.4,4.0,1.0,0.25,73,83,8647.990000000002,0.23,0.25,0.25,0.0,0.0,0,0,0.0,0.0,0,0,0.0,15456.27,1,1,1.0,34591.96000000001,4,1,0.25,0
LGS2ORD0027117,C010101,2025-08-03 18:00:00,Male,18,Bronze,CallCenter,Chonburi,1584,Shopee,COD,18,8,6,1,<20,52.8,4.0,0.0,0.0,-1,31,5381.532499999999,0.28,0.0,0.5,0.0,0.0,0,0,0.0,0.0,0,0,0.0,9493.2,3,0,0.0,21526.129999999997,4,0,0.0,1
LGS2ORD0027118,C015175,2025-08-03 18:00:00,Female,26,Bronze,Web,Remote_Area,637,CallCenter,COD,18,8,6,1,20-30,21.233333333333334,2.0,0.0,0.0,-1,157,835.0550000000001,0.23,1.0,0.5,0.0,0.0,0,0,0.0,0.0,0,0,0.0,0.0,0,0,0.0,1670.1100000000001,2,0,0.0,0
LGS2ORD0027119,C015408,2025-08-03 18:00:00,Male,68,Silver,Shopee,Chiang Mai,292,Lazada,Bank_Transfer,18,8,6,1,>50,9.733333333333333,7.0,1.0,0.14285714285714285,155,33,5764.412857142857,0.3,0.7142857142857143,0.2857142857142857,0.0,0.0,0,0,0.0,0.0,0,0,0.0,17545.37,2,0,0.0,40350.89,7,1,0.14285714285714285,1
LGS2ORD0027120,C013928,2025-08-03 18:00:00,Female,31,Gold,Web,Nakhon Ratchasima,963,Lazada,Credit_Card,18,8,6,1,30-40,32.1,1.0,1.0,1.0,31,46,2005.68,0.18,1.0,0.0,0.0,0.0,0,0,0.0,0.0,0,0,0.0,2005.68,1,1,1.0,2005.68,1,1,1.0,1
LGS2ORD0027121,C014865,2025-08-03 19:00:00,Female,38,Bronze,TV,Chonburi,918,Lazada,Credit_Card,19,8,6,1,30-40,30.6,4.0,0.0,0.0,-1,80,8982.650000000001,0.23,0.75,0.25,0.0,0.0,0,0,0.0,0.0,0,0,0.0,1371.47,1,0,0.0,35930.600000000006,4,0,0.0,1
LGS2ORD0027122,C015529,2025-08-03 19:00:00,Male,30,Gold,Web,Chonburi,980,TV_Show,Bank_Transfer,19,8,6,1,20-30,32.666666666666664,0.0,0.0,0.0,-1,-1,0.0,0.0,0.0,0.0,0.0,0.0,0,0,0.0,0.0,0,0,0.0,0.0,0,0,0.0,0.0,0,0,0.0,0
LGS2ORD0027123,C011468,2025-08-03 19:00:00,Female,34,Gold,Lazada,Chiang Mai,1345,Shopee,Bank_Transfer,19,8,6,1,30-40,44.833333333333336,1.0,0.0,0.0,-1,201,1347.19,0.18,0.0,0.0,0.0,0.0,0,0,0.0,0.0,0,0,0.0,0.0,0,0,0.0,1347.19,1,0,0.0,0
LGS2ORD0027124,C015320,2025-08-03 19:00:00,Female,43,Bronze,TV,Phuket,1108,Shopee,Credit_Card,19,8,6,1,40-50,36.93333333333333,0.0,0.0,0.0,-1,-1,0.0,0.0,0.0,0.0,0.0,0.0,0,0,0.0,0.0,0,0,0.0,0.0,0,0,0.0,0.0,0,0,0.0,1
LGS2ORD0027125,C013637,2025-08-03 19:00:00,Female,42,Silver,Lazada,Remote_Area,1342,Lazada,Credit_Card,19,8,6,1,40-50,44.733333333333334,2.0,0.0,0.0,-1,9,1271.845,0.2,0.5,0.0,0.0,0.0,0,0,0.0,754.65,1,0,0.0,754.65,1,0,0.0,2543.69,2,0,0.0,1
LGS2ORD0027126,C011411,2025-08-03 19:00:00,Male,22,Silver,CallCenter,Bangkok,647,CallCenter,Credit_Card,19,8,6,1,20-30,21.566666666666666,2.0,0.0,0.0,-1,99,1126.875,0.3,0.5,0.5,0.0,0.0,0,0,0.0,0.0,0,0,0.0,0.0,0,0,0.0,2253.75,2,0,0.0,0
LGS2ORD0027127,C014518,2025-08-03 20:00:00,Female,21,Bronze,Shopee,Songkhla,297,Web,COD,20,8,6,1,20-30,9.9,7.0,5.0,0.7142857142857143,12,14,5362.305714285714,0.28,1.0,0.2857142857142857,0.0,0.0,0,0,0.0,943.23,1,1,1.0,8219.13,2,1,0.5,37536.14,7,5,0.7142857142857143,0
LGS2ORD0027128,C012195,2025-08-03 20:00:00,Male,49,Platinum,Shopee,Khon Kaen,681,Shopee,COD,20,8,6,1,40-50,22.7,1.0,0.0,0.0,-1,49,1091.83,0.25,0.0,1.0,0.0,0.0,0,0,0.0,0.0,0,0,0.0,1091.83,1,0,0.0,1091.83,1,0,0.0,1
LGS2ORD0027129,C015142,2025-08-03 20:00:00,Female,27,Silver,CallCenter,Remote_Area,1052,Lazada,Credit_Card,20,8,6,1,20-30,35.06666666666667,10.0,5.0,0.5,-8,3,2692.376,0.25,0.7,0.5,0.0,1996.18,1,1,1.0,12305.609999999999,5,2,0.4,12305.609999999999,5,2,0.4,26923.760000000002,10,5,0.5,0
LGS2ORD0027130,C015619,2025-08-03 20:00:00,Female,36,Bronze,Web,Chiang Mai,318,Web,COD,20,8,6,1,30-40,10.6,5.0,2.0,0.4,4,13,7577.58,0.18,0.2,0.0,0.0,0.0,0,0,0.0,21423.95,2,1,0.5,33932.79,3,1,0.3333333333333333,37887.9,5,2,0.4,0
LGS2ORD0027131,C014857,2025-08-03 20:00:00,Female,69,Bronze,TV,Nakhon Ratchasima,1207,Shopee,PromptPay,20,8,6,1,>50,40.233333333333334,4.0,1.0,0.25,181,63,2665.2925,0.28,0.25,0.25,0.0,0.0,0,0,0.0,0.0,0,0,0.0,3286.46,1,0,0.0,10661.17,4,1,0.25,0
LGS2ORD0027132,C013385,2025-08-03 21:00:00,Female,56,Gold,Web,Khon Kaen,405,TV_Show,COD,21,8,6,1,>50,13.5,1.0,1.0,1.0,55,66,1465.23,0.2299999999999999,1.0,1.0,0.0,0.0,0,0,0.0,0.0,0,0,0.0,1465.23,1,1,1.0,1465.23,1,1,1.0,0
LGS2ORD0027133,C016590,2025-08-03 21:00:00,Male,50,Platinum,Lazada,Chonburi,804,Lazada,Credit_Card,21,8,6,1,40-50,26.8,5.0,1.0,0.2,92,10,13707.057999999999,0.3,0.4,0.2,0.0,0.0,0,0,0.0,3288.18,1,0,0.0,24727.34,2,0,0.0,68535.29,5,1,0.2,0
LGS2ORD0027134,C017133,2025-08-03 21:00:00,Female,22,Gold,Shopee,Nakhon Ratchasima,1140,TV_Show,Credit_Card,21,8,6,1,20-30,38.0,3.0,1.0,0.3333333333333333,92,97,8195.13,0.18,0.3333333333333333,0.0,0.0,0.0,0,0,0.0,0.0,0,0,0.0,0.0,0,0,0.0,24585.39,3,1,0.3333333333333333,0
LGS2ORD0027135,C016844,2025-08-03 21:00:00,Male,23,Silver,Lazada,Bangkok,1059,TV_Show,PromptPay,21,8,6,1,20-30,35.3,4.0,1.0,0.25,72,59,5361.54,0.3,0.5,0.25,0.0,0.0,0,0,0.0,0.0,0,0,0.0,17779.03,2,1,0.5,21446.16,4,1,0.25,0
LGS2ORD0027136,C014424,2025-08-03 21:00:00,Male,18,Bronze,CallCenter,Chiang Mai,852,TV_Show,COD,21,8,6,1,<20,28.4,0.0,0.0,0.0,-1,-1,0.0,0.0,0.0,0.0,0.0,0.0,0,0,0.0,0.0,0,0,0.0,0.0,0,0,0.0,0.0,0,0,0.0,1
LGS2ORD0027137,C017288,2025-08-03 22:00:00,Male,34,Bronze,Shopee,Khon Kaen,1405,Lazada,PromptPay,22,8,6,1,30-40,46.833333333333336,6.0,1.0,0.16666666666666666,133,5,9379.323333333334,0.23,0.5,0.3333333333333333,0.0,6753.46,1,0,0.0,6753.46,1,0,0.0,35344.94,4,0,0.0,56275.94,6,1,0.16666666666666666,1
LGS2ORD0027138,C016509,2025-08-03 22:00:00,Male,45,Gold,Shopee,Bangkok,601,Web,PromptPay,22,8,6,1,40-50,20.033333333333335,2.0,0.0,0.0,-1,69,4338.535,0.18,0.0,0.0,0.0,0.0,0,0,0.0,0.0,0,0,0.0,2068.25,1,0,0.0,8677.07,2,0,0.0,1
LGS2ORD0027139,C012709,2025-08-03 22:00:00,Male,24,Bronze,CallCenter,Phuket,255,Lazada,COD,22,8,6,1,20-30,8.5,4.0,0.0,0.0,-1,52,6469.99,0.23,0.25,0.25,0.0,0.0,0,0,0.0,0.0,0,0,0.0,1566.87,1,0,0.0,25879.96,4,0,0.0,1
LGS2ORD0027140,C014468,2025-08-03 22:00:00,Male,52,Gold,Web,Chonburi,1564,Shopee,COD,22,8,6,1,>50,52.13333333333333,1.0,0.0,0.0,-1,199,2031.26,0.2299999999999999,0.0,1.0,0.0,0.0,0,0,0.0,0.0,0,0,0.0,0.0,0,0,0.0,2031.26,1,0,0.0,0
LGS2ORD0027141,C012563,2025-08-03 22:00:00,Male,49,Silver,TV,Phuket,1647,Lazada,PromptPay,22,8,6,1,40-50,54.9,2.0,0.0,0.0,-1,122,5262.395,0.1,0.5,0.0,0.0,0.0,0,0,0.0,0.0,0,0,0.0,0.0,0,0,0.0,10524.79,2,0,0.0,0
LGS2ORD0027142,C011010,2025-08-03 23:00:00,Female,40,Silver,CallCenter,Songkhla,1062,Web,COD,23,8,6,1,30-40,35.4,2.0,1.0,0.5,116,52,2150.085,0.25,0.5,0.5,0.0,0.0,0,0,0.0,0.0,0,0,0.0,1485.85,1,0,0.0,4300.17,2,1,0.5,0
LGS2ORD0027143,C013179,2025-08-03 23:00:00,Male,42,Gold,Shopee,Songkhla,1379,Lazada,PromptPay,23,8,6,1,40-50,45.96666666666667,2.0,1.0,0.5,66,72,5440.22,0.2299999999999999,1.0,0.5,0.0,0.0,0,0,0.0,0.0,0,0,0.0,9308.34,1,1,1.0,10880.44,2,1,0.5,0
LGS2ORD0027144,C010479,2025-08-03 23:00:00,Male,31,Platinum,Web,Chonburi,240,Shopee,Credit_Card,23,8,6,1,30-40,8.0,1.0,0.0,0.0,-1,111,141.53,0.3,1.0,1.0,0.0,0.0,0,0,0.0,0.0,0,0,0.0,0.0,0,0,0.0,141.53,1,0,0.0,0
LGS2ORD0027145,C015417,2025-08-03 23:00:00,Male,36,Gold,Lazada,Chiang Mai,378,Lazada,Bank_Transfer,23,8,6,1,30-40,12.6,2.0,1.0,0.5,100,70,2500.33,0.28,0.5,1.0,0.0,0.0,0,0,0.0,0.0,0,0,0.0,1887.46,1,0,0.0,5000.66,2,1,0.5,0
LGS2ORD0027146,C017136,2025-08-03 23:00:00,Male,49,Silver,Web,Songkhla,1467,Shopee,COD,23,8,6,1,40-50,48.9,2.0,1.0,0.5,71,86,1083.2,0.25,1.0,0.5,0.0,0.0,0,0,0.0,0.0,0,0,0.0,1733.49,1,1,1.0,2166.4,2,1,0.5,0
LGS2ORD0027147,C011379,2025-08-03 23:00:00,Female,33,Bronze,CallCenter,Nakhon Ratchasima,1293,Lazada,Bank_Transfer,23,8,6,1,30-40,43.1,8.0,3.0,0.375,20,32,2285.65625,0.23,0.5,0.25,0.125,0.0,0,0,0.0,0.0,0,0,0.0,16046.67,6,2,0.3333333333333333,18285.25,8,3,0.375,0
LGS2ORD0027148,C017148,2025-08-04 00:00:00,Female,48,Platinum,TV,Chonburi,1329,Web,PromptPay,0,8,0,0,40-50,44.3,4.0,1.0,0.25,51,66,14480.8725,0.3,0.75,0.5,0.0,0.0,0,0,0.0,0.0,0,0,0.0,19776.02,2,1,0.5,57923.49,4,1,0.25,0
LGS2ORD0027149,C011553,2025-08-04 00:00:00,Female,29,Gold,Shopee,Bangkok,385,Shopee,COD,0,8,0,0,20-30,12.833333333333334,1.0,1.0,1.0,37,47,1676.09,0.28,1.0,1.0,0.0,0.0,0,0,0.0,0.0,0,0,0.0,1676.09,1,1,1.0,1676.09,1,1,1.0,0
LGS2ORD0027150,C010689,2025-08-04 00:00:00,Female,45,Gold,Lazada,Chonburi,291,Lazada,Bank_Transfer,0,8,0,0,40-50,9.7,5.0,1.0,0.2,149,106,6011.894,0.2299999999999999,0.4,0.4,0.0,0.0,0,0,0.0,0.0,0,0,0.0,0.0,0,0,0.0,30059.47,5,1,0.2,0
LGS2ORD0027151,C011793,2025-08-04 00:00:00,Female,53,Silver,TV,Bangkok,1646,Shopee,COD,0,8,0,0,>50,54.86666666666667,5.0,1.0,0.2,141,46,3338.786,0.2,0.6,0.0,0.0,0.0,0,0,0.0,0.0,0,0,0.0,13401.52,2,0,0.0,16693.93,5,1,0.2,0
LGS2ORD0027152,C010695,2025-08-04 00:00:00,Male,55,Bronze,Web,Songkhla,249,Shopee,Credit_Card,0,8,0,0,>50,8.3,6.0,3.0,0.5,19,31,3653.251666666667,0.18,0.5,0.0,0.0,0.0,0,0,0.0,0.0,0,0,0.0,6163.67,2,2,1.0,21919.510000000002,6,3,0.5,0
LGS2ORD0027153,C014598,2025-08-04 01:00:00,Male,54,Bronze,TV,Bangkok,1592,TV_Show,COD,1,8,0,0,>50,53.06666666666667,5.0,3.0,0.6,10,17,5202.717999999999,0.23,0.8,0.2,0.0,0.0,0,0,0.0,6390.85,2,1,0.5,6744.860000000001,3,2,0.6666666666666666,26013.589999999997,5,3,0.6,0
LGS2ORD0027154,C016115,2025-08-04 01:00:00,Female,37,Bronze,Shopee,Remote_Area,663,Web,COD,1,8,0,0,30-40,22.1,4.0,1.0,0.25,178,60,8443.52,0.28,0.75,0.75,0.0,0.0,0,0,0.0,0.0,0,0,0.0,1895.01,1,0,0.0,33774.08,4,1,0.25,0
LGS2ORD0027155,C010661,2025-08-04 01:00:00,Female,46,Bronze,Web,Phuket,1349,CallCenter,COD,1,8,0,0,40-50,44.96666666666667,7.0,3.0,0.42857142857142855,38,13,2314.8528571428574,0.28,0.7142857142857143,0.2857142857142857,0.0,0.0,0,0,0.0,3747.84,1,0,0.0,8063.860000000001,4,2,0.5,16203.970000000001,7,3,0.42857142857142855,0
LGS2ORD0027156,C016725,2025-08-04 01:00:00,Female,45,Bronze,Web,Songkhla,1309,TV_Show,Bank_Transfer,1,8,0,0,40-50,43.63333333333333,6.0,1.0,0.16666666666666666,28,41,4652.841666666666,0.28,0.16666666666666666,0.16666666666666666,0.0,0.0,0,0,0.0,0.0,0,0,0.0,13204.25,4,1,0.25,27917.05,6,1,0.16666666666666666,0
LGS2ORD0027157,C012534,2025-08-04 01:00:00,Male,43,Silver,Lazada,Phuket,661,TV_Show,Credit_Card,1,8,0,0,40-50,22.033333333333335,2.0,1.0,0.5,196,17,5181.24,0.25,1.0,0.5,0.0,0.0,0,0,0.0,8305.4,1,0,0.0,8305.4,1,0,0.0,10362.48,2,1,0.5,1
LGS2ORD0027158,C014465,2025-08-04 02:00:00,Male,64,Bronze,Lazada,Bangkok,706,Lazada,COD,2,8,0,0,>50,23.533333333333335,2.0,0.0,0.0,-1,164,10803.550000000001,0.18,0.5,0.0,0.0,0.0,0,0,0.0,0.0,0,0,0.0,0.0,0,0,0.0,21607.100000000002,2,0,0.0,1
LGS2ORD0027159,C010274,2025-08-04 02:00:00,Male,40,Silver,Lazada,Bangkok,293,Shopee,Credit_Card,2,8,0,0,30-40,9.766666666666667,5.0,0.0,0.0,-1,2,6897.558,0.3,0.6,0.4,0.0,9036.83,1,0,0.0,30987.39,2,0,0.0,33990.18,4,0,0.0,34487.79,5,0,0.0,0
LGS2ORD0027160,C015562,2025-08-04 02:00:00,Male,42,Bronze,TV,Bangkok,1628,Web,COD,2,8,0,0,40-50,54.266666666666666,2.0,0.0,0.0,-1,2,10749.105,0.18,0.0,0.0,0.0,9636.23,1,0,0.0,9636.23,1,0,0.0,21498.21,2,0,0.0,21498.21,2,0,0.0,0
LGS2ORD0027161,C012208,2025-08-04 02:00:00,Female,39,Bronze,Lazada,Bangkok,1341,Web,COD,2,8,0,0,30-40,44.7,0.0,0.0,0.0,-1,-1,0.0,0.0,0.0,0.0,0.0,0.0,0,0,0.0,0.0,0,0,0.0,0.0,0,0,0.0,0.0,0,0,0.0,0
LGS2ORD0027162,C016321,2025-08-04 02:00:00,Female,45,Bronze,CallCenter,Remote_Area,1044,TV_Show,PromptPay,2,8,0,0,40-50,34.8,2.0,0.0,0.0,-1,116,12437.385,0.28,0.0,0.5,0.0,0.0,0,0,0.0,0.0,0,0,0.0,0.0,0,0,0.0,24874.77,2,0,0.0,0
LGS2ORD0027163,C011226,2025-08-04 03:00:00,Male,56,Silver,TV,Remote_Area,1377,Lazada,PromptPay,3,8,0,0,>50,45.9,3.0,1.0,0.3333333333333333,50,55,2500.976666666667,0.25,0.6666666666666666,0.3333333333333333,0.0,0.0,0,0,0.0,0.0,0,0,0.0,2287.71,1,1,1.0,7502.93,3,1,0.3333333333333333,0
LGS2ORD0027164,C016720,2025-08-04 03:00:00,Male,57,Bronze,Lazada,Songkhla,481,Web,COD,3,8,0,0,>50,16.033333333333335,7.0,3.0,0.42857142857142855,4,17,5473.7414285714285,0.23,0.2857142857142857,0.2857142857142857,0.0,0.0,0,0,0.0,1475.86,1,1,1.0,21743.870000000003,3,2,0.6666666666666666,38316.19,7,3,0.42857142857142855,0
LGS2ORD0027165,C011783,2025-08-04 03:00:00,Male,49,Gold,Web,Chiang Mai,389,TV_Show,COD,3,8,0,0,40-50,12.966666666666667,2.0,0.0,0.0,-1,52,2212.98,0.18,0.5,0.0,0.0,0.0,0,0,0.0,0.0,0,0,0.0,823.88,1,0,0.0,4425.96,2,0,0.0,0
LGS2ORD0027166,C015067,2025-08-04 03:00:00,Male,50,Bronze,Web,Remote_Area,1288,Web,PromptPay,3,8,0,0,40-50,42.93333333333333,6.0,3.0,0.5,6,24,4018.748333333333,0.23,0.5,0.3333333333333333,0.0,0.0,0,0,0.0,5460.55,1,1,1.0,24112.489999999998,6,3,0.5,24112.489999999998,6,3,0.5,0
LGS2ORD0027167,C017898,2025-08-04 03:00:00,Female,45,Bronze,TV,Bangkok,1063,TV_Show,Credit_Card,3,8,0,0,40-50,35.43333333333333,6.0,2.0,0.3333333333333333,48,57,2162.541666666667,0.23,0.8333333333333334,0.16666666666666666,0.0,0.0,0,0,0.0,0.0,0,0,0.0,3730.87,2,1,0.5,12975.250000000002,6,2,0.3333333333333333,0
LGS2ORD0027168,C015967,2025-08-04 03:00:00,Female,67,Gold,Shopee,Phuket,958,Web,COD,3,8,0,0,>50,31.933333333333334,2.0,0.0,0.0,-1,93,8354.895,0.18,0.0,0.0,0.0,0.0,0,0,0.0,0.0,0,0,0.0,0.0,0,0,0.0,16709.79,2,0,0.0,1
LGS2ORD0027169,C012700,2025-08-04 04:00:00,Male,34,Platinum,TV,Chiang Mai,570,Shopee,COD,4,8,0,0,30-40,19.0,6.0,2.0,0.3333333333333333,175,71,2995.5399999999995,0.35,0.6666666666666666,0.8333333333333334,0.0,0.0,0,0,0.0,0.0,0,0,0.0,2780.83,2,0,0.0,17973.239999999998,6,2,0.3333333333333333,1
LGS2ORD0027170,C014846,2025-08-04 04:00:00,Female,37,Gold,Web,Chiang Mai,228,Web,PromptPay,4,8,0,0,30-40,7.6,2.0,1.0,0.5,57,63,1322.285,0.28,0.5,0.5,0.0,0.0,0,0,0.0,0.0,0,0,0.0,2644.57,2,1,0.5,2644.57,2,1,0.5,0
LGS2ORD0027171,C013574,2025-08-04 04:00:00,Female,50,Bronze,Web,Chiang Mai,802,CallCenter,Credit_Card,4,8,0,0,40-50,26.733333333333334,2.0,0.0,0.0,-1,183,5568.63,0.13,1.0,0.0,0.0,0.0,0,0,0.0,0.0,0,0,0.0,0.0,0,0,0.0,11137.26,2,0,0.0,0
LGS2ORD0027172,C017472,2025-08-04 04:00:00,Male,35,Bronze,Web,Bangkok,698,CallCenter,COD,4,8,0,0,30-40,23.266666666666666,2.0,0.0,0.0,-1,19,9525.19,0.08,0.5,0.0,0.0,0.0,0,0,0.0,17578.02,1,0,0.0,17578.02,1,0,0.0,19050.38,2,0,0.0,0
LGS2ORD0027173,C017582,2025-08-04 04:00:00,Male,42,Bronze,TV,Phuket,272,CallCenter,Credit_Card,4,8,0,0,40-50,9.066666666666666,6.0,2.0,0.3333333333333333,46,38,4696.516666666667,0.28,0.3333333333333333,0.16666666666666666,0.0,0.0,0,0,0.0,0.0,0,0,0.0,20976.16,3,1,0.3333333333333333,28179.100000000002,6,2,0.3333333333333333,0
LGS2ORD0027174,C014173,2025-08-04 05:00:00,Female,57,Silver,CallCenter,Khon Kaen,1174,Web,Credit_Card,5,8,0,0,>50,39.13333333333333,6.0,0.0,0.0,-1,21,2744.406666666667,0.25,1.0,0.16666666666666666,0.0,0.0,0,0,0.0,1191.0,1,0,0.0,2013.85,2,0,0.0,16466.440000000002,6,0,0.0,1
LGS2ORD0027175,C010066,2025-08-04 05:00:00,Female,45,Gold,TV,Bangkok,957,TV_Show,COD,5,8,0,0,40-50,31.9,5.0,0.0,0.0,-1,43,6904.204,0.33,0.4,0.8,0.0,0.0,0,0,0.0,0.0,0,0,0.0,15696.26,2,0,0.0,34521.02,5,0,0.0,0
LGS2ORD0027176,C015051,2025-08-04 05:00:00,Male,46,Gold,Lazada,Bangkok,1649,Shopee,COD,5,8,0,0,40-50,54.96666666666667,2.0,0.0,0.0,-1,151,9411.57,0.08,1.0,0.0,0.0,0.0,0,0,0.0,0.0,0,0,0.0,0.0,0,0,0.0,18823.14,2,0,0.0,0
LGS2ORD0027177,C017436,2025-08-04 05:00:00,Female,41,Bronze,Web,Phuket,1187,CallCenter,Bank_Transfer,5,8,0,0,40-50,39.56666666666667,3.0,2.0,0.6666666666666666,69,12,1575.6133333333335,0.23,0.0,0.3333333333333333,0.0,0.0,0,0,0.0,809.79,1,0,0.0,4726.84,3,2,0.6666666666666666,4726.84,3,2,0.6666666666666666,1
LGS2ORD0027178,C013987,2025-08-04 05:00:00,Male,61,Silver,Web,Chiang Mai,594,Web,Credit_Card,5,8,0,0,>50,19.8,2.0,0.0,0.0,-1,109,14644.275,0.25,0.5,0.5,0.0,0.0,0,0,0.0,0.0,0,0,0.0,0.0,0,0,0.0,29288.55,2,0,0.0,0
LGS2ORD0027179,C013239,2025-08-04 06:00:00,Male,29,Bronze,Shopee,Khon Kaen,704,Web,COD,6,8,0,0,20-30,23.466666666666665,7.0,4.0,0.5714285714285714,33,38,5721.701428571428,0.28,0.5714285714285714,0.42857142857142855,0.0,0.0,0,0,0.0,0.0,0,0,0.0,22634.98,2,1,0.5,40051.909999999996,7,4,0.5714285714285714,0
LGS2ORD0027180,C011633,2025-08-04 06:00:00,Male,36,Silver,TV,Phuket,391,Shopee,PromptPay,6,8,0,0,30-40,13.033333333333333,7.0,3.0,0.42857142857142855,23,20,10673.02,0.3,0.7142857142857143,0.2857142857142857,0.0,0.0,0,0,0.0,6111.6,1,0,0.0,14458.74,3,1,0.3333333333333333,74711.14,7,3,0.42857142857142855,0
LGS2ORD0027181,C010380,2025-08-04 06:00:00,Male,37,Silver,CallCenter,Bangkok,1512,Web,Credit_Card,6,8,0,0,30-40,50.4,3.0,1.0,0.3333333333333333,103,27,6835.163333333334,0.2,0.6666666666666666,0.0,0.0,0.0,0,0,0.0,2827.56,1,0,0.0,13667.22,2,0,0.0,20505.49,3,1,0.3333333333333333,0
LGS2ORD0027182,C014149,2025-08-04 06:00:00,Female,21,Gold,TV,Khon Kaen,1186,Lazada,Credit_Card,6,8,0,0,20-30,39.53333333333333,2.0,1.0,0.5,168,175,1225.13,0.13,0.0,0.0,0.0,0.0,0,0,0.0,0.0,0,0,0.0,0.0,0,0,0.0,2450.26,2,1,0.5,0
LGS2ORD0027183,C015255,2025-08-04 06:00:00,Male,18,Bronze,TV,Chonburi,513,TV_Show,COD,6,8,0,0,<20,17.1,1.0,0.0,0.0,-1,2,2154.04,0.23,0.0,1.0,0.0,2154.04,1,0,0.0,2154.04,1,0,0.0,2154.04,1,0,0.0,2154.04,1,0,0.0,0
LGS2ORD0027184,C017950,2025-08-04 07:00:00,Male,63,Bronze,Shopee,Chiang Mai,502,Shopee,Credit_Card,7,8,0,0,>50,16.733333333333334,5.0,1.0,0.2,136,23,3041.752,0.23,0.6,0.4,0.0,0.0,0,0,0.0,882.88,1,0,0.0,12936.03,3,0,0.0,15208.76,5,1,0.2,1
LGS2ORD0027185,C013696,2025-08-04 07:00:00,Male,46,Bronze,TV,Chiang Mai,1546,CallCenter,Credit_Card,7,8,0,0,40-50,51.53333333333333,5.0,0.0,0.0,-1,21,5109.1720000000005,0.28,0.4,0.4,0.0,0.0,0,0,0.0,12525.93,1,0,0.0,14703.19,2,0,0.0,25545.86,5,0,0.0,0
LGS2ORD0027186,C016787,2025-08-04 07:00:00,Male,43,Bronze,TV,Nakhon Ratchasima,1538,Shopee,COD,7,8,0,0,40-50,51.266666666666666,5.0,1.0,0.2,-11,4,2844.216,0.18,0.6,0.0,0.0,2676.43,1,1,1.0,2676.43,1,1,1.0,9731.2,3,1,0.3333333333333333,14221.08,5,1,0.2,0
LGS2ORD0027187,C016385,2025-08-04 07:00:00,Male,53,Gold,Web,Phuket,262,TV_Show,Bank_Transfer,7,8,0,0,>50,8.733333333333333,5.0,1.0,0.2,26,34,4775.836,0.2299999999999999,0.6,0.4,0.0,0.0,0,0,0.0,0.0,0,0,0.0,18330.59,3,1,0.3333333333333333,23879.18,5,1,0.2,0
LGS2ORD0027188,C016114,2025-08-04 07:00:00,Female,53,Bronze,Web,Bangkok,542,TV_Show,Credit_Card,7,8,0,0,>50,18.066666666666666,5.0,1.0,0.2,117,40,4582.372,0.23,0.2,0.4,0.0,0.0,0,0,0.0,0.0,0,0,0.0,2684.18,1,0,0.0,22911.86,5,1,0.2,0
LGS2ORD0027189,C017379,2025-08-04 07:00:00,Male,51,Bronze,TV,Bangkok,1401,Lazada,COD,7,8,0,0,>50,46.7,3.0,0.0,0.0,-1,100,1608.9333333333334,0.28,0.6666666666666666,0.6666666666666666,0.0,0.0,0,0,0.0,0.0,0,0,0.0,0.0,0,0,0.0,4826.8,3,0,0.0,0
LGS2ORD0027190,C010883,2025-08-04 08:00:00,Female,68,Silver,TV,Songkhla,1362,CallCenter,COD,8,8,0,0,>50,45.4,2.0,0.0,0.0,-1,66,1725.38,0.25,0.5,0.5,0.0,0.0,0,0,0.0,0.0,0,0,0.0,992.19,1,0,0.0,3450.76,2,0,0.0,1
LGS2ORD0027191,C014430,2025-08-04 08:00:00,Male,37,Silver,TV,Bangkok,1457,Shopee,Credit_Card,8,8,0,0,30-40,48.56666666666667,1.0,0.0,0.0,-1,17,19551.07,0.2,0.0,0.0,0.0,0.0,0,0,0.0,19551.07,1,0,0.0,19551.07,1,0,0.0,19551.07,1,0,0.0,0
LGS2ORD0027192,C017515,2025-08-04 08:00:00,Female,53,Bronze,CallCenter,Remote_Area,970,TV_Show,COD,8,8,0,0,>50,32.333333333333336,6.0,1.0,0.16666666666666666,181,1,3377.465,0.23,0.5,0.3333333333333333,0.0,4866.49,1,0,0.0,4866.49,1,0,0.0,8074.18,2,0,0.0,20264.79,6,1,0.16666666666666666,1
LGS2ORD0027193,C010899,2025-08-04 08:00:00,Female,29,Bronze,TV,Chiang Mai,1502,Web,Bank_Transfer,8,8,0,0,20-30,50.06666666666667,3.0,1.0,0.3333333333333333,116,32,11393.726666666667,0.23,1.0,0.3333333333333333,0.0,0.0,0,0,0.0,0.0,0,0,0.0,30569.409999999996,2,0,0.0,34181.18,3,1,0.3333333333333333,0
LGS2ORD0027194,C010770,2025-08-04 08:00:00,Female,29,Bronze,TV,Bangkok,1447,CallCenter,PromptPay,8,8,0,0,20-30,48.233333333333334,2.0,0.0,0.0,-1,141,3367.8500000000004,0.18,0.0,0.0,0.0,0.0,0,0,0.0,0.0,0,0,0.0,0.0,0,0,0.0,6735.700000000001,2,0,0.0,0
LGS2ORD0027195,C013307,2025-08-04 09:00:00,Male,43,Gold,TV,Nakhon Ratchasima,1162,Shopee,COD,9,8,0,0,40-50,38.733333333333334,3.0,0.0,0.0,-1,12,1852.6900000000003,0.2299999999999999,0.3333333333333333,0.3333333333333333,0.0,0.0,0,0,0.0,1220.34,1,0,0.0,1220.34,1,0,0.0,5558.070000000001,3,0,0.0,1
LGS2ORD0027196,C010720,2025-08-04 09:00:00,Female,18,Bronze,Web,Bangkok,1343,CallCenter,COD,9,8,0,0,<20,44.766666666666666,2.0,0.0,0.0,-1,10,3271.915,0.18,0.5,0.0,0.0,0.0,0,0,0.0,1869.66,1,0,0.0,1869.66,1,0,0.0,6543.83,2,0,0.0,0
LGS2ORD0027197,C016986,2025-08-04 09:00:00,Female,29,Silver,Shopee,Phuket,1628,Lazada,COD,9,8,0,0,20-30,54.266666666666666,0.0,0.0,0.0,-1,-1,0.0,0.0,0.0,0.0,0.0,0.0,0,0,0.0,0.0,0,0,0.0,0.0,0,0,0.0,0.0,0,0,0.0,0
LGS2ORD0027198,C016778,2025-08-04 09:00:00,Female,44,Platinum,Web,Bangkok,564,Web,COD,9,8,0,0,40-50,18.8,0.0,0.0,0.0,-1,-1,0.0,0.0,0.0,0.0,0.0,0.0,0,0,0.0,0.0,0,0,0.0,0.0,0,0,0.0,0.0,0,0,0.0,0
LGS2ORD0027199,C010030,2025-08-04 09:00:00,Female,26,Platinum,Lazada,Bangkok,1659,Shopee,COD,9,8,0,0,20-30,55.3,0.0,0.0,0.0,-1,-1,0.0,0.0,0.0,0.0,0.0,0.0,0,0,0.0,0.0,0,0,0.0,0.0,0,0,0.0,0.0,0,0,0.0,0
LGS2ORD0027200,C011280,2025-08-04 10:00:00,Male,29,Silver,Web,Bangkok,614,Web,COD,10,8,0,0,20-30,20.466666666666665,2.0,1.0,0.5,199,164,1819.45,0.1,0.5,0.0,0.0,0.0,0,0,0.0,0.0,0,0,0.0,0.0,0,0,0.0,3638.9,2,1,0.5,0
LGS2ORD0027201,C017941,2025-08-04 10:00:00,Female,50,Platinum,Web,Bangkok,768,CallCenter,Credit_Card,10,8,0,0,40-50,25.6,1.0,0.0,0.0,-1,203,2269.13,0.3,0.0,1.0,0.0,0.0,0,0,0.0,0.0,0,0,0.0,0.0,0,0,0.0,2269.13,1,0,0.0,0
LGS2ORD0027202,C011105,2025-08-04 10:00:00,Female,58,Gold,TV,Bangkok,1223,TV_Show,COD,10,8,0,0,>50,40.766666666666666,2.0,0.0,0.0,-1,136,1661.815,0.28,0.5,0.5,0.0,0.0,0,0,0.0,0.0,0,0,0.0,0.0,0,0,0.0,3323.63,2,0,0.0,0
LGS2ORD0027203,C016209,2025-08-04 10:00:00,Female,32,Bronze,Lazada,Nakhon Ratchasima,1422,TV_Show,Credit_Card,10,8,0,0,30-40,47.4,4.0,2.0,0.5,102,102,6942.225,0.23,0.75,0.25,0.0,0.0,0,0,0.0,0.0,0,0,0.0,0.0,0,0,0.0,27768.9,4,2,0.5,0
LGS2ORD0027204,C011887,2025-08-04 10:00:00,Female,56,Gold,CallCenter,Bangkok,1351,CallCenter,COD,10,8,0,0,>50,45.03333333333333,5.0,1.0,0.2,103,20,9818.014,0.33,0.4,0.4,0.0,0.0,0,0,0.0,14928.86,1,0,0.0,18147.760000000002,2,0,0.0,49090.07,5,1,0.2,1
LGS2ORD0027205,C010536,2025-08-04 10:00:00,Female,42,Bronze,TV,Remote_Area,1600,Web,Credit_Card,10,8,0,0,40-50,53.333333333333336,1.0,0.0,0.0,-1,100,2576.99,0.03,1.0,0.0,0.0,0.0,0,0,0.0,0.0,0,0,0.0,0.0,0,0,0.0,2576.99,1,0,0.0,0
LGS2ORD0027206,C010713,2025-08-04 11:00:00,Male,55,Bronze,TV,Remote_Area,791,Web,COD,11,8,0,0,>50,26.366666666666667,1.0,1.0,1.0,93,108,722.51,0.23,0.0,1.0,0.0,0.0,0,0,0.0,0.0,0,0,0.0,0.0,0,0,0.0,722.51,1,1,1.0,0
LGS2ORD0027207,C017937,2025-08-04 11:00:00,Male,27,Silver,Shopee,Khon Kaen,1149,Lazada,Credit_Card,11,8,0,0,20-30,38.3,1.0,1.0,1.0,79,87,7329.33,0.2,0.0,0.0,0.0,0.0,0,0,0.0,0.0,0,0,0.0,7329.33,1,1,1.0,7329.33,1,1,1.0,0
LGS2ORD0027208,C015274,2025-08-04 11:00:00,Female,32,Bronze,Web,Chiang Mai,361,Shopee,Credit_Card,11,8,0,0,30-40,12.033333333333333,2.0,0.0,0.0,-1,18,1919.375,0.18,0.5,0.0,0.0,0.0,0,0,0.0,1686.83,1,0,0.0,1686.83,1,0,0.0,3838.75,2,0,0.0,0
LGS2ORD0027209,C015140,2025-08-04 11:00:00,Female,62,Bronze,CallCenter,Songkhla,1614,TV_Show,COD,11,8,0,0,>50,53.8,5.0,2.0,0.4,63,2,1888.5940000000003,0.23,0.8,0.4,0.0,1573.45,1,0,0.0,1573.45,1,0,0.0,7734.84,2,1,0.5,9442.970000000001,5,2,0.4,0
LGS2ORD0027210,C015524,2025-08-04 11:00:00,Other,43,Silver,Lazada,Remote_Area,1376,Web,COD,11,8,0,0,40-50,45.86666666666667,3.0,1.0,0.3333333333333333,199,19,4181.45,0.25,0.3333333333333333,0.3333333333333333,0.0,0.0,0,0,0.0,419.21,1,0,0.0,419.21,1,0,0.0,12544.349999999999,3,1,0.3333333333333333,0
LGS2ORD0027211,C011749,2025-08-04 12:00:00,Female,47,Bronze,TV,Khon Kaen,299,CallCenter,COD,12,8,0,0,40-50,9.966666666666667,7.0,3.0,0.42857142857142855,9,20,7042.97,0.28,0.7142857142857143,0.42857142857142855,0.0,0.0,0,0,0.0,1778.41,1,1,1.0,25398.57,4,3,0.75,49300.79,7,3,0.42857142857142855,0
LGS2ORD0027212,C017588,2025-08-04 12:00:00,Female,44,Bronze,CallCenter,Phuket,441,Lazada,COD,12,8,0,0,40-50,14.7,7.0,1.0,0.14285714285714285,102,21,11924.555714285714,0.23,0.2857142857142857,0.14285714285714285,0.0,0.0,0,0,0.0,20773.07,1,0,0.0,69606.01000000001,4,0,0.0,83471.89,7,1,0.14285714285714285,0
LGS2ORD0027213,C014426,2025-08-04 12:00:00,Female,67,Bronze,Shopee,Bangkok,1272,TV_Show,PromptPay,12,8,0,0,>50,42.4,5.0,2.0,0.4,65,46,1967.5520000000001,0.18,0.8,0.0,0.0,0.0,0,0,0.0,0.0,0,0,0.0,6573.27,3,1,0.3333333333333333,9837.76,5,2,0.4,0
LGS2ORD0027214,C016571,2025-08-04 12:00:00,Female,47,Silver,Lazada,Nakhon Ratchasima,1621,TV_Show,COD,12,8,0,0,40-50,54.03333333333333,3.0,2.0,0.6666666666666666,-5,7,4014.7466666666664,0.2,0.6666666666666666,0.0,0.0,0.0,0,0,0.0,669.07,1,1,1.0,2224.01,2,2,1.0,12044.24,3,2,0.6666666666666666,0
LGS2ORD0027215,C011293,2025-08-04 12:00:00,Female,47,Gold,Lazada,Bangkok,1545,Web,COD,12,8,0,0,40-50,51.5,5.0,3.0,0.6,-4,7,3259.7699999999995,0.28,0.2,0.6,0.0,0.0,0,0,0.0,10088.61,2,2,1.0,10088.61,2,2,1.0,16298.849999999999,5,3,0.6,0
LGS2ORD0027216,C017620,2025-08-04 13:00:00,Female,49,Platinum,CallCenter,Songkhla,684,Web,COD,13,8,0,0,40-50,22.8,2.0,0.0,0.0,-1,76,7131.8949999999995,0.25,0.5,0.5,0.0,0.0,0,0,0.0,0.0,0,0,0.0,13450.39,1,0,0.0,14263.789999999999,2,0,0.0,0
LGS2ORD0027217,C015454,2025-08-04 13:00:00,Female,30,Platinum,TV,Nakhon Ratchasima,1286,Web,PromptPay,13,8,0,0,20-30,42.86666666666667,5.0,2.0,0.4,112,56,2221.534,0.3,0.4,0.4,0.0,0.0,0,0,0.0,0.0,0,0,0.0,1817.91,1,0,0.0,11107.67,5,2,0.4,0
LGS2ORD0027218,C012461,2025-08-04 13:00:00,Male,72,Bronze,TV,Chonburi,600,Shopee,Credit_Card,13,8,0,0,>50,20.0,5.0,0.0,0.0,-1,80,5919.012000000001,0.18,0.6,0.0,0.0,0.0,0,0,0.0,0.0,0,0,0.0,16159.51,1,0,0.0,29595.06,5,0,0.0,0
LGS2ORD0027219,C014935,2025-08-04 13:00:00,Male,33,Silver,Shopee,Chonburi,963,Web,COD,13,8,0,0,30-40,32.1,2.0,2.0,1.0,70,83,360.695,0.25,0.0,0.5,0.0,0.0,0,0,0.0,0.0,0,0,0.0,566.18,1,1,1.0,721.39,2,2,1.0,0
LGS2ORD0027220,C010363,2025-08-04 13:00:00,Male,33,Bronze,TV,Bangkok,591,Shopee,COD,13,8,0,0,30-40,19.7,1.0,0.0,0.0,-1,199,2411.03,0.03,1.0,0.0,0.0,0.0,0,0,0.0,0.0,0,0,0.0,0.0,0,0,0.0,2411.03,1,0,0.0,0
LGS2ORD0027221,C011972,2025-08-04 14:00:00,Male,47,Silver,TV,Bangkok,503,Web,COD,14,8,0,0,40-50,16.766666666666666,4.0,0.0,0.0,-1,50,10643.4975,0.15,0.75,0.0,0.0,0.0,0,0,0.0,0.0,0,0,0.0,2589.48,1,0,0.0,42573.99,4,0,0.0,0
LGS2ORD0027222,C013612,2025-08-04 14:00:00,Female,27,Gold,Lazada,Bangkok,922,CallCenter,Bank_Transfer,14,8,0,0,20-30,30.733333333333334,3.0,0.0,0.0,-1,130,5262.686666666667,0.2299999999999999,0.3333333333333333,0.3333333333333333,0.0,0.0,0,0,0.0,0.0,0,0,0.0,0.0,0,0,0.0,15788.060000000001,3,0,0.0,0
LGS2ORD0027223,C014886,2025-08-04 14:00:00,Female,31,Gold,TV,Khon Kaen,621,TV_Show,COD,14,8,0,0,30-40,20.7,8.0,0.0,0.0,-1,26,3586.52375,0.33,0.5,0.375,0.0,0.0,0,0,0.0,3368.9,1,0,0.0,11756.77,3,0,0.0,28692.19,8,0,0.0,0
LGS2ORD0027224,C017436,2025-08-04 14:00:00,Female,41,Bronze,Web,Phuket,1187,TV_Show,PromptPay,14,8,0,0,40-50,39.56666666666667,4.0,3.0,0.75,-6,0,2716.4125000000004,0.23,0.0,0.25,0.0,6138.81,1,1,1.0,6948.6,2,1,0.5,10865.650000000001,4,3,0.75,10865.650000000001,4,3,0.75,1
LGS2ORD0027225,C017654,2025-08-04 14:00:00,Female,44,Bronze,TV,Bangkok,602,Web,COD,14,8,0,0,40-50,20.066666666666666,1.0,1.0,1.0,163,172,6363.37,0.23,1.0,1.0,0.0,0.0,0,0,0.0,0.0,0,0,0.0,0.0,0,0,0.0,6363.37,1,1,1.0,0
LGS2ORD0027226,C013310,2025-08-04 14:00:00,Male,59,Gold,TV,Nakhon Ratchasima,460,Shopee,Credit_Card,14,8,0,0,>50,15.333333333333334,1.0,0.0,0.0,-1,185,317.94,0.08,0.0,0.0,0.0,0.0,0,0,0.0,0.0,0,0,0.0,0.0,0,0,0.0,317.94,1,0,0.0,0
LGS2ORD0027227,C013514,2025-08-04 15:00:00,Male,18,Platinum,Web,Chonburi,1648,Web,Bank_Transfer,15,8,0,0,<20,54.93333333333333,1.0,0.0,0.0,-1,148,3089.67,0.1,0.0,0.0,0.0,0.0,0,0,0.0,0.0,0,0,0.0,0.0,0,0,0.0,3089.67,1,0,0.0,0
LGS2ORD0027228,C014697,2025-08-04 15:00:00,Male,65,Bronze,TV,Nakhon Ratchasima,625,Web,COD,15,8,0,0,>50,20.833333333333332,6.0,1.0,0.16666666666666666,145,13,4831.946666666667,0.18,0.5,0.0,0.0,0.0,0,0,0.0,24195.0,2,0,0.0,25975.57,3,0,0.0,28991.68,6,1,0.16666666666666666,0
LGS2ORD0027229,C015684,2025-08-04 15:00:00,Female,45,Gold,Shopee,Chiang Mai,964,TV_Show,PromptPay,15,8,0,0,40-50,32.13333333333333,2.0,1.0,0.5,62,38,1038.9850000000001,0.18,0.5,0.0,0.0,0.0,0,0,0.0,0.0,0,0,0.0,2077.9700000000003,2,1,0.5,2077.9700000000003,2,1,0.5,0
LGS2ORD0027230,C013303,2025-08-04 15:00:00,Female,37,Bronze,CallCenter,Phuket,265,Shopee,PromptPay,15,8,0,0,30-40,8.833333333333334,2.0,0.0,0.0,-1,36,4304.56,0.08,0.0,0.0,0.0,0.0,0,0,0.0,0.0,0,0,0.0,8169.25,1,0,0.0,8609.12,2,0,0.0,0
LGS2ORD0027231,C016354,2025-08-04 15:00:00,Male,59,Bronze,TV,Phuket,510,Web,COD,15,8,0,0,>50,17.0,5.0,1.0,0.2,176,71,3189.702,0.18,0.8,0.0,0.0,0.0,0,0,0.0,0.0,0,0,0.0,9243.15,2,0,0.0,15948.51,5,1,0.2,0
LGS2ORD0027232,C013810,2025-08-04 16:00:00,Female,55,Gold,Shopee,Bangkok,1325,Lazada,Credit_Card,16,8,0,0,>50,44.166666666666664,3.0,1.0,0.3333333333333333,87,5,7492.923333333333,0.18,0.3333333333333333,0.0,0.0,17632.48,1,0,0.0,17632.48,1,0,0.0,17632.48,1,0,0.0,22478.77,3,1,0.3333333333333333,1
LGS2ORD0027233,C010153,2025-08-04 16:00:00,Female,23,Gold,CallCenter,Khon Kaen,1003,CallCenter,Credit_Card,16,8,0,0,20-30,33.43333333333333,0.0,0.0,0.0,-1,-1,0.0,0.0,0.0,0.0,0.0,0.0,0,0,0.0,0.0,0,0,0.0,0.0,0,0,0.0,0.0,0,0,0.0,0
LGS2ORD0027234,C017855,2025-08-04 16:00:00,Male,44,Platinum,Web,Chonburi,1578,TV_Show,COD,16,8,0,0,40-50,52.6,5.0,1.0,0.2,139,6,8941.539999999999,0.3,0.2,0.8,0.0,32375.15,1,0,0.0,32375.15,1,0,0.0,40719.03,2,0,0.0,44707.7,5,1,0.2,1
LGS2ORD0027235,C016893,2025-08-04 16:00:00,Other,37,Gold,Shopee,Bangkok,289,Lazada,Bank_Transfer,16,8,0,0,30-40,9.633333333333333,3.0,1.0,0.3333333333333333,39,27,2805.03,0.18,0.6666666666666666,0.0,0.0,0.0,0,0,0.0,6199.44,1,0,0.0,6777.12,2,1,0.5,8415.09,3,1,0.3333333333333333,0
LGS2ORD0027236,C011209,2025-08-04 16:00:00,Female,49,Gold,Web,Phuket,332,Shopee,PromptPay,16,8,0,0,40-50,11.066666666666666,3.0,1.0,0.3333333333333333,178,59,2424.6833333333334,0.28,0.3333333333333333,0.3333333333333333,0.0,0.0,0,0,0.0,0.0,0,0,0.0,3028.79,2,0,0.0,7274.05,3,1,0.3333333333333333,0
LGS2ORD0027237,C010861,2025-08-04 17:00:00,Male,24,Bronze,Web,Nakhon Ratchasima,579,CallCenter,COD,17,8,0,0,20-30,19.3,4.0,1.0,0.25,97,29,4055.4525,0.28,0.25,0.5,0.0,0.0,0,0,0.0,2367.65,1,0,0.0,8813.36,3,0,0.0,16221.81,4,1,0.25,0
LGS2ORD0027238,C017802,2025-08-04 17:00:00,Female,42,Bronze,TV,Remote_Area,1634,Shopee,COD,17,8,0,0,40-50,54.46666666666667,6.0,2.0,0.3333333333333333,82,96,5032.633333333334,0.23,0.8333333333333334,0.16666666666666666,0.0,0.0,0,0,0.0,0.0,0,0,0.0,0.0,0,0,0.0,30195.800000000003,6,2,0.3333333333333333,0
LGS2ORD0027239,C012473,2025-08-04 17:00:00,Female,36,Silver,Web,Bangkok,633,Shopee,Bank_Transfer,17,8,0,0,30-40,21.1,1.0,0.0,0.0,-1,14,3873.29,0.2,1.0,0.0,0.0,0.0,0,0,0.0,3873.29,1,0,0.0,3873.29,1,0,0.0,3873.29,1,0,0.0,0
LGS2ORD0027240,C017300,2025-08-04 17:00:00,Female,43,Bronze,TV,Songkhla,267,Lazada,PromptPay,17,8,0,0,40-50,8.9,1.0,0.0,0.0,-1,134,1504.32,0.23,0.0,1.0,0.0,0.0,0,0,0.0,0.0,0,0,0.0,0.0,0,0,0.0,1504.32,1,0,0.0,0
LGS2ORD0027241,C013149,2025-08-04 17:00:00,Female,34,Gold,Shopee,Songkhla,1324,Web,Bank_Transfer,17,8,0,0,30-40,44.13333333333333,5.0,2.0,0.4,-3,1,7262.062,0.33,0.0,0.6,0.0,12676.3,1,1,1.0,12676.3,1,1,1.0,20740.97,3,2,0.6666666666666666,36310.31,5,2,0.4,1
LGS2ORD0027242,C012327,2025-08-04 18:00:00,Male,39,Bronze,Shopee,Nakhon Ratchasima,1496,TV_Show,PromptPay,18,8,0,0,30-40,49.86666666666667,3.0,0.0,0.0,-1,78,5479.783333333334,0.08,1.0,0.0,0.0,0.0,0,0,0.0,0.0,0,0,0.0,15019.76,2,0,0.0,16439.350000000002,3,0,0.0,0
LGS2ORD0027243,C017431,2025-08-04 18:00:00,Female,42,Silver,TV,Khon Kaen,1309,Shopee,Credit_Card,18,8,0,0,40-50,43.63333333333333,6.0,0.0,0.0,-1,64,3119.331666666667,0.3,0.3333333333333333,0.3333333333333333,0.0,0.0,0,0,0.0,0.0,0,0,0.0,8380.68,2,0,0.0,18715.99,6,0,0.0,0
LGS2ORD0027244,C013139,2025-08-04 18:00:00,Male,26,Silver,TV,Nakhon Ratchasima,1409,TV_Show,COD,18,8,0,0,20-30,46.96666666666667,1.0,0.0,0.0,-1,153,2554.58,0.1,0.0,0.0,0.0,0.0,0,0,0.0,0.0,0,0,0.0,0.0,0,0,0.0,2554.58,1,0,0.0,1
LGS2ORD0027245,C011768,2025-08-04 18:00:00,Male,31,Bronze,Lazada,Songkhla,1274,TV_Show,Bank_Transfer,18,8,0,0,30-40,42.46666666666667,7.0,2.0,0.2857142857142857,19,16,4316.488571428572,0.23,0.7142857142857143,0.14285714285714285,0.0,0.0,0,0,0.0,588.19,1,0,0.0,13869.07,4,2,0.5,30215.420000000002,7,2,0.2857142857142857,0
LGS2ORD0027246,C015662,2025-08-04 18:00:00,Female,42,Silver,Web,Chonburi,368,TV_Show,COD,18,8,0,0,40-50,12.266666666666667,5.0,1.0,0.2,64,6,1819.868,0.2,0.6,0.0,0.0,3920.96,1,0,0.0,3920.96,1,0,0.0,9099.34,5,1,0.2,9099.34,5,1,0.2,0
LGS2ORD0027247,C012266,2025-08-04 18:00:00,Female,38,Silver,TV,Nakhon Ratchasima,1494,CallCenter,COD,18,8,0,0,30-40,49.8,2.0,1.0,0.5,196,157,4067.65,0.3,1.0,0.5,0.0,0.0,0,0,0.0,0.0,0,0,0.0,0.0,0,0,0.0,8135.3,2,1,0.5,1
LGS2ORD0027248,C017021,2025-08-04 19:00:00,Male,45,Bronze,Lazada,Bangkok,1351,Lazada,COD,19,8,0,0,40-50,45.03333333333333,6.0,0.0,0.0,-1,18,4824.185,0.23,0.5,0.16666666666666666,0.0,0.0,0,0,0.0,4068.56,1,0,0.0,25840.09,5,0,0.0,28945.11,6,0,0.0,1
LGS2ORD0027249,C015195,2025-08-04 19:00:00,Male,48,Gold,TV,Chonburi,489,Web,COD,19,8,0,0,40-50,16.3,2.0,0.0,0.0,-1,109,6702.36,0.13,0.0,0.0,0.0,0.0,0,0,0.0,0.0,0,0,0.0,0.0,0,0,0.0,13404.72,2,0,0.0,0
LGS2ORD0027250,C010102,2025-08-04 19:00:00,Female,39,Bronze,Lazada,Chonburi,389,CallCenter,COD,19,8,0,0,30-40,12.966666666666667,3.0,0.0,0.0,-1,110,2868.706666666667,0.08,0.3333333333333333,0.0,0.0,0.0,0,0,0.0,0.0,0,0,0.0,0.0,0,0,0.0,8606.12,3,0,0.0,0
LGS2ORD0027251,C014386,2025-08-04 19:00:00,Male,64,Bronze,TV,Chiang Mai,1007,Lazada,Bank_Transfer,19,8,0,0,>50,33.56666666666667,7.0,2.0,0.2857142857142857,26,34,5666.952857142857,0.23,0.8571428571428571,0.2857142857142857,0.0,0.0,0,0,0.0,0.0,0,0,0.0,5269.82,3,1,0.3333333333333333,39668.67,7,2,0.2857142857142857,0
LGS2ORD0027252,C017228,2025-08-04 19:00:00,Male,54,Silver,TV,Phuket,373,Shopee,COD,19,8,0,0,>50,12.433333333333334,5.0,2.0,0.4,20,2,9527.03,0.3,0.8,0.4,0.0,2317.71,1,0,0.0,10544.400000000001,2,1,0.5,10544.400000000001,2,1,0.5,47635.15,5,2,0.4,0
LGS2ORD0027253,C011000,2025-08-04 20:00:00,Female,31,Bronze,Shopee,Bangkok,435,Web,COD,20,8,0,0,30-40,14.5,12.0,4.0,0.3333333333333333,35,14,5924.637500000002,0.28,0.6666666666666666,0.3333333333333333,0.0,0.0,0,0,0.0,5477.52,1,0,0.0,17199.940000000002,4,1,0.25,71095.65000000002,12,4,0.3333333333333333,0
LGS2ORD0027254,C014857,2025-08-04 20:00:00,Female,69,Bronze,TV,Nakhon Ratchasima,1208,TV_Show,COD,20,8,0,0,>50,40.266666666666666,5.0,1.0,0.2,182,1,2780.82,0.28,0.2,0.2,0.0,3242.93,1,0,0.0,3242.93,1,0,0.0,6529.389999999999,2,0,0.0,13904.1,5,1,0.2,0
LGS2ORD0027255,C016838,2025-08-04 20:00:00,Female,39,Bronze,TV,Chonburi,1173,Lazada,Credit_Card,20,8,0,0,30-40,39.1,3.0,2.0,0.6666666666666666,-4,4,4272.7,0.18,0.6666666666666666,0.0,0.0,571.61,1,0,0.0,11946.85,2,1,0.5,11946.85,2,1,0.5,12818.1,3,2,0.6666666666666666,0
LGS2ORD0027256,C014066,2025-08-04 20:00:00,Female,37,Platinum,Shopee,Phuket,1160,Web,COD,20,8,0,0,30-40,38.666666666666664,4.0,2.0,0.5,0,9,5393.3675,0.3,0.25,0.25,0.0,0.0,0,0,0.0,19250.22,3,1,0.3333333333333333,21573.47,4,2,0.5,21573.47,4,2,0.5,1
LGS2ORD0027257,C011072,2025-08-04 20:00:00,Male,39,Gold,Shopee,Bangkok,1064,TV_Show,COD,20,8,0,0,30-40,35.46666666666667,0.0,0.0,0.0,-1,-1,0.0,0.0,0.0,0.0,0.0,0.0,0,0,0.0,0.0,0,0,0.0,0.0,0,0,0.0,0.0,0,0,0.0,0
LGS2ORD0027258,C010515,2025-08-04 21:00:00,Male,44,Bronze,TV,Bangkok,1269,TV_Show,COD,21,8,0,0,40-50,42.3,2.0,0.0,0.0,-1,105,15478.845000000001,0.28,0.5,1.0,0.0,0.0,0,0,0.0,0.0,0,0,0.0,0.0,0,0,0.0,30957.690000000002,2,0,0.0,0
LGS2ORD0027259,C014833,2025-08-04 21:00:00,Female,32,Silver,CallCenter,Chiang Mai,1511,Shopee,COD,21,8,0,0,30-40,50.36666666666667,4.0,2.0,0.5,-4,4,3386.44,0.3,0.5,0.25,0.0,3017.39,1,1,1.0,3017.39,1,1,1.0,3017.39,1,1,1.0,13545.76,4,2,0.5,0
LGS2ORD0027260,C014140,2025-08-04 21:00:00,Female,26,Bronze,TV,Remote_Area,1657,Lazada,PromptPay,21,8,0,0,20-30,55.233333333333334,3.0,1.0,0.3333333333333333,78,42,2010.07,0.23,0.6666666666666666,0.3333333333333333,0.0,0.0,0,0,0.0,0.0,0,0,0.0,6030.21,3,1,0.3333333333333333,6030.21,3,1,0.3333333333333333,0
LGS2ORD0027261,C012404,2025-08-04 21:00:00,Female,67,Bronze,Lazada,Nakhon Ratchasima,792,Shopee,Credit_Card,21,8,0,0,>50,26.4,4.0,3.0,0.75,-3,6,4604.57,0.23,1.0,0.25,0.0,2641.5,1,1,1.0,2641.5,1,1,1.0,17391.46,3,2,0.6666666666666666,18418.28,4,3,0.75,1
LGS2ORD0027262,C016632,2025-08-04 21:00:00,Male,18,Gold,Web,Bangkok,430,TV_Show,Bank_Transfer,21,8,0,0,<20,14.333333333333334,3.0,0.0,0.0,-1,33,5738.28,0.13,0.3333333333333333,0.0,0.0,0.0,0,0,0.0,0.0,0,0,0.0,14120.0,1,0,0.0,17214.84,3,0,0.0,0
LGS2ORD0027263,C011238,2025-08-04 22:00:00,Male,45,Bronze,TV,Songkhla,490,Shopee,COD,22,8,0,0,40-50,16.333333333333332,2.0,1.0,0.5,186,64,3108.225,0.23,0.5,0.5,0.0,0.0,0,0,0.0,0.0,0,0,0.0,492.76,1,0,0.0,6216.45,2,1,0.5,1
LGS2ORD0027264,C010526,2025-08-04 22:00:00,Male,48,Bronze,Lazada,Khon Kaen,1037,CallCenter,Credit_Card,22,8,0,0,40-50,34.56666666666667,4.0,0.0,0.0,-1,72,14238.0625,0.08,0.25,0.0,0.0,0.0,0,0,0.0,0.0,0,0,0.0,8595.11,1,0,0.0,56952.25,4,0,0.0,0
LGS2ORD0027265,C014927,2025-08-04 22:00:00,Male,47,Bronze,Shopee,Bangkok,423,TV_Show,COD,22,8,0,0,40-50,14.1,4.0,0.0,0.0,-1,69,2515.0775,0.23,1.0,0.25,0.0,0.0,0,0,0.0,0.0,0,0,0.0,649.41,1,0,0.0,10060.31,4,0,0.0,0
LGS2ORD0027266,C011475,2025-08-04 22:00:00,Male,34,Bronze,TV,Bangkok,1390,Shopee,COD,22,8,0,0,30-40,46.333333333333336,6.0,1.0,0.16666666666666666,161,58,7731.713333333334,0.28,0.8333333333333334,0.3333333333333333,0.0,0.0,0,0,0.0,0.0,0,0,0.0,3764.98,1,0,0.0,46390.280000000006,6,1,0.16666666666666666,0
LGS2ORD0027267,C012757,2025-08-04 22:00:00,Female,33,Gold,Web,Nakhon Ratchasima,1288,TV_Show,COD,22,8,0,0,30-40,42.93333333333333,1.0,1.0,1.0,103,111,1200.72,0.28,0.0,1.0,0.0,0.0,0,0,0.0,0.0,0,0,0.0,0.0,0,0,0.0,1200.72,1,1,1.0,0
LGS2ORD0027268,C016033,2025-08-04 22:00:00,Female,45,Gold,Shopee,Bangkok,1631,TV_Show,COD,22,8,0,0,40-50,54.36666666666667,4.0,0.0,0.0,-1,75,4278.785,0.28,0.5,0.5,0.0,0.0,0,0,0.0,0.0,0,0,0.0,4558.26,1,0,0.0,17115.14,4,0,0.0,0
LGS2ORD0027269,C010504,2025-08-04 23:00:00,Male,66,Silver,TV,Bangkok,342,CallCenter,COD,23,8,0,0,>50,11.4,1.0,0.0,0.0,-1,17,1201.12,0.05,0.0,0.0,0.0,0.0,0,0,0.0,1201.12,1,0,0.0,1201.12,1,0,0.0,1201.12,1,0,0.0,0
LGS2ORD0027270,C011747,2025-08-04 23:00:00,Male,65,Bronze,Web,Phuket,840,CallCenter,Bank_Transfer,23,8,0,0,>50,28.0,3.0,1.0,0.3333333333333333,32,46,6454.05,0.03,1.0,0.0,0.0,0.0,0,0,0.0,0.0,0,0,0.0,17773.43,2,1,0.5,19362.15,3,1,0.3333333333333333,0
LGS2ORD0027271,C011732,2025-08-04 23:00:00,Male,39,Bronze,Web,Chiang Mai,1009,Web,COD,23,8,0,0,30-40,33.63333333333333,9.0,4.0,0.4444444444444444,70,14,3027.531111111111,0.23,0.5555555555555556,0.1111111111111111,0.0,0.0,0,0,0.0,13175.320000000002,3,0,0.0,13574.95,4,1,0.25,27247.78,9,4,0.4444444444444444,1
LGS2ORD0027272,C012069,2025-08-04 23:00:00,Female,30,Silver,TV,Bangkok,995,Web,Credit_Card,23,8,0,0,20-30,33.166666666666664,2.0,0.0,0.0,-1,16,587.33,0.25,0.5,0.5,0.0,0.0,0,0,0.0,380.68,1,0,0.0,380.68,1,0,0.0,1174.66,2,0,0.0,0
LGS2ORD0027273,C017556,2025-08-04 23:00:00,Male,41,Bronze,Web,Chiang Mai,637,Web,COD,23,8,0,0,40-50,21.233333333333334,2.0,0.0,0.0,-1,75,5086.43,0.03,0.5,0.0,0.0,0.0,0,0,0.0,0.0,0,0,0.0,2075.52,1,0,0.0,10172.86,2,0,0.0,0
LGS2ORD0027274,C015812,2025-08-05 00:00:00,Male,46,Platinum,TV,Bangkok,988,Shopee,COD,0,8,1,0,40-50,32.93333333333333,3.0,1.0,0.3333333333333333,149,61,5548.513333333333,0.1,0.3333333333333333,0.0,0.0,0.0,0,0,0.0,0.0,0,0,0.0,5925.18,1,0,0.0,16645.54,3,1,0.3333333333333333,0
LGS2ORD0027275,C017784,2025-08-05 00:00:00,Female,47,Bronze,TV,Remote_Area,298,Web,COD,0,8,1,0,40-50,9.933333333333334,7.0,5.0,0.7142857142857143,11,18,2929.0771428571425,0.23,0.2857142857142857,0.2857142857142857,0.0,0.0,0,0,0.0,4986.65,3,2,0.6666666666666666,4986.65,3,2,0.6666666666666666,20503.539999999997,7,5,0.7142857142857143,0
LGS2ORD0027276,C010706,2025-08-05 00:00:00,Female,37,Silver,Lazada,Chonburi,436,CallCenter,PromptPay,0,8,1,0,30-40,14.533333333333333,2.0,2.0,1.0,33,45,2221.79,0.25,1.0,0.5,0.0,0.0,0,0,0.0,0.0,0,0,0.0,849.67,1,1,1.0,4443.58,2,2,1.0,0
LGS2ORD0027277,C016869,2025-08-05 00:00:00,Male,52,Bronze,Shopee,Khon Kaen,1080,Shopee,COD,0,8,1,0,>50,36.0,4.0,0.0,0.0,-1,60,3578.37,0.28,0.75,0.5,0.0,0.0,0,0,0.0,0.0,0,0,0.0,3916.23,2,0,0.0,14313.48,4,0,0.0,0
LGS2ORD0027278,C011806,2025-08-05 00:00:00,Male,37,Bronze,TV,Chonburi,247,Web,COD,0,8,1,0,30-40,8.233333333333333,0.0,0.0,0.0,-1,-1,0.0,0.0,0.0,0.0,0.0,0.0,0,0,0.0,0.0,0,0,0.0,0.0,0,0,0.0,0.0,0,0,0.0,1
LGS2ORD0027279,C012735,2025-08-05 01:00:00,Female,24,Gold,TV,Chonburi,1451,Web,COD,1,8,1,0,20-30,48.36666666666667,1.0,0.0,0.0,-1,9,2023.59,0.18,1.0,0.0,0.0,0.0,0,0,0.0,2023.59,1,0,0.0,2023.59,1,0,0.0,2023.59,1,0,0.0,0
LGS2ORD0027280,C012720,2025-08-05 01:00:00,Female,53,Silver,Shopee,Bangkok,1020,Web,COD,1,8,1,0,>50,34.0,1.0,1.0,1.0,116,121,3643.81,0.05,1.0,0.0,0.0,0.0,0,0,0.0,0.0,0,0,0.0,0.0,0,0,0.0,3643.81,1,1,1.0,0
LGS2ORD0027281,C012514,2025-08-05 01:00:00,Male,47,Silver,TV,Nakhon Ratchasima,1579,Web,COD,1,8,1,0,40-50,52.63333333333333,4.0,1.0,0.25,42,20,19457.0175,0.25,1.0,0.25,0.0,0.0,0,0,0.0,38111.25,1,0,0.0,65060.41,2,1,0.5,77828.07,4,1,0.25,1
LGS2ORD0027282,C015432,2025-08-05 01:00:00,Male,43,Bronze,Web,Chonburi,1060,Shopee,Bank_Transfer,1,8,1,0,40-50,35.333333333333336,3.0,0.0,0.0,-1,18,7249.823333333334,0.18,0.6666666666666666,0.0,0.0,0.0,0,0,0.0,10093.97,1,0,0.0,21749.47,3,0,0.0,21749.47,3,0,0.0,0
LGS2ORD0027283,C015635,2025-08-05 01:00:00,Male,26,Bronze,TV,Chonburi,525,Lazada,Bank_Transfer,1,8,1,0,20-30,17.5,3.0,1.0,0.3333333333333333,93,58,1290.7233333333334,0.18,1.0,0.0,0.0,0.0,0,0,0.0,0.0,0,0,0.0,890.7,1,0,0.0,3872.17,3,1,0.3333333333333333,0
LGS2ORD0027284,C014454,2025-08-05 02:00:00,Male,46,Bronze,Lazada,Songkhla,1593,Shopee,COD,2,8,1,0,40-50,53.1,1.0,0.0,0.0,-1,123,7698.86,0.18,1.0,0.0,0.0,0.0,0,0,0.0,0.0,0,0,0.0,0.0,0,0,0.0,7698.86,1,0,0.0,0
LGS2ORD0027285,C013511,2025-08-05 02:00:00,Female,30,Platinum,Web,Bangkok,1297,Lazada,Credit_Card,2,8,1,0,20-30,43.233333333333334,5.0,1.0,0.2,143,24,5184.718,0.35,0.8,0.2,0.0,0.0,0,0,0.0,3556.93,1,0,0.0,17049.72,2,0,0.0,25923.59,5,1,0.2,0
LGS2ORD0027286,C011297,2025-08-05 02:00:00,Female,62,Gold,Shopee,Chiang Mai,443,TV_Show,COD,2,8,1,0,>50,14.766666666666667,4.0,1.0,0.25,77,37,5285.41,0.33,0.5,0.25,0.0,0.0,0,0,0.0,0.0,0,0,0.0,13839.47,3,1,0.3333333333333333,21141.64,4,1,0.25,0
LGS2ORD0027287,C010033,2025-08-05 02:00:00,Female,50,Silver,Shopee,Khon Kaen,1417,TV_Show,Credit_Card,2,8,1,0,40-50,47.233333333333334,3.0,0.0,0.0,-1,167,4047.4366666666665,0.2,0.3333333333333333,0.0,0.0,0.0,0,0,0.0,0.0,0,0,0.0,0.0,0,0,0.0,12142.31,3,0,0.0,0
LGS2ORD0027288,C011731,2025-08-05 02:00:00,Male,41,Bronze,Lazada,Bangkok,496,Web,Bank_Transfer,2,8,1,0,40-50,16.533333333333335,3.0,0.0,0.0,-1,7,12102.783333333333,0.13,0.6666666666666666,0.0,0.0,0.0,0,0,0.0,4874.96,1,0,0.0,4874.96,1,0,0.0,36308.35,3,0,0.0,0
LGS2ORD0027289,C011647,2025-08-05 02:00:00,Female,40,Bronze,Lazada,Remote_Area,944,Lazada,COD,2,8,1,0,30-40,31.466666666666665,8.0,2.0,0.25,140,99,3649.47375,0.28,0.5,0.125,0.0,0.0,0,0,0.0,0.0,0,0,0.0,0.0,0,0,0.0,29195.79,8,2,0.25,1
LGS2ORD0027290,C010543,2025-08-05 03:00:00,Female,71,Gold,Web,Bangkok,239,Web,COD,3,8,1,0,>50,7.966666666666667,1.0,0.0,0.0,-1,1,3292.39,0.2299999999999999,0.0,1.0,0.0,3292.39,1,0,0.0,3292.39,1,0,0.0,3292.39,1,0,0.0,3292.39,1,0,0.0,0
LGS2ORD0027291,C012624,2025-08-05 03:00:00,Male,47,Silver,Shopee,Remote_Area,1010,Lazada,PromptPay,3,8,1,0,40-50,33.666666666666664,3.0,2.0,0.6666666666666666,68,84,3267.31,0.1,0.6666666666666666,0.0,0.0,0.0,0,0,0.0,0.0,0,0,0.0,1712.5,1,1,1.0,9801.93,3,2,0.6666666666666666,0
LGS2ORD0027292,C016314,2025-08-05 03:00:00,Female,30,Bronze,Shopee,Bangkok,1187,Lazada,COD,3,8,1,0,20-30,39.56666666666667,3.0,1.0,0.3333333333333333,180,81,6846.843333333333,0.23,0.6666666666666666,0.3333333333333333,0.0,0.0,0,0,0.0,0.0,0,0,0.0,12485.75,1,0,0.0,20540.53,3,1,0.3333333333333333,0
LGS2ORD0027293,C010071,2025-08-05 03:00:00,Female,51,Bronze,TV,Remote_Area,588,Shopee,COD,3,8,1,0,>50,19.6,4.0,1.0,0.25,181,86,4410.7725,0.23,0.5,0.75,0.0,0.0,0,0,0.0,0.0,0,0,0.0,963.81,1,0,0.0,17643.09,4,1,0.25,1
LGS2ORD0027294,C016079,2025-08-05 03:00:00,Female,67,Bronze,TV,Chiang Mai,1346,Lazada,COD,3,8,1,0,>50,44.86666666666667,5.0,2.0,0.4,-3,2,4921.530000000001,0.28,0.8,0.6,0.0,16438.66,1,1,1.0,16438.66,1,1,1.0,18453.239999999998,2,2,1.0,24607.65,5,2,0.4,0
LGS2ORD0027295,C017747,2025-08-05 04:00:00,Female,32,Bronze,Shopee,Khon Kaen,1658,Shopee,Credit_Card,4,8,1,0,30-40,55.266666666666666,4.0,1.0,0.25,173,97,5933.2025,0.28,0.5,0.5,0.0,0.0,0,0,0.0,0.0,0,0,0.0,0.0,0,0,0.0,23732.81,4,1,0.25,0
LGS2ORD0027296,C013222,2025-08-05 04:00:00,Male,59,Bronze,Web,Chonburi,1422,Lazada,Credit_Card,4,8,1,0,>50,47.4,3.0,1.0,0.3333333333333333,196,103,4933.376666666666,0.08,0.0,0.0,0.0,0.0,0,0,0.0,0.0,0,0,0.0,0.0,0,0,0.0,14800.13,3,1,0.3333333333333333,0
LGS2ORD0027297,C011880,2025-08-05 04:00:00,Male,29,Silver,TV,Chiang Mai,798,Shopee,Credit_Card,4,8,1,0,20-30,26.6,9.0,2.0,0.2222222222222222,1,15,7986.181111111112,0.3,0.6666666666666666,0.7777777777777778,0.0,0.0,0,0,0.0,571.67,1,1,1.0,13189.650000000001,4,2,0.5,71875.63,9,2,0.2222222222222222,1
LGS2ORD0027298,C017297,2025-08-05 04:00:00,Male,38,Gold,TV,Nakhon Ratchasima,517,Lazada,COD,4,8,1,0,30-40,17.233333333333334,0.0,0.0,0.0,-1,-1,0.0,0.0,0.0,0.0,0.0,0.0,0,0,0.0,0.0,0,0,0.0,0.0,0,0,0.0,0.0,0,0,0.0,0
LGS2ORD0027299,C014849,2025-08-05 04:00:00,Female,64,Bronze,TV,Songkhla,1502,Shopee,Credit_Card,4,8,1,0,>50,50.06666666666667,3.0,1.0,0.3333333333333333,77,85,8016.136666666666,0.18,0.3333333333333333,0.0,0.0,0.0,0,0,0.0,0.0,0,0,0.0,9845.48,1,0,0.0,24048.41,3,1,0.3333333333333333,1
LGS2ORD0027300,C015571,2025-08-05 05:00:00,Female,49,Bronze,TV,Nakhon Ratchasima,229,Web,COD,5,8,1,0,40-50,7.633333333333334,4.0,1.0,0.25,40,43,2792.5475000000006,0.18,0.75,0.0,0.0,0.0,0,0,0.0,0.0,0,0,0.0,1681.13,1,1,1.0,11170.190000000002,4,1,0.25,0
LGS2ORD0027301,C013269,2025-08-05 05:00:00,Male,38,Silver,Lazada,Bangkok,1345,CallCenter,COD,5,8,1,0,30-40,44.833333333333336,3.0,1.0,0.3333333333333333,39,22,4946.973333333333,0.25,0.3333333333333333,0.6666666666666666,0.0,0.0,0,0,0.0,9793.24,1,0,0.0,14840.92,3,1,0.3333333333333333,14840.92,3,1,0.3333333333333333,0
LGS2ORD0027302,C012319,2025-08-05 05:00:00,Male,40,Bronze,TV,Remote_Area,404,Shopee,COD,5,8,1,0,30-40,13.466666666666667,7.0,4.0,0.5714285714285714,117,14,1361.08,0.28,0.5714285714285714,0.42857142857142855,0.0,0.0,0,0,0.0,1050.98,1,0,0.0,1654.31,2,0,0.0,9527.56,7,4,0.5714285714285714,0
LGS2ORD0027303,C015115,2025-08-05 05:00:00,Female,53,Gold,Lazada,Phuket,368,Shopee,Credit_Card,5,8,1,0,>50,12.266666666666667,2.0,0.0,0.0,-1,24,10134.735,0.13,0.0,0.0,0.0,0.0,0,0,0.0,17817.23,1,0,0.0,17817.23,1,0,0.0,20269.47,2,0,0.0,0
LGS2ORD0027304,C013070,2025-08-05 05:00:00,Female,68,Bronze,TV,Songkhla,248,Web,COD,5,8,1,0,>50,8.266666666666667,6.0,3.0,0.5,32,45,4907.483333333334,0.23,0.6666666666666666,0.3333333333333333,0.0,0.0,0,0,0.0,0.0,0,0,0.0,12627.96,3,2,0.6666666666666666,29444.9,6,3,0.5,1
LGS2ORD0027305,C010388,2025-08-05 06:00:00,Female,38,Bronze,CallCenter,Chonburi,1551,TV_Show,PromptPay,6,8,1,0,30-40,51.7,2.0,0.0,0.0,-1,178,1441.895,0.18,0.5,0.0,0.0,0.0,0,0,0.0,0.0,0,0,0.0,0.0,0,0,0.0,2883.79,2,0,0.0,0
LGS2ORD0027306,C014480,2025-08-05 06:00:00,Male,18,Platinum,TV,Chiang Mai,843,CallCenter,Credit_Card,6,8,1,0,<20,28.1,1.0,1.0,1.0,2,9,1093.21,0.25,0.0,1.0,0.0,0.0,0,0,0.0,1093.21,1,1,1.0,1093.21,1,1,1.0,1093.21,1,1,1.0,0
LGS2ORD0027307,C012556,2025-08-05 06:00:00,Female,38,Silver,CallCenter,Remote_Area,1472,CallCenter,COD,6,8,1,0,30-40,49.06666666666667,5.0,0.0,0.0,-1,17,2645.576,0.3,0.4,0.4,0.0,0.0,0,0,0.0,1430.56,1,0,0.0,5162.299999999999,2,0,0.0,13227.88,5,0,0.0,0
LGS2ORD0027308,C012445,2025-08-05 06:00:00,Male,42,Bronze,CallCenter,Chonburi,358,Shopee,PromptPay,6,8,1,0,40-50,11.933333333333334,3.0,2.0,0.6666666666666666,0,6,1672.7766666666666,0.23,0.6666666666666666,0.3333333333333333,0.0,1564.74,1,1,1.0,4145.69,2,1,0.5,5018.33,3,2,0.6666666666666666,5018.33,3,2,0.6666666666666666,1
LGS2ORD0027309,C013080,2025-08-05 06:00:00,Male,69,Bronze,Web,Chonburi,928,CallCenter,COD,6,8,1,0,>50,30.933333333333334,5.0,1.0,0.2,153,67,3626.1099999999997,0.23,0.8,0.2,0.0,0.0,0,0,0.0,0.0,0,0,0.0,4108.91,1,0,0.0,18130.55,5,1,0.2,1
LGS2ORD0027310,C011579,2025-08-05 06:00:00,Female,50,Silver,Lazada,Khon Kaen,1198,TV_Show,Credit_Card,6,8,1,0,40-50,39.93333333333333,3.0,0.0,0.0,-1,17,2594.1633333333334,0.2,0.3333333333333333,0.0,0.0,0.0,0,0,0.0,4271.35,1,0,0.0,6175.780000000001,2,0,0.0,7782.490000000001,3,0,0.0,1
LGS2ORD0027311,C017726,2025-08-05 07:00:00,Male,51,Platinum,Web,Chiang Mai,1357,CallCenter,Credit_Card,7,8,1,0,>50,45.233333333333334,4.0,0.0,0.0,-1,6,3323.8175,0.25,0.5,0.25,0.0,2054.16,1,0,0.0,2054.16,1,0,0.0,10304.7,3,0,0.0,13295.27,4,0,0.0,0
LGS2ORD0027312,C016548,2025-08-05 07:00:00,Female,33,Bronze,Lazada,Nakhon Ratchasima,850,Web,COD,7,8,1,0,30-40,28.333333333333332,2.0,0.0,0.0,-1,25,24932.685,0.18,0.5,0.0,0.0,0.0,0,0,0.0,1798.22,1,0,0.0,49865.37,2,0,0.0,49865.37,2,0,0.0,0
LGS2ORD0027313,C014181,2025-08-05 07:00:00,Female,42,Gold,Lazada,Chiang Mai,760,Shopee,Credit_Card,7,8,1,0,40-50,25.333333333333332,3.0,0.0,0.0,-1,42,4736.14,0.28,0.6666666666666666,0.3333333333333333,0.0,0.0,0,0,0.0,0.0,0,0,0.0,10591.66,2,0,0.0,14208.420000000002,3,0,0.0,0
LGS2ORD0027314,C012396,2025-08-05 07:00:00,Female,56,Silver,Shopee,Remote_Area,767,CallCenter,COD,7,8,1,0,>50,25.566666666666666,5.0,3.0,0.6,9,12,10577.990000000002,0.25,0.8,0.4,0.0,0.0,0,0,0.0,39469.11,2,1,0.5,40669.35,3,2,0.6666666666666666,52889.950000000004,5,3,0.6,1
LGS2ORD0027315,C014562,2025-08-05 07:00:00,Female,67,Silver,TV,Nakhon Ratchasima,1304,Shopee,COD,7,8,1,0,>50,43.46666666666667,6.0,0.0,0.0,-1,3,4009.616666666667,0.2,0.5,0.0,0.0,9371.02,1,0,0.0,10576.880000000001,2,0,0.0,22954.350000000002,5,0,0.0,24057.7,6,0,0.0,0
LGS2ORD0027316,C013178,2025-08-05 08:00:00,Female,37,Silver,CallCenter,Remote_Area,280,Web,COD,8,8,1,0,30-40,9.333333333333334,5.0,0.0,0.0,-1,128,5689.366,0.1,0.2,0.0,0.0,0.0,0,0,0.0,0.0,0,0,0.0,0.0,0,0,0.0,28446.829999999998,5,0,0.0,0
LGS2ORD0027317,C013718,2025-08-05 08:00:00,Female,50,Silver,Lazada,Chiang Mai,1505,TV_Show,PromptPay,8,8,1,0,40-50,50.166666666666664,0.0,0.0,0.0,-1,-1,0.0,0.0,0.0,0.0,0.0,0.0,0,0,0.0,0.0,0,0,0.0,0.0,0,0,0.0,0.0,0,0,0.0,0
LGS2ORD0027318,C012103,2025-08-05 08:00:00,Female,41,Silver,TV,Khon Kaen,1336,Shopee,Bank_Transfer,8,8,1,0,40-50,44.53333333333333,0.0,0.0,0.0,-1,-1,0.0,0.0,0.0,0.0,0.0,0.0,0,0,0.0,0.0,0,0,0.0,0.0,0,0,0.0,0.0,0,0,0.0,0
LGS2ORD0027319,C016187,2025-08-05 08:00:00,Female,20,Bronze,Web,Bangkok,373,Web,Credit_Card,8,8,1,0,<20,12.433333333333334,4.0,1.0,0.25,140,36,10770.65,0.18,0.25,0.0,0.0,0.0,0,0,0.0,0.0,0,0,0.0,22954.08,1,0,0.0,43082.6,4,1,0.25,0
LGS2ORD0027320,C012111,2025-08-05 08:00:00,Male,44,Silver,CallCenter,Bangkok,1265,Web,COD,8,8,1,0,40-50,42.166666666666664,1.0,0.0,0.0,-1,13,252.61,0.25,0.0,1.0,0.0,0.0,0,0,0.0,252.61,1,0,0.0,252.61,1,0,0.0,252.61,1,0,0.0,0
LGS2ORD0027321,C016199,2025-08-05 09:00:00,Female,51,Gold,Shopee,Nakhon Ratchasima,294,Web,COD,9,8,1,0,>50,9.8,5.0,0.0,0.0,-1,104,4831.134,0.33,0.4,0.6,0.0,0.0,0,0,0.0,0.0,0,0,0.0,0.0,0,0,0.0,24155.67,5,0,0.0,0
LGS2ORD0027322,C012101,2025-08-05 09:00:00,Female,62,Bronze,CallCenter,Songkhla,240,Shopee,Bank_Transfer,9,8,1,0,>50,8.0,2.0,1.0,0.5,121,23,8827.355,0.08,0.0,0.0,0.0,0.0,0,0,0.0,1024.64,1,0,0.0,1024.64,1,0,0.0,17654.71,2,1,0.5,0
LGS2ORD0027323,C014728,2025-08-05 09:00:00,Male,34,Bronze,TV,Remote_Area,440,Web,COD,9,8,1,0,30-40,14.666666666666666,9.0,2.0,0.2222222222222222,33,27,8266.86888888889,0.18,0.3333333333333333,0.0,0.0,0.0,0,0,0.0,7825.02,1,0,0.0,16282.11,4,1,0.25,74401.82,9,2,0.2222222222222222,0
LGS2ORD0027324,C017280,2025-08-05 09:00:00,Male,50,Bronze,CallCenter,Chonburi,234,Lazada,COD,9,8,1,0,40-50,7.8,5.0,2.0,0.4,196,59,5203.618,0.23,0.8,0.6,0.0,0.0,0,0,0.0,0.0,0,0,0.0,2965.83,1,0,0.0,26018.090000000004,5,2,0.4,1
LGS2ORD0027325,C011561,2025-08-05 09:00:00,Female,47,Bronze,Web,Songkhla,1141,Web,COD,9,8,1,0,40-50,38.03333333333333,4.0,2.0,0.5,79,11,5189.115,0.28,1.0,0.25,0.0,0.0,0,0,0.0,755.01,1,0,0.0,8663.85,3,1,0.3333333333333333,20756.46,4,2,0.5,0
LGS2ORD0027326,C010545,2025-08-05 09:00:00,Female,35,Bronze,TV,Chiang Mai,890,Lazada,COD,9,8,1,0,30-40,29.666666666666668,1.0,0.0,0.0,-1,124,931.03,0.03,0.0,0.0,0.0,0.0,0,0,0.0,0.0,0,0,0.0,0.0,0,0,0.0,931.03,1,0,0.0,0
LGS2ORD0027327,C017746,2025-08-05 10:00:00,Male,65,Silver,TV,Chonburi,336,Shopee,Credit_Card,10,8,1,0,>50,11.2,5.0,1.0,0.2,77,22,3372.296,0.3,0.6,0.6,0.0,0.0,0,0,0.0,3847.96,1,0,0.0,9259.240000000002,3,1,0.3333333333333333,16861.48,5,1,0.2,1
LGS2ORD0027328,C010570,2025-08-05 10:00:00,Male,28,Bronze,TV,Bangkok,1176,Web,COD,10,8,1,0,20-30,39.2,6.0,2.0,0.3333333333333333,-11,4,5879.541666666667,0.23,0.3333333333333333,0.5,0.0,1550.5,1,1,1.0,1550.5,1,1,1.0,9729.14,3,1,0.3333333333333333,35277.25,6,2,0.3333333333333333,0
LGS2ORD0027329,C013804,2025-08-05 10:00:00,Male,61,Bronze,TV,Bangkok,591,Shopee,COD,10,8,1,0,>50,19.7,8.0,4.0,0.5,24,4,4411.407499999999,0.28,0.625,0.375,0.0,1267.31,1,0,0.0,1267.31,1,0,0.0,19252.100000000002,4,3,0.75,35291.259999999995,8,4,0.5,1
LGS2ORD0027330,C010892,2025-08-05 10:00:00,Female,44,Bronze,Web,Remote_Area,659,CallCenter,COD,10,8,1,0,40-50,21.966666666666665,1.0,0.0,0.0,-1,126,3767.38,0.03,1.0,0.0,0.0,0.0,0,0,0.0,0.0,0,0,0.0,0.0,0,0,0.0,3767.38,1,0,0.0,0
LGS2ORD0027331,C011907,2025-08-05 10:00:00,Male,41,Gold,TV,Phuket,1427,Shopee,COD,10,8,1,0,40-50,47.56666666666667,3.0,0.0,0.0,-1,41,5941.75,0.18,0.3333333333333333,0.0,0.0,0.0,0,0,0.0,0.0,0,0,0.0,15229.369999999999,2,0,0.0,17825.25,3,0,0.0,0
LGS2ORD0027332,C017878,2025-08-05 11:00:00,Male,67,Bronze,TV,Chiang Mai,284,Shopee,COD,11,8,1,0,>50,9.466666666666667,1.0,0.0,0.0,-1,39,6651.86,0.08,1.0,0.0,0.0,0.0,0,0,0.0,0.0,0,0,0.0,6651.86,1,0,0.0,6651.86,1,0,0.0,0
LGS2ORD0027333,C017045,2025-08-05 11:00:00,Female,18,Bronze,TV,Remote_Area,1277,Shopee,COD,11,8,1,0,<20,42.56666666666667,2.0,0.0,0.0,-1,71,3551.715,0.28,0.0,0.5,0.0,0.0,0,0,0.0,0.0,0,0,0.0,3447.74,1,0,0.0,7103.43,2,0,0.0,1
LGS2ORD0027334,C014404,2025-08-05 11:00:00,Male,51,Bronze,TV,Chiang Mai,361,Web,COD,11,8,1,0,>50,12.033333333333333,2.0,0.0,0.0,-1,126,9113.240000000002,0.03,0.5,0.0,0.0,0.0,0,0,0.0,0.0,0,0,0.0,0.0,0,0,0.0,18226.480000000003,2,0,0.0,0
LGS2ORD0027335,C013207,2025-08-05 11:00:00,Female,68,Silver,Shopee,Bangkok,481,TV_Show,PromptPay,11,8,1,0,>50,16.033333333333335,3.0,1.0,0.3333333333333333,177,13,7276.926666666667,0.3,0.6666666666666666,0.6666666666666666,0.0,0.0,0,0,0.0,4104.04,1,0,0.0,4104.04,1,0,0.0,21830.780000000002,3,1,0.3333333333333333,0
LGS2ORD0027336,C016408,2025-08-05 11:00:00,Female,57,Bronze,Web,Bangkok,1503,CallCenter,PromptPay,11,8,1,0,>50,50.1,4.0,2.0,0.5,70,49,6229.174999999999,0.23,0.75,0.25,0.0,0.0,0,0,0.0,0.0,0,0,0.0,21724.39,2,1,0.5,24916.699999999997,4,2,0.5,0
LGS2ORD0027337,C014955,2025-08-05 12:00:00,Female,60,Silver,Shopee,Bangkok,750,TV_Show,Credit_Card,12,8,1,0,>50,25.0,2.0,0.0,0.0,-1,11,3325.4449999999997,0.15,0.0,0.0,0.0,0.0,0,0,0.0,4550.67,1,0,0.0,4550.67,1,0,0.0,6650.889999999999,2,0,0.0,0
LGS2ORD0027338,C010870,2025-08-05 12:00:00,Female,26,Gold,Web,Bangkok,444,Lazada,Bank_Transfer,12,8,1,0,20-30,14.8,3.0,1.0,0.3333333333333333,129,106,1520.2633333333333,0.28,0.6666666666666666,0.6666666666666666,0.0,0.0,0,0,0.0,0.0,0,0,0.0,0.0,0,0,0.0,4560.79,3,1,0.3333333333333333,0
LGS2ORD0027339,C017532,2025-08-05 12:00:00,Other,72,Silver,Shopee,Remote_Area,1557,Shopee,Credit_Card,12,8,1,0,>50,51.9,4.0,1.0,0.25,160,38,3875.2900000000004,0.25,0.25,0.5,0.0,0.0,0,0,0.0,0.0,0,0,0.0,7787.06,2,0,0.0,15501.160000000002,4,1,0.25,0
LGS2ORD0027340,C017022,2025-08-05 12:00:00,Female,60,Bronze,Shopee,Chonburi,751,TV_Show,COD,12,8,1,0,>50,25.033333333333335,5.0,1.0,0.2,154,57,15026.029999999999,0.23,0.4,0.2,0.0,0.0,0,0,0.0,0.0,0,0,0.0,39356.08,2,0,0.0,75130.15,5,1,0.2,1
LGS2ORD0027341,C015043,2025-08-05 12:00:00,Male,18,Bronze,TV,Phuket,1302,Lazada,COD,12,8,1,0,<20,43.4,3.0,0.0,0.0,-1,5,5816.736666666667,0.08,1.0,0.0,0.0,14779.86,1,0,0.0,15962.59,2,0,0.0,17450.21,3,0,0.0,17450.21,3,0,0.0,0
LGS2ORD0027342,C013154,2025-08-05 13:00:00,Female,54,Gold,Lazada,Phuket,1220,Lazada,COD,13,8,1,0,>50,40.666666666666664,4.0,3.0,0.75,49,24,2982.3500000000004,0.28,0.75,0.75,0.0,0.0,0,0,0.0,1729.66,1,0,0.0,4735.2,2,1,0.5,11929.400000000001,4,3,0.75,0
LGS2ORD0027343,C013000,2025-08-05 13:00:00,Female,43,Silver,TV,Chiang Mai,1381,TV_Show,Bank_Transfer,13,8,1,0,40-50,46.03333333333333,4.0,1.0,0.25,78,41,2714.5550000000003,0.1,0.0,0.0,0.0,0.0,0,0,0.0,0.0,0,0,0.0,6568.51,3,1,0.3333333333333333,10858.220000000001,4,1,0.25,0
LGS2ORD0027344,C013760,2025-08-05 13:00:00,Male,27,Bronze,Lazada,Khon Kaen,828,Lazada,COD,13,8,1,0,20-30,27.6,7.0,2.0,0.2857142857142857,90,31,3739.1128571428567,0.23,0.42857142857142855,0.14285714285714285,0.0,0.0,0,0,0.0,0.0,0,0,0.0,1222.19,1,0,0.0,26173.789999999997,7,2,0.2857142857142857,0
LGS2ORD0027345,C017701,2025-08-05 13:00:00,Male,42,Bronze,Web,Bangkok,1113,Web,Credit_Card,13,8,1,0,40-50,37.1,4.0,1.0,0.25,106,65,2577.7799999999997,0.28,0.5,0.25,0.0,0.0,0,0,0.0,0.0,0,0,0.0,2928.63,1,0,0.0,10311.119999999999,4,1,0.25,0
LGS2ORD0027346,C012402,2025-08-05 13:00:00,Male,41,Silver,Shopee,Chonburi,1046,Shopee,COD,13,8,1,0,40-50,34.86666666666667,1.0,1.0,1.0,144,151,6095.59,0.15,1.0,0.0,0.0,0.0,0,0,0.0,0.0,0,0,0.0,0.0,0,0,0.0,6095.59,1,1,1.0,1
LGS2ORD0027347,C011831,2025-08-05 13:00:00,Female,69,Bronze,TV,Songkhla,1104,Lazada,PromptPay,13,8,1,0,>50,36.8,3.0,2.0,0.6666666666666666,28,34,7947.353333333333,0.23,0.6666666666666666,0.3333333333333333,0.0,0.0,0,0,0.0,0.0,0,0,0.0,21195.17,1,1,1.0,23842.059999999998,3,2,0.6666666666666666,0
LGS2ORD0027348,C012633,2025-08-05 14:00:00,Female,45,Silver,CallCenter,Songkhla,321,Shopee,PromptPay,14,8,1,0,40-50,10.7,6.0,2.0,0.3333333333333333,11,21,2928.375,0.3,0.5,0.5,0.0,0.0,0,0,0.0,3893.67,1,1,1.0,4469.38,2,1,0.5,17570.25,6,2,0.3333333333333333,0
LGS2ORD0027349,C011790,2025-08-05 14:00:00,Male,52,Silver,Shopee,Khon Kaen,1307,CallCenter,COD,14,8,1,0,>50,43.56666666666667,2.0,0.0,0.0,-1,27,2479.4750000000004,0.15,0.0,0.0,0.0,0.0,0,0,0.0,2498.34,1,0,0.0,2498.34,1,0,0.0,4958.950000000001,2,0,0.0,0
LGS2ORD0027350,C010285,2025-08-05 14:00:00,Female,38,Silver,Shopee,Khon Kaen,417,TV_Show,COD,14,8,1,0,30-40,13.9,1.0,0.0,0.0,-1,35,889.81,0.05,1.0,0.0,0.0,0.0,0,0,0.0,0.0,0,0,0.0,889.81,1,0,0.0,889.81,1,0,0.0,0
LGS2ORD0027351,C014434,2025-08-05 14:00:00,Female,56,Bronze,Web,Khon Kaen,483,Shopee,PromptPay,14,8,1,0,>50,16.1,6.0,2.0,0.3333333333333333,61,34,7871.959999999999,0.28,0.5,0.16666666666666666,0.0,0.0,0,0,0.0,0.0,0,0,0.0,32780.11,2,1,0.5,47231.759999999995,6,2,0.3333333333333333,0
LGS2ORD0027352,C017554,2025-08-05 14:00:00,Male,33,Bronze,TV,Bangkok,426,Shopee,COD,14,8,1,0,30-40,14.2,3.0,1.0,0.3333333333333333,187,170,3903.4166666666665,0.23,1.0,0.3333333333333333,0.0,0.0,0,0,0.0,0.0,0,0,0.0,0.0,0,0,0.0,11710.25,3,1,0.3333333333333333,0
LGS2ORD0027353,C010246,2025-08-05 15:00:00,Female,30,Gold,Lazada,Bangkok,1274,CallCenter,COD,15,8,1,0,20-30,42.46666666666667,1.0,0.0,0.0,-1,74,8983.08,0.28,0.0,1.0,0.0,0.0,0,0,0.0,0.0,0,0,0.0,8983.08,1,0,0.0,8983.08,1,0,0.0,0
LGS2ORD0027354,C014426,2025-08-05 15:00:00,Female,67,Bronze,Shopee,Bangkok,1273,Lazada,COD,15,8,1,0,>50,42.43333333333333,6.0,2.0,0.3333333333333333,66,1,1927.0233333333333,0.28,0.6666666666666666,0.16666666666666666,0.0,1724.38,1,0,0.0,1724.38,1,0,0.0,8297.650000000001,4,1,0.25,11562.14,6,2,0.3333333333333333,0
LGS2ORD0027355,C014051,2025-08-05 15:00:00,Female,19,Gold,Shopee,Chonburi,1006,TV_Show,COD,15,8,1,0,<20,33.53333333333333,2.0,0.0,0.0,-1,43,2811.565,0.28,0.5,0.5,0.0,0.0,0,0,0.0,0.0,0,0,0.0,1906.2,1,0,0.0,5623.13,2,0,0.0,0
LGS2ORD0027356,C010537,2025-08-05 15:00:00,Female,64,Gold,TV,Songkhla,1511,Web,COD,15,8,1,0,>50,50.36666666666667,5.0,1.0,0.2,190,7,4603.814,0.28,0.6,0.4,0.0,0.0,0,0,0.0,6703.299999999999,2,0,0.0,6703.299999999999,2,0,0.0,23019.07,5,1,0.2,0
LGS2ORD0027357,C010137,2025-08-05 15:00:00,Female,43,Gold,Lazada,Chiang Mai,868,Web,COD,15,8,1,0,40-50,28.933333333333334,10.0,2.0,0.2,9,19,7001.884,0.33,0.6,0.6,0.0,0.0,0,0,0.0,5005.48,2,1,0.5,52568.55,7,2,0.2857142857142857,70018.84,10,2,0.2,1
LGS2ORD0027358,C013243,2025-08-05 16:00:00,Male,21,Bronze,TV,Bangkok,1407,CallCenter,COD,16,8,1,0,20-30,46.9,3.0,0.0,0.0,-1,43,5961.496666666666,0.23,1.0,0.3333333333333333,0.0,0.0,0,0,0.0,0.0,0,0,0.0,13954.09,2,0,0.0,17884.489999999998,3,0,0.0,0
LGS2ORD0027359,C012047,2025-08-05 16:00:00,Female,33,Bronze,TV,Chonburi,1422,CallCenter,COD,16,8,1,0,30-40,47.4,2.0,0.0,0.0,-1,58,1067.475,0.28,0.0,0.5,0.0,0.0,0,0,0.0,0.0,0,0,0.0,1213.23,1,0,0.0,2134.95,2,0,0.0,1
LGS2ORD0027360,C010341,2025-08-05 16:00:00,Male,38,Bronze,TV,Remote_Area,428,Shopee,Credit_Card,16,8,1,0,30-40,14.266666666666667,5.0,3.0,0.6,59,71,13476.412,0.23,0.6,0.4,0.0,0.0,0,0,0.0,0.0,0,0,0.0,23542.77,1,1,1.0,67382.06,5,3,0.6,0
LGS2ORD0027361,C012993,2025-08-05 16:00:00,Male,47,Bronze,Lazada,Nakhon Ratchasima,279,Web,COD,16,8,1,0,40-50,9.3,4.0,2.0,0.5,117,102,8580.5025,0.28,0.5,0.75,0.0,0.0,0,0,0.0,0.0,0,0,0.0,0.0,0,0,0.0,34322.01,4,2,0.5,0
LGS2ORD0027362,C015750,2025-08-05 16:00:00,Female,46,Gold,Lazada,Bangkok,893,TV_Show,PromptPay,16,8,1,0,40-50,29.766666666666666,8.0,2.0,0.25,154,7,4674.915,0.28,0.625,0.25,0.0,0.0,0,0,0.0,2130.94,1,0,0.0,21525.52,3,0,0.0,37399.32,8,2,0.25,0
LGS2ORD0027363,C010258,2025-08-05 17:00:00,Female,61,Silver,CallCenter,Bangkok,886,CallCenter,Bank_Transfer,17,8,1,0,>50,29.533333333333335,2.0,0.0,0.0,-1,50,2693.68,0.2,0.5,0.0,0.0,0.0,0,0,0.0,0.0,0,0,0.0,1149.62,1,0,0.0,5387.36,2,0,0.0,0
LGS2ORD0027364,C013672,2025-08-05 17:00:00,Male,38,Silver,TV,Remote_Area,673,CallCenter,COD,17,8,1,0,30-40,22.433333333333334,4.0,4.0,1.0,118,133,5597.137500000001,0.25,1.0,0.5,0.0,0.0,0,0,0.0,0.0,0,0,0.0,0.0,0,0,0.0,22388.550000000003,4,4,1.0,1
LGS2ORD0027365,C013214,2025-08-05 17:00:00,Male,41,Platinum,Web,Songkhla,1393,Web,COD,17,8,1,0,40-50,46.43333333333333,4.0,1.0,0.25,47,31,11071.252499999999,0.3,0.5,0.5,0.0,0.0,0,0,0.0,0.0,0,0,0.0,38853.869999999995,2,1,0.5,44285.009999999995,4,1,0.25,1
LGS2ORD0027366,C011716,2025-08-05 17:00:00,Female,48,Bronze,Shopee,Remote_Area,1226,CallCenter,Credit_Card,17,8,1,0,40-50,40.86666666666667,4.0,1.0,0.25,43,55,3317.035,0.23,0.25,0.25,0.0,0.0,0,0,0.0,0.0,0,0,0.0,416.06,1,1,1.0,13268.14,4,1,0.25,0
LGS2ORD0027367,C013950,2025-08-05 17:00:00,Male,42,Bronze,TV,Nakhon Ratchasima,1609,Web,COD,17,8,1,0,40-50,53.63333333333333,5.0,0.0,0.0,-1,3,2771.17,0.23,0.4,0.2,0.0,4250.08,1,0,0.0,4250.08,1,0,0.0,8940.45,2,0,0.0,13855.85,5,0,0.0,1
LGS2ORD0027368,C012391,2025-08-05 17:00:00,Female,50,Bronze,TV,Bangkok,1358,Shopee,COD,17,8,1,0,40-50,45.266666666666666,2.0,2.0,1.0,46,53,3194.995,0.28,0.5,1.0,0.0,0.0,0,0,0.0,0.0,0,0,0.0,6389.99,2,2,1.0,6389.99,2,2,1.0,0
LGS2ORD0027369,C010137,2025-08-05 18:00:00,Female,43,Gold,Lazada,Chiang Mai,868,TV_Show,COD,18,8,1,0,40-50,28.933333333333334,11.0,3.0,0.2727272727272727,-14,0,6634.348181818182,0.33,0.6363636363636364,0.6363636363636364,0.0,2958.99,1,1,1.0,7964.469999999999,3,2,0.6666666666666666,55527.54,8,3,0.375,72977.83,11,3,0.2727272727272727,1
LGS2ORD0027370,C016992,2025-08-05 18:00:00,Other,36,Bronze,Web,Chonburi,369,TV_Show,PromptPay,18,8,1,0,30-40,12.3,5.0,1.0,0.2,176,12,4724.93,0.23,0.6,0.4,0.0,0.0,0,0,0.0,587.97,1,0,0.0,11408.369999999999,2,0,0.0,23624.65,5,1,0.2,0
LGS2ORD0027371,C014794,2025-08-05 18:00:00,Male,66,Bronze,CallCenter,Chiang Mai,1635,Shopee,COD,18,8,1,0,>50,54.5,7.0,2.0,0.2857142857142857,59,9,5026.124285714285,0.23,0.7142857142857143,0.2857142857142857,0.0,0.0,0,0,0.0,12019.32,1,0,0.0,23814.739999999998,5,2,0.4,35182.869999999995,7,2,0.2857142857142857,1
LGS2ORD0027372,C010692,2025-08-05 18:00:00,Female,35,Bronze,TV,Phuket,1132,Shopee,COD,18,8,1,0,30-40,37.733333333333334,4.0,1.0,0.25,3,9,4133.095,0.18,0.25,0.0,0.0,0.0,0,0,0.0,1600.86,1,1,1.0,8300.45,3,1,0.3333333333333333,16532.38,4,1,0.25,1
LGS2ORD0027373,C015707,2025-08-05 18:00:00,Male,35,Silver,Web,Phuket,766,TV_Show,Credit_Card,18,8,1,0,30-40,25.533333333333335,4.0,1.0,0.25,73,85,16181.719999999998,0.2,0.75,0.0,0.0,0.0,0,0,0.0,0.0,0,0,0.0,7789.98,1,1,1.0,64726.87999999999,4,1,0.25,0
LGS2ORD0027374,C011036,2025-08-05 19:00:00,Male,42,Bronze,Web,Bangkok,1442,CallCenter,COD,19,8,1,0,40-50,48.06666666666667,4.0,0.0,0.0,-1,28,12364.2075,0.23,0.5,0.25,0.0,0.0,0,0,0.0,5981.76,1,0,0.0,49456.83,4,0,0.0,49456.83,4,0,0.0,0
LGS2ORD0027375,C011032,2025-08-05 19:00:00,Female,35,Bronze,Shopee,Bangkok,321,Shopee,Credit_Card,19,8,1,0,30-40,10.7,1.0,0.0,0.0,-1,36,2188.68,0.08,0.0,0.0,0.0,0.0,0,0,0.0,0.0,0,0,0.0,2188.68,1,0,0.0,2188.68,1,0,0.0,0
LGS2ORD0027376,C011928,2025-08-05 19:00:00,Female,41,Bronze,Shopee,Chonburi,1370,CallCenter,COD,19,8,1,0,40-50,45.666666666666664,4.0,2.0,0.5,9,15,3391.75,0.23,0.75,0.25,0.0,0.0,0,0,0.0,621.49,1,1,1.0,621.49,1,1,1.0,13567.0,4,2,0.5,0
LGS2ORD0027377,C010016,2025-08-05 19:00:00,Male,39,Silver,Web,Chonburi,986,Shopee,Credit_Card,19,8,1,0,30-40,32.86666666666667,6.0,1.0,0.16666666666666666,162,22,3505.9983333333334,0.3,0.5,0.3333333333333333,0.0,0.0,0,0,0.0,1433.61,1,0,0.0,4924.9800000000005,3,0,0.0,21035.99,6,1,0.16666666666666666,0
LGS2ORD0027378,C011026,2025-08-05 19:00:00,Male,31,Bronze,Web,Bangkok,1119,Lazada,COD,19,8,1,0,30-40,37.3,7.0,0.0,0.0,-1,7,7314.0657142857135,0.13,0.5714285714285714,0.0,0.0,0.0,0,0,0.0,3277.84,1,0,0.0,34845.78,2,0,0.0,51198.45999999999,7,0,0.0,1
LGS2ORD0027379,C015833,2025-08-05 20:00:00,Female,41,Gold,Shopee,Bangkok,1468,TV_Show,Credit_Card,20,8,1,0,40-50,48.93333333333333,6.0,3.0,0.5,23,32,2973.578333333333,0.33,0.5,0.3333333333333333,0.0,0.0,0,0,0.0,0.0,0,0,0.0,10737.01,2,1,0.5,17841.469999999998,6,3,0.5,0
LGS2ORD0027380,C012476,2025-08-05 20:00:00,Female,46,Gold,Web,Bangkok,1035,Web,COD,20,8,1,0,40-50,34.5,3.0,1.0,0.3333333333333333,204,147,1787.3233333333335,0.28,0.6666666666666666,0.3333333333333333,0.0,0.0,0,0,0.0,0.0,0,0,0.0,0.0,0,0,0.0,5361.97,3,1,0.3333333333333333,0
LGS2ORD0027381,C014050,2025-08-05 20:00:00,Male,46,Platinum,Shopee,Bangkok,923,CallCenter,Bank_Transfer,20,8,1,0,40-50,30.766666666666666,1.0,0.0,0.0,-1,30,4281.03,0.1,0.0,0.0,0.0,0.0,0,0,0.0,0.0,0,0,0.0,4281.03,1,0,0.0,4281.03,1,0,0.0,0
LGS2ORD0027382,C011485,2025-08-05 20:00:00,Male,37,Gold,Lazada,Nakhon Ratchasima,616,CallCenter,Credit_Card,20,8,1,0,30-40,20.533333333333335,6.0,0.0,0.0,-1,9,2313.3216666666667,0.28,0.16666666666666666,0.3333333333333333,0.0,0.0,0,0,0.0,211.93,1,0,0.0,3428.7,2,0,0.0,13879.93,6,0,0.0,0
LGS2ORD0027383,C010757,2025-08-05 20:00:00,Male,60,Bronze,Shopee,Phuket,1015,Web,COD,20,8,1,0,>50,33.833333333333336,2.0,1.0,0.5,65,77,1383.1799999999998,0.08,1.0,0.0,0.0,0.0,0,0,0.0,0.0,0,0,0.0,1506.0,1,1,1.0,2766.3599999999997,2,1,0.5,0
LGS2ORD0027384,C011516,2025-08-05 21:00:00,Female,28,Bronze,TV,Nakhon Ratchasima,1522,Shopee,PromptPay,21,8,1,0,20-30,50.733333333333334,5.0,1.0,0.2,88,34,4663.642,0.23,0.6,0.2,0.0,0.0,0,0,0.0,0.0,0,0,0.0,14839.86,3,0,0.0,23318.21,5,1,0.2,0
LGS2ORD0027385,C017105,2025-08-05 21:00:00,Female,35,Gold,Web,Khon Kaen,1337,TV_Show,COD,21,8,1,0,30-40,44.56666666666667,2.0,0.0,0.0,-1,26,2206.8500000000004,0.2299999999999999,0.0,0.5,0.0,0.0,0,0,0.0,1555.63,1,0,0.0,1555.63,1,0,0.0,4413.700000000001,2,0,0.0,0
LGS2ORD0027386,C012754,2025-08-05 21:00:00,Other,40,Bronze,Web,Phuket,346,Shopee,Credit_Card,21,8,1,0,30-40,11.533333333333333,1.0,0.0,0.0,-1,52,1359.39,0.08,1.0,0.0,0.0,0.0,0,0,0.0,0.0,0,0,0.0,1359.39,1,0,0.0,1359.39,1,0,0.0,0
LGS2ORD0027387,C013190,2025-08-05 21:00:00,Female,35,Silver,TV,Bangkok,1015,CallCenter,COD,21,8,1,0,30-40,33.833333333333336,3.0,1.0,0.3333333333333333,128,141,2676.47,0.3,0.3333333333333333,0.3333333333333333,0.0,0.0,0,0,0.0,0.0,0,0,0.0,0.0,0,0,0.0,8029.41,3,1,0.3333333333333333,0
LGS2ORD0027388,C015636,2025-08-05 21:00:00,Male,28,Bronze,Shopee,Phuket,1139,TV_Show,Credit_Card,21,8,1,0,20-30,37.96666666666667,3.0,1.0,0.3333333333333333,48,59,3432.7766666666666,0.28,0.6666666666666666,0.6666666666666666,0.0,0.0,0,0,0.0,0.0,0,0,0.0,4582.43,2,1,0.5,10298.33,3,1,0.3333333333333333,0
LGS2ORD0027389,C016853,2025-08-05 21:00:00,Female,35,Bronze,Web,Khon Kaen,1071,Web,Credit_Card,21,8,1,0,30-40,35.7,1.0,1.0,1.0,34,41,5126.47,0.18,1.0,0.0,0.0,0.0,0,0,0.0,0.0,0,0,0.0,5126.47,1,1,1.0,5126.47,1,1,1.0,0
LGS2ORD0027390,C015790,2025-08-05 22:00:00,Male,36,Bronze,CallCenter,Bangkok,1623,Shopee,COD,22,8,1,0,30-40,54.1,4.0,0.0,0.0,-1,20,2569.91,0.28,0.5,0.25,0.0,0.0,0,0,0.0,2096.42,1,0,0.0,6495.41,3,0,0.0,10279.64,4,0,0.0,0
LGS2ORD0027391,C010122,2025-08-05 22:00:00,Female,45,Bronze,TV,Bangkok,394,Web,COD,22,8,1,0,40-50,13.133333333333333,5.0,2.0,0.4,44,37,5918.318,0.18,0.8,0.0,0.0,0.0,0,0,0.0,0.0,0,0,0.0,19557.04,3,2,0.6666666666666666,29591.59,5,2,0.4,0
LGS2ORD0027392,C014716,2025-08-05 22:00:00,Female,60,Gold,TV,Bangkok,1560,TV_Show,PromptPay,22,8,1,0,>50,52.0,0.0,0.0,0.0,-1,-1,0.0,0.0,0.0,0.0,0.0,0.0,0,0,0.0,0.0,0,0,0.0,0.0,0,0,0.0,0.0,0,0,0.0,0
LGS2ORD0027393,C016854,2025-08-05 22:00:00,Female,41,Silver,TV,Khon Kaen,243,Lazada,Credit_Card,22,8,1,0,40-50,8.1,3.0,1.0,0.3333333333333333,58,32,13707.933333333334,0.25,0.6666666666666666,0.3333333333333333,0.0,0.0,0,0,0.0,0.0,0,0,0.0,29895.2,2,1,0.5,41123.8,3,1,0.3333333333333333,0
LGS2ORD0027394,C016945,2025-08-05 22:00:00,Female,35,Bronze,TV,Bangkok,1040,Lazada,COD,22,8,1,0,30-40,34.666666666666664,1.0,0.0,0.0,-1,31,10799.3,0.18,1.0,0.0,0.0,0.0,0,0,0.0,0.0,0,0,0.0,10799.3,1,0,0.0,10799.3,1,0,0.0,0
LGS2ORD0027395,C011288,2025-08-05 23:00:00,Male,59,Bronze,Shopee,Bangkok,548,Lazada,Credit_Card,23,8,1,0,>50,18.266666666666666,5.0,2.0,0.4,7,2,2174.3540000000003,0.28,0.4,0.4,0.0,368.84,1,0,0.0,4712.2,2,1,0.5,8930.169999999998,4,2,0.5,10871.77,5,2,0.4,0
LGS2ORD0027396,C014588,2025-08-05 23:00:00,Female,29,Silver,Web,Chonburi,1525,CallCenter,COD,23,8,1,0,20-30,50.833333333333336,7.0,1.0,0.14285714285714285,180,32,11633.871428571429,0.3,0.42857142857142855,0.2857142857142857,0.14285714285714285,0.0,0,0,0.0,0.0,0,0,0.0,40379.03,2,0,0.0,81437.1,7,1,0.14285714285714285,0
LGS2ORD0027397,C014424,2025-08-05 23:00:00,Male,18,Bronze,CallCenter,Chiang Mai,854,TV_Show,COD,23,8,1,0,<20,28.466666666666665,1.0,1.0,1.0,-14,2,3880.2,0.23,1.0,1.0,0.0,3880.2,1,1,1.0,3880.2,1,1,1.0,3880.2,1,1,1.0,3880.2,1,1,1.0,0
LGS2ORD0027398,C010380,2025-08-05 23:00:00,Male,37,Silver,CallCenter,Bangkok,1513,Shopee,Bank_Transfer,23,8,1,0,30-40,50.43333333333333,4.0,1.0,0.25,104,1,5978.8625,0.2,0.5,0.0,0.0,3409.96,1,0,0.0,6237.52,2,0,0.0,17077.18,3,0,0.0,23915.45,4,1,0.25,0
LGS2ORD0027399,C010112,2025-08-05 23:00:00,Female,54,Bronze,Lazada,Songkhla,1093,Web,Bank_Transfer,23,8,1,0,>50,36.43333333333333,4.0,1.0,0.25,89,88,3048.4474999999998,0.28,1.0,0.5,0.0,0.0,0,0,0.0,0.0,0,0,0.0,2078.15,1,0,0.0,12193.789999999999,4,1,0.25,0
LGS2ORD0027400,C017448,2025-08-06 00:00:00,Female,41,Bronze,Shopee,Khon Kaen,382,Lazada,COD,0,8,2,0,40-50,12.733333333333333,0.0,0.0,0.0,-1,-1,0.0,0.0,0.0,0.0,0.0,0.0,0,0,0.0,0.0,0,0,0.0,0.0,0,0,0.0,0.0,0,0,0.0,0
LGS2ORD0027401,C012392,2025-08-06 00:00:00,Female,44,Bronze,CallCenter,Songkhla,1107,Lazada,COD,0,8,2,0,40-50,36.9,4.0,1.0,0.25,167,83,2678.4475,0.18,0.75,0.0,0.0,0.0,0,0,0.0,0.0,0,0,0.0,2274.93,1,0,0.0,10713.79,4,1,0.25,1
LGS2ORD0027402,C014518,2025-08-06 00:00:00,Female,21,Bronze,Shopee,Songkhla,300,CallCenter,PromptPay,0,8,2,0,20-30,10.0,8.0,5.0,0.625,14,2,4771.6875,0.28,1.0,0.375,0.0,637.36,1,0,0.0,1580.5900000000001,2,1,0.5,8856.49,3,1,0.3333333333333333,38173.5,8,5,0.625,0
LGS2ORD0027403,C014278,2025-08-06 00:00:00,Female,45,Bronze,CallCenter,Chiang Mai,919,TV_Show,Credit_Card,0,8,2,0,40-50,30.633333333333333,3.0,0.0,0.0,-1,96,5674.013333333333,0.28,0.6666666666666666,0.3333333333333333,0.0,0.0,0,0,0.0,0.0,0,0,0.0,0.0,0,0,0.0,17022.04,3,0,0.0,1
LGS2ORD0027404,C011675,2025-08-06 00:00:00,Male,46,Bronze,Lazada,Nakhon Ratchasima,1388,Lazada,COD,0,8,2,0,40-50,46.266666666666666,3.0,1.0,0.3333333333333333,104,3,13482.659999999998,0.18,1.0,0.0,0.0,1981.96,1,0,0.0,1981.96,1,0,0.0,1981.96,1,0,0.0,40447.979999999996,3,1,0.3333333333333333,0
LGS2ORD0027405,C013880,2025-08-06 01:00:00,Female,47,Silver,TV,Chonburi,1485,Lazada,Bank_Transfer,1,8,2,0,40-50,49.5,4.0,0.0,0.0,-1,26,11554.312500000002,0.25,0.5,0.5,0.0,0.0,0,0,0.0,2074.23,1,0,0.0,27710.09,2,0,0.0,46217.25000000001,4,0,0.0,0
LGS2ORD0027406,C012177,2025-08-06 01:00:00,Female,34,Bronze,Web,Nakhon Ratchasima,1254,Lazada,COD,1,8,2,0,30-40,41.8,6.0,3.0,0.5,19,31,1764.22,0.23,0.8333333333333334,0.3333333333333333,0.0,0.0,0,0,0.0,0.0,0,0,0.0,9271.51,5,2,0.4,10585.32,6,3,0.5,0
LGS2ORD0027407,C013772,2025-08-06 01:00:00,Female,43,Bronze,TV,Khon Kaen,364,Web,COD,1,8,2,0,40-50,12.133333333333333,2.0,1.0,0.5,49,54,5288.97,0.28,0.0,0.5,0.0,0.0,0,0,0.0,0.0,0,0,0.0,9541.24,1,1,1.0,10577.94,2,1,0.5,0
LGS2ORD0027408,C017492,2025-08-06 01:00:00,Other,56,Silver,Web,Nakhon Ratchasima,263,Web,COD,1,8,2,0,>50,8.766666666666667,8.0,1.0,0.125,110,5,7335.74,0.3,0.75,0.25,0.0,8044.46,1,0,0.0,8044.46,1,0,0.0,47441.24,3,0,0.0,58685.92,8,1,0.125,0
LGS2ORD0027409,C012403,2025-08-06 01:00:00,Female,48,Bronze,TV,Chonburi,1502,TV_Show,PromptPay,1,8,2,0,40-50,50.06666666666667,2.0,0.0,0.0,-1,4,25914.45,0.08,1.0,0.0,0.0,34610.69,1,0,0.0,34610.69,1,0,0.0,34610.69,1,0,0.0,51828.9,2,0,0.0,0
LGS2ORD0027410,C013013,2025-08-06 01:00:00,Female,26,Silver,TV,Chiang Mai,1518,Shopee,Credit_Card,1,8,2,0,20-30,50.6,2.0,1.0,0.5,79,25,3524.66,0.25,0.5,0.5,0.0,0.0,0,0,0.0,590.99,1,0,0.0,7049.32,2,1,0.5,7049.32,2,1,0.5,0
LGS2ORD0027411,C012367,2025-08-06 02:00:00,Male,42,Bronze,TV,Remote_Area,749,Web,COD,2,8,2,0,40-50,24.966666666666665,1.0,1.0,1.0,95,103,454.75,0.08,0.0,0.0,0.0,0.0,0,0,0.0,0.0,0,0,0.0,0.0,0,0,0.0,454.75,1,1,1.0,0
LGS2ORD0027412,C011579,2025-08-06 02:00:00,Female,50,Silver,Lazada,Khon Kaen,1199,Web,Credit_Card,2,8,2,0,40-50,39.96666666666667,4.0,1.0,0.25,-6,0,4340.46,0.2,0.25,0.0,0.0,9579.35,1,1,1.0,13850.7,2,1,0.5,15755.130000000001,3,1,0.3333333333333333,17361.84,4,1,0.25,1
LGS2ORD0027413,C010282,2025-08-06 02:00:00,Male,37,Bronze,Shopee,Songkhla,440,Web,COD,2,8,2,0,30-40,14.666666666666666,2.0,0.0,0.0,-1,52,4353.535,0.23,0.5,0.5,0.0,0.0,0,0,0.0,0.0,0,0,0.0,5453.64,1,0,0.0,8707.07,2,0,0.0,0
LGS2ORD0027414,C014882,2025-08-06 02:00:00,Male,51,Bronze,Lazada,Remote_Area,1440,Shopee,PromptPay,2,8,2,0,>50,48.0,5.0,2.0,0.4,132,14,3285.6400000000003,0.23,0.0,0.2,0.0,0.0,0,0,0.0,7000.09,1,0,0.0,7000.09,1,0,0.0,16428.2,5,2,0.4,0
LGS2ORD0027415,C012718,2025-08-06 02:00:00,Male,53,Bronze,TV,Remote_Area,401,TV_Show,Credit_Card,2,8,2,0,>50,13.366666666666667,7.0,4.0,0.5714285714285714,13,25,6385.095714285715,0.23,0.7142857142857143,0.14285714285714285,0.0,0.0,0,0,0.0,732.48,1,0,0.0,19020.49,3,1,0.3333333333333333,44695.670000000006,7,4,0.5714285714285714,0
LGS2ORD0027416,C010062,2025-08-06 03:00:00,Male,48,Silver,TV,Remote_Area,1614,TV_Show,PromptPay,3,8,2,0,40-50,53.8,4.0,1.0,0.25,8,3,7226.712500000001,0.3,0.5,0.75,0.0,12470.48,1,0,0.0,13670.31,2,1,0.5,18747.489999999998,3,1,0.3333333333333333,28906.850000000002,4,1,0.25,0
LGS2ORD0027417,C015096,2025-08-06 03:00:00,Female,45,Silver,Lazada,Remote_Area,1054,Lazada,Credit_Card,3,8,2,0,40-50,35.13333333333333,2.0,0.0,0.0,-1,38,7023.935,0.05,0.5,0.0,0.0,0.0,0,0,0.0,0.0,0,0,0.0,13372.77,1,0,0.0,14047.87,2,0,0.0,0
LGS2ORD0027418,C012156,2025-08-06 03:00:00,Male,45,Bronze,TV,Chiang Mai,829,Shopee,COD,3,8,2,0,40-50,27.633333333333333,2.0,0.0,0.0,-1,49,11679.8,0.18,0.5,0.0,0.0,0.0,0,0,0.0,0.0,0,0,0.0,5855.6,1,0,0.0,23359.6,2,0,0.0,0
LGS2ORD0027419,C014439,2025-08-06 03:00:00,Male,29,Platinum,TV,Khon Kaen,1600,TV_Show,COD,3,8,2,0,20-30,53.333333333333336,2.0,1.0,0.5,19,31,4177.01,0.35,0.5,1.0,0.0,0.0,0,0,0.0,0.0,0,0,0.0,493.94,1,1,1.0,8354.02,2,1,0.5,0
LGS2ORD0027420,C017894,2025-08-06 03:00:00,Female,42,Gold,Web,Bangkok,615,Shopee,COD,3,8,2,0,40-50,20.5,1.0,0.0,0.0,-1,139,1346.95,0.2299999999999999,0.0,1.0,0.0,0.0,0,0,0.0,0.0,0,0,0.0,0.0,0,0,0.0,1346.95,1,0,0.0,1
LGS2ORD0027421,C012517,2025-08-06 04:00:00,Female,38,Bronze,CallCenter,Nakhon Ratchasima,412,CallCenter,Credit_Card,4,8,2,0,30-40,13.733333333333333,2.0,1.0,0.5,20,32,3306.27,0.23,0.5,0.5,0.0,0.0,0,0,0.0,0.0,0,0,0.0,2010.59,1,1,1.0,6612.54,2,1,0.5,0
LGS2ORD0027422,C017846,2025-08-06 04:00:00,Female,54,Gold,TV,Songkhla,534,Lazada,Credit_Card,4,8,2,0,>50,17.8,6.0,1.0,0.16666666666666666,124,74,5902.634999999999,0.18,0.5,0.0,0.0,0.0,0,0,0.0,0.0,0,0,0.0,1657.07,1,0,0.0,35415.81,6,1,0.16666666666666666,0
LGS2ORD0027423,C010439,2025-08-06 04:00:00,Female,48,Bronze,TV,Bangkok,1200,TV_Show,COD,4,8,2,0,40-50,40.0,8.0,2.0,0.25,76,56,2578.48625,0.23,0.625,0.125,0.0,0.0,0,0,0.0,0.0,0,0,0.0,13713.51,5,1,0.2,20627.89,8,2,0.25,1
LGS2ORD0027424,C013852,2025-08-06 04:00:00,Male,51,Bronze,TV,Chonburi,1568,Web,COD,4,8,2,0,>50,52.266666666666666,8.0,3.0,0.375,13,22,2423.64,0.28,0.375,0.25,0.0,0.0,0,0,0.0,7283.3099999999995,2,1,0.5,8179.629999999999,3,1,0.3333333333333333,19389.12,8,3,0.375,1
LGS2ORD0027425,C014426,2025-08-06 04:00:00,Female,67,Bronze,Shopee,Bangkok,1274,Web,Bank_Transfer,4,8,2,0,>50,42.46666666666667,7.0,2.0,0.2857142857142857,67,0,4286.347142857143,0.28,0.7142857142857143,0.2857142857142857,0.0,20166.670000000002,2,0,0.0,20166.670000000002,2,0,0.0,26739.940000000002,5,1,0.2,30004.43,7,2,0.2857142857142857,0
LGS2ORD0027426,C011261,2025-08-06 04:00:00,Female,26,Bronze,TV,Bangkok,497,Shopee,COD,4,8,2,0,20-30,16.566666666666666,4.0,0.0,0.0,-1,89,3837.895,0.23,0.5,0.25,0.0,0.0,0,0,0.0,0.0,0,0,0.0,3397.33,1,0,0.0,15351.58,4,0,0.0,0
LGS2ORD0027427,C016956,2025-08-06 05:00:00,Male,30,Bronze,TV,Chonburi,1319,Shopee,Bank_Transfer,5,8,2,0,20-30,43.96666666666667,7.0,2.0,0.2857142857142857,192,65,4604.295714285714,0.28,0.8571428571428571,0.14285714285714285,0.0,0.0,0,0,0.0,0.0,0,0,0.0,13904.98,2,0,0.0,32230.07,7,2,0.2857142857142857,1
LGS2ORD0027428,C014110,2025-08-06 05:00:00,Male,60,Bronze,Shopee,Chiang Mai,749,CallCenter,PromptPay,5,8,2,0,>50,24.966666666666665,6.0,1.0,0.16666666666666666,-2,11,2536.295,0.23,0.5,0.3333333333333333,0.0,0.0,0,0,0.0,3280.17,1,1,1.0,4700.57,2,1,0.5,15217.77,6,1,0.16666666666666666,0
LGS2ORD0027429,C011288,2025-08-06 05:00:00,Male,59,Bronze,Shopee,Bangkok,549,TV_Show,Credit_Card,5,8,2,0,>50,18.3,6.0,2.0,0.3333333333333333,7,0,4169.573333333334,0.28,0.3333333333333333,0.3333333333333333,0.0,14514.51,2,0,0.0,18857.87,3,1,0.3333333333333333,23075.839999999997,5,2,0.4,25017.440000000002,6,2,0.3333333333333333,0
LGS2ORD0027430,C013763,2025-08-06 05:00:00,Female,48,Gold,Web,Bangkok,692,TV_Show,PromptPay,5,8,2,0,40-50,23.066666666666666,1.0,0.0,0.0,-1,165,3502.99,0.28,1.0,1.0,0.0,0.0,0,0,0.0,0.0,0,0,0.0,0.0,0,0,0.0,3502.99,1,0,0.0,0
LGS2ORD0027431,C015460,2025-08-06 05:00:00,Female,40,Gold,Lazada,Bangkok,621,Web,Credit_Card,5,8,2,0,30-40,20.7,4.0,0.0,0.0,-1,35,3986.0975,0.28,0.5,0.5,0.0,0.0,0,0,0.0,0.0,0,0,0.0,1202.08,1,0,0.0,15944.39,4,0,0.0,0
LGS2ORD0027432,C011558,2025-08-06 06:00:00,Female,29,Platinum,Lazada,Bangkok,897,TV_Show,COD,6,8,2,0,20-30,29.9,2.0,0.0,0.0,-1,54,4152.665,0.25,0.5,0.5,0.0,0.0,0,0,0.0,0.0,0,0,0.0,7754.37,1,0,0.0,8305.33,2,0,0.0,0
LGS2ORD0027433,C014147,2025-08-06 06:00:00,Female,18,Silver,Web,Nakhon Ratchasima,1591,Lazada,Credit_Card,6,8,2,0,<20,53.03333333333333,3.0,2.0,0.6666666666666666,3,16,6154.086666666666,0.2,0.6666666666666666,0.0,0.0,0.0,0,0,0.0,6916.46,1,1,1.0,6916.46,1,1,1.0,18462.26,3,2,0.6666666666666666,0
LGS2ORD0027434,C015011,2025-08-06 06:00:00,Female,34,Gold,Shopee,Khon Kaen,532,CallCenter,Credit_Card,6,8,2,0,30-40,17.733333333333334,3.0,0.0,0.0,-1,45,2259.933333333333,0.28,0.6666666666666666,0.3333333333333333,0.0,0.0,0,0,0.0,0.0,0,0,0.0,1802.25,1,0,0.0,6779.799999999999,3,0,0.0,0
LGS2ORD0027435,C010185,2025-08-06 06:00:00,Male,41,Bronze,TV,Nakhon Ratchasima,1511,Lazada,Credit_Card,6,8,2,0,40-50,50.36666666666667,9.0,3.0,0.3333333333333333,44,5,4479.623333333333,0.28,0.4444444444444444,0.3333333333333333,0.0,380.27,1,0,0.0,658.38,2,0,0.0,2667.03,4,1,0.25,40316.60999999999,9,3,0.3333333333333333,0
LGS2ORD0027436,C014056,2025-08-06 06:00:00,Male,51,Gold,TV,Songkhla,897,Shopee,COD,6,8,2,0,>50,29.9,0.0,0.0,0.0,-1,-1,0.0,0.0,0.0,0.0,0.0,0.0,0,0,0.0,0.0,0,0,0.0,0.0,0,0,0.0,0.0,0,0,0.0,0
LGS2ORD0027437,C016655,2025-08-06 07:00:00,Female,34,Bronze,Lazada,Bangkok,805,Web,COD,7,8,2,0,30-40,26.833333333333332,2.0,1.0,0.5,176,98,16556.385000000002,0.23,0.5,0.5,0.0,0.0,0,0,0.0,0.0,0,0,0.0,0.0,0,0,0.0,33112.770000000004,2,1,0.5,0
LGS2ORD0027438,C013736,2025-08-06 07:00:00,Female,48,Silver,Lazada,Khon Kaen,567,CallCenter,COD,7,8,2,0,40-50,18.9,3.0,1.0,0.3333333333333333,85,99,2420.483333333333,0.2,1.0,0.0,0.0,0.0,0,0,0.0,0.0,0,0,0.0,0.0,0,0,0.0,7261.45,3,1,0.3333333333333333,1
LGS2ORD0027439,C017415,2025-08-06 07:00:00,Female,58,Bronze,Shopee,Songkhla,1564,CallCenter,COD,7,8,2,0,>50,52.13333333333333,7.0,1.0,0.14285714285714285,158,34,2069.1942857142853,0.18,0.7142857142857143,0.0,0.0,0.0,0,0,0.0,0.0,0,0,0.0,1755.47,1,0,0.0,14484.359999999999,7,1,0.14285714285714285,0
LGS2ORD0027440,C015564,2025-08-06 07:00:00,Female,44,Bronze,TV,Bangkok,1134,Web,Credit_Card,7,8,2,0,40-50,37.8,1.0,1.0,1.0,91,100,1379.87,0.08,1.0,0.0,0.0,0.0,0,0,0.0,0.0,0,0,0.0,0.0,0,0,0.0,1379.87,1,1,1.0,0
LGS2ORD0027441,C016391,2025-08-06 07:00:00,Male,37,Bronze,CallCenter,Bangkok,409,TV_Show,COD,7,8,2,0,30-40,13.633333333333333,9.0,2.0,0.2222222222222222,63,74,1854.2344444444445,0.23,0.4444444444444444,0.2222222222222222,0.0,0.0,0,0,0.0,0.0,0,0,0.0,9359.55,4,2,0.5,16688.11,9,2,0.2222222222222222,0
LGS2ORD0027442,C011266,2025-08-06 08:00:00,Female,53,Bronze,Web,Remote_Area,1308,Lazada,PromptPay,8,8,2,0,>50,43.6,4.0,1.0,0.25,68,30,2680.6099999999997,0.18,0.5,0.0,0.0,0.0,0,0,0.0,0.0,0,0,0.0,10722.439999999999,4,1,0.25,10722.439999999999,4,1,0.25,1
LGS2ORD0027443,C015617,2025-08-06 08:00:00,Male,38,Silver,TV,Chiang Mai,1418,TV_Show,Bank_Transfer,8,8,2,0,30-40,47.266666666666666,2.0,1.0,0.5,49,60,1537.795,0.2,0.5,0.0,0.0,0.0,0,0,0.0,0.0,0,0,0.0,3075.59,2,1,0.5,3075.59,2,1,0.5,0
LGS2ORD0027444,C015373,2025-08-06 08:00:00,Female,47,Bronze,TV,Bangkok,1399,Shopee,COD,8,8,2,0,40-50,46.63333333333333,7.0,1.0,0.14285714285714285,32,43,3812.737142857143,0.13,0.7142857142857143,0.0,0.0,0.0,0,0,0.0,0.0,0,0,0.0,949.32,1,1,1.0,26689.160000000003,7,1,0.14285714285714285,1
LGS2ORD0027445,C010800,2025-08-06 08:00:00,Female,46,Bronze,Web,Nakhon Ratchasima,598,Web,Credit_Card,8,8,2,0,40-50,19.933333333333334,3.0,0.0,0.0,-1,85,2929.1433333333334,0.18,0.3333333333333333,0.0,0.0,0.0,0,0,0.0,0.0,0,0,0.0,2812.69,1,0,0.0,8787.43,3,0,0.0,0
LGS2ORD0027446,C012464,2025-08-06 08:00:00,Male,41,Gold,Web,Songkhla,760,Web,Credit_Card,8,8,2,0,40-50,25.333333333333332,1.0,0.0,0.0,-1,158,4189.19,0.13,0.0,0.0,0.0,0.0,0,0,0.0,0.0,0,0,0.0,0.0,0,0,0.0,4189.19,1,0,0.0,0
LGS2ORD0027447,C015241,2025-08-06 08:00:00,Male,54,Gold,Web,Chonburi,1052,TV_Show,Bank_Transfer,8,8,2,0,>50,35.06666666666667,1.0,0.0,0.0,-1,95,2851.44,0.2299999999999999,1.0,1.0,0.0,0.0,0,0,0.0,0.0,0,0,0.0,0.0,0,0,0.0,2851.44,1,0,0.0,0
LGS2ORD0027448,C017303,2025-08-06 09:00:00,Female,72,Bronze,Shopee,Nakhon Ratchasima,715,Lazada,PromptPay,9,8,2,0,>50,23.833333333333332,2.0,0.0,0.0,-1,167,17957.875,0.08,0.5,0.0,0.0,0.0,0,0,0.0,0.0,0,0,0.0,0.0,0,0,0.0,35915.75,2,0,0.0,0
LGS2ORD0027449,C017269,2025-08-06 09:00:00,Female,51,Bronze,Web,Bangkok,1657,TV_Show,PromptPay,9,8,2,0,>50,55.233333333333334,9.0,2.0,0.2222222222222222,22,8,8581.627777777778,0.23,0.7777777777777778,0.1111111111111111,0.0,0.0,0,0,0.0,43775.950000000004,2,1,0.5,47974.57000000001,3,1,0.3333333333333333,77234.65,9,2,0.2222222222222222,0
LGS2ORD0027450,C011971,2025-08-06 09:00:00,Female,28,Bronze,TV,Songkhla,1363,TV_Show,COD,9,8,2,0,20-30,45.43333333333333,6.0,3.0,0.5,127,51,6964.428333333333,0.28,0.5,0.3333333333333333,0.0,0.0,0,0,0.0,0.0,0,0,0.0,384.37,1,0,0.0,41786.57,6,3,0.5,1
LGS2ORD0027451,C014408,2025-08-06 09:00:00,Female,27,Silver,Shopee,Songkhla,622,Lazada,PromptPay,9,8,2,0,20-30,20.733333333333334,5.0,1.0,0.2,88,86,5434.945999999999,0.3,0.4,0.6,0.0,0.0,0,0,0.0,0.0,0,0,0.0,694.53,1,0,0.0,27174.729999999996,5,1,0.2,1
LGS2ORD0027452,C012529,2025-08-06 09:00:00,Female,51,Silver,TV,Remote_Area,1614,TV_Show,Credit_Card,9,8,2,0,>50,53.8,6.0,3.0,0.5,46,47,5725.683333333333,0.3,0.6666666666666666,0.3333333333333333,0.0,0.0,0,0,0.0,0.0,0,0,0.0,28801.190000000002,4,2,0.5,34354.1,6,3,0.5,1
LGS2ORD0027453,C014715,2025-08-06 10:00:00,Male,22,Bronze,Shopee,Songkhla,628,Lazada,Bank_Transfer,10,8,2,0,20-30,20.933333333333334,4.0,3.0,0.75,6,15,4675.0375,0.23,0.5,0.25,0.0,0.0,0,0,0.0,9554.2,1,1,1.0,11512.07,2,1,0.5,18700.15,4,3,0.75,0
LGS2ORD0027454,C015228,2025-08-06 10:00:00,Male,50,Bronze,TV,Phuket,1390,Shopee,Bank_Transfer,10,8,2,0,40-50,46.333333333333336,4.0,2.0,0.5,14,27,5904.3724999999995,0.18,0.75,0.0,0.0,0.0,0,0,0.0,11795.04,1,1,1.0,17000.11,2,1,0.5,23617.489999999998,4,2,0.5,0
LGS2ORD0027455,C010501,2025-08-06 10:00:00,Male,46,Bronze,Web,Chiang Mai,1431,Web,Credit_Card,10,8,2,0,40-50,47.7,5.0,4.0,0.8,-2,5,1998.5219999999997,0.23,0.4,0.2,0.0,1150.72,1,1,1.0,5903.410000000001,3,2,0.6666666666666666,5903.410000000001,3,2,0.6666666666666666,9992.609999999999,5,4,0.8,0
LGS2ORD0027456,C010383,2025-08-06 10:00:00,Female,48,Silver,TV,Nakhon Ratchasima,1052,TV_Show,COD,10,8,2,0,40-50,35.06666666666667,7.0,1.0,0.14285714285714285,34,9,5309.768571428571,0.2,0.42857142857142855,0.0,0.0,0.0,0,0,0.0,20542.67,2,0,0.0,34278.03,5,1,0.2,37168.38,7,1,0.14285714285714285,0
LGS2ORD0027457,C011366,2025-08-06 10:00:00,Female,63,Silver,CallCenter,Chonburi,1401,Web,Credit_Card,10,8,2,0,>50,46.7,2.0,1.0,0.5,33,44,9295.6,0.15,0.5,0.0,0.0,0.0,0,0,0.0,0.0,0,0,0.0,18591.2,2,1,0.5,18591.2,2,1,0.5,0
LGS2ORD0027458,C015193,2025-08-06 11:00:00,Male,38,Bronze,TV,Bangkok,1329,TV_Show,Credit_Card,11,8,2,0,30-40,44.3,2.0,0.0,0.0,-1,12,4480.554999999999,0.08,0.0,0.0,0.0,0.0,0,0,0.0,444.14,1,0,0.0,8961.109999999999,2,0,0.0,8961.109999999999,2,0,0.0,0
LGS2ORD0027459,C010776,2025-08-06 11:00:00,Female,67,Platinum,Lazada,Phuket,654,Web,COD,11,8,2,0,>50,21.8,2.0,0.0,0.0,-1,69,15016.135,0.3,0.0,0.5,0.0,0.0,0,0,0.0,0.0,0,0,0.0,7629.89,1,0,0.0,30032.27,2,0,0.0,0
LGS2ORD0027460,C014095,2025-08-06 11:00:00,Female,21,Silver,Web,Chiang Mai,1308,Lazada,PromptPay,11,8,2,0,20-30,43.6,0.0,0.0,0.0,-1,-1,0.0,0.0,0.0,0.0,0.0,0.0,0,0,0.0,0.0,0,0,0.0,0.0,0,0,0.0,0.0,0,0,0.0,0
LGS2ORD0027461,C017201,2025-08-06 11:00:00,Male,23,Silver,Web,Bangkok,880,Shopee,COD,11,8,2,0,20-30,29.333333333333332,0.0,0.0,0.0,-1,-1,0.0,0.0,0.0,0.0,0.0,0.0,0,0,0.0,0.0,0,0,0.0,0.0,0,0,0.0,0.0,0,0,0.0,0
LGS2ORD0027462,C014002,2025-08-06 11:00:00,Male,36,Bronze,TV,Bangkok,632,CallCenter,COD,11,8,2,0,30-40,21.066666666666666,4.0,2.0,0.5,26,34,1857.0,0.23,0.75,0.25,0.0,0.0,0,0,0.0,0.0,0,0,0.0,4398.320000000001,3,2,0.6666666666666666,7428.0,4,2,0.5,1
LGS2ORD0027463,C015711,2025-08-06 12:00:00,Female,45,Gold,Web,Khon Kaen,1590,TV_Show,COD,12,8,2,0,40-50,53.0,4.0,1.0,0.25,134,37,3013.6024999999995,0.28,0.5,0.75,0.0,0.0,0,0,0.0,0.0,0,0,0.0,6960.51,3,0,0.0,12054.409999999998,4,1,0.25,0
LGS2ORD0027464,C011065,2025-08-06 12:00:00,Male,35,Platinum,Web,Chiang Mai,1011,Shopee,Credit_Card,12,8,2,0,30-40,33.7,5.0,0.0,0.0,-1,33,5331.773999999999,0.25,0.6,0.2,0.0,0.0,0,0,0.0,0.0,0,0,0.0,11775.86,2,0,0.0,26658.87,5,0,0.0,0
LGS2ORD0027465,C017429,2025-08-06 12:00:00,Male,42,Silver,TV,Nakhon Ratchasima,965,TV_Show,PromptPay,12,8,2,0,40-50,32.166666666666664,4.0,0.0,0.0,-1,23,3753.74,0.25,0.5,0.25,0.0,0.0,0,0,0.0,1447.37,1,0,0.0,1447.37,1,0,0.0,15014.96,4,0,0.0,0
LGS2ORD0027466,C014864,2025-08-06 12:00:00,Male,42,Gold,TV,Khon Kaen,527,Shopee,COD,12,8,2,0,40-50,17.566666666666666,3.0,0.0,0.0,-1,9,7293.116666666666,0.28,0.3333333333333333,0.6666666666666666,0.0,0.0,0,0,0.0,15655.75,1,0,0.0,17818.78,2,0,0.0,21879.35,3,0,0.0,0
LGS2ORD0027467,C017846,2025-08-06 12:00:00,Female,54,Gold,TV,Songkhla,534,Shopee,COD,12,8,2,0,>50,17.8,7.0,1.0,0.14285714285714285,124,0,6857.125714285714,0.33,0.42857142857142855,0.14285714285714285,0.0,12584.07,1,0,0.0,12584.07,1,0,0.0,14241.14,2,0,0.0,47999.88,7,1,0.14285714285714285,1
LGS2ORD0027468,C013302,2025-08-06 12:00:00,Male,56,Silver,TV,Remote_Area,1281,TV_Show,Bank_Transfer,12,8,2,0,>50,42.7,5.0,2.0,0.4,30,39,3296.762,0.3,0.4,0.6,0.0,0.0,0,0,0.0,0.0,0,0,0.0,5163.5,3,2,0.6666666666666666,16483.81,5,2,0.4,1
LGS2ORD0027469,C017867,2025-08-06 13:00:00,Male,32,Bronze,Web,Remote_Area,1503,Web,COD,13,8,2,0,30-40,50.1,6.0,0.0,0.0,-1,41,6204.193333333333,0.18,0.5,0.0,0.0,0.0,0,0,0.0,0.0,0,0,0.0,8161.719999999999,2,0,0.0,37225.159999999996,6,0,0.0,0
LGS2ORD0027470,C015888,2025-08-06 13:00:00,Male,34,Gold,Shopee,Khon Kaen,875,TV_Show,PromptPay,13,8,2,0,30-40,29.166666666666668,5.0,0.0,0.0,-1,13,1581.048,0.2299999999999999,0.2,0.6,0.0,0.0,0,0,0.0,1581.42,1,0,0.0,2060.44,2,0,0.0,7905.24,5,0,0.0,1
LGS2ORD0027471,C012799,2025-08-06 13:00:00,Male,38,Gold,TV,Chonburi,671,Lazada,COD,13,8,2,0,30-40,22.366666666666667,1.0,0.0,0.0,-1,184,7403.89,0.28,0.0,1.0,0.0,0.0,0,0,0.0,0.0,0,0,0.0,0.0,0,0,0.0,7403.89,1,0,0.0,0
LGS2ORD0027472,C013655,2025-08-06 13:00:00,Female,23,Silver,TV,Khon Kaen,1544,Web,Bank_Transfer,13,8,2,0,20-30,51.46666666666667,1.0,0.0,0.0,-1,39,854.96,0.05,0.0,0.0,0.0,0.0,0,0,0.0,0.0,0,0,0.0,854.96,1,0,0.0,854.96,1,0,0.0,0
LGS2ORD0027473,C016704,2025-08-06 13:00:00,Male,39,Silver,TV,Remote_Area,444,Shopee,COD,13,8,2,0,30-40,14.8,2.0,1.0,0.5,44,56,3579.61,0.3,0.5,0.5,0.0,0.0,0,0,0.0,0.0,0,0,0.0,7159.22,2,1,0.5,7159.22,2,1,0.5,0
LGS2ORD0027474,C011756,2025-08-06 14:00:00,Female,59,Bronze,Web,Chiang Mai,1507,CallCenter,COD,14,8,2,0,>50,50.233333333333334,3.0,0.0,0.0,-1,70,3583.733333333333,0.18,0.3333333333333333,0.0,0.0,0.0,0,0,0.0,0.0,0,0,0.0,706.56,1,0,0.0,10751.199999999999,3,0,0.0,0
LGS2ORD0027475,C017548,2025-08-06 14:00:00,Female,47,Gold,Shopee,Bangkok,886,Shopee,COD,14,8,2,0,40-50,29.533333333333335,4.0,1.0,0.25,16,27,2078.425,0.33,0.0,0.25,0.0,0.0,0,0,0.0,1551.71,1,1,1.0,1551.71,1,1,1.0,8313.7,4,1,0.25,0
LGS2ORD0027476,C010840,2025-08-06 14:00:00,Female,29,Bronze,Web,Chiang Mai,1016,TV_Show,COD,14,8,2,0,20-30,33.86666666666667,3.0,0.0,0.0,-1,30,9528.346666666666,0.08,0.3333333333333333,0.0,0.0,0.0,0,0,0.0,0.0,0,0,0.0,10083.91,1,0,0.0,28585.039999999997,3,0,0.0,0
LGS2ORD0027477,C015949,2025-08-06 14:00:00,Female,46,Bronze,TV,Nakhon Ratchasima,1190,TV_Show,COD,14,8,2,0,40-50,39.666666666666664,8.0,0.0,0.0,-1,31,9433.807499999999,0.28,0.25,0.5,0.0,0.0,0,0,0.0,0.0,0,0,0.0,20402.260000000002,3,0,0.0,75470.45999999999,8,0,0.0,0
LGS2ORD0027478,C010413,2025-08-06 14:00:00,Female,28,Gold,Shopee,Bangkok,1175,Shopee,Bank_Transfer,14,8,2,0,20-30,39.166666666666664,1.0,0.0,0.0,-1,30,9319.01,0.13,0.0,0.0,0.0,0.0,0,0,0.0,0.0,0,0,0.0,9319.01,1,0,0.0,9319.01,1,0,0.0,0
LGS2ORD0027479,C016207,2025-08-06 15:00:00,Male,32,Bronze,Lazada,Chonburi,787,Lazada,COD,15,8,2,0,30-40,26.233333333333334,2.0,1.0,0.5,153,95,2214.3199999999997,0.23,0.5,1.0,0.0,0.0,0,0,0.0,0.0,0,0,0.0,0.0,0,0,0.0,4428.639999999999,2,1,0.5,0
LGS2ORD0027480,C012301,2025-08-06 15:00:00,Male,48,Bronze,TV,Songkhla,550,Web,PromptPay,15,8,2,0,40-50,18.333333333333332,3.0,2.0,0.6666666666666666,44,57,2903.7833333333333,0.18,0.6666666666666666,0.0,0.0,0.0,0,0,0.0,0.0,0,0,0.0,1335.17,1,1,1.0,8711.35,3,2,0.6666666666666666,0
LGS2ORD0027481,C014033,2025-08-06 15:00:00,Female,69,Silver,TV,Nakhon Ratchasima,572,TV_Show,PromptPay,15,8,2,0,>50,19.066666666666666,6.0,1.0,0.16666666666666666,26,41,4222.551666666666,0.25,0.8333333333333334,0.8333333333333334,0.0,0.0,0,0,0.0,0.0,0,0,0.0,9650.419999999998,3,1,0.3333333333333333,25335.309999999998,6,1,0.16666666666666666,0
LGS2ORD0027482,C014400,2025-08-06 15:00:00,Female,61,Platinum,CallCenter,Khon Kaen,1227,TV_Show,COD,15,8,2,0,>50,40.9,2.0,0.0,0.0,-1,85,3732.59,0.35,0.0,1.0,0.0,0.0,0,0,0.0,0.0,0,0,0.0,4399.11,1,0,0.0,7465.18,2,0,0.0,0
LGS2ORD0027483,C017659,2025-08-06 15:00:00,Male,45,Gold,TV,Bangkok,470,TV_Show,COD,15,8,2,0,40-50,15.666666666666666,4.0,2.0,0.5,109,120,3794.0675000000006,0.28,0.5,0.5,0.0,0.0,0,0,0.0,0.0,0,0,0.0,0.0,0,0,0.0,15176.270000000002,4,2,0.5,0
LGS2ORD0027484,C011094,2025-08-06 16:00:00,Male,67,Bronze,CallCenter,Khon Kaen,793,Shopee,COD,16,8,2,0,>50,26.433333333333334,2.0,0.0,0.0,-1,63,1094.72,0.13,0.0,0.0,0.0,0.0,0,0,0.0,0.0,0,0,0.0,652.78,1,0,0.0,2189.44,2,0,0.0,0
LGS2ORD0027485,C016970,2025-08-06 16:00:00,Female,70,Bronze,Lazada,Chiang Mai,675,Web,PromptPay,16,8,2,0,>50,22.5,7.0,1.0,0.14285714285714285,105,68,5354.7757142857145,0.28,0.2857142857142857,0.14285714285714285,0.0,0.0,0,0,0.0,0.0,0,0,0.0,7850.38,1,0,0.0,37483.43,7,1,0.14285714285714285,0
LGS2ORD0027486,C014582,2025-08-06 16:00:00,Male,33,Silver,CallCenter,Bangkok,619,CallCenter,COD,16,8,2,0,30-40,20.633333333333333,4.0,1.0,0.25,30,43,1412.8125,0.3,0.0,0.75,0.0,0.0,0,0,0.0,0.0,0,0,0.0,618.21,1,1,1.0,5651.25,4,1,0.25,0
LGS2ORD0027487,C013623,2025-08-06 16:00:00,Female,47,Bronze,TV,Chonburi,1650,TV_Show,PromptPay,16,8,2,0,40-50,55.0,7.0,3.0,0.42857142857142855,-8,3,10779.98142857143,0.28,0.8571428571428571,0.5714285714285714,0.0,4006.88,1,1,1.0,7713.200000000001,2,1,0.5,61456.969999999994,5,2,0.4,75459.87000000001,7,3,0.42857142857142855,0
LGS2ORD0027488,C012174,2025-08-06 16:00:00,Female,32,Bronze,TV,Remote_Area,552,Web,Credit_Card,16,8,2,0,30-40,18.4,4.0,0.0,0.0,-1,39,9255.477499999999,0.28,0.5,0.25,0.0,0.0,0,0,0.0,0.0,0,0,0.0,1011.1,1,0,0.0,37021.909999999996,4,0,0.0,0
LGS2ORD0027489,C011621,2025-08-06 16:00:00,Female,42,Gold,Lazada,Bangkok,984,TV_Show,Credit_Card,16,8,2,0,40-50,32.8,5.0,2.0,0.4,15,15,12541.630000000001,0.28,0.6,0.6,0.0,0.0,0,0,0.0,34255.95,3,1,0.3333333333333333,34255.95,3,1,0.3333333333333333,62708.15000000001,5,2,0.4,0
LGS2ORD0027490,C012648,2025-08-06 17:00:00,Male,47,Silver,TV,Khon Kaen,554,CallCenter,COD,17,8,2,0,40-50,18.466666666666665,6.0,1.0,0.16666666666666666,170,26,3481.6,0.25,0.6666666666666666,0.16666666666666666,0.0,0.0,0,0,0.0,3234.24,1,0,0.0,7696.72,3,0,0.0,20889.6,6,1,0.16666666666666666,0
LGS2ORD0027491,C010953,2025-08-06 17:00:00,Male,38,Bronze,Web,Chiang Mai,1224,Shopee,PromptPay,17,8,2,0,30-40,40.8,4.0,2.0,0.5,17,29,2653.625,0.28,0.75,0.25,0.0,0.0,0,0,0.0,509.96,1,1,1.0,4941.63,2,1,0.5,10614.5,4,2,0.5,0
LGS2ORD0027492,C010827,2025-08-06 17:00:00,Female,35,Silver,Shopee,Chiang Mai,267,Web,COD,17,8,2,0,30-40,8.9,1.0,0.0,0.0,-1,193,4011.77,0.05,1.0,0.0,0.0,0.0,0,0,0.0,0.0,0,0,0.0,0.0,0,0,0.0,4011.77,1,0,0.0,1
LGS2ORD0027493,C016072,2025-08-06 17:00:00,Female,18,Platinum,Web,Bangkok,1016,TV_Show,Credit_Card,17,8,2,0,<20,33.86666666666667,2.0,0.0,0.0,-1,3,3021.05,0.15,0.0,0.0,0.0,2710.13,1,0,0.0,2710.13,1,0,0.0,2710.13,1,0,0.0,6042.1,2,0,0.0,0
LGS2ORD0027494,C013288,2025-08-06 17:00:00,Female,34,Bronze,Lazada,Bangkok,1437,Shopee,Bank_Transfer,17,8,2,0,30-40,47.9,5.0,1.0,0.2,34,43,7110.894,0.23,0.4,0.4,0.0,0.0,0,0,0.0,0.0,0,0,0.0,29508.69,4,1,0.25,35554.47,5,1,0.2,0
LGS2ORD0027495,C014745,2025-08-06 18:00:00,Female,30,Silver,TV,Chiang Mai,1341,Lazada,PromptPay,18,8,2,0,20-30,44.7,3.0,1.0,0.3333333333333333,180,10,2909.4266666666667,0.3,1.0,0.6666666666666666,0.0,0.0,0,0,0.0,865.6,1,0,0.0,865.6,1,0,0.0,8728.28,3,1,0.3333333333333333,0
LGS2ORD0027496,C013962,2025-08-06 18:00:00,Male,35,Bronze,Shopee,Chiang Mai,660,Web,COD,18,8,2,0,30-40,22.0,5.0,1.0,0.2,175,17,2295.242,0.28,0.4,0.2,0.0,0.0,0,0,0.0,662.52,1,0,0.0,662.52,1,0,0.0,11476.210000000001,5,1,0.2,0
LGS2ORD0027497,C014928,2025-08-06 18:00:00,Male,58,Bronze,Shopee,Bangkok,1552,Shopee,Credit_Card,18,8,2,0,>50,51.733333333333334,4.0,0.0,0.0,-1,24,3255.4425,0.23,0.75,0.5,0.0,0.0,0,0,0.0,7015.66,1,0,0.0,7015.66,1,0,0.0,13021.77,4,0,0.0,0
LGS2ORD0027498,C014745,2025-08-06 18:00:00,Female,30,Silver,TV,Chiang Mai,1341,Web,Credit_Card,18,8,2,0,20-30,44.7,3.0,1.0,0.3333333333333333,180,10,2909.4266666666667,0.3,1.0,0.6666666666666666,0.0,0.0,0,0,0.0,865.6,1,0,0.0,865.6,1,0,0.0,8728.28,3,1,0.3333333333333333,0
LGS2ORD0027499,C015899,2025-08-06 18:00:00,Female,62,Bronze,Lazada,Nakhon Ratchasima,1090,Shopee,COD,18,8,2,0,>50,36.333333333333336,5.0,1.0,0.2,61,65,3080.07,0.23,0.6,0.4,0.0,0.0,0,0,0.0,0.0,0,0,0.0,5281.57,2,1,0.5,15400.35,5,1,0.2,0
LGS2ORD0027500,C016568,2025-08-06 19:00:00,Female,56,Bronze,TV,Remote_Area,305,TV_Show,COD,19,8,2,0,>50,10.166666666666666,8.0,4.0,0.5,132,37,8079.79875,0.28,0.875,0.5,0.0,0.0,0,0,0.0,0.0,0,0,0.0,9593.29,1,0,0.0,64638.39,8,4,0.5,0
LGS2ORD0027501,C014496,2025-08-06 19:00:00,Female,57,Gold,Lazada,Khon Kaen,566,TV_Show,COD,19,8,2,0,>50,18.866666666666667,5.0,1.0,0.2,191,62,5974.665999999999,0.2299999999999999,0.4,0.2,0.0,0.0,0,0,0.0,0.0,0,0,0.0,12823.869999999999,3,0,0.0,29873.329999999998,5,1,0.2,0
LGS2ORD0027502,C017793,2025-08-06 19:00:00,Male,44,Bronze,Lazada,Nakhon Ratchasima,1628,Web,PromptPay,19,8,2,0,40-50,54.266666666666666,3.0,0.0,0.0,-1,101,2822.353333333334,0.18,0.3333333333333333,0.0,0.0,0.0,0,0,0.0,0.0,0,0,0.0,0.0,0,0,0.0,8467.060000000001,3,0,0.0,1
LGS2ORD0027503,C010423,2025-08-06 19:00:00,Male,44,Platinum,TV,Remote_Area,1651,Shopee,Bank_Transfer,19,8,2,0,40-50,55.03333333333333,5.0,0.0,0.0,-1,31,6469.402,0.3,0.0,0.4,0.0,0.0,0,0,0.0,0.0,0,0,0.0,6423.13,1,0,0.0,32347.010000000002,5,0,0.0,1
LGS2ORD0027504,C015587,2025-08-06 19:00:00,Male,69,Gold,Web,Bangkok,1128,Shopee,COD,19,8,2,0,>50,37.6,2.0,1.0,0.5,159,141,5218.474999999999,0.2299999999999999,1.0,0.5,0.0,0.0,0,0,0.0,0.0,0,0,0.0,0.0,0,0,0.0,10436.949999999999,2,1,0.5,1
LGS2ORD0027505,C017382,2025-08-06 20:00:00,Female,18,Bronze,Shopee,Chonburi,980,Lazada,Credit_Card,20,8,2,0,<20,32.666666666666664,5.0,3.0,0.6,48,3,7121.220000000001,0.18,0.6,0.0,0.0,514.5,1,0,0.0,514.5,1,0,0.0,11215.7,2,1,0.5,35606.100000000006,5,3,0.6,0
LGS2ORD0027506,C011457,2025-08-06 20:00:00,Female,47,Silver,TV,Khon Kaen,329,Shopee,COD,20,8,2,0,40-50,10.966666666666667,0.0,0.0,0.0,-1,-1,0.0,0.0,0.0,0.0,0.0,0.0,0,0,0.0,0.0,0,0,0.0,0.0,0,0,0.0,0.0,0,0,0.0,0
LGS2ORD0027507,C014870,2025-08-06 20:00:00,Male,71,Bronze,Lazada,Bangkok,1670,TV_Show,PromptPay,20,8,2,0,>50,55.666666666666664,4.0,0.0,0.0,-1,8,6436.415000000001,0.28,0.25,0.25,0.0,0.0,0,0,0.0,2492.58,1,0,0.0,2492.58,1,0,0.0,25745.660000000003,4,0,0.0,0
LGS2ORD0027508,C014140,2025-08-06 20:00:00,Female,26,Bronze,TV,Remote_Area,1659,Shopee,Bank_Transfer,20,8,2,0,20-30,55.3,4.0,1.0,0.25,80,1,3751.51,0.23,0.5,0.25,0.0,8975.83,1,0,0.0,8975.83,1,0,0.0,15006.04,4,1,0.25,15006.04,4,1,0.25,0
LGS2ORD0027509,C016721,2025-08-06 20:00:00,Female,39,Gold,Web,Khon Kaen,990,CallCenter,COD,20,8,2,0,30-40,33.0,2.0,0.0,0.0,-1,74,2093.795,0.13,0.0,0.0,0.0,0.0,0,0,0.0,0.0,0,0,0.0,2257.78,1,0,0.0,4187.59,2,0,0.0,0
LGS2ORD0027510,C017767,2025-08-06 20:00:00,Male,60,Bronze,Lazada,Phuket,539,Shopee,COD,20,8,2,0,>50,17.966666666666665,3.0,1.0,0.3333333333333333,62,80,3033.27,0.08,0.3333333333333333,0.0,0.0,0.0,0,0,0.0,0.0,0,0,0.0,3013.92,1,1,1.0,9099.81,3,1,0.3333333333333333,1
LGS2ORD0027511,C015778,2025-08-06 21:00:00,Female,38,Gold,Web,Khon Kaen,1398,TV_Show,Credit_Card,21,8,2,0,30-40,46.6,3.0,0.0,0.0,-1,42,6650.643333333333,0.28,0.6666666666666666,0.6666666666666666,0.0,0.0,0,0,0.0,0.0,0,0,0.0,19430.08,2,0,0.0,19951.93,3,0,0.0,1
LGS2ORD0027512,C014683,2025-08-06 21:00:00,Female,46,Platinum,Shopee,Chonburi,559,Lazada,PromptPay,21,8,2,0,40-50,18.633333333333333,1.0,0.0,0.0,-1,46,506.85,0.1,0.0,0.0,0.0,0.0,0,0,0.0,0.0,0,0,0.0,506.85,1,0,0.0,506.85,1,0,0.0,0
LGS2ORD0027513,C016958,2025-08-06 21:00:00,Male,56,Silver,TV,Bangkok,1616,Web,COD,21,8,2,0,>50,53.86666666666667,4.0,1.0,0.25,89,21,6760.7775,0.3,0.25,0.5,0.0,0.0,0,0,0.0,4431.25,1,0,0.0,6743.18,2,0,0.0,27043.11,4,1,0.25,0
LGS2ORD0027514,C013617,2025-08-06 21:00:00,Female,56,Bronze,TV,Phuket,703,TV_Show,Bank_Transfer,21,8,2,0,>50,23.433333333333334,4.0,2.0,0.5,78,90,6433.9925,0.23,0.75,0.25,0.0,0.0,0,0,0.0,0.0,0,0,0.0,0.0,0,0,0.0,25735.97,4,2,0.5,0
LGS2ORD0027515,C015643,2025-08-06 21:00:00,Male,60,Bronze,TV,Khon Kaen,589,TV_Show,Credit_Card,21,8,2,0,>50,19.633333333333333,5.0,0.0,0.0,-1,12,3597.7160000000003,0.28,0.8,0.2,0.0,0.0,0,0,0.0,12315.560000000001,2,0,0.0,17333.37,4,0,0.0,17988.58,5,0,0.0,0
LGS2ORD0027516,C012921,2025-08-06 22:00:00,Male,54,Bronze,Lazada,Bangkok,603,Web,Credit_Card,22,8,2,0,>50,20.1,2.0,1.0,0.5,0,12,3861.235,0.03,0.0,0.0,0.0,0.0,0,0,0.0,1214.39,1,1,1.0,1214.39,1,1,1.0,7722.47,2,1,0.5,0
LGS2ORD0027517,C017398,2025-08-06 22:00:00,Male,18,Gold,TV,Chiang Mai,1331,Shopee,PromptPay,22,8,2,0,<20,44.36666666666667,4.0,0.0,0.0,-1,44,2554.44,0.18,0.25,0.0,0.0,0.0,0,0,0.0,0.0,0,0,0.0,5164.51,2,0,0.0,10217.76,4,0,0.0,1
LGS2ORD0027518,C016487,2025-08-06 22:00:00,Male,38,Silver,Web,Songkhla,989,TV_Show,Bank_Transfer,22,8,2,0,30-40,32.96666666666667,5.0,2.0,0.4,81,21,9153.296,0.25,0.4,0.4,0.0,0.0,0,0,0.0,2911.12,1,0,0.0,12377.849999999999,2,0,0.0,45766.48,5,2,0.4,0
LGS2ORD0027519,C012608,2025-08-06 22:00:00,Female,62,Platinum,Shopee,Chiang Mai,1374,Lazada,COD,22,8,2,0,>50,45.8,2.0,0.0,0.0,-1,121,4291.19,0.3,0.5,0.5,0.0,0.0,0,0,0.0,0.0,0,0,0.0,0.0,0,0,0.0,8582.38,2,0,0.0,0
LGS2ORD0027520,C012829,2025-08-06 22:00:00,Female,72,Silver,TV,Bangkok,1048,Web,Bank_Transfer,22,8,2,0,>50,34.93333333333333,11.0,5.0,0.45454545454545453,4,15,5674.319090909091,0.25,0.7272727272727273,0.18181818181818182,0.0,0.0,0,0,0.0,12604.369999999999,2,1,0.5,18250.11,4,2,0.5,62417.51,11,5,0.45454545454545453,0
LGS2ORD0027521,C010695,2025-08-06 23:00:00,Male,55,Bronze,Web,Songkhla,251,Shopee,COD,23,8,2,0,>50,8.366666666666667,7.0,3.0,0.42857142857142855,22,2,4706.791428571429,0.18,0.42857142857142855,0.0,0.0,11028.03,1,0,0.0,11028.03,1,0,0.0,11915.6,2,1,0.5,32947.54,7,3,0.42857142857142855,0
LGS2ORD0027522,C013194,2025-08-06 23:00:00,Male,22,Bronze,TV,Bangkok,629,Web,COD,23,8,2,0,20-30,20.966666666666665,6.0,1.0,0.16666666666666666,87,48,4117.858333333334,0.23,0.5,0.3333333333333333,0.0,0.0,0,0,0.0,0.0,0,0,0.0,1300.92,1,0,0.0,24707.15,6,1,0.16666666666666666,1
LGS2ORD0027523,C013677,2025-08-06 23:00:00,Female,46,Silver,Web,Bangkok,805,Web,PromptPay,23,8,2,0,40-50,26.833333333333332,1.0,0.0,0.0,-1,213,2286.07,0.05,1.0,0.0,0.0,0.0,0,0,0.0,0.0,0,0,0.0,0.0,0,0,0.0,2286.07,1,0,0.0,0
LGS2ORD0027524,C012751,2025-08-06 23:00:00,Other,34,Silver,Web,Chiang Mai,432,Lazada,COD,23,8,2,0,30-40,14.4,1.0,0.0,0.0,-1,27,790.13,0.2,1.0,0.0,0.0,0.0,0,0,0.0,790.13,1,0,0.0,790.13,1,0,0.0,790.13,1,0,0.0,0
LGS2ORD0027525,C015375,2025-08-06 23:00:00,Male,43,Silver,Web,Chiang Mai,462,CallCenter,Credit_Card,23,8,2,0,40-50,15.4,0.0,0.0,0.0,-1,-1,0.0,0.0,0.0,0.0,0.0,0.0,0,0,0.0,0.0,0,0,0.0,0.0,0,0,0.0,0.0,0,0,0.0,0
LGS2ORD0027526,C017198,2025-08-07 00:00:00,Male,51,Bronze,Shopee,Chonburi,1494,Lazada,PromptPay,0,8,3,0,>50,49.8,4.0,0.0,0.0,-1,37,6907.89,0.28,0.5,0.25,0.0,0.0,0,0,0.0,0.0,0,0,0.0,1533.38,1,0,0.0,27631.56,4,0,0.0,0
LGS2ORD0027527,C014372,2025-08-07 00:00:00,Female,40,Silver,Web,Songkhla,490,CallCenter,COD,0,8,3,0,30-40,16.333333333333332,8.0,1.0,0.125,-5,5,4787.83375,0.3,0.625,0.125,0.0,2246.23,1,1,1.0,3740.35,2,1,0.5,3740.35,2,1,0.5,38302.67,8,1,0.125,0
LGS2ORD0027528,C014297,2025-08-07 00:00:00,Female,44,Silver,Web,Bangkok,1428,Lazada,Credit_Card,0,8,3,0,40-50,47.6,5.0,2.0,0.4,113,6,3330.6979999999994,0.2,0.4,0.0,0.0,2889.49,1,0,0.0,2889.49,1,0,0.0,2889.49,1,0,0.0,16653.489999999998,5,2,0.4,0
LGS2ORD0027529,C014673,2025-08-07 00:00:00,Male,33,Silver,Shopee,Khon Kaen,1023,Shopee,Bank_Transfer,0,8,3,0,30-40,34.1,2.0,0.0,0.0,-1,125,4030.78,0.2,0.5,0.0,0.0,0.0,0,0,0.0,0.0,0,0,0.0,0.0,0,0,0.0,8061.56,2,0,0.0,0
LGS2ORD0027530,C016032,2025-08-07 00:00:00,Male,41,Bronze,CallCenter,Songkhla,772,Shopee,COD,0,8,3,0,40-50,25.733333333333334,6.0,1.0,0.16666666666666666,61,28,6500.863333333334,0.18,0.5,0.0,0.0,0.0,0,0,0.0,7577.53,1,0,0.0,33871.86,5,1,0.2,39005.18,6,1,0.16666666666666666,0
LGS2ORD0027531,C014358,2025-08-07 00:00:00,Male,34,Gold,Web,Chiang Mai,966,Shopee,COD,0,8,3,0,30-40,32.2,5.0,1.0,0.2,140,24,5820.086,0.33,0.8,0.4,0.0,0.0,0,0,0.0,3947.02,1,0,0.0,11833.34,2,0,0.0,29100.43,5,1,0.2,0
LGS2ORD0027532,C013935,2025-08-07 01:00:00,Female,69,Bronze,Shopee,Chonburi,1348,Lazada,Credit_Card,1,8,3,0,>50,44.93333333333333,3.0,0.0,0.0,-1,19,7671.046666666666,0.23,0.3333333333333333,0.3333333333333333,0.0,0.0,0,0,0.0,9468.97,1,0,0.0,15877.77,2,0,0.0,23013.14,3,0,0.0,1
LGS2ORD0027533,C015153,2025-08-07 01:00:00,Male,71,Silver,TV,Bangkok,1375,TV_Show,PromptPay,1,8,3,0,>50,45.833333333333336,3.0,1.0,0.3333333333333333,82,95,1404.9833333333333,0.25,0.0,0.3333333333333333,0.0,0.0,0,0,0.0,0.0,0,0,0.0,0.0,0,0,0.0,4214.95,3,1,0.3333333333333333,1
LGS2ORD0027534,C016123,2025-08-07 01:00:00,Male,33,Bronze,TV,Bangkok,467,Shopee,PromptPay,1,8,3,0,30-40,15.566666666666666,2.0,0.0,0.0,-1,8,8684.029999999999,0.18,0.5,0.0,0.0,0.0,0,0,0.0,17368.059999999998,2,0,0.0,17368.059999999998,2,0,0.0,17368.059999999998,2,0,0.0,1
LGS2ORD0027535,C012299,2025-08-07 01:00:00,Female,46,Silver,TV,Nakhon Ratchasima,469,Web,COD,1,8,3,0,40-50,15.633333333333333,2.0,1.0,0.5,69,41,5422.505,0.2,0.5,0.0,0.0,0.0,0,0,0.0,0.0,0,0,0.0,10845.01,2,1,0.5,10845.01,2,1,0.5,1
LGS2ORD0027536,C012750,2025-08-07 01:00:00,Female,18,Bronze,Web,Bangkok,990,Shopee,COD,1,8,3,0,<20,33.0,4.0,1.0,0.25,203,21,4580.335000000001,0.18,0.75,0.0,0.0,0.0,0,0,0.0,560.58,1,0,0.0,6867.59,2,0,0.0,18321.340000000004,4,1,0.25,0
LGS2ORD0027537,C016914,2025-08-07 02:00:00,Female,39,Bronze,Shopee,Phuket,1531,CallCenter,COD,2,8,3,0,30-40,51.03333333333333,9.0,4.0,0.4444444444444444,50,14,8736.355555555556,0.28,0.4444444444444444,0.2222222222222222,0.0,0.0,0,0,0.0,38189.77,1,0,0.0,51435.369999999995,4,2,0.5,78627.2,9,4,0.4444444444444444,0
LGS2ORD0027538,C010798,2025-08-07 02:00:00,Female,28,Silver,Lazada,Phuket,425,Web,COD,2,8,3,0,20-30,14.166666666666666,4.0,2.0,0.5,25,36,8231.5,0.25,0.75,0.25,0.0,0.0,0,0,0.0,0.0,0,0,0.0,1803.92,1,1,1.0,32926.0,4,2,0.5,0
LGS2ORD0027539,C013715,2025-08-07 02:00:00,Female,41,Silver,Shopee,Bangkok,376,Web,PromptPay,2,8,3,0,40-50,12.533333333333333,5.0,1.0,0.2,194,65,8036.836,0.2,0.6,0.0,0.0,0.0,0,0,0.0,0.0,0,0,0.0,12295.25,2,0,0.0,40184.18,5,1,0.2,1
LGS2ORD0027540,C014937,2025-08-07 02:00:00,Male,42,Bronze,Shopee,Phuket,1291,Lazada,COD,2,8,3,0,40-50,43.03333333333333,4.0,1.0,0.25,20,13,6085.985,0.18,1.0,0.0,0.0,0.0,0,0,0.0,16130.66,2,1,0.5,16130.66,2,1,0.5,24343.94,4,1,0.25,1
LGS2ORD0027541,C012436,2025-08-07 02:00:00,Male,49,Bronze,Shopee,Bangkok,437,Lazada,Credit_Card,2,8,3,0,40-50,14.566666666666666,0.0,0.0,0.0,-1,-1,0.0,0.0,0.0,0.0,0.0,0.0,0,0,0.0,0.0,0,0,0.0,0.0,0,0,0.0,0.0,0,0,0.0,0
LGS2ORD0027542,C010738,2025-08-07 03:00:00,Male,28,Silver,Web,Bangkok,906,Lazada,Bank_Transfer,3,8,3,0,20-30,30.2,4.0,2.0,0.5,21,31,8729.39,0.1,0.5,0.0,0.0,0.0,0,0,0.0,0.0,0,0,0.0,4457.13,1,1,1.0,34917.56,4,2,0.5,0
LGS2ORD0027543,C015373,2025-08-07 03:00:00,Female,47,Bronze,TV,Bangkok,1400,Shopee,COD,3,8,3,0,40-50,46.666666666666664,8.0,2.0,0.25,-8,0,3597.86875,0.13,0.75,0.0,0.0,2093.79,1,1,1.0,2093.79,1,1,1.0,3043.11,2,2,1.0,28782.95,8,2,0.25,0
LGS2ORD0027544,C014092,2025-08-07 03:00:00,Other,54,Bronze,Lazada,Bangkok,582,CallCenter,Bank_Transfer,3,8,3,0,>50,19.4,2.0,1.0,0.5,23,30,20512.82,0.23,1.0,0.5,0.0,0.0,0,0,0.0,0.0,0,0,0.0,28848.7,1,1,1.0,41025.64,2,1,0.5,0
LGS2ORD0027545,C016949,2025-08-07 03:00:00,Other,41,Silver,Shopee,Remote_Area,791,CallCenter,Credit_Card,3,8,3,0,40-50,26.366666666666667,0.0,0.0,0.0,-1,-1,0.0,0.0,0.0,0.0,0.0,0.0,0,0,0.0,0.0,0,0,0.0,0.0,0,0,0.0,0.0,0,0,0.0,0
LGS2ORD0027546,C015663,2025-08-07 03:00:00,Female,54,Bronze,CallCenter,Chiang Mai,1254,Web,Credit_Card,3,8,3,0,>50,41.8,3.0,2.0,0.6666666666666666,-4,4,9170.61,0.28,0.3333333333333333,0.3333333333333333,0.0,4354.04,1,1,1.0,4354.04,1,1,1.0,4354.04,1,1,1.0,27511.83,3,2,0.6666666666666666,0
LGS2ORD0027547,C010712,2025-08-07 03:00:00,Male,28,Silver,TV,Bangkok,289,Web,Credit_Card,3,8,3,0,20-30,9.633333333333333,1.0,0.0,0.0,-1,125,2536.95,0.1,0.0,0.0,0.0,0.0,0,0,0.0,0.0,0,0,0.0,0.0,0,0,0.0,2536.95,1,0,0.0,0
LGS2ORD0027548,C010204,2025-08-07 04:00:00,Male,18,Bronze,Shopee,Bangkok,1303,CallCenter,COD,4,8,3,0,<20,43.43333333333333,1.0,0.0,0.0,-1,92,604.74,0.18,0.0,0.0,0.0,0.0,0,0,0.0,0.0,0,0,0.0,0.0,0,0,0.0,604.74,1,0,0.0,0
LGS2ORD0027549,C010818,2025-08-07 04:00:00,Male,36,Bronze,Web,Nakhon Ratchasima,404,CallCenter,COD,4,8,3,0,30-40,13.466666666666667,4.0,1.0,0.25,185,9,3156.5,0.28,0.5,0.5,0.0,0.0,0,0,0.0,2762.27,1,0,0.0,5200.48,2,0,0.0,12626.0,4,1,0.25,0
LGS2ORD0027550,C010453,2025-08-07 04:00:00,Female,42,Gold,TV,Bangkok,1515,TV_Show,PromptPay,4,8,3,0,40-50,50.5,2.0,0.0,0.0,-1,20,12818.915,0.33,1.0,1.0,0.0,0.0,0,0,0.0,24868.38,1,0,0.0,24868.38,1,0,0.0,25637.83,2,0,0.0,0
LGS2ORD0027551,C011408,2025-08-07 04:00:00,Female,40,Platinum,TV,Phuket,560,Shopee,Bank_Transfer,4,8,3,0,30-40,18.666666666666668,2.0,0.0,0.0,-1,82,6875.735,0.3,0.5,0.5,0.0,0.0,0,0,0.0,0.0,0,0,0.0,3213.97,1,0,0.0,13751.47,2,0,0.0,1
LGS2ORD0027552,C010898,2025-08-07 04:00:00,Female,55,Bronze,Shopee,Songkhla,1183,CallCenter,COD,4,8,3,0,>50,39.43333333333333,5.0,2.0,0.4,-11,6,5275.052000000001,0.23,0.8,0.2,0.0,6355.15,1,1,1.0,6355.15,1,1,1.0,6355.15,1,1,1.0,26375.260000000002,5,2,0.4,0
LGS2ORD0027553,C010389,2025-08-07 05:00:00,Male,46,Bronze,Shopee,Phuket,317,CallCenter,Credit_Card,5,8,3,0,40-50,10.566666666666666,3.0,1.0,0.3333333333333333,22,29,5965.243333333333,0.08,0.0,0.0,0.0,0.0,0,0,0.0,4560.9,1,1,1.0,13470.99,2,1,0.5,17895.73,3,1,0.3333333333333333,0
LGS2ORD0027554,C011529,2025-08-07 05:00:00,Female,39,Bronze,Shopee,Chiang Mai,1516,Lazada,COD,5,8,3,0,30-40,50.53333333333333,4.0,0.0,0.0,-1,8,9511.7525,0.18,0.5,0.0,0.0,0.0,0,0,0.0,11753.920000000002,2,0,0.0,38047.01,4,0,0.0,38047.01,4,0,0.0,0
LGS2ORD0027555,C016415,2025-08-07 05:00:00,Male,69,Bronze,Shopee,Nakhon Ratchasima,1542,Web,Bank_Transfer,5,8,3,0,>50,51.4,9.0,2.0,0.2222222222222222,114,117,6728.826666666667,0.23,0.4444444444444444,0.2222222222222222,0.0,0.0,0,0,0.0,0.0,0,0,0.0,0.0,0,0,0.0,60559.44,9,2,0.2222222222222222,0
LGS2ORD0027556,C011998,2025-08-07 05:00:00,Female,53,Silver,TV,Bangkok,1183,Lazada,COD,5,8,3,0,>50,39.43333333333333,6.0,1.0,0.16666666666666666,103,19,2289.1716666666666,0.25,0.6666666666666666,0.5,0.0,0.0,0,0,0.0,1958.97,1,0,0.0,4747.4,2,0,0.0,13735.03,6,1,0.16666666666666666,1
LGS2ORD0027557,C011686,2025-08-07 05:00:00,Female,53,Bronze,TV,Chiang Mai,1172,CallCenter,COD,5,8,3,0,>50,39.06666666666667,7.0,0.0,0.0,-1,17,2125.2414285714285,0.28,0.7142857142857143,0.14285714285714285,0.14285714285714285,0.0,0,0,0.0,7736.62,2,0,0.0,7736.62,2,0,0.0,14876.689999999999,7,0,0.0,0
LGS2ORD0027558,C016482,2025-08-07 06:00:00,Female,70,Bronze,CallCenter,Chonburi,1057,Lazada,COD,6,8,3,0,>50,35.233333333333334,4.0,0.0,0.0,-1,16,7475.84,0.28,0.5,0.75,0.0,0.0,0,0,0.0,20568.3,2,0,0.0,28515.010000000002,3,0,0.0,29903.36,4,0,0.0,0
LGS2ORD0027559,C010808,2025-08-07 06:00:00,Female,30,Silver,CallCenter,Chiang Mai,824,TV_Show,COD,6,8,3,0,20-30,27.466666666666665,3.0,2.0,0.6666666666666666,12,22,4066.8866666666668,0.3,0.6666666666666666,0.3333333333333333,0.0,0.0,0,0,0.0,1328.65,1,1,1.0,5746.58,2,1,0.5,12200.66,3,2,0.6666666666666666,1
LGS2ORD0027560,C011485,2025-08-07 06:00:00,Male,37,Gold,Lazada,Nakhon Ratchasima,618,Web,PromptPay,6,8,3,0,30-40,20.6,7.0,0.0,0.0,-1,1,2202.7557142857145,0.28,0.14285714285714285,0.42857142857142855,0.0,1539.36,1,0,0.0,1751.29,2,0,0.0,4968.0599999999995,3,0,0.0,15419.29,7,0,0.0,0
LGS2ORD0027561,C015768,2025-08-07 06:00:00,Female,18,Bronze,CallCenter,Nakhon Ratchasima,1562,TV_Show,Bank_Transfer,6,8,3,0,<20,52.06666666666667,6.0,4.0,0.6666666666666666,5,13,5258.751666666667,0.23,0.6666666666666666,0.3333333333333333,0.0,0.0,0,0,0.0,14033.31,2,1,0.5,14033.31,2,1,0.5,31552.510000000002,6,4,0.6666666666666666,0
LGS2ORD0027562,C011470,2025-08-07 06:00:00,Female,51,Gold,CallCenter,Phuket,1406,Web,Bank_Transfer,6,8,3,0,>50,46.86666666666667,1.0,0.0,0.0,-1,214,4193.47,0.08,1.0,0.0,0.0,0.0,0,0,0.0,0.0,0,0,0.0,0.0,0,0,0.0,4193.47,1,0,0.0,0
LGS2ORD0027563,C011683,2025-08-07 07:00:00,Female,36,Bronze,Web,Songkhla,700,TV_Show,PromptPay,7,8,3,0,30-40,23.333333333333332,1.0,0.0,0.0,-1,60,10459.17,0.18,1.0,0.0,0.0,0.0,0,0,0.0,0.0,0,0,0.0,10459.17,1,0,0.0,10459.17,1,0,0.0,0
LGS2ORD0027564,C017259,2025-08-07 07:00:00,Male,57,Bronze,Shopee,Khon Kaen,656,TV_Show,COD,7,8,3,0,>50,21.866666666666667,3.0,0.0,0.0,-1,82,2689.9100000000003,0.28,1.0,0.3333333333333333,0.0,0.0,0,0,0.0,0.0,0,0,0.0,1877.51,1,0,0.0,8069.7300000000005,3,0,0.0,1
LGS2ORD0027565,C011687,2025-08-07 07:00:00,Male,55,Bronze,TV,Chonburi,1069,Web,PromptPay,7,8,3,0,>50,35.63333333333333,2.0,1.0,0.5,85,25,16274.695,0.28,0.5,0.5,0.0,0.0,0,0,0.0,31618.43,1,0,0.0,31618.43,1,0,0.0,32549.39,2,1,0.5,0
LGS2ORD0027566,C016552,2025-08-07 07:00:00,Female,18,Bronze,Lazada,Bangkok,671,CallCenter,Bank_Transfer,7,8,3,0,<20,22.366666666666667,4.0,1.0,0.25,130,135,3992.7525,0.23,0.5,0.25,0.0,0.0,0,0,0.0,0.0,0,0,0.0,0.0,0,0,0.0,15971.01,4,1,0.25,0
LGS2ORD0027567,C016479,2025-08-07 07:00:00,Female,46,Gold,TV,Bangkok,942,TV_Show,COD,7,8,3,0,40-50,31.4,2.0,1.0,0.5,152,105,12137.805,0.08,1.0,0.0,0.0,0.0,0,0,0.0,0.0,0,0,0.0,0.0,0,0,0.0,24275.61,2,1,0.5,0
LGS2ORD0027568,C014448,2025-08-07 07:00:00,Male,67,Bronze,TV,Bangkok,1098,Web,COD,7,8,3,0,>50,36.6,2.0,1.0,0.5,149,160,3301.975,0.18,0.0,0.0,0.0,0.0,0,0,0.0,0.0,0,0,0.0,0.0,0,0,0.0,6603.95,2,1,0.5,0
LGS2ORD0027569,C012849,2025-08-07 08:00:00,Male,54,Platinum,Lazada,Chiang Mai,844,Web,PromptPay,8,8,3,0,>50,28.133333333333333,3.0,0.0,0.0,-1,80,4071.4900000000002,0.25,0.6666666666666666,0.3333333333333333,0.0,0.0,0,0,0.0,0.0,0,0,0.0,5754.42,1,0,0.0,12214.470000000001,3,0,0.0,0
LGS2ORD0027570,C010546,2025-08-07 08:00:00,Male,30,Silver,Shopee,Chiang Mai,967,CallCenter,COD,8,8,3,0,20-30,32.233333333333334,6.0,0.0,0.0,-1,4,2783.228333333334,0.2,0.0,0.0,0.0,1419.47,1,0,0.0,1419.47,1,0,0.0,10997.85,4,0,0.0,16699.370000000003,6,0,0.0,0
LGS2ORD0027571,C014281,2025-08-07 08:00:00,Male,41,Bronze,Web,Remote_Area,575,TV_Show,Credit_Card,8,8,3,0,40-50,19.166666666666668,4.0,1.0,0.25,54,55,8978.362500000001,0.18,0.75,0.0,0.0,0.0,0,0,0.0,0.0,0,0,0.0,29040.33,3,1,0.3333333333333333,35913.450000000004,4,1,0.25,1
LGS2ORD0027572,C010017,2025-08-07 08:00:00,Male,50,Silver,TV,Phuket,800,Web,COD,8,8,3,0,40-50,26.666666666666668,3.0,2.0,0.6666666666666666,157,16,2093.0733333333333,0.3,0.6666666666666666,0.3333333333333333,0.0,0.0,0,0,0.0,1300.35,1,0,0.0,1300.35,1,0,0.0,6279.219999999999,3,2,0.6666666666666666,0
LGS2ORD0027573,C013228,2025-08-07 08:00:00,Female,42,Silver,TV,Bangkok,598,Web,COD,8,8,3,0,40-50,19.933333333333334,2.0,0.0,0.0,-1,126,4329.18,0.2,0.5,0.0,0.0,0.0,0,0,0.0,0.0,0,0,0.0,0.0,0,0,0.0,8658.36,2,0,0.0,0
LGS2ORD0027574,C011637,2025-08-07 09:00:00,Male,36,Gold,Shopee,Nakhon Ratchasima,1155,Shopee,PromptPay,9,8,3,0,30-40,38.5,4.0,0.0,0.0,-1,70,4502.455,0.2299999999999999,0.25,0.5,0.0,0.0,0,0,0.0,0.0,0,0,0.0,9144.32,2,0,0.0,18009.82,4,0,0.0,0
LGS2ORD0027575,C011795,2025-08-07 09:00:00,Female,42,Platinum,Web,Chonburi,1312,Shopee,Credit_Card,9,8,3,0,40-50,43.733333333333334,0.0,0.0,0.0,-1,-1,0.0,0.0,0.0,0.0,0.0,0.0,0,0,0.0,0.0,0,0,0.0,0.0,0,0,0.0,0.0,0,0,0.0,0
LGS2ORD0027576,C013139,2025-08-07 09:00:00,Male,26,Silver,TV,Nakhon Ratchasima,1412,Shopee,COD,9,8,3,0,20-30,47.06666666666667,2.0,1.0,0.5,-4,2,2610.355,0.15,0.5,0.0,0.0,2666.13,1,1,1.0,2666.13,1,1,1.0,2666.13,1,1,1.0,5220.71,2,1,0.5,0
LGS2ORD0027577,C010026,2025-08-07 09:00:00,Female,51,Bronze,Web,Bangkok,745,Web,COD,9,8,3,0,>50,24.833333333333332,8.0,2.0,0.25,131,19,5217.2025,0.28,0.5,0.125,0.0,0.0,0,0,0.0,4012.79,2,0,0.0,38069.270000000004,6,0,0.0,41737.62,8,2,0.25,0
LGS2ORD0027578,C014495,2025-08-07 09:00:00,Male,40,Bronze,TV,Bangkok,1110,TV_Show,PromptPay,9,8,3,0,30-40,37.0,4.0,1.0,0.25,107,49,3078.7549999999997,0.28,0.5,0.5,0.0,0.0,0,0,0.0,0.0,0,0,0.0,1644.02,2,0,0.0,12315.019999999999,4,1,0.25,0
LGS2ORD0027579,C010340,2025-08-07 10:00:00,Male,53,Platinum,Shopee,Khon Kaen,1409,Lazada,COD,10,8,3,0,>50,46.96666666666667,9.0,1.0,0.1111111111111111,139,61,1622.4766666666667,0.25,0.7777777777777778,0.3333333333333333,0.0,0.0,0,0,0.0,0.0,0,0,0.0,4004.17,2,0,0.0,14602.29,9,1,0.1111111111111111,0
LGS2ORD0027580,C010238,2025-08-07 10:00:00,Male,39,Gold,CallCenter,Bangkok,471,TV_Show,Credit_Card,10,8,3,0,30-40,15.7,3.0,1.0,0.3333333333333333,3,12,1897.6299999999999,0.2299999999999999,0.3333333333333333,0.3333333333333333,0.0,0.0,0,0,0.0,5692.889999999999,3,1,0.3333333333333333,5692.889999999999,3,1,0.3333333333333333,5692.889999999999,3,1,0.3333333333333333,0
LGS2ORD0027581,C017848,2025-08-07 10:00:00,Male,44,Silver,TV,Chonburi,614,Web,COD,10,8,3,0,40-50,20.466666666666665,4.0,0.0,0.0,-1,130,8155.62,0.2,0.5,0.0,0.0,0.0,0,0,0.0,0.0,0,0,0.0,0.0,0,0,0.0,32622.48,4,0,0.0,0
LGS2ORD0027582,C014124,2025-08-07 10:00:00,Female,45,Bronze,Shopee,Remote_Area,1343,Web,COD,10,8,3,0,40-50,44.766666666666666,6.0,2.0,0.3333333333333333,19,6,5333.673333333333,0.23,0.8333333333333334,0.16666666666666666,0.0,11220.42,1,0,0.0,11220.42,1,0,0.0,13297.82,2,1,0.5,32002.04,6,2,0.3333333333333333,0
LGS2ORD0027583,C010941,2025-08-07 10:00:00,Female,36,Silver,TV,Bangkok,963,Lazada,Bank_Transfer,10,8,3,0,30-40,32.1,6.0,3.0,0.5,59,14,2555.061666666667,0.3,1.0,0.5,0.0,0.0,0,0,0.0,1477.18,2,0,0.0,5162.16,3,1,0.3333333333333333,15330.37,6,3,0.5,0
LGS2ORD0027584,C012612,2025-08-07 11:00:00,Male,46,Bronze,Shopee,Bangkok,1272,Web,COD,11,8,3,0,40-50,42.4,4.0,1.0,0.25,114,67,3789.58,0.28,0.75,0.75,0.0,0.0,0,0,0.0,0.0,0,0,0.0,9681.199999999999,2,0,0.0,15158.32,4,1,0.25,0
LGS2ORD0027585,C017192,2025-08-07 11:00:00,Male,33,Gold,Web,Chiang Mai,411,Shopee,COD,11,8,3,0,30-40,13.7,4.0,0.0,0.0,-1,34,5392.280000000001,0.33,0.5,0.5,0.0,0.0,0,0,0.0,0.0,0,0,0.0,17007.66,2,0,0.0,21569.120000000003,4,0,0.0,0
LGS2ORD0027586,C013848,2025-08-07 11:00:00,Female,38,Silver,CallCenter,Bangkok,1000,TV_Show,Bank_Transfer,11,8,3,0,30-40,33.333333333333336,3.0,1.0,0.3333333333333333,197,130,4446.56,0.2,0.3333333333333333,0.0,0.0,0.0,0,0,0.0,0.0,0,0,0.0,0.0,0,0,0.0,13339.68,3,1,0.3333333333333333,1
LGS2ORD0027587,C011445,2025-08-07 11:00:00,Female,39,Bronze,Lazada,Bangkok,494,CallCenter,Bank_Transfer,11,8,3,0,30-40,16.466666666666665,2.0,2.0,1.0,78,86,7510.59,0.28,1.0,0.5,0.0,0.0,0,0,0.0,0.0,0,0,0.0,3752.57,1,1,1.0,15021.18,2,2,1.0,1
LGS2ORD0027588,C016036,2025-08-07 11:00:00,Female,60,Silver,Shopee,Songkhla,1270,TV_Show,Credit_Card,11,8,3,0,>50,42.333333333333336,1.0,1.0,1.0,93,109,3684.63,0.15,1.0,0.0,0.0,0.0,0,0,0.0,0.0,0,0,0.0,0.0,0,0,0.0,3684.63,1,1,1.0,0
LGS2ORD0027589,C010586,2025-08-07 11:00:00,Female,41,Bronze,Shopee,Khon Kaen,1531,TV_Show,COD,11,8,3,0,40-50,51.03333333333333,4.0,0.0,0.0,-1,52,10642.76,0.08,0.25,0.0,0.0,0.0,0,0,0.0,0.0,0,0,0.0,25792.45,2,0,0.0,42571.04,4,0,0.0,0
LGS2ORD0027590,C010049,2025-08-07 12:00:00,Male,19,Silver,CallCenter,Nakhon Ratchasima,1539,TV_Show,Credit_Card,12,8,3,0,<20,51.3,6.0,1.0,0.16666666666666666,28,11,14452.988333333335,0.3,0.6666666666666666,0.5,0.0,0.0,0,0,0.0,20898.05,1,0,0.0,51142.8,3,1,0.3333333333333333,86717.93000000001,6,1,0.16666666666666666,0
LGS2ORD0027591,C012912,2025-08-07 12:00:00,Female,60,Silver,CallCenter,Khon Kaen,1107,Shopee,COD,12,8,3,0,>50,36.9,3.0,0.0,0.0,-1,39,5445.19,0.2,0.3333333333333333,0.0,0.0,0.0,0,0,0.0,0.0,0,0,0.0,5125.15,1,0,0.0,16335.57,3,0,0.0,0
LGS2ORD0027592,C010977,2025-08-07 12:00:00,Female,43,Silver,TV,Phuket,729,Lazada,PromptPay,12,8,3,0,40-50,24.3,6.0,3.0,0.5,111,13,2853.7383333333332,0.3,0.6666666666666666,0.16666666666666666,0.0,0.0,0,0,0.0,1012.29,1,0,0.0,1639.4699999999998,2,0,0.0,17122.43,6,3,0.5,0
LGS2ORD0027593,C015277,2025-08-07 12:00:00,Male,42,Bronze,Web,Bangkok,1486,Shopee,COD,12,8,3,0,40-50,49.53333333333333,5.0,0.0,0.0,-1,15,12074.181999999999,0.28,0.6,0.2,0.0,0.0,0,0,0.0,36811.24,1,0,0.0,38839.06,2,0,0.0,60370.909999999996,5,0,0.0,1
LGS2ORD0027594,C011105,2025-08-07 12:00:00,Female,58,Gold,TV,Bangkok,1226,Web,COD,12,8,3,0,>50,40.86666666666667,3.0,0.0,0.0,-1,3,2606.9233333333336,0.28,0.6666666666666666,0.6666666666666666,0.0,4497.14,1,0,0.0,4497.14,1,0,0.0,4497.14,1,0,0.0,7820.77,3,0,0.0,0
LGS2ORD0027595,C011850,2025-08-07 13:00:00,Male,57,Bronze,Shopee,Remote_Area,520,Shopee,COD,13,8,3,0,>50,17.333333333333332,7.0,2.0,0.2857142857142857,92,24,4442.211428571429,0.18,0.8571428571428571,0.0,0.0,0.0,0,0,0.0,3806.87,1,0,0.0,23067.329999999998,3,0,0.0,31095.48,7,2,0.2857142857142857,0
LGS2ORD0027596,C013671,2025-08-07 13:00:00,Male,34,Gold,Lazada,Bangkok,907,Shopee,Bank_Transfer,13,8,3,0,30-40,30.233333333333334,0.0,0.0,0.0,-1,-1,0.0,0.0,0.0,0.0,0.0,0.0,0,0,0.0,0.0,0,0,0.0,0.0,0,0,0.0,0.0,0,0,0.0,0
LGS2ORD0027597,C015725,2025-08-07 13:00:00,Male,45,Silver,Lazada,Bangkok,742,Shopee,Credit_Card,13,8,3,0,40-50,24.733333333333334,0.0,0.0,0.0,-1,-1,0.0,0.0,0.0,0.0,0.0,0.0,0,0,0.0,0.0,0,0,0.0,0.0,0,0,0.0,0.0,0,0,0.0,0
LGS2ORD0027598,C017378,2025-08-07 13:00:00,Male,36,Bronze,CallCenter,Chonburi,881,Shopee,Credit_Card,13,8,3,0,30-40,29.366666666666667,8.0,0.0,0.0,-1,18,6796.987499999999,0.23,0.625,0.125,0.0,0.0,0,0,0.0,12731.449999999999,2,0,0.0,12731.449999999999,2,0,0.0,54375.899999999994,8,0,0.0,1
LGS2ORD0027599,C015280,2025-08-07 13:00:00,Female,57,Bronze,Web,Chiang Mai,394,Web,COD,13,8,3,0,>50,13.133333333333333,1.0,0.0,0.0,-1,28,3707.31,0.28,1.0,1.0,0.0,0.0,0,0,0.0,3707.31,1,0,0.0,3707.31,1,0,0.0,3707.31,1,0,0.0,0
LGS2ORD0027600,C016244,2025-08-07 14:00:00,Female,72,Gold,Shopee,Bangkok,325,Lazada,Credit_Card,14,8,3,0,>50,10.833333333333334,4.0,0.0,0.0,-1,21,8399.5225,0.18,0.25,0.0,0.0,0.0,0,0,0.0,3028.75,1,0,0.0,8454.45,2,0,0.0,33598.09,4,0,0.0,1
LGS2ORD0027601,C011547,2025-08-07 14:00:00,Male,50,Bronze,CallCenter,Bangkok,1653,Web,Credit_Card,14,8,3,0,40-50,55.1,6.0,0.0,0.0,-1,22,3527.0983333333334,0.28,0.6666666666666666,0.3333333333333333,0.0,0.0,0,0,0.0,1176.3,1,0,0.0,1176.3,1,0,0.0,21162.59,6,0,0.0,0
LGS2ORD0027602,C011857,2025-08-07 14:00:00,Male,37,Bronze,Web,Songkhla,1581,TV_Show,COD,14,8,3,0,30-40,52.7,7.0,2.0,0.2857142857142857,30,44,4243.431428571429,0.23,0.5714285714285714,0.2857142857142857,0.0,0.0,0,0,0.0,0.0,0,0,0.0,21948.37,3,1,0.3333333333333333,29704.02,7,2,0.2857142857142857,0
LGS2ORD0027603,C017151,2025-08-07 14:00:00,Female,29,Bronze,TV,Songkhla,1551,Web,Credit_Card,14,8,3,0,20-30,51.7,4.0,1.0,0.25,123,123,13623.555,0.18,0.5,0.0,0.0,0.0,0,0,0.0,0.0,0,0,0.0,0.0,0,0,0.0,54494.22,4,1,0.25,0
LGS2ORD0027604,C013839,2025-08-07 14:00:00,Female,61,Bronze,TV,Bangkok,424,TV_Show,Credit_Card,14,8,3,0,>50,14.133333333333333,4.0,2.0,0.5,109,120,4442.905,0.28,0.25,0.25,0.0,0.0,0,0,0.0,0.0,0,0,0.0,0.0,0,0,0.0,17771.62,4,2,0.5,0
LGS2ORD0027605,C012673,2025-08-07 15:00:00,Female,29,Platinum,TV,Bangkok,1260,Web,Credit_Card,15,8,3,0,20-30,42.0,3.0,0.0,0.0,-1,30,5989.34,0.35,0.6666666666666666,0.6666666666666666,0.0,0.0,0,0,0.0,0.0,0,0,0.0,10066.599999999999,2,0,0.0,17968.02,3,0,0.0,0
LGS2ORD0027606,C015375,2025-08-07 15:00:00,Male,43,Silver,Web,Chiang Mai,463,TV_Show,COD,15,8,3,0,40-50,15.433333333333334,1.0,0.0,0.0,-1,0,1363.46,0.25,0.0,1.0,0.0,1363.46,1,0,0.0,1363.46,1,0,0.0,1363.46,1,0,0.0,1363.46,1,0,0.0,0
LGS2ORD0027607,C017891,2025-08-07 15:00:00,Male,40,Bronze,Shopee,Bangkok,394,TV_Show,COD,15,8,3,0,30-40,13.133333333333333,2.0,2.0,1.0,146,153,1069.575,0.28,0.5,0.5,0.0,0.0,0,0,0.0,0.0,0,0,0.0,0.0,0,0,0.0,2139.15,2,2,1.0,0
LGS2ORD0027608,C014046,2025-08-07 15:00:00,Female,39,Gold,TV,Khon Kaen,1149,Shopee,Bank_Transfer,15,8,3,0,30-40,38.3,3.0,0.0,0.0,-1,96,10220.113333333335,0.33,0.3333333333333333,0.6666666666666666,0.0,0.0,0,0,0.0,0.0,0,0,0.0,0.0,0,0,0.0,30660.340000000004,3,0,0.0,0
LGS2ORD0027609,C010128,2025-08-07 15:00:00,Male,37,Bronze,Shopee,Phuket,357,TV_Show,COD,15,8,3,0,30-40,11.9,6.0,2.0,0.3333333333333333,113,23,4110.053333333333,0.28,0.5,0.3333333333333333,0.0,0.0,0,0,0.0,2294.35,1,0,0.0,12126.32,3,0,0.0,24660.32,6,2,0.3333333333333333,1
LGS2ORD0027610,C014927,2025-08-07 15:00:00,Male,47,Bronze,Shopee,Bangkok,426,TV_Show,COD,15,8,3,0,40-50,14.2,5.0,0.0,0.0,-1,2,2246.4219999999996,0.23,1.0,0.2,0.0,1171.8,1,0,0.0,1171.8,1,0,0.0,1821.21,2,0,0.0,11232.109999999999,5,0,0.0,1
LGS2ORD0027611,C015760,2025-08-07 16:00:00,Male,60,Bronze,CallCenter,Khon Kaen,292,Web,Bank_Transfer,16,8,3,0,>50,9.733333333333333,5.0,0.0,0.0,-1,23,7156.5419999999995,0.28,0.6,0.4,0.0,0.0,0,0,0.0,24156.51,2,0,0.0,34420.69,4,0,0.0,35782.71,5,0,0.0,0
LGS2ORD0027612,C010541,2025-08-07 16:00:00,Male,49,Bronze,TV,Remote_Area,1401,Shopee,COD,16,8,3,0,40-50,46.7,4.0,3.0,0.75,31,42,5674.897500000001,0.23,1.0,0.5,0.0,0.0,0,0,0.0,0.0,0,0,0.0,8432.53,1,1,1.0,22699.590000000004,4,3,0.75,0
LGS2ORD0027613,C013195,2025-08-07 16:00:00,Female,37,Gold,Web,Khon Kaen,1212,Lazada,COD,16,8,3,0,30-40,40.4,4.0,0.0,0.0,-1,44,7167.777500000001,0.33,0.5,0.25,0.0,0.0,0,0,0.0,0.0,0,0,0.0,11980.060000000001,2,0,0.0,28671.110000000004,4,0,0.0,0
LGS2ORD0027614,C016420,2025-08-07 16:00:00,Female,33,Bronze,TV,Chiang Mai,965,Lazada,COD,16,8,3,0,30-40,32.166666666666664,5.0,1.0,0.2,206,94,5504.933999999999,0.23,0.4,0.4,0.0,0.0,0,0,0.0,0.0,0,0,0.0,0.0,0,0,0.0,27524.67,5,1,0.2,0
LGS2ORD0027615,C015071,2025-08-07 16:00:00,Female,59,Bronze,Shopee,Chonburi,1567,Shopee,COD,16,8,3,0,>50,52.233333333333334,4.0,1.0,0.25,98,105,1766.8374999999999,0.23,0.5,0.5,0.0,0.0,0,0,0.0,0.0,0,0,0.0,0.0,0,0,0.0,7067.349999999999,4,1,0.25,0
LGS2ORD0027616,C012609,2025-08-07 17:00:00,Female,65,Gold,Shopee,Bangkok,770,Shopee,Bank_Transfer,17,8,3,0,>50,25.666666666666668,3.0,0.0,0.0,-1,162,8278.14,0.18,0.0,0.0,0.0,0.0,0,0,0.0,0.0,0,0,0.0,0.0,0,0,0.0,24834.42,3,0,0.0,0
LGS2ORD0027617,C011983,2025-08-07 17:00:00,Female,50,Silver,Lazada,Chonburi,997,Lazada,Bank_Transfer,17,8,3,0,40-50,33.233333333333334,4.0,1.0,0.25,197,38,3350.5599999999995,0.3,0.25,0.25,0.0,0.0,0,0,0.0,0.0,0,0,0.0,5044.96,1,0,0.0,13402.239999999998,4,1,0.25,0
LGS2ORD0027618,C011413,2025-08-07 17:00:00,Female,38,Bronze,Shopee,Bangkok,882,Web,Credit_Card,17,8,3,0,30-40,29.4,2.0,0.0,0.0,-1,71,2389.33,0.18,1.0,0.0,0.0,0.0,0,0,0.0,0.0,0,0,0.0,1062.48,1,0,0.0,4778.66,2,0,0.0,0
LGS2ORD0027619,C016119,2025-08-07 17:00:00,Female,32,Silver,Web,Khon Kaen,1394,Web,PromptPay,17,8,3,0,30-40,46.46666666666667,2.0,0.0,0.0,-1,10,7383.845,0.3,0.5,1.0,0.0,0.0,0,0,0.0,11327.01,1,0,0.0,11327.01,1,0,0.0,14767.69,2,0,0.0,0
LGS2ORD0027620,C014000,2025-08-07 17:00:00,Female,54,Bronze,Shopee,Bangkok,604,Shopee,COD,17,8,3,0,>50,20.133333333333333,6.0,1.0,0.16666666666666666,37,43,7245.959999999999,0.23,0.5,0.3333333333333333,0.0,0.0,0,0,0.0,0.0,0,0,0.0,8224.7,2,1,0.5,43475.759999999995,6,1,0.16666666666666666,0
LGS2ORD0027621,C013449,2025-08-07 18:00:00,Female,52,Bronze,Web,Chonburi,1118,TV_Show,COD,18,8,3,0,>50,37.266666666666666,8.0,3.0,0.375,120,19,6316.816250000001,0.18,0.5,0.0,0.0,0.0,0,0,0.0,1488.26,1,0,0.0,3093.77,2,0,0.0,50534.530000000006,8,3,0.375,1
LGS2ORD0027622,C016196,2025-08-07 18:00:00,Female,53,Silver,Shopee,Phuket,1443,Lazada,PromptPay,18,8,3,0,>50,48.1,6.0,2.0,0.3333333333333333,26,40,5905.258333333334,0.3,0.6666666666666666,0.5,0.0,0.0,0,0,0.0,0.0,0,0,0.0,4234.57,1,1,1.0,35431.55,6,2,0.3333333333333333,0
LGS2ORD0027623,C015155,2025-08-07 18:00:00,Male,30,Platinum,Web,Nakhon Ratchasima,397,Web,COD,18,8,3,0,20-30,13.233333333333333,3.0,1.0,0.3333333333333333,-9,5,2309.116666666667,0.35,0.3333333333333333,0.3333333333333333,0.0,3362.81,1,1,1.0,3362.81,1,1,1.0,3362.81,1,1,1.0,6927.35,3,1,0.3333333333333333,0
LGS2ORD0027624,C010073,2025-08-07 18:00:00,Female,23,Bronze,TV,Khon Kaen,629,Shopee,PromptPay,18,8,3,0,20-30,20.966666666666665,3.0,0.0,0.0,-1,15,5769.243333333333,0.28,0.3333333333333333,0.3333333333333333,0.0,0.0,0,0,0.0,1781.18,1,0,0.0,17307.73,3,0,0.0,17307.73,3,0,0.0,0
LGS2ORD0027625,C012863,2025-08-07 18:00:00,Female,41,Bronze,TV,Songkhla,1226,Shopee,COD,18,8,3,0,40-50,40.86666666666667,3.0,1.0,0.3333333333333333,107,13,14256.193333333335,0.28,0.6666666666666666,0.3333333333333333,0.0,0.0,0,0,0.0,15419.84,1,0,0.0,15419.84,1,0,0.0,42768.58,3,1,0.3333333333333333,1
LGS2ORD0027626,C013555,2025-08-07 19:00:00,Female,38,Platinum,CallCenter,Bangkok,1502,CallCenter,Credit_Card,19,8,3,0,30-40,50.06666666666667,1.0,1.0,1.0,189,201,15839.93,0.1,0.0,0.0,0.0,0.0,0,0,0.0,0.0,0,0,0.0,0.0,0,0,0.0,15839.93,1,1,1.0,1
LGS2ORD0027627,C012764,2025-08-07 19:00:00,Female,61,Bronze,Shopee,Bangkok,243,Web,COD,19,8,3,0,>50,8.1,4.0,1.0,0.25,180,40,4976.0525,0.28,0.25,0.5,0.0,0.0,0,0,0.0,0.0,0,0,0.0,5421.64,2,0,0.0,19904.21,4,1,0.25,0
LGS2ORD0027628,C014548,2025-08-07 19:00:00,Female,35,Bronze,Shopee,Nakhon Ratchasima,736,Web,PromptPay,19,8,3,0,30-40,24.533333333333335,3.0,0.0,0.0,-1,106,4584.286666666667,0.23,0.6666666666666666,0.3333333333333333,0.0,0.0,0,0,0.0,0.0,0,0,0.0,0.0,0,0,0.0,13752.86,3,0,0.0,0
LGS2ORD0027629,C010489,2025-08-07 19:00:00,Male,33,Gold,Lazada,Chonburi,592,CallCenter,COD,19,8,3,0,30-40,19.733333333333334,2.0,0.0,0.0,-1,194,15221.029999999999,0.18,0.0,0.0,0.0,0.0,0,0,0.0,0.0,0,0,0.0,0.0,0,0,0.0,30442.059999999998,2,0,0.0,1
LGS2ORD0027630,C015438,2025-08-07 19:00:00,Male,61,Silver,CallCenter,Khon Kaen,789,Lazada,Credit_Card,19,8,3,0,>50,26.3,2.0,0.0,0.0,-1,22,8829.695,0.3,0.5,0.5,0.0,0.0,0,0,0.0,6909.85,1,0,0.0,17659.39,2,0,0.0,17659.39,2,0,0.0,0
LGS2ORD0027631,C014919,2025-08-07 19:00:00,Male,40,Bronze,TV,Songkhla,1490,TV_Show,COD,19,8,3,0,30-40,49.666666666666664,5.0,0.0,0.0,-1,44,3545.3959999999997,0.23,0.2,0.2,0.0,0.0,0,0,0.0,0.0,0,0,0.0,1517.45,1,0,0.0,17726.98,5,0,0.0,0
LGS2ORD0027632,C015757,2025-08-07 20:00:00,Female,68,Silver,Web,Bangkok,796,TV_Show,COD,20,8,3,0,>50,26.533333333333335,6.0,1.0,0.16666666666666666,56,19,2388.3733333333334,0.15,0.16666666666666666,0.0,0.0,0.0,0,0,0.0,3391.69,1,0,0.0,12102.75,5,1,0.2,14330.24,6,1,0.16666666666666666,0
LGS2ORD0027633,C015764,2025-08-07 20:00:00,Other,35,Bronze,TV,Phuket,610,Lazada,Credit_Card,20,8,3,0,30-40,20.333333333333332,2.0,1.0,0.5,135,139,3739.595,0.28,1.0,0.5,0.0,0.0,0,0,0.0,0.0,0,0,0.0,0.0,0,0,0.0,7479.19,2,1,0.5,0
LGS2ORD0027634,C016760,2025-08-07 20:00:00,Male,36,Bronze,TV,Phuket,1307,Lazada,PromptPay,20,8,3,0,30-40,43.56666666666667,4.0,1.0,0.25,44,56,9307.9575,0.28,0.75,0.25,0.0,0.0,0,0,0.0,0.0,0,0,0.0,4919.33,1,1,1.0,37231.83,4,1,0.25,0
LGS2ORD0027635,C010430,2025-08-07 20:00:00,Female,23,Platinum,Lazada,Bangkok,1665,Shopee,COD,20,8,3,0,20-30,55.5,0.0,0.0,0.0,-1,-1,0.0,0.0,0.0,0.0,0.0,0.0,0,0,0.0,0.0,0,0,0.0,0.0,0,0,0.0,0.0,0,0,0.0,0
LGS2ORD0027636,C013965,2025-08-07 20:00:00,Male,26,Gold,CallCenter,Bangkok,678,Shopee,COD,20,8,3,0,20-30,22.6,0.0,0.0,0.0,-1,-1,0.0,0.0,0.0,0.0,0.0,0.0,0,0,0.0,0.0,0,0,0.0,0.0,0,0,0.0,0.0,0,0,0.0,0
LGS2ORD0027637,C011198,2025-08-07 21:00:00,Male,46,Bronze,Shopee,Chonburi,1631,Shopee,COD,21,8,3,0,40-50,54.36666666666667,3.0,1.0,0.3333333333333333,26,40,5692.16,0.18,0.6666666666666666,0.0,0.0,0.0,0,0,0.0,0.0,0,0,0.0,3896.64,1,1,1.0,17076.48,3,1,0.3333333333333333,1
LGS2ORD0027638,C010623,2025-08-07 21:00:00,Male,52,Silver,CallCenter,Nakhon Ratchasima,895,Web,Credit_Card,21,8,3,0,>50,29.833333333333332,7.0,1.0,0.14285714285714285,130,92,7639.504285714285,0.25,0.5714285714285714,0.14285714285714285,0.0,0.0,0,0,0.0,0.0,0,0,0.0,0.0,0,0,0.0,53476.53,7,1,0.14285714285714285,0
LGS2ORD0027639,C017876,2025-08-07 21:00:00,Female,18,Platinum,Web,Chonburi,1548,Lazada,COD,21,8,3,0,<20,51.6,1.0,0.0,0.0,-1,122,3318.5,0.2,0.0,0.0,0.0,0.0,0,0,0.0,0.0,0,0,0.0,0.0,0,0,0.0,3318.5,1,0,0.0,0
LGS2ORD0027640,C010884,2025-08-07 21:00:00,Female,33,Gold,CallCenter,Nakhon Ratchasima,521,Web,Credit_Card,21,8,3,0,30-40,17.366666666666667,4.0,2.0,0.5,81,96,2709.73,0.33,0.75,0.75,0.0,0.0,0,0,0.0,0.0,0,0,0.0,0.0,0,0,0.0,10838.92,4,2,0.5,0
LGS2ORD0027641,C014161,2025-08-07 21:00:00,Female,40,Gold,Shopee,Bangkok,675,CallCenter,Credit_Card,21,8,3,0,30-40,22.5,1.0,0.0,0.0,-1,174,5495.65,0.18,1.0,0.0,0.0,0.0,0,0,0.0,0.0,0,0,0.0,0.0,0,0,0.0,5495.65,1,0,0.0,0
LGS2ORD0027642,C017707,2025-08-07 22:00:00,Female,42,Gold,Shopee,Khon Kaen,1388,CallCenter,PromptPay,22,8,3,0,40-50,46.266666666666666,2.0,0.0,0.0,-1,104,10943.875,0.2299999999999999,0.5,0.5,0.0,0.0,0,0,0.0,0.0,0,0,0.0,0.0,0,0,0.0,21887.75,2,0,0.0,0
LGS2ORD0027643,C011013,2025-08-07 22:00:00,Male,69,Platinum,TV,Nakhon Ratchasima,1167,TV_Show,COD,22,8,3,0,>50,38.9,4.0,0.0,0.0,-1,32,4122.4825,0.25,0.0,0.25,0.0,0.0,0,0,0.0,0.0,0,0,0.0,15380.8,3,0,0.0,16489.93,4,0,0.0,1
LGS2ORD0027644,C014393,2025-08-07 22:00:00,Female,55,Gold,Shopee,Khon Kaen,955,Shopee,Credit_Card,22,8,3,0,>50,31.833333333333332,1.0,0.0,0.0,-1,167,1626.56,0.33,1.0,1.0,0.0,0.0,0,0,0.0,0.0,0,0,0.0,0.0,0,0,0.0,1626.56,1,0,0.0,0
LGS2ORD0027645,C011582,2025-08-07 22:00:00,Female,36,Bronze,Web,Khon Kaen,439,Web,Credit_Card,22,8,3,0,30-40,14.633333333333333,7.0,1.0,0.14285714285714285,44,22,4439.900000000001,0.28,0.5714285714285714,0.2857142857142857,0.0,0.0,0,0,0.0,10796.92,2,0,0.0,13523.67,3,1,0.3333333333333333,31079.300000000003,7,1,0.14285714285714285,0
LGS2ORD0027646,C013758,2025-08-07 22:00:00,Male,41,Silver,Lazada,Chonburi,1105,TV_Show,COD,22,8,3,0,40-50,36.833333333333336,3.0,1.0,0.3333333333333333,51,57,3104.2533333333336,0.25,0.3333333333333333,0.6666666666666666,0.0,0.0,0,0,0.0,0.0,0,0,0.0,3264.53,1,1,1.0,9312.76,3,1,0.3333333333333333,0
LGS2ORD0027647,C012207,2025-08-07 23:00:00,Male,53,Bronze,TV,Remote_Area,628,TV_Show,COD,23,8,3,0,>50,20.933333333333334,2.0,0.0,0.0,-1,15,2934.52,0.08,0.5,0.0,0.0,0.0,0,0,0.0,2044.8,1,0,0.0,2044.8,1,0,0.0,5869.04,2,0,0.0,1
LGS2ORD0027648,C014882,2025-08-07 23:00:00,Male,51,Bronze,Lazada,Remote_Area,1441,Shopee,PromptPay,23,8,3,0,>50,48.03333333333333,6.0,2.0,0.3333333333333333,134,1,3779.463333333333,0.23,0.0,0.16666666666666666,0.0,6248.58,1,0,0.0,13248.67,2,0,0.0,13248.67,2,0,0.0,22676.78,6,2,0.3333333333333333,0
LGS2ORD0027649,C017156,2025-08-07 23:00:00,Male,21,Bronze,TV,Nakhon Ratchasima,334,Web,COD,23,8,3,0,20-30,11.133333333333333,4.0,1.0,0.25,170,23,4148.59,0.18,0.25,0.0,0.0,0.0,0,0,0.0,5972.69,1,0,0.0,5972.69,1,0,0.0,16594.36,4,1,0.25,0
LGS2ORD0027650,C011220,2025-08-07 23:00:00,Male,71,Bronze,CallCenter,Bangkok,839,TV_Show,COD,23,8,3,0,>50,27.966666666666665,3.0,1.0,0.3333333333333333,54,61,3669.67,0.28,0.0,0.3333333333333333,0.0,0.0,0,0,0.0,0.0,0,0,0.0,1260.34,1,1,1.0,11009.01,3,1,0.3333333333333333,0
LGS2ORD0027651,C014474,2025-08-07 23:00:00,Female,52,Bronze,TV,Khon Kaen,1458,Lazada,PromptPay,23,8,3,0,>50,48.6,12.0,2.0,0.16666666666666666,94,13,4810.2716666666665,0.23,0.75,0.3333333333333333,0.0,0.0,0,0,0.0,1418.79,1,0,0.0,6427.34,3,0,0.0,57723.26,12,2,0.16666666666666666,0
LGS2ORD0027652,C011589,2025-08-07 23:00:00,Male,43,Silver,TV,Chiang Mai,1402,CallCenter,Credit_Card,23,8,3,0,40-50,46.733333333333334,3.0,1.0,0.3333333333333333,140,27,4603.483333333334,0.25,0.3333333333333333,0.3333333333333333,0.0,0.0,0,0,0.0,2329.86,1,0,0.0,2329.86,1,0,0.0,13810.45,3,1,0.3333333333333333,0
LGS2ORD0027653,C015661,2025-08-08 00:00:00,Female,54,Bronze,Shopee,Nakhon Ratchasima,1068,TV_Show,COD,0,8,4,0,>50,35.6,3.0,0.0,0.0,-1,75,2114.7099999999996,0.18,0.6666666666666666,0.0,0.0,0.0,0,0,0.0,0.0,0,0,0.0,6141.5199999999995,2,0,0.0,6344.129999999999,3,0,0.0,0
LGS2ORD0027654,C011382,2025-08-08 00:00:00,Male,30,Bronze,Lazada,Chonburi,1504,Web,COD,0,8,4,0,20-30,50.13333333333333,1.0,0.0,0.0,-1,87,6466.27,0.08,0.0,0.0,0.0,0.0,0,0,0.0,0.0,0,0,0.0,6466.27,1,0,0.0,6466.27,1,0,0.0,0
LGS2ORD0027655,C010998,2025-08-08 00:00:00,Female,25,Gold,Web,Khon Kaen,1608,Web,Credit_Card,0,8,4,0,20-30,53.6,3.0,0.0,0.0,-1,38,2733.9799999999996,0.33,0.3333333333333333,0.6666666666666666,0.0,0.0,0,0,0.0,0.0,0,0,0.0,2226.5,1,0,0.0,8201.939999999999,3,0,0.0,0
LGS2ORD0027656,C012543,2025-08-08 00:00:00,Male,51,Bronze,Lazada,Chiang Mai,644,Lazada,COD,0,8,4,0,>50,21.466666666666665,4.0,0.0,0.0,-1,28,4984.8475,0.28,0.25,0.25,0.0,0.0,0,0,0.0,531.48,1,0,0.0,531.48,1,0,0.0,19939.39,4,0,0.0,1
LGS2ORD0027657,C016766,2025-08-08 00:00:00,Female,34,Bronze,Shopee,Chiang Mai,275,Shopee,PromptPay,0,8,4,0,30-40,9.166666666666666,4.0,0.0,0.0,-1,5,5952.9525,0.18,0.25,0.0,0.0,1016.9,1,0,0.0,3319.6,2,0,0.0,19464.890000000003,3,0,0.0,23811.81,4,0,0.0,0
LGS2ORD0027658,C013465,2025-08-08 01:00:00,Female,51,Bronze,TV,Chiang Mai,801,Web,COD,1,8,4,0,>50,26.7,3.0,0.0,0.0,-1,66,3075.316666666667,0.08,0.0,0.0,0.0,0.0,0,0,0.0,0.0,0,0,0.0,962.54,1,0,0.0,9225.95,3,0,0.0,0
LGS2ORD0027659,C017294,2025-08-08 01:00:00,Male,51,Bronze,Shopee,Songkhla,1672,Lazada,Credit_Card,1,8,4,0,>50,55.733333333333334,3.0,2.0,0.6666666666666666,32,42,4331.150000000001,0.28,0.0,0.3333333333333333,0.0,0.0,0,0,0.0,0.0,0,0,0.0,6066.36,1,1,1.0,12993.45,3,2,0.6666666666666666,0
LGS2ORD0027660,C010127,2025-08-08 01:00:00,Female,57,Bronze,Web,Songkhla,321,Lazada,COD,1,8,4,0,>50,10.7,2.0,0.0,0.0,-1,91,1640.865,0.28,0.5,1.0,0.0,0.0,0,0,0.0,0.0,0,0,0.0,0.0,0,0,0.0,3281.73,2,0,0.0,0
LGS2ORD0027661,C010382,2025-08-08 01:00:00,Other,37,Bronze,Shopee,Bangkok,846,Shopee,Credit_Card,1,8,4,0,30-40,28.2,3.0,0.0,0.0,-1,29,6004.64,0.08,0.3333333333333333,0.0,0.0,0.0,0,0,0.0,6581.54,1,0,0.0,6581.54,1,0,0.0,18013.920000000002,3,0,0.0,0
LGS2ORD0027662,C015315,2025-08-08 01:00:00,Male,49,Bronze,TV,Chiang Mai,1379,Lazada,COD,1,8,4,0,40-50,45.96666666666667,5.0,2.0,0.4,164,75,4257.048,0.23,0.8,0.2,0.0,0.0,0,0,0.0,0.0,0,0,0.0,11838.44,1,0,0.0,21285.239999999998,5,2,0.4,1
LGS2ORD0027663,C017984,2025-08-08 02:00:00,Female,61,Bronze,Lazada,Khon Kaen,1515,Web,COD,2,8,4,0,>50,50.5,4.0,1.0,0.25,110,81,7618.847499999999,0.23,0.75,0.25,0.0,0.0,0,0,0.0,0.0,0,0,0.0,2450.55,1,0,0.0,30475.389999999996,4,1,0.25,1
LGS2ORD0027664,C013947,2025-08-08 02:00:00,Female,36,Bronze,Shopee,Phuket,987,Web,PromptPay,2,8,4,0,30-40,32.9,3.0,1.0,0.3333333333333333,80,85,2979.47,0.23,0.3333333333333333,0.6666666666666666,0.0,0.0,0,0,0.0,0.0,0,0,0.0,6427.4,1,1,1.0,8938.41,3,1,0.3333333333333333,1
LGS2ORD0027665,C010396,2025-08-08 02:00:00,Female,40,Bronze,Shopee,Phuket,785,Lazada,COD,2,8,4,0,30-40,26.166666666666668,6.0,3.0,0.5,82,94,2495.496666666667,0.28,0.6666666666666666,0.6666666666666666,0.0,0.0,0,0,0.0,0.0,0,0,0.0,0.0,0,0,0.0,14972.980000000001,6,3,0.5,1
LGS2ORD0027666,C017962,2025-08-08 02:00:00,Female,35,Bronze,CallCenter,Khon Kaen,1269,Shopee,COD,2,8,4,0,30-40,42.3,6.0,1.0,0.16666666666666666,92,87,5300.366666666666,0.28,0.6666666666666666,0.16666666666666666,0.0,0.0,0,0,0.0,0.0,0,0,0.0,5067.33,1,0,0.0,31802.199999999997,6,1,0.16666666666666666,0
LGS2ORD0027667,C017311,2025-08-08 02:00:00,Female,36,Silver,Web,Chiang Mai,1158,Shopee,COD,2,8,4,0,30-40,38.6,7.0,3.0,0.42857142857142855,73,6,2683.344285714286,0.2,0.42857142857142855,0.0,0.0,3307.32,1,0,0.0,3307.32,1,0,0.0,14892.09,5,1,0.2,18783.41,7,3,0.42857142857142855,0
LGS2ORD0027668,C014007,2025-08-08 02:00:00,Male,57,Bronze,Web,Chonburi,1168,Lazada,Credit_Card,2,8,4,0,>50,38.93333333333333,2.0,0.0,0.0,-1,27,1397.385,0.28,0.0,0.5,0.0,0.0,0,0,0.0,870.76,1,0,0.0,870.76,1,0,0.0,2794.77,2,0,0.0,0
LGS2ORD0027669,C017505,2025-08-08 03:00:00,Female,27,Bronze,Web,Khon Kaen,638,TV_Show,Credit_Card,3,8,4,0,20-30,21.266666666666666,1.0,0.0,0.0,-1,41,3358.81,0.08,1.0,0.0,0.0,0.0,0,0,0.0,0.0,0,0,0.0,3358.81,1,0,0.0,3358.81,1,0,0.0,0
LGS2ORD0027670,C012811,2025-08-08 03:00:00,Male,39,Gold,Web,Bangkok,1424,TV_Show,PromptPay,3,8,4,0,30-40,47.46666666666667,0.0,0.0,0.0,-1,-1,0.0,0.0,0.0,0.0,0.0,0.0,0,0,0.0,0.0,0,0,0.0,0.0,0,0,0.0,0.0,0,0,0.0,1
LGS2ORD0027671,C011890,2025-08-08 03:00:00,Female,44,Bronze,TV,Khon Kaen,661,Web,Credit_Card,3,8,4,0,40-50,22.033333333333335,2.0,0.0,0.0,-1,93,1056.7549999999999,0.23,0.0,0.5,0.0,0.0,0,0,0.0,0.0,0,0,0.0,0.0,0,0,0.0,2113.5099999999998,2,0,0.0,1
LGS2ORD0027672,C014791,2025-08-08 03:00:00,Male,26,Bronze,Lazada,Remote_Area,852,Lazada,PromptPay,3,8,4,0,20-30,28.4,5.0,2.0,0.4,51,21,4262.116,0.23,0.8,0.2,0.0,0.0,0,0,0.0,1663.06,1,0,0.0,2745.14,2,1,0.5,21310.579999999998,5,2,0.4,0
LGS2ORD0027673,C015980,2025-08-08 03:00:00,Other,36,Bronze,Web,Bangkok,255,Web,Credit_Card,3,8,4,0,30-40,8.5,2.0,0.0,0.0,-1,56,6619.535,0.23,0.5,0.5,0.0,0.0,0,0,0.0,0.0,0,0,0.0,7163.75,1,0,0.0,13239.07,2,0,0.0,0
LGS2ORD0027674,C013630,2025-08-08 04:00:00,Female,54,Bronze,Shopee,Phuket,1485,CallCenter,PromptPay,4,8,4,0,>50,49.5,5.0,2.0,0.4,54,60,4307.366,0.23,0.8,0.4,0.0,0.0,0,0,0.0,0.0,0,0,0.0,746.36,1,1,1.0,21536.83,5,2,0.4,0
LGS2ORD0027675,C015954,2025-08-08 04:00:00,Female,58,Bronze,TV,Remote_Area,875,Web,COD,4,8,4,0,>50,29.166666666666668,3.0,1.0,0.3333333333333333,35,44,7484.44,0.23,0.6666666666666666,0.6666666666666666,0.0,0.0,0,0,0.0,0.0,0,0,0.0,18690.53,2,1,0.5,22453.32,3,1,0.3333333333333333,0
LGS2ORD0027676,C014828,2025-08-08 04:00:00,Male,47,Bronze,TV,Remote_Area,492,Web,Bank_Transfer,4,8,4,0,40-50,16.4,1.0,1.0,1.0,29,33,430.6,0.18,0.0,0.0,0.0,0.0,0,0,0.0,0.0,0,0,0.0,430.6,1,1,1.0,430.6,1,1,1.0,0
LGS2ORD0027677,C013129,2025-08-08 04:00:00,Male,32,Bronze,TV,Remote_Area,766,Web,COD,4,8,4,0,30-40,25.533333333333335,5.0,1.0,0.2,32,16,5816.794,0.28,0.8,0.8,0.0,0.0,0,0,0.0,3603.18,1,0,0.0,11717.24,2,1,0.5,29083.97,5,1,0.2,0
LGS2ORD0027678,C010797,2025-08-08 04:00:00,Female,31,Gold,CallCenter,Khon Kaen,1504,Lazada,COD,4,8,4,0,30-40,50.13333333333333,3.0,2.0,0.6666666666666666,75,87,1463.1533333333334,0.13,0.6666666666666666,0.0,0.0,0.0,0,0,0.0,0.0,0,0,0.0,658.89,1,1,1.0,4389.46,3,2,0.6666666666666666,0
LGS2ORD0027679,C013888,2025-08-08 05:00:00,Male,57,Silver,TV,Khon Kaen,812,Lazada,Bank_Transfer,5,8,4,0,>50,27.066666666666666,4.0,0.0,0.0,-1,48,3893.1575000000003,0.3,0.5,0.75,0.0,0.0,0,0,0.0,0.0,0,0,0.0,11996.07,3,0,0.0,15572.630000000001,4,0,0.0,0
LGS2ORD0027680,C017513,2025-08-08 05:00:00,Other,47,Silver,Web,Remote_Area,347,Web,Credit_Card,5,8,4,0,40-50,11.566666666666666,1.0,0.0,0.0,-1,145,1220.97,0.1,0.0,0.0,0.0,0.0,0,0,0.0,0.0,0,0,0.0,0.0,0,0,0.0,1220.97,1,0,0.0,1
LGS2ORD0027681,C013720,2025-08-08 05:00:00,Male,22,Silver,TV,Nakhon Ratchasima,1675,Shopee,PromptPay,5,8,4,0,20-30,55.833333333333336,1.0,0.0,0.0,-1,196,5402.63,0.1,1.0,0.0,0.0,0.0,0,0,0.0,0.0,0,0,0.0,0.0,0,0,0.0,5402.63,1,0,0.0,0
LGS2ORD0027682,C012068,2025-08-08 05:00:00,Male,45,Bronze,CallCenter,Bangkok,913,Lazada,COD,5,8,4,0,40-50,30.433333333333334,2.0,0.0,0.0,-1,32,5239.82,0.23,0.0,0.5,0.0,0.0,0,0,0.0,0.0,0,0,0.0,10479.64,2,0,0.0,10479.64,2,0,0.0,0
LGS2ORD0027683,C017304,2025-08-08 05:00:00,Female,31,Silver,Shopee,Chiang Mai,487,TV_Show,Credit_Card,5,8,4,0,30-40,16.233333333333334,6.0,1.0,0.16666666666666666,76,62,4046.015000000001,0.3,0.3333333333333333,0.5,0.16666666666666666,0.0,0,0,0.0,0.0,0,0,0.0,7164.780000000001,2,0,0.0,24276.090000000004,6,1,0.16666666666666666,1
LGS2ORD0027684,C017646,2025-08-08 06:00:00,Female,32,Silver,Web,Bangkok,1272,Lazada,PromptPay,6,8,4,0,30-40,42.4,2.0,0.0,0.0,-1,113,6842.549999999999,0.2,0.5,0.0,0.0,0.0,0,0,0.0,0.0,0,0,0.0,0.0,0,0,0.0,13685.099999999999,2,0,0.0,0
LGS2ORD0027685,C013314,2025-08-08 06:00:00,Male,42,Gold,Shopee,Chonburi,703,Web,COD,6,8,4,0,40-50,23.433333333333334,1.0,0.0,0.0,-1,155,401.04,0.08,1.0,0.0,0.0,0.0,0,0,0.0,0.0,0,0,0.0,0.0,0,0,0.0,401.04,1,0,0.0,1
LGS2ORD0027686,C017449,2025-08-08 06:00:00,Male,49,Bronze,TV,Bangkok,294,Lazada,Credit_Card,6,8,4,0,40-50,9.8,1.0,0.0,0.0,-1,94,8903.57,0.08,0.0,0.0,0.0,0.0,0,0,0.0,0.0,0,0,0.0,0.0,0,0,0.0,8903.57,1,0,0.0,1
LGS2ORD0027687,C010397,2025-08-08 06:00:00,Male,34,Bronze,Web,Nakhon Ratchasima,284,Web,COD,6,8,4,0,30-40,9.466666666666667,3.0,0.0,0.0,-1,96,3483.78,0.28,0.3333333333333333,0.3333333333333333,0.0,0.0,0,0,0.0,0.0,0,0,0.0,0.0,0,0,0.0,10451.34,3,0,0.0,0
LGS2ORD0027688,C015482,2025-08-08 06:00:00,Female,49,Silver,Lazada,Chiang Mai,1442,Lazada,Credit_Card,6,8,4,0,40-50,48.06666666666667,1.0,0.0,0.0,-1,134,775.1,0.2,0.0,0.0,0.0,0.0,0,0,0.0,0.0,0,0,0.0,0.0,0,0,0.0,775.1,1,0,0.0,0
LGS2ORD0027689,C015642,2025-08-08 06:00:00,Male,43,Bronze,TV,Chiang Mai,327,Shopee,PromptPay,6,8,4,0,40-50,10.9,1.0,0.0,0.0,-1,154,7081.14,0.18,1.0,0.0,0.0,0.0,0,0,0.0,0.0,0,0,0.0,0.0,0,0,0.0,7081.14,1,0,0.0,0
LGS2ORD0027690,C016570,2025-08-08 07:00:00,Male,60,Bronze,TV,Chonburi,1136,Shopee,COD,7,8,4,0,>50,37.86666666666667,0.0,0.0,0.0,-1,-1,0.0,0.0,0.0,0.0,0.0,0.0,0,0,0.0,0.0,0,0,0.0,0.0,0,0,0.0,0.0,0,0,0.0,0
LGS2ORD0027691,C017407,2025-08-08 07:00:00,Male,48,Bronze,TV,Chiang Mai,1003,Lazada,COD,7,8,4,0,40-50,33.43333333333333,3.0,0.0,0.0,-1,17,4225.95,0.23,0.3333333333333333,0.3333333333333333,0.0,0.0,0,0,0.0,1654.37,1,0,0.0,3470.72,2,0,0.0,12677.849999999999,3,0,0.0,1
LGS2ORD0027692,C012624,2025-08-08 07:00:00,Male,47,Silver,Shopee,Remote_Area,1013,Web,COD,7,8,4,0,40-50,33.766666666666666,4.0,2.0,0.5,71,3,5520.0650000000005,0.1,0.5,0.0,0.0,12278.33,1,0,0.0,12278.33,1,0,0.0,13990.83,2,1,0.5,22080.260000000002,4,2,0.5,0
LGS2ORD0027693,C012366,2025-08-08 07:00:00,Other,24,Gold,Shopee,Bangkok,1112,TV_Show,Credit_Card,7,8,4,0,20-30,37.06666666666667,2.0,2.0,1.0,25,36,2486.365,0.28,1.0,1.0,0.0,0.0,0,0,0.0,0.0,0,0,0.0,4972.73,2,2,1.0,4972.73,2,2,1.0,0
LGS2ORD0027694,C014935,2025-08-08 07:00:00,Male,33,Silver,Shopee,Chonburi,967,TV_Show,Bank_Transfer,7,8,4,0,30-40,32.233333333333334,3.0,2.0,0.6666666666666666,74,3,3089.97,0.25,0.3333333333333333,0.3333333333333333,0.0,8548.52,1,0,0.0,8548.52,1,0,0.0,9114.7,2,1,0.5,9269.91,3,2,0.6666666666666666,0
LGS2ORD0027695,C010619,2025-08-08 08:00:00,Male,44,Silver,Web,Bangkok,1233,Lazada,PromptPay,8,8,4,0,40-50,41.1,2.0,0.0,0.0,-1,103,5114.94,0.3,0.5,1.0,0.0,0.0,0,0,0.0,0.0,0,0,0.0,0.0,0,0,0.0,10229.88,2,0,0.0,0
LGS2ORD0027696,C017563,2025-08-08 08:00:00,Other,26,Gold,Shopee,Bangkok,1069,TV_Show,PromptPay,8,8,4,0,20-30,35.63333333333333,0.0,0.0,0.0,-1,-1,0.0,0.0,0.0,0.0,0.0,0.0,0,0,0.0,0.0,0,0,0.0,0.0,0,0,0.0,0.0,0,0,0.0,0
LGS2ORD0027697,C015687,2025-08-08 08:00:00,Other,58,Bronze,TV,Bangkok,1659,Shopee,COD,8,8,4,0,>50,55.3,3.0,0.0,0.0,-1,39,2312.73,0.23,0.3333333333333333,0.3333333333333333,0.0,0.0,0,0,0.0,0.0,0,0,0.0,3164.38,1,0,0.0,6938.1900000000005,3,0,0.0,1
LGS2ORD0027698,C015228,2025-08-08 08:00:00,Male,50,Bronze,TV,Phuket,1392,Shopee,COD,8,8,4,0,40-50,46.4,5.0,2.0,0.4,16,1,5681.295999999999,0.18,0.6,0.0,0.0,4788.99,1,0,0.0,16584.03,2,1,0.5,21789.1,3,1,0.3333333333333333,28406.479999999996,5,2,0.4,1
LGS2ORD0027699,C011557,2025-08-08 08:00:00,Male,33,Bronze,CallCenter,Remote_Area,1045,CallCenter,Bank_Transfer,8,8,4,0,30-40,34.833333333333336,1.0,0.0,0.0,-1,80,4193.6,0.03,0.0,0.0,0.0,0.0,0,0,0.0,0.0,0,0,0.0,4193.6,1,0,0.0,4193.6,1,0,0.0,0
LGS2ORD0027700,C013559,2025-08-08 09:00:00,Male,44,Silver,TV,Songkhla,331,Web,Credit_Card,9,8,4,0,40-50,11.033333333333333,7.0,4.0,0.5714285714285714,-1,9,7676.682857142857,0.25,0.7142857142857143,0.2857142857142857,0.0,0.0,0,0,0.0,30081.629999999997,3,2,0.6666666666666666,46355.96,5,3,0.6,53736.78,7,4,0.5714285714285714,0
LGS2ORD0027701,C016499,2025-08-08 09:00:00,Female,27,Bronze,Shopee,Remote_Area,1118,CallCenter,COD,9,8,4,0,20-30,37.266666666666666,2.0,1.0,0.5,50,62,2674.6949999999997,0.23,0.5,0.5,0.0,0.0,0,0,0.0,0.0,0,0,0.0,1650.1,1,1,1.0,5349.389999999999,2,1,0.5,0
LGS2ORD0027702,C015045,2025-08-08 09:00:00,Male,39,Bronze,Shopee,Phuket,761,TV_Show,COD,9,8,4,0,30-40,25.366666666666667,6.0,5.0,0.8333333333333334,1,11,4966.363333333334,0.23,0.6666666666666666,0.16666666666666666,0.0,0.0,0,0,0.0,15538.07,2,2,1.0,19528.559999999998,4,3,0.75,29798.18,6,5,0.8333333333333334,0
LGS2ORD0027703,C015393,2025-08-08 09:00:00,Female,47,Gold,Web,Nakhon Ratchasima,1652,TV_Show,COD,9,8,4,0,40-50,55.06666666666667,0.0,0.0,0.0,-1,-1,0.0,0.0,0.0,0.0,0.0,0.0,0,0,0.0,0.0,0,0,0.0,0.0,0,0,0.0,0.0,0,0,0.0,1
LGS2ORD0027704,C014939,2025-08-08 09:00:00,Male,26,Bronze,Shopee,Bangkok,1529,TV_Show,Bank_Transfer,9,8,4,0,20-30,50.96666666666667,3.0,3.0,1.0,63,72,951.19,0.28,1.0,1.0,0.0,0.0,0,0,0.0,0.0,0,0,0.0,474.64,1,1,1.0,2853.57,3,3,1.0,0
LGS2ORD0027705,C011905,2025-08-08 10:00:00,Female,63,Silver,TV,Remote_Area,1575,TV_Show,COD,10,8,4,0,>50,52.5,5.0,3.0,0.6,36,53,7227.037999999999,0.2,0.2,0.0,0.0,0.0,0,0,0.0,0.0,0,0,0.0,21172.98,2,2,1.0,36135.189999999995,5,3,0.6,1
LGS2ORD0027706,C015889,2025-08-08 10:00:00,Female,36,Silver,TV,Bangkok,1006,Shopee,COD,10,8,4,0,30-40,33.53333333333333,5.0,1.0,0.2,78,55,5330.102,0.1,0.4,0.0,0.0,0.0,0,0,0.0,0.0,0,0,0.0,9145.8,2,1,0.5,26650.51,5,1,0.2,0
LGS2ORD0027707,C014392,2025-08-08 10:00:00,Female,39,Bronze,TV,Nakhon Ratchasima,459,Web,PromptPay,10,8,4,0,30-40,15.3,3.0,0.0,0.0,-1,26,3906.9666666666667,0.18,0.3333333333333333,0.0,0.0,0.0,0,0,0.0,2049.51,1,0,0.0,6092.18,2,0,0.0,11720.9,3,0,0.0,1
LGS2ORD0027708,C010677,2025-08-08 10:00:00,Male,49,Silver,Lazada,Bangkok,431,Lazada,Bank_Transfer,10,8,4,0,40-50,14.366666666666667,2.0,0.0,0.0,-1,37,8686.97,0.25,0.0,0.5,0.0,0.0,0,0,0.0,0.0,0,0,0.0,17373.94,2,0,0.0,17373.94,2,0,0.0,0
LGS2ORD0027709,C014499,2025-08-08 10:00:00,Male,25,Silver,Shopee,Khon Kaen,572,TV_Show,PromptPay,10,8,4,0,20-30,19.066666666666666,4.0,0.0,0.0,-1,34,2013.84,0.25,0.25,0.25,0.0,0.0,0,0,0.0,0.0,0,0,0.0,4736.44,2,0,0.0,8055.36,4,0,0.0,0
LGS2ORD0027710,C013252,2025-08-08 10:00:00,Female,37,Bronze,Shopee,Bangkok,1184,Web,Credit_Card,10,8,4,0,30-40,39.46666666666667,6.0,1.0,0.16666666666666666,71,21,9996.076666666668,0.28,0.3333333333333333,0.3333333333333333,0.0,0.0,0,0,0.0,36789.57,1,0,0.0,40403.93,3,1,0.3333333333333333,59976.46000000001,6,1,0.16666666666666666,1
LGS2ORD0027711,C012212,2025-08-08 11:00:00,Male,35,Silver,Web,Chiang Mai,1157,TV_Show,COD,11,8,4,0,30-40,38.56666666666667,5.0,1.0,0.2,76,87,7220.1979999999985,0.2,0.8,0.0,0.0,0.0,0,0,0.0,0.0,0,0,0.0,7426.799999999999,2,1,0.5,36100.98999999999,5,1,0.2,0
LGS2ORD0027712,C016412,2025-08-08 11:00:00,Female,50,Silver,Web,Khon Kaen,854,CallCenter,COD,11,8,4,0,40-50,28.466666666666665,2.0,0.0,0.0,-1,163,1576.8600000000001,0.3,0.5,0.5,0.0,0.0,0,0,0.0,0.0,0,0,0.0,0.0,0,0,0.0,3153.7200000000003,2,0,0.0,0
LGS2ORD0027713,C017400,2025-08-08 11:00:00,Male,45,Silver,Web,Bangkok,584,Shopee,COD,11,8,4,0,40-50,19.466666666666665,4.0,0.0,0.0,-1,40,1043.6325000000002,0.25,0.0,0.25,0.0,0.0,0,0,0.0,0.0,0,0,0.0,3168.76,2,0,0.0,4174.530000000001,4,0,0.0,0
LGS2ORD0027714,C013835,2025-08-08 11:00:00,Male,44,Platinum,Web,Bangkok,632,Shopee,COD,11,8,4,0,40-50,21.066666666666666,1.0,1.0,1.0,153,165,1621.14,0.1,1.0,0.0,0.0,0.0,0,0,0.0,0.0,0,0,0.0,0.0,0,0,0.0,1621.14,1,1,1.0,0
LGS2ORD0027715,C016742,2025-08-08 11:00:00,Male,49,Silver,TV,Chiang Mai,374,TV_Show,Bank_Transfer,11,8,4,0,40-50,12.466666666666667,2.0,0.0,0.0,-1,55,7085.985000000001,0.15,0.0,0.0,0.0,0.0,0,0,0.0,0.0,0,0,0.0,6954.7,1,0,0.0,14171.970000000001,2,0,0.0,0
LGS2ORD0027716,C014248,2025-08-08 12:00:00,Female,33,Bronze,Web,Chonburi,1402,Web,COD,12,8,4,0,30-40,46.733333333333334,5.0,1.0,0.2,45,16,3284.2760000000003,0.28,0.8,0.4,0.0,0.0,0,0,0.0,11316.18,3,0,0.0,12020.83,4,1,0.25,16421.38,5,1,0.2,0
LGS2ORD0027717,C015863,2025-08-08 12:00:00,Male,47,Bronze,TV,Khon Kaen,299,Web,COD,12,8,4,0,40-50,9.966666666666667,2.0,2.0,1.0,132,137,950.13,0.28,0.5,1.0,0.0,0.0,0,0,0.0,0.0,0,0,0.0,0.0,0,0,0.0,1900.26,2,2,1.0,0
LGS2ORD0027718,C015418,2025-08-08 12:00:00,Male,50,Silver,Web,Remote_Area,449,CallCenter,COD,12,8,4,0,40-50,14.966666666666667,7.0,3.0,0.42857142857142855,67,23,2594.797142857143,0.3,0.2857142857142857,0.14285714285714285,0.0,0.0,0,0,0.0,7883.92,1,0,0.0,9978.54,2,1,0.5,18163.58,7,3,0.42857142857142855,1
LGS2ORD0027719,C016051,2025-08-08 12:00:00,Female,51,Bronze,Lazada,Bangkok,576,Shopee,COD,12,8,4,0,>50,19.2,6.0,3.0,0.5,12,14,9839.786666666667,0.28,0.6666666666666666,0.16666666666666666,0.0,0.0,0,0,0.0,28571.03,2,1,0.5,30537.32,3,2,0.6666666666666666,59038.72,6,3,0.5,0
LGS2ORD0027720,C011475,2025-08-08 12:00:00,Male,34,Bronze,TV,Bangkok,1394,Shopee,COD,12,8,4,0,30-40,46.46666666666667,7.0,1.0,0.14285714285714285,164,3,7164.182857142858,0.28,0.8571428571428571,0.2857142857142857,0.0,3759.0,1,0,0.0,3759.0,1,0,0.0,7523.98,2,0,0.0,50149.280000000006,7,1,0.14285714285714285,0
LGS2ORD0027721,C016633,2025-08-08 13:00:00,Male,59,Bronze,CallCenter,Khon Kaen,1172,TV_Show,COD,13,8,4,0,>50,39.06666666666667,4.0,0.0,0.0,-1,76,3370.63,0.23,0.5,0.5,0.0,0.0,0,0,0.0,0.0,0,0,0.0,2377.0099999999998,3,0,0.0,13482.52,4,0,0.0,1
LGS2ORD0027722,C016418,2025-08-08 13:00:00,Male,38,Bronze,Shopee,Bangkok,534,Lazada,Credit_Card,13,8,4,0,30-40,17.8,2.0,2.0,1.0,33,43,649.5350000000001,0.23,1.0,0.5,0.0,0.0,0,0,0.0,0.0,0,0,0.0,521.1,1,1,1.0,1299.0700000000002,2,2,1.0,0
LGS2ORD0027723,C013282,2025-08-08 13:00:00,Female,56,Gold,TV,Remote_Area,1024,CallCenter,COD,13,8,4,0,>50,34.13333333333333,6.0,2.0,0.3333333333333333,112,10,4431.541666666667,0.28,0.6666666666666666,0.5,0.0,0.0,0,0,0.0,11510.279999999999,2,0,0.0,13248.849999999999,3,0,0.0,26589.25,6,2,0.3333333333333333,1
LGS2ORD0027724,C011649,2025-08-08 13:00:00,Male,53,Bronze,CallCenter,Remote_Area,842,TV_Show,Credit_Card,13,8,4,0,>50,28.066666666666666,2.0,0.0,0.0,-1,17,3375.065,0.18,0.5,0.0,0.0,0.0,0,0,0.0,1218.95,1,0,0.0,1218.95,1,0,0.0,6750.13,2,0,0.0,0
LGS2ORD0027725,C010403,2025-08-08 13:00:00,Male,55,Bronze,Shopee,Bangkok,1125,TV_Show,COD,13,8,4,0,>50,37.5,4.0,1.0,0.25,170,42,5762.22,0.18,1.0,0.0,0.0,0.0,0,0,0.0,0.0,0,0,0.0,19380.23,2,0,0.0,23048.88,4,1,0.25,0
LGS2ORD0027726,C014288,2025-08-08 14:00:00,Female,58,Gold,Shopee,Remote_Area,1359,Shopee,PromptPay,14,8,4,0,>50,45.3,6.0,1.0,0.16666666666666666,4,10,5896.996666666667,0.28,0.5,0.6666666666666666,0.0,0.0,0,0,0.0,539.14,1,1,1.0,2340.2599999999998,2,1,0.5,35381.98,6,1,0.16666666666666666,0
LGS2ORD0027727,C013101,2025-08-08 14:00:00,Male,44,Gold,TV,Chonburi,1017,Web,Bank_Transfer,14,8,4,0,40-50,33.9,6.0,1.0,0.16666666666666666,146,30,4040.616666666667,0.33,0.16666666666666666,0.6666666666666666,0.0,0.0,0,0,0.0,0.0,0,0,0.0,15868.220000000001,3,0,0.0,24243.7,6,1,0.16666666666666666,1
LGS2ORD0027728,C012861,2025-08-08 14:00:00,Female,26,Silver,TV,Songkhla,500,Shopee,PromptPay,14,8,4,0,20-30,16.666666666666668,1.0,1.0,1.0,142,153,6897.18,0.2,1.0,0.0,0.0,0.0,0,0,0.0,0.0,0,0,0.0,0.0,0,0,0.0,6897.18,1,1,1.0,1
LGS2ORD0027729,C015186,2025-08-08 14:00:00,Male,49,Bronze,Lazada,Khon Kaen,1101,Shopee,COD,14,8,4,0,40-50,36.7,5.0,2.0,0.4,39,52,5921.362,0.23,1.0,0.2,0.0,0.0,0,0,0.0,0.0,0,0,0.0,4477.62,2,1,0.5,29606.81,5,2,0.4,0
LGS2ORD0027730,C017966,2025-08-08 14:00:00,Male,36,Silver,Web,Phuket,725,Lazada,COD,14,8,4,0,30-40,24.166666666666668,0.0,0.0,0.0,-1,-1,0.0,0.0,0.0,0.0,0.0,0.0,0,0,0.0,0.0,0,0,0.0,0.0,0,0,0.0,0.0,0,0,0.0,0
LGS2ORD0027731,C015771,2025-08-08 14:00:00,Male,26,Silver,Shopee,Songkhla,762,TV_Show,PromptPay,14,8,4,0,20-30,25.4,2.0,0.0,0.0,-1,93,1897.7,0.3,0.0,0.5,0.0,0.0,0,0,0.0,0.0,0,0,0.0,0.0,0,0,0.0,3795.4,2,0,0.0,0
LGS2ORD0027732,C015734,2025-08-08 15:00:00,Male,35,Bronze,Web,Chiang Mai,819,Shopee,COD,15,8,4,0,30-40,27.3,4.0,0.0,0.0,-1,27,2912.38,0.23,0.0,0.25,0.0,0.0,0,0,0.0,892.11,1,0,0.0,4517.099999999999,2,0,0.0,11649.52,4,0,0.0,0
LGS2ORD0027733,C015467,2025-08-08 15:00:00,Male,61,Bronze,TV,Bangkok,987,Shopee,COD,15,8,4,0,>50,32.9,2.0,0.0,0.0,-1,22,3167.36,0.13,0.0,0.0,0.0,0.0,0,0,0.0,2427.9,1,0,0.0,6334.72,2,0,0.0,6334.72,2,0,0.0,0
LGS2ORD0027734,C016297,2025-08-08 15:00:00,Male,71,Bronze,TV,Songkhla,342,TV_Show,PromptPay,15,8,4,0,>50,11.4,4.0,1.0,0.25,24,27,9884.5475,0.23,0.75,0.25,0.0,0.0,0,0,0.0,852.83,1,1,1.0,39538.19,4,1,0.25,39538.19,4,1,0.25,1
LGS2ORD0027735,C017605,2025-08-08 15:00:00,Female,63,Silver,Web,Songkhla,805,Web,COD,15,8,4,0,>50,26.833333333333332,2.0,1.0,0.5,123,107,4565.16,0.2,1.0,0.0,0.0,0.0,0,0,0.0,0.0,0,0,0.0,0.0,0,0,0.0,9130.32,2,1,0.5,1
LGS2ORD0027736,C013305,2025-08-08 15:00:00,Female,38,Bronze,Shopee,Chonburi,1491,Lazada,COD,15,8,4,0,30-40,49.7,6.0,1.0,0.16666666666666666,143,26,2347.2383333333332,0.23,0.5,0.3333333333333333,0.0,0.0,0,0,0.0,1617.13,1,0,0.0,1617.13,1,0,0.0,14083.43,6,1,0.16666666666666666,1
LGS2ORD0027737,C010975,2025-08-08 16:00:00,Female,51,Gold,Lazada,Chiang Mai,641,Lazada,Credit_Card,16,8,4,0,>50,21.366666666666667,4.0,1.0,0.25,187,136,2661.42,0.33,0.0,1.0,0.0,0.0,0,0,0.0,0.0,0,0,0.0,0.0,0,0,0.0,10645.68,4,1,0.25,0
LGS2ORD0027738,C010576,2025-08-08 16:00:00,Female,25,Bronze,TV,Remote_Area,558,Shopee,COD,16,8,4,0,20-30,18.6,6.0,2.0,0.3333333333333333,46,42,4758.631666666666,0.28,0.5,0.16666666666666666,0.0,0.0,0,0,0.0,0.0,0,0,0.0,13365.66,3,1,0.3333333333333333,28551.789999999997,6,2,0.3333333333333333,1
LGS2ORD0027739,C014629,2025-08-08 16:00:00,Female,45,Bronze,Shopee,Bangkok,270,Lazada,PromptPay,16,8,4,0,40-50,9.0,3.0,1.0,0.3333333333333333,176,11,10467.623333333333,0.23,0.6666666666666666,0.3333333333333333,0.0,0.0,0,0,0.0,9517.39,1,0,0.0,9517.39,1,0,0.0,31402.87,3,1,0.3333333333333333,0
LGS2ORD0027740,C016832,2025-08-08 16:00:00,Female,29,Silver,Web,Phuket,1533,Shopee,COD,16,8,4,0,20-30,51.1,1.0,0.0,0.0,-1,126,3480.74,0.2,1.0,0.0,0.0,0.0,0,0,0.0,0.0,0,0,0.0,0.0,0,0,0.0,3480.74,1,0,0.0,0
LGS2ORD0027741,C011735,2025-08-08 16:00:00,Female,28,Bronze,TV,Bangkok,905,Lazada,Credit_Card,16,8,4,0,20-30,30.166666666666668,4.0,2.0,0.5,45,57,4134.925,0.23,0.5,0.25,0.0,0.0,0,0,0.0,0.0,0,0,0.0,3035.3199999999997,2,1,0.5,16539.7,4,2,0.5,0
LGS2ORD0027742,C011983,2025-08-08 17:00:00,Female,50,Silver,Lazada,Chonburi,998,Shopee,COD,17,8,4,0,40-50,33.266666666666666,5.0,1.0,0.2,198,1,3342.4679999999994,0.3,0.2,0.4,0.0,3310.1,1,0,0.0,3310.1,1,0,0.0,8355.06,2,0,0.0,16712.339999999997,5,1,0.2,0
LGS2ORD0027743,C013483,2025-08-08 17:00:00,Other,33,Silver,Web,Bangkok,321,TV_Show,COD,17,8,4,0,30-40,10.7,3.0,0.0,0.0,-1,50,5730.746666666667,0.2,0.3333333333333333,0.0,0.0,0.0,0,0,0.0,0.0,0,0,0.0,4147.97,1,0,0.0,17192.24,3,0,0.0,0
LGS2ORD0027744,C012128,2025-08-08 17:00:00,Female,68,Gold,Lazada,Chiang Mai,1318,Lazada,Credit_Card,17,8,4,0,>50,43.93333333333333,2.0,1.0,0.5,137,61,5809.639999999999,0.2299999999999999,0.5,0.5,0.0,0.0,0,0,0.0,0.0,0,0,0.0,5266.69,1,0,0.0,11619.279999999999,2,1,0.5,0
LGS2ORD0027745,C015596,2025-08-08 17:00:00,Female,29,Bronze,CallCenter,Bangkok,668,TV_Show,COD,17,8,4,0,20-30,22.266666666666666,4.0,1.0,0.25,204,12,12904.0825,0.23,0.0,0.25,0.0,0.0,0,0,0.0,1163.05,1,0,0.0,1163.05,1,0,0.0,51616.33,4,1,0.25,0
LGS2ORD0027746,C011998,2025-08-08 17:00:00,Female,53,Silver,TV,Bangkok,1184,Web,Credit_Card,17,8,4,0,>50,39.46666666666667,7.0,2.0,0.2857142857142857,-7,1,2015.1842857142858,0.3,0.7142857142857143,0.5714285714285714,0.0,371.26,1,1,1.0,2330.23,2,1,0.5,5118.66,3,1,0.3333333333333333,14106.29,7,2,0.2857142857142857,0
LGS2ORD0027747,C013049,2025-08-08 18:00:00,Male,23,Bronze,Web,Songkhla,1588,Web,Credit_Card,18,8,4,0,20-30,52.93333333333333,6.0,1.0,0.16666666666666666,192,8,7239.423333333332,0.23,0.3333333333333333,0.3333333333333333,0.0,0.0,0,0,0.0,10968.09,1,0,0.0,11668.36,2,0,0.0,43436.53999999999,6,1,0.16666666666666666,0
LGS2ORD0027748,C011247,2025-08-08 18:00:00,Female,40,Silver,CallCenter,Chonburi,1471,TV_Show,Bank_Transfer,18,8,4,0,30-40,49.03333333333333,6.0,1.0,0.16666666666666666,11,23,7952.444999999999,0.3,0.5,0.16666666666666666,0.0,0.0,0,0,0.0,5352.32,1,1,1.0,47134.829999999994,5,1,0.2,47714.66999999999,6,1,0.16666666666666666,0
LGS2ORD0027749,C014918,2025-08-08 18:00:00,Female,34,Gold,TV,Khon Kaen,972,CallCenter,COD,18,8,4,0,30-40,32.4,7.0,2.0,0.2857142857142857,87,6,2218.468571428571,0.33,0.5714285714285714,0.5714285714285714,0.0,1024.29,1,0,0.0,1024.29,1,0,0.0,2589.52,2,0,0.0,15529.279999999999,7,2,0.2857142857142857,1
LGS2ORD0027750,C012378,2025-08-08 18:00:00,Female,59,Silver,Lazada,Chiang Mai,878,Shopee,COD,18,8,4,0,>50,29.266666666666666,5.0,1.0,0.2,97,29,2367.7619999999997,0.2,0.2,0.0,0.0,0.0,0,0,0.0,5630.66,1,0,0.0,8778.5,3,0,0.0,11838.81,5,1,0.2,0
LGS2ORD0027751,C016248,2025-08-08 18:00:00,Female,44,Silver,TV,Nakhon Ratchasima,919,TV_Show,Bank_Transfer,18,8,4,0,40-50,30.633333333333333,9.0,1.0,0.1111111111111111,78,30,4134.912222222222,0.3,0.3333333333333333,0.2222222222222222,0.0,0.0,0,0,0.0,0.0,0,0,0.0,9916.93,5,1,0.2,37214.21,9,1,0.1111111111111111,0
LGS2ORD0027752,C015971,2025-08-08 18:00:00,Male,18,Silver,Web,Bangkok,1105,TV_Show,COD,18,8,4,0,<20,36.833333333333336,2.0,0.0,0.0,-1,63,1181.73,0.25,0.5,1.0,0.0,0.0,0,0,0.0,0.0,0,0,0.0,261.18,1,0,0.0,2363.46,2,0,0.0,0
LGS2ORD0027753,C010033,2025-08-08 19:00:00,Female,50,Silver,Shopee,Khon Kaen,1420,TV_Show,COD,19,8,4,0,40-50,47.333333333333336,4.0,0.0,0.0,-1,3,4124.9974999999995,0.2,0.25,0.0,0.0,4357.68,1,0,0.0,4357.68,1,0,0.0,4357.68,1,0,0.0,16499.989999999998,4,0,0.0,1
LGS2ORD0027754,C015036,2025-08-08 19:00:00,Female,45,Bronze,Web,Chonburi,1524,TV_Show,Credit_Card,19,8,4,0,40-50,50.8,5.0,2.0,0.4,62,21,3483.268,0.18,0.6,0.0,0.0,0.0,0,0,0.0,1714.54,1,0,0.0,16719.86,4,2,0.5,17416.34,5,2,0.4,0
LGS2ORD0027755,C012717,2025-08-08 19:00:00,Male,58,Bronze,Shopee,Chonburi,1477,Web,Bank_Transfer,19,8,4,0,>50,49.233333333333334,9.0,2.0,0.2222222222222222,27,27,5034.528888888889,0.23,0.4444444444444444,0.2222222222222222,0.0,0.0,0,0,0.0,4198.29,1,0,0.0,30369.52,3,1,0.3333333333333333,45310.76,9,2,0.2222222222222222,0
LGS2ORD0027756,C010353,2025-08-08 19:00:00,Male,41,Silver,TV,Bangkok,616,Web,COD,19,8,4,0,40-50,20.533333333333335,2.0,0.0,0.0,-1,51,2434.99,0.3,0.0,1.0,0.0,0.0,0,0,0.0,0.0,0,0,0.0,4869.98,2,0,0.0,4869.98,2,0,0.0,0
LGS2ORD0027757,C011826,2025-08-08 19:00:00,Male,50,Bronze,Lazada,Bangkok,1466,CallCenter,COD,19,8,4,0,40-50,48.86666666666667,1.0,0.0,0.0,-1,73,576.21,0.18,0.0,0.0,0.0,0.0,0,0,0.0,0.0,0,0,0.0,576.21,1,0,0.0,576.21,1,0,0.0,0
LGS2ORD0027758,C012346,2025-08-08 20:00:00,Male,24,Bronze,TV,Chiang Mai,1048,Web,COD,20,8,4,0,20-30,34.93333333333333,5.0,2.0,0.4,110,5,5237.996,0.23,0.8,0.2,0.0,1845.24,1,0,0.0,1845.24,1,0,0.0,1845.24,1,0,0.0,26189.98,5,2,0.4,1
LGS2ORD0027759,C015477,2025-08-08 20:00:00,Female,46,Bronze,Shopee,Chonburi,1241,TV_Show,COD,20,8,4,0,40-50,41.36666666666667,7.0,2.0,0.2857142857142857,43,25,2818.218571428571,0.23,0.5714285714285714,0.14285714285714285,0.0,0.0,0,0,0.0,3173.11,1,0,0.0,6475.620000000001,3,1,0.3333333333333333,19727.53,7,2,0.2857142857142857,1
LGS2ORD0027760,C015171,2025-08-08 20:00:00,Male,45,Bronze,TV,Bangkok,426,Web,COD,20,8,4,0,40-50,14.2,2.0,1.0,0.5,46,60,1856.725,0.08,0.5,0.0,0.0,0.0,0,0,0.0,0.0,0,0,0.0,3127.68,1,1,1.0,3713.45,2,1,0.5,1
LGS2ORD0027761,C017616,2025-08-08 20:00:00,Male,42,Bronze,Shopee,Khon Kaen,369,TV_Show,COD,20,8,4,0,40-50,12.3,1.0,0.0,0.0,-1,116,2882.63,0.03,1.0,0.0,0.0,0.0,0,0,0.0,0.0,0,0,0.0,0.0,0,0,0.0,2882.63,1,0,0.0,0
LGS2ORD0027762,C016629,2025-08-08 20:00:00,Male,29,Gold,Web,Bangkok,698,TV_Show,COD,20,8,4,0,20-30,23.266666666666666,6.0,1.0,0.16666666666666666,145,83,13408.843333333332,0.2299999999999999,0.3333333333333333,0.16666666666666666,0.0,0.0,0,0,0.0,0.0,0,0,0.0,20002.19,1,0,0.0,80453.06,6,1,0.16666666666666666,0
LGS2ORD0027763,C011069,2025-08-08 21:00:00,Female,47,Silver,Lazada,Phuket,563,Shopee,COD,21,8,4,0,40-50,18.766666666666666,4.0,0.0,0.0,-1,21,3331.2425000000003,0.25,0.5,0.5,0.0,0.0,0,0,0.0,367.27,1,0,0.0,1818.62,3,0,0.0,13324.970000000001,4,0,0.0,1
LGS2ORD0027764,C011741,2025-08-08 21:00:00,Female,69,Bronze,TV,Songkhla,1286,TV_Show,COD,21,8,4,0,>50,42.86666666666667,5.0,3.0,0.6,25,24,5141.914,0.28,0.6,0.4,0.0,0.0,0,0,0.0,2816.66,1,0,0.0,20333.0,3,2,0.6666666666666666,25709.57,5,3,0.6,0
LGS2ORD0027765,C013455,2025-08-08 21:00:00,Female,29,Bronze,Web,Bangkok,1227,CallCenter,COD,21,8,4,0,20-30,40.9,2.0,1.0,0.5,15,23,8118.655,0.13,1.0,0.0,0.0,0.0,0,0,0.0,1676.08,1,0,0.0,16237.31,2,1,0.5,16237.31,2,1,0.5,0
LGS2ORD0027766,C014692,2025-08-08 21:00:00,Female,56,Bronze,CallCenter,Bangkok,351,Shopee,Credit_Card,21,8,4,0,>50,11.7,0.0,0.0,0.0,-1,-1,0.0,0.0,0.0,0.0,0.0,0.0,0,0,0.0,0.0,0,0,0.0,0.0,0,0,0.0,0.0,0,0,0.0,0
LGS2ORD0027767,C012827,2025-08-08 21:00:00,Female,47,Bronze,CallCenter,Songkhla,937,Lazada,COD,21,8,4,0,40-50,31.233333333333334,7.0,3.0,0.42857142857142855,23,6,3448.128571428572,0.28,0.7142857142857143,0.42857142857142855,0.0,3182.78,1,0,0.0,3182.78,1,0,0.0,15373.74,4,1,0.25,24136.9,7,3,0.42857142857142855,0
LGS2ORD0027768,C014548,2025-08-08 22:00:00,Female,35,Bronze,Shopee,Nakhon Ratchasima,737,TV_Show,COD,22,8,4,0,30-40,24.566666666666666,4.0,0.0,0.0,-1,1,3583.425,0.23,0.5,0.25,0.0,580.84,1,0,0.0,580.84,1,0,0.0,580.84,1,0,0.0,14333.7,4,0,0.0,1
LGS2ORD0027769,C011650,2025-08-08 22:00:00,Male,54,Gold,Web,Phuket,1059,TV_Show,PromptPay,22,8,4,0,>50,35.3,2.0,0.0,0.0,-1,15,3166.76,0.18,1.0,0.0,0.0,0.0,0,0,0.0,1530.01,1,0,0.0,1530.01,1,0,0.0,6333.52,2,0,0.0,0
LGS2ORD0027770,C017477,2025-08-08 22:00:00,Male,33,Silver,Lazada,Nakhon Ratchasima,312,Lazada,COD,22,8,4,0,30-40,10.4,7.0,3.0,0.42857142857142855,28,44,4850.768571428572,0.25,0.8571428571428571,0.42857142857142855,0.0,0.0,0,0,0.0,0.0,0,0,0.0,14047.050000000001,3,2,0.6666666666666666,33955.380000000005,7,3,0.42857142857142855,1
LGS2ORD0027771,C016841,2025-08-08 22:00:00,Male,42,Gold,TV,Remote_Area,1418,CallCenter,PromptPay,22,8,4,0,40-50,47.266666666666666,4.0,2.0,0.5,0,8,1680.3100000000002,0.33,0.25,0.25,0.0,0.0,0,0,0.0,1340.47,1,1,1.0,6030.77,3,1,0.3333333333333333,6721.240000000001,4,2,0.5,0
LGS2ORD0027772,C016270,2025-08-08 22:00:00,Male,48,Bronze,Lazada,Songkhla,1335,TV_Show,COD,22,8,4,0,40-50,44.5,3.0,2.0,0.6666666666666666,180,176,4910.653333333333,0.28,1.0,0.3333333333333333,0.0,0.0,0,0,0.0,0.0,0,0,0.0,0.0,0,0,0.0,14731.96,3,2,0.6666666666666666,0
LGS2ORD0027773,C015541,2025-08-08 22:00:00,Female,62,Silver,TV,Chiang Mai,573,CallCenter,COD,22,8,4,0,>50,19.1,3.0,1.0,0.3333333333333333,164,169,4273.913333333333,0.3,1.0,0.3333333333333333,0.0,0.0,0,0,0.0,0.0,0,0,0.0,0.0,0,0,0.0,12821.74,3,1,0.3333333333333333,0
LGS2ORD0027774,C017591,2025-08-08 23:00:00,Male,49,Bronze,Lazada,Remote_Area,1074,TV_Show,PromptPay,23,8,4,0,40-50,35.8,5.0,1.0,0.2,143,76,5189.4220000000005,0.28,0.2,0.4,0.0,0.0,0,0,0.0,0.0,0,0,0.0,2891.07,1,0,0.0,25947.11,5,1,0.2,0
LGS2ORD0027775,C010109,2025-08-08 23:00:00,Female,19,Bronze,TV,Bangkok,833,Shopee,COD,23,8,4,0,<20,27.766666666666666,4.0,3.0,0.75,67,74,7875.74,0.28,0.75,0.25,0.0,0.0,0,0,0.0,0.0,0,0,0.0,11638.44,2,2,1.0,31502.96,4,3,0.75,1
LGS2ORD0027776,C011629,2025-08-08 23:00:00,Male,52,Gold,CallCenter,Songkhla,1356,Web,COD,23,8,4,0,>50,45.2,6.0,2.0,0.3333333333333333,-6,9,6841.796666666666,0.33,0.8333333333333334,0.5,0.0,0.0,0,0,0.0,15339.64,1,1,1.0,15339.64,1,1,1.0,41050.78,6,2,0.3333333333333333,0
LGS2ORD0027777,C015334,2025-08-08 23:00:00,Male,39,Silver,Web,Phuket,1036,Web,COD,23,8,4,0,30-40,34.53333333333333,2.0,0.0,0.0,-1,24,4953.860000000001,0.25,0.5,0.5,0.0,0.0,0,0,0.0,8438.78,1,0,0.0,8438.78,1,0,0.0,9907.720000000001,2,0,0.0,1
LGS2ORD0027778,C011289,2025-08-08 23:00:00,Female,37,Silver,Shopee,Remote_Area,942,TV_Show,COD,23,8,4,0,30-40,31.4,4.0,0.0,0.0,-1,53,8165.9475,0.2,0.25,0.0,0.0,0.0,0,0,0.0,0.0,0,0,0.0,28107.18,2,0,0.0,32663.79,4,0,0.0,0
LGS2ORD0027779,C013822,2025-08-09 00:00:00,Male,45,Bronze,Lazada,Bangkok,724,Shopee,PromptPay,0,8,5,1,40-50,24.133333333333333,3.0,0.0,0.0,-1,84,10261.1,0.28,0.3333333333333333,0.6666666666666666,0.0,0.0,0,0,0.0,0.0,0,0,0.0,13664.08,1,0,0.0,30783.300000000003,3,0,0.0,0
LGS2ORD0027780,C016341,2025-08-09 00:00:00,Other,36,Bronze,Web,Phuket,380,CallCenter,COD,0,8,5,1,30-40,12.666666666666666,9.0,4.0,0.4444444444444444,35,42,3369.032222222222,0.23,0.7777777777777778,0.2222222222222222,0.0,0.0,0,0,0.0,0.0,0,0,0.0,6349.75,3,1,0.3333333333333333,30321.29,9,4,0.4444444444444444,0
LGS2ORD0027781,C015239,2025-08-09 00:00:00,Female,51,Silver,TV,Khon Kaen,1101,Shopee,Bank_Transfer,0,8,5,1,>50,36.7,3.0,0.0,0.0,-1,61,8702.76,0.2,0.0,0.0,0.0,0.0,0,0,0.0,0.0,0,0,0.0,16370.93,2,0,0.0,26108.28,3,0,0.0,0
LGS2ORD0027782,C015579,2025-08-09 00:00:00,Male,48,Platinum,Web,Phuket,710,Shopee,Credit_Card,0,8,5,1,40-50,23.666666666666668,1.0,0.0,0.0,-1,139,4034.57,0.1,0.0,0.0,0.0,0.0,0,0,0.0,0.0,0,0,0.0,0.0,0,0,0.0,4034.57,1,0,0.0,0
LGS2ORD0027783,C013943,2025-08-09 00:00:00,Male,26,Bronze,Lazada,Chiang Mai,402,Lazada,COD,0,8,5,1,20-30,13.4,3.0,1.0,0.3333333333333333,65,76,8328.39,0.18,0.6666666666666666,0.0,0.0,0.0,0,0,0.0,0.0,0,0,0.0,14590.35,1,1,1.0,24985.17,3,1,0.3333333333333333,0
LGS2ORD0027784,C013245,2025-08-09 01:00:00,Male,43,Bronze,TV,Songkhla,1364,TV_Show,COD,1,8,5,1,40-50,45.46666666666667,4.0,3.0,0.75,9,27,4363.01,0.18,1.0,0.0,0.0,0.0,0,0,0.0,3811.65,1,1,1.0,3811.65,1,1,1.0,17452.04,4,3,0.75,0
LGS2ORD0027785,C015946,2025-08-09 01:00:00,Male,18,Silver,TV,Phuket,777,Web,Credit_Card,1,8,5,1,<20,25.9,3.0,2.0,0.6666666666666666,0,13,2424.2900000000004,0.25,0.3333333333333333,0.3333333333333333,0.0,0.0,0,0,0.0,1598.94,1,1,1.0,6159.389999999999,2,1,0.5,7272.870000000001,3,2,0.6666666666666666,0
LGS2ORD0027786,C012114,2025-08-09 01:00:00,Female,18,Gold,TV,Chonburi,663,Lazada,Bank_Transfer,1,8,5,1,<20,22.1,4.0,1.0,0.25,43,26,4142.9175,0.33,0.5,0.75,0.0,0.0,0,0,0.0,8178.08,1,0,0.0,15866.83,3,1,0.3333333333333333,16571.67,4,1,0.25,0
LGS2ORD0027787,C011357,2025-08-09 01:00:00,Female,44,Bronze,TV,Nakhon Ratchasima,1070,Shopee,Credit_Card,1,8,5,1,40-50,35.666666666666664,6.0,1.0,0.16666666666666666,10,23,2757.3116666666665,0.23,0.6666666666666666,0.3333333333333333,0.0,0.0,0,0,0.0,1336.48,1,1,1.0,14892.59,5,1,0.2,16543.87,6,1,0.16666666666666666,0
LGS2ORD0027788,C012223,2025-08-09 01:00:00,Other,18,Bronze,Shopee,Nakhon Ratchasima,238,Lazada,PromptPay,1,8,5,1,<20,7.933333333333334,0.0,0.0,0.0,-1,-1,0.0,0.0,0.0,0.0,0.0,0.0,0,0,0.0,0.0,0,0,0.0,0.0,0,0,0.0,0.0,0,0,0.0,0
LGS2ORD0027789,C012202,2025-08-09 01:00:00,Female,41,Silver,TV,Chiang Mai,1399,Web,COD,1,8,5,1,40-50,46.63333333333333,3.0,1.0,0.3333333333333333,182,7,8609.686666666666,0.3,0.6666666666666666,0.3333333333333333,0.0,0.0,0,0,0.0,621.99,1,0,0.0,621.99,1,0,0.0,25829.06,3,1,0.3333333333333333,0
LGS2ORD0027790,C017281,2025-08-09 02:00:00,Female,51,Silver,Web,Chonburi,1674,Shopee,Credit_Card,2,8,5,1,>50,55.8,2.0,0.0,0.0,-1,28,2946.92,0.2,0.0,0.0,0.0,0.0,0,0,0.0,1508.08,1,0,0.0,1508.08,1,0,0.0,5893.84,2,0,0.0,0
LGS2ORD0027791,C011023,2025-08-09 02:00:00,Female,38,Gold,Lazada,Bangkok,655,Web,PromptPay,2,8,5,1,30-40,21.833333333333332,3.0,1.0,0.3333333333333333,101,112,4830.35,0.18,0.6666666666666666,0.0,0.0,0.0,0,0,0.0,0.0,0,0,0.0,0.0,0,0,0.0,14491.050000000001,3,1,0.3333333333333333,0
LGS2ORD0027792,C015944,2025-08-09 02:00:00,Female,43,Platinum,Lazada,Chonburi,550,TV_Show,COD,2,8,5,1,40-50,18.333333333333332,3.0,0.0,0.0,-1,30,4542.463333333333,0.25,0.0,0.3333333333333333,0.0,0.0,0,0,0.0,0.0,0,0,0.0,11623.029999999999,2,0,0.0,13627.39,3,0,0.0,0
LGS2ORD0027793,C015735,2025-08-09 02:00:00,Female,37,Bronze,TV,Nakhon Ratchasima,1617,Lazada,COD,2,8,5,1,30-40,53.9,2.0,1.0,0.5,50,62,6993.15,0.23,0.5,0.5,0.0,0.0,0,0,0.0,0.0,0,0,0.0,8060.66,1,1,1.0,13986.3,2,1,0.5,0
LGS2ORD0027794,C014903,2025-08-09 02:00:00,Female,18,Bronze,TV,Phuket,731,Web,Bank_Transfer,2,8,5,1,<20,24.366666666666667,4.0,1.0,0.25,119,45,3707.77,0.18,0.5,0.0,0.0,0.0,0,0,0.0,0.0,0,0,0.0,5266.08,1,0,0.0,14831.08,4,1,0.25,0
LGS2ORD0027795,C010562,2025-08-09 03:00:00,Male,72,Silver,TV,Chonburi,1210,TV_Show,COD,3,8,5,1,>50,40.333333333333336,1.0,1.0,1.0,88,93,1869.94,0.25,1.0,1.0,0.0,0.0,0,0,0.0,0.0,0,0,0.0,0.0,0,0,0.0,1869.94,1,1,1.0,1
LGS2ORD0027796,C011267,2025-08-09 03:00:00,Female,48,Gold,TV,Bangkok,1265,TV_Show,COD,3,8,5,1,40-50,42.166666666666664,4.0,1.0,0.25,178,64,5896.087500000001,0.28,0.25,0.75,0.0,0.0,0,0,0.0,0.0,0,0,0.0,7456.6,2,0,0.0,23584.350000000002,4,1,0.25,0
LGS2ORD0027797,C013072,2025-08-09 03:00:00,Female,23,Bronze,CallCenter,Khon Kaen,1339,CallCenter,Credit_Card,3,8,5,1,20-30,44.63333333333333,4.0,2.0,0.5,114,109,4080.1425,0.28,0.5,0.25,0.0,0.0,0,0,0.0,0.0,0,0,0.0,0.0,0,0,0.0,16320.57,4,2,0.5,0
LGS2ORD0027798,C014136,2025-08-09 03:00:00,Other,57,Bronze,CallCenter,Khon Kaen,362,TV_Show,COD,3,8,5,1,>50,12.066666666666666,5.0,2.0,0.4,21,29,8718.630000000001,0.28,0.8,0.4,0.0,0.0,0,0,0.0,25699.57,1,1,1.0,35379.59,3,2,0.6666666666666666,43593.15,5,2,0.4,0
LGS2ORD0027799,C012389,2025-08-09 03:00:00,Female,55,Gold,Shopee,Bangkok,308,Web,COD,3,8,5,1,>50,10.266666666666667,5.0,1.0,0.2,21,24,4367.282000000001,0.33,0.4,0.6,0.0,0.0,0,0,0.0,3037.58,1,1,1.0,3037.58,1,1,1.0,21836.410000000003,5,1,0.2,0
LGS2ORD0027800,C012268,2025-08-09 04:00:00,Female,44,Bronze,Shopee,Chonburi,1554,CallCenter,COD,4,8,5,1,40-50,51.8,3.0,0.0,0.0,-1,54,2407.523333333333,0.08,1.0,0.0,0.0,0.0,0,0,0.0,0.0,0,0,0.0,6199.25,2,0,0.0,7222.57,3,0,0.0,0
LGS2ORD0027801,C017084,2025-08-09 04:00:00,Female,49,Bronze,Web,Songkhla,236,Shopee,COD,4,8,5,1,40-50,7.866666666666666,3.0,1.0,0.3333333333333333,19,34,3619.35,0.23,0.0,0.3333333333333333,0.0,0.0,0,0,0.0,0.0,0,0,0.0,9336.2,2,1,0.5,10858.05,3,1,0.3333333333333333,0
LGS2ORD0027802,C012890,2025-08-09 04:00:00,Male,41,Silver,Shopee,Khon Kaen,396,Shopee,PromptPay,4,8,5,1,40-50,13.2,4.0,0.0,0.0,-1,47,6059.392500000001,0.2,0.25,0.0,0.0,0.0,0,0,0.0,0.0,0,0,0.0,1691.72,1,0,0.0,24237.570000000003,4,0,0.0,0
LGS2ORD0027803,C013747,2025-08-09 04:00:00,Male,39,Bronze,TV,Bangkok,991,Lazada,COD,4,8,5,1,30-40,33.03333333333333,3.0,1.0,0.3333333333333333,53,59,8902.726666666667,0.18,0.3333333333333333,0.0,0.0,0.0,0,0,0.0,0.0,0,0,0.0,2007.27,1,1,1.0,26708.18,3,1,0.3333333333333333,0
LGS2ORD0027804,C014324,2025-08-09 04:00:00,Female,33,Silver,TV,Khon Kaen,1611,TV_Show,COD,4,8,5,1,30-40,53.7,6.0,3.0,0.5,79,27,4646.96,0.25,0.6666666666666666,0.16666666666666666,0.0,0.0,0,0,0.0,993.49,1,0,0.0,18121.34,3,1,0.3333333333333333,27881.760000000002,6,3,0.5,0
LGS2ORD0027805,C017141,2025-08-09 05:00:00,Male,44,Gold,Lazada,Bangkok,1207,Shopee,Bank_Transfer,5,8,5,1,40-50,40.233333333333334,5.0,1.0,0.2,168,15,10483.965999999997,0.33,0.2,0.4,0.0,0.0,0,0,0.0,969.09,1,0,0.0,14240.29,3,0,0.0,52419.82999999999,5,1,0.2,1
LGS2ORD0027806,C010717,2025-08-09 05:00:00,Male,42,Bronze,Shopee,Chonburi,1479,Shopee,Bank_Transfer,5,8,5,1,40-50,49.3,0.0,0.0,0.0,-1,-1,0.0,0.0,0.0,0.0,0.0,0.0,0,0,0.0,0.0,0,0,0.0,0.0,0,0,0.0,0.0,0,0,0.0,0
LGS2ORD0027807,C016800,2025-08-09 05:00:00,Female,34,Bronze,TV,Bangkok,833,Web,Bank_Transfer,5,8,5,1,30-40,27.766666666666666,3.0,1.0,0.3333333333333333,164,25,2536.29,0.23,0.3333333333333333,0.6666666666666666,0.0,0.0,0,0,0.0,1547.05,1,0,0.0,1547.05,1,0,0.0,7608.87,3,1,0.3333333333333333,0
LGS2ORD0027808,C016018,2025-08-09 05:00:00,Female,52,Bronze,Web,Khon Kaen,517,Lazada,COD,5,8,5,1,>50,17.233333333333334,1.0,0.0,0.0,-1,32,2329.58,0.23,0.0,1.0,0.0,0.0,0,0,0.0,0.0,0,0,0.0,2329.58,1,0,0.0,2329.58,1,0,0.0,0
LGS2ORD0027809,C010248,2025-08-09 05:00:00,Female,63,Platinum,Shopee,Bangkok,447,Shopee,COD,5,8,5,1,>50,14.9,4.0,1.0,0.25,167,33,3227.9474999999998,0.3,0.5,0.5,0.0,0.0,0,0,0.0,0.0,0,0,0.0,4093.25,1,0,0.0,12911.789999999999,4,1,0.25,0
LGS2ORD0027810,C011187,2025-08-09 05:00:00,Male,50,Bronze,Shopee,Nakhon Ratchasima,1133,Shopee,Credit_Card,5,8,5,1,40-50,37.766666666666666,5.0,1.0,0.2,43,8,5792.744000000001,0.28,0.8,0.6,0.0,0.0,0,0,0.0,2584.59,1,0,0.0,9180.57,3,1,0.3333333333333333,28963.720000000005,5,1,0.2,0
LGS2ORD0027811,C012628,2025-08-09 06:00:00,Male,34,Platinum,Shopee,Bangkok,918,Web,Bank_Transfer,6,8,5,1,30-40,30.6,8.0,1.0,0.125,55,18,3797.8225,0.3,0.5,0.5,0.0,0.0,0,0,0.0,7239.21,1,0,0.0,18959.13,5,1,0.2,30382.58,8,1,0.125,0
LGS2ORD0027812,C011727,2025-08-09 06:00:00,Female,34,Bronze,Web,Phuket,1634,TV_Show,COD,6,8,5,1,30-40,54.46666666666667,6.0,3.0,0.5,21,11,3203.9566666666665,0.23,0.5,0.16666666666666666,0.0,0.0,0,0,0.0,15600.800000000001,3,1,0.3333333333333333,16171.949999999999,4,2,0.5,19223.739999999998,6,3,0.5,0
LGS2ORD0027813,C012367,2025-08-09 06:00:00,Male,42,Bronze,TV,Remote_Area,752,TV_Show,Bank_Transfer,6,8,5,1,40-50,25.066666666666666,2.0,1.0,0.5,98,3,5450.69,0.18,0.5,0.0,0.0,10446.63,1,0,0.0,10446.63,1,0,0.0,10446.63,1,0,0.0,10901.38,2,1,0.5,1
LGS2ORD0027814,C015170,2025-08-09 06:00:00,Female,33,Silver,Web,Bangkok,1665,Lazada,COD,6,8,5,1,30-40,55.5,1.0,1.0,1.0,34,40,7851.18,0.05,1.0,0.0,0.0,0.0,0,0,0.0,0.0,0,0,0.0,7851.18,1,1,1.0,7851.18,1,1,1.0,1
LGS2ORD0027815,C012131,2025-08-09 06:00:00,Male,53,Bronze,Lazada,Remote_Area,1601,Lazada,COD,6,8,5,1,>50,53.36666666666667,5.0,3.0,0.6,7,16,3796.298,0.23,0.6,0.2,0.0,0.0,0,0,0.0,1641.01,1,1,1.0,9985.07,2,1,0.5,18981.489999999998,5,3,0.6,0
LGS2ORD0027816,C012561,2025-08-09 07:00:00,Female,61,Platinum,Shopee,Phuket,742,Lazada,COD,7,8,5,1,>50,24.733333333333334,4.0,2.0,0.5,71,75,7262.6925,0.35,0.5,0.75,0.0,0.0,0,0,0.0,0.0,0,0,0.0,315.76,1,1,1.0,29050.77,4,2,0.5,0
LGS2ORD0027817,C010430,2025-08-09 07:00:00,Female,23,Platinum,Lazada,Bangkok,1667,Shopee,COD,7,8,5,1,20-30,55.56666666666667,1.0,0.0,0.0,-1,1,3136.06,0.25,1.0,1.0,0.0,3136.06,1,0,0.0,3136.06,1,0,0.0,3136.06,1,0,0.0,3136.06,1,0,0.0,0
LGS2ORD0027818,C012505,2025-08-09 07:00:00,Female,62,Silver,TV,Nakhon Ratchasima,396,Web,Bank_Transfer,7,8,5,1,>50,13.2,2.0,0.0,0.0,-1,43,1859.7399999999998,0.1,0.5,0.0,0.0,0.0,0,0,0.0,0.0,0,0,0.0,2705.45,1,0,0.0,3719.4799999999996,2,0,0.0,0
LGS2ORD0027819,C011837,2025-08-09 07:00:00,Female,45,Gold,Web,Remote_Area,1672,Lazada,COD,7,8,5,1,40-50,55.733333333333334,2.0,1.0,0.5,57,69,3756.965,0.13,0.5,0.0,0.0,0.0,0,0,0.0,0.0,0,0,0.0,4287.09,1,1,1.0,7513.93,2,1,0.5,0
LGS2ORD0027820,C017198,2025-08-09 07:00:00,Male,51,Bronze,Shopee,Chonburi,1496,TV_Show,Credit_Card,7,8,5,1,>50,49.86666666666667,5.0,0.0,0.0,-1,2,5627.892000000001,0.28,0.4,0.2,0.0,507.9,1,0,0.0,507.9,1,0,0.0,2041.2800000000002,2,0,0.0,28139.460000000003,5,0,0.0,0
LGS2ORD0027821,C015447,2025-08-09 08:00:00,Female,53,Bronze,Web,Nakhon Ratchasima,1663,Web,COD,8,8,5,1,>50,55.43333333333333,4.0,1.0,0.25,23,29,11612.94,0.23,0.5,0.25,0.0,0.0,0,0,0.0,4870.89,1,1,1.0,40803.11,2,1,0.5,46451.76,4,1,0.25,0
LGS2ORD0027822,C014717,2025-08-09 08:00:00,Female,56,Bronze,Lazada,Khon Kaen,1526,CallCenter,Credit_Card,8,8,5,1,>50,50.86666666666667,2.0,0.0,0.0,-1,191,1308.67,0.28,0.0,0.5,0.0,0.0,0,0,0.0,0.0,0,0,0.0,0.0,0,0,0.0,2617.34,2,0,0.0,0
LGS2ORD0027823,C014396,2025-08-09 08:00:00,Male,37,Bronze,Shopee,Chiang Mai,1593,Lazada,PromptPay,8,8,5,1,30-40,53.1,5.0,1.0,0.2,78,20,3829.768,0.28,0.6,0.4,0.0,0.0,0,0,0.0,545.35,1,0,0.0,4977.080000000001,3,1,0.3333333333333333,19148.84,5,1,0.2,0
LGS2ORD0027824,C010040,2025-08-09 08:00:00,Male,56,Bronze,TV,Remote_Area,813,Web,PromptPay,8,8,5,1,>50,27.1,5.0,1.0,0.2,66,6,4740.836,0.28,0.4,0.4,0.0,8970.26,1,0,0.0,8970.26,1,0,0.0,23012.03,4,1,0.25,23704.18,5,1,0.2,0
LGS2ORD0027825,C017359,2025-08-09 08:00:00,Female,44,Silver,Lazada,Phuket,382,Web,Credit_Card,8,8,5,1,40-50,12.733333333333333,2.0,0.0,0.0,-1,180,6163.025,0.1,0.5,0.0,0.0,0.0,0,0,0.0,0.0,0,0,0.0,0.0,0,0,0.0,12326.05,2,0,0.0,1
LGS2ORD0027826,C016938,2025-08-09 09:00:00,Male,18,Silver,Shopee,Bangkok,1017,TV_Show,COD,9,8,5,1,<20,33.9,7.0,3.0,0.42857142857142855,92,19,5434.738571428572,0.2,0.5714285714285714,0.0,0.0,0.0,0,0,0.0,2870.4,1,0,0.0,7870.17,3,0,0.0,38043.170000000006,7,3,0.42857142857142855,0
LGS2ORD0027827,C011997,2025-08-09 09:00:00,Male,50,Silver,TV,Khon Kaen,982,TV_Show,Credit_Card,9,8,5,1,40-50,32.733333333333334,6.0,3.0,0.5,72,75,5624.2283333333335,0.3,0.8333333333333334,0.3333333333333333,0.0,0.0,0,0,0.0,0.0,0,0,0.0,2752.8199999999997,2,1,0.5,33745.37,6,3,0.5,0
LGS2ORD0027828,C014482,2025-08-09 09:00:00,Female,55,Bronze,Web,Songkhla,464,Shopee,COD,9,8,5,1,>50,15.466666666666667,8.0,3.0,0.375,72,60,2734.4962499999997,0.28,0.75,0.5,0.0,0.0,0,0,0.0,0.0,0,0,0.0,1935.94,2,1,0.5,21875.969999999998,8,3,0.375,1
LGS2ORD0027829,C014491,2025-08-09 09:00:00,Other,26,Bronze,Web,Songkhla,1672,Web,COD,9,8,5,1,20-30,55.733333333333334,3.0,2.0,0.6666666666666666,88,100,8487.026666666667,0.23,0.3333333333333333,0.3333333333333333,0.0,0.0,0,0,0.0,0.0,0,0,0.0,0.0,0,0,0.0,25461.08,3,2,0.6666666666666666,1
LGS2ORD0027830,C010508,2025-08-09 09:00:00,Male,57,Bronze,TV,Chiang Mai,646,Shopee,COD,9,8,5,1,>50,21.533333333333335,3.0,1.0,0.3333333333333333,123,39,3001.4833333333336,0.03,0.0,0.0,0.0,0.0,0,0,0.0,0.0,0,0,0.0,4337.26,1,0,0.0,9004.45,3,1,0.3333333333333333,0
LGS2ORD0027831,C015850,2025-08-09 09:00:00,Female,58,Bronze,TV,Nakhon Ratchasima,679,Shopee,COD,9,8,5,1,>50,22.633333333333333,1.0,0.0,0.0,-1,170,782.42,0.08,0.0,0.0,0.0,0.0,0,0,0.0,0.0,0,0,0.0,0.0,0,0,0.0,782.42,1,0,0.0,0
LGS2ORD0027832,C013304,2025-08-09 10:00:00,Female,45,Bronze,Lazada,Chonburi,492,CallCenter,PromptPay,10,8,5,1,40-50,16.4,2.0,0.0,0.0,-1,81,7099.095,0.23,0.5,0.5,0.0,0.0,0,0,0.0,0.0,0,0,0.0,11994.79,1,0,0.0,14198.19,2,0,0.0,0
LGS2ORD0027833,C016576,2025-08-09 10:00:00,Female,18,Bronze,Web,Chonburi,989,TV_Show,COD,10,8,5,1,<20,32.96666666666667,6.0,2.0,0.3333333333333333,103,74,3694.3216666666667,0.23,0.6666666666666666,0.16666666666666666,0.0,0.0,0,0,0.0,0.0,0,0,0.0,12841.19,3,0,0.0,22165.93,6,2,0.3333333333333333,1
LGS2ORD0027834,C013525,2025-08-09 10:00:00,Female,23,Silver,Shopee,Bangkok,818,Shopee,Credit_Card,10,8,5,1,20-30,27.266666666666666,3.0,1.0,0.3333333333333333,67,78,5179.676666666666,0.25,0.6666666666666666,0.3333333333333333,0.0,0.0,0,0,0.0,0.0,0,0,0.0,6208.32,1,1,1.0,15539.029999999999,3,1,0.3333333333333333,0
LGS2ORD0027835,C014198,2025-08-09 10:00:00,Male,37,Gold,Shopee,Khon Kaen,681,Web,COD,10,8,5,1,30-40,22.7,6.0,1.0,0.16666666666666666,52,36,3721.453333333333,0.28,0.6666666666666666,0.16666666666666666,0.0,0.0,0,0,0.0,0.0,0,0,0.0,16364.79,4,1,0.25,22328.719999999998,6,1,0.16666666666666666,0
LGS2ORD0027836,C012203,2025-08-09 10:00:00,Male,54,Bronze,Shopee,Chonburi,1620,CallCenter,COD,10,8,5,1,>50,54.0,3.0,0.0,0.0,-1,135,5342.34,0.28,0.0,0.6666666666666666,0.0,0.0,0,0,0.0,0.0,0,0,0.0,0.0,0,0,0.0,16027.02,3,0,0.0,1
LGS2ORD0027837,C010647,2025-08-09 11:00:00,Male,31,Platinum,Web,Chiang Mai,1107,Web,COD,11,8,5,1,30-40,36.9,1.0,0.0,0.0,-1,204,1051.73,0.15,0.0,0.0,0.0,0.0,0,0,0.0,0.0,0,0,0.0,0.0,0,0,0.0,1051.73,1,0,0.0,1
LGS2ORD0027838,C013534,2025-08-09 11:00:00,Female,37,Silver,Web,Bangkok,318,Web,COD,11,8,5,1,30-40,10.6,2.0,0.0,0.0,-1,55,607.65,0.2,0.5,0.0,0.0,0.0,0,0,0.0,0.0,0,0,0.0,204.27,1,0,0.0,1215.3,2,0,0.0,0
LGS2ORD0027839,C010798,2025-08-09 11:00:00,Female,28,Silver,Lazada,Phuket,427,Shopee,Credit_Card,11,8,5,1,20-30,14.233333333333333,5.0,2.0,0.4,27,2,7109.408,0.25,0.8,0.2,0.0,2621.04,1,0,0.0,2621.04,1,0,0.0,4424.96,2,1,0.5,35547.04,5,2,0.4,0
LGS2ORD0027840,C012764,2025-08-09 11:00:00,Female,61,Bronze,Shopee,Bangkok,245,Lazada,PromptPay,11,8,5,1,>50,8.166666666666666,5.0,1.0,0.2,182,1,4710.074,0.28,0.4,0.6,0.0,3646.16,1,0,0.0,3646.16,1,0,0.0,9067.8,3,0,0.0,23550.37,5,1,0.2,1
LGS2ORD0027841,C010855,2025-08-09 11:00:00,Male,63,Bronze,CallCenter,Phuket,1509,Lazada,PromptPay,11,8,5,1,>50,50.3,2.0,1.0,0.5,183,83,10528.45,0.13,1.0,0.0,0.0,0.0,0,0,0.0,0.0,0,0,0.0,19948.04,1,0,0.0,21056.9,2,1,0.5,1
LGS2ORD0027842,C014793,2025-08-09 12:00:00,Male,46,Bronze,Lazada,Nakhon Ratchasima,607,Lazada,COD,12,8,5,1,40-50,20.233333333333334,2.0,1.0,0.5,34,47,2129.035,0.03,0.0,0.0,0.0,0.0,0,0,0.0,0.0,0,0,0.0,4258.07,2,1,0.5,4258.07,2,1,0.5,1
LGS2ORD0027843,C011291,2025-08-09 12:00:00,Male,29,Gold,Lazada,Bangkok,1118,TV_Show,Credit_Card,12,8,5,1,20-30,37.266666666666666,3.0,0.0,0.0,-1,31,3794.94,0.2299999999999999,0.0,0.3333333333333333,0.0,0.0,0,0,0.0,0.0,0,0,0.0,2206.01,2,0,0.0,11384.82,3,0,0.0,0
LGS2ORD0027844,C010467,2025-08-09 12:00:00,Female,29,Bronze,Web,Nakhon Ratchasima,1500,Shopee,Credit_Card,12,8,5,1,20-30,50.0,2.0,0.0,0.0,-1,111,7679.620000000001,0.28,0.0,0.5,0.0,0.0,0,0,0.0,0.0,0,0,0.0,0.0,0,0,0.0,15359.240000000002,2,0,0.0,0
LGS2ORD0027845,C012741,2025-08-09 12:00:00,Other,19,Gold,Web,Khon Kaen,373,TV_Show,PromptPay,12,8,5,1,<20,12.433333333333334,0.0,0.0,0.0,-1,-1,0.0,0.0,0.0,0.0,0.0,0.0,0,0,0.0,0.0,0,0,0.0,0.0,0,0,0.0,0.0,0,0,0.0,0
LGS2ORD0027846,C017792,2025-08-09 12:00:00,Female,43,Platinum,TV,Chonburi,821,Web,COD,12,8,5,1,40-50,27.366666666666667,3.0,0.0,0.0,-1,44,13511.693333333335,0.25,0.3333333333333333,1.0,0.0,0.0,0,0,0.0,0.0,0,0,0.0,2515.57,1,0,0.0,40535.08,3,0,0.0,0
LGS2ORD0027847,C011727,2025-08-09 13:00:00,Female,34,Bronze,Web,Phuket,1634,Lazada,PromptPay,13,8,5,1,30-40,54.46666666666667,7.0,3.0,0.42857142857142855,21,0,3961.338571428571,0.23,0.5714285714285714,0.14285714285714285,0.0,8505.63,1,0,0.0,24106.43,4,1,0.25,24677.579999999998,5,2,0.4,27729.369999999995,7,3,0.42857142857142855,0
LGS2ORD0027848,C013072,2025-08-09 13:00:00,Female,23,Bronze,CallCenter,Khon Kaen,1339,Web,Credit_Card,13,8,5,1,20-30,44.63333333333333,5.0,2.0,0.4,114,0,4969.33,0.28,0.4,0.2,0.0,8526.08,1,0,0.0,8526.08,1,0,0.0,8526.08,1,0,0.0,24846.65,5,2,0.4,0
LGS2ORD0027849,C013384,2025-08-09 13:00:00,Female,34,Platinum,Web,Nakhon Ratchasima,685,Lazada,COD,13,8,5,1,30-40,22.833333333333332,1.0,0.0,0.0,-1,130,3434.46,0.35,0.0,1.0,0.0,0.0,0,0,0.0,0.0,0,0,0.0,0.0,0,0,0.0,3434.46,1,0,0.0,0
LGS2ORD0027850,C012459,2025-08-09 13:00:00,Male,38,Silver,Shopee,Bangkok,684,TV_Show,PromptPay,13,8,5,1,30-40,22.8,1.0,0.0,0.0,-1,65,1024.78,0.15,1.0,0.0,0.0,0.0,0,0,0.0,0.0,0,0,0.0,1024.78,1,0,0.0,1024.78,1,0,0.0,1
LGS2ORD0027851,C014073,2025-08-09 13:00:00,Female,46,Silver,Web,Khon Kaen,752,Shopee,COD,13,8,5,1,40-50,25.066666666666666,4.0,1.0,0.25,27,33,7175.7425,0.3,0.5,0.25,0.0,0.0,0,0,0.0,0.0,0,0,0.0,10782.470000000001,2,1,0.5,28702.97,4,1,0.25,0
LGS2ORD0027852,C011521,2025-08-09 13:00:00,Male,38,Bronze,Lazada,Khon Kaen,1232,Lazada,Credit_Card,13,8,5,1,30-40,41.06666666666667,5.0,2.0,0.4,45,16,2059.2279999999996,0.23,0.4,0.4,0.0,0.0,0,0,0.0,696.64,1,0,0.0,985.39,2,1,0.5,10296.139999999998,5,2,0.4,0
LGS2ORD0027853,C013380,2025-08-09 14:00:00,Female,34,Gold,Lazada,Khon Kaen,1003,Web,COD,14,8,5,1,30-40,33.43333333333333,5.0,2.0,0.4,52,57,4672.4220000000005,0.33,0.4,0.8,0.0,0.0,0,0,0.0,0.0,0,0,0.0,12747.34,2,1,0.5,23362.11,5,2,0.4,1
LGS2ORD0027854,C017419,2025-08-09 14:00:00,Female,62,Bronze,TV,Khon Kaen,850,Web,COD,14,8,5,1,>50,28.333333333333332,6.0,3.0,0.5,6,10,8407.57,0.28,1.0,0.3333333333333333,0.0,0.0,0,0,0.0,28037.33,1,1,1.0,33007.36,2,2,1.0,50445.42,6,3,0.5,0
LGS2ORD0027855,C012317,2025-08-09 14:00:00,Male,52,Silver,TV,Phuket,366,CallCenter,PromptPay,14,8,5,1,>50,12.2,3.0,0.0,0.0,-1,36,3150.7666666666664,0.25,0.0,0.3333333333333333,0.0,0.0,0,0,0.0,0.0,0,0,0.0,788.26,1,0,0.0,9452.3,3,0,0.0,0
LGS2ORD0027856,C015565,2025-08-09 14:00:00,Male,39,Gold,Web,Nakhon Ratchasima,407,Shopee,Credit_Card,14,8,5,1,30-40,13.566666666666666,5.0,0.0,0.0,-1,15,4471.512,0.33,0.4,0.4,0.0,0.0,0,0,0.0,12327.96,1,0,0.0,13260.589999999998,2,0,0.0,22357.559999999998,5,0,0.0,0
LGS2ORD0027857,C012066,2025-08-09 14:00:00,Male,35,Silver,Lazada,Bangkok,1464,Web,Credit_Card,14,8,5,1,30-40,48.8,4.0,0.0,0.0,-1,117,12553.737500000001,0.2,0.5,0.0,0.0,0.0,0,0,0.0,0.0,0,0,0.0,0.0,0,0,0.0,50214.950000000004,4,0,0.0,0
LGS2ORD0027858,C016918,2025-08-09 15:00:00,Male,51,Gold,Lazada,Nakhon Ratchasima,1421,CallCenter,COD,15,8,5,1,>50,47.36666666666667,5.0,1.0,0.2,103,24,3669.345999999999,0.33,0.6,0.8,0.0,0.0,0,0,0.0,1880.05,1,0,0.0,6270.36,3,0,0.0,18346.729999999996,5,1,0.2,0
LGS2ORD0027859,C012310,2025-08-09 15:00:00,Male,31,Bronze,Lazada,Nakhon Ratchasima,1210,TV_Show,COD,15,8,5,1,30-40,40.333333333333336,4.0,0.0,0.0,-1,80,2407.91,0.23,0.25,0.25,0.0,0.0,0,0,0.0,0.0,0,0,0.0,7088.73,1,0,0.0,9631.64,4,0,0.0,1
LGS2ORD0027860,C017809,2025-08-09 15:00:00,Female,47,Bronze,Lazada,Bangkok,292,Lazada,COD,15,8,5,1,40-50,9.733333333333333,6.0,0.0,0.0,-1,18,4363.866666666667,0.28,0.5,0.16666666666666666,0.0,0.0,0,0,0.0,6635.09,2,0,0.0,6635.09,2,0,0.0,26183.2,6,0,0.0,0
LGS2ORD0027861,C012437,2025-08-09 15:00:00,Male,44,Gold,Web,Chiang Mai,260,Shopee,COD,15,8,5,1,40-50,8.666666666666666,1.0,0.0,0.0,-1,19,1911.22,0.08,0.0,0.0,0.0,0.0,0,0,0.0,1911.22,1,0,0.0,1911.22,1,0,0.0,1911.22,1,0,0.0,0
LGS2ORD0027862,C012867,2025-08-09 15:00:00,Other,30,Silver,Shopee,Songkhla,1439,Shopee,PromptPay,15,8,5,1,20-30,47.96666666666667,2.0,1.0,0.5,68,86,6346.0,0.3,1.0,0.5,0.0,0.0,0,0,0.0,0.0,0,0,0.0,9246.92,1,1,1.0,12692.0,2,1,0.5,0
LGS2ORD0027863,C010025,2025-08-09 16:00:00,Female,41,Bronze,Lazada,Chiang Mai,555,Lazada,Bank_Transfer,16,8,5,1,40-50,18.5,3.0,2.0,0.6666666666666666,155,165,1604.2033333333331,0.13,0.6666666666666666,0.0,0.0,0.0,0,0,0.0,0.0,0,0,0.0,0.0,0,0,0.0,4812.61,3,2,0.6666666666666666,0
LGS2ORD0027864,C017729,2025-08-09 16:00:00,Female,28,Gold,Web,Remote_Area,777,Web,Bank_Transfer,16,8,5,1,20-30,25.9,2.0,1.0,0.5,176,55,25855.585,0.13,0.5,0.0,0.0,0.0,0,0,0.0,0.0,0,0,0.0,29575.55,1,0,0.0,51711.17,2,1,0.5,0
LGS2ORD0027865,C013579,2025-08-09 16:00:00,Male,36,Silver,CallCenter,Nakhon Ratchasima,1264,TV_Show,Credit_Card,16,8,5,1,30-40,42.13333333333333,2.0,1.0,0.5,173,9,1290.375,0.2,0.5,0.0,0.0,0.0,0,0,0.0,1519.27,1,0,0.0,1519.27,1,0,0.0,2580.75,2,1,0.5,0
LGS2ORD0027866,C012930,2025-08-09 16:00:00,Female,36,Silver,Web,Nakhon Ratchasima,436,Lazada,Bank_Transfer,16,8,5,1,30-40,14.533333333333333,3.0,0.0,0.0,-1,35,2581.3333333333335,0.3,0.0,0.3333333333333333,0.0,0.0,0,0,0.0,0.0,0,0,0.0,2547.92,2,0,0.0,7744.0,3,0,0.0,0
LGS2ORD0027867,C017449,2025-08-09 16:00:00,Male,49,Bronze,TV,Bangkok,295,Shopee,COD,16,8,5,1,40-50,9.833333333333334,2.0,1.0,0.5,-6,1,17650.35,0.23,0.0,0.5,0.0,26397.13,1,1,1.0,26397.13,1,1,1.0,26397.13,1,1,1.0,35300.7,2,1,0.5,1
LGS2ORD0027868,C016637,2025-08-09 17:00:00,Male,72,Bronze,Shopee,Bangkok,567,Lazada,COD,17,8,5,1,>50,18.9,3.0,2.0,0.6666666666666666,136,135,5557.493333333333,0.23,0.6666666666666666,0.6666666666666666,0.0,0.0,0,0,0.0,0.0,0,0,0.0,0.0,0,0,0.0,16672.48,3,2,0.6666666666666666,0
LGS2ORD0027869,C014168,2025-08-09 17:00:00,Female,38,Silver,Web,Khon Kaen,1395,Web,COD,17,8,5,1,30-40,46.5,2.0,1.0,0.5,120,56,3532.7200000000003,0.25,0.5,0.5,0.0,0.0,0,0,0.0,0.0,0,0,0.0,5458.5,1,0,0.0,7065.4400000000005,2,1,0.5,0
LGS2ORD0027870,C016806,2025-08-09 17:00:00,Female,21,Gold,Web,Khon Kaen,1581,TV_Show,Bank_Transfer,17,8,5,1,20-30,52.7,2.0,0.0,0.0,-1,21,5977.59,0.18,0.5,0.0,0.0,0.0,0,0,0.0,8162.43,1,0,0.0,8162.43,1,0,0.0,11955.18,2,0,0.0,0
LGS2ORD0027871,C014885,2025-08-09 17:00:00,Male,57,Silver,Shopee,Bangkok,555,CallCenter,COD,17,8,5,1,>50,18.5,1.0,0.0,0.0,-1,170,2045.21,0.1,0.0,0.0,0.0,0.0,0,0,0.0,0.0,0,0,0.0,0.0,0,0,0.0,2045.21,1,0,0.0,0
LGS2ORD0027872,C016436,2025-08-09 17:00:00,Male,57,Bronze,CallCenter,Bangkok,1549,Lazada,COD,17,8,5,1,>50,51.63333333333333,6.0,1.0,0.16666666666666666,156,13,5845.218333333334,0.28,1.0,0.3333333333333333,0.0,0.0,0,0,0.0,1196.9,1,0,0.0,19045.410000000003,4,0,0.0,35071.310000000005,6,1,0.16666666666666666,0
LGS2ORD0027873,C015597,2025-08-09 17:00:00,Male,30,Gold,Lazada,Chiang Mai,1255,Shopee,Bank_Transfer,17,8,5,1,20-30,41.833333333333336,2.0,0.0,0.0,-1,115,3498.57,0.2299999999999999,0.0,0.5,0.0,0.0,0,0,0.0,0.0,0,0,0.0,0.0,0,0,0.0,6997.14,2,0,0.0,0
LGS2ORD0027874,C012067,2025-08-09 18:00:00,Male,42,Platinum,Shopee,Bangkok,548,Web,COD,18,8,5,1,40-50,18.266666666666666,2.0,1.0,0.5,99,101,1181.6599999999999,0.3,1.0,0.5,0.0,0.0,0,0,0.0,0.0,0,0,0.0,0.0,0,0,0.0,2363.3199999999997,2,1,0.5,0
LGS2ORD0027875,C013853,2025-08-09 18:00:00,Female,41,Bronze,TV,Khon Kaen,356,Web,COD,18,8,5,1,40-50,11.866666666666667,3.0,1.0,0.3333333333333333,169,7,22213.253333333338,0.18,0.0,0.0,0.0,0.0,0,0,0.0,9179.18,1,0,0.0,9179.18,1,0,0.0,66639.76000000001,3,1,0.3333333333333333,0
LGS2ORD0027876,C010420,2025-08-09 18:00:00,Male,52,Platinum,Shopee,Songkhla,654,CallCenter,PromptPay,18,8,5,1,>50,21.8,3.0,0.0,0.0,-1,27,3326.68,0.25,0.6666666666666666,0.3333333333333333,0.0,0.0,0,0,0.0,1211.35,1,0,0.0,5606.5599999999995,2,0,0.0,9980.039999999999,3,0,0.0,0
LGS2ORD0027877,C016900,2025-08-09 18:00:00,Female,45,Bronze,Lazada,Remote_Area,1327,Shopee,Credit_Card,18,8,5,1,40-50,44.233333333333334,3.0,2.0,0.6666666666666666,149,145,2514.9600000000005,0.28,1.0,0.3333333333333333,0.0,0.0,0,0,0.0,0.0,0,0,0.0,0.0,0,0,0.0,7544.880000000001,3,2,0.6666666666666666,0
LGS2ORD0027878,C010660,2025-08-09 18:00:00,Male,20,Bronze,Shopee,Chiang Mai,1572,Lazada,Bank_Transfer,18,8,5,1,<20,52.4,10.0,4.0,0.4,-3,7,5798.193000000001,0.23,0.4,0.5,0.0,0.0,0,0,0.0,6062.73,1,1,1.0,12914.57,3,1,0.3333333333333333,57981.93000000001,10,4,0.4,0
LGS2ORD0027879,C015887,2025-08-09 19:00:00,Female,47,Silver,Lazada,Bangkok,298,Web,COD,19,8,5,1,40-50,9.933333333333334,7.0,2.0,0.2857142857142857,18,10,11634.121428571429,0.25,0.5714285714285714,0.42857142857142855,0.0,0.0,0,0,0.0,2810.16,1,0,0.0,22355.69,3,1,0.3333333333333333,81438.85,7,2,0.2857142857142857,0
LGS2ORD0027880,C015991,2025-08-09 19:00:00,Female,41,Silver,Shopee,Nakhon Ratchasima,579,CallCenter,COD,19,8,5,1,40-50,19.3,7.0,0.0,0.0,-1,17,3516.7914285714282,0.25,0.42857142857142855,0.2857142857142857,0.0,0.0,0,0,0.0,519.42,1,0,0.0,11913.93,3,0,0.0,24617.539999999997,7,0,0.0,1
LGS2ORD0027881,C012707,2025-08-09 19:00:00,Male,41,Gold,TV,Phuket,334,Web,COD,19,8,5,1,40-50,11.133333333333333,6.0,5.0,0.8333333333333334,8,13,4632.8966666666665,0.33,0.6666666666666666,0.8333333333333334,0.0,0.0,0,0,0.0,8277.58,1,1,1.0,11136.56,3,2,0.6666666666666666,27797.379999999997,6,5,0.8333333333333334,0
LGS2ORD0027882,C014418,2025-08-09 19:00:00,Female,26,Gold,Lazada,Nakhon Ratchasima,574,TV_Show,Bank_Transfer,19,8,5,1,20-30,19.133333333333333,2.0,0.0,0.0,-1,68,1109.56,0.2299999999999999,0.0,0.5,0.0,0.0,0,0,0.0,0.0,0,0,0.0,1027.61,1,0,0.0,2219.12,2,0,0.0,0
LGS2ORD0027883,C015087,2025-08-09 19:00:00,Female,31,Gold,Lazada,Remote_Area,1588,Shopee,COD,19,8,5,1,30-40,52.93333333333333,6.0,2.0,0.3333333333333333,78,24,5819.998333333333,0.28,0.6666666666666666,0.3333333333333333,0.0,0.0,0,0,0.0,4178.25,1,0,0.0,20806.25,3,1,0.3333333333333333,34919.99,6,2,0.3333333333333333,0
LGS2ORD0027884,C010362,2025-08-09 20:00:00,Male,45,Bronze,Shopee,Remote_Area,867,Shopee,Credit_Card,20,8,5,1,40-50,28.9,8.0,3.0,0.375,0,13,3492.72375,0.28,0.625,0.5,0.0,0.0,0,0,0.0,8073.29,2,1,0.5,8073.29,2,1,0.5,27941.79,8,3,0.375,1
LGS2ORD0027885,C012464,2025-08-09 20:00:00,Male,41,Gold,Web,Songkhla,763,Lazada,COD,20,8,5,1,40-50,25.433333333333334,2.0,0.0,0.0,-1,3,5464.889999999999,0.13,0.0,0.0,0.0,6740.59,1,0,0.0,6740.59,1,0,0.0,6740.59,1,0,0.0,10929.779999999999,2,0,0.0,0
LGS2ORD0027886,C013351,2025-08-09 20:00:00,Female,41,Gold,Shopee,Chonburi,413,Shopee,Credit_Card,20,8,5,1,40-50,13.766666666666667,1.0,0.0,0.0,-1,132,284.3,0.33,1.0,1.0,0.0,0.0,0,0,0.0,0.0,0,0,0.0,0.0,0,0,0.0,284.3,1,0,0.0,0
LGS2ORD0027887,C011889,2025-08-09 20:00:00,Female,61,Bronze,Lazada,Remote_Area,1176,TV_Show,COD,20,8,5,1,>50,39.2,3.0,2.0,0.6666666666666666,-9,8,3445.116666666667,0.23,1.0,0.3333333333333333,0.0,0.0,0,0,0.0,3017.19,1,1,1.0,3017.19,1,1,1.0,10335.35,3,2,0.6666666666666666,1
LGS2ORD0027888,C013202,2025-08-09 20:00:00,Male,30,Bronze,Web,Khon Kaen,1099,Web,Credit_Card,20,8,5,1,20-30,36.63333333333333,2.0,1.0,0.5,162,133,11485.985,0.03,1.0,0.0,0.0,0.0,0,0,0.0,0.0,0,0,0.0,0.0,0,0,0.0,22971.97,2,1,0.5,0
LGS2ORD0027889,C016580,2025-08-09 20:00:00,Female,32,Bronze,Web,Bangkok,629,TV_Show,COD,20,8,5,1,30-40,20.966666666666665,3.0,0.0,0.0,-1,9,4833.2699999999995,0.28,1.0,0.6666666666666666,0.0,0.0,0,0,0.0,4031.97,1,0,0.0,4031.97,1,0,0.0,14499.81,3,0,0.0,1
LGS2ORD0027890,C013340,2025-08-09 21:00:00,Male,37,Bronze,Shopee,Chonburi,1287,Shopee,Credit_Card,21,8,5,1,30-40,42.9,1.0,0.0,0.0,-1,49,10516.74,0.18,0.0,0.0,0.0,0.0,0,0,0.0,0.0,0,0,0.0,10516.74,1,0,0.0,10516.74,1,0,0.0,0
LGS2ORD0027891,C014006,2025-08-09 21:00:00,Male,48,Gold,Lazada,Phuket,1404,TV_Show,COD,21,8,5,1,40-50,46.8,1.0,1.0,1.0,116,127,968.3,0.13,0.0,0.0,0.0,0.0,0,0,0.0,0.0,0,0,0.0,0.0,0,0,0.0,968.3,1,1,1.0,1
LGS2ORD0027892,C011651,2025-08-09 21:00:00,Female,33,Silver,Shopee,Bangkok,1241,TV_Show,COD,21,8,5,1,30-40,41.36666666666667,1.0,0.0,0.0,-1,34,6819.38,0.1,1.0,0.0,0.0,0.0,0,0,0.0,0.0,0,0,0.0,6819.38,1,0,0.0,6819.38,1,0,0.0,1
LGS2ORD0027893,C016902,2025-08-09 21:00:00,Male,45,Bronze,Web,Chiang Mai,1113,TV_Show,PromptPay,21,8,5,1,40-50,37.1,1.0,1.0,1.0,175,183,972.64,0.23,1.0,1.0,0.0,0.0,0,0,0.0,0.0,0,0,0.0,0.0,0,0,0.0,972.64,1,1,1.0,0
LGS2ORD0027894,C017725,2025-08-09 21:00:00,Female,59,Bronze,Web,Khon Kaen,1159,Shopee,COD,21,8,5,1,>50,38.63333333333333,5.0,1.0,0.2,80,70,11283.798,0.23,0.6,0.2,0.0,0.0,0,0,0.0,0.0,0,0,0.0,10351.31,1,0,0.0,56418.990000000005,5,1,0.2,0
LGS2ORD0027895,C014860,2025-08-09 22:00:00,Male,33,Bronze,TV,Songkhla,1301,CallCenter,COD,22,8,5,1,30-40,43.36666666666667,8.0,0.0,0.0,-1,41,6385.553750000001,0.28,0.625,0.125,0.0,0.0,0,0,0.0,0.0,0,0,0.0,11734.6,3,0,0.0,51084.43000000001,8,0,0.0,0
LGS2ORD0027896,C016343,2025-08-09 22:00:00,Female,39,Bronze,TV,Songkhla,382,TV_Show,PromptPay,22,8,5,1,30-40,12.733333333333333,7.0,3.0,0.42857142857142855,46,54,4691.995714285715,0.28,0.7142857142857143,0.14285714285714285,0.0,0.0,0,0,0.0,0.0,0,0,0.0,9490.45,3,3,1.0,32843.97,7,3,0.42857142857142855,0
LGS2ORD0027897,C014614,2025-08-09 22:00:00,Female,58,Silver,Shopee,Remote_Area,315,CallCenter,PromptPay,22,8,5,1,>50,10.5,4.0,0.0,0.0,-1,12,1216.9399999999998,0.2,1.0,0.0,0.0,0.0,0,0,0.0,1227.51,1,0,0.0,1227.51,1,0,0.0,4867.759999999999,4,0,0.0,0
LGS2ORD0027898,C014728,2025-08-09 22:00:00,Male,34,Bronze,TV,Remote_Area,444,CallCenter,COD,22,8,5,1,30-40,14.8,10.0,2.0,0.2,38,4,7901.709000000001,0.18,0.4,0.0,0.0,4615.27,1,0,0.0,4615.27,1,0,0.0,20897.38,5,1,0.2,79017.09000000001,10,2,0.2,1
LGS2ORD0027899,C013142,2025-08-09 22:00:00,Female,49,Silver,Shopee,Bangkok,1371,Web,COD,22,8,5,1,40-50,45.7,7.0,1.0,0.14285714285714285,131,82,1341.1028571428571,0.3,0.42857142857142855,0.2857142857142857,0.0,0.0,0,0,0.0,0.0,0,0,0.0,3122.62,2,0,0.0,9387.72,7,1,0.14285714285714285,0
LGS2ORD0027900,C012763,2025-08-09 23:00:00,Male,27,Bronze,Web,Chonburi,1012,Web,PromptPay,23,8,5,1,20-30,33.733333333333334,2.0,0.0,0.0,-1,100,2813.545,0.08,0.0,0.0,0.0,0.0,0,0,0.0,0.0,0,0,0.0,0.0,0,0,0.0,5627.09,2,0,0.0,0
LGS2ORD0027901,C013367,2025-08-09 23:00:00,Male,53,Bronze,TV,Phuket,1249,CallCenter,COD,23,8,5,1,>50,41.63333333333333,2.0,0.0,0.0,-1,99,4545.08,0.23,1.0,0.5,0.0,0.0,0,0,0.0,0.0,0,0,0.0,0.0,0,0,0.0,9090.16,2,0,0.0,0
LGS2ORD0027902,C010846,2025-08-09 23:00:00,Male,60,Bronze,Shopee,Songkhla,1106,Shopee,Credit_Card,23,8,5,1,>50,36.86666666666667,5.0,1.0,0.2,183,56,4753.398,0.23,0.8,0.2,0.0,0.0,0,0,0.0,0.0,0,0,0.0,9261.82,2,0,0.0,23766.99,5,1,0.2,0
LGS2ORD0027903,C016232,2025-08-09 23:00:00,Male,29,Platinum,TV,Bangkok,1001,TV_Show,Credit_Card,23,8,5,1,20-30,33.36666666666667,6.0,1.0,0.16666666666666666,170,20,3713.133333333333,0.25,0.6666666666666666,0.16666666666666666,0.0,0.0,0,0,0.0,4658.89,1,0,0.0,8719.720000000001,3,0,0.0,22278.8,6,1,0.16666666666666666,1
LGS2ORD0027904,C011377,2025-08-09 23:00:00,Female,21,Bronze,TV,Phuket,601,CallCenter,COD,23,8,5,1,20-30,20.033333333333335,8.0,3.0,0.375,36,29,3433.87,0.28,0.75,0.5,0.0,0.0,0,0,0.0,630.06,1,0,0.0,5431.32,4,1,0.25,27470.96,8,3,0.375,0
LGS2ORD0027905,C016411,2025-08-10 00:00:00,Male,72,Silver,Shopee,Nakhon Ratchasima,1130,Lazada,COD,0,8,6,1,>50,37.666666666666664,3.0,1.0,0.3333333333333333,110,14,6717.546666666666,0.2,1.0,0.0,0.0,0.0,0,0,0.0,11055.92,1,0,0.0,11055.92,1,0,0.0,20152.64,3,1,0.3333333333333333,1
LGS2ORD0027906,C012054,2025-08-10 00:00:00,Female,36,Bronze,Web,Remote_Area,366,Lazada,COD,0,8,6,1,30-40,12.2,4.0,0.0,0.0,-1,29,5166.0575,0.23,1.0,0.25,0.0,0.0,0,0,0.0,4179.12,1,0,0.0,20664.23,4,0,0.0,20664.23,4,0,0.0,1
LGS2ORD0027907,C010788,2025-08-10 00:00:00,Male,35,Gold,Shopee,Bangkok,1041,TV_Show,COD,0,8,6,1,30-40,34.7,4.0,1.0,0.25,203,13,6418.6900000000005,0.18,0.0,0.0,0.0,0.0,0,0,0.0,17120.28,2,0,0.0,17120.28,2,0,0.0,25674.760000000002,4,1,0.25,0
LGS2ORD0027908,C016677,2025-08-10 00:00:00,Female,37,Silver,Web,Chiang Mai,317,TV_Show,Credit_Card,0,8,6,1,30-40,10.566666666666666,2.0,0.0,0.0,-1,15,3051.9500000000003,0.1,0.0,0.0,0.0,0.0,0,0,0.0,1843.39,1,0,0.0,6103.900000000001,2,0,0.0,6103.900000000001,2,0,0.0,0
LGS2ORD0027909,C010624,2025-08-10 00:00:00,Female,64,Bronze,Shopee,Songkhla,1190,Shopee,Credit_Card,0,8,6,1,>50,39.666666666666664,2.0,1.0,0.5,145,157,3280.035,0.08,1.0,0.0,0.0,0.0,0,0,0.0,0.0,0,0,0.0,0.0,0,0,0.0,6560.07,2,1,0.5,0
LGS2ORD0027910,C010589,2025-08-10 00:00:00,Male,40,Bronze,Web,Songkhla,1282,Shopee,COD,0,8,6,1,30-40,42.733333333333334,3.0,2.0,0.6666666666666666,33,45,2813.9066666666663,0.23,0.6666666666666666,0.3333333333333333,0.0,0.0,0,0,0.0,0.0,0,0,0.0,1770.81,1,1,1.0,8441.72,3,2,0.6666666666666666,0
LGS2ORD0027911,C012671,2025-08-10 01:00:00,Female,46,Silver,Lazada,Chonburi,1414,Lazada,Credit_Card,1,8,6,1,40-50,47.13333333333333,1.0,1.0,1.0,168,184,2884.47,0.25,0.0,1.0,0.0,0.0,0,0,0.0,0.0,0,0,0.0,0.0,0,0,0.0,2884.47,1,1,1.0,0
LGS2ORD0027912,C010940,2025-08-10 01:00:00,Female,45,Gold,Shopee,Chonburi,385,Web,COD,1,8,6,1,40-50,12.833333333333334,4.0,1.0,0.25,177,29,3274.67,0.2299999999999999,0.5,0.25,0.0,0.0,0,0,0.0,2980.06,1,0,0.0,2980.06,1,0,0.0,13098.68,4,1,0.25,1
LGS2ORD0027913,C015448,2025-08-10 01:00:00,Female,36,Silver,Shopee,Chiang Mai,282,TV_Show,COD,1,8,6,1,30-40,9.4,6.0,1.0,0.16666666666666666,40,42,8801.390000000001,0.25,0.6666666666666666,0.3333333333333333,0.0,0.0,0,0,0.0,0.0,0,0,0.0,19693.35,2,1,0.5,52808.340000000004,6,1,0.16666666666666666,0
LGS2ORD0027914,C012569,2025-08-10 01:00:00,Male,64,Bronze,TV,Khon Kaen,476,Web,COD,1,8,6,1,>50,15.866666666666667,2.0,0.0,0.0,-1,7,10511.385,0.13,0.0,0.0,0.0,0.0,0,0,0.0,11667.95,1,0,0.0,11667.95,1,0,0.0,21022.77,2,0,0.0,0
LGS2ORD0027915,C016638,2025-08-10 01:00:00,Male,46,Silver,CallCenter,Phuket,349,CallCenter,COD,1,8,6,1,40-50,11.633333333333333,5.0,2.0,0.4,20,30,2598.0699999999997,0.3,0.0,0.6,0.0,0.0,0,0,0.0,0.0,0,0,0.0,1408.79,1,1,1.0,12990.349999999999,5,2,0.4,0
LGS2ORD0027916,C014729,2025-08-10 02:00:00,Female,57,Bronze,CallCenter,Bangkok,1599,TV_Show,COD,2,8,6,1,>50,53.3,6.0,1.0,0.16666666666666666,59,71,2926.01,0.28,0.5,0.3333333333333333,0.0,0.0,0,0,0.0,0.0,0,0,0.0,1545.72,1,1,1.0,17556.06,6,1,0.16666666666666666,0
LGS2ORD0027917,C010800,2025-08-10 02:00:00,Female,46,Bronze,Web,Nakhon Ratchasima,602,Web,COD,2,8,6,1,40-50,20.066666666666666,4.0,0.0,0.0,-1,3,6658.21,0.18,0.25,0.0,0.0,17845.41,1,0,0.0,17845.41,1,0,0.0,20658.1,2,0,0.0,26632.84,4,0,0.0,0
LGS2ORD0027918,C011809,2025-08-10 02:00:00,Female,37,Bronze,TV,Songkhla,698,TV_Show,Credit_Card,2,8,6,1,30-40,23.266666666666666,4.0,2.0,0.5,68,73,4511.8949999999995,0.13,1.0,0.0,0.0,0.0,0,0,0.0,0.0,0,0,0.0,1595.53,1,1,1.0,18047.579999999998,4,2,0.5,0
LGS2ORD0027919,C010984,2025-08-10 02:00:00,Female,60,Bronze,Shopee,Bangkok,368,Lazada,PromptPay,2,8,6,1,>50,12.266666666666667,3.0,0.0,0.0,-1,37,3330.486666666666,0.28,0.0,0.3333333333333333,0.0,0.0,0,0,0.0,0.0,0,0,0.0,9991.46,3,0,0.0,9991.46,3,0,0.0,0
LGS2ORD0027920,C014418,2025-08-10 02:00:00,Female,26,Gold,Lazada,Nakhon Ratchasima,575,Web,COD,2,8,6,1,20-30,19.166666666666668,3.0,0.0,0.0,-1,0,4098.983333333334,0.2299999999999999,0.0,0.6666666666666666,0.0,10077.83,1,0,0.0,10077.83,1,0,0.0,11105.44,2,0,0.0,12296.95,3,0,0.0,0
LGS2ORD0027921,C014679,2025-08-10 03:00:00,Female,33,Silver,Lazada,Bangkok,852,Shopee,Bank_Transfer,3,8,6,1,30-40,28.4,4.0,2.0,0.5,119,126,7593.860000000001,0.3,0.75,0.5,0.0,0.0,0,0,0.0,0.0,0,0,0.0,0.0,0,0,0.0,30375.440000000002,4,2,0.5,0
LGS2ORD0027922,C015517,2025-08-10 03:00:00,Male,57,Gold,Shopee,Bangkok,1442,Web,COD,3,8,6,1,>50,48.06666666666667,4.0,2.0,0.5,69,82,1060.6975,0.28,0.5,0.5,0.0,0.0,0,0,0.0,0.0,0,0,0.0,3304.95,2,1,0.5,4242.79,4,2,0.5,0
LGS2ORD0027923,C016128,2025-08-10 03:00:00,Male,44,Platinum,Web,Chonburi,317,TV_Show,PromptPay,3,8,6,1,40-50,10.566666666666666,3.0,0.0,0.0,-1,45,7833.586666666667,0.25,0.0,0.3333333333333333,0.0,0.0,0,0,0.0,0.0,0,0,0.0,7173.3,1,0,0.0,23500.760000000002,3,0,0.0,1
LGS2ORD0027924,C012308,2025-08-10 03:00:00,Male,22,Bronze,TV,Songkhla,1179,Shopee,COD,3,8,6,1,20-30,39.3,8.0,3.0,0.375,115,55,5048.91375,0.23,0.625,0.375,0.0,0.0,0,0,0.0,0.0,0,0,0.0,16512.94,2,0,0.0,40391.31,8,3,0.375,0
LGS2ORD0027925,C017979,2025-08-10 03:00:00,Male,51,Silver,Shopee,Nakhon Ratchasima,1236,TV_Show,PromptPay,3,8,6,1,>50,41.2,4.0,3.0,0.75,21,29,5967.834999999999,0.25,0.5,0.5,0.0,0.0,0,0,0.0,1801.96,1,1,1.0,6536.1,2,2,1.0,23871.339999999997,4,3,0.75,0
LGS2ORD0027926,C012631,2025-08-10 04:00:00,Female,39,Gold,CallCenter,Bangkok,1290,TV_Show,COD,4,8,6,1,30-40,43.0,1.0,0.0,0.0,-1,40,5602.62,0.08,0.0,0.0,0.0,0.0,0,0,0.0,0.0,0,0,0.0,5602.62,1,0,0.0,5602.62,1,0,0.0,1
LGS2ORD0027927,C013969,2025-08-10 04:00:00,Female,67,Platinum,Web,Chonburi,886,Lazada,Credit_Card,4,8,6,1,>50,29.533333333333335,1.0,1.0,1.0,173,181,8657.08,0.3,1.0,1.0,0.0,0.0,0,0,0.0,0.0,0,0,0.0,0.0,0,0,0.0,8657.08,1,1,1.0,0
LGS2ORD0027928,C015044,2025-08-10 04:00:00,Female,40,Bronze,TV,Songkhla,877,Lazada,PromptPay,4,8,6,1,30-40,29.233333333333334,6.0,2.0,0.3333333333333333,66,79,3451.178333333333,0.28,0.5,0.5,0.0,0.0,0,0,0.0,0.0,0,0,0.0,2844.6499999999996,2,1,0.5,20707.069999999996,6,2,0.3333333333333333,1
LGS2ORD0027929,C017661,2025-08-10 04:00:00,Male,44,Bronze,TV,Khon Kaen,1246,Shopee,PromptPay,4,8,6,1,40-50,41.53333333333333,3.0,0.0,0.0,-1,94,3043.77,0.28,0.6666666666666666,0.3333333333333333,0.0,0.0,0,0,0.0,0.0,0,0,0.0,0.0,0,0,0.0,9131.31,3,0,0.0,0
LGS2ORD0027930,C016756,2025-08-10 04:00:00,Female,39,Silver,Web,Nakhon Ratchasima,1639,Web,COD,4,8,6,1,30-40,54.63333333333333,4.0,2.0,0.5,8,17,3016.545,0.3,0.5,0.5,0.0,0.0,0,0,0.0,6480.41,2,1,0.5,6480.41,2,1,0.5,12066.18,4,2,0.5,1
LGS2ORD0027931,C015840,2025-08-10 04:00:00,Male,30,Silver,Lazada,Bangkok,1144,TV_Show,Credit_Card,4,8,6,1,20-30,38.13333333333333,6.0,0.0,0.0,-1,37,3234.2900000000004,0.25,0.5,0.16666666666666666,0.0,0.0,0,0,0.0,0.0,0,0,0.0,4863.99,2,0,0.0,19405.74,6,0,0.0,0
LGS2ORD0027932,C010826,2025-08-10 05:00:00,Male,27,Bronze,TV,Nakhon Ratchasima,1223,Shopee,Bank_Transfer,5,8,6,1,20-30,40.766666666666666,2.0,0.0,0.0,-1,112,7482.78,0.28,0.0,1.0,0.0,0.0,0,0,0.0,0.0,0,0,0.0,0.0,0,0,0.0,14965.56,2,0,0.0,0
LGS2ORD0027933,C011678,2025-08-10 05:00:00,Female,51,Bronze,TV,Bangkok,1295,TV_Show,COD,5,8,6,1,>50,43.166666666666664,1.0,0.0,0.0,-1,79,4482.3,0.03,1.0,0.0,0.0,0.0,0,0,0.0,0.0,0,0,0.0,4482.3,1,0,0.0,4482.3,1,0,0.0,1
LGS2ORD0027934,C017544,2025-08-10 05:00:00,Female,51,Bronze,CallCenter,Bangkok,896,TV_Show,COD,5,8,6,1,>50,29.866666666666667,8.0,3.0,0.375,30,35,6563.9574999999995,0.23,0.375,0.375,0.0,0.0,0,0,0.0,0.0,0,0,0.0,5078.900000000001,3,2,0.6666666666666666,52511.659999999996,8,3,0.375,0
LGS2ORD0027935,C012200,2025-08-10 05:00:00,Female,41,Silver,Lazada,Khon Kaen,717,Lazada,PromptPay,5,8,6,1,40-50,23.9,1.0,0.0,0.0,-1,158,1635.53,0.2,0.0,0.0,0.0,0.0,0,0,0.0,0.0,0,0,0.0,0.0,0,0,0.0,1635.53,1,0,0.0,1
LGS2ORD0027936,C011299,2025-08-10 05:00:00,Male,43,Bronze,TV,Bangkok,1285,TV_Show,Bank_Transfer,5,8,6,1,40-50,42.833333333333336,4.0,1.0,0.25,36,38,4190.455,0.23,0.75,0.5,0.0,0.0,0,0,0.0,0.0,0,0,0.0,12601.73,3,1,0.3333333333333333,16761.82,4,1,0.25,0
LGS2ORD0027937,C014308,2025-08-10 06:00:00,Male,48,Bronze,TV,Remote_Area,1246,TV_Show,Bank_Transfer,6,8,6,1,40-50,41.53333333333333,4.0,0.0,0.0,-1,21,12099.109999999999,0.23,0.5,0.5,0.0,0.0,0,0,0.0,8002.78,1,0,0.0,20860.23,3,0,0.0,48396.439999999995,4,0,0.0,1
LGS2ORD0027938,C012509,2025-08-10 06:00:00,Female,25,Platinum,Web,Nakhon Ratchasima,944,TV_Show,Credit_Card,6,8,6,1,20-30,31.466666666666665,3.0,2.0,0.6666666666666666,30,41,6092.916666666667,0.25,0.6666666666666666,0.6666666666666666,0.0,0.0,0,0,0.0,0.0,0,0,0.0,2186.8,1,1,1.0,18278.75,3,2,0.6666666666666666,0
LGS2ORD0027939,C014066,2025-08-10 06:00:00,Female,37,Platinum,Shopee,Phuket,1166,CallCenter,COD,6,8,6,1,30-40,38.86666666666667,5.0,3.0,0.6,-5,5,5298.702,0.3,0.4,0.2,0.0,4920.04,1,1,1.0,24170.260000000002,4,2,0.5,26493.510000000002,5,3,0.6,26493.510000000002,5,3,0.6,0
LGS2ORD0027940,C014730,2025-08-10 06:00:00,Male,53,Gold,Web,Chonburi,608,Lazada,Credit_Card,6,8,6,1,>50,20.266666666666666,2.0,0.0,0.0,-1,20,9829.68,0.2299999999999999,0.0,0.5,0.0,0.0,0,0,0.0,1491.84,1,0,0.0,1491.84,1,0,0.0,19659.36,2,0,0.0,0
LGS2ORD0027941,C014131,2025-08-10 06:00:00,Female,51,Silver,Shopee,Bangkok,1456,Web,COD,6,8,6,1,>50,48.53333333333333,5.0,2.0,0.4,56,69,3125.8059999999996,0.3,0.4,0.8,0.0,0.0,0,0,0.0,0.0,0,0,0.0,4474.03,1,1,1.0,15629.029999999999,5,2,0.4,0
LGS2ORD0027942,C013824,2025-08-10 07:00:00,Female,24,Silver,Lazada,Chiang Mai,1333,CallCenter,Bank_Transfer,7,8,6,1,20-30,44.43333333333333,4.0,2.0,0.5,9,21,5032.4425,0.25,0.0,0.75,0.0,0.0,0,0,0.0,12553.52,1,1,1.0,12553.52,1,1,1.0,20129.77,4,2,0.5,0
LGS2ORD0027943,C016455,2025-08-10 07:00:00,Female,20,Bronze,CallCenter,Bangkok,1409,Web,COD,7,8,6,1,<20,46.96666666666667,5.0,1.0,0.2,177,33,10293.936000000002,0.18,0.4,0.0,0.0,0.0,0,0,0.0,0.0,0,0,0.0,16735.64,2,0,0.0,51469.68000000001,5,1,0.2,0
LGS2ORD0027944,C017219,2025-08-10 07:00:00,Female,63,Gold,Web,Bangkok,813,Shopee,Credit_Card,7,8,6,1,>50,27.1,3.0,1.0,0.3333333333333333,137,62,7537.813333333333,0.2299999999999999,0.3333333333333333,0.3333333333333333,0.0,0.0,0,0,0.0,0.0,0,0,0.0,4682.13,1,0,0.0,22613.44,3,1,0.3333333333333333,0
LGS2ORD0027945,C016238,2025-08-10 07:00:00,Female,57,Bronze,CallCenter,Bangkok,687,Web,PromptPay,7,8,6,1,>50,22.9,1.0,0.0,0.0,-1,16,7348.42,0.18,1.0,0.0,0.0,0.0,0,0,0.0,7348.42,1,0,0.0,7348.42,1,0,0.0,7348.42,1,0,0.0,0
LGS2ORD0027946,C013305,2025-08-10 07:00:00,Female,38,Bronze,Shopee,Chonburi,1493,Web,Bank_Transfer,7,8,6,1,30-40,49.766666666666666,7.0,2.0,0.2857142857142857,-12,1,3344.672857142857,0.23,0.5714285714285714,0.2857142857142857,0.0,9329.28,1,1,1.0,10946.41,2,1,0.5,10946.41,2,1,0.5,23412.71,7,2,0.2857142857142857,1
LGS2ORD0027947,C014433,2025-08-10 08:00:00,Female,69,Bronze,TV,Bangkok,491,TV_Show,PromptPay,8,8,6,1,>50,16.366666666666667,5.0,2.0,0.4,11,20,2640.1099999999997,0.28,0.6,0.2,0.0,0.0,0,0,0.0,4822.25,1,1,1.0,4822.25,1,1,1.0,13200.55,5,2,0.4,1
LGS2ORD0027948,C015551,2025-08-10 08:00:00,Female,48,Bronze,CallCenter,Khon Kaen,546,TV_Show,COD,8,8,6,1,40-50,18.2,5.0,0.0,0.0,-1,25,2980.154,0.23,0.4,0.2,0.0,0.0,0,0,0.0,3448.14,1,0,0.0,8915.57,4,0,0.0,14900.77,5,0,0.0,0
LGS2ORD0027949,C010511,2025-08-10 08:00:00,Male,61,Bronze,TV,Songkhla,409,Shopee,Credit_Card,8,8,6,1,>50,13.633333333333333,0.0,0.0,0.0,-1,-1,0.0,0.0,0.0,0.0,0.0,0.0,0,0,0.0,0.0,0,0,0.0,0.0,0,0,0.0,0.0,0,0,0.0,0
LGS2ORD0027950,C013895,2025-08-10 08:00:00,Female,40,Bronze,CallCenter,Bangkok,763,Shopee,COD,8,8,6,1,30-40,25.433333333333334,2.0,1.0,0.5,183,10,1566.18,0.18,0.0,0.0,0.0,0.0,0,0,0.0,1224.44,1,0,0.0,1224.44,1,0,0.0,3132.36,2,1,0.5,0
LGS2ORD0027951,C011235,2025-08-10 08:00:00,Male,24,Bronze,Web,Remote_Area,333,CallCenter,COD,8,8,6,1,20-30,11.1,0.0,0.0,0.0,-1,-1,0.0,0.0,0.0,0.0,0.0,0.0,0,0,0.0,0.0,0,0,0.0,0.0,0,0,0.0,0.0,0,0,0.0,1
LGS2ORD0027952,C010903,2025-08-10 08:00:00,Male,18,Bronze,TV,Remote_Area,1440,TV_Show,PromptPay,8,8,6,1,<20,48.0,2.0,1.0,0.5,206,170,3373.13,0.28,0.5,1.0,0.0,0.0,0,0,0.0,0.0,0,0,0.0,0.0,0,0,0.0,6746.26,2,1,0.5,0
LGS2ORD0027953,C012476,2025-08-10 09:00:00,Female,46,Gold,Web,Bangkok,1040,Web,Credit_Card,9,8,6,1,40-50,34.666666666666664,4.0,1.0,0.25,209,4,2526.0600000000004,0.28,0.75,0.25,0.0,4742.27,1,0,0.0,4742.27,1,0,0.0,4742.27,1,0,0.0,10104.240000000002,4,1,0.25,0
LGS2ORD0027954,C014067,2025-08-10 09:00:00,Male,38,Bronze,TV,Chiang Mai,508,Shopee,Bank_Transfer,9,8,6,1,30-40,16.933333333333334,2.0,1.0,0.5,0,11,12829.039999999999,0.23,0.5,0.5,0.0,0.0,0,0,0.0,6433.71,1,1,1.0,6433.71,1,1,1.0,25658.079999999998,2,1,0.5,0
LGS2ORD0027955,C012280,2025-08-10 09:00:00,Female,31,Bronze,TV,Khon Kaen,363,CallCenter,COD,9,8,6,1,30-40,12.1,3.0,0.0,0.0,-1,50,2130.76,0.23,0.0,0.3333333333333333,0.0,0.0,0,0,0.0,0.0,0,0,0.0,1263.14,1,0,0.0,6392.280000000001,3,0,0.0,0
LGS2ORD0027956,C012236,2025-08-10 09:00:00,Male,25,Bronze,Shopee,Nakhon Ratchasima,626,TV_Show,COD,9,8,6,1,20-30,20.866666666666667,9.0,0.0,0.0,-1,48,4486.2444444444445,0.28,0.1111111111111111,0.2222222222222222,0.0,0.0,0,0,0.0,0.0,0,0,0.0,29570.83,5,0,0.0,40376.2,9,0,0.0,1
LGS2ORD0027957,C011682,2025-08-10 09:00:00,Female,27,Silver,Web,Bangkok,969,Lazada,PromptPay,9,8,6,1,20-30,32.3,3.0,0.0,0.0,-1,16,4282.073333333333,0.3,1.0,0.3333333333333333,0.0,0.0,0,0,0.0,934.62,1,0,0.0,934.62,1,0,0.0,12846.22,3,0,0.0,0
LGS2ORD0027958,C017026,2025-08-10 10:00:00,Male,27,Bronze,Web,Bangkok,350,Lazada,Bank_Transfer,10,8,6,1,20-30,11.666666666666666,1.0,0.0,0.0,-1,79,1790.33,0.08,1.0,0.0,0.0,0.0,0,0,0.0,0.0,0,0,0.0,1790.33,1,0,0.0,1790.33,1,0,0.0,0
LGS2ORD0027959,C017100,2025-08-10 10:00:00,Female,40,Silver,Lazada,Bangkok,1661,Lazada,COD,10,8,6,1,30-40,55.36666666666667,1.0,0.0,0.0,-1,188,24493.12,0.25,1.0,1.0,0.0,0.0,0,0,0.0,0.0,0,0,0.0,0.0,0,0,0.0,24493.12,1,0,0.0,1
LGS2ORD0027960,C015596,2025-08-10 10:00:00,Female,29,Bronze,CallCenter,Bangkok,670,Web,Credit_Card,10,8,6,1,20-30,22.333333333333332,5.0,1.0,0.2,206,1,10825.97,0.28,0.2,0.4,0.0,2513.52,1,0,0.0,3676.5699999999997,2,0,0.0,3676.5699999999997,2,0,0.0,54129.85,5,1,0.2,0
LGS2ORD0027961,C015053,2025-08-10 10:00:00,Female,30,Bronze,Shopee,Remote_Area,975,CallCenter,Bank_Transfer,10,8,6,1,20-30,32.5,3.0,2.0,0.6666666666666666,95,105,4647.166666666666,0.28,0.6666666666666666,0.3333333333333333,0.0,0.0,0,0,0.0,0.0,0,0,0.0,0.0,0,0,0.0,13941.499999999998,3,2,0.6666666666666666,0
LGS2ORD0027962,C015899,2025-08-10 10:00:00,Female,62,Bronze,Lazada,Nakhon Ratchasima,1094,Shopee,COD,10,8,6,1,>50,36.46666666666667,6.0,1.0,0.16666666666666666,65,3,7151.768333333333,0.23,0.6666666666666666,0.3333333333333333,0.0,27510.26,1,0,0.0,27510.26,1,0,0.0,32791.83,3,1,0.3333333333333333,42910.61,6,1,0.16666666666666666,0
LGS2ORD0027963,C014416,2025-08-10 11:00:00,Female,39,Gold,Web,Chonburi,359,TV_Show,COD,11,8,6,1,30-40,11.966666666666667,1.0,0.0,0.0,-1,31,1628.57,0.08,0.0,0.0,0.0,0.0,0,0,0.0,0.0,0,0,0.0,1628.57,1,0,0.0,1628.57,1,0,0.0,0
LGS2ORD0027964,C013369,2025-08-10 11:00:00,Female,41,Gold,Shopee,Bangkok,407,TV_Show,Credit_Card,11,8,6,1,40-50,13.566666666666666,0.0,0.0,0.0,-1,-1,0.0,0.0,0.0,0.0,0.0,0.0,0,0,0.0,0.0,0,0,0.0,0.0,0,0,0.0,0.0,0,0,0.0,0
LGS2ORD0027965,C016564,2025-08-10 11:00:00,Male,55,Bronze,Web,Nakhon Ratchasima,1036,Shopee,COD,11,8,6,1,>50,34.53333333333333,4.0,2.0,0.5,1,15,12694.439999999999,0.23,0.75,0.25,0.0,0.0,0,0,0.0,41963.95,2,1,0.5,41963.95,2,1,0.5,50777.759999999995,4,2,0.5,0
LGS2ORD0027966,C017743,2025-08-10 11:00:00,Female,55,Silver,Web,Chiang Mai,1408,Shopee,PromptPay,11,8,6,1,>50,46.93333333333333,6.0,3.0,0.5,128,61,3721.0866666666666,0.3,0.5,0.3333333333333333,0.0,0.0,0,0,0.0,0.0,0,0,0.0,1204.81,1,0,0.0,22326.52,6,3,0.5,1
LGS2ORD0027967,C012838,2025-08-10 11:00:00,Female,40,Silver,TV,Bangkok,301,CallCenter,Credit_Card,11,8,6,1,30-40,10.033333333333333,9.0,4.0,0.4444444444444444,22,9,2774.895555555556,0.3,0.4444444444444444,0.3333333333333333,0.0,0.0,0,0,0.0,1300.95,1,0,0.0,15665.510000000002,4,2,0.5,24974.06,9,4,0.4444444444444444,1
LGS2ORD0027968,C013966,2025-08-10 12:00:00,Male,25,Bronze,Shopee,Chiang Mai,409,Web,Credit_Card,12,8,6,1,20-30,13.633333333333333,6.0,1.0,0.16666666666666666,142,82,4621.1849999999995,0.28,0.3333333333333333,0.16666666666666666,0.0,0.0,0,0,0.0,0.0,0,0,0.0,3934.27,1,0,0.0,27727.109999999997,6,1,0.16666666666666666,0
LGS2ORD0027969,C016617,2025-08-10 12:00:00,Male,36,Platinum,TV,Bangkok,1376,Web,COD,12,8,6,1,30-40,45.86666666666667,4.0,0.0,0.0,-1,133,4260.32,0.25,0.5,0.25,0.0,0.0,0,0,0.0,0.0,0,0,0.0,0.0,0,0,0.0,17041.28,4,0,0.0,0
LGS2ORD0027970,C015050,2025-08-10 12:00:00,Female,37,Silver,TV,Songkhla,803,Shopee,Credit_Card,12,8,6,1,30-40,26.766666666666666,3.0,1.0,0.3333333333333333,44,55,5528.556666666666,0.2,0.6666666666666666,0.0,0.0,0.0,0,0,0.0,0.0,0,0,0.0,9754.99,1,1,1.0,16585.67,3,1,0.3333333333333333,0
LGS2ORD0027971,C013347,2025-08-10 12:00:00,Female,53,Bronze,TV,Khon Kaen,360,Lazada,COD,12,8,6,1,>50,12.0,3.0,0.0,0.0,-1,155,1938.4866666666665,0.23,0.3333333333333333,0.3333333333333333,0.0,0.0,0,0,0.0,0.0,0,0,0.0,0.0,0,0,0.0,5815.459999999999,3,0,0.0,1
LGS2ORD0027972,C014106,2025-08-10 12:00:00,Male,51,Silver,Shopee,Bangkok,1171,Shopee,COD,12,8,6,1,>50,39.03333333333333,2.0,1.0,0.5,96,106,3318.88,0.3,1.0,0.5,0.0,0.0,0,0,0.0,0.0,0,0,0.0,0.0,0,0,0.0,6637.76,2,1,0.5,0
LGS2ORD0027973,C013099,2025-08-10 12:00:00,Male,23,Silver,Web,Khon Kaen,775,TV_Show,COD,12,8,6,1,20-30,25.833333333333332,4.0,0.0,0.0,-1,42,6901.98,0.3,0.25,0.25,0.0,0.0,0,0,0.0,0.0,0,0,0.0,10204.79,1,0,0.0,27607.92,4,0,0.0,0
LGS2ORD0027974,C015607,2025-08-10 13:00:00,Female,52,Silver,TV,Chonburi,690,Lazada,COD,13,8,6,1,>50,23.0,5.0,0.0,0.0,-1,31,3292.172,0.2,0.0,0.0,0.0,0.0,0,0,0.0,0.0,0,0,0.0,10047.6,3,0,0.0,16460.86,5,0,0.0,0
LGS2ORD0027975,C010248,2025-08-10 13:00:00,Female,63,Platinum,Shopee,Bangkok,448,Web,COD,13,8,6,1,>50,14.933333333333334,5.0,1.0,0.2,168,1,2783.946,0.3,0.6,0.4,0.0,1007.94,1,0,0.0,1007.94,1,0,0.0,5101.1900000000005,2,0,0.0,13919.73,5,1,0.2,0
LGS2ORD0027976,C017911,2025-08-10 13:00:00,Male,50,Bronze,Web,Chonburi,1425,Web,COD,13,8,6,1,40-50,47.5,7.0,1.0,0.14285714285714285,45,25,3304.9628571428575,0.23,0.2857142857142857,0.5714285714285714,0.0,0.0,0,0,0.0,4412.94,1,0,0.0,12256.849999999999,4,1,0.25,23134.74,7,1,0.14285714285714285,1
LGS2ORD0027977,C015417,2025-08-10 13:00:00,Male,36,Gold,Lazada,Chiang Mai,385,Lazada,COD,13,8,6,1,30-40,12.833333333333334,3.0,1.0,0.3333333333333333,106,6,1889.4433333333334,0.28,0.3333333333333333,0.6666666666666666,0.0,667.67,1,0,0.0,667.67,1,0,0.0,2555.13,2,0,0.0,5668.33,3,1,0.3333333333333333,0
LGS2ORD0027978,C011860,2025-08-10 13:00:00,Female,48,Bronze,TV,Bangkok,619,Shopee,COD,13,8,6,1,40-50,20.633333333333333,3.0,1.0,0.3333333333333333,216,56,4035.1733333333336,0.03,0.3333333333333333,0.0,0.0,0.0,0,0,0.0,0.0,0,0,0.0,2483.82,1,0,0.0,12105.52,3,1,0.3333333333333333,0
LGS2ORD0027979,C011158,2025-08-10 14:00:00,Female,38,Silver,Lazada,Bangkok,511,CallCenter,COD,14,8,6,1,30-40,17.033333333333335,3.0,1.0,0.3333333333333333,36,48,2369.76,0.3,0.0,0.3333333333333333,0.0,0.0,0,0,0.0,0.0,0,0,0.0,3940.52,1,1,1.0,7109.280000000001,3,1,0.3333333333333333,1
LGS2ORD0027980,C012488,2025-08-10 14:00:00,Male,26,Gold,Web,Songkhla,878,Lazada,PromptPay,14,8,6,1,20-30,29.266666666666666,3.0,2.0,0.6666666666666666,10,20,4189.473333333334,0.33,0.0,0.3333333333333333,0.0,0.0,0,0,0.0,3956.13,1,1,1.0,12568.420000000002,3,2,0.6666666666666666,12568.420000000002,3,2,0.6666666666666666,0
LGS2ORD0027981,C012031,2025-08-10 14:00:00,Female,27,Silver,Web,Khon Kaen,1037,Shopee,Credit_Card,14,8,6,1,20-30,34.56666666666667,6.0,1.0,0.16666666666666666,7,14,1995.1999999999998,0.25,0.6666666666666666,0.16666666666666666,0.0,0.0,0,0,0.0,2454.24,1,1,1.0,4499.9,2,1,0.5,11971.199999999999,6,1,0.16666666666666666,0
LGS2ORD0027982,C011974,2025-08-10 14:00:00,Male,37,Silver,TV,Khon Kaen,917,TV_Show,PromptPay,14,8,6,1,30-40,30.566666666666666,5.0,1.0,0.2,134,50,6839.874000000001,0.2,0.2,0.0,0.0,0.0,0,0,0.0,0.0,0,0,0.0,25186.88,2,0,0.0,34199.37,5,1,0.2,0
LGS2ORD0027983,C017861,2025-08-10 14:00:00,Male,51,Bronze,Lazada,Chonburi,439,Lazada,COD,14,8,6,1,>50,14.633333333333333,4.0,0.0,0.0,-1,104,4638.705,0.23,0.75,0.25,0.0,0.0,0,0,0.0,0.0,0,0,0.0,0.0,0,0,0.0,18554.82,4,0,0.0,1
LGS2ORD0027984,C010623,2025-08-10 15:00:00,Male,52,Silver,CallCenter,Nakhon Ratchasima,898,TV_Show,PromptPay,15,8,6,1,>50,29.933333333333334,8.0,1.0,0.125,132,2,7184.6925,0.3,0.5,0.25,0.0,4001.01,1,0,0.0,4001.01,1,0,0.0,4001.01,1,0,0.0,57477.54,8,1,0.125,0
LGS2ORD0027985,C011184,2025-08-10 15:00:00,Female,25,Bronze,TV,Phuket,856,Shopee,PromptPay,15,8,6,1,20-30,28.533333333333335,3.0,0.0,0.0,-1,16,11404.063333333334,0.23,0.3333333333333333,0.3333333333333333,0.0,0.0,0,0,0.0,4404.07,1,0,0.0,29793.01,2,0,0.0,34212.19,3,0,0.0,0
LGS2ORD0027986,C011583,2025-08-10 15:00:00,Female,64,Silver,Web,Chiang Mai,1598,TV_Show,COD,15,8,6,1,>50,53.266666666666666,0.0,0.0,0.0,-1,-1,0.0,0.0,0.0,0.0,0.0,0.0,0,0,0.0,0.0,0,0,0.0,0.0,0,0,0.0,0.0,0,0,0.0,0
LGS2ORD0027987,C011027,2025-08-10 15:00:00,Female,46,Bronze,CallCenter,Phuket,1068,Lazada,COD,15,8,6,1,40-50,35.6,3.0,1.0,0.3333333333333333,128,115,4569.92,0.18,0.0,0.0,0.0,0.0,0,0,0.0,0.0,0,0,0.0,0.0,0,0,0.0,13709.76,3,1,0.3333333333333333,0
LGS2ORD0027988,C012902,2025-08-10 15:00:00,Male,34,Bronze,Shopee,Chiang Mai,311,Shopee,COD,15,8,6,1,30-40,10.366666666666667,5.0,1.0,0.2,18,10,3570.3120000000004,0.23,0.2,0.4,0.0,0.0,0,0,0.0,3796.07,2,1,0.5,10975.72,3,1,0.3333333333333333,17851.56,5,1,0.2,0
LGS2ORD0027989,C015477,2025-08-10 16:00:00,Female,46,Bronze,Shopee,Chonburi,1243,CallCenter,Bank_Transfer,16,8,6,1,40-50,41.43333333333333,8.0,3.0,0.375,-9,1,2544.15125,0.23,0.625,0.125,0.0,625.68,1,1,1.0,3798.79,2,1,0.5,7101.300000000001,4,2,0.5,20353.21,8,3,0.375,0
LGS2ORD0027990,C013929,2025-08-10 16:00:00,Male,19,Platinum,Web,Bangkok,1042,Shopee,PromptPay,16,8,6,1,<20,34.733333333333334,3.0,1.0,0.3333333333333333,68,26,1728.6733333333332,0.35,0.0,1.0,0.0,0.0,0,0,0.0,350.31,1,0,0.0,4607.75,2,1,0.5,5186.0199999999995,3,1,0.3333333333333333,0
LGS2ORD0027991,C011796,2025-08-10 16:00:00,Female,49,Bronze,Lazada,Nakhon Ratchasima,1063,Shopee,COD,16,8,6,1,40-50,35.43333333333333,2.0,1.0,0.5,90,101,5057.485,0.18,0.5,0.0,0.0,0.0,0,0,0.0,0.0,0,0,0.0,0.0,0,0,0.0,10114.97,2,1,0.5,0
LGS2ORD0027992,C013258,2025-08-10 16:00:00,Female,37,Bronze,Lazada,Chonburi,1306,Web,COD,16,8,6,1,30-40,43.53333333333333,7.0,1.0,0.14285714285714285,192,36,8378.711428571429,0.28,0.8571428571428571,0.2857142857142857,0.0,0.0,0,0,0.0,0.0,0,0,0.0,14770.470000000001,2,0,0.0,58650.979999999996,7,1,0.14285714285714285,0
LGS2ORD0027993,C017308,2025-08-10 16:00:00,Female,45,Bronze,Shopee,Nakhon Ratchasima,1534,Lazada,Bank_Transfer,16,8,6,1,40-50,51.13333333333333,4.0,2.0,0.5,52,56,3483.4874999999997,0.18,0.75,0.0,0.0,0.0,0,0,0.0,0.0,0,0,0.0,1763.69,1,1,1.0,13933.949999999999,4,2,0.5,0
LGS2ORD0027994,C016079,2025-08-10 16:00:00,Female,67,Bronze,TV,Chiang Mai,1351,Web,COD,16,8,6,1,>50,45.03333333333333,6.0,2.0,0.3333333333333333,1,5,4324.165,0.28,0.8333333333333334,0.5,0.0,1337.34,1,0,0.0,17776.0,2,1,0.5,19790.579999999998,3,2,0.6666666666666666,25944.99,6,2,0.3333333333333333,1
LGS2ORD0027995,C012607,2025-08-10 17:00:00,Male,44,Bronze,TV,Chiang Mai,657,Lazada,PromptPay,17,8,6,1,40-50,21.9,5.0,0.0,0.0,-1,47,1789.0099999999998,0.28,0.4,0.4,0.0,0.0,0,0,0.0,0.0,0,0,0.0,2505.02,2,0,0.0,8945.05,5,0,0.0,0
LGS2ORD0027996,C015024,2025-08-10 17:00:00,Male,27,Bronze,Web,Songkhla,1411,Lazada,COD,17,8,6,1,20-30,47.03333333333333,7.0,2.0,0.2857142857142857,92,9,3994.721428571429,0.28,0.7142857142857143,0.42857142857142855,0.0,0.0,0,0,0.0,4229.2,2,0,0.0,8680.74,3,0,0.0,27963.050000000003,7,2,0.2857142857142857,1
LGS2ORD0027997,C010439,2025-08-10 17:00:00,Female,48,Bronze,TV,Bangkok,1204,TV_Show,COD,17,8,6,1,40-50,40.13333333333333,9.0,3.0,0.3333333333333333,-1,4,2623.911111111111,0.23,0.6666666666666666,0.1111111111111111,0.0,2987.31,1,1,1.0,2987.31,1,1,1.0,12806.93,5,1,0.2,23615.2,9,3,0.3333333333333333,0
LGS2ORD0027998,C010924,2025-08-10 17:00:00,Female,47,Silver,TV,Remote_Area,1665,CallCenter,COD,17,8,6,1,40-50,55.5,5.0,0.0,0.0,-1,29,2556.746,0.3,0.2,0.2,0.0,0.0,0,0,0.0,1845.95,1,0,0.0,7192.669999999999,3,0,0.0,12783.730000000001,5,0,0.0,0
LGS2ORD0027999,C016299,2025-08-10 17:00:00,Male,42,Platinum,Web,Bangkok,691,TV_Show,COD,17,8,6,1,40-50,23.033333333333335,4.0,1.0,0.25,158,12,7756.9725,0.3,0.75,0.75,0.0,0.0,0,0,0.0,3433.8599999999997,2,0,0.0,27617.53,3,0,0.0,31027.89,4,1,0.25,1
LGS2ORD0028000,C017997,2025-08-10 18:00:00,Male,42,Platinum,Lazada,Chonburi,1608,Lazada,COD,18,8,6,1,40-50,53.6,2.0,0.0,0.0,-1,88,6166.91,0.3,0.0,0.5,0.0,0.0,0,0,0.0,0.0,0,0,0.0,12333.82,2,0,0.0,12333.82,2,0,0.0,0
LGS2ORD0028001,C011211,2025-08-10 18:00:00,Female,26,Bronze,TV,Bangkok,1501,TV_Show,COD,18,8,6,1,20-30,50.03333333333333,2.0,1.0,0.5,125,22,6170.570000000001,0.18,1.0,0.0,0.0,0.0,0,0,0.0,10968.29,1,0,0.0,10968.29,1,0,0.0,12341.140000000001,2,1,0.5,1
LGS2ORD0028002,C011965,2025-08-10 18:00:00,Male,58,Bronze,Lazada,Bangkok,650,Lazada,Credit_Card,18,8,6,1,>50,21.666666666666668,2.0,0.0,0.0,-1,174,2439.66,0.03,1.0,0.0,0.0,0.0,0,0,0.0,0.0,0,0,0.0,0.0,0,0,0.0,4879.32,2,0,0.0,0
LGS2ORD0028003,C010267,2025-08-10 18:00:00,Female,34,Bronze,Shopee,Remote_Area,340,Shopee,COD,18,8,6,1,30-40,11.333333333333334,4.0,3.0,0.75,15,31,2938.6449999999995,0.23,1.0,0.5,0.0,0.0,0,0,0.0,0.0,0,0,0.0,4929.69,2,2,1.0,11754.579999999998,4,3,0.75,0
LGS2ORD0028004,C012667,2025-08-10 18:00:00,Female,43,Bronze,Shopee,Phuket,507,TV_Show,COD,18,8,6,1,40-50,16.9,3.0,0.0,0.0,-1,69,4435.946666666667,0.23,0.3333333333333333,0.3333333333333333,0.0,0.0,0,0,0.0,0.0,0,0,0.0,10463.36,1,0,0.0,13307.84,3,0,0.0,0
LGS2ORD0028005,C013336,2025-08-10 19:00:00,Female,63,Silver,TV,Chonburi,1365,Web,Bank_Transfer,19,8,6,1,>50,45.5,2.0,0.0,0.0,-1,13,4095.17,0.25,1.0,0.5,0.0,0.0,0,0,0.0,7599.53,1,0,0.0,8190.34,2,0,0.0,8190.34,2,0,0.0,0
LGS2ORD0028006,C014460,2025-08-10 19:00:00,Male,38,Platinum,TV,Phuket,340,Web,COD,19,8,6,1,30-40,11.333333333333334,3.0,1.0,0.3333333333333333,180,63,1241.8066666666666,0.3,0.3333333333333333,0.3333333333333333,0.0,0.0,0,0,0.0,0.0,0,0,0.0,2964.27,1,0,0.0,3725.42,3,1,0.3333333333333333,0
LGS2ORD0028007,C015161,2025-08-10 19:00:00,Male,51,Silver,TV,Phuket,713,Lazada,COD,19,8,6,1,>50,23.766666666666666,1.0,0.0,0.0,-1,85,588.63,0.1,0.0,0.0,0.0,0.0,0,0,0.0,0.0,0,0,0.0,588.63,1,0,0.0,588.63,1,0,0.0,1
LGS2ORD0028008,C017815,2025-08-10 19:00:00,Female,55,Bronze,Shopee,Chiang Mai,1627,Web,COD,19,8,6,1,>50,54.233333333333334,2.0,0.0,0.0,-1,136,7488.33,0.13,0.5,0.0,0.0,0.0,0,0,0.0,0.0,0,0,0.0,0.0,0,0,0.0,14976.66,2,0,0.0,0
LGS2ORD0028009,C014086,2025-08-10 19:00:00,Male,50,Bronze,Web,Chonburi,1135,Lazada,COD,19,8,6,1,40-50,37.833333333333336,5.0,1.0,0.2,149,144,6382.236,0.28,0.2,0.2,0.0,0.0,0,0,0.0,0.0,0,0,0.0,0.0,0,0,0.0,31911.18,5,1,0.2,1
LGS2ORD0028010,C014793,2025-08-10 19:00:00,Male,46,Bronze,Lazada,Nakhon Ratchasima,608,Web,PromptPay,19,8,6,1,40-50,20.266666666666666,3.0,2.0,0.6666666666666666,-13,1,1877.6533333333334,0.23,0.3333333333333333,0.3333333333333333,0.0,1374.89,1,1,1.0,1374.89,1,1,1.0,5632.96,3,2,0.6666666666666666,5632.96,3,2,0.6666666666666666,0
LGS2ORD0028011,C015437,2025-08-10 20:00:00,Female,41,Gold,Web,Bangkok,760,Lazada,Bank_Transfer,20,8,6,1,40-50,25.333333333333332,6.0,1.0,0.16666666666666666,205,64,6256.081666666668,0.33,0.6666666666666666,0.3333333333333333,0.0,0.0,0,0,0.0,0.0,0,0,0.0,9822.67,2,0,0.0,37536.490000000005,6,1,0.16666666666666666,1
LGS2ORD0028012,C012760,2025-08-10 20:00:00,Male,45,Silver,TV,Khon Kaen,1551,TV_Show,COD,20,8,6,1,40-50,51.7,2.0,0.0,0.0,-1,186,8234.8,0.3,0.0,1.0,0.0,0.0,0,0,0.0,0.0,0,0,0.0,0.0,0,0,0.0,16469.6,2,0,0.0,0
LGS2ORD0028013,C012367,2025-08-10 20:00:00,Male,42,Bronze,TV,Remote_Area,753,Web,COD,20,8,6,1,40-50,25.1,3.0,2.0,0.6666666666666666,-10,1,3973.8099999999995,0.23,0.3333333333333333,0.3333333333333333,0.0,11466.679999999998,2,1,0.5,11466.679999999998,2,1,0.5,11466.679999999998,2,1,0.5,11921.429999999998,3,2,0.6666666666666666,0
LGS2ORD0028014,C011351,2025-08-10 20:00:00,Male,37,Bronze,TV,Phuket,1651,Shopee,PromptPay,20,8,6,1,30-40,55.03333333333333,2.0,2.0,1.0,36,42,4920.28,0.28,1.0,0.5,0.0,0.0,0,0,0.0,0.0,0,0,0.0,6684.21,1,1,1.0,9840.56,2,2,1.0,0
LGS2ORD0028015,C015536,2025-08-10 20:00:00,Male,51,Silver,Lazada,Phuket,767,Shopee,COD,20,8,6,1,>50,25.566666666666666,5.0,1.0,0.2,112,114,4258.316000000001,0.05,0.2,0.0,0.0,0.0,0,0,0.0,0.0,0,0,0.0,0.0,0,0,0.0,21291.58,5,1,0.2,1
LGS2ORD0028016,C016285,2025-08-10 21:00:00,Male,71,Bronze,Shopee,Bangkok,1573,TV_Show,COD,21,8,6,1,>50,52.43333333333333,7.0,3.0,0.42857142857142855,12,17,7349.342857142857,0.28,0.5714285714285714,0.2857142857142857,0.0,0.0,0,0,0.0,16009.199999999999,2,1,0.5,25290.089999999997,4,2,0.5,51445.399999999994,7,3,0.42857142857142855,0
LGS2ORD0028017,C014850,2025-08-10 21:00:00,Female,24,Gold,TV,Phuket,299,Lazada,Credit_Card,21,8,6,1,20-30,9.966666666666667,1.0,0.0,0.0,-1,143,1993.69,0.18,0.0,0.0,0.0,0.0,0,0,0.0,0.0,0,0,0.0,0.0,0,0,0.0,1993.69,1,0,0.0,0
LGS2ORD0028018,C010942,2025-08-10 21:00:00,Male,46,Bronze,Shopee,Bangkok,404,CallCenter,Bank_Transfer,21,8,6,1,40-50,13.466666666666667,3.0,0.0,0.0,-1,48,2610.7166666666667,0.18,0.0,0.0,0.0,0.0,0,0,0.0,0.0,0,0,0.0,3337.81,1,0,0.0,7832.15,3,0,0.0,0
LGS2ORD0028019,C010940,2025-08-10 21:00:00,Female,45,Gold,Shopee,Chonburi,385,Web,COD,21,8,6,1,40-50,12.833333333333334,5.0,2.0,0.4,-14,0,4342.628,0.2299999999999999,0.6,0.2,0.0,8614.46,1,1,1.0,11594.519999999999,2,1,0.5,11594.519999999999,2,1,0.5,21713.14,5,2,0.4,1
LGS2ORD0028020,C015119,2025-08-10 21:00:00,Female,38,Bronze,Shopee,Remote_Area,1405,Lazada,COD,21,8,6,1,30-40,46.833333333333336,2.0,1.0,0.5,124,101,2674.105,0.23,1.0,0.5,0.0,0.0,0,0,0.0,0.0,0,0,0.0,0.0,0,0,0.0,5348.21,2,1,0.5,1
LGS2ORD0028021,C010454,2025-08-10 22:00:00,Male,46,Bronze,CallCenter,Khon Kaen,852,Shopee,Credit_Card,22,8,6,1,40-50,28.4,3.0,1.0,0.3333333333333333,182,187,874.0333333333333,0.18,0.6666666666666666,0.0,0.0,0.0,0,0,0.0,0.0,0,0,0.0,0.0,0,0,0.0,2622.1,3,1,0.3333333333333333,0
LGS2ORD0028022,C017537,2025-08-10 22:00:00,Male,21,Bronze,TV,Khon Kaen,1467,Shopee,COD,22,8,6,1,20-30,48.9,6.0,2.0,0.3333333333333333,25,19,7449.776666666668,0.23,0.6666666666666666,0.3333333333333333,0.0,0.0,0,0,0.0,20535.6,1,0,0.0,30281.260000000002,3,1,0.3333333333333333,44698.66,6,2,0.3333333333333333,1
LGS2ORD0028023,C014675,2025-08-10 22:00:00,Male,32,Silver,TV,Phuket,1120,Shopee,COD,22,8,6,1,30-40,37.333333333333336,5.0,1.0,0.2,71,20,2604.388,0.3,0.4,0.6,0.0,0.0,0,0,0.0,1296.49,2,0,0.0,12030.91,4,1,0.25,13021.94,5,1,0.2,1
LGS2ORD0028024,C013681,2025-08-10 22:00:00,Female,49,Bronze,Web,Chiang Mai,1426,TV_Show,Credit_Card,22,8,6,1,40-50,47.53333333333333,6.0,0.0,0.0,-1,8,2029.6899999999998,0.23,0.3333333333333333,0.16666666666666666,0.0,0.0,0,0,0.0,7833.539999999999,3,0,0.0,10336.58,5,0,0.0,12178.14,6,0,0.0,0
LGS2ORD0028025,C015940,2025-08-10 22:00:00,Female,32,Bronze,Shopee,Songkhla,1235,Shopee,COD,22,8,6,1,30-40,41.166666666666664,3.0,1.0,0.3333333333333333,21,36,3021.41,0.18,0.3333333333333333,0.0,0.0,0.0,0,0,0.0,0.0,0,0,0.0,8354.97,2,1,0.5,9064.23,3,1,0.3333333333333333,1
LGS2ORD0028026,C014512,2025-08-10 23:00:00,Male,38,Bronze,Lazada,Bangkok,691,Lazada,COD,23,8,6,1,30-40,23.033333333333335,1.0,1.0,1.0,182,194,8155.83,0.28,1.0,1.0,0.0,0.0,0,0,0.0,0.0,0,0,0.0,0.0,0,0,0.0,8155.83,1,1,1.0,0
LGS2ORD0028027,C013930,2025-08-10 23:00:00,Male,34,Bronze,Shopee,Songkhla,1227,Shopee,COD,23,8,6,1,30-40,40.9,4.0,3.0,0.75,16,30,4434.85,0.23,0.75,0.5,0.0,0.0,0,0,0.0,0.0,0,0,0.0,13248.95,2,1,0.5,17739.4,4,3,0.75,0
LGS2ORD0028028,C017808,2025-08-10 23:00:00,Male,54,Bronze,Web,Nakhon Ratchasima,779,Web,Credit_Card,23,8,6,1,>50,25.966666666666665,1.0,0.0,0.0,-1,194,24839.75,0.13,0.0,0.0,0.0,0.0,0,0,0.0,0.0,0,0,0.0,0.0,0,0,0.0,24839.75,1,0,0.0,0
LGS2ORD0028029,C013987,2025-08-10 23:00:00,Male,61,Silver,Web,Chiang Mai,600,Lazada,Credit_Card,23,8,6,1,>50,20.0,3.0,0.0,0.0,-1,6,12258.483333333332,0.25,0.3333333333333333,0.6666666666666666,0.0,7486.9,1,0,0.0,7486.9,1,0,0.0,7486.9,1,0,0.0,36775.45,3,0,0.0,0
LGS2ORD0028030,C010291,2025-08-10 23:00:00,Female,53,Bronze,Lazada,Khon Kaen,1066,Shopee,PromptPay,23,8,6,1,>50,35.53333333333333,3.0,1.0,0.3333333333333333,60,54,21687.656666666666,0.18,0.6666666666666666,0.0,0.0,0.0,0,0,0.0,0.0,0,0,0.0,45267.2,2,1,0.5,65062.97,3,1,0.3333333333333333,0
LGS2ORD0028031,C013845,2025-08-10 23:00:00,Male,36,Platinum,TV,Bangkok,831,Shopee,COD,23,8,6,1,30-40,27.7,0.0,0.0,0.0,-1,-1,0.0,0.0,0.0,0.0,0.0,0.0,0,0,0.0,0.0,0,0,0.0,0.0,0,0,0.0,0.0,0,0,0.0,0
LGS2ORD0028032,C010668,2025-08-11 00:00:00,Female,53,Gold,Web,Bangkok,455,TV_Show,Bank_Transfer,0,8,0,0,>50,15.166666666666666,2.0,1.0,0.5,208,200,1471.305,0.2299999999999999,0.5,0.5,0.0,0.0,0,0,0.0,0.0,0,0,0.0,0.0,0,0,0.0,2942.61,2,1,0.5,0
LGS2ORD0028033,C013804,2025-08-11 00:00:00,Male,61,Bronze,TV,Bangkok,597,Shopee,COD,0,8,0,0,>50,19.9,9.0,5.0,0.5555555555555556,-8,5,3980.249999999999,0.28,0.6666666666666666,0.4444444444444444,0.0,530.99,1,1,1.0,1798.3,2,1,0.5,19783.090000000004,5,4,0.8,35822.24999999999,9,5,0.5555555555555556,1
LGS2ORD0028034,C010891,2025-08-11 00:00:00,Female,43,Gold,Shopee,Khon Kaen,1675,TV_Show,Bank_Transfer,0,8,0,0,40-50,55.833333333333336,3.0,0.0,0.0,-1,42,2940.5533333333333,0.28,0.6666666666666666,0.3333333333333333,0.0,0.0,0,0,0.0,0.0,0,0,0.0,2612.44,2,0,0.0,8821.66,3,0,0.0,0
LGS2ORD0028035,C013696,2025-08-11 00:00:00,Male,46,Bronze,TV,Chiang Mai,1553,CallCenter,COD,0,8,0,0,40-50,51.766666666666666,6.0,0.0,0.0,-1,6,4492.338333333333,0.28,0.3333333333333333,0.3333333333333333,0.0,1408.17,1,0,0.0,13934.1,2,0,0.0,16111.36,3,0,0.0,26954.03,6,0,0.0,0
LGS2ORD0028036,C014555,2025-08-11 00:00:00,Male,32,Bronze,Shopee,Remote_Area,567,Shopee,COD,0,8,0,0,30-40,18.9,2.0,0.0,0.0,-1,50,1921.96,0.03,0.5,0.0,0.0,0.0,0,0,0.0,0.0,0,0,0.0,2260.56,1,0,0.0,3843.92,2,0,0.0,0
LGS2ORD0028037,C016964,2025-08-11 01:00:00,Female,35,Bronze,Web,Bangkok,1624,Shopee,Credit_Card,1,8,0,0,30-40,54.13333333333333,2.0,0.0,0.0,-1,180,2480.84,0.28,0.5,1.0,0.0,0.0,0,0,0.0,0.0,0,0,0.0,0.0,0,0,0.0,4961.68,2,0,0.0,0
LGS2ORD0028038,C013502,2025-08-11 01:00:00,Other,52,Bronze,Web,Chonburi,1224,TV_Show,COD,1,8,0,0,>50,40.8,1.0,0.0,0.0,-1,89,1845.74,0.03,0.0,0.0,0.0,0.0,0,0,0.0,0.0,0,0,0.0,1845.74,1,0,0.0,1845.74,1,0,0.0,0
LGS2ORD0028039,C017021,2025-08-11 01:00:00,Male,45,Bronze,Lazada,Bangkok,1358,Shopee,COD,1,8,0,0,40-50,45.266666666666666,7.0,1.0,0.14285714285714285,-1,6,4351.004285714285,0.23,0.5714285714285714,0.14285714285714285,0.0,1511.92,1,1,1.0,5580.48,2,1,0.5,27352.010000000002,6,1,0.16666666666666666,30457.03,7,1,0.14285714285714285,0
LGS2ORD0028040,C014122,2025-08-11 01:00:00,Female,32,Bronze,Shopee,Bangkok,1218,TV_Show,Credit_Card,1,8,0,0,30-40,40.6,5.0,0.0,0.0,-1,11,8652.29,0.18,0.6,0.0,0.0,0.0,0,0,0.0,3841.76,1,0,0.0,8959.619999999999,2,0,0.0,43261.450000000004,5,0,0.0,0
LGS2ORD0028041,C012751,2025-08-11 01:00:00,Other,34,Silver,Web,Chiang Mai,437,TV_Show,PromptPay,1,8,0,0,30-40,14.566666666666666,2.0,0.0,0.0,-1,4,3659.555,0.2,1.0,0.0,0.0,6528.98,1,0,0.0,6528.98,1,0,0.0,7319.11,2,0,0.0,7319.11,2,0,0.0,0
LGS2ORD0028042,C017111,2025-08-11 02:00:00,Male,26,Bronze,CallCenter,Bangkok,1363,Lazada,COD,2,8,0,0,20-30,45.43333333333333,4.0,1.0,0.25,48,15,5262.245,0.23,0.5,0.5,0.0,0.0,0,0,0.0,1807.35,1,0,0.0,10772.77,2,1,0.5,21048.98,4,1,0.25,1
LGS2ORD0028043,C011315,2025-08-11 02:00:00,Female,37,Silver,Shopee,Bangkok,252,CallCenter,Credit_Card,2,8,0,0,30-40,8.4,6.0,2.0,0.3333333333333333,35,43,1860.676666666667,0.3,0.3333333333333333,0.6666666666666666,0.0,0.0,0,0,0.0,0.0,0,0,0.0,5506.25,4,2,0.5,11164.060000000001,6,2,0.3333333333333333,0
LGS2ORD0028044,C013972,2025-08-11 02:00:00,Male,43,Silver,Web,Bangkok,1426,Lazada,COD,2,8,0,0,40-50,47.53333333333333,3.0,1.0,0.3333333333333333,42,54,5350.596666666667,0.25,0.6666666666666666,0.3333333333333333,0.0,0.0,0,0,0.0,0.0,0,0,0.0,8369.1,1,1,1.0,16051.79,3,1,0.3333333333333333,1
LGS2ORD0028045,C013073,2025-08-11 02:00:00,Female,31,Bronze,TV,Khon Kaen,931,Shopee,PromptPay,2,8,0,0,30-40,31.033333333333335,3.0,1.0,0.3333333333333333,44,57,7645.43,0.23,1.0,0.3333333333333333,0.0,0.0,0,0,0.0,0.0,0,0,0.0,22936.29,3,1,0.3333333333333333,22936.29,3,1,0.3333333333333333,0
LGS2ORD0028046,C017756,2025-08-11 02:00:00,Male,58,Silver,CallCenter,Bangkok,956,CallCenter,PromptPay,2,8,0,0,>50,31.866666666666667,4.0,3.0,0.75,90,11,4301.5125,0.2,0.75,0.0,0.0,0.0,0,0,0.0,1845.88,1,0,0.0,1845.88,1,0,0.0,17206.05,4,3,0.75,0
LGS2ORD0028047,C010030,2025-08-11 03:00:00,Female,26,Platinum,Lazada,Bangkok,1666,Shopee,COD,3,8,0,0,20-30,55.53333333333333,1.0,0.0,0.0,-1,6,2791.98,0.25,1.0,1.0,0.0,2791.98,1,0,0.0,2791.98,1,0,0.0,2791.98,1,0,0.0,2791.98,1,0,0.0,0
LGS2ORD0028048,C010410,2025-08-11 03:00:00,Female,38,Bronze,Lazada,Nakhon Ratchasima,713,Web,COD,3,8,0,0,30-40,23.766666666666666,1.0,0.0,0.0,-1,198,483.35,0.23,0.0,1.0,0.0,0.0,0,0,0.0,0.0,0,0,0.0,0.0,0,0,0.0,483.35,1,0,0.0,0
LGS2ORD0028049,C016661,2025-08-11 03:00:00,Female,39,Bronze,TV,Phuket,1237,TV_Show,Bank_Transfer,3,8,0,0,30-40,41.233333333333334,4.0,1.0,0.25,45,55,6919.5675,0.28,0.75,0.25,0.0,0.0,0,0,0.0,0.0,0,0,0.0,6878.87,1,1,1.0,27678.27,4,1,0.25,0
LGS2ORD0028050,C015522,2025-08-11 03:00:00,Female,31,Bronze,TV,Bangkok,458,Shopee,COD,3,8,0,0,30-40,15.266666666666667,5.0,1.0,0.2,0,10,2811.3419999999996,0.28,0.6,0.2,0.0,0.0,0,0,0.0,3579.3,1,1,1.0,11671.35,3,1,0.3333333333333333,14056.71,5,1,0.2,0
LGS2ORD0028051,C013360,2025-08-11 03:00:00,Other,38,Bronze,Web,Chiang Mai,1533,Lazada,Credit_Card,3,8,0,0,30-40,51.1,4.0,2.0,0.5,19,25,4664.4875,0.18,1.0,0.0,0.0,0.0,0,0,0.0,13809.01,2,1,0.5,13809.01,2,1,0.5,18657.95,4,2,0.5,0
LGS2ORD0028052,C010065,2025-08-11 03:00:00,Male,38,Bronze,CallCenter,Khon Kaen,1680,Shopee,Credit_Card,3,8,0,0,30-40,56.0,5.0,0.0,0.0,-1,18,4055.576,0.23,0.6,0.6,0.0,0.0,0,0,0.0,5526.64,1,0,0.0,5526.64,1,0,0.0,20277.88,5,0,0.0,0
LGS2ORD0028053,C011051,2025-08-11 04:00:00,Female,40,Bronze,TV,Phuket,775,Shopee,COD,4,8,0,0,30-40,25.833333333333332,1.0,0.0,0.0,-1,65,572.46,0.28,1.0,1.0,0.0,0.0,0,0,0.0,0.0,0,0,0.0,572.46,1,0,0.0,572.46,1,0,0.0,0
LGS2ORD0028054,C011110,2025-08-11 04:00:00,Female,39,Gold,Shopee,Chiang Mai,1199,Lazada,PromptPay,4,8,0,0,30-40,39.96666666666667,5.0,1.0,0.2,136,120,8750.884,0.28,0.8,0.4,0.0,0.0,0,0,0.0,0.0,0,0,0.0,0.0,0,0,0.0,43754.42,5,1,0.2,1
LGS2ORD0028055,C014284,2025-08-11 04:00:00,Female,51,Silver,TV,Chiang Mai,512,Lazada,COD,4,8,0,0,>50,17.066666666666666,5.0,3.0,0.6,38,48,3661.3900000000003,0.15,0.8,0.0,0.0,0.0,0,0,0.0,0.0,0,0,0.0,14902.89,2,2,1.0,18306.95,5,3,0.6,0
LGS2ORD0028056,C010547,2025-08-11 04:00:00,Male,30,Silver,Lazada,Bangkok,425,Web,COD,4,8,0,0,20-30,14.166666666666666,3.0,0.0,0.0,-1,58,3136.6,0.2,0.3333333333333333,0.0,0.0,0.0,0,0,0.0,0.0,0,0,0.0,2744.2599999999998,2,0,0.0,9409.8,3,0,0.0,0
LGS2ORD0028057,C016173,2025-08-11 04:00:00,Female,45,Gold,TV,Remote_Area,1232,Lazada,Credit_Card,4,8,0,0,40-50,41.06666666666667,8.0,1.0,0.125,115,23,4313.52125,0.28,0.5,0.375,0.0,0.0,0,0,0.0,4708.4,2,0,0.0,8871.51,4,0,0.0,34508.17,8,1,0.125,0
LGS2ORD0028058,C012873,2025-08-11 05:00:00,Female,33,Bronze,Shopee,Songkhla,515,Lazada,Credit_Card,5,8,0,0,30-40,17.166666666666668,2.0,0.0,0.0,-1,45,6441.99,0.23,0.0,0.5,0.0,0.0,0,0,0.0,0.0,0,0,0.0,11091.73,1,0,0.0,12883.98,2,0,0.0,0
LGS2ORD0028059,C011863,2025-08-11 05:00:00,Male,41,Bronze,CallCenter,Bangkok,444,Shopee,PromptPay,5,8,0,0,40-50,14.8,5.0,3.0,0.6,161,55,3290.722,0.28,0.8,0.4,0.0,0.0,0,0,0.0,0.0,0,0,0.0,2337.01,1,0,0.0,16453.61,5,3,0.6,0
LGS2ORD0028060,C014558,2025-08-11 05:00:00,Male,39,Bronze,Web,Remote_Area,513,Shopee,COD,5,8,0,0,30-40,17.1,6.0,1.0,0.16666666666666666,54,26,4435.31,0.23,0.3333333333333333,0.16666666666666666,0.0,0.0,0,0,0.0,8866.66,1,0,0.0,18526.08,3,1,0.3333333333333333,26611.86,6,1,0.16666666666666666,0
LGS2ORD0028061,C015553,2025-08-11 05:00:00,Female,18,Bronze,Shopee,Chiang Mai,521,Shopee,Credit_Card,5,8,0,0,<20,17.366666666666667,5.0,2.0,0.4,96,10,7174.988,0.28,0.8,0.4,0.0,0.0,0,0,0.0,25381.38,1,0,0.0,27576.190000000002,2,0,0.0,35874.94,5,2,0.4,1
LGS2ORD0028062,C014913,2025-08-11 05:00:00,Male,50,Platinum,Web,Bangkok,669,Shopee,COD,5,8,0,0,40-50,22.3,3.0,1.0,0.3333333333333333,62,31,3792.3033333333333,0.3,0.0,0.6666666666666666,0.0,0.0,0,0,0.0,0.0,0,0,0.0,10455.0,2,1,0.5,11376.91,3,1,0.3333333333333333,0
LGS2ORD0028063,C011935,2025-08-11 06:00:00,Female,45,Bronze,TV,Remote_Area,1333,Shopee,PromptPay,6,8,0,0,40-50,44.43333333333333,2.0,1.0,0.5,120,42,18582.805,0.18,0.5,0.0,0.0,0.0,0,0,0.0,0.0,0,0,0.0,11647.23,1,0,0.0,37165.61,2,1,0.5,1
LGS2ORD0028064,C016134,2025-08-11 06:00:00,Male,37,Silver,Web,Khon Kaen,333,Web,Credit_Card,6,8,0,0,30-40,11.1,4.0,0.0,0.0,-1,62,5002.4675,0.2,0.25,0.0,0.0,0.0,0,0,0.0,0.0,0,0,0.0,15348.22,2,0,0.0,20009.87,4,0,0.0,0
LGS2ORD0028065,C016065,2025-08-11 06:00:00,Male,49,Gold,Shopee,Khon Kaen,1653,Shopee,COD,6,8,0,0,40-50,55.1,2.0,0.0,0.0,-1,28,3207.68,0.28,0.0,1.0,0.0,0.0,0,0,0.0,4977.0,1,0,0.0,4977.0,1,0,0.0,6415.36,2,0,0.0,1
LGS2ORD0028066,C010700,2025-08-11 06:00:00,Male,32,Bronze,CallCenter,Chiang Mai,695,Shopee,Bank_Transfer,6,8,0,0,30-40,23.166666666666668,4.0,1.0,0.25,3,8,8745.13,0.23,0.75,0.25,0.0,0.0,0,0,0.0,4085.46,1,1,1.0,12694.240000000002,2,1,0.5,34980.52,4,1,0.25,1
LGS2ORD0028067,C015881,2025-08-11 06:00:00,Male,54,Bronze,Lazada,Nakhon Ratchasima,1668,TV_Show,COD,6,8,0,0,>50,55.6,4.0,1.0,0.25,112,20,6225.25,0.18,0.25,0.0,0.0,0.0,0,0,0.0,2155.85,1,0,0.0,2155.85,1,0,0.0,24901.0,4,1,0.25,1
LGS2ORD0028068,C012925,2025-08-11 07:00:00,Female,40,Bronze,Shopee,Khon Kaen,1274,Web,Credit_Card,7,8,0,0,30-40,42.46666666666667,5.0,0.0,0.0,-1,12,6441.2660000000005,0.28,0.6,0.2,0.0,0.0,0,0,0.0,188.32,1,0,0.0,188.32,1,0,0.0,32206.33,5,0,0.0,0
LGS2ORD0028069,C011895,2025-08-11 07:00:00,Female,48,Bronze,Lazada,Remote_Area,1169,Shopee,Credit_Card,7,8,0,0,40-50,38.96666666666667,0.0,0.0,0.0,-1,-1,0.0,0.0,0.0,0.0,0.0,0.0,0,0,0.0,0.0,0,0,0.0,0.0,0,0,0.0,0.0,0,0,0.0,1
LGS2ORD0028070,C014326,2025-08-11 07:00:00,Female,39,Bronze,TV,Phuket,1519,TV_Show,COD,7,8,0,0,30-40,50.63333333333333,1.0,0.0,0.0,-1,104,2073.34,0.03,0.0,0.0,0.0,0.0,0,0,0.0,0.0,0,0,0.0,0.0,0,0,0.0,2073.34,1,0,0.0,1
LGS2ORD0028071,C017057,2025-08-11 07:00:00,Female,29,Gold,Web,Chonburi,951,TV_Show,COD,7,8,0,0,20-30,31.7,6.0,1.0,0.16666666666666666,102,29,5430.298333333333,0.33,0.16666666666666666,0.3333333333333333,0.0,0.0,0,0,0.0,16962.02,1,0,0.0,21564.09,3,0,0.0,32581.79,6,1,0.16666666666666666,0
LGS2ORD0028072,C016488,2025-08-11 07:00:00,Female,54,Bronze,TV,Songkhla,1111,Shopee,PromptPay,7,8,0,0,>50,37.03333333333333,3.0,1.0,0.3333333333333333,106,22,2519.19,0.23,1.0,0.3333333333333333,0.0,0.0,0,0,0.0,2857.84,1,0,0.0,6064.02,2,0,0.0,7557.57,3,1,0.3333333333333333,1
LGS2ORD0028073,C010608,2025-08-11 07:00:00,Female,35,Bronze,Shopee,Chonburi,1071,Shopee,PromptPay,7,8,0,0,30-40,35.7,2.0,2.0,1.0,133,139,4937.16,0.28,1.0,0.5,0.0,0.0,0,0,0.0,0.0,0,0,0.0,0.0,0,0,0.0,9874.32,2,2,1.0,0
LGS2ORD0028074,C012173,2025-08-11 08:00:00,Male,40,Bronze,Shopee,Songkhla,491,Lazada,COD,8,8,0,0,30-40,16.366666666666667,5.0,1.0,0.2,72,11,3652.5159999999996,0.23,0.8,0.2,0.0,0.0,0,0,0.0,2055.39,2,0,0.0,7201.79,3,1,0.3333333333333333,18262.579999999998,5,1,0.2,1
LGS2ORD0028075,C015788,2025-08-11 08:00:00,Female,36,Bronze,Shopee,Phuket,832,TV_Show,COD,8,8,0,0,30-40,27.733333333333334,2.0,1.0,0.5,159,67,13099.12,0.28,0.5,0.5,0.0,0.0,0,0,0.0,0.0,0,0,0.0,24007.08,1,0,0.0,26198.24,2,1,0.5,0
LGS2ORD0028076,C015434,2025-08-11 08:00:00,Female,34,Gold,Web,Nakhon Ratchasima,1650,Web,Credit_Card,8,8,0,0,30-40,55.0,2.0,0.0,0.0,-1,171,1140.52,0.2299999999999999,0.0,1.0,0.0,0.0,0,0,0.0,0.0,0,0,0.0,0.0,0,0,0.0,2281.04,2,0,0.0,0
LGS2ORD0028077,C010604,2025-08-11 08:00:00,Female,50,Silver,Shopee,Chonburi,657,Web,COD,8,8,0,0,40-50,21.9,6.0,0.0,0.0,-1,16,9939.074999999999,0.3,0.3333333333333333,0.5,0.0,0.0,0,0,0.0,20121.16,2,0,0.0,43156.71,4,0,0.0,59634.45,6,0,0.0,1
LGS2ORD0028078,C013937,2025-08-11 08:00:00,Male,40,Silver,Lazada,Khon Kaen,978,Web,COD,8,8,0,0,30-40,32.6,5.0,2.0,0.4,5,17,6891.144,0.3,1.0,0.2,0.0,0.0,0,0,0.0,5910.39,1,1,1.0,10642.52,2,2,1.0,34455.72,5,2,0.4,0
LGS2ORD0028079,C016246,2025-08-11 09:00:00,Female,59,Silver,Shopee,Khon Kaen,1004,Shopee,COD,9,8,0,0,>50,33.46666666666667,5.0,1.0,0.2,176,22,7084.114,0.3,0.4,0.2,0.0,0.0,0,0,0.0,11875.81,1,0,0.0,15426.699999999999,3,0,0.0,35420.57,5,1,0.2,0
LGS2ORD0028080,C011829,2025-08-11 09:00:00,Male,44,Bronze,TV,Khon Kaen,1142,Shopee,COD,9,8,0,0,40-50,38.06666666666667,2.0,1.0,0.5,70,84,5831.565,0.23,0.5,0.5,0.0,0.0,0,0,0.0,0.0,0,0,0.0,2094.14,1,1,1.0,11663.13,2,1,0.5,0
LGS2ORD0028081,C014591,2025-08-11 09:00:00,Female,24,Platinum,Lazada,Chonburi,663,Shopee,Credit_Card,9,8,0,0,20-30,22.1,1.0,0.0,0.0,-1,39,821.38,0.1,1.0,0.0,0.0,0.0,0,0,0.0,0.0,0,0,0.0,821.38,1,0,0.0,821.38,1,0,0.0,0
LGS2ORD0028082,C013549,2025-08-11 09:00:00,Male,34,Bronze,TV,Chonburi,1599,CallCenter,COD,9,8,0,0,30-40,53.3,1.0,0.0,0.0,-1,105,14308.91,0.03,1.0,0.0,0.0,0.0,0,0,0.0,0.0,0,0,0.0,0.0,0,0,0.0,14308.91,1,0,0.0,1
LGS2ORD0028083,C013537,2025-08-11 09:00:00,Female,57,Gold,Web,Bangkok,368,Lazada,Credit_Card,9,8,0,0,>50,12.266666666666667,0.0,0.0,0.0,-1,-1,0.0,0.0,0.0,0.0,0.0,0.0,0,0,0.0,0.0,0,0,0.0,0.0,0,0,0.0,0.0,0,0,0.0,0
LGS2ORD0028084,C016619,2025-08-11 10:00:00,Female,41,Silver,Shopee,Khon Kaen,886,CallCenter,COD,10,8,0,0,40-50,29.533333333333335,5.0,0.0,0.0,-1,62,3286.058,0.3,0.2,0.4,0.0,0.0,0,0,0.0,0.0,0,0,0.0,6241.32,2,0,0.0,16430.29,5,0,0.0,1
LGS2ORD0028085,C010700,2025-08-11 10:00:00,Male,32,Bronze,CallCenter,Chiang Mai,695,Web,COD,10,8,0,0,30-40,23.166666666666668,5.0,2.0,0.4,-4,0,7202.87,0.23,0.6,0.2,0.0,1033.83,1,1,1.0,5119.29,2,2,1.0,13728.070000000002,3,2,0.6666666666666666,36014.35,5,2,0.4,0
LGS2ORD0028086,C010678,2025-08-11 10:00:00,Female,41,Gold,Web,Bangkok,933,Lazada,COD,10,8,0,0,40-50,31.1,3.0,0.0,0.0,-1,58,3414.396666666666,0.33,0.0,0.6666666666666666,0.0,0.0,0,0,0.0,0.0,0,0,0.0,8561.16,2,0,0.0,10243.189999999999,3,0,0.0,0
LGS2ORD0028087,C013677,2025-08-11 10:00:00,Female,46,Silver,Web,Bangkok,810,Web,Credit_Card,10,8,0,0,40-50,27.0,2.0,0.0,0.0,-1,4,1219.845,0.3,0.5,0.5,0.0,153.62,1,0,0.0,153.62,1,0,0.0,153.62,1,0,0.0,2439.69,2,0,0.0,1
LGS2ORD0028088,C013705,2025-08-11 10:00:00,Female,20,Bronze,Web,Bangkok,334,Shopee,Bank_Transfer,10,8,0,0,<20,11.133333333333333,3.0,0.0,0.0,-1,99,5955.856666666667,0.23,0.0,0.3333333333333333,0.0,0.0,0,0,0.0,0.0,0,0,0.0,0.0,0,0,0.0,17867.57,3,0,0.0,0
LGS2ORD0028089,C017596,2025-08-11 11:00:00,Female,32,Bronze,Shopee,Chonburi,1154,CallCenter,PromptPay,11,8,0,0,30-40,38.46666666666667,2.0,0.0,0.0,-1,45,7291.89,0.23,0.5,0.5,0.0,0.0,0,0,0.0,0.0,0,0,0.0,13251.0,1,0,0.0,14583.78,2,0,0.0,0
LGS2ORD0028090,C017783,2025-08-11 11:00:00,Male,44,Bronze,Lazada,Phuket,1166,TV_Show,COD,11,8,0,0,40-50,38.86666666666667,2.0,0.0,0.0,-1,57,11919.075,0.23,1.0,0.5,0.0,0.0,0,0,0.0,0.0,0,0,0.0,3161.59,1,0,0.0,23838.15,2,0,0.0,1
LGS2ORD0028091,C016760,2025-08-11 11:00:00,Male,36,Bronze,TV,Phuket,1311,Shopee,COD,11,8,0,0,30-40,43.7,5.0,1.0,0.2,47,3,9490.716,0.28,0.6,0.2,0.0,10221.75,1,0,0.0,10221.75,1,0,0.0,15141.08,2,1,0.5,47453.58,5,1,0.2,0
LGS2ORD0028092,C012067,2025-08-11 11:00:00,Male,42,Platinum,Shopee,Bangkok,550,Shopee,Credit_Card,11,8,0,0,40-50,18.333333333333332,3.0,1.0,0.3333333333333333,100,1,1377.82,0.3,1.0,0.3333333333333333,0.3333333333333333,1770.14,1,0,0.0,1770.14,1,0,0.0,1770.14,1,0,0.0,4133.46,3,1,0.3333333333333333,0
LGS2ORD0028093,C017145,2025-08-11 11:00:00,Female,28,Gold,Web,Bangkok,524,CallCenter,Bank_Transfer,11,8,0,0,20-30,17.466666666666665,2.0,1.0,0.5,70,80,5825.115,0.33,0.5,0.5,0.0,0.0,0,0,0.0,0.0,0,0,0.0,10050.42,1,1,1.0,11650.23,2,1,0.5,0
LGS2ORD0028094,C010645,2025-08-11 11:00:00,Male,45,Bronze,TV,Chonburi,1516,Lazada,Credit_Card,11,8,0,0,40-50,50.53333333333333,9.0,4.0,0.4444444444444444,0,13,7323.593333333333,0.28,0.4444444444444444,0.2222222222222222,0.0,0.0,0,0,0.0,27957.690000000002,2,1,0.5,53791.68000000001,4,2,0.5,65912.34,9,4,0.4444444444444444,0
LGS2ORD0028095,C011903,2025-08-11 12:00:00,Male,46,Bronze,TV,Remote_Area,1615,Shopee,Credit_Card,12,8,0,0,40-50,53.833333333333336,7.0,1.0,0.14285714285714285,70,81,7905.61,0.28,0.5714285714285714,0.2857142857142857,0.0,0.0,0,0,0.0,0.0,0,0,0.0,5467.02,2,1,0.5,55339.27,7,1,0.14285714285714285,0
LGS2ORD0028096,C016786,2025-08-11 12:00:00,Female,24,Silver,Shopee,Bangkok,527,Shopee,COD,12,8,0,0,20-30,17.566666666666666,2.0,0.0,0.0,-1,121,6861.2,0.1,0.0,0.0,0.0,0.0,0,0,0.0,0.0,0,0,0.0,0.0,0,0,0.0,13722.4,2,0,0.0,0
LGS2ORD0028097,C010022,2025-08-11 12:00:00,Other,38,Bronze,Web,Remote_Area,1256,TV_Show,Bank_Transfer,12,8,0,0,30-40,41.86666666666667,1.0,1.0,1.0,123,135,14587.25,0.23,1.0,1.0,0.0,0.0,0,0,0.0,0.0,0,0,0.0,0.0,0,0,0.0,14587.25,1,1,1.0,0
LGS2ORD0028098,C010368,2025-08-11 12:00:00,Male,61,Bronze,Lazada,Bangkok,697,Web,Credit_Card,12,8,0,0,>50,23.233333333333334,4.0,1.0,0.25,61,9,6225.522500000001,0.28,0.75,0.75,0.0,0.0,0,0,0.0,6124.76,1,0,0.0,22814.870000000003,3,1,0.3333333333333333,24902.090000000004,4,1,0.25,0
LGS2ORD0028099,C014115,2025-08-11 12:00:00,Male,39,Bronze,Web,Remote_Area,778,Web,COD,12,8,0,0,30-40,25.933333333333334,6.0,1.0,0.16666666666666666,24,32,2826.0833333333335,0.28,0.6666666666666666,0.5,0.0,0.0,0,0,0.0,0.0,0,0,0.0,16050.41,5,1,0.2,16956.5,6,1,0.16666666666666666,0
LGS2ORD0028100,C014965,2025-08-11 13:00:00,Female,48,Bronze,TV,Nakhon Ratchasima,896,Shopee,Credit_Card,13,8,0,0,40-50,29.866666666666667,3.0,2.0,0.6666666666666666,111,85,7106.296666666666,0.18,0.0,0.0,0.0,0.0,0,0,0.0,0.0,0,0,0.0,2612.85,1,0,0.0,21318.89,3,2,0.6666666666666666,0
LGS2ORD0028101,C015041,2025-08-11 13:00:00,Female,43,Bronze,Lazada,Bangkok,692,CallCenter,PromptPay,13,8,0,0,40-50,23.066666666666666,4.0,2.0,0.5,67,60,8904.914999999999,0.23,1.0,0.5,0.0,0.0,0,0,0.0,0.0,0,0,0.0,2137.4700000000003,2,1,0.5,35619.659999999996,4,2,0.5,0
LGS2ORD0028102,C012908,2025-08-11 13:00:00,Male,47,Bronze,TV,Remote_Area,1051,TV_Show,PromptPay,13,8,0,0,40-50,35.03333333333333,4.0,3.0,0.75,1,16,2654.565,0.18,0.25,0.0,0.0,0.0,0,0,0.0,894.35,1,1,1.0,894.35,1,1,1.0,10618.26,4,3,0.75,1
LGS2ORD0028103,C010383,2025-08-11 13:00:00,Female,48,Silver,TV,Nakhon Ratchasima,1057,Lazada,COD,13,8,0,0,40-50,35.233333333333334,8.0,1.0,0.125,39,5,5109.785,0.2,0.5,0.0,0.0,3709.9,1,0,0.0,24252.57,3,0,0.0,37987.93,6,1,0.16666666666666666,40878.28,8,1,0.125,1
LGS2ORD0028104,C012396,2025-08-11 13:00:00,Female,56,Silver,Shopee,Remote_Area,773,TV_Show,COD,13,8,0,0,>50,25.766666666666666,6.0,4.0,0.6666666666666666,-10,6,9438.228333333334,0.25,0.8333333333333334,0.3333333333333333,0.0,3739.42,1,1,1.0,43208.53,3,2,0.6666666666666666,44408.77,4,3,0.75,56629.37,6,4,0.6666666666666666,0
LGS2ORD0028105,C016193,2025-08-11 14:00:00,Male,43,Bronze,Lazada,Bangkok,474,TV_Show,Credit_Card,14,8,0,0,40-50,15.8,4.0,0.0,0.0,-1,121,2122.915,0.28,0.25,0.25,0.0,0.0,0,0,0.0,0.0,0,0,0.0,0.0,0,0,0.0,8491.66,4,0,0.0,1
LGS2ORD0028106,C014403,2025-08-11 14:00:00,Male,57,Gold,CallCenter,Khon Kaen,241,Shopee,COD,14,8,0,0,>50,8.033333333333333,3.0,1.0,0.3333333333333333,52,64,2169.2999999999997,0.33,1.0,0.6666666666666666,0.0,0.0,0,0,0.0,0.0,0,0,0.0,1411.02,1,1,1.0,6507.9,3,1,0.3333333333333333,0
LGS2ORD0028107,C016793,2025-08-11 14:00:00,Male,47,Silver,Lazada,Bangkok,380,Web,Credit_Card,14,8,0,0,40-50,12.666666666666666,2.0,0.0,0.0,-1,30,8168.129999999999,0.15,0.0,0.0,0.0,0.0,0,0,0.0,0.0,0,0,0.0,14679.14,1,0,0.0,16336.259999999998,2,0,0.0,0
LGS2ORD0028108,C015092,2025-08-11 14:00:00,Female,59,Gold,TV,Bangkok,1225,TV_Show,COD,14,8,0,0,>50,40.833333333333336,2.0,0.0,0.0,-1,134,1630.025,0.28,1.0,1.0,0.0,0.0,0,0,0.0,0.0,0,0,0.0,0.0,0,0,0.0,3260.05,2,0,0.0,0
LGS2ORD0028109,C015680,2025-08-11 14:00:00,Male,66,Bronze,Shopee,Remote_Area,1236,Web,COD,14,8,0,0,>50,41.2,6.0,1.0,0.16666666666666666,131,59,3060.433333333333,0.28,0.6666666666666666,0.5,0.0,0.0,0,0,0.0,0.0,0,0,0.0,2142.77,1,0,0.0,18362.6,6,1,0.16666666666666666,1
LGS2ORD0028110,C016071,2025-08-11 15:00:00,Female,65,Silver,TV,Chiang Mai,413,Lazada,Credit_Card,15,8,0,0,>50,13.766666666666667,4.0,2.0,0.5,24,24,3002.8075,0.3,0.5,0.25,0.0,0.0,0,0,0.0,1808.66,1,0,0.0,7064.94,2,1,0.5,12011.23,4,2,0.5,0
LGS2ORD0028111,C014255,2025-08-11 15:00:00,Male,39,Bronze,Web,Nakhon Ratchasima,789,Web,COD,15,8,0,0,30-40,26.3,1.0,0.0,0.0,-1,211,847.23,0.03,0.0,0.0,0.0,0.0,0,0,0.0,0.0,0,0,0.0,0.0,0,0,0.0,847.23,1,0,0.0,0
LGS2ORD0028112,C015675,2025-08-11 15:00:00,Other,26,Silver,Shopee,Remote_Area,1508,Lazada,COD,15,8,0,0,20-30,50.266666666666666,4.0,2.0,0.5,72,84,10257.6725,0.3,0.0,0.25,0.0,0.0,0,0,0.0,0.0,0,0,0.0,17068.05,1,1,1.0,41030.69,4,2,0.5,0
LGS2ORD0028113,C016915,2025-08-11 15:00:00,Female,57,Bronze,TV,Chonburi,389,TV_Show,COD,15,8,0,0,>50,12.966666666666667,8.0,1.0,0.125,-1,9,4502.18,0.28,0.5,0.25,0.0,0.0,0,0,0.0,9759.92,1,1,1.0,19443.82,3,1,0.3333333333333333,36017.44,8,1,0.125,0
LGS2ORD0028114,C010626,2025-08-11 15:00:00,Female,49,Bronze,CallCenter,Remote_Area,1674,Shopee,COD,15,8,0,0,40-50,55.8,3.0,1.0,0.3333333333333333,124,117,13367.683333333334,0.23,0.3333333333333333,0.3333333333333333,0.0,0.0,0,0,0.0,0.0,0,0,0.0,0.0,0,0,0.0,40103.05,3,1,0.3333333333333333,0
LGS2ORD0028115,C014742,2025-08-11 15:00:00,Male,44,Platinum,Lazada,Chonburi,850,Shopee,COD,15,8,0,0,40-50,28.333333333333332,2.0,0.0,0.0,-1,137,4647.63,0.3,1.0,1.0,0.0,0.0,0,0,0.0,0.0,0,0,0.0,0.0,0,0,0.0,9295.26,2,0,0.0,0
LGS2ORD0028116,C014651,2025-08-11 16:00:00,Female,51,Gold,Shopee,Chonburi,307,TV_Show,COD,16,8,0,0,>50,10.233333333333333,5.0,1.0,0.2,146,44,996.608,0.28,0.6,0.8,0.0,0.0,0,0,0.0,0.0,0,0,0.0,1212.5,2,0,0.0,4983.04,5,1,0.2,1
LGS2ORD0028117,C017586,2025-08-11 16:00:00,Male,52,Bronze,Shopee,Bangkok,842,Web,COD,16,8,0,0,>50,28.066666666666666,3.0,2.0,0.6666666666666666,34,38,7723.233333333333,0.28,0.3333333333333333,0.3333333333333333,0.0,0.0,0,0,0.0,0.0,0,0,0.0,12454.43,1,1,1.0,23169.699999999997,3,2,0.6666666666666666,1
LGS2ORD0028118,C016006,2025-08-11 16:00:00,Female,35,Bronze,Lazada,Songkhla,1602,Web,COD,16,8,0,0,30-40,53.4,3.0,1.0,0.3333333333333333,61,26,1973.876666666667,0.28,0.3333333333333333,0.6666666666666666,0.0,0.0,0,0,0.0,1433.69,1,0,0.0,5040.3,2,1,0.5,5921.630000000001,3,1,0.3333333333333333,0
LGS2ORD0028119,C014393,2025-08-11 16:00:00,Female,55,Gold,Shopee,Khon Kaen,959,Web,Bank_Transfer,16,8,0,0,>50,31.966666666666665,2.0,0.0,0.0,-1,3,3006.4750000000004,0.33,0.5,0.5,0.0,4386.39,1,0,0.0,4386.39,1,0,0.0,4386.39,1,0,0.0,6012.950000000001,2,0,0.0,0
LGS2ORD0028120,C011586,2025-08-11 16:00:00,Female,51,Gold,Shopee,Remote_Area,477,Lazada,Credit_Card,16,8,0,0,>50,15.9,6.0,1.0,0.16666666666666666,182,49,2659.18,0.33,0.16666666666666666,0.5,0.0,0.0,0,0,0.0,0.0,0,0,0.0,6520.74,1,0,0.0,15955.08,6,1,0.16666666666666666,0
LGS2ORD0028121,C011338,2025-08-11 17:00:00,Female,39,Bronze,TV,Chonburi,1532,Shopee,COD,17,8,0,0,30-40,51.06666666666667,4.0,1.0,0.25,108,22,13865.5,0.18,0.5,0.0,0.0,0.0,0,0,0.0,814.82,1,0,0.0,19522.42,2,0,0.0,55462.0,4,1,0.25,0
LGS2ORD0028122,C014404,2025-08-11 17:00:00,Male,51,Bronze,TV,Chiang Mai,367,CallCenter,COD,17,8,0,0,>50,12.233333333333333,3.0,0.0,0.0,-1,6,7636.743333333335,0.08,0.6666666666666666,0.0,0.0,4683.75,1,0,0.0,4683.75,1,0,0.0,4683.75,1,0,0.0,22910.230000000003,3,0,0.0,0
LGS2ORD0028123,C010731,2025-08-11 17:00:00,Female,30,Silver,TV,Khon Kaen,602,Web,COD,17,8,0,0,20-30,20.066666666666666,5.0,2.0,0.4,99,81,2042.102,0.3,0.8,0.6,0.0,0.0,0,0,0.0,0.0,0,0,0.0,4234.99,2,0,0.0,10210.51,5,2,0.4,0
LGS2ORD0028124,C015791,2025-08-11 17:00:00,Male,60,Bronze,CallCenter,Bangkok,594,TV_Show,COD,17,8,0,0,>50,19.8,1.0,1.0,1.0,47,62,982.69,0.13,0.0,0.0,0.0,0.0,0,0,0.0,0.0,0,0,0.0,982.69,1,1,1.0,982.69,1,1,1.0,0
LGS2ORD0028125,C017171,2025-08-11 17:00:00,Female,32,Silver,Shopee,Songkhla,698,CallCenter,COD,17,8,0,0,30-40,23.266666666666666,4.0,1.0,0.25,174,83,8280.957499999999,0.25,0.75,0.25,0.0,0.0,0,0,0.0,0.0,0,0,0.0,1859.27,1,0,0.0,33123.829999999994,4,1,0.25,0
LGS2ORD0028126,C016131,2025-08-11 18:00:00,Male,37,Bronze,Web,Bangkok,883,Lazada,COD,18,8,0,0,30-40,29.433333333333334,3.0,1.0,0.3333333333333333,89,49,14427.12,0.23,1.0,0.3333333333333333,0.0,0.0,0,0,0.0,0.0,0,0,0.0,38676.03,1,0,0.0,43281.36,3,1,0.3333333333333333,0
LGS2ORD0028127,C013283,2025-08-11 18:00:00,Female,40,Bronze,Shopee,Bangkok,1044,TV_Show,COD,18,8,0,0,30-40,34.8,0.0,0.0,0.0,-1,-1,0.0,0.0,0.0,0.0,0.0,0.0,0,0,0.0,0.0,0,0,0.0,0.0,0,0,0.0,0.0,0,0,0.0,0
LGS2ORD0028128,C012902,2025-08-11 18:00:00,Male,34,Bronze,Shopee,Chiang Mai,312,Lazada,COD,18,8,0,0,30-40,10.4,6.0,1.0,0.16666666666666666,19,1,4317.673333333333,0.23,0.3333333333333333,0.3333333333333333,0.0,8054.48,1,0,0.0,11850.55,3,1,0.3333333333333333,19030.199999999997,4,1,0.25,25906.04,6,1,0.16666666666666666,0
LGS2ORD0028129,C017920,2025-08-11 18:00:00,Female,59,Bronze,CallCenter,Nakhon Ratchasima,442,TV_Show,COD,18,8,0,0,>50,14.733333333333333,2.0,1.0,0.5,61,72,3190.185,0.18,0.5,0.0,0.0,0.0,0,0,0.0,0.0,0,0,0.0,4434.16,1,1,1.0,6380.37,2,1,0.5,0
LGS2ORD0028130,C014687,2025-08-11 18:00:00,Female,60,Silver,TV,Chiang Mai,1267,Web,Credit_Card,18,8,0,0,>50,42.233333333333334,4.0,0.0,0.0,-1,112,19737.84,0.25,0.75,0.5,0.0,0.0,0,0,0.0,0.0,0,0,0.0,0.0,0,0,0.0,78951.36,4,0,0.0,0
LGS2ORD0028131,C010853,2025-08-11 18:00:00,Female,53,Bronze,Shopee,Bangkok,1038,Lazada,COD,18,8,0,0,>50,34.6,5.0,1.0,0.2,194,27,8839.240000000002,0.28,0.8,0.2,0.0,0.0,0,0,0.0,2258.7,1,0,0.0,6841.29,3,0,0.0,44196.200000000004,5,1,0.2,0
LGS2ORD0028132,C013918,2025-08-11 19:00:00,Female,69,Bronze,TV,Chonburi,1387,Lazada,Credit_Card,19,8,0,0,>50,46.233333333333334,3.0,1.0,0.3333333333333333,213,141,4051.7100000000005,0.18,0.6666666666666666,0.0,0.0,0.0,0,0,0.0,0.0,0,0,0.0,0.0,0,0,0.0,12155.130000000001,3,1,0.3333333333333333,1
LGS2ORD0028133,C012085,2025-08-11 19:00:00,Female,52,Gold,Web,Bangkok,1098,Shopee,COD,19,8,0,0,>50,36.6,1.0,0.0,0.0,-1,13,4449.1,0.2299999999999999,1.0,1.0,0.0,0.0,0,0,0.0,4449.1,1,0,0.0,4449.1,1,0,0.0,4449.1,1,0,0.0,0
LGS2ORD0028134,C017760,2025-08-11 19:00:00,Female,72,Bronze,Shopee,Phuket,640,Lazada,Credit_Card,19,8,0,0,>50,21.333333333333332,3.0,2.0,0.6666666666666666,119,52,7543.079999999999,0.23,0.6666666666666666,0.3333333333333333,0.0,0.0,0,0,0.0,0.0,0,0,0.0,844.57,1,0,0.0,22629.239999999998,3,2,0.6666666666666666,0
LGS2ORD0028135,C012049,2025-08-11 19:00:00,Male,44,Silver,TV,Remote_Area,1528,Shopee,COD,19,8,0,0,40-50,50.93333333333333,7.0,3.0,0.42857142857142855,131,21,3588.0100000000007,0.2,0.7142857142857143,0.0,0.0,0.0,0,0,0.0,1685.27,1,0,0.0,3011.4,2,0,0.0,25116.070000000003,7,3,0.42857142857142855,0
LGS2ORD0028136,C017312,2025-08-11 19:00:00,Female,25,Silver,CallCenter,Bangkok,965,Web,COD,19,8,0,0,20-30,32.166666666666664,3.0,0.0,0.0,-1,18,7082.2699999999995,0.2,0.0,0.0,0.0,0.0,0,0,0.0,6984.76,1,0,0.0,6984.76,1,0,0.0,21246.809999999998,3,0,0.0,0
LGS2ORD0028137,C016241,2025-08-11 20:00:00,Female,38,Bronze,Web,Chiang Mai,460,Web,COD,20,8,0,0,30-40,15.333333333333334,3.0,0.0,0.0,-1,60,3535.7966666666666,0.18,0.6666666666666666,0.0,0.0,0.0,0,0,0.0,0.0,0,0,0.0,9745.849999999999,2,0,0.0,10607.39,3,0,0.0,0
LGS2ORD0028138,C015803,2025-08-11 20:00:00,Male,39,Gold,Shopee,Bangkok,1467,Lazada,COD,20,8,0,0,30-40,48.9,3.0,0.0,0.0,-1,34,6747.19,0.28,1.0,0.3333333333333333,0.0,0.0,0,0,0.0,0.0,0,0,0.0,10227.41,2,0,0.0,20241.57,3,0,0.0,1
LGS2ORD0028139,C014991,2025-08-11 20:00:00,Female,57,Gold,Lazada,Chonburi,1591,Web,COD,20,8,0,0,>50,53.03333333333333,2.0,0.0,0.0,-1,42,5805.505,0.28,0.5,1.0,0.0,0.0,0,0,0.0,0.0,0,0,0.0,11611.01,2,0,0.0,11611.01,2,0,0.0,0
LGS2ORD0028140,C015229,2025-08-11 20:00:00,Female,28,Bronze,Shopee,Bangkok,1539,Shopee,COD,20,8,0,0,20-30,51.3,8.0,2.0,0.25,2,8,5636.19375,0.28,0.75,0.25,0.0,0.0,0,0,0.0,13076.21,1,1,1.0,26258.129999999997,3,1,0.3333333333333333,45089.55,8,2,0.25,1
LGS2ORD0028141,C015300,2025-08-11 20:00:00,Female,39,Silver,Web,Chonburi,1627,Lazada,PromptPay,20,8,0,0,30-40,54.233333333333334,2.0,0.0,0.0,-1,80,3115.885,0.3,0.5,0.5,0.0,0.0,0,0,0.0,0.0,0,0,0.0,4585.55,1,0,0.0,6231.77,2,0,0.0,0
LGS2ORD0028142,C016947,2025-08-11 21:00:00,Female,39,Bronze,CallCenter,Bangkok,1194,Web,Credit_Card,21,8,0,0,30-40,39.8,9.0,2.0,0.2222222222222222,160,51,6232.424444444445,0.23,0.7777777777777778,0.4444444444444444,0.0,0.0,0,0,0.0,0.0,0,0,0.0,9820.72,1,0,0.0,56091.82,9,2,0.2222222222222222,1
LGS2ORD0028143,C011998,2025-08-11 21:00:00,Female,53,Silver,TV,Bangkok,1187,Web,COD,21,8,0,0,>50,39.56666666666667,8.0,2.0,0.25,-4,3,2027.0175,0.3,0.625,0.5,0.0,2481.1099999999997,2,1,0.5,4440.08,3,1,0.3333333333333333,7228.51,4,1,0.25,16216.14,8,2,0.25,1
LGS2ORD0028144,C016813,2025-08-11 21:00:00,Female,36,Gold,CallCenter,Chiang Mai,1433,TV_Show,Bank_Transfer,21,8,0,0,30-40,47.766666666666666,0.0,0.0,0.0,-1,-1,0.0,0.0,0.0,0.0,0.0,0.0,0,0,0.0,0.0,0,0,0.0,0.0,0,0,0.0,0.0,0,0,0.0,0
LGS2ORD0028145,C011569,2025-08-11 21:00:00,Male,34,Bronze,TV,Remote_Area,749,Lazada,COD,21,8,0,0,30-40,24.966666666666665,5.0,2.0,0.4,77,15,3108.92,0.28,0.8,0.2,0.0,0.0,0,0,0.0,1240.15,1,0,0.0,2848.51,2,1,0.5,15544.6,5,2,0.4,1
LGS2ORD0028146,C017264,2025-08-11 21:00:00,Male,61,Bronze,TV,Phuket,1462,Shopee,COD,21,8,0,0,>50,48.733333333333334,3.0,1.0,0.3333333333333333,124,20,6845.990000000001,0.18,0.6666666666666666,0.0,0.0,0.0,0,0,0.0,17379.9,1,0,0.0,17379.9,1,0,0.0,20537.97,3,1,0.3333333333333333,1
LGS2ORD0028147,C010113,2025-08-11 22:00:00,Female,52,Bronze,Lazada,Remote_Area,1591,TV_Show,COD,22,8,0,0,>50,53.03333333333333,2.0,1.0,0.5,-2,10,9892.255000000001,0.03,0.0,0.0,0.0,0.0,0,0,0.0,2980.68,1,1,1.0,2980.68,1,1,1.0,19784.510000000002,2,1,0.5,0
LGS2ORD0028148,C013359,2025-08-11 22:00:00,Female,30,Platinum,Web,Songkhla,986,TV_Show,Bank_Transfer,22,8,0,0,20-30,32.86666666666667,0.0,0.0,0.0,-1,-1,0.0,0.0,0.0,0.0,0.0,0.0,0,0,0.0,0.0,0,0,0.0,0.0,0,0,0.0,0.0,0,0,0.0,0
LGS2ORD0028149,C013177,2025-08-11 22:00:00,Other,26,Silver,CallCenter,Nakhon Ratchasima,1319,Lazada,COD,22,8,0,0,20-30,43.96666666666667,3.0,0.0,0.0,-1,137,2449.0466666666666,0.3,0.3333333333333333,0.6666666666666666,0.0,0.0,0,0,0.0,0.0,0,0,0.0,0.0,0,0,0.0,7347.139999999999,3,0,0.0,1
LGS2ORD0028150,C016409,2025-08-11 22:00:00,Male,26,Bronze,Web,Nakhon Ratchasima,635,TV_Show,COD,22,8,0,0,20-30,21.166666666666668,4.0,0.0,0.0,-1,49,3537.5125000000007,0.13,0.5,0.0,0.0,0.0,0,0,0.0,0.0,0,0,0.0,793.2,1,0,0.0,14150.050000000003,4,0,0.0,0
LGS2ORD0028151,C010816,2025-08-11 22:00:00,Male,68,Silver,Shopee,Bangkok,564,Shopee,PromptPay,22,8,0,0,>50,18.8,4.0,2.0,0.5,27,43,4862.775,0.2,0.5,0.0,0.0,0.0,0,0,0.0,0.0,0,0,0.0,2986.19,1,1,1.0,19451.1,4,2,0.5,0
LGS2ORD0028152,C011261,2025-08-11 22:00:00,Female,26,Bronze,TV,Bangkok,502,Shopee,Bank_Transfer,22,8,0,0,20-30,16.733333333333334,5.0,0.0,0.0,-1,5,4338.906,0.23,0.6,0.2,0.0,6342.95,1,0,0.0,6342.95,1,0,0.0,6342.95,1,0,0.0,21694.53,5,0,0.0,1
LGS2ORD0028153,C012777,2025-08-11 23:00:00,Other,56,Silver,Web,Khon Kaen,1062,Web,COD,23,8,0,0,>50,35.4,4.0,0.0,0.0,-1,35,7559.5575,0.25,0.5,0.25,0.0,0.0,0,0,0.0,0.0,0,0,0.0,2366.56,1,0,0.0,30238.23,4,0,0.0,0
LGS2ORD0028154,C013624,2025-08-11 23:00:00,Female,42,Bronze,CallCenter,Remote_Area,555,Web,COD,23,8,0,0,40-50,18.5,4.0,2.0,0.5,141,125,3400.9125000000004,0.23,0.75,0.5,0.25,0.0,0,0,0.0,0.0,0,0,0.0,0.0,0,0,0.0,13603.650000000001,4,2,0.5,0
LGS2ORD0028155,C011122,2025-08-11 23:00:00,Female,44,Gold,Web,Songkhla,1004,TV_Show,COD,23,8,0,0,40-50,33.46666666666667,3.0,1.0,0.3333333333333333,143,111,2413.5833333333335,0.18,0.6666666666666666,0.0,0.0,0.0,0,0,0.0,0.0,0,0,0.0,0.0,0,0,0.0,7240.75,3,1,0.3333333333333333,1
LGS2ORD0028156,C015094,2025-08-11 23:00:00,Female,46,Bronze,TV,Chiang Mai,813,Web,Credit_Card,23,8,0,0,40-50,27.1,6.0,2.0,0.3333333333333333,4,14,6035.043333333332,0.28,0.8333333333333334,0.3333333333333333,0.0,0.0,0,0,0.0,22261.23,2,1,0.5,23270.69,3,1,0.3333333333333333,36210.259999999995,6,2,0.3333333333333333,0
LGS2ORD0028157,C010603,2025-08-11 23:00:00,Female,38,Bronze,CallCenter,Bangkok,1134,Web,COD,23,8,0,0,30-40,37.8,6.0,2.0,0.3333333333333333,28,38,3624.476666666666,0.23,0.6666666666666666,0.5,0.0,0.0,0,0,0.0,0.0,0,0,0.0,1301.94,1,1,1.0,21746.859999999997,6,2,0.3333333333333333,1
LGS2ORD0028158,C010911,2025-08-12 00:00:00,Other,41,Gold,Web,Bangkok,1446,Web,Credit_Card,0,8,1,0,40-50,48.2,0.0,0.0,0.0,-1,-1,0.0,0.0,0.0,0.0,0.0,0.0,0,0,0.0,0.0,0,0,0.0,0.0,0,0,0.0,0.0,0,0,0.0,1
LGS2ORD0028159,C015706,2025-08-12 00:00:00,Male,32,Silver,Web,Chonburi,507,TV_Show,COD,0,8,1,0,30-40,16.9,4.0,1.0,0.25,45,33,5875.945000000001,0.25,0.25,0.25,0.0,0.0,0,0,0.0,0.0,0,0,0.0,2741.8900000000003,2,1,0.5,23503.780000000002,4,1,0.25,0
LGS2ORD0028160,C012372,2025-08-12 00:00:00,Female,40,Platinum,TV,Chiang Mai,258,Lazada,Bank_Transfer,0,8,1,0,30-40,8.6,5.0,3.0,0.6,55,18,7422.228000000001,0.35,0.6,0.8,0.0,0.0,0,0,0.0,3973.87,1,0,0.0,7240.62,2,1,0.5,37111.14000000001,5,3,0.6,0
LGS2ORD0028161,C014080,2025-08-12 00:00:00,Male,29,Bronze,Shopee,Songkhla,1572,Shopee,Credit_Card,0,8,1,0,20-30,52.4,7.0,1.0,0.14285714285714285,113,23,7819.535714285715,0.23,0.5714285714285714,0.14285714285714285,0.0,0.0,0,0,0.0,5187.6,2,0,0.0,40843.5,4,0,0.0,54736.75,7,1,0.14285714285714285,0
LGS2ORD0028162,C016511,2025-08-12 00:00:00,Female,56,Bronze,CallCenter,Chiang Mai,373,Shopee,COD,0,8,1,0,>50,12.433333333333334,5.0,1.0,0.2,88,23,4924.447999999999,0.28,0.8,0.2,0.0,0.0,0,0,0.0,885.94,1,0,0.0,12017.33,2,0,0.0,24622.239999999998,5,1,0.2,0
LGS2ORD0028163,C017074,2025-08-12 01:00:00,Male,68,Gold,Shopee,Bangkok,1514,Web,Credit_Card,1,8,1,0,>50,50.46666666666667,0.0,0.0,0.0,-1,-1,0.0,0.0,0.0,0.0,0.0,0.0,0,0,0.0,0.0,0,0,0.0,0.0,0,0,0.0,0.0,0,0,0.0,0
LGS2ORD0028164,C014050,2025-08-12 01:00:00,Male,46,Platinum,Shopee,Bangkok,930,Web,PromptPay,1,8,1,0,40-50,31.0,2.0,0.0,0.0,-1,6,3026.3999999999996,0.2,0.0,0.0,0.0,1771.77,1,0,0.0,1771.77,1,0,0.0,6052.799999999999,2,0,0.0,6052.799999999999,2,0,0.0,0
LGS2ORD0028165,C011059,2025-08-12 01:00:00,Male,64,Gold,TV,Chonburi,1217,Web,COD,1,8,1,0,>50,40.56666666666667,8.0,2.0,0.25,172,14,3430.4775,0.33,0.625,0.625,0.0,0.0,0,0,0.0,135.71,1,0,0.0,8618.029999999999,2,0,0.0,27443.82,8,2,0.25,0
LGS2ORD0028166,C014913,2025-08-12 01:00:00,Male,50,Platinum,Web,Bangkok,670,Web,Credit_Card,1,8,1,0,40-50,22.333333333333332,4.0,1.0,0.25,62,0,3482.4025,0.3,0.25,0.75,0.0,2552.7,1,0,0.0,2552.7,1,0,0.0,13007.7,3,1,0.3333333333333333,13929.61,4,1,0.25,0
LGS2ORD0028167,C014165,2025-08-12 01:00:00,Other,47,Silver,TV,Khon Kaen,1015,TV_Show,COD,1,8,1,0,40-50,33.833333333333336,4.0,0.0,0.0,-1,45,4560.3975,0.3,0.5,0.25,0.0,0.0,0,0,0.0,0.0,0,0,0.0,13345.07,1,0,0.0,18241.59,4,0,0.0,0
LGS2ORD0028168,C012041,2025-08-12 02:00:00,Male,27,Silver,Web,Bangkok,1295,Web,COD,2,8,1,0,20-30,43.166666666666664,2.0,1.0,0.5,82,51,1493.4650000000001,0.2,1.0,0.0,0.0,0.0,0,0,0.0,0.0,0,0,0.0,2986.9300000000003,2,1,0.5,2986.9300000000003,2,1,0.5,1
LGS2ORD0028169,C016976,2025-08-12 02:00:00,Male,54,Gold,Web,Khon Kaen,632,CallCenter,Credit_Card,2,8,1,0,>50,21.066666666666666,3.0,0.0,0.0,-1,40,12573.893333333333,0.33,0.3333333333333333,0.3333333333333333,0.0,0.0,0,0,0.0,0.0,0,0,0.0,32152.47,2,0,0.0,37721.68,3,0,0.0,0
LGS2ORD0028170,C017067,2025-08-12 02:00:00,Female,27,Silver,Shopee,Remote_Area,1626,Lazada,PromptPay,2,8,1,0,20-30,54.2,7.0,1.0,0.14285714285714285,157,73,3933.714285714286,0.3,0.42857142857142855,0.2857142857142857,0.0,0.0,0,0,0.0,0.0,0,0,0.0,4517.78,1,0,0.0,27536.0,7,1,0.14285714285714285,0
LGS2ORD0028171,C014832,2025-08-12 02:00:00,Male,34,Bronze,Lazada,Songkhla,468,Shopee,COD,2,8,1,0,30-40,15.6,4.0,2.0,0.5,23,35,6549.3675,0.23,0.5,0.25,0.0,0.0,0,0,0.0,0.0,0,0,0.0,11936.9,1,1,1.0,26197.47,4,2,0.5,0
LGS2ORD0028172,C016442,2025-08-12 02:00:00,Male,51,Silver,Web,Remote_Area,396,TV_Show,PromptPay,2,8,1,0,>50,13.2,3.0,0.0,0.0,-1,76,6090.846666666667,0.3,0.3333333333333333,0.3333333333333333,0.0,0.0,0,0,0.0,0.0,0,0,0.0,3109.81,1,0,0.0,18272.54,3,0,0.0,0
LGS2ORD0028173,C014744,2025-08-12 02:00:00,Female,32,Platinum,TV,Chonburi,1393,CallCenter,COD,2,8,1,0,30-40,46.43333333333333,2.0,0.0,0.0,-1,27,4882.764999999999,0.15,0.0,0.0,0.0,0.0,0,0,0.0,556.72,1,0,0.0,556.72,1,0,0.0,9765.529999999999,2,0,0.0,0
LGS2ORD0028174,C012338,2025-08-12 03:00:00,Male,21,Bronze,Web,Khon Kaen,1643,Lazada,COD,3,8,1,0,20-30,54.766666666666666,2.0,2.0,1.0,188,195,1866.59,0.23,1.0,0.5,0.0,0.0,0,0,0.0,0.0,0,0,0.0,0.0,0,0,0.0,3733.18,2,2,1.0,1
LGS2ORD0028175,C014563,2025-08-12 03:00:00,Female,33,Bronze,Web,Bangkok,972,TV_Show,Credit_Card,3,8,1,0,30-40,32.4,3.0,1.0,0.3333333333333333,98,107,2050.3433333333332,0.23,0.6666666666666666,0.6666666666666666,0.0,0.0,0,0,0.0,0.0,0,0,0.0,0.0,0,0,0.0,6151.03,3,1,0.3333333333333333,0
LGS2ORD0028176,C015160,2025-08-12 03:00:00,Female,39,Gold,Web,Bangkok,959,CallCenter,COD,3,8,1,0,30-40,31.966666666666665,3.0,0.0,0.0,-1,33,8774.156666666666,0.18,0.0,0.0,0.0,0.0,0,0,0.0,0.0,0,0,0.0,4928.8,1,0,0.0,26322.469999999998,3,0,0.0,1
LGS2ORD0028177,C013102,2025-08-12 03:00:00,Female,48,Silver,Lazada,Khon Kaen,1297,CallCenter,COD,3,8,1,0,40-50,43.233333333333334,4.0,1.0,0.25,23,31,2510.6924999999997,0.3,0.5,0.75,0.0,0.0,0,0,0.0,0.0,0,0,0.0,3829.96,2,1,0.5,10042.769999999999,4,1,0.25,0
LGS2ORD0028178,C012258,2025-08-12 03:00:00,Male,41,Bronze,Shopee,Songkhla,1109,Lazada,Bank_Transfer,3,8,1,0,40-50,36.96666666666667,5.0,3.0,0.6,57,18,7884.447999999999,0.23,0.8,0.2,0.0,0.0,0,0,0.0,1567.36,1,0,0.0,17870.66,3,2,0.6666666666666666,39422.24,5,3,0.6,1
LGS2ORD0028179,C014030,2025-08-12 04:00:00,Female,62,Bronze,TV,Khon Kaen,683,Shopee,COD,4,8,1,0,>50,22.766666666666666,6.0,2.0,0.3333333333333333,7,16,3909.311666666667,0.28,0.8333333333333334,0.16666666666666666,0.0,0.0,0,0,0.0,7781.5599999999995,2,1,0.5,10585.93,3,1,0.3333333333333333,23455.870000000003,6,2,0.3333333333333333,0
LGS2ORD0028180,C017669,2025-08-12 04:00:00,Female,33,Bronze,TV,Remote_Area,701,Lazada,Credit_Card,4,8,1,0,30-40,23.366666666666667,9.0,3.0,0.3333333333333333,1,12,4936.573333333333,0.23,0.4444444444444444,0.2222222222222222,0.0,0.0,0,0,0.0,4394.25,2,1,0.5,11129.31,3,1,0.3333333333333333,44429.159999999996,9,3,0.3333333333333333,1
LGS2ORD0028181,C012895,2025-08-12 04:00:00,Female,46,Silver,Web,Khon Kaen,759,TV_Show,COD,4,8,1,0,40-50,25.3,3.0,2.0,0.6666666666666666,86,57,2019.2133333333334,0.2,0.3333333333333333,0.0,0.0,0.0,0,0,0.0,0.0,0,0,0.0,3711.57,1,0,0.0,6057.64,3,2,0.6666666666666666,1
LGS2ORD0028182,C011948,2025-08-12 04:00:00,Female,54,Gold,Shopee,Chonburi,807,Web,Credit_Card,4,8,1,0,>50,26.9,0.0,0.0,0.0,-1,-1,0.0,0.0,0.0,0.0,0.0,0.0,0,0,0.0,0.0,0,0,0.0,0.0,0,0,0.0,0.0,0,0,0.0,0
LGS2ORD0028183,C017821,2025-08-12 04:00:00,Female,46,Silver,Shopee,Nakhon Ratchasima,861,Web,COD,4,8,1,0,40-50,28.7,3.0,1.0,0.3333333333333333,71,43,9929.5,0.3,0.6666666666666666,0.3333333333333333,0.0,0.0,0,0,0.0,0.0,0,0,0.0,27952.56,2,1,0.5,29788.5,3,1,0.3333333333333333,1
LGS2ORD0028184,C017255,2025-08-12 05:00:00,Male,34,Silver,TV,Chiang Mai,1365,TV_Show,PromptPay,5,8,1,0,30-40,45.5,0.0,0.0,0.0,-1,-1,0.0,0.0,0.0,0.0,0.0,0.0,0,0,0.0,0.0,0,0,0.0,0.0,0,0,0.0,0.0,0,0,0.0,0
LGS2ORD0028185,C013542,2025-08-12 05:00:00,Female,22,Bronze,TV,Bangkok,1205,Shopee,COD,5,8,1,0,20-30,40.166666666666664,5.0,4.0,0.8,36,43,3278.436,0.23,0.6,0.2,0.0,0.0,0,0,0.0,0.0,0,0,0.0,7428.56,1,1,1.0,16392.18,5,4,0.8,1
LGS2ORD0028186,C015895,2025-08-12 05:00:00,Female,40,Silver,Shopee,Chiang Mai,823,Lazada,Credit_Card,5,8,1,0,30-40,27.433333333333334,1.0,1.0,1.0,182,196,936.58,0.05,1.0,0.0,0.0,0.0,0,0,0.0,0.0,0,0,0.0,0.0,0,0,0.0,936.58,1,1,1.0,0
LGS2ORD0028187,C017050,2025-08-12 05:00:00,Male,36,Platinum,TV,Nakhon Ratchasima,929,Lazada,COD,5,8,1,0,30-40,30.966666666666665,3.0,0.0,0.0,-1,53,3449.72,0.3,0.6666666666666666,1.0,0.0,0.0,0,0,0.0,0.0,0,0,0.0,1680.36,1,0,0.0,10349.16,3,0,0.0,0
LGS2ORD0028188,C017752,2025-08-12 05:00:00,Male,34,Silver,TV,Bangkok,1390,Web,Bank_Transfer,5,8,1,0,30-40,46.333333333333336,3.0,1.0,0.3333333333333333,173,60,7242.293333333332,0.25,0.6666666666666666,0.3333333333333333,0.0,0.0,0,0,0.0,0.0,0,0,0.0,14908.32,1,0,0.0,21726.879999999997,3,1,0.3333333333333333,0
LGS2ORD0028189,C016112,2025-08-12 06:00:00,Male,37,Silver,TV,Bangkok,1147,CallCenter,Bank_Transfer,6,8,1,0,30-40,38.233333333333334,3.0,0.0,0.0,-1,93,5034.31,0.3,0.0,0.3333333333333333,0.0,0.0,0,0,0.0,0.0,0,0,0.0,0.0,0,0,0.0,15102.93,3,0,0.0,0
LGS2ORD0028190,C015819,2025-08-12 06:00:00,Female,29,Bronze,TV,Bangkok,554,Web,PromptPay,6,8,1,0,20-30,18.466666666666665,6.0,0.0,0.0,-1,22,2566.598333333333,0.18,0.3333333333333333,0.0,0.0,0.0,0,0,0.0,4083.13,2,0,0.0,14075.0,4,0,0.0,15399.589999999998,6,0,0.0,0
LGS2ORD0028191,C011210,2025-08-12 06:00:00,Other,35,Bronze,TV,Songkhla,605,TV_Show,COD,6,8,1,0,30-40,20.166666666666668,2.0,0.0,0.0,-1,130,5517.345,0.18,0.5,0.0,0.0,0.0,0,0,0.0,0.0,0,0,0.0,0.0,0,0,0.0,11034.69,2,0,0.0,1
LGS2ORD0028192,C013346,2025-08-12 06:00:00,Male,55,Silver,Shopee,Chonburi,753,Shopee,Credit_Card,6,8,1,0,>50,25.1,3.0,1.0,0.3333333333333333,131,12,3276.33,0.3,0.6666666666666666,0.6666666666666666,0.0,0.0,0,0,0.0,2194.09,1,0,0.0,2194.09,1,0,0.0,9828.99,3,1,0.3333333333333333,0
LGS2ORD0028193,C014805,2025-08-12 06:00:00,Male,41,Bronze,TV,Chonburi,761,Web,COD,6,8,1,0,40-50,25.366666666666667,4.0,0.0,0.0,-1,70,2345.05,0.08,0.5,0.0,0.0,0.0,0,0,0.0,0.0,0,0,0.0,1461.5,1,0,0.0,9380.2,4,0,0.0,0
LGS2ORD0028194,C016558,2025-08-12 06:00:00,Female,21,Bronze,Web,Bangkok,874,CallCenter,Credit_Card,6,8,1,0,20-30,29.133333333333333,1.0,0.0,0.0,-1,98,1412.93,0.18,0.0,0.0,0.0,0.0,0,0,0.0,0.0,0,0,0.0,0.0,0,0,0.0,1412.93,1,0,0.0,0
LGS2ORD0028195,C015471,2025-08-12 07:00:00,Male,27,Silver,Web,Chiang Mai,749,Lazada,Credit_Card,7,8,1,0,20-30,24.966666666666665,5.0,2.0,0.4,-3,8,1730.1779999999999,0.3,0.6,0.6,0.0,0.0,0,0,0.0,3257.98,2,1,0.5,4583.58,3,1,0.3333333333333333,8650.89,5,2,0.4,0
LGS2ORD0028196,C017580,2025-08-12 07:00:00,Male,35,Bronze,TV,Bangkok,1412,TV_Show,PromptPay,7,8,1,0,30-40,47.06666666666667,3.0,1.0,0.3333333333333333,42,44,15359.786666666665,0.28,0.6666666666666666,0.3333333333333333,0.0,0.0,0,0,0.0,0.0,0,0,0.0,28686.76,2,1,0.5,46079.35999999999,3,1,0.3333333333333333,0
LGS2ORD0028197,C013768,2025-08-12 07:00:00,Male,39,Platinum,Lazada,Chiang Mai,1256,CallCenter,COD,7,8,1,0,30-40,41.86666666666667,5.0,2.0,0.4,182,50,2345.5260000000003,0.3,0.8,0.8,0.0,0.0,0,0,0.0,0.0,0,0,0.0,6111.23,3,0,0.0,11727.630000000001,5,2,0.4,0
LGS2ORD0028198,C015486,2025-08-12 07:00:00,Female,21,Bronze,Shopee,Khon Kaen,1276,Shopee,COD,7,8,1,0,20-30,42.53333333333333,4.0,2.0,0.5,119,52,2834.1050000000005,0.28,0.75,0.25,0.0,0.0,0,0,0.0,0.0,0,0,0.0,5550.22,1,0,0.0,11336.420000000002,4,2,0.5,0
LGS2ORD0028199,C012918,2025-08-12 07:00:00,Female,58,Gold,Web,Bangkok,1078,TV_Show,COD,7,8,1,0,>50,35.93333333333333,2.0,1.0,0.5,141,81,7239.280000000001,0.33,0.0,0.5,0.0,0.0,0,0,0.0,0.0,0,0,0.0,2061.54,1,0,0.0,14478.560000000001,2,1,0.5,1
LGS2ORD0028200,C012005,2025-08-12 08:00:00,Male,71,Gold,TV,Nakhon Ratchasima,1523,Lazada,COD,8,8,1,0,>50,50.766666666666666,8.0,0.0,0.0,-1,16,3310.5275,0.33,0.5,0.5,0.0,0.0,0,0,0.0,436.23,1,0,0.0,14838.01,5,0,0.0,26484.22,8,0,0.0,0
LGS2ORD0028201,C016580,2025-08-12 08:00:00,Female,32,Bronze,Web,Bangkok,632,CallCenter,COD,8,8,1,0,30-40,21.066666666666666,4.0,1.0,0.25,-3,2,4396.7675,0.28,1.0,0.75,0.0,3087.26,1,1,1.0,7119.23,2,1,0.5,7119.23,2,1,0.5,17587.07,4,1,0.25,1
LGS2ORD0028202,C010530,2025-08-12 08:00:00,Female,50,Silver,TV,Chonburi,1419,Shopee,COD,8,8,1,0,40-50,47.3,0.0,0.0,0.0,-1,-1,0.0,0.0,0.0,0.0,0.0,0.0,0,0,0.0,0.0,0,0,0.0,0.0,0,0,0.0,0.0,0,0,0.0,0
LGS2ORD0028203,C012277,2025-08-12 08:00:00,Male,34,Gold,Shopee,Bangkok,437,Lazada,PromptPay,8,8,1,0,30-40,14.566666666666666,1.0,0.0,0.0,-1,127,3195.61,0.18,0.0,0.0,0.0,0.0,0,0,0.0,0.0,0,0,0.0,0.0,0,0,0.0,3195.61,1,0,0.0,0
LGS2ORD0028204,C013940,2025-08-12 08:00:00,Other,45,Gold,Shopee,Nakhon Ratchasima,502,Shopee,COD,8,8,1,0,40-50,16.733333333333334,6.0,1.0,0.16666666666666666,129,11,7292.59,0.33,0.6666666666666666,0.6666666666666666,0.0,0.0,0,0,0.0,11323.279999999999,2,0,0.0,22573.93,4,0,0.0,43755.54,6,1,0.16666666666666666,0
LGS2ORD0028205,C016531,2025-08-12 09:00:00,Male,28,Gold,Web,Khon Kaen,1306,Shopee,Credit_Card,9,8,1,0,20-30,43.53333333333333,4.0,0.0,0.0,-1,20,5985.259999999999,0.33,0.25,0.25,0.0,0.0,0,0,0.0,2251.87,1,0,0.0,2251.87,1,0,0.0,23941.039999999997,4,0,0.0,0
LGS2ORD0028206,C013609,2025-08-12 09:00:00,Male,45,Bronze,CallCenter,Songkhla,1421,TV_Show,PromptPay,9,8,1,0,40-50,47.36666666666667,2.0,0.0,0.0,-1,78,3145.48,0.28,0.0,0.5,0.0,0.0,0,0,0.0,0.0,0,0,0.0,1713.88,1,0,0.0,6290.96,2,0,0.0,0
LGS2ORD0028207,C015155,2025-08-12 09:00:00,Male,30,Platinum,Web,Nakhon Ratchasima,402,TV_Show,COD,9,8,1,0,20-30,13.4,4.0,1.0,0.25,-5,4,1877.2675000000002,0.35,0.5,0.5,0.0,581.72,1,0,0.0,3944.5299999999997,2,1,0.5,3944.5299999999997,2,1,0.5,7509.070000000001,4,1,0.25,0
LGS2ORD0028208,C016464,2025-08-12 09:00:00,Male,23,Gold,Shopee,Nakhon Ratchasima,1529,Shopee,COD,9,8,1,0,20-30,50.96666666666667,3.0,1.0,0.3333333333333333,99,37,6297.243333333333,0.28,0.6666666666666666,1.0,0.0,0.0,0,0,0.0,0.0,0,0,0.0,7715.43,2,0,0.0,18891.73,3,1,0.3333333333333333,0
LGS2ORD0028209,C013119,2025-08-12 09:00:00,Male,38,Bronze,Lazada,Chiang Mai,1281,Web,Credit_Card,9,8,1,0,30-40,42.7,2.0,0.0,0.0,-1,136,12814.96,0.23,0.5,0.5,0.0,0.0,0,0,0.0,0.0,0,0,0.0,0.0,0,0,0.0,25629.92,2,0,0.0,0
LGS2ORD0028210,C010180,2025-08-12 10:00:00,Female,43,Gold,Lazada,Bangkok,1538,TV_Show,Bank_Transfer,10,8,1,0,40-50,51.266666666666666,3.0,2.0,0.6666666666666666,1,14,7719.18,0.2299999999999999,0.0,0.3333333333333333,0.0,0.0,0,0,0.0,10869.37,1,1,1.0,10869.37,1,1,1.0,23157.54,3,2,0.6666666666666666,0
LGS2ORD0028211,C011866,2025-08-12 10:00:00,Male,24,Silver,Shopee,Bangkok,386,Web,Bank_Transfer,10,8,1,0,20-30,12.866666666666667,0.0,0.0,0.0,-1,-1,0.0,0.0,0.0,0.0,0.0,0.0,0,0,0.0,0.0,0,0,0.0,0.0,0,0,0.0,0.0,0,0,0.0,0
LGS2ORD0028212,C010294,2025-08-12 10:00:00,Female,46,Silver,Lazada,Phuket,536,Shopee,Credit_Card,10,8,1,0,40-50,17.866666666666667,4.0,1.0,0.25,146,19,3678.8275,0.15,0.5,0.0,0.0,0.0,0,0,0.0,1352.73,1,0,0.0,2435.26,2,0,0.0,14715.31,4,1,0.25,1
LGS2ORD0028213,C011526,2025-08-12 10:00:00,Female,42,Bronze,TV,Bangkok,1683,Web,COD,10,8,1,0,40-50,56.1,1.0,0.0,0.0,-1,175,5192.62,0.03,1.0,0.0,0.0,0.0,0,0,0.0,0.0,0,0,0.0,0.0,0,0,0.0,5192.62,1,0,0.0,0
LGS2ORD0028214,C016716,2025-08-12 10:00:00,Female,48,Silver,Lazada,Bangkok,446,CallCenter,COD,10,8,1,0,40-50,14.866666666666667,5.0,0.0,0.0,-1,51,4337.46,0.3,0.6,0.4,0.0,0.0,0,0,0.0,0.0,0,0,0.0,2470.45,1,0,0.0,21687.3,5,0,0.0,0
LGS2ORD0028215,C013024,2025-08-12 10:00:00,Male,37,Bronze,Lazada,Khon Kaen,1522,TV_Show,COD,10,8,1,0,30-40,50.733333333333334,3.0,0.0,0.0,-1,172,5816.393333333333,0.28,0.6666666666666666,0.3333333333333333,0.0,0.0,0,0,0.0,0.0,0,0,0.0,0.0,0,0,0.0,17449.18,3,0,0.0,0
LGS2ORD0028216,C013709,2025-08-12 11:00:00,Male,27,Bronze,TV,Phuket,1248,TV_Show,COD,11,8,1,0,20-30,41.6,4.0,0.0,0.0,-1,25,5076.5975,0.18,0.5,0.0,0.0,0.0,0,0,0.0,1833.45,1,0,0.0,1833.45,1,0,0.0,20306.39,4,0,0.0,1
LGS2ORD0028217,C014385,2025-08-12 11:00:00,Male,60,Silver,CallCenter,Khon Kaen,432,TV_Show,PromptPay,11,8,1,0,>50,14.4,1.0,0.0,0.0,-1,71,26259.31,0.2,1.0,0.0,0.0,0.0,0,0,0.0,0.0,0,0,0.0,26259.31,1,0,0.0,26259.31,1,0,0.0,0
LGS2ORD0028218,C011569,2025-08-12 11:00:00,Male,34,Bronze,TV,Remote_Area,750,Shopee,COD,11,8,1,0,30-40,25.0,6.0,3.0,0.5,-7,0,2900.876666666667,0.28,0.8333333333333334,0.16666666666666666,0.0,1860.66,1,1,1.0,3100.8100000000004,2,1,0.5,4709.17,3,2,0.6666666666666666,17405.260000000002,6,3,0.5,1
LGS2ORD0028219,C013230,2025-08-12 11:00:00,Male,54,Bronze,TV,Nakhon Ratchasima,1223,Web,COD,11,8,1,0,>50,40.766666666666666,3.0,0.0,0.0,-1,48,3316.343333333333,0.28,0.0,0.3333333333333333,0.0,0.0,0,0,0.0,0.0,0,0,0.0,2592.17,1,0,0.0,9949.029999999999,3,0,0.0,0
LGS2ORD0028220,C017281,2025-08-12 11:00:00,Female,51,Silver,Web,Chonburi,1677,TV_Show,COD,11,8,1,0,>50,55.9,3.0,0.0,0.0,-1,3,2209.21,0.2,0.0,0.0,0.0,733.79,1,0,0.0,733.79,1,0,0.0,2241.87,2,0,0.0,6627.63,3,0,0.0,1
LGS2ORD0028221,C014302,2025-08-12 12:00:00,Male,42,Silver,Web,Bangkok,399,Lazada,Bank_Transfer,12,8,1,0,40-50,13.3,1.0,0.0,0.0,-1,126,348.79,0.05,0.0,0.0,0.0,0.0,0,0,0.0,0.0,0,0,0.0,0.0,0,0,0.0,348.79,1,0,0.0,0
LGS2ORD0028222,C011472,2025-08-12 12:00:00,Male,22,Bronze,Lazada,Chonburi,353,CallCenter,Bank_Transfer,12,8,1,0,20-30,11.766666666666667,4.0,0.0,0.0,-1,89,6471.6925,0.23,0.75,0.25,0.0,0.0,0,0,0.0,0.0,0,0,0.0,7406.73,1,0,0.0,25886.77,4,0,0.0,1
LGS2ORD0028223,C014696,2025-08-12 12:00:00,Female,44,Bronze,TV,Chiang Mai,932,Shopee,COD,12,8,1,0,40-50,31.066666666666666,2.0,0.0,0.0,-1,79,3521.915,0.23,0.0,0.5,0.0,0.0,0,0,0.0,0.0,0,0,0.0,7043.83,2,0,0.0,7043.83,2,0,0.0,0
LGS2ORD0028224,C017463,2025-08-12 12:00:00,Male,43,Silver,Web,Phuket,398,TV_Show,COD,12,8,1,0,40-50,13.266666666666667,3.0,1.0,0.3333333333333333,7,16,2211.556666666667,0.2,0.0,0.0,0.0,0.0,0,0,0.0,5908.3,2,1,0.5,5908.3,2,1,0.5,6634.67,3,1,0.3333333333333333,1
LGS2ORD0028225,C013005,2025-08-12 12:00:00,Female,39,Gold,Lazada,Chiang Mai,856,Lazada,Credit_Card,12,8,1,0,30-40,28.533333333333335,5.0,0.0,0.0,-1,45,5825.908,0.28,0.4,0.8,0.0,0.0,0,0,0.0,0.0,0,0,0.0,4855.83,1,0,0.0,29129.54,5,0,0.0,0
LGS2ORD0028226,C014799,2025-08-12 13:00:00,Female,70,Bronze,TV,Khon Kaen,1209,Lazada,Bank_Transfer,13,8,1,0,>50,40.3,2.0,0.0,0.0,-1,184,1122.1499999999999,0.03,0.0,0.0,0.0,0.0,0,0,0.0,0.0,0,0,0.0,0.0,0,0,0.0,2244.2999999999997,2,0,0.0,0
LGS2ORD0028227,C016408,2025-08-12 13:00:00,Female,57,Bronze,Web,Bangkok,1510,TV_Show,COD,13,8,1,0,>50,50.333333333333336,5.0,2.0,0.4,77,7,5233.495999999999,0.23,0.6,0.4,0.0,0.0,0,0,0.0,1250.78,1,0,0.0,12335.02,2,0,0.0,26167.479999999996,5,2,0.4,0
LGS2ORD0028228,C017538,2025-08-12 13:00:00,Female,38,Gold,Web,Bangkok,1406,Lazada,COD,13,8,1,0,30-40,46.86666666666667,6.0,2.0,0.3333333333333333,100,67,7953.425,0.33,0.8333333333333334,0.5,0.0,0.0,0,0,0.0,0.0,0,0,0.0,11022.84,1,0,0.0,47720.55,6,2,0.3333333333333333,0
LGS2ORD0028229,C012532,2025-08-12 13:00:00,Female,35,Bronze,CallCenter,Phuket,1265,TV_Show,PromptPay,13,8,1,0,30-40,42.166666666666664,4.0,1.0,0.25,212,83,2164.325,0.23,0.5,0.25,0.0,0.0,0,0,0.0,0.0,0,0,0.0,4159.35,2,0,0.0,8657.3,4,1,0.25,0
LGS2ORD0028230,C012613,2025-08-12 13:00:00,Female,24,Silver,CallCenter,Chonburi,693,Shopee,Credit_Card,13,8,1,0,20-30,23.1,2.0,0.0,0.0,-1,73,1003.6800000000001,0.3,0.0,1.0,0.0,0.0,0,0,0.0,0.0,0,0,0.0,1189.66,1,0,0.0,2007.3600000000001,2,0,0.0,0
LGS2ORD0028231,C012045,2025-08-12 14:00:00,Male,28,Bronze,Lazada,Bangkok,951,Shopee,COD,14,8,1,0,20-30,31.7,2.0,0.0,0.0,-1,125,1298.165,0.18,0.5,0.0,0.0,0.0,0,0,0.0,0.0,0,0,0.0,0.0,0,0,0.0,2596.33,2,0,0.0,0
LGS2ORD0028232,C010847,2025-08-12 14:00:00,Female,43,Gold,Web,Bangkok,778,TV_Show,Credit_Card,14,8,1,0,40-50,25.933333333333334,3.0,1.0,0.3333333333333333,8,20,4184.429999999999,0.2299999999999999,0.6666666666666666,0.3333333333333333,0.0,0.0,0,0,0.0,1486.06,1,1,1.0,1486.06,1,1,1.0,12553.289999999999,3,1,0.3333333333333333,0
LGS2ORD0028233,C012231,2025-08-12 14:00:00,Male,23,Bronze,CallCenter,Remote_Area,1680,TV_Show,Credit_Card,14,8,1,0,20-30,56.0,3.0,1.0,0.3333333333333333,-4,13,10561.016666666666,0.23,0.6666666666666666,0.3333333333333333,0.0,0.0,0,0,0.0,23282.48,1,1,1.0,26567.95,2,1,0.5,31683.05,3,1,0.3333333333333333,0
LGS2ORD0028234,C017736,2025-08-12 14:00:00,Male,45,Gold,Lazada,Chonburi,808,Lazada,COD,14,8,1,0,40-50,26.933333333333334,3.0,1.0,0.3333333333333333,124,133,1302.7266666666667,0.28,0.6666666666666666,0.6666666666666666,0.0,0.0,0,0,0.0,0.0,0,0,0.0,0.0,0,0,0.0,3908.1800000000003,3,1,0.3333333333333333,0
LGS2ORD0028235,C011154,2025-08-12 14:00:00,Male,18,Bronze,Web,Nakhon Ratchasima,1226,TV_Show,COD,14,8,1,0,<20,40.86666666666667,4.0,0.0,0.0,-1,10,15824.285,0.18,0.5,0.0,0.0,0.0,0,0,0.0,13367.07,1,0,0.0,39878.17,2,0,0.0,63297.14,4,0,0.0,1
LGS2ORD0028236,C016273,2025-08-12 14:00:00,Female,55,Gold,TV,Phuket,262,Web,COD,14,8,1,0,>50,8.733333333333333,4.0,2.0,0.5,49,65,7308.4974999999995,0.28,0.5,0.75,0.0,0.0,0,0,0.0,0.0,0,0,0.0,2201.23,1,1,1.0,29233.989999999998,4,2,0.5,1
LGS2ORD0028237,C012887,2025-08-12 15:00:00,Female,57,Bronze,Shopee,Chonburi,1419,Shopee,COD,15,8,1,0,>50,47.3,7.0,6.0,0.8571428571428571,7,22,5975.858571428572,0.28,1.0,0.2857142857142857,0.0,0.0,0,0,0.0,5262.86,1,1,1.0,12346.73,2,2,1.0,41831.01,7,6,0.8571428571428571,0
LGS2ORD0028238,C015859,2025-08-12 15:00:00,Male,51,Bronze,Web,Bangkok,1515,Shopee,COD,15,8,1,0,>50,50.5,4.0,0.0,0.0,-1,71,13647.205,0.28,0.5,0.5,0.0,0.0,0,0,0.0,0.0,0,0,0.0,29305.739999999998,2,0,0.0,54588.82,4,0,0.0,0
LGS2ORD0028239,C015720,2025-08-12 15:00:00,Other,37,Bronze,Shopee,Remote_Area,1317,Lazada,COD,15,8,1,0,30-40,43.9,8.0,2.0,0.25,41,37,3442.45125,0.28,0.25,0.625,0.0,0.0,0,0,0.0,0.0,0,0,0.0,15569.460000000001,3,1,0.3333333333333333,27539.61,8,2,0.25,1
LGS2ORD0028240,C015888,2025-08-12 15:00:00,Male,34,Gold,Shopee,Khon Kaen,881,TV_Show,PromptPay,15,8,1,0,30-40,29.366666666666667,6.0,1.0,0.16666666666666666,-3,6,2362.5016666666666,0.2299999999999999,0.16666666666666666,0.6666666666666666,0.0,6269.77,1,1,1.0,7851.1900000000005,2,1,0.5,8330.210000000001,3,1,0.3333333333333333,14175.01,6,1,0.16666666666666666,0
LGS2ORD0028241,C013876,2025-08-12 15:00:00,Female,37,Bronze,Shopee,Songkhla,1185,Shopee,COD,15,8,1,0,30-40,39.5,4.0,2.0,0.5,34,40,5105.1849999999995,0.28,0.75,0.25,0.0,0.0,0,0,0.0,0.0,0,0,0.0,15257.5,3,1,0.3333333333333333,20420.739999999998,4,2,0.5,1
LGS2ORD0028242,C017703,2025-08-12 16:00:00,Female,54,Bronze,TV,Chiang Mai,1017,Lazada,COD,16,8,1,0,>50,33.9,4.0,1.0,0.25,74,85,3344.755,0.18,0.5,0.0,0.0,0.0,0,0,0.0,0.0,0,0,0.0,2074.54,1,1,1.0,13379.02,4,1,0.25,0
LGS2ORD0028243,C013268,2025-08-12 16:00:00,Female,19,Gold,Web,Chonburi,1330,CallCenter,PromptPay,16,8,1,0,<20,44.333333333333336,2.0,0.0,0.0,-1,119,1989.8400000000001,0.13,0.0,0.0,0.0,0.0,0,0,0.0,0.0,0,0,0.0,0.0,0,0,0.0,3979.6800000000003,2,0,0.0,0
LGS2ORD0028244,C013623,2025-08-12 16:00:00,Female,47,Bronze,TV,Chonburi,1656,TV_Show,Credit_Card,16,8,1,0,40-50,55.2,8.0,3.0,0.375,-2,6,9626.975,0.28,0.75,0.5,0.0,1555.93,1,0,0.0,9269.130000000001,3,1,0.3333333333333333,63012.899999999994,6,2,0.3333333333333333,77015.8,8,3,0.375,1
LGS2ORD0028245,C011250,2025-08-12 16:00:00,Female,43,Gold,Lazada,Bangkok,440,Web,PromptPay,16,8,1,0,40-50,14.666666666666666,3.0,0.0,0.0,-1,37,15690.626666666665,0.33,0.6666666666666666,0.3333333333333333,0.0,0.0,0,0,0.0,0.0,0,0,0.0,17397.92,2,0,0.0,47071.88,3,0,0.0,0
LGS2ORD0028246,C012112,2025-08-12 16:00:00,Female,56,Bronze,TV,Chiang Mai,772,TV_Show,Credit_Card,16,8,1,0,>50,25.733333333333334,1.0,0.0,0.0,-1,18,4722.44,0.08,0.0,0.0,0.0,0.0,0,0,0.0,4722.44,1,0,0.0,4722.44,1,0,0.0,4722.44,1,0,0.0,0
LGS2ORD0028247,C012717,2025-08-12 17:00:00,Male,58,Bronze,Shopee,Chonburi,1481,Lazada,Bank_Transfer,17,8,1,0,>50,49.36666666666667,10.0,2.0,0.2,31,3,4710.633,0.23,0.4,0.2,0.0,1795.57,1,0,0.0,1795.57,1,0,0.0,32165.09,4,1,0.25,47106.33,10,2,0.2,0
LGS2ORD0028248,C011648,2025-08-12 17:00:00,Female,41,Silver,TV,Bangkok,558,TV_Show,COD,17,8,1,0,40-50,18.6,4.0,0.0,0.0,-1,83,1525.08,0.3,0.5,0.75,0.0,0.0,0,0,0.0,0.0,0,0,0.0,388.33,1,0,0.0,6100.32,4,0,0.0,0
LGS2ORD0028249,C010497,2025-08-12 17:00:00,Female,56,Silver,Lazada,Khon Kaen,312,Web,Credit_Card,17,8,1,0,>50,10.4,4.0,2.0,0.5,112,64,11444.422499999999,0.25,0.75,0.25,0.0,0.0,0,0,0.0,0.0,0,0,0.0,1440.27,1,0,0.0,45777.689999999995,4,2,0.5,0
LGS2ORD0028250,C017938,2025-08-12 17:00:00,Male,38,Bronze,Shopee,Remote_Area,844,Lazada,COD,17,8,1,0,30-40,28.133333333333333,6.0,2.0,0.3333333333333333,53,9,5637.661666666667,0.28,0.5,0.3333333333333333,0.0,0.0,0,0,0.0,18555.36,1,0,0.0,20017.43,2,1,0.5,33825.97,6,2,0.3333333333333333,0
LGS2ORD0028251,C015765,2025-08-12 17:00:00,Female,28,Bronze,Shopee,Bangkok,257,TV_Show,Credit_Card,17,8,1,0,20-30,8.566666666666666,6.0,0.0,0.0,-1,52,4430.258333333333,0.28,0.6666666666666666,0.16666666666666666,0.0,0.0,0,0,0.0,0.0,0,0,0.0,3787.7799999999997,2,0,0.0,26581.55,6,0,0.0,0
LGS2ORD0028252,C016971,2025-08-12 17:00:00,Male,46,Bronze,TV,Songkhla,600,TV_Show,COD,17,8,1,0,40-50,20.0,1.0,0.0,0.0,-1,134,1040.92,0.08,0.0,0.0,0.0,0.0,0,0,0.0,0.0,0,0,0.0,0.0,0,0,0.0,1040.92,1,0,0.0,0
LGS2ORD0028253,C015055,2025-08-12 18:00:00,Male,41,Gold,TV,Bangkok,792,Shopee,COD,18,8,1,0,40-50,26.4,3.0,1.0,0.3333333333333333,101,54,1805.3666666666668,0.33,0.6666666666666666,0.3333333333333333,0.0,0.0,0,0,0.0,0.0,0,0,0.0,1141.34,1,0,0.0,5416.1,3,1,0.3333333333333333,1
LGS2ORD0028254,C012886,2025-08-12 18:00:00,Female,27,Bronze,Web,Nakhon Ratchasima,1212,Shopee,COD,18,8,1,0,20-30,40.4,1.0,0.0,0.0,-1,165,4983.59,0.03,0.0,0.0,0.0,0.0,0,0,0.0,0.0,0,0,0.0,0.0,0,0,0.0,4983.59,1,0,0.0,1
LGS2ORD0028255,C016922,2025-08-12 18:00:00,Male,47,Gold,Shopee,Bangkok,408,CallCenter,Credit_Card,18,8,1,0,40-50,13.6,3.0,1.0,0.3333333333333333,94,94,4610.21,0.28,0.3333333333333333,0.6666666666666666,0.0,0.0,0,0,0.0,0.0,0,0,0.0,0.0,0,0,0.0,13830.63,3,1,0.3333333333333333,0
LGS2ORD0028256,C011990,2025-08-12 18:00:00,Female,51,Bronze,TV,Songkhla,839,Shopee,COD,18,8,1,0,>50,27.966666666666665,3.0,0.0,0.0,-1,91,3694.5,0.23,0.3333333333333333,0.3333333333333333,0.0,0.0,0,0,0.0,0.0,0,0,0.0,0.0,0,0,0.0,11083.5,3,0,0.0,1
LGS2ORD0028257,C013259,2025-08-12 18:00:00,Female,58,Silver,TV,Chonburi,547,Lazada,Credit_Card,18,8,1,0,>50,18.233333333333334,3.0,1.0,0.3333333333333333,171,133,3191.056666666667,0.3,0.3333333333333333,0.3333333333333333,0.0,0.0,0,0,0.0,0.0,0,0,0.0,0.0,0,0,0.0,9573.17,3,1,0.3333333333333333,0
LGS2ORD0028258,C016271,2025-08-12 19:00:00,Female,53,Silver,TV,Bangkok,1121,TV_Show,Credit_Card,19,8,1,0,>50,37.36666666666667,2.0,0.0,0.0,-1,39,6573.545,0.1,0.5,0.0,0.0,0.0,0,0,0.0,0.0,0,0,0.0,4703.58,1,0,0.0,13147.09,2,0,0.0,0
LGS2ORD0028259,C016417,2025-08-12 19:00:00,Male,46,Bronze,Lazada,Songkhla,320,CallCenter,PromptPay,19,8,1,0,40-50,10.666666666666666,4.0,3.0,0.75,25,36,5876.1425,0.13,1.0,0.0,0.0,0.0,0,0,0.0,0.0,0,0,0.0,19759.2,3,3,1.0,23504.57,4,3,0.75,1
LGS2ORD0028260,C010248,2025-08-12 19:00:00,Female,63,Platinum,Shopee,Bangkok,450,Web,PromptPay,19,8,1,0,>50,15.0,6.0,1.0,0.16666666666666666,170,2,2636.058333333333,0.3,0.6666666666666666,0.3333333333333333,0.0,2904.56,2,0,0.0,2904.56,2,0,0.0,6997.81,3,0,0.0,15816.349999999999,6,1,0.16666666666666666,0
LGS2ORD0028261,C010328,2025-08-12 19:00:00,Female,33,Silver,TV,Chiang Mai,255,Lazada,COD,19,8,1,0,30-40,8.5,2.0,2.0,1.0,111,123,4070.02,0.2,0.0,0.0,0.0,0.0,0,0,0.0,0.0,0,0,0.0,0.0,0,0,0.0,8140.04,2,2,1.0,0
LGS2ORD0028262,C016878,2025-08-12 19:00:00,Male,18,Gold,TV,Bangkok,1368,Lazada,COD,19,8,1,0,<20,45.6,0.0,0.0,0.0,-1,-1,0.0,0.0,0.0,0.0,0.0,0.0,0,0,0.0,0.0,0,0,0.0,0.0,0,0,0.0,0.0,0,0,0.0,1
LGS2ORD0028263,C014911,2025-08-12 20:00:00,Male,39,Bronze,Web,Bangkok,660,Web,Bank_Transfer,20,8,1,0,30-40,22.0,8.0,4.0,0.5,67,26,5742.11,0.23,0.25,0.375,0.0,0.0,0,0,0.0,13092.94,2,0,0.0,22986.71,4,1,0.25,45936.88,8,4,0.5,0
LGS2ORD0028264,C010578,2025-08-12 20:00:00,Female,52,Bronze,TV,Chiang Mai,838,Shopee,COD,20,8,1,0,>50,27.933333333333334,3.0,2.0,0.6666666666666666,-4,10,1641.6866666666665,0.08,0.3333333333333333,0.0,0.0,0.0,0,0,0.0,405.94,1,1,1.0,405.94,1,1,1.0,4925.0599999999995,3,2,0.6666666666666666,0
LGS2ORD0028265,C017932,2025-08-12 20:00:00,Male,57,Platinum,Web,Songkhla,884,Shopee,Credit_Card,20,8,1,0,>50,29.466666666666665,2.0,2.0,1.0,32,41,1645.73,0.35,0.5,0.5,0.0,0.0,0,0,0.0,0.0,0,0,0.0,588.85,1,1,1.0,3291.46,2,2,1.0,0
LGS2ORD0028266,C015175,2025-08-12 20:00:00,Female,26,Bronze,Web,Remote_Area,646,Web,COD,20,8,1,0,20-30,21.533333333333335,3.0,0.0,0.0,-1,9,2439.5499999999997,0.23,1.0,0.3333333333333333,0.0,0.0,0,0,0.0,5648.54,1,0,0.0,5648.54,1,0,0.0,7318.65,3,0,0.0,0
LGS2ORD0028267,C013704,2025-08-12 20:00:00,Male,42,Bronze,TV,Khon Kaen,1427,Lazada,Credit_Card,20,8,1,0,40-50,47.56666666666667,3.0,0.0,0.0,-1,24,6841.8,0.28,0.6666666666666666,0.3333333333333333,0.0,0.0,0,0,0.0,1739.74,1,0,0.0,1739.74,1,0,0.0,20525.4,3,0,0.0,0
LGS2ORD0028268,C015353,2025-08-12 21:00:00,Female,43,Bronze,TV,Chonburi,1101,TV_Show,COD,21,8,1,0,40-50,36.7,3.0,1.0,0.3333333333333333,52,13,6232.473333333334,0.18,0.6666666666666666,0.0,0.0,0.0,0,0,0.0,892.95,1,0,0.0,4884.2,2,1,0.5,18697.420000000002,3,1,0.3333333333333333,1
LGS2ORD0028269,C014967,2025-08-12 21:00:00,Male,25,Gold,Web,Khon Kaen,577,TV_Show,COD,21,8,1,0,20-30,19.233333333333334,6.0,0.0,0.0,-1,32,4477.046666666666,0.2299999999999999,0.3333333333333333,0.3333333333333333,0.0,0.0,0,0,0.0,0.0,0,0,0.0,15396.130000000001,2,0,0.0,26862.28,6,0,0.0,1
LGS2ORD0028270,C010644,2025-08-12 21:00:00,Male,55,Bronze,Lazada,Bangkok,855,Web,COD,21,8,1,0,>50,28.5,7.0,1.0,0.14285714285714285,198,28,13816.467142857144,0.28,0.42857142857142855,0.14285714285714285,0.0,0.0,0,0,0.0,3733.64,1,0,0.0,19279.1,2,0,0.0,96715.27,7,1,0.14285714285714285,0
LGS2ORD0028271,C010388,2025-08-12 21:00:00,Female,38,Bronze,CallCenter,Chonburi,1558,Web,COD,21,8,1,0,30-40,51.93333333333333,3.0,0.0,0.0,-1,7,7202.496666666667,0.23,0.3333333333333333,0.3333333333333333,0.0,0.0,0,0,0.0,18723.7,1,0,0.0,18723.7,1,0,0.0,21607.49,3,0,0.0,0
LGS2ORD0028272,C010389,2025-08-12 21:00:00,Male,46,Bronze,Shopee,Phuket,322,Web,COD,21,8,1,0,40-50,10.733333333333333,4.0,1.0,0.25,28,5,4916.6725,0.08,0.0,0.0,0.0,1770.96,1,0,0.0,1770.96,1,0,0.0,6331.86,2,1,0.5,19666.69,4,1,0.25,0
LGS2ORD0028273,C016560,2025-08-12 21:00:00,Male,71,Bronze,Lazada,Bangkok,1520,Web,Credit_Card,21,8,1,0,>50,50.666666666666664,7.0,3.0,0.42857142857142855,53,33,4776.848571428572,0.28,0.8571428571428571,0.2857142857142857,0.0,0.0,0,0,0.0,0.0,0,0,0.0,8753.83,3,1,0.3333333333333333,33437.94,7,3,0.42857142857142855,0
LGS2ORD0028274,C010529,2025-08-12 22:00:00,Female,50,Bronze,CallCenter,Bangkok,1581,TV_Show,COD,22,8,1,0,40-50,52.7,3.0,0.0,0.0,-1,16,5647.196666666667,0.23,0.3333333333333333,0.3333333333333333,0.0,0.0,0,0,0.0,2854.91,1,0,0.0,13422.22,2,0,0.0,16941.59,3,0,0.0,0
LGS2ORD0028275,C012926,2025-08-12 22:00:00,Male,18,Bronze,Shopee,Chiang Mai,517,CallCenter,COD,22,8,1,0,<20,17.233333333333334,4.0,2.0,0.5,186,20,7909.32,0.23,0.5,0.5,0.0,0.0,0,0,0.0,13241.9,1,0,0.0,13241.9,1,0,0.0,31637.28,4,2,0.5,1
LGS2ORD0028276,C011004,2025-08-12 22:00:00,Female,50,Bronze,TV,Chonburi,1141,Web,COD,22,8,1,0,40-50,38.03333333333333,2.0,0.0,0.0,-1,50,1620.85,0.13,0.5,0.0,0.0,0.0,0,0,0.0,0.0,0,0,0.0,424.22,1,0,0.0,3241.7,2,0,0.0,0
LGS2ORD0028277,C010492,2025-08-12 22:00:00,Female,18,Bronze,TV,Nakhon Ratchasima,470,Shopee,PromptPay,22,8,1,0,<20,15.666666666666666,1.0,0.0,0.0,-1,45,1658.49,0.18,0.0,0.0,0.0,0.0,0,0,0.0,0.0,0,0,0.0,1658.49,1,0,0.0,1658.49,1,0,0.0,0
LGS2ORD0028278,C017532,2025-08-12 22:00:00,Other,72,Silver,Shopee,Remote_Area,1564,TV_Show,PromptPay,22,8,1,0,>50,52.13333333333333,5.0,1.0,0.2,168,7,3833.0340000000006,0.25,0.2,0.4,0.0,0.0,0,0,0.0,3664.01,1,0,0.0,11451.07,3,0,0.0,19165.170000000002,5,1,0.2,0
LGS2ORD0028279,C013665,2025-08-12 23:00:00,Female,38,Gold,TV,Bangkok,1461,Shopee,COD,23,8,1,0,30-40,48.7,4.0,0.0,0.0,-1,111,1974.75,0.33,0.5,1.0,0.0,0.0,0,0,0.0,0.0,0,0,0.0,0.0,0,0,0.0,7899.0,4,0,0.0,0
LGS2ORD0028280,C011011,2025-08-12 23:00:00,Male,24,Bronze,Shopee,Phuket,1187,Shopee,Bank_Transfer,23,8,1,0,20-30,39.56666666666667,5.0,2.0,0.4,31,35,4373.588,0.23,0.4,0.4,0.0,0.0,0,0,0.0,0.0,0,0,0.0,16961.23,3,1,0.3333333333333333,21867.94,5,2,0.4,0
LGS2ORD0028281,C011087,2025-08-12 23:00:00,Female,50,Bronze,TV,Bangkok,1046,Lazada,COD,23,8,1,0,40-50,34.86666666666667,4.0,0.0,0.0,-1,52,3865.9975,0.28,0.0,0.5,0.0,0.0,0,0,0.0,0.0,0,0,0.0,10533.34,1,0,0.0,15463.99,4,0,0.0,0
LGS2ORD0028282,C016957,2025-08-12 23:00:00,Female,50,Silver,TV,Bangkok,1007,Shopee,COD,23,8,1,0,40-50,33.56666666666667,2.0,1.0,0.5,151,102,11562.375,0.25,0.5,1.0,0.0,0.0,0,0,0.0,0.0,0,0,0.0,0.0,0,0,0.0,23124.75,2,1,0.5,0
LGS2ORD0028283,C012223,2025-08-12 23:00:00,Other,18,Bronze,Shopee,Nakhon Ratchasima,241,Lazada,COD,23,8,1,0,<20,8.033333333333333,1.0,0.0,0.0,-1,3,1464.62,0.13,0.0,0.0,0.0,1464.62,1,0,0.0,1464.62,1,0,0.0,1464.62,1,0,0.0,1464.62,1,0,0.0,1
LGS2ORD0028284,C016746,2025-08-13 00:00:00,Female,55,Silver,TV,Nakhon Ratchasima,1182,Shopee,Credit_Card,0,8,2,0,>50,39.4,3.0,1.0,0.3333333333333333,10,20,6147.483333333334,0.3,0.6666666666666666,0.3333333333333333,0.0,0.0,0,0,0.0,8082.45,1,1,1.0,8082.45,1,1,1.0,18442.45,3,1,0.3333333333333333,1
LGS2ORD0028285,C014141,2025-08-13 00:00:00,Male,25,Bronze,Lazada,Nakhon Ratchasima,813,Lazada,COD,0,8,2,0,20-30,27.1,9.0,1.0,0.1111111111111111,139,13,4893.624444444444,0.18,0.5555555555555556,0.0,0.0,0.0,0,0,0.0,10780.8,1,0,0.0,15600.75,4,0,0.0,44042.619999999995,9,1,0.1111111111111111,0
LGS2ORD0028286,C016271,2025-08-13 00:00:00,Female,53,Silver,TV,Bangkok,1122,TV_Show,Bank_Transfer,0,8,2,0,>50,37.4,3.0,0.0,0.0,-1,0,5543.900000000001,0.3,0.3333333333333333,0.3333333333333333,0.0,3484.61,1,0,0.0,3484.61,1,0,0.0,8188.1900000000005,2,0,0.0,16631.7,3,0,0.0,0
LGS2ORD0028287,C013698,2025-08-13 00:00:00,Female,24,Bronze,TV,Remote_Area,556,Web,COD,0,8,2,0,20-30,18.533333333333335,7.0,3.0,0.42857142857142855,45,37,2784.725714285714,0.28,0.5714285714285714,0.42857142857142855,0.0,0.0,0,0,0.0,0.0,0,0,0.0,6625.67,3,1,0.3333333333333333,19493.079999999998,7,3,0.42857142857142855,1
LGS2ORD0028288,C012186,2025-08-13 00:00:00,Female,31,Bronze,Shopee,Chiang Mai,694,Shopee,PromptPay,0,8,2,0,30-40,23.133333333333333,3.0,1.0,0.3333333333333333,176,13,1748.7233333333334,0.03,0.3333333333333333,0.0,0.0,0.0,0,0,0.0,2188.54,1,0,0.0,2188.54,1,0,0.0,5246.17,3,1,0.3333333333333333,0
LGS2ORD0028289,C016433,2025-08-13 01:00:00,Male,51,Gold,Shopee,Chiang Mai,812,Lazada,PromptPay,1,8,2,0,>50,27.066666666666666,3.0,2.0,0.6666666666666666,125,127,4439.900000000001,0.28,0.3333333333333333,0.6666666666666666,0.0,0.0,0,0,0.0,0.0,0,0,0.0,0.0,0,0,0.0,13319.7,3,2,0.6666666666666666,0
LGS2ORD0028290,C010029,2025-08-13 01:00:00,Male,32,Gold,Lazada,Bangkok,1286,Web,Credit_Card,1,8,2,0,30-40,42.86666666666667,1.0,0.0,0.0,-1,120,460.6,0.08,0.0,0.0,0.0,0.0,0,0,0.0,0.0,0,0,0.0,0.0,0,0,0.0,460.6,1,0,0.0,0
LGS2ORD0028291,C016643,2025-08-13 01:00:00,Female,50,Bronze,CallCenter,Bangkok,982,Shopee,COD,1,8,2,0,40-50,32.733333333333334,5.0,1.0,0.2,130,144,9016.64,0.28,0.2,0.6,0.0,0.0,0,0,0.0,0.0,0,0,0.0,0.0,0,0,0.0,45083.2,5,1,0.2,0
LGS2ORD0028292,C017913,2025-08-13 01:00:00,Male,42,Gold,Lazada,Chiang Mai,947,CallCenter,COD,1,8,2,0,40-50,31.566666666666666,7.0,1.0,0.14285714285714285,92,22,4829.227142857143,0.33,0.42857142857142855,0.7142857142857143,0.0,0.0,0,0,0.0,936.79,1,0,0.0,22229.690000000002,4,0,0.0,33804.590000000004,7,1,0.14285714285714285,0
LGS2ORD0028293,C011983,2025-08-13 01:00:00,Female,50,Silver,Lazada,Chonburi,1003,Lazada,COD,1,8,2,0,40-50,33.43333333333333,6.0,1.0,0.16666666666666666,203,4,3631.8649999999993,0.3,0.3333333333333333,0.3333333333333333,0.0,8388.95,2,0,0.0,8388.95,2,0,0.0,13433.91,3,0,0.0,21791.189999999995,6,1,0.16666666666666666,0
LGS2ORD0028294,C012491,2025-08-13 01:00:00,Male,67,Gold,Lazada,Remote_Area,1636,CallCenter,COD,1,8,2,0,>50,54.53333333333333,5.0,3.0,0.6,49,33,4121.9619999999995,0.28,0.8,0.2,0.0,0.0,0,0,0.0,0.0,0,0,0.0,20609.809999999998,5,3,0.6,20609.809999999998,5,3,0.6,0
LGS2ORD0028295,C013210,2025-08-13 02:00:00,Female,43,Bronze,TV,Nakhon Ratchasima,1671,Lazada,COD,2,8,2,0,40-50,55.7,3.0,1.0,0.3333333333333333,141,86,1505.2,0.18,0.0,0.0,0.0,0.0,0,0,0.0,0.0,0,0,0.0,3209.01,1,0,0.0,4515.6,3,1,0.3333333333333333,0
LGS2ORD0028296,C011453,2025-08-13 02:00:00,Female,45,Silver,CallCenter,Remote_Area,782,TV_Show,COD,2,8,2,0,40-50,26.066666666666666,4.0,2.0,0.5,72,21,1875.3575,0.3,0.5,0.5,0.0,0.0,0,0,0.0,2999.86,1,0,0.0,5639.88,3,1,0.3333333333333333,7501.43,4,2,0.5,1
LGS2ORD0028297,C010932,2025-08-13 02:00:00,Female,54,Silver,Web,Songkhla,690,TV_Show,Bank_Transfer,2,8,2,0,>50,23.0,3.0,0.0,0.0,-1,45,2591.4333333333334,0.2,0.3333333333333333,0.0,0.0,0.0,0,0,0.0,0.0,0,0,0.0,6272.4,2,0,0.0,7774.3,3,0,0.0,0
LGS2ORD0028298,C017874,2025-08-13 02:00:00,Female,57,Bronze,Shopee,Bangkok,1473,Lazada,PromptPay,2,8,2,0,>50,49.1,6.0,1.0,0.16666666666666666,0,11,2035.9749999999997,0.18,0.3333333333333333,0.0,0.0,0.0,0,0,0.0,2879.31,1,1,1.0,6106.27,4,1,0.25,12215.849999999999,6,1,0.16666666666666666,0
LGS2ORD0028299,C017139,2025-08-13 02:00:00,Female,58,Silver,Shopee,Nakhon Ratchasima,1603,CallCenter,COD,2,8,2,0,>50,53.43333333333333,0.0,0.0,0.0,-1,-1,0.0,0.0,0.0,0.0,0.0,0.0,0,0,0.0,0.0,0,0,0.0,0.0,0,0,0.0,0.0,0,0,0.0,0
LGS2ORD0028300,C016685,2025-08-13 03:00:00,Male,37,Gold,TV,Bangkok,402,CallCenter,Bank_Transfer,3,8,2,0,30-40,13.4,2.0,1.0,0.5,64,51,4560.315,0.2299999999999999,0.0,0.5,0.0,0.0,0,0,0.0,0.0,0,0,0.0,9120.63,2,1,0.5,9120.63,2,1,0.5,0
LGS2ORD0028301,C011586,2025-08-13 03:00:00,Female,51,Gold,Shopee,Remote_Area,479,Web,PromptPay,3,8,2,0,>50,15.966666666666667,7.0,1.0,0.14285714285714285,183,1,2514.2742857142853,0.33,0.14285714285714285,0.5714285714285714,0.0,1644.84,1,0,0.0,1644.84,1,0,0.0,8165.58,2,0,0.0,17599.92,7,1,0.14285714285714285,0
LGS2ORD0028302,C013835,2025-08-13 03:00:00,Male,44,Platinum,Web,Bangkok,637,TV_Show,PromptPay,3,8,2,0,40-50,21.233333333333334,2.0,1.0,0.5,158,4,1555.8000000000002,0.35,1.0,0.5,0.0,1490.46,1,0,0.0,1490.46,1,0,0.0,1490.46,1,0,0.0,3111.6000000000004,2,1,0.5,0
LGS2ORD0028303,C015302,2025-08-13 03:00:00,Male,20,Bronze,Web,Songkhla,1498,Shopee,Credit_Card,3,8,2,0,<20,49.93333333333333,4.0,0.0,0.0,-1,21,5387.7325,0.08,0.5,0.0,0.0,0.0,0,0,0.0,3723.07,1,0,0.0,21550.93,4,0,0.0,21550.93,4,0,0.0,0
LGS2ORD0028304,C010774,2025-08-13 03:00:00,Female,37,Silver,Shopee,Bangkok,1409,CallCenter,COD,3,8,2,0,30-40,46.96666666666667,1.0,1.0,1.0,183,197,10058.51,0.05,1.0,0.0,0.0,0.0,0,0,0.0,0.0,0,0,0.0,0.0,0,0,0.0,10058.51,1,1,1.0,0
LGS2ORD0028305,C017910,2025-08-13 04:00:00,Female,53,Platinum,Web,Khon Kaen,585,Web,Credit_Card,4,8,2,0,>50,19.5,3.0,1.0,0.3333333333333333,18,28,2839.2599999999998,0.3,0.0,0.3333333333333333,0.0,0.0,0,0,0.0,5631.28,1,1,1.0,5631.28,1,1,1.0,8517.779999999999,3,1,0.3333333333333333,0
LGS2ORD0028306,C012259,2025-08-13 04:00:00,Other,42,Bronze,Shopee,Bangkok,1196,Shopee,COD,4,8,2,0,40-50,39.86666666666667,4.0,1.0,0.25,130,101,4787.8025,0.18,0.5,0.0,0.0,0.0,0,0,0.0,0.0,0,0,0.0,0.0,0,0,0.0,19151.21,4,1,0.25,0
LGS2ORD0028307,C017702,2025-08-13 04:00:00,Female,52,Gold,Web,Bangkok,485,TV_Show,PromptPay,4,8,2,0,>50,16.166666666666668,2.0,0.0,0.0,-1,149,2171.74,0.28,1.0,1.0,0.0,0.0,0,0,0.0,0.0,0,0,0.0,0.0,0,0,0.0,4343.48,2,0,0.0,0
LGS2ORD0028308,C017116,2025-08-13 04:00:00,Female,48,Silver,TV,Chonburi,362,CallCenter,COD,4,8,2,0,40-50,12.066666666666666,2.0,0.0,0.0,-1,105,1294.6399999999999,0.2,0.5,0.0,0.0,0.0,0,0,0.0,0.0,0,0,0.0,0.0,0,0,0.0,2589.2799999999997,2,0,0.0,0
LGS2ORD0028309,C014753,2025-08-13 04:00:00,Female,48,Gold,Shopee,Bangkok,1290,CallCenter,COD,4,8,2,0,40-50,43.0,6.0,1.0,0.16666666666666666,122,24,5142.8516666666665,0.33,0.3333333333333333,0.5,0.0,0.0,0,0,0.0,5228.12,1,0,0.0,5228.12,1,0,0.0,30857.11,6,1,0.16666666666666666,0
LGS2ORD0028310,C017311,2025-08-13 05:00:00,Female,36,Silver,Web,Chiang Mai,1163,Web,Credit_Card,5,8,2,0,30-40,38.766666666666666,8.0,3.0,0.375,78,5,2504.09375,0.2,0.5,0.0,0.0,1249.34,1,0,0.0,4556.66,2,0,0.0,16141.43,6,1,0.16666666666666666,20032.75,8,3,0.375,0
LGS2ORD0028311,C012569,2025-08-13 05:00:00,Male,64,Bronze,TV,Khon Kaen,479,Web,Credit_Card,5,8,2,0,>50,15.966666666666667,3.0,0.0,0.0,-1,3,7751.82,0.13,0.3333333333333333,0.0,0.0,2232.69,1,0,0.0,13900.640000000001,2,0,0.0,13900.640000000001,2,0,0.0,23255.46,3,0,0.0,0
LGS2ORD0028312,C016832,2025-08-13 05:00:00,Female,29,Silver,Web,Phuket,1538,Lazada,COD,5,8,2,0,20-30,51.266666666666666,2.0,0.0,0.0,-1,4,4566.735,0.2,1.0,0.0,0.0,5652.73,1,0,0.0,5652.73,1,0,0.0,5652.73,1,0,0.0,9133.47,2,0,0.0,0
LGS2ORD0028313,C012765,2025-08-13 05:00:00,Female,36,Bronze,TV,Chiang Mai,1376,TV_Show,Credit_Card,5,8,2,0,30-40,45.86666666666667,2.0,1.0,0.5,142,148,2363.79,0.28,0.5,1.0,0.0,0.0,0,0,0.0,0.0,0,0,0.0,0.0,0,0,0.0,4727.58,2,1,0.5,0
LGS2ORD0028314,C012148,2025-08-13 05:00:00,Female,38,Silver,CallCenter,Nakhon Ratchasima,1677,Web,Bank_Transfer,5,8,2,0,30-40,55.9,2.0,1.0,0.5,54,63,1747.8600000000001,0.05,0.5,0.0,0.0,0.0,0,0,0.0,0.0,0,0,0.0,1934.76,1,1,1.0,3495.7200000000003,2,1,0.5,1
LGS2ORD0028315,C016900,2025-08-13 05:00:00,Female,45,Bronze,Lazada,Remote_Area,1331,CallCenter,Bank_Transfer,5,8,2,0,40-50,44.36666666666667,4.0,2.0,0.5,153,3,3742.5750000000003,0.28,0.75,0.5,0.0,7425.42,1,0,0.0,7425.42,1,0,0.0,7425.42,1,0,0.0,14970.300000000001,4,2,0.5,0
LGS2ORD0028316,C017207,2025-08-13 06:00:00,Male,56,Bronze,CallCenter,Chonburi,909,TV_Show,Credit_Card,6,8,2,0,>50,30.3,4.0,0.0,0.0,-1,13,1587.33,0.23,0.75,0.25,0.0,0.0,0,0,0.0,1054.69,1,0,0.0,1906.99,2,0,0.0,6349.32,4,0,0.0,0
LGS2ORD0028317,C014300,2025-08-13 06:00:00,Male,38,Platinum,CallCenter,Bangkok,1646,CallCenter,Bank_Transfer,6,8,2,0,30-40,54.86666666666667,3.0,1.0,0.3333333333333333,113,21,4218.596666666667,0.3,0.3333333333333333,0.3333333333333333,0.0,0.0,0,0,0.0,8658.1,1,0,0.0,8658.1,1,0,0.0,12655.79,3,1,0.3333333333333333,0
LGS2ORD0028318,C013404,2025-08-13 06:00:00,Female,42,Bronze,Web,Chonburi,1056,CallCenter,Credit_Card,6,8,2,0,40-50,35.2,5.0,1.0,0.2,-3,10,9794.214,0.18,0.4,0.0,0.0,0.0,0,0,0.0,8582.96,2,1,0.5,30389.83,3,1,0.3333333333333333,48971.07,5,1,0.2,1
LGS2ORD0028319,C015491,2025-08-13 06:00:00,Male,38,Bronze,CallCenter,Chiang Mai,1555,TV_Show,Credit_Card,6,8,2,0,30-40,51.833333333333336,11.0,1.0,0.09090909090909091,204,13,4870.414545454546,0.23,0.6363636363636364,0.2727272727272727,0.0,0.0,0,0,0.0,1884.33,1,0,0.0,36552.16,6,0,0.0,53574.560000000005,11,1,0.09090909090909091,0
LGS2ORD0028320,C014560,2025-08-13 06:00:00,Female,67,Bronze,TV,Khon Kaen,825,Lazada,COD,6,8,2,0,>50,27.5,4.0,2.0,0.5,21,11,4275.0275,0.28,0.5,0.5,0.0,0.0,0,0,0.0,2479.21,1,0,0.0,17100.11,4,2,0.5,17100.11,4,2,0.5,0
LGS2ORD0028321,C017570,2025-08-13 07:00:00,Male,72,Bronze,Shopee,Songkhla,1331,CallCenter,Credit_Card,7,8,2,0,>50,44.36666666666667,3.0,3.0,1.0,44,52,4182.913333333333,0.13,1.0,0.0,0.0,0.0,0,0,0.0,0.0,0,0,0.0,10293.02,2,2,1.0,12548.74,3,3,1.0,0
LGS2ORD0028322,C013909,2025-08-13 07:00:00,Female,38,Bronze,Web,Chiang Mai,250,CallCenter,Bank_Transfer,7,8,2,0,30-40,8.333333333333334,2.0,1.0,0.5,44,50,1526.63,0.28,0.5,0.5,0.0,0.0,0,0,0.0,0.0,0,0,0.0,1308.8,1,1,1.0,3053.26,2,1,0.5,1
LGS2ORD0028323,C013323,2025-08-13 07:00:00,Female,44,Bronze,Shopee,Chonburi,1613,CallCenter,COD,7,8,2,0,40-50,53.766666666666666,1.0,1.0,1.0,158,162,2518.73,0.23,0.0,1.0,0.0,0.0,0,0,0.0,0.0,0,0,0.0,0.0,0,0,0.0,2518.73,1,1,1.0,1
LGS2ORD0028324,C017895,2025-08-13 07:00:00,Female,30,Bronze,Shopee,Chiang Mai,1446,Web,Bank_Transfer,7,8,2,0,20-30,48.2,3.0,1.0,0.3333333333333333,178,51,3070.47,0.28,0.3333333333333333,0.6666666666666666,0.0,0.0,0,0,0.0,0.0,0,0,0.0,342.11,1,0,0.0,9211.41,3,1,0.3333333333333333,0
LGS2ORD0028325,C017800,2025-08-13 07:00:00,Female,38,Silver,Lazada,Bangkok,1578,Web,COD,7,8,2,0,30-40,52.6,6.0,0.0,0.0,-1,24,8702.955,0.25,0.3333333333333333,0.16666666666666666,0.0,0.0,0,0,0.0,3474.06,1,0,0.0,4202.57,2,0,0.0,52217.73,6,0,0.0,0
LGS2ORD0028326,C012168,2025-08-13 08:00:00,Female,44,Bronze,Web,Chonburi,1009,Web,COD,8,8,2,0,40-50,33.63333333333333,2.0,0.0,0.0,-1,13,6427.905,0.13,1.0,0.0,0.0,0.0,0,0,0.0,7052.33,1,0,0.0,7052.33,1,0,0.0,12855.81,2,0,0.0,1
LGS2ORD0028327,C016370,2025-08-13 08:00:00,Male,46,Bronze,Shopee,Nakhon Ratchasima,411,Lazada,Credit_Card,8,8,2,0,40-50,13.7,2.0,0.0,0.0,-1,132,2780.2650000000003,0.18,0.5,0.0,0.0,0.0,0,0,0.0,0.0,0,0,0.0,0.0,0,0,0.0,5560.530000000001,2,0,0.0,0
LGS2ORD0028328,C010072,2025-08-13 08:00:00,Female,52,Platinum,Web,Bangkok,322,Web,COD,8,8,2,0,>50,10.733333333333333,1.0,0.0,0.0,-1,121,1565.8,0.3,1.0,1.0,0.0,0.0,0,0,0.0,0.0,0,0,0.0,0.0,0,0,0.0,1565.8,1,0,0.0,0
LGS2ORD0028329,C013263,2025-08-13 08:00:00,Female,30,Bronze,TV,Remote_Area,1335,Shopee,PromptPay,8,8,2,0,20-30,44.5,2.0,1.0,0.5,73,79,1570.835,0.28,0.5,0.5,0.0,0.0,0,0,0.0,0.0,0,0,0.0,1702.01,1,1,1.0,3141.67,2,1,0.5,0
LGS2ORD0028330,C013507,2025-08-13 08:00:00,Female,71,Bronze,TV,Songkhla,661,Shopee,COD,8,8,2,0,>50,22.033333333333335,4.0,0.0,0.0,-1,24,8566.9375,0.18,1.0,0.0,0.0,0.0,0,0,0.0,13170.46,1,0,0.0,13170.46,1,0,0.0,34267.75,4,0,0.0,1
LGS2ORD0028331,C014193,2025-08-13 09:00:00,Male,32,Gold,Lazada,Bangkok,738,CallCenter,COD,9,8,2,0,30-40,24.6,2.0,0.0,0.0,-1,69,8500.915,0.08,0.5,0.0,0.0,0.0,0,0,0.0,0.0,0,0,0.0,9060.35,1,0,0.0,17001.83,2,0,0.0,1
LGS2ORD0028332,C015412,2025-08-13 09:00:00,Male,39,Silver,Shopee,Nakhon Ratchasima,699,Lazada,COD,9,8,2,0,30-40,23.3,8.0,2.0,0.25,65,14,9136.83125,0.25,0.5,0.25,0.0,0.0,0,0,0.0,21289.25,1,0,0.0,58259.7,4,1,0.25,73094.65,8,2,0.25,1
LGS2ORD0028333,C017603,2025-08-13 09:00:00,Male,42,Bronze,TV,Bangkok,534,Web,Credit_Card,9,8,2,0,40-50,17.8,2.0,1.0,0.5,138,77,8319.285,0.23,0.5,0.5,0.0,0.0,0,0,0.0,0.0,0,0,0.0,15133.9,1,0,0.0,16638.57,2,1,0.5,0
LGS2ORD0028334,C011612,2025-08-13 09:00:00,Male,56,Silver,Shopee,Chonburi,1369,CallCenter,COD,9,8,2,0,>50,45.63333333333333,2.0,0.0,0.0,-1,126,2499.9700000000003,0.3,1.0,0.5,0.0,0.0,0,0,0.0,0.0,0,0,0.0,0.0,0,0,0.0,4999.9400000000005,2,0,0.0,1
LGS2ORD0028335,C011385,2025-08-13 09:00:00,Female,57,Bronze,TV,Bangkok,262,TV_Show,COD,9,8,2,0,>50,8.733333333333333,10.0,1.0,0.1,75,13,4355.486999999999,0.23,0.6,0.2,0.0,0.0,0,0,0.0,3304.06,1,0,0.0,16754.74,5,1,0.2,43554.869999999995,10,1,0.1,0
LGS2ORD0028336,C010062,2025-08-13 09:00:00,Male,48,Silver,TV,Remote_Area,1621,TV_Show,PromptPay,9,8,2,0,40-50,54.03333333333333,5.0,1.0,0.2,16,7,6740.872,0.3,0.4,0.6,0.0,0.0,0,0,0.0,18467.82,3,1,0.3333333333333333,23545.0,4,1,0.25,33704.36,5,1,0.2,0
LGS2ORD0028337,C014881,2025-08-13 10:00:00,Female,55,Bronze,TV,Bangkok,802,Web,COD,10,8,2,0,>50,26.733333333333334,6.0,1.0,0.16666666666666666,120,99,8108.833333333333,0.18,0.3333333333333333,0.0,0.0,0.0,0,0,0.0,0.0,0,0,0.0,0.0,0,0,0.0,48653.0,6,1,0.16666666666666666,0
LGS2ORD0028338,C013594,2025-08-13 10:00:00,Male,39,Bronze,Lazada,Chonburi,1288,Shopee,Credit_Card,10,8,2,0,30-40,42.93333333333333,4.0,1.0,0.25,82,26,2955.62,0.18,0.5,0.0,0.0,0.0,0,0,0.0,2191.06,1,0,0.0,2191.06,1,0,0.0,11822.48,4,1,0.25,0
LGS2ORD0028339,C013845,2025-08-13 10:00:00,Male,36,Platinum,TV,Bangkok,834,CallCenter,Credit_Card,10,8,2,0,30-40,27.8,1.0,0.0,0.0,-1,2,1749.4,0.15,1.0,0.0,0.0,1749.4,1,0,0.0,1749.4,1,0,0.0,1749.4,1,0,0.0,1749.4,1,0,0.0,0
LGS2ORD0028340,C017800,2025-08-13 10:00:00,Female,38,Silver,Lazada,Bangkok,1578,TV_Show,COD,10,8,2,0,30-40,52.6,7.0,0.0,0.0,-1,0,7954.24,0.25,0.42857142857142855,0.2857142857142857,0.0,3461.95,1,0,0.0,6936.01,2,0,0.0,7664.5199999999995,3,0,0.0,55679.68,7,0,0.0,0
LGS2ORD0028341,C010177,2025-08-13 10:00:00,Male,54,Silver,CallCenter,Phuket,978,Shopee,Credit_Card,10,8,2,0,>50,32.6,4.0,1.0,0.25,112,21,8555.6175,0.15,0.75,0.0,0.0,0.0,0,0,0.0,4194.73,2,0,0.0,4194.73,2,0,0.0,34222.47,4,1,0.25,0
LGS2ORD0028342,C017111,2025-08-13 11:00:00,Male,26,Bronze,CallCenter,Bangkok,1365,Web,COD,11,8,2,0,20-30,45.5,5.0,2.0,0.4,-5,2,7947.676000000001,0.23,0.6,0.6,0.0,18689.4,1,1,1.0,20496.75,2,1,0.5,29462.170000000002,3,2,0.6666666666666666,39738.380000000005,5,2,0.4,0
LGS2ORD0028343,C015480,2025-08-13 11:00:00,Female,49,Bronze,Web,Remote_Area,467,Lazada,Credit_Card,11,8,2,0,40-50,15.566666666666666,2.0,1.0,0.5,20,27,4065.25,0.18,1.0,0.0,0.0,0.0,0,0,0.0,6531.85,1,1,1.0,8130.5,2,1,0.5,8130.5,2,1,0.5,0
LGS2ORD0028344,C010855,2025-08-13 11:00:00,Male,63,Bronze,CallCenter,Phuket,1513,TV_Show,COD,11,8,2,0,>50,50.43333333333333,3.0,2.0,0.6666666666666666,-4,4,8684.183333333334,0.18,0.6666666666666666,0.0,0.0,4995.65,1,1,1.0,4995.65,1,1,1.0,24943.690000000002,2,1,0.5,26052.550000000003,3,2,0.6666666666666666,0
LGS2ORD0028345,C017612,2025-08-13 11:00:00,Male,37,Bronze,Web,Chiang Mai,972,Shopee,COD,11,8,2,0,30-40,32.4,4.0,1.0,0.25,156,92,7027.03,0.28,0.75,0.25,0.0,0.0,0,0,0.0,0.0,0,0,0.0,0.0,0,0,0.0,28108.12,4,1,0.25,0
LGS2ORD0028346,C010811,2025-08-13 11:00:00,Male,44,Bronze,TV,Chonburi,1007,TV_Show,Credit_Card,11,8,2,0,40-50,33.56666666666667,4.0,2.0,0.5,10,19,5344.575000000001,0.28,0.75,0.5,0.0,0.0,0,0,0.0,9684.11,2,1,0.5,9684.11,2,1,0.5,21378.300000000003,4,2,0.5,1
LGS2ORD0028347,C013548,2025-08-13 12:00:00,Female,50,Silver,Shopee,Bangkok,728,Lazada,PromptPay,12,8,2,0,40-50,24.266666666666666,3.0,2.0,0.6666666666666666,155,18,6915.516666666666,0.2,0.3333333333333333,0.0,0.0,0.0,0,0,0.0,714.68,1,0,0.0,714.68,1,0,0.0,20746.55,3,2,0.6666666666666666,0
LGS2ORD0028348,C016555,2025-08-13 12:00:00,Female,62,Silver,Web,Chiang Mai,1302,CallCenter,COD,12,8,2,0,>50,43.4,7.0,0.0,0.0,-1,17,8922.83,0.3,0.5714285714285714,0.2857142857142857,0.0,0.0,0,0,0.0,4363.03,1,0,0.0,21205.84,2,0,0.0,62459.81,7,0,0.0,0
LGS2ORD0028349,C017710,2025-08-13 12:00:00,Female,50,Bronze,CallCenter,Bangkok,801,Shopee,Credit_Card,12,8,2,0,40-50,26.7,4.0,1.0,0.25,165,32,3633.335,0.28,0.25,0.25,0.0,0.0,0,0,0.0,0.0,0,0,0.0,6786.48,1,0,0.0,14533.34,4,1,0.25,0
LGS2ORD0028350,C016589,2025-08-13 12:00:00,Female,38,Gold,Shopee,Bangkok,1276,Web,Bank_Transfer,12,8,2,0,30-40,42.53333333333333,1.0,0.0,0.0,-1,146,10169.65,0.08,0.0,0.0,0.0,0.0,0,0,0.0,0.0,0,0,0.0,0.0,0,0,0.0,10169.65,1,0,0.0,0
LGS2ORD0028351,C010440,2025-08-13 12:00:00,Male,36,Gold,Shopee,Chiang Mai,817,Lazada,Credit_Card,12,8,2,0,30-40,27.233333333333334,8.0,1.0,0.125,36,37,2784.5950000000003,0.28,0.375,0.375,0.0,0.0,0,0,0.0,0.0,0,0,0.0,8801.77,4,1,0.25,22276.760000000002,8,1,0.125,0
LGS2ORD0028352,C010130,2025-08-13 12:00:00,Female,53,Silver,Shopee,Chonburi,299,Shopee,COD,12,8,2,0,>50,9.966666666666667,3.0,1.0,0.3333333333333333,46,57,5199.823333333333,0.25,0.6666666666666666,0.6666666666666666,0.0,0.0,0,0,0.0,0.0,0,0,0.0,3810.94,1,1,1.0,15599.47,3,1,0.3333333333333333,1
LGS2ORD0028353,C010989,2025-08-13 13:00:00,Male,42,Bronze,Lazada,Nakhon Ratchasima,954,Web,PromptPay,13,8,2,0,40-50,31.8,1.0,0.0,0.0,-1,144,15665.67,0.03,0.0,0.0,0.0,0.0,0,0,0.0,0.0,0,0,0.0,0.0,0,0,0.0,15665.67,1,0,0.0,1
LGS2ORD0028354,C011171,2025-08-13 13:00:00,Female,25,Platinum,Shopee,Chiang Mai,1597,TV_Show,PromptPay,13,8,2,0,20-30,53.233333333333334,1.0,0.0,0.0,-1,198,1585.94,0.35,1.0,1.0,0.0,0.0,0,0,0.0,0.0,0,0,0.0,0.0,0,0,0.0,1585.94,1,0,0.0,1
LGS2ORD0028355,C010435,2025-08-13 13:00:00,Female,31,Silver,Lazada,Nakhon Ratchasima,1048,Lazada,PromptPay,13,8,2,0,30-40,34.93333333333333,5.0,1.0,0.2,144,18,8989.842,0.3,0.4,0.6,0.0,0.0,0,0,0.0,8527.94,1,0,0.0,18972.16,2,0,0.0,44949.21,5,1,0.2,0
LGS2ORD0028356,C012601,2025-08-13 13:00:00,Male,22,Gold,Shopee,Bangkok,1434,Web,COD,13,8,2,0,20-30,47.8,3.0,1.0,0.3333333333333333,43,30,13428.070000000002,0.28,0.3333333333333333,0.3333333333333333,0.0,0.0,0,0,0.0,0.0,0,0,0.0,39423.36,2,1,0.5,40284.21000000001,3,1,0.3333333333333333,0
LGS2ORD0028357,C016572,2025-08-13 13:00:00,Female,39,Silver,Shopee,Bangkok,1499,Shopee,COD,13,8,2,0,30-40,49.96666666666667,4.0,3.0,0.75,5,14,9899.255000000001,0.3,0.5,0.25,0.0,0.0,0,0,0.0,23768.93,1,1,1.0,28251.8,3,3,1.0,39597.020000000004,4,3,0.75,0
LGS2ORD0028358,C012741,2025-08-13 14:00:00,Other,19,Gold,Web,Khon Kaen,377,Shopee,Credit_Card,14,8,2,0,<20,12.566666666666666,1.0,0.0,0.0,-1,4,1077.3,0.13,0.0,0.0,0.0,1077.3,1,0,0.0,1077.3,1,0,0.0,1077.3,1,0,0.0,1077.3,1,0,0.0,0
LGS2ORD0028359,C017081,2025-08-13 14:00:00,Female,18,Silver,Lazada,Bangkok,1503,Web,Credit_Card,14,8,2,0,<20,50.1,4.0,0.0,0.0,-1,51,7376.532499999999,0.15,0.25,0.0,0.0,0.0,0,0,0.0,0.0,0,0,0.0,13436.2,2,0,0.0,29506.129999999997,4,0,0.0,0
LGS2ORD0028360,C017042,2025-08-13 14:00:00,Male,43,Bronze,Web,Bangkok,256,Lazada,PromptPay,14,8,2,0,40-50,8.533333333333333,2.0,0.0,0.0,-1,55,21877.17,0.23,0.0,0.5,0.0,0.0,0,0,0.0,0.0,0,0,0.0,43754.34,2,0,0.0,43754.34,2,0,0.0,0
LGS2ORD0028361,C017725,2025-08-13 14:00:00,Female,59,Bronze,Web,Khon Kaen,1163,Shopee,Credit_Card,14,8,2,0,>50,38.766666666666666,6.0,1.0,0.16666666666666666,84,3,9655.12,0.23,0.6666666666666666,0.16666666666666666,0.0,1511.73,1,0,0.0,1511.73,1,0,0.0,11863.039999999999,2,0,0.0,57930.72000000001,6,1,0.16666666666666666,0
LGS2ORD0028362,C012846,2025-08-13 14:00:00,Male,37,Silver,TV,Chonburi,885,TV_Show,PromptPay,14,8,2,0,30-40,29.5,4.0,0.0,0.0,-1,50,2599.935,0.15,0.5,0.0,0.0,0.0,0,0,0.0,0.0,0,0,0.0,1505.19,1,0,0.0,10399.74,4,0,0.0,0
LGS2ORD0028363,C017807,2025-08-13 15:00:00,Male,28,Silver,TV,Songkhla,1245,Web,COD,15,8,2,0,20-30,41.5,4.0,3.0,0.75,105,117,6869.370000000001,0.25,0.75,0.25,0.0,0.0,0,0,0.0,0.0,0,0,0.0,0.0,0,0,0.0,27477.480000000003,4,3,0.75,0
LGS2ORD0028364,C014461,2025-08-13 15:00:00,Male,44,Gold,CallCenter,Chiang Mai,277,Shopee,PromptPay,15,8,2,0,40-50,9.233333333333333,3.0,1.0,0.3333333333333333,61,72,4023.59,0.13,0.3333333333333333,0.0,0.0,0.0,0,0,0.0,0.0,0,0,0.0,1390.52,1,1,1.0,12070.77,3,1,0.3333333333333333,0
LGS2ORD0028365,C013764,2025-08-13 15:00:00,Male,47,Platinum,Web,Nakhon Ratchasima,514,Shopee,PromptPay,15,8,2,0,40-50,17.133333333333333,3.0,0.0,0.0,-1,93,7294.7699999999995,0.35,0.6666666666666666,0.6666666666666666,0.0,0.0,0,0,0.0,0.0,0,0,0.0,0.0,0,0,0.0,21884.309999999998,3,0,0.0,0
LGS2ORD0028366,C012873,2025-08-13 15:00:00,Female,33,Bronze,Shopee,Songkhla,517,TV_Show,PromptPay,15,8,2,0,30-40,17.233333333333334,3.0,0.0,0.0,-1,2,4708.423333333333,0.23,0.0,0.3333333333333333,0.0,1241.29,1,0,0.0,1241.29,1,0,0.0,12333.02,2,0,0.0,14125.27,3,0,0.0,0
LGS2ORD0028367,C016850,2025-08-13 15:00:00,Female,37,Bronze,TV,Phuket,1290,Web,PromptPay,15,8,2,0,30-40,43.0,2.0,1.0,0.5,91,82,11148.815,0.18,0.5,0.0,0.0,0.0,0,0,0.0,0.0,0,0,0.0,18948.72,1,0,0.0,22297.63,2,1,0.5,0
LGS2ORD0028368,C013586,2025-08-13 16:00:00,Male,36,Bronze,TV,Phuket,631,Web,COD,16,8,2,0,30-40,21.033333333333335,2.0,1.0,0.5,43,57,1488.66,0.28,0.5,1.0,0.0,0.0,0,0,0.0,0.0,0,0,0.0,909.0,1,1,1.0,2977.32,2,1,0.5,1
LGS2ORD0028369,C016724,2025-08-13 16:00:00,Female,43,Gold,Shopee,Chiang Mai,801,Lazada,PromptPay,16,8,2,0,40-50,26.7,1.0,0.0,0.0,-1,45,2281.81,0.08,1.0,0.0,0.0,0.0,0,0,0.0,0.0,0,0,0.0,2281.81,1,0,0.0,2281.81,1,0,0.0,0
LGS2ORD0028370,C013254,2025-08-13 16:00:00,Female,72,Silver,Web,Nakhon Ratchasima,1684,Web,PromptPay,16,8,2,0,>50,56.13333333333333,1.0,0.0,0.0,-1,98,1341.17,0.05,1.0,0.0,0.0,0.0,0,0,0.0,0.0,0,0,0.0,0.0,0,0,0.0,1341.17,1,0,0.0,0
LGS2ORD0028371,C012144,2025-08-13 16:00:00,Male,53,Gold,Lazada,Phuket,1174,CallCenter,Bank_Transfer,16,8,2,0,>50,39.13333333333333,2.0,0.0,0.0,-1,102,1432.345,0.2299999999999999,0.0,1.0,0.0,0.0,0,0,0.0,0.0,0,0,0.0,0.0,0,0,0.0,2864.69,2,0,0.0,0
LGS2ORD0028372,C011457,2025-08-13 16:00:00,Female,47,Silver,TV,Khon Kaen,336,Shopee,COD,16,8,2,0,40-50,11.2,1.0,0.0,0.0,-1,6,4421.72,0.1,1.0,0.0,0.0,4421.72,1,0,0.0,4421.72,1,0,0.0,4421.72,1,0,0.0,4421.72,1,0,0.0,0
LGS2ORD0028373,C013518,2025-08-13 16:00:00,Male,31,Platinum,CallCenter,Chiang Mai,827,TV_Show,Bank_Transfer,16,8,2,0,30-40,27.566666666666666,0.0,0.0,0.0,-1,-1,0.0,0.0,0.0,0.0,0.0,0.0,0,0,0.0,0.0,0,0,0.0,0.0,0,0,0.0,0.0,0,0,0.0,0
LGS2ORD0028374,C014859,2025-08-13 17:00:00,Female,36,Gold,CallCenter,Bangkok,665,Shopee,Credit_Card,17,8,2,0,30-40,22.166666666666668,4.0,1.0,0.25,97,113,984.46,0.28,0.25,0.25,0.0,0.0,0,0,0.0,0.0,0,0,0.0,0.0,0,0,0.0,3937.84,4,1,0.25,0
LGS2ORD0028375,C010121,2025-08-13 17:00:00,Female,51,Silver,Shopee,Bangkok,678,Shopee,Bank_Transfer,17,8,2,0,>50,22.6,4.0,0.0,0.0,-1,43,8383.9575,0.1,0.0,0.0,0.0,0.0,0,0,0.0,0.0,0,0,0.0,17497.699999999997,3,0,0.0,33535.83,4,0,0.0,0
LGS2ORD0028376,C017661,2025-08-13 17:00:00,Male,44,Bronze,TV,Khon Kaen,1249,CallCenter,Credit_Card,17,8,2,0,40-50,41.63333333333333,4.0,0.0,0.0,-1,3,3239.46,0.28,0.5,0.25,0.0,3826.53,1,0,0.0,3826.53,1,0,0.0,3826.53,1,0,0.0,12957.84,4,0,0.0,1
LGS2ORD0028377,C017297,2025-08-13 17:00:00,Male,38,Gold,TV,Nakhon Ratchasima,525,TV_Show,PromptPay,17,8,2,0,30-40,17.5,1.0,0.0,0.0,-1,8,1644.47,0.18,1.0,0.0,0.0,0.0,0,0,0.0,1644.47,1,0,0.0,1644.47,1,0,0.0,1644.47,1,0,0.0,0
LGS2ORD0028378,C012997,2025-08-13 17:00:00,Female,40,Gold,Web,Chonburi,1107,TV_Show,Credit_Card,17,8,2,0,30-40,36.9,3.0,0.0,0.0,-1,38,2423.3166666666666,0.33,0.3333333333333333,0.3333333333333333,0.0,0.0,0,0,0.0,0.0,0,0,0.0,3695.15,2,0,0.0,7269.95,3,0,0.0,0
LGS2ORD0028379,C017918,2025-08-13 18:00:00,Male,33,Bronze,TV,Chiang Mai,1274,Shopee,COD,18,8,2,0,30-40,42.46666666666667,2.0,1.0,0.5,56,65,5451.405,0.23,0.0,0.5,0.0,0.0,0,0,0.0,0.0,0,0,0.0,3450.86,1,1,1.0,10902.81,2,1,0.5,0
LGS2ORD0028380,C016771,2025-08-13 18:00:00,Male,49,Bronze,Lazada,Chonburi,1230,CallCenter,COD,18,8,2,0,40-50,41.0,6.0,2.0,0.3333333333333333,28,32,2936.388333333333,0.23,0.5,0.5,0.0,0.0,0,0,0.0,0.0,0,0,0.0,1073.2,2,1,0.5,17618.329999999998,6,2,0.3333333333333333,0
LGS2ORD0028381,C011789,2025-08-13 18:00:00,Other,40,Bronze,Shopee,Khon Kaen,970,TV_Show,PromptPay,18,8,2,0,30-40,32.333333333333336,3.0,0.0,0.0,-1,27,4849.116666666667,0.23,1.0,0.3333333333333333,0.0,0.0,0,0,0.0,9505.6,1,0,0.0,9505.6,1,0,0.0,14547.35,3,0,0.0,0
LGS2ORD0028382,C011283,2025-08-13 18:00:00,Male,48,Silver,Web,Remote_Area,515,Lazada,COD,18,8,2,0,40-50,17.166666666666668,3.0,0.0,0.0,-1,26,2865.9033333333336,0.3,0.3333333333333333,0.6666666666666666,0.0,0.0,0,0,0.0,3140.94,1,0,0.0,3140.94,1,0,0.0,8597.710000000001,3,0,0.0,0
LGS2ORD0028383,C012910,2025-08-13 18:00:00,Female,55,Silver,TV,Chonburi,439,CallCenter,COD,18,8,2,0,>50,14.633333333333333,3.0,2.0,0.6666666666666666,142,77,4700.81,0.25,0.6666666666666666,0.3333333333333333,0.0,0.0,0,0,0.0,0.0,0,0,0.0,1670.38,1,0,0.0,14102.43,3,2,0.6666666666666666,0
LGS2ORD0028384,C013537,2025-08-13 19:00:00,Female,57,Gold,Web,Bangkok,370,Shopee,Bank_Transfer,19,8,2,0,>50,12.333333333333334,1.0,0.0,0.0,-1,2,792.86,0.13,0.0,0.0,0.0,792.86,1,0,0.0,792.86,1,0,0.0,792.86,1,0,0.0,792.86,1,0,0.0,0
LGS2ORD0028385,C011393,2025-08-13 19:00:00,Male,49,Platinum,Shopee,Bangkok,1562,Lazada,PromptPay,19,8,2,0,40-50,52.06666666666667,2.0,0.0,0.0,-1,34,4060.265,0.25,0.5,1.0,0.0,0.0,0,0,0.0,0.0,0,0,0.0,6608.94,1,0,0.0,8120.53,2,0,0.0,0
LGS2ORD0028386,C016979,2025-08-13 19:00:00,Male,57,Gold,Web,Bangkok,816,Lazada,PromptPay,19,8,2,0,>50,27.2,3.0,0.0,0.0,-1,105,2737.0466666666666,0.18,0.3333333333333333,0.0,0.0,0.0,0,0,0.0,0.0,0,0,0.0,0.0,0,0,0.0,8211.14,3,0,0.0,0
LGS2ORD0028387,C010420,2025-08-13 19:00:00,Male,52,Platinum,Shopee,Songkhla,658,TV_Show,COD,19,8,2,0,>50,21.933333333333334,4.0,0.0,0.0,-1,4,3519.0125,0.25,0.5,0.25,0.0,4096.01,1,0,0.0,4096.01,1,0,0.0,9702.57,3,0,0.0,14076.05,4,0,0.0,1
LGS2ORD0028388,C017824,2025-08-13 19:00:00,Female,54,Bronze,TV,Phuket,710,TV_Show,PromptPay,19,8,2,0,>50,23.666666666666668,4.0,1.0,0.25,48,52,4801.5125,0.13,0.75,0.0,0.0,0.0,0,0,0.0,0.0,0,0,0.0,1941.51,1,1,1.0,19206.05,4,1,0.25,1
LGS2ORD0028389,C015480,2025-08-13 20:00:00,Female,49,Bronze,Web,Remote_Area,467,CallCenter,COD,20,8,2,0,40-50,15.566666666666666,3.0,1.0,0.3333333333333333,20,0,3173.0499999999997,0.18,0.6666666666666666,0.0,0.0,1388.65,1,0,0.0,7920.5,2,1,0.5,9519.15,3,1,0.3333333333333333,9519.15,3,1,0.3333333333333333,1
LGS2ORD0028390,C011618,2025-08-13 20:00:00,Female,28,Bronze,TV,Remote_Area,603,Shopee,COD,20,8,2,0,20-30,20.1,6.0,2.0,0.3333333333333333,147,139,4656.098333333332,0.28,0.5,0.16666666666666666,0.0,0.0,0,0,0.0,0.0,0,0,0.0,0.0,0,0,0.0,27936.589999999997,6,2,0.3333333333333333,0
LGS2ORD0028391,C015933,2025-08-13 20:00:00,Female,35,Silver,Web,Nakhon Ratchasima,1244,TV_Show,COD,20,8,2,0,30-40,41.46666666666667,4.0,1.0,0.25,80,77,1325.68,0.1,0.75,0.0,0.0,0.0,0,0,0.0,0.0,0,0,0.0,2545.1,2,1,0.5,5302.72,4,1,0.25,0
LGS2ORD0028392,C011808,2025-08-13 20:00:00,Female,28,Platinum,Web,Chonburi,983,Shopee,Bank_Transfer,20,8,2,0,20-30,32.766666666666666,5.0,1.0,0.2,13,21,4317.602000000001,0.35,0.2,0.6,0.0,0.0,0,0,0.0,9590.29,1,1,1.0,9590.29,1,1,1.0,21588.010000000002,5,1,0.2,0
LGS2ORD0028393,C013449,2025-08-13 20:00:00,Female,52,Bronze,Web,Chonburi,1124,Web,PromptPay,20,8,2,0,>50,37.46666666666667,9.0,4.0,0.4444444444444444,0,6,6050.671111111112,0.28,0.5555555555555556,0.1111111111111111,0.0,3921.51,1,1,1.0,5409.77,2,1,0.5,7015.280000000001,3,1,0.3333333333333333,54456.04000000001,9,4,0.4444444444444444,0
LGS2ORD0028394,C017621,2025-08-13 20:00:00,Female,51,Gold,Web,Chonburi,1320,Web,Credit_Card,20,8,2,0,>50,44.0,1.0,0.0,0.0,-1,81,3799.0,0.13,0.0,0.0,0.0,0.0,0,0,0.0,0.0,0,0,0.0,3799.0,1,0,0.0,3799.0,1,0,0.0,0
LGS2ORD0028395,C011038,2025-08-13 21:00:00,Male,65,Bronze,TV,Bangkok,934,CallCenter,PromptPay,21,8,2,0,>50,31.133333333333333,3.0,2.0,0.6666666666666666,7,19,5042.316666666667,0.23,0.6666666666666666,0.3333333333333333,0.0,0.0,0,0,0.0,3451.31,1,1,1.0,5312.84,2,2,1.0,15126.95,3,2,0.6666666666666666,0
LGS2ORD0028396,C012967,2025-08-13 21:00:00,Female,38,Silver,TV,Nakhon Ratchasima,1158,Web,Bank_Transfer,21,8,2,0,30-40,38.6,0.0,0.0,0.0,-1,-1,0.0,0.0,0.0,0.0,0.0,0.0,0,0,0.0,0.0,0,0,0.0,0.0,0,0,0.0,0.0,0,0,0.0,0
LGS2ORD0028397,C013251,2025-08-13 21:00:00,Male,30,Silver,Web,Phuket,584,Shopee,Credit_Card,21,8,2,0,20-30,19.466666666666665,3.0,0.0,0.0,-1,65,1541.2633333333333,0.3,0.3333333333333333,0.3333333333333333,0.0,0.0,0,0,0.0,0.0,0,0,0.0,687.54,1,0,0.0,4623.79,3,0,0.0,0
LGS2ORD0028398,C015752,2025-08-13 21:00:00,Female,57,Bronze,CallCenter,Remote_Area,1105,CallCenter,COD,21,8,2,0,>50,36.833333333333336,9.0,3.0,0.3333333333333333,77,30,10935.455555555556,0.18,0.4444444444444444,0.0,0.0,0.0,0,0,0.0,9162.34,1,0,0.0,26655.66,4,1,0.25,98419.1,9,3,0.3333333333333333,0
LGS2ORD0028399,C011705,2025-08-13 21:00:00,Male,46,Gold,TV,Bangkok,1054,TV_Show,Bank_Transfer,21,8,2,0,40-50,35.13333333333333,1.0,0.0,0.0,-1,129,12027.61,0.2299999999999999,0.0,1.0,0.0,0.0,0,0,0.0,0.0,0,0,0.0,0.0,0,0,0.0,12027.61,1,0,0.0,0
LGS2ORD0028400,C010319,2025-08-13 22:00:00,Male,29,Bronze,Web,Khon Kaen,1224,Shopee,Credit_Card,22,8,2,0,20-30,40.8,0.0,0.0,0.0,-1,-1,0.0,0.0,0.0,0.0,0.0,0.0,0,0,0.0,0.0,0,0,0.0,0.0,0,0,0.0,0.0,0,0,0.0,0
LGS2ORD0028401,C011566,2025-08-13 22:00:00,Male,38,Gold,Shopee,Khon Kaen,1436,CallCenter,PromptPay,22,8,2,0,30-40,47.86666666666667,6.0,2.0,0.3333333333333333,16,31,3104.861666666667,0.33,0.5,0.5,0.0,0.0,0,0,0.0,0.0,0,0,0.0,6203.97,2,1,0.5,18629.170000000002,6,2,0.3333333333333333,0
LGS2ORD0028402,C011155,2025-08-13 22:00:00,Male,33,Silver,Shopee,Songkhla,992,Lazada,COD,22,8,2,0,30-40,33.06666666666667,5.0,1.0,0.2,125,34,8227.442,0.3,0.6,0.2,0.0,0.0,0,0,0.0,0.0,0,0,0.0,8305.630000000001,2,0,0.0,41137.21,5,1,0.2,1
LGS2ORD0028403,C017281,2025-08-13 22:00:00,Female,51,Silver,Web,Chonburi,1678,Lazada,Bank_Transfer,22,8,2,0,>50,55.93333333333333,4.0,1.0,0.25,-7,1,5131.6275,0.3,0.25,0.25,0.0,14632.669999999998,2,1,0.5,14632.669999999998,2,1,0.5,16140.75,3,1,0.3333333333333333,20526.51,4,1,0.25,1
LGS2ORD0028404,C017373,2025-08-13 22:00:00,Male,39,Gold,Lazada,Phuket,788,Shopee,Credit_Card,22,8,2,0,30-40,26.266666666666666,6.0,1.0,0.16666666666666666,61,29,5199.918333333333,0.2299999999999999,0.16666666666666666,0.16666666666666666,0.0,0.0,0,0,0.0,6513.96,1,0,0.0,14990.18,5,1,0.2,31199.51,6,1,0.16666666666666666,1
LGS2ORD0028405,C010972,2025-08-13 23:00:00,Male,33,Bronze,Web,Bangkok,1565,CallCenter,COD,23,8,2,0,30-40,52.166666666666664,5.0,1.0,0.2,140,128,8859.16,0.28,0.2,0.2,0.0,0.0,0,0,0.0,0.0,0,0,0.0,0.0,0,0,0.0,44295.8,5,1,0.2,1
LGS2ORD0028406,C012676,2025-08-13 23:00:00,Female,59,Bronze,Lazada,Bangkok,573,Lazada,COD,23,8,2,0,>50,19.1,3.0,1.0,0.3333333333333333,45,55,6612.003333333333,0.28,0.3333333333333333,0.3333333333333333,0.0,0.0,0,0,0.0,0.0,0,0,0.0,19836.01,3,1,0.3333333333333333,19836.01,3,1,0.3333333333333333,0
LGS2ORD0028407,C017270,2025-08-13 23:00:00,Female,40,Bronze,TV,Bangkok,434,Shopee,COD,23,8,2,0,30-40,14.466666666666667,4.0,1.0,0.25,124,72,4356.525,0.28,0.75,0.25,0.0,0.0,0,0,0.0,0.0,0,0,0.0,1826.9,1,0,0.0,17426.1,4,1,0.25,1
LGS2ORD0028408,C015681,2025-08-13 23:00:00,Female,33,Silver,Lazada,Chonburi,1586,Lazada,COD,23,8,2,0,30-40,52.86666666666667,1.0,0.0,0.0,-1,32,2160.28,0.15,1.0,0.0,0.0,0.0,0,0,0.0,0.0,0,0,0.0,2160.28,1,0,0.0,2160.28,1,0,0.0,0
LGS2ORD0028409,C013356,2025-08-13 23:00:00,Female,35,Silver,Web,Bangkok,541,TV_Show,Credit_Card,23,8,2,0,30-40,18.033333333333335,3.0,0.0,0.0,-1,96,14150.843333333332,0.25,0.3333333333333333,0.6666666666666666,0.0,0.0,0,0,0.0,0.0,0,0,0.0,0.0,0,0,0.0,42452.53,3,0,0.0,0
LGS2ORD0028410,C011767,2025-08-14 00:00:00,Female,53,Gold,Lazada,Chiang Mai,275,TV_Show,COD,0,8,3,0,>50,9.166666666666666,2.0,0.0,0.0,-1,153,4646.06,0.28,0.5,1.0,0.0,0.0,0,0,0.0,0.0,0,0,0.0,0.0,0,0,0.0,9292.12,2,0,0.0,0
LGS2ORD0028411,C010949,2025-08-14 00:00:00,Female,34,Silver,Shopee,Bangkok,591,TV_Show,COD,0,8,3,0,30-40,19.7,4.0,2.0,0.5,-2,10,2862.085,0.3,0.5,0.25,0.0,0.0,0,0,0.0,2827.3,1,1,1.0,2827.3,1,1,1.0,11448.34,4,2,0.5,0
LGS2ORD0028412,C012987,2025-08-14 00:00:00,Female,39,Silver,Web,Bangkok,853,TV_Show,COD,0,8,3,0,30-40,28.433333333333334,2.0,0.0,0.0,-1,12,1163.0900000000001,0.25,0.0,0.5,0.0,0.0,0,0,0.0,659.97,1,0,0.0,2326.1800000000003,2,0,0.0,2326.1800000000003,2,0,0.0,0
LGS2ORD0028413,C015803,2025-08-14 00:00:00,Male,39,Gold,Shopee,Bangkok,1470,Web,Credit_Card,0,8,3,0,30-40,49.0,4.0,1.0,0.25,-3,2,5220.1625,0.28,1.0,0.25,0.0,639.08,1,1,1.0,639.08,1,1,1.0,10866.49,3,1,0.3333333333333333,20880.65,4,1,0.25,0
LGS2ORD0028414,C013192,2025-08-14 00:00:00,Male,53,Gold,Shopee,Khon Kaen,653,TV_Show,COD,0,8,3,0,>50,21.766666666666666,6.0,1.0,0.16666666666666666,205,48,4411.431666666666,0.2299999999999999,0.6666666666666666,0.3333333333333333,0.0,0.0,0,0,0.0,0.0,0,0,0.0,12979.28,2,0,0.0,26468.59,6,1,0.16666666666666666,0
LGS2ORD0028415,C014770,2025-08-14 00:00:00,Female,30,Bronze,Web,Bangkok,573,Web,COD,0,8,3,0,20-30,19.1,2.0,0.0,0.0,-1,146,7518.639999999999,0.03,1.0,0.0,0.0,0.0,0,0,0.0,0.0,0,0,0.0,0.0,0,0,0.0,15037.279999999999,2,0,0.0,0
LGS2ORD0028416,C010035,2025-08-14 01:00:00,Male,40,Silver,TV,Songkhla,774,Shopee,COD,1,8,3,0,30-40,25.8,2.0,2.0,1.0,66,80,914.91,0.25,0.5,0.5,0.0,0.0,0,0,0.0,0.0,0,0,0.0,619.98,1,1,1.0,1829.82,2,2,1.0,0
LGS2ORD0028417,C014194,2025-08-14 01:00:00,Female,44,Silver,Shopee,Nakhon Ratchasima,524,TV_Show,Credit_Card,1,8,3,0,40-50,17.466666666666665,1.0,0.0,0.0,-1,56,499.36,0.1,1.0,0.0,0.0,0.0,0,0,0.0,0.0,0,0,0.0,499.36,1,0,0.0,499.36,1,0,0.0,1
LGS2ORD0028418,C015245,2025-08-14 01:00:00,Male,42,Gold,TV,Songkhla,1110,TV_Show,Credit_Card,1,8,3,0,40-50,37.0,5.0,1.0,0.2,35,18,6121.888000000001,0.2299999999999999,0.4,0.2,0.0,0.0,0,0,0.0,8032.83,1,0,0.0,8757.76,2,1,0.5,30609.440000000002,5,1,0.2,1
LGS2ORD0028419,C014468,2025-08-14 01:00:00,Male,52,Gold,Web,Chonburi,1575,TV_Show,PromptPay,1,8,3,0,>50,52.5,2.0,0.0,0.0,-1,10,2218.545,0.2299999999999999,0.5,0.5,0.0,0.0,0,0,0.0,2405.83,1,0,0.0,2405.83,1,0,0.0,4437.09,2,0,0.0,0
LGS2ORD0028420,C010773,2025-08-14 01:00:00,Female,57,Bronze,TV,Chiang Mai,258,Web,COD,1,8,3,0,>50,8.6,1.0,0.0,0.0,-1,131,7870.99,0.13,0.0,0.0,0.0,0.0,0,0,0.0,0.0,0,0,0.0,0.0,0,0,0.0,7870.99,1,0,0.0,1
LGS2ORD0028421,C011589,2025-08-14 02:00:00,Male,43,Silver,TV,Chiang Mai,1409,CallCenter,Credit_Card,2,8,3,0,40-50,46.96666666666667,4.0,1.0,0.25,146,6,3890.4625,0.25,0.25,0.25,0.0,1751.4,1,0,0.0,1751.4,1,0,0.0,4081.26,2,0,0.0,15561.85,4,1,0.25,0
LGS2ORD0028422,C017571,2025-08-14 02:00:00,Male,55,Bronze,Lazada,Songkhla,1201,TV_Show,Credit_Card,2,8,3,0,>50,40.03333333333333,5.0,2.0,0.4,173,59,1816.1979999999999,0.18,0.4,0.0,0.0,0.0,0,0,0.0,0.0,0,0,0.0,695.65,1,0,0.0,9080.99,5,2,0.4,1
LGS2ORD0028423,C012311,2025-08-14 02:00:00,Other,39,Bronze,TV,Phuket,772,Web,Bank_Transfer,2,8,3,0,30-40,25.733333333333334,6.0,2.0,0.3333333333333333,29,42,3485.3333333333335,0.28,0.3333333333333333,0.5,0.0,0.0,0,0,0.0,0.0,0,0,0.0,16269.309999999998,3,2,0.6666666666666666,20912.0,6,2,0.3333333333333333,0
LGS2ORD0028424,C012058,2025-08-14 02:00:00,Female,28,Silver,Shopee,Nakhon Ratchasima,1435,TV_Show,Credit_Card,2,8,3,0,20-30,47.833333333333336,3.0,2.0,0.6666666666666666,56,66,5800.360000000001,0.3,0.6666666666666666,0.6666666666666666,0.0,0.0,0,0,0.0,0.0,0,0,0.0,6024.98,1,1,1.0,17401.08,3,2,0.6666666666666666,0
LGS2ORD0028425,C015217,2025-08-14 02:00:00,Other,41,Bronze,Web,Chonburi,1318,Shopee,COD,2,8,3,0,40-50,43.93333333333333,2.0,0.0,0.0,-1,75,1984.83,0.28,0.0,0.5,0.0,0.0,0,0,0.0,0.0,0,0,0.0,3067.68,1,0,0.0,3969.66,2,0,0.0,0
LGS2ORD0028426,C012814,2025-08-14 03:00:00,Female,59,Platinum,TV,Bangkok,715,TV_Show,Bank_Transfer,3,8,3,0,>50,23.833333333333332,2.0,1.0,0.5,216,41,4012.8150000000005,0.1,0.5,0.0,0.0,0.0,0,0,0.0,0.0,0,0,0.0,3307.03,1,0,0.0,8025.630000000001,2,1,0.5,0
LGS2ORD0028427,C010750,2025-08-14 03:00:00,Male,35,Silver,Lazada,Remote_Area,297,TV_Show,COD,3,8,3,0,30-40,9.9,4.0,1.0,0.25,88,21,3710.5825000000004,0.25,0.5,0.25,0.0,0.0,0,0,0.0,7742.52,1,0,0.0,9197.78,2,0,0.0,14842.330000000002,4,1,0.25,0
LGS2ORD0028428,C014647,2025-08-14 03:00:00,Male,38,Silver,Lazada,Remote_Area,1118,Shopee,COD,3,8,3,0,30-40,37.266666666666666,3.0,1.0,0.3333333333333333,99,36,11687.716666666667,0.3,0.6666666666666666,0.6666666666666666,0.0,0.0,0,0,0.0,0.0,0,0,0.0,29355.98,2,0,0.0,35063.15,3,1,0.3333333333333333,0
LGS2ORD0028429,C011251,2025-08-14 03:00:00,Male,33,Silver,TV,Chonburi,728,Web,COD,3,8,3,0,30-40,24.266666666666666,2.0,0.0,0.0,-1,15,4835.8,0.25,0.0,0.5,0.0,0.0,0,0,0.0,4065.46,1,0,0.0,4065.46,1,0,0.0,9671.6,2,0,0.0,1
LGS2ORD0028430,C013051,2025-08-14 03:00:00,Female,40,Bronze,Web,Phuket,975,Shopee,COD,3,8,3,0,30-40,32.5,4.0,1.0,0.25,87,28,5921.9349999999995,0.23,0.5,0.25,0.0,0.0,0,0,0.0,5549.01,1,0,0.0,5549.01,1,0,0.0,23687.739999999998,4,1,0.25,0
LGS2ORD0028431,C011242,2025-08-14 04:00:00,Female,45,Bronze,TV,Chiang Mai,331,Web,COD,4,8,3,0,40-50,11.033333333333333,3.0,0.0,0.0,-1,72,2215.21,0.23,0.3333333333333333,0.3333333333333333,0.0,0.0,0,0,0.0,0.0,0,0,0.0,2170.03,2,0,0.0,6645.63,3,0,0.0,0
LGS2ORD0028432,C010938,2025-08-14 04:00:00,Female,54,Silver,TV,Bangkok,1658,CallCenter,COD,4,8,3,0,>50,55.266666666666666,3.0,0.0,0.0,-1,25,5875.943333333334,0.25,0.0,0.3333333333333333,0.0,0.0,0,0,0.0,10505.51,1,0,0.0,10505.51,1,0,0.0,17627.83,3,0,0.0,0
LGS2ORD0028433,C016891,2025-08-14 04:00:00,Female,49,Bronze,TV,Khon Kaen,955,Lazada,Bank_Transfer,4,8,3,0,40-50,31.833333333333332,5.0,0.0,0.0,-1,24,4085.7619999999997,0.23,0.6,0.4,0.0,0.0,0,0,0.0,1827.53,1,0,0.0,1827.53,1,0,0.0,20428.809999999998,5,0,0.0,1
LGS2ORD0028434,C010004,2025-08-14 04:00:00,Male,42,Platinum,Shopee,Chonburi,555,Web,COD,4,8,3,0,40-50,18.5,4.0,0.0,0.0,-1,62,3896.4700000000003,0.3,1.0,0.75,0.0,0.0,0,0,0.0,0.0,0,0,0.0,8362.11,2,0,0.0,15585.880000000001,4,0,0.0,1
LGS2ORD0028435,C011590,2025-08-14 04:00:00,Male,70,Silver,CallCenter,Phuket,699,CallCenter,COD,4,8,3,0,>50,23.3,4.0,1.0,0.25,185,72,4561.8825,0.1,0.75,0.0,0.0,0.0,0,0,0.0,0.0,0,0,0.0,7597.84,1,0,0.0,18247.53,4,1,0.25,1
LGS2ORD0028436,C016642,2025-08-14 04:00:00,Male,48,Gold,Web,Songkhla,1583,Web,COD,4,8,3,0,40-50,52.766666666666666,3.0,1.0,0.3333333333333333,108,74,1555.3466666666666,0.33,0.6666666666666666,0.3333333333333333,0.0,0.0,0,0,0.0,0.0,0,0,0.0,1106.79,1,0,0.0,4666.04,3,1,0.3333333333333333,0
LGS2ORD0028437,C015359,2025-08-14 05:00:00,Male,44,Silver,Lazada,Bangkok,912,CallCenter,Bank_Transfer,5,8,3,0,40-50,30.4,0.0,0.0,0.0,-1,-1,0.0,0.0,0.0,0.0,0.0,0.0,0,0,0.0,0.0,0,0,0.0,0.0,0,0,0.0,0.0,0,0,0.0,0
LGS2ORD0028438,C012965,2025-08-14 05:00:00,Male,61,Bronze,TV,Bangkok,1158,Lazada,COD,5,8,3,0,>50,38.6,8.0,1.0,0.125,101,54,4525.80625,0.28,0.75,0.375,0.0,0.0,0,0,0.0,0.0,0,0,0.0,11336.6,3,0,0.0,36206.45,8,1,0.125,0
LGS2ORD0028439,C011505,2025-08-14 05:00:00,Male,37,Platinum,TV,Khon Kaen,1663,CallCenter,COD,5,8,3,0,30-40,55.43333333333333,1.0,0.0,0.0,-1,184,3318.81,0.15,0.0,0.0,0.0,0.0,0,0,0.0,0.0,0,0,0.0,0.0,0,0,0.0,3318.81,1,0,0.0,0
LGS2ORD0028440,C016010,2025-08-14 05:00:00,Male,45,Bronze,TV,Nakhon Ratchasima,916,CallCenter,COD,5,8,3,0,40-50,30.533333333333335,7.0,2.0,0.2857142857142857,10,16,6504.608571428571,0.23,0.8571428571428571,0.14285714285714285,0.14285714285714285,0.0,0,0,0.0,20883.34,2,1,0.5,25793.010000000002,3,1,0.3333333333333333,45532.259999999995,7,2,0.2857142857142857,0
LGS2ORD0028441,C011063,2025-08-14 05:00:00,Male,18,Gold,Shopee,Nakhon Ratchasima,839,CallCenter,PromptPay,5,8,3,0,<20,27.966666666666665,4.0,0.0,0.0,-1,93,2302.6325,0.28,0.75,0.75,0.0,0.0,0,0,0.0,0.0,0,0,0.0,0.0,0,0,0.0,9210.53,4,0,0.0,1
LGS2ORD0028442,C010790,2025-08-14 06:00:00,Female,36,Silver,Web,Khon Kaen,446,Web,COD,6,8,3,0,30-40,14.866666666666667,2.0,0.0,0.0,-1,120,1629.915,0.25,0.0,0.5,0.0,0.0,0,0,0.0,0.0,0,0,0.0,0.0,0,0,0.0,3259.83,2,0,0.0,1
LGS2ORD0028443,C016227,2025-08-14 06:00:00,Female,57,Platinum,Lazada,Chonburi,740,Lazada,PromptPay,6,8,3,0,>50,24.666666666666668,5.0,2.0,0.4,194,13,3975.0860000000002,0.25,0.6,0.2,0.0,0.0,0,0,0.0,2750.49,1,0,0.0,7015.69,2,0,0.0,19875.43,5,2,0.4,1
LGS2ORD0028444,C014877,2025-08-14 06:00:00,Female,45,Bronze,Lazada,Nakhon Ratchasima,354,Lazada,COD,6,8,3,0,40-50,11.8,4.0,0.0,0.0,-1,41,6081.7925,0.23,0.5,0.25,0.0,0.0,0,0,0.0,0.0,0,0,0.0,1759.37,1,0,0.0,24327.17,4,0,0.0,0
LGS2ORD0028445,C014042,2025-08-14 06:00:00,Female,35,Silver,Web,Chiang Mai,1068,TV_Show,Bank_Transfer,6,8,3,0,30-40,35.6,2.0,0.0,0.0,-1,139,985.065,0.05,0.0,0.0,0.0,0.0,0,0,0.0,0.0,0,0,0.0,0.0,0,0,0.0,1970.13,2,0,0.0,0
LGS2ORD0028446,C015097,2025-08-14 06:00:00,Male,46,Silver,Web,Bangkok,551,Web,COD,6,8,3,0,40-50,18.366666666666667,7.0,4.0,0.5714285714285714,0,11,7302.388571428572,0.25,0.7142857142857143,0.42857142857142855,0.0,0.0,0,0,0.0,349.28,1,1,1.0,13564.050000000001,5,3,0.6,51116.72,7,4,0.5714285714285714,0
LGS2ORD0028447,C015951,2025-08-14 07:00:00,Male,30,Gold,Lazada,Chonburi,1367,Shopee,Credit_Card,7,8,3,0,20-30,45.56666666666667,4.0,0.0,0.0,-1,34,1692.2849999999999,0.2299999999999999,0.75,0.5,0.0,0.0,0,0,0.0,0.0,0,0,0.0,5310.21,3,0,0.0,6769.139999999999,4,0,0.0,0
LGS2ORD0028448,C011666,2025-08-14 07:00:00,Male,37,Bronze,Lazada,Phuket,314,Shopee,Credit_Card,7,8,3,0,30-40,10.466666666666667,5.0,3.0,0.6,17,25,4205.212,0.23,0.6,0.4,0.0,0.0,0,0,0.0,1068.34,1,1,1.0,1068.34,1,1,1.0,21026.06,5,3,0.6,0
LGS2ORD0028449,C010403,2025-08-14 07:00:00,Male,55,Bronze,Shopee,Bangkok,1131,Web,Bank_Transfer,7,8,3,0,>50,37.7,5.0,1.0,0.2,176,5,5778.512000000001,0.18,1.0,0.0,0.0,5843.68,1,0,0.0,5843.68,1,0,0.0,22467.04,2,0,0.0,28892.56,5,1,0.2,0
LGS2ORD0028450,C014348,2025-08-14 07:00:00,Male,18,Silver,Lazada,Phuket,929,TV_Show,Credit_Card,7,8,3,0,<20,30.966666666666665,5.0,2.0,0.4,174,71,3205.0560000000005,0.3,0.8,0.4,0.0,0.0,0,0,0.0,0.0,0,0,0.0,1693.69,1,0,0.0,16025.280000000002,5,2,0.4,0
LGS2ORD0028451,C013261,2025-08-14 07:00:00,Female,40,Bronze,Shopee,Chonburi,371,TV_Show,COD,7,8,3,0,30-40,12.366666666666667,4.0,0.0,0.0,-1,63,2220.955,0.23,0.0,0.75,0.0,0.0,0,0,0.0,0.0,0,0,0.0,4234.389999999999,2,0,0.0,8883.82,4,0,0.0,0
LGS2ORD0028452,C014555,2025-08-14 08:00:00,Male,32,Bronze,Shopee,Remote_Area,570,Lazada,Bank_Transfer,8,8,3,0,30-40,19.0,3.0,0.0,0.0,-1,3,2411.3733333333334,0.18,0.6666666666666666,0.0,0.0,3390.2,1,0,0.0,3390.2,1,0,0.0,5650.76,2,0,0.0,7234.12,3,0,0.0,1
LGS2ORD0028453,C014294,2025-08-14 08:00:00,Male,53,Gold,Web,Chonburi,605,TV_Show,PromptPay,8,8,3,0,>50,20.166666666666668,3.0,1.0,0.3333333333333333,50,63,690.9333333333334,0.28,0.6666666666666666,0.3333333333333333,0.0,0.0,0,0,0.0,0.0,0,0,0.0,1114.44,1,1,1.0,2072.8,3,1,0.3333333333333333,0
LGS2ORD0028454,C014226,2025-08-14 08:00:00,Male,33,Bronze,TV,Khon Kaen,744,Lazada,PromptPay,8,8,3,0,30-40,24.8,5.0,0.0,0.0,-1,19,9847.666000000001,0.28,0.4,0.2,0.0,0.0,0,0,0.0,24800.55,1,0,0.0,31714.16,2,0,0.0,49238.33,5,0,0.0,0
LGS2ORD0028455,C011908,2025-08-14 08:00:00,Male,39,Platinum,CallCenter,Bangkok,606,TV_Show,COD,8,8,3,0,30-40,20.2,3.0,0.0,0.0,-1,69,1274.8466666666666,0.35,0.3333333333333333,0.6666666666666666,0.0,0.0,0,0,0.0,0.0,0,0,0.0,2872.08,2,0,0.0,3824.54,3,0,0.0,0
LGS2ORD0028456,C013951,2025-08-14 08:00:00,Male,40,Bronze,Lazada,Bangkok,1546,CallCenter,PromptPay,8,8,3,0,30-40,51.53333333333333,2.0,0.0,0.0,-1,180,8686.69,0.23,0.0,0.5,0.0,0.0,0,0,0.0,0.0,0,0,0.0,0.0,0,0,0.0,17373.38,2,0,0.0,0
LGS2ORD0028457,C010804,2025-08-14 08:00:00,Male,18,Gold,Web,Bangkok,528,TV_Show,PromptPay,8,8,3,0,<20,17.6,2.0,0.0,0.0,-1,50,3608.1899999999996,0.13,0.5,0.0,0.0,0.0,0,0,0.0,0.0,0,0,0.0,7216.379999999999,2,0,0.0,7216.379999999999,2,0,0.0,0
LGS2ORD0028458,C011806,2025-08-14 09:00:00,Male,37,Bronze,TV,Chonburi,256,TV_Show,Bank_Transfer,9,8,3,0,30-40,8.533333333333333,1.0,1.0,1.0,4,9,1634.85,0.18,1.0,0.0,0.0,0.0,0,0,0.0,1634.85,1,1,1.0,1634.85,1,1,1.0,1634.85,1,1,1.0,0
LGS2ORD0028459,C014824,2025-08-14 09:00:00,Female,69,Silver,Shopee,Chiang Mai,1218,CallCenter,PromptPay,9,8,3,0,>50,40.6,1.0,0.0,0.0,-1,200,7523.28,0.1,1.0,0.0,0.0,0.0,0,0,0.0,0.0,0,0,0.0,0.0,0,0,0.0,7523.28,1,0,0.0,0
LGS2ORD0028460,C010581,2025-08-14 09:00:00,Male,41,Platinum,Lazada,Chiang Mai,801,Web,COD,9,8,3,0,40-50,26.7,5.0,0.0,0.0,-1,13,5578.908,0.35,0.2,0.2,0.0,0.0,0,0,0.0,3336.23,1,0,0.0,11877.5,2,0,0.0,27894.54,5,0,0.0,0
LGS2ORD0028461,C011682,2025-08-14 09:00:00,Female,27,Silver,Web,Bangkok,973,Web,COD,9,8,3,0,20-30,32.43333333333333,4.0,0.0,0.0,-1,4,3655.865,0.3,0.75,0.25,0.0,1777.24,1,0,0.0,2711.86,2,0,0.0,2711.86,2,0,0.0,14623.46,4,0,0.0,0
LGS2ORD0028462,C017807,2025-08-14 09:00:00,Male,28,Silver,TV,Songkhla,1246,Web,COD,9,8,3,0,20-30,41.53333333333333,5.0,3.0,0.6,105,0,5932.740000000001,0.25,0.8,0.2,0.0,2186.22,1,0,0.0,2186.22,1,0,0.0,2186.22,1,0,0.0,29663.700000000004,5,3,0.6,1
LGS2ORD0028463,C011986,2025-08-14 10:00:00,Male,26,Gold,TV,Bangkok,1206,Shopee,COD,10,8,3,0,20-30,40.2,1.0,0.0,0.0,-1,127,2939.52,0.2299999999999999,1.0,1.0,0.0,0.0,0,0,0.0,0.0,0,0,0.0,0.0,0,0,0.0,2939.52,1,0,0.0,0
LGS2ORD0028464,C013016,2025-08-14 10:00:00,Female,56,Bronze,Lazada,Remote_Area,1240,Lazada,COD,10,8,3,0,>50,41.333333333333336,8.0,1.0,0.125,82,12,4500.44625,0.28,0.625,0.375,0.0,0.0,0,0,0.0,2443.44,1,0,0.0,29130.579999999998,4,0,0.0,36003.57,8,1,0.125,1
LGS2ORD0028465,C012338,2025-08-14 10:00:00,Male,21,Bronze,Web,Khon Kaen,1645,Lazada,Credit_Card,10,8,3,0,20-30,54.833333333333336,3.0,3.0,1.0,-1,2,4897.443333333334,0.28,1.0,0.6666666666666666,0.0,10959.15,1,1,1.0,10959.15,1,1,1.0,10959.15,1,1,1.0,14692.33,3,3,1.0,0
LGS2ORD0028466,C016520,2025-08-14 10:00:00,Male,61,Bronze,CallCenter,Khon Kaen,1043,Lazada,PromptPay,10,8,3,0,>50,34.766666666666666,4.0,3.0,0.75,68,79,10438.825,0.28,0.75,0.25,0.0,0.0,0,0,0.0,0.0,0,0,0.0,16183.11,1,1,1.0,41755.3,4,3,0.75,0
LGS2ORD0028467,C012937,2025-08-14 10:00:00,Male,24,Bronze,CallCenter,Remote_Area,253,Shopee,PromptPay,10,8,3,0,20-30,8.433333333333334,1.0,0.0,0.0,-1,215,7726.15,0.03,1.0,0.0,0.0,0.0,0,0,0.0,0.0,0,0,0.0,0.0,0,0,0.0,7726.15,1,0,0.0,0
LGS2ORD0028468,C015520,2025-08-14 11:00:00,Female,52,Bronze,TV,Bangkok,704,Web,Credit_Card,11,8,3,0,>50,23.466666666666665,1.0,0.0,0.0,-1,17,29228.7,0.08,1.0,0.0,0.0,0.0,0,0,0.0,29228.7,1,0,0.0,29228.7,1,0,0.0,29228.7,1,0,0.0,0
LGS2ORD0028469,C011726,2025-08-14 11:00:00,Male,32,Bronze,Shopee,Khon Kaen,408,TV_Show,PromptPay,11,8,3,0,30-40,13.6,3.0,1.0,0.3333333333333333,100,96,2132.01,0.28,1.0,0.3333333333333333,0.0,0.0,0,0,0.0,0.0,0,0,0.0,0.0,0,0,0.0,6396.030000000001,3,1,0.3333333333333333,0
LGS2ORD0028470,C016468,2025-08-14 11:00:00,Male,31,Gold,Web,Bangkok,1299,TV_Show,Bank_Transfer,11,8,3,0,30-40,43.3,1.0,0.0,0.0,-1,177,2665.83,0.33,0.0,1.0,0.0,0.0,0,0,0.0,0.0,0,0,0.0,0.0,0,0,0.0,2665.83,1,0,0.0,1
LGS2ORD0028471,C016379,2025-08-14 11:00:00,Male,27,Gold,Shopee,Nakhon Ratchasima,1145,Web,COD,11,8,3,0,20-30,38.166666666666664,1.0,0.0,0.0,-1,33,6667.25,0.2299999999999999,0.0,1.0,0.0,0.0,0,0,0.0,0.0,0,0,0.0,6667.25,1,0,0.0,6667.25,1,0,0.0,0
LGS2ORD0028472,C010485,2025-08-14 11:00:00,Female,41,Silver,Shopee,Bangkok,1212,Web,COD,11,8,3,0,40-50,40.4,3.0,1.0,0.3333333333333333,21,30,9401.583333333334,0.3,0.3333333333333333,0.6666666666666666,0.0,0.0,0,0,0.0,0.0,0,0,0.0,19019.76,2,1,0.5,28204.75,3,1,0.3333333333333333,0
LGS2ORD0028473,C015501,2025-08-14 11:00:00,Male,44,Bronze,TV,Phuket,1134,TV_Show,Credit_Card,11,8,3,0,40-50,37.8,5.0,1.0,0.2,218,14,2670.75,0.28,0.6,0.4,0.0,0.0,0,0,0.0,2467.05,1,0,0.0,2467.05,1,0,0.0,13353.75,5,1,0.2,0
LGS2ORD0028474,C011382,2025-08-14 12:00:00,Male,30,Bronze,Lazada,Chonburi,1510,Web,PromptPay,12,8,3,0,20-30,50.333333333333336,2.0,0.0,0.0,-1,6,8021.400000000001,0.13,0.5,0.0,0.0,9576.53,1,0,0.0,9576.53,1,0,0.0,9576.53,1,0,0.0,16042.800000000001,2,0,0.0,0
LGS2ORD0028475,C017735,2025-08-14 12:00:00,Female,39,Gold,TV,Bangkok,665,Shopee,COD,12,8,3,0,30-40,22.166666666666668,4.0,0.0,0.0,-1,109,4545.1050000000005,0.33,0.25,0.25,0.0,0.0,0,0,0.0,0.0,0,0,0.0,0.0,0,0,0.0,18180.420000000002,4,0,0.0,0
LGS2ORD0028476,C013745,2025-08-14 12:00:00,Female,59,Bronze,Web,Bangkok,918,Lazada,Bank_Transfer,12,8,3,0,>50,30.6,4.0,1.0,0.25,79,29,2447.2525,0.28,0.5,0.75,0.0,0.0,0,0,0.0,3306.85,1,0,0.0,5322.87,2,0,0.0,9789.01,4,1,0.25,0
LGS2ORD0028477,C011434,2025-08-14 12:00:00,Male,53,Bronze,TV,Bangkok,257,Web,PromptPay,12,8,3,0,>50,8.566666666666666,8.0,3.0,0.375,127,49,4261.637500000001,0.23,0.625,0.375,0.0,0.0,0,0,0.0,0.0,0,0,0.0,4786.54,1,0,0.0,34093.100000000006,8,3,0.375,0
LGS2ORD0028478,C012696,2025-08-14 12:00:00,Male,46,Bronze,Web,Remote_Area,877,Web,COD,12,8,3,0,40-50,29.233333333333334,3.0,0.0,0.0,-1,95,1439.4566666666667,0.08,0.0,0.0,0.0,0.0,0,0,0.0,0.0,0,0,0.0,0.0,0,0,0.0,4318.37,3,0,0.0,0
LGS2ORD0028479,C013524,2025-08-14 13:00:00,Other,29,Gold,TV,Phuket,655,Web,PromptPay,13,8,3,0,20-30,21.833333333333332,1.0,0.0,0.0,-1,137,505.08,0.08,1.0,0.0,0.0,0.0,0,0,0.0,0.0,0,0,0.0,0.0,0,0,0.0,505.08,1,0,0.0,0
LGS2ORD0028480,C010533,2025-08-14 13:00:00,Female,41,Gold,TV,Songkhla,1590,Lazada,Credit_Card,13,8,3,0,40-50,53.0,1.0,0.0,0.0,-1,25,670.96,0.08,0.0,0.0,0.0,0.0,0,0,0.0,670.96,1,0,0.0,670.96,1,0,0.0,670.96,1,0,0.0,0
LGS2ORD0028481,C013285,2025-08-14 13:00:00,Female,37,Platinum,Lazada,Khon Kaen,304,TV_Show,COD,13,8,3,0,30-40,10.133333333333333,1.0,0.0,0.0,-1,27,768.88,0.15,1.0,0.0,0.0,0.0,0,0,0.0,768.88,1,0,0.0,768.88,1,0,0.0,768.88,1,0,0.0,1
LGS2ORD0028482,C010082,2025-08-14 13:00:00,Female,42,Gold,Shopee,Remote_Area,1329,Lazada,COD,13,8,3,0,40-50,44.3,4.0,2.0,0.5,1,13,12941.585000000001,0.28,1.0,0.75,0.0,0.0,0,0,0.0,11716.43,1,1,1.0,11716.43,1,1,1.0,51766.340000000004,4,2,0.5,0
LGS2ORD0028483,C010806,2025-08-14 13:00:00,Female,45,Platinum,Shopee,Phuket,777,Shopee,COD,13,8,3,0,40-50,25.9,5.0,2.0,0.4,122,36,4706.33,0.35,0.8,0.6,0.0,0.0,0,0,0.0,0.0,0,0,0.0,5969.13,2,0,0.0,23531.65,5,2,0.4,1
LGS2ORD0028484,C014311,2025-08-14 14:00:00,Female,46,Bronze,Web,Chiang Mai,955,Web,Credit_Card,14,8,3,0,40-50,31.833333333333332,5.0,2.0,0.4,47,35,6535.7080000000005,0.23,0.4,0.2,0.0,0.0,0,0,0.0,0.0,0,0,0.0,22151.339999999997,3,1,0.3333333333333333,32678.54,5,2,0.4,0
LGS2ORD0028485,C013702,2025-08-14 14:00:00,Male,32,Silver,Shopee,Bangkok,907,Web,Bank_Transfer,14,8,3,0,30-40,30.233333333333334,3.0,1.0,0.3333333333333333,67,20,2849.2433333333333,0.3,0.6666666666666666,0.3333333333333333,0.0,0.0,0,0,0.0,3893.18,1,0,0.0,6577.139999999999,2,1,0.5,8547.73,3,1,0.3333333333333333,0
LGS2ORD0028486,C014572,2025-08-14 14:00:00,Male,58,Platinum,Web,Bangkok,1296,TV_Show,COD,14,8,3,0,>50,43.2,1.0,0.0,0.0,-1,61,6384.27,0.3,0.0,1.0,0.0,0.0,0,0,0.0,0.0,0,0,0.0,6384.27,1,0,0.0,6384.27,1,0,0.0,1
LGS2ORD0028487,C010270,2025-08-14 14:00:00,Male,58,Bronze,Web,Khon Kaen,985,TV_Show,COD,14,8,3,0,>50,32.833333333333336,2.0,1.0,0.5,198,96,930.385,0.28,0.0,0.5,0.0,0.0,0,0,0.0,0.0,0,0,0.0,0.0,0,0,0.0,1860.77,2,1,0.5,0
LGS2ORD0028488,C016002,2025-08-14 14:00:00,Female,35,Silver,Lazada,Nakhon Ratchasima,1007,Shopee,COD,14,8,3,0,30-40,33.56666666666667,7.0,2.0,0.2857142857142857,29,41,7109.134285714287,0.3,0.42857142857142855,0.2857142857142857,0.0,0.0,0,0,0.0,0.0,0,0,0.0,1587.4,1,1,1.0,49763.94000000001,7,2,0.2857142857142857,0
LGS2ORD0028489,C011576,2025-08-14 15:00:00,Female,19,Bronze,Shopee,Songkhla,1397,Shopee,COD,15,8,3,0,<20,46.56666666666667,4.0,1.0,0.25,150,33,6547.34,0.23,0.5,0.25,0.0,0.0,0,0,0.0,0.0,0,0,0.0,15487.16,1,0,0.0,26189.36,4,1,0.25,0
LGS2ORD0028490,C016306,2025-08-14 15:00:00,Male,28,Bronze,TV,Phuket,1050,Shopee,COD,15,8,3,0,20-30,35.0,1.0,0.0,0.0,-1,33,1108.94,0.28,1.0,1.0,0.0,0.0,0,0,0.0,0.0,0,0,0.0,1108.94,1,0,0.0,1108.94,1,0,0.0,1
LGS2ORD0028491,C012244,2025-08-14 15:00:00,Female,34,Silver,TV,Bangkok,942,TV_Show,COD,15,8,3,0,30-40,31.4,1.0,0.0,0.0,-1,200,15701.3,0.05,0.0,0.0,0.0,0.0,0,0,0.0,0.0,0,0,0.0,0.0,0,0,0.0,15701.3,1,0,0.0,1
LGS2ORD0028492,C012423,2025-08-14 15:00:00,Female,57,Bronze,CallCenter,Remote_Area,1011,Lazada,Credit_Card,15,8,3,0,>50,33.7,6.0,2.0,0.3333333333333333,29,36,4583.011666666666,0.28,0.16666666666666666,0.6666666666666666,0.0,0.0,0,0,0.0,0.0,0,0,0.0,22556.26,3,2,0.6666666666666666,27498.069999999996,6,2,0.3333333333333333,0
LGS2ORD0028493,C014901,2025-08-14 15:00:00,Female,28,Bronze,TV,Bangkok,1396,TV_Show,COD,15,8,3,0,20-30,46.53333333333333,3.0,1.0,0.3333333333333333,46,55,4169.113333333334,0.23,0.6666666666666666,0.3333333333333333,0.0,0.0,0,0,0.0,0.0,0,0,0.0,6086.1,2,1,0.5,12507.34,3,1,0.3333333333333333,0
LGS2ORD0028494,C017622,2025-08-14 15:00:00,Female,49,Silver,TV,Chiang Mai,1120,Shopee,Credit_Card,15,8,3,0,40-50,37.333333333333336,4.0,1.0,0.25,168,120,3418.7125,0.2,0.75,0.0,0.0,0.0,0,0,0.0,0.0,0,0,0.0,0.0,0,0,0.0,13674.85,4,1,0.25,0
LGS2ORD0028495,C015024,2025-08-14 16:00:00,Male,27,Bronze,Web,Songkhla,1415,Shopee,Bank_Transfer,16,8,3,0,20-30,47.166666666666664,8.0,3.0,0.375,-10,3,3705.93625,0.28,0.75,0.5,0.0,1684.44,1,1,1.0,5913.639999999999,3,1,0.3333333333333333,10365.18,4,1,0.25,29647.49,8,3,0.375,1
LGS2ORD0028496,C010731,2025-08-14 16:00:00,Female,30,Silver,TV,Khon Kaen,605,Shopee,Credit_Card,16,8,3,0,20-30,20.166666666666668,6.0,2.0,0.3333333333333333,102,2,1963.8216666666667,0.3,0.8333333333333334,0.5,0.0,1572.42,1,0,0.0,1572.42,1,0,0.0,5807.41,3,0,0.0,11782.93,6,2,0.3333333333333333,0
LGS2ORD0028497,C012699,2025-08-14 16:00:00,Female,34,Gold,TV,Bangkok,503,CallCenter,Credit_Card,16,8,3,0,30-40,16.766666666666666,1.0,0.0,0.0,-1,47,1103.22,0.2299999999999999,0.0,1.0,0.0,0.0,0,0,0.0,0.0,0,0,0.0,1103.22,1,0,0.0,1103.22,1,0,0.0,0
LGS2ORD0028498,C017152,2025-08-14 16:00:00,Male,45,Silver,TV,Remote_Area,803,Shopee,Credit_Card,16,8,3,0,40-50,26.766666666666666,3.0,0.0,0.0,-1,90,3954.306666666667,0.25,0.3333333333333333,0.3333333333333333,0.0,0.0,0,0,0.0,0.0,0,0,0.0,0.0,0,0,0.0,11862.92,3,0,0.0,1
LGS2ORD0028499,C012454,2025-08-14 16:00:00,Male,25,Silver,Web,Remote_Area,824,Web,Bank_Transfer,16,8,3,0,20-30,27.466666666666665,0.0,0.0,0.0,-1,-1,0.0,0.0,0.0,0.0,0.0,0.0,0,0,0.0,0.0,0,0,0.0,0.0,0,0,0.0,0.0,0,0,0.0,1
LGS2ORD0028500,C014373,2025-08-14 17:00:00,Male,31,Platinum,Web,Chonburi,931,Web,Credit_Card,17,8,3,0,30-40,31.033333333333335,1.0,0.0,0.0,-1,188,6903.35,0.1,1.0,0.0,0.0,0.0,0,0,0.0,0.0,0,0,0.0,0.0,0,0,0.0,6903.35,1,0,0.0,1
LGS2ORD0028501,C014176,2025-08-14 17:00:00,Male,28,Gold,CallCenter,Khon Kaen,891,TV_Show,Credit_Card,17,8,3,0,20-30,29.7,1.0,0.0,0.0,-1,22,906.48,0.13,0.0,0.0,0.0,0.0,0,0,0.0,906.48,1,0,0.0,906.48,1,0,0.0,906.48,1,0,0.0,1
LGS2ORD0028502,C017869,2025-08-14 17:00:00,Male,43,Silver,TV,Songkhla,308,Lazada,PromptPay,17,8,3,0,40-50,10.266666666666667,6.0,1.0,0.16666666666666666,19,33,4709.763333333333,0.3,0.5,0.3333333333333333,0.0,0.0,0,0,0.0,0.0,0,0,0.0,15831.61,2,1,0.5,28258.58,6,1,0.16666666666666666,0
LGS2ORD0028503,C012451,2025-08-14 17:00:00,Male,27,Platinum,TV,Chonburi,1189,Lazada,COD,17,8,3,0,20-30,39.63333333333333,3.0,0.0,0.0,-1,69,6264.893333333333,0.15,0.3333333333333333,0.0,0.0,0.0,0,0,0.0,0.0,0,0,0.0,4139.08,1,0,0.0,18794.68,3,0,0.0,0
LGS2ORD0028504,C017841,2025-08-14 17:00:00,Female,72,Silver,TV,Phuket,495,Lazada,COD,17,8,3,0,>50,16.5,5.0,3.0,0.6,13,25,2096.6440000000002,0.3,1.0,0.4,0.0,0.0,0,0,0.0,3843.88,1,1,1.0,6205.84,3,3,1.0,10483.220000000001,5,3,0.6,1
LGS2ORD0028505,C016621,2025-08-14 18:00:00,Male,34,Gold,Web,Chiang Mai,1022,CallCenter,COD,18,8,3,0,30-40,34.06666666666667,2.0,1.0,0.5,116,43,2056.035,0.2299999999999999,0.0,1.0,0.0,0.0,0,0,0.0,0.0,0,0,0.0,3382.43,1,0,0.0,4112.07,2,1,0.5,0
LGS2ORD0028506,C013844,2025-08-14 18:00:00,Other,51,Gold,Shopee,Khon Kaen,360,TV_Show,Credit_Card,18,8,3,0,>50,12.0,0.0,0.0,0.0,-1,-1,0.0,0.0,0.0,0.0,0.0,0.0,0,0,0.0,0.0,0,0,0.0,0.0,0,0,0.0,0.0,0,0,0.0,0
LGS2ORD0028507,C016898,2025-08-14 18:00:00,Female,49,Bronze,Shopee,Phuket,1492,Shopee,COD,18,8,3,0,40-50,49.733333333333334,12.0,3.0,0.25,92,30,8352.530833333332,0.28,0.3333333333333333,0.25,0.0,0.0,0,0,0.0,0.0,0,0,0.0,10321.82,3,0,0.0,100230.37,12,3,0.25,0
LGS2ORD0028508,C014169,2025-08-14 18:00:00,Male,39,Bronze,Web,Bangkok,1514,Lazada,Credit_Card,18,8,3,0,30-40,50.46666666666667,8.0,1.0,0.125,23,27,4792.62375,0.23,0.875,0.125,0.125,0.0,0,0,0.0,1534.01,1,1,1.0,8413.87,4,1,0.25,38340.99,8,1,0.125,0
LGS2ORD0028509,C010545,2025-08-14 18:00:00,Female,35,Bronze,TV,Chiang Mai,899,TV_Show,PromptPay,18,8,3,0,30-40,29.966666666666665,2.0,0.0,0.0,-1,9,1741.3049999999998,0.23,0.5,0.5,0.0,0.0,0,0,0.0,2551.58,1,0,0.0,2551.58,1,0,0.0,3482.6099999999997,2,0,0.0,0
LGS2ORD0028510,C013000,2025-08-14 19:00:00,Female,43,Silver,TV,Chiang Mai,1390,CallCenter,PromptPay,19,8,3,0,40-50,46.333333333333336,5.0,1.0,0.2,87,9,4288.09,0.1,0.0,0.0,0.0,0.0,0,0,0.0,10582.23,1,0,0.0,14009.92,3,0,0.0,21440.45,5,1,0.2,0
LGS2ORD0028511,C015407,2025-08-14 19:00:00,Female,56,Gold,Lazada,Songkhla,789,Web,COD,19,8,3,0,>50,26.3,6.0,2.0,0.3333333333333333,21,33,3077.456666666667,0.28,0.5,0.6666666666666666,0.0,0.0,0,0,0.0,0.0,0,0,0.0,6325.73,2,1,0.5,18464.74,6,2,0.3333333333333333,1
LGS2ORD0028512,C015920,2025-08-14 19:00:00,Male,54,Silver,TV,Songkhla,1106,Lazada,COD,19,8,3,0,>50,36.86666666666667,3.0,2.0,0.6666666666666666,68,82,1262.14,0.25,0.6666666666666666,0.3333333333333333,0.0,0.0,0,0,0.0,0.0,0,0,0.0,1255.04,1,1,1.0,3786.42,3,2,0.6666666666666666,1
LGS2ORD0028513,C013937,2025-08-14 19:00:00,Male,40,Silver,Lazada,Khon Kaen,981,TV_Show,Credit_Card,19,8,3,0,30-40,32.7,6.0,2.0,0.3333333333333333,9,3,6793.32,0.3,1.0,0.16666666666666666,0.0,6304.2,1,0,0.0,12214.59,2,1,0.5,16946.72,3,2,0.6666666666666666,40759.92,6,2,0.3333333333333333,0
LGS2ORD0028514,C011583,2025-08-14 19:00:00,Female,64,Silver,Web,Chiang Mai,1602,CallCenter,COD,19,8,3,0,>50,53.4,1.0,0.0,0.0,-1,4,7420.52,0.15,1.0,0.0,0.0,7420.52,1,0,0.0,7420.52,1,0,0.0,7420.52,1,0,0.0,7420.52,1,0,0.0,0
LGS2ORD0028515,C014861,2025-08-14 19:00:00,Male,39,Gold,Lazada,Songkhla,1485,Shopee,Credit_Card,19,8,3,0,30-40,49.5,1.0,0.0,0.0,-1,64,294.03,0.2299999999999999,0.0,1.0,0.0,0.0,0,0,0.0,0.0,0,0,0.0,294.03,1,0,0.0,294.03,1,0,0.0,0
LGS2ORD0028516,C012008,2025-08-14 20:00:00,Female,36,Silver,CallCenter,Khon Kaen,1028,TV_Show,COD,20,8,3,0,30-40,34.266666666666666,3.0,1.0,0.3333333333333333,108,114,4290.38,0.2,0.3333333333333333,0.0,0.0,0.0,0,0,0.0,0.0,0,0,0.0,0.0,0,0,0.0,12871.14,3,1,0.3333333333333333,1
LGS2ORD0028517,C011522,2025-08-14 20:00:00,Male,53,Silver,TV,Khon Kaen,343,TV_Show,COD,20,8,3,0,>50,11.433333333333334,5.0,1.0,0.2,115,21,7343.768000000001,0.2,0.2,0.0,0.0,0.0,0,0,0.0,19314.06,1,0,0.0,20599.47,2,0,0.0,36718.840000000004,5,1,0.2,1
LGS2ORD0028518,C010244,2025-08-14 20:00:00,Male,35,Gold,Shopee,Songkhla,470,Web,PromptPay,20,8,3,0,30-40,15.666666666666666,3.0,2.0,0.6666666666666666,0,14,8431.653333333334,0.28,0.3333333333333333,0.3333333333333333,0.0,0.0,0,0,0.0,23138.55,1,1,1.0,23138.55,1,1,1.0,25294.96,3,2,0.6666666666666666,0
LGS2ORD0028519,C012729,2025-08-14 20:00:00,Female,38,Silver,TV,Bangkok,1458,Shopee,PromptPay,20,8,3,0,30-40,48.6,1.0,1.0,1.0,178,185,2774.71,0.05,0.0,0.0,0.0,0.0,0,0,0.0,0.0,0,0,0.0,0.0,0,0,0.0,2774.71,1,1,1.0,0
LGS2ORD0028520,C013540,2025-08-14 20:00:00,Other,40,Silver,CallCenter,Bangkok,1455,Web,COD,20,8,3,0,30-40,48.5,3.0,0.0,0.0,-1,55,3089.93,0.3,0.0,0.3333333333333333,0.0,0.0,0,0,0.0,0.0,0,0,0.0,6743.93,2,0,0.0,9269.789999999999,3,0,0.0,0
LGS2ORD0028521,C011520,2025-08-14 21:00:00,Male,59,Bronze,Shopee,Songkhla,1466,Lazada,COD,21,8,3,0,>50,48.86666666666667,7.0,2.0,0.2857142857142857,39,49,3052.7371428571428,0.28,0.42857142857142855,0.42857142857142855,0.0,0.0,0,0,0.0,0.0,0,0,0.0,4599.63,3,1,0.3333333333333333,21369.16,7,2,0.2857142857142857,0
LGS2ORD0028522,C016089,2025-08-14 21:00:00,Female,40,Silver,TV,Chiang Mai,596,CallCenter,Bank_Transfer,21,8,3,0,30-40,19.866666666666667,2.0,1.0,0.5,119,82,13635.305,0.25,0.5,0.5,0.0,0.0,0,0,0.0,0.0,0,0,0.0,1187.42,1,0,0.0,27270.61,2,1,0.5,0
LGS2ORD0028523,C011196,2025-08-14 21:00:00,Male,57,Bronze,Lazada,Bangkok,535,Shopee,Credit_Card,21,8,3,0,>50,17.833333333333332,8.0,0.0,0.0,-1,17,7880.532499999999,0.28,0.5,0.125,0.0,0.0,0,0,0.0,1066.55,1,0,0.0,1261.06,2,0,0.0,63044.259999999995,8,0,0.0,1
LGS2ORD0028524,C010696,2025-08-14 21:00:00,Female,52,Bronze,Web,Nakhon Ratchasima,425,Web,COD,21,8,3,0,>50,14.166666666666666,5.0,0.0,0.0,-1,82,10443.034,0.23,0.6,0.4,0.0,0.0,0,0,0.0,0.0,0,0,0.0,1604.62,1,0,0.0,52215.17,5,0,0.0,0
LGS2ORD0028525,C016258,2025-08-14 21:00:00,Female,67,Platinum,TV,Songkhla,755,Web,Credit_Card,21,8,3,0,>50,25.166666666666668,4.0,1.0,0.25,164,47,8836.67,0.35,0.25,0.25,0.0,0.0,0,0,0.0,0.0,0,0,0.0,8442.79,1,0,0.0,35346.68,4,1,0.25,1
LGS2ORD0028526,C014848,2025-08-14 22:00:00,Female,27,Silver,Web,Bangkok,1330,Web,COD,22,8,3,0,20-30,44.333333333333336,4.0,3.0,0.75,99,50,5293.4075,0.25,0.0,0.5,0.0,0.0,0,0,0.0,0.0,0,0,0.0,1100.54,1,0,0.0,21173.63,4,3,0.75,0
LGS2ORD0028527,C016565,2025-08-14 22:00:00,Male,49,Bronze,TV,Phuket,407,TV_Show,Credit_Card,22,8,3,0,40-50,13.566666666666666,2.0,0.0,0.0,-1,153,2964.645,0.13,0.0,0.0,0.0,0.0,0,0,0.0,0.0,0,0,0.0,0.0,0,0,0.0,5929.29,2,0,0.0,0
LGS2ORD0028528,C014215,2025-08-14 22:00:00,Female,68,Bronze,TV,Phuket,694,Web,COD,22,8,3,0,>50,23.133333333333333,6.0,4.0,0.6666666666666666,10,19,8735.031666666668,0.28,0.8333333333333334,0.5,0.0,0.0,0,0,0.0,2671.53,2,2,1.0,38378.7,4,3,0.75,52410.19,6,4,0.6666666666666666,1
LGS2ORD0028529,C016474,2025-08-14 22:00:00,Male,40,Bronze,TV,Khon Kaen,1113,Lazada,Credit_Card,22,8,3,0,30-40,37.1,6.0,1.0,0.16666666666666666,76,44,6601.788333333334,0.28,0.6666666666666666,0.16666666666666666,0.0,0.0,0,0,0.0,0.0,0,0,0.0,7639.53,1,0,0.0,39610.73,6,1,0.16666666666666666,0
LGS2ORD0028530,C010157,2025-08-14 22:00:00,Female,47,Silver,Lazada,Khon Kaen,992,Web,COD,22,8,3,0,40-50,33.06666666666667,5.0,0.0,0.0,-1,22,4016.1760000000004,0.3,0.2,0.4,0.0,0.0,0,0,0.0,7309.92,1,0,0.0,11611.66,3,0,0.0,20080.88,5,0,0.0,0
LGS2ORD0028531,C015456,2025-08-14 23:00:00,Female,47,Bronze,TV,Songkhla,408,TV_Show,COD,23,8,3,0,40-50,13.6,5.0,3.0,0.6,34,42,1942.0819999999999,0.28,0.6,0.2,0.0,0.0,0,0,0.0,0.0,0,0,0.0,5591.620000000001,2,2,1.0,9710.41,5,3,0.6,1
LGS2ORD0028532,C010588,2025-08-14 23:00:00,Male,40,Bronze,Shopee,Remote_Area,1322,TV_Show,Credit_Card,23,8,3,0,30-40,44.06666666666667,5.0,0.0,0.0,-1,40,2291.862,0.28,0.2,0.6,0.0,0.0,0,0,0.0,0.0,0,0,0.0,1201.81,1,0,0.0,11459.31,5,0,0.0,0
LGS2ORD0028533,C014261,2025-08-14 23:00:00,Male,28,Bronze,Shopee,Bangkok,1213,Lazada,Bank_Transfer,23,8,3,0,20-30,40.43333333333333,7.0,3.0,0.42857142857142855,4,15,3468.444285714286,0.28,0.8571428571428571,0.5714285714285714,0.0,0.0,0,0,0.0,5914.72,2,1,0.5,9847.52,3,2,0.6666666666666666,24279.11,7,3,0.42857142857142855,0
LGS2ORD0028534,C012717,2025-08-14 23:00:00,Male,58,Bronze,Shopee,Chonburi,1483,TV_Show,COD,23,8,3,0,>50,49.43333333333333,11.0,2.0,0.18181818181818182,33,2,4305.3436363636365,0.23,0.36363636363636365,0.2727272727272727,0.0,2048.02,2,0,0.0,2048.02,2,0,0.0,32417.54,5,1,0.2,47358.78,11,2,0.18181818181818182,1
LGS2ORD0028535,C011523,2025-08-14 23:00:00,Female,31,Silver,TV,Bangkok,433,CallCenter,COD,23,8,3,0,30-40,14.433333333333334,5.0,1.0,0.2,95,69,1055.116,0.25,0.4,0.4,0.0,0.0,0,0,0.0,0.0,0,0,0.0,1116.43,1,0,0.0,5275.58,5,1,0.2,1
LGS2ORD0028536,C014307,2025-08-14 23:00:00,Female,51,Bronze,Lazada,Songkhla,466,Shopee,Credit_Card,23,8,3,0,>50,15.533333333333333,4.0,0.0,0.0,-1,18,4208.342500000001,0.28,0.5,0.25,0.0,0.0,0,0,0.0,6445.68,1,0,0.0,9883.55,2,0,0.0,16833.370000000003,4,0,0.0,0
LGS2ORD0028537,C015239,2025-08-15 00:00:00,Female,51,Silver,TV,Khon Kaen,1107,TV_Show,COD,0,8,4,0,>50,36.9,4.0,0.0,0.0,-1,6,7425.7575,0.2,0.0,0.0,0.0,3594.75,1,0,0.0,3594.75,1,0,0.0,19965.68,3,0,0.0,29703.03,4,0,0.0,0
LGS2ORD0028538,C012410,2025-08-15 00:00:00,Female,53,Bronze,TV,Bangkok,1455,CallCenter,COD,0,8,4,0,>50,48.5,4.0,1.0,0.25,130,136,2083.4575,0.23,0.25,0.25,0.0,0.0,0,0,0.0,0.0,0,0,0.0,0.0,0,0,0.0,8333.83,4,1,0.25,0
LGS2ORD0028539,C013148,2025-08-15 00:00:00,Female,28,Bronze,TV,Khon Kaen,331,Shopee,Bank_Transfer,0,8,4,0,20-30,11.033333333333333,5.0,0.0,0.0,-1,33,7255.258,0.23,0.6,0.2,0.0,0.0,0,0,0.0,0.0,0,0,0.0,16764.47,2,0,0.0,36276.29,5,0,0.0,0
LGS2ORD0028540,C013108,2025-08-15 00:00:00,Female,42,Bronze,Lazada,Khon Kaen,321,Lazada,COD,0,8,4,0,40-50,10.7,5.0,2.0,0.4,2,13,4117.532,0.28,0.6,0.2,0.0,0.0,0,0,0.0,2096.27,1,1,1.0,19593.87,4,1,0.25,20587.66,5,2,0.4,0
LGS2ORD0028541,C017306,2025-08-15 00:00:00,Female,22,Silver,Shopee,Chiang Mai,910,Web,COD,0,8,4,0,20-30,30.333333333333332,4.0,1.0,0.25,76,38,5855.0125,0.25,0.0,0.25,0.0,0.0,0,0,0.0,0.0,0,0,0.0,20564.899999999998,3,1,0.3333333333333333,23420.05,4,1,0.25,1
LGS2ORD0028542,C015889,2025-08-15 01:00:00,Female,36,Silver,TV,Bangkok,1013,TV_Show,COD,1,8,4,0,30-40,33.766666666666666,6.0,1.0,0.16666666666666666,84,6,5656.235,0.2,0.5,0.0,0.0,7286.9,1,0,0.0,7286.9,1,0,0.0,14604.68,2,0,0.0,33937.409999999996,6,1,0.16666666666666666,0
LGS2ORD0028543,C013361,2025-08-15 01:00:00,Male,37,Gold,Shopee,Bangkok,1357,Lazada,COD,1,8,4,0,30-40,45.233333333333334,2.0,1.0,0.5,120,134,2808.04,0.08,1.0,0.0,0.0,0.0,0,0,0.0,0.0,0,0,0.0,0.0,0,0,0.0,5616.08,2,1,0.5,0
LGS2ORD0028544,C015321,2025-08-15 01:00:00,Female,18,Silver,TV,Songkhla,1368,TV_Show,COD,1,8,4,0,<20,45.6,5.0,2.0,0.4,16,18,6267.538,0.25,0.6,0.6,0.0,0.0,0,0,0.0,7478.67,2,1,0.5,7478.67,2,1,0.5,31337.69,5,2,0.4,1
LGS2ORD0028545,C015194,2025-08-15 01:00:00,Female,34,Bronze,Web,Nakhon Ratchasima,285,Web,COD,1,8,4,0,30-40,9.5,6.0,0.0,0.0,-1,57,8029.376666666667,0.18,0.3333333333333333,0.0,0.0,0.0,0,0,0.0,0.0,0,0,0.0,13419.58,2,0,0.0,48176.26,6,0,0.0,0
LGS2ORD0028546,C014237,2025-08-15 01:00:00,Female,28,Silver,Web,Bangkok,1203,TV_Show,Bank_Transfer,1,8,4,0,20-30,40.1,1.0,0.0,0.0,-1,153,1720.83,0.05,1.0,0.0,0.0,0.0,0,0,0.0,0.0,0,0,0.0,0.0,0,0,0.0,1720.83,1,0,0.0,0
LGS2ORD0028547,C011538,2025-08-15 02:00:00,Female,55,Bronze,TV,Phuket,496,Web,Credit_Card,2,8,4,0,>50,16.533333333333335,7.0,3.0,0.42857142857142855,124,42,5739.354285714287,0.28,0.7142857142857143,0.14285714285714285,0.0,0.0,0,0,0.0,0.0,0,0,0.0,16366.24,3,0,0.0,40175.48,7,3,0.42857142857142855,0
LGS2ORD0028548,C013502,2025-08-15 02:00:00,Other,52,Bronze,Web,Chonburi,1228,CallCenter,COD,2,8,4,0,>50,40.93333333333333,2.0,0.0,0.0,-1,4,1459.23,0.18,0.5,0.0,0.0,1072.72,1,0,0.0,1072.72,1,0,0.0,1072.72,1,0,0.0,2918.46,2,0,0.0,0
LGS2ORD0028549,C017284,2025-08-15 02:00:00,Female,49,Bronze,Shopee,Songkhla,722,TV_Show,COD,2,8,4,0,40-50,24.066666666666666,6.0,2.0,0.3333333333333333,71,80,6060.578333333334,0.23,0.5,0.16666666666666666,0.0,0.0,0,0,0.0,0.0,0,0,0.0,19739.26,1,1,1.0,36363.47,6,2,0.3333333333333333,1
LGS2ORD0028550,C013750,2025-08-15 02:00:00,Female,38,Gold,CallCenter,Nakhon Ratchasima,837,Lazada,Credit_Card,2,8,4,0,30-40,27.9,2.0,0.0,0.0,-1,130,4162.1849999999995,0.2299999999999999,0.5,0.5,0.0,0.0,0,0,0.0,0.0,0,0,0.0,0.0,0,0,0.0,8324.369999999999,2,0,0.0,0
LGS2ORD0028551,C013873,2025-08-15 02:00:00,Female,27,Platinum,Web,Chiang Mai,574,Lazada,COD,2,8,4,0,20-30,19.133333333333333,1.0,0.0,0.0,-1,51,1502.6,0.3,0.0,1.0,0.0,0.0,0,0,0.0,0.0,0,0,0.0,1502.6,1,0,0.0,1502.6,1,0,0.0,1
LGS2ORD0028552,C015259,2025-08-15 03:00:00,Male,50,Silver,TV,Songkhla,1154,Shopee,COD,3,8,4,0,40-50,38.46666666666667,3.0,1.0,0.3333333333333333,78,71,4953.323333333333,0.25,0.3333333333333333,0.6666666666666666,0.0,0.0,0,0,0.0,0.0,0,0,0.0,14650.38,2,1,0.5,14859.97,3,1,0.3333333333333333,0
LGS2ORD0028553,C017587,2025-08-15 03:00:00,Male,19,Gold,TV,Khon Kaen,704,Lazada,COD,3,8,4,0,<20,23.466666666666665,6.0,2.0,0.3333333333333333,136,80,2694.765,0.33,0.6666666666666666,0.3333333333333333,0.0,0.0,0,0,0.0,0.0,0,0,0.0,1785.85,1,0,0.0,16168.59,6,2,0.3333333333333333,0
LGS2ORD0028554,C015442,2025-08-15 03:00:00,Female,64,Silver,CallCenter,Songkhla,1612,Shopee,PromptPay,3,8,4,0,>50,53.733333333333334,2.0,2.0,1.0,115,121,4648.68,0.15,1.0,0.0,0.0,0.0,0,0,0.0,0.0,0,0,0.0,0.0,0,0,0.0,9297.36,2,2,1.0,0
LGS2ORD0028555,C011768,2025-08-15 03:00:00,Male,31,Bronze,Lazada,Songkhla,1285,TV_Show,PromptPay,3,8,4,0,30-40,42.833333333333336,8.0,2.0,0.25,29,10,4723.62625,0.23,0.625,0.125,0.0,0.0,0,0,0.0,8161.780000000001,2,0,0.0,21442.66,5,2,0.4,37789.01,8,2,0.25,0
LGS2ORD0028556,C014443,2025-08-15 03:00:00,Male,47,Silver,TV,Remote_Area,1583,Shopee,COD,3,8,4,0,40-50,52.766666666666666,10.0,4.0,0.4,76,24,8115.379999999999,0.3,0.6,0.6,0.0,0.0,0,0,0.0,2901.9,1,0,0.0,8496.56,3,0,0.0,81153.79999999999,10,4,0.4,0
LGS2ORD0028557,C013548,2025-08-15 03:00:00,Female,50,Silver,Shopee,Bangkok,730,CallCenter,COD,3,8,4,0,40-50,24.333333333333332,4.0,2.0,0.5,157,1,6073.1825,0.2,0.25,0.0,0.0,3546.18,1,0,0.0,4260.86,2,0,0.0,4260.86,2,0,0.0,24292.73,4,2,0.5,1
LGS2ORD0028558,C010004,2025-08-15 04:00:00,Male,42,Platinum,Shopee,Chonburi,556,Lazada,COD,4,8,4,0,40-50,18.533333333333335,5.0,1.0,0.2,-5,1,3495.6400000000003,0.3,1.0,0.6,0.0,1892.32,1,1,1.0,1892.32,1,1,1.0,10254.43,3,1,0.3333333333333333,17478.2,5,1,0.2,0
LGS2ORD0028559,C010397,2025-08-15 04:00:00,Male,34,Bronze,Web,Nakhon Ratchasima,291,Lazada,Credit_Card,4,8,4,0,30-40,9.7,4.0,0.0,0.0,-1,6,2911.2175,0.28,0.5,0.25,0.0,1193.53,1,0,0.0,1193.53,1,0,0.0,1193.53,1,0,0.0,11644.87,4,0,0.0,1
LGS2ORD0028560,C016868,2025-08-15 04:00:00,Male,33,Silver,Lazada,Khon Kaen,1661,Shopee,Bank_Transfer,4,8,4,0,30-40,55.36666666666667,6.0,1.0,0.16666666666666666,16,23,2525.956666666667,0.25,0.5,0.16666666666666666,0.0,0.0,0,0,0.0,3301.68,1,1,1.0,9521.26,4,1,0.25,15155.740000000002,6,1,0.16666666666666666,1
LGS2ORD0028561,C012174,2025-08-15 04:00:00,Female,32,Bronze,TV,Remote_Area,561,Web,COD,4,8,4,0,30-40,18.7,5.0,0.0,0.0,-1,8,7749.6579999999985,0.28,0.4,0.4,0.0,0.0,0,0,0.0,1726.38,1,0,0.0,2737.48,2,0,0.0,38748.28999999999,5,0,0.0,0
LGS2ORD0028562,C014543,2025-08-15 04:00:00,Female,40,Silver,TV,Remote_Area,1573,TV_Show,COD,4,8,4,0,30-40,52.43333333333333,1.0,0.0,0.0,-1,181,23472.06,0.05,0.0,0.0,0.0,0.0,0,0,0.0,0.0,0,0,0.0,0.0,0,0,0.0,23472.06,1,0,0.0,0
LGS2ORD0028563,C013109,2025-08-15 05:00:00,Male,46,Bronze,Shopee,Khon Kaen,1389,Shopee,Credit_Card,5,8,4,0,40-50,46.3,4.0,1.0,0.25,10,27,8911.465,0.28,1.0,0.5,0.0,0.0,0,0,0.0,235.79,1,1,1.0,27112.86,2,1,0.5,35645.86,4,1,0.25,0
LGS2ORD0028564,C012462,2025-08-15 05:00:00,Female,46,Silver,Shopee,Khon Kaen,1497,Web,Credit_Card,5,8,4,0,40-50,49.9,2.0,0.0,0.0,-1,85,9531.32,0.2,0.0,0.0,0.0,0.0,0,0,0.0,0.0,0,0,0.0,1469.67,1,0,0.0,19062.64,2,0,0.0,0
LGS2ORD0028565,C011681,2025-08-15 05:00:00,Male,42,Bronze,Shopee,Bangkok,252,Lazada,COD,5,8,4,0,40-50,8.4,7.0,1.0,0.14285714285714285,64,46,4749.595714285715,0.18,0.7142857142857143,0.0,0.0,0.0,0,0,0.0,0.0,0,0,0.0,10360.539999999999,3,1,0.3333333333333333,33247.170000000006,7,1,0.14285714285714285,0
LGS2ORD0028566,C015109,2025-08-15 05:00:00,Female,58,Bronze,TV,Remote_Area,980,Web,COD,5,8,4,0,>50,32.666666666666664,3.0,1.0,0.3333333333333333,79,91,2320.9766666666665,0.28,0.6666666666666666,0.3333333333333333,0.0,0.0,0,0,0.0,0.0,0,0,0.0,0.0,0,0,0.0,6962.929999999999,3,1,0.3333333333333333,0
LGS2ORD0028567,C011686,2025-08-15 05:00:00,Female,53,Bronze,TV,Chiang Mai,1180,Lazada,COD,5,8,4,0,>50,39.333333333333336,8.0,0.0,0.0,-1,8,2130.6362500000005,0.28,0.75,0.125,0.125,0.0,0,0,0.0,5793.27,2,0,0.0,9905.02,3,0,0.0,17045.090000000004,8,0,0.0,1
LGS2ORD0028568,C017877,2025-08-15 06:00:00,Male,39,Bronze,Shopee,Phuket,819,Shopee,PromptPay,6,8,4,0,30-40,27.3,2.0,1.0,0.5,35,43,1815.0,0.28,1.0,1.0,0.0,0.0,0,0,0.0,0.0,0,0,0.0,1754.44,1,1,1.0,3630.0,2,1,0.5,0
LGS2ORD0028569,C016400,2025-08-15 06:00:00,Male,39,Silver,Lazada,Bangkok,728,TV_Show,COD,6,8,4,0,30-40,24.266666666666666,4.0,0.0,0.0,-1,37,2850.7374999999993,0.25,0.25,0.5,0.0,0.0,0,0,0.0,0.0,0,0,0.0,1975.76,2,0,0.0,11402.949999999997,4,0,0.0,0
LGS2ORD0028570,C011631,2025-08-15 06:00:00,Female,60,Bronze,Lazada,Bangkok,1434,Lazada,COD,6,8,4,0,>50,47.8,2.0,0.0,0.0,-1,140,1912.22,0.28,0.5,0.5,0.0,0.0,0,0,0.0,0.0,0,0,0.0,0.0,0,0,0.0,3824.44,2,0,0.0,1
LGS2ORD0028571,C015451,2025-08-15 06:00:00,Female,56,Silver,Web,Khon Kaen,1451,Lazada,PromptPay,6,8,4,0,>50,48.36666666666667,5.0,2.0,0.4,13,21,5073.336,0.3,0.4,0.2,0.0,0.0,0,0,0.0,6708.43,1,1,1.0,15286.41,2,2,1.0,25366.68,5,2,0.4,1
LGS2ORD0028572,C015174,2025-08-15 06:00:00,Male,47,Silver,Lazada,Bangkok,859,Lazada,Credit_Card,6,8,4,0,40-50,28.633333333333333,4.0,1.0,0.25,46,14,11590.942500000001,0.25,0.25,0.25,0.0,0.0,0,0,0.0,8642.66,1,0,0.0,35278.33,3,1,0.3333333333333333,46363.770000000004,4,1,0.25,1
LGS2ORD0028573,C011727,2025-08-15 07:00:00,Female,34,Bronze,Web,Phuket,1640,Web,COD,7,8,4,0,30-40,54.666666666666664,8.0,3.0,0.375,27,5,5912.186250000001,0.28,0.5,0.25,0.0,28073.75,2,0,0.0,31177.739999999998,3,0,0.0,43674.55,5,1,0.2,47297.490000000005,8,3,0.375,1
LGS2ORD0028574,C011780,2025-08-15 07:00:00,Male,38,Silver,TV,Phuket,1608,Shopee,Bank_Transfer,7,8,4,0,30-40,53.6,6.0,3.0,0.5,59,70,7284.548333333332,0.25,0.5,0.3333333333333333,0.0,0.0,0,0,0.0,0.0,0,0,0.0,28690.89,2,1,0.5,43707.28999999999,6,3,0.5,0
LGS2ORD0028575,C012421,2025-08-15 07:00:00,Male,66,Silver,CallCenter,Songkhla,895,TV_Show,Bank_Transfer,7,8,4,0,>50,29.833333333333332,2.0,0.0,0.0,-1,156,3092.3500000000004,0.25,1.0,0.5,0.0,0.0,0,0,0.0,0.0,0,0,0.0,0.0,0,0,0.0,6184.700000000001,2,0,0.0,1
LGS2ORD0028576,C016516,2025-08-15 07:00:00,Male,41,Bronze,TV,Chiang Mai,1134,TV_Show,COD,7,8,4,0,40-50,37.8,2.0,0.0,0.0,-1,53,2524.785,0.18,0.0,0.0,0.0,0.0,0,0,0.0,0.0,0,0,0.0,2098.57,1,0,0.0,5049.57,2,0,0.0,0
LGS2ORD0028577,C010087,2025-08-15 07:00:00,Female,41,Bronze,Shopee,Chiang Mai,1167,Shopee,COD,7,8,4,0,40-50,38.9,6.0,3.0,0.5,9,21,4080.853333333333,0.23,0.6666666666666666,0.5,0.0,0.0,0,0,0.0,2912.19,1,1,1.0,8453.04,3,3,1.0,24485.12,6,3,0.5,0
LGS2ORD0028578,C015776,2025-08-15 07:00:00,Female,56,Bronze,Shopee,Songkhla,1164,Web,COD,7,8,4,0,>50,38.8,3.0,2.0,0.6666666666666666,66,15,4745.743333333334,0.28,1.0,0.6666666666666666,0.0,0.0,0,0,0.0,4513.85,1,0,0.0,14237.230000000001,3,2,0.6666666666666666,14237.230000000001,3,2,0.6666666666666666,0
LGS2ORD0028579,C012723,2025-08-15 08:00:00,Male,20,Silver,Lazada,Chiang Mai,1226,Web,COD,8,8,4,0,<20,40.86666666666667,3.0,0.0,0.0,-1,41,6308.933333333334,0.2,0.3333333333333333,0.0,0.0,0.0,0,0,0.0,0.0,0,0,0.0,2682.49,1,0,0.0,18926.800000000003,3,0,0.0,0
LGS2ORD0028580,C010102,2025-08-15 08:00:00,Female,39,Bronze,Lazada,Chonburi,400,TV_Show,Bank_Transfer,8,8,4,0,30-40,13.333333333333334,4.0,0.0,0.0,-1,10,2483.335,0.08,0.5,0.0,0.0,0.0,0,0,0.0,1327.22,1,0,0.0,1327.22,1,0,0.0,9933.34,4,0,0.0,0
LGS2ORD0028581,C016772,2025-08-15 08:00:00,Male,70,Silver,Lazada,Phuket,650,TV_Show,PromptPay,8,8,4,0,>50,21.666666666666668,4.0,2.0,0.5,87,94,4958.87,0.25,0.0,0.5,0.0,0.0,0,0,0.0,0.0,0,0,0.0,0.0,0,0,0.0,19835.48,4,2,0.5,0
LGS2ORD0028582,C010798,2025-08-15 08:00:00,Female,28,Silver,Lazada,Phuket,433,TV_Show,COD,8,8,4,0,20-30,14.433333333333334,6.0,2.0,0.3333333333333333,33,5,6149.585,0.3,0.6666666666666666,0.3333333333333333,0.0,1350.47,1,0,0.0,3971.51,2,0,0.0,5775.43,3,1,0.3333333333333333,36897.51,6,2,0.3333333333333333,0
LGS2ORD0028583,C010242,2025-08-15 08:00:00,Female,72,Bronze,TV,Chonburi,532,Shopee,COD,8,8,4,0,>50,17.733333333333334,5.0,0.0,0.0,-1,25,2848.682,0.28,0.4,0.4,0.0,0.0,0,0,0.0,1476.62,1,0,0.0,1476.62,1,0,0.0,14243.41,5,0,0.0,0
LGS2ORD0028584,C011491,2025-08-15 09:00:00,Female,58,Bronze,TV,Phuket,1277,Lazada,Bank_Transfer,9,8,4,0,>50,42.56666666666667,2.0,1.0,0.5,103,54,1723.3899999999999,0.18,0.0,0.0,0.0,0.0,0,0,0.0,0.0,0,0,0.0,1615.56,1,0,0.0,3446.7799999999997,2,1,0.5,1
LGS2ORD0028585,C011306,2025-08-15 09:00:00,Female,40,Silver,CallCenter,Bangkok,605,Shopee,COD,9,8,4,0,30-40,20.166666666666668,2.0,0.0,0.0,-1,162,9283.15,0.05,0.5,0.0,0.0,0.0,0,0,0.0,0.0,0,0,0.0,0.0,0,0,0.0,18566.3,2,0,0.0,1
LGS2ORD0028586,C010414,2025-08-15 09:00:00,Male,65,Bronze,Lazada,Songkhla,809,Shopee,COD,9,8,4,0,>50,26.966666666666665,5.0,2.0,0.4,2,16,5158.08,0.23,0.8,0.2,0.0,0.0,0,0,0.0,7302.16,2,1,0.5,8291.77,3,1,0.3333333333333333,25790.4,5,2,0.4,0
LGS2ORD0028587,C014820,2025-08-15 09:00:00,Female,19,Bronze,TV,Chonburi,1457,Shopee,COD,9,8,4,0,<20,48.56666666666667,1.0,0.0,0.0,-1,104,6133.1,0.08,0.0,0.0,0.0,0.0,0,0,0.0,0.0,0,0,0.0,0.0,0,0,0.0,6133.1,1,0,0.0,0
LGS2ORD0028588,C015026,2025-08-15 09:00:00,Female,27,Silver,CallCenter,Chiang Mai,946,Shopee,Credit_Card,9,8,4,0,20-30,31.533333333333335,2.0,2.0,1.0,60,67,9368.865,0.25,1.0,0.5,0.0,0.0,0,0,0.0,0.0,0,0,0.0,17209.91,1,1,1.0,18737.73,2,2,1.0,0
LGS2ORD0028589,C014860,2025-08-15 10:00:00,Male,33,Bronze,TV,Songkhla,1307,Shopee,PromptPay,10,8,4,0,30-40,43.56666666666667,9.0,0.0,0.0,-1,5,5908.674444444445,0.28,0.6666666666666666,0.2222222222222222,0.0,2093.64,1,0,0.0,2093.64,1,0,0.0,13828.24,4,0,0.0,53178.07000000001,9,0,0.0,0
LGS2ORD0028590,C010934,2025-08-15 10:00:00,Male,41,Platinum,TV,Chonburi,434,Web,Bank_Transfer,10,8,4,0,40-50,14.466666666666667,4.0,1.0,0.25,30,46,6664.855,0.35,0.5,0.75,0.0,0.0,0,0,0.0,0.0,0,0,0.0,9794.710000000001,2,1,0.5,26659.42,4,1,0.25,0
LGS2ORD0028591,C012155,2025-08-15 10:00:00,Male,60,Bronze,TV,Khon Kaen,862,TV_Show,COD,10,8,4,0,>50,28.733333333333334,6.0,0.0,0.0,-1,19,5189.835,0.18,0.6666666666666666,0.0,0.0,0.0,0,0,0.0,4699.74,1,0,0.0,12393.05,3,0,0.0,31139.010000000002,6,0,0.0,0
LGS2ORD0028592,C016786,2025-08-15 10:00:00,Female,24,Silver,Shopee,Bangkok,531,Web,COD,10,8,4,0,20-30,17.7,3.0,0.0,0.0,-1,3,4874.79,0.3,0.3333333333333333,0.3333333333333333,0.0,901.97,1,0,0.0,901.97,1,0,0.0,901.97,1,0,0.0,14624.369999999999,3,0,0.0,1
LGS2ORD0028593,C010472,2025-08-15 10:00:00,Female,35,Silver,Lazada,Bangkok,1680,Lazada,Credit_Card,10,8,4,0,30-40,56.0,3.0,0.0,0.0,-1,43,8493.16,0.15,0.3333333333333333,0.0,0.0,0.0,0,0,0.0,0.0,0,0,0.0,24434.79,2,0,0.0,25479.48,3,0,0.0,0
LGS2ORD0028594,C014451,2025-08-15 10:00:00,Female,58,Silver,Web,Chonburi,1558,Web,PromptPay,10,8,4,0,>50,51.93333333333333,3.0,0.0,0.0,-1,95,5748.146666666667,0.2,0.3333333333333333,0.0,0.0,0.0,0,0,0.0,0.0,0,0,0.0,0.0,0,0,0.0,17244.440000000002,3,0,0.0,0
LGS2ORD0028595,C014548,2025-08-15 11:00:00,Female,35,Bronze,Shopee,Nakhon Ratchasima,744,TV_Show,COD,11,8,4,0,30-40,24.8,5.0,1.0,0.2,0,6,3196.826,0.23,0.6,0.4,0.0,1650.43,1,1,1.0,2231.27,2,1,0.5,2231.27,2,1,0.5,15984.130000000001,5,1,0.2,1
LGS2ORD0028596,C012543,2025-08-15 11:00:00,Male,51,Bronze,Lazada,Chiang Mai,651,Shopee,Credit_Card,11,8,4,0,>50,21.7,5.0,1.0,0.2,1,7,4327.79,0.28,0.4,0.2,0.0,0.0,0,0,0.0,1699.56,1,1,1.0,2231.04,2,1,0.5,21638.95,5,1,0.2,0
LGS2ORD0028597,C014229,2025-08-15 11:00:00,Male,46,Bronze,CallCenter,Nakhon Ratchasima,1660,CallCenter,Credit_Card,11,8,4,0,40-50,55.333333333333336,2.0,0.0,0.0,-1,71,2850.34,0.18,0.0,0.0,0.0,0.0,0,0,0.0,0.0,0,0,0.0,1366.58,1,0,0.0,5700.68,2,0,0.0,0
LGS2ORD0028598,C012509,2025-08-15 11:00:00,Female,25,Platinum,Web,Nakhon Ratchasima,949,TV_Show,Bank_Transfer,11,8,4,0,20-30,31.633333333333333,4.0,2.0,0.5,35,5,5375.795,0.25,0.5,0.5,0.0,3224.43,1,0,0.0,3224.43,1,0,0.0,5411.23,2,1,0.5,21503.18,4,2,0.5,0
LGS2ORD0028599,C015829,2025-08-15 11:00:00,Female,25,Silver,Shopee,Phuket,1423,Lazada,COD,11,8,4,0,20-30,47.43333333333333,1.0,1.0,1.0,152,164,1417.37,0.2,1.0,0.0,0.0,0.0,0,0,0.0,0.0,0,0,0.0,0.0,0,0,0.0,1417.37,1,1,1.0,0
LGS2ORD0028600,C015070,2025-08-15 12:00:00,Female,60,Gold,TV,Bangkok,1408,Shopee,Credit_Card,12,8,4,0,>50,46.93333333333333,2.0,0.0,0.0,-1,60,2623.065,0.2299999999999999,0.5,0.5,0.0,0.0,0,0,0.0,0.0,0,0,0.0,1821.13,1,0,0.0,5246.13,2,0,0.0,0
LGS2ORD0028601,C014871,2025-08-15 12:00:00,Male,31,Bronze,TV,Nakhon Ratchasima,479,Lazada,COD,12,8,4,0,30-40,15.966666666666667,6.0,2.0,0.3333333333333333,126,49,2970.225,0.28,0.6666666666666666,0.5,0.0,0.0,0,0,0.0,0.0,0,0,0.0,1413.98,1,0,0.0,17821.35,6,2,0.3333333333333333,1
LGS2ORD0028602,C011500,2025-08-15 12:00:00,Female,28,Gold,Web,Nakhon Ratchasima,1339,TV_Show,COD,12,8,4,0,20-30,44.63333333333333,4.0,0.0,0.0,-1,50,2188.26,0.2299999999999999,0.25,0.25,0.0,0.0,0,0,0.0,0.0,0,0,0.0,1376.56,1,0,0.0,8753.04,4,0,0.0,0
LGS2ORD0028603,C017435,2025-08-15 12:00:00,Female,51,Bronze,Web,Nakhon Ratchasima,1683,Web,COD,12,8,4,0,>50,56.1,1.0,0.0,0.0,-1,136,914.07,0.13,0.0,0.0,0.0,0.0,0,0,0.0,0.0,0,0,0.0,0.0,0,0,0.0,914.07,1,0,0.0,1
LGS2ORD0028604,C012212,2025-08-15 12:00:00,Male,35,Silver,Web,Chiang Mai,1164,Web,Credit_Card,12,8,4,0,30-40,38.8,6.0,1.0,0.16666666666666666,83,7,7878.676666666665,0.2,0.8333333333333334,0.0,0.0,0.0,0,0,0.0,11171.07,1,0,0.0,11171.07,1,0,0.0,47272.05999999999,6,1,0.16666666666666666,1
LGS2ORD0028605,C016581,2025-08-15 13:00:00,Female,35,Gold,Shopee,Nakhon Ratchasima,1528,CallCenter,Credit_Card,13,8,4,0,30-40,50.93333333333333,5.0,0.0,0.0,-1,77,4819.1720000000005,0.2299999999999999,0.0,0.4,0.0,0.0,0,0,0.0,0.0,0,0,0.0,3778.26,1,0,0.0,24095.86,5,0,0.0,0
LGS2ORD0028606,C013507,2025-08-15 13:00:00,Female,71,Bronze,TV,Songkhla,663,Web,COD,13,8,4,0,>50,22.1,5.0,1.0,0.2,-4,2,8277.872,0.18,1.0,0.0,0.0,7121.61,1,1,1.0,20292.07,2,1,0.5,20292.07,2,1,0.5,41389.36,5,1,0.2,0
LGS2ORD0028607,C016661,2025-08-15 13:00:00,Female,39,Bronze,TV,Phuket,1241,Lazada,Bank_Transfer,13,8,4,0,30-40,41.36666666666667,5.0,1.0,0.2,49,4,6527.34,0.28,0.6,0.2,0.0,4958.43,1,0,0.0,4958.43,1,0,0.0,11837.3,2,1,0.5,32636.7,5,1,0.2,0
LGS2ORD0028608,C013717,2025-08-15 13:00:00,Male,56,Bronze,Lazada,Chonburi,647,Shopee,COD,13,8,4,0,>50,21.566666666666666,1.0,0.0,0.0,-1,100,6773.03,0.03,0.0,0.0,0.0,0.0,0,0,0.0,0.0,0,0,0.0,0.0,0,0,0.0,6773.03,1,0,0.0,0
LGS2ORD0028609,C014605,2025-08-15 13:00:00,Female,26,Silver,Shopee,Nakhon Ratchasima,1609,Lazada,PromptPay,13,8,4,0,20-30,53.63333333333333,4.0,0.0,0.0,-1,16,3306.4174999999996,0.25,0.75,0.25,0.0,0.0,0,0,0.0,1049.39,1,0,0.0,1049.39,1,0,0.0,13225.669999999998,4,0,0.0,0
LGS2ORD0028610,C011034,2025-08-15 14:00:00,Female,44,Gold,CallCenter,Nakhon Ratchasima,624,TV_Show,PromptPay,14,8,4,0,40-50,20.8,5.0,2.0,0.4,19,35,7826.222,0.28,0.6,0.8,0.0,0.0,0,0,0.0,0.0,0,0,0.0,2866.67,1,1,1.0,39131.11,5,2,0.4,0
LGS2ORD0028611,C010253,2025-08-15 14:00:00,Male,52,Bronze,Web,Bangkok,1627,Shopee,Bank_Transfer,14,8,4,0,>50,54.233333333333334,7.0,1.0,0.14285714285714285,42,35,3114.2471428571434,0.23,0.8571428571428571,0.2857142857142857,0.0,0.0,0,0,0.0,0.0,0,0,0.0,4094.66,2,1,0.5,21799.730000000003,7,1,0.14285714285714285,0
LGS2ORD0028612,C015279,2025-08-15 14:00:00,Female,53,Platinum,Web,Chiang Mai,241,Web,Bank_Transfer,14,8,4,0,>50,8.033333333333333,3.0,1.0,0.3333333333333333,72,62,1248.0366666666666,0.35,0.0,0.6666666666666666,0.0,0.0,0,0,0.0,0.0,0,0,0.0,3744.11,3,1,0.3333333333333333,3744.11,3,1,0.3333333333333333,1
LGS2ORD0028613,C016635,2025-08-15 14:00:00,Male,28,Silver,TV,Chonburi,1167,Shopee,Credit_Card,14,8,4,0,20-30,38.9,2.0,0.0,0.0,-1,20,9188.92,0.15,0.5,0.0,0.0,0.0,0,0,0.0,2551.54,1,0,0.0,18377.84,2,0,0.0,18377.84,2,0,0.0,0
LGS2ORD0028614,C013405,2025-08-15 14:00:00,Male,27,Silver,Lazada,Nakhon Ratchasima,1099,Lazada,COD,14,8,4,0,20-30,36.63333333333333,8.0,3.0,0.375,31,30,2992.3774999999996,0.3,0.25,0.25,0.0,0.0,0,0,0.0,0.0,0,0,0.0,6404.69,4,1,0.25,23939.019999999997,8,3,0.375,1
LGS2ORD0028615,C010598,2025-08-15 14:00:00,Male,24,Gold,Web,Bangkok,1198,Web,Credit_Card,14,8,4,0,20-30,39.93333333333333,2.0,0.0,0.0,-1,85,2368.2799999999997,0.28,0.5,0.5,0.0,0.0,0,0,0.0,0.0,0,0,0.0,1466.56,1,0,0.0,4736.5599999999995,2,0,0.0,0
LGS2ORD0028616,C012730,2025-08-15 15:00:00,Female,22,Bronze,TV,Chonburi,371,Shopee,COD,15,8,4,0,20-30,12.366666666666667,12.0,1.0,0.08333333333333333,147,25,5957.909166666667,0.28,0.3333333333333333,0.3333333333333333,0.0,0.0,0,0,0.0,21680.47,1,0,0.0,32948.600000000006,7,0,0.0,71494.91,12,1,0.08333333333333333,0
LGS2ORD0028617,C013218,2025-08-15 15:00:00,Male,50,Silver,Web,Bangkok,458,CallCenter,COD,15,8,4,0,40-50,15.266666666666667,5.0,3.0,0.6,23,30,2314.5800000000004,0.3,0.8,0.8,0.0,0.0,0,0,0.0,5192.71,1,1,1.0,8178.08,2,1,0.5,11572.900000000001,5,3,0.6,0
LGS2ORD0028618,C013253,2025-08-15 15:00:00,Female,27,Bronze,TV,Songkhla,947,CallCenter,Bank_Transfer,15,8,4,0,20-30,31.566666666666666,6.0,0.0,0.0,-1,14,2752.1000000000004,0.23,0.5,0.5,0.0,0.0,0,0,0.0,1166.99,1,0,0.0,1861.1599999999999,2,0,0.0,16512.600000000002,6,0,0.0,0
LGS2ORD0028619,C016324,2025-08-15 15:00:00,Female,48,Bronze,TV,Remote_Area,242,CallCenter,Credit_Card,15,8,4,0,40-50,8.066666666666666,5.0,3.0,0.6,19,27,4351.544,0.28,0.6,0.4,0.0,0.0,0,0,0.0,17639.6,2,1,0.5,18667.09,3,1,0.3333333333333333,21757.72,5,3,0.6,0
LGS2ORD0028620,C010824,2025-08-15 15:00:00,Male,34,Silver,TV,Khon Kaen,1201,CallCenter,Credit_Card,15,8,4,0,30-40,40.03333333333333,5.0,1.0,0.2,60,72,8588.26,0.25,0.8,0.2,0.0,0.0,0,0,0.0,0.0,0,0,0.0,5099.52,2,1,0.5,42941.3,5,1,0.2,0
LGS2ORD0028621,C015115,2025-08-15 16:00:00,Female,53,Gold,Lazada,Phuket,378,Lazada,COD,16,8,4,0,>50,12.6,3.0,0.0,0.0,-1,10,7470.123333333334,0.13,0.0,0.0,0.0,0.0,0,0,0.0,2140.9,1,0,0.0,19958.13,2,0,0.0,22410.370000000003,3,0,0.0,1
LGS2ORD0028622,C012348,2025-08-15 16:00:00,Female,36,Bronze,CallCenter,Bangkok,678,Shopee,COD,16,8,4,0,30-40,22.6,6.0,0.0,0.0,-1,33,3789.685000000001,0.28,0.8333333333333334,0.16666666666666666,0.0,0.0,0,0,0.0,0.0,0,0,0.0,2508.31,2,0,0.0,22738.110000000004,6,0,0.0,1
LGS2ORD0028623,C016042,2025-08-15 16:00:00,Female,63,Silver,Shopee,Remote_Area,1155,TV_Show,COD,16,8,4,0,>50,38.5,5.0,0.0,0.0,-1,23,14400.384,0.3,0.2,0.4,0.0,0.0,0,0,0.0,460.37,1,0,0.0,847.34,2,0,0.0,72001.92,5,0,0.0,0
LGS2ORD0028624,C012183,2025-08-15 16:00:00,Male,45,Silver,Lazada,Nakhon Ratchasima,1530,Shopee,Bank_Transfer,16,8,4,0,40-50,51.0,1.0,0.0,0.0,-1,127,1927.53,0.1,0.0,0.0,0.0,0.0,0,0,0.0,0.0,0,0,0.0,0.0,0,0,0.0,1927.53,1,0,0.0,1
LGS2ORD0028625,C017082,2025-08-15 16:00:00,Female,34,Bronze,TV,Chiang Mai,920,Web,Credit_Card,16,8,4,0,30-40,30.666666666666668,5.0,3.0,0.6,18,27,2480.27,0.28,0.6,0.2,0.0,0.0,0,0,0.0,1076.77,1,1,1.0,2355.85,2,2,1.0,12401.35,5,3,0.6,0
LGS2ORD0028626,C011531,2025-08-15 17:00:00,Male,53,Silver,TV,Remote_Area,1506,Lazada,Bank_Transfer,17,8,4,0,>50,50.2,3.0,1.0,0.3333333333333333,98,67,4058.406666666667,0.2,0.3333333333333333,0.0,0.0,0.0,0,0,0.0,0.0,0,0,0.0,8937.83,1,0,0.0,12175.220000000001,3,1,0.3333333333333333,0
LGS2ORD0028627,C011876,2025-08-15 17:00:00,Male,72,Bronze,CallCenter,Chonburi,466,Shopee,Credit_Card,17,8,4,0,>50,15.533333333333333,8.0,0.0,0.0,-1,26,4964.845,0.28,0.375,0.375,0.0,0.0,0,0,0.0,1495.34,1,0,0.0,9899.01,2,0,0.0,39718.76,8,0,0.0,0
LGS2ORD0028628,C013378,2025-08-15 17:00:00,Female,50,Bronze,Lazada,Bangkok,893,TV_Show,COD,17,8,4,0,40-50,29.766666666666666,4.0,1.0,0.25,136,17,13944.9975,0.23,0.75,0.25,0.0,0.0,0,0,0.0,2716.15,1,0,0.0,10953.38,2,0,0.0,55779.99,4,1,0.25,0
LGS2ORD0028629,C010171,2025-08-15 17:00:00,Male,25,Platinum,Web,Khon Kaen,966,Web,Credit_Card,17,8,4,0,20-30,32.2,5.0,1.0,0.2,115,28,3196.236,0.25,0.6,0.2,0.0,0.0,0,0,0.0,10147.54,1,0,0.0,11608.490000000002,2,0,0.0,15981.18,5,1,0.2,0
LGS2ORD0028630,C015323,2025-08-15 17:00:00,Female,40,Bronze,TV,Songkhla,1098,Lazada,COD,17,8,4,0,30-40,36.6,9.0,5.0,0.5555555555555556,12,20,4043.02,0.28,0.6666666666666666,0.4444444444444444,0.0,0.0,0,0,0.0,20771.420000000002,2,2,1.0,21784.870000000003,5,3,0.6,36387.18,9,5,0.5555555555555556,0
LGS2ORD0028631,C012728,2025-08-15 18:00:00,Male,25,Bronze,Lazada,Chiang Mai,1242,TV_Show,Credit_Card,18,8,4,0,20-30,41.4,1.0,0.0,0.0,-1,43,548.76,0.03,1.0,0.0,0.0,0.0,0,0,0.0,0.0,0,0,0.0,548.76,1,0,0.0,548.76,1,0,0.0,0
LGS2ORD0028632,C012537,2025-08-15 18:00:00,Other,33,Bronze,TV,Bangkok,1036,Lazada,COD,18,8,4,0,30-40,34.53333333333333,5.0,2.0,0.4,27,37,4839.066000000001,0.23,0.6,0.2,0.0,0.0,0,0,0.0,0.0,0,0,0.0,3967.15,1,1,1.0,24195.33,5,2,0.4,1
LGS2ORD0028633,C016313,2025-08-15 18:00:00,Female,51,Silver,Web,Phuket,1292,CallCenter,Credit_Card,18,8,4,0,>50,43.06666666666667,0.0,0.0,0.0,-1,-1,0.0,0.0,0.0,0.0,0.0,0.0,0,0,0.0,0.0,0,0,0.0,0.0,0,0,0.0,0.0,0,0,0.0,1
LGS2ORD0028634,C015302,2025-08-15 18:00:00,Male,20,Bronze,Web,Songkhla,1500,TV_Show,Credit_Card,18,8,4,0,<20,50.0,5.0,0.0,0.0,-1,2,5014.456,0.28,0.4,0.2,0.0,3521.35,1,0,0.0,7244.42,2,0,0.0,15328.45,4,0,0.0,25072.28,5,0,0.0,1
LGS2ORD0028635,C014137,2025-08-15 18:00:00,Female,41,Bronze,Shopee,Songkhla,944,TV_Show,COD,18,8,4,0,40-50,31.466666666666665,1.0,0.0,0.0,-1,153,8866.53,0.08,1.0,0.0,0.0,0.0,0,0,0.0,0.0,0,0,0.0,0.0,0,0,0.0,8866.53,1,0,0.0,1
LGS2ORD0028636,C011255,2025-08-15 18:00:00,Male,36,Silver,TV,Nakhon Ratchasima,413,Shopee,PromptPay,18,8,4,0,30-40,13.766666666666667,3.0,0.0,0.0,-1,65,20138.08,0.2,0.6666666666666666,0.0,0.0,0.0,0,0,0.0,0.0,0,0,0.0,24108.34,1,0,0.0,60414.240000000005,3,0,0.0,1
LGS2ORD0028637,C016526,2025-08-15 19:00:00,Female,57,Silver,Lazada,Khon Kaen,292,CallCenter,PromptPay,19,8,4,0,>50,9.733333333333333,5.0,1.0,0.2,100,105,3597.25,0.2,0.8,0.0,0.0,0.0,0,0,0.0,0.0,0,0,0.0,0.0,0,0,0.0,17986.25,5,1,0.2,0
LGS2ORD0028638,C014395,2025-08-15 19:00:00,Male,33,Bronze,Shopee,Chonburi,282,Shopee,COD,19,8,4,0,30-40,9.4,1.0,0.0,0.0,-1,149,15265.19,0.08,1.0,0.0,0.0,0.0,0,0,0.0,0.0,0,0,0.0,0.0,0,0,0.0,15265.19,1,0,0.0,0
LGS2ORD0028639,C016657,2025-08-15 19:00:00,Male,32,Silver,CallCenter,Bangkok,1625,CallCenter,Credit_Card,19,8,4,0,30-40,54.166666666666664,4.0,0.0,0.0,-1,31,3729.575,0.25,1.0,0.25,0.0,0.0,0,0,0.0,0.0,0,0,0.0,9007.26,1,0,0.0,14918.3,4,0,0.0,0
LGS2ORD0028640,C014004,2025-08-15 19:00:00,Male,53,Silver,CallCenter,Bangkok,1033,Web,Credit_Card,19,8,4,0,>50,34.43333333333333,2.0,1.0,0.5,94,113,1578.95,0.1,0.5,0.0,0.0,0.0,0,0,0.0,0.0,0,0,0.0,0.0,0,0,0.0,3157.9,2,1,0.5,0
LGS2ORD0028641,C015229,2025-08-15 19:00:00,Female,28,Bronze,Shopee,Bangkok,1543,TV_Show,COD,19,8,4,0,20-30,51.43333333333333,9.0,3.0,0.3333333333333333,-6,3,5391.992222222222,0.28,0.7777777777777778,0.2222222222222222,0.0,3438.38,1,1,1.0,16514.59,2,2,1.0,29696.51,4,2,0.5,48527.93,9,3,0.3333333333333333,0
LGS2ORD0028642,C014076,2025-08-15 20:00:00,Female,31,Bronze,CallCenter,Bangkok,1137,CallCenter,Credit_Card,20,8,4,0,30-40,37.9,1.0,0.0,0.0,-1,155,2762.81,0.13,1.0,0.0,0.0,0.0,0,0,0.0,0.0,0,0,0.0,0.0,0,0,0.0,2762.81,1,0,0.0,0
LGS2ORD0028643,C010621,2025-08-15 20:00:00,Male,37,Bronze,TV,Bangkok,543,Shopee,Credit_Card,20,8,4,0,30-40,18.1,4.0,0.0,0.0,-1,38,9193.404999999999,0.28,0.75,0.25,0.0,0.0,0,0,0.0,0.0,0,0,0.0,31401.87,2,0,0.0,36773.619999999995,4,0,0.0,1
LGS2ORD0028644,C017975,2025-08-15 20:00:00,Male,18,Gold,Shopee,Bangkok,1507,Shopee,COD,20,8,4,0,<20,50.233333333333334,4.0,2.0,0.5,95,27,8416.005,0.2299999999999999,0.5,0.25,0.0,0.0,0,0,0.0,2914.86,1,0,0.0,2914.86,1,0,0.0,33664.02,4,2,0.5,0
LGS2ORD0028645,C011808,2025-08-15 20:00:00,Female,28,Platinum,Web,Chonburi,985,Shopee,COD,20,8,4,0,20-30,32.833333333333336,6.0,1.0,0.16666666666666666,15,2,4413.515,0.35,0.16666666666666666,0.5,0.0,4893.08,1,0,0.0,14483.37,2,1,0.5,14483.37,2,1,0.5,26481.090000000004,6,1,0.16666666666666666,1
LGS2ORD0028646,C017832,2025-08-15 20:00:00,Male,65,Bronze,CallCenter,Chiang Mai,1616,Web,Bank_Transfer,20,8,4,0,>50,53.86666666666667,3.0,2.0,0.6666666666666666,0,14,3420.0099999999998,0.23,1.0,0.6666666666666666,0.0,0.0,0,0,0.0,7820.98,1,1,1.0,9600.189999999999,2,1,0.5,10260.029999999999,3,2,0.6666666666666666,1
LGS2ORD0028647,C011975,2025-08-15 21:00:00,Male,59,Bronze,TV,Khon Kaen,989,Shopee,Credit_Card,21,8,4,0,>50,32.96666666666667,1.0,0.0,0.0,-1,106,1877.11,0.18,0.0,0.0,0.0,0.0,0,0,0.0,0.0,0,0,0.0,0.0,0,0,0.0,1877.11,1,0,0.0,0
LGS2ORD0028648,C016288,2025-08-15 21:00:00,Female,45,Bronze,Web,Khon Kaen,1296,Web,COD,21,8,4,0,40-50,43.2,2.0,0.0,0.0,-1,31,1145.5549999999998,0.23,0.5,0.5,0.0,0.0,0,0,0.0,0.0,0,0,0.0,1778.84,1,0,0.0,2291.1099999999997,2,0,0.0,1
LGS2ORD0028649,C015527,2025-08-15 21:00:00,Male,58,Bronze,Lazada,Bangkok,411,TV_Show,Credit_Card,21,8,4,0,>50,13.7,2.0,0.0,0.0,-1,111,831.365,0.28,0.0,0.5,0.0,0.0,0,0,0.0,0.0,0,0,0.0,0.0,0,0,0.0,1662.73,2,0,0.0,1
LGS2ORD0028650,C012061,2025-08-15 21:00:00,Male,23,Bronze,CallCenter,Chiang Mai,1539,TV_Show,Credit_Card,21,8,4,0,20-30,51.3,2.0,0.0,0.0,-1,18,1321.615,0.13,1.0,0.0,0.0,0.0,0,0,0.0,1085.33,1,0,0.0,1085.33,1,0,0.0,2643.23,2,0,0.0,0
LGS2ORD0028651,C016639,2025-08-15 21:00:00,Male,65,Bronze,TV,Bangkok,1404,Web,Bank_Transfer,21,8,4,0,>50,46.8,0.0,0.0,0.0,-1,-1,0.0,0.0,0.0,0.0,0.0,0.0,0,0,0.0,0.0,0,0,0.0,0.0,0,0,0.0,0.0,0,0,0.0,0
LGS2ORD0028652,C017388,2025-08-15 22:00:00,Female,30,Silver,CallCenter,Bangkok,1673,Lazada,Credit_Card,22,8,4,0,20-30,55.766666666666666,6.0,1.0,0.16666666666666666,187,138,4430.081666666666,0.25,0.3333333333333333,0.16666666666666666,0.0,0.0,0,0,0.0,0.0,0,0,0.0,0.0,0,0,0.0,26580.489999999998,6,1,0.16666666666666666,0
LGS2ORD0028653,C017503,2025-08-15 22:00:00,Female,23,Silver,Shopee,Bangkok,1216,Web,COD,22,8,4,0,20-30,40.53333333333333,3.0,0.0,0.0,-1,104,4096.3533333333335,0.15,0.3333333333333333,0.0,0.0,0.0,0,0,0.0,0.0,0,0,0.0,0.0,0,0,0.0,12289.060000000001,3,0,0.0,0
LGS2ORD0028654,C012533,2025-08-15 22:00:00,Female,31,Bronze,Shopee,Bangkok,795,TV_Show,Credit_Card,22,8,4,0,30-40,26.5,5.0,0.0,0.0,-1,20,5308.728,0.18,0.6,0.0,0.0,0.0,0,0,0.0,5159.8,1,0,0.0,6472.84,2,0,0.0,26543.64,5,0,0.0,0
LGS2ORD0028655,C016658,2025-08-15 22:00:00,Male,47,Silver,Lazada,Chiang Mai,648,Lazada,COD,22,8,4,0,40-50,21.6,5.0,2.0,0.4,4,17,7887.076000000001,0.3,0.6,0.4,0.0,0.0,0,0,0.0,477.15,1,1,1.0,9956.73,2,1,0.5,39435.380000000005,5,2,0.4,0
LGS2ORD0028656,C010624,2025-08-15 22:00:00,Female,64,Bronze,Shopee,Songkhla,1195,Shopee,COD,22,8,4,0,>50,39.833333333333336,3.0,1.0,0.3333333333333333,151,5,2380.53,0.08,0.6666666666666666,0.0,0.0,581.52,1,0,0.0,581.52,1,0,0.0,581.52,1,0,0.0,7141.59,3,1,0.3333333333333333,0
LGS2ORD0028657,C010567,2025-08-15 22:00:00,Male,68,Bronze,TV,Phuket,533,Web,PromptPay,22,8,4,0,>50,17.766666666666666,5.0,1.0,0.2,77,45,8794.028,0.28,0.8,0.4,0.0,0.0,0,0,0.0,0.0,0,0,0.0,27517.38,2,1,0.5,43970.14,5,1,0.2,0
LGS2ORD0028658,C014970,2025-08-15 23:00:00,Female,40,Bronze,Web,Songkhla,401,Web,Bank_Transfer,23,8,4,0,30-40,13.366666666666667,5.0,2.0,0.4,18,16,6145.6900000000005,0.28,0.6,0.6,0.0,0.0,0,0,0.0,7370.360000000001,2,1,0.5,16490.86,4,2,0.5,30728.45,5,2,0.4,1
LGS2ORD0028659,C012340,2025-08-15 23:00:00,Male,63,Bronze,TV,Phuket,520,Lazada,COD,23,8,4,0,>50,17.333333333333332,2.0,1.0,0.5,35,51,2632.05,0.23,0.5,0.5,0.0,0.0,0,0,0.0,0.0,0,0,0.0,3822.35,1,1,1.0,5264.1,2,1,0.5,0
LGS2ORD0028660,C015614,2025-08-15 23:00:00,Male,56,Bronze,TV,Khon Kaen,1187,Web,COD,23,8,4,0,>50,39.56666666666667,8.0,3.0,0.375,68,15,4884.8775000000005,0.23,0.5,0.5,0.0,0.0,0,0,0.0,1307.34,1,0,0.0,10806.84,4,1,0.25,39079.020000000004,8,3,0.375,0
LGS2ORD0028661,C010750,2025-08-15 23:00:00,Male,35,Silver,Lazada,Remote_Area,298,Lazada,Credit_Card,23,8,4,0,30-40,9.933333333333334,5.0,1.0,0.2,90,1,3358.3540000000003,0.25,0.6,0.2,0.0,1949.44,1,0,0.0,9691.960000000001,2,0,0.0,11147.220000000001,3,0,0.0,16791.77,5,1,0.2,0
LGS2ORD0028662,C013445,2025-08-15 23:00:00,Female,48,Silver,Shopee,Chonburi,548,TV_Show,Credit_Card,23,8,4,0,40-50,18.266666666666666,5.0,2.0,0.4,22,29,3446.62,0.25,0.4,0.4,0.0,0.0,0,0,0.0,6108.59,1,1,1.0,9113.96,3,2,0.6666666666666666,17233.1,5,2,0.4,0
LGS2ORD0028663,C013638,2025-08-16 00:00:00,Male,70,Bronze,Web,Nakhon Ratchasima,521,Shopee,COD,0,8,5,1,>50,17.366666666666667,6.0,2.0,0.3333333333333333,128,53,2860.18,0.23,0.5,0.16666666666666666,0.0,0.0,0,0,0.0,0.0,0,0,0.0,1475.7,1,0,0.0,17161.079999999998,6,2,0.3333333333333333,0
LGS2ORD0028664,C015228,2025-08-16 00:00:00,Male,50,Bronze,TV,Phuket,1400,Shopee,COD,0,8,5,1,40-50,46.666666666666664,6.0,3.0,0.5,3,7,8807.279999999999,0.18,0.6666666666666666,0.0,0.0,0.0,0,0,0.0,29226.190000000002,2,1,0.5,46226.3,4,2,0.5,52843.67999999999,6,3,0.5,0
LGS2ORD0028665,C010230,2025-08-16 00:00:00,Female,43,Bronze,Web,Chonburi,327,CallCenter,COD,0,8,5,1,40-50,10.9,3.0,1.0,0.3333333333333333,112,59,8002.366666666666,0.23,0.6666666666666666,0.6666666666666666,0.0,0.0,0,0,0.0,0.0,0,0,0.0,20011.53,1,0,0.0,24007.1,3,1,0.3333333333333333,0
LGS2ORD0028666,C016067,2025-08-16 00:00:00,Male,60,Gold,Web,Remote_Area,1634,TV_Show,COD,0,8,5,1,>50,54.46666666666667,7.0,2.0,0.2857142857142857,148,40,6759.862857142856,0.28,0.8571428571428571,0.2857142857142857,0.0,0.0,0,0,0.0,0.0,0,0,0.0,1635.03,1,0,0.0,47319.03999999999,7,2,0.2857142857142857,0
LGS2ORD0028667,C011608,2025-08-16 00:00:00,Male,47,Silver,Lazada,Khon Kaen,807,Shopee,COD,0,8,5,1,40-50,26.9,6.0,1.0,0.16666666666666666,46,55,6471.071666666668,0.3,0.5,0.3333333333333333,0.0,0.0,0,0,0.0,0.0,0,0,0.0,16390.03,2,1,0.5,38826.43000000001,6,1,0.16666666666666666,0
LGS2ORD0028668,C017349,2025-08-16 01:00:00,Female,50,Bronze,Shopee,Nakhon Ratchasima,610,TV_Show,COD,1,8,5,1,40-50,20.333333333333332,4.0,3.0,0.75,56,67,8144.655000000001,0.28,0.5,0.25,0.0,0.0,0,0,0.0,0.0,0,0,0.0,2636.54,1,1,1.0,32578.620000000003,4,3,0.75,0
LGS2ORD0028669,C013566,2025-08-16 01:00:00,Male,57,Gold,Lazada,Bangkok,470,Shopee,COD,1,8,5,1,>50,15.666666666666666,2.0,0.0,0.0,-1,16,10132.32,0.28,0.5,0.5,0.0,0.0,0,0,0.0,8621.21,1,0,0.0,8621.21,1,0,0.0,20264.64,2,0,0.0,0
LGS2ORD0028670,C012319,2025-08-16 01:00:00,Male,40,Bronze,TV,Remote_Area,415,Shopee,COD,1,8,5,1,30-40,13.833333333333334,8.0,4.0,0.5,128,10,1623.48,0.28,0.625,0.375,0.0,0.0,0,0,0.0,4511.26,2,0,0.0,5114.59,3,0,0.0,12987.84,8,4,0.5,0
LGS2ORD0028671,C016683,2025-08-16 01:00:00,Female,31,Silver,Lazada,Chonburi,399,CallCenter,COD,1,8,5,1,30-40,13.3,5.0,2.0,0.4,86,34,7025.931999999999,0.25,0.2,0.2,0.0,0.0,0,0,0.0,0.0,0,0,0.0,1444.52,1,0,0.0,35129.659999999996,5,2,0.4,0
LGS2ORD0028672,C011609,2025-08-16 01:00:00,Male,63,Silver,TV,Bangkok,1413,Web,COD,1,8,5,1,>50,47.1,4.0,1.0,0.25,52,66,7650.605,0.25,0.75,0.25,0.0,0.0,0,0,0.0,0.0,0,0,0.0,26479.75,2,1,0.5,30602.42,4,1,0.25,0
LGS2ORD0028673,C017702,2025-08-16 02:00:00,Female,52,Gold,Web,Bangkok,488,Shopee,PromptPay,2,8,5,1,>50,16.266666666666666,3.0,0.0,0.0,-1,2,3224.9566666666665,0.28,0.6666666666666666,1.0,0.0,5331.39,1,0,0.0,5331.39,1,0,0.0,5331.39,1,0,0.0,9674.869999999999,3,0,0.0,0
LGS2ORD0028674,C013509,2025-08-16 02:00:00,Male,42,Platinum,TV,Chiang Mai,1383,TV_Show,PromptPay,2,8,5,1,40-50,46.1,3.0,0.0,0.0,-1,98,2753.9633333333336,0.3,0.3333333333333333,0.6666666666666666,0.0,0.0,0,0,0.0,0.0,0,0,0.0,0.0,0,0,0.0,8261.890000000001,3,0,0.0,0
LGS2ORD0028675,C016488,2025-08-16 02:00:00,Female,54,Bronze,TV,Songkhla,1116,CallCenter,COD,2,8,5,1,>50,37.2,4.0,2.0,0.5,0,4,2061.5325,0.23,0.75,0.25,0.0,688.56,1,1,1.0,3546.4,2,1,0.5,6752.58,3,1,0.3333333333333333,8246.13,4,2,0.5,0
LGS2ORD0028676,C014322,2025-08-16 02:00:00,Male,45,Bronze,Shopee,Nakhon Ratchasima,692,CallCenter,COD,2,8,5,1,40-50,23.066666666666666,2.0,1.0,0.5,131,140,8958.45,0.28,1.0,0.5,0.0,0.0,0,0,0.0,0.0,0,0,0.0,0.0,0,0,0.0,17916.9,2,1,0.5,0
LGS2ORD0028677,C010671,2025-08-16 02:00:00,Male,39,Silver,TV,Bangkok,1142,Shopee,Credit_Card,2,8,5,1,30-40,38.06666666666667,1.0,0.0,0.0,-1,52,7331.12,0.15,0.0,0.0,0.0,0.0,0,0,0.0,0.0,0,0,0.0,7331.12,1,0,0.0,7331.12,1,0,0.0,0
LGS2ORD0028678,C014848,2025-08-16 02:00:00,Female,27,Silver,Web,Bangkok,1332,Shopee,Credit_Card,2,8,5,1,20-30,44.4,5.0,3.0,0.6,100,1,4652.846,0.25,0.2,0.4,0.0,2090.6,1,0,0.0,2090.6,1,0,0.0,3191.14,2,0,0.0,23264.23,5,3,0.6,0
LGS2ORD0028679,C013869,2025-08-16 03:00:00,Female,51,Bronze,TV,Bangkok,883,Shopee,COD,3,8,5,1,>50,29.433333333333334,0.0,0.0,0.0,-1,-1,0.0,0.0,0.0,0.0,0.0,0.0,0,0,0.0,0.0,0,0,0.0,0.0,0,0,0.0,0.0,0,0,0.0,0
LGS2ORD0028680,C016481,2025-08-16 03:00:00,Female,47,Silver,Web,Nakhon Ratchasima,1130,Shopee,Credit_Card,3,8,5,1,40-50,37.666666666666664,3.0,0.0,0.0,-1,17,1479.8666666666668,0.3,0.0,0.3333333333333333,0.0,0.0,0,0,0.0,2349.66,2,0,0.0,2349.66,2,0,0.0,4439.6,3,0,0.0,0
LGS2ORD0028681,C012481,2025-08-16 03:00:00,Female,49,Platinum,TV,Phuket,1277,Lazada,COD,3,8,5,1,40-50,42.56666666666667,6.0,3.0,0.5,78,70,6482.238333333334,0.35,0.6666666666666666,0.8333333333333334,0.0,0.0,0,0,0.0,0.0,0,0,0.0,23392.37,3,1,0.3333333333333333,38893.43,6,3,0.5,0
LGS2ORD0028682,C016245,2025-08-16 03:00:00,Male,45,Platinum,TV,Khon Kaen,288,Shopee,Bank_Transfer,3,8,5,1,40-50,9.6,2.0,1.0,0.5,103,48,3253.19,0.35,0.5,1.0,0.0,0.0,0,0,0.0,0.0,0,0,0.0,1601.87,1,0,0.0,6506.38,2,1,0.5,0
LGS2ORD0028683,C010424,2025-08-16 03:00:00,Male,24,Silver,Web,Khon Kaen,652,CallCenter,Credit_Card,3,8,5,1,20-30,21.733333333333334,2.0,1.0,0.5,204,86,4409.995,0.25,0.0,0.5,0.0,0.0,0,0,0.0,0.0,0,0,0.0,1207.68,1,0,0.0,8819.99,2,1,0.5,0
LGS2ORD0028684,C016097,2025-08-16 04:00:00,Female,67,Silver,TV,Remote_Area,1231,TV_Show,COD,4,8,5,1,>50,41.03333333333333,4.0,0.0,0.0,-1,39,2988.8475,0.25,0.5,0.25,0.0,0.0,0,0,0.0,0.0,0,0,0.0,5856.95,2,0,0.0,11955.39,4,0,0.0,0
LGS2ORD0028685,C017623,2025-08-16 04:00:00,Female,41,Silver,Web,Chiang Mai,1415,TV_Show,Credit_Card,4,8,5,1,40-50,47.166666666666664,3.0,0.0,0.0,-1,202,1177.5766666666666,0.3,0.6666666666666666,0.6666666666666666,0.0,0.0,0,0,0.0,0.0,0,0,0.0,0.0,0,0,0.0,3532.73,3,0,0.0,0
LGS2ORD0028686,C017370,2025-08-16 04:00:00,Male,46,Silver,TV,Bangkok,1611,Web,COD,4,8,5,1,40-50,53.7,6.0,2.0,0.3333333333333333,165,73,4498.8550000000005,0.25,0.5,0.5,0.0,0.0,0,0,0.0,0.0,0,0,0.0,3912.75,1,0,0.0,26993.13,6,2,0.3333333333333333,0
LGS2ORD0028687,C011667,2025-08-16 04:00:00,Male,41,Bronze,Shopee,Remote_Area,585,Lazada,COD,4,8,5,1,40-50,19.5,5.0,3.0,0.6,28,36,4295.718,0.28,0.8,0.4,0.0,0.0,0,0,0.0,0.0,0,0,0.0,15316.26,2,2,1.0,21478.59,5,3,0.6,1
LGS2ORD0028688,C012625,2025-08-16 04:00:00,Female,42,Silver,Shopee,Songkhla,327,TV_Show,COD,4,8,5,1,40-50,10.9,6.0,1.0,0.16666666666666666,33,44,4802.2716666666665,0.25,0.3333333333333333,0.16666666666666666,0.0,0.0,0,0,0.0,0.0,0,0,0.0,9576.39,3,1,0.3333333333333333,28813.629999999997,6,1,0.16666666666666666,1
LGS2ORD0028689,C014518,2025-08-16 05:00:00,Female,21,Bronze,Shopee,Songkhla,310,TV_Show,COD,5,8,5,1,20-30,10.333333333333334,9.0,5.0,0.5555555555555556,24,10,5436.335555555556,0.28,0.8888888888888888,0.3333333333333333,0.0,0.0,0,0,0.0,12334.11,3,1,0.3333333333333333,19610.010000000002,4,1,0.25,48927.020000000004,9,5,0.5555555555555556,1
LGS2ORD0028690,C012813,2025-08-16 05:00:00,Female,46,Silver,TV,Khon Kaen,735,Shopee,COD,5,8,5,1,40-50,24.5,3.0,0.0,0.0,-1,96,7834.0199999999995,0.2,0.6666666666666666,0.0,0.0,0.0,0,0,0.0,0.0,0,0,0.0,0.0,0,0,0.0,23502.059999999998,3,0,0.0,0
LGS2ORD0028691,C015011,2025-08-16 05:00:00,Female,34,Gold,Shopee,Khon Kaen,542,Web,COD,5,8,5,1,30-40,18.066666666666666,4.0,0.0,0.0,-1,9,2590.3999999999996,0.28,0.5,0.5,0.0,0.0,0,0,0.0,3581.8,1,0,0.0,5384.05,2,0,0.0,10361.599999999999,4,0,0.0,0
LGS2ORD0028692,C015672,2025-08-16 05:00:00,Female,44,Bronze,CallCenter,Khon Kaen,1312,TV_Show,COD,5,8,5,1,40-50,43.733333333333334,5.0,1.0,0.2,164,34,9639.406,0.18,0.6,0.0,0.0,0.0,0,0,0.0,0.0,0,0,0.0,2232.38,2,0,0.0,48197.030000000006,5,1,0.2,0
LGS2ORD0028693,C013127,2025-08-16 05:00:00,Male,47,Silver,Shopee,Khon Kaen,1616,Web,COD,5,8,5,1,40-50,53.86666666666667,3.0,1.0,0.3333333333333333,33,13,7301.55,0.25,0.3333333333333333,0.3333333333333333,0.0,0.0,0,0,0.0,12834.06,1,0,0.0,20702.17,2,1,0.5,21904.65,3,1,0.3333333333333333,0
LGS2ORD0028694,C011688,2025-08-16 06:00:00,Female,27,Gold,Web,Chonburi,892,Web,Credit_Card,6,8,5,1,20-30,29.733333333333334,3.0,1.0,0.3333333333333333,182,112,1459.11,0.28,0.3333333333333333,0.3333333333333333,0.0,0.0,0,0,0.0,0.0,0,0,0.0,0.0,0,0,0.0,4377.33,3,1,0.3333333333333333,0
LGS2ORD0028695,C011654,2025-08-16 06:00:00,Female,42,Silver,TV,Songkhla,366,Lazada,Credit_Card,6,8,5,1,40-50,12.2,2.0,1.0,0.5,77,18,10205.045,0.1,0.5,0.0,0.0,0.0,0,0,0.0,5205.16,1,0,0.0,20410.09,2,1,0.5,20410.09,2,1,0.5,0
LGS2ORD0028696,C017820,2025-08-16 06:00:00,Male,53,Gold,Lazada,Songkhla,1264,Web,COD,6,8,5,1,>50,42.13333333333333,2.0,0.0,0.0,-1,91,5745.73,0.2299999999999999,0.0,0.5,0.0,0.0,0,0,0.0,0.0,0,0,0.0,0.0,0,0,0.0,11491.46,2,0,0.0,0
LGS2ORD0028697,C017149,2025-08-16 06:00:00,Female,48,Silver,Web,Bangkok,1176,CallCenter,COD,6,8,5,1,40-50,39.2,3.0,2.0,0.6666666666666666,40,52,5125.56,0.25,0.3333333333333333,0.3333333333333333,0.0,0.0,0,0,0.0,0.0,0,0,0.0,14226.78,2,1,0.5,15376.68,3,2,0.6666666666666666,1
LGS2ORD0028698,C013894,2025-08-16 06:00:00,Female,52,Silver,TV,Remote_Area,1093,Web,COD,6,8,5,1,>50,36.43333333333333,1.0,0.0,0.0,-1,204,15144.77,0.25,1.0,1.0,0.0,0.0,0,0,0.0,0.0,0,0,0.0,0.0,0,0,0.0,15144.77,1,0,0.0,1
LGS2ORD0028699,C016283,2025-08-16 06:00:00,Male,42,Gold,CallCenter,Phuket,1572,Lazada,COD,6,8,5,1,40-50,52.4,2.0,0.0,0.0,-1,28,2333.83,0.13,1.0,0.0,0.0,0.0,0,0,0.0,4270.74,1,0,0.0,4270.74,1,0,0.0,4667.66,2,0,0.0,0
LGS2ORD0028700,C010302,2025-08-16 07:00:00,Female,35,Bronze,Shopee,Remote_Area,1451,TV_Show,COD,7,8,5,1,30-40,48.36666666666667,6.0,2.0,0.3333333333333333,112,60,3031.771666666667,0.23,0.5,0.3333333333333333,0.0,0.0,0,0,0.0,0.0,0,0,0.0,3678.65,1,0,0.0,18190.63,6,2,0.3333333333333333,0
LGS2ORD0028701,C016103,2025-08-16 07:00:00,Male,55,Gold,CallCenter,Remote_Area,1278,Lazada,COD,7,8,5,1,>50,42.6,4.0,1.0,0.25,140,79,5943.94,0.33,0.25,0.5,0.0,0.0,0,0,0.0,0.0,0,0,0.0,13153.46,2,0,0.0,23775.76,4,1,0.25,0
LGS2ORD0028702,C011240,2025-08-16 07:00:00,Female,25,Bronze,Web,Chonburi,592,Lazada,Credit_Card,7,8,5,1,20-30,19.733333333333334,1.0,0.0,0.0,-1,46,1737.92,0.18,1.0,0.0,0.0,0.0,0,0,0.0,0.0,0,0,0.0,1737.92,1,0,0.0,1737.92,1,0,0.0,0
LGS2ORD0028703,C012162,2025-08-16 07:00:00,Male,61,Bronze,Lazada,Phuket,1498,Shopee,COD,7,8,5,1,>50,49.93333333333333,1.0,0.0,0.0,-1,132,13583.76,0.08,1.0,0.0,0.0,0.0,0,0,0.0,0.0,0,0,0.0,0.0,0,0,0.0,13583.76,1,0,0.0,1
LGS2ORD0028704,C013390,2025-08-16 07:00:00,Male,47,Bronze,Shopee,Remote_Area,1284,Web,COD,7,8,5,1,40-50,42.8,1.0,0.0,0.0,-1,50,2377.59,0.03,1.0,0.0,0.0,0.0,0,0,0.0,0.0,0,0,0.0,2377.59,1,0,0.0,2377.59,1,0,0.0,1
LGS2ORD0028705,C013288,2025-08-16 08:00:00,Female,34,Bronze,Lazada,Bangkok,1447,Shopee,COD,8,8,5,1,30-40,48.233333333333334,6.0,1.0,0.16666666666666666,44,9,6151.048333333333,0.23,0.3333333333333333,0.3333333333333333,0.0,0.0,0,0,0.0,1351.82,1,0,0.0,30188.67,4,1,0.25,36906.29,6,1,0.16666666666666666,0
LGS2ORD0028706,C011015,2025-08-16 08:00:00,Female,41,Silver,CallCenter,Bangkok,1110,CallCenter,COD,8,8,5,1,40-50,37.0,2.0,0.0,0.0,-1,137,1108.34,0.1,1.0,0.0,0.0,0.0,0,0,0.0,0.0,0,0,0.0,0.0,0,0,0.0,2216.68,2,0,0.0,0
LGS2ORD0028707,C017801,2025-08-16 08:00:00,Female,50,Bronze,Shopee,Phuket,576,TV_Show,Credit_Card,8,8,5,1,40-50,19.2,9.0,3.0,0.3333333333333333,49,32,7103.114444444444,0.23,0.5555555555555556,0.1111111111111111,0.0,0.0,0,0,0.0,0.0,0,0,0.0,52615.67,4,1,0.25,63928.03,9,3,0.3333333333333333,1
LGS2ORD0028708,C012275,2025-08-16 08:00:00,Male,33,Gold,Web,Bangkok,1190,TV_Show,Bank_Transfer,8,8,5,1,30-40,39.666666666666664,1.0,0.0,0.0,-1,174,7471.02,0.2299999999999999,0.0,1.0,0.0,0.0,0,0,0.0,0.0,0,0,0.0,0.0,0,0,0.0,7471.02,1,0,0.0,0
LGS2ORD0028709,C015640,2025-08-16 08:00:00,Female,52,Silver,TV,Remote_Area,478,Shopee,COD,8,8,5,1,>50,15.933333333333334,4.0,1.0,0.25,188,27,11567.9425,0.2,0.75,0.0,0.0,0.0,0,0,0.0,10261.44,1,0,0.0,10261.44,1,0,0.0,46271.77,4,1,0.25,1
LGS2ORD0028710,C014989,2025-08-16 09:00:00,Male,52,Gold,TV,Nakhon Ratchasima,1023,Web,COD,9,8,5,1,>50,34.1,4.0,1.0,0.25,130,76,1942.5324999999998,0.28,0.75,0.75,0.0,0.0,0,0,0.0,0.0,0,0,0.0,810.83,1,0,0.0,7770.129999999999,4,1,0.25,0
LGS2ORD0028711,C012508,2025-08-16 09:00:00,Male,53,Bronze,Lazada,Songkhla,838,CallCenter,Credit_Card,9,8,5,1,>50,27.933333333333334,4.0,2.0,0.5,143,40,1831.3375,0.28,0.5,0.25,0.0,0.0,0,0,0.0,0.0,0,0,0.0,5280.55,2,0,0.0,7325.35,4,2,0.5,0
LGS2ORD0028712,C016059,2025-08-16 09:00:00,Female,34,Platinum,Shopee,Bangkok,1078,Web,COD,9,8,5,1,30-40,35.93333333333333,1.0,0.0,0.0,-1,125,3320.41,0.15,1.0,0.0,0.0,0.0,0,0,0.0,0.0,0,0,0.0,0.0,0,0,0.0,3320.41,1,0,0.0,0
LGS2ORD0028713,C015843,2025-08-16 09:00:00,Male,48,Bronze,Shopee,Songkhla,873,Web,PromptPay,9,8,5,1,40-50,29.1,5.0,3.0,0.6,64,80,4213.59,0.28,0.4,0.2,0.0,0.0,0,0,0.0,0.0,0,0,0.0,9288.73,1,1,1.0,21067.95,5,3,0.6,1
LGS2ORD0028714,C017270,2025-08-16 09:00:00,Female,40,Bronze,TV,Bangkok,437,TV_Show,Credit_Card,9,8,5,1,30-40,14.566666666666666,5.0,2.0,0.4,-13,2,3609.1399999999994,0.28,0.8,0.2,0.0,619.6,1,1,1.0,619.6,1,1,1.0,2446.5,2,1,0.5,18045.699999999997,5,2,0.4,1
LGS2ORD0028715,C017758,2025-08-16 09:00:00,Other,33,Gold,Web,Bangkok,988,TV_Show,COD,9,8,5,1,30-40,32.93333333333333,5.0,0.0,0.0,-1,14,4673.808,0.2299999999999999,0.2,0.2,0.0,0.0,0,0,0.0,6877.79,1,0,0.0,11305.060000000001,2,0,0.0,23369.04,5,0,0.0,1
LGS2ORD0028716,C014445,2025-08-16 10:00:00,Male,38,Gold,Web,Chonburi,354,TV_Show,Credit_Card,10,8,5,1,30-40,11.8,3.0,0.0,0.0,-1,54,5938.006666666667,0.2299999999999999,0.3333333333333333,0.3333333333333333,0.0,0.0,0,0,0.0,0.0,0,0,0.0,14203.2,2,0,0.0,17814.02,3,0,0.0,0
LGS2ORD0028717,C017692,2025-08-16 10:00:00,Female,48,Bronze,Web,Chiang Mai,1555,Lazada,Bank_Transfer,10,8,5,1,40-50,51.833333333333336,3.0,1.0,0.3333333333333333,80,36,5686.34,0.23,0.6666666666666666,0.3333333333333333,0.0,0.0,0,0,0.0,0.0,0,0,0.0,10802.880000000001,2,1,0.5,17059.02,3,1,0.3333333333333333,0
LGS2ORD0028718,C011733,2025-08-16 10:00:00,Female,50,Silver,TV,Nakhon Ratchasima,909,TV_Show,COD,10,8,5,1,40-50,30.3,3.0,0.0,0.0,-1,27,6367.599999999999,0.15,0.3333333333333333,0.0,0.0,0.0,0,0,0.0,1895.66,1,0,0.0,3646.65,2,0,0.0,19102.8,3,0,0.0,1
LGS2ORD0028719,C010573,2025-08-16 10:00:00,Female,45,Bronze,TV,Khon Kaen,337,TV_Show,COD,10,8,5,1,40-50,11.233333333333333,2.0,0.0,0.0,-1,29,4820.71,0.08,0.5,0.0,0.0,0.0,0,0,0.0,3796.82,1,0,0.0,3796.82,1,0,0.0,9641.42,2,0,0.0,0
LGS2ORD0028720,C014066,2025-08-16 10:00:00,Female,37,Platinum,Shopee,Phuket,1172,CallCenter,COD,10,8,5,1,30-40,39.06666666666667,6.0,3.0,0.5,0,6,4615.111666666667,0.3,0.5,0.16666666666666666,0.0,1197.16,1,0,0.0,16728.98,3,2,0.6666666666666666,27690.670000000002,6,3,0.5,27690.670000000002,6,3,0.5,1
LGS2ORD0028721,C015838,2025-08-16 11:00:00,Male,52,Bronze,Shopee,Remote_Area,1261,Lazada,Credit_Card,11,8,5,1,>50,42.03333333333333,4.0,3.0,0.75,105,14,3346.4525,0.28,0.5,0.5,0.0,0.0,0,0,0.0,5121.83,1,0,0.0,5121.83,1,0,0.0,13385.81,4,3,0.75,0
LGS2ORD0028722,C016955,2025-08-16 11:00:00,Female,43,Bronze,TV,Chiang Mai,522,Web,COD,11,8,5,1,40-50,17.4,2.0,0.0,0.0,-1,168,6200.835,0.13,0.5,0.0,0.0,0.0,0,0,0.0,0.0,0,0,0.0,0.0,0,0,0.0,12401.67,2,0,0.0,0
LGS2ORD0028723,C015340,2025-08-16 11:00:00,Female,42,Silver,TV,Chiang Mai,1318,Web,COD,11,8,5,1,40-50,43.93333333333333,5.0,0.0,0.0,-1,52,4389.648,0.25,0.4,0.2,0.0,0.0,0,0,0.0,0.0,0,0,0.0,11482.130000000001,2,0,0.0,21948.24,5,0,0.0,0
LGS2ORD0028724,C016638,2025-08-16 11:00:00,Male,46,Silver,CallCenter,Phuket,355,Web,Credit_Card,11,8,5,1,40-50,11.833333333333334,6.0,2.0,0.3333333333333333,27,6,2597.628333333333,0.3,0.16666666666666666,0.5,0.0,2595.42,1,0,0.0,2595.42,1,0,0.0,4004.21,2,1,0.5,15585.769999999999,6,2,0.3333333333333333,0
LGS2ORD0028725,C012681,2025-08-16 11:00:00,Female,42,Platinum,Web,Bangkok,1215,Web,COD,11,8,5,1,40-50,40.5,5.0,2.0,0.4,97,21,3421.732,0.3,0.6,0.2,0.0,0.0,0,0,0.0,1796.34,1,0,0.0,1796.34,1,0,0.0,17108.66,5,2,0.4,0
LGS2ORD0028726,C013516,2025-08-16 12:00:00,Male,18,Bronze,TV,Khon Kaen,1487,Lazada,Credit_Card,12,8,5,1,<20,49.56666666666667,5.0,1.0,0.2,92,89,5215.714,0.23,0.6,0.2,0.0,0.0,0,0,0.0,0.0,0,0,0.0,1572.54,1,0,0.0,26078.57,5,1,0.2,0
LGS2ORD0028727,C014170,2025-08-16 12:00:00,Female,39,Silver,Lazada,Bangkok,421,Shopee,PromptPay,12,8,5,1,30-40,14.033333333333333,2.0,0.0,0.0,-1,159,5509.805,0.2,0.0,0.0,0.0,0.0,0,0,0.0,0.0,0,0,0.0,0.0,0,0,0.0,11019.61,2,0,0.0,0
LGS2ORD0028728,C011428,2025-08-16 12:00:00,Female,29,Silver,Shopee,Nakhon Ratchasima,383,Shopee,Credit_Card,12,8,5,1,20-30,12.766666666666667,4.0,1.0,0.25,51,29,6279.95,0.2,0.5,0.0,0.0,0.0,0,0,0.0,7659.75,1,0,0.0,16317.92,3,1,0.3333333333333333,25119.8,4,1,0.25,0
LGS2ORD0028729,C013426,2025-08-16 12:00:00,Female,55,Gold,Lazada,Phuket,683,Web,COD,12,8,5,1,>50,22.766666666666666,2.0,0.0,0.0,-1,96,1713.15,0.18,0.0,0.0,0.0,0.0,0,0,0.0,0.0,0,0,0.0,0.0,0,0,0.0,3426.3,2,0,0.0,0
LGS2ORD0028730,C010126,2025-08-16 12:00:00,Female,37,Bronze,Web,Phuket,704,Shopee,Credit_Card,12,8,5,1,30-40,23.466666666666665,2.0,1.0,0.5,174,148,7704.25,0.23,0.5,0.5,0.0,0.0,0,0,0.0,0.0,0,0,0.0,0.0,0,0,0.0,15408.5,2,1,0.5,1
LGS2ORD0028731,C010354,2025-08-16 13:00:00,Male,33,Bronze,TV,Chonburi,1292,Shopee,PromptPay,13,8,5,1,30-40,43.06666666666667,4.0,2.0,0.5,129,33,6756.6975,0.28,0.25,0.25,0.0,0.0,0,0,0.0,0.0,0,0,0.0,10878.42,2,0,0.0,27026.79,4,2,0.5,0
LGS2ORD0028732,C015486,2025-08-16 13:00:00,Female,21,Bronze,Shopee,Khon Kaen,1280,Web,PromptPay,13,8,5,1,20-30,42.666666666666664,5.0,2.0,0.4,124,4,3344.726,0.28,0.8,0.2,0.0,5387.21,1,0,0.0,5387.21,1,0,0.0,10937.43,2,0,0.0,16723.63,5,2,0.4,0
LGS2ORD0028733,C017357,2025-08-16 13:00:00,Male,18,Silver,Web,Phuket,308,Lazada,COD,13,8,5,1,<20,10.266666666666667,6.0,0.0,0.0,-1,51,5469.418333333334,0.25,0.3333333333333333,0.3333333333333333,0.0,0.0,0,0,0.0,0.0,0,0,0.0,6925.26,2,0,0.0,32816.51,6,0,0.0,0
LGS2ORD0028734,C010077,2025-08-16 13:00:00,Other,46,Platinum,Web,Bangkok,1450,Lazada,COD,13,8,5,1,40-50,48.333333333333336,3.0,0.0,0.0,-1,20,2727.9066666666668,0.3,0.6666666666666666,0.3333333333333333,0.0,0.0,0,0,0.0,3513.26,1,0,0.0,3513.26,1,0,0.0,8183.72,3,0,0.0,0
LGS2ORD0028735,C015404,2025-08-16 13:00:00,Female,60,Bronze,Shopee,Songkhla,1155,Lazada,COD,13,8,5,1,>50,38.5,10.0,3.0,0.3,56,30,5477.967,0.28,0.7,0.3,0.0,0.0,0,0,0.0,1413.81,1,0,0.0,18876.33,4,1,0.25,54779.67,10,3,0.3,1
LGS2ORD0028736,C011870,2025-08-16 13:00:00,Male,40,Silver,CallCenter,Bangkok,1650,CallCenter,Credit_Card,13,8,5,1,30-40,55.0,3.0,1.0,0.3333333333333333,170,61,2623.726666666667,0.15,0.6666666666666666,0.0,0.0,0.0,0,0,0.0,0.0,0,0,0.0,4996.08,1,0,0.0,7871.18,3,1,0.3333333333333333,1
LGS2ORD0028737,C017884,2025-08-16 14:00:00,Female,58,Gold,Shopee,Bangkok,1374,Shopee,COD,14,8,5,1,>50,45.8,1.0,0.0,0.0,-1,180,3115.05,0.08,1.0,0.0,0.0,0.0,0,0,0.0,0.0,0,0,0.0,0.0,0,0,0.0,3115.05,1,0,0.0,1
LGS2ORD0028738,C012212,2025-08-16 14:00:00,Male,35,Silver,Web,Chiang Mai,1165,Web,COD,14,8,5,1,30-40,38.833333333333336,7.0,2.0,0.2857142857142857,-6,1,6918.585714285713,0.3,0.7142857142857143,0.14285714285714285,0.0,1158.04,1,1,1.0,12329.11,2,1,0.5,12329.11,2,1,0.5,48430.09999999999,7,2,0.2857142857142857,0
LGS2ORD0028739,C015844,2025-08-16 14:00:00,Male,35,Bronze,TV,Bangkok,592,Web,PromptPay,14,8,5,1,30-40,19.733333333333334,4.0,1.0,0.25,203,49,11216.57,0.13,0.75,0.0,0.0,0.0,0,0,0.0,0.0,0,0,0.0,44382.43,3,0,0.0,44866.28,4,1,0.25,0
LGS2ORD0028740,C010511,2025-08-16 14:00:00,Male,61,Bronze,TV,Songkhla,415,TV_Show,COD,14,8,5,1,>50,13.833333333333334,1.0,0.0,0.0,-1,6,754.58,0.03,0.0,0.0,0.0,754.58,1,0,0.0,754.58,1,0,0.0,754.58,1,0,0.0,754.58,1,0,0.0,1
LGS2ORD0028741,C017852,2025-08-16 14:00:00,Male,55,Bronze,Shopee,Khon Kaen,728,Lazada,COD,14,8,5,1,>50,24.266666666666666,5.0,0.0,0.0,-1,12,3564.0,0.28,0.4,0.2,0.0,0.0,0,0,0.0,8640.69,2,0,0.0,9125.07,3,0,0.0,17820.0,5,0,0.0,0
LGS2ORD0028742,C012366,2025-08-16 15:00:00,Other,24,Gold,Shopee,Bangkok,1120,Web,PromptPay,15,8,5,1,20-30,37.333333333333336,3.0,2.0,0.6666666666666666,34,8,2312.7266666666665,0.28,0.6666666666666666,1.0,0.0,0.0,0,0,0.0,1965.45,1,0,0.0,6938.179999999999,3,2,0.6666666666666666,6938.179999999999,3,2,0.6666666666666666,0
LGS2ORD0028743,C010343,2025-08-16 15:00:00,Female,44,Bronze,Lazada,Remote_Area,618,TV_Show,COD,15,8,5,1,40-50,20.6,3.0,3.0,1.0,30,46,5636.256666666667,0.28,1.0,0.3333333333333333,0.0,0.0,0,0,0.0,0.0,0,0,0.0,9324.94,1,1,1.0,16908.77,3,3,1.0,0
LGS2ORD0028744,C014358,2025-08-16 15:00:00,Male,34,Gold,Web,Chiang Mai,975,CallCenter,Bank_Transfer,15,8,5,1,30-40,32.5,6.0,1.0,0.16666666666666666,150,9,6586.371666666666,0.33,0.8333333333333334,0.3333333333333333,0.0,0.0,0,0,0.0,10417.8,1,0,0.0,22251.14,3,0,0.0,39518.229999999996,6,1,0.16666666666666666,0
LGS2ORD0028745,C014335,2025-08-16 15:00:00,Male,43,Bronze,Shopee,Remote_Area,1450,CallCenter,COD,15,8,5,1,40-50,48.333333333333336,5.0,1.0,0.2,170,46,6442.546,0.23,0.8,0.2,0.0,0.0,0,0,0.0,0.0,0,0,0.0,25875.57,1,0,0.0,32212.73,5,1,0.2,1
LGS2ORD0028746,C011409,2025-08-16 15:00:00,Female,56,Bronze,CallCenter,Chonburi,1532,TV_Show,Credit_Card,15,8,5,1,>50,51.06666666666667,2.0,0.0,0.0,-1,134,7073.56,0.23,0.5,0.5,0.0,0.0,0,0,0.0,0.0,0,0,0.0,0.0,0,0,0.0,14147.12,2,0,0.0,0
LGS2ORD0028747,C016709,2025-08-16 16:00:00,Female,46,Platinum,Shopee,Phuket,1459,Web,PromptPay,16,8,5,1,40-50,48.63333333333333,3.0,1.0,0.3333333333333333,149,105,5118.38,0.35,0.6666666666666666,0.6666666666666666,0.0,0.0,0,0,0.0,0.0,0,0,0.0,0.0,0,0,0.0,15355.14,3,1,0.3333333333333333,0
LGS2ORD0028748,C014776,2025-08-16 16:00:00,Female,41,Bronze,Lazada,Khon Kaen,928,Web,COD,16,8,5,1,40-50,30.933333333333334,7.0,3.0,0.42857142857142855,12,26,6806.847142857143,0.23,0.42857142857142855,0.14285714285714285,0.0,0.0,0,0,0.0,4396.61,1,1,1.0,10020.79,2,2,1.0,47647.93,7,3,0.42857142857142855,0
LGS2ORD0028749,C015234,2025-08-16 16:00:00,Female,42,Bronze,TV,Chonburi,566,Shopee,Credit_Card,16,8,5,1,40-50,18.866666666666667,7.0,1.0,0.14285714285714285,171,16,7881.917142857143,0.28,0.5714285714285714,0.42857142857142855,0.0,0.0,0,0,0.0,38339.15,1,0,0.0,38339.15,1,0,0.0,55173.42,7,1,0.14285714285714285,0
LGS2ORD0028750,C010850,2025-08-16 16:00:00,Other,43,Silver,TV,Chiang Mai,865,Web,Credit_Card,16,8,5,1,40-50,28.833333333333332,6.0,1.0,0.16666666666666666,176,90,10049.281666666668,0.3,0.5,0.16666666666666666,0.0,0.0,0,0,0.0,0.0,0,0,0.0,0.0,0,0,0.0,60295.69,6,1,0.16666666666666666,1
LGS2ORD0028751,C017463,2025-08-16 16:00:00,Male,43,Silver,Web,Phuket,402,TV_Show,Credit_Card,16,8,5,1,40-50,13.4,4.0,2.0,0.5,-15,4,2017.885,0.25,0.25,0.25,0.0,1436.87,1,1,1.0,7345.17,3,2,0.6666666666666666,7345.17,3,2,0.6666666666666666,8071.54,4,2,0.5,0
LGS2ORD0028752,C014997,2025-08-16 17:00:00,Female,36,Bronze,Shopee,Chiang Mai,805,CallCenter,Bank_Transfer,17,8,5,1,30-40,26.833333333333332,6.0,0.0,0.0,-1,56,3155.145,0.13,0.8333333333333334,0.0,0.0,0.0,0,0,0.0,0.0,0,0,0.0,5858.91,2,0,0.0,18930.87,6,0,0.0,0
LGS2ORD0028753,C013794,2025-08-16 17:00:00,Female,46,Silver,Web,Khon Kaen,1586,Lazada,COD,17,8,5,1,40-50,52.86666666666667,3.0,1.0,0.3333333333333333,17,24,2454.4066666666668,0.15,0.3333333333333333,0.0,0.0,0.0,0,0,0.0,6576.77,1,1,1.0,6576.77,1,1,1.0,7363.22,3,1,0.3333333333333333,0
LGS2ORD0028754,C014539,2025-08-16 17:00:00,Male,42,Silver,Lazada,Chiang Mai,1073,Web,COD,17,8,5,1,40-50,35.766666666666666,3.0,1.0,0.3333333333333333,84,90,10118.95,0.25,0.6666666666666666,0.3333333333333333,0.0,0.0,0,0,0.0,0.0,0,0,0.0,0.0,0,0,0.0,30356.850000000002,3,1,0.3333333333333333,1
LGS2ORD0028755,C012432,2025-08-16 17:00:00,Female,45,Bronze,TV,Bangkok,601,Web,COD,17,8,5,1,40-50,20.033333333333335,6.0,1.0,0.16666666666666666,55,14,11459.833333333334,0.23,0.3333333333333333,0.16666666666666666,0.0,0.0,0,0,0.0,8844.11,1,0,0.0,66418.60999999999,4,1,0.25,68759.0,6,1,0.16666666666666666,0
LGS2ORD0028756,C012556,2025-08-16 17:00:00,Female,38,Silver,CallCenter,Remote_Area,1483,TV_Show,PromptPay,17,8,5,1,30-40,49.43333333333333,6.0,0.0,0.0,-1,11,3177.65,0.3,0.5,0.3333333333333333,0.0,0.0,0,0,0.0,7268.58,2,0,0.0,11000.32,3,0,0.0,19065.9,6,0,0.0,0
LGS2ORD0028757,C015978,2025-08-16 17:00:00,Female,40,Bronze,Web,Bangkok,1066,Web,Credit_Card,17,8,5,1,30-40,35.53333333333333,4.0,0.0,0.0,-1,30,2409.0225,0.13,0.5,0.0,0.0,0.0,0,0,0.0,0.0,0,0,0.0,6948.290000000001,2,0,0.0,9636.09,4,0,0.0,0
LGS2ORD0028758,C012412,2025-08-16 18:00:00,Female,43,Platinum,Web,Chiang Mai,758,Web,Credit_Card,18,8,5,1,40-50,25.266666666666666,4.0,0.0,0.0,-1,49,6838.2525000000005,0.3,0.25,0.75,0.0,0.0,0,0,0.0,0.0,0,0,0.0,12519.22,2,0,0.0,27353.010000000002,4,0,0.0,0
LGS2ORD0028759,C016073,2025-08-16 18:00:00,Female,32,Bronze,Shopee,Bangkok,735,CallCenter,PromptPay,18,8,5,1,30-40,24.5,12.0,1.0,0.08333333333333333,80,28,7043.900000000001,0.23,0.5833333333333334,0.25,0.0,0.0,0,0,0.0,966.34,1,0,0.0,9661.16,4,1,0.25,84526.8,12,1,0.08333333333333333,0
LGS2ORD0028760,C011717,2025-08-16 18:00:00,Female,53,Bronze,Lazada,Phuket,924,TV_Show,Credit_Card,18,8,5,1,>50,30.8,1.0,0.0,0.0,-1,44,1444.96,0.23,0.0,1.0,0.0,0.0,0,0,0.0,0.0,0,0,0.0,1444.96,1,0,0.0,1444.96,1,0,0.0,1
LGS2ORD0028761,C016897,2025-08-16 18:00:00,Male,56,Silver,TV,Chiang Mai,1077,Lazada,PromptPay,18,8,5,1,>50,35.9,4.0,0.0,0.0,-1,82,2390.43,0.25,0.75,0.25,0.0,0.0,0,0,0.0,0.0,0,0,0.0,4241.48,1,0,0.0,9561.72,4,0,0.0,0
LGS2ORD0028762,C013284,2025-08-16 18:00:00,Female,39,Gold,Lazada,Bangkok,533,Web,COD,18,8,5,1,30-40,17.766666666666666,4.0,1.0,0.25,77,55,5863.75,0.2299999999999999,0.25,0.25,0.0,0.0,0,0,0.0,0.0,0,0,0.0,7911.4,2,1,0.5,23455.0,4,1,0.25,1
LGS2ORD0028763,C014393,2025-08-16 19:00:00,Female,55,Gold,Shopee,Khon Kaen,964,TV_Show,COD,19,8,5,1,>50,32.13333333333333,3.0,0.0,0.0,-1,5,2623.0633333333335,0.33,0.3333333333333333,0.6666666666666666,0.0,1856.24,1,0,0.0,6242.63,2,0,0.0,6242.63,2,0,0.0,7869.1900000000005,3,0,0.0,0
LGS2ORD0028764,C015619,2025-08-16 19:00:00,Female,36,Bronze,Web,Chiang Mai,331,Web,COD,19,8,5,1,30-40,11.033333333333333,6.0,2.0,0.3333333333333333,17,12,6385.09,0.18,0.3333333333333333,0.0,0.0,0.0,0,0,0.0,17107.29,2,1,0.5,21846.59,3,1,0.3333333333333333,38310.54,6,2,0.3333333333333333,0
LGS2ORD0028765,C014805,2025-08-16 19:00:00,Male,41,Bronze,TV,Chonburi,765,Shopee,Credit_Card,19,8,5,1,40-50,25.5,5.0,0.0,0.0,-1,4,2290.2380000000003,0.08,0.6,0.0,0.0,2070.99,1,0,0.0,2070.99,1,0,0.0,3532.49,2,0,0.0,11451.19,5,0,0.0,0
LGS2ORD0028766,C010639,2025-08-16 19:00:00,Female,59,Bronze,Lazada,Bangkok,268,TV_Show,COD,19,8,5,1,>50,8.933333333333334,1.0,1.0,1.0,114,130,13426.08,0.28,0.0,1.0,0.0,0.0,0,0,0.0,0.0,0,0,0.0,0.0,0,0,0.0,13426.08,1,1,1.0,0
LGS2ORD0028767,C010503,2025-08-16 19:00:00,Female,50,Bronze,Lazada,Remote_Area,1143,TV_Show,COD,19,8,5,1,40-50,38.1,6.0,2.0,0.3333333333333333,94,19,7317.89,0.23,0.8333333333333334,0.3333333333333333,0.0,0.0,0,0,0.0,1853.34,1,0,0.0,2225.41,2,0,0.0,43907.340000000004,6,2,0.3333333333333333,0
LGS2ORD0028768,C010679,2025-08-16 20:00:00,Male,42,Silver,TV,Phuket,837,Shopee,Bank_Transfer,20,8,5,1,40-50,27.9,2.0,1.0,0.5,198,96,5027.469999999999,0.3,0.5,0.5,0.0,0.0,0,0,0.0,0.0,0,0,0.0,0.0,0,0,0.0,10054.939999999999,2,1,0.5,0
LGS2ORD0028769,C012147,2025-08-16 20:00:00,Female,41,Silver,Shopee,Chonburi,671,Web,Credit_Card,20,8,5,1,40-50,22.366666666666667,2.0,0.0,0.0,-1,122,20274.375,0.2,0.5,0.0,0.0,0.0,0,0,0.0,0.0,0,0,0.0,0.0,0,0,0.0,40548.75,2,0,0.0,0
LGS2ORD0028770,C017926,2025-08-16 20:00:00,Male,41,Bronze,Web,Chonburi,829,Lazada,COD,20,8,5,1,40-50,27.633333333333333,5.0,1.0,0.2,108,26,8280.958,0.28,0.4,0.4,0.0,0.0,0,0,0.0,22782.52,1,0,0.0,27637.32,3,0,0.0,41404.79,5,1,0.2,0
LGS2ORD0028771,C013492,2025-08-16 20:00:00,Female,51,Silver,Web,Nakhon Ratchasima,1150,CallCenter,PromptPay,20,8,5,1,>50,38.333333333333336,2.0,0.0,0.0,-1,32,13908.755,0.25,0.5,0.5,0.0,0.0,0,0,0.0,0.0,0,0,0.0,20110.44,1,0,0.0,27817.51,2,0,0.0,1
LGS2ORD0028772,C014145,2025-08-16 20:00:00,Female,37,Gold,TV,Khon Kaen,395,Web,COD,20,8,5,1,30-40,13.166666666666666,3.0,0.0,0.0,-1,66,3205.5533333333333,0.33,0.6666666666666666,0.6666666666666666,0.0,0.0,0,0,0.0,0.0,0,0,0.0,6949.85,2,0,0.0,9616.66,3,0,0.0,0
LGS2ORD0028773,C015439,2025-08-16 21:00:00,Male,37,Bronze,Lazada,Remote_Area,279,CallCenter,PromptPay,21,8,5,1,30-40,9.3,5.0,2.0,0.4,96,38,6087.116,0.28,0.4,0.2,0.0,0.0,0,0,0.0,0.0,0,0,0.0,2501.16,1,0,0.0,30435.579999999998,5,2,0.4,0
LGS2ORD0028774,C010383,2025-08-16 21:00:00,Female,48,Silver,TV,Nakhon Ratchasima,1062,Lazada,PromptPay,21,8,5,1,40-50,35.4,9.0,2.0,0.2222222222222222,-5,5,4593.524444444444,0.3,0.5555555555555556,0.1111111111111111,0.0,463.44,1,1,1.0,24716.01,4,1,0.25,38451.37,7,2,0.2857142857142857,41341.72,9,2,0.2222222222222222,1
LGS2ORD0028775,C012400,2025-08-16 21:00:00,Female,38,Bronze,TV,Phuket,1663,CallCenter,COD,21,8,5,1,30-40,55.43333333333333,9.0,1.0,0.1111111111111111,42,21,7262.467777777778,0.18,0.4444444444444444,0.0,0.0,0.0,0,0,0.0,3422.37,1,0,0.0,15841.7,3,1,0.3333333333333333,65362.21,9,1,0.1111111111111111,1
LGS2ORD0028776,C016429,2025-08-16 21:00:00,Female,43,Bronze,TV,Chiang Mai,904,TV_Show,COD,21,8,5,1,40-50,30.133333333333333,2.0,2.0,1.0,100,106,15913.66,0.03,0.5,0.0,0.0,0.0,0,0,0.0,0.0,0,0,0.0,0.0,0,0,0.0,31827.32,2,2,1.0,0
LGS2ORD0028777,C017750,2025-08-16 21:00:00,Female,23,Silver,TV,Bangkok,1351,Shopee,Credit_Card,21,8,5,1,20-30,45.03333333333333,4.0,1.0,0.25,48,55,6008.7474999999995,0.3,0.5,0.5,0.0,0.0,0,0,0.0,0.0,0,0,0.0,11268.75,2,1,0.5,24034.989999999998,4,1,0.25,0
LGS2ORD0028778,C011525,2025-08-16 21:00:00,Male,47,Silver,CallCenter,Nakhon Ratchasima,675,Lazada,Credit_Card,21,8,5,1,40-50,22.5,6.0,2.0,0.3333333333333333,106,88,7509.568333333333,0.3,0.16666666666666666,0.16666666666666666,0.0,0.0,0,0,0.0,0.0,0,0,0.0,4911.25,1,0,0.0,45057.409999999996,6,2,0.3333333333333333,0
LGS2ORD0028779,C012342,2025-08-16 22:00:00,Other,43,Platinum,Lazada,Bangkok,1375,Web,COD,22,8,5,1,40-50,45.833333333333336,4.0,0.0,0.0,-1,66,13054.205,0.25,0.5,0.25,0.0,0.0,0,0,0.0,0.0,0,0,0.0,27139.38,1,0,0.0,52216.82,4,0,0.0,0
LGS2ORD0028780,C011183,2025-08-16 22:00:00,Male,18,Platinum,TV,Nakhon Ratchasima,1506,Lazada,COD,22,8,5,1,<20,50.2,5.0,0.0,0.0,-1,55,6420.42,0.25,0.2,0.4,0.0,0.0,0,0,0.0,0.0,0,0,0.0,30326.469999999998,3,0,0.0,32102.1,5,0,0.0,0
LGS2ORD0028781,C011662,2025-08-16 22:00:00,Other,37,Bronze,Shopee,Chonburi,455,TV_Show,PromptPay,22,8,5,1,30-40,15.166666666666666,4.0,1.0,0.25,124,110,5173.227499999999,0.08,0.75,0.0,0.0,0.0,0,0,0.0,0.0,0,0,0.0,0.0,0,0,0.0,20692.909999999996,4,1,0.25,0
LGS2ORD0028782,C016616,2025-08-16 22:00:00,Male,47,Bronze,CallCenter,Bangkok,887,Shopee,COD,22,8,5,1,40-50,29.566666666666666,6.0,1.0,0.16666666666666666,115,22,1623.8583333333333,0.28,0.5,0.3333333333333333,0.0,0.0,0,0,0.0,2075.18,1,0,0.0,3849.62,2,0,0.0,9743.15,6,1,0.16666666666666666,0
LGS2ORD0028783,C014844,2025-08-16 22:00:00,Female,40,Gold,Web,Bangkok,629,CallCenter,Bank_Transfer,22,8,5,1,30-40,20.966666666666665,6.0,0.0,0.0,-1,47,3224.76,0.33,0.6666666666666666,0.5,0.0,0.0,0,0,0.0,0.0,0,0,0.0,2257.27,2,0,0.0,19348.56,6,0,0.0,1
LGS2ORD0028784,C010346,2025-08-16 23:00:00,Female,25,Bronze,Lazada,Nakhon Ratchasima,1146,TV_Show,COD,23,8,5,1,20-30,38.2,3.0,0.0,0.0,-1,72,7863.386666666666,0.23,0.6666666666666666,0.6666666666666666,0.0,0.0,0,0,0.0,0.0,0,0,0.0,14795.04,1,0,0.0,23590.16,3,0,0.0,0
LGS2ORD0028785,C016825,2025-08-16 23:00:00,Female,49,Bronze,Shopee,Nakhon Ratchasima,694,Lazada,Credit_Card,23,8,5,1,40-50,23.133333333333333,5.0,3.0,0.6,26,30,6599.214,0.23,0.8,0.2,0.0,0.0,0,0,0.0,0.0,0,0,0.0,6164.91,2,1,0.5,32996.07,5,3,0.6,0
LGS2ORD0028786,C010733,2025-08-16 23:00:00,Female,51,Silver,Lazada,Bangkok,435,Lazada,COD,23,8,5,1,>50,14.5,2.0,1.0,0.5,195,162,15346.480000000001,0.25,0.0,0.5,0.0,0.0,0,0,0.0,0.0,0,0,0.0,0.0,0,0,0.0,30692.960000000003,2,1,0.5,0
LGS2ORD0028787,C014447,2025-08-16 23:00:00,Male,35,Bronze,CallCenter,Bangkok,1627,Lazada,Credit_Card,23,8,5,1,30-40,54.233333333333334,5.0,2.0,0.4,32,43,8715.642000000002,0.18,0.6,0.0,0.0,0.0,0,0,0.0,0.0,0,0,0.0,26188.4,2,1,0.5,43578.21000000001,5,2,0.4,0
LGS2ORD0028788,C010103,2025-08-16 23:00:00,Female,28,Gold,Shopee,Bangkok,652,Lazada,COD,23,8,5,1,20-30,21.733333333333334,3.0,1.0,0.3333333333333333,112,34,3302.7099999999996,0.28,0.6666666666666666,0.6666666666666666,0.0,0.0,0,0,0.0,0.0,0,0,0.0,2922.14,1,0,0.0,9908.13,3,1,0.3333333333333333,0
LGS2ORD0028789,C011922,2025-08-17 00:00:00,Female,25,Gold,Shopee,Chonburi,1369,TV_Show,PromptPay,0,8,6,1,20-30,45.63333333333333,6.0,1.0,0.16666666666666666,93,45,3603.9266666666663,0.2299999999999999,0.3333333333333333,0.16666666666666666,0.0,0.0,0,0,0.0,0.0,0,0,0.0,4084.8900000000003,2,0,0.0,21623.559999999998,6,1,0.16666666666666666,0
LGS2ORD0028790,C014184,2025-08-17 00:00:00,Female,43,Bronze,TV,Chiang Mai,371,CallCenter,COD,0,8,6,1,40-50,12.366666666666667,3.0,0.0,0.0,-1,20,5026.62,0.13,0.3333333333333333,0.0,0.0,0.0,0,0,0.0,1559.84,1,0,0.0,11082.5,2,0,0.0,15079.86,3,0,0.0,0
LGS2ORD0028791,C011605,2025-08-17 00:00:00,Male,45,Gold,Shopee,Bangkok,993,Web,COD,0,8,6,1,40-50,33.1,3.0,0.0,0.0,-1,15,10346.996666666666,0.2299999999999999,0.3333333333333333,0.3333333333333333,0.0,0.0,0,0,0.0,17171.32,1,0,0.0,31040.989999999998,3,0,0.0,31040.989999999998,3,0,0.0,1
LGS2ORD0028792,C011969,2025-08-17 00:00:00,Female,32,Bronze,TV,Bangkok,1634,Web,Credit_Card,0,8,6,1,30-40,54.46666666666667,7.0,2.0,0.2857142857142857,120,81,3582.6157142857146,0.23,0.42857142857142855,0.42857142857142855,0.0,0.0,0,0,0.0,0.0,0,0,0.0,2214.0,1,0,0.0,25078.31,7,2,0.2857142857142857,0
LGS2ORD0028793,C016144,2025-08-17 00:00:00,Male,42,Gold,TV,Phuket,586,CallCenter,Credit_Card,0,8,6,1,40-50,19.533333333333335,2.0,0.0,0.0,-1,210,2766.935,0.13,1.0,0.0,0.0,0.0,0,0,0.0,0.0,0,0,0.0,0.0,0,0,0.0,5533.87,2,0,0.0,0
LGS2ORD0028794,C014391,2025-08-17 01:00:00,Male,23,Bronze,Web,Chiang Mai,770,Web,PromptPay,1,8,6,1,20-30,25.666666666666668,4.0,0.0,0.0,-1,57,4240.9875,0.23,0.5,0.25,0.0,0.0,0,0,0.0,0.0,0,0,0.0,3863.7,1,0,0.0,16963.95,4,0,0.0,0
LGS2ORD0028795,C015865,2025-08-17 01:00:00,Female,57,Gold,Shopee,Nakhon Ratchasima,1191,Shopee,Credit_Card,1,8,6,1,>50,39.7,6.0,2.0,0.3333333333333333,141,81,6654.900000000001,0.33,0.16666666666666666,0.8333333333333334,0.0,0.0,0,0,0.0,0.0,0,0,0.0,7400.6,1,0,0.0,39929.4,6,2,0.3333333333333333,1
LGS2ORD0028796,C016750,2025-08-17 01:00:00,Male,41,Bronze,TV,Bangkok,1122,Web,Bank_Transfer,1,8,6,1,40-50,37.4,5.0,2.0,0.4,17,23,9569.7,0.28,0.4,0.2,0.0,0.0,0,0,0.0,20650.29,2,1,0.5,41758.979999999996,3,1,0.3333333333333333,47848.5,5,2,0.4,0
LGS2ORD0028797,C014659,2025-08-17 01:00:00,Female,50,Gold,TV,Khon Kaen,1466,TV_Show,Bank_Transfer,1,8,6,1,40-50,48.86666666666667,9.0,1.0,0.1111111111111111,32,16,3856.248888888889,0.33,0.4444444444444444,0.5555555555555556,0.0,0.0,0,0,0.0,4867.87,1,0,0.0,14117.07,4,1,0.25,34706.24,9,1,0.1111111111111111,1
LGS2ORD0028798,C013660,2025-08-17 01:00:00,Female,36,Gold,Lazada,Chiang Mai,1555,Shopee,Credit_Card,1,8,6,1,30-40,51.833333333333336,2.0,1.0,0.5,75,53,2628.735,0.2299999999999999,0.5,1.0,0.0,0.0,0,0,0.0,0.0,0,0,0.0,3785.67,1,0,0.0,5257.47,2,1,0.5,0
LGS2ORD0028799,C010375,2025-08-17 01:00:00,Female,51,Silver,TV,Chiang Mai,1145,Web,COD,1,8,6,1,>50,38.166666666666664,3.0,1.0,0.3333333333333333,57,44,6013.69,0.3,0.3333333333333333,0.3333333333333333,0.0,0.0,0,0,0.0,0.0,0,0,0.0,8676.51,2,1,0.5,18041.07,3,1,0.3333333333333333,1
LGS2ORD0028800,C013626,2025-08-17 02:00:00,Male,52,Silver,Shopee,Chiang Mai,1506,TV_Show,Credit_Card,2,8,6,1,>50,50.2,2.0,0.0,0.0,-1,22,4290.21,0.2,1.0,0.0,0.0,0.0,0,0,0.0,7711.07,1,0,0.0,7711.07,1,0,0.0,8580.42,2,0,0.0,0
LGS2ORD0028801,C014449,2025-08-17 02:00:00,Male,32,Silver,TV,Khon Kaen,712,TV_Show,COD,2,8,6,1,30-40,23.733333333333334,6.0,2.0,0.3333333333333333,40,52,12667.279999999999,0.3,0.6666666666666666,0.3333333333333333,0.0,0.0,0,0,0.0,0.0,0,0,0.0,60814.990000000005,2,2,1.0,76003.68,6,2,0.3333333333333333,0
LGS2ORD0028802,C012712,2025-08-17 02:00:00,Female,47,Bronze,TV,Songkhla,813,TV_Show,COD,2,8,6,1,40-50,27.1,8.0,2.0,0.25,20,33,4305.87625,0.23,0.5,0.25,0.0,0.0,0,0,0.0,0.0,0,0,0.0,11743.34,3,1,0.3333333333333333,34447.01,8,2,0.25,1
LGS2ORD0028803,C012657,2025-08-17 02:00:00,Male,47,Bronze,Shopee,Bangkok,970,Web,Credit_Card,2,8,6,1,40-50,32.333333333333336,1.0,0.0,0.0,-1,83,4061.95,0.18,1.0,0.0,0.0,0.0,0,0,0.0,0.0,0,0,0.0,4061.95,1,0,0.0,4061.95,1,0,0.0,0
LGS2ORD0028804,C015394,2025-08-17 02:00:00,Male,72,Bronze,Shopee,Remote_Area,294,TV_Show,Credit_Card,2,8,6,1,>50,9.8,5.0,0.0,0.0,-1,59,5007.393999999999,0.18,0.4,0.0,0.0,0.0,0,0,0.0,0.0,0,0,0.0,4930.2,1,0,0.0,25036.969999999998,5,0,0.0,0
LGS2ORD0028805,C014088,2025-08-17 03:00:00,Female,30,Silver,TV,Songkhla,609,Lazada,Credit_Card,3,8,6,1,20-30,20.3,7.0,1.0,0.14285714285714285,160,82,6674.047142857143,0.25,0.2857142857142857,0.14285714285714285,0.0,0.0,0,0,0.0,0.0,0,0,0.0,3281.3,1,0,0.0,46718.33,7,1,0.14285714285714285,0
LGS2ORD0028806,C010706,2025-08-17 03:00:00,Female,37,Silver,Lazada,Chonburi,448,TV_Show,PromptPay,3,8,6,1,30-40,14.933333333333334,3.0,2.0,0.6666666666666666,45,12,3212.286666666667,0.25,0.6666666666666666,0.3333333333333333,0.0,0.0,0,0,0.0,5193.28,1,0,0.0,6042.95,2,1,0.5,9636.86,3,2,0.6666666666666666,0
LGS2ORD0028807,C012679,2025-08-17 03:00:00,Male,46,Silver,Lazada,Khon Kaen,1454,Shopee,COD,3,8,6,1,40-50,48.46666666666667,8.0,1.0,0.125,126,35,6016.598749999999,0.3,0.5,0.375,0.0,0.0,0,0,0.0,0.0,0,0,0.0,22735.59,3,0,0.0,48132.78999999999,8,1,0.125,1
LGS2ORD0028808,C015443,2025-08-17 03:00:00,Female,18,Bronze,Web,Chonburi,688,TV_Show,PromptPay,3,8,6,1,<20,22.933333333333334,2.0,1.0,0.5,107,119,21023.68,0.13,1.0,0.0,0.0,0.0,0,0,0.0,0.0,0,0,0.0,0.0,0,0,0.0,42047.36,2,1,0.5,0
LGS2ORD0028809,C013641,2025-08-17 03:00:00,Female,18,Silver,Lazada,Chonburi,478,CallCenter,Bank_Transfer,3,8,6,1,<20,15.933333333333334,5.0,2.0,0.4,13,20,4350.834,0.1,0.4,0.0,0.0,0.0,0,0,0.0,2171.16,1,1,1.0,9355.85,3,2,0.6666666666666666,21754.17,5,2,0.4,0
LGS2ORD0028810,C010938,2025-08-17 04:00:00,Female,54,Silver,TV,Bangkok,1661,Web,Credit_Card,4,8,6,1,>50,55.36666666666667,4.0,0.0,0.0,-1,3,5870.1525,0.25,0.25,0.25,0.0,5852.78,1,0,0.0,16358.29,2,0,0.0,16358.29,2,0,0.0,23480.61,4,0,0.0,0
LGS2ORD0028811,C013109,2025-08-17 04:00:00,Male,46,Bronze,Shopee,Khon Kaen,1391,Web,COD,4,8,6,1,40-50,46.36666666666667,5.0,1.0,0.2,12,1,9533.014,0.28,0.8,0.4,0.0,12019.21,1,0,0.0,12255.0,2,1,0.5,39132.07,3,1,0.3333333333333333,47665.07,5,1,0.2,0
LGS2ORD0028812,C017217,2025-08-17 04:00:00,Male,66,Bronze,Web,Chonburi,621,TV_Show,COD,4,8,6,1,>50,20.7,7.0,3.0,0.42857142857142855,155,95,6665.0485714285705,0.28,0.5714285714285714,0.2857142857142857,0.14285714285714285,0.0,0,0,0.0,0.0,0,0,0.0,0.0,0,0,0.0,46655.34,7,3,0.42857142857142855,0
LGS2ORD0028813,C016569,2025-08-17 04:00:00,Male,44,Gold,Web,Bangkok,732,Web,COD,4,8,6,1,40-50,24.4,6.0,0.0,0.0,-1,17,5721.191666666667,0.2299999999999999,0.5,0.5,0.0,0.0,0,0,0.0,2482.48,1,0,0.0,14342.14,3,0,0.0,34327.15,6,0,0.0,0
LGS2ORD0028814,C016736,2025-08-17 04:00:00,Female,62,Silver,TV,Chonburi,1638,Web,COD,4,8,6,1,>50,54.6,4.0,2.0,0.5,64,22,5446.5650000000005,0.25,0.5,0.25,0.0,0.0,0,0,0.0,371.5,1,0,0.0,9241.35,2,1,0.5,21786.260000000002,4,2,0.5,1
LGS2ORD0028815,C012508,2025-08-17 04:00:00,Male,53,Bronze,Lazada,Songkhla,839,Web,Credit_Card,4,8,6,1,>50,27.966666666666665,5.0,2.0,0.4,143,0,3332.65,0.28,0.4,0.4,0.0,9337.9,1,0,0.0,9337.9,1,0,0.0,14618.45,3,0,0.0,16663.25,5,2,0.4,0
LGS2ORD0028816,C013050,2025-08-17 05:00:00,Female,31,Bronze,TV,Chiang Mai,734,Lazada,Bank_Transfer,5,8,6,1,30-40,24.466666666666665,3.0,1.0,0.3333333333333333,51,54,9284.376666666665,0.18,0.3333333333333333,0.0,0.0,0.0,0,0,0.0,0.0,0,0,0.0,4160.92,2,1,0.5,27853.129999999997,3,1,0.3333333333333333,0
LGS2ORD0028817,C012147,2025-08-17 05:00:00,Female,41,Silver,Shopee,Chonburi,672,Web,COD,5,8,6,1,40-50,22.4,3.0,0.0,0.0,-1,0,13722.836666666668,0.2,0.3333333333333333,0.0,0.0,619.76,1,0,0.0,619.76,1,0,0.0,619.76,1,0,0.0,41168.51,3,0,0.0,0
LGS2ORD0028818,C011180,2025-08-17 05:00:00,Male,55,Bronze,Web,Nakhon Ratchasima,934,TV_Show,COD,5,8,6,1,>50,31.133333333333333,3.0,1.0,0.3333333333333333,27,33,1540.3500000000001,0.28,0.6666666666666666,0.3333333333333333,0.0,0.0,0,0,0.0,0.0,0,0,0.0,1901.99,1,1,1.0,4621.05,3,1,0.3333333333333333,0
LGS2ORD0028819,C014100,2025-08-17 05:00:00,Male,36,Silver,Web,Bangkok,364,Shopee,COD,5,8,6,1,30-40,12.133333333333333,2.0,0.0,0.0,-1,81,7349.004999999999,0.2,0.5,0.0,0.0,0.0,0,0,0.0,0.0,0,0,0.0,3368.04,1,0,0.0,14698.009999999998,2,0,0.0,0
LGS2ORD0028820,C012036,2025-08-17 05:00:00,Male,40,Bronze,Lazada,Nakhon Ratchasima,1136,CallCenter,Credit_Card,5,8,6,1,30-40,37.86666666666667,2.0,0.0,0.0,-1,108,4884.24,0.08,0.0,0.0,0.0,0.0,0,0,0.0,0.0,0,0,0.0,0.0,0,0,0.0,9768.48,2,0,0.0,0
LGS2ORD0028821,C016860,2025-08-17 06:00:00,Male,33,Gold,Lazada,Chonburi,982,Lazada,COD,6,8,6,1,30-40,32.733333333333334,3.0,0.0,0.0,-1,95,1706.11,0.33,0.0,0.6666666666666666,0.0,0.0,0,0,0.0,0.0,0,0,0.0,0.0,0,0,0.0,5118.33,3,0,0.0,0
LGS2ORD0028822,C015721,2025-08-17 06:00:00,Female,38,Platinum,Shopee,Bangkok,600,Shopee,Bank_Transfer,6,8,6,1,30-40,20.0,1.0,0.0,0.0,-1,15,2577.03,0.25,0.0,1.0,0.0,0.0,0,0,0.0,2577.03,1,0,0.0,2577.03,1,0,0.0,2577.03,1,0,0.0,0
LGS2ORD0028823,C012779,2025-08-17 06:00:00,Male,60,Gold,CallCenter,Bangkok,1663,Web,Bank_Transfer,6,8,6,1,>50,55.43333333333333,1.0,0.0,0.0,-1,64,8950.98,0.2299999999999999,1.0,1.0,0.0,0.0,0,0,0.0,0.0,0,0,0.0,8950.98,1,0,0.0,8950.98,1,0,0.0,0
LGS2ORD0028824,C017204,2025-08-17 06:00:00,Female,45,Bronze,Lazada,Chonburi,523,Web,COD,6,8,6,1,40-50,17.433333333333334,8.0,1.0,0.125,197,17,3648.3100000000004,0.28,0.5,0.25,0.0,0.0,0,0,0.0,1228.34,1,0,0.0,11538.99,3,0,0.0,29186.480000000003,8,1,0.125,1
LGS2ORD0028825,C017283,2025-08-17 06:00:00,Male,23,Bronze,TV,Remote_Area,1161,Web,COD,6,8,6,1,20-30,38.7,2.0,0.0,0.0,-1,14,1767.105,0.08,0.5,0.0,0.0,0.0,0,0,0.0,1154.16,1,0,0.0,1154.16,1,0,0.0,3534.21,2,0,0.0,0
LGS2ORD0028826,C012333,2025-08-17 07:00:00,Male,42,Bronze,TV,Songkhla,1103,CallCenter,Credit_Card,7,8,6,1,40-50,36.766666666666666,4.0,1.0,0.25,86,48,3813.0550000000003,0.28,0.75,0.5,0.0,0.0,0,0,0.0,0.0,0,0,0.0,7011.87,2,0,0.0,15252.220000000001,4,1,0.25,1
LGS2ORD0028827,C014029,2025-08-17 07:00:00,Female,50,Platinum,Shopee,Bangkok,1166,TV_Show,PromptPay,7,8,6,1,40-50,38.86666666666667,3.0,0.0,0.0,-1,41,7166.846666666665,0.3,0.6666666666666666,0.6666666666666666,0.0,0.0,0,0,0.0,0.0,0,0,0.0,21500.539999999997,3,0,0.0,21500.539999999997,3,0,0.0,1
LGS2ORD0028828,C014260,2025-08-17 07:00:00,Female,20,Silver,Lazada,Khon Kaen,1549,Web,COD,7,8,6,1,<20,51.63333333333333,2.0,0.0,0.0,-1,49,2728.515,0.25,0.5,1.0,0.0,0.0,0,0,0.0,0.0,0,0,0.0,5457.03,2,0,0.0,5457.03,2,0,0.0,0
LGS2ORD0028829,C013752,2025-08-17 07:00:00,Male,26,Bronze,Web,Songkhla,1489,Shopee,Credit_Card,7,8,6,1,20-30,49.63333333333333,1.0,0.0,0.0,-1,118,724.72,0.18,0.0,0.0,0.0,0.0,0,0,0.0,0.0,0,0,0.0,0.0,0,0,0.0,724.72,1,0,0.0,1
LGS2ORD0028830,C014466,2025-08-17 07:00:00,Female,49,Bronze,TV,Chonburi,1286,Lazada,COD,7,8,6,1,40-50,42.86666666666667,4.0,0.0,0.0,-1,42,2556.98,0.23,0.25,0.5,0.0,0.0,0,0,0.0,0.0,0,0,0.0,2194.84,1,0,0.0,10227.92,4,0,0.0,0
LGS2ORD0028831,C011753,2025-08-17 08:00:00,Female,40,Bronze,TV,Chiang Mai,1577,TV_Show,Credit_Card,8,8,6,1,30-40,52.56666666666667,8.0,2.0,0.25,80,16,5132.735,0.28,0.375,0.125,0.0,0.0,0,0,0.0,3725.08,2,0,0.0,14175.75,4,1,0.25,41061.88,8,2,0.25,0
LGS2ORD0028832,C011836,2025-08-17 08:00:00,Female,40,Gold,Shopee,Bangkok,353,Shopee,Bank_Transfer,8,8,6,1,30-40,11.766666666666667,4.0,0.0,0.0,-1,103,5242.610000000001,0.33,0.5,0.75,0.0,0.0,0,0,0.0,0.0,0,0,0.0,0.0,0,0,0.0,20970.440000000002,4,0,0.0,0
LGS2ORD0028833,C014181,2025-08-17 08:00:00,Female,42,Gold,Lazada,Chiang Mai,772,TV_Show,PromptPay,8,8,6,1,40-50,25.733333333333334,4.0,0.0,0.0,-1,12,3761.1275000000005,0.28,0.5,0.5,0.0,0.0,0,0,0.0,836.09,1,0,0.0,11427.75,3,0,0.0,15044.510000000002,4,0,0.0,0
LGS2ORD0028834,C017642,2025-08-17 08:00:00,Male,42,Gold,TV,Remote_Area,966,TV_Show,COD,8,8,6,1,40-50,32.2,5.0,0.0,0.0,-1,32,4600.866,0.18,0.2,0.0,0.0,0.0,0,0,0.0,0.0,0,0,0.0,8036.92,2,0,0.0,23004.33,5,0,0.0,1
LGS2ORD0028835,C017369,2025-08-17 08:00:00,Female,51,Silver,Web,Bangkok,1618,TV_Show,Bank_Transfer,8,8,6,1,>50,53.93333333333333,4.0,1.0,0.25,108,81,3763.5925000000007,0.2,1.0,0.0,0.0,0.0,0,0,0.0,0.0,0,0,0.0,891.25,1,0,0.0,15054.370000000003,4,1,0.25,0
LGS2ORD0028836,C017637,2025-08-17 08:00:00,Female,34,Bronze,Web,Phuket,396,Shopee,COD,8,8,6,1,30-40,13.2,3.0,2.0,0.6666666666666666,151,86,2372.5266666666666,0.23,1.0,0.3333333333333333,0.0,0.0,0,0,0.0,0.0,0,0,0.0,992.34,1,0,0.0,7117.58,3,2,0.6666666666666666,1
LGS2ORD0028837,C014115,2025-08-17 09:00:00,Male,39,Bronze,Web,Remote_Area,784,TV_Show,COD,9,8,6,1,30-40,26.133333333333333,7.0,1.0,0.14285714285714285,30,5,2660.9842857142858,0.28,0.7142857142857143,0.42857142857142855,0.0,1670.39,1,0,0.0,1670.39,1,0,0.0,17720.8,6,1,0.16666666666666666,18626.89,7,1,0.14285714285714285,1
LGS2ORD0028838,C016362,2025-08-17 09:00:00,Female,21,Platinum,TV,Bangkok,679,Shopee,COD,9,8,6,1,20-30,22.633333333333333,4.0,0.0,0.0,-1,30,2462.9825,0.35,0.25,1.0,0.0,0.0,0,0,0.0,0.0,0,0,0.0,8016.41,2,0,0.0,9851.93,4,0,0.0,0
LGS2ORD0028839,C010225,2025-08-17 09:00:00,Female,70,Bronze,Shopee,Songkhla,1506,CallCenter,Credit_Card,9,8,6,1,>50,50.2,5.0,3.0,0.6,20,14,6759.4839999999995,0.28,0.4,0.2,0.0,0.0,0,0,0.0,15258.34,1,0,0.0,29284.14,3,2,0.6666666666666666,33797.42,5,3,0.6,0
LGS2ORD0028840,C011866,2025-08-17 09:00:00,Male,24,Silver,Shopee,Bangkok,391,Shopee,PromptPay,9,8,6,1,20-30,13.033333333333333,1.0,0.0,0.0,-1,4,4905.31,0.3,0.0,1.0,0.0,4905.31,1,0,0.0,4905.31,1,0,0.0,4905.31,1,0,0.0,4905.31,1,0,0.0,0
LGS2ORD0028841,C014821,2025-08-17 09:00:00,Female,38,Bronze,TV,Bangkok,581,TV_Show,COD,9,8,6,1,30-40,19.366666666666667,5.0,3.0,0.6,67,83,10234.036,0.23,0.8,0.2,0.0,0.0,0,0,0.0,0.0,0,0,0.0,10324.92,1,1,1.0,51170.18,5,3,0.6,0
LGS2ORD0028842,C011199,2025-08-17 10:00:00,Male,47,Gold,Lazada,Bangkok,1107,CallCenter,COD,10,8,6,1,40-50,36.9,3.0,0.0,0.0,-1,30,3514.5699999999997,0.33,0.3333333333333333,0.3333333333333333,0.0,0.0,0,0,0.0,0.0,0,0,0.0,7910.82,1,0,0.0,10543.71,3,0,0.0,0
LGS2ORD0028843,C012062,2025-08-17 10:00:00,Male,25,Silver,Web,Chonburi,1604,Shopee,PromptPay,10,8,6,1,20-30,53.46666666666667,5.0,0.0,0.0,-1,49,4284.402,0.3,0.2,0.2,0.0,0.0,0,0,0.0,0.0,0,0,0.0,3324.31,2,0,0.0,21422.01,5,0,0.0,0
LGS2ORD0028844,C017828,2025-08-17 10:00:00,Male,35,Gold,Shopee,Khon Kaen,1265,Web,COD,10,8,6,1,30-40,42.166666666666664,4.0,1.0,0.25,8,15,4048.5925,0.33,0.75,0.25,0.0,0.0,0,0,0.0,1434.34,2,1,0.5,5446.67,3,1,0.3333333333333333,16194.37,4,1,0.25,0
LGS2ORD0028845,C015739,2025-08-17 10:00:00,Male,50,Bronze,TV,Chiang Mai,777,CallCenter,Bank_Transfer,10,8,6,1,40-50,25.9,4.0,2.0,0.5,68,52,5856.3825,0.28,1.0,0.5,0.0,0.0,0,0,0.0,0.0,0,0,0.0,7342.139999999999,2,1,0.5,23425.53,4,2,0.5,0
LGS2ORD0028846,C017631,2025-08-17 10:00:00,Female,30,Bronze,Lazada,Chiang Mai,1395,Lazada,Bank_Transfer,10,8,6,1,20-30,46.5,2.0,0.0,0.0,-1,20,7448.965,0.13,1.0,0.0,0.0,0.0,0,0,0.0,2231.78,1,0,0.0,14897.93,2,0,0.0,14897.93,2,0,0.0,0
LGS2ORD0028847,C016402,2025-08-17 11:00:00,Male,44,Silver,Shopee,Nakhon Ratchasima,1323,CallCenter,Credit_Card,11,8,6,1,40-50,44.1,5.0,2.0,0.4,52,57,4770.034,0.25,0.8,0.4,0.0,0.0,0,0,0.0,0.0,0,0,0.0,15739.86,2,1,0.5,23850.17,5,2,0.4,0
LGS2ORD0028848,C012908,2025-08-17 11:00:00,Male,47,Bronze,TV,Remote_Area,1057,Lazada,Credit_Card,11,8,6,1,40-50,35.233333333333334,5.0,4.0,0.8,-6,5,3063.648,0.18,0.2,0.0,0.0,4699.98,1,1,1.0,5594.33,2,2,1.0,5594.33,2,2,1.0,15318.24,5,4,0.8,0
LGS2ORD0028849,C012231,2025-08-17 11:00:00,Male,23,Bronze,CallCenter,Remote_Area,1685,Web,Credit_Card,11,8,6,1,20-30,56.166666666666664,4.0,1.0,0.25,0,4,7973.465,0.23,0.5,0.25,0.0,210.81,1,0,0.0,23493.29,2,1,0.5,23493.29,2,1,0.5,31893.86,4,1,0.25,0
LGS2ORD0028850,C014994,2025-08-17 11:00:00,Male,63,Bronze,CallCenter,Khon Kaen,643,TV_Show,Credit_Card,11,8,6,1,>50,21.433333333333334,1.0,0.0,0.0,-1,182,4505.42,0.08,0.0,0.0,0.0,0.0,0,0,0.0,0.0,0,0,0.0,0.0,0,0,0.0,4505.42,1,0,0.0,0
LGS2ORD0028851,C015170,2025-08-17 11:00:00,Female,33,Silver,Web,Bangkok,1673,Web,Bank_Transfer,11,8,6,1,30-40,55.766666666666666,2.0,2.0,1.0,1,8,4894.1050000000005,0.05,1.0,0.0,0.0,0.0,0,0,0.0,1937.03,1,1,1.0,9788.210000000001,2,2,1.0,9788.210000000001,2,2,1.0,0
LGS2ORD0028852,C014131,2025-08-17 12:00:00,Female,51,Silver,Shopee,Bangkok,1463,TV_Show,Credit_Card,12,8,6,1,>50,48.766666666666666,6.0,2.0,0.3333333333333333,63,7,2742.8699999999994,0.3,0.5,0.8333333333333334,0.0,0.0,0,0,0.0,828.19,1,0,0.0,5302.219999999999,2,1,0.5,16457.219999999998,6,2,0.3333333333333333,0
LGS2ORD0028853,C013082,2025-08-17 12:00:00,Male,28,Silver,Web,Chonburi,1586,Web,Credit_Card,12,8,6,1,20-30,52.86666666666667,5.0,1.0,0.2,164,73,10130.556,0.25,0.6,0.2,0.0,0.0,0,0,0.0,0.0,0,0,0.0,15047.46,2,0,0.0,50652.78,5,1,0.2,0
LGS2ORD0028854,C010595,2025-08-17 12:00:00,Female,62,Bronze,Web,Phuket,870,Lazada,COD,12,8,6,1,>50,29.0,4.0,3.0,0.75,51,58,9285.4925,0.18,0.5,0.0,0.0,0.0,0,0,0.0,0.0,0,0,0.0,9915.53,1,1,1.0,37141.97,4,3,0.75,0
LGS2ORD0028855,C016578,2025-08-17 12:00:00,Female,42,Gold,Shopee,Phuket,1383,TV_Show,PromptPay,12,8,6,1,40-50,46.1,3.0,2.0,0.6666666666666666,80,95,12703.92,0.28,0.6666666666666666,0.3333333333333333,0.0,0.0,0,0,0.0,0.0,0,0,0.0,0.0,0,0,0.0,38111.76,3,2,0.6666666666666666,1
LGS2ORD0028856,C016431,2025-08-17 12:00:00,Female,21,Platinum,TV,Chiang Mai,418,TV_Show,PromptPay,12,8,6,1,20-30,13.933333333333334,2.0,1.0,0.5,93,101,1075.52,0.3,0.5,0.5,0.0,0.0,0,0,0.0,0.0,0,0,0.0,0.0,0,0,0.0,2151.04,2,1,0.5,0
LGS2ORD0028857,C014339,2025-08-17 12:00:00,Female,48,Bronze,CallCenter,Bangkok,637,TV_Show,COD,12,8,6,1,40-50,21.233333333333334,3.0,0.0,0.0,-1,52,2394.276666666667,0.08,0.6666666666666666,0.0,0.0,0.0,0,0,0.0,0.0,0,0,0.0,2864.3599999999997,2,0,0.0,7182.830000000001,3,0,0.0,1
LGS2ORD0028858,C010709,2025-08-17 13:00:00,Female,41,Bronze,CallCenter,Remote_Area,775,TV_Show,Bank_Transfer,13,8,6,1,40-50,25.833333333333332,5.0,2.0,0.4,90,28,9911.509999999998,0.28,0.2,0.6,0.0,0.0,0,0,0.0,8706.43,1,0,0.0,17553.36,2,0,0.0,49557.549999999996,5,2,0.4,0
LGS2ORD0028859,C016230,2025-08-17 13:00:00,Male,33,Bronze,Shopee,Bangkok,754,Web,COD,13,8,6,1,30-40,25.133333333333333,4.0,0.0,0.0,-1,47,2440.785,0.18,0.5,0.0,0.0,0.0,0,0,0.0,0.0,0,0,0.0,4311.76,3,0,0.0,9763.14,4,0,0.0,0
LGS2ORD0028860,C016916,2025-08-17 13:00:00,Female,56,Silver,TV,Remote_Area,684,Lazada,Credit_Card,13,8,6,1,>50,22.8,5.0,3.0,0.6,104,115,9698.761999999999,0.25,0.8,0.2,0.0,0.0,0,0,0.0,0.0,0,0,0.0,0.0,0,0,0.0,48493.81,5,3,0.6,0
LGS2ORD0028861,C016858,2025-08-17 13:00:00,Male,40,Bronze,TV,Songkhla,614,CallCenter,Bank_Transfer,13,8,6,1,30-40,20.466666666666665,5.0,2.0,0.4,10,17,3399.428,0.28,0.8,0.6,0.0,0.0,0,0,0.0,8637.33,1,1,1.0,8637.33,1,1,1.0,16997.14,5,2,0.4,0
LGS2ORD0028862,C012254,2025-08-17 13:00:00,Female,31,Silver,Shopee,Bangkok,931,Shopee,PromptPay,13,8,6,1,30-40,31.033333333333335,1.0,0.0,0.0,-1,14,771.23,0.15,1.0,0.0,0.0,0.0,0,0,0.0,771.23,1,0,0.0,771.23,1,0,0.0,771.23,1,0,0.0,0
LGS2ORD0028863,C017097,2025-08-17 14:00:00,Male,42,Silver,Shopee,Chiang Mai,464,Web,COD,14,8,6,1,40-50,15.466666666666667,10.0,1.0,0.1,219,24,4875.486,0.3,0.7,0.4,0.1,0.0,0,0,0.0,19867.53,1,0,0.0,33195.509999999995,4,0,0.0,48754.86,10,1,0.1,0
LGS2ORD0028864,C015951,2025-08-17 14:00:00,Male,30,Gold,Lazada,Chonburi,1370,Web,Credit_Card,14,8,6,1,20-30,45.666666666666664,5.0,0.0,0.0,-1,3,1572.6439999999998,0.2299999999999999,0.6,0.4,0.0,1094.08,1,0,0.0,1094.08,1,0,0.0,6404.29,4,0,0.0,7863.219999999999,5,0,0.0,0
LGS2ORD0028865,C014393,2025-08-17 14:00:00,Female,55,Gold,Shopee,Khon Kaen,965,TV_Show,Credit_Card,14,8,6,1,>50,32.166666666666664,4.0,0.0,0.0,-1,0,3809.0425,0.33,0.5,0.5,0.0,9223.22,2,0,0.0,13609.61,3,0,0.0,13609.61,3,0,0.0,15236.17,4,0,0.0,0
LGS2ORD0028866,C013175,2025-08-17 14:00:00,Male,41,Bronze,Shopee,Bangkok,571,CallCenter,Credit_Card,14,8,6,1,40-50,19.033333333333335,2.0,0.0,0.0,-1,65,4834.935,0.23,0.5,0.5,0.0,0.0,0,0,0.0,0.0,0,0,0.0,7370.84,1,0,0.0,9669.87,2,0,0.0,1
LGS2ORD0028867,C012972,2025-08-17 14:00:00,Female,48,Bronze,Web,Bangkok,1138,CallCenter,COD,14,8,6,1,40-50,37.93333333333333,1.0,0.0,0.0,-1,180,3205.66,0.08,1.0,0.0,0.0,0.0,0,0,0.0,0.0,0,0,0.0,0.0,0,0,0.0,3205.66,1,0,0.0,0
LGS2ORD0028868,C015121,2025-08-17 15:00:00,Male,40,Silver,CallCenter,Bangkok,1673,Web,COD,15,8,6,1,30-40,55.766666666666666,2.0,1.0,0.5,99,108,1701.805,0.3,0.5,1.0,0.0,0.0,0,0,0.0,0.0,0,0,0.0,0.0,0,0,0.0,3403.61,2,1,0.5,1
LGS2ORD0028869,C017297,2025-08-17 15:00:00,Male,38,Gold,TV,Nakhon Ratchasima,529,TV_Show,Credit_Card,15,8,6,1,30-40,17.633333333333333,2.0,0.0,0.0,-1,3,2620.305,0.18,0.5,0.0,0.0,3596.14,1,0,0.0,5240.61,2,0,0.0,5240.61,2,0,0.0,5240.61,2,0,0.0,0
LGS2ORD0028870,C017356,2025-08-17 15:00:00,Male,37,Bronze,TV,Phuket,1553,TV_Show,COD,15,8,6,1,30-40,51.766666666666666,6.0,1.0,0.16666666666666666,207,25,11971.321666666665,0.23,0.5,0.16666666666666666,0.0,0.0,0,0,0.0,4544.43,1,0,0.0,50395.17,5,0,0.0,71827.93,6,1,0.16666666666666666,1
LGS2ORD0028871,C011390,2025-08-17 15:00:00,Female,34,Gold,Web,Bangkok,1509,Lazada,PromptPay,15,8,6,1,30-40,50.3,1.0,0.0,0.0,-1,67,2887.16,0.13,0.0,0.0,0.0,0.0,0,0,0.0,0.0,0,0,0.0,2887.16,1,0,0.0,2887.16,1,0,0.0,0
LGS2ORD0028872,C010254,2025-08-17 15:00:00,Other,31,Bronze,Lazada,Chonburi,973,Lazada,COD,15,8,6,1,30-40,32.43333333333333,3.0,2.0,0.6666666666666666,47,35,3365.8733333333334,0.28,0.3333333333333333,0.3333333333333333,0.0,0.0,0,0,0.0,0.0,0,0,0.0,6668.02,2,1,0.5,10097.62,3,2,0.6666666666666666,0
LGS2ORD0028873,C010584,2025-08-17 16:00:00,Male,44,Bronze,CallCenter,Bangkok,755,Web,COD,16,8,6,1,40-50,25.166666666666668,4.0,0.0,0.0,-1,94,3057.3975,0.23,0.25,0.25,0.0,0.0,0,0,0.0,0.0,0,0,0.0,0.0,0,0,0.0,12229.59,4,0,0.0,0
LGS2ORD0028874,C017347,2025-08-17 16:00:00,Female,38,Gold,Web,Chiang Mai,270,Web,COD,16,8,6,1,30-40,9.0,2.0,0.0,0.0,-1,171,3631.85,0.13,0.0,0.0,0.0,0.0,0,0,0.0,0.0,0,0,0.0,0.0,0,0,0.0,7263.7,2,0,0.0,0
LGS2ORD0028875,C016052,2025-08-17 16:00:00,Male,31,Platinum,TV,Songkhla,439,Web,Credit_Card,16,8,6,1,30-40,14.633333333333333,4.0,2.0,0.5,9,19,2725.5499999999997,0.35,0.5,0.5,0.0,0.0,0,0,0.0,7707.71,2,1,0.5,9054.960000000001,3,2,0.6666666666666666,10902.199999999999,4,2,0.5,0
LGS2ORD0028876,C015425,2025-08-17 16:00:00,Male,34,Gold,Web,Bangkok,441,Web,Bank_Transfer,16,8,6,1,30-40,14.7,5.0,0.0,0.0,-1,46,4260.43,0.2299999999999999,0.2,0.2,0.0,0.0,0,0,0.0,0.0,0,0,0.0,10816.49,2,0,0.0,21302.15,5,0,0.0,1
LGS2ORD0028877,C011834,2025-08-17 16:00:00,Male,50,Silver,TV,Bangkok,1067,Shopee,PromptPay,16,8,6,1,40-50,35.56666666666667,1.0,1.0,1.0,218,228,14390.8,0.2,0.0,0.0,0.0,0.0,0,0,0.0,0.0,0,0,0.0,0.0,0,0,0.0,14390.8,1,1,1.0,0
LGS2ORD0028878,C014454,2025-08-17 16:00:00,Male,46,Bronze,Lazada,Songkhla,1605,Shopee,COD,16,8,6,1,40-50,53.5,2.0,0.0,0.0,-1,12,6685.17,0.18,1.0,0.0,0.0,0.0,0,0,0.0,5671.48,1,0,0.0,5671.48,1,0,0.0,13370.34,2,0,0.0,1
LGS2ORD0028879,C012274,2025-08-17 17:00:00,Male,38,Bronze,Shopee,Nakhon Ratchasima,317,CallCenter,Credit_Card,17,8,6,1,30-40,10.566666666666666,1.0,0.0,0.0,-1,61,1394.74,0.23,0.0,1.0,0.0,0.0,0,0,0.0,0.0,0,0,0.0,1394.74,1,0,0.0,1394.74,1,0,0.0,0
LGS2ORD0028880,C014877,2025-08-17 17:00:00,Female,45,Bronze,Lazada,Nakhon Ratchasima,357,TV_Show,COD,17,8,6,1,40-50,11.9,5.0,0.0,0.0,-1,3,5331.215999999999,0.23,0.6,0.2,0.0,2328.91,1,0,0.0,2328.91,1,0,0.0,4088.2799999999997,2,0,0.0,26656.079999999998,5,0,0.0,0
LGS2ORD0028881,C017796,2025-08-17 17:00:00,Female,59,Silver,Web,Phuket,865,Web,COD,17,8,6,1,>50,28.833333333333332,6.0,2.0,0.3333333333333333,48,52,6794.528333333335,0.25,0.6666666666666666,0.3333333333333333,0.0,0.0,0,0,0.0,0.0,0,0,0.0,15405.41,3,1,0.3333333333333333,40767.170000000006,6,2,0.3333333333333333,0
LGS2ORD0028882,C011983,2025-08-17 17:00:00,Female,50,Silver,Lazada,Chonburi,1007,TV_Show,Credit_Card,17,8,6,1,40-50,33.56666666666667,7.0,1.0,0.14285714285714285,207,4,3218.3585714285705,0.3,0.42857142857142855,0.2857142857142857,0.0,737.32,1,0,0.0,9126.27,3,0,0.0,14171.23,4,0,0.0,22528.509999999995,7,1,0.14285714285714285,0
LGS2ORD0028883,C015290,2025-08-17 17:00:00,Female,39,Bronze,Lazada,Chiang Mai,1475,Web,Credit_Card,17,8,6,1,30-40,49.166666666666664,5.0,0.0,0.0,-1,19,2534.1940000000004,0.18,0.6,0.0,0.0,0.0,0,0,0.0,2542.88,1,0,0.0,7363.58,2,0,0.0,12670.970000000001,5,0,0.0,0
LGS2ORD0028884,C013554,2025-08-17 18:00:00,Female,51,Bronze,CallCenter,Khon Kaen,314,Shopee,COD,18,8,6,1,>50,10.466666666666667,4.0,0.0,0.0,-1,67,4085.7675,0.18,0.75,0.0,0.0,0.0,0,0,0.0,0.0,0,0,0.0,5040.02,1,0,0.0,16343.07,4,0,0.0,0
LGS2ORD0028885,C016938,2025-08-17 18:00:00,Male,18,Silver,Shopee,Bangkok,1025,CallCenter,COD,18,8,6,1,<20,34.166666666666664,8.0,3.0,0.375,101,8,4984.01375,0.2,0.625,0.0,0.0,0.0,0,0,0.0,4699.34,2,0,0.0,9699.11,4,0,0.0,39872.11,8,3,0.375,0
LGS2ORD0028886,C017779,2025-08-17 18:00:00,Female,42,Silver,Web,Nakhon Ratchasima,981,Lazada,Bank_Transfer,18,8,6,1,40-50,32.7,2.0,1.0,0.5,39,49,7643.905,0.25,0.5,1.0,0.0,0.0,0,0,0.0,0.0,0,0,0.0,5207.6,1,1,1.0,15287.81,2,1,0.5,1
LGS2ORD0028887,C012296,2025-08-17 18:00:00,Other,38,Bronze,Web,Remote_Area,602,TV_Show,COD,18,8,6,1,30-40,20.066666666666666,1.0,0.0,0.0,-1,18,8538.53,0.03,0.0,0.0,0.0,0.0,0,0,0.0,8538.53,1,0,0.0,8538.53,1,0,0.0,8538.53,1,0,0.0,0
LGS2ORD0028888,C013269,2025-08-17 18:00:00,Male,38,Silver,Lazada,Bangkok,1357,Shopee,Bank_Transfer,18,8,6,1,30-40,45.233333333333334,4.0,1.0,0.25,51,12,3971.275,0.25,0.5,0.5,0.0,0.0,0,0,0.0,1044.18,1,0,0.0,15885.1,4,1,0.25,15885.1,4,1,0.25,0
LGS2ORD0028889,C010986,2025-08-17 19:00:00,Male,37,Bronze,Shopee,Phuket,1249,Web,PromptPay,19,8,6,1,30-40,41.63333333333333,2.0,1.0,0.5,144,141,15074.99,0.23,0.5,0.5,0.0,0.0,0,0,0.0,0.0,0,0,0.0,0.0,0,0,0.0,30149.98,2,1,0.5,0
LGS2ORD0028890,C012051,2025-08-17 19:00:00,Male,52,Gold,Shopee,Chiang Mai,961,Shopee,COD,19,8,6,1,>50,32.03333333333333,4.0,1.0,0.25,203,93,14857.515,0.2299999999999999,0.5,0.25,0.0,0.0,0,0,0.0,0.0,0,0,0.0,0.0,0,0,0.0,59430.06,4,1,0.25,0
LGS2ORD0028891,C017704,2025-08-17 19:00:00,Male,66,Bronze,TV,Remote_Area,657,CallCenter,COD,19,8,6,1,>50,21.9,6.0,1.0,0.16666666666666666,208,23,3468.5733333333333,0.23,0.8333333333333334,0.16666666666666666,0.0,0.0,0,0,0.0,450.62,1,0,0.0,450.62,1,0,0.0,20811.44,6,1,0.16666666666666666,1
LGS2ORD0028892,C010783,2025-08-17 19:00:00,Female,52,Silver,Web,Bangkok,590,Web,Credit_Card,19,8,6,1,>50,19.666666666666668,1.0,1.0,1.0,163,177,1241.65,0.1,1.0,0.0,0.0,0.0,0,0,0.0,0.0,0,0,0.0,0.0,0,0,0.0,1241.65,1,1,1.0,0
LGS2ORD0028893,C015894,2025-08-17 19:00:00,Male,41,Bronze,TV,Remote_Area,1193,TV_Show,Credit_Card,19,8,6,1,40-50,39.766666666666666,3.0,1.0,0.3333333333333333,171,35,3710.11,0.18,0.6666666666666666,0.0,0.0,0.0,0,0,0.0,0.0,0,0,0.0,795.67,1,0,0.0,11130.33,3,1,0.3333333333333333,0
LGS2ORD0028894,C014388,2025-08-17 20:00:00,Female,20,Silver,TV,Nakhon Ratchasima,752,CallCenter,Credit_Card,20,8,6,1,<20,25.066666666666666,6.0,2.0,0.3333333333333333,41,54,6575.835,0.3,0.8333333333333334,0.3333333333333333,0.0,0.0,0,0,0.0,0.0,0,0,0.0,4973.48,2,2,1.0,39455.01,6,2,0.3333333333333333,0
LGS2ORD0028895,C017381,2025-08-17 20:00:00,Male,35,Bronze,CallCenter,Khon Kaen,259,Web,PromptPay,20,8,6,1,30-40,8.633333333333333,6.0,2.0,0.3333333333333333,22,25,5862.983333333333,0.18,0.6666666666666666,0.0,0.0,0.0,0,0,0.0,8129.07,1,0,0.0,18059.45,3,1,0.3333333333333333,35177.899999999994,6,2,0.3333333333333333,0
LGS2ORD0028896,C016331,2025-08-17 20:00:00,Female,50,Bronze,Web,Phuket,831,TV_Show,COD,20,8,6,1,40-50,27.7,2.0,2.0,1.0,115,126,2847.9,0.23,0.5,0.5,0.0,0.0,0,0,0.0,0.0,0,0,0.0,0.0,0,0,0.0,5695.8,2,2,1.0,1
LGS2ORD0028897,C017627,2025-08-17 20:00:00,Male,45,Bronze,Shopee,Bangkok,242,Web,Credit_Card,20,8,6,1,40-50,8.066666666666666,3.0,1.0,0.3333333333333333,201,155,11425.206666666667,0.23,0.6666666666666666,0.3333333333333333,0.0,0.0,0,0,0.0,0.0,0,0,0.0,0.0,0,0,0.0,34275.62,3,1,0.3333333333333333,0
LGS2ORD0028898,C017371,2025-08-17 20:00:00,Male,52,Bronze,TV,Bangkok,740,Web,PromptPay,20,8,6,1,>50,24.666666666666668,1.0,1.0,1.0,35,47,21715.47,0.23,1.0,1.0,0.0,0.0,0,0,0.0,0.0,0,0,0.0,21715.47,1,1,1.0,21715.47,1,1,1.0,0
LGS2ORD0028899,C011824,2025-08-17 20:00:00,Male,44,Bronze,Shopee,Nakhon Ratchasima,1518,Shopee,COD,20,8,6,1,40-50,50.6,5.0,3.0,0.6,73,84,3531.4839999999995,0.28,0.4,0.4,0.0,0.0,0,0,0.0,0.0,0,0,0.0,1047.78,1,1,1.0,17657.42,5,3,0.6,0
LGS2ORD0028900,C017522,2025-08-17 21:00:00,Female,40,Silver,TV,Bangkok,1400,CallCenter,COD,21,8,6,1,30-40,46.666666666666664,7.0,3.0,0.42857142857142855,17,24,3521.4914285714285,0.2,0.42857142857142855,0.0,0.0,0.0,0,0,0.0,3444.41,2,2,1.0,10594.609999999999,4,2,0.5,24650.44,7,3,0.42857142857142855,0
LGS2ORD0028901,C010078,2025-08-17 21:00:00,Female,55,Bronze,CallCenter,Songkhla,707,CallCenter,COD,21,8,6,1,>50,23.566666666666666,5.0,4.0,0.8,109,121,3757.6380000000004,0.18,0.4,0.0,0.0,0.0,0,0,0.0,0.0,0,0,0.0,0.0,0,0,0.0,18788.190000000002,5,4,0.8,0
LGS2ORD0028902,C011309,2025-08-17 21:00:00,Female,19,Gold,TV,Khon Kaen,545,Shopee,COD,21,8,6,1,<20,18.166666666666668,1.0,0.0,0.0,-1,33,3868.06,0.28,0.0,1.0,0.0,0.0,0,0,0.0,0.0,0,0,0.0,3868.06,1,0,0.0,3868.06,1,0,0.0,1
LGS2ORD0028903,C012709,2025-08-17 21:00:00,Male,24,Bronze,CallCenter,Phuket,269,Shopee,COD,21,8,6,1,20-30,8.966666666666667,5.0,1.0,0.2,4,13,6756.498,0.23,0.4,0.2,0.0,0.0,0,0,0.0,7902.53,1,1,1.0,9469.4,2,1,0.5,33782.49,5,1,0.2,0
LGS2ORD0028904,C011752,2025-08-17 21:00:00,Female,39,Bronze,Web,Songkhla,977,TV_Show,COD,21,8,6,1,30-40,32.56666666666667,1.0,0.0,0.0,-1,177,1438.65,0.18,0.0,0.0,0.0,0.0,0,0,0.0,0.0,0,0,0.0,0.0,0,0,0.0,1438.65,1,0,0.0,1
LGS2ORD0028905,C016461,2025-08-17 22:00:00,Female,40,Silver,CallCenter,Chonburi,687,Shopee,COD,22,8,6,1,30-40,22.9,0.0,0.0,0.0,-1,-1,0.0,0.0,0.0,0.0,0.0,0.0,0,0,0.0,0.0,0,0,0.0,0.0,0,0,0.0,0.0,0,0,0.0,1
LGS2ORD0028906,C013787,2025-08-17 22:00:00,Female,46,Bronze,Shopee,Bangkok,446,Lazada,Credit_Card,22,8,6,1,40-50,14.866666666666667,3.0,0.0,0.0,-1,53,7484.540000000001,0.23,0.6666666666666666,0.3333333333333333,0.0,0.0,0,0,0.0,0.0,0,0,0.0,2457.83,1,0,0.0,22453.620000000003,3,0,0.0,0
LGS2ORD0028907,C014224,2025-08-17 22:00:00,Female,49,Silver,Shopee,Phuket,714,TV_Show,COD,22,8,6,1,40-50,23.8,2.0,2.0,1.0,100,110,5657.094999999999,0.25,1.0,0.5,0.0,0.0,0,0,0.0,0.0,0,0,0.0,0.0,0,0,0.0,11314.189999999999,2,2,1.0,1
LGS2ORD0028908,C016001,2025-08-17 22:00:00,Female,37,Bronze,TV,Khon Kaen,678,Shopee,Credit_Card,22,8,6,1,30-40,22.6,4.0,1.0,0.25,25,30,5115.1025,0.23,0.25,0.25,0.0,0.0,0,0,0.0,0.0,0,0,0.0,18521.79,3,1,0.3333333333333333,20460.41,4,1,0.25,0
LGS2ORD0028909,C011487,2025-08-17 22:00:00,Female,31,Silver,Web,Remote_Area,1379,Shopee,PromptPay,22,8,6,1,30-40,45.96666666666667,6.0,4.0,0.6666666666666666,41,52,5025.761666666666,0.25,0.16666666666666666,0.16666666666666666,0.0,0.0,0,0,0.0,0.0,0,0,0.0,767.15,1,1,1.0,30154.57,6,4,0.6666666666666666,0
LGS2ORD0028910,C014171,2025-08-17 23:00:00,Male,52,Bronze,TV,Remote_Area,741,TV_Show,COD,23,8,6,1,>50,24.7,1.0,1.0,1.0,112,124,2298.85,0.28,1.0,1.0,0.0,0.0,0,0,0.0,0.0,0,0,0.0,0.0,0,0,0.0,2298.85,1,1,1.0,1
LGS2ORD0028911,C017647,2025-08-17 23:00:00,Female,68,Silver,Lazada,Nakhon Ratchasima,1037,Web,Credit_Card,23,8,6,1,>50,34.56666666666667,5.0,1.0,0.2,73,82,5099.744000000001,0.25,0.6,0.2,0.0,0.0,0,0,0.0,0.0,0,0,0.0,12074.29,1,1,1.0,25498.72,5,1,0.2,0
LGS2ORD0028912,C013971,2025-08-17 23:00:00,Male,50,Bronze,Web,Songkhla,587,CallCenter,COD,23,8,6,1,40-50,19.566666666666666,1.0,1.0,1.0,152,158,3278.57,0.23,0.0,1.0,0.0,0.0,0,0,0.0,0.0,0,0,0.0,0.0,0,0,0.0,3278.57,1,1,1.0,1
LGS2ORD0028913,C015612,2025-08-17 23:00:00,Female,36,Silver,Web,Khon Kaen,1549,Web,Credit_Card,23,8,6,1,30-40,51.63333333333333,5.0,1.0,0.2,47,56,2491.364,0.2,0.4,0.0,0.0,0.0,0,0,0.0,0.0,0,0,0.0,786.92,1,1,1.0,12456.82,5,1,0.2,0
LGS2ORD0028914,C013079,2025-08-17 23:00:00,Male,35,Platinum,Shopee,Chiang Mai,575,CallCenter,Bank_Transfer,23,8,6,1,30-40,19.166666666666668,2.0,0.0,0.0,-1,85,1508.155,0.25,0.0,0.5,0.0,0.0,0,0,0.0,0.0,0,0,0.0,1872.51,1,0,0.0,3016.31,2,0,0.0,0
LGS2ORD0028915,C017230,2025-08-18 00:00:00,Male,25,Silver,CallCenter,Bangkok,1061,TV_Show,Bank_Transfer,0,8,0,0,20-30,35.36666666666667,3.0,0.0,0.0,-1,80,12773.406666666668,0.15,0.6666666666666666,0.0,0.0,0.0,0,0,0.0,0.0,0,0,0.0,8800.01,1,0,0.0,38320.22,3,0,0.0,0
LGS2ORD0028916,C017922,2025-08-18 00:00:00,Male,42,Bronze,CallCenter,Khon Kaen,1081,Web,PromptPay,0,8,0,0,40-50,36.03333333333333,9.0,2.0,0.2222222222222222,70,42,3246.404444444444,0.23,0.5555555555555556,0.1111111111111111,0.0,0.0,0,0,0.0,0.0,0,0,0.0,16387.51,4,1,0.25,29217.639999999996,9,2,0.2222222222222222,1
LGS2ORD0028917,C010354,2025-08-18 00:00:00,Male,33,Bronze,TV,Chonburi,1294,Web,COD,0,8,0,0,30-40,43.13333333333333,5.0,2.0,0.4,131,1,5589.43,0.28,0.2,0.2,0.0,920.36,1,0,0.0,920.36,1,0,0.0,11798.78,3,0,0.0,27947.15,5,2,0.4,0
LGS2ORD0028918,C015159,2025-08-18 00:00:00,Male,43,Bronze,Web,Khon Kaen,1501,Shopee,COD,0,8,0,0,40-50,50.03333333333333,2.0,0.0,0.0,-1,22,5040.92,0.08,0.5,0.0,0.0,0.0,0,0,0.0,1097.7,1,0,0.0,1097.7,1,0,0.0,10081.84,2,0,0.0,0
LGS2ORD0028919,C011288,2025-08-18 00:00:00,Male,59,Bronze,Shopee,Bangkok,561,Shopee,COD,0,8,0,0,>50,18.7,7.0,2.0,0.2857142857142857,19,11,3783.224285714286,0.28,0.2857142857142857,0.2857142857142857,0.0,0.0,0,0,0.0,20323.0,4,1,0.25,24540.969999999998,6,2,0.3333333333333333,26482.570000000003,7,2,0.2857142857142857,1
LGS2ORD0028920,C011999,2025-08-18 00:00:00,Female,38,Gold,Shopee,Chonburi,613,Web,PromptPay,0,8,0,0,30-40,20.433333333333334,2.0,0.0,0.0,-1,114,2868.48,0.2299999999999999,0.5,0.5,0.0,0.0,0,0,0.0,0.0,0,0,0.0,0.0,0,0,0.0,5736.96,2,0,0.0,1
LGS2ORD0028921,C015796,2025-08-18 01:00:00,Male,60,Bronze,Lazada,Bangkok,250,Lazada,PromptPay,1,8,0,0,>50,8.333333333333334,3.0,1.0,0.3333333333333333,19,26,5751.31,0.28,0.3333333333333333,0.6666666666666666,0.0,0.0,0,0,0.0,1270.46,1,1,1.0,1270.46,1,1,1.0,17253.93,3,1,0.3333333333333333,0
LGS2ORD0028922,C013649,2025-08-18 01:00:00,Female,46,Bronze,TV,Chonburi,1182,Web,Credit_Card,1,8,0,0,40-50,39.4,5.0,1.0,0.2,83,101,3120.6359999999995,0.23,1.0,0.4,0.0,0.0,0,0,0.0,0.0,0,0,0.0,0.0,0,0,0.0,15603.179999999998,5,1,0.2,0
LGS2ORD0028923,C017070,2025-08-18 01:00:00,Male,27,Platinum,TV,Songkhla,1489,TV_Show,PromptPay,1,8,0,0,20-30,49.63333333333333,3.0,1.0,0.3333333333333333,135,60,3091.7466666666664,0.2,0.6666666666666666,0.0,0.0,0.0,0,0,0.0,0.0,0,0,0.0,474.13,1,0,0.0,9275.24,3,1,0.3333333333333333,0
LGS2ORD0028924,C015035,2025-08-18 01:00:00,Male,37,Bronze,Lazada,Chiang Mai,371,TV_Show,COD,1,8,0,0,30-40,12.366666666666667,1.0,0.0,0.0,-1,177,1950.42,0.03,0.0,0.0,0.0,0.0,0,0,0.0,0.0,0,0,0.0,0.0,0,0,0.0,1950.42,1,0,0.0,0
LGS2ORD0028925,C015960,2025-08-18 01:00:00,Male,49,Bronze,Shopee,Khon Kaen,456,Web,COD,1,8,0,0,40-50,15.2,3.0,1.0,0.3333333333333333,20,26,2806.616666666667,0.28,0.3333333333333333,1.0,0.0,0.0,0,0,0.0,6583.62,1,0,0.0,7969.98,2,1,0.5,8419.85,3,1,0.3333333333333333,1
LGS2ORD0028926,C011604,2025-08-18 02:00:00,Male,66,Bronze,CallCenter,Songkhla,668,CallCenter,COD,2,8,0,0,>50,22.266666666666666,2.0,1.0,0.5,28,41,14274.825,0.18,0.5,0.0,0.0,0.0,0,0,0.0,0.0,0,0,0.0,10427.4,1,1,1.0,28549.65,2,1,0.5,1
LGS2ORD0028927,C011822,2025-08-18 02:00:00,Female,48,Bronze,Web,Chonburi,667,TV_Show,COD,2,8,0,0,40-50,22.233333333333334,1.0,0.0,0.0,-1,35,1869.45,0.28,1.0,1.0,0.0,0.0,0,0,0.0,0.0,0,0,0.0,1869.45,1,0,0.0,1869.45,1,0,0.0,0
LGS2ORD0028928,C014410,2025-08-18 02:00:00,Male,45,Gold,CallCenter,Nakhon Ratchasima,992,Lazada,COD,2,8,0,0,40-50,33.06666666666667,2.0,0.0,0.0,-1,115,4434.8550000000005,0.08,1.0,0.0,0.0,0.0,0,0,0.0,0.0,0,0,0.0,0.0,0,0,0.0,8869.710000000001,2,0,0.0,0
LGS2ORD0028929,C012336,2025-08-18 02:00:00,Female,38,Bronze,Lazada,Khon Kaen,816,Lazada,COD,2,8,0,0,30-40,27.2,3.0,1.0,0.3333333333333333,43,35,1551.54,0.03,0.0,0.0,0.0,0.0,0,0,0.0,0.0,0,0,0.0,3535.55,2,1,0.5,4654.62,3,1,0.3333333333333333,1
LGS2ORD0028930,C013345,2025-08-18 02:00:00,Female,47,Bronze,Shopee,Khon Kaen,785,CallCenter,PromptPay,2,8,0,0,40-50,26.166666666666668,2.0,0.0,0.0,-1,89,2592.165,0.18,0.5,0.0,0.0,0.0,0,0,0.0,0.0,0,0,0.0,1289.11,1,0,0.0,5184.33,2,0,0.0,1
LGS2ORD0028931,C015456,2025-08-18 03:00:00,Female,47,Bronze,TV,Songkhla,412,Shopee,COD,3,8,0,0,40-50,13.733333333333333,6.0,4.0,0.6666666666666666,-13,3,1879.9733333333334,0.28,0.6666666666666666,0.16666666666666666,0.0,1569.43,1,1,1.0,1569.43,1,1,1.0,7161.050000000001,3,3,1.0,11279.84,6,4,0.6666666666666666,0
LGS2ORD0028932,C013482,2025-08-18 03:00:00,Female,51,Gold,Shopee,Chiang Mai,767,Lazada,COD,3,8,0,0,>50,25.566666666666666,5.0,2.0,0.4,66,74,7011.164,0.28,0.4,0.4,0.0,0.0,0,0,0.0,0.0,0,0,0.0,20975.1,1,1,1.0,35055.82,5,2,0.4,0
LGS2ORD0028933,C010161,2025-08-18 03:00:00,Male,37,Gold,Web,Khon Kaen,1342,Lazada,PromptPay,3,8,0,0,30-40,44.733333333333334,3.0,0.0,0.0,-1,76,7139.373333333333,0.13,0.6666666666666666,0.0,0.0,0.0,0,0,0.0,0.0,0,0,0.0,3959.0,1,0,0.0,21418.12,3,0,0.0,0
LGS2ORD0028934,C015670,2025-08-18 03:00:00,Male,31,Platinum,TV,Songkhla,1486,Web,Credit_Card,3,8,0,0,30-40,49.53333333333333,2.0,1.0,0.5,51,25,6247.095,0.2,0.5,0.0,0.0,0.0,0,0,0.0,11790.69,1,0,0.0,12494.19,2,1,0.5,12494.19,2,1,0.5,0
LGS2ORD0028935,C013957,2025-08-18 03:00:00,Female,65,Bronze,Lazada,Khon Kaen,592,Lazada,COD,3,8,0,0,>50,19.733333333333334,4.0,1.0,0.25,40,40,3025.1400000000003,0.18,0.5,0.0,0.0,0.0,0,0,0.0,0.0,0,0,0.0,12100.560000000001,4,1,0.25,12100.560000000001,4,1,0.25,0
LGS2ORD0028936,C012567,2025-08-18 03:00:00,Male,18,Bronze,Lazada,Bangkok,732,CallCenter,COD,3,8,0,0,<20,24.4,1.0,0.0,0.0,-1,146,3447.52,0.03,0.0,0.0,0.0,0.0,0,0,0.0,0.0,0,0,0.0,0.0,0,0,0.0,3447.52,1,0,0.0,0
LGS2ORD0028937,C014451,2025-08-18 04:00:00,Female,58,Silver,Web,Chonburi,1561,Web,Credit_Card,4,8,0,0,>50,52.03333333333333,4.0,0.0,0.0,-1,2,5331.762500000001,0.25,0.25,0.25,0.0,4082.61,1,0,0.0,4082.61,1,0,0.0,4082.61,1,0,0.0,21327.050000000003,4,0,0.0,1
LGS2ORD0028938,C015887,2025-08-18 04:00:00,Female,47,Silver,Lazada,Bangkok,307,Web,COD,4,8,0,0,40-50,10.233333333333333,8.0,2.0,0.25,27,8,10372.96375,0.25,0.625,0.375,0.0,0.0,0,0,0.0,4355.0199999999995,2,0,0.0,23900.55,4,1,0.25,82983.71,8,2,0.25,0
LGS2ORD0028939,C012742,2025-08-18 04:00:00,Female,48,Gold,Web,Chiang Mai,1185,Shopee,Bank_Transfer,4,8,0,0,40-50,39.5,1.0,0.0,0.0,-1,181,7069.64,0.13,0.0,0.0,0.0,0.0,0,0,0.0,0.0,0,0,0.0,0.0,0,0,0.0,7069.64,1,0,0.0,0
LGS2ORD0028940,C013808,2025-08-18 04:00:00,Female,34,Bronze,Shopee,Bangkok,1083,TV_Show,Credit_Card,4,8,0,0,30-40,36.1,7.0,0.0,0.0,-1,26,3322.3228571428567,0.28,0.42857142857142855,0.2857142857142857,0.0,0.0,0,0,0.0,6543.94,1,0,0.0,9039.5,3,0,0.0,23256.26,7,0,0.0,0
LGS2ORD0028941,C014750,2025-08-18 04:00:00,Male,39,Bronze,Lazada,Bangkok,1553,TV_Show,Credit_Card,4,8,0,0,30-40,51.766666666666666,4.0,1.0,0.25,111,116,4243.9925,0.28,0.75,0.5,0.0,0.0,0,0,0.0,0.0,0,0,0.0,0.0,0,0,0.0,16975.97,4,1,0.25,0
LGS2ORD0028942,C016294,2025-08-18 05:00:00,Male,32,Silver,CallCenter,Bangkok,685,CallCenter,Bank_Transfer,5,8,0,0,30-40,22.833333333333332,5.0,0.0,0.0,-1,33,4128.446,0.3,0.6,0.4,0.0,0.0,0,0,0.0,0.0,0,0,0.0,5360.35,2,0,0.0,20642.23,5,0,0.0,1
LGS2ORD0028943,C012355,2025-08-18 05:00:00,Male,52,Bronze,Web,Bangkok,1000,Lazada,COD,5,8,0,0,>50,33.333333333333336,0.0,0.0,0.0,-1,-1,0.0,0.0,0.0,0.0,0.0,0.0,0,0,0.0,0.0,0,0,0.0,0.0,0,0,0.0,0.0,0,0,0.0,1
LGS2ORD0028944,C016545,2025-08-18 05:00:00,Female,44,Bronze,Web,Bangkok,557,Lazada,COD,5,8,0,0,40-50,18.566666666666666,4.0,0.0,0.0,-1,26,1882.74,0.18,0.25,0.0,0.0,0.0,0,0,0.0,612.7,1,0,0.0,4000.5699999999997,2,0,0.0,7530.96,4,0,0.0,0
LGS2ORD0028945,C013220,2025-08-18 05:00:00,Female,30,Silver,CallCenter,Bangkok,1526,Lazada,COD,5,8,0,0,20-30,50.86666666666667,4.0,1.0,0.25,24,31,1969.5299999999997,0.2,0.0,0.0,0.0,0.0,0,0,0.0,0.0,0,0,0.0,3368.72,1,1,1.0,7878.119999999999,4,1,0.25,0
LGS2ORD0028946,C014344,2025-08-18 05:00:00,Female,46,Bronze,Lazada,Bangkok,1535,TV_Show,Bank_Transfer,5,8,0,0,40-50,51.166666666666664,2.0,1.0,0.5,105,101,2645.4849999999997,0.28,0.5,0.5,0.0,0.0,0,0,0.0,0.0,0,0,0.0,0.0,0,0,0.0,5290.969999999999,2,1,0.5,0
LGS2ORD0028947,C010413,2025-08-18 06:00:00,Female,28,Gold,Shopee,Bangkok,1187,Web,Credit_Card,6,8,0,0,20-30,39.56666666666667,2.0,0.0,0.0,-1,11,9015.43,0.2299999999999999,0.0,0.5,0.0,0.0,0,0,0.0,8711.85,1,0,0.0,18030.86,2,0,0.0,18030.86,2,0,0.0,0
LGS2ORD0028948,C014787,2025-08-18 06:00:00,Male,26,Bronze,Shopee,Bangkok,389,TV_Show,COD,6,8,0,0,20-30,12.966666666666667,6.0,0.0,0.0,-1,30,8645.425000000001,0.23,0.5,0.5,0.0,0.0,0,0,0.0,0.0,0,0,0.0,8990.470000000001,2,0,0.0,51872.55,6,0,0.0,0
LGS2ORD0028949,C013111,2025-08-18 06:00:00,Female,46,Platinum,TV,Bangkok,1497,Shopee,Bank_Transfer,6,8,0,0,40-50,49.9,0.0,0.0,0.0,-1,-1,0.0,0.0,0.0,0.0,0.0,0.0,0,0,0.0,0.0,0,0,0.0,0.0,0,0,0.0,0.0,0,0,0.0,0
LGS2ORD0028950,C015240,2025-08-18 06:00:00,Female,48,Bronze,TV,Bangkok,1325,Shopee,COD,6,8,0,0,40-50,44.166666666666664,1.0,0.0,0.0,-1,155,2162.17,0.03,1.0,0.0,0.0,0.0,0,0,0.0,0.0,0,0,0.0,0.0,0,0,0.0,2162.17,1,0,0.0,1
LGS2ORD0028951,C015313,2025-08-18 06:00:00,Female,29,Bronze,Shopee,Chonburi,267,TV_Show,PromptPay,6,8,0,0,20-30,8.9,3.0,1.0,0.3333333333333333,54,20,998.1933333333333,0.23,0.6666666666666666,0.3333333333333333,0.0,0.0,0,0,0.0,1248.38,1,0,0.0,2994.58,3,1,0.3333333333333333,2994.58,3,1,0.3333333333333333,0
LGS2ORD0028952,C011446,2025-08-18 07:00:00,Male,33,Gold,TV,Chiang Mai,1428,Lazada,COD,7,8,0,0,30-40,47.6,4.0,1.0,0.25,114,16,5449.3925,0.28,0.75,0.75,0.0,0.0,0,0,0.0,2634.05,1,0,0.0,2634.05,1,0,0.0,21797.57,4,1,0.25,0
LGS2ORD0028953,C016710,2025-08-18 07:00:00,Male,40,Bronze,TV,Chiang Mai,262,CallCenter,COD,7,8,0,0,30-40,8.733333333333333,5.0,0.0,0.0,-1,54,5393.048000000001,0.23,0.6,0.4,0.0,0.0,0,0,0.0,0.0,0,0,0.0,17031.45,3,0,0.0,26965.24,5,0,0.0,0
LGS2ORD0028954,C013046,2025-08-18 07:00:00,Male,72,Bronze,TV,Remote_Area,865,TV_Show,PromptPay,7,8,0,0,>50,28.833333333333332,2.0,2.0,1.0,26,45,4621.83,0.18,1.0,0.0,0.0,0.0,0,0,0.0,0.0,0,0,0.0,2107.95,1,1,1.0,9243.66,2,2,1.0,0
LGS2ORD0028955,C010748,2025-08-18 07:00:00,Male,24,Gold,Web,Chonburi,810,Lazada,COD,7,8,0,0,20-30,27.0,0.0,0.0,0.0,-1,-1,0.0,0.0,0.0,0.0,0.0,0.0,0,0,0.0,0.0,0,0,0.0,0.0,0,0,0.0,0.0,0,0,0.0,1
LGS2ORD0028956,C016349,2025-08-18 07:00:00,Female,52,Gold,CallCenter,Remote_Area,1587,Shopee,Credit_Card,7,8,0,0,>50,52.9,1.0,0.0,0.0,-1,205,838.5,0.2299999999999999,0.0,1.0,0.0,0.0,0,0,0.0,0.0,0,0,0.0,0.0,0,0,0.0,838.5,1,0,0.0,0
LGS2ORD0028957,C014524,2025-08-18 07:00:00,Male,36,Silver,Shopee,Chiang Mai,1607,Lazada,Credit_Card,7,8,0,0,30-40,53.56666666666667,2.0,0.0,0.0,-1,65,3618.94,0.15,0.0,0.0,0.0,0.0,0,0,0.0,0.0,0,0,0.0,4873.25,1,0,0.0,7237.88,2,0,0.0,0
LGS2ORD0028958,C012239,2025-08-18 08:00:00,Male,47,Silver,Shopee,Remote_Area,1690,CallCenter,COD,8,8,0,0,40-50,56.333333333333336,7.0,3.0,0.42857142857142855,93,53,4145.164285714285,0.3,0.5714285714285714,0.42857142857142855,0.0,0.0,0,0,0.0,0.0,0,0,0.0,9461.759999999998,2,0,0.0,29016.149999999998,7,3,0.42857142857142855,0
LGS2ORD0028959,C012828,2025-08-18 08:00:00,Female,66,Gold,Lazada,Chiang Mai,1573,Lazada,PromptPay,8,8,0,0,>50,52.43333333333333,2.0,0.0,0.0,-1,29,6063.139999999999,0.2299999999999999,0.0,0.5,0.0,0.0,0,0,0.0,4390.23,1,0,0.0,4390.23,1,0,0.0,12126.279999999999,2,0,0.0,0
LGS2ORD0028960,C014558,2025-08-18 08:00:00,Male,39,Bronze,Web,Remote_Area,520,Shopee,Credit_Card,8,8,0,0,30-40,17.333333333333332,7.0,1.0,0.14285714285714285,62,7,6350.125714285715,0.23,0.42857142857142855,0.14285714285714285,0.0,0.0,0,0,0.0,17839.02,1,0,0.0,36365.100000000006,4,1,0.25,44450.880000000005,7,1,0.14285714285714285,0
LGS2ORD0028961,C016603,2025-08-18 08:00:00,Female,36,Bronze,Web,Remote_Area,893,Web,PromptPay,8,8,0,0,30-40,29.766666666666666,4.0,0.0,0.0,-1,31,11528.185,0.18,0.25,0.0,0.0,0.0,0,0,0.0,0.0,0,0,0.0,25985.35,2,0,0.0,46112.74,4,0,0.0,0
LGS2ORD0028962,C016605,2025-08-18 08:00:00,Female,32,Silver,TV,Bangkok,902,TV_Show,Credit_Card,8,8,0,0,30-40,30.066666666666666,4.0,1.0,0.25,101,21,6105.07,0.2,0.75,0.0,0.0,0.0,0,0,0.0,1510.37,1,0,0.0,1510.37,1,0,0.0,24420.28,4,1,0.25,0
LGS2ORD0028963,C015989,2025-08-18 09:00:00,Female,42,Bronze,Shopee,Chonburi,765,Lazada,Credit_Card,9,8,0,0,40-50,25.5,4.0,1.0,0.25,30,34,1651.1799999999998,0.28,0.5,0.25,0.0,0.0,0,0,0.0,0.0,0,0,0.0,3365.43,2,1,0.5,6604.719999999999,4,1,0.25,1
LGS2ORD0028964,C010174,2025-08-18 09:00:00,Female,41,Bronze,TV,Chonburi,893,Web,Bank_Transfer,9,8,0,0,40-50,29.766666666666666,3.0,0.0,0.0,-1,40,5435.026666666666,0.23,1.0,0.3333333333333333,0.0,0.0,0,0,0.0,0.0,0,0,0.0,1884.71,1,0,0.0,16305.079999999998,3,0,0.0,0
LGS2ORD0028965,C016750,2025-08-18 09:00:00,Male,41,Bronze,TV,Bangkok,1123,Shopee,Bank_Transfer,9,8,0,0,40-50,37.43333333333333,6.0,2.0,0.3333333333333333,18,1,8634.388333333334,0.28,0.3333333333333333,0.16666666666666666,0.0,3957.83,1,0,0.0,24608.120000000003,3,1,0.3333333333333333,45716.81,4,1,0.25,51806.33,6,2,0.3333333333333333,1
LGS2ORD0028966,C014643,2025-08-18 09:00:00,Male,58,Bronze,Lazada,Chonburi,392,CallCenter,COD,9,8,0,0,>50,13.066666666666666,3.0,0.0,0.0,-1,48,6902.036666666667,0.23,0.6666666666666666,0.3333333333333333,0.0,0.0,0,0,0.0,0.0,0,0,0.0,11173.1,1,0,0.0,20706.11,3,0,0.0,1
LGS2ORD0028967,C014266,2025-08-18 09:00:00,Male,34,Silver,CallCenter,Bangkok,280,Shopee,Bank_Transfer,9,8,0,0,30-40,9.333333333333334,3.0,1.0,0.3333333333333333,108,116,5567.713333333333,0.25,0.3333333333333333,0.3333333333333333,0.0,0.0,0,0,0.0,0.0,0,0,0.0,0.0,0,0,0.0,16703.14,3,1,0.3333333333333333,0
LGS2ORD0028968,C015094,2025-08-18 10:00:00,Female,46,Bronze,TV,Chiang Mai,820,Web,Bank_Transfer,10,8,0,0,40-50,27.333333333333332,7.0,2.0,0.2857142857142857,11,6,5453.231428571428,0.28,0.7142857142857143,0.2857142857142857,0.0,1962.36,1,0,0.0,24223.59,3,1,0.3333333333333333,25233.05,4,1,0.25,38172.619999999995,7,2,0.2857142857142857,0
LGS2ORD0028969,C017504,2025-08-18 10:00:00,Male,38,Bronze,TV,Nakhon Ratchasima,576,TV_Show,Credit_Card,10,8,0,0,30-40,19.2,2.0,0.0,0.0,-1,118,5995.955,0.13,0.5,0.0,0.0,0.0,0,0,0.0,0.0,0,0,0.0,0.0,0,0,0.0,11991.91,2,0,0.0,0
LGS2ORD0028970,C011760,2025-08-18 10:00:00,Male,27,Bronze,TV,Khon Kaen,306,Web,Credit_Card,10,8,0,0,20-30,10.2,4.0,0.0,0.0,-1,87,7103.900000000001,0.18,0.5,0.0,0.0,0.0,0,0,0.0,0.0,0,0,0.0,11181.36,1,0,0.0,28415.600000000002,4,0,0.0,0
LGS2ORD0028971,C016630,2025-08-18 10:00:00,Male,23,Bronze,TV,Phuket,1275,Shopee,COD,10,8,0,0,20-30,42.5,3.0,0.0,0.0,-1,95,2857.626666666667,0.08,0.6666666666666666,0.0,0.0,0.0,0,0,0.0,0.0,0,0,0.0,0.0,0,0,0.0,8572.880000000001,3,0,0.0,0
LGS2ORD0028972,C017031,2025-08-18 10:00:00,Male,38,Bronze,TV,Phuket,1127,Shopee,Credit_Card,10,8,0,0,30-40,37.56666666666667,4.0,2.0,0.5,113,124,7397.349999999999,0.23,0.5,0.25,0.0,0.0,0,0,0.0,0.0,0,0,0.0,0.0,0,0,0.0,29589.399999999998,4,2,0.5,1
LGS2ORD0028973,C017151,2025-08-18 11:00:00,Female,29,Bronze,TV,Songkhla,1562,TV_Show,COD,11,8,0,0,20-30,52.06666666666667,5.0,1.0,0.2,134,10,11843.824,0.18,0.4,0.0,0.0,0.0,0,0,0.0,4724.9,1,0,0.0,4724.9,1,0,0.0,59219.12,5,1,0.2,0
LGS2ORD0028974,C013682,2025-08-18 11:00:00,Other,30,Silver,Web,Songkhla,1004,Lazada,COD,11,8,0,0,20-30,33.46666666666667,4.0,1.0,0.25,111,18,6402.7375,0.25,0.75,0.25,0.0,0.0,0,0,0.0,9828.52,2,0,0.0,9828.52,2,0,0.0,25610.95,4,1,0.25,1
LGS2ORD0028975,C016264,2025-08-18 11:00:00,Female,45,Gold,TV,Chonburi,980,Shopee,Credit_Card,11,8,0,0,40-50,32.666666666666664,5.0,0.0,0.0,-1,32,7507.594,0.2299999999999999,0.6,0.2,0.0,0.0,0,0,0.0,0.0,0,0,0.0,32703.65,3,0,0.0,37537.97,5,0,0.0,0
LGS2ORD0028976,C011001,2025-08-18 11:00:00,Male,57,Silver,TV,Nakhon Ratchasima,1367,Shopee,Credit_Card,11,8,0,0,>50,45.56666666666667,4.0,1.0,0.25,56,30,5132.34,0.25,0.5,0.25,0.0,0.0,0,0,0.0,0.0,0,0,0.0,15240.15,3,1,0.3333333333333333,20529.36,4,1,0.25,0
LGS2ORD0028977,C016798,2025-08-18 11:00:00,Male,37,Gold,Web,Phuket,780,TV_Show,COD,11,8,0,0,30-40,26.0,5.0,1.0,0.2,91,101,4742.228,0.28,0.4,0.8,0.0,0.0,0,0,0.0,0.0,0,0,0.0,0.0,0,0,0.0,23711.14,5,1,0.2,0
LGS2ORD0028978,C010247,2025-08-18 11:00:00,Male,67,Bronze,TV,Remote_Area,1262,Shopee,PromptPay,11,8,0,0,>50,42.06666666666667,4.0,1.0,0.25,134,110,1315.0925,0.23,0.75,0.5,0.0,0.0,0,0,0.0,0.0,0,0,0.0,0.0,0,0,0.0,5260.37,4,1,0.25,0
LGS2ORD0028979,C013430,2025-08-18 12:00:00,Male,46,Bronze,Web,Phuket,1139,CallCenter,PromptPay,12,8,0,0,40-50,37.96666666666667,1.0,1.0,1.0,58,67,4940.41,0.18,0.0,0.0,0.0,0.0,0,0,0.0,0.0,0,0,0.0,4940.41,1,1,1.0,4940.41,1,1,1.0,1
LGS2ORD0028980,C013983,2025-08-18 12:00:00,Female,42,Bronze,CallCenter,Songkhla,666,Lazada,COD,12,8,0,0,40-50,22.2,2.0,0.0,0.0,-1,205,13836.185,0.28,0.0,1.0,0.0,0.0,0,0,0.0,0.0,0,0,0.0,0.0,0,0,0.0,27672.37,2,0,0.0,1
LGS2ORD0028981,C011786,2025-08-18 12:00:00,Male,58,Bronze,CallCenter,Bangkok,813,TV_Show,COD,12,8,0,0,>50,27.1,3.0,0.0,0.0,-1,70,2106.3733333333334,0.18,0.6666666666666666,0.0,0.0,0.0,0,0,0.0,0.0,0,0,0.0,1525.75,1,0,0.0,6319.12,3,0,0.0,1
LGS2ORD0028982,C010842,2025-08-18 12:00:00,Female,64,Gold,Shopee,Chonburi,949,CallCenter,COD,12,8,0,0,>50,31.633333333333333,5.0,1.0,0.2,178,63,3413.1459999999997,0.33,0.6,0.4,0.0,0.0,0,0,0.0,0.0,0,0,0.0,13217.580000000002,2,0,0.0,17065.73,5,1,0.2,0
LGS2ORD0028983,C017487,2025-08-18 12:00:00,Male,36,Bronze,TV,Chiang Mai,429,Web,COD,12,8,0,0,30-40,14.3,3.0,0.0,0.0,-1,19,3727.153333333333,0.13,0.3333333333333333,0.0,0.0,0.0,0,0,0.0,1828.75,1,0,0.0,11181.46,3,0,0.0,11181.46,3,0,0.0,0
LGS2ORD0028984,C013587,2025-08-18 13:00:00,Female,29,Silver,Lazada,Khon Kaen,739,TV_Show,Credit_Card,13,8,0,0,20-30,24.633333333333333,4.0,0.0,0.0,-1,40,4313.2699999999995,0.25,0.25,0.25,0.0,0.0,0,0,0.0,0.0,0,0,0.0,4562.05,1,0,0.0,17253.079999999998,4,0,0.0,0
LGS2ORD0028985,C017930,2025-08-18 13:00:00,Other,67,Bronze,TV,Khon Kaen,1496,Lazada,COD,13,8,0,0,>50,49.86666666666667,2.0,2.0,1.0,116,122,15751.475,0.18,1.0,0.0,0.0,0.0,0,0,0.0,0.0,0,0,0.0,0.0,0,0,0.0,31502.95,2,2,1.0,0
LGS2ORD0028986,C015823,2025-08-18 13:00:00,Female,35,Silver,TV,Bangkok,1683,CallCenter,Credit_Card,13,8,0,0,30-40,56.1,1.0,0.0,0.0,-1,134,9456.16,0.2,1.0,0.0,0.0,0.0,0,0,0.0,0.0,0,0,0.0,0.0,0,0,0.0,9456.16,1,0,0.0,0
LGS2ORD0028987,C014413,2025-08-18 13:00:00,Male,21,Gold,CallCenter,Khon Kaen,508,TV_Show,COD,13,8,0,0,20-30,16.933333333333334,4.0,2.0,0.5,19,33,5887.54,0.28,1.0,0.25,0.0,0.0,0,0,0.0,0.0,0,0,0.0,12243.19,1,1,1.0,23550.16,4,2,0.5,0
LGS2ORD0028988,C017813,2025-08-18 13:00:00,Male,39,Gold,Lazada,Bangkok,1666,CallCenter,COD,13,8,0,0,30-40,55.53333333333333,2.0,0.0,0.0,-1,196,3219.39,0.2299999999999999,0.0,0.5,0.0,0.0,0,0,0.0,0.0,0,0,0.0,0.0,0,0,0.0,6438.78,2,0,0.0,0
LGS2ORD0028989,C012969,2025-08-18 14:00:00,Female,43,Bronze,CallCenter,Phuket,1650,Web,COD,14,8,0,0,40-50,55.0,6.0,1.0,0.16666666666666666,156,68,13774.723333333333,0.23,0.5,0.6666666666666666,0.0,0.0,0,0,0.0,0.0,0,0,0.0,6141.53,1,0,0.0,82648.34,6,1,0.16666666666666666,0
LGS2ORD0028990,C012600,2025-08-18 14:00:00,Male,33,Silver,TV,Bangkok,1538,CallCenter,Credit_Card,14,8,0,0,30-40,51.266666666666666,0.0,0.0,0.0,-1,-1,0.0,0.0,0.0,0.0,0.0,0.0,0,0,0.0,0.0,0,0,0.0,0.0,0,0,0.0,0.0,0,0,0.0,0
LGS2ORD0028991,C014198,2025-08-18 14:00:00,Male,37,Gold,Shopee,Khon Kaen,690,Shopee,Bank_Transfer,14,8,0,0,30-40,23.0,7.0,1.0,0.14285714285714285,61,9,6331.945714285714,0.28,0.7142857142857143,0.2857142857142857,0.0,0.0,0,0,0.0,21994.9,1,0,0.0,38359.69,5,1,0.2,44323.619999999995,7,1,0.14285714285714285,0
LGS2ORD0028992,C010006,2025-08-18 14:00:00,Female,40,Silver,Shopee,Chiang Mai,1114,CallCenter,COD,14,8,0,0,30-40,37.13333333333333,5.0,0.0,0.0,-1,62,5376.5419999999995,0.25,0.6,0.2,0.0,0.0,0,0,0.0,0.0,0,0,0.0,2751.28,1,0,0.0,26882.71,5,0,0.0,0
LGS2ORD0028993,C016855,2025-08-18 14:00:00,Female,61,Silver,Web,Chonburi,1257,Lazada,Bank_Transfer,14,8,0,0,>50,41.9,1.0,0.0,0.0,-1,19,7852.96,0.05,0.0,0.0,0.0,0.0,0,0,0.0,7852.96,1,0,0.0,7852.96,1,0,0.0,7852.96,1,0,0.0,0
LGS2ORD0028994,C010785,2025-08-18 15:00:00,Male,48,Silver,Lazada,Bangkok,657,TV_Show,COD,15,8,0,0,40-50,21.9,2.0,1.0,0.5,167,173,5435.95,0.25,1.0,0.5,0.0,0.0,0,0,0.0,0.0,0,0,0.0,0.0,0,0,0.0,10871.9,2,1,0.5,0
LGS2ORD0028995,C014923,2025-08-18 15:00:00,Female,22,Silver,Lazada,Songkhla,449,Lazada,Bank_Transfer,15,8,0,0,20-30,14.966666666666667,4.0,1.0,0.25,73,44,10607.755,0.3,0.5,0.25,0.0,0.0,0,0,0.0,0.0,0,0,0.0,40266.26,3,1,0.3333333333333333,42431.02,4,1,0.25,1
LGS2ORD0028996,C015288,2025-08-18 15:00:00,Female,39,Silver,TV,Chiang Mai,1508,Shopee,Credit_Card,15,8,0,0,30-40,50.266666666666666,2.0,0.0,0.0,-1,58,5204.825,0.1,0.5,0.0,0.0,0.0,0,0,0.0,0.0,0,0,0.0,2440.92,1,0,0.0,10409.65,2,0,0.0,0
LGS2ORD0028997,C017071,2025-08-18 15:00:00,Female,47,Bronze,Lazada,Chonburi,254,Web,Credit_Card,15,8,0,0,40-50,8.466666666666667,2.0,0.0,0.0,-1,135,1296.15,0.18,1.0,0.0,0.0,0.0,0,0,0.0,0.0,0,0,0.0,0.0,0,0,0.0,2592.3,2,0,0.0,0
LGS2ORD0028998,C010196,2025-08-18 15:00:00,Female,61,Gold,Web,Bangkok,1137,Web,Bank_Transfer,15,8,0,0,>50,37.9,7.0,2.0,0.2857142857142857,143,21,2803.281428571429,0.33,0.14285714285714285,0.5714285714285714,0.0,0.0,0,0,0.0,2487.07,2,0,0.0,6527.59,4,0,0.0,19622.97,7,2,0.2857142857142857,0
LGS2ORD0028999,C017619,2025-08-18 15:00:00,Female,32,Bronze,CallCenter,Chonburi,1467,Lazada,COD,15,8,0,0,30-40,48.9,2.0,0.0,0.0,-1,40,17300.14,0.08,1.0,0.0,0.0,0.0,0,0,0.0,0.0,0,0,0.0,8128.32,1,0,0.0,34600.28,2,0,0.0,0
LGS2ORD0029000,C017196,2025-08-18 16:00:00,Male,45,Bronze,TV,Remote_Area,329,Shopee,Bank_Transfer,16,8,0,0,40-50,10.966666666666667,4.0,1.0,0.25,121,56,3122.375,0.23,0.5,0.25,0.0,0.0,0,0,0.0,0.0,0,0,0.0,1054.53,1,0,0.0,12489.5,4,1,0.25,0
LGS2ORD0029001,C012807,2025-08-18 16:00:00,Female,37,Gold,TV,Phuket,595,TV_Show,COD,16,8,0,0,30-40,19.833333333333332,3.0,1.0,0.3333333333333333,88,68,5511.036666666667,0.28,1.0,0.3333333333333333,0.0,0.0,0,0,0.0,0.0,0,0,0.0,4246.75,1,0,0.0,16533.11,3,1,0.3333333333333333,0
LGS2ORD0029002,C014567,2025-08-18 16:00:00,Female,45,Silver,Shopee,Bangkok,260,TV_Show,COD,16,8,0,0,40-50,8.666666666666666,4.0,3.0,0.75,102,26,6572.475,0.3,0.0,0.25,0.0,0.0,0,0,0.0,6182.17,1,0,0.0,6182.17,1,0,0.0,26289.9,4,3,0.75,1
LGS2ORD0029003,C016209,2025-08-18 16:00:00,Female,32,Bronze,Lazada,Nakhon Ratchasima,1436,Lazada,PromptPay,16,8,0,0,30-40,47.86666666666667,5.0,2.0,0.4,116,14,5626.964,0.23,0.6,0.2,0.0,0.0,0,0,0.0,365.92,1,0,0.0,365.92,1,0,0.0,28134.82,5,2,0.4,0
LGS2ORD0029004,C017475,2025-08-18 16:00:00,Female,22,Silver,Shopee,Bangkok,1111,TV_Show,Credit_Card,16,8,0,0,20-30,37.03333333333333,3.0,0.0,0.0,-1,91,5428.66,0.3,0.3333333333333333,0.3333333333333333,0.0,0.0,0,0,0.0,0.0,0,0,0.0,0.0,0,0,0.0,16285.98,3,0,0.0,0
LGS2ORD0029005,C016001,2025-08-18 17:00:00,Female,37,Bronze,TV,Khon Kaen,679,Lazada,COD,17,8,0,0,30-40,22.633333333333333,5.0,1.0,0.2,26,0,4319.14,0.23,0.2,0.2,0.0,1135.29,1,0,0.0,1135.29,1,0,0.0,19657.08,4,1,0.25,21595.7,5,1,0.2,0
LGS2ORD0029006,C016465,2025-08-18 17:00:00,Female,56,Platinum,CallCenter,Chonburi,480,Lazada,PromptPay,17,8,0,0,>50,16.0,4.0,1.0,0.25,26,21,3274.2975,0.35,0.5,0.5,0.0,0.0,0,0,0.0,2437.43,1,0,0.0,10465.39,2,1,0.5,13097.19,4,1,0.25,1
LGS2ORD0029007,C012929,2025-08-18 17:00:00,Female,36,Silver,Lazada,Bangkok,732,Shopee,Credit_Card,17,8,0,0,30-40,24.4,3.0,1.0,0.3333333333333333,42,49,1327.6466666666665,0.2,0.0,0.0,0.0,0.0,0,0,0.0,0.0,0,0,0.0,1413.41,1,1,1.0,3982.9399999999996,3,1,0.3333333333333333,0
LGS2ORD0029008,C016010,2025-08-18 17:00:00,Male,45,Bronze,TV,Nakhon Ratchasima,920,Lazada,COD,17,8,0,0,40-50,30.666666666666668,8.0,2.0,0.25,14,4,7130.88125,0.23,0.875,0.125,0.125,11514.79,1,0,0.0,21783.31,2,1,0.5,37307.8,4,1,0.25,57047.05,8,2,0.25,0
LGS2ORD0029009,C017755,2025-08-18 17:00:00,Male,46,Silver,Lazada,Chonburi,250,Lazada,COD,17,8,0,0,40-50,8.333333333333334,1.0,0.0,0.0,-1,96,2615.87,0.3,0.0,1.0,0.0,0.0,0,0,0.0,0.0,0,0,0.0,0.0,0,0,0.0,2615.87,1,0,0.0,1
LGS2ORD0029010,C011100,2025-08-18 18:00:00,Male,40,Bronze,CallCenter,Nakhon Ratchasima,937,TV_Show,Credit_Card,18,8,0,0,30-40,31.233333333333334,2.0,1.0,0.5,114,46,3758.525,0.28,1.0,0.5,0.0,0.0,0,0,0.0,0.0,0,0,0.0,6200.3,1,0,0.0,7517.05,2,1,0.5,0
LGS2ORD0029011,C010766,2025-08-18 18:00:00,Female,42,Bronze,Shopee,Chiang Mai,823,TV_Show,COD,18,8,0,0,40-50,27.433333333333334,3.0,1.0,0.3333333333333333,179,81,6806.283333333334,0.23,0.6666666666666666,0.3333333333333333,0.0,0.0,0,0,0.0,0.0,0,0,0.0,5518.7,1,0,0.0,20418.850000000002,3,1,0.3333333333333333,0
LGS2ORD0029012,C013462,2025-08-18 18:00:00,Female,57,Bronze,CallCenter,Chonburi,731,Lazada,COD,18,8,0,0,>50,24.366666666666667,8.0,3.0,0.375,15,20,5688.088750000001,0.23,0.375,0.125,0.0,0.0,0,0,0.0,21909.98,2,1,0.5,25636.72,4,2,0.5,45504.71000000001,8,3,0.375,1
LGS2ORD0029013,C013793,2025-08-18 18:00:00,Female,33,Silver,Lazada,Phuket,682,Web,Credit_Card,18,8,0,0,30-40,22.733333333333334,3.0,2.0,0.6666666666666666,135,119,9881.779999999999,0.3,0.3333333333333333,0.6666666666666666,0.0,0.0,0,0,0.0,0.0,0,0,0.0,0.0,0,0,0.0,29645.339999999997,3,2,0.6666666666666666,0
LGS2ORD0029014,C013366,2025-08-18 18:00:00,Female,54,Platinum,TV,Chonburi,756,TV_Show,COD,18,8,0,0,>50,25.2,4.0,0.0,0.0,-1,16,15219.814999999999,0.3,0.5,0.5,0.0,0.0,0,0,0.0,25440.19,1,0,0.0,37200.83,2,0,0.0,60879.259999999995,4,0,0.0,0
LGS2ORD0029015,C011528,2025-08-18 19:00:00,Male,55,Platinum,CallCenter,Chonburi,1227,Web,COD,19,8,0,0,>50,40.9,1.0,0.0,0.0,-1,221,8716.02,0.15,1.0,0.0,0.0,0.0,0,0,0.0,0.0,0,0,0.0,0.0,0,0,0.0,8716.02,1,0,0.0,1
LGS2ORD0029016,C017740,2025-08-18 19:00:00,Female,34,Silver,Web,Remote_Area,363,Lazada,COD,19,8,0,0,30-40,12.1,3.0,0.0,0.0,-1,65,7569.52,0.3,0.3333333333333333,0.3333333333333333,0.0,0.0,0,0,0.0,0.0,0,0,0.0,5209.16,2,0,0.0,22708.56,3,0,0.0,0
LGS2ORD0029017,C011394,2025-08-18 19:00:00,Male,49,Silver,Web,Chiang Mai,1659,Lazada,COD,19,8,0,0,40-50,55.3,3.0,0.0,0.0,-1,55,6282.820000000001,0.3,0.3333333333333333,0.6666666666666666,0.0,0.0,0,0,0.0,0.0,0,0,0.0,16508.74,1,0,0.0,18848.460000000003,3,0,0.0,1
LGS2ORD0029018,C010707,2025-08-18 19:00:00,Male,29,Platinum,Lazada,Bangkok,330,TV_Show,COD,19,8,0,0,20-30,11.0,2.0,1.0,0.5,12,20,6681.04,0.3,0.5,0.5,0.0,0.0,0,0,0.0,11479.75,1,1,1.0,13362.08,2,1,0.5,13362.08,2,1,0.5,0
LGS2ORD0029019,C014557,2025-08-18 19:00:00,Female,58,Platinum,Lazada,Phuket,1662,Shopee,PromptPay,19,8,0,0,>50,55.4,2.0,0.0,0.0,-1,200,2438.065,0.3,0.0,0.5,0.0,0.0,0,0,0.0,0.0,0,0,0.0,0.0,0,0,0.0,4876.13,2,0,0.0,0
LGS2ORD0029020,C015891,2025-08-18 19:00:00,Female,40,Bronze,TV,Phuket,663,Web,PromptPay,19,8,0,0,30-40,22.1,6.0,3.0,0.5,24,38,13628.26,0.18,0.6666666666666666,0.0,0.0,0.0,0,0,0.0,0.0,0,0,0.0,17203.08,2,1,0.5,81769.56,6,3,0.5,0
LGS2ORD0029021,C016501,2025-08-18 20:00:00,Female,51,Bronze,Shopee,Khon Kaen,277,Lazada,COD,20,8,0,0,>50,9.233333333333333,1.0,1.0,1.0,174,186,11656.69,0.23,1.0,1.0,0.0,0.0,0,0,0.0,0.0,0,0,0.0,0.0,0,0,0.0,11656.69,1,1,1.0,0
LGS2ORD0029022,C012951,2025-08-18 20:00:00,Female,58,Gold,TV,Khon Kaen,950,TV_Show,PromptPay,20,8,0,0,>50,31.666666666666668,4.0,0.0,0.0,-1,20,4358.5725,0.2299999999999999,0.25,0.25,0.0,0.0,0,0,0.0,1436.12,1,0,0.0,14203.529999999999,3,0,0.0,17434.29,4,0,0.0,1
LGS2ORD0029023,C010511,2025-08-18 20:00:00,Male,61,Bronze,TV,Songkhla,417,Web,Credit_Card,20,8,0,0,>50,13.9,2.0,1.0,0.5,-7,2,8481.565,0.18,0.5,0.0,0.0,16208.55,1,1,1.0,16963.13,2,1,0.5,16963.13,2,1,0.5,16963.13,2,1,0.5,0
LGS2ORD0029024,C017111,2025-08-18 20:00:00,Male,26,Bronze,CallCenter,Bangkok,1370,TV_Show,PromptPay,20,8,0,0,20-30,45.666666666666664,6.0,2.0,0.3333333333333333,0,5,11095.39,0.23,0.6666666666666666,0.5,0.0,26833.96,1,0,0.0,47330.71,3,1,0.3333333333333333,56296.130000000005,4,2,0.5,66572.34,6,2,0.3333333333333333,0
LGS2ORD0029025,C011252,2025-08-18 20:00:00,Female,32,Silver,TV,Bangkok,470,Lazada,Credit_Card,20,8,0,0,30-40,15.666666666666666,5.0,4.0,0.8,19,26,5042.521999999999,0.25,1.0,0.6,0.0,0.0,0,0,0.0,5852.27,1,1,1.0,5852.27,1,1,1.0,25212.609999999997,5,4,0.8,0
LGS2ORD0029026,C010621,2025-08-18 21:00:00,Male,37,Bronze,TV,Bangkok,546,TV_Show,COD,21,8,0,0,30-40,18.2,5.0,1.0,0.2,-8,3,13924.321999999996,0.28,0.6,0.4,0.0,32847.99,1,1,1.0,32847.99,1,1,1.0,64249.86,3,1,0.3333333333333333,69621.60999999999,5,1,0.2,1
LGS2ORD0029027,C013082,2025-08-18 21:00:00,Male,28,Silver,Web,Chonburi,1587,Web,Bank_Transfer,21,8,0,0,20-30,52.9,6.0,1.0,0.16666666666666666,166,1,8797.628333333332,0.25,0.5,0.16666666666666666,0.0,2132.99,1,0,0.0,2132.99,1,0,0.0,17180.449999999997,3,0,0.0,52785.77,6,1,0.16666666666666666,0
LGS2ORD0029028,C013750,2025-08-18 21:00:00,Female,38,Gold,CallCenter,Nakhon Ratchasima,840,TV_Show,COD,21,8,0,0,30-40,28.0,3.0,0.0,0.0,-1,3,6489.329999999999,0.33,0.3333333333333333,0.6666666666666666,0.0,11143.62,1,0,0.0,11143.62,1,0,0.0,11143.62,1,0,0.0,19467.989999999998,3,0,0.0,0
LGS2ORD0029029,C012972,2025-08-18 21:00:00,Female,48,Bronze,Web,Bangkok,1139,Web,Bank_Transfer,21,8,0,0,40-50,37.96666666666667,2.0,0.0,0.0,-1,1,2471.44,0.18,1.0,0.0,0.0,1737.22,1,0,0.0,1737.22,1,0,0.0,1737.22,1,0,0.0,4942.88,2,0,0.0,0
LGS2ORD0029030,C017797,2025-08-18 21:00:00,Male,46,Silver,Lazada,Chiang Mai,1259,Web,COD,21,8,0,0,40-50,41.96666666666667,1.0,0.0,0.0,-1,26,9417.79,0.05,0.0,0.0,0.0,0.0,0,0,0.0,9417.79,1,0,0.0,9417.79,1,0,0.0,9417.79,1,0,0.0,0
LGS2ORD0029031,C016917,2025-08-18 22:00:00,Female,48,Bronze,TV,Chonburi,1277,Web,Credit_Card,22,8,0,0,40-50,42.56666666666667,4.0,1.0,0.25,104,53,8459.9775,0.28,1.0,0.5,0.0,0.0,0,0,0.0,0.0,0,0,0.0,23750.09,1,0,0.0,33839.91,4,1,0.25,0
LGS2ORD0029032,C013517,2025-08-18 22:00:00,Female,36,Silver,TV,Bangkok,584,Shopee,Credit_Card,22,8,0,0,30-40,19.466666666666665,3.0,0.0,0.0,-1,100,3587.0766666666664,0.2,0.6666666666666666,0.0,0.0,0.0,0,0,0.0,0.0,0,0,0.0,0.0,0,0,0.0,10761.23,3,0,0.0,0
LGS2ORD0029033,C012986,2025-08-18 22:00:00,Female,38,Silver,TV,Bangkok,1576,CallCenter,Bank_Transfer,22,8,0,0,30-40,52.53333333333333,4.0,1.0,0.25,120,40,6702.4675,0.25,0.25,0.5,0.0,0.0,0,0,0.0,0.0,0,0,0.0,19300.68,2,0,0.0,26809.87,4,1,0.25,0
LGS2ORD0029034,C011891,2025-08-18 22:00:00,Female,21,Bronze,Web,Bangkok,1272,Lazada,Bank_Transfer,22,8,0,0,20-30,42.4,5.0,1.0,0.2,110,30,4813.852,0.28,0.4,0.4,0.0,0.0,0,0,0.0,0.0,0,0,0.0,1522.7,1,0,0.0,24069.26,5,1,0.2,0
LGS2ORD0029035,C011447,2025-08-18 22:00:00,Male,39,Gold,TV,Chonburi,343,Web,Bank_Transfer,22,8,0,0,30-40,11.433333333333334,9.0,1.0,0.1111111111111111,116,74,6029.2444444444445,0.33,0.7777777777777778,0.5555555555555556,0.0,0.0,0,0,0.0,0.0,0,0,0.0,18435.55,3,0,0.0,54263.200000000004,9,1,0.1111111111111111,0
LGS2ORD0029036,C014112,2025-08-18 23:00:00,Male,31,Silver,Lazada,Bangkok,1033,TV_Show,COD,23,8,0,0,30-40,34.43333333333333,5.0,1.0,0.2,15,25,5982.282,0.3,0.8,0.4,0.0,0.0,0,0,0.0,2779.57,1,1,1.0,2779.57,1,1,1.0,29911.41,5,1,0.2,0
LGS2ORD0029037,C010368,2025-08-18 23:00:00,Male,61,Bronze,Lazada,Bangkok,704,Web,COD,23,8,0,0,>50,23.466666666666665,5.0,1.0,0.2,69,7,9130.576000000001,0.28,0.6,0.6,0.0,0.0,0,0,0.0,26875.550000000003,2,0,0.0,43565.66,4,1,0.25,45652.880000000005,5,1,0.2,0
LGS2ORD0029038,C012468,2025-08-18 23:00:00,Male,50,Gold,Lazada,Chiang Mai,417,TV_Show,Bank_Transfer,23,8,0,0,40-50,13.9,3.0,1.0,0.3333333333333333,78,83,4980.51,0.33,1.0,0.6666666666666666,0.0,0.0,0,0,0.0,0.0,0,0,0.0,1725.48,1,1,1.0,14941.53,3,1,0.3333333333333333,1
LGS2ORD0029039,C010902,2025-08-18 23:00:00,Male,41,Silver,Lazada,Songkhla,1125,TV_Show,Credit_Card,23,8,0,0,40-50,37.5,4.0,3.0,0.75,34,26,9619.6,0.25,0.75,0.25,0.0,0.0,0,0,0.0,29296.7,1,0,0.0,33508.89,2,1,0.5,38478.4,4,3,0.75,0
LGS2ORD0029040,C010994,2025-08-18 23:00:00,Female,35,Silver,Lazada,Bangkok,1246,Web,Credit_Card,23,8,0,0,30-40,41.53333333333333,2.0,1.0,0.5,140,53,2177.34,0.2,0.0,0.0,0.0,0.0,0,0,0.0,0.0,0,0,0.0,3321.54,1,0,0.0,4354.68,2,1,0.5,0
LGS2ORD0029041,C011241,2025-08-18 23:00:00,Female,29,Gold,Web,Bangkok,545,Web,COD,23,8,0,0,20-30,18.166666666666668,1.0,1.0,1.0,152,163,8655.5,0.18,1.0,0.0,0.0,0.0,0,0,0.0,0.0,0,0,0.0,0.0,0,0,0.0,8655.5,1,1,1.0,0
LGS2ORD0029042,C013593,2025-08-19 00:00:00,Male,71,Bronze,CallCenter,Phuket,1312,Lazada,COD,0,8,1,0,>50,43.733333333333334,4.0,2.0,0.5,91,61,3256.59,0.28,0.5,0.5,0.0,0.0,0,0,0.0,0.0,0,0,0.0,376.27,1,0,0.0,13026.36,4,2,0.5,1
LGS2ORD0029043,C016583,2025-08-19 00:00:00,Male,30,Silver,Shopee,Bangkok,1522,TV_Show,Credit_Card,0,8,1,0,20-30,50.733333333333334,1.0,0.0,0.0,-1,15,3834.71,0.1,1.0,0.0,0.0,0.0,0,0,0.0,3834.71,1,0,0.0,3834.71,1,0,0.0,3834.71,1,0,0.0,0
LGS2ORD0029044,C017787,2025-08-19 00:00:00,Female,45,Silver,Lazada,Remote_Area,1652,Lazada,COD,0,8,1,0,40-50,55.06666666666667,2.0,0.0,0.0,-1,35,3572.0249999999996,0.3,0.5,0.5,0.0,0.0,0,0,0.0,0.0,0,0,0.0,7144.049999999999,2,0,0.0,7144.049999999999,2,0,0.0,1
LGS2ORD0029045,C016595,2025-08-19 00:00:00,Female,55,Gold,Lazada,Khon Kaen,1661,Shopee,COD,0,8,1,0,>50,55.36666666666667,1.0,0.0,0.0,-1,21,387.05,0.13,0.0,0.0,0.0,0.0,0,0,0.0,387.05,1,0,0.0,387.05,1,0,0.0,387.05,1,0,0.0,0
LGS2ORD0029046,C016135,2025-08-19 00:00:00,Male,40,Silver,Web,Chonburi,555,Lazada,PromptPay,0,8,1,0,30-40,18.5,4.0,1.0,0.25,216,41,6401.8775000000005,0.2,0.5,0.0,0.0,0.0,0,0,0.0,0.0,0,0,0.0,6468.75,1,0,0.0,25607.510000000002,4,1,0.25,1
LGS2ORD0029047,C014217,2025-08-19 01:00:00,Male,44,Silver,Shopee,Chiang Mai,1460,TV_Show,COD,1,8,1,0,40-50,48.666666666666664,6.0,1.0,0.16666666666666666,61,60,8842.640000000001,0.3,0.6666666666666666,0.16666666666666666,0.0,0.0,0,0,0.0,0.0,0,0,0.0,27661.289999999997,3,1,0.3333333333333333,53055.84000000001,6,1,0.16666666666666666,0
LGS2ORD0029048,C011556,2025-08-19 01:00:00,Male,33,Silver,Shopee,Chiang Mai,1480,CallCenter,COD,1,8,1,0,30-40,49.333333333333336,3.0,1.0,0.3333333333333333,84,93,3017.193333333333,0.15,0.6666666666666666,0.0,0.0,0.0,0,0,0.0,0.0,0,0,0.0,0.0,0,0,0.0,9051.58,3,1,0.3333333333333333,1
LGS2ORD0029049,C011524,2025-08-19 01:00:00,Male,49,Bronze,Shopee,Bangkok,1388,TV_Show,PromptPay,1,8,1,0,40-50,46.266666666666666,1.0,0.0,0.0,-1,70,7331.6,0.03,1.0,0.0,0.0,0.0,0,0,0.0,0.0,0,0,0.0,7331.6,1,0,0.0,7331.6,1,0,0.0,0
LGS2ORD0029050,C015709,2025-08-19 01:00:00,Male,62,Silver,TV,Khon Kaen,1238,TV_Show,Bank_Transfer,1,8,1,0,>50,41.266666666666666,4.0,2.0,0.5,62,73,3674.41,0.3,0.25,0.5,0.0,0.0,0,0,0.0,0.0,0,0,0.0,1475.23,2,1,0.5,14697.64,4,2,0.5,1
LGS2ORD0029051,C013524,2025-08-19 01:00:00,Other,29,Gold,TV,Phuket,660,Web,COD,1,8,1,0,20-30,22.0,2.0,0.0,0.0,-1,4,378.87,0.08,0.5,0.0,0.0,252.66,1,0,0.0,252.66,1,0,0.0,252.66,1,0,0.0,757.74,2,0,0.0,0
LGS2ORD0029052,C015484,2025-08-19 02:00:00,Female,47,Silver,TV,Chonburi,919,TV_Show,PromptPay,2,8,1,0,40-50,30.633333333333333,6.0,1.0,0.16666666666666666,118,124,2664.0483333333336,0.3,0.6666666666666666,0.3333333333333333,0.0,0.0,0,0,0.0,0.0,0,0,0.0,0.0,0,0,0.0,15984.29,6,1,0.16666666666666666,1
LGS2ORD0029053,C011965,2025-08-19 02:00:00,Male,58,Bronze,Lazada,Bangkok,659,CallCenter,COD,2,8,1,0,>50,21.966666666666665,3.0,0.0,0.0,-1,8,5515.026666666668,0.03,0.6666666666666666,0.0,0.0,0.0,0,0,0.0,11665.76,1,0,0.0,11665.76,1,0,0.0,16545.08,3,0,0.0,0
LGS2ORD0029054,C016532,2025-08-19 02:00:00,Male,70,Platinum,Shopee,Bangkok,1262,Shopee,Credit_Card,2,8,1,0,>50,42.06666666666667,6.0,0.0,0.0,-1,24,5249.7316666666675,0.35,0.0,0.3333333333333333,0.0,0.0,0,0,0.0,1233.77,1,0,0.0,1233.77,1,0,0.0,31498.390000000003,6,0,0.0,1
LGS2ORD0029055,C013994,2025-08-19 02:00:00,Male,43,Bronze,Web,Chonburi,738,TV_Show,Bank_Transfer,2,8,1,0,40-50,24.6,2.0,1.0,0.5,24,38,1053.27,0.28,0.0,0.5,0.0,0.0,0,0,0.0,0.0,0,0,0.0,2106.54,2,1,0.5,2106.54,2,1,0.5,0
LGS2ORD0029056,C010968,2025-08-19 02:00:00,Female,50,Bronze,CallCenter,Phuket,872,CallCenter,COD,2,8,1,0,40-50,29.066666666666666,6.0,1.0,0.16666666666666666,208,29,4759.356666666667,0.28,0.6666666666666666,0.16666666666666666,0.0,0.0,0,0,0.0,14506.41,1,0,0.0,20138.18,3,0,0.0,28556.14,6,1,0.16666666666666666,0
LGS2ORD0029057,C015754,2025-08-19 02:00:00,Female,69,Bronze,CallCenter,Songkhla,1255,Shopee,COD,2,8,1,0,>50,41.833333333333336,5.0,3.0,0.6,86,19,5258.336,0.23,0.2,0.4,0.0,0.0,0,0,0.0,2255.87,1,0,0.0,4050.91,2,0,0.0,26291.68,5,3,0.6,0
LGS2ORD0029058,C016610,2025-08-19 03:00:00,Female,43,Silver,Shopee,Bangkok,581,Web,COD,3,8,1,0,40-50,19.366666666666667,4.0,2.0,0.5,21,23,4247.5375,0.25,0.5,0.25,0.0,0.0,0,0,0.0,5807.98,1,1,1.0,11755.45,2,1,0.5,16990.15,4,2,0.5,1
LGS2ORD0029059,C015661,2025-08-19 03:00:00,Female,54,Bronze,Shopee,Nakhon Ratchasima,1079,TV_Show,COD,3,8,1,0,>50,35.96666666666667,4.0,0.0,0.0,-1,11,2492.4325,0.28,0.75,0.25,0.0,0.0,0,0,0.0,3625.6,1,0,0.0,4158.55,2,0,0.0,9969.73,4,0,0.0,0
LGS2ORD0029060,C011746,2025-08-19 03:00:00,Other,27,Gold,Shopee,Bangkok,821,TV_Show,COD,3,8,1,0,20-30,27.366666666666667,5.0,0.0,0.0,-1,78,7716.468000000001,0.28,0.6,0.2,0.0,0.0,0,0,0.0,0.0,0,0,0.0,11266.61,1,0,0.0,38582.340000000004,5,0,0.0,1
LGS2ORD0029061,C016283,2025-08-19 03:00:00,Male,42,Gold,CallCenter,Phuket,1575,TV_Show,Bank_Transfer,3,8,1,0,40-50,52.5,3.0,0.0,0.0,-1,2,3832.7233333333334,0.13,1.0,0.0,0.0,6830.51,1,0,0.0,6830.51,1,0,0.0,11101.25,2,0,0.0,11498.17,3,0,0.0,0
LGS2ORD0029062,C016779,2025-08-19 03:00:00,Male,24,Silver,TV,Chonburi,1680,Shopee,Bank_Transfer,3,8,1,0,20-30,56.0,3.0,0.0,0.0,-1,54,5236.783333333334,0.2,0.3333333333333333,0.0,0.0,0.0,0,0,0.0,0.0,0,0,0.0,1663.08,1,0,0.0,15710.35,3,0,0.0,0
LGS2ORD0029063,C013311,2025-08-19 04:00:00,Female,29,Silver,Shopee,Chonburi,1548,TV_Show,COD,4,8,1,0,20-30,51.6,3.0,1.0,0.3333333333333333,133,28,12874.599999999999,0.15,0.6666666666666666,0.0,0.0,0.0,0,0,0.0,23789.17,1,0,0.0,23789.17,1,0,0.0,38623.799999999996,3,1,0.3333333333333333,0
LGS2ORD0029064,C017785,2025-08-19 04:00:00,Female,58,Silver,Lazada,Khon Kaen,1037,CallCenter,COD,4,8,1,0,>50,34.56666666666667,2.0,0.0,0.0,-1,54,21330.57,0.2,1.0,0.0,0.0,0.0,0,0,0.0,0.0,0,0,0.0,37288.13,1,0,0.0,42661.14,2,0,0.0,0
LGS2ORD0029065,C017478,2025-08-19 04:00:00,Female,56,Gold,TV,Chiang Mai,751,Web,PromptPay,4,8,1,0,>50,25.033333333333335,3.0,0.0,0.0,-1,34,6945.91,0.28,0.6666666666666666,1.0,0.0,0.0,0,0,0.0,0.0,0,0,0.0,18285.27,1,0,0.0,20837.73,3,0,0.0,0
LGS2ORD0029066,C011857,2025-08-19 04:00:00,Male,37,Bronze,Web,Songkhla,1593,Web,COD,4,8,1,0,30-40,53.1,8.0,2.0,0.25,42,11,6075.0824999999995,0.23,0.625,0.25,0.0,0.0,0,0,0.0,18896.64,1,0,0.0,40845.009999999995,4,1,0.25,48600.659999999996,8,2,0.25,1
LGS2ORD0029067,C012151,2025-08-19 04:00:00,Female,36,Silver,Shopee,Remote_Area,1141,Shopee,PromptPay,4,8,1,0,30-40,38.03333333333333,4.0,1.0,0.25,44,51,4432.275000000001,0.25,0.75,0.5,0.0,0.0,0,0,0.0,0.0,0,0,0.0,16130.8,3,1,0.3333333333333333,17729.100000000002,4,1,0.25,0
LGS2ORD0029068,C011469,2025-08-19 05:00:00,Male,27,Silver,Web,Songkhla,752,Lazada,Credit_Card,5,8,1,0,20-30,25.066666666666666,6.0,1.0,0.16666666666666666,190,55,13632.769999999999,0.3,0.8333333333333334,0.16666666666666666,0.0,0.0,0,0,0.0,0.0,0,0,0.0,29844.489999999998,2,0,0.0,81796.62,6,1,0.16666666666666666,0
LGS2ORD0029069,C014334,2025-08-19 05:00:00,Female,34,Gold,Web,Chonburi,1478,TV_Show,COD,5,8,1,0,30-40,49.266666666666666,4.0,1.0,0.25,12,20,6368.429999999999,0.28,0.5,0.5,0.0,0.0,0,0,0.0,17315.51,1,1,1.0,21117.55,3,1,0.3333333333333333,25473.719999999998,4,1,0.25,0
LGS2ORD0029070,C011350,2025-08-19 05:00:00,Male,39,Platinum,CallCenter,Khon Kaen,392,Shopee,Bank_Transfer,5,8,1,0,30-40,13.066666666666666,1.0,0.0,0.0,-1,106,1624.35,0.2,0.0,0.0,0.0,0.0,0,0,0.0,0.0,0,0,0.0,0.0,0,0,0.0,1624.35,1,0,0.0,0
LGS2ORD0029071,C015835,2025-08-19 05:00:00,Other,46,Silver,Web,Chonburi,1128,TV_Show,PromptPay,5,8,1,0,40-50,37.6,7.0,2.0,0.2857142857142857,79,80,6195.488571428571,0.25,0.5714285714285714,0.14285714285714285,0.0,0.0,0,0,0.0,0.0,0,0,0.0,26642.41,2,1,0.5,43368.42,7,2,0.2857142857142857,0
LGS2ORD0029072,C013715,2025-08-19 05:00:00,Female,41,Silver,Shopee,Bangkok,388,Shopee,COD,5,8,1,0,40-50,12.933333333333334,6.0,2.0,0.3333333333333333,2,12,6856.916666666667,0.2,0.5,0.0,0.0,0.0,0,0,0.0,957.32,1,1,1.0,13252.57,3,1,0.3333333333333333,41141.5,6,2,0.3333333333333333,0
LGS2ORD0029073,C016062,2025-08-19 06:00:00,Female,37,Bronze,Web,Songkhla,1623,TV_Show,PromptPay,6,8,1,0,30-40,54.1,8.0,4.0,0.5,83,28,4824.835,0.28,0.75,0.375,0.0,0.0,0,0,0.0,2988.66,1,0,0.0,2988.66,1,0,0.0,38598.68,8,4,0.5,0
LGS2ORD0029074,C010168,2025-08-19 06:00:00,Male,49,Gold,TV,Khon Kaen,425,Web,Bank_Transfer,6,8,1,0,40-50,14.166666666666666,0.0,0.0,0.0,-1,-1,0.0,0.0,0.0,0.0,0.0,0.0,0,0,0.0,0.0,0,0,0.0,0.0,0,0,0.0,0.0,0,0,0.0,0
LGS2ORD0029075,C013505,2025-08-19 06:00:00,Male,37,Bronze,Web,Chonburi,780,Lazada,COD,6,8,1,0,30-40,26.0,1.0,1.0,1.0,68,70,2040.9,0.23,1.0,1.0,0.0,0.0,0,0,0.0,0.0,0,0,0.0,2040.9,1,1,1.0,2040.9,1,1,1.0,0
LGS2ORD0029076,C016911,2025-08-19 06:00:00,Male,41,Silver,Shopee,Chonburi,1112,Shopee,COD,6,8,1,0,40-50,37.06666666666667,5.0,1.0,0.2,168,69,11768.65,0.15,0.2,0.0,0.0,0.0,0,0,0.0,0.0,0,0,0.0,29969.86,1,0,0.0,58843.25,5,1,0.2,0
LGS2ORD0029077,C010273,2025-08-19 06:00:00,Female,47,Gold,Lazada,Bangkok,1042,Shopee,COD,6,8,1,0,40-50,34.733333333333334,3.0,1.0,0.3333333333333333,71,76,8627.086666666666,0.33,0.6666666666666666,0.6666666666666666,0.0,0.0,0,0,0.0,0.0,0,0,0.0,10686.19,2,1,0.5,25881.26,3,1,0.3333333333333333,1
LGS2ORD0029078,C017109,2025-08-19 06:00:00,Female,60,Bronze,TV,Khon Kaen,1666,CallCenter,COD,6,8,1,0,>50,55.53333333333333,2.0,0.0,0.0,-1,56,2690.305,0.23,0.5,0.5,0.0,0.0,0,0,0.0,0.0,0,0,0.0,3678.62,1,0,0.0,5380.61,2,0,0.0,1
LGS2ORD0029079,C014026,2025-08-19 07:00:00,Female,60,Silver,Lazada,Remote_Area,337,CallCenter,COD,7,8,1,0,>50,11.233333333333333,8.0,2.0,0.25,50,57,3474.35875,0.25,0.5,0.25,0.0,0.0,0,0,0.0,0.0,0,0,0.0,2818.56,2,1,0.5,27794.87,8,2,0.25,0
LGS2ORD0029080,C016964,2025-08-19 07:00:00,Female,35,Bronze,Web,Bangkok,1632,Web,COD,7,8,1,0,30-40,54.4,3.0,0.0,0.0,-1,8,2229.28,0.28,0.3333333333333333,1.0,0.0,0.0,0,0,0.0,1726.16,1,0,0.0,1726.16,1,0,0.0,6687.84,3,0,0.0,0
LGS2ORD0029081,C011524,2025-08-19 07:00:00,Male,49,Bronze,Shopee,Bangkok,1388,Shopee,COD,7,8,1,0,40-50,46.266666666666666,2.0,0.0,0.0,-1,0,5564.485000000001,0.08,0.5,0.0,0.0,3797.37,1,0,0.0,3797.37,1,0,0.0,11128.970000000001,2,0,0.0,11128.970000000001,2,0,0.0,0
LGS2ORD0029082,C010987,2025-08-19 07:00:00,Female,37,Bronze,Lazada,Songkhla,890,Web,COD,7,8,1,0,30-40,29.666666666666668,5.0,0.0,0.0,-1,35,9345.402,0.23,0.4,0.2,0.0,0.0,0,0,0.0,0.0,0,0,0.0,20566.649999999998,2,0,0.0,46727.01,5,0,0.0,0
LGS2ORD0029083,C011490,2025-08-19 07:00:00,Female,34,Silver,Lazada,Nakhon Ratchasima,1176,Web,COD,7,8,1,0,30-40,39.2,6.0,0.0,0.0,-1,50,5891.768333333333,0.25,0.8333333333333334,0.16666666666666666,0.16666666666666666,0.0,0,0,0.0,0.0,0,0,0.0,14265.560000000001,2,0,0.0,35350.61,6,0,0.0,0
LGS2ORD0029084,C014011,2025-08-19 08:00:00,Female,46,Silver,CallCenter,Phuket,1300,Web,COD,8,8,1,0,40-50,43.333333333333336,7.0,1.0,0.14285714285714285,29,33,3914.9857142857145,0.25,0.2857142857142857,0.14285714285714285,0.0,0.0,0,0,0.0,0.0,0,0,0.0,12627.63,3,1,0.3333333333333333,27404.9,7,1,0.14285714285714285,1
LGS2ORD0029085,C010681,2025-08-19 08:00:00,Female,41,Bronze,Shopee,Khon Kaen,1468,TV_Show,COD,8,8,1,0,40-50,48.93333333333333,2.0,0.0,0.0,-1,85,12138.01,0.03,1.0,0.0,0.0,0.0,0,0,0.0,0.0,0,0,0.0,1077.82,1,0,0.0,24276.02,2,0,0.0,0
LGS2ORD0029086,C010312,2025-08-19 08:00:00,Male,39,Platinum,Web,Chiang Mai,1181,TV_Show,COD,8,8,1,0,30-40,39.36666666666667,2.0,0.0,0.0,-1,65,3666.89,0.3,0.0,1.0,0.0,0.0,0,0,0.0,0.0,0,0,0.0,5979.17,1,0,0.0,7333.78,2,0,0.0,0
LGS2ORD0029087,C016920,2025-08-19 08:00:00,Male,55,Silver,Shopee,Chonburi,622,TV_Show,COD,8,8,1,0,>50,20.733333333333334,4.0,1.0,0.25,11,23,10931.595,0.25,0.25,0.25,0.0,0.0,0,0,0.0,1434.39,1,1,1.0,43726.38,4,1,0.25,43726.38,4,1,0.25,1
LGS2ORD0029088,C010193,2025-08-19 08:00:00,Female,50,Silver,TV,Chiang Mai,1010,TV_Show,COD,8,8,1,0,40-50,33.666666666666664,4.0,1.0,0.25,152,111,3126.4625000000005,0.2,0.5,0.0,0.0,0.0,0,0,0.0,0.0,0,0,0.0,0.0,0,0,0.0,12505.850000000002,4,1,0.25,0
LGS2ORD0029089,C015720,2025-08-19 09:00:00,Other,37,Bronze,Shopee,Remote_Area,1324,TV_Show,PromptPay,9,8,1,0,30-40,44.13333333333333,9.0,3.0,0.3333333333333333,-4,6,3207.246666666667,0.28,0.3333333333333333,0.6666666666666666,0.0,1325.61,1,1,1.0,1325.61,1,1,1.0,16895.07,4,2,0.5,28865.22,9,3,0.3333333333333333,0
LGS2ORD0029090,C013189,2025-08-19 09:00:00,Female,42,Bronze,Web,Bangkok,1460,Lazada,Credit_Card,9,8,1,0,40-50,48.666666666666664,7.0,0.0,0.0,-1,34,4173.954285714286,0.28,0.7142857142857143,0.2857142857142857,0.0,0.0,0,0,0.0,0.0,0,0,0.0,17482.47,4,0,0.0,29217.68,7,0,0.0,0
LGS2ORD0029091,C012333,2025-08-19 09:00:00,Male,42,Bronze,TV,Songkhla,1105,Shopee,COD,9,8,1,0,40-50,36.833333333333336,5.0,2.0,0.4,-9,2,3614.422,0.28,0.6,0.4,0.0,2819.89,1,1,1.0,2819.89,1,1,1.0,9831.76,3,1,0.3333333333333333,18072.11,5,2,0.4,1
LGS2ORD0029092,C014942,2025-08-19 09:00:00,Female,42,Bronze,CallCenter,Songkhla,730,Shopee,Bank_Transfer,9,8,1,0,40-50,24.333333333333332,2.0,0.0,0.0,-1,64,2121.16,0.18,0.5,0.0,0.0,0.0,0,0,0.0,0.0,0,0,0.0,2055.79,1,0,0.0,4242.32,2,0,0.0,0
LGS2ORD0029093,C011258,2025-08-19 09:00:00,Female,41,Silver,Web,Chonburi,1611,Lazada,Credit_Card,9,8,1,0,40-50,53.7,2.0,0.0,0.0,-1,65,6160.5599999999995,0.3,0.0,1.0,0.0,0.0,0,0,0.0,0.0,0,0,0.0,12321.119999999999,2,0,0.0,12321.119999999999,2,0,0.0,1
LGS2ORD0029094,C010232,2025-08-19 10:00:00,Male,46,Bronze,TV,Bangkok,1683,CallCenter,PromptPay,10,8,1,0,40-50,56.1,4.0,2.0,0.5,97,103,4983.3875,0.23,0.75,0.25,0.0,0.0,0,0,0.0,0.0,0,0,0.0,0.0,0,0,0.0,19933.55,4,2,0.5,0
LGS2ORD0029095,C017442,2025-08-19 10:00:00,Male,48,Silver,CallCenter,Bangkok,605,Shopee,COD,10,8,1,0,40-50,20.166666666666668,2.0,0.0,0.0,-1,141,4837.885,0.2,0.5,0.0,0.0,0.0,0,0,0.0,0.0,0,0,0.0,0.0,0,0,0.0,9675.77,2,0,0.0,0
LGS2ORD0029096,C011576,2025-08-19 10:00:00,Female,19,Bronze,Shopee,Songkhla,1402,TV_Show,Credit_Card,10,8,1,0,<20,46.733333333333334,5.0,1.0,0.2,154,4,6255.782,0.23,0.6,0.2,0.0,5089.55,1,0,0.0,5089.55,1,0,0.0,20576.71,2,0,0.0,31278.91,5,1,0.2,0
LGS2ORD0029097,C014064,2025-08-19 10:00:00,Male,33,Bronze,Web,Phuket,529,Web,PromptPay,10,8,1,0,30-40,17.633333333333333,3.0,0.0,0.0,-1,85,6783.62,0.18,0.6666666666666666,0.0,0.0,0.0,0,0,0.0,0.0,0,0,0.0,11733.74,1,0,0.0,20350.86,3,0,0.0,1
LGS2ORD0029098,C012830,2025-08-19 10:00:00,Male,42,Bronze,TV,Khon Kaen,1236,Shopee,COD,10,8,1,0,40-50,41.2,7.0,2.0,0.2857142857142857,101,16,4096.358571428572,0.23,0.7142857142857143,0.14285714285714285,0.0,0.0,0,0,0.0,1997.62,1,0,0.0,9458.630000000001,3,0,0.0,28674.510000000002,7,2,0.2857142857142857,1
LGS2ORD0029099,C015287,2025-08-19 10:00:00,Female,28,Silver,TV,Phuket,1109,Lazada,COD,10,8,1,0,20-30,36.96666666666667,5.0,0.0,0.0,-1,18,9673.322,0.15,0.4,0.0,0.0,0.0,0,0,0.0,32443.83,2,0,0.0,34321.34,3,0,0.0,48366.61,5,0,0.0,1
LGS2ORD0029100,C010026,2025-08-19 11:00:00,Female,51,Bronze,Web,Bangkok,757,CallCenter,PromptPay,11,8,1,0,>50,25.233333333333334,9.0,2.0,0.2222222222222222,144,12,4898.141111111112,0.28,0.5555555555555556,0.2222222222222222,0.0,0.0,0,0,0.0,2345.65,1,0,0.0,40414.920000000006,7,0,0.0,44083.270000000004,9,2,0.2222222222222222,0
LGS2ORD0029101,C011290,2025-08-19 11:00:00,Male,20,Platinum,Shopee,Bangkok,710,Lazada,COD,11,8,1,0,<20,23.666666666666668,1.0,1.0,1.0,30,40,758.7,0.1,1.0,0.0,0.0,0.0,0,0,0.0,0.0,0,0,0.0,758.7,1,1,1.0,758.7,1,1,1.0,1
LGS2ORD0029102,C017425,2025-08-19 11:00:00,Male,42,Bronze,TV,Bangkok,1226,Lazada,PromptPay,11,8,1,0,40-50,40.86666666666667,1.0,0.0,0.0,-1,42,2865.54,0.18,1.0,0.0,0.0,0.0,0,0,0.0,0.0,0,0,0.0,2865.54,1,0,0.0,2865.54,1,0,0.0,0
LGS2ORD0029103,C013320,2025-08-19 11:00:00,Male,50,Silver,CallCenter,Remote_Area,1033,TV_Show,COD,11,8,1,0,40-50,34.43333333333333,7.0,3.0,0.42857142857142855,18,23,3376.9828571428575,0.3,0.5714285714285714,0.42857142857142855,0.0,0.0,0,0,0.0,3673.8,1,1,1.0,14977.7,4,1,0.25,23638.88,7,3,0.42857142857142855,1
LGS2ORD0029104,C011136,2025-08-19 11:00:00,Other,64,Silver,Shopee,Nakhon Ratchasima,1635,TV_Show,PromptPay,11,8,1,0,>50,54.5,8.0,4.0,0.5,39,45,2240.15,0.25,0.875,0.125,0.0,0.0,0,0,0.0,0.0,0,0,0.0,2409.88,2,1,0.5,17921.2,8,4,0.5,0
LGS2ORD0029105,C017168,2025-08-19 12:00:00,Male,53,Gold,Web,Bangkok,430,Shopee,COD,12,8,1,0,>50,14.333333333333334,3.0,1.0,0.3333333333333333,109,117,4671.116666666667,0.33,0.3333333333333333,1.0,0.0,0.0,0,0,0.0,0.0,0,0,0.0,0.0,0,0,0.0,14013.35,3,1,0.3333333333333333,1
LGS2ORD0029106,C014931,2025-08-19 12:00:00,Female,40,Silver,Lazada,Remote_Area,560,Lazada,Credit_Card,12,8,1,0,30-40,18.666666666666668,6.0,3.0,0.5,23,25,3909.0183333333334,0.2,0.8333333333333334,0.0,0.0,0.0,0,0,0.0,7359.290000000001,2,1,0.5,9352.970000000001,3,1,0.3333333333333333,23454.11,6,3,0.5,0
LGS2ORD0029107,C015436,2025-08-19 12:00:00,Male,44,Silver,Lazada,Nakhon Ratchasima,1174,Lazada,COD,12,8,1,0,40-50,39.13333333333333,5.0,1.0,0.2,65,19,6182.482,0.3,0.6,0.6,0.0,0.0,0,0,0.0,1680.39,1,0,0.0,4618.34,2,1,0.5,30912.41,5,1,0.2,1
LGS2ORD0029108,C017074,2025-08-19 12:00:00,Male,68,Gold,Shopee,Bangkok,1521,Shopee,COD,12,8,1,0,>50,50.7,1.0,0.0,0.0,-1,7,8455.23,0.33,0.0,1.0,0.0,0.0,0,0,0.0,8455.23,1,0,0.0,8455.23,1,0,0.0,8455.23,1,0,0.0,0
LGS2ORD0029109,C012434,2025-08-19 12:00:00,Female,57,Gold,Web,Chonburi,1416,Lazada,COD,12,8,1,0,>50,47.2,3.0,0.0,0.0,-1,40,10915.846666666666,0.2299999999999999,0.3333333333333333,0.6666666666666666,0.0,0.0,0,0,0.0,0.0,0,0,0.0,13625.15,1,0,0.0,32747.54,3,0,0.0,0
LGS2ORD0029110,C016284,2025-08-19 13:00:00,Male,67,Bronze,CallCenter,Bangkok,1234,Lazada,COD,13,8,1,0,>50,41.13333333333333,3.0,1.0,0.3333333333333333,24,32,3513.9599999999996,0.23,0.3333333333333333,0.3333333333333333,0.0,0.0,0,0,0.0,0.0,0,0,0.0,3668.04,2,1,0.5,10541.88,3,1,0.3333333333333333,0
LGS2ORD0029111,C017845,2025-08-19 13:00:00,Male,25,Gold,Web,Chiang Mai,297,TV_Show,Credit_Card,13,8,1,0,20-30,9.9,2.0,2.0,1.0,25,29,12238.075,0.2299999999999999,0.5,0.5,0.0,0.0,0,0,0.0,15030.84,1,1,1.0,15030.84,1,1,1.0,24476.15,2,2,1.0,0
LGS2ORD0029112,C010128,2025-08-19 13:00:00,Male,37,Bronze,Shopee,Phuket,369,TV_Show,Credit_Card,13,8,1,0,30-40,12.3,7.0,3.0,0.42857142857142855,-4,11,3804.815714285714,0.28,0.5714285714285714,0.2857142857142857,0.0,0.0,0,0,0.0,1973.39,1,1,1.0,14099.71,4,1,0.25,26633.71,7,3,0.42857142857142855,0
LGS2ORD0029113,C014955,2025-08-19 13:00:00,Female,60,Silver,Shopee,Bangkok,764,Shopee,Bank_Transfer,13,8,1,0,>50,25.466666666666665,3.0,0.0,0.0,-1,14,4537.34,0.25,0.0,0.3333333333333333,0.0,0.0,0,0,0.0,11511.8,2,0,0.0,11511.8,2,0,0.0,13612.02,3,0,0.0,0
LGS2ORD0029114,C014596,2025-08-19 13:00:00,Male,40,Platinum,TV,Nakhon Ratchasima,1510,Lazada,COD,13,8,1,0,30-40,50.333333333333336,1.0,0.0,0.0,-1,209,6336.74,0.2,1.0,0.0,0.0,0.0,0,0,0.0,0.0,0,0,0.0,0.0,0,0,0.0,6336.74,1,0,0.0,0
LGS2ORD0029115,C011832,2025-08-19 14:00:00,Female,33,Silver,CallCenter,Songkhla,1340,Web,COD,14,8,1,0,30-40,44.666666666666664,3.0,3.0,1.0,117,127,2402.64,0.25,1.0,0.3333333333333333,0.0,0.0,0,0,0.0,0.0,0,0,0.0,0.0,0,0,0.0,7207.92,3,3,1.0,0
LGS2ORD0029116,C012183,2025-08-19 14:00:00,Male,45,Silver,Lazada,Nakhon Ratchasima,1534,Shopee,Bank_Transfer,14,8,1,0,40-50,51.13333333333333,2.0,1.0,0.5,-8,3,3274.7799999999997,0.1,0.0,0.0,0.0,4622.03,1,1,1.0,4622.03,1,1,1.0,4622.03,1,1,1.0,6549.5599999999995,2,1,0.5,0
LGS2ORD0029117,C014510,2025-08-19 14:00:00,Female,72,Platinum,Lazada,Bangkok,654,Shopee,PromptPay,14,8,1,0,>50,21.8,7.0,2.0,0.2857142857142857,67,49,4777.122857142856,0.35,0.7142857142857143,0.42857142857142855,0.0,0.0,0,0,0.0,0.0,0,0,0.0,6346.55,2,1,0.5,33439.85999999999,7,2,0.2857142857142857,0
LGS2ORD0029118,C016667,2025-08-19 14:00:00,Male,18,Bronze,TV,Chiang Mai,1573,TV_Show,PromptPay,14,8,1,0,<20,52.43333333333333,1.0,1.0,1.0,102,112,5838.3,0.18,0.0,0.0,0.0,0.0,0,0,0.0,0.0,0,0,0.0,0.0,0,0,0.0,5838.3,1,1,1.0,0
LGS2ORD0029119,C015583,2025-08-19 14:00:00,Male,18,Silver,TV,Nakhon Ratchasima,695,TV_Show,Credit_Card,14,8,1,0,<20,23.166666666666668,6.0,0.0,0.0,-1,73,7574.901666666666,0.05,0.5,0.0,0.0,0.0,0,0,0.0,0.0,0,0,0.0,8745.56,1,0,0.0,45449.409999999996,6,0,0.0,1
LGS2ORD0029120,C014853,2025-08-19 14:00:00,Male,60,Platinum,Shopee,Chiang Mai,1004,Web,COD,14,8,1,0,>50,33.46666666666667,6.0,0.0,0.0,-1,17,2981.935,0.35,0.3333333333333333,0.6666666666666666,0.0,0.0,0,0,0.0,9306.68,2,0,0.0,16636.57,5,0,0.0,17891.61,6,0,0.0,0
LGS2ORD0029121,C015612,2025-08-19 15:00:00,Female,36,Silver,Web,Khon Kaen,1551,Web,COD,15,8,1,0,30-40,51.7,6.0,1.0,0.16666666666666666,48,1,2366.213333333333,0.2,0.3333333333333333,0.0,0.0,1740.46,1,0,0.0,1740.46,1,0,0.0,2527.38,2,1,0.5,14197.279999999999,6,1,0.16666666666666666,0
LGS2ORD0029122,C014638,2025-08-19 15:00:00,Female,58,Bronze,TV,Bangkok,790,TV_Show,COD,15,8,1,0,>50,26.333333333333332,3.0,1.0,0.3333333333333333,181,107,9171.396666666666,0.13,0.6666666666666666,0.0,0.0,0.0,0,0,0.0,0.0,0,0,0.0,0.0,0,0,0.0,27514.19,3,1,0.3333333333333333,0
LGS2ORD0029123,C015925,2025-08-19 15:00:00,Male,37,Bronze,CallCenter,Khon Kaen,1612,Web,COD,15,8,1,0,30-40,53.733333333333334,1.0,0.0,0.0,-1,128,4418.71,0.03,1.0,0.0,0.0,0.0,0,0,0.0,0.0,0,0,0.0,0.0,0,0,0.0,4418.71,1,0,0.0,0
LGS2ORD0029124,C014439,2025-08-19 15:00:00,Male,29,Platinum,TV,Khon Kaen,1613,Shopee,COD,15,8,1,0,20-30,53.766666666666666,3.0,1.0,0.3333333333333333,33,13,3118.486666666667,0.35,0.6666666666666666,1.0,0.0,0.0,0,0,0.0,1001.44,1,0,0.0,1495.38,2,1,0.5,9355.460000000001,3,1,0.3333333333333333,0
LGS2ORD0029125,C010340,2025-08-19 15:00:00,Male,53,Platinum,Shopee,Khon Kaen,1421,TV_Show,PromptPay,15,8,1,0,>50,47.36666666666667,10.0,1.0,0.1,152,12,1943.2060000000001,0.25,0.8,0.3,0.0,0.0,0,0,0.0,4829.77,1,0,0.0,8833.94,3,0,0.0,19432.06,10,1,0.1,0
LGS2ORD0029126,C011989,2025-08-19 16:00:00,Male,32,Bronze,TV,Phuket,1276,TV_Show,COD,16,8,1,0,30-40,42.53333333333333,9.0,2.0,0.2222222222222222,43,29,7496.228888888889,0.28,0.4444444444444444,0.2222222222222222,0.0,0.0,0,0,0.0,21584.81,1,0,0.0,27477.02,3,1,0.3333333333333333,67466.06,9,2,0.2222222222222222,0
LGS2ORD0029127,C011816,2025-08-19 16:00:00,Female,43,Bronze,Lazada,Bangkok,1025,CallCenter,COD,16,8,1,0,40-50,34.166666666666664,4.0,2.0,0.5,14,17,7415.0625,0.18,0.75,0.0,0.0,0.0,0,0,0.0,25318.43,2,1,0.5,25318.43,2,1,0.5,29660.25,4,2,0.5,0
LGS2ORD0029128,C012123,2025-08-19 16:00:00,Female,22,Silver,TV,Khon Kaen,1281,CallCenter,Credit_Card,16,8,1,0,20-30,42.7,6.0,1.0,0.16666666666666666,216,97,6465.245,0.15,0.5,0.0,0.0,0.0,0,0,0.0,0.0,0,0,0.0,0.0,0,0,0.0,38791.47,6,1,0.16666666666666666,0
LGS2ORD0029129,C013471,2025-08-19 16:00:00,Female,36,Bronze,Lazada,Bangkok,449,Shopee,COD,16,8,1,0,30-40,14.966666666666667,2.0,1.0,0.5,158,143,1202.87,0.28,0.5,0.5,0.0,0.0,0,0,0.0,0.0,0,0,0.0,0.0,0,0,0.0,2405.74,2,1,0.5,0
LGS2ORD0029130,C015181,2025-08-19 16:00:00,Male,39,Bronze,Shopee,Remote_Area,675,Shopee,COD,16,8,1,0,30-40,22.5,6.0,2.0,0.3333333333333333,13,20,8758.255,0.28,0.5,0.16666666666666666,0.0,0.0,0,0,0.0,3213.53,2,2,1.0,8688.25,3,2,0.6666666666666666,52549.53,6,2,0.3333333333333333,0
LGS2ORD0029131,C010117,2025-08-19 17:00:00,Female,24,Bronze,Shopee,Bangkok,1578,Lazada,COD,17,8,1,0,20-30,52.6,3.0,1.0,0.3333333333333333,14,19,5699.056666666666,0.18,0.6666666666666666,0.0,0.0,0.0,0,0,0.0,9226.55,1,1,1.0,14728.529999999999,2,1,0.5,17097.17,3,1,0.3333333333333333,0
LGS2ORD0029132,C014352,2025-08-19 17:00:00,Female,40,Silver,Lazada,Nakhon Ratchasima,421,TV_Show,PromptPay,17,8,1,0,30-40,14.033333333333333,3.0,1.0,0.3333333333333333,132,94,4986.416666666667,0.2,0.3333333333333333,0.0,0.0,0.0,0,0,0.0,0.0,0,0,0.0,0.0,0,0,0.0,14959.25,3,1,0.3333333333333333,1
LGS2ORD0029133,C015424,2025-08-19 17:00:00,Male,37,Gold,Web,Khon Kaen,276,Lazada,Bank_Transfer,17,8,1,0,30-40,9.2,5.0,1.0,0.2,58,34,5090.412,0.2299999999999999,0.6,0.2,0.0,0.0,0,0,0.0,0.0,0,0,0.0,9437.14,3,1,0.3333333333333333,25452.06,5,1,0.2,0
LGS2ORD0029134,C016498,2025-08-19 17:00:00,Male,33,Gold,CallCenter,Bangkok,1668,CallCenter,Bank_Transfer,17,8,1,0,30-40,55.6,4.0,0.0,0.0,-1,160,10204.135,0.33,0.25,0.5,0.0,0.0,0,0,0.0,0.0,0,0,0.0,0.0,0,0,0.0,40816.54,4,0,0.0,0
LGS2ORD0029135,C017658,2025-08-19 17:00:00,Female,45,Bronze,Web,Chiang Mai,369,Shopee,COD,17,8,1,0,40-50,12.3,3.0,0.0,0.0,-1,16,7785.5199999999995,0.18,0.6666666666666666,0.0,0.0,0.0,0,0,0.0,4884.26,1,0,0.0,10736.45,2,0,0.0,23356.559999999998,3,0,0.0,1
LGS2ORD0029136,C014857,2025-08-19 18:00:00,Female,69,Bronze,TV,Nakhon Ratchasima,1223,Lazada,PromptPay,18,8,1,0,>50,40.766666666666666,6.0,1.0,0.16666666666666666,197,14,3440.8016666666667,0.28,0.3333333333333333,0.16666666666666666,0.0,0.0,0,0,0.0,9983.64,2,0,0.0,13270.099999999999,3,0,0.0,20644.81,6,1,0.16666666666666666,0
LGS2ORD0029137,C015261,2025-08-19 18:00:00,Male,54,Silver,CallCenter,Chiang Mai,1577,Shopee,PromptPay,18,8,1,0,>50,52.56666666666667,3.0,0.0,0.0,-1,31,7327.363333333334,0.15,0.3333333333333333,0.0,0.0,0.0,0,0,0.0,0.0,0,0,0.0,12144.960000000001,2,0,0.0,21982.09,3,0,0.0,1
LGS2ORD0029138,C014565,2025-08-19 18:00:00,Male,38,Platinum,TV,Chonburi,1601,TV_Show,Credit_Card,18,8,1,0,30-40,53.36666666666667,2.0,0.0,0.0,-1,48,6069.0,0.3,0.0,1.0,0.0,0.0,0,0,0.0,0.0,0,0,0.0,12138.0,2,0,0.0,12138.0,2,0,0.0,1
LGS2ORD0029139,C017165,2025-08-19 18:00:00,Male,46,Silver,Shopee,Bangkok,885,Lazada,COD,18,8,1,0,40-50,29.5,0.0,0.0,0.0,-1,-1,0.0,0.0,0.0,0.0,0.0,0.0,0,0,0.0,0.0,0,0,0.0,0.0,0,0,0.0,0.0,0,0,0.0,0
LGS2ORD0029140,C012828,2025-08-19 18:00:00,Female,66,Gold,Lazada,Chiang Mai,1574,Shopee,Credit_Card,18,8,1,0,>50,52.46666666666667,3.0,0.0,0.0,-1,1,5375.546666666666,0.2299999999999999,0.0,0.3333333333333333,0.0,4000.36,1,0,0.0,4000.36,1,0,0.0,8390.59,2,0,0.0,16126.64,3,0,0.0,0
LGS2ORD0029141,C014387,2025-08-19 18:00:00,Male,63,Bronze,Web,Bangkok,663,TV_Show,COD,18,8,1,0,>50,22.1,1.0,0.0,0.0,-1,228,32550.06,0.03,1.0,0.0,0.0,0.0,0,0,0.0,0.0,0,0,0.0,0.0,0,0,0.0,32550.06,1,0,0.0,1
LGS2ORD0029142,C012193,2025-08-19 19:00:00,Female,39,Gold,Shopee,Khon Kaen,983,Web,Credit_Card,19,8,1,0,30-40,32.766666666666666,2.0,0.0,0.0,-1,22,8134.135,0.2299999999999999,0.0,0.5,0.0,0.0,0,0,0.0,2265.92,1,0,0.0,16268.27,2,0,0.0,16268.27,2,0,0.0,0
LGS2ORD0029143,C016510,2025-08-19 19:00:00,Male,59,Gold,Shopee,Nakhon Ratchasima,1520,TV_Show,Credit_Card,19,8,1,0,>50,50.666666666666664,3.0,0.0,0.0,-1,47,4066.3199999999997,0.28,0.3333333333333333,0.6666666666666666,0.0,0.0,0,0,0.0,0.0,0,0,0.0,5056.78,2,0,0.0,12198.96,3,0,0.0,0
LGS2ORD0029144,C016307,2025-08-19 19:00:00,Male,40,Silver,Shopee,Nakhon Ratchasima,1626,Web,Credit_Card,19,8,1,0,30-40,54.2,7.0,0.0,0.0,-1,22,4168.185714285714,0.2,0.42857142857142855,0.0,0.0,0.0,0,0,0.0,3307.33,1,0,0.0,3307.33,1,0,0.0,29177.300000000003,7,0,0.0,0
LGS2ORD0029145,C014717,2025-08-19 19:00:00,Female,56,Bronze,Lazada,Khon Kaen,1536,Lazada,Bank_Transfer,19,8,1,0,>50,51.2,3.0,0.0,0.0,-1,10,2280.1,0.28,0.0,0.3333333333333333,0.0,0.0,0,0,0.0,4222.96,1,0,0.0,4222.96,1,0,0.0,6840.3,3,0,0.0,0
LGS2ORD0029146,C011671,2025-08-19 19:00:00,Female,51,Bronze,TV,Remote_Area,901,Web,Credit_Card,19,8,1,0,>50,30.033333333333335,5.0,2.0,0.4,75,83,6012.286,0.28,0.6,0.4,0.0,0.0,0,0,0.0,0.0,0,0,0.0,1803.13,1,1,1.0,30061.43,5,2,0.4,0
LGS2ORD0029147,C016407,2025-08-19 20:00:00,Male,18,Gold,CallCenter,Bangkok,739,Web,PromptPay,20,8,1,0,<20,24.633333333333333,6.0,2.0,0.3333333333333333,62,58,6729.871666666667,0.28,0.6666666666666666,0.6666666666666666,0.0,0.0,0,0,0.0,0.0,0,0,0.0,31509.42,3,2,0.6666666666666666,40379.23,6,2,0.3333333333333333,0
LGS2ORD0029148,C015714,2025-08-19 20:00:00,Male,35,Platinum,Web,Khon Kaen,1090,Web,COD,20,8,1,0,30-40,36.333333333333336,3.0,1.0,0.3333333333333333,161,114,7717.983333333333,0.3,0.6666666666666666,0.6666666666666666,0.0,0.0,0,0,0.0,0.0,0,0,0.0,0.0,0,0,0.0,23153.949999999997,3,1,0.3333333333333333,0
LGS2ORD0029149,C014950,2025-08-19 20:00:00,Male,55,Gold,TV,Khon Kaen,1329,Web,Bank_Transfer,20,8,1,0,>50,44.3,6.0,1.0,0.16666666666666666,37,46,2938.3716666666664,0.33,0.6666666666666666,0.5,0.0,0.0,0,0,0.0,0.0,0,0,0.0,7826.299999999999,2,1,0.5,17630.23,6,1,0.16666666666666666,1
LGS2ORD0029150,C011175,2025-08-19 20:00:00,Male,41,Bronze,Web,Khon Kaen,1497,Shopee,COD,20,8,1,0,40-50,49.9,0.0,0.0,0.0,-1,-1,0.0,0.0,0.0,0.0,0.0,0.0,0,0,0.0,0.0,0,0,0.0,0.0,0,0,0.0,0.0,0,0,0.0,0
LGS2ORD0029151,C011623,2025-08-19 20:00:00,Male,48,Gold,Shopee,Songkhla,1177,TV_Show,Credit_Card,20,8,1,0,40-50,39.233333333333334,4.0,0.0,0.0,-1,24,1859.1125,0.33,0.25,0.5,0.0,0.0,0,0,0.0,3094.88,2,0,0.0,5899.150000000001,3,0,0.0,7436.45,4,0,0.0,1
LGS2ORD0029152,C014102,2025-08-19 21:00:00,Male,59,Platinum,Web,Bangkok,1498,Web,PromptPay,21,8,1,0,>50,49.93333333333333,1.0,0.0,0.0,-1,162,4623.97,0.35,1.0,1.0,0.0,0.0,0,0,0.0,0.0,0,0,0.0,0.0,0,0,0.0,4623.97,1,0,0.0,0
LGS2ORD0029153,C013819,2025-08-19 21:00:00,Male,41,Silver,Web,Khon Kaen,1071,TV_Show,Credit_Card,21,8,1,0,40-50,35.7,1.0,0.0,0.0,-1,103,1395.98,0.15,1.0,0.0,0.0,0.0,0,0,0.0,0.0,0,0,0.0,0.0,0,0,0.0,1395.98,1,0,0.0,0
LGS2ORD0029154,C014449,2025-08-19 21:00:00,Male,32,Silver,TV,Khon Kaen,714,Lazada,COD,21,8,1,0,30-40,23.8,7.0,2.0,0.2857142857142857,43,2,11752.441428571428,0.3,0.7142857142857143,0.2857142857142857,0.0,6263.41,1,0,0.0,6263.41,1,0,0.0,67078.40000000001,3,2,0.6666666666666666,82267.09,7,2,0.2857142857142857,0
LGS2ORD0029155,C016205,2025-08-19 21:00:00,Other,55,Bronze,Shopee,Bangkok,1393,Lazada,PromptPay,21,8,1,0,>50,46.43333333333333,4.0,1.0,0.25,51,58,13714.7875,0.23,0.75,0.25,0.0,0.0,0,0,0.0,0.0,0,0,0.0,17273.600000000002,2,1,0.5,54859.15,4,1,0.25,0
LGS2ORD0029156,C015134,2025-08-19 21:00:00,Female,37,Bronze,CallCenter,Khon Kaen,574,TV_Show,COD,21,8,1,0,30-40,19.133333333333333,2.0,0.0,0.0,-1,107,5040.87,0.18,0.5,0.0,0.0,0.0,0,0,0.0,0.0,0,0,0.0,0.0,0,0,0.0,10081.74,2,0,0.0,1
LGS2ORD0029157,C017231,2025-08-19 22:00:00,Female,44,Gold,Shopee,Bangkok,1566,CallCenter,Credit_Card,22,8,1,0,40-50,52.2,2.0,0.0,0.0,-1,124,2631.63,0.2299999999999999,0.5,0.5,0.0,0.0,0,0,0.0,0.0,0,0,0.0,0.0,0,0,0.0,5263.26,2,0,0.0,0
LGS2ORD0029158,C017751,2025-08-19 22:00:00,Female,50,Platinum,Lazada,Phuket,1122,Web,COD,22,8,1,0,40-50,37.4,0.0,0.0,0.0,-1,-1,0.0,0.0,0.0,0.0,0.0,0.0,0,0,0.0,0.0,0,0,0.0,0.0,0,0,0.0,0.0,0,0,0.0,1
LGS2ORD0029159,C013374,2025-08-19 22:00:00,Male,52,Bronze,Shopee,Nakhon Ratchasima,1363,Shopee,Credit_Card,22,8,1,0,>50,45.43333333333333,3.0,1.0,0.3333333333333333,104,56,4395.756666666667,0.23,1.0,0.3333333333333333,0.0,0.0,0,0,0.0,0.0,0,0,0.0,5269.87,1,0,0.0,13187.27,3,1,0.3333333333333333,1
LGS2ORD0029160,C013740,2025-08-19 22:00:00,Male,42,Bronze,Shopee,Bangkok,1125,Lazada,Bank_Transfer,22,8,1,0,40-50,37.5,6.0,0.0,0.0,-1,66,6360.448333333334,0.23,0.3333333333333333,0.16666666666666666,0.0,0.0,0,0,0.0,0.0,0,0,0.0,19923.15,3,0,0.0,38162.69,6,0,0.0,0
LGS2ORD0029161,C014335,2025-08-19 22:00:00,Male,43,Bronze,Shopee,Remote_Area,1453,Shopee,COD,22,8,1,0,40-50,48.43333333333333,6.0,2.0,0.3333333333333333,-2,3,5607.493333333333,0.23,0.8333333333333334,0.16666666666666666,0.0,1432.23,1,1,1.0,1432.23,1,1,1.0,27307.8,2,1,0.5,33644.96,6,2,0.3333333333333333,0
LGS2ORD0029162,C014684,2025-08-19 22:00:00,Female,43,Silver,Lazada,Bangkok,949,Web,PromptPay,22,8,1,0,40-50,31.633333333333333,2.0,0.0,0.0,-1,78,10715.16,0.05,0.0,0.0,0.0,0.0,0,0,0.0,0.0,0,0,0.0,9916.7,1,0,0.0,21430.32,2,0,0.0,0
LGS2ORD0029163,C012177,2025-08-19 23:00:00,Female,34,Bronze,Web,Nakhon Ratchasima,1267,TV_Show,Credit_Card,23,8,1,0,30-40,42.233333333333334,7.0,3.0,0.42857142857142855,33,13,1623.7571428571428,0.23,0.8571428571428571,0.2857142857142857,0.14285714285714285,0.0,0,0,0.0,780.98,1,0,0.0,7674.48,4,1,0.25,11366.3,7,3,0.42857142857142855,0
LGS2ORD0029164,C015168,2025-08-19 23:00:00,Male,38,Bronze,TV,Bangkok,1019,TV_Show,Credit_Card,23,8,1,0,30-40,33.96666666666667,1.0,1.0,1.0,107,121,27215.2,0.18,1.0,0.0,0.0,0.0,0,0,0.0,0.0,0,0,0.0,0.0,0,0,0.0,27215.2,1,1,1.0,0
LGS2ORD0029165,C011988,2025-08-19 23:00:00,Male,52,Gold,Lazada,Chonburi,695,Shopee,PromptPay,23,8,1,0,>50,23.166666666666668,1.0,0.0,0.0,-1,23,5770.33,0.33,0.0,1.0,0.0,0.0,0,0,0.0,5770.33,1,0,0.0,5770.33,1,0,0.0,5770.33,1,0,0.0,0
LGS2ORD0029166,C012725,2025-08-19 23:00:00,Male,60,Bronze,CallCenter,Songkhla,1454,TV_Show,COD,23,8,1,0,>50,48.46666666666667,5.0,2.0,0.4,156,37,4173.710000000001,0.23,0.6,0.2,0.0,0.0,0,0,0.0,0.0,0,0,0.0,9381.68,2,0,0.0,20868.550000000003,5,2,0.4,1
LGS2ORD0029167,C014171,2025-08-19 23:00:00,Male,52,Bronze,TV,Remote_Area,743,Lazada,PromptPay,23,8,1,0,>50,24.766666666666666,2.0,2.0,1.0,-11,2,3402.085,0.28,1.0,1.0,0.0,4505.32,1,1,1.0,4505.32,1,1,1.0,4505.32,1,1,1.0,6804.17,2,2,1.0,0
LGS2ORD0029168,C017105,2025-08-20 00:00:00,Female,35,Gold,Web,Khon Kaen,1352,TV_Show,Credit_Card,0,8,2,0,30-40,45.06666666666667,3.0,0.0,0.0,-1,14,4541.723333333333,0.2299999999999999,0.3333333333333333,0.3333333333333333,0.0,0.0,0,0,0.0,9211.47,1,0,0.0,10767.099999999999,2,0,0.0,13625.17,3,0,0.0,0
LGS2ORD0029169,C012372,2025-08-20 00:00:00,Female,40,Platinum,TV,Chiang Mai,266,Shopee,COD,0,8,2,0,30-40,8.866666666666667,6.0,3.0,0.5,63,8,6667.590000000001,0.35,0.5,0.8333333333333334,0.0,0.0,0,0,0.0,6868.27,2,0,0.0,10135.02,3,1,0.3333333333333333,40005.54000000001,6,3,0.5,0
LGS2ORD0029170,C014895,2025-08-20 00:00:00,Male,58,Bronze,Web,Songkhla,340,Shopee,Bank_Transfer,0,8,2,0,>50,11.333333333333334,1.0,1.0,1.0,16,23,2562.91,0.28,1.0,1.0,0.0,0.0,0,0,0.0,2562.91,1,1,1.0,2562.91,1,1,1.0,2562.91,1,1,1.0,0
LGS2ORD0029171,C011342,2025-08-20 00:00:00,Female,34,Platinum,Lazada,Nakhon Ratchasima,1240,Shopee,Bank_Transfer,0,8,2,0,30-40,41.333333333333336,5.0,3.0,0.6,49,44,1761.306,0.35,0.8,0.6,0.0,0.0,0,0,0.0,0.0,0,0,0.0,6107.240000000001,3,1,0.3333333333333333,8806.53,5,3,0.6,0
LGS2ORD0029172,C016889,2025-08-20 00:00:00,Male,47,Bronze,Shopee,Chonburi,804,TV_Show,PromptPay,0,8,2,0,40-50,26.8,6.0,0.0,0.0,-1,84,2188.565,0.18,0.3333333333333333,0.0,0.0,0.0,0,0,0.0,0.0,0,0,0.0,1273.03,1,0,0.0,13131.39,6,0,0.0,0
LGS2ORD0029173,C015989,2025-08-20 01:00:00,Female,42,Bronze,Shopee,Chonburi,767,Shopee,COD,1,8,2,0,40-50,25.566666666666666,5.0,2.0,0.4,-5,1,1643.628,0.28,0.4,0.4,0.0,1613.42,1,1,1.0,1613.42,1,1,1.0,4978.85,3,2,0.6666666666666666,8218.14,5,2,0.4,0
LGS2ORD0029174,C016191,2025-08-20 01:00:00,Male,25,Silver,Web,Chonburi,413,CallCenter,Bank_Transfer,1,8,2,0,20-30,13.766666666666667,1.0,0.0,0.0,-1,198,11888.69,0.05,1.0,0.0,0.0,0.0,0,0,0.0,0.0,0,0,0.0,0.0,0,0,0.0,11888.69,1,0,0.0,0
LGS2ORD0029175,C016058,2025-08-20 01:00:00,Female,34,Bronze,Shopee,Chonburi,439,CallCenter,PromptPay,1,8,2,0,30-40,14.633333333333333,0.0,0.0,0.0,-1,-1,0.0,0.0,0.0,0.0,0.0,0.0,0,0,0.0,0.0,0,0,0.0,0.0,0,0,0.0,0.0,0,0,0.0,1
LGS2ORD0029176,C014878,2025-08-20 01:00:00,Male,29,Silver,Lazada,Songkhla,250,CallCenter,COD,1,8,2,0,20-30,8.333333333333334,3.0,2.0,0.6666666666666666,57,40,3245.08,0.25,0.3333333333333333,0.3333333333333333,0.0,0.0,0,0,0.0,0.0,0,0,0.0,2842.94,2,1,0.5,9735.24,3,2,0.6666666666666666,0
LGS2ORD0029177,C013202,2025-08-20 01:00:00,Male,30,Bronze,Web,Khon Kaen,1110,TV_Show,COD,1,8,2,0,20-30,37.0,3.0,1.0,0.3333333333333333,172,10,8559.066666666668,0.03,0.6666666666666666,0.0,0.0,0.0,0,0,0.0,2705.23,1,0,0.0,2705.23,1,0,0.0,25677.2,3,1,0.3333333333333333,0
LGS2ORD0029178,C017045,2025-08-20 01:00:00,Female,18,Bronze,TV,Remote_Area,1292,Shopee,Bank_Transfer,1,8,2,0,<20,43.06666666666667,3.0,1.0,0.3333333333333333,6,14,15382.333333333334,0.28,0.3333333333333333,0.3333333333333333,0.0,0.0,0,0,0.0,39043.57,1,1,1.0,42491.31,2,1,0.5,46147.0,3,1,0.3333333333333333,0
LGS2ORD0029179,C013431,2025-08-20 02:00:00,Female,39,Bronze,Lazada,Remote_Area,1444,Web,PromptPay,2,8,2,0,30-40,48.13333333333333,4.0,4.0,1.0,105,113,2349.375,0.18,0.5,0.0,0.0,0.0,0,0,0.0,0.0,0,0,0.0,0.0,0,0,0.0,9397.5,4,4,1.0,0
LGS2ORD0029180,C012529,2025-08-20 02:00:00,Female,51,Silver,TV,Remote_Area,1628,Lazada,COD,2,8,2,0,>50,54.266666666666666,7.0,4.0,0.5714285714285714,9,13,5150.2699999999995,0.3,0.5714285714285714,0.42857142857142855,0.0,0.0,0,0,0.0,1697.79,1,1,1.0,28864.75,4,3,0.75,36051.89,7,4,0.5714285714285714,1
LGS2ORD0029181,C010205,2025-08-20 02:00:00,Male,42,Silver,Shopee,Khon Kaen,373,CallCenter,COD,2,8,2,0,40-50,12.433333333333334,1.0,0.0,0.0,-1,117,951.45,0.3,1.0,1.0,0.0,0.0,0,0,0.0,0.0,0,0,0.0,0.0,0,0,0.0,951.45,1,0,0.0,0
LGS2ORD0029182,C014043,2025-08-20 02:00:00,Female,40,Silver,Shopee,Chonburi,1674,Shopee,Credit_Card,2,8,2,0,30-40,55.8,4.0,2.0,0.5,90,71,6624.015,0.3,0.5,0.75,0.0,0.0,0,0,0.0,0.0,0,0,0.0,8261.79,1,0,0.0,26496.06,4,2,0.5,1
LGS2ORD0029183,C017236,2025-08-20 02:00:00,Male,51,Bronze,CallCenter,Chonburi,361,TV_Show,COD,2,8,2,0,>50,12.033333333333333,3.0,1.0,0.3333333333333333,187,17,4673.013333333333,0.28,1.0,1.0,0.0,0.0,0,0,0.0,9015.59,1,0,0.0,10415.43,2,0,0.0,14019.04,3,1,0.3333333333333333,0
LGS2ORD0029184,C011785,2025-08-20 03:00:00,Male,23,Silver,Shopee,Songkhla,1645,Web,Credit_Card,3,8,2,0,20-30,54.833333333333336,5.0,3.0,0.6,37,50,4490.896,0.25,0.4,0.2,0.0,0.0,0,0,0.0,0.0,0,0,0.0,13094.16,2,2,1.0,22454.48,5,3,0.6,0
LGS2ORD0029185,C014872,2025-08-20 03:00:00,Male,46,Bronze,CallCenter,Nakhon Ratchasima,582,Web,Credit_Card,3,8,2,0,40-50,19.4,7.0,2.0,0.2857142857142857,106,30,6772.2242857142855,0.23,0.2857142857142857,0.2857142857142857,0.0,0.0,0,0,0.0,0.0,0,0,0.0,5000.89,1,0,0.0,47405.57,7,2,0.2857142857142857,0
LGS2ORD0029186,C010695,2025-08-20 03:00:00,Male,55,Bronze,Web,Songkhla,265,Lazada,Bank_Transfer,3,8,2,0,>50,8.833333333333334,8.0,3.0,0.375,35,13,4526.125,0.28,0.5,0.125,0.0,0.0,0,0,0.0,14289.490000000002,2,0,0.0,15177.060000000001,3,1,0.3333333333333333,36209.0,8,3,0.375,0
LGS2ORD0029187,C010052,2025-08-20 03:00:00,Male,23,Bronze,CallCenter,Nakhon Ratchasima,678,Shopee,PromptPay,3,8,2,0,20-30,22.6,2.0,1.0,0.5,216,161,3033.625,0.23,1.0,0.5,0.0,0.0,0,0,0.0,0.0,0,0,0.0,0.0,0,0,0.0,6067.25,2,1,0.5,0
LGS2ORD0029188,C010632,2025-08-20 03:00:00,Female,66,Bronze,TV,Remote_Area,1137,TV_Show,COD,3,8,2,0,>50,37.9,3.0,0.0,0.0,-1,162,4454.076666666667,0.28,0.3333333333333333,0.3333333333333333,0.0,0.0,0,0,0.0,0.0,0,0,0.0,0.0,0,0,0.0,13362.23,3,0,0.0,0
LGS2ORD0029189,C015979,2025-08-20 04:00:00,Male,49,Silver,Lazada,Phuket,1512,Lazada,Credit_Card,4,8,2,0,40-50,50.4,5.0,1.0,0.2,43,49,6924.976000000001,0.3,0.6,0.4,0.0,0.0,0,0,0.0,0.0,0,0,0.0,31136.97,3,1,0.3333333333333333,34624.880000000005,5,1,0.2,0
LGS2ORD0029190,C017134,2025-08-20 04:00:00,Female,51,Silver,TV,Khon Kaen,1667,Shopee,Bank_Transfer,4,8,2,0,>50,55.56666666666667,7.0,1.0,0.14285714285714285,14,21,4060.191428571429,0.25,0.7142857142857143,0.14285714285714285,0.0,0.0,0,0,0.0,4850.34,1,1,1.0,7931.83,2,1,0.5,28421.34,7,1,0.14285714285714285,0
LGS2ORD0029191,C017151,2025-08-20 04:00:00,Female,29,Bronze,TV,Songkhla,1564,Shopee,Credit_Card,4,8,2,0,20-30,52.13333333333333,6.0,1.0,0.16666666666666666,135,1,12486.403333333334,0.28,0.5,0.16666666666666666,0.0,15699.3,1,0,0.0,20424.199999999997,2,0,0.0,20424.199999999997,2,0,0.0,74918.42,6,1,0.16666666666666666,1
LGS2ORD0029192,C016782,2025-08-20 04:00:00,Female,28,Silver,Web,Nakhon Ratchasima,435,Web,Credit_Card,4,8,2,0,20-30,14.5,2.0,2.0,1.0,76,79,772.865,0.3,1.0,0.5,0.0,0.0,0,0,0.0,0.0,0,0,0.0,1545.73,2,2,1.0,1545.73,2,2,1.0,0
LGS2ORD0029193,C010427,2025-08-20 04:00:00,Female,45,Bronze,Web,Chiang Mai,623,Shopee,Credit_Card,4,8,2,0,40-50,20.766666666666666,1.0,0.0,0.0,-1,184,9144.59,0.28,0.0,1.0,0.0,0.0,0,0,0.0,0.0,0,0,0.0,0.0,0,0,0.0,9144.59,1,0,0.0,0
LGS2ORD0029194,C017832,2025-08-20 05:00:00,Male,65,Bronze,CallCenter,Chiang Mai,1621,CallCenter,Credit_Card,5,8,2,0,>50,54.03333333333333,4.0,3.0,0.75,-8,4,3511.4449999999997,0.23,0.75,0.5,0.0,3785.75,1,1,1.0,11606.73,2,2,1.0,11606.73,2,2,1.0,14045.779999999999,4,3,0.75,0
LGS2ORD0029195,C010269,2025-08-20 05:00:00,Female,58,Silver,Lazada,Bangkok,1379,TV_Show,COD,5,8,2,0,>50,45.96666666666667,0.0,0.0,0.0,-1,-1,0.0,0.0,0.0,0.0,0.0,0.0,0,0,0.0,0.0,0,0,0.0,0.0,0,0,0.0,0.0,0,0,0.0,0
LGS2ORD0029196,C016955,2025-08-20 05:00:00,Female,43,Bronze,TV,Chiang Mai,526,TV_Show,PromptPay,5,8,2,0,40-50,17.533333333333335,3.0,0.0,0.0,-1,3,7046.926666666666,0.18,0.6666666666666666,0.0,0.0,8739.11,1,0,0.0,8739.11,1,0,0.0,8739.11,1,0,0.0,21140.78,3,0,0.0,0
LGS2ORD0029197,C016743,2025-08-20 05:00:00,Male,34,Silver,Web,Chiang Mai,499,Shopee,COD,5,8,2,0,30-40,16.633333333333333,5.0,3.0,0.6,167,103,4637.37,0.3,0.6,0.4,0.0,0.0,0,0,0.0,0.0,0,0,0.0,0.0,0,0,0.0,23186.85,5,3,0.6,0
LGS2ORD0029198,C011580,2025-08-20 05:00:00,Male,36,Gold,Shopee,Nakhon Ratchasima,634,TV_Show,PromptPay,5,8,2,0,30-40,21.133333333333333,1.0,0.0,0.0,-1,165,2744.42,0.28,0.0,1.0,0.0,0.0,0,0,0.0,0.0,0,0,0.0,0.0,0,0,0.0,2744.42,1,0,0.0,0
LGS2ORD0029199,C010664,2025-08-20 05:00:00,Female,47,Gold,TV,Bangkok,850,TV_Show,COD,5,8,2,0,40-50,28.333333333333332,0.0,0.0,0.0,-1,-1,0.0,0.0,0.0,0.0,0.0,0.0,0,0,0.0,0.0,0,0,0.0,0.0,0,0,0.0,0.0,0,0,0.0,0
LGS2ORD0029200,C017984,2025-08-20 06:00:00,Female,61,Bronze,Lazada,Khon Kaen,1527,Web,PromptPay,6,8,2,0,>50,50.9,5.0,2.0,0.4,0,12,8759.251999999999,0.23,0.8,0.2,0.0,0.0,0,0,0.0,13320.87,1,1,1.0,13320.87,1,1,1.0,43796.259999999995,5,2,0.4,1
LGS2ORD0029201,C016185,2025-08-20 06:00:00,Male,24,Gold,Lazada,Chonburi,703,Web,COD,6,8,2,0,20-30,23.433333333333334,2.0,1.0,0.5,104,106,1922.6599999999999,0.18,0.0,0.0,0.0,0.0,0,0,0.0,0.0,0,0,0.0,0.0,0,0,0.0,3845.3199999999997,2,1,0.5,1
LGS2ORD0029202,C010905,2025-08-20 06:00:00,Female,52,Gold,TV,Chonburi,813,TV_Show,Credit_Card,6,8,2,0,>50,27.1,2.0,1.0,0.5,90,97,12169.735,0.08,0.5,0.0,0.0,0.0,0,0,0.0,0.0,0,0,0.0,0.0,0,0,0.0,24339.47,2,1,0.5,0
LGS2ORD0029203,C016845,2025-08-20 06:00:00,Female,44,Bronze,TV,Nakhon Ratchasima,1061,Shopee,PromptPay,6,8,2,0,40-50,35.36666666666667,5.0,1.0,0.2,215,80,4901.888000000001,0.23,0.8,0.2,0.0,0.0,0,0,0.0,0.0,0,0,0.0,1689.13,1,0,0.0,24509.440000000002,5,1,0.2,0
LGS2ORD0029204,C013027,2025-08-20 06:00:00,Male,55,Platinum,TV,Nakhon Ratchasima,878,Shopee,PromptPay,6,8,2,0,>50,29.266666666666666,2.0,0.0,0.0,-1,66,5372.715,0.25,0.0,0.5,0.0,0.0,0,0,0.0,0.0,0,0,0.0,7706.02,1,0,0.0,10745.43,2,0,0.0,0
LGS2ORD0029205,C012606,2025-08-20 07:00:00,Male,43,Bronze,TV,Bangkok,894,Lazada,COD,7,8,2,0,40-50,29.8,4.0,1.0,0.25,73,27,4868.8675,0.28,0.25,0.25,0.0,0.0,0,0,0.0,9498.25,1,0,0.0,17269.440000000002,3,1,0.3333333333333333,19475.47,4,1,0.25,0
LGS2ORD0029206,C015849,2025-08-20 07:00:00,Female,43,Bronze,CallCenter,Khon Kaen,825,Shopee,COD,7,8,2,0,40-50,27.5,3.0,1.0,0.3333333333333333,145,37,7563.056666666667,0.23,0.3333333333333333,0.6666666666666666,0.0,0.0,0,0,0.0,0.0,0,0,0.0,6814.61,1,0,0.0,22689.170000000002,3,1,0.3333333333333333,0
LGS2ORD0029207,C017024,2025-08-20 07:00:00,Female,29,Bronze,TV,Nakhon Ratchasima,525,Lazada,Credit_Card,7,8,2,0,20-30,17.5,6.0,0.0,0.0,-1,49,9418.166666666666,0.23,0.3333333333333333,0.16666666666666666,0.0,0.0,0,0,0.0,0.0,0,0,0.0,24638.199999999997,2,0,0.0,56509.0,6,0,0.0,0
LGS2ORD0029208,C011616,2025-08-20 07:00:00,Male,57,Silver,Shopee,Remote_Area,568,Shopee,COD,7,8,2,0,>50,18.933333333333334,2.0,0.0,0.0,-1,51,1836.62,0.2,1.0,0.0,0.0,0.0,0,0,0.0,0.0,0,0,0.0,1251.82,1,0,0.0,3673.24,2,0,0.0,0
LGS2ORD0029209,C013273,2025-08-20 07:00:00,Female,27,Gold,Web,Songkhla,420,TV_Show,Bank_Transfer,7,8,2,0,20-30,14.0,3.0,1.0,0.3333333333333333,59,38,4810.849999999999,0.33,1.0,0.3333333333333333,0.0,0.0,0,0,0.0,0.0,0,0,0.0,14432.55,3,1,0.3333333333333333,14432.55,3,1,0.3333333333333333,1
LGS2ORD0029210,C015283,2025-08-20 08:00:00,Female,29,Bronze,Lazada,Chonburi,1292,Web,Credit_Card,8,8,2,0,20-30,43.06666666666667,0.0,0.0,0.0,-1,-1,0.0,0.0,0.0,0.0,0.0,0.0,0,0,0.0,0.0,0,0,0.0,0.0,0,0,0.0,0.0,0,0,0.0,0
LGS2ORD0029211,C011561,2025-08-20 08:00:00,Female,47,Bronze,Web,Songkhla,1156,TV_Show,PromptPay,8,8,2,0,40-50,38.53333333333333,5.0,2.0,0.4,94,14,4491.946,0.28,1.0,0.2,0.0,0.0,0,0,0.0,2458.2799999999997,2,0,0.0,2886.5699999999997,3,0,0.0,22459.73,5,2,0.4,1
LGS2ORD0029212,C017050,2025-08-20 08:00:00,Male,36,Platinum,TV,Nakhon Ratchasima,937,Shopee,PromptPay,8,8,2,0,30-40,31.233333333333334,4.0,0.0,0.0,-1,8,2958.715,0.3,0.75,0.75,0.0,0.0,0,0,0.0,1485.7,1,0,0.0,3166.06,2,0,0.0,11834.86,4,0,0.0,0
LGS2ORD0029213,C012278,2025-08-20 08:00:00,Male,31,Bronze,Shopee,Remote_Area,1256,Web,Credit_Card,8,8,2,0,30-40,41.86666666666667,3.0,2.0,0.6666666666666666,60,73,4661.466666666667,0.23,0.3333333333333333,0.3333333333333333,0.0,0.0,0,0,0.0,0.0,0,0,0.0,5110.54,2,2,1.0,13984.400000000001,3,2,0.6666666666666666,1
LGS2ORD0029214,C010596,2025-08-20 08:00:00,Female,42,Bronze,Shopee,Bangkok,1304,TV_Show,COD,8,8,2,0,40-50,43.46666666666667,4.0,1.0,0.25,160,70,3566.6675,0.23,0.25,0.25,0.0,0.0,0,0,0.0,0.0,0,0,0.0,8712.16,2,0,0.0,14266.67,4,1,0.25,0
LGS2ORD0029215,C013215,2025-08-20 09:00:00,Female,18,Silver,Shopee,Chonburi,1232,Lazada,Bank_Transfer,9,8,2,0,<20,41.06666666666667,5.0,0.0,0.0,-1,20,6683.660000000001,0.15,0.4,0.0,0.0,0.0,0,0,0.0,18248.9,1,0,0.0,23522.030000000002,2,0,0.0,33418.3,5,0,0.0,0
LGS2ORD0029216,C014675,2025-08-20 09:00:00,Male,32,Silver,TV,Phuket,1130,TV_Show,Credit_Card,9,8,2,0,30-40,37.666666666666664,6.0,2.0,0.3333333333333333,-2,9,2716.6083333333336,0.3,0.5,0.6666666666666666,0.0,0.0,0,0,0.0,3277.71,1,1,1.0,15308.619999999999,5,2,0.4,16299.650000000001,6,2,0.3333333333333333,0
LGS2ORD0029217,C012451,2025-08-20 09:00:00,Male,27,Platinum,TV,Chonburi,1195,Shopee,PromptPay,9,8,2,0,20-30,39.833333333333336,4.0,0.0,0.0,-1,5,4835.0225,0.25,0.5,0.25,0.0,545.41,1,0,0.0,545.41,1,0,0.0,4684.49,2,0,0.0,19340.09,4,0,0.0,1
LGS2ORD0029218,C016445,2025-08-20 09:00:00,Male,50,Bronze,TV,Remote_Area,740,CallCenter,COD,9,8,2,0,40-50,24.666666666666668,7.0,2.0,0.2857142857142857,166,91,9092.630000000001,0.28,0.7142857142857143,0.5714285714285714,0.0,0.0,0,0,0.0,0.0,0,0,0.0,0.0,0,0,0.0,63648.41,7,2,0.2857142857142857,0
LGS2ORD0029219,C015071,2025-08-20 09:00:00,Female,59,Bronze,Shopee,Chonburi,1580,Web,COD,9,8,2,0,>50,52.666666666666664,5.0,1.0,0.2,110,12,1773.8219999999997,0.23,0.6,0.4,0.0,0.0,0,0,0.0,1801.76,1,0,0.0,1801.76,1,0,0.0,8869.109999999999,5,1,0.2,1
LGS2ORD0029220,C015580,2025-08-20 09:00:00,Female,60,Bronze,Lazada,Phuket,1551,Shopee,COD,9,8,2,0,>50,51.7,4.0,2.0,0.5,34,42,10985.570000000002,0.28,0.75,0.25,0.0,0.0,0,0,0.0,0.0,0,0,0.0,1151.75,1,1,1.0,43942.280000000006,4,2,0.5,0
LGS2ORD0029221,C013719,2025-08-20 10:00:00,Male,54,Gold,CallCenter,Chiang Mai,739,Web,PromptPay,10,8,2,0,>50,24.633333333333333,2.0,0.0,0.0,-1,80,5302.93,0.13,0.5,0.0,0.0,0.0,0,0,0.0,0.0,0,0,0.0,4033.67,1,0,0.0,10605.86,2,0,0.0,0
LGS2ORD0029222,C016542,2025-08-20 10:00:00,Female,60,Platinum,Lazada,Songkhla,895,TV_Show,PromptPay,10,8,2,0,>50,29.833333333333332,4.0,1.0,0.25,193,154,12013.322499999998,0.25,0.5,0.25,0.0,0.0,0,0,0.0,0.0,0,0,0.0,0.0,0,0,0.0,48053.28999999999,4,1,0.25,0
LGS2ORD0029223,C014232,2025-08-20 10:00:00,Female,30,Bronze,Web,Bangkok,1489,Web,Credit_Card,10,8,2,0,20-30,49.63333333333333,4.0,1.0,0.25,65,36,3208.1949999999997,0.18,0.25,0.0,0.0,0.0,0,0,0.0,0.0,0,0,0.0,6582.87,2,1,0.5,12832.779999999999,4,1,0.25,0
LGS2ORD0029224,C014497,2025-08-20 10:00:00,Male,44,Bronze,Web,Chiang Mai,1448,TV_Show,COD,10,8,2,0,40-50,48.266666666666666,6.0,1.0,0.16666666666666666,144,88,5670.306666666666,0.28,0.6666666666666666,0.6666666666666666,0.0,0.0,0,0,0.0,0.0,0,0,0.0,8777.27,1,0,0.0,34021.84,6,1,0.16666666666666666,0
LGS2ORD0029225,C016336,2025-08-20 10:00:00,Male,24,Silver,Web,Songkhla,1189,TV_Show,COD,10,8,2,0,20-30,39.63333333333333,4.0,2.0,0.5,48,29,3289.59,0.3,0.75,0.25,0.0,0.0,0,0,0.0,509.2,1,0,0.0,1109.83,2,1,0.5,13158.36,4,2,0.5,1
LGS2ORD0029226,C010687,2025-08-20 11:00:00,Other,43,Silver,TV,Nakhon Ratchasima,1245,Lazada,COD,11,8,2,0,40-50,41.5,5.0,0.0,0.0,-1,37,6074.468000000001,0.25,0.8,0.2,0.0,0.0,0,0,0.0,0.0,0,0,0.0,10132.16,2,0,0.0,30372.340000000004,5,0,0.0,1
LGS2ORD0029227,C011057,2025-08-20 11:00:00,Female,51,Bronze,Shopee,Nakhon Ratchasima,641,Shopee,Credit_Card,11,8,2,0,>50,21.366666666666667,6.0,0.0,0.0,-1,47,5068.085,0.28,0.5,0.3333333333333333,0.0,0.0,0,0,0.0,0.0,0,0,0.0,19422.579999999998,3,0,0.0,30408.51,6,0,0.0,0
LGS2ORD0029228,C013221,2025-08-20 11:00:00,Male,62,Bronze,Shopee,Bangkok,771,Shopee,COD,11,8,2,0,>50,25.7,1.0,0.0,0.0,-1,44,2008.31,0.08,1.0,0.0,0.0,0.0,0,0,0.0,0.0,0,0,0.0,2008.31,1,0,0.0,2008.31,1,0,0.0,0
LGS2ORD0029229,C012876,2025-08-20 11:00:00,Other,36,Silver,CallCenter,Khon Kaen,456,Shopee,COD,11,8,2,0,30-40,15.2,5.0,1.0,0.2,100,27,9124.59,0.25,0.2,0.2,0.0,0.0,0,0,0.0,4963.06,1,0,0.0,39962.68,2,0,0.0,45622.95,5,1,0.2,0
LGS2ORD0029230,C017889,2025-08-20 11:00:00,Female,45,Bronze,Lazada,Chonburi,1533,TV_Show,Bank_Transfer,11,8,2,0,40-50,51.1,3.0,1.0,0.3333333333333333,77,62,4078.6366666666668,0.28,0.6666666666666666,0.3333333333333333,0.0,0.0,0,0,0.0,0.0,0,0,0.0,10622.82,2,0,0.0,12235.91,3,1,0.3333333333333333,1
LGS2ORD0029231,C014362,2025-08-20 12:00:00,Male,48,Gold,TV,Songkhla,855,TV_Show,COD,12,8,2,0,40-50,28.5,4.0,1.0,0.25,210,46,6190.405000000001,0.28,0.25,0.25,0.0,0.0,0,0,0.0,0.0,0,0,0.0,22338.09,3,0,0.0,24761.620000000003,4,1,0.25,1
LGS2ORD0029232,C013362,2025-08-20 12:00:00,Female,33,Platinum,Web,Chiang Mai,1291,Web,COD,12,8,2,0,30-40,43.03333333333333,6.0,1.0,0.16666666666666666,175,60,4785.321666666668,0.3,0.5,0.5,0.0,0.0,0,0,0.0,0.0,0,0,0.0,23254.960000000003,2,0,0.0,28711.930000000004,6,1,0.16666666666666666,0
LGS2ORD0029233,C016493,2025-08-20 12:00:00,Female,48,Silver,Web,Bangkok,442,TV_Show,Bank_Transfer,12,8,2,0,40-50,14.733333333333333,1.0,0.0,0.0,-1,93,21454.59,0.1,0.0,0.0,0.0,0.0,0,0,0.0,0.0,0,0,0.0,0.0,0,0,0.0,21454.59,1,0,0.0,0
LGS2ORD0029234,C014188,2025-08-20 12:00:00,Female,62,Silver,Shopee,Khon Kaen,966,Lazada,Bank_Transfer,12,8,2,0,>50,32.2,3.0,0.0,0.0,-1,73,11246.01,0.25,0.3333333333333333,0.3333333333333333,0.0,0.0,0,0,0.0,0.0,0,0,0.0,8703.31,1,0,0.0,33738.03,3,0,0.0,0
LGS2ORD0029235,C016872,2025-08-20 12:00:00,Female,29,Bronze,Shopee,Remote_Area,1267,CallCenter,Credit_Card,12,8,2,0,20-30,42.233333333333334,2.0,1.0,0.5,220,136,3845.7250000000004,0.18,1.0,0.0,0.0,0.0,0,0,0.0,0.0,0,0,0.0,0.0,0,0,0.0,7691.450000000001,2,1,0.5,0
LGS2ORD0029236,C012059,2025-08-20 13:00:00,Male,22,Gold,TV,Bangkok,1232,TV_Show,PromptPay,13,8,2,0,20-30,41.06666666666667,5.0,0.0,0.0,-1,90,5081.856000000001,0.28,0.4,1.0,0.0,0.0,0,0,0.0,0.0,0,0,0.0,0.0,0,0,0.0,25409.280000000002,5,0,0.0,0
LGS2ORD0029237,C015001,2025-08-20 13:00:00,Female,40,Bronze,TV,Bangkok,1142,Shopee,COD,13,8,2,0,30-40,38.06666666666667,5.0,2.0,0.4,155,40,3797.250000000001,0.28,1.0,0.4,0.0,0.0,0,0,0.0,0.0,0,0,0.0,741.24,1,0,0.0,18986.250000000004,5,2,0.4,1
LGS2ORD0029238,C011449,2025-08-20 13:00:00,Male,23,Gold,Lazada,Chiang Mai,1366,Lazada,COD,13,8,2,0,20-30,45.53333333333333,2.0,1.0,0.5,158,116,4300.76,0.33,0.5,0.5,0.0,0.0,0,0,0.0,0.0,0,0,0.0,0.0,0,0,0.0,8601.52,2,1,0.5,0
LGS2ORD0029239,C017104,2025-08-20 13:00:00,Female,51,Silver,Lazada,Bangkok,355,Web,COD,13,8,2,0,>50,11.833333333333334,1.0,0.0,0.0,-1,71,1236.6,0.2,0.0,0.0,0.0,0.0,0,0,0.0,0.0,0,0,0.0,1236.6,1,0,0.0,1236.6,1,0,0.0,0
LGS2ORD0029240,C015212,2025-08-20 13:00:00,Female,53,Bronze,Lazada,Khon Kaen,498,TV_Show,PromptPay,13,8,2,0,>50,16.6,3.0,1.0,0.3333333333333333,103,114,2761.2466666666664,0.28,1.0,0.3333333333333333,0.0,0.0,0,0,0.0,0.0,0,0,0.0,0.0,0,0,0.0,8283.74,3,1,0.3333333333333333,1
LGS2ORD0029241,C014612,2025-08-20 13:00:00,Female,42,Gold,Web,Bangkok,277,Web,Bank_Transfer,13,8,2,0,40-50,9.233333333333333,4.0,0.0,0.0,-1,149,3333.7799999999997,0.33,1.0,0.5,0.0,0.0,0,0,0.0,0.0,0,0,0.0,0.0,0,0,0.0,13335.119999999999,4,0,0.0,0
LGS2ORD0029242,C010410,2025-08-20 14:00:00,Female,38,Bronze,Lazada,Nakhon Ratchasima,722,Shopee,COD,14,8,2,0,30-40,24.066666666666666,2.0,0.0,0.0,-1,9,3087.465,0.23,0.5,0.5,0.0,0.0,0,0,0.0,5691.58,1,0,0.0,5691.58,1,0,0.0,6174.93,2,0,0.0,1
LGS2ORD0029243,C014555,2025-08-20 14:00:00,Male,32,Bronze,Shopee,Remote_Area,576,Lazada,PromptPay,14,8,2,0,30-40,19.2,4.0,1.0,0.25,-12,6,6335.3175,0.18,0.5,0.0,0.0,18107.15,1,1,1.0,21497.350000000002,2,1,0.5,23757.910000000003,3,1,0.3333333333333333,25341.27,4,1,0.25,0
LGS2ORD0029244,C015812,2025-08-20 14:00:00,Male,46,Platinum,TV,Bangkok,1003,CallCenter,Bank_Transfer,14,8,2,0,40-50,33.43333333333333,4.0,1.0,0.25,165,15,4216.1975,0.2,0.5,0.0,0.0,0.0,0,0,0.0,219.25,1,0,0.0,6144.43,2,0,0.0,16864.79,4,1,0.25,0
LGS2ORD0029245,C016285,2025-08-20 14:00:00,Male,71,Bronze,Shopee,Bangkok,1583,TV_Show,Credit_Card,14,8,2,0,>50,52.766666666666666,8.0,3.0,0.375,22,9,6872.60625,0.28,0.625,0.25,0.0,0.0,0,0,0.0,17788.66,2,1,0.5,28825.539999999997,5,2,0.4,54980.85,8,3,0.375,0
LGS2ORD0029246,C010752,2025-08-20 14:00:00,Female,41,Silver,TV,Bangkok,1154,Web,Credit_Card,14,8,2,0,40-50,38.46666666666667,3.0,0.0,0.0,-1,126,9121.983333333335,0.3,0.6666666666666666,0.6666666666666666,0.0,0.0,0,0,0.0,0.0,0,0,0.0,0.0,0,0,0.0,27365.950000000004,3,0,0.0,0
LGS2ORD0029247,C016857,2025-08-20 15:00:00,Female,43,Bronze,TV,Songkhla,863,Shopee,Credit_Card,15,8,2,0,40-50,28.766666666666666,1.0,1.0,1.0,51,56,7190.22,0.18,0.0,0.0,0.0,0.0,0,0,0.0,0.0,0,0,0.0,7190.22,1,1,1.0,7190.22,1,1,1.0,1
LGS2ORD0029248,C017447,2025-08-20 15:00:00,Female,36,Gold,Lazada,Chonburi,1326,CallCenter,Bank_Transfer,15,8,2,0,30-40,44.2,2.0,1.0,0.5,121,31,11598.31,0.08,1.0,0.0,0.0,0.0,0,0,0.0,0.0,0,0,0.0,19753.52,1,0,0.0,23196.62,2,1,0.5,0
LGS2ORD0029249,C015799,2025-08-20 15:00:00,Female,43,Silver,CallCenter,Phuket,1278,TV_Show,COD,15,8,2,0,40-50,42.6,2.0,1.0,0.5,120,68,563.08,0.3,0.0,1.0,0.0,0.0,0,0,0.0,0.0,0,0,0.0,740.7,1,0,0.0,1126.16,2,1,0.5,0
LGS2ORD0029250,C013187,2025-08-20 15:00:00,Male,55,Silver,TV,Khon Kaen,496,Shopee,Credit_Card,15,8,2,0,>50,16.533333333333335,3.0,0.0,0.0,-1,24,8415.923333333334,0.1,0.3333333333333333,0.0,0.0,0.0,0,0,0.0,2058.13,1,0,0.0,2058.13,1,0,0.0,25247.77,3,0,0.0,0
LGS2ORD0029251,C012982,2025-08-20 15:00:00,Female,51,Silver,TV,Songkhla,1297,Lazada,Credit_Card,15,8,2,0,>50,43.233333333333334,4.0,1.0,0.25,153,26,3159.08,0.25,0.75,0.25,0.0,0.0,0,0,0.0,664.02,1,0,0.0,664.02,1,0,0.0,12636.32,4,1,0.25,0
LGS2ORD0029252,C010142,2025-08-20 16:00:00,Female,28,Bronze,TV,Chiang Mai,531,Web,COD,16,8,2,0,20-30,17.7,1.0,1.0,1.0,120,128,274.85,0.13,0.0,0.0,0.0,0.0,0,0,0.0,0.0,0,0,0.0,0.0,0,0,0.0,274.85,1,1,1.0,0
LGS2ORD0029253,C012589,2025-08-20 16:00:00,Female,39,Bronze,TV,Chonburi,1142,CallCenter,PromptPay,16,8,2,0,30-40,38.06666666666667,5.0,0.0,0.0,-1,111,6154.1900000000005,0.23,0.4,0.2,0.0,0.0,0,0,0.0,0.0,0,0,0.0,0.0,0,0,0.0,30770.95,5,0,0.0,0
LGS2ORD0029254,C013027,2025-08-20 16:00:00,Male,55,Platinum,TV,Nakhon Ratchasima,878,Web,COD,16,8,2,0,>50,29.266666666666666,3.0,0.0,0.0,-1,0,4033.7400000000002,0.25,0.0,0.3333333333333333,0.0,1355.79,1,0,0.0,1355.79,1,0,0.0,9061.810000000001,2,0,0.0,12101.220000000001,3,0,0.0,0
LGS2ORD0029255,C015880,2025-08-20 16:00:00,Male,59,Bronze,CallCenter,Chonburi,929,Lazada,Credit_Card,16,8,2,0,>50,30.966666666666665,2.0,1.0,0.5,17,25,1491.19,0.23,0.5,0.5,0.0,0.0,0,0,0.0,2334.59,1,1,1.0,2334.59,1,1,1.0,2982.38,2,1,0.5,1
LGS2ORD0029256,C015516,2025-08-20 16:00:00,Male,46,Silver,TV,Nakhon Ratchasima,650,CallCenter,PromptPay,16,8,2,0,40-50,21.666666666666668,2.0,0.0,0.0,-1,131,1425.16,0.05,0.5,0.0,0.0,0.0,0,0,0.0,0.0,0,0,0.0,0.0,0,0,0.0,2850.32,2,0,0.0,0
LGS2ORD0029257,C011294,2025-08-20 17:00:00,Female,29,Silver,TV,Bangkok,1014,TV_Show,Credit_Card,17,8,2,0,20-30,33.8,5.0,2.0,0.4,32,38,3810.328,0.3,0.6,0.4,0.0,0.0,0,0,0.0,0.0,0,0,0.0,10215.61,2,1,0.5,19051.64,5,2,0.4,0
LGS2ORD0029258,C012720,2025-08-20 17:00:00,Female,53,Silver,Shopee,Bangkok,1035,TV_Show,COD,17,8,2,0,>50,34.5,2.0,1.0,0.5,132,15,4005.3050000000003,0.1,1.0,0.0,0.0,0.0,0,0,0.0,4366.8,1,0,0.0,4366.8,1,0,0.0,8010.610000000001,2,1,0.5,0
LGS2ORD0029259,C010649,2025-08-20 17:00:00,Female,46,Platinum,TV,Bangkok,868,Shopee,COD,17,8,2,0,40-50,28.933333333333334,2.0,1.0,0.5,107,17,1748.9,0.3,0.5,1.0,0.0,0.0,0,0,0.0,1637.03,1,0,0.0,1637.03,1,0,0.0,3497.8,2,1,0.5,0
LGS2ORD0029260,C010599,2025-08-20 17:00:00,Male,39,Silver,Web,Bangkok,258,Web,COD,17,8,2,0,30-40,8.6,5.0,0.0,0.0,-1,34,3218.62,0.3,0.4,0.2,0.0,0.0,0,0,0.0,0.0,0,0,0.0,4194.16,1,0,0.0,16093.1,5,0,0.0,0
LGS2ORD0029261,C014986,2025-08-20 17:00:00,Male,49,Silver,Shopee,Bangkok,731,CallCenter,Credit_Card,17,8,2,0,40-50,24.366666666666667,7.0,1.0,0.14285714285714285,69,19,3779.414285714286,0.3,0.42857142857142855,0.42857142857142855,0.0,0.0,0,0,0.0,5165.9,2,0,0.0,14042.25,3,1,0.3333333333333333,26455.9,7,1,0.14285714285714285,0
LGS2ORD0029262,C017316,2025-08-20 17:00:00,Other,22,Platinum,Lazada,Remote_Area,862,Web,Bank_Transfer,17,8,2,0,20-30,28.733333333333334,3.0,0.0,0.0,-1,30,7697.52,0.3,0.6666666666666666,0.6666666666666666,0.0,0.0,0,0,0.0,0.0,0,0,0.0,17466.72,1,0,0.0,23092.56,3,0,0.0,0
LGS2ORD0029263,C013424,2025-08-20 18:00:00,Male,62,Bronze,Web,Chonburi,1027,Web,COD,18,8,2,0,>50,34.233333333333334,8.0,1.0,0.125,183,48,9422.0775,0.23,0.5,0.125,0.0,0.0,0,0,0.0,0.0,0,0,0.0,33379.17,3,0,0.0,75376.62,8,1,0.125,0
LGS2ORD0029264,C011812,2025-08-20 18:00:00,Female,45,Bronze,Lazada,Bangkok,1205,Lazada,PromptPay,18,8,2,0,40-50,40.166666666666664,2.0,1.0,0.5,100,104,4857.475,0.08,0.5,0.0,0.0,0.0,0,0,0.0,0.0,0,0,0.0,0.0,0,0,0.0,9714.95,2,1,0.5,0
LGS2ORD0029265,C013113,2025-08-20 18:00:00,Male,30,Silver,Lazada,Khon Kaen,761,Shopee,Credit_Card,18,8,2,0,20-30,25.366666666666667,2.0,2.0,1.0,34,45,3414.125,0.3,1.0,1.0,0.0,0.0,0,0,0.0,0.0,0,0,0.0,4759.29,1,1,1.0,6828.25,2,2,1.0,0
LGS2ORD0029266,C010515,2025-08-20 18:00:00,Male,44,Bronze,TV,Bangkok,1285,Shopee,Credit_Card,18,8,2,0,40-50,42.833333333333336,3.0,0.0,0.0,-1,15,12431.460000000001,0.28,0.6666666666666666,0.6666666666666666,0.0,0.0,0,0,0.0,6336.69,1,0,0.0,6336.69,1,0,0.0,37294.380000000005,3,0,0.0,0
LGS2ORD0029267,C011167,2025-08-20 18:00:00,Female,42,Silver,Web,Chiang Mai,1187,TV_Show,COD,18,8,2,0,40-50,39.56666666666667,7.0,2.0,0.2857142857142857,131,54,1380.2657142857145,0.25,0.8571428571428571,0.2857142857142857,0.14285714285714285,0.0,0,0,0.0,0.0,0,0,0.0,1964.49,1,0,0.0,9661.86,7,2,0.2857142857142857,0
LGS2ORD0029268,C010142,2025-08-20 19:00:00,Female,28,Bronze,TV,Chiang Mai,531,TV_Show,PromptPay,19,8,2,0,20-30,17.7,2.0,1.0,0.5,120,0,5481.505,0.13,0.5,0.0,0.0,10688.16,1,0,0.0,10688.16,1,0,0.0,10688.16,1,0,0.0,10963.01,2,1,0.5,0
LGS2ORD0029269,C016124,2025-08-20 19:00:00,Male,27,Gold,Lazada,Chiang Mai,1443,CallCenter,Credit_Card,19,8,2,0,20-30,48.1,3.0,2.0,0.6666666666666666,45,58,10231.286666666667,0.33,0.6666666666666666,0.6666666666666666,0.0,0.0,0,0,0.0,0.0,0,0,0.0,29948.53,2,2,1.0,30693.86,3,2,0.6666666666666666,0
LGS2ORD0029270,C010209,2025-08-20 19:00:00,Female,38,Silver,Shopee,Phuket,475,Web,COD,19,8,2,0,30-40,15.833333333333334,1.0,0.0,0.0,-1,149,4829.2,0.25,0.0,1.0,0.0,0.0,0,0,0.0,0.0,0,0,0.0,0.0,0,0,0.0,4829.2,1,0,0.0,1
LGS2ORD0029271,C013540,2025-08-20 19:00:00,Other,40,Silver,CallCenter,Bangkok,1461,Web,PromptPay,19,8,2,0,30-40,48.7,4.0,0.0,0.0,-1,5,2916.7474999999995,0.3,0.25,0.25,0.0,2397.2,1,0,0.0,2397.2,1,0,0.0,9141.130000000001,3,0,0.0,11666.989999999998,4,0,0.0,0
LGS2ORD0029272,C014701,2025-08-20 19:00:00,Female,63,Bronze,Lazada,Bangkok,1658,Web,Credit_Card,19,8,2,0,>50,55.266666666666666,4.0,0.0,0.0,-1,58,3402.11,0.18,0.5,0.0,0.0,0.0,0,0,0.0,0.0,0,0,0.0,11493.81,2,0,0.0,13608.44,4,0,0.0,0
LGS2ORD0029273,C012361,2025-08-20 20:00:00,Male,37,Silver,TV,Remote_Area,1173,Shopee,COD,20,8,2,0,30-40,39.1,3.0,1.0,0.3333333333333333,156,88,6300.62,0.25,0.6666666666666666,0.3333333333333333,0.0,0.0,0,0,0.0,0.0,0,0,0.0,1762.34,1,0,0.0,18901.86,3,1,0.3333333333333333,0
LGS2ORD0029274,C017455,2025-08-20 20:00:00,Male,47,Bronze,Web,Remote_Area,1073,CallCenter,COD,20,8,2,0,40-50,35.766666666666666,4.0,1.0,0.25,140,99,10629.585,0.28,0.5,0.25,0.0,0.0,0,0,0.0,0.0,0,0,0.0,0.0,0,0,0.0,42518.34,4,1,0.25,0
LGS2ORD0029275,C014916,2025-08-20 20:00:00,Male,40,Bronze,Web,Chiang Mai,1395,Shopee,Credit_Card,20,8,2,0,30-40,46.5,2.0,0.0,0.0,-1,23,3421.77,0.23,1.0,0.5,0.0,0.0,0,0,0.0,5208.82,1,0,0.0,5208.82,1,0,0.0,6843.54,2,0,0.0,0
LGS2ORD0029276,C017642,2025-08-20 20:00:00,Male,42,Gold,TV,Remote_Area,969,CallCenter,COD,20,8,2,0,40-50,32.3,6.0,1.0,0.16666666666666666,-4,3,4136.38,0.18,0.3333333333333333,0.0,0.0,1813.95,1,1,1.0,1813.95,1,1,1.0,9850.87,3,1,0.3333333333333333,24818.280000000002,6,1,0.16666666666666666,1
LGS2ORD0029277,C014422,2025-08-20 20:00:00,Male,39,Silver,Web,Chonburi,1557,TV_Show,COD,20,8,2,0,30-40,51.9,0.0,0.0,0.0,-1,-1,0.0,0.0,0.0,0.0,0.0,0.0,0,0,0.0,0.0,0,0,0.0,0.0,0,0,0.0,0.0,0,0,0.0,1
LGS2ORD0029278,C012453,2025-08-20 20:00:00,Female,24,Silver,Shopee,Songkhla,1621,Lazada,Credit_Card,20,8,2,0,20-30,54.03333333333333,4.0,0.0,0.0,-1,50,3513.6625,0.15,0.0,0.0,0.0,0.0,0,0,0.0,0.0,0,0,0.0,2966.19,2,0,0.0,14054.65,4,0,0.0,0
LGS2ORD0029279,C017785,2025-08-20 21:00:00,Female,58,Silver,Lazada,Khon Kaen,1038,CallCenter,PromptPay,21,8,2,0,>50,34.6,3.0,0.0,0.0,-1,1,14565.346666666666,0.2,1.0,0.0,0.0,1034.9,1,0,0.0,1034.9,1,0,0.0,38323.03,2,0,0.0,43696.04,3,0,0.0,0
LGS2ORD0029280,C012823,2025-08-20 21:00:00,Female,56,Bronze,Web,Phuket,1448,Web,Credit_Card,21,8,2,0,>50,48.266666666666666,10.0,4.0,0.4,46,31,3872.505,0.28,0.7,0.1,0.0,0.0,0,0,0.0,0.0,0,0,0.0,22536.65,7,3,0.42857142857142855,38725.05,10,4,0.4,0
LGS2ORD0029281,C010020,2025-08-20 21:00:00,Male,34,Bronze,TV,Chiang Mai,1617,Shopee,COD,21,8,2,0,30-40,53.9,2.0,0.0,0.0,-1,62,7963.645,0.28,0.0,1.0,0.0,0.0,0,0,0.0,0.0,0,0,0.0,14843.04,1,0,0.0,15927.29,2,0,0.0,0
LGS2ORD0029282,C017467,2025-08-20 21:00:00,Female,60,Bronze,TV,Phuket,613,CallCenter,COD,21,8,2,0,>50,20.433333333333334,2.0,0.0,0.0,-1,145,4067.065,0.23,0.0,0.5,0.0,0.0,0,0,0.0,0.0,0,0,0.0,0.0,0,0,0.0,8134.13,2,0,0.0,0
LGS2ORD0029283,C013060,2025-08-20 21:00:00,Male,42,Bronze,TV,Remote_Area,851,Lazada,COD,21,8,2,0,40-50,28.366666666666667,2.0,2.0,1.0,112,126,9733.83,0.23,1.0,0.5,0.0,0.0,0,0,0.0,0.0,0,0,0.0,0.0,0,0,0.0,19467.66,2,2,1.0,0
LGS2ORD0029284,C014846,2025-08-20 22:00:00,Female,37,Gold,Web,Chiang Mai,244,CallCenter,COD,22,8,2,0,30-40,8.133333333333333,3.0,1.0,0.3333333333333333,73,16,6184.636666666666,0.33,0.3333333333333333,0.6666666666666666,0.0,0.0,0,0,0.0,15909.34,1,0,0.0,16890.0,2,1,0.5,18553.91,3,1,0.3333333333333333,0
LGS2ORD0029285,C010692,2025-08-20 22:00:00,Female,35,Bronze,TV,Phuket,1147,Lazada,COD,22,8,2,0,30-40,38.233333333333334,5.0,2.0,0.4,1,15,3780.196,0.18,0.4,0.0,0.0,0.0,0,0,0.0,3969.46,2,2,1.0,10669.050000000001,4,2,0.5,18900.98,5,2,0.4,0
LGS2ORD0029286,C014871,2025-08-20 22:00:00,Male,31,Bronze,TV,Nakhon Ratchasima,484,TV_Show,COD,22,8,2,0,30-40,16.133333333333333,7.0,3.0,0.42857142857142855,0,5,3317.315714285714,0.28,0.7142857142857143,0.42857142857142855,0.0,5399.86,1,1,1.0,5399.86,1,1,1.0,6813.84,2,1,0.5,23221.21,7,3,0.42857142857142855,0
LGS2ORD0029287,C013632,2025-08-20 22:00:00,Female,32,Bronze,Shopee,Bangkok,294,Shopee,COD,22,8,2,0,30-40,9.8,3.0,2.0,0.6666666666666666,70,37,4542.836666666666,0.23,0.6666666666666666,0.6666666666666666,0.0,0.0,0,0,0.0,0.0,0,0,0.0,9101.75,2,1,0.5,13628.509999999998,3,2,0.6666666666666666,0
LGS2ORD0029288,C011792,2025-08-20 22:00:00,Other,27,Gold,TV,Bangkok,585,TV_Show,PromptPay,22,8,2,0,20-30,19.5,4.0,0.0,0.0,-1,50,2561.1249999999995,0.2299999999999999,0.5,0.25,0.0,0.0,0,0,0.0,0.0,0,0,0.0,830.22,1,0,0.0,10244.499999999998,4,0,0.0,0
LGS2ORD0029289,C015847,2025-08-20 23:00:00,Male,41,Bronze,TV,Bangkok,1317,Lazada,COD,23,8,2,0,40-50,43.9,7.0,2.0,0.2857142857142857,4,19,3375.6957142857136,0.18,0.5714285714285714,0.0,0.0,0.0,0,0,0.0,574.39,1,1,1.0,2558.78,2,1,0.5,23629.869999999995,7,2,0.2857142857142857,0
LGS2ORD0029290,C010344,2025-08-20 23:00:00,Female,34,Bronze,CallCenter,Bangkok,592,TV_Show,PromptPay,23,8,2,0,30-40,19.733333333333334,1.0,0.0,0.0,-1,129,6669.11,0.08,0.0,0.0,0.0,0.0,0,0,0.0,0.0,0,0,0.0,0.0,0,0,0.0,6669.11,1,0,0.0,0
LGS2ORD0029291,C014246,2025-08-20 23:00:00,Male,34,Silver,TV,Phuket,1448,CallCenter,Credit_Card,23,8,2,0,30-40,48.266666666666666,9.0,6.0,0.6666666666666666,47,19,6508.694444444444,0.3,0.5555555555555556,0.2222222222222222,0.0,0.0,0,0,0.0,17802.61,1,0,0.0,37740.42,6,3,0.5,58578.25,9,6,0.6666666666666666,0
LGS2ORD0029292,C016415,2025-08-20 23:00:00,Male,69,Bronze,Shopee,Nakhon Ratchasima,1555,CallCenter,COD,23,8,2,0,>50,51.833333333333336,10.0,2.0,0.2,128,13,6306.99,0.23,0.4,0.2,0.0,0.0,0,0,0.0,2510.46,1,0,0.0,2510.46,1,0,0.0,63069.9,10,2,0.2,0
LGS2ORD0029293,C014335,2025-08-20 23:00:00,Male,43,Bronze,Shopee,Remote_Area,1454,Lazada,COD,23,8,2,0,40-50,48.46666666666667,7.0,2.0,0.2857142857142857,-1,1,5393.307142857143,0.23,0.8571428571428571,0.14285714285714285,0.0,5540.42,2,1,0.5,5540.42,2,1,0.5,31415.989999999998,3,1,0.3333333333333333,37753.15,7,2,0.2857142857142857,0
LGS2ORD0029294,C015029,2025-08-21 00:00:00,Female,42,Platinum,Lazada,Phuket,1448,CallCenter,COD,0,8,3,0,40-50,48.266666666666666,3.0,1.0,0.3333333333333333,213,60,1308.0066666666667,0.3,0.0,0.3333333333333333,0.0,0.0,0,0,0.0,0.0,0,0,0.0,1733.35,1,0,0.0,3924.02,3,1,0.3333333333333333,1
LGS2ORD0029295,C011516,2025-08-21 00:00:00,Female,28,Bronze,TV,Nakhon Ratchasima,1538,Shopee,COD,0,8,3,0,20-30,51.266666666666666,6.0,1.0,0.16666666666666666,103,15,5655.478333333333,0.28,0.5,0.3333333333333333,0.0,0.0,0,0,0.0,10614.66,1,0,0.0,25454.52,4,0,0.0,33932.869999999995,6,1,0.16666666666666666,1
LGS2ORD0029296,C010354,2025-08-21 00:00:00,Male,33,Bronze,TV,Chonburi,1297,Web,Bank_Transfer,0,8,3,0,30-40,43.233333333333334,6.0,2.0,0.3333333333333333,134,3,5149.373333333334,0.28,0.3333333333333333,0.16666666666666666,0.0,3869.4500000000003,2,0,0.0,3869.4500000000003,2,0,0.0,4074.2400000000002,3,0,0.0,30896.24,6,2,0.3333333333333333,0
LGS2ORD0029297,C013016,2025-08-21 00:00:00,Female,56,Bronze,Lazada,Remote_Area,1247,Shopee,COD,0,8,3,0,>50,41.56666666666667,9.0,2.0,0.2222222222222222,3,6,5234.299999999999,0.28,0.6666666666666666,0.3333333333333333,0.0,11105.13,1,1,1.0,13548.57,2,1,0.5,40235.71,5,1,0.2,47108.7,9,2,0.2222222222222222,1
LGS2ORD0029298,C017401,2025-08-21 00:00:00,Male,36,Bronze,TV,Nakhon Ratchasima,1651,Shopee,PromptPay,0,8,3,0,30-40,55.03333333333333,3.0,2.0,0.6666666666666666,24,34,2804.0866666666666,0.28,1.0,0.3333333333333333,0.0,0.0,0,0,0.0,0.0,0,0,0.0,8412.26,3,2,0.6666666666666666,8412.26,3,2,0.6666666666666666,0
LGS2ORD0029299,C013073,2025-08-21 00:00:00,Female,31,Bronze,TV,Khon Kaen,941,Web,COD,0,8,3,0,30-40,31.366666666666667,4.0,1.0,0.25,54,9,15349.3075,0.23,0.75,0.5,0.0,0.0,0,0,0.0,38460.94,1,0,0.0,58626.48,3,1,0.3333333333333333,61397.23,4,1,0.25,1
LGS2ORD0029300,C015675,2025-08-21 01:00:00,Other,26,Silver,Shopee,Remote_Area,1518,Web,COD,1,8,3,0,20-30,50.6,5.0,2.0,0.4,81,9,8579.736,0.3,0.2,0.2,0.0,0.0,0,0,0.0,1867.99,1,0,0.0,1867.99,1,0,0.0,42898.68,5,2,0.4,0
LGS2ORD0029301,C016659,2025-08-21 01:00:00,Female,52,Gold,Web,Songkhla,470,Web,COD,1,8,3,0,>50,15.666666666666666,4.0,3.0,0.75,70,73,2247.8875,0.33,0.75,0.5,0.0,0.0,0,0,0.0,0.0,0,0,0.0,1130.13,1,1,1.0,8991.55,4,3,0.75,1
LGS2ORD0029302,C012633,2025-08-21 01:00:00,Female,45,Silver,CallCenter,Songkhla,337,Shopee,COD,1,8,3,0,40-50,11.233333333333333,7.0,2.0,0.2857142857142857,27,15,3076.682857142857,0.3,0.42857142857142855,0.42857142857142855,0.0,0.0,0,0,0.0,3966.53,1,0,0.0,8435.91,3,1,0.3333333333333333,21536.78,7,2,0.2857142857142857,0
LGS2ORD0029303,C017386,2025-08-21 01:00:00,Male,66,Bronze,Shopee,Remote_Area,754,Web,COD,1,8,3,0,>50,25.133333333333333,5.0,2.0,0.4,13,28,5200.352000000001,0.28,0.4,0.2,0.0,0.0,0,0,0.0,1584.29,1,1,1.0,11021.8,2,1,0.5,26001.760000000002,5,2,0.4,0
LGS2ORD0029304,C011645,2025-08-21 01:00:00,Male,52,Gold,Web,Chonburi,707,TV_Show,COD,1,8,3,0,>50,23.566666666666666,2.0,1.0,0.5,40,39,17615.47,0.13,0.5,0.0,0.0,0.0,0,0,0.0,0.0,0,0,0.0,35230.94,2,1,0.5,35230.94,2,1,0.5,0
LGS2ORD0029305,C016449,2025-08-21 02:00:00,Female,40,Platinum,TV,Phuket,714,Shopee,PromptPay,2,8,3,0,30-40,23.8,3.0,1.0,0.3333333333333333,26,34,811.6599999999999,0.3,0.3333333333333333,1.0,0.0,0.0,0,0,0.0,0.0,0,0,0.0,250.62,1,1,1.0,2434.9799999999996,3,1,0.3333333333333333,1
LGS2ORD0029306,C013455,2025-08-21 02:00:00,Female,29,Bronze,Web,Bangkok,1240,TV_Show,COD,2,8,3,0,20-30,41.333333333333336,3.0,1.0,0.3333333333333333,27,12,15875.816666666666,0.13,1.0,0.0,0.0,0.0,0,0,0.0,31390.14,1,0,0.0,47627.45,3,1,0.3333333333333333,47627.45,3,1,0.3333333333333333,0
LGS2ORD0029307,C010251,2025-08-21 02:00:00,Male,56,Gold,Web,Khon Kaen,1463,Web,COD,2,8,3,0,>50,48.766666666666666,4.0,0.0,0.0,-1,33,2936.9025,0.33,0.75,0.5,0.0,0.0,0,0,0.0,0.0,0,0,0.0,6279.14,2,0,0.0,11747.61,4,0,0.0,0
LGS2ORD0029308,C012701,2025-08-21 02:00:00,Female,33,Bronze,Web,Bangkok,1158,Shopee,COD,2,8,3,0,30-40,38.6,2.0,1.0,0.5,86,32,9637.555,0.03,0.5,0.0,0.0,0.0,0,0,0.0,0.0,0,0,0.0,11955.56,1,0,0.0,19275.11,2,1,0.5,0
LGS2ORD0029309,C016324,2025-08-21 02:00:00,Female,48,Bronze,TV,Remote_Area,248,CallCenter,COD,2,8,3,0,40-50,8.266666666666667,6.0,3.0,0.5,24,5,3934.7683333333334,0.28,0.5,0.3333333333333333,0.0,1850.89,1,0,0.0,1850.89,1,0,0.0,20517.98,4,1,0.25,23608.61,6,3,0.5,0
LGS2ORD0029310,C013309,2025-08-21 03:00:00,Male,47,Silver,TV,Songkhla,413,Web,COD,3,8,3,0,40-50,13.766666666666667,3.0,0.0,0.0,-1,21,3425.816666666667,0.25,0.0,0.3333333333333333,0.0,0.0,0,0,0.0,984.53,1,0,0.0,7121.38,2,0,0.0,10277.45,3,0,0.0,0
LGS2ORD0029311,C013378,2025-08-21 03:00:00,Female,50,Bronze,Lazada,Bangkok,899,Shopee,COD,3,8,3,0,40-50,29.966666666666665,5.0,1.0,0.2,142,5,13202.426000000001,0.23,0.8,0.2,0.0,10232.14,1,0,0.0,12948.289999999999,2,0,0.0,21185.519999999997,3,0,0.0,66012.13,5,1,0.2,1
LGS2ORD0029312,C016839,2025-08-21 03:00:00,Female,32,Silver,TV,Phuket,877,CallCenter,Credit_Card,3,8,3,0,30-40,29.233333333333334,3.0,1.0,0.3333333333333333,116,110,1323.9633333333331,0.1,0.6666666666666666,0.0,0.0,0.0,0,0,0.0,0.0,0,0,0.0,0.0,0,0,0.0,3971.8899999999994,3,1,0.3333333333333333,0
LGS2ORD0029313,C010842,2025-08-21 03:00:00,Female,64,Gold,Shopee,Chonburi,952,CallCenter,COD,3,8,3,0,>50,31.733333333333334,6.0,1.0,0.16666666666666666,181,2,3093.48,0.33,0.6666666666666666,0.3333333333333333,0.0,1495.15,1,0,0.0,1495.15,1,0,0.0,14712.730000000001,3,0,0.0,18560.88,6,1,0.16666666666666666,0
LGS2ORD0029314,C016251,2025-08-21 03:00:00,Other,54,Bronze,TV,Remote_Area,1269,TV_Show,COD,3,8,3,0,>50,42.3,6.0,1.0,0.16666666666666666,158,26,4034.64,0.23,0.6666666666666666,0.3333333333333333,0.0,0.0,0,0,0.0,1457.56,1,0,0.0,7103.699999999999,3,0,0.0,24207.84,6,1,0.16666666666666666,0
LGS2ORD0029315,C011490,2025-08-21 04:00:00,Female,34,Silver,Lazada,Nakhon Ratchasima,1178,Shopee,COD,4,8,3,0,30-40,39.266666666666666,7.0,0.0,0.0,-1,1,6103.237142857143,0.25,0.8571428571428571,0.2857142857142857,0.14285714285714285,7372.05,1,0,0.0,7372.05,1,0,0.0,21637.61,3,0,0.0,42722.66,7,0,0.0,0
LGS2ORD0029316,C013064,2025-08-21 04:00:00,Male,32,Platinum,Web,Khon Kaen,568,Lazada,COD,4,8,3,0,30-40,18.933333333333334,4.0,1.0,0.25,142,28,4015.3924999999995,0.3,0.75,0.25,0.0,0.0,0,0,0.0,3289.22,1,0,0.0,3289.22,1,0,0.0,16061.569999999998,4,1,0.25,1
LGS2ORD0029317,C014205,2025-08-21 04:00:00,Male,35,Bronze,TV,Songkhla,323,Web,COD,4,8,3,0,30-40,10.766666666666667,5.0,2.0,0.4,149,19,3127.2439999999997,0.28,0.6,0.4,0.0,0.0,0,0,0.0,6631.99,1,0,0.0,9555.32,2,0,0.0,15636.22,5,2,0.4,0
LGS2ORD0029318,C014827,2025-08-21 04:00:00,Other,48,Gold,Web,Chiang Mai,265,Shopee,Credit_Card,4,8,3,0,40-50,8.833333333333334,4.0,2.0,0.5,161,97,2511.7650000000003,0.18,0.5,0.0,0.0,0.0,0,0,0.0,0.0,0,0,0.0,0.0,0,0,0.0,10047.060000000001,4,2,0.5,0
LGS2ORD0029319,C013899,2025-08-21 04:00:00,Female,37,Bronze,CallCenter,Chiang Mai,1240,Shopee,COD,4,8,3,0,30-40,41.333333333333336,0.0,0.0,0.0,-1,-1,0.0,0.0,0.0,0.0,0.0,0.0,0,0,0.0,0.0,0,0,0.0,0.0,0,0,0.0,0.0,0,0,0.0,0
LGS2ORD0029320,C013635,2025-08-21 04:00:00,Female,22,Platinum,CallCenter,Bangkok,263,Lazada,Credit_Card,4,8,3,0,20-30,8.766666666666667,4.0,0.0,0.0,-1,36,2980.5950000000003,0.2,0.75,0.0,0.0,0.0,0,0,0.0,0.0,0,0,0.0,693.95,1,0,0.0,11922.380000000001,4,0,0.0,0
LGS2ORD0029321,C012292,2025-08-21 05:00:00,Female,37,Gold,TV,Nakhon Ratchasima,1483,Web,Credit_Card,5,8,3,0,30-40,49.43333333333333,5.0,3.0,0.6,9,24,5990.023999999999,0.33,0.6,0.4,0.0,0.0,0,0,0.0,1453.66,1,1,1.0,1453.66,1,1,1.0,29950.12,5,3,0.6,0
LGS2ORD0029322,C010223,2025-08-21 05:00:00,Male,43,Bronze,TV,Remote_Area,1141,CallCenter,COD,5,8,3,0,40-50,38.03333333333333,7.0,5.0,0.7142857142857143,60,73,5141.2928571428565,0.23,0.8571428571428571,0.14285714285714285,0.0,0.0,0,0,0.0,0.0,0,0,0.0,1956.65,2,2,1.0,35989.049999999996,7,5,0.7142857142857143,1
LGS2ORD0029323,C012714,2025-08-21 05:00:00,Male,65,Platinum,Web,Chiang Mai,883,TV_Show,PromptPay,5,8,3,0,>50,29.433333333333334,3.0,1.0,0.3333333333333333,90,17,14066.943333333335,0.15,0.0,0.0,0.0,0.0,0,0,0.0,1175.48,1,0,0.0,1175.48,1,0,0.0,42200.83,3,1,0.3333333333333333,0
LGS2ORD0029324,C014667,2025-08-21 05:00:00,Female,58,Silver,Shopee,Songkhla,762,TV_Show,COD,5,8,3,0,>50,25.4,7.0,6.0,0.8571428571428571,13,17,3788.2942857142857,0.3,0.8571428571428571,0.14285714285714285,0.0,0.0,0,0,0.0,13962.7,1,1,1.0,18926.56,2,2,1.0,26518.06,7,6,0.8571428571428571,1
LGS2ORD0029325,C016680,2025-08-21 05:00:00,Other,20,Bronze,CallCenter,Phuket,532,TV_Show,PromptPay,5,8,3,0,<20,17.733333333333334,2.0,0.0,0.0,-1,103,1992.465,0.28,1.0,0.5,0.0,0.0,0,0,0.0,0.0,0,0,0.0,0.0,0,0,0.0,3984.93,2,0,0.0,0
LGS2ORD0029326,C012729,2025-08-21 06:00:00,Female,38,Silver,TV,Bangkok,1465,Lazada,Credit_Card,6,8,3,0,30-40,48.833333333333336,2.0,1.0,0.5,184,6,7816.4,0.2,0.0,0.0,0.0,12858.09,1,0,0.0,12858.09,1,0,0.0,12858.09,1,0,0.0,15632.8,2,1,0.5,0
LGS2ORD0029327,C013121,2025-08-21 06:00:00,Male,52,Silver,Shopee,Chonburi,385,Web,Credit_Card,6,8,3,0,>50,12.833333333333334,6.0,1.0,0.16666666666666666,36,52,8321.546666666667,0.3,0.5,0.6666666666666666,0.0,0.0,0,0,0.0,0.0,0,0,0.0,32120.019999999997,3,1,0.3333333333333333,49929.28,6,1,0.16666666666666666,0
LGS2ORD0029328,C014289,2025-08-21 06:00:00,Male,28,Gold,Lazada,Bangkok,1036,CallCenter,Bank_Transfer,6,8,3,0,20-30,34.53333333333333,1.0,0.0,0.0,-1,214,10087.42,0.13,0.0,0.0,0.0,0.0,0,0,0.0,0.0,0,0,0.0,0.0,0,0,0.0,10087.42,1,0,0.0,0
LGS2ORD0029329,C011208,2025-08-21 06:00:00,Female,56,Bronze,TV,Chonburi,445,Shopee,Credit_Card,6,8,3,0,>50,14.833333333333334,3.0,0.0,0.0,-1,159,16024.479999999998,0.23,0.6666666666666666,0.3333333333333333,0.0,0.0,0,0,0.0,0.0,0,0,0.0,0.0,0,0,0.0,48073.439999999995,3,0,0.0,0
LGS2ORD0029330,C012284,2025-08-21 06:00:00,Female,35,Platinum,Web,Chonburi,621,CallCenter,COD,6,8,3,0,30-40,20.7,5.0,2.0,0.4,71,52,5991.336,0.25,0.6,0.4,0.0,0.0,0,0,0.0,0.0,0,0,0.0,25575.98,2,1,0.5,29956.68,5,2,0.4,1
LGS2ORD0029331,C011410,2025-08-21 07:00:00,Male,37,Bronze,Shopee,Bangkok,859,Web,PromptPay,7,8,3,0,30-40,28.633333333333333,0.0,0.0,0.0,-1,-1,0.0,0.0,0.0,0.0,0.0,0.0,0,0,0.0,0.0,0,0,0.0,0.0,0,0,0.0,0.0,0,0,0.0,1
LGS2ORD0029332,C013343,2025-08-21 07:00:00,Female,41,Bronze,CallCenter,Chonburi,929,Shopee,COD,7,8,3,0,40-50,30.966666666666665,6.0,2.0,0.3333333333333333,142,77,2967.2183333333337,0.28,0.6666666666666666,0.3333333333333333,0.0,0.0,0,0,0.0,0.0,0,0,0.0,3255.62,1,0,0.0,17803.31,6,2,0.3333333333333333,0
LGS2ORD0029333,C016115,2025-08-21 07:00:00,Female,37,Bronze,Shopee,Remote_Area,680,Web,Credit_Card,7,8,3,0,30-40,22.666666666666668,5.0,1.0,0.2,195,17,7046.196000000001,0.28,0.8,0.6,0.0,0.0,0,0,0.0,1456.9,1,0,0.0,3351.91,2,0,0.0,35230.98,5,1,0.2,0
LGS2ORD0029334,C012205,2025-08-21 07:00:00,Male,31,Bronze,TV,Remote_Area,1057,Shopee,Bank_Transfer,7,8,3,0,30-40,35.233333333333334,6.0,1.0,0.16666666666666666,202,93,2844.4283333333333,0.23,0.5,0.3333333333333333,0.0,0.0,0,0,0.0,0.0,0,0,0.0,0.0,0,0,0.0,17066.57,6,1,0.16666666666666666,0
LGS2ORD0029335,C013168,2025-08-21 07:00:00,Female,37,Platinum,Lazada,Khon Kaen,797,Web,Credit_Card,7,8,3,0,30-40,26.566666666666666,4.0,0.0,0.0,-1,32,5637.165,0.25,0.0,0.5,0.25,0.0,0,0,0.0,0.0,0,0,0.0,13746.6,2,0,0.0,22548.66,4,0,0.0,0
LGS2ORD0029336,C017600,2025-08-21 08:00:00,Female,48,Bronze,Web,Chiang Mai,723,TV_Show,PromptPay,8,8,3,0,40-50,24.1,5.0,3.0,0.6,27,24,5889.5019999999995,0.23,0.6,0.2,0.0,0.0,0,0,0.0,4419.46,1,0,0.0,22691.32,3,2,0.6666666666666666,29447.51,5,3,0.6,1
LGS2ORD0029337,C010346,2025-08-21 08:00:00,Female,25,Bronze,Lazada,Nakhon Ratchasima,1151,Lazada,Credit_Card,8,8,3,0,20-30,38.36666666666667,4.0,0.0,0.0,-1,4,6454.035,0.23,0.75,0.5,0.0,2225.98,1,0,0.0,2225.98,1,0,0.0,17021.02,2,0,0.0,25816.14,4,0,0.0,0
LGS2ORD0029338,C015776,2025-08-21 08:00:00,Female,56,Bronze,Shopee,Songkhla,1170,Lazada,Credit_Card,8,8,3,0,>50,39.0,4.0,2.0,0.5,72,6,7858.932500000001,0.28,1.0,0.5,0.0,17198.5,1,0,0.0,21712.35,2,0,0.0,31435.730000000003,4,2,0.5,31435.730000000003,4,2,0.5,1
LGS2ORD0029339,C011274,2025-08-21 08:00:00,Male,54,Silver,TV,Phuket,598,TV_Show,PromptPay,8,8,3,0,>50,19.933333333333334,3.0,2.0,0.6666666666666666,20,36,9282.246666666668,0.2,0.6666666666666666,0.0,0.0,0.0,0,0,0.0,0.0,0,0,0.0,19836.2,1,1,1.0,27846.74,3,2,0.6666666666666666,0
LGS2ORD0029340,C015550,2025-08-21 08:00:00,Female,35,Bronze,Shopee,Chiang Mai,889,Lazada,COD,8,8,3,0,30-40,29.633333333333333,9.0,1.0,0.1111111111111111,142,24,7031.941111111111,0.28,0.1111111111111111,0.4444444444444444,0.0,0.0,0,0,0.0,18423.16,1,0,0.0,38685.79,3,0,0.0,63287.47,9,1,0.1111111111111111,0
LGS2ORD0029341,C012921,2025-08-21 08:00:00,Male,54,Bronze,Lazada,Bangkok,618,Web,Bank_Transfer,8,8,3,0,>50,20.6,3.0,1.0,0.3333333333333333,14,14,3521.056666666667,0.08,0.0,0.0,0.0,0.0,0,0,0.0,4055.09,2,1,0.5,4055.09,2,1,0.5,10563.17,3,1,0.3333333333333333,0
LGS2ORD0029342,C013832,2025-08-21 09:00:00,Female,32,Bronze,Web,Songkhla,490,Lazada,Bank_Transfer,9,8,3,0,30-40,16.333333333333332,1.0,1.0,1.0,118,131,5835.25,0.03,0.0,0.0,0.0,0.0,0,0,0.0,0.0,0,0,0.0,0.0,0,0,0.0,5835.25,1,1,1.0,1
LGS2ORD0029343,C016247,2025-08-21 09:00:00,Female,33,Silver,TV,Phuket,1140,TV_Show,PromptPay,9,8,3,0,30-40,38.0,0.0,0.0,0.0,-1,-1,0.0,0.0,0.0,0.0,0.0,0.0,0,0,0.0,0.0,0,0,0.0,0.0,0,0,0.0,0.0,0,0,0.0,1
LGS2ORD0029344,C017859,2025-08-21 09:00:00,Male,28,Gold,Web,Nakhon Ratchasima,901,Web,Credit_Card,9,8,3,0,20-30,30.033333333333335,2.0,0.0,0.0,-1,117,1671.445,0.08,0.0,0.0,0.0,0.0,0,0,0.0,0.0,0,0,0.0,0.0,0,0,0.0,3342.89,2,0,0.0,0
LGS2ORD0029345,C014159,2025-08-21 09:00:00,Male,50,Silver,CallCenter,Songkhla,1008,CallCenter,COD,9,8,3,0,40-50,33.6,0.0,0.0,0.0,-1,-1,0.0,0.0,0.0,0.0,0.0,0.0,0,0,0.0,0.0,0,0,0.0,0.0,0,0,0.0,0.0,0,0,0.0,0
LGS2ORD0029346,C016184,2025-08-21 09:00:00,Male,40,Bronze,TV,Remote_Area,1087,Shopee,Credit_Card,9,8,3,0,30-40,36.233333333333334,9.0,3.0,0.3333333333333333,19,26,5309.736666666667,0.23,0.6666666666666666,0.2222222222222222,0.0,0.0,0,0,0.0,1040.63,1,1,1.0,12611.990000000002,3,2,0.6666666666666666,47787.63,9,3,0.3333333333333333,0
LGS2ORD0029347,C015352,2025-08-21 10:00:00,Female,18,Gold,Web,Phuket,557,Lazada,COD,10,8,3,0,<20,18.566666666666666,3.0,1.0,0.3333333333333333,182,77,1303.07,0.2299999999999999,0.3333333333333333,0.6666666666666666,0.0,0.0,0,0,0.0,0.0,0,0,0.0,863.98,1,0,0.0,3909.2099999999996,3,1,0.3333333333333333,0
LGS2ORD0029348,C013692,2025-08-21 10:00:00,Male,48,Gold,TV,Nakhon Ratchasima,534,Shopee,COD,10,8,3,0,40-50,17.8,2.0,0.0,0.0,-1,19,1214.175,0.28,1.0,0.5,0.0,0.0,0,0,0.0,1358.55,1,0,0.0,1358.55,1,0,0.0,2428.35,2,0,0.0,1
LGS2ORD0029349,C015440,2025-08-21 10:00:00,Other,57,Bronze,Web,Phuket,926,CallCenter,Bank_Transfer,10,8,3,0,>50,30.866666666666667,4.0,0.0,0.0,-1,23,3675.49,0.28,0.25,0.5,0.0,0.0,0,0,0.0,2712.57,1,0,0.0,2712.57,1,0,0.0,14701.96,4,0,0.0,0
LGS2ORD0029350,C011955,2025-08-21 10:00:00,Male,20,Silver,Lazada,Nakhon Ratchasima,1329,Lazada,COD,10,8,3,0,<20,44.3,5.0,1.0,0.2,39,38,7604.5999999999985,0.3,0.6,0.2,0.0,0.0,0,0,0.0,0.0,0,0,0.0,9552.37,2,1,0.5,38022.99999999999,5,1,0.2,0
LGS2ORD0029351,C016013,2025-08-21 10:00:00,Male,55,Bronze,Lazada,Khon Kaen,477,Lazada,COD,10,8,3,0,>50,15.9,2.0,0.0,0.0,-1,122,3779.175,0.13,0.5,0.0,0.0,0.0,0,0,0.0,0.0,0,0,0.0,0.0,0,0,0.0,7558.35,2,0,0.0,0
LGS2ORD0029352,C015085,2025-08-21 11:00:00,Female,39,Bronze,Shopee,Remote_Area,1314,TV_Show,COD,11,8,3,0,30-40,43.8,6.0,2.0,0.3333333333333333,44,33,5833.68,0.28,0.3333333333333333,0.16666666666666666,0.0,0.0,0,0,0.0,0.0,0,0,0.0,23122.539999999997,3,1,0.3333333333333333,35002.08,6,2,0.3333333333333333,0
LGS2ORD0029353,C016011,2025-08-21 11:00:00,Male,47,Platinum,Web,Bangkok,475,TV_Show,PromptPay,11,8,3,0,40-50,15.833333333333334,3.0,1.0,0.3333333333333333,40,57,1051.03,0.2,0.3333333333333333,0.0,0.0,0.0,0,0,0.0,0.0,0,0,0.0,809.88,1,1,1.0,3153.09,3,1,0.3333333333333333,0
LGS2ORD0029354,C013872,2025-08-21 11:00:00,Male,59,Gold,Lazada,Bangkok,850,TV_Show,PromptPay,11,8,3,0,>50,28.333333333333332,1.0,1.0,1.0,103,113,15143.93,0.33,0.0,1.0,0.0,0.0,0,0,0.0,0.0,0,0,0.0,0.0,0,0,0.0,15143.93,1,1,1.0,0
LGS2ORD0029355,C011612,2025-08-21 11:00:00,Male,56,Silver,Shopee,Chonburi,1377,TV_Show,COD,11,8,3,0,>50,45.9,3.0,1.0,0.3333333333333333,-5,8,3224.1,0.3,1.0,0.6666666666666666,0.0,0.0,0,0,0.0,4672.36,1,1,1.0,4672.36,1,1,1.0,9672.3,3,1,0.3333333333333333,0
LGS2ORD0029356,C010029,2025-08-21 11:00:00,Male,32,Gold,Lazada,Bangkok,1294,CallCenter,PromptPay,11,8,3,0,30-40,43.13333333333333,2.0,0.0,0.0,-1,8,1098.935,0.08,0.0,0.0,0.0,0.0,0,0,0.0,1737.27,1,0,0.0,1737.27,1,0,0.0,2197.87,2,0,0.0,0
LGS2ORD0029357,C012185,2025-08-21 12:00:00,Female,49,Silver,Web,Khon Kaen,889,Lazada,Credit_Card,12,8,3,0,40-50,29.633333333333333,3.0,0.0,0.0,-1,59,3892.016666666667,0.15,1.0,0.0,0.0,0.0,0,0,0.0,0.0,0,0,0.0,4666.52,1,0,0.0,11676.050000000001,3,0,0.0,0
LGS2ORD0029358,C015620,2025-08-21 12:00:00,Male,45,Silver,Lazada,Khon Kaen,519,TV_Show,PromptPay,12,8,3,0,40-50,17.3,2.0,1.0,0.5,66,74,2305.72,0.3,0.5,0.5,0.0,0.0,0,0,0.0,0.0,0,0,0.0,4611.44,2,1,0.5,4611.44,2,1,0.5,0
LGS2ORD0029359,C013959,2025-08-21 12:00:00,Female,60,Silver,Shopee,Khon Kaen,900,TV_Show,COD,12,8,3,0,>50,30.0,3.0,1.0,0.3333333333333333,171,34,9018.433333333334,0.25,1.0,0.6666666666666666,0.0,0.0,0,0,0.0,0.0,0,0,0.0,7819.1,1,0,0.0,27055.300000000003,3,1,0.3333333333333333,0
LGS2ORD0029360,C014131,2025-08-21 12:00:00,Female,51,Silver,Shopee,Bangkok,1467,CallCenter,Bank_Transfer,12,8,3,0,>50,48.9,7.0,2.0,0.2857142857142857,67,4,2862.988571428571,0.3,0.42857142857142855,0.7142857142857143,0.0,3583.7,1,0,0.0,4411.889999999999,2,0,0.0,8885.919999999998,3,1,0.3333333333333333,20040.92,7,2,0.2857142857142857,0
LGS2ORD0029361,C010524,2025-08-21 12:00:00,Female,40,Bronze,Lazada,Bangkok,741,Web,PromptPay,12,8,3,0,30-40,24.7,2.0,0.0,0.0,-1,155,10119.03,0.23,0.5,1.0,0.0,0.0,0,0,0.0,0.0,0,0,0.0,0.0,0,0,0.0,20238.06,2,0,0.0,0
LGS2ORD0029362,C016603,2025-08-21 12:00:00,Female,36,Bronze,Web,Remote_Area,896,Lazada,COD,12,8,3,0,30-40,29.866666666666667,5.0,0.0,0.0,-1,3,12861.207999999999,0.18,0.2,0.0,0.0,18193.3,1,0,0.0,18193.3,1,0,0.0,44178.649999999994,3,0,0.0,64306.03999999999,5,0,0.0,0
LGS2ORD0029363,C017773,2025-08-21 13:00:00,Female,33,Bronze,TV,Chiang Mai,535,Web,Credit_Card,13,8,3,0,30-40,17.833333333333332,4.0,0.0,0.0,-1,90,8277.3075,0.18,0.75,0.0,0.0,0.0,0,0,0.0,0.0,0,0,0.0,0.0,0,0,0.0,33109.23,4,0,0.0,0
LGS2ORD0029364,C014497,2025-08-21 13:00:00,Male,44,Bronze,Web,Chiang Mai,1449,TV_Show,COD,13,8,3,0,40-50,48.3,7.0,1.0,0.14285714285714285,146,1,5442.2699999999995,0.28,0.7142857142857143,0.7142857142857143,0.0,4074.05,1,0,0.0,4074.05,1,0,0.0,12851.32,2,0,0.0,38095.89,7,1,0.14285714285714285,0
LGS2ORD0029365,C013812,2025-08-21 13:00:00,Male,32,Bronze,TV,Nakhon Ratchasima,294,CallCenter,Credit_Card,13,8,3,0,30-40,9.8,3.0,0.0,0.0,-1,91,14541.073333333334,0.18,0.3333333333333333,0.0,0.0,0.0,0,0,0.0,0.0,0,0,0.0,0.0,0,0,0.0,43623.22,3,0,0.0,0
LGS2ORD0029366,C016155,2025-08-21 13:00:00,Female,54,Bronze,TV,Chiang Mai,1288,Shopee,COD,13,8,3,0,>50,42.93333333333333,4.0,0.0,0.0,-1,62,6646.2225,0.28,0.75,0.25,0.0,0.0,0,0,0.0,0.0,0,0,0.0,8334.09,1,0,0.0,26584.89,4,0,0.0,0
LGS2ORD0029367,C015533,2025-08-21 13:00:00,Female,22,Silver,CallCenter,Bangkok,1153,Shopee,PromptPay,13,8,3,0,20-30,38.43333333333333,3.0,0.0,0.0,-1,155,4314.906666666667,0.25,0.6666666666666666,0.3333333333333333,0.0,0.0,0,0,0.0,0.0,0,0,0.0,0.0,0,0,0.0,12944.720000000001,3,0,0.0,0
LGS2ORD0029368,C013778,2025-08-21 14:00:00,Female,26,Bronze,CallCenter,Bangkok,1553,Lazada,COD,14,8,3,0,20-30,51.766666666666666,1.0,0.0,0.0,-1,154,5307.36,0.28,1.0,1.0,0.0,0.0,0,0,0.0,0.0,0,0,0.0,0.0,0,0,0.0,5307.36,1,0,0.0,0
LGS2ORD0029369,C011710,2025-08-21 14:00:00,Female,18,Platinum,CallCenter,Khon Kaen,1008,Shopee,Credit_Card,14,8,3,0,<20,33.6,4.0,1.0,0.25,119,54,6312.0325,0.25,0.25,0.25,0.0,0.0,0,0,0.0,0.0,0,0,0.0,20199.08,2,0,0.0,25248.13,4,1,0.25,0
LGS2ORD0029370,C011418,2025-08-21 14:00:00,Female,41,Silver,TV,Songkhla,301,Shopee,COD,14,8,3,0,40-50,10.033333333333333,4.0,2.0,0.5,42,53,6021.817499999999,0.25,0.25,0.25,0.0,0.0,0,0,0.0,0.0,0,0,0.0,21629.199999999997,3,2,0.6666666666666666,24087.269999999997,4,2,0.5,1
LGS2ORD0029371,C016442,2025-08-21 14:00:00,Male,51,Silver,Web,Remote_Area,405,TV_Show,COD,14,8,3,0,>50,13.5,4.0,0.0,0.0,-1,9,7032.52,0.3,0.25,0.25,0.0,0.0,0,0,0.0,9857.54,1,0,0.0,12967.35,2,0,0.0,28130.08,4,0,0.0,1
LGS2ORD0029372,C015807,2025-08-21 14:00:00,Male,33,Silver,Web,Chiang Mai,960,Shopee,COD,14,8,3,0,30-40,32.0,2.0,1.0,0.5,159,143,6407.99,0.2,0.5,0.0,0.0,0.0,0,0,0.0,0.0,0,0,0.0,0.0,0,0,0.0,12815.98,2,1,0.5,0
LGS2ORD0029373,C017546,2025-08-21 15:00:00,Male,34,Gold,Shopee,Bangkok,1555,Lazada,COD,15,8,3,0,30-40,51.833333333333336,2.0,0.0,0.0,-1,62,1602.63,0.2299999999999999,1.0,0.5,0.0,0.0,0,0,0.0,0.0,0,0,0.0,1721.04,1,0,0.0,3205.26,2,0,0.0,0
LGS2ORD0029374,C014599,2025-08-21 15:00:00,Male,34,Gold,Shopee,Nakhon Ratchasima,1467,Web,Bank_Transfer,15,8,3,0,30-40,48.9,0.0,0.0,0.0,-1,-1,0.0,0.0,0.0,0.0,0.0,0.0,0,0,0.0,0.0,0,0,0.0,0.0,0,0,0.0,0.0,0,0,0.0,0
LGS2ORD0029375,C015833,2025-08-21 15:00:00,Female,41,Gold,Shopee,Bangkok,1484,TV_Show,Bank_Transfer,15,8,3,0,40-50,49.46666666666667,7.0,3.0,0.42857142857142855,38,15,2915.3671428571424,0.33,0.42857142857142855,0.2857142857142857,0.0,0.0,0,0,0.0,2566.1,1,0,0.0,13303.11,3,1,0.3333333333333333,20407.569999999996,7,3,0.42857142857142855,0
LGS2ORD0029376,C016890,2025-08-21 15:00:00,Male,27,Gold,Shopee,Khon Kaen,1151,Shopee,COD,15,8,3,0,20-30,38.36666666666667,4.0,1.0,0.25,107,32,6541.565,0.2299999999999999,0.25,0.25,0.0,0.0,0,0,0.0,0.0,0,0,0.0,5037.0599999999995,2,0,0.0,26166.26,4,1,0.25,0
LGS2ORD0029377,C017396,2025-08-21 15:00:00,Male,28,Bronze,TV,Remote_Area,1218,Web,Bank_Transfer,15,8,3,0,20-30,40.6,6.0,3.0,0.5,150,54,4041.6833333333343,0.28,0.5,0.16666666666666666,0.0,0.0,0,0,0.0,0.0,0,0,0.0,4183.24,1,0,0.0,24250.100000000006,6,3,0.5,1
LGS2ORD0029378,C014079,2025-08-21 16:00:00,Female,54,Bronze,Shopee,Remote_Area,1579,TV_Show,Bank_Transfer,16,8,3,0,>50,52.63333333333333,2.0,0.0,0.0,-1,74,4579.21,0.28,1.0,0.5,0.0,0.0,0,0,0.0,0.0,0,0,0.0,1398.94,1,0,0.0,9158.42,2,0,0.0,0
LGS2ORD0029379,C017964,2025-08-21 16:00:00,Male,49,Platinum,Shopee,Bangkok,1214,TV_Show,Credit_Card,16,8,3,0,40-50,40.46666666666667,6.0,0.0,0.0,-1,18,4852.421666666666,0.3,0.5,0.5,0.0,0.0,0,0,0.0,3758.15,1,0,0.0,11143.47,2,0,0.0,29114.53,6,0,0.0,1
LGS2ORD0029380,C015992,2025-08-21 16:00:00,Male,53,Silver,Lazada,Nakhon Ratchasima,1572,Lazada,COD,16,8,3,0,>50,52.4,3.0,1.0,0.3333333333333333,107,47,12002.293333333335,0.2,1.0,0.0,0.0,0.0,0,0,0.0,0.0,0,0,0.0,26845.52,1,0,0.0,36006.880000000005,3,1,0.3333333333333333,0
LGS2ORD0029381,C014002,2025-08-21 16:00:00,Male,36,Bronze,TV,Bangkok,647,Shopee,COD,16,8,3,0,30-40,21.566666666666666,5.0,3.0,0.6,11,15,3285.6040000000003,0.23,0.8,0.2,0.0,0.0,0,0,0.0,9000.02,1,1,1.0,13398.34,4,3,0.75,16428.02,5,3,0.6,0
LGS2ORD0029382,C013836,2025-08-21 16:00:00,Female,59,Bronze,Shopee,Songkhla,1365,Lazada,COD,16,8,3,0,>50,45.5,4.0,1.0,0.25,131,123,4391.26,0.28,0.5,0.5,0.0,0.0,0,0,0.0,0.0,0,0,0.0,0.0,0,0,0.0,17565.04,4,1,0.25,1
LGS2ORD0029383,C016927,2025-08-21 16:00:00,Male,39,Bronze,TV,Chonburi,318,Shopee,COD,16,8,3,0,30-40,10.6,6.0,3.0,0.5,70,80,2901.8333333333335,0.23,0.6666666666666666,0.16666666666666666,0.0,0.0,0,0,0.0,0.0,0,0,0.0,8901.64,3,2,0.6666666666666666,17411.0,6,3,0.5,0
LGS2ORD0029384,C011429,2025-08-21 17:00:00,Male,30,Bronze,TV,Bangkok,560,Web,PromptPay,17,8,3,0,20-30,18.666666666666668,5.0,0.0,0.0,-1,42,2806.0080000000003,0.28,0.8,0.4,0.0,0.0,0,0,0.0,0.0,0,0,0.0,1622.67,1,0,0.0,14030.04,5,0,0.0,0
LGS2ORD0029385,C012560,2025-08-21 17:00:00,Female,37,Silver,Web,Phuket,502,Shopee,Bank_Transfer,17,8,3,0,30-40,16.733333333333334,6.0,2.0,0.3333333333333333,75,47,8706.918333333333,0.25,0.8333333333333334,0.16666666666666666,0.0,0.0,0,0,0.0,0.0,0,0,0.0,24115.870000000003,2,1,0.5,52241.51,6,2,0.3333333333333333,0
LGS2ORD0029386,C016160,2025-08-21 17:00:00,Female,46,Bronze,Web,Chonburi,975,Web,Credit_Card,17,8,3,0,40-50,32.5,2.0,0.0,0.0,-1,147,12416.474999999999,0.23,0.5,0.5,0.0,0.0,0,0,0.0,0.0,0,0,0.0,0.0,0,0,0.0,24832.949999999997,2,0,0.0,0
LGS2ORD0029387,C013275,2025-08-21 17:00:00,Male,32,Gold,CallCenter,Chonburi,306,Web,Credit_Card,17,8,3,0,30-40,10.2,0.0,0.0,0.0,-1,-1,0.0,0.0,0.0,0.0,0.0,0.0,0,0,0.0,0.0,0,0,0.0,0.0,0,0,0.0,0.0,0,0,0.0,0
LGS2ORD0029388,C010818,2025-08-21 17:00:00,Male,36,Bronze,Web,Nakhon Ratchasima,418,Web,COD,17,8,3,0,30-40,13.933333333333334,5.0,1.0,0.2,199,14,3103.8599999999997,0.28,0.6,0.4,0.0,0.0,0,0,0.0,5655.57,2,0,0.0,8093.78,3,0,0.0,15519.3,5,1,0.2,1
LGS2ORD0029389,C016443,2025-08-21 18:00:00,Male,44,Silver,Web,Bangkok,1671,TV_Show,COD,18,8,3,0,40-50,55.7,11.0,5.0,0.45454545454545453,28,32,7150.125454545455,0.25,0.7272727272727273,0.09090909090909091,0.0,0.0,0,0,0.0,0.0,0,0,0.0,32056.339999999997,4,3,0.75,78651.38,11,5,0.45454545454545453,0
LGS2ORD0029390,C012659,2025-08-21 18:00:00,Female,36,Platinum,TV,Remote_Area,357,TV_Show,COD,18,8,3,0,30-40,11.9,2.0,1.0,0.5,68,83,9076.545,0.25,1.0,0.5,0.0,0.0,0,0,0.0,0.0,0,0,0.0,741.26,1,1,1.0,18153.09,2,1,0.5,0
LGS2ORD0029391,C011657,2025-08-21 18:00:00,Female,30,Silver,Web,Chonburi,1599,TV_Show,COD,18,8,3,0,20-30,53.3,1.0,0.0,0.0,-1,41,2811.04,0.2,0.0,0.0,0.0,0.0,0,0,0.0,0.0,0,0,0.0,2811.04,1,0,0.0,2811.04,1,0,0.0,0
LGS2ORD0029392,C017455,2025-08-21 18:00:00,Male,47,Bronze,Web,Remote_Area,1074,Lazada,COD,18,8,3,0,40-50,35.8,5.0,1.0,0.2,140,0,9336.206,0.28,0.6,0.2,0.0,4162.69,1,0,0.0,4162.69,1,0,0.0,4162.69,1,0,0.0,46681.03,5,1,0.2,1
LGS2ORD0029393,C010900,2025-08-21 18:00:00,Female,58,Bronze,Web,Songkhla,262,Lazada,COD,18,8,3,0,>50,8.733333333333333,10.0,4.0,0.4,118,42,10388.079000000002,0.28,0.4,0.1,0.0,0.0,0,0,0.0,0.0,0,0,0.0,44721.05,2,0,0.0,103880.79000000001,10,4,0.4,0
LGS2ORD0029394,C014858,2025-08-21 19:00:00,Male,30,Gold,Shopee,Remote_Area,1354,CallCenter,COD,19,8,3,0,20-30,45.13333333333333,3.0,1.0,0.3333333333333333,13,19,7685.163333333333,0.28,0.3333333333333333,1.0,0.0,0.0,0,0,0.0,15599.64,1,1,1.0,15599.64,1,1,1.0,23055.489999999998,3,1,0.3333333333333333,1
LGS2ORD0029395,C014551,2025-08-21 19:00:00,Female,40,Bronze,CallCenter,Chiang Mai,774,TV_Show,COD,19,8,3,0,30-40,25.8,3.0,1.0,0.3333333333333333,83,79,8398.433333333332,0.23,0.3333333333333333,0.3333333333333333,0.0,0.0,0,0,0.0,0.0,0,0,0.0,1775.7,1,0,0.0,25195.3,3,1,0.3333333333333333,0
LGS2ORD0029396,C016906,2025-08-21 19:00:00,Male,37,Bronze,Web,Nakhon Ratchasima,1381,TV_Show,Credit_Card,19,8,3,0,30-40,46.03333333333333,1.0,0.0,0.0,-1,170,4028.73,0.13,1.0,0.0,0.0,0.0,0,0,0.0,0.0,0,0,0.0,0.0,0,0,0.0,4028.73,1,0,0.0,1
LGS2ORD0029397,C015064,2025-08-21 19:00:00,Female,46,Bronze,TV,Remote_Area,907,TV_Show,Credit_Card,19,8,3,0,40-50,30.233333333333334,5.0,2.0,0.4,112,113,5144.517999999999,0.28,0.8,0.6,0.0,0.0,0,0,0.0,0.0,0,0,0.0,0.0,0,0,0.0,25722.589999999997,5,2,0.4,0
LGS2ORD0029398,C011837,2025-08-21 19:00:00,Female,45,Gold,Web,Remote_Area,1684,TV_Show,Bank_Transfer,19,8,3,0,40-50,56.13333333333333,3.0,1.0,0.3333333333333333,69,12,2865.0866666666666,0.28,0.6666666666666666,0.3333333333333333,0.0,0.0,0,0,0.0,1081.33,1,0,0.0,5368.42,2,1,0.5,8595.26,3,1,0.3333333333333333,0
LGS2ORD0029399,C013651,2025-08-21 19:00:00,Female,29,Gold,Web,Bangkok,1150,Lazada,COD,19,8,3,0,20-30,38.333333333333336,5.0,1.0,0.2,167,99,4260.762000000001,0.2299999999999999,0.2,0.2,0.0,0.0,0,0,0.0,0.0,0,0,0.0,0.0,0,0,0.0,21303.81,5,1,0.2,1
LGS2ORD0029400,C014291,2025-08-21 20:00:00,Male,18,Silver,TV,Bangkok,302,Shopee,COD,20,8,3,0,<20,10.066666666666666,1.0,0.0,0.0,-1,33,3460.09,0.25,1.0,1.0,0.0,0.0,0,0,0.0,0.0,0,0,0.0,3460.09,1,0,0.0,3460.09,1,0,0.0,1
LGS2ORD0029401,C015790,2025-08-21 20:00:00,Male,36,Bronze,CallCenter,Bangkok,1639,Lazada,PromptPay,20,8,3,0,30-40,54.63333333333333,5.0,0.0,0.0,-1,15,3826.514,0.28,0.6,0.2,0.0,0.0,0,0,0.0,8852.93,1,0,0.0,15348.34,4,0,0.0,19132.57,5,0,0.0,0
LGS2ORD0029402,C016907,2025-08-21 20:00:00,Male,43,Gold,Lazada,Chonburi,1014,TV_Show,COD,20,8,3,0,40-50,33.8,5.0,3.0,0.6,32,40,7915.8279999999995,0.28,0.6,0.4,0.0,0.0,0,0,0.0,0.0,0,0,0.0,30363.83,3,2,0.6666666666666666,39579.14,5,3,0.6,0
LGS2ORD0029403,C013382,2025-08-21 20:00:00,Female,48,Platinum,Shopee,Chonburi,1642,Web,PromptPay,20,8,3,0,40-50,54.733333333333334,5.0,1.0,0.2,205,99,3632.942,0.25,0.8,0.2,0.0,0.0,0,0,0.0,0.0,0,0,0.0,0.0,0,0,0.0,18164.71,5,1,0.2,0
LGS2ORD0029404,C014779,2025-08-21 20:00:00,Female,56,Silver,TV,Remote_Area,508,Web,Bank_Transfer,20,8,3,0,>50,16.933333333333334,3.0,1.0,0.3333333333333333,211,175,6033.893333333333,0.1,0.0,0.0,0.0,0.0,0,0,0.0,0.0,0,0,0.0,0.0,0,0,0.0,18101.68,3,1,0.3333333333333333,0
LGS2ORD0029405,C016433,2025-08-21 21:00:00,Male,51,Gold,Shopee,Chiang Mai,820,CallCenter,PromptPay,21,8,3,0,>50,27.333333333333332,4.0,2.0,0.5,133,8,4509.1525,0.28,0.25,0.75,0.0,0.0,0,0,0.0,4716.91,1,0,0.0,4716.91,1,0,0.0,18036.61,4,2,0.5,1
LGS2ORD0029406,C017791,2025-08-21 21:00:00,Female,60,Gold,Web,Nakhon Ratchasima,1676,CallCenter,Credit_Card,21,8,3,0,>50,55.86666666666667,2.0,0.0,0.0,-1,50,5267.384999999999,0.13,0.0,0.0,0.0,0.0,0,0,0.0,0.0,0,0,0.0,8486.96,1,0,0.0,10534.769999999999,2,0,0.0,0
LGS2ORD0029407,C012384,2025-08-21 21:00:00,Female,43,Silver,TV,Khon Kaen,475,Web,COD,21,8,3,0,40-50,15.833333333333334,3.0,0.0,0.0,-1,173,4986.900000000001,0.3,0.3333333333333333,0.3333333333333333,0.0,0.0,0,0,0.0,0.0,0,0,0.0,0.0,0,0,0.0,14960.7,3,0,0.0,0
LGS2ORD0029408,C011715,2025-08-21 21:00:00,Female,60,Platinum,Web,Songkhla,632,Shopee,PromptPay,21,8,3,0,>50,21.066666666666666,2.0,0.0,0.0,-1,120,4590.565,0.3,0.5,0.5,0.0,0.0,0,0,0.0,0.0,0,0,0.0,0.0,0,0,0.0,9181.13,2,0,0.0,0
LGS2ORD0029409,C011937,2025-08-21 21:00:00,Female,46,Gold,TV,Bangkok,662,Shopee,Bank_Transfer,21,8,3,0,40-50,22.066666666666666,8.0,3.0,0.375,7,24,3968.275,0.33,0.625,0.75,0.0,0.0,0,0,0.0,3653.92,1,1,1.0,26291.79,5,2,0.4,31746.2,8,3,0.375,0
LGS2ORD0029410,C015057,2025-08-21 22:00:00,Female,62,Bronze,Shopee,Remote_Area,245,CallCenter,Credit_Card,22,8,3,0,>50,8.166666666666666,5.0,1.0,0.2,53,61,3084.9159999999997,0.23,0.8,0.2,0.0,0.0,0,0,0.0,0.0,0,0,0.0,1865.89,1,1,1.0,15424.579999999998,5,1,0.2,0
LGS2ORD0029411,C010158,2025-08-21 22:00:00,Male,31,Silver,Web,Remote_Area,1586,Shopee,COD,22,8,3,0,30-40,52.86666666666667,4.0,1.0,0.25,145,40,7454.16,0.15,0.75,0.0,0.0,0.0,0,0,0.0,0.0,0,0,0.0,19593.42,2,0,0.0,29816.64,4,1,0.25,1
LGS2ORD0029412,C012400,2025-08-21 22:00:00,Female,38,Bronze,TV,Phuket,1668,Web,COD,22,8,3,0,30-40,55.6,10.0,2.0,0.2,-5,5,6725.727000000001,0.18,0.5,0.0,0.0,1895.06,1,1,1.0,5317.43,2,1,0.5,17736.760000000002,4,2,0.5,67257.27,10,2,0.2,1
LGS2ORD0029413,C012746,2025-08-21 22:00:00,Female,41,Silver,Lazada,Chonburi,1034,CallCenter,COD,22,8,3,0,40-50,34.46666666666667,3.0,1.0,0.3333333333333333,136,85,16266.896666666667,0.25,0.0,0.3333333333333333,0.0,0.0,0,0,0.0,0.0,0,0,0.0,8537.82,1,0,0.0,48800.69,3,1,0.3333333333333333,1
LGS2ORD0029414,C016342,2025-08-21 22:00:00,Female,27,Gold,TV,Chiang Mai,1163,CallCenter,COD,22,8,3,0,20-30,38.766666666666666,5.0,2.0,0.4,81,94,3969.3880000000004,0.33,0.6,0.6,0.0,0.0,0,0,0.0,0.0,0,0,0.0,0.0,0,0,0.0,19846.940000000002,5,2,0.4,0
LGS2ORD0029415,C014684,2025-08-21 23:00:00,Female,43,Silver,Lazada,Bangkok,951,TV_Show,Credit_Card,23,8,3,0,40-50,31.7,3.0,0.0,0.0,-1,2,7504.93,0.3,0.0,0.3333333333333333,0.0,1084.47,1,0,0.0,1084.47,1,0,0.0,11001.17,2,0,0.0,22514.79,3,0,0.0,0
LGS2ORD0029416,C017230,2025-08-21 23:00:00,Male,25,Silver,CallCenter,Bangkok,1064,Lazada,COD,23,8,3,0,20-30,35.46666666666667,4.0,0.0,0.0,-1,3,9638.300000000001,0.3,0.5,0.25,0.0,232.98,1,0,0.0,232.98,1,0,0.0,9032.99,2,0,0.0,38553.200000000004,4,0,0.0,0
LGS2ORD0029417,C010790,2025-08-21 23:00:00,Female,36,Silver,Web,Khon Kaen,453,TV_Show,COD,23,8,3,0,30-40,15.1,3.0,1.0,0.3333333333333333,-3,7,1313.4266666666665,0.25,0.3333333333333333,0.6666666666666666,0.0,0.0,0,0,0.0,680.45,1,1,1.0,680.45,1,1,1.0,3940.2799999999997,3,1,0.3333333333333333,1
LGS2ORD0029418,C012142,2025-08-21 23:00:00,Male,40,Silver,Web,Phuket,475,Web,Credit_Card,23,8,3,0,30-40,15.833333333333334,4.0,2.0,0.5,92,98,3191.8875,0.2,0.25,0.0,0.0,0.0,0,0,0.0,0.0,0,0,0.0,0.0,0,0,0.0,12767.55,4,2,0.5,1
LGS2ORD0029419,C014665,2025-08-21 23:00:00,Male,36,Bronze,Web,Nakhon Ratchasima,691,TV_Show,PromptPay,23,8,3,0,30-40,23.033333333333335,3.0,1.0,0.3333333333333333,111,75,10624.253333333334,0.18,0.6666666666666666,0.0,0.0,0.0,0,0,0.0,0.0,0,0,0.0,25166.04,1,0,0.0,31872.760000000002,3,1,0.3333333333333333,0
LGS2ORD0029420,C010487,2025-08-21 23:00:00,Male,63,Bronze,TV,Remote_Area,1243,Lazada,PromptPay,23,8,3,0,>50,41.43333333333333,7.0,1.0,0.14285714285714285,26,30,5325.635714285714,0.28,0.42857142857142855,0.42857142857142855,0.0,0.0,0,0,0.0,0.0,0,0,0.0,30741.929999999997,5,1,0.2,37279.45,7,1,0.14285714285714285,0
LGS2ORD0029421,C010477,2025-08-22 00:00:00,Female,52,Gold,Shopee,Khon Kaen,322,TV_Show,COD,0,8,4,0,>50,10.733333333333333,3.0,2.0,0.6666666666666666,60,70,6408.923333333333,0.33,0.6666666666666666,0.3333333333333333,0.0,0.0,0,0,0.0,0.0,0,0,0.0,12734.87,1,1,1.0,19226.77,3,2,0.6666666666666666,0
LGS2ORD0029422,C011827,2025-08-22 00:00:00,Female,62,Bronze,Lazada,Bangkok,1072,TV_Show,PromptPay,0,8,4,0,>50,35.733333333333334,3.0,1.0,0.3333333333333333,31,39,5399.193333333334,0.23,0.6666666666666666,0.3333333333333333,0.0,0.0,0,0,0.0,0.0,0,0,0.0,3616.43,1,1,1.0,16197.580000000002,3,1,0.3333333333333333,1
LGS2ORD0029423,C015162,2025-08-22 00:00:00,Female,47,Bronze,Web,Nakhon Ratchasima,705,Shopee,Credit_Card,0,8,4,0,40-50,23.5,4.0,0.0,0.0,-1,89,4812.625,0.28,0.25,0.25,0.0,0.0,0,0,0.0,0.0,0,0,0.0,533.33,1,0,0.0,19250.5,4,0,0.0,0
LGS2ORD0029424,C010076,2025-08-22 00:00:00,Male,39,Bronze,TV,Chonburi,1619,Web,COD,0,8,4,0,30-40,53.96666666666667,2.0,0.0,0.0,-1,162,4406.205,0.28,0.0,0.5,0.0,0.0,0,0,0.0,0.0,0,0,0.0,0.0,0,0,0.0,8812.41,2,0,0.0,0
LGS2ORD0029425,C014553,2025-08-22 00:00:00,Male,54,Silver,TV,Bangkok,1348,Web,PromptPay,0,8,4,0,>50,44.93333333333333,2.0,1.0,0.5,31,39,3142.885,0.25,0.0,0.5,0.0,0.0,0,0,0.0,0.0,0,0,0.0,6285.77,2,1,0.5,6285.77,2,1,0.5,0
LGS2ORD0029426,C017530,2025-08-22 01:00:00,Female,40,Silver,Shopee,Chiang Mai,1517,TV_Show,PromptPay,1,8,4,0,30-40,50.56666666666667,1.0,1.0,1.0,19,28,11917.71,0.25,0.0,1.0,0.0,0.0,0,0,0.0,11917.71,1,1,1.0,11917.71,1,1,1.0,11917.71,1,1,1.0,0
LGS2ORD0029427,C012547,2025-08-22 01:00:00,Male,47,Bronze,Shopee,Chiang Mai,1307,TV_Show,COD,1,8,4,0,40-50,43.56666666666667,3.0,2.0,0.6666666666666666,75,82,3867.816666666667,0.23,0.6666666666666666,0.3333333333333333,0.0,0.0,0,0,0.0,0.0,0,0,0.0,9625.039999999999,2,2,1.0,11603.45,3,2,0.6666666666666666,1
LGS2ORD0029428,C017984,2025-08-22 01:00:00,Female,61,Bronze,Lazada,Khon Kaen,1529,TV_Show,Credit_Card,1,8,4,0,>50,50.96666666666667,6.0,3.0,0.5,-13,1,7815.485,0.23,0.6666666666666666,0.16666666666666666,0.0,3096.65,1,1,1.0,16417.52,2,2,1.0,16417.52,2,2,1.0,46892.909999999996,6,3,0.5,1
LGS2ORD0029429,C013906,2025-08-22 01:00:00,Female,37,Bronze,Shopee,Bangkok,853,Shopee,COD,1,8,4,0,30-40,28.433333333333334,6.0,2.0,0.3333333333333333,49,44,4242.845,0.23,0.6666666666666666,0.5,0.0,0.0,0,0,0.0,0.0,0,0,0.0,9302.32,4,1,0.25,25457.07,6,2,0.3333333333333333,0
LGS2ORD0029430,C014184,2025-08-22 01:00:00,Female,43,Bronze,TV,Chiang Mai,376,TV_Show,COD,1,8,4,0,40-50,12.533333333333333,4.0,0.0,0.0,-1,5,6524.865,0.13,0.5,0.0,0.0,11019.6,1,0,0.0,12579.44,2,0,0.0,22102.1,3,0,0.0,26099.46,4,0,0.0,0
LGS2ORD0029431,C010869,2025-08-22 02:00:00,Male,41,Gold,Web,Chiang Mai,519,Lazada,COD,2,8,4,0,40-50,17.3,1.0,0.0,0.0,-1,141,3691.7,0.08,0.0,0.0,0.0,0.0,0,0,0.0,0.0,0,0,0.0,0.0,0,0,0.0,3691.7,1,0,0.0,0
LGS2ORD0029432,C010696,2025-08-22 02:00:00,Female,52,Bronze,Web,Nakhon Ratchasima,433,TV_Show,COD,2,8,4,0,>50,14.433333333333334,6.0,0.0,0.0,-1,7,11160.788333333332,0.28,0.6666666666666666,0.5,0.0,0.0,0,0,0.0,14749.56,1,0,0.0,16354.18,2,0,0.0,66964.73,6,0,0.0,1
LGS2ORD0029433,C017631,2025-08-22 02:00:00,Female,30,Bronze,Lazada,Chiang Mai,1400,Lazada,COD,2,8,4,0,20-30,46.666666666666664,3.0,0.0,0.0,-1,4,5076.990000000001,0.18,0.6666666666666666,0.0,0.0,333.04,1,0,0.0,2564.82,2,0,0.0,15230.970000000001,3,0,0.0,15230.970000000001,3,0,0.0,0
LGS2ORD0029434,C015180,2025-08-22 02:00:00,Male,44,Platinum,Shopee,Remote_Area,992,Shopee,PromptPay,2,8,4,0,40-50,33.06666666666667,3.0,2.0,0.6666666666666666,107,109,7115.876666666666,0.3,1.0,0.6666666666666666,0.0,0.0,0,0,0.0,0.0,0,0,0.0,0.0,0,0,0.0,21347.629999999997,3,2,0.6666666666666666,0
LGS2ORD0029435,C011747,2025-08-22 02:00:00,Male,65,Bronze,Web,Phuket,858,Lazada,COD,2,8,4,0,>50,28.6,4.0,1.0,0.25,49,17,6718.635,0.18,0.75,0.0,0.0,0.0,0,0,0.0,7512.39,1,0,0.0,25285.82,3,1,0.3333333333333333,26874.54,4,1,0.25,1
LGS2ORD0029436,C011834,2025-08-22 03:00:00,Male,50,Silver,TV,Bangkok,1072,Lazada,Credit_Card,3,8,4,0,40-50,35.733333333333334,2.0,1.0,0.5,222,4,9910.92,0.2,0.0,0.0,0.0,5431.04,1,0,0.0,5431.04,1,0,0.0,5431.04,1,0,0.0,19821.84,2,1,0.5,0
LGS2ORD0029437,C015298,2025-08-22 03:00:00,Female,42,Silver,Web,Bangkok,641,Web,Bank_Transfer,3,8,4,0,40-50,21.366666666666667,5.0,1.0,0.2,211,57,6530.142,0.3,0.4,0.2,0.0,0.0,0,0,0.0,0.0,0,0,0.0,1694.75,2,0,0.0,32650.71,5,1,0.2,1
LGS2ORD0029438,C015218,2025-08-22 03:00:00,Female,65,Silver,TV,Remote_Area,245,TV_Show,COD,3,8,4,0,>50,8.166666666666666,2.0,0.0,0.0,-1,54,3089.81,0.2,0.0,0.0,0.0,0.0,0,0,0.0,0.0,0,0,0.0,1126.5,1,0,0.0,6179.62,2,0,0.0,0
LGS2ORD0029439,C017914,2025-08-22 03:00:00,Male,32,Bronze,Web,Remote_Area,1555,TV_Show,COD,3,8,4,0,30-40,51.833333333333336,6.0,3.0,0.5,23,32,9141.109999999999,0.23,0.5,0.16666666666666666,0.0,0.0,0,0,0.0,0.0,0,0,0.0,24217.600000000002,2,1,0.5,54846.659999999996,6,3,0.5,0
LGS2ORD0029440,C011949,2025-08-22 03:00:00,Female,33,Gold,Web,Khon Kaen,290,Shopee,Bank_Transfer,3,8,4,0,30-40,9.666666666666666,7.0,1.0,0.14285714285714285,50,61,7570.8042857142855,0.28,0.8571428571428571,0.42857142857142855,0.0,0.0,0,0,0.0,0.0,0,0,0.0,1486.86,1,1,1.0,52995.63,7,1,0.14285714285714285,0
LGS2ORD0029441,C014367,2025-08-22 03:00:00,Female,29,Bronze,TV,Remote_Area,721,TV_Show,COD,3,8,4,0,20-30,24.033333333333335,4.0,1.0,0.25,143,112,1789.6225,0.23,0.5,0.5,0.0,0.0,0,0,0.0,0.0,0,0,0.0,0.0,0,0,0.0,7158.49,4,1,0.25,0
LGS2ORD0029442,C014367,2025-08-22 04:00:00,Female,29,Bronze,TV,Remote_Area,721,TV_Show,Credit_Card,4,8,4,0,20-30,24.033333333333335,5.0,1.0,0.2,143,0,6214.168,0.23,0.6,0.4,0.0,23912.35,1,0,0.0,23912.35,1,0,0.0,23912.35,1,0,0.0,31070.839999999997,5,1,0.2,0
LGS2ORD0029443,C013536,2025-08-22 04:00:00,Female,52,Silver,Web,Bangkok,965,CallCenter,COD,4,8,4,0,>50,32.166666666666664,3.0,0.0,0.0,-1,86,5017.37,0.25,0.3333333333333333,0.3333333333333333,0.0,0.0,0,0,0.0,0.0,0,0,0.0,3036.52,1,0,0.0,15052.11,3,0,0.0,0
LGS2ORD0029444,C013023,2025-08-22 04:00:00,Male,46,Platinum,TV,Bangkok,633,TV_Show,COD,4,8,4,0,40-50,21.1,5.0,1.0,0.2,99,105,3543.826,0.3,0.4,0.4,0.0,0.0,0,0,0.0,0.0,0,0,0.0,0.0,0,0,0.0,17719.13,5,1,0.2,0
LGS2ORD0029445,C013955,2025-08-22 04:00:00,Male,34,Silver,TV,Chiang Mai,1268,TV_Show,PromptPay,4,8,4,0,30-40,42.266666666666666,7.0,2.0,0.2857142857142857,42,24,3432.8771428571426,0.15,0.42857142857142855,0.0,0.0,0.0,0,0,0.0,10799.81,2,0,0.0,14262.82,5,1,0.2,24030.14,7,2,0.2857142857142857,0
LGS2ORD0029446,C011298,2025-08-22 04:00:00,Female,49,Silver,TV,Chiang Mai,1677,Web,PromptPay,4,8,4,0,40-50,55.9,2.0,0.0,0.0,-1,75,3358.175,0.25,0.0,0.5,0.0,0.0,0,0,0.0,0.0,0,0,0.0,6716.35,2,0,0.0,6716.35,2,0,0.0,0
LGS2ORD0029447,C014994,2025-08-22 05:00:00,Male,63,Bronze,CallCenter,Khon Kaen,648,TV_Show,PromptPay,5,8,4,0,>50,21.6,2.0,0.0,0.0,-1,4,4039.95,0.08,0.0,0.0,0.0,3574.48,1,0,0.0,3574.48,1,0,0.0,3574.48,1,0,0.0,8079.9,2,0,0.0,1
LGS2ORD0029448,C015607,2025-08-22 05:00:00,Female,52,Silver,TV,Chonburi,702,CallCenter,Credit_Card,5,8,4,0,>50,23.4,6.0,0.0,0.0,-1,11,2849.9683333333337,0.2,0.16666666666666666,0.0,0.0,0.0,0,0,0.0,638.95,1,0,0.0,10686.550000000001,4,0,0.0,17099.81,6,0,0.0,0
LGS2ORD0029449,C010397,2025-08-22 05:00:00,Male,34,Bronze,Web,Nakhon Ratchasima,298,Shopee,COD,5,8,4,0,30-40,9.933333333333334,5.0,1.0,0.2,-1,7,2691.7580000000003,0.28,0.4,0.2,0.0,0.0,0,0,0.0,3007.45,2,1,0.5,3007.45,2,1,0.5,13458.79,5,1,0.2,0
LGS2ORD0029450,C011621,2025-08-22 05:00:00,Female,42,Gold,Lazada,Bangkok,1000,CallCenter,COD,5,8,4,0,40-50,33.333333333333336,6.0,2.0,0.3333333333333333,30,15,11494.901666666667,0.28,0.5,0.5,0.0,0.0,0,0,0.0,6261.26,1,0,0.0,40517.21,4,1,0.25,68969.41,6,2,0.3333333333333333,0
LGS2ORD0029451,C012493,2025-08-22 05:00:00,Other,56,Bronze,Shopee,Chiang Mai,1046,CallCenter,COD,5,8,4,0,>50,34.86666666666667,7.0,4.0,0.5714285714285714,15,21,4565.425714285714,0.23,1.0,0.14285714285714285,0.0,0.0,0,0,0.0,20116.46,1,1,1.0,23105.04,3,2,0.6666666666666666,31957.979999999996,7,4,0.5714285714285714,0
LGS2ORD0029452,C017605,2025-08-22 06:00:00,Female,63,Silver,Web,Songkhla,819,TV_Show,Credit_Card,6,8,4,0,>50,27.3,3.0,2.0,0.6666666666666666,2,13,5346.943333333334,0.3,1.0,0.3333333333333333,0.0,0.0,0,0,0.0,6910.51,1,1,1.0,6910.51,1,1,1.0,16040.83,3,2,0.6666666666666666,0
LGS2ORD0029453,C012085,2025-08-22 06:00:00,Female,52,Gold,Web,Bangkok,1109,TV_Show,PromptPay,6,8,4,0,>50,36.96666666666667,2.0,0.0,0.0,-1,10,2806.65,0.28,1.0,1.0,0.0,0.0,0,0,0.0,5613.3,2,0,0.0,5613.3,2,0,0.0,5613.3,2,0,0.0,0
LGS2ORD0029454,C012325,2025-08-22 06:00:00,Male,32,Gold,Web,Khon Kaen,1054,Web,Credit_Card,6,8,4,0,30-40,35.13333333333333,2.0,1.0,0.5,176,184,2012.585,0.13,0.5,0.0,0.0,0.0,0,0,0.0,0.0,0,0,0.0,0.0,0,0,0.0,4025.17,2,1,0.5,0
LGS2ORD0029455,C017190,2025-08-22 06:00:00,Male,50,Bronze,TV,Nakhon Ratchasima,514,CallCenter,PromptPay,6,8,4,0,40-50,17.133333333333333,3.0,3.0,1.0,43,52,2017.4333333333332,0.23,0.6666666666666666,0.3333333333333333,0.0,0.0,0,0,0.0,0.0,0,0,0.0,2143.13,1,1,1.0,6052.299999999999,3,3,1.0,0
LGS2ORD0029456,C015584,2025-08-22 06:00:00,Other,31,Silver,Shopee,Bangkok,1225,Web,Credit_Card,6,8,4,0,30-40,40.833333333333336,2.0,1.0,0.5,112,122,1913.21,0.25,1.0,0.5,0.0,0.0,0,0,0.0,0.0,0,0,0.0,0.0,0,0,0.0,3826.42,2,1,0.5,0
LGS2ORD0029457,C013594,2025-08-22 07:00:00,Male,39,Bronze,Lazada,Chonburi,1297,TV_Show,COD,7,8,4,0,30-40,43.233333333333334,5.0,1.0,0.2,91,8,3658.432,0.18,0.4,0.0,0.0,0.0,0,0,0.0,6469.68,1,0,0.0,8660.74,2,0,0.0,18292.16,5,1,0.2,0
LGS2ORD0029458,C013421,2025-08-22 07:00:00,Male,38,Gold,Lazada,Bangkok,1031,TV_Show,PromptPay,7,8,4,0,30-40,34.36666666666667,2.0,1.0,0.5,79,46,11315.335000000001,0.28,0.5,1.0,0.0,0.0,0,0,0.0,0.0,0,0,0.0,22630.670000000002,2,1,0.5,22630.670000000002,2,1,0.5,1
LGS2ORD0029459,C016696,2025-08-22 07:00:00,Female,30,Platinum,Shopee,Phuket,1237,Web,PromptPay,7,8,4,0,20-30,41.233333333333334,5.0,1.0,0.2,210,22,3362.226,0.25,0.4,0.4,0.0,0.0,0,0,0.0,5226.84,1,0,0.0,5789.360000000001,2,0,0.0,16811.13,5,1,0.2,0
LGS2ORD0029460,C012844,2025-08-22 07:00:00,Female,24,Bronze,TV,Chonburi,1087,Lazada,Credit_Card,7,8,4,0,20-30,36.233333333333334,3.0,0.0,0.0,-1,58,13461.386666666667,0.13,0.0,0.0,0.0,0.0,0,0,0.0,0.0,0,0,0.0,13352.83,1,0,0.0,40384.16,3,0,0.0,0
LGS2ORD0029461,C010197,2025-08-22 07:00:00,Male,57,Silver,TV,Khon Kaen,865,Shopee,Credit_Card,7,8,4,0,>50,28.833333333333332,3.0,0.0,0.0,-1,24,2379.2,0.25,0.6666666666666666,0.3333333333333333,0.0,0.0,0,0,0.0,1721.96,1,0,0.0,1721.96,1,0,0.0,7137.599999999999,3,0,0.0,0
LGS2ORD0029462,C012645,2025-08-22 07:00:00,Female,45,Silver,Web,Nakhon Ratchasima,672,Shopee,PromptPay,7,8,4,0,40-50,22.4,8.0,3.0,0.375,58,73,6397.13625,0.2,0.5,0.0,0.0,0.0,0,0,0.0,0.0,0,0,0.0,7940.59,2,2,1.0,51177.09,8,3,0.375,0
LGS2ORD0029463,C014272,2025-08-22 08:00:00,Male,42,Silver,Lazada,Chiang Mai,359,Web,Credit_Card,8,8,4,0,40-50,11.966666666666667,4.0,1.0,0.25,191,123,3652.705,0.3,0.75,0.25,0.0,0.0,0,0,0.0,0.0,0,0,0.0,0.0,0,0,0.0,14610.82,4,1,0.25,0
LGS2ORD0029464,C012738,2025-08-22 08:00:00,Female,27,Silver,Web,Nakhon Ratchasima,1437,Lazada,PromptPay,8,8,4,0,20-30,47.9,7.0,2.0,0.2857142857142857,44,52,5694.035714285715,0.25,0.5714285714285714,0.14285714285714285,0.0,0.0,0,0,0.0,0.0,0,0,0.0,21135.260000000002,4,2,0.5,39858.25,7,2,0.2857142857142857,0
LGS2ORD0029465,C015068,2025-08-22 08:00:00,Male,48,Bronze,TV,Chiang Mai,1221,Web,COD,8,8,4,0,40-50,40.7,4.0,1.0,0.25,223,26,4689.875,0.23,0.75,0.25,0.0,0.0,0,0,0.0,3843.03,1,0,0.0,3843.03,1,0,0.0,18759.5,4,1,0.25,0
LGS2ORD0029466,C013508,2025-08-22 08:00:00,Male,44,Bronze,TV,Phuket,1039,Shopee,COD,8,8,4,0,40-50,34.63333333333333,2.0,1.0,0.5,90,99,4524.775,0.23,1.0,1.0,0.0,0.0,0,0,0.0,0.0,0,0,0.0,0.0,0,0,0.0,9049.55,2,1,0.5,1
LGS2ORD0029467,C017790,2025-08-22 08:00:00,Male,40,Gold,Web,Songkhla,793,Web,COD,8,8,4,0,30-40,26.433333333333334,5.0,2.0,0.4,38,44,8840.28,0.28,0.8,0.4,0.0,0.0,0,0,0.0,0.0,0,0,0.0,27634.28,2,2,1.0,44201.4,5,2,0.4,0
LGS2ORD0029468,C014173,2025-08-22 09:00:00,Female,57,Silver,CallCenter,Khon Kaen,1192,CallCenter,PromptPay,9,8,4,0,>50,39.733333333333334,7.0,1.0,0.14285714285714285,14,18,6375.397142857143,0.25,0.8571428571428571,0.2857142857142857,0.0,0.0,0,0,0.0,28161.34,1,1,1.0,30175.19,3,1,0.3333333333333333,44627.78,7,1,0.14285714285714285,0
LGS2ORD0029469,C016916,2025-08-22 09:00:00,Female,56,Silver,TV,Remote_Area,689,Web,Credit_Card,9,8,4,0,>50,22.966666666666665,6.0,3.0,0.5,109,4,8252.945,0.25,0.6666666666666666,0.16666666666666666,0.0,1023.86,1,0,0.0,1023.86,1,0,0.0,1023.86,1,0,0.0,49517.67,6,3,0.5,0
LGS2ORD0029470,C012540,2025-08-22 09:00:00,Female,52,Silver,Web,Songkhla,522,CallCenter,COD,9,8,4,0,>50,17.4,4.0,1.0,0.25,75,88,7116.0650000000005,0.3,0.25,0.75,0.0,0.0,0,0,0.0,0.0,0,0,0.0,2526.15,1,1,1.0,28464.260000000002,4,1,0.25,0
LGS2ORD0029471,C012862,2025-08-22 09:00:00,Female,63,Silver,TV,Bangkok,693,TV_Show,COD,9,8,4,0,>50,23.1,2.0,0.0,0.0,-1,97,2864.725,0.2,0.5,0.0,0.0,0.0,0,0,0.0,0.0,0,0,0.0,0.0,0,0,0.0,5729.45,2,0,0.0,0
LGS2ORD0029472,C011199,2025-08-22 09:00:00,Male,47,Gold,Lazada,Bangkok,1112,Web,Bank_Transfer,9,8,4,0,40-50,37.06666666666667,4.0,0.0,0.0,-1,4,3691.17,0.33,0.5,0.25,0.0,4220.97,1,0,0.0,4220.97,1,0,0.0,12131.79,2,0,0.0,14764.68,4,0,0.0,1
LGS2ORD0029473,C015971,2025-08-22 10:00:00,Male,18,Silver,Web,Bangkok,1119,CallCenter,Bank_Transfer,10,8,4,0,<20,37.3,3.0,0.0,0.0,-1,13,959.6733333333333,0.25,0.6666666666666666,0.6666666666666666,0.0,0.0,0,0,0.0,515.56,1,0,0.0,776.74,2,0,0.0,2879.02,3,0,0.0,0
LGS2ORD0029474,C013281,2025-08-22 10:00:00,Male,47,Silver,Lazada,Bangkok,1531,CallCenter,Credit_Card,10,8,4,0,40-50,51.03333333333333,2.0,0.0,0.0,-1,121,2275.795,0.1,0.0,0.0,0.0,0.0,0,0,0.0,0.0,0,0,0.0,0.0,0,0,0.0,4551.59,2,0,0.0,0
LGS2ORD0029475,C017246,2025-08-22 10:00:00,Female,29,Bronze,TV,Bangkok,611,Lazada,COD,10,8,4,0,20-30,20.366666666666667,4.0,2.0,0.5,25,34,3151.715,0.23,1.0,0.5,0.0,0.0,0,0,0.0,0.0,0,0,0.0,6858.71,1,1,1.0,12606.86,4,2,0.5,1
LGS2ORD0029476,C015700,2025-08-22 10:00:00,Female,43,Gold,Web,Khon Kaen,1627,CallCenter,Credit_Card,10,8,4,0,40-50,54.233333333333334,4.0,0.0,0.0,-1,24,3556.2200000000003,0.28,0.25,0.75,0.0,0.0,0,0,0.0,5848.63,1,0,0.0,5848.63,1,0,0.0,14224.880000000001,4,0,0.0,0
LGS2ORD0029477,C010037,2025-08-22 10:00:00,Male,36,Bronze,CallCenter,Bangkok,1001,Shopee,COD,10,8,4,0,30-40,33.36666666666667,4.0,2.0,0.5,25,36,11032.93,0.08,0.25,0.0,0.0,0.0,0,0,0.0,0.0,0,0,0.0,18415.54,1,1,1.0,44131.72,4,2,0.5,0
LGS2ORD0029478,C016819,2025-08-22 11:00:00,Female,62,Bronze,TV,Bangkok,402,Lazada,COD,11,8,4,0,>50,13.4,7.0,2.0,0.2857142857142857,107,43,7497.635714285714,0.28,0.42857142857142855,0.42857142857142855,0.0,0.0,0,0,0.0,0.0,0,0,0.0,20696.61,1,0,0.0,52483.45,7,2,0.2857142857142857,1
LGS2ORD0029479,C013573,2025-08-22 11:00:00,Male,41,Silver,Web,Chonburi,1599,TV_Show,PromptPay,11,8,4,0,40-50,53.3,1.0,1.0,1.0,131,141,1359.66,0.3,0.0,1.0,0.0,0.0,0,0,0.0,0.0,0,0,0.0,0.0,0,0,0.0,1359.66,1,1,1.0,0
LGS2ORD0029480,C013484,2025-08-22 11:00:00,Female,39,Silver,TV,Bangkok,1004,Lazada,Bank_Transfer,11,8,4,0,30-40,33.46666666666667,4.0,2.0,0.5,53,21,13078.5975,0.15,0.25,0.0,0.0,0.0,0,0,0.0,2858.48,1,0,0.0,13950.49,3,2,0.6666666666666666,52314.39,4,2,0.5,1
LGS2ORD0029481,C012235,2025-08-22 11:00:00,Female,49,Platinum,Shopee,Phuket,1444,Lazada,PromptPay,11,8,4,0,40-50,48.13333333333333,3.0,0.0,0.0,-1,49,7939.849999999999,0.25,0.0,0.3333333333333333,0.0,0.0,0,0,0.0,0.0,0,0,0.0,9340.99,1,0,0.0,23819.55,3,0,0.0,0
LGS2ORD0029482,C011823,2025-08-22 11:00:00,Male,39,Bronze,Lazada,Chiang Mai,862,Shopee,COD,11,8,4,0,30-40,28.733333333333334,3.0,1.0,0.3333333333333333,119,39,2209.3733333333334,0.23,0.6666666666666666,0.3333333333333333,0.0,0.0,0,0,0.0,0.0,0,0,0.0,741.74,1,0,0.0,6628.12,3,1,0.3333333333333333,0
LGS2ORD0029483,C012202,2025-08-22 11:00:00,Female,41,Silver,TV,Chiang Mai,1412,Lazada,COD,11,8,4,0,40-50,47.06666666666667,4.0,1.0,0.25,196,13,9413.5,0.3,0.75,0.5,0.0,0.0,0,0,0.0,12446.93,2,0,0.0,12446.93,2,0,0.0,37654.0,4,1,0.25,0
LGS2ORD0029484,C014722,2025-08-22 12:00:00,Female,39,Gold,Web,Remote_Area,1511,Shopee,Credit_Card,12,8,4,0,30-40,50.36666666666667,1.0,0.0,0.0,-1,222,18200.66,0.18,1.0,0.0,0.0,0.0,0,0,0.0,0.0,0,0,0.0,0.0,0,0,0.0,18200.66,1,0,0.0,0
LGS2ORD0029485,C014203,2025-08-22 12:00:00,Female,54,Bronze,Shopee,Nakhon Ratchasima,1033,TV_Show,PromptPay,12,8,4,0,>50,34.43333333333333,7.0,1.0,0.14285714285714285,201,24,6252.728571428571,0.28,0.42857142857142855,0.42857142857142855,0.0,0.0,0,0,0.0,17881.95,1,0,0.0,28828.190000000002,3,0,0.0,43769.1,7,1,0.14285714285714285,0
LGS2ORD0029486,C013721,2025-08-22 12:00:00,Other,39,Silver,Web,Bangkok,814,TV_Show,PromptPay,12,8,4,0,30-40,27.133333333333333,4.0,1.0,0.25,92,101,2013.3825000000002,0.2,0.5,0.0,0.0,0.0,0,0,0.0,0.0,0,0,0.0,0.0,0,0,0.0,8053.530000000001,4,1,0.25,0
LGS2ORD0029487,C014418,2025-08-22 12:00:00,Female,26,Gold,Lazada,Nakhon Ratchasima,587,Web,COD,12,8,4,0,20-30,19.566666666666666,4.0,0.0,0.0,-1,12,5393.88,0.2299999999999999,0.25,0.75,0.0,0.0,0,0,0.0,19356.4,2,0,0.0,20384.010000000002,3,0,0.0,21575.52,4,0,0.0,0
LGS2ORD0029488,C010945,2025-08-22 12:00:00,Female,31,Bronze,Web,Bangkok,1603,TV_Show,Bank_Transfer,12,8,4,0,30-40,53.43333333333333,2.0,0.0,0.0,-1,28,978.075,0.08,0.0,0.0,0.0,0.0,0,0,0.0,1120.32,1,0,0.0,1956.15,2,0,0.0,1956.15,2,0,0.0,0
LGS2ORD0029489,C016076,2025-08-22 13:00:00,Female,42,Gold,Shopee,Bangkok,1560,Lazada,COD,13,8,4,0,40-50,52.0,2.0,1.0,0.5,142,149,4789.755,0.2299999999999999,0.0,0.5,0.0,0.0,0,0,0.0,0.0,0,0,0.0,0.0,0,0,0.0,9579.51,2,1,0.5,1
LGS2ORD0029490,C011654,2025-08-22 13:00:00,Female,42,Silver,TV,Songkhla,372,TV_Show,COD,13,8,4,0,40-50,12.4,3.0,1.0,0.3333333333333333,83,6,10320.36,0.1,0.3333333333333333,0.0,0.0,10550.99,1,0,0.0,15756.15,2,0,0.0,30961.08,3,1,0.3333333333333333,30961.08,3,1,0.3333333333333333,0
LGS2ORD0029491,C017151,2025-08-22 13:00:00,Female,29,Bronze,TV,Songkhla,1566,TV_Show,COD,13,8,4,0,20-30,52.2,7.0,2.0,0.2857142857142857,-14,2,10955.085714285713,0.28,0.42857142857142855,0.14285714285714285,0.0,17466.48,2,1,0.5,22191.379999999997,3,1,0.3333333333333333,22191.379999999997,3,1,0.3333333333333333,76685.59999999999,7,2,0.2857142857142857,1
LGS2ORD0029492,C012150,2025-08-22 13:00:00,Male,27,Silver,Lazada,Phuket,1525,Lazada,Bank_Transfer,13,8,4,0,20-30,50.833333333333336,5.0,1.0,0.2,195,79,1590.164,0.25,0.8,0.4,0.0,0.0,0,0,0.0,0.0,0,0,0.0,1137.53,1,0,0.0,7950.82,5,1,0.2,1
LGS2ORD0029493,C017737,2025-08-22 13:00:00,Female,26,Gold,Web,Khon Kaen,292,CallCenter,COD,13,8,4,0,20-30,9.733333333333333,0.0,0.0,0.0,-1,-1,0.0,0.0,0.0,0.0,0.0,0.0,0,0,0.0,0.0,0,0,0.0,0.0,0,0,0.0,0.0,0,0,0.0,0
LGS2ORD0029494,C013304,2025-08-22 14:00:00,Female,45,Bronze,Lazada,Chonburi,505,Shopee,COD,14,8,4,0,40-50,16.833333333333332,3.0,0.0,0.0,-1,13,5392.196666666667,0.23,0.3333333333333333,0.3333333333333333,0.0,0.0,0,0,0.0,1978.4,1,0,0.0,1978.4,1,0,0.0,16176.59,3,0,0.0,0
LGS2ORD0029495,C011650,2025-08-22 14:00:00,Male,54,Gold,Web,Phuket,1073,Shopee,Credit_Card,14,8,4,0,>50,35.766666666666666,3.0,0.0,0.0,-1,13,2975.346666666667,0.18,0.6666666666666666,0.0,0.0,0.0,0,0,0.0,4122.53,2,0,0.0,4122.53,2,0,0.0,8926.04,3,0,0.0,0
LGS2ORD0029496,C012187,2025-08-22 14:00:00,Female,59,Silver,Shopee,Khon Kaen,816,TV_Show,PromptPay,14,8,4,0,>50,27.2,4.0,1.0,0.25,54,57,13330.925,0.3,0.25,0.25,0.0,0.0,0,0,0.0,0.0,0,0,0.0,1439.88,1,1,1.0,53323.7,4,1,0.25,0
LGS2ORD0029497,C013881,2025-08-22 14:00:00,Male,28,Bronze,Web,Bangkok,1235,Lazada,COD,14,8,4,0,20-30,41.166666666666664,4.0,1.0,0.25,128,33,8232.625,0.28,0.75,0.25,0.0,0.0,0,0,0.0,0.0,0,0,0.0,20248.760000000002,2,0,0.0,32930.5,4,1,0.25,0
LGS2ORD0029498,C016653,2025-08-22 14:00:00,Female,38,Bronze,CallCenter,Songkhla,340,Lazada,Credit_Card,14,8,4,0,30-40,11.333333333333334,5.0,0.0,0.0,-1,119,7728.678000000002,0.28,0.4,0.2,0.0,0.0,0,0,0.0,0.0,0,0,0.0,0.0,0,0,0.0,38643.39000000001,5,0,0.0,0
LGS2ORD0029499,C016079,2025-08-22 15:00:00,Female,67,Bronze,TV,Chiang Mai,1363,CallCenter,PromptPay,15,8,4,0,>50,45.43333333333333,7.0,3.0,0.42857142857142855,-1,11,4462.527142857143,0.28,0.8571428571428571,0.42857142857142855,0.0,0.0,0,0,0.0,23068.7,3,2,0.6666666666666666,23068.7,3,2,0.6666666666666666,31237.690000000002,7,3,0.42857142857142855,1
LGS2ORD0029500,C017009,2025-08-22 15:00:00,Male,20,Gold,Lazada,Chiang Mai,980,Web,Credit_Card,15,8,4,0,<20,32.666666666666664,4.0,1.0,0.25,170,112,2466.7400000000002,0.28,0.75,0.75,0.0,0.0,0,0,0.0,0.0,0,0,0.0,0.0,0,0,0.0,9866.960000000001,4,1,0.25,0
LGS2ORD0029501,C017484,2025-08-22 15:00:00,Female,51,Silver,TV,Chonburi,297,Lazada,COD,15,8,4,0,>50,9.9,5.0,0.0,0.0,-1,59,8319.076000000001,0.2,0.8,0.0,0.0,0.0,0,0,0.0,0.0,0,0,0.0,24422.64,1,0,0.0,41595.380000000005,5,0,0.0,0
LGS2ORD0029502,C017075,2025-08-22 15:00:00,Female,63,Silver,Shopee,Phuket,1039,CallCenter,COD,15,8,4,0,>50,34.63333333333333,1.0,0.0,0.0,-1,174,789.18,0.15,0.0,0.0,0.0,0.0,0,0,0.0,0.0,0,0,0.0,0.0,0,0,0.0,789.18,1,0,0.0,1
LGS2ORD0029503,C013542,2025-08-22 15:00:00,Female,22,Bronze,TV,Bangkok,1215,TV_Show,COD,15,8,4,0,20-30,40.5,6.0,5.0,0.8333333333333334,4,10,3041.7816666666663,0.23,0.6666666666666666,0.3333333333333333,0.0,0.0,0,0,0.0,1858.51,1,1,1.0,9287.07,2,2,1.0,18250.69,6,5,0.8333333333333334,0
LGS2ORD0029504,C016133,2025-08-22 15:00:00,Female,40,Gold,Lazada,Khon Kaen,598,Web,PromptPay,15,8,4,0,30-40,19.933333333333334,3.0,0.0,0.0,-1,40,3486.396666666667,0.2299999999999999,0.0,0.3333333333333333,0.0,0.0,0,0,0.0,0.0,0,0,0.0,2442.25,1,0,0.0,10459.19,3,0,0.0,0
LGS2ORD0029505,C010070,2025-08-22 16:00:00,Female,48,Platinum,Lazada,Chiang Mai,363,CallCenter,PromptPay,16,8,4,0,40-50,12.1,3.0,1.0,0.3333333333333333,109,30,5897.796666666666,0.3,0.0,0.6666666666666666,0.0,0.0,0,0,0.0,0.0,0,0,0.0,2909.74,1,0,0.0,17693.39,3,1,0.3333333333333333,0
LGS2ORD0029506,C014242,2025-08-22 16:00:00,Female,30,Silver,Shopee,Bangkok,741,Web,PromptPay,16,8,4,0,20-30,24.7,0.0,0.0,0.0,-1,-1,0.0,0.0,0.0,0.0,0.0,0.0,0,0,0.0,0.0,0,0,0.0,0.0,0,0,0.0,0.0,0,0,0.0,0
LGS2ORD0029507,C015880,2025-08-22 16:00:00,Male,59,Bronze,CallCenter,Chonburi,931,TV_Show,COD,16,8,4,0,>50,31.033333333333335,3.0,2.0,0.6666666666666666,-10,2,1194.2433333333333,0.23,0.3333333333333333,0.3333333333333333,0.0,600.35,1,1,1.0,2934.94,2,2,1.0,2934.94,2,2,1.0,3582.73,3,2,0.6666666666666666,0
LGS2ORD0029508,C013874,2025-08-22 16:00:00,Female,47,Gold,Shopee,Khon Kaen,1000,Web,Credit_Card,16,8,4,0,40-50,33.333333333333336,0.0,0.0,0.0,-1,-1,0.0,0.0,0.0,0.0,0.0,0.0,0,0,0.0,0.0,0,0,0.0,0.0,0,0,0.0,0.0,0,0,0.0,1
LGS2ORD0029509,C017995,2025-08-22 16:00:00,Female,37,Silver,Web,Songkhla,523,Shopee,COD,16,8,4,0,30-40,17.433333333333334,2.0,1.0,0.5,132,102,2850.0249999999996,0.3,0.5,0.5,0.0,0.0,0,0,0.0,0.0,0,0,0.0,0.0,0,0,0.0,5700.049999999999,2,1,0.5,1
LGS2ORD0029510,C015062,2025-08-22 17:00:00,Female,34,Silver,TV,Nakhon Ratchasima,1077,Lazada,COD,17,8,4,0,30-40,35.9,6.0,3.0,0.5,116,38,6928.893333333333,0.2,0.5,0.0,0.0,0.0,0,0,0.0,0.0,0,0,0.0,7829.35,2,0,0.0,41573.36,6,3,0.5,1
LGS2ORD0029511,C013933,2025-08-22 17:00:00,Other,46,Gold,Shopee,Bangkok,274,Web,COD,17,8,4,0,40-50,9.133333333333333,2.0,0.0,0.0,-1,164,6700.835,0.18,0.5,0.0,0.0,0.0,0,0,0.0,0.0,0,0,0.0,0.0,0,0,0.0,13401.67,2,0,0.0,0
LGS2ORD0029512,C015131,2025-08-22 17:00:00,Female,43,Bronze,Shopee,Bangkok,752,Shopee,Credit_Card,17,8,4,0,40-50,25.066666666666666,2.0,0.0,0.0,-1,36,2716.66,0.18,0.0,0.0,0.0,0.0,0,0,0.0,0.0,0,0,0.0,4049.55,1,0,0.0,5433.32,2,0,0.0,0
LGS2ORD0029513,C013089,2025-08-22 17:00:00,Male,25,Bronze,Web,Songkhla,280,Web,Bank_Transfer,17,8,4,0,20-30,9.333333333333334,4.0,1.0,0.25,49,49,5732.38,0.23,0.5,0.25,0.0,0.0,0,0,0.0,0.0,0,0,0.0,6242.6900000000005,3,1,0.3333333333333333,22929.52,4,1,0.25,1
LGS2ORD0029514,C013173,2025-08-22 17:00:00,Female,45,Silver,Web,Songkhla,1689,CallCenter,COD,17,8,4,0,40-50,56.3,3.0,3.0,1.0,75,82,4720.463333333333,0.25,0.6666666666666666,0.3333333333333333,0.0,0.0,0,0,0.0,0.0,0,0,0.0,2225.7,1,1,1.0,14161.39,3,3,1.0,0
LGS2ORD0029515,C013775,2025-08-22 18:00:00,Male,55,Gold,TV,Chonburi,576,CallCenter,COD,18,8,4,0,>50,19.2,2.0,0.0,0.0,-1,39,10189.49,0.28,1.0,1.0,0.0,0.0,0,0,0.0,0.0,0,0,0.0,16453.64,1,0,0.0,20378.98,2,0,0.0,0
LGS2ORD0029516,C013509,2025-08-22 18:00:00,Male,42,Platinum,TV,Chiang Mai,1389,CallCenter,Bank_Transfer,18,8,4,0,40-50,46.3,4.0,0.0,0.0,-1,6,2214.6925,0.3,0.25,0.75,0.0,596.88,1,0,0.0,596.88,1,0,0.0,596.88,1,0,0.0,8858.77,4,0,0.0,0
LGS2ORD0029517,C015965,2025-08-22 18:00:00,Female,29,Bronze,Shopee,Chonburi,1466,Web,Credit_Card,18,8,4,0,20-30,48.86666666666667,2.0,1.0,0.5,26,34,15227.535,0.18,0.5,0.0,0.0,0.0,0,0,0.0,0.0,0,0,0.0,2987.55,1,1,1.0,30455.07,2,1,0.5,0
LGS2ORD0029518,C016136,2025-08-22 18:00:00,Male,42,Silver,CallCenter,Remote_Area,483,Lazada,Credit_Card,18,8,4,0,40-50,16.1,2.0,0.0,0.0,-1,52,1757.615,0.25,1.0,0.5,0.0,0.0,0,0,0.0,0.0,0,0,0.0,533.61,1,0,0.0,3515.23,2,0,0.0,0
LGS2ORD0029519,C015351,2025-08-22 18:00:00,Male,49,Silver,Lazada,Bangkok,1199,CallCenter,COD,18,8,4,0,40-50,39.96666666666667,4.0,1.0,0.25,106,31,4317.422500000001,0.1,0.75,0.0,0.0,0.0,0,0,0.0,0.0,0,0,0.0,4268.12,1,0,0.0,17269.690000000002,4,1,0.25,0
LGS2ORD0029520,C013656,2025-08-22 18:00:00,Female,26,Silver,Web,Chonburi,1569,Shopee,COD,18,8,4,0,20-30,52.3,3.0,1.0,0.3333333333333333,196,43,12052.626666666665,0.25,0.3333333333333333,0.3333333333333333,0.0,0.0,0,0,0.0,0.0,0,0,0.0,3564.52,1,0,0.0,36157.88,3,1,0.3333333333333333,0
LGS2ORD0029521,C011455,2025-08-22 19:00:00,Female,45,Gold,Web,Phuket,1276,CallCenter,COD,19,8,4,0,40-50,42.53333333333333,3.0,1.0,0.3333333333333333,118,59,8584.586666666668,0.33,0.6666666666666666,0.3333333333333333,0.0,0.0,0,0,0.0,0.0,0,0,0.0,19372.34,1,0,0.0,25753.760000000002,3,1,0.3333333333333333,0
LGS2ORD0029522,C014887,2025-08-22 19:00:00,Female,25,Silver,Shopee,Bangkok,1626,Web,COD,19,8,4,0,20-30,54.2,5.0,0.0,0.0,-1,77,5547.932,0.25,0.6,0.2,0.0,0.0,0,0,0.0,0.0,0,0,0.0,1561.22,1,0,0.0,27739.66,5,0,0.0,0
LGS2ORD0029523,C014450,2025-08-22 19:00:00,Male,40,Bronze,Web,Phuket,815,Shopee,Credit_Card,19,8,4,0,30-40,27.166666666666668,5.0,2.0,0.4,60,71,3965.6759999999995,0.28,0.6,0.2,0.0,0.0,0,0,0.0,0.0,0,0,0.0,1742.78,1,1,1.0,19828.379999999997,5,2,0.4,0
LGS2ORD0029524,C012173,2025-08-22 19:00:00,Male,40,Bronze,Shopee,Songkhla,502,Web,COD,19,8,4,0,30-40,16.733333333333334,6.0,2.0,0.3333333333333333,1,11,4430.066666666667,0.23,0.8333333333333334,0.16666666666666666,0.0,0.0,0,0,0.0,10373.21,3,1,0.3333333333333333,10373.21,3,1,0.3333333333333333,26580.399999999998,6,2,0.3333333333333333,1
LGS2ORD0029525,C016646,2025-08-22 19:00:00,Male,38,Bronze,TV,Chiang Mai,531,TV_Show,COD,19,8,4,0,30-40,17.7,8.0,2.0,0.25,54,46,4705.6125,0.28,0.75,0.125,0.0,0.0,0,0,0.0,0.0,0,0,0.0,14575.46,3,1,0.3333333333333333,37644.9,8,2,0.25,0
LGS2ORD0029526,C011092,2025-08-22 20:00:00,Male,35,Silver,Web,Khon Kaen,1654,Shopee,PromptPay,20,8,4,0,30-40,55.13333333333333,6.0,1.0,0.16666666666666666,169,83,2527.6150000000002,0.2,0.3333333333333333,0.0,0.0,0.0,0,0,0.0,0.0,0,0,0.0,975.94,1,0,0.0,15165.690000000002,6,1,0.16666666666666666,0
LGS2ORD0029527,C017434,2025-08-22 20:00:00,Female,54,Platinum,Shopee,Bangkok,1069,TV_Show,COD,20,8,4,0,>50,35.63333333333333,3.0,1.0,0.3333333333333333,160,54,3952.34,0.35,0.3333333333333333,1.0,0.0,0.0,0,0,0.0,0.0,0,0,0.0,564.11,1,0,0.0,11857.02,3,1,0.3333333333333333,0
LGS2ORD0029528,C013423,2025-08-22 20:00:00,Female,44,Gold,TV,Songkhla,1658,TV_Show,Bank_Transfer,20,8,4,0,40-50,55.266666666666666,2.0,0.0,0.0,-1,41,6890.125,0.28,1.0,0.5,0.0,0.0,0,0,0.0,0.0,0,0,0.0,8045.25,1,0,0.0,13780.25,2,0,0.0,0
LGS2ORD0029529,C014181,2025-08-22 20:00:00,Female,42,Gold,Lazada,Chiang Mai,777,Lazada,COD,20,8,4,0,40-50,25.9,5.0,0.0,0.0,-1,5,3193.3380000000006,0.28,0.4,0.6,0.0,922.18,1,0,0.0,1758.27,2,0,0.0,12349.93,4,0,0.0,15966.690000000002,5,0,0.0,1
LGS2ORD0029530,C014943,2025-08-22 20:00:00,Female,32,Bronze,Shopee,Songkhla,1590,Shopee,Credit_Card,20,8,4,0,30-40,53.0,4.0,0.0,0.0,-1,118,1981.0775,0.23,0.5,0.25,0.0,0.0,0,0,0.0,0.0,0,0,0.0,0.0,0,0,0.0,7924.31,4,0,0.0,0
LGS2ORD0029531,C016792,2025-08-22 21:00:00,Male,34,Bronze,TV,Khon Kaen,1362,TV_Show,Credit_Card,21,8,4,0,30-40,45.4,3.0,1.0,0.3333333333333333,15,20,4761.543333333334,0.18,0.6666666666666666,0.0,0.0,0.0,0,0,0.0,762.86,1,1,1.0,14284.630000000001,3,1,0.3333333333333333,14284.630000000001,3,1,0.3333333333333333,0
LGS2ORD0029532,C016391,2025-08-22 21:00:00,Male,37,Bronze,CallCenter,Bangkok,425,Shopee,COD,21,8,4,0,30-40,14.166666666666666,10.0,2.0,0.2,79,16,2159.0440000000003,0.23,0.5,0.2,0.0,0.0,0,0,0.0,4902.33,1,0,0.0,4902.33,1,0,0.0,21590.440000000002,10,2,0.2,0
LGS2ORD0029533,C016306,2025-08-22 21:00:00,Male,28,Bronze,TV,Phuket,1058,Shopee,COD,21,8,4,0,20-30,35.266666666666666,2.0,1.0,0.5,-1,8,1398.66,0.28,1.0,1.0,0.0,0.0,0,0,0.0,1688.38,1,1,1.0,2797.32,2,1,0.5,2797.32,2,1,0.5,0
LGS2ORD0029534,C014497,2025-08-22 21:00:00,Male,44,Bronze,Web,Chiang Mai,1450,CallCenter,COD,21,8,4,0,40-50,48.333333333333336,8.0,1.0,0.125,147,1,6150.06625,0.28,0.75,0.625,0.0,15178.689999999999,2,0,0.0,15178.689999999999,2,0,0.0,15178.689999999999,2,0,0.0,49200.53,8,1,0.125,0
LGS2ORD0029535,C012244,2025-08-22 21:00:00,Female,34,Silver,TV,Bangkok,950,Web,COD,21,8,4,0,30-40,31.666666666666668,2.0,1.0,0.5,-6,8,8734.33,0.15,0.5,0.0,0.0,0.0,0,0,0.0,1767.36,1,1,1.0,1767.36,1,1,1.0,17468.66,2,1,0.5,0
LGS2ORD0029536,C016127,2025-08-22 22:00:00,Male,44,Silver,TV,Bangkok,503,Web,Bank_Transfer,22,8,4,0,40-50,16.766666666666666,5.0,0.0,0.0,-1,34,3295.7580000000003,0.3,0.8,0.6,0.0,0.0,0,0,0.0,0.0,0,0,0.0,616.86,1,0,0.0,16478.79,5,0,0.0,0
LGS2ORD0029537,C010419,2025-08-22 22:00:00,Male,37,Bronze,CallCenter,Songkhla,1412,TV_Show,COD,22,8,4,0,30-40,47.06666666666667,6.0,4.0,0.6666666666666666,19,31,11012.903333333334,0.23,0.5,0.3333333333333333,0.0,0.0,0,0,0.0,0.0,0,0,0.0,42767.75,4,3,0.75,66077.42,6,4,0.6666666666666666,0
LGS2ORD0029538,C013230,2025-08-22 22:00:00,Male,54,Bronze,TV,Nakhon Ratchasima,1233,TV_Show,Bank_Transfer,22,8,4,0,>50,41.1,4.0,0.0,0.0,-1,10,3606.1674999999996,0.28,0.25,0.25,0.0,0.0,0,0,0.0,4475.64,1,0,0.0,7067.81,2,0,0.0,14424.669999999998,4,0,0.0,1
LGS2ORD0029539,C012029,2025-08-22 22:00:00,Male,35,Bronze,Web,Bangkok,272,Web,COD,22,8,4,0,30-40,9.066666666666666,1.0,0.0,0.0,-1,193,1802.04,0.08,0.0,0.0,0.0,0.0,0,0,0.0,0.0,0,0,0.0,0.0,0,0,0.0,1802.04,1,0,0.0,0
LGS2ORD0029540,C015542,2025-08-22 22:00:00,Female,38,Silver,Shopee,Chonburi,492,CallCenter,COD,22,8,4,0,30-40,16.4,4.0,0.0,0.0,-1,29,2126.025,0.3,0.25,0.25,0.0,0.0,0,0,0.0,3346.21,1,0,0.0,3346.21,1,0,0.0,8504.1,4,0,0.0,0
LGS2ORD0029541,C013152,2025-08-22 22:00:00,Female,46,Bronze,Web,Remote_Area,1208,Shopee,COD,22,8,4,0,40-50,40.266666666666666,2.0,1.0,0.5,129,50,1479.88,0.23,0.5,0.5,0.0,0.0,0,0,0.0,0.0,0,0,0.0,1796.87,1,0,0.0,2959.76,2,1,0.5,0
LGS2ORD0029542,C011829,2025-08-22 23:00:00,Male,44,Bronze,TV,Khon Kaen,1153,Lazada,Credit_Card,23,8,4,0,40-50,38.43333333333333,3.0,1.0,0.3333333333333333,81,11,6708.453333333334,0.23,0.6666666666666666,0.3333333333333333,0.0,0.0,0,0,0.0,8462.23,1,0,0.0,8462.23,1,0,0.0,20125.36,3,1,0.3333333333333333,0
LGS2ORD0029543,C012181,2025-08-22 23:00:00,Female,47,Silver,Lazada,Bangkok,1059,Lazada,COD,23,8,4,0,40-50,35.3,2.0,0.0,0.0,-1,127,12019.759999999998,0.3,0.0,0.5,0.0,0.0,0,0,0.0,0.0,0,0,0.0,0.0,0,0,0.0,24039.519999999997,2,0,0.0,0
LGS2ORD0029544,C016258,2025-08-22 23:00:00,Female,67,Platinum,TV,Songkhla,763,CallCenter,Credit_Card,23,8,4,0,>50,25.433333333333334,5.0,2.0,0.4,0,8,7369.736,0.35,0.2,0.4,0.0,0.0,0,0,0.0,1502.0,1,1,1.0,9944.79,2,1,0.5,36848.68,5,2,0.4,0
LGS2ORD0029545,C015062,2025-08-22 23:00:00,Female,34,Silver,TV,Nakhon Ratchasima,1077,CallCenter,COD,23,8,4,0,30-40,35.9,7.0,4.0,0.5714285714285714,-8,0,6568.132857142858,0.2,0.5714285714285714,0.0,0.0,4403.57,1,1,1.0,4403.57,1,1,1.0,12232.92,3,1,0.3333333333333333,45976.93,7,4,0.5714285714285714,0
LGS2ORD0029546,C012382,2025-08-22 23:00:00,Female,44,Silver,TV,Songkhla,1215,Web,Credit_Card,23,8,4,0,40-50,40.5,2.0,1.0,0.5,56,59,2883.855,0.15,0.5,0.0,0.0,0.0,0,0,0.0,0.0,0,0,0.0,1767.26,1,1,1.0,5767.71,2,1,0.5,0
LGS2ORD0029547,C017229,2025-08-23 00:00:00,Female,27,Silver,Lazada,Bangkok,635,Shopee,Credit_Card,0,8,5,1,20-30,21.166666666666668,2.0,1.0,0.5,95,101,2319.565,0.25,1.0,0.5,0.0,0.0,0,0,0.0,0.0,0,0,0.0,0.0,0,0,0.0,4639.13,2,1,0.5,0
LGS2ORD0029548,C017423,2025-08-23 00:00:00,Male,48,Gold,Web,Chonburi,684,Web,Credit_Card,0,8,5,1,40-50,22.8,0.0,0.0,0.0,-1,-1,0.0,0.0,0.0,0.0,0.0,0.0,0,0,0.0,0.0,0,0,0.0,0.0,0,0,0.0,0.0,0,0,0.0,0
LGS2ORD0029549,C011361,2025-08-23 00:00:00,Female,40,Bronze,TV,Remote_Area,1409,Lazada,PromptPay,0,8,5,1,30-40,46.96666666666667,10.0,3.0,0.3,14,21,5237.791,0.28,0.6,0.4,0.0,0.0,0,0,0.0,3574.83,2,1,0.5,6950.3099999999995,3,2,0.6666666666666666,52377.91,10,3,0.3,0
LGS2ORD0029550,C017792,2025-08-23 00:00:00,Female,43,Platinum,TV,Chonburi,835,Shopee,PromptPay,0,8,5,1,40-50,27.833333333333332,4.0,0.0,0.0,-1,13,10501.18,0.25,0.5,0.75,0.0,0.0,0,0,0.0,1469.64,1,0,0.0,3985.21,2,0,0.0,42004.72,4,0,0.0,1
LGS2ORD0029551,C010164,2025-08-23 00:00:00,Female,33,Platinum,TV,Chiang Mai,584,TV_Show,COD,0,8,5,1,30-40,19.466666666666665,3.0,2.0,0.6666666666666666,195,29,1221.5566666666666,0.25,0.6666666666666666,0.6666666666666666,0.0,0.0,0,0,0.0,1566.81,1,0,0.0,1566.81,1,0,0.0,3664.67,3,2,0.6666666666666666,1
LGS2ORD0029552,C013898,2025-08-23 01:00:00,Female,32,Bronze,Shopee,Chonburi,378,Lazada,COD,1,8,5,1,30-40,12.6,1.0,1.0,1.0,149,161,18191.47,0.08,0.0,0.0,0.0,0.0,0,0,0.0,0.0,0,0,0.0,0.0,0,0,0.0,18191.47,1,1,1.0,1
LGS2ORD0029553,C012655,2025-08-23 01:00:00,Female,27,Gold,CallCenter,Nakhon Ratchasima,894,TV_Show,Credit_Card,1,8,5,1,20-30,29.8,3.0,0.0,0.0,-1,59,8422.966666666667,0.33,0.6666666666666666,0.6666666666666666,0.0,0.0,0,0,0.0,0.0,0,0,0.0,3237.7200000000003,2,0,0.0,25268.9,3,0,0.0,0
LGS2ORD0029554,C014945,2025-08-23 01:00:00,Female,64,Silver,Web,Nakhon Ratchasima,1499,Web,PromptPay,1,8,5,1,>50,49.96666666666667,1.0,0.0,0.0,-1,129,1013.84,0.15,0.0,0.0,0.0,0.0,0,0,0.0,0.0,0,0,0.0,0.0,0,0,0.0,1013.84,1,0,0.0,0
LGS2ORD0029555,C017862,2025-08-23 01:00:00,Female,42,Bronze,Shopee,Khon Kaen,741,CallCenter,Credit_Card,1,8,5,1,40-50,24.7,6.0,2.0,0.3333333333333333,213,61,8912.083333333332,0.28,0.6666666666666666,0.3333333333333333,0.0,0.0,0,0,0.0,0.0,0,0,0.0,13468.2,2,0,0.0,53472.49999999999,6,2,0.3333333333333333,0
LGS2ORD0029556,C010027,2025-08-23 01:00:00,Female,23,Bronze,Shopee,Khon Kaen,1438,Shopee,Credit_Card,1,8,5,1,20-30,47.93333333333333,2.0,1.0,0.5,203,96,3339.1850000000004,0.23,1.0,0.5,0.0,0.0,0,0,0.0,0.0,0,0,0.0,0.0,0,0,0.0,6678.370000000001,2,1,0.5,0
LGS2ORD0029557,C011786,2025-08-23 02:00:00,Male,58,Bronze,CallCenter,Bangkok,818,Lazada,COD,2,8,5,1,>50,27.266666666666666,4.0,1.0,0.25,-5,4,2080.8125,0.18,0.75,0.0,0.0,2004.13,1,1,1.0,2004.13,1,1,1.0,3529.88,2,1,0.5,8323.25,4,1,0.25,0
LGS2ORD0029558,C017379,2025-08-23 02:00:00,Male,51,Bronze,TV,Bangkok,1420,Lazada,COD,2,8,5,1,>50,47.333333333333336,4.0,0.0,0.0,-1,18,2697.145,0.28,0.75,0.5,0.0,0.0,0,0,0.0,5961.78,1,0,0.0,5961.78,1,0,0.0,10788.58,4,0,0.0,0
LGS2ORD0029559,C016630,2025-08-23 02:00:00,Male,23,Bronze,TV,Phuket,1280,Web,COD,2,8,5,1,20-30,42.666666666666664,4.0,0.0,0.0,-1,4,3643.8825,0.13,0.75,0.0,0.0,6002.65,1,0,0.0,6002.65,1,0,0.0,6002.65,1,0,0.0,14575.53,4,0,0.0,0
LGS2ORD0029560,C012280,2025-08-23 02:00:00,Female,31,Bronze,TV,Khon Kaen,376,Web,Credit_Card,2,8,5,1,30-40,12.533333333333333,4.0,0.0,0.0,-1,12,3457.455,0.23,0.25,0.25,0.0,0.0,0,0,0.0,7437.54,1,0,0.0,8700.68,2,0,0.0,13829.82,4,0,0.0,0
LGS2ORD0029561,C011379,2025-08-23 02:00:00,Female,33,Bronze,CallCenter,Nakhon Ratchasima,1313,Web,COD,2,8,5,1,30-40,43.766666666666666,9.0,3.0,0.3333333333333333,39,19,4237.485555555555,0.23,0.4444444444444444,0.3333333333333333,0.1111111111111111,0.0,0,0,0.0,19852.12,1,0,0.0,35898.79,7,2,0.2857142857142857,38137.369999999995,9,3,0.3333333333333333,0
LGS2ORD0029562,C016558,2025-08-23 02:00:00,Female,21,Bronze,Web,Bangkok,885,Lazada,COD,2,8,5,1,20-30,29.5,2.0,0.0,0.0,-1,10,3008.9950000000003,0.28,0.0,0.5,0.0,0.0,0,0,0.0,4605.06,1,0,0.0,4605.06,1,0,0.0,6017.990000000001,2,0,0.0,0
LGS2ORD0029563,C013392,2025-08-23 03:00:00,Male,51,Silver,Web,Phuket,1573,Lazada,Bank_Transfer,3,8,5,1,>50,52.43333333333333,6.0,2.0,0.3333333333333333,15,20,8428.823333333332,0.3,0.8333333333333334,0.16666666666666666,0.0,0.0,0,0,0.0,1985.24,1,1,1.0,39259.799999999996,2,1,0.5,50572.939999999995,6,2,0.3333333333333333,0
LGS2ORD0029564,C015079,2025-08-23 03:00:00,Male,33,Bronze,TV,Phuket,836,CallCenter,COD,3,8,5,1,30-40,27.866666666666667,4.0,2.0,0.5,23,37,5038.325,0.23,0.75,0.25,0.0,0.0,0,0,0.0,0.0,0,0,0.0,1047.12,1,1,1.0,20153.3,4,2,0.5,0
LGS2ORD0029565,C015090,2025-08-23 03:00:00,Male,58,Bronze,Web,Remote_Area,356,TV_Show,COD,3,8,5,1,>50,11.866666666666667,3.0,1.0,0.3333333333333333,201,139,4542.366666666666,0.28,0.3333333333333333,0.6666666666666666,0.0,0.0,0,0,0.0,0.0,0,0,0.0,0.0,0,0,0.0,13627.099999999999,3,1,0.3333333333333333,1
LGS2ORD0029566,C016029,2025-08-23 03:00:00,Male,43,Silver,Shopee,Khon Kaen,627,TV_Show,COD,3,8,5,1,40-50,20.9,8.0,2.0,0.25,118,40,2637.6862499999997,0.3,0.75,0.125,0.0,0.0,0,0,0.0,0.0,0,0,0.0,4451.04,3,0,0.0,21101.489999999998,8,2,0.25,0
LGS2ORD0029567,C014622,2025-08-23 03:00:00,Male,49,Silver,Shopee,Remote_Area,1188,TV_Show,COD,3,8,5,1,40-50,39.6,9.0,2.0,0.2222222222222222,45,48,4941.271111111111,0.25,0.3333333333333333,0.2222222222222222,0.0,0.0,0,0,0.0,0.0,0,0,0.0,21444.079999999998,3,2,0.6666666666666666,44471.44,9,2,0.2222222222222222,1
LGS2ORD0029568,C015181,2025-08-23 04:00:00,Male,39,Bronze,Shopee,Remote_Area,679,Lazada,COD,4,8,5,1,30-40,22.633333333333333,7.0,2.0,0.2857142857142857,16,3,9197.101428571428,0.28,0.5714285714285714,0.14285714285714285,0.0,11830.18,1,0,0.0,15043.710000000001,3,2,0.6666666666666666,20518.43,4,2,0.5,64379.71,7,2,0.2857142857142857,0
LGS2ORD0029569,C011909,2025-08-23 04:00:00,Female,39,Bronze,Shopee,Bangkok,1683,TV_Show,COD,4,8,5,1,30-40,56.1,6.0,1.0,0.16666666666666666,149,29,3068.373333333333,0.23,0.6666666666666666,0.3333333333333333,0.0,0.0,0,0,0.0,4904.81,1,0,0.0,4904.81,1,0,0.0,18410.239999999998,6,1,0.16666666666666666,0
LGS2ORD0029570,C017174,2025-08-23 04:00:00,Male,62,Silver,CallCenter,Phuket,1542,Shopee,COD,4,8,5,1,>50,51.4,8.0,1.0,0.125,84,29,3459.82,0.3,0.5,0.5,0.0,0.0,0,0,0.0,1460.47,1,0,0.0,7870.63,3,0,0.0,27678.56,8,1,0.125,0
LGS2ORD0029571,C013724,2025-08-23 04:00:00,Female,37,Silver,Lazada,Remote_Area,1372,CallCenter,PromptPay,4,8,5,1,30-40,45.733333333333334,4.0,2.0,0.5,80,97,2579.45,0.25,0.5,0.5,0.0,0.0,0,0,0.0,0.0,0,0,0.0,0.0,0,0,0.0,10317.8,4,2,0.5,0
LGS2ORD0029572,C011980,2025-08-23 04:00:00,Male,30,Silver,Shopee,Bangkok,1241,TV_Show,COD,4,8,5,1,20-30,41.36666666666667,3.0,0.0,0.0,-1,52,2110.2933333333335,0.05,0.6666666666666666,0.0,0.0,0.0,0,0,0.0,0.0,0,0,0.0,538.74,1,0,0.0,6330.88,3,0,0.0,0
LGS2ORD0029573,C010715,2025-08-23 05:00:00,Male,66,Silver,Lazada,Bangkok,451,Lazada,Credit_Card,5,8,5,1,>50,15.033333333333333,1.0,0.0,0.0,-1,81,680.9,0.15,1.0,0.0,0.0,0.0,0,0,0.0,0.0,0,0,0.0,680.9,1,0,0.0,680.9,1,0,0.0,1
LGS2ORD0029574,C017481,2025-08-23 05:00:00,Male,54,Bronze,Shopee,Nakhon Ratchasima,444,Lazada,COD,5,8,5,1,>50,14.8,5.0,0.0,0.0,-1,31,7130.534,0.18,0.4,0.0,0.0,0.0,0,0,0.0,0.0,0,0,0.0,29651.06,2,0,0.0,35652.67,5,0,0.0,0
LGS2ORD0029575,C013029,2025-08-23 05:00:00,Male,44,Platinum,Lazada,Bangkok,405,Lazada,COD,5,8,5,1,40-50,13.5,1.0,0.0,0.0,-1,114,5591.01,0.3,0.0,1.0,0.0,0.0,0,0,0.0,0.0,0,0,0.0,0.0,0,0,0.0,5591.01,1,0,0.0,0
LGS2ORD0029576,C011690,2025-08-23 05:00:00,Male,30,Platinum,Web,Bangkok,403,Lazada,Credit_Card,5,8,5,1,20-30,13.433333333333334,0.0,0.0,0.0,-1,-1,0.0,0.0,0.0,0.0,0.0,0.0,0,0,0.0,0.0,0,0,0.0,0.0,0,0,0.0,0.0,0,0,0.0,0
LGS2ORD0029577,C010526,2025-08-23 05:00:00,Male,48,Bronze,Lazada,Khon Kaen,1056,Shopee,Bank_Transfer,5,8,5,1,40-50,35.2,5.0,0.0,0.0,-1,18,12793.654,0.18,0.2,0.0,0.0,0.0,0,0,0.0,7016.02,1,0,0.0,7016.02,1,0,0.0,63968.270000000004,5,0,0.0,0
LGS2ORD0029578,C017427,2025-08-23 06:00:00,Female,33,Bronze,Lazada,Khon Kaen,1111,Shopee,Credit_Card,6,8,5,1,30-40,37.03333333333333,2.0,0.0,0.0,-1,37,7101.175,0.18,0.0,0.0,0.0,0.0,0,0,0.0,0.0,0,0,0.0,2553.91,1,0,0.0,14202.35,2,0,0.0,0
LGS2ORD0029579,C014192,2025-08-23 06:00:00,Male,38,Silver,CallCenter,Phuket,1673,Shopee,Credit_Card,6,8,5,1,30-40,55.766666666666666,3.0,0.0,0.0,-1,68,8991.896666666667,0.1,0.0,0.0,0.0,0.0,0,0,0.0,0.0,0,0,0.0,16082.5,2,0,0.0,26975.690000000002,3,0,0.0,0
LGS2ORD0029580,C015543,2025-08-23 06:00:00,Female,55,Platinum,Shopee,Khon Kaen,559,Web,PromptPay,6,8,5,1,>50,18.633333333333333,5.0,0.0,0.0,-1,21,8692.470000000001,0.35,0.4,0.6,0.0,0.0,0,0,0.0,166.47,1,0,0.0,166.47,1,0,0.0,43462.350000000006,5,0,0.0,0
LGS2ORD0029581,C015430,2025-08-23 06:00:00,Female,56,Bronze,TV,Songkhla,1203,Lazada,COD,6,8,5,1,>50,40.1,4.0,0.0,0.0,-1,25,10695.657500000001,0.23,0.5,0.25,0.0,0.0,0,0,0.0,36947.1,2,0,0.0,41248.11,3,0,0.0,42782.630000000005,4,0,0.0,0
LGS2ORD0029582,C014418,2025-08-23 06:00:00,Female,26,Gold,Lazada,Nakhon Ratchasima,588,TV_Show,COD,6,8,5,1,20-30,19.6,5.0,0.0,0.0,-1,0,4638.604,0.2299999999999999,0.4,0.6,0.0,1617.5,1,0,0.0,20973.9,3,0,0.0,22001.510000000002,4,0,0.0,23193.02,5,0,0.0,0
LGS2ORD0029583,C014472,2025-08-23 06:00:00,Male,35,Gold,Lazada,Bangkok,1018,Lazada,COD,6,8,5,1,30-40,33.93333333333333,2.0,0.0,0.0,-1,40,3215.7699999999995,0.13,0.5,0.0,0.0,0.0,0,0,0.0,0.0,0,0,0.0,2128.68,1,0,0.0,6431.539999999999,2,0,0.0,0
LGS2ORD0029584,C013617,2025-08-23 07:00:00,Female,56,Bronze,TV,Phuket,720,TV_Show,COD,7,8,5,1,>50,24.0,5.0,2.0,0.4,94,16,6128.870000000001,0.28,0.6,0.4,0.0,0.0,0,0,0.0,4908.38,1,0,0.0,4908.38,1,0,0.0,30644.350000000002,5,2,0.4,0
LGS2ORD0029585,C015480,2025-08-23 07:00:00,Female,49,Bronze,Web,Remote_Area,477,TV_Show,COD,7,8,5,1,40-50,15.9,4.0,2.0,0.5,0,9,3375.9525,0.18,0.75,0.0,0.0,0.0,0,0,0.0,5373.3099999999995,2,1,0.5,13503.81,4,2,0.5,13503.81,4,2,0.5,0
LGS2ORD0029586,C012056,2025-08-23 07:00:00,Female,37,Silver,Shopee,Nakhon Ratchasima,1659,TV_Show,Credit_Card,7,8,5,1,30-40,55.3,5.0,0.0,0.0,-1,55,10442.467999999999,0.2,0.4,0.0,0.0,0.0,0,0,0.0,0.0,0,0,0.0,12130.75,2,0,0.0,52212.34,5,0,0.0,0
LGS2ORD0029587,C014238,2025-08-23 07:00:00,Female,66,Silver,TV,Khon Kaen,1257,CallCenter,Credit_Card,7,8,5,1,>50,41.9,7.0,3.0,0.42857142857142855,16,19,7150.587142857142,0.3,0.5714285714285714,0.42857142857142855,0.0,0.0,0,0,0.0,8835.53,1,1,1.0,12176.34,2,1,0.5,50054.10999999999,7,3,0.42857142857142855,0
LGS2ORD0029588,C014314,2025-08-23 07:00:00,Male,58,Bronze,Lazada,Chonburi,866,TV_Show,COD,7,8,5,1,>50,28.866666666666667,5.0,1.0,0.2,175,46,6719.4800000000005,0.28,0.8,0.4,0.0,0.0,0,0,0.0,0.0,0,0,0.0,10507.7,3,0,0.0,33597.4,5,1,0.2,0
LGS2ORD0029589,C013509,2025-08-23 08:00:00,Male,42,Platinum,TV,Chiang Mai,1390,Shopee,Credit_Card,8,8,5,1,40-50,46.333333333333336,5.0,0.0,0.0,-1,0,2172.746,0.35,0.2,0.8,0.0,2004.96,1,0,0.0,2601.84,2,0,0.0,2601.84,2,0,0.0,10863.73,5,0,0.0,0
LGS2ORD0029590,C016948,2025-08-23 08:00:00,Male,37,Bronze,Lazada,Bangkok,920,Shopee,PromptPay,8,8,5,1,30-40,30.666666666666668,4.0,0.0,0.0,-1,32,6723.8025,0.23,0.25,0.25,0.0,0.0,0,0,0.0,0.0,0,0,0.0,17924.19,1,0,0.0,26895.21,4,0,0.0,0
LGS2ORD0029591,C013690,2025-08-23 08:00:00,Male,42,Silver,Web,Chiang Mai,1546,Shopee,PromptPay,8,8,5,1,40-50,51.53333333333333,3.0,1.0,0.3333333333333333,81,24,1880.32,0.3,0.6666666666666666,0.3333333333333333,0.0,0.0,0,0,0.0,3222.17,1,0,0.0,5640.96,3,1,0.3333333333333333,5640.96,3,1,0.3333333333333333,0
LGS2ORD0029592,C016168,2025-08-23 08:00:00,Female,58,Silver,TV,Songkhla,1401,Web,COD,8,8,5,1,>50,46.7,4.0,1.0,0.25,218,80,2088.8,0.2,0.5,0.0,0.0,0.0,0,0,0.0,0.0,0,0,0.0,5427.23,1,0,0.0,8355.2,4,1,0.25,0
LGS2ORD0029593,C017424,2025-08-23 08:00:00,Female,51,Bronze,TV,Bangkok,1576,CallCenter,COD,8,8,5,1,>50,52.53333333333333,2.0,0.0,0.0,-1,133,2058.665,0.28,1.0,0.5,0.0,0.0,0,0,0.0,0.0,0,0,0.0,0.0,0,0,0.0,4117.33,2,0,0.0,0
LGS2ORD0029594,C016100,2025-08-23 09:00:00,Male,59,Bronze,TV,Khon Kaen,1180,CallCenter,Bank_Transfer,9,8,5,1,>50,39.333333333333336,4.0,2.0,0.5,78,53,5279.76,0.28,0.5,0.75,0.0,0.0,0,0,0.0,0.0,0,0,0.0,4929.31,2,1,0.5,21119.04,4,2,0.5,0
LGS2ORD0029595,C017854,2025-08-23 09:00:00,Male,69,Silver,Shopee,Remote_Area,1057,Lazada,COD,9,8,5,1,>50,35.233333333333334,6.0,3.0,0.5,22,26,5908.813333333334,0.25,0.8333333333333334,0.16666666666666666,0.0,0.0,0,0,0.0,14841.54,1,1,1.0,14841.54,1,1,1.0,35452.880000000005,6,3,0.5,1
LGS2ORD0029596,C011375,2025-08-23 09:00:00,Male,37,Platinum,Shopee,Phuket,1137,TV_Show,COD,9,8,5,1,30-40,37.9,5.0,1.0,0.2,104,52,1563.6,0.35,0.6,0.6,0.0,0.0,0,0,0.0,0.0,0,0,0.0,1751.19,1,0,0.0,7818.0,5,1,0.2,1
LGS2ORD0029597,C011726,2025-08-23 09:00:00,Male,32,Bronze,Shopee,Khon Kaen,417,CallCenter,COD,9,8,5,1,30-40,13.9,4.0,1.0,0.25,109,8,4041.3225,0.28,0.75,0.25,0.0,0.0,0,0,0.0,9769.26,1,0,0.0,9769.26,1,0,0.0,16165.29,4,1,0.25,0
LGS2ORD0029598,C013383,2025-08-23 09:00:00,Female,31,Bronze,Shopee,Phuket,979,Lazada,COD,9,8,5,1,30-40,32.63333333333333,4.0,0.0,0.0,-1,19,10583.497500000001,0.13,0.75,0.0,0.0,0.0,0,0,0.0,8060.66,1,0,0.0,8060.66,1,0,0.0,42333.990000000005,4,0,0.0,0
LGS2ORD0029599,C017314,2025-08-23 10:00:00,Male,41,Bronze,Web,Remote_Area,1686,CallCenter,COD,10,8,5,1,40-50,56.2,4.0,2.0,0.5,174,47,2126.835,0.28,0.25,0.5,0.0,0.0,0,0,0.0,0.0,0,0,0.0,2679.9,1,0,0.0,8507.34,4,2,0.5,0
LGS2ORD0029600,C011609,2025-08-23 10:00:00,Male,63,Silver,TV,Bangkok,1420,Web,COD,10,8,5,1,>50,47.333333333333336,5.0,1.0,0.2,59,7,7829.122,0.25,0.8,0.2,0.0,0.0,0,0,0.0,8543.19,1,0,0.0,35022.94,3,1,0.3333333333333333,39145.61,5,1,0.2,0
LGS2ORD0029601,C016322,2025-08-23 10:00:00,Female,19,Silver,Lazada,Bangkok,1464,TV_Show,Credit_Card,10,8,5,1,<20,48.8,1.0,0.0,0.0,-1,164,1238.77,0.25,0.0,1.0,0.0,0.0,0,0,0.0,0.0,0,0,0.0,0.0,0,0,0.0,1238.77,1,0,0.0,0
LGS2ORD0029602,C012583,2025-08-23 10:00:00,Male,39,Bronze,CallCenter,Chiang Mai,1582,Shopee,COD,10,8,5,1,30-40,52.733333333333334,3.0,0.0,0.0,-1,83,20629.9,0.23,0.6666666666666666,0.3333333333333333,0.0,0.0,0,0,0.0,0.0,0,0,0.0,2949.83,1,0,0.0,61889.700000000004,3,0,0.0,0
LGS2ORD0029603,C014642,2025-08-23 10:00:00,Male,60,Silver,Shopee,Phuket,1612,Lazada,Bank_Transfer,10,8,5,1,>50,53.733333333333334,4.0,1.0,0.25,167,79,642.135,0.25,0.75,0.25,0.0,0.0,0,0,0.0,0.0,0,0,0.0,427.73,1,0,0.0,2568.54,4,1,0.25,0
LGS2ORD0029604,C016580,2025-08-23 10:00:00,Female,32,Bronze,Web,Bangkok,643,Web,COD,10,8,5,1,30-40,21.433333333333334,5.0,2.0,0.4,0,11,3696.6979999999994,0.28,1.0,0.8,0.0,0.0,0,0,0.0,8015.65,3,2,0.6666666666666666,8015.65,3,2,0.6666666666666666,18483.489999999998,5,2,0.4,1
LGS2ORD0029605,C011566,2025-08-23 11:00:00,Male,38,Gold,Shopee,Khon Kaen,1446,Web,COD,11,8,5,1,30-40,48.2,7.0,2.0,0.2857142857142857,26,9,2839.6457142857143,0.33,0.42857142857142855,0.42857142857142855,0.0,0.0,0,0,0.0,1248.35,1,0,0.0,7452.32,3,1,0.3333333333333333,19877.52,7,2,0.2857142857142857,1
LGS2ORD0029606,C012118,2025-08-23 11:00:00,Male,51,Silver,Shopee,Chiang Mai,1090,TV_Show,PromptPay,11,8,5,1,>50,36.333333333333336,2.0,0.0,0.0,-1,22,2545.43,0.1,0.5,0.0,0.0,0.0,0,0,0.0,1316.14,1,0,0.0,1316.14,1,0,0.0,5090.86,2,0,0.0,0
LGS2ORD0029607,C015875,2025-08-23 11:00:00,Male,39,Silver,TV,Bangkok,1274,TV_Show,COD,11,8,5,1,30-40,42.46666666666667,2.0,1.0,0.5,194,155,4370.014999999999,0.25,0.0,0.5,0.0,0.0,0,0,0.0,0.0,0,0,0.0,0.0,0,0,0.0,8740.029999999999,2,1,0.5,0
LGS2ORD0029608,C015195,2025-08-23 11:00:00,Male,48,Gold,TV,Chonburi,508,Web,PromptPay,11,8,5,1,40-50,16.933333333333334,3.0,0.0,0.0,-1,18,4713.41,0.18,0.3333333333333333,0.0,0.0,0.0,0,0,0.0,735.51,1,0,0.0,735.51,1,0,0.0,14140.23,3,0,0.0,0
LGS2ORD0029609,C016041,2025-08-23 11:00:00,Male,38,Platinum,Shopee,Bangkok,594,Shopee,PromptPay,11,8,5,1,30-40,19.8,4.0,1.0,0.25,143,147,4445.775,0.25,0.0,0.25,0.0,0.0,0,0,0.0,0.0,0,0,0.0,0.0,0,0,0.0,17783.1,4,1,0.25,0
LGS2ORD0029610,C013786,2025-08-23 12:00:00,Female,49,Gold,Shopee,Chiang Mai,252,TV_Show,COD,12,8,5,1,40-50,8.4,6.0,1.0,0.16666666666666666,44,23,1771.2633333333333,0.28,0.5,0.8333333333333334,0.0,0.0,0,0,0.0,3648.24,1,0,0.0,5726.5,4,1,0.25,10627.58,6,1,0.16666666666666666,0
LGS2ORD0029611,C013763,2025-08-23 12:00:00,Female,48,Gold,Web,Bangkok,709,TV_Show,Bank_Transfer,12,8,5,1,40-50,23.633333333333333,2.0,0.0,0.0,-1,17,4272.275,0.28,0.5,1.0,0.0,0.0,0,0,0.0,5041.56,1,0,0.0,5041.56,1,0,0.0,8544.55,2,0,0.0,0
LGS2ORD0029612,C012182,2025-08-23 12:00:00,Male,41,Silver,Shopee,Bangkok,586,Web,COD,12,8,5,1,40-50,19.533333333333335,0.0,0.0,0.0,-1,-1,0.0,0.0,0.0,0.0,0.0,0.0,0,0,0.0,0.0,0,0,0.0,0.0,0,0,0.0,0.0,0,0,0.0,0
LGS2ORD0029613,C016464,2025-08-23 12:00:00,Male,23,Gold,Shopee,Nakhon Ratchasima,1540,Web,COD,12,8,5,1,20-30,51.333333333333336,4.0,1.0,0.25,110,11,7280.299999999999,0.28,0.75,0.75,0.0,0.0,0,0,0.0,10229.47,1,0,0.0,17944.9,3,0,0.0,29121.199999999997,4,1,0.25,0
LGS2ORD0029614,C012197,2025-08-23 12:00:00,Female,37,Silver,TV,Songkhla,764,Lazada,PromptPay,12,8,5,1,30-40,25.466666666666665,4.0,2.0,0.5,48,20,7935.58,0.25,0.5,0.25,0.0,0.0,0,0,0.0,3799.67,1,0,0.0,11696.57,3,2,0.6666666666666666,31742.32,4,2,0.5,0
LGS2ORD0029615,C015860,2025-08-23 13:00:00,Female,49,Bronze,Lazada,Bangkok,831,CallCenter,COD,13,8,5,1,40-50,27.7,1.0,0.0,0.0,-1,136,1599.99,0.18,0.0,0.0,0.0,0.0,0,0,0.0,0.0,0,0,0.0,0.0,0,0,0.0,1599.99,1,0,0.0,0
LGS2ORD0029616,C015790,2025-08-23 13:00:00,Male,36,Bronze,CallCenter,Bangkok,1641,Shopee,COD,13,8,5,1,30-40,54.7,6.0,0.0,0.0,-1,1,4308.806666666666,0.28,0.5,0.3333333333333333,0.0,6720.27,1,0,0.0,15573.2,2,0,0.0,22068.61,5,0,0.0,25852.84,6,0,0.0,0
LGS2ORD0029617,C016163,2025-08-23 13:00:00,Male,32,Bronze,Shopee,Phuket,381,Lazada,COD,13,8,5,1,30-40,12.7,6.0,3.0,0.5,22,24,6344.830000000001,0.28,0.3333333333333333,0.3333333333333333,0.0,0.0,0,0,0.0,5193.29,1,0,0.0,21299.47,4,2,0.5,38068.98,6,3,0.5,1
LGS2ORD0029618,C012994,2025-08-23 13:00:00,Male,28,Bronze,TV,Nakhon Ratchasima,450,TV_Show,Credit_Card,13,8,5,1,20-30,15.0,6.0,2.0,0.3333333333333333,120,120,5008.860000000001,0.23,0.6666666666666666,0.16666666666666666,0.0,0.0,0,0,0.0,0.0,0,0,0.0,0.0,0,0,0.0,30053.160000000003,6,2,0.3333333333333333,0
LGS2ORD0029619,C012092,2025-08-23 13:00:00,Female,33,Silver,Lazada,Bangkok,357,TV_Show,COD,13,8,5,1,30-40,11.9,4.0,1.0,0.25,60,71,5877.1325,0.3,0.25,0.25,0.0,0.0,0,0,0.0,0.0,0,0,0.0,12751.96,1,1,1.0,23508.53,4,1,0.25,0
LGS2ORD0029620,C016646,2025-08-23 13:00:00,Male,38,Bronze,TV,Chiang Mai,532,Lazada,Credit_Card,13,8,5,1,30-40,17.733333333333334,9.0,2.0,0.2222222222222222,55,0,4300.1322222222225,0.28,0.7777777777777778,0.1111111111111111,0.0,1056.29,1,0,0.0,1056.29,1,0,0.0,15631.75,4,1,0.25,38701.19,9,2,0.2222222222222222,1
LGS2ORD0029621,C017398,2025-08-23 14:00:00,Male,18,Gold,TV,Chiang Mai,1348,Web,Credit_Card,14,8,5,1,<20,44.93333333333333,5.0,1.0,0.2,3,16,2203.66,0.18,0.2,0.0,0.0,0.0,0,0,0.0,800.54,1,1,1.0,5042.11,2,1,0.5,11018.3,5,1,0.2,0
LGS2ORD0029622,C011132,2025-08-23 14:00:00,Female,39,Bronze,TV,Khon Kaen,989,Shopee,COD,14,8,5,1,30-40,32.96666666666667,9.0,2.0,0.2222222222222222,169,29,6075.904444444444,0.28,0.7777777777777778,0.3333333333333333,0.0,0.0,0,0,0.0,2498.61,1,0,0.0,8920.33,3,0,0.0,54683.14,9,2,0.2222222222222222,1
LGS2ORD0029623,C016125,2025-08-23 14:00:00,Male,31,Bronze,TV,Songkhla,662,Shopee,COD,14,8,5,1,30-40,22.066666666666666,4.0,2.0,0.5,126,32,7534.97,0.28,0.5,0.25,0.0,0.0,0,0,0.0,0.0,0,0,0.0,10763.84,2,0,0.0,30139.88,4,2,0.5,0
LGS2ORD0029624,C013915,2025-08-23 14:00:00,Male,41,Gold,Web,Chiang Mai,929,Shopee,PromptPay,14,8,5,1,40-50,30.966666666666665,1.0,0.0,0.0,-1,219,6003.14,0.08,1.0,0.0,0.0,0.0,0,0,0.0,0.0,0,0,0.0,0.0,0,0,0.0,6003.14,1,0,0.0,0
LGS2ORD0029625,C016729,2025-08-23 14:00:00,Male,43,Silver,Web,Bangkok,422,Shopee,COD,14,8,5,1,40-50,14.066666666666666,5.0,0.0,0.0,-1,40,5539.524,0.25,0.2,0.6,0.0,0.0,0,0,0.0,0.0,0,0,0.0,24031.14,3,0,0.0,27697.620000000003,5,0,0.0,0
LGS2ORD0029626,C016858,2025-08-23 15:00:00,Male,40,Bronze,TV,Songkhla,620,TV_Show,COD,15,8,5,1,30-40,20.666666666666668,6.0,2.0,0.3333333333333333,16,6,3169.1183333333333,0.28,0.6666666666666666,0.6666666666666666,0.0,2017.57,1,0,0.0,10654.9,2,1,0.5,10654.9,2,1,0.5,19014.71,6,2,0.3333333333333333,0
LGS2ORD0029627,C011867,2025-08-23 15:00:00,Female,42,Silver,Shopee,Bangkok,1202,Web,COD,15,8,5,1,40-50,40.06666666666667,3.0,2.0,0.6666666666666666,35,38,2812.9500000000003,0.25,1.0,0.3333333333333333,0.0,0.0,0,0,0.0,0.0,0,0,0.0,1315.69,1,1,1.0,8438.85,3,2,0.6666666666666666,0
LGS2ORD0029628,C010554,2025-08-23 15:00:00,Female,44,Bronze,TV,Songkhla,972,Web,PromptPay,15,8,5,1,40-50,32.4,4.0,1.0,0.25,179,73,2925.9449999999997,0.28,0.25,0.25,0.0,0.0,0,0,0.0,0.0,0,0,0.0,4663.79,1,0,0.0,11703.779999999999,4,1,0.25,0
LGS2ORD0029629,C017301,2025-08-23 15:00:00,Female,46,Bronze,Web,Nakhon Ratchasima,686,CallCenter,COD,15,8,5,1,40-50,22.866666666666667,2.0,0.0,0.0,-1,26,1767.79,0.23,1.0,0.5,0.0,0.0,0,0,0.0,1905.73,1,0,0.0,3535.58,2,0,0.0,3535.58,2,0,0.0,1
LGS2ORD0029630,C010322,2025-08-23 15:00:00,Female,25,Bronze,Web,Chiang Mai,879,Shopee,PromptPay,15,8,5,1,20-30,29.3,3.0,1.0,0.3333333333333333,106,122,3843.8733333333334,0.13,0.3333333333333333,0.0,0.0,0.0,0,0,0.0,0.0,0,0,0.0,0.0,0,0,0.0,11531.62,3,1,0.3333333333333333,0
LGS2ORD0029631,C010728,2025-08-23 16:00:00,Female,53,Gold,Shopee,Songkhla,1684,Shopee,COD,16,8,5,1,>50,56.13333333333333,3.0,0.0,0.0,-1,63,3481.456666666667,0.28,0.6666666666666666,0.3333333333333333,0.0,0.0,0,0,0.0,0.0,0,0,0.0,543.26,1,0,0.0,10444.37,3,0,0.0,0
LGS2ORD0029632,C017635,2025-08-23 16:00:00,Other,19,Bronze,Web,Nakhon Ratchasima,379,CallCenter,Bank_Transfer,16,8,5,1,<20,12.633333333333333,2.0,2.0,1.0,91,96,3141.885,0.18,0.0,0.0,0.0,0.0,0,0,0.0,0.0,0,0,0.0,0.0,0,0,0.0,6283.77,2,2,1.0,0
LGS2ORD0029633,C014401,2025-08-23 16:00:00,Male,44,Platinum,Web,Khon Kaen,310,CallCenter,PromptPay,16,8,5,1,40-50,10.333333333333334,4.0,1.0,0.25,171,65,12991.717499999999,0.3,0.5,0.75,0.0,0.0,0,0,0.0,0.0,0,0,0.0,3069.75,1,0,0.0,51966.869999999995,4,1,0.25,0
LGS2ORD0029634,C010718,2025-08-23 16:00:00,Male,30,Bronze,TV,Bangkok,1261,TV_Show,COD,16,8,5,1,20-30,42.03333333333333,4.0,1.0,0.25,11,29,6535.9225,0.18,0.5,0.0,0.0,0.0,0,0,0.0,2185.8,1,1,1.0,2185.8,1,1,1.0,26143.69,4,1,0.25,0
LGS2ORD0029635,C014501,2025-08-23 16:00:00,Female,51,Platinum,Web,Bangkok,459,Shopee,COD,16,8,5,1,>50,15.3,2.0,0.0,0.0,-1,87,2329.9500000000003,0.35,0.0,1.0,0.0,0.0,0,0,0.0,0.0,0,0,0.0,4285.18,1,0,0.0,4659.900000000001,2,0,0.0,0
LGS2ORD0029636,C015103,2025-08-23 17:00:00,Female,34,Bronze,Shopee,Bangkok,1456,Web,COD,17,8,5,1,30-40,48.53333333333333,4.0,2.0,0.5,13,25,2245.0675,0.23,0.5,0.25,0.0,0.0,0,0,0.0,1959.16,1,1,1.0,6893.62,3,2,0.6666666666666666,8980.27,4,2,0.5,0
LGS2ORD0029637,C012137,2025-08-23 17:00:00,Female,39,Silver,Lazada,Chiang Mai,994,Web,COD,17,8,5,1,30-40,33.13333333333333,2.0,0.0,0.0,-1,35,6656.67,0.05,0.5,0.0,0.0,0.0,0,0,0.0,0.0,0,0,0.0,10982.1,1,0,0.0,13313.34,2,0,0.0,0
LGS2ORD0029638,C017375,2025-08-23 17:00:00,Male,34,Silver,TV,Remote_Area,790,Lazada,COD,17,8,5,1,30-40,26.333333333333332,3.0,2.0,0.6666666666666666,65,28,4415.85,0.3,0.6666666666666666,0.6666666666666666,0.0,0.0,0,0,0.0,2476.94,1,0,0.0,3989.6800000000003,2,1,0.5,13247.550000000001,3,2,0.6666666666666666,0
LGS2ORD0029639,C011270,2025-08-23 17:00:00,Female,27,Silver,TV,Chonburi,1512,Lazada,Bank_Transfer,17,8,5,1,20-30,50.4,5.0,0.0,0.0,-1,26,7572.432000000001,0.25,0.2,0.4,0.0,0.0,0,0,0.0,476.63,1,0,0.0,476.63,1,0,0.0,37862.16,5,0,0.0,0
LGS2ORD0029640,C015382,2025-08-23 17:00:00,Female,32,Silver,Shopee,Chiang Mai,1154,TV_Show,COD,17,8,5,1,30-40,38.46666666666667,1.0,0.0,0.0,-1,130,925.4,0.25,0.0,1.0,0.0,0.0,0,0,0.0,0.0,0,0,0.0,0.0,0,0,0.0,925.4,1,0,0.0,1
LGS2ORD0029641,C014836,2025-08-23 17:00:00,Male,51,Silver,TV,Remote_Area,1204,CallCenter,COD,17,8,5,1,>50,40.13333333333333,2.0,1.0,0.5,137,130,5114.2,0.1,0.0,0.0,0.0,0.0,0,0,0.0,0.0,0,0,0.0,0.0,0,0,0.0,10228.4,2,1,0.5,1
LGS2ORD0029642,C012790,2025-08-23 18:00:00,Female,18,Silver,TV,Bangkok,1628,Web,PromptPay,18,8,5,1,<20,54.266666666666666,4.0,1.0,0.25,121,60,5348.9025,0.2,0.25,0.0,0.0,0.0,0,0,0.0,0.0,0,0,0.0,5472.99,1,0,0.0,21395.61,4,1,0.25,1
LGS2ORD0029643,C013957,2025-08-23 18:00:00,Female,65,Bronze,Lazada,Khon Kaen,597,Web,Bank_Transfer,18,8,5,1,>50,19.9,5.0,1.0,0.2,46,5,3092.0520000000006,0.18,0.6,0.0,0.0,3359.7,1,0,0.0,3359.7,1,0,0.0,15460.260000000002,5,1,0.2,15460.260000000002,5,1,0.2,0
LGS2ORD0029644,C013039,2025-08-23 18:00:00,Female,61,Bronze,Web,Bangkok,1134,Lazada,COD,18,8,5,1,>50,37.8,3.0,2.0,0.6666666666666666,10,25,8653.776666666667,0.18,0.6666666666666666,0.0,0.0,0.0,0,0,0.0,7037.43,1,1,1.0,7869.08,2,2,1.0,25961.33,3,2,0.6666666666666666,0
LGS2ORD0029645,C017870,2025-08-23 18:00:00,Male,43,Bronze,TV,Chiang Mai,854,Shopee,COD,18,8,5,1,40-50,28.466666666666665,5.0,0.0,0.0,-1,105,5455.179999999999,0.28,0.4,0.2,0.0,0.0,0,0,0.0,0.0,0,0,0.0,0.0,0,0,0.0,27275.899999999998,5,0,0.0,0
LGS2ORD0029646,C013659,2025-08-23 18:00:00,Male,72,Bronze,TV,Remote_Area,1393,TV_Show,COD,18,8,5,1,>50,46.43333333333333,5.0,0.0,0.0,-1,29,5131.246000000001,0.28,0.2,0.2,0.0,0.0,0,0,0.0,6213.18,1,0,0.0,16110.45,3,0,0.0,25656.230000000003,5,0,0.0,0
LGS2ORD0029647,C012458,2025-08-23 19:00:00,Male,49,Bronze,TV,Bangkok,1474,TV_Show,PromptPay,19,8,5,1,40-50,49.13333333333333,2.0,0.0,0.0,-1,120,7569.635,0.08,0.5,0.0,0.0,0.0,0,0,0.0,0.0,0,0,0.0,0.0,0,0,0.0,15139.27,2,0,0.0,0
LGS2ORD0029648,C014484,2025-08-23 19:00:00,Male,53,Platinum,Lazada,Bangkok,1622,CallCenter,Bank_Transfer,19,8,5,1,>50,54.06666666666667,4.0,1.0,0.25,97,39,4383.4775,0.25,0.25,0.25,0.0,0.0,0,0,0.0,0.0,0,0,0.0,10549.220000000001,2,0,0.0,17533.91,4,1,0.25,0
LGS2ORD0029649,C017008,2025-08-23 19:00:00,Female,46,Bronze,Web,Bangkok,1262,TV_Show,COD,19,8,5,1,40-50,42.06666666666667,4.0,1.0,0.25,212,41,5683.585,0.28,0.25,0.25,0.0,0.0,0,0,0.0,0.0,0,0,0.0,10584.890000000001,2,0,0.0,22734.34,4,1,0.25,1
LGS2ORD0029650,C011676,2025-08-23 19:00:00,Male,28,Gold,Shopee,Nakhon Ratchasima,1141,Lazada,COD,19,8,5,1,20-30,38.03333333333333,6.0,0.0,0.0,-1,39,3835.396666666666,0.33,0.16666666666666666,0.5,0.0,0.0,0,0,0.0,0.0,0,0,0.0,6916.120000000001,2,0,0.0,23012.379999999997,6,0,0.0,0
LGS2ORD0029651,C012129,2025-08-23 19:00:00,Male,56,Silver,TV,Khon Kaen,1162,Shopee,COD,19,8,5,1,>50,38.733333333333334,5.0,0.0,0.0,-1,66,4306.998,0.3,0.8,0.2,0.0,0.0,0,0,0.0,0.0,0,0,0.0,2909.43,1,0,0.0,21534.989999999998,5,0,0.0,0
LGS2ORD0029652,C010011,2025-08-23 20:00:00,Female,50,Gold,Shopee,Bangkok,1463,Lazada,Credit_Card,20,8,5,1,40-50,48.766666666666666,2.0,0.0,0.0,-1,20,6683.755,0.28,0.0,1.0,0.0,0.0,0,0,0.0,8309.91,1,0,0.0,8309.91,1,0,0.0,13367.51,2,0,0.0,0
LGS2ORD0029653,C012418,2025-08-23 20:00:00,Male,45,Bronze,Web,Songkhla,582,TV_Show,COD,20,8,5,1,40-50,19.4,7.0,5.0,0.7142857142857143,47,57,6204.7585714285715,0.23,0.42857142857142855,0.42857142857142855,0.0,0.0,0,0,0.0,0.0,0,0,0.0,15654.49,3,3,1.0,43433.31,7,5,0.7142857142857143,1
LGS2ORD0029654,C015119,2025-08-23 20:00:00,Female,38,Bronze,Shopee,Remote_Area,1418,Web,COD,20,8,5,1,30-40,47.266666666666666,3.0,2.0,0.6666666666666666,2,12,1911.8966666666668,0.23,1.0,0.3333333333333333,0.0,0.0,0,0,0.0,387.48,1,1,1.0,387.48,1,1,1.0,5735.6900000000005,3,2,0.6666666666666666,1
LGS2ORD0029655,C017389,2025-08-23 20:00:00,Female,39,Bronze,CallCenter,Bangkok,1339,TV_Show,COD,20,8,5,1,30-40,44.63333333333333,1.0,0.0,0.0,-1,185,1527.73,0.08,1.0,0.0,0.0,0.0,0,0,0.0,0.0,0,0,0.0,0.0,0,0,0.0,1527.73,1,0,0.0,0
LGS2ORD0029656,C017517,2025-08-23 20:00:00,Female,56,Silver,CallCenter,Khon Kaen,769,CallCenter,Credit_Card,20,8,5,1,>50,25.633333333333333,6.0,1.0,0.16666666666666666,167,48,8352.486666666666,0.3,0.6666666666666666,0.16666666666666666,0.0,0.0,0,0,0.0,0.0,0,0,0.0,5214.08,2,0,0.0,50114.91999999999,6,1,0.16666666666666666,1
LGS2ORD0029657,C016616,2025-08-23 21:00:00,Male,47,Bronze,CallCenter,Bangkok,894,Lazada,Credit_Card,21,8,5,1,40-50,29.8,7.0,1.0,0.14285714285714285,122,6,1481.5485714285714,0.28,0.5714285714285714,0.2857142857142857,0.0,627.69,1,0,0.0,2702.87,2,0,0.0,2702.87,2,0,0.0,10370.84,7,1,0.14285714285714285,0
LGS2ORD0029658,C011587,2025-08-23 21:00:00,Female,22,Gold,Web,Bangkok,1446,TV_Show,COD,21,8,5,1,20-30,48.2,7.0,0.0,0.0,-1,33,3081.5528571428563,0.33,0.7142857142857143,0.42857142857142855,0.0,0.0,0,0,0.0,0.0,0,0,0.0,4817.61,4,0,0.0,21570.869999999995,7,0,0.0,0
LGS2ORD0029659,C014966,2025-08-23 21:00:00,Female,54,Platinum,Shopee,Chiang Mai,919,Lazada,COD,21,8,5,1,>50,30.633333333333333,4.0,2.0,0.5,52,67,7922.8225,0.35,0.0,0.5,0.0,0.0,0,0,0.0,0.0,0,0,0.0,12671.27,1,1,1.0,31691.29,4,2,0.5,0
LGS2ORD0029660,C016364,2025-08-23 21:00:00,Female,48,Silver,CallCenter,Remote_Area,1398,TV_Show,COD,21,8,5,1,40-50,46.6,2.0,0.0,0.0,-1,31,2826.125,0.15,0.5,0.0,0.0,0.0,0,0,0.0,0.0,0,0,0.0,4105.84,1,0,0.0,5652.25,2,0,0.0,1
LGS2ORD0029661,C016010,2025-08-23 21:00:00,Male,45,Bronze,TV,Nakhon Ratchasima,925,TV_Show,PromptPay,21,8,5,1,40-50,30.833333333333332,9.0,2.0,0.2222222222222222,19,5,9321.075555555557,0.23,0.8888888888888888,0.2222222222222222,0.1111111111111111,26842.63,1,0,0.0,48625.94,3,1,0.3333333333333333,64150.43000000001,5,1,0.2,83889.68000000001,9,2,0.2222222222222222,0
LGS2ORD0029662,C015485,2025-08-23 21:00:00,Female,54,Gold,Shopee,Chiang Mai,1450,Lazada,COD,21,8,5,1,>50,48.333333333333336,0.0,0.0,0.0,-1,-1,0.0,0.0,0.0,0.0,0.0,0.0,0,0,0.0,0.0,0,0,0.0,0.0,0,0,0.0,0.0,0,0,0.0,0
LGS2ORD0029663,C010764,2025-08-23 22:00:00,Male,37,Silver,Lazada,Remote_Area,514,CallCenter,COD,22,8,5,1,30-40,17.133333333333333,6.0,1.0,0.16666666666666666,182,41,8403.735,0.3,0.6666666666666666,0.16666666666666666,0.0,0.0,0,0,0.0,0.0,0,0,0.0,22067.489999999998,3,0,0.0,50422.41,6,1,0.16666666666666666,0
LGS2ORD0029664,C016581,2025-08-23 22:00:00,Female,35,Gold,Shopee,Nakhon Ratchasima,1536,Web,COD,22,8,5,1,30-40,51.2,6.0,0.0,0.0,-1,8,4480.815,0.2299999999999999,0.0,0.3333333333333333,0.0,0.0,0,0,0.0,2789.03,1,0,0.0,6567.290000000001,2,0,0.0,26884.89,6,0,0.0,0
LGS2ORD0029665,C017632,2025-08-23 22:00:00,Male,40,Bronze,TV,Bangkok,1636,Web,Credit_Card,22,8,5,1,30-40,54.53333333333333,3.0,0.0,0.0,-1,177,5820.9800000000005,0.23,0.0,0.3333333333333333,0.0,0.0,0,0,0.0,0.0,0,0,0.0,0.0,0,0,0.0,17462.940000000002,3,0,0.0,0
LGS2ORD0029666,C015370,2025-08-23 22:00:00,Female,31,Gold,CallCenter,Khon Kaen,525,Lazada,COD,22,8,5,1,30-40,17.5,1.0,0.0,0.0,-1,62,3521.84,0.08,1.0,0.0,0.0,0.0,0,0,0.0,0.0,0,0,0.0,3521.84,1,0,0.0,3521.84,1,0,0.0,0
LGS2ORD0029667,C010397,2025-08-23 22:00:00,Male,34,Bronze,Web,Nakhon Ratchasima,299,Web,COD,22,8,5,1,30-40,9.966666666666667,6.0,1.0,0.16666666666666666,0,1,2518.6716666666666,0.28,0.5,0.3333333333333333,0.0,1653.24,1,0,0.0,4660.69,3,1,0.3333333333333333,4660.69,3,1,0.3333333333333333,15112.03,6,1,0.16666666666666666,0
LGS2ORD0029668,C014769,2025-08-23 23:00:00,Other,47,Bronze,Shopee,Bangkok,1682,Web,Credit_Card,23,8,5,1,40-50,56.06666666666667,8.0,2.0,0.25,12,22,2610.16125,0.28,0.25,0.375,0.0,0.0,0,0,0.0,916.22,1,1,1.0,8205.88,4,1,0.25,20881.29,8,2,0.25,0
LGS2ORD0029669,C015131,2025-08-23 23:00:00,Female,43,Bronze,Shopee,Bangkok,753,Web,COD,23,8,5,1,40-50,25.1,3.0,0.0,0.0,-1,1,3685.53,0.18,0.0,0.0,0.0,5623.27,1,0,0.0,5623.27,1,0,0.0,9672.82,2,0,0.0,11056.59,3,0,0.0,0
LGS2ORD0029670,C014358,2025-08-23 23:00:00,Male,34,Gold,Web,Chiang Mai,982,Lazada,Credit_Card,23,8,5,1,30-40,32.733333333333334,7.0,1.0,0.14285714285714285,157,7,5875.55,0.33,0.7142857142857143,0.2857142857142857,0.0,0.0,0,0,0.0,12028.419999999998,2,0,0.0,23861.76,4,0,0.0,41128.85,7,1,0.14285714285714285,1
LGS2ORD0029671,C016902,2025-08-23 23:00:00,Male,45,Bronze,Web,Chiang Mai,1127,Web,COD,23,8,5,1,40-50,37.56666666666667,2.0,1.0,0.5,189,14,776.625,0.23,0.5,1.0,0.0,0.0,0,0,0.0,580.61,1,0,0.0,580.61,1,0,0.0,1553.25,2,1,0.5,0
LGS2ORD0029672,C014383,2025-08-23 23:00:00,Male,32,Silver,CallCenter,Chiang Mai,415,Web,COD,23,8,5,1,30-40,13.833333333333334,6.0,3.0,0.5,23,29,5713.0199999999995,0.3,0.3333333333333333,0.16666666666666666,0.0,0.0,0,0,0.0,2376.15,1,1,1.0,18922.02,2,2,1.0,34278.119999999995,6,3,0.5,0
LGS2ORD0029673,C016310,2025-08-24 00:00:00,Male,43,Silver,Web,Bangkok,1403,Shopee,COD,0,8,6,1,40-50,46.766666666666666,2.0,1.0,0.5,89,33,4756.674999999999,0.3,1.0,1.0,0.0,0.0,0,0,0.0,0.0,0,0,0.0,3316.99,1,0,0.0,9513.349999999999,2,1,0.5,1
LGS2ORD0029674,C012002,2025-08-24 00:00:00,Female,38,Silver,TV,Chiang Mai,256,Lazada,Credit_Card,0,8,6,1,30-40,8.533333333333333,0.0,0.0,0.0,-1,-1,0.0,0.0,0.0,0.0,0.0,0.0,0,0,0.0,0.0,0,0,0.0,0.0,0,0,0.0,0.0,0,0,0.0,0
LGS2ORD0029675,C016784,2025-08-24 00:00:00,Female,29,Gold,Web,Phuket,475,TV_Show,Credit_Card,0,8,6,1,20-30,15.833333333333334,2.0,1.0,0.5,78,44,19521.345,0.28,0.5,1.0,0.0,0.0,0,0,0.0,0.0,0,0,0.0,14412.33,1,0,0.0,39042.69,2,1,0.5,1
LGS2ORD0029676,C011610,2025-08-24 00:00:00,Male,34,Silver,TV,Remote_Area,1405,TV_Show,Credit_Card,0,8,6,1,30-40,46.833333333333336,5.0,1.0,0.2,188,23,5751.7,0.3,1.0,0.6,0.0,0.0,0,0,0.0,17891.18,1,0,0.0,23557.08,2,0,0.0,28758.5,5,1,0.2,0
LGS2ORD0029677,C013634,2025-08-24 00:00:00,Female,50,Gold,Shopee,Nakhon Ratchasima,754,TV_Show,COD,0,8,6,1,40-50,25.133333333333333,2.0,1.0,0.5,167,46,3594.25,0.08,0.0,0.0,0.0,0.0,0,0,0.0,0.0,0,0,0.0,5530.75,1,0,0.0,7188.5,2,1,0.5,0
LGS2ORD0029678,C017875,2025-08-24 01:00:00,Female,41,Bronze,TV,Songkhla,492,TV_Show,COD,1,8,6,1,40-50,16.4,3.0,1.0,0.3333333333333333,206,122,1632.2466666666667,0.23,0.3333333333333333,0.3333333333333333,0.0,0.0,0,0,0.0,0.0,0,0,0.0,0.0,0,0,0.0,4896.74,3,1,0.3333333333333333,1
LGS2ORD0029679,C013109,2025-08-24 01:00:00,Male,46,Bronze,Shopee,Khon Kaen,1398,Shopee,COD,1,8,6,1,40-50,46.6,6.0,1.0,0.16666666666666666,19,6,8295.664999999999,0.28,0.8333333333333334,0.3333333333333333,0.0,2108.92,1,0,0.0,14128.13,2,0,0.0,41240.99,4,1,0.25,49773.99,6,1,0.16666666666666666,0
LGS2ORD0029680,C014025,2025-08-24 01:00:00,Male,47,Bronze,TV,Nakhon Ratchasima,986,Web,Credit_Card,1,8,6,1,40-50,32.86666666666667,4.0,1.0,0.25,136,67,2720.9224999999997,0.13,0.5,0.0,0.0,0.0,0,0,0.0,0.0,0,0,0.0,889.06,1,0,0.0,10883.689999999999,4,1,0.25,1
LGS2ORD0029681,C015038,2025-08-24 01:00:00,Female,72,Silver,Shopee,Nakhon Ratchasima,1217,TV_Show,COD,1,8,6,1,>50,40.56666666666667,4.0,1.0,0.25,60,25,4728.837500000001,0.25,0.75,0.25,0.0,0.0,0,0,0.0,1005.43,1,0,0.0,11823.26,3,1,0.3333333333333333,18915.350000000002,4,1,0.25,1
LGS2ORD0029682,C017522,2025-08-24 01:00:00,Female,40,Silver,TV,Bangkok,1407,CallCenter,COD,1,8,6,1,30-40,46.9,8.0,3.0,0.375,23,6,3268.29875,0.2,0.5,0.0,0.0,1495.95,1,0,0.0,1495.95,1,0,0.0,12090.56,5,2,0.4,26146.39,8,3,0.375,0
LGS2ORD0029683,C012428,2025-08-24 01:00:00,Male,45,Silver,Shopee,Remote_Area,700,TV_Show,Credit_Card,1,8,6,1,40-50,23.333333333333332,3.0,0.0,0.0,-1,25,5090.503333333334,0.2,0.0,0.0,0.0,0.0,0,0,0.0,2327.54,1,0,0.0,9760.810000000001,2,0,0.0,15271.510000000002,3,0,0.0,0
LGS2ORD0029684,C016583,2025-08-24 02:00:00,Male,30,Silver,Shopee,Bangkok,1527,Web,COD,2,8,6,1,20-30,50.9,2.0,0.0,0.0,-1,5,4955.38,0.1,0.5,0.0,0.0,6076.05,1,0,0.0,9910.76,2,0,0.0,9910.76,2,0,0.0,9910.76,2,0,0.0,0
LGS2ORD0029685,C016523,2025-08-24 02:00:00,Female,20,Bronze,TV,Remote_Area,826,Web,PromptPay,2,8,6,1,<20,27.533333333333335,4.0,3.0,0.75,83,90,5422.0275,0.18,0.75,0.0,0.0,0.0,0,0,0.0,0.0,0,0,0.0,0.0,0,0,0.0,21688.11,4,3,0.75,0
LGS2ORD0029686,C012526,2025-08-24 02:00:00,Female,36,Bronze,TV,Bangkok,1174,Shopee,Credit_Card,2,8,6,1,30-40,39.13333333333333,1.0,0.0,0.0,-1,37,15661.67,0.28,0.0,1.0,0.0,0.0,0,0,0.0,0.0,0,0,0.0,15661.67,1,0,0.0,15661.67,1,0,0.0,0
LGS2ORD0029687,C014923,2025-08-24 02:00:00,Female,22,Silver,Lazada,Songkhla,455,CallCenter,COD,2,8,6,1,20-30,15.166666666666666,5.0,2.0,0.4,0,5,8907.403999999999,0.3,0.4,0.4,0.0,2106.0,1,1,1.0,2106.0,1,1,1.0,39280.3,3,1,0.3333333333333333,44537.02,5,2,0.4,1
LGS2ORD0029688,C015730,2025-08-24 02:00:00,Male,57,Bronze,CallCenter,Chonburi,1217,Shopee,Credit_Card,2,8,6,1,>50,40.56666666666667,2.0,0.0,0.0,-1,38,14002.12,0.03,0.5,0.0,0.0,0.0,0,0,0.0,0.0,0,0,0.0,28004.24,2,0,0.0,28004.24,2,0,0.0,0
LGS2ORD0029689,C014551,2025-08-24 03:00:00,Female,40,Bronze,CallCenter,Chiang Mai,777,Web,COD,3,8,6,1,30-40,25.9,4.0,1.0,0.25,86,2,6689.719999999999,0.23,0.5,0.25,0.0,1563.58,1,0,0.0,1563.58,1,0,0.0,3339.2799999999997,2,0,0.0,26758.879999999997,4,1,0.25,1
LGS2ORD0029690,C017667,2025-08-24 03:00:00,Female,41,Bronze,Shopee,Chiang Mai,521,TV_Show,COD,3,8,6,1,40-50,17.366666666666667,7.0,3.0,0.42857142857142855,63,35,6164.482857142858,0.28,0.5714285714285714,0.14285714285714285,0.0,0.0,0,0,0.0,0.0,0,0,0.0,18437.81,2,1,0.5,43151.380000000005,7,3,0.42857142857142855,0
LGS2ORD0029691,C013464,2025-08-24 03:00:00,Female,36,Bronze,Shopee,Chonburi,759,Web,COD,3,8,6,1,30-40,25.3,8.0,1.0,0.125,129,22,4605.805,0.18,0.125,0.0,0.0,0.0,0,0,0.0,1463.7,1,0,0.0,20091.49,4,0,0.0,36846.44,8,1,0.125,1
LGS2ORD0029692,C014849,2025-08-24 03:00:00,Female,64,Bronze,TV,Songkhla,1521,TV_Show,COD,3,8,6,1,>50,50.7,4.0,2.0,0.5,16,18,6247.2475,0.23,0.25,0.25,0.0,0.0,0,0,0.0,940.58,1,1,1.0,940.58,1,1,1.0,24988.99,4,2,0.5,1
LGS2ORD0029693,C017739,2025-08-24 03:00:00,Male,44,Silver,TV,Songkhla,1231,CallCenter,Credit_Card,3,8,6,1,40-50,41.03333333333333,0.0,0.0,0.0,-1,-1,0.0,0.0,0.0,0.0,0.0,0.0,0,0,0.0,0.0,0,0,0.0,0.0,0,0,0.0,0.0,0,0,0.0,0
LGS2ORD0029694,C015221,2025-08-24 04:00:00,Male,42,Bronze,Web,Songkhla,810,Shopee,COD,4,8,6,1,40-50,27.0,2.0,0.0,0.0,-1,121,3698.5,0.28,0.0,0.5,0.0,0.0,0,0,0.0,0.0,0,0,0.0,0.0,0,0,0.0,7397.0,2,0,0.0,1
LGS2ORD0029695,C013101,2025-08-24 04:00:00,Male,44,Gold,TV,Chonburi,1033,Lazada,Bank_Transfer,4,8,6,1,40-50,34.43333333333333,7.0,2.0,0.2857142857142857,3,15,3497.7714285714287,0.33,0.14285714285714285,0.5714285714285714,0.0,0.0,0,0,0.0,240.7,1,1,1.0,6141.13,3,1,0.3333333333333333,24484.4,7,2,0.2857142857142857,0
LGS2ORD0029696,C012229,2025-08-24 04:00:00,Female,19,Bronze,Web,Khon Kaen,420,Web,COD,4,8,6,1,<20,14.0,2.0,0.0,0.0,-1,176,19619.65,0.23,0.5,0.5,0.0,0.0,0,0,0.0,0.0,0,0,0.0,0.0,0,0,0.0,39239.3,2,0,0.0,0
LGS2ORD0029697,C010859,2025-08-24 04:00:00,Female,47,Silver,TV,Songkhla,319,TV_Show,COD,4,8,6,1,40-50,10.633333333333333,1.0,0.0,0.0,-1,48,2177.44,0.1,0.0,0.0,0.0,0.0,0,0,0.0,0.0,0,0,0.0,2177.44,1,0,0.0,2177.44,1,0,0.0,1
LGS2ORD0029698,C016597,2025-08-24 04:00:00,Female,46,Silver,Shopee,Phuket,287,Shopee,Credit_Card,4,8,6,1,40-50,9.566666666666666,2.0,0.0,0.0,-1,82,18894.21,0.15,0.0,0.0,0.0,0.0,0,0,0.0,0.0,0,0,0.0,32226.2,1,0,0.0,37788.42,2,0,0.0,1
LGS2ORD0029699,C017859,2025-08-24 05:00:00,Male,28,Gold,Web,Nakhon Ratchasima,904,Web,PromptPay,5,8,6,1,20-30,30.133333333333333,3.0,0.0,0.0,-1,2,5100.213333333333,0.33,0.0,0.3333333333333333,0.0,11957.75,1,0,0.0,11957.75,1,0,0.0,11957.75,1,0,0.0,15300.64,3,0,0.0,0
LGS2ORD0029700,C016062,2025-08-24 05:00:00,Female,37,Bronze,Web,Songkhla,1628,Shopee,Bank_Transfer,5,8,6,1,30-40,54.266666666666666,9.0,4.0,0.4444444444444444,88,4,4451.341111111111,0.28,0.6666666666666666,0.4444444444444444,0.0,1463.39,1,0,0.0,1463.39,1,0,0.0,4452.05,2,0,0.0,40062.07,9,4,0.4444444444444444,0
LGS2ORD0029701,C011658,2025-08-24 05:00:00,Female,27,Bronze,CallCenter,Bangkok,1665,Web,COD,5,8,6,1,20-30,55.5,5.0,0.0,0.0,-1,21,5679.214,0.23,0.4,0.2,0.0,0.0,0,0,0.0,4297.85,1,0,0.0,4297.85,1,0,0.0,28396.07,5,0,0.0,0
LGS2ORD0029702,C010300,2025-08-24 05:00:00,Female,41,Bronze,TV,Bangkok,938,TV_Show,Credit_Card,5,8,6,1,40-50,31.266666666666666,3.0,0.0,0.0,-1,77,4400.206666666666,0.23,0.3333333333333333,0.3333333333333333,0.0,0.0,0,0,0.0,0.0,0,0,0.0,1140.64,1,0,0.0,13200.619999999999,3,0,0.0,0
LGS2ORD0029703,C012315,2025-08-24 05:00:00,Female,69,Platinum,TV,Bangkok,1025,TV_Show,Credit_Card,5,8,6,1,>50,34.166666666666664,2.0,0.0,0.0,-1,166,986.7249999999999,0.3,0.5,1.0,0.0,0.0,0,0,0.0,0.0,0,0,0.0,0.0,0,0,0.0,1973.4499999999998,2,0,0.0,0
LGS2ORD0029704,C012525,2025-08-24 05:00:00,Female,50,Bronze,Shopee,Bangkok,954,TV_Show,PromptPay,5,8,6,1,40-50,31.8,5.0,1.0,0.2,165,27,4743.268,0.18,0.8,0.0,0.0,0.0,0,0,0.0,2106.68,1,0,0.0,7376.9,2,0,0.0,23716.34,5,1,0.2,0
LGS2ORD0029705,C011712,2025-08-24 06:00:00,Other,54,Bronze,Shopee,Phuket,1369,Shopee,COD,6,8,6,1,>50,45.63333333333333,7.0,3.0,0.42857142857142855,20,25,3515.0628571428574,0.28,0.42857142857142855,0.42857142857142855,0.0,0.0,0,0,0.0,2751.64,1,0,0.0,14082.26,4,2,0.5,24605.440000000002,7,3,0.42857142857142855,1
LGS2ORD0029706,C017781,2025-08-24 06:00:00,Male,38,Platinum,Web,Khon Kaen,862,Lazada,Credit_Card,6,8,6,1,30-40,28.733333333333334,4.0,0.0,0.0,-1,38,3178.6324999999997,0.3,0.5,0.5,0.0,0.0,0,0,0.0,0.0,0,0,0.0,3096.87,1,0,0.0,12714.529999999999,4,0,0.0,1
LGS2ORD0029707,C014574,2025-08-24 06:00:00,Female,22,Silver,TV,Bangkok,1348,Web,COD,6,8,6,1,20-30,44.93333333333333,3.0,0.0,0.0,-1,190,2614.7666666666664,0.15,0.3333333333333333,0.0,0.0,0.0,0,0,0.0,0.0,0,0,0.0,0.0,0,0,0.0,7844.299999999999,3,0,0.0,0
LGS2ORD0029708,C013154,2025-08-24 06:00:00,Female,54,Gold,Lazada,Phuket,1239,TV_Show,COD,6,8,6,1,>50,41.3,5.0,3.0,0.6,68,18,3726.7940000000003,0.28,0.8,0.8,0.0,0.0,0,0,0.0,6704.57,1,0,0.0,11439.77,3,1,0.3333333333333333,18633.97,5,3,0.6,0
LGS2ORD0029709,C013611,2025-08-24 06:00:00,Male,42,Gold,Lazada,Chiang Mai,957,TV_Show,Credit_Card,6,8,6,1,40-50,31.9,2.0,1.0,0.5,216,210,2349.585,0.33,1.0,1.0,0.0,0.0,0,0,0.0,0.0,0,0,0.0,0.0,0,0,0.0,4699.17,2,1,0.5,0
LGS2ORD0029710,C017039,2025-08-24 07:00:00,Female,25,Bronze,TV,Songkhla,1173,Shopee,Bank_Transfer,7,8,6,1,20-30,39.1,4.0,1.0,0.25,58,64,6781.799999999999,0.23,0.5,0.25,0.0,0.0,0,0,0.0,0.0,0,0,0.0,4370.45,2,1,0.5,27127.199999999997,4,1,0.25,0
LGS2ORD0029711,C015553,2025-08-24 07:00:00,Female,18,Bronze,Shopee,Chiang Mai,534,Web,COD,7,8,6,1,<20,17.8,6.0,3.0,0.5,0,13,6289.015,0.28,0.6666666666666666,0.3333333333333333,0.0,0.0,0,0,0.0,27240.530000000002,2,1,0.5,29435.340000000004,3,1,0.3333333333333333,37734.090000000004,6,3,0.5,1
LGS2ORD0029712,C015907,2025-08-24 07:00:00,Male,37,Silver,Lazada,Khon Kaen,362,Lazada,Bank_Transfer,7,8,6,1,30-40,12.066666666666666,3.0,1.0,0.3333333333333333,148,111,3287.6766666666663,0.1,0.3333333333333333,0.0,0.0,0.0,0,0,0.0,0.0,0,0,0.0,0.0,0,0,0.0,9863.029999999999,3,1,0.3333333333333333,0
LGS2ORD0029713,C012259,2025-08-24 07:00:00,Other,42,Bronze,Shopee,Bangkok,1207,Shopee,COD,7,8,6,1,40-50,40.233333333333334,5.0,1.0,0.2,141,11,5638.986,0.18,0.6,0.0,0.0,0.0,0,0,0.0,9043.72,1,0,0.0,9043.72,1,0,0.0,28194.93,5,1,0.2,0
LGS2ORD0029714,C013527,2025-08-24 07:00:00,Female,41,Bronze,Lazada,Khon Kaen,1338,TV_Show,COD,7,8,6,1,40-50,44.6,3.0,0.0,0.0,-1,137,17773.5,0.23,0.6666666666666666,0.6666666666666666,0.0,0.0,0,0,0.0,0.0,0,0,0.0,0.0,0,0,0.0,53320.5,3,0,0.0,0
LGS2ORD0029715,C016819,2025-08-24 08:00:00,Female,62,Bronze,TV,Bangkok,404,CallCenter,PromptPay,8,8,6,1,>50,13.466666666666667,8.0,3.0,0.375,-13,1,7044.3075,0.28,0.5,0.5,0.0,3871.01,1,1,1.0,3871.01,1,1,1.0,24567.620000000003,2,1,0.5,56354.46,8,3,0.375,1
LGS2ORD0029716,C017497,2025-08-24 08:00:00,Female,43,Bronze,Lazada,Khon Kaen,1092,TV_Show,COD,8,8,6,1,40-50,36.4,3.0,0.0,0.0,-1,55,2042.823333333333,0.23,1.0,0.3333333333333333,0.0,0.0,0,0,0.0,0.0,0,0,0.0,3318.03,2,0,0.0,6128.469999999999,3,0,0.0,1
LGS2ORD0029717,C012566,2025-08-24 08:00:00,Female,34,Gold,Web,Bangkok,332,Lazada,COD,8,8,6,1,30-40,11.066666666666666,4.0,2.0,0.5,42,47,3328.1175,0.28,0.25,0.5,0.0,0.0,0,0,0.0,0.0,0,0,0.0,2773.64,2,1,0.5,13312.47,4,2,0.5,0
LGS2ORD0029718,C011286,2025-08-24 08:00:00,Female,48,Bronze,CallCenter,Khon Kaen,466,TV_Show,COD,8,8,6,1,40-50,15.533333333333333,5.0,0.0,0.0,-1,73,4425.44,0.23,0.2,0.6,0.0,0.0,0,0,0.0,0.0,0,0,0.0,3269.32,1,0,0.0,22127.199999999997,5,0,0.0,1
LGS2ORD0029719,C017794,2025-08-24 08:00:00,Male,38,Silver,Web,Nakhon Ratchasima,1611,Shopee,COD,8,8,6,1,30-40,53.7,1.0,0.0,0.0,-1,112,1392.96,0.05,1.0,0.0,0.0,0.0,0,0,0.0,0.0,0,0,0.0,0.0,0,0,0.0,1392.96,1,0,0.0,0
LGS2ORD0029720,C010918,2025-08-24 09:00:00,Male,62,Bronze,Lazada,Remote_Area,647,Lazada,COD,9,8,6,1,>50,21.566666666666666,4.0,1.0,0.25,88,28,5542.152499999999,0.13,0.75,0.0,0.0,0.0,0,0,0.0,1536.54,1,0,0.0,2450.8,2,0,0.0,22168.609999999997,4,1,0.25,0
LGS2ORD0029721,C014537,2025-08-24 09:00:00,Male,47,Bronze,Web,Nakhon Ratchasima,1641,Web,PromptPay,9,8,6,1,40-50,54.7,2.0,1.0,0.5,100,113,1728.51,0.23,0.0,0.5,0.0,0.0,0,0,0.0,0.0,0,0,0.0,0.0,0,0,0.0,3457.02,2,1,0.5,0
LGS2ORD0029722,C010220,2025-08-24 09:00:00,Female,42,Silver,Shopee,Nakhon Ratchasima,431,Lazada,COD,9,8,6,1,40-50,14.366666666666667,5.0,0.0,0.0,-1,51,5215.936,0.2,0.2,0.0,0.0,0.0,0,0,0.0,0.0,0,0,0.0,19534.16,2,0,0.0,26079.679999999997,5,0,0.0,0
LGS2ORD0029723,C015770,2025-08-24 09:00:00,Female,56,Bronze,Web,Phuket,824,TV_Show,COD,9,8,6,1,>50,27.466666666666665,0.0,0.0,0.0,-1,-1,0.0,0.0,0.0,0.0,0.0,0.0,0,0,0.0,0.0,0,0,0.0,0.0,0,0,0.0,0.0,0,0,0.0,0
LGS2ORD0029724,C011479,2025-08-24 09:00:00,Male,43,Bronze,Shopee,Songkhla,465,Web,Credit_Card,9,8,6,1,40-50,15.5,3.0,2.0,0.6666666666666666,125,136,15614.226666666667,0.23,0.6666666666666666,0.3333333333333333,0.0,0.0,0,0,0.0,0.0,0,0,0.0,0.0,0,0,0.0,46842.68,3,2,0.6666666666666666,1
LGS2ORD0029725,C015179,2025-08-24 09:00:00,Male,41,Platinum,Lazada,Khon Kaen,1227,Lazada,PromptPay,9,8,6,1,40-50,40.9,4.0,2.0,0.5,29,42,3058.755,0.35,0.25,0.5,0.0,0.0,0,0,0.0,0.0,0,0,0.0,10604.41,3,2,0.6666666666666666,12235.02,4,2,0.5,1
LGS2ORD0029726,C014996,2025-08-24 10:00:00,Female,24,Bronze,Shopee,Bangkok,1391,Shopee,Credit_Card,10,8,6,1,20-30,46.36666666666667,1.0,0.0,0.0,-1,96,2095.17,0.03,1.0,0.0,0.0,0.0,0,0,0.0,0.0,0,0,0.0,0.0,0,0,0.0,2095.17,1,0,0.0,0
LGS2ORD0029727,C011667,2025-08-24 10:00:00,Male,41,Bronze,Shopee,Remote_Area,593,CallCenter,COD,10,8,6,1,40-50,19.766666666666666,6.0,4.0,0.6666666666666666,-5,8,4292.676666666667,0.28,0.8333333333333334,0.5,0.0,0.0,0,0,0.0,4277.47,1,1,1.0,19593.73,3,3,1.0,25756.06,6,4,0.6666666666666666,0
LGS2ORD0029728,C015404,2025-08-24 10:00:00,Female,60,Bronze,Shopee,Songkhla,1163,CallCenter,COD,10,8,6,1,>50,38.766666666666666,11.0,4.0,0.36363636363636365,-8,7,5060.572727272727,0.28,0.7272727272727273,0.2727272727272727,0.0,0.0,0,0,0.0,886.63,1,1,1.0,19762.960000000003,5,2,0.4,55666.299999999996,11,4,0.36363636363636365,1
LGS2ORD0029729,C015533,2025-08-24 10:00:00,Female,22,Silver,CallCenter,Bangkok,1156,Lazada,COD,10,8,6,1,20-30,38.53333333333333,4.0,0.0,0.0,-1,2,3592.0750000000003,0.25,0.5,0.5,0.0,1423.58,1,0,0.0,1423.58,1,0,0.0,1423.58,1,0,0.0,14368.300000000001,4,0,0.0,0
LGS2ORD0029730,C013600,2025-08-24 10:00:00,Female,57,Bronze,Shopee,Chiang Mai,1565,Shopee,Credit_Card,10,8,6,1,>50,52.166666666666664,1.0,0.0,0.0,-1,67,3383.58,0.28,0.0,1.0,0.0,0.0,0,0,0.0,0.0,0,0,0.0,3383.58,1,0,0.0,3383.58,1,0,0.0,0
LGS2ORD0029731,C011804,2025-08-24 11:00:00,Male,45,Bronze,TV,Khon Kaen,832,TV_Show,COD,11,8,6,1,40-50,27.733333333333334,3.0,0.0,0.0,-1,25,1681.3833333333332,0.23,0.6666666666666666,0.3333333333333333,0.0,0.0,0,0,0.0,1351.65,1,0,0.0,1351.65,1,0,0.0,5044.15,3,0,0.0,0
LGS2ORD0029732,C016102,2025-08-24 11:00:00,Female,33,Silver,Web,Chiang Mai,865,Shopee,Bank_Transfer,11,8,6,1,30-40,28.833333333333332,3.0,1.0,0.3333333333333333,72,55,13121.713333333333,0.3,0.3333333333333333,0.3333333333333333,0.0,0.0,0,0,0.0,0.0,0,0,0.0,39365.14,3,1,0.3333333333333333,39365.14,3,1,0.3333333333333333,0
LGS2ORD0029733,C011707,2025-08-24 11:00:00,Male,18,Platinum,Web,Bangkok,1191,TV_Show,Credit_Card,11,8,6,1,<20,39.7,1.0,0.0,0.0,-1,86,11585.19,0.15,0.0,0.0,0.0,0.0,0,0,0.0,0.0,0,0,0.0,11585.19,1,0,0.0,11585.19,1,0,0.0,0
LGS2ORD0029734,C015912,2025-08-24 11:00:00,Male,44,Silver,Lazada,Khon Kaen,1484,Web,Bank_Transfer,11,8,6,1,40-50,49.46666666666667,3.0,1.0,0.3333333333333333,134,114,4277.733333333333,0.3,1.0,0.6666666666666666,0.0,0.0,0,0,0.0,0.0,0,0,0.0,0.0,0,0,0.0,12833.199999999999,3,1,0.3333333333333333,0
LGS2ORD0029735,C016898,2025-08-24 11:00:00,Female,49,Bronze,Shopee,Phuket,1502,Shopee,COD,11,8,6,1,40-50,50.06666666666667,13.0,3.0,0.23076923076923078,102,9,7807.076923076923,0.28,0.38461538461538464,0.23076923076923078,0.0,0.0,0,0,0.0,1261.63,1,0,0.0,11583.45,4,0,0.0,101492.0,13,3,0.23076923076923078,1
LGS2ORD0029736,C010898,2025-08-24 12:00:00,Female,55,Bronze,Shopee,Songkhla,1200,CallCenter,COD,12,8,6,1,>50,40.0,6.0,2.0,0.3333333333333333,5,17,4434.4766666666665,0.28,0.8333333333333334,0.3333333333333333,0.0,0.0,0,0,0.0,6586.75,2,1,0.5,6586.75,2,1,0.5,26606.86,6,2,0.3333333333333333,1
LGS2ORD0029737,C017216,2025-08-24 12:00:00,Other,45,Bronze,Lazada,Songkhla,870,TV_Show,COD,12,8,6,1,40-50,29.0,6.0,2.0,0.3333333333333333,101,20,3631.1433333333334,0.23,0.16666666666666666,0.3333333333333333,0.0,0.0,0,0,0.0,484.03,1,0,0.0,484.03,1,0,0.0,21786.86,6,2,0.3333333333333333,0
LGS2ORD0029738,C016745,2025-08-24 12:00:00,Female,31,Gold,Shopee,Khon Kaen,606,CallCenter,COD,12,8,6,1,30-40,20.2,4.0,0.0,0.0,-1,101,2891.8149999999996,0.18,0.5,0.0,0.0,0.0,0,0,0.0,0.0,0,0,0.0,0.0,0,0,0.0,11567.259999999998,4,0,0.0,0
LGS2ORD0029739,C011132,2025-08-24 12:00:00,Female,39,Bronze,TV,Khon Kaen,990,TV_Show,COD,12,8,6,1,30-40,33.0,10.0,3.0,0.3,-7,0,5713.24,0.28,0.8,0.4,0.0,2449.26,1,1,1.0,2449.26,1,1,1.0,11369.59,4,1,0.25,57132.4,10,3,0.3,0
LGS2ORD0029740,C010065,2025-08-24 12:00:00,Male,38,Bronze,CallCenter,Khon Kaen,1693,Shopee,PromptPay,12,8,6,1,30-40,56.43333333333333,6.0,0.0,0.0,-1,13,3623.78,0.28,0.5,0.6666666666666666,0.0,0.0,0,0,0.0,1464.8,1,0,0.0,6991.4400000000005,2,0,0.0,21742.68,6,0,0.0,0
LGS2ORD0029741,C013536,2025-08-24 12:00:00,Female,52,Silver,Web,Bangkok,967,CallCenter,COD,12,8,6,1,>50,32.233333333333334,4.0,0.0,0.0,-1,2,4379.6875,0.25,0.5,0.25,0.0,2466.64,1,0,0.0,2466.64,1,0,0.0,5503.16,2,0,0.0,17518.75,4,0,0.0,1
LGS2ORD0029742,C010176,2025-08-24 13:00:00,Female,50,Gold,Web,Chiang Mai,305,Shopee,Credit_Card,13,8,6,1,40-50,10.166666666666666,1.0,0.0,0.0,-1,63,5001.58,0.2299999999999999,0.0,1.0,0.0,0.0,0,0,0.0,0.0,0,0,0.0,5001.58,1,0,0.0,5001.58,1,0,0.0,0
LGS2ORD0029743,C010141,2025-08-24 13:00:00,Female,30,Bronze,Web,Bangkok,357,Shopee,Bank_Transfer,13,8,6,1,20-30,11.9,4.0,1.0,0.25,164,26,4788.54,0.23,0.5,0.5,0.0,0.0,0,0,0.0,3644.73,1,0,0.0,3644.73,1,0,0.0,19154.16,4,1,0.25,0
LGS2ORD0029744,C013219,2025-08-24 13:00:00,Other,18,Gold,Shopee,Chiang Mai,1300,Lazada,Credit_Card,13,8,6,1,<20,43.333333333333336,4.0,1.0,0.25,47,33,8011.6775,0.28,0.25,0.5,0.0,0.0,0,0,0.0,0.0,0,0,0.0,32046.71,4,1,0.25,32046.71,4,1,0.25,0
LGS2ORD0029745,C010856,2025-08-24 13:00:00,Male,44,Silver,Shopee,Nakhon Ratchasima,1028,TV_Show,COD,13,8,6,1,40-50,34.266666666666666,0.0,0.0,0.0,-1,-1,0.0,0.0,0.0,0.0,0.0,0.0,0,0,0.0,0.0,0,0,0.0,0.0,0,0,0.0,0.0,0,0,0.0,1
LGS2ORD0029746,C011923,2025-08-24 13:00:00,Female,50,Silver,Web,Khon Kaen,1535,CallCenter,Credit_Card,13,8,6,1,40-50,51.166666666666664,1.0,0.0,0.0,-1,183,9507.35,0.1,0.0,0.0,0.0,0.0,0,0,0.0,0.0,0,0,0.0,0.0,0,0,0.0,9507.35,1,0,0.0,0
LGS2ORD0029747,C017912,2025-08-24 14:00:00,Male,53,Gold,CallCenter,Bangkok,448,CallCenter,Credit_Card,14,8,6,1,>50,14.933333333333334,3.0,1.0,0.3333333333333333,122,137,3260.6433333333334,0.28,0.6666666666666666,1.0,0.0,0.0,0,0,0.0,0.0,0,0,0.0,0.0,0,0,0.0,9781.93,3,1,0.3333333333333333,0
LGS2ORD0029748,C017743,2025-08-24 14:00:00,Female,55,Silver,Web,Chiang Mai,1422,TV_Show,COD,14,8,6,1,>50,47.4,7.0,4.0,0.5714285714285714,4,14,3467.8657142857146,0.3,0.42857142857142855,0.2857142857142857,0.0,0.0,0,0,0.0,1948.54,1,1,1.0,3153.35,2,1,0.5,24275.06,7,4,0.5714285714285714,0
LGS2ORD0029749,C012054,2025-08-24 14:00:00,Female,36,Bronze,Web,Remote_Area,380,CallCenter,COD,14,8,6,1,30-40,12.666666666666666,5.0,1.0,0.2,-1,14,4464.128,0.23,1.0,0.2,0.0,0.0,0,0,0.0,1656.41,1,1,1.0,22320.64,5,1,0.2,22320.64,5,1,0.2,0
LGS2ORD0029750,C010100,2025-08-24 14:00:00,Female,30,Silver,Shopee,Songkhla,335,TV_Show,PromptPay,14,8,6,1,20-30,11.166666666666666,4.0,4.0,1.0,27,41,1275.85,0.3,0.25,0.75,0.0,0.0,0,0,0.0,0.0,0,0,0.0,2107.52,1,1,1.0,5103.4,4,4,1.0,1
LGS2ORD0029751,C012991,2025-08-24 14:00:00,Male,48,Platinum,Shopee,Phuket,1138,TV_Show,COD,14,8,6,1,40-50,37.93333333333333,4.0,1.0,0.25,206,26,1963.5375,0.15,0.75,0.0,0.0,0.0,0,0,0.0,1315.99,1,0,0.0,1315.99,1,0,0.0,7854.15,4,1,0.25,1
LGS2ORD0029752,C012670,2025-08-24 15:00:00,Male,34,Bronze,TV,Chonburi,435,TV_Show,COD,15,8,6,1,30-40,14.5,2.0,0.0,0.0,-1,98,5114.25,0.28,0.5,0.5,0.0,0.0,0,0,0.0,0.0,0,0,0.0,0.0,0,0,0.0,10228.5,2,0,0.0,0
LGS2ORD0029753,C015862,2025-08-24 15:00:00,Male,56,Silver,Lazada,Songkhla,1070,CallCenter,PromptPay,15,8,6,1,>50,35.666666666666664,1.0,1.0,1.0,197,215,12604.63,0.25,1.0,1.0,0.0,0.0,0,0,0.0,0.0,0,0,0.0,0.0,0,0,0.0,12604.63,1,1,1.0,0
LGS2ORD0029754,C015448,2025-08-24 15:00:00,Female,36,Silver,Shopee,Chiang Mai,296,Web,COD,15,8,6,1,30-40,9.866666666666667,7.0,1.0,0.14285714285714285,55,14,8093.884285714286,0.25,0.7142857142857143,0.2857142857142857,0.0,0.0,0,0,0.0,3848.85,1,0,0.0,8379.02,2,1,0.5,56657.19,7,1,0.14285714285714285,1
LGS2ORD0029755,C014838,2025-08-24 15:00:00,Male,54,Bronze,TV,Bangkok,1434,Lazada,COD,15,8,6,1,>50,47.8,3.0,1.0,0.3333333333333333,134,101,4331.8966666666665,0.28,0.3333333333333333,0.6666666666666666,0.0,0.0,0,0,0.0,0.0,0,0,0.0,0.0,0,0,0.0,12995.689999999999,3,1,0.3333333333333333,1
LGS2ORD0029756,C011501,2025-08-24 15:00:00,Female,56,Bronze,TV,Remote_Area,1145,Shopee,COD,15,8,6,1,>50,38.166666666666664,5.0,1.0,0.2,222,70,8559.054,0.28,0.6,0.2,0.0,0.0,0,0,0.0,0.0,0,0,0.0,37223.93,3,0,0.0,42795.27,5,1,0.2,0
LGS2ORD0029757,C017433,2025-08-24 16:00:00,Female,44,Gold,TV,Chonburi,680,Web,COD,16,8,6,1,40-50,22.666666666666668,6.0,1.0,0.16666666666666666,226,58,3305.5,0.33,0.5,0.3333333333333333,0.0,0.0,0,0,0.0,0.0,0,0,0.0,8683.07,1,0,0.0,19833.0,6,1,0.16666666666666666,1
LGS2ORD0029758,C010446,2025-08-24 16:00:00,Female,48,Bronze,TV,Phuket,1230,Lazada,COD,16,8,6,1,40-50,41.0,0.0,0.0,0.0,-1,-1,0.0,0.0,0.0,0.0,0.0,0.0,0,0,0.0,0.0,0,0,0.0,0.0,0,0,0.0,0.0,0,0,0.0,1
LGS2ORD0029759,C014922,2025-08-24 16:00:00,Female,49,Bronze,Shopee,Chiang Mai,654,CallCenter,COD,16,8,6,1,40-50,21.8,6.0,0.0,0.0,-1,27,7991.035,0.28,0.3333333333333333,0.3333333333333333,0.0,0.0,0,0,0.0,2928.21,1,0,0.0,8561.18,2,0,0.0,47946.21,6,0,0.0,0
LGS2ORD0029760,C011303,2025-08-24 16:00:00,Male,62,Silver,TV,Khon Kaen,1070,CallCenter,PromptPay,16,8,6,1,>50,35.666666666666664,2.0,1.0,0.5,214,144,4545.04,0.2,0.5,0.0,0.0,0.0,0,0,0.0,0.0,0,0,0.0,0.0,0,0,0.0,9090.08,2,1,0.5,0
LGS2ORD0029761,C016897,2025-08-24 16:00:00,Male,56,Silver,TV,Chiang Mai,1085,Shopee,Credit_Card,16,8,6,1,>50,36.166666666666664,5.0,0.0,0.0,-1,7,2369.3959999999997,0.25,0.6,0.2,0.0,0.0,0,0,0.0,2285.26,1,0,0.0,2285.26,1,0,0.0,11846.98,5,0,0.0,0
LGS2ORD0029762,C013086,2025-08-24 16:00:00,Female,54,Silver,Lazada,Remote_Area,1209,CallCenter,PromptPay,16,8,6,1,>50,40.3,2.0,1.0,0.5,196,78,2850.795,0.3,0.5,0.5,0.0,0.0,0,0,0.0,0.0,0,0,0.0,4601.99,1,0,0.0,5701.59,2,1,0.5,0
LGS2ORD0029763,C012508,2025-08-24 17:00:00,Male,53,Bronze,Lazada,Songkhla,846,TV_Show,COD,17,8,6,1,>50,28.2,6.0,2.0,0.3333333333333333,151,7,3025.7433333333333,0.28,0.3333333333333333,0.5,0.0,0.0,0,0,0.0,10829.11,2,0,0.0,16109.66,4,0,0.0,18154.46,6,2,0.3333333333333333,0
LGS2ORD0029764,C012189,2025-08-24 17:00:00,Female,40,Silver,Lazada,Chiang Mai,781,TV_Show,COD,17,8,6,1,30-40,26.033333333333335,2.0,1.0,0.5,59,74,2381.35,0.3,1.0,1.0,0.0,0.0,0,0,0.0,0.0,0,0,0.0,3812.29,1,1,1.0,4762.7,2,1,0.5,0
LGS2ORD0029765,C017600,2025-08-24 17:00:00,Female,48,Bronze,Web,Chiang Mai,726,Lazada,PromptPay,17,8,6,1,40-50,24.2,6.0,4.0,0.6666666666666666,-6,3,8445.341666666667,0.23,0.5,0.16666666666666666,0.0,21224.54,1,1,1.0,25644.0,2,1,0.5,43915.86,4,3,0.75,50672.05,6,4,0.6666666666666666,0
LGS2ORD0029766,C016821,2025-08-24 17:00:00,Other,57,Bronze,Shopee,Chonburi,737,TV_Show,COD,17,8,6,1,>50,24.566666666666666,4.0,0.0,0.0,-1,50,14467.177499999998,0.18,0.5,0.0,0.0,0.0,0,0,0.0,0.0,0,0,0.0,39625.11,3,0,0.0,57868.70999999999,4,0,0.0,0
LGS2ORD0029767,C012890,2025-08-24 17:00:00,Male,41,Silver,Shopee,Khon Kaen,411,Web,PromptPay,17,8,6,1,40-50,13.7,5.0,0.0,0.0,-1,15,5477.886,0.2,0.2,0.0,0.0,0.0,0,0,0.0,3151.86,1,0,0.0,4843.58,2,0,0.0,27389.430000000004,5,0,0.0,0
LGS2ORD0029768,C013882,2025-08-24 18:00:00,Female,40,Silver,Lazada,Bangkok,1035,TV_Show,Bank_Transfer,18,8,6,1,30-40,34.5,5.0,2.0,0.4,68,43,2979.058,0.25,0.6,0.4,0.0,0.0,0,0,0.0,0.0,0,0,0.0,2817.77,2,1,0.5,14895.289999999999,5,2,0.4,0
LGS2ORD0029769,C011007,2025-08-24 18:00:00,Male,28,Gold,TV,Bangkok,1041,Shopee,Credit_Card,18,8,6,1,20-30,34.7,7.0,3.0,0.42857142857142855,52,59,7388.425714285714,0.33,0.7142857142857143,0.42857142857142855,0.0,0.0,0,0,0.0,0.0,0,0,0.0,25488.21,3,1,0.3333333333333333,51718.979999999996,7,3,0.42857142857142855,0
LGS2ORD0029770,C011901,2025-08-24 18:00:00,Female,68,Gold,Web,Phuket,298,TV_Show,Credit_Card,18,8,6,1,>50,9.933333333333334,3.0,1.0,0.3333333333333333,142,156,3894.2466666666674,0.33,0.6666666666666666,1.0,0.0,0.0,0,0,0.0,0.0,0,0,0.0,0.0,0,0,0.0,11682.740000000002,3,1,0.3333333333333333,0
LGS2ORD0029771,C011112,2025-08-24 18:00:00,Female,49,Gold,TV,Khon Kaen,1068,TV_Show,Credit_Card,18,8,6,1,40-50,35.6,2.0,0.0,0.0,-1,135,889.015,0.13,0.0,0.0,0.0,0.0,0,0,0.0,0.0,0,0,0.0,0.0,0,0,0.0,1778.03,2,0,0.0,0
LGS2ORD0029772,C017586,2025-08-24 18:00:00,Male,52,Bronze,Shopee,Bangkok,855,TV_Show,PromptPay,18,8,6,1,>50,28.5,4.0,3.0,0.75,-1,13,6054.477499999999,0.28,0.5,0.25,0.0,0.0,0,0,0.0,1048.21,1,1,1.0,13502.64,2,2,1.0,24217.909999999996,4,3,0.75,0
LGS2ORD0029773,C013633,2025-08-24 19:00:00,Male,47,Bronze,Shopee,Chonburi,1493,Lazada,Credit_Card,19,8,6,1,40-50,49.766666666666666,2.0,0.0,0.0,-1,33,5448.345,0.08,1.0,0.0,0.0,0.0,0,0,0.0,0.0,0,0,0.0,10896.69,2,0,0.0,10896.69,2,0,0.0,1
LGS2ORD0029774,C014521,2025-08-24 19:00:00,Female,61,Bronze,Lazada,Bangkok,786,TV_Show,COD,19,8,6,1,>50,26.2,8.0,3.0,0.375,138,88,6670.5287499999995,0.18,0.625,0.0,0.0,0.0,0,0,0.0,0.0,0,0,0.0,1586.66,1,0,0.0,53364.229999999996,8,3,0.375,0
LGS2ORD0029775,C012615,2025-08-24 19:00:00,Female,43,Platinum,TV,Songkhla,1441,TV_Show,Credit_Card,19,8,6,1,40-50,48.03333333333333,2.0,0.0,0.0,-1,37,19998.239999999998,0.2,0.0,0.0,0.0,0.0,0,0,0.0,0.0,0,0,0.0,39996.479999999996,2,0,0.0,39996.479999999996,2,0,0.0,0
LGS2ORD0029776,C017034,2025-08-24 19:00:00,Female,28,Bronze,Shopee,Songkhla,719,CallCenter,COD,19,8,6,1,20-30,23.966666666666665,10.0,4.0,0.4,72,60,4315.561,0.23,0.4,0.1,0.0,0.0,0,0,0.0,0.0,0,0,0.0,8156.75,2,1,0.5,43155.61,10,4,0.4,0
LGS2ORD0029777,C015630,2025-08-24 19:00:00,Female,44,Bronze,Web,Bangkok,621,TV_Show,Credit_Card,19,8,6,1,40-50,20.7,2.0,0.0,0.0,-1,75,7556.849999999999,0.03,0.0,0.0,0.0,0.0,0,0,0.0,0.0,0,0,0.0,1852.4,1,0,0.0,15113.699999999999,2,0,0.0,0
LGS2ORD0029778,C012880,2025-08-24 20:00:00,Female,63,Platinum,Web,Phuket,1413,Shopee,COD,20,8,6,1,>50,47.1,7.0,1.0,0.14285714285714285,114,66,5452.158571428571,0.35,0.0,0.7142857142857143,0.0,0.0,0,0,0.0,0.0,0,0,0.0,7984.95,1,0,0.0,38165.11,7,1,0.14285714285714285,0
LGS2ORD0029779,C013694,2025-08-24 20:00:00,Female,42,Gold,Lazada,Khon Kaen,1182,Web,Credit_Card,20,8,6,1,40-50,39.4,2.0,1.0,0.5,194,109,23966.65,0.33,0.0,0.5,0.0,0.0,0,0,0.0,0.0,0,0,0.0,0.0,0,0,0.0,47933.3,2,1,0.5,0
LGS2ORD0029780,C017902,2025-08-24 20:00:00,Female,43,Gold,TV,Bangkok,958,TV_Show,COD,20,8,6,1,40-50,31.933333333333334,4.0,1.0,0.25,190,48,2825.7125,0.33,0.75,0.75,0.0,0.0,0,0,0.0,0.0,0,0,0.0,3793.61,1,0,0.0,11302.85,4,1,0.25,1
LGS2ORD0029781,C014824,2025-08-24 20:00:00,Female,69,Silver,Shopee,Chiang Mai,1228,Shopee,Credit_Card,20,8,6,1,>50,40.93333333333333,2.0,0.0,0.0,-1,10,4217.29,0.1,0.5,0.0,0.0,0.0,0,0,0.0,911.3,1,0,0.0,911.3,1,0,0.0,8434.58,2,0,0.0,0
LGS2ORD0029782,C017161,2025-08-24 20:00:00,Female,46,Bronze,Web,Bangkok,880,Web,COD,20,8,6,1,40-50,29.333333333333332,2.0,0.0,0.0,-1,64,2262.92,0.13,0.0,0.0,0.0,0.0,0,0,0.0,0.0,0,0,0.0,3671.13,1,0,0.0,4525.84,2,0,0.0,0
LGS2ORD0029783,C015802,2025-08-24 20:00:00,Male,41,Gold,Web,Bangkok,552,Web,COD,20,8,6,1,40-50,18.4,0.0,0.0,0.0,-1,-1,0.0,0.0,0.0,0.0,0.0,0.0,0,0,0.0,0.0,0,0,0.0,0.0,0,0,0.0,0.0,0,0,0.0,0
LGS2ORD0029784,C012245,2025-08-24 21:00:00,Female,22,Bronze,Web,Bangkok,1487,Lazada,COD,21,8,6,1,20-30,49.56666666666667,5.0,1.0,0.2,152,34,5617.688,0.28,0.8,0.6,0.0,0.0,0,0,0.0,0.0,0,0,0.0,14125.09,1,0,0.0,28088.44,5,1,0.2,0
LGS2ORD0029785,C013455,2025-08-24 21:00:00,Female,29,Bronze,Web,Bangkok,1243,TV_Show,PromptPay,21,8,6,1,20-30,41.43333333333333,4.0,1.0,0.25,31,3,12182.17,0.13,1.0,0.0,0.0,1101.23,1,0,0.0,32491.37,2,0,0.0,48728.68,4,1,0.25,48728.68,4,1,0.25,0
LGS2ORD0029786,C014136,2025-08-24 21:00:00,Other,57,Bronze,CallCenter,Khon Kaen,377,Lazada,COD,21,8,6,1,>50,12.566666666666666,6.0,2.0,0.3333333333333333,36,15,7519.135000000001,0.28,0.8333333333333334,0.3333333333333333,0.0,0.0,0,0,0.0,1521.66,1,0,0.0,36901.25,4,2,0.5,45114.810000000005,6,2,0.3333333333333333,0
LGS2ORD0029787,C010309,2025-08-24 21:00:00,Male,18,Bronze,TV,Chonburi,515,CallCenter,COD,21,8,6,1,<20,17.166666666666668,4.0,1.0,0.25,61,67,5364.477500000001,0.23,0.25,0.25,0.0,0.0,0,0,0.0,0.0,0,0,0.0,10084.3,2,1,0.5,21457.910000000003,4,1,0.25,0
LGS2ORD0029788,C013372,2025-08-24 21:00:00,Female,67,Gold,Web,Phuket,1524,TV_Show,COD,21,8,6,1,>50,50.8,2.0,0.0,0.0,-1,24,4098.71,0.28,1.0,0.5,0.0,0.0,0,0,0.0,1818.74,1,0,0.0,1818.74,1,0,0.0,8197.42,2,0,0.0,1
LGS2ORD0029789,C011939,2025-08-24 22:00:00,Female,55,Silver,TV,Remote_Area,1653,TV_Show,COD,22,8,6,1,>50,55.1,6.0,2.0,0.3333333333333333,93,47,4623.253333333333,0.3,0.8333333333333334,0.3333333333333333,0.0,0.0,0,0,0.0,0.0,0,0,0.0,11106.84,3,0,0.0,27739.52,6,2,0.3333333333333333,1
LGS2ORD0029790,C016235,2025-08-24 22:00:00,Male,37,Bronze,Web,Chiang Mai,780,Web,PromptPay,22,8,6,1,30-40,26.0,3.0,0.0,0.0,-1,153,5589.796666666666,0.18,0.6666666666666666,0.0,0.0,0.0,0,0,0.0,0.0,0,0,0.0,0.0,0,0,0.0,16769.39,3,0,0.0,0
LGS2ORD0029791,C012270,2025-08-24 22:00:00,Male,51,Platinum,TV,Nakhon Ratchasima,604,Lazada,Credit_Card,22,8,6,1,>50,20.133333333333333,2.0,0.0,0.0,-1,30,5963.9800000000005,0.3,0.0,0.5,0.0,0.0,0,0,0.0,0.0,0,0,0.0,1814.68,1,0,0.0,11927.960000000001,2,0,0.0,0
LGS2ORD0029792,C011914,2025-08-24 22:00:00,Female,56,Gold,CallCenter,Chiang Mai,577,Shopee,PromptPay,22,8,6,1,>50,19.233333333333334,4.0,1.0,0.25,145,122,3825.98,0.28,0.75,0.25,0.0,0.0,0,0,0.0,0.0,0,0,0.0,0.0,0,0,0.0,15303.92,4,1,0.25,1
LGS2ORD0029793,C010938,2025-08-24 22:00:00,Female,54,Silver,TV,Bangkok,1668,Web,Credit_Card,22,8,6,1,>50,55.6,5.0,0.0,0.0,-1,7,5105.5779999999995,0.25,0.2,0.2,0.0,0.0,0,0,0.0,7900.0599999999995,2,0,0.0,18405.57,3,0,0.0,25527.89,5,0,0.0,0
LGS2ORD0029794,C017316,2025-08-24 23:00:00,Other,22,Platinum,Lazada,Remote_Area,866,Lazada,COD,23,8,6,1,20-30,28.866666666666667,4.0,0.0,0.0,-1,4,9839.255000000001,0.3,0.5,0.5,0.0,16264.46,1,0,0.0,16264.46,1,0,0.0,33731.18,2,0,0.0,39357.020000000004,4,0,0.0,1
LGS2ORD0029795,C015149,2025-08-24 23:00:00,Female,46,Silver,TV,Phuket,1213,Shopee,PromptPay,23,8,6,1,40-50,40.43333333333333,0.0,0.0,0.0,-1,-1,0.0,0.0,0.0,0.0,0.0,0.0,0,0,0.0,0.0,0,0,0.0,0.0,0,0,0.0,0.0,0,0,0.0,0
LGS2ORD0029796,C011567,2025-08-24 23:00:00,Female,40,Bronze,TV,Bangkok,1137,TV_Show,Credit_Card,23,8,6,1,30-40,37.9,5.0,1.0,0.2,104,27,4815.339999999999,0.28,0.6,0.6,0.0,0.0,0,0,0.0,16552.01,1,0,0.0,19437.39,2,0,0.0,24076.699999999997,5,1,0.2,0
LGS2ORD0029797,C010253,2025-08-24 23:00:00,Male,52,Bronze,Web,Bangkok,1636,TV_Show,PromptPay,23,8,6,1,>50,54.53333333333333,8.0,1.0,0.125,52,9,3833.9225,0.23,0.75,0.25,0.0,0.0,0,0,0.0,8871.65,1,0,0.0,12966.31,3,1,0.3333333333333333,30671.38,8,1,0.125,0
LGS2ORD0029798,C014496,2025-08-24 23:00:00,Female,57,Gold,Lazada,Khon Kaen,584,TV_Show,Credit_Card,23,8,6,1,>50,19.466666666666665,6.0,1.0,0.16666666666666666,209,18,5295.136666666666,0.2299999999999999,0.5,0.16666666666666666,0.0,0.0,0,0,0.0,1897.49,1,0,0.0,5130.45,3,0,0.0,31770.82,6,1,0.16666666666666666,0
LGS2ORD0029799,C013669,2025-08-25 00:00:00,Female,54,Bronze,Shopee,Phuket,702,Web,COD,0,8,0,0,>50,23.4,5.0,2.0,0.4,13,22,2044.83,0.08,0.4,0.0,0.0,0.0,0,0,0.0,1740.15,1,1,1.0,4604.5,3,1,0.3333333333333333,10224.15,5,2,0.4,1
LGS2ORD0029800,C016330,2025-08-25 00:00:00,Female,23,Bronze,Shopee,Remote_Area,1125,Lazada,COD,0,8,0,0,20-30,37.5,2.0,2.0,1.0,10,21,2815.5499999999997,0.23,0.0,0.5,0.0,0.0,0,0,0.0,1148.99,1,1,1.0,1148.99,1,1,1.0,5631.099999999999,2,2,1.0,0
LGS2ORD0029801,C015625,2025-08-25 00:00:00,Male,35,Bronze,Web,Phuket,719,Shopee,Credit_Card,0,8,0,0,30-40,23.966666666666665,0.0,0.0,0.0,-1,-1,0.0,0.0,0.0,0.0,0.0,0.0,0,0,0.0,0.0,0,0,0.0,0.0,0,0,0.0,0.0,0,0,0.0,1
LGS2ORD0029802,C016570,2025-08-25 00:00:00,Male,60,Bronze,TV,Chonburi,1153,Shopee,COD,0,8,0,0,>50,38.43333333333333,1.0,0.0,0.0,-1,16,5820.3,0.03,1.0,0.0,0.0,0.0,0,0,0.0,5820.3,1,0,0.0,5820.3,1,0,0.0,5820.3,1,0,0.0,0
LGS2ORD0029803,C011650,2025-08-25 00:00:00,Male,54,Gold,Web,Phuket,1076,Shopee,Credit_Card,0,8,0,0,>50,35.86666666666667,4.0,0.0,0.0,-1,2,2844.0750000000003,0.18,0.5,0.0,0.0,2450.26,1,0,0.0,5042.780000000001,2,0,0.0,6572.79,3,0,0.0,11376.300000000001,4,0,0.0,0
LGS2ORD0029804,C017656,2025-08-25 00:00:00,Male,59,Bronze,TV,Nakhon Ratchasima,1641,Lazada,COD,0,8,0,0,>50,54.7,2.0,0.0,0.0,-1,56,2390.815,0.08,1.0,0.0,0.0,0.0,0,0,0.0,0.0,0,0,0.0,2102.48,1,0,0.0,4781.63,2,0,0.0,0
LGS2ORD0029805,C012656,2025-08-25 01:00:00,Female,29,Silver,Shopee,Bangkok,994,Shopee,Credit_Card,1,8,0,0,20-30,33.13333333333333,6.0,1.0,0.16666666666666666,86,91,3821.7450000000003,0.3,0.16666666666666666,0.5,0.0,0.0,0,0,0.0,0.0,0,0,0.0,0.0,0,0,0.0,22930.47,6,1,0.16666666666666666,0
LGS2ORD0029806,C015665,2025-08-25 01:00:00,Other,19,Gold,TV,Nakhon Ratchasima,1274,Web,Credit_Card,1,8,0,0,<20,42.46666666666667,1.0,1.0,1.0,139,146,12672.95,0.13,0.0,0.0,0.0,0.0,0,0,0.0,0.0,0,0,0.0,0.0,0,0,0.0,12672.95,1,1,1.0,0
LGS2ORD0029807,C017496,2025-08-25 01:00:00,Female,54,Gold,Shopee,Chiang Mai,597,TV_Show,Credit_Card,1,8,0,0,>50,19.9,5.0,3.0,0.6,38,46,10037.482,0.28,0.6,0.8,0.0,0.0,0,0,0.0,0.0,0,0,0.0,3633.44,1,1,1.0,50187.41,5,3,0.6,0
LGS2ORD0029808,C017711,2025-08-25 01:00:00,Male,47,Bronze,Shopee,Remote_Area,889,Shopee,COD,1,8,0,0,40-50,29.633333333333333,4.0,2.0,0.5,183,22,3703.9849999999997,0.28,0.0,0.5,0.0,0.0,0,0,0.0,1283.8,1,0,0.0,1283.8,1,0,0.0,14815.939999999999,4,2,0.5,1
LGS2ORD0029809,C012372,2025-08-25 01:00:00,Female,40,Platinum,TV,Chiang Mai,271,Lazada,Bank_Transfer,1,8,0,0,30-40,9.033333333333333,7.0,3.0,0.42857142857142855,68,5,6114.384285714287,0.35,0.5714285714285714,0.7142857142857143,0.0,2795.15,1,0,0.0,5689.55,2,0,0.0,12930.17,4,1,0.25,42800.69000000001,7,3,0.42857142857142855,0
LGS2ORD0029810,C016458,2025-08-25 02:00:00,Male,48,Bronze,Shopee,Chonburi,1598,Shopee,COD,2,8,0,0,40-50,53.266666666666666,3.0,1.0,0.3333333333333333,129,55,3459.9500000000003,0.23,0.3333333333333333,0.3333333333333333,0.3333333333333333,0.0,0,0,0.0,0.0,0,0,0.0,1471.93,1,0,0.0,10379.85,3,1,0.3333333333333333,0
LGS2ORD0029811,C012876,2025-08-25 02:00:00,Other,36,Silver,CallCenter,Khon Kaen,461,Shopee,COD,2,8,0,0,30-40,15.366666666666667,6.0,1.0,0.16666666666666666,105,4,7802.905,0.25,0.3333333333333333,0.16666666666666666,0.0,1194.48,1,0,0.0,1194.48,1,0,0.0,41157.16,3,0,0.0,46817.43,6,1,0.16666666666666666,0
LGS2ORD0029812,C016393,2025-08-25 02:00:00,Other,36,Silver,Lazada,Songkhla,940,TV_Show,COD,2,8,0,0,30-40,31.333333333333332,2.0,0.0,0.0,-1,78,4196.395,0.1,0.5,0.0,0.0,0.0,0,0,0.0,0.0,0,0,0.0,5283.92,1,0,0.0,8392.79,2,0,0.0,0
LGS2ORD0029813,C012609,2025-08-25 02:00:00,Female,65,Gold,Shopee,Bangkok,788,CallCenter,COD,2,8,0,0,>50,26.266666666666666,4.0,0.0,0.0,-1,17,7514.907499999999,0.18,0.0,0.0,0.0,0.0,0,0,0.0,5225.21,1,0,0.0,5225.21,1,0,0.0,30059.629999999997,4,0,0.0,0
LGS2ORD0029814,C015919,2025-08-25 02:00:00,Male,60,Silver,Shopee,Chiang Mai,1217,Web,COD,2,8,0,0,>50,40.56666666666667,5.0,0.0,0.0,-1,22,5964.982,0.25,0.4,0.4,0.0,0.0,0,0,0.0,3600.43,1,0,0.0,10126.039999999999,2,0,0.0,29824.91,5,0,0.0,0
LGS2ORD0029815,C016205,2025-08-25 03:00:00,Other,55,Bronze,Shopee,Bangkok,1399,Lazada,PromptPay,3,8,0,0,>50,46.63333333333333,5.0,1.0,0.2,56,5,12342.594000000001,0.23,0.6,0.2,0.0,6853.82,1,0,0.0,6853.82,1,0,0.0,24127.420000000002,3,1,0.3333333333333333,61712.97,5,1,0.2,1
LGS2ORD0029816,C011453,2025-08-25 03:00:00,Female,45,Silver,CallCenter,Remote_Area,794,Shopee,Bank_Transfer,3,8,0,0,40-50,26.466666666666665,5.0,3.0,0.6,1,12,2576.222,0.3,0.6,0.4,0.0,0.0,0,0,0.0,5379.68,1,1,1.0,8379.54,2,1,0.5,12881.11,5,3,0.6,0
LGS2ORD0029817,C015632,2025-08-25 03:00:00,Female,43,Bronze,Web,Bangkok,383,CallCenter,Bank_Transfer,3,8,0,0,40-50,12.766666666666667,5.0,2.0,0.4,27,40,7350.072,0.28,0.4,0.6,0.0,0.0,0,0,0.0,0.0,0,0,0.0,3047.28,2,1,0.5,36750.36,5,2,0.4,1
LGS2ORD0029818,C013421,2025-08-25 03:00:00,Male,38,Gold,Lazada,Bangkok,1034,CallCenter,PromptPay,3,8,0,0,30-40,34.46666666666667,3.0,2.0,0.6666666666666666,-1,2,8060.570000000001,0.28,0.3333333333333333,0.6666666666666666,0.0,1551.04,1,1,1.0,1551.04,1,1,1.0,21386.030000000002,2,1,0.5,24181.710000000003,3,2,0.6666666666666666,0
LGS2ORD0029819,C014053,2025-08-25 03:00:00,Male,47,Bronze,TV,Bangkok,799,Shopee,Bank_Transfer,3,8,0,0,40-50,26.633333333333333,3.0,1.0,0.3333333333333333,121,42,1815.5233333333333,0.18,1.0,0.0,0.0,0.0,0,0,0.0,0.0,0,0,0.0,3528.75,2,0,0.0,5446.57,3,1,0.3333333333333333,0
LGS2ORD0029820,C014420,2025-08-25 04:00:00,Female,56,Silver,Shopee,Bangkok,584,TV_Show,Credit_Card,4,8,0,0,>50,19.466666666666665,3.0,2.0,0.6666666666666666,117,60,10835.85,0.25,0.0,0.3333333333333333,0.0,0.0,0,0,0.0,0.0,0,0,0.0,1901.36,1,0,0.0,32507.55,3,2,0.6666666666666666,1
LGS2ORD0029821,C015499,2025-08-25 04:00:00,Male,18,Bronze,Shopee,Bangkok,563,CallCenter,COD,4,8,0,0,<20,18.766666666666666,1.0,0.0,0.0,-1,185,2751.34,0.23,0.0,1.0,0.0,0.0,0,0,0.0,0.0,0,0,0.0,0.0,0,0,0.0,2751.34,1,0,0.0,0
LGS2ORD0029822,C012924,2025-08-25 04:00:00,Female,61,Bronze,Lazada,Remote_Area,374,Web,COD,4,8,0,0,>50,12.466666666666667,2.0,2.0,1.0,162,170,4341.135,0.18,0.5,0.0,0.0,0.0,0,0,0.0,0.0,0,0,0.0,0.0,0,0,0.0,8682.27,2,2,1.0,0
LGS2ORD0029823,C017196,2025-08-25 04:00:00,Male,45,Bronze,TV,Remote_Area,336,Web,Bank_Transfer,4,8,0,0,40-50,11.2,5.0,1.0,0.2,128,6,4217.108,0.23,0.4,0.2,0.0,8596.04,1,0,0.0,8596.04,1,0,0.0,9650.570000000002,2,0,0.0,21085.54,5,1,0.2,1
LGS2ORD0029824,C014324,2025-08-25 04:00:00,Female,33,Silver,TV,Khon Kaen,1627,Web,COD,4,8,0,0,30-40,54.233333333333334,7.0,3.0,0.42857142857142855,95,16,4371.744285714286,0.25,0.7142857142857143,0.14285714285714285,0.0,0.0,0,0,0.0,2720.45,1,0,0.0,6575.53,3,0,0.0,30602.210000000003,7,3,0.42857142857142855,0
LGS2ORD0029825,C014948,2025-08-25 04:00:00,Male,29,Silver,Web,Bangkok,1113,TV_Show,COD,4,8,0,0,20-30,37.1,2.0,1.0,0.5,27,36,920.3299999999999,0.3,1.0,1.0,0.0,0.0,0,0,0.0,0.0,0,0,0.0,1840.6599999999999,2,1,0.5,1840.6599999999999,2,1,0.5,0
LGS2ORD0029826,C014211,2025-08-25 05:00:00,Female,49,Bronze,Web,Bangkok,1631,Lazada,COD,5,8,0,0,40-50,54.36666666666667,0.0,0.0,0.0,-1,-1,0.0,0.0,0.0,0.0,0.0,0.0,0,0,0.0,0.0,0,0,0.0,0.0,0,0,0.0,0.0,0,0,0.0,0
LGS2ORD0029827,C013004,2025-08-25 05:00:00,Female,34,Bronze,CallCenter,Chonburi,743,TV_Show,COD,5,8,0,0,30-40,24.766666666666666,1.0,0.0,0.0,-1,98,12166.05,0.03,1.0,0.0,0.0,0.0,0,0,0.0,0.0,0,0,0.0,0.0,0,0,0.0,12166.05,1,0,0.0,1
LGS2ORD0029828,C012420,2025-08-25 05:00:00,Male,50,Bronze,TV,Songkhla,837,Lazada,COD,5,8,0,0,40-50,27.9,5.0,2.0,0.4,73,69,5299.278,0.28,0.6,1.0,0.0,0.0,0,0,0.0,0.0,0,0,0.0,15470.69,2,1,0.5,26496.39,5,2,0.4,0
LGS2ORD0029829,C013716,2025-08-25 05:00:00,Female,50,Gold,Lazada,Nakhon Ratchasima,1592,Shopee,COD,5,8,0,0,40-50,53.06666666666667,3.0,2.0,0.6666666666666666,175,172,10878.513333333332,0.28,0.3333333333333333,0.6666666666666666,0.0,0.0,0,0,0.0,0.0,0,0,0.0,0.0,0,0,0.0,32635.539999999997,3,2,0.6666666666666666,1
LGS2ORD0029830,C012294,2025-08-25 05:00:00,Male,40,Silver,Shopee,Khon Kaen,480,TV_Show,Bank_Transfer,5,8,0,0,30-40,16.0,1.0,0.0,0.0,-1,89,2539.42,0.05,0.0,0.0,0.0,0.0,0,0,0.0,0.0,0,0,0.0,2539.42,1,0,0.0,2539.42,1,0,0.0,0
LGS2ORD0029831,C014901,2025-08-25 06:00:00,Female,28,Bronze,TV,Bangkok,1407,Web,COD,6,8,0,0,20-30,46.9,4.0,1.0,0.25,57,10,4563.2325,0.23,0.75,0.25,0.0,0.0,0,0,0.0,5745.59,1,0,0.0,7965.030000000001,2,1,0.5,18252.93,4,1,0.25,0
LGS2ORD0029832,C016475,2025-08-25 06:00:00,Other,35,Platinum,Web,Khon Kaen,1351,Lazada,COD,6,8,0,0,30-40,45.03333333333333,6.0,1.0,0.16666666666666666,20,28,5902.170000000001,0.35,0.3333333333333333,0.3333333333333333,0.0,0.0,0,0,0.0,10778.32,1,1,1.0,19021.54,4,1,0.25,35413.020000000004,6,1,0.16666666666666666,0
LGS2ORD0029833,C011895,2025-08-25 06:00:00,Female,48,Bronze,Lazada,Remote_Area,1183,CallCenter,Credit_Card,6,8,0,0,40-50,39.43333333333333,1.0,1.0,1.0,5,13,5002.47,0.18,0.0,0.0,0.0,0.0,0,0,0.0,5002.47,1,1,1.0,5002.47,1,1,1.0,5002.47,1,1,1.0,0
LGS2ORD0029834,C012741,2025-08-25 06:00:00,Other,19,Gold,Web,Khon Kaen,389,Shopee,COD,6,8,0,0,<20,12.966666666666667,2.0,0.0,0.0,-1,11,1196.78,0.13,0.0,0.0,0.0,0.0,0,0,0.0,2393.56,2,0,0.0,2393.56,2,0,0.0,2393.56,2,0,0.0,1
LGS2ORD0029835,C011927,2025-08-25 06:00:00,Female,31,Bronze,CallCenter,Remote_Area,676,TV_Show,COD,6,8,0,0,30-40,22.533333333333335,4.0,1.0,0.25,183,98,3651.91,0.18,0.75,0.0,0.0,0.0,0,0,0.0,0.0,0,0,0.0,0.0,0,0,0.0,14607.64,4,1,0.25,0
LGS2ORD0029836,C011921,2025-08-25 07:00:00,Other,39,Bronze,Web,Remote_Area,1192,CallCenter,COD,7,8,0,0,30-40,39.733333333333334,5.0,4.0,0.8,74,80,3550.564,0.23,0.6,0.2,0.0,0.0,0,0,0.0,0.0,0,0,0.0,14425.89,1,1,1.0,17752.82,5,4,0.8,0
LGS2ORD0029837,C011684,2025-08-25 07:00:00,Male,31,Bronze,Web,Khon Kaen,815,Shopee,Credit_Card,7,8,0,0,30-40,27.166666666666668,2.0,0.0,0.0,-1,197,4836.065,0.23,0.5,0.5,0.0,0.0,0,0,0.0,0.0,0,0,0.0,0.0,0,0,0.0,9672.13,2,0,0.0,0
LGS2ORD0029838,C012510,2025-08-25 07:00:00,Female,51,Bronze,Shopee,Songkhla,1412,CallCenter,COD,7,8,0,0,>50,47.06666666666667,6.0,2.0,0.3333333333333333,141,105,2866.455,0.23,0.6666666666666666,0.16666666666666666,0.0,0.0,0,0,0.0,0.0,0,0,0.0,0.0,0,0,0.0,17198.73,6,2,0.3333333333333333,1
LGS2ORD0029839,C013237,2025-08-25 07:00:00,Male,49,Bronze,CallCenter,Chonburi,312,CallCenter,Credit_Card,7,8,0,0,40-50,10.4,5.0,3.0,0.6,74,80,4936.848,0.23,0.8,0.2,0.0,0.0,0,0,0.0,0.0,0,0,0.0,1447.54,1,1,1.0,24684.24,5,3,0.6,0
LGS2ORD0029840,C011094,2025-08-25 07:00:00,Male,67,Bronze,CallCenter,Khon Kaen,812,TV_Show,PromptPay,7,8,0,0,>50,27.066666666666666,3.0,0.0,0.0,-1,18,1969.68,0.23,0.3333333333333333,0.3333333333333333,0.0,0.0,0,0,0.0,3719.6,1,0,0.0,4372.38,2,0,0.0,5909.04,3,0,0.0,0
LGS2ORD0029841,C013218,2025-08-25 08:00:00,Male,50,Silver,Web,Bangkok,468,TV_Show,COD,8,8,0,0,40-50,15.6,6.0,3.0,0.5,32,9,3348.081666666667,0.3,0.8333333333333334,0.6666666666666666,0.0,0.0,0,0,0.0,8515.59,1,0,0.0,16693.67,3,1,0.3333333333333333,20088.49,6,3,0.5,0
LGS2ORD0029842,C015170,2025-08-25 08:00:00,Female,33,Silver,Web,Bangkok,1681,Lazada,PromptPay,8,8,0,0,30-40,56.03333333333333,3.0,2.0,0.6666666666666666,9,7,4067.723333333334,0.15,0.6666666666666666,0.0,0.0,0.0,0,0,0.0,4351.99,2,1,0.5,12203.170000000002,3,2,0.6666666666666666,12203.170000000002,3,2,0.6666666666666666,0
LGS2ORD0029843,C012501,2025-08-25 08:00:00,Male,60,Gold,CallCenter,Chonburi,1213,TV_Show,Bank_Transfer,8,8,0,0,>50,40.43333333333333,2.0,1.0,0.5,55,49,10762.12,0.2299999999999999,0.0,0.5,0.0,0.0,0,0,0.0,0.0,0,0,0.0,21524.24,2,1,0.5,21524.24,2,1,0.5,0
LGS2ORD0029844,C017824,2025-08-25 08:00:00,Female,54,Bronze,TV,Phuket,722,Lazada,COD,8,8,0,0,>50,24.066666666666666,5.0,2.0,0.4,1,11,3939.764,0.23,0.6,0.2,0.0,0.0,0,0,0.0,492.77,1,1,1.0,2434.2799999999997,2,2,1.0,19698.82,5,2,0.4,1
LGS2ORD0029845,C013738,2025-08-25 08:00:00,Female,49,Silver,Lazada,Phuket,1532,Lazada,PromptPay,8,8,0,0,40-50,51.06666666666667,2.0,0.0,0.0,-1,123,16359.48,0.25,1.0,0.5,0.0,0.0,0,0,0.0,0.0,0,0,0.0,0.0,0,0,0.0,32718.96,2,0,0.0,0
LGS2ORD0029846,C010058,2025-08-25 08:00:00,Female,39,Bronze,Web,Bangkok,1521,Lazada,Credit_Card,8,8,0,0,30-40,50.7,7.0,1.0,0.14285714285714285,220,35,4920.320000000001,0.28,0.2857142857142857,0.2857142857142857,0.0,0.0,0,0,0.0,0.0,0,0,0.0,13678.08,3,0,0.0,34442.240000000005,7,1,0.14285714285714285,0
LGS2ORD0029847,C012092,2025-08-25 09:00:00,Female,33,Silver,Lazada,Bangkok,359,Lazada,PromptPay,9,8,0,0,30-40,11.966666666666667,5.0,1.0,0.2,62,1,7174.745999999999,0.3,0.4,0.4,0.0,12365.2,1,0,0.0,12365.2,1,0,0.0,25117.16,2,1,0.5,35873.729999999996,5,1,0.2,0
LGS2ORD0029848,C011739,2025-08-25 09:00:00,Male,18,Bronze,Web,Bangkok,1378,TV_Show,COD,9,8,0,0,<20,45.93333333333333,1.0,0.0,0.0,-1,67,2323.07,0.03,0.0,0.0,0.0,0.0,0,0,0.0,0.0,0,0,0.0,2323.07,1,0,0.0,2323.07,1,0,0.0,0
LGS2ORD0029849,C011993,2025-08-25 09:00:00,Male,54,Silver,TV,Nakhon Ratchasima,1465,Web,COD,9,8,0,0,>50,48.833333333333336,5.0,0.0,0.0,-1,40,2266.368,0.3,0.2,0.4,0.0,0.0,0,0,0.0,0.0,0,0,0.0,5666.88,2,0,0.0,11331.84,5,0,0.0,1
LGS2ORD0029850,C011104,2025-08-25 09:00:00,Female,45,Bronze,Shopee,Bangkok,1502,Shopee,PromptPay,9,8,0,0,40-50,50.06666666666667,3.0,1.0,0.3333333333333333,126,127,4813.02,0.23,0.6666666666666666,0.3333333333333333,0.0,0.0,0,0,0.0,0.0,0,0,0.0,0.0,0,0,0.0,14439.060000000001,3,1,0.3333333333333333,0
LGS2ORD0029851,C012724,2025-08-25 09:00:00,Female,55,Gold,Web,Khon Kaen,1533,Lazada,Credit_Card,9,8,0,0,>50,51.1,2.0,1.0,0.5,118,109,2243.865,0.2299999999999999,0.5,0.5,0.0,0.0,0,0,0.0,0.0,0,0,0.0,0.0,0,0,0.0,4487.73,2,1,0.5,0
LGS2ORD0029852,C015718,2025-08-25 10:00:00,Male,49,Gold,Shopee,Chonburi,833,Shopee,COD,10,8,0,0,40-50,27.766666666666666,3.0,0.0,0.0,-1,114,7255.353333333333,0.18,0.0,0.0,0.0,0.0,0,0,0.0,0.0,0,0,0.0,0.0,0,0,0.0,21766.059999999998,3,0,0.0,1
LGS2ORD0029853,C012867,2025-08-25 10:00:00,Other,30,Silver,Shopee,Songkhla,1455,TV_Show,COD,10,8,0,0,20-30,48.5,3.0,1.0,0.3333333333333333,84,15,4525.426666666667,0.3,0.6666666666666666,0.3333333333333333,0.0,0.0,0,0,0.0,884.28,1,0,0.0,884.28,1,0,0.0,13576.28,3,1,0.3333333333333333,0
LGS2ORD0029854,C015432,2025-08-25 10:00:00,Male,43,Bronze,Web,Chonburi,1080,Web,COD,10,8,0,0,40-50,36.0,4.0,0.0,0.0,-1,20,5858.4575,0.18,0.5,0.0,0.0,0.0,0,0,0.0,1684.36,1,0,0.0,20334.059999999998,3,0,0.0,23433.83,4,0,0.0,0
LGS2ORD0029855,C017483,2025-08-25 10:00:00,Female,38,Bronze,Lazada,Khon Kaen,852,Shopee,COD,10,8,0,0,30-40,28.4,1.0,0.0,0.0,-1,29,13282.26,0.03,0.0,0.0,0.0,0.0,0,0,0.0,13282.26,1,0,0.0,13282.26,1,0,0.0,13282.26,1,0,0.0,0
LGS2ORD0029856,C012949,2025-08-25 10:00:00,Female,42,Bronze,TV,Nakhon Ratchasima,334,TV_Show,COD,10,8,0,0,40-50,11.133333333333333,5.0,3.0,0.6,18,27,3340.514,0.28,1.0,0.8,0.0,0.0,0,0,0.0,598.64,1,1,1.0,598.64,1,1,1.0,16702.57,5,3,0.6,0
LGS2ORD0029857,C015416,2025-08-25 11:00:00,Male,33,Bronze,Web,Bangkok,1683,Lazada,Credit_Card,11,8,0,0,30-40,56.1,1.0,0.0,0.0,-1,194,1684.94,0.08,1.0,0.0,0.0,0.0,0,0,0.0,0.0,0,0,0.0,0.0,0,0,0.0,1684.94,1,0,0.0,0
LGS2ORD0029858,C010092,2025-08-25 11:00:00,Male,54,Gold,Shopee,Bangkok,1654,Shopee,PromptPay,11,8,0,0,>50,55.13333333333333,3.0,1.0,0.3333333333333333,28,36,5973.509999999999,0.18,1.0,0.0,0.0,0.0,0,0,0.0,0.0,0,0,0.0,5100.62,1,1,1.0,17920.53,3,1,0.3333333333333333,0
LGS2ORD0029859,C011129,2025-08-25 11:00:00,Female,47,Silver,Web,Khon Kaen,912,Web,COD,11,8,0,0,40-50,30.4,7.0,3.0,0.42857142857142855,64,65,3417.891428571428,0.25,0.7142857142857143,0.2857142857142857,0.0,0.0,0,0,0.0,0.0,0,0,0.0,6981.799999999999,2,1,0.5,23925.239999999998,7,3,0.42857142857142855,1
LGS2ORD0029860,C014648,2025-08-25 11:00:00,Female,63,Bronze,TV,Songkhla,1456,TV_Show,Bank_Transfer,11,8,0,0,>50,48.53333333333333,4.0,1.0,0.25,16,31,6014.695,0.18,0.0,0.0,0.0,0.0,0,0,0.0,0.0,0,0,0.0,12935.380000000001,2,1,0.5,24058.78,4,1,0.25,1
LGS2ORD0029861,C012404,2025-08-25 11:00:00,Female,67,Bronze,Lazada,Nakhon Ratchasima,813,Lazada,Credit_Card,11,8,0,0,>50,27.1,5.0,4.0,0.8,12,20,5617.469999999999,0.23,0.8,0.2,0.0,0.0,0,0,0.0,12310.57,2,2,1.0,14188.849999999999,3,3,1.0,28087.35,5,4,0.8,1
LGS2ORD0029862,C014685,2025-08-25 11:00:00,Other,52,Bronze,Shopee,Songkhla,982,Lazada,COD,11,8,0,0,>50,32.733333333333334,4.0,1.0,0.25,145,38,5961.9075,0.18,1.0,0.0,0.0,0.0,0,0,0.0,0.0,0,0,0.0,18344.18,2,0,0.0,23847.63,4,1,0.25,0
LGS2ORD0029863,C011196,2025-08-25 12:00:00,Male,57,Bronze,Lazada,Bangkok,546,Shopee,Credit_Card,12,8,0,0,>50,18.2,9.0,1.0,0.1111111111111111,-2,10,7453.972222222223,0.28,0.4444444444444444,0.1111111111111111,0.0,0.0,0,0,0.0,5108.04,2,1,0.5,5302.549999999999,3,1,0.3333333333333333,67085.75,9,1,0.1111111111111111,0
LGS2ORD0029864,C013653,2025-08-25 12:00:00,Female,56,Bronze,CallCenter,Remote_Area,1673,Lazada,Credit_Card,12,8,0,0,>50,55.766666666666666,3.0,1.0,0.3333333333333333,153,55,4481.736666666667,0.08,1.0,0.0,0.0,0.0,0,0,0.0,0.0,0,0,0.0,3579.09,1,0,0.0,13445.21,3,1,0.3333333333333333,0
LGS2ORD0029865,C010425,2025-08-25 12:00:00,Female,42,Silver,TV,Nakhon Ratchasima,352,Web,Credit_Card,12,8,0,0,40-50,11.733333333333333,2.0,0.0,0.0,-1,187,2079.54,0.3,0.0,1.0,0.0,0.0,0,0,0.0,0.0,0,0,0.0,0.0,0,0,0.0,4159.08,2,0,0.0,0
LGS2ORD0029866,C011493,2025-08-25 12:00:00,Female,40,Gold,TV,Chiang Mai,1195,Web,COD,12,8,0,0,30-40,39.833333333333336,3.0,0.0,0.0,-1,115,15776.966666666667,0.33,1.0,0.3333333333333333,0.0,0.0,0,0,0.0,0.0,0,0,0.0,0.0,0,0,0.0,47330.9,3,0,0.0,0
LGS2ORD0029867,C012057,2025-08-25 12:00:00,Male,43,Gold,TV,Bangkok,321,TV_Show,Credit_Card,12,8,0,0,40-50,10.7,5.0,0.0,0.0,-1,73,8593.192000000001,0.33,0.4,0.2,0.0,0.0,0,0,0.0,0.0,0,0,0.0,38133.200000000004,2,0,0.0,42965.96000000001,5,0,0.0,0
LGS2ORD0029868,C015583,2025-08-25 13:00:00,Male,18,Silver,TV,Nakhon Ratchasima,701,Shopee,Bank_Transfer,13,8,0,0,<20,23.366666666666667,7.0,1.0,0.14285714285714285,-5,5,6604.91857142857,0.25,0.42857142857142855,0.14285714285714285,0.0,785.02,1,1,1.0,785.02,1,1,1.0,9530.58,2,1,0.5,46234.42999999999,7,1,0.14285714285714285,1
LGS2ORD0029869,C017879,2025-08-25 13:00:00,Female,39,Bronze,Shopee,Chiang Mai,484,Web,COD,13,8,0,0,30-40,16.133333333333333,2.0,0.0,0.0,-1,59,7806.9400000000005,0.03,0.0,0.0,0.0,0.0,0,0,0.0,0.0,0,0,0.0,3892.28,1,0,0.0,15613.880000000001,2,0,0.0,0
LGS2ORD0029870,C017701,2025-08-25 13:00:00,Male,42,Bronze,Web,Bangkok,1133,TV_Show,Bank_Transfer,13,8,0,0,40-50,37.766666666666666,5.0,1.0,0.2,126,20,2539.8599999999997,0.28,0.4,0.2,0.0,0.0,0,0,0.0,2388.18,1,0,0.0,5316.8099999999995,2,0,0.0,12699.3,5,1,0.2,0
LGS2ORD0029871,C013953,2025-08-25 13:00:00,Female,36,Gold,Web,Chiang Mai,872,TV_Show,COD,13,8,0,0,30-40,29.066666666666666,5.0,1.0,0.2,103,79,5310.447999999999,0.33,0.4,0.4,0.0,0.0,0,0,0.0,0.0,0,0,0.0,6727.4,1,0,0.0,26552.239999999998,5,1,0.2,0
LGS2ORD0029872,C015357,2025-08-25 13:00:00,Male,48,Gold,TV,Nakhon Ratchasima,756,TV_Show,PromptPay,13,8,0,0,40-50,25.2,2.0,2.0,1.0,80,93,1363.635,0.28,0.5,0.5,0.0,0.0,0,0,0.0,0.0,0,0,0.0,0.0,0,0,0.0,2727.27,2,2,1.0,0
LGS2ORD0029873,C010335,2025-08-25 14:00:00,Female,37,Bronze,Shopee,Phuket,629,Shopee,COD,14,8,0,0,30-40,20.966666666666665,3.0,1.0,0.3333333333333333,210,166,2082.5233333333335,0.18,0.6666666666666666,0.0,0.0,0.0,0,0,0.0,0.0,0,0,0.0,0.0,0,0,0.0,6247.570000000001,3,1,0.3333333333333333,1
LGS2ORD0029874,C016753,2025-08-25 14:00:00,Female,42,Bronze,TV,Phuket,709,Web,Credit_Card,14,8,0,0,40-50,23.633333333333333,2.0,0.0,0.0,-1,131,2777.455,0.28,0.0,0.5,0.0,0.0,0,0,0.0,0.0,0,0,0.0,0.0,0,0,0.0,5554.91,2,0,0.0,0
LGS2ORD0029875,C015509,2025-08-25 14:00:00,Female,52,Gold,Shopee,Phuket,892,Shopee,Credit_Card,14,8,0,0,>50,29.733333333333334,7.0,1.0,0.14285714285714285,103,60,1464.6714285714286,0.33,0.2857142857142857,0.8571428571428571,0.0,0.0,0,0,0.0,0.0,0,0,0.0,6780.950000000001,4,0,0.0,10252.7,7,1,0.14285714285714285,0
LGS2ORD0029876,C016124,2025-08-25 14:00:00,Male,27,Gold,Lazada,Chiang Mai,1448,Web,Credit_Card,14,8,0,0,20-30,48.266666666666666,4.0,2.0,0.5,50,4,9397.5375,0.33,0.5,0.75,0.0,6896.29,1,0,0.0,6896.29,1,0,0.0,8168.72,2,1,0.5,37590.15,4,2,0.5,0
LGS2ORD0029877,C016237,2025-08-25 14:00:00,Female,40,Silver,CallCenter,Bangkok,1662,Shopee,Bank_Transfer,14,8,0,0,30-40,55.4,4.0,0.0,0.0,-1,49,3124.1899999999996,0.3,0.25,0.25,0.0,0.0,0,0,0.0,0.0,0,0,0.0,3441.55,1,0,0.0,12496.759999999998,4,0,0.0,0
LGS2ORD0029878,C013159,2025-08-25 15:00:00,Male,32,Bronze,Lazada,Remote_Area,712,Web,COD,15,8,0,0,30-40,23.733333333333334,2.0,0.0,0.0,-1,60,2442.26,0.18,0.5,0.0,0.0,0.0,0,0,0.0,0.0,0,0,0.0,2605.91,1,0,0.0,4884.52,2,0,0.0,1
LGS2ORD0029879,C014206,2025-08-25 15:00:00,Female,43,Bronze,Shopee,Bangkok,1450,TV_Show,COD,15,8,0,0,40-50,48.333333333333336,5.0,0.0,0.0,-1,60,2644.1400000000003,0.28,0.4,0.6,0.0,0.0,0,0,0.0,0.0,0,0,0.0,2256.6,2,0,0.0,13220.7,5,0,0.0,0
LGS2ORD0029880,C016876,2025-08-25 15:00:00,Female,34,Platinum,TV,Phuket,1688,TV_Show,COD,15,8,0,0,30-40,56.266666666666666,4.0,1.0,0.25,42,46,5683.767499999999,0.2,0.5,0.0,0.0,0.0,0,0,0.0,0.0,0,0,0.0,22288.51,3,1,0.3333333333333333,22735.069999999996,4,1,0.25,0
LGS2ORD0029881,C016838,2025-08-25 15:00:00,Female,39,Bronze,TV,Chonburi,1194,TV_Show,Credit_Card,15,8,0,0,30-40,39.8,4.0,2.0,0.5,16,20,3440.9225,0.18,0.5,0.0,0.0,0.0,0,0,0.0,1517.2,2,0,0.0,12892.44,3,1,0.3333333333333333,13763.69,4,2,0.5,0
LGS2ORD0029882,C014143,2025-08-25 15:00:00,Male,25,Silver,Shopee,Bangkok,1178,Web,Bank_Transfer,15,8,0,0,20-30,39.266666666666666,3.0,0.0,0.0,-1,119,2101.84,0.2,0.6666666666666666,0.0,0.0,0.0,0,0,0.0,0.0,0,0,0.0,0.0,0,0,0.0,6305.52,3,0,0.0,0
LGS2ORD0029883,C016626,2025-08-25 15:00:00,Male,44,Bronze,TV,Bangkok,1164,Shopee,PromptPay,15,8,0,0,40-50,38.8,1.0,0.0,0.0,-1,52,22284.77,0.03,1.0,0.0,0.0,0.0,0,0,0.0,0.0,0,0,0.0,22284.77,1,0,0.0,22284.77,1,0,0.0,0
LGS2ORD0029884,C017166,2025-08-25 16:00:00,Female,25,Bronze,TV,Khon Kaen,787,Web,PromptPay,16,8,0,0,20-30,26.233333333333334,4.0,1.0,0.25,145,57,4911.62,0.23,0.5,0.25,0.0,0.0,0,0,0.0,0.0,0,0,0.0,1552.91,1,0,0.0,19646.48,4,1,0.25,0
LGS2ORD0029885,C011889,2025-08-25 16:00:00,Female,61,Bronze,Lazada,Remote_Area,1192,Shopee,COD,16,8,0,0,>50,39.733333333333334,4.0,3.0,0.75,6,15,5392.110000000001,0.23,1.0,0.25,0.0,0.0,0,0,0.0,14250.28,2,2,1.0,14250.28,2,2,1.0,21568.440000000002,4,3,0.75,0
LGS2ORD0029886,C013285,2025-08-25 16:00:00,Female,37,Platinum,Lazada,Khon Kaen,315,Lazada,Credit_Card,16,8,0,0,30-40,10.5,2.0,1.0,0.5,4,11,1920.41,0.25,1.0,0.5,0.0,0.0,0,0,0.0,3071.94,1,1,1.0,3840.82,2,1,0.5,3840.82,2,1,0.5,0
LGS2ORD0029887,C014544,2025-08-25 16:00:00,Male,60,Gold,Web,Chiang Mai,1556,TV_Show,Credit_Card,16,8,0,0,>50,51.86666666666667,1.0,1.0,1.0,201,211,9261.05,0.2299999999999999,1.0,1.0,0.0,0.0,0,0,0.0,0.0,0,0,0.0,0.0,0,0,0.0,9261.05,1,1,1.0,0
LGS2ORD0029888,C015855,2025-08-25 16:00:00,Female,41,Silver,TV,Nakhon Ratchasima,1324,Lazada,Bank_Transfer,16,8,0,0,40-50,44.13333333333333,2.0,0.0,0.0,-1,39,5697.345,0.25,0.5,0.5,0.0,0.0,0,0,0.0,0.0,0,0,0.0,5567.64,1,0,0.0,11394.69,2,0,0.0,0
LGS2ORD0029889,C012194,2025-08-25 17:00:00,Female,30,Bronze,TV,Bangkok,1050,Lazada,Bank_Transfer,17,8,0,0,20-30,35.0,5.0,1.0,0.2,186,26,1829.8559999999998,0.28,0.6,0.6,0.0,0.0,0,0,0.0,774.3,1,0,0.0,4333.4,2,0,0.0,9149.279999999999,5,1,0.2,0
LGS2ORD0029890,C013968,2025-08-25 17:00:00,Male,46,Silver,Web,Bangkok,1037,Web,PromptPay,17,8,0,0,40-50,34.56666666666667,2.0,1.0,0.5,191,151,6239.615,0.2,0.5,0.0,0.0,0.0,0,0,0.0,0.0,0,0,0.0,0.0,0,0,0.0,12479.23,2,1,0.5,1
LGS2ORD0029891,C014041,2025-08-25 17:00:00,Male,47,Silver,CallCenter,Phuket,1641,Lazada,COD,17,8,0,0,40-50,54.7,2.0,0.0,0.0,-1,221,11865.525,0.1,1.0,0.0,0.0,0.0,0,0,0.0,0.0,0,0,0.0,0.0,0,0,0.0,23731.05,2,0,0.0,0
LGS2ORD0029892,C017194,2025-08-25 17:00:00,Male,43,Silver,TV,Bangkok,1110,TV_Show,Bank_Transfer,17,8,0,0,40-50,37.0,4.0,0.0,0.0,-1,53,1986.3250000000003,0.3,0.5,0.25,0.0,0.0,0,0,0.0,0.0,0,0,0.0,1647.15,1,0,0.0,7945.300000000001,4,0,0.0,0
LGS2ORD0029893,C012381,2025-08-25 17:00:00,Male,48,Gold,CallCenter,Remote_Area,1629,Lazada,PromptPay,17,8,0,0,40-50,54.3,3.0,0.0,0.0,-1,80,2321.5066666666667,0.33,0.0,0.3333333333333333,0.0,0.0,0,0,0.0,0.0,0,0,0.0,2368.0,1,0,0.0,6964.52,3,0,0.0,0
LGS2ORD0029894,C013793,2025-08-25 18:00:00,Female,33,Silver,Lazada,Phuket,689,TV_Show,COD,18,8,0,0,30-40,22.966666666666665,4.0,2.0,0.5,142,7,8134.362499999999,0.3,0.25,0.75,0.0,2892.11,1,0,0.0,2892.11,1,0,0.0,2892.11,1,0,0.0,32537.449999999997,4,2,0.5,0
LGS2ORD0029895,C010860,2025-08-25 18:00:00,Female,59,Bronze,TV,Phuket,1484,CallCenter,Credit_Card,18,8,0,0,>50,49.46666666666667,5.0,2.0,0.4,142,36,2207.07,0.23,0.6,0.4,0.0,0.0,0,0,0.0,0.0,0,0,0.0,3640.45,2,0,0.0,11035.35,5,2,0.4,0
LGS2ORD0029896,C015722,2025-08-25 18:00:00,Female,44,Gold,Lazada,Phuket,1370,Web,Credit_Card,18,8,0,0,40-50,45.666666666666664,3.0,2.0,0.6666666666666666,43,54,3501.236666666666,0.33,0.3333333333333333,0.3333333333333333,0.0,0.0,0,0,0.0,0.0,0,0,0.0,781.54,1,1,1.0,10503.71,3,2,0.6666666666666666,0
LGS2ORD0029897,C017855,2025-08-25 18:00:00,Male,44,Platinum,Web,Chonburi,1599,TV_Show,COD,18,8,0,0,40-50,53.3,6.0,2.0,0.3333333333333333,9,21,10099.153333333334,0.3,0.3333333333333333,0.8333333333333334,0.0,0.0,0,0,0.0,48262.37,2,1,0.5,48262.37,2,1,0.5,60594.92,6,2,0.3333333333333333,0
LGS2ORD0029898,C017883,2025-08-25 18:00:00,Female,56,Bronze,TV,Bangkok,1297,Lazada,Credit_Card,18,8,0,0,>50,43.233333333333334,0.0,0.0,0.0,-1,-1,0.0,0.0,0.0,0.0,0.0,0.0,0,0,0.0,0.0,0,0,0.0,0.0,0,0,0.0,0.0,0,0,0.0,0
LGS2ORD0029899,C016912,2025-08-25 19:00:00,Male,22,Bronze,TV,Nakhon Ratchasima,1153,Lazada,COD,19,8,0,0,20-30,38.43333333333333,3.0,0.0,0.0,-1,87,6610.713333333333,0.08,0.3333333333333333,0.0,0.0,0.0,0,0,0.0,0.0,0,0,0.0,10119.27,1,0,0.0,19832.14,3,0,0.0,0
LGS2ORD0029900,C014836,2025-08-25 19:00:00,Male,51,Silver,TV,Remote_Area,1206,TV_Show,Credit_Card,19,8,0,0,>50,40.2,3.0,2.0,0.6666666666666666,-9,2,9099.486666666666,0.25,0.3333333333333333,0.3333333333333333,0.0,17070.06,1,1,1.0,17070.06,1,1,1.0,17070.06,1,1,1.0,27298.46,3,2,0.6666666666666666,1
LGS2ORD0029901,C011110,2025-08-25 19:00:00,Female,39,Gold,Shopee,Chiang Mai,1213,Web,Credit_Card,19,8,0,0,30-40,40.43333333333333,6.0,2.0,0.3333333333333333,2,14,7361.248333333333,0.28,0.6666666666666666,0.5,0.0,0.0,0,0,0.0,413.07,1,1,1.0,413.07,1,1,1.0,44167.49,6,2,0.3333333333333333,1
LGS2ORD0029902,C011202,2025-08-25 19:00:00,Other,58,Bronze,Web,Khon Kaen,965,Shopee,Bank_Transfer,19,8,0,0,>50,32.166666666666664,5.0,1.0,0.2,56,68,4830.704,0.28,0.6,0.4,0.0,0.0,0,0,0.0,0.0,0,0,0.0,20549.34,2,1,0.5,24153.52,5,1,0.2,0
LGS2ORD0029903,C017598,2025-08-25 19:00:00,Male,46,Silver,CallCenter,Chiang Mai,1659,Shopee,COD,19,8,0,0,40-50,55.3,2.0,0.0,0.0,-1,156,4605.344999999999,0.2,0.0,0.0,0.0,0.0,0,0,0.0,0.0,0,0,0.0,0.0,0,0,0.0,9210.689999999999,2,0,0.0,1
LGS2ORD0029904,C017415,2025-08-25 19:00:00,Female,58,Bronze,Shopee,Songkhla,1583,Web,COD,19,8,0,0,>50,52.766666666666666,8.0,1.0,0.125,177,19,2916.42375,0.18,0.75,0.0,0.0,0.0,0,0,0.0,8847.03,1,0,0.0,10602.5,2,0,0.0,23331.39,8,1,0.125,1
LGS2ORD0029905,C014238,2025-08-25 20:00:00,Female,66,Silver,TV,Khon Kaen,1259,TV_Show,COD,20,8,0,0,>50,41.96666666666667,8.0,3.0,0.375,19,2,6730.985,0.3,0.5,0.375,0.0,3793.77,1,0,0.0,12629.300000000001,2,1,0.5,15970.11,3,1,0.3333333333333333,53847.88,8,3,0.375,0
LGS2ORD0029906,C012766,2025-08-25 20:00:00,Male,33,Platinum,Shopee,Chiang Mai,251,TV_Show,COD,20,8,0,0,30-40,8.366666666666667,5.0,1.0,0.2,85,45,7544.906,0.25,0.8,0.2,0.0,0.0,0,0,0.0,0.0,0,0,0.0,5385.82,2,0,0.0,37724.53,5,1,0.2,0
LGS2ORD0029907,C012974,2025-08-25 20:00:00,Female,56,Gold,Web,Songkhla,983,Shopee,Credit_Card,20,8,0,0,>50,32.766666666666666,3.0,2.0,0.6666666666666666,34,40,5198.906666666667,0.33,0.6666666666666666,0.6666666666666666,0.0,0.0,0,0,0.0,0.0,0,0,0.0,5689.0,1,1,1.0,15596.720000000001,3,2,0.6666666666666666,0
LGS2ORD0029908,C012461,2025-08-25 20:00:00,Male,72,Bronze,TV,Chonburi,621,Shopee,Bank_Transfer,20,8,0,0,>50,20.7,6.0,0.0,0.0,-1,21,5726.88,0.18,0.5,0.0,0.0,0.0,0,0,0.0,4766.22,1,0,0.0,4766.22,1,0,0.0,34361.28,6,0,0.0,0
LGS2ORD0029909,C012911,2025-08-25 20:00:00,Male,37,Bronze,Lazada,Chonburi,880,TV_Show,COD,20,8,0,0,30-40,29.333333333333332,9.0,1.0,0.1111111111111111,16,23,3613.951111111111,0.28,0.5555555555555556,0.3333333333333333,0.0,0.0,0,0,0.0,1797.12,1,1,1.0,5452.58,2,1,0.5,32525.559999999998,9,1,0.1111111111111111,0
LGS2ORD0029910,C014784,2025-08-25 21:00:00,Female,53,Bronze,TV,Chonburi,531,Lazada,PromptPay,21,8,0,0,>50,17.7,1.0,0.0,0.0,-1,226,1853.4,0.03,0.0,0.0,0.0,0.0,0,0,0.0,0.0,0,0,0.0,0.0,0,0,0.0,1853.4,1,0,0.0,0
LGS2ORD0029911,C016841,2025-08-25 21:00:00,Male,42,Gold,TV,Remote_Area,1435,Web,Credit_Card,21,8,0,0,40-50,47.833333333333336,5.0,2.0,0.4,16,16,1750.118,0.33,0.2,0.4,0.0,0.0,0,0,0.0,3369.8199999999997,2,1,0.5,8060.120000000001,4,1,0.25,8750.59,5,2,0.4,0
LGS2ORD0029912,C011491,2025-08-25 21:00:00,Female,58,Bronze,TV,Phuket,1287,Shopee,PromptPay,21,8,0,0,>50,42.9,3.0,2.0,0.6666666666666666,5,10,3194.1566666666663,0.18,0.0,0.0,0.0,0.0,0,0,0.0,6135.69,1,1,1.0,7751.25,2,1,0.5,9582.47,3,2,0.6666666666666666,0
LGS2ORD0029913,C011481,2025-08-25 21:00:00,Male,39,Gold,Web,Bangkok,681,CallCenter,COD,21,8,0,0,30-40,22.7,2.0,1.0,0.5,138,99,14006.115,0.28,0.5,0.5,0.0,0.0,0,0,0.0,0.0,0,0,0.0,0.0,0,0,0.0,28012.23,2,1,0.5,0
LGS2ORD0029914,C016157,2025-08-25 21:00:00,Male,34,Bronze,Shopee,Bangkok,1154,CallCenter,Credit_Card,21,8,0,0,30-40,38.46666666666667,2.0,0.0,0.0,-1,51,5558.875,0.23,0.5,0.5,0.0,0.0,0,0,0.0,0.0,0,0,0.0,10550.49,1,0,0.0,11117.75,2,0,0.0,0
LGS2ORD0029915,C015006,2025-08-25 22:00:00,Male,48,Silver,CallCenter,Nakhon Ratchasima,555,TV_Show,COD,22,8,0,0,40-50,18.5,6.0,1.0,0.16666666666666666,28,46,7995.118333333333,0.3,0.6666666666666666,0.3333333333333333,0.0,0.0,0,0,0.0,0.0,0,0,0.0,9254.32,2,1,0.5,47970.71,6,1,0.16666666666666666,1
LGS2ORD0029916,C017856,2025-08-25 22:00:00,Female,48,Bronze,Web,Bangkok,458,Shopee,COD,22,8,0,0,40-50,15.266666666666667,4.0,2.0,0.5,160,105,4378.895,0.28,0.5,0.5,0.0,0.0,0,0,0.0,0.0,0,0,0.0,0.0,0,0,0.0,17515.58,4,2,0.5,0
LGS2ORD0029917,C011276,2025-08-25 22:00:00,Male,38,Bronze,TV,Songkhla,1353,TV_Show,COD,22,8,0,0,30-40,45.1,6.0,2.0,0.3333333333333333,39,52,1707.1016666666665,0.28,0.6666666666666666,0.6666666666666666,0.0,0.0,0,0,0.0,0.0,0,0,0.0,3456.49,2,1,0.5,10242.609999999999,6,2,0.3333333333333333,0
LGS2ORD0029918,C013936,2025-08-25 22:00:00,Female,51,Bronze,CallCenter,Songkhla,833,CallCenter,COD,22,8,0,0,>50,27.766666666666666,1.0,1.0,1.0,196,212,3869.86,0.03,0.0,0.0,0.0,0.0,0,0,0.0,0.0,0,0,0.0,0.0,0,0,0.0,3869.86,1,1,1.0,1
LGS2ORD0029919,C014074,2025-08-25 22:00:00,Male,37,Gold,CallCenter,Bangkok,256,Lazada,COD,22,8,0,0,30-40,8.533333333333333,3.0,1.0,0.3333333333333333,157,64,5906.6466666666665,0.33,1.0,0.6666666666666666,0.0,0.0,0,0,0.0,0.0,0,0,0.0,1488.73,1,0,0.0,17719.94,3,1,0.3333333333333333,0
LGS2ORD0029920,C015808,2025-08-25 23:00:00,Female,36,Silver,CallCenter,Bangkok,450,Shopee,COD,23,8,0,0,30-40,15.0,2.0,0.0,0.0,-1,110,12748.835,0.15,0.5,0.0,0.0,0.0,0,0,0.0,0.0,0,0,0.0,0.0,0,0,0.0,25497.67,2,0,0.0,0
LGS2ORD0029921,C011149,2025-08-25 23:00:00,Male,48,Bronze,TV,Chonburi,1683,TV_Show,PromptPay,23,8,0,0,40-50,56.1,2.0,0.0,0.0,-1,111,17256.3,0.23,0.5,0.5,0.0,0.0,0,0,0.0,0.0,0,0,0.0,0.0,0,0,0.0,34512.6,2,0,0.0,0
LGS2ORD0029922,C017406,2025-08-25 23:00:00,Female,37,Gold,Shopee,Bangkok,1426,Web,PromptPay,23,8,0,0,30-40,47.53333333333333,5.0,0.0,0.0,-1,135,6279.46,0.13,0.6,0.0,0.0,0.0,0,0,0.0,0.0,0,0,0.0,0.0,0,0,0.0,31397.3,5,0,0.0,0
LGS2ORD0029923,C012764,2025-08-25 23:00:00,Female,61,Bronze,Shopee,Bangkok,261,Shopee,Credit_Card,23,8,0,0,>50,8.7,6.0,2.0,0.3333333333333333,8,16,4758.636666666666,0.28,0.3333333333333333,0.6666666666666666,0.0,0.0,0,0,0.0,8647.61,2,1,0.5,14069.25,4,1,0.25,28551.82,6,2,0.3333333333333333,1
LGS2ORD0029924,C010503,2025-08-25 23:00:00,Female,50,Bronze,Lazada,Remote_Area,1152,Shopee,PromptPay,23,8,0,0,40-50,38.4,7.0,2.0,0.2857142857142857,103,9,6341.742857142858,0.23,0.8571428571428571,0.2857142857142857,0.0,0.0,0,0,0.0,2338.2,2,0,0.0,2338.2,2,0,0.0,44392.200000000004,7,2,0.2857142857142857,0
LGS2ORD0029925,C014667,2025-08-25 23:00:00,Female,58,Silver,Shopee,Songkhla,766,Lazada,Credit_Card,23,8,0,0,>50,25.533333333333335,8.0,7.0,0.875,-6,4,5017.135,0.3,0.875,0.125,0.0,13619.02,1,1,1.0,27581.72,2,2,1.0,32545.58,3,3,1.0,40137.08,8,7,0.875,0
LGS2ORD0029926,C016091,2025-08-26 00:00:00,Male,52,Bronze,TV,Bangkok,402,CallCenter,Bank_Transfer,0,8,1,0,>50,13.4,3.0,0.0,0.0,-1,23,2917.17,0.23,0.0,0.3333333333333333,0.0,0.0,0,0,0.0,1418.69,1,0,0.0,1418.69,1,0,0.0,8751.51,3,0,0.0,0
LGS2ORD0029927,C016285,2025-08-26 00:00:00,Male,71,Bronze,Shopee,Bangkok,1589,TV_Show,COD,0,8,1,0,>50,52.96666666666667,9.0,3.0,0.3333333333333333,27,5,7015.9622222222215,0.28,0.5555555555555556,0.3333333333333333,0.0,8162.81,1,0,0.0,11698.26,2,0,0.0,36988.35,6,2,0.3333333333333333,63143.659999999996,9,3,0.3333333333333333,1
LGS2ORD0029928,C014523,2025-08-26 00:00:00,Male,50,Silver,TV,Remote_Area,274,Web,COD,0,8,1,0,40-50,9.133333333333333,5.0,1.0,0.2,38,28,6644.894,0.25,0.6,0.2,0.0,0.0,0,0,0.0,934.46,1,0,0.0,6059.69,3,1,0.3333333333333333,33224.47,5,1,0.2,1
LGS2ORD0029929,C010925,2025-08-26 00:00:00,Male,39,Bronze,TV,Chiang Mai,1161,Web,PromptPay,0,8,1,0,30-40,38.7,5.0,1.0,0.2,115,53,12070.876,0.23,0.8,0.2,0.0,0.0,0,0,0.0,0.0,0,0,0.0,7936.9,1,0,0.0,60354.38,5,1,0.2,1
LGS2ORD0029930,C013711,2025-08-26 00:00:00,Female,39,Bronze,TV,Remote_Area,1442,CallCenter,COD,0,8,1,0,30-40,48.06666666666667,3.0,0.0,0.0,-1,29,1752.4466666666667,0.28,0.0,0.3333333333333333,0.0,0.0,0,0,0.0,2601.02,1,0,0.0,3827.65,2,0,0.0,5257.34,3,0,0.0,1
LGS2ORD0029931,C017220,2025-08-26 01:00:00,Female,57,Platinum,TV,Phuket,1558,TV_Show,PromptPay,1,8,1,0,>50,51.93333333333333,3.0,1.0,0.3333333333333333,120,133,7525.336666666667,0.3,0.3333333333333333,0.3333333333333333,0.0,0.0,0,0,0.0,0.0,0,0,0.0,0.0,0,0,0.0,22576.010000000002,3,1,0.3333333333333333,1
LGS2ORD0029932,C017732,2025-08-26 01:00:00,Male,49,Silver,Lazada,Bangkok,1564,Shopee,PromptPay,1,8,1,0,40-50,52.13333333333333,9.0,3.0,0.3333333333333333,94,46,4636.231111111111,0.25,0.4444444444444444,0.2222222222222222,0.0,0.0,0,0,0.0,0.0,0,0,0.0,22143.69,3,0,0.0,41726.08,9,3,0.3333333333333333,0
LGS2ORD0029933,C016643,2025-08-26 01:00:00,Female,50,Bronze,CallCenter,Bangkok,995,Shopee,PromptPay,1,8,1,0,40-50,33.166666666666664,6.0,1.0,0.16666666666666666,143,13,9175.668333333333,0.28,0.3333333333333333,0.6666666666666666,0.0,0.0,0,0,0.0,9970.81,1,0,0.0,9970.81,1,0,0.0,55054.009999999995,6,1,0.16666666666666666,0
LGS2ORD0029934,C017287,2025-08-26 01:00:00,Female,51,Bronze,Shopee,Chiang Mai,759,TV_Show,Credit_Card,1,8,1,0,>50,25.3,0.0,0.0,0.0,-1,-1,0.0,0.0,0.0,0.0,0.0,0.0,0,0,0.0,0.0,0,0,0.0,0.0,0,0,0.0,0.0,0,0,0.0,0
LGS2ORD0029935,C017924,2025-08-26 01:00:00,Male,39,Gold,Shopee,Chiang Mai,367,Web,PromptPay,1,8,1,0,30-40,12.233333333333333,7.0,1.0,0.14285714285714285,140,55,4449.604285714287,0.33,0.42857142857142855,0.42857142857142855,0.0,0.0,0,0,0.0,0.0,0,0,0.0,14006.9,4,0,0.0,31147.230000000003,7,1,0.14285714285714285,0
LGS2ORD0029936,C016078,2025-08-26 02:00:00,Female,36,Gold,CallCenter,Khon Kaen,1173,Shopee,Credit_Card,2,8,1,0,30-40,39.1,3.0,0.0,0.0,-1,25,11969.823333333334,0.28,0.0,0.3333333333333333,0.0,0.0,0,0,0.0,8427.55,1,0,0.0,31874.399999999998,2,0,0.0,35909.47,3,0,0.0,1
LGS2ORD0029937,C017554,2025-08-26 02:00:00,Male,33,Bronze,TV,Bangkok,447,TV_Show,COD,2,8,1,0,30-40,14.9,4.0,1.0,0.25,207,20,3016.42,0.23,1.0,0.25,0.0,0.0,0,0,0.0,355.43,1,0,0.0,355.43,1,0,0.0,12065.68,4,1,0.25,0
LGS2ORD0029938,C012779,2025-08-26 02:00:00,Male,60,Gold,CallCenter,Bangkok,1672,TV_Show,COD,2,8,1,0,>50,55.733333333333334,2.0,0.0,0.0,-1,8,5399.83,0.2299999999999999,0.5,1.0,0.0,0.0,0,0,0.0,1848.68,1,0,0.0,10799.66,2,0,0.0,10799.66,2,0,0.0,0
LGS2ORD0029939,C016480,2025-08-26 02:00:00,Female,57,Silver,Web,Bangkok,1126,Web,COD,2,8,1,0,>50,37.53333333333333,1.0,0.0,0.0,-1,34,5728.21,0.3,1.0,1.0,0.0,0.0,0,0,0.0,0.0,0,0,0.0,5728.21,1,0,0.0,5728.21,1,0,0.0,0
LGS2ORD0029940,C015689,2025-08-26 02:00:00,Male,36,Silver,Shopee,Songkhla,1032,CallCenter,PromptPay,2,8,1,0,30-40,34.4,5.0,3.0,0.6,62,74,8691.264,0.3,0.6,0.2,0.0,0.0,0,0,0.0,0.0,0,0,0.0,9346.15,1,1,1.0,43456.32,5,3,0.6,0
LGS2ORD0029941,C016483,2025-08-26 03:00:00,Other,59,Bronze,Shopee,Phuket,303,Web,COD,3,8,1,0,>50,10.1,6.0,3.0,0.5,36,48,6952.433333333333,0.28,0.8333333333333334,0.5,0.0,0.0,0,0,0.0,0.0,0,0,0.0,1474.93,1,1,1.0,41714.6,6,3,0.5,1
LGS2ORD0029942,C014342,2025-08-26 03:00:00,Female,40,Bronze,Shopee,Bangkok,1488,TV_Show,COD,3,8,1,0,30-40,49.6,4.0,0.0,0.0,-1,40,2436.9049999999997,0.23,0.0,0.5,0.0,0.0,0,0,0.0,0.0,0,0,0.0,5520.29,1,0,0.0,9747.619999999999,4,0,0.0,0
LGS2ORD0029943,C013035,2025-08-26 03:00:00,Female,46,Gold,CallCenter,Chiang Mai,297,Lazada,PromptPay,3,8,1,0,40-50,9.9,2.0,0.0,0.0,-1,147,1158.025,0.28,0.5,0.5,0.0,0.0,0,0,0.0,0.0,0,0,0.0,0.0,0,0,0.0,2316.05,2,0,0.0,0
LGS2ORD0029944,C015387,2025-08-26 03:00:00,Male,47,Bronze,Shopee,Bangkok,520,Shopee,COD,3,8,1,0,40-50,17.333333333333332,2.0,1.0,0.5,57,75,6376.805,0.23,1.0,0.5,0.0,0.0,0,0,0.0,0.0,0,0,0.0,614.94,1,1,1.0,12753.61,2,1,0.5,0
LGS2ORD0029945,C012815,2025-08-26 03:00:00,Female,59,Bronze,Lazada,Bangkok,1641,Shopee,COD,3,8,1,0,>50,54.7,6.0,1.0,0.16666666666666666,185,65,2397.2816666666668,0.18,0.6666666666666666,0.0,0.0,0.0,0,0,0.0,0.0,0,0,0.0,3639.01,2,0,0.0,14383.69,6,1,0.16666666666666666,0
LGS2ORD0029946,C010320,2025-08-26 03:00:00,Female,49,Gold,Web,Bangkok,883,TV_Show,COD,3,8,1,0,40-50,29.433333333333334,6.0,1.0,0.16666666666666666,90,52,3331.521666666667,0.28,0.6666666666666666,0.5,0.0,0.0,0,0,0.0,0.0,0,0,0.0,1741.47,1,0,0.0,19989.13,6,1,0.16666666666666666,1
LGS2ORD0029947,C016646,2025-08-26 04:00:00,Male,38,Bronze,TV,Chiang Mai,535,Shopee,PromptPay,4,8,1,0,30-40,17.833333333333332,10.0,3.0,0.3,-8,2,3987.7810000000004,0.28,0.7,0.2,0.0,2232.91,2,1,0.5,2232.91,2,1,0.5,16808.37,5,2,0.4,39877.810000000005,10,3,0.3,0
LGS2ORD0029948,C011795,2025-08-26 04:00:00,Female,42,Platinum,Web,Chonburi,1331,CallCenter,COD,4,8,1,0,40-50,44.36666666666667,1.0,0.0,0.0,-1,18,1293.53,0.3,0.0,1.0,0.0,0.0,0,0,0.0,1293.53,1,0,0.0,1293.53,1,0,0.0,1293.53,1,0,0.0,0
LGS2ORD0029949,C014377,2025-08-26 04:00:00,Female,37,Bronze,Web,Bangkok,1451,Shopee,COD,4,8,1,0,30-40,48.36666666666667,0.0,0.0,0.0,-1,-1,0.0,0.0,0.0,0.0,0.0,0.0,0,0,0.0,0.0,0,0,0.0,0.0,0,0,0.0,0.0,0,0,0.0,1
LGS2ORD0029950,C012414,2025-08-26 04:00:00,Other,60,Bronze,TV,Remote_Area,1325,Web,COD,4,8,1,0,>50,44.166666666666664,2.0,0.0,0.0,-1,123,4892.705,0.08,0.5,0.0,0.0,0.0,0,0,0.0,0.0,0,0,0.0,0.0,0,0,0.0,9785.41,2,0,0.0,1
LGS2ORD0029951,C017845,2025-08-26 04:00:00,Male,25,Gold,Web,Chiang Mai,304,Shopee,COD,4,8,1,0,20-30,10.133333333333333,3.0,2.0,0.6666666666666666,31,6,10465.43,0.2299999999999999,0.3333333333333333,0.3333333333333333,0.0,6920.14,1,0,0.0,6920.14,1,0,0.0,21950.98,2,1,0.5,31396.29,3,2,0.6666666666666666,0
LGS2ORD0029952,C017447,2025-08-26 05:00:00,Female,36,Gold,Lazada,Chonburi,1332,Web,Credit_Card,5,8,1,0,30-40,44.4,3.0,1.0,0.3333333333333333,127,5,9339.92,0.2299999999999999,0.6666666666666666,0.3333333333333333,0.0,4823.14,1,0,0.0,4823.14,1,0,0.0,24576.66,2,0,0.0,28019.76,3,1,0.3333333333333333,0
LGS2ORD0029953,C013771,2025-08-26 05:00:00,Male,39,Platinum,Web,Bangkok,775,Shopee,Credit_Card,5,8,1,0,30-40,25.833333333333332,6.0,2.0,0.3333333333333333,9,26,6450.026666666668,0.35,0.3333333333333333,0.8333333333333334,0.0,0.0,0,0,0.0,1005.19,1,1,1.0,19802.94,3,1,0.3333333333333333,38700.16,6,2,0.3333333333333333,1
LGS2ORD0029954,C016889,2025-08-26 05:00:00,Male,47,Bronze,Shopee,Chonburi,810,Lazada,PromptPay,5,8,1,0,40-50,27.0,7.0,0.0,0.0,-1,6,2171.5442857142857,0.18,0.2857142857142857,0.0,0.0,2069.42,1,0,0.0,2069.42,1,0,0.0,2069.42,1,0,0.0,15200.81,7,0,0.0,0
LGS2ORD0029955,C010228,2025-08-26 05:00:00,Male,43,Bronze,TV,Songkhla,1653,TV_Show,COD,5,8,1,0,40-50,55.1,5.0,1.0,0.2,53,42,4869.494000000001,0.08,0.2,0.0,0.0,0.0,0,0,0.0,0.0,0,0,0.0,20301.72,3,1,0.3333333333333333,24347.47,5,1,0.2,0
LGS2ORD0029956,C015738,2025-08-26 05:00:00,Male,30,Platinum,Shopee,Khon Kaen,1579,TV_Show,COD,5,8,1,0,20-30,52.63333333333333,4.0,2.0,0.5,31,26,2750.6825,0.35,0.25,0.75,0.0,0.0,0,0,0.0,4226.53,1,0,0.0,8085.54,2,1,0.5,11002.73,4,2,0.5,0
LGS2ORD0029957,C010083,2025-08-26 06:00:00,Male,45,Gold,TV,Khon Kaen,392,Lazada,COD,6,8,1,0,40-50,13.066666666666666,7.0,1.0,0.14285714285714285,159,40,4256.7300000000005,0.28,0.5714285714285714,0.2857142857142857,0.0,0.0,0,0,0.0,0.0,0,0,0.0,8984.880000000001,2,0,0.0,29797.11,7,1,0.14285714285714285,0
LGS2ORD0029958,C011284,2025-08-26 06:00:00,Female,46,Bronze,TV,Remote_Area,1475,Web,Credit_Card,6,8,1,0,40-50,49.166666666666664,6.0,2.0,0.3333333333333333,139,84,7382.495,0.28,0.5,0.3333333333333333,0.0,0.0,0,0,0.0,0.0,0,0,0.0,3198.93,1,0,0.0,44294.97,6,2,0.3333333333333333,1
LGS2ORD0029959,C016194,2025-08-26 06:00:00,Male,44,Bronze,Web,Chonburi,854,TV_Show,COD,6,8,1,0,40-50,28.466666666666665,3.0,2.0,0.6666666666666666,78,78,3351.94,0.23,0.6666666666666666,0.6666666666666666,0.0,0.0,0,0,0.0,0.0,0,0,0.0,8221.68,2,1,0.5,10055.82,3,2,0.6666666666666666,0
LGS2ORD0029960,C016323,2025-08-26 06:00:00,Female,39,Silver,CallCenter,Remote_Area,1297,CallCenter,Credit_Card,6,8,1,0,30-40,43.233333333333334,1.0,1.0,1.0,71,80,1576.82,0.25,1.0,1.0,0.0,0.0,0,0,0.0,0.0,0,0,0.0,1576.82,1,1,1.0,1576.82,1,1,1.0,1
LGS2ORD0029961,C010113,2025-08-26 06:00:00,Female,52,Bronze,Lazada,Remote_Area,1606,Web,PromptPay,6,8,1,0,>50,53.53333333333333,3.0,1.0,0.3333333333333333,12,14,8051.52,0.03,0.3333333333333333,0.0,0.0,0.0,0,0,0.0,7350.73,2,1,0.5,7350.73,2,1,0.5,24154.56,3,1,0.3333333333333333,0
LGS2ORD0029962,C010517,2025-08-26 07:00:00,Female,55,Bronze,Lazada,Songkhla,1661,CallCenter,COD,7,8,1,0,>50,55.36666666666667,4.0,1.0,0.25,65,73,6414.33,0.23,1.0,0.25,0.0,0.0,0,0,0.0,0.0,0,0,0.0,22218.56,2,1,0.5,25657.32,4,1,0.25,0
LGS2ORD0029963,C011813,2025-08-26 07:00:00,Male,34,Bronze,Shopee,Bangkok,1498,TV_Show,COD,7,8,1,0,30-40,49.93333333333333,5.0,1.0,0.2,133,126,3177.8019999999997,0.23,0.6,0.4,0.0,0.0,0,0,0.0,0.0,0,0,0.0,0.0,0,0,0.0,15889.009999999998,5,1,0.2,0
LGS2ORD0029964,C016965,2025-08-26 07:00:00,Female,50,Silver,TV,Chiang Mai,276,Lazada,COD,7,8,1,0,40-50,9.2,7.0,2.0,0.2857142857142857,24,30,8346.68,0.2,0.7142857142857143,0.0,0.0,0.0,0,0,0.0,0.0,0,0,0.0,32315.809999999998,3,1,0.3333333333333333,58426.76,7,2,0.2857142857142857,0
LGS2ORD0029965,C011910,2025-08-26 07:00:00,Female,31,Silver,TV,Chonburi,1381,TV_Show,Credit_Card,7,8,1,0,30-40,46.03333333333333,4.0,1.0,0.25,108,72,4299.0275,0.25,0.0,0.25,0.0,0.0,0,0,0.0,0.0,0,0,0.0,1961.71,1,0,0.0,17196.11,4,1,0.25,0
LGS2ORD0029966,C010766,2025-08-26 07:00:00,Female,42,Bronze,Shopee,Chiang Mai,831,Web,COD,7,8,1,0,40-50,27.7,4.0,1.0,0.25,186,7,6507.3225,0.23,0.75,0.25,0.0,0.0,0,0,0.0,5610.44,1,0,0.0,11129.14,2,0,0.0,26029.29,4,1,0.25,1
LGS2ORD0029967,C017531,2025-08-26 07:00:00,Male,27,Silver,CallCenter,Nakhon Ratchasima,843,TV_Show,COD,7,8,1,0,20-30,28.1,3.0,1.0,0.3333333333333333,141,153,6645.37,0.2,0.3333333333333333,0.0,0.0,0.0,0,0,0.0,0.0,0,0,0.0,0.0,0,0,0.0,19936.11,3,1,0.3333333333333333,0
LGS2ORD0029968,C017791,2025-08-26 08:00:00,Female,60,Gold,Web,Nakhon Ratchasima,1681,Lazada,Credit_Card,8,8,1,0,>50,56.03333333333333,3.0,0.0,0.0,-1,4,4670.303333333332,0.13,0.0,0.0,0.0,3476.14,1,0,0.0,3476.14,1,0,0.0,11963.099999999999,2,0,0.0,14010.909999999998,3,0,0.0,0
LGS2ORD0029969,C011898,2025-08-26 08:00:00,Female,22,Platinum,TV,Bangkok,557,Web,COD,8,8,1,0,20-30,18.566666666666666,1.0,0.0,0.0,-1,104,9720.55,0.1,0.0,0.0,0.0,0.0,0,0,0.0,0.0,0,0,0.0,0.0,0,0,0.0,9720.55,1,0,0.0,0
LGS2ORD0029970,C016810,2025-08-26 08:00:00,Female,46,Bronze,Shopee,Nakhon Ratchasima,1694,Shopee,COD,8,8,1,0,40-50,56.46666666666667,2.0,0.0,0.0,-1,71,6323.575,0.03,0.0,0.0,0.0,0.0,0,0,0.0,0.0,0,0,0.0,8086.67,1,0,0.0,12647.15,2,0,0.0,0
LGS2ORD0029971,C014704,2025-08-26 08:00:00,Other,52,Bronze,Lazada,Bangkok,1694,TV_Show,Credit_Card,8,8,1,0,>50,56.46666666666667,2.0,1.0,0.5,155,93,3058.43,0.13,0.0,0.0,0.0,0.0,0,0,0.0,0.0,0,0,0.0,0.0,0,0,0.0,6116.86,2,1,0.5,0
LGS2ORD0029972,C017085,2025-08-26 08:00:00,Female,50,Bronze,Web,Bangkok,1260,Shopee,COD,8,8,1,0,40-50,42.0,0.0,0.0,0.0,-1,-1,0.0,0.0,0.0,0.0,0.0,0.0,0,0,0.0,0.0,0,0,0.0,0.0,0,0,0.0,0.0,0,0,0.0,0
LGS2ORD0029973,C011149,2025-08-26 09:00:00,Male,48,Bronze,TV,Chonburi,1684,TV_Show,COD,9,8,1,0,40-50,56.13333333333333,3.0,0.0,0.0,-1,0,11822.789999999999,0.23,0.3333333333333333,0.3333333333333333,0.0,955.77,1,0,0.0,955.77,1,0,0.0,955.77,1,0,0.0,35468.369999999995,3,0,0.0,0
LGS2ORD0029974,C010672,2025-08-26 09:00:00,Female,40,Gold,Web,Bangkok,534,Lazada,COD,9,8,1,0,30-40,17.8,1.0,1.0,1.0,118,128,2826.1,0.28,1.0,1.0,0.0,0.0,0,0,0.0,0.0,0,0,0.0,0.0,0,0,0.0,2826.1,1,1,1.0,0
LGS2ORD0029975,C013847,2025-08-26 09:00:00,Female,49,Bronze,Shopee,Chonburi,1326,TV_Show,COD,9,8,1,0,40-50,44.2,2.0,0.0,0.0,-1,210,5543.1900000000005,0.28,0.0,0.5,0.0,0.0,0,0,0.0,0.0,0,0,0.0,0.0,0,0,0.0,11086.380000000001,2,0,0.0,1
LGS2ORD0029976,C016988,2025-08-26 09:00:00,Male,36,Bronze,TV,Phuket,1031,Shopee,COD,9,8,1,0,30-40,34.36666666666667,5.0,2.0,0.4,159,61,4547.884,0.28,0.6,0.4,0.0,0.0,0,0,0.0,0.0,0,0,0.0,1205.33,1,0,0.0,22739.42,5,2,0.4,1
LGS2ORD0029977,C011840,2025-08-26 09:00:00,Female,48,Platinum,Lazada,Bangkok,1209,TV_Show,PromptPay,9,8,1,0,40-50,40.3,1.0,0.0,0.0,-1,226,7148.34,0.2,0.0,0.0,0.0,0.0,0,0,0.0,0.0,0,0,0.0,0.0,0,0,0.0,7148.34,1,0,0.0,0
LGS2ORD0029978,C017693,2025-08-26 10:00:00,Female,44,Bronze,CallCenter,Phuket,530,Shopee,COD,10,8,1,0,40-50,17.666666666666668,3.0,1.0,0.3333333333333333,149,54,2905.66,0.23,0.3333333333333333,0.3333333333333333,0.0,0.0,0,0,0.0,0.0,0,0,0.0,6605.200000000001,2,0,0.0,8716.98,3,1,0.3333333333333333,0
LGS2ORD0029979,C013360,2025-08-26 10:00:00,Other,38,Bronze,Web,Chiang Mai,1548,TV_Show,PromptPay,10,8,1,0,30-40,51.6,5.0,2.0,0.4,34,15,5177.18,0.23,0.8,0.2,0.0,0.0,0,0,0.0,7227.95,1,0,0.0,21036.96,3,1,0.3333333333333333,25885.9,5,2,0.4,0
LGS2ORD0029980,C016484,2025-08-26 10:00:00,Female,29,Silver,Lazada,Bangkok,1429,Lazada,Credit_Card,10,8,1,0,20-30,47.63333333333333,1.0,0.0,0.0,-1,70,781.51,0.15,1.0,0.0,0.0,0.0,0,0,0.0,0.0,0,0,0.0,781.51,1,0,0.0,781.51,1,0,0.0,0
LGS2ORD0029981,C010715,2025-08-26 10:00:00,Male,66,Silver,Lazada,Bangkok,454,TV_Show,PromptPay,10,8,1,0,>50,15.133333333333333,2.0,1.0,0.5,-10,3,1299.115,0.15,0.5,0.0,0.0,1917.33,1,1,1.0,1917.33,1,1,1.0,2598.23,2,1,0.5,2598.23,2,1,0.5,0
LGS2ORD0029982,C017308,2025-08-26 10:00:00,Female,45,Bronze,Shopee,Nakhon Ratchasima,1550,Lazada,COD,10,8,1,0,40-50,51.666666666666664,5.0,2.0,0.4,68,15,3079.926,0.28,0.6,0.2,0.0,0.0,0,0,0.0,1465.68,1,0,0.0,3229.37,2,1,0.5,15399.63,5,2,0.4,0
LGS2ORD0029983,C013234,2025-08-26 10:00:00,Female,31,Silver,Lazada,Bangkok,1504,Web,COD,10,8,1,0,30-40,50.13333333333333,1.0,0.0,0.0,-1,98,1622.35,0.25,0.0,1.0,0.0,0.0,0,0,0.0,0.0,0,0,0.0,0.0,0,0,0.0,1622.35,1,0,0.0,0
LGS2ORD0029984,C010604,2025-08-26 11:00:00,Female,50,Silver,Shopee,Chonburi,672,TV_Show,COD,11,8,1,0,40-50,22.4,7.0,1.0,0.14285714285714285,1,15,9669.424285714285,0.3,0.42857142857142855,0.5714285714285714,0.0,0.0,0,0,0.0,8051.52,1,1,1.0,28172.68,3,1,0.3333333333333333,67685.97,7,1,0.14285714285714285,0
LGS2ORD0029985,C010461,2025-08-26 11:00:00,Female,39,Gold,Shopee,Chonburi,1076,CallCenter,COD,11,8,1,0,30-40,35.86666666666667,5.0,0.0,0.0,-1,59,6382.795999999999,0.33,0.2,0.8,0.0,0.0,0,0,0.0,0.0,0,0,0.0,18125.36,3,0,0.0,31913.979999999996,5,0,0.0,0
LGS2ORD0029986,C017771,2025-08-26 11:00:00,Female,46,Bronze,CallCenter,Remote_Area,505,Shopee,COD,11,8,1,0,40-50,16.833333333333332,6.0,0.0,0.0,-1,46,6373.273333333334,0.18,0.16666666666666666,0.0,0.0,0.0,0,0,0.0,0.0,0,0,0.0,22703.33,3,0,0.0,38239.64000000001,6,0,0.0,1
LGS2ORD0029987,C017601,2025-08-26 11:00:00,Female,40,Bronze,Lazada,Bangkok,820,TV_Show,Credit_Card,11,8,1,0,30-40,27.333333333333332,2.0,1.0,0.5,30,44,1270.805,0.23,1.0,0.5,0.0,0.0,0,0,0.0,0.0,0,0,0.0,1420.46,1,1,1.0,2541.61,2,1,0.5,0
LGS2ORD0029988,C010990,2025-08-26 11:00:00,Other,38,Bronze,Shopee,Bangkok,1643,Lazada,Credit_Card,11,8,1,0,30-40,54.766666666666666,3.0,1.0,0.3333333333333333,65,33,7508.599999999999,0.18,1.0,0.0,0.0,0.0,0,0,0.0,0.0,0,0,0.0,15120.48,2,1,0.5,22525.8,3,1,0.3333333333333333,0
LGS2ORD0029989,C011468,2025-08-26 12:00:00,Female,34,Gold,Lazada,Chiang Mai,1368,TV_Show,Credit_Card,12,8,1,0,30-40,45.6,2.0,0.0,0.0,-1,22,1508.4,0.18,0.0,0.0,0.0,0.0,0,0,0.0,1669.61,1,0,0.0,1669.61,1,0,0.0,3016.8,2,0,0.0,0
LGS2ORD0029990,C010392,2025-08-26 12:00:00,Female,46,Bronze,Shopee,Bangkok,594,TV_Show,Credit_Card,12,8,1,0,40-50,19.8,3.0,0.0,0.0,-1,50,7230.576666666668,0.28,0.3333333333333333,0.6666666666666666,0.0,0.0,0,0,0.0,0.0,0,0,0.0,1334.92,1,0,0.0,21691.730000000003,3,0,0.0,0
LGS2ORD0029991,C012456,2025-08-26 12:00:00,Male,29,Bronze,TV,Remote_Area,1401,TV_Show,COD,12,8,1,0,20-30,46.7,8.0,5.0,0.625,46,54,3733.9674999999997,0.23,0.5,0.25,0.0,0.0,0,0,0.0,0.0,0,0,0.0,16274.24,5,3,0.6,29871.739999999998,8,5,0.625,0
LGS2ORD0029992,C011227,2025-08-26 12:00:00,Male,44,Bronze,Web,Bangkok,798,TV_Show,COD,12,8,1,0,40-50,26.6,2.0,0.0,0.0,-1,29,11985.305,0.08,0.5,0.0,0.0,0.0,0,0,0.0,19771.83,1,0,0.0,23970.61,2,0,0.0,23970.61,2,0,0.0,1
LGS2ORD0029993,C011341,2025-08-26 12:00:00,Female,59,Bronze,Web,Bangkok,1156,Lazada,PromptPay,12,8,1,0,>50,38.53333333333333,5.0,1.0,0.2,135,73,2355.516,0.18,0.4,0.0,0.0,0.0,0,0,0.0,0.0,0,0,0.0,4163.74,1,0,0.0,11777.58,5,1,0.2,0
LGS2ORD0029994,C014322,2025-08-26 13:00:00,Male,45,Bronze,Shopee,Nakhon Ratchasima,702,Lazada,COD,13,8,1,0,40-50,23.4,3.0,1.0,0.3333333333333333,141,10,6418.966666666667,0.28,1.0,0.6666666666666666,0.0,0.0,0,0,0.0,1340.0,1,0,0.0,1340.0,1,0,0.0,19256.9,3,1,0.3333333333333333,1
LGS2ORD0029995,C010702,2025-08-26 13:00:00,Male,39,Silver,Shopee,Nakhon Ratchasima,817,CallCenter,Credit_Card,13,8,1,0,30-40,27.233333333333334,3.0,1.0,0.3333333333333333,109,85,7117.376666666667,0.2,0.3333333333333333,0.0,0.0,0.0,0,0,0.0,0.0,0,0,0.0,17958.47,1,0,0.0,21352.13,3,1,0.3333333333333333,0
LGS2ORD0029996,C017737,2025-08-26 13:00:00,Female,26,Gold,Web,Khon Kaen,296,TV_Show,PromptPay,13,8,1,0,20-30,9.866666666666667,1.0,0.0,0.0,-1,4,1859.8,0.08,1.0,0.0,0.0,1859.8,1,0,0.0,1859.8,1,0,0.0,1859.8,1,0,0.0,1859.8,1,0,0.0,0
LGS2ORD0029997,C013574,2025-08-26 13:00:00,Female,50,Bronze,Web,Chiang Mai,824,TV_Show,COD,13,8,1,0,40-50,27.466666666666665,3.0,0.0,0.0,-1,22,3901.1633333333334,0.18,0.6666666666666666,0.0,0.0,0.0,0,0,0.0,566.23,1,0,0.0,566.23,1,0,0.0,11703.49,3,0,0.0,0
LGS2ORD0029998,C015796,2025-08-26 13:00:00,Male,60,Bronze,Lazada,Bangkok,258,Shopee,Credit_Card,13,8,1,0,>50,8.6,4.0,1.0,0.25,27,8,5113.2775,0.28,0.25,0.5,0.0,0.0,0,0,0.0,3199.18,1,0,0.0,4469.639999999999,2,1,0.5,20453.11,4,1,0.25,0
LGS2ORD0029999,C011609,2025-08-26 14:00:00,Male,63,Silver,TV,Bangkok,1423,Lazada,Credit_Card,14,8,1,0,>50,47.43333333333333,6.0,1.0,0.16666666666666666,62,3,6768.471666666667,0.25,0.8333333333333334,0.16666666666666666,0.0,1465.22,1,0,0.0,10008.41,2,0,0.0,36488.16,4,1,0.25,40610.83,6,1,0.16666666666666666,0
LGS2ORD0030000,C014473,2025-08-26 14:00:00,Female,47,Gold,Shopee,Bangkok,590,Shopee,Credit_Card,14,8,1,0,40-50,19.666666666666668,2.0,0.0,0.0,-1,44,4660.515,0.33,0.0,0.5,0.0,0.0,0,0,0.0,0.0,0,0,0.0,5871.22,1,0,0.0,9321.03,2,0,0.0,0
LGS2ORD0030001,C015527,2025-08-26 14:00:00,Male,58,Bronze,Lazada,Bangkok,422,Lazada,COD,14,8,1,0,>50,14.066666666666666,3.0,1.0,0.3333333333333333,6,10,3756.683333333333,0.28,0.0,0.3333333333333333,0.0,0.0,0,0,0.0,9607.32,1,1,1.0,9607.32,1,1,1.0,11270.05,3,1,0.3333333333333333,0
LGS2ORD0030002,C014486,2025-08-26 14:00:00,Male,38,Bronze,TV,Khon Kaen,741,TV_Show,COD,14,8,1,0,30-40,24.7,3.0,1.0,0.3333333333333333,167,58,1315.3066666666666,0.23,0.6666666666666666,0.3333333333333333,0.0,0.0,0,0,0.0,0.0,0,0,0.0,423.02,1,0,0.0,3945.9199999999996,3,1,0.3333333333333333,1
LGS2ORD0030003,C017514,2025-08-26 14:00:00,Female,44,Gold,Lazada,Bangkok,401,Shopee,Credit_Card,14,8,1,0,40-50,13.366666666666667,2.0,1.0,0.5,21,30,7562.075,0.18,1.0,0.0,0.0,0.0,0,0,0.0,5730.77,1,1,1.0,15124.15,2,1,0.5,15124.15,2,1,0.5,0
LGS2ORD0030004,C010286,2025-08-26 14:00:00,Male,57,Silver,Lazada,Nakhon Ratchasima,572,TV_Show,COD,14,8,1,0,>50,19.066666666666666,4.0,0.0,0.0,-1,205,5627.342500000001,0.25,0.25,0.25,0.0,0.0,0,0,0.0,0.0,0,0,0.0,0.0,0,0,0.0,22509.370000000003,4,0,0.0,0
LGS2ORD0030005,C011501,2025-08-26 15:00:00,Female,56,Bronze,TV,Remote_Area,1147,Shopee,COD,15,8,1,0,>50,38.233333333333334,6.0,1.0,0.16666666666666666,224,2,7694.554999999999,0.28,0.6666666666666666,0.3333333333333333,0.0,3372.06,1,0,0.0,3372.06,1,0,0.0,11420.55,2,0,0.0,46167.329999999994,6,1,0.16666666666666666,0
LGS2ORD0030006,C012029,2025-08-26 15:00:00,Male,35,Bronze,Web,Bangkok,276,Shopee,Credit_Card,15,8,1,0,30-40,9.2,2.0,0.0,0.0,-1,3,1978.275,0.08,0.5,0.0,0.0,2154.51,1,0,0.0,2154.51,1,0,0.0,2154.51,1,0,0.0,3956.55,2,0,0.0,0
LGS2ORD0030007,C015703,2025-08-26 15:00:00,Female,32,Silver,TV,Nakhon Ratchasima,778,Shopee,COD,15,8,1,0,30-40,25.933333333333334,3.0,1.0,0.3333333333333333,77,61,2754.2433333333333,0.2,1.0,0.0,0.0,0.0,0,0,0.0,0.0,0,0,0.0,6917.64,2,0,0.0,8262.73,3,1,0.3333333333333333,0
LGS2ORD0030008,C010964,2025-08-26 15:00:00,Male,39,Silver,Shopee,Bangkok,894,Lazada,COD,15,8,1,0,30-40,29.8,0.0,0.0,0.0,-1,-1,0.0,0.0,0.0,0.0,0.0,0.0,0,0,0.0,0.0,0,0,0.0,0.0,0,0,0.0,0.0,0,0,0.0,0
LGS2ORD0030009,C013334,2025-08-26 15:00:00,Female,59,Bronze,Web,Bangkok,481,TV_Show,COD,15,8,1,0,>50,16.033333333333335,7.0,2.0,0.2857142857142857,38,48,5721.74,0.28,0.5714285714285714,0.42857142857142855,0.0,0.0,0,0,0.0,0.0,0,0,0.0,35698.96,6,2,0.3333333333333333,40052.18,7,2,0.2857142857142857,1
LGS2ORD0030010,C010241,2025-08-26 16:00:00,Male,40,Bronze,Lazada,Bangkok,967,Web,PromptPay,16,8,1,0,30-40,32.233333333333334,5.0,1.0,0.2,172,149,3648.04,0.18,0.4,0.0,0.0,0.0,0,0,0.0,0.0,0,0,0.0,0.0,0,0,0.0,18240.2,5,1,0.2,0
LGS2ORD0030011,C010975,2025-08-26 16:00:00,Female,51,Gold,Lazada,Chiang Mai,659,Shopee,Credit_Card,16,8,1,0,>50,21.966666666666665,5.0,1.0,0.2,205,18,3768.9139999999998,0.33,0.0,1.0,0.0,0.0,0,0,0.0,8198.89,1,0,0.0,8198.89,1,0,0.0,18844.57,5,1,0.2,1
LGS2ORD0030012,C014491,2025-08-26 16:00:00,Other,26,Bronze,Web,Songkhla,1689,TV_Show,Credit_Card,16,8,1,0,20-30,56.3,4.0,3.0,0.75,10,17,6630.8975,0.23,0.5,0.25,0.0,0.0,0,0,0.0,1062.51,1,1,1.0,1062.51,1,1,1.0,26523.59,4,3,0.75,1
LGS2ORD0030013,C010610,2025-08-26 16:00:00,Female,53,Gold,Web,Phuket,1553,TV_Show,COD,16,8,1,0,>50,51.766666666666666,3.0,0.0,0.0,-1,182,7805.9766666666665,0.2299999999999999,0.3333333333333333,0.3333333333333333,0.0,0.0,0,0,0.0,0.0,0,0,0.0,0.0,0,0,0.0,23417.93,3,0,0.0,1
LGS2ORD0030014,C016147,2025-08-26 16:00:00,Female,61,Bronze,TV,Bangkok,903,Web,COD,16,8,1,0,>50,30.1,5.0,2.0,0.4,42,46,10331.302,0.28,0.6,0.4,0.0,0.0,0,0,0.0,0.0,0,0,0.0,3475.58,1,1,1.0,51656.509999999995,5,2,0.4,0
LGS2ORD0030015,C016869,2025-08-26 17:00:00,Male,52,Bronze,Shopee,Khon Kaen,1101,Shopee,COD,17,8,1,0,>50,36.7,5.0,0.0,0.0,-1,21,3370.754,0.28,0.8,0.6,0.0,0.0,0,0,0.0,2540.29,1,0,0.0,6456.52,3,0,0.0,16853.77,5,0,0.0,0
LGS2ORD0030016,C011344,2025-08-26 17:00:00,Female,44,Bronze,Web,Nakhon Ratchasima,334,TV_Show,COD,17,8,1,0,40-50,11.133333333333333,1.0,0.0,0.0,-1,154,1906.41,0.03,0.0,0.0,0.0,0.0,0,0,0.0,0.0,0,0,0.0,0.0,0,0,0.0,1906.41,1,0,0.0,0
LGS2ORD0030017,C013163,2025-08-26 17:00:00,Female,48,Bronze,Shopee,Chiang Mai,543,Shopee,COD,17,8,1,0,40-50,18.1,3.0,1.0,0.3333333333333333,185,50,8131.793333333334,0.13,0.3333333333333333,0.0,0.0,0.0,0,0,0.0,0.0,0,0,0.0,5205.09,1,0,0.0,24395.38,3,1,0.3333333333333333,0
LGS2ORD0030018,C010235,2025-08-26 17:00:00,Female,42,Bronze,TV,Remote_Area,650,CallCenter,COD,17,8,1,0,40-50,21.666666666666668,2.0,1.0,0.5,206,60,2491.58,0.18,1.0,0.0,0.0,0.0,0,0,0.0,0.0,0,0,0.0,1511.64,1,0,0.0,4983.16,2,1,0.5,0
LGS2ORD0030019,C015921,2025-08-26 17:00:00,Male,47,Bronze,TV,Khon Kaen,1670,TV_Show,Credit_Card,17,8,1,0,40-50,55.666666666666664,7.0,1.0,0.14285714285714285,165,59,5381.755714285714,0.28,0.5714285714285714,0.42857142857142855,0.0,0.0,0,0,0.0,0.0,0,0,0.0,6279.01,2,0,0.0,37672.29,7,1,0.14285714285714285,0
LGS2ORD0030020,C014547,2025-08-26 18:00:00,Female,30,Bronze,TV,Chonburi,861,Lazada,COD,18,8,1,0,20-30,28.7,4.0,1.0,0.25,221,89,4096.5925,0.18,0.75,0.0,0.0,0.0,0,0,0.0,0.0,0,0,0.0,1202.41,1,0,0.0,16386.37,4,1,0.25,1
LGS2ORD0030021,C013790,2025-08-26 18:00:00,Female,65,Bronze,Shopee,Songkhla,1678,Shopee,COD,18,8,1,0,>50,55.93333333333333,2.0,2.0,1.0,38,44,20134.85,0.08,0.5,0.0,0.0,0.0,0,0,0.0,0.0,0,0,0.0,40269.7,2,2,1.0,40269.7,2,2,1.0,0
LGS2ORD0030022,C011245,2025-08-26 18:00:00,Male,46,Platinum,Web,Bangkok,261,Shopee,Credit_Card,18,8,1,0,40-50,8.7,2.0,1.0,0.5,126,122,5042.795,0.35,0.5,1.0,0.0,0.0,0,0,0.0,0.0,0,0,0.0,0.0,0,0,0.0,10085.59,2,1,0.5,0
LGS2ORD0030023,C010016,2025-08-26 18:00:00,Male,39,Silver,Web,Chonburi,1007,Web,Bank_Transfer,18,8,1,0,30-40,33.56666666666667,7.0,1.0,0.14285714285714285,183,20,4013.694285714286,0.3,0.42857142857142855,0.2857142857142857,0.0,0.0,0,0,0.0,7059.87,1,0,0.0,11721.279999999999,3,0,0.0,28095.86,7,1,0.14285714285714285,0
LGS2ORD0030024,C010464,2025-08-26 18:00:00,Female,45,Gold,CallCenter,Bangkok,412,Shopee,Credit_Card,18,8,1,0,40-50,13.733333333333333,5.0,0.0,0.0,-1,27,2004.4560000000001,0.2299999999999999,0.4,0.8,0.0,0.0,0,0,0.0,1984.61,1,0,0.0,1984.61,1,0,0.0,10022.28,5,0,0.0,0
LGS2ORD0030025,C017862,2025-08-26 18:00:00,Female,42,Bronze,Shopee,Khon Kaen,744,Web,COD,18,8,1,0,40-50,24.8,7.0,2.0,0.2857142857142857,217,3,7678.732857142856,0.28,0.5714285714285714,0.2857142857142857,0.0,278.63,1,0,0.0,278.63,1,0,0.0,13746.83,3,0,0.0,53751.12999999999,7,2,0.2857142857142857,0
LGS2ORD0030026,C017339,2025-08-26 19:00:00,Male,42,Gold,TV,Phuket,1422,TV_Show,COD,19,8,1,0,40-50,47.4,10.0,2.0,0.2,64,27,5333.076,0.28,0.3,0.2,0.0,0.0,0,0,0.0,2175.44,1,0,0.0,14423.500000000002,4,1,0.25,53330.76,10,2,0.2,1
LGS2ORD0030027,C014809,2025-08-26 19:00:00,Male,55,Bronze,TV,Phuket,1230,Web,COD,19,8,1,0,>50,41.0,3.0,2.0,0.6666666666666666,98,110,5858.94,0.23,0.6666666666666666,0.3333333333333333,0.0,0.0,0,0,0.0,0.0,0,0,0.0,0.0,0,0,0.0,17576.82,3,2,0.6666666666666666,0
LGS2ORD0030028,C013158,2025-08-26 19:00:00,Male,51,Silver,Shopee,Chonburi,1019,TV_Show,PromptPay,19,8,1,0,>50,33.96666666666667,4.0,1.0,0.25,207,75,3097.8575,0.3,0.0,0.25,0.0,0.0,0,0,0.0,0.0,0,0,0.0,3753.27,1,0,0.0,12391.43,4,1,0.25,0
LGS2ORD0030029,C011924,2025-08-26 19:00:00,Female,32,Bronze,TV,Chonburi,512,Shopee,Credit_Card,19,8,1,0,30-40,17.066666666666666,6.0,2.0,0.3333333333333333,166,79,9391.288333333334,0.28,0.3333333333333333,0.5,0.0,0.0,0,0,0.0,0.0,0,0,0.0,16736.9,2,0,0.0,56347.73,6,2,0.3333333333333333,1
LGS2ORD0030030,C013540,2025-08-26 19:00:00,Other,40,Silver,CallCenter,Bangkok,1467,Lazada,PromptPay,19,8,1,0,30-40,48.9,5.0,0.0,0.0,-1,6,2849.6679999999997,0.3,0.2,0.2,0.0,2581.35,1,0,0.0,4978.549999999999,2,0,0.0,11722.480000000001,4,0,0.0,14248.339999999998,5,0,0.0,0
LGS2ORD0030031,C015788,2025-08-26 20:00:00,Female,36,Bronze,Shopee,Phuket,847,Web,Credit_Card,20,8,1,0,30-40,28.233333333333334,3.0,1.0,0.3333333333333333,175,15,8890.016666666668,0.28,0.6666666666666666,0.3333333333333333,0.0,0.0,0,0,0.0,471.81,1,0,0.0,24478.890000000003,2,0,0.0,26670.050000000003,3,1,0.3333333333333333,1
LGS2ORD0030032,C015623,2025-08-26 20:00:00,Male,25,Silver,Shopee,Phuket,1381,TV_Show,COD,20,8,1,0,20-30,46.03333333333333,1.0,0.0,0.0,-1,138,6030.08,0.2,1.0,0.0,0.0,0.0,0,0,0.0,0.0,0,0,0.0,0.0,0,0,0.0,6030.08,1,0,0.0,1
LGS2ORD0030033,C015612,2025-08-26 20:00:00,Female,36,Silver,Web,Khon Kaen,1558,Shopee,Bank_Transfer,20,8,1,0,30-40,51.93333333333333,7.0,1.0,0.14285714285714285,56,7,2363.965714285714,0.2,0.42857142857142855,0.0,0.0,0.0,0,0,0.0,4090.94,2,0,0.0,4877.860000000001,3,1,0.3333333333333333,16547.76,7,1,0.14285714285714285,0
LGS2ORD0030034,C010137,2025-08-26 20:00:00,Female,43,Gold,Lazada,Chiang Mai,889,TV_Show,COD,20,8,1,0,40-50,29.633333333333333,12.0,4.0,0.3333333333333333,6,21,7513.352500000001,0.33,0.6666666666666666,0.6666666666666666,0.0,0.0,0,0,0.0,20141.39,2,2,1.0,40781.66,7,3,0.42857142857142855,90160.23000000001,12,4,0.3333333333333333,1
LGS2ORD0030035,C010138,2025-08-26 20:00:00,Female,26,Silver,Shopee,Bangkok,1616,Shopee,COD,20,8,1,0,20-30,53.86666666666667,7.0,0.0,0.0,-1,24,5164.7242857142855,0.25,0.8571428571428571,0.14285714285714285,0.0,0.0,0,0,0.0,4408.2,1,0,0.0,10702.869999999999,3,0,0.0,36153.07,7,0,0.0,0
LGS2ORD0030036,C012884,2025-08-26 21:00:00,Female,41,Platinum,TV,Bangkok,800,Web,COD,21,8,1,0,40-50,26.666666666666668,5.0,0.0,0.0,-1,60,7190.336,0.15,0.0,0.0,0.0,0.0,0,0,0.0,0.0,0,0,0.0,4115.29,1,0,0.0,35951.68,5,0,0.0,0
LGS2ORD0030037,C014642,2025-08-26 21:00:00,Male,60,Silver,Shopee,Phuket,1615,TV_Show,PromptPay,21,8,1,0,>50,53.833333333333336,5.0,1.0,0.2,171,3,5116.096,0.25,0.6,0.2,0.0,23011.94,1,0,0.0,23011.94,1,0,0.0,23439.67,2,0,0.0,25580.48,5,1,0.2,1
LGS2ORD0030038,C014289,2025-08-26 21:00:00,Male,28,Gold,Lazada,Bangkok,1041,Web,Credit_Card,21,8,1,0,20-30,34.7,2.0,0.0,0.0,-1,5,9344.904999999999,0.2299999999999999,0.0,0.5,0.0,8602.39,1,0,0.0,8602.39,1,0,0.0,8602.39,1,0,0.0,18689.809999999998,2,0,0.0,0
LGS2ORD0030039,C017711,2025-08-26 21:00:00,Male,47,Bronze,Shopee,Remote_Area,890,TV_Show,COD,21,8,1,0,40-50,29.666666666666668,5.0,3.0,0.6,-7,1,3832.136,0.28,0.2,0.4,0.0,4344.74,1,1,1.0,5628.54,2,1,0.5,5628.54,2,1,0.5,19160.68,5,3,0.6,1
LGS2ORD0030040,C011266,2025-08-26 21:00:00,Female,53,Bronze,Web,Remote_Area,1328,TV_Show,COD,21,8,1,0,>50,44.266666666666666,5.0,2.0,0.4,16,20,2521.12,0.23,0.4,0.2,0.0,0.0,0,0,0.0,1883.16,1,1,1.0,5623.7699999999995,3,1,0.3333333333333333,12605.599999999999,5,2,0.4,1
LGS2ORD0030041,C010710,2025-08-26 22:00:00,Female,23,Silver,Lazada,Khon Kaen,695,Lazada,PromptPay,22,8,1,0,20-30,23.166666666666668,2.0,1.0,0.5,202,207,6679.275,0.25,0.0,0.5,0.0,0.0,0,0,0.0,0.0,0,0,0.0,0.0,0,0,0.0,13358.55,2,1,0.5,1
LGS2ORD0030042,C017852,2025-08-26 22:00:00,Male,55,Bronze,Shopee,Khon Kaen,738,Lazada,COD,22,8,1,0,>50,24.6,6.0,0.0,0.0,-1,10,3230.8566666666666,0.28,0.5,0.16666666666666666,0.0,0.0,0,0,0.0,10205.83,3,0,0.0,10690.21,4,0,0.0,19385.14,6,0,0.0,0
LGS2ORD0030043,C010730,2025-08-26 22:00:00,Female,46,Silver,Lazada,Nakhon Ratchasima,404,Lazada,Credit_Card,22,8,1,0,40-50,13.466666666666667,4.0,0.0,0.0,-1,34,8574.5275,0.2,1.0,0.0,0.0,0.0,0,0,0.0,0.0,0,0,0.0,12139.85,1,0,0.0,34298.11,4,0,0.0,0
LGS2ORD0030044,C012686,2025-08-26 22:00:00,Female,64,Bronze,CallCenter,Bangkok,1410,TV_Show,Credit_Card,22,8,1,0,>50,47.0,3.0,0.0,0.0,-1,85,834.1766666666666,0.28,0.3333333333333333,0.3333333333333333,0.0,0.0,0,0,0.0,0.0,0,0,0.0,1352.8,1,0,0.0,2502.5299999999997,3,0,0.0,0
LGS2ORD0030045,C010667,2025-08-26 22:00:00,Other,72,Bronze,Shopee,Remote_Area,888,TV_Show,Credit_Card,22,8,1,0,>50,29.6,6.0,3.0,0.5,38,51,8527.166666666666,0.23,0.5,0.16666666666666666,0.16666666666666666,0.0,0,0,0.0,0.0,0,0,0.0,10479.720000000001,2,1,0.5,51163.0,6,3,0.5,0
LGS2ORD0030046,C014516,2025-08-26 22:00:00,Other,57,Bronze,Lazada,Chonburi,1008,TV_Show,COD,22,8,1,0,>50,33.6,4.0,1.0,0.25,199,93,5176.860000000001,0.28,1.0,0.5,0.0,0.0,0,0,0.0,0.0,0,0,0.0,0.0,0,0,0.0,20707.440000000002,4,1,0.25,1
LGS2ORD0030047,C013650,2025-08-26 23:00:00,Male,37,Bronze,Lazada,Khon Kaen,1505,Shopee,COD,23,8,1,0,30-40,50.166666666666664,6.0,1.0,0.16666666666666666,140,34,8712.893333333332,0.23,0.6666666666666666,0.3333333333333333,0.0,0.0,0,0,0.0,0.0,0,0,0.0,31068.02,3,0,0.0,52277.35999999999,6,1,0.16666666666666666,1
LGS2ORD0030048,C010137,2025-08-26 23:00:00,Female,43,Gold,Lazada,Chiang Mai,889,TV_Show,COD,23,8,1,0,40-50,29.633333333333333,13.0,5.0,0.38461538461538464,-6,0,7213.463846153847,0.33,0.6923076923076923,0.6923076923076923,0.0,3614.8,1,1,1.0,23756.19,3,3,1.0,44396.46000000001,8,4,0.5,93775.03000000001,13,5,0.38461538461538464,0
LGS2ORD0030049,C012283,2025-08-26 23:00:00,Female,45,Bronze,TV,Bangkok,387,TV_Show,Bank_Transfer,23,8,1,0,40-50,12.9,5.0,1.0,0.2,49,53,3477.6119999999996,0.28,0.8,0.2,0.0,0.0,0,0,0.0,0.0,0,0,0.0,4819.42,1,1,1.0,17388.059999999998,5,1,0.2,0
LGS2ORD0030050,C016939,2025-08-26 23:00:00,Male,27,Gold,Web,Khon Kaen,278,TV_Show,COD,23,8,1,0,20-30,9.266666666666667,1.0,0.0,0.0,-1,42,3362.33,0.18,0.0,0.0,0.0,0.0,0,0,0.0,0.0,0,0,0.0,3362.33,1,0,0.0,3362.33,1,0,0.0,1
LGS2ORD0030051,C011449,2025-08-26 23:00:00,Male,23,Gold,Lazada,Chiang Mai,1372,Web,COD,23,8,1,0,20-30,45.733333333333334,3.0,1.0,0.3333333333333333,164,6,3230.266666666667,0.33,0.6666666666666666,0.6666666666666666,0.0,1089.28,1,0,0.0,1089.28,1,0,0.0,1089.28,1,0,0.0,9690.800000000001,3,1,0.3333333333333333,0
LGS2ORD0030052,C010022,2025-08-27 00:00:00,Other,38,Bronze,Web,Remote_Area,1272,TV_Show,COD,0,8,2,0,30-40,42.4,2.0,1.0,0.5,139,15,8742.685,0.23,0.5,0.5,0.0,0.0,0,0,0.0,2898.12,1,0,0.0,2898.12,1,0,0.0,17485.37,2,1,0.5,1
LGS2ORD0030053,C016467,2025-08-27 00:00:00,Female,29,Gold,Shopee,Khon Kaen,1649,TV_Show,COD,0,8,2,0,20-30,54.96666666666667,9.0,1.0,0.1111111111111111,106,27,2318.1188888888887,0.33,0.5555555555555556,0.3333333333333333,0.0,0.0,0,0,0.0,1089.67,1,0,0.0,8977.27,5,0,0.0,20863.07,9,1,0.1111111111111111,1
LGS2ORD0030054,C016253,2025-08-27 00:00:00,Other,28,Bronze,Web,Phuket,1096,Lazada,Bank_Transfer,0,8,2,0,20-30,36.53333333333333,3.0,3.0,1.0,110,113,2346.7400000000002,0.18,0.6666666666666666,0.0,0.0,0.0,0,0,0.0,0.0,0,0,0.0,0.0,0,0,0.0,7040.22,3,3,1.0,0
LGS2ORD0030055,C013414,2025-08-27 00:00:00,Male,39,Silver,Lazada,Nakhon Ratchasima,564,TV_Show,Credit_Card,0,8,2,0,30-40,18.8,7.0,0.0,0.0,-1,81,2878.2871428571425,0.3,0.14285714285714285,0.2857142857142857,0.0,0.0,0,0,0.0,0.0,0,0,0.0,5272.47,1,0,0.0,20148.01,7,0,0.0,0
LGS2ORD0030056,C015270,2025-08-27 00:00:00,Male,49,Silver,TV,Khon Kaen,1408,Lazada,COD,0,8,2,0,40-50,46.93333333333333,5.0,1.0,0.2,98,103,4774.34,0.25,0.6,0.2,0.0,0.0,0,0,0.0,0.0,0,0,0.0,0.0,0,0,0.0,23871.7,5,1,0.2,0
LGS2ORD0030057,C014408,2025-08-27 01:00:00,Female,27,Silver,Shopee,Songkhla,643,Web,PromptPay,1,8,2,0,20-30,21.433333333333334,6.0,2.0,0.3333333333333333,10,20,5687.613333333332,0.3,0.3333333333333333,0.6666666666666666,0.0,0.0,0,0,0.0,6950.95,1,1,1.0,6950.95,1,1,1.0,34125.67999999999,6,2,0.3333333333333333,0
LGS2ORD0030058,C011894,2025-08-27 01:00:00,Female,65,Silver,TV,Chiang Mai,1542,Lazada,PromptPay,1,8,2,0,>50,51.4,2.0,0.0,0.0,-1,41,6058.785,0.25,0.0,0.5,0.0,0.0,0,0,0.0,0.0,0,0,0.0,12117.57,2,0,0.0,12117.57,2,0,0.0,1
LGS2ORD0030059,C016707,2025-08-27 01:00:00,Male,37,Bronze,Lazada,Chonburi,1090,Shopee,Credit_Card,1,8,2,0,30-40,36.333333333333336,2.0,1.0,0.5,187,149,1078.29,0.23,1.0,0.5,0.0,0.0,0,0,0.0,0.0,0,0,0.0,0.0,0,0,0.0,2156.58,2,1,0.5,0
LGS2ORD0030060,C017133,2025-08-27 01:00:00,Female,22,Gold,Shopee,Nakhon Ratchasima,1164,Web,PromptPay,1,8,2,0,20-30,38.8,4.0,1.0,0.25,115,23,7140.719999999999,0.18,0.25,0.0,0.0,0.0,0,0,0.0,3977.49,1,0,0.0,3977.49,1,0,0.0,28562.879999999997,4,1,0.25,1
LGS2ORD0030061,C011170,2025-08-27 01:00:00,Male,26,Silver,Web,Bangkok,1472,Shopee,Credit_Card,1,8,2,0,20-30,49.06666666666667,0.0,0.0,0.0,-1,-1,0.0,0.0,0.0,0.0,0.0,0.0,0,0,0.0,0.0,0,0,0.0,0.0,0,0,0.0,0.0,0,0,0.0,0
LGS2ORD0030062,C010197,2025-08-27 02:00:00,Male,57,Silver,TV,Khon Kaen,870,Web,COD,2,8,2,0,>50,29.0,4.0,0.0,0.0,-1,4,2109.6025,0.3,0.5,0.5,0.0,1300.81,1,0,0.0,3022.77,2,0,0.0,3022.77,2,0,0.0,8438.41,4,0,0.0,0
LGS2ORD0030063,C010728,2025-08-27 02:00:00,Female,53,Gold,Shopee,Songkhla,1688,Lazada,Bank_Transfer,2,8,2,0,>50,56.266666666666666,4.0,0.0,0.0,-1,3,3122.925,0.28,0.75,0.5,0.0,2047.33,1,0,0.0,2047.33,1,0,0.0,2590.59,2,0,0.0,12491.7,4,0,0.0,0
LGS2ORD0030064,C014840,2025-08-27 02:00:00,Female,47,Bronze,CallCenter,Chonburi,1037,CallCenter,Credit_Card,2,8,2,0,40-50,34.56666666666667,3.0,2.0,0.6666666666666666,81,39,9938.073333333334,0.13,0.6666666666666666,0.0,0.0,0.0,0,0,0.0,0.0,0,0,0.0,2147.76,1,0,0.0,29814.22,3,2,0.6666666666666666,0
LGS2ORD0030065,C017193,2025-08-27 02:00:00,Female,47,Gold,Web,Bangkok,418,TV_Show,PromptPay,2,8,2,0,40-50,13.933333333333334,3.0,0.0,0.0,-1,200,7396.2733333333335,0.18,0.3333333333333333,0.0,0.0,0.0,0,0,0.0,0.0,0,0,0.0,0.0,0,0,0.0,22188.82,3,0,0.0,0
LGS2ORD0030066,C010421,2025-08-27 02:00:00,Female,42,Bronze,Lazada,Songkhla,758,Web,Credit_Card,2,8,2,0,40-50,25.266666666666666,3.0,1.0,0.3333333333333333,126,51,3971.873333333333,0.23,0.0,0.6666666666666666,0.0,0.0,0,0,0.0,0.0,0,0,0.0,2197.16,1,0,0.0,11915.619999999999,3,1,0.3333333333333333,0
LGS2ORD0030067,C012426,2025-08-27 02:00:00,Female,53,Bronze,TV,Chonburi,383,TV_Show,COD,2,8,2,0,>50,12.766666666666667,8.0,2.0,0.25,148,31,3118.8137500000003,0.28,0.75,0.125,0.0,0.0,0,0,0.0,0.0,0,0,0.0,12702.24,5,0,0.0,24950.510000000002,8,2,0.25,0
LGS2ORD0030068,C013376,2025-08-27 03:00:00,Male,37,Silver,Lazada,Bangkok,404,Shopee,COD,3,8,2,0,30-40,13.466666666666667,2.0,1.0,0.5,85,92,1732.3200000000002,0.25,1.0,0.5,0.0,0.0,0,0,0.0,0.0,0,0,0.0,0.0,0,0,0.0,3464.6400000000003,2,1,0.5,0
LGS2ORD0030069,C013906,2025-08-27 03:00:00,Female,37,Bronze,Shopee,Bangkok,858,TV_Show,Credit_Card,3,8,2,0,30-40,28.6,7.0,2.0,0.2857142857142857,55,5,4166.722857142857,0.23,0.7142857142857143,0.42857142857142855,0.0,3709.99,1,0,0.0,3709.99,1,0,0.0,13012.31,5,1,0.2,29167.059999999998,7,2,0.2857142857142857,1
LGS2ORD0030070,C015653,2025-08-27 03:00:00,Female,34,Silver,Lazada,Remote_Area,1266,Lazada,Credit_Card,3,8,2,0,30-40,42.2,2.0,0.0,0.0,-1,219,6659.34,0.3,0.5,0.5,0.0,0.0,0,0,0.0,0.0,0,0,0.0,0.0,0,0,0.0,13318.68,2,0,0.0,0
LGS2ORD0030071,C011130,2025-08-27 03:00:00,Female,40,Silver,TV,Chiang Mai,1078,Lazada,COD,3,8,2,0,30-40,35.93333333333333,5.0,0.0,0.0,-1,46,6941.456,0.25,0.6,0.2,0.0,0.0,0,0,0.0,0.0,0,0,0.0,10871.2,2,0,0.0,34707.28,5,0,0.0,0
LGS2ORD0030072,C014199,2025-08-27 03:00:00,Other,58,Silver,TV,Khon Kaen,326,Lazada,Bank_Transfer,3,8,2,0,>50,10.866666666666667,3.0,0.0,0.0,-1,44,3105.1133333333332,0.2,0.3333333333333333,0.0,0.0,0.0,0,0,0.0,0.0,0,0,0.0,1425.59,2,0,0.0,9315.34,3,0,0.0,0
LGS2ORD0030073,C017351,2025-08-27 04:00:00,Female,31,Gold,Lazada,Bangkok,1511,Web,PromptPay,4,8,2,0,30-40,50.36666666666667,4.0,1.0,0.25,218,79,2175.1274999999996,0.28,0.25,0.25,0.0,0.0,0,0,0.0,0.0,0,0,0.0,3569.38,1,0,0.0,8700.509999999998,4,1,0.25,1
LGS2ORD0030074,C011197,2025-08-27 04:00:00,Male,32,Gold,Shopee,Remote_Area,1345,Web,COD,4,8,2,0,30-40,44.833333333333336,3.0,2.0,0.6666666666666666,70,83,3091.77,0.18,1.0,0.0,0.0,0.0,0,0,0.0,0.0,0,0,0.0,1030.59,1,1,1.0,9275.31,3,2,0.6666666666666666,0
LGS2ORD0030075,C015120,2025-08-27 04:00:00,Female,22,Silver,Web,Bangkok,1359,Web,Credit_Card,4,8,2,0,20-30,45.3,4.0,0.0,0.0,-1,170,7465.8150000000005,0.2,0.5,0.0,0.0,0.0,0,0,0.0,0.0,0,0,0.0,0.0,0,0,0.0,29863.260000000002,4,0,0.0,0
LGS2ORD0030076,C017180,2025-08-27 04:00:00,Male,45,Silver,Shopee,Khon Kaen,661,CallCenter,Bank_Transfer,4,8,2,0,40-50,22.033333333333335,2.0,0.0,0.0,-1,61,8317.994999999999,0.3,0.5,0.5,0.0,0.0,0,0,0.0,0.0,0,0,0.0,12849.06,1,0,0.0,16635.989999999998,2,0,0.0,0
LGS2ORD0030077,C014635,2025-08-27 04:00:00,Female,62,Bronze,TV,Nakhon Ratchasima,294,CallCenter,PromptPay,4,8,2,0,>50,9.8,7.0,2.0,0.2857142857142857,65,40,5131.978571428571,0.23,0.5714285714285714,0.2857142857142857,0.0,0.0,0,0,0.0,0.0,0,0,0.0,15242.12,3,1,0.3333333333333333,35923.85,7,2,0.2857142857142857,0
LGS2ORD0030078,C015677,2025-08-27 05:00:00,Male,24,Bronze,Lazada,Chonburi,454,Web,PromptPay,5,8,2,0,20-30,15.133333333333333,0.0,0.0,0.0,-1,-1,0.0,0.0,0.0,0.0,0.0,0.0,0,0,0.0,0.0,0,0,0.0,0.0,0,0,0.0,0.0,0,0,0.0,0
LGS2ORD0030079,C013766,2025-08-27 05:00:00,Male,37,Bronze,TV,Remote_Area,1105,Web,Bank_Transfer,5,8,2,0,30-40,36.833333333333336,6.0,1.0,0.16666666666666666,51,58,7743.625,0.28,0.3333333333333333,0.6666666666666666,0.0,0.0,0,0,0.0,0.0,0,0,0.0,1384.0,2,1,0.5,46461.75,6,1,0.16666666666666666,1
LGS2ORD0030080,C014174,2025-08-27 05:00:00,Female,18,Silver,TV,Bangkok,1675,CallCenter,PromptPay,5,8,2,0,<20,55.833333333333336,2.0,1.0,0.5,136,33,7692.29,0.3,0.0,0.5,0.0,0.0,0,0,0.0,0.0,0,0,0.0,12304.27,1,0,0.0,15384.58,2,1,0.5,0
LGS2ORD0030081,C011911,2025-08-27 05:00:00,Male,26,Bronze,TV,Bangkok,1037,Web,PromptPay,5,8,2,0,20-30,34.56666666666667,2.0,0.0,0.0,-1,98,2024.3850000000002,0.13,0.5,0.0,0.0,0.0,0,0,0.0,0.0,0,0,0.0,0.0,0,0,0.0,4048.7700000000004,2,0,0.0,0
LGS2ORD0030082,C016810,2025-08-27 05:00:00,Female,46,Bronze,Shopee,Nakhon Ratchasima,1695,Web,COD,5,8,2,0,40-50,56.5,3.0,0.0,0.0,-1,0,6905.459999999999,0.03,0.3333333333333333,0.0,0.0,8069.23,1,0,0.0,8069.23,1,0,0.0,16155.9,2,0,0.0,20716.379999999997,3,0,0.0,0
LGS2ORD0030083,C017695,2025-08-27 05:00:00,Male,38,Gold,Lazada,Chiang Mai,456,TV_Show,Credit_Card,5,8,2,0,30-40,15.2,2.0,1.0,0.5,20,29,7151.004999999999,0.28,0.5,0.5,0.0,0.0,0,0,0.0,5621.71,1,1,1.0,5621.71,1,1,1.0,14302.009999999998,2,1,0.5,0
LGS2ORD0030084,C012286,2025-08-27 06:00:00,Male,52,Bronze,Web,Khon Kaen,413,Lazada,Credit_Card,6,8,2,0,>50,13.766666666666667,3.0,0.0,0.0,-1,29,3187.263333333334,0.23,0.3333333333333333,0.3333333333333333,0.0,0.0,0,0,0.0,3840.1,1,0,0.0,5659.12,2,0,0.0,9561.79,3,0,0.0,0
LGS2ORD0030085,C014895,2025-08-27 06:00:00,Male,58,Bronze,Web,Songkhla,347,Web,Credit_Card,6,8,2,0,>50,11.566666666666666,2.0,1.0,0.5,24,7,4694.575,0.28,0.5,0.5,0.0,0.0,0,0,0.0,6826.24,1,0,0.0,9389.15,2,1,0.5,9389.15,2,1,0.5,0
LGS2ORD0030086,C010172,2025-08-27 06:00:00,Female,42,Bronze,Shopee,Khon Kaen,630,CallCenter,COD,6,8,2,0,40-50,21.0,2.0,0.0,0.0,-1,63,1895.12,0.18,1.0,0.0,0.0,0.0,0,0,0.0,0.0,0,0,0.0,366.52,1,0,0.0,3790.24,2,0,0.0,0
LGS2ORD0030087,C015460,2025-08-27 06:00:00,Female,40,Gold,Lazada,Bangkok,642,CallCenter,Bank_Transfer,6,8,2,0,30-40,21.4,5.0,0.0,0.0,-1,21,3674.084,0.28,0.4,0.4,0.0,0.0,0,0,0.0,2426.03,1,0,0.0,3628.11,2,0,0.0,18370.42,5,0,0.0,1
LGS2ORD0030088,C013234,2025-08-27 06:00:00,Female,31,Silver,Lazada,Bangkok,1505,Lazada,PromptPay,6,8,2,0,30-40,50.166666666666664,2.0,0.0,0.0,-1,0,1094.34,0.25,0.5,0.5,0.0,566.33,1,0,0.0,566.33,1,0,0.0,566.33,1,0,0.0,2188.68,2,0,0.0,1
LGS2ORD0030089,C012604,2025-08-27 07:00:00,Female,55,Bronze,TV,Remote_Area,863,Lazada,PromptPay,7,8,2,0,>50,28.766666666666666,3.0,1.0,0.3333333333333333,171,143,2503.996666666667,0.28,0.3333333333333333,0.3333333333333333,0.0,0.0,0,0,0.0,0.0,0,0,0.0,0.0,0,0,0.0,7511.990000000001,3,1,0.3333333333333333,0
LGS2ORD0030090,C014396,2025-08-27 07:00:00,Male,37,Bronze,Shopee,Chiang Mai,1611,Web,Credit_Card,7,8,2,0,30-40,53.7,6.0,1.0,0.16666666666666666,96,17,4054.4733333333334,0.28,0.5,0.3333333333333333,0.0,0.0,0,0,0.0,5178.0,1,0,0.0,5723.35,2,0,0.0,24326.84,6,1,0.16666666666666666,0
LGS2ORD0030091,C010171,2025-08-27 07:00:00,Male,25,Platinum,Web,Khon Kaen,978,Web,COD,7,8,2,0,20-30,32.6,6.0,1.0,0.16666666666666666,126,11,4913.278333333333,0.25,0.5,0.16666666666666666,0.0,0.0,0,0,0.0,13498.49,1,0,0.0,23646.03,2,0,0.0,29479.67,6,1,0.16666666666666666,1
LGS2ORD0030092,C010877,2025-08-27 07:00:00,Male,40,Gold,Lazada,Chonburi,794,Lazada,COD,7,8,2,0,30-40,26.466666666666665,1.0,1.0,1.0,42,49,4010.67,0.28,0.0,1.0,0.0,0.0,0,0,0.0,0.0,0,0,0.0,4010.67,1,1,1.0,4010.67,1,1,1.0,0
LGS2ORD0030093,C011830,2025-08-27 07:00:00,Male,36,Silver,TV,Chiang Mai,1693,Shopee,PromptPay,7,8,2,0,30-40,56.43333333333333,2.0,1.0,0.5,18,26,5449.09,0.25,0.0,0.5,0.0,0.0,0,0,0.0,10898.18,2,1,0.5,10898.18,2,1,0.5,10898.18,2,1,0.5,0
LGS2ORD0030094,C012633,2025-08-27 08:00:00,Female,45,Silver,CallCenter,Songkhla,343,TV_Show,COD,8,8,2,0,40-50,11.433333333333334,8.0,2.0,0.25,33,6,3494.61375,0.3,0.5,0.5,0.0,6420.13,1,0,0.0,10386.66,2,0,0.0,14856.04,4,1,0.25,27956.91,8,2,0.25,1
LGS2ORD0030095,C012832,2025-08-27 08:00:00,Female,43,Bronze,Shopee,Bangkok,586,TV_Show,Bank_Transfer,8,8,2,0,40-50,19.533333333333335,2.0,0.0,0.0,-1,112,1677.3600000000001,0.18,0.5,0.0,0.0,0.0,0,0,0.0,0.0,0,0,0.0,0.0,0,0,0.0,3354.7200000000003,2,0,0.0,0
LGS2ORD0030096,C011342,2025-08-27 08:00:00,Female,34,Platinum,Lazada,Nakhon Ratchasima,1247,TV_Show,COD,8,8,2,0,30-40,41.56666666666667,6.0,3.0,0.5,56,7,2190.885,0.35,0.6666666666666666,0.5,0.0,0.0,0,0,0.0,4338.78,1,0,0.0,10446.02,4,1,0.25,13145.310000000001,6,3,0.5,0
LGS2ORD0030097,C016897,2025-08-27 08:00:00,Male,56,Silver,TV,Chiang Mai,1088,Web,Bank_Transfer,8,8,2,0,>50,36.266666666666666,6.0,0.0,0.0,-1,2,2266.3799999999997,0.25,0.5,0.16666666666666666,0.0,1751.3,1,0,0.0,4036.5600000000004,2,0,0.0,4036.5600000000004,2,0,0.0,13598.279999999999,6,0,0.0,1
LGS2ORD0030098,C013011,2025-08-27 08:00:00,Female,24,Silver,TV,Chonburi,1191,Shopee,PromptPay,8,8,2,0,20-30,39.7,1.0,0.0,0.0,-1,101,4668.43,0.05,0.0,0.0,0.0,0.0,0,0,0.0,0.0,0,0,0.0,0.0,0,0,0.0,4668.43,1,0,0.0,0
LGS2ORD0030099,C010949,2025-08-27 09:00:00,Female,34,Silver,Shopee,Bangkok,604,Web,COD,9,8,2,0,30-40,20.133333333333333,5.0,2.0,0.4,11,13,2341.2400000000002,0.3,0.6,0.2,0.0,0.0,0,0,0.0,3085.1600000000003,2,1,0.5,3085.1600000000003,2,1,0.5,11706.2,5,2,0.4,0
LGS2ORD0030100,C014775,2025-08-27 09:00:00,Male,62,Silver,TV,Phuket,1401,TV_Show,Credit_Card,9,8,2,0,>50,46.7,4.0,1.0,0.25,122,85,7423.7225,0.2,0.75,0.0,0.0,0.0,0,0,0.0,0.0,0,0,0.0,7716.97,1,0,0.0,29694.89,4,1,0.25,0
LGS2ORD0030101,C013265,2025-08-27 09:00:00,Male,52,Bronze,TV,Songkhla,1023,CallCenter,COD,9,8,2,0,>50,34.1,5.0,0.0,0.0,-1,60,6692.906,0.23,0.6,0.2,0.0,0.0,0,0,0.0,0.0,0,0,0.0,7190.089999999999,2,0,0.0,33464.53,5,0,0.0,0
LGS2ORD0030102,C011519,2025-08-27 09:00:00,Male,59,Bronze,CallCenter,Remote_Area,594,Shopee,Credit_Card,9,8,2,0,>50,19.8,7.0,2.0,0.2857142857142857,129,28,6678.621428571429,0.23,0.42857142857142855,0.2857142857142857,0.0,0.0,0,0,0.0,25909.16,1,0,0.0,32160.87,2,0,0.0,46750.35,7,2,0.2857142857142857,0
LGS2ORD0030103,C015680,2025-08-27 09:00:00,Male,66,Bronze,Shopee,Remote_Area,1252,Shopee,COD,9,8,2,0,>50,41.733333333333334,7.0,2.0,0.2857142857142857,2,15,5142.141428571428,0.28,0.7142857142857143,0.5714285714285714,0.0,0.0,0,0,0.0,17632.39,1,1,1.0,19775.16,2,1,0.5,35994.99,7,2,0.2857142857142857,0
LGS2ORD0030104,C011569,2025-08-27 09:00:00,Male,34,Bronze,TV,Remote_Area,765,Lazada,Credit_Card,9,8,2,0,30-40,25.5,7.0,4.0,0.5714285714285714,7,14,2665.6228571428574,0.28,0.8571428571428571,0.14285714285714285,0.0,0.0,0,0,0.0,3114.76,2,2,1.0,4354.91,3,2,0.6666666666666666,18659.36,7,4,0.5714285714285714,0
LGS2ORD0030105,C014476,2025-08-27 10:00:00,Other,25,Silver,TV,Bangkok,879,Shopee,COD,10,8,2,0,20-30,29.3,3.0,1.0,0.3333333333333333,172,111,2659.5800000000004,0.2,0.3333333333333333,0.0,0.0,0.0,0,0,0.0,0.0,0,0,0.0,0.0,0,0,0.0,7978.740000000001,3,1,0.3333333333333333,1
LGS2ORD0030106,C015567,2025-08-27 10:00:00,Female,72,Bronze,Shopee,Chonburi,1415,TV_Show,COD,10,8,2,0,>50,47.166666666666664,5.0,1.0,0.2,224,32,3778.3660000000004,0.18,0.4,0.0,0.0,0.0,0,0,0.0,0.0,0,0,0.0,5748.21,1,0,0.0,18891.83,5,1,0.2,0
LGS2ORD0030107,C017100,2025-08-27 10:00:00,Female,40,Silver,Lazada,Bangkok,1678,CallCenter,Bank_Transfer,10,8,2,0,30-40,55.93333333333333,2.0,1.0,0.5,4,17,14039.869999999999,0.25,1.0,0.5,0.0,0.0,0,0,0.0,3586.62,1,1,1.0,3586.62,1,1,1.0,28079.739999999998,2,1,0.5,0
LGS2ORD0030108,C016847,2025-08-27 10:00:00,Male,38,Platinum,Web,Bangkok,321,Shopee,COD,10,8,2,0,30-40,10.7,1.0,0.0,0.0,-1,135,1502.29,0.15,1.0,0.0,0.0,0.0,0,0,0.0,0.0,0,0,0.0,0.0,0,0,0.0,1502.29,1,0,0.0,0
LGS2ORD0030109,C017185,2025-08-27 10:00:00,Male,33,Silver,TV,Bangkok,1522,Web,COD,10,8,2,0,30-40,50.733333333333334,3.0,1.0,0.3333333333333333,227,96,2784.4833333333336,0.3,0.3333333333333333,0.3333333333333333,0.0,0.0,0,0,0.0,0.0,0,0,0.0,0.0,0,0,0.0,8353.45,3,1,0.3333333333333333,0
LGS2ORD0030110,C010126,2025-08-27 11:00:00,Female,37,Bronze,Web,Phuket,715,Lazada,PromptPay,11,8,2,0,30-40,23.833333333333332,3.0,2.0,0.6666666666666666,3,10,7614.95,0.23,0.3333333333333333,0.3333333333333333,0.0,0.0,0,0,0.0,7436.35,1,1,1.0,7436.35,1,1,1.0,22844.85,3,2,0.6666666666666666,0
LGS2ORD0030111,C017032,2025-08-27 11:00:00,Female,36,Bronze,CallCenter,Nakhon Ratchasima,902,Shopee,COD,11,8,2,0,30-40,30.066666666666666,6.0,2.0,0.3333333333333333,13,26,4164.24,0.28,1.0,0.5,0.0,0.0,0,0,0.0,2094.45,1,1,1.0,6100.2,2,1,0.5,24985.44,6,2,0.3333333333333333,1
LGS2ORD0030112,C010014,2025-08-27 11:00:00,Female,38,Bronze,Web,Bangkok,1079,Lazada,PromptPay,11,8,2,0,30-40,35.96666666666667,3.0,0.0,0.0,-1,103,4518.746666666667,0.18,0.0,0.0,0.0,0.0,0,0,0.0,0.0,0,0,0.0,0.0,0,0,0.0,13556.240000000002,3,0,0.0,0
LGS2ORD0030113,C016358,2025-08-27 11:00:00,Male,48,Bronze,TV,Khon Kaen,374,Lazada,Credit_Card,11,8,2,0,40-50,12.466666666666667,7.0,5.0,0.7142857142857143,49,57,5144.715714285715,0.18,0.5714285714285714,0.0,0.0,0.0,0,0,0.0,0.0,0,0,0.0,22427.02,3,2,0.6666666666666666,36013.01,7,5,0.7142857142857143,0
LGS2ORD0030114,C012074,2025-08-27 11:00:00,Male,18,Bronze,Lazada,Remote_Area,837,TV_Show,Credit_Card,11,8,2,0,<20,27.9,2.0,1.0,0.5,199,80,6205.275,0.23,0.5,0.5,0.0,0.0,0,0,0.0,0.0,0,0,0.0,10419.71,1,0,0.0,12410.55,2,1,0.5,0
LGS2ORD0030115,C014215,2025-08-27 12:00:00,Female,68,Bronze,TV,Phuket,707,CallCenter,COD,12,8,2,0,>50,23.566666666666666,7.0,5.0,0.7142857142857143,1,12,8453.917142857143,0.28,0.8571428571428571,0.42857142857142855,0.0,0.0,0,0,0.0,6767.23,1,1,1.0,45145.92999999999,5,4,0.8,59177.42,7,5,0.7142857142857143,1
LGS2ORD0030116,C015076,2025-08-27 12:00:00,Female,43,Bronze,Shopee,Bangkok,390,Web,COD,12,8,2,0,40-50,13.0,2.0,0.0,0.0,-1,42,1599.69,0.08,0.5,0.0,0.0,0.0,0,0,0.0,0.0,0,0,0.0,3199.38,2,0,0.0,3199.38,2,0,0.0,0
LGS2ORD0030117,C013723,2025-08-27 12:00:00,Male,23,Bronze,TV,Songkhla,666,Web,COD,12,8,2,0,20-30,22.2,8.0,2.0,0.25,45,46,4506.86125,0.28,0.375,0.125,0.0,0.0,0,0,0.0,0.0,0,0,0.0,5142.969999999999,3,1,0.3333333333333333,36054.89,8,2,0.25,0
LGS2ORD0030118,C011960,2025-08-27 12:00:00,Male,18,Bronze,Shopee,Chiang Mai,759,Shopee,PromptPay,12,8,2,0,<20,25.3,6.0,1.0,0.16666666666666666,225,52,5685.998333333333,0.28,0.16666666666666666,0.3333333333333333,0.0,0.0,0,0,0.0,0.0,0,0,0.0,6352.66,2,0,0.0,34115.99,6,1,0.16666666666666666,0
LGS2ORD0030119,C016101,2025-08-27 12:00:00,Female,40,Silver,TV,Phuket,625,Shopee,COD,12,8,2,0,30-40,20.833333333333332,2.0,1.0,0.5,220,62,3231.115,0.2,1.0,0.0,0.0,0.0,0,0,0.0,0.0,0,0,0.0,5895.19,1,0,0.0,6462.23,2,1,0.5,0
LGS2ORD0030120,C012526,2025-08-27 13:00:00,Female,36,Bronze,TV,Bangkok,1177,CallCenter,COD,13,8,2,0,30-40,39.233333333333334,2.0,0.0,0.0,-1,3,8942.305,0.28,0.0,0.5,0.0,2222.94,1,0,0.0,2222.94,1,0,0.0,17884.61,2,0,0.0,17884.61,2,0,0.0,1
LGS2ORD0030121,C013911,2025-08-27 13:00:00,Female,30,Bronze,Lazada,Khon Kaen,1569,TV_Show,COD,13,8,2,0,20-30,52.3,4.0,1.0,0.25,53,40,1756.24,0.23,0.5,0.25,0.0,0.0,0,0,0.0,0.0,0,0,0.0,1863.04,2,1,0.5,7024.96,4,1,0.25,0
LGS2ORD0030122,C010968,2025-08-27 13:00:00,Female,50,Bronze,CallCenter,Phuket,880,Shopee,Credit_Card,13,8,2,0,40-50,29.333333333333332,7.0,1.0,0.14285714285714285,217,8,4325.33,0.28,0.7142857142857143,0.14285714285714285,0.0,0.0,0,0,0.0,1721.17,1,0,0.0,21139.379999999997,3,0,0.0,30277.309999999998,7,1,0.14285714285714285,1
LGS2ORD0030123,C010909,2025-08-27 13:00:00,Female,28,Bronze,Shopee,Remote_Area,988,Lazada,PromptPay,13,8,2,0,20-30,32.93333333333333,2.0,0.0,0.0,-1,96,3253.99,0.13,1.0,0.0,0.0,0.0,0,0,0.0,0.0,0,0,0.0,0.0,0,0,0.0,6507.98,2,0,0.0,0
LGS2ORD0030124,C011348,2025-08-27 13:00:00,Female,41,Platinum,Shopee,Chiang Mai,1620,CallCenter,COD,13,8,2,0,40-50,54.0,3.0,1.0,0.3333333333333333,157,56,3233.5533333333333,0.25,0.3333333333333333,0.3333333333333333,0.0,0.0,0,0,0.0,0.0,0,0,0.0,1218.99,1,0,0.0,9700.66,3,1,0.3333333333333333,0
LGS2ORD0030125,C014270,2025-08-27 13:00:00,Female,42,Gold,TV,Chiang Mai,1221,Lazada,COD,13,8,2,0,40-50,40.7,5.0,0.0,0.0,-1,25,3416.7460000000005,0.28,0.8,0.6,0.0,0.0,0,0,0.0,506.15,1,0,0.0,506.15,1,0,0.0,17083.730000000003,5,0,0.0,0
LGS2ORD0030126,C012161,2025-08-27 14:00:00,Male,23,Gold,TV,Phuket,461,Shopee,COD,14,8,2,0,20-30,15.366666666666667,3.0,2.0,0.6666666666666666,60,67,8527.963333333335,0.08,0.0,0.0,0.0,0.0,0,0,0.0,0.0,0,0,0.0,7255.15,2,1,0.5,25583.890000000003,3,2,0.6666666666666666,0
LGS2ORD0030127,C014120,2025-08-27 14:00:00,Female,54,Gold,Web,Bangkok,1686,Shopee,COD,14,8,2,0,>50,56.2,4.0,0.0,0.0,-1,108,3074.3125,0.28,0.5,0.5,0.0,0.0,0,0,0.0,0.0,0,0,0.0,0.0,0,0,0.0,12297.25,4,0,0.0,0
LGS2ORD0030128,C016329,2025-08-27 14:00:00,Female,41,Bronze,Shopee,Khon Kaen,678,TV_Show,COD,14,8,2,0,40-50,22.6,8.0,2.0,0.25,32,29,4241.782499999999,0.28,0.75,0.25,0.0,0.0,0,0,0.0,4872.42,1,0,0.0,14200.87,4,2,0.5,33934.259999999995,8,2,0.25,0
LGS2ORD0030129,C016735,2025-08-27 14:00:00,Male,47,Silver,TV,Khon Kaen,1635,CallCenter,COD,14,8,2,0,40-50,54.5,3.0,1.0,0.3333333333333333,67,34,2873.8199999999997,0.25,0.3333333333333333,0.3333333333333333,0.0,0.0,0,0,0.0,0.0,0,0,0.0,8621.46,3,1,0.3333333333333333,8621.46,3,1,0.3333333333333333,1
LGS2ORD0030130,C016117,2025-08-27 14:00:00,Female,55,Bronze,TV,Nakhon Ratchasima,1237,Lazada,PromptPay,14,8,2,0,>50,41.233333333333334,6.0,4.0,0.6666666666666666,27,33,5600.700000000001,0.23,0.6666666666666666,0.3333333333333333,0.0,0.0,0,0,0.0,0.0,0,0,0.0,19283.940000000002,2,2,1.0,33604.200000000004,6,4,0.6666666666666666,0
LGS2ORD0030131,C014706,2025-08-27 15:00:00,Male,34,Silver,Web,Chonburi,443,TV_Show,PromptPay,15,8,2,0,30-40,14.766666666666667,2.0,0.0,0.0,-1,58,1877.38,0.25,0.5,1.0,0.0,0.0,0,0,0.0,0.0,0,0,0.0,698.5,1,0,0.0,3754.76,2,0,0.0,0
LGS2ORD0030132,C015382,2025-08-27 15:00:00,Female,32,Silver,Shopee,Chiang Mai,1158,Web,COD,15,8,2,0,30-40,38.6,2.0,1.0,0.5,-9,3,6382.0199999999995,0.25,0.5,1.0,0.0,11838.64,1,1,1.0,11838.64,1,1,1.0,11838.64,1,1,1.0,12764.039999999999,2,1,0.5,1
LGS2ORD0030133,C013949,2025-08-27 15:00:00,Male,48,Platinum,Lazada,Bangkok,458,Shopee,COD,15,8,2,0,40-50,15.266666666666667,4.0,0.0,0.0,-1,24,9977.34,0.3,0.75,0.25,0.0,0.0,0,0,0.0,256.25,1,0,0.0,256.25,1,0,0.0,39909.36,4,0,0.0,0
LGS2ORD0030134,C013591,2025-08-27 15:00:00,Male,31,Silver,TV,Remote_Area,630,Web,Credit_Card,15,8,2,0,30-40,21.0,3.0,1.0,0.3333333333333333,121,132,3943.7833333333333,0.25,1.0,0.3333333333333333,0.0,0.0,0,0,0.0,0.0,0,0,0.0,0.0,0,0,0.0,11831.35,3,1,0.3333333333333333,0
LGS2ORD0030135,C014546,2025-08-27 15:00:00,Male,39,Bronze,Shopee,Khon Kaen,1130,TV_Show,Credit_Card,15,8,2,0,30-40,37.666666666666664,3.0,1.0,0.3333333333333333,179,122,7354.610000000001,0.28,0.3333333333333333,0.3333333333333333,0.0,0.0,0,0,0.0,0.0,0,0,0.0,0.0,0,0,0.0,22063.83,3,1,0.3333333333333333,0
LGS2ORD0030136,C010058,2025-08-27 16:00:00,Female,39,Bronze,Web,Bangkok,1523,Web,Credit_Card,16,8,2,0,30-40,50.766666666666666,8.0,1.0,0.125,223,2,4467.605,0.28,0.25,0.375,0.0,1298.6,1,0,0.0,1298.6,1,0,0.0,14976.68,4,0,0.0,35740.84,8,1,0.125,0
LGS2ORD0030137,C012250,2025-08-27 16:00:00,Other,38,Bronze,Shopee,Remote_Area,1541,Web,Credit_Card,16,8,2,0,30-40,51.36666666666667,7.0,2.0,0.2857142857142857,192,43,4223.462857142857,0.28,0.5714285714285714,0.14285714285714285,0.0,0.0,0,0,0.0,0.0,0,0,0.0,6404.29,2,0,0.0,29564.239999999998,7,2,0.2857142857142857,0
LGS2ORD0030138,C012513,2025-08-27 16:00:00,Female,43,Silver,Lazada,Bangkok,901,Shopee,Credit_Card,16,8,2,0,40-50,30.033333333333335,4.0,1.0,0.25,110,119,7637.885,0.25,0.25,0.25,0.0,0.0,0,0,0.0,0.0,0,0,0.0,0.0,0,0,0.0,30551.54,4,1,0.25,0
LGS2ORD0030139,C015649,2025-08-27 16:00:00,Female,38,Bronze,TV,Bangkok,970,Web,COD,16,8,2,0,30-40,32.333333333333336,5.0,3.0,0.6,65,74,5690.1759999999995,0.28,0.8,0.2,0.0,0.0,0,0,0.0,0.0,0,0,0.0,3546.5,1,1,1.0,28450.879999999997,5,3,0.6,0
LGS2ORD0030140,C017729,2025-08-27 16:00:00,Female,28,Gold,Web,Remote_Area,795,Lazada,COD,16,8,2,0,20-30,26.5,3.0,1.0,0.3333333333333333,194,18,19865.27666666667,0.13,0.3333333333333333,0.0,0.0,0.0,0,0,0.0,7884.66,1,0,0.0,37460.21,2,0,0.0,59595.83,3,1,0.3333333333333333,0
LGS2ORD0030141,C010817,2025-08-27 17:00:00,Female,41,Silver,Web,Remote_Area,313,Shopee,Credit_Card,17,8,2,0,40-50,10.433333333333334,5.0,3.0,0.6,31,38,3850.4219999999996,0.25,0.4,0.4,0.0,0.0,0,0,0.0,0.0,0,0,0.0,5563.32,2,1,0.5,19252.109999999997,5,3,0.6,0
LGS2ORD0030142,C012571,2025-08-27 17:00:00,Male,19,Gold,Web,Bangkok,995,TV_Show,COD,17,8,2,0,<20,33.166666666666664,1.0,0.0,0.0,-1,164,1483.09,0.2299999999999999,0.0,1.0,0.0,0.0,0,0,0.0,0.0,0,0,0.0,0.0,0,0,0.0,1483.09,1,0,0.0,0
LGS2ORD0030143,C016799,2025-08-27 17:00:00,Male,53,Silver,TV,Chonburi,1039,Shopee,Credit_Card,17,8,2,0,>50,34.63333333333333,0.0,0.0,0.0,-1,-1,0.0,0.0,0.0,0.0,0.0,0.0,0,0,0.0,0.0,0,0,0.0,0.0,0,0,0.0,0.0,0,0,0.0,0
LGS2ORD0030144,C016337,2025-08-27 17:00:00,Male,37,Bronze,TV,Remote_Area,407,TV_Show,COD,17,8,2,0,30-40,13.566666666666666,3.0,1.0,0.3333333333333333,116,39,5834.593333333333,0.28,0.3333333333333333,0.3333333333333333,0.0,0.0,0,0,0.0,0.0,0,0,0.0,15224.32,1,0,0.0,17503.78,3,1,0.3333333333333333,0
LGS2ORD0030145,C010833,2025-08-27 17:00:00,Female,46,Silver,TV,Remote_Area,1412,Lazada,COD,17,8,2,0,40-50,47.06666666666667,2.0,2.0,1.0,136,147,3393.63,0.3,1.0,0.5,0.0,0.0,0,0,0.0,0.0,0,0,0.0,0.0,0,0,0.0,6787.26,2,2,1.0,1
LGS2ORD0030146,C016104,2025-08-27 17:00:00,Male,55,Bronze,TV,Phuket,1350,TV_Show,COD,17,8,2,0,>50,45.0,4.0,1.0,0.25,227,28,2358.2124999999996,0.28,0.5,0.5,0.0,0.0,0,0,0.0,962.82,1,0,0.0,962.82,1,0,0.0,9432.849999999999,4,1,0.25,1
LGS2ORD0030147,C010450,2025-08-27 18:00:00,Male,32,Silver,TV,Khon Kaen,625,Shopee,COD,18,8,2,0,30-40,20.833333333333332,2.0,0.0,0.0,-1,53,5637.545,0.15,1.0,0.0,0.0,0.0,0,0,0.0,0.0,0,0,0.0,7348.9,1,0,0.0,11275.09,2,0,0.0,0
LGS2ORD0030148,C010186,2025-08-27 18:00:00,Male,21,Bronze,CallCenter,Bangkok,530,Web,COD,18,8,2,0,20-30,17.666666666666668,2.0,0.0,0.0,-1,78,10029.56,0.28,0.0,0.5,0.0,0.0,0,0,0.0,0.0,0,0,0.0,11052.82,1,0,0.0,20059.12,2,0,0.0,1
LGS2ORD0030149,C016540,2025-08-27 18:00:00,Male,51,Gold,CallCenter,Songkhla,900,CallCenter,Credit_Card,18,8,2,0,>50,30.0,0.0,0.0,0.0,-1,-1,0.0,0.0,0.0,0.0,0.0,0.0,0,0,0.0,0.0,0,0,0.0,0.0,0,0,0.0,0.0,0,0,0.0,1
LGS2ORD0030150,C013364,2025-08-27 18:00:00,Male,29,Silver,TV,Phuket,583,Shopee,COD,18,8,2,0,20-30,19.433333333333334,5.0,1.0,0.2,209,50,1587.112,0.25,0.4,0.4,0.0,0.0,0,0,0.0,0.0,0,0,0.0,930.3,1,0,0.0,7935.56,5,1,0.2,0
LGS2ORD0030151,C014964,2025-08-27 18:00:00,Male,39,Silver,TV,Khon Kaen,1188,TV_Show,Credit_Card,18,8,2,0,30-40,39.6,5.0,0.0,0.0,-1,53,4987.735999999999,0.3,0.2,0.2,0.0,0.0,0,0,0.0,0.0,0,0,0.0,9452.019999999999,2,0,0.0,24938.679999999997,5,0,0.0,1
LGS2ORD0030152,C013332,2025-08-27 19:00:00,Male,28,Silver,Shopee,Phuket,399,Shopee,Credit_Card,19,8,2,0,20-30,13.3,2.0,2.0,1.0,170,182,3507.72,0.05,0.5,0.0,0.0,0.0,0,0,0.0,0.0,0,0,0.0,0.0,0,0,0.0,7015.44,2,2,1.0,0
LGS2ORD0030153,C011307,2025-08-27 19:00:00,Female,55,Gold,Web,Remote_Area,1501,Web,Credit_Card,19,8,2,0,>50,50.03333333333333,2.0,1.0,0.5,167,66,1440.76,0.28,0.0,1.0,0.5,0.0,0,0,0.0,0.0,0,0,0.0,1485.05,1,0,0.0,2881.52,2,1,0.5,0
LGS2ORD0030154,C017291,2025-08-27 19:00:00,Female,34,Bronze,TV,Songkhla,1521,CallCenter,COD,19,8,2,0,30-40,50.7,2.0,0.0,0.0,-1,44,6027.835,0.08,0.0,0.0,0.0,0.0,0,0,0.0,0.0,0,0,0.0,10615.83,1,0,0.0,12055.67,2,0,0.0,1
LGS2ORD0030155,C012745,2025-08-27 19:00:00,Male,43,Silver,Lazada,Songkhla,340,Shopee,COD,19,8,2,0,40-50,11.333333333333334,5.0,3.0,0.6,36,45,6400.298000000001,0.25,0.4,0.2,0.0,0.0,0,0,0.0,0.0,0,0,0.0,12213.49,2,2,1.0,32001.49,5,3,0.6,1
LGS2ORD0030156,C010337,2025-08-27 19:00:00,Male,56,Bronze,TV,Chonburi,1492,CallCenter,COD,19,8,2,0,>50,49.733333333333334,4.0,1.0,0.25,182,95,5606.1725,0.23,0.25,0.5,0.0,0.0,0,0,0.0,0.0,0,0,0.0,0.0,0,0,0.0,22424.69,4,1,0.25,1
LGS2ORD0030157,C010074,2025-08-27 20:00:00,Female,61,Platinum,TV,Chiang Mai,1128,TV_Show,Credit_Card,20,8,2,0,>50,37.6,6.0,1.0,0.16666666666666666,26,38,5024.356666666667,0.3,0.8333333333333334,0.5,0.0,0.0,0,0,0.0,0.0,0,0,0.0,3322.7400000000002,2,1,0.5,30146.14,6,1,0.16666666666666666,0
LGS2ORD0030158,C010843,2025-08-27 20:00:00,Female,23,Gold,Web,Songkhla,499,Lazada,Bank_Transfer,20,8,2,0,20-30,16.633333333333333,1.0,0.0,0.0,-1,108,7815.16,0.18,0.0,0.0,0.0,0.0,0,0,0.0,0.0,0,0,0.0,0.0,0,0,0.0,7815.16,1,0,0.0,0
LGS2ORD0030159,C017755,2025-08-27 20:00:00,Male,46,Silver,Lazada,Chonburi,259,Web,COD,20,8,2,0,40-50,8.633333333333333,2.0,1.0,0.5,-3,9,4423.535,0.3,0.5,0.5,0.0,0.0,0,0,0.0,6231.2,1,1,1.0,6231.2,1,1,1.0,8847.07,2,1,0.5,0
LGS2ORD0030160,C017248,2025-08-27 20:00:00,Female,72,Bronze,TV,Phuket,634,CallCenter,PromptPay,20,8,2,0,>50,21.133333333333333,5.0,1.0,0.2,123,101,7110.995999999999,0.23,0.8,0.2,0.0,0.0,0,0,0.0,0.0,0,0,0.0,0.0,0,0,0.0,35554.979999999996,5,1,0.2,0
LGS2ORD0030161,C016894,2025-08-27 20:00:00,Other,53,Bronze,Shopee,Bangkok,1629,Shopee,COD,20,8,2,0,>50,54.3,7.0,2.0,0.2857142857142857,40,47,4116.854285714286,0.18,0.5714285714285714,0.0,0.0,0.0,0,0,0.0,0.0,0,0,0.0,2273.46,1,1,1.0,28817.98,7,2,0.2857142857142857,0
LGS2ORD0030162,C013340,2025-08-27 21:00:00,Male,37,Bronze,Shopee,Chonburi,1305,TV_Show,COD,21,8,2,0,30-40,43.5,2.0,0.0,0.0,-1,18,7090.0599999999995,0.23,0.0,0.5,0.0,0.0,0,0,0.0,3663.38,1,0,0.0,14180.119999999999,2,0,0.0,14180.119999999999,2,0,0.0,0
LGS2ORD0030163,C015226,2025-08-27 21:00:00,Female,46,Bronze,TV,Songkhla,576,Shopee,PromptPay,21,8,2,0,40-50,19.2,6.0,0.0,0.0,-1,25,14016.169999999998,0.23,0.6666666666666666,0.16666666666666666,0.0,0.0,0,0,0.0,6513.9,1,0,0.0,6513.9,1,0,0.0,84097.01999999999,6,0,0.0,0
LGS2ORD0030164,C012869,2025-08-27 21:00:00,Female,51,Bronze,Lazada,Chiang Mai,429,TV_Show,COD,21,8,2,0,>50,14.3,7.0,3.0,0.42857142857142855,89,35,7577.575714285716,0.28,0.7142857142857143,0.42857142857142855,0.0,0.0,0,0,0.0,0.0,0,0,0.0,14252.05,2,0,0.0,53043.030000000006,7,3,0.42857142857142855,0
LGS2ORD0030165,C014508,2025-08-27 21:00:00,Male,67,Bronze,TV,Phuket,1129,Shopee,PromptPay,21,8,2,0,>50,37.63333333333333,2.0,1.0,0.5,18,27,8780.095000000001,0.18,0.0,0.0,0.0,0.0,0,0,0.0,9690.12,1,1,1.0,9690.12,1,1,1.0,17560.190000000002,2,1,0.5,1
LGS2ORD0030166,C016534,2025-08-27 21:00:00,Female,51,Bronze,TV,Remote_Area,263,CallCenter,COD,21,8,2,0,>50,8.766666666666667,8.0,0.0,0.0,-1,34,6306.498749999999,0.28,0.25,0.375,0.0,0.0,0,0,0.0,0.0,0,0,0.0,37853.119999999995,4,0,0.0,50451.98999999999,8,0,0.0,0
LGS2ORD0030167,C012218,2025-08-27 21:00:00,Female,57,Gold,Lazada,Chonburi,1269,TV_Show,COD,21,8,2,0,>50,42.3,1.0,0.0,0.0,-1,46,2268.82,0.13,0.0,0.0,0.0,0.0,0,0,0.0,0.0,0,0,0.0,2268.82,1,0,0.0,2268.82,1,0,0.0,0
LGS2ORD0030168,C013307,2025-08-27 22:00:00,Male,43,Gold,TV,Nakhon Ratchasima,1185,Shopee,COD,22,8,2,0,40-50,39.5,4.0,1.0,0.25,8,23,1530.1725000000001,0.2299999999999999,0.5,0.25,0.0,0.0,0,0,0.0,562.62,1,1,1.0,1782.96,2,1,0.5,6120.6900000000005,4,1,0.25,0
LGS2ORD0030169,C013610,2025-08-27 22:00:00,Female,48,Gold,Shopee,Nakhon Ratchasima,1598,TV_Show,PromptPay,22,8,2,0,40-50,53.266666666666666,2.0,0.0,0.0,-1,55,8253.75,0.2299999999999999,0.5,0.5,0.0,0.0,0,0,0.0,0.0,0,0,0.0,9685.6,1,0,0.0,16507.5,2,0,0.0,1
LGS2ORD0030170,C011035,2025-08-27 22:00:00,Male,65,Bronze,Shopee,Nakhon Ratchasima,658,Shopee,Credit_Card,22,8,2,0,>50,21.933333333333334,3.0,1.0,0.3333333333333333,31,41,3124.463333333333,0.23,0.3333333333333333,0.3333333333333333,0.0,0.0,0,0,0.0,0.0,0,0,0.0,6990.200000000001,2,1,0.5,9373.39,3,1,0.3333333333333333,0
LGS2ORD0030171,C015519,2025-08-27 22:00:00,Female,49,Gold,Web,Remote_Area,898,Web,Credit_Card,22,8,2,0,40-50,29.933333333333334,7.0,1.0,0.14285714285714285,129,42,6862.752857142857,0.28,0.7142857142857143,0.42857142857142855,0.0,0.0,0,0,0.0,0.0,0,0,0.0,22271.73,2,0,0.0,48039.27,7,1,0.14285714285714285,0
LGS2ORD0030172,C015928,2025-08-27 22:00:00,Male,66,Bronze,Shopee,Bangkok,1499,Shopee,COD,22,8,2,0,>50,49.96666666666667,1.0,0.0,0.0,-1,95,3937.58,0.23,1.0,1.0,0.0,0.0,0,0,0.0,0.0,0,0,0.0,0.0,0,0,0.0,3937.58,1,0,0.0,1
LGS2ORD0030173,C016208,2025-08-27 23:00:00,Female,53,Silver,Shopee,Bangkok,1657,CallCenter,COD,23,8,2,0,>50,55.233333333333334,2.0,0.0,0.0,-1,40,2021.39,0.2,0.5,0.0,0.0,0.0,0,0,0.0,0.0,0,0,0.0,4042.78,2,0,0.0,4042.78,2,0,0.0,0
LGS2ORD0030174,C011232,2025-08-27 23:00:00,Male,47,Bronze,Web,Chiang Mai,1584,Web,COD,23,8,2,0,40-50,52.8,5.0,0.0,0.0,-1,60,2727.228,0.28,0.4,0.4,0.0,0.0,0,0,0.0,0.0,0,0,0.0,2219.64,2,0,0.0,13636.14,5,0,0.0,0
LGS2ORD0030175,C015619,2025-08-27 23:00:00,Female,36,Bronze,Web,Chiang Mai,342,Web,COD,23,8,2,0,30-40,11.4,7.0,2.0,0.2857142857142857,28,11,6136.838571428571,0.18,0.42857142857142855,0.0,0.0,0.0,0,0,0.0,5069.97,2,0,0.0,26493.92,4,1,0.25,42957.87,7,2,0.2857142857142857,0
LGS2ORD0030176,C010856,2025-08-27 23:00:00,Male,44,Silver,Shopee,Nakhon Ratchasima,1031,Lazada,COD,23,8,2,0,40-50,34.36666666666667,1.0,1.0,1.0,-12,3,3717.5,0.2,1.0,0.0,0.0,3717.5,1,1,1.0,3717.5,1,1,1.0,3717.5,1,1,1.0,3717.5,1,1,1.0,0
LGS2ORD0030177,C017563,2025-08-27 23:00:00,Other,26,Gold,Shopee,Bangkok,1088,Web,COD,23,8,2,0,20-30,36.266666666666666,1.0,0.0,0.0,-1,19,2566.1,0.08,0.0,0.0,0.0,0.0,0,0,0.0,2566.1,1,0,0.0,2566.1,1,0,0.0,2566.1,1,0,0.0,0
LGS2ORD0030178,C010134,2025-08-28 00:00:00,Female,29,Bronze,CallCenter,Khon Kaen,1171,Web,Bank_Transfer,0,8,3,0,20-30,39.03333333333333,4.0,3.0,0.75,38,46,1705.355,0.18,0.75,0.0,0.0,0.0,0,0,0.0,0.0,0,0,0.0,3196.13,2,1,0.5,6821.42,4,3,0.75,0
LGS2ORD0030179,C015963,2025-08-28 00:00:00,Male,39,Gold,Web,Chiang Mai,586,Lazada,PromptPay,0,8,3,0,30-40,19.533333333333335,4.0,2.0,0.5,22,30,3545.125,0.2299999999999999,0.75,0.25,0.0,0.0,0,0,0.0,0.0,0,0,0.0,5226.08,2,1,0.5,14180.5,4,2,0.5,0
LGS2ORD0030180,C013522,2025-08-28 00:00:00,Male,49,Gold,TV,Bangkok,1466,Web,PromptPay,0,8,3,0,40-50,48.86666666666667,5.0,1.0,0.2,77,43,5717.998,0.33,0.4,0.8,0.0,0.0,0,0,0.0,0.0,0,0,0.0,6642.32,2,0,0.0,28589.989999999998,5,1,0.2,0
LGS2ORD0030181,C017309,2025-08-28 00:00:00,Female,51,Silver,TV,Chonburi,311,TV_Show,PromptPay,0,8,3,0,>50,10.366666666666667,1.0,0.0,0.0,-1,104,11636.3,0.05,0.0,0.0,0.0,0.0,0,0,0.0,0.0,0,0,0.0,0.0,0,0,0.0,11636.3,1,0,0.0,0
LGS2ORD0030182,C010068,2025-08-28 00:00:00,Male,45,Bronze,Web,Chiang Mai,956,Web,COD,0,8,3,0,40-50,31.866666666666667,3.0,0.0,0.0,-1,112,2641.513333333333,0.18,0.6666666666666666,0.0,0.0,0.0,0,0,0.0,0.0,0,0,0.0,0.0,0,0,0.0,7924.539999999999,3,0,0.0,0
LGS2ORD0030183,C012460,2025-08-28 01:00:00,Male,40,Platinum,TV,Bangkok,885,Shopee,COD,1,8,3,0,30-40,29.5,3.0,1.0,0.3333333333333333,100,116,11109.446666666665,0.25,0.3333333333333333,0.3333333333333333,0.0,0.0,0,0,0.0,0.0,0,0,0.0,0.0,0,0,0.0,33328.34,3,1,0.3333333333333333,0
LGS2ORD0030184,C016871,2025-08-28 01:00:00,Male,61,Gold,CallCenter,Bangkok,1152,CallCenter,Bank_Transfer,1,8,3,0,>50,38.4,5.0,0.0,0.0,-1,54,2841.55,0.33,0.2,0.4,0.0,0.0,0,0,0.0,0.0,0,0,0.0,3994.8,2,0,0.0,14207.75,5,0,0.0,0
LGS2ORD0030185,C010501,2025-08-28 01:00:00,Male,46,Bronze,Web,Chiang Mai,1453,Web,COD,1,8,3,0,40-50,48.43333333333333,6.0,4.0,0.6666666666666666,19,21,4792.403333333333,0.23,0.3333333333333333,0.3333333333333333,0.0,0.0,0,0,0.0,19912.530000000002,2,1,0.5,24665.22,4,2,0.5,28754.42,6,4,0.6666666666666666,1
LGS2ORD0030186,C011916,2025-08-28 01:00:00,Male,55,Bronze,TV,Songkhla,1000,Web,COD,1,8,3,0,>50,33.333333333333336,5.0,2.0,0.4,84,95,5681.840000000001,0.28,0.8,0.2,0.0,0.0,0,0,0.0,0.0,0,0,0.0,0.0,0,0,0.0,28409.200000000004,5,2,0.4,0
LGS2ORD0030187,C010984,2025-08-28 01:00:00,Female,60,Bronze,Shopee,Bangkok,386,Web,COD,1,8,3,0,>50,12.866666666666667,4.0,0.0,0.0,-1,17,5196.0425,0.28,0.0,0.5,0.0,0.0,0,0,0.0,10792.71,1,0,0.0,20784.17,4,0,0.0,20784.17,4,0,0.0,0
LGS2ORD0030188,C011362,2025-08-28 01:00:00,Male,37,Bronze,Shopee,Songkhla,941,CallCenter,Credit_Card,1,8,3,0,30-40,31.366666666666667,2.0,1.0,0.5,147,41,904.405,0.08,0.5,0.0,0.0,0.0,0,0,0.0,0.0,0,0,0.0,699.17,1,0,0.0,1808.81,2,1,0.5,0
LGS2ORD0030189,C012738,2025-08-28 02:00:00,Female,27,Silver,Web,Nakhon Ratchasima,1443,Shopee,COD,2,8,3,0,20-30,48.1,8.0,2.0,0.25,50,5,5985.47,0.25,0.5,0.125,0.0,8025.51,1,0,0.0,8025.51,1,0,0.0,29160.770000000004,5,2,0.4,47883.76,8,2,0.25,1
LGS2ORD0030190,C016999,2025-08-28 02:00:00,Female,23,Silver,Web,Bangkok,1405,Web,Credit_Card,2,8,3,0,20-30,46.833333333333336,0.0,0.0,0.0,-1,-1,0.0,0.0,0.0,0.0,0.0,0.0,0,0,0.0,0.0,0,0,0.0,0.0,0,0,0.0,0.0,0,0,0.0,1
LGS2ORD0030191,C014568,2025-08-28 02:00:00,Male,36,Bronze,Shopee,Bangkok,1369,Web,COD,2,8,3,0,30-40,45.63333333333333,2.0,0.0,0.0,-1,37,13434.199999999999,0.28,1.0,0.5,0.0,0.0,0,0,0.0,0.0,0,0,0.0,24596.92,1,0,0.0,26868.399999999998,2,0,0.0,0
LGS2ORD0030192,C015625,2025-08-28 02:00:00,Male,35,Bronze,Web,Phuket,722,Shopee,COD,2,8,3,0,30-40,24.066666666666666,1.0,1.0,1.0,1,3,5267.44,0.03,0.0,0.0,0.0,5267.44,1,1,1.0,5267.44,1,1,1.0,5267.44,1,1,1.0,5267.44,1,1,1.0,1
LGS2ORD0030193,C016576,2025-08-28 02:00:00,Female,18,Bronze,Web,Chonburi,1008,TV_Show,Bank_Transfer,2,8,3,0,<20,33.6,7.0,3.0,0.42857142857142855,8,18,3447.1057142857144,0.23,0.7142857142857143,0.2857142857142857,0.0,0.0,0,0,0.0,1963.81,1,1,1.0,1963.81,1,1,1.0,24129.74,7,3,0.42857142857142855,1
LGS2ORD0030194,C017524,2025-08-28 03:00:00,Male,48,Bronze,Shopee,Remote_Area,1332,Web,PromptPay,3,8,3,0,40-50,44.4,8.0,6.0,0.75,16,24,5978.59,0.23,0.5,0.25,0.0,0.0,0,0,0.0,19955.260000000002,2,1,0.5,32740.32,4,2,0.5,47828.72,8,6,0.75,0
LGS2ORD0030195,C013202,2025-08-28 03:00:00,Male,30,Bronze,Web,Khon Kaen,1118,CallCenter,COD,3,8,3,0,20-30,37.266666666666666,4.0,1.0,0.25,180,8,8122.4125,0.03,0.75,0.0,0.0,0.0,0,0,0.0,9517.68,2,0,0.0,9517.68,2,0,0.0,32489.65,4,1,0.25,0
LGS2ORD0030196,C012278,2025-08-28 03:00:00,Male,31,Bronze,Shopee,Remote_Area,1264,Lazada,Credit_Card,3,8,3,0,30-40,42.13333333333333,4.0,3.0,0.75,3,7,5545.4475,0.23,0.25,0.25,0.0,0.0,0,0,0.0,8197.39,1,1,1.0,11634.43,2,2,1.0,22181.79,4,3,0.75,0
LGS2ORD0030197,C014840,2025-08-28 03:00:00,Female,47,Bronze,CallCenter,Chonburi,1038,TV_Show,PromptPay,3,8,3,0,40-50,34.6,4.0,2.0,0.5,82,1,10535.555,0.13,0.5,0.0,0.0,12328.0,1,0,0.0,12328.0,1,0,0.0,14475.76,2,0,0.0,42142.22,4,2,0.5,0
LGS2ORD0030198,C014027,2025-08-28 03:00:00,Male,41,Gold,Web,Bangkok,645,TV_Show,Credit_Card,3,8,3,0,40-50,21.5,4.0,1.0,0.25,189,147,6241.055,0.2299999999999999,0.5,0.25,0.0,0.0,0,0,0.0,0.0,0,0,0.0,0.0,0,0,0.0,24964.22,4,1,0.25,0
LGS2ORD0030199,C016985,2025-08-28 04:00:00,Male,30,Bronze,TV,Phuket,1550,Web,COD,4,8,3,0,20-30,51.666666666666664,4.0,0.0,0.0,-1,88,6945.33,0.18,0.25,0.0,0.0,0.0,0,0,0.0,0.0,0,0,0.0,4855.63,1,0,0.0,27781.32,4,0,0.0,1
LGS2ORD0030200,C016595,2025-08-28 04:00:00,Female,55,Gold,Lazada,Khon Kaen,1670,Web,COD,4,8,3,0,>50,55.666666666666664,2.0,0.0,0.0,-1,9,3616.295,0.13,0.5,0.0,0.0,0.0,0,0,0.0,6845.54,1,0,0.0,7232.59,2,0,0.0,7232.59,2,0,0.0,0
LGS2ORD0030201,C015287,2025-08-28 04:00:00,Female,28,Silver,TV,Phuket,1118,Shopee,Credit_Card,4,8,3,0,20-30,37.266666666666666,6.0,1.0,0.16666666666666666,-4,8,8347.455,0.15,0.5,0.0,0.0,0.0,0,0,0.0,23149.71,2,1,0.5,36039.46,4,1,0.25,50084.73,6,1,0.16666666666666666,0
LGS2ORD0030202,C013557,2025-08-28 04:00:00,Male,31,Gold,TV,Chiang Mai,1450,Lazada,COD,4,8,3,0,30-40,48.333333333333336,3.0,0.0,0.0,-1,134,2311.7433333333333,0.33,0.3333333333333333,0.6666666666666666,0.0,0.0,0,0,0.0,0.0,0,0,0.0,0.0,0,0,0.0,6935.2300000000005,3,0,0.0,0
LGS2ORD0030203,C011427,2025-08-28 04:00:00,Female,52,Silver,Shopee,Chiang Mai,1373,TV_Show,Credit_Card,4,8,3,0,>50,45.766666666666666,0.0,0.0,0.0,-1,-1,0.0,0.0,0.0,0.0,0.0,0.0,0,0,0.0,0.0,0,0,0.0,0.0,0,0,0.0,0.0,0,0,0.0,0
LGS2ORD0030204,C017198,2025-08-28 04:00:00,Male,51,Bronze,Shopee,Chonburi,1515,TV_Show,COD,4,8,3,0,>50,50.5,6.0,0.0,0.0,-1,18,4908.181666666667,0.28,0.3333333333333333,0.16666666666666666,0.0,0.0,0,0,0.0,1817.5300000000002,2,0,0.0,3350.9100000000003,3,0,0.0,29449.090000000004,6,0,0.0,0
LGS2ORD0030205,C010399,2025-08-28 05:00:00,Male,46,Platinum,Shopee,Chonburi,643,Lazada,PromptPay,5,8,3,0,40-50,21.433333333333334,6.0,0.0,0.0,-1,96,4278.183333333333,0.3,0.3333333333333333,0.5,0.0,0.0,0,0,0.0,0.0,0,0,0.0,0.0,0,0,0.0,25669.100000000002,6,0,0.0,0
LGS2ORD0030206,C012641,2025-08-28 05:00:00,Male,43,Platinum,Web,Phuket,758,Shopee,COD,5,8,3,0,40-50,25.266666666666666,1.0,1.0,1.0,175,186,3929.14,0.1,1.0,0.0,0.0,0.0,0,0,0.0,0.0,0,0,0.0,0.0,0,0,0.0,3929.14,1,1,1.0,1
LGS2ORD0030207,C015179,2025-08-28 05:00:00,Male,41,Platinum,Lazada,Khon Kaen,1231,Web,COD,5,8,3,0,40-50,41.03333333333333,5.0,3.0,0.6,-5,3,4378.176,0.35,0.2,0.6,0.0,9655.86,1,1,1.0,9655.86,1,1,1.0,20260.27,4,3,0.75,21890.88,5,3,0.6,0
LGS2ORD0030208,C015689,2025-08-28 05:00:00,Male,36,Silver,Shopee,Songkhla,1034,CallCenter,Bank_Transfer,5,8,3,0,30-40,34.46666666666667,6.0,3.0,0.5,64,2,7763.391666666666,0.3,0.5,0.3333333333333333,0.0,3124.03,1,0,0.0,3124.03,1,0,0.0,12470.18,2,1,0.5,46580.35,6,3,0.5,0
LGS2ORD0030209,C017268,2025-08-28 05:00:00,Male,48,Silver,TV,Chonburi,1624,CallCenter,COD,5,8,3,0,40-50,54.13333333333333,4.0,1.0,0.25,220,136,5622.2699999999995,0.3,0.5,0.5,0.0,0.0,0,0,0.0,0.0,0,0,0.0,0.0,0,0,0.0,22489.079999999998,4,1,0.25,0
LGS2ORD0030210,C012739,2025-08-28 06:00:00,Male,56,Bronze,TV,Remote_Area,1435,Lazada,COD,6,8,3,0,>50,47.833333333333336,5.0,1.0,0.2,41,42,9051.352,0.23,0.6,0.2,0.0,0.0,0,0,0.0,0.0,0,0,0.0,35917.05,4,1,0.25,45256.76,5,1,0.2,0
LGS2ORD0030211,C013719,2025-08-28 06:00:00,Male,54,Gold,CallCenter,Chiang Mai,747,Lazada,COD,6,8,3,0,>50,24.9,3.0,0.0,0.0,-1,7,7237.509999999999,0.13,0.3333333333333333,0.0,0.0,0.0,0,0,0.0,11106.67,1,0,0.0,15140.34,2,0,0.0,21712.53,3,0,0.0,0
LGS2ORD0030212,C012627,2025-08-28 06:00:00,Female,48,Gold,Web,Bangkok,759,Web,Bank_Transfer,6,8,3,0,40-50,25.3,2.0,0.0,0.0,-1,101,2588.0350000000003,0.28,0.0,0.5,0.0,0.0,0,0,0.0,0.0,0,0,0.0,0.0,0,0,0.0,5176.070000000001,2,0,0.0,0
LGS2ORD0030213,C011356,2025-08-28 06:00:00,Female,58,Bronze,Shopee,Chiang Mai,334,CallCenter,Credit_Card,6,8,3,0,>50,11.133333333333333,8.0,3.0,0.375,62,33,3363.7312500000003,0.28,0.5,0.375,0.0,0.0,0,0,0.0,0.0,0,0,0.0,13367.470000000001,2,1,0.5,26909.850000000002,8,3,0.375,0
LGS2ORD0030214,C017019,2025-08-28 06:00:00,Female,44,Bronze,TV,Chonburi,431,TV_Show,COD,6,8,3,0,40-50,14.366666666666667,4.0,1.0,0.25,214,144,1888.205,0.23,0.5,0.5,0.0,0.0,0,0,0.0,0.0,0,0,0.0,0.0,0,0,0.0,7552.82,4,1,0.25,1
LGS2ORD0030215,C012373,2025-08-28 07:00:00,Female,55,Bronze,TV,Chonburi,1285,Web,COD,7,8,3,0,>50,42.833333333333336,5.0,1.0,0.2,76,86,5863.336,0.23,0.6,0.6,0.0,0.0,0,0,0.0,0.0,0,0,0.0,5182.32,2,1,0.5,29316.68,5,1,0.2,0
LGS2ORD0030216,C010644,2025-08-28 07:00:00,Male,55,Bronze,Lazada,Bangkok,871,Shopee,COD,7,8,3,0,>50,29.033333333333335,8.0,1.0,0.125,214,15,13430.456250000001,0.28,0.5,0.125,0.0,0.0,0,0,0.0,10728.38,1,0,0.0,14462.019999999999,2,0,0.0,107443.65000000001,8,1,0.125,0
LGS2ORD0030217,C012484,2025-08-28 07:00:00,Male,52,Silver,CallCenter,Phuket,459,Web,COD,7,8,3,0,>50,15.3,3.0,1.0,0.3333333333333333,106,31,7134.81,0.2,0.3333333333333333,0.0,0.0,0.0,0,0,0.0,0.0,0,0,0.0,18731.36,2,0,0.0,21404.43,3,1,0.3333333333333333,0
LGS2ORD0030218,C010947,2025-08-28 07:00:00,Female,35,Bronze,TV,Nakhon Ratchasima,1222,TV_Show,PromptPay,7,8,3,0,30-40,40.733333333333334,2.0,0.0,0.0,-1,51,1176.665,0.18,1.0,0.0,0.0,0.0,0,0,0.0,0.0,0,0,0.0,982.87,1,0,0.0,2353.33,2,0,0.0,0
LGS2ORD0030219,C013713,2025-08-28 07:00:00,Male,47,Bronze,TV,Bangkok,641,Shopee,PromptPay,7,8,3,0,40-50,21.366666666666667,6.0,2.0,0.3333333333333333,111,56,5072.8516666666665,0.28,0.6666666666666666,0.5,0.0,0.0,0,0,0.0,0.0,0,0,0.0,6603.76,2,0,0.0,30437.109999999997,6,2,0.3333333333333333,1
LGS2ORD0030220,C017356,2025-08-28 08:00:00,Male,37,Bronze,TV,Phuket,1564,TV_Show,Credit_Card,8,8,3,0,30-40,52.13333333333333,7.0,2.0,0.2857142857142857,6,10,11786.358571428571,0.23,0.5714285714285714,0.14285714285714285,0.0,0.0,0,0,0.0,10676.58,1,1,1.0,61071.75,6,1,0.16666666666666666,82504.51,7,2,0.2857142857142857,0
LGS2ORD0030221,C010235,2025-08-28 08:00:00,Female,42,Bronze,TV,Remote_Area,652,TV_Show,COD,8,8,3,0,40-50,21.733333333333334,3.0,1.0,0.3333333333333333,208,1,2660.023333333333,0.18,1.0,0.0,0.0,2996.91,1,0,0.0,2996.91,1,0,0.0,4508.55,2,0,0.0,7980.07,3,1,0.3333333333333333,1
LGS2ORD0030222,C014068,2025-08-28 08:00:00,Female,33,Silver,TV,Bangkok,345,Shopee,COD,8,8,3,0,30-40,11.5,7.0,1.0,0.14285714285714285,197,58,10262.698571428571,0.25,0.42857142857142855,0.14285714285714285,0.0,0.0,0,0,0.0,0.0,0,0,0.0,7832.259999999999,3,0,0.0,71838.89,7,1,0.14285714285714285,0
LGS2ORD0030223,C012044,2025-08-28 08:00:00,Female,66,Bronze,Shopee,Chonburi,1469,TV_Show,COD,8,8,3,0,>50,48.96666666666667,5.0,0.0,0.0,-1,51,2277.7040000000006,0.23,0.4,0.4,0.0,0.0,0,0,0.0,0.0,0,0,0.0,1435.28,1,0,0.0,11388.520000000002,5,0,0.0,0
LGS2ORD0030224,C017773,2025-08-28 08:00:00,Female,33,Bronze,TV,Chiang Mai,542,Shopee,COD,8,8,3,0,30-40,18.066666666666666,5.0,0.0,0.0,-1,6,7316.244000000001,0.18,0.6,0.0,0.0,3471.99,1,0,0.0,3471.99,1,0,0.0,3471.99,1,0,0.0,36581.22,5,0,0.0,1
LGS2ORD0030225,C011451,2025-08-28 08:00:00,Male,38,Silver,CallCenter,Chiang Mai,636,TV_Show,PromptPay,8,8,3,0,30-40,21.2,2.0,0.0,0.0,-1,165,5504.075,0.25,0.5,0.5,0.0,0.0,0,0,0.0,0.0,0,0,0.0,0.0,0,0,0.0,11008.15,2,0,0.0,0
LGS2ORD0030226,C011455,2025-08-28 09:00:00,Female,45,Gold,Web,Phuket,1282,Shopee,Bank_Transfer,9,8,3,0,40-50,42.733333333333334,4.0,1.0,0.25,124,5,6772.335000000001,0.33,0.75,0.5,0.0,1335.58,1,0,0.0,1335.58,1,0,0.0,20707.92,2,0,0.0,27089.340000000004,4,1,0.25,0
LGS2ORD0030227,C017745,2025-08-28 09:00:00,Female,49,Silver,Lazada,Bangkok,647,TV_Show,Bank_Transfer,9,8,3,0,40-50,21.566666666666666,2.0,1.0,0.5,129,143,4003.46,0.15,0.5,0.0,0.0,0.0,0,0,0.0,0.0,0,0,0.0,0.0,0,0,0.0,8006.92,2,1,0.5,0
LGS2ORD0030228,C010955,2025-08-28 09:00:00,Female,45,Silver,CallCenter,Phuket,1328,CallCenter,COD,9,8,3,0,40-50,44.266666666666666,2.0,1.0,0.5,142,141,4110.5,0.1,0.0,0.0,0.0,0.0,0,0,0.0,0.0,0,0,0.0,0.0,0,0,0.0,8221.0,2,1,0.5,1
LGS2ORD0030229,C017642,2025-08-28 09:00:00,Male,42,Gold,TV,Remote_Area,977,Lazada,PromptPay,9,8,3,0,40-50,32.56666666666667,7.0,2.0,0.2857142857142857,-3,7,3703.688571428572,0.18,0.42857142857142855,0.0,0.0,0.0,0,0,0.0,2921.49,2,2,1.0,10958.41,4,2,0.5,25925.820000000003,7,2,0.2857142857142857,0
LGS2ORD0030230,C015480,2025-08-28 09:00:00,Female,49,Bronze,Web,Remote_Area,482,Shopee,Credit_Card,9,8,3,0,40-50,16.066666666666666,5.0,2.0,0.4,5,5,3447.046,0.18,0.8,0.0,0.0,3731.42,1,0,0.0,9104.73,3,1,0.3333333333333333,17235.23,5,2,0.4,17235.23,5,2,0.4,1
LGS2ORD0030231,C017449,2025-08-28 10:00:00,Male,49,Bronze,TV,Bangkok,314,CallCenter,Bank_Transfer,10,8,3,0,40-50,10.466666666666667,3.0,2.0,0.6666666666666666,12,18,18178.943333333333,0.23,0.3333333333333333,0.3333333333333333,0.0,0.0,0,0,0.0,45633.26,2,2,1.0,45633.26,2,2,1.0,54536.83,3,2,0.6666666666666666,0
LGS2ORD0030232,C016612,2025-08-28 10:00:00,Male,28,Platinum,CallCenter,Remote_Area,548,Shopee,Bank_Transfer,10,8,3,0,20-30,18.266666666666666,3.0,0.0,0.0,-1,49,3820.6066666666666,0.3,0.6666666666666666,0.3333333333333333,0.0,0.0,0,0,0.0,0.0,0,0,0.0,1641.02,1,0,0.0,11461.82,3,0,0.0,0
LGS2ORD0030233,C013239,2025-08-28 10:00:00,Male,29,Bronze,Shopee,Khon Kaen,728,CallCenter,Credit_Card,10,8,3,0,20-30,24.266666666666666,8.0,4.0,0.5,57,24,5192.74375,0.28,0.625,0.5,0.0,0.0,0,0,0.0,1490.04,1,0,0.0,10741.529999999999,2,1,0.5,41541.95,8,4,0.5,0
LGS2ORD0030234,C017602,2025-08-28 10:00:00,Male,36,Bronze,TV,Phuket,1218,CallCenter,Bank_Transfer,10,8,3,0,30-40,40.6,3.0,2.0,0.6666666666666666,92,107,7182.006666666667,0.28,0.6666666666666666,0.3333333333333333,0.0,0.0,0,0,0.0,0.0,0,0,0.0,0.0,0,0,0.0,21546.02,3,2,0.6666666666666666,0
LGS2ORD0030235,C011219,2025-08-28 10:00:00,Male,54,Silver,Web,Chiang Mai,743,Web,COD,10,8,3,0,>50,24.766666666666666,4.0,1.0,0.25,84,84,5631.5575,0.25,0.5,0.25,0.0,0.0,0,0,0.0,0.0,0,0,0.0,707.5,1,0,0.0,22526.23,4,1,0.25,0
LGS2ORD0030236,C016139,2025-08-28 11:00:00,Female,52,Bronze,TV,Phuket,1182,TV_Show,PromptPay,11,8,3,0,>50,39.4,6.0,0.0,0.0,-1,71,3127.8283333333334,0.28,0.16666666666666666,0.3333333333333333,0.0,0.0,0,0,0.0,0.0,0,0,0.0,11552.619999999999,2,0,0.0,18766.97,6,0,0.0,0
LGS2ORD0030237,C011864,2025-08-28 11:00:00,Female,32,Bronze,Lazada,Khon Kaen,325,Shopee,PromptPay,11,8,3,0,30-40,10.833333333333334,9.0,2.0,0.2222222222222222,13,26,4550.578888888889,0.28,0.5555555555555556,0.4444444444444444,0.0,0.0,0,0,0.0,5818.78,2,1,0.5,33387.39,6,2,0.3333333333333333,40955.21,9,2,0.2222222222222222,0
LGS2ORD0030238,C016136,2025-08-28 11:00:00,Male,42,Silver,CallCenter,Remote_Area,489,Web,COD,11,8,3,0,40-50,16.3,3.0,0.0,0.0,-1,5,2662.7033333333334,0.25,0.6666666666666666,0.3333333333333333,0.0,4472.88,1,0,0.0,4472.88,1,0,0.0,5006.49,2,0,0.0,7988.110000000001,3,0,0.0,0
LGS2ORD0030239,C016922,2025-08-28 11:00:00,Male,47,Gold,Shopee,Bangkok,424,TV_Show,COD,11,8,3,0,40-50,14.133333333333333,4.0,1.0,0.25,109,15,4347.235,0.28,0.25,0.5,0.0,0.0,0,0,0.0,3558.31,1,0,0.0,3558.31,1,0,0.0,17388.94,4,1,0.25,0
LGS2ORD0030240,C017916,2025-08-28 11:00:00,Male,40,Gold,Shopee,Chonburi,1685,TV_Show,Bank_Transfer,11,8,3,0,30-40,56.166666666666664,1.0,0.0,0.0,-1,45,4156.66,0.18,0.0,0.0,0.0,0.0,0,0,0.0,0.0,0,0,0.0,4156.66,1,0,0.0,4156.66,1,0,0.0,0
LGS2ORD0030241,C010923,2025-08-28 12:00:00,Female,44,Platinum,Lazada,Bangkok,1512,CallCenter,PromptPay,12,8,3,0,40-50,50.4,2.0,0.0,0.0,-1,89,10831.825,0.2,0.0,0.0,0.0,0.0,0,0,0.0,0.0,0,0,0.0,19928.25,1,0,0.0,21663.65,2,0,0.0,0
LGS2ORD0030242,C013470,2025-08-28 12:00:00,Other,54,Silver,Web,Bangkok,342,TV_Show,COD,12,8,3,0,>50,11.4,3.0,1.0,0.3333333333333333,42,51,8943.13,0.25,0.3333333333333333,0.3333333333333333,0.0,0.0,0,0,0.0,0.0,0,0,0.0,1974.04,1,1,1.0,26829.39,3,1,0.3333333333333333,0
LGS2ORD0030243,C015124,2025-08-28 12:00:00,Female,54,Bronze,TV,Nakhon Ratchasima,272,Shopee,Credit_Card,12,8,3,0,>50,9.066666666666666,6.0,2.0,0.3333333333333333,15,31,3649.3299999999995,0.28,0.6666666666666666,0.3333333333333333,0.0,0.0,0,0,0.0,0.0,0,0,0.0,3420.99,1,1,1.0,21895.979999999996,6,2,0.3333333333333333,0
LGS2ORD0030244,C017440,2025-08-28 12:00:00,Male,40,Bronze,Web,Bangkok,493,Shopee,PromptPay,12,8,3,0,30-40,16.433333333333334,4.0,1.0,0.25,133,149,3803.0525,0.23,0.25,0.25,0.0,0.0,0,0,0.0,0.0,0,0,0.0,0.0,0,0,0.0,15212.21,4,1,0.25,0
LGS2ORD0030245,C016257,2025-08-28 12:00:00,Female,20,Bronze,TV,Remote_Area,1461,Web,Bank_Transfer,12,8,3,0,<20,48.7,2.0,0.0,0.0,-1,83,5454.28,0.23,1.0,1.0,0.0,0.0,0,0,0.0,0.0,0,0,0.0,9018.51,1,0,0.0,10908.56,2,0,0.0,0
LGS2ORD0030246,C010442,2025-08-28 12:00:00,Female,49,Gold,Web,Songkhla,614,CallCenter,COD,12,8,3,0,40-50,20.466666666666665,3.0,1.0,0.3333333333333333,114,129,3618.693333333333,0.2299999999999999,0.0,0.3333333333333333,0.0,0.0,0,0,0.0,0.0,0,0,0.0,0.0,0,0,0.0,10856.08,3,1,0.3333333333333333,0
LGS2ORD0030247,C015780,2025-08-28 13:00:00,Female,56,Bronze,TV,Bangkok,498,Web,COD,13,8,3,0,>50,16.6,5.0,2.0,0.4,72,82,5918.058,0.23,0.4,0.2,0.0,0.0,0,0,0.0,0.0,0,0,0.0,3144.28,1,1,1.0,29590.29,5,2,0.4,0
LGS2ORD0030248,C010449,2025-08-28 13:00:00,Female,41,Gold,Web,Bangkok,727,CallCenter,PromptPay,13,8,3,0,40-50,24.233333333333334,6.0,2.0,0.3333333333333333,27,36,2319.2433333333333,0.2299999999999999,0.6666666666666666,0.16666666666666666,0.0,0.0,0,0,0.0,0.0,0,0,0.0,2897.18,1,1,1.0,13915.46,6,2,0.3333333333333333,0
LGS2ORD0030249,C010463,2025-08-28 13:00:00,Male,33,Silver,Shopee,Khon Kaen,1667,Shopee,PromptPay,13,8,3,0,30-40,55.56666666666667,3.0,1.0,0.3333333333333333,142,121,2559.686666666667,0.15,0.6666666666666666,0.0,0.0,0.0,0,0,0.0,0.0,0,0,0.0,0.0,0,0,0.0,7679.06,3,1,0.3333333333333333,1
LGS2ORD0030250,C013157,2025-08-28 13:00:00,Male,48,Silver,TV,Khon Kaen,1492,Shopee,Credit_Card,13,8,3,0,40-50,49.733333333333334,4.0,1.0,0.25,181,44,3610.3575,0.25,0.75,0.25,0.0,0.0,0,0,0.0,0.0,0,0,0.0,1197.97,1,0,0.0,14441.43,4,1,0.25,0
LGS2ORD0030251,C015411,2025-08-28 13:00:00,Female,36,Platinum,Shopee,Nakhon Ratchasima,1136,Web,COD,13,8,3,0,30-40,37.86666666666667,4.0,2.0,0.5,97,110,5761.27,0.3,0.75,0.5,0.0,0.0,0,0,0.0,0.0,0,0,0.0,0.0,0,0,0.0,23045.08,4,2,0.5,0
LGS2ORD0030252,C013834,2025-08-28 14:00:00,Female,18,Bronze,Shopee,Bangkok,1280,Lazada,PromptPay,14,8,3,0,<20,42.666666666666664,6.0,0.0,0.0,-1,61,5043.2733333333335,0.23,0.5,0.16666666666666666,0.0,0.0,0,0,0.0,0.0,0,0,0.0,26428.22,4,0,0.0,30259.64,6,0,0.0,0
LGS2ORD0030253,C017341,2025-08-28 14:00:00,Female,19,Gold,Lazada,Chonburi,632,Lazada,PromptPay,14,8,3,0,<20,21.066666666666666,5.0,1.0,0.2,25,34,7768.910000000001,0.28,0.4,0.4,0.0,0.0,0,0,0.0,0.0,0,0,0.0,9214.57,2,1,0.5,38844.55,5,1,0.2,1
LGS2ORD0030254,C013389,2025-08-28 14:00:00,Female,43,Silver,Shopee,Bangkok,1373,Lazada,COD,14,8,3,0,40-50,45.766666666666666,3.0,1.0,0.3333333333333333,79,36,2077.7033333333334,0.3,1.0,0.3333333333333333,0.0,0.0,0,0,0.0,0.0,0,0,0.0,3084.97,1,0,0.0,6233.11,3,1,0.3333333333333333,0
LGS2ORD0030255,C016556,2025-08-28 14:00:00,Female,47,Silver,TV,Remote_Area,718,Web,Credit_Card,14,8,3,0,40-50,23.933333333333334,8.0,2.0,0.25,62,48,5263.54125,0.3,0.875,0.25,0.0,0.0,0,0,0.0,0.0,0,0,0.0,14030.189999999999,3,1,0.3333333333333333,42108.33,8,2,0.25,0
LGS2ORD0030256,C017830,2025-08-28 14:00:00,Male,50,Bronze,CallCenter,Phuket,1516,TV_Show,COD,14,8,3,0,40-50,50.53333333333333,6.0,3.0,0.5,109,46,9116.086666666668,0.23,0.6666666666666666,0.16666666666666666,0.0,0.0,0,0,0.0,0.0,0,0,0.0,6426.72,1,0,0.0,54696.520000000004,6,3,0.5,1
LGS2ORD0030257,C014292,2025-08-28 15:00:00,Male,41,Bronze,CallCenter,Bangkok,322,TV_Show,PromptPay,15,8,3,0,40-50,10.733333333333333,3.0,2.0,0.6666666666666666,101,114,2449.44,0.18,1.0,0.0,0.0,0.0,0,0,0.0,0.0,0,0,0.0,0.0,0,0,0.0,7348.32,3,2,0.6666666666666666,1
LGS2ORD0030258,C014432,2025-08-28 15:00:00,Female,45,Gold,TV,Bangkok,1189,Shopee,Credit_Card,15,8,3,0,40-50,39.63333333333333,3.0,1.0,0.3333333333333333,154,75,1797.9000000000003,0.2299999999999999,0.0,0.3333333333333333,0.0,0.0,0,0,0.0,0.0,0,0,0.0,2549.35,1,0,0.0,5393.700000000001,3,1,0.3333333333333333,0
LGS2ORD0030259,C015243,2025-08-28 15:00:00,Male,45,Bronze,TV,Songkhla,429,TV_Show,COD,15,8,3,0,40-50,14.3,4.0,3.0,0.75,85,98,1761.4675,0.18,0.75,0.0,0.0,0.0,0,0,0.0,0.0,0,0,0.0,0.0,0,0,0.0,7045.87,4,3,0.75,1
LGS2ORD0030260,C015600,2025-08-28 15:00:00,Male,18,Silver,Web,Nakhon Ratchasima,779,Web,COD,15,8,3,0,<20,25.966666666666665,6.0,1.0,0.16666666666666666,140,130,10332.026666666667,0.3,0.6666666666666666,0.5,0.0,0.0,0,0,0.0,0.0,0,0,0.0,0.0,0,0,0.0,61992.159999999996,6,1,0.16666666666666666,0
LGS2ORD0030261,C016319,2025-08-28 15:00:00,Female,30,Bronze,Shopee,Chonburi,312,TV_Show,PromptPay,15,8,3,0,20-30,10.4,5.0,3.0,0.6,73,43,5852.737999999999,0.23,0.8,0.2,0.0,0.0,0,0,0.0,0.0,0,0,0.0,25805.03,3,1,0.3333333333333333,29263.69,5,3,0.6,0
LGS2ORD0030262,C012645,2025-08-28 16:00:00,Female,45,Silver,Web,Nakhon Ratchasima,678,CallCenter,COD,16,8,3,0,40-50,22.6,9.0,3.0,0.3333333333333333,65,6,5894.121111111111,0.2,0.4444444444444444,0.0,0.0,1870.0,1,0,0.0,1870.0,1,0,0.0,4021.4,2,1,0.5,53047.09,9,3,0.3333333333333333,1
LGS2ORD0030263,C017102,2025-08-28 16:00:00,Female,18,Gold,TV,Remote_Area,1490,TV_Show,COD,16,8,3,0,<20,49.666666666666664,6.0,3.0,0.5,36,27,4294.816666666667,0.2299999999999999,0.6666666666666666,0.3333333333333333,0.0,0.0,0,0,0.0,740.62,1,0,0.0,19518.32,2,1,0.5,25768.9,6,3,0.5,1
LGS2ORD0030264,C012108,2025-08-28 16:00:00,Female,61,Gold,TV,Khon Kaen,806,TV_Show,Credit_Card,16,8,3,0,>50,26.866666666666667,2.0,0.0,0.0,-1,45,3357.755,0.2299999999999999,0.5,0.5,0.0,0.0,0,0,0.0,0.0,0,0,0.0,941.05,1,0,0.0,6715.51,2,0,0.0,0
LGS2ORD0030265,C017497,2025-08-28 16:00:00,Female,43,Bronze,Lazada,Khon Kaen,1096,Web,PromptPay,16,8,3,0,40-50,36.53333333333333,4.0,1.0,0.25,-7,4,2165.6375,0.23,1.0,0.5,0.0,2534.08,1,1,1.0,2534.08,1,1,1.0,5852.110000000001,3,1,0.3333333333333333,8662.55,4,1,0.25,0
LGS2ORD0030266,C012103,2025-08-28 16:00:00,Female,41,Silver,TV,Khon Kaen,1359,Web,COD,16,8,3,0,40-50,45.3,1.0,0.0,0.0,-1,23,2545.29,0.15,0.0,0.0,0.0,0.0,0,0,0.0,2545.29,1,0,0.0,2545.29,1,0,0.0,2545.29,1,0,0.0,0
LGS2ORD0030267,C013239,2025-08-28 16:00:00,Male,29,Bronze,Shopee,Khon Kaen,728,Lazada,Credit_Card,16,8,3,0,20-30,24.266666666666666,9.0,4.0,0.4444444444444444,58,0,5104.785555555555,0.28,0.5555555555555556,0.4444444444444444,0.0,4401.12,1,0,0.0,5891.16,2,0,0.0,15142.649999999998,3,1,0.3333333333333333,45943.07,9,4,0.4444444444444444,0
LGS2ORD0030268,C014770,2025-08-28 17:00:00,Female,30,Bronze,Web,Bangkok,587,Web,COD,17,8,3,0,20-30,19.566666666666666,3.0,0.0,0.0,-1,14,5223.456666666666,0.23,1.0,0.3333333333333333,0.0,0.0,0,0,0.0,633.09,1,0,0.0,633.09,1,0,0.0,15670.369999999999,3,0,0.0,0
LGS2ORD0030269,C013274,2025-08-28 17:00:00,Female,63,Silver,Shopee,Phuket,632,Shopee,Bank_Transfer,17,8,3,0,>50,21.066666666666666,2.0,0.0,0.0,-1,63,5230.9,0.1,0.0,0.0,0.0,0.0,0,0,0.0,0.0,0,0,0.0,6254.52,1,0,0.0,10461.8,2,0,0.0,0
LGS2ORD0030270,C014283,2025-08-28 17:00:00,Male,58,Gold,Lazada,Bangkok,938,TV_Show,COD,17,8,3,0,>50,31.266666666666666,8.0,1.0,0.125,193,33,2161.33625,0.33,0.625,0.625,0.0,0.0,0,0,0.0,0.0,0,0,0.0,5863.039999999999,2,0,0.0,17290.69,8,1,0.125,0
LGS2ORD0030271,C014580,2025-08-28 17:00:00,Male,63,Gold,Lazada,Bangkok,672,CallCenter,Bank_Transfer,17,8,3,0,>50,22.4,4.0,0.0,0.0,-1,126,6807.605,0.33,0.75,0.25,0.0,0.0,0,0,0.0,0.0,0,0,0.0,0.0,0,0,0.0,27230.42,4,0,0.0,1
LGS2ORD0030272,C011200,2025-08-28 17:00:00,Male,58,Silver,TV,Chiang Mai,1443,Web,Bank_Transfer,17,8,3,0,>50,48.1,4.0,0.0,0.0,-1,59,6606.73,0.25,0.5,0.25,0.0,0.0,0,0,0.0,0.0,0,0,0.0,13200.33,1,0,0.0,26426.92,4,0,0.0,0
LGS2ORD0030273,C012964,2025-08-28 18:00:00,Female,50,Gold,Web,Bangkok,392,Lazada,COD,18,8,3,0,40-50,13.066666666666666,4.0,1.0,0.25,93,28,8565.79,0.28,0.25,0.75,0.0,0.0,0,0,0.0,9382.62,1,0,0.0,9382.62,1,0,0.0,34263.16,4,1,0.25,0
LGS2ORD0030274,C016304,2025-08-28 18:00:00,Male,44,Bronze,TV,Chonburi,819,TV_Show,Credit_Card,18,8,3,0,40-50,27.3,4.0,1.0,0.25,36,48,8143.550000000001,0.23,0.75,0.25,0.0,0.0,0,0,0.0,0.0,0,0,0.0,4096.9,1,1,1.0,32574.200000000004,4,1,0.25,0
LGS2ORD0030275,C010356,2025-08-28 18:00:00,Male,39,Silver,Shopee,Bangkok,580,Web,PromptPay,18,8,3,0,30-40,19.333333333333332,6.0,0.0,0.0,-1,55,7604.741666666668,0.25,0.6666666666666666,0.16666666666666666,0.0,0.0,0,0,0.0,0.0,0,0,0.0,16566.46,3,0,0.0,45628.450000000004,6,0,0.0,0
LGS2ORD0030276,C010370,2025-08-28 18:00:00,Female,36,Bronze,CallCenter,Nakhon Ratchasima,1415,CallCenter,Credit_Card,18,8,3,0,30-40,47.166666666666664,6.0,1.0,0.16666666666666666,142,78,4659.7716666666665,0.23,0.16666666666666666,0.16666666666666666,0.0,0.0,0,0,0.0,0.0,0,0,0.0,13439.07,3,0,0.0,27958.629999999997,6,1,0.16666666666666666,0
LGS2ORD0030277,C013040,2025-08-28 18:00:00,Male,53,Gold,TV,Khon Kaen,1212,TV_Show,Credit_Card,18,8,3,0,>50,40.4,4.0,0.0,0.0,-1,30,4512.6224999999995,0.2299999999999999,0.75,0.5,0.0,0.0,0,0,0.0,0.0,0,0,0.0,995.46,1,0,0.0,18050.489999999998,4,0,0.0,0
LGS2ORD0030278,C014171,2025-08-28 19:00:00,Male,52,Bronze,TV,Remote_Area,752,TV_Show,Bank_Transfer,19,8,3,0,>50,25.066666666666666,3.0,2.0,0.6666666666666666,-2,8,4797.996666666667,0.28,0.6666666666666666,0.6666666666666666,0.0,0.0,0,0,0.0,12095.14,2,1,0.5,12095.14,2,1,0.5,14393.99,3,2,0.6666666666666666,0
LGS2ORD0030279,C014127,2025-08-28 19:00:00,Female,40,Silver,TV,Phuket,584,TV_Show,PromptPay,19,8,3,0,30-40,19.466666666666665,6.0,3.0,0.5,41,36,2416.701666666667,0.2,0.6666666666666666,0.0,0.0,0.0,0,0,0.0,0.0,0,0,0.0,6904.28,2,1,0.5,14500.210000000001,6,3,0.5,0
LGS2ORD0030280,C014049,2025-08-28 19:00:00,Female,34,Bronze,TV,Nakhon Ratchasima,302,Web,Credit_Card,19,8,3,0,30-40,10.066666666666666,4.0,0.0,0.0,-1,72,10793.0125,0.13,1.0,0.0,0.0,0.0,0,0,0.0,0.0,0,0,0.0,33268.52,3,0,0.0,43172.05,4,0,0.0,0
LGS2ORD0030281,C016160,2025-08-28 19:00:00,Female,46,Bronze,Web,Chonburi,982,TV_Show,COD,19,8,3,0,40-50,32.733333333333334,3.0,0.0,0.0,-1,7,12526.349999999999,0.23,0.3333333333333333,0.6666666666666666,0.0,0.0,0,0,0.0,12746.1,1,0,0.0,12746.1,1,0,0.0,37579.049999999996,3,0,0.0,1
LGS2ORD0030282,C015976,2025-08-28 19:00:00,Female,40,Bronze,CallCenter,Khon Kaen,622,TV_Show,Bank_Transfer,19,8,3,0,30-40,20.733333333333334,2.0,0.0,0.0,-1,34,1477.23,0.23,1.0,0.5,0.0,0.0,0,0,0.0,0.0,0,0,0.0,1444.42,1,0,0.0,2954.46,2,0,0.0,1
LGS2ORD0030283,C016929,2025-08-28 20:00:00,Male,33,Bronze,Shopee,Remote_Area,1139,TV_Show,PromptPay,20,8,3,0,30-40,37.96666666666667,3.0,3.0,1.0,157,168,7316.356666666666,0.18,0.6666666666666666,0.0,0.0,0.0,0,0,0.0,0.0,0,0,0.0,0.0,0,0,0.0,21949.069999999996,3,3,1.0,0
LGS2ORD0030284,C011262,2025-08-28 20:00:00,Male,58,Platinum,Lazada,Khon Kaen,1585,Shopee,PromptPay,20,8,3,0,>50,52.833333333333336,1.0,0.0,0.0,-1,62,8469.17,0.25,1.0,1.0,0.0,0.0,0,0,0.0,0.0,0,0,0.0,8469.17,1,0,0.0,8469.17,1,0,0.0,0
LGS2ORD0030285,C010004,2025-08-28 20:00:00,Male,42,Platinum,Shopee,Chonburi,569,CallCenter,COD,20,8,3,0,40-50,18.966666666666665,6.0,1.0,0.16666666666666666,8,13,3449.515,0.3,1.0,0.5,0.0,0.0,0,0,0.0,5111.21,2,1,0.5,13473.32,4,1,0.25,20697.09,6,1,0.16666666666666666,0
LGS2ORD0030286,C011035,2025-08-28 20:00:00,Male,65,Bronze,Shopee,Nakhon Ratchasima,659,TV_Show,COD,20,8,3,0,>50,21.966666666666665,4.0,1.0,0.25,31,0,3214.54,0.23,0.25,0.25,0.0,3484.77,1,0,0.0,3484.77,1,0,0.0,10474.970000000001,3,1,0.3333333333333333,12858.16,4,1,0.25,1
LGS2ORD0030287,C013390,2025-08-28 20:00:00,Male,47,Bronze,Shopee,Remote_Area,1296,Shopee,PromptPay,20,8,3,0,40-50,43.2,2.0,1.0,0.5,5,12,9830.605,0.28,1.0,0.5,0.0,0.0,0,0,0.0,17283.62,1,1,1.0,19661.21,2,1,0.5,19661.21,2,1,0.5,1
LGS2ORD0030288,C011460,2025-08-28 20:00:00,Female,59,Silver,CallCenter,Songkhla,1008,Shopee,COD,20,8,3,0,>50,33.6,3.0,1.0,0.3333333333333333,170,168,6589.049999999999,0.25,0.0,0.6666666666666666,0.0,0.0,0,0,0.0,0.0,0,0,0.0,0.0,0,0,0.0,19767.149999999998,3,1,0.3333333333333333,1
LGS2ORD0030289,C010520,2025-08-28 21:00:00,Female,31,Gold,TV,Nakhon Ratchasima,1473,CallCenter,Credit_Card,21,8,3,0,30-40,49.1,3.0,0.0,0.0,-1,144,4492.139999999999,0.28,0.6666666666666666,0.6666666666666666,0.0,0.0,0,0,0.0,0.0,0,0,0.0,0.0,0,0,0.0,13476.419999999998,3,0,0.0,0
LGS2ORD0030290,C011940,2025-08-28 21:00:00,Male,50,Bronze,Web,Bangkok,1449,Lazada,Credit_Card,21,8,3,0,40-50,48.3,3.0,2.0,0.6666666666666666,179,184,6323.509999999999,0.18,0.6666666666666666,0.0,0.0,0.0,0,0,0.0,0.0,0,0,0.0,0.0,0,0,0.0,18970.53,3,2,0.6666666666666666,0
LGS2ORD0030291,C013045,2025-08-28 21:00:00,Female,56,Bronze,TV,Khon Kaen,588,Lazada,COD,21,8,3,0,>50,19.6,4.0,1.0,0.25,190,45,2038.0249999999999,0.28,0.75,0.25,0.0,0.0,0,0,0.0,0.0,0,0,0.0,928.12,1,0,0.0,8152.099999999999,4,1,0.25,1
LGS2ORD0030292,C017157,2025-08-28 21:00:00,Female,45,Gold,TV,Khon Kaen,1568,Web,COD,21,8,3,0,40-50,52.266666666666666,3.0,1.0,0.3333333333333333,45,53,7391.836666666667,0.28,0.6666666666666666,0.6666666666666666,0.0,0.0,0,0,0.0,0.0,0,0,0.0,4366.67,2,1,0.5,22175.510000000002,3,1,0.3333333333333333,0
LGS2ORD0030293,C014571,2025-08-28 21:00:00,Female,37,Bronze,TV,Phuket,1204,Lazada,PromptPay,21,8,3,0,30-40,40.13333333333333,3.0,1.0,0.3333333333333333,103,33,11081.536666666667,0.03,0.6666666666666666,0.0,0.0,0.0,0,0,0.0,0.0,0,0,0.0,29129.86,2,0,0.0,33244.61,3,1,0.3333333333333333,0
LGS2ORD0030294,C012933,2025-08-28 22:00:00,Female,40,Bronze,Shopee,Phuket,414,Web,COD,22,8,3,0,30-40,13.8,5.0,1.0,0.2,187,52,11475.182,0.28,0.6,0.2,0.0,0.0,0,0,0.0,0.0,0,0,0.0,15671.980000000001,2,0,0.0,57375.91,5,1,0.2,1
LGS2ORD0030295,C012483,2025-08-28 22:00:00,Male,36,Silver,TV,Khon Kaen,1689,TV_Show,COD,22,8,3,0,30-40,56.3,7.0,3.0,0.42857142857142855,113,54,1786.5914285714284,0.3,0.42857142857142855,0.42857142857142855,0.0,0.0,0,0,0.0,0.0,0,0,0.0,603.7,1,0,0.0,12506.14,7,3,0.42857142857142855,0
LGS2ORD0030296,C013434,2025-08-28 22:00:00,Female,47,Silver,Lazada,Bangkok,1204,Web,Bank_Transfer,22,8,3,0,40-50,40.13333333333333,2.0,0.0,0.0,-1,116,8079.0650000000005,0.1,0.5,0.0,0.0,0.0,0,0,0.0,0.0,0,0,0.0,0.0,0,0,0.0,16158.130000000001,2,0,0.0,1
LGS2ORD0030297,C012817,2025-08-28 22:00:00,Female,68,Silver,Lazada,Bangkok,363,TV_Show,COD,22,8,3,0,>50,12.1,2.0,0.0,0.0,-1,70,6830.01,0.2,0.5,0.0,0.0,0.0,0,0,0.0,0.0,0,0,0.0,1532.18,1,0,0.0,13660.02,2,0,0.0,0
LGS2ORD0030298,C012305,2025-08-28 22:00:00,Female,43,Gold,Web,Khon Kaen,1634,Web,COD,22,8,3,0,40-50,54.46666666666667,6.0,0.0,0.0,-1,45,4572.63,0.33,0.8333333333333334,0.5,0.16666666666666666,0.0,0,0,0.0,0.0,0,0,0.0,14628.779999999999,2,0,0.0,27435.78,6,0,0.0,1
LGS2ORD0030299,C015292,2025-08-28 23:00:00,Male,33,Gold,Web,Chonburi,1603,CallCenter,PromptPay,23,8,3,0,30-40,53.43333333333333,3.0,0.0,0.0,-1,28,3821.1666666666665,0.28,0.3333333333333333,0.3333333333333333,0.0,0.0,0,0,0.0,3727.14,1,0,0.0,5024.84,2,0,0.0,11463.5,3,0,0.0,1
LGS2ORD0030300,C010079,2025-08-28 23:00:00,Male,41,Bronze,Web,Khon Kaen,1207,Web,PromptPay,23,8,3,0,40-50,40.233333333333334,5.0,1.0,0.2,95,47,22431.49,0.18,0.6,0.0,0.0,0.0,0,0,0.0,0.0,0,0,0.0,28935.190000000002,2,0,0.0,112157.45000000001,5,1,0.2,1
LGS2ORD0030301,C010405,2025-08-28 23:00:00,Female,29,Bronze,Shopee,Nakhon Ratchasima,421,Web,COD,23,8,3,0,20-30,14.033333333333333,3.0,1.0,0.3333333333333333,195,60,4524.276666666667,0.28,0.6666666666666666,0.3333333333333333,0.0,0.0,0,0,0.0,0.0,0,0,0.0,726.16,1,0,0.0,13572.83,3,1,0.3333333333333333,0
LGS2ORD0030302,C011549,2025-08-28 23:00:00,Other,51,Gold,TV,Nakhon Ratchasima,1052,Web,COD,23,8,3,0,>50,35.06666666666667,2.0,0.0,0.0,-1,48,1453.185,0.13,0.5,0.0,0.0,0.0,0,0,0.0,0.0,0,0,0.0,1132.13,1,0,0.0,2906.37,2,0,0.0,1
LGS2ORD0030303,C011384,2025-08-28 23:00:00,Female,52,Platinum,Web,Nakhon Ratchasima,1429,TV_Show,COD,23,8,3,0,>50,47.63333333333333,2.0,0.0,0.0,-1,192,5247.165,0.15,0.0,0.0,0.0,0.0,0,0,0.0,0.0,0,0,0.0,0.0,0,0,0.0,10494.33,2,0,0.0,0
LGS2ORD0030304,C011702,2025-08-29 00:00:00,Female,54,Gold,Web,Phuket,298,Shopee,COD,0,8,4,0,>50,9.933333333333334,3.0,1.0,0.3333333333333333,91,108,4958.806666666666,0.18,0.3333333333333333,0.0,0.0,0.0,0,0,0.0,0.0,0,0,0.0,0.0,0,0,0.0,14876.42,3,1,0.3333333333333333,0
LGS2ORD0030305,C013026,2025-08-29 00:00:00,Male,63,Bronze,Shopee,Bangkok,1680,Lazada,Bank_Transfer,0,8,4,0,>50,56.0,3.0,1.0,0.3333333333333333,150,41,8038.75,0.23,0.3333333333333333,0.3333333333333333,0.0,0.0,0,0,0.0,0.0,0,0,0.0,10168.09,1,0,0.0,24116.25,3,1,0.3333333333333333,0
LGS2ORD0030306,C014975,2025-08-29 00:00:00,Female,48,Platinum,Web,Chonburi,852,CallCenter,COD,0,8,4,0,40-50,28.4,4.0,0.0,0.0,-1,51,4834.1900000000005,0.15,0.25,0.0,0.0,0.0,0,0,0.0,0.0,0,0,0.0,4695.97,1,0,0.0,19336.760000000002,4,0,0.0,0
LGS2ORD0030307,C016951,2025-08-29 00:00:00,Female,38,Silver,CallCenter,Khon Kaen,1176,TV_Show,Bank_Transfer,0,8,4,0,30-40,39.2,2.0,1.0,0.5,224,213,2253.59,0.3,0.5,1.0,0.0,0.0,0,0,0.0,0.0,0,0,0.0,0.0,0,0,0.0,4507.18,2,1,0.5,0
LGS2ORD0030308,C016048,2025-08-29 00:00:00,Female,34,Silver,Shopee,Chiang Mai,951,Lazada,COD,0,8,4,0,30-40,31.7,4.0,2.0,0.5,69,76,2172.06,0.25,0.75,0.5,0.0,0.0,0,0,0.0,0.0,0,0,0.0,1895.92,1,1,1.0,8688.24,4,2,0.5,1
LGS2ORD0030309,C012470,2025-08-29 00:00:00,Female,28,Bronze,Shopee,Bangkok,956,TV_Show,Credit_Card,0,8,4,0,20-30,31.866666666666667,4.0,0.0,0.0,-1,174,6207.712500000001,0.18,0.75,0.0,0.0,0.0,0,0,0.0,0.0,0,0,0.0,0.0,0,0,0.0,24830.850000000002,4,0,0.0,0
LGS2ORD0030310,C016497,2025-08-29 01:00:00,Female,53,Silver,Shopee,Bangkok,1456,CallCenter,Credit_Card,1,8,4,0,>50,48.53333333333333,3.0,2.0,0.6666666666666666,57,67,5852.13,0.3,0.3333333333333333,0.3333333333333333,0.0,0.0,0,0,0.0,0.0,0,0,0.0,8639.84,1,1,1.0,17556.39,3,2,0.6666666666666666,0
LGS2ORD0030311,C017319,2025-08-29 01:00:00,Male,48,Bronze,Shopee,Nakhon Ratchasima,368,Lazada,COD,1,8,4,0,40-50,12.266666666666667,2.0,0.0,0.0,-1,57,15116.349999999999,0.23,1.0,0.5,0.0,0.0,0,0,0.0,0.0,0,0,0.0,1315.01,1,0,0.0,30232.699999999997,2,0,0.0,1
LGS2ORD0030312,C014880,2025-08-29 01:00:00,Female,38,Silver,Lazada,Bangkok,775,TV_Show,Bank_Transfer,1,8,4,0,30-40,25.833333333333332,3.0,0.0,0.0,-1,74,3823.2599999999998,0.3,0.0,0.3333333333333333,0.0,0.0,0,0,0.0,0.0,0,0,0.0,2826.3,1,0,0.0,11469.779999999999,3,0,0.0,0
LGS2ORD0030313,C013377,2025-08-29 01:00:00,Female,28,Bronze,CallCenter,Khon Kaen,1660,Shopee,Bank_Transfer,1,8,4,0,20-30,55.333333333333336,2.0,0.0,0.0,-1,33,5531.055,0.23,1.0,0.5,0.0,0.0,0,0,0.0,0.0,0,0,0.0,2718.32,1,0,0.0,11062.11,2,0,0.0,0
LGS2ORD0030314,C016774,2025-08-29 01:00:00,Male,45,Silver,Shopee,Songkhla,1498,Web,Credit_Card,1,8,4,0,40-50,49.93333333333333,3.0,2.0,0.6666666666666666,30,30,2084.023333333333,0.3,0.3333333333333333,0.3333333333333333,0.0,0.0,0,0,0.0,0.0,0,0,0.0,4435.73,2,1,0.5,6252.07,3,2,0.6666666666666666,0
LGS2ORD0030315,C012113,2025-08-29 02:00:00,Male,35,Bronze,Web,Songkhla,309,Web,PromptPay,2,8,4,0,30-40,10.3,6.0,4.0,0.6666666666666666,28,35,4771.55,0.28,0.16666666666666666,0.16666666666666666,0.0,0.0,0,0,0.0,0.0,0,0,0.0,7482.37,2,1,0.5,28629.3,6,4,0.6666666666666666,0
LGS2ORD0030316,C012173,2025-08-29 02:00:00,Male,40,Bronze,Shopee,Songkhla,509,TV_Show,PromptPay,2,8,4,0,30-40,16.966666666666665,7.0,3.0,0.42857142857142855,-8,6,3977.7599999999998,0.23,0.8571428571428571,0.14285714285714285,0.0,1263.92,1,1,1.0,10898.5,3,2,0.6666666666666666,11637.13,4,2,0.5,27844.32,7,3,0.42857142857142855,0
LGS2ORD0030317,C012701,2025-08-29 02:00:00,Female,33,Bronze,Web,Bangkok,1166,CallCenter,PromptPay,2,8,4,0,30-40,38.86666666666667,3.0,1.0,0.3333333333333333,94,8,6972.82,0.13,0.6666666666666666,0.0,0.0,0.0,0,0,0.0,1643.35,1,0,0.0,13598.91,2,0,0.0,20918.46,3,1,0.3333333333333333,0
LGS2ORD0030318,C011488,2025-08-29 02:00:00,Male,42,Bronze,Shopee,Bangkok,1164,TV_Show,COD,2,8,4,0,40-50,38.8,3.0,1.0,0.3333333333333333,23,29,2362.9933333333333,0.18,1.0,0.0,0.0,0.0,0,0,0.0,1657.01,1,1,1.0,5920.99,2,1,0.5,7088.98,3,1,0.3333333333333333,1
LGS2ORD0030319,C011753,2025-08-29 02:00:00,Female,40,Bronze,TV,Chiang Mai,1589,TV_Show,PromptPay,2,8,4,0,30-40,52.96666666666667,9.0,2.0,0.2222222222222222,92,11,6114.9222222222215,0.28,0.3333333333333333,0.1111111111111111,0.0,0.0,0,0,0.0,15629.31,2,0,0.0,25914.2,4,0,0.0,55034.299999999996,9,2,0.2222222222222222,1
LGS2ORD0030320,C012990,2025-08-29 03:00:00,Male,64,Bronze,CallCenter,Khon Kaen,718,Shopee,COD,3,8,4,0,>50,23.933333333333334,6.0,1.0,0.16666666666666666,105,78,7445.116666666666,0.23,0.6666666666666666,0.3333333333333333,0.0,0.0,0,0,0.0,0.0,0,0,0.0,4886.22,1,0,0.0,44670.7,6,1,0.16666666666666666,0
LGS2ORD0030321,C013373,2025-08-29 03:00:00,Female,52,Bronze,Lazada,Songkhla,737,TV_Show,PromptPay,3,8,4,0,>50,24.566666666666666,2.0,0.0,0.0,-1,139,3899.7999999999997,0.18,0.5,0.0,0.0,0.0,0,0,0.0,0.0,0,0,0.0,0.0,0,0,0.0,7799.599999999999,2,0,0.0,0
LGS2ORD0030322,C014980,2025-08-29 03:00:00,Female,58,Silver,TV,Remote_Area,546,Shopee,COD,3,8,4,0,>50,18.2,2.0,0.0,0.0,-1,34,3582.23,0.1,0.0,0.0,0.0,0.0,0,0,0.0,0.0,0,0,0.0,6761.31,1,0,0.0,7164.46,2,0,0.0,0
LGS2ORD0030323,C014235,2025-08-29 03:00:00,Male,31,Silver,TV,Bangkok,559,TV_Show,COD,3,8,4,0,30-40,18.633333333333333,4.0,0.0,0.0,-1,67,6628.677500000001,0.2,0.5,0.0,0.0,0.0,0,0,0.0,0.0,0,0,0.0,3571.18,1,0,0.0,26514.710000000003,4,0,0.0,0
LGS2ORD0030324,C016421,2025-08-29 03:00:00,Female,30,Bronze,Shopee,Bangkok,1115,TV_Show,COD,3,8,4,0,20-30,37.166666666666664,2.0,1.0,0.5,222,140,5387.975,0.28,0.0,0.5,0.0,0.0,0,0,0.0,0.0,0,0,0.0,0.0,0,0,0.0,10775.95,2,1,0.5,0
LGS2ORD0030325,C012193,2025-08-29 03:00:00,Female,39,Gold,Shopee,Khon Kaen,993,Lazada,COD,3,8,4,0,30-40,33.1,3.0,0.0,0.0,-1,9,6736.583333333333,0.28,0.0,0.6666666666666666,0.0,0.0,0,0,0.0,3941.48,1,0,0.0,20209.75,3,0,0.0,20209.75,3,0,0.0,1
LGS2ORD0030326,C010576,2025-08-29 04:00:00,Female,25,Bronze,TV,Remote_Area,579,TV_Show,Credit_Card,4,8,4,0,20-30,19.3,7.0,3.0,0.42857142857142855,8,20,4336.432857142857,0.28,0.5714285714285714,0.14285714285714285,0.0,0.0,0,0,0.0,1803.24,1,1,1.0,15168.9,4,2,0.5,30355.03,7,3,0.42857142857142855,0
LGS2ORD0030327,C013730,2025-08-29 04:00:00,Male,43,Silver,TV,Phuket,1204,Lazada,Bank_Transfer,4,8,4,0,40-50,40.13333333333333,2.0,1.0,0.5,196,202,2502.505,0.2,1.0,0.0,0.0,0.0,0,0,0.0,0.0,0,0,0.0,0.0,0,0,0.0,5005.01,2,1,0.5,0
LGS2ORD0030328,C011912,2025-08-29 04:00:00,Female,46,Gold,Shopee,Chiang Mai,991,Web,Credit_Card,4,8,4,0,40-50,33.03333333333333,7.0,0.0,0.0,-1,50,3194.967142857143,0.28,0.5714285714285714,0.2857142857142857,0.0,0.0,0,0,0.0,0.0,0,0,0.0,7786.610000000001,2,0,0.0,22364.77,7,0,0.0,0
LGS2ORD0030329,C017347,2025-08-29 04:00:00,Female,38,Gold,Web,Chiang Mai,282,Shopee,Credit_Card,4,8,4,0,30-40,9.4,3.0,0.0,0.0,-1,11,3055.853333333333,0.13,0.3333333333333333,0.0,0.0,0.0,0,0,0.0,1903.86,1,0,0.0,1903.86,1,0,0.0,9167.56,3,0,0.0,0
LGS2ORD0030330,C015824,2025-08-29 04:00:00,Male,51,Bronze,Shopee,Nakhon Ratchasima,1061,TV_Show,COD,4,8,4,0,>50,35.36666666666667,8.0,5.0,0.625,44,51,3708.2675,0.23,0.5,0.125,0.0,0.0,0,0,0.0,0.0,0,0,0.0,24366.559999999998,4,3,0.75,29666.14,8,5,0.625,0
LGS2ORD0030331,C015176,2025-08-29 05:00:00,Female,69,Gold,TV,Phuket,517,Web,Credit_Card,5,8,4,0,>50,17.233333333333334,3.0,0.0,0.0,-1,180,4559.993333333333,0.13,0.0,0.0,0.0,0.0,0,0,0.0,0.0,0,0,0.0,0.0,0,0,0.0,13679.98,3,0,0.0,1
LGS2ORD0030332,C010157,2025-08-29 05:00:00,Female,47,Silver,Lazada,Khon Kaen,1007,CallCenter,COD,5,8,4,0,40-50,33.56666666666667,6.0,0.0,0.0,-1,14,4710.941666666667,0.3,0.3333333333333333,0.3333333333333333,0.0,0.0,0,0,0.0,8184.77,1,0,0.0,19796.43,4,0,0.0,28265.65,6,0,0.0,1
LGS2ORD0030333,C014667,2025-08-29 05:00:00,Female,58,Silver,Shopee,Songkhla,770,Shopee,COD,5,8,4,0,>50,25.666666666666668,9.0,7.0,0.7777777777777778,-3,3,4766.731111111111,0.3,0.7777777777777778,0.2222222222222222,0.0,2763.5,1,0,0.0,30345.22,3,2,0.6666666666666666,30345.22,3,2,0.6666666666666666,42900.58,9,7,0.7777777777777778,0
LGS2ORD0030334,C013903,2025-08-29 05:00:00,Male,49,Bronze,TV,Remote_Area,1532,Shopee,COD,5,8,4,0,40-50,51.06666666666667,2.0,0.0,0.0,-1,82,1494.725,0.23,1.0,0.5,0.0,0.0,0,0,0.0,0.0,0,0,0.0,770.75,1,0,0.0,2989.45,2,0,0.0,0
LGS2ORD0030335,C011216,2025-08-29 05:00:00,Male,62,Silver,Web,Khon Kaen,839,CallCenter,Credit_Card,5,8,4,0,>50,27.966666666666665,2.0,0.0,0.0,-1,31,8314.645,0.25,1.0,0.5,0.0,0.0,0,0,0.0,0.0,0,0,0.0,16629.29,2,0,0.0,16629.29,2,0,0.0,0
LGS2ORD0030336,C011337,2025-08-29 06:00:00,Male,22,Bronze,TV,Remote_Area,724,Shopee,Bank_Transfer,6,8,4,0,20-30,24.133333333333333,5.0,2.0,0.4,26,34,3249.4939999999997,0.23,0.4,0.4,0.0,0.0,0,0,0.0,0.0,0,0,0.0,1629.23,1,1,1.0,16247.47,5,2,0.4,0
LGS2ORD0030337,C012949,2025-08-29 06:00:00,Female,42,Bronze,TV,Nakhon Ratchasima,338,Lazada,COD,6,8,4,0,40-50,11.266666666666667,6.0,3.0,0.5,22,3,5607.283333333333,0.28,1.0,0.6666666666666666,0.0,16941.13,1,0,0.0,16941.13,1,0,0.0,17539.77,2,1,0.5,33643.7,6,3,0.5,0
LGS2ORD0030338,C016693,2025-08-29 06:00:00,Male,45,Platinum,Lazada,Bangkok,1620,TV_Show,Credit_Card,6,8,4,0,40-50,54.0,5.0,0.0,0.0,-1,25,2602.35,0.25,0.4,0.4,0.0,0.0,0,0,0.0,1598.69,1,0,0.0,5112.34,2,0,0.0,13011.75,5,0,0.0,1
LGS2ORD0030339,C016732,2025-08-29 06:00:00,Male,63,Platinum,Web,Chiang Mai,1144,Shopee,COD,6,8,4,0,>50,38.13333333333333,3.0,2.0,0.6666666666666666,110,121,10645.016666666668,0.3,0.6666666666666666,0.3333333333333333,0.0,0.0,0,0,0.0,0.0,0,0,0.0,0.0,0,0,0.0,31935.050000000003,3,2,0.6666666666666666,0
LGS2ORD0030340,C011641,2025-08-29 06:00:00,Male,35,Gold,Web,Chonburi,472,CallCenter,Credit_Card,6,8,4,0,30-40,15.733333333333333,4.0,0.0,0.0,-1,29,4431.4175,0.28,0.5,0.5,0.0,0.0,0,0,0.0,4731.36,1,0,0.0,6234.44,2,0,0.0,17725.67,4,0,0.0,1
LGS2ORD0030341,C013569,2025-08-29 07:00:00,Male,22,Silver,TV,Chiang Mai,1655,Shopee,PromptPay,7,8,4,0,20-30,55.166666666666664,2.0,1.0,0.5,205,108,8809.285,0.3,0.5,0.5,0.0,0.0,0,0,0.0,0.0,0,0,0.0,0.0,0,0,0.0,17618.57,2,1,0.5,0
LGS2ORD0030342,C015923,2025-08-29 07:00:00,Male,59,Bronze,TV,Phuket,869,Shopee,Credit_Card,7,8,4,0,>50,28.966666666666665,4.0,3.0,0.75,22,27,944.8599999999999,0.23,0.75,0.25,0.0,0.0,0,0,0.0,1636.7,1,1,1.0,2278.8,2,1,0.5,3779.4399999999996,4,3,0.75,1
LGS2ORD0030343,C015985,2025-08-29 07:00:00,Male,37,Bronze,Shopee,Remote_Area,1582,Lazada,COD,7,8,4,0,30-40,52.733333333333334,3.0,0.0,0.0,-1,51,8336.406666666668,0.13,0.3333333333333333,0.0,0.0,0.0,0,0,0.0,0.0,0,0,0.0,13171.67,1,0,0.0,25009.22,3,0,0.0,1
LGS2ORD0030344,C014837,2025-08-29 07:00:00,Female,42,Bronze,Lazada,Bangkok,1339,Shopee,COD,7,8,4,0,40-50,44.63333333333333,3.0,1.0,0.3333333333333333,146,164,12209.03,0.23,0.0,0.3333333333333333,0.0,0.0,0,0,0.0,0.0,0,0,0.0,0.0,0,0,0.0,36627.090000000004,3,1,0.3333333333333333,1
LGS2ORD0030345,C016695,2025-08-29 07:00:00,Male,36,Gold,Lazada,Bangkok,515,Lazada,COD,7,8,4,0,30-40,17.166666666666668,2.0,0.0,0.0,-1,160,2022.055,0.33,1.0,0.5,0.0,0.0,0,0,0.0,0.0,0,0,0.0,0.0,0,0,0.0,4044.11,2,0,0.0,0
LGS2ORD0030346,C011398,2025-08-29 07:00:00,Female,47,Bronze,Web,Chiang Mai,1172,TV_Show,COD,7,8,4,0,40-50,39.06666666666667,3.0,1.0,0.3333333333333333,24,32,2404.9533333333334,0.18,0.6666666666666666,0.0,0.0,0.0,0,0,0.0,0.0,0,0,0.0,5763.71,2,1,0.5,7214.860000000001,3,1,0.3333333333333333,1
LGS2ORD0030347,C016917,2025-08-29 08:00:00,Female,48,Bronze,TV,Chonburi,1288,Web,Credit_Card,8,8,4,0,40-50,42.93333333333333,5.0,1.0,0.2,115,10,7368.418000000001,0.28,0.8,0.4,0.0,0.0,0,0,0.0,3002.18,1,0,0.0,26752.27,2,0,0.0,36842.090000000004,5,1,0.2,0
LGS2ORD0030348,C017639,2025-08-29 08:00:00,Female,49,Silver,Shopee,Remote_Area,999,Lazada,Credit_Card,8,8,4,0,40-50,33.3,5.0,3.0,0.6,19,30,1735.316,0.3,1.0,0.4,0.0,0.0,0,0,0.0,0.0,0,0,0.0,5071.76,2,2,1.0,8676.58,5,3,0.6,0
LGS2ORD0030349,C012218,2025-08-29 08:00:00,Female,57,Gold,Lazada,Chonburi,1271,Web,PromptPay,8,8,4,0,>50,42.36666666666667,2.0,0.0,0.0,-1,1,3649.2300000000005,0.18,0.5,0.0,0.0,5029.64,1,0,0.0,5029.64,1,0,0.0,7298.460000000001,2,0,0.0,7298.460000000001,2,0,0.0,0
LGS2ORD0030350,C014106,2025-08-29 08:00:00,Male,51,Silver,Shopee,Bangkok,1190,TV_Show,COD,8,8,4,0,>50,39.666666666666664,3.0,1.0,0.3333333333333333,115,18,4259.626666666667,0.3,1.0,0.3333333333333333,0.0,0.0,0,0,0.0,6141.12,1,0,0.0,6141.12,1,0,0.0,12778.880000000001,3,1,0.3333333333333333,1
LGS2ORD0030351,C013857,2025-08-29 08:00:00,Female,30,Bronze,Web,Songkhla,1535,Web,Credit_Card,8,8,4,0,20-30,51.166666666666664,3.0,0.0,0.0,-1,35,4475.8,0.13,0.3333333333333333,0.0,0.0,0.0,0,0,0.0,0.0,0,0,0.0,2636.79,1,0,0.0,13427.400000000001,3,0,0.0,0
LGS2ORD0030352,C012986,2025-08-29 09:00:00,Female,38,Silver,TV,Bangkok,1587,Web,Credit_Card,9,8,4,0,30-40,52.9,5.0,1.0,0.2,130,10,5732.108,0.25,0.2,0.4,0.0,0.0,0,0,0.0,1850.67,1,0,0.0,21151.35,3,0,0.0,28660.54,5,1,0.2,0
LGS2ORD0030353,C013670,2025-08-29 09:00:00,Female,29,Silver,CallCenter,Chiang Mai,864,Web,Bank_Transfer,9,8,4,0,20-30,28.8,7.0,2.0,0.2857142857142857,58,59,9299.824285714285,0.25,0.7142857142857143,0.14285714285714285,0.0,0.0,0,0,0.0,0.0,0,0,0.0,41921.59,3,1,0.3333333333333333,65098.76999999999,7,2,0.2857142857142857,0
LGS2ORD0030354,C011534,2025-08-29 09:00:00,Female,33,Bronze,TV,Khon Kaen,274,Shopee,PromptPay,9,8,4,0,30-40,9.133333333333333,6.0,3.0,0.5,28,45,4281.913333333333,0.23,0.6666666666666666,0.5,0.0,0.0,0,0,0.0,0.0,0,0,0.0,11668.98,3,2,0.6666666666666666,25691.48,6,3,0.5,1
LGS2ORD0030355,C013995,2025-08-29 09:00:00,Female,56,Silver,Shopee,Khon Kaen,1537,Web,COD,9,8,4,0,>50,51.233333333333334,2.0,0.0,0.0,-1,199,13373.744999999999,0.25,1.0,0.5,0.0,0.0,0,0,0.0,0.0,0,0,0.0,0.0,0,0,0.0,26747.489999999998,2,0,0.0,1
LGS2ORD0030356,C015707,2025-08-29 09:00:00,Male,35,Silver,Web,Phuket,790,CallCenter,COD,9,8,4,0,30-40,26.333333333333332,5.0,1.0,0.2,97,23,13028.209999999997,0.2,0.6,0.0,0.0,0.0,0,0,0.0,414.17,1,0,0.0,414.17,1,0,0.0,65141.04999999999,5,1,0.2,0
LGS2ORD0030357,C013389,2025-08-29 10:00:00,Female,43,Silver,Shopee,Bangkok,1374,CallCenter,COD,10,8,4,0,40-50,45.8,4.0,1.0,0.25,80,0,1725.79,0.3,1.0,0.5,0.0,670.05,1,0,0.0,670.05,1,0,0.0,3755.0199999999995,2,0,0.0,6903.16,4,1,0.25,0
LGS2ORD0030358,C011857,2025-08-29 10:00:00,Male,37,Bronze,Web,Songkhla,1603,Web,COD,10,8,4,0,30-40,53.43333333333333,9.0,3.0,0.3333333333333333,-1,10,5597.492222222221,0.28,0.6666666666666666,0.3333333333333333,0.0,0.0,0,0,0.0,20673.41,2,1,0.5,42621.77999999999,5,2,0.4,50377.42999999999,9,3,0.3333333333333333,0
LGS2ORD0030359,C014169,2025-08-29 10:00:00,Male,39,Bronze,Web,Bangkok,1529,CallCenter,COD,10,8,4,0,30-40,50.96666666666667,9.0,1.0,0.1111111111111111,37,14,6983.558888888889,0.23,0.7777777777777778,0.1111111111111111,0.1111111111111111,0.0,0,0,0.0,24511.04,1,0,0.0,30465.02,3,1,0.3333333333333333,62852.03,9,1,0.1111111111111111,1
LGS2ORD0030360,C014770,2025-08-29 10:00:00,Female,30,Bronze,Web,Bangkok,588,Shopee,COD,10,8,4,0,20-30,19.6,4.0,0.0,0.0,-1,0,12296.962500000001,0.23,1.0,0.25,0.0,33517.48,1,0,0.0,34150.57,2,0,0.0,34150.57,2,0,0.0,49187.850000000006,4,0,0.0,0
LGS2ORD0030361,C011795,2025-08-29 10:00:00,Female,42,Platinum,Web,Chonburi,1334,TV_Show,COD,10,8,4,0,40-50,44.46666666666667,2.0,0.0,0.0,-1,3,2287.56,0.3,0.5,0.5,0.0,3281.59,1,0,0.0,4575.12,2,0,0.0,4575.12,2,0,0.0,4575.12,2,0,0.0,0
LGS2ORD0030362,C012551,2025-08-29 11:00:00,Male,43,Silver,Lazada,Bangkok,1360,TV_Show,COD,11,8,4,0,40-50,45.333333333333336,4.0,0.0,0.0,-1,30,2398.775,0.25,0.5,0.25,0.0,0.0,0,0,0.0,0.0,0,0,0.0,8738.189999999999,3,0,0.0,9595.1,4,0,0.0,0
LGS2ORD0030363,C016081,2025-08-29 11:00:00,Female,43,Platinum,Web,Bangkok,275,Web,COD,11,8,4,0,40-50,9.166666666666666,3.0,0.0,0.0,-1,26,5176.693333333334,0.15,0.6666666666666666,0.0,0.0,0.0,0,0,0.0,9017.55,1,0,0.0,10766.699999999999,2,0,0.0,15530.08,3,0,0.0,0
LGS2ORD0030364,C010082,2025-08-29 11:00:00,Female,42,Gold,Shopee,Remote_Area,1344,Shopee,Credit_Card,11,8,4,0,40-50,44.8,5.0,2.0,0.4,16,14,11728.836000000001,0.33,1.0,0.8,0.0,0.0,0,0,0.0,18594.27,2,1,0.5,18594.27,2,1,0.5,58644.18000000001,5,2,0.4,0
LGS2ORD0030365,C015302,2025-08-29 11:00:00,Male,20,Bronze,Web,Songkhla,1514,Shopee,COD,11,8,4,0,<20,50.46666666666667,6.0,1.0,0.16666666666666666,5,13,7492.6466666666665,0.28,0.3333333333333333,0.3333333333333333,0.0,0.0,0,0,0.0,23404.949999999997,2,1,0.5,35212.05,5,1,0.2,44955.88,6,1,0.16666666666666666,1
LGS2ORD0030366,C014397,2025-08-29 11:00:00,Male,55,Gold,Lazada,Nakhon Ratchasima,884,TV_Show,COD,11,8,4,0,>50,29.466666666666665,3.0,0.0,0.0,-1,148,1577.3066666666666,0.2299999999999999,0.0,0.3333333333333333,0.0,0.0,0,0,0.0,0.0,0,0,0.0,0.0,0,0,0.0,4731.92,3,0,0.0,0
LGS2ORD0030367,C014897,2025-08-29 11:00:00,Male,20,Bronze,TV,Bangkok,1402,CallCenter,Bank_Transfer,11,8,4,0,<20,46.733333333333334,4.0,0.0,0.0,-1,33,4119.62,0.28,0.5,0.25,0.0,0.0,0,0,0.0,0.0,0,0,0.0,3963.05,1,0,0.0,16478.48,4,0,0.0,1
LGS2ORD0030368,C015250,2025-08-29 12:00:00,Male,52,Gold,TV,Bangkok,840,Web,Credit_Card,12,8,4,0,>50,28.0,4.0,0.0,0.0,-1,74,2934.46,0.28,0.25,0.75,0.0,0.0,0,0,0.0,0.0,0,0,0.0,3817.4,2,0,0.0,11737.84,4,0,0.0,0
LGS2ORD0030369,C017027,2025-08-29 12:00:00,Female,48,Platinum,Web,Bangkok,1231,Lazada,Credit_Card,12,8,4,0,40-50,41.03333333333333,3.0,0.0,0.0,-1,168,3567.6,0.35,0.3333333333333333,0.3333333333333333,0.0,0.0,0,0,0.0,0.0,0,0,0.0,0.0,0,0,0.0,10702.8,3,0,0.0,0
LGS2ORD0030370,C016142,2025-08-29 12:00:00,Other,21,Gold,Lazada,Bangkok,961,CallCenter,Credit_Card,12,8,4,0,20-30,32.03333333333333,1.0,0.0,0.0,-1,148,2559.95,0.2299999999999999,1.0,1.0,0.0,0.0,0,0,0.0,0.0,0,0,0.0,0.0,0,0,0.0,2559.95,1,0,0.0,0
LGS2ORD0030371,C013145,2025-08-29 12:00:00,Male,23,Gold,Web,Bangkok,1402,Shopee,PromptPay,12,8,4,0,20-30,46.733333333333334,0.0,0.0,0.0,-1,-1,0.0,0.0,0.0,0.0,0.0,0.0,0,0,0.0,0.0,0,0,0.0,0.0,0,0,0.0,0.0,0,0,0.0,0
LGS2ORD0030372,C016084,2025-08-29 12:00:00,Female,50,Bronze,Lazada,Bangkok,528,Lazada,Credit_Card,12,8,4,0,40-50,17.6,2.0,2.0,1.0,42,53,5648.905000000001,0.28,1.0,0.5,0.0,0.0,0,0,0.0,0.0,0,0,0.0,6052.59,1,1,1.0,11297.810000000001,2,2,1.0,0
LGS2ORD0030373,C017341,2025-08-29 13:00:00,Female,19,Gold,Lazada,Chonburi,633,Web,PromptPay,13,8,4,0,<20,21.1,6.0,2.0,0.3333333333333333,-11,0,6762.415000000001,0.28,0.3333333333333333,0.5,0.0,1729.94,1,1,1.0,1729.94,1,1,1.0,10944.51,3,2,0.6666666666666666,40574.490000000005,6,2,0.3333333333333333,1
LGS2ORD0030374,C014274,2025-08-29 13:00:00,Female,55,Bronze,Web,Bangkok,1039,TV_Show,COD,13,8,4,0,>50,34.63333333333333,2.0,1.0,0.5,112,94,7836.715,0.18,0.5,0.0,0.0,0.0,0,0,0.0,0.0,0,0,0.0,0.0,0,0,0.0,15673.43,2,1,0.5,1
LGS2ORD0030375,C010429,2025-08-29 13:00:00,Male,52,Bronze,TV,Bangkok,1519,Shopee,COD,13,8,4,0,>50,50.63333333333333,3.0,0.0,0.0,-1,109,9425.41,0.23,1.0,0.6666666666666666,0.0,0.0,0,0,0.0,0.0,0,0,0.0,0.0,0,0,0.0,28276.23,3,0,0.0,0
LGS2ORD0030376,C016096,2025-08-29 13:00:00,Male,56,Bronze,TV,Khon Kaen,411,Web,COD,13,8,4,0,>50,13.7,7.0,0.0,0.0,-1,35,7126.798571428572,0.28,0.8571428571428571,0.5714285714285714,0.0,0.0,0,0,0.0,0.0,0,0,0.0,11307.5,3,0,0.0,49887.590000000004,7,0,0.0,1
LGS2ORD0030377,C014435,2025-08-29 13:00:00,Female,35,Bronze,TV,Remote_Area,517,Lazada,PromptPay,13,8,4,0,30-40,17.233333333333334,7.0,4.0,0.5714285714285714,26,38,6044.392857142857,0.28,0.7142857142857143,0.2857142857142857,0.0,0.0,0,0,0.0,0.0,0,0,0.0,15863.07,3,1,0.3333333333333333,42310.75,7,4,0.5714285714285714,1
LGS2ORD0030378,C015113,2025-08-29 14:00:00,Male,48,Silver,TV,Chiang Mai,1252,CallCenter,COD,14,8,4,0,40-50,41.733333333333334,4.0,2.0,0.5,192,127,3098.88,0.2,0.5,0.0,0.0,0.0,0,0,0.0,0.0,0,0,0.0,0.0,0,0,0.0,12395.52,4,2,0.5,1
LGS2ORD0030379,C013040,2025-08-29 14:00:00,Male,53,Gold,TV,Khon Kaen,1213,TV_Show,Credit_Card,14,8,4,0,>50,40.43333333333333,5.0,0.0,0.0,-1,0,3910.6719999999996,0.2299999999999999,0.6,0.4,0.0,1502.87,1,0,0.0,1502.87,1,0,0.0,2498.33,2,0,0.0,19553.359999999997,5,0,0.0,0
LGS2ORD0030380,C015398,2025-08-29 14:00:00,Male,42,Bronze,Web,Bangkok,1343,Web,COD,14,8,4,0,40-50,44.766666666666666,4.0,2.0,0.5,67,63,3189.7749999999996,0.28,0.75,1.0,0.0,0.0,0,0,0.0,0.0,0,0,0.0,11032.06,3,1,0.3333333333333333,12759.099999999999,4,2,0.5,1
LGS2ORD0030381,C010863,2025-08-29 14:00:00,Female,35,Bronze,Shopee,Remote_Area,1455,Web,COD,14,8,4,0,30-40,48.5,4.0,2.0,0.5,36,45,3201.0425,0.23,0.5,0.25,0.0,0.0,0,0,0.0,0.0,0,0,0.0,3858.16,2,2,1.0,12804.17,4,2,0.5,1
LGS2ORD0030382,C011041,2025-08-29 14:00:00,Female,46,Bronze,CallCenter,Bangkok,1034,CallCenter,Bank_Transfer,14,8,4,0,40-50,34.46666666666667,8.0,1.0,0.125,41,51,4869.8525,0.28,1.0,0.25,0.0,0.0,0,0,0.0,0.0,0,0,0.0,9076.49,2,1,0.5,38958.82,8,1,0.125,0
LGS2ORD0030383,C011663,2025-08-29 15:00:00,Male,57,Bronze,CallCenter,Bangkok,1517,TV_Show,Bank_Transfer,15,8,4,0,>50,50.56666666666667,8.0,2.0,0.25,114,71,3656.6575000000003,0.28,0.75,0.375,0.0,0.0,0,0,0.0,0.0,0,0,0.0,6789.799999999999,2,0,0.0,29253.260000000002,8,2,0.25,1
LGS2ORD0030384,C011367,2025-08-29 15:00:00,Male,50,Bronze,TV,Bangkok,1260,TV_Show,COD,15,8,4,0,40-50,42.0,4.0,1.0,0.25,152,54,4790.27,0.23,0.25,0.5,0.0,0.0,0,0,0.0,0.0,0,0,0.0,2605.67,1,0,0.0,19161.08,4,1,0.25,0
LGS2ORD0030385,C014539,2025-08-29 15:00:00,Male,42,Silver,Lazada,Chiang Mai,1086,Shopee,Credit_Card,15,8,4,0,40-50,36.2,4.0,2.0,0.5,3,12,7878.4400000000005,0.25,0.75,0.25,0.0,0.0,0,0,0.0,1156.91,1,1,1.0,1156.91,1,1,1.0,31513.760000000002,4,2,0.5,0
LGS2ORD0030386,C014421,2025-08-29 15:00:00,Male,36,Gold,TV,Bangkok,780,CallCenter,COD,15,8,4,0,30-40,26.0,1.0,0.0,0.0,-1,63,8494.81,0.08,0.0,0.0,0.0,0.0,0,0,0.0,0.0,0,0,0.0,8494.81,1,0,0.0,8494.81,1,0,0.0,0
LGS2ORD0030387,C011338,2025-08-29 15:00:00,Female,39,Bronze,TV,Chonburi,1550,Web,Bank_Transfer,15,8,4,0,30-40,51.666666666666664,5.0,1.0,0.2,126,17,12781.617999999999,0.18,0.6,0.0,0.0,0.0,0,0,0.0,8446.09,1,0,0.0,9260.91,2,0,0.0,63908.09,5,1,0.2,0
LGS2ORD0030388,C011006,2025-08-29 15:00:00,Female,30,Bronze,Shopee,Remote_Area,1104,Shopee,PromptPay,15,8,4,0,20-30,36.8,4.0,1.0,0.25,145,36,5414.4175,0.23,0.5,0.25,0.0,0.0,0,0,0.0,0.0,0,0,0.0,12984.580000000002,3,0,0.0,21657.67,4,1,0.25,0
LGS2ORD0030389,C017924,2025-08-29 16:00:00,Male,39,Gold,Shopee,Chiang Mai,370,Shopee,PromptPay,16,8,4,0,30-40,12.333333333333334,8.0,1.0,0.125,144,3,4219.14375,0.33,0.375,0.375,0.0,2605.92,1,0,0.0,2605.92,1,0,0.0,16612.82,5,0,0.0,33753.15,8,1,0.125,0
LGS2ORD0030390,C012982,2025-08-29 16:00:00,Female,51,Silver,TV,Songkhla,1306,Shopee,Credit_Card,16,8,4,0,>50,43.53333333333333,5.0,1.0,0.2,162,9,3214.176,0.3,0.6,0.4,0.0,0.0,0,0,0.0,3434.56,1,0,0.0,4098.58,2,0,0.0,16070.88,5,1,0.2,0
LGS2ORD0030391,C010196,2025-08-29 16:00:00,Female,61,Gold,Web,Bangkok,1148,Shopee,COD,16,8,4,0,>50,38.266666666666666,8.0,2.0,0.25,154,11,2967.1075,0.33,0.125,0.5,0.0,0.0,0,0,0.0,4113.89,1,0,0.0,7654.870000000001,4,0,0.0,23736.86,8,2,0.25,0
LGS2ORD0030392,C011493,2025-08-29 16:00:00,Female,40,Gold,TV,Chiang Mai,1199,TV_Show,COD,16,8,4,0,30-40,39.96666666666667,4.0,0.0,0.0,-1,4,12283.7875,0.33,1.0,0.5,0.0,1804.25,1,0,0.0,1804.25,1,0,0.0,1804.25,1,0,0.0,49135.15,4,0,0.0,0
LGS2ORD0030393,C012503,2025-08-29 16:00:00,Female,42,Bronze,TV,Bangkok,1535,Shopee,COD,16,8,4,0,40-50,51.166666666666664,2.0,1.0,0.5,111,121,11017.525,0.18,0.5,0.0,0.0,0.0,0,0,0.0,0.0,0,0,0.0,0.0,0,0,0.0,22035.05,2,1,0.5,0
LGS2ORD0030394,C015787,2025-08-29 17:00:00,Female,39,Gold,TV,Phuket,555,Lazada,PromptPay,17,8,4,0,30-40,18.5,3.0,1.0,0.3333333333333333,224,54,8305.193333333335,0.33,0.6666666666666666,0.3333333333333333,0.0,0.0,0,0,0.0,0.0,0,0,0.0,3581.39,1,0,0.0,24915.58,3,1,0.3333333333333333,0
LGS2ORD0030395,C016332,2025-08-29 17:00:00,Female,39,Bronze,TV,Nakhon Ratchasima,350,Shopee,Credit_Card,17,8,4,0,30-40,11.666666666666666,3.0,0.0,0.0,-1,139,8680.296666666667,0.23,0.0,0.3333333333333333,0.0,0.0,0,0,0.0,0.0,0,0,0.0,0.0,0,0,0.0,26040.89,3,0,0.0,1
LGS2ORD0030396,C010680,2025-08-29 17:00:00,Male,47,Bronze,Lazada,Nakhon Ratchasima,524,Web,COD,17,8,4,0,40-50,17.466666666666665,4.0,1.0,0.25,131,27,7665.7475,0.18,0.25,0.0,0.0,0.0,0,0,0.0,852.98,1,0,0.0,852.98,1,0,0.0,30662.99,4,1,0.25,1
LGS2ORD0030397,C014662,2025-08-29 17:00:00,Female,57,Bronze,Lazada,Remote_Area,1560,Web,COD,17,8,4,0,>50,52.0,2.0,0.0,0.0,-1,139,10905.045,0.08,0.0,0.0,0.0,0.0,0,0,0.0,0.0,0,0,0.0,0.0,0,0,0.0,21810.09,2,0,0.0,0
LGS2ORD0030398,C012039,2025-08-29 17:00:00,Male,53,Bronze,TV,Bangkok,519,Lazada,PromptPay,17,8,4,0,>50,17.3,2.0,0.0,0.0,-1,130,13851.77,0.18,1.0,0.0,0.0,0.0,0,0,0.0,0.0,0,0,0.0,0.0,0,0,0.0,27703.54,2,0,0.0,0
LGS2ORD0030399,C010951,2025-08-29 18:00:00,Female,51,Platinum,Web,Khon Kaen,477,Web,PromptPay,18,8,4,0,>50,15.9,2.0,0.0,0.0,-1,55,4903.900000000001,0.25,0.5,0.5,0.0,0.0,0,0,0.0,0.0,0,0,0.0,9229.45,1,0,0.0,9807.800000000001,2,0,0.0,0
LGS2ORD0030400,C015492,2025-08-29 18:00:00,Male,67,Bronze,Shopee,Bangkok,1053,Shopee,COD,18,8,4,0,>50,35.1,4.0,1.0,0.25,127,130,13716.02,0.28,0.0,0.5,0.0,0.0,0,0,0.0,0.0,0,0,0.0,0.0,0,0,0.0,54864.08,4,1,0.25,1
LGS2ORD0030401,C010752,2025-08-29 18:00:00,Female,41,Silver,TV,Bangkok,1163,Web,COD,18,8,4,0,40-50,38.766666666666666,4.0,0.0,0.0,-1,9,7277.512500000001,0.3,0.5,0.5,0.0,0.0,0,0,0.0,1744.1,1,0,0.0,1744.1,1,0,0.0,29110.050000000003,4,0,0.0,1
LGS2ORD0030402,C012634,2025-08-29 18:00:00,Male,26,Bronze,CallCenter,Chiang Mai,1026,Lazada,COD,18,8,4,0,20-30,34.2,4.0,1.0,0.25,26,33,8260.432499999999,0.23,0.25,0.25,0.0,0.0,0,0,0.0,0.0,0,0,0.0,5955.5,1,1,1.0,33041.729999999996,4,1,0.25,0
LGS2ORD0030403,C014849,2025-08-29 18:00:00,Female,64,Bronze,TV,Songkhla,1526,CallCenter,COD,18,8,4,0,>50,50.86666666666667,5.0,3.0,0.6,0,5,5114.05,0.23,0.4,0.2,0.0,581.26,1,1,1.0,1521.8400000000001,2,2,1.0,1521.8400000000001,2,2,1.0,25570.25,5,3,0.6,0
LGS2ORD0030404,C013643,2025-08-29 19:00:00,Male,27,Silver,Shopee,Bangkok,333,CallCenter,PromptPay,19,8,4,0,20-30,11.1,1.0,0.0,0.0,-1,36,1698.71,0.2,0.0,0.0,0.0,0.0,0,0,0.0,0.0,0,0,0.0,1698.71,1,0,0.0,1698.71,1,0,0.0,0
LGS2ORD0030405,C010111,2025-08-29 19:00:00,Female,48,Silver,Lazada,Nakhon Ratchasima,691,TV_Show,COD,19,8,4,0,40-50,23.033333333333335,2.0,0.0,0.0,-1,87,1945.4850000000001,0.05,1.0,0.0,0.0,0.0,0,0,0.0,0.0,0,0,0.0,304.42,1,0,0.0,3890.9700000000003,2,0,0.0,0
LGS2ORD0030406,C010821,2025-08-29 19:00:00,Female,30,Platinum,TV,Songkhla,449,TV_Show,Credit_Card,19,8,4,0,20-30,14.966666666666667,1.0,0.0,0.0,-1,178,686.97,0.1,0.0,0.0,0.0,0.0,0,0,0.0,0.0,0,0,0.0,0.0,0,0,0.0,686.97,1,0,0.0,1
LGS2ORD0030407,C017888,2025-08-29 19:00:00,Female,25,Bronze,CallCenter,Chonburi,1105,CallCenter,COD,19,8,4,0,20-30,36.833333333333336,1.0,0.0,0.0,-1,50,2051.63,0.08,1.0,0.0,0.0,0.0,0,0,0.0,0.0,0,0,0.0,2051.63,1,0,0.0,2051.63,1,0,0.0,0
LGS2ORD0030408,C017516,2025-08-29 19:00:00,Male,60,Gold,TV,Bangkok,742,CallCenter,Credit_Card,19,8,4,0,>50,24.733333333333334,11.0,1.0,0.09090909090909091,39,34,6957.374545454545,0.33,0.6363636363636364,0.36363636363636365,0.0,0.0,0,0,0.0,0.0,0,0,0.0,30192.93,6,1,0.16666666666666666,76531.12,11,1,0.09090909090909091,0
LGS2ORD0030409,C016152,2025-08-29 19:00:00,Male,44,Bronze,Web,Bangkok,422,Lazada,COD,19,8,4,0,40-50,14.066666666666666,3.0,0.0,0.0,-1,37,5230.3099999999995,0.23,0.3333333333333333,0.3333333333333333,0.0,0.0,0,0,0.0,0.0,0,0,0.0,5520.759999999999,2,0,0.0,15690.929999999998,3,0,0.0,0
LGS2ORD0030410,C010537,2025-08-29 20:00:00,Female,64,Gold,TV,Songkhla,1535,Web,COD,20,8,4,0,>50,51.166666666666664,6.0,1.0,0.16666666666666666,214,24,5272.553333333333,0.28,0.6666666666666666,0.3333333333333333,0.0,0.0,0,0,0.0,8616.25,1,0,0.0,15319.55,3,0,0.0,31635.32,6,1,0.16666666666666666,0
LGS2ORD0030411,C013385,2025-08-29 20:00:00,Female,56,Gold,Web,Khon Kaen,431,Shopee,COD,20,8,4,0,>50,14.366666666666667,2.0,1.0,0.5,80,25,1941.155,0.2299999999999999,1.0,1.0,0.0,0.0,0,0,0.0,2417.08,1,0,0.0,2417.08,1,0,0.0,3882.31,2,1,0.5,1
LGS2ORD0030412,C011633,2025-08-29 20:00:00,Male,36,Silver,TV,Phuket,416,CallCenter,COD,20,8,4,0,30-40,13.866666666666667,8.0,3.0,0.375,49,25,10132.8225,0.3,0.625,0.25,0.125,0.0,0,0,0.0,6351.44,1,0,0.0,20810.18,4,1,0.25,81062.58,8,3,0.375,1
LGS2ORD0030413,C012175,2025-08-29 20:00:00,Female,42,Silver,Web,Chonburi,336,Lazada,COD,20,8,4,0,40-50,11.2,1.0,1.0,1.0,223,232,6078.42,0.25,1.0,1.0,0.0,0.0,0,0,0.0,0.0,0,0,0.0,0.0,0,0,0.0,6078.42,1,1,1.0,0
LGS2ORD0030414,C015396,2025-08-29 20:00:00,Female,59,Bronze,Web,Chiang Mai,1483,Web,PromptPay,20,8,4,0,>50,49.43333333333333,2.0,0.0,0.0,-1,95,2180.1800000000003,0.18,0.5,0.0,0.0,0.0,0,0,0.0,0.0,0,0,0.0,0.0,0,0,0.0,4360.360000000001,2,0,0.0,1
LGS2ORD0030415,C012825,2025-08-29 21:00:00,Male,28,Platinum,Shopee,Khon Kaen,1566,TV_Show,Credit_Card,21,8,4,0,20-30,52.2,1.0,0.0,0.0,-1,225,6533.27,0.25,1.0,1.0,0.0,0.0,0,0,0.0,0.0,0,0,0.0,0.0,0,0,0.0,6533.27,1,0,0.0,0
LGS2ORD0030416,C013711,2025-08-29 21:00:00,Female,39,Bronze,TV,Remote_Area,1445,Shopee,COD,21,8,4,0,30-40,48.166666666666664,4.0,1.0,0.25,-2,3,2521.2,0.28,0.25,0.5,0.0,4827.46,1,1,1.0,4827.46,1,1,1.0,8655.11,3,1,0.3333333333333333,10084.8,4,1,0.25,0
LGS2ORD0030417,C013932,2025-08-29 21:00:00,Female,46,Bronze,Web,Chiang Mai,995,Lazada,COD,21,8,4,0,40-50,33.166666666666664,4.0,0.0,0.0,-1,41,5174.1875,0.23,0.5,0.25,0.0,0.0,0,0,0.0,0.0,0,0,0.0,11877.31,1,0,0.0,20696.75,4,0,0.0,0
LGS2ORD0030418,C010740,2025-08-29 21:00:00,Female,53,Bronze,Lazada,Bangkok,762,Shopee,PromptPay,21,8,4,0,>50,25.4,1.0,0.0,0.0,-1,234,3293.5,0.08,0.0,0.0,0.0,0.0,0,0,0.0,0.0,0,0,0.0,0.0,0,0,0.0,3293.5,1,0,0.0,0
LGS2ORD0030419,C014862,2025-08-29 21:00:00,Male,32,Gold,CallCenter,Bangkok,1239,Lazada,Credit_Card,21,8,4,0,30-40,41.3,1.0,0.0,0.0,-1,118,15605.82,0.33,0.0,1.0,0.0,0.0,0,0,0.0,0.0,0,0,0.0,0.0,0,0,0.0,15605.82,1,0,0.0,0
LGS2ORD0030420,C016557,2025-08-29 22:00:00,Female,46,Bronze,CallCenter,Nakhon Ratchasima,1131,Web,PromptPay,22,8,4,0,40-50,37.7,1.0,0.0,0.0,-1,100,1280.52,0.18,1.0,0.0,0.0,0.0,0,0,0.0,0.0,0,0,0.0,0.0,0,0,0.0,1280.52,1,0,0.0,0
LGS2ORD0030421,C016128,2025-08-29 22:00:00,Male,44,Platinum,Web,Chonburi,336,Shopee,Credit_Card,22,8,4,0,40-50,11.2,4.0,1.0,0.25,4,19,6391.120000000001,0.25,0.0,0.25,0.0,0.0,0,0,0.0,2063.72,1,1,1.0,9237.02,2,1,0.5,25564.480000000003,4,1,0.25,0
LGS2ORD0030422,C011972,2025-08-29 22:00:00,Male,47,Silver,TV,Bangkok,528,TV_Show,COD,22,8,4,0,40-50,17.6,5.0,0.0,0.0,-1,25,8595.422,0.3,0.8,0.2,0.0,0.0,0,0,0.0,403.12,1,0,0.0,2992.6,2,0,0.0,42977.11,5,0,0.0,0
LGS2ORD0030423,C015951,2025-08-29 22:00:00,Male,30,Gold,Lazada,Chonburi,1382,Lazada,COD,22,8,4,0,20-30,46.06666666666667,6.0,0.0,0.0,-1,12,1931.7466666666667,0.2299999999999999,0.5,0.3333333333333333,0.0,0.0,0,0,0.0,4821.34,2,0,0.0,10131.55,5,0,0.0,11590.48,6,0,0.0,0
LGS2ORD0030424,C015313,2025-08-29 22:00:00,Female,29,Bronze,Shopee,Chonburi,278,TV_Show,COD,22,8,4,0,20-30,9.266666666666667,4.0,1.0,0.25,66,11,1619.4299999999998,0.23,0.5,0.25,0.0,0.0,0,0,0.0,3483.14,1,0,0.0,6477.719999999999,4,1,0.25,6477.719999999999,4,1,0.25,0
LGS2ORD0030425,C013752,2025-08-29 23:00:00,Male,26,Bronze,Web,Songkhla,1501,Lazada,Credit_Card,23,8,4,0,20-30,50.03333333333333,2.0,1.0,0.5,7,12,1517.6799999999998,0.18,0.0,0.0,0.0,0.0,0,0,0.0,2310.64,1,1,1.0,2310.64,1,1,1.0,3035.3599999999997,2,1,0.5,0
LGS2ORD0030426,C014791,2025-08-29 23:00:00,Male,26,Bronze,Lazada,Remote_Area,873,Lazada,COD,23,8,4,0,20-30,29.1,6.0,2.0,0.3333333333333333,73,21,4959.835,0.23,0.6666666666666666,0.16666666666666666,0.0,0.0,0,0,0.0,8448.43,1,0,0.0,11193.57,3,1,0.3333333333333333,29759.01,6,2,0.3333333333333333,1
LGS2ORD0030427,C015798,2025-08-29 23:00:00,Female,18,Bronze,Shopee,Bangkok,888,Lazada,Credit_Card,23,8,4,0,<20,29.6,3.0,0.0,0.0,-1,130,5523.55,0.03,0.6666666666666666,0.0,0.0,0.0,0,0,0.0,0.0,0,0,0.0,0.0,0,0,0.0,16570.65,3,0,0.0,0
LGS2ORD0030428,C015627,2025-08-29 23:00:00,Female,35,Bronze,TV,Bangkok,874,CallCenter,COD,23,8,4,0,30-40,29.133333333333333,6.0,1.0,0.16666666666666666,58,64,4288.496666666667,0.23,0.8333333333333334,0.16666666666666666,0.0,0.0,0,0,0.0,0.0,0,0,0.0,9456.04,2,1,0.5,25730.98,6,1,0.16666666666666666,0
LGS2ORD0030429,C016177,2025-08-29 23:00:00,Female,59,Gold,CallCenter,Chonburi,1398,TV_Show,COD,23,8,4,0,>50,46.6,5.0,1.0,0.2,19,33,1648.6619999999998,0.28,0.4,0.6,0.0,0.0,0,0,0.0,0.0,0,0,0.0,1460.26,1,1,1.0,8243.31,5,1,0.2,0
LGS2ORD0030430,C012015,2025-08-29 23:00:00,Male,57,Bronze,CallCenter,Phuket,1279,CallCenter,COD,23,8,4,0,>50,42.63333333333333,8.0,3.0,0.375,41,30,5417.452499999999,0.28,0.875,0.375,0.0,0.0,0,0,0.0,0.0,0,0,0.0,21173.239999999998,4,1,0.25,43339.619999999995,8,3,0.375,0
LGS2ORD0030431,C012783,2025-08-30 00:00:00,Male,32,Silver,Shopee,Chiang Mai,1294,Shopee,COD,0,8,5,1,30-40,43.13333333333333,2.0,0.0,0.0,-1,76,4029.11,0.1,0.5,0.0,0.0,0.0,0,0,0.0,0.0,0,0,0.0,4275.68,1,0,0.0,8058.22,2,0,0.0,0
LGS2ORD0030432,C016736,2025-08-30 00:00:00,Female,62,Silver,TV,Chonburi,1651,TV_Show,COD,0,8,5,1,>50,55.03333333333333,5.0,3.0,0.6,10,12,4634.468000000001,0.25,0.6,0.2,0.0,0.0,0,0,0.0,1386.08,1,1,1.0,1757.58,2,1,0.5,23172.340000000004,5,3,0.6,0
LGS2ORD0030433,C015968,2025-08-30 00:00:00,Female,30,Silver,Shopee,Chiang Mai,1580,TV_Show,PromptPay,0,8,5,1,20-30,52.666666666666664,2.0,2.0,1.0,114,118,5064.535,0.1,1.0,0.0,0.0,0.0,0,0,0.0,0.0,0,0,0.0,0.0,0,0,0.0,10129.07,2,2,1.0,0
LGS2ORD0030434,C010545,2025-08-30 00:00:00,Female,35,Bronze,TV,Chiang Mai,915,Web,Bank_Transfer,0,8,5,1,30-40,30.5,3.0,0.0,0.0,-1,15,1391.073333333333,0.23,0.3333333333333333,0.3333333333333333,0.0,0.0,0,0,0.0,3242.19,2,0,0.0,3242.19,2,0,0.0,4173.219999999999,3,0,0.0,0
LGS2ORD0030435,C014838,2025-08-30 00:00:00,Male,54,Bronze,TV,Bangkok,1440,Web,Credit_Card,0,8,5,1,>50,48.0,4.0,2.0,0.5,-5,5,3690.5249999999996,0.28,0.5,0.75,0.0,1766.41,1,1,1.0,1766.41,1,1,1.0,1766.41,1,1,1.0,14762.099999999999,4,2,0.5,0
LGS2ORD0030436,C012529,2025-08-30 01:00:00,Female,51,Silver,TV,Remote_Area,1638,Lazada,Credit_Card,1,8,5,1,>50,54.6,8.0,5.0,0.625,4,9,7253.75625,0.3,0.625,0.375,0.0,0.0,0,0,0.0,23675.95,2,2,1.0,50470.75,4,3,0.75,58030.05,8,5,0.625,0
LGS2ORD0030437,C017891,2025-08-30 01:00:00,Male,40,Bronze,Shopee,Bangkok,417,Lazada,PromptPay,1,8,5,1,30-40,13.9,3.0,2.0,0.6666666666666666,168,22,1004.4833333333332,0.28,0.6666666666666666,0.3333333333333333,0.0,0.0,0,0,0.0,874.3,1,0,0.0,874.3,1,0,0.0,3013.45,3,2,0.6666666666666666,0
LGS2ORD0030438,C017914,2025-08-30 01:00:00,Male,32,Bronze,Web,Remote_Area,1563,Web,Bank_Transfer,1,8,5,1,30-40,52.1,7.0,3.0,0.42857142857142855,31,7,7952.715714285713,0.23,0.5714285714285714,0.14285714285714285,0.0,0.0,0,0,0.0,822.35,1,0,0.0,1417.8000000000002,2,1,0.5,55669.009999999995,7,3,0.42857142857142855,0
LGS2ORD0030439,C017576,2025-08-30 01:00:00,Female,42,Silver,TV,Chonburi,839,TV_Show,PromptPay,1,8,5,1,40-50,27.966666666666665,5.0,1.0,0.2,61,38,5534.505999999999,0.25,0.6,0.2,0.0,0.0,0,0,0.0,0.0,0,0,0.0,13730.29,2,1,0.5,27672.53,5,1,0.2,0
LGS2ORD0030440,C014161,2025-08-30 01:00:00,Female,40,Gold,Shopee,Bangkok,698,TV_Show,Credit_Card,1,8,5,1,30-40,23.266666666666666,2.0,0.0,0.0,-1,22,2942.665,0.2299999999999999,0.5,0.5,0.0,0.0,0,0,0.0,389.68,1,0,0.0,389.68,1,0,0.0,5885.33,2,0,0.0,0
LGS2ORD0030441,C012621,2025-08-30 02:00:00,Male,59,Gold,TV,Bangkok,444,Lazada,COD,2,8,5,1,>50,14.8,2.0,0.0,0.0,-1,147,7389.225,0.2299999999999999,0.5,0.5,0.0,0.0,0,0,0.0,0.0,0,0,0.0,0.0,0,0,0.0,14778.45,2,0,0.0,0
LGS2ORD0030442,C012692,2025-08-30 02:00:00,Male,38,Bronze,CallCenter,Remote_Area,830,Lazada,COD,2,8,5,1,30-40,27.666666666666668,7.0,4.0,0.5714285714285714,63,41,5516.785714285715,0.28,0.5714285714285714,0.2857142857142857,0.0,0.0,0,0,0.0,0.0,0,0,0.0,31611.440000000002,3,1,0.3333333333333333,38617.5,7,4,0.5714285714285714,1
LGS2ORD0030443,C016380,2025-08-30 02:00:00,Female,60,Bronze,Web,Khon Kaen,771,Shopee,COD,2,8,5,1,>50,25.7,5.0,2.0,0.4,103,43,4545.188,0.23,0.4,0.2,0.0,0.0,0,0,0.0,0.0,0,0,0.0,939.47,1,0,0.0,22725.94,5,2,0.4,0
LGS2ORD0030444,C010422,2025-08-30 02:00:00,Female,38,Platinum,TV,Khon Kaen,1648,TV_Show,Credit_Card,2,8,5,1,30-40,54.93333333333333,5.0,0.0,0.0,-1,78,11071.006,0.3,0.6,0.2,0.0,0.0,0,0,0.0,0.0,0,0,0.0,3482.83,1,0,0.0,55355.03,5,0,0.0,0
LGS2ORD0030445,C017082,2025-08-30 02:00:00,Female,34,Bronze,TV,Chiang Mai,935,Shopee,COD,2,8,5,1,30-40,31.166666666666668,6.0,3.0,0.5,32,14,2380.6216666666664,0.28,0.5,0.16666666666666666,0.0,0.0,0,0,0.0,1882.38,1,0,0.0,4238.23,3,2,0.6666666666666666,14283.73,6,3,0.5,0
LGS2ORD0030446,C011991,2025-08-30 02:00:00,Male,33,Platinum,Web,Bangkok,1560,CallCenter,COD,2,8,5,1,30-40,52.0,1.0,0.0,0.0,-1,221,1607.47,0.1,0.0,0.0,0.0,0.0,0,0,0.0,0.0,0,0,0.0,0.0,0,0,0.0,1607.47,1,0,0.0,0
LGS2ORD0030447,C014258,2025-08-30 03:00:00,Female,39,Gold,Web,Nakhon Ratchasima,1180,Shopee,Credit_Card,3,8,5,1,30-40,39.333333333333336,3.0,0.0,0.0,-1,127,4950.156666666667,0.13,1.0,0.0,0.0,0.0,0,0,0.0,0.0,0,0,0.0,0.0,0,0,0.0,14850.470000000001,3,0,0.0,0
LGS2ORD0030448,C015515,2025-08-30 03:00:00,Male,58,Bronze,TV,Phuket,1376,TV_Show,COD,3,8,5,1,>50,45.86666666666667,3.0,0.0,0.0,-1,86,11540.603333333333,0.18,0.3333333333333333,0.0,0.0,0.0,0,0,0.0,0.0,0,0,0.0,9001.69,1,0,0.0,34621.81,3,0,0.0,0
LGS2ORD0030449,C014411,2025-08-30 03:00:00,Female,44,Silver,Lazada,Chonburi,515,Web,COD,3,8,5,1,40-50,17.166666666666668,5.0,2.0,0.4,78,37,8874.796,0.25,0.2,0.2,0.0,0.0,0,0,0.0,0.0,0,0,0.0,26078.8,3,1,0.3333333333333333,44373.98,5,2,0.4,0
LGS2ORD0030450,C010085,2025-08-30 03:00:00,Male,33,Bronze,Web,Chonburi,1022,Web,Credit_Card,3,8,5,1,30-40,34.06666666666667,1.0,1.0,1.0,104,110,4281.99,0.03,1.0,0.0,0.0,0.0,0,0,0.0,0.0,0,0,0.0,0.0,0,0,0.0,4281.99,1,1,1.0,0
LGS2ORD0030451,C013579,2025-08-30 03:00:00,Male,36,Silver,CallCenter,Nakhon Ratchasima,1285,Web,Credit_Card,3,8,5,1,30-40,42.833333333333336,3.0,1.0,0.3333333333333333,194,20,4662.316666666667,0.2,0.3333333333333333,0.0,0.0,0.0,0,0,0.0,11406.2,1,0,0.0,12925.470000000001,2,0,0.0,13986.95,3,1,0.3333333333333333,0
LGS2ORD0030452,C013907,2025-08-30 04:00:00,Male,46,Gold,Shopee,Songkhla,1024,CallCenter,COD,4,8,5,1,40-50,34.13333333333333,5.0,1.0,0.2,189,32,6112.464000000001,0.28,0.2,0.6,0.0,0.0,0,0,0.0,0.0,0,0,0.0,4754.06,1,0,0.0,30562.320000000003,5,1,0.2,0
LGS2ORD0030453,C014919,2025-08-30 04:00:00,Male,40,Bronze,TV,Songkhla,1513,CallCenter,Credit_Card,4,8,5,1,30-40,50.43333333333333,6.0,0.0,0.0,-1,22,5313.128333333333,0.23,0.3333333333333333,0.3333333333333333,0.0,0.0,0,0,0.0,14151.79,1,0,0.0,15669.240000000002,2,0,0.0,31878.77,6,0,0.0,0
LGS2ORD0030454,C016552,2025-08-30 04:00:00,Female,18,Bronze,Lazada,Bangkok,694,Web,PromptPay,4,8,5,1,<20,23.133333333333333,5.0,1.0,0.2,153,22,4132.286,0.23,0.4,0.2,0.0,0.0,0,0,0.0,4690.42,1,0,0.0,4690.42,1,0,0.0,20661.43,5,1,0.2,0
LGS2ORD0030455,C016482,2025-08-30 04:00:00,Female,70,Bronze,CallCenter,Chonburi,1080,Shopee,Bank_Transfer,4,8,5,1,>50,36.0,5.0,0.0,0.0,-1,22,6087.838000000001,0.28,0.6,0.6,0.0,0.0,0,0,0.0,535.83,1,0,0.0,21104.13,3,0,0.0,30439.190000000002,5,0,0.0,0
LGS2ORD0030456,C012457,2025-08-30 04:00:00,Female,32,Platinum,Lazada,Bangkok,919,CallCenter,COD,4,8,5,1,30-40,30.633333333333333,4.0,0.0,0.0,-1,33,5871.307499999999,0.3,0.0,0.5,0.0,0.0,0,0,0.0,0.0,0,0,0.0,17719.359999999997,3,0,0.0,23485.229999999996,4,0,0.0,0
LGS2ORD0030457,C011735,2025-08-30 05:00:00,Female,28,Bronze,TV,Bangkok,927,Web,Credit_Card,5,8,5,1,20-30,30.9,5.0,2.0,0.4,67,21,3425.4300000000003,0.23,0.4,0.2,0.0,0.0,0,0,0.0,587.45,1,0,0.0,2205.4700000000003,2,1,0.5,17127.15,5,2,0.4,0
LGS2ORD0030458,C011024,2025-08-30 05:00:00,Female,41,Gold,TV,Bangkok,837,TV_Show,COD,5,8,5,1,40-50,27.9,5.0,2.0,0.4,106,62,6296.447999999999,0.33,0.6,0.6,0.0,0.0,0,0,0.0,0.0,0,0,0.0,10722.82,1,0,0.0,31482.239999999998,5,2,0.4,0
LGS2ORD0030459,C010199,2025-08-30 05:00:00,Male,18,Gold,TV,Phuket,1671,CallCenter,COD,5,8,5,1,<20,55.7,3.0,1.0,0.3333333333333333,19,33,4721.723333333333,0.28,0.6666666666666666,0.6666666666666666,0.0,0.0,0,0,0.0,0.0,0,0,0.0,792.24,1,1,1.0,14165.17,3,1,0.3333333333333333,1
LGS2ORD0030460,C014030,2025-08-30 05:00:00,Female,62,Bronze,TV,Khon Kaen,701,Web,COD,5,8,5,1,>50,23.366666666666667,7.0,2.0,0.2857142857142857,25,18,3596.4442857142863,0.28,0.8571428571428571,0.14285714285714285,0.0,0.0,0,0,0.0,1719.24,1,0,0.0,12305.17,4,1,0.25,25175.110000000004,7,2,0.2857142857142857,0
LGS2ORD0030461,C016927,2025-08-30 05:00:00,Male,39,Bronze,TV,Chonburi,327,Web,COD,5,8,5,1,30-40,10.9,7.0,3.0,0.42857142857142855,78,8,3123.3571428571427,0.23,0.7142857142857143,0.14285714285714285,0.0,0.0,0,0,0.0,4452.5,1,0,0.0,12211.79,3,1,0.3333333333333333,21863.5,7,3,0.42857142857142855,0
LGS2ORD0030462,C011810,2025-08-30 06:00:00,Male,55,Bronze,TV,Phuket,1683,Shopee,COD,6,8,5,1,>50,56.1,2.0,0.0,0.0,-1,119,12987.654999999999,0.28,0.0,1.0,0.0,0.0,0,0,0.0,0.0,0,0,0.0,0.0,0,0,0.0,25975.309999999998,2,0,0.0,0
LGS2ORD0030463,C015472,2025-08-30 06:00:00,Female,63,Bronze,Web,Nakhon Ratchasima,287,TV_Show,Bank_Transfer,6,8,5,1,>50,9.566666666666666,4.0,1.0,0.25,80,89,18143.87,0.13,0.5,0.0,0.0,0.0,0,0,0.0,0.0,0,0,0.0,30245.23,1,1,1.0,72575.48,4,1,0.25,0
LGS2ORD0030464,C015514,2025-08-30 06:00:00,Female,27,Bronze,Lazada,Bangkok,941,TV_Show,Credit_Card,6,8,5,1,20-30,31.366666666666667,6.0,1.0,0.16666666666666666,106,30,4393.4766666666665,0.28,0.16666666666666666,0.3333333333333333,0.0,0.0,0,0,0.0,0.0,0,0,0.0,1167.52,1,0,0.0,26360.86,6,1,0.16666666666666666,0
LGS2ORD0030465,C017028,2025-08-30 06:00:00,Female,55,Bronze,TV,Khon Kaen,629,Lazada,PromptPay,6,8,5,1,>50,20.966666666666665,5.0,0.0,0.0,-1,48,2753.9260000000004,0.28,0.2,0.6,0.0,0.0,0,0,0.0,0.0,0,0,0.0,10998.130000000001,2,0,0.0,13769.630000000001,5,0,0.0,0
LGS2ORD0030466,C012752,2025-08-30 06:00:00,Male,71,Bronze,TV,Nakhon Ratchasima,1292,Web,COD,6,8,5,1,>50,43.06666666666667,3.0,1.0,0.3333333333333333,156,105,4697.2733333333335,0.13,0.6666666666666666,0.0,0.0,0.0,0,0,0.0,0.0,0,0,0.0,0.0,0,0,0.0,14091.82,3,1,0.3333333333333333,0
LGS2ORD0030467,C012779,2025-08-30 06:00:00,Male,60,Gold,CallCenter,Bangkok,1676,CallCenter,Credit_Card,6,8,5,1,>50,55.86666666666667,3.0,0.0,0.0,-1,4,6306.573333333334,0.2299999999999999,0.6666666666666666,0.6666666666666666,0.0,8120.06,1,0,0.0,9968.74,2,0,0.0,18919.72,3,0,0.0,18919.72,3,0,0.0,0
LGS2ORD0030468,C011984,2025-08-30 07:00:00,Male,44,Bronze,TV,Khon Kaen,359,Web,COD,7,8,5,1,40-50,11.966666666666667,2.0,0.0,0.0,-1,72,2814.49,0.08,0.0,0.0,0.0,0.0,0,0,0.0,0.0,0,0,0.0,1812.3,1,0,0.0,5628.98,2,0,0.0,0
LGS2ORD0030469,C011127,2025-08-30 07:00:00,Female,28,Gold,Web,Bangkok,291,Shopee,COD,7,8,5,1,20-30,9.7,0.0,0.0,0.0,-1,-1,0.0,0.0,0.0,0.0,0.0,0.0,0,0,0.0,0.0,0,0,0.0,0.0,0,0,0.0,0.0,0,0,0.0,0
LGS2ORD0030470,C010934,2025-08-30 07:00:00,Male,41,Platinum,TV,Chonburi,449,TV_Show,COD,7,8,5,1,40-50,14.966666666666667,5.0,1.0,0.2,45,14,7821.938,0.35,0.4,0.6,0.0,0.0,0,0,0.0,12450.27,1,0,0.0,20760.63,2,1,0.5,39109.69,5,1,0.2,0
LGS2ORD0030471,C010934,2025-08-30 07:00:00,Male,41,Platinum,TV,Chonburi,449,Shopee,Bank_Transfer,7,8,5,1,40-50,14.966666666666667,5.0,1.0,0.2,45,14,7821.938,0.35,0.4,0.6,0.0,0.0,0,0,0.0,12450.27,1,0,0.0,20760.63,2,1,0.5,39109.69,5,1,0.2,0
LGS2ORD0030472,C011241,2025-08-30 07:00:00,Female,29,Gold,Web,Bangkok,557,TV_Show,COD,7,8,5,1,20-30,18.566666666666666,2.0,1.0,0.5,163,11,5079.305,0.2299999999999999,1.0,0.5,0.0,0.0,0,0,0.0,1503.11,1,0,0.0,1503.11,1,0,0.0,10158.61,2,1,0.5,0
LGS2ORD0030473,C016789,2025-08-30 08:00:00,Other,35,Gold,Shopee,Chonburi,1167,Web,Bank_Transfer,8,8,5,1,30-40,38.9,1.0,0.0,0.0,-1,224,3866.43,0.13,0.0,0.0,0.0,0.0,0,0,0.0,0.0,0,0,0.0,0.0,0,0,0.0,3866.43,1,0,0.0,0
LGS2ORD0030474,C012600,2025-08-30 08:00:00,Male,33,Silver,TV,Bangkok,1550,TV_Show,COD,8,8,5,1,30-40,51.666666666666664,1.0,0.0,0.0,-1,11,22368.23,0.15,0.0,0.0,0.0,0.0,0,0,0.0,22368.23,1,0,0.0,22368.23,1,0,0.0,22368.23,1,0,0.0,1
LGS2ORD0030475,C013267,2025-08-30 08:00:00,Female,34,Silver,Shopee,Remote_Area,486,Shopee,COD,8,8,5,1,30-40,16.2,8.0,2.0,0.25,133,27,7034.54625,0.2,0.75,0.0,0.0,0.0,0,0,0.0,15015.78,1,0,0.0,15274.800000000001,2,0,0.0,56276.37,8,2,0.25,1
LGS2ORD0030476,C012652,2025-08-30 08:00:00,Female,35,Bronze,TV,Khon Kaen,606,Lazada,COD,8,8,5,1,30-40,20.2,5.0,0.0,0.0,-1,49,5453.352,0.28,0.6,0.2,0.0,0.0,0,0,0.0,0.0,0,0,0.0,4197.38,1,0,0.0,27266.76,5,0,0.0,0
LGS2ORD0030477,C014057,2025-08-30 08:00:00,Male,63,Silver,Web,Chonburi,763,Shopee,COD,8,8,5,1,>50,25.433333333333334,5.0,0.0,0.0,-1,43,8068.101999999999,0.25,0.2,0.2,0.0,0.0,0,0,0.0,0.0,0,0,0.0,7928.59,1,0,0.0,40340.509999999995,5,0,0.0,1
LGS2ORD0030478,C012992,2025-08-30 09:00:00,Male,45,Bronze,CallCenter,Songkhla,543,Lazada,Credit_Card,9,8,5,1,40-50,18.1,2.0,0.0,0.0,-1,34,1206.83,0.18,0.0,0.0,0.0,0.0,0,0,0.0,0.0,0,0,0.0,1352.4,1,0,0.0,2413.66,2,0,0.0,0
LGS2ORD0030479,C017333,2025-08-30 09:00:00,Male,18,Silver,Lazada,Songkhla,506,Lazada,COD,9,8,5,1,<20,16.866666666666667,1.0,0.0,0.0,-1,216,849.22,0.05,1.0,0.0,0.0,0.0,0,0,0.0,0.0,0,0,0.0,0.0,0,0,0.0,849.22,1,0,0.0,0
LGS2ORD0030480,C010475,2025-08-30 09:00:00,Female,44,Bronze,TV,Phuket,1673,Shopee,Credit_Card,9,8,5,1,40-50,55.766666666666666,4.0,2.0,0.5,63,71,4581.1375,0.23,0.25,0.5,0.0,0.0,0,0,0.0,0.0,0,0,0.0,1046.71,1,1,1.0,18324.55,4,2,0.5,0
LGS2ORD0030481,C015421,2025-08-30 09:00:00,Other,32,Platinum,Shopee,Phuket,1086,Shopee,COD,9,8,5,1,30-40,36.2,8.0,4.0,0.5,44,52,2907.9475,0.35,0.75,0.875,0.0,0.0,0,0,0.0,0.0,0,0,0.0,2310.91,2,1,0.5,23263.58,8,4,0.5,0
LGS2ORD0030482,C017819,2025-08-30 09:00:00,Female,44,Bronze,Shopee,Bangkok,1154,Lazada,COD,9,8,5,1,40-50,38.46666666666667,4.0,0.0,0.0,-1,31,3756.555,0.23,0.5,0.25,0.0,0.0,0,0,0.0,0.0,0,0,0.0,8171.9,2,0,0.0,15026.22,4,0,0.0,0
LGS2ORD0030483,C010328,2025-08-30 10:00:00,Female,33,Silver,TV,Chiang Mai,273,TV_Show,COD,10,8,5,1,30-40,9.1,3.0,2.0,0.6666666666666666,129,17,5807.203333333334,0.2,0.3333333333333333,0.0,0.0,0.0,0,0,0.0,9281.57,1,0,0.0,9281.57,1,0,0.0,17421.61,3,2,0.6666666666666666,0
LGS2ORD0030484,C015335,2025-08-30 10:00:00,Female,18,Gold,CallCenter,Bangkok,1619,TV_Show,COD,10,8,5,1,<20,53.96666666666667,0.0,0.0,0.0,-1,-1,0.0,0.0,0.0,0.0,0.0,0.0,0,0,0.0,0.0,0,0,0.0,0.0,0,0,0.0,0.0,0,0,0.0,0
LGS2ORD0030485,C016383,2025-08-30 10:00:00,Female,25,Silver,Web,Bangkok,937,CallCenter,COD,10,8,5,1,20-30,31.233333333333334,1.0,0.0,0.0,-1,240,1436.78,0.25,1.0,1.0,0.0,0.0,0,0,0.0,0.0,0,0,0.0,0.0,0,0,0.0,1436.78,1,0,0.0,0
LGS2ORD0030486,C016380,2025-08-30 10:00:00,Female,60,Bronze,Web,Khon Kaen,771,Lazada,COD,10,8,5,1,>50,25.7,6.0,2.0,0.3333333333333333,103,0,4495.113333333334,0.23,0.5,0.16666666666666666,0.0,4244.74,1,0,0.0,4244.74,1,0,0.0,5184.21,2,0,0.0,26970.68,6,2,0.3333333333333333,1
LGS2ORD0030487,C014726,2025-08-30 10:00:00,Female,38,Gold,TV,Chiang Mai,309,Lazada,COD,10,8,5,1,30-40,10.3,9.0,2.0,0.2222222222222222,26,41,8174.915555555558,0.33,0.4444444444444444,0.4444444444444444,0.0,0.0,0,0,0.0,0.0,0,0,0.0,17389.99,3,1,0.3333333333333333,73574.24000000002,9,2,0.2222222222222222,0
LGS2ORD0030488,C017001,2025-08-30 10:00:00,Male,60,Silver,TV,Bangkok,319,CallCenter,COD,10,8,5,1,>50,10.633333333333333,4.0,1.0,0.25,208,124,4123.0425000000005,0.25,0.75,0.25,0.0,0.0,0,0,0.0,0.0,0,0,0.0,0.0,0,0,0.0,16492.170000000002,4,1,0.25,1
LGS2ORD0030489,C012561,2025-08-30 11:00:00,Female,61,Platinum,Shopee,Phuket,763,CallCenter,COD,11,8,5,1,>50,25.433333333333334,5.0,2.0,0.4,92,21,8773.888,0.35,0.6,0.6,0.0,0.0,0,0,0.0,14818.67,1,0,0.0,14818.67,1,0,0.0,43869.44,5,2,0.4,0
LGS2ORD0030490,C013829,2025-08-30 11:00:00,Female,66,Bronze,Lazada,Bangkok,972,TV_Show,Credit_Card,11,8,5,1,>50,32.4,5.0,2.0,0.4,38,50,5378.348,0.28,0.8,0.2,0.0,0.0,0,0,0.0,0.0,0,0,0.0,6240.86,2,1,0.5,26891.739999999998,5,2,0.4,0
LGS2ORD0030491,C011380,2025-08-30 11:00:00,Female,26,Bronze,Shopee,Khon Kaen,1503,Shopee,COD,11,8,5,1,20-30,50.1,4.0,2.0,0.5,92,107,3718.8025000000002,0.28,0.5,0.75,0.0,0.0,0,0,0.0,0.0,0,0,0.0,0.0,0,0,0.0,14875.210000000001,4,2,0.5,0
LGS2ORD0030492,C013225,2025-08-30 11:00:00,Male,59,Bronze,Web,Nakhon Ratchasima,1673,Shopee,COD,11,8,5,1,>50,55.766666666666666,1.0,0.0,0.0,-1,75,426.63,0.03,1.0,0.0,0.0,0.0,0,0,0.0,0.0,0,0,0.0,426.63,1,0,0.0,426.63,1,0,0.0,0
LGS2ORD0030493,C011069,2025-08-30 11:00:00,Female,47,Silver,Lazada,Phuket,585,TV_Show,COD,11,8,5,1,40-50,19.5,5.0,1.0,0.2,12,21,3350.3520000000003,0.25,0.6,0.4,0.0,0.0,0,0,0.0,3426.79,1,1,1.0,5245.41,4,1,0.25,16751.760000000002,5,1,0.2,0
LGS2ORD0030494,C011809,2025-08-30 12:00:00,Female,37,Bronze,TV,Songkhla,718,Web,Credit_Card,12,8,5,1,30-40,23.933333333333334,5.0,2.0,0.4,88,20,3738.8839999999996,0.13,0.8,0.0,0.0,0.0,0,0,0.0,646.84,1,0,0.0,646.84,1,0,0.0,18694.42,5,2,0.4,1
LGS2ORD0030495,C015458,2025-08-30 12:00:00,Female,36,Bronze,Lazada,Khon Kaen,1107,CallCenter,COD,12,8,5,1,30-40,36.9,2.0,0.0,0.0,-1,193,1561.13,0.23,0.5,0.5,0.0,0.0,0,0,0.0,0.0,0,0,0.0,0.0,0,0,0.0,3122.26,2,0,0.0,0
LGS2ORD0030496,C015647,2025-08-30 12:00:00,Other,46,Bronze,TV,Remote_Area,992,Shopee,COD,12,8,5,1,40-50,33.06666666666667,6.0,3.0,0.5,38,46,6548.808333333334,0.28,0.3333333333333333,0.5,0.0,0.0,0,0,0.0,0.0,0,0,0.0,18476.99,2,1,0.5,39292.850000000006,6,3,0.5,0
LGS2ORD0030497,C017725,2025-08-30 12:00:00,Female,59,Bronze,Web,Khon Kaen,1180,Lazada,Credit_Card,12,8,5,1,>50,39.333333333333336,7.0,1.0,0.14285714285714285,101,16,9778.221428571429,0.23,0.5714285714285714,0.14285714285714285,0.0,0.0,0,0,0.0,12028.56,2,0,0.0,12028.56,2,0,0.0,68447.55,7,1,0.14285714285714285,1
LGS2ORD0030498,C013839,2025-08-30 12:00:00,Female,61,Bronze,TV,Bangkok,447,TV_Show,COD,12,8,5,1,>50,14.9,5.0,2.0,0.4,132,22,5388.2080000000005,0.28,0.2,0.2,0.0,0.0,0,0,0.0,9169.42,1,0,0.0,9169.42,1,0,0.0,26941.04,5,2,0.4,0
LGS2ORD0030499,C011927,2025-08-30 13:00:00,Female,31,Bronze,CallCenter,Remote_Area,681,Web,COD,13,8,5,1,30-40,22.7,5.0,1.0,0.2,189,5,3292.102,0.18,0.8,0.0,0.0,1852.87,1,0,0.0,1852.87,1,0,0.0,1852.87,1,0,0.0,16460.51,5,1,0.2,0
LGS2ORD0030500,C017762,2025-08-30 13:00:00,Other,23,Gold,Lazada,Nakhon Ratchasima,1106,TV_Show,COD,13,8,5,1,20-30,36.86666666666667,5.0,2.0,0.4,33,38,6496.964,0.33,0.4,0.4,0.0,0.0,0,0,0.0,0.0,0,0,0.0,3214.4700000000003,2,1,0.5,32484.82,5,2,0.4,0
LGS2ORD0030501,C015934,2025-08-30 13:00:00,Male,51,Gold,Shopee,Bangkok,1334,CallCenter,Bank_Transfer,13,8,5,1,>50,44.46666666666667,4.0,0.0,0.0,-1,171,8903.525,0.33,0.25,0.5,0.0,0.0,0,0,0.0,0.0,0,0,0.0,0.0,0,0,0.0,35614.1,4,0,0.0,0
LGS2ORD0030502,C015956,2025-08-30 13:00:00,Female,45,Bronze,Shopee,Bangkok,1055,Lazada,COD,13,8,5,1,40-50,35.166666666666664,5.0,2.0,0.4,217,30,8015.067999999999,0.23,0.4,0.2,0.0,0.0,0,0,0.0,0.0,0,0,0.0,18439.09,1,0,0.0,40075.34,5,2,0.4,0
LGS2ORD0030503,C010805,2025-08-30 13:00:00,Female,31,Platinum,Shopee,Chonburi,1409,CallCenter,PromptPay,13,8,5,1,30-40,46.96666666666667,1.0,0.0,0.0,-1,103,9077.85,0.2,0.0,0.0,0.0,0.0,0,0,0.0,0.0,0,0,0.0,0.0,0,0,0.0,9077.85,1,0,0.0,0
LGS2ORD0030504,C016410,2025-08-30 14:00:00,Female,44,Silver,Shopee,Chonburi,1678,Lazada,COD,14,8,5,1,40-50,55.93333333333333,1.0,1.0,1.0,109,126,9259.12,0.1,1.0,0.0,0.0,0.0,0,0,0.0,0.0,0,0,0.0,0.0,0,0,0.0,9259.12,1,1,1.0,0
LGS2ORD0030505,C017349,2025-08-30 14:00:00,Female,50,Bronze,Shopee,Nakhon Ratchasima,624,Lazada,COD,14,8,5,1,40-50,20.8,5.0,3.0,0.6,71,14,6842.726000000001,0.28,0.6,0.2,0.0,0.0,0,0,0.0,1635.01,1,0,0.0,4271.55,2,1,0.5,34213.630000000005,5,3,0.6,0
LGS2ORD0030506,C014106,2025-08-30 14:00:00,Male,51,Silver,Shopee,Bangkok,1191,Lazada,PromptPay,14,8,5,1,>50,39.7,4.0,2.0,0.5,-10,1,8645.8325,0.3,1.0,0.25,0.0,21804.45,1,1,1.0,27945.57,2,1,0.5,27945.57,2,1,0.5,34583.33,4,2,0.5,0
LGS2ORD0030507,C012169,2025-08-30 14:00:00,Female,40,Bronze,Web,Bangkok,257,TV_Show,PromptPay,14,8,5,1,30-40,8.566666666666666,2.0,0.0,0.0,-1,29,5271.360000000001,0.18,1.0,0.0,0.0,0.0,0,0,0.0,3392.17,1,0,0.0,10542.720000000001,2,0,0.0,10542.720000000001,2,0,0.0,0
LGS2ORD0030508,C017673,2025-08-30 14:00:00,Female,64,Bronze,Web,Bangkok,727,Lazada,COD,14,8,5,1,>50,24.233333333333334,4.0,1.0,0.25,193,67,1372.3025,0.28,0.5,0.5,0.0,0.0,0,0,0.0,0.0,0,0,0.0,526.89,1,0,0.0,5489.21,4,1,0.25,0
LGS2ORD0030509,C015174,2025-08-30 14:00:00,Male,47,Silver,Lazada,Bangkok,874,Lazada,COD,14,8,5,1,40-50,29.133333333333333,5.0,2.0,0.4,4,15,9572.512,0.25,0.2,0.4,0.0,0.0,0,0,0.0,10141.45,2,1,0.5,27725.420000000002,3,2,0.6666666666666666,47862.560000000005,5,2,0.4,0
LGS2ORD0030510,C015543,2025-08-30 15:00:00,Female,55,Platinum,Shopee,Khon Kaen,566,Lazada,COD,15,8,5,1,>50,18.866666666666667,6.0,0.0,0.0,-1,7,7503.015,0.35,0.3333333333333333,0.5,0.0,0.0,0,0,0.0,1722.21,2,0,0.0,1722.21,2,0,0.0,45018.090000000004,6,0,0.0,1
LGS2ORD0030511,C010127,2025-08-30 15:00:00,Female,57,Bronze,Web,Songkhla,343,Web,COD,15,8,5,1,>50,11.433333333333334,3.0,0.0,0.0,-1,22,1635.9866666666667,0.28,0.6666666666666666,0.6666666666666666,0.0,0.0,0,0,0.0,1626.23,1,0,0.0,1626.23,1,0,0.0,4907.96,3,0,0.0,1
LGS2ORD0030512,C012212,2025-08-30 15:00:00,Male,35,Silver,Web,Chiang Mai,1179,CallCenter,Credit_Card,15,8,5,1,30-40,39.3,8.0,2.0,0.25,7,14,6203.762499999999,0.3,0.75,0.25,0.0,0.0,0,0,0.0,13529.11,3,1,0.3333333333333333,13529.11,3,1,0.3333333333333333,49630.09999999999,8,2,0.25,0
LGS2ORD0030513,C016444,2025-08-30 15:00:00,Female,21,Platinum,TV,Bangkok,420,Web,COD,15,8,5,1,20-30,14.0,3.0,0.0,0.0,-1,28,4208.933333333333,0.3,0.6666666666666666,0.3333333333333333,0.0,0.0,0,0,0.0,2819.5,1,0,0.0,2819.5,1,0,0.0,12626.8,3,0,0.0,0
LGS2ORD0030514,C013433,2025-08-30 15:00:00,Female,33,Bronze,TV,Bangkok,750,TV_Show,Bank_Transfer,15,8,5,1,30-40,25.0,1.0,0.0,0.0,-1,236,3048.29,0.03,1.0,0.0,0.0,0.0,0,0,0.0,0.0,0,0,0.0,0.0,0,0,0.0,3048.29,1,0,0.0,0
LGS2ORD0030515,C012792,2025-08-30 16:00:00,Female,18,Gold,Lazada,Bangkok,398,Lazada,COD,16,8,5,1,<20,13.266666666666667,4.0,0.0,0.0,-1,51,6560.9974999999995,0.28,0.25,0.25,0.0,0.0,0,0,0.0,0.0,0,0,0.0,1401.1,1,0,0.0,26243.989999999998,4,0,0.0,0
LGS2ORD0030516,C011762,2025-08-30 16:00:00,Female,72,Bronze,Shopee,Songkhla,1292,Web,COD,16,8,5,1,>50,43.06666666666667,6.0,2.0,0.3333333333333333,26,40,4041.7233333333334,0.28,0.5,0.5,0.0,0.0,0,0,0.0,0.0,0,0,0.0,7753.09,2,1,0.5,24250.34,6,2,0.3333333333333333,0
LGS2ORD0030517,C011211,2025-08-30 16:00:00,Female,26,Bronze,TV,Bangkok,1521,TV_Show,Bank_Transfer,16,8,5,1,20-30,50.7,3.0,2.0,0.6666666666666666,7,19,4953.926666666667,0.18,1.0,0.0,0.0,0.0,0,0,0.0,2520.64,1,1,1.0,13488.93,2,1,0.5,14861.78,3,2,0.6666666666666666,0
LGS2ORD0030518,C013802,2025-08-30 16:00:00,Female,49,Gold,TV,Khon Kaen,1418,Lazada,COD,16,8,5,1,40-50,47.266666666666666,1.0,1.0,1.0,88,95,2723.61,0.28,0.0,1.0,0.0,0.0,0,0,0.0,0.0,0,0,0.0,0.0,0,0,0.0,2723.61,1,1,1.0,0
LGS2ORD0030519,C012238,2025-08-30 16:00:00,Female,36,Silver,Shopee,Nakhon Ratchasima,850,Web,COD,16,8,5,1,30-40,28.333333333333332,5.0,0.0,0.0,-1,133,6515.416,0.25,1.0,0.2,0.0,0.0,0,0,0.0,0.0,0,0,0.0,0.0,0,0,0.0,32577.08,5,0,0.0,0
LGS2ORD0030520,C013285,2025-08-30 17:00:00,Female,37,Platinum,Lazada,Khon Kaen,320,Web,COD,17,8,5,1,30-40,10.666666666666666,3.0,1.0,0.3333333333333333,9,5,1365.03,0.25,0.6666666666666666,0.3333333333333333,0.0,254.27,1,0,0.0,3326.21,2,1,0.5,4095.09,3,1,0.3333333333333333,4095.09,3,1,0.3333333333333333,0
LGS2ORD0030521,C014954,2025-08-30 17:00:00,Female,57,Bronze,CallCenter,Phuket,952,Web,Bank_Transfer,17,8,5,1,>50,31.733333333333334,2.0,1.0,0.5,221,49,5034.465,0.13,0.5,0.0,0.0,0.0,0,0,0.0,0.0,0,0,0.0,7948.84,1,0,0.0,10068.93,2,1,0.5,0
LGS2ORD0030522,C010148,2025-08-30 17:00:00,Female,27,Gold,TV,Songkhla,1515,TV_Show,Credit_Card,17,8,5,1,20-30,50.5,5.0,1.0,0.2,36,48,3961.954,0.33,0.6,0.6,0.0,0.0,0,0,0.0,0.0,0,0,0.0,13181.850000000002,4,1,0.25,19809.77,5,1,0.2,1
LGS2ORD0030523,C015322,2025-08-30 17:00:00,Male,32,Bronze,Web,Khon Kaen,656,Web,PromptPay,17,8,5,1,30-40,21.866666666666667,1.0,0.0,0.0,-1,236,13645.79,0.03,0.0,0.0,0.0,0.0,0,0,0.0,0.0,0,0,0.0,0.0,0,0,0.0,13645.79,1,0,0.0,0
LGS2ORD0030524,C014211,2025-08-30 17:00:00,Female,49,Bronze,Web,Bangkok,1636,Shopee,COD,17,8,5,1,40-50,54.53333333333333,1.0,0.0,0.0,-1,5,1515.96,0.18,1.0,0.0,0.0,1515.96,1,0,0.0,1515.96,1,0,0.0,1515.96,1,0,0.0,1515.96,1,0,0.0,0
LGS2ORD0030525,C013645,2025-08-30 18:00:00,Male,64,Silver,TV,Khon Kaen,1417,TV_Show,Credit_Card,18,8,5,1,>50,47.233333333333334,9.0,3.0,0.3333333333333333,98,66,6996.547777777778,0.25,0.5555555555555556,0.1111111111111111,0.0,0.0,0,0,0.0,0.0,0,0,0.0,13173.35,2,0,0.0,62968.93,9,3,0.3333333333333333,0
LGS2ORD0030526,C013869,2025-08-30 18:00:00,Female,51,Bronze,TV,Bangkok,897,Shopee,COD,18,8,5,1,>50,29.9,1.0,0.0,0.0,-1,14,2201.61,0.03,1.0,0.0,0.0,0.0,0,0,0.0,2201.61,1,0,0.0,2201.61,1,0,0.0,2201.61,1,0,0.0,0
LGS2ORD0030527,C011851,2025-08-30 18:00:00,Female,27,Silver,Lazada,Khon Kaen,1254,Web,PromptPay,18,8,5,1,20-30,41.8,4.0,1.0,0.25,113,66,6319.8925,0.3,0.5,0.5,0.0,0.0,0,0,0.0,0.0,0,0,0.0,11231.79,2,0,0.0,25279.57,4,1,0.25,0
LGS2ORD0030528,C017428,2025-08-30 18:00:00,Male,35,Gold,Lazada,Phuket,1541,TV_Show,COD,18,8,5,1,30-40,51.36666666666667,3.0,1.0,0.3333333333333333,159,50,5383.330000000001,0.28,0.6666666666666666,0.3333333333333333,0.0,0.0,0,0,0.0,0.0,0,0,0.0,1813.52,1,0,0.0,16149.990000000002,3,1,0.3333333333333333,0
LGS2ORD0030529,C017289,2025-08-30 18:00:00,Female,38,Platinum,TV,Khon Kaen,1537,TV_Show,COD,18,8,5,1,30-40,51.233333333333334,6.0,0.0,0.0,-1,48,3579.5166666666664,0.35,0.6666666666666666,0.6666666666666666,0.0,0.0,0,0,0.0,0.0,0,0,0.0,15499.859999999999,2,0,0.0,21477.1,6,0,0.0,1
LGS2ORD0030530,C016366,2025-08-30 18:00:00,Male,43,Bronze,Shopee,Bangkok,1542,Web,Credit_Card,18,8,5,1,40-50,51.4,1.0,0.0,0.0,-1,84,6792.4,0.18,0.0,0.0,0.0,0.0,0,0,0.0,0.0,0,0,0.0,6792.4,1,0,0.0,6792.4,1,0,0.0,0
LGS2ORD0030531,C015246,2025-08-30 19:00:00,Female,39,Bronze,Shopee,Bangkok,830,Web,COD,19,8,5,1,30-40,27.666666666666668,3.0,0.0,0.0,-1,31,6766.166666666667,0.23,0.6666666666666666,0.6666666666666666,0.0,0.0,0,0,0.0,0.0,0,0,0.0,1896.78,1,0,0.0,20298.5,3,0,0.0,0
LGS2ORD0030532,C012240,2025-08-30 19:00:00,Female,39,Gold,Shopee,Bangkok,1686,Lazada,COD,19,8,5,1,30-40,56.2,1.0,1.0,1.0,102,112,1218.91,0.33,1.0,1.0,0.0,0.0,0,0,0.0,0.0,0,0,0.0,0.0,0,0,0.0,1218.91,1,1,1.0,0
LGS2ORD0030533,C013314,2025-08-30 19:00:00,Male,42,Gold,Shopee,Chonburi,725,TV_Show,COD,19,8,5,1,40-50,24.166666666666668,2.0,1.0,0.5,17,22,2835.035,0.2299999999999999,1.0,0.5,0.0,0.0,0,0,0.0,5269.03,1,1,1.0,5269.03,1,1,1.0,5670.07,2,1,0.5,0
LGS2ORD0030534,C015230,2025-08-30 19:00:00,Female,28,Bronze,TV,Bangkok,1447,Web,COD,19,8,5,1,20-30,48.233333333333334,2.0,1.0,0.5,100,109,15779.87,0.18,0.5,0.0,0.0,0.0,0,0,0.0,0.0,0,0,0.0,0.0,0,0,0.0,31559.74,2,1,0.5,1
LGS2ORD0030535,C017396,2025-08-30 19:00:00,Male,28,Bronze,TV,Remote_Area,1227,Web,Bank_Transfer,19,8,5,1,20-30,40.9,7.0,4.0,0.5714285714285714,6,9,4316.111428571429,0.28,0.42857142857142855,0.14285714285714285,0.0,0.0,0,0,0.0,5962.68,1,1,1.0,10145.92,2,1,0.5,30212.780000000006,7,4,0.5714285714285714,0
LGS2ORD0030536,C016768,2025-08-30 20:00:00,Male,24,Gold,Lazada,Bangkok,1182,Web,Bank_Transfer,20,8,5,1,20-30,39.4,2.0,0.0,0.0,-1,75,1796.88,0.2299999999999999,1.0,0.5,0.0,0.0,0,0,0.0,0.0,0,0,0.0,1373.41,1,0,0.0,3593.76,2,0,0.0,1
LGS2ORD0030537,C013654,2025-08-30 20:00:00,Male,38,Bronze,Lazada,Songkhla,1607,Web,Credit_Card,20,8,5,1,30-40,53.56666666666667,6.0,1.0,0.16666666666666666,26,27,4831.823333333334,0.28,0.8333333333333334,0.16666666666666666,0.0,0.0,0,0,0.0,8552.05,1,0,0.0,16198.73,4,1,0.25,28990.940000000002,6,1,0.16666666666666666,0
LGS2ORD0030538,C017587,2025-08-30 20:00:00,Male,19,Gold,TV,Khon Kaen,719,Lazada,COD,20,8,5,1,<20,23.966666666666665,7.0,2.0,0.2857142857142857,152,15,2558.902857142857,0.33,0.7142857142857143,0.2857142857142857,0.0,0.0,0,0,0.0,1743.73,1,0,0.0,1743.73,1,0,0.0,17912.32,7,2,0.2857142857142857,0
LGS2ORD0030539,C017579,2025-08-30 20:00:00,Male,41,Bronze,CallCenter,Nakhon Ratchasima,1671,CallCenter,Credit_Card,20,8,5,1,40-50,55.7,5.0,3.0,0.6,110,86,5155.89,0.28,0.4,0.4,0.0,0.0,0,0,0.0,0.0,0,0,0.0,964.07,1,0,0.0,25779.45,5,3,0.6,0
LGS2ORD0030540,C012026,2025-08-30 20:00:00,Male,53,Silver,Web,Bangkok,1419,Shopee,Bank_Transfer,20,8,5,1,>50,47.3,1.0,1.0,1.0,73,85,16967.02,0.1,1.0,0.0,0.0,0.0,0,0,0.0,0.0,0,0,0.0,16967.02,1,1,1.0,16967.02,1,1,1.0,0
LGS2ORD0030541,C010583,2025-08-30 21:00:00,Female,56,Bronze,Shopee,Bangkok,962,Lazada,Bank_Transfer,21,8,5,1,>50,32.06666666666667,4.0,1.0,0.25,161,28,7158.347499999999,0.23,0.75,0.25,0.0,0.0,0,0,0.0,2637.55,1,0,0.0,2637.55,1,0,0.0,28633.389999999996,4,1,0.25,0
LGS2ORD0030542,C010078,2025-08-30 21:00:00,Female,55,Bronze,CallCenter,Songkhla,720,Lazada,PromptPay,21,8,5,1,>50,24.0,6.0,4.0,0.6666666666666666,122,13,5813.740000000001,0.18,0.5,0.0,0.0,0.0,0,0,0.0,16094.25,1,0,0.0,16094.25,1,0,0.0,34882.44,6,4,0.6666666666666666,0
LGS2ORD0030543,C015079,2025-08-30 21:00:00,Male,33,Bronze,TV,Phuket,843,Lazada,Credit_Card,21,8,5,1,30-40,28.1,5.0,2.0,0.4,31,7,5548.01,0.23,0.8,0.2,0.0,0.0,0,0,0.0,7586.75,1,0,0.0,8633.869999999999,2,1,0.5,27740.05,5,2,0.4,0
LGS2ORD0030544,C014492,2025-08-30 21:00:00,Female,49,Gold,Lazada,Remote_Area,1108,Web,Credit_Card,21,8,5,1,40-50,36.93333333333333,0.0,0.0,0.0,-1,-1,0.0,0.0,0.0,0.0,0.0,0.0,0,0,0.0,0.0,0,0,0.0,0.0,0,0,0.0,0.0,0,0,0.0,0
LGS2ORD0030545,C015306,2025-08-30 21:00:00,Male,42,Bronze,TV,Chiang Mai,1066,Web,COD,21,8,5,1,40-50,35.53333333333333,3.0,0.0,0.0,-1,27,2567.0933333333332,0.28,0.0,0.3333333333333333,0.0,0.0,0,0,0.0,991.92,1,0,0.0,991.92,1,0,0.0,7701.28,3,0,0.0,0
LGS2ORD0030546,C016822,2025-08-30 21:00:00,Female,31,Bronze,Web,Remote_Area,361,Lazada,COD,21,8,5,1,30-40,12.033333333333333,7.0,3.0,0.42857142857142855,175,76,4237.874285714285,0.28,0.42857142857142855,0.2857142857142857,0.0,0.0,0,0,0.0,0.0,0,0,0.0,2283.53,1,0,0.0,29665.12,7,3,0.42857142857142855,1
LGS2ORD0030547,C011784,2025-08-30 22:00:00,Female,18,Silver,Web,Remote_Area,1421,Web,PromptPay,22,8,5,1,<20,47.36666666666667,2.0,0.0,0.0,-1,57,1524.985,0.25,0.0,1.0,0.0,0.0,0,0,0.0,0.0,0,0,0.0,568.73,1,0,0.0,3049.97,2,0,0.0,0
LGS2ORD0030548,C017782,2025-08-30 22:00:00,Female,60,Platinum,TV,Bangkok,1579,CallCenter,Credit_Card,22,8,5,1,>50,52.63333333333333,3.0,0.0,0.0,-1,32,4224.253333333333,0.3,0.0,0.3333333333333333,0.0,0.0,0,0,0.0,0.0,0,0,0.0,11287.18,2,0,0.0,12672.76,3,0,0.0,0
LGS2ORD0030549,C017704,2025-08-30 22:00:00,Male,66,Bronze,TV,Remote_Area,670,TV_Show,Bank_Transfer,22,8,5,1,>50,22.333333333333332,7.0,2.0,0.2857142857142857,7,13,3244.2957142857144,0.23,0.8571428571428571,0.14285714285714285,0.0,0.0,0,0,0.0,1898.63,1,1,1.0,2349.25,2,1,0.5,22710.07,7,2,0.2857142857142857,0
LGS2ORD0030550,C010269,2025-08-30 22:00:00,Female,58,Silver,Lazada,Bangkok,1389,CallCenter,Bank_Transfer,22,8,5,1,>50,46.3,1.0,0.0,0.0,-1,10,4374.25,0.05,1.0,0.0,0.0,0.0,0,0,0.0,4374.25,1,0,0.0,4374.25,1,0,0.0,4374.25,1,0,0.0,0
LGS2ORD0030551,C015250,2025-08-30 22:00:00,Male,52,Gold,TV,Bangkok,841,TV_Show,Credit_Card,22,8,5,1,>50,28.033333333333335,5.0,0.0,0.0,-1,1,3884.096,0.28,0.2,0.6,0.0,7682.64,1,0,0.0,7682.64,1,0,0.0,11500.04,3,0,0.0,19420.48,5,0,0.0,0
LGS2ORD0030552,C014720,2025-08-30 23:00:00,Male,35,Bronze,Shopee,Chonburi,1221,Shopee,COD,23,8,5,1,30-40,40.7,4.0,0.0,0.0,-1,119,5427.162499999999,0.08,0.5,0.0,0.0,0.0,0,0,0.0,0.0,0,0,0.0,0.0,0,0,0.0,21708.649999999998,4,0,0.0,0
LGS2ORD0030553,C012692,2025-08-30 23:00:00,Male,38,Bronze,CallCenter,Remote_Area,830,Lazada,COD,23,8,5,1,30-40,27.666666666666668,8.0,5.0,0.625,-5,0,6182.43125,0.28,0.625,0.375,0.0,10841.95,1,1,1.0,10841.95,1,1,1.0,42453.39,4,2,0.5,49459.45,8,5,0.625,0
LGS2ORD0030554,C015315,2025-08-30 23:00:00,Male,49,Bronze,TV,Chiang Mai,1401,TV_Show,COD,23,8,5,1,40-50,46.7,6.0,3.0,0.5,16,22,4382.13,0.23,0.8333333333333334,0.16666666666666666,0.0,0.0,0,0,0.0,5007.54,1,1,1.0,5007.54,1,1,1.0,26292.78,6,3,0.5,0
LGS2ORD0030555,C010509,2025-08-30 23:00:00,Female,31,Gold,Shopee,Songkhla,1222,Shopee,COD,23,8,5,1,30-40,40.733333333333334,3.0,2.0,0.6666666666666666,53,55,3871.726666666667,0.28,0.6666666666666666,0.3333333333333333,0.0,0.0,0,0,0.0,0.0,0,0,0.0,5400.31,1,1,1.0,11615.18,3,2,0.6666666666666666,0
LGS2ORD0030556,C011549,2025-08-30 23:00:00,Other,51,Gold,TV,Nakhon Ratchasima,1054,Shopee,COD,23,8,5,1,>50,35.13333333333333,3.0,1.0,0.3333333333333333,-7,2,1310.34,0.2299999999999999,0.6666666666666666,0.3333333333333333,0.0,1024.65,1,1,1.0,1024.65,1,1,1.0,2156.78,2,1,0.5,3931.02,3,1,0.3333333333333333,1
LGS2ORD0030557,C015887,2025-08-31 00:00:00,Female,47,Silver,Lazada,Bangkok,320,Web,Credit_Card,0,8,6,1,40-50,10.666666666666666,9.0,2.0,0.2222222222222222,39,12,10316.963333333335,0.25,0.6666666666666666,0.3333333333333333,0.0,0.0,0,0,0.0,11413.82,2,0,0.0,33769.509999999995,5,1,0.2,92852.67000000001,9,2,0.2222222222222222,0
LGS2ORD0030558,C016504,2025-08-31 00:00:00,Male,51,Platinum,Shopee,Chonburi,942,TV_Show,Credit_Card,0,8,6,1,>50,31.4,3.0,0.0,0.0,-1,132,1687.42,0.25,0.3333333333333333,0.6666666666666666,0.0,0.0,0,0,0.0,0.0,0,0,0.0,0.0,0,0,0.0,5062.26,3,0,0.0,0
LGS2ORD0030559,C014769,2025-08-31 00:00:00,Other,47,Bronze,Shopee,Bangkok,1690,CallCenter,COD,0,8,6,1,40-50,56.333333333333336,9.0,2.0,0.2222222222222222,19,7,4882.817777777778,0.28,0.2222222222222222,0.3333333333333333,0.0,0.0,0,0,0.0,23980.29,2,1,0.5,29873.15,4,1,0.25,43945.36,9,2,0.2222222222222222,0
LGS2ORD0030560,C016806,2025-08-31 00:00:00,Female,21,Gold,Web,Khon Kaen,1603,Web,COD,0,8,6,1,20-30,53.43333333333333,3.0,0.0,0.0,-1,21,4397.286666666667,0.18,0.3333333333333333,0.0,0.0,0.0,0,0,0.0,1236.68,1,0,0.0,9399.11,2,0,0.0,13191.86,3,0,0.0,0
LGS2ORD0030561,C014867,2025-08-31 00:00:00,Female,41,Bronze,TV,Remote_Area,987,TV_Show,COD,0,8,6,1,40-50,32.9,4.0,0.0,0.0,-1,126,6272.6375,0.23,0.5,0.25,0.0,0.0,0,0,0.0,0.0,0,0,0.0,0.0,0,0,0.0,25090.55,4,0,0.0,0
LGS2ORD0030562,C013428,2025-08-31 01:00:00,Female,40,Bronze,TV,Bangkok,1295,Web,COD,1,8,6,1,30-40,43.166666666666664,5.0,2.0,0.4,82,51,6344.373999999999,0.28,0.6,0.4,0.0,0.0,0,0,0.0,0.0,0,0,0.0,15848.919999999998,2,0,0.0,31721.869999999995,5,2,0.4,0
LGS2ORD0030563,C014497,2025-08-31 01:00:00,Male,44,Bronze,Web,Chiang Mai,1459,CallCenter,Credit_Card,1,8,6,1,40-50,48.63333333333333,9.0,1.0,0.1111111111111111,155,8,5648.271111111111,0.28,0.7777777777777778,0.5555555555555556,0.0,0.0,0,0,0.0,16812.6,3,0,0.0,16812.6,3,0,0.0,50834.44,9,1,0.1111111111111111,0
LGS2ORD0030564,C017124,2025-08-31 01:00:00,Male,39,Bronze,Web,Chiang Mai,428,Lazada,Credit_Card,1,8,6,1,30-40,14.266666666666667,3.0,0.0,0.0,-1,44,646.23,0.23,0.6666666666666666,0.3333333333333333,0.0,0.0,0,0,0.0,0.0,0,0,0.0,392.05,1,0,0.0,1938.69,3,0,0.0,0
LGS2ORD0030565,C015738,2025-08-31 01:00:00,Male,30,Platinum,Shopee,Khon Kaen,1584,CallCenter,COD,1,8,6,1,20-30,52.8,5.0,2.0,0.4,36,4,3091.3779999999997,0.35,0.4,0.8,0.0,4454.16,1,0,0.0,4454.16,1,0,0.0,12539.7,3,1,0.3333333333333333,15456.89,5,2,0.4,1
LGS2ORD0030566,C013619,2025-08-31 01:00:00,Female,41,Silver,Shopee,Khon Kaen,1546,Lazada,COD,1,8,6,1,40-50,51.53333333333333,3.0,1.0,0.3333333333333333,185,106,7827.113333333334,0.25,0.0,0.3333333333333333,0.0,0.0,0,0,0.0,0.0,0,0,0.0,0.0,0,0,0.0,23481.34,3,1,0.3333333333333333,0
LGS2ORD0030567,C017358,2025-08-31 01:00:00,Female,50,Gold,Web,Chiang Mai,1150,CallCenter,COD,1,8,6,1,40-50,38.333333333333336,3.0,0.0,0.0,-1,91,18093.51,0.33,0.3333333333333333,1.0,0.0,0.0,0,0,0.0,0.0,0,0,0.0,0.0,0,0,0.0,54280.53,3,0,0.0,0
LGS2ORD0030568,C013604,2025-08-31 02:00:00,Female,40,Bronze,TV,Khon Kaen,386,Shopee,Credit_Card,2,8,6,1,30-40,12.866666666666667,4.0,3.0,0.75,37,46,2939.6875,0.23,0.75,0.5,0.0,0.0,0,0,0.0,0.0,0,0,0.0,9543.650000000001,2,1,0.5,11758.75,4,3,0.75,0
LGS2ORD0030569,C015481,2025-08-31 02:00:00,Male,45,Bronze,Shopee,Remote_Area,875,TV_Show,Credit_Card,2,8,6,1,40-50,29.166666666666668,6.0,3.0,0.5,116,28,4000.1783333333337,0.23,0.6666666666666666,0.16666666666666666,0.0,0.0,0,0,0.0,2306.72,1,0,0.0,2306.72,1,0,0.0,24001.070000000003,6,3,0.5,0
LGS2ORD0030570,C010725,2025-08-31 02:00:00,Female,41,Gold,TV,Bangkok,1544,Shopee,PromptPay,2,8,6,1,40-50,51.46666666666667,4.0,0.0,0.0,-1,28,4323.5275,0.2299999999999999,0.5,0.25,0.0,0.0,0,0,0.0,1640.89,1,0,0.0,11212.09,2,0,0.0,17294.11,4,0,0.0,0
LGS2ORD0030571,C012458,2025-08-31 02:00:00,Male,49,Bronze,TV,Bangkok,1482,CallCenter,COD,2,8,6,1,40-50,49.4,3.0,0.0,0.0,-1,7,5680.903333333333,0.18,0.3333333333333333,0.0,0.0,0.0,0,0,0.0,1903.44,1,0,0.0,1903.44,1,0,0.0,17042.71,3,0,0.0,0
LGS2ORD0030572,C014604,2025-08-31 02:00:00,Female,34,Bronze,TV,Remote_Area,565,Lazada,Bank_Transfer,2,8,6,1,30-40,18.833333333333332,4.0,2.0,0.5,96,112,2278.665,0.23,0.5,0.25,0.0,0.0,0,0,0.0,0.0,0,0,0.0,0.0,0,0,0.0,9114.66,4,2,0.5,0
LGS2ORD0030573,C013489,2025-08-31 03:00:00,Female,29,Bronze,Shopee,Chonburi,457,CallCenter,COD,3,8,6,1,20-30,15.233333333333333,1.0,0.0,0.0,-1,110,1515.13,0.03,0.0,0.0,0.0,0.0,0,0,0.0,0.0,0,0,0.0,0.0,0,0,0.0,1515.13,1,0,0.0,0
LGS2ORD0030574,C010182,2025-08-31 03:00:00,Female,53,Silver,TV,Songkhla,982,TV_Show,COD,3,8,6,1,>50,32.733333333333334,2.0,0.0,0.0,-1,121,3273.695,0.3,0.0,1.0,0.0,0.0,0,0,0.0,0.0,0,0,0.0,0.0,0,0,0.0,6547.39,2,0,0.0,1
LGS2ORD0030575,C016785,2025-08-31 03:00:00,Female,62,Bronze,TV,Bangkok,979,Shopee,COD,3,8,6,1,>50,32.63333333333333,3.0,0.0,0.0,-1,178,3812.263333333333,0.28,0.3333333333333333,0.6666666666666666,0.0,0.0,0,0,0.0,0.0,0,0,0.0,0.0,0,0,0.0,11436.789999999999,3,0,0.0,0
LGS2ORD0030576,C013637,2025-08-31 03:00:00,Female,42,Silver,Lazada,Remote_Area,1370,Shopee,COD,3,8,6,1,40-50,45.666666666666664,3.0,1.0,0.3333333333333333,18,27,1899.9133333333332,0.2,0.3333333333333333,0.0,0.0,0.0,0,0,0.0,3156.05,1,1,1.0,3910.7000000000003,2,1,0.5,5699.74,3,1,0.3333333333333333,1
LGS2ORD0030577,C016556,2025-08-31 03:00:00,Female,47,Silver,TV,Remote_Area,721,Web,COD,3,8,6,1,40-50,24.033333333333335,9.0,2.0,0.2222222222222222,64,2,5179.328888888889,0.3,0.7777777777777778,0.3333333333333333,0.0,4505.63,1,0,0.0,4505.63,1,0,0.0,18535.82,4,1,0.25,46613.96,9,2,0.2222222222222222,0
LGS2ORD0030578,C014093,2025-08-31 04:00:00,Female,54,Bronze,TV,Bangkok,552,Lazada,Bank_Transfer,4,8,6,1,>50,18.4,6.0,3.0,0.5,20,28,6430.813333333334,0.28,0.3333333333333333,0.5,0.0,0.0,0,0,0.0,18174.98,1,1,1.0,24175.51,2,1,0.5,38584.880000000005,6,3,0.5,0
LGS2ORD0030579,C011151,2025-08-31 04:00:00,Male,22,Gold,Web,Bangkok,1225,CallCenter,Credit_Card,4,8,6,1,20-30,40.833333333333336,2.0,1.0,0.5,53,57,3967.425,0.2299999999999999,0.5,0.5,0.0,0.0,0,0,0.0,0.0,0,0,0.0,7746.56,1,1,1.0,7934.85,2,1,0.5,0
LGS2ORD0030580,C014719,2025-08-31 04:00:00,Female,56,Bronze,Shopee,Chonburi,992,Web,Credit_Card,4,8,6,1,>50,33.06666666666667,7.0,2.0,0.2857142857142857,42,55,3648.7885714285717,0.18,0.42857142857142855,0.0,0.0,0.0,0,0,0.0,0.0,0,0,0.0,9126.71,1,1,1.0,25541.52,7,2,0.2857142857142857,0
LGS2ORD0030581,C011842,2025-08-31 04:00:00,Other,36,Bronze,TV,Khon Kaen,1628,Shopee,COD,4,8,6,1,30-40,54.266666666666666,2.0,0.0,0.0,-1,187,10678.965,0.28,0.5,0.5,0.0,0.0,0,0,0.0,0.0,0,0,0.0,0.0,0,0,0.0,21357.93,2,0,0.0,0
LGS2ORD0030582,C012993,2025-08-31 04:00:00,Male,47,Bronze,Lazada,Nakhon Ratchasima,305,Shopee,Bank_Transfer,4,8,6,1,40-50,10.166666666666666,5.0,2.0,0.4,142,25,7165.990000000001,0.28,0.6,0.8,0.0,0.0,0,0,0.0,1507.94,1,0,0.0,1507.94,1,0,0.0,35829.950000000004,5,2,0.4,0
LGS2ORD0030583,C014647,2025-08-31 05:00:00,Male,38,Silver,Lazada,Remote_Area,1135,TV_Show,COD,5,8,6,1,30-40,37.833333333333336,4.0,1.0,0.25,116,17,9129.405,0.3,0.75,0.5,0.0,0.0,0,0,0.0,1454.47,1,0,0.0,30810.45,3,0,0.0,36517.62,4,1,0.25,0
LGS2ORD0030584,C011391,2025-08-31 05:00:00,Male,50,Bronze,Web,Bangkok,647,CallCenter,COD,5,8,6,1,40-50,21.566666666666666,5.0,1.0,0.2,96,55,3372.5860000000002,0.18,0.6,0.0,0.0,0.0,0,0,0.0,0.0,0,0,0.0,4273.29,1,0,0.0,16862.93,5,1,0.2,0
LGS2ORD0030585,C011194,2025-08-31 05:00:00,Female,49,Silver,Lazada,Bangkok,273,Shopee,COD,5,8,6,1,40-50,9.1,1.0,0.0,0.0,-1,106,17272.34,0.1,1.0,0.0,0.0,0.0,0,0,0.0,0.0,0,0,0.0,0.0,0,0,0.0,17272.34,1,0,0.0,0
LGS2ORD0030586,C014459,2025-08-31 05:00:00,Female,59,Gold,Shopee,Chonburi,1691,TV_Show,Credit_Card,5,8,6,1,>50,56.36666666666667,1.0,0.0,0.0,-1,241,4028.98,0.13,1.0,0.0,0.0,0.0,0,0,0.0,0.0,0,0,0.0,0.0,0,0,0.0,4028.98,1,0,0.0,0
LGS2ORD0030587,C011931,2025-08-31 05:00:00,Other,45,Silver,Web,Bangkok,1622,Shopee,Credit_Card,5,8,6,1,40-50,54.06666666666667,6.0,1.0,0.16666666666666666,161,64,9109.871666666668,0.3,0.3333333333333333,0.6666666666666666,0.0,0.0,0,0,0.0,0.0,0,0,0.0,8389.04,1,0,0.0,54659.23,6,1,0.16666666666666666,0
LGS2ORD0030588,C016130,2025-08-31 05:00:00,Male,36,Gold,Shopee,Bangkok,1436,Web,COD,5,8,6,1,30-40,47.86666666666667,4.0,0.0,0.0,-1,93,3735.9425,0.28,0.75,0.5,0.0,0.0,0,0,0.0,0.0,0,0,0.0,0.0,0,0,0.0,14943.77,4,0,0.0,0
LGS2ORD0030589,C016569,2025-08-31 06:00:00,Male,44,Gold,Web,Bangkok,746,Web,COD,6,8,6,1,40-50,24.866666666666667,7.0,0.0,0.0,-1,14,6019.271428571429,0.2299999999999999,0.5714285714285714,0.42857142857142855,0.0,0.0,0,0,0.0,7807.75,1,0,0.0,22149.89,4,0,0.0,42134.9,7,0,0.0,0
LGS2ORD0030590,C010865,2025-08-31 06:00:00,Male,31,Silver,Lazada,Chonburi,688,Web,COD,6,8,6,1,30-40,22.933333333333334,1.0,1.0,1.0,138,145,1541.38,0.3,0.0,1.0,0.0,0.0,0,0,0.0,0.0,0,0,0.0,0.0,0,0,0.0,1541.38,1,1,1.0,0
LGS2ORD0030591,C017525,2025-08-31 06:00:00,Male,41,Silver,CallCenter,Nakhon Ratchasima,1203,Lazada,PromptPay,6,8,6,1,40-50,40.1,3.0,0.0,0.0,-1,43,7379.38,0.25,0.6666666666666666,0.3333333333333333,0.0,0.0,0,0,0.0,0.0,0,0,0.0,11578.14,2,0,0.0,22138.14,3,0,0.0,1
LGS2ORD0030592,C011880,2025-08-31 06:00:00,Male,29,Silver,TV,Chiang Mai,824,Lazada,COD,6,8,6,1,20-30,27.466666666666665,10.0,3.0,0.3,16,26,7249.985000000001,0.3,0.6,0.8,0.0,0.0,0,0,0.0,624.22,1,1,1.0,1195.8899999999999,2,2,1.0,72499.85,10,3,0.3,0
LGS2ORD0030593,C015318,2025-08-31 06:00:00,Female,44,Gold,Shopee,Bangkok,1558,TV_Show,Bank_Transfer,6,8,6,1,40-50,51.93333333333333,6.0,2.0,0.3333333333333333,211,73,2632.2983333333336,0.2299999999999999,0.5,0.16666666666666666,0.0,0.0,0,0,0.0,0.0,0,0,0.0,2944.0,2,0,0.0,15793.79,6,2,0.3333333333333333,0
LGS2ORD0030594,C012060,2025-08-31 07:00:00,Female,39,Gold,TV,Bangkok,626,TV_Show,PromptPay,7,8,6,1,30-40,20.866666666666667,3.0,1.0,0.3333333333333333,151,96,3125.44,0.28,0.3333333333333333,0.3333333333333333,0.0,0.0,0,0,0.0,0.0,0,0,0.0,0.0,0,0,0.0,9376.32,3,1,0.3333333333333333,0
LGS2ORD0030595,C012798,2025-08-31 07:00:00,Female,49,Bronze,TV,Phuket,1460,Lazada,Bank_Transfer,7,8,6,1,40-50,48.666666666666664,2.0,0.0,0.0,-1,70,3055.46,0.18,1.0,0.0,0.0,0.0,0,0,0.0,0.0,0,0,0.0,3830.26,1,0,0.0,6110.92,2,0,0.0,0
LGS2ORD0030596,C014324,2025-08-31 07:00:00,Female,33,Silver,TV,Khon Kaen,1633,Web,Credit_Card,7,8,6,1,30-40,54.43333333333333,8.0,3.0,0.375,101,6,4222.8099999999995,0.25,0.75,0.125,0.0,3180.27,1,0,0.0,5900.719999999999,2,0,0.0,9755.8,4,0,0.0,33782.479999999996,8,3,0.375,0
LGS2ORD0030597,C010919,2025-08-31 07:00:00,Male,56,Bronze,TV,Chiang Mai,360,Shopee,COD,7,8,6,1,>50,12.0,2.0,0.0,0.0,-1,165,3497.055,0.23,1.0,0.5,0.0,0.0,0,0,0.0,0.0,0,0,0.0,0.0,0,0,0.0,6994.11,2,0,0.0,0
LGS2ORD0030598,C014291,2025-08-31 07:00:00,Male,18,Silver,TV,Bangkok,312,Shopee,Credit_Card,7,8,6,1,<20,10.4,2.0,1.0,0.5,-5,9,4585.18,0.25,1.0,0.5,0.0,0.0,0,0,0.0,5710.27,1,1,1.0,9170.36,2,1,0.5,9170.36,2,1,0.5,0
LGS2ORD0030599,C012927,2025-08-31 08:00:00,Male,24,Silver,TV,Bangkok,588,Web,PromptPay,8,8,6,1,20-30,19.6,0.0,0.0,0.0,-1,-1,0.0,0.0,0.0,0.0,0.0,0.0,0,0,0.0,0.0,0,0,0.0,0.0,0,0,0.0,0.0,0,0,0.0,0
LGS2ORD0030600,C015229,2025-08-31 08:00:00,Female,28,Bronze,Shopee,Bangkok,1559,TV_Show,Bank_Transfer,8,8,6,1,20-30,51.96666666666667,10.0,3.0,0.3,9,15,5071.752,0.28,0.8,0.2,0.0,0.0,0,0,0.0,18704.18,3,2,0.6666666666666666,29810.88,4,2,0.5,50717.520000000004,10,3,0.3,0
LGS2ORD0030601,C012880,2025-08-31 08:00:00,Female,63,Platinum,Web,Phuket,1420,CallCenter,COD,8,8,6,1,>50,47.333333333333336,8.0,1.0,0.125,120,6,4865.1925,0.35,0.125,0.625,0.0,756.43,1,0,0.0,756.43,1,0,0.0,8741.38,2,0,0.0,38921.54,8,1,0.125,0
LGS2ORD0030602,C011382,2025-08-31 08:00:00,Male,30,Bronze,Lazada,Chonburi,1527,Lazada,COD,8,8,6,1,20-30,50.9,3.0,0.0,0.0,-1,16,5575.9766666666665,0.23,0.3333333333333333,0.3333333333333333,0.0,0.0,0,0,0.0,10261.66,2,0,0.0,10261.66,2,0,0.0,16727.93,3,0,0.0,0
LGS2ORD0030603,C010619,2025-08-31 08:00:00,Male,44,Silver,Web,Bangkok,1256,TV_Show,Credit_Card,8,8,6,1,40-50,41.86666666666667,3.0,0.0,0.0,-1,23,3914.7466666666664,0.3,0.3333333333333333,0.6666666666666666,0.0,0.0,0,0,0.0,1514.36,1,0,0.0,1514.36,1,0,0.0,11744.24,3,0,0.0,0
LGS2ORD0030604,C016694,2025-08-31 09:00:00,Male,47,Bronze,Shopee,Phuket,1651,Shopee,PromptPay,9,8,6,1,40-50,55.03333333333333,3.0,2.0,0.6666666666666666,36,49,1935.8366666666668,0.23,0.6666666666666666,0.3333333333333333,0.0,0.0,0,0,0.0,0.0,0,0,0.0,2502.12,1,1,1.0,5807.51,3,2,0.6666666666666666,1
LGS2ORD0030605,C013499,2025-08-31 09:00:00,Male,36,Bronze,Web,Khon Kaen,903,Shopee,Credit_Card,9,8,6,1,30-40,30.1,7.0,2.0,0.2857142857142857,87,89,2335.707142857143,0.28,0.5714285714285714,0.2857142857142857,0.0,0.0,0,0,0.0,0.0,0,0,0.0,889.16,1,0,0.0,16349.95,7,2,0.2857142857142857,0
LGS2ORD0030606,C017673,2025-08-31 09:00:00,Female,64,Bronze,Web,Bangkok,728,Shopee,Bank_Transfer,9,8,6,1,>50,24.266666666666666,5.0,1.0,0.2,194,0,7698.988,0.28,0.6,0.4,0.0,33005.73,1,0,0.0,33005.73,1,0,0.0,33532.62,2,0,0.0,38494.94,5,1,0.2,1
LGS2ORD0030607,C016700,2025-08-31 09:00:00,Female,39,Gold,Lazada,Khon Kaen,1291,Shopee,Bank_Transfer,9,8,6,1,30-40,43.03333333333333,4.0,0.0,0.0,-1,41,7037.25,0.13,0.25,0.0,0.0,0.0,0,0,0.0,0.0,0,0,0.0,12249.699999999999,2,0,0.0,28149.0,4,0,0.0,0
LGS2ORD0030608,C016484,2025-08-31 09:00:00,Female,29,Silver,Lazada,Bangkok,1434,Shopee,COD,9,8,6,1,20-30,47.8,2.0,0.0,0.0,-1,4,3161.09,0.3,0.5,0.5,0.0,5540.67,1,0,0.0,5540.67,1,0,0.0,6322.18,2,0,0.0,6322.18,2,0,0.0,0
LGS2ORD0030609,C017329,2025-08-31 09:00:00,Male,35,Silver,Shopee,Chonburi,854,Lazada,COD,9,8,6,1,30-40,28.466666666666665,1.0,0.0,0.0,-1,210,15522.8,0.05,0.0,0.0,0.0,0.0,0,0,0.0,0.0,0,0,0.0,0.0,0,0,0.0,15522.8,1,0,0.0,0
LGS2ORD0030610,C010798,2025-08-31 10:00:00,Female,28,Silver,Lazada,Phuket,449,Web,COD,10,8,6,1,20-30,14.966666666666667,7.0,2.0,0.2857142857142857,49,16,5605.551428571429,0.3,0.7142857142857143,0.2857142857142857,0.0,0.0,0,0,0.0,6312.860000000001,3,0,0.0,8116.780000000001,4,1,0.25,39238.86,7,2,0.2857142857142857,0
LGS2ORD0030611,C016297,2025-08-31 10:00:00,Male,71,Bronze,TV,Songkhla,365,Web,Credit_Card,10,8,6,1,>50,12.166666666666666,5.0,2.0,0.4,12,22,10038.68,0.23,0.6,0.2,0.0,0.0,0,0,0.0,10655.21,1,1,1.0,20476.3,3,2,0.6666666666666666,50193.4,5,2,0.4,0
LGS2ORD0030612,C014080,2025-08-31 10:00:00,Male,29,Bronze,Shopee,Songkhla,1591,Web,COD,10,8,6,1,20-30,53.03333333333333,8.0,1.0,0.125,132,19,8960.25375,0.23,0.5,0.125,0.0,0.0,0,0,0.0,16945.28,1,0,0.0,57788.78,5,0,0.0,71682.03,8,1,0.125,0
LGS2ORD0030613,C017867,2025-08-31 10:00:00,Male,32,Bronze,Web,Remote_Area,1528,TV_Show,COD,10,8,6,1,30-40,50.93333333333333,7.0,0.0,0.0,-1,24,6520.067142857142,0.18,0.5714285714285714,0.0,0.0,0.0,0,0,0.0,8415.31,1,0,0.0,10708.67,2,0,0.0,45640.469999999994,7,0,0.0,1
LGS2ORD0030614,C014937,2025-08-31 10:00:00,Male,42,Bronze,Shopee,Phuket,1315,Lazada,PromptPay,10,8,6,1,40-50,43.833333333333336,5.0,2.0,0.4,15,24,5133.273999999999,0.18,1.0,0.0,0.0,0.0,0,0,0.0,1322.43,1,1,1.0,17453.09,3,2,0.6666666666666666,25666.37,5,2,0.4,1
LGS2ORD0030615,C017150,2025-08-31 11:00:00,Female,52,Gold,Web,Chonburi,413,CallCenter,COD,11,8,6,1,>50,13.766666666666667,6.0,1.0,0.16666666666666666,159,58,5116.866666666667,0.28,0.16666666666666666,0.6666666666666666,0.0,0.0,0,0,0.0,0.0,0,0,0.0,7964.45,1,0,0.0,30701.2,6,1,0.16666666666666666,1
LGS2ORD0030616,C010082,2025-08-31 11:00:00,Female,42,Gold,Shopee,Remote_Area,1346,TV_Show,Bank_Transfer,11,8,6,1,40-50,44.86666666666667,6.0,2.0,0.3333333333333333,18,2,10178.528333333334,0.33,0.8333333333333334,0.6666666666666666,0.0,2426.99,1,0,0.0,9304.83,2,0,0.0,21021.260000000002,3,1,0.3333333333333333,61071.170000000006,6,2,0.3333333333333333,0
LGS2ORD0030617,C010786,2025-08-31 11:00:00,Female,40,Bronze,Shopee,Khon Kaen,1039,CallCenter,COD,11,8,6,1,30-40,34.63333333333333,3.0,1.0,0.3333333333333333,118,36,6378.173333333333,0.13,0.0,0.0,0.0,0.0,0,0,0.0,0.0,0,0,0.0,9428.91,1,0,0.0,19134.52,3,1,0.3333333333333333,0
LGS2ORD0030618,C012351,2025-08-31 11:00:00,Male,59,Gold,Lazada,Nakhon Ratchasima,800,CallCenter,Bank_Transfer,11,8,6,1,>50,26.666666666666668,2.0,0.0,0.0,-1,71,3660.495,0.2299999999999999,0.5,0.5,0.0,0.0,0,0,0.0,0.0,0,0,0.0,2918.31,1,0,0.0,7320.99,2,0,0.0,0
LGS2ORD0030619,C012525,2025-08-31 11:00:00,Female,50,Bronze,Shopee,Bangkok,961,Web,COD,11,8,6,1,40-50,32.03333333333333,6.0,1.0,0.16666666666666666,172,7,4134.865,0.28,0.6666666666666666,0.16666666666666666,0.0,0.0,0,0,0.0,1092.85,1,0,0.0,8469.75,3,0,0.0,24809.19,6,1,0.16666666666666666,1
LGS2ORD0030620,C011886,2025-08-31 12:00:00,Male,56,Bronze,Lazada,Khon Kaen,993,Lazada,COD,12,8,6,1,>50,33.1,7.0,1.0,0.14285714285714285,135,44,8128.74,0.23,0.42857142857142855,0.14285714285714285,0.0,0.0,0,0,0.0,0.0,0,0,0.0,7977.99,1,0,0.0,56901.18,7,1,0.14285714285714285,0
LGS2ORD0030621,C014721,2025-08-31 12:00:00,Female,36,Gold,Shopee,Chonburi,993,Shopee,PromptPay,12,8,6,1,30-40,33.1,0.0,0.0,0.0,-1,-1,0.0,0.0,0.0,0.0,0.0,0.0,0,0,0.0,0.0,0,0,0.0,0.0,0,0,0.0,0.0,0,0,0.0,0
LGS2ORD0030622,C014365,2025-08-31 12:00:00,Female,55,Silver,TV,Chiang Mai,1659,Web,PromptPay,12,8,6,1,>50,55.3,2.0,1.0,0.5,164,111,2273.295,0.2,0.5,0.0,0.0,0.0,0,0,0.0,0.0,0,0,0.0,0.0,0,0,0.0,4546.59,2,1,0.5,0
LGS2ORD0030623,C010079,2025-08-31 12:00:00,Male,41,Bronze,Web,Khon Kaen,1210,Shopee,COD,12,8,6,1,40-50,40.333333333333336,6.0,2.0,0.3333333333333333,-5,2,19009.38666666667,0.23,0.5,0.16666666666666666,0.0,1898.87,1,1,1.0,1898.87,1,1,1.0,30834.06,3,1,0.3333333333333333,114056.32,6,2,0.3333333333333333,0
LGS2ORD0030624,C016867,2025-08-31 12:00:00,Female,50,Silver,TV,Bangkok,1607,Shopee,PromptPay,12,8,6,1,40-50,53.56666666666667,5.0,1.0,0.2,186,121,5325.218,0.25,0.8,0.2,0.0,0.0,0,0,0.0,0.0,0,0,0.0,0.0,0,0,0.0,26626.09,5,1,0.2,1
LGS2ORD0030625,C010611,2025-08-31 13:00:00,Female,72,Bronze,Shopee,Songkhla,1430,CallCenter,Credit_Card,13,8,6,1,>50,47.666666666666664,7.0,2.0,0.2857142857142857,44,55,3550.9528571428573,0.23,0.5714285714285714,0.2857142857142857,0.0,0.0,0,0,0.0,0.0,0,0,0.0,7794.86,3,1,0.3333333333333333,24856.670000000002,7,2,0.2857142857142857,0
LGS2ORD0030626,C014485,2025-08-31 13:00:00,Female,44,Bronze,TV,Khon Kaen,786,CallCenter,COD,13,8,6,1,40-50,26.2,5.0,1.0,0.2,130,29,8089.608,0.23,0.6,0.2,0.0,0.0,0,0,0.0,6291.46,1,0,0.0,30227.76,2,0,0.0,40448.04,5,1,0.2,1
LGS2ORD0030627,C017411,2025-08-31 13:00:00,Female,59,Gold,Web,Remote_Area,997,Lazada,COD,13,8,6,1,>50,33.233333333333334,1.0,0.0,0.0,-1,108,2130.19,0.2299999999999999,0.0,1.0,0.0,0.0,0,0,0.0,0.0,0,0,0.0,0.0,0,0,0.0,2130.19,1,0,0.0,0
LGS2ORD0030628,C014233,2025-08-31 13:00:00,Female,41,Gold,TV,Bangkok,1250,TV_Show,PromptPay,13,8,6,1,40-50,41.666666666666664,3.0,1.0,0.3333333333333333,22,35,4417.219999999999,0.2299999999999999,1.0,0.3333333333333333,0.0,0.0,0,0,0.0,0.0,0,0,0.0,13251.659999999998,3,1,0.3333333333333333,13251.659999999998,3,1,0.3333333333333333,1
LGS2ORD0030629,C016731,2025-08-31 13:00:00,Female,48,Gold,Shopee,Songkhla,378,Lazada,COD,13,8,6,1,40-50,12.6,5.0,1.0,0.2,176,75,7850.204,0.33,0.4,0.6,0.0,0.0,0,0,0.0,0.0,0,0,0.0,661.88,1,0,0.0,39251.02,5,1,0.2,0
LGS2ORD0030630,C016382,2025-08-31 13:00:00,Female,72,Bronze,CallCenter,Chonburi,954,Web,PromptPay,13,8,6,1,>50,31.8,6.0,2.0,0.3333333333333333,153,54,3712.8950000000004,0.23,0.6666666666666666,0.3333333333333333,0.0,0.0,0,0,0.0,0.0,0,0,0.0,7584.21,2,0,0.0,22277.370000000003,6,2,0.3333333333333333,0
LGS2ORD0030631,C016848,2025-08-31 14:00:00,Male,39,Gold,Lazada,Bangkok,325,Shopee,COD,14,8,6,1,30-40,10.833333333333334,3.0,0.0,0.0,-1,59,1953.3866666666665,0.13,0.0,0.0,0.0,0.0,0,0,0.0,0.0,0,0,0.0,5860.16,3,0,0.0,5860.16,3,0,0.0,0
LGS2ORD0030632,C016918,2025-08-31 14:00:00,Male,51,Gold,Lazada,Nakhon Ratchasima,1443,Lazada,Credit_Card,14,8,6,1,>50,48.1,6.0,1.0,0.16666666666666666,125,21,3768.774999999999,0.33,0.6666666666666666,0.8333333333333334,0.0,0.0,0,0,0.0,4265.92,1,0,0.0,7991.41,3,0,0.0,22612.649999999994,6,1,0.16666666666666666,0
LGS2ORD0030633,C017608,2025-08-31 14:00:00,Male,51,Gold,Lazada,Remote_Area,768,Lazada,COD,14,8,6,1,>50,25.6,2.0,0.0,0.0,-1,61,3454.935,0.28,0.5,1.0,0.0,0.0,0,0,0.0,0.0,0,0,0.0,6909.87,2,0,0.0,6909.87,2,0,0.0,1
LGS2ORD0030634,C011202,2025-08-31 14:00:00,Other,58,Bronze,Web,Khon Kaen,971,TV_Show,PromptPay,14,8,6,1,>50,32.36666666666667,6.0,1.0,0.16666666666666666,62,5,5620.425,0.28,0.5,0.5,0.0,9569.03,1,0,0.0,9569.03,1,0,0.0,30118.370000000003,3,1,0.3333333333333333,33722.55,6,1,0.16666666666666666,0
LGS2ORD0030635,C016741,2025-08-31 14:00:00,Female,36,Silver,Lazada,Songkhla,277,TV_Show,Bank_Transfer,14,8,6,1,30-40,9.233333333333333,5.0,1.0,0.2,190,54,4927.098,0.25,0.8,0.2,0.0,0.0,0,0,0.0,0.0,0,0,0.0,14848.27,2,0,0.0,24635.49,5,1,0.2,0
LGS2ORD0030636,C011775,2025-08-31 15:00:00,Female,18,Silver,Shopee,Chiang Mai,1032,Shopee,COD,15,8,6,1,<20,34.4,0.0,0.0,0.0,-1,-1,0.0,0.0,0.0,0.0,0.0,0.0,0,0,0.0,0.0,0,0,0.0,0.0,0,0,0.0,0.0,0,0,0.0,0
LGS2ORD0030637,C016689,2025-08-31 15:00:00,Female,42,Silver,TV,Chiang Mai,1667,CallCenter,COD,15,8,6,1,40-50,55.56666666666667,6.0,2.0,0.3333333333333333,36,41,4754.04,0.2,0.8333333333333334,0.0,0.0,0.0,0,0,0.0,0.0,0,0,0.0,10888.25,3,2,0.6666666666666666,28524.239999999998,6,2,0.3333333333333333,1
LGS2ORD0030638,C011681,2025-08-31 15:00:00,Male,42,Bronze,Shopee,Bangkok,268,TV_Show,COD,15,8,6,1,40-50,8.933333333333334,8.0,1.0,0.125,80,16,6217.65625,0.18,0.75,0.0,0.0,0.0,0,0,0.0,16494.08,1,0,0.0,23622.63,3,0,0.0,49741.25,8,1,0.125,1
LGS2ORD0030639,C011004,2025-08-31 15:00:00,Female,50,Bronze,TV,Chonburi,1160,TV_Show,COD,15,8,6,1,40-50,38.666666666666664,3.0,0.0,0.0,-1,18,3494.1066666666666,0.13,0.6666666666666666,0.0,0.0,0.0,0,0,0.0,7240.62,1,0,0.0,7664.84,2,0,0.0,10482.32,3,0,0.0,1
LGS2ORD0030640,C012670,2025-08-31 15:00:00,Male,34,Bronze,TV,Chonburi,442,Shopee,COD,15,8,6,1,30-40,14.733333333333333,3.0,0.0,0.0,-1,7,4097.283333333334,0.28,0.6666666666666666,0.3333333333333333,0.0,2063.35,1,0,0.0,2063.35,1,0,0.0,2063.35,1,0,0.0,12291.85,3,0,0.0,1
LGS2ORD0030641,C011120,2025-08-31 16:00:00,Male,32,Silver,TV,Phuket,1305,TV_Show,Bank_Transfer,16,8,6,1,30-40,43.5,3.0,0.0,0.0,-1,37,2409.076666666667,0.25,0.0,0.3333333333333333,0.0,0.0,0,0,0.0,0.0,0,0,0.0,6473.04,2,0,0.0,7227.2300000000005,3,0,0.0,0
LGS2ORD0030642,C014524,2025-08-31 16:00:00,Male,36,Silver,Shopee,Chiang Mai,1620,Lazada,COD,16,8,6,1,30-40,54.0,3.0,0.0,0.0,-1,13,4395.7733333333335,0.15,0.0,0.0,0.0,0.0,0,0,0.0,5949.44,1,0,0.0,10822.689999999999,2,0,0.0,13187.32,3,0,0.0,1
LGS2ORD0030643,C012181,2025-08-31 16:00:00,Female,47,Silver,Lazada,Bangkok,1068,Web,PromptPay,16,8,6,1,40-50,35.6,3.0,0.0,0.0,-1,8,9215.423333333332,0.3,0.3333333333333333,0.3333333333333333,0.0,0.0,0,0,0.0,3606.75,1,0,0.0,3606.75,1,0,0.0,27646.269999999997,3,0,0.0,0
LGS2ORD0030644,C014719,2025-08-31 16:00:00,Female,56,Bronze,Shopee,Chonburi,992,Shopee,Credit_Card,16,8,6,1,>50,33.06666666666667,8.0,2.0,0.25,42,0,3376.97375,0.18,0.375,0.0,0.0,1474.27,1,0,0.0,1474.27,1,0,0.0,10600.98,2,1,0.5,27015.79,8,2,0.25,0
LGS2ORD0030645,C014911,2025-08-31 16:00:00,Male,39,Bronze,Web,Bangkok,679,TV_Show,PromptPay,16,8,6,1,30-40,22.633333333333333,9.0,4.0,0.4444444444444444,85,18,5215.414444444444,0.23,0.2222222222222222,0.3333333333333333,0.0,0.0,0,0,0.0,1001.85,1,0,0.0,15924.42,4,0,0.0,46938.729999999996,9,4,0.4444444444444444,1
LGS2ORD0030646,C010855,2025-08-31 17:00:00,Male,63,Bronze,CallCenter,Phuket,1531,Shopee,COD,17,8,6,1,>50,51.03333333333333,4.0,2.0,0.5,14,18,7571.1275000000005,0.28,0.75,0.25,0.0,0.0,0,0,0.0,9227.61,2,1,0.5,9227.61,2,1,0.5,30284.510000000002,4,2,0.5,0
LGS2ORD0030647,C017619,2025-08-31 17:00:00,Female,32,Bronze,CallCenter,Chonburi,1480,Lazada,COD,17,8,6,1,30-40,49.333333333333336,3.0,0.0,0.0,-1,13,11711.366666666667,0.13,1.0,0.0,0.0,0.0,0,0,0.0,533.82,1,0,0.0,8662.14,2,0,0.0,35134.1,3,0,0.0,1
LGS2ORD0030648,C011181,2025-08-31 17:00:00,Female,40,Bronze,TV,Bangkok,589,Web,COD,17,8,6,1,30-40,19.633333333333333,2.0,0.0,0.0,-1,96,5907.935,0.18,0.5,0.0,0.0,0.0,0,0,0.0,0.0,0,0,0.0,0.0,0,0,0.0,11815.87,2,0,0.0,1
LGS2ORD0030649,C015891,2025-08-31 17:00:00,Female,40,Bronze,TV,Phuket,676,TV_Show,COD,17,8,6,1,30-40,22.533333333333335,7.0,3.0,0.42857142857142855,37,12,11814.18857142857,0.18,0.5714285714285714,0.0,0.0,0.0,0,0,0.0,929.76,1,0,0.0,18132.84,3,1,0.3333333333333333,82699.31999999999,7,3,0.42857142857142855,0
LGS2ORD0030650,C014925,2025-08-31 17:00:00,Male,46,Silver,Shopee,Nakhon Ratchasima,1430,CallCenter,COD,17,8,6,1,40-50,47.666666666666664,4.0,1.0,0.25,75,53,1966.8000000000002,0.25,1.0,0.25,0.0,0.0,0,0,0.0,0.0,0,0,0.0,2598.49,2,1,0.5,7867.200000000001,4,1,0.25,1
LGS2ORD0030651,C015205,2025-08-31 17:00:00,Female,58,Bronze,Shopee,Bangkok,374,Web,Credit_Card,17,8,6,1,>50,12.466666666666667,9.0,1.0,0.1111111111111111,95,63,5929.293333333333,0.23,0.6666666666666666,0.1111111111111111,0.0,0.0,0,0,0.0,0.0,0,0,0.0,13779.16,1,0,0.0,53363.64,9,1,0.1111111111111111,0
LGS2ORD0030652,C011133,2025-08-31 18:00:00,Male,37,Bronze,CallCenter,Remote_Area,1174,TV_Show,COD,18,8,6,1,30-40,39.13333333333333,6.0,1.0,0.16666666666666666,79,54,3989.9050000000007,0.18,0.5,0.0,0.0,0.0,0,0,0.0,0.0,0,0,0.0,12384.99,3,1,0.3333333333333333,23939.430000000004,6,1,0.16666666666666666,1
LGS2ORD0030653,C015009,2025-08-31 18:00:00,Female,58,Bronze,Lazada,Bangkok,1008,TV_Show,COD,18,8,6,1,>50,33.6,3.0,1.0,0.3333333333333333,202,31,2275.4166666666665,0.23,0.6666666666666666,0.3333333333333333,0.0,0.0,0,0,0.0,0.0,0,0,0.0,400.09,1,0,0.0,6826.25,3,1,0.3333333333333333,0
LGS2ORD0030654,C016230,2025-08-31 18:00:00,Male,33,Bronze,Shopee,Bangkok,768,Web,COD,18,8,6,1,30-40,25.6,5.0,0.0,0.0,-1,14,4371.906,0.18,0.6,0.0,0.0,0.0,0,0,0.0,12096.39,1,0,0.0,16408.15,4,0,0.0,21859.53,5,0,0.0,0
LGS2ORD0030655,C014750,2025-08-31 18:00:00,Male,39,Bronze,Lazada,Bangkok,1566,TV_Show,COD,18,8,6,1,30-40,52.2,5.0,1.0,0.2,125,13,3558.6940000000004,0.28,0.6,0.4,0.0,0.0,0,0,0.0,817.5,1,0,0.0,817.5,1,0,0.0,17793.47,5,1,0.2,0
LGS2ORD0030656,C017950,2025-08-31 18:00:00,Male,63,Bronze,Shopee,Chiang Mai,529,Web,COD,18,8,6,1,>50,17.633333333333333,6.0,2.0,0.3333333333333333,21,27,2640.516666666667,0.23,0.5,0.3333333333333333,0.0,0.0,0,0,0.0,634.34,1,1,1.0,8748.99,3,1,0.3333333333333333,15843.1,6,2,0.3333333333333333,1
LGS2ORD0030657,C015914,2025-08-31 19:00:00,Male,18,Bronze,Shopee,Songkhla,376,Shopee,PromptPay,19,8,6,1,<20,12.533333333333333,10.0,4.0,0.4,62,63,4874.249000000001,0.23,0.8,0.1,0.0,0.0,0,0,0.0,0.0,0,0,0.0,11560.16,3,2,0.6666666666666666,48742.490000000005,10,4,0.4,0
LGS2ORD0030658,C017996,2025-08-31 19:00:00,Male,48,Gold,TV,Chonburi,1304,CallCenter,COD,19,8,6,1,40-50,43.46666666666667,2.0,0.0,0.0,-1,91,8561.14,0.28,0.0,0.5,0.0,0.0,0,0,0.0,0.0,0,0,0.0,0.0,0,0,0.0,17122.28,2,0,0.0,0
LGS2ORD0030659,C015049,2025-08-31 19:00:00,Male,51,Platinum,TV,Bangkok,1701,Lazada,Bank_Transfer,19,8,6,1,>50,56.7,4.0,1.0,0.25,103,29,4948.1775,0.35,0.5,0.5,0.0,0.0,0,0,0.0,4146.96,1,0,0.0,10840.14,2,0,0.0,19792.71,4,1,0.25,0
LGS2ORD0030660,C013931,2025-08-31 19:00:00,Male,40,Silver,CallCenter,Chiang Mai,1020,TV_Show,Bank_Transfer,19,8,6,1,30-40,34.0,0.0,0.0,0.0,-1,-1,0.0,0.0,0.0,0.0,0.0,0.0,0,0,0.0,0.0,0,0,0.0,0.0,0,0,0.0,0.0,0,0,0.0,0
LGS2ORD0030661,C010977,2025-08-31 19:00:00,Female,43,Silver,TV,Phuket,753,TV_Show,COD,19,8,6,1,40-50,25.1,7.0,3.0,0.42857142857142855,136,24,2717.8528571428574,0.3,0.5714285714285714,0.14285714285714285,0.0,0.0,0,0,0.0,1902.54,1,0,0.0,3542.0099999999998,3,0,0.0,19024.97,7,3,0.42857142857142855,0
LGS2ORD0030662,C011344,2025-08-31 20:00:00,Female,44,Bronze,Web,Nakhon Ratchasima,339,Web,PromptPay,20,8,6,1,40-50,11.3,2.0,0.0,0.0,-1,5,3841.915,0.18,0.5,0.0,0.0,5777.42,1,0,0.0,5777.42,1,0,0.0,5777.42,1,0,0.0,7683.83,2,0,0.0,0
LGS2ORD0030663,C016641,2025-08-31 20:00:00,Female,37,Bronze,TV,Chonburi,906,TV_Show,Credit_Card,20,8,6,1,30-40,30.2,6.0,1.0,0.16666666666666666,218,41,10719.118333333334,0.28,0.3333333333333333,0.6666666666666666,0.0,0.0,0,0,0.0,0.0,0,0,0.0,19086.12,2,0,0.0,64314.71000000001,6,1,0.16666666666666666,0
LGS2ORD0030664,C013941,2025-08-31 20:00:00,Male,53,Gold,Lazada,Bangkok,587,Lazada,COD,20,8,6,1,>50,19.566666666666666,1.0,0.0,0.0,-1,150,8790.49,0.18,1.0,0.0,0.0,0.0,0,0,0.0,0.0,0,0,0.0,0.0,0,0,0.0,8790.49,1,0,0.0,0
LGS2ORD0030665,C014244,2025-08-31 20:00:00,Female,42,Gold,Shopee,Bangkok,609,TV_Show,Credit_Card,20,8,6,1,40-50,20.3,2.0,1.0,0.5,118,128,5009.764999999999,0.13,0.5,0.0,0.0,0.0,0,0,0.0,0.0,0,0,0.0,0.0,0,0,0.0,10019.529999999999,2,1,0.5,0
LGS2ORD0030666,C016994,2025-08-31 20:00:00,Female,68,Bronze,TV,Phuket,1484,Shopee,Credit_Card,20,8,6,1,>50,49.46666666666667,1.0,0.0,0.0,-1,29,3857.3,0.18,0.0,0.0,0.0,0.0,0,0,0.0,3857.3,1,0,0.0,3857.3,1,0,0.0,3857.3,1,0,0.0,1
LGS2ORD0030667,C010265,2025-08-31 20:00:00,Female,48,Silver,Shopee,Nakhon Ratchasima,1087,CallCenter,COD,20,8,6,1,40-50,36.233333333333334,0.0,0.0,0.0,-1,-1,0.0,0.0,0.0,0.0,0.0,0.0,0,0,0.0,0.0,0,0,0.0,0.0,0,0,0.0,0.0,0,0,0.0,0
LGS2ORD0030668,C017877,2025-08-31 21:00:00,Male,39,Bronze,Shopee,Phuket,835,Shopee,COD,21,8,6,1,30-40,27.833333333333332,3.0,1.0,0.3333333333333333,52,16,1338.9466666666667,0.28,0.6666666666666666,0.6666666666666666,0.0,0.0,0,0,0.0,386.84,1,0,0.0,2141.28,2,1,0.5,4016.84,3,1,0.3333333333333333,1
LGS2ORD0030669,C012775,2025-08-31 21:00:00,Male,43,Gold,TV,Khon Kaen,1292,Lazada,Credit_Card,21,8,6,1,40-50,43.06666666666667,4.0,2.0,0.5,39,47,4718.9475,0.33,0.25,0.75,0.0,0.0,0,0,0.0,0.0,0,0,0.0,838.14,1,1,1.0,18875.79,4,2,0.5,0
LGS2ORD0030670,C011878,2025-08-31 21:00:00,Female,44,Bronze,TV,Phuket,1520,TV_Show,COD,21,8,6,1,40-50,50.666666666666664,2.0,0.0,0.0,-1,128,8960.58,0.28,0.5,0.5,0.0,0.0,0,0,0.0,0.0,0,0,0.0,0.0,0,0,0.0,17921.16,2,0,0.0,1
LGS2ORD0030671,C013611,2025-08-31 21:00:00,Male,42,Gold,Lazada,Chiang Mai,964,CallCenter,COD,21,8,6,1,40-50,32.13333333333333,3.0,1.0,0.3333333333333333,224,7,2693.8700000000003,0.33,0.6666666666666666,1.0,0.0,0.0,0,0,0.0,3382.44,1,0,0.0,3382.44,1,0,0.0,8081.610000000001,3,1,0.3333333333333333,0
LGS2ORD0030672,C010550,2025-08-31 21:00:00,Female,41,Bronze,CallCenter,Bangkok,315,Lazada,COD,21,8,6,1,40-50,10.5,1.0,0.0,0.0,-1,105,7270.52,0.08,1.0,0.0,0.0,0.0,0,0,0.0,0.0,0,0,0.0,0.0,0,0,0.0,7270.52,1,0,0.0,0
LGS2ORD0030673,C012608,2025-08-31 22:00:00,Female,62,Platinum,Shopee,Chiang Mai,1399,TV_Show,PromptPay,22,8,6,1,>50,46.63333333333333,3.0,0.0,0.0,-1,25,9144.963333333333,0.3,0.6666666666666666,0.3333333333333333,0.0,0.0,0,0,0.0,18852.51,1,0,0.0,18852.51,1,0,0.0,27434.89,3,0,0.0,0
LGS2ORD0030674,C017247,2025-08-31 22:00:00,Male,42,Gold,CallCenter,Chiang Mai,317,Lazada,COD,22,8,6,1,40-50,10.566666666666666,0.0,0.0,0.0,-1,-1,0.0,0.0,0.0,0.0,0.0,0.0,0,0,0.0,0.0,0,0,0.0,0.0,0,0,0.0,0.0,0,0,0.0,0
LGS2ORD0030675,C013766,2025-08-31 22:00:00,Male,37,Bronze,TV,Remote_Area,1109,Shopee,COD,22,8,6,1,30-40,36.96666666666667,7.0,2.0,0.2857142857142857,-4,4,7135.712857142857,0.28,0.2857142857142857,0.5714285714285714,0.0,3488.24,1,1,1.0,3488.24,1,1,1.0,4872.24,3,2,0.6666666666666666,49949.99,7,2,0.2857142857142857,0
LGS2ORD0030676,C013518,2025-08-31 22:00:00,Male,31,Platinum,CallCenter,Chiang Mai,845,TV_Show,COD,22,8,6,1,30-40,28.166666666666668,1.0,0.0,0.0,-1,18,4769.76,0.25,0.0,1.0,0.0,0.0,0,0,0.0,4769.76,1,0,0.0,4769.76,1,0,0.0,4769.76,1,0,0.0,0
LGS2ORD0030677,C012836,2025-08-31 22:00:00,Female,54,Gold,Web,Songkhla,1318,Lazada,Credit_Card,22,8,6,1,>50,43.93333333333333,2.0,0.0,0.0,-1,151,1397.655,0.13,0.0,0.0,0.0,0.0,0,0,0.0,0.0,0,0,0.0,0.0,0,0,0.0,2795.31,2,0,0.0,0
LGS2ORD0030678,C010759,2025-08-31 23:00:00,Female,51,Silver,TV,Nakhon Ratchasima,620,Lazada,COD,23,8,6,1,>50,20.666666666666668,5.0,1.0,0.2,81,92,6268.388,0.3,0.2,0.2,0.0,0.0,0,0,0.0,0.0,0,0,0.0,0.0,0,0,0.0,31341.94,5,1,0.2,0
LGS2ORD0030679,C016654,2025-08-31 23:00:00,Male,52,Bronze,TV,Khon Kaen,348,Shopee,Bank_Transfer,23,8,6,1,>50,11.6,3.0,0.0,0.0,-1,131,15096.613333333335,0.18,1.0,0.0,0.0,0.0,0,0,0.0,0.0,0,0,0.0,0.0,0,0,0.0,45289.840000000004,3,0,0.0,0
LGS2ORD0030680,C017083,2025-08-31 23:00:00,Male,31,Bronze,Web,Chiang Mai,1229,Web,COD,23,8,6,1,30-40,40.96666666666667,8.0,2.0,0.25,37,31,2527.9674999999997,0.28,0.5,0.375,0.0,0.0,0,0,0.0,0.0,0,0,0.0,8125.2,3,1,0.3333333333333333,20223.739999999998,8,2,0.25,0
LGS2ORD0030681,C017569,2025-08-31 23:00:00,Male,53,Silver,TV,Chonburi,836,Web,PromptPay,23,8,6,1,>50,27.866666666666667,2.0,0.0,0.0,-1,53,1482.6950000000002,0.25,1.0,0.5,0.0,0.0,0,0,0.0,0.0,0,0,0.0,2075.38,1,0,0.0,2965.3900000000003,2,0,0.0,0
LGS2ORD0030682,C016437,2025-08-31 23:00:00,Female,35,Bronze,Web,Songkhla,801,TV_Show,Bank_Transfer,23,8,6,1,30-40,26.7,5.0,3.0,0.6,106,84,5528.156,0.23,0.6,0.2,0.0,0.0,0,0,0.0,0.0,0,0,0.0,3030.26,1,0,0.0,27640.78,5,3,0.6,1
LGS2ORD0030683,C015161,2025-09-01 00:00:00,Male,51,Silver,TV,Phuket,735,TV_Show,Bank_Transfer,0,9,0,0,>50,24.5,2.0,1.0,0.5,3,21,1688.635,0.2,0.5,0.0,0.0,0.0,0,0,0.0,2788.64,1,1,1.0,2788.64,1,1,1.0,3377.27,2,1,0.5,1
LGS2ORD0030684,C012309,2025-09-01 00:00:00,Male,38,Gold,Web,Bangkok,742,TV_Show,COD,0,9,0,0,30-40,24.733333333333334,2.0,0.0,0.0,-1,131,624.825,0.33,0.0,0.5,0.0,0.0,0,0,0.0,0.0,0,0,0.0,0.0,0,0,0.0,1249.65,2,0,0.0,0
LGS2ORD0030685,C015647,2025-09-01 00:00:00,Other,46,Bronze,TV,Remote_Area,994,CallCenter,COD,0,9,0,0,40-50,33.13333333333333,7.0,3.0,0.42857142857142855,40,1,5833.304285714286,0.28,0.42857142857142855,0.42857142857142855,0.0,1540.28,1,0,0.0,1540.28,1,0,0.0,20017.27,3,1,0.3333333333333333,40833.130000000005,7,3,0.42857142857142855,1
LGS2ORD0030686,C012006,2025-09-01 00:00:00,Female,33,Gold,Lazada,Bangkok,1313,TV_Show,Credit_Card,0,9,0,0,30-40,43.766666666666666,3.0,0.0,0.0,-1,33,7248.71,0.2299999999999999,0.3333333333333333,0.3333333333333333,0.0,0.0,0,0,0.0,0.0,0,0,0.0,19442.92,2,0,0.0,21746.13,3,0,0.0,0
LGS2ORD0030687,C017615,2025-09-01 00:00:00,Female,51,Bronze,Web,Chonburi,853,Shopee,COD,0,9,0,0,>50,28.433333333333334,3.0,2.0,0.6666666666666666,148,94,1067.4433333333334,0.18,1.0,0.0,0.0,0.0,0,0,0.0,0.0,0,0,0.0,0.0,0,0,0.0,3202.33,3,2,0.6666666666666666,0
LGS2ORD0030688,C017032,2025-09-01 00:00:00,Female,36,Bronze,CallCenter,Nakhon Ratchasima,907,Lazada,COD,0,9,0,0,30-40,30.233333333333334,7.0,3.0,0.42857142857142855,-7,4,5528.414285714285,0.28,1.0,0.42857142857142855,0.0,13713.46,1,1,1.0,13713.46,1,1,1.0,19813.66,3,2,0.6666666666666666,38698.899999999994,7,3,0.42857142857142855,0
LGS2ORD0030689,C010141,2025-09-01 01:00:00,Female,30,Bronze,Web,Bangkok,365,Web,COD,1,9,0,0,20-30,12.166666666666666,5.0,1.0,0.2,171,7,4150.556,0.23,0.4,0.4,0.0,0.0,0,0,0.0,1598.62,1,0,0.0,5243.35,2,0,0.0,20752.78,5,1,0.2,0
LGS2ORD0030690,C011709,2025-09-01 01:00:00,Other,33,Silver,CallCenter,Nakhon Ratchasima,396,Lazada,Credit_Card,1,9,0,0,30-40,13.2,1.0,1.0,1.0,50,55,3110.42,0.2,1.0,0.0,0.0,0.0,0,0,0.0,0.0,0,0,0.0,3110.42,1,1,1.0,3110.42,1,1,1.0,0
LGS2ORD0030691,C012528,2025-09-01 01:00:00,Male,45,Gold,TV,Remote_Area,292,TV_Show,Credit_Card,1,9,0,0,40-50,9.733333333333333,3.0,0.0,0.0,-1,76,11635.046666666667,0.2299999999999999,0.3333333333333333,0.3333333333333333,0.0,0.0,0,0,0.0,0.0,0,0,0.0,30698.79,1,0,0.0,34905.14,3,0,0.0,1
LGS2ORD0030692,C014398,2025-09-01 01:00:00,Female,65,Gold,Web,Khon Kaen,962,Lazada,COD,1,9,0,0,>50,32.06666666666667,2.0,1.0,0.5,219,175,2843.29,0.2299999999999999,0.5,0.5,0.0,0.0,0,0,0.0,0.0,0,0,0.0,0.0,0,0,0.0,5686.58,2,1,0.5,0
LGS2ORD0030693,C017592,2025-09-01 01:00:00,Female,64,Bronze,TV,Remote_Area,843,Web,COD,1,9,0,0,>50,28.1,0.0,0.0,0.0,-1,-1,0.0,0.0,0.0,0.0,0.0,0.0,0,0,0.0,0.0,0,0,0.0,0.0,0,0,0.0,0.0,0,0,0.0,0
LGS2ORD0030694,C015929,2025-09-01 02:00:00,Female,40,Gold,Web,Bangkok,813,TV_Show,PromptPay,2,9,0,0,30-40,27.1,3.0,1.0,0.3333333333333333,145,155,4031.443333333333,0.2299999999999999,0.0,0.3333333333333333,0.0,0.0,0,0,0.0,0.0,0,0,0.0,0.0,0,0,0.0,12094.33,3,1,0.3333333333333333,0
LGS2ORD0030695,C017596,2025-09-01 02:00:00,Female,32,Bronze,Shopee,Chonburi,1175,Shopee,Credit_Card,2,9,0,0,30-40,39.166666666666664,3.0,0.0,0.0,-1,20,4958.623333333334,0.23,0.3333333333333333,0.3333333333333333,0.0,0.0,0,0,0.0,292.09,1,0,0.0,13543.09,2,0,0.0,14875.87,3,0,0.0,1
LGS2ORD0030696,C012752,2025-09-01 02:00:00,Male,71,Bronze,TV,Nakhon Ratchasima,1294,TV_Show,COD,2,9,0,0,>50,43.13333333333333,4.0,1.0,0.25,158,1,4065.825,0.18,0.75,0.0,0.0,2171.48,1,0,0.0,2171.48,1,0,0.0,2171.48,1,0,0.0,16263.3,4,1,0.25,0
LGS2ORD0030697,C012774,2025-09-01 02:00:00,Female,37,Silver,Shopee,Chiang Mai,318,Lazada,Bank_Transfer,2,9,0,0,30-40,10.6,0.0,0.0,0.0,-1,-1,0.0,0.0,0.0,0.0,0.0,0.0,0,0,0.0,0.0,0,0,0.0,0.0,0,0,0.0,0.0,0,0,0.0,0
LGS2ORD0030698,C016539,2025-09-01 02:00:00,Female,42,Bronze,Shopee,Bangkok,444,CallCenter,PromptPay,2,9,0,0,40-50,14.8,2.0,1.0,0.5,21,28,18980.98,0.28,0.5,0.5,0.0,0.0,0,0,0.0,25016.49,1,1,1.0,37961.96,2,1,0.5,37961.96,2,1,0.5,0
LGS2ORD0030699,C010841,2025-09-01 03:00:00,Male,22,Silver,TV,Bangkok,1614,Web,COD,3,9,0,0,20-30,53.8,3.0,1.0,0.3333333333333333,66,76,1995.74,0.25,0.3333333333333333,0.3333333333333333,0.0,0.0,0,0,0.0,0.0,0,0,0.0,1622.97,1,1,1.0,5987.22,3,1,0.3333333333333333,1
LGS2ORD0030700,C010739,2025-09-01 03:00:00,Male,34,Bronze,CallCenter,Bangkok,479,Web,COD,3,9,0,0,30-40,15.966666666666667,5.0,1.0,0.2,74,35,3554.846,0.23,0.4,0.2,0.0,0.0,0,0,0.0,0.0,0,0,0.0,13028.62,4,1,0.25,17774.23,5,1,0.2,1
LGS2ORD0030701,C013402,2025-09-01 03:00:00,Male,40,Bronze,TV,Phuket,641,Shopee,COD,3,9,0,0,30-40,21.366666666666667,7.0,4.0,0.5714285714285714,60,66,4513.42,0.28,0.8571428571428571,0.2857142857142857,0.0,0.0,0,0,0.0,0.0,0,0,0.0,554.47,1,1,1.0,31593.940000000002,7,4,0.5714285714285714,0
LGS2ORD0030702,C011585,2025-09-01 03:00:00,Female,65,Bronze,TV,Chiang Mai,1070,Web,COD,3,9,0,0,>50,35.666666666666664,3.0,0.0,0.0,-1,82,5092.066666666667,0.18,0.3333333333333333,0.0,0.0,0.0,0,0,0.0,0.0,0,0,0.0,9357.85,2,0,0.0,15276.199999999999,3,0,0.0,1
LGS2ORD0030703,C011367,2025-09-01 03:00:00,Male,50,Bronze,TV,Bangkok,1263,Web,Credit_Card,3,9,0,0,40-50,42.1,5.0,1.0,0.2,155,2,3944.7740000000003,0.23,0.4,0.4,0.0,562.79,1,0,0.0,562.79,1,0,0.0,3168.46,2,0,0.0,19723.870000000003,5,1,0.2,0
LGS2ORD0030704,C010822,2025-09-01 04:00:00,Male,25,Bronze,Web,Chiang Mai,1372,Shopee,COD,4,9,0,0,20-30,45.733333333333334,6.0,0.0,0.0,-1,99,6246.935000000001,0.23,0.0,0.16666666666666666,0.0,0.0,0,0,0.0,0.0,0,0,0.0,0.0,0,0,0.0,37481.61000000001,6,0,0.0,1
LGS2ORD0030705,C012461,2025-09-01 04:00:00,Male,72,Bronze,TV,Chonburi,628,Web,PromptPay,4,9,0,0,>50,20.933333333333334,7.0,0.0,0.0,-1,6,5724.244285714286,0.18,0.42857142857142855,0.0,0.0,5708.43,1,0,0.0,10474.650000000001,2,0,0.0,10474.650000000001,2,0,0.0,40069.71,7,0,0.0,0
LGS2ORD0030706,C013059,2025-09-01 04:00:00,Other,37,Platinum,Shopee,Khon Kaen,441,Shopee,COD,4,9,0,0,30-40,14.7,2.0,0.0,0.0,-1,134,10422.55,0.25,0.5,0.5,0.0,0.0,0,0,0.0,0.0,0,0,0.0,0.0,0,0,0.0,20845.1,2,0,0.0,0
LGS2ORD0030707,C015925,2025-09-01 04:00:00,Male,37,Bronze,CallCenter,Khon Kaen,1625,TV_Show,COD,4,9,0,0,30-40,54.166666666666664,2.0,0.0,0.0,-1,12,2986.3450000000003,0.23,1.0,0.5,0.0,0.0,0,0,0.0,1553.98,1,0,0.0,1553.98,1,0,0.0,5972.6900000000005,2,0,0.0,0
LGS2ORD0030708,C012529,2025-09-01 04:00:00,Female,51,Silver,TV,Remote_Area,1640,Web,COD,4,9,0,0,>50,54.666666666666664,9.0,5.0,0.5555555555555556,7,2,6636.877777777778,0.3,0.5555555555555556,0.3333333333333333,0.0,1701.85,1,0,0.0,25377.8,3,2,0.6666666666666666,52172.6,5,3,0.6,59731.9,9,5,0.5555555555555556,1
LGS2ORD0030709,C015099,2025-09-01 04:00:00,Male,39,Gold,Lazada,Chonburi,640,Shopee,Credit_Card,4,9,0,0,30-40,21.333333333333332,1.0,0.0,0.0,-1,82,14297.93,0.2299999999999999,1.0,1.0,0.0,0.0,0,0,0.0,0.0,0,0,0.0,14297.93,1,0,0.0,14297.93,1,0,0.0,0
LGS2ORD0030710,C017993,2025-09-01 05:00:00,Female,40,Silver,TV,Bangkok,393,Lazada,PromptPay,5,9,0,0,30-40,13.1,2.0,0.0,0.0,-1,68,2634.98,0.1,0.0,0.0,0.0,0.0,0,0,0.0,0.0,0,0,0.0,5269.96,2,0,0.0,5269.96,2,0,0.0,0
LGS2ORD0030711,C012085,2025-09-01 05:00:00,Female,52,Gold,Web,Bangkok,1119,Web,Credit_Card,5,9,0,0,>50,37.3,3.0,0.0,0.0,-1,9,5102.163333333334,0.28,0.6666666666666666,0.6666666666666666,0.0,0.0,0,0,0.0,10857.390000000001,2,0,0.0,15306.490000000002,3,0,0.0,15306.490000000002,3,0,0.0,1
LGS2ORD0030712,C013005,2025-09-01 05:00:00,Female,39,Gold,Lazada,Chiang Mai,876,TV_Show,PromptPay,5,9,0,0,30-40,29.2,6.0,0.0,0.0,-1,19,5146.491666666667,0.28,0.3333333333333333,0.6666666666666666,0.0,0.0,0,0,0.0,1749.41,1,0,0.0,6605.24,2,0,0.0,30878.95,6,0,0.0,0
LGS2ORD0030713,C012104,2025-09-01 05:00:00,Male,36,Bronze,TV,Khon Kaen,1004,CallCenter,COD,5,9,0,0,30-40,33.46666666666667,5.0,2.0,0.4,82,88,3648.9440000000004,0.18,0.4,0.0,0.0,0.0,0,0,0.0,0.0,0,0,0.0,6523.91,1,0,0.0,18244.72,5,2,0.4,0
LGS2ORD0030714,C010542,2025-09-01 05:00:00,Male,50,Platinum,CallCenter,Bangkok,735,Shopee,Credit_Card,5,9,0,0,40-50,24.5,2.0,0.0,0.0,-1,194,1874.9299999999998,0.35,0.5,1.0,0.0,0.0,0,0,0.0,0.0,0,0,0.0,0.0,0,0,0.0,3749.8599999999997,2,0,0.0,1
LGS2ORD0030715,C017028,2025-09-01 06:00:00,Female,55,Bronze,TV,Khon Kaen,631,Web,Bank_Transfer,6,9,0,0,>50,21.033333333333335,6.0,0.0,0.0,-1,2,3493.3816666666667,0.28,0.16666666666666666,0.5,0.0,7190.66,1,0,0.0,7190.66,1,0,0.0,18188.79,3,0,0.0,20960.29,6,0,0.0,0
LGS2ORD0030716,C012872,2025-09-01 06:00:00,Female,33,Gold,CallCenter,Bangkok,1444,Web,Credit_Card,6,9,0,0,30-40,48.13333333333333,2.0,0.0,0.0,-1,90,2428.645,0.28,1.0,0.5,0.0,0.0,0,0,0.0,0.0,0,0,0.0,0.0,0,0,0.0,4857.29,2,0,0.0,0
LGS2ORD0030717,C013521,2025-09-01 06:00:00,Female,32,Bronze,CallCenter,Khon Kaen,902,Shopee,COD,6,9,0,0,30-40,30.066666666666666,1.0,0.0,0.0,-1,57,1420.92,0.03,0.0,0.0,0.0,0.0,0,0,0.0,0.0,0,0,0.0,1420.92,1,0,0.0,1420.92,1,0,0.0,0
LGS2ORD0030718,C015513,2025-09-01 06:00:00,Female,41,Silver,Web,Nakhon Ratchasima,1186,Web,COD,6,9,0,0,40-50,39.53333333333333,3.0,1.0,0.3333333333333333,36,33,1443.4800000000002,0.2,0.3333333333333333,0.0,0.0,0.0,0,0,0.0,0.0,0,0,0.0,1425.1399999999999,2,1,0.5,4330.4400000000005,3,1,0.3333333333333333,0
LGS2ORD0030719,C015917,2025-09-01 06:00:00,Female,50,Gold,CallCenter,Nakhon Ratchasima,1618,TV_Show,COD,6,9,0,0,40-50,53.93333333333333,2.0,0.0,0.0,-1,211,5141.35,0.33,1.0,0.5,0.0,0.0,0,0,0.0,0.0,0,0,0.0,0.0,0,0,0.0,10282.7,2,0,0.0,0
LGS2ORD0030720,C014839,2025-09-01 07:00:00,Male,49,Bronze,Shopee,Khon Kaen,1693,TV_Show,COD,7,9,0,0,40-50,56.43333333333333,6.0,2.0,0.3333333333333333,102,110,7087.528333333333,0.28,0.16666666666666666,0.3333333333333333,0.0,0.0,0,0,0.0,0.0,0,0,0.0,0.0,0,0,0.0,42525.17,6,2,0.3333333333333333,0
LGS2ORD0030721,C015736,2025-09-01 07:00:00,Female,33,Bronze,TV,Bangkok,707,Lazada,Bank_Transfer,7,9,0,0,30-40,23.566666666666666,1.0,0.0,0.0,-1,120,1209.19,0.08,0.0,0.0,0.0,0.0,0,0,0.0,0.0,0,0,0.0,0.0,0,0,0.0,1209.19,1,0,0.0,0
LGS2ORD0030722,C016031,2025-09-01 07:00:00,Male,37,Silver,Web,Bangkok,1621,TV_Show,COD,7,9,0,0,30-40,54.03333333333333,0.0,0.0,0.0,-1,-1,0.0,0.0,0.0,0.0,0.0,0.0,0,0,0.0,0.0,0,0,0.0,0.0,0,0,0.0,0.0,0,0,0.0,0
LGS2ORD0030723,C010101,2025-09-01 07:00:00,Male,18,Bronze,CallCenter,Chonburi,1613,TV_Show,COD,7,9,0,0,<20,53.766666666666666,5.0,1.0,0.2,15,28,6279.295999999999,0.28,0.2,0.4,0.0,0.0,0,0,0.0,9870.35,1,1,1.0,19363.550000000003,4,1,0.25,31396.479999999996,5,1,0.2,0
LGS2ORD0030724,C014486,2025-09-01 07:00:00,Male,38,Bronze,TV,Khon Kaen,747,Web,COD,7,9,0,0,30-40,24.9,4.0,2.0,0.5,-6,5,2456.4325,0.23,0.75,0.25,0.0,5879.81,1,1,1.0,5879.81,1,1,1.0,6302.83,2,1,0.5,9825.73,4,2,0.5,0
LGS2ORD0030725,C017401,2025-09-01 08:00:00,Male,36,Bronze,TV,Nakhon Ratchasima,1662,Lazada,PromptPay,8,9,0,0,30-40,55.4,4.0,2.0,0.5,35,11,3756.8525,0.28,0.75,0.5,0.0,0.0,0,0,0.0,6615.15,1,0,0.0,11491.369999999999,3,1,0.3333333333333333,15027.41,4,2,0.5,1
LGS2ORD0030726,C017740,2025-09-01 08:00:00,Female,34,Silver,Web,Remote_Area,377,CallCenter,COD,8,9,0,0,30-40,12.566666666666666,4.0,0.0,0.0,-1,13,6785.21,0.3,0.5,0.25,0.0,0.0,0,0,0.0,4432.28,1,0,0.0,9641.439999999999,3,0,0.0,27140.84,4,0,0.0,1
LGS2ORD0030727,C017356,2025-09-01 08:00:00,Male,37,Bronze,TV,Phuket,1568,Web,PromptPay,8,9,0,0,30-40,52.266666666666666,8.0,2.0,0.25,10,4,10520.335,0.23,0.5,0.125,0.0,1658.17,1,0,0.0,12334.75,2,1,0.5,60363.829999999994,6,1,0.16666666666666666,84162.68,8,2,0.25,0
LGS2ORD0030728,C014858,2025-09-01 08:00:00,Male,30,Gold,Shopee,Remote_Area,1365,Web,Credit_Card,8,9,0,0,20-30,45.5,4.0,2.0,0.5,0,10,6226.827499999999,0.28,0.5,0.75,0.0,0.0,0,0,0.0,1851.82,1,1,1.0,17451.46,2,2,1.0,24907.309999999998,4,2,0.5,0
LGS2ORD0030729,C014274,2025-09-01 08:00:00,Female,55,Bronze,Web,Bangkok,1042,TV_Show,COD,8,9,0,0,>50,34.733333333333334,3.0,2.0,0.6666666666666666,-1,2,5479.2,0.18,0.6666666666666666,0.0,0.0,764.17,1,1,1.0,764.17,1,1,1.0,764.17,1,1,1.0,16437.6,3,2,0.6666666666666666,0
LGS2ORD0030730,C012918,2025-09-01 08:00:00,Female,58,Gold,Web,Bangkok,1098,TV_Show,Credit_Card,8,9,0,0,>50,36.6,3.0,2.0,0.6666666666666666,12,20,10304.693333333335,0.33,0.3333333333333333,0.3333333333333333,0.0,0.0,0,0,0.0,16435.52,1,1,1.0,16435.52,1,1,1.0,30914.08,3,2,0.6666666666666666,0
LGS2ORD0030731,C013143,2025-09-01 09:00:00,Male,33,Platinum,Shopee,Khon Kaen,1242,TV_Show,COD,9,9,0,0,30-40,41.4,2.0,0.0,0.0,-1,41,1599.915,0.1,0.5,0.0,0.0,0.0,0,0,0.0,0.0,0,0,0.0,720.54,1,0,0.0,3199.83,2,0,0.0,1
LGS2ORD0030732,C010252,2025-09-01 09:00:00,Female,64,Bronze,Shopee,Khon Kaen,734,Lazada,COD,9,9,0,0,>50,24.466666666666665,0.0,0.0,0.0,-1,-1,0.0,0.0,0.0,0.0,0.0,0.0,0,0,0.0,0.0,0,0,0.0,0.0,0,0,0.0,0.0,0,0,0.0,1
LGS2ORD0030733,C013130,2025-09-01 09:00:00,Other,56,Gold,CallCenter,Chiang Mai,1056,Web,Credit_Card,9,9,0,0,>50,35.2,6.0,0.0,0.0,-1,150,4869.526666666667,0.2299999999999999,0.5,0.16666666666666666,0.0,0.0,0,0,0.0,0.0,0,0,0.0,0.0,0,0,0.0,29217.16,6,0,0.0,0
LGS2ORD0030734,C015734,2025-09-01 09:00:00,Male,35,Bronze,Web,Chiang Mai,843,Web,PromptPay,9,9,0,0,30-40,28.1,5.0,0.0,0.0,-1,23,2405.43,0.23,0.2,0.2,0.0,0.0,0,0,0.0,377.63,1,0,0.0,4894.73,3,0,0.0,12027.15,5,0,0.0,1
LGS2ORD0030735,C017023,2025-09-01 09:00:00,Male,35,Silver,Lazada,Bangkok,1252,Web,Credit_Card,9,9,0,0,30-40,41.733333333333334,3.0,1.0,0.3333333333333333,59,31,1324.9966666666667,0.25,0.6666666666666666,0.3333333333333333,0.0,0.0,0,0,0.0,0.0,0,0,0.0,1503.75,2,1,0.5,3974.99,3,1,0.3333333333333333,0
LGS2ORD0030736,C011255,2025-09-01 10:00:00,Male,36,Silver,TV,Nakhon Ratchasima,430,TV_Show,Bank_Transfer,10,9,0,0,30-40,14.333333333333334,4.0,1.0,0.25,12,16,15638.5825,0.2,0.5,0.0,0.0,0.0,0,0,0.0,2140.09,1,1,1.0,26248.43,2,1,0.5,62554.33,4,1,0.25,0
LGS2ORD0030737,C014555,2025-09-01 10:00:00,Male,32,Bronze,Shopee,Remote_Area,588,CallCenter,COD,10,9,0,0,30-40,19.6,5.0,1.0,0.2,0,11,7527.386,0.18,0.4,0.0,0.0,0.0,0,0,0.0,33793.01,3,1,0.3333333333333333,36053.57000000001,4,1,0.25,37636.93,5,1,0.2,0
LGS2ORD0030738,C010709,2025-09-01 10:00:00,Female,41,Bronze,CallCenter,Remote_Area,790,Web,COD,10,9,0,0,40-50,26.333333333333332,6.0,2.0,0.3333333333333333,105,14,8620.941666666666,0.28,0.16666666666666666,0.5,0.0,0.0,0,0,0.0,2168.1,1,0,0.0,10874.53,2,0,0.0,51725.649999999994,6,2,0.3333333333333333,1
LGS2ORD0030739,C010254,2025-09-01 10:00:00,Other,31,Bronze,Lazada,Chonburi,988,Web,COD,10,9,0,0,30-40,32.93333333333333,4.0,2.0,0.5,61,14,9598.612500000001,0.28,0.5,0.25,0.0,0.0,0,0,0.0,28296.83,1,0,0.0,34964.850000000006,3,1,0.3333333333333333,38394.450000000004,4,2,0.5,1
LGS2ORD0030740,C015390,2025-09-01 10:00:00,Male,32,Silver,TV,Chonburi,275,TV_Show,Credit_Card,10,9,0,0,30-40,9.166666666666666,2.0,0.0,0.0,-1,103,13763.824999999999,0.25,0.0,0.5,0.0,0.0,0,0,0.0,0.0,0,0,0.0,0.0,0,0,0.0,27527.649999999998,2,0,0.0,0
LGS2ORD0030741,C011969,2025-09-01 11:00:00,Female,32,Bronze,TV,Bangkok,1649,Web,Credit_Card,11,9,0,0,30-40,54.96666666666667,8.0,2.0,0.25,135,15,3259.0525,0.23,0.375,0.5,0.0,0.0,0,0,0.0,994.11,1,0,0.0,994.11,1,0,0.0,26072.42,8,2,0.25,0
LGS2ORD0030742,C014599,2025-09-01 11:00:00,Male,34,Gold,Shopee,Nakhon Ratchasima,1478,Lazada,COD,11,9,0,0,30-40,49.266666666666666,1.0,0.0,0.0,-1,10,15635.73,0.28,0.0,1.0,0.0,0.0,0,0,0.0,15635.73,1,0,0.0,15635.73,1,0,0.0,15635.73,1,0,0.0,0
LGS2ORD0030743,C013405,2025-09-01 11:00:00,Male,27,Silver,Lazada,Nakhon Ratchasima,1116,Web,PromptPay,11,9,0,0,20-30,37.2,9.0,4.0,0.4444444444444444,4,16,2847.403333333333,0.3,0.3333333333333333,0.2222222222222222,0.0,0.0,0,0,0.0,1687.61,1,1,1.0,8092.299999999999,5,2,0.4,25626.629999999997,9,4,0.4444444444444444,0
LGS2ORD0030744,C017924,2025-09-01 11:00:00,Male,39,Gold,Shopee,Chiang Mai,373,CallCenter,COD,11,9,0,0,30-40,12.433333333333334,9.0,1.0,0.1111111111111111,147,2,5083.988888888889,0.33,0.3333333333333333,0.3333333333333333,0.0,14608.67,2,0,0.0,14608.67,2,0,0.0,26741.03,5,0,0.0,45755.9,9,1,0.1111111111111111,1
LGS2ORD0030745,C017846,2025-09-01 11:00:00,Female,54,Gold,TV,Songkhla,560,TV_Show,COD,11,9,0,0,>50,18.666666666666668,8.0,2.0,0.25,9,25,6513.206249999999,0.33,0.5,0.125,0.0,0.0,0,0,0.0,16689.84,2,1,0.5,16689.84,2,1,0.5,52105.649999999994,8,2,0.25,0
LGS2ORD0030746,C012264,2025-09-01 12:00:00,Male,49,Silver,TV,Phuket,1340,Web,COD,12,9,0,0,40-50,44.666666666666664,2.0,1.0,0.5,80,86,1779.2,0.2,1.0,0.0,0.0,0.0,0,0,0.0,0.0,0,0,0.0,2583.02,1,1,1.0,3558.4,2,1,0.5,0
LGS2ORD0030747,C017146,2025-09-01 12:00:00,Female,32,Platinum,TV,Chiang Mai,740,Web,Credit_Card,12,9,0,0,30-40,24.666666666666668,3.0,2.0,0.6666666666666666,155,50,3661.2533333333336,0.25,0.6666666666666666,0.3333333333333333,0.0,0.0,0,0,0.0,0.0,0,0,0.0,514.17,1,0,0.0,10983.76,3,2,0.6666666666666666,0
LGS2ORD0030748,C016943,2025-09-01 12:00:00,Female,45,Bronze,TV,Bangkok,801,CallCenter,COD,12,9,0,0,40-50,26.7,5.0,1.0,0.2,148,42,8738.534,0.28,0.6,0.2,0.0,0.0,0,0,0.0,0.0,0,0,0.0,17496.66,1,0,0.0,43692.67,5,1,0.2,0
LGS2ORD0030749,C011322,2025-09-01 12:00:00,Male,45,Silver,TV,Chonburi,894,TV_Show,COD,12,9,0,0,40-50,29.8,2.0,1.0,0.5,97,111,7283.99,0.25,0.5,0.5,0.0,0.0,0,0,0.0,0.0,0,0,0.0,0.0,0,0,0.0,14567.98,2,1,0.5,0
LGS2ORD0030750,C010723,2025-09-01 12:00:00,Male,38,Gold,Shopee,Khon Kaen,605,Web,Bank_Transfer,12,9,0,0,30-40,20.166666666666668,2.0,0.0,0.0,-1,72,6263.929999999999,0.2299999999999999,0.5,0.5,0.0,0.0,0,0,0.0,0.0,0,0,0.0,11765.81,1,0,0.0,12527.859999999999,2,0,0.0,0
LGS2ORD0030751,C011110,2025-09-01 12:00:00,Female,39,Gold,Shopee,Chiang Mai,1220,Lazada,PromptPay,12,9,0,0,30-40,40.666666666666664,7.0,3.0,0.42857142857142855,-1,6,6495.672857142857,0.28,0.5714285714285714,0.5714285714285714,0.0,1302.22,1,1,1.0,1715.29,2,2,1.0,1715.29,2,2,1.0,45469.71,7,3,0.42857142857142855,0
LGS2ORD0030752,C017446,2025-09-01 13:00:00,Male,51,Gold,Web,Bangkok,772,CallCenter,COD,13,9,0,0,>50,25.733333333333334,1.0,1.0,1.0,26,33,1699.19,0.2299999999999999,0.0,1.0,0.0,0.0,0,0,0.0,0.0,0,0,0.0,1699.19,1,1,1.0,1699.19,1,1,1.0,0
LGS2ORD0030753,C017499,2025-09-01 13:00:00,Female,41,Bronze,Shopee,Chonburi,1276,Web,COD,13,9,0,0,40-50,42.53333333333333,8.0,3.0,0.375,182,42,4287.612499999999,0.23,0.75,0.125,0.0,0.0,0,0,0.0,0.0,0,0,0.0,9315.939999999999,3,0,0.0,34300.899999999994,8,3,0.375,1
LGS2ORD0030754,C016670,2025-09-01 13:00:00,Female,27,Bronze,Shopee,Nakhon Ratchasima,1300,Web,COD,13,9,0,0,20-30,43.333333333333336,5.0,1.0,0.2,221,33,3215.868,0.18,0.2,0.0,0.0,0.0,0,0,0.0,0.0,0,0,0.0,12089.68,2,0,0.0,16079.34,5,1,0.2,0
LGS2ORD0030755,C016205,2025-09-01 13:00:00,Other,55,Bronze,Shopee,Bangkok,1406,TV_Show,COD,13,9,0,0,>50,46.86666666666667,6.0,2.0,0.3333333333333333,-6,7,10799.193333333335,0.23,0.5,0.16666666666666666,0.0,0.0,0,0,0.0,9936.01,2,1,0.5,27209.61,4,2,0.5,64795.16,6,2,0.3333333333333333,0
LGS2ORD0030756,C014310,2025-09-01 13:00:00,Female,39,Platinum,TV,Chonburi,1189,TV_Show,COD,13,9,0,0,30-40,39.63333333333333,1.0,0.0,0.0,-1,42,1560.56,0.1,1.0,0.0,0.0,0.0,0,0,0.0,0.0,0,0,0.0,1560.56,1,0,0.0,1560.56,1,0,0.0,0
LGS2ORD0030757,C015244,2025-09-01 14:00:00,Female,43,Bronze,CallCenter,Chonburi,801,Shopee,PromptPay,14,9,0,0,40-50,26.7,4.0,3.0,0.75,42,58,3826.4725,0.23,0.5,0.5,0.0,0.0,0,0,0.0,0.0,0,0,0.0,1751.12,1,1,1.0,15305.89,4,3,0.75,0
LGS2ORD0030758,C015994,2025-09-01 14:00:00,Male,23,Bronze,Shopee,Khon Kaen,1691,CallCenter,COD,14,9,0,0,20-30,56.36666666666667,2.0,0.0,0.0,-1,198,5345.23,0.28,0.0,0.5,0.0,0.0,0,0,0.0,0.0,0,0,0.0,0.0,0,0,0.0,10690.46,2,0,0.0,1
LGS2ORD0030759,C017696,2025-09-01 14:00:00,Male,40,Silver,TV,Bangkok,1327,Web,COD,14,9,0,0,30-40,44.233333333333334,8.0,3.0,0.375,49,45,9510.57625,0.3,0.75,0.125,0.0,0.0,0,0,0.0,0.0,0,0,0.0,39915.3,4,1,0.25,76084.61,8,3,0.375,1
LGS2ORD0030760,C014564,2025-09-01 14:00:00,Male,33,Silver,TV,Bangkok,1232,Web,COD,14,9,0,0,30-40,41.06666666666667,5.0,1.0,0.2,104,105,5310.844,0.3,1.0,0.4,0.0,0.0,0,0,0.0,0.0,0,0,0.0,0.0,0,0,0.0,26554.22,5,1,0.2,0
LGS2ORD0030761,C012881,2025-09-01 14:00:00,Male,50,Platinum,Web,Bangkok,1117,Web,PromptPay,14,9,0,0,40-50,37.233333333333334,2.0,1.0,0.5,170,95,7024.974999999999,0.15,0.0,0.0,0.0,0.0,0,0,0.0,0.0,0,0,0.0,0.0,0,0,0.0,14049.949999999999,2,1,0.5,0
LGS2ORD0030762,C013134,2025-09-01 15:00:00,Female,64,Bronze,TV,Remote_Area,1183,Lazada,PromptPay,15,9,0,0,>50,39.43333333333333,1.0,0.0,0.0,-1,150,3925.48,0.03,1.0,0.0,0.0,0.0,0,0,0.0,0.0,0,0,0.0,0.0,0,0,0.0,3925.48,1,0,0.0,0
LGS2ORD0030763,C016812,2025-09-01 15:00:00,Male,63,Bronze,Web,Chiang Mai,830,TV_Show,COD,15,9,0,0,>50,27.666666666666668,4.0,1.0,0.25,237,168,3739.4075000000003,0.28,0.25,0.25,0.0,0.0,0,0,0.0,0.0,0,0,0.0,0.0,0,0,0.0,14957.630000000001,4,1,0.25,0
LGS2ORD0030764,C011983,2025-09-01 15:00:00,Female,50,Silver,Lazada,Chonburi,1022,Shopee,PromptPay,15,9,0,0,40-50,34.06666666666667,8.0,1.0,0.125,222,14,3460.3575,0.3,0.375,0.375,0.0,0.0,0,0,0.0,14280.62,4,0,0.0,19325.58,5,0,0.0,27682.86,8,1,0.125,0
LGS2ORD0030765,C017508,2025-09-01 15:00:00,Male,42,Bronze,Shopee,Khon Kaen,1617,Web,Credit_Card,15,9,0,0,40-50,53.9,3.0,0.0,0.0,-1,38,12796.863333333333,0.18,1.0,0.0,0.0,0.0,0,0,0.0,0.0,0,0,0.0,28540.61,2,0,0.0,38390.59,3,0,0.0,0
LGS2ORD0030766,C012032,2025-09-01 15:00:00,Male,47,Bronze,Lazada,Nakhon Ratchasima,1063,Web,COD,15,9,0,0,40-50,35.43333333333333,3.0,0.0,0.0,-1,137,3163.4233333333336,0.23,0.6666666666666666,0.6666666666666666,0.0,0.0,0,0,0.0,0.0,0,0,0.0,0.0,0,0,0.0,9490.27,3,0,0.0,0
LGS2ORD0030767,C010506,2025-09-01 16:00:00,Other,50,Platinum,Shopee,Bangkok,1013,Lazada,COD,16,9,0,0,40-50,33.766666666666666,3.0,1.0,0.3333333333333333,93,75,2136.5099999999998,0.3,0.6666666666666666,0.6666666666666666,0.0,0.0,0,0,0.0,0.0,0,0,0.0,1449.72,1,0,0.0,6409.53,3,1,0.3333333333333333,0
LGS2ORD0030768,C012706,2025-09-01 16:00:00,Male,25,Bronze,CallCenter,Chiang Mai,1469,CallCenter,Credit_Card,16,9,0,0,20-30,48.96666666666667,2.0,0.0,0.0,-1,209,1284.955,0.13,0.0,0.0,0.0,0.0,0,0,0.0,0.0,0,0,0.0,0.0,0,0,0.0,2569.91,2,0,0.0,1
LGS2ORD0030769,C015019,2025-09-01 16:00:00,Female,62,Bronze,CallCenter,Nakhon Ratchasima,552,TV_Show,PromptPay,16,9,0,0,>50,18.4,8.0,0.0,0.0,-1,102,5989.3675,0.23,0.25,0.125,0.0,0.0,0,0,0.0,0.0,0,0,0.0,0.0,0,0,0.0,47914.94,8,0,0.0,0
LGS2ORD0030770,C016894,2025-09-01 16:00:00,Other,53,Bronze,Shopee,Bangkok,1634,Web,COD,16,9,0,0,>50,54.46666666666667,8.0,2.0,0.25,44,4,6170.2699999999995,0.18,0.625,0.0,0.0,20544.18,1,0,0.0,20544.18,1,0,0.0,22817.64,2,1,0.5,49362.159999999996,8,2,0.25,0
LGS2ORD0030771,C011682,2025-09-01 16:00:00,Female,27,Silver,Web,Bangkok,991,TV_Show,COD,16,9,0,0,20-30,33.03333333333333,5.0,0.0,0.0,-1,18,4663.336,0.3,0.8,0.4,0.0,0.0,0,0,0.0,10470.46,2,0,0.0,11405.08,3,0,0.0,23316.68,5,0,0.0,0
LGS2ORD0030772,C010333,2025-09-01 16:00:00,Male,40,Silver,Web,Songkhla,693,TV_Show,COD,16,9,0,0,30-40,23.1,9.0,4.0,0.4444444444444444,36,49,5274.102222222222,0.25,0.5555555555555556,0.2222222222222222,0.0,0.0,0,0,0.0,0.0,0,0,0.0,734.08,1,1,1.0,47466.92,9,4,0.4444444444444444,0
LGS2ORD0030773,C012516,2025-09-01 17:00:00,Male,27,Bronze,Web,Nakhon Ratchasima,682,Shopee,Credit_Card,17,9,0,0,20-30,22.733333333333334,4.0,0.0,0.0,-1,37,4708.955,0.28,0.5,0.5,0.0,0.0,0,0,0.0,0.0,0,0,0.0,8049.55,2,0,0.0,18835.82,4,0,0.0,1
LGS2ORD0030774,C013773,2025-09-01 17:00:00,Male,45,Gold,Web,Bangkok,1575,Web,PromptPay,17,9,0,0,40-50,52.5,4.0,2.0,0.5,114,121,2469.4249999999997,0.28,0.0,0.25,0.0,0.0,0,0,0.0,0.0,0,0,0.0,0.0,0,0,0.0,9877.699999999999,4,2,0.5,0
LGS2ORD0030775,C014169,2025-09-01 17:00:00,Male,39,Bronze,Web,Bangkok,1532,Web,Credit_Card,17,9,0,0,30-40,51.06666666666667,10.0,2.0,0.2,-10,3,6591.2880000000005,0.28,0.8,0.2,0.1,3060.85,1,1,1.0,27571.89,2,1,0.5,33525.87,4,2,0.5,65912.88,10,2,0.2,0
LGS2ORD0030776,C015568,2025-09-01 17:00:00,Male,59,Bronze,Shopee,Khon Kaen,1533,TV_Show,COD,17,9,0,0,>50,51.1,4.0,0.0,0.0,-1,30,15788.6875,0.28,0.5,0.5,0.0,0.0,0,0,0.0,0.0,0,0,0.0,39900.81999999999,2,0,0.0,63154.75,4,0,0.0,0
LGS2ORD0030777,C014493,2025-09-01 17:00:00,Female,36,Silver,Web,Bangkok,511,Web,COD,17,9,0,0,30-40,17.033333333333335,1.0,1.0,1.0,197,203,292.37,0.1,0.0,0.0,0.0,0.0,0,0,0.0,0.0,0,0,0.0,0.0,0,0,0.0,292.37,1,1,1.0,0
LGS2ORD0030778,C017001,2025-09-01 18:00:00,Male,60,Silver,TV,Bangkok,321,Web,Credit_Card,18,9,0,0,>50,10.7,5.0,2.0,0.4,-6,2,4021.8200000000006,0.25,0.8,0.2,0.0,3616.93,1,1,1.0,3616.93,1,1,1.0,3616.93,1,1,1.0,20109.100000000002,5,2,0.4,0
LGS2ORD0030779,C010553,2025-09-01 18:00:00,Female,62,Bronze,Shopee,Bangkok,1311,CallCenter,Credit_Card,18,9,0,0,>50,43.7,6.0,2.0,0.3333333333333333,34,46,4205.4816666666675,0.23,0.6666666666666666,0.16666666666666666,0.0,0.0,0,0,0.0,0.0,0,0,0.0,4408.63,1,1,1.0,25232.890000000003,6,2,0.3333333333333333,0
LGS2ORD0030780,C011949,2025-09-01 18:00:00,Female,33,Gold,Web,Khon Kaen,300,Web,COD,18,9,0,0,30-40,10.0,8.0,1.0,0.125,61,10,7181.401250000001,0.28,0.75,0.375,0.0,0.0,0,0,0.0,4455.58,1,0,0.0,5942.44,2,1,0.5,57451.21000000001,8,1,0.125,0
LGS2ORD0030781,C010249,2025-09-01 18:00:00,Female,49,Platinum,Web,Bangkok,332,TV_Show,Credit_Card,18,9,0,0,40-50,11.066666666666666,1.0,0.0,0.0,-1,32,1919.28,0.15,0.0,0.0,0.0,0.0,0,0,0.0,0.0,0,0,0.0,1919.28,1,0,0.0,1919.28,1,0,0.0,0
LGS2ORD0030782,C017886,2025-09-01 18:00:00,Female,54,Silver,TV,Chiang Mai,647,TV_Show,COD,18,9,0,0,>50,21.566666666666666,7.0,2.0,0.2857142857142857,178,33,6133.271428571429,0.3,0.5714285714285714,0.42857142857142855,0.0,0.0,0,0,0.0,0.0,0,0,0.0,38839.03,5,0,0.0,42932.9,7,2,0.2857142857142857,1
LGS2ORD0030783,C010593,2025-09-01 19:00:00,Male,26,Bronze,TV,Phuket,1207,Shopee,PromptPay,19,9,0,0,20-30,40.233333333333334,4.0,1.0,0.25,80,50,5802.275,0.23,0.25,0.75,0.0,0.0,0,0,0.0,0.0,0,0,0.0,16402.94,1,0,0.0,23209.1,4,1,0.25,1
LGS2ORD0030784,C011728,2025-09-01 19:00:00,Male,65,Bronze,Shopee,Bangkok,702,TV_Show,COD,19,9,0,0,>50,23.4,8.0,2.0,0.25,28,36,4812.73,0.28,0.375,0.125,0.0,0.0,0,0,0.0,0.0,0,0,0.0,17683.879999999997,3,1,0.3333333333333333,38501.84,8,2,0.25,0
LGS2ORD0030785,C016546,2025-09-01 19:00:00,Female,40,Gold,TV,Khon Kaen,287,CallCenter,Credit_Card,19,9,0,0,30-40,9.566666666666666,5.0,0.0,0.0,-1,65,4043.5560000000005,0.13,0.2,0.0,0.0,0.0,0,0,0.0,0.0,0,0,0.0,12294.84,2,0,0.0,20217.780000000002,5,0,0.0,0
LGS2ORD0030786,C014715,2025-09-01 19:00:00,Male,22,Bronze,Shopee,Songkhla,654,Web,Bank_Transfer,19,9,0,0,20-30,21.8,5.0,3.0,0.6,32,26,6250.222,0.23,0.4,0.2,0.0,0.0,0,0,0.0,12550.96,1,0,0.0,24063.03,3,1,0.3333333333333333,31251.11,5,3,0.6,0
LGS2ORD0030787,C016918,2025-09-01 19:00:00,Male,51,Gold,Lazada,Nakhon Ratchasima,1444,Shopee,Credit_Card,19,9,0,0,>50,48.13333333333333,7.0,1.0,0.14285714285714285,126,1,3368.644285714285,0.33,0.5714285714285714,0.7142857142857143,0.0,967.86,1,0,0.0,5233.78,2,0,0.0,8959.27,4,0,0.0,23580.509999999995,7,1,0.14285714285714285,0
LGS2ORD0030788,C016000,2025-09-01 19:00:00,Female,37,Bronze,Lazada,Phuket,549,Web,COD,19,9,0,0,30-40,18.3,3.0,0.0,0.0,-1,82,1735.6200000000001,0.28,0.0,0.3333333333333333,0.0,0.0,0,0,0.0,0.0,0,0,0.0,2210.89,1,0,0.0,5206.860000000001,3,0,0.0,0
LGS2ORD0030789,C012866,2025-09-01 20:00:00,Female,43,Silver,Web,Chiang Mai,721,Web,Credit_Card,20,9,0,0,40-50,24.033333333333335,3.0,0.0,0.0,-1,29,1409.6833333333334,0.25,0.6666666666666666,0.6666666666666666,0.0,0.0,0,0,0.0,1992.7,1,0,0.0,3334.79,2,0,0.0,4229.05,3,0,0.0,0
LGS2ORD0030790,C010512,2025-09-01 20:00:00,Male,38,Gold,TV,Chonburi,1176,CallCenter,COD,20,9,0,0,30-40,39.2,1.0,0.0,0.0,-1,210,4025.21,0.33,0.0,1.0,0.0,0.0,0,0,0.0,0.0,0,0,0.0,0.0,0,0,0.0,4025.21,1,0,0.0,0
LGS2ORD0030791,C012286,2025-09-01 20:00:00,Male,52,Bronze,Web,Khon Kaen,418,Web,COD,20,9,0,0,>50,13.933333333333334,4.0,0.0,0.0,-1,5,2644.9300000000003,0.23,0.25,0.25,0.0,1017.93,1,0,0.0,1017.93,1,0,0.0,6677.05,3,0,0.0,10579.720000000001,4,0,0.0,0
LGS2ORD0030792,C015325,2025-09-01 20:00:00,Female,42,Bronze,Shopee,Bangkok,1577,Web,COD,20,9,0,0,40-50,52.56666666666667,5.0,2.0,0.4,187,71,3156.26,0.23,0.6,0.4,0.0,0.0,0,0,0.0,0.0,0,0,0.0,538.26,1,0,0.0,15781.300000000001,5,2,0.4,0
LGS2ORD0030793,C011879,2025-09-01 20:00:00,Male,52,Gold,Shopee,Bangkok,1156,Web,PromptPay,20,9,0,0,>50,38.53333333333333,4.0,0.0,0.0,-1,158,2761.6400000000003,0.33,0.25,0.5,0.0,0.0,0,0,0.0,0.0,0,0,0.0,0.0,0,0,0.0,11046.560000000001,4,0,0.0,0
LGS2ORD0030794,C016741,2025-09-01 21:00:00,Female,36,Silver,Lazada,Songkhla,278,TV_Show,Credit_Card,21,9,0,0,30-40,9.266666666666667,6.0,1.0,0.16666666666666666,191,1,4325.160000000001,0.25,0.6666666666666666,0.16666666666666666,0.0,1315.47,1,0,0.0,1315.47,1,0,0.0,16163.74,3,0,0.0,25950.960000000003,6,1,0.16666666666666666,0
LGS2ORD0030795,C010929,2025-09-01 21:00:00,Female,46,Silver,Web,Khon Kaen,1361,Lazada,COD,21,9,0,0,40-50,45.36666666666667,7.0,4.0,0.5714285714285714,67,81,9631.451428571429,0.25,0.42857142857142855,0.2857142857142857,0.0,0.0,0,0,0.0,0.0,0,0,0.0,4605.71,1,1,1.0,67420.16,7,4,0.5714285714285714,0
LGS2ORD0030796,C010193,2025-09-01 21:00:00,Female,50,Silver,TV,Chiang Mai,1023,TV_Show,Credit_Card,21,9,0,0,40-50,34.1,5.0,1.0,0.2,166,13,2646.666,0.3,0.6,0.2,0.0,0.0,0,0,0.0,727.48,1,0,0.0,727.48,1,0,0.0,13233.330000000002,5,1,0.2,0
LGS2ORD0030797,C011501,2025-09-01 21:00:00,Female,56,Bronze,TV,Remote_Area,1153,Lazada,PromptPay,21,9,0,0,>50,38.43333333333333,7.0,1.0,0.14285714285714285,231,6,8005.429999999999,0.28,0.7142857142857143,0.2857142857142857,0.0,9870.68,1,0,0.0,13242.74,2,0,0.0,21291.23,3,0,0.0,56038.009999999995,7,1,0.14285714285714285,1
LGS2ORD0030798,C011390,2025-09-01 21:00:00,Female,34,Gold,Web,Bangkok,1524,CallCenter,Credit_Card,21,9,0,0,30-40,50.8,2.0,0.0,0.0,-1,15,3781.43,0.13,0.0,0.0,0.0,0.0,0,0,0.0,4675.7,1,0,0.0,7562.86,2,0,0.0,7562.86,2,0,0.0,1
LGS2ORD0030799,C016839,2025-09-01 22:00:00,Female,32,Silver,TV,Phuket,888,Web,PromptPay,22,9,0,0,30-40,29.6,4.0,1.0,0.25,127,11,2855.8725,0.2,0.5,0.0,0.0,0.0,0,0,0.0,7451.6,1,0,0.0,7451.6,1,0,0.0,11423.49,4,1,0.25,0
LGS2ORD0030800,C017202,2025-09-01 22:00:00,Female,41,Bronze,Shopee,Chonburi,819,Web,COD,22,9,0,0,40-50,27.3,4.0,2.0,0.5,86,77,8157.052500000001,0.28,0.75,0.5,0.0,0.0,0,0,0.0,0.0,0,0,0.0,878.61,1,0,0.0,32628.210000000003,4,2,0.5,0
LGS2ORD0030801,C013404,2025-09-01 22:00:00,Female,42,Bronze,Web,Chonburi,1075,Shopee,PromptPay,22,9,0,0,40-50,35.833333333333336,6.0,2.0,0.3333333333333333,9,19,8788.583333333334,0.23,0.3333333333333333,0.16666666666666666,0.0,0.0,0,0,0.0,3760.43,1,1,1.0,12343.39,3,2,0.6666666666666666,52731.5,6,2,0.3333333333333333,0
LGS2ORD0030802,C013213,2025-09-01 22:00:00,Female,53,Bronze,Web,Songkhla,1505,Shopee,Credit_Card,22,9,0,0,>50,50.166666666666664,6.0,4.0,0.6666666666666666,38,51,7740.13,0.28,0.8333333333333334,0.5,0.0,0.0,0,0,0.0,0.0,0,0,0.0,32924.06,3,2,0.6666666666666666,46440.78,6,4,0.6666666666666666,0
LGS2ORD0030803,C010141,2025-09-01 22:00:00,Female,30,Bronze,Web,Bangkok,365,TV_Show,PromptPay,22,9,0,0,20-30,12.166666666666666,6.0,1.0,0.16666666666666666,172,0,5586.755,0.28,0.5,0.5,0.0,12767.75,1,0,0.0,14366.369999999999,2,0,0.0,18011.1,3,0,0.0,33520.53,6,1,0.16666666666666666,0
LGS2ORD0030804,C011433,2025-09-01 23:00:00,Male,61,Bronze,Shopee,Chonburi,1453,TV_Show,PromptPay,23,9,0,0,>50,48.43333333333333,7.0,2.0,0.2857142857142857,79,62,4644.284285714285,0.28,0.2857142857142857,0.2857142857142857,0.0,0.0,0,0,0.0,0.0,0,0,0.0,6111.549999999999,2,1,0.5,32509.989999999998,7,2,0.2857142857142857,0
LGS2ORD0030805,C010636,2025-09-01 23:00:00,Male,37,Silver,TV,Phuket,1404,TV_Show,COD,23,9,0,0,30-40,46.8,4.0,1.0,0.25,163,150,1933.225,0.25,0.5,0.25,0.0,0.0,0,0,0.0,0.0,0,0,0.0,0.0,0,0,0.0,7732.9,4,1,0.25,1
LGS2ORD0030806,C010454,2025-09-01 23:00:00,Male,46,Bronze,CallCenter,Khon Kaen,874,TV_Show,COD,23,9,0,0,40-50,29.133333333333333,4.0,1.0,0.25,204,22,1571.96,0.18,0.5,0.0,0.0,0.0,0,0,0.0,3665.74,1,0,0.0,3665.74,1,0,0.0,6287.84,4,1,0.25,1
LGS2ORD0030807,C014230,2025-09-01 23:00:00,Male,35,Platinum,Lazada,Khon Kaen,713,Shopee,COD,23,9,0,0,30-40,23.766666666666666,4.0,2.0,0.5,177,73,5993.9800000000005,0.15,0.25,0.0,0.25,0.0,0,0,0.0,0.0,0,0,0.0,7351.63,1,0,0.0,23975.920000000002,4,2,0.5,0
LGS2ORD0030808,C014780,2025-09-01 23:00:00,Female,46,Bronze,TV,Chiang Mai,1200,TV_Show,COD,23,9,0,0,40-50,40.0,5.0,1.0,0.2,88,75,4256.360000000001,0.18,0.4,0.0,0.0,0.0,0,0,0.0,0.0,0,0,0.0,5857.28,2,0,0.0,21281.800000000003,5,1,0.2,0
LGS2ORD0030809,C017622,2025-09-01 23:00:00,Female,49,Silver,TV,Chiang Mai,1138,CallCenter,PromptPay,23,9,0,0,40-50,37.93333333333333,5.0,1.0,0.2,186,18,3325.858,0.2,0.6,0.0,0.0,0.0,0,0,0.0,2954.44,1,0,0.0,2954.44,1,0,0.0,16629.29,5,1,0.2,0
LGS2ORD0030810,C015276,2025-09-02 00:00:00,Female,51,Silver,Web,Songkhla,576,Lazada,Credit_Card,0,9,1,0,>50,19.2,3.0,1.0,0.3333333333333333,130,92,12310.349999999999,0.15,0.3333333333333333,0.0,0.0,0.0,0,0,0.0,0.0,0,0,0.0,0.0,0,0,0.0,36931.049999999996,3,1,0.3333333333333333,0
LGS2ORD0030811,C016848,2025-09-02 00:00:00,Male,39,Gold,Lazada,Bangkok,327,CallCenter,COD,0,9,1,0,30-40,10.9,4.0,0.0,0.0,-1,1,2424.1549999999997,0.33,0.25,0.25,0.0,3836.46,1,0,0.0,3836.46,1,0,0.0,9696.619999999999,4,0,0.0,9696.619999999999,4,0,0.0,0
LGS2ORD0030812,C016915,2025-09-02 00:00:00,Female,57,Bronze,TV,Chonburi,411,Lazada,PromptPay,0,9,1,0,>50,13.7,9.0,1.0,0.1111111111111111,19,21,4068.6522222222225,0.28,0.5555555555555556,0.2222222222222222,0.0,0.0,0,0,0.0,600.43,1,0,0.0,11906.89,3,1,0.3333333333333333,36617.87,9,1,0.1111111111111111,0
LGS2ORD0030813,C012837,2025-09-02 00:00:00,Male,52,Silver,Web,Chonburi,869,CallCenter,COD,0,9,1,0,>50,28.966666666666665,0.0,0.0,0.0,-1,-1,0.0,0.0,0.0,0.0,0.0,0.0,0,0,0.0,0.0,0,0,0.0,0.0,0,0,0.0,0.0,0,0,0.0,0
LGS2ORD0030814,C016831,2025-09-02 00:00:00,Male,45,Bronze,Web,Khon Kaen,1177,Shopee,COD,0,9,1,0,40-50,39.233333333333334,2.0,1.0,0.5,119,78,5267.485000000001,0.13,0.0,0.0,0.0,0.0,0,0,0.0,0.0,0,0,0.0,7730.51,1,0,0.0,10534.970000000001,2,1,0.5,0
LGS2ORD0030815,C014661,2025-09-02 01:00:00,Male,48,Silver,Shopee,Nakhon Ratchasima,1480,TV_Show,COD,1,9,1,0,40-50,49.333333333333336,4.0,0.0,0.0,-1,148,5439.08,0.2,0.75,0.0,0.0,0.0,0,0,0.0,0.0,0,0,0.0,0.0,0,0,0.0,21756.32,4,0,0.0,1
LGS2ORD0030816,C016732,2025-09-02 01:00:00,Male,63,Platinum,Web,Chiang Mai,1148,Shopee,COD,1,9,1,0,>50,38.266666666666666,4.0,2.0,0.5,113,3,8839.695000000002,0.3,0.75,0.25,0.0,3423.73,1,0,0.0,3423.73,1,0,0.0,3423.73,1,0,0.0,35358.780000000006,4,2,0.5,0
LGS2ORD0030817,C015731,2025-09-02 01:00:00,Female,48,Bronze,Lazada,Phuket,1636,Web,Bank_Transfer,1,9,1,0,40-50,54.53333333333333,3.0,0.0,0.0,-1,117,5375.9800000000005,0.18,0.6666666666666666,0.0,0.0,0.0,0,0,0.0,0.0,0,0,0.0,0.0,0,0,0.0,16127.94,3,0,0.0,1
LGS2ORD0030818,C012912,2025-09-02 01:00:00,Female,60,Silver,CallCenter,Khon Kaen,1133,Web,COD,1,9,1,0,>50,37.766666666666666,4.0,0.0,0.0,-1,25,7458.695,0.2,0.5,0.0,0.0,0.0,0,0,0.0,13499.21,1,0,0.0,18624.36,2,0,0.0,29834.78,4,0,0.0,1
LGS2ORD0030819,C014273,2025-09-02 01:00:00,Male,56,Gold,Shopee,Bangkok,1192,Lazada,Credit_Card,1,9,1,0,>50,39.733333333333334,5.0,0.0,0.0,-1,65,9376.86,0.33,0.2,0.4,0.0,0.0,0,0,0.0,0.0,0,0,0.0,520.46,1,0,0.0,46884.3,5,0,0.0,0
LGS2ORD0030820,C011636,2025-09-02 02:00:00,Female,38,Gold,Lazada,Phuket,738,TV_Show,COD,2,9,1,0,30-40,24.6,1.0,0.0,0.0,-1,73,7626.83,0.08,0.0,0.0,0.0,0.0,0,0,0.0,0.0,0,0,0.0,7626.83,1,0,0.0,7626.83,1,0,0.0,0
LGS2ORD0030821,C014024,2025-09-02 02:00:00,Male,36,Gold,CallCenter,Chiang Mai,309,Shopee,Credit_Card,2,9,1,0,30-40,10.3,4.0,1.0,0.25,113,40,12539.397500000001,0.28,0.75,0.5,0.0,0.0,0,0,0.0,0.0,0,0,0.0,16547.83,1,0,0.0,50157.590000000004,4,1,0.25,0
LGS2ORD0030822,C017544,2025-09-02 02:00:00,Female,51,Bronze,CallCenter,Bangkok,919,CallCenter,COD,2,9,1,0,>50,30.633333333333333,9.0,3.0,0.3333333333333333,53,22,7604.8755555555545,0.23,0.4444444444444444,0.3333333333333333,0.0,0.0,0,0,0.0,15932.22,1,0,0.0,18317.04,3,2,0.6666666666666666,68443.87999999999,9,3,0.3333333333333333,1
LGS2ORD0030823,C011593,2025-09-02 02:00:00,Female,38,Bronze,TV,Chiang Mai,545,TV_Show,COD,2,9,1,0,30-40,18.166666666666668,4.0,1.0,0.25,105,109,10314.100000000002,0.23,0.75,0.5,0.0,0.0,0,0,0.0,0.0,0,0,0.0,0.0,0,0,0.0,41256.40000000001,4,1,0.25,1
LGS2ORD0030824,C012332,2025-09-02 02:00:00,Female,59,Bronze,Web,Chiang Mai,1066,Shopee,Bank_Transfer,2,9,1,0,>50,35.53333333333333,4.0,1.0,0.25,76,79,4645.855,0.23,0.0,0.25,0.0,0.0,0,0,0.0,0.0,0,0,0.0,8483.99,2,1,0.5,18583.42,4,1,0.25,0
LGS2ORD0030825,C015893,2025-09-02 03:00:00,Male,41,Silver,CallCenter,Chonburi,1393,TV_Show,PromptPay,3,9,1,0,40-50,46.43333333333333,2.0,1.0,0.5,231,179,7183.585,0.15,0.5,0.0,0.0,0.0,0,0,0.0,0.0,0,0,0.0,0.0,0,0,0.0,14367.17,2,1,0.5,0
LGS2ORD0030826,C016703,2025-09-02 03:00:00,Female,34,Bronze,Lazada,Bangkok,1147,Shopee,COD,3,9,1,0,30-40,38.233333333333334,6.0,1.0,0.16666666666666666,141,29,2725.0766666666664,0.28,0.5,0.16666666666666666,0.0,0.0,0,0,0.0,751.34,1,0,0.0,751.34,1,0,0.0,16350.46,6,1,0.16666666666666666,1
LGS2ORD0030827,C016557,2025-09-02 03:00:00,Female,46,Bronze,CallCenter,Nakhon Ratchasima,1135,TV_Show,Bank_Transfer,3,9,1,0,40-50,37.833333333333336,2.0,0.0,0.0,-1,3,8933.75,0.18,0.5,0.0,0.0,16586.98,1,0,0.0,16586.98,1,0,0.0,16586.98,1,0,0.0,17867.5,2,0,0.0,1
LGS2ORD0030828,C011524,2025-09-02 03:00:00,Male,49,Bronze,Shopee,Bangkok,1402,Lazada,COD,3,9,1,0,40-50,46.733333333333334,3.0,0.0,0.0,-1,13,3979.2333333333336,0.13,0.6666666666666666,0.0,0.0,0.0,0,0,0.0,4606.1,2,0,0.0,11937.7,3,0,0.0,11937.7,3,0,0.0,0
LGS2ORD0030829,C013895,2025-09-02 03:00:00,Female,40,Bronze,CallCenter,Bangkok,786,CallCenter,COD,3,9,1,0,30-40,26.2,3.0,1.0,0.3333333333333333,206,22,3752.4066666666663,0.18,0.3333333333333333,0.0,0.0,0.0,0,0,0.0,8124.86,1,0,0.0,9349.3,2,0,0.0,11257.22,3,1,0.3333333333333333,0
LGS2ORD0030830,C012314,2025-09-02 03:00:00,Female,43,Bronze,TV,Chiang Mai,943,Shopee,Credit_Card,3,9,1,0,40-50,31.433333333333334,2.0,0.0,0.0,-1,36,3568.745,0.23,1.0,0.5,0.0,0.0,0,0,0.0,0.0,0,0,0.0,644.26,1,0,0.0,7137.49,2,0,0.0,0
LGS2ORD0030831,C010107,2025-09-02 04:00:00,Female,72,Bronze,Shopee,Chiang Mai,393,TV_Show,Credit_Card,4,9,1,0,>50,13.1,5.0,2.0,0.4,47,34,6890.098,0.13,0.4,0.0,0.0,0.0,0,0,0.0,0.0,0,0,0.0,28868.260000000002,3,2,0.6666666666666666,34450.49,5,2,0.4,0
LGS2ORD0030832,C012853,2025-09-02 04:00:00,Other,32,Platinum,Web,Bangkok,951,TV_Show,PromptPay,4,9,1,0,30-40,31.7,2.0,0.0,0.0,-1,51,1579.655,0.35,1.0,0.5,0.0,0.0,0,0,0.0,0.0,0,0,0.0,1319.82,1,0,0.0,3159.31,2,0,0.0,0
LGS2ORD0030833,C012781,2025-09-02 04:00:00,Male,61,Bronze,Web,Bangkok,700,TV_Show,COD,4,9,1,0,>50,23.333333333333332,1.0,0.0,0.0,-1,227,7257.49,0.13,0.0,0.0,0.0,0.0,0,0,0.0,0.0,0,0,0.0,0.0,0,0,0.0,7257.49,1,0,0.0,0
LGS2ORD0030834,C011632,2025-09-02 04:00:00,Male,47,Bronze,TV,Bangkok,718,Web,Credit_Card,4,9,1,0,40-50,23.933333333333334,1.0,0.0,0.0,-1,33,1060.45,0.18,1.0,0.0,0.0,0.0,0,0,0.0,0.0,0,0,0.0,1060.45,1,0,0.0,1060.45,1,0,0.0,0
LGS2ORD0030835,C014740,2025-09-02 04:00:00,Female,43,Bronze,CallCenter,Khon Kaen,685,Lazada,COD,4,9,1,0,40-50,22.833333333333332,6.0,1.0,0.16666666666666666,115,103,4868.483333333333,0.23,0.6666666666666666,0.3333333333333333,0.0,0.0,0,0,0.0,0.0,0,0,0.0,0.0,0,0,0.0,29210.899999999998,6,1,0.16666666666666666,0
LGS2ORD0030836,C013896,2025-09-02 05:00:00,Female,65,Bronze,TV,Phuket,615,Shopee,COD,5,9,1,0,>50,20.5,7.0,7.0,1.0,35,44,3257.7842857142855,0.23,0.8571428571428571,0.5714285714285714,0.0,0.0,0,0,0.0,0.0,0,0,0.0,1167.8899999999999,2,2,1.0,22804.489999999998,7,7,1.0,0
LGS2ORD0030837,C010182,2025-09-02 05:00:00,Female,53,Silver,TV,Songkhla,984,CallCenter,Credit_Card,5,9,1,0,>50,32.8,3.0,1.0,0.3333333333333333,-7,2,2565.5333333333333,0.3,0.3333333333333333,0.6666666666666666,0.0,1149.21,1,1,1.0,1149.21,1,1,1.0,1149.21,1,1,1.0,7696.6,3,1,0.3333333333333333,0
LGS2ORD0030838,C010627,2025-09-02 05:00:00,Male,43,Silver,Shopee,Phuket,331,Web,COD,5,9,1,0,40-50,11.033333333333333,4.0,1.0,0.25,114,47,5139.532499999999,0.25,0.75,0.25,0.0,0.0,0,0,0.0,0.0,0,0,0.0,14904.98,1,0,0.0,20558.129999999997,4,1,0.25,0
LGS2ORD0030839,C011457,2025-09-02 05:00:00,Female,47,Silver,TV,Khon Kaen,356,CallCenter,PromptPay,5,9,1,0,40-50,11.866666666666667,2.0,0.0,0.0,-1,19,4302.125,0.1,1.0,0.0,0.0,0.0,0,0,0.0,8604.25,2,0,0.0,8604.25,2,0,0.0,8604.25,2,0,0.0,0
LGS2ORD0030840,C017727,2025-09-02 05:00:00,Other,68,Bronze,CallCenter,Bangkok,1081,Shopee,COD,5,9,1,0,>50,36.03333333333333,2.0,1.0,0.5,152,144,1147.1550000000002,0.28,1.0,1.0,0.0,0.0,0,0,0.0,0.0,0,0,0.0,0.0,0,0,0.0,2294.3100000000004,2,1,0.5,0
LGS2ORD0030841,C017992,2025-09-02 06:00:00,Male,67,Bronze,Web,Songkhla,1436,Web,COD,6,9,1,0,>50,47.86666666666667,12.0,5.0,0.4166666666666667,51,65,3875.726666666667,0.23,0.4166666666666667,0.16666666666666666,0.0,0.0,0,0,0.0,0.0,0,0,0.0,7659.41,1,1,1.0,46508.72,12,5,0.4166666666666667,1
LGS2ORD0030842,C016703,2025-09-02 06:00:00,Female,34,Bronze,Lazada,Bangkok,1147,Lazada,COD,6,9,1,0,30-40,38.233333333333334,7.0,2.0,0.2857142857142857,-12,0,2615.602857142857,0.28,0.5714285714285714,0.14285714285714285,0.0,1958.76,1,1,1.0,1958.76,1,1,1.0,2710.1,2,1,0.5,18309.219999999998,7,2,0.2857142857142857,1
LGS2ORD0030843,C012686,2025-09-02 06:00:00,Female,64,Bronze,CallCenter,Bangkok,1417,Web,COD,6,9,1,0,>50,47.233333333333334,4.0,0.0,0.0,-1,6,923.8199999999999,0.28,0.25,0.5,0.0,1192.75,1,0,0.0,1192.75,1,0,0.0,1192.75,1,0,0.0,3695.2799999999997,4,0,0.0,0
LGS2ORD0030844,C011782,2025-09-02 06:00:00,Female,45,Bronze,TV,Remote_Area,1644,TV_Show,Credit_Card,6,9,1,0,40-50,54.8,3.0,1.0,0.3333333333333333,208,194,3030.876666666667,0.18,0.0,0.0,0.0,0.0,0,0,0.0,0.0,0,0,0.0,0.0,0,0,0.0,9092.630000000001,3,1,0.3333333333333333,0
LGS2ORD0030845,C016521,2025-09-02 06:00:00,Female,47,Silver,TV,Chonburi,657,Shopee,COD,6,9,1,0,40-50,21.9,0.0,0.0,0.0,-1,-1,0.0,0.0,0.0,0.0,0.0,0.0,0,0,0.0,0.0,0,0,0.0,0.0,0,0,0.0,0.0,0,0,0.0,1
LGS2ORD0030846,C011704,2025-09-02 07:00:00,Female,56,Silver,Web,Chonburi,1356,Web,Bank_Transfer,7,9,1,0,>50,45.2,2.0,0.0,0.0,-1,38,736.1949999999999,0.25,0.0,0.5,0.0,0.0,0,0,0.0,0.0,0,0,0.0,864.78,1,0,0.0,1472.3899999999999,2,0,0.0,1
LGS2ORD0030847,C013778,2025-09-02 07:00:00,Female,26,Bronze,CallCenter,Bangkok,1565,Shopee,COD,7,9,1,0,20-30,52.166666666666664,2.0,0.0,0.0,-1,11,2889.5,0.28,1.0,0.5,0.0,0.0,0,0,0.0,471.64,1,0,0.0,471.64,1,0,0.0,5779.0,2,0,0.0,0
LGS2ORD0030848,C016052,2025-09-02 07:00:00,Male,31,Platinum,TV,Songkhla,455,Shopee,Bank_Transfer,7,9,1,0,30-40,15.166666666666666,5.0,2.0,0.4,25,15,8431.858,0.35,0.4,0.4,0.0,0.0,0,0,0.0,31257.09,1,0,0.0,40312.05,4,2,0.5,42159.29,5,2,0.4,0
LGS2ORD0030849,C014148,2025-09-02 07:00:00,Male,33,Platinum,TV,Remote_Area,1348,TV_Show,COD,7,9,1,0,30-40,44.93333333333333,2.0,0.0,0.0,-1,133,4431.335,0.3,0.0,0.5,0.0,0.0,0,0,0.0,0.0,0,0,0.0,0.0,0,0,0.0,8862.67,2,0,0.0,1
LGS2ORD0030850,C012460,2025-09-02 07:00:00,Male,40,Platinum,TV,Bangkok,890,Web,COD,7,9,1,0,30-40,29.666666666666668,4.0,1.0,0.25,106,5,13976.425,0.25,0.5,0.25,0.0,22577.36,1,0,0.0,22577.36,1,0,0.0,22577.36,1,0,0.0,55905.7,4,1,0.25,0
LGS2ORD0030851,C010338,2025-09-02 07:00:00,Male,32,Platinum,Shopee,Chonburi,1410,CallCenter,COD,7,9,1,0,30-40,47.0,1.0,0.0,0.0,-1,97,1551.34,0.25,1.0,1.0,0.0,0.0,0,0,0.0,0.0,0,0,0.0,0.0,0,0,0.0,1551.34,1,0,0.0,0
LGS2ORD0030852,C012384,2025-09-02 08:00:00,Female,43,Silver,TV,Khon Kaen,487,TV_Show,COD,8,9,1,0,40-50,16.233333333333334,4.0,0.0,0.0,-1,11,3919.145,0.3,0.5,0.25,0.0,0.0,0,0,0.0,715.88,1,0,0.0,715.88,1,0,0.0,15676.58,4,0,0.0,0
LGS2ORD0030853,C014595,2025-09-02 08:00:00,Female,41,Silver,Shopee,Chiang Mai,1122,TV_Show,COD,8,9,1,0,40-50,37.4,5.0,1.0,0.2,85,63,4225.422,0.3,0.6,0.4,0.0,0.0,0,0,0.0,0.0,0,0,0.0,1096.96,1,0,0.0,21127.109999999997,5,1,0.2,0
LGS2ORD0030854,C011871,2025-09-02 08:00:00,Male,35,Bronze,Web,Remote_Area,778,Web,Bank_Transfer,8,9,1,0,30-40,25.933333333333334,2.0,0.0,0.0,-1,90,1997.585,0.18,0.0,0.0,0.0,0.0,0,0,0.0,0.0,0,0,0.0,0.0,0,0,0.0,3995.17,2,0,0.0,1
LGS2ORD0030855,C010136,2025-09-02 08:00:00,Female,47,Silver,Web,Chonburi,1302,Web,COD,8,9,1,0,40-50,43.4,2.0,0.0,0.0,-1,41,15865.29,0.25,0.0,0.5,0.0,0.0,0,0,0.0,0.0,0,0,0.0,12691.53,1,0,0.0,31730.58,2,0,0.0,0
LGS2ORD0030856,C015771,2025-09-02 08:00:00,Male,26,Silver,Shopee,Songkhla,787,Lazada,COD,8,9,1,0,20-30,26.233333333333334,3.0,0.0,0.0,-1,24,4092.5166666666664,0.3,0.0,0.6666666666666666,0.0,0.0,0,0,0.0,8482.15,1,0,0.0,8482.15,1,0,0.0,12277.55,3,0,0.0,0
LGS2ORD0030857,C014399,2025-09-02 09:00:00,Male,48,Silver,CallCenter,Chiang Mai,563,Lazada,COD,9,9,1,0,40-50,18.766666666666666,1.0,0.0,0.0,-1,152,13008.52,0.05,0.0,0.0,0.0,0.0,0,0,0.0,0.0,0,0,0.0,0.0,0,0,0.0,13008.52,1,0,0.0,0
LGS2ORD0030858,C011599,2025-09-02 09:00:00,Male,18,Silver,Lazada,Chiang Mai,1567,Shopee,COD,9,9,1,0,<20,52.233333333333334,2.0,1.0,0.5,70,76,8739.34,0.15,0.5,0.0,0.0,0.0,0,0,0.0,0.0,0,0,0.0,14541.18,1,1,1.0,17478.68,2,1,0.5,0
LGS2ORD0030859,C010825,2025-09-02 09:00:00,Female,31,Silver,Shopee,Bangkok,1353,Web,PromptPay,9,9,1,0,30-40,45.1,5.0,0.0,0.0,-1,46,4388.08,0.2,0.2,0.0,0.0,0.0,0,0,0.0,0.0,0,0,0.0,12151.41,2,0,0.0,21940.399999999998,5,0,0.0,0
LGS2ORD0030860,C016982,2025-09-02 09:00:00,Male,43,Bronze,Web,Remote_Area,793,Lazada,COD,9,9,1,0,40-50,26.433333333333334,5.0,2.0,0.4,56,40,6841.433999999999,0.28,0.6,0.6,0.0,0.0,0,0,0.0,0.0,0,0,0.0,2958.5,2,1,0.5,34207.17,5,2,0.4,0
LGS2ORD0030861,C010224,2025-09-02 09:00:00,Female,64,Bronze,Web,Khon Kaen,386,Web,Credit_Card,9,9,1,0,>50,12.866666666666667,7.0,3.0,0.42857142857142855,91,96,6789.082857142856,0.18,0.8571428571428571,0.0,0.0,0.0,0,0,0.0,0.0,0,0,0.0,0.0,0,0,0.0,47523.57999999999,7,3,0.42857142857142855,0
LGS2ORD0030862,C010072,2025-09-02 10:00:00,Female,52,Platinum,Web,Bangkok,342,TV_Show,COD,10,9,1,0,>50,11.4,2.0,0.0,0.0,-1,20,2348.1,0.3,1.0,1.0,0.0,0.0,0,0,0.0,3130.4,1,0,0.0,3130.4,1,0,0.0,4696.2,2,0,0.0,1
LGS2ORD0030863,C015733,2025-09-02 10:00:00,Female,23,Silver,Lazada,Chiang Mai,666,Shopee,COD,10,9,1,0,20-30,22.2,3.0,0.0,0.0,-1,70,4344.25,0.3,0.3333333333333333,0.3333333333333333,0.0,0.0,0,0,0.0,0.0,0,0,0.0,4617.74,1,0,0.0,13032.75,3,0,0.0,0
LGS2ORD0030864,C013129,2025-09-02 10:00:00,Male,32,Bronze,TV,Remote_Area,791,Web,COD,10,9,1,0,30-40,26.366666666666667,6.0,1.0,0.16666666666666666,57,25,7029.513333333333,0.28,0.8333333333333334,0.6666666666666666,0.0,0.0,0,0,0.0,13093.11,1,0,0.0,24810.35,3,1,0.3333333333333333,42177.08,6,1,0.16666666666666666,0
LGS2ORD0030865,C013306,2025-09-02 10:00:00,Female,18,Silver,Lazada,Songkhla,556,Shopee,PromptPay,10,9,1,0,<20,18.533333333333335,3.0,0.0,0.0,-1,75,1503.39,0.1,0.3333333333333333,0.0,0.0,0.0,0,0,0.0,0.0,0,0,0.0,2539.32,1,0,0.0,4510.17,3,0,0.0,1
LGS2ORD0030866,C016573,2025-09-02 10:00:00,Female,52,Gold,Shopee,Khon Kaen,748,CallCenter,PromptPay,10,9,1,0,>50,24.933333333333334,2.0,0.0,0.0,-1,30,2859.885,0.13,1.0,0.0,0.0,0.0,0,0,0.0,2219.21,1,0,0.0,2219.21,1,0,0.0,5719.77,2,0,0.0,0
LGS2ORD0030867,C013653,2025-09-02 11:00:00,Female,56,Bronze,CallCenter,Remote_Area,1681,TV_Show,COD,11,9,1,0,>50,56.03333333333333,4.0,1.0,0.25,161,7,3746.5874999999996,0.08,0.75,0.0,0.0,0.0,0,0,0.0,1541.14,1,0,0.0,5120.2300000000005,2,0,0.0,14986.349999999999,4,1,0.25,0
LGS2ORD0030868,C016808,2025-09-02 11:00:00,Male,18,Silver,Web,Khon Kaen,1579,Shopee,Credit_Card,11,9,1,0,<20,52.63333333333333,1.0,0.0,0.0,-1,203,4586.03,0.05,0.0,0.0,0.0,0.0,0,0,0.0,0.0,0,0,0.0,0.0,0,0,0.0,4586.03,1,0,0.0,0
LGS2ORD0030869,C011744,2025-09-02 11:00:00,Male,37,Silver,Shopee,Bangkok,740,Web,PromptPay,11,9,1,0,30-40,24.666666666666668,1.0,0.0,0.0,-1,89,10073.75,0.25,0.0,1.0,0.0,0.0,0,0,0.0,0.0,0,0,0.0,10073.75,1,0,0.0,10073.75,1,0,0.0,0
LGS2ORD0030870,C013491,2025-09-02 11:00:00,Male,55,Gold,TV,Khon Kaen,488,CallCenter,COD,11,9,1,0,>50,16.266666666666666,7.0,2.0,0.2857142857142857,97,56,4057.5728571428567,0.28,0.7142857142857143,0.2857142857142857,0.14285714285714285,0.0,0,0,0.0,0.0,0,0,0.0,695.29,1,0,0.0,28403.01,7,2,0.2857142857142857,1
LGS2ORD0030871,C010628,2025-09-02 11:00:00,Male,50,Bronze,Shopee,Songkhla,281,Web,Credit_Card,11,9,1,0,40-50,9.366666666666667,6.0,2.0,0.3333333333333333,147,95,6486.704999999999,0.18,0.5,0.0,0.0,0.0,0,0,0.0,0.0,0,0,0.0,0.0,0,0,0.0,38920.229999999996,6,2,0.3333333333333333,0
LGS2ORD0030872,C012529,2025-09-02 11:00:00,Female,51,Silver,TV,Remote_Area,1641,Web,COD,11,9,1,0,>50,54.7,10.0,6.0,0.6,-11,1,6451.874000000001,0.3,0.6,0.3,0.0,6488.6900000000005,2,1,0.5,30164.64,4,3,0.75,56959.44,6,4,0.6666666666666666,64518.740000000005,10,6,0.6,0
LGS2ORD0030873,C015850,2025-09-02 12:00:00,Female,58,Bronze,TV,Nakhon Ratchasima,703,Shopee,COD,12,9,1,0,>50,23.433333333333334,2.0,0.0,0.0,-1,24,786.65,0.13,0.5,0.0,0.0,0.0,0,0,0.0,790.88,1,0,0.0,790.88,1,0,0.0,1573.3,2,0,0.0,0
LGS2ORD0030874,C012266,2025-09-02 12:00:00,Female,38,Silver,TV,Nakhon Ratchasima,1523,Shopee,Credit_Card,12,9,1,0,30-40,50.766666666666666,3.0,2.0,0.6666666666666666,18,28,3680.4966666666664,0.3,1.0,0.3333333333333333,0.0,0.0,0,0,0.0,2906.19,1,1,1.0,2906.19,1,1,1.0,11041.49,3,2,0.6666666666666666,0
LGS2ORD0030875,C016795,2025-09-02 12:00:00,Male,42,Bronze,Web,Bangkok,1154,TV_Show,COD,12,9,1,0,40-50,38.46666666666667,5.0,1.0,0.2,193,41,8761.086,0.23,0.8,0.2,0.0,0.0,0,0,0.0,0.0,0,0,0.0,7195.98,2,0,0.0,43805.43,5,1,0.2,0
LGS2ORD0030876,C017012,2025-09-02 12:00:00,Male,25,Silver,Web,Phuket,629,Web,COD,12,9,1,0,20-30,20.966666666666665,2.0,1.0,0.5,44,57,5508.695,0.2,1.0,0.0,0.0,0.0,0,0,0.0,0.0,0,0,0.0,2079.17,1,1,1.0,11017.39,2,1,0.5,1
LGS2ORD0030877,C012126,2025-09-02 12:00:00,Female,45,Gold,TV,Phuket,1413,CallCenter,COD,12,9,1,0,40-50,47.1,2.0,0.0,0.0,-1,38,17298.855,0.28,0.0,0.5,0.0,0.0,0,0,0.0,0.0,0,0,0.0,34597.71,2,0,0.0,34597.71,2,0,0.0,0
LGS2ORD0030878,C017725,2025-09-02 13:00:00,Female,59,Bronze,Web,Khon Kaen,1183,TV_Show,COD,13,9,1,0,>50,39.43333333333333,8.0,2.0,0.25,-4,3,8702.7575,0.23,0.5,0.125,0.0,1174.51,1,1,1.0,13203.07,3,1,0.3333333333333333,13203.07,3,1,0.3333333333333333,69622.06,8,2,0.25,0
LGS2ORD0030879,C011633,2025-09-02 13:00:00,Male,36,Silver,TV,Phuket,420,TV_Show,COD,13,9,1,0,30-40,14.0,9.0,4.0,0.4444444444444444,-2,3,9101.253333333334,0.3,0.6666666666666666,0.3333333333333333,0.1111111111111111,848.7,1,1,1.0,7200.139999999999,2,1,0.5,21658.88,5,2,0.4,81911.28,9,4,0.4444444444444444,0
LGS2ORD0030880,C011743,2025-09-02 13:00:00,Male,41,Silver,Web,Chiang Mai,540,Shopee,PromptPay,13,9,1,0,40-50,18.0,0.0,0.0,0.0,-1,-1,0.0,0.0,0.0,0.0,0.0,0.0,0,0,0.0,0.0,0,0,0.0,0.0,0,0,0.0,0.0,0,0,0.0,0
LGS2ORD0030881,C011273,2025-09-02 13:00:00,Female,45,Silver,Web,Bangkok,1419,CallCenter,COD,13,9,1,0,40-50,47.3,3.0,1.0,0.3333333333333333,146,75,11214.206666666667,0.3,0.3333333333333333,0.3333333333333333,0.0,0.0,0,0,0.0,0.0,0,0,0.0,26741.63,1,0,0.0,33642.62,3,1,0.3333333333333333,0
LGS2ORD0030882,C013134,2025-09-02 13:00:00,Female,64,Bronze,TV,Remote_Area,1184,Lazada,COD,13,9,1,0,>50,39.46666666666667,2.0,0.0,0.0,-1,0,5498.865,0.18,0.5,0.0,0.0,7072.25,1,0,0.0,7072.25,1,0,0.0,7072.25,1,0,0.0,10997.73,2,0,0.0,0
LGS2ORD0030883,C013180,2025-09-02 14:00:00,Male,21,Gold,Web,Khon Kaen,1049,Web,COD,14,9,1,0,20-30,34.96666666666667,4.0,0.0,0.0,-1,51,7390.7375,0.28,0.75,0.25,0.0,0.0,0,0,0.0,0.0,0,0,0.0,21282.68,2,0,0.0,29562.95,4,0,0.0,1
LGS2ORD0030884,C010583,2025-09-02 14:00:00,Female,56,Bronze,Shopee,Bangkok,965,Shopee,Bank_Transfer,14,9,1,0,>50,32.166666666666664,5.0,1.0,0.2,164,2,6018.173999999999,0.23,0.6,0.2,0.0,1457.48,1,0,0.0,1457.48,1,0,0.0,4095.03,2,0,0.0,30090.869999999995,5,1,0.2,0
LGS2ORD0030885,C017802,2025-09-02 14:00:00,Female,42,Bronze,TV,Remote_Area,1663,TV_Show,COD,14,9,1,0,40-50,55.43333333333333,7.0,2.0,0.2857142857142857,110,28,6885.862857142858,0.23,0.8571428571428571,0.2857142857142857,0.0,0.0,0,0,0.0,18005.24,1,0,0.0,18005.24,1,0,0.0,48201.04000000001,7,2,0.2857142857142857,1
LGS2ORD0030886,C013241,2025-09-02 14:00:00,Female,46,Bronze,Lazada,Khon Kaen,1549,Shopee,Credit_Card,14,9,1,0,40-50,51.63333333333333,4.0,0.0,0.0,-1,95,14733.530000000002,0.23,0.5,0.25,0.0,0.0,0,0,0.0,0.0,0,0,0.0,0.0,0,0,0.0,58934.12000000001,4,0,0.0,1
LGS2ORD0030887,C010143,2025-09-02 14:00:00,Male,37,Silver,CallCenter,Bangkok,1594,Lazada,COD,14,9,1,0,30-40,53.13333333333333,5.0,1.0,0.2,40,48,5238.038,0.2,0.4,0.0,0.0,0.0,0,0,0.0,0.0,0,0,0.0,10105.800000000001,2,1,0.5,26190.19,5,1,0.2,0
LGS2ORD0030888,C010137,2025-09-02 15:00:00,Female,43,Gold,Lazada,Chiang Mai,896,Shopee,Bank_Transfer,15,9,1,0,40-50,29.866666666666667,14.0,5.0,0.35714285714285715,0,6,6907.0928571428585,0.33,0.7142857142857143,0.7142857142857143,0.0,6539.07,2,1,0.5,26680.46,4,3,0.75,45401.29,8,4,0.5,96699.30000000002,14,5,0.35714285714285715,0
LGS2ORD0030889,C010259,2025-09-02 15:00:00,Male,27,Bronze,Web,Phuket,350,CallCenter,COD,15,9,1,0,20-30,11.666666666666666,4.0,0.0,0.0,-1,72,2710.165,0.18,0.5,0.0,0.0,0.0,0,0,0.0,0.0,0,0,0.0,825.42,1,0,0.0,10840.66,4,0,0.0,1
LGS2ORD0030890,C010247,2025-09-02 15:00:00,Male,67,Bronze,TV,Remote_Area,1277,Shopee,Bank_Transfer,15,9,1,0,>50,42.56666666666667,5.0,1.0,0.2,149,15,1503.822,0.23,0.6,0.4,0.0,0.0,0,0,0.0,2258.74,1,0,0.0,2258.74,1,0,0.0,7519.11,5,1,0.2,1
LGS2ORD0030891,C012078,2025-09-02 15:00:00,Male,36,Silver,Web,Chiang Mai,797,CallCenter,Credit_Card,15,9,1,0,30-40,26.566666666666666,2.0,0.0,0.0,-1,169,4766.530000000001,0.1,0.5,0.0,0.0,0.0,0,0,0.0,0.0,0,0,0.0,0.0,0,0,0.0,9533.060000000001,2,0,0.0,0
LGS2ORD0030892,C013552,2025-09-02 15:00:00,Female,40,Silver,CallCenter,Bangkok,1304,Shopee,PromptPay,15,9,1,0,30-40,43.46666666666667,7.0,1.0,0.14285714285714285,102,32,5396.621428571429,0.25,0.7142857142857143,0.14285714285714285,0.0,0.0,0,0,0.0,0.0,0,0,0.0,32676.649999999998,5,0,0.0,37776.35,7,1,0.14285714285714285,0
LGS2ORD0030893,C013950,2025-09-02 15:00:00,Male,42,Bronze,TV,Nakhon Ratchasima,1637,Shopee,Credit_Card,15,9,1,0,40-50,54.56666666666667,6.0,1.0,0.16666666666666666,12,27,2504.9633333333336,0.23,0.5,0.3333333333333333,0.0,0.0,0,0,0.0,1173.93,1,1,1.0,5424.01,2,1,0.5,15029.78,6,1,0.16666666666666666,0
LGS2ORD0030894,C012295,2025-09-02 16:00:00,Other,39,Silver,CallCenter,Nakhon Ratchasima,1675,Lazada,COD,16,9,1,0,30-40,55.833333333333336,7.0,1.0,0.14285714285714285,20,32,6335.671428571429,0.3,0.7142857142857143,0.2857142857142857,0.0,0.0,0,0,0.0,0.0,0,0,0.0,1090.54,1,1,1.0,44349.700000000004,7,1,0.14285714285714285,0
LGS2ORD0030895,C012069,2025-09-02 16:00:00,Female,30,Silver,TV,Bangkok,1024,Web,Credit_Card,16,9,1,0,20-30,34.13333333333333,3.0,0.0,0.0,-1,28,1669.5666666666666,0.25,0.3333333333333333,0.3333333333333333,0.0,0.0,0,0,0.0,3834.04,1,0,0.0,4214.72,2,0,0.0,5008.7,3,0,0.0,0
LGS2ORD0030896,C017209,2025-09-02 16:00:00,Male,41,Silver,Shopee,Bangkok,1150,Lazada,COD,16,9,1,0,40-50,38.333333333333336,3.0,1.0,0.3333333333333333,200,39,12424.533333333333,0.3,0.3333333333333333,0.6666666666666666,0.0,0.0,0,0,0.0,0.0,0,0,0.0,35614.91,2,0,0.0,37273.6,3,1,0.3333333333333333,1
LGS2ORD0030897,C016727,2025-09-02 16:00:00,Female,33,Bronze,TV,Chonburi,1051,Web,Credit_Card,16,9,1,0,30-40,35.03333333333333,3.0,0.0,0.0,-1,78,4383.2266666666665,0.23,0.6666666666666666,0.6666666666666666,0.0,0.0,0,0,0.0,0.0,0,0,0.0,7401.72,1,0,0.0,13149.68,3,0,0.0,0
LGS2ORD0030898,C011141,2025-09-02 16:00:00,Male,35,Platinum,Web,Phuket,913,Web,COD,16,9,1,0,30-40,30.433333333333334,1.0,0.0,0.0,-1,168,4448.14,0.25,0.0,1.0,0.0,0.0,0,0,0.0,0.0,0,0,0.0,0.0,0,0,0.0,4448.14,1,0,0.0,0
LGS2ORD0030899,C010267,2025-09-02 17:00:00,Female,34,Bronze,Shopee,Remote_Area,363,CallCenter,Credit_Card,17,9,1,0,30-40,12.1,5.0,3.0,0.6,38,22,9435.878,0.23,1.0,0.6,0.0,0.0,0,0,0.0,35424.81,1,0,0.0,40354.5,3,2,0.6666666666666666,47179.39,5,3,0.6,1
LGS2ORD0030900,C013377,2025-09-02 17:00:00,Female,28,Bronze,CallCenter,Khon Kaen,1664,Web,Credit_Card,17,9,1,0,20-30,55.46666666666667,3.0,0.0,0.0,-1,4,4097.7733333333335,0.23,0.6666666666666666,0.3333333333333333,0.0,1231.21,1,0,0.0,1231.21,1,0,0.0,3949.53,2,0,0.0,12293.32,3,0,0.0,0
LGS2ORD0030901,C015595,2025-09-02 17:00:00,Female,30,Bronze,CallCenter,Bangkok,513,Web,Credit_Card,17,9,1,0,20-30,17.1,2.0,1.0,0.5,87,73,8269.065,0.18,1.0,0.0,0.0,0.0,0,0,0.0,0.0,0,0,0.0,3932.93,1,0,0.0,16538.13,2,1,0.5,0
LGS2ORD0030902,C013121,2025-09-02 17:00:00,Male,52,Silver,Shopee,Chonburi,397,TV_Show,COD,17,9,1,0,>50,13.233333333333333,7.0,1.0,0.14285714285714285,49,12,7282.932857142857,0.3,0.42857142857142855,0.5714285714285714,0.0,0.0,0,0,0.0,1051.25,1,0,0.0,17945.42,3,1,0.3333333333333333,50980.53,7,1,0.14285714285714285,0
LGS2ORD0030903,C015386,2025-09-02 17:00:00,Male,55,Bronze,TV,Bangkok,1585,Web,COD,17,9,1,0,>50,52.833333333333336,2.0,1.0,0.5,53,63,7738.33,0.23,0.5,0.5,0.0,0.0,0,0,0.0,0.0,0,0,0.0,5605.17,1,1,1.0,15476.66,2,1,0.5,0
LGS2ORD0030904,C011442,2025-09-02 18:00:00,Female,59,Silver,TV,Phuket,522,CallCenter,COD,18,9,1,0,>50,17.4,1.0,0.0,0.0,-1,160,1292.36,0.3,1.0,1.0,0.0,0.0,0,0,0.0,0.0,0,0,0.0,0.0,0,0,0.0,1292.36,1,0,0.0,1
LGS2ORD0030905,C011770,2025-09-02 18:00:00,Female,37,Bronze,Shopee,Bangkok,862,TV_Show,COD,18,9,1,0,30-40,28.733333333333334,2.0,1.0,0.5,185,42,4913.765,0.18,1.0,0.0,0.0,0.0,0,0,0.0,0.0,0,0,0.0,5752.81,1,0,0.0,9827.53,2,1,0.5,0
LGS2ORD0030906,C010471,2025-09-02 18:00:00,Female,56,Gold,TV,Nakhon Ratchasima,992,TV_Show,Credit_Card,18,9,1,0,>50,33.06666666666667,4.0,1.0,0.25,195,59,7909.6175,0.2299999999999999,0.75,0.5,0.0,0.0,0,0,0.0,0.0,0,0,0.0,16452.71,1,0,0.0,31638.47,4,1,0.25,0
LGS2ORD0030907,C017648,2025-09-02 18:00:00,Male,25,Platinum,Lazada,Nakhon Ratchasima,1316,Web,COD,18,9,1,0,20-30,43.86666666666667,5.0,1.0,0.2,100,56,3103.874,0.3,0.4,0.4,0.0,0.0,0,0,0.0,0.0,0,0,0.0,5934.14,1,0,0.0,15519.369999999999,5,1,0.2,1
LGS2ORD0030908,C014271,2025-09-02 18:00:00,Female,38,Bronze,Shopee,Chonburi,762,CallCenter,COD,18,9,1,0,30-40,25.4,7.0,1.0,0.14285714285714285,102,89,3097.217142857143,0.28,0.14285714285714285,0.14285714285714285,0.0,0.0,0,0,0.0,0.0,0,0,0.0,3780.52,1,0,0.0,21680.52,7,1,0.14285714285714285,0
LGS2ORD0030909,C017129,2025-09-02 18:00:00,Male,38,Platinum,CallCenter,Nakhon Ratchasima,790,CallCenter,COD,18,9,1,0,30-40,26.333333333333332,5.0,1.0,0.2,153,37,4238.632,0.35,0.6,0.6,0.0,0.0,0,0,0.0,0.0,0,0,0.0,10419.54,2,0,0.0,21193.16,5,1,0.2,0
LGS2ORD0030910,C012342,2025-09-02 19:00:00,Other,43,Platinum,Lazada,Bangkok,1392,Shopee,COD,19,9,1,0,40-50,46.4,5.0,0.0,0.0,-1,16,12689.594000000001,0.25,0.6,0.4,0.0,0.0,0,0,0.0,11231.15,1,0,0.0,38370.53,2,0,0.0,63447.97,5,0,0.0,0
LGS2ORD0030911,C010039,2025-09-02 19:00:00,Female,45,Silver,CallCenter,Bangkok,305,Shopee,Credit_Card,19,9,1,0,40-50,10.166666666666666,0.0,0.0,0.0,-1,-1,0.0,0.0,0.0,0.0,0.0,0.0,0,0,0.0,0.0,0,0,0.0,0.0,0,0,0.0,0.0,0,0,0.0,0
LGS2ORD0030912,C012913,2025-09-02 19:00:00,Male,19,Silver,Lazada,Bangkok,1178,CallCenter,PromptPay,19,9,1,0,<20,39.266666666666666,4.0,0.0,0.0,-1,71,4195.26,0.25,0.5,0.5,0.0,0.0,0,0,0.0,0.0,0,0,0.0,11555.09,2,0,0.0,16781.04,4,0,0.0,0
LGS2ORD0030913,C014076,2025-09-02 19:00:00,Female,31,Bronze,CallCenter,Bangkok,1155,CallCenter,COD,19,9,1,0,30-40,38.5,2.0,0.0,0.0,-1,17,5195.42,0.13,0.5,0.0,0.0,0.0,0,0,0.0,7628.03,1,0,0.0,7628.03,1,0,0.0,10390.84,2,0,0.0,0
LGS2ORD0030914,C014210,2025-09-02 19:00:00,Male,34,Bronze,Web,Remote_Area,737,Shopee,Credit_Card,19,9,1,0,30-40,24.566666666666666,10.0,2.0,0.2,79,88,4656.535,0.28,0.2,0.2,0.0,0.0,0,0,0.0,0.0,0,0,0.0,19240.72,1,0,0.0,46565.35,10,2,0.2,1
LGS2ORD0030915,C013248,2025-09-02 20:00:00,Female,54,Gold,Web,Songkhla,1381,Shopee,Bank_Transfer,20,9,1,0,>50,46.03333333333333,7.0,2.0,0.2857142857142857,102,107,2213.5642857142857,0.33,0.42857142857142855,0.5714285714285714,0.14285714285714285,0.0,0,0,0.0,0.0,0,0,0.0,0.0,0,0,0.0,15494.95,7,2,0.2857142857142857,0
LGS2ORD0030916,C014179,2025-09-02 20:00:00,Male,18,Silver,Lazada,Songkhla,555,Lazada,Bank_Transfer,20,9,1,0,<20,18.5,9.0,1.0,0.1111111111111111,140,46,9372.464444444446,0.25,0.4444444444444444,0.1111111111111111,0.0,0.0,0,0,0.0,0.0,0,0,0.0,16488.73,2,0,0.0,84352.18000000001,9,1,0.1111111111111111,0
LGS2ORD0030917,C011516,2025-09-02 20:00:00,Female,28,Bronze,TV,Nakhon Ratchasima,1550,Lazada,COD,20,9,1,0,20-30,51.666666666666664,7.0,2.0,0.2857142857142857,5,12,5408.879999999999,0.28,0.5714285714285714,0.2857142857142857,0.0,0.0,0,0,0.0,14543.95,2,1,0.5,29383.81,5,1,0.2,37862.159999999996,7,2,0.2857142857142857,1
LGS2ORD0030918,C011908,2025-09-02 20:00:00,Male,39,Platinum,CallCenter,Bangkok,625,Shopee,Credit_Card,20,9,1,0,30-40,20.833333333333332,4.0,0.0,0.0,-1,19,1401.88,0.35,0.5,0.5,0.0,0.0,0,0,0.0,1782.98,1,0,0.0,2857.5299999999997,2,0,0.0,5607.52,4,0,0.0,0
LGS2ORD0030919,C013668,2025-09-02 20:00:00,Female,41,Platinum,TV,Remote_Area,295,Web,COD,20,9,1,0,40-50,9.833333333333334,1.0,0.0,0.0,-1,33,23849.07,0.1,1.0,0.0,0.0,0.0,0,0,0.0,0.0,0,0,0.0,23849.07,1,0,0.0,23849.07,1,0,0.0,0
LGS2ORD0030920,C013961,2025-09-02 21:00:00,Female,46,Bronze,Shopee,Khon Kaen,1124,Lazada,COD,21,9,1,0,40-50,37.46666666666667,2.0,0.0,0.0,-1,90,4481.965,0.08,0.5,0.0,0.0,0.0,0,0,0.0,0.0,0,0,0.0,0.0,0,0,0.0,8963.93,2,0,0.0,0
LGS2ORD0030921,C012578,2025-09-02 21:00:00,Female,41,Bronze,Web,Chiang Mai,808,TV_Show,COD,21,9,1,0,40-50,26.933333333333334,7.0,1.0,0.14285714285714285,147,67,8191.887142857142,0.23,0.2857142857142857,0.14285714285714285,0.0,0.0,0,0,0.0,0.0,0,0,0.0,9302.05,1,0,0.0,57343.20999999999,7,1,0.14285714285714285,0
LGS2ORD0030922,C015256,2025-09-02 21:00:00,Male,25,Gold,Lazada,Chonburi,1137,Lazada,Bank_Transfer,21,9,1,0,20-30,37.9,3.0,0.0,0.0,-1,32,4448.96,0.13,0.6666666666666666,0.0,0.0,0.0,0,0,0.0,0.0,0,0,0.0,4034.38,1,0,0.0,13346.880000000001,3,0,0.0,0
LGS2ORD0030923,C015544,2025-09-02 21:00:00,Female,26,Silver,TV,Chonburi,1429,Shopee,PromptPay,21,9,1,0,20-30,47.63333333333333,1.0,0.0,0.0,-1,103,3763.57,0.05,0.0,0.0,0.0,0.0,0,0,0.0,0.0,0,0,0.0,0.0,0,0,0.0,3763.57,1,0,0.0,0
LGS2ORD0030924,C010308,2025-09-02 21:00:00,Female,53,Bronze,TV,Bangkok,1411,TV_Show,COD,21,9,1,0,>50,47.03333333333333,7.0,1.0,0.14285714285714285,66,76,4161.588571428571,0.28,0.5714285714285714,0.5714285714285714,0.0,0.0,0,0,0.0,0.0,0,0,0.0,8167.620000000001,2,1,0.5,29131.12,7,1,0.14285714285714285,0
LGS2ORD0030925,C017819,2025-09-02 22:00:00,Female,44,Bronze,Shopee,Bangkok,1157,Web,COD,22,9,1,0,40-50,38.56666666666667,5.0,0.0,0.0,-1,3,3231.784,0.23,0.6,0.4,0.0,1132.7,1,0,0.0,1132.7,1,0,0.0,9304.6,3,0,0.0,16158.92,5,0,0.0,0
LGS2ORD0030926,C015113,2025-09-02 22:00:00,Male,48,Silver,TV,Chiang Mai,1256,Lazada,COD,22,9,1,0,40-50,41.86666666666667,5.0,3.0,0.6,-6,4,4009.486,0.25,0.6,0.2,0.0,7651.91,1,1,1.0,7651.91,1,1,1.0,7651.91,1,1,1.0,20047.43,5,3,0.6,0
LGS2ORD0030927,C015938,2025-09-02 22:00:00,Female,18,Bronze,CallCenter,Bangkok,1054,TV_Show,COD,22,9,1,0,<20,35.13333333333333,1.0,0.0,0.0,-1,228,2574.42,0.08,0.0,0.0,0.0,0.0,0,0,0.0,0.0,0,0,0.0,0.0,0,0,0.0,2574.42,1,0,0.0,1
LGS2ORD0030928,C015310,2025-09-02 22:00:00,Female,38,Gold,Lazada,Chiang Mai,1280,Shopee,PromptPay,22,9,1,0,30-40,42.666666666666664,4.0,1.0,0.25,200,44,2275.27,0.33,0.5,0.5,0.0,0.0,0,0,0.0,0.0,0,0,0.0,694.28,1,0,0.0,9101.08,4,1,0.25,1
LGS2ORD0030929,C012004,2025-09-02 22:00:00,Male,50,Bronze,Lazada,Bangkok,711,TV_Show,PromptPay,22,9,1,0,40-50,23.7,3.0,1.0,0.3333333333333333,188,41,7118.8,0.18,0.3333333333333333,0.0,0.0,0.0,0,0,0.0,0.0,0,0,0.0,20109.71,2,0,0.0,21356.4,3,1,0.3333333333333333,0
LGS2ORD0030930,C013196,2025-09-02 22:00:00,Female,32,Silver,Lazada,Songkhla,826,Web,PromptPay,22,9,1,0,30-40,27.533333333333335,4.0,3.0,0.75,23,37,3799.5225,0.25,0.75,0.25,0.0,0.0,0,0,0.0,0.0,0,0,0.0,10811.16,1,1,1.0,15198.09,4,3,0.75,0
LGS2ORD0030931,C017876,2025-09-02 23:00:00,Female,18,Platinum,Web,Chonburi,1574,Web,COD,23,9,1,0,<20,52.46666666666667,2.0,0.0,0.0,-1,26,3467.4300000000003,0.25,0.5,0.5,0.0,0.0,0,0,0.0,3616.36,1,0,0.0,3616.36,1,0,0.0,6934.860000000001,2,0,0.0,1
LGS2ORD0030932,C010755,2025-09-02 23:00:00,Male,29,Gold,CallCenter,Bangkok,400,CallCenter,COD,23,9,1,0,20-30,13.333333333333334,1.0,0.0,0.0,-1,64,7580.7,0.13,1.0,0.0,0.0,0.0,0,0,0.0,0.0,0,0,0.0,7580.7,1,0,0.0,7580.7,1,0,0.0,0
LGS2ORD0030933,C010573,2025-09-02 23:00:00,Female,45,Bronze,TV,Khon Kaen,354,Shopee,COD,23,9,1,0,40-50,11.8,3.0,0.0,0.0,-1,17,5022.986666666667,0.28,0.6666666666666666,0.3333333333333333,0.0,0.0,0,0,0.0,5427.54,1,0,0.0,9224.36,2,0,0.0,15068.96,3,0,0.0,1
LGS2ORD0030934,C010766,2025-09-02 23:00:00,Female,42,Bronze,Shopee,Chiang Mai,838,TV_Show,COD,23,9,1,0,40-50,27.933333333333334,5.0,2.0,0.4,-5,7,5750.768,0.23,0.8,0.2,0.0,0.0,0,0,0.0,8334.99,2,1,0.5,8334.99,2,1,0.5,28753.84,5,2,0.4,1
LGS2ORD0030935,C013567,2025-09-02 23:00:00,Female,31,Bronze,Shopee,Bangkok,296,TV_Show,COD,23,9,1,0,30-40,9.866666666666667,3.0,1.0,0.3333333333333333,225,38,7535.966666666667,0.23,0.3333333333333333,0.3333333333333333,0.0,0.0,0,0,0.0,0.0,0,0,0.0,1788.97,1,0,0.0,22607.9,3,1,0.3333333333333333,0
LGS2ORD0030936,C011002,2025-09-03 00:00:00,Female,53,Gold,TV,Remote_Area,1192,Shopee,PromptPay,0,9,2,0,>50,39.733333333333334,6.0,3.0,0.5,92,106,2835.08,0.33,0.5,0.5,0.0,0.0,0,0,0.0,0.0,0,0,0.0,0.0,0,0,0.0,17010.48,6,3,0.5,0
LGS2ORD0030937,C015198,2025-09-03 00:00:00,Female,33,Bronze,Web,Chiang Mai,1144,Web,COD,0,9,2,0,30-40,38.13333333333333,3.0,1.0,0.3333333333333333,184,46,2074.3333333333335,0.23,1.0,0.3333333333333333,0.0,0.0,0,0,0.0,0.0,0,0,0.0,166.42,1,0,0.0,6223.0,3,1,0.3333333333333333,0
LGS2ORD0030938,C012378,2025-09-03 00:00:00,Female,59,Silver,Lazada,Chiang Mai,904,Web,COD,0,9,2,0,>50,30.133333333333333,6.0,1.0,0.16666666666666666,122,25,4553.79,0.3,0.3333333333333333,0.16666666666666666,0.0,0.0,0,0,0.0,15483.93,1,0,0.0,24262.43,4,0,0.0,27322.739999999998,6,1,0.16666666666666666,0
LGS2ORD0030939,C017525,2025-09-03 00:00:00,Male,41,Silver,CallCenter,Nakhon Ratchasima,1206,TV_Show,COD,0,9,2,0,40-50,40.2,4.0,1.0,0.25,-4,2,5931.3875,0.25,0.5,0.25,0.0,1587.41,1,1,1.0,1587.41,1,1,1.0,13165.55,3,1,0.3333333333333333,23725.55,4,1,0.25,0
LGS2ORD0030940,C010219,2025-09-03 00:00:00,Male,43,Bronze,Web,Bangkok,919,TV_Show,PromptPay,0,9,2,0,40-50,30.633333333333333,3.0,1.0,0.3333333333333333,55,67,4694.87,0.18,0.3333333333333333,0.0,0.0,0.0,0,0,0.0,0.0,0,0,0.0,2339.37,1,1,1.0,14084.61,3,1,0.3333333333333333,0
LGS2ORD0030941,C010406,2025-09-03 01:00:00,Male,49,Platinum,CallCenter,Phuket,288,Shopee,COD,1,9,2,0,40-50,9.6,5.0,3.0,0.6,24,37,5828.196,0.25,1.0,0.4,0.0,0.0,0,0,0.0,0.0,0,0,0.0,3592.8,2,1,0.5,29140.98,5,3,0.6,1
LGS2ORD0030942,C014917,2025-09-03 01:00:00,Female,56,Gold,TV,Songkhla,897,Web,PromptPay,1,9,2,0,>50,29.9,4.0,0.0,0.0,-1,31,7818.237499999999,0.28,0.5,0.5,0.0,0.0,0,0,0.0,0.0,0,0,0.0,11662.94,2,0,0.0,31272.949999999997,4,0,0.0,0
LGS2ORD0030943,C015960,2025-09-03 01:00:00,Male,49,Bronze,Shopee,Khon Kaen,472,Lazada,PromptPay,1,9,2,0,40-50,15.733333333333333,4.0,2.0,0.5,4,16,2462.1775000000002,0.28,0.5,0.75,0.0,0.0,0,0,0.0,1428.86,1,1,1.0,9398.84,3,2,0.6666666666666666,9848.710000000001,4,2,0.5,1
LGS2ORD0030944,C014105,2025-09-03 01:00:00,Female,52,Silver,TV,Bangkok,1076,Shopee,COD,1,9,2,0,>50,35.86666666666667,5.0,1.0,0.2,120,57,5953.186,0.3,0.4,0.6,0.0,0.0,0,0,0.0,0.0,0,0,0.0,2446.35,1,0,0.0,29765.929999999997,5,1,0.2,1
LGS2ORD0030945,C015266,2025-09-03 01:00:00,Male,52,Bronze,Lazada,Bangkok,811,Web,Credit_Card,1,9,2,0,>50,27.033333333333335,3.0,0.0,0.0,-1,41,2271.726666666667,0.08,0.3333333333333333,0.0,0.0,0.0,0,0,0.0,0.0,0,0,0.0,2904.18,1,0,0.0,6815.18,3,0,0.0,1
LGS2ORD0030946,C013593,2025-09-03 02:00:00,Male,71,Bronze,CallCenter,Phuket,1327,Shopee,PromptPay,2,9,2,0,>50,44.233333333333334,5.0,3.0,0.6,3,15,2877.188,0.28,0.6,0.4,0.0,0.0,0,0,0.0,1359.58,1,1,1.0,1735.85,2,1,0.5,14385.94,5,3,0.6,1
LGS2ORD0030947,C013408,2025-09-03 02:00:00,Male,58,Bronze,TV,Songkhla,1454,Web,COD,2,9,2,0,>50,48.46666666666667,6.0,1.0,0.16666666666666666,181,73,3514.49,0.28,0.16666666666666666,0.3333333333333333,0.0,0.0,0,0,0.0,0.0,0,0,0.0,1614.35,1,0,0.0,21086.94,6,1,0.16666666666666666,0
LGS2ORD0030948,C014807,2025-09-03 02:00:00,Male,62,Silver,Web,Khon Kaen,1008,Shopee,Credit_Card,2,9,2,0,>50,33.6,8.0,1.0,0.125,144,85,6340.4775,0.3,0.375,0.25,0.0,0.0,0,0,0.0,0.0,0,0,0.0,7749.68,2,0,0.0,50723.82,8,1,0.125,1
LGS2ORD0030949,C014277,2025-09-03 02:00:00,Female,39,Bronze,Shopee,Bangkok,720,Lazada,COD,2,9,2,0,30-40,24.0,0.0,0.0,0.0,-1,-1,0.0,0.0,0.0,0.0,0.0,0.0,0,0,0.0,0.0,0,0,0.0,0.0,0,0,0.0,0.0,0,0,0.0,0
LGS2ORD0030950,C013543,2025-09-03 02:00:00,Female,38,Gold,Shopee,Bangkok,1609,TV_Show,PromptPay,2,9,2,0,30-40,53.63333333333333,5.0,1.0,0.2,23,37,5333.389999999999,0.33,0.4,0.2,0.0,0.0,0,0,0.0,0.0,0,0,0.0,21100.089999999997,2,1,0.5,26666.949999999997,5,1,0.2,0
LGS2ORD0030951,C016199,2025-09-03 02:00:00,Female,51,Gold,Shopee,Nakhon Ratchasima,323,Lazada,Bank_Transfer,2,9,2,0,>50,10.766666666666667,6.0,0.0,0.0,-1,28,5800.301666666666,0.33,0.5,0.5,0.0,0.0,0,0,0.0,10646.14,1,0,0.0,10646.14,1,0,0.0,34801.81,6,0,0.0,0
LGS2ORD0030952,C017384,2025-09-03 03:00:00,Male,41,Silver,Shopee,Bangkok,1442,Web,Credit_Card,3,9,2,0,40-50,48.06666666666667,3.0,1.0,0.3333333333333333,77,43,6511.82,0.2,0.6666666666666666,0.0,0.0,0.0,0,0,0.0,0.0,0,0,0.0,11278.71,1,0,0.0,19535.46,3,1,0.3333333333333333,0
LGS2ORD0030953,C011929,2025-09-03 03:00:00,Female,63,Bronze,Lazada,Phuket,793,Lazada,COD,3,9,2,0,>50,26.433333333333334,1.0,1.0,1.0,96,111,9362.69,0.08,1.0,0.0,0.0,0.0,0,0,0.0,0.0,0,0,0.0,0.0,0,0,0.0,9362.69,1,1,1.0,0
LGS2ORD0030954,C015517,2025-09-03 03:00:00,Male,57,Gold,Shopee,Bangkok,1466,Shopee,Credit_Card,3,9,2,0,>50,48.86666666666667,5.0,2.0,0.4,93,24,1904.002,0.28,0.6,0.4,0.0,0.0,0,0,0.0,5277.22,1,0,0.0,5277.22,1,0,0.0,9520.01,5,2,0.4,0
LGS2ORD0030955,C015381,2025-09-03 03:00:00,Male,31,Bronze,TV,Nakhon Ratchasima,1516,TV_Show,COD,3,9,2,0,30-40,50.53333333333333,3.0,0.0,0.0,-1,132,2283.193333333333,0.18,0.3333333333333333,0.0,0.0,0.0,0,0,0.0,0.0,0,0,0.0,0.0,0,0,0.0,6849.58,3,0,0.0,0
LGS2ORD0030956,C017208,2025-09-03 03:00:00,Male,53,Silver,Shopee,Bangkok,780,TV_Show,PromptPay,3,9,2,0,>50,26.0,6.0,2.0,0.3333333333333333,39,52,13377.776666666667,0.25,0.8333333333333334,0.3333333333333333,0.0,0.0,0,0,0.0,0.0,0,0,0.0,55808.4,2,1,0.5,80266.66,6,2,0.3333333333333333,0
LGS2ORD0030957,C017220,2025-09-03 04:00:00,Female,57,Platinum,TV,Phuket,1566,Web,COD,4,9,2,0,>50,52.2,4.0,2.0,0.5,-1,8,6239.517500000001,0.3,0.25,0.25,0.0,0.0,0,0,0.0,2382.06,1,1,1.0,2382.06,1,1,1.0,24958.070000000003,4,2,0.5,0
LGS2ORD0030958,C015934,2025-09-03 04:00:00,Male,51,Gold,Shopee,Bangkok,1338,TV_Show,Credit_Card,4,9,2,0,>50,44.6,5.0,0.0,0.0,-1,3,7366.642,0.33,0.2,0.4,0.0,1219.11,1,0,0.0,1219.11,1,0,0.0,1219.11,1,0,0.0,36833.21,5,0,0.0,0
LGS2ORD0030959,C010181,2025-09-03 04:00:00,Male,51,Bronze,Shopee,Phuket,1249,Lazada,Credit_Card,4,9,2,0,>50,41.63333333333333,5.0,1.0,0.2,72,80,5280.212,0.28,0.8,0.4,0.0,0.0,0,0,0.0,0.0,0,0,0.0,10502.69,1,1,1.0,26401.06,5,1,0.2,0
LGS2ORD0030960,C010725,2025-09-03 04:00:00,Female,41,Gold,TV,Bangkok,1547,Lazada,PromptPay,4,9,2,0,40-50,51.56666666666667,5.0,0.0,0.0,-1,3,4268.34,0.2299999999999999,0.4,0.2,0.0,4047.59,1,0,0.0,4047.59,1,0,0.0,15259.68,3,0,0.0,21341.7,5,0,0.0,0
LGS2ORD0030961,C017922,2025-09-03 04:00:00,Male,42,Bronze,CallCenter,Khon Kaen,1097,Web,COD,4,9,2,0,40-50,36.56666666666667,10.0,3.0,0.3,2,16,3334.2079999999996,0.23,0.5,0.1,0.0,0.0,0,0,0.0,4124.44,1,1,1.0,12020.11,3,1,0.3333333333333333,33342.079999999994,10,3,0.3,0
LGS2ORD0030962,C012568,2025-09-03 05:00:00,Female,54,Bronze,Shopee,Khon Kaen,1114,Shopee,PromptPay,5,9,2,0,>50,37.13333333333333,5.0,3.0,0.6,118,128,2719.154,0.23,0.6,0.4,0.0,0.0,0,0,0.0,0.0,0,0,0.0,0.0,0,0,0.0,13595.77,5,3,0.6,0
LGS2ORD0030963,C016454,2025-09-03 05:00:00,Male,43,Gold,Web,Chiang Mai,412,Shopee,COD,5,9,2,0,40-50,13.733333333333333,1.0,0.0,0.0,-1,130,15092.04,0.13,0.0,0.0,0.0,0.0,0,0,0.0,0.0,0,0,0.0,0.0,0,0,0.0,15092.04,1,0,0.0,0
LGS2ORD0030964,C012674,2025-09-03 05:00:00,Female,50,Bronze,Web,Khon Kaen,941,Shopee,PromptPay,5,9,2,0,40-50,31.366666666666667,4.0,1.0,0.25,35,44,6336.24,0.28,0.25,0.25,0.0,0.0,0,0,0.0,0.0,0,0,0.0,13049.21,2,1,0.5,25344.96,4,1,0.25,0
LGS2ORD0030965,C011706,2025-09-03 05:00:00,Female,53,Silver,Web,Bangkok,1115,TV_Show,PromptPay,5,9,2,0,>50,37.166666666666664,4.0,1.0,0.25,141,141,3694.625,0.3,1.0,0.5,0.0,0.0,0,0,0.0,0.0,0,0,0.0,0.0,0,0,0.0,14778.5,4,1,0.25,0
LGS2ORD0030966,C013715,2025-09-03 05:00:00,Female,41,Silver,Shopee,Bangkok,403,Lazada,COD,5,9,2,0,40-50,13.433333333333334,7.0,2.0,0.2857142857142857,17,15,6104.925714285715,0.25,0.5714285714285714,0.14285714285714285,0.0,0.0,0,0,0.0,2550.3,2,1,0.5,2550.3,2,1,0.5,42734.48,7,2,0.2857142857142857,0
LGS2ORD0030967,C014059,2025-09-03 06:00:00,Male,31,Silver,Web,Bangkok,441,TV_Show,PromptPay,6,9,2,0,30-40,14.7,5.0,2.0,0.4,81,86,8531.408,0.25,0.6,0.4,0.0,0.0,0,0,0.0,0.0,0,0,0.0,13672.85,1,0,0.0,42657.03999999999,5,2,0.4,0
LGS2ORD0030968,C014994,2025-09-03 06:00:00,Male,63,Bronze,CallCenter,Khon Kaen,660,Lazada,COD,6,9,2,0,>50,22.0,3.0,1.0,0.3333333333333333,5,12,5402.5199999999995,0.28,0.0,0.3333333333333333,0.0,0.0,0,0,0.0,11702.14,2,1,0.5,11702.14,2,1,0.5,16207.56,3,1,0.3333333333333333,0
LGS2ORD0030969,C015940,2025-09-03 06:00:00,Female,32,Bronze,Shopee,Songkhla,1259,Lazada,COD,6,9,2,0,30-40,41.96666666666667,4.0,2.0,0.5,19,23,3351.7349999999997,0.28,0.5,0.25,0.0,0.0,0,0,0.0,4342.71,1,1,1.0,12697.68,3,2,0.6666666666666666,13406.939999999999,4,2,0.5,0
LGS2ORD0030970,C012590,2025-09-03 06:00:00,Female,59,Platinum,Shopee,Chiang Mai,727,TV_Show,Bank_Transfer,6,9,2,0,>50,24.233333333333334,8.0,3.0,0.375,113,44,9681.01125,0.3,0.5,0.25,0.0,0.0,0,0,0.0,0.0,0,0,0.0,61612.14,3,0,0.0,77448.09,8,3,0.375,0
LGS2ORD0030971,C010721,2025-09-03 06:00:00,Female,59,Bronze,TV,Remote_Area,680,TV_Show,Credit_Card,6,9,2,0,>50,22.666666666666668,1.0,1.0,1.0,115,120,1385.17,0.18,1.0,0.0,0.0,0.0,0,0,0.0,0.0,0,0,0.0,0.0,0,0,0.0,1385.17,1,1,1.0,0
LGS2ORD0030972,C011311,2025-09-03 06:00:00,Female,32,Bronze,TV,Songkhla,869,TV_Show,Credit_Card,6,9,2,0,30-40,28.966666666666665,4.0,1.0,0.25,203,189,2332.0674999999997,0.28,0.25,0.25,0.0,0.0,0,0,0.0,0.0,0,0,0.0,0.0,0,0,0.0,9328.269999999999,4,1,0.25,0
LGS2ORD0030973,C010896,2025-09-03 07:00:00,Female,58,Bronze,TV,Remote_Area,1625,Web,COD,7,9,2,0,>50,54.166666666666664,2.0,2.0,1.0,59,67,3937.55,0.28,0.5,0.5,0.0,0.0,0,0,0.0,0.0,0,0,0.0,7875.1,2,2,1.0,7875.1,2,2,1.0,0
LGS2ORD0030974,C013781,2025-09-03 07:00:00,Female,40,Bronze,TV,Remote_Area,901,Shopee,COD,7,9,2,0,30-40,30.033333333333335,3.0,0.0,0.0,-1,84,1450.3099999999997,0.18,0.6666666666666666,0.0,0.0,0.0,0,0,0.0,0.0,0,0,0.0,1432.11,1,0,0.0,4350.929999999999,3,0,0.0,1
LGS2ORD0030975,C017768,2025-09-03 07:00:00,Female,50,Platinum,Shopee,Bangkok,1502,Shopee,PromptPay,7,9,2,0,40-50,50.06666666666667,3.0,0.0,0.0,-1,44,14412.63,0.1,0.6666666666666666,0.0,0.0,0.0,0,0,0.0,0.0,0,0,0.0,4596.14,1,0,0.0,43237.89,3,0,0.0,0
LGS2ORD0030976,C012493,2025-09-03 07:00:00,Other,56,Bronze,Shopee,Chiang Mai,1058,TV_Show,Credit_Card,7,9,2,0,>50,35.266666666666666,8.0,4.0,0.5,27,12,4885.11625,0.23,1.0,0.125,0.0,0.0,0,0,0.0,7122.95,1,0,0.0,30227.99,4,2,0.5,39080.93,8,4,0.5,0
LGS2ORD0030977,C015457,2025-09-03 07:00:00,Female,37,Bronze,TV,Khon Kaen,681,Lazada,COD,7,9,2,0,30-40,22.7,4.0,2.0,0.5,64,76,3568.0375000000004,0.23,0.75,0.25,0.0,0.0,0,0,0.0,0.0,0,0,0.0,8068.63,1,1,1.0,14272.150000000001,4,2,0.5,0
LGS2ORD0030978,C015436,2025-09-03 08:00:00,Male,44,Silver,Lazada,Nakhon Ratchasima,1189,Web,COD,8,9,2,0,40-50,39.63333333333333,6.0,2.0,0.3333333333333333,5,14,5202.748333333334,0.3,0.6666666666666666,0.6666666666666666,0.0,0.0,0,0,0.0,304.08,1,1,1.0,4922.42,3,2,0.6666666666666666,31216.49,6,2,0.3333333333333333,0
LGS2ORD0030979,C011166,2025-09-03 08:00:00,Male,46,Platinum,CallCenter,Bangkok,814,TV_Show,COD,8,9,2,0,40-50,27.133333333333333,1.0,0.0,0.0,-1,226,845.93,0.1,1.0,0.0,0.0,0.0,0,0,0.0,0.0,0,0,0.0,0.0,0,0,0.0,845.93,1,0,0.0,0
LGS2ORD0030980,C011148,2025-09-03 08:00:00,Male,28,Silver,Lazada,Nakhon Ratchasima,1467,Web,COD,8,9,2,0,20-30,48.9,4.0,0.0,0.0,-1,32,6516.205000000001,0.3,0.25,0.5,0.0,0.0,0,0,0.0,0.0,0,0,0.0,401.46,1,0,0.0,26064.820000000003,4,0,0.0,0
LGS2ORD0030981,C016483,2025-09-03 08:00:00,Other,59,Bronze,Shopee,Phuket,311,Lazada,COD,8,9,2,0,>50,10.366666666666667,7.0,4.0,0.5714285714285714,-5,8,6143.337142857143,0.28,0.8571428571428571,0.5714285714285714,0.0,0.0,0,0,0.0,1288.76,1,1,1.0,2763.69,2,2,1.0,43003.36,7,4,0.5714285714285714,1
LGS2ORD0030982,C010214,2025-09-03 08:00:00,Male,44,Silver,Web,Nakhon Ratchasima,781,TV_Show,COD,8,9,2,0,40-50,26.033333333333335,4.0,2.0,0.5,130,119,8350.205,0.3,0.25,0.25,0.0,0.0,0,0,0.0,0.0,0,0,0.0,0.0,0,0,0.0,33400.82,4,2,0.5,1
LGS2ORD0030983,C016693,2025-09-03 09:00:00,Male,45,Platinum,Lazada,Bangkok,1625,Web,Credit_Card,9,9,2,0,40-50,54.166666666666664,6.0,1.0,0.16666666666666666,-6,5,3655.8650000000002,0.25,0.3333333333333333,0.3333333333333333,0.0,8923.44,1,1,1.0,8923.44,1,1,1.0,14035.78,3,1,0.3333333333333333,21935.190000000002,6,1,0.16666666666666666,0
LGS2ORD0030984,C011465,2025-09-03 09:00:00,Female,69,Silver,Web,Phuket,449,Shopee,Bank_Transfer,9,9,2,0,>50,14.966666666666667,2.0,0.0,0.0,-1,133,10365.695,0.2,0.0,0.0,0.0,0.0,0,0,0.0,0.0,0,0,0.0,0.0,0,0,0.0,20731.39,2,0,0.0,1
LGS2ORD0030985,C011746,2025-09-03 09:00:00,Other,27,Gold,Shopee,Bangkok,836,CallCenter,PromptPay,9,9,2,0,20-30,27.866666666666667,6.0,1.0,0.16666666666666666,8,15,6737.256666666667,0.28,0.6666666666666666,0.16666666666666666,0.0,0.0,0,0,0.0,1841.2,1,1,1.0,1841.2,1,1,1.0,40423.54,6,1,0.16666666666666666,0
LGS2ORD0030986,C012649,2025-09-03 09:00:00,Male,44,Bronze,Lazada,Bangkok,1465,Shopee,COD,9,9,2,0,40-50,48.833333333333336,8.0,2.0,0.25,67,59,6752.08375,0.28,0.625,0.75,0.0,0.0,0,0,0.0,0.0,0,0,0.0,8799.119999999999,2,1,0.5,54016.67,8,2,0.25,0
LGS2ORD0030987,C013916,2025-09-03 09:00:00,Male,26,Gold,CallCenter,Bangkok,1030,Lazada,Bank_Transfer,9,9,2,0,20-30,34.333333333333336,4.0,1.0,0.25,20,31,5610.505,0.33,0.5,0.75,0.0,0.0,0,0,0.0,0.0,0,0,0.0,21715.26,3,1,0.3333333333333333,22442.02,4,1,0.25,0
LGS2ORD0030988,C013684,2025-09-03 10:00:00,Male,31,Bronze,Shopee,Bangkok,1319,Shopee,COD,10,9,2,0,30-40,43.96666666666667,2.0,1.0,0.5,156,82,5064.23,0.13,1.0,0.0,0.0,0.0,0,0,0.0,0.0,0,0,0.0,2164.24,1,0,0.0,10128.46,2,1,0.5,1
LGS2ORD0030989,C017838,2025-09-03 10:00:00,Female,52,Bronze,Shopee,Chiang Mai,325,CallCenter,COD,10,9,2,0,>50,10.833333333333334,1.0,0.0,0.0,-1,219,9452.75,0.13,0.0,0.0,0.0,0.0,0,0,0.0,0.0,0,0,0.0,0.0,0,0,0.0,9452.75,1,0,0.0,0
LGS2ORD0030990,C011817,2025-09-03 10:00:00,Male,38,Bronze,Shopee,Bangkok,1312,CallCenter,COD,10,9,2,0,30-40,43.733333333333334,2.0,0.0,0.0,-1,51,7751.4400000000005,0.18,0.0,0.0,0.0,0.0,0,0,0.0,0.0,0,0,0.0,12818.29,1,0,0.0,15502.880000000001,2,0,0.0,1
LGS2ORD0030991,C011210,2025-09-03 10:00:00,Other,35,Bronze,TV,Songkhla,627,Lazada,COD,10,9,2,0,30-40,20.9,3.0,1.0,0.3333333333333333,15,22,5277.643333333333,0.18,0.6666666666666666,0.0,0.0,0.0,0,0,0.0,4798.24,1,1,1.0,4798.24,1,1,1.0,15832.93,3,1,0.3333333333333333,0
LGS2ORD0030992,C017656,2025-09-03 10:00:00,Male,59,Bronze,TV,Nakhon Ratchasima,1650,Web,COD,10,9,2,0,>50,55.0,3.0,0.0,0.0,-1,9,2206.9333333333334,0.28,1.0,0.3333333333333333,0.0,0.0,0,0,0.0,1839.17,1,0,0.0,3941.65,2,0,0.0,6620.8,3,0,0.0,1
LGS2ORD0030993,C015512,2025-09-03 10:00:00,Female,66,Gold,Lazada,Songkhla,914,Shopee,COD,10,9,2,0,>50,30.466666666666665,4.0,0.0,0.0,-1,55,2406.5674999999997,0.33,0.5,0.5,0.0,0.0,0,0,0.0,0.0,0,0,0.0,1640.59,1,0,0.0,9626.269999999999,4,0,0.0,0
LGS2ORD0030994,C011757,2025-09-03 11:00:00,Male,28,Silver,Lazada,Bangkok,1113,TV_Show,COD,11,9,2,0,20-30,37.1,2.0,0.0,0.0,-1,70,4404.71,0.2,0.0,0.0,0.0,0.0,0,0,0.0,0.0,0,0,0.0,3696.83,1,0,0.0,8809.42,2,0,0.0,0
LGS2ORD0030995,C013961,2025-09-03 11:00:00,Female,46,Bronze,Shopee,Khon Kaen,1125,Lazada,Credit_Card,11,9,2,0,40-50,37.5,3.0,0.0,0.0,-1,0,8448.083333333334,0.18,0.6666666666666666,0.0,0.0,16380.32,1,0,0.0,16380.32,1,0,0.0,16380.32,1,0,0.0,25344.25,3,0,0.0,0
LGS2ORD0030996,C012962,2025-09-03 11:00:00,Male,35,Gold,Web,Khon Kaen,1056,TV_Show,COD,11,9,2,0,30-40,35.2,4.0,2.0,0.5,108,93,11196.7575,0.13,0.25,0.0,0.0,0.0,0,0,0.0,0.0,0,0,0.0,0.0,0,0,0.0,44787.03,4,2,0.5,0
LGS2ORD0030997,C015887,2025-09-03 11:00:00,Female,47,Silver,Lazada,Bangkok,323,CallCenter,Credit_Card,11,9,2,0,40-50,10.766666666666667,10.0,2.0,0.2,43,3,9407.808,0.25,0.6,0.3,0.0,1225.41,1,0,0.0,12639.23,3,0,0.0,34994.92,6,1,0.16666666666666666,94078.08000000002,10,2,0.2,1
LGS2ORD0030998,C015287,2025-09-03 11:00:00,Female,28,Silver,TV,Phuket,1124,CallCenter,Credit_Card,11,9,2,0,20-30,37.46666666666667,7.0,1.0,0.14285714285714285,2,6,7333.5257142857145,0.15,0.42857142857142855,0.0,0.0,1249.95,1,0,0.0,2968.0699999999997,2,1,0.5,37289.409999999996,5,1,0.2,51334.68,7,1,0.14285714285714285,1
LGS2ORD0030999,C017599,2025-09-03 12:00:00,Other,48,Gold,Lazada,Bangkok,1370,Shopee,COD,12,9,2,0,40-50,45.666666666666664,3.0,0.0,0.0,-1,145,1605.2299999999998,0.18,0.0,0.0,0.0,0.0,0,0,0.0,0.0,0,0,0.0,0.0,0,0,0.0,4815.69,3,0,0.0,1
LGS2ORD0031000,C014288,2025-09-03 12:00:00,Female,58,Gold,Shopee,Remote_Area,1385,TV_Show,Bank_Transfer,12,9,2,0,>50,46.166666666666664,7.0,1.0,0.14285714285714285,30,25,5780.232857142858,0.28,0.42857142857142855,0.5714285714285714,0.0,0.0,0,0,0.0,5079.65,1,0,0.0,5618.79,2,1,0.5,40461.630000000005,7,1,0.14285714285714285,0
LGS2ORD0031001,C012755,2025-09-03 12:00:00,Female,35,Bronze,Shopee,Bangkok,1430,Lazada,COD,12,9,2,0,30-40,47.666666666666664,1.0,0.0,0.0,-1,176,12529.81,0.18,0.0,0.0,0.0,0.0,0,0,0.0,0.0,0,0,0.0,0.0,0,0,0.0,12529.81,1,0,0.0,0
LGS2ORD0031002,C012605,2025-09-03 12:00:00,Female,29,Platinum,TV,Khon Kaen,1361,TV_Show,COD,12,9,2,0,20-30,45.36666666666667,1.0,0.0,0.0,-1,148,8452.76,0.1,0.0,0.0,0.0,0.0,0,0,0.0,0.0,0,0,0.0,0.0,0,0,0.0,8452.76,1,0,0.0,0
LGS2ORD0031003,C016921,2025-09-03 12:00:00,Male,33,Gold,Web,Bangkok,1121,Lazada,COD,12,9,2,0,30-40,37.36666666666667,2.0,0.0,0.0,-1,111,2995.8900000000003,0.33,0.5,1.0,0.0,0.0,0,0,0.0,0.0,0,0,0.0,0.0,0,0,0.0,5991.780000000001,2,0,0.0,0
LGS2ORD0031004,C015412,2025-09-03 13:00:00,Male,39,Silver,Shopee,Nakhon Ratchasima,720,Shopee,Credit_Card,13,9,2,0,30-40,24.0,9.0,3.0,0.3333333333333333,4,21,8220.4,0.25,0.5555555555555556,0.2222222222222222,0.0,0.0,0,0,0.0,888.95,1,1,1.0,48927.35,3,1,0.3333333333333333,73983.59999999999,9,3,0.3333333333333333,0
LGS2ORD0031005,C014103,2025-09-03 13:00:00,Female,54,Gold,Lazada,Chonburi,1637,Lazada,COD,13,9,2,0,>50,54.56666666666667,2.0,0.0,0.0,-1,72,8231.58,0.13,1.0,0.0,0.0,0.0,0,0,0.0,0.0,0,0,0.0,5340.64,1,0,0.0,16463.16,2,0,0.0,0
LGS2ORD0031006,C015054,2025-09-03 13:00:00,Female,36,Bronze,Web,Khon Kaen,1540,TV_Show,COD,13,9,2,0,30-40,51.333333333333336,2.0,0.0,0.0,-1,54,3568.105,0.08,1.0,0.0,0.0,0.0,0,0,0.0,0.0,0,0,0.0,355.65,1,0,0.0,7136.21,2,0,0.0,1
LGS2ORD0031007,C013788,2025-09-03 13:00:00,Female,45,Bronze,TV,Songkhla,738,Shopee,Credit_Card,13,9,2,0,40-50,24.6,2.0,0.0,0.0,-1,126,582.865,0.18,0.5,0.0,0.0,0.0,0,0,0.0,0.0,0,0,0.0,0.0,0,0,0.0,1165.73,2,0,0.0,1
LGS2ORD0031008,C010396,2025-09-03 13:00:00,Female,40,Bronze,Shopee,Phuket,811,TV_Show,Credit_Card,13,9,2,0,30-40,27.033333333333335,7.0,4.0,0.5714285714285714,11,26,2420.318571428572,0.28,0.7142857142857143,0.5714285714285714,0.0,0.0,0,0,0.0,1969.25,1,1,1.0,1969.25,1,1,1.0,16942.230000000003,7,4,0.5714285714285714,0
LGS2ORD0031009,C017204,2025-09-03 13:00:00,Female,45,Bronze,Lazada,Chonburi,540,Web,Credit_Card,13,9,2,0,40-50,18.0,9.0,2.0,0.2222222222222222,2,17,3972.725555555556,0.28,0.5555555555555556,0.2222222222222222,0.0,0.0,0,0,0.0,6568.05,1,1,1.0,16725.07,3,1,0.3333333333333333,35754.530000000006,9,2,0.2222222222222222,0
LGS2ORD0031010,C015703,2025-09-03 14:00:00,Female,32,Silver,TV,Nakhon Ratchasima,786,Web,Bank_Transfer,14,9,2,0,30-40,26.2,4.0,1.0,0.25,85,7,2655.48,0.3,1.0,0.25,0.0,0.0,0,0,0.0,2359.19,1,0,0.0,9276.83,3,0,0.0,10621.92,4,1,0.25,0
LGS2ORD0031011,C016892,2025-09-03 14:00:00,Male,62,Bronze,TV,Songkhla,1537,Lazada,PromptPay,14,9,2,0,>50,51.233333333333334,3.0,1.0,0.3333333333333333,142,107,3396.5866666666666,0.23,0.6666666666666666,0.6666666666666666,0.0,0.0,0,0,0.0,0.0,0,0,0.0,0.0,0,0,0.0,10189.76,3,1,0.3333333333333333,0
LGS2ORD0031012,C015268,2025-09-03 14:00:00,Female,32,Silver,Lazada,Bangkok,358,TV_Show,COD,14,9,2,0,30-40,11.933333333333334,0.0,0.0,0.0,-1,-1,0.0,0.0,0.0,0.0,0.0,0.0,0,0,0.0,0.0,0,0,0.0,0.0,0,0,0.0,0.0,0,0,0.0,0
LGS2ORD0031013,C015610,2025-09-03 14:00:00,Male,52,Platinum,Shopee,Chonburi,629,Shopee,Credit_Card,14,9,2,0,>50,20.966666666666665,2.0,0.0,0.0,-1,60,1713.175,0.3,0.0,0.5,0.0,0.0,0,0,0.0,0.0,0,0,0.0,2379.41,1,0,0.0,3426.35,2,0,0.0,0
LGS2ORD0031014,C015023,2025-09-03 14:00:00,Female,56,Bronze,Shopee,Chiang Mai,1040,Web,COD,14,9,2,0,>50,34.666666666666664,1.0,0.0,0.0,-1,97,473.26,0.18,0.0,0.0,0.0,0.0,0,0,0.0,0.0,0,0,0.0,0.0,0,0,0.0,473.26,1,0,0.0,0
LGS2ORD0031015,C016590,2025-09-03 15:00:00,Male,50,Platinum,Lazada,Chonburi,835,Shopee,COD,15,9,2,0,40-50,27.833333333333332,6.0,1.0,0.16666666666666666,123,30,16584.903333333332,0.3,0.3333333333333333,0.16666666666666666,0.0,0.0,0,0,0.0,0.0,0,0,0.0,34262.31,2,0,0.0,99509.42,6,1,0.16666666666666666,0
LGS2ORD0031016,C015894,2025-09-03 15:00:00,Male,41,Bronze,TV,Remote_Area,1210,Shopee,COD,15,9,2,0,40-50,40.333333333333336,4.0,1.0,0.25,188,16,4771.514999999999,0.18,0.5,0.0,0.0,0.0,0,0,0.0,7955.73,1,0,0.0,8751.4,2,0,0.0,19086.059999999998,4,1,0.25,1
LGS2ORD0031017,C017403,2025-09-03 15:00:00,Female,72,Silver,CallCenter,Chiang Mai,1392,TV_Show,Credit_Card,15,9,2,0,>50,46.4,3.0,0.0,0.0,-1,45,6164.673333333332,0.25,0.0,0.3333333333333333,0.0,0.0,0,0,0.0,0.0,0,0,0.0,16724.059999999998,2,0,0.0,18494.019999999997,3,0,0.0,0
LGS2ORD0031018,C011343,2025-09-03 15:00:00,Male,45,Gold,CallCenter,Phuket,1580,Web,Credit_Card,15,9,2,0,40-50,52.666666666666664,1.0,0.0,0.0,-1,171,2336.74,0.13,1.0,0.0,0.0,0.0,0,0,0.0,0.0,0,0,0.0,0.0,0,0,0.0,2336.74,1,0,0.0,0
LGS2ORD0031019,C012006,2025-09-03 15:00:00,Female,33,Gold,Lazada,Bangkok,1315,Web,COD,15,9,2,0,30-40,43.833333333333336,4.0,0.0,0.0,-1,2,8867.795,0.28,0.25,0.5,0.0,13725.05,1,0,0.0,13725.05,1,0,0.0,23232.64,2,0,0.0,35471.18,4,0,0.0,0
LGS2ORD0031020,C013106,2025-09-03 16:00:00,Male,28,Bronze,TV,Nakhon Ratchasima,270,Lazada,Credit_Card,16,9,2,0,20-30,9.0,7.0,2.0,0.2857142857142857,98,41,4798.175714285714,0.23,0.5714285714285714,0.42857142857142855,0.14285714285714285,0.0,0,0,0.0,0.0,0,0,0.0,1075.01,2,0,0.0,33587.229999999996,7,2,0.2857142857142857,0
LGS2ORD0031021,C012379,2025-09-03 16:00:00,Female,42,Silver,Shopee,Phuket,1056,Lazada,Bank_Transfer,16,9,2,0,40-50,35.2,3.0,1.0,0.3333333333333333,233,33,720.4566666666666,0.25,0.3333333333333333,0.3333333333333333,0.0,0.0,0,0,0.0,0.0,0,0,0.0,1424.3700000000001,2,0,0.0,2161.37,3,1,0.3333333333333333,1
LGS2ORD0031022,C016107,2025-09-03 16:00:00,Male,40,Platinum,Lazada,Chiang Mai,1331,TV_Show,COD,16,9,2,0,30-40,44.36666666666667,3.0,1.0,0.3333333333333333,194,74,4264.096666666667,0.35,0.3333333333333333,0.6666666666666666,0.0,0.0,0,0,0.0,0.0,0,0,0.0,1432.46,1,0,0.0,12792.29,3,1,0.3333333333333333,0
LGS2ORD0031023,C011891,2025-09-03 16:00:00,Female,21,Bronze,Web,Bangkok,1288,Lazada,COD,16,9,2,0,20-30,42.93333333333333,6.0,1.0,0.16666666666666666,125,15,5341.246666666667,0.28,0.3333333333333333,0.3333333333333333,0.0,0.0,0,0,0.0,7978.22,1,0,0.0,9500.92,2,0,0.0,32047.48,6,1,0.16666666666666666,0
LGS2ORD0031024,C016914,2025-09-03 16:00:00,Female,39,Bronze,Shopee,Phuket,1558,TV_Show,COD,16,9,2,0,30-40,51.93333333333333,10.0,4.0,0.4,77,27,8148.286,0.28,0.5,0.2,0.0,0.0,0,0,0.0,2855.66,1,0,0.0,52316.95999999999,3,0,0.0,81482.86,10,4,0.4,0
LGS2ORD0031025,C014699,2025-09-03 17:00:00,Male,34,Bronze,Web,Chiang Mai,493,TV_Show,COD,17,9,2,0,30-40,16.433333333333334,4.0,2.0,0.5,167,102,9163.574999999999,0.28,0.5,0.5,0.0,0.0,0,0,0.0,0.0,0,0,0.0,0.0,0,0,0.0,36654.299999999996,4,2,0.5,0
LGS2ORD0031026,C013723,2025-09-03 17:00:00,Male,23,Bronze,TV,Songkhla,673,CallCenter,COD,17,9,2,0,20-30,22.433333333333334,9.0,2.0,0.2222222222222222,53,7,4153.433333333333,0.28,0.4444444444444444,0.2222222222222222,0.0,0.0,0,0,0.0,1326.01,1,0,0.0,6468.98,4,1,0.25,37380.9,9,2,0.2222222222222222,0
LGS2ORD0031027,C013634,2025-09-03 17:00:00,Female,50,Gold,Shopee,Nakhon Ratchasima,764,Web,COD,17,9,2,0,40-50,25.466666666666665,3.0,1.0,0.3333333333333333,178,10,2689.0366666666664,0.28,0.3333333333333333,0.3333333333333333,0.0,0.0,0,0,0.0,878.61,1,0,0.0,6409.36,2,0,0.0,8067.11,3,1,0.3333333333333333,0
LGS2ORD0031028,C016095,2025-09-03 17:00:00,Male,53,Gold,CallCenter,Nakhon Ratchasima,902,CallCenter,Credit_Card,17,9,2,0,>50,30.066666666666666,0.0,0.0,0.0,-1,-1,0.0,0.0,0.0,0.0,0.0,0.0,0,0,0.0,0.0,0,0,0.0,0.0,0,0,0.0,0.0,0,0,0.0,0
LGS2ORD0031029,C017281,2025-09-03 17:00:00,Female,51,Silver,Web,Chonburi,1699,Web,Credit_Card,17,9,2,0,>50,56.63333333333333,5.0,2.0,0.4,7,20,4357.32,0.3,0.2,0.4,0.0,0.0,0,0,0.0,15892.759999999998,3,2,0.6666666666666666,17400.84,4,2,0.5,21786.6,5,2,0.4,0
LGS2ORD0031030,C010097,2025-09-03 17:00:00,Male,39,Silver,Lazada,Chonburi,1628,CallCenter,PromptPay,17,9,2,0,30-40,54.266666666666666,5.0,0.0,0.0,-1,43,4299.566,0.3,0.2,0.4,0.0,0.0,0,0,0.0,0.0,0,0,0.0,12077.93,3,0,0.0,21497.829999999998,5,0,0.0,0
LGS2ORD0031031,C014012,2025-09-03 18:00:00,Female,67,Bronze,CallCenter,Remote_Area,747,CallCenter,Credit_Card,18,9,2,0,>50,24.9,3.0,0.0,0.0,-1,48,3971.8799999999997,0.08,0.3333333333333333,0.0,0.0,0.0,0,0,0.0,0.0,0,0,0.0,1978.88,1,0,0.0,11915.64,3,0,0.0,0
LGS2ORD0031032,C014791,2025-09-03 18:00:00,Male,26,Bronze,Lazada,Remote_Area,878,TV_Show,PromptPay,18,9,2,0,20-30,29.266666666666666,7.0,3.0,0.42857142857142855,-1,4,11893.83857142857,0.23,0.7142857142857143,0.14285714285714285,0.0,53497.86,1,1,1.0,61946.29,2,1,0.5,64691.43,4,2,0.5,83256.87,7,3,0.42857142857142855,0
LGS2ORD0031033,C011199,2025-09-03 18:00:00,Male,47,Gold,Lazada,Bangkok,1124,Web,Credit_Card,18,9,2,0,40-50,37.46666666666667,5.0,1.0,0.2,-1,12,3029.23,0.33,0.4,0.4,0.0,0.0,0,0,0.0,4602.4400000000005,2,1,0.5,12513.26,3,1,0.3333333333333333,15146.15,5,1,0.2,0
LGS2ORD0031034,C016653,2025-09-03 18:00:00,Female,38,Bronze,CallCenter,Songkhla,352,TV_Show,Credit_Card,18,9,2,0,30-40,11.733333333333333,6.0,0.0,0.0,-1,12,6941.995000000002,0.28,0.3333333333333333,0.16666666666666666,0.0,0.0,0,0,0.0,3008.58,1,0,0.0,3008.58,1,0,0.0,41651.97000000001,6,0,0.0,1
LGS2ORD0031035,C012021,2025-09-03 18:00:00,Male,41,Gold,Web,Songkhla,1211,Shopee,Credit_Card,18,9,2,0,40-50,40.36666666666667,2.0,0.0,0.0,-1,83,4884.575,0.2299999999999999,0.5,0.5,0.0,0.0,0,0,0.0,0.0,0,0,0.0,7169.51,1,0,0.0,9769.15,2,0,0.0,0
LGS2ORD0031036,C012031,2025-09-03 19:00:00,Female,27,Silver,Web,Khon Kaen,1061,Lazada,Credit_Card,19,9,2,0,20-30,35.36666666666667,7.0,1.0,0.14285714285714285,31,24,5300.297142857143,0.25,0.5714285714285714,0.14285714285714285,0.0,0.0,0,0,0.0,25130.88,1,0,0.0,29630.78,3,1,0.3333333333333333,37102.08,7,1,0.14285714285714285,0
LGS2ORD0031037,C015185,2025-09-03 19:00:00,Female,50,Gold,TV,Chonburi,566,CallCenter,COD,19,9,2,0,40-50,18.866666666666667,5.0,2.0,0.4,134,103,2517.964,0.28,0.6,0.8,0.0,0.0,0,0,0.0,0.0,0,0,0.0,0.0,0,0,0.0,12589.82,5,2,0.4,0
LGS2ORD0031038,C011041,2025-09-03 19:00:00,Female,46,Bronze,CallCenter,Bangkok,1039,CallCenter,Bank_Transfer,19,9,2,0,40-50,34.63333333333333,9.0,1.0,0.1111111111111111,46,5,5319.044444444445,0.28,0.8888888888888888,0.2222222222222222,0.0,8912.58,1,0,0.0,8912.58,1,0,0.0,17989.07,3,1,0.3333333333333333,47871.4,9,1,0.1111111111111111,0
LGS2ORD0031039,C016394,2025-09-03 19:00:00,Male,34,Silver,Web,Remote_Area,1244,Web,PromptPay,19,9,2,0,30-40,41.46666666666667,4.0,1.0,0.25,223,112,5438.4525,0.25,0.25,0.25,0.0,0.0,0,0,0.0,0.0,0,0,0.0,0.0,0,0,0.0,21753.81,4,1,0.25,0
LGS2ORD0031040,C012763,2025-09-03 19:00:00,Male,27,Bronze,Web,Chonburi,1037,Lazada,COD,19,9,2,0,20-30,34.56666666666667,3.0,0.0,0.0,-1,24,3094.8700000000003,0.08,0.0,0.0,0.0,0.0,0,0,0.0,3657.52,1,0,0.0,3657.52,1,0,0.0,9284.61,3,0,0.0,1
LGS2ORD0031041,C010633,2025-09-03 20:00:00,Male,38,Bronze,Lazada,Remote_Area,392,CallCenter,Bank_Transfer,20,9,2,0,30-40,13.066666666666666,2.0,1.0,0.5,161,51,1608.63,0.28,1.0,0.5,0.0,0.0,0,0,0.0,0.0,0,0,0.0,2051.09,1,0,0.0,3217.26,2,1,0.5,1
LGS2ORD0031042,C011616,2025-09-03 20:00:00,Male,57,Silver,Shopee,Remote_Area,582,CallCenter,COD,20,9,2,0,>50,19.4,3.0,0.0,0.0,-1,14,2139.233333333333,0.2,1.0,0.0,0.0,0.0,0,0,0.0,2744.46,1,0,0.0,3996.2799999999997,2,0,0.0,6417.7,3,0,0.0,1
LGS2ORD0031043,C015062,2025-09-03 20:00:00,Female,34,Silver,TV,Nakhon Ratchasima,1089,CallCenter,Credit_Card,20,9,2,0,30-40,36.3,8.0,4.0,0.5,3,11,6182.3125,0.2,0.625,0.0,0.0,0.0,0,0,0.0,7885.139999999999,2,1,0.5,15714.49,4,1,0.25,49458.5,8,4,0.5,0
LGS2ORD0031044,C015238,2025-09-03 20:00:00,Female,23,Platinum,Web,Remote_Area,813,Lazada,COD,20,9,2,0,20-30,27.1,1.0,0.0,0.0,-1,153,678.75,0.3,0.0,1.0,0.0,0.0,0,0,0.0,0.0,0,0,0.0,0.0,0,0,0.0,678.75,1,0,0.0,1
LGS2ORD0031045,C015896,2025-09-03 20:00:00,Male,26,Bronze,CallCenter,Chonburi,301,TV_Show,Bank_Transfer,20,9,2,0,20-30,10.033333333333333,6.0,3.0,0.5,61,32,4020.8700000000003,0.18,0.3333333333333333,0.0,0.0,0.0,0,0,0.0,0.0,0,0,0.0,11440.88,2,1,0.5,24125.22,6,3,0.5,0
LGS2ORD0031046,C011887,2025-09-03 21:00:00,Female,56,Gold,CallCenter,Bangkok,1381,Shopee,Credit_Card,21,9,2,0,>50,46.03333333333333,6.0,2.0,0.3333333333333333,22,30,8487.598333333333,0.33,0.5,0.5,0.0,0.0,0,0,0.0,0.0,0,0,0.0,16764.38,2,1,0.5,50925.59,6,2,0.3333333333333333,0
LGS2ORD0031047,C010046,2025-09-03 21:00:00,Female,53,Silver,TV,Chonburi,723,TV_Show,PromptPay,21,9,2,0,>50,24.1,3.0,0.0,0.0,-1,120,2558.6699999999996,0.2,0.3333333333333333,0.0,0.0,0.0,0,0,0.0,0.0,0,0,0.0,0.0,0,0,0.0,7676.009999999999,3,0,0.0,1
LGS2ORD0031048,C016605,2025-09-03 21:00:00,Female,32,Silver,TV,Bangkok,918,Shopee,PromptPay,21,9,2,0,30-40,30.6,5.0,1.0,0.2,118,16,6906.088000000001,0.2,0.6,0.0,0.0,0.0,0,0,0.0,10110.16,1,0,0.0,11620.529999999999,2,0,0.0,34530.44,5,1,0.2,0
LGS2ORD0031049,C013108,2025-09-03 21:00:00,Female,42,Bronze,Lazada,Khon Kaen,340,Shopee,Credit_Card,21,9,2,0,40-50,11.333333333333334,6.0,2.0,0.3333333333333333,22,19,3577.4466666666667,0.28,0.6666666666666666,0.16666666666666666,0.0,0.0,0,0,0.0,877.02,1,0,0.0,15626.18,4,1,0.25,21464.68,6,2,0.3333333333333333,0
LGS2ORD0031050,C013930,2025-09-03 21:00:00,Male,34,Bronze,Shopee,Songkhla,1251,CallCenter,Credit_Card,21,9,2,0,30-40,41.7,5.0,3.0,0.6,39,23,3742.364,0.23,0.8,0.4,0.0,0.0,0,0,0.0,972.42,1,0,0.0,5608.4800000000005,2,1,0.5,18711.82,5,3,0.6,0
LGS2ORD0031051,C015465,2025-09-03 21:00:00,Male,35,Bronze,Web,Chiang Mai,1353,TV_Show,Credit_Card,21,9,2,0,30-40,45.1,6.0,0.0,0.0,-1,42,5807.693333333334,0.28,0.3333333333333333,0.8333333333333334,0.0,0.0,0,0,0.0,0.0,0,0,0.0,17681.05,3,0,0.0,34846.16,6,0,0.0,1
LGS2ORD0031052,C016710,2025-09-03 22:00:00,Male,40,Bronze,TV,Chiang Mai,278,Shopee,COD,22,9,2,0,30-40,9.266666666666667,6.0,0.0,0.0,-1,16,4875.238333333334,0.23,0.6666666666666666,0.3333333333333333,0.0,0.0,0,0,0.0,2286.19,1,0,0.0,19317.64,4,0,0.0,29251.43,6,0,0.0,0
LGS2ORD0031053,C010226,2025-09-03 22:00:00,Female,51,Bronze,TV,Remote_Area,1657,Shopee,Credit_Card,22,9,2,0,>50,55.233333333333334,2.0,0.0,0.0,-1,170,5393.93,0.03,0.5,0.0,0.0,0.0,0,0,0.0,0.0,0,0,0.0,0.0,0,0,0.0,10787.86,2,0,0.0,1
LGS2ORD0031054,C016873,2025-09-03 22:00:00,Male,40,Bronze,TV,Chiang Mai,345,Lazada,Bank_Transfer,22,9,2,0,30-40,11.5,5.0,3.0,0.6,104,116,4717.34,0.28,0.6,0.4,0.0,0.0,0,0,0.0,0.0,0,0,0.0,0.0,0,0,0.0,23586.7,5,3,0.6,0
LGS2ORD0031055,C015036,2025-09-03 22:00:00,Female,45,Bronze,Web,Chonburi,1550,Lazada,COD,22,9,2,0,40-50,51.666666666666664,6.0,2.0,0.3333333333333333,88,26,4088.3250000000003,0.28,0.5,0.16666666666666666,0.0,0.0,0,0,0.0,7113.61,1,0,0.0,13005.68,3,0,0.0,24529.95,6,2,0.3333333333333333,0
LGS2ORD0031056,C010232,2025-09-03 22:00:00,Male,46,Bronze,TV,Bangkok,1698,Shopee,COD,22,9,2,0,40-50,56.6,5.0,2.0,0.4,113,15,6394.192,0.23,0.6,0.2,0.0,0.0,0,0,0.0,12037.41,1,0,0.0,12037.41,1,0,0.0,31970.96,5,2,0.4,0
LGS2ORD0031057,C010646,2025-09-03 23:00:00,Male,48,Bronze,Lazada,Bangkok,1506,Lazada,COD,23,9,2,0,40-50,50.2,4.0,1.0,0.25,121,73,4224.635,0.28,0.25,0.25,0.0,0.0,0,0,0.0,0.0,0,0,0.0,3589.05,1,0,0.0,16898.54,4,1,0.25,0
LGS2ORD0031058,C015581,2025-09-03 23:00:00,Female,23,Silver,CallCenter,Chonburi,1565,Shopee,COD,23,9,2,0,20-30,52.166666666666664,1.0,0.0,0.0,-1,185,1384.33,0.05,1.0,0.0,0.0,0.0,0,0,0.0,0.0,0,0,0.0,0.0,0,0,0.0,1384.33,1,0,0.0,0
LGS2ORD0031059,C011699,2025-09-03 23:00:00,Male,47,Bronze,TV,Khon Kaen,1261,CallCenter,COD,23,9,2,0,40-50,42.03333333333333,6.0,1.0,0.16666666666666666,76,82,1503.4033333333334,0.23,0.6666666666666666,0.3333333333333333,0.0,0.0,0,0,0.0,0.0,0,0,0.0,974.97,1,0,0.0,9020.42,6,1,0.16666666666666666,0
LGS2ORD0031060,C012418,2025-09-03 23:00:00,Male,45,Bronze,Web,Songkhla,593,TV_Show,Bank_Transfer,23,9,2,0,40-50,19.766666666666666,8.0,6.0,0.75,-6,11,5559.70875,0.23,0.5,0.375,0.0,0.0,0,0,0.0,1044.36,1,1,1.0,16698.85,4,4,1.0,44477.67,8,6,0.75,0
LGS2ORD0031061,C010507,2025-09-03 23:00:00,Female,48,Gold,Web,Chonburi,1425,TV_Show,COD,23,9,2,0,40-50,47.5,3.0,2.0,0.6666666666666666,127,140,5612.34,0.2299999999999999,0.6666666666666666,0.6666666666666666,0.0,0.0,0,0,0.0,0.0,0,0,0.0,0.0,0,0,0.0,16837.02,3,2,0.6666666666666666,0
LGS2ORD0031062,C011529,2025-09-04 00:00:00,Female,39,Bronze,Shopee,Chiang Mai,1544,Shopee,PromptPay,0,9,3,0,30-40,51.46666666666667,5.0,0.0,0.0,-1,27,7670.3820000000005,0.18,0.6,0.0,0.0,0.0,0,0,0.0,304.9,1,0,0.0,23261.820000000003,4,0,0.0,38351.91,5,0,0.0,0
LGS2ORD0031063,C011372,2025-09-04 00:00:00,Male,72,Bronze,TV,Chiang Mai,321,Web,Credit_Card,0,9,3,0,>50,10.7,6.0,2.0,0.3333333333333333,82,86,3275.7916666666674,0.28,0.5,0.6666666666666666,0.0,0.0,0,0,0.0,0.0,0,0,0.0,5462.47,1,1,1.0,19654.750000000004,6,2,0.3333333333333333,0
LGS2ORD0031064,C013915,2025-09-04 00:00:00,Male,41,Gold,Web,Chiang Mai,941,TV_Show,PromptPay,0,9,3,0,40-50,31.366666666666667,2.0,0.0,0.0,-1,11,6685.055,0.13,0.5,0.0,0.0,0.0,0,0,0.0,7366.97,1,0,0.0,7366.97,1,0,0.0,13370.11,2,0,0.0,0
LGS2ORD0031065,C016750,2025-09-04 00:00:00,Male,41,Bronze,TV,Bangkok,1140,CallCenter,Credit_Card,0,9,3,0,40-50,38.0,7.0,3.0,0.42857142857142855,7,16,8030.452857142857,0.28,0.2857142857142857,0.2857142857142857,0.0,0.0,0,0,0.0,8364.67,2,1,0.5,29014.960000000003,4,2,0.5,56213.17,7,3,0.42857142857142855,0
LGS2ORD0031066,C015207,2025-09-04 00:00:00,Female,49,Gold,TV,Bangkok,505,Lazada,Credit_Card,0,9,3,0,40-50,16.833333333333332,2.0,0.0,0.0,-1,41,4934.365,0.28,0.0,0.5,0.0,0.0,0,0,0.0,0.0,0,0,0.0,3027.93,1,0,0.0,9868.73,2,0,0.0,0
LGS2ORD0031067,C013359,2025-09-04 01:00:00,Female,30,Platinum,Web,Songkhla,1010,TV_Show,Credit_Card,1,9,3,0,20-30,33.666666666666664,1.0,0.0,0.0,-1,23,3795.08,0.15,0.0,0.0,0.0,0.0,0,0,0.0,3795.08,1,0,0.0,3795.08,1,0,0.0,3795.08,1,0,0.0,0
LGS2ORD0031068,C010448,2025-09-04 01:00:00,Male,27,Bronze,TV,Bangkok,980,Lazada,PromptPay,1,9,3,0,20-30,32.666666666666664,3.0,1.0,0.3333333333333333,59,66,2930.7299999999996,0.23,1.0,0.3333333333333333,0.0,0.0,0,0,0.0,0.0,0,0,0.0,4362.11,1,1,1.0,8792.189999999999,3,1,0.3333333333333333,0
LGS2ORD0031069,C016752,2025-09-04 01:00:00,Male,35,Bronze,TV,Remote_Area,1320,TV_Show,COD,1,9,3,0,30-40,44.0,2.0,0.0,0.0,-1,39,1719.32,0.18,0.5,0.0,0.0,0.0,0,0,0.0,0.0,0,0,0.0,828.04,1,0,0.0,3438.64,2,0,0.0,0
LGS2ORD0031070,C014182,2025-09-04 01:00:00,Female,60,Bronze,Lazada,Khon Kaen,582,CallCenter,COD,1,9,3,0,>50,19.4,0.0,0.0,0.0,-1,-1,0.0,0.0,0.0,0.0,0.0,0.0,0,0,0.0,0.0,0,0,0.0,0.0,0,0,0.0,0.0,0,0,0.0,0
LGS2ORD0031071,C014716,2025-09-04 01:00:00,Female,60,Gold,TV,Bangkok,1590,Web,COD,1,9,3,0,>50,53.0,1.0,0.0,0.0,-1,29,7376.66,0.33,0.0,1.0,0.0,0.0,0,0,0.0,7376.66,1,0,0.0,7376.66,1,0,0.0,7376.66,1,0,0.0,0
LGS2ORD0031072,C016194,2025-09-04 01:00:00,Male,44,Bronze,Web,Chonburi,863,Lazada,Credit_Card,1,9,3,0,40-50,28.766666666666666,4.0,2.0,0.5,87,8,2608.0675,0.23,0.75,0.75,0.0,0.0,0,0,0.0,376.45,1,0,0.0,4965.44,2,0,0.0,10432.27,4,2,0.5,0
LGS2ORD0031073,C012849,2025-09-04 02:00:00,Male,54,Platinum,Lazada,Chiang Mai,872,CallCenter,Bank_Transfer,2,9,3,0,>50,29.066666666666666,4.0,0.0,0.0,-1,27,3410.5225,0.25,0.5,0.5,0.0,0.0,0,0,0.0,1427.62,1,0,0.0,1427.62,1,0,0.0,13642.09,4,0,0.0,0
LGS2ORD0031074,C012044,2025-09-04 02:00:00,Female,66,Bronze,Shopee,Chonburi,1476,TV_Show,COD,2,9,3,0,>50,49.2,6.0,0.0,0.0,-1,6,2139.7533333333336,0.23,0.5,0.3333333333333333,0.0,1450.0,1,0,0.0,1450.0,1,0,0.0,2885.2799999999997,2,0,0.0,12838.520000000002,6,0,0.0,0
LGS2ORD0031075,C012260,2025-09-04 02:00:00,Female,51,Bronze,Lazada,Bangkok,961,Web,Credit_Card,2,9,3,0,>50,32.03333333333333,7.0,1.0,0.14285714285714285,119,92,4925.704285714286,0.28,0.42857142857142855,0.42857142857142855,0.0,0.0,0,0,0.0,0.0,0,0,0.0,0.0,0,0,0.0,34479.93,7,1,0.14285714285714285,0
LGS2ORD0031076,C011051,2025-09-04 02:00:00,Female,40,Bronze,TV,Phuket,799,CallCenter,COD,2,9,3,0,30-40,26.633333333333333,2.0,0.0,0.0,-1,23,3815.275,0.28,1.0,0.5,0.0,0.0,0,0,0.0,7058.09,1,0,0.0,7630.55,2,0,0.0,7630.55,2,0,0.0,1
LGS2ORD0031077,C013513,2025-09-04 02:00:00,Female,53,Gold,Web,Remote_Area,787,Lazada,COD,2,9,3,0,>50,26.233333333333334,1.0,0.0,0.0,-1,245,1476.35,0.13,1.0,0.0,0.0,0.0,0,0,0.0,0.0,0,0,0.0,0.0,0,0,0.0,1476.35,1,0,0.0,0
LGS2ORD0031078,C014902,2025-09-04 03:00:00,Male,41,Silver,TV,Phuket,761,Lazada,Bank_Transfer,3,9,3,0,40-50,25.366666666666667,6.0,0.0,0.0,-1,72,5924.703333333334,0.3,0.16666666666666666,0.6666666666666666,0.0,0.0,0,0,0.0,0.0,0,0,0.0,11764.01,2,0,0.0,35548.22,6,0,0.0,0
LGS2ORD0031079,C012391,2025-09-04 03:00:00,Female,50,Bronze,TV,Bangkok,1388,TV_Show,COD,3,9,3,0,40-50,46.266666666666666,3.0,2.0,0.6666666666666666,75,29,4576.766666666666,0.28,0.6666666666666666,0.6666666666666666,0.0,0.0,0,0,0.0,7340.31,1,0,0.0,11114.07,2,1,0.5,13730.3,3,2,0.6666666666666666,0
LGS2ORD0031080,C012949,2025-09-04 03:00:00,Female,42,Bronze,TV,Nakhon Ratchasima,344,TV_Show,Credit_Card,3,9,3,0,40-50,11.466666666666667,7.0,3.0,0.42857142857142855,28,5,6497.325714285714,0.28,1.0,0.5714285714285714,0.0,11837.58,1,0,0.0,28778.71,2,0,0.0,29377.35,3,1,0.3333333333333333,45481.28,7,3,0.42857142857142855,0
LGS2ORD0031081,C014414,2025-09-04 03:00:00,Male,46,Bronze,TV,Chiang Mai,1445,Web,COD,3,9,3,0,40-50,48.166666666666664,5.0,2.0,0.4,43,50,1480.4059999999997,0.28,0.6,0.4,0.0,0.0,0,0,0.0,0.0,0,0,0.0,1693.06,1,1,1.0,7402.029999999999,5,2,0.4,1
LGS2ORD0031082,C010216,2025-09-04 03:00:00,Male,23,Bronze,Web,Bangkok,1205,TV_Show,Bank_Transfer,3,9,3,0,20-30,40.166666666666664,7.0,1.0,0.14285714285714285,54,60,2512.3457142857146,0.28,0.42857142857142855,0.14285714285714285,0.0,0.0,0,0,0.0,0.0,0,0,0.0,7920.67,2,1,0.5,17586.420000000002,7,1,0.14285714285714285,0
LGS2ORD0031083,C012461,2025-09-04 04:00:00,Male,72,Bronze,TV,Chonburi,631,Lazada,PromptPay,4,9,3,0,>50,21.033333333333335,8.0,0.0,0.0,-1,3,6251.936250000001,0.18,0.375,0.0,0.0,9945.78,1,0,0.0,15654.210000000001,2,0,0.0,20420.43,3,0,0.0,50015.490000000005,8,0,0.0,0
LGS2ORD0031084,C014400,2025-09-04 04:00:00,Female,61,Platinum,CallCenter,Khon Kaen,1256,Web,COD,4,9,3,0,>50,41.86666666666667,3.0,0.0,0.0,-1,28,3541.476666666667,0.35,0.3333333333333333,1.0,0.0,0.0,0,0,0.0,3159.25,1,0,0.0,3159.25,1,0,0.0,10624.43,3,0,0.0,0
LGS2ORD0031085,C010015,2025-09-04 04:00:00,Female,46,Silver,Web,Songkhla,523,Lazada,Credit_Card,4,9,3,0,40-50,17.433333333333334,7.0,2.0,0.2857142857142857,103,56,5932.107142857143,0.3,0.42857142857142855,0.42857142857142855,0.0,0.0,0,0,0.0,0.0,0,0,0.0,5298.82,2,0,0.0,41524.75,7,2,0.2857142857142857,0
LGS2ORD0031086,C013073,2025-09-04 04:00:00,Female,31,Bronze,TV,Khon Kaen,955,CallCenter,Credit_Card,4,9,3,0,30-40,31.833333333333332,5.0,2.0,0.4,11,14,12867.538,0.28,0.8,0.6,0.0,0.0,0,0,0.0,41401.4,2,1,0.5,52157.28,3,2,0.6666666666666666,64337.69,5,2,0.4,0
LGS2ORD0031087,C016482,2025-09-04 04:00:00,Female,70,Bronze,CallCenter,Chonburi,1085,Lazada,Bank_Transfer,4,9,3,0,>50,36.166666666666664,6.0,0.0,0.0,-1,5,6268.243333333335,0.28,0.5,0.5,0.0,7170.27,1,0,0.0,7706.1,2,0,0.0,28274.4,4,0,0.0,37609.46000000001,6,0,0.0,0
LGS2ORD0031088,C016650,2025-09-04 05:00:00,Male,53,Silver,Web,Bangkok,1204,CallCenter,COD,5,9,3,0,>50,40.13333333333333,5.0,1.0,0.2,156,37,13179.428,0.25,0.6,0.2,0.0,0.0,0,0,0.0,0.0,0,0,0.0,1046.48,1,0,0.0,65897.14,5,1,0.2,0
LGS2ORD0031089,C010630,2025-09-04 05:00:00,Female,31,Silver,CallCenter,Bangkok,866,Web,Credit_Card,5,9,3,0,30-40,28.866666666666667,3.0,0.0,0.0,-1,35,7258.599999999999,0.15,0.3333333333333333,0.0,0.0,0.0,0,0,0.0,0.0,0,0,0.0,18828.41,2,0,0.0,21775.8,3,0,0.0,0
LGS2ORD0031090,C010916,2025-09-04 05:00:00,Male,41,Bronze,CallCenter,Khon Kaen,345,Lazada,COD,5,9,3,0,40-50,11.5,6.0,0.0,0.0,-1,105,2051.0,0.28,0.0,0.3333333333333333,0.0,0.0,0,0,0.0,0.0,0,0,0.0,0.0,0,0,0.0,12306.0,6,0,0.0,1
LGS2ORD0031091,C011382,2025-09-04 05:00:00,Male,30,Bronze,Lazada,Chonburi,1531,Web,Bank_Transfer,5,9,3,0,20-30,51.03333333333333,4.0,0.0,0.0,-1,3,6486.085,0.23,0.5,0.25,0.0,9216.41,1,0,0.0,19478.07,3,0,0.0,19478.07,3,0,0.0,25944.34,4,0,0.0,0
LGS2ORD0031092,C011801,2025-09-04 05:00:00,Female,30,Bronze,CallCenter,Nakhon Ratchasima,824,Web,COD,5,9,3,0,20-30,27.466666666666665,1.0,0.0,0.0,-1,241,7209.96,0.08,1.0,0.0,0.0,0.0,0,0,0.0,0.0,0,0,0.0,0.0,0,0,0.0,7209.96,1,0,0.0,1
LGS2ORD0031093,C012773,2025-09-04 05:00:00,Male,40,Bronze,CallCenter,Songkhla,294,Web,COD,5,9,3,0,30-40,9.8,2.0,0.0,0.0,-1,123,8510.495,0.18,0.5,0.0,0.0,0.0,0,0,0.0,0.0,0,0,0.0,0.0,0,0,0.0,17020.99,2,0,0.0,0
LGS2ORD0031094,C014746,2025-09-04 06:00:00,Male,39,Bronze,TV,Khon Kaen,653,CallCenter,PromptPay,6,9,3,0,30-40,21.766666666666666,2.0,1.0,0.5,124,38,2449.57,0.03,1.0,0.0,0.0,0.0,0,0,0.0,0.0,0,0,0.0,2555.03,1,0,0.0,4899.14,2,1,0.5,0
LGS2ORD0031095,C011308,2025-09-04 06:00:00,Female,34,Bronze,Web,Bangkok,1267,TV_Show,COD,6,9,3,0,30-40,42.233333333333334,1.0,0.0,0.0,-1,189,14090.99,0.03,1.0,0.0,0.0,0.0,0,0,0.0,0.0,0,0,0.0,0.0,0,0,0.0,14090.99,1,0,0.0,0
LGS2ORD0031096,C010797,2025-09-04 06:00:00,Female,31,Gold,CallCenter,Khon Kaen,1531,Web,Bank_Transfer,6,9,3,0,30-40,51.03333333333333,4.0,2.0,0.5,102,27,4604.72,0.13,0.75,0.0,0.0,0.0,0,0,0.0,14029.42,1,0,0.0,14029.42,1,0,0.0,18418.88,4,2,0.5,0
LGS2ORD0031097,C012465,2025-09-04 06:00:00,Male,50,Gold,Shopee,Bangkok,576,Web,COD,6,9,3,0,40-50,19.2,0.0,0.0,0.0,-1,-1,0.0,0.0,0.0,0.0,0.0,0.0,0,0,0.0,0.0,0,0,0.0,0.0,0,0,0.0,0.0,0,0,0.0,1
LGS2ORD0031098,C010996,2025-09-04 06:00:00,Female,48,Bronze,Web,Chiang Mai,624,Web,Credit_Card,6,9,3,0,40-50,20.8,4.0,1.0,0.25,46,57,1652.2375000000002,0.28,0.75,0.5,0.0,0.0,0,0,0.0,0.0,0,0,0.0,4981.18,2,1,0.5,6608.950000000001,4,1,0.25,0
LGS2ORD0031099,C017181,2025-09-04 07:00:00,Female,25,Silver,TV,Bangkok,1702,Web,Credit_Card,7,9,3,0,20-30,56.733333333333334,3.0,1.0,0.3333333333333333,54,64,2479.816666666667,0.3,0.6666666666666666,0.3333333333333333,0.0,0.0,0,0,0.0,0.0,0,0,0.0,1040.68,1,1,1.0,7439.450000000001,3,1,0.3333333333333333,0
LGS2ORD0031100,C015113,2025-09-04 07:00:00,Male,48,Silver,TV,Chiang Mai,1258,Shopee,COD,7,9,3,0,40-50,41.93333333333333,6.0,3.0,0.5,-5,1,3819.5699999999997,0.25,0.6666666666666666,0.16666666666666666,0.0,10521.9,2,1,0.5,10521.9,2,1,0.5,10521.9,2,1,0.5,22917.42,6,3,0.5,0
LGS2ORD0031101,C016672,2025-09-04 07:00:00,Female,48,Bronze,Lazada,Chonburi,794,Web,COD,7,9,3,0,40-50,26.466666666666665,3.0,2.0,0.6666666666666666,21,36,1048.9133333333332,0.23,0.6666666666666666,0.3333333333333333,0.0,0.0,0,0,0.0,0.0,0,0,0.0,359.01,1,1,1.0,3146.74,3,2,0.6666666666666666,0
LGS2ORD0031102,C012939,2025-09-04 07:00:00,Female,43,Gold,TV,Phuket,1094,Lazada,PromptPay,7,9,3,0,40-50,36.46666666666667,2.0,0.0,0.0,-1,39,9383.86,0.28,0.5,0.5,0.0,0.0,0,0,0.0,0.0,0,0,0.0,16659.7,1,0,0.0,18767.72,2,0,0.0,0
LGS2ORD0031103,C013249,2025-09-04 07:00:00,Female,63,Bronze,Web,Bangkok,645,CallCenter,COD,7,9,3,0,>50,21.5,6.0,2.0,0.3333333333333333,62,53,2831.205,0.18,0.6666666666666666,0.0,0.0,0.0,0,0,0.0,0.0,0,0,0.0,8476.189999999999,3,2,0.6666666666666666,16987.23,6,2,0.3333333333333333,1
LGS2ORD0031104,C011467,2025-09-04 08:00:00,Female,45,Bronze,Shopee,Chiang Mai,737,Lazada,COD,8,9,3,0,40-50,24.566666666666666,4.0,1.0,0.25,168,57,8396.93,0.23,0.25,0.25,0.0,0.0,0,0,0.0,0.0,0,0,0.0,11396.91,1,0,0.0,33587.72,4,1,0.25,0
LGS2ORD0031105,C014691,2025-09-04 08:00:00,Female,44,Bronze,Web,Bangkok,1425,CallCenter,COD,8,9,3,0,40-50,47.5,2.0,0.0,0.0,-1,154,1963.425,0.08,0.0,0.0,0.0,0.0,0,0,0.0,0.0,0,0,0.0,0.0,0,0,0.0,3926.85,2,0,0.0,1
LGS2ORD0031106,C014902,2025-09-04 08:00:00,Male,41,Silver,TV,Phuket,761,TV_Show,COD,8,9,3,0,40-50,25.366666666666667,7.0,0.0,0.0,-1,0,6203.035714285715,0.3,0.14285714285714285,0.5714285714285714,0.0,7873.03,1,0,0.0,7873.03,1,0,0.0,19637.04,3,0,0.0,43421.25,7,0,0.0,0
LGS2ORD0031107,C014717,2025-09-04 08:00:00,Female,56,Bronze,Lazada,Khon Kaen,1552,Shopee,COD,8,9,3,0,>50,51.733333333333334,4.0,0.0,0.0,-1,15,1893.4725,0.28,0.0,0.25,0.0,0.0,0,0,0.0,4956.55,2,0,0.0,4956.55,2,0,0.0,7573.89,4,0,0.0,0
LGS2ORD0031108,C011769,2025-09-04 08:00:00,Female,46,Gold,Shopee,Chiang Mai,913,Shopee,COD,8,9,3,0,40-50,30.433333333333334,4.0,1.0,0.25,60,40,4164.595,0.13,0.75,0.0,0.0,0.0,0,0,0.0,0.0,0,0,0.0,16374.880000000001,3,1,0.3333333333333333,16658.38,4,1,0.25,0
LGS2ORD0031109,C013390,2025-09-04 09:00:00,Male,47,Bronze,Shopee,Remote_Area,1303,TV_Show,COD,9,9,3,0,40-50,43.43333333333333,3.0,2.0,0.6666666666666666,-2,6,8610.593333333332,0.28,0.6666666666666666,0.6666666666666666,0.0,6170.57,1,1,1.0,23454.19,2,2,1.0,25831.78,3,2,0.6666666666666666,25831.78,3,2,0.6666666666666666,1
LGS2ORD0031110,C014783,2025-09-04 09:00:00,Female,33,Platinum,Shopee,Bangkok,1217,Shopee,Credit_Card,9,9,3,0,30-40,40.56666666666667,1.0,1.0,1.0,148,159,3769.46,0.3,1.0,1.0,0.0,0.0,0,0,0.0,0.0,0,0,0.0,0.0,0,0,0.0,3769.46,1,1,1.0,1
LGS2ORD0031111,C012358,2025-09-04 09:00:00,Male,63,Bronze,TV,Nakhon Ratchasima,1211,Lazada,COD,9,9,3,0,>50,40.36666666666667,5.0,1.0,0.2,39,49,7387.361999999999,0.28,0.8,0.6,0.0,0.0,0,0,0.0,0.0,0,0,0.0,26491.829999999994,3,1,0.3333333333333333,36936.81,5,1,0.2,1
LGS2ORD0031112,C011425,2025-09-04 09:00:00,Female,59,Bronze,CallCenter,Nakhon Ratchasima,1599,Shopee,COD,9,9,3,0,>50,53.3,5.0,1.0,0.2,100,115,5644.044,0.28,0.4,0.4,0.0,0.0,0,0,0.0,0.0,0,0,0.0,0.0,0,0,0.0,28220.22,5,1,0.2,0
LGS2ORD0031113,C011352,2025-09-04 09:00:00,Male,71,Gold,TV,Songkhla,1241,TV_Show,COD,9,9,3,0,>50,41.36666666666667,3.0,0.0,0.0,-1,101,10071.233333333332,0.28,0.3333333333333333,0.6666666666666666,0.0,0.0,0,0,0.0,0.0,0,0,0.0,0.0,0,0,0.0,30213.699999999997,3,0,0.0,1
LGS2ORD0031114,C017591,2025-09-04 09:00:00,Male,49,Bronze,Lazada,Remote_Area,1101,Web,PromptPay,9,9,3,0,40-50,36.7,6.0,1.0,0.16666666666666666,170,26,5679.396666666667,0.28,0.16666666666666666,0.3333333333333333,0.0,0.0,0,0,0.0,8129.27,1,0,0.0,8129.27,1,0,0.0,34076.380000000005,6,1,0.16666666666666666,0
LGS2ORD0031115,C016718,2025-09-04 10:00:00,Male,72,Silver,Lazada,Songkhla,1563,CallCenter,Bank_Transfer,10,9,3,0,>50,52.1,6.0,1.0,0.16666666666666666,95,58,4208.62,0.2,0.6666666666666666,0.0,0.0,0.0,0,0,0.0,0.0,0,0,0.0,14144.56,2,0,0.0,25251.72,6,1,0.16666666666666666,0
LGS2ORD0031116,C015526,2025-09-04 10:00:00,Female,54,Bronze,Lazada,Chonburi,551,TV_Show,COD,10,9,3,0,>50,18.366666666666667,4.0,0.0,0.0,-1,49,3539.9475,0.23,0.5,0.5,0.0,0.0,0,0,0.0,0.0,0,0,0.0,2542.34,2,0,0.0,14159.79,4,0,0.0,0
LGS2ORD0031117,C017607,2025-09-04 10:00:00,Other,32,Bronze,TV,Khon Kaen,409,Web,COD,10,9,3,0,30-40,13.633333333333333,3.0,0.0,0.0,-1,38,2106.6066666666666,0.28,0.3333333333333333,0.3333333333333333,0.0,0.0,0,0,0.0,0.0,0,0,0.0,4589.0,1,0,0.0,6319.82,3,0,0.0,0
LGS2ORD0031118,C017841,2025-09-04 10:00:00,Female,72,Silver,TV,Phuket,516,Shopee,Credit_Card,10,9,3,0,>50,17.2,6.0,4.0,0.6666666666666666,9,20,3628.8816666666667,0.3,1.0,0.3333333333333333,0.0,0.0,0,0,0.0,11290.07,1,1,1.0,15279.38,3,3,1.0,21773.29,6,4,0.6666666666666666,1
LGS2ORD0031119,C017178,2025-09-04 10:00:00,Male,45,Bronze,TV,Phuket,1227,TV_Show,PromptPay,10,9,3,0,40-50,40.9,4.0,2.0,0.5,156,76,4897.345,0.18,0.75,0.0,0.0,0.0,0,0,0.0,0.0,0,0,0.0,5041.97,1,0,0.0,19589.38,4,2,0.5,0
LGS2ORD0031120,C013834,2025-09-04 11:00:00,Female,18,Bronze,Shopee,Bangkok,1287,Shopee,COD,11,9,3,0,<20,42.9,7.0,0.0,0.0,-1,6,5360.144285714286,0.23,0.42857142857142855,0.14285714285714285,0.0,7261.37,1,0,0.0,7261.37,1,0,0.0,12746.759999999998,4,0,0.0,37521.01,7,0,0.0,0
LGS2ORD0031121,C016109,2025-09-04 11:00:00,Female,35,Bronze,Shopee,Chonburi,917,CallCenter,PromptPay,11,9,3,0,30-40,30.566666666666666,1.0,0.0,0.0,-1,155,7025.11,0.08,0.0,0.0,0.0,0.0,0,0,0.0,0.0,0,0,0.0,0.0,0,0,0.0,7025.11,1,0,0.0,0
LGS2ORD0031122,C013334,2025-09-04 11:00:00,Female,59,Bronze,Web,Bangkok,490,Web,COD,11,9,3,0,>50,16.333333333333332,8.0,3.0,0.375,-6,8,5194.75375,0.28,0.625,0.375,0.0,0.0,0,0,0.0,1505.85,1,1,1.0,22149.56,5,2,0.4,41558.03,8,3,0.375,0
LGS2ORD0031123,C016849,2025-09-04 11:00:00,Other,48,Silver,Shopee,Bangkok,475,Web,PromptPay,11,9,3,0,40-50,15.833333333333334,5.0,0.0,0.0,-1,72,3992.7339999999995,0.25,0.2,0.2,0.0,0.0,0,0,0.0,0.0,0,0,0.0,10821.01,2,0,0.0,19963.67,5,0,0.0,0
LGS2ORD0031124,C013590,2025-09-04 11:00:00,Female,30,Bronze,Web,Bangkok,679,Shopee,Credit_Card,11,9,3,0,20-30,22.633333333333333,1.0,0.0,0.0,-1,162,5554.08,0.28,1.0,1.0,0.0,0.0,0,0,0.0,0.0,0,0,0.0,0.0,0,0,0.0,5554.08,1,0,0.0,0
LGS2ORD0031125,C012664,2025-09-04 12:00:00,Female,64,Silver,Shopee,Chiang Mai,536,Web,Bank_Transfer,12,9,3,0,>50,17.866666666666667,2.0,0.0,0.0,-1,31,5187.2,0.25,0.5,0.5,0.0,0.0,0,0,0.0,0.0,0,0,0.0,7797.7,1,0,0.0,10374.4,2,0,0.0,0
LGS2ORD0031126,C012500,2025-09-04 12:00:00,Female,32,Gold,Web,Chonburi,354,Shopee,COD,12,9,3,0,30-40,11.8,2.0,0.0,0.0,-1,115,3642.21,0.13,0.5,0.0,0.0,0.0,0,0,0.0,0.0,0,0,0.0,0.0,0,0,0.0,7284.42,2,0,0.0,0
LGS2ORD0031127,C011164,2025-09-04 12:00:00,Female,51,Bronze,Lazada,Songkhla,303,TV_Show,COD,12,9,3,0,>50,10.1,4.0,1.0,0.25,188,64,7858.305,0.18,0.5,0.0,0.0,0.0,0,0,0.0,0.0,0,0,0.0,24809.16,2,0,0.0,31433.22,4,1,0.25,0
LGS2ORD0031128,C017096,2025-09-04 12:00:00,Female,31,Platinum,Shopee,Bangkok,1604,Lazada,Credit_Card,12,9,3,0,30-40,53.46666666666667,1.0,1.0,1.0,98,104,692.06,0.3,0.0,1.0,0.0,0.0,0,0,0.0,0.0,0,0,0.0,0.0,0,0,0.0,692.06,1,1,1.0,0
LGS2ORD0031129,C011060,2025-09-04 12:00:00,Male,32,Bronze,Web,Bangkok,741,TV_Show,Credit_Card,12,9,3,0,30-40,24.7,2.0,0.0,0.0,-1,53,1911.6299999999999,0.18,0.0,0.0,0.0,0.0,0,0,0.0,0.0,0,0,0.0,3823.2599999999998,2,0,0.0,3823.2599999999998,2,0,0.0,0
LGS2ORD0031130,C014414,2025-09-04 12:00:00,Male,46,Bronze,TV,Chiang Mai,1445,Web,Credit_Card,12,9,3,0,40-50,48.166666666666664,6.0,3.0,0.5,-13,0,1508.0249999999996,0.28,0.6666666666666666,0.3333333333333333,0.0,1646.12,1,1,1.0,1646.12,1,1,1.0,3339.18,2,2,1.0,9048.149999999998,6,3,0.5,0
LGS2ORD0031131,C010994,2025-09-04 13:00:00,Female,35,Silver,Lazada,Bangkok,1263,TV_Show,Credit_Card,13,9,3,0,30-40,42.1,3.0,1.0,0.3333333333333333,156,16,3641.7466666666674,0.2,0.0,0.0,0.0,0.0,0,0,0.0,6570.56,1,0,0.0,9892.1,2,0,0.0,10925.240000000002,3,1,0.3333333333333333,0
LGS2ORD0031132,C016325,2025-09-04 13:00:00,Female,52,Bronze,TV,Remote_Area,1349,Shopee,COD,13,9,3,0,>50,44.96666666666667,6.0,2.0,0.3333333333333333,192,76,3597.408333333334,0.28,0.5,0.3333333333333333,0.0,0.0,0,0,0.0,0.0,0,0,0.0,4147.72,1,0,0.0,21584.450000000004,6,2,0.3333333333333333,0
LGS2ORD0031133,C017485,2025-09-04 13:00:00,Male,50,Bronze,TV,Nakhon Ratchasima,510,TV_Show,COD,13,9,3,0,40-50,17.0,1.0,0.0,0.0,-1,205,3946.09,0.03,1.0,0.0,0.0,0.0,0,0,0.0,0.0,0,0,0.0,0.0,0,0,0.0,3946.09,1,0,0.0,0
LGS2ORD0031134,C014711,2025-09-04 13:00:00,Female,49,Silver,Web,Songkhla,880,TV_Show,COD,13,9,3,0,40-50,29.333333333333332,4.0,3.0,0.75,68,76,6719.4125,0.25,0.5,0.25,0.0,0.0,0,0,0.0,0.0,0,0,0.0,22582.670000000002,2,2,1.0,26877.65,4,3,0.75,1
LGS2ORD0031135,C011902,2025-09-04 13:00:00,Female,51,Gold,TV,Bangkok,1694,Lazada,COD,13,9,3,0,>50,56.46666666666667,5.0,2.0,0.4,59,66,4362.384,0.33,0.2,0.4,0.0,0.0,0,0,0.0,0.0,0,0,0.0,4976.26,1,1,1.0,21811.92,5,2,0.4,0
LGS2ORD0031136,C016530,2025-09-04 14:00:00,Male,42,Silver,Shopee,Bangkok,1116,TV_Show,COD,14,9,3,0,40-50,37.2,3.0,0.0,0.0,-1,89,5510.116666666666,0.2,0.6666666666666666,0.0,0.0,0.0,0,0,0.0,0.0,0,0,0.0,12849.61,1,0,0.0,16530.35,3,0,0.0,0
LGS2ORD0031137,C014881,2025-09-04 14:00:00,Female,55,Bronze,TV,Bangkok,824,TV_Show,Credit_Card,14,9,3,0,>50,27.466666666666665,7.0,1.0,0.14285714285714285,142,22,7748.674285714286,0.18,0.42857142857142855,0.0,0.0,0.0,0,0,0.0,5587.72,1,0,0.0,5587.72,1,0,0.0,54240.72,7,1,0.14285714285714285,1
LGS2ORD0031138,C013486,2025-09-04 14:00:00,Male,61,Bronze,TV,Bangkok,575,Shopee,COD,14,9,3,0,>50,19.166666666666668,1.0,0.0,0.0,-1,107,2628.05,0.18,1.0,0.0,0.0,0.0,0,0,0.0,0.0,0,0,0.0,0.0,0,0,0.0,2628.05,1,0,0.0,1
LGS2ORD0031139,C014783,2025-09-04 14:00:00,Female,33,Platinum,Shopee,Bangkok,1217,TV_Show,COD,14,9,3,0,30-40,40.56666666666667,2.0,2.0,1.0,-11,0,2576.82,0.3,0.5,1.0,0.0,1384.18,1,1,1.0,1384.18,1,1,1.0,1384.18,1,1,1.0,5153.64,2,2,1.0,1
LGS2ORD0031140,C013913,2025-09-04 14:00:00,Male,41,Silver,TV,Bangkok,1661,TV_Show,Credit_Card,14,9,3,0,40-50,55.36666666666667,4.0,0.0,0.0,-1,103,3017.245,0.3,0.75,0.25,0.0,0.0,0,0,0.0,0.0,0,0,0.0,0.0,0,0,0.0,12068.98,4,0,0.0,0
LGS2ORD0031141,C016203,2025-09-04 15:00:00,Male,46,Bronze,Shopee,Remote_Area,1483,TV_Show,Credit_Card,15,9,3,0,40-50,49.43333333333333,5.0,0.0,0.0,-1,131,3569.94,0.28,1.0,0.6,0.0,0.0,0,0,0.0,0.0,0,0,0.0,0.0,0,0,0.0,17849.7,5,0,0.0,0
LGS2ORD0031142,C010545,2025-09-04 15:00:00,Female,35,Bronze,TV,Chiang Mai,920,Lazada,PromptPay,15,9,3,0,30-40,30.666666666666668,4.0,0.0,0.0,-1,5,2092.4075,0.23,0.25,0.25,0.0,4196.41,1,0,0.0,4887.0199999999995,2,0,0.0,7438.6,3,0,0.0,8369.63,4,0,0.0,0
LGS2ORD0031143,C013719,2025-09-04 15:00:00,Male,54,Gold,CallCenter,Chiang Mai,754,Lazada,Bank_Transfer,15,9,3,0,>50,25.133333333333333,4.0,0.0,0.0,-1,7,6279.33,0.18,0.5,0.0,0.0,0.0,0,0,0.0,14511.46,2,0,0.0,14511.46,2,0,0.0,25117.32,4,0,0.0,0
LGS2ORD0031144,C015762,2025-09-04 15:00:00,Female,53,Bronze,Shopee,Remote_Area,619,Web,Bank_Transfer,15,9,3,0,>50,20.633333333333333,6.0,3.0,0.5,32,38,5200.458333333333,0.23,0.6666666666666666,0.3333333333333333,0.0,0.0,0,0,0.0,0.0,0,0,0.0,8691.080000000002,3,2,0.6666666666666666,31202.75,6,3,0.5,0
LGS2ORD0031145,C014267,2025-09-04 15:00:00,Male,55,Gold,TV,Chonburi,1325,Lazada,COD,15,9,3,0,>50,44.166666666666664,2.0,1.0,0.5,222,159,2298.13,0.18,0.5,0.0,0.0,0.0,0,0,0.0,0.0,0,0,0.0,0.0,0,0,0.0,4596.26,2,1,0.5,0
LGS2ORD0031146,C015222,2025-09-04 16:00:00,Male,46,Gold,Web,Nakhon Ratchasima,1183,TV_Show,PromptPay,16,9,3,0,40-50,39.43333333333333,1.0,0.0,0.0,-1,65,1971.78,0.33,0.0,1.0,0.0,0.0,0,0,0.0,0.0,0,0,0.0,1971.78,1,0,0.0,1971.78,1,0,0.0,0
LGS2ORD0031147,C010443,2025-09-04 16:00:00,Female,50,Silver,TV,Songkhla,1563,CallCenter,COD,16,9,3,0,40-50,52.1,3.0,0.0,0.0,-1,90,6148.14,0.2,0.3333333333333333,0.0,0.0,0.0,0,0,0.0,0.0,0,0,0.0,0.0,0,0,0.0,18444.420000000002,3,0,0.0,0
LGS2ORD0031148,C013694,2025-09-04 16:00:00,Female,42,Gold,Lazada,Khon Kaen,1193,TV_Show,COD,16,9,3,0,40-50,39.766666666666666,3.0,1.0,0.3333333333333333,205,10,16044.133333333333,0.33,0.0,0.6666666666666666,0.0,0.0,0,0,0.0,199.1,1,0,0.0,199.1,1,0,0.0,48132.4,3,1,0.3333333333333333,0
LGS2ORD0031149,C012312,2025-09-04 16:00:00,Female,40,Bronze,Lazada,Khon Kaen,982,Lazada,Credit_Card,16,9,3,0,30-40,32.733333333333334,4.0,0.0,0.0,-1,70,3651.64,0.23,0.75,0.25,0.0,0.0,0,0,0.0,0.0,0,0,0.0,1524.91,1,0,0.0,14606.56,4,0,0.0,1
LGS2ORD0031150,C015442,2025-09-04 16:00:00,Female,64,Silver,CallCenter,Songkhla,1632,TV_Show,PromptPay,16,9,3,0,>50,54.4,3.0,2.0,0.6666666666666666,136,20,7928.416666666667,0.15,0.6666666666666666,0.0,0.0,0.0,0,0,0.0,14487.89,1,0,0.0,14487.89,1,0,0.0,23785.25,3,2,0.6666666666666666,1
LGS2ORD0031151,C013537,2025-09-04 16:00:00,Female,57,Gold,Web,Bangkok,392,CallCenter,PromptPay,16,9,3,0,>50,13.066666666666666,2.0,0.0,0.0,-1,21,776.235,0.18,0.0,0.0,0.0,0.0,0,0,0.0,1552.47,2,0,0.0,1552.47,2,0,0.0,1552.47,2,0,0.0,0
LGS2ORD0031152,C016993,2025-09-04 17:00:00,Female,32,Bronze,Shopee,Nakhon Ratchasima,301,Shopee,COD,17,9,3,0,30-40,10.033333333333333,5.0,2.0,0.4,26,41,4236.982000000001,0.28,0.4,0.6,0.0,0.0,0,0,0.0,0.0,0,0,0.0,4158.1900000000005,2,1,0.5,21184.910000000003,5,2,0.4,0
LGS2ORD0031153,C013625,2025-09-04 17:00:00,Male,43,Bronze,Web,Bangkok,1648,TV_Show,COD,17,9,3,0,40-50,54.93333333333333,2.0,1.0,0.5,74,81,1950.5900000000001,0.28,0.5,0.5,0.0,0.0,0,0,0.0,0.0,0,0,0.0,2171.8,1,1,1.0,3901.1800000000003,2,1,0.5,0
LGS2ORD0031154,C012619,2025-09-04 17:00:00,Female,29,Bronze,Web,Khon Kaen,729,TV_Show,Bank_Transfer,17,9,3,0,20-30,24.3,4.0,2.0,0.5,57,63,1987.395,0.28,0.5,0.25,0.0,0.0,0,0,0.0,0.0,0,0,0.0,805.84,1,1,1.0,7949.58,4,2,0.5,1
LGS2ORD0031155,C010138,2025-09-04 17:00:00,Female,26,Silver,Shopee,Bangkok,1625,Shopee,COD,17,9,3,0,20-30,54.166666666666664,8.0,0.0,0.0,-1,8,4823.37625,0.25,0.875,0.25,0.0,0.0,0,0,0.0,2433.94,1,0,0.0,13136.81,4,0,0.0,38587.01,8,0,0.0,1
LGS2ORD0031156,C017907,2025-09-04 17:00:00,Female,54,Silver,Lazada,Nakhon Ratchasima,1259,Lazada,Credit_Card,17,9,3,0,>50,41.96666666666667,3.0,1.0,0.3333333333333333,164,171,1565.8166666666666,0.2,0.0,0.0,0.0,0.0,0,0,0.0,0.0,0,0,0.0,0.0,0,0,0.0,4697.45,3,1,0.3333333333333333,1
LGS2ORD0031157,C016038,2025-09-04 18:00:00,Female,41,Gold,TV,Khon Kaen,883,TV_Show,Credit_Card,18,9,3,0,40-50,29.433333333333334,2.0,0.0,0.0,-1,143,3514.3199999999997,0.08,1.0,0.0,0.0,0.0,0,0,0.0,0.0,0,0,0.0,0.0,0,0,0.0,7028.639999999999,2,0,0.0,0
LGS2ORD0031158,C017167,2025-09-04 18:00:00,Female,35,Bronze,Shopee,Remote_Area,629,Shopee,Credit_Card,18,9,3,0,30-40,20.966666666666665,1.0,0.0,0.0,-1,72,11209.1,0.18,0.0,0.0,0.0,0.0,0,0,0.0,0.0,0,0,0.0,11209.1,1,0,0.0,11209.1,1,0,0.0,0
LGS2ORD0031159,C011834,2025-09-04 18:00:00,Male,50,Silver,TV,Bangkok,1085,Shopee,COD,18,9,3,0,40-50,36.166666666666664,3.0,1.0,0.3333333333333333,236,13,7958.736666666667,0.2,0.0,0.0,0.0,0.0,0,0,0.0,9485.41,2,0,0.0,9485.41,2,0,0.0,23876.21,3,1,0.3333333333333333,0
LGS2ORD0031160,C015715,2025-09-04 18:00:00,Female,44,Bronze,TV,Nakhon Ratchasima,1552,TV_Show,Credit_Card,18,9,3,0,40-50,51.733333333333334,1.0,0.0,0.0,-1,35,4612.84,0.08,1.0,0.0,0.0,0.0,0,0,0.0,0.0,0,0,0.0,4612.84,1,0,0.0,4612.84,1,0,0.0,0
LGS2ORD0031161,C011828,2025-09-04 18:00:00,Male,29,Silver,Web,Bangkok,1195,CallCenter,COD,18,9,3,0,20-30,39.833333333333336,3.0,1.0,0.3333333333333333,217,69,15302.533333333333,0.3,0.3333333333333333,0.3333333333333333,0.0,0.0,0,0,0.0,0.0,0,0,0.0,26003.87,1,0,0.0,45907.6,3,1,0.3333333333333333,0
LGS2ORD0031162,C011520,2025-09-04 19:00:00,Male,59,Bronze,Shopee,Songkhla,1487,Lazada,COD,19,9,3,0,>50,49.56666666666667,8.0,2.0,0.25,60,20,2942.87625,0.28,0.5,0.375,0.0,0.0,0,0,0.0,2173.85,1,0,0.0,6773.48,4,1,0.25,23543.01,8,2,0.25,1
LGS2ORD0031163,C013432,2025-09-04 19:00:00,Male,57,Bronze,Shopee,Chonburi,1070,Web,Credit_Card,19,9,3,0,>50,35.666666666666664,4.0,0.0,0.0,-1,172,2996.3,0.23,0.5,0.25,0.0,0.0,0,0,0.0,0.0,0,0,0.0,0.0,0,0,0.0,11985.2,4,0,0.0,0
LGS2ORD0031164,C015224,2025-09-04 19:00:00,Female,30,Bronze,Web,Nakhon Ratchasima,553,Web,COD,19,9,3,0,20-30,18.433333333333334,7.0,1.0,0.14285714285714285,126,43,2579.0671428571427,0.23,0.42857142857142855,0.2857142857142857,0.0,0.0,0,0,0.0,0.0,0,0,0.0,1406.85,1,0,0.0,18053.469999999998,7,1,0.14285714285714285,0
LGS2ORD0031165,C010658,2025-09-04 19:00:00,Male,67,Gold,CallCenter,Bangkok,999,Shopee,COD,19,9,3,0,>50,33.3,5.0,0.0,0.0,-1,98,2627.886,0.33,0.8,0.6,0.0,0.0,0,0,0.0,0.0,0,0,0.0,0.0,0,0,0.0,13139.43,5,0,0.0,1
LGS2ORD0031166,C013529,2025-09-04 19:00:00,Male,29,Bronze,CallCenter,Bangkok,979,Lazada,COD,19,9,3,0,20-30,32.63333333333333,6.0,0.0,0.0,-1,39,4120.925,0.28,0.8333333333333334,0.3333333333333333,0.0,0.0,0,0,0.0,0.0,0,0,0.0,9421.0,2,0,0.0,24725.550000000003,6,0,0.0,0
LGS2ORD0031167,C010425,2025-09-04 20:00:00,Female,42,Silver,TV,Nakhon Ratchasima,362,Shopee,COD,20,9,3,0,40-50,12.066666666666666,3.0,0.0,0.0,-1,10,7345.453333333334,0.3,0.0,0.6666666666666666,0.0,0.0,0,0,0.0,17877.28,1,0,0.0,17877.28,1,0,0.0,22036.36,3,0,0.0,1
LGS2ORD0031168,C014310,2025-09-04 20:00:00,Female,39,Platinum,TV,Chonburi,1192,TV_Show,COD,20,9,3,0,30-40,39.733333333333334,2.0,0.0,0.0,-1,3,1279.38,0.1,1.0,0.0,0.0,998.2,1,0,0.0,998.2,1,0,0.0,2558.76,2,0,0.0,2558.76,2,0,0.0,0
LGS2ORD0031169,C013654,2025-09-04 20:00:00,Male,38,Bronze,Lazada,Songkhla,1612,TV_Show,COD,20,9,3,0,30-40,53.733333333333334,7.0,1.0,0.14285714285714285,31,5,4330.168571428572,0.28,0.7142857142857143,0.2857142857142857,0.0,1320.24,1,0,0.0,1320.24,1,0,0.0,12665.499999999998,4,1,0.25,30311.180000000004,7,1,0.14285714285714285,1
LGS2ORD0031170,C010500,2025-09-04 20:00:00,Male,27,Silver,TV,Bangkok,299,TV_Show,Credit_Card,20,9,3,0,20-30,9.966666666666667,5.0,1.0,0.2,93,41,3454.608,0.25,0.4,0.6,0.0,0.0,0,0,0.0,0.0,0,0,0.0,15316.3,3,0,0.0,17273.04,5,1,0.2,0
LGS2ORD0031171,C016495,2025-09-04 20:00:00,Female,44,Bronze,TV,Nakhon Ratchasima,799,Web,Credit_Card,20,9,3,0,40-50,26.633333333333333,5.0,1.0,0.2,174,66,6860.118,0.28,0.2,0.2,0.0,0.0,0,0,0.0,0.0,0,0,0.0,22761.39,2,0,0.0,34300.590000000004,5,1,0.2,0
LGS2ORD0031172,C014172,2025-09-04 20:00:00,Female,42,Silver,TV,Nakhon Ratchasima,1066,Shopee,COD,20,9,3,0,40-50,35.53333333333333,1.0,0.0,0.0,-1,166,7844.5,0.1,0.0,0.0,0.0,0.0,0,0,0.0,0.0,0,0,0.0,0.0,0,0,0.0,7844.5,1,0,0.0,0
LGS2ORD0031173,C016104,2025-09-04 21:00:00,Male,55,Bronze,TV,Phuket,1358,Shopee,COD,21,9,3,0,>50,45.266666666666666,5.0,2.0,0.4,-2,8,2262.3859999999995,0.28,0.6,0.4,0.0,0.0,0,0,0.0,1879.08,1,1,1.0,2841.9,2,1,0.5,11311.929999999998,5,2,0.4,0
LGS2ORD0031174,C010696,2025-09-04 21:00:00,Female,52,Bronze,Web,Nakhon Ratchasima,446,CallCenter,COD,21,9,3,0,>50,14.866666666666667,7.0,1.0,0.14285714285714285,8,13,10718.604285714286,0.28,0.7142857142857143,0.42857142857142855,0.0,0.0,0,0,0.0,22815.059999999998,2,1,0.5,22815.059999999998,2,1,0.5,75030.23,7,1,0.14285714285714285,1
LGS2ORD0031175,C010123,2025-09-04 21:00:00,Female,45,Bronze,CallCenter,Khon Kaen,530,Shopee,Bank_Transfer,21,9,3,0,40-50,17.666666666666668,3.0,1.0,0.3333333333333333,67,33,9707.833333333334,0.28,0.3333333333333333,0.6666666666666666,0.0,0.0,0,0,0.0,0.0,0,0,0.0,29123.5,3,1,0.3333333333333333,29123.5,3,1,0.3333333333333333,1
LGS2ORD0031176,C011464,2025-09-04 21:00:00,Female,38,Gold,Lazada,Bangkok,483,Shopee,PromptPay,21,9,3,0,30-40,16.1,5.0,0.0,0.0,-1,76,2619.584,0.28,0.6,0.8,0.0,0.0,0,0,0.0,0.0,0,0,0.0,3385.98,1,0,0.0,13097.919999999998,5,0,0.0,0
LGS2ORD0031177,C012767,2025-09-04 21:00:00,Male,36,Gold,Web,Chiang Mai,1063,TV_Show,COD,21,9,3,0,30-40,35.43333333333333,2.0,0.0,0.0,-1,97,1259.0900000000001,0.28,0.5,0.5,0.0,0.0,0,0,0.0,0.0,0,0,0.0,0.0,0,0,0.0,2518.1800000000003,2,0,0.0,1
LGS2ORD0031178,C010047,2025-09-04 22:00:00,Male,51,Bronze,CallCenter,Chonburi,1597,Lazada,Credit_Card,22,9,3,0,>50,53.233333333333334,5.0,1.0,0.2,61,64,4495.976000000001,0.28,0.2,0.2,0.0,0.0,0,0,0.0,0.0,0,0,0.0,4395.14,1,1,1.0,22479.88,5,1,0.2,0
LGS2ORD0031179,C011659,2025-09-04 22:00:00,Male,45,Gold,TV,Chonburi,1334,TV_Show,COD,22,9,3,0,40-50,44.46666666666667,4.0,1.0,0.25,224,87,5614.1575,0.2299999999999999,0.75,0.25,0.0,0.0,0,0,0.0,0.0,0,0,0.0,16537.41,1,0,0.0,22456.63,4,1,0.25,1
LGS2ORD0031180,C013239,2025-09-04 22:00:00,Male,29,Bronze,Shopee,Khon Kaen,735,Shopee,Bank_Transfer,22,9,3,0,20-30,24.5,10.0,4.0,0.4,65,7,4807.849,0.28,0.5,0.5,0.0,0.0,0,0,0.0,6536.54,2,0,0.0,17278.07,4,1,0.25,48078.49,10,4,0.4,0
LGS2ORD0031181,C011011,2025-09-04 22:00:00,Male,24,Bronze,Shopee,Phuket,1210,Lazada,Credit_Card,22,9,3,0,20-30,40.333333333333336,6.0,2.0,0.3333333333333333,54,22,3834.1633333333334,0.23,0.3333333333333333,0.3333333333333333,0.0,0.0,0,0,0.0,1137.04,1,0,0.0,18098.27,4,1,0.25,23004.98,6,2,0.3333333333333333,0
LGS2ORD0031182,C017763,2025-09-04 22:00:00,Male,38,Bronze,TV,Nakhon Ratchasima,271,Shopee,Credit_Card,22,9,3,0,30-40,9.033333333333333,3.0,0.0,0.0,-1,81,8889.443333333335,0.03,0.0,0.0,0.0,0.0,0,0,0.0,0.0,0,0,0.0,1943.32,1,0,0.0,26668.33,3,0,0.0,1
LGS2ORD0031183,C015920,2025-09-04 23:00:00,Male,54,Silver,TV,Songkhla,1127,Lazada,COD,23,9,3,0,>50,37.56666666666667,4.0,3.0,0.75,11,21,2543.2650000000003,0.25,0.75,0.25,0.0,0.0,0,0,0.0,6386.64,1,1,1.0,6386.64,1,1,1.0,10173.060000000001,4,3,0.75,0
LGS2ORD0031184,C017428,2025-09-04 23:00:00,Male,35,Gold,Lazada,Phuket,1546,Shopee,Bank_Transfer,23,9,3,0,30-40,51.53333333333333,4.0,1.0,0.25,164,5,4498.625,0.28,0.75,0.25,0.0,1844.51,1,0,0.0,1844.51,1,0,0.0,3658.0299999999997,2,0,0.0,17994.5,4,1,0.25,0
LGS2ORD0031185,C016049,2025-09-04 23:00:00,Female,27,Platinum,Lazada,Bangkok,599,TV_Show,COD,23,9,3,0,20-30,19.966666666666665,1.0,0.0,0.0,-1,44,27357.94,0.3,1.0,1.0,0.0,0.0,0,0,0.0,0.0,0,0,0.0,27357.94,1,0,0.0,27357.94,1,0,0.0,0
LGS2ORD0031186,C011734,2025-09-04 23:00:00,Female,52,Bronze,Web,Songkhla,1453,CallCenter,COD,23,9,3,0,>50,48.43333333333333,6.0,1.0,0.16666666666666666,166,62,4007.523333333333,0.23,0.5,0.3333333333333333,0.0,0.0,0,0,0.0,0.0,0,0,0.0,9009.9,2,0,0.0,24045.14,6,1,0.16666666666666666,0
LGS2ORD0031187,C016138,2025-09-04 23:00:00,Female,66,Silver,TV,Bangkok,1440,Web,COD,23,9,3,0,>50,48.0,5.0,1.0,0.2,116,32,5460.66,0.2,0.6,0.0,0.0,0.0,0,0,0.0,0.0,0,0,0.0,658.66,1,0,0.0,27303.3,5,1,0.2,1
LGS2ORD0031188,C016903,2025-09-05 00:00:00,Female,52,Bronze,TV,Khon Kaen,1016,TV_Show,Credit_Card,0,9,4,0,>50,33.86666666666667,3.0,0.0,0.0,-1,88,11213.31,0.18,0.3333333333333333,0.0,0.0,0.0,0,0,0.0,0.0,0,0,0.0,10543.18,1,0,0.0,33639.93,3,0,0.0,0
LGS2ORD0031189,C012680,2025-09-05 00:00:00,Male,33,Silver,Web,Khon Kaen,552,TV_Show,COD,0,9,4,0,30-40,18.4,1.0,0.0,0.0,-1,57,1167.05,0.05,0.0,0.0,0.0,0.0,0,0,0.0,0.0,0,0,0.0,1167.05,1,0,0.0,1167.05,1,0,0.0,0
LGS2ORD0031190,C010221,2025-09-05 00:00:00,Female,21,Bronze,TV,Chiang Mai,801,CallCenter,Credit_Card,0,9,4,0,20-30,26.7,1.0,0.0,0.0,-1,135,1444.48,0.18,0.0,0.0,0.0,0.0,0,0,0.0,0.0,0,0,0.0,0.0,0,0,0.0,1444.48,1,0,0.0,0
LGS2ORD0031191,C015436,2025-09-05 00:00:00,Male,44,Silver,Lazada,Nakhon Ratchasima,1191,Web,Credit_Card,0,9,4,0,40-50,39.7,7.0,2.0,0.2857142857142857,7,1,4587.012857142857,0.3,0.7142857142857143,0.5714285714285714,0.0,892.6,1,0,0.0,1196.68,2,1,0.5,5815.02,4,2,0.5,32109.09,7,2,0.2857142857142857,0
LGS2ORD0031192,C016954,2025-09-05 00:00:00,Male,51,Bronze,Web,Chonburi,1021,Shopee,Bank_Transfer,0,9,4,0,>50,34.03333333333333,3.0,2.0,0.6666666666666666,129,136,4471.956666666667,0.23,0.6666666666666666,0.3333333333333333,0.0,0.0,0,0,0.0,0.0,0,0,0.0,0.0,0,0,0.0,13415.87,3,2,0.6666666666666666,0
LGS2ORD0031193,C010596,2025-09-05 00:00:00,Female,42,Bronze,Shopee,Bangkok,1320,CallCenter,COD,0,9,4,0,40-50,44.0,5.0,1.0,0.2,176,15,4026.4120000000003,0.23,0.4,0.2,0.0,0.0,0,0,0.0,5865.39,1,0,0.0,7040.450000000001,2,0,0.0,20132.06,5,1,0.2,0
LGS2ORD0031194,C012181,2025-09-05 01:00:00,Female,47,Silver,Lazada,Bangkok,1073,TV_Show,COD,1,9,4,0,40-50,35.766666666666666,4.0,0.0,0.0,-1,4,7564.427499999999,0.3,0.25,0.5,0.0,2611.44,1,0,0.0,6218.1900000000005,2,0,0.0,6218.1900000000005,2,0,0.0,30257.709999999995,4,0,0.0,1
LGS2ORD0031195,C011143,2025-09-05 01:00:00,Male,55,Gold,Shopee,Nakhon Ratchasima,912,Shopee,Bank_Transfer,1,9,4,0,>50,30.4,6.0,1.0,0.16666666666666666,74,60,6584.981666666667,0.28,0.3333333333333333,0.3333333333333333,0.0,0.0,0,0,0.0,0.0,0,0,0.0,8114.9800000000005,2,1,0.5,39509.89,6,1,0.16666666666666666,0
LGS2ORD0031196,C016281,2025-09-05 01:00:00,Female,45,Platinum,Web,Chonburi,1364,Shopee,COD,1,9,4,0,40-50,45.46666666666667,1.0,0.0,0.0,-1,235,6070.35,0.2,1.0,0.0,0.0,0.0,0,0,0.0,0.0,0,0,0.0,0.0,0,0,0.0,6070.35,1,0,0.0,1
LGS2ORD0031197,C015840,2025-09-05 01:00:00,Male,30,Silver,Lazada,Bangkok,1170,TV_Show,PromptPay,1,9,4,0,20-30,39.0,7.0,0.0,0.0,-1,25,2863.9028571428576,0.25,0.42857142857142855,0.14285714285714285,0.0,0.0,0,0,0.0,641.58,1,0,0.0,1701.8200000000002,2,0,0.0,20047.320000000003,7,0,0.0,0
LGS2ORD0031198,C017103,2025-09-05 01:00:00,Male,38,Bronze,Lazada,Nakhon Ratchasima,681,Shopee,COD,1,9,4,0,30-40,22.7,6.0,4.0,0.6666666666666666,25,34,7013.923333333333,0.28,0.6666666666666666,0.16666666666666666,0.0,0.0,0,0,0.0,0.0,0,0,0.0,14999.26,1,1,1.0,42083.54,6,4,0.6666666666666666,1
LGS2ORD0031199,C016113,2025-09-05 02:00:00,Female,37,Bronze,TV,Chiang Mai,1417,Lazada,COD,2,9,4,0,30-40,47.233333333333334,3.0,1.0,0.3333333333333333,140,153,13814.386666666667,0.28,0.6666666666666666,0.3333333333333333,0.0,0.0,0,0,0.0,0.0,0,0,0.0,0.0,0,0,0.0,41443.16,3,1,0.3333333333333333,0
LGS2ORD0031200,C016149,2025-09-05 02:00:00,Other,61,Gold,TV,Bangkok,831,Web,COD,2,9,4,0,>50,27.7,2.0,0.0,0.0,-1,61,9030.71,0.33,0.0,0.5,0.0,0.0,0,0,0.0,0.0,0,0,0.0,15485.59,1,0,0.0,18061.42,2,0,0.0,0
LGS2ORD0031201,C015199,2025-09-05 02:00:00,Male,52,Bronze,Shopee,Bangkok,584,Lazada,Credit_Card,2,9,4,0,>50,19.466666666666665,6.0,1.0,0.16666666666666666,80,32,4860.968333333334,0.23,0.5,0.3333333333333333,0.0,0.0,0,0,0.0,0.0,0,0,0.0,27339.370000000003,4,1,0.25,29165.810000000005,6,1,0.16666666666666666,0
LGS2ORD0031202,C013008,2025-09-05 02:00:00,Female,70,Bronze,TV,Songkhla,1514,Lazada,COD,2,9,4,0,>50,50.46666666666667,1.0,0.0,0.0,-1,242,22637.89,0.08,0.0,0.0,0.0,0.0,0,0,0.0,0.0,0,0,0.0,0.0,0,0,0.0,22637.89,1,0,0.0,0
LGS2ORD0031203,C017408,2025-09-05 02:00:00,Female,18,Platinum,Shopee,Bangkok,970,Lazada,COD,2,9,4,0,<20,32.333333333333336,1.0,1.0,1.0,24,33,2882.58,0.3,0.0,1.0,0.0,0.0,0,0,0.0,0.0,0,0,0.0,2882.58,1,1,1.0,2882.58,1,1,1.0,0
LGS2ORD0031204,C012000,2025-09-05 03:00:00,Female,27,Bronze,TV,Songkhla,1428,CallCenter,Credit_Card,3,9,4,0,20-30,47.6,3.0,2.0,0.6666666666666666,103,72,3581.2533333333336,0.18,1.0,0.0,0.0,0.0,0,0,0.0,0.0,0,0,0.0,3003.78,1,0,0.0,10743.76,3,2,0.6666666666666666,0
LGS2ORD0031205,C013078,2025-09-05 03:00:00,Female,45,Gold,Lazada,Remote_Area,1049,Shopee,Bank_Transfer,3,9,4,0,40-50,34.96666666666667,8.0,2.0,0.25,33,41,7064.287499999999,0.33,0.375,0.625,0.0,0.0,0,0,0.0,0.0,0,0,0.0,33978.45,4,1,0.25,56514.299999999996,8,2,0.25,0
LGS2ORD0031206,C010425,2025-09-05 03:00:00,Female,42,Silver,TV,Nakhon Ratchasima,363,Shopee,Credit_Card,3,9,4,0,40-50,12.1,4.0,1.0,0.25,-8,0,6514.1225,0.3,0.25,0.5,0.0,4020.13,1,1,1.0,21897.41,2,1,0.5,21897.41,2,1,0.5,26056.49,4,1,0.25,0
LGS2ORD0031207,C011992,2025-09-05 03:00:00,Female,45,Bronze,TV,Nakhon Ratchasima,961,TV_Show,PromptPay,3,9,4,0,40-50,32.03333333333333,10.0,0.0,0.0,-1,56,3382.629,0.23,0.6,0.2,0.0,0.0,0,0,0.0,0.0,0,0,0.0,3548.0099999999998,3,0,0.0,33826.29,10,0,0.0,0
LGS2ORD0031208,C014146,2025-09-05 03:00:00,Female,37,Bronze,Lazada,Khon Kaen,1005,TV_Show,COD,3,9,4,0,30-40,33.5,6.0,0.0,0.0,-1,96,3265.288333333334,0.28,0.6666666666666666,0.16666666666666666,0.0,0.0,0,0,0.0,0.0,0,0,0.0,0.0,0,0,0.0,19591.730000000003,6,0,0.0,0
LGS2ORD0031209,C010266,2025-09-05 04:00:00,Male,64,Bronze,TV,Songkhla,619,Shopee,Credit_Card,4,9,4,0,>50,20.633333333333333,7.0,2.0,0.2857142857142857,29,35,4153.7128571428575,0.28,0.42857142857142855,0.14285714285714285,0.0,0.0,0,0,0.0,0.0,0,0,0.0,14762.310000000001,4,1,0.25,29075.99,7,2,0.2857142857142857,0
LGS2ORD0031210,C011529,2025-09-05 04:00:00,Female,39,Bronze,Shopee,Chiang Mai,1545,Lazada,Credit_Card,4,9,4,0,30-40,51.5,6.0,0.0,0.0,-1,1,6653.051666666667,0.23,0.5,0.16666666666666666,0.0,1566.4,1,0,0.0,1871.3000000000002,2,0,0.0,24828.220000000005,5,0,0.0,39918.310000000005,6,0,0.0,0
LGS2ORD0031211,C015742,2025-09-05 04:00:00,Male,72,Gold,TV,Nakhon Ratchasima,466,Web,COD,4,9,4,0,>50,15.533333333333333,2.0,1.0,0.5,209,54,4975.505,0.28,0.5,0.5,0.0,0.0,0,0,0.0,0.0,0,0,0.0,4748.17,1,0,0.0,9951.01,2,1,0.5,0
LGS2ORD0031212,C011223,2025-09-05 04:00:00,Female,34,Silver,TV,Bangkok,1028,TV_Show,COD,4,9,4,0,30-40,34.266666666666666,1.0,0.0,0.0,-1,104,1737.73,0.05,1.0,0.0,0.0,0.0,0,0,0.0,0.0,0,0,0.0,0.0,0,0,0.0,1737.73,1,0,0.0,0
LGS2ORD0031213,C016358,2025-09-05 04:00:00,Male,48,Bronze,TV,Khon Kaen,383,TV_Show,COD,4,9,4,0,40-50,12.766666666666667,8.0,5.0,0.625,58,8,5418.8825,0.18,0.5,0.0,0.0,0.0,0,0,0.0,7338.05,1,0,0.0,21778.489999999998,3,2,0.6666666666666666,43351.06,8,5,0.625,1
LGS2ORD0031214,C013872,2025-09-05 04:00:00,Male,59,Gold,Lazada,Bangkok,865,Lazada,Credit_Card,4,9,4,0,>50,28.833333333333332,2.0,1.0,0.5,118,14,18835.36,0.33,0.0,0.5,0.0,0.0,0,0,0.0,22526.79,1,0,0.0,22526.79,1,0,0.0,37670.72,2,1,0.5,0
LGS2ORD0031215,C016658,2025-09-05 05:00:00,Male,47,Silver,Lazada,Chiang Mai,669,TV_Show,COD,5,9,4,0,40-50,22.3,6.0,2.0,0.3333333333333333,24,20,10218.073333333334,0.3,0.6666666666666666,0.5,0.0,0.0,0,0,0.0,21873.06,1,0,0.0,22350.210000000003,2,1,0.5,61308.44,6,2,0.3333333333333333,0
LGS2ORD0031216,C013159,2025-09-05 05:00:00,Male,32,Bronze,Lazada,Remote_Area,723,Web,PromptPay,5,9,4,0,30-40,24.1,3.0,1.0,0.3333333333333333,-4,10,2179.5,0.18,0.6666666666666666,0.0,0.0,0.0,0,0,0.0,1653.98,1,1,1.0,4259.889999999999,2,1,0.5,6538.5,3,1,0.3333333333333333,0
LGS2ORD0031217,C011839,2025-09-05 05:00:00,Female,52,Silver,TV,Chonburi,698,Lazada,Credit_Card,5,9,4,0,>50,23.266666666666666,6.0,2.0,0.3333333333333333,105,64,6190.201666666667,0.25,0.5,0.16666666666666666,0.0,0.0,0,0,0.0,0.0,0,0,0.0,1588.52,1,0,0.0,37141.21,6,2,0.3333333333333333,0
LGS2ORD0031218,C016563,2025-09-05 05:00:00,Female,47,Silver,Web,Remote_Area,411,Lazada,COD,5,9,4,0,40-50,13.7,3.0,2.0,0.6666666666666666,71,83,4344.663333333333,0.3,1.0,0.6666666666666666,0.0,0.0,0,0,0.0,0.0,0,0,0.0,5571.7,1,1,1.0,13033.99,3,2,0.6666666666666666,0
LGS2ORD0031219,C013698,2025-09-05 05:00:00,Female,24,Bronze,TV,Remote_Area,579,Web,Credit_Card,5,9,4,0,20-30,19.3,8.0,4.0,0.5,10,23,2551.185,0.28,0.625,0.375,0.0,0.0,0,0,0.0,916.4,1,1,1.0,5110.33,3,2,0.6666666666666666,20409.48,8,4,0.5,0
LGS2ORD0031220,C010575,2025-09-05 06:00:00,Male,52,Gold,TV,Bangkok,1255,Web,PromptPay,6,9,4,0,>50,41.833333333333336,2.0,0.0,0.0,-1,37,6061.43,0.28,0.5,1.0,0.0,0.0,0,0,0.0,0.0,0,0,0.0,3008.04,1,0,0.0,12122.86,2,0,0.0,0
LGS2ORD0031221,C016062,2025-09-05 06:00:00,Female,37,Bronze,Web,Songkhla,1640,TV_Show,COD,6,9,4,0,30-40,54.666666666666664,10.0,4.0,0.4,100,12,4085.428,0.28,0.6,0.4,0.0,0.0,0,0,0.0,2255.6000000000004,2,0,0.0,5244.26,3,0,0.0,40854.28,10,4,0.4,0
LGS2ORD0031222,C012863,2025-09-05 06:00:00,Female,41,Bronze,TV,Songkhla,1255,TV_Show,Credit_Card,6,9,4,0,40-50,41.833333333333336,4.0,2.0,0.5,17,28,11105.647500000001,0.28,0.75,0.5,0.0,0.0,0,0,0.0,1654.01,1,1,1.0,17073.85,2,1,0.5,44422.590000000004,4,2,0.5,0
LGS2ORD0031223,C010402,2025-09-05 06:00:00,Female,40,Silver,TV,Bangkok,475,Web,Bank_Transfer,6,9,4,0,30-40,15.833333333333334,3.0,0.0,0.0,-1,56,7431.19,0.2,0.6666666666666666,0.0,0.0,0.0,0,0,0.0,0.0,0,0,0.0,13935.67,2,0,0.0,22293.57,3,0,0.0,0
LGS2ORD0031224,C012381,2025-09-05 06:00:00,Male,48,Gold,CallCenter,Remote_Area,1640,TV_Show,COD,6,9,4,0,40-50,54.666666666666664,4.0,0.0,0.0,-1,10,2413.7400000000002,0.33,0.0,0.25,0.0,0.0,0,0,0.0,2690.44,1,0,0.0,2690.44,1,0,0.0,9654.960000000001,4,0,0.0,1
LGS2ORD0031225,C014632,2025-09-05 07:00:00,Male,38,Silver,Lazada,Songkhla,695,TV_Show,PromptPay,7,9,4,0,30-40,23.166666666666668,1.0,1.0,1.0,52,64,999.33,0.3,1.0,1.0,0.0,0.0,0,0,0.0,0.0,0,0,0.0,999.33,1,1,1.0,999.33,1,1,1.0,0
LGS2ORD0031226,C013590,2025-09-05 07:00:00,Female,30,Bronze,Web,Bangkok,680,Shopee,COD,7,9,4,0,20-30,22.666666666666668,2.0,0.0,0.0,-1,0,3341.67,0.28,0.5,0.5,0.0,1129.26,1,0,0.0,1129.26,1,0,0.0,1129.26,1,0,0.0,6683.34,2,0,0.0,0
LGS2ORD0031227,C013589,2025-09-05 07:00:00,Male,52,Silver,TV,Remote_Area,1344,TV_Show,Credit_Card,7,9,4,0,>50,44.8,1.0,0.0,0.0,-1,147,4774.19,0.1,1.0,0.0,0.0,0.0,0,0,0.0,0.0,0,0,0.0,0.0,0,0,0.0,4774.19,1,0,0.0,1
LGS2ORD0031228,C014533,2025-09-05 07:00:00,Female,47,Bronze,TV,Songkhla,1610,Web,COD,7,9,4,0,40-50,53.666666666666664,5.0,1.0,0.2,109,118,4165.6179999999995,0.18,0.6,0.0,0.0,0.0,0,0,0.0,0.0,0,0,0.0,0.0,0,0,0.0,20828.089999999997,5,1,0.2,1
LGS2ORD0031229,C016236,2025-09-05 07:00:00,Female,18,Bronze,Lazada,Khon Kaen,361,Web,PromptPay,7,9,4,0,<20,12.033333333333333,4.0,0.0,0.0,-1,142,9324.715,0.23,1.0,0.25,0.0,0.0,0,0,0.0,0.0,0,0,0.0,0.0,0,0,0.0,37298.86,4,0,0.0,0
LGS2ORD0031230,C011602,2025-09-05 08:00:00,Male,55,Silver,Shopee,Chonburi,993,TV_Show,COD,8,9,4,0,>50,33.1,4.0,1.0,0.25,86,96,1621.7325,0.2,0.5,0.0,0.0,0.0,0,0,0.0,0.0,0,0,0.0,0.0,0,0,0.0,6486.93,4,1,0.25,0
LGS2ORD0031231,C013195,2025-09-05 08:00:00,Female,37,Gold,Web,Khon Kaen,1241,CallCenter,Credit_Card,8,9,4,0,30-40,41.36666666666667,5.0,0.0,0.0,-1,28,5948.76,0.33,0.6,0.2,0.0,0.0,0,0,0.0,1072.69,1,0,0.0,13052.750000000002,3,0,0.0,29743.800000000003,5,0,0.0,0
LGS2ORD0031232,C013790,2025-09-05 08:00:00,Female,65,Bronze,Shopee,Songkhla,1688,TV_Show,COD,8,9,4,0,>50,56.266666666666666,3.0,2.0,0.6666666666666666,47,9,13909.26,0.08,0.6666666666666666,0.0,0.0,0.0,0,0,0.0,1458.08,1,0,0.0,41727.78,3,2,0.6666666666666666,41727.78,3,2,0.6666666666666666,0
LGS2ORD0031233,C014950,2025-09-05 08:00:00,Male,55,Gold,TV,Khon Kaen,1346,Lazada,Credit_Card,8,9,4,0,>50,44.86666666666667,7.0,2.0,0.2857142857142857,4,16,2553.0414285714287,0.33,0.5714285714285714,0.5714285714285714,0.0,0.0,0,0,0.0,241.06,1,1,1.0,4781.55,2,2,1.0,17871.29,7,2,0.2857142857142857,0
LGS2ORD0031234,C016250,2025-09-05 08:00:00,Female,26,Bronze,Lazada,Bangkok,369,CallCenter,COD,8,9,4,0,20-30,12.3,3.0,0.0,0.0,-1,97,4309.63,0.23,0.6666666666666666,0.3333333333333333,0.0,0.0,0,0,0.0,0.0,0,0,0.0,0.0,0,0,0.0,12928.89,3,0,0.0,0
LGS2ORD0031235,C014672,2025-09-05 08:00:00,Female,39,Bronze,Shopee,Chiang Mai,1673,Shopee,PromptPay,8,9,4,0,30-40,55.766666666666666,10.0,2.0,0.2,136,45,7654.610999999999,0.18,0.7,0.0,0.1,0.0,0,0,0.0,0.0,0,0,0.0,2543.41,2,0,0.0,76546.10999999999,10,2,0.2,0
LGS2ORD0031236,C014308,2025-09-05 09:00:00,Male,48,Bronze,TV,Remote_Area,1272,Lazada,Bank_Transfer,9,9,4,0,40-50,42.4,5.0,1.0,0.2,21,26,10168.173999999999,0.23,0.4,0.4,0.0,0.0,0,0,0.0,2444.43,1,1,1.0,23304.66,4,1,0.25,50840.869999999995,5,1,0.2,1
LGS2ORD0031237,C013564,2025-09-05 09:00:00,Female,47,Gold,TV,Chiang Mai,683,TV_Show,Credit_Card,9,9,4,0,40-50,22.766666666666666,1.0,0.0,0.0,-1,132,400.3,0.28,0.0,1.0,0.0,0.0,0,0,0.0,0.0,0,0,0.0,0.0,0,0,0.0,400.3,1,0,0.0,1
LGS2ORD0031238,C013461,2025-09-05 09:00:00,Female,47,Bronze,CallCenter,Bangkok,297,Web,COD,9,9,4,0,40-50,9.9,6.0,0.0,0.0,-1,93,3240.84,0.28,0.16666666666666666,0.5,0.0,0.0,0,0,0.0,0.0,0,0,0.0,0.0,0,0,0.0,19445.04,6,0,0.0,1
LGS2ORD0031239,C015879,2025-09-05 09:00:00,Female,46,Silver,CallCenter,Khon Kaen,558,TV_Show,Credit_Card,9,9,4,0,40-50,18.6,6.0,1.0,0.16666666666666666,129,67,5498.0,0.2,0.6666666666666666,0.0,0.0,0.0,0,0,0.0,0.0,0,0,0.0,6405.72,1,0,0.0,32988.0,6,1,0.16666666666666666,0
LGS2ORD0031240,C011854,2025-09-05 09:00:00,Male,57,Bronze,CallCenter,Remote_Area,782,Shopee,COD,9,9,4,0,>50,26.066666666666666,5.0,3.0,0.6,33,38,6206.445999999999,0.18,0.8,0.0,0.0,0.0,0,0,0.0,0.0,0,0,0.0,22292.86,2,1,0.5,31032.229999999996,5,3,0.6,1
LGS2ORD0031241,C014075,2025-09-05 10:00:00,Male,51,Bronze,Shopee,Remote_Area,536,CallCenter,COD,10,9,4,0,>50,17.866666666666667,1.0,0.0,0.0,-1,52,3362.05,0.08,1.0,0.0,0.0,0.0,0,0,0.0,0.0,0,0,0.0,3362.05,1,0,0.0,3362.05,1,0,0.0,1
LGS2ORD0031242,C017902,2025-09-05 10:00:00,Female,43,Gold,TV,Bangkok,970,Shopee,COD,10,9,4,0,40-50,32.333333333333336,5.0,2.0,0.4,5,11,2599.9440000000004,0.33,0.8,0.8,0.0,0.0,0,0,0.0,1696.87,1,1,1.0,5490.48,2,1,0.5,12999.720000000001,5,2,0.4,0
LGS2ORD0031243,C016389,2025-09-05 10:00:00,Male,49,Bronze,Lazada,Remote_Area,752,Web,PromptPay,10,9,4,0,40-50,25.066666666666666,5.0,2.0,0.4,125,38,4969.710000000001,0.18,0.6,0.0,0.0,0.0,0,0,0.0,0.0,0,0,0.0,10203.990000000002,2,0,0.0,24848.550000000003,5,2,0.4,0
LGS2ORD0031244,C012974,2025-09-05 10:00:00,Female,56,Gold,Web,Songkhla,994,Shopee,Credit_Card,10,9,4,0,>50,33.13333333333333,4.0,2.0,0.5,45,10,4304.3675,0.33,0.5,0.75,0.0,0.0,0,0,0.0,1620.75,1,0,0.0,7309.75,2,1,0.5,17217.47,4,2,0.5,1
LGS2ORD0031245,C015007,2025-09-05 10:00:00,Female,35,Silver,TV,Chonburi,858,CallCenter,Bank_Transfer,10,9,4,0,30-40,28.6,2.0,0.0,0.0,-1,49,2411.545,0.1,0.0,0.0,0.0,0.0,0,0,0.0,0.0,0,0,0.0,4823.09,2,0,0.0,4823.09,2,0,0.0,0
LGS2ORD0031246,C015281,2025-09-05 11:00:00,Male,42,Bronze,TV,Chonburi,357,Lazada,Bank_Transfer,11,9,4,0,40-50,11.9,5.0,3.0,0.6,108,119,2526.3540000000003,0.23,0.6,0.4,0.0,0.0,0,0,0.0,0.0,0,0,0.0,0.0,0,0,0.0,12631.77,5,3,0.6,1
LGS2ORD0031247,C015989,2025-09-05 11:00:00,Female,42,Bronze,Shopee,Chonburi,783,TV_Show,PromptPay,11,9,4,0,40-50,26.1,6.0,2.0,0.3333333333333333,11,16,6388.761666666666,0.28,0.5,0.3333333333333333,0.0,0.0,0,0,0.0,31727.85,2,1,0.5,35093.28,4,2,0.5,38332.57,6,2,0.3333333333333333,0
LGS2ORD0031248,C013614,2025-09-05 11:00:00,Female,24,Silver,Shopee,Nakhon Ratchasima,335,Lazada,COD,11,9,4,0,20-30,11.166666666666666,1.0,1.0,1.0,28,38,2464.52,0.2,1.0,0.0,0.0,0.0,0,0,0.0,0.0,0,0,0.0,2464.52,1,1,1.0,2464.52,1,1,1.0,1
LGS2ORD0031249,C010771,2025-09-05 11:00:00,Other,50,Bronze,Shopee,Chonburi,1588,Shopee,Credit_Card,11,9,4,0,40-50,52.93333333333333,8.0,3.0,0.375,145,39,5544.84625,0.28,0.75,0.375,0.0,0.0,0,0,0.0,0.0,0,0,0.0,1052.5,1,0,0.0,44358.77,8,3,0.375,0
LGS2ORD0031250,C012610,2025-09-05 11:00:00,Other,42,Silver,TV,Remote_Area,689,Web,COD,11,9,4,0,40-50,22.966666666666665,4.0,2.0,0.5,38,42,1150.245,0.2,0.75,0.0,0.0,0.0,0,0,0.0,0.0,0,0,0.0,1951.12,1,1,1.0,4600.98,4,2,0.5,1
LGS2ORD0031251,C017884,2025-09-05 11:00:00,Female,58,Gold,Shopee,Bangkok,1394,Lazada,COD,11,9,4,0,>50,46.46666666666667,2.0,1.0,0.5,8,19,2734.045,0.08,1.0,0.0,0.0,0.0,0,0,0.0,2353.04,1,1,1.0,2353.04,1,1,1.0,5468.09,2,1,0.5,0
LGS2ORD0031252,C013610,2025-09-05 12:00:00,Female,48,Gold,Shopee,Nakhon Ratchasima,1607,CallCenter,Credit_Card,12,9,4,0,40-50,53.56666666666667,3.0,1.0,0.3333333333333333,1,8,5610.276666666668,0.33,0.3333333333333333,0.6666666666666666,0.0,0.0,0,0,0.0,323.33,1,1,1.0,10008.93,2,1,0.5,16830.83,3,1,0.3333333333333333,0
LGS2ORD0031253,C017660,2025-09-05 12:00:00,Male,42,Gold,Lazada,Nakhon Ratchasima,348,Shopee,Credit_Card,12,9,4,0,40-50,11.6,2.0,0.0,0.0,-1,159,7722.145,0.08,0.0,0.0,0.0,0.0,0,0,0.0,0.0,0,0,0.0,0.0,0,0,0.0,15444.29,2,0,0.0,0
LGS2ORD0031254,C016811,2025-09-05 12:00:00,Female,38,Gold,Web,Chonburi,974,Lazada,COD,12,9,4,0,30-40,32.46666666666667,2.0,0.0,0.0,-1,37,13022.43,0.2299999999999999,0.5,0.5,0.0,0.0,0,0,0.0,0.0,0,0,0.0,26044.86,2,0,0.0,26044.86,2,0,0.0,0
LGS2ORD0031255,C011592,2025-09-05 12:00:00,Male,25,Bronze,Shopee,Remote_Area,384,Shopee,COD,12,9,4,0,20-30,12.8,4.0,1.0,0.25,40,54,12272.7,0.28,1.0,0.5,0.0,0.0,0,0,0.0,0.0,0,0,0.0,3679.14,2,1,0.5,49090.8,4,1,0.25,1
LGS2ORD0031256,C014874,2025-09-05 12:00:00,Female,31,Silver,CallCenter,Chiang Mai,672,Web,COD,12,9,4,0,30-40,22.4,4.0,1.0,0.25,40,51,1968.7900000000002,0.1,0.5,0.0,0.0,0.0,0,0,0.0,0.0,0,0,0.0,2580.12,1,1,1.0,7875.160000000001,4,1,0.25,0
LGS2ORD0031257,C015326,2025-09-05 13:00:00,Male,22,Bronze,Lazada,Chonburi,270,TV_Show,Credit_Card,13,9,4,0,20-30,9.0,5.0,1.0,0.2,63,73,4120.888000000001,0.28,0.6,0.2,0.0,0.0,0,0,0.0,0.0,0,0,0.0,802.36,1,1,1.0,20604.440000000002,5,1,0.2,0
LGS2ORD0031258,C012743,2025-09-05 13:00:00,Female,29,Platinum,Web,Bangkok,1368,TV_Show,Bank_Transfer,13,9,4,0,20-30,45.6,2.0,0.0,0.0,-1,142,5205.31,0.1,0.5,0.0,0.0,0.0,0,0,0.0,0.0,0,0,0.0,0.0,0,0,0.0,10410.62,2,0,0.0,0
LGS2ORD0031259,C011299,2025-09-05 13:00:00,Male,43,Bronze,TV,Bangkok,1311,Lazada,Credit_Card,13,9,4,0,40-50,43.7,5.0,1.0,0.2,62,26,4328.2919999999995,0.23,0.6,0.4,0.0,0.0,0,0,0.0,4879.64,1,0,0.0,16242.970000000001,3,1,0.3333333333333333,21641.46,5,1,0.2,0
LGS2ORD0031260,C015472,2025-09-05 13:00:00,Female,63,Bronze,Web,Nakhon Ratchasima,293,Web,Credit_Card,13,9,4,0,>50,9.766666666666667,5.0,1.0,0.2,86,6,16551.182,0.18,0.4,0.0,0.0,10180.43,1,0,0.0,10180.43,1,0,0.0,10180.43,1,0,0.0,82755.91,5,1,0.2,0
LGS2ORD0031261,C012398,2025-09-05 13:00:00,Female,40,Bronze,Lazada,Songkhla,385,Lazada,Credit_Card,13,9,4,0,30-40,12.833333333333334,4.0,1.0,0.25,90,97,7274.1050000000005,0.28,0.5,0.25,0.0,0.0,0,0,0.0,0.0,0,0,0.0,0.0,0,0,0.0,29096.420000000002,4,1,0.25,0
LGS2ORD0031262,C016621,2025-09-05 14:00:00,Male,34,Gold,Web,Chiang Mai,1044,CallCenter,Bank_Transfer,14,9,4,0,30-40,34.8,3.0,1.0,0.3333333333333333,138,21,4173.733333333333,0.33,0.3333333333333333,1.0,0.0,0.0,0,0,0.0,8409.13,1,0,0.0,11791.56,2,0,0.0,12521.199999999999,3,1,0.3333333333333333,0
LGS2ORD0031263,C015454,2025-09-05 14:00:00,Female,30,Platinum,TV,Nakhon Ratchasima,1318,Web,Credit_Card,14,9,4,0,20-30,43.93333333333333,6.0,2.0,0.3333333333333333,144,32,2151.98,0.3,0.3333333333333333,0.3333333333333333,0.0,0.0,0,0,0.0,0.0,0,0,0.0,3622.12,2,0,0.0,12911.880000000001,6,2,0.3333333333333333,0
LGS2ORD0031264,C010354,2025-09-05 14:00:00,Male,33,Bronze,TV,Chonburi,1312,TV_Show,Bank_Transfer,14,9,4,0,30-40,43.733333333333334,7.0,2.0,0.2857142857142857,149,15,6022.117142857142,0.28,0.2857142857142857,0.14285714285714285,0.0,0.0,0,0,0.0,15128.03,3,0,0.0,15332.82,4,0,0.0,42154.82,7,2,0.2857142857142857,0
LGS2ORD0031265,C011193,2025-09-05 14:00:00,Male,35,Gold,Shopee,Bangkok,844,Shopee,PromptPay,14,9,4,0,30-40,28.133333333333333,3.0,0.0,0.0,-1,70,6078.063333333333,0.28,0.3333333333333333,0.3333333333333333,0.0,0.0,0,0,0.0,0.0,0,0,0.0,18234.19,3,0,0.0,18234.19,3,0,0.0,0
LGS2ORD0031266,C010126,2025-09-05 14:00:00,Female,37,Bronze,Web,Phuket,724,Shopee,Credit_Card,14,9,4,0,30-40,24.133333333333333,4.0,2.0,0.5,13,9,5756.2,0.23,0.25,0.25,0.0,0.0,0,0,0.0,7616.3,2,1,0.5,7616.3,2,1,0.5,23024.8,4,2,0.5,0
LGS2ORD0031267,C011263,2025-09-05 15:00:00,Female,47,Silver,Shopee,Remote_Area,1014,Web,Credit_Card,15,9,4,0,40-50,33.8,7.0,4.0,0.5714285714285714,74,60,4207.324285714286,0.3,0.42857142857142855,0.42857142857142855,0.0,0.0,0,0,0.0,0.0,0,0,0.0,16952.84,2,1,0.5,29451.27,7,4,0.5714285714285714,0
LGS2ORD0031268,C017771,2025-09-05 15:00:00,Female,46,Bronze,CallCenter,Remote_Area,515,Shopee,PromptPay,15,9,4,0,40-50,17.166666666666668,7.0,1.0,0.14285714285714285,0,10,5680.975714285715,0.18,0.2857142857142857,0.0,0.0,0.0,0,0,0.0,1527.19,1,1,1.0,2711.98,2,1,0.5,39766.83000000001,7,1,0.14285714285714285,0
LGS2ORD0031269,C010278,2025-09-05 15:00:00,Male,36,Bronze,TV,Khon Kaen,1375,Lazada,Bank_Transfer,15,9,4,0,30-40,45.833333333333336,4.0,1.0,0.25,28,34,3830.1549999999997,0.23,0.25,0.25,0.0,0.0,0,0,0.0,0.0,0,0,0.0,8288.08,2,1,0.5,15320.619999999999,4,1,0.25,1
LGS2ORD0031270,C016846,2025-09-05 15:00:00,Male,29,Bronze,TV,Remote_Area,1136,Shopee,PromptPay,15,9,4,0,20-30,37.86666666666667,2.0,0.0,0.0,-1,107,3831.245,0.13,0.5,0.0,0.0,0.0,0,0,0.0,0.0,0,0,0.0,0.0,0,0,0.0,7662.49,2,0,0.0,0
LGS2ORD0031271,C010488,2025-09-05 15:00:00,Female,51,Silver,Web,Songkhla,456,TV_Show,COD,15,9,4,0,>50,15.2,5.0,2.0,0.4,92,96,11552.346,0.3,0.6,0.2,0.0,0.0,0,0,0.0,0.0,0,0,0.0,0.0,0,0,0.0,57761.729999999996,5,2,0.4,0
LGS2ORD0031272,C012069,2025-09-05 15:00:00,Female,30,Silver,TV,Bangkok,1027,TV_Show,COD,15,9,4,0,20-30,34.233333333333334,4.0,0.0,0.0,-1,2,1852.3375,0.25,0.25,0.5,0.0,2400.65,1,0,0.0,2400.65,1,0,0.0,6615.370000000001,3,0,0.0,7409.35,4,0,0.0,0
LGS2ORD0031273,C010966,2025-09-05 16:00:00,Male,33,Gold,Web,Bangkok,1606,Shopee,COD,16,9,4,0,30-40,53.53333333333333,2.0,1.0,0.5,165,130,32967.305,0.13,0.5,0.0,0.0,0.0,0,0,0.0,0.0,0,0,0.0,0.0,0,0,0.0,65934.61,2,1,0.5,0
LGS2ORD0031274,C015728,2025-09-05 16:00:00,Female,33,Bronze,CallCenter,Remote_Area,425,TV_Show,COD,16,9,4,0,30-40,14.166666666666666,5.0,2.0,0.4,55,64,9764.664,0.28,0.4,0.4,0.0,0.0,0,0,0.0,0.0,0,0,0.0,6190.18,1,1,1.0,48823.32,5,2,0.4,1
LGS2ORD0031275,C011550,2025-09-05 16:00:00,Female,53,Silver,Shopee,Nakhon Ratchasima,617,Lazada,Credit_Card,16,9,4,0,>50,20.566666666666666,8.0,0.0,0.0,-1,44,9428.33125,0.3,0.5,0.25,0.0,0.0,0,0,0.0,0.0,0,0,0.0,29441.5,4,0,0.0,75426.65,8,0,0.0,0
LGS2ORD0031276,C014935,2025-09-05 16:00:00,Male,33,Silver,Shopee,Chonburi,995,Web,Credit_Card,16,9,4,0,30-40,33.166666666666664,4.0,2.0,0.5,102,28,2677.2275,0.25,0.25,0.25,0.0,0.0,0,0,0.0,1439.0,1,0,0.0,9987.52,2,0,0.0,10708.91,4,2,0.5,0
LGS2ORD0031277,C013898,2025-09-05 16:00:00,Female,32,Bronze,Shopee,Chonburi,391,CallCenter,COD,16,9,4,0,30-40,13.033333333333333,2.0,2.0,1.0,1,13,9551.880000000001,0.23,0.5,0.5,0.0,0.0,0,0,0.0,912.29,1,1,1.0,912.29,1,1,1.0,19103.760000000002,2,2,1.0,0
LGS2ORD0031278,C013402,2025-09-05 17:00:00,Male,40,Bronze,TV,Phuket,645,CallCenter,COD,17,9,4,0,30-40,21.5,8.0,4.0,0.5,65,4,4301.6125,0.28,0.875,0.25,0.0,2818.96,1,0,0.0,2818.96,1,0,0.0,3373.4300000000003,2,1,0.5,34412.9,8,4,0.5,0
LGS2ORD0031279,C010065,2025-09-05 17:00:00,Male,38,Bronze,CallCenter,Khon Kaen,1705,Lazada,Credit_Card,17,9,4,0,30-40,56.833333333333336,7.0,0.0,0.0,-1,12,3470.682857142857,0.28,0.42857142857142855,0.5714285714285714,0.0,0.0,0,0,0.0,4016.8999999999996,2,0,0.0,9543.54,3,0,0.0,24294.78,7,0,0.0,0
LGS2ORD0031280,C014772,2025-09-05 17:00:00,Female,34,Platinum,Shopee,Nakhon Ratchasima,1528,TV_Show,COD,17,9,4,0,30-40,50.93333333333333,3.0,0.0,0.0,-1,39,4154.1466666666665,0.35,0.6666666666666666,0.6666666666666666,0.0,0.0,0,0,0.0,0.0,0,0,0.0,6486.46,1,0,0.0,12462.439999999999,3,0,0.0,1
LGS2ORD0031281,C012872,2025-09-05 17:00:00,Female,33,Gold,CallCenter,Bangkok,1448,Web,Credit_Card,17,9,4,0,30-40,48.266666666666666,3.0,0.0,0.0,-1,4,5189.533333333333,0.28,0.6666666666666666,0.3333333333333333,0.0,10711.31,1,0,0.0,10711.31,1,0,0.0,10711.31,1,0,0.0,15568.599999999999,3,0,0.0,0
LGS2ORD0031282,C014312,2025-09-05 17:00:00,Female,41,Silver,CallCenter,Bangkok,291,Lazada,Credit_Card,17,9,4,0,40-50,9.7,8.0,1.0,0.125,228,38,3495.18,0.3,0.375,0.25,0.0,0.0,0,0,0.0,0.0,0,0,0.0,6760.84,2,0,0.0,27961.44,8,1,0.125,0
LGS2ORD0031283,C010861,2025-09-05 18:00:00,Male,24,Bronze,Web,Nakhon Ratchasima,611,Shopee,COD,18,9,4,0,20-30,20.366666666666667,5.0,1.0,0.2,129,32,5002.01,0.28,0.4,0.4,0.0,0.0,0,0,0.0,0.0,0,0,0.0,17601.6,4,0,0.0,25010.05,5,1,0.2,0
LGS2ORD0031284,C013482,2025-09-05 18:00:00,Female,51,Gold,Shopee,Chiang Mai,785,Shopee,Credit_Card,18,9,4,0,>50,26.166666666666668,6.0,2.0,0.3333333333333333,85,18,10726.051666666666,0.28,0.5,0.3333333333333333,0.0,0.0,0,0,0.0,29300.49,1,0,0.0,29300.49,1,0,0.0,64356.31,6,2,0.3333333333333333,0
LGS2ORD0031285,C015415,2025-09-05 18:00:00,Female,31,Silver,CallCenter,Nakhon Ratchasima,300,Shopee,COD,18,9,4,0,30-40,10.0,5.0,2.0,0.4,37,49,2896.704,0.3,0.4,0.2,0.0,0.0,0,0,0.0,0.0,0,0,0.0,2991.55,1,1,1.0,14483.52,5,2,0.4,0
LGS2ORD0031286,C012603,2025-09-05 18:00:00,Male,34,Silver,Web,Bangkok,762,Web,Credit_Card,18,9,4,0,30-40,25.4,2.0,0.0,0.0,-1,55,1612.355,0.25,0.0,0.5,0.0,0.0,0,0,0.0,0.0,0,0,0.0,431.36,1,0,0.0,3224.71,2,0,0.0,1
LGS2ORD0031287,C014670,2025-09-05 18:00:00,Male,29,Silver,CallCenter,Chiang Mai,903,Lazada,PromptPay,18,9,4,0,20-30,30.1,3.0,1.0,0.3333333333333333,94,100,2756.06,0.2,0.3333333333333333,0.0,0.0,0.0,0,0,0.0,0.0,0,0,0.0,0.0,0,0,0.0,8268.18,3,1,0.3333333333333333,0
LGS2ORD0031288,C013669,2025-09-05 19:00:00,Female,54,Bronze,Shopee,Phuket,713,TV_Show,COD,19,9,4,0,>50,23.766666666666666,6.0,3.0,0.5,-1,11,1941.2233333333334,0.18,0.5,0.0,0.0,0.0,0,0,0.0,1423.19,1,1,1.0,4995.58,3,2,0.6666666666666666,11647.34,6,3,0.5,0
LGS2ORD0031289,C017415,2025-09-05 19:00:00,Female,58,Bronze,Shopee,Songkhla,1594,Shopee,COD,19,9,4,0,>50,53.13333333333333,9.0,2.0,0.2222222222222222,0,11,3272.403333333333,0.18,0.7777777777777778,0.0,0.0,0.0,0,0,0.0,6120.24,1,1,1.0,16722.739999999998,3,1,0.3333333333333333,29451.629999999997,9,2,0.2222222222222222,0
LGS2ORD0031290,C013965,2025-09-05 19:00:00,Male,26,Gold,CallCenter,Bangkok,707,Lazada,COD,19,9,4,0,20-30,23.566666666666666,1.0,0.0,0.0,-1,28,5264.35,0.2299999999999999,1.0,1.0,0.0,0.0,0,0,0.0,5264.35,1,0,0.0,5264.35,1,0,0.0,5264.35,1,0,0.0,0
LGS2ORD0031291,C012936,2025-09-05 19:00:00,Female,45,Silver,Lazada,Khon Kaen,289,Web,COD,19,9,4,0,40-50,9.633333333333333,3.0,1.0,0.3333333333333333,152,157,3970.1966666666667,0.2,0.3333333333333333,0.0,0.0,0.0,0,0,0.0,0.0,0,0,0.0,0.0,0,0,0.0,11910.59,3,1,0.3333333333333333,0
LGS2ORD0031292,C011315,2025-09-05 19:00:00,Female,37,Silver,Shopee,Bangkok,277,TV_Show,Credit_Card,19,9,4,0,30-40,9.233333333333333,7.0,2.0,0.2857142857142857,60,25,1748.447142857143,0.3,0.2857142857142857,0.7142857142857143,0.0,0.0,0,0,0.0,1075.07,1,0,0.0,4344.9,3,1,0.3333333333333333,12239.130000000001,7,2,0.2857142857142857,0
LGS2ORD0031293,C010431,2025-09-05 19:00:00,Male,62,Silver,TV,Bangkok,1074,Lazada,COD,19,9,4,0,>50,35.8,6.0,0.0,0.0,-1,45,6880.6466666666665,0.25,0.8333333333333334,0.16666666666666666,0.0,0.0,0,0,0.0,0.0,0,0,0.0,31463.690000000002,3,0,0.0,41283.88,6,0,0.0,0
LGS2ORD0031294,C017524,2025-09-05 20:00:00,Male,48,Bronze,Shopee,Remote_Area,1340,Shopee,PromptPay,20,9,4,0,40-50,44.666666666666664,9.0,6.0,0.6666666666666666,25,8,6157.983333333334,0.23,0.4444444444444444,0.2222222222222222,0.0,0.0,0,0,0.0,7593.13,1,0,0.0,40333.45,5,2,0.4,55421.85,9,6,0.6666666666666666,1
LGS2ORD0031295,C010267,2025-09-05 20:00:00,Female,34,Bronze,Shopee,Remote_Area,366,TV_Show,COD,20,9,4,0,30-40,12.2,6.0,4.0,0.6666666666666666,-7,3,8257.293333333333,0.23,0.8333333333333334,0.6666666666666666,0.0,2364.37,1,1,1.0,37789.18,2,1,0.5,42718.87,4,3,0.75,49543.76,6,4,0.6666666666666666,0
LGS2ORD0031296,C010444,2025-09-05 20:00:00,Male,31,Silver,Lazada,Chonburi,1250,Shopee,COD,20,9,4,0,30-40,41.666666666666664,2.0,0.0,0.0,-1,63,8369.619999999999,0.05,0.5,0.0,0.0,0.0,0,0,0.0,0.0,0,0,0.0,16739.239999999998,2,0,0.0,16739.239999999998,2,0,0.0,0
LGS2ORD0031297,C016244,2025-09-05 20:00:00,Female,72,Gold,Shopee,Bangkok,354,Shopee,Bank_Transfer,20,9,4,0,>50,11.8,5.0,1.0,0.2,23,29,7021.606,0.18,0.2,0.0,0.0,0.0,0,0,0.0,1509.94,1,1,1.0,9964.390000000001,3,1,0.3333333333333333,35108.03,5,1,0.2,0
LGS2ORD0031298,C013433,2025-09-05 20:00:00,Female,33,Bronze,TV,Bangkok,756,Shopee,COD,20,9,4,0,30-40,25.2,2.0,0.0,0.0,-1,6,8587.605,0.13,0.5,0.0,0.0,14126.92,1,0,0.0,14126.92,1,0,0.0,14126.92,1,0,0.0,17175.21,2,0,0.0,1
LGS2ORD0031299,C017227,2025-09-05 21:00:00,Male,47,Platinum,Shopee,Bangkok,402,Shopee,COD,21,9,4,0,40-50,13.4,4.0,1.0,0.25,55,65,1360.7050000000002,0.35,0.5,0.75,0.0,0.0,0,0,0.0,0.0,0,0,0.0,1808.76,1,1,1.0,5442.820000000001,4,1,0.25,0
LGS2ORD0031300,C013183,2025-09-05 21:00:00,Female,61,Bronze,TV,Khon Kaen,1658,Lazada,COD,21,9,4,0,>50,55.266666666666666,6.0,0.0,0.0,-1,36,5921.28,0.23,0.3333333333333333,0.16666666666666666,0.0,0.0,0,0,0.0,0.0,0,0,0.0,25433.41,4,0,0.0,35527.68,6,0,0.0,0
LGS2ORD0031301,C011888,2025-09-05 21:00:00,Female,43,Gold,Web,Remote_Area,1625,Lazada,COD,21,9,4,0,40-50,54.166666666666664,1.0,0.0,0.0,-1,190,3567.35,0.2299999999999999,1.0,1.0,0.0,0.0,0,0,0.0,0.0,0,0,0.0,0.0,0,0,0.0,3567.35,1,0,0.0,0
LGS2ORD0031302,C010314,2025-09-05 21:00:00,Female,36,Platinum,Shopee,Nakhon Ratchasima,877,Web,COD,21,9,4,0,30-40,29.233333333333334,3.0,0.0,0.0,-1,59,1747.636666666667,0.35,1.0,0.3333333333333333,0.0,0.0,0,0,0.0,0.0,0,0,0.0,4451.52,1,0,0.0,5242.910000000001,3,0,0.0,0
LGS2ORD0031303,C014229,2025-09-05 21:00:00,Male,46,Bronze,CallCenter,Nakhon Ratchasima,1681,CallCenter,Credit_Card,21,9,4,0,40-50,56.03333333333333,3.0,0.0,0.0,-1,21,3252.2466666666664,0.18,0.0,0.0,0.0,0.0,0,0,0.0,4056.06,1,0,0.0,4056.06,1,0,0.0,9756.74,3,0,0.0,0
LGS2ORD0031304,C016296,2025-09-05 22:00:00,Male,42,Bronze,Web,Nakhon Ratchasima,569,Web,Credit_Card,22,9,4,0,40-50,18.966666666666665,3.0,2.0,0.6666666666666666,198,155,1669.9066666666665,0.23,0.6666666666666666,0.3333333333333333,0.0,0.0,0,0,0.0,0.0,0,0,0.0,0.0,0,0,0.0,5009.719999999999,3,2,0.6666666666666666,1
LGS2ORD0031305,C016456,2025-09-05 22:00:00,Male,62,Bronze,TV,Remote_Area,1022,CallCenter,Credit_Card,22,9,4,0,>50,34.06666666666667,5.0,2.0,0.4,34,39,5597.454,0.28,0.6,0.6,0.0,0.0,0,0,0.0,0.0,0,0,0.0,3913.13,2,1,0.5,27987.269999999997,5,2,0.4,1
LGS2ORD0031306,C016013,2025-09-05 22:00:00,Male,55,Bronze,Lazada,Khon Kaen,492,TV_Show,COD,22,9,4,0,>50,16.4,3.0,0.0,0.0,-1,15,3571.5333333333333,0.28,0.6666666666666666,0.3333333333333333,0.0,0.0,0,0,0.0,3156.25,1,0,0.0,3156.25,1,0,0.0,10714.6,3,0,0.0,0
LGS2ORD0031307,C010962,2025-09-05 22:00:00,Female,39,Bronze,Shopee,Chonburi,962,Web,COD,22,9,4,0,30-40,32.06666666666667,3.0,2.0,0.6666666666666666,98,109,7015.093333333333,0.28,1.0,0.3333333333333333,0.0,0.0,0,0,0.0,0.0,0,0,0.0,0.0,0,0,0.0,21045.28,3,2,0.6666666666666666,0
LGS2ORD0031308,C010432,2025-09-05 22:00:00,Male,67,Platinum,TV,Bangkok,917,TV_Show,Credit_Card,22,9,4,0,>50,30.566666666666666,4.0,0.0,0.0,-1,82,1885.1774999999998,0.35,1.0,0.75,0.0,0.0,0,0,0.0,0.0,0,0,0.0,601.81,1,0,0.0,7540.709999999999,4,0,0.0,0
LGS2ORD0031309,C012827,2025-09-05 23:00:00,Female,47,Bronze,CallCenter,Songkhla,965,Shopee,COD,23,9,4,0,40-50,32.166666666666664,8.0,3.0,0.375,51,28,3416.32,0.28,0.75,0.375,0.0,0.0,0,0,0.0,3193.66,1,0,0.0,13666.85,3,1,0.3333333333333333,27330.56,8,3,0.375,1
LGS2ORD0031310,C016319,2025-09-05 23:00:00,Female,30,Bronze,Shopee,Chonburi,320,Shopee,COD,23,9,4,0,20-30,10.666666666666666,6.0,3.0,0.5,81,8,7526.126666666666,0.28,0.6666666666666666,0.3333333333333333,0.0,0.0,0,0,0.0,15893.07,1,0,0.0,33974.979999999996,3,0,0.0,45156.759999999995,6,3,0.5,1
LGS2ORD0031311,C015426,2025-09-05 23:00:00,Male,51,Bronze,Shopee,Songkhla,735,Shopee,COD,23,9,4,0,>50,24.5,3.0,1.0,0.3333333333333333,74,90,18374.38,0.23,0.6666666666666666,0.3333333333333333,0.0,0.0,0,0,0.0,0.0,0,0,0.0,0.0,0,0,0.0,55123.14,3,1,0.3333333333333333,1
LGS2ORD0031312,C010214,2025-09-05 23:00:00,Male,44,Silver,Web,Nakhon Ratchasima,783,Web,Credit_Card,23,9,4,0,40-50,26.1,5.0,3.0,0.6,-5,2,7089.954,0.3,0.4,0.4,0.0,2048.95,1,1,1.0,2048.95,1,1,1.0,2048.95,1,1,1.0,35449.77,5,3,0.6,0
LGS2ORD0031313,C017954,2025-09-05 23:00:00,Female,26,Bronze,Lazada,Remote_Area,1503,Web,COD,23,9,4,0,20-30,50.1,3.0,1.0,0.3333333333333333,102,110,7136.353333333333,0.28,0.0,0.3333333333333333,0.0,0.0,0,0,0.0,0.0,0,0,0.0,0.0,0,0,0.0,21409.059999999998,3,1,0.3333333333333333,1
LGS2ORD0031314,C012190,2025-09-05 23:00:00,Male,42,Silver,Lazada,Chonburi,1223,Lazada,COD,23,9,4,0,40-50,40.766666666666666,4.0,0.0,0.0,-1,97,2360.8975,0.2,0.25,0.0,0.0,0.0,0,0,0.0,0.0,0,0,0.0,0.0,0,0,0.0,9443.59,4,0,0.0,1
LGS2ORD0031315,C015923,2025-09-06 00:00:00,Male,59,Bronze,TV,Phuket,877,TV_Show,Credit_Card,0,9,5,1,>50,29.233333333333334,5.0,4.0,0.8,0,7,945.4419999999998,0.23,0.6,0.4,0.0,0.0,0,0,0.0,947.77,1,1,1.0,3226.57,3,2,0.6666666666666666,4727.209999999999,5,4,0.8,0
LGS2ORD0031316,C013017,2025-09-06 00:00:00,Female,45,Bronze,TV,Remote_Area,706,Shopee,Bank_Transfer,0,9,5,1,40-50,23.533333333333335,2.0,1.0,0.5,83,95,6719.35,0.18,1.0,0.0,0.0,0.0,0,0,0.0,0.0,0,0,0.0,0.0,0,0,0.0,13438.7,2,1,0.5,0
LGS2ORD0031317,C017488,2025-09-06 00:00:00,Male,18,Gold,TV,Remote_Area,746,TV_Show,Bank_Transfer,0,9,5,1,<20,24.866666666666667,1.0,1.0,1.0,33,48,16485.85,0.33,1.0,1.0,0.0,0.0,0,0,0.0,0.0,0,0,0.0,16485.85,1,1,1.0,16485.85,1,1,1.0,0
LGS2ORD0031318,C014716,2025-09-06 00:00:00,Female,60,Gold,TV,Bangkok,1592,Lazada,Credit_Card,0,9,5,1,>50,53.06666666666667,2.0,0.0,0.0,-1,1,4182.955,0.33,0.5,0.5,0.0,989.25,1,0,0.0,989.25,1,0,0.0,8365.91,2,0,0.0,8365.91,2,0,0.0,0
LGS2ORD0031319,C015862,2025-09-06 00:00:00,Male,56,Silver,Lazada,Songkhla,1083,Lazada,PromptPay,0,9,5,1,>50,36.1,2.0,1.0,0.5,209,12,10673.919999999998,0.25,0.5,0.5,0.0,0.0,0,0,0.0,8743.21,1,0,0.0,8743.21,1,0,0.0,21347.839999999997,2,1,0.5,0
LGS2ORD0031320,C013676,2025-09-06 01:00:00,Female,35,Platinum,TV,Chiang Mai,1517,TV_Show,Credit_Card,1,9,5,1,30-40,50.56666666666667,4.0,2.0,0.5,168,50,1800.8400000000001,0.3,0.25,0.75,0.0,0.0,0,0,0.0,0.0,0,0,0.0,3387.4300000000003,2,0,0.0,7203.360000000001,4,2,0.5,0
LGS2ORD0031321,C015586,2025-09-06 01:00:00,Male,25,Gold,Web,Bangkok,1479,Shopee,COD,1,9,5,1,20-30,49.3,2.0,1.0,0.5,153,161,5860.75,0.28,0.5,0.5,0.0,0.0,0,0,0.0,0.0,0,0,0.0,0.0,0,0,0.0,11721.5,2,1,0.5,1
LGS2ORD0031322,C012311,2025-09-06 01:00:00,Other,39,Bronze,TV,Phuket,795,TV_Show,COD,1,9,5,1,30-40,26.5,7.0,2.0,0.2857142857142857,52,22,3859.4514285714286,0.28,0.2857142857142857,0.42857142857142855,0.0,0.0,0,0,0.0,6104.16,1,0,0.0,22373.469999999998,4,2,0.5,27016.16,7,2,0.2857142857142857,1
LGS2ORD0031323,C016094,2025-09-06 01:00:00,Female,32,Gold,CallCenter,Phuket,297,Lazada,PromptPay,1,9,5,1,30-40,9.9,5.0,0.0,0.0,-1,93,7338.37,0.33,0.8,0.6,0.0,0.0,0,0,0.0,0.0,0,0,0.0,0.0,0,0,0.0,36691.85,5,0,0.0,0
LGS2ORD0031324,C011104,2025-09-06 01:00:00,Female,45,Bronze,Shopee,Bangkok,1514,TV_Show,COD,1,9,5,1,40-50,50.46666666666667,4.0,1.0,0.25,137,11,3835.1375000000003,0.23,0.5,0.25,0.0,0.0,0,0,0.0,901.49,1,0,0.0,901.49,1,0,0.0,15340.550000000001,4,1,0.25,0
LGS2ORD0031325,C017746,2025-09-06 02:00:00,Male,65,Silver,TV,Chonburi,368,Web,Bank_Transfer,2,9,5,1,>50,12.266666666666667,6.0,2.0,0.3333333333333333,24,31,4024.275,0.3,0.5,0.5,0.0,0.0,0,0,0.0,0.0,0,0,0.0,14064.01,3,1,0.3333333333333333,24145.65,6,2,0.3333333333333333,1
LGS2ORD0031326,C017592,2025-09-06 02:00:00,Female,64,Bronze,TV,Remote_Area,848,TV_Show,Credit_Card,2,9,5,1,>50,28.266666666666666,1.0,0.0,0.0,-1,5,988.26,0.08,1.0,0.0,0.0,988.26,1,0,0.0,988.26,1,0,0.0,988.26,1,0,0.0,988.26,1,0,0.0,0
LGS2ORD0031327,C016247,2025-09-06 02:00:00,Female,33,Silver,TV,Phuket,1156,CallCenter,COD,2,9,5,1,30-40,38.53333333333333,1.0,1.0,1.0,9,15,21107.81,0.05,0.0,0.0,0.0,0.0,0,0,0.0,21107.81,1,1,1.0,21107.81,1,1,1.0,21107.81,1,1,1.0,1
LGS2ORD0031328,C010017,2025-09-06 02:00:00,Male,50,Silver,TV,Phuket,830,Lazada,COD,2,9,5,1,40-50,27.666666666666668,4.0,2.0,0.5,187,29,3519.9825,0.3,0.75,0.25,0.0,0.0,0,0,0.0,7800.71,1,0,0.0,9101.06,2,0,0.0,14079.93,4,2,0.5,0
LGS2ORD0031329,C014581,2025-09-06 02:00:00,Male,43,Silver,TV,Phuket,995,CallCenter,COD,2,9,5,1,40-50,33.166666666666664,2.0,0.0,0.0,-1,44,2232.645,0.1,0.0,0.0,0.0,0.0,0,0,0.0,0.0,0,0,0.0,2014.25,1,0,0.0,4465.29,2,0,0.0,0
LGS2ORD0031330,C011112,2025-09-06 03:00:00,Female,49,Gold,TV,Khon Kaen,1081,Lazada,Bank_Transfer,3,9,5,1,40-50,36.03333333333333,3.0,0.0,0.0,-1,12,2483.7933333333335,0.33,0.0,0.3333333333333333,0.0,0.0,0,0,0.0,5673.35,1,0,0.0,5673.35,1,0,0.0,7451.38,3,0,0.0,0
LGS2ORD0031331,C017482,2025-09-06 03:00:00,Female,29,Bronze,TV,Chiang Mai,1263,Web,COD,3,9,5,1,20-30,42.1,6.0,3.0,0.5,48,67,4175.078333333333,0.28,0.0,0.3333333333333333,0.0,0.0,0,0,0.0,0.0,0,0,0.0,4979.24,2,1,0.5,25050.469999999998,6,3,0.5,1
LGS2ORD0031332,C012232,2025-09-06 03:00:00,Male,28,Platinum,CallCenter,Chiang Mai,1461,CallCenter,Credit_Card,3,9,5,1,20-30,48.7,3.0,0.0,0.0,-1,54,8255.706666666667,0.3,0.0,0.3333333333333333,0.0,0.0,0,0,0.0,0.0,0,0,0.0,863.5,1,0,0.0,24767.120000000003,3,0,0.0,0
LGS2ORD0031333,C017809,2025-09-06 03:00:00,Female,47,Bronze,Lazada,Bangkok,320,TV_Show,PromptPay,3,9,5,1,40-50,10.666666666666666,7.0,0.0,0.0,-1,27,4434.837142857143,0.28,0.5714285714285714,0.14285714285714285,0.0,0.0,0,0,0.0,4860.66,1,0,0.0,11495.75,3,0,0.0,31043.86,7,0,0.0,0
LGS2ORD0031334,C015297,2025-09-06 03:00:00,Male,26,Silver,Shopee,Nakhon Ratchasima,945,CallCenter,COD,3,9,5,1,20-30,31.5,1.0,0.0,0.0,-1,134,4772.72,0.15,0.0,0.0,0.0,0.0,0,0,0.0,0.0,0,0,0.0,0.0,0,0,0.0,4772.72,1,0,0.0,0
LGS2ORD0031335,C015109,2025-09-06 03:00:00,Female,58,Bronze,TV,Remote_Area,1002,Web,PromptPay,3,9,5,1,>50,33.4,4.0,1.0,0.25,101,21,4673.5875,0.28,0.75,0.25,0.0,0.0,0,0,0.0,11731.42,1,0,0.0,11731.42,1,0,0.0,18694.35,4,1,0.25,0
LGS2ORD0031336,C013998,2025-09-06 04:00:00,Female,26,Gold,CallCenter,Remote_Area,573,TV_Show,COD,4,9,5,1,20-30,19.1,3.0,0.0,0.0,-1,75,3520.3033333333333,0.13,0.3333333333333333,0.0,0.0,0.0,0,0,0.0,0.0,0,0,0.0,1454.73,1,0,0.0,10560.91,3,0,0.0,1
LGS2ORD0031337,C012225,2025-09-06 04:00:00,Male,40,Platinum,Lazada,Chiang Mai,1684,CallCenter,COD,4,9,5,1,30-40,56.13333333333333,4.0,1.0,0.25,37,34,7956.5,0.35,0.5,0.25,0.0,0.0,0,0,0.0,0.0,0,0,0.0,21962.38,2,1,0.5,31826.0,4,1,0.25,0
LGS2ORD0031338,C013736,2025-09-06 04:00:00,Female,48,Silver,Lazada,Khon Kaen,598,TV_Show,COD,4,9,5,1,40-50,19.933333333333334,4.0,2.0,0.5,19,30,2048.88,0.2,1.0,0.0,0.0,0.0,0,0,0.0,0.0,0,0,0.0,934.07,1,1,1.0,8195.52,4,2,0.5,1
LGS2ORD0031339,C017198,2025-09-06 04:00:00,Male,51,Bronze,Shopee,Chonburi,1524,Web,COD,4,9,5,1,>50,50.8,7.0,0.0,0.0,-1,9,4298.618571428572,0.28,0.42857142857142855,0.14285714285714285,0.0,0.0,0,0,0.0,1950.8700000000001,2,0,0.0,3992.1500000000005,4,0,0.0,30090.330000000005,7,0,0.0,0
LGS2ORD0031340,C015886,2025-09-06 04:00:00,Female,44,Silver,Web,Khon Kaen,1367,TV_Show,Bank_Transfer,4,9,5,1,40-50,45.56666666666667,1.0,0.0,0.0,-1,202,1838.65,0.2,0.0,0.0,0.0,0.0,0,0,0.0,0.0,0,0,0.0,0.0,0,0,0.0,1838.65,1,0,0.0,1
LGS2ORD0031341,C017915,2025-09-06 05:00:00,Female,31,Silver,Lazada,Nakhon Ratchasima,1020,Shopee,COD,5,9,5,1,30-40,34.0,1.0,0.0,0.0,-1,181,1073.07,0.05,0.0,0.0,0.0,0.0,0,0,0.0,0.0,0,0,0.0,0.0,0,0,0.0,1073.07,1,0,0.0,1
LGS2ORD0031342,C013515,2025-09-06 05:00:00,Male,32,Bronze,TV,Remote_Area,469,Web,PromptPay,5,9,5,1,30-40,15.633333333333333,7.0,4.0,0.5714285714285714,58,67,2565.7628571428572,0.28,0.7142857142857143,0.14285714285714285,0.0,0.0,0,0,0.0,0.0,0,0,0.0,1250.79,1,1,1.0,17960.34,7,4,0.5714285714285714,1
LGS2ORD0031343,C014947,2025-09-06 05:00:00,Female,44,Bronze,Lazada,Chonburi,914,Lazada,COD,5,9,5,1,40-50,30.466666666666665,3.0,1.0,0.3333333333333333,221,139,842.2833333333333,0.28,0.3333333333333333,0.6666666666666666,0.0,0.0,0,0,0.0,0.0,0,0,0.0,0.0,0,0,0.0,2526.85,3,1,0.3333333333333333,0
LGS2ORD0031344,C017706,2025-09-06 05:00:00,Female,45,Bronze,Shopee,Bangkok,1475,CallCenter,PromptPay,5,9,5,1,40-50,49.166666666666664,3.0,0.0,0.0,-1,86,5603.653333333333,0.03,0.0,0.0,0.0,0.0,0,0,0.0,0.0,0,0,0.0,10800.97,1,0,0.0,16810.96,3,0,0.0,0
LGS2ORD0031345,C016312,2025-09-06 05:00:00,Male,38,Bronze,Shopee,Bangkok,1528,CallCenter,COD,5,9,5,1,30-40,50.93333333333333,4.0,1.0,0.25,120,88,9027.5,0.23,0.5,0.25,0.0,0.0,0,0,0.0,0.0,0,0,0.0,7683.0,1,0,0.0,36110.0,4,1,0.25,0
LGS2ORD0031346,C017684,2025-09-06 06:00:00,Female,57,Platinum,Web,Khon Kaen,691,Lazada,Credit_Card,6,9,5,1,>50,23.033333333333335,3.0,1.0,0.3333333333333333,221,80,4786.763333333333,0.25,0.6666666666666666,0.6666666666666666,0.0,0.0,0,0,0.0,0.0,0,0,0.0,7769.37,1,0,0.0,14360.29,3,1,0.3333333333333333,0
LGS2ORD0031347,C017231,2025-09-06 06:00:00,Female,44,Gold,Shopee,Bangkok,1584,Lazada,Bank_Transfer,6,9,5,1,40-50,52.8,3.0,0.0,0.0,-1,17,3573.3199999999997,0.33,0.3333333333333333,0.6666666666666666,0.0,0.0,0,0,0.0,5456.7,1,0,0.0,5456.7,1,0,0.0,10719.96,3,0,0.0,0
LGS2ORD0031348,C015149,2025-09-06 06:00:00,Female,46,Silver,TV,Phuket,1226,Lazada,PromptPay,6,9,5,1,40-50,40.86666666666667,1.0,0.0,0.0,-1,12,6912.64,0.3,0.0,1.0,0.0,0.0,0,0,0.0,6912.64,1,0,0.0,6912.64,1,0,0.0,6912.64,1,0,0.0,0
LGS2ORD0031349,C012677,2025-09-06 06:00:00,Female,20,Bronze,Shopee,Songkhla,1339,Shopee,COD,6,9,5,1,<20,44.63333333333333,5.0,0.0,0.0,-1,121,3928.434,0.18,0.6,0.0,0.0,0.0,0,0,0.0,0.0,0,0,0.0,0.0,0,0,0.0,19642.170000000002,5,0,0.0,0
LGS2ORD0031350,C012129,2025-09-06 06:00:00,Male,56,Silver,TV,Khon Kaen,1176,Shopee,Credit_Card,6,9,5,1,>50,39.2,6.0,0.0,0.0,-1,13,4029.9283333333333,0.3,0.8333333333333334,0.3333333333333333,0.0,0.0,0,0,0.0,2644.58,1,0,0.0,5554.01,2,0,0.0,24179.57,6,0,0.0,0
LGS2ORD0031351,C017539,2025-09-06 07:00:00,Male,37,Gold,Web,Chiang Mai,1455,Lazada,Credit_Card,7,9,5,1,30-40,48.5,1.0,0.0,0.0,-1,149,7508.73,0.18,0.0,0.0,0.0,0.0,0,0,0.0,0.0,0,0,0.0,0.0,0,0,0.0,7508.73,1,0,0.0,1
LGS2ORD0031352,C017605,2025-09-06 07:00:00,Female,63,Silver,Web,Songkhla,834,TV_Show,Bank_Transfer,7,9,5,1,>50,27.8,4.0,2.0,0.5,17,15,5953.03,0.3,0.75,0.5,0.25,0.0,0,0,0.0,14681.8,2,1,0.5,14681.8,2,1,0.5,23812.12,4,2,0.5,1
LGS2ORD0031353,C012427,2025-09-06 07:00:00,Female,57,Bronze,Shopee,Songkhla,262,CallCenter,PromptPay,7,9,5,1,>50,8.733333333333333,7.0,1.0,0.14285714285714285,29,33,6729.835714285715,0.28,0.5714285714285714,0.42857142857142855,0.0,0.0,0,0,0.0,0.0,0,0,0.0,38170.62,5,1,0.2,47108.850000000006,7,1,0.14285714285714285,0
LGS2ORD0031354,C011536,2025-09-06 07:00:00,Male,34,Bronze,Lazada,Bangkok,1506,CallCenter,PromptPay,7,9,5,1,30-40,50.2,2.0,1.0,0.5,201,209,7100.33,0.23,1.0,0.5,0.0,0.0,0,0,0.0,0.0,0,0,0.0,0.0,0,0,0.0,14200.66,2,1,0.5,0
LGS2ORD0031355,C015318,2025-09-06 07:00:00,Female,44,Gold,Shopee,Bangkok,1564,Shopee,Credit_Card,7,9,5,1,40-50,52.13333333333333,7.0,2.0,0.2857142857142857,217,6,2518.308571428571,0.2299999999999999,0.42857142857142855,0.14285714285714285,0.0,1834.37,1,0,0.0,1834.37,1,0,0.0,3055.16,2,0,0.0,17628.16,7,2,0.2857142857142857,0
LGS2ORD0031356,C016739,2025-09-06 07:00:00,Male,41,Platinum,Lazada,Bangkok,1052,Lazada,Credit_Card,7,9,5,1,40-50,35.06666666666667,2.0,0.0,0.0,-1,144,1048.105,0.25,0.0,0.5,0.0,0.0,0,0,0.0,0.0,0,0,0.0,0.0,0,0,0.0,2096.21,2,0,0.0,0
LGS2ORD0031357,C010701,2025-09-06 08:00:00,Male,44,Silver,TV,Bangkok,877,Web,PromptPay,8,9,5,1,40-50,29.233333333333334,6.0,1.0,0.16666666666666666,161,46,4663.965,0.2,0.6666666666666666,0.0,0.0,0.0,0,0,0.0,0.0,0,0,0.0,19032.050000000003,2,0,0.0,27983.79,6,1,0.16666666666666666,1
LGS2ORD0031358,C016274,2025-09-06 08:00:00,Female,45,Gold,TV,Chiang Mai,906,Lazada,COD,8,9,5,1,40-50,30.2,2.0,0.0,0.0,-1,56,10372.01,0.2299999999999999,0.0,0.5,0.0,0.0,0,0,0.0,0.0,0,0,0.0,6659.04,1,0,0.0,20744.02,2,0,0.0,0
LGS2ORD0031359,C011158,2025-09-06 08:00:00,Female,38,Silver,Lazada,Bangkok,538,TV_Show,PromptPay,8,9,5,1,30-40,17.933333333333334,4.0,2.0,0.5,8,26,3264.15,0.3,0.25,0.25,0.0,0.0,0,0,0.0,5947.32,1,1,1.0,9887.84,2,2,1.0,13056.6,4,2,0.5,0
LGS2ORD0031360,C015694,2025-09-06 08:00:00,Female,23,Bronze,Shopee,Chonburi,330,Web,PromptPay,8,9,5,1,20-30,11.0,4.0,2.0,0.5,159,135,1479.1774999999998,0.23,0.25,0.5,0.0,0.0,0,0,0.0,0.0,0,0,0.0,0.0,0,0,0.0,5916.709999999999,4,2,0.5,0
LGS2ORD0031361,C010376,2025-09-06 08:00:00,Female,38,Bronze,TV,Chonburi,1006,Lazada,Credit_Card,8,9,5,1,30-40,33.53333333333333,4.0,2.0,0.5,85,92,13446.4175,0.28,0.5,0.5,0.0,0.0,0,0,0.0,0.0,0,0,0.0,0.0,0,0,0.0,53785.67,4,2,0.5,0
LGS2ORD0031362,C011051,2025-09-06 09:00:00,Female,40,Bronze,TV,Phuket,801,Web,COD,9,9,5,1,30-40,26.7,3.0,1.0,0.3333333333333333,-11,2,5518.833333333333,0.28,1.0,0.3333333333333333,0.0,8925.95,1,1,1.0,15984.04,2,1,0.5,15984.04,2,1,0.5,16556.5,3,1,0.3333333333333333,1
LGS2ORD0031363,C011139,2025-09-06 09:00:00,Male,47,Bronze,TV,Songkhla,1385,Web,Credit_Card,9,9,5,1,40-50,46.166666666666664,5.0,2.0,0.4,55,49,3709.4739999999997,0.18,0.4,0.0,0.0,0.0,0,0,0.0,0.0,0,0,0.0,3201.5299999999997,2,1,0.5,18547.37,5,2,0.4,0
LGS2ORD0031364,C011927,2025-09-06 09:00:00,Female,31,Bronze,CallCenter,Remote_Area,688,Lazada,Credit_Card,9,9,5,1,30-40,22.933333333333334,6.0,1.0,0.16666666666666666,196,6,3244.7666666666664,0.18,0.8333333333333334,0.0,0.0,3008.09,1,0,0.0,4860.96,2,0,0.0,4860.96,2,0,0.0,19468.6,6,1,0.16666666666666666,0
LGS2ORD0031365,C014210,2025-09-06 09:00:00,Male,34,Bronze,Web,Remote_Area,741,Lazada,COD,9,9,5,1,30-40,24.7,11.0,3.0,0.2727272727272727,-7,3,4738.555454545454,0.28,0.18181818181818182,0.18181818181818182,0.0,5558.76,1,1,1.0,5558.76,1,1,1.0,5558.76,1,1,1.0,52124.11,11,3,0.2727272727272727,1
LGS2ORD0031366,C013823,2025-09-06 09:00:00,Female,43,Bronze,TV,Chiang Mai,538,Web,COD,9,9,5,1,40-50,17.933333333333334,6.0,3.0,0.5,67,79,3012.7116666666666,0.23,0.3333333333333333,0.3333333333333333,0.0,0.0,0,0,0.0,0.0,0,0,0.0,416.66,1,1,1.0,18076.27,6,3,0.5,1
LGS2ORD0031367,C014762,2025-09-06 10:00:00,Male,42,Bronze,TV,Chiang Mai,602,Web,COD,10,9,5,1,40-50,20.066666666666666,3.0,0.0,0.0,-1,121,3764.19,0.23,0.0,0.3333333333333333,0.0,0.0,0,0,0.0,0.0,0,0,0.0,0.0,0,0,0.0,11292.57,3,0,0.0,0
LGS2ORD0031368,C013173,2025-09-06 10:00:00,Female,45,Silver,Web,Songkhla,1704,Web,COD,10,9,5,1,40-50,56.8,4.0,3.0,0.75,90,14,4158.715,0.25,0.75,0.5,0.0,0.0,0,0,0.0,2473.47,1,0,0.0,2473.47,1,0,0.0,16634.86,4,3,0.75,0
LGS2ORD0031369,C015126,2025-09-06 10:00:00,Female,51,Gold,TV,Songkhla,916,TV_Show,PromptPay,10,9,5,1,>50,30.533333333333335,6.0,3.0,0.5,102,79,2675.431666666667,0.33,0.3333333333333333,0.8333333333333334,0.0,0.0,0,0,0.0,0.0,0,0,0.0,723.06,1,0,0.0,16052.590000000002,6,3,0.5,1
LGS2ORD0031370,C017695,2025-09-06 10:00:00,Male,38,Gold,Lazada,Chiang Mai,466,TV_Show,COD,10,9,5,1,30-40,15.533333333333333,3.0,1.0,0.3333333333333333,30,10,5148.193333333333,0.28,0.3333333333333333,0.3333333333333333,0.0,0.0,0,0,0.0,1142.57,1,0,0.0,6764.28,2,1,0.5,15444.579999999998,3,1,0.3333333333333333,1
LGS2ORD0031371,C011615,2025-09-06 10:00:00,Female,51,Silver,Web,Chiang Mai,442,CallCenter,PromptPay,10,9,5,1,>50,14.733333333333333,3.0,0.0,0.0,-1,91,5852.993333333333,0.25,0.6666666666666666,0.3333333333333333,0.0,0.0,0,0,0.0,0.0,0,0,0.0,0.0,0,0,0.0,17558.98,3,0,0.0,0
LGS2ORD0031372,C012220,2025-09-06 10:00:00,Male,52,Silver,TV,Bangkok,1259,CallCenter,Credit_Card,10,9,5,1,>50,41.96666666666667,4.0,0.0,0.0,-1,59,8560.3225,0.25,0.5,0.25,0.0,0.0,0,0,0.0,0.0,0,0,0.0,33218.72,2,0,0.0,34241.29,4,0,0.0,0
LGS2ORD0031373,C013894,2025-09-06 11:00:00,Female,52,Silver,TV,Remote_Area,1114,Shopee,PromptPay,11,9,5,1,>50,37.13333333333333,2.0,1.0,0.5,13,21,10787.215,0.25,1.0,0.5,0.0,0.0,0,0,0.0,6429.66,1,1,1.0,6429.66,1,1,1.0,21574.43,2,1,0.5,0
LGS2ORD0031374,C014272,2025-09-06 11:00:00,Male,42,Silver,Lazada,Chiang Mai,374,TV_Show,PromptPay,11,9,5,1,40-50,12.466666666666667,5.0,1.0,0.2,206,15,3308.118,0.3,0.6,0.2,0.0,0.0,0,0,0.0,1929.77,1,0,0.0,1929.77,1,0,0.0,16540.59,5,1,0.2,1
LGS2ORD0031375,C010312,2025-09-06 11:00:00,Male,39,Platinum,Web,Chiang Mai,1199,TV_Show,COD,11,9,5,1,30-40,39.96666666666667,3.0,0.0,0.0,-1,18,2608.8333333333335,0.3,0.3333333333333333,0.6666666666666666,0.0,0.0,0,0,0.0,492.72,1,0,0.0,6471.89,2,0,0.0,7826.5,3,0,0.0,0
LGS2ORD0031376,C010209,2025-09-06 11:00:00,Female,38,Silver,Shopee,Phuket,492,TV_Show,COD,11,9,5,1,30-40,16.4,2.0,1.0,0.5,8,16,6774.969999999999,0.25,0.5,0.5,0.0,0.0,0,0,0.0,8720.74,1,1,1.0,8720.74,1,1,1.0,13549.939999999999,2,1,0.5,1
LGS2ORD0031377,C017802,2025-09-06 11:00:00,Female,42,Bronze,TV,Remote_Area,1667,Shopee,COD,11,9,5,1,40-50,55.56666666666667,8.0,3.0,0.375,-10,3,6158.7525000000005,0.28,0.875,0.375,0.0,1068.98,1,1,1.0,1068.98,1,1,1.0,19074.22,2,1,0.5,49270.020000000004,8,3,0.375,0
LGS2ORD0031378,C012498,2025-09-06 12:00:00,Male,46,Silver,TV,Nakhon Ratchasima,978,Shopee,COD,12,9,5,1,40-50,32.6,0.0,0.0,0.0,-1,-1,0.0,0.0,0.0,0.0,0.0,0.0,0,0,0.0,0.0,0,0,0.0,0.0,0,0,0.0,0.0,0,0,0.0,0
LGS2ORD0031379,C013544,2025-09-06 12:00:00,Male,37,Bronze,Lazada,Bangkok,758,Shopee,COD,12,9,5,1,30-40,25.266666666666666,4.0,1.0,0.25,84,97,2277.3625,0.23,0.75,0.25,0.0,0.0,0,0,0.0,0.0,0,0,0.0,0.0,0,0,0.0,9109.45,4,1,0.25,0
LGS2ORD0031380,C016631,2025-09-06 12:00:00,Female,40,Bronze,TV,Remote_Area,289,Shopee,Credit_Card,12,9,5,1,30-40,9.633333333333333,6.0,1.0,0.16666666666666666,115,53,3451.8916666666664,0.28,0.5,0.6666666666666666,0.0,0.0,0,0,0.0,0.0,0,0,0.0,5512.25,3,0,0.0,20711.35,6,1,0.16666666666666666,0
LGS2ORD0031381,C011046,2025-09-06 12:00:00,Female,47,Gold,TV,Remote_Area,1133,TV_Show,Credit_Card,12,9,5,1,40-50,37.766666666666666,4.0,1.0,0.25,182,99,10253.3325,0.2299999999999999,0.25,0.5,0.0,0.0,0,0,0.0,0.0,0,0,0.0,0.0,0,0,0.0,41013.33,4,1,0.25,0
LGS2ORD0031382,C011437,2025-09-06 12:00:00,Female,33,Silver,Web,Songkhla,1392,Lazada,Bank_Transfer,12,9,5,1,30-40,46.4,3.0,2.0,0.6666666666666666,171,90,3858.0399999999995,0.25,0.3333333333333333,0.3333333333333333,0.0,0.0,0,0,0.0,0.0,0,0,0.0,0.0,0,0,0.0,11574.119999999999,3,2,0.6666666666666666,0
LGS2ORD0031383,C016547,2025-09-06 13:00:00,Male,31,Silver,Lazada,Bangkok,538,Web,Credit_Card,13,9,5,1,30-40,17.933333333333334,5.0,0.0,0.0,-1,92,2744.236,0.2,0.8,0.0,0.0,0.0,0,0,0.0,0.0,0,0,0.0,0.0,0,0,0.0,13721.18,5,0,0.0,0
LGS2ORD0031384,C016435,2025-09-06 13:00:00,Male,46,Silver,Web,Bangkok,1277,Web,Bank_Transfer,13,9,5,1,40-50,42.56666666666667,2.0,0.0,0.0,-1,128,2642.87,0.25,0.0,0.5,0.0,0.0,0,0,0.0,0.0,0,0,0.0,0.0,0,0,0.0,5285.74,2,0,0.0,0
LGS2ORD0031385,C015915,2025-09-06 13:00:00,Male,38,Platinum,CallCenter,Songkhla,1675,TV_Show,COD,13,9,5,1,30-40,55.833333333333336,0.0,0.0,0.0,-1,-1,0.0,0.0,0.0,0.0,0.0,0.0,0,0,0.0,0.0,0,0,0.0,0.0,0,0,0.0,0.0,0,0,0.0,0
LGS2ORD0031386,C010270,2025-09-06 13:00:00,Male,58,Bronze,Web,Khon Kaen,1008,CallCenter,Credit_Card,13,9,5,1,>50,33.6,3.0,1.0,0.3333333333333333,220,22,1138.42,0.28,0.3333333333333333,0.6666666666666666,0.0,0.0,0,0,0.0,1554.49,1,0,0.0,1554.49,1,0,0.0,3415.26,3,1,0.3333333333333333,0
LGS2ORD0031387,C015005,2025-09-06 13:00:00,Male,43,Silver,Web,Chiang Mai,1689,Shopee,Credit_Card,13,9,5,1,40-50,56.3,1.0,0.0,0.0,-1,213,5938.23,0.15,0.0,0.0,0.0,0.0,0,0,0.0,0.0,0,0,0.0,0.0,0,0,0.0,5938.23,1,0,0.0,0
LGS2ORD0031388,C014500,2025-09-06 14:00:00,Male,42,Bronze,Shopee,Bangkok,1504,Web,PromptPay,14,9,5,1,40-50,50.13333333333333,4.0,2.0,0.5,127,71,10862.6425,0.23,0.75,0.5,0.0,0.0,0,0,0.0,0.0,0,0,0.0,26397.59,2,0,0.0,43450.57,4,2,0.5,0
LGS2ORD0031389,C011886,2025-09-06 14:00:00,Male,56,Bronze,Lazada,Khon Kaen,999,Lazada,Bank_Transfer,14,9,5,1,>50,33.3,8.0,1.0,0.125,142,6,7434.5625,0.23,0.5,0.25,0.0,2575.32,1,0,0.0,2575.32,1,0,0.0,10553.31,2,0,0.0,59476.5,8,1,0.125,0
LGS2ORD0031390,C014389,2025-09-06 14:00:00,Other,31,Gold,CallCenter,Bangkok,1264,Shopee,Credit_Card,14,9,5,1,30-40,42.13333333333333,0.0,0.0,0.0,-1,-1,0.0,0.0,0.0,0.0,0.0,0.0,0,0,0.0,0.0,0,0,0.0,0.0,0,0,0.0,0.0,0,0,0.0,0
LGS2ORD0031391,C010404,2025-09-06 14:00:00,Male,27,Silver,CallCenter,Phuket,1629,Lazada,Credit_Card,14,9,5,1,20-30,54.3,3.0,2.0,0.6666666666666666,82,93,10313.99,0.3,0.6666666666666666,0.6666666666666666,0.0,0.0,0,0,0.0,0.0,0,0,0.0,0.0,0,0,0.0,30941.97,3,2,0.6666666666666666,1
LGS2ORD0031392,C010208,2025-09-06 14:00:00,Other,20,Bronze,Shopee,Nakhon Ratchasima,1090,Lazada,Credit_Card,14,9,5,1,<20,36.333333333333336,0.0,0.0,0.0,-1,-1,0.0,0.0,0.0,0.0,0.0,0.0,0,0,0.0,0.0,0,0,0.0,0.0,0,0,0.0,0.0,0,0,0.0,0
LGS2ORD0031393,C014824,2025-09-06 14:00:00,Female,69,Silver,Shopee,Chiang Mai,1241,Shopee,Credit_Card,14,9,5,1,>50,41.36666666666667,3.0,0.0,0.0,-1,12,12078.206666666667,0.1,0.3333333333333333,0.0,0.0,0.0,0,0,0.0,28711.34,2,0,0.0,28711.34,2,0,0.0,36234.62,3,0,0.0,0
LGS2ORD0031394,C011714,2025-09-06 15:00:00,Female,35,Silver,Web,Bangkok,1189,Web,Credit_Card,15,9,5,1,30-40,39.63333333333333,4.0,2.0,0.5,127,133,5799.5725,0.25,0.25,0.25,0.0,0.0,0,0,0.0,0.0,0,0,0.0,0.0,0,0,0.0,23198.29,4,2,0.5,0
LGS2ORD0031395,C010029,2025-09-06 15:00:00,Male,32,Gold,Lazada,Bangkok,1310,Shopee,COD,15,9,5,1,30-40,43.666666666666664,3.0,0.0,0.0,-1,16,1428.1333333333332,0.2299999999999999,0.0,0.3333333333333333,0.0,0.0,0,0,0.0,3823.8,2,0,0.0,3823.8,2,0,0.0,4284.4,3,0,0.0,0
LGS2ORD0031396,C016392,2025-09-06 15:00:00,Female,46,Bronze,Shopee,Bangkok,628,Shopee,COD,15,9,5,1,40-50,20.933333333333334,4.0,0.0,0.0,-1,94,6298.4625,0.23,0.75,0.5,0.0,0.0,0,0,0.0,0.0,0,0,0.0,0.0,0,0,0.0,25193.85,4,0,0.0,0
LGS2ORD0031397,C013709,2025-09-06 15:00:00,Male,27,Bronze,TV,Phuket,1273,CallCenter,Bank_Transfer,15,9,5,1,20-30,42.43333333333333,5.0,1.0,0.2,10,25,4373.67,0.18,0.6,0.0,0.0,0.0,0,0,0.0,1561.96,1,1,1.0,3395.41,2,1,0.5,21868.35,5,1,0.2,0
LGS2ORD0031398,C010449,2025-09-06 15:00:00,Female,41,Gold,Web,Bangkok,736,Lazada,COD,15,9,5,1,40-50,24.533333333333335,7.0,2.0,0.2857142857142857,36,9,3142.9471428571424,0.2299999999999999,0.5714285714285714,0.14285714285714285,0.0,0.0,0,0,0.0,8085.17,1,0,0.0,10982.35,2,1,0.5,22000.629999999997,7,2,0.2857142857142857,0
LGS2ORD0031399,C016253,2025-09-06 16:00:00,Other,28,Bronze,Web,Phuket,1106,Lazada,COD,16,9,5,1,20-30,36.86666666666667,4.0,3.0,0.75,121,10,2299.0875,0.18,0.5,0.0,0.0,0.0,0,0,0.0,2156.13,1,0,0.0,2156.13,1,0,0.0,9196.35,4,3,0.75,0
LGS2ORD0031400,C013736,2025-09-06 16:00:00,Female,48,Silver,Lazada,Khon Kaen,598,Lazada,COD,16,9,5,1,40-50,19.933333333333334,5.0,3.0,0.6,-8,0,4845.732,0.2,1.0,0.0,0.0,16033.14,1,1,1.0,16033.14,1,1,1.0,16967.21,2,2,1.0,24228.66,5,3,0.6,0
LGS2ORD0031401,C010846,2025-09-06 16:00:00,Male,60,Bronze,Shopee,Songkhla,1134,CallCenter,Credit_Card,16,9,5,1,>50,37.8,6.0,1.0,0.16666666666666666,211,27,5865.13,0.23,0.6666666666666666,0.16666666666666666,0.0,0.0,0,0,0.0,11423.79,1,0,0.0,16139.920000000002,2,0,0.0,35190.78,6,1,0.16666666666666666,0
LGS2ORD0031402,C017161,2025-09-06 16:00:00,Female,46,Bronze,Web,Bangkok,893,CallCenter,COD,16,9,5,1,40-50,29.766666666666666,3.0,0.0,0.0,-1,12,3855.03,0.13,0.3333333333333333,0.0,0.0,0.0,0,0,0.0,7039.25,1,0,0.0,10710.380000000001,2,0,0.0,11565.09,3,0,0.0,0
LGS2ORD0031403,C010307,2025-09-06 16:00:00,Male,54,Bronze,Shopee,Chonburi,523,TV_Show,COD,16,9,5,1,>50,17.433333333333334,4.0,1.0,0.25,166,173,4432.485,0.18,1.0,0.0,0.0,0.0,0,0,0.0,0.0,0,0,0.0,0.0,0,0,0.0,17729.94,4,1,0.25,1
LGS2ORD0031404,C011401,2025-09-06 17:00:00,Male,37,Platinum,Shopee,Chiang Mai,1230,TV_Show,COD,17,9,5,1,30-40,41.0,1.0,0.0,0.0,-1,68,987.23,0.1,0.0,0.0,0.0,0.0,0,0,0.0,0.0,0,0,0.0,987.23,1,0,0.0,987.23,1,0,0.0,1
LGS2ORD0031405,C011317,2025-09-06 17:00:00,Male,22,Gold,Shopee,Phuket,1250,Web,COD,17,9,5,1,20-30,41.666666666666664,7.0,3.0,0.42857142857142855,60,57,2548.9728571428573,0.33,0.8571428571428571,0.42857142857142855,0.0,0.0,0,0,0.0,0.0,0,0,0.0,3993.8599999999997,3,1,0.3333333333333333,17842.81,7,3,0.42857142857142855,0
LGS2ORD0031406,C010201,2025-09-06 17:00:00,Male,31,Bronze,Lazada,Nakhon Ratchasima,718,Shopee,COD,17,9,5,1,30-40,23.933333333333334,4.0,2.0,0.5,132,60,4864.08,0.23,0.25,0.5,0.0,0.0,0,0,0.0,0.0,0,0,0.0,3849.74,1,0,0.0,19456.32,4,2,0.5,1
LGS2ORD0031407,C011876,2025-09-06 17:00:00,Male,72,Bronze,CallCenter,Chonburi,488,Lazada,COD,17,9,5,1,>50,16.266666666666666,9.0,0.0,0.0,-1,22,4837.233333333334,0.28,0.3333333333333333,0.4444444444444444,0.0,0.0,0,0,0.0,3816.34,1,0,0.0,5311.68,2,0,0.0,43535.100000000006,9,0,0.0,0
LGS2ORD0031408,C017108,2025-09-06 17:00:00,Male,63,Silver,Web,Nakhon Ratchasima,765,Web,Credit_Card,17,9,5,1,>50,25.5,3.0,1.0,0.3333333333333333,57,68,3013.9,0.2,0.6666666666666666,0.0,0.0,0.0,0,0,0.0,0.0,0,0,0.0,466.94,1,1,1.0,9041.7,3,1,0.3333333333333333,0
LGS2ORD0031409,C016409,2025-09-06 18:00:00,Male,26,Bronze,Web,Nakhon Ratchasima,661,Web,Credit_Card,18,9,5,1,20-30,22.033333333333335,5.0,0.0,0.0,-1,25,5355.682000000001,0.18,0.6,0.0,0.0,0.0,0,0,0.0,12628.36,1,0,0.0,13421.560000000001,2,0,0.0,26778.410000000003,5,0,0.0,0
LGS2ORD0031410,C014301,2025-09-06 18:00:00,Male,18,Silver,Lazada,Songkhla,1417,TV_Show,COD,18,9,5,1,<20,47.233333333333334,1.0,0.0,0.0,-1,166,12887.61,0.05,0.0,0.0,0.0,0.0,0,0,0.0,0.0,0,0,0.0,0.0,0,0,0.0,12887.61,1,0,0.0,1
LGS2ORD0031411,C012449,2025-09-06 18:00:00,Female,36,Silver,Web,Songkhla,857,Shopee,Credit_Card,18,9,5,1,30-40,28.566666666666666,5.0,4.0,0.8,69,36,8226.938,0.2,0.4,0.0,0.0,0.0,0,0,0.0,0.0,0,0,0.0,19893.18,2,1,0.5,41134.69,5,4,0.8,0
LGS2ORD0031412,C011843,2025-09-06 18:00:00,Female,34,Silver,Shopee,Chiang Mai,671,CallCenter,PromptPay,18,9,5,1,30-40,22.366666666666667,3.0,2.0,0.6666666666666666,65,73,3326.0699999999997,0.25,0.3333333333333333,0.3333333333333333,0.0,0.0,0,0,0.0,0.0,0,0,0.0,3275.17,1,1,1.0,9978.21,3,2,0.6666666666666666,0
LGS2ORD0031413,C011249,2025-09-06 18:00:00,Female,52,Bronze,TV,Remote_Area,1258,CallCenter,COD,18,9,5,1,>50,41.93333333333333,2.0,2.0,1.0,83,89,3601.295,0.18,0.5,0.0,0.0,0.0,0,0,0.0,0.0,0,0,0.0,1638.7,1,1,1.0,7202.59,2,2,1.0,0
LGS2ORD0031414,C011218,2025-09-06 18:00:00,Male,43,Gold,Lazada,Chonburi,464,CallCenter,Bank_Transfer,18,9,5,1,40-50,15.466666666666667,1.0,0.0,0.0,-1,186,1733.79,0.08,0.0,0.0,0.0,0.0,0,0,0.0,0.0,0,0,0.0,0.0,0,0,0.0,1733.79,1,0,0.0,0
LGS2ORD0031415,C011503,2025-09-06 19:00:00,Female,72,Bronze,Shopee,Khon Kaen,1579,Web,COD,19,9,5,1,>50,52.63333333333333,5.0,0.0,0.0,-1,49,6080.678,0.28,0.2,0.4,0.0,0.0,0,0,0.0,0.0,0,0,0.0,5521.01,2,0,0.0,30403.39,5,0,0.0,0
LGS2ORD0031416,C011500,2025-09-06 19:00:00,Female,28,Gold,Web,Nakhon Ratchasima,1361,TV_Show,COD,19,9,5,1,20-30,45.36666666666667,5.0,0.0,0.0,-1,22,8167.634,0.2299999999999999,0.4,0.2,0.0,0.0,0,0,0.0,32085.13,1,0,0.0,33461.69,2,0,0.0,40838.17,5,0,0.0,0
LGS2ORD0031417,C015346,2025-09-06 19:00:00,Female,36,Bronze,Web,Bangkok,1239,Lazada,COD,19,9,5,1,30-40,41.3,4.0,1.0,0.25,222,61,5844.4475,0.28,0.75,0.25,0.0,0.0,0,0,0.0,0.0,0,0,0.0,18322.91,1,0,0.0,23377.79,4,1,0.25,0
LGS2ORD0031418,C010035,2025-09-06 19:00:00,Male,40,Silver,TV,Songkhla,797,Shopee,Credit_Card,19,9,5,1,30-40,26.566666666666666,3.0,2.0,0.6666666666666666,90,23,3850.866666666667,0.3,0.6666666666666666,0.6666666666666666,0.0,0.0,0,0,0.0,9722.78,1,0,0.0,9722.78,1,0,0.0,11552.6,3,2,0.6666666666666666,0
LGS2ORD0031419,C016917,2025-09-06 19:00:00,Female,48,Bronze,TV,Chonburi,1296,TV_Show,PromptPay,19,9,5,1,40-50,43.2,6.0,1.0,0.16666666666666666,123,8,6609.135000000001,0.28,0.6666666666666666,0.5,0.0,0.0,0,0,0.0,5814.9,2,0,0.0,29564.99,3,0,0.0,39654.810000000005,6,1,0.16666666666666666,0
LGS2ORD0031420,C014887,2025-09-06 20:00:00,Female,25,Silver,Shopee,Bangkok,1641,Shopee,COD,20,9,5,1,20-30,54.7,6.0,0.0,0.0,-1,15,6494.526666666668,0.3,0.6666666666666666,0.3333333333333333,0.0,0.0,0,0,0.0,11227.5,1,0,0.0,11227.5,1,0,0.0,38967.16,6,0,0.0,0
LGS2ORD0031421,C010141,2025-09-06 20:00:00,Female,30,Bronze,Web,Bangkok,370,CallCenter,PromptPay,20,9,5,1,20-30,12.333333333333334,7.0,1.0,0.14285714285714285,177,4,4843.667142857143,0.28,0.42857142857142855,0.42857142857142855,0.0,13152.89,2,0,0.0,14751.509999999998,3,0,0.0,18396.239999999998,4,0,0.0,33905.67,7,1,0.14285714285714285,0
LGS2ORD0031422,C012874,2025-09-06 20:00:00,Male,45,Bronze,Lazada,Songkhla,1213,CallCenter,COD,20,9,5,1,40-50,40.43333333333333,2.0,2.0,1.0,130,146,6116.41,0.28,1.0,1.0,0.0,0.0,0,0,0.0,0.0,0,0,0.0,0.0,0,0,0.0,12232.82,2,2,1.0,1
LGS2ORD0031423,C015865,2025-09-06 20:00:00,Female,57,Gold,Shopee,Nakhon Ratchasima,1211,Lazada,PromptPay,20,9,5,1,>50,40.36666666666667,7.0,3.0,0.42857142857142855,5,20,10091.121428571429,0.33,0.14285714285714285,0.7142857142857143,0.0,0.0,0,0,0.0,30708.45,1,1,1.0,30708.45,1,1,1.0,70637.85,7,3,0.42857142857142855,0
LGS2ORD0031424,C012123,2025-09-06 20:00:00,Female,22,Silver,TV,Khon Kaen,1299,Lazada,Credit_Card,20,9,5,1,20-30,43.3,7.0,1.0,0.14285714285714285,234,18,5800.677142857143,0.15,0.42857142857142855,0.0,0.0,0.0,0,0,0.0,1813.27,1,0,0.0,1813.27,1,0,0.0,40604.74,7,1,0.14285714285714285,0
LGS2ORD0031425,C014122,2025-09-06 21:00:00,Female,32,Bronze,Shopee,Bangkok,1244,TV_Show,COD,21,9,5,1,30-40,41.46666666666667,6.0,0.0,0.0,-1,26,7658.995,0.23,0.5,0.16666666666666666,0.0,0.0,0,0,0.0,2692.52,1,0,0.0,11652.14,3,0,0.0,45953.97,6,0,0.0,0
LGS2ORD0031426,C015414,2025-09-06 21:00:00,Female,35,Bronze,CallCenter,Chiang Mai,780,Shopee,Bank_Transfer,21,9,5,1,30-40,26.0,4.0,2.0,0.5,54,59,3962.9725,0.28,0.5,0.25,0.0,0.0,0,0,0.0,0.0,0,0,0.0,3410.87,1,1,1.0,15851.89,4,2,0.5,0
LGS2ORD0031427,C011220,2025-09-06 21:00:00,Male,71,Bronze,CallCenter,Bangkok,869,Shopee,COD,21,9,5,1,>50,28.966666666666665,4.0,1.0,0.25,84,29,2992.8,0.28,0.25,0.25,0.0,0.0,0,0,0.0,962.19,1,0,0.0,962.19,1,0,0.0,11971.2,4,1,0.25,0
LGS2ORD0031428,C016846,2025-09-06 21:00:00,Male,29,Bronze,TV,Remote_Area,1137,CallCenter,Credit_Card,21,9,5,1,20-30,37.9,3.0,0.0,0.0,-1,1,3167.9966666666664,0.13,0.3333333333333333,0.0,0.0,1841.5,1,0,0.0,1841.5,1,0,0.0,1841.5,1,0,0.0,9503.99,3,0,0.0,0
LGS2ORD0031429,C010891,2025-09-06 21:00:00,Female,43,Gold,Shopee,Khon Kaen,1701,Shopee,Bank_Transfer,21,9,5,1,40-50,56.7,4.0,0.0,0.0,-1,26,3049.7775,0.28,0.5,0.5,0.0,0.0,0,0,0.0,3377.45,1,0,0.0,5989.889999999999,3,0,0.0,12199.11,4,0,0.0,0
LGS2ORD0031430,C010026,2025-09-06 22:00:00,Female,51,Bronze,Web,Bangkok,775,CallCenter,COD,22,9,5,1,>50,25.833333333333332,10.0,2.0,0.2,162,18,5604.885,0.28,0.5,0.2,0.0,0.0,0,0,0.0,11965.58,1,0,0.0,52380.5,8,0,0.0,56048.850000000006,10,2,0.2,0
LGS2ORD0031431,C012639,2025-09-06 22:00:00,Female,33,Bronze,CallCenter,Bangkok,1609,Web,Credit_Card,22,9,5,1,30-40,53.63333333333333,2.0,1.0,0.5,90,69,1475.12,0.03,0.5,0.0,0.0,0.0,0,0,0.0,0.0,0,0,0.0,1872.86,1,0,0.0,2950.24,2,1,0.5,0
LGS2ORD0031432,C014473,2025-09-06 22:00:00,Female,47,Gold,Shopee,Bangkok,601,TV_Show,Bank_Transfer,22,9,5,1,40-50,20.033333333333335,3.0,0.0,0.0,-1,11,4060.2466666666674,0.33,0.0,0.3333333333333333,0.0,0.0,0,0,0.0,2859.71,1,0,0.0,8730.93,2,0,0.0,12180.740000000002,3,0,0.0,1
LGS2ORD0031433,C010823,2025-09-06 22:00:00,Female,34,Silver,Web,Chonburi,672,TV_Show,COD,22,9,5,1,30-40,22.4,1.0,1.0,1.0,157,167,1180.08,0.1,1.0,0.0,0.0,0.0,0,0,0.0,0.0,0,0,0.0,0.0,0,0,0.0,1180.08,1,1,1.0,0
LGS2ORD0031434,C012649,2025-09-06 22:00:00,Male,44,Bronze,Lazada,Bangkok,1468,Lazada,COD,22,9,5,1,40-50,48.93333333333333,9.0,2.0,0.2222222222222222,70,3,8197.896666666667,0.28,0.6666666666666666,0.6666666666666666,0.0,19764.4,1,0,0.0,19764.4,1,0,0.0,28563.52,3,1,0.3333333333333333,73781.07,9,2,0.2222222222222222,0
LGS2ORD0031435,C016813,2025-09-06 22:00:00,Female,36,Gold,CallCenter,Chiang Mai,1459,Web,COD,22,9,5,1,30-40,48.63333333333333,1.0,0.0,0.0,-1,26,1824.52,0.2299999999999999,0.0,1.0,0.0,0.0,0,0,0.0,1824.52,1,0,0.0,1824.52,1,0,0.0,1824.52,1,0,0.0,0
LGS2ORD0031436,C016198,2025-09-06 23:00:00,Male,67,Silver,Lazada,Bangkok,1088,TV_Show,Credit_Card,23,9,5,1,>50,36.266666666666666,1.0,1.0,1.0,95,102,5043.94,0.1,1.0,0.0,0.0,0.0,0,0,0.0,0.0,0,0,0.0,0.0,0,0,0.0,5043.94,1,1,1.0,0
LGS2ORD0031437,C013181,2025-09-06 23:00:00,Female,44,Platinum,TV,Bangkok,1455,Web,COD,23,9,5,1,40-50,48.5,5.0,2.0,0.4,234,90,2431.516,0.3,0.4,0.2,0.0,0.0,0,0,0.0,0.0,0,0,0.0,0.0,0,0,0.0,12157.58,5,2,0.4,1
LGS2ORD0031438,C017360,2025-09-06 23:00:00,Female,38,Bronze,Shopee,Khon Kaen,485,Lazada,COD,23,9,5,1,30-40,16.166666666666668,10.0,1.0,0.1,102,34,1537.408,0.23,0.3,0.1,0.0,0.0,0,0,0.0,0.0,0,0,0.0,652.47,1,0,0.0,15374.08,10,1,0.1,0
LGS2ORD0031439,C016685,2025-09-06 23:00:00,Male,37,Gold,TV,Bangkok,426,Web,Credit_Card,23,9,5,1,30-40,14.2,3.0,1.0,0.3333333333333333,89,24,7235.376666666666,0.2299999999999999,0.0,0.3333333333333333,0.0,0.0,0,0,0.0,12585.5,1,0,0.0,19612.989999999998,2,0,0.0,21706.129999999997,3,1,0.3333333333333333,0
LGS2ORD0031440,C013908,2025-09-06 23:00:00,Male,42,Silver,Web,Khon Kaen,563,Web,Credit_Card,23,9,5,1,40-50,18.766666666666666,1.0,0.0,0.0,-1,77,931.86,0.3,1.0,1.0,0.0,0.0,0,0,0.0,0.0,0,0,0.0,931.86,1,0,0.0,931.86,1,0,0.0,0
LGS2ORD0031441,C017819,2025-09-07 00:00:00,Female,44,Bronze,Shopee,Bangkok,1162,TV_Show,PromptPay,0,9,6,1,40-50,38.733333333333334,6.0,0.0,0.0,-1,4,3044.2666666666664,0.28,0.6666666666666666,0.5,0.0,2106.68,1,0,0.0,3239.38,2,0,0.0,11411.28,4,0,0.0,18265.6,6,0,0.0,0
LGS2ORD0031442,C012619,2025-09-07 00:00:00,Female,29,Bronze,Web,Khon Kaen,732,Web,Credit_Card,0,9,6,1,20-30,24.4,5.0,3.0,0.6,-3,2,3094.778,0.28,0.4,0.4,0.0,7524.31,1,1,1.0,7524.31,1,1,1.0,8330.15,2,2,1.0,15473.89,5,3,0.6,0
LGS2ORD0031443,C011167,2025-09-07 00:00:00,Female,42,Silver,Web,Chiang Mai,1205,TV_Show,Credit_Card,0,9,6,1,40-50,40.166666666666664,8.0,2.0,0.25,148,17,3555.0625,0.25,0.875,0.25,0.125,0.0,0,0,0.0,18778.64,1,0,0.0,20743.13,2,0,0.0,28440.5,8,2,0.25,0
LGS2ORD0031444,C013952,2025-09-07 00:00:00,Female,32,Silver,Shopee,Bangkok,1011,TV_Show,COD,0,9,6,1,30-40,33.7,8.0,3.0,0.375,203,35,3475.00125,0.2,0.75,0.0,0.0,0.0,0,0,0.0,0.0,0,0,0.0,15290.11,3,0,0.0,27800.01,8,3,0.375,0
LGS2ORD0031445,C014714,2025-09-07 00:00:00,Female,66,Gold,CallCenter,Bangkok,830,TV_Show,COD,0,9,6,1,>50,27.666666666666668,3.0,1.0,0.3333333333333333,60,68,5394.566666666667,0.28,0.6666666666666666,0.6666666666666666,0.0,0.0,0,0,0.0,0.0,0,0,0.0,1047.9,1,1,1.0,16183.699999999999,3,1,0.3333333333333333,1
LGS2ORD0031446,C012787,2025-09-07 01:00:00,Female,48,Bronze,Web,Chiang Mai,324,Lazada,Credit_Card,1,9,6,1,40-50,10.8,2.0,0.0,0.0,-1,44,3936.435,0.03,0.0,0.0,0.0,0.0,0,0,0.0,0.0,0,0,0.0,2653.42,1,0,0.0,7872.87,2,0,0.0,0
LGS2ORD0031447,C016741,2025-09-07 01:00:00,Female,36,Silver,Lazada,Songkhla,284,Web,COD,1,9,6,1,30-40,9.466666666666667,7.0,1.0,0.14285714285714285,196,5,4891.330000000001,0.25,0.5714285714285714,0.14285714285714285,0.0,9603.82,2,0,0.0,9603.82,2,0,0.0,24452.09,4,0,0.0,34239.310000000005,7,1,0.14285714285714285,1
LGS2ORD0031448,C013289,2025-09-07 01:00:00,Female,37,Platinum,Shopee,Bangkok,1399,Shopee,COD,1,9,6,1,30-40,46.63333333333333,0.0,0.0,0.0,-1,-1,0.0,0.0,0.0,0.0,0.0,0.0,0,0,0.0,0.0,0,0,0.0,0.0,0,0,0.0,0.0,0,0,0.0,0
LGS2ORD0031449,C012199,2025-09-07 01:00:00,Female,56,Silver,TV,Phuket,1581,TV_Show,COD,1,9,6,1,>50,52.7,7.0,1.0,0.14285714285714285,169,90,3860.4485714285715,0.25,0.5714285714285714,0.14285714285714285,0.0,0.0,0,0,0.0,0.0,0,0,0.0,0.0,0,0,0.0,27023.14,7,1,0.14285714285714285,1
LGS2ORD0031450,C010945,2025-09-07 01:00:00,Female,31,Bronze,Web,Bangkok,1619,CallCenter,Credit_Card,1,9,6,1,30-40,53.96666666666667,3.0,0.0,0.0,-1,15,1402.68,0.08,0.0,0.0,0.0,0.0,0,0,0.0,2251.89,1,0,0.0,4208.04,3,0,0.0,4208.04,3,0,0.0,1
LGS2ORD0031451,C015729,2025-09-07 02:00:00,Male,30,Bronze,TV,Nakhon Ratchasima,1524,Lazada,Credit_Card,2,9,6,1,20-30,50.8,3.0,0.0,0.0,-1,77,3170.9833333333336,0.08,0.6666666666666666,0.0,0.0,0.0,0,0,0.0,0.0,0,0,0.0,1308.45,1,0,0.0,9512.95,3,0,0.0,0
LGS2ORD0031452,C012683,2025-09-07 02:00:00,Male,61,Silver,Web,Phuket,1019,Web,COD,2,9,6,1,>50,33.96666666666667,11.0,4.0,0.36363636363636365,50,55,6672.143636363637,0.3,0.45454545454545453,0.2727272727272727,0.0,0.0,0,0,0.0,0.0,0,0,0.0,34963.770000000004,6,3,0.5,73393.58,11,4,0.36363636363636365,1
LGS2ORD0031453,C012190,2025-09-07 02:00:00,Male,42,Silver,Lazada,Chonburi,1225,Web,Credit_Card,2,9,6,1,40-50,40.833333333333336,5.0,1.0,0.2,-4,1,3866.4119999999994,0.2,0.4,0.0,0.0,9888.47,1,1,1.0,9888.47,1,1,1.0,9888.47,1,1,1.0,19332.059999999998,5,1,0.2,0
LGS2ORD0031454,C012008,2025-09-07 02:00:00,Female,36,Silver,CallCenter,Khon Kaen,1052,Lazada,COD,2,9,6,1,30-40,35.06666666666667,4.0,2.0,0.5,21,23,3628.875,0.3,0.5,0.25,0.0,0.0,0,0,0.0,1644.36,1,1,1.0,1644.36,1,1,1.0,14515.5,4,2,0.5,1
LGS2ORD0031455,C010049,2025-09-07 02:00:00,Male,19,Silver,CallCenter,Nakhon Ratchasima,1570,CallCenter,COD,2,9,6,1,<20,52.333333333333336,7.0,1.0,0.14285714285714285,59,30,12695.948571428573,0.3,0.5714285714285714,0.5714285714285714,0.0,0.0,0,0,0.0,0.0,0,0,0.0,53296.51,4,1,0.25,88871.64000000001,7,1,0.14285714285714285,0
LGS2ORD0031456,C013690,2025-09-07 02:00:00,Male,42,Silver,Web,Chiang Mai,1561,TV_Show,Credit_Card,2,9,6,1,40-50,52.03333333333333,4.0,1.0,0.25,96,14,4851.1025,0.3,0.5,0.25,0.0,0.0,0,0,0.0,13763.45,1,0,0.0,18199.78,3,0,0.0,19404.41,4,1,0.25,0
LGS2ORD0031457,C012380,2025-09-07 03:00:00,Female,31,Gold,Shopee,Bangkok,882,Shopee,PromptPay,3,9,6,1,30-40,29.4,2.0,1.0,0.5,193,108,2841.7400000000002,0.18,0.0,0.0,0.0,0.0,0,0,0.0,0.0,0,0,0.0,0.0,0,0,0.0,5683.4800000000005,2,1,0.5,0
LGS2ORD0031458,C017132,2025-09-07 03:00:00,Male,61,Silver,TV,Bangkok,778,Lazada,PromptPay,3,9,6,1,>50,25.933333333333334,7.0,2.0,0.2857142857142857,215,130,6850.975714285714,0.3,0.2857142857142857,0.14285714285714285,0.0,0.0,0,0,0.0,0.0,0,0,0.0,0.0,0,0,0.0,47956.83,7,2,0.2857142857142857,0
LGS2ORD0031459,C014782,2025-09-07 03:00:00,Female,42,Bronze,Web,Bangkok,1419,Lazada,Bank_Transfer,3,9,6,1,40-50,47.3,1.0,1.0,1.0,134,141,1621.22,0.18,0.0,0.0,0.0,0.0,0,0,0.0,0.0,0,0,0.0,0.0,0,0,0.0,1621.22,1,1,1.0,1
LGS2ORD0031460,C017863,2025-09-07 03:00:00,Male,39,Silver,Shopee,Phuket,936,TV_Show,PromptPay,3,9,6,1,30-40,31.2,1.0,0.0,0.0,-1,47,7211.76,0.1,1.0,0.0,0.0,0.0,0,0,0.0,0.0,0,0,0.0,7211.76,1,0,0.0,7211.76,1,0,0.0,0
LGS2ORD0031461,C013070,2025-09-07 03:00:00,Female,68,Bronze,TV,Songkhla,281,TV_Show,PromptPay,3,9,6,1,>50,9.366666666666667,7.0,4.0,0.5714285714285714,27,32,6314.092857142858,0.23,0.7142857142857143,0.2857142857142857,0.0,0.0,0,0,0.0,0.0,0,0,0.0,25521.67,2,2,1.0,44198.65,7,4,0.5714285714285714,0
LGS2ORD0031462,C013126,2025-09-07 04:00:00,Male,18,Silver,CallCenter,Chiang Mai,625,Lazada,Credit_Card,4,9,6,1,<20,20.833333333333332,2.0,1.0,0.5,239,109,12395.470000000001,0.3,0.5,0.5,0.0,0.0,0,0,0.0,0.0,0,0,0.0,0.0,0,0,0.0,24790.940000000002,2,1,0.5,0
LGS2ORD0031463,C013124,2025-09-07 04:00:00,Female,48,Gold,TV,Chiang Mai,1544,Lazada,COD,4,9,6,1,40-50,51.46666666666667,1.0,0.0,0.0,-1,227,3612.2,0.13,0.0,0.0,0.0,0.0,0,0,0.0,0.0,0,0,0.0,0.0,0,0,0.0,3612.2,1,0,0.0,0
LGS2ORD0031464,C014142,2025-09-07 04:00:00,Male,38,Silver,Lazada,Bangkok,1576,CallCenter,Credit_Card,4,9,6,1,30-40,52.53333333333333,3.0,1.0,0.3333333333333333,193,166,4768.67,0.2,0.6666666666666666,0.0,0.0,0.0,0,0,0.0,0.0,0,0,0.0,0.0,0,0,0.0,14306.01,3,1,0.3333333333333333,0
LGS2ORD0031465,C010479,2025-09-07 04:00:00,Male,31,Platinum,Web,Chonburi,275,Shopee,PromptPay,4,9,6,1,30-40,9.166666666666666,2.0,0.0,0.0,-1,34,1606.835,0.3,0.5,0.5,0.0,0.0,0,0,0.0,0.0,0,0,0.0,3072.14,1,0,0.0,3213.67,2,0,0.0,1
LGS2ORD0031466,C014016,2025-09-07 04:00:00,Female,34,Platinum,CallCenter,Chonburi,1309,TV_Show,Credit_Card,4,9,6,1,30-40,43.63333333333333,3.0,1.0,0.3333333333333333,166,173,9394.423333333334,0.15,0.3333333333333333,0.0,0.0,0.0,0,0,0.0,0.0,0,0,0.0,0.0,0,0,0.0,28183.27,3,1,0.3333333333333333,0
LGS2ORD0031467,C017818,2025-09-07 05:00:00,Male,53,Bronze,Shopee,Remote_Area,1264,Lazada,COD,5,9,6,1,>50,42.13333333333333,5.0,2.0,0.4,35,36,2889.944,0.23,0.6,0.4,0.0,0.0,0,0,0.0,0.0,0,0,0.0,3595.21,2,1,0.5,14449.72,5,2,0.4,1
LGS2ORD0031468,C015569,2025-09-07 05:00:00,Male,49,Gold,CallCenter,Remote_Area,987,TV_Show,Credit_Card,5,9,6,1,40-50,32.9,1.0,1.0,1.0,175,188,1739.18,0.2299999999999999,1.0,1.0,0.0,0.0,0,0,0.0,0.0,0,0,0.0,0.0,0,0,0.0,1739.18,1,1,1.0,0
LGS2ORD0031469,C011775,2025-09-07 05:00:00,Female,18,Silver,Shopee,Chiang Mai,1039,TV_Show,COD,5,9,6,1,<20,34.63333333333333,1.0,0.0,0.0,-1,6,6480.08,0.05,1.0,0.0,0.0,6480.08,1,0,0.0,6480.08,1,0,0.0,6480.08,1,0,0.0,6480.08,1,0,0.0,0
LGS2ORD0031470,C012658,2025-09-07 05:00:00,Male,41,Gold,Web,Bangkok,1020,Web,COD,5,9,6,1,40-50,34.0,1.0,0.0,0.0,-1,85,2855.06,0.2299999999999999,1.0,1.0,0.0,0.0,0,0,0.0,0.0,0,0,0.0,2855.06,1,0,0.0,2855.06,1,0,0.0,0
LGS2ORD0031471,C016007,2025-09-07 05:00:00,Female,43,Silver,TV,Phuket,1208,TV_Show,Bank_Transfer,5,9,6,1,40-50,40.266666666666666,5.0,2.0,0.4,123,103,7578.075999999999,0.25,0.6,0.2,0.0,0.0,0,0,0.0,0.0,0,0,0.0,0.0,0,0,0.0,37890.38,5,2,0.4,0
LGS2ORD0031472,C017427,2025-09-07 05:00:00,Female,33,Bronze,Lazada,Khon Kaen,1126,TV_Show,PromptPay,5,9,6,1,30-40,37.53333333333333,3.0,0.0,0.0,-1,14,12804.653333333334,0.18,0.0,0.0,0.0,0.0,0,0,0.0,24211.61,1,0,0.0,26765.52,2,0,0.0,38413.96,3,0,0.0,0
LGS2ORD0031473,C011065,2025-09-07 06:00:00,Male,35,Platinum,Web,Chiang Mai,1043,Lazada,COD,6,9,6,1,30-40,34.766666666666666,6.0,0.0,0.0,-1,31,4734.026666666667,0.25,0.5,0.3333333333333333,0.0,0.0,0,0,0.0,0.0,0,0,0.0,13521.150000000001,3,0,0.0,28404.16,6,0,0.0,0
LGS2ORD0031474,C013451,2025-09-07 06:00:00,Female,47,Bronze,Lazada,Phuket,833,Lazada,COD,6,9,6,1,40-50,27.766666666666666,6.0,4.0,0.6666666666666666,23,36,5659.003333333333,0.18,0.6666666666666666,0.0,0.0,0.0,0,0,0.0,0.0,0,0,0.0,24174.11,2,2,1.0,33954.02,6,4,0.6666666666666666,0
LGS2ORD0031475,C014283,2025-09-07 06:00:00,Male,58,Gold,Lazada,Bangkok,948,CallCenter,COD,6,9,6,1,>50,31.6,9.0,1.0,0.1111111111111111,202,9,3600.521111111111,0.33,0.6666666666666666,0.5555555555555556,0.0,0.0,0,0,0.0,15114.0,1,0,0.0,20977.04,3,0,0.0,32404.69,9,1,0.1111111111111111,0
LGS2ORD0031476,C017615,2025-09-07 06:00:00,Female,51,Bronze,Web,Chonburi,859,Web,Credit_Card,6,9,6,1,>50,28.633333333333333,4.0,2.0,0.5,154,6,1274.1625,0.18,1.0,0.0,0.0,1894.32,1,0,0.0,1894.32,1,0,0.0,1894.32,1,0,0.0,5096.65,4,2,0.5,0
LGS2ORD0031477,C012673,2025-09-07 06:00:00,Female,29,Platinum,TV,Bangkok,1291,Lazada,COD,6,9,6,1,20-30,43.03333333333333,4.0,0.0,0.0,-1,30,7754.67,0.35,0.5,0.5,0.0,0.0,0,0,0.0,0.0,0,0,0.0,17835.23,2,0,0.0,31018.68,4,0,0.0,0
LGS2ORD0031478,C011878,2025-09-07 07:00:00,Female,44,Bronze,TV,Phuket,1527,Shopee,COD,7,9,6,1,40-50,50.9,3.0,1.0,0.3333333333333333,-5,6,6911.443333333334,0.28,0.6666666666666666,0.3333333333333333,0.0,2813.17,1,1,1.0,2813.17,1,1,1.0,2813.17,1,1,1.0,20734.33,3,1,0.3333333333333333,0
LGS2ORD0031479,C012327,2025-09-07 07:00:00,Male,39,Bronze,Shopee,Nakhon Ratchasima,1530,Web,Credit_Card,7,9,6,1,30-40,51.0,4.0,0.0,0.0,-1,33,4516.360000000001,0.18,0.75,0.0,0.0,0.0,0,0,0.0,0.0,0,0,0.0,1626.09,1,0,0.0,18065.440000000002,4,0,0.0,0
LGS2ORD0031480,C013625,2025-09-07 07:00:00,Male,43,Bronze,Web,Bangkok,1651,TV_Show,Credit_Card,7,9,6,1,40-50,55.03333333333333,3.0,1.0,0.3333333333333333,77,2,1490.5233333333335,0.28,0.6666666666666666,0.3333333333333333,0.0,570.39,1,0,0.0,570.39,1,0,0.0,2742.19,2,1,0.5,4471.570000000001,3,1,0.3333333333333333,1
LGS2ORD0031481,C012426,2025-09-07 07:00:00,Female,53,Bronze,TV,Chonburi,394,Lazada,Credit_Card,7,9,6,1,>50,13.133333333333333,9.0,2.0,0.2222222222222222,159,11,3500.88,0.28,0.7777777777777778,0.2222222222222222,0.0,0.0,0,0,0.0,6557.41,1,0,0.0,17293.739999999998,5,0,0.0,31507.920000000002,9,2,0.2222222222222222,1
LGS2ORD0031482,C011189,2025-09-07 07:00:00,Male,34,Bronze,TV,Khon Kaen,1691,Shopee,COD,7,9,6,1,30-40,56.36666666666667,5.0,0.0,0.0,-1,67,4769.812,0.23,0.6,0.2,0.0,0.0,0,0,0.0,0.0,0,0,0.0,13163.44,1,0,0.0,23849.059999999998,5,0,0.0,0
LGS2ORD0031483,C017519,2025-09-07 08:00:00,Female,43,Silver,Lazada,Nakhon Ratchasima,510,CallCenter,COD,8,9,6,1,40-50,17.0,5.0,1.0,0.2,97,53,4783.17,0.2,0.8,0.0,0.0,0.0,0,0,0.0,0.0,0,0,0.0,16015.48,1,0,0.0,23915.85,5,1,0.2,0
LGS2ORD0031484,C011570,2025-09-07 08:00:00,Male,36,Silver,Web,Chonburi,1684,Lazada,COD,8,9,6,1,30-40,56.13333333333333,2.0,0.0,0.0,-1,96,14760.24,0.25,0.5,0.5,0.0,0.0,0,0,0.0,0.0,0,0,0.0,0.0,0,0,0.0,29520.48,2,0,0.0,1
LGS2ORD0031485,C015586,2025-09-07 08:00:00,Male,25,Gold,Web,Bangkok,1480,Shopee,Bank_Transfer,8,9,6,1,20-30,49.333333333333336,3.0,2.0,0.6666666666666666,-9,1,4648.803333333333,0.28,0.6666666666666666,0.6666666666666666,0.0,2224.91,1,1,1.0,2224.91,1,1,1.0,2224.91,1,1,1.0,13946.41,3,2,0.6666666666666666,0
LGS2ORD0031486,C014771,2025-09-07 08:00:00,Female,40,Gold,TV,Khon Kaen,1439,Web,Credit_Card,8,9,6,1,30-40,47.96666666666667,3.0,0.0,0.0,-1,131,3728.226666666667,0.18,0.6666666666666666,0.0,0.0,0.0,0,0,0.0,0.0,0,0,0.0,0.0,0,0,0.0,11184.68,3,0,0.0,0
LGS2ORD0031487,C016965,2025-09-07 08:00:00,Female,50,Silver,TV,Chiang Mai,288,CallCenter,PromptPay,8,9,6,1,40-50,9.6,8.0,2.0,0.25,36,12,9207.03375,0.2,0.75,0.0,0.0,0.0,0,0,0.0,15229.51,1,0,0.0,47545.32,4,1,0.25,73656.27,8,2,0.25,1
LGS2ORD0031488,C014737,2025-09-07 09:00:00,Male,24,Silver,TV,Chonburi,884,CallCenter,Credit_Card,9,9,6,1,20-30,29.466666666666665,4.0,1.0,0.25,173,99,8077.882500000001,0.25,0.75,0.25,0.0,0.0,0,0,0.0,0.0,0,0,0.0,0.0,0,0,0.0,32311.530000000002,4,1,0.25,0
LGS2ORD0031489,C014131,2025-09-07 09:00:00,Female,51,Silver,Shopee,Bangkok,1484,Lazada,COD,9,9,6,1,>50,49.46666666666667,8.0,2.0,0.25,84,16,2746.23625,0.3,0.375,0.625,0.0,0.0,0,0,0.0,6340.86,3,0,0.0,6340.86,3,0,0.0,21969.89,8,2,0.25,0
LGS2ORD0031490,C016596,2025-09-07 09:00:00,Female,39,Bronze,Web,Chonburi,752,Shopee,COD,9,9,6,1,30-40,25.066666666666666,4.0,0.0,0.0,-1,37,5615.165,0.18,0.75,0.0,0.0,0.0,0,0,0.0,0.0,0,0,0.0,4452.53,1,0,0.0,22460.66,4,0,0.0,0
LGS2ORD0031491,C012238,2025-09-07 09:00:00,Female,36,Silver,Shopee,Nakhon Ratchasima,858,Web,COD,9,9,6,1,30-40,28.6,6.0,0.0,0.0,-1,7,5641.010000000001,0.25,1.0,0.16666666666666666,0.0,0.0,0,0,0.0,1268.98,1,0,0.0,1268.98,1,0,0.0,33846.060000000005,6,0,0.0,1
LGS2ORD0031492,C011749,2025-09-07 09:00:00,Female,47,Bronze,TV,Khon Kaen,333,Shopee,Credit_Card,9,9,6,1,40-50,11.1,8.0,3.0,0.375,43,33,6355.928749999999,0.28,0.75,0.375,0.0,0.0,0,0,0.0,0.0,0,0,0.0,3325.05,2,1,0.5,50847.42999999999,8,3,0.375,0
LGS2ORD0031493,C011058,2025-09-07 09:00:00,Male,32,Bronze,Web,Phuket,644,TV_Show,COD,9,9,6,1,30-40,21.466666666666665,3.0,1.0,0.3333333333333333,107,120,12867.396666666667,0.23,0.3333333333333333,0.6666666666666666,0.0,0.0,0,0,0.0,0.0,0,0,0.0,0.0,0,0,0.0,38602.19,3,1,0.3333333333333333,1
LGS2ORD0031494,C012347,2025-09-07 10:00:00,Female,33,Bronze,TV,Nakhon Ratchasima,1043,TV_Show,Credit_Card,10,9,6,1,30-40,34.766666666666666,2.0,1.0,0.5,54,62,8131.385,0.13,0.5,0.0,0.0,0.0,0,0,0.0,0.0,0,0,0.0,2318.91,1,1,1.0,16262.77,2,1,0.5,0
LGS2ORD0031495,C010703,2025-09-07 10:00:00,Female,62,Silver,Shopee,Chiang Mai,373,CallCenter,Bank_Transfer,10,9,6,1,>50,12.433333333333334,5.0,0.0,0.0,-1,68,4850.218,0.2,0.4,0.0,0.0,0.0,0,0,0.0,0.0,0,0,0.0,11570.779999999999,2,0,0.0,24251.09,5,0,0.0,0
LGS2ORD0031496,C015088,2025-09-07 10:00:00,Female,72,Platinum,Lazada,Bangkok,546,Web,Credit_Card,10,9,6,1,>50,18.2,0.0,0.0,0.0,-1,-1,0.0,0.0,0.0,0.0,0.0,0.0,0,0,0.0,0.0,0,0,0.0,0.0,0,0,0.0,0.0,0,0,0.0,0
LGS2ORD0031497,C012723,2025-09-07 10:00:00,Male,20,Silver,Lazada,Chiang Mai,1249,TV_Show,Credit_Card,10,9,6,1,<20,41.63333333333333,4.0,0.0,0.0,-1,23,6126.0025000000005,0.25,0.5,0.25,0.0,0.0,0,0,0.0,5577.21,1,0,0.0,8259.7,2,0,0.0,24504.010000000002,4,0,0.0,0
LGS2ORD0031498,C015961,2025-09-07 10:00:00,Female,39,Bronze,Web,Bangkok,903,TV_Show,Credit_Card,10,9,6,1,30-40,30.1,7.0,2.0,0.2857142857142857,72,60,7401.731428571429,0.23,0.2857142857142857,0.2857142857142857,0.0,0.0,0,0,0.0,0.0,0,0,0.0,37652.100000000006,3,1,0.3333333333333333,51812.12,7,2,0.2857142857142857,0
LGS2ORD0031499,C014810,2025-09-07 11:00:00,Male,51,Bronze,TV,Phuket,580,CallCenter,Credit_Card,11,9,6,1,>50,19.333333333333332,4.0,2.0,0.5,44,38,5860.195,0.08,0.25,0.0,0.0,0.0,0,0,0.0,0.0,0,0,0.0,16698.66,2,1,0.5,23440.78,4,2,0.5,0
LGS2ORD0031500,C014102,2025-09-07 11:00:00,Male,59,Platinum,Web,Bangkok,1517,TV_Show,Credit_Card,11,9,6,1,>50,50.56666666666667,2.0,0.0,0.0,-1,18,2820.9750000000004,0.35,0.5,0.5,0.0,0.0,0,0,0.0,1017.98,1,0,0.0,1017.98,1,0,0.0,5641.950000000001,2,0,0.0,0
LGS2ORD0031501,C010442,2025-09-07 11:00:00,Female,49,Gold,Web,Songkhla,624,Shopee,COD,11,9,6,1,40-50,20.8,4.0,1.0,0.25,124,9,4243.8099999999995,0.2299999999999999,0.25,0.5,0.0,0.0,0,0,0.0,6119.16,1,0,0.0,6119.16,1,0,0.0,16975.239999999998,4,1,0.25,1
LGS2ORD0031502,C014651,2025-09-07 11:00:00,Female,51,Gold,Shopee,Chonburi,334,CallCenter,PromptPay,11,9,6,1,>50,11.133333333333333,6.0,2.0,0.3333333333333333,15,26,1406.4366666666665,0.28,0.6666666666666666,0.8333333333333334,0.0,0.0,0,0,0.0,3455.58,1,1,1.0,4668.08,3,1,0.3333333333333333,8438.619999999999,6,2,0.3333333333333333,0
LGS2ORD0031503,C010729,2025-09-07 11:00:00,Female,38,Silver,Web,Chiang Mai,946,CallCenter,Bank_Transfer,11,9,6,1,30-40,31.533333333333335,3.0,1.0,0.3333333333333333,224,56,2656.8933333333334,0.3,0.6666666666666666,0.3333333333333333,0.0,0.0,0,0,0.0,0.0,0,0,0.0,442.14,1,0,0.0,7970.68,3,1,0.3333333333333333,1
LGS2ORD0031504,C012073,2025-09-07 12:00:00,Female,18,Bronze,Shopee,Khon Kaen,1034,TV_Show,PromptPay,12,9,6,1,<20,34.46666666666667,2.0,1.0,0.5,226,194,5887.78,0.18,0.5,0.0,0.0,0.0,0,0,0.0,0.0,0,0,0.0,0.0,0,0,0.0,11775.56,2,1,0.5,0
LGS2ORD0031505,C015619,2025-09-07 12:00:00,Female,36,Bronze,Web,Chiang Mai,353,TV_Show,COD,12,9,6,1,30-40,11.766666666666667,8.0,2.0,0.25,38,10,6380.00625,0.18,0.5,0.0,0.0,0.0,0,0,0.0,12729.51,2,0,0.0,34576.1,5,1,0.2,51040.05,8,2,0.25,1
LGS2ORD0031506,C013108,2025-09-07 12:00:00,Female,42,Bronze,Lazada,Khon Kaen,344,Web,PromptPay,12,9,6,1,40-50,11.466666666666667,7.0,2.0,0.2857142857142857,25,3,3450.214285714286,0.28,0.5714285714285714,0.2857142857142857,0.0,2686.82,1,0,0.0,3563.84,2,0,0.0,13996.57,4,1,0.25,24151.5,7,2,0.2857142857142857,0
LGS2ORD0031507,C010535,2025-09-07 12:00:00,Male,65,Silver,CallCenter,Khon Kaen,911,Web,COD,12,9,6,1,>50,30.366666666666667,6.0,0.0,0.0,-1,53,3517.968333333333,0.25,0.3333333333333333,0.3333333333333333,0.0,0.0,0,0,0.0,0.0,0,0,0.0,1500.3,1,0,0.0,21107.809999999998,6,0,0.0,0
LGS2ORD0031508,C012947,2025-09-07 12:00:00,Female,56,Bronze,TV,Chiang Mai,813,Shopee,Credit_Card,12,9,6,1,>50,27.1,2.0,0.0,0.0,-1,185,1262.8850000000002,0.23,0.5,0.5,0.0,0.0,0,0,0.0,0.0,0,0,0.0,0.0,0,0,0.0,2525.7700000000004,2,0,0.0,0
LGS2ORD0031509,C015811,2025-09-07 13:00:00,Male,29,Bronze,TV,Nakhon Ratchasima,464,CallCenter,COD,13,9,6,1,20-30,15.466666666666667,1.0,1.0,1.0,27,37,4816.71,0.13,0.0,0.0,0.0,0.0,0,0,0.0,0.0,0,0,0.0,4816.71,1,1,1.0,4816.71,1,1,1.0,0
LGS2ORD0031510,C013882,2025-09-07 13:00:00,Female,40,Silver,Lazada,Bangkok,1049,Shopee,COD,13,9,6,1,30-40,34.96666666666667,6.0,2.0,0.3333333333333333,82,13,2760.396666666666,0.25,0.5,0.3333333333333333,0.0,0.0,0,0,0.0,1667.09,1,0,0.0,3699.1499999999996,2,0,0.0,16562.379999999997,6,2,0.3333333333333333,1
LGS2ORD0031511,C012110,2025-09-07 13:00:00,Male,52,Bronze,Shopee,Chonburi,269,Lazada,COD,13,9,6,1,>50,8.966666666666667,2.0,0.0,0.0,-1,95,1014.6999999999999,0.08,0.0,0.0,0.0,0.0,0,0,0.0,0.0,0,0,0.0,0.0,0,0,0.0,2029.3999999999999,2,0,0.0,0
LGS2ORD0031512,C013284,2025-09-07 13:00:00,Female,39,Gold,Lazada,Bangkok,555,TV_Show,Bank_Transfer,13,9,6,1,30-40,18.5,5.0,2.0,0.4,11,21,5070.772,0.2299999999999999,0.4,0.2,0.0,0.0,0,0,0.0,1898.86,1,1,1.0,5936.24,2,1,0.5,25353.86,5,2,0.4,0
LGS2ORD0031513,C015782,2025-09-07 13:00:00,Female,51,Bronze,Shopee,Chiang Mai,1043,Lazada,COD,13,9,6,1,>50,34.766666666666666,5.0,1.0,0.2,108,118,4600.599999999999,0.18,0.8,0.0,0.0,0.0,0,0,0.0,0.0,0,0,0.0,0.0,0,0,0.0,23002.999999999996,5,1,0.2,1
LGS2ORD0031514,C015350,2025-09-07 13:00:00,Male,45,Bronze,Web,Remote_Area,1338,Web,COD,13,9,6,1,40-50,44.6,7.0,5.0,0.7142857142857143,32,40,5846.027142857143,0.28,0.5714285714285714,0.42857142857142855,0.0,0.0,0,0,0.0,0.0,0,0,0.0,29816.45,2,2,1.0,40922.19,7,5,0.7142857142857143,1
LGS2ORD0031515,C012291,2025-09-07 14:00:00,Male,47,Bronze,Shopee,Chonburi,1359,Shopee,COD,14,9,6,1,40-50,45.3,2.0,1.0,0.5,156,91,5812.280000000001,0.18,0.5,0.0,0.0,0.0,0,0,0.0,0.0,0,0,0.0,0.0,0,0,0.0,11624.560000000001,2,1,0.5,0
LGS2ORD0031516,C014065,2025-09-07 14:00:00,Female,37,Silver,Shopee,Bangkok,1149,Lazada,COD,14,9,6,1,30-40,38.3,2.0,0.0,0.0,-1,141,2524.495,0.2,0.5,0.0,0.0,0.0,0,0,0.0,0.0,0,0,0.0,0.0,0,0,0.0,5048.99,2,0,0.0,0
LGS2ORD0031517,C013916,2025-09-07 14:00:00,Male,26,Gold,CallCenter,Bangkok,1034,Web,Credit_Card,14,9,6,1,20-30,34.46666666666667,5.0,1.0,0.2,24,4,4736.8279999999995,0.33,0.4,0.6,0.0,1242.12,1,0,0.0,1242.12,1,0,0.0,22957.379999999997,4,1,0.25,23684.14,5,1,0.2,0
LGS2ORD0031518,C014626,2025-09-07 14:00:00,Male,43,Bronze,Shopee,Khon Kaen,1126,CallCenter,PromptPay,14,9,6,1,40-50,37.53333333333333,6.0,2.0,0.3333333333333333,169,83,6881.438333333334,0.23,0.16666666666666666,0.3333333333333333,0.0,0.0,0,0,0.0,0.0,0,0,0.0,12649.62,1,0,0.0,41288.630000000005,6,2,0.3333333333333333,0
LGS2ORD0031519,C013754,2025-09-07 14:00:00,Female,49,Bronze,TV,Chiang Mai,436,Shopee,COD,14,9,6,1,40-50,14.533333333333333,6.0,1.0,0.16666666666666666,163,41,2943.5733333333333,0.18,0.3333333333333333,0.0,0.0,0.0,0,0,0.0,0.0,0,0,0.0,3786.84,2,0,0.0,17661.44,6,1,0.16666666666666666,0
LGS2ORD0031520,C017247,2025-09-07 15:00:00,Male,42,Gold,CallCenter,Chiang Mai,324,TV_Show,COD,15,9,6,1,40-50,10.8,1.0,0.0,0.0,-1,6,2196.27,0.2299999999999999,1.0,1.0,0.0,2196.27,1,0,0.0,2196.27,1,0,0.0,2196.27,1,0,0.0,2196.27,1,0,0.0,0
LGS2ORD0031521,C010067,2025-09-07 15:00:00,Male,27,Bronze,Shopee,Phuket,376,CallCenter,Credit_Card,15,9,6,1,20-30,12.533333333333333,3.0,2.0,0.6666666666666666,47,58,4426.1066666666675,0.08,0.6666666666666666,0.0,0.0,0.0,0,0,0.0,0.0,0,0,0.0,3941.28,1,1,1.0,13278.320000000002,3,2,0.6666666666666666,0
LGS2ORD0031522,C017105,2025-09-07 15:00:00,Female,35,Gold,Web,Khon Kaen,1370,Shopee,COD,15,9,6,1,30-40,45.666666666666664,4.0,0.0,0.0,-1,18,5069.9175,0.2299999999999999,0.25,0.25,0.0,0.0,0,0,0.0,6654.5,1,0,0.0,17421.6,3,0,0.0,20279.67,4,0,0.0,0
LGS2ORD0031523,C011117,2025-09-07 15:00:00,Female,47,Platinum,TV,Bangkok,752,Lazada,COD,15,9,6,1,40-50,25.066666666666666,1.0,0.0,0.0,-1,134,6163.11,0.15,0.0,0.0,0.0,0.0,0,0,0.0,0.0,0,0,0.0,0.0,0,0,0.0,6163.11,1,0,0.0,0
LGS2ORD0031524,C012789,2025-09-07 15:00:00,Female,55,Bronze,Lazada,Nakhon Ratchasima,310,TV_Show,COD,15,9,6,1,>50,10.333333333333334,2.0,1.0,0.5,88,38,1557.71,0.18,1.0,0.0,0.0,0.0,0,0,0.0,0.0,0,0,0.0,2913.21,1,0,0.0,3115.42,2,1,0.5,0
LGS2ORD0031525,C011234,2025-09-07 16:00:00,Female,44,Bronze,TV,Nakhon Ratchasima,810,Shopee,Bank_Transfer,16,9,6,1,40-50,27.0,1.0,0.0,0.0,-1,142,2302.18,0.08,0.0,0.0,0.0,0.0,0,0,0.0,0.0,0,0,0.0,0.0,0,0,0.0,2302.18,1,0,0.0,0
LGS2ORD0031526,C013678,2025-09-07 16:00:00,Male,38,Bronze,Lazada,Songkhla,1210,Shopee,COD,16,9,6,1,30-40,40.333333333333336,1.0,0.0,0.0,-1,144,2638.59,0.03,0.0,0.0,0.0,0.0,0,0,0.0,0.0,0,0,0.0,0.0,0,0,0.0,2638.59,1,0,0.0,0
LGS2ORD0031527,C013199,2025-09-07 16:00:00,Female,39,Silver,Shopee,Chonburi,1075,Web,Credit_Card,16,9,6,1,30-40,35.833333333333336,1.0,0.0,0.0,-1,132,2641.73,0.1,0.0,0.0,0.0,0.0,0,0,0.0,0.0,0,0,0.0,0.0,0,0,0.0,2641.73,1,0,0.0,0
LGS2ORD0031528,C014239,2025-09-07 16:00:00,Male,45,Bronze,Web,Chiang Mai,904,Lazada,COD,16,9,6,1,40-50,30.133333333333333,1.0,0.0,0.0,-1,121,3362.96,0.08,0.0,0.0,0.0,0.0,0,0,0.0,0.0,0,0,0.0,0.0,0,0,0.0,3362.96,1,0,0.0,1
LGS2ORD0031529,C015492,2025-09-07 16:00:00,Male,67,Bronze,Shopee,Bangkok,1062,Lazada,COD,16,9,6,1,>50,35.4,5.0,2.0,0.4,5,8,12654.754,0.28,0.2,0.6,0.0,0.0,0,0,0.0,8409.69,1,1,1.0,8409.69,1,1,1.0,63273.770000000004,5,2,0.4,0
LGS2ORD0031530,C011867,2025-09-07 17:00:00,Female,42,Silver,Shopee,Bangkok,1217,TV_Show,COD,17,9,6,1,40-50,40.56666666666667,4.0,2.0,0.5,50,15,2248.3525,0.25,1.0,0.5,0.0,0.0,0,0,0.0,554.56,1,0,0.0,1870.25,2,1,0.5,8993.41,4,2,0.5,0
LGS2ORD0031531,C016789,2025-09-07 17:00:00,Other,35,Gold,Shopee,Chonburi,1175,Shopee,COD,17,9,6,1,30-40,39.166666666666664,2.0,0.0,0.0,-1,8,3309.6499999999996,0.13,0.0,0.0,0.0,0.0,0,0,0.0,2752.87,1,0,0.0,2752.87,1,0,0.0,6619.299999999999,2,0,0.0,0
LGS2ORD0031532,C017593,2025-09-07 17:00:00,Male,54,Bronze,Lazada,Bangkok,945,Web,PromptPay,17,9,6,1,>50,31.5,2.0,2.0,1.0,103,114,5249.985000000001,0.18,0.5,0.0,0.0,0.0,0,0,0.0,0.0,0,0,0.0,0.0,0,0,0.0,10499.970000000001,2,2,1.0,0
LGS2ORD0031533,C016881,2025-09-07 17:00:00,Male,23,Bronze,Shopee,Bangkok,923,Lazada,Bank_Transfer,17,9,6,1,20-30,30.766666666666666,1.0,0.0,0.0,-1,196,6376.46,0.13,0.0,0.0,0.0,0.0,0,0,0.0,0.0,0,0,0.0,0.0,0,0,0.0,6376.46,1,0,0.0,0
LGS2ORD0031534,C016732,2025-09-07 17:00:00,Male,63,Platinum,Web,Chiang Mai,1153,Lazada,COD,17,9,6,1,>50,38.43333333333333,5.0,2.0,0.4,119,5,7428.978000000001,0.3,0.8,0.2,0.0,1786.11,1,0,0.0,5209.84,2,0,0.0,5209.84,2,0,0.0,37144.89000000001,5,2,0.4,0
LGS2ORD0031535,C015374,2025-09-07 17:00:00,Male,38,Bronze,TV,Chiang Mai,344,Web,COD,17,9,6,1,30-40,11.466666666666667,2.0,1.0,0.5,33,46,1283.435,0.18,0.0,0.0,0.0,0.0,0,0,0.0,0.0,0,0,0.0,686.49,1,1,1.0,2566.87,2,1,0.5,1
LGS2ORD0031536,C014055,2025-09-07 18:00:00,Female,29,Bronze,Web,Bangkok,1235,Shopee,Credit_Card,18,9,6,1,20-30,41.166666666666664,3.0,0.0,0.0,-1,144,4299.723333333333,0.18,0.3333333333333333,0.0,0.0,0.0,0,0,0.0,0.0,0,0,0.0,0.0,0,0,0.0,12899.17,3,0,0.0,0
LGS2ORD0031537,C010059,2025-09-07 18:00:00,Female,30,Gold,Shopee,Bangkok,1303,TV_Show,PromptPay,18,9,6,1,20-30,43.43333333333333,2.0,0.0,0.0,-1,45,6155.48,0.13,0.0,0.0,0.0,0.0,0,0,0.0,0.0,0,0,0.0,4857.83,1,0,0.0,12310.96,2,0,0.0,1
LGS2ORD0031538,C011841,2025-09-07 18:00:00,Female,59,Gold,Shopee,Songkhla,1678,Web,COD,18,9,6,1,>50,55.93333333333333,5.0,0.0,0.0,-1,76,2205.952,0.2299999999999999,0.6,0.4,0.0,0.0,0,0,0.0,0.0,0,0,0.0,1902.06,1,0,0.0,11029.76,5,0,0.0,0
LGS2ORD0031539,C012035,2025-09-07 18:00:00,Male,37,Bronze,TV,Chonburi,275,Shopee,COD,18,9,6,1,30-40,9.166666666666666,5.0,0.0,0.0,-1,102,6894.0199999999995,0.13,0.6,0.0,0.0,0.0,0,0,0.0,0.0,0,0,0.0,0.0,0,0,0.0,34470.1,5,0,0.0,0
LGS2ORD0031540,C012840,2025-09-07 18:00:00,Female,55,Bronze,Shopee,Songkhla,330,Web,Bank_Transfer,18,9,6,1,>50,11.0,2.0,0.0,0.0,-1,68,2931.04,0.28,0.5,1.0,0.0,0.0,0,0,0.0,0.0,0,0,0.0,889.71,1,0,0.0,5862.08,2,0,0.0,0
LGS2ORD0031541,C014171,2025-09-07 19:00:00,Male,52,Bronze,TV,Remote_Area,762,TV_Show,Bank_Transfer,19,9,6,1,>50,25.4,4.0,2.0,0.5,7,10,4605.2125,0.28,0.5,0.75,0.0,0.0,0,0,0.0,16122.0,3,1,0.3333333333333333,16122.0,3,1,0.3333333333333333,18420.85,4,2,0.5,0
LGS2ORD0031542,C017135,2025-09-07 19:00:00,Female,30,Bronze,TV,Bangkok,1655,Web,COD,19,9,6,1,20-30,55.166666666666664,5.0,0.0,0.0,-1,80,7675.751999999999,0.28,0.6,0.4,0.0,0.0,0,0,0.0,0.0,0,0,0.0,4473.41,1,0,0.0,38378.759999999995,5,0,0.0,0
LGS2ORD0031543,C016658,2025-09-07 19:00:00,Male,47,Silver,Lazada,Chiang Mai,671,Shopee,COD,19,9,6,1,40-50,22.366666666666667,7.0,2.0,0.2857142857142857,27,2,8952.941428571428,0.3,0.7142857142857143,0.42857142857142855,0.0,1362.15,1,0,0.0,23235.210000000003,2,0,0.0,23712.360000000004,3,1,0.3333333333333333,62670.590000000004,7,2,0.2857142857142857,1
LGS2ORD0031544,C010632,2025-09-07 19:00:00,Female,66,Bronze,TV,Remote_Area,1155,Lazada,COD,19,9,6,1,>50,38.5,4.0,0.0,0.0,-1,18,3571.0299999999997,0.28,0.5,0.25,0.0,0.0,0,0,0.0,921.89,1,0,0.0,921.89,1,0,0.0,14284.119999999999,4,0,0.0,0
LGS2ORD0031545,C011850,2025-09-07 19:00:00,Male,57,Bronze,Shopee,Remote_Area,551,Shopee,COD,19,9,6,1,>50,18.366666666666667,8.0,2.0,0.25,123,31,3946.76125,0.18,0.875,0.0,0.0,0.0,0,0,0.0,0.0,0,0,0.0,4285.48,2,0,0.0,31574.09,8,2,0.25,1
LGS2ORD0031546,C013794,2025-09-07 20:00:00,Female,46,Silver,Web,Khon Kaen,1608,Shopee,Credit_Card,20,9,6,1,40-50,53.6,4.0,1.0,0.25,40,22,6714.400000000001,0.2,0.5,0.0,0.0,0.0,0,0,0.0,19494.38,1,0,0.0,26071.15,2,1,0.5,26857.600000000002,4,1,0.25,0
LGS2ORD0031547,C016280,2025-09-07 20:00:00,Female,46,Bronze,Shopee,Songkhla,398,TV_Show,Credit_Card,20,9,6,1,40-50,13.266666666666667,2.0,0.0,0.0,-1,185,2613.865,0.18,0.5,0.0,0.0,0.0,0,0,0.0,0.0,0,0,0.0,0.0,0,0,0.0,5227.73,2,0,0.0,1
LGS2ORD0031548,C010211,2025-09-07 20:00:00,Male,29,Bronze,Web,Nakhon Ratchasima,380,Web,COD,20,9,6,1,20-30,12.666666666666666,6.0,3.0,0.5,98,112,2302.3816666666667,0.28,0.5,0.3333333333333333,0.0,0.0,0,0,0.0,0.0,0,0,0.0,0.0,0,0,0.0,13814.29,6,3,0.5,0
LGS2ORD0031549,C017115,2025-09-07 20:00:00,Female,36,Platinum,Web,Bangkok,395,Lazada,PromptPay,20,9,6,1,30-40,13.166666666666666,3.0,0.0,0.0,-1,72,4012.5766666666664,0.25,0.3333333333333333,0.3333333333333333,0.0,0.0,0,0,0.0,0.0,0,0,0.0,790.41,1,0,0.0,12037.73,3,0,0.0,1
LGS2ORD0031550,C016274,2025-09-07 20:00:00,Female,45,Gold,TV,Chiang Mai,907,TV_Show,COD,20,9,6,1,40-50,30.233333333333334,3.0,0.0,0.0,-1,1,10843.300000000001,0.2299999999999999,0.3333333333333333,0.6666666666666666,0.0,11785.88,1,0,0.0,11785.88,1,0,0.0,18444.92,2,0,0.0,32529.9,3,0,0.0,0
LGS2ORD0031551,C017709,2025-09-07 21:00:00,Male,51,Gold,Web,Bangkok,541,Web,Credit_Card,21,9,6,1,>50,18.033333333333335,2.0,0.0,0.0,-1,67,17408.555,0.13,0.0,0.0,0.0,0.0,0,0,0.0,0.0,0,0,0.0,23626.81,1,0,0.0,34817.11,2,0,0.0,0
LGS2ORD0031552,C010442,2025-09-07 21:00:00,Female,49,Gold,Web,Songkhla,624,Shopee,Credit_Card,21,9,6,1,40-50,20.8,5.0,2.0,0.4,-13,0,4094.7659999999996,0.2299999999999999,0.4,0.6,0.0,3498.59,1,1,1.0,9617.75,2,1,0.5,9617.75,2,1,0.5,20473.829999999998,5,2,0.4,0
LGS2ORD0031553,C015419,2025-09-07 21:00:00,Male,30,Platinum,TV,Bangkok,999,Lazada,COD,21,9,6,1,20-30,33.3,2.0,0.0,0.0,-1,124,2547.7650000000003,0.35,0.5,0.5,0.0,0.0,0,0,0.0,0.0,0,0,0.0,0.0,0,0,0.0,5095.530000000001,2,0,0.0,0
LGS2ORD0031554,C014878,2025-09-07 21:00:00,Male,29,Silver,Lazada,Songkhla,268,CallCenter,Credit_Card,21,9,6,1,20-30,8.933333333333334,4.0,2.0,0.5,76,18,3795.6675,0.25,0.5,0.25,0.0,0.0,0,0,0.0,5447.43,1,0,0.0,8290.37,3,1,0.3333333333333333,15182.67,4,2,0.5,0
LGS2ORD0031555,C014950,2025-09-07 21:00:00,Male,55,Gold,TV,Khon Kaen,1348,Web,COD,21,9,6,1,>50,44.93333333333333,8.0,2.0,0.25,7,2,2547.65875,0.33,0.5,0.625,0.0,2509.98,1,0,0.0,2751.04,2,1,0.5,7291.530000000001,3,2,0.6666666666666666,20381.27,8,2,0.25,0
LGS2ORD0031556,C011215,2025-09-07 21:00:00,Female,43,Bronze,TV,Bangkok,1647,Lazada,Credit_Card,21,9,6,1,40-50,54.9,0.0,0.0,0.0,-1,-1,0.0,0.0,0.0,0.0,0.0,0.0,0,0,0.0,0.0,0,0,0.0,0.0,0,0,0.0,0.0,0,0,0.0,0
LGS2ORD0031557,C012601,2025-09-07 22:00:00,Male,22,Gold,Shopee,Bangkok,1459,Shopee,Credit_Card,22,9,6,1,20-30,48.63333333333333,4.0,1.0,0.25,68,25,10890.005000000001,0.28,0.5,0.25,0.0,0.0,0,0,0.0,3275.81,1,0,0.0,42699.17,3,1,0.3333333333333333,43560.020000000004,4,1,0.25,0
LGS2ORD0031558,C012184,2025-09-07 22:00:00,Male,46,Silver,TV,Bangkok,1502,Shopee,Credit_Card,22,9,6,1,40-50,50.06666666666667,4.0,1.0,0.25,37,45,3976.835,0.25,0.25,0.5,0.0,0.0,0,0,0.0,0.0,0,0,0.0,14714.85,3,1,0.3333333333333333,15907.34,4,1,0.25,0
LGS2ORD0031559,C017186,2025-09-07 22:00:00,Male,48,Gold,Web,Bangkok,852,TV_Show,Credit_Card,22,9,6,1,40-50,28.4,1.0,0.0,0.0,-1,136,9493.27,0.2299999999999999,0.0,1.0,0.0,0.0,0,0,0.0,0.0,0,0,0.0,0.0,0,0,0.0,9493.27,1,0,0.0,0
LGS2ORD0031560,C013448,2025-09-07 22:00:00,Male,40,Gold,Web,Songkhla,1091,TV_Show,Credit_Card,22,9,6,1,30-40,36.36666666666667,3.0,0.0,0.0,-1,56,1663.1433333333334,0.13,0.0,0.0,0.0,0.0,0,0,0.0,0.0,0,0,0.0,1006.46,1,0,0.0,4989.43,3,0,0.0,0
LGS2ORD0031561,C017058,2025-09-07 22:00:00,Female,45,Bronze,CallCenter,Chiang Mai,1245,CallCenter,COD,22,9,6,1,40-50,41.5,7.0,1.0,0.14285714285714285,182,62,10819.434285714286,0.18,0.42857142857142855,0.0,0.0,0.0,0,0,0.0,0.0,0,0,0.0,1512.2,1,0,0.0,75736.04,7,1,0.14285714285714285,0
LGS2ORD0031562,C016378,2025-09-07 23:00:00,Male,35,Bronze,TV,Phuket,1510,CallCenter,COD,23,9,6,1,30-40,50.333333333333336,5.0,2.0,0.4,205,98,3448.7580000000003,0.18,0.6,0.0,0.0,0.0,0,0,0.0,0.0,0,0,0.0,0.0,0,0,0.0,17243.79,5,2,0.4,1
LGS2ORD0031563,C014000,2025-09-07 23:00:00,Female,54,Bronze,Shopee,Bangkok,635,CallCenter,COD,23,9,6,1,>50,21.166666666666668,7.0,1.0,0.14285714285714285,68,31,6304.092857142857,0.23,0.5714285714285714,0.42857142857142855,0.0,0.0,0,0,0.0,0.0,0,0,0.0,8877.59,3,1,0.3333333333333333,44128.649999999994,7,1,0.14285714285714285,0
LGS2ORD0031564,C017227,2025-09-07 23:00:00,Male,47,Platinum,Shopee,Bangkok,404,Shopee,PromptPay,23,9,6,1,40-50,13.466666666666667,5.0,1.0,0.2,57,2,1651.034,0.35,0.6,0.6,0.0,2812.35,1,0,0.0,2812.35,1,0,0.0,4621.11,2,1,0.5,8255.17,5,1,0.2,0
LGS2ORD0031565,C011320,2025-09-07 23:00:00,Male,47,Silver,Shopee,Chonburi,1018,TV_Show,COD,23,9,6,1,40-50,33.93333333333333,5.0,1.0,0.2,73,85,2934.1159999999995,0.3,0.8,0.2,0.0,0.0,0,0,0.0,0.0,0,0,0.0,551.79,1,1,1.0,14670.579999999998,5,1,0.2,0
LGS2ORD0031566,C017377,2025-09-07 23:00:00,Male,47,Silver,Web,Khon Kaen,1677,CallCenter,PromptPay,23,9,6,1,40-50,55.9,2.0,0.0,0.0,-1,207,6051.41,0.15,0.5,0.0,0.0,0.0,0,0,0.0,0.0,0,0,0.0,0.0,0,0,0.0,12102.82,2,0,0.0,0
LGS2ORD0031567,C017487,2025-09-08 00:00:00,Male,36,Bronze,TV,Chiang Mai,450,Shopee,COD,0,9,0,0,30-40,15.0,4.0,0.0,0.0,-1,20,2913.575,0.13,0.5,0.0,0.0,0.0,0,0,0.0,472.84,1,0,0.0,9111.220000000001,3,0,0.0,11654.3,4,0,0.0,0
LGS2ORD0031568,C017382,2025-09-08 00:00:00,Female,18,Bronze,Shopee,Chonburi,1013,CallCenter,COD,0,9,0,0,<20,33.766666666666666,6.0,3.0,0.5,80,32,6829.243333333335,0.18,0.5,0.0,0.0,0.0,0,0,0.0,0.0,0,0,0.0,16585.06,3,1,0.3333333333333333,40975.46000000001,6,3,0.5,1
LGS2ORD0031569,C013989,2025-09-08 00:00:00,Female,21,Bronze,Web,Chiang Mai,745,Shopee,COD,0,9,0,0,20-30,24.833333333333332,1.0,1.0,1.0,150,163,5990.77,0.08,1.0,0.0,0.0,0.0,0,0,0.0,0.0,0,0,0.0,0.0,0,0,0.0,5990.77,1,1,1.0,0
LGS2ORD0031570,C015826,2025-09-08 00:00:00,Male,50,Silver,Shopee,Bangkok,726,CallCenter,COD,0,9,0,0,40-50,24.2,0.0,0.0,0.0,-1,-1,0.0,0.0,0.0,0.0,0.0,0.0,0,0,0.0,0.0,0,0,0.0,0.0,0,0,0.0,0.0,0,0,0.0,0
LGS2ORD0031571,C017402,2025-09-08 00:00:00,Male,18,Gold,Web,Bangkok,777,TV_Show,COD,0,9,0,0,<20,25.9,1.0,1.0,1.0,147,159,3203.19,0.28,1.0,1.0,0.0,0.0,0,0,0.0,0.0,0,0,0.0,0.0,0,0,0.0,3203.19,1,1,1.0,0
LGS2ORD0031572,C012860,2025-09-08 01:00:00,Female,29,Silver,Shopee,Chonburi,1537,TV_Show,COD,1,9,0,0,20-30,51.233333333333334,2.0,0.0,0.0,-1,38,14447.074999999999,0.15,0.0,0.0,0.0,0.0,0,0,0.0,0.0,0,0,0.0,27539.94,1,0,0.0,28894.149999999998,2,0,0.0,1
LGS2ORD0031573,C016698,2025-09-08 01:00:00,Female,56,Silver,CallCenter,Khon Kaen,1679,Lazada,Credit_Card,1,9,0,0,>50,55.96666666666667,2.0,1.0,0.5,76,82,13202.55,0.15,0.0,0.0,0.0,0.0,0,0,0.0,0.0,0,0,0.0,24701.76,1,1,1.0,26405.1,2,1,0.5,1
LGS2ORD0031574,C013077,2025-09-08 01:00:00,Female,46,Gold,Shopee,Chiang Mai,1083,Web,COD,1,9,0,0,40-50,36.1,3.0,0.0,0.0,-1,115,9902.343333333332,0.33,0.0,0.3333333333333333,0.0,0.0,0,0,0.0,0.0,0,0,0.0,0.0,0,0,0.0,29707.03,3,0,0.0,1
LGS2ORD0031575,C010559,2025-09-08 01:00:00,Male,18,Silver,Web,Bangkok,804,Shopee,COD,1,9,0,0,<20,26.8,4.0,0.0,0.0,-1,120,7249.785000000001,0.15,0.25,0.0,0.0,0.0,0,0,0.0,0.0,0,0,0.0,0.0,0,0,0.0,28999.140000000003,4,0,0.0,1
LGS2ORD0031576,C016211,2025-09-08 01:00:00,Female,43,Bronze,Web,Bangkok,911,Web,COD,1,9,0,0,40-50,30.366666666666667,5.0,0.0,0.0,-1,120,4446.83,0.23,0.8,0.2,0.0,0.0,0,0,0.0,0.0,0,0,0.0,0.0,0,0,0.0,22234.149999999998,5,0,0.0,0
LGS2ORD0031577,C015243,2025-09-08 01:00:00,Male,45,Bronze,TV,Songkhla,440,Web,Bank_Transfer,1,9,0,0,40-50,14.666666666666666,5.0,4.0,0.8,1,10,1717.446,0.23,0.8,0.2,0.0,0.0,0,0,0.0,1541.36,1,1,1.0,1541.36,1,1,1.0,8587.23,5,4,0.8,0
LGS2ORD0031578,C010741,2025-09-08 02:00:00,Male,24,Gold,TV,Phuket,1465,Web,COD,2,9,0,0,20-30,48.833333333333336,10.0,4.0,0.4,35,42,5873.806999999999,0.33,0.3,0.4,0.0,0.0,0,0,0.0,0.0,0,0,0.0,40033.48,6,2,0.3333333333333333,58738.06999999999,10,4,0.4,1
LGS2ORD0031579,C015264,2025-09-08 02:00:00,Male,61,Silver,TV,Chonburi,974,TV_Show,COD,2,9,0,0,>50,32.46666666666667,1.0,0.0,0.0,-1,194,492.06,0.3,0.0,1.0,0.0,0.0,0,0,0.0,0.0,0,0,0.0,0.0,0,0,0.0,492.06,1,0,0.0,0
LGS2ORD0031580,C017465,2025-09-08 02:00:00,Male,46,Bronze,Lazada,Songkhla,1334,TV_Show,COD,2,9,0,0,40-50,44.46666666666667,3.0,1.0,0.3333333333333333,181,148,12517.426666666666,0.28,0.0,0.3333333333333333,0.0,0.0,0,0,0.0,0.0,0,0,0.0,0.0,0,0,0.0,37552.28,3,1,0.3333333333333333,1
LGS2ORD0031581,C011464,2025-09-08 02:00:00,Female,38,Gold,Lazada,Bangkok,487,Shopee,PromptPay,2,9,0,0,30-40,16.233333333333334,6.0,0.0,0.0,-1,3,2723.41,0.33,0.5,0.8333333333333334,0.0,3242.54,1,0,0.0,3242.54,1,0,0.0,6628.52,2,0,0.0,16340.46,6,0,0.0,0
LGS2ORD0031582,C014364,2025-09-08 02:00:00,Female,40,Bronze,TV,Phuket,389,TV_Show,Bank_Transfer,2,9,0,0,30-40,12.966666666666667,5.0,0.0,0.0,-1,94,5549.836,0.28,0.4,0.6,0.0,0.0,0,0,0.0,0.0,0,0,0.0,0.0,0,0,0.0,27749.18,5,0,0.0,0
LGS2ORD0031583,C016046,2025-09-08 03:00:00,Male,47,Bronze,Web,Remote_Area,714,Web,COD,3,9,0,0,40-50,23.8,3.0,1.0,0.3333333333333333,122,59,3266.736666666666,0.18,0.6666666666666666,0.0,0.0,0.0,0,0,0.0,0.0,0,0,0.0,4605.44,1,0,0.0,9800.21,3,1,0.3333333333333333,1
LGS2ORD0031584,C011469,2025-09-08 03:00:00,Male,27,Silver,Web,Songkhla,772,Lazada,Credit_Card,3,9,0,0,20-30,25.733333333333334,7.0,1.0,0.14285714285714285,210,19,11903.852857142858,0.3,0.7142857142857143,0.14285714285714285,0.0,0.0,0,0,0.0,1530.35,1,0,0.0,29105.629999999997,2,0,0.0,83326.97,7,1,0.14285714285714285,1
LGS2ORD0031585,C015851,2025-09-08 03:00:00,Female,18,Bronze,Lazada,Chiang Mai,886,Lazada,COD,3,9,0,0,<20,29.533333333333335,2.0,1.0,0.5,49,57,2994.755,0.18,0.5,0.0,0.0,0.0,0,0,0.0,0.0,0,0,0.0,5989.51,2,1,0.5,5989.51,2,1,0.5,1
LGS2ORD0031586,C011378,2025-09-08 03:00:00,Female,35,Bronze,Lazada,Khon Kaen,1159,CallCenter,Bank_Transfer,3,9,0,0,30-40,38.63333333333333,3.0,2.0,0.6666666666666666,127,131,17578.243333333336,0.18,0.6666666666666666,0.0,0.0,0.0,0,0,0.0,0.0,0,0,0.0,0.0,0,0,0.0,52734.73,3,2,0.6666666666666666,0
LGS2ORD0031587,C017418,2025-09-08 03:00:00,Male,49,Silver,Web,Songkhla,921,Lazada,PromptPay,3,9,0,0,40-50,30.7,4.0,4.0,1.0,92,101,3564.3824999999997,0.3,0.5,0.5,0.0,0.0,0,0,0.0,0.0,0,0,0.0,0.0,0,0,0.0,14257.529999999999,4,4,1.0,0
LGS2ORD0031588,C016007,2025-09-08 04:00:00,Female,43,Silver,TV,Phuket,1209,TV_Show,Credit_Card,4,9,0,0,40-50,40.3,6.0,2.0,0.3333333333333333,124,0,9568.15,0.25,0.5,0.16666666666666666,0.0,19518.52,1,0,0.0,19518.52,1,0,0.0,19518.52,1,0,0.0,57408.899999999994,6,2,0.3333333333333333,0
LGS2ORD0031589,C014400,2025-09-08 04:00:00,Female,61,Platinum,CallCenter,Khon Kaen,1260,CallCenter,Credit_Card,4,9,0,0,>50,42.0,4.0,0.0,0.0,-1,4,5042.76,0.35,0.5,0.75,0.0,9546.61,1,0,0.0,9546.61,1,0,0.0,12705.86,2,0,0.0,20171.04,4,0,0.0,0
LGS2ORD0031590,C011329,2025-09-08 04:00:00,Other,27,Bronze,TV,Bangkok,269,Web,Credit_Card,4,9,0,0,20-30,8.966666666666667,2.0,0.0,0.0,-1,165,8353.065,0.18,0.0,0.0,0.0,0.0,0,0,0.0,0.0,0,0,0.0,0.0,0,0,0.0,16706.13,2,0,0.0,1
LGS2ORD0031591,C015298,2025-09-08 04:00:00,Female,42,Silver,Web,Bangkok,658,Web,PromptPay,4,9,0,0,40-50,21.933333333333334,6.0,2.0,0.3333333333333333,11,17,6338.093333333333,0.3,0.3333333333333333,0.16666666666666666,0.0,0.0,0,0,0.0,5377.85,1,1,1.0,6653.540000000001,2,1,0.5,38028.56,6,2,0.3333333333333333,1
LGS2ORD0031592,C010498,2025-09-08 04:00:00,Female,53,Bronze,Shopee,Bangkok,1368,Web,Bank_Transfer,4,9,0,0,>50,45.6,5.0,1.0,0.2,132,140,4645.66,0.23,0.2,0.4,0.0,0.0,0,0,0.0,0.0,0,0,0.0,0.0,0,0,0.0,23228.3,5,1,0.2,0
LGS2ORD0031593,C015136,2025-09-08 04:00:00,Female,28,Silver,Web,Phuket,482,Shopee,Credit_Card,4,9,0,0,20-30,16.066666666666666,7.0,1.0,0.14285714285714285,189,46,3762.3214285714284,0.3,0.8571428571428571,0.7142857142857143,0.0,0.0,0,0,0.0,0.0,0,0,0.0,3074.26,1,0,0.0,26336.25,7,1,0.14285714285714285,1
LGS2ORD0031594,C015093,2025-09-08 05:00:00,Female,30,Platinum,Web,Bangkok,537,Shopee,COD,5,9,0,0,20-30,17.9,1.0,0.0,0.0,-1,127,12474.13,0.1,1.0,0.0,0.0,0.0,0,0,0.0,0.0,0,0,0.0,0.0,0,0,0.0,12474.13,1,0,0.0,0
LGS2ORD0031595,C014830,2025-09-08 05:00:00,Female,48,Silver,Shopee,Bangkok,1118,Web,PromptPay,5,9,0,0,40-50,37.266666666666666,1.0,1.0,1.0,226,235,1425.21,0.1,0.0,0.0,0.0,0.0,0,0,0.0,0.0,0,0,0.0,0.0,0,0,0.0,1425.21,1,1,1.0,0
LGS2ORD0031596,C011237,2025-09-08 05:00:00,Male,58,Bronze,TV,Khon Kaen,596,Lazada,Bank_Transfer,5,9,0,0,>50,19.866666666666667,6.0,0.0,0.0,-1,43,2252.2816666666668,0.28,0.5,0.5,0.0,0.0,0,0,0.0,0.0,0,0,0.0,7895.42,3,0,0.0,13513.69,6,0,0.0,1
LGS2ORD0031597,C015649,2025-09-08 05:00:00,Female,38,Bronze,TV,Bangkok,982,Web,COD,5,9,0,0,30-40,32.733333333333334,6.0,3.0,0.5,77,11,6299.924999999999,0.28,0.8333333333333334,0.16666666666666666,0.0,0.0,0,0,0.0,9348.67,1,0,0.0,12895.17,2,1,0.5,37799.549999999996,6,3,0.5,0
LGS2ORD0031598,C014191,2025-09-08 05:00:00,Male,29,Bronze,TV,Nakhon Ratchasima,1394,Web,COD,5,9,0,0,20-30,46.46666666666667,6.0,0.0,0.0,-1,45,6206.57,0.18,0.6666666666666666,0.0,0.0,0.0,0,0,0.0,0.0,0,0,0.0,8549.44,1,0,0.0,37239.42,6,0,0.0,1
LGS2ORD0031599,C017316,2025-09-08 06:00:00,Other,22,Platinum,Lazada,Remote_Area,881,TV_Show,PromptPay,6,9,0,0,20-30,29.366666666666667,5.0,1.0,0.2,9,14,8067.286000000002,0.3,0.6,0.6,0.0,0.0,0,0,0.0,17243.87,2,1,0.5,34710.590000000004,3,1,0.3333333333333333,40336.43000000001,5,1,0.2,1
LGS2ORD0031600,C010469,2025-09-08 06:00:00,Male,31,Silver,TV,Chiang Mai,709,TV_Show,PromptPay,6,9,0,0,30-40,23.633333333333333,2.0,0.0,0.0,-1,49,4713.6849999999995,0.1,0.5,0.0,0.0,0.0,0,0,0.0,0.0,0,0,0.0,9427.369999999999,2,0,0.0,9427.369999999999,2,0,0.0,0
LGS2ORD0031601,C014562,2025-09-08 06:00:00,Female,67,Silver,TV,Nakhon Ratchasima,1338,CallCenter,Credit_Card,6,9,0,0,>50,44.6,7.0,0.0,0.0,-1,33,5484.33,0.2,0.5714285714285714,0.0,0.0,0.0,0,0,0.0,0.0,0,0,0.0,24909.49,3,0,0.0,38390.31,7,0,0.0,0
LGS2ORD0031602,C017582,2025-09-08 06:00:00,Male,42,Bronze,TV,Phuket,307,TV_Show,COD,6,9,0,0,40-50,10.233333333333333,7.0,2.0,0.2857142857142857,81,35,5452.571428571428,0.28,0.2857142857142857,0.14285714285714285,0.0,0.0,0,0,0.0,0.0,0,0,0.0,29661.93,3,1,0.3333333333333333,38168.0,7,2,0.2857142857142857,0
LGS2ORD0031603,C010518,2025-09-08 06:00:00,Male,31,Gold,Web,Chonburi,760,Shopee,COD,6,9,0,0,30-40,25.333333333333332,1.0,1.0,1.0,76,87,3087.72,0.2299999999999999,0.0,1.0,0.0,0.0,0,0,0.0,0.0,0,0,0.0,3087.72,1,1,1.0,3087.72,1,1,1.0,0
LGS2ORD0031604,C011381,2025-09-08 07:00:00,Female,51,Gold,Lazada,Bangkok,1695,TV_Show,COD,7,9,0,0,>50,56.5,3.0,0.0,0.0,-1,138,3070.4666666666667,0.33,0.0,0.6666666666666666,0.0,0.0,0,0,0.0,0.0,0,0,0.0,0.0,0,0,0.0,9211.4,3,0,0.0,0
LGS2ORD0031605,C011062,2025-09-08 07:00:00,Male,56,Bronze,Web,Bangkok,538,Lazada,Credit_Card,7,9,0,0,>50,17.933333333333334,6.0,1.0,0.16666666666666666,228,85,4927.004999999999,0.23,0.6666666666666666,0.16666666666666666,0.0,0.0,0,0,0.0,0.0,0,0,0.0,917.94,1,0,0.0,29562.029999999995,6,1,0.16666666666666666,0
LGS2ORD0031606,C012330,2025-09-08 07:00:00,Female,19,Bronze,TV,Bangkok,940,Lazada,COD,7,9,0,0,<20,31.333333333333332,2.0,0.0,0.0,-1,142,11776.720000000001,0.08,0.0,0.0,0.0,0.0,0,0,0.0,0.0,0,0,0.0,0.0,0,0,0.0,23553.440000000002,2,0,0.0,1
LGS2ORD0031607,C014967,2025-09-08 07:00:00,Male,25,Gold,Web,Khon Kaen,604,Web,PromptPay,7,9,0,0,20-30,20.133333333333333,7.0,1.0,0.14285714285714285,18,26,4541.684285714286,0.2299999999999999,0.42857142857142855,0.2857142857142857,0.0,0.0,0,0,0.0,4929.51,1,1,1.0,13052.58,2,1,0.5,31791.79,7,1,0.14285714285714285,0
LGS2ORD0031608,C017642,2025-09-08 07:00:00,Male,42,Gold,TV,Remote_Area,988,Web,PromptPay,7,9,0,0,40-50,32.93333333333333,8.0,2.0,0.25,7,10,3867.4675,0.18,0.375,0.0,0.0,0.0,0,0,0.0,7935.41,3,2,0.6666666666666666,15972.33,5,2,0.4,30939.74,8,2,0.25,0
LGS2ORD0031609,C010315,2025-09-08 08:00:00,Female,32,Platinum,Web,Chonburi,842,Lazada,Credit_Card,8,9,0,0,30-40,28.066666666666666,5.0,1.0,0.2,150,52,4138.5560000000005,0.35,0.4,0.2,0.0,0.0,0,0,0.0,0.0,0,0,0.0,10241.65,2,0,0.0,20692.780000000002,5,1,0.2,0
LGS2ORD0031610,C011335,2025-09-08 08:00:00,Male,47,Silver,TV,Nakhon Ratchasima,696,TV_Show,COD,8,9,0,0,40-50,23.2,1.0,0.0,0.0,-1,71,7365.02,0.25,0.0,1.0,0.0,0.0,0,0,0.0,0.0,0,0,0.0,7365.02,1,0,0.0,7365.02,1,0,0.0,0
LGS2ORD0031611,C011951,2025-09-08 08:00:00,Female,49,Bronze,TV,Chonburi,1414,Web,Bank_Transfer,8,9,0,0,40-50,47.13333333333333,7.0,3.0,0.42857142857142855,120,54,6884.818571428571,0.23,0.8571428571428571,0.14285714285714285,0.0,0.0,0,0,0.0,0.0,0,0,0.0,25846.27,1,0,0.0,48193.729999999996,7,3,0.42857142857142855,0
LGS2ORD0031612,C013516,2025-09-08 08:00:00,Male,18,Bronze,TV,Khon Kaen,1510,Web,COD,8,9,0,0,<20,50.333333333333336,6.0,1.0,0.16666666666666666,115,22,5785.420000000001,0.28,0.5,0.3333333333333333,0.0,0.0,0,0,0.0,8633.95,1,0,0.0,8633.95,1,0,0.0,34712.520000000004,6,1,0.16666666666666666,0
LGS2ORD0031613,C017034,2025-09-08 08:00:00,Female,28,Bronze,Shopee,Songkhla,734,Lazada,COD,8,9,0,0,20-30,24.466666666666665,11.0,4.0,0.36363636363636365,87,14,4104.754545454546,0.23,0.45454545454545453,0.09090909090909091,0.0,0.0,0,0,0.0,1996.69,1,0,0.0,9545.56,2,0,0.0,45152.3,11,4,0.36363636363636365,1
LGS2ORD0031614,C016241,2025-09-08 08:00:00,Female,38,Bronze,Web,Chiang Mai,488,TV_Show,PromptPay,8,9,0,0,30-40,16.266666666666666,4.0,0.0,0.0,-1,27,3900.035,0.18,0.75,0.0,0.0,0.0,0,0,0.0,4992.75,1,0,0.0,7104.66,2,0,0.0,15600.14,4,0,0.0,0
LGS2ORD0031615,C012791,2025-09-08 09:00:00,Male,37,Bronze,Web,Nakhon Ratchasima,1150,Web,COD,9,9,0,0,30-40,38.333333333333336,4.0,0.0,0.0,-1,134,5737.040000000001,0.18,0.25,0.0,0.0,0.0,0,0,0.0,0.0,0,0,0.0,0.0,0,0,0.0,22948.160000000003,4,0,0.0,1
LGS2ORD0031616,C011743,2025-09-08 09:00:00,Male,41,Silver,Web,Chiang Mai,546,Shopee,COD,9,9,0,0,40-50,18.2,1.0,0.0,0.0,-1,5,1141.04,0.1,0.0,0.0,0.0,1141.04,1,0,0.0,1141.04,1,0,0.0,1141.04,1,0,0.0,1141.04,1,0,0.0,0
LGS2ORD0031617,C012299,2025-09-08 09:00:00,Female,46,Silver,TV,Nakhon Ratchasima,501,TV_Show,COD,9,9,0,0,40-50,16.7,3.0,2.0,0.6666666666666666,20,32,6218.186666666667,0.2,0.6666666666666666,0.0,0.0,0.0,0,0,0.0,0.0,0,0,0.0,8490.82,2,1,0.5,18654.56,3,2,0.6666666666666666,0
LGS2ORD0031618,C015383,2025-09-08 09:00:00,Male,42,Silver,Shopee,Bangkok,736,Lazada,Credit_Card,9,9,0,0,40-50,24.533333333333335,1.0,0.0,0.0,-1,144,557.45,0.3,1.0,1.0,0.0,0.0,0,0,0.0,0.0,0,0,0.0,0.0,0,0,0.0,557.45,1,0,0.0,0
LGS2ORD0031619,C016372,2025-09-08 09:00:00,Female,57,Gold,CallCenter,Bangkok,574,CallCenter,Credit_Card,9,9,0,0,>50,19.133333333333333,6.0,1.0,0.16666666666666666,168,61,3318.478333333334,0.33,0.3333333333333333,0.6666666666666666,0.0,0.0,0,0,0.0,0.0,0,0,0.0,7297.13,2,0,0.0,19910.870000000003,6,1,0.16666666666666666,0
LGS2ORD0031620,C016895,2025-09-08 10:00:00,Female,34,Bronze,TV,Bangkok,1444,CallCenter,Bank_Transfer,10,9,0,0,30-40,48.13333333333333,4.0,0.0,0.0,-1,44,9835.0825,0.28,0.25,0.5,0.0,0.0,0,0,0.0,0.0,0,0,0.0,32653.7,2,0,0.0,39340.33,4,0,0.0,0
LGS2ORD0031621,C016012,2025-09-08 10:00:00,Male,47,Silver,Shopee,Nakhon Ratchasima,1208,Lazada,Credit_Card,10,9,0,0,40-50,40.266666666666666,2.0,0.0,0.0,-1,72,4048.725,0.15,0.5,0.0,0.0,0.0,0,0,0.0,0.0,0,0,0.0,3290.21,1,0,0.0,8097.45,2,0,0.0,0
LGS2ORD0031622,C015880,2025-09-08 10:00:00,Male,59,Bronze,CallCenter,Chonburi,948,Lazada,COD,10,9,0,0,>50,31.6,4.0,2.0,0.5,6,16,2033.7800000000002,0.23,0.5,0.5,0.0,0.0,0,0,0.0,5152.740000000001,2,1,0.5,7487.33,3,2,0.6666666666666666,8135.120000000001,4,2,0.5,0
LGS2ORD0031623,C017632,2025-09-08 10:00:00,Male,40,Bronze,TV,Bangkok,1652,TV_Show,COD,10,9,0,0,30-40,55.06666666666667,4.0,0.0,0.0,-1,15,4888.927500000001,0.23,0.0,0.25,0.0,0.0,0,0,0.0,2092.77,1,0,0.0,2092.77,1,0,0.0,19555.710000000003,4,0,0.0,0
LGS2ORD0031624,C013344,2025-09-08 10:00:00,Female,56,Silver,Web,Remote_Area,1427,Web,COD,10,9,0,0,>50,47.56666666666667,5.0,1.0,0.2,215,46,9082.628,0.2,0.8,0.0,0.0,0.0,0,0,0.0,0.0,0,0,0.0,1042.29,1,0,0.0,45413.14000000001,5,1,0.2,0
LGS2ORD0031625,C012250,2025-09-08 11:00:00,Other,38,Bronze,Shopee,Remote_Area,1553,Lazada,COD,11,9,0,0,30-40,51.766666666666666,8.0,2.0,0.25,204,11,4095.55375,0.28,0.5,0.125,0.0,0.0,0,0,0.0,3200.19,1,0,0.0,9604.48,3,0,0.0,32764.43,8,2,0.25,1
LGS2ORD0031626,C013457,2025-09-08 11:00:00,Female,52,Silver,Lazada,Phuket,734,Lazada,COD,11,9,0,0,>50,24.466666666666665,3.0,2.0,0.6666666666666666,153,124,3839.903333333333,0.25,0.6666666666666666,0.3333333333333333,0.3333333333333333,0.0,0,0,0.0,0.0,0,0,0.0,0.0,0,0,0.0,11519.71,3,2,0.6666666666666666,1
LGS2ORD0031627,C010652,2025-09-08 11:00:00,Male,41,Gold,Shopee,Phuket,1283,TV_Show,PromptPay,11,9,0,0,40-50,42.766666666666666,1.0,0.0,0.0,-1,242,4255.3,0.18,0.0,0.0,0.0,0.0,0,0,0.0,0.0,0,0,0.0,0.0,0,0,0.0,4255.3,1,0,0.0,0
LGS2ORD0031628,C010917,2025-09-08 11:00:00,Male,55,Silver,Shopee,Chonburi,1692,Web,COD,11,9,0,0,>50,56.4,3.0,0.0,0.0,-1,121,1905.0733333333335,0.3,0.3333333333333333,0.6666666666666666,0.0,0.0,0,0,0.0,0.0,0,0,0.0,0.0,0,0,0.0,5715.22,3,0,0.0,0
LGS2ORD0031629,C012813,2025-09-08 11:00:00,Female,46,Silver,TV,Khon Kaen,758,Web,Credit_Card,11,9,0,0,40-50,25.266666666666666,4.0,0.0,0.0,-1,23,8168.0625,0.2,0.75,0.0,0.0,0.0,0,0,0.0,9170.19,1,0,0.0,9170.19,1,0,0.0,32672.25,4,0,0.0,0
LGS2ORD0031630,C016159,2025-09-08 12:00:00,Female,48,Bronze,CallCenter,Bangkok,362,CallCenter,PromptPay,12,9,0,0,40-50,12.066666666666666,2.0,0.0,0.0,-1,121,13739.369999999999,0.28,0.0,0.5,0.0,0.0,0,0,0.0,0.0,0,0,0.0,0.0,0,0,0.0,27478.739999999998,2,0,0.0,0
LGS2ORD0031631,C014209,2025-09-08 12:00:00,Male,54,Bronze,TV,Songkhla,645,Web,Bank_Transfer,12,9,0,0,>50,21.5,5.0,0.0,0.0,-1,147,3058.5860000000002,0.23,0.8,0.6,0.0,0.0,0,0,0.0,0.0,0,0,0.0,0.0,0,0,0.0,15292.93,5,0,0.0,0
LGS2ORD0031632,C014520,2025-09-08 12:00:00,Female,30,Silver,Lazada,Nakhon Ratchasima,1576,Web,Credit_Card,12,9,0,0,20-30,52.53333333333333,1.0,0.0,0.0,-1,248,1173.63,0.2,0.0,0.0,0.0,0.0,0,0,0.0,0.0,0,0,0.0,0.0,0,0,0.0,1173.63,1,0,0.0,0
LGS2ORD0031633,C015156,2025-09-08 12:00:00,Female,31,Gold,Lazada,Khon Kaen,767,Shopee,COD,12,9,0,0,30-40,25.566666666666666,3.0,0.0,0.0,-1,48,4264.383333333334,0.33,0.3333333333333333,0.6666666666666666,0.0,0.0,0,0,0.0,0.0,0,0,0.0,8359.69,1,0,0.0,12793.150000000001,3,0,0.0,0
LGS2ORD0031634,C015777,2025-09-08 12:00:00,Male,48,Bronze,TV,Khon Kaen,1059,Lazada,PromptPay,12,9,0,0,40-50,35.3,2.0,1.0,0.5,85,94,8488.455,0.23,1.0,0.5,0.0,0.0,0,0,0.0,0.0,0,0,0.0,0.0,0,0,0.0,16976.91,2,1,0.5,0
LGS2ORD0031635,C017692,2025-09-08 12:00:00,Female,48,Bronze,Web,Chiang Mai,1578,Shopee,COD,12,9,0,0,40-50,52.6,4.0,1.0,0.25,103,23,4872.8550000000005,0.23,0.5,0.25,0.0,0.0,0,0,0.0,2432.4,1,0,0.0,9047.97,2,0,0.0,19491.420000000002,4,1,0.25,0
LGS2ORD0031636,C010846,2025-09-08 13:00:00,Male,60,Bronze,Shopee,Songkhla,1136,TV_Show,COD,13,9,0,0,>50,37.86666666666667,7.0,1.0,0.14285714285714285,212,1,5448.487142857142,0.28,0.5714285714285714,0.2857142857142857,0.0,2948.63,1,0,0.0,14372.420000000002,2,0,0.0,19088.550000000003,3,0,0.0,38139.409999999996,7,1,0.14285714285714285,0
LGS2ORD0031637,C010975,2025-09-08 13:00:00,Female,51,Gold,Lazada,Chiang Mai,672,TV_Show,COD,13,9,0,0,>50,22.4,6.0,2.0,0.3333333333333333,6,12,4586.406666666667,0.33,0.0,0.8333333333333334,0.0,0.0,0,0,0.0,8673.87,1,1,1.0,16872.760000000002,2,1,0.5,27518.440000000002,6,2,0.3333333333333333,0
LGS2ORD0031638,C011130,2025-09-08 13:00:00,Female,40,Silver,TV,Chiang Mai,1090,Shopee,COD,13,9,0,0,30-40,36.333333333333336,6.0,0.0,0.0,-1,12,6546.0199999999995,0.25,0.6666666666666666,0.3333333333333333,0.0,0.0,0,0,0.0,4568.84,1,0,0.0,15440.04,3,0,0.0,39276.119999999995,6,0,0.0,1
LGS2ORD0031639,C013477,2025-09-08 13:00:00,Female,44,Bronze,Lazada,Chonburi,898,CallCenter,Credit_Card,13,9,0,0,40-50,29.933333333333334,3.0,0.0,0.0,-1,148,2827.473333333334,0.13,0.6666666666666666,0.0,0.0,0.0,0,0,0.0,0.0,0,0,0.0,0.0,0,0,0.0,8482.420000000002,3,0,0.0,0
LGS2ORD0031640,C013327,2025-09-08 13:00:00,Male,28,Bronze,Shopee,Nakhon Ratchasima,1324,TV_Show,Bank_Transfer,13,9,0,0,20-30,44.13333333333333,1.0,0.0,0.0,-1,125,2592.03,0.23,1.0,1.0,0.0,0.0,0,0,0.0,0.0,0,0,0.0,0.0,0,0,0.0,2592.03,1,0,0.0,0
LGS2ORD0031641,C016747,2025-09-08 14:00:00,Female,26,Bronze,TV,Bangkok,1673,CallCenter,COD,14,9,0,0,20-30,55.766666666666666,9.0,4.0,0.4444444444444444,63,40,3884.44,0.23,0.5555555555555556,0.1111111111111111,0.0,0.0,0,0,0.0,0.0,0,0,0.0,22969.25,3,1,0.3333333333333333,34959.96,9,4,0.4444444444444444,0
LGS2ORD0031642,C012707,2025-09-08 14:00:00,Male,41,Gold,TV,Phuket,364,Lazada,COD,14,9,0,0,40-50,12.133333333333333,7.0,5.0,0.7142857142857143,37,29,4645.618571428571,0.33,0.7142857142857143,0.7142857142857143,0.0,0.0,0,0,0.0,4721.95,1,0,0.0,15858.509999999998,4,2,0.5,32519.329999999998,7,5,0.7142857142857143,0
LGS2ORD0031643,C012980,2025-09-08 14:00:00,Other,26,Silver,CallCenter,Phuket,1670,Web,COD,14,9,0,0,20-30,55.666666666666664,3.0,3.0,1.0,133,150,5174.97,0.25,0.3333333333333333,0.6666666666666666,0.0,0.0,0,0,0.0,0.0,0,0,0.0,0.0,0,0,0.0,15524.91,3,3,1.0,0
LGS2ORD0031644,C014280,2025-09-08 14:00:00,Male,49,Bronze,TV,Chiang Mai,1350,TV_Show,COD,14,9,0,0,40-50,45.0,2.0,1.0,0.5,42,58,10222.3,0.28,0.0,0.5,0.0,0.0,0,0,0.0,0.0,0,0,0.0,1763.03,1,1,1.0,20444.6,2,1,0.5,0
LGS2ORD0031645,C012467,2025-09-08 14:00:00,Male,20,Gold,TV,Khon Kaen,958,Shopee,COD,14,9,0,0,<20,31.933333333333334,1.0,0.0,0.0,-1,65,563.49,0.08,0.0,0.0,0.0,0.0,0,0,0.0,0.0,0,0,0.0,563.49,1,0,0.0,563.49,1,0,0.0,0
LGS2ORD0031646,C011931,2025-09-08 15:00:00,Other,45,Silver,Web,Bangkok,1630,TV_Show,COD,15,9,0,0,40-50,54.333333333333336,7.0,1.0,0.14285714285714285,169,8,9237.41,0.3,0.2857142857142857,0.5714285714285714,0.0,0.0,0,0,0.0,10002.64,1,0,0.0,18391.68,2,0,0.0,64661.87,7,1,0.14285714285714285,0
LGS2ORD0031647,C014334,2025-09-08 15:00:00,Female,34,Gold,Web,Chonburi,1498,Lazada,COD,15,9,0,0,30-40,49.93333333333333,5.0,1.0,0.2,32,20,6252.447999999999,0.28,0.6,0.4,0.0,0.0,0,0,0.0,5788.52,1,0,0.0,26906.07,4,1,0.25,31262.239999999998,5,1,0.2,1
LGS2ORD0031648,C011099,2025-09-08 15:00:00,Female,42,Bronze,Web,Chonburi,511,Shopee,COD,15,9,0,0,40-50,17.033333333333335,1.0,0.0,0.0,-1,216,2741.43,0.13,1.0,0.0,0.0,0.0,0,0,0.0,0.0,0,0,0.0,0.0,0,0,0.0,2741.43,1,0,0.0,0
LGS2ORD0031649,C010993,2025-09-08 15:00:00,Female,50,Bronze,TV,Remote_Area,650,Lazada,Bank_Transfer,15,9,0,0,40-50,21.666666666666668,3.0,2.0,0.6666666666666666,48,54,5890.9766666666665,0.13,1.0,0.0,0.0,0.0,0,0,0.0,0.0,0,0,0.0,15649.91,2,1,0.5,17672.93,3,2,0.6666666666666666,0
LGS2ORD0031650,C017248,2025-09-08 15:00:00,Female,72,Bronze,TV,Phuket,646,Web,COD,15,9,0,0,>50,21.533333333333335,6.0,1.0,0.16666666666666666,135,11,8562.315,0.28,0.6666666666666666,0.3333333333333333,0.0,0.0,0,0,0.0,15818.91,1,0,0.0,15818.91,1,0,0.0,51373.89,6,1,0.16666666666666666,1
LGS2ORD0031651,C016372,2025-09-08 16:00:00,Female,57,Gold,CallCenter,Bangkok,574,CallCenter,Credit_Card,16,9,0,0,>50,19.133333333333333,7.0,1.0,0.14285714285714285,168,0,3033.854285714286,0.33,0.2857142857142857,0.5714285714285714,0.0,1326.11,1,0,0.0,1326.11,1,0,0.0,8623.24,3,0,0.0,21236.980000000003,7,1,0.14285714285714285,0
LGS2ORD0031652,C013947,2025-09-08 16:00:00,Female,36,Bronze,Shopee,Phuket,1018,Lazada,COD,16,9,0,0,30-40,33.93333333333333,4.0,2.0,0.5,26,31,3584.14,0.23,0.25,0.75,0.0,0.0,0,0,0.0,0.0,0,0,0.0,5398.15,1,1,1.0,14336.56,4,2,0.5,1
LGS2ORD0031653,C010098,2025-09-08 16:00:00,Male,50,Bronze,Shopee,Chiang Mai,1058,Web,Credit_Card,16,9,0,0,40-50,35.266666666666666,1.0,0.0,0.0,-1,150,1233.44,0.08,1.0,0.0,0.0,0.0,0,0,0.0,0.0,0,0,0.0,0.0,0,0,0.0,1233.44,1,0,0.0,0
LGS2ORD0031654,C010650,2025-09-08 16:00:00,Female,63,Gold,Lazada,Phuket,1462,Web,COD,16,9,0,0,>50,48.733333333333334,6.0,2.0,0.3333333333333333,28,42,6082.913333333333,0.28,0.3333333333333333,0.3333333333333333,0.0,0.0,0,0,0.0,0.0,0,0,0.0,12427.6,2,1,0.5,36497.479999999996,6,2,0.3333333333333333,0
LGS2ORD0031655,C017661,2025-09-08 16:00:00,Male,44,Bronze,TV,Khon Kaen,1275,TV_Show,COD,16,9,0,0,40-50,42.5,5.0,1.0,0.2,16,25,3015.912,0.28,0.4,0.2,0.0,0.0,0,0,0.0,5948.25,2,1,0.5,5948.25,2,1,0.5,15079.56,5,1,0.2,0
LGS2ORD0031656,C016441,2025-09-08 16:00:00,Female,68,Bronze,Lazada,Nakhon Ratchasima,681,Web,Bank_Transfer,16,9,0,0,>50,22.7,0.0,0.0,0.0,-1,-1,0.0,0.0,0.0,0.0,0.0,0.0,0,0,0.0,0.0,0,0,0.0,0.0,0,0,0.0,0.0,0,0,0.0,1
LGS2ORD0031657,C015062,2025-09-08 17:00:00,Female,34,Silver,TV,Nakhon Ratchasima,1094,Lazada,Credit_Card,17,9,0,0,30-40,36.46666666666667,9.0,4.0,0.4444444444444444,8,4,5683.31,0.2,0.5555555555555556,0.0,0.0,1691.29,1,0,0.0,9576.43,3,1,0.3333333333333333,17405.78,5,1,0.2,51149.79,9,4,0.4444444444444444,0
LGS2ORD0031658,C012975,2025-09-08 17:00:00,Female,48,Silver,Shopee,Nakhon Ratchasima,1351,TV_Show,PromptPay,17,9,0,0,40-50,45.03333333333333,0.0,0.0,0.0,-1,-1,0.0,0.0,0.0,0.0,0.0,0.0,0,0,0.0,0.0,0,0,0.0,0.0,0,0,0.0,0.0,0,0,0.0,0
LGS2ORD0031659,C013282,2025-09-08 17:00:00,Female,56,Gold,TV,Remote_Area,1055,Lazada,COD,17,9,0,0,>50,35.166666666666664,7.0,3.0,0.42857142857142855,16,31,3918.7599999999998,0.28,0.7142857142857143,0.5714285714285714,0.0,0.0,0,0,0.0,0.0,0,0,0.0,12352.349999999999,3,1,0.3333333333333333,27431.32,7,3,0.42857142857142855,0
LGS2ORD0031660,C013831,2025-09-08 17:00:00,Male,27,Silver,TV,Nakhon Ratchasima,309,TV_Show,COD,17,9,0,0,20-30,10.3,6.0,1.0,0.16666666666666666,59,48,7886.733333333333,0.15,0.3333333333333333,0.0,0.0,0.0,0,0,0.0,0.0,0,0,0.0,20010.62,3,1,0.3333333333333333,47320.399999999994,6,1,0.16666666666666666,1
LGS2ORD0031661,C016446,2025-09-08 17:00:00,Female,28,Gold,TV,Bangkok,351,TV_Show,PromptPay,17,9,0,0,20-30,11.7,5.0,0.0,0.0,-1,55,5547.2480000000005,0.28,0.6,1.0,0.0,0.0,0,0,0.0,0.0,0,0,0.0,1737.82,1,0,0.0,27736.24,5,0,0.0,0
LGS2ORD0031662,C015937,2025-09-08 18:00:00,Male,61,Gold,TV,Bangkok,372,Shopee,Credit_Card,18,9,0,0,>50,12.4,1.0,0.0,0.0,-1,137,2461.36,0.08,1.0,0.0,0.0,0.0,0,0,0.0,0.0,0,0,0.0,0.0,0,0,0.0,2461.36,1,0,0.0,0
LGS2ORD0031663,C016997,2025-09-08 18:00:00,Male,23,Bronze,TV,Nakhon Ratchasima,1203,Lazada,Credit_Card,18,9,0,0,20-30,40.1,4.0,1.0,0.25,27,38,8362.02,0.28,0.5,0.25,0.0,0.0,0,0,0.0,0.0,0,0,0.0,3737.1,1,1,1.0,33448.08,4,1,0.25,0
LGS2ORD0031664,C011684,2025-09-08 18:00:00,Male,31,Bronze,Web,Khon Kaen,829,CallCenter,COD,18,9,0,0,30-40,27.633333333333333,3.0,0.0,0.0,-1,14,8154.616666666666,0.28,0.3333333333333333,0.6666666666666666,0.0,0.0,0,0,0.0,14791.72,1,0,0.0,14791.72,1,0,0.0,24463.85,3,0,0.0,0
LGS2ORD0031665,C014075,2025-09-08 18:00:00,Male,51,Bronze,Shopee,Remote_Area,539,Shopee,Bank_Transfer,18,9,0,0,>50,17.966666666666665,2.0,1.0,0.5,-2,3,2722.0550000000003,0.18,1.0,0.0,0.0,2082.06,1,1,1.0,2082.06,1,1,1.0,5444.110000000001,2,1,0.5,5444.110000000001,2,1,0.5,0
LGS2ORD0031666,C015600,2025-09-08 18:00:00,Male,18,Silver,Web,Nakhon Ratchasima,790,Shopee,COD,18,9,0,0,<20,26.333333333333332,7.0,1.0,0.14285714285714285,151,11,9910.412857142857,0.3,0.7142857142857143,0.42857142857142855,0.0,0.0,0,0,0.0,7380.73,1,0,0.0,7380.73,1,0,0.0,69372.89,7,1,0.14285714285714285,0
LGS2ORD0031667,C017597,2025-09-08 19:00:00,Male,39,Bronze,TV,Remote_Area,1243,TV_Show,Credit_Card,19,9,0,0,30-40,41.43333333333333,7.0,2.0,0.2857142857142857,78,89,8802.092857142858,0.28,0.7142857142857143,0.42857142857142855,0.0,0.0,0,0,0.0,0.0,0,0,0.0,3764.35,1,1,1.0,61614.65,7,2,0.2857142857142857,0
LGS2ORD0031668,C015608,2025-09-08 19:00:00,Female,41,Bronze,Shopee,Bangkok,1023,Lazada,COD,19,9,0,0,40-50,34.1,3.0,2.0,0.6666666666666666,57,64,3810.706666666667,0.28,0.6666666666666666,0.3333333333333333,0.0,0.0,0,0,0.0,0.0,0,0,0.0,1422.1,1,1,1.0,11432.12,3,2,0.6666666666666666,1
LGS2ORD0031669,C011994,2025-09-08 19:00:00,Male,47,Silver,TV,Chonburi,1058,Web,Credit_Card,19,9,0,0,40-50,35.266666666666666,7.0,1.0,0.14285714285714285,142,93,3795.9485714285715,0.3,0.8571428571428571,0.2857142857142857,0.0,0.0,0,0,0.0,0.0,0,0,0.0,0.0,0,0,0.0,26571.64,7,1,0.14285714285714285,0
LGS2ORD0031670,C016390,2025-09-08 19:00:00,Male,28,Silver,Lazada,Bangkok,861,CallCenter,Credit_Card,19,9,0,0,20-30,28.7,3.0,2.0,0.6666666666666666,154,170,2283.69,0.25,0.6666666666666666,0.6666666666666666,0.0,0.0,0,0,0.0,0.0,0,0,0.0,0.0,0,0,0.0,6851.07,3,2,0.6666666666666666,0
LGS2ORD0031671,C012819,2025-09-08 19:00:00,Male,41,Bronze,Shopee,Remote_Area,982,Web,COD,19,9,0,0,40-50,32.733333333333334,3.0,1.0,0.3333333333333333,122,70,8015.846666666667,0.18,0.6666666666666666,0.0,0.0,0.0,0,0,0.0,0.0,0,0,0.0,19092.68,1,0,0.0,24047.54,3,1,0.3333333333333333,0
LGS2ORD0031672,C013937,2025-09-08 20:00:00,Male,40,Silver,Lazada,Khon Kaen,1006,TV_Show,COD,20,9,0,0,30-40,33.53333333333333,7.0,2.0,0.2857142857142857,34,25,7044.347142857143,0.3,0.8571428571428571,0.14285714285714285,0.0,0.0,0,0,0.0,14854.71,2,0,0.0,20765.1,3,1,0.3333333333333333,49310.43,7,2,0.2857142857142857,1
LGS2ORD0031673,C016903,2025-09-08 20:00:00,Female,52,Bronze,TV,Khon Kaen,1019,Shopee,Credit_Card,20,9,0,0,>50,33.96666666666667,4.0,0.0,0.0,-1,3,10836.18,0.23,0.25,0.25,0.0,9704.79,1,0,0.0,9704.79,1,0,0.0,9704.79,1,0,0.0,43344.72,4,0,0.0,0
LGS2ORD0031674,C012423,2025-09-08 20:00:00,Female,57,Bronze,CallCenter,Remote_Area,1036,Shopee,PromptPay,20,9,0,0,>50,34.53333333333333,7.0,2.0,0.2857142857142857,54,25,5077.664285714285,0.28,0.14285714285714285,0.5714285714285714,0.0,0.0,0,0,0.0,8045.58,1,0,0.0,30601.839999999997,4,2,0.5,35543.649999999994,7,2,0.2857142857142857,0
LGS2ORD0031675,C015226,2025-09-08 20:00:00,Female,46,Bronze,TV,Songkhla,588,Web,PromptPay,20,9,0,0,40-50,19.6,7.0,0.0,0.0,-1,11,12569.609999999999,0.23,0.5714285714285714,0.14285714285714285,0.0,0.0,0,0,0.0,3890.25,1,0,0.0,10404.15,2,0,0.0,87987.26999999999,7,0,0.0,1
LGS2ORD0031676,C013739,2025-09-08 20:00:00,Female,50,Silver,Lazada,Nakhon Ratchasima,526,Web,COD,20,9,0,0,40-50,17.533333333333335,3.0,0.0,0.0,-1,136,5905.703333333334,0.25,0.6666666666666666,0.3333333333333333,0.0,0.0,0,0,0.0,0.0,0,0,0.0,0.0,0,0,0.0,17717.11,3,0,0.0,1
LGS2ORD0031677,C017435,2025-09-08 20:00:00,Female,51,Bronze,Web,Nakhon Ratchasima,1707,CallCenter,COD,20,9,0,0,>50,56.9,2.0,1.0,0.5,16,24,1940.9950000000001,0.13,0.5,0.0,0.0,0.0,0,0,0.0,2967.92,1,1,1.0,2967.92,1,1,1.0,3881.9900000000002,2,1,0.5,0
LGS2ORD0031678,C013071,2025-09-08 21:00:00,Male,23,Bronze,Lazada,Khon Kaen,1232,Web,Credit_Card,21,9,0,0,20-30,41.06666666666667,4.0,2.0,0.5,180,163,4263.982499999999,0.28,0.5,0.25,0.0,0.0,0,0,0.0,0.0,0,0,0.0,0.0,0,0,0.0,17055.929999999997,4,2,0.5,1
LGS2ORD0031679,C012377,2025-09-08 21:00:00,Male,36,Silver,Shopee,Remote_Area,294,Web,PromptPay,21,9,0,0,30-40,9.8,2.0,0.0,0.0,-1,191,2790.74,0.1,0.0,0.0,0.0,0.0,0,0,0.0,0.0,0,0,0.0,0.0,0,0,0.0,5581.48,2,0,0.0,0
LGS2ORD0031680,C012151,2025-09-08 21:00:00,Female,36,Silver,Shopee,Remote_Area,1161,TV_Show,COD,21,9,0,0,30-40,38.7,5.0,1.0,0.2,64,20,4935.194,0.3,0.6,0.6,0.0,0.0,0,0,0.0,6946.87,1,0,0.0,17398.079999999998,3,1,0.3333333333333333,24675.97,5,1,0.2,0
LGS2ORD0031681,C017224,2025-09-08 21:00:00,Female,43,Gold,Shopee,Chiang Mai,917,Web,COD,21,9,0,0,40-50,30.566666666666666,3.0,0.0,0.0,-1,56,1970.63,0.13,0.6666666666666666,0.0,0.0,0.0,0,0,0.0,0.0,0,0,0.0,372.81,1,0,0.0,5911.89,3,0,0.0,0
LGS2ORD0031682,C016277,2025-09-08 21:00:00,Male,61,Bronze,Shopee,Remote_Area,926,Web,Credit_Card,21,9,0,0,>50,30.866666666666667,8.0,2.0,0.25,139,117,3667.98625,0.28,0.75,0.375,0.0,0.0,0,0,0.0,0.0,0,0,0.0,0.0,0,0,0.0,29343.89,8,2,0.25,0
LGS2ORD0031683,C014466,2025-09-08 22:00:00,Female,49,Bronze,TV,Chonburi,1308,Shopee,COD,22,9,0,0,40-50,43.6,5.0,0.0,0.0,-1,22,2944.096,0.23,0.4,0.4,0.0,0.0,0,0,0.0,4492.56,1,0,0.0,6687.400000000001,2,0,0.0,14720.48,5,0,0.0,0
LGS2ORD0031684,C013045,2025-09-08 22:00:00,Female,56,Bronze,TV,Khon Kaen,599,CallCenter,Credit_Card,22,9,0,0,>50,19.966666666666665,5.0,2.0,0.4,3,11,1766.164,0.28,0.8,0.4,0.0,0.0,0,0,0.0,678.72,1,1,1.0,1606.8400000000001,2,1,0.5,8830.82,5,2,0.4,1
LGS2ORD0031685,C014902,2025-09-08 22:00:00,Male,41,Silver,TV,Phuket,765,Lazada,Bank_Transfer,22,9,0,0,40-50,25.5,8.0,0.0,0.0,-1,4,5594.03625,0.3,0.25,0.625,0.0,9204.07,2,0,0.0,9204.07,2,0,0.0,20968.08,4,0,0.0,44752.29,8,0,0.0,0
LGS2ORD0031686,C017559,2025-09-08 22:00:00,Female,37,Gold,Web,Bangkok,332,Shopee,Credit_Card,22,9,0,0,30-40,11.066666666666666,4.0,1.0,0.25,237,116,10769.855,0.2299999999999999,0.75,0.25,0.0,0.0,0,0,0.0,0.0,0,0,0.0,0.0,0,0,0.0,43079.42,4,1,0.25,1
LGS2ORD0031687,C013101,2025-09-08 22:00:00,Male,44,Gold,TV,Chonburi,1048,Web,PromptPay,22,9,0,0,40-50,34.93333333333333,8.0,2.0,0.25,19,15,3653.07375,0.33,0.125,0.5,0.0,0.0,0,0,0.0,4740.19,1,0,0.0,6152.37,3,1,0.3333333333333333,29224.59,8,2,0.25,0
LGS2ORD0031688,C010402,2025-09-08 23:00:00,Female,40,Silver,TV,Bangkok,478,CallCenter,COD,23,9,0,0,30-40,15.933333333333334,4.0,0.0,0.0,-1,3,6039.0475,0.2,0.5,0.0,0.0,1862.62,1,0,0.0,1862.62,1,0,0.0,15798.29,3,0,0.0,24156.19,4,0,0.0,0
LGS2ORD0031689,C010116,2025-09-08 23:00:00,Male,22,Bronze,TV,Phuket,449,CallCenter,COD,23,9,0,0,20-30,14.966666666666667,2.0,0.0,0.0,-1,49,18110.615,0.13,0.5,0.0,0.0,0.0,0,0,0.0,0.0,0,0,0.0,4308.44,1,0,0.0,36221.23,2,0,0.0,1
LGS2ORD0031690,C017625,2025-09-08 23:00:00,Female,47,Bronze,Web,Chiang Mai,1111,Lazada,Credit_Card,23,9,0,0,40-50,37.03333333333333,1.0,0.0,0.0,-1,246,734.79,0.08,0.0,0.0,0.0,0.0,0,0,0.0,0.0,0,0,0.0,0.0,0,0,0.0,734.79,1,0,0.0,1
LGS2ORD0031691,C014051,2025-09-08 23:00:00,Female,19,Gold,Shopee,Chonburi,1040,Shopee,COD,23,9,0,0,<20,34.666666666666664,3.0,0.0,0.0,-1,34,2083.3133333333335,0.33,0.6666666666666666,0.6666666666666666,0.0,0.0,0,0,0.0,0.0,0,0,0.0,2533.01,2,0,0.0,6249.9400000000005,3,0,0.0,0
LGS2ORD0031692,C016001,2025-09-08 23:00:00,Female,37,Bronze,TV,Khon Kaen,700,Web,COD,23,9,0,0,30-40,23.333333333333332,6.0,1.0,0.16666666666666666,47,21,3946.1966666666667,0.28,0.3333333333333333,0.3333333333333333,0.0,0.0,0,0,0.0,3216.77,2,0,0.0,17722.17,4,1,0.25,23677.18,6,1,0.16666666666666666,0
LGS2ORD0031693,C016732,2025-09-09 00:00:00,Male,63,Platinum,Web,Chiang Mai,1155,Shopee,PromptPay,0,9,1,0,>50,38.5,6.0,2.0,0.3333333333333333,120,1,6919.086666666667,0.3,0.8333333333333334,0.16666666666666666,0.0,6155.74,2,0,0.0,9579.470000000001,3,0,0.0,9579.470000000001,3,0,0.0,41514.520000000004,6,2,0.3333333333333333,1
LGS2ORD0031694,C013631,2025-09-09 00:00:00,Female,54,Silver,Lazada,Remote_Area,808,Shopee,COD,0,9,1,0,>50,26.933333333333334,5.0,4.0,0.8,61,68,8025.410000000001,0.3,0.8,0.4,0.2,0.0,0,0,0.0,0.0,0,0,0.0,1999.42,1,1,1.0,40127.05,5,4,0.8,1
LGS2ORD0031695,C015526,2025-09-09 00:00:00,Female,54,Bronze,Lazada,Chonburi,556,Web,Bank_Transfer,0,9,1,0,>50,18.533333333333335,5.0,0.0,0.0,-1,4,4549.960000000001,0.23,0.6,0.4,0.0,8590.01,1,0,0.0,8590.01,1,0,0.0,9294.87,2,0,0.0,22749.800000000003,5,0,0.0,0
LGS2ORD0031696,C010056,2025-09-09 00:00:00,Male,42,Gold,Web,Bangkok,726,TV_Show,Credit_Card,0,9,1,0,40-50,24.2,0.0,0.0,0.0,-1,-1,0.0,0.0,0.0,0.0,0.0,0.0,0,0,0.0,0.0,0,0,0.0,0.0,0,0,0.0,0.0,0,0,0.0,0
LGS2ORD0031697,C015126,2025-09-09 00:00:00,Female,51,Gold,TV,Songkhla,919,Shopee,COD,0,9,1,0,>50,30.633333333333333,7.0,4.0,0.5714285714285714,-8,2,2534.2400000000002,0.33,0.2857142857142857,0.8571428571428571,0.0,1687.09,1,1,1.0,1687.09,1,1,1.0,2410.1499999999996,2,1,0.5,17739.68,7,4,0.5714285714285714,0
LGS2ORD0031698,C013640,2025-09-09 00:00:00,Male,43,Bronze,Web,Khon Kaen,1250,Web,Credit_Card,0,9,1,0,40-50,41.666666666666664,3.0,0.0,0.0,-1,82,3165.5533333333333,0.18,0.6666666666666666,0.0,0.0,0.0,0,0,0.0,0.0,0,0,0.0,1915.58,1,0,0.0,9496.66,3,0,0.0,0
LGS2ORD0031699,C012001,2025-09-09 01:00:00,Female,39,Silver,Web,Remote_Area,1137,TV_Show,COD,1,9,1,0,30-40,37.9,3.0,2.0,0.6666666666666666,79,85,2654.903333333333,0.25,0.3333333333333333,0.3333333333333333,0.0,0.0,0,0,0.0,0.0,0,0,0.0,6587.73,2,1,0.5,7964.709999999999,3,2,0.6666666666666666,1
LGS2ORD0031700,C012621,2025-09-09 01:00:00,Male,59,Gold,TV,Bangkok,454,Lazada,COD,1,9,1,0,>50,15.133333333333333,3.0,0.0,0.0,-1,9,5497.953333333334,0.33,0.6666666666666666,0.6666666666666666,0.0,0.0,0,0,0.0,1715.41,1,0,0.0,1715.41,1,0,0.0,16493.86,3,0,0.0,0
LGS2ORD0031701,C017453,2025-09-09 01:00:00,Female,42,Platinum,TV,Bangkok,606,Web,Credit_Card,1,9,1,0,40-50,20.2,2.0,0.0,0.0,-1,132,4960.974999999999,0.1,0.5,0.0,0.0,0.0,0,0,0.0,0.0,0,0,0.0,0.0,0,0,0.0,9921.949999999999,2,0,0.0,0
LGS2ORD0031702,C015608,2025-09-09 01:00:00,Female,41,Bronze,Shopee,Bangkok,1024,TV_Show,COD,1,9,1,0,40-50,34.13333333333333,4.0,3.0,0.75,-7,0,3294.7050000000004,0.28,0.75,0.25,0.0,1746.7,1,1,1.0,1746.7,1,1,1.0,3168.8,2,2,1.0,13178.820000000002,4,3,0.75,0
LGS2ORD0031703,C017211,2025-09-09 01:00:00,Male,62,Bronze,Shopee,Nakhon Ratchasima,331,TV_Show,PromptPay,1,9,1,0,>50,11.033333333333333,5.0,0.0,0.0,-1,44,2224.326,0.13,0.8,0.0,0.0,0.0,0,0,0.0,0.0,0,0,0.0,6465.83,2,0,0.0,11121.630000000001,5,0,0.0,0
LGS2ORD0031704,C010029,2025-09-09 02:00:00,Male,32,Gold,Lazada,Bangkok,1313,Shopee,COD,2,9,1,0,30-40,43.766666666666666,4.0,0.0,0.0,-1,2,2116.1549999999997,0.28,0.25,0.5,0.0,4180.22,1,0,0.0,8004.02,3,0,0.0,8004.02,3,0,0.0,8464.619999999999,4,0,0.0,0
LGS2ORD0031705,C013231,2025-09-09 02:00:00,Male,37,Bronze,Lazada,Nakhon Ratchasima,429,Web,Credit_Card,2,9,1,0,30-40,14.3,3.0,0.0,0.0,-1,134,4202.586666666667,0.23,1.0,0.3333333333333333,0.0,0.0,0,0,0.0,0.0,0,0,0.0,0.0,0,0,0.0,12607.76,3,0,0.0,0
LGS2ORD0031706,C013423,2025-09-09 02:00:00,Female,44,Gold,TV,Songkhla,1676,Web,COD,2,9,1,0,40-50,55.86666666666667,3.0,0.0,0.0,-1,17,5890.670000000001,0.28,0.6666666666666666,0.6666666666666666,0.0,0.0,0,0,0.0,3891.76,1,0,0.0,11937.01,2,0,0.0,17672.010000000002,3,0,0.0,1
LGS2ORD0031707,C014341,2025-09-09 02:00:00,Female,38,Silver,TV,Bangkok,437,Web,COD,2,9,1,0,30-40,14.566666666666666,4.0,0.0,0.0,-1,90,2980.4875,0.25,0.5,0.25,0.0,0.0,0,0,0.0,0.0,0,0,0.0,0.0,0,0,0.0,11921.95,4,0,0.0,0
LGS2ORD0031708,C016408,2025-09-09 02:00:00,Female,57,Bronze,Web,Bangkok,1538,TV_Show,COD,2,9,1,0,>50,51.266666666666666,6.0,2.0,0.3333333333333333,105,27,4634.039999999999,0.23,0.6666666666666666,0.3333333333333333,0.0,0.0,0,0,0.0,1636.76,1,0,0.0,13971.78,3,0,0.0,27804.239999999994,6,2,0.3333333333333333,1
LGS2ORD0031709,C012768,2025-09-09 03:00:00,Female,36,Bronze,Shopee,Bangkok,1472,Lazada,COD,3,9,1,0,30-40,49.06666666666667,4.0,0.0,0.0,-1,115,4691.3575,0.28,0.75,0.5,0.0,0.0,0,0,0.0,0.0,0,0,0.0,0.0,0,0,0.0,18765.43,4,0,0.0,0
LGS2ORD0031710,C014237,2025-09-09 03:00:00,Female,28,Silver,Web,Bangkok,1228,TV_Show,Credit_Card,3,9,1,0,20-30,40.93333333333333,2.0,0.0,0.0,-1,25,1389.83,0.3,0.5,0.5,0.0,0.0,0,0,0.0,1058.83,1,0,0.0,1058.83,1,0,0.0,2779.66,2,0,0.0,1
LGS2ORD0031711,C012873,2025-09-09 03:00:00,Female,33,Bronze,Shopee,Songkhla,544,CallCenter,COD,3,9,1,0,30-40,18.133333333333333,4.0,0.0,0.0,-1,26,3915.7325,0.28,0.0,0.5,0.0,0.0,0,0,0.0,2778.95,2,0,0.0,13870.68,3,0,0.0,15662.93,4,0,0.0,0
LGS2ORD0031712,C017455,2025-09-09 03:00:00,Male,47,Bronze,Web,Remote_Area,1093,Shopee,COD,3,9,1,0,40-50,36.43333333333333,6.0,2.0,0.3333333333333333,15,18,8223.636666666667,0.28,0.6666666666666666,0.16666666666666666,0.0,0.0,0,0,0.0,6823.48,2,1,0.5,6823.48,2,1,0.5,49341.82,6,2,0.3333333333333333,0
LGS2ORD0031713,C014342,2025-09-09 03:00:00,Female,40,Bronze,Shopee,Bangkok,1502,TV_Show,PromptPay,3,9,1,0,30-40,50.06666666666667,5.0,0.0,0.0,-1,14,2210.796,0.23,0.2,0.4,0.0,0.0,0,0,0.0,1306.36,1,0,0.0,6826.65,2,0,0.0,11053.98,5,0,0.0,0
LGS2ORD0031714,C010654,2025-09-09 03:00:00,Male,50,Platinum,TV,Nakhon Ratchasima,980,Shopee,COD,3,9,1,0,40-50,32.666666666666664,1.0,0.0,0.0,-1,207,9091.09,0.1,0.0,0.0,0.0,0.0,0,0,0.0,0.0,0,0,0.0,0.0,0,0,0.0,9091.09,1,0,0.0,0
LGS2ORD0031715,C014332,2025-09-09 04:00:00,Female,36,Bronze,Web,Remote_Area,1155,TV_Show,PromptPay,4,9,1,0,30-40,38.5,7.0,2.0,0.2857142857142857,67,42,6338.91857142857,0.28,0.5714285714285714,0.2857142857142857,0.0,0.0,0,0,0.0,0.0,0,0,0.0,5700.6900000000005,2,1,0.5,44372.42999999999,7,2,0.2857142857142857,0
LGS2ORD0031716,C012436,2025-09-09 04:00:00,Male,49,Bronze,Shopee,Bangkok,470,Lazada,COD,4,9,1,0,40-50,15.666666666666666,1.0,0.0,0.0,-1,33,636.35,0.03,0.0,0.0,0.0,0.0,0,0,0.0,0.0,0,0,0.0,636.35,1,0,0.0,636.35,1,0,0.0,0
LGS2ORD0031717,C012443,2025-09-09 04:00:00,Male,63,Bronze,Shopee,Remote_Area,1614,TV_Show,PromptPay,4,9,1,0,>50,53.8,2.0,0.0,0.0,-1,102,1820.75,0.13,0.0,0.0,0.0,0.0,0,0,0.0,0.0,0,0,0.0,0.0,0,0,0.0,3641.5,2,0,0.0,0
LGS2ORD0031718,C010790,2025-09-09 04:00:00,Female,36,Silver,Web,Khon Kaen,472,Web,Credit_Card,4,9,1,0,30-40,15.733333333333333,4.0,2.0,0.5,4,18,2173.37,0.25,0.5,0.5,0.0,0.0,0,0,0.0,5433.65,2,2,1.0,5433.65,2,2,1.0,8693.48,4,2,0.5,0
LGS2ORD0031719,C011051,2025-09-09 04:00:00,Female,40,Bronze,TV,Phuket,804,Web,Bank_Transfer,4,9,1,0,30-40,26.8,4.0,2.0,0.5,-8,2,4569.5875,0.28,1.0,0.5,0.0,10647.800000000001,2,2,1.0,17705.89,3,2,0.6666666666666666,17705.89,3,2,0.6666666666666666,18278.35,4,2,0.5,0
LGS2ORD0031720,C012451,2025-09-09 05:00:00,Male,27,Platinum,TV,Chonburi,1215,Shopee,Credit_Card,5,9,1,0,20-30,40.5,5.0,1.0,0.2,7,19,4493.36,0.25,0.4,0.2,0.0,0.0,0,0,0.0,3672.12,2,1,0.5,3672.12,2,1,0.5,22466.8,5,1,0.2,0
LGS2ORD0031721,C012271,2025-09-09 05:00:00,Female,42,Bronze,CallCenter,Chonburi,542,TV_Show,COD,5,9,1,0,40-50,18.066666666666666,6.0,1.0,0.16666666666666666,156,72,10282.535000000002,0.23,0.6666666666666666,0.16666666666666666,0.0,0.0,0,0,0.0,0.0,0,0,0.0,18553.8,1,0,0.0,61695.21000000001,6,1,0.16666666666666666,0
LGS2ORD0031722,C013835,2025-09-09 05:00:00,Male,44,Platinum,Web,Bangkok,664,CallCenter,PromptPay,5,9,1,0,40-50,22.133333333333333,3.0,1.0,0.3333333333333333,185,27,5885.329999999999,0.35,0.6666666666666666,0.6666666666666666,0.0,0.0,0,0,0.0,14544.39,1,0,0.0,16034.849999999999,2,0,0.0,17655.989999999998,3,1,0.3333333333333333,0
LGS2ORD0031723,C017296,2025-09-09 05:00:00,Female,41,Gold,Lazada,Bangkok,332,Web,PromptPay,5,9,1,0,40-50,11.066666666666666,3.0,0.0,0.0,-1,108,2123.8533333333335,0.2299999999999999,0.6666666666666666,0.3333333333333333,0.0,0.0,0,0,0.0,0.0,0,0,0.0,0.0,0,0,0.0,6371.56,3,0,0.0,0
LGS2ORD0031724,C016606,2025-09-09 05:00:00,Female,50,Bronze,TV,Chiang Mai,1567,Lazada,COD,5,9,1,0,40-50,52.233333333333334,5.0,1.0,0.2,131,37,4298.504,0.23,0.8,0.2,0.0,0.0,0,0,0.0,0.0,0,0,0.0,19354.85,4,0,0.0,21492.52,5,1,0.2,1
LGS2ORD0031725,C014777,2025-09-09 06:00:00,Male,54,Silver,Lazada,Chiang Mai,1081,Web,PromptPay,6,9,1,0,>50,36.03333333333333,3.0,1.0,0.3333333333333333,34,50,2576.6466666666665,0.3,1.0,0.3333333333333333,0.0,0.0,0,0,0.0,0.0,0,0,0.0,595.34,1,1,1.0,7729.94,3,1,0.3333333333333333,0
LGS2ORD0031726,C016246,2025-09-09 06:00:00,Female,59,Silver,Shopee,Khon Kaen,1033,Lazada,COD,6,9,1,0,>50,34.43333333333333,6.0,1.0,0.16666666666666666,205,28,7861.881666666667,0.3,0.5,0.16666666666666666,0.16666666666666666,0.0,0,0,0.0,11750.72,1,0,0.0,25939.11,3,0,0.0,47171.29,6,1,0.16666666666666666,0
LGS2ORD0031727,C014771,2025-09-09 06:00:00,Female,40,Gold,TV,Khon Kaen,1441,TV_Show,COD,6,9,1,0,30-40,48.03333333333333,4.0,0.0,0.0,-1,1,3892.58,0.18,0.5,0.0,0.0,4385.64,1,0,0.0,4385.64,1,0,0.0,4385.64,1,0,0.0,15570.32,4,0,0.0,0
LGS2ORD0031728,C013117,2025-09-09 06:00:00,Male,64,Gold,Web,Bangkok,1371,Shopee,COD,6,9,1,0,>50,45.7,2.0,2.0,1.0,52,67,1727.73,0.28,0.5,1.0,0.0,0.0,0,0,0.0,0.0,0,0,0.0,3455.46,2,2,1.0,3455.46,2,2,1.0,0
LGS2ORD0031729,C010051,2025-09-09 06:00:00,Female,47,Silver,Web,Khon Kaen,691,TV_Show,PromptPay,6,9,1,0,40-50,23.033333333333335,2.0,0.0,0.0,-1,57,2443.43,0.15,0.0,0.0,0.0,0.0,0,0,0.0,0.0,0,0,0.0,4374.71,1,0,0.0,4886.86,2,0,0.0,0
LGS2ORD0031730,C012439,2025-09-09 07:00:00,Male,51,Bronze,TV,Khon Kaen,1203,Lazada,COD,7,9,1,0,>50,40.1,8.0,3.0,0.375,82,93,2563.6125,0.28,0.375,0.375,0.0,0.0,0,0,0.0,0.0,0,0,0.0,0.0,0,0,0.0,20508.9,8,3,0.375,1
LGS2ORD0031731,C017762,2025-09-09 07:00:00,Other,23,Gold,Lazada,Nakhon Ratchasima,1116,Web,PromptPay,7,9,1,0,20-30,37.2,6.0,2.0,0.3333333333333333,42,9,6051.531666666667,0.33,0.5,0.3333333333333333,0.0,0.0,0,0,0.0,3824.37,1,0,0.0,7038.84,3,1,0.3333333333333333,36309.19,6,2,0.3333333333333333,0
LGS2ORD0031732,C016105,2025-09-09 07:00:00,Male,66,Gold,Shopee,Chonburi,1314,Lazada,Credit_Card,7,9,1,0,>50,43.8,3.0,2.0,0.6666666666666666,125,140,3279.84,0.28,0.6666666666666666,1.0,0.0,0.0,0,0,0.0,0.0,0,0,0.0,0.0,0,0,0.0,9839.52,3,2,0.6666666666666666,0
LGS2ORD0031733,C014642,2025-09-09 07:00:00,Male,60,Silver,Shopee,Phuket,1629,Web,Credit_Card,7,9,1,0,>50,54.3,6.0,2.0,0.3333333333333333,-1,13,4783.503333333333,0.25,0.5,0.3333333333333333,0.0,0.0,0,0,0.0,26132.48,2,1,0.5,26132.48,2,1,0.5,28701.02,6,2,0.3333333333333333,0
LGS2ORD0031734,C014657,2025-09-09 07:00:00,Male,18,Platinum,Lazada,Bangkok,568,TV_Show,PromptPay,7,9,1,0,<20,18.933333333333334,4.0,0.0,0.0,-1,51,3400.7924999999996,0.3,0.25,0.5,0.0,0.0,0,0,0.0,0.0,0,0,0.0,2500.96,2,0,0.0,13603.169999999998,4,0,0.0,0
LGS2ORD0031735,C010034,2025-09-09 07:00:00,Male,31,Platinum,Lazada,Songkhla,376,Web,COD,7,9,1,0,30-40,12.533333333333333,3.0,1.0,0.3333333333333333,221,113,4580.626666666667,0.25,0.3333333333333333,0.3333333333333333,0.0,0.0,0,0,0.0,0.0,0,0,0.0,0.0,0,0,0.0,13741.880000000001,3,1,0.3333333333333333,0
LGS2ORD0031736,C011073,2025-09-09 08:00:00,Other,32,Silver,Web,Songkhla,718,Web,PromptPay,8,9,1,0,30-40,23.933333333333334,4.0,2.0,0.5,95,68,2166.0075,0.15,0.5,0.0,0.0,0.0,0,0,0.0,0.0,0,0,0.0,1287.83,1,0,0.0,8664.03,4,2,0.5,1
LGS2ORD0031737,C010476,2025-09-09 08:00:00,Male,50,Bronze,Web,Phuket,263,TV_Show,COD,8,9,1,0,40-50,8.766666666666667,4.0,1.0,0.25,45,54,4917.1675,0.08,0.25,0.0,0.0,0.0,0,0,0.0,0.0,0,0,0.0,2140.88,2,1,0.5,19668.67,4,1,0.25,0
LGS2ORD0031738,C015385,2025-09-09 08:00:00,Male,46,Gold,Lazada,Nakhon Ratchasima,501,Shopee,COD,8,9,1,0,40-50,16.7,2.0,0.0,0.0,-1,83,4102.625,0.33,0.5,1.0,0.0,0.0,0,0,0.0,0.0,0,0,0.0,6700.02,1,0,0.0,8205.25,2,0,0.0,0
LGS2ORD0031739,C017061,2025-09-09 08:00:00,Female,40,Bronze,Shopee,Bangkok,972,TV_Show,Credit_Card,8,9,1,0,30-40,32.4,5.0,0.0,0.0,-1,94,12913.583999999999,0.18,0.4,0.0,0.0,0.0,0,0,0.0,0.0,0,0,0.0,0.0,0,0,0.0,64567.92,5,0,0.0,0
LGS2ORD0031740,C014374,2025-09-09 08:00:00,Other,43,Gold,TV,Khon Kaen,642,TV_Show,COD,8,9,1,0,40-50,21.4,1.0,0.0,0.0,-1,37,761.74,0.13,0.0,0.0,0.0,0.0,0,0,0.0,0.0,0,0,0.0,761.74,1,0,0.0,761.74,1,0,0.0,1
LGS2ORD0031741,C010143,2025-09-09 09:00:00,Male,37,Silver,CallCenter,Bangkok,1601,Web,Bank_Transfer,9,9,1,0,30-40,53.36666666666667,6.0,1.0,0.16666666666666666,46,6,5487.043333333332,0.2,0.5,0.0,0.0,6732.07,1,0,0.0,6732.07,1,0,0.0,16837.870000000003,3,1,0.3333333333333333,32922.259999999995,6,1,0.16666666666666666,0
LGS2ORD0031742,C012441,2025-09-09 09:00:00,Female,56,Bronze,Web,Songkhla,364,Shopee,COD,9,9,1,0,>50,12.133333333333333,5.0,2.0,0.4,39,44,3293.238,0.28,0.4,0.4,0.0,0.0,0,0,0.0,0.0,0,0,0.0,10430.63,2,1,0.5,16466.19,5,2,0.4,0
LGS2ORD0031743,C014324,2025-09-09 09:00:00,Female,33,Silver,TV,Khon Kaen,1642,Shopee,PromptPay,9,9,1,0,30-40,54.733333333333334,9.0,3.0,0.3333333333333333,110,9,4394.668888888888,0.25,0.6666666666666666,0.1111111111111111,0.0,0.0,0,0,0.0,8949.81,2,0,0.0,12663.75,4,0,0.0,39552.02,9,3,0.3333333333333333,0
LGS2ORD0031744,C015658,2025-09-09 09:00:00,Female,42,Silver,Web,Bangkok,748,TV_Show,Bank_Transfer,9,9,1,0,40-50,24.933333333333334,0.0,0.0,0.0,-1,-1,0.0,0.0,0.0,0.0,0.0,0.0,0,0,0.0,0.0,0,0,0.0,0.0,0,0,0.0,0.0,0,0,0.0,0
LGS2ORD0031745,C014916,2025-09-09 09:00:00,Male,40,Bronze,Web,Chiang Mai,1415,TV_Show,Credit_Card,9,9,1,0,30-40,47.166666666666664,3.0,0.0,0.0,-1,19,2682.1366666666668,0.23,0.6666666666666666,0.3333333333333333,0.0,0.0,0,0,0.0,1202.87,1,0,0.0,6411.69,2,0,0.0,8046.41,3,0,0.0,1
LGS2ORD0031746,C012184,2025-09-09 10:00:00,Male,46,Silver,TV,Bangkok,1504,TV_Show,COD,10,9,1,0,40-50,50.13333333333333,5.0,1.0,0.2,39,1,3305.572,0.25,0.2,0.4,0.0,620.52,1,0,0.0,620.52,1,0,0.0,15335.37,4,1,0.25,16527.86,5,1,0.2,0
LGS2ORD0031747,C014279,2025-09-09 10:00:00,Female,52,Bronze,TV,Phuket,282,TV_Show,COD,10,9,1,0,>50,9.4,2.0,1.0,0.5,165,172,5261.94,0.08,0.5,0.0,0.0,0.0,0,0,0.0,0.0,0,0,0.0,0.0,0,0,0.0,10523.88,2,1,0.5,0
LGS2ORD0031748,C012554,2025-09-09 10:00:00,Female,54,Bronze,Shopee,Chonburi,1605,CallCenter,COD,10,9,1,0,>50,53.5,5.0,2.0,0.4,100,53,3623.5860000000002,0.23,0.6,0.2,0.0,0.0,0,0,0.0,0.0,0,0,0.0,9001.78,1,0,0.0,18117.93,5,2,0.4,1
LGS2ORD0031749,C015556,2025-09-09 10:00:00,Female,47,Silver,Lazada,Nakhon Ratchasima,1334,TV_Show,Credit_Card,10,9,1,0,40-50,44.46666666666667,4.0,2.0,0.5,108,121,3476.6449999999995,0.3,0.75,0.25,0.0,0.0,0,0,0.0,0.0,0,0,0.0,0.0,0,0,0.0,13906.579999999998,4,2,0.5,0
LGS2ORD0031750,C012432,2025-09-09 10:00:00,Female,45,Bronze,TV,Bangkok,625,Web,COD,10,9,1,0,40-50,20.833333333333332,7.0,1.0,0.14285714285714285,79,23,10552.952857142856,0.23,0.42857142857142855,0.14285714285714285,0.0,0.0,0,0,0.0,5111.67,1,0,0.0,71530.27999999998,5,1,0.2,73870.67,7,1,0.14285714285714285,0
LGS2ORD0031751,C010018,2025-09-09 11:00:00,Female,40,Silver,TV,Bangkok,1519,Lazada,Credit_Card,11,9,1,0,30-40,50.63333333333333,3.0,1.0,0.3333333333333333,157,54,2382.38,0.1,0.6666666666666666,0.0,0.0,0.0,0,0,0.0,0.0,0,0,0.0,5306.42,2,0,0.0,7147.14,3,1,0.3333333333333333,0
LGS2ORD0031752,C017249,2025-09-09 11:00:00,Female,24,Bronze,Lazada,Bangkok,955,TV_Show,PromptPay,11,9,1,0,20-30,31.833333333333332,3.0,1.0,0.3333333333333333,93,106,3714.7933333333335,0.18,0.3333333333333333,0.0,0.0,0.0,0,0,0.0,0.0,0,0,0.0,0.0,0,0,0.0,11144.380000000001,3,1,0.3333333333333333,0
LGS2ORD0031753,C010985,2025-09-09 11:00:00,Male,48,Bronze,Shopee,Bangkok,1557,TV_Show,COD,11,9,1,0,40-50,51.9,6.0,1.0,0.16666666666666666,41,46,2545.241666666667,0.28,0.16666666666666666,0.16666666666666666,0.0,0.0,0,0,0.0,0.0,0,0,0.0,5409.429999999999,4,1,0.25,15271.45,6,1,0.16666666666666666,0
LGS2ORD0031754,C010656,2025-09-09 11:00:00,Female,28,Bronze,TV,Remote_Area,1341,Web,COD,11,9,1,0,20-30,44.7,6.0,4.0,0.6666666666666666,147,158,2884.6516666666666,0.23,0.3333333333333333,0.16666666666666666,0.0,0.0,0,0,0.0,0.0,0,0,0.0,0.0,0,0,0.0,17307.91,6,4,0.6666666666666666,0
LGS2ORD0031755,C014606,2025-09-09 11:00:00,Female,49,Silver,Web,Nakhon Ratchasima,739,Lazada,COD,11,9,1,0,40-50,24.633333333333333,2.0,0.0,0.0,-1,63,4872.55,0.3,0.0,1.0,0.0,0.0,0,0,0.0,0.0,0,0,0.0,9745.1,2,0,0.0,9745.1,2,0,0.0,0
LGS2ORD0031756,C015332,2025-09-09 11:00:00,Male,38,Silver,Lazada,Songkhla,1653,Web,COD,11,9,1,0,30-40,55.1,1.0,0.0,0.0,-1,175,1386.41,0.25,0.0,1.0,0.0,0.0,0,0,0.0,0.0,0,0,0.0,0.0,0,0,0.0,1386.41,1,0,0.0,0
LGS2ORD0031757,C012914,2025-09-09 12:00:00,Female,34,Bronze,Web,Bangkok,697,TV_Show,COD,12,9,1,0,30-40,23.233333333333334,2.0,0.0,0.0,-1,109,4235.955,0.18,0.5,0.0,0.0,0.0,0,0,0.0,0.0,0,0,0.0,0.0,0,0,0.0,8471.91,2,0,0.0,0
LGS2ORD0031758,C013547,2025-09-09 12:00:00,Male,51,Gold,Web,Khon Kaen,1291,CallCenter,COD,12,9,1,0,>50,43.03333333333333,2.0,0.0,0.0,-1,83,4336.5,0.28,0.5,0.5,0.0,0.0,0,0,0.0,0.0,0,0,0.0,1261.36,1,0,0.0,8673.0,2,0,0.0,1
LGS2ORD0031759,C016579,2025-09-09 12:00:00,Male,29,Bronze,TV,Chiang Mai,1259,Shopee,Credit_Card,12,9,1,0,20-30,41.96666666666667,1.0,0.0,0.0,-1,174,5308.02,0.03,1.0,0.0,0.0,0.0,0,0,0.0,0.0,0,0,0.0,0.0,0,0,0.0,5308.02,1,0,0.0,0
LGS2ORD0031760,C015600,2025-09-09 12:00:00,Male,18,Silver,Web,Nakhon Ratchasima,791,Lazada,Credit_Card,12,9,1,0,<20,26.366666666666667,8.0,1.0,0.125,152,0,9169.79875,0.3,0.75,0.375,0.0,3985.5,1,0,0.0,11366.23,2,0,0.0,11366.23,2,0,0.0,73358.39,8,1,0.125,0
LGS2ORD0031761,C012043,2025-09-09 12:00:00,Female,30,Silver,Shopee,Remote_Area,467,CallCenter,Credit_Card,12,9,1,0,20-30,15.566666666666666,4.0,1.0,0.25,108,109,2378.6175000000003,0.2,0.5,0.0,0.0,0.0,0,0,0.0,0.0,0,0,0.0,0.0,0,0,0.0,9514.470000000001,4,1,0.25,0
LGS2ORD0031762,C010218,2025-09-09 13:00:00,Male,45,Bronze,Shopee,Chiang Mai,840,Lazada,PromptPay,13,9,1,0,40-50,28.0,3.0,1.0,0.3333333333333333,191,90,1211.0233333333333,0.28,0.6666666666666666,0.3333333333333333,0.0,0.0,0,0,0.0,0.0,0,0,0.0,0.0,0,0,0.0,3633.0699999999997,3,1,0.3333333333333333,0
LGS2ORD0031763,C010624,2025-09-09 13:00:00,Female,64,Bronze,Shopee,Songkhla,1220,Web,COD,13,9,1,0,>50,40.666666666666664,4.0,1.0,0.25,176,24,2180.905,0.18,0.75,0.0,0.0,0.0,0,0,0.0,1582.03,1,0,0.0,2163.55,2,0,0.0,8723.62,4,1,0.25,0
LGS2ORD0031764,C011012,2025-09-09 13:00:00,Male,44,Bronze,Web,Bangkok,641,Lazada,COD,13,9,1,0,40-50,21.366666666666667,3.0,1.0,0.3333333333333333,70,80,6246.193333333333,0.18,0.3333333333333333,0.0,0.0,0.0,0,0,0.0,0.0,0,0,0.0,2091.57,1,1,1.0,18738.579999999998,3,1,0.3333333333333333,0
LGS2ORD0031765,C015958,2025-09-09 13:00:00,Female,44,Platinum,Shopee,Nakhon Ratchasima,1707,CallCenter,Bank_Transfer,13,9,1,0,40-50,56.9,1.0,0.0,0.0,-1,173,3129.87,0.3,0.0,1.0,0.0,0.0,0,0,0.0,0.0,0,0,0.0,0.0,0,0,0.0,3129.87,1,0,0.0,0
LGS2ORD0031766,C013335,2025-09-09 13:00:00,Male,45,Platinum,Lazada,Remote_Area,1284,Lazada,COD,13,9,1,0,40-50,42.8,6.0,1.0,0.16666666666666666,97,63,4864.033333333334,0.35,0.6666666666666666,0.16666666666666666,0.0,0.0,0,0,0.0,0.0,0,0,0.0,14516.08,2,0,0.0,29184.2,6,1,0.16666666666666666,1
LGS2ORD0031767,C011796,2025-09-09 14:00:00,Female,49,Bronze,Lazada,Nakhon Ratchasima,1093,CallCenter,COD,14,9,1,0,40-50,36.43333333333333,3.0,1.0,0.3333333333333333,120,29,3715.4499999999994,0.18,0.6666666666666666,0.0,0.0,0.0,0,0,0.0,1031.38,1,0,0.0,1031.38,1,0,0.0,11146.349999999999,3,1,0.3333333333333333,1
LGS2ORD0031768,C011562,2025-09-09 14:00:00,Female,47,Gold,TV,Bangkok,1560,CallCenter,COD,14,9,1,0,40-50,52.0,4.0,1.0,0.25,110,117,3406.89,0.33,0.75,0.5,0.0,0.0,0,0,0.0,0.0,0,0,0.0,0.0,0,0,0.0,13627.56,4,1,0.25,0
LGS2ORD0031769,C014725,2025-09-09 14:00:00,Female,56,Silver,TV,Bangkok,420,Lazada,COD,14,9,1,0,>50,14.0,4.0,2.0,0.5,134,111,3331.2875000000004,0.25,1.0,0.25,0.0,0.0,0,0,0.0,0.0,0,0,0.0,0.0,0,0,0.0,13325.150000000001,4,2,0.5,0
LGS2ORD0031770,C015108,2025-09-09 14:00:00,Male,30,Bronze,Lazada,Nakhon Ratchasima,783,Lazada,COD,14,9,1,0,20-30,26.1,5.0,2.0,0.4,133,80,8678.047999999999,0.13,0.4,0.0,0.0,0.0,0,0,0.0,0.0,0,0,0.0,11653.22,1,0,0.0,43390.24,5,2,0.4,0
LGS2ORD0031771,C012219,2025-09-09 14:00:00,Female,42,Silver,TV,Bangkok,1121,Shopee,COD,14,9,1,0,40-50,37.36666666666667,2.0,1.0,0.5,127,94,12250.849999999999,0.1,1.0,0.0,0.0,0.0,0,0,0.0,0.0,0,0,0.0,0.0,0,0,0.0,24501.699999999997,2,1,0.5,0
LGS2ORD0031772,C014419,2025-09-09 15:00:00,Female,35,Silver,Web,Bangkok,794,TV_Show,PromptPay,15,9,1,0,30-40,26.466666666666665,5.0,2.0,0.4,140,87,6363.332,0.2,0.6,0.0,0.0,0.0,0,0,0.0,0.0,0,0,0.0,6565.84,1,0,0.0,31816.66,5,2,0.4,0
LGS2ORD0031773,C016111,2025-09-09 15:00:00,Female,47,Bronze,Shopee,Nakhon Ratchasima,427,TV_Show,PromptPay,15,9,1,0,40-50,14.233333333333333,4.0,1.0,0.25,168,48,6032.0975,0.28,0.5,0.5,0.0,0.0,0,0,0.0,0.0,0,0,0.0,15676.42,2,0,0.0,24128.39,4,1,0.25,0
LGS2ORD0031774,C011772,2025-09-09 15:00:00,Male,40,Bronze,Lazada,Chonburi,590,TV_Show,COD,15,9,1,0,30-40,19.666666666666668,1.0,0.0,0.0,-1,152,9744.04,0.23,0.0,1.0,0.0,0.0,0,0,0.0,0.0,0,0,0.0,0.0,0,0,0.0,9744.04,1,0,0.0,1
LGS2ORD0031775,C015312,2025-09-09 15:00:00,Male,35,Bronze,Web,Bangkok,1160,Web,COD,15,9,1,0,30-40,38.666666666666664,6.0,2.0,0.3333333333333333,169,92,4020.5750000000003,0.18,0.8333333333333334,0.0,0.0,0.0,0,0,0.0,0.0,0,0,0.0,0.0,0,0,0.0,24123.45,6,2,0.3333333333333333,0
LGS2ORD0031776,C010009,2025-09-09 15:00:00,Female,31,Bronze,Web,Bangkok,1115,Lazada,Credit_Card,15,9,1,0,30-40,37.166666666666664,1.0,0.0,0.0,-1,136,1754.02,0.28,0.0,1.0,0.0,0.0,0,0,0.0,0.0,0,0,0.0,0.0,0,0,0.0,1754.02,1,0,0.0,0
LGS2ORD0031777,C017586,2025-09-09 15:00:00,Male,52,Bronze,Shopee,Bangkok,871,Web,Credit_Card,15,9,1,0,>50,29.033333333333335,5.0,3.0,0.6,13,15,6633.75,0.28,0.4,0.2,0.0,0.0,0,0,0.0,9999.05,2,1,0.5,22453.48,3,2,0.6666666666666666,33168.75,5,3,0.6,1
LGS2ORD0031778,C013476,2025-09-09 16:00:00,Male,65,Silver,Web,Phuket,1089,Shopee,COD,16,9,1,0,>50,36.3,5.0,1.0,0.2,97,49,10849.602,0.2,0.4,0.0,0.0,0.0,0,0,0.0,0.0,0,0,0.0,34516.08,2,0,0.0,54248.01,5,1,0.2,0
LGS2ORD0031779,C011195,2025-09-09 16:00:00,Female,39,Bronze,Lazada,Phuket,912,TV_Show,Bank_Transfer,16,9,1,0,30-40,30.4,5.0,3.0,0.6,39,44,6901.13,0.23,0.6,0.2,0.0,0.0,0,0,0.0,0.0,0,0,0.0,20132.82,3,2,0.6666666666666666,34505.65,5,3,0.6,1
LGS2ORD0031780,C016431,2025-09-09 16:00:00,Female,21,Platinum,TV,Chiang Mai,441,TV_Show,Credit_Card,16,9,1,0,20-30,14.7,3.0,1.0,0.3333333333333333,117,23,1148.8266666666666,0.3,0.3333333333333333,0.6666666666666666,0.0,0.0,0,0,0.0,1295.44,1,0,0.0,1295.44,1,0,0.0,3446.48,3,1,0.3333333333333333,0
LGS2ORD0031781,C012791,2025-09-09 16:00:00,Male,37,Bronze,Web,Nakhon Ratchasima,1151,Web,COD,16,9,1,0,30-40,38.36666666666667,5.0,1.0,0.2,-4,1,5314.108000000001,0.18,0.4,0.0,0.0,3622.38,1,1,1.0,3622.38,1,1,1.0,3622.38,1,1,1.0,26570.540000000005,5,1,0.2,1
LGS2ORD0031782,C017202,2025-09-09 16:00:00,Female,41,Bronze,Shopee,Chonburi,827,Shopee,COD,16,9,1,0,40-50,27.566666666666666,5.0,2.0,0.4,93,7,8089.8,0.28,0.8,0.6,0.0,0.0,0,0,0.0,7820.79,1,0,0.0,8699.4,2,0,0.0,40449.0,5,2,0.4,1
LGS2ORD0031783,C014946,2025-09-09 17:00:00,Male,36,Bronze,TV,Khon Kaen,1307,Shopee,COD,17,9,1,0,30-40,43.56666666666667,9.0,5.0,0.5555555555555556,74,77,3397.8233333333333,0.18,0.5555555555555556,0.0,0.0,0.0,0,0,0.0,0.0,0,0,0.0,7301.71,3,1,0.3333333333333333,30580.41,9,5,0.5555555555555556,0
LGS2ORD0031784,C015064,2025-09-09 17:00:00,Female,46,Bronze,TV,Remote_Area,926,Shopee,COD,17,9,1,0,40-50,30.866666666666667,6.0,2.0,0.3333333333333333,131,18,4625.4766666666665,0.28,0.6666666666666666,0.5,0.0,0.0,0,0,0.0,2030.27,1,0,0.0,2030.27,1,0,0.0,27752.859999999997,6,2,0.3333333333333333,1
LGS2ORD0031785,C017063,2025-09-09 17:00:00,Male,61,Bronze,TV,Remote_Area,1352,Lazada,Credit_Card,17,9,1,0,>50,45.06666666666667,3.0,0.0,0.0,-1,58,4849.7699999999995,0.18,1.0,0.0,0.0,0.0,0,0,0.0,0.0,0,0,0.0,5524.32,1,0,0.0,14549.31,3,0,0.0,0
LGS2ORD0031786,C014759,2025-09-09 17:00:00,Female,32,Bronze,Lazada,Chiang Mai,1262,Lazada,PromptPay,17,9,1,0,30-40,42.06666666666667,5.0,1.0,0.2,192,45,3026.422,0.23,0.6,0.4,0.0,0.0,0,0,0.0,0.0,0,0,0.0,925.43,1,0,0.0,15132.11,5,1,0.2,1
LGS2ORD0031787,C015813,2025-09-09 17:00:00,Male,47,Gold,Web,Bangkok,1091,Shopee,Credit_Card,17,9,1,0,40-50,36.36666666666667,2.0,1.0,0.5,93,104,976.0450000000001,0.33,0.5,1.0,0.0,0.0,0,0,0.0,0.0,0,0,0.0,0.0,0,0,0.0,1952.0900000000001,2,1,0.5,0
LGS2ORD0031788,C015594,2025-09-09 18:00:00,Male,33,Bronze,Shopee,Chonburi,1211,Shopee,COD,18,9,1,0,30-40,40.36666666666667,1.0,0.0,0.0,-1,209,5275.84,0.08,1.0,0.0,0.0,0.0,0,0,0.0,0.0,0,0,0.0,0.0,0,0,0.0,5275.84,1,0,0.0,0
LGS2ORD0031789,C010907,2025-09-09 18:00:00,Female,18,Bronze,Web,Chonburi,768,Web,PromptPay,18,9,1,0,<20,25.6,3.0,0.0,0.0,-1,37,8336.74,0.13,0.6666666666666666,0.0,0.0,0.0,0,0,0.0,0.0,0,0,0.0,22948.61,2,0,0.0,25010.22,3,0,0.0,0
LGS2ORD0031790,C010806,2025-09-09 18:00:00,Female,45,Platinum,Shopee,Phuket,803,TV_Show,PromptPay,18,9,1,0,40-50,26.766666666666666,6.0,3.0,0.5,17,26,4102.306666666666,0.35,0.8333333333333334,0.6666666666666666,0.0,0.0,0,0,0.0,1082.19,1,1,1.0,7051.32,3,1,0.3333333333333333,24613.84,6,3,0.5,1
LGS2ORD0031791,C016023,2025-09-09 18:00:00,Male,28,Silver,TV,Remote_Area,1194,Web,COD,18,9,1,0,20-30,39.8,3.0,2.0,0.6666666666666666,75,64,6550.543333333332,0.25,0.6666666666666666,0.3333333333333333,0.0,0.0,0,0,0.0,0.0,0,0,0.0,9149.9,2,1,0.5,19651.629999999997,3,2,0.6666666666666666,0
LGS2ORD0031792,C011494,2025-09-09 18:00:00,Female,23,Platinum,Lazada,Bangkok,370,CallCenter,PromptPay,18,9,1,0,20-30,12.333333333333334,6.0,3.0,0.5,118,96,8683.181666666665,0.3,0.3333333333333333,0.16666666666666666,0.0,0.0,0,0,0.0,0.0,0,0,0.0,0.0,0,0,0.0,52099.09,6,3,0.5,0
LGS2ORD0031793,C017947,2025-09-09 19:00:00,Other,28,Bronze,CallCenter,Phuket,831,TV_Show,Credit_Card,19,9,1,0,20-30,27.7,9.0,4.0,0.4444444444444444,55,51,7093.8822222222225,0.28,0.5555555555555556,0.3333333333333333,0.0,0.0,0,0,0.0,0.0,0,0,0.0,28884.410000000003,2,1,0.5,63844.94,9,4,0.4444444444444444,0
LGS2ORD0031794,C011140,2025-09-09 19:00:00,Female,23,Platinum,TV,Chonburi,1189,Shopee,Credit_Card,19,9,1,0,20-30,39.63333333333333,6.0,1.0,0.16666666666666666,48,64,3772.2516666666666,0.3,0.5,0.3333333333333333,0.0,0.0,0,0,0.0,0.0,0,0,0.0,3720.0699999999997,2,1,0.5,22633.51,6,1,0.16666666666666666,0
LGS2ORD0031795,C011398,2025-09-09 19:00:00,Female,47,Bronze,Web,Chiang Mai,1183,Shopee,COD,19,9,1,0,40-50,39.43333333333333,4.0,2.0,0.5,-3,11,3332.5375000000004,0.18,0.75,0.0,0.0,0.0,0,0,0.0,6115.29,1,1,1.0,11879.0,3,2,0.6666666666666666,13330.150000000001,4,2,0.5,1
LGS2ORD0031796,C015953,2025-09-09 19:00:00,Female,27,Silver,Lazada,Chiang Mai,522,Web,Credit_Card,19,9,1,0,20-30,17.4,5.0,2.0,0.4,79,75,3688.21,0.3,0.8,0.2,0.0,0.0,0,0,0.0,0.0,0,0,0.0,6316.32,1,0,0.0,18441.05,5,2,0.4,0
LGS2ORD0031797,C017178,2025-09-09 19:00:00,Male,45,Bronze,TV,Phuket,1232,Lazada,Credit_Card,19,9,1,0,40-50,41.06666666666667,5.0,2.0,0.4,161,5,4161.152,0.18,0.6,0.0,0.0,1216.38,1,0,0.0,1216.38,1,0,0.0,6258.35,2,0,0.0,20805.760000000002,5,2,0.4,0
LGS2ORD0031798,C016799,2025-09-09 19:00:00,Male,53,Silver,TV,Chonburi,1052,Lazada,COD,19,9,1,0,>50,35.06666666666667,1.0,0.0,0.0,-1,13,11628.2,0.05,0.0,0.0,0.0,0.0,0,0,0.0,11628.2,1,0,0.0,11628.2,1,0,0.0,11628.2,1,0,0.0,1
LGS2ORD0031799,C014271,2025-09-09 20:00:00,Female,38,Bronze,Shopee,Chonburi,769,TV_Show,PromptPay,20,9,1,0,30-40,25.633333333333333,8.0,1.0,0.125,109,7,3287.95625,0.28,0.25,0.25,0.0,0.0,0,0,0.0,4623.13,1,0,0.0,4623.13,1,0,0.0,26303.65,8,1,0.125,0
LGS2ORD0031800,C016916,2025-09-09 20:00:00,Female,56,Silver,TV,Remote_Area,707,Lazada,COD,20,9,1,0,>50,23.566666666666666,7.0,3.0,0.42857142857142855,127,18,10316.835714285715,0.25,0.5714285714285714,0.14285714285714285,0.0,0.0,0,0,0.0,23724.04,2,0,0.0,23724.04,2,0,0.0,72217.85,7,3,0.42857142857142855,1
LGS2ORD0031801,C011825,2025-09-09 20:00:00,Male,51,Silver,Web,Chonburi,1108,Shopee,COD,20,9,1,0,>50,36.93333333333333,7.0,1.0,0.14285714285714285,242,70,5140.562857142858,0.25,0.5714285714285714,0.14285714285714285,0.0,0.0,0,0,0.0,0.0,0,0,0.0,4096.47,1,0,0.0,35983.94,7,1,0.14285714285714285,1
LGS2ORD0031802,C012040,2025-09-09 20:00:00,Male,42,Bronze,Shopee,Songkhla,1382,Lazada,Bank_Transfer,20,9,1,0,40-50,46.06666666666667,6.0,1.0,0.16666666666666666,139,80,4810.2283333333335,0.23,0.5,0.3333333333333333,0.0,0.0,0,0,0.0,0.0,0,0,0.0,17992.02,2,0,0.0,28861.370000000003,6,1,0.16666666666666666,0
LGS2ORD0031803,C012659,2025-09-09 20:00:00,Female,36,Platinum,TV,Remote_Area,376,Shopee,Bank_Transfer,20,9,1,0,30-40,12.533333333333333,3.0,1.0,0.3333333333333333,87,19,6623.62,0.25,1.0,0.3333333333333333,0.0,0.0,0,0,0.0,1717.77,1,0,0.0,1717.77,1,0,0.0,19870.86,3,1,0.3333333333333333,0
LGS2ORD0031804,C016602,2025-09-09 21:00:00,Other,48,Gold,Web,Chonburi,973,Web,COD,21,9,1,0,40-50,32.43333333333333,3.0,1.0,0.3333333333333333,96,103,1795.9833333333333,0.33,0.3333333333333333,0.6666666666666666,0.0,0.0,0,0,0.0,0.0,0,0,0.0,0.0,0,0,0.0,5387.95,3,1,0.3333333333333333,0
LGS2ORD0031805,C014662,2025-09-09 21:00:00,Female,57,Bronze,Lazada,Remote_Area,1571,Shopee,COD,21,9,1,0,>50,52.36666666666667,3.0,0.0,0.0,-1,11,8717.093333333332,0.08,0.3333333333333333,0.0,0.0,0.0,0,0,0.0,4341.19,1,0,0.0,4341.19,1,0,0.0,26151.28,3,0,0.0,0
LGS2ORD0031806,C014896,2025-09-09 21:00:00,Male,31,Bronze,TV,Khon Kaen,1660,CallCenter,Credit_Card,21,9,1,0,30-40,55.333333333333336,8.0,0.0,0.0,-1,141,4307.030000000001,0.23,0.5,0.375,0.0,0.0,0,0,0.0,0.0,0,0,0.0,0.0,0,0,0.0,34456.240000000005,8,0,0.0,0
LGS2ORD0031807,C016421,2025-09-09 21:00:00,Female,30,Bronze,Shopee,Bangkok,1126,Lazada,COD,21,9,1,0,20-30,37.53333333333333,3.0,1.0,0.3333333333333333,234,11,4594.936666666667,0.28,0.3333333333333333,0.6666666666666666,0.0,0.0,0,0,0.0,3008.86,1,0,0.0,3008.86,1,0,0.0,13784.810000000001,3,1,0.3333333333333333,0
LGS2ORD0031808,C013819,2025-09-09 21:00:00,Male,41,Silver,Web,Khon Kaen,1092,TV_Show,Bank_Transfer,21,9,1,0,40-50,36.4,2.0,0.0,0.0,-1,21,1234.0700000000002,0.25,0.5,0.5,0.0,0.0,0,0,0.0,1072.16,1,0,0.0,1072.16,1,0,0.0,2468.1400000000003,2,0,0.0,0
LGS2ORD0031809,C011219,2025-09-09 22:00:00,Male,54,Silver,Web,Chiang Mai,755,Shopee,Credit_Card,22,9,1,0,>50,25.166666666666668,5.0,1.0,0.2,97,12,5414.442,0.25,0.6,0.2,0.0,0.0,0,0,0.0,4545.98,1,0,0.0,4545.98,1,0,0.0,27072.21,5,1,0.2,0
LGS2ORD0031810,C012649,2025-09-09 22:00:00,Male,44,Bronze,Lazada,Bangkok,1471,Web,COD,22,9,1,0,40-50,49.03333333333333,10.0,2.0,0.2,73,3,7420.173000000001,0.28,0.7,0.6,0.0,20185.06,2,0,0.0,20185.06,2,0,0.0,28984.18,4,1,0.25,74201.73000000001,10,2,0.2,0
LGS2ORD0031811,C011901,2025-09-09 22:00:00,Female,68,Gold,Web,Phuket,314,TV_Show,Credit_Card,22,9,1,0,>50,10.466666666666667,4.0,1.0,0.25,158,16,3902.1525,0.33,0.5,0.75,0.0,0.0,0,0,0.0,3925.87,1,0,0.0,3925.87,1,0,0.0,15608.61,4,1,0.25,0
LGS2ORD0031812,C010231,2025-09-09 22:00:00,Female,57,Silver,TV,Songkhla,632,TV_Show,Credit_Card,22,9,1,0,>50,21.066666666666666,7.0,2.0,0.2857142857142857,39,51,2202.137142857143,0.3,0.42857142857142855,0.42857142857142855,0.0,0.0,0,0,0.0,0.0,0,0,0.0,6214.5,3,1,0.3333333333333333,15414.96,7,2,0.2857142857142857,0
LGS2ORD0031813,C017286,2025-09-09 22:00:00,Male,43,Silver,CallCenter,Chonburi,1497,Lazada,Bank_Transfer,22,9,1,0,40-50,49.9,3.0,0.0,0.0,-1,93,8192.393333333333,0.2,0.3333333333333333,0.0,0.0,0.0,0,0,0.0,0.0,0,0,0.0,0.0,0,0,0.0,24577.18,3,0,0.0,0
LGS2ORD0031814,C014467,2025-09-09 22:00:00,Female,36,Bronze,Lazada,Bangkok,707,Lazada,Credit_Card,22,9,1,0,30-40,23.566666666666666,2.0,1.0,0.5,235,110,16878.415,0.08,0.5,0.0,0.0,0.0,0,0,0.0,0.0,0,0,0.0,0.0,0,0,0.0,33756.83,2,1,0.5,0
LGS2ORD0031815,C016358,2025-09-09 23:00:00,Male,48,Bronze,TV,Khon Kaen,387,Shopee,COD,23,9,1,0,40-50,12.9,9.0,6.0,0.6666666666666666,-6,4,5063.137777777778,0.18,0.5555555555555556,0.0,0.0,2217.18,1,1,1.0,9555.23,2,1,0.5,23995.67,4,3,0.75,45568.24,9,6,0.6666666666666666,0
LGS2ORD0031816,C014595,2025-09-09 23:00:00,Female,41,Silver,Shopee,Chiang Mai,1129,Shopee,Credit_Card,23,9,1,0,40-50,37.63333333333333,6.0,1.0,0.16666666666666666,92,7,5079.478333333333,0.3,0.6666666666666666,0.3333333333333333,0.0,0.0,0,0,0.0,9349.76,1,0,0.0,10446.720000000001,2,0,0.0,30476.869999999995,6,1,0.16666666666666666,0
LGS2ORD0031817,C015386,2025-09-09 23:00:00,Male,55,Bronze,TV,Bangkok,1592,TV_Show,COD,23,9,1,0,>50,53.06666666666667,3.0,1.0,0.3333333333333333,60,7,5228.883333333333,0.28,0.6666666666666666,0.6666666666666666,0.0,0.0,0,0,0.0,209.99,1,0,0.0,5815.16,2,1,0.5,15686.65,3,1,0.3333333333333333,0
LGS2ORD0031818,C013481,2025-09-09 23:00:00,Male,39,Bronze,Shopee,Chonburi,934,Web,COD,23,9,1,0,30-40,31.133333333333333,4.0,1.0,0.25,163,58,5545.304999999999,0.23,0.25,0.25,0.0,0.0,0,0,0.0,0.0,0,0,0.0,5549.83,2,0,0.0,22181.219999999998,4,1,0.25,0
LGS2ORD0031819,C015910,2025-09-09 23:00:00,Male,45,Gold,Lazada,Nakhon Ratchasima,851,CallCenter,Credit_Card,23,9,1,0,40-50,28.366666666666667,1.0,0.0,0.0,-1,168,3052.48,0.08,1.0,0.0,0.0,0.0,0,0,0.0,0.0,0,0,0.0,0.0,0,0,0.0,3052.48,1,0,0.0,1
LGS2ORD0031820,C013714,2025-09-10 00:00:00,Male,59,Silver,Web,Khon Kaen,970,TV_Show,PromptPay,0,9,2,0,>50,32.333333333333336,1.0,0.0,0.0,-1,246,563.82,0.3,0.0,1.0,0.0,0.0,0,0,0.0,0.0,0,0,0.0,0.0,0,0,0.0,563.82,1,0,0.0,0
LGS2ORD0031821,C015039,2025-09-10 00:00:00,Male,40,Bronze,TV,Phuket,536,Shopee,COD,0,9,2,0,30-40,17.866666666666667,6.0,1.0,0.16666666666666666,228,38,6175.713333333333,0.23,0.5,0.3333333333333333,0.0,0.0,0,0,0.0,0.0,0,0,0.0,4287.64,1,0,0.0,37054.28,6,1,0.16666666666666666,1
LGS2ORD0031822,C017164,2025-09-10 00:00:00,Female,41,Bronze,CallCenter,Bangkok,399,Web,Credit_Card,0,9,2,0,40-50,13.3,3.0,1.0,0.3333333333333333,68,78,4610.580000000001,0.08,0.3333333333333333,0.0,0.0,0.0,0,0,0.0,0.0,0,0,0.0,8441.69,1,1,1.0,13831.740000000002,3,1,0.3333333333333333,0
LGS2ORD0031823,C013662,2025-09-10 00:00:00,Female,39,Silver,Web,Bangkok,445,TV_Show,PromptPay,0,9,2,0,30-40,14.833333333333334,4.0,1.0,0.25,64,42,2876.125,0.3,0.25,0.25,0.0,0.0,0,0,0.0,0.0,0,0,0.0,11504.5,4,1,0.25,11504.5,4,1,0.25,0
LGS2ORD0031824,C010602,2025-09-10 00:00:00,Male,18,Bronze,TV,Chiang Mai,816,Lazada,COD,0,9,2,0,<20,27.2,4.0,1.0,0.25,60,71,2641.275,0.28,1.0,0.5,0.0,0.0,0,0,0.0,0.0,0,0,0.0,712.6,1,1,1.0,10565.1,4,1,0.25,0
LGS2ORD0031825,C016470,2025-09-10 01:00:00,Female,40,Silver,Lazada,Chonburi,1350,Shopee,Bank_Transfer,1,9,2,0,30-40,45.0,1.0,0.0,0.0,-1,209,3720.24,0.2,0.0,0.0,0.0,0.0,0,0,0.0,0.0,0,0,0.0,0.0,0,0,0.0,3720.24,1,0,0.0,0
LGS2ORD0031826,C012650,2025-09-10 01:00:00,Female,37,Gold,Lazada,Bangkok,367,TV_Show,COD,1,9,2,0,30-40,12.233333333333333,2.0,1.0,0.5,168,180,12178.175,0.33,1.0,0.5,0.0,0.0,0,0,0.0,0.0,0,0,0.0,0.0,0,0,0.0,24356.35,2,1,0.5,0
LGS2ORD0031827,C015988,2025-09-10 01:00:00,Male,27,Platinum,Web,Chonburi,798,Shopee,COD,1,9,2,0,20-30,26.6,3.0,0.0,0.0,-1,106,7125.18,0.15,0.3333333333333333,0.0,0.0,0.0,0,0,0.0,0.0,0,0,0.0,0.0,0,0,0.0,21375.54,3,0,0.0,0
LGS2ORD0031828,C015813,2025-09-10 01:00:00,Male,47,Gold,Web,Bangkok,1092,Web,COD,1,9,2,0,40-50,36.4,3.0,1.0,0.3333333333333333,93,0,1242.4666666666667,0.33,0.3333333333333333,0.6666666666666666,0.0,1775.31,1,0,0.0,1775.31,1,0,0.0,1775.31,1,0,0.0,3727.4,3,1,0.3333333333333333,0
LGS2ORD0031829,C015591,2025-09-10 01:00:00,Female,18,Silver,TV,Chiang Mai,1522,Lazada,PromptPay,1,9,2,0,<20,50.733333333333334,1.0,0.0,0.0,-1,168,22330.1,0.05,0.0,0.0,0.0,0.0,0,0,0.0,0.0,0,0,0.0,0.0,0,0,0.0,22330.1,1,0,0.0,0
LGS2ORD0031830,C010680,2025-09-10 02:00:00,Male,47,Bronze,Lazada,Nakhon Ratchasima,536,Lazada,COD,2,9,2,0,40-50,17.866666666666667,5.0,2.0,0.4,4,11,6962.0960000000005,0.18,0.4,0.0,0.0,0.0,0,0,0.0,4147.49,1,1,1.0,5000.469999999999,2,1,0.5,34810.48,5,2,0.4,0
LGS2ORD0031831,C012108,2025-09-10 02:00:00,Female,61,Gold,TV,Khon Kaen,819,CallCenter,COD,2,9,2,0,>50,27.3,3.0,0.0,0.0,-1,12,4857.343333333333,0.28,0.3333333333333333,0.6666666666666666,0.0,0.0,0,0,0.0,7856.52,1,0,0.0,8797.57,2,0,0.0,14572.03,3,0,0.0,1
LGS2ORD0031832,C016946,2025-09-10 02:00:00,Male,54,Silver,TV,Phuket,426,Shopee,COD,2,9,2,0,>50,14.2,7.0,3.0,0.42857142857142855,30,40,3515.7771428571427,0.3,0.5714285714285714,0.2857142857142857,0.0,0.0,0,0,0.0,0.0,0,0,0.0,5606.42,2,1,0.5,24610.44,7,3,0.42857142857142855,1
LGS2ORD0031833,C011847,2025-09-10 02:00:00,Female,50,Bronze,Web,Nakhon Ratchasima,773,CallCenter,Bank_Transfer,2,9,2,0,40-50,25.766666666666666,3.0,1.0,0.3333333333333333,195,88,2581.276666666667,0.23,0.6666666666666666,0.3333333333333333,0.0,0.0,0,0,0.0,0.0,0,0,0.0,1054.8,1,0,0.0,7743.830000000001,3,1,0.3333333333333333,0
LGS2ORD0031834,C013996,2025-09-10 02:00:00,Male,18,Bronze,TV,Chiang Mai,1273,Lazada,PromptPay,2,9,2,0,<20,42.43333333333333,3.0,0.0,0.0,-1,48,1840.99,0.18,0.3333333333333333,0.0,0.0,0.0,0,0,0.0,0.0,0,0,0.0,2154.38,1,0,0.0,5522.97,3,0,0.0,0
LGS2ORD0031835,C012763,2025-09-10 02:00:00,Male,27,Bronze,Web,Chonburi,1044,Web,COD,2,9,2,0,20-30,34.8,4.0,1.0,0.25,-4,6,2661.945,0.23,0.25,0.25,0.0,1363.17,1,1,1.0,1363.17,1,1,1.0,5020.6900000000005,2,1,0.5,10647.78,4,1,0.25,0
LGS2ORD0031836,C011204,2025-09-10 03:00:00,Female,45,Bronze,TV,Songkhla,903,TV_Show,Credit_Card,3,9,2,0,40-50,30.1,6.0,2.0,0.3333333333333333,126,82,3816.535,0.23,0.5,0.16666666666666666,0.0,0.0,0,0,0.0,0.0,0,0,0.0,1387.64,1,0,0.0,22899.21,6,2,0.3333333333333333,0
LGS2ORD0031837,C014641,2025-09-10 03:00:00,Male,34,Gold,TV,Khon Kaen,1019,Lazada,PromptPay,3,9,2,0,30-40,33.96666666666667,4.0,1.0,0.25,86,49,4807.215,0.28,0.25,0.75,0.0,0.0,0,0,0.0,0.0,0,0,0.0,13498.19,1,0,0.0,19228.86,4,1,0.25,0
LGS2ORD0031838,C013715,2025-09-10 03:00:00,Female,41,Silver,Shopee,Bangkok,410,Web,COD,3,9,2,0,40-50,13.666666666666666,8.0,2.0,0.25,24,6,5632.07875,0.25,0.625,0.125,0.0,2322.15,1,0,0.0,3915.13,2,0,0.0,4872.450000000001,3,1,0.3333333333333333,45056.63,8,2,0.25,0
LGS2ORD0031839,C017374,2025-09-10 03:00:00,Male,48,Bronze,Shopee,Chiang Mai,1548,TV_Show,Credit_Card,3,9,2,0,40-50,51.6,2.0,0.0,0.0,-1,122,1670.025,0.13,0.5,0.0,0.0,0.0,0,0,0.0,0.0,0,0,0.0,0.0,0,0,0.0,3340.05,2,0,0.0,0
LGS2ORD0031840,C013847,2025-09-10 03:00:00,Female,49,Bronze,Shopee,Chonburi,1341,Web,COD,3,9,2,0,40-50,44.7,3.0,1.0,0.3333333333333333,3,14,3849.6666666666674,0.28,0.3333333333333333,0.3333333333333333,0.0,0.0,0,0,0.0,462.62,1,1,1.0,462.62,1,1,1.0,11549.000000000002,3,1,0.3333333333333333,0
LGS2ORD0031841,C012597,2025-09-10 04:00:00,Other,38,Bronze,Shopee,Chiang Mai,1139,Lazada,Credit_Card,4,9,2,0,30-40,37.96666666666667,2.0,0.0,0.0,-1,44,18454.73,0.18,1.0,0.0,0.0,0.0,0,0,0.0,0.0,0,0,0.0,24629.07,1,0,0.0,36909.46,2,0,0.0,0
LGS2ORD0031842,C014247,2025-09-10 04:00:00,Female,67,Bronze,Lazada,Songkhla,1085,CallCenter,Credit_Card,4,9,2,0,>50,36.166666666666664,4.0,1.0,0.25,66,72,3283.5425,0.08,0.25,0.0,0.0,0.0,0,0,0.0,0.0,0,0,0.0,5261.62,1,1,1.0,13134.17,4,1,0.25,0
LGS2ORD0031843,C017587,2025-09-10 04:00:00,Male,19,Gold,TV,Khon Kaen,730,CallCenter,COD,4,9,2,0,<20,24.333333333333332,8.0,2.0,0.25,162,10,3208.065,0.33,0.75,0.25,0.0,0.0,0,0,0.0,9495.93,2,0,0.0,9495.93,2,0,0.0,25664.52,8,2,0.25,0
LGS2ORD0031844,C011431,2025-09-10 04:00:00,Male,18,Gold,Lazada,Bangkok,764,Lazada,Credit_Card,4,9,2,0,<20,25.466666666666665,2.0,0.0,0.0,-1,48,12368.475,0.2299999999999999,1.0,1.0,0.0,0.0,0,0,0.0,0.0,0,0,0.0,23524.95,1,0,0.0,24736.95,2,0,0.0,1
LGS2ORD0031845,C010051,2025-09-10 04:00:00,Female,47,Silver,Web,Khon Kaen,692,Shopee,COD,4,9,2,0,40-50,23.066666666666666,3.0,0.0,0.0,-1,0,3110.7533333333326,0.3,0.0,0.3333333333333333,0.0,4445.4,1,0,0.0,4445.4,1,0,0.0,8820.11,2,0,0.0,9332.259999999998,3,0,0.0,0
LGS2ORD0031846,C010255,2025-09-10 05:00:00,Female,66,Silver,CallCenter,Khon Kaen,1527,TV_Show,COD,5,9,2,0,>50,50.9,6.0,2.0,0.3333333333333333,213,81,7356.765,0.25,1.0,0.16666666666666666,0.0,0.0,0,0,0.0,0.0,0,0,0.0,6653.15,1,0,0.0,44140.590000000004,6,2,0.3333333333333333,0
LGS2ORD0031847,C011941,2025-09-10 05:00:00,Female,37,Platinum,TV,Bangkok,571,TV_Show,PromptPay,5,9,2,0,30-40,19.033333333333335,2.0,0.0,0.0,-1,122,8389.595,0.2,0.5,0.0,0.0,0.0,0,0,0.0,0.0,0,0,0.0,0.0,0,0,0.0,16779.19,2,0,0.0,0
LGS2ORD0031848,C017085,2025-09-10 05:00:00,Female,50,Bronze,Web,Bangkok,1275,Shopee,Credit_Card,5,9,2,0,40-50,42.5,1.0,0.0,0.0,-1,14,3989.35,0.18,1.0,0.0,0.0,0.0,0,0,0.0,3989.35,1,0,0.0,3989.35,1,0,0.0,3989.35,1,0,0.0,1
LGS2ORD0031849,C012407,2025-09-10 05:00:00,Female,26,Bronze,Shopee,Remote_Area,1498,TV_Show,PromptPay,5,9,2,0,20-30,49.93333333333333,2.0,1.0,0.5,40,57,3567.5550000000003,0.13,0.0,0.0,0.0,0.0,0,0,0.0,0.0,0,0,0.0,2121.59,1,1,1.0,7135.110000000001,2,1,0.5,0
LGS2ORD0031850,C015054,2025-09-10 05:00:00,Female,36,Bronze,Web,Khon Kaen,1547,Shopee,COD,5,9,2,0,30-40,51.56666666666667,3.0,1.0,0.3333333333333333,-6,6,2514.226666666667,0.23,1.0,0.3333333333333333,0.0,406.47,1,1,1.0,406.47,1,1,1.0,762.12,2,1,0.5,7542.68,3,1,0.3333333333333333,0
LGS2ORD0031851,C014090,2025-09-10 06:00:00,Female,32,Platinum,Shopee,Phuket,1279,TV_Show,COD,6,9,2,0,30-40,42.63333333333333,3.0,1.0,0.3333333333333333,156,48,4303.973333333332,0.35,0.3333333333333333,1.0,0.0,0.0,0,0,0.0,0.0,0,0,0.0,2004.71,1,0,0.0,12911.919999999998,3,1,0.3333333333333333,0
LGS2ORD0031852,C010560,2025-09-10 06:00:00,Female,72,Bronze,Web,Nakhon Ratchasima,1074,Shopee,COD,6,9,2,0,>50,35.8,3.0,1.0,0.3333333333333333,186,176,3297.786666666667,0.18,0.3333333333333333,0.0,0.0,0.0,0,0,0.0,0.0,0,0,0.0,0.0,0,0,0.0,9893.36,3,1,0.3333333333333333,0
LGS2ORD0031853,C015438,2025-09-10 06:00:00,Male,61,Silver,CallCenter,Khon Kaen,823,Shopee,Bank_Transfer,6,9,2,0,>50,27.433333333333334,3.0,0.0,0.0,-1,33,5942.993333333333,0.3,0.3333333333333333,0.3333333333333333,0.0,0.0,0,0,0.0,0.0,0,0,0.0,7079.4400000000005,2,0,0.0,17828.98,3,0,0.0,0
LGS2ORD0031854,C017240,2025-09-10 06:00:00,Male,37,Bronze,Shopee,Chiang Mai,1581,Shopee,COD,6,9,2,0,30-40,52.7,1.0,1.0,1.0,159,162,869.06,0.28,0.0,1.0,0.0,0.0,0,0,0.0,0.0,0,0,0.0,0.0,0,0,0.0,869.06,1,1,1.0,0
LGS2ORD0031855,C012068,2025-09-10 06:00:00,Male,45,Bronze,CallCenter,Bangkok,946,Web,PromptPay,6,9,2,0,40-50,31.533333333333335,3.0,0.0,0.0,-1,33,4692.95,0.23,0.3333333333333333,0.3333333333333333,0.0,0.0,0,0,0.0,0.0,0,0,0.0,14078.849999999999,3,0,0.0,14078.849999999999,3,0,0.0,1
LGS2ORD0031856,C010672,2025-09-10 06:00:00,Female,40,Gold,Web,Bangkok,549,Lazada,COD,6,9,2,0,30-40,18.3,2.0,1.0,0.5,133,14,5952.775000000001,0.28,1.0,1.0,0.0,0.0,0,0,0.0,9079.45,1,0,0.0,9079.45,1,0,0.0,11905.550000000001,2,1,0.5,0
LGS2ORD0031857,C015362,2025-09-10 07:00:00,Female,44,Bronze,Lazada,Bangkok,712,CallCenter,COD,7,9,2,0,40-50,23.733333333333334,8.0,2.0,0.25,118,53,1998.4750000000001,0.28,0.625,0.375,0.0,0.0,0,0,0.0,0.0,0,0,0.0,5584.3099999999995,3,0,0.0,15987.800000000001,8,2,0.25,0
LGS2ORD0031858,C017561,2025-09-10 07:00:00,Female,24,Gold,TV,Phuket,902,Shopee,Credit_Card,7,9,2,0,20-30,30.066666666666666,3.0,2.0,0.6666666666666666,82,89,7828.836666666666,0.28,0.6666666666666666,0.6666666666666666,0.0,0.0,0,0,0.0,0.0,0,0,0.0,5086.73,1,1,1.0,23486.51,3,2,0.6666666666666666,0
LGS2ORD0031859,C010428,2025-09-10 07:00:00,Female,23,Silver,Lazada,Bangkok,1300,Shopee,COD,7,9,2,0,20-30,43.333333333333336,4.0,1.0,0.25,106,45,3152.7275,0.15,0.75,0.0,0.0,0.0,0,0,0.0,0.0,0,0,0.0,7796.89,1,0,0.0,12610.91,4,1,0.25,0
LGS2ORD0031860,C013040,2025-09-10 07:00:00,Male,53,Gold,TV,Khon Kaen,1225,Shopee,Bank_Transfer,7,9,2,0,>50,40.833333333333336,6.0,0.0,0.0,-1,11,5341.738333333333,0.2299999999999999,0.5,0.5,0.0,0.0,0,0,0.0,13999.939999999999,2,0,0.0,14995.4,3,0,0.0,32050.429999999997,6,0,0.0,0
LGS2ORD0031861,C015011,2025-09-10 07:00:00,Female,34,Gold,Shopee,Khon Kaen,567,Shopee,COD,7,9,2,0,30-40,18.9,5.0,0.0,0.0,-1,25,2582.0159999999996,0.28,0.6,0.4,0.0,0.0,0,0,0.0,2548.48,1,0,0.0,7932.530000000001,3,0,0.0,12910.079999999998,5,0,0.0,0
LGS2ORD0031862,C012420,2025-09-10 08:00:00,Male,50,Bronze,TV,Songkhla,853,TV_Show,COD,8,9,2,0,40-50,28.433333333333334,6.0,2.0,0.3333333333333333,89,16,5731.856666666667,0.28,0.6666666666666666,0.8333333333333334,0.0,0.0,0,0,0.0,7894.75,1,0,0.0,15084.65,2,0,0.0,34391.14,6,2,0.3333333333333333,0
LGS2ORD0031863,C012211,2025-09-10 08:00:00,Female,37,Platinum,CallCenter,Phuket,1305,TV_Show,COD,8,9,2,0,30-40,43.5,3.0,0.0,0.0,-1,100,6978.576666666667,0.15,0.3333333333333333,0.0,0.0,0.0,0,0,0.0,0.0,0,0,0.0,0.0,0,0,0.0,20935.73,3,0,0.0,0
LGS2ORD0031864,C017953,2025-09-10 08:00:00,Male,53,Bronze,TV,Chonburi,797,Web,PromptPay,8,9,2,0,>50,26.566666666666666,3.0,0.0,0.0,-1,88,5453.153333333333,0.28,0.3333333333333333,0.3333333333333333,0.0,0.0,0,0,0.0,0.0,0,0,0.0,11784.44,1,0,0.0,16359.46,3,0,0.0,0
LGS2ORD0031865,C010002,2025-09-10 08:00:00,Male,34,Platinum,Lazada,Bangkok,557,Lazada,COD,8,9,2,0,30-40,18.566666666666666,4.0,2.0,0.5,28,38,3673.92,0.3,0.25,0.5,0.0,0.0,0,0,0.0,0.0,0,0,0.0,6529.599999999999,2,1,0.5,14695.68,4,2,0.5,0
LGS2ORD0031866,C012798,2025-09-10 08:00:00,Female,49,Bronze,TV,Phuket,1470,CallCenter,COD,8,9,2,0,40-50,49.0,3.0,0.0,0.0,-1,10,2218.5499999999997,0.18,0.6666666666666666,0.0,0.0,0.0,0,0,0.0,544.73,1,0,0.0,4374.99,2,0,0.0,6655.65,3,0,0.0,1
LGS2ORD0031867,C016950,2025-09-10 09:00:00,Female,25,Silver,TV,Khon Kaen,525,TV_Show,Credit_Card,9,9,2,0,20-30,17.5,3.0,1.0,0.3333333333333333,188,144,7844.333333333333,0.25,0.3333333333333333,0.3333333333333333,0.0,0.0,0,0,0.0,0.0,0,0,0.0,0.0,0,0,0.0,23533.0,3,1,0.3333333333333333,1
LGS2ORD0031868,C015695,2025-09-10 09:00:00,Female,45,Gold,TV,Chonburi,636,Shopee,COD,9,9,2,0,40-50,21.2,2.0,0.0,0.0,-1,95,16721.125,0.08,1.0,0.0,0.0,0.0,0,0,0.0,0.0,0,0,0.0,0.0,0,0,0.0,33442.25,2,0,0.0,0
LGS2ORD0031869,C015316,2025-09-10 09:00:00,Female,42,Bronze,Lazada,Remote_Area,1053,Lazada,COD,9,9,2,0,40-50,35.1,2.0,0.0,0.0,-1,73,9059.380000000001,0.18,0.5,0.0,0.0,0.0,0,0,0.0,0.0,0,0,0.0,7846.15,1,0,0.0,18118.760000000002,2,0,0.0,1
LGS2ORD0031870,C014299,2025-09-10 09:00:00,Female,51,Silver,Shopee,Chiang Mai,1494,Shopee,Credit_Card,9,9,2,0,>50,49.8,2.0,1.0,0.5,125,131,980.6999999999999,0.25,1.0,0.5,0.0,0.0,0,0,0.0,0.0,0,0,0.0,0.0,0,0,0.0,1961.3999999999999,2,1,0.5,0
LGS2ORD0031871,C014894,2025-09-10 09:00:00,Male,47,Silver,TV,Chonburi,929,TV_Show,Credit_Card,9,9,2,0,40-50,30.966666666666665,5.0,1.0,0.2,118,67,7325.625999999999,0.25,0.6,0.4,0.0,0.0,0,0,0.0,0.0,0,0,0.0,1853.71,1,0,0.0,36628.13,5,1,0.2,0
LGS2ORD0031872,C013751,2025-09-10 10:00:00,Male,30,Silver,CallCenter,Remote_Area,745,TV_Show,PromptPay,10,9,2,0,20-30,24.833333333333332,4.0,0.0,0.0,-1,83,1710.6149999999998,0.3,0.75,0.75,0.0,0.0,0,0,0.0,0.0,0,0,0.0,4829.95,2,0,0.0,6842.459999999999,4,0,0.0,0
LGS2ORD0031873,C016913,2025-09-10 10:00:00,Male,58,Bronze,Web,Bangkok,375,Shopee,COD,10,9,2,0,>50,12.5,3.0,1.0,0.3333333333333333,222,199,2001.84,0.28,0.6666666666666666,0.3333333333333333,0.0,0.0,0,0,0.0,0.0,0,0,0.0,0.0,0,0,0.0,6005.5199999999995,3,1,0.3333333333333333,0
LGS2ORD0031874,C017928,2025-09-10 10:00:00,Male,38,Gold,Web,Chiang Mai,659,TV_Show,Credit_Card,10,9,2,0,30-40,21.966666666666665,8.0,1.0,0.125,213,45,6579.87,0.2299999999999999,0.75,0.125,0.0,0.0,0,0,0.0,0.0,0,0,0.0,29956.530000000002,2,0,0.0,52638.96,8,1,0.125,0
LGS2ORD0031875,C014438,2025-09-10 10:00:00,Female,34,Silver,Shopee,Chonburi,1564,Web,Credit_Card,10,9,2,0,30-40,52.13333333333333,5.0,1.0,0.2,31,38,7632.988,0.3,0.6,0.4,0.0,0.0,0,0,0.0,0.0,0,0,0.0,8334.32,2,1,0.5,38164.94,5,1,0.2,0
LGS2ORD0031876,C015926,2025-09-10 10:00:00,Female,57,Silver,CallCenter,Phuket,664,CallCenter,COD,10,9,2,0,>50,22.133333333333333,3.0,1.0,0.3333333333333333,229,61,3896.64,0.2,0.6666666666666666,0.0,0.0,0.0,0,0,0.0,0.0,0,0,0.0,8301.35,2,0,0.0,11689.92,3,1,0.3333333333333333,0
LGS2ORD0031877,C017717,2025-09-10 10:00:00,Female,44,Bronze,TV,Chiang Mai,787,CallCenter,COD,10,9,2,0,40-50,26.233333333333334,3.0,0.0,0.0,-1,126,3621.16,0.23,0.6666666666666666,1.0,0.0,0.0,0,0,0.0,0.0,0,0,0.0,0.0,0,0,0.0,10863.48,3,0,0.0,1
LGS2ORD0031878,C013795,2025-09-10 11:00:00,Male,19,Bronze,Shopee,Songkhla,808,Lazada,COD,11,9,2,0,<20,26.933333333333334,3.0,0.0,0.0,-1,139,3679.77,0.23,0.3333333333333333,0.6666666666666666,0.0,0.0,0,0,0.0,0.0,0,0,0.0,0.0,0,0,0.0,11039.31,3,0,0.0,0
LGS2ORD0031879,C013757,2025-09-10 11:00:00,Female,49,Silver,CallCenter,Bangkok,1049,Lazada,COD,11,9,2,0,40-50,34.96666666666667,2.0,1.0,0.5,77,93,7414.5,0.25,0.5,0.5,0.0,0.0,0,0,0.0,0.0,0,0,0.0,0.0,0,0,0.0,14829.0,2,1,0.5,1
LGS2ORD0031880,C015939,2025-09-10 11:00:00,Female,46,Bronze,Lazada,Bangkok,268,TV_Show,COD,11,9,2,0,40-50,8.933333333333334,2.0,1.0,0.5,90,58,7401.49,0.08,1.0,0.0,0.0,0.0,0,0,0.0,0.0,0,0,0.0,7217.78,1,0,0.0,14802.98,2,1,0.5,0
LGS2ORD0031881,C015358,2025-09-10 11:00:00,Male,18,Gold,TV,Khon Kaen,1206,CallCenter,COD,11,9,2,0,<20,40.2,1.0,1.0,1.0,210,213,1193.33,0.2299999999999999,0.0,1.0,0.0,0.0,0,0,0.0,0.0,0,0,0.0,0.0,0,0,0.0,1193.33,1,1,1.0,0
LGS2ORD0031882,C011457,2025-09-10 11:00:00,Female,47,Silver,TV,Khon Kaen,364,Web,Bank_Transfer,11,9,2,0,40-50,12.133333333333333,3.0,0.0,0.0,-1,8,3336.3933333333334,0.25,0.6666666666666666,0.3333333333333333,0.0,0.0,0,0,0.0,5587.46,2,0,0.0,10009.18,3,0,0.0,10009.18,3,0,0.0,0
LGS2ORD0031883,C015499,2025-09-10 12:00:00,Male,18,Bronze,Shopee,Bangkok,579,Shopee,COD,12,9,2,0,<20,19.3,2.0,0.0,0.0,-1,16,3133.415,0.23,0.5,0.5,0.0,0.0,0,0,0.0,3515.49,1,0,0.0,3515.49,1,0,0.0,6266.83,2,0,0.0,0
LGS2ORD0031884,C016151,2025-09-10 12:00:00,Female,36,Gold,Web,Chonburi,1412,CallCenter,PromptPay,12,9,2,0,30-40,47.06666666666667,0.0,0.0,0.0,-1,-1,0.0,0.0,0.0,0.0,0.0,0.0,0,0,0.0,0.0,0,0,0.0,0.0,0,0,0.0,0.0,0,0,0.0,0
LGS2ORD0031885,C011002,2025-09-10 12:00:00,Female,53,Gold,TV,Remote_Area,1199,Shopee,COD,12,9,2,0,>50,39.96666666666667,7.0,3.0,0.42857142857142855,100,7,2534.207142857143,0.33,0.42857142857142855,0.42857142857142855,0.0,0.0,0,0,0.0,728.97,1,0,0.0,728.97,1,0,0.0,17739.45,7,3,0.42857142857142855,0
LGS2ORD0031886,C011463,2025-09-10 12:00:00,Female,51,Bronze,TV,Bangkok,1549,Shopee,COD,12,9,2,0,>50,51.63333333333333,3.0,1.0,0.3333333333333333,52,63,7345.883333333334,0.28,0.6666666666666666,0.6666666666666666,0.0,0.0,0,0,0.0,0.0,0,0,0.0,5843.41,2,1,0.5,22037.65,3,1,0.3333333333333333,0
LGS2ORD0031887,C017847,2025-09-10 12:00:00,Male,35,Bronze,Web,Phuket,1492,Lazada,COD,12,9,2,0,30-40,49.733333333333334,6.0,0.0,0.0,-1,65,7400.451666666667,0.28,0.5,0.3333333333333333,0.0,0.0,0,0,0.0,0.0,0,0,0.0,1200.29,1,0,0.0,44402.71,6,0,0.0,1
LGS2ORD0031888,C013067,2025-09-10 13:00:00,Female,33,Gold,Lazada,Bangkok,1363,TV_Show,COD,13,9,2,0,30-40,45.43333333333333,2.0,0.0,0.0,-1,81,11827.119999999999,0.13,0.5,0.0,0.0,0.0,0,0,0.0,0.0,0,0,0.0,4008.42,1,0,0.0,23654.239999999998,2,0,0.0,1
LGS2ORD0031889,C012159,2025-09-10 13:00:00,Male,45,Bronze,Shopee,Bangkok,756,Shopee,COD,13,9,2,0,40-50,25.2,1.0,1.0,1.0,124,134,3037.55,0.18,1.0,0.0,0.0,0.0,0,0,0.0,0.0,0,0,0.0,0.0,0,0,0.0,3037.55,1,1,1.0,0
LGS2ORD0031890,C015486,2025-09-10 13:00:00,Female,21,Bronze,Shopee,Khon Kaen,1305,Shopee,Credit_Card,13,9,2,0,20-30,43.5,6.0,2.0,0.3333333333333333,149,25,4579.536666666667,0.28,0.6666666666666666,0.16666666666666666,0.0,0.0,0,0,0.0,16140.8,2,0,0.0,21691.02,3,0,0.0,27477.22,6,2,0.3333333333333333,0
LGS2ORD0031891,C014189,2025-09-10 13:00:00,Female,27,Bronze,Lazada,Khon Kaen,891,TV_Show,Credit_Card,13,9,2,0,20-30,29.7,4.0,2.0,0.5,37,50,1870.9850000000001,0.23,0.5,0.75,0.0,0.0,0,0,0.0,0.0,0,0,0.0,2952.94,1,1,1.0,7483.9400000000005,4,2,0.5,0
LGS2ORD0031892,C011931,2025-09-10 13:00:00,Other,45,Silver,Web,Bangkok,1632,TV_Show,Credit_Card,13,9,2,0,40-50,54.4,8.0,1.0,0.125,171,1,8545.285,0.3,0.375,0.5,0.0,3700.41,1,0,0.0,13703.05,2,0,0.0,22092.09,3,0,0.0,68362.28,8,1,0.125,0
LGS2ORD0031893,C017943,2025-09-10 14:00:00,Female,45,Gold,Lazada,Bangkok,1224,Lazada,COD,14,9,2,0,40-50,40.8,1.0,0.0,0.0,-1,142,2694.8,0.13,1.0,0.0,0.0,0.0,0,0,0.0,0.0,0,0,0.0,0.0,0,0,0.0,2694.8,1,0,0.0,0
LGS2ORD0031894,C011083,2025-09-10 14:00:00,Female,43,Gold,Web,Chonburi,616,Web,COD,14,9,2,0,40-50,20.533333333333335,4.0,0.0,0.0,-1,74,1962.8175,0.28,0.0,0.25,0.0,0.0,0,0,0.0,0.0,0,0,0.0,909.87,1,0,0.0,7851.27,4,0,0.0,0
LGS2ORD0031895,C012075,2025-09-10 14:00:00,Male,32,Gold,Web,Khon Kaen,550,Web,PromptPay,14,9,2,0,30-40,18.333333333333332,1.0,0.0,0.0,-1,40,2129.32,0.28,0.0,1.0,0.0,0.0,0,0,0.0,0.0,0,0,0.0,2129.32,1,0,0.0,2129.32,1,0,0.0,0
LGS2ORD0031896,C011485,2025-09-10 14:00:00,Male,37,Gold,Lazada,Nakhon Ratchasima,652,Web,Bank_Transfer,14,9,2,0,30-40,21.733333333333334,8.0,0.0,0.0,-1,34,2590.8824999999997,0.28,0.125,0.5,0.0,0.0,0,0,0.0,0.0,0,0,0.0,7059.06,3,0,0.0,20727.059999999998,8,0,0.0,0
LGS2ORD0031897,C013101,2025-09-10 14:00:00,Male,44,Gold,TV,Chonburi,1050,Web,COD,14,9,2,0,40-50,35.0,9.0,2.0,0.2222222222222222,21,1,3673.465555555556,0.33,0.1111111111111111,0.4444444444444444,0.0,3836.6,1,0,0.0,8576.789999999999,2,0,0.0,9988.97,4,1,0.25,33061.19,9,2,0.2222222222222222,0
LGS2ORD0031898,C012463,2025-09-10 14:00:00,Female,44,Platinum,TV,Khon Kaen,406,Lazada,COD,14,9,2,0,40-50,13.533333333333333,7.0,0.0,0.0,-1,68,5564.342857142858,0.2,0.42857142857142855,0.0,0.0,0.0,0,0,0.0,0.0,0,0,0.0,690.36,1,0,0.0,38950.4,7,0,0.0,0
LGS2ORD0031899,C011864,2025-09-10 15:00:00,Female,32,Bronze,Lazada,Khon Kaen,338,CallCenter,COD,15,9,2,0,30-40,11.266666666666667,10.0,2.0,0.2,26,13,4881.790999999999,0.28,0.5,0.4,0.0,0.0,0,0,0.0,7862.7,1,0,0.0,40603.13,6,2,0.3333333333333333,48817.909999999996,10,2,0.2,1
LGS2ORD0031900,C010536,2025-09-10 15:00:00,Female,42,Bronze,TV,Remote_Area,1637,Shopee,Credit_Card,15,9,2,0,40-50,54.56666666666667,2.0,0.0,0.0,-1,37,3690.39,0.18,0.5,0.0,0.0,0.0,0,0,0.0,0.0,0,0,0.0,4803.79,1,0,0.0,7380.78,2,0,0.0,0
LGS2ORD0031901,C017719,2025-09-10 15:00:00,Female,32,Bronze,CallCenter,Chonburi,471,Lazada,COD,15,9,2,0,30-40,15.7,3.0,1.0,0.3333333333333333,140,78,5524.753333333333,0.28,0.6666666666666666,0.3333333333333333,0.0,0.0,0,0,0.0,0.0,0,0,0.0,2344.5,1,0,0.0,16574.26,3,1,0.3333333333333333,1
LGS2ORD0031902,C014694,2025-09-10 15:00:00,Female,40,Bronze,TV,Songkhla,1003,Lazada,COD,15,9,2,0,30-40,33.43333333333333,3.0,1.0,0.3333333333333333,32,38,1514.9099999999999,0.18,0.6666666666666666,0.0,0.0,0.0,0,0,0.0,0.0,0,0,0.0,2708.48,2,1,0.5,4544.73,3,1,0.3333333333333333,1
LGS2ORD0031903,C010794,2025-09-10 15:00:00,Other,33,Bronze,TV,Chonburi,1074,TV_Show,Credit_Card,15,9,2,0,30-40,35.8,3.0,2.0,0.6666666666666666,45,58,8801.266666666668,0.08,0.6666666666666666,0.0,0.0,0.0,0,0,0.0,0.0,0,0,0.0,20053.58,2,1,0.5,26403.800000000003,3,2,0.6666666666666666,0
LGS2ORD0031904,C014527,2025-09-10 16:00:00,Female,26,Bronze,Shopee,Chiang Mai,1204,CallCenter,COD,16,9,2,0,20-30,40.13333333333333,5.0,0.0,0.0,-1,50,1776.516,0.13,0.0,0.0,0.0,0.0,0,0,0.0,0.0,0,0,0.0,4235.98,1,0,0.0,8882.58,5,0,0.0,0
LGS2ORD0031905,C011553,2025-09-10 16:00:00,Female,29,Gold,Shopee,Bangkok,422,Lazada,Bank_Transfer,16,9,2,0,20-30,14.066666666666666,2.0,1.0,0.5,75,37,5340.895,0.28,1.0,0.5,0.0,0.0,0,0,0.0,0.0,0,0,0.0,10681.79,2,1,0.5,10681.79,2,1,0.5,0
LGS2ORD0031906,C010212,2025-09-10 16:00:00,Male,51,Bronze,Web,Bangkok,1541,TV_Show,COD,16,9,2,0,>50,51.36666666666667,7.0,2.0,0.2857142857142857,214,59,9589.952857142856,0.28,0.7142857142857143,0.5714285714285714,0.0,0.0,0,0,0.0,0.0,0,0,0.0,3697.54,1,0,0.0,67129.67,7,2,0.2857142857142857,0
LGS2ORD0031907,C011498,2025-09-10 16:00:00,Female,41,Silver,Web,Nakhon Ratchasima,1575,Shopee,COD,16,9,2,0,40-50,52.5,3.0,1.0,0.3333333333333333,75,85,2409.2533333333336,0.2,0.6666666666666666,0.0,0.0,0.0,0,0,0.0,0.0,0,0,0.0,2892.46,1,1,1.0,7227.76,3,1,0.3333333333333333,0
LGS2ORD0031908,C017269,2025-09-10 16:00:00,Female,51,Bronze,Web,Bangkok,1692,Shopee,Credit_Card,16,9,2,0,>50,56.4,10.0,2.0,0.2,58,35,8788.398,0.23,0.7,0.1,0.0,0.0,0,0,0.0,0.0,0,0,0.0,58623.90000000001,4,1,0.25,87883.98,10,2,0.2,0
LGS2ORD0031909,C014426,2025-09-10 17:00:00,Female,67,Bronze,Shopee,Bangkok,1309,Web,COD,17,9,2,0,>50,43.63333333333333,8.0,2.0,0.25,102,35,4047.14375,0.28,0.625,0.375,0.0,0.0,0,0,0.0,0.0,0,0,0.0,26431.760000000002,4,0,0.0,32377.15,8,2,0.25,0
LGS2ORD0031910,C011963,2025-09-10 17:00:00,Male,35,Silver,TV,Chonburi,1007,Lazada,COD,17,9,2,0,30-40,33.56666666666667,3.0,2.0,0.6666666666666666,54,69,3351.226666666667,0.2,1.0,0.0,0.0,0.0,0,0,0.0,0.0,0,0,0.0,4333.03,1,1,1.0,10053.68,3,2,0.6666666666666666,0
LGS2ORD0031911,C011433,2025-09-10 17:00:00,Male,61,Bronze,Shopee,Chonburi,1462,CallCenter,COD,17,9,2,0,>50,48.733333333333334,8.0,2.0,0.25,88,8,4353.32375,0.28,0.25,0.25,0.0,0.0,0,0,0.0,2316.6,1,0,0.0,4185.58,2,0,0.0,34826.59,8,2,0.25,1
LGS2ORD0031912,C017158,2025-09-10 17:00:00,Male,60,Bronze,CallCenter,Chiang Mai,456,CallCenter,COD,17,9,2,0,>50,15.2,2.0,0.0,0.0,-1,129,2577.315,0.08,0.5,0.0,0.0,0.0,0,0,0.0,0.0,0,0,0.0,0.0,0,0,0.0,5154.63,2,0,0.0,0
LGS2ORD0031913,C010787,2025-09-10 17:00:00,Female,51,Gold,CallCenter,Songkhla,440,Lazada,PromptPay,17,9,2,0,>50,14.666666666666666,2.0,1.0,0.5,231,188,1179.07,0.2299999999999999,0.0,0.5,0.0,0.0,0,0,0.0,0.0,0,0,0.0,0.0,0,0,0.0,2358.14,2,1,0.5,1
LGS2ORD0031914,C016091,2025-09-10 18:00:00,Male,52,Bronze,TV,Bangkok,417,Lazada,Bank_Transfer,18,9,2,0,>50,13.9,4.0,0.0,0.0,-1,15,2520.9125,0.23,0.0,0.25,0.0,0.0,0,0,0.0,1332.14,1,0,0.0,2750.83,2,0,0.0,10083.65,4,0,0.0,1
LGS2ORD0031915,C012113,2025-09-10 18:00:00,Male,35,Bronze,Web,Songkhla,321,TV_Show,PromptPay,18,9,2,0,30-40,10.7,7.0,4.0,0.5714285714285714,41,12,4185.484285714286,0.28,0.14285714285714285,0.14285714285714285,0.0,0.0,0,0,0.0,669.09,1,0,0.0,3823.5,2,1,0.5,29298.39,7,4,0.5714285714285714,0
LGS2ORD0031916,C017405,2025-09-10 18:00:00,Female,49,Bronze,TV,Chiang Mai,357,CallCenter,COD,18,9,2,0,40-50,11.9,2.0,1.0,0.5,63,72,8523.02,0.23,0.0,0.5,0.0,0.0,0,0,0.0,0.0,0,0,0.0,1977.48,1,1,1.0,17046.04,2,1,0.5,0
LGS2ORD0031917,C013146,2025-09-10 18:00:00,Male,31,Bronze,TV,Songkhla,543,Shopee,COD,18,9,2,0,30-40,18.1,4.0,2.0,0.5,83,92,6712.8725,0.23,0.5,0.25,0.0,0.0,0,0,0.0,0.0,0,0,0.0,0.0,0,0,0.0,26851.49,4,2,0.5,1
LGS2ORD0031918,C011692,2025-09-10 18:00:00,Male,40,Bronze,Shopee,Remote_Area,1054,TV_Show,Bank_Transfer,18,9,2,0,30-40,35.13333333333333,3.0,3.0,1.0,44,54,8207.846666666666,0.28,1.0,1.0,0.0,0.0,0,0,0.0,0.0,0,0,0.0,6115.25,1,1,1.0,24623.54,3,3,1.0,1
LGS2ORD0031919,C010554,2025-09-10 18:00:00,Female,44,Bronze,TV,Songkhla,990,Shopee,COD,18,9,2,0,40-50,33.0,5.0,1.0,0.2,197,18,2489.0099999999998,0.28,0.2,0.2,0.0,0.0,0,0,0.0,741.27,1,0,0.0,741.27,1,0,0.0,12445.05,5,1,0.2,0
LGS2ORD0031920,C010054,2025-09-10 19:00:00,Female,24,Silver,Web,Chonburi,594,Web,COD,19,9,2,0,20-30,19.8,7.0,1.0,0.14285714285714285,119,63,3426.7328571428575,0.25,0.5714285714285714,0.2857142857142857,0.0,0.0,0,0,0.0,0.0,0,0,0.0,5400.02,3,0,0.0,23987.13,7,1,0.14285714285714285,0
LGS2ORD0031921,C012518,2025-09-10 19:00:00,Other,46,Bronze,CallCenter,Khon Kaen,575,TV_Show,COD,19,9,2,0,40-50,19.166666666666668,7.0,1.0,0.14285714285714285,175,102,6711.922857142857,0.28,0.2857142857142857,0.2857142857142857,0.0,0.0,0,0,0.0,0.0,0,0,0.0,0.0,0,0,0.0,46983.46,7,1,0.14285714285714285,1
LGS2ORD0031922,C013173,2025-09-10 19:00:00,Female,45,Silver,Web,Songkhla,1708,Shopee,COD,19,9,2,0,40-50,56.93333333333333,5.0,3.0,0.6,94,4,3571.668,0.25,0.8,0.6,0.0,1223.48,1,0,0.0,3696.95,2,0,0.0,3696.95,2,0,0.0,17858.34,5,3,0.6,0
LGS2ORD0031923,C012010,2025-09-10 19:00:00,Male,45,Platinum,Lazada,Chonburi,1520,Lazada,Credit_Card,19,9,2,0,40-50,50.666666666666664,1.0,0.0,0.0,-1,144,3596.37,0.15,0.0,0.0,0.0,0.0,0,0,0.0,0.0,0,0,0.0,0.0,0,0,0.0,3596.37,1,0,0.0,1
LGS2ORD0031924,C017515,2025-09-10 19:00:00,Female,53,Bronze,CallCenter,Remote_Area,1007,Web,COD,19,9,2,0,>50,33.56666666666667,7.0,2.0,0.2857142857142857,33,37,3285.707142857143,0.23,0.5714285714285714,0.2857142857142857,0.0,0.0,0,0,0.0,0.0,0,0,0.0,7601.65,2,1,0.5,22999.95,7,2,0.2857142857142857,1
LGS2ORD0031925,C014748,2025-09-10 20:00:00,Female,44,Silver,TV,Bangkok,1124,Web,COD,20,9,2,0,40-50,37.46666666666667,3.0,1.0,0.3333333333333333,200,199,4125.443333333333,0.25,0.3333333333333333,0.3333333333333333,0.0,0.0,0,0,0.0,0.0,0,0,0.0,0.0,0,0,0.0,12376.329999999998,3,1,0.3333333333333333,1
LGS2ORD0031926,C015513,2025-09-10 20:00:00,Female,41,Silver,Web,Nakhon Ratchasima,1195,TV_Show,PromptPay,20,9,2,0,40-50,39.833333333333336,4.0,1.0,0.25,45,9,3565.895,0.2,0.5,0.0,0.0,0.0,0,0,0.0,9933.14,1,0,0.0,11358.279999999999,3,1,0.3333333333333333,14263.58,4,1,0.25,0
LGS2ORD0031927,C012172,2025-09-10 20:00:00,Male,43,Silver,Web,Chiang Mai,547,Web,PromptPay,20,9,2,0,40-50,18.233333333333334,1.0,0.0,0.0,-1,132,2010.68,0.15,0.0,0.0,0.0,0.0,0,0,0.0,0.0,0,0,0.0,0.0,0,0,0.0,2010.68,1,0,0.0,0
LGS2ORD0031928,C012196,2025-09-10 20:00:00,Male,48,Silver,Web,Khon Kaen,1364,Web,PromptPay,20,9,2,0,40-50,45.46666666666667,3.0,0.0,0.0,-1,162,6748.233333333334,0.25,1.0,0.3333333333333333,0.0,0.0,0,0,0.0,0.0,0,0,0.0,0.0,0,0,0.0,20244.7,3,0,0.0,0
LGS2ORD0031929,C014210,2025-09-10 20:00:00,Male,34,Bronze,Web,Remote_Area,745,Lazada,PromptPay,20,9,2,0,30-40,24.833333333333332,12.0,4.0,0.3333333333333333,-5,4,4507.200833333333,0.28,0.25,0.25,0.0,1962.3,1,1,1.0,7521.06,2,2,1.0,7521.06,2,2,1.0,54086.41,12,4,0.3333333333333333,0
LGS2ORD0031930,C017466,2025-09-10 21:00:00,Female,34,Silver,Web,Songkhla,595,CallCenter,COD,21,9,2,0,30-40,19.833333333333332,4.0,2.0,0.5,52,48,3112.2174999999997,0.25,0.5,0.25,0.0,0.0,0,0,0.0,0.0,0,0,0.0,5746.15,2,1,0.5,12448.869999999999,4,2,0.5,0
LGS2ORD0031931,C011763,2025-09-10 21:00:00,Male,50,Silver,TV,Bangkok,1034,TV_Show,Credit_Card,21,9,2,0,40-50,34.46666666666667,7.0,2.0,0.2857142857142857,122,109,3543.2685714285717,0.3,0.42857142857142855,0.2857142857142857,0.0,0.0,0,0,0.0,0.0,0,0,0.0,0.0,0,0,0.0,24802.88,7,2,0.2857142857142857,0
LGS2ORD0031932,C015754,2025-09-10 21:00:00,Female,69,Bronze,CallCenter,Songkhla,1277,Web,COD,21,9,2,0,>50,42.56666666666667,6.0,3.0,0.5,109,22,4484.743333333333,0.23,0.3333333333333333,0.3333333333333333,0.0,0.0,0,0,0.0,616.78,1,0,0.0,4667.69,3,0,0.0,26908.46,6,3,0.5,0
LGS2ORD0031933,C013779,2025-09-10 21:00:00,Male,39,Silver,TV,Chonburi,1610,Shopee,COD,21,9,2,0,30-40,53.666666666666664,5.0,1.0,0.2,62,66,7591.840000000001,0.25,0.8,0.4,0.0,0.0,0,0,0.0,0.0,0,0,0.0,14676.249999999998,3,1,0.3333333333333333,37959.200000000004,5,1,0.2,1
LGS2ORD0031934,C017143,2025-09-10 21:00:00,Female,50,Bronze,TV,Nakhon Ratchasima,1111,TV_Show,COD,21,9,2,0,40-50,37.03333333333333,2.0,0.0,0.0,-1,73,4742.38,0.03,0.0,0.0,0.0,0.0,0,0,0.0,0.0,0,0,0.0,8191.11,1,0,0.0,9484.76,2,0,0.0,0
LGS2ORD0031935,C013163,2025-09-10 21:00:00,Female,48,Bronze,Shopee,Chiang Mai,558,Lazada,PromptPay,21,9,2,0,40-50,18.6,4.0,1.0,0.25,201,15,9111.1775,0.23,0.5,0.25,0.0,0.0,0,0,0.0,12049.33,1,0,0.0,17254.42,2,0,0.0,36444.71,4,1,0.25,0
LGS2ORD0031936,C012295,2025-09-10 22:00:00,Other,39,Silver,CallCenter,Nakhon Ratchasima,1683,Lazada,Bank_Transfer,22,9,2,0,30-40,56.1,8.0,1.0,0.125,28,8,5812.733749999999,0.3,0.75,0.375,0.0,0.0,0,0,0.0,2152.17,1,0,0.0,3242.71,2,1,0.5,46501.869999999995,8,1,0.125,0
LGS2ORD0031937,C017748,2025-09-10 22:00:00,Female,62,Silver,TV,Nakhon Ratchasima,742,TV_Show,PromptPay,22,9,2,0,>50,24.733333333333334,3.0,0.0,0.0,-1,63,14774.279999999999,0.2,0.0,0.0,0.0,0.0,0,0,0.0,0.0,0,0,0.0,20441.65,1,0,0.0,44322.84,3,0,0.0,1
LGS2ORD0031938,C013952,2025-09-10 22:00:00,Female,32,Silver,Shopee,Bangkok,1014,Shopee,COD,22,9,2,0,30-40,33.8,9.0,3.0,0.3333333333333333,207,3,4473.554444444444,0.2,0.7777777777777778,0.0,0.0,12461.98,1,0,0.0,12461.98,1,0,0.0,27752.09,4,0,0.0,40261.99,9,3,0.3333333333333333,1
LGS2ORD0031939,C012025,2025-09-10 22:00:00,Male,49,Bronze,TV,Chonburi,1309,Shopee,Bank_Transfer,22,9,2,0,40-50,43.63333333333333,5.0,0.0,0.0,-1,109,8270.045999999998,0.28,0.6,0.6,0.0,0.0,0,0,0.0,0.0,0,0,0.0,0.0,0,0,0.0,41350.229999999996,5,0,0.0,0
LGS2ORD0031940,C010790,2025-09-10 22:00:00,Female,36,Silver,Web,Khon Kaen,473,CallCenter,COD,22,9,2,0,30-40,15.766666666666667,5.0,2.0,0.4,5,1,3080.09,0.3,0.4,0.6,0.0,6706.97,1,0,0.0,12140.619999999999,3,2,0.6666666666666666,12140.619999999999,3,2,0.6666666666666666,15400.45,5,2,0.4,1
LGS2ORD0031941,C014921,2025-09-10 23:00:00,Male,21,Silver,CallCenter,Khon Kaen,1329,Web,Credit_Card,23,9,2,0,20-30,44.3,2.0,0.0,0.0,-1,101,3145.585,0.2,0.5,0.0,0.0,0.0,0,0,0.0,0.0,0,0,0.0,0.0,0,0,0.0,6291.17,2,0,0.0,1
LGS2ORD0031942,C012308,2025-09-10 23:00:00,Male,22,Bronze,TV,Songkhla,1210,CallCenter,Bank_Transfer,23,9,2,0,20-30,40.333333333333336,9.0,3.0,0.3333333333333333,147,31,5058.656666666666,0.23,0.6666666666666666,0.3333333333333333,0.0,0.0,0,0,0.0,0.0,0,0,0.0,9933.91,2,0,0.0,45527.909999999996,9,3,0.3333333333333333,1
LGS2ORD0031943,C015903,2025-09-10 23:00:00,Female,31,Gold,Shopee,Nakhon Ratchasima,550,Shopee,COD,23,9,2,0,30-40,18.333333333333332,2.0,0.0,0.0,-1,87,734.65,0.2299999999999999,0.5,0.5,0.0,0.0,0,0,0.0,0.0,0,0,0.0,557.04,1,0,0.0,1469.3,2,0,0.0,1
LGS2ORD0031944,C015411,2025-09-10 23:00:00,Female,36,Platinum,Shopee,Nakhon Ratchasima,1149,TV_Show,COD,23,9,2,0,30-40,38.3,5.0,2.0,0.4,111,13,5856.2880000000005,0.3,0.8,0.6,0.0,0.0,0,0,0.0,6236.36,1,0,0.0,6236.36,1,0,0.0,29281.440000000002,5,2,0.4,0
LGS2ORD0031945,C011377,2025-09-10 23:00:00,Female,21,Bronze,TV,Phuket,633,Shopee,COD,23,9,2,0,20-30,21.1,9.0,3.0,0.3333333333333333,68,32,3202.354444444444,0.28,0.7777777777777778,0.4444444444444444,0.0,0.0,0,0,0.0,0.0,0,0,0.0,4873.93,3,1,0.3333333333333333,28821.19,9,3,0.3333333333333333,1
LGS2ORD0031946,C012112,2025-09-11 00:00:00,Female,56,Bronze,TV,Chiang Mai,802,TV_Show,PromptPay,0,9,3,0,>50,26.733333333333334,2.0,0.0,0.0,-1,29,6727.5650000000005,0.08,0.0,0.0,0.0,0.0,0,0,0.0,8732.69,1,0,0.0,13455.130000000001,2,0,0.0,13455.130000000001,2,0,0.0,0
LGS2ORD0031947,C013792,2025-09-11 00:00:00,Female,48,Silver,Web,Bangkok,1506,Lazada,Bank_Transfer,0,9,3,0,40-50,50.2,3.0,0.0,0.0,-1,58,1467.8533333333332,0.25,0.6666666666666666,0.3333333333333333,0.0,0.0,0,0,0.0,0.0,0,0,0.0,1329.04,1,0,0.0,4403.5599999999995,3,0,0.0,0
LGS2ORD0031948,C013401,2025-09-11 00:00:00,Male,42,Silver,TV,Chiang Mai,361,TV_Show,Credit_Card,0,9,3,0,40-50,12.033333333333333,1.0,0.0,0.0,-1,225,2240.67,0.1,0.0,0.0,0.0,0.0,0,0,0.0,0.0,0,0,0.0,0.0,0,0,0.0,2240.67,1,0,0.0,0
LGS2ORD0031949,C010527,2025-09-11 00:00:00,Female,33,Gold,TV,Chiang Mai,933,CallCenter,COD,0,9,3,0,30-40,31.1,1.0,0.0,0.0,-1,184,721.49,0.08,0.0,0.0,0.0,0.0,0,0,0.0,0.0,0,0,0.0,0.0,0,0,0.0,721.49,1,0,0.0,1
LGS2ORD0031950,C015847,2025-09-11 00:00:00,Male,41,Bronze,TV,Bangkok,1339,TV_Show,COD,0,9,3,0,40-50,44.63333333333333,8.0,2.0,0.25,25,21,3426.1987500000005,0.18,0.625,0.0,0.0,0.0,0,0,0.0,3779.72,1,0,0.0,6338.5,3,1,0.3333333333333333,27409.590000000004,8,2,0.25,0
LGS2ORD0031951,C012670,2025-09-11 01:00:00,Male,34,Bronze,TV,Chonburi,453,Web,COD,1,9,3,0,30-40,15.1,4.0,1.0,0.25,6,10,3431.9625,0.28,0.75,0.5,0.0,0.0,0,0,0.0,3499.35,2,1,0.5,3499.35,2,1,0.5,13727.85,4,1,0.25,1
LGS2ORD0031952,C011782,2025-09-11 01:00:00,Female,45,Bronze,TV,Remote_Area,1653,Lazada,Credit_Card,1,9,3,0,40-50,55.1,4.0,1.0,0.25,217,8,2624.26,0.18,0.0,0.0,0.0,0.0,0,0,0.0,1404.41,1,0,0.0,1404.41,1,0,0.0,10497.04,4,1,0.25,0
LGS2ORD0031953,C016950,2025-09-11 01:00:00,Female,25,Silver,TV,Khon Kaen,526,Shopee,COD,1,9,3,0,20-30,17.533333333333335,4.0,2.0,0.5,-7,0,6022.8675,0.25,0.25,0.5,0.0,558.47,1,1,1.0,558.47,1,1,1.0,558.47,1,1,1.0,24091.47,4,2,0.5,0
LGS2ORD0031954,C016917,2025-09-11 01:00:00,Female,48,Bronze,TV,Chonburi,1301,Shopee,Credit_Card,1,9,3,0,40-50,43.36666666666667,7.0,1.0,0.14285714285714285,127,4,6341.06142857143,0.28,0.5714285714285714,0.42857142857142855,0.0,4732.62,1,0,0.0,10547.52,3,0,0.0,34297.61,4,0,0.0,44387.43000000001,7,1,0.14285714285714285,0
LGS2ORD0031955,C015882,2025-09-11 01:00:00,Female,37,Gold,Shopee,Bangkok,362,CallCenter,PromptPay,1,9,3,0,30-40,12.066666666666666,4.0,0.0,0.0,-1,93,7339.945,0.28,0.25,0.75,0.0,0.0,0,0,0.0,0.0,0,0,0.0,0.0,0,0,0.0,29359.78,4,0,0.0,0
LGS2ORD0031956,C013382,2025-09-11 01:00:00,Female,48,Platinum,Shopee,Chonburi,1663,Web,PromptPay,1,9,3,0,40-50,55.43333333333333,6.0,1.0,0.16666666666666666,225,20,3593.468333333333,0.25,0.6666666666666666,0.16666666666666666,0.0,0.0,0,0,0.0,3396.1,1,0,0.0,3396.1,1,0,0.0,21560.809999999998,6,1,0.16666666666666666,0
LGS2ORD0031957,C011525,2025-09-11 02:00:00,Male,47,Silver,CallCenter,Nakhon Ratchasima,701,Lazada,COD,2,9,3,0,40-50,23.366666666666667,7.0,2.0,0.2857142857142857,131,25,8032.175714285714,0.3,0.14285714285714285,0.2857142857142857,0.0,0.0,0,0,0.0,11167.82,1,0,0.0,11167.82,1,0,0.0,56225.229999999996,7,2,0.2857142857142857,1
LGS2ORD0031958,C017037,2025-09-11 02:00:00,Female,41,Bronze,Web,Bangkok,1388,TV_Show,PromptPay,2,9,3,0,40-50,46.266666666666666,7.0,0.0,0.0,-1,87,5902.934285714286,0.28,0.42857142857142855,0.42857142857142855,0.0,0.0,0,0,0.0,0.0,0,0,0.0,2620.73,1,0,0.0,41320.54,7,0,0.0,0
LGS2ORD0031959,C011248,2025-09-11 02:00:00,Male,41,Gold,Web,Remote_Area,822,TV_Show,PromptPay,2,9,3,0,40-50,27.4,1.0,0.0,0.0,-1,206,1242.17,0.18,1.0,0.0,0.0,0.0,0,0,0.0,0.0,0,0,0.0,0.0,0,0,0.0,1242.17,1,0,0.0,0
LGS2ORD0031960,C010419,2025-09-11 02:00:00,Male,37,Bronze,CallCenter,Songkhla,1432,Shopee,Credit_Card,2,9,3,0,30-40,47.733333333333334,7.0,4.0,0.5714285714285714,38,19,10299.877142857144,0.23,0.5714285714285714,0.2857142857142857,0.0,0.0,0,0,0.0,6021.72,1,0,0.0,26561.940000000002,3,2,0.6666666666666666,72099.14,7,4,0.5714285714285714,0
LGS2ORD0031961,C015558,2025-09-11 02:00:00,Female,43,Gold,TV,Bangkok,321,TV_Show,COD,2,9,3,0,40-50,10.7,8.0,1.0,0.125,139,38,4827.6587500000005,0.33,0.625,0.375,0.0,0.0,0,0,0.0,0.0,0,0,0.0,4943.77,3,0,0.0,38621.270000000004,8,1,0.125,1
LGS2ORD0031962,C011215,2025-09-11 03:00:00,Female,43,Bronze,TV,Bangkok,1651,Lazada,COD,3,9,3,0,40-50,55.03333333333333,1.0,0.0,0.0,-1,3,8495.12,0.03,0.0,0.0,0.0,8495.12,1,0,0.0,8495.12,1,0,0.0,8495.12,1,0,0.0,8495.12,1,0,0.0,0
LGS2ORD0031963,C016059,2025-09-11 03:00:00,Female,34,Platinum,Shopee,Bangkok,1104,Web,Credit_Card,3,9,3,0,30-40,36.8,2.0,0.0,0.0,-1,25,2441.06,0.15,1.0,0.0,0.0,0.0,0,0,0.0,1561.71,1,0,0.0,1561.71,1,0,0.0,4882.12,2,0,0.0,1
LGS2ORD0031964,C015527,2025-09-11 03:00:00,Male,58,Bronze,Lazada,Bangkok,438,Lazada,COD,3,9,3,0,>50,14.6,4.0,1.0,0.25,22,15,3604.56,0.28,0.25,0.25,0.0,0.0,0,0,0.0,12755.51,2,1,0.5,12755.51,2,1,0.5,14418.24,4,1,0.25,0
LGS2ORD0031965,C016801,2025-09-11 03:00:00,Female,30,Gold,Web,Nakhon Ratchasima,711,Web,Credit_Card,3,9,3,0,20-30,23.7,6.0,3.0,0.5,73,88,3855.0266666666666,0.18,0.5,0.0,0.0,0.0,0,0,0.0,0.0,0,0,0.0,923.38,1,1,1.0,23130.16,6,3,0.5,0
LGS2ORD0031966,C012532,2025-09-11 03:00:00,Female,35,Bronze,CallCenter,Phuket,1295,Shopee,Credit_Card,3,9,3,0,30-40,43.166666666666664,5.0,1.0,0.2,242,29,2014.75,0.23,0.4,0.2,0.0,0.0,0,0,0.0,1416.45,1,0,0.0,1416.45,1,0,0.0,10073.75,5,1,0.2,1
LGS2ORD0031967,C015052,2025-09-11 04:00:00,Female,48,Bronze,Lazada,Bangkok,625,Lazada,COD,4,9,3,0,40-50,20.833333333333332,4.0,0.0,0.0,-1,69,8173.2275,0.13,0.5,0.0,0.0,0.0,0,0,0.0,0.0,0,0,0.0,8199.21,1,0,0.0,32692.91,4,0,0.0,0
LGS2ORD0031968,C011372,2025-09-11 04:00:00,Male,72,Bronze,TV,Chiang Mai,328,Web,COD,4,9,3,0,>50,10.933333333333334,7.0,2.0,0.2857142857142857,89,7,2907.462857142858,0.28,0.42857142857142855,0.5714285714285714,0.0,0.0,0,0,0.0,697.49,1,0,0.0,697.49,1,0,0.0,20352.240000000005,7,2,0.2857142857142857,0
LGS2ORD0031969,C014393,2025-09-11 04:00:00,Female,55,Gold,Shopee,Khon Kaen,990,TV_Show,PromptPay,4,9,3,0,>50,33.0,5.0,0.0,0.0,-1,24,9603.168,0.33,0.4,0.4,0.0,0.0,0,0,0.0,40146.649999999994,2,0,0.0,46389.28,4,0,0.0,48015.84,5,0,0.0,0
LGS2ORD0031970,C014889,2025-09-11 04:00:00,Female,48,Silver,Web,Chiang Mai,1306,Lazada,COD,4,9,3,0,40-50,43.53333333333333,3.0,0.0,0.0,-1,78,3869.92,0.25,0.3333333333333333,0.3333333333333333,0.0,0.0,0,0,0.0,0.0,0,0,0.0,1999.44,1,0,0.0,11609.76,3,0,0.0,1
LGS2ORD0031971,C012672,2025-09-11 04:00:00,Male,50,Silver,Shopee,Bangkok,1072,CallCenter,COD,4,9,3,0,40-50,35.733333333333334,2.0,1.0,0.5,36,42,4544.51,0.25,0.5,0.5,0.0,0.0,0,0,0.0,0.0,0,0,0.0,4672.28,1,1,1.0,9089.02,2,1,0.5,0
LGS2ORD0031972,C015639,2025-09-11 05:00:00,Female,46,Gold,Web,Bangkok,568,Shopee,COD,5,9,3,0,40-50,18.933333333333334,3.0,1.0,0.3333333333333333,99,109,11445.016666666668,0.18,1.0,0.0,0.0,0.0,0,0,0.0,0.0,0,0,0.0,0.0,0,0,0.0,34335.05,3,1,0.3333333333333333,0
LGS2ORD0031973,C016982,2025-09-11 05:00:00,Male,43,Bronze,Web,Remote_Area,802,CallCenter,COD,5,9,3,0,40-50,26.733333333333334,6.0,2.0,0.3333333333333333,65,8,5898.845,0.28,0.6666666666666666,0.5,0.0,0.0,0,0,0.0,1185.9,1,0,0.0,4144.4,3,1,0.3333333333333333,35393.07,6,2,0.3333333333333333,0
LGS2ORD0031974,C013076,2025-09-11 05:00:00,Female,43,Bronze,CallCenter,Bangkok,430,TV_Show,COD,5,9,3,0,40-50,14.333333333333334,7.0,1.0,0.14285714285714285,164,57,10080.065714285713,0.28,0.2857142857142857,0.5714285714285714,0.0,0.0,0,0,0.0,0.0,0,0,0.0,2868.37,2,0,0.0,70560.45999999999,7,1,0.14285714285714285,0
LGS2ORD0031975,C012914,2025-09-11 05:00:00,Female,34,Bronze,Web,Bangkok,699,Shopee,Credit_Card,5,9,3,0,30-40,23.3,3.0,0.0,0.0,-1,1,6577.82,0.18,0.6666666666666666,0.0,0.0,11261.55,1,0,0.0,11261.55,1,0,0.0,11261.55,1,0,0.0,19733.46,3,0,0.0,0
LGS2ORD0031976,C013445,2025-09-11 05:00:00,Female,48,Silver,Shopee,Chonburi,575,TV_Show,COD,5,9,3,0,40-50,19.166666666666668,6.0,2.0,0.3333333333333333,48,26,3263.7149999999997,0.25,0.3333333333333333,0.5,0.0,0.0,0,0,0.0,2349.19,1,0,0.0,10588.230000000001,3,1,0.3333333333333333,19582.289999999997,6,2,0.3333333333333333,0
LGS2ORD0031977,C018000,2025-09-11 05:00:00,Female,45,Bronze,CallCenter,Chonburi,1687,TV_Show,COD,5,9,3,0,40-50,56.233333333333334,6.0,0.0,0.0,-1,72,3863.1316666666667,0.28,0.5,0.3333333333333333,0.0,0.0,0,0,0.0,0.0,0,0,0.0,1538.39,1,0,0.0,23178.79,6,0,0.0,0
LGS2ORD0031978,C014485,2025-09-11 06:00:00,Female,44,Bronze,TV,Khon Kaen,797,Shopee,COD,6,9,3,0,40-50,26.566666666666666,6.0,2.0,0.3333333333333333,-3,10,7081.413333333334,0.23,0.6666666666666666,0.16666666666666666,0.0,0.0,0,0,0.0,2040.44,1,1,1.0,32268.199999999997,3,1,0.3333333333333333,42488.48,6,2,0.3333333333333333,0
LGS2ORD0031979,C010360,2025-09-11 06:00:00,Male,19,Gold,Web,Nakhon Ratchasima,1317,Shopee,Credit_Card,6,9,3,0,<20,43.9,0.0,0.0,0.0,-1,-1,0.0,0.0,0.0,0.0,0.0,0.0,0,0,0.0,0.0,0,0,0.0,0.0,0,0,0.0,0.0,0,0,0.0,0
LGS2ORD0031980,C015221,2025-09-11 06:00:00,Male,42,Bronze,Web,Songkhla,828,Web,Bank_Transfer,6,9,3,0,40-50,27.6,3.0,1.0,0.3333333333333333,2,18,4000.9500000000003,0.28,0.3333333333333333,0.3333333333333333,0.0,0.0,0,0,0.0,4605.85,1,1,1.0,4605.85,1,1,1.0,12002.85,3,1,0.3333333333333333,1
LGS2ORD0031981,C011791,2025-09-11 06:00:00,Male,55,Bronze,Lazada,Chiang Mai,547,Lazada,COD,6,9,3,0,>50,18.233333333333334,5.0,0.0,0.0,-1,45,7323.492,0.18,0.6,0.0,0.0,0.0,0,0,0.0,0.0,0,0,0.0,16611.510000000002,3,0,0.0,36617.46,5,0,0.0,1
LGS2ORD0031982,C012587,2025-09-11 06:00:00,Female,41,Silver,Lazada,Phuket,1250,CallCenter,Bank_Transfer,6,9,3,0,40-50,41.666666666666664,5.0,2.0,0.4,91,79,7560.4039999999995,0.25,0.6,0.4,0.0,0.0,0,0,0.0,0.0,0,0,0.0,8459.68,2,0,0.0,37802.02,5,2,0.4,0
LGS2ORD0031983,C011424,2025-09-11 07:00:00,Female,46,Bronze,Lazada,Bangkok,642,CallCenter,COD,7,9,3,0,40-50,21.4,4.0,1.0,0.25,43,53,6953.9275,0.28,0.5,0.5,0.0,0.0,0,0,0.0,0.0,0,0,0.0,9526.71,2,1,0.5,27815.71,4,1,0.25,0
LGS2ORD0031984,C014273,2025-09-11 07:00:00,Male,56,Gold,Shopee,Bangkok,1201,CallCenter,COD,7,9,3,0,>50,40.03333333333333,6.0,0.0,0.0,-1,9,7973.59,0.33,0.16666666666666666,0.5,0.0,0.0,0,0,0.0,957.24,1,0,0.0,1477.7,2,0,0.0,47841.54,6,0,0.0,1
LGS2ORD0031985,C012978,2025-09-11 07:00:00,Female,50,Silver,Shopee,Khon Kaen,298,Web,Credit_Card,7,9,3,0,40-50,9.933333333333334,4.0,0.0,0.0,-1,48,1871.0225,0.25,1.0,0.25,0.0,0.0,0,0,0.0,0.0,0,0,0.0,1857.21,1,0,0.0,7484.09,4,0,0.0,0
LGS2ORD0031986,C017460,2025-09-11 07:00:00,Female,37,Silver,TV,Chiang Mai,1031,TV_Show,COD,7,9,3,0,30-40,34.36666666666667,3.0,1.0,0.3333333333333333,193,80,8535.986666666666,0.05,1.0,0.0,0.0,0.0,0,0,0.0,0.0,0,0,0.0,1407.61,1,0,0.0,25607.96,3,1,0.3333333333333333,0
LGS2ORD0031987,C010212,2025-09-11 07:00:00,Male,51,Bronze,Web,Bangkok,1542,Shopee,COD,7,9,3,0,>50,51.4,8.0,2.0,0.25,214,0,8871.122500000001,0.28,0.75,0.5,0.0,3839.31,1,0,0.0,3839.31,1,0,0.0,7536.85,2,0,0.0,70968.98000000001,8,2,0.25,0
LGS2ORD0031988,C013680,2025-09-11 08:00:00,Female,41,Silver,Web,Khon Kaen,629,Web,COD,8,9,3,0,40-50,20.966666666666665,6.0,1.0,0.16666666666666666,171,55,5020.886666666666,0.3,0.6666666666666666,0.16666666666666666,0.0,0.0,0,0,0.0,0.0,0,0,0.0,1159.78,1,0,0.0,30125.32,6,1,0.16666666666666666,0
LGS2ORD0031989,C017886,2025-09-11 08:00:00,Female,54,Silver,TV,Chiang Mai,657,Web,COD,8,9,3,0,>50,21.9,8.0,3.0,0.375,-4,9,5564.7375,0.3,0.625,0.375,0.0,0.0,0,0,0.0,1585.0,1,1,1.0,40424.03,6,1,0.16666666666666666,44517.9,8,3,0.375,0
LGS2ORD0031990,C016310,2025-09-11 08:00:00,Male,43,Silver,Web,Bangkok,1421,Shopee,COD,8,9,3,0,40-50,47.36666666666667,3.0,2.0,0.6666666666666666,9,18,3358.593333333333,0.3,1.0,1.0,0.0,0.0,0,0,0.0,562.43,1,1,1.0,3879.4199999999996,2,1,0.5,10075.779999999999,3,2,0.6666666666666666,0
LGS2ORD0031991,C014474,2025-09-11 08:00:00,Female,52,Bronze,TV,Khon Kaen,1493,Web,COD,8,9,3,0,>50,49.766666666666666,13.0,2.0,0.15384615384615385,128,34,4570.028461538462,0.23,0.6923076923076923,0.3076923076923077,0.0,0.0,0,0,0.0,0.0,0,0,0.0,8114.45,4,0,0.0,59410.37,13,2,0.15384615384615385,0
LGS2ORD0031992,C011507,2025-09-11 08:00:00,Male,35,Gold,Lazada,Bangkok,556,CallCenter,COD,8,9,3,0,30-40,18.533333333333335,6.0,0.0,0.0,-1,76,3227.6316666666667,0.2299999999999999,0.6666666666666666,0.16666666666666666,0.0,0.0,0,0,0.0,0.0,0,0,0.0,4511.09,2,0,0.0,19365.79,6,0,0.0,0
LGS2ORD0031993,C017221,2025-09-11 09:00:00,Female,29,Gold,Shopee,Bangkok,1600,TV_Show,Credit_Card,9,9,3,0,20-30,53.333333333333336,6.0,1.0,0.16666666666666666,90,60,9301.288333333332,0.28,0.16666666666666666,0.5,0.0,0.0,0,0,0.0,0.0,0,0,0.0,1186.45,1,0,0.0,55807.72999999999,6,1,0.16666666666666666,0
LGS2ORD0031994,C014336,2025-09-11 09:00:00,Male,56,Gold,Web,Chonburi,742,TV_Show,COD,9,9,3,0,>50,24.733333333333334,3.0,1.0,0.3333333333333333,191,174,4331.6,0.2299999999999999,1.0,0.3333333333333333,0.0,0.0,0,0,0.0,0.0,0,0,0.0,0.0,0,0,0.0,12994.800000000001,3,1,0.3333333333333333,0
LGS2ORD0031995,C013465,2025-09-11 09:00:00,Female,51,Bronze,TV,Chiang Mai,835,Lazada,Credit_Card,9,9,3,0,>50,27.833333333333332,4.0,0.0,0.0,-1,34,2661.7075000000004,0.08,0.25,0.0,0.0,0.0,0,0,0.0,0.0,0,0,0.0,1420.88,1,0,0.0,10646.830000000002,4,0,0.0,0
LGS2ORD0031996,C010573,2025-09-11 09:00:00,Female,45,Bronze,TV,Khon Kaen,363,Lazada,Bank_Transfer,9,9,3,0,40-50,12.1,4.0,1.0,0.25,0,8,4575.63,0.28,0.75,0.5,0.0,0.0,0,0,0.0,8661.1,2,1,0.5,12457.92,3,1,0.3333333333333333,18302.52,4,1,0.25,0
LGS2ORD0031997,C011009,2025-09-11 09:00:00,Female,72,Silver,Shopee,Chonburi,1552,TV_Show,COD,9,9,3,0,>50,51.733333333333334,5.0,1.0,0.2,134,45,1935.1680000000001,0.3,0.4,0.2,0.0,0.0,0,0,0.0,0.0,0,0,0.0,3171.41,2,0,0.0,9675.84,5,1,0.2,0
LGS2ORD0031998,C016420,2025-09-11 09:00:00,Female,33,Bronze,TV,Chiang Mai,1000,Shopee,COD,9,9,3,0,30-40,33.333333333333336,6.0,1.0,0.16666666666666666,241,34,8529.086666666666,0.23,0.5,0.3333333333333333,0.0,0.0,0,0,0.0,0.0,0,0,0.0,23649.85,1,0,0.0,51174.52,6,1,0.16666666666666666,0
LGS2ORD0031999,C012239,2025-09-11 10:00:00,Male,47,Silver,Shopee,Remote_Area,1714,Shopee,Credit_Card,10,9,3,0,40-50,57.13333333333333,8.0,3.0,0.375,117,24,3890.34125,0.3,0.625,0.375,0.0,0.0,0,0,0.0,2106.58,1,0,0.0,10520.22,2,0,0.0,31122.73,8,3,0.375,0
LGS2ORD0032000,C014484,2025-09-11 10:00:00,Male,53,Platinum,Lazada,Bangkok,1641,TV_Show,COD,10,9,3,0,>50,54.7,5.0,1.0,0.2,116,18,3613.9980000000005,0.25,0.2,0.4,0.0,0.0,0,0,0.0,536.08,1,0,0.0,8671.1,2,0,0.0,18069.99,5,1,0.2,0
LGS2ORD0032001,C012826,2025-09-11 10:00:00,Male,55,Bronze,Shopee,Chiang Mai,523,CallCenter,COD,10,9,3,0,>50,17.433333333333334,5.0,0.0,0.0,-1,110,4597.276,0.23,0.0,0.2,0.0,0.0,0,0,0.0,0.0,0,0,0.0,0.0,0,0,0.0,22986.379999999997,5,0,0.0,0
LGS2ORD0032002,C016029,2025-09-11 10:00:00,Male,43,Silver,Shopee,Khon Kaen,646,TV_Show,COD,10,9,3,0,40-50,21.533333333333335,9.0,2.0,0.2222222222222222,137,19,2435.4088888888887,0.3,0.7777777777777778,0.1111111111111111,0.0,0.0,0,0,0.0,817.19,1,0,0.0,4151.68,3,0,0.0,21918.679999999997,9,2,0.2222222222222222,1
LGS2ORD0032003,C016720,2025-09-11 10:00:00,Male,57,Bronze,Lazada,Songkhla,519,Lazada,COD,10,9,3,0,>50,17.3,8.0,3.0,0.375,42,38,4842.63875,0.23,0.375,0.375,0.0,0.0,0,0,0.0,0.0,0,0,0.0,1900.78,2,1,0.5,38741.11,8,3,0.375,1
LGS2ORD0032004,C010666,2025-09-11 11:00:00,Female,24,Silver,TV,Chiang Mai,718,Lazada,PromptPay,11,9,3,0,20-30,23.933333333333334,3.0,0.0,0.0,-1,113,6308.363333333334,0.25,0.6666666666666666,0.3333333333333333,0.0,0.0,0,0,0.0,0.0,0,0,0.0,0.0,0,0,0.0,18925.09,3,0,0.0,0
LGS2ORD0032005,C010193,2025-09-11 11:00:00,Female,50,Silver,TV,Chiang Mai,1033,TV_Show,Credit_Card,11,9,3,0,40-50,34.43333333333333,6.0,1.0,0.16666666666666666,175,9,2458.296666666667,0.3,0.5,0.16666666666666666,0.0,0.0,0,0,0.0,2243.9300000000003,2,0,0.0,2243.9300000000003,2,0,0.0,14749.780000000002,6,1,0.16666666666666666,0
LGS2ORD0032006,C011337,2025-09-11 11:00:00,Male,22,Bronze,TV,Remote_Area,737,CallCenter,COD,11,9,3,0,20-30,24.566666666666666,6.0,2.0,0.3333333333333333,39,13,3131.443333333333,0.23,0.3333333333333333,0.3333333333333333,0.0,0.0,0,0,0.0,2541.19,1,0,0.0,4170.42,2,1,0.5,18788.66,6,2,0.3333333333333333,0
LGS2ORD0032007,C010194,2025-09-11 11:00:00,Female,51,Gold,TV,Remote_Area,1687,TV_Show,Bank_Transfer,11,9,3,0,>50,56.233333333333334,4.0,2.0,0.5,67,80,4739.46,0.13,0.5,0.0,0.0,0.0,0,0,0.0,0.0,0,0,0.0,4496.06,2,1,0.5,18957.84,4,2,0.5,0
LGS2ORD0032008,C014694,2025-09-11 11:00:00,Female,40,Bronze,TV,Songkhla,1004,Lazada,COD,11,9,3,0,30-40,33.46666666666667,4.0,2.0,0.5,-15,0,1384.8174999999999,0.18,0.75,0.0,0.0,994.54,1,1,1.0,994.54,1,1,1.0,3703.02,3,2,0.6666666666666666,5539.2699999999995,4,2,0.5,1
LGS2ORD0032009,C010856,2025-09-11 12:00:00,Male,44,Silver,Shopee,Nakhon Ratchasima,1046,TV_Show,COD,12,9,3,0,40-50,34.86666666666667,2.0,1.0,0.5,1,14,2682.98,0.2,1.0,0.0,0.0,0.0,0,0,0.0,5365.96,2,1,0.5,5365.96,2,1,0.5,5365.96,2,1,0.5,1
LGS2ORD0032010,C010547,2025-09-11 12:00:00,Male,30,Silver,Lazada,Bangkok,456,CallCenter,COD,12,9,3,0,20-30,15.2,4.0,0.0,0.0,-1,31,2648.7124999999996,0.2,0.5,0.0,0.0,0.0,0,0,0.0,0.0,0,0,0.0,2971.67,2,0,0.0,10594.849999999999,4,0,0.0,1
LGS2ORD0032011,C012362,2025-09-11 12:00:00,Male,66,Silver,CallCenter,Remote_Area,919,TV_Show,PromptPay,12,9,3,0,>50,30.633333333333333,4.0,2.0,0.5,127,79,3611.7174999999997,0.2,1.0,0.0,0.0,0.0,0,0,0.0,0.0,0,0,0.0,8656.97,1,0,0.0,14446.869999999999,4,2,0.5,0
LGS2ORD0032012,C013892,2025-09-11 12:00:00,Female,28,Bronze,CallCenter,Bangkok,735,CallCenter,COD,12,9,3,0,20-30,24.5,6.0,1.0,0.16666666666666666,160,94,5257.063333333333,0.23,0.16666666666666666,0.3333333333333333,0.0,0.0,0,0,0.0,0.0,0,0,0.0,0.0,0,0,0.0,31542.379999999997,6,1,0.16666666666666666,1
LGS2ORD0032013,C012063,2025-09-11 12:00:00,Female,59,Silver,Shopee,Chiang Mai,1480,Shopee,COD,12,9,3,0,>50,49.333333333333336,3.0,0.0,0.0,-1,142,5222.633333333334,0.3,0.3333333333333333,0.3333333333333333,0.0,0.0,0,0,0.0,0.0,0,0,0.0,0.0,0,0,0.0,15667.900000000001,3,0,0.0,0
LGS2ORD0032014,C011458,2025-09-11 13:00:00,Female,47,Silver,TV,Remote_Area,637,CallCenter,Credit_Card,13,9,3,0,40-50,21.233333333333334,2.0,0.0,0.0,-1,50,1468.13,0.2,0.0,0.0,0.0,0.0,0,0,0.0,0.0,0,0,0.0,1922.29,1,0,0.0,2936.26,2,0,0.0,0
LGS2ORD0032015,C011619,2025-09-11 13:00:00,Female,35,Gold,TV,Bangkok,465,TV_Show,Credit_Card,13,9,3,0,30-40,15.5,1.0,1.0,1.0,216,229,3584.75,0.28,1.0,1.0,0.0,0.0,0,0,0.0,0.0,0,0,0.0,0.0,0,0,0.0,3584.75,1,1,1.0,0
LGS2ORD0032016,C011583,2025-09-11 13:00:00,Female,64,Silver,Web,Chiang Mai,1630,CallCenter,COD,13,9,3,0,>50,54.333333333333336,2.0,0.0,0.0,-1,27,12601.52,0.15,1.0,0.0,0.0,0.0,0,0,0.0,17782.52,1,0,0.0,25203.04,2,0,0.0,25203.04,2,0,0.0,1
LGS2ORD0032017,C013089,2025-09-11 13:00:00,Male,25,Bronze,Web,Songkhla,300,Lazada,PromptPay,13,9,3,0,20-30,10.0,5.0,2.0,0.4,7,19,5725.35,0.23,0.4,0.2,0.0,0.0,0,0,0.0,5697.23,1,1,1.0,9905.119999999999,3,2,0.6666666666666666,28626.75,5,2,0.4,0
LGS2ORD0032018,C015621,2025-09-11 13:00:00,Male,34,Gold,Web,Bangkok,410,Shopee,Bank_Transfer,13,9,3,0,30-40,13.666666666666666,1.0,0.0,0.0,-1,187,728.51,0.08,0.0,0.0,0.0,0.0,0,0,0.0,0.0,0,0,0.0,0.0,0,0,0.0,728.51,1,0,0.0,0
LGS2ORD0032019,C013822,2025-09-11 13:00:00,Male,45,Bronze,Lazada,Bangkok,757,TV_Show,COD,13,9,3,0,40-50,25.233333333333334,4.0,0.0,0.0,-1,33,7958.182500000001,0.28,0.25,0.75,0.0,0.0,0,0,0.0,0.0,0,0,0.0,1049.43,1,0,0.0,31832.730000000003,4,0,0.0,0
LGS2ORD0032020,C012227,2025-09-11 14:00:00,Female,48,Bronze,TV,Chiang Mai,1197,Web,COD,14,9,3,0,40-50,39.9,2.0,0.0,0.0,-1,43,5434.475,0.23,0.0,1.0,0.0,0.0,0,0,0.0,0.0,0,0,0.0,10868.95,2,0,0.0,10868.95,2,0,0.0,0
LGS2ORD0032021,C014125,2025-09-11 14:00:00,Female,45,Gold,CallCenter,Khon Kaen,487,Shopee,COD,14,9,3,0,40-50,16.233333333333334,5.0,0.0,0.0,-1,49,3944.2759999999994,0.33,0.8,0.4,0.0,0.0,0,0,0.0,0.0,0,0,0.0,1418.67,1,0,0.0,19721.379999999997,5,0,0.0,0
LGS2ORD0032022,C012634,2025-09-11 14:00:00,Male,26,Bronze,CallCenter,Chiang Mai,1039,CallCenter,COD,14,9,3,0,20-30,34.63333333333333,5.0,1.0,0.2,39,12,6746.923999999999,0.23,0.4,0.2,0.0,0.0,0,0,0.0,692.89,1,0,0.0,6648.39,2,1,0.5,33734.619999999995,5,1,0.2,0
LGS2ORD0032023,C015317,2025-09-11 14:00:00,Female,56,Bronze,TV,Songkhla,457,Lazada,COD,14,9,3,0,>50,15.233333333333333,4.0,0.0,0.0,-1,175,2343.22,0.28,1.0,0.25,0.0,0.0,0,0,0.0,0.0,0,0,0.0,0.0,0,0,0.0,9372.88,4,0,0.0,1
LGS2ORD0032024,C012361,2025-09-11 14:00:00,Male,37,Silver,TV,Remote_Area,1195,CallCenter,PromptPay,14,9,3,0,30-40,39.833333333333336,4.0,1.0,0.25,178,21,5534.0025000000005,0.25,0.75,0.25,0.0,0.0,0,0,0.0,3234.15,1,0,0.0,3234.15,1,0,0.0,22136.010000000002,4,1,0.25,1
LGS2ORD0032025,C012662,2025-09-11 15:00:00,Female,31,Silver,CallCenter,Chonburi,425,Shopee,COD,15,9,3,0,30-40,14.166666666666666,3.0,0.0,0.0,-1,132,1033.6166666666666,0.25,0.3333333333333333,0.3333333333333333,0.0,0.0,0,0,0.0,0.0,0,0,0.0,0.0,0,0,0.0,3100.85,3,0,0.0,0
LGS2ORD0032026,C012682,2025-09-11 15:00:00,Male,31,Silver,Web,Chonburi,308,CallCenter,COD,15,9,3,0,30-40,10.266666666666667,3.0,1.0,0.3333333333333333,145,104,18849.523333333334,0.25,1.0,0.3333333333333333,0.0,0.0,0,0,0.0,0.0,0,0,0.0,0.0,0,0,0.0,56548.57,3,1,0.3333333333333333,0
LGS2ORD0032027,C012219,2025-09-11 15:00:00,Female,42,Silver,TV,Bangkok,1123,Shopee,Credit_Card,15,9,3,0,40-50,37.43333333333333,3.0,1.0,0.3333333333333333,129,2,9882.846666666666,0.1,1.0,0.0,0.0,5146.84,1,0,0.0,5146.84,1,0,0.0,5146.84,1,0,0.0,29648.539999999997,3,1,0.3333333333333333,0
LGS2ORD0032028,C013280,2025-09-11 15:00:00,Female,29,Silver,TV,Remote_Area,1120,TV_Show,COD,15,9,3,0,20-30,37.333333333333336,3.0,2.0,0.6666666666666666,138,150,1062.6533333333334,0.2,0.3333333333333333,0.0,0.0,0.0,0,0,0.0,0.0,0,0,0.0,0.0,0,0,0.0,3187.96,3,2,0.6666666666666666,0
LGS2ORD0032029,C017513,2025-09-11 15:00:00,Other,47,Silver,Web,Remote_Area,381,Lazada,Bank_Transfer,15,9,3,0,40-50,12.7,2.0,1.0,0.5,18,34,2364.93,0.15,0.0,0.0,0.0,0.0,0,0,0.0,0.0,0,0,0.0,3508.89,1,1,1.0,4729.86,2,1,0.5,1
LGS2ORD0032030,C014839,2025-09-11 16:00:00,Male,49,Bronze,Shopee,Khon Kaen,1703,TV_Show,COD,16,9,3,0,40-50,56.766666666666666,7.0,2.0,0.2857142857142857,112,10,6430.5485714285705,0.28,0.2857142857142857,0.42857142857142855,0.0,0.0,0,0,0.0,2488.67,1,0,0.0,2488.67,1,0,0.0,45013.84,7,2,0.2857142857142857,0
LGS2ORD0032031,C010488,2025-09-11 16:00:00,Female,51,Silver,Web,Songkhla,462,Web,COD,16,9,3,0,>50,15.4,6.0,2.0,0.3333333333333333,98,6,10177.228333333333,0.3,0.6666666666666666,0.3333333333333333,0.0,3301.64,1,0,0.0,3301.64,1,0,0.0,3301.64,1,0,0.0,61063.369999999995,6,2,0.3333333333333333,0
LGS2ORD0032032,C013690,2025-09-11 16:00:00,Male,42,Silver,Web,Chiang Mai,1565,Web,COD,16,9,3,0,40-50,52.166666666666664,5.0,1.0,0.2,101,4,4040.7159999999994,0.3,0.4,0.4,0.0,799.17,1,0,0.0,14562.62,2,0,0.0,18998.949999999997,4,0,0.0,20203.579999999998,5,1,0.2,0
LGS2ORD0032033,C012376,2025-09-11 16:00:00,Male,44,Bronze,TV,Bangkok,1488,TV_Show,Credit_Card,16,9,3,0,40-50,49.6,2.0,0.0,0.0,-1,141,1894.8200000000002,0.23,1.0,0.5,0.0,0.0,0,0,0.0,0.0,0,0,0.0,0.0,0,0,0.0,3789.6400000000003,2,0,0.0,0
LGS2ORD0032034,C014594,2025-09-11 16:00:00,Female,41,Silver,CallCenter,Nakhon Ratchasima,1474,CallCenter,PromptPay,16,9,3,0,40-50,49.13333333333333,5.0,1.0,0.2,123,51,3861.218,0.2,0.8,0.0,0.0,0.0,0,0,0.0,0.0,0,0,0.0,693.32,1,0,0.0,19306.09,5,1,0.2,0
LGS2ORD0032035,C013848,2025-09-11 17:00:00,Female,38,Silver,CallCenter,Bangkok,1035,Shopee,COD,17,9,3,0,30-40,34.5,4.0,2.0,0.5,26,35,3784.3225,0.2,0.25,0.0,0.0,0.0,0,0,0.0,0.0,0,0,0.0,1797.61,1,1,1.0,15137.29,4,2,0.5,1
LGS2ORD0032036,C015929,2025-09-11 17:00:00,Female,40,Gold,Web,Bangkok,823,Shopee,COD,17,9,3,0,30-40,27.433333333333334,4.0,1.0,0.25,156,10,3295.32,0.33,0.0,0.5,0.0,0.0,0,0,0.0,1086.95,1,0,0.0,1086.95,1,0,0.0,13181.28,4,1,0.25,1
LGS2ORD0032037,C013337,2025-09-11 17:00:00,Male,21,Silver,Shopee,Nakhon Ratchasima,1629,TV_Show,COD,17,9,3,0,20-30,54.3,2.0,0.0,0.0,-1,78,1690.73,0.2,0.5,0.0,0.0,0.0,0,0,0.0,0.0,0,0,0.0,1392.84,1,0,0.0,3381.46,2,0,0.0,1
LGS2ORD0032038,C010026,2025-09-11 17:00:00,Female,51,Bronze,Web,Bangkok,780,Shopee,Bank_Transfer,17,9,3,0,>50,26.0,11.0,2.0,0.18181818181818182,167,4,6544.194545454547,0.28,0.5454545454545454,0.18181818181818182,0.0,15937.29,1,0,0.0,27902.870000000003,2,0,0.0,68317.79000000001,9,0,0.0,71986.14000000001,11,2,0.18181818181818182,0
LGS2ORD0032039,C011608,2025-09-11 17:00:00,Male,47,Silver,Lazada,Khon Kaen,833,Web,Credit_Card,17,9,3,0,40-50,27.766666666666666,7.0,1.0,0.14285714285714285,73,26,5968.174285714287,0.3,0.5714285714285714,0.2857142857142857,0.0,0.0,0,0,0.0,2950.79,1,0,0.0,19340.82,3,1,0.3333333333333333,41777.22000000001,7,1,0.14285714285714285,0
LGS2ORD0032040,C014460,2025-09-11 17:00:00,Male,38,Platinum,TV,Phuket,372,Shopee,COD,17,9,3,0,30-40,12.4,4.0,1.0,0.25,212,31,1992.9725,0.3,0.5,0.25,0.0,0.0,0,0,0.0,0.0,0,0,0.0,4246.47,1,0,0.0,7971.89,4,1,0.25,1
LGS2ORD0032041,C017858,2025-09-11 18:00:00,Male,30,Silver,TV,Remote_Area,445,Web,Credit_Card,18,9,3,0,20-30,14.833333333333334,6.0,2.0,0.3333333333333333,91,77,4616.89,0.2,0.6666666666666666,0.0,0.0,0.0,0,0,0.0,0.0,0,0,0.0,3834.75,1,0,0.0,27701.340000000004,6,2,0.3333333333333333,0
LGS2ORD0032042,C016765,2025-09-11 18:00:00,Female,44,Platinum,Shopee,Khon Kaen,1035,Shopee,Credit_Card,18,9,3,0,40-50,34.5,1.0,1.0,1.0,193,203,1508.4,0.15,0.0,0.0,0.0,0.0,0,0,0.0,0.0,0,0,0.0,0.0,0,0,0.0,1508.4,1,1,1.0,0
LGS2ORD0032043,C012051,2025-09-11 18:00:00,Male,52,Gold,Shopee,Chiang Mai,986,Lazada,COD,18,9,3,0,>50,32.86666666666667,5.0,1.0,0.2,228,24,12090.748,0.2299999999999999,0.6,0.4,0.0,0.0,0,0,0.0,1023.68,1,0,0.0,1023.68,1,0,0.0,60453.74,5,1,0.2,0
LGS2ORD0032044,C011326,2025-09-11 18:00:00,Female,46,Gold,Web,Bangkok,798,Lazada,COD,18,9,3,0,40-50,26.6,3.0,1.0,0.3333333333333333,161,108,3871.2299999999996,0.28,0.0,0.3333333333333333,0.0,0.0,0,0,0.0,0.0,0,0,0.0,0.0,0,0,0.0,11613.689999999999,3,1,0.3333333333333333,1
LGS2ORD0032045,C016202,2025-09-11 18:00:00,Male,55,Gold,TV,Chonburi,997,Lazada,COD,18,9,3,0,>50,33.233333333333334,2.0,0.0,0.0,-1,171,2690.1,0.33,0.5,0.5,0.0,0.0,0,0,0.0,0.0,0,0,0.0,0.0,0,0,0.0,5380.2,2,0,0.0,1
LGS2ORD0032046,C014585,2025-09-11 19:00:00,Male,55,Bronze,TV,Khon Kaen,791,CallCenter,COD,19,9,3,0,>50,26.366666666666667,5.0,0.0,0.0,-1,108,4116.066000000001,0.28,0.8,0.2,0.0,0.0,0,0,0.0,0.0,0,0,0.0,0.0,0,0,0.0,20580.33,5,0,0.0,0
LGS2ORD0032047,C015924,2025-09-11 19:00:00,Male,55,Gold,Shopee,Chiang Mai,526,TV_Show,COD,19,9,3,0,>50,17.533333333333335,3.0,1.0,0.3333333333333333,179,63,1433.1233333333332,0.18,0.0,0.0,0.0,0.0,0,0,0.0,0.0,0,0,0.0,1754.02,1,0,0.0,4299.37,3,1,0.3333333333333333,0
LGS2ORD0032048,C017616,2025-09-11 19:00:00,Male,42,Bronze,Shopee,Khon Kaen,403,Web,COD,19,9,3,0,40-50,13.433333333333334,2.0,0.0,0.0,-1,33,2832.65,0.08,1.0,0.0,0.0,0.0,0,0,0.0,0.0,0,0,0.0,2782.67,1,0,0.0,5665.3,2,0,0.0,0
LGS2ORD0032049,C013962,2025-09-11 19:00:00,Male,35,Bronze,Shopee,Chiang Mai,696,TV_Show,COD,19,9,3,0,30-40,23.2,6.0,1.0,0.16666666666666666,211,36,3958.653333333333,0.28,0.5,0.16666666666666666,0.0,0.0,0,0,0.0,0.0,0,0,0.0,12938.23,2,0,0.0,23751.92,6,1,0.16666666666666666,0
LGS2ORD0032050,C011631,2025-09-11 19:00:00,Female,60,Bronze,Lazada,Bangkok,1461,Shopee,COD,19,9,3,0,>50,48.7,3.0,1.0,0.3333333333333333,21,27,1641.9099999999999,0.28,0.6666666666666666,0.3333333333333333,0.0,0.0,0,0,0.0,1101.29,1,1,1.0,1101.29,1,1,1.0,4925.73,3,1,0.3333333333333333,0
LGS2ORD0032051,C017368,2025-09-11 20:00:00,Male,41,Silver,Web,Nakhon Ratchasima,1658,Shopee,COD,20,9,3,0,40-50,55.266666666666666,1.0,1.0,1.0,185,199,10096.42,0.2,1.0,0.0,0.0,0.0,0,0,0.0,0.0,0,0,0.0,0.0,0,0,0.0,10096.42,1,1,1.0,0
LGS2ORD0032052,C010962,2025-09-11 20:00:00,Female,39,Bronze,Shopee,Chonburi,968,TV_Show,COD,20,9,3,0,30-40,32.266666666666666,4.0,2.0,0.5,104,5,6333.715,0.28,1.0,0.25,0.0,4289.58,1,0,0.0,4289.58,1,0,0.0,4289.58,1,0,0.0,25334.86,4,2,0.5,0
LGS2ORD0032053,C012693,2025-09-11 20:00:00,Male,45,Platinum,Web,Chiang Mai,681,Shopee,Credit_Card,20,9,3,0,40-50,22.7,4.0,3.0,0.75,101,41,4801.145,0.35,0.75,0.75,0.0,0.0,0,0,0.0,0.0,0,0,0.0,740.5,1,0,0.0,19204.58,4,3,0.75,0
LGS2ORD0032054,C010984,2025-09-11 20:00:00,Female,60,Bronze,Shopee,Bangkok,400,Web,COD,20,9,3,0,>50,13.333333333333334,5.0,0.0,0.0,-1,14,6927.808,0.28,0.2,0.4,0.0,0.0,0,0,0.0,13854.87,1,0,0.0,32190.480000000003,4,0,0.0,34639.04,5,0,0.0,0
LGS2ORD0032055,C014004,2025-09-11 20:00:00,Male,53,Silver,CallCenter,Bangkok,1060,CallCenter,COD,20,9,3,0,>50,35.333333333333336,3.0,1.0,0.3333333333333333,121,27,1618.13,0.1,0.3333333333333333,0.0,0.0,0.0,0,0,0.0,1696.49,1,0,0.0,1696.49,1,0,0.0,4854.39,3,1,0.3333333333333333,0
LGS2ORD0032056,C014363,2025-09-11 20:00:00,Male,49,Gold,Web,Phuket,1177,TV_Show,Credit_Card,20,9,3,0,40-50,39.233333333333334,3.0,1.0,0.3333333333333333,239,167,2043.9566666666667,0.2299999999999999,1.0,0.3333333333333333,0.0,0.0,0,0,0.0,0.0,0,0,0.0,0.0,0,0,0.0,6131.87,3,1,0.3333333333333333,0
LGS2ORD0032057,C017984,2025-09-11 21:00:00,Female,61,Bronze,Lazada,Khon Kaen,1549,Shopee,COD,21,9,3,0,>50,51.63333333333333,7.0,4.0,0.5714285714285714,7,20,8006.08,0.23,0.5714285714285714,0.14285714285714285,0.0,0.0,0,0,0.0,12246.3,2,2,1.0,25567.17,3,3,1.0,56042.56,7,4,0.5714285714285714,0
LGS2ORD0032058,C011776,2025-09-11 21:00:00,Female,40,Silver,CallCenter,Songkhla,1695,TV_Show,COD,21,9,3,0,30-40,56.5,0.0,0.0,0.0,-1,-1,0.0,0.0,0.0,0.0,0.0,0.0,0,0,0.0,0.0,0,0,0.0,0.0,0,0,0.0,0.0,0,0,0.0,1
LGS2ORD0032059,C015829,2025-09-11 21:00:00,Female,25,Silver,Shopee,Phuket,1450,Shopee,PromptPay,21,9,3,0,20-30,48.333333333333336,2.0,1.0,0.5,180,27,7480.1849999999995,0.25,1.0,0.5,0.0,0.0,0,0,0.0,13543.0,1,0,0.0,13543.0,1,0,0.0,14960.369999999999,2,1,0.5,1
LGS2ORD0032060,C011804,2025-09-11 21:00:00,Male,45,Bronze,TV,Khon Kaen,850,CallCenter,Credit_Card,21,9,3,0,40-50,28.333333333333332,4.0,0.0,0.0,-1,18,1842.57,0.23,0.75,0.25,0.0,0.0,0,0,0.0,2326.13,1,0,0.0,3677.78,2,0,0.0,7370.28,4,0,0.0,0
LGS2ORD0032061,C014914,2025-09-11 21:00:00,Male,38,Silver,TV,Chiang Mai,856,Lazada,Bank_Transfer,21,9,3,0,30-40,28.533333333333335,2.0,0.0,0.0,-1,199,573.475,0.25,0.5,0.5,0.0,0.0,0,0,0.0,0.0,0,0,0.0,0.0,0,0,0.0,1146.95,2,0,0.0,0
LGS2ORD0032062,C012916,2025-09-11 22:00:00,Male,59,Silver,Web,Bangkok,850,TV_Show,PromptPay,22,9,3,0,>50,28.333333333333332,3.0,1.0,0.3333333333333333,105,98,1829.54,0.25,0.3333333333333333,0.3333333333333333,0.0,0.0,0,0,0.0,0.0,0,0,0.0,0.0,0,0,0.0,5488.62,3,1,0.3333333333333333,0
LGS2ORD0032063,C017517,2025-09-11 22:00:00,Female,56,Silver,CallCenter,Khon Kaen,788,Shopee,COD,22,9,3,0,>50,26.266666666666666,7.0,2.0,0.2857142857142857,14,19,7277.769999999999,0.3,0.5714285714285714,0.2857142857142857,0.0,0.0,0,0,0.0,829.47,1,1,1.0,1064.21,2,1,0.5,50944.38999999999,7,2,0.2857142857142857,0
LGS2ORD0032064,C017264,2025-09-11 22:00:00,Male,61,Bronze,TV,Phuket,1493,CallCenter,COD,22,9,3,0,>50,49.766666666666666,4.0,2.0,0.5,24,31,10537.6,0.18,0.75,0.0,0.0,0.0,0,0,0.0,0.0,0,0,0.0,38992.33,2,1,0.5,42150.4,4,2,0.5,0
LGS2ORD0032065,C017897,2025-09-11 22:00:00,Female,26,Gold,TV,Bangkok,1383,Web,COD,22,9,3,0,20-30,46.1,2.0,1.0,0.5,213,229,4024.355,0.33,0.0,0.5,0.0,0.0,0,0,0.0,0.0,0,0,0.0,0.0,0,0,0.0,8048.71,2,1,0.5,0
LGS2ORD0032066,C011535,2025-09-11 22:00:00,Female,65,Bronze,Shopee,Chonburi,509,TV_Show,PromptPay,22,9,3,0,>50,16.966666666666665,2.0,1.0,0.5,111,121,2017.665,0.23,0.0,0.5,0.0,0.0,0,0,0.0,0.0,0,0,0.0,0.0,0,0,0.0,4035.33,2,1,0.5,0
LGS2ORD0032067,C017042,2025-09-11 23:00:00,Male,43,Bronze,Web,Bangkok,285,CallCenter,PromptPay,23,9,3,0,40-50,9.5,3.0,0.0,0.0,-1,29,14836.123333333331,0.23,0.0,0.3333333333333333,0.0,0.0,0,0,0.0,754.03,1,0,0.0,21239.379999999997,2,0,0.0,44508.369999999995,3,0,0.0,0
LGS2ORD0032068,C015860,2025-09-11 23:00:00,Female,49,Bronze,Lazada,Bangkok,850,Shopee,COD,23,9,3,0,40-50,28.333333333333332,2.0,0.0,0.0,-1,19,5568.695,0.18,0.5,0.0,0.0,0.0,0,0,0.0,9537.4,1,0,0.0,9537.4,1,0,0.0,11137.39,2,0,0.0,0
LGS2ORD0032069,C011448,2025-09-11 23:00:00,Male,65,Silver,Lazada,Bangkok,1110,TV_Show,COD,23,9,3,0,>50,37.0,2.0,0.0,0.0,-1,59,12369.985,0.05,1.0,0.0,0.0,0.0,0,0,0.0,0.0,0,0,0.0,21719.54,1,0,0.0,24739.97,2,0,0.0,0
LGS2ORD0032070,C012338,2025-09-11 23:00:00,Male,21,Bronze,Web,Khon Kaen,1673,Shopee,Bank_Transfer,23,9,3,0,20-30,55.766666666666666,4.0,3.0,0.75,26,28,4565.4425,0.28,0.75,0.5,0.0,0.0,0,0,0.0,3569.44,1,0,0.0,14528.59,2,1,0.5,18261.77,4,3,0.75,1
LGS2ORD0032071,C016028,2025-09-11 23:00:00,Female,39,Silver,TV,Nakhon Ratchasima,933,CallCenter,Bank_Transfer,23,9,3,0,30-40,31.1,5.0,1.0,0.2,187,54,3480.9559999999997,0.3,0.6,0.2,0.0,0.0,0,0,0.0,0.0,0,0,0.0,792.61,1,0,0.0,17404.78,5,1,0.2,1
LGS2ORD0032072,C011208,2025-09-12 00:00:00,Female,56,Bronze,TV,Chonburi,467,Lazada,COD,0,9,4,0,>50,15.566666666666666,4.0,0.0,0.0,-1,21,15067.992499999998,0.23,0.5,0.5,0.0,0.0,0,0,0.0,12198.53,1,0,0.0,12198.53,1,0,0.0,60271.969999999994,4,0,0.0,1
LGS2ORD0032073,C011626,2025-09-12 00:00:00,Male,36,Bronze,Web,Songkhla,1232,Web,COD,0,9,4,0,30-40,41.06666666666667,2.0,2.0,1.0,56,69,5308.07,0.18,0.5,0.0,0.0,0.0,0,0,0.0,0.0,0,0,0.0,5745.33,1,1,1.0,10616.14,2,2,1.0,1
LGS2ORD0032074,C014087,2025-09-12 00:00:00,Female,69,Bronze,TV,Phuket,623,CallCenter,Credit_Card,0,9,4,0,>50,20.766666666666666,10.0,5.0,0.5,40,44,13123.885,0.28,0.9,0.3,0.1,0.0,0,0,0.0,0.0,0,0,0.0,54840.119999999995,4,2,0.5,131238.85,10,5,0.5,1
LGS2ORD0032075,C016444,2025-09-12 00:00:00,Female,21,Platinum,TV,Bangkok,433,Lazada,COD,0,9,4,0,20-30,14.433333333333334,4.0,0.0,0.0,-1,12,3480.7599999999998,0.3,0.75,0.25,0.0,0.0,0,0,0.0,1296.24,1,0,0.0,4115.74,2,0,0.0,13923.039999999999,4,0,0.0,0
LGS2ORD0032076,C014264,2025-09-12 00:00:00,Female,41,Bronze,Shopee,Chiang Mai,951,CallCenter,Credit_Card,0,9,4,0,40-50,31.7,5.0,1.0,0.2,91,101,10211.905999999999,0.23,0.8,0.2,0.0,0.0,0,0,0.0,0.0,0,0,0.0,0.0,0,0,0.0,51059.53,5,1,0.2,0
LGS2ORD0032077,C014167,2025-09-12 00:00:00,Male,28,Bronze,Web,Bangkok,424,CallCenter,PromptPay,0,9,4,0,20-30,14.133333333333333,2.0,1.0,0.5,207,46,3741.74,0.23,0.5,1.0,0.0,0.0,0,0,0.0,0.0,0,0,0.0,1515.54,1,0,0.0,7483.48,2,1,0.5,0
LGS2ORD0032078,C015192,2025-09-12 01:00:00,Female,30,Silver,Lazada,Phuket,580,CallCenter,COD,1,9,4,0,20-30,19.333333333333332,4.0,1.0,0.25,43,45,1359.4175,0.3,0.0,0.5,0.0,0.0,0,0,0.0,0.0,0,0,0.0,3575.6400000000003,2,1,0.5,5437.67,4,1,0.25,1
LGS2ORD0032079,C011578,2025-09-12 01:00:00,Male,49,Bronze,Lazada,Chiang Mai,1300,Shopee,Bank_Transfer,1,9,4,0,40-50,43.333333333333336,4.0,1.0,0.25,113,98,11503.782500000001,0.18,0.5,0.0,0.0,0.0,0,0,0.0,0.0,0,0,0.0,0.0,0,0,0.0,46015.130000000005,4,1,0.25,0
LGS2ORD0032080,C010699,2025-09-12 01:00:00,Female,34,Platinum,Shopee,Bangkok,766,Lazada,Credit_Card,1,9,4,0,30-40,25.533333333333335,4.0,1.0,0.25,202,84,8200.960000000001,0.3,0.5,0.5,0.0,0.0,0,0,0.0,0.0,0,0,0.0,5295.8,1,0,0.0,32803.840000000004,4,1,0.25,0
LGS2ORD0032081,C012857,2025-09-12 01:00:00,Male,54,Bronze,Web,Chonburi,893,Web,Credit_Card,1,9,4,0,>50,29.766666666666666,3.0,2.0,0.6666666666666666,149,141,3453.4666666666667,0.18,1.0,0.0,0.0,0.0,0,0,0.0,0.0,0,0,0.0,0.0,0,0,0.0,10360.4,3,2,0.6666666666666666,0
LGS2ORD0032082,C017181,2025-09-12 01:00:00,Female,25,Silver,TV,Bangkok,1710,Web,Credit_Card,1,9,4,0,20-30,57.0,4.0,1.0,0.25,62,7,2109.7575,0.3,0.5,0.25,0.0,0.0,0,0,0.0,999.58,1,0,0.0,2040.2600000000002,2,1,0.5,8439.03,4,1,0.25,0
LGS2ORD0032083,C011405,2025-09-12 02:00:00,Male,54,Platinum,TV,Bangkok,1694,TV_Show,Bank_Transfer,2,9,4,0,>50,56.46666666666667,1.0,0.0,0.0,-1,195,4988.21,0.35,0.0,1.0,0.0,0.0,0,0,0.0,0.0,0,0,0.0,0.0,0,0,0.0,4988.21,1,0,0.0,0
LGS2ORD0032084,C017007,2025-09-12 02:00:00,Male,39,Bronze,CallCenter,Chonburi,945,Shopee,COD,2,9,4,0,30-40,31.5,3.0,0.0,0.0,-1,90,1044.3833333333334,0.23,0.6666666666666666,0.3333333333333333,0.0,0.0,0,0,0.0,0.0,0,0,0.0,0.0,0,0,0.0,3133.15,3,0,0.0,0
LGS2ORD0032085,C012533,2025-09-12 02:00:00,Female,31,Bronze,Shopee,Bangkok,823,Shopee,COD,2,9,4,0,30-40,27.433333333333334,6.0,0.0,0.0,-1,27,5468.901666666668,0.28,0.5,0.16666666666666666,0.0,0.0,0,0,0.0,6269.77,1,0,0.0,12742.61,3,0,0.0,32813.41,6,0,0.0,0
LGS2ORD0032086,C013588,2025-09-12 02:00:00,Male,45,Bronze,Web,Remote_Area,482,Lazada,COD,2,9,4,0,40-50,16.066666666666666,7.0,2.0,0.2857142857142857,153,40,8352.314285714285,0.23,0.8571428571428571,0.14285714285714285,0.0,0.0,0,0,0.0,0.0,0,0,0.0,10813.84,3,0,0.0,58466.2,7,2,0.2857142857142857,1
LGS2ORD0032087,C011357,2025-09-12 02:00:00,Female,44,Bronze,TV,Nakhon Ratchasima,1104,Shopee,Credit_Card,2,9,4,0,40-50,36.8,7.0,1.0,0.14285714285714285,44,34,2472.932857142857,0.23,0.5714285714285714,0.2857142857142857,0.0,0.0,0,0,0.0,0.0,0,0,0.0,11238.65,3,1,0.3333333333333333,17310.53,7,1,0.14285714285714285,0
LGS2ORD0032088,C016154,2025-09-12 03:00:00,Other,58,Bronze,Shopee,Songkhla,301,Lazada,Bank_Transfer,3,9,4,0,>50,10.033333333333333,6.0,2.0,0.3333333333333333,216,116,3781.6866666666665,0.28,0.5,0.16666666666666666,0.0,0.0,0,0,0.0,0.0,0,0,0.0,0.0,0,0,0.0,22690.12,6,2,0.3333333333333333,0
LGS2ORD0032089,C010180,2025-09-12 03:00:00,Female,43,Gold,Lazada,Bangkok,1569,TV_Show,Credit_Card,3,9,4,0,40-50,52.3,4.0,2.0,0.5,31,30,5935.97,0.2299999999999999,0.0,0.25,0.0,0.0,0,0,0.0,0.0,0,0,0.0,11455.710000000001,2,1,0.5,23743.88,4,2,0.5,1
LGS2ORD0032090,C015842,2025-09-12 03:00:00,Male,31,Gold,Web,Bangkok,1290,Lazada,Credit_Card,3,9,4,0,30-40,43.0,5.0,1.0,0.2,211,47,3715.0440000000003,0.28,0.6,0.8,0.0,0.0,0,0,0.0,0.0,0,0,0.0,6644.51,2,0,0.0,18575.22,5,1,0.2,0
LGS2ORD0032091,C016380,2025-09-12 03:00:00,Female,60,Bronze,Web,Khon Kaen,784,Web,COD,3,9,4,0,>50,26.133333333333333,7.0,3.0,0.42857142857142855,10,12,4021.085714285714,0.23,0.5714285714285714,0.14285714285714285,0.0,0.0,0,0,0.0,5421.66,2,1,0.5,6361.13,3,1,0.3333333333333333,28147.6,7,3,0.42857142857142855,0
LGS2ORD0032092,C014595,2025-09-12 03:00:00,Female,41,Silver,Shopee,Chiang Mai,1132,Shopee,COD,3,9,4,0,40-50,37.733333333333334,7.0,1.0,0.14285714285714285,95,2,4622.054285714285,0.3,0.5714285714285714,0.2857142857142857,0.0,1877.51,1,0,0.0,11227.27,2,0,0.0,12324.230000000001,3,0,0.0,32354.379999999994,7,1,0.14285714285714285,0
LGS2ORD0032093,C011457,2025-09-12 04:00:00,Female,47,Silver,TV,Khon Kaen,366,Lazada,COD,4,9,4,0,40-50,12.2,4.0,0.0,0.0,-1,1,2589.59,0.25,0.5,0.25,0.0,349.18,1,0,0.0,5936.64,3,0,0.0,10358.36,4,0,0.0,10358.36,4,0,0.0,0
LGS2ORD0032094,C015705,2025-09-12 04:00:00,Female,62,Bronze,TV,Phuket,1507,Shopee,PromptPay,4,9,4,0,>50,50.233333333333334,1.0,0.0,0.0,-1,221,3329.03,0.13,0.0,0.0,0.0,0.0,0,0,0.0,0.0,0,0,0.0,0.0,0,0,0.0,3329.03,1,0,0.0,0
LGS2ORD0032095,C011890,2025-09-12 04:00:00,Female,44,Bronze,TV,Khon Kaen,696,Shopee,COD,4,9,4,0,40-50,23.2,3.0,1.0,0.3333333333333333,26,35,1960.8166666666666,0.28,0.0,0.6666666666666666,0.0,0.0,0,0,0.0,0.0,0,0,0.0,3768.94,1,1,1.0,5882.45,3,1,0.3333333333333333,0
LGS2ORD0032096,C017871,2025-09-12 04:00:00,Male,45,Silver,TV,Chiang Mai,1356,Web,COD,4,9,4,0,40-50,45.2,4.0,1.0,0.25,234,117,7491.787499999999,0.25,0.5,0.5,0.0,0.0,0,0,0.0,0.0,0,0,0.0,0.0,0,0,0.0,29967.149999999998,4,1,0.25,0
LGS2ORD0032097,C016014,2025-09-12 04:00:00,Male,36,Silver,Lazada,Khon Kaen,851,Lazada,COD,4,9,4,0,30-40,28.366666666666667,3.0,2.0,0.6666666666666666,117,109,2430.9133333333334,0.2,0.6666666666666666,0.0,0.0,0.0,0,0,0.0,0.0,0,0,0.0,0.0,0,0,0.0,7292.74,3,2,0.6666666666666666,0
LGS2ORD0032098,C014108,2025-09-12 04:00:00,Male,66,Silver,TV,Khon Kaen,659,TV_Show,Credit_Card,4,9,4,0,>50,21.966666666666665,4.0,1.0,0.25,233,150,8810.3175,0.3,0.5,0.5,0.0,0.0,0,0,0.0,0.0,0,0,0.0,0.0,0,0,0.0,35241.27,4,1,0.25,0
LGS2ORD0032099,C011422,2025-09-12 05:00:00,Male,29,Bronze,TV,Bangkok,904,Shopee,COD,5,9,4,0,20-30,30.133333333333333,4.0,2.0,0.5,67,64,13600.32,0.18,0.5,0.0,0.0,0.0,0,0,0.0,0.0,0,0,0.0,11414.27,3,1,0.3333333333333333,54401.28,4,2,0.5,0
LGS2ORD0032100,C016009,2025-09-12 05:00:00,Male,45,Bronze,TV,Chiang Mai,1649,Web,COD,5,9,4,0,40-50,54.96666666666667,4.0,0.0,0.0,-1,64,1550.815,0.08,0.5,0.0,0.0,0.0,0,0,0.0,0.0,0,0,0.0,1637.6,1,0,0.0,6203.26,4,0,0.0,0
LGS2ORD0032101,C017995,2025-09-12 05:00:00,Female,37,Silver,Web,Songkhla,544,Web,COD,5,9,4,0,30-40,18.133333333333333,3.0,2.0,0.6666666666666666,14,20,3601.7599999999998,0.3,0.6666666666666666,0.3333333333333333,0.0,0.0,0,0,0.0,5105.23,1,1,1.0,5105.23,1,1,1.0,10805.279999999999,3,2,0.6666666666666666,1
LGS2ORD0032102,C011501,2025-09-12 05:00:00,Female,56,Bronze,TV,Remote_Area,1164,CallCenter,Credit_Card,5,9,4,0,>50,38.8,8.0,2.0,0.25,-6,10,7333.47375,0.28,0.625,0.25,0.0,0.0,0,0,0.0,15872.52,3,1,0.3333333333333333,23921.01,4,1,0.25,58667.79,8,2,0.25,0
LGS2ORD0032103,C017656,2025-09-12 05:00:00,Male,59,Bronze,TV,Nakhon Ratchasima,1659,Shopee,COD,5,9,4,0,>50,55.3,4.0,1.0,0.25,1,8,2163.735,0.28,1.0,0.25,0.0,0.0,0,0,0.0,3873.3100000000004,2,1,0.5,5975.79,3,1,0.3333333333333333,8654.94,4,1,0.25,0
LGS2ORD0032104,C017274,2025-09-12 06:00:00,Male,18,Silver,Lazada,Bangkok,411,Web,COD,6,9,4,0,<20,13.7,3.0,1.0,0.3333333333333333,215,111,4678.346666666667,0.3,1.0,0.6666666666666666,0.0,0.0,0,0,0.0,0.0,0,0,0.0,0.0,0,0,0.0,14035.04,3,1,0.3333333333333333,0
LGS2ORD0032105,C014972,2025-09-12 06:00:00,Male,30,Bronze,CallCenter,Nakhon Ratchasima,1532,Web,COD,6,9,4,0,20-30,51.06666666666667,5.0,0.0,0.0,-1,69,15786.223999999998,0.28,0.2,0.4,0.0,0.0,0,0,0.0,0.0,0,0,0.0,949.4,1,0,0.0,78931.12,5,0,0.0,0
LGS2ORD0032106,C016613,2025-09-12 06:00:00,Female,33,Silver,Web,Chiang Mai,452,Lazada,Credit_Card,6,9,4,0,30-40,15.066666666666666,3.0,0.0,0.0,-1,74,4091.5899999999997,0.2,1.0,0.0,0.0,0.0,0,0,0.0,0.0,0,0,0.0,4790.32,2,0,0.0,12274.769999999999,3,0,0.0,0
LGS2ORD0032107,C015372,2025-09-12 06:00:00,Male,39,Bronze,Web,Remote_Area,812,TV_Show,COD,6,9,4,0,30-40,27.066666666666666,6.0,2.0,0.3333333333333333,92,69,8121.454999999998,0.28,0.3333333333333333,0.16666666666666666,0.0,0.0,0,0,0.0,0.0,0,0,0.0,5397.35,2,0,0.0,48728.72999999999,6,2,0.3333333333333333,0
LGS2ORD0032108,C015831,2025-09-12 06:00:00,Male,49,Bronze,Shopee,Bangkok,830,Lazada,COD,6,9,4,0,40-50,27.666666666666668,6.0,1.0,0.16666666666666666,182,68,7268.7666666666655,0.18,0.6666666666666666,0.0,0.0,0.0,0,0,0.0,0.0,0,0,0.0,1195.09,1,0,0.0,43612.59999999999,6,1,0.16666666666666666,0
LGS2ORD0032109,C017495,2025-09-12 07:00:00,Male,24,Bronze,CallCenter,Bangkok,950,Web,Credit_Card,7,9,4,0,20-30,31.666666666666668,2.0,2.0,1.0,80,84,6651.745,0.18,0.5,0.0,0.0,0.0,0,0,0.0,0.0,0,0,0.0,5095.1,1,1,1.0,13303.49,2,2,1.0,0
LGS2ORD0032110,C016035,2025-09-12 07:00:00,Female,38,Silver,Lazada,Chonburi,1472,CallCenter,COD,7,9,4,0,30-40,49.06666666666667,4.0,2.0,0.5,85,97,4422.1025,0.2,0.25,0.0,0.0,0.0,0,0,0.0,0.0,0,0,0.0,0.0,0,0,0.0,17688.41,4,2,0.5,1
LGS2ORD0032111,C012976,2025-09-12 07:00:00,Female,51,Gold,TV,Remote_Area,316,TV_Show,Bank_Transfer,7,9,4,0,>50,10.533333333333333,7.0,2.0,0.2857142857142857,45,59,3649.4585714285713,0.28,0.5714285714285714,0.2857142857142857,0.0,0.0,0,0,0.0,0.0,0,0,0.0,10970.11,3,2,0.6666666666666666,25546.21,7,2,0.2857142857142857,1
LGS2ORD0032112,C014920,2025-09-12 07:00:00,Male,68,Bronze,CallCenter,Chiang Mai,1079,Web,PromptPay,7,9,4,0,>50,35.96666666666667,4.0,2.0,0.5,83,47,3833.8575,0.23,0.5,0.75,0.0,0.0,0,0,0.0,0.0,0,0,0.0,4897.36,1,0,0.0,15335.43,4,2,0.5,0
LGS2ORD0032113,C017038,2025-09-12 07:00:00,Male,39,Gold,CallCenter,Phuket,772,Shopee,COD,7,9,4,0,30-40,25.733333333333334,4.0,1.0,0.25,209,100,7774.3575,0.33,0.25,0.5,0.0,0.0,0,0,0.0,0.0,0,0,0.0,0.0,0,0,0.0,31097.43,4,1,0.25,1
LGS2ORD0032114,C012371,2025-09-12 08:00:00,Female,46,Bronze,TV,Khon Kaen,1684,Shopee,COD,8,9,4,0,40-50,56.13333333333333,5.0,2.0,0.4,75,59,4959.402,0.28,0.6,0.2,0.0,0.0,0,0,0.0,0.0,0,0,0.0,13639.019999999999,3,1,0.3333333333333333,24797.010000000002,5,2,0.4,1
LGS2ORD0032115,C011355,2025-09-12 08:00:00,Male,49,Bronze,TV,Bangkok,954,TV_Show,COD,8,9,4,0,40-50,31.8,3.0,0.0,0.0,-1,54,7864.446666666667,0.18,0.3333333333333333,0.0,0.0,0.0,0,0,0.0,0.0,0,0,0.0,22140.57,2,0,0.0,23593.34,3,0,0.0,1
LGS2ORD0032116,C015046,2025-09-12 08:00:00,Male,64,Silver,Lazada,Songkhla,545,CallCenter,PromptPay,8,9,4,0,>50,18.166666666666668,3.0,1.0,0.3333333333333333,133,74,4120.73,0.2,0.0,0.0,0.0,0.0,0,0,0.0,0.0,0,0,0.0,1445.81,1,0,0.0,12362.189999999999,3,1,0.3333333333333333,0
LGS2ORD0032117,C011994,2025-09-12 08:00:00,Male,47,Silver,TV,Chonburi,1062,CallCenter,COD,8,9,4,0,40-50,35.4,8.0,1.0,0.125,146,3,3363.6625,0.3,0.75,0.375,0.0,337.66,1,0,0.0,337.66,1,0,0.0,337.66,1,0,0.0,26909.3,8,1,0.125,0
LGS2ORD0032118,C014515,2025-09-12 08:00:00,Male,58,Gold,Web,Bangkok,922,Lazada,COD,8,9,4,0,>50,30.733333333333334,1.0,0.0,0.0,-1,153,9077.01,0.2299999999999999,0.0,1.0,0.0,0.0,0,0,0.0,0.0,0,0,0.0,0.0,0,0,0.0,9077.01,1,0,0.0,0
LGS2ORD0032119,C012310,2025-09-12 08:00:00,Male,31,Bronze,Lazada,Nakhon Ratchasima,1244,Lazada,COD,8,9,4,0,30-40,41.46666666666667,5.0,1.0,0.2,22,33,2206.6079999999997,0.23,0.4,0.2,0.0,0.0,0,0,0.0,0.0,0,0,0.0,1401.4,1,1,1.0,11033.039999999999,5,1,0.2,0
LGS2ORD0032120,C011462,2025-09-12 09:00:00,Female,47,Silver,TV,Phuket,1364,Shopee,COD,9,9,4,0,40-50,45.46666666666667,7.0,1.0,0.14285714285714285,123,81,5193.824285714286,0.2,0.5714285714285714,0.0,0.0,0.0,0,0,0.0,0.0,0,0,0.0,5795.64,1,0,0.0,36356.770000000004,7,1,0.14285714285714285,1
LGS2ORD0032121,C013871,2025-09-12 09:00:00,Female,46,Silver,TV,Bangkok,1349,TV_Show,Credit_Card,9,9,4,0,40-50,44.96666666666667,3.0,0.0,0.0,-1,52,2784.9933333333333,0.2,0.6666666666666666,0.0,0.0,0.0,0,0,0.0,0.0,0,0,0.0,8354.98,3,0,0.0,8354.98,3,0,0.0,0
LGS2ORD0032122,C012194,2025-09-12 09:00:00,Female,30,Bronze,TV,Bangkok,1068,Shopee,COD,9,9,4,0,20-30,35.6,6.0,1.0,0.16666666666666666,204,17,2476.2416666666663,0.28,0.5,0.5,0.0,0.0,0,0,0.0,5708.17,1,0,0.0,10041.57,3,0,0.0,14857.449999999999,6,1,0.16666666666666666,0
LGS2ORD0032123,C016794,2025-09-12 09:00:00,Female,33,Bronze,Web,Chonburi,1507,Lazada,PromptPay,9,9,4,0,30-40,50.233333333333334,3.0,0.0,0.0,-1,57,7839.846666666667,0.18,0.3333333333333333,0.0,0.0,0.0,0,0,0.0,0.0,0,0,0.0,22964.89,2,0,0.0,23519.54,3,0,0.0,1
LGS2ORD0032124,C016203,2025-09-12 09:00:00,Male,46,Bronze,Shopee,Remote_Area,1491,Lazada,Credit_Card,9,9,4,0,40-50,49.7,6.0,0.0,0.0,-1,7,3184.116666666667,0.28,0.8333333333333334,0.6666666666666666,0.0,0.0,0,0,0.0,1255.0,1,0,0.0,1255.0,1,0,0.0,19104.7,6,0,0.0,1
LGS2ORD0032125,C011353,2025-09-12 10:00:00,Male,27,Bronze,TV,Remote_Area,441,Shopee,COD,10,9,4,0,20-30,14.7,3.0,1.0,0.3333333333333333,153,123,7680.45,0.13,0.6666666666666666,0.0,0.0,0.0,0,0,0.0,0.0,0,0,0.0,0.0,0,0,0.0,23041.35,3,1,0.3333333333333333,0
LGS2ORD0032126,C012277,2025-09-12 10:00:00,Male,34,Gold,Shopee,Bangkok,468,Web,PromptPay,10,9,4,0,30-40,15.6,2.0,0.0,0.0,-1,31,2164.6800000000003,0.2299999999999999,0.0,0.5,0.0,0.0,0,0,0.0,0.0,0,0,0.0,1133.75,1,0,0.0,4329.360000000001,2,0,0.0,0
LGS2ORD0032127,C012824,2025-09-12 10:00:00,Female,51,Silver,TV,Remote_Area,1113,Web,COD,10,9,4,0,>50,37.1,3.0,1.0,0.3333333333333333,97,48,4780.95,0.3,0.3333333333333333,0.6666666666666666,0.0,0.0,0,0,0.0,0.0,0,0,0.0,1837.21,1,0,0.0,14342.849999999999,3,1,0.3333333333333333,0
LGS2ORD0032128,C016654,2025-09-12 10:00:00,Male,52,Bronze,TV,Khon Kaen,360,Shopee,Credit_Card,10,9,4,0,>50,12.0,4.0,0.0,0.0,-1,11,11865.355000000001,0.18,0.75,0.0,0.0,0.0,0,0,0.0,2171.58,1,0,0.0,2171.58,1,0,0.0,47461.420000000006,4,0,0.0,0
LGS2ORD0032129,C011538,2025-09-12 10:00:00,Female,55,Bronze,TV,Phuket,524,Web,COD,10,9,4,0,>50,17.466666666666665,8.0,3.0,0.375,153,28,5894.2125,0.28,0.625,0.25,0.0,0.0,0,0,0.0,6978.22,1,0,0.0,7958.950000000001,2,0,0.0,47153.7,8,3,0.375,1
LGS2ORD0032130,C013498,2025-09-12 11:00:00,Female,55,Bronze,Web,Chonburi,1134,Shopee,Bank_Transfer,11,9,4,0,>50,37.8,2.0,1.0,0.5,222,115,9832.91,0.23,0.5,0.5,0.0,0.0,0,0,0.0,0.0,0,0,0.0,0.0,0,0,0.0,19665.82,2,1,0.5,0
LGS2ORD0032131,C012024,2025-09-12 11:00:00,Male,35,Silver,Web,Bangkok,1665,TV_Show,COD,11,9,4,0,30-40,55.5,9.0,2.0,0.2222222222222222,43,42,6512.22,0.25,0.6666666666666666,0.3333333333333333,0.0,0.0,0,0,0.0,0.0,0,0,0.0,6827.400000000001,2,1,0.5,58609.98,9,2,0.2222222222222222,0
LGS2ORD0032132,C015128,2025-09-12 11:00:00,Female,33,Gold,Web,Chonburi,765,Lazada,COD,11,9,4,0,30-40,25.5,2.0,1.0,0.5,186,79,11855.555,0.08,0.0,0.0,0.0,0.0,0,0,0.0,0.0,0,0,0.0,21544.2,1,0,0.0,23711.11,2,1,0.5,0
LGS2ORD0032133,C017854,2025-09-12 11:00:00,Male,69,Silver,Shopee,Remote_Area,1077,CallCenter,COD,11,9,4,0,>50,35.9,7.0,4.0,0.5714285714285714,15,20,5143.980000000001,0.3,0.8571428571428571,0.2857142857142857,0.0,0.0,0,0,0.0,554.98,1,1,1.0,15396.52,2,2,1.0,36007.86000000001,7,4,0.5714285714285714,0
LGS2ORD0032134,C011020,2025-09-12 11:00:00,Female,47,Bronze,Lazada,Chiang Mai,1615,Shopee,Bank_Transfer,11,9,4,0,40-50,53.833333333333336,2.0,0.0,0.0,-1,189,1483.52,0.13,0.0,0.0,0.0,0.0,0,0,0.0,0.0,0,0,0.0,0.0,0,0,0.0,2967.04,2,0,0.0,0
LGS2ORD0032135,C013268,2025-09-12 12:00:00,Female,19,Gold,Web,Chonburi,1361,TV_Show,Bank_Transfer,12,9,4,0,<20,45.36666666666667,3.0,0.0,0.0,-1,30,1936.5366666666669,0.13,0.0,0.0,0.0,0.0,0,0,0.0,0.0,0,0,0.0,1829.93,1,0,0.0,5809.610000000001,3,0,0.0,0
LGS2ORD0032136,C015027,2025-09-12 12:00:00,Male,33,Platinum,Web,Bangkok,1338,Web,PromptPay,12,9,4,0,30-40,44.6,0.0,0.0,0.0,-1,-1,0.0,0.0,0.0,0.0,0.0,0.0,0,0,0.0,0.0,0,0,0.0,0.0,0,0,0.0,0.0,0,0,0.0,0
LGS2ORD0032137,C017840,2025-09-12 12:00:00,Male,39,Bronze,Shopee,Chiang Mai,317,TV_Show,Bank_Transfer,12,9,4,0,30-40,10.566666666666666,5.0,1.0,0.2,114,125,5419.08,0.23,0.4,0.2,0.0,0.0,0,0,0.0,0.0,0,0,0.0,0.0,0,0,0.0,27095.399999999998,5,1,0.2,0
LGS2ORD0032138,C014070,2025-09-12 12:00:00,Male,42,Bronze,CallCenter,Nakhon Ratchasima,862,CallCenter,COD,12,9,4,0,40-50,28.733333333333334,9.0,1.0,0.1111111111111111,226,53,2764.338888888889,0.23,0.5555555555555556,0.3333333333333333,0.0,0.0,0,0,0.0,0.0,0,0,0.0,3295.34,3,0,0.0,24879.05,9,1,0.1111111111111111,1
LGS2ORD0032139,C012769,2025-09-12 12:00:00,Male,57,Bronze,TV,Remote_Area,1562,Shopee,COD,12,9,4,0,>50,52.06666666666667,4.0,3.0,0.75,63,76,10222.0825,0.28,1.0,0.25,0.0,0.0,0,0,0.0,0.0,0,0,0.0,2346.82,1,1,1.0,40888.33,4,3,0.75,0
LGS2ORD0032140,C014044,2025-09-12 12:00:00,Male,33,Bronze,CallCenter,Bangkok,1024,Shopee,Bank_Transfer,12,9,4,0,30-40,34.13333333333333,4.0,1.0,0.25,114,41,2482.32,0.28,0.5,0.5,0.0,0.0,0,0,0.0,0.0,0,0,0.0,3752.61,2,0,0.0,9929.28,4,1,0.25,0
LGS2ORD0032141,C011107,2025-09-12 13:00:00,Male,39,Silver,Web,Remote_Area,443,CallCenter,COD,13,9,4,0,30-40,14.766666666666667,1.0,1.0,1.0,52,70,9291.98,0.05,1.0,0.0,0.0,0.0,0,0,0.0,0.0,0,0,0.0,9291.98,1,1,1.0,9291.98,1,1,1.0,0
LGS2ORD0032142,C017550,2025-09-12 13:00:00,Female,57,Silver,TV,Bangkok,1276,CallCenter,COD,13,9,4,0,>50,42.53333333333333,5.0,0.0,0.0,-1,80,11121.565999999999,0.3,0.8,0.2,0.0,0.0,0,0,0.0,0.0,0,0,0.0,11459.65,2,0,0.0,55607.829999999994,5,0,0.0,0
LGS2ORD0032143,C011199,2025-09-12 13:00:00,Male,47,Gold,Lazada,Bangkok,1133,Shopee,Bank_Transfer,13,9,4,0,40-50,37.766666666666666,6.0,1.0,0.16666666666666666,7,8,5058.418333333334,0.33,0.3333333333333333,0.3333333333333333,0.0,0.0,0,0,0.0,19806.800000000003,3,1,0.3333333333333333,27717.620000000003,4,1,0.25,30350.510000000002,6,1,0.16666666666666666,0
LGS2ORD0032144,C017890,2025-09-12 13:00:00,Female,27,Bronze,TV,Remote_Area,271,Shopee,COD,13,9,4,0,20-30,9.033333333333333,1.0,0.0,0.0,-1,80,1877.53,0.18,0.0,0.0,0.0,0.0,0,0,0.0,0.0,0,0,0.0,1877.53,1,0,0.0,1877.53,1,0,0.0,1
LGS2ORD0032145,C010834,2025-09-12 13:00:00,Female,54,Gold,TV,Remote_Area,1711,Web,COD,13,9,4,0,>50,57.03333333333333,1.0,0.0,0.0,-1,113,1750.44,0.33,1.0,1.0,0.0,0.0,0,0,0.0,0.0,0,0,0.0,0.0,0,0,0.0,1750.44,1,0,0.0,1
LGS2ORD0032146,C010184,2025-09-12 14:00:00,Female,54,Silver,Shopee,Chiang Mai,1636,Web,Credit_Card,14,9,4,0,>50,54.53333333333333,1.0,0.0,0.0,-1,239,14118.19,0.1,1.0,0.0,0.0,0.0,0,0,0.0,0.0,0,0,0.0,0.0,0,0,0.0,14118.19,1,0,0.0,0
LGS2ORD0032147,C011440,2025-09-12 14:00:00,Female,41,Bronze,Web,Khon Kaen,995,Web,Credit_Card,14,9,4,0,40-50,33.166666666666664,4.0,0.0,0.0,-1,72,6606.395,0.23,0.25,0.25,0.0,0.0,0,0,0.0,0.0,0,0,0.0,1109.02,1,0,0.0,26425.58,4,0,0.0,0
LGS2ORD0032148,C010117,2025-09-12 14:00:00,Female,24,Bronze,Shopee,Bangkok,1602,Lazada,COD,14,9,4,0,20-30,53.4,4.0,1.0,0.25,38,23,13407.279999999999,0.18,0.75,0.0,0.0,0.0,0,0,0.0,36531.95,1,0,0.0,45758.5,2,1,0.5,53629.119999999995,4,1,0.25,0
LGS2ORD0032149,C014866,2025-09-12 14:00:00,Male,50,Bronze,Lazada,Bangkok,1074,TV_Show,COD,14,9,4,0,40-50,35.8,1.0,0.0,0.0,-1,205,1101.07,0.08,1.0,0.0,0.0,0.0,0,0,0.0,0.0,0,0,0.0,0.0,0,0,0.0,1101.07,1,0,0.0,0
LGS2ORD0032150,C017627,2025-09-12 14:00:00,Male,45,Bronze,Shopee,Bangkok,268,Lazada,PromptPay,14,9,4,0,40-50,8.933333333333334,4.0,1.0,0.25,227,25,9560.84,0.23,0.5,0.25,0.0,0.0,0,0,0.0,3967.74,1,0,0.0,3967.74,1,0,0.0,38243.36,4,1,0.25,0
LGS2ORD0032151,C014726,2025-09-12 15:00:00,Female,38,Gold,TV,Chiang Mai,322,Web,COD,15,9,4,0,30-40,10.733333333333333,10.0,2.0,0.2,40,13,7984.803000000002,0.33,0.5,0.4,0.0,0.0,0,0,0.0,6273.79,1,0,0.0,23663.780000000002,4,1,0.25,79848.03000000001,10,2,0.2,1
LGS2ORD0032152,C013832,2025-09-12 15:00:00,Female,32,Bronze,Web,Songkhla,512,Web,Credit_Card,15,9,4,0,30-40,17.066666666666666,2.0,2.0,1.0,11,22,3697.965,0.23,0.0,0.5,0.0,0.0,0,0,0.0,1560.68,1,1,1.0,1560.68,1,1,1.0,7395.93,2,2,1.0,1
LGS2ORD0032153,C011549,2025-09-12 15:00:00,Other,51,Gold,TV,Nakhon Ratchasima,1067,Shopee,Credit_Card,15,9,4,0,>50,35.56666666666667,4.0,2.0,0.5,1,12,1945.8600000000001,0.2299999999999999,0.75,0.25,0.0,0.0,0,0,0.0,4877.07,2,2,1.0,6009.200000000001,3,2,0.6666666666666666,7783.4400000000005,4,2,0.5,0
LGS2ORD0032154,C010346,2025-09-12 15:00:00,Female,25,Bronze,Lazada,Nakhon Ratchasima,1173,TV_Show,PromptPay,15,9,4,0,20-30,39.1,5.0,0.0,0.0,-1,22,5273.746,0.23,0.6,0.4,0.0,0.0,0,0,0.0,2778.57,2,0,0.0,2778.57,2,0,0.0,26368.73,5,0,0.0,0
LGS2ORD0032155,C016603,2025-09-12 15:00:00,Female,36,Bronze,Web,Remote_Area,918,Lazada,COD,15,9,4,0,30-40,30.6,6.0,0.0,0.0,-1,22,11222.195,0.23,0.3333333333333333,0.16666666666666666,0.0,0.0,0,0,0.0,21220.43,2,0,0.0,47205.77999999999,4,0,0.0,67333.17,6,0,0.0,1
LGS2ORD0032156,C017063,2025-09-12 16:00:00,Male,61,Bronze,TV,Remote_Area,1355,Lazada,COD,16,9,4,0,>50,45.166666666666664,4.0,0.0,0.0,-1,2,4675.2425,0.18,0.75,0.0,0.0,4151.66,1,0,0.0,4151.66,1,0,0.0,9675.98,2,0,0.0,18700.97,4,0,0.0,0
LGS2ORD0032157,C015088,2025-09-12 16:00:00,Female,72,Platinum,Lazada,Bangkok,551,Shopee,COD,16,9,4,0,>50,18.366666666666667,1.0,0.0,0.0,-1,5,918.53,0.25,0.0,1.0,0.0,918.53,1,0,0.0,918.53,1,0,0.0,918.53,1,0,0.0,918.53,1,0,0.0,0
LGS2ORD0032158,C017109,2025-09-12 16:00:00,Female,60,Bronze,TV,Khon Kaen,1690,Shopee,Bank_Transfer,16,9,4,0,>50,56.333333333333336,3.0,1.0,0.3333333333333333,14,24,2487.2466666666664,0.23,0.6666666666666666,0.3333333333333333,0.0,0.0,0,0,0.0,2081.13,1,1,1.0,5759.75,2,1,0.5,7461.74,3,1,0.3333333333333333,0
LGS2ORD0032159,C011198,2025-09-12 16:00:00,Male,46,Bronze,Shopee,Chonburi,1667,CallCenter,COD,16,9,4,0,40-50,55.56666666666667,4.0,2.0,0.5,26,35,8323.3525,0.18,0.75,0.0,0.0,0.0,0,0,0.0,0.0,0,0,0.0,20113.57,2,2,1.0,33293.41,4,2,0.5,0
LGS2ORD0032160,C011791,2025-09-12 16:00:00,Male,55,Bronze,Lazada,Chiang Mai,548,TV_Show,Credit_Card,16,9,4,0,>50,18.266666666666666,6.0,1.0,0.16666666666666666,-9,1,6392.6466666666665,0.18,0.6666666666666666,0.0,0.0,1738.42,1,1,1.0,1738.42,1,1,1.0,18349.93,4,1,0.25,38355.88,6,1,0.16666666666666666,0
LGS2ORD0032161,C014000,2025-09-12 16:00:00,Female,54,Bronze,Shopee,Bangkok,640,Lazada,Credit_Card,16,9,4,0,>50,21.333333333333332,8.0,1.0,0.125,73,4,5891.5375,0.28,0.625,0.5,0.0,3003.65,1,0,0.0,3003.65,1,0,0.0,11881.24,4,1,0.25,47132.3,8,1,0.125,0
LGS2ORD0032162,C013580,2025-09-12 17:00:00,Male,37,Silver,Web,Khon Kaen,1111,Shopee,Bank_Transfer,17,9,4,0,30-40,37.03333333333333,2.0,1.0,0.5,156,77,1457.955,0.2,0.5,0.0,0.0,0.0,0,0,0.0,0.0,0,0,0.0,1816.14,1,0,0.0,2915.91,2,1,0.5,0
LGS2ORD0032163,C016227,2025-09-12 17:00:00,Female,57,Platinum,Lazada,Chonburi,769,Shopee,Credit_Card,17,9,4,0,>50,25.633333333333333,6.0,3.0,0.5,21,29,4178.751666666667,0.25,0.5,0.16666666666666666,0.0,0.0,0,0,0.0,5197.08,1,1,1.0,12212.77,3,1,0.3333333333333333,25072.510000000002,6,3,0.5,0
LGS2ORD0032164,C015108,2025-09-12 17:00:00,Male,30,Bronze,Lazada,Nakhon Ratchasima,786,CallCenter,Credit_Card,17,9,4,0,20-30,26.2,6.0,2.0,0.3333333333333333,136,3,7849.218333333333,0.13,0.5,0.0,0.0,3705.07,1,0,0.0,3705.07,1,0,0.0,15358.289999999999,2,0,0.0,47095.31,6,2,0.3333333333333333,0
LGS2ORD0032165,C017855,2025-09-12 17:00:00,Male,44,Platinum,Web,Chonburi,1617,Web,PromptPay,17,9,4,0,40-50,53.9,7.0,2.0,0.2857142857142857,27,17,9742.497142857143,0.3,0.42857142857142855,0.7142857142857143,0.0,0.0,0,0,0.0,7602.56,1,0,0.0,55864.93,3,1,0.3333333333333333,68197.48,7,2,0.2857142857142857,0
LGS2ORD0032166,C015917,2025-09-12 17:00:00,Female,50,Gold,CallCenter,Nakhon Ratchasima,1629,Shopee,COD,17,9,4,0,40-50,54.3,3.0,0.0,0.0,-1,11,3980.6800000000003,0.33,1.0,0.3333333333333333,0.0,0.0,0,0,0.0,1659.34,1,0,0.0,1659.34,1,0,0.0,11942.04,3,0,0.0,0
LGS2ORD0032167,C017237,2025-09-12 18:00:00,Female,59,Silver,Lazada,Bangkok,1188,CallCenter,Credit_Card,18,9,4,0,>50,39.6,6.0,1.0,0.16666666666666666,183,109,5405.331666666668,0.25,0.6666666666666666,0.3333333333333333,0.0,0.0,0,0,0.0,0.0,0,0,0.0,0.0,0,0,0.0,32431.990000000005,6,1,0.16666666666666666,0
LGS2ORD0032168,C016793,2025-09-12 18:00:00,Male,47,Silver,Lazada,Bangkok,412,CallCenter,COD,18,9,4,0,40-50,13.733333333333333,3.0,0.0,0.0,-1,32,9122.793333333333,0.15,0.0,0.0,0.0,0.0,0,0,0.0,0.0,0,0,0.0,25711.260000000002,2,0,0.0,27368.379999999997,3,0,0.0,0
LGS2ORD0032169,C015505,2025-09-12 18:00:00,Female,39,Gold,Lazada,Chiang Mai,1035,TV_Show,Credit_Card,18,9,4,0,30-40,34.5,0.0,0.0,0.0,-1,-1,0.0,0.0,0.0,0.0,0.0,0.0,0,0,0.0,0.0,0,0,0.0,0.0,0,0,0.0,0.0,0,0,0.0,0
LGS2ORD0032170,C012960,2025-09-12 18:00:00,Female,50,Gold,TV,Chiang Mai,617,Lazada,COD,18,9,4,0,40-50,20.566666666666666,1.0,0.0,0.0,-1,215,2252.05,0.28,1.0,1.0,0.0,0.0,0,0,0.0,0.0,0,0,0.0,0.0,0,0,0.0,2252.05,1,0,0.0,0
LGS2ORD0032171,C012495,2025-09-12 18:00:00,Female,38,Silver,Shopee,Nakhon Ratchasima,890,TV_Show,COD,18,9,4,0,30-40,29.666666666666668,3.0,1.0,0.3333333333333333,122,110,3046.4466666666667,0.25,0.6666666666666666,0.6666666666666666,0.0,0.0,0,0,0.0,0.0,0,0,0.0,0.0,0,0,0.0,9139.34,3,1,0.3333333333333333,0
LGS2ORD0032172,C015954,2025-09-12 19:00:00,Female,58,Bronze,TV,Remote_Area,910,Shopee,COD,19,9,4,0,>50,30.333333333333332,4.0,1.0,0.25,71,35,7828.3675,0.23,0.75,0.75,0.0,0.0,0,0,0.0,0.0,0,0,0.0,10122.17,2,1,0.5,31313.47,4,1,0.25,0
LGS2ORD0032173,C016891,2025-09-12 19:00:00,Female,49,Bronze,TV,Khon Kaen,984,TV_Show,COD,19,9,4,0,40-50,32.8,6.0,1.0,0.16666666666666666,21,29,5367.331666666666,0.23,0.5,0.3333333333333333,0.0,0.0,0,0,0.0,11775.18,1,1,1.0,13602.710000000001,2,1,0.5,32203.989999999998,6,1,0.16666666666666666,0
LGS2ORD0032174,C014086,2025-09-12 19:00:00,Male,50,Bronze,Web,Chonburi,1168,Lazada,COD,19,9,4,0,40-50,38.93333333333333,6.0,2.0,0.3333333333333333,28,33,6558.061666666667,0.28,0.3333333333333333,0.16666666666666666,0.0,0.0,0,0,0.0,0.0,0,0,0.0,7437.19,1,1,1.0,39348.37,6,2,0.3333333333333333,0
LGS2ORD0032175,C016399,2025-09-12 19:00:00,Male,59,Gold,TV,Chonburi,480,Lazada,Credit_Card,19,9,4,0,>50,16.0,3.0,1.0,0.3333333333333333,231,127,1559.25,0.28,0.6666666666666666,0.6666666666666666,0.0,0.0,0,0,0.0,0.0,0,0,0.0,0.0,0,0,0.0,4677.75,3,1,0.3333333333333333,0
LGS2ORD0032176,C015562,2025-09-12 19:00:00,Male,42,Bronze,TV,Bangkok,1667,Shopee,PromptPay,19,9,4,0,40-50,55.56666666666667,3.0,0.0,0.0,-1,39,9005.6,0.28,0.3333333333333333,0.3333333333333333,0.0,0.0,0,0,0.0,0.0,0,0,0.0,27016.8,3,0,0.0,27016.8,3,0,0.0,0
LGS2ORD0032177,C017071,2025-09-12 19:00:00,Female,47,Bronze,Lazada,Chonburi,279,CallCenter,Bank_Transfer,19,9,4,0,40-50,9.3,3.0,0.0,0.0,-1,25,3501.943333333333,0.18,0.6666666666666666,0.0,0.0,0.0,0,0,0.0,7913.53,1,0,0.0,7913.53,1,0,0.0,10505.83,3,0,0.0,0
LGS2ORD0032178,C015831,2025-09-12 20:00:00,Male,49,Bronze,Shopee,Bangkok,830,Shopee,Credit_Card,20,9,4,0,40-50,27.666666666666668,7.0,1.0,0.14285714285714285,182,0,6509.127142857142,0.18,0.7142857142857143,0.0,0.0,1951.29,1,0,0.0,1951.29,1,0,0.0,3146.38,2,0,0.0,45563.88999999999,7,1,0.14285714285714285,1
LGS2ORD0032179,C014053,2025-09-12 20:00:00,Male,47,Bronze,TV,Bangkok,817,Lazada,COD,20,9,4,0,40-50,27.233333333333334,4.0,1.0,0.25,140,18,1860.8874999999998,0.18,0.75,0.0,0.0,0.0,0,0,0.0,1996.98,1,0,0.0,5525.73,3,0,0.0,7443.549999999999,4,1,0.25,0
LGS2ORD0032180,C016435,2025-09-12 20:00:00,Male,46,Silver,Web,Bangkok,1283,TV_Show,PromptPay,20,9,4,0,40-50,42.766666666666666,3.0,0.0,0.0,-1,6,4678.843333333333,0.25,0.0,0.3333333333333333,0.0,8750.79,1,0,0.0,8750.79,1,0,0.0,8750.79,1,0,0.0,14036.53,3,0,0.0,0
LGS2ORD0032181,C011289,2025-09-12 20:00:00,Female,37,Silver,Shopee,Remote_Area,977,Shopee,COD,20,9,4,0,30-40,32.56666666666667,5.0,0.0,0.0,-1,34,7810.639999999999,0.2,0.4,0.0,0.0,0.0,0,0,0.0,0.0,0,0,0.0,25518.16,2,0,0.0,39053.2,5,0,0.0,0
LGS2ORD0032182,C016986,2025-09-12 20:00:00,Female,29,Silver,Shopee,Phuket,1667,TV_Show,Credit_Card,20,9,4,0,20-30,55.56666666666667,1.0,0.0,0.0,-1,39,5099.93,0.05,1.0,0.0,0.0,0.0,0,0,0.0,0.0,0,0,0.0,5099.93,1,0,0.0,5099.93,1,0,0.0,0
LGS2ORD0032183,C014138,2025-09-12 21:00:00,Other,30,Silver,Web,Chonburi,1213,Lazada,COD,21,9,4,0,20-30,40.43333333333333,1.0,0.0,0.0,-1,249,2168.12,0.05,0.0,0.0,0.0,0.0,0,0,0.0,0.0,0,0,0.0,0.0,0,0,0.0,2168.12,1,0,0.0,1
LGS2ORD0032184,C010614,2025-09-12 21:00:00,Male,27,Platinum,Lazada,Khon Kaen,1099,Web,PromptPay,21,9,4,0,20-30,36.63333333333333,1.0,0.0,0.0,-1,161,29855.91,0.1,0.0,0.0,0.0,0.0,0,0,0.0,0.0,0,0,0.0,0.0,0,0,0.0,29855.91,1,0,0.0,0
LGS2ORD0032185,C016744,2025-09-12 21:00:00,Female,27,Bronze,Web,Khon Kaen,1511,Shopee,COD,21,9,4,0,20-30,50.36666666666667,5.0,1.0,0.2,81,88,6114.114,0.28,0.2,0.4,0.0,0.0,0,0,0.0,0.0,0,0,0.0,3449.39,1,1,1.0,30570.57,5,1,0.2,0
LGS2ORD0032186,C011280,2025-09-12 21:00:00,Male,29,Silver,Web,Bangkok,653,TV_Show,PromptPay,21,9,4,0,20-30,21.766666666666666,3.0,1.0,0.3333333333333333,239,39,1434.5266666666666,0.2,0.6666666666666666,0.0,0.0,0.0,0,0,0.0,0.0,0,0,0.0,664.68,1,0,0.0,4303.58,3,1,0.3333333333333333,0
LGS2ORD0032187,C012988,2025-09-12 21:00:00,Male,48,Bronze,Shopee,Nakhon Ratchasima,1454,TV_Show,PromptPay,21,9,4,0,40-50,48.46666666666667,3.0,0.0,0.0,-1,109,634.3733333333333,0.18,1.0,0.0,0.0,0.0,0,0,0.0,0.0,0,0,0.0,0.0,0,0,0.0,1903.12,3,0,0.0,0
LGS2ORD0032188,C011249,2025-09-12 22:00:00,Female,52,Bronze,TV,Remote_Area,1264,Shopee,COD,22,9,4,0,>50,42.13333333333333,3.0,2.0,0.6666666666666666,89,6,3087.263333333334,0.18,0.6666666666666666,0.0,0.0,2059.2,1,0,0.0,2059.2,1,0,0.0,2059.2,1,0,0.0,9261.79,3,2,0.6666666666666666,0
LGS2ORD0032189,C014086,2025-09-12 22:00:00,Male,50,Bronze,Web,Chonburi,1168,CallCenter,PromptPay,22,9,4,0,40-50,38.93333333333333,7.0,2.0,0.2857142857142857,28,0,6566.044285714286,0.28,0.42857142857142855,0.14285714285714285,0.0,6613.94,1,0,0.0,6613.94,1,0,0.0,14051.13,2,1,0.5,45962.310000000005,7,2,0.2857142857142857,0
LGS2ORD0032190,C012993,2025-09-12 22:00:00,Male,47,Bronze,Lazada,Nakhon Ratchasima,317,Shopee,COD,22,9,4,0,40-50,10.566666666666666,6.0,2.0,0.3333333333333333,155,12,7361.043333333334,0.28,0.5,0.6666666666666666,0.0,0.0,0,0,0.0,8336.31,1,0,0.0,9844.25,2,0,0.0,44166.26,6,2,0.3333333333333333,0
LGS2ORD0032191,C012372,2025-09-12 22:00:00,Female,40,Platinum,TV,Chiang Mai,289,TV_Show,Credit_Card,22,9,4,0,30-40,9.633333333333333,8.0,3.0,0.375,87,18,7507.677500000001,0.35,0.5,0.625,0.0,0.0,0,0,0.0,20055.88,2,0,0.0,26924.15,4,0,0.0,60061.420000000006,8,3,0.375,0
LGS2ORD0032192,C010545,2025-09-12 22:00:00,Female,35,Bronze,TV,Chiang Mai,928,Lazada,COD,22,9,4,0,30-40,30.933333333333334,5.0,0.0,0.0,-1,8,2111.5539999999996,0.23,0.2,0.4,0.0,0.0,0,0,0.0,7075.16,3,0,0.0,9626.74,4,0,0.0,10557.769999999999,5,0,0.0,0
LGS2ORD0032193,C014858,2025-09-12 23:00:00,Male,30,Gold,Shopee,Remote_Area,1376,Shopee,COD,23,9,4,0,20-30,45.86666666666667,5.0,2.0,0.4,12,11,5379.371999999999,0.28,0.4,0.6,0.0,0.0,0,0,0.0,3841.37,2,1,0.5,19441.01,3,2,0.6666666666666666,26896.859999999997,5,2,0.4,0
LGS2ORD0032194,C011701,2025-09-12 23:00:00,Female,54,Bronze,Web,Phuket,434,Web,COD,23,9,4,0,>50,14.466666666666667,7.0,3.0,0.42857142857142855,175,114,6839.392857142857,0.28,0.42857142857142855,0.2857142857142857,0.0,0.0,0,0,0.0,0.0,0,0,0.0,0.0,0,0,0.0,47875.75,7,3,0.42857142857142855,0
LGS2ORD0032195,C010147,2025-09-12 23:00:00,Male,50,Silver,TV,Songkhla,767,TV_Show,COD,23,9,4,0,40-50,25.566666666666666,6.0,1.0,0.16666666666666666,53,65,6984.243333333332,0.25,0.0,0.3333333333333333,0.0,0.0,0,0,0.0,0.0,0,0,0.0,1664.57,1,1,1.0,41905.45999999999,6,1,0.16666666666666666,0
LGS2ORD0032196,C015783,2025-09-12 23:00:00,Female,44,Gold,CallCenter,Chonburi,773,TV_Show,PromptPay,23,9,4,0,40-50,25.766666666666666,3.0,0.0,0.0,-1,108,2422.2833333333333,0.33,0.3333333333333333,0.3333333333333333,0.0,0.0,0,0,0.0,0.0,0,0,0.0,0.0,0,0,0.0,7266.849999999999,3,0,0.0,0
LGS2ORD0032197,C010944,2025-09-12 23:00:00,Female,41,Bronze,Lazada,Khon Kaen,1146,Lazada,COD,23,9,4,0,40-50,38.2,5.0,2.0,0.4,46,59,2505.382,0.23,0.4,0.2,0.0,0.0,0,0,0.0,0.0,0,0,0.0,6997.280000000001,3,2,0.6666666666666666,12526.91,5,2,0.4,0
LGS2ORD0032198,C012271,2025-09-12 23:00:00,Female,42,Bronze,CallCenter,Chonburi,545,Web,Bank_Transfer,23,9,4,0,40-50,18.166666666666668,7.0,1.0,0.14285714285714285,160,3,8875.492857142857,0.23,0.7142857142857143,0.14285714285714285,0.0,433.24,1,0,0.0,433.24,1,0,0.0,18987.04,2,0,0.0,62128.450000000004,7,1,0.14285714285714285,0
LGS2ORD0032199,C015716,2025-09-13 00:00:00,Male,27,Bronze,Lazada,Chiang Mai,864,Shopee,COD,0,9,5,1,20-30,28.8,5.0,1.0,0.2,207,68,1857.0900000000001,0.23,0.6,0.2,0.0,0.0,0,0,0.0,0.0,0,0,0.0,574.8,1,0,0.0,9285.45,5,1,0.2,0
LGS2ORD0032200,C014409,2025-09-13 00:00:00,Female,50,Bronze,Web,Nakhon Ratchasima,478,TV_Show,COD,0,9,5,1,40-50,15.933333333333334,4.0,1.0,0.25,190,60,2456.3625,0.23,0.75,0.5,0.0,0.0,0,0,0.0,0.0,0,0,0.0,489.54,1,0,0.0,9825.45,4,1,0.25,0
LGS2ORD0032201,C016845,2025-09-13 00:00:00,Female,44,Bronze,TV,Nakhon Ratchasima,1085,Shopee,COD,0,9,5,1,40-50,36.166666666666664,6.0,1.0,0.16666666666666666,239,23,4676.031666666667,0.23,0.6666666666666666,0.16666666666666666,0.0,0.0,0,0,0.0,3546.75,1,0,0.0,3546.75,1,0,0.0,28056.190000000002,6,1,0.16666666666666666,0
LGS2ORD0032202,C014802,2025-09-13 00:00:00,Female,39,Silver,Web,Phuket,720,Lazada,Credit_Card,0,9,5,1,30-40,24.0,3.0,0.0,0.0,-1,113,8864.426666666666,0.25,0.0,0.3333333333333333,0.0,0.0,0,0,0.0,0.0,0,0,0.0,0.0,0,0,0.0,26593.28,3,0,0.0,0
LGS2ORD0032203,C016040,2025-09-13 00:00:00,Female,67,Silver,Web,Bangkok,439,TV_Show,COD,0,9,5,1,>50,14.633333333333333,6.0,3.0,0.5,66,44,10457.376666666667,0.25,0.3333333333333333,0.16666666666666666,0.0,0.0,0,0,0.0,0.0,0,0,0.0,7381.82,2,1,0.5,62744.26,6,3,0.5,0
LGS2ORD0032204,C015943,2025-09-13 01:00:00,Male,18,Silver,Shopee,Remote_Area,987,Lazada,Bank_Transfer,1,9,5,1,<20,32.9,2.0,0.0,0.0,-1,98,4825.415,0.1,0.5,0.0,0.0,0.0,0,0,0.0,0.0,0,0,0.0,0.0,0,0,0.0,9650.83,2,0,0.0,1
LGS2ORD0032205,C010963,2025-09-13 01:00:00,Male,31,Silver,Web,Bangkok,587,Shopee,Bank_Transfer,1,9,5,1,30-40,19.566666666666666,3.0,0.0,0.0,-1,148,3844.44,0.25,1.0,0.3333333333333333,0.0,0.0,0,0,0.0,0.0,0,0,0.0,0.0,0,0,0.0,11533.32,3,0,0.0,0
LGS2ORD0032206,C012329,2025-09-13 01:00:00,Male,37,Bronze,Shopee,Remote_Area,286,Shopee,COD,1,9,5,1,30-40,9.533333333333333,3.0,2.0,0.6666666666666666,69,66,3754.9233333333327,0.28,0.3333333333333333,0.6666666666666666,0.0,0.0,0,0,0.0,0.0,0,0,0.0,5845.02,2,1,0.5,11264.769999999999,3,2,0.6666666666666666,1
LGS2ORD0032207,C013735,2025-09-13 01:00:00,Female,34,Gold,CallCenter,Bangkok,1237,TV_Show,Bank_Transfer,1,9,5,1,30-40,41.233333333333334,3.0,0.0,0.0,-1,54,5884.27,0.2299999999999999,1.0,0.3333333333333333,0.0,0.0,0,0,0.0,0.0,0,0,0.0,9763.45,1,0,0.0,17652.81,3,0,0.0,0
LGS2ORD0032208,C011471,2025-09-13 01:00:00,Male,22,Gold,Web,Songkhla,519,Web,Credit_Card,1,9,5,1,20-30,17.3,4.0,0.0,0.0,-1,53,8647.265,0.08,0.5,0.0,0.0,0.0,0,0,0.0,0.0,0,0,0.0,30919.12,2,0,0.0,34589.06,4,0,0.0,0
LGS2ORD0032209,C012499,2025-09-13 02:00:00,Male,44,Bronze,Shopee,Bangkok,671,TV_Show,COD,2,9,5,1,40-50,22.366666666666667,5.0,2.0,0.4,110,50,1581.414,0.28,0.6,0.4,0.0,0.0,0,0,0.0,0.0,0,0,0.0,787.44,1,0,0.0,7907.07,5,2,0.4,0
LGS2ORD0032210,C013908,2025-09-13 02:00:00,Male,42,Silver,Web,Khon Kaen,570,Web,COD,2,9,5,1,40-50,19.0,2.0,0.0,0.0,-1,6,1654.905,0.3,0.5,0.5,0.0,2377.95,1,0,0.0,2377.95,1,0,0.0,3309.81,2,0,0.0,3309.81,2,0,0.0,0
LGS2ORD0032211,C011967,2025-09-13 02:00:00,Female,29,Gold,Web,Bangkok,621,Web,PromptPay,2,9,5,1,20-30,20.7,5.0,1.0,0.2,151,52,4344.36,0.33,0.4,0.6,0.0,0.0,0,0,0.0,0.0,0,0,0.0,2778.27,1,0,0.0,21721.8,5,1,0.2,0
LGS2ORD0032212,C013796,2025-09-13 02:00:00,Male,53,Bronze,Shopee,Khon Kaen,314,Web,PromptPay,2,9,5,1,>50,10.466666666666667,4.0,1.0,0.25,102,64,7915.92,0.18,0.5,0.0,0.0,0.0,0,0,0.0,0.0,0,0,0.0,6348.9,1,0,0.0,31663.68,4,1,0.25,0
LGS2ORD0032213,C016287,2025-09-13 02:00:00,Female,28,Platinum,TV,Bangkok,846,Shopee,Bank_Transfer,2,9,5,1,20-30,28.2,2.0,0.0,0.0,-1,116,5606.01,0.15,0.5,0.0,0.0,0.0,0,0,0.0,0.0,0,0,0.0,0.0,0,0,0.0,11212.02,2,0,0.0,0
LGS2ORD0032214,C012456,2025-09-13 03:00:00,Male,29,Bronze,TV,Remote_Area,1419,Web,COD,3,9,5,1,20-30,47.3,9.0,5.0,0.5555555555555556,64,17,3653.423333333333,0.23,0.5555555555555556,0.2222222222222222,0.0,0.0,0,0,0.0,3009.07,1,0,0.0,18176.91,5,2,0.4,32880.81,9,5,0.5555555555555556,0
LGS2ORD0032215,C013495,2025-09-13 03:00:00,Female,27,Silver,Lazada,Chonburi,843,Shopee,PromptPay,3,9,5,1,20-30,28.1,2.0,1.0,0.5,71,79,5360.764999999999,0.15,1.0,0.0,0.0,0.0,0,0,0.0,0.0,0,0,0.0,2147.96,1,1,1.0,10721.529999999999,2,1,0.5,0
LGS2ORD0032216,C013444,2025-09-13 03:00:00,Female,40,Gold,Web,Remote_Area,569,CallCenter,COD,3,9,5,1,30-40,18.966666666666665,4.0,1.0,0.25,153,45,2192.7275,0.28,0.5,0.5,0.0,0.0,0,0,0.0,0.0,0,0,0.0,4048.51,2,0,0.0,8770.91,4,1,0.25,0
LGS2ORD0032217,C011367,2025-09-13 03:00:00,Male,50,Bronze,TV,Bangkok,1275,TV_Show,Bank_Transfer,3,9,5,1,40-50,42.5,6.0,1.0,0.16666666666666666,167,12,5605.360000000001,0.23,0.3333333333333333,0.5,0.0,0.0,0,0,0.0,14471.080000000002,2,0,0.0,17076.75,3,0,0.0,33632.16,6,1,0.16666666666666666,0
LGS2ORD0032218,C010138,2025-09-13 03:00:00,Female,26,Silver,Shopee,Bangkok,1634,TV_Show,PromptPay,3,9,5,1,20-30,54.46666666666667,9.0,1.0,0.1111111111111111,-6,8,4306.597777777778,0.25,0.8888888888888888,0.2222222222222222,0.0,0.0,0,0,0.0,2606.31,2,1,0.5,13309.18,5,1,0.2,38759.380000000005,9,1,0.1111111111111111,0
LGS2ORD0032219,C018000,2025-09-13 03:00:00,Female,45,Bronze,CallCenter,Chonburi,1689,TV_Show,COD,3,9,5,1,40-50,56.3,7.0,0.0,0.0,-1,1,3767.25,0.28,0.5714285714285714,0.2857142857142857,0.0,3191.96,1,0,0.0,3191.96,1,0,0.0,4730.35,2,0,0.0,26370.75,7,0,0.0,0
LGS2ORD0032220,C010968,2025-09-13 04:00:00,Female,50,Bronze,CallCenter,Phuket,897,Web,COD,4,9,5,1,40-50,29.9,8.0,2.0,0.25,12,16,5086.6425,0.28,0.625,0.25,0.0,0.0,0,0,0.0,12137.0,2,1,0.5,31555.21,4,1,0.25,40693.14,8,2,0.25,0
LGS2ORD0032221,C017613,2025-09-13 04:00:00,Female,38,Silver,CallCenter,Bangkok,1090,TV_Show,COD,4,9,5,1,30-40,36.333333333333336,2.0,0.0,0.0,-1,90,2574.23,0.3,0.5,0.5,0.0,0.0,0,0,0.0,0.0,0,0,0.0,0.0,0,0,0.0,5148.46,2,0,0.0,0
LGS2ORD0032222,C013086,2025-09-13 04:00:00,Female,54,Silver,Lazada,Remote_Area,1229,Web,COD,4,9,5,1,>50,40.96666666666667,3.0,1.0,0.3333333333333333,216,19,2530.17,0.3,0.3333333333333333,0.3333333333333333,0.0,0.0,0,0,0.0,1888.92,1,0,0.0,1888.92,1,0,0.0,7590.51,3,1,0.3333333333333333,1
LGS2ORD0032223,C017131,2025-09-13 04:00:00,Male,45,Silver,Shopee,Nakhon Ratchasima,798,TV_Show,PromptPay,4,9,5,1,40-50,26.6,9.0,3.0,0.3333333333333333,79,67,3135.2088888888884,0.3,0.5555555555555556,0.3333333333333333,0.0,0.0,0,0,0.0,0.0,0,0,0.0,8620.869999999999,2,0,0.0,28216.879999999997,9,3,0.3333333333333333,1
LGS2ORD0032224,C016160,2025-09-13 04:00:00,Female,46,Bronze,Web,Chonburi,998,TV_Show,Credit_Card,4,9,5,1,40-50,33.266666666666666,4.0,1.0,0.25,9,15,9652.482499999998,0.23,0.5,0.5,0.0,0.0,0,0,0.0,13776.98,2,1,0.5,13776.98,2,1,0.5,38609.92999999999,4,1,0.25,0
LGS2ORD0032225,C013568,2025-09-13 05:00:00,Male,47,Bronze,Lazada,Remote_Area,1703,CallCenter,COD,5,9,5,1,40-50,56.766666666666666,3.0,0.0,0.0,-1,62,13055.92,0.08,0.6666666666666666,0.0,0.0,0.0,0,0,0.0,0.0,0,0,0.0,26619.09,2,0,0.0,39167.76,3,0,0.0,0
LGS2ORD0032226,C013697,2025-09-13 05:00:00,Male,66,Bronze,Lazada,Songkhla,1681,CallCenter,COD,5,9,5,1,>50,56.03333333333333,2.0,1.0,0.5,151,155,7351.34,0.03,0.5,0.0,0.0,0.0,0,0,0.0,0.0,0,0,0.0,0.0,0,0,0.0,14702.68,2,1,0.5,1
LGS2ORD0032227,C012604,2025-09-13 05:00:00,Female,55,Bronze,TV,Remote_Area,880,TV_Show,PromptPay,5,9,5,1,>50,29.333333333333332,4.0,1.0,0.25,188,16,2636.9475,0.28,0.25,0.5,0.0,0.0,0,0,0.0,3035.8,1,0,0.0,3035.8,1,0,0.0,10547.79,4,1,0.25,0
LGS2ORD0032228,C016096,2025-09-13 05:00:00,Male,56,Bronze,TV,Khon Kaen,426,Web,COD,5,9,5,1,>50,14.2,8.0,1.0,0.125,5,14,7335.27375,0.28,0.875,0.5,0.0,0.0,0,0,0.0,8794.6,1,1,1.0,9447.53,2,1,0.5,58682.19,8,1,0.125,1
LGS2ORD0032229,C010536,2025-09-13 05:00:00,Female,42,Bronze,TV,Remote_Area,1640,Lazada,Credit_Card,5,9,5,1,40-50,54.666666666666664,3.0,0.0,0.0,-1,2,5143.813333333333,0.28,0.3333333333333333,0.3333333333333333,0.0,8050.66,1,0,0.0,8050.66,1,0,0.0,12854.45,2,0,0.0,15431.439999999999,3,0,0.0,0
LGS2ORD0032230,C013982,2025-09-13 06:00:00,Female,39,Silver,Shopee,Nakhon Ratchasima,1637,Lazada,COD,6,9,5,1,30-40,54.56666666666667,5.0,3.0,0.6,97,62,6485.8,0.3,0.6,0.2,0.0,0.0,0,0,0.0,0.0,0,0,0.0,3694.04,2,0,0.0,32429.0,5,3,0.6,0
LGS2ORD0032231,C017622,2025-09-13 06:00:00,Female,49,Silver,TV,Chiang Mai,1150,Shopee,Bank_Transfer,6,9,5,1,40-50,38.333333333333336,6.0,1.0,0.16666666666666666,197,11,3033.42,0.3,0.5,0.16666666666666666,0.0,0.0,0,0,0.0,4525.67,2,0,0.0,4525.67,2,0,0.0,18200.52,6,1,0.16666666666666666,1
LGS2ORD0032232,C014650,2025-09-13 06:00:00,Female,52,Bronze,Lazada,Phuket,1697,Shopee,Credit_Card,6,9,5,1,>50,56.56666666666667,5.0,3.0,0.6,62,77,2663.44,0.18,0.6,0.0,0.0,0.0,0,0,0.0,0.0,0,0,0.0,664.02,1,1,1.0,13317.2,5,3,0.6,1
LGS2ORD0032233,C011150,2025-09-13 06:00:00,Male,63,Bronze,Shopee,Bangkok,1389,TV_Show,COD,6,9,5,1,>50,46.3,7.0,2.0,0.2857142857142857,46,42,3955.112857142857,0.28,0.5714285714285714,0.2857142857142857,0.0,0.0,0,0,0.0,0.0,0,0,0.0,14667.16,3,1,0.3333333333333333,27685.79,7,2,0.2857142857142857,0
LGS2ORD0032234,C015483,2025-09-13 06:00:00,Female,36,Bronze,CallCenter,Bangkok,1439,TV_Show,COD,6,9,5,1,30-40,47.96666666666667,4.0,0.0,0.0,-1,65,12322.55,0.18,0.75,0.0,0.0,0.0,0,0,0.0,0.0,0,0,0.0,30329.64,1,0,0.0,49290.2,4,0,0.0,1
LGS2ORD0032235,C014187,2025-09-13 07:00:00,Female,55,Bronze,Lazada,Bangkok,296,Web,COD,7,9,5,1,>50,9.866666666666667,5.0,0.0,0.0,-1,65,4781.9,0.23,0.2,0.2,0.0,0.0,0,0,0.0,0.0,0,0,0.0,11090.050000000001,3,0,0.0,23909.5,5,0,0.0,0
LGS2ORD0032236,C014201,2025-09-13 07:00:00,Female,56,Silver,Shopee,Bangkok,350,TV_Show,COD,7,9,5,1,>50,11.666666666666666,2.0,0.0,0.0,-1,138,2170.94,0.1,1.0,0.0,0.0,0.0,0,0,0.0,0.0,0,0,0.0,0.0,0,0,0.0,4341.88,2,0,0.0,0
LGS2ORD0032237,C013488,2025-09-13 07:00:00,Other,34,Platinum,Lazada,Bangkok,635,TV_Show,COD,7,9,5,1,30-40,21.166666666666668,1.0,1.0,1.0,221,235,8311.29,0.15,0.0,0.0,0.0,0.0,0,0,0.0,0.0,0,0,0.0,0.0,0,0,0.0,8311.29,1,1,1.0,0
LGS2ORD0032238,C015347,2025-09-13 07:00:00,Male,33,Bronze,TV,Chiang Mai,807,TV_Show,COD,7,9,5,1,30-40,26.9,7.0,0.0,0.0,-1,104,5954.9457142857145,0.23,0.42857142857142855,0.14285714285714285,0.0,0.0,0,0,0.0,0.0,0,0,0.0,0.0,0,0,0.0,41684.62,7,0,0.0,0
LGS2ORD0032239,C014221,2025-09-13 07:00:00,Female,36,Bronze,Web,Bangkok,331,Web,Credit_Card,7,9,5,1,30-40,11.033333333333333,5.0,0.0,0.0,-1,64,2414.2200000000003,0.23,0.2,0.4,0.0,0.0,0,0,0.0,0.0,0,0,0.0,2821.34,1,0,0.0,12071.1,5,0,0.0,0
LGS2ORD0032240,C011344,2025-09-13 07:00:00,Female,44,Bronze,Web,Nakhon Ratchasima,352,Lazada,COD,7,9,5,1,40-50,11.733333333333333,3.0,0.0,0.0,-1,12,3850.02,0.28,0.3333333333333333,0.3333333333333333,0.0,0.0,0,0,0.0,9643.65,2,0,0.0,9643.65,2,0,0.0,11550.06,3,0,0.0,0
LGS2ORD0032241,C014271,2025-09-13 08:00:00,Female,38,Bronze,Shopee,Chonburi,773,Web,COD,8,9,5,1,30-40,25.766666666666666,9.0,1.0,0.1111111111111111,113,3,3749.6555555555556,0.28,0.2222222222222222,0.2222222222222222,0.0,7443.25,1,0,0.0,12066.380000000001,2,0,0.0,12066.380000000001,2,0,0.0,33746.9,9,1,0.1111111111111111,1
LGS2ORD0032242,C015830,2025-09-13 08:00:00,Male,38,Silver,TV,Chonburi,1633,Lazada,Credit_Card,8,9,5,1,30-40,54.43333333333333,5.0,1.0,0.2,113,62,4958.046,0.3,0.8,0.4,0.0,0.0,0,0,0.0,0.0,0,0,0.0,5268.21,1,0,0.0,24790.23,5,1,0.2,1
LGS2ORD0032243,C010224,2025-09-13 08:00:00,Female,64,Bronze,Web,Khon Kaen,397,Shopee,Bank_Transfer,8,9,5,1,>50,13.233333333333333,8.0,3.0,0.375,102,10,6052.2225,0.18,0.75,0.0,0.0,0.0,0,0,0.0,894.2,1,0,0.0,894.2,1,0,0.0,48417.78,8,3,0.375,0
LGS2ORD0032244,C015313,2025-09-13 08:00:00,Female,29,Bronze,Shopee,Chonburi,293,TV_Show,PromptPay,8,9,5,1,20-30,9.766666666666667,5.0,1.0,0.2,80,14,2120.318,0.23,0.6,0.2,0.0,0.0,0,0,0.0,7607.01,2,0,0.0,10601.59,5,1,0.2,10601.59,5,1,0.2,0
LGS2ORD0032245,C015327,2025-09-13 08:00:00,Male,58,Platinum,TV,Phuket,1355,Lazada,COD,8,9,5,1,>50,45.166666666666664,5.0,2.0,0.4,97,54,2838.102,0.25,0.8,0.4,0.0,0.0,0,0,0.0,0.0,0,0,0.0,9118.1,2,0,0.0,14190.51,5,2,0.4,0
LGS2ORD0032246,C012028,2025-09-13 09:00:00,Other,31,Bronze,TV,Chiang Mai,1445,Web,PromptPay,9,9,5,1,30-40,48.166666666666664,0.0,0.0,0.0,-1,-1,0.0,0.0,0.0,0.0,0.0,0.0,0,0,0.0,0.0,0,0,0.0,0.0,0,0,0.0,0.0,0,0,0.0,0
LGS2ORD0032247,C016062,2025-09-13 09:00:00,Female,37,Bronze,Web,Songkhla,1648,Shopee,COD,9,9,5,1,30-40,54.93333333333333,11.0,4.0,0.36363636363636365,108,8,4207.553636363636,0.28,0.6363636363636364,0.36363636363636365,0.0,0.0,0,0,0.0,7684.410000000001,3,0,0.0,10673.07,4,0,0.0,46283.09,11,4,0.36363636363636365,0
LGS2ORD0032248,C012697,2025-09-13 09:00:00,Male,45,Bronze,CallCenter,Bangkok,312,TV_Show,COD,9,9,5,1,40-50,10.4,3.0,1.0,0.3333333333333333,213,122,4776.423333333333,0.28,0.6666666666666666,0.3333333333333333,0.0,0.0,0,0,0.0,0.0,0,0,0.0,0.0,0,0,0.0,14329.27,3,1,0.3333333333333333,1
LGS2ORD0032249,C016189,2025-09-13 09:00:00,Female,48,Bronze,Lazada,Phuket,1626,TV_Show,COD,9,9,5,1,40-50,54.2,6.0,2.0,0.3333333333333333,122,43,6499.56,0.18,0.5,0.0,0.0,0.0,0,0,0.0,0.0,0,0,0.0,21528.65,2,0,0.0,38997.36,6,2,0.3333333333333333,1
LGS2ORD0032250,C014592,2025-09-13 09:00:00,Male,25,Silver,Web,Chiang Mai,375,Shopee,PromptPay,9,9,5,1,20-30,12.5,2.0,0.0,0.0,-1,67,4880.345,0.25,0.5,0.5,0.0,0.0,0,0,0.0,0.0,0,0,0.0,9760.69,2,0,0.0,9760.69,2,0,0.0,0
LGS2ORD0032251,C014624,2025-09-13 10:00:00,Male,39,Bronze,Shopee,Khon Kaen,1690,CallCenter,COD,10,9,5,1,30-40,56.333333333333336,3.0,1.0,0.3333333333333333,187,57,9653.433333333332,0.28,0.6666666666666666,0.3333333333333333,0.0,0.0,0,0,0.0,0.0,0,0,0.0,16735.01,1,0,0.0,28960.299999999996,3,1,0.3333333333333333,0
LGS2ORD0032252,C014069,2025-09-13 10:00:00,Female,55,Silver,Web,Bangkok,1710,CallCenter,COD,10,9,5,1,>50,57.0,3.0,0.0,0.0,-1,123,2364.3366666666666,0.25,0.6666666666666666,0.3333333333333333,0.0,0.0,0,0,0.0,0.0,0,0,0.0,0.0,0,0,0.0,7093.01,3,0,0.0,1
LGS2ORD0032253,C011099,2025-09-13 10:00:00,Female,42,Bronze,Web,Chonburi,516,CallCenter,COD,10,9,5,1,40-50,17.2,2.0,0.0,0.0,-1,4,3146.63,0.13,1.0,0.0,0.0,3551.83,1,0,0.0,3551.83,1,0,0.0,3551.83,1,0,0.0,6293.26,2,0,0.0,0
LGS2ORD0032254,C010003,2025-09-13 10:00:00,Male,38,Bronze,Shopee,Khon Kaen,1419,Lazada,COD,10,9,5,1,30-40,47.3,4.0,1.0,0.25,126,143,3158.34,0.18,0.25,0.0,0.0,0.0,0,0,0.0,0.0,0,0,0.0,0.0,0,0,0.0,12633.36,4,1,0.25,0
LGS2ORD0032255,C015015,2025-09-13 10:00:00,Female,44,Bronze,Web,Bangkok,289,Web,COD,10,9,5,1,40-50,9.633333333333333,6.0,0.0,0.0,-1,90,3473.351666666667,0.28,0.5,0.3333333333333333,0.0,0.0,0,0,0.0,0.0,0,0,0.0,0.0,0,0,0.0,20840.11,6,0,0.0,0
LGS2ORD0032256,C017089,2025-09-13 11:00:00,Male,53,Bronze,Shopee,Songkhla,1606,TV_Show,COD,11,9,5,1,>50,53.53333333333333,4.0,0.0,0.0,-1,56,4725.52,0.28,0.75,0.25,0.0,0.0,0,0,0.0,0.0,0,0,0.0,6995.7,2,0,0.0,18902.08,4,0,0.0,1
LGS2ORD0032257,C016741,2025-09-13 11:00:00,Female,36,Silver,Lazada,Songkhla,290,CallCenter,COD,11,9,5,1,30-40,9.666666666666666,8.0,2.0,0.25,0,6,4468.69375,0.25,0.625,0.25,0.0,1510.24,1,1,1.0,11114.06,3,1,0.3333333333333333,25962.33,5,1,0.2,35749.55,8,2,0.25,0
LGS2ORD0032258,C012266,2025-09-13 11:00:00,Female,38,Silver,TV,Nakhon Ratchasima,1534,TV_Show,Credit_Card,11,9,5,1,30-40,51.13333333333333,4.0,2.0,0.5,29,10,2914.75,0.3,0.75,0.25,0.0,0.0,0,0,0.0,617.51,1,0,0.0,3523.7,2,1,0.5,11659.0,4,2,0.5,0
LGS2ORD0032259,C013471,2025-09-13 11:00:00,Female,36,Bronze,Lazada,Bangkok,474,TV_Show,COD,11,9,5,1,30-40,15.8,3.0,1.0,0.3333333333333333,182,24,1494.8799999999999,0.28,0.6666666666666666,0.3333333333333333,0.0,0.0,0,0,0.0,2078.9,1,0,0.0,2078.9,1,0,0.0,4484.639999999999,3,1,0.3333333333333333,0
LGS2ORD0032260,C010842,2025-09-13 11:00:00,Female,64,Gold,Shopee,Chonburi,975,Shopee,COD,11,9,5,1,>50,32.5,7.0,1.0,0.14285714285714285,204,23,3273.0171428571434,0.33,0.7142857142857143,0.42857142857142855,0.0,0.0,0,0,0.0,5845.389999999999,2,0,0.0,6935.18,3,0,0.0,22911.120000000003,7,1,0.14285714285714285,0
LGS2ORD0032261,C012614,2025-09-13 11:00:00,Female,43,Gold,Web,Chiang Mai,515,Shopee,COD,11,9,5,1,40-50,17.166666666666668,0.0,0.0,0.0,-1,-1,0.0,0.0,0.0,0.0,0.0,0.0,0,0,0.0,0.0,0,0,0.0,0.0,0,0,0.0,0.0,0,0,0.0,0
LGS2ORD0032262,C010308,2025-09-13 12:00:00,Female,53,Bronze,TV,Bangkok,1422,TV_Show,PromptPay,12,9,5,1,>50,47.4,8.0,1.0,0.125,77,10,4218.7212500000005,0.28,0.625,0.5,0.0,0.0,0,0,0.0,4618.65,1,0,0.0,5979.59,2,0,0.0,33749.770000000004,8,1,0.125,0
LGS2ORD0032263,C012859,2025-09-13 12:00:00,Male,72,Bronze,Web,Nakhon Ratchasima,1234,Shopee,Bank_Transfer,12,9,5,1,>50,41.13333333333333,8.0,1.0,0.125,88,102,3679.55,0.18,0.625,0.0,0.0,0.0,0,0,0.0,0.0,0,0,0.0,0.0,0,0,0.0,29436.4,8,1,0.125,0
LGS2ORD0032264,C013483,2025-09-13 12:00:00,Other,33,Silver,Web,Bangkok,357,Shopee,PromptPay,12,9,5,1,30-40,11.9,4.0,0.0,0.0,-1,35,4582.75,0.2,0.5,0.0,0.0,0.0,0,0,0.0,0.0,0,0,0.0,5286.7300000000005,2,0,0.0,18331.0,4,0,0.0,1
LGS2ORD0032265,C013154,2025-09-13 12:00:00,Female,54,Gold,Lazada,Phuket,1259,TV_Show,COD,12,9,5,1,>50,41.96666666666667,6.0,3.0,0.5,88,20,3853.1766666666667,0.28,0.8333333333333334,0.6666666666666666,0.0,0.0,0,0,0.0,4485.09,1,0,0.0,12919.32,3,0,0.0,23119.06,6,3,0.5,0
LGS2ORD0032266,C016871,2025-09-13 12:00:00,Male,61,Gold,CallCenter,Bangkok,1168,Web,Credit_Card,12,9,5,1,>50,38.93333333333333,6.0,0.0,0.0,-1,16,2523.188333333333,0.33,0.16666666666666666,0.3333333333333333,0.0,0.0,0,0,0.0,931.38,1,0,0.0,4212.48,2,0,0.0,15139.13,6,0,0.0,1
LGS2ORD0032267,C014695,2025-09-13 13:00:00,Female,56,Bronze,Shopee,Bangkok,1380,CallCenter,COD,13,9,5,1,>50,46.0,6.0,0.0,0.0,-1,69,4465.173333333334,0.28,0.3333333333333333,0.3333333333333333,0.0,0.0,0,0,0.0,0.0,0,0,0.0,14995.57,3,0,0.0,26791.040000000005,6,0,0.0,1
LGS2ORD0032268,C013633,2025-09-13 13:00:00,Male,47,Bronze,Shopee,Chonburi,1513,TV_Show,COD,13,9,5,1,40-50,50.43333333333333,3.0,1.0,0.3333333333333333,6,19,4872.876666666667,0.23,0.6666666666666666,0.3333333333333333,0.0,0.0,0,0,0.0,3721.94,1,1,1.0,13186.03,2,1,0.5,14618.630000000001,3,1,0.3333333333333333,0
LGS2ORD0032269,C010732,2025-09-13 13:00:00,Male,51,Gold,TV,Songkhla,626,CallCenter,Credit_Card,13,9,5,1,>50,20.866666666666667,2.0,0.0,0.0,-1,89,4979.97,0.08,0.0,0.0,0.0,0.0,0,0,0.0,0.0,0,0,0.0,6510.13,1,0,0.0,9959.94,2,0,0.0,0
LGS2ORD0032270,C017882,2025-09-13 13:00:00,Female,46,Bronze,CallCenter,Khon Kaen,435,Web,Credit_Card,13,9,5,1,40-50,14.5,4.0,0.0,0.0,-1,47,8650.205,0.13,0.5,0.0,0.0,0.0,0,0,0.0,0.0,0,0,0.0,24985.95,2,0,0.0,34600.82,4,0,0.0,0
LGS2ORD0032271,C017857,2025-09-13 13:00:00,Male,51,Silver,TV,Chiang Mai,987,Shopee,PromptPay,13,9,5,1,>50,32.9,5.0,2.0,0.4,41,51,3133.7480000000005,0.2,0.4,0.0,0.0,0.0,0,0,0.0,0.0,0,0,0.0,9593.119999999999,3,2,0.6666666666666666,15668.740000000002,5,2,0.4,0
LGS2ORD0032272,C016963,2025-09-13 14:00:00,Male,46,Bronze,Shopee,Khon Kaen,1108,Lazada,Credit_Card,14,9,5,1,40-50,36.93333333333333,2.0,0.0,0.0,-1,153,7279.99,0.23,0.0,0.5,0.0,0.0,0,0,0.0,0.0,0,0,0.0,0.0,0,0,0.0,14559.98,2,0,0.0,1
LGS2ORD0032273,C015948,2025-09-13 14:00:00,Female,43,Silver,Lazada,Chiang Mai,424,Web,COD,14,9,5,1,40-50,14.133333333333333,8.0,4.0,0.5,44,51,3155.7425,0.25,0.625,0.125,0.0,0.0,0,0,0.0,0.0,0,0,0.0,697.03,1,1,1.0,25245.94,8,4,0.5,0
LGS2ORD0032274,C014808,2025-09-13 14:00:00,Male,41,Bronze,Web,Chonburi,1014,Web,Credit_Card,14,9,5,1,40-50,33.8,1.0,0.0,0.0,-1,151,39242.12,0.28,0.0,1.0,0.0,0.0,0,0,0.0,0.0,0,0,0.0,0.0,0,0,0.0,39242.12,1,0,0.0,0
LGS2ORD0032275,C015520,2025-09-13 14:00:00,Female,52,Bronze,TV,Bangkok,734,TV_Show,COD,14,9,5,1,>50,24.466666666666665,2.0,0.0,0.0,-1,30,22026.760000000002,0.08,0.5,0.0,0.0,0.0,0,0,0.0,0.0,0,0,0.0,44053.520000000004,2,0,0.0,44053.520000000004,2,0,0.0,1
LGS2ORD0032276,C013461,2025-09-13 14:00:00,Female,47,Bronze,CallCenter,Bangkok,305,Web,COD,14,9,5,1,40-50,10.166666666666666,7.0,1.0,0.14285714285714285,3,8,3202.827142857143,0.28,0.2857142857142857,0.42857142857142855,0.0,0.0,0,0,0.0,2974.75,1,1,1.0,2974.75,1,1,1.0,22419.79,7,1,0.14285714285714285,0
LGS2ORD0032277,C014302,2025-09-13 14:00:00,Male,42,Silver,Web,Bangkok,431,TV_Show,COD,14,9,5,1,40-50,14.366666666666667,2.0,0.0,0.0,-1,32,2379.77,0.1,0.0,0.0,0.0,0.0,0,0,0.0,0.0,0,0,0.0,4410.75,1,0,0.0,4759.54,2,0,0.0,0
LGS2ORD0032278,C010694,2025-09-13 15:00:00,Male,54,Gold,TV,Bangkok,446,Web,PromptPay,15,9,5,1,>50,14.866666666666667,2.0,0.0,0.0,-1,172,902.715,0.33,0.0,1.0,0.0,0.0,0,0,0.0,0.0,0,0,0.0,0.0,0,0,0.0,1805.43,2,0,0.0,0
LGS2ORD0032279,C013591,2025-09-13 15:00:00,Male,31,Silver,TV,Remote_Area,647,Shopee,PromptPay,15,9,5,1,30-40,21.566666666666666,4.0,1.0,0.25,138,17,3089.69,0.25,0.75,0.25,0.0,0.0,0,0,0.0,527.41,1,0,0.0,527.41,1,0,0.0,12358.76,4,1,0.25,1
LGS2ORD0032280,C010813,2025-09-13 15:00:00,Other,37,Bronze,TV,Nakhon Ratchasima,1173,Web,COD,15,9,5,1,30-40,39.1,6.0,1.0,0.16666666666666666,86,54,6930.361666666667,0.23,0.5,0.16666666666666666,0.0,0.0,0,0,0.0,0.0,0,0,0.0,9779.99,1,0,0.0,41582.17,6,1,0.16666666666666666,1
LGS2ORD0032281,C016416,2025-09-13 15:00:00,Female,42,Silver,CallCenter,Bangkok,974,TV_Show,COD,15,9,5,1,40-50,32.46666666666667,1.0,0.0,0.0,-1,161,1362.39,0.1,0.0,0.0,0.0,0.0,0,0,0.0,0.0,0,0,0.0,0.0,0,0,0.0,1362.39,1,0,0.0,0
LGS2ORD0032282,C011550,2025-09-13 15:00:00,Female,53,Silver,Shopee,Nakhon Ratchasima,625,TV_Show,PromptPay,15,9,5,1,>50,20.833333333333332,9.0,0.0,0.0,-1,7,8566.565555555555,0.3,0.4444444444444444,0.2222222222222222,0.0,0.0,0,0,0.0,1672.44,1,0,0.0,31113.94,5,0,0.0,77099.09,9,0,0.0,1
LGS2ORD0032283,C017482,2025-09-13 16:00:00,Female,29,Bronze,TV,Chiang Mai,1270,CallCenter,COD,16,9,5,1,20-30,42.333333333333336,7.0,4.0,0.5714285714285714,-3,7,4113.707142857143,0.28,0.14285714285714285,0.42857142857142855,0.0,0.0,0,0,0.0,3745.48,1,1,1.0,8724.72,3,2,0.6666666666666666,28795.949999999997,7,4,0.5714285714285714,0
LGS2ORD0032284,C016017,2025-09-13 16:00:00,Female,41,Bronze,TV,Bangkok,289,CallCenter,COD,16,9,5,1,40-50,9.633333333333333,6.0,3.0,0.5,37,46,4273.625,0.23,0.16666666666666666,0.16666666666666666,0.0,0.0,0,0,0.0,0.0,0,0,0.0,13410.41,1,1,1.0,25641.75,6,3,0.5,0
LGS2ORD0032285,C017063,2025-09-13 16:00:00,Male,61,Bronze,TV,Remote_Area,1356,Web,Credit_Card,16,9,5,1,>50,45.2,5.0,0.0,0.0,-1,1,4788.214,0.23,0.8,0.2,0.0,9391.76,2,0,0.0,9391.76,2,0,0.0,14916.08,3,0,0.0,23941.07,5,0,0.0,0
LGS2ORD0032286,C014279,2025-09-13 16:00:00,Female,52,Bronze,TV,Phuket,286,CallCenter,COD,16,9,5,1,>50,9.533333333333333,3.0,1.0,0.3333333333333333,169,4,4097.05,0.13,0.6666666666666666,0.0,0.0,1767.27,1,0,0.0,1767.27,1,0,0.0,1767.27,1,0,0.0,12291.15,3,1,0.3333333333333333,1
LGS2ORD0032287,C013610,2025-09-13 16:00:00,Female,48,Gold,Shopee,Nakhon Ratchasima,1615,TV_Show,PromptPay,16,9,5,1,40-50,53.833333333333336,4.0,1.0,0.25,9,8,5040.4175000000005,0.33,0.25,0.75,0.0,0.0,0,0,0.0,3654.17,2,1,0.5,13339.77,3,1,0.3333333333333333,20161.670000000002,4,1,0.25,0
LGS2ORD0032288,C011649,2025-09-13 17:00:00,Male,53,Bronze,CallCenter,Remote_Area,878,Web,Credit_Card,17,9,5,1,>50,29.266666666666666,3.0,0.0,0.0,-1,36,3579.1966666666667,0.18,0.3333333333333333,0.0,0.0,0.0,0,0,0.0,0.0,0,0,0.0,5206.41,2,0,0.0,10737.59,3,0,0.0,1
LGS2ORD0032289,C013239,2025-09-13 17:00:00,Male,29,Bronze,Shopee,Khon Kaen,744,CallCenter,COD,17,9,5,1,20-30,24.8,11.0,4.0,0.36363636363636365,74,8,4684.53,0.28,0.45454545454545453,0.45454545454545453,0.0,0.0,0,0,0.0,9987.880000000001,3,0,0.0,20729.41,5,1,0.2,51529.83,11,4,0.36363636363636365,0
LGS2ORD0032290,C011851,2025-09-13 17:00:00,Female,27,Silver,Lazada,Khon Kaen,1268,Lazada,Credit_Card,17,9,5,1,20-30,42.266666666666666,5.0,1.0,0.2,127,13,5718.892,0.3,0.4,0.6,0.0,0.0,0,0,0.0,3314.89,1,0,0.0,8433.05,2,0,0.0,28594.46,5,1,0.2,1
LGS2ORD0032291,C012396,2025-09-13 17:00:00,Female,56,Silver,Shopee,Remote_Area,806,Lazada,COD,17,9,5,1,>50,26.866666666666667,7.0,4.0,0.5714285714285714,22,33,8793.818571428572,0.25,0.8571428571428571,0.2857142857142857,0.0,0.0,0,0,0.0,0.0,0,0,0.0,49336.13,5,3,0.6,61556.73,7,4,0.5714285714285714,1
LGS2ORD0032292,C014453,2025-09-13 17:00:00,Female,40,Platinum,Shopee,Chonburi,1073,Web,PromptPay,17,9,5,1,30-40,35.766666666666666,0.0,0.0,0.0,-1,-1,0.0,0.0,0.0,0.0,0.0,0.0,0,0,0.0,0.0,0,0,0.0,0.0,0,0,0.0,0.0,0,0,0.0,0
LGS2ORD0032293,C013952,2025-09-13 18:00:00,Female,32,Silver,Shopee,Bangkok,1017,Web,COD,18,9,5,1,30-40,33.9,10.0,4.0,0.4,-4,2,4143.16,0.25,0.8,0.1,0.0,13631.59,2,1,0.5,13631.59,2,1,0.5,28921.7,5,1,0.2,41431.6,10,4,0.4,0
LGS2ORD0032294,C012656,2025-09-13 18:00:00,Female,29,Silver,Shopee,Bangkok,1013,Shopee,PromptPay,18,9,5,1,20-30,33.766666666666666,7.0,1.0,0.14285714285714285,106,19,3629.0828571428574,0.3,0.14285714285714285,0.42857142857142855,0.0,0.0,0,0,0.0,2473.11,1,0,0.0,2473.11,1,0,0.0,25403.58,7,1,0.14285714285714285,0
LGS2ORD0032295,C014924,2025-09-13 18:00:00,Female,50,Gold,TV,Phuket,1425,TV_Show,Bank_Transfer,18,9,5,1,40-50,47.5,1.0,0.0,0.0,-1,149,1320.56,0.08,0.0,0.0,0.0,0.0,0,0,0.0,0.0,0,0,0.0,0.0,0,0,0.0,1320.56,1,0,0.0,0
LGS2ORD0032296,C013024,2025-09-13 18:00:00,Male,37,Bronze,Lazada,Khon Kaen,1554,Web,COD,18,9,5,1,30-40,51.8,4.0,0.0,0.0,-1,32,6329.1375,0.28,0.75,0.25,0.0,0.0,0,0,0.0,0.0,0,0,0.0,7867.37,1,0,0.0,25316.55,4,0,0.0,0
LGS2ORD0032297,C010288,2025-09-13 18:00:00,Female,35,Bronze,Shopee,Chiang Mai,1702,Lazada,COD,18,9,5,1,30-40,56.733333333333334,3.0,1.0,0.3333333333333333,157,96,5080.846666666667,0.28,0.3333333333333333,0.6666666666666666,0.0,0.0,0,0,0.0,0.0,0,0,0.0,0.0,0,0,0.0,15242.54,3,1,0.3333333333333333,1
LGS2ORD0032298,C016254,2025-09-13 18:00:00,Male,29,Silver,TV,Chiang Mai,1006,CallCenter,PromptPay,18,9,5,1,20-30,33.53333333333333,1.0,0.0,0.0,-1,175,884.41,0.2,0.0,0.0,0.0,0.0,0,0,0.0,0.0,0,0,0.0,0.0,0,0,0.0,884.41,1,0,0.0,1
LGS2ORD0032299,C011463,2025-09-13 19:00:00,Female,51,Bronze,TV,Bangkok,1552,Shopee,COD,19,9,5,1,>50,51.733333333333334,4.0,1.0,0.25,56,3,6005.125,0.28,0.75,0.5,0.0,1982.85,1,0,0.0,1982.85,1,0,0.0,7826.26,3,1,0.3333333333333333,24020.5,4,1,0.25,0
LGS2ORD0032300,C017627,2025-09-13 19:00:00,Male,45,Bronze,Shopee,Bangkok,269,Shopee,COD,19,9,5,1,40-50,8.966666666666667,5.0,1.0,0.2,228,1,8283.864,0.23,0.4,0.2,0.0,3175.96,1,0,0.0,7143.7,2,0,0.0,7143.7,2,0,0.0,41419.32,5,1,0.2,0
LGS2ORD0032301,C016638,2025-09-13 19:00:00,Male,46,Silver,CallCenter,Phuket,383,Lazada,Bank_Transfer,19,9,5,1,40-50,12.766666666666667,7.0,2.0,0.2857142857142857,55,28,2518.8971428571426,0.3,0.14285714285714285,0.5714285714285714,0.0,0.0,0,0,0.0,2046.51,1,0,0.0,6050.72,3,1,0.3333333333333333,17632.28,7,2,0.2857142857142857,0
LGS2ORD0032302,C013890,2025-09-13 19:00:00,Other,47,Bronze,Shopee,Chiang Mai,1427,Lazada,COD,19,9,5,1,40-50,47.56666666666667,11.0,2.0,0.18181818181818182,32,42,6465.690000000001,0.28,0.8181818181818182,0.18181818181818182,0.0,0.0,0,0,0.0,0.0,0,0,0.0,6016.88,3,1,0.3333333333333333,71122.59000000001,11,2,0.18181818181818182,0
LGS2ORD0032303,C010481,2025-09-13 19:00:00,Male,53,Bronze,CallCenter,Chonburi,1587,TV_Show,Credit_Card,19,9,5,1,>50,52.9,4.0,1.0,0.25,242,72,6240.6825,0.23,0.75,0.25,0.0,0.0,0,0,0.0,0.0,0,0,0.0,1653.48,1,0,0.0,24962.73,4,1,0.25,0
LGS2ORD0032304,C015235,2025-09-13 20:00:00,Female,51,Bronze,Web,Phuket,634,CallCenter,Credit_Card,20,9,5,1,>50,21.133333333333333,4.0,2.0,0.5,83,62,3963.9525000000003,0.18,0.25,0.0,0.0,0.0,0,0,0.0,0.0,0,0,0.0,1588.54,1,0,0.0,15855.810000000001,4,2,0.5,0
LGS2ORD0032305,C015716,2025-09-13 20:00:00,Male,27,Bronze,Lazada,Chiang Mai,864,Lazada,COD,20,9,5,1,20-30,28.8,6.0,1.0,0.16666666666666666,208,0,1889.0033333333333,0.23,0.6666666666666666,0.16666666666666666,0.0,2048.57,1,0,0.0,2048.57,1,0,0.0,2623.37,2,0,0.0,11334.02,6,1,0.16666666666666666,0
LGS2ORD0032306,C012533,2025-09-13 20:00:00,Female,31,Bronze,Shopee,Bangkok,824,CallCenter,COD,20,9,5,1,30-40,27.466666666666665,7.0,0.0,0.0,-1,1,4764.441428571429,0.28,0.5714285714285714,0.14285714285714285,0.0,537.68,1,0,0.0,6807.450000000001,2,0,0.0,11967.25,3,0,0.0,33351.090000000004,7,0,0.0,0
LGS2ORD0032307,C011170,2025-09-13 20:00:00,Male,26,Silver,Web,Bangkok,1489,Web,COD,20,9,5,1,20-30,49.63333333333333,1.0,0.0,0.0,-1,17,2011.23,0.05,0.0,0.0,0.0,0.0,0,0,0.0,2011.23,1,0,0.0,2011.23,1,0,0.0,2011.23,1,0,0.0,1
LGS2ORD0032308,C017089,2025-09-13 20:00:00,Male,53,Bronze,Shopee,Songkhla,1606,Web,COD,20,9,5,1,>50,53.53333333333333,5.0,1.0,0.2,-8,0,4115.272,0.28,0.8,0.2,0.0,1674.28,1,1,1.0,1674.28,1,1,1.0,8669.98,3,1,0.3333333333333333,20576.36,5,1,0.2,0
LGS2ORD0032309,C011291,2025-09-13 21:00:00,Male,29,Gold,Lazada,Bangkok,1153,Web,COD,21,9,5,1,20-30,38.43333333333333,4.0,0.0,0.0,-1,35,3119.8625,0.2299999999999999,0.0,0.25,0.0,0.0,0,0,0.0,0.0,0,0,0.0,2691.53,2,0,0.0,12479.45,4,0,0.0,1
LGS2ORD0032310,C014025,2025-09-13 21:00:00,Male,47,Bronze,TV,Nakhon Ratchasima,1006,Web,Bank_Transfer,21,9,5,1,40-50,33.53333333333333,5.0,2.0,0.4,8,20,2642.258,0.18,0.4,0.0,0.0,0.0,0,0,0.0,2327.6,1,1,1.0,3216.66,2,1,0.5,13211.289999999999,5,2,0.4,0
LGS2ORD0032311,C011374,2025-09-13 21:00:00,Female,31,Silver,CallCenter,Chonburi,990,Shopee,Credit_Card,21,9,5,1,30-40,33.0,2.0,2.0,1.0,133,144,1867.185,0.25,0.0,0.5,0.0,0.0,0,0,0.0,0.0,0,0,0.0,0.0,0,0,0.0,3734.37,2,2,1.0,0
LGS2ORD0032312,C012379,2025-09-13 21:00:00,Female,42,Silver,Shopee,Phuket,1066,Web,Credit_Card,21,9,5,1,40-50,35.53333333333333,4.0,2.0,0.5,2,10,1551.05,0.25,0.25,0.25,0.0,0.0,0,0,0.0,4042.83,1,1,1.0,5467.2,3,1,0.3333333333333333,6204.2,4,2,0.5,0
LGS2ORD0032313,C016743,2025-09-13 21:00:00,Male,34,Silver,Web,Chiang Mai,523,Shopee,PromptPay,21,9,5,1,30-40,17.433333333333334,6.0,3.0,0.5,191,24,4108.513333333333,0.3,0.6666666666666666,0.3333333333333333,0.0,0.0,0,0,0.0,1464.23,1,0,0.0,1464.23,1,0,0.0,24651.079999999998,6,3,0.5,0
LGS2ORD0032314,C015727,2025-09-13 22:00:00,Female,42,Silver,Shopee,Phuket,1282,Lazada,Credit_Card,22,9,5,1,40-50,42.733333333333334,3.0,1.0,0.3333333333333333,56,67,4910.53,0.25,0.6666666666666666,0.3333333333333333,0.0,0.0,0,0,0.0,0.0,0,0,0.0,12738.24,2,1,0.5,14731.59,3,1,0.3333333333333333,1
LGS2ORD0032315,C010924,2025-09-13 22:00:00,Female,47,Silver,TV,Remote_Area,1699,TV_Show,Credit_Card,22,9,5,1,40-50,56.63333333333333,6.0,0.0,0.0,-1,34,3402.0533333333333,0.3,0.3333333333333333,0.16666666666666666,0.0,0.0,0,0,0.0,0.0,0,0,0.0,11343.89,3,0,0.0,20412.32,6,0,0.0,0
LGS2ORD0032316,C014086,2025-09-13 22:00:00,Male,50,Bronze,Web,Chonburi,1169,Web,COD,22,9,5,1,40-50,38.96666666666667,8.0,2.0,0.25,29,1,6121.08625,0.28,0.375,0.125,0.0,9620.32,2,0,0.0,9620.32,2,0,0.0,17057.51,3,1,0.3333333333333333,48968.69,8,2,0.25,0
LGS2ORD0032317,C015760,2025-09-13 22:00:00,Male,60,Bronze,CallCenter,Khon Kaen,329,Shopee,Credit_Card,22,9,5,1,>50,10.966666666666667,6.0,0.0,0.0,-1,37,6282.246666666666,0.28,0.5,0.3333333333333333,0.0,0.0,0,0,0.0,0.0,0,0,0.0,26067.28,3,0,0.0,37693.479999999996,6,0,0.0,0
LGS2ORD0032318,C014287,2025-09-13 22:00:00,Male,43,Bronze,Lazada,Bangkok,1468,Lazada,Credit_Card,22,9,5,1,40-50,48.93333333333333,1.0,0.0,0.0,-1,117,1536.91,0.28,1.0,1.0,0.0,0.0,0,0,0.0,0.0,0,0,0.0,0.0,0,0,0.0,1536.91,1,0,0.0,0
LGS2ORD0032319,C013566,2025-09-13 22:00:00,Male,57,Gold,Lazada,Bangkok,498,Lazada,Bank_Transfer,22,9,5,1,>50,16.6,3.0,0.0,0.0,-1,28,14214.486666666666,0.28,0.6666666666666666,0.6666666666666666,0.0,0.0,0,0,0.0,22378.82,1,0,0.0,31000.03,2,0,0.0,42643.46,3,0,0.0,0
LGS2ORD0032320,C016513,2025-09-13 23:00:00,Female,30,Bronze,TV,Bangkok,799,TV_Show,COD,23,9,5,1,20-30,26.633333333333333,2.0,0.0,0.0,-1,107,456.13,0.08,0.5,0.0,0.0,0.0,0,0,0.0,0.0,0,0,0.0,0.0,0,0,0.0,912.26,2,0,0.0,0
LGS2ORD0032321,C012043,2025-09-13 23:00:00,Female,30,Silver,Shopee,Remote_Area,471,Shopee,COD,23,9,5,1,20-30,15.7,5.0,1.0,0.2,113,4,2111.838,0.2,0.4,0.0,0.0,1044.72,1,0,0.0,1044.72,1,0,0.0,1044.72,1,0,0.0,10559.19,5,1,0.2,1
LGS2ORD0032322,C016771,2025-09-13 23:00:00,Male,49,Bronze,Lazada,Chonburi,1261,Web,COD,23,9,5,1,40-50,42.03333333333333,7.0,2.0,0.2857142857142857,59,31,3191.618571428571,0.23,0.5714285714285714,0.42857142857142855,0.0,0.0,0,0,0.0,0.0,0,0,0.0,5094.82,2,1,0.5,22341.329999999998,7,2,0.2857142857142857,0
LGS2ORD0032323,C013345,2025-09-13 23:00:00,Female,47,Bronze,Shopee,Khon Kaen,811,Lazada,Bank_Transfer,23,9,5,1,40-50,27.033333333333335,3.0,1.0,0.3333333333333333,12,26,3327.443333333333,0.23,0.3333333333333333,0.3333333333333333,0.0,0.0,0,0,0.0,4798.0,1,1,1.0,4798.0,1,1,1.0,9982.33,3,1,0.3333333333333333,0
LGS2ORD0032324,C011174,2025-09-13 23:00:00,Male,26,Gold,Lazada,Songkhla,1243,CallCenter,PromptPay,23,9,5,1,20-30,41.43333333333333,2.0,0.0,0.0,-1,122,1671.885,0.18,0.5,0.0,0.0,0.0,0,0,0.0,0.0,0,0,0.0,0.0,0,0,0.0,3343.77,2,0,0.0,1
LGS2ORD0032325,C016043,2025-09-14 00:00:00,Male,69,Bronze,TV,Chonburi,1019,Shopee,Bank_Transfer,0,9,6,1,>50,33.96666666666667,3.0,0.0,0.0,-1,174,3996.986666666666,0.23,0.3333333333333333,0.3333333333333333,0.0,0.0,0,0,0.0,0.0,0,0,0.0,0.0,0,0,0.0,11990.96,3,0,0.0,0
LGS2ORD0032326,C011455,2025-09-14 00:00:00,Female,45,Gold,Web,Phuket,1299,Web,PromptPay,0,9,6,1,40-50,43.3,5.0,1.0,0.2,140,16,6624.624000000001,0.33,0.6,0.4,0.0,0.0,0,0,0.0,7369.36,2,0,0.0,26741.699999999997,3,0,0.0,33123.12,5,1,0.2,0
LGS2ORD0032327,C012068,2025-09-14 00:00:00,Male,45,Bronze,CallCenter,Bangkok,950,Web,COD,0,9,6,1,40-50,31.666666666666668,4.0,1.0,0.25,-5,3,4020.2874999999995,0.23,0.25,0.25,0.0,2002.3,1,1,1.0,2002.3,1,1,1.0,16081.149999999998,4,1,0.25,16081.149999999998,4,1,0.25,1
LGS2ORD0032328,C013830,2025-09-14 00:00:00,Male,61,Gold,Lazada,Bangkok,646,Web,COD,0,9,6,1,>50,21.533333333333335,6.0,1.0,0.16666666666666666,77,56,5603.6016666666665,0.28,0.3333333333333333,0.5,0.0,0.0,0,0,0.0,0.0,0,0,0.0,2142.24,2,1,0.5,33621.61,6,1,0.16666666666666666,1
LGS2ORD0032329,C016527,2025-09-14 00:00:00,Female,55,Gold,Web,Khon Kaen,955,Web,PromptPay,0,9,6,1,>50,31.833333333333332,7.0,1.0,0.14285714285714285,229,60,6713.892857142857,0.33,0.2857142857142857,0.5714285714285714,0.0,0.0,0,0,0.0,0.0,0,0,0.0,15211.4,2,0,0.0,46997.25,7,1,0.14285714285714285,0
LGS2ORD0032330,C017883,2025-09-14 01:00:00,Female,56,Bronze,TV,Bangkok,1317,Lazada,Credit_Card,1,9,6,1,>50,43.9,1.0,0.0,0.0,-1,19,7865.51,0.03,0.0,0.0,0.0,0.0,0,0,0.0,7865.51,1,0,0.0,7865.51,1,0,0.0,7865.51,1,0,0.0,0
LGS2ORD0032331,C015311,2025-09-14 01:00:00,Female,38,Gold,Web,Phuket,813,TV_Show,PromptPay,1,9,6,1,30-40,27.1,4.0,0.0,0.0,-1,83,3075.3424999999997,0.28,0.75,0.25,0.0,0.0,0,0,0.0,0.0,0,0,0.0,3766.24,1,0,0.0,12301.369999999999,4,0,0.0,0
LGS2ORD0032332,C012182,2025-09-14 01:00:00,Male,41,Silver,Shopee,Bangkok,608,TV_Show,COD,1,9,6,1,40-50,20.266666666666666,1.0,0.0,0.0,-1,21,1254.71,0.05,1.0,0.0,0.0,0.0,0,0,0.0,1254.71,1,0,0.0,1254.71,1,0,0.0,1254.71,1,0,0.0,0
LGS2ORD0032333,C016848,2025-09-14 01:00:00,Male,39,Gold,Lazada,Bangkok,339,Web,Credit_Card,1,9,6,1,30-40,11.3,5.0,0.0,0.0,-1,12,3953.6279999999997,0.33,0.4,0.4,0.0,0.0,0,0,0.0,13907.98,2,0,0.0,18322.32,4,0,0.0,19768.14,5,0,0.0,0
LGS2ORD0032334,C012352,2025-09-14 01:00:00,Female,41,Gold,TV,Chiang Mai,527,Web,COD,1,9,6,1,40-50,17.566666666666666,1.0,0.0,0.0,-1,227,1302.35,0.33,1.0,1.0,0.0,0.0,0,0,0.0,0.0,0,0,0.0,0.0,0,0,0.0,1302.35,1,0,0.0,0
LGS2ORD0032335,C017223,2025-09-14 02:00:00,Female,43,Bronze,Lazada,Nakhon Ratchasima,648,Lazada,COD,2,9,6,1,40-50,21.6,3.0,1.0,0.3333333333333333,107,116,10830.993333333334,0.18,0.3333333333333333,0.0,0.0,0.0,0,0,0.0,0.0,0,0,0.0,0.0,0,0,0.0,32492.98,3,1,0.3333333333333333,0
LGS2ORD0032336,C011296,2025-09-14 02:00:00,Male,40,Bronze,Lazada,Chonburi,1122,Lazada,PromptPay,2,9,6,1,30-40,37.4,4.0,0.0,0.0,-1,86,2521.1900000000005,0.18,0.5,0.0,0.0,0.0,0,0,0.0,0.0,0,0,0.0,920.37,1,0,0.0,10084.760000000002,4,0,0.0,0
LGS2ORD0032337,C016707,2025-09-14 02:00:00,Male,37,Bronze,Lazada,Chonburi,1108,TV_Show,PromptPay,2,9,6,1,30-40,36.93333333333333,3.0,1.0,0.3333333333333333,205,18,1202.2033333333331,0.23,0.6666666666666666,0.3333333333333333,0.0,0.0,0,0,0.0,1450.03,1,0,0.0,1450.03,1,0,0.0,3606.6099999999997,3,1,0.3333333333333333,0
LGS2ORD0032338,C015731,2025-09-14 02:00:00,Female,48,Bronze,Lazada,Phuket,1648,TV_Show,COD,2,9,6,1,40-50,54.93333333333333,4.0,1.0,0.25,8,12,8896.0925,0.23,0.5,0.25,0.0,0.0,0,0,0.0,19456.43,1,1,1.0,19456.43,1,1,1.0,35584.37,4,1,0.25,0
LGS2ORD0032339,C014598,2025-09-14 02:00:00,Male,54,Bronze,TV,Bangkok,1633,TV_Show,COD,2,9,6,1,>50,54.43333333333333,6.0,3.0,0.5,51,41,6199.389999999999,0.23,0.8333333333333334,0.16666666666666666,0.0,0.0,0,0,0.0,0.0,0,0,0.0,17573.6,3,1,0.3333333333333333,37196.34,6,3,0.5,1
LGS2ORD0032340,C010826,2025-09-14 02:00:00,Male,27,Bronze,TV,Nakhon Ratchasima,1258,Shopee,Credit_Card,2,9,6,1,20-30,41.93333333333333,3.0,0.0,0.0,-1,34,9235.73,0.28,0.0,0.6666666666666666,0.0,0.0,0,0,0.0,0.0,0,0,0.0,12741.63,1,0,0.0,27707.19,3,0,0.0,1
LGS2ORD0032341,C010423,2025-09-14 03:00:00,Male,44,Platinum,TV,Remote_Area,1690,Web,Credit_Card,3,9,6,1,40-50,56.333333333333336,6.0,1.0,0.16666666666666666,26,38,5481.928333333333,0.3,0.0,0.3333333333333333,0.0,0.0,0,0,0.0,0.0,0,0,0.0,6967.6900000000005,2,1,0.5,32891.57,6,1,0.16666666666666666,0
LGS2ORD0032342,C011097,2025-09-14 03:00:00,Female,58,Gold,TV,Chiang Mai,1221,TV_Show,Bank_Transfer,3,9,6,1,>50,40.7,4.0,1.0,0.25,215,198,5025.597500000001,0.28,0.5,0.75,0.0,0.0,0,0,0.0,0.0,0,0,0.0,0.0,0,0,0.0,20102.390000000003,4,1,0.25,0
LGS2ORD0032343,C014364,2025-09-14 03:00:00,Female,40,Bronze,TV,Phuket,395,Web,COD,3,9,6,1,30-40,13.166666666666666,6.0,0.0,0.0,-1,6,5151.791666666667,0.28,0.3333333333333333,0.5,0.0,3161.57,1,0,0.0,3161.57,1,0,0.0,3161.57,1,0,0.0,30910.75,6,0,0.0,1
LGS2ORD0032344,C016658,2025-09-14 03:00:00,Male,47,Silver,Lazada,Chiang Mai,678,CallCenter,Credit_Card,3,9,6,1,40-50,22.6,8.0,3.0,0.375,-7,6,9874.20125,0.3,0.75,0.5,0.0,16323.02,1,1,1.0,39558.23,3,1,0.3333333333333333,40035.380000000005,4,2,0.5,78993.61,8,3,0.375,0
LGS2ORD0032345,C014893,2025-09-14 03:00:00,Female,29,Bronze,Shopee,Phuket,798,Lazada,Bank_Transfer,3,9,6,1,20-30,26.6,7.0,0.0,0.0,-1,48,5762.224285714285,0.28,0.2857142857142857,0.42857142857142855,0.0,0.0,0,0,0.0,0.0,0,0,0.0,4397.38,2,0,0.0,40335.56999999999,7,0,0.0,0
LGS2ORD0032346,C011732,2025-09-14 04:00:00,Male,39,Bronze,Web,Chiang Mai,1050,Shopee,COD,4,9,6,1,30-40,35.0,10.0,5.0,0.5,31,40,3565.322,0.23,0.6,0.1,0.0,0.0,0,0,0.0,0.0,0,0,0.0,21580.760000000002,4,1,0.25,35653.22,10,5,0.5,0
LGS2ORD0032347,C017361,2025-09-14 04:00:00,Female,43,Bronze,TV,Khon Kaen,1636,TV_Show,Credit_Card,4,9,6,1,40-50,54.53333333333333,2.0,0.0,0.0,-1,125,2693.365,0.13,0.5,0.0,0.0,0.0,0,0,0.0,0.0,0,0,0.0,0.0,0,0,0.0,5386.73,2,0,0.0,0
LGS2ORD0032348,C014607,2025-09-14 04:00:00,Male,37,Bronze,Web,Phuket,490,Web,PromptPay,4,9,6,1,30-40,16.333333333333332,2.0,0.0,0.0,-1,41,3624.165,0.13,0.0,0.0,0.0,0.0,0,0,0.0,0.0,0,0,0.0,7248.33,2,0,0.0,7248.33,2,0,0.0,0
LGS2ORD0032349,C016373,2025-09-14 04:00:00,Male,36,Bronze,TV,Khon Kaen,1420,Lazada,PromptPay,4,9,6,1,30-40,47.333333333333336,0.0,0.0,0.0,-1,-1,0.0,0.0,0.0,0.0,0.0,0.0,0,0,0.0,0.0,0,0,0.0,0.0,0,0,0.0,0.0,0,0,0.0,0
LGS2ORD0032350,C011662,2025-09-14 04:00:00,Other,37,Bronze,Shopee,Chonburi,484,Web,COD,4,9,6,1,30-40,16.133333333333333,5.0,1.0,0.2,152,28,4544.179999999999,0.08,0.6,0.0,0.0,0.0,0,0,0.0,2027.99,1,0,0.0,2027.99,1,0,0.0,22720.899999999998,5,1,0.2,0
LGS2ORD0032351,C017842,2025-09-14 05:00:00,Male,20,Silver,Shopee,Bangkok,392,CallCenter,Credit_Card,5,9,6,1,<20,13.066666666666666,3.0,0.0,0.0,-1,101,4188.133333333334,0.3,1.0,0.3333333333333333,0.0,0.0,0,0,0.0,0.0,0,0,0.0,0.0,0,0,0.0,12564.400000000001,3,0,0.0,0
LGS2ORD0032352,C014910,2025-09-14 05:00:00,Male,34,Bronze,Lazada,Nakhon Ratchasima,1593,Shopee,Credit_Card,5,9,6,1,30-40,53.1,3.0,1.0,0.3333333333333333,189,107,1578.1133333333335,0.28,0.6666666666666666,0.3333333333333333,0.0,0.0,0,0,0.0,0.0,0,0,0.0,0.0,0,0,0.0,4734.34,3,1,0.3333333333333333,0
LGS2ORD0032353,C011343,2025-09-14 05:00:00,Male,45,Gold,CallCenter,Phuket,1591,TV_Show,Credit_Card,5,9,6,1,40-50,53.03333333333333,2.0,0.0,0.0,-1,10,8199.465,0.13,0.5,0.0,0.0,0.0,0,0,0.0,14062.19,1,0,0.0,14062.19,1,0,0.0,16398.93,2,0,0.0,1
LGS2ORD0032354,C012780,2025-09-14 05:00:00,Male,30,Bronze,TV,Nakhon Ratchasima,1434,Shopee,COD,5,9,6,1,20-30,47.8,3.0,0.0,0.0,-1,73,5378.66,0.18,1.0,0.0,0.0,0.0,0,0,0.0,0.0,0,0,0.0,3146.8,1,0,0.0,16135.98,3,0,0.0,1
LGS2ORD0032355,C010848,2025-09-14 05:00:00,Male,42,Bronze,Lazada,Chiang Mai,431,CallCenter,COD,5,9,6,1,40-50,14.366666666666667,2.0,0.0,0.0,-1,111,859.595,0.23,0.5,0.5,0.0,0.0,0,0,0.0,0.0,0,0,0.0,0.0,0,0,0.0,1719.19,2,0,0.0,0
LGS2ORD0032356,C013680,2025-09-14 06:00:00,Female,41,Silver,Web,Khon Kaen,632,TV_Show,Credit_Card,6,9,6,1,40-50,21.066666666666666,7.0,1.0,0.14285714285714285,174,2,5048.4400000000005,0.3,0.7142857142857143,0.14285714285714285,0.0,5213.76,1,0,0.0,5213.76,1,0,0.0,6373.54,2,0,0.0,35339.08,7,1,0.14285714285714285,0
LGS2ORD0032357,C012826,2025-09-14 06:00:00,Male,55,Bronze,Shopee,Chiang Mai,526,Lazada,PromptPay,6,9,6,1,>50,17.533333333333335,6.0,0.0,0.0,-1,2,4154.005,0.23,0.16666666666666666,0.16666666666666666,0.0,1937.65,1,0,0.0,1937.65,1,0,0.0,1937.65,1,0,0.0,24924.03,6,0,0.0,0
LGS2ORD0032358,C012313,2025-09-14 06:00:00,Male,32,Platinum,Lazada,Chonburi,1677,CallCenter,Credit_Card,6,9,6,1,30-40,55.9,1.0,0.0,0.0,-1,172,6752.35,0.15,1.0,0.0,0.0,0.0,0,0,0.0,0.0,0,0,0.0,0.0,0,0,0.0,6752.35,1,0,0.0,0
LGS2ORD0032359,C017212,2025-09-14 06:00:00,Female,54,Bronze,CallCenter,Phuket,1713,Web,COD,6,9,6,1,>50,57.1,6.0,0.0,0.0,-1,80,5024.903333333333,0.28,0.3333333333333333,0.16666666666666666,0.0,0.0,0,0,0.0,0.0,0,0,0.0,16481.8,2,0,0.0,30149.42,6,0,0.0,1
LGS2ORD0032360,C011710,2025-09-14 06:00:00,Female,18,Platinum,CallCenter,Khon Kaen,1032,Lazada,COD,6,9,6,1,<20,34.4,5.0,1.0,0.2,142,23,5255.698,0.25,0.2,0.2,0.0,0.0,0,0,0.0,1030.36,1,0,0.0,3553.04,2,0,0.0,26278.49,5,1,0.2,1
LGS2ORD0032361,C015294,2025-09-14 06:00:00,Female,37,Gold,Lazada,Bangkok,988,Web,Credit_Card,6,9,6,1,30-40,32.93333333333333,1.0,0.0,0.0,-1,173,1558.56,0.33,1.0,1.0,0.0,0.0,0,0,0.0,0.0,0,0,0.0,0.0,0,0,0.0,1558.56,1,0,0.0,0
LGS2ORD0032362,C015652,2025-09-14 07:00:00,Female,34,Silver,Web,Remote_Area,1472,TV_Show,COD,7,9,6,1,30-40,49.06666666666667,4.0,1.0,0.25,64,73,9655.87,0.15,0.75,0.0,0.0,0.0,0,0,0.0,0.0,0,0,0.0,672.26,1,1,1.0,38623.48,4,1,0.25,1
LGS2ORD0032363,C017083,2025-09-14 07:00:00,Male,31,Bronze,Web,Chiang Mai,1243,Web,PromptPay,7,9,6,1,30-40,41.43333333333333,9.0,2.0,0.2222222222222222,51,13,3633.1666666666665,0.28,0.5555555555555556,0.3333333333333333,0.0,0.0,0,0,0.0,12474.76,1,0,0.0,20599.96,4,1,0.25,32698.5,9,2,0.2222222222222222,0
LGS2ORD0032364,C016279,2025-09-14 07:00:00,Female,39,Bronze,Web,Bangkok,1218,Web,COD,7,9,6,1,30-40,40.6,5.0,3.0,0.6,84,59,7626.1,0.28,0.2,0.4,0.0,0.0,0,0,0.0,0.0,0,0,0.0,19343.69,2,0,0.0,38130.5,5,3,0.6,0
LGS2ORD0032365,C015708,2025-09-14 07:00:00,Male,46,Bronze,Shopee,Remote_Area,1104,TV_Show,COD,7,9,6,1,40-50,36.8,3.0,2.0,0.6666666666666666,155,94,3448.3333333333335,0.28,0.3333333333333333,0.3333333333333333,0.0,0.0,0,0,0.0,0.0,0,0,0.0,0.0,0,0,0.0,10345.0,3,2,0.6666666666666666,0
LGS2ORD0032366,C012217,2025-09-14 07:00:00,Male,47,Bronze,TV,Bangkok,1543,Lazada,COD,7,9,6,1,40-50,51.43333333333333,1.0,0.0,0.0,-1,242,1804.13,0.08,0.0,0.0,0.0,0.0,0,0,0.0,0.0,0,0,0.0,0.0,0,0,0.0,1804.13,1,0,0.0,0
LGS2ORD0032367,C015079,2025-09-14 08:00:00,Male,33,Bronze,TV,Phuket,858,TV_Show,Credit_Card,8,9,6,1,30-40,28.6,6.0,2.0,0.3333333333333333,46,14,4890.301666666666,0.23,0.6666666666666666,0.16666666666666666,0.0,0.0,0,0,0.0,9188.51,2,0,0.0,10235.63,3,1,0.3333333333333333,29341.809999999998,6,2,0.3333333333333333,0
LGS2ORD0032368,C012712,2025-09-14 08:00:00,Female,47,Bronze,TV,Songkhla,841,Web,COD,8,9,6,1,40-50,28.033333333333335,9.0,3.0,0.3333333333333333,18,28,3952.1088888888894,0.28,0.5555555555555556,0.3333333333333333,0.0,0.0,0,0,0.0,1121.97,1,1,1.0,12439.15,3,2,0.6666666666666666,35568.98,9,3,0.3333333333333333,0
LGS2ORD0032369,C010384,2025-09-14 08:00:00,Male,25,Platinum,TV,Khon Kaen,1447,TV_Show,Credit_Card,8,9,6,1,20-30,48.233333333333334,1.0,0.0,0.0,-1,173,23905.77,0.25,0.0,1.0,0.0,0.0,0,0,0.0,0.0,0,0,0.0,0.0,0,0,0.0,23905.77,1,0,0.0,1
LGS2ORD0032370,C013418,2025-09-14 08:00:00,Female,18,Silver,Lazada,Bangkok,405,Web,COD,8,9,6,1,<20,13.5,3.0,0.0,0.0,-1,60,5492.77,0.1,0.3333333333333333,0.0,0.0,0.0,0,0,0.0,0.0,0,0,0.0,1349.86,1,0,0.0,16478.31,3,0,0.0,0
LGS2ORD0032371,C015299,2025-09-14 08:00:00,Male,41,Bronze,CallCenter,Bangkok,1711,Shopee,PromptPay,8,9,6,1,40-50,57.03333333333333,5.0,0.0,0.0,-1,72,3737.5739999999996,0.28,1.0,0.4,0.0,0.0,0,0,0.0,0.0,0,0,0.0,9070.93,3,0,0.0,18687.87,5,0,0.0,0
LGS2ORD0032372,C012869,2025-09-14 09:00:00,Female,51,Bronze,Lazada,Chiang Mai,447,Lazada,Credit_Card,9,9,6,1,>50,14.9,8.0,3.0,0.375,107,17,7186.83,0.28,0.75,0.375,0.0,0.0,0,0,0.0,4451.61,1,0,0.0,18703.66,3,0,0.0,57494.64,8,3,0.375,0
LGS2ORD0032373,C016895,2025-09-14 09:00:00,Female,34,Bronze,TV,Bangkok,1450,Lazada,COD,9,9,6,1,30-40,48.333333333333336,5.0,0.0,0.0,-1,5,7925.044,0.28,0.2,0.4,0.0,284.89,1,0,0.0,284.89,1,0,0.0,32938.590000000004,3,0,0.0,39625.22,5,0,0.0,1
LGS2ORD0032374,C016550,2025-09-14 09:00:00,Male,32,Bronze,Shopee,Bangkok,1601,Web,Bank_Transfer,9,9,6,1,30-40,53.36666666666667,5.0,1.0,0.2,43,50,1455.166,0.28,1.0,0.6,0.0,0.0,0,0,0.0,0.0,0,0,0.0,2263.0,2,1,0.5,7275.83,5,1,0.2,1
LGS2ORD0032375,C015392,2025-09-14 09:00:00,Male,41,Bronze,TV,Bangkok,431,Lazada,COD,9,9,6,1,40-50,14.366666666666667,5.0,0.0,0.0,-1,134,4661.01,0.18,0.8,0.0,0.0,0.0,0,0,0.0,0.0,0,0,0.0,0.0,0,0,0.0,23305.05,5,0,0.0,0
LGS2ORD0032376,C013562,2025-09-14 09:00:00,Male,56,Bronze,Lazada,Remote_Area,980,TV_Show,COD,9,9,6,1,>50,32.666666666666664,4.0,1.0,0.25,219,58,9519.6775,0.23,0.5,0.25,0.0,0.0,0,0,0.0,0.0,0,0,0.0,7669.57,1,0,0.0,38078.71,4,1,0.25,0
LGS2ORD0032377,C014854,2025-09-14 10:00:00,Male,41,Bronze,Shopee,Songkhla,634,TV_Show,PromptPay,10,9,6,1,40-50,21.133333333333333,3.0,0.0,0.0,-1,60,6561.913333333333,0.08,0.6666666666666666,0.0,0.0,0.0,0,0,0.0,0.0,0,0,0.0,14261.82,1,0,0.0,19685.739999999998,3,0,0.0,0
LGS2ORD0032378,C013363,2025-09-14 10:00:00,Female,45,Gold,CallCenter,Chonburi,1479,TV_Show,COD,10,9,6,1,40-50,49.3,3.0,1.0,0.3333333333333333,31,44,10571.86,0.2299999999999999,0.6666666666666666,0.3333333333333333,0.0,0.0,0,0,0.0,0.0,0,0,0.0,1832.91,1,1,1.0,31715.58,3,1,0.3333333333333333,1
LGS2ORD0032379,C010399,2025-09-14 10:00:00,Male,46,Platinum,Shopee,Chonburi,660,TV_Show,Credit_Card,10,9,6,1,40-50,22.0,7.0,0.0,0.0,-1,17,3985.181428571429,0.3,0.2857142857142857,0.42857142857142855,0.0,0.0,0,0,0.0,2227.17,1,0,0.0,2227.17,1,0,0.0,27896.270000000004,7,0,0.0,0
LGS2ORD0032380,C017349,2025-09-14 10:00:00,Female,50,Bronze,Shopee,Nakhon Ratchasima,639,Shopee,Credit_Card,10,9,6,1,40-50,21.3,6.0,3.0,0.5,86,14,5816.760000000001,0.28,0.6666666666666666,0.3333333333333333,0.0,0.0,0,0,0.0,2321.94,2,0,0.0,2321.94,2,0,0.0,34900.560000000005,6,3,0.5,0
LGS2ORD0032381,C017063,2025-09-14 10:00:00,Male,61,Bronze,TV,Remote_Area,1357,Shopee,Credit_Card,10,9,6,1,>50,45.233333333333334,6.0,0.0,0.0,-1,0,4595.286666666667,0.23,0.6666666666666666,0.16666666666666666,0.0,13022.41,3,0,0.0,13022.41,3,0,0.0,18546.73,4,0,0.0,27571.72,6,0,0.0,1
LGS2ORD0032382,C017149,2025-09-14 10:00:00,Female,48,Silver,Web,Bangkok,1205,Web,Credit_Card,10,9,6,1,40-50,40.166666666666664,4.0,3.0,0.75,17,29,4290.1225,0.3,0.5,0.5,0.0,0.0,0,0,0.0,1783.81,1,1,1.0,16010.59,3,2,0.6666666666666666,17160.49,4,3,0.75,0
LGS2ORD0032383,C011847,2025-09-14 11:00:00,Female,50,Bronze,Web,Nakhon Ratchasima,777,Shopee,PromptPay,11,9,6,1,40-50,25.9,4.0,1.0,0.25,199,4,2950.6675000000005,0.23,0.5,0.25,0.0,4058.84,1,0,0.0,4058.84,1,0,0.0,4058.84,1,0,0.0,11802.670000000002,4,1,0.25,0
LGS2ORD0032384,C013635,2025-09-14 11:00:00,Female,22,Platinum,CallCenter,Bangkok,287,TV_Show,COD,11,9,6,1,20-30,9.566666666666666,5.0,0.0,0.0,-1,24,3809.4260000000004,0.2,0.6,0.0,0.0,0.0,0,0,0.0,7124.75,1,0,0.0,7818.7,2,0,0.0,19047.13,5,0,0.0,0
LGS2ORD0032385,C011200,2025-09-14 11:00:00,Male,58,Silver,TV,Chiang Mai,1460,Shopee,COD,11,9,6,1,>50,48.666666666666664,5.0,0.0,0.0,-1,16,6383.621999999999,0.25,0.4,0.2,0.0,0.0,0,0,0.0,5491.19,1,0,0.0,18691.52,2,0,0.0,31918.109999999997,5,0,0.0,1
LGS2ORD0032386,C012332,2025-09-14 11:00:00,Female,59,Bronze,Web,Chiang Mai,1078,Shopee,COD,11,9,6,1,>50,35.93333333333333,5.0,1.0,0.2,89,12,5185.665999999999,0.23,0.0,0.2,0.0,0.0,0,0,0.0,7344.91,1,0,0.0,7344.91,1,0,0.0,25928.329999999998,5,1,0.2,0
LGS2ORD0032387,C014521,2025-09-14 11:00:00,Female,61,Bronze,Lazada,Bangkok,807,TV_Show,PromptPay,11,9,6,1,>50,26.9,9.0,3.0,0.3333333333333333,159,20,6751.844444444444,0.18,0.6666666666666666,0.0,0.0,0.0,0,0,0.0,7402.37,1,0,0.0,7402.37,1,0,0.0,60766.6,9,3,0.3333333333333333,0
LGS2ORD0032388,C011129,2025-09-14 12:00:00,Female,47,Silver,Web,Khon Kaen,932,Web,COD,12,9,6,1,40-50,31.066666666666666,8.0,4.0,0.5,8,20,4248.828750000001,0.25,0.75,0.25,0.0,0.0,0,0,0.0,10065.39,1,1,1.0,13314.109999999999,2,1,0.5,33990.630000000005,8,4,0.5,0
LGS2ORD0032389,C015829,2025-09-14 12:00:00,Female,25,Silver,Shopee,Phuket,1453,Lazada,COD,12,9,6,1,20-30,48.43333333333333,3.0,2.0,0.6666666666666666,-11,2,14200.876666666665,0.25,0.6666666666666666,0.3333333333333333,0.0,27642.26,1,1,1.0,27642.26,1,1,1.0,41185.259999999995,2,1,0.5,42602.63,3,2,0.6666666666666666,1
LGS2ORD0032390,C011603,2025-09-14 12:00:00,Female,32,Bronze,Web,Nakhon Ratchasima,846,CallCenter,COD,12,9,6,1,30-40,28.2,2.0,0.0,0.0,-1,153,2309.28,0.28,0.0,1.0,0.0,0.0,0,0,0.0,0.0,0,0,0.0,0.0,0,0,0.0,4618.56,2,0,0.0,0
LGS2ORD0032391,C012998,2025-09-14 12:00:00,Male,40,Silver,CallCenter,Bangkok,853,Lazada,PromptPay,12,9,6,1,30-40,28.433333333333334,2.0,0.0,0.0,-1,104,2122.585,0.25,0.5,1.0,0.0,0.0,0,0,0.0,0.0,0,0,0.0,0.0,0,0,0.0,4245.17,2,0,0.0,0
LGS2ORD0032392,C016104,2025-09-14 12:00:00,Male,55,Bronze,TV,Phuket,1368,Lazada,COD,12,9,6,1,>50,45.6,6.0,2.0,0.3333333333333333,6,9,2857.1566666666663,0.28,0.6666666666666666,0.3333333333333333,0.0,0.0,0,0,0.0,7710.09,2,1,0.5,8672.91,3,1,0.3333333333333333,17142.94,6,2,0.3333333333333333,0
LGS2ORD0032393,C014431,2025-09-14 13:00:00,Female,52,Bronze,TV,Khon Kaen,870,Web,Credit_Card,13,9,6,1,>50,29.0,4.0,1.0,0.25,198,184,3095.6325,0.18,0.75,0.0,0.0,0.0,0,0,0.0,0.0,0,0,0.0,0.0,0,0,0.0,12382.53,4,1,0.25,0
LGS2ORD0032394,C010234,2025-09-14 13:00:00,Male,35,Bronze,Web,Bangkok,1348,Web,Credit_Card,13,9,6,1,30-40,44.93333333333333,4.0,0.0,0.0,-1,51,5467.295,0.23,0.25,0.25,0.0,0.0,0,0,0.0,0.0,0,0,0.0,3853.03,2,0,0.0,21869.18,4,0,0.0,0
LGS2ORD0032395,C013319,2025-09-14 13:00:00,Female,45,Silver,Lazada,Remote_Area,345,Web,Credit_Card,13,9,6,1,40-50,11.5,1.0,1.0,1.0,132,145,3933.44,0.1,1.0,0.0,0.0,0.0,0,0,0.0,0.0,0,0,0.0,0.0,0,0,0.0,3933.44,1,1,1.0,0
LGS2ORD0032396,C015212,2025-09-14 13:00:00,Female,53,Bronze,Lazada,Khon Kaen,523,CallCenter,COD,13,9,6,1,>50,17.433333333333334,4.0,2.0,0.5,16,25,3093.075,0.28,0.75,0.5,0.0,0.0,0,0,0.0,4088.56,1,1,1.0,4088.56,1,1,1.0,12372.3,4,2,0.5,1
LGS2ORD0032397,C013418,2025-09-14 13:00:00,Female,18,Silver,Lazada,Bangkok,405,TV_Show,Credit_Card,13,9,6,1,<20,13.5,4.0,0.0,0.0,-1,0,5487.887500000001,0.2,0.5,0.0,0.0,5473.24,1,0,0.0,5473.24,1,0,0.0,6823.099999999999,2,0,0.0,21951.550000000003,4,0,0.0,0
LGS2ORD0032398,C011297,2025-09-14 13:00:00,Female,62,Gold,Shopee,Chiang Mai,483,Shopee,Credit_Card,13,9,6,1,>50,16.1,5.0,1.0,0.2,117,40,4914.05,0.33,0.6,0.2,0.0,0.0,0,0,0.0,0.0,0,0,0.0,9657.43,2,0,0.0,24570.25,5,1,0.2,0
LGS2ORD0032399,C014286,2025-09-14 14:00:00,Female,42,Bronze,CallCenter,Bangkok,313,Shopee,COD,14,9,6,1,40-50,10.433333333333334,2.0,1.0,0.5,109,125,8937.315,0.23,1.0,0.5,0.0,0.0,0,0,0.0,0.0,0,0,0.0,0.0,0,0,0.0,17874.63,2,1,0.5,0
LGS2ORD0032400,C015321,2025-09-14 14:00:00,Female,18,Silver,TV,Songkhla,1398,Web,Credit_Card,14,9,6,1,<20,46.6,6.0,3.0,0.5,21,30,6962.935,0.25,0.6666666666666666,0.5,0.0,0.0,0,0,0.0,0.0,0,0,0.0,17918.59,3,2,0.6666666666666666,41777.61,6,3,0.5,1
LGS2ORD0032401,C011852,2025-09-14 14:00:00,Male,55,Bronze,Shopee,Bangkok,1256,CallCenter,PromptPay,14,9,6,1,>50,41.86666666666667,4.0,3.0,0.75,43,57,3769.96,0.28,0.75,0.5,0.0,0.0,0,0,0.0,0.0,0,0,0.0,7798.05,1,1,1.0,15079.84,4,3,0.75,0
LGS2ORD0032402,C016393,2025-09-14 14:00:00,Other,36,Silver,Lazada,Songkhla,960,Web,COD,14,9,6,1,30-40,32.0,3.0,0.0,0.0,-1,20,3218.436666666667,0.1,0.6666666666666666,0.0,0.0,0.0,0,0,0.0,1262.52,1,0,0.0,1262.52,1,0,0.0,9655.310000000001,3,0,0.0,0
LGS2ORD0032403,C017073,2025-09-14 14:00:00,Female,25,Bronze,Lazada,Khon Kaen,1037,Shopee,Credit_Card,14,9,6,1,20-30,34.56666666666667,2.0,0.0,0.0,-1,105,13131.635,0.23,0.5,0.5,0.0,0.0,0,0,0.0,0.0,0,0,0.0,0.0,0,0,0.0,26263.27,2,0,0.0,0
LGS2ORD0032404,C017003,2025-09-14 15:00:00,Female,39,Silver,TV,Remote_Area,642,Web,Bank_Transfer,15,9,6,1,30-40,21.4,4.0,3.0,0.75,66,58,6591.515,0.3,0.5,0.25,0.0,0.0,0,0,0.0,0.0,0,0,0.0,9656.59,2,1,0.5,26366.06,4,3,0.75,0
LGS2ORD0032405,C012716,2025-09-14 15:00:00,Male,54,Bronze,Lazada,Songkhla,927,TV_Show,COD,15,9,6,1,>50,30.9,7.0,4.0,0.5714285714285714,47,56,4041.292857142857,0.28,0.7142857142857143,0.2857142857142857,0.0,0.0,0,0,0.0,0.0,0,0,0.0,8513.529999999999,3,3,1.0,28289.05,7,4,0.5714285714285714,1
LGS2ORD0032406,C012093,2025-09-14 15:00:00,Female,53,Bronze,Lazada,Remote_Area,661,Web,COD,15,9,6,1,>50,22.033333333333335,5.0,2.0,0.4,63,68,5552.409999999999,0.18,0.6,0.0,0.0,0.0,0,0,0.0,0.0,0,0,0.0,8047.79,2,1,0.5,27762.049999999996,5,2,0.4,0
LGS2ORD0032407,C011749,2025-09-14 15:00:00,Female,47,Bronze,TV,Khon Kaen,340,TV_Show,PromptPay,15,9,6,1,40-50,11.333333333333334,9.0,3.0,0.3333333333333333,51,7,6052.175555555555,0.28,0.6666666666666666,0.3333333333333333,0.0,0.0,0,0,0.0,3622.15,1,0,0.0,6947.200000000001,3,1,0.3333333333333333,54469.579999999994,9,3,0.3333333333333333,0
LGS2ORD0032408,C010255,2025-09-14 15:00:00,Female,66,Silver,CallCenter,Khon Kaen,1531,Shopee,COD,15,9,6,1,>50,51.03333333333333,7.0,2.0,0.2857142857142857,217,4,6526.330000000001,0.25,1.0,0.14285714285714285,0.0,1543.72,1,0,0.0,1543.72,1,0,0.0,8196.869999999999,2,0,0.0,45684.310000000005,7,2,0.2857142857142857,1
LGS2ORD0032409,C011182,2025-09-14 16:00:00,Female,31,Silver,Lazada,Remote_Area,1523,TV_Show,COD,16,9,6,1,30-40,50.766666666666666,4.0,0.0,0.0,-1,114,10580.6575,0.3,0.25,0.25,0.0,0.0,0,0,0.0,0.0,0,0,0.0,0.0,0,0,0.0,42322.63,4,0,0.0,0
LGS2ORD0032410,C014566,2025-09-14 16:00:00,Other,38,Bronze,TV,Bangkok,336,Lazada,Bank_Transfer,16,9,6,1,30-40,11.2,8.0,2.0,0.25,188,72,8630.845,0.23,0.75,0.125,0.0,0.0,0,0,0.0,0.0,0,0,0.0,700.61,1,0,0.0,69046.76,8,2,0.25,0
LGS2ORD0032411,C015922,2025-09-14 16:00:00,Male,50,Bronze,Lazada,Bangkok,1280,TV_Show,COD,16,9,6,1,40-50,42.666666666666664,2.0,1.0,0.5,176,182,6805.54,0.23,1.0,0.5,0.0,0.0,0,0,0.0,0.0,0,0,0.0,0.0,0,0,0.0,13611.08,2,1,0.5,1
LGS2ORD0032412,C016666,2025-09-14 16:00:00,Male,37,Bronze,Lazada,Bangkok,496,Lazada,COD,16,9,6,1,30-40,16.533333333333335,5.0,0.0,0.0,-1,82,5713.642,0.28,0.2,0.2,0.0,0.0,0,0,0.0,0.0,0,0,0.0,5142.48,1,0,0.0,28568.21,5,0,0.0,0
LGS2ORD0032413,C011025,2025-09-14 16:00:00,Male,42,Bronze,Lazada,Phuket,1559,CallCenter,COD,16,9,6,1,40-50,51.96666666666667,3.0,3.0,1.0,91,95,4408.9366666666665,0.28,1.0,0.3333333333333333,0.0,0.0,0,0,0.0,0.0,0,0,0.0,0.0,0,0,0.0,13226.81,3,3,1.0,0
LGS2ORD0032414,C012894,2025-09-14 17:00:00,Female,53,Bronze,Web,Khon Kaen,606,Web,Credit_Card,17,9,6,1,>50,20.2,7.0,3.0,0.42857142857142855,169,79,2756.217142857143,0.28,0.14285714285714285,0.42857142857142855,0.0,0.0,0,0,0.0,0.0,0,0,0.0,2684.94,1,0,0.0,19293.52,7,3,0.42857142857142855,0
LGS2ORD0032415,C011794,2025-09-14 17:00:00,Male,60,Bronze,CallCenter,Bangkok,811,TV_Show,COD,17,9,6,1,>50,27.033333333333335,1.0,0.0,0.0,-1,220,597.02,0.28,0.0,1.0,0.0,0.0,0,0,0.0,0.0,0,0,0.0,0.0,0,0,0.0,597.02,1,0,0.0,0
LGS2ORD0032416,C014916,2025-09-14 17:00:00,Male,40,Bronze,Web,Chiang Mai,1420,Lazada,COD,17,9,6,1,30-40,47.333333333333336,4.0,1.0,0.25,-4,5,2814.37,0.28,0.5,0.5,0.0,3211.07,1,1,1.0,4413.9400000000005,2,1,0.5,9622.76,3,1,0.3333333333333333,11257.48,4,1,0.25,0
LGS2ORD0032417,C012628,2025-09-14 17:00:00,Male,34,Platinum,Shopee,Bangkok,954,Shopee,COD,17,9,6,1,30-40,31.8,9.0,1.0,0.1111111111111111,92,36,4417.1866666666665,0.3,0.4444444444444444,0.4444444444444444,0.0,0.0,0,0,0.0,0.0,0,0,0.0,23764.129999999997,3,0,0.0,39754.68,9,1,0.1111111111111111,0
LGS2ORD0032418,C017084,2025-09-14 17:00:00,Female,49,Bronze,Web,Songkhla,272,CallCenter,Credit_Card,17,9,6,1,40-50,9.066666666666666,4.0,1.0,0.25,56,36,3911.13,0.23,0.25,0.25,0.0,0.0,0,0,0.0,0.0,0,0,0.0,14122.670000000002,3,1,0.3333333333333333,15644.52,4,1,0.25,1
LGS2ORD0032419,C013768,2025-09-14 17:00:00,Male,39,Platinum,Lazada,Chiang Mai,1289,TV_Show,COD,17,9,6,1,30-40,42.96666666666667,6.0,2.0,0.3333333333333333,216,33,2155.2083333333335,0.3,0.8333333333333334,0.6666666666666666,0.0,0.0,0,0,0.0,0.0,0,0,0.0,3203.62,2,0,0.0,12931.25,6,2,0.3333333333333333,0
LGS2ORD0032420,C015067,2025-09-14 18:00:00,Male,50,Bronze,Web,Remote_Area,1329,Lazada,PromptPay,18,9,6,1,40-50,44.3,7.0,3.0,0.42857142857142855,48,41,5337.092857142857,0.23,0.42857142857142855,0.2857142857142857,0.0,0.0,0,0,0.0,0.0,0,0,0.0,24695.75,4,2,0.5,37359.649999999994,7,3,0.42857142857142855,0
LGS2ORD0032421,C016200,2025-09-14 18:00:00,Female,48,Gold,TV,Bangkok,339,TV_Show,PromptPay,18,9,6,1,40-50,11.3,4.0,0.0,0.0,-1,42,5210.26,0.28,0.25,0.25,0.0,0.0,0,0,0.0,0.0,0,0,0.0,11505.04,1,0,0.0,20841.04,4,0,0.0,0
LGS2ORD0032422,C016822,2025-09-14 18:00:00,Female,31,Bronze,Web,Remote_Area,376,Lazada,COD,18,9,6,1,30-40,12.533333333333333,8.0,4.0,0.5,7,14,4359.98875,0.28,0.5,0.25,0.0,0.0,0,0,0.0,5214.79,1,1,1.0,5214.79,1,1,1.0,34879.91,8,4,0.5,0
LGS2ORD0032423,C015941,2025-09-14 18:00:00,Female,46,Bronze,Lazada,Songkhla,512,Shopee,PromptPay,18,9,6,1,40-50,17.066666666666666,5.0,4.0,0.8,75,82,16503.322,0.28,0.6,0.2,0.0,0.0,0,0,0.0,0.0,0,0,0.0,2132.99,1,1,1.0,82516.61,5,4,0.8,0
LGS2ORD0032424,C017385,2025-09-14 18:00:00,Male,66,Bronze,Lazada,Bangkok,1264,TV_Show,PromptPay,18,9,6,1,>50,42.13333333333333,5.0,0.0,0.0,-1,66,5309.128000000001,0.18,0.4,0.0,0.0,0.0,0,0,0.0,0.0,0,0,0.0,1130.4,1,0,0.0,26545.640000000003,5,0,0.0,0
LGS2ORD0032425,C013731,2025-09-14 19:00:00,Female,32,Gold,Shopee,Chonburi,904,TV_Show,COD,19,9,6,1,30-40,30.133333333333333,1.0,0.0,0.0,-1,160,4632.91,0.08,1.0,0.0,0.0,0.0,0,0,0.0,0.0,0,0,0.0,0.0,0,0,0.0,4632.91,1,0,0.0,0
LGS2ORD0032426,C010628,2025-09-14 19:00:00,Male,50,Bronze,Shopee,Songkhla,293,Shopee,COD,19,9,6,1,40-50,9.766666666666667,7.0,2.0,0.2857142857142857,159,12,6152.4685714285715,0.18,0.42857142857142855,0.0,0.0,0.0,0,0,0.0,4147.05,1,0,0.0,4147.05,1,0,0.0,43067.28,7,2,0.2857142857142857,1
LGS2ORD0032427,C010505,2025-09-14 19:00:00,Male,45,Bronze,Web,Bangkok,1339,Lazada,COD,19,9,6,1,40-50,44.63333333333333,5.0,1.0,0.2,208,77,3314.464,0.18,0.6,0.0,0.0,0.0,0,0,0.0,0.0,0,0,0.0,1836.3899999999999,2,0,0.0,16572.32,5,1,0.2,0
LGS2ORD0032428,C015420,2025-09-14 19:00:00,Male,43,Bronze,Shopee,Songkhla,1675,TV_Show,COD,19,9,6,1,40-50,55.833333333333336,3.0,0.0,0.0,-1,52,6110.243333333335,0.28,0.6666666666666666,0.6666666666666666,0.0,0.0,0,0,0.0,0.0,0,0,0.0,1564.83,1,0,0.0,18330.730000000003,3,0,0.0,0
LGS2ORD0032429,C013808,2025-09-14 19:00:00,Female,34,Bronze,Shopee,Bangkok,1110,Shopee,COD,19,9,6,1,30-40,37.0,8.0,0.0,0.0,-1,27,4122.79625,0.28,0.375,0.375,0.0,0.0,0,0,0.0,9726.11,1,0,0.0,18101.4,3,0,0.0,32982.37,8,0,0.0,1
LGS2ORD0032430,C017576,2025-09-14 20:00:00,Female,42,Silver,TV,Chonburi,854,Lazada,COD,20,9,6,1,40-50,28.466666666666665,6.0,1.0,0.16666666666666666,77,15,4702.31,0.25,0.5,0.16666666666666666,0.0,0.0,0,0,0.0,541.33,1,0,0.0,14271.62,3,1,0.3333333333333333,28213.86,6,1,0.16666666666666666,0
LGS2ORD0032431,C014622,2025-09-14 20:00:00,Male,49,Silver,Shopee,Remote_Area,1210,Shopee,COD,20,9,6,1,40-50,40.333333333333336,10.0,3.0,0.3,14,22,4608.070000000001,0.25,0.4,0.3,0.0,0.0,0,0,0.0,1609.26,1,1,1.0,21347.76,3,2,0.6666666666666666,46080.700000000004,10,3,0.3,0
LGS2ORD0032432,C011407,2025-09-14 20:00:00,Female,24,Silver,Lazada,Chiang Mai,560,Web,Credit_Card,20,9,6,1,20-30,18.666666666666668,1.0,1.0,1.0,65,75,960.01,0.05,1.0,0.0,0.0,0.0,0,0,0.0,0.0,0,0,0.0,960.01,1,1,1.0,960.01,1,1,1.0,0
LGS2ORD0032433,C015560,2025-09-14 20:00:00,Female,28,Silver,Web,Phuket,597,Shopee,COD,20,9,6,1,20-30,19.9,7.0,3.0,0.42857142857142855,53,68,7745.79,0.25,0.7142857142857143,0.2857142857142857,0.0,0.0,0,0,0.0,0.0,0,0,0.0,22939.440000000002,4,2,0.5,54220.53,7,3,0.42857142857142855,0
LGS2ORD0032434,C011315,2025-09-14 20:00:00,Female,37,Silver,Shopee,Bangkok,286,TV_Show,PromptPay,20,9,6,1,30-40,9.533333333333333,8.0,2.0,0.25,69,9,1753.5825,0.3,0.25,0.75,0.0,0.0,0,0,0.0,1789.53,1,0,0.0,4434.9,3,1,0.3333333333333333,14028.66,8,2,0.25,0
LGS2ORD0032435,C014274,2025-09-14 21:00:00,Female,55,Bronze,Web,Bangkok,1055,CallCenter,COD,21,9,6,1,>50,35.166666666666664,4.0,2.0,0.5,12,13,6348.139999999999,0.18,0.75,0.0,0.0,0.0,0,0,0.0,9719.13,2,1,0.5,9719.13,2,1,0.5,25392.559999999998,4,2,0.5,0
LGS2ORD0032436,C011158,2025-09-14 21:00:00,Female,38,Silver,Lazada,Bangkok,546,Shopee,COD,21,9,6,1,30-40,18.2,5.0,2.0,0.4,17,8,8900.708,0.3,0.2,0.2,0.0,0.0,0,0,0.0,31446.94,1,0,0.0,41334.78,3,2,0.6666666666666666,44503.54,5,2,0.4,0
LGS2ORD0032437,C017359,2025-09-14 21:00:00,Female,44,Silver,Lazada,Phuket,418,TV_Show,Bank_Transfer,21,9,6,1,40-50,13.933333333333334,3.0,1.0,0.3333333333333333,34,36,4744.456666666666,0.1,0.3333333333333333,0.0,0.0,0.0,0,0,0.0,0.0,0,0,0.0,1907.32,1,1,1.0,14233.369999999999,3,1,0.3333333333333333,0
LGS2ORD0032438,C014236,2025-09-14 21:00:00,Male,37,Silver,TV,Songkhla,1652,TV_Show,COD,21,9,6,1,30-40,55.06666666666667,3.0,1.0,0.3333333333333333,237,171,5351.913333333333,0.05,0.6666666666666666,0.0,0.0,0.0,0,0,0.0,0.0,0,0,0.0,0.0,0,0,0.0,16055.739999999998,3,1,0.3333333333333333,1
LGS2ORD0032439,C010137,2025-09-14 21:00:00,Female,43,Gold,Lazada,Chiang Mai,908,TV_Show,COD,21,9,6,1,40-50,30.266666666666666,15.0,5.0,0.3333333333333333,12,12,6861.616666666668,0.33,0.6666666666666666,0.7333333333333333,0.0,0.0,0,0,0.0,12764.02,3,1,0.3333333333333333,44552.53,8,4,0.5,102924.25000000001,15,5,0.3333333333333333,0
LGS2ORD0032440,C017542,2025-09-14 21:00:00,Female,45,Bronze,TV,Chiang Mai,328,CallCenter,COD,21,9,6,1,40-50,10.933333333333334,5.0,1.0,0.2,215,149,8877.026000000002,0.23,0.8,0.2,0.0,0.0,0,0,0.0,0.0,0,0,0.0,0.0,0,0,0.0,44385.130000000005,5,1,0.2,1
LGS2ORD0032441,C015758,2025-09-14 22:00:00,Female,53,Bronze,TV,Khon Kaen,1534,Shopee,COD,22,9,6,1,>50,51.13333333333333,3.0,1.0,0.3333333333333333,185,190,8982.11,0.18,0.3333333333333333,0.0,0.0,0.0,0,0,0.0,0.0,0,0,0.0,0.0,0,0,0.0,26946.33,3,1,0.3333333333333333,0
LGS2ORD0032442,C017020,2025-09-14 22:00:00,Male,55,Silver,TV,Chiang Mai,746,Shopee,COD,22,9,6,1,>50,24.866666666666667,4.0,3.0,0.75,93,100,3916.2825000000003,0.3,0.75,0.5,0.0,0.0,0,0,0.0,0.0,0,0,0.0,0.0,0,0,0.0,15665.130000000001,4,3,0.75,0
LGS2ORD0032443,C013767,2025-09-14 22:00:00,Female,23,Bronze,TV,Nakhon Ratchasima,814,Web,COD,22,9,6,1,20-30,27.133333333333333,6.0,2.0,0.3333333333333333,64,73,5648.7699999999995,0.28,0.5,0.16666666666666666,0.0,0.0,0,0,0.0,0.0,0,0,0.0,5420.6,1,1,1.0,33892.619999999995,6,2,0.3333333333333333,0
LGS2ORD0032444,C012462,2025-09-14 22:00:00,Female,46,Silver,Shopee,Khon Kaen,1527,Shopee,COD,22,9,6,1,40-50,50.9,3.0,0.0,0.0,-1,30,6536.373333333333,0.2,0.0,0.0,0.0,0.0,0,0,0.0,0.0,0,0,0.0,546.48,1,0,0.0,19609.12,3,0,0.0,0
LGS2ORD0032445,C014638,2025-09-14 22:00:00,Female,58,Bronze,TV,Bangkok,816,CallCenter,Credit_Card,22,9,6,1,>50,27.2,4.0,1.0,0.25,207,26,8179.495,0.13,0.75,0.0,0.0,0.0,0,0,0.0,5203.79,1,0,0.0,5203.79,1,0,0.0,32717.98,4,1,0.25,0
LGS2ORD0032446,C017211,2025-09-14 23:00:00,Male,62,Bronze,Shopee,Nakhon Ratchasima,336,CallCenter,PromptPay,23,9,6,1,>50,11.2,6.0,0.0,0.0,-1,5,2081.331666666667,0.28,0.6666666666666666,0.16666666666666666,0.0,1366.36,1,0,0.0,1366.36,1,0,0.0,7832.19,3,0,0.0,12487.990000000002,6,0,0.0,0
LGS2ORD0032447,C014026,2025-09-14 23:00:00,Female,60,Silver,Lazada,Remote_Area,363,Web,COD,23,9,6,1,>50,12.1,9.0,2.0,0.2222222222222222,76,26,3783.8444444444444,0.25,0.5555555555555556,0.2222222222222222,0.0,0.0,0,0,0.0,6259.73,1,0,0.0,7555.759999999999,2,1,0.5,34054.6,9,2,0.2222222222222222,0
LGS2ORD0032448,C017195,2025-09-14 23:00:00,Male,59,Bronze,Lazada,Phuket,1208,TV_Show,Bank_Transfer,23,9,6,1,>50,40.266666666666666,2.0,0.0,0.0,-1,168,9057.630000000001,0.03,1.0,0.0,0.0,0.0,0,0,0.0,0.0,0,0,0.0,0.0,0,0,0.0,18115.260000000002,2,0,0.0,0
LGS2ORD0032449,C010773,2025-09-14 23:00:00,Female,57,Bronze,TV,Chiang Mai,289,CallCenter,COD,23,9,6,1,>50,9.633333333333333,2.0,1.0,0.5,14,31,4899.63,0.28,0.5,0.5,0.0,0.0,0,0,0.0,0.0,0,0,0.0,1928.27,1,1,1.0,9799.26,2,1,0.5,0
LGS2ORD0032450,C015170,2025-09-14 23:00:00,Female,33,Silver,Web,Bangkok,1701,Shopee,Bank_Transfer,23,9,6,1,30-40,56.7,4.0,2.0,0.5,29,20,5969.015,0.15,0.5,0.0,0.0,0.0,0,0,0.0,14087.849999999999,2,0,0.0,23876.06,4,2,0.5,23876.06,4,2,0.5,0
LGS2ORD0032451,C011297,2025-09-15 00:00:00,Female,62,Gold,Shopee,Chiang Mai,484,Lazada,Bank_Transfer,0,9,0,0,>50,16.133333333333333,6.0,1.0,0.16666666666666666,118,0,4255.86,0.33,0.5,0.3333333333333333,0.0,964.91,1,0,0.0,964.91,1,0,0.0,10622.34,3,0,0.0,25535.16,6,1,0.16666666666666666,1
LGS2ORD0032452,C017534,2025-09-15 00:00:00,Female,51,Bronze,Shopee,Chonburi,277,CallCenter,Credit_Card,0,9,0,0,>50,9.233333333333333,6.0,3.0,0.5,136,139,4201.405,0.28,1.0,0.3333333333333333,0.0,0.0,0,0,0.0,0.0,0,0,0.0,0.0,0,0,0.0,25208.43,6,3,0.5,0
LGS2ORD0032453,C017661,2025-09-15 00:00:00,Male,44,Bronze,TV,Khon Kaen,1282,Web,COD,0,9,0,0,40-50,42.733333333333334,6.0,1.0,0.16666666666666666,23,6,3003.146666666667,0.28,0.5,0.16666666666666666,0.0,2939.32,1,0,0.0,2939.32,1,0,0.0,8887.57,3,1,0.3333333333333333,18018.88,6,1,0.16666666666666666,0
LGS2ORD0032454,C016001,2025-09-15 00:00:00,Female,37,Bronze,TV,Khon Kaen,707,Shopee,PromptPay,0,9,0,0,30-40,23.566666666666666,7.0,1.0,0.14285714285714285,54,6,4332.967142857143,0.28,0.42857142857142855,0.2857142857142857,0.0,6653.59,1,0,0.0,9870.36,3,0,0.0,24375.76,5,1,0.2,30330.77,7,1,0.14285714285714285,0
LGS2ORD0032455,C016309,2025-09-15 00:00:00,Male,38,Silver,Shopee,Bangkok,1394,Shopee,COD,0,9,0,0,30-40,46.46666666666667,2.0,0.0,0.0,-1,97,4584.355,0.3,0.5,0.5,0.0,0.0,0,0,0.0,0.0,0,0,0.0,0.0,0,0,0.0,9168.71,2,0,0.0,0
LGS2ORD0032456,C011796,2025-09-15 01:00:00,Female,49,Bronze,Lazada,Nakhon Ratchasima,1099,Web,Credit_Card,1,9,0,0,40-50,36.63333333333333,4.0,2.0,0.5,-3,5,3611.0149999999994,0.28,0.75,0.25,0.0,3297.71,1,1,1.0,3297.71,1,1,1.0,4329.09,2,1,0.5,14444.059999999998,4,2,0.5,0
LGS2ORD0032457,C017667,2025-09-15 01:00:00,Female,41,Bronze,Shopee,Chiang Mai,543,Web,COD,1,9,0,0,40-50,18.1,8.0,3.0,0.375,85,21,5578.71375,0.28,0.625,0.25,0.0,0.0,0,0,0.0,1478.33,1,0,0.0,19916.14,3,1,0.3333333333333333,44629.71,8,3,0.375,0
LGS2ORD0032458,C010167,2025-09-15 01:00:00,Male,57,Bronze,TV,Bangkok,1208,Shopee,COD,1,9,0,0,>50,40.266666666666666,7.0,1.0,0.14285714285714285,168,87,5660.335714285714,0.18,0.42857142857142855,0.0,0.0,0.0,0,0,0.0,0.0,0,0,0.0,4138.81,1,0,0.0,39622.35,7,1,0.14285714285714285,1
LGS2ORD0032459,C014098,2025-09-15 01:00:00,Female,53,Platinum,Shopee,Songkhla,1605,CallCenter,PromptPay,1,9,0,0,>50,53.5,1.0,1.0,1.0,221,234,3544.5,0.35,1.0,1.0,0.0,0.0,0,0,0.0,0.0,0,0,0.0,0.0,0,0,0.0,3544.5,1,1,1.0,0
LGS2ORD0032460,C014073,2025-09-15 01:00:00,Female,46,Silver,Web,Khon Kaen,789,Shopee,COD,1,9,0,0,40-50,26.3,5.0,1.0,0.2,63,36,6638.1320000000005,0.3,0.6,0.2,0.0,0.0,0,0,0.0,0.0,0,0,0.0,15270.16,3,1,0.3333333333333333,33190.66,5,1,0.2,1
LGS2ORD0032461,C014266,2025-09-15 01:00:00,Male,34,Silver,CallCenter,Bangkok,308,TV_Show,PromptPay,1,9,0,0,30-40,10.266666666666667,4.0,1.0,0.25,135,27,5286.875,0.25,0.25,0.25,0.0,0.0,0,0,0.0,4444.36,1,0,0.0,4444.36,1,0,0.0,21147.5,4,1,0.25,1
LGS2ORD0032462,C011212,2025-09-15 02:00:00,Female,54,Bronze,Web,Bangkok,1617,TV_Show,Credit_Card,2,9,0,0,>50,53.9,6.0,1.0,0.16666666666666666,113,44,5215.821666666667,0.23,0.6666666666666666,0.16666666666666666,0.0,0.0,0,0,0.0,0.0,0,0,0.0,23430.39,2,0,0.0,31294.93,6,1,0.16666666666666666,0
LGS2ORD0032463,C012627,2025-09-15 02:00:00,Female,48,Gold,Web,Bangkok,777,Shopee,Credit_Card,2,9,0,0,40-50,25.9,3.0,0.0,0.0,-1,17,3113.59,0.28,0.0,0.3333333333333333,0.0,0.0,0,0,0.0,4164.7,1,0,0.0,4164.7,1,0,0.0,9340.77,3,0,0.0,0
LGS2ORD0032464,C016976,2025-09-15 02:00:00,Male,54,Gold,Web,Khon Kaen,666,Shopee,COD,2,9,0,0,>50,22.2,4.0,0.0,0.0,-1,34,12029.1325,0.33,0.25,0.5,0.0,0.0,0,0,0.0,0.0,0,0,0.0,33021.35,2,0,0.0,48116.53,4,0,0.0,1
LGS2ORD0032465,C010422,2025-09-15 02:00:00,Female,38,Platinum,TV,Khon Kaen,1664,CallCenter,COD,2,9,0,0,30-40,55.46666666666667,6.0,0.0,0.0,-1,16,10321.633333333333,0.35,0.5,0.3333333333333333,0.0,0.0,0,0,0.0,6574.77,1,0,0.0,6574.77,1,0,0.0,61929.8,6,0,0.0,0
LGS2ORD0032466,C010682,2025-09-15 02:00:00,Male,56,Bronze,Web,Bangkok,1412,Lazada,Credit_Card,2,9,0,0,>50,47.06666666666667,2.0,1.0,0.5,177,191,1250.795,0.23,0.0,0.5,0.0,0.0,0,0,0.0,0.0,0,0,0.0,0.0,0,0,0.0,2501.59,2,1,0.5,0
LGS2ORD0032467,C013449,2025-09-15 03:00:00,Female,52,Bronze,Web,Chonburi,1157,Shopee,Bank_Transfer,3,9,0,0,>50,38.56666666666667,10.0,4.0,0.4,31,32,5620.904,0.28,0.5,0.1,0.0,0.0,0,0,0.0,0.0,0,0,0.0,7162.77,3,1,0.3333333333333333,56209.04000000001,10,4,0.4,0
LGS2ORD0032468,C012074,2025-09-15 03:00:00,Male,18,Bronze,Lazada,Remote_Area,856,TV_Show,Bank_Transfer,3,9,0,0,<20,28.533333333333335,3.0,1.0,0.3333333333333333,218,18,7638.360000000001,0.28,0.3333333333333333,0.6666666666666666,0.0,0.0,0,0,0.0,10504.53,1,0,0.0,10504.53,1,0,0.0,22915.08,3,1,0.3333333333333333,0
LGS2ORD0032469,C011536,2025-09-15 03:00:00,Male,34,Bronze,Lazada,Bangkok,1515,Shopee,COD,3,9,0,0,30-40,50.5,3.0,1.0,0.3333333333333333,210,8,5309.913333333333,0.23,0.6666666666666666,0.3333333333333333,0.0,0.0,0,0,0.0,1729.08,1,0,0.0,1729.08,1,0,0.0,15929.74,3,1,0.3333333333333333,0
LGS2ORD0032470,C015438,2025-09-15 03:00:00,Male,61,Silver,CallCenter,Khon Kaen,828,Shopee,COD,3,9,0,0,>50,27.6,4.0,0.0,0.0,-1,4,6071.3775,0.3,0.25,0.25,0.0,6456.53,1,0,0.0,6456.53,1,0,0.0,13535.970000000001,3,0,0.0,24285.51,4,0,0.0,0
LGS2ORD0032471,C014544,2025-09-15 03:00:00,Male,60,Gold,Web,Chiang Mai,1577,TV_Show,PromptPay,3,9,0,0,>50,52.56666666666667,2.0,1.0,0.5,222,20,4821.655,0.2299999999999999,0.5,0.5,0.0,0.0,0,0,0.0,382.26,1,0,0.0,382.26,1,0,0.0,9643.31,2,1,0.5,1
LGS2ORD0032472,C011936,2025-09-15 04:00:00,Male,58,Bronze,Web,Chiang Mai,1010,TV_Show,COD,4,9,0,0,>50,33.666666666666664,6.0,0.0,0.0,-1,57,6079.105,0.28,0.3333333333333333,0.16666666666666666,0.0,0.0,0,0,0.0,0.0,0,0,0.0,17321.32,2,0,0.0,36474.63,6,0,0.0,1
LGS2ORD0032473,C016343,2025-09-15 04:00:00,Female,39,Bronze,TV,Songkhla,419,Lazada,PromptPay,4,9,0,0,30-40,13.966666666666667,8.0,3.0,0.375,82,36,4161.13625,0.28,0.625,0.125,0.0,0.0,0,0,0.0,0.0,0,0,0.0,445.12,1,0,0.0,33289.09,8,3,0.375,1
LGS2ORD0032474,C016585,2025-09-15 04:00:00,Male,49,Bronze,Lazada,Songkhla,1175,CallCenter,Credit_Card,4,9,0,0,40-50,39.166666666666664,2.0,1.0,0.5,177,58,8881.385,0.23,0.0,0.5,0.0,0.0,0,0,0.0,0.0,0,0,0.0,1737.42,1,0,0.0,17762.77,2,1,0.5,0
LGS2ORD0032475,C014281,2025-09-15 04:00:00,Male,41,Bronze,Web,Remote_Area,614,CallCenter,COD,4,9,0,0,40-50,20.466666666666665,5.0,2.0,0.4,32,38,7287.152,0.18,0.6,0.0,0.0,0.0,0,0,0.0,0.0,0,0,0.0,522.31,1,1,1.0,36435.76,5,2,0.4,0
LGS2ORD0032476,C014894,2025-09-15 04:00:00,Male,47,Silver,TV,Chonburi,934,Web,COD,4,9,0,0,40-50,31.133333333333333,6.0,1.0,0.16666666666666666,123,4,7839.923333333332,0.25,0.5,0.3333333333333333,0.0,10411.41,1,0,0.0,10411.41,1,0,0.0,12265.119999999999,2,0,0.0,47039.53999999999,6,1,0.16666666666666666,0
LGS2ORD0032477,C017388,2025-09-15 05:00:00,Female,30,Silver,CallCenter,Bangkok,1704,TV_Show,COD,5,9,0,0,20-30,56.8,7.0,1.0,0.14285714285714285,217,30,3936.8942857142856,0.25,0.2857142857142857,0.14285714285714285,0.0,0.0,0,0,0.0,0.0,0,0,0.0,977.77,1,0,0.0,27558.26,7,1,0.14285714285714285,0
LGS2ORD0032478,C010998,2025-09-15 05:00:00,Female,25,Gold,Web,Khon Kaen,1646,Shopee,PromptPay,5,9,0,0,20-30,54.86666666666667,4.0,0.0,0.0,-1,38,3100.0374999999995,0.33,0.25,0.5,0.0,0.0,0,0,0.0,0.0,0,0,0.0,6424.71,2,0,0.0,12400.149999999998,4,0,0.0,0
LGS2ORD0032479,C013131,2025-09-15 05:00:00,Female,55,Silver,TV,Chiang Mai,787,CallCenter,Bank_Transfer,5,9,0,0,>50,26.233333333333334,3.0,0.0,0.0,-1,68,7136.936666666667,0.3,0.3333333333333333,0.3333333333333333,0.0,0.0,0,0,0.0,0.0,0,0,0.0,13399.19,1,0,0.0,21410.81,3,0,0.0,0
LGS2ORD0032480,C015085,2025-09-15 05:00:00,Female,39,Bronze,Shopee,Remote_Area,1339,Lazada,COD,5,9,0,0,30-40,44.63333333333333,7.0,2.0,0.2857142857142857,69,24,6036.164285714286,0.28,0.42857142857142855,0.14285714285714285,0.0,0.0,0,0,0.0,7251.07,1,0,0.0,9884.51,3,1,0.3333333333333333,42253.15,7,2,0.2857142857142857,0
LGS2ORD0032481,C012600,2025-09-15 05:00:00,Male,33,Silver,TV,Bangkok,1566,Web,Credit_Card,5,9,0,0,30-40,52.2,2.0,1.0,0.5,0,15,13823.985,0.3,0.5,0.5,0.0,0.0,0,0,0.0,27647.97,2,1,0.5,27647.97,2,1,0.5,27647.97,2,1,0.5,0
LGS2ORD0032482,C010777,2025-09-15 05:00:00,Female,36,Platinum,Web,Phuket,681,TV_Show,COD,5,9,0,0,30-40,22.7,4.0,1.0,0.25,71,82,2663.3399999999997,0.3,0.5,0.75,0.0,0.0,0,0,0.0,0.0,0,0,0.0,1534.33,1,1,1.0,10653.359999999999,4,1,0.25,0
LGS2ORD0032483,C015179,2025-09-15 06:00:00,Male,41,Platinum,Lazada,Khon Kaen,1249,Web,Credit_Card,6,9,0,0,40-50,41.63333333333333,6.0,3.0,0.5,12,18,4991.8133333333335,0.35,0.3333333333333333,0.5,0.0,0.0,0,0,0.0,17715.86,2,1,0.5,27475.800000000003,3,2,0.6666666666666666,29950.88,6,3,0.5,1
LGS2ORD0032484,C010781,2025-09-15 06:00:00,Male,43,Silver,TV,Khon Kaen,1314,CallCenter,COD,6,9,0,0,40-50,43.8,4.0,1.0,0.25,186,68,3820.765,0.25,0.75,0.5,0.0,0.0,0,0,0.0,0.0,0,0,0.0,4922.09,1,0,0.0,15283.06,4,1,0.25,0
LGS2ORD0032485,C014816,2025-09-15 06:00:00,Male,40,Silver,Lazada,Khon Kaen,1137,Web,COD,6,9,0,0,30-40,37.9,3.0,0.0,0.0,-1,64,1432.3133333333333,0.3,0.3333333333333333,0.3333333333333333,0.0,0.0,0,0,0.0,0.0,0,0,0.0,325.78,1,0,0.0,4296.94,3,0,0.0,0
LGS2ORD0032486,C016368,2025-09-15 06:00:00,Female,39,Silver,Web,Khon Kaen,1660,Web,Bank_Transfer,6,9,0,0,30-40,55.333333333333336,5.0,2.0,0.4,63,53,4476.803999999999,0.3,0.4,0.2,0.0,0.0,0,0,0.0,0.0,0,0,0.0,8008.92,2,1,0.5,22384.019999999997,5,2,0.4,1
LGS2ORD0032487,C017174,2025-09-15 06:00:00,Male,62,Silver,CallCenter,Phuket,1565,Lazada,Credit_Card,6,9,0,0,>50,52.166666666666664,9.0,1.0,0.1111111111111111,107,23,3138.116666666667,0.3,0.5555555555555556,0.4444444444444444,0.0,0.0,0,0,0.0,564.49,1,0,0.0,8435.12,4,0,0.0,28243.050000000003,9,1,0.1111111111111111,0
LGS2ORD0032488,C011705,2025-09-15 07:00:00,Male,46,Gold,TV,Bangkok,1087,Web,PromptPay,7,9,0,0,40-50,36.233333333333334,2.0,0.0,0.0,-1,32,6759.04,0.2299999999999999,0.0,0.5,0.0,0.0,0,0,0.0,0.0,0,0,0.0,1490.47,1,0,0.0,13518.08,2,0,0.0,1
LGS2ORD0032489,C014869,2025-09-15 07:00:00,Female,50,Bronze,Lazada,Chonburi,372,Lazada,COD,7,9,0,0,40-50,12.4,5.0,1.0,0.2,193,90,3425.0520000000006,0.18,0.6,0.0,0.0,0.0,0,0,0.0,0.0,0,0,0.0,0.0,0,0,0.0,17125.260000000002,5,1,0.2,0
LGS2ORD0032490,C014452,2025-09-15 07:00:00,Male,43,Bronze,Web,Nakhon Ratchasima,989,Lazada,Bank_Transfer,7,9,0,0,40-50,32.96666666666667,2.0,1.0,0.5,169,111,2576.095,0.28,0.5,0.5,0.0,0.0,0,0,0.0,0.0,0,0,0.0,0.0,0,0,0.0,5152.19,2,1,0.5,0
LGS2ORD0032491,C017133,2025-09-15 07:00:00,Female,22,Gold,Shopee,Nakhon Ratchasima,1183,Shopee,Credit_Card,7,9,0,0,20-30,39.43333333333333,5.0,2.0,0.4,9,19,6364.228,0.2299999999999999,0.2,0.2,0.0,0.0,0,0,0.0,3258.26,1,1,1.0,7235.75,2,1,0.5,31821.14,5,2,0.4,1
LGS2ORD0032492,C017232,2025-09-15 07:00:00,Male,24,Silver,Shopee,Bangkok,430,TV_Show,Credit_Card,7,9,0,0,20-30,14.333333333333334,4.0,0.0,0.0,-1,68,2711.6925,0.25,0.5,0.25,0.0,0.0,0,0,0.0,0.0,0,0,0.0,8899.470000000001,2,0,0.0,10846.77,4,0,0.0,0
LGS2ORD0032493,C010248,2025-09-15 08:00:00,Female,63,Platinum,Shopee,Bangkok,484,TV_Show,PromptPay,8,9,0,0,>50,16.133333333333333,7.0,1.0,0.14285714285714285,204,33,2517.032857142857,0.3,0.5714285714285714,0.42857142857142855,0.0,0.0,0,0,0.0,0.0,0,0,0.0,8800.69,4,0,0.0,17619.23,7,1,0.14285714285714285,0
LGS2ORD0032494,C014569,2025-09-15 08:00:00,Male,34,Bronze,TV,Remote_Area,579,Web,COD,8,9,0,0,30-40,19.3,2.0,0.0,0.0,-1,47,2997.38,0.08,0.0,0.0,0.0,0.0,0,0,0.0,0.0,0,0,0.0,3228.98,1,0,0.0,5994.76,2,0,0.0,0
LGS2ORD0032495,C017661,2025-09-15 08:00:00,Male,44,Bronze,TV,Khon Kaen,1282,Web,PromptPay,8,9,0,0,40-50,42.733333333333334,7.0,1.0,0.14285714285714285,23,0,2659.0685714285714,0.28,0.5714285714285714,0.2857142857142857,0.0,3533.92,2,0,0.0,3533.92,2,0,0.0,9482.17,4,1,0.25,18613.48,7,1,0.14285714285714285,0
LGS2ORD0032496,C014898,2025-09-15 08:00:00,Female,30,Bronze,TV,Bangkok,854,Web,Bank_Transfer,8,9,0,0,20-30,28.466666666666665,4.0,2.0,0.5,185,90,5546.549999999999,0.28,0.75,0.5,0.0,0.0,0,0,0.0,0.0,0,0,0.0,0.0,0,0,0.0,22186.199999999997,4,2,0.5,1
LGS2ORD0032497,C016791,2025-09-15 08:00:00,Male,44,Bronze,TV,Chonburi,274,Shopee,COD,8,9,0,0,40-50,9.133333333333333,4.0,1.0,0.25,189,56,14003.330000000002,0.23,0.25,0.5,0.0,0.0,0,0,0.0,0.0,0,0,0.0,31809.31,1,0,0.0,56013.32000000001,4,1,0.25,1
LGS2ORD0032498,C017157,2025-09-15 09:00:00,Female,45,Gold,TV,Khon Kaen,1586,TV_Show,COD,9,9,0,0,40-50,52.86666666666667,4.0,1.0,0.25,63,17,5880.725,0.28,0.75,0.75,0.0,0.0,0,0,0.0,1347.39,1,0,0.0,5714.06,3,1,0.3333333333333333,23522.9,4,1,0.25,1
LGS2ORD0032499,C012099,2025-09-15 09:00:00,Female,33,Bronze,TV,Bangkok,1661,TV_Show,COD,9,9,0,0,30-40,55.36666666666667,3.0,1.0,0.3333333333333333,232,61,12948.15,0.13,0.6666666666666666,0.0,0.0,0.0,0,0,0.0,0.0,0,0,0.0,1017.44,1,0,0.0,38844.45,3,1,0.3333333333333333,0
LGS2ORD0032500,C012890,2025-09-15 09:00:00,Male,41,Silver,Shopee,Khon Kaen,433,TV_Show,COD,9,9,0,0,40-50,14.433333333333334,6.0,0.0,0.0,-1,21,6507.100000000001,0.3,0.16666666666666666,0.16666666666666666,0.0,0.0,0,0,0.0,11653.17,1,0,0.0,16496.75,3,0,0.0,39042.600000000006,6,0,0.0,1
LGS2ORD0032501,C014939,2025-09-15 09:00:00,Male,26,Bronze,Shopee,Bangkok,1567,CallCenter,COD,9,9,0,0,20-30,52.233333333333334,4.0,3.0,0.75,101,38,1280.645,0.28,0.75,0.75,0.0,0.0,0,0,0.0,0.0,0,0,0.0,2269.01,1,0,0.0,5122.58,4,3,0.75,0
LGS2ORD0032502,C017246,2025-09-15 09:00:00,Female,29,Bronze,TV,Bangkok,635,Web,COD,9,9,0,0,20-30,21.166666666666668,5.0,3.0,0.6,13,23,2921.558,0.23,1.0,0.6,0.0,0.0,0,0,0.0,2000.93,1,1,1.0,8859.64,2,2,1.0,14607.79,5,3,0.6,0
LGS2ORD0032503,C013956,2025-09-15 09:00:00,Other,41,Platinum,Lazada,Songkhla,1644,TV_Show,Bank_Transfer,9,9,0,0,40-50,54.8,5.0,1.0,0.2,76,87,4306.232000000001,0.2,0.8,0.0,0.0,0.0,0,0,0.0,0.0,0,0,0.0,4461.51,1,1,1.0,21531.160000000003,5,1,0.2,0
LGS2ORD0032504,C016915,2025-09-15 10:00:00,Female,57,Bronze,TV,Chonburi,424,Shopee,COD,10,9,0,0,>50,14.133333333333333,10.0,1.0,0.1,32,13,4364.7080000000005,0.28,0.5,0.2,0.0,0.0,0,0,0.0,7029.21,1,0,0.0,18936.1,4,1,0.25,43647.08,10,1,0.1,0
LGS2ORD0032505,C015362,2025-09-15 10:00:00,Female,44,Bronze,Lazada,Bangkok,717,Web,COD,10,9,0,0,40-50,23.9,9.0,2.0,0.2222222222222222,123,5,2086.5844444444447,0.28,0.6666666666666666,0.3333333333333333,0.0,2791.46,1,0,0.0,2791.46,1,0,0.0,6273.08,3,0,0.0,18779.260000000002,9,2,0.2222222222222222,0
LGS2ORD0032506,C012226,2025-09-15 10:00:00,Male,41,Bronze,Web,Songkhla,1696,Web,COD,10,9,0,0,40-50,56.53333333333333,5.0,1.0,0.2,89,56,4063.518,0.28,0.6,0.6,0.0,0.0,0,0,0.0,0.0,0,0,0.0,10630.63,2,0,0.0,20317.59,5,1,0.2,0
LGS2ORD0032507,C010248,2025-09-15 10:00:00,Female,63,Platinum,Shopee,Bangkok,484,Shopee,Bank_Transfer,10,9,0,0,>50,16.133333333333333,8.0,1.0,0.125,204,0,2311.48125,0.3,0.5,0.5,0.0,872.62,1,0,0.0,872.62,1,0,0.0,9673.310000000001,5,0,0.0,18491.85,8,1,0.125,0
LGS2ORD0032508,C014420,2025-09-15 10:00:00,Female,56,Silver,Shopee,Bangkok,605,TV_Show,Bank_Transfer,10,9,0,0,>50,20.166666666666668,4.0,3.0,0.75,6,21,9013.355,0.25,0.0,0.25,0.0,0.0,0,0,0.0,3545.87,1,1,1.0,5447.23,2,1,0.5,36053.42,4,3,0.75,0
LGS2ORD0032509,C015105,2025-09-15 11:00:00,Male,63,Bronze,Lazada,Chonburi,1115,CallCenter,COD,11,9,0,0,>50,37.166666666666664,7.0,3.0,0.42857142857142855,44,52,6000.324285714286,0.23,0.42857142857142855,0.42857142857142855,0.0,0.0,0,0,0.0,0.0,0,0,0.0,8915.460000000001,2,2,1.0,42002.270000000004,7,3,0.42857142857142855,1
LGS2ORD0032510,C012625,2025-09-15 11:00:00,Female,42,Silver,Shopee,Songkhla,357,TV_Show,PromptPay,11,9,0,0,40-50,11.9,7.0,2.0,0.2857142857142857,13,30,6020.0371428571425,0.25,0.42857142857142855,0.14285714285714285,0.0,0.0,0,0,0.0,0.0,0,0,0.0,22903.019999999997,4,2,0.5,42140.259999999995,7,2,0.2857142857142857,0
LGS2ORD0032511,C012864,2025-09-15 11:00:00,Female,56,Bronze,Web,Bangkok,1510,Shopee,COD,11,9,0,0,>50,50.333333333333336,2.0,0.0,0.0,-1,50,1635.46,0.23,0.5,0.5,0.0,0.0,0,0,0.0,0.0,0,0,0.0,3270.92,2,0,0.0,3270.92,2,0,0.0,0
LGS2ORD0032512,C015664,2025-09-15 11:00:00,Female,37,Bronze,CallCenter,Remote_Area,1449,TV_Show,Credit_Card,11,9,0,0,30-40,48.3,5.0,2.0,0.4,94,77,8058.339999999999,0.23,0.6,0.2,0.0,0.0,0,0,0.0,0.0,0,0,0.0,1108.77,1,0,0.0,40291.7,5,2,0.4,0
LGS2ORD0032513,C017071,2025-09-15 11:00:00,Female,47,Bronze,Lazada,Chonburi,282,TV_Show,COD,11,9,0,0,40-50,9.4,4.0,0.0,0.0,-1,2,3221.335,0.18,0.5,0.0,0.0,2379.51,1,0,0.0,10293.04,2,0,0.0,10293.04,2,0,0.0,12885.34,4,0,0.0,1
LGS2ORD0032514,C015055,2025-09-15 12:00:00,Male,41,Gold,TV,Bangkok,826,CallCenter,Credit_Card,12,9,0,0,40-50,27.533333333333335,4.0,2.0,0.5,27,33,3216.3475,0.33,0.75,0.5,0.0,0.0,0,0,0.0,0.0,0,0,0.0,8590.63,2,1,0.5,12865.39,4,2,0.5,0
LGS2ORD0032515,C011205,2025-09-15 12:00:00,Male,24,Silver,CallCenter,Nakhon Ratchasima,1190,Lazada,COD,12,9,0,0,20-30,39.666666666666664,2.0,1.0,0.5,173,180,3944.89,0.1,0.5,0.0,0.0,0.0,0,0,0.0,0.0,0,0,0.0,0.0,0,0,0.0,7889.78,2,1,0.5,0
LGS2ORD0032516,C013690,2025-09-15 12:00:00,Male,42,Silver,Web,Chiang Mai,1569,Shopee,PromptPay,12,9,0,0,40-50,52.3,6.0,1.0,0.16666666666666666,105,3,4940.845,0.3,0.5,0.3333333333333333,0.0,9441.49,1,0,0.0,24004.11,3,0,0.0,28440.439999999995,5,0,0.0,29645.07,6,1,0.16666666666666666,0
LGS2ORD0032517,C011689,2025-09-15 12:00:00,Female,61,Gold,Lazada,Chonburi,891,Shopee,Credit_Card,12,9,0,0,>50,29.7,6.0,1.0,0.16666666666666666,231,84,3819.9516666666664,0.28,0.16666666666666666,0.5,0.0,0.0,0,0,0.0,0.0,0,0,0.0,3882.1,1,0,0.0,22919.71,6,1,0.16666666666666666,0
LGS2ORD0032518,C015428,2025-09-15 12:00:00,Male,58,Bronze,TV,Remote_Area,1334,Lazada,COD,12,9,0,0,>50,44.46666666666667,5.0,1.0,0.2,64,77,4817.688,0.28,0.6,0.4,0.0,0.0,0,0,0.0,0.0,0,0,0.0,1512.46,1,1,1.0,24088.44,5,1,0.2,0
LGS2ORD0032519,C015623,2025-09-15 12:00:00,Male,25,Silver,Shopee,Phuket,1401,Lazada,Credit_Card,12,9,0,0,20-30,46.7,2.0,1.0,0.5,14,19,3752.84,0.2,1.0,0.0,0.0,0.0,0,0,0.0,1475.6,1,1,1.0,1475.6,1,1,1.0,7505.68,2,1,0.5,0
LGS2ORD0032520,C013993,2025-09-15 13:00:00,Male,21,Bronze,CallCenter,Khon Kaen,1498,Web,Bank_Transfer,13,9,0,0,20-30,49.93333333333333,4.0,1.0,0.25,229,72,8760.95,0.28,0.5,0.5,0.0,0.0,0,0,0.0,0.0,0,0,0.0,13882.279999999999,2,0,0.0,35043.8,4,1,0.25,0
LGS2ORD0032521,C014064,2025-09-15 13:00:00,Male,33,Bronze,Web,Phuket,556,TV_Show,COD,13,9,0,0,30-40,18.533333333333335,4.0,1.0,0.25,17,27,9797.18,0.18,0.5,0.0,0.0,0.0,0,0,0.0,18837.86,1,1,1.0,18837.86,1,1,1.0,39188.72,4,1,0.25,0
LGS2ORD0032522,C016274,2025-09-15 13:00:00,Female,45,Gold,TV,Chiang Mai,915,Lazada,COD,13,9,0,0,40-50,30.5,4.0,0.0,0.0,-1,7,8572.7775,0.2299999999999999,0.5,0.5,0.0,0.0,0,0,0.0,13547.09,2,0,0.0,20206.129999999997,3,0,0.0,34291.11,4,0,0.0,1
LGS2ORD0032523,C017855,2025-09-15 13:00:00,Male,44,Platinum,Web,Chonburi,1620,CallCenter,COD,13,9,0,0,40-50,54.0,8.0,2.0,0.25,29,2,8814.49625,0.3,0.375,0.75,0.0,2318.49,1,0,0.0,9921.05,2,0,0.0,58183.42,4,1,0.25,70515.97,8,2,0.25,0
LGS2ORD0032524,C015177,2025-09-15 13:00:00,Male,37,Silver,Web,Remote_Area,1184,Shopee,COD,13,9,0,0,30-40,39.46666666666667,2.0,1.0,0.5,86,104,4753.085,0.15,0.5,0.0,0.0,0.0,0,0,0.0,0.0,0,0,0.0,0.0,0,0,0.0,9506.17,2,1,0.5,1
LGS2ORD0032525,C012909,2025-09-15 14:00:00,Male,41,Bronze,Shopee,Nakhon Ratchasima,1515,Web,Bank_Transfer,14,9,0,0,40-50,50.5,3.0,0.0,0.0,-1,122,4514.3533333333335,0.23,0.6666666666666666,0.6666666666666666,0.0,0.0,0,0,0.0,0.0,0,0,0.0,0.0,0,0,0.0,13543.060000000001,3,0,0.0,0
LGS2ORD0032526,C017298,2025-09-15 14:00:00,Female,36,Silver,Lazada,Nakhon Ratchasima,968,CallCenter,COD,14,9,0,0,30-40,32.266666666666666,8.0,1.0,0.125,140,51,7336.32375,0.25,0.875,0.25,0.0,0.0,0,0,0.0,0.0,0,0,0.0,43093.59,5,0,0.0,58690.59,8,1,0.125,0
LGS2ORD0032527,C016511,2025-09-15 14:00:00,Female,56,Bronze,CallCenter,Chiang Mai,407,Shopee,PromptPay,14,9,0,0,>50,13.566666666666666,6.0,1.0,0.16666666666666666,123,34,5554.959999999999,0.28,0.8333333333333334,0.16666666666666666,0.0,0.0,0,0,0.0,0.0,0,0,0.0,20724.85,3,0,0.0,33329.759999999995,6,1,0.16666666666666666,0
LGS2ORD0032528,C016335,2025-09-15 14:00:00,Female,40,Bronze,Shopee,Nakhon Ratchasima,976,CallCenter,COD,14,9,0,0,30-40,32.53333333333333,2.0,0.0,0.0,-1,117,4174.905000000001,0.08,0.5,0.0,0.0,0.0,0,0,0.0,0.0,0,0,0.0,0.0,0,0,0.0,8349.810000000001,2,0,0.0,0
LGS2ORD0032529,C017678,2025-09-15 14:00:00,Male,18,Bronze,Shopee,Remote_Area,1354,Shopee,Bank_Transfer,14,9,0,0,<20,45.13333333333333,10.0,3.0,0.3,153,87,2359.326,0.28,0.5,0.2,0.1,0.0,0,0,0.0,0.0,0,0,0.0,1801.28,1,0,0.0,23593.26,10,3,0.3,0
LGS2ORD0032530,C010495,2025-09-15 15:00:00,Female,57,Gold,Web,Phuket,359,Lazada,COD,15,9,0,0,>50,11.966666666666667,1.0,1.0,1.0,163,178,5042.98,0.28,0.0,1.0,0.0,0.0,0,0,0.0,0.0,0,0,0.0,0.0,0,0,0.0,5042.98,1,1,1.0,0
LGS2ORD0032531,C013653,2025-09-15 15:00:00,Female,56,Bronze,CallCenter,Remote_Area,1694,CallCenter,COD,15,9,0,0,>50,56.46666666666667,5.0,1.0,0.2,174,13,3103.1639999999998,0.08,0.8,0.0,0.0,0.0,0,0,0.0,2070.61,2,0,0.0,5649.700000000001,3,0,0.0,15515.819999999998,5,1,0.2,1
LGS2ORD0032532,C013943,2025-09-15 15:00:00,Male,26,Bronze,Lazada,Chiang Mai,439,CallCenter,COD,15,9,0,0,20-30,14.633333333333333,4.0,1.0,0.25,103,37,7140.3099999999995,0.18,0.75,0.0,0.0,0.0,0,0,0.0,0.0,0,0,0.0,3576.07,1,0,0.0,28561.239999999998,4,1,0.25,0
LGS2ORD0032533,C016394,2025-09-15 15:00:00,Male,34,Silver,Web,Remote_Area,1256,TV_Show,COD,15,9,0,0,30-40,41.86666666666667,5.0,1.0,0.2,235,11,4616.886,0.3,0.2,0.4,0.0,0.0,0,0,0.0,1330.62,1,0,0.0,1330.62,1,0,0.0,23084.43,5,1,0.2,0
LGS2ORD0032534,C011322,2025-09-15 15:00:00,Male,45,Silver,TV,Chonburi,908,Web,COD,15,9,0,0,40-50,30.266666666666666,3.0,1.0,0.3333333333333333,112,14,6755.05,0.25,0.6666666666666666,0.3333333333333333,0.0,0.0,0,0,0.0,5697.17,1,0,0.0,5697.17,1,0,0.0,20265.15,3,1,0.3333333333333333,1
LGS2ORD0032535,C014543,2025-09-15 16:00:00,Female,40,Silver,TV,Remote_Area,1604,Web,PromptPay,16,9,0,0,30-40,53.46666666666667,2.0,0.0,0.0,-1,31,15171.18,0.05,0.5,0.0,0.0,0.0,0,0,0.0,0.0,0,0,0.0,6870.3,1,0,0.0,30342.36,2,0,0.0,1
LGS2ORD0032536,C010411,2025-09-15 16:00:00,Female,34,Silver,Shopee,Bangkok,839,Lazada,Bank_Transfer,16,9,0,0,30-40,27.966666666666665,2.0,0.0,0.0,-1,132,2580.62,0.05,1.0,0.0,0.0,0.0,0,0,0.0,0.0,0,0,0.0,0.0,0,0,0.0,5161.24,2,0,0.0,0
LGS2ORD0032537,C014668,2025-09-15 16:00:00,Female,34,Bronze,Web,Chiang Mai,628,CallCenter,Credit_Card,16,9,0,0,30-40,20.933333333333334,4.0,0.0,0.0,-1,180,3255.4649999999997,0.28,1.0,0.5,0.0,0.0,0,0,0.0,0.0,0,0,0.0,0.0,0,0,0.0,13021.859999999999,4,0,0.0,0
LGS2ORD0032538,C015559,2025-09-15 16:00:00,Female,37,Platinum,Web,Bangkok,807,Shopee,Bank_Transfer,16,9,0,0,30-40,26.9,3.0,1.0,0.3333333333333333,204,76,2852.4366666666665,0.3,0.6666666666666666,1.0,0.0,0.0,0,0,0.0,0.0,0,0,0.0,3499.4,1,0,0.0,8557.31,3,1,0.3333333333333333,0
LGS2ORD0032539,C016257,2025-09-15 16:00:00,Female,20,Bronze,TV,Remote_Area,1479,TV_Show,COD,16,9,0,0,<20,49.3,3.0,0.0,0.0,-1,18,5322.093333333333,0.23,0.6666666666666666,0.6666666666666666,0.0,0.0,0,0,0.0,5057.72,1,0,0.0,5057.72,1,0,0.0,15966.279999999999,3,0,0.0,1
LGS2ORD0032540,C011056,2025-09-15 16:00:00,Female,56,Platinum,Lazada,Bangkok,1280,CallCenter,COD,16,9,0,0,>50,42.666666666666664,2.0,0.0,0.0,-1,143,2624.425,0.35,0.0,1.0,0.0,0.0,0,0,0.0,0.0,0,0,0.0,0.0,0,0,0.0,5248.85,2,0,0.0,1
LGS2ORD0032541,C012719,2025-09-15 17:00:00,Male,62,Silver,Shopee,Chiang Mai,1380,TV_Show,COD,17,9,0,0,>50,46.0,4.0,0.0,0.0,-1,69,9009.057499999999,0.25,0.5,0.75,0.0,0.0,0,0,0.0,0.0,0,0,0.0,7909.29,1,0,0.0,36036.229999999996,4,0,0.0,0
LGS2ORD0032542,C013353,2025-09-15 17:00:00,Male,46,Bronze,CallCenter,Khon Kaen,1584,Web,Credit_Card,17,9,0,0,40-50,52.8,3.0,1.0,0.3333333333333333,77,85,2640.3766666666666,0.18,0.6666666666666666,0.0,0.0,0.0,0,0,0.0,0.0,0,0,0.0,6874.400000000001,2,1,0.5,7921.13,3,1,0.3333333333333333,0
LGS2ORD0032543,C011302,2025-09-15 17:00:00,Female,59,Platinum,Lazada,Bangkok,613,Shopee,Credit_Card,17,9,0,0,>50,20.433333333333334,3.0,0.0,0.0,-1,47,4291.84,0.2,0.6666666666666666,0.0,0.0,0.0,0,0,0.0,0.0,0,0,0.0,12875.52,3,0,0.0,12875.52,3,0,0.0,0
LGS2ORD0032544,C014411,2025-09-15 17:00:00,Female,44,Silver,Lazada,Chonburi,531,TV_Show,COD,17,9,0,0,40-50,17.7,6.0,2.0,0.3333333333333333,95,16,7676.335,0.25,0.3333333333333333,0.16666666666666666,0.0,0.0,0,0,0.0,1684.03,1,0,0.0,26026.199999999997,3,0,0.0,46058.01,6,2,0.3333333333333333,1
LGS2ORD0032545,C010945,2025-09-15 17:00:00,Female,31,Bronze,Web,Bangkok,1627,Web,COD,17,9,0,0,30-40,54.233333333333334,4.0,1.0,0.25,-3,8,1273.5175,0.23,0.0,0.25,0.0,0.0,0,0,0.0,3137.92,2,1,0.5,5094.07,4,1,0.25,5094.07,4,1,0.25,0
LGS2ORD0032546,C016483,2025-09-15 18:00:00,Other,59,Bronze,Shopee,Phuket,323,Web,PromptPay,18,9,0,0,>50,10.766666666666667,8.0,5.0,0.625,0,12,5653.11625,0.28,0.875,0.5,0.0,0.0,0,0,0.0,3510.33,2,2,1.0,4985.26,3,3,1.0,45224.93,8,5,0.625,1
LGS2ORD0032547,C017093,2025-09-15 18:00:00,Female,38,Bronze,TV,Bangkok,358,Lazada,Credit_Card,18,9,0,0,30-40,11.933333333333334,1.0,1.0,1.0,226,234,955.89,0.03,0.0,0.0,0.0,0.0,0,0,0.0,0.0,0,0,0.0,0.0,0,0,0.0,955.89,1,1,1.0,0
LGS2ORD0032548,C013924,2025-09-15 18:00:00,Male,46,Bronze,CallCenter,Bangkok,1134,TV_Show,Credit_Card,18,9,0,0,40-50,37.8,5.0,2.0,0.4,42,57,1975.922,0.23,0.8,0.4,0.0,0.0,0,0,0.0,0.0,0,0,0.0,3638.0,2,1,0.5,9879.61,5,2,0.4,0
LGS2ORD0032549,C017380,2025-09-15 18:00:00,Female,41,Bronze,Lazada,Bangkok,341,TV_Show,Credit_Card,18,9,0,0,40-50,11.366666666666667,3.0,0.0,0.0,-1,98,9873.053333333333,0.23,0.0,0.3333333333333333,0.0,0.0,0,0,0.0,0.0,0,0,0.0,0.0,0,0,0.0,29619.16,3,0,0.0,0
LGS2ORD0032550,C012332,2025-09-15 18:00:00,Female,59,Bronze,Web,Chiang Mai,1079,Web,COD,18,9,0,0,>50,35.96666666666667,6.0,1.0,0.16666666666666666,90,1,4530.668333333333,0.28,0.16666666666666666,0.3333333333333333,0.0,1255.68,1,0,0.0,8600.59,2,0,0.0,8600.59,2,0,0.0,27184.01,6,1,0.16666666666666666,1
LGS2ORD0032551,C013699,2025-09-15 19:00:00,Female,48,Silver,Lazada,Khon Kaen,1424,CallCenter,Bank_Transfer,19,9,0,0,40-50,47.46666666666667,1.0,1.0,1.0,232,241,1688.12,0.3,0.0,1.0,0.0,0.0,0,0,0.0,0.0,0,0,0.0,0.0,0,0,0.0,1688.12,1,1,1.0,0
LGS2ORD0032552,C012249,2025-09-15 19:00:00,Female,37,Bronze,Shopee,Songkhla,866,CallCenter,Credit_Card,19,9,0,0,30-40,28.866666666666667,3.0,2.0,0.6666666666666666,181,74,3258.1633333333334,0.23,0.3333333333333333,0.6666666666666666,0.0,0.0,0,0,0.0,0.0,0,0,0.0,1890.17,1,0,0.0,9774.49,3,2,0.6666666666666666,0
LGS2ORD0032553,C016860,2025-09-15 19:00:00,Male,33,Gold,Lazada,Chonburi,1011,Lazada,Credit_Card,19,9,0,0,30-40,33.7,4.0,0.0,0.0,-1,29,3064.9375,0.33,0.25,0.5,0.0,0.0,0,0,0.0,7141.42,1,0,0.0,7141.42,1,0,0.0,12259.75,4,0,0.0,0
LGS2ORD0032554,C016570,2025-09-15 19:00:00,Male,60,Bronze,TV,Chonburi,1174,Web,COD,19,9,0,0,>50,39.13333333333333,2.0,0.0,0.0,-1,21,3575.3450000000003,0.03,1.0,0.0,0.0,0.0,0,0,0.0,1330.39,1,0,0.0,7150.6900000000005,2,0,0.0,7150.6900000000005,2,0,0.0,0
LGS2ORD0032555,C017481,2025-09-15 19:00:00,Male,54,Bronze,Shopee,Nakhon Ratchasima,467,Web,Credit_Card,19,9,0,0,>50,15.566666666666666,6.0,0.0,0.0,-1,23,8226.303333333333,0.18,0.5,0.0,0.0,0.0,0,0,0.0,13705.15,1,0,0.0,43356.21,3,0,0.0,49357.82,6,0,0.0,1
LGS2ORD0032556,C014201,2025-09-15 20:00:00,Female,56,Silver,Shopee,Bangkok,352,TV_Show,COD,20,9,0,0,>50,11.733333333333333,3.0,0.0,0.0,-1,2,3490.3133333333335,0.1,1.0,0.0,0.0,6129.06,1,0,0.0,6129.06,1,0,0.0,6129.06,1,0,0.0,10470.94,3,0,0.0,0
LGS2ORD0032557,C014013,2025-09-15 20:00:00,Female,23,Bronze,Lazada,Chonburi,445,Shopee,PromptPay,20,9,0,0,20-30,14.833333333333334,0.0,0.0,0.0,-1,-1,0.0,0.0,0.0,0.0,0.0,0.0,0,0,0.0,0.0,0,0,0.0,0.0,0,0,0.0,0.0,0,0,0.0,0
LGS2ORD0032558,C011777,2025-09-15 20:00:00,Male,25,Bronze,Web,Bangkok,1462,Lazada,PromptPay,20,9,0,0,20-30,48.733333333333334,3.0,1.0,0.3333333333333333,146,159,5957.349999999999,0.23,0.3333333333333333,0.3333333333333333,0.0,0.0,0,0,0.0,0.0,0,0,0.0,0.0,0,0,0.0,17872.05,3,1,0.3333333333333333,0
LGS2ORD0032559,C016468,2025-09-15 20:00:00,Male,31,Gold,Web,Bangkok,1331,Shopee,Credit_Card,20,9,0,0,30-40,44.36666666666667,2.0,1.0,0.5,20,32,2089.265,0.33,0.0,1.0,0.0,0.0,0,0,0.0,0.0,0,0,0.0,1512.7,1,1,1.0,4178.53,2,1,0.5,0
LGS2ORD0032560,C014400,2025-09-15 20:00:00,Female,61,Platinum,CallCenter,Khon Kaen,1267,TV_Show,Bank_Transfer,20,9,0,0,>50,42.233333333333334,5.0,0.0,0.0,-1,7,4972.274,0.35,0.4,0.8,0.0,0.0,0,0,0.0,14236.94,2,0,0.0,17396.190000000002,3,0,0.0,24861.370000000003,5,0,0.0,0
LGS2ORD0032561,C010150,2025-09-15 20:00:00,Female,36,Bronze,TV,Nakhon Ratchasima,275,TV_Show,COD,20,9,0,0,30-40,9.166666666666666,1.0,0.0,0.0,-1,134,2713.74,0.03,1.0,0.0,0.0,0.0,0,0,0.0,0.0,0,0,0.0,0.0,0,0,0.0,2713.74,1,0,0.0,1
LGS2ORD0032562,C016378,2025-09-15 21:00:00,Male,35,Bronze,TV,Phuket,1518,Shopee,COD,21,9,0,0,30-40,50.6,6.0,3.0,0.5,3,7,3962.021666666667,0.23,0.6666666666666666,0.16666666666666666,0.0,0.0,0,0,0.0,6528.34,1,1,1.0,6528.34,1,1,1.0,23772.13,6,3,0.5,0
LGS2ORD0032563,C014629,2025-09-15 21:00:00,Female,45,Bronze,Shopee,Bangkok,308,TV_Show,COD,21,9,0,0,40-50,10.266666666666667,4.0,1.0,0.25,215,38,8090.815,0.23,0.5,0.25,0.0,0.0,0,0,0.0,0.0,0,0,0.0,10477.779999999999,2,0,0.0,32363.26,4,1,0.25,0
LGS2ORD0032564,C012637,2025-09-15 21:00:00,Female,18,Gold,Web,Phuket,898,TV_Show,Bank_Transfer,21,9,0,0,<20,29.933333333333334,1.0,0.0,0.0,-1,141,544.84,0.08,0.0,0.0,0.0,0.0,0,0,0.0,0.0,0,0,0.0,0.0,0,0,0.0,544.84,1,0,0.0,0
LGS2ORD0032565,C013510,2025-09-15 21:00:00,Male,48,Silver,Shopee,Bangkok,1102,TV_Show,COD,21,9,0,0,40-50,36.733333333333334,3.0,0.0,0.0,-1,146,8504.213333333333,0.25,0.0,0.6666666666666666,0.0,0.0,0,0,0.0,0.0,0,0,0.0,0.0,0,0,0.0,25512.64,3,0,0.0,0
LGS2ORD0032566,C014464,2025-09-15 21:00:00,Male,35,Bronze,TV,Chonburi,1356,TV_Show,PromptPay,21,9,0,0,30-40,45.2,3.0,0.0,0.0,-1,47,6870.7699999999995,0.23,1.0,0.3333333333333333,0.0,0.0,0,0,0.0,0.0,0,0,0.0,11307.05,1,0,0.0,20612.309999999998,3,0,0.0,0
LGS2ORD0032567,C015961,2025-09-15 22:00:00,Female,39,Bronze,Web,Bangkok,911,CallCenter,Credit_Card,22,9,0,0,30-40,30.366666666666667,8.0,2.0,0.25,81,8,7055.695,0.23,0.25,0.25,0.0,0.0,0,0,0.0,4633.44,1,0,0.0,42285.54000000001,4,1,0.25,56445.56,8,2,0.25,0
LGS2ORD0032568,C015312,2025-09-15 22:00:00,Male,35,Bronze,Web,Bangkok,1166,CallCenter,Credit_Card,22,9,0,0,30-40,38.86666666666667,7.0,2.0,0.2857142857142857,175,6,4061.9785714285713,0.18,0.8571428571428571,0.0,0.0,4310.4,1,0,0.0,4310.4,1,0,0.0,4310.4,1,0,0.0,28433.85,7,2,0.2857142857142857,0
LGS2ORD0032569,C016537,2025-09-15 22:00:00,Male,56,Bronze,Web,Chonburi,1354,Web,Bank_Transfer,22,9,0,0,>50,45.13333333333333,3.0,0.0,0.0,-1,90,5121.683333333333,0.28,0.6666666666666666,0.3333333333333333,0.0,0.0,0,0,0.0,0.0,0,0,0.0,0.0,0,0,0.0,15365.05,3,0,0.0,0
LGS2ORD0032570,C017593,2025-09-15 22:00:00,Male,54,Bronze,Lazada,Bangkok,953,Shopee,Credit_Card,22,9,0,0,>50,31.766666666666666,3.0,2.0,0.6666666666666666,111,8,4179.78,0.18,0.3333333333333333,0.0,0.0,0.0,0,0,0.0,2039.37,1,0,0.0,2039.37,1,0,0.0,12539.34,3,2,0.6666666666666666,1
LGS2ORD0032571,C011753,2025-09-15 22:00:00,Female,40,Bronze,TV,Chiang Mai,1606,Web,Credit_Card,22,9,0,0,30-40,53.53333333333333,10.0,3.0,0.3,2,17,5651.456,0.28,0.3,0.2,0.1,0.0,0,0,0.0,15452.68,2,1,0.5,27394.46,5,1,0.2,56514.56,10,3,0.3,0
LGS2ORD0032572,C012919,2025-09-15 23:00:00,Female,43,Bronze,Lazada,Chiang Mai,822,Shopee,COD,23,9,0,0,40-50,27.4,1.0,0.0,0.0,-1,59,2759.95,0.08,1.0,0.0,0.0,0.0,0,0,0.0,0.0,0,0,0.0,2759.95,1,0,0.0,2759.95,1,0,0.0,0
LGS2ORD0032573,C017057,2025-09-15 23:00:00,Female,29,Gold,Web,Chonburi,986,Web,Credit_Card,23,9,0,0,20-30,32.86666666666667,7.0,1.0,0.14285714285714285,138,35,4805.318571428572,0.33,0.2857142857142857,0.42857142857142855,0.0,0.0,0,0,0.0,0.0,0,0,0.0,18890.17,3,0,0.0,33637.23,7,1,0.14285714285714285,0
LGS2ORD0032574,C017228,2025-09-15 23:00:00,Male,54,Silver,TV,Phuket,415,CallCenter,COD,23,9,0,0,>50,13.833333333333334,6.0,2.0,0.3333333333333333,62,42,9238.505,0.3,0.8333333333333334,0.3333333333333333,0.0,0.0,0,0,0.0,0.0,0,0,0.0,18340.280000000002,3,1,0.3333333333333333,55431.03,6,2,0.3333333333333333,1
LGS2ORD0032575,C017730,2025-09-15 23:00:00,Male,34,Platinum,Web,Bangkok,544,CallCenter,COD,23,9,0,0,30-40,18.133333333333333,1.0,0.0,0.0,-1,146,8162.33,0.35,1.0,1.0,0.0,0.0,0,0,0.0,0.0,0,0,0.0,0.0,0,0,0.0,8162.33,1,0,0.0,0
LGS2ORD0032576,C016674,2025-09-15 23:00:00,Female,53,Bronze,Lazada,Phuket,1097,Shopee,Bank_Transfer,23,9,0,0,>50,36.56666666666667,2.0,1.0,0.5,242,193,1238.415,0.18,0.5,0.0,0.0,0.0,0,0,0.0,0.0,0,0,0.0,0.0,0,0,0.0,2476.83,2,1,0.5,0
LGS2ORD0032577,C010420,2025-09-16 00:00:00,Male,52,Platinum,Shopee,Songkhla,692,Shopee,Credit_Card,0,9,1,0,>50,23.066666666666666,5.0,1.0,0.2,23,33,3429.3299999999995,0.3,0.6,0.4,0.0,0.0,0,0,0.0,0.0,0,0,0.0,8377.960000000001,3,1,0.3333333333333333,17146.649999999998,5,1,0.2,0
LGS2ORD0032578,C010606,2025-09-16 00:00:00,Female,56,Gold,Lazada,Bangkok,852,Lazada,Bank_Transfer,0,9,1,0,>50,28.4,1.0,0.0,0.0,-1,48,5792.92,0.13,0.0,0.0,0.0,0.0,0,0,0.0,0.0,0,0,0.0,5792.92,1,0,0.0,5792.92,1,0,0.0,0
LGS2ORD0032579,C017143,2025-09-16 00:00:00,Female,50,Bronze,TV,Nakhon Ratchasima,1117,CallCenter,COD,0,9,1,0,40-50,37.233333333333334,3.0,0.0,0.0,-1,5,3655.01,0.03,0.3333333333333333,0.0,0.0,1480.27,1,0,0.0,1480.27,1,0,0.0,9671.38,2,0,0.0,10965.03,3,0,0.0,0
LGS2ORD0032580,C015611,2025-09-16 00:00:00,Female,40,Gold,TV,Bangkok,510,Web,COD,0,9,1,0,30-40,17.0,3.0,1.0,0.3333333333333333,38,47,1508.8100000000002,0.2299999999999999,0.3333333333333333,0.6666666666666666,0.0,0.0,0,0,0.0,0.0,0,0,0.0,3534.23,2,1,0.5,4526.43,3,1,0.3333333333333333,0
LGS2ORD0032581,C012900,2025-09-16 00:00:00,Male,41,Gold,CallCenter,Bangkok,756,CallCenter,PromptPay,0,9,1,0,40-50,25.2,3.0,1.0,0.3333333333333333,59,63,15474.050000000001,0.2299999999999999,0.6666666666666666,0.6666666666666666,0.0,0.0,0,0,0.0,0.0,0,0,0.0,41422.240000000005,2,1,0.5,46422.15,3,1,0.3333333333333333,0
LGS2ORD0032582,C011532,2025-09-16 00:00:00,Male,56,Bronze,Web,Phuket,1425,Web,COD,0,9,1,0,>50,47.5,6.0,0.0,0.0,-1,64,5871.695,0.18,0.8333333333333334,0.0,0.0,0.0,0,0,0.0,0.0,0,0,0.0,18485.08,2,0,0.0,35230.17,6,0,0.0,0
LGS2ORD0032583,C010575,2025-09-16 01:00:00,Male,52,Gold,TV,Bangkok,1266,TV_Show,COD,1,9,1,0,>50,42.2,3.0,0.0,0.0,-1,10,6923.106666666667,0.28,0.3333333333333333,0.6666666666666666,0.0,0.0,0,0,0.0,8646.46,1,0,0.0,11654.5,2,0,0.0,20769.32,3,0,0.0,0
LGS2ORD0032584,C017764,2025-09-16 01:00:00,Male,21,Bronze,TV,Chonburi,1413,Shopee,COD,1,9,1,0,20-30,47.1,2.0,0.0,0.0,-1,115,5486.215,0.18,0.5,0.0,0.0,0.0,0,0,0.0,0.0,0,0,0.0,0.0,0,0,0.0,10972.43,2,0,0.0,0
LGS2ORD0032585,C017587,2025-09-16 01:00:00,Male,19,Gold,TV,Khon Kaen,736,TV_Show,PromptPay,1,9,1,0,<20,24.533333333333335,9.0,2.0,0.2222222222222222,168,5,3261.3922222222222,0.33,0.7777777777777778,0.2222222222222222,0.0,3688.01,1,0,0.0,11440.21,2,0,0.0,13183.94,3,0,0.0,29352.53,9,2,0.2222222222222222,0
LGS2ORD0032586,C017269,2025-09-16 01:00:00,Female,51,Bronze,Web,Bangkok,1698,TV_Show,PromptPay,1,9,1,0,>50,56.6,11.0,2.0,0.18181818181818182,63,5,8136.840909090909,0.23,0.6363636363636364,0.09090909090909091,0.0,1621.27,1,0,0.0,1621.27,1,0,0.0,56046.55,4,1,0.25,89505.25,11,2,0.18181818181818182,0
LGS2ORD0032587,C010941,2025-09-16 01:00:00,Female,36,Silver,TV,Bangkok,1003,CallCenter,PromptPay,1,9,1,0,30-40,33.43333333333333,7.0,3.0,0.42857142857142855,99,39,5955.104285714287,0.3,0.8571428571428571,0.42857142857142855,0.0,0.0,0,0,0.0,0.0,0,0,0.0,27832.54,3,0,0.0,41685.73,7,3,0.42857142857142855,1
LGS2ORD0032588,C012654,2025-09-16 02:00:00,Female,63,Bronze,Lazada,Remote_Area,1360,Web,PromptPay,2,9,1,0,>50,45.333333333333336,3.0,1.0,0.3333333333333333,218,224,3467.773333333333,0.23,0.0,0.3333333333333333,0.0,0.0,0,0,0.0,0.0,0,0,0.0,0.0,0,0,0.0,10403.32,3,1,0.3333333333333333,0
LGS2ORD0032589,C017067,2025-09-16 02:00:00,Female,27,Silver,Shopee,Remote_Area,1661,Lazada,COD,2,9,1,0,20-30,55.36666666666667,8.0,1.0,0.125,192,35,3639.145,0.3,0.375,0.375,0.0,0.0,0,0,0.0,0.0,0,0,0.0,1577.16,1,0,0.0,29113.16,8,1,0.125,0
LGS2ORD0032590,C010554,2025-09-16 02:00:00,Female,44,Bronze,TV,Songkhla,996,Shopee,COD,2,9,1,0,40-50,33.2,6.0,1.0,0.16666666666666666,202,5,3678.263333333334,0.28,0.3333333333333333,0.16666666666666666,0.0,9624.53,1,0,0.0,10365.800000000001,2,0,0.0,10365.800000000001,2,0,0.0,22069.58,6,1,0.16666666666666666,0
LGS2ORD0032591,C014909,2025-09-16 02:00:00,Female,44,Bronze,Shopee,Phuket,511,Lazada,PromptPay,2,9,1,0,40-50,17.033333333333335,6.0,1.0,0.16666666666666666,62,53,7447.695,0.23,0.5,0.16666666666666666,0.0,0.0,0,0,0.0,0.0,0,0,0.0,7193.75,2,1,0.5,44686.17,6,1,0.16666666666666666,0
LGS2ORD0032592,C016042,2025-09-16 02:00:00,Female,63,Silver,Shopee,Remote_Area,1187,TV_Show,Bank_Transfer,2,9,1,0,>50,39.56666666666667,6.0,0.0,0.0,-1,31,13927.181666666665,0.3,0.3333333333333333,0.3333333333333333,0.0,0.0,0,0,0.0,0.0,0,0,0.0,12408.51,3,0,0.0,83563.09,6,0,0.0,0
LGS2ORD0032593,C015850,2025-09-16 03:00:00,Female,58,Bronze,TV,Nakhon Ratchasima,717,Lazada,Bank_Transfer,3,9,1,0,>50,23.9,3.0,0.0,0.0,-1,13,1560.9399999999998,0.18,0.6666666666666666,0.0,0.0,0.0,0,0,0.0,3109.52,1,0,0.0,3900.4,2,0,0.0,4682.82,3,0,0.0,0
LGS2ORD0032594,C013688,2025-09-16 03:00:00,Female,53,Bronze,Shopee,Khon Kaen,1545,Web,Credit_Card,3,9,1,0,>50,51.5,1.0,1.0,1.0,235,246,783.31,0.03,1.0,0.0,0.0,0.0,0,0,0.0,0.0,0,0,0.0,0.0,0,0,0.0,783.31,1,1,1.0,0
LGS2ORD0032595,C012375,2025-09-16 03:00:00,Female,29,Gold,Shopee,Bangkok,963,TV_Show,COD,3,9,1,0,20-30,32.1,2.0,0.0,0.0,-1,73,6318.065,0.13,0.5,0.0,0.0,0.0,0,0,0.0,0.0,0,0,0.0,2428.74,1,0,0.0,12636.13,2,0,0.0,1
LGS2ORD0032596,C013617,2025-09-16 03:00:00,Female,56,Bronze,TV,Phuket,744,Web,Credit_Card,3,9,1,0,>50,24.8,6.0,2.0,0.3333333333333333,118,23,5307.841666666667,0.28,0.6666666666666666,0.3333333333333333,0.0,0.0,0,0,0.0,1202.7,1,0,0.0,6111.08,2,0,0.0,31847.050000000003,6,2,0.3333333333333333,1
LGS2ORD0032597,C010304,2025-09-16 03:00:00,Female,67,Bronze,Shopee,Nakhon Ratchasima,1155,Web,Credit_Card,3,9,1,0,>50,38.5,7.0,1.0,0.14285714285714285,241,63,2938.7942857142857,0.23,0.7142857142857143,0.2857142857142857,0.0,0.0,0,0,0.0,0.0,0,0,0.0,3011.39,2,0,0.0,20571.56,7,1,0.14285714285714285,0
LGS2ORD0032598,C013329,2025-09-16 04:00:00,Female,63,Silver,TV,Chiang Mai,497,Shopee,COD,4,9,1,0,>50,16.566666666666666,2.0,0.0,0.0,-1,162,10419.880000000001,0.2,0.5,0.0,0.0,0.0,0,0,0.0,0.0,0,0,0.0,0.0,0,0,0.0,20839.760000000002,2,0,0.0,0
LGS2ORD0032599,C015848,2025-09-16 04:00:00,Female,23,Bronze,Shopee,Chiang Mai,343,Web,Bank_Transfer,4,9,1,0,20-30,11.433333333333334,3.0,0.0,0.0,-1,243,17856.63,0.18,1.0,0.0,0.0,0.0,0,0,0.0,0.0,0,0,0.0,0.0,0,0,0.0,53569.89,3,0,0.0,0
LGS2ORD0032600,C017739,2025-09-16 04:00:00,Male,44,Silver,TV,Songkhla,1254,Shopee,COD,4,9,1,0,40-50,41.8,1.0,0.0,0.0,-1,23,3831.56,0.15,0.0,0.0,0.0,0.0,0,0,0.0,3831.56,1,0,0.0,3831.56,1,0,0.0,3831.56,1,0,0.0,0
LGS2ORD0032601,C017890,2025-09-16 04:00:00,Female,27,Bronze,TV,Remote_Area,275,Lazada,Bank_Transfer,4,9,1,0,20-30,9.166666666666666,2.0,1.0,0.5,-12,3,4291.885,0.18,0.5,0.0,0.0,6706.24,1,1,1.0,6706.24,1,1,1.0,8583.77,2,1,0.5,8583.77,2,1,0.5,0
LGS2ORD0032602,C012718,2025-09-16 04:00:00,Male,53,Bronze,TV,Remote_Area,442,TV_Show,Credit_Card,4,9,1,0,>50,14.733333333333333,8.0,4.0,0.5,54,41,6830.67375,0.23,0.625,0.125,0.0,0.0,0,0,0.0,0.0,0,0,0.0,28970.21,4,1,0.25,54645.39,8,4,0.5,1
LGS2ORD0032603,C016135,2025-09-16 04:00:00,Male,40,Silver,Web,Chonburi,583,TV_Show,COD,4,9,1,0,30-40,19.433333333333334,5.0,2.0,0.4,20,28,6952.68,0.25,0.4,0.2,0.0,0.0,0,0,0.0,9155.89,1,1,1.0,15624.64,2,1,0.5,34763.4,5,2,0.4,0
LGS2ORD0032604,C011600,2025-09-16 05:00:00,Female,26,Bronze,TV,Phuket,416,CallCenter,COD,5,9,1,0,20-30,13.866666666666667,6.0,3.0,0.5,176,49,5385.868333333333,0.23,0.6666666666666666,0.16666666666666666,0.0,0.0,0,0,0.0,0.0,0,0,0.0,8006.24,1,0,0.0,32315.21,6,3,0.5,1
LGS2ORD0032605,C013994,2025-09-16 05:00:00,Male,43,Bronze,Web,Chonburi,766,Lazada,Credit_Card,5,9,1,0,40-50,25.533333333333335,3.0,1.0,0.3333333333333333,52,28,3571.1800000000003,0.28,0.0,0.3333333333333333,0.0,0.0,0,0,0.0,8607.0,1,0,0.0,10713.54,3,1,0.3333333333333333,10713.54,3,1,0.3333333333333333,0
LGS2ORD0032606,C011875,2025-09-16 05:00:00,Male,43,Bronze,Lazada,Remote_Area,1398,CallCenter,Credit_Card,5,9,1,0,40-50,46.6,4.0,3.0,0.75,137,47,6361.4025,0.18,0.5,0.0,0.0,0.0,0,0,0.0,0.0,0,0,0.0,12167.25,1,0,0.0,25445.61,4,3,0.75,0
LGS2ORD0032607,C013107,2025-09-16 05:00:00,Other,37,Silver,TV,Nakhon Ratchasima,1358,TV_Show,COD,5,9,1,0,30-40,45.266666666666666,5.0,2.0,0.4,89,51,4097.856000000001,0.25,1.0,0.4,0.0,0.0,0,0,0.0,0.0,0,0,0.0,7533.76,3,0,0.0,20489.280000000002,5,2,0.4,0
LGS2ORD0032608,C011675,2025-09-16 05:00:00,Male,46,Bronze,Lazada,Nakhon Ratchasima,1429,TV_Show,PromptPay,5,9,1,0,40-50,47.63333333333333,4.0,1.0,0.25,145,41,10438.137499999999,0.18,1.0,0.0,0.0,0.0,0,0,0.0,0.0,0,0,0.0,3286.5299999999997,2,0,0.0,41752.549999999996,4,1,0.25,1
LGS2ORD0032609,C010078,2025-09-16 06:00:00,Female,55,Bronze,CallCenter,Songkhla,737,TV_Show,COD,6,9,1,0,>50,24.566666666666666,7.0,4.0,0.5714285714285714,139,16,6163.132857142858,0.18,0.42857142857142855,0.0,0.0,0.0,0,0,0.0,24353.739999999998,2,0,0.0,24353.739999999998,2,0,0.0,43141.93,7,4,0.5714285714285714,0
LGS2ORD0032610,C013555,2025-09-16 06:00:00,Female,38,Platinum,CallCenter,Bangkok,1542,Web,COD,6,9,1,0,30-40,51.4,2.0,2.0,1.0,30,39,8642.960000000001,0.1,0.0,0.0,0.0,0.0,0,0,0.0,0.0,0,0,0.0,1445.99,1,1,1.0,17285.920000000002,2,2,1.0,0
LGS2ORD0032611,C010797,2025-09-16 06:00:00,Female,31,Gold,CallCenter,Khon Kaen,1543,TV_Show,COD,6,9,1,0,30-40,51.43333333333333,5.0,2.0,0.4,114,12,8725.18,0.13,0.6,0.0,0.0,0.0,0,0,0.0,25207.02,1,0,0.0,39236.44,2,0,0.0,43625.9,5,2,0.4,0
LGS2ORD0032612,C013031,2025-09-16 06:00:00,Female,40,Silver,TV,Phuket,1327,Shopee,PromptPay,6,9,1,0,30-40,44.233333333333334,9.0,0.0,0.0,-1,91,3151.291111111111,0.25,0.4444444444444444,0.2222222222222222,0.0,0.0,0,0,0.0,0.0,0,0,0.0,0.0,0,0,0.0,28361.62,9,0,0.0,0
LGS2ORD0032613,C017439,2025-09-16 06:00:00,Female,47,Silver,TV,Khon Kaen,1494,Web,Credit_Card,6,9,1,0,40-50,49.8,1.0,0.0,0.0,-1,241,582.12,0.2,0.0,0.0,0.0,0.0,0,0,0.0,0.0,0,0,0.0,0.0,0,0,0.0,582.12,1,0,0.0,0
LGS2ORD0032614,C014910,2025-09-16 07:00:00,Male,34,Bronze,Lazada,Nakhon Ratchasima,1595,Web,Bank_Transfer,7,9,1,0,30-40,53.166666666666664,4.0,1.0,0.25,191,2,2694.1425,0.28,0.5,0.25,0.0,6042.23,1,0,0.0,6042.23,1,0,0.0,6042.23,1,0,0.0,10776.57,4,1,0.25,0
LGS2ORD0032615,C011211,2025-09-16 07:00:00,Female,26,Bronze,TV,Bangkok,1538,Shopee,COD,7,9,1,0,20-30,51.266666666666666,4.0,2.0,0.5,24,16,4734.2575,0.18,0.75,0.0,0.0,0.0,0,0,0.0,4075.25,1,0,0.0,17564.18,3,1,0.3333333333333333,18937.03,4,2,0.5,1
LGS2ORD0032616,C014138,2025-09-16 07:00:00,Other,30,Silver,Web,Chonburi,1217,Shopee,PromptPay,7,9,1,0,20-30,40.56666666666667,2.0,1.0,0.5,0,3,1974.7649999999999,0.05,0.5,0.0,0.0,1781.41,1,1,1.0,1781.41,1,1,1.0,1781.41,1,1,1.0,3949.5299999999997,2,1,0.5,0
LGS2ORD0032617,C011582,2025-09-16 07:00:00,Female,36,Bronze,Web,Khon Kaen,479,Web,COD,7,9,1,0,30-40,15.966666666666667,8.0,1.0,0.125,83,39,4196.125,0.28,0.5,0.25,0.0,0.0,0,0,0.0,0.0,0,0,0.0,16013.369999999999,4,1,0.25,33569.0,8,1,0.125,0
LGS2ORD0032618,C012853,2025-09-16 07:00:00,Other,32,Platinum,Web,Bangkok,965,TV_Show,COD,7,9,1,0,30-40,32.166666666666664,3.0,0.0,0.0,-1,14,1709.8266666666666,0.35,0.6666666666666666,0.6666666666666666,0.0,0.0,0,0,0.0,1970.17,1,0,0.0,3289.99,2,0,0.0,5129.48,3,0,0.0,0
LGS2ORD0032619,C015490,2025-09-16 08:00:00,Female,58,Gold,TV,Khon Kaen,549,TV_Show,COD,8,9,1,0,>50,18.3,0.0,0.0,0.0,-1,-1,0.0,0.0,0.0,0.0,0.0,0.0,0,0,0.0,0.0,0,0,0.0,0.0,0,0,0.0,0.0,0,0,0.0,1
LGS2ORD0032620,C014303,2025-09-16 08:00:00,Male,41,Bronze,Web,Chonburi,877,Web,COD,8,9,1,0,40-50,29.233333333333334,3.0,1.0,0.3333333333333333,191,63,5282.509999999999,0.23,0.6666666666666666,0.3333333333333333,0.0,0.0,0,0,0.0,0.0,0,0,0.0,7291.89,1,0,0.0,15847.529999999999,3,1,0.3333333333333333,0
LGS2ORD0032621,C011973,2025-09-16 08:00:00,Female,72,Bronze,Web,Phuket,502,Shopee,COD,8,9,1,0,>50,16.733333333333334,4.0,2.0,0.5,111,85,5747.405,0.28,0.75,0.25,0.0,0.0,0,0,0.0,0.0,0,0,0.0,9197.06,1,0,0.0,22989.62,4,2,0.5,1
LGS2ORD0032622,C012735,2025-09-16 08:00:00,Female,24,Gold,TV,Chonburi,1493,Web,COD,8,9,1,0,20-30,49.766666666666666,2.0,0.0,0.0,-1,42,1618.065,0.18,1.0,0.0,0.0,0.0,0,0,0.0,0.0,0,0,0.0,3236.13,2,0,0.0,3236.13,2,0,0.0,0
LGS2ORD0032623,C016382,2025-09-16 08:00:00,Female,72,Bronze,CallCenter,Chonburi,970,Web,COD,8,9,1,0,>50,32.333333333333336,7.0,2.0,0.2857142857142857,169,15,3806.8885714285716,0.23,0.5714285714285714,0.2857142857142857,0.0,0.0,0,0,0.0,4370.85,1,0,0.0,6999.43,2,0,0.0,26648.22,7,2,0.2857142857142857,0
LGS2ORD0032624,C014545,2025-09-16 08:00:00,Male,39,Gold,Lazada,Nakhon Ratchasima,878,Shopee,COD,8,9,1,0,30-40,29.266666666666666,4.0,0.0,0.0,-1,57,10343.295,0.2299999999999999,0.5,0.25,0.0,0.0,0,0,0.0,0.0,0,0,0.0,30499.14,2,0,0.0,41373.18,4,0,0.0,0
LGS2ORD0032625,C013682,2025-09-16 09:00:00,Other,30,Silver,Web,Songkhla,1033,TV_Show,COD,9,9,1,0,20-30,34.43333333333333,5.0,2.0,0.4,23,28,7185.926000000001,0.25,0.8,0.2,0.0,0.0,0,0,0.0,10318.68,1,1,1.0,20147.2,3,1,0.3333333333333333,35929.630000000005,5,2,0.4,0
LGS2ORD0032626,C016942,2025-09-16 09:00:00,Male,53,Bronze,TV,Nakhon Ratchasima,1540,Web,PromptPay,9,9,1,0,>50,51.333333333333336,7.0,1.0,0.14285714285714285,163,85,2855.3014285714285,0.23,0.5714285714285714,0.14285714285714285,0.0,0.0,0,0,0.0,0.0,0,0,0.0,3111.6,1,0,0.0,19987.11,7,1,0.14285714285714285,0
LGS2ORD0032627,C011282,2025-09-16 09:00:00,Male,52,Bronze,Web,Chiang Mai,1143,CallCenter,COD,9,9,1,0,>50,38.1,5.0,1.0,0.2,168,48,2970.59,0.28,0.6,0.4,0.0,0.0,0,0,0.0,0.0,0,0,0.0,1742.38,1,0,0.0,14852.95,5,1,0.2,0
LGS2ORD0032628,C010452,2025-09-16 09:00:00,Female,52,Bronze,Shopee,Bangkok,1289,Shopee,Credit_Card,9,9,1,0,>50,42.96666666666667,1.0,1.0,1.0,162,180,11485.3,0.03,1.0,0.0,0.0,0.0,0,0,0.0,0.0,0,0,0.0,0.0,0,0,0.0,11485.3,1,1,1.0,0
LGS2ORD0032629,C012388,2025-09-16 09:00:00,Male,43,Bronze,Shopee,Phuket,607,Lazada,PromptPay,9,9,1,0,40-50,20.233333333333334,6.0,1.0,0.16666666666666666,183,107,10884.366666666667,0.18,0.5,0.0,0.0,0.0,0,0,0.0,0.0,0,0,0.0,0.0,0,0,0.0,65306.200000000004,6,1,0.16666666666666666,0
LGS2ORD0032630,C012961,2025-09-16 10:00:00,Female,55,Silver,Web,Phuket,1625,Shopee,Credit_Card,10,9,1,0,>50,54.166666666666664,9.0,2.0,0.2222222222222222,52,60,4484.935555555556,0.25,0.8888888888888888,0.1111111111111111,0.0,0.0,0,0,0.0,0.0,0,0,0.0,4492.36,2,2,1.0,40364.42,9,2,0.2222222222222222,0
LGS2ORD0032631,C017015,2025-09-16 10:00:00,Male,47,Bronze,Web,Bangkok,955,CallCenter,COD,10,9,1,0,40-50,31.833333333333332,4.0,2.0,0.5,77,89,3022.77,0.28,0.5,0.25,0.0,0.0,0,0,0.0,0.0,0,0,0.0,8085.74,1,1,1.0,12091.08,4,2,0.5,0
LGS2ORD0032632,C014040,2025-09-16 10:00:00,Female,56,Bronze,Lazada,Bangkok,1515,Lazada,COD,10,9,1,0,>50,50.5,3.0,0.0,0.0,-1,89,5424.81,0.23,1.0,0.3333333333333333,0.0,0.0,0,0,0.0,0.0,0,0,0.0,3119.84,1,0,0.0,16274.43,3,0,0.0,0
LGS2ORD0032633,C017336,2025-09-16 10:00:00,Male,59,Bronze,TV,Bangkok,933,Web,Credit_Card,10,9,1,0,>50,31.1,3.0,2.0,0.6666666666666666,231,201,4203.573333333334,0.28,1.0,0.6666666666666666,0.0,0.0,0,0,0.0,0.0,0,0,0.0,0.0,0,0,0.0,12610.720000000001,3,2,0.6666666666666666,0
LGS2ORD0032634,C016845,2025-09-16 10:00:00,Female,44,Bronze,TV,Nakhon Ratchasima,1088,Shopee,COD,10,9,1,0,40-50,36.266666666666666,7.0,1.0,0.14285714285714285,242,3,4577.571428571429,0.23,0.7142857142857143,0.14285714285714285,0.0,3986.81,1,0,0.0,7533.5599999999995,2,0,0.0,7533.5599999999995,2,0,0.0,32043.000000000004,7,1,0.14285714285714285,1
LGS2ORD0032635,C011176,2025-09-16 11:00:00,Female,22,Gold,Shopee,Bangkok,1056,TV_Show,COD,11,9,1,0,20-30,35.2,1.0,1.0,1.0,160,175,1606.7,0.28,1.0,1.0,0.0,0.0,0,0,0.0,0.0,0,0,0.0,0.0,0,0,0.0,1606.7,1,1,1.0,1
LGS2ORD0032636,C015408,2025-09-16 11:00:00,Male,68,Silver,Shopee,Chiang Mai,336,CallCenter,Credit_Card,11,9,1,0,>50,11.2,8.0,2.0,0.25,27,43,7226.83125,0.3,0.625,0.375,0.0,0.0,0,0,0.0,0.0,0,0,0.0,24658.96,2,1,0.5,57814.65,8,2,0.25,0
LGS2ORD0032637,C013117,2025-09-16 11:00:00,Male,64,Gold,Web,Bangkok,1378,Lazada,Bank_Transfer,11,9,1,0,>50,45.93333333333333,3.0,2.0,0.6666666666666666,59,7,3643.7833333333333,0.28,0.6666666666666666,0.6666666666666666,0.0,0.0,0,0,0.0,7475.89,1,0,0.0,10931.35,3,2,0.6666666666666666,10931.35,3,2,0.6666666666666666,0
LGS2ORD0032638,C012141,2025-09-16 11:00:00,Female,41,Platinum,Shopee,Chiang Mai,608,Lazada,COD,11,9,1,0,40-50,20.266666666666666,2.0,0.0,0.0,-1,86,956.77,0.25,0.5,0.5,0.0,0.0,0,0,0.0,0.0,0,0,0.0,528.72,1,0,0.0,1913.54,2,0,0.0,0
LGS2ORD0032639,C011441,2025-09-16 11:00:00,Male,38,Bronze,TV,Khon Kaen,1313,Shopee,COD,11,9,1,0,30-40,43.766666666666666,6.0,0.0,0.0,-1,98,11173.011666666667,0.28,0.6666666666666666,0.5,0.0,0.0,0,0,0.0,0.0,0,0,0.0,0.0,0,0,0.0,67038.07,6,0,0.0,1
LGS2ORD0032640,C011154,2025-09-16 11:00:00,Male,18,Bronze,Web,Nakhon Ratchasima,1261,Shopee,COD,11,9,1,0,<20,42.03333333333333,5.0,1.0,0.2,31,34,13588.467999999999,0.23,0.6,0.2,0.0,0.0,0,0,0.0,0.0,0,0,0.0,44523.369999999995,3,1,0.3333333333333333,67942.34,5,1,0.2,0
LGS2ORD0032641,C017997,2025-09-16 12:00:00,Male,42,Platinum,Lazada,Chonburi,1645,Web,COD,12,9,1,0,40-50,54.833333333333336,3.0,0.0,0.0,-1,36,4403.996666666667,0.3,0.3333333333333333,0.3333333333333333,0.0,0.0,0,0,0.0,0.0,0,0,0.0,878.17,1,0,0.0,13211.99,3,0,0.0,0
LGS2ORD0032642,C014015,2025-09-16 12:00:00,Female,57,Bronze,TV,Remote_Area,1408,Web,COD,12,9,1,0,>50,46.93333333333333,4.0,0.0,0.0,-1,50,5366.5425000000005,0.23,0.25,0.25,0.0,0.0,0,0,0.0,0.0,0,0,0.0,7025.77,1,0,0.0,21466.170000000002,4,0,0.0,0
LGS2ORD0032643,C011171,2025-09-16 12:00:00,Female,25,Platinum,Shopee,Chiang Mai,1631,Lazada,Credit_Card,12,9,1,0,20-30,54.36666666666667,2.0,1.0,0.5,27,33,1035.67,0.35,0.5,1.0,0.0,0.0,0,0,0.0,0.0,0,0,0.0,485.4,1,1,1.0,2071.34,2,1,0.5,0
LGS2ORD0032644,C013397,2025-09-16 12:00:00,Female,37,Bronze,Web,Khon Kaen,1377,Shopee,COD,12,9,1,0,30-40,45.9,3.0,0.0,0.0,-1,155,7736.006666666667,0.23,0.6666666666666666,0.3333333333333333,0.0,0.0,0,0,0.0,0.0,0,0,0.0,0.0,0,0,0.0,23208.02,3,0,0.0,1
LGS2ORD0032645,C013605,2025-09-16 12:00:00,Female,66,Silver,Lazada,Bangkok,381,Shopee,Credit_Card,12,9,1,0,>50,12.7,4.0,1.0,0.25,219,56,5947.34,0.25,1.0,0.25,0.0,0.0,0,0,0.0,0.0,0,0,0.0,9801.08,2,0,0.0,23789.36,4,1,0.25,0
LGS2ORD0032646,C012093,2025-09-16 13:00:00,Female,53,Bronze,Lazada,Remote_Area,663,CallCenter,COD,13,9,1,0,>50,22.1,6.0,2.0,0.3333333333333333,65,1,4892.884999999999,0.23,0.6666666666666666,0.16666666666666666,0.0,1595.26,1,0,0.0,1595.26,1,0,0.0,9643.05,3,1,0.3333333333333333,29357.309999999994,6,2,0.3333333333333333,0
LGS2ORD0032647,C011905,2025-09-16 13:00:00,Female,63,Silver,TV,Remote_Area,1614,Shopee,COD,13,9,1,0,>50,53.8,6.0,4.0,0.6666666666666666,23,39,11288.875,0.2,0.3333333333333333,0.0,0.0,0.0,0,0,0.0,0.0,0,0,0.0,31598.06,1,1,1.0,67733.25,6,4,0.6666666666666666,0
LGS2ORD0032648,C015439,2025-09-16 13:00:00,Male,37,Bronze,Lazada,Remote_Area,310,Shopee,PromptPay,13,9,1,0,30-40,10.333333333333334,6.0,2.0,0.3333333333333333,127,30,7417.88,0.28,0.3333333333333333,0.16666666666666666,0.0,0.0,0,0,0.0,0.0,0,0,0.0,16572.86,2,0,0.0,44507.28,6,2,0.3333333333333333,0
LGS2ORD0032649,C013023,2025-09-16 13:00:00,Male,46,Platinum,TV,Bangkok,658,Shopee,COD,13,9,1,0,40-50,21.933333333333334,6.0,1.0,0.16666666666666666,125,25,4513.305,0.3,0.5,0.3333333333333333,0.0,0.0,0,0,0.0,9360.7,1,0,0.0,9360.7,1,0,0.0,27079.83,6,1,0.16666666666666666,0
LGS2ORD0032650,C017828,2025-09-16 13:00:00,Male,35,Gold,Shopee,Khon Kaen,1295,Lazada,COD,13,9,1,0,30-40,43.166666666666664,5.0,1.0,0.2,38,30,3833.65,0.33,0.8,0.4,0.0,0.0,0,0,0.0,0.0,0,0,0.0,8420.55,4,1,0.25,19168.25,5,1,0.2,0
LGS2ORD0032651,C010206,2025-09-16 14:00:00,Other,46,Silver,Web,Chiang Mai,803,TV_Show,PromptPay,14,9,1,0,40-50,26.766666666666666,5.0,2.0,0.4,193,68,2598.594,0.3,1.0,0.2,0.0,0.0,0,0,0.0,0.0,0,0,0.0,4381.28,2,0,0.0,12992.97,5,2,0.4,1
LGS2ORD0032652,C011556,2025-09-16 14:00:00,Male,33,Silver,Shopee,Chiang Mai,1508,Web,Credit_Card,14,9,1,0,30-40,50.266666666666666,4.0,2.0,0.5,17,28,2555.7425,0.2,0.75,0.0,0.0,0.0,0,0,0.0,1171.39,1,1,1.0,1171.39,1,1,1.0,10222.97,4,2,0.5,0
LGS2ORD0032653,C015202,2025-09-16 14:00:00,Male,32,Gold,Lazada,Bangkok,697,CallCenter,Bank_Transfer,14,9,1,0,30-40,23.233333333333334,3.0,1.0,0.3333333333333333,227,77,5787.8966666666665,0.28,0.0,0.3333333333333333,0.0,0.0,0,0,0.0,0.0,0,0,0.0,2198.91,1,0,0.0,17363.69,3,1,0.3333333333333333,0
LGS2ORD0032654,C015387,2025-09-16 14:00:00,Male,47,Bronze,Shopee,Bangkok,541,Web,COD,14,9,1,0,40-50,18.033333333333335,3.0,1.0,0.3333333333333333,78,21,4424.856666666667,0.23,1.0,0.3333333333333333,0.0,0.0,0,0,0.0,520.96,1,0,0.0,520.96,1,0,0.0,13274.57,3,1,0.3333333333333333,1
LGS2ORD0032655,C010066,2025-09-16 14:00:00,Female,45,Gold,TV,Bangkok,1000,Lazada,Bank_Transfer,14,9,1,0,40-50,33.333333333333336,6.0,0.0,0.0,-1,43,6682.821666666666,0.33,0.5,0.6666666666666666,0.0,0.0,0,0,0.0,0.0,0,0,0.0,6241.33,2,0,0.0,40096.92999999999,6,0,0.0,0
LGS2ORD0032656,C016626,2025-09-16 15:00:00,Male,44,Bronze,TV,Bangkok,1186,Web,COD,15,9,1,0,40-50,39.53333333333333,2.0,0.0,0.0,-1,22,12705.34,0.03,0.5,0.0,0.0,0.0,0,0,0.0,3125.91,1,0,0.0,25410.68,2,0,0.0,25410.68,2,0,0.0,1
LGS2ORD0032657,C017171,2025-09-16 15:00:00,Female,32,Silver,Shopee,Songkhla,734,Shopee,Credit_Card,15,9,1,0,30-40,24.466666666666665,5.0,1.0,0.2,210,35,7347.777999999998,0.25,0.8,0.2,0.0,0.0,0,0,0.0,0.0,0,0,0.0,3615.06,1,0,0.0,36738.88999999999,5,1,0.2,0
LGS2ORD0032658,C015820,2025-09-16 15:00:00,Female,33,Platinum,Shopee,Songkhla,320,CallCenter,Bank_Transfer,15,9,1,0,30-40,10.666666666666666,6.0,2.0,0.3333333333333333,81,91,7717.928333333333,0.3,0.3333333333333333,0.5,0.0,0.0,0,0,0.0,0.0,0,0,0.0,0.0,0,0,0.0,46307.57,6,2,0.3333333333333333,0
LGS2ORD0032659,C013376,2025-09-16 15:00:00,Male,37,Silver,Lazada,Bangkok,424,Web,PromptPay,15,9,1,0,30-40,14.133333333333333,3.0,1.0,0.3333333333333333,106,20,1694.8366666666668,0.25,1.0,0.6666666666666666,0.0,0.0,0,0,0.0,1619.87,1,0,0.0,1619.87,1,0,0.0,5084.51,3,1,0.3333333333333333,0
LGS2ORD0032660,C011590,2025-09-16 15:00:00,Male,70,Silver,CallCenter,Phuket,732,Shopee,COD,15,9,1,0,>50,24.4,5.0,2.0,0.4,22,33,5443.447999999999,0.25,0.8,0.2,0.0,0.0,0,0,0.0,0.0,0,0,0.0,8969.71,1,1,1.0,27217.239999999998,5,2,0.4,0
LGS2ORD0032661,C012143,2025-09-16 15:00:00,Female,50,Silver,Lazada,Nakhon Ratchasima,282,Web,COD,15,9,1,0,40-50,9.4,4.0,0.0,0.0,-1,53,5300.9575,0.3,0.0,0.25,0.0,0.0,0,0,0.0,0.0,0,0,0.0,9445.61,2,0,0.0,21203.83,4,0,0.0,0
LGS2ORD0032662,C017639,2025-09-16 16:00:00,Female,49,Silver,Shopee,Remote_Area,1017,Shopee,COD,16,9,1,0,40-50,33.9,6.0,3.0,0.5,38,18,1603.3233333333335,0.3,0.8333333333333334,0.3333333333333333,0.0,0.0,0,0,0.0,943.36,1,0,0.0,6015.12,3,2,0.6666666666666666,9619.94,6,3,0.5,1
LGS2ORD0032663,C012363,2025-09-16 16:00:00,Female,50,Bronze,TV,Chiang Mai,625,Lazada,Credit_Card,16,9,1,0,40-50,20.833333333333332,1.0,0.0,0.0,-1,120,300.17,0.13,1.0,0.0,0.0,0.0,0,0,0.0,0.0,0,0,0.0,0.0,0,0,0.0,300.17,1,0,0.0,0
LGS2ORD0032664,C016525,2025-09-16 16:00:00,Female,45,Silver,Shopee,Bangkok,1589,TV_Show,Credit_Card,16,9,1,0,40-50,52.96666666666667,3.0,1.0,0.3333333333333333,174,82,2223.3933333333334,0.25,0.3333333333333333,0.3333333333333333,0.0,0.0,0,0,0.0,0.0,0,0,0.0,2042.63,1,0,0.0,6670.18,3,1,0.3333333333333333,0
LGS2ORD0032665,C011035,2025-09-16 16:00:00,Male,65,Bronze,Shopee,Nakhon Ratchasima,678,Web,COD,16,9,1,0,>50,22.6,5.0,2.0,0.4,11,18,5227.37,0.23,0.4,0.2,0.0,0.0,0,0,0.0,16763.46,2,1,0.5,23753.660000000003,4,2,0.5,26136.85,5,2,0.4,0
LGS2ORD0032666,C015661,2025-09-16 16:00:00,Female,54,Bronze,Shopee,Nakhon Ratchasima,1107,CallCenter,COD,16,9,1,0,>50,36.9,5.0,0.0,0.0,-1,28,2804.9739999999997,0.28,0.8,0.2,0.0,0.0,0,0,0.0,4055.14,1,0,0.0,7680.74,2,0,0.0,14024.869999999999,5,0,0.0,0
LGS2ORD0032667,C014188,2025-09-16 17:00:00,Female,62,Silver,Shopee,Khon Kaen,993,Shopee,COD,17,9,1,0,>50,33.1,4.0,0.0,0.0,-1,27,11002.064999999999,0.25,0.25,0.25,0.0,0.0,0,0,0.0,10270.23,1,0,0.0,10270.23,1,0,0.0,44008.259999999995,4,0,0.0,0
LGS2ORD0032668,C012123,2025-09-16 17:00:00,Female,22,Silver,TV,Khon Kaen,1309,Lazada,COD,17,9,1,0,20-30,43.63333333333333,8.0,1.0,0.125,244,9,5290.46875,0.15,0.375,0.0,0.0,0.0,0,0,0.0,3532.2799999999997,2,0,0.0,3532.2799999999997,2,0,0.0,42323.75,8,1,0.125,0
LGS2ORD0032669,C011971,2025-09-16 17:00:00,Female,28,Bronze,TV,Songkhla,1404,Shopee,COD,17,9,1,0,20-30,46.8,7.0,4.0,0.5714285714285714,29,41,6245.377142857143,0.28,0.5714285714285714,0.2857142857142857,0.0,0.0,0,0,0.0,0.0,0,0,0.0,1931.07,1,1,1.0,43717.64,7,4,0.5714285714285714,0
LGS2ORD0032670,C012525,2025-09-16 17:00:00,Female,50,Bronze,Shopee,Bangkok,977,Web,COD,17,9,1,0,40-50,32.56666666666667,7.0,2.0,0.2857142857142857,11,16,5675.467142857143,0.28,0.7142857142857143,0.2857142857142857,0.0,0.0,0,0,0.0,16011.93,2,1,0.5,18118.61,3,1,0.3333333333333333,39728.27,7,2,0.2857142857142857,0
LGS2ORD0032671,C015880,2025-09-16 17:00:00,Male,59,Bronze,CallCenter,Chonburi,956,Shopee,COD,17,9,1,0,>50,31.866666666666667,5.0,2.0,0.4,15,8,1993.25,0.23,0.6,0.4,0.0,0.0,0,0,0.0,6983.870000000001,3,1,0.3333333333333333,9318.46,4,2,0.5,9966.25,5,2,0.4,0
LGS2ORD0032672,C014667,2025-09-16 18:00:00,Female,58,Silver,Shopee,Songkhla,788,Shopee,COD,18,9,1,0,>50,26.266666666666666,10.0,7.0,0.7,15,18,4980.221,0.3,0.8,0.3,0.0,0.0,0,0,0.0,23284.15,3,1,0.3333333333333333,37246.85,4,2,0.5,49802.21,10,7,0.7,1
LGS2ORD0032673,C010889,2025-09-16 18:00:00,Male,54,Silver,Shopee,Phuket,1026,CallCenter,COD,18,9,1,0,>50,34.2,1.0,0.0,0.0,-1,118,4543.43,0.2,0.0,0.0,0.0,0.0,0,0,0.0,0.0,0,0,0.0,0.0,0,0,0.0,4543.43,1,0,0.0,1
LGS2ORD0032674,C016853,2025-09-16 18:00:00,Female,35,Bronze,Web,Khon Kaen,1113,Shopee,COD,18,9,1,0,30-40,37.1,2.0,1.0,0.5,76,41,3310.42,0.28,0.5,0.5,0.0,0.0,0,0,0.0,0.0,0,0,0.0,6620.84,2,1,0.5,6620.84,2,1,0.5,0
LGS2ORD0032675,C011027,2025-09-16 18:00:00,Female,46,Bronze,CallCenter,Phuket,1105,Web,COD,18,9,1,0,40-50,36.833333333333336,4.0,1.0,0.25,165,37,4033.6775,0.18,0.25,0.0,0.0,0.0,0,0,0.0,0.0,0,0,0.0,2424.95,1,0,0.0,16134.71,4,1,0.25,1
LGS2ORD0032676,C016925,2025-09-16 18:00:00,Male,50,Platinum,Shopee,Bangkok,455,TV_Show,PromptPay,18,9,1,0,40-50,15.166666666666666,2.0,0.0,0.0,-1,138,3582.57,0.25,0.0,0.5,0.0,0.0,0,0,0.0,0.0,0,0,0.0,0.0,0,0,0.0,7165.14,2,0,0.0,0
LGS2ORD0032677,C015463,2025-09-16 19:00:00,Male,51,Silver,Shopee,Khon Kaen,960,Shopee,COD,19,9,1,0,>50,32.0,1.0,1.0,1.0,75,77,703.18,0.25,1.0,1.0,0.0,0.0,0,0,0.0,0.0,0,0,0.0,703.18,1,1,1.0,703.18,1,1,1.0,0
LGS2ORD0032678,C016423,2025-09-16 19:00:00,Male,50,Bronze,TV,Khon Kaen,1662,Web,COD,19,9,1,0,40-50,55.4,3.0,1.0,0.3333333333333333,68,74,6897.97,0.28,0.3333333333333333,0.3333333333333333,0.0,0.0,0,0,0.0,0.0,0,0,0.0,17082.84,1,1,1.0,20693.91,3,1,0.3333333333333333,1
LGS2ORD0032679,C013115,2025-09-16 19:00:00,Female,37,Gold,Shopee,Chonburi,1660,CallCenter,PromptPay,19,9,1,0,30-40,55.333333333333336,4.0,2.0,0.5,31,46,6951.9475,0.2299999999999999,0.25,0.5,0.0,0.0,0,0,0.0,0.0,0,0,0.0,9217.46,2,2,1.0,27807.79,4,2,0.5,0
LGS2ORD0032680,C012672,2025-09-16 19:00:00,Male,50,Silver,Shopee,Bangkok,1077,TV_Show,Credit_Card,19,9,1,0,40-50,35.9,3.0,1.0,0.3333333333333333,42,5,5485.639999999999,0.25,0.6666666666666666,0.6666666666666666,0.0,7367.9,1,0,0.0,7367.9,1,0,0.0,12040.18,2,1,0.5,16456.92,3,1,0.3333333333333333,0
LGS2ORD0032681,C010682,2025-09-16 19:00:00,Male,56,Bronze,Web,Bangkok,1413,Shopee,COD,19,9,1,0,>50,47.1,3.0,1.0,0.3333333333333333,179,1,1520.3500000000001,0.23,0.0,0.3333333333333333,0.0,2059.46,1,0,0.0,2059.46,1,0,0.0,2059.46,1,0,0.0,4561.05,3,1,0.3333333333333333,1
LGS2ORD0032682,C011941,2025-09-16 19:00:00,Female,37,Platinum,TV,Bangkok,577,Web,COD,19,9,1,0,30-40,19.233333333333334,3.0,0.0,0.0,-1,6,8077.533333333333,0.25,0.3333333333333333,0.3333333333333333,0.0,7453.41,1,0,0.0,7453.41,1,0,0.0,7453.41,1,0,0.0,24232.6,3,0,0.0,0
LGS2ORD0032683,C014128,2025-09-16 20:00:00,Male,40,Platinum,CallCenter,Remote_Area,1264,CallCenter,Bank_Transfer,20,9,1,0,30-40,42.13333333333333,1.0,0.0,0.0,-1,51,4951.63,0.1,0.0,0.0,0.0,0.0,0,0,0.0,0.0,0,0,0.0,4951.63,1,0,0.0,4951.63,1,0,0.0,0
LGS2ORD0032684,C015319,2025-09-16 20:00:00,Female,41,Bronze,Lazada,Khon Kaen,1709,TV_Show,COD,20,9,1,0,40-50,56.96666666666667,2.0,1.0,0.5,175,71,4533.625,0.23,1.0,0.5,0.0,0.0,0,0,0.0,0.0,0,0,0.0,1066.39,1,0,0.0,9067.25,2,1,0.5,0
LGS2ORD0032685,C011556,2025-09-16 20:00:00,Male,33,Silver,Shopee,Chiang Mai,1508,CallCenter,Bank_Transfer,20,9,1,0,30-40,50.266666666666666,5.0,2.0,0.4,17,0,2175.4719999999998,0.2,0.6,0.0,0.0,654.39,1,0,0.0,1825.7800000000002,2,1,0.5,1825.7800000000002,2,1,0.5,10877.359999999999,5,2,0.4,0
LGS2ORD0032686,C014498,2025-09-16 20:00:00,Female,53,Silver,Web,Khon Kaen,693,Shopee,COD,20,9,1,0,>50,23.1,4.0,0.0,0.0,-1,52,8206.115,0.25,0.5,0.5,0.0,0.0,0,0,0.0,0.0,0,0,0.0,6697.76,1,0,0.0,32824.46,4,0,0.0,1
LGS2ORD0032687,C017361,2025-09-16 20:00:00,Female,43,Bronze,TV,Khon Kaen,1638,Shopee,PromptPay,20,9,1,0,40-50,54.6,3.0,0.0,0.0,-1,2,2131.0866666666666,0.13,0.3333333333333333,0.0,0.0,1006.53,1,0,0.0,1006.53,1,0,0.0,1006.53,1,0,0.0,6393.259999999999,3,0,0.0,0
LGS2ORD0032688,C012685,2025-09-16 21:00:00,Male,53,Bronze,TV,Remote_Area,371,Shopee,COD,21,9,1,0,>50,12.366666666666667,2.0,0.0,0.0,-1,99,559.63,0.08,0.0,0.0,0.0,0.0,0,0,0.0,0.0,0,0,0.0,0.0,0,0,0.0,1119.26,2,0,0.0,0
LGS2ORD0032689,C011850,2025-09-16 21:00:00,Male,57,Bronze,Shopee,Remote_Area,560,Lazada,COD,21,9,1,0,>50,18.666666666666668,9.0,3.0,0.3333333333333333,-3,9,4498.286666666667,0.18,0.8888888888888888,0.0,0.0,0.0,0,0,0.0,8910.49,1,1,1.0,13195.97,3,1,0.3333333333333333,40484.58,9,3,0.3333333333333333,0
LGS2ORD0032690,C012648,2025-09-16 21:00:00,Male,47,Silver,TV,Khon Kaen,595,CallCenter,COD,21,9,1,0,40-50,19.833333333333332,7.0,1.0,0.14285714285714285,211,41,3936.4871428571428,0.25,0.7142857142857143,0.14285714285714285,0.0,0.0,0,0,0.0,0.0,0,0,0.0,14362.53,4,0,0.0,27555.41,7,1,0.14285714285714285,0
LGS2ORD0032691,C016210,2025-09-16 21:00:00,Female,37,Silver,TV,Chonburi,1055,Lazada,COD,21,9,1,0,30-40,35.166666666666664,4.0,0.0,0.0,-1,96,1779.7624999999998,0.25,1.0,0.5,0.0,0.0,0,0,0.0,0.0,0,0,0.0,0.0,0,0,0.0,7119.049999999999,4,0,0.0,1
LGS2ORD0032692,C011664,2025-09-16 21:00:00,Female,18,Gold,Web,Bangkok,1538,Lazada,COD,21,9,1,0,<20,51.266666666666666,4.0,0.0,0.0,-1,185,3728.79,0.28,0.25,0.75,0.0,0.0,0,0,0.0,0.0,0,0,0.0,0.0,0,0,0.0,14915.16,4,0,0.0,0
LGS2ORD0032693,C011516,2025-09-16 22:00:00,Female,28,Bronze,TV,Nakhon Ratchasima,1564,Web,COD,22,9,1,0,20-30,52.13333333333333,8.0,3.0,0.375,5,14,6143.303750000001,0.28,0.625,0.25,0.0,0.0,0,0,0.0,15213.560000000001,2,2,1.0,34934.020000000004,5,2,0.4,49146.43000000001,8,3,0.375,1
LGS2ORD0032694,C011730,2025-09-16 22:00:00,Female,37,Silver,Web,Chonburi,1289,TV_Show,PromptPay,22,9,1,0,30-40,42.96666666666667,5.0,1.0,0.2,175,67,4400.096,0.3,0.6,0.4,0.0,0.0,0,0,0.0,0.0,0,0,0.0,4960.240000000001,2,0,0.0,22000.48,5,1,0.2,0
LGS2ORD0032695,C011694,2025-09-16 22:00:00,Male,36,Silver,TV,Bangkok,356,Web,PromptPay,22,9,1,0,30-40,11.866666666666667,5.0,1.0,0.2,118,127,5960.746,0.3,0.6,0.4,0.0,0.0,0,0,0.0,0.0,0,0,0.0,0.0,0,0,0.0,29803.73,5,1,0.2,0
LGS2ORD0032696,C013106,2025-09-16 22:00:00,Male,28,Bronze,TV,Nakhon Ratchasima,283,Web,COD,22,9,1,0,20-30,9.433333333333334,8.0,2.0,0.25,111,13,4651.23,0.23,0.5,0.5,0.125,0.0,0,0,0.0,3622.61,1,0,0.0,4697.62,3,0,0.0,37209.84,8,2,0.25,0
LGS2ORD0032697,C010044,2025-09-16 22:00:00,Female,28,Bronze,Shopee,Nakhon Ratchasima,1366,TV_Show,Credit_Card,22,9,1,0,20-30,45.53333333333333,2.0,1.0,0.5,123,130,1503.51,0.08,0.5,0.0,0.0,0.0,0,0,0.0,0.0,0,0,0.0,0.0,0,0,0.0,3007.02,2,1,0.5,0
LGS2ORD0032698,C011750,2025-09-16 23:00:00,Female,59,Bronze,TV,Khon Kaen,467,Shopee,PromptPay,23,9,1,0,>50,15.566666666666666,9.0,3.0,0.3333333333333333,102,114,3991.3677777777784,0.28,0.8888888888888888,0.3333333333333333,0.0,0.0,0,0,0.0,0.0,0,0,0.0,0.0,0,0,0.0,35922.310000000005,9,3,0.3333333333333333,0
LGS2ORD0032699,C016218,2025-09-16 23:00:00,Female,24,Silver,Web,Bangkok,719,CallCenter,Credit_Card,23,9,1,0,20-30,23.966666666666665,4.0,2.0,0.5,130,63,5681.155,0.3,0.25,0.25,0.0,0.0,0,0,0.0,0.0,0,0,0.0,1814.02,1,0,0.0,22724.62,4,2,0.5,0
LGS2ORD0032700,C015626,2025-09-16 23:00:00,Male,72,Bronze,Lazada,Bangkok,1503,Web,COD,23,9,1,0,>50,50.1,3.0,1.0,0.3333333333333333,212,104,4206.983333333334,0.23,0.6666666666666666,0.6666666666666666,0.0,0.0,0,0,0.0,0.0,0,0,0.0,0.0,0,0,0.0,12620.95,3,1,0.3333333333333333,0
LGS2ORD0032701,C013640,2025-09-16 23:00:00,Male,43,Bronze,Web,Khon Kaen,1257,CallCenter,COD,23,9,1,0,40-50,41.9,4.0,0.0,0.0,-1,7,3970.1925,0.18,0.5,0.0,0.0,0.0,0,0,0.0,6384.11,1,0,0.0,6384.11,1,0,0.0,15880.77,4,0,0.0,1
LGS2ORD0032702,C015542,2025-09-16 23:00:00,Female,38,Silver,Shopee,Chonburi,517,Lazada,PromptPay,23,9,1,0,30-40,17.233333333333334,5.0,0.0,0.0,-1,25,3669.3839999999996,0.3,0.4,0.2,0.0,0.0,0,0,0.0,9842.82,1,0,0.0,13189.029999999999,2,0,0.0,18346.92,5,0,0.0,0
LGS2ORD0032703,C015588,2025-09-16 23:00:00,Male,51,Bronze,TV,Songkhla,339,Shopee,COD,23,9,1,0,>50,11.3,6.0,2.0,0.3333333333333333,135,84,5463.711666666667,0.28,0.8333333333333334,0.16666666666666666,0.0,0.0,0,0,0.0,0.0,0,0,0.0,9423.09,2,0,0.0,32782.270000000004,6,2,0.3333333333333333,0
LGS2ORD0032704,C013849,2025-09-17 00:00:00,Female,38,Platinum,CallCenter,Bangkok,865,Lazada,Credit_Card,0,9,2,0,30-40,28.833333333333332,0.0,0.0,0.0,-1,-1,0.0,0.0,0.0,0.0,0.0,0.0,0,0,0.0,0.0,0,0,0.0,0.0,0,0,0.0,0.0,0,0,0.0,0
LGS2ORD0032705,C015805,2025-09-17 00:00:00,Male,41,Gold,TV,Chiang Mai,1208,Shopee,COD,0,9,2,0,40-50,40.266666666666666,4.0,0.0,0.0,-1,57,12277.17,0.28,1.0,0.25,0.0,0.0,0,0,0.0,0.0,0,0,0.0,8403.26,1,0,0.0,49108.68,4,0,0.0,0
LGS2ORD0032706,C014548,2025-09-17 00:00:00,Female,35,Bronze,Shopee,Nakhon Ratchasima,777,CallCenter,COD,0,9,2,0,30-40,25.9,6.0,2.0,0.3333333333333333,24,32,2766.6316666666667,0.23,0.6666666666666666,0.3333333333333333,0.0,0.0,0,0,0.0,0.0,0,0,0.0,2846.93,3,2,0.6666666666666666,16599.79,6,2,0.3333333333333333,0
LGS2ORD0032707,C015124,2025-09-17 00:00:00,Female,54,Bronze,TV,Nakhon Ratchasima,292,Web,COD,0,9,2,0,>50,9.733333333333333,7.0,2.0,0.2857142857142857,34,19,3772.6642857142847,0.28,0.5714285714285714,0.2857142857142857,0.0,0.0,0,0,0.0,4512.67,1,0,0.0,7933.66,2,1,0.5,26408.649999999994,7,2,0.2857142857142857,1
LGS2ORD0032708,C011123,2025-09-17 00:00:00,Female,45,Bronze,TV,Chiang Mai,324,Lazada,COD,0,9,2,0,40-50,10.8,5.0,1.0,0.2,160,71,7476.778,0.23,0.4,0.4,0.0,0.0,0,0,0.0,0.0,0,0,0.0,2223.55,1,0,0.0,37383.89,5,1,0.2,0
LGS2ORD0032709,C017769,2025-09-17 01:00:00,Female,55,Silver,Lazada,Remote_Area,489,CallCenter,PromptPay,1,9,2,0,>50,16.3,6.0,0.0,0.0,-1,84,1876.1200000000001,0.3,0.5,0.3333333333333333,0.0,0.0,0,0,0.0,0.0,0,0,0.0,2995.52,1,0,0.0,11256.720000000001,6,0,0.0,0
LGS2ORD0032710,C011760,2025-09-17 01:00:00,Male,27,Bronze,TV,Khon Kaen,336,Lazada,COD,1,9,2,0,20-30,11.2,5.0,0.0,0.0,-1,29,6332.338000000001,0.28,0.4,0.2,0.0,0.0,0,0,0.0,3246.09,1,0,0.0,3246.09,1,0,0.0,31661.690000000002,5,0,0.0,0
LGS2ORD0032711,C014884,2025-09-17 01:00:00,Female,32,Bronze,TV,Phuket,496,TV_Show,PromptPay,1,9,2,0,30-40,16.533333333333335,5.0,1.0,0.2,188,147,4010.8299999999995,0.28,1.0,0.2,0.0,0.0,0,0,0.0,0.0,0,0,0.0,0.0,0,0,0.0,20054.149999999998,5,1,0.2,0
LGS2ORD0032712,C011005,2025-09-17 01:00:00,Male,30,Bronze,Web,Nakhon Ratchasima,1714,Lazada,COD,1,9,2,0,20-30,57.13333333333333,4.0,2.0,0.5,224,198,3623.3675,0.23,0.75,0.25,0.0,0.0,0,0,0.0,0.0,0,0,0.0,0.0,0,0,0.0,14493.47,4,2,0.5,0
LGS2ORD0032713,C010335,2025-09-17 01:00:00,Female,37,Bronze,Shopee,Phuket,652,Web,COD,1,9,2,0,30-40,21.733333333333334,4.0,2.0,0.5,15,22,2697.6325,0.18,0.75,0.0,0.0,0.0,0,0,0.0,4542.96,1,1,1.0,4542.96,1,1,1.0,10790.53,4,2,0.5,0
LGS2ORD0032714,C015892,2025-09-17 02:00:00,Female,45,Silver,Web,Chiang Mai,464,Web,PromptPay,2,9,2,0,40-50,15.466666666666667,4.0,2.0,0.5,99,59,4676.094999999999,0.3,0.5,0.25,0.0,0.0,0,0,0.0,0.0,0,0,0.0,9616.24,2,0,0.0,18704.379999999997,4,2,0.5,0
LGS2ORD0032715,C017569,2025-09-17 02:00:00,Male,53,Silver,TV,Chonburi,853,Lazada,PromptPay,2,9,2,0,>50,28.433333333333334,3.0,0.0,0.0,-1,16,1489.8000000000002,0.25,0.6666666666666666,0.6666666666666666,0.0,0.0,0,0,0.0,1504.01,1,0,0.0,3579.3900000000003,2,0,0.0,4469.400000000001,3,0,0.0,0
LGS2ORD0032716,C013502,2025-09-17 02:00:00,Other,52,Bronze,Web,Chonburi,1261,CallCenter,COD,2,9,2,0,>50,42.03333333333333,3.0,0.0,0.0,-1,33,4067.663333333334,0.18,0.6666666666666666,0.0,0.0,0.0,0,0,0.0,0.0,0,0,0.0,10357.25,2,0,0.0,12202.990000000002,3,0,0.0,0
LGS2ORD0032717,C013436,2025-09-17 02:00:00,Male,53,Bronze,TV,Chiang Mai,641,TV_Show,Credit_Card,2,9,2,0,>50,21.366666666666667,10.0,5.0,0.5,46,57,11163.073,0.28,0.5,0.4,0.0,0.0,0,0,0.0,0.0,0,0,0.0,15064.880000000001,2,2,1.0,111630.73000000001,10,5,0.5,1
LGS2ORD0032718,C012703,2025-09-17 02:00:00,Female,33,Bronze,TV,Phuket,1718,TV_Show,COD,2,9,2,0,30-40,57.266666666666666,0.0,0.0,0.0,-1,-1,0.0,0.0,0.0,0.0,0.0,0.0,0,0,0.0,0.0,0,0,0.0,0.0,0,0,0.0,0.0,0,0,0.0,0
LGS2ORD0032719,C014235,2025-09-17 03:00:00,Male,31,Silver,TV,Bangkok,578,TV_Show,COD,3,9,2,0,30-40,19.266666666666666,5.0,0.0,0.0,-1,19,7498.840000000001,0.25,0.6,0.2,0.0,0.0,0,0,0.0,10979.49,1,0,0.0,14550.67,2,0,0.0,37494.200000000004,5,0,0.0,0
LGS2ORD0032720,C013058,2025-09-17 03:00:00,Female,24,Bronze,CallCenter,Chonburi,1666,Web,COD,3,9,2,0,20-30,55.53333333333333,5.0,1.0,0.2,118,45,4148.586,0.18,0.8,0.0,0.0,0.0,0,0,0.0,0.0,0,0,0.0,7326.04,1,0,0.0,20742.93,5,1,0.2,0
LGS2ORD0032721,C013515,2025-09-17 03:00:00,Male,32,Bronze,TV,Remote_Area,480,CallCenter,COD,3,9,2,0,30-40,16.0,8.0,5.0,0.625,-1,10,2348.665,0.28,0.625,0.125,0.0,0.0,0,0,0.0,828.98,1,1,1.0,2079.77,2,2,1.0,18789.32,8,5,0.625,0
LGS2ORD0032722,C010566,2025-09-17 03:00:00,Male,32,Bronze,TV,Chiang Mai,508,Shopee,Credit_Card,3,9,2,0,30-40,16.933333333333334,2.0,1.0,0.5,44,52,5447.53,0.18,1.0,0.0,0.0,0.0,0,0,0.0,0.0,0,0,0.0,3696.53,1,1,1.0,10895.06,2,1,0.5,0
LGS2ORD0032723,C011945,2025-09-17 03:00:00,Female,44,Bronze,CallCenter,Bangkok,783,TV_Show,COD,3,9,2,0,40-50,26.1,7.0,3.0,0.42857142857142855,104,72,4902.622857142857,0.23,0.5714285714285714,0.2857142857142857,0.0,0.0,0,0,0.0,0.0,0,0,0.0,19248.21,3,0,0.0,34318.36,7,3,0.42857142857142855,1
LGS2ORD0032724,C014173,2025-09-17 03:00:00,Female,57,Silver,CallCenter,Khon Kaen,1218,CallCenter,COD,3,9,2,0,>50,40.6,8.0,1.0,0.125,39,25,5717.17375,0.25,0.75,0.375,0.0,0.0,0,0,0.0,1109.61,1,0,0.0,30461.95,3,1,0.3333333333333333,45737.39,8,1,0.125,1
LGS2ORD0032725,C015338,2025-09-17 04:00:00,Female,45,Silver,Web,Chonburi,467,TV_Show,COD,4,9,2,0,40-50,15.566666666666666,5.0,1.0,0.2,78,47,4115.755999999999,0.2,0.2,0.0,0.0,0.0,0,0,0.0,0.0,0,0,0.0,733.42,1,0,0.0,20578.78,5,1,0.2,0
LGS2ORD0032726,C014326,2025-09-17 04:00:00,Female,39,Bronze,TV,Phuket,1556,CallCenter,COD,4,9,2,0,30-40,51.86666666666667,2.0,1.0,0.5,29,36,7348.88,0.18,0.5,0.0,0.0,0.0,0,0,0.0,0.0,0,0,0.0,12624.42,1,1,1.0,14697.76,2,1,0.5,0
LGS2ORD0032727,C011659,2025-09-17 04:00:00,Male,45,Gold,TV,Chonburi,1347,Web,Bank_Transfer,4,9,2,0,40-50,44.9,5.0,2.0,0.4,0,12,4781.0779999999995,0.28,0.8,0.4,0.0,0.0,0,0,0.0,1448.76,1,1,1.0,1448.76,1,1,1.0,23905.39,5,2,0.4,0
LGS2ORD0032728,C014759,2025-09-17 04:00:00,Female,32,Bronze,Lazada,Chiang Mai,1270,TV_Show,PromptPay,4,9,2,0,30-40,42.333333333333336,6.0,2.0,0.3333333333333333,-6,7,3050.0916666666667,0.28,0.5,0.5,0.0,0.0,0,0,0.0,3168.44,1,1,1.0,4093.87,2,1,0.5,18300.55,6,2,0.3333333333333333,0
LGS2ORD0032729,C012443,2025-09-17 04:00:00,Male,63,Bronze,Shopee,Remote_Area,1622,CallCenter,Bank_Transfer,4,9,2,0,>50,54.06666666666667,3.0,0.0,0.0,-1,8,2808.22,0.28,0.0,0.3333333333333333,0.0,0.0,0,0,0.0,4783.16,1,0,0.0,4783.16,1,0,0.0,8424.66,3,0,0.0,0
LGS2ORD0032730,C016560,2025-09-17 05:00:00,Male,71,Bronze,Lazada,Bangkok,1556,Shopee,COD,5,9,2,0,>50,51.86666666666667,8.0,3.0,0.375,88,35,4274.0962500000005,0.28,0.75,0.25,0.0,0.0,0,0,0.0,0.0,0,0,0.0,3598.79,3,0,0.0,34192.770000000004,8,3,0.375,0
LGS2ORD0032731,C013972,2025-09-17 05:00:00,Male,43,Silver,Web,Bangkok,1463,Shopee,COD,5,9,2,0,40-50,48.766666666666666,4.0,2.0,0.5,23,37,4222.3275,0.25,0.75,0.25,0.0,0.0,0,0,0.0,0.0,0,0,0.0,837.52,1,1,1.0,16889.31,4,2,0.5,0
LGS2ORD0032732,C013254,2025-09-17 05:00:00,Female,72,Silver,Web,Nakhon Ratchasima,1719,Web,COD,5,9,2,0,>50,57.3,2.0,0.0,0.0,-1,34,3913.265,0.1,0.5,0.0,0.0,0.0,0,0,0.0,0.0,0,0,0.0,6485.36,1,0,0.0,7826.53,2,0,0.0,1
LGS2ORD0032733,C015328,2025-09-17 05:00:00,Female,72,Bronze,Lazada,Chonburi,1003,CallCenter,COD,5,9,2,0,>50,33.43333333333333,2.0,1.0,0.5,174,130,5979.400000000001,0.08,1.0,0.0,0.0,0.0,0,0,0.0,0.0,0,0,0.0,0.0,0,0,0.0,11958.800000000001,2,1,0.5,0
LGS2ORD0032734,C014146,2025-09-17 05:00:00,Female,37,Bronze,Lazada,Khon Kaen,1017,CallCenter,COD,5,9,2,0,30-40,33.9,7.0,0.0,0.0,-1,12,5522.298571428572,0.28,0.7142857142857143,0.14285714285714285,0.0,0.0,0,0,0.0,19064.36,1,0,0.0,19064.36,1,0,0.0,38656.090000000004,7,0,0.0,1
LGS2ORD0032735,C016270,2025-09-17 06:00:00,Male,48,Bronze,Lazada,Songkhla,1375,TV_Show,COD,6,9,2,0,40-50,45.833333333333336,4.0,2.0,0.5,219,39,4428.1725,0.28,1.0,0.25,0.0,0.0,0,0,0.0,0.0,0,0,0.0,2980.73,1,0,0.0,17712.69,4,2,0.5,0
LGS2ORD0032736,C014216,2025-09-17 06:00:00,Male,59,Bronze,TV,Chiang Mai,521,Shopee,Bank_Transfer,6,9,2,0,>50,17.366666666666667,2.0,1.0,0.5,241,126,3608.51,0.23,1.0,0.5,0.0,0.0,0,0,0.0,0.0,0,0,0.0,0.0,0,0,0.0,7217.02,2,1,0.5,0
LGS2ORD0032737,C012419,2025-09-17 06:00:00,Male,45,Gold,Lazada,Remote_Area,1507,Web,COD,6,9,2,0,40-50,50.233333333333334,4.0,1.0,0.25,61,66,4451.0575,0.28,0.25,0.25,0.0,0.0,0,0,0.0,0.0,0,0,0.0,11217.77,2,1,0.5,17804.23,4,1,0.25,0
LGS2ORD0032738,C012407,2025-09-17 06:00:00,Female,26,Bronze,Shopee,Remote_Area,1505,TV_Show,COD,6,9,2,0,20-30,50.166666666666664,3.0,1.0,0.3333333333333333,47,7,2821.6366666666668,0.13,0.0,0.0,0.0,0.0,0,0,0.0,1329.8,1,0,0.0,3451.3900000000003,2,1,0.5,8464.91,3,1,0.3333333333333333,1
LGS2ORD0032739,C017499,2025-09-17 06:00:00,Female,41,Bronze,Shopee,Chonburi,1292,Web,Bank_Transfer,6,9,2,0,40-50,43.06666666666667,9.0,4.0,0.4444444444444444,6,15,3900.243333333333,0.23,0.7777777777777778,0.2222222222222222,0.0,0.0,0,0,0.0,801.29,1,1,1.0,2281.37,3,1,0.3333333333333333,35102.189999999995,9,4,0.4444444444444444,0
LGS2ORD0032740,C014510,2025-09-17 06:00:00,Female,72,Platinum,Lazada,Bangkok,683,Shopee,COD,6,9,2,0,>50,22.766666666666666,8.0,2.0,0.25,96,28,6114.616249999999,0.35,0.625,0.375,0.0,0.0,0,0,0.0,15477.07,1,0,0.0,17166.5,2,0,0.0,48916.92999999999,8,2,0.25,0
LGS2ORD0032741,C010751,2025-09-17 07:00:00,Male,62,Silver,TV,Bangkok,574,Lazada,COD,7,9,2,0,>50,19.133333333333333,1.0,0.0,0.0,-1,148,889.87,0.1,0.0,0.0,0.0,0.0,0,0,0.0,0.0,0,0,0.0,0.0,0,0,0.0,889.87,1,0,0.0,1
LGS2ORD0032742,C016728,2025-09-17 07:00:00,Female,44,Bronze,TV,Khon Kaen,900,Shopee,Credit_Card,7,9,2,0,40-50,30.0,4.0,0.0,0.0,-1,75,2500.2025,0.23,1.0,0.5,0.0,0.0,0,0,0.0,0.0,0,0,0.0,3515.78,1,0,0.0,10000.81,4,0,0.0,0
LGS2ORD0032743,C016674,2025-09-17 07:00:00,Female,53,Bronze,Lazada,Phuket,1099,TV_Show,Credit_Card,7,9,2,0,>50,36.63333333333333,3.0,1.0,0.3333333333333333,243,1,2604.33,0.28,0.3333333333333333,0.3333333333333333,0.0,5336.16,1,0,0.0,5336.16,1,0,0.0,5336.16,1,0,0.0,7812.99,3,1,0.3333333333333333,1
LGS2ORD0032744,C013364,2025-09-17 07:00:00,Male,29,Silver,TV,Phuket,604,Lazada,PromptPay,7,9,2,0,20-30,20.133333333333333,6.0,1.0,0.16666666666666666,229,20,1591.0483333333334,0.25,0.5,0.3333333333333333,0.0,0.0,0,0,0.0,1610.73,1,0,0.0,2541.0299999999997,2,0,0.0,9546.29,6,1,0.16666666666666666,0
LGS2ORD0032745,C017884,2025-09-17 07:00:00,Female,58,Gold,Shopee,Bangkok,1406,Shopee,COD,7,9,2,0,>50,46.86666666666667,3.0,1.0,0.3333333333333333,20,11,2352.1366666666668,0.13,1.0,0.0,0.0,0.0,0,0,0.0,1588.32,1,0,0.0,3941.3599999999997,2,1,0.5,7056.41,3,1,0.3333333333333333,0
LGS2ORD0032746,C014078,2025-09-17 08:00:00,Female,42,Gold,TV,Khon Kaen,1329,Lazada,Credit_Card,8,9,2,0,40-50,44.3,2.0,1.0,0.5,163,65,3646.7250000000004,0.2299999999999999,0.5,0.5,0.0,0.0,0,0,0.0,0.0,0,0,0.0,2060.9,1,0,0.0,7293.450000000001,2,1,0.5,1
LGS2ORD0032747,C012153,2025-09-17 08:00:00,Female,56,Platinum,Lazada,Bangkok,1541,Web,Credit_Card,8,9,2,0,>50,51.36666666666667,0.0,0.0,0.0,-1,-1,0.0,0.0,0.0,0.0,0.0,0.0,0,0,0.0,0.0,0,0,0.0,0.0,0,0,0.0,0.0,0,0,0.0,0
LGS2ORD0032748,C014979,2025-09-17 08:00:00,Female,59,Bronze,TV,Chiang Mai,1494,TV_Show,COD,8,9,2,0,>50,49.8,7.0,1.0,0.14285714285714285,99,52,2969.988571428571,0.28,0.42857142857142855,0.42857142857142855,0.0,0.0,0,0,0.0,0.0,0,0,0.0,7570.52,2,0,0.0,20789.92,7,1,0.14285714285714285,0
LGS2ORD0032749,C014939,2025-09-17 08:00:00,Male,26,Bronze,Shopee,Bangkok,1569,Lazada,Credit_Card,8,9,2,0,20-30,52.3,5.0,3.0,0.6,103,1,1213.208,0.28,0.8,0.6,0.0,943.46,1,0,0.0,943.46,1,0,0.0,3212.4700000000003,2,0,0.0,6066.04,5,3,0.6,0
LGS2ORD0032750,C010730,2025-09-17 08:00:00,Female,46,Silver,Lazada,Nakhon Ratchasima,426,Shopee,PromptPay,8,9,2,0,40-50,14.2,5.0,0.0,0.0,-1,21,7529.5199999999995,0.25,0.8,0.2,0.0,0.0,0,0,0.0,3349.49,1,0,0.0,15489.34,2,0,0.0,37647.6,5,0,0.0,0
LGS2ORD0032751,C011435,2025-09-17 09:00:00,Female,48,Silver,Web,Bangkok,1150,Web,Credit_Card,9,9,2,0,40-50,38.333333333333336,3.0,1.0,0.3333333333333333,58,46,2500.8566666666666,0.25,1.0,0.3333333333333333,0.0,0.0,0,0,0.0,0.0,0,0,0.0,7291.54,2,1,0.5,7502.57,3,1,0.3333333333333333,0
LGS2ORD0032752,C014948,2025-09-17 09:00:00,Male,29,Silver,Web,Bangkok,1136,CallCenter,COD,9,9,2,0,20-30,37.86666666666667,3.0,1.0,0.3333333333333333,50,23,1255.4566666666667,0.3,1.0,0.6666666666666666,0.0,0.0,0,0,0.0,1925.71,1,0,0.0,2245.83,2,1,0.5,3766.37,3,1,0.3333333333333333,0
LGS2ORD0032753,C011048,2025-09-17 09:00:00,Female,51,Gold,Lazada,Bangkok,1113,TV_Show,COD,9,9,2,0,>50,37.1,2.0,0.0,0.0,-1,86,5358.855,0.28,0.5,0.5,0.0,0.0,0,0,0.0,0.0,0,0,0.0,8960.82,1,0,0.0,10717.71,2,0,0.0,0
LGS2ORD0032754,C010338,2025-09-17 09:00:00,Male,32,Platinum,Shopee,Chonburi,1425,Lazada,Bank_Transfer,9,9,2,0,30-40,47.5,2.0,0.0,0.0,-1,15,6147.445,0.25,1.0,0.5,0.0,0.0,0,0,0.0,10743.55,1,0,0.0,10743.55,1,0,0.0,12294.89,2,0,0.0,0
LGS2ORD0032755,C012805,2025-09-17 09:00:00,Male,35,Silver,Lazada,Khon Kaen,1331,Shopee,COD,9,9,2,0,30-40,44.36666666666667,2.0,1.0,0.5,161,163,1190.925,0.3,0.5,0.5,0.0,0.0,0,0,0.0,0.0,0,0,0.0,0.0,0,0,0.0,2381.85,2,1,0.5,0
LGS2ORD0032756,C017195,2025-09-17 10:00:00,Male,59,Bronze,Lazada,Phuket,1211,Shopee,Bank_Transfer,10,9,2,0,>50,40.36666666666667,3.0,0.0,0.0,-1,2,6955.660000000001,0.18,0.6666666666666666,0.0,0.0,2751.72,1,0,0.0,2751.72,1,0,0.0,2751.72,1,0,0.0,20866.980000000003,3,0,0.0,0
LGS2ORD0032757,C014726,2025-09-17 10:00:00,Female,38,Gold,TV,Chiang Mai,327,Web,Credit_Card,10,9,2,0,30-40,10.9,11.0,3.0,0.2727272727272727,-5,4,7456.821818181819,0.33,0.5454545454545454,0.45454545454545453,0.0,2177.01,1,1,1.0,8450.8,2,1,0.5,9906.17,4,2,0.5,82025.04000000001,11,3,0.2727272727272727,0
LGS2ORD0032758,C010469,2025-09-17 10:00:00,Male,31,Silver,TV,Chiang Mai,718,TV_Show,PromptPay,10,9,2,0,30-40,23.933333333333334,3.0,0.0,0.0,-1,9,7265.606666666667,0.2,0.3333333333333333,0.0,0.0,0.0,0,0,0.0,12369.45,1,0,0.0,17224.39,2,0,0.0,21796.82,3,0,0.0,0
LGS2ORD0032759,C015145,2025-09-17 10:00:00,Female,31,Bronze,CallCenter,Remote_Area,1337,Lazada,Bank_Transfer,10,9,2,0,30-40,44.56666666666667,3.0,3.0,1.0,80,99,6228.48,0.28,0.3333333333333333,0.3333333333333333,0.0,0.0,0,0,0.0,0.0,0,0,0.0,0.0,0,0,0.0,18685.44,3,3,1.0,0
LGS2ORD0032760,C014518,2025-09-17 10:00:00,Female,21,Bronze,Shopee,Songkhla,342,Web,COD,10,9,2,0,20-30,11.4,10.0,6.0,0.6,26,32,5835.069,0.28,0.9,0.3,0.0,0.0,0,0,0.0,0.0,0,0,0.0,21757.78,4,2,0.5,58350.69,10,6,0.6,0
LGS2ORD0032761,C016403,2025-09-17 10:00:00,Male,39,Silver,TV,Khon Kaen,1306,Lazada,COD,10,9,2,0,30-40,43.53333333333333,5.0,2.0,0.4,87,94,3847.1279999999997,0.25,1.0,0.4,0.0,0.0,0,0,0.0,0.0,0,0,0.0,0.0,0,0,0.0,19235.64,5,2,0.4,0
LGS2ORD0032762,C010584,2025-09-17 11:00:00,Male,44,Bronze,CallCenter,Bangkok,786,TV_Show,PromptPay,11,9,2,0,40-50,26.2,5.0,0.0,0.0,-1,30,2591.058,0.23,0.4,0.2,0.0,0.0,0,0,0.0,0.0,0,0,0.0,725.7,1,0,0.0,12955.29,5,0,0.0,0
LGS2ORD0032763,C016063,2025-09-17 11:00:00,Female,19,Gold,TV,Khon Kaen,980,TV_Show,COD,11,9,2,0,<20,32.666666666666664,1.0,0.0,0.0,-1,231,10184.4,0.2299999999999999,1.0,1.0,0.0,0.0,0,0,0.0,0.0,0,0,0.0,0.0,0,0,0.0,10184.4,1,0,0.0,1
LGS2ORD0032764,C014319,2025-09-17 11:00:00,Female,43,Bronze,Shopee,Bangkok,1367,Shopee,PromptPay,11,9,2,0,40-50,45.56666666666667,5.0,2.0,0.4,174,94,5241.1,0.23,0.8,0.2,0.0,0.0,0,0,0.0,0.0,0,0,0.0,0.0,0,0,0.0,26205.5,5,2,0.4,0
LGS2ORD0032765,C017556,2025-09-17 11:00:00,Male,41,Bronze,Web,Chiang Mai,681,CallCenter,COD,11,9,2,0,40-50,22.7,3.0,0.0,0.0,-1,43,4746.413333333334,0.23,0.6666666666666666,0.3333333333333333,0.0,0.0,0,0,0.0,0.0,0,0,0.0,4066.38,1,0,0.0,14239.240000000002,3,0,0.0,0
LGS2ORD0032766,C011593,2025-09-17 11:00:00,Female,38,Bronze,TV,Chiang Mai,560,Shopee,Credit_Card,11,9,2,0,30-40,18.666666666666668,5.0,2.0,0.4,-1,15,8351.224000000002,0.23,0.8,0.6,0.0,0.0,0,0,0.0,499.72,1,1,1.0,499.72,1,1,1.0,41756.12000000001,5,2,0.4,0
LGS2ORD0032767,C014220,2025-09-17 12:00:00,Female,47,Silver,Shopee,Khon Kaen,293,TV_Show,Credit_Card,12,9,2,0,40-50,9.766666666666667,0.0,0.0,0.0,-1,-1,0.0,0.0,0.0,0.0,0.0,0.0,0,0,0.0,0.0,0,0,0.0,0.0,0,0,0.0,0.0,0,0,0.0,0
LGS2ORD0032768,C012261,2025-09-17 12:00:00,Male,72,Silver,Shopee,Chonburi,1199,Web,Credit_Card,12,9,2,0,>50,39.96666666666667,2.0,1.0,0.5,115,82,3286.425,0.05,0.5,0.0,0.0,0.0,0,0,0.0,0.0,0,0,0.0,2100.84,1,0,0.0,6572.85,2,1,0.5,0
LGS2ORD0032769,C013901,2025-09-17 12:00:00,Female,21,Bronze,TV,Khon Kaen,1595,Lazada,COD,12,9,2,0,20-30,53.166666666666664,4.0,0.0,0.0,-1,109,1802.25,0.28,0.75,0.5,0.0,0.0,0,0,0.0,0.0,0,0,0.0,0.0,0,0,0.0,7209.0,4,0,0.0,0
LGS2ORD0032770,C014718,2025-09-17 12:00:00,Male,18,Gold,Web,Nakhon Ratchasima,1666,TV_Show,Credit_Card,12,9,2,0,<20,55.53333333333333,5.0,1.0,0.2,180,145,4381.512,0.28,0.4,0.2,0.0,0.0,0,0,0.0,0.0,0,0,0.0,0.0,0,0,0.0,21907.559999999998,5,1,0.2,1
LGS2ORD0032771,C011250,2025-09-17 12:00:00,Female,43,Gold,Lazada,Bangkok,476,Lazada,Credit_Card,12,9,2,0,40-50,15.866666666666667,4.0,0.0,0.0,-1,35,12179.679999999998,0.33,0.5,0.5,0.0,0.0,0,0,0.0,0.0,0,0,0.0,19044.76,3,0,0.0,48718.719999999994,4,0,0.0,0
LGS2ORD0032772,C016100,2025-09-17 13:00:00,Male,59,Bronze,TV,Khon Kaen,1205,Web,COD,13,9,2,0,>50,40.166666666666664,5.0,2.0,0.4,103,25,4519.2,0.28,0.4,0.8,0.0,0.0,0,0,0.0,1476.96,1,0,0.0,5101.63,2,0,0.0,22596.0,5,2,0.4,0
LGS2ORD0032773,C014248,2025-09-17 13:00:00,Female,33,Bronze,Web,Chonburi,1442,Shopee,COD,13,9,2,0,30-40,48.06666666666667,6.0,1.0,0.16666666666666666,85,40,2989.0416666666665,0.28,0.8333333333333334,0.3333333333333333,0.0,0.0,0,0,0.0,0.0,0,0,0.0,12829.05,4,0,0.0,17934.25,6,1,0.16666666666666666,1
LGS2ORD0032774,C010422,2025-09-17 13:00:00,Female,38,Platinum,TV,Khon Kaen,1666,Web,COD,13,9,2,0,30-40,55.53333333333333,7.0,0.0,0.0,-1,2,9411.160000000002,0.35,0.5714285714285714,0.2857142857142857,0.0,3948.32,1,0,0.0,10523.09,2,0,0.0,10523.09,2,0,0.0,65878.12000000001,7,0,0.0,0
LGS2ORD0032775,C017003,2025-09-17 13:00:00,Female,39,Silver,TV,Remote_Area,645,Shopee,COD,13,9,2,0,30-40,21.5,5.0,3.0,0.6,69,2,6184.376,0.3,0.4,0.2,0.0,4555.82,1,0,0.0,4555.82,1,0,0.0,14212.41,3,1,0.3333333333333333,30921.88,5,3,0.6,0
LGS2ORD0032776,C010244,2025-09-17 13:00:00,Male,35,Gold,Shopee,Songkhla,504,TV_Show,PromptPay,13,9,2,0,30-40,16.8,4.0,2.0,0.5,32,33,7004.325,0.28,0.25,0.25,0.0,0.0,0,0,0.0,0.0,0,0,0.0,25860.89,2,1,0.5,28017.3,4,2,0.5,0
LGS2ORD0032777,C013346,2025-09-17 14:00:00,Male,55,Silver,Shopee,Chonburi,789,CallCenter,COD,14,9,2,0,>50,26.3,4.0,1.0,0.25,167,36,3834.37,0.3,0.5,0.75,0.0,0.0,0,0,0.0,0.0,0,0,0.0,7702.58,2,0,0.0,15337.48,4,1,0.25,0
LGS2ORD0032778,C012525,2025-09-17 14:00:00,Female,50,Bronze,Shopee,Bangkok,978,Shopee,COD,14,9,2,0,40-50,32.6,8.0,2.0,0.25,12,0,5072.581249999999,0.28,0.75,0.375,0.0,852.38,1,0,0.0,16864.31,3,1,0.3333333333333333,18970.99,4,1,0.25,40580.649999999994,8,2,0.25,1
LGS2ORD0032779,C011457,2025-09-17 14:00:00,Female,47,Silver,TV,Khon Kaen,371,Shopee,COD,14,9,2,0,40-50,12.366666666666667,5.0,0.0,0.0,-1,5,8233.130000000001,0.25,0.6,0.2,0.0,30807.29,1,0,0.0,32561.4,3,0,0.0,41165.65,5,0,0.0,41165.65,5,0,0.0,0
LGS2ORD0032780,C012222,2025-09-17 14:00:00,Female,53,Bronze,Shopee,Chiang Mai,696,TV_Show,Credit_Card,14,9,2,0,>50,23.2,3.0,0.0,0.0,-1,116,5293.97,0.18,0.3333333333333333,0.0,0.0,0.0,0,0,0.0,0.0,0,0,0.0,0.0,0,0,0.0,15881.91,3,0,0.0,0
LGS2ORD0032781,C017233,2025-09-17 14:00:00,Female,43,Gold,Lazada,Chiang Mai,656,Web,COD,14,9,2,0,40-50,21.866666666666667,2.0,1.0,0.5,226,237,8341.865,0.18,0.0,0.0,0.0,0.0,0,0,0.0,0.0,0,0,0.0,0.0,0,0,0.0,16683.73,2,1,0.5,0
LGS2ORD0032782,C017686,2025-09-17 14:00:00,Female,42,Gold,Shopee,Khon Kaen,1246,Shopee,Bank_Transfer,14,9,2,0,40-50,41.53333333333333,2.0,1.0,0.5,54,67,5617.674999999999,0.13,0.5,0.0,0.0,0.0,0,0,0.0,0.0,0,0,0.0,7870.15,1,1,1.0,11235.349999999999,2,1,0.5,0
LGS2ORD0032783,C014333,2025-09-17 15:00:00,Female,38,Bronze,Shopee,Remote_Area,347,Shopee,COD,15,9,2,0,30-40,11.566666666666666,4.0,0.0,0.0,-1,76,6570.275,0.28,0.5,0.25,0.0,0.0,0,0,0.0,0.0,0,0,0.0,12454.47,1,0,0.0,26281.1,4,0,0.0,0
LGS2ORD0032784,C015259,2025-09-17 15:00:00,Male,50,Silver,TV,Songkhla,1187,CallCenter,COD,15,9,2,0,40-50,39.56666666666667,4.0,1.0,0.25,112,33,8804.405,0.3,0.5,0.75,0.0,0.0,0,0,0.0,0.0,0,0,0.0,20357.65,1,0,0.0,35217.62,4,1,0.25,0
LGS2ORD0032785,C013246,2025-09-17 15:00:00,Male,31,Bronze,TV,Phuket,1170,Lazada,Credit_Card,15,9,2,0,30-40,39.0,3.0,2.0,0.6666666666666666,100,101,3220.2599999999998,0.08,1.0,0.0,0.0,0.0,0,0,0.0,0.0,0,0,0.0,0.0,0,0,0.0,9660.779999999999,3,2,0.6666666666666666,1
LGS2ORD0032786,C017912,2025-09-17 15:00:00,Male,53,Gold,CallCenter,Bangkok,472,TV_Show,Credit_Card,15,9,2,0,>50,15.733333333333333,4.0,1.0,0.25,146,24,6436.7525000000005,0.28,0.5,0.75,0.0,0.0,0,0,0.0,15965.08,1,0,0.0,15965.08,1,0,0.0,25747.010000000002,4,1,0.25,0
LGS2ORD0032787,C014948,2025-09-17 15:00:00,Male,29,Silver,Web,Bangkok,1136,Web,Bank_Transfer,15,9,2,0,20-30,37.86666666666667,4.0,1.0,0.25,50,0,1189.565,0.3,1.0,0.5,0.0,991.89,1,0,0.0,2917.6,2,0,0.0,3237.72,3,1,0.3333333333333333,4758.26,4,1,0.25,0
LGS2ORD0032788,C013164,2025-09-17 16:00:00,Male,18,Bronze,TV,Bangkok,1338,TV_Show,PromptPay,16,9,2,0,<20,44.6,5.0,0.0,0.0,-1,102,4440.47,0.18,0.2,0.0,0.0,0.0,0,0,0.0,0.0,0,0,0.0,0.0,0,0,0.0,22202.350000000002,5,0,0.0,0
LGS2ORD0032789,C010620,2025-09-17 16:00:00,Female,55,Silver,Web,Songkhla,890,CallCenter,COD,16,9,2,0,>50,29.666666666666668,4.0,1.0,0.25,69,74,5928.182500000001,0.25,0.25,0.25,0.0,0.0,0,0,0.0,0.0,0,0,0.0,5718.58,1,1,1.0,23712.730000000003,4,1,0.25,1
LGS2ORD0032790,C017690,2025-09-17 16:00:00,Female,39,Silver,Web,Bangkok,456,Web,PromptPay,16,9,2,0,30-40,15.2,3.0,2.0,0.6666666666666666,136,125,3658.786666666667,0.1,0.3333333333333333,0.0,0.0,0.0,0,0,0.0,0.0,0,0,0.0,0.0,0,0,0.0,10976.36,3,2,0.6666666666666666,0
LGS2ORD0032791,C010740,2025-09-17 16:00:00,Female,53,Bronze,Lazada,Bangkok,781,CallCenter,Credit_Card,16,9,2,0,>50,26.033333333333335,2.0,0.0,0.0,-1,18,3025.915,0.08,0.0,0.0,0.0,0.0,0,0,0.0,2758.33,1,0,0.0,2758.33,1,0,0.0,6051.83,2,0,0.0,1
LGS2ORD0032792,C016453,2025-09-17 16:00:00,Male,54,Gold,Lazada,Chonburi,1058,TV_Show,Bank_Transfer,16,9,2,0,>50,35.266666666666666,2.0,0.0,0.0,-1,58,5401.865,0.33,0.5,0.5,0.0,0.0,0,0,0.0,0.0,0,0,0.0,10803.73,2,0,0.0,10803.73,2,0,0.0,0
LGS2ORD0032793,C014085,2025-09-17 17:00:00,Female,40,Gold,Shopee,Khon Kaen,1102,TV_Show,Credit_Card,17,9,2,0,30-40,36.733333333333334,9.0,2.0,0.2222222222222222,78,87,3990.6322222222225,0.33,0.5555555555555556,0.4444444444444444,0.0,0.0,0,0,0.0,0.0,0,0,0.0,2385.59,1,1,1.0,35915.69,9,2,0.2222222222222222,1
LGS2ORD0032794,C011366,2025-09-17 17:00:00,Female,63,Silver,CallCenter,Chonburi,1443,Shopee,COD,17,9,2,0,>50,48.1,3.0,1.0,0.3333333333333333,75,42,6951.099999999999,0.3,0.3333333333333333,0.3333333333333333,0.0,0.0,0,0,0.0,0.0,0,0,0.0,9912.48,2,1,0.5,20853.3,3,1,0.3333333333333333,0
LGS2ORD0032795,C016503,2025-09-17 17:00:00,Female,25,Bronze,Shopee,Remote_Area,1701,Shopee,COD,17,9,2,0,20-30,56.7,8.0,3.0,0.375,53,51,4555.69125,0.23,0.5,0.125,0.0,0.0,0,0,0.0,0.0,0,0,0.0,12201.869999999999,2,1,0.5,36445.53,8,3,0.375,1
LGS2ORD0032796,C011334,2025-09-17 17:00:00,Female,52,Gold,Web,Songkhla,1386,Web,COD,17,9,2,0,>50,46.2,0.0,0.0,0.0,-1,-1,0.0,0.0,0.0,0.0,0.0,0.0,0,0,0.0,0.0,0,0,0.0,0.0,0,0,0.0,0.0,0,0,0.0,1
LGS2ORD0032797,C012127,2025-09-17 17:00:00,Male,53,Gold,Web,Bangkok,1437,CallCenter,PromptPay,17,9,2,0,>50,47.9,2.0,0.0,0.0,-1,92,1425.0149999999999,0.2299999999999999,0.0,0.5,0.0,0.0,0,0,0.0,0.0,0,0,0.0,0.0,0,0,0.0,2850.0299999999997,2,0,0.0,0
LGS2ORD0032798,C012976,2025-09-17 18:00:00,Female,51,Gold,TV,Remote_Area,321,Lazada,COD,18,9,2,0,>50,10.7,8.0,3.0,0.375,-5,5,3706.9674999999997,0.28,0.5,0.375,0.0,4109.53,1,1,1.0,4109.53,1,1,1.0,15079.64,4,3,0.75,29655.739999999998,8,3,0.375,1
LGS2ORD0032799,C014327,2025-09-17 18:00:00,Male,29,Silver,Lazada,Bangkok,1626,Shopee,COD,18,9,2,0,20-30,54.2,1.0,0.0,0.0,-1,228,4453.8,0.05,1.0,0.0,0.0,0.0,0,0,0.0,0.0,0,0,0.0,0.0,0,0,0.0,4453.8,1,0,0.0,0
LGS2ORD0032800,C010032,2025-09-17 18:00:00,Male,52,Silver,Shopee,Nakhon Ratchasima,474,Web,Credit_Card,18,9,2,0,>50,15.8,6.0,1.0,0.16666666666666666,168,56,4360.150000000001,0.25,0.3333333333333333,0.16666666666666666,0.0,0.0,0,0,0.0,0.0,0,0,0.0,2925.59,1,0,0.0,26160.9,6,1,0.16666666666666666,0
LGS2ORD0032801,C014093,2025-09-17 18:00:00,Female,54,Bronze,TV,Bangkok,569,Lazada,COD,18,9,2,0,>50,18.966666666666665,7.0,3.0,0.42857142857142855,38,17,5659.2814285714285,0.28,0.2857142857142857,0.42857142857142855,0.0,0.0,0,0,0.0,1030.09,1,0,0.0,25205.6,3,1,0.3333333333333333,39614.97,7,3,0.42857142857142855,1
LGS2ORD0032802,C015004,2025-09-17 18:00:00,Female,34,Silver,Shopee,Khon Kaen,666,Web,Credit_Card,18,9,2,0,30-40,22.2,4.0,2.0,0.5,61,66,3918.2025,0.15,0.75,0.0,0.0,0.0,0,0,0.0,0.0,0,0,0.0,2282.18,1,1,1.0,15672.81,4,2,0.5,0
LGS2ORD0032803,C011792,2025-09-17 18:00:00,Other,27,Gold,TV,Bangkok,613,Web,Credit_Card,18,9,2,0,20-30,20.433333333333334,5.0,0.0,0.0,-1,27,2256.5139999999997,0.2299999999999999,0.4,0.4,0.0,0.0,0,0,0.0,1038.07,1,0,0.0,1868.29,2,0,0.0,11282.569999999998,5,0,0.0,0
LGS2ORD0032804,C013828,2025-09-17 19:00:00,Female,39,Silver,Lazada,Khon Kaen,1440,Lazada,PromptPay,19,9,2,0,30-40,48.0,2.0,0.0,0.0,-1,55,2247.345,0.1,0.5,0.0,0.0,0.0,0,0,0.0,0.0,0,0,0.0,810.7,1,0,0.0,4494.69,2,0,0.0,0
LGS2ORD0032805,C014491,2025-09-17 19:00:00,Other,26,Bronze,Web,Songkhla,1711,Web,COD,19,9,2,0,20-30,57.03333333333333,5.0,4.0,0.8,11,22,6797.084,0.23,0.4,0.2,0.0,0.0,0,0,0.0,7461.83,1,1,1.0,8524.34,2,2,1.0,33985.42,5,4,0.8,0
LGS2ORD0032806,C017249,2025-09-17 19:00:00,Female,24,Bronze,Lazada,Bangkok,963,Shopee,Credit_Card,19,9,2,0,20-30,32.1,4.0,1.0,0.25,101,8,3304.6075,0.18,0.25,0.0,0.0,0.0,0,0,0.0,2074.05,1,0,0.0,2074.05,1,0,0.0,13218.43,4,1,0.25,0
LGS2ORD0032807,C017708,2025-09-17 19:00:00,Male,59,Bronze,Lazada,Nakhon Ratchasima,1636,Shopee,Bank_Transfer,19,9,2,0,>50,54.53333333333333,4.0,1.0,0.25,114,71,3332.8325,0.28,0.75,0.5,0.0,0.0,0,0,0.0,0.0,0,0,0.0,7442.8099999999995,2,0,0.0,13331.33,4,1,0.25,0
LGS2ORD0032808,C013482,2025-09-17 19:00:00,Female,51,Gold,Shopee,Chiang Mai,797,CallCenter,PromptPay,19,9,2,0,>50,26.566666666666666,7.0,2.0,0.2857142857142857,97,12,10516.99,0.28,0.42857142857142855,0.2857142857142857,0.0,0.0,0,0,0.0,9262.62,1,0,0.0,38563.11,2,0,0.0,73618.93,7,2,0.2857142857142857,0
LGS2ORD0032809,C017092,2025-09-17 20:00:00,Female,48,Gold,CallCenter,Nakhon Ratchasima,1288,TV_Show,COD,20,9,2,0,40-50,42.93333333333333,1.0,1.0,1.0,166,178,1015.46,0.08,0.0,0.0,0.0,0.0,0,0,0.0,0.0,0,0,0.0,0.0,0,0,0.0,1015.46,1,1,1.0,1
LGS2ORD0032810,C011852,2025-09-17 20:00:00,Male,55,Bronze,Shopee,Bangkok,1259,Shopee,COD,20,9,2,0,>50,41.96666666666667,5.0,3.0,0.6,46,3,5119.576,0.28,0.6,0.4,0.0,10518.04,1,0,0.0,10518.04,1,0,0.0,18316.09,2,1,0.5,25597.88,5,3,0.6,0
LGS2ORD0032811,C012461,2025-09-17 20:00:00,Male,72,Bronze,TV,Chonburi,644,Shopee,COD,20,9,2,0,>50,21.466666666666665,9.0,0.0,0.0,-1,13,5631.477777777778,0.23,0.3333333333333333,0.1111111111111111,0.0,0.0,0,0,0.0,16322.02,3,0,0.0,21088.24,4,0,0.0,50683.3,9,0,0.0,0
LGS2ORD0032812,C016358,2025-09-17 20:00:00,Male,48,Bronze,TV,Khon Kaen,395,Web,COD,20,9,2,0,40-50,13.166666666666666,10.0,6.0,0.6,1,7,4659.567,0.23,0.6,0.1,0.0,0.0,0,0,0.0,10582.66,3,1,0.3333333333333333,11326.390000000001,4,2,0.5,46595.67,10,6,0.6,0
LGS2ORD0032813,C015217,2025-09-17 20:00:00,Other,41,Bronze,Web,Chonburi,1352,TV_Show,Bank_Transfer,20,9,2,0,40-50,45.06666666666667,3.0,0.0,0.0,-1,34,1894.3999999999999,0.28,0.3333333333333333,0.3333333333333333,0.0,0.0,0,0,0.0,0.0,0,0,0.0,1713.54,1,0,0.0,5683.2,3,0,0.0,0
LGS2ORD0032814,C012511,2025-09-17 21:00:00,Female,52,Silver,CallCenter,Bangkok,1365,TV_Show,Credit_Card,21,9,2,0,>50,45.5,1.0,0.0,0.0,-1,67,12083.81,0.25,0.0,1.0,0.0,0.0,0,0,0.0,0.0,0,0,0.0,12083.81,1,0,0.0,12083.81,1,0,0.0,0
LGS2ORD0032815,C013915,2025-09-17 21:00:00,Male,41,Gold,Web,Chiang Mai,954,CallCenter,COD,21,9,2,0,40-50,31.8,3.0,0.0,0.0,-1,13,11201.68,0.13,0.3333333333333333,0.0,0.0,0.0,0,0,0.0,27601.9,2,0,0.0,27601.9,2,0,0.0,33605.04,3,0,0.0,1
LGS2ORD0032816,C012548,2025-09-17 21:00:00,Female,49,Bronze,Lazada,Bangkok,596,Shopee,Credit_Card,21,9,2,0,40-50,19.866666666666667,1.0,0.0,0.0,-1,90,5294.47,0.18,0.0,0.0,0.0,0.0,0,0,0.0,0.0,0,0,0.0,0.0,0,0,0.0,5294.47,1,0,0.0,0
LGS2ORD0032817,C011676,2025-09-17 21:00:00,Male,28,Gold,Shopee,Nakhon Ratchasima,1166,Web,COD,21,9,2,0,20-30,38.86666666666667,7.0,0.0,0.0,-1,25,3392.9485714285706,0.33,0.2857142857142857,0.42857142857142855,0.0,0.0,0,0,0.0,738.26,1,0,0.0,7654.380000000001,3,0,0.0,23750.639999999996,7,0,0.0,0
LGS2ORD0032818,C015697,2025-09-17 21:00:00,Male,42,Platinum,Web,Khon Kaen,480,Web,Bank_Transfer,21,9,2,0,40-50,16.0,3.0,1.0,0.3333333333333333,242,118,1531.8400000000001,0.3,0.6666666666666666,0.3333333333333333,0.0,0.0,0,0,0.0,0.0,0,0,0.0,0.0,0,0,0.0,4595.52,3,1,0.3333333333333333,0
LGS2ORD0032819,C010314,2025-09-17 22:00:00,Female,36,Platinum,Shopee,Nakhon Ratchasima,889,Lazada,COD,22,9,2,0,30-40,29.633333333333333,4.0,0.0,0.0,-1,12,1722.0600000000002,0.35,1.0,0.5,0.0,0.0,0,0,0.0,1645.33,1,0,0.0,6096.85,2,0,0.0,6888.240000000001,4,0,0.0,0
LGS2ORD0032820,C012415,2025-09-17 22:00:00,Female,54,Gold,TV,Phuket,657,TV_Show,PromptPay,22,9,2,0,>50,21.9,5.0,4.0,0.8,61,68,4721.718000000001,0.28,0.8,0.2,0.0,0.0,0,0,0.0,0.0,0,0,0.0,3524.7,2,2,1.0,23608.590000000004,5,4,0.8,0
LGS2ORD0032821,C017143,2025-09-17 22:00:00,Female,50,Bronze,TV,Nakhon Ratchasima,1118,TV_Show,COD,22,9,2,0,40-50,37.266666666666666,4.0,0.0,0.0,-1,1,3028.125,0.23,0.5,0.25,0.0,1147.47,1,0,0.0,2627.74,2,0,0.0,10818.849999999999,3,0,0.0,12112.5,4,0,0.0,0
LGS2ORD0032822,C010523,2025-09-17 22:00:00,Female,25,Silver,Web,Phuket,1274,Shopee,COD,22,9,2,0,20-30,42.46666666666667,5.0,2.0,0.4,54,66,4918.83,0.3,0.2,0.4,0.0,0.0,0,0,0.0,0.0,0,0,0.0,1076.63,1,1,1.0,24594.15,5,2,0.4,1
LGS2ORD0032823,C012481,2025-09-17 22:00:00,Female,49,Platinum,TV,Phuket,1309,Shopee,COD,22,9,2,0,40-50,43.63333333333333,7.0,3.0,0.42857142857142855,111,32,6200.650000000001,0.35,0.7142857142857143,0.7142857142857143,0.0,0.0,0,0,0.0,0.0,0,0,0.0,4511.12,1,0,0.0,43404.55,7,3,0.42857142857142855,1
LGS2ORD0032824,C016361,2025-09-17 22:00:00,Female,34,Silver,Web,Bangkok,281,Shopee,Credit_Card,22,9,2,0,30-40,9.366666666666667,5.0,0.0,0.0,-1,76,6174.072,0.3,0.4,0.2,0.0,0.0,0,0,0.0,0.0,0,0,0.0,3314.46,1,0,0.0,30870.36,5,0,0.0,1
LGS2ORD0032825,C016343,2025-09-17 23:00:00,Female,39,Bronze,TV,Songkhla,421,TV_Show,COD,23,9,2,0,30-40,14.033333333333333,9.0,4.0,0.4444444444444444,-4,2,4383.06111111111,0.28,0.5555555555555556,0.1111111111111111,0.0,6158.46,1,1,1.0,6158.46,1,1,1.0,6603.58,2,1,0.5,39447.549999999996,9,4,0.4444444444444444,0
LGS2ORD0032826,C013147,2025-09-17 23:00:00,Male,65,Bronze,TV,Chiang Mai,778,TV_Show,COD,23,9,2,0,>50,25.933333333333334,4.0,0.0,0.0,-1,73,7045.415,0.18,0.75,0.0,0.0,0.0,0,0,0.0,0.0,0,0,0.0,672.81,1,0,0.0,28181.66,4,0,0.0,0
LGS2ORD0032827,C012484,2025-09-17 23:00:00,Male,52,Silver,CallCenter,Phuket,479,Lazada,COD,23,9,2,0,>50,15.966666666666667,4.0,1.0,0.25,126,20,7257.35,0.2,0.5,0.0,0.0,0.0,0,0,0.0,7624.97,1,0,0.0,26356.33,3,0,0.0,29029.4,4,1,0.25,0
LGS2ORD0032828,C011274,2025-09-17 23:00:00,Male,54,Silver,TV,Phuket,625,TV_Show,COD,23,9,2,0,>50,20.833333333333332,4.0,2.0,0.5,47,27,7083.4800000000005,0.25,0.5,0.25,0.0,0.0,0,0,0.0,487.18,1,0,0.0,20323.38,2,1,0.5,28333.920000000002,4,2,0.5,0
LGS2ORD0032829,C017020,2025-09-17 23:00:00,Male,55,Silver,TV,Chiang Mai,749,Lazada,COD,23,9,2,0,>50,24.966666666666665,5.0,3.0,0.6,96,3,3632.5,0.3,0.8,0.4,0.0,2497.37,1,0,0.0,2497.37,1,0,0.0,2497.37,1,0,0.0,18162.5,5,3,0.6,0
LGS2ORD0032830,C015327,2025-09-18 00:00:00,Male,58,Platinum,TV,Phuket,1360,Shopee,Credit_Card,0,9,3,0,>50,45.333333333333336,6.0,2.0,0.3333333333333333,101,4,2750.2933333333335,0.25,0.8333333333333334,0.3333333333333333,0.0,2311.25,1,0,0.0,2311.25,1,0,0.0,11429.35,3,0,0.0,16501.760000000002,6,2,0.3333333333333333,1
LGS2ORD0032831,C016268,2025-09-18 00:00:00,Male,46,Silver,Shopee,Songkhla,859,TV_Show,COD,0,9,3,0,40-50,28.633333333333333,3.0,1.0,0.3333333333333333,51,61,7704.82,0.15,0.6666666666666666,0.0,0.0,0.0,0,0,0.0,0.0,0,0,0.0,23114.46,3,1,0.3333333333333333,23114.46,3,1,0.3333333333333333,0
LGS2ORD0032832,C014351,2025-09-18 00:00:00,Male,30,Gold,Shopee,Phuket,980,Lazada,Credit_Card,0,9,3,0,20-30,32.666666666666664,5.0,2.0,0.4,103,113,3747.2960000000007,0.33,0.6,0.2,0.0,0.0,0,0,0.0,0.0,0,0,0.0,0.0,0,0,0.0,18736.480000000003,5,2,0.4,0
LGS2ORD0032833,C015620,2025-09-18 00:00:00,Male,45,Silver,Lazada,Khon Kaen,547,Shopee,Credit_Card,0,9,3,0,40-50,18.233333333333334,3.0,1.0,0.3333333333333333,94,27,2226.4066666666663,0.3,0.3333333333333333,0.3333333333333333,0.0,0.0,0,0,0.0,2067.78,1,0,0.0,2067.78,1,0,0.0,6679.219999999999,3,1,0.3333333333333333,0
LGS2ORD0032834,C016875,2025-09-18 00:00:00,Female,23,Gold,Lazada,Chiang Mai,1059,TV_Show,COD,0,9,3,0,20-30,35.3,2.0,0.0,0.0,-1,100,2312.325,0.28,0.0,0.5,0.0,0.0,0,0,0.0,0.0,0,0,0.0,0.0,0,0,0.0,4624.65,2,0,0.0,1
LGS2ORD0032835,C014297,2025-09-18 01:00:00,Female,44,Silver,Web,Bangkok,1470,TV_Show,PromptPay,1,9,3,0,40-50,49.0,6.0,2.0,0.3333333333333333,155,42,3466.6616666666664,0.2,0.3333333333333333,0.0,0.0,0.0,0,0,0.0,0.0,0,0,0.0,7035.969999999999,2,0,0.0,20799.969999999998,6,2,0.3333333333333333,1
LGS2ORD0032836,C015856,2025-09-18 01:00:00,Female,63,Bronze,Shopee,Bangkok,715,TV_Show,COD,1,9,3,0,>50,23.833333333333332,2.0,0.0,0.0,-1,138,2582.22,0.23,0.5,0.5,0.0,0.0,0,0,0.0,0.0,0,0,0.0,0.0,0,0,0.0,5164.44,2,0,0.0,1
LGS2ORD0032837,C014519,2025-09-18 01:00:00,Female,48,Bronze,Shopee,Bangkok,296,TV_Show,Bank_Transfer,1,9,3,0,40-50,9.866666666666667,4.0,0.0,0.0,-1,54,2286.34,0.18,0.25,0.0,0.0,0.0,0,0,0.0,0.0,0,0,0.0,1151.92,1,0,0.0,9145.36,4,0,0.0,0
LGS2ORD0032838,C011132,2025-09-18 01:00:00,Female,39,Bronze,TV,Khon Kaen,1015,TV_Show,COD,1,9,3,0,30-40,33.833333333333336,11.0,3.0,0.2727272727272727,17,24,5610.491818181818,0.28,0.8181818181818182,0.36363636363636365,0.0,0.0,0,0,0.0,7032.27,2,1,0.5,15952.6,5,1,0.2,61715.41,11,3,0.2727272727272727,0
LGS2ORD0032839,C014435,2025-09-18 01:00:00,Female,35,Bronze,TV,Remote_Area,537,TV_Show,COD,1,9,3,0,30-40,17.9,8.0,5.0,0.625,14,19,5567.63125,0.28,0.625,0.375,0.0,0.0,0,0,0.0,2230.3,1,1,1.0,11877.650000000001,3,2,0.6666666666666666,44541.05,8,5,0.625,1
LGS2ORD0032840,C013593,2025-09-18 02:00:00,Male,71,Bronze,CallCenter,Phuket,1342,Shopee,Credit_Card,2,9,3,0,>50,44.733333333333334,6.0,4.0,0.6666666666666666,13,15,2522.016666666667,0.28,0.5,0.3333333333333333,0.0,0.0,0,0,0.0,746.16,1,1,1.0,2105.74,2,2,1.0,15132.1,6,4,0.6666666666666666,0
LGS2ORD0032841,C011432,2025-09-18 02:00:00,Female,53,Bronze,CallCenter,Chonburi,671,TV_Show,Credit_Card,2,9,3,0,>50,22.366666666666667,7.0,0.0,0.0,-1,57,8147.627142857143,0.28,0.5714285714285714,0.14285714285714285,0.0,0.0,0,0,0.0,0.0,0,0,0.0,20517.93,2,0,0.0,57033.39,7,0,0.0,0
LGS2ORD0032842,C012496,2025-09-18 02:00:00,Female,42,Bronze,Shopee,Songkhla,449,Web,COD,2,9,3,0,40-50,14.966666666666667,5.0,2.0,0.4,60,69,2707.5459999999994,0.28,1.0,0.4,0.0,0.0,0,0,0.0,0.0,0,0,0.0,1444.83,1,1,1.0,13537.729999999998,5,2,0.4,0
LGS2ORD0032843,C015387,2025-09-18 02:00:00,Male,47,Bronze,Shopee,Bangkok,543,Lazada,COD,2,9,3,0,40-50,18.1,4.0,2.0,0.5,-3,1,3600.495,0.23,1.0,0.25,0.0,1127.41,1,1,1.0,1648.3700000000001,2,1,0.5,1648.3700000000001,2,1,0.5,14401.98,4,2,0.5,1
LGS2ORD0032844,C016014,2025-09-18 02:00:00,Male,36,Silver,Lazada,Khon Kaen,857,Web,Bank_Transfer,2,9,3,0,30-40,28.566666666666666,4.0,2.0,0.5,123,5,2774.9925,0.2,0.75,0.0,0.0,3807.23,1,0,0.0,3807.23,1,0,0.0,3807.23,1,0,0.0,11099.97,4,2,0.5,1
LGS2ORD0032845,C010557,2025-09-18 02:00:00,Male,51,Bronze,TV,Nakhon Ratchasima,1640,Lazada,COD,2,9,3,0,>50,54.666666666666664,1.0,1.0,1.0,90,100,1691.08,0.18,0.0,0.0,0.0,0.0,0,0,0.0,0.0,0,0,0.0,0.0,0,0,0.0,1691.08,1,1,1.0,1
LGS2ORD0032846,C010493,2025-09-18 03:00:00,Male,25,Silver,Shopee,Chiang Mai,282,TV_Show,Bank_Transfer,3,9,3,0,20-30,9.4,0.0,0.0,0.0,-1,-1,0.0,0.0,0.0,0.0,0.0,0.0,0,0,0.0,0.0,0,0,0.0,0.0,0,0,0.0,0.0,0,0,0.0,1
LGS2ORD0032847,C012935,2025-09-18 03:00:00,Female,33,Bronze,TV,Bangkok,1338,Lazada,COD,3,9,3,0,30-40,44.6,5.0,1.0,0.2,124,74,7069.446000000001,0.18,0.4,0.0,0.0,0.0,0,0,0.0,0.0,0,0,0.0,811.55,1,0,0.0,35347.23,5,1,0.2,1
LGS2ORD0032848,C012596,2025-09-18 03:00:00,Female,18,Silver,Web,Bangkok,1351,Shopee,COD,3,9,3,0,<20,45.03333333333333,3.0,0.0,0.0,-1,165,7499.246666666666,0.3,0.0,0.3333333333333333,0.0,0.0,0,0,0.0,0.0,0,0,0.0,0.0,0,0,0.0,22497.739999999998,3,0,0.0,1
LGS2ORD0032849,C010716,2025-09-18 03:00:00,Female,44,Platinum,Lazada,Chiang Mai,770,Web,Credit_Card,3,9,3,0,40-50,25.666666666666668,3.0,0.0,0.0,-1,145,1417.1033333333332,0.35,0.3333333333333333,0.6666666666666666,0.0,0.0,0,0,0.0,0.0,0,0,0.0,0.0,0,0,0.0,4251.3099999999995,3,0,0.0,1
LGS2ORD0032850,C017273,2025-09-18 03:00:00,Male,26,Bronze,Lazada,Bangkok,1468,Web,COD,3,9,3,0,20-30,48.93333333333333,9.0,3.0,0.3333333333333333,73,66,10464.376666666667,0.28,0.6666666666666666,0.2222222222222222,0.0,0.0,0,0,0.0,0.0,0,0,0.0,35732.42,2,1,0.5,94179.39,9,3,0.3333333333333333,0
LGS2ORD0032851,C016173,2025-09-18 04:00:00,Female,45,Gold,TV,Remote_Area,1270,CallCenter,COD,4,9,3,0,40-50,42.333333333333336,9.0,1.0,0.1111111111111111,153,38,4110.038888888888,0.28,0.4444444444444444,0.3333333333333333,0.0,0.0,0,0,0.0,0.0,0,0,0.0,9859.09,4,0,0.0,36990.35,9,1,0.1111111111111111,0
LGS2ORD0032852,C011220,2025-09-18 04:00:00,Male,71,Bronze,CallCenter,Bangkok,881,Lazada,COD,4,9,3,0,>50,29.366666666666667,5.0,1.0,0.2,95,11,2888.468,0.28,0.4,0.4,0.0,0.0,0,0,0.0,2471.14,1,0,0.0,3433.33,2,0,0.0,14442.34,5,1,0.2,0
LGS2ORD0032853,C017722,2025-09-18 04:00:00,Female,30,Silver,Web,Chonburi,667,CallCenter,COD,4,9,3,0,20-30,22.233333333333334,1.0,1.0,1.0,86,93,4362.27,0.05,1.0,0.0,0.0,0.0,0,0,0.0,0.0,0,0,0.0,0.0,0,0,0.0,4362.27,1,1,1.0,0
LGS2ORD0032854,C010815,2025-09-18 04:00:00,Female,40,Gold,Web,Nakhon Ratchasima,1540,TV_Show,Bank_Transfer,4,9,3,0,30-40,51.333333333333336,0.0,0.0,0.0,-1,-1,0.0,0.0,0.0,0.0,0.0,0.0,0,0,0.0,0.0,0,0,0.0,0.0,0,0,0.0,0.0,0,0,0.0,0
LGS2ORD0032855,C015585,2025-09-18 04:00:00,Female,60,Bronze,TV,Bangkok,739,CallCenter,Bank_Transfer,4,9,3,0,>50,24.633333333333333,4.0,1.0,0.25,227,47,8175.5825,0.23,0.75,0.25,0.0,0.0,0,0,0.0,0.0,0,0,0.0,10595.400000000001,2,0,0.0,32702.33,4,1,0.25,0
LGS2ORD0032856,C013657,2025-09-18 05:00:00,Female,46,Silver,Lazada,Remote_Area,1166,Web,PromptPay,5,9,3,0,40-50,38.86666666666667,3.0,2.0,0.6666666666666666,32,45,6361.919999999999,0.2,1.0,0.0,0.0,0.0,0,0,0.0,0.0,0,0,0.0,17782.09,2,2,1.0,19085.76,3,2,0.6666666666666666,1
LGS2ORD0032857,C012239,2025-09-18 05:00:00,Male,47,Silver,Shopee,Remote_Area,1721,Shopee,COD,5,9,3,0,40-50,57.36666666666667,9.0,3.0,0.3333333333333333,124,6,3992.3622222222225,0.3,0.5555555555555556,0.3333333333333333,0.0,4808.53,1,0,0.0,4808.53,1,0,0.0,15328.75,3,0,0.0,35931.26,9,3,0.3333333333333333,1
LGS2ORD0032858,C017690,2025-09-18 05:00:00,Female,39,Silver,Web,Bangkok,457,Lazada,Credit_Card,5,9,3,0,30-40,15.233333333333333,4.0,2.0,0.5,137,0,4285.4875,0.1,0.25,0.0,0.0,6165.59,1,0,0.0,6165.59,1,0,0.0,6165.59,1,0,0.0,17141.95,4,2,0.5,0
LGS2ORD0032859,C016362,2025-09-18 05:00:00,Female,21,Platinum,TV,Bangkok,711,Lazada,PromptPay,5,9,3,0,20-30,23.7,5.0,0.0,0.0,-1,31,2583.0099999999998,0.35,0.4,0.8,0.0,0.0,0,0,0.0,0.0,0,0,0.0,10643.08,2,0,0.0,12915.05,5,0,0.0,0
LGS2ORD0032860,C012655,2025-09-18 05:00:00,Female,27,Gold,CallCenter,Nakhon Ratchasima,920,Lazada,Credit_Card,5,9,3,0,20-30,30.666666666666668,4.0,0.0,0.0,-1,26,7287.337500000001,0.33,0.5,0.5,0.0,0.0,0,0,0.0,3880.45,1,0,0.0,6719.33,2,0,0.0,29149.350000000002,4,0,0.0,0
LGS2ORD0032861,C014966,2025-09-18 05:00:00,Female,54,Platinum,Shopee,Chiang Mai,945,TV_Show,Credit_Card,5,9,3,0,>50,31.5,5.0,2.0,0.4,77,25,7040.388000000001,0.35,0.2,0.6,0.0,0.0,0,0,0.0,3510.65,1,0,0.0,3510.65,1,0,0.0,35201.94,5,2,0.4,0
LGS2ORD0032862,C011531,2025-09-18 06:00:00,Male,53,Silver,TV,Remote_Area,1540,Web,Bank_Transfer,6,9,3,0,>50,51.333333333333336,4.0,1.0,0.25,132,33,4004.4125000000004,0.2,0.25,0.0,0.0,0.0,0,0,0.0,0.0,0,0,0.0,3842.43,1,0,0.0,16017.650000000001,4,1,0.25,1
LGS2ORD0032863,C017242,2025-09-18 06:00:00,Female,39,Gold,CallCenter,Chonburi,1364,TV_Show,Bank_Transfer,6,9,3,0,30-40,45.46666666666667,2.0,1.0,0.5,220,148,3024.39,0.28,1.0,0.5,0.0,0.0,0,0,0.0,0.0,0,0,0.0,0.0,0,0,0.0,6048.78,2,1,0.5,0
LGS2ORD0032864,C013590,2025-09-18 06:00:00,Female,30,Bronze,Web,Bangkok,693,Web,Bank_Transfer,6,9,3,0,20-30,23.1,3.0,0.0,0.0,-1,12,2410.4966666666664,0.28,0.6666666666666666,0.3333333333333333,0.0,0.0,0,0,0.0,1677.4099999999999,2,0,0.0,1677.4099999999999,2,0,0.0,7231.49,3,0,0.0,1
LGS2ORD0032865,C013563,2025-09-18 06:00:00,Female,31,Bronze,Lazada,Khon Kaen,1155,Lazada,Bank_Transfer,6,9,3,0,30-40,38.5,3.0,1.0,0.3333333333333333,136,49,13196.033333333333,0.28,0.6666666666666666,0.3333333333333333,0.0,0.0,0,0,0.0,0.0,0,0,0.0,1082.06,1,0,0.0,39588.1,3,1,0.3333333333333333,1
LGS2ORD0032866,C014724,2025-09-18 06:00:00,Female,59,Silver,Shopee,Bangkok,814,Web,PromptPay,6,9,3,0,>50,27.133333333333333,2.0,0.0,0.0,-1,109,5752.84,0.1,0.5,0.0,0.0,0.0,0,0,0.0,0.0,0,0,0.0,0.0,0,0,0.0,11505.68,2,0,0.0,0
LGS2ORD0032867,C015638,2025-09-18 07:00:00,Male,41,Bronze,CallCenter,Nakhon Ratchasima,1027,TV_Show,Credit_Card,7,9,3,0,40-50,34.233333333333334,3.0,1.0,0.3333333333333333,135,125,3974.653333333333,0.08,0.3333333333333333,0.0,0.0,0.0,0,0,0.0,0.0,0,0,0.0,0.0,0,0,0.0,11923.96,3,1,0.3333333333333333,0
LGS2ORD0032868,C013721,2025-09-18 07:00:00,Other,39,Silver,Web,Bangkok,841,Lazada,Credit_Card,7,9,3,0,30-40,28.033333333333335,5.0,1.0,0.2,119,26,2406.3480000000004,0.2,0.4,0.0,0.0,0.0,0,0,0.0,3978.21,1,0,0.0,3978.21,1,0,0.0,12031.740000000002,5,1,0.2,0
LGS2ORD0032869,C010583,2025-09-18 07:00:00,Female,56,Bronze,Shopee,Bangkok,981,TV_Show,COD,7,9,3,0,>50,32.7,6.0,1.0,0.16666666666666666,180,15,5200.423333333332,0.23,0.5,0.16666666666666666,0.0,0.0,0,0,0.0,2569.15,2,0,0.0,5206.700000000001,3,0,0.0,31202.539999999994,6,1,0.16666666666666666,1
LGS2ORD0032870,C015588,2025-09-18 07:00:00,Male,51,Bronze,TV,Songkhla,341,Shopee,COD,7,9,3,0,>50,11.366666666666667,7.0,2.0,0.2857142857142857,136,1,4935.937142857144,0.28,0.8571428571428571,0.14285714285714285,0.0,1769.29,1,0,0.0,1769.29,1,0,0.0,11192.380000000001,3,0,0.0,34551.560000000005,7,2,0.2857142857142857,0
LGS2ORD0032871,C014979,2025-09-18 07:00:00,Female,59,Bronze,TV,Chiang Mai,1495,CallCenter,Credit_Card,7,9,3,0,>50,49.833333333333336,8.0,1.0,0.125,100,0,2859.8675,0.28,0.5,0.375,0.0,2089.02,1,0,0.0,2089.02,1,0,0.0,9659.54,3,0,0.0,22878.94,8,1,0.125,0
LGS2ORD0032872,C011119,2025-09-18 08:00:00,Female,51,Bronze,Shopee,Khon Kaen,1021,Web,COD,8,9,3,0,>50,34.03333333333333,0.0,0.0,0.0,-1,-1,0.0,0.0,0.0,0.0,0.0,0.0,0,0,0.0,0.0,0,0,0.0,0.0,0,0,0.0,0.0,0,0,0.0,0
LGS2ORD0032873,C017362,2025-09-18 08:00:00,Female,39,Gold,CallCenter,Bangkok,1399,TV_Show,PromptPay,8,9,3,0,30-40,46.63333333333333,3.0,0.0,0.0,-1,79,9885.853333333334,0.2299999999999999,0.0,0.3333333333333333,0.0,0.0,0,0,0.0,0.0,0,0,0.0,7063.72,1,0,0.0,29657.56,3,0,0.0,0
LGS2ORD0032874,C017020,2025-09-18 08:00:00,Male,55,Silver,TV,Chiang Mai,750,TV_Show,COD,8,9,3,0,>50,25.0,6.0,3.0,0.5,96,0,3090.095,0.3,0.8333333333333334,0.3333333333333333,0.0,2875.44,2,0,0.0,2875.44,2,0,0.0,2875.44,2,0,0.0,18540.57,6,3,0.5,0
LGS2ORD0032875,C012765,2025-09-18 08:00:00,Female,36,Bronze,TV,Chiang Mai,1412,Shopee,COD,8,9,3,0,30-40,47.06666666666667,3.0,1.0,0.3333333333333333,179,36,2228.5133333333333,0.28,0.3333333333333333,0.6666666666666666,0.0,0.0,0,0,0.0,0.0,0,0,0.0,1957.96,1,0,0.0,6685.54,3,1,0.3333333333333333,0
LGS2ORD0032876,C012040,2025-09-18 08:00:00,Male,42,Bronze,Shopee,Songkhla,1391,CallCenter,COD,8,9,3,0,40-50,46.36666666666667,7.0,1.0,0.14285714285714285,148,8,4268.495714285715,0.23,0.42857142857142855,0.42857142857142855,0.0,0.0,0,0,0.0,1018.1,1,0,0.0,4718.93,2,0,0.0,29879.47,7,1,0.14285714285714285,0
LGS2ORD0032877,C013285,2025-09-18 09:00:00,Female,37,Platinum,Lazada,Khon Kaen,339,Lazada,COD,9,9,3,0,30-40,11.3,4.0,1.0,0.25,27,18,9190.494999999999,0.25,0.75,0.5,0.0,0.0,0,0,0.0,32921.159999999996,2,0,0.0,36761.979999999996,4,1,0.25,36761.979999999996,4,1,0.25,1
LGS2ORD0032878,C011578,2025-09-18 09:00:00,Male,49,Bronze,Lazada,Chiang Mai,1306,CallCenter,COD,9,9,3,0,40-50,43.53333333333333,5.0,1.0,0.2,120,6,10301.818000000001,0.18,0.4,0.0,0.0,5493.96,1,0,0.0,5493.96,1,0,0.0,5493.96,1,0,0.0,51509.090000000004,5,1,0.2,0
LGS2ORD0032879,C014036,2025-09-18 09:00:00,Male,52,Gold,TV,Bangkok,381,Lazada,Credit_Card,9,9,3,0,>50,12.7,2.0,0.0,0.0,-1,106,1295.8100000000002,0.2299999999999999,0.5,0.5,0.0,0.0,0,0,0.0,0.0,0,0,0.0,0.0,0,0,0.0,2591.6200000000003,2,0,0.0,0
LGS2ORD0032880,C016674,2025-09-18 09:00:00,Female,53,Bronze,Lazada,Phuket,1100,Shopee,Credit_Card,9,9,3,0,>50,36.666666666666664,4.0,2.0,0.5,-4,1,2358.1875,0.28,0.25,0.5,0.0,6955.92,2,1,0.5,6955.92,2,1,0.5,6955.92,2,1,0.5,9432.75,4,2,0.5,0
LGS2ORD0032881,C013283,2025-09-18 09:00:00,Female,40,Bronze,Shopee,Bangkok,1082,Shopee,Credit_Card,9,9,3,0,30-40,36.06666666666667,1.0,0.0,0.0,-1,37,1939.03,0.03,1.0,0.0,0.0,0.0,0,0,0.0,0.0,0,0,0.0,1939.03,1,0,0.0,1939.03,1,0,0.0,0
LGS2ORD0032882,C015495,2025-09-18 09:00:00,Male,51,Silver,Web,Bangkok,324,Web,COD,9,9,3,0,>50,10.8,2.0,0.0,0.0,-1,65,593.13,0.1,0.5,0.0,0.0,0.0,0,0,0.0,0.0,0,0,0.0,396.83,1,0,0.0,1186.26,2,0,0.0,0
LGS2ORD0032883,C010238,2025-09-18 10:00:00,Male,39,Gold,CallCenter,Bangkok,513,Lazada,COD,10,9,3,0,30-40,17.1,4.0,1.0,0.25,45,42,6418.5325,0.33,0.25,0.5,0.0,0.0,0,0,0.0,0.0,0,0,0.0,25674.13,4,1,0.25,25674.13,4,1,0.25,0
LGS2ORD0032884,C011600,2025-09-18 10:00:00,Female,26,Bronze,TV,Phuket,418,Shopee,COD,10,9,3,0,20-30,13.933333333333334,7.0,4.0,0.5714285714285714,-12,2,4800.255714285714,0.23,0.7142857142857143,0.14285714285714285,0.0,1286.58,1,1,1.0,1286.58,1,1,1.0,9292.82,2,1,0.5,33601.79,7,4,0.5714285714285714,1
LGS2ORD0032885,C011664,2025-09-18 10:00:00,Female,18,Gold,Web,Bangkok,1540,Web,PromptPay,10,9,3,0,<20,51.333333333333336,5.0,0.0,0.0,-1,1,3297.754,0.28,0.4,0.8,0.0,1573.61,1,0,0.0,1573.61,1,0,0.0,1573.61,1,0,0.0,16488.77,5,0,0.0,1
LGS2ORD0032886,C014403,2025-09-18 10:00:00,Male,57,Gold,CallCenter,Khon Kaen,279,TV_Show,PromptPay,10,9,3,0,>50,9.3,4.0,1.0,0.25,90,37,2360.88,0.33,1.0,0.75,0.0,0.0,0,0,0.0,0.0,0,0,0.0,2935.62,1,0,0.0,9443.52,4,1,0.25,0
LGS2ORD0032887,C014523,2025-09-18 10:00:00,Male,50,Silver,TV,Remote_Area,297,TV_Show,PromptPay,10,9,3,0,40-50,9.9,6.0,2.0,0.3333333333333333,18,23,6407.815,0.25,0.6666666666666666,0.16666666666666666,0.0,0.0,0,0,0.0,5222.42,1,1,1.0,11282.11,4,2,0.5,38446.89,6,2,0.3333333333333333,0
LGS2ORD0032888,C013488,2025-09-18 11:00:00,Other,34,Platinum,Lazada,Bangkok,640,Web,Credit_Card,11,9,3,0,30-40,21.333333333333332,2.0,1.0,0.5,226,5,4479.530000000001,0.15,0.5,0.0,0.0,647.77,1,0,0.0,647.77,1,0,0.0,647.77,1,0,0.0,8959.060000000001,2,1,0.5,0
LGS2ORD0032889,C017752,2025-09-18 11:00:00,Male,34,Silver,TV,Bangkok,1427,Web,COD,11,9,3,0,30-40,47.56666666666667,4.0,1.0,0.25,210,37,5643.2699999999995,0.25,0.5,0.5,0.0,0.0,0,0,0.0,0.0,0,0,0.0,846.2,1,0,0.0,22573.079999999998,4,1,0.25,0
LGS2ORD0032890,C013363,2025-09-18 11:00:00,Female,45,Gold,CallCenter,Chonburi,1483,TV_Show,COD,11,9,3,0,40-50,49.43333333333333,4.0,2.0,0.5,-12,4,9016.6025,0.2299999999999999,0.75,0.25,0.0,4350.83,1,1,1.0,4350.83,1,1,1.0,6183.74,2,2,1.0,36066.41,4,2,0.5,0
LGS2ORD0032891,C012279,2025-09-18 11:00:00,Female,36,Silver,Web,Bangkok,486,Web,COD,11,9,3,0,30-40,16.2,3.0,0.0,0.0,-1,97,4331.39,0.3,1.0,0.3333333333333333,0.0,0.0,0,0,0.0,0.0,0,0,0.0,0.0,0,0,0.0,12994.17,3,0,0.0,0
LGS2ORD0032892,C015753,2025-09-18 11:00:00,Female,37,Silver,Web,Remote_Area,1450,TV_Show,PromptPay,11,9,3,0,30-40,48.333333333333336,3.0,0.0,0.0,-1,84,3441.2333333333336,0.2,0.3333333333333333,0.0,0.0,0.0,0,0,0.0,0.0,0,0,0.0,1004.6,1,0,0.0,10323.7,3,0,0.0,0
LGS2ORD0032893,C017493,2025-09-18 12:00:00,Male,47,Silver,TV,Songkhla,1201,TV_Show,COD,12,9,3,0,40-50,40.03333333333333,3.0,2.0,0.6666666666666666,170,174,5171.3966666666665,0.3,1.0,0.3333333333333333,0.0,0.0,0,0,0.0,0.0,0,0,0.0,0.0,0,0,0.0,15514.19,3,2,0.6666666666666666,1
LGS2ORD0032894,C012812,2025-09-18 12:00:00,Female,54,Platinum,CallCenter,Chonburi,1062,CallCenter,COD,12,9,3,0,>50,35.4,1.0,0.0,0.0,-1,208,1760.32,0.25,0.0,1.0,0.0,0.0,0,0,0.0,0.0,0,0,0.0,0.0,0,0,0.0,1760.32,1,0,0.0,0
LGS2ORD0032895,C010792,2025-09-18 12:00:00,Female,31,Gold,Shopee,Chonburi,1647,TV_Show,COD,12,9,3,0,30-40,54.9,3.0,0.0,0.0,-1,52,5750.253333333334,0.18,0.3333333333333333,0.0,0.0,0.0,0,0,0.0,0.0,0,0,0.0,4214.45,1,0,0.0,17250.760000000002,3,0,0.0,0
LGS2ORD0032896,C015945,2025-09-18 12:00:00,Male,44,Bronze,TV,Chonburi,1713,Web,Credit_Card,12,9,3,0,40-50,57.1,4.0,1.0,0.25,151,148,3216.7575,0.23,0.25,0.25,0.0,0.0,0,0,0.0,0.0,0,0,0.0,0.0,0,0,0.0,12867.03,4,1,0.25,1
LGS2ORD0032897,C010864,2025-09-18 12:00:00,Male,19,Bronze,Shopee,Khon Kaen,817,Shopee,COD,12,9,3,0,<20,27.233333333333334,2.0,1.0,0.5,83,93,3829.6000000000004,0.23,0.5,0.5,0.0,0.0,0,0,0.0,0.0,0,0,0.0,0.0,0,0,0.0,7659.200000000001,2,1,0.5,0
LGS2ORD0032898,C017601,2025-09-18 13:00:00,Female,40,Bronze,Lazada,Bangkok,843,Shopee,PromptPay,13,9,3,0,30-40,28.1,3.0,1.0,0.3333333333333333,53,23,1179.84,0.23,0.6666666666666666,0.3333333333333333,0.0,0.0,0,0,0.0,997.91,1,0,0.0,2418.37,2,1,0.5,3539.52,3,1,0.3333333333333333,0
LGS2ORD0032899,C011804,2025-09-18 13:00:00,Male,45,Bronze,TV,Khon Kaen,857,Lazada,Credit_Card,13,9,3,0,40-50,28.566666666666666,5.0,0.0,0.0,-1,6,1821.818,0.23,0.6,0.2,0.0,1738.81,1,0,0.0,4064.94,2,0,0.0,5416.59,3,0,0.0,9109.09,5,0,0.0,0
LGS2ORD0032900,C015458,2025-09-18 13:00:00,Female,36,Bronze,Lazada,Khon Kaen,1126,Web,COD,13,9,3,0,30-40,37.53333333333333,3.0,0.0,0.0,-1,19,1510.6433333333334,0.23,0.6666666666666666,0.6666666666666666,0.0,0.0,0,0,0.0,1409.67,1,0,0.0,1409.67,1,0,0.0,4531.93,3,0,0.0,1
LGS2ORD0032901,C014774,2025-09-18 13:00:00,Female,21,Bronze,Shopee,Phuket,295,TV_Show,Bank_Transfer,13,9,3,0,20-30,9.833333333333334,1.0,1.0,1.0,207,219,1546.96,0.08,1.0,0.0,0.0,0.0,0,0,0.0,0.0,0,0,0.0,0.0,0,0,0.0,1546.96,1,1,1.0,1
LGS2ORD0032902,C013903,2025-09-18 13:00:00,Male,49,Bronze,TV,Remote_Area,1552,Shopee,Bank_Transfer,13,9,3,0,40-50,51.733333333333334,3.0,0.0,0.0,-1,20,1625.7233333333334,0.23,1.0,0.3333333333333333,0.0,0.0,0,0,0.0,1887.72,1,0,0.0,1887.72,1,0,0.0,4877.17,3,0,0.0,0
LGS2ORD0032903,C014907,2025-09-18 13:00:00,Male,50,Gold,CallCenter,Chiang Mai,532,Lazada,Credit_Card,13,9,3,0,40-50,17.733333333333334,4.0,1.0,0.25,173,103,3323.9375,0.18,0.5,0.0,0.0,0.0,0,0,0.0,0.0,0,0,0.0,0.0,0,0,0.0,13295.75,4,1,0.25,0
LGS2ORD0032904,C017619,2025-09-18 14:00:00,Female,32,Bronze,CallCenter,Chonburi,1498,Lazada,COD,14,9,3,0,30-40,49.93333333333333,4.0,1.0,0.25,4,17,9730.789999999999,0.18,1.0,0.0,0.0,0.0,0,0,0.0,3789.06,1,1,1.0,12451.199999999999,3,1,0.3333333333333333,38923.159999999996,4,1,0.25,0
LGS2ORD0032905,C015386,2025-09-18 14:00:00,Male,55,Bronze,TV,Bangkok,1601,Web,Bank_Transfer,14,9,3,0,>50,53.36666666666667,4.0,1.0,0.25,69,8,4405.805,0.28,0.75,0.5,0.0,0.0,0,0,0.0,2146.56,2,0,0.0,7751.73,3,1,0.3333333333333333,17623.22,4,1,0.25,0
LGS2ORD0032906,C013588,2025-09-18 14:00:00,Male,45,Bronze,Web,Remote_Area,488,Shopee,COD,14,9,3,0,40-50,16.266666666666666,8.0,3.0,0.375,-6,6,9450.9225,0.23,0.875,0.125,0.0,17141.18,1,1,1.0,17141.18,1,1,1.0,27955.02,4,1,0.25,75607.38,8,3,0.375,0
LGS2ORD0032907,C011220,2025-09-18 14:00:00,Male,71,Bronze,CallCenter,Bangkok,881,TV_Show,Credit_Card,14,9,3,0,>50,29.366666666666667,6.0,1.0,0.16666666666666666,95,0,2661.7066666666665,0.28,0.5,0.5,0.0,1527.9,1,0,0.0,3999.04,2,0,0.0,4961.23,3,0,0.0,15970.24,6,1,0.16666666666666666,1
LGS2ORD0032908,C010844,2025-09-18 14:00:00,Male,44,Silver,TV,Remote_Area,320,TV_Show,PromptPay,14,9,3,0,40-50,10.666666666666666,5.0,2.0,0.4,50,60,6727.518000000001,0.3,0.8,0.4,0.0,0.0,0,0,0.0,0.0,0,0,0.0,16397.829999999998,3,1,0.3333333333333333,33637.590000000004,5,2,0.4,0
LGS2ORD0032909,C010568,2025-09-18 15:00:00,Female,44,Silver,Web,Bangkok,619,Shopee,PromptPay,15,9,3,0,40-50,20.633333333333333,0.0,0.0,0.0,-1,-1,0.0,0.0,0.0,0.0,0.0,0.0,0,0,0.0,0.0,0,0,0.0,0.0,0,0,0.0,0.0,0,0,0.0,0
LGS2ORD0032910,C011426,2025-09-18 15:00:00,Male,48,Silver,TV,Nakhon Ratchasima,835,CallCenter,Bank_Transfer,15,9,3,0,40-50,27.833333333333332,5.0,1.0,0.2,115,101,4431.996,0.2,0.4,0.0,0.0,0.0,0,0,0.0,0.0,0,0,0.0,0.0,0,0,0.0,22159.98,5,1,0.2,0
LGS2ORD0032911,C010530,2025-09-18 15:00:00,Female,50,Silver,TV,Chonburi,1456,TV_Show,Credit_Card,15,9,3,0,40-50,48.53333333333333,1.0,0.0,0.0,-1,37,9524.64,0.2,1.0,0.0,0.0,0.0,0,0,0.0,0.0,0,0,0.0,9524.64,1,0,0.0,9524.64,1,0,0.0,0
LGS2ORD0032912,C013574,2025-09-18 15:00:00,Female,50,Bronze,Web,Chiang Mai,847,Shopee,COD,15,9,3,0,40-50,28.233333333333334,4.0,0.0,0.0,-1,23,3427.9075,0.18,0.75,0.0,0.0,0.0,0,0,0.0,2008.14,1,0,0.0,2574.37,2,0,0.0,13711.63,4,0,0.0,0
LGS2ORD0032913,C017571,2025-09-18 15:00:00,Male,55,Bronze,Lazada,Songkhla,1236,Shopee,Bank_Transfer,15,9,3,0,>50,41.2,6.0,3.0,0.5,22,35,2189.775,0.18,0.3333333333333333,0.0,0.0,0.0,0,0,0.0,0.0,0,0,0.0,4057.66,1,1,1.0,13138.65,6,3,0.5,0
LGS2ORD0032914,C015428,2025-09-18 16:00:00,Male,58,Bronze,TV,Remote_Area,1337,TV_Show,COD,16,9,3,0,>50,44.56666666666667,6.0,1.0,0.16666666666666666,67,3,4527.466666666666,0.28,0.6666666666666666,0.3333333333333333,0.0,3076.36,1,0,0.0,3076.36,1,0,0.0,4588.82,2,1,0.5,27164.8,6,1,0.16666666666666666,1
LGS2ORD0032915,C017289,2025-09-18 16:00:00,Female,38,Platinum,TV,Khon Kaen,1556,Lazada,PromptPay,16,9,3,0,30-40,51.86666666666667,7.0,1.0,0.14285714285714285,13,18,3129.7799999999997,0.35,0.7142857142857143,0.5714285714285714,0.0,0.0,0,0,0.0,431.36,1,1,1.0,15430.25,2,1,0.5,21908.46,7,1,0.14285714285714285,0
LGS2ORD0032916,C017407,2025-09-18 16:00:00,Male,48,Bronze,TV,Chiang Mai,1044,TV_Show,PromptPay,16,9,3,0,40-50,34.8,4.0,1.0,0.25,31,41,4476.165,0.28,0.5,0.5,0.0,0.0,0,0,0.0,0.0,0,0,0.0,6881.18,2,1,0.5,17904.66,4,1,0.25,0
LGS2ORD0032917,C011376,2025-09-18 16:00:00,Female,46,Platinum,Shopee,Bangkok,437,CallCenter,COD,16,9,3,0,40-50,14.566666666666666,1.0,0.0,0.0,-1,95,764.38,0.1,0.0,0.0,0.0,0.0,0,0,0.0,0.0,0,0,0.0,0.0,0,0,0.0,764.38,1,0,0.0,0
LGS2ORD0032918,C017870,2025-09-18 16:00:00,Male,43,Bronze,TV,Chiang Mai,880,Shopee,PromptPay,16,9,3,0,40-50,29.333333333333332,6.0,0.0,0.0,-1,25,5092.631666666666,0.28,0.5,0.16666666666666666,0.0,0.0,0,0,0.0,3279.89,1,0,0.0,3279.89,1,0,0.0,30555.789999999997,6,0,0.0,1
LGS2ORD0032919,C010007,2025-09-18 17:00:00,Male,48,Gold,Shopee,Remote_Area,402,Shopee,COD,17,9,3,0,40-50,13.4,7.0,1.0,0.14285714285714285,221,72,4121.432857142857,0.28,0.7142857142857143,0.8571428571428571,0.0,0.0,0,0,0.0,0.0,0,0,0.0,3878.4700000000003,2,0,0.0,28850.03,7,1,0.14285714285714285,1
LGS2ORD0032920,C016369,2025-09-18 17:00:00,Other,22,Silver,Shopee,Bangkok,421,Web,COD,17,9,3,0,20-30,14.033333333333333,5.0,1.0,0.2,173,56,4988.63,0.3,0.6,0.2,0.0,0.0,0,0,0.0,0.0,0,0,0.0,1942.25,1,0,0.0,24943.15,5,1,0.2,0
LGS2ORD0032921,C014644,2025-09-18 17:00:00,Female,47,Bronze,TV,Chonburi,895,TV_Show,COD,17,9,3,0,40-50,29.833333333333332,3.0,0.0,0.0,-1,115,13145.446666666665,0.03,0.6666666666666666,0.0,0.0,0.0,0,0,0.0,0.0,0,0,0.0,0.0,0,0,0.0,39436.34,3,0,0.0,0
LGS2ORD0032922,C011049,2025-09-18 17:00:00,Female,44,Bronze,Lazada,Bangkok,942,TV_Show,COD,17,9,3,0,40-50,31.4,5.0,1.0,0.2,222,58,2245.246,0.28,0.4,0.4,0.0,0.0,0,0,0.0,0.0,0,0,0.0,611.52,1,0,0.0,11226.230000000001,5,1,0.2,0
LGS2ORD0032923,C013916,2025-09-18 17:00:00,Male,26,Gold,CallCenter,Bangkok,1045,Shopee,COD,17,9,3,0,20-30,34.833333333333336,6.0,1.0,0.16666666666666666,36,11,5849.393333333333,0.33,0.3333333333333333,0.5,0.0,0.0,0,0,0.0,12654.34,2,0,0.0,34369.6,5,1,0.2,35096.36,6,1,0.16666666666666666,0
LGS2ORD0032924,C013266,2025-09-18 17:00:00,Female,31,Gold,TV,Bangkok,1310,Lazada,COD,17,9,3,0,30-40,43.666666666666664,2.0,0.0,0.0,-1,222,10642.564999999999,0.13,0.5,0.0,0.0,0.0,0,0,0.0,0.0,0,0,0.0,0.0,0,0,0.0,21285.129999999997,2,0,0.0,0
LGS2ORD0032925,C014155,2025-09-18 18:00:00,Female,33,Platinum,Web,Bangkok,362,TV_Show,COD,18,9,3,0,30-40,12.066666666666666,3.0,1.0,0.3333333333333333,125,95,3172.656666666667,0.3,0.0,0.6666666666666666,0.0,0.0,0,0,0.0,0.0,0,0,0.0,0.0,0,0,0.0,9517.970000000001,3,1,0.3333333333333333,0
LGS2ORD0032926,C015562,2025-09-18 18:00:00,Male,42,Bronze,TV,Bangkok,1673,CallCenter,COD,18,9,3,0,40-50,55.766666666666666,4.0,0.0,0.0,-1,5,9686.165,0.28,0.25,0.5,0.0,11727.86,1,0,0.0,11727.86,1,0,0.0,38744.66,4,0,0.0,38744.66,4,0,0.0,0
LGS2ORD0032927,C014479,2025-09-18 18:00:00,Male,55,Gold,Shopee,Bangkok,765,Lazada,Credit_Card,18,9,3,0,>50,25.5,6.0,2.0,0.3333333333333333,68,75,2198.2083333333335,0.33,0.5,0.6666666666666666,0.0,0.0,0,0,0.0,0.0,0,0,0.0,4106.21,1,1,1.0,13189.25,6,2,0.3333333333333333,0
LGS2ORD0032928,C012247,2025-09-18 18:00:00,Male,66,Bronze,Lazada,Remote_Area,750,Lazada,Credit_Card,18,9,3,0,>50,25.0,1.0,0.0,0.0,-1,172,10978.05,0.03,0.0,0.0,0.0,0.0,0,0,0.0,0.0,0,0,0.0,0.0,0,0,0.0,10978.05,1,0,0.0,0
LGS2ORD0032929,C011587,2025-09-18 18:00:00,Female,22,Gold,Web,Bangkok,1472,Shopee,COD,18,9,3,0,20-30,49.06666666666667,8.0,0.0,0.0,-1,25,3244.43125,0.33,0.75,0.5,0.0,0.0,0,0,0.0,4384.58,1,0,0.0,8602.07,4,0,0.0,25955.45,8,0,0.0,0
LGS2ORD0032930,C016349,2025-09-18 19:00:00,Female,52,Gold,CallCenter,Remote_Area,1618,Lazada,COD,19,9,3,0,>50,53.93333333333333,2.0,0.0,0.0,-1,31,1183.63,0.2299999999999999,0.0,0.5,0.0,0.0,0,0,0.0,0.0,0,0,0.0,1528.76,1,0,0.0,2367.26,2,0,0.0,0
LGS2ORD0032931,C010499,2025-09-18 19:00:00,Female,47,Bronze,CallCenter,Phuket,903,Web,PromptPay,19,9,3,0,40-50,30.1,6.0,4.0,0.6666666666666666,72,82,3686.4683333333337,0.23,0.6666666666666666,0.16666666666666666,0.0,0.0,0,0,0.0,0.0,0,0,0.0,2960.75,2,1,0.5,22118.81,6,4,0.6666666666666666,1
LGS2ORD0032932,C014659,2025-09-18 19:00:00,Female,50,Gold,TV,Khon Kaen,1498,TV_Show,Bank_Transfer,19,9,3,0,40-50,49.93333333333333,10.0,2.0,0.2,29,32,5515.019,0.33,0.4,0.5,0.0,0.0,0,0,0.0,0.0,0,0,0.0,25998.64,3,2,0.6666666666666666,55150.19,10,2,0.2,0
LGS2ORD0032933,C013594,2025-09-18 19:00:00,Male,39,Bronze,Lazada,Chonburi,1324,TV_Show,Credit_Card,19,9,3,0,30-40,44.13333333333333,6.0,1.0,0.16666666666666666,119,27,4567.025000000001,0.18,0.5,0.0,0.0,0.0,0,0,0.0,9109.99,1,0,0.0,17770.73,3,0,0.0,27402.15,6,1,0.16666666666666666,0
LGS2ORD0032934,C015831,2025-09-18 19:00:00,Male,49,Bronze,Shopee,Bangkok,836,Shopee,COD,19,9,3,0,40-50,27.866666666666667,8.0,2.0,0.25,-3,5,8900.78875,0.18,0.625,0.0,0.0,27593.71,2,1,0.5,27593.71,2,1,0.5,28788.8,3,1,0.3333333333333333,71206.31,8,2,0.25,0
LGS2ORD0032935,C017699,2025-09-18 20:00:00,Female,46,Platinum,Shopee,Bangkok,1091,TV_Show,COD,20,9,3,0,40-50,36.36666666666667,5.0,3.0,0.6,83,91,3168.672,0.35,0.4,0.8,0.0,0.0,0,0,0.0,0.0,0,0,0.0,0.0,0,0,0.0,15843.36,5,3,0.6,0
LGS2ORD0032936,C017743,2025-09-18 20:00:00,Female,55,Silver,Web,Chiang Mai,1447,CallCenter,Credit_Card,20,9,3,0,>50,48.233333333333334,8.0,4.0,0.5,29,25,7053.206249999999,0.3,0.5,0.25,0.0,0.0,0,0,0.0,32150.59,1,0,0.0,34099.13,2,1,0.5,56425.649999999994,8,4,0.5,0
LGS2ORD0032937,C014958,2025-09-18 20:00:00,Male,41,Bronze,Lazada,Nakhon Ratchasima,296,TV_Show,COD,20,9,3,0,40-50,9.866666666666667,1.0,0.0,0.0,-1,238,10477.86,0.03,0.0,0.0,0.0,0.0,0,0,0.0,0.0,0,0,0.0,0.0,0,0,0.0,10477.86,1,0,0.0,0
LGS2ORD0032938,C014699,2025-09-18 20:00:00,Male,34,Bronze,Web,Chiang Mai,508,TV_Show,Credit_Card,20,9,3,0,30-40,16.933333333333334,5.0,2.0,0.4,182,15,7518.875999999999,0.28,0.6,0.4,0.0,0.0,0,0,0.0,940.08,1,0,0.0,940.08,1,0,0.0,37594.38,5,2,0.4,0
LGS2ORD0032939,C017809,2025-09-18 20:00:00,Female,47,Bronze,Lazada,Bangkok,332,TV_Show,PromptPay,20,9,3,0,40-50,11.066666666666666,8.0,0.0,0.0,-1,12,4537.36625,0.28,0.5,0.125,0.0,0.0,0,0,0.0,5255.07,1,0,0.0,16750.82,4,0,0.0,36298.93,8,0,0.0,0
LGS2ORD0032940,C011516,2025-09-18 21:00:00,Female,28,Bronze,TV,Nakhon Ratchasima,1566,Lazada,COD,21,9,3,0,20-30,52.2,9.0,4.0,0.4444444444444444,-6,1,6443.003333333334,0.28,0.6666666666666666,0.2222222222222222,0.0,8840.6,1,1,1.0,24054.160000000003,3,3,1.0,43774.62,6,3,0.5,57987.030000000006,9,4,0.4444444444444444,0
LGS2ORD0032941,C017277,2025-09-18 21:00:00,Female,59,Bronze,Web,Khon Kaen,472,CallCenter,COD,21,9,3,0,>50,15.733333333333333,6.0,0.0,0.0,-1,55,2509.5350000000003,0.28,0.3333333333333333,0.3333333333333333,0.0,0.0,0,0,0.0,0.0,0,0,0.0,1200.19,1,0,0.0,15057.210000000001,6,0,0.0,0
LGS2ORD0032942,C013183,2025-09-18 21:00:00,Female,61,Bronze,TV,Khon Kaen,1671,Web,COD,21,9,3,0,>50,55.7,7.0,0.0,0.0,-1,13,7723.860000000001,0.23,0.42857142857142855,0.14285714285714285,0.0,0.0,0,0,0.0,18539.34,1,0,0.0,43972.75,5,0,0.0,54067.020000000004,7,0,0.0,0
LGS2ORD0032943,C014845,2025-09-18 21:00:00,Female,58,Silver,TV,Bangkok,926,TV_Show,COD,21,9,3,0,>50,30.866666666666667,7.0,0.0,0.0,-1,156,2832.188571428571,0.25,0.5714285714285714,0.2857142857142857,0.0,0.0,0,0,0.0,0.0,0,0,0.0,0.0,0,0,0.0,19825.319999999996,7,0,0.0,0
LGS2ORD0032944,C017692,2025-09-18 21:00:00,Female,48,Bronze,Web,Chiang Mai,1588,TV_Show,PromptPay,21,9,3,0,40-50,52.93333333333333,5.0,1.0,0.2,114,10,6251.902,0.23,0.6,0.2,0.0,0.0,0,0,0.0,11768.09,1,0,0.0,20816.059999999998,3,0,0.0,31259.510000000002,5,1,0.2,0
LGS2ORD0032945,C015010,2025-09-18 21:00:00,Female,41,Bronze,Shopee,Bangkok,468,Lazada,COD,21,9,3,0,40-50,15.6,3.0,0.0,0.0,-1,83,4447.88,0.28,0.0,0.3333333333333333,0.0,0.0,0,0,0.0,0.0,0,0,0.0,5074.56,1,0,0.0,13343.64,3,0,0.0,0
LGS2ORD0032946,C015652,2025-09-18 22:00:00,Female,34,Silver,Web,Remote_Area,1476,Web,Credit_Card,22,9,3,0,30-40,49.2,5.0,2.0,0.4,-5,4,8660.934000000001,0.25,0.8,0.2,0.0,4681.19,1,1,1.0,4681.19,1,1,1.0,5353.45,2,2,1.0,43304.670000000006,5,2,0.4,1
LGS2ORD0032947,C011960,2025-09-18 22:00:00,Male,18,Bronze,Shopee,Chiang Mai,781,Lazada,COD,22,9,3,0,<20,26.033333333333335,7.0,1.0,0.14285714285714285,248,22,5289.532857142856,0.28,0.14285714285714285,0.2857142857142857,0.0,0.0,0,0,0.0,2910.74,1,0,0.0,4739.33,2,0,0.0,37026.729999999996,7,1,0.14285714285714285,1
LGS2ORD0032948,C011844,2025-09-18 22:00:00,Female,41,Silver,TV,Bangkok,1066,TV_Show,COD,22,9,3,0,40-50,35.53333333333333,3.0,0.0,0.0,-1,76,2015.0400000000002,0.25,0.3333333333333333,0.3333333333333333,0.0,0.0,0,0,0.0,0.0,0,0,0.0,3508.9,1,0,0.0,6045.120000000001,3,0,0.0,0
LGS2ORD0032949,C015270,2025-09-18 22:00:00,Male,49,Silver,TV,Khon Kaen,1430,TV_Show,Bank_Transfer,22,9,3,0,40-50,47.666666666666664,6.0,1.0,0.16666666666666666,121,22,5094.236666666667,0.25,0.6666666666666666,0.16666666666666666,0.0,0.0,0,0,0.0,6693.72,1,0,0.0,6693.72,1,0,0.0,30565.420000000002,6,1,0.16666666666666666,0
LGS2ORD0032950,C010362,2025-09-18 22:00:00,Male,45,Bronze,Shopee,Remote_Area,907,Lazada,COD,22,9,3,0,40-50,30.233333333333334,9.0,4.0,0.4444444444444444,36,40,4422.995555555555,0.28,0.5555555555555556,0.4444444444444444,0.0,0.0,0,0,0.0,0.0,0,0,0.0,19938.46,3,2,0.6666666666666666,39806.96,9,4,0.4444444444444444,1
LGS2ORD0032951,C012619,2025-09-18 23:00:00,Female,29,Bronze,Web,Khon Kaen,743,Lazada,COD,23,9,3,0,20-30,24.766666666666666,6.0,3.0,0.5,8,11,3626.3700000000003,0.28,0.3333333333333333,0.5,0.0,0.0,0,0,0.0,13808.64,2,1,0.5,14614.48,3,2,0.6666666666666666,21758.22,6,3,0.5,0
LGS2ORD0032952,C013682,2025-09-18 23:00:00,Other,30,Silver,Web,Songkhla,1035,Web,PromptPay,23,9,3,0,20-30,34.5,6.0,2.0,0.3333333333333333,26,2,7285.940000000001,0.25,0.8333333333333334,0.16666666666666666,0.0,7786.01,1,0,0.0,7786.01,1,0,0.0,27933.21,4,1,0.25,43715.64000000001,6,2,0.3333333333333333,0
LGS2ORD0032953,C011946,2025-09-18 23:00:00,Female,48,Platinum,Web,Chiang Mai,1084,Shopee,Credit_Card,23,9,3,0,40-50,36.13333333333333,5.0,0.0,0.0,-1,58,5132.936,0.3,0.2,0.6,0.0,0.0,0,0,0.0,0.0,0,0,0.0,4530.04,1,0,0.0,25664.68,5,0,0.0,1
LGS2ORD0032954,C017605,2025-09-18 23:00:00,Female,63,Silver,Web,Songkhla,846,Shopee,COD,23,9,3,0,>50,28.2,5.0,3.0,0.6,-2,12,5094.7339999999995,0.3,0.6,0.4,0.2,0.0,0,0,0.0,9432.84,2,1,0.5,16343.349999999999,3,2,0.6666666666666666,25473.67,5,3,0.6,0
LGS2ORD0032955,C015615,2025-09-18 23:00:00,Male,34,Platinum,TV,Bangkok,663,Shopee,COD,23,9,3,0,30-40,22.1,3.0,1.0,0.3333333333333333,55,66,6312.349999999999,0.3,0.6666666666666666,0.3333333333333333,0.0,0.0,0,0,0.0,0.0,0,0,0.0,11221.63,1,1,1.0,18937.05,3,1,0.3333333333333333,0
LGS2ORD0032956,C017495,2025-09-19 00:00:00,Male,24,Bronze,CallCenter,Bangkok,957,CallCenter,Credit_Card,0,9,4,0,20-30,31.9,3.0,2.0,0.6666666666666666,87,6,5139.62,0.18,0.3333333333333333,0.0,0.0,2115.37,1,0,0.0,2115.37,1,0,0.0,2115.37,1,0,0.0,15418.86,3,2,0.6666666666666666,0
LGS2ORD0032957,C012442,2025-09-19 00:00:00,Female,48,Bronze,Web,Phuket,424,TV_Show,COD,0,9,4,0,40-50,14.133333333333333,2.0,1.0,0.5,131,143,3239.395,0.18,0.0,0.0,0.0,0.0,0,0,0.0,0.0,0,0,0.0,0.0,0,0,0.0,6478.79,2,1,0.5,0
LGS2ORD0032958,C013720,2025-09-19 00:00:00,Male,22,Silver,TV,Nakhon Ratchasima,1717,CallCenter,PromptPay,0,9,4,0,20-30,57.233333333333334,2.0,0.0,0.0,-1,41,4008.9750000000004,0.1,0.5,0.0,0.0,0.0,0,0,0.0,0.0,0,0,0.0,2615.32,1,0,0.0,8017.950000000001,2,0,0.0,0
LGS2ORD0032959,C013252,2025-09-19 00:00:00,Female,37,Bronze,Shopee,Bangkok,1226,Web,COD,0,9,4,0,30-40,40.86666666666667,7.0,2.0,0.2857142857142857,27,41,8933.145714285714,0.28,0.2857142857142857,0.2857142857142857,0.0,0.0,0,0,0.0,0.0,0,0,0.0,39345.13,2,1,0.5,62532.020000000004,7,2,0.2857142857142857,1
LGS2ORD0032960,C010177,2025-09-19 00:00:00,Male,54,Silver,CallCenter,Phuket,1015,Web,COD,0,9,4,0,>50,33.833333333333336,5.0,1.0,0.2,149,36,8249.964,0.15,0.6,0.0,0.0,0.0,0,0,0.0,0.0,0,0,0.0,11222.08,3,0,0.0,41249.82,5,1,0.2,1
LGS2ORD0032961,C016658,2025-09-19 01:00:00,Male,47,Silver,Lazada,Chiang Mai,683,Web,PromptPay,1,9,4,0,40-50,22.766666666666666,9.0,3.0,0.3333333333333333,-2,4,9011.505555555555,0.3,0.6666666666666666,0.5555555555555556,0.0,2109.94,1,0,0.0,19795.11,3,1,0.3333333333333333,42145.32000000001,5,2,0.4,81103.55,9,3,0.3333333333333333,0
LGS2ORD0032962,C010595,2025-09-19 01:00:00,Female,62,Bronze,Web,Phuket,903,CallCenter,COD,1,9,4,0,>50,30.1,5.0,3.0,0.6,84,32,7620.564,0.18,0.6,0.0,0.0,0.0,0,0,0.0,0.0,0,0,0.0,960.85,1,0,0.0,38102.82,5,3,0.6,1
LGS2ORD0032963,C010494,2025-09-19 01:00:00,Male,45,Platinum,Shopee,Chonburi,924,TV_Show,COD,1,9,4,0,40-50,30.8,4.0,0.0,0.0,-1,75,3681.3925,0.25,0.25,0.25,0.0,0.0,0,0,0.0,0.0,0,0,0.0,4281.44,1,0,0.0,14725.57,4,0,0.0,0
LGS2ORD0032964,C017192,2025-09-19 01:00:00,Male,33,Gold,Web,Chiang Mai,454,Web,Credit_Card,1,9,4,0,30-40,15.133333333333333,5.0,0.0,0.0,-1,42,4491.244000000001,0.33,0.6,0.4,0.0,0.0,0,0,0.0,0.0,0,0,0.0,17894.76,3,0,0.0,22456.22,5,0,0.0,0
LGS2ORD0032965,C016374,2025-09-19 01:00:00,Female,48,Platinum,Shopee,Khon Kaen,644,TV_Show,Bank_Transfer,1,9,4,0,40-50,21.466666666666665,3.0,0.0,0.0,-1,100,5506.683333333333,0.35,0.3333333333333333,1.0,0.0,0.0,0,0,0.0,0.0,0,0,0.0,0.0,0,0,0.0,16520.05,3,0,0.0,0
LGS2ORD0032966,C017624,2025-09-19 01:00:00,Female,47,Bronze,TV,Nakhon Ratchasima,1679,Shopee,PromptPay,1,9,4,0,40-50,55.96666666666667,3.0,0.0,0.0,-1,118,6325.98,0.13,0.3333333333333333,0.0,0.0,0.0,0,0,0.0,0.0,0,0,0.0,0.0,0,0,0.0,18977.94,3,0,0.0,0
LGS2ORD0032967,C016658,2025-09-19 02:00:00,Male,47,Silver,Lazada,Chiang Mai,683,Shopee,Credit_Card,2,9,4,0,40-50,22.766666666666666,10.0,3.0,0.3,-2,0,8213.227,0.3,0.6,0.5,0.0,3138.66,2,0,0.0,20823.83,4,1,0.25,43174.04000000001,6,2,0.3333333333333333,82132.27,10,3,0.3,1
LGS2ORD0032968,C012823,2025-09-19 02:00:00,Female,56,Bronze,Web,Phuket,1478,Shopee,COD,2,9,4,0,>50,49.266666666666666,11.0,4.0,0.36363636363636365,75,29,4023.311818181818,0.28,0.6363636363636364,0.09090909090909091,0.0,0.0,0,0,0.0,5531.38,1,0,0.0,9369.560000000001,3,1,0.3333333333333333,44256.43,11,4,0.36363636363636365,1
LGS2ORD0032969,C017294,2025-09-19 02:00:00,Male,51,Bronze,Shopee,Songkhla,1714,Web,COD,2,9,4,0,>50,57.13333333333333,4.0,2.0,0.5,74,42,3587.1150000000002,0.28,0.0,0.25,0.0,0.0,0,0,0.0,0.0,0,0,0.0,7421.37,2,1,0.5,14348.460000000001,4,2,0.5,1
LGS2ORD0032970,C012822,2025-09-19 02:00:00,Male,52,Bronze,TV,Remote_Area,1034,Web,COD,2,9,4,0,>50,34.46666666666667,3.0,2.0,0.6666666666666666,149,159,4086.306666666667,0.23,1.0,0.3333333333333333,0.0,0.0,0,0,0.0,0.0,0,0,0.0,0.0,0,0,0.0,12258.92,3,2,0.6666666666666666,0
LGS2ORD0032971,C015340,2025-09-19 02:00:00,Female,42,Silver,TV,Chiang Mai,1352,TV_Show,COD,2,9,4,0,40-50,45.06666666666667,6.0,0.0,0.0,-1,33,4778.63,0.25,0.5,0.3333333333333333,0.0,0.0,0,0,0.0,0.0,0,0,0.0,7621.65,2,0,0.0,28671.780000000002,6,0,0.0,0
LGS2ORD0032972,C011324,2025-09-19 03:00:00,Male,48,Platinum,Lazada,Bangkok,1498,Web,Bank_Transfer,3,9,4,0,40-50,49.93333333333333,2.0,0.0,0.0,-1,153,3020.705,0.3,0.0,0.5,0.0,0.0,0,0,0.0,0.0,0,0,0.0,0.0,0,0,0.0,6041.41,2,0,0.0,0
LGS2ORD0032973,C015345,2025-09-19 03:00:00,Male,46,Bronze,Shopee,Bangkok,1259,Web,Credit_Card,3,9,4,0,40-50,41.96666666666667,3.0,0.0,0.0,-1,47,16005.406666666668,0.28,0.6666666666666666,0.3333333333333333,0.0,0.0,0,0,0.0,0.0,0,0,0.0,16317.59,2,0,0.0,48016.22,3,0,0.0,0
LGS2ORD0032974,C011120,2025-09-19 03:00:00,Male,32,Silver,TV,Phuket,1324,TV_Show,COD,3,9,4,0,30-40,44.13333333333333,4.0,0.0,0.0,-1,18,3017.445,0.25,0.0,0.25,0.0,0.0,0,0,0.0,4842.55,1,0,0.0,6753.27,2,0,0.0,12069.78,4,0,0.0,0
LGS2ORD0032975,C011612,2025-09-19 03:00:00,Male,56,Silver,Shopee,Chonburi,1406,Shopee,COD,3,9,4,0,>50,46.86666666666667,4.0,1.0,0.25,22,28,2753.0099999999998,0.3,1.0,0.75,0.0,0.0,0,0,0.0,1339.74,1,0,0.0,6012.099999999999,2,1,0.5,11012.039999999999,4,1,0.25,1
LGS2ORD0032976,C016269,2025-09-19 03:00:00,Female,42,Bronze,Shopee,Khon Kaen,1352,Lazada,COD,3,9,4,0,40-50,45.06666666666667,6.0,1.0,0.16666666666666666,122,67,4157.715,0.28,0.16666666666666666,0.16666666666666666,0.0,0.0,0,0,0.0,0.0,0,0,0.0,16643.06,2,0,0.0,24946.29,6,1,0.16666666666666666,1
LGS2ORD0032977,C015109,2025-09-19 04:00:00,Female,58,Bronze,TV,Remote_Area,1015,Lazada,COD,4,9,4,0,>50,33.833333333333336,5.0,1.0,0.2,114,13,4374.78,0.28,0.6,0.2,0.0,0.0,0,0,0.0,3179.55,1,0,0.0,14910.970000000001,2,0,0.0,21873.899999999998,5,1,0.2,0
LGS2ORD0032978,C010020,2025-09-19 04:00:00,Male,34,Bronze,TV,Chiang Mai,1647,Lazada,COD,4,9,4,0,30-40,54.9,3.0,0.0,0.0,-1,29,8228.963333333333,0.28,0.3333333333333333,1.0,0.0,0.0,0,0,0.0,8759.6,1,0,0.0,8759.6,1,0,0.0,24686.89,3,0,0.0,0
LGS2ORD0032979,C010569,2025-09-19 04:00:00,Female,34,Gold,CallCenter,Bangkok,982,TV_Show,COD,4,9,4,0,30-40,32.733333333333334,4.0,0.0,0.0,-1,103,2423.5924999999997,0.28,0.25,0.25,0.0,0.0,0,0,0.0,0.0,0,0,0.0,0.0,0,0,0.0,9694.369999999999,4,0,0.0,0
LGS2ORD0032980,C015961,2025-09-19 04:00:00,Female,39,Bronze,Web,Bangkok,915,Web,Bank_Transfer,4,9,4,0,30-40,30.5,9.0,2.0,0.2222222222222222,84,3,6419.237777777777,0.23,0.2222222222222222,0.2222222222222222,0.0,1327.58,1,0,0.0,5961.0199999999995,2,0,0.0,43613.12000000001,5,1,0.2,57773.14,9,2,0.2222222222222222,0
LGS2ORD0032981,C015050,2025-09-19 04:00:00,Female,37,Silver,TV,Songkhla,843,Shopee,Credit_Card,4,9,4,0,30-40,28.1,4.0,1.0,0.25,84,39,4284.612499999999,0.25,0.5,0.25,0.0,0.0,0,0,0.0,0.0,0,0,0.0,552.78,1,0,0.0,17138.449999999997,4,1,0.25,0
LGS2ORD0032982,C017397,2025-09-19 04:00:00,Male,55,Gold,Web,Bangkok,865,Lazada,COD,4,9,4,0,>50,28.833333333333332,2.0,1.0,0.5,90,102,6890.83,0.2299999999999999,1.0,0.5,0.0,0.0,0,0,0.0,0.0,0,0,0.0,0.0,0,0,0.0,13781.66,2,1,0.5,1
LGS2ORD0032983,C010692,2025-09-19 05:00:00,Female,35,Bronze,TV,Phuket,1177,TV_Show,Credit_Card,5,9,4,0,30-40,39.233333333333334,6.0,2.0,0.3333333333333333,30,29,3554.1783333333333,0.18,0.5,0.0,0.0,0.0,0,0,0.0,2424.09,1,0,0.0,9349.69,4,2,0.5,21325.07,6,2,0.3333333333333333,0
LGS2ORD0032984,C014879,2025-09-19 05:00:00,Male,26,Gold,Shopee,Bangkok,931,Shopee,Credit_Card,5,9,4,0,20-30,31.033333333333335,2.0,0.0,0.0,-1,188,3944.91,0.2299999999999999,0.0,1.0,0.0,0.0,0,0,0.0,0.0,0,0,0.0,0.0,0,0,0.0,7889.82,2,0,0.0,0
LGS2ORD0032985,C014882,2025-09-19 05:00:00,Male,51,Bronze,Lazada,Remote_Area,1484,Web,PromptPay,5,9,4,0,>50,49.46666666666667,7.0,2.0,0.2857142857142857,176,42,4377.9800000000005,0.23,0.0,0.14285714285714285,0.0,0.0,0,0,0.0,0.0,0,0,0.0,21217.75,3,0,0.0,30645.86,7,2,0.2857142857142857,0
LGS2ORD0032986,C014600,2025-09-19 05:00:00,Male,45,Silver,Web,Bangkok,1518,Web,COD,5,9,4,0,40-50,50.6,2.0,0.0,0.0,-1,81,8568.51,0.25,1.0,1.0,0.0,0.0,0,0,0.0,0.0,0,0,0.0,3518.2,1,0,0.0,17137.02,2,0,0.0,1
LGS2ORD0032987,C014625,2025-09-19 05:00:00,Male,40,Bronze,TV,Khon Kaen,282,Shopee,COD,5,9,4,0,30-40,9.4,1.0,0.0,0.0,-1,255,1964.19,0.08,0.0,0.0,0.0,0.0,0,0,0.0,0.0,0,0,0.0,0.0,0,0,0.0,1964.19,1,0,0.0,1
LGS2ORD0032988,C015477,2025-09-19 06:00:00,Female,46,Bronze,Shopee,Chonburi,1283,Web,COD,6,9,4,0,40-50,42.766666666666666,9.0,3.0,0.3333333333333333,30,39,2304.6866666666665,0.23,0.5555555555555556,0.2222222222222222,0.0,0.0,0,0,0.0,0.0,0,0,0.0,4187.76,3,1,0.3333333333333333,20742.18,9,3,0.3333333333333333,0
LGS2ORD0032989,C015371,2025-09-19 06:00:00,Male,31,Bronze,Web,Khon Kaen,733,Web,COD,6,9,4,0,30-40,24.433333333333334,2.0,0.0,0.0,-1,107,2815.225,0.08,0.5,0.0,0.0,0.0,0,0,0.0,0.0,0,0,0.0,0.0,0,0,0.0,5630.45,2,0,0.0,0
LGS2ORD0032990,C010837,2025-09-19 06:00:00,Female,54,Bronze,Web,Chiang Mai,1160,Web,Bank_Transfer,6,9,4,0,>50,38.666666666666664,2.0,0.0,0.0,-1,72,4758.195,0.18,0.5,0.0,0.0,0.0,0,0,0.0,0.0,0,0,0.0,1721.15,1,0,0.0,9516.39,2,0,0.0,1
LGS2ORD0032991,C017642,2025-09-19 06:00:00,Male,42,Gold,TV,Remote_Area,999,TV_Show,COD,6,9,4,0,40-50,33.3,9.0,2.0,0.2222222222222222,18,10,3731.048888888889,0.18,0.3333333333333333,0.0,0.0,0.0,0,0,0.0,8761.16,3,1,0.3333333333333333,18612.03,6,2,0.3333333333333333,33579.44,9,2,0.2222222222222222,1
LGS2ORD0032992,C014283,2025-09-19 06:00:00,Male,58,Gold,Lazada,Bangkok,960,TV_Show,COD,6,9,4,0,>50,32.0,10.0,1.0,0.1,214,12,3892.565,0.33,0.7,0.5,0.0,0.0,0,0,0.0,21634.96,2,0,0.0,25748.94,3,0,0.0,38925.65,10,1,0.1,0
LGS2ORD0032993,C015460,2025-09-19 07:00:00,Female,40,Gold,Lazada,Bangkok,665,Shopee,COD,7,9,4,0,30-40,22.166666666666668,6.0,1.0,0.16666666666666666,13,23,3271.3899999999994,0.28,0.3333333333333333,0.5,0.0,0.0,0,0,0.0,1257.92,1,1,1.0,4886.030000000001,3,1,0.3333333333333333,19628.339999999997,6,1,0.16666666666666666,0
LGS2ORD0032994,C016223,2025-09-19 07:00:00,Female,30,Bronze,Web,Bangkok,1712,Lazada,COD,7,9,4,0,20-30,57.06666666666667,1.0,0.0,0.0,-1,51,1462.23,0.03,1.0,0.0,0.0,0.0,0,0,0.0,0.0,0,0,0.0,1462.23,1,0,0.0,1462.23,1,0,0.0,0
LGS2ORD0032995,C013388,2025-09-19 07:00:00,Other,58,Silver,Web,Bangkok,1166,TV_Show,COD,7,9,4,0,>50,38.86666666666667,5.0,1.0,0.2,198,56,2658.2799999999997,0.3,0.6,0.4,0.0,0.0,0,0,0.0,0.0,0,0,0.0,560.63,1,0,0.0,13291.4,5,1,0.2,0
LGS2ORD0032996,C016488,2025-09-19 07:00:00,Female,54,Bronze,TV,Songkhla,1150,Lazada,Credit_Card,7,9,4,0,>50,38.333333333333336,5.0,2.0,0.4,34,34,2356.058,0.23,0.8,0.2,0.0,0.0,0,0,0.0,0.0,0,0,0.0,10286.74,4,1,0.25,11780.289999999999,5,2,0.4,0
LGS2ORD0032997,C013730,2025-09-19 07:00:00,Male,43,Silver,TV,Phuket,1225,Web,COD,7,9,4,0,40-50,40.833333333333336,3.0,1.0,0.3333333333333333,217,21,6231.040000000001,0.2,0.6666666666666666,0.0,0.0,0.0,0,0,0.0,13688.11,1,0,0.0,13688.11,1,0,0.0,18693.120000000003,3,1,0.3333333333333333,0
LGS2ORD0032998,C013898,2025-09-19 08:00:00,Female,32,Bronze,Shopee,Chonburi,405,Lazada,Bank_Transfer,8,9,4,0,30-40,13.5,3.0,2.0,0.6666666666666666,15,13,7989.290000000001,0.23,0.6666666666666666,0.3333333333333333,0.0,0.0,0,0,0.0,5776.4,2,1,0.5,5776.4,2,1,0.5,23967.870000000003,3,2,0.6666666666666666,1
LGS2ORD0032999,C016975,2025-09-19 08:00:00,Male,54,Gold,Shopee,Chonburi,451,Lazada,Credit_Card,8,9,4,0,>50,15.033333333333333,1.0,0.0,0.0,-1,101,8627.11,0.18,0.0,0.0,0.0,0.0,0,0,0.0,0.0,0,0,0.0,0.0,0,0,0.0,8627.11,1,0,0.0,0
LGS2ORD0033000,C013624,2025-09-19 08:00:00,Female,42,Bronze,CallCenter,Remote_Area,594,TV_Show,Credit_Card,8,9,4,0,40-50,19.8,5.0,2.0,0.4,179,38,3243.396,0.23,0.8,0.4,0.2,0.0,0,0,0.0,0.0,0,0,0.0,2613.33,1,0,0.0,16216.980000000001,5,2,0.4,0
LGS2ORD0033001,C014809,2025-09-19 08:00:00,Male,55,Bronze,TV,Phuket,1254,CallCenter,COD,8,9,4,0,>50,41.8,4.0,2.0,0.5,121,23,4864.8675,0.23,0.75,0.25,0.0,0.0,0,0,0.0,1882.65,1,0,0.0,1882.65,1,0,0.0,19459.47,4,2,0.5,1
LGS2ORD0033002,C016914,2025-09-19 08:00:00,Female,39,Bronze,Shopee,Phuket,1574,Web,COD,8,9,4,0,30-40,52.46666666666667,11.0,4.0,0.36363636363636365,93,15,7442.5427272727275,0.28,0.5454545454545454,0.18181818181818182,0.0,0.0,0,0,0.0,385.11,1,0,0.0,41430.53999999999,3,0,0.0,81867.97,11,4,0.36363636363636365,1
LGS2ORD0033003,C015028,2025-09-19 08:00:00,Female,53,Bronze,Web,Bangkok,355,TV_Show,COD,8,9,4,0,>50,11.833333333333334,4.0,1.0,0.25,103,107,2299.665,0.23,0.25,0.25,0.0,0.0,0,0,0.0,0.0,0,0,0.0,0.0,0,0,0.0,9198.66,4,1,0.25,0
LGS2ORD0033004,C011449,2025-09-19 09:00:00,Male,23,Gold,Lazada,Chiang Mai,1396,Web,PromptPay,9,9,4,0,20-30,46.53333333333333,4.0,1.0,0.25,188,23,5057.745000000001,0.33,0.75,0.75,0.0,0.0,0,0,0.0,11629.460000000001,2,0,0.0,11629.460000000001,2,0,0.0,20230.980000000003,4,1,0.25,0
LGS2ORD0033005,C010878,2025-09-19 09:00:00,Male,65,Silver,Lazada,Khon Kaen,596,Shopee,PromptPay,9,9,4,0,>50,19.866666666666667,6.0,1.0,0.16666666666666666,63,60,3517.8333333333335,0.25,0.5,0.16666666666666666,0.0,0.0,0,0,0.0,0.0,0,0,0.0,6716.17,2,1,0.5,21107.0,6,1,0.16666666666666666,0
LGS2ORD0033006,C015569,2025-09-19 09:00:00,Male,49,Gold,CallCenter,Remote_Area,999,Web,Credit_Card,9,9,4,0,40-50,33.3,2.0,1.0,0.5,187,12,3585.0950000000003,0.2299999999999999,0.5,0.5,0.0,0.0,0,0,0.0,5431.01,1,0,0.0,5431.01,1,0,0.0,7170.1900000000005,2,1,0.5,0
LGS2ORD0033007,C015657,2025-09-19 09:00:00,Male,49,Platinum,Web,Chonburi,577,CallCenter,Bank_Transfer,9,9,4,0,40-50,19.233333333333334,3.0,0.0,0.0,-1,100,14285.080000000002,0.25,0.3333333333333333,0.3333333333333333,0.0,0.0,0,0,0.0,0.0,0,0,0.0,0.0,0,0,0.0,42855.240000000005,3,0,0.0,0
LGS2ORD0033008,C017851,2025-09-19 09:00:00,Male,56,Silver,Shopee,Bangkok,793,Web,Credit_Card,9,9,4,0,>50,26.433333333333334,3.0,1.0,0.3333333333333333,208,69,2478.306666666667,0.2,0.0,0.0,0.0,0.0,0,0,0.0,0.0,0,0,0.0,1862.84,1,0,0.0,7434.92,3,1,0.3333333333333333,0
LGS2ORD0033009,C014675,2025-09-19 10:00:00,Male,32,Silver,TV,Phuket,1160,Web,COD,10,9,4,0,30-40,38.666666666666664,7.0,2.0,0.2857142857142857,27,30,3299.382857142857,0.3,0.42857142857142855,0.7142857142857143,0.0,0.0,0,0,0.0,0.0,0,0,0.0,11370.23,4,1,0.25,23095.68,7,2,0.2857142857142857,0
LGS2ORD0033010,C017786,2025-09-19 10:00:00,Other,50,Silver,Shopee,Bangkok,717,Lazada,COD,10,9,4,0,40-50,23.9,4.0,0.0,0.0,-1,65,6091.6875,0.25,0.5,0.5,0.0,0.0,0,0,0.0,0.0,0,0,0.0,7545.01,1,0,0.0,24366.75,4,0,0.0,0
LGS2ORD0033011,C011636,2025-09-19 10:00:00,Female,38,Gold,Lazada,Phuket,755,Web,COD,10,9,4,0,30-40,25.166666666666668,2.0,0.0,0.0,-1,17,10209.125,0.2299999999999999,0.5,0.5,0.0,0.0,0,0,0.0,12791.42,1,0,0.0,12791.42,1,0,0.0,20418.25,2,0,0.0,0
LGS2ORD0033012,C014480,2025-09-19 10:00:00,Male,18,Platinum,TV,Chiang Mai,888,Shopee,COD,10,9,4,0,<20,29.6,2.0,1.0,0.5,47,45,1297.17,0.25,0.0,0.5,0.0,0.0,0,0,0.0,0.0,0,0,0.0,2594.34,2,1,0.5,2594.34,2,1,0.5,0
LGS2ORD0033013,C016541,2025-09-19 10:00:00,Male,31,Platinum,Shopee,Nakhon Ratchasima,940,TV_Show,Credit_Card,10,9,4,0,30-40,31.333333333333332,4.0,0.0,0.0,-1,59,16391.032499999998,0.35,0.75,0.25,0.0,0.0,0,0,0.0,0.0,0,0,0.0,13021.76,1,0,0.0,65564.12999999999,4,0,0.0,0
LGS2ORD0033014,C015671,2025-09-19 11:00:00,Female,49,Platinum,Web,Khon Kaen,1378,Shopee,Credit_Card,11,9,4,0,40-50,45.93333333333333,1.0,0.0,0.0,-1,104,2962.31,0.2,0.0,0.0,0.0,0.0,0,0,0.0,0.0,0,0,0.0,0.0,0,0,0.0,2962.31,1,0,0.0,0
LGS2ORD0033015,C015084,2025-09-19 11:00:00,Female,30,Bronze,Shopee,Bangkok,403,Lazada,Credit_Card,11,9,4,0,20-30,13.433333333333334,1.0,0.0,0.0,-1,161,2953.44,0.08,0.0,0.0,0.0,0.0,0,0,0.0,0.0,0,0,0.0,0.0,0,0,0.0,2953.44,1,0,0.0,0
LGS2ORD0033016,C017492,2025-09-19 11:00:00,Other,56,Silver,Web,Nakhon Ratchasima,307,Shopee,COD,11,9,4,0,>50,10.233333333333333,9.0,1.0,0.1111111111111111,154,44,6637.3388888888885,0.3,0.7777777777777778,0.2222222222222222,0.0,0.0,0,0,0.0,0.0,0,0,0.0,27838.24,3,0,0.0,59736.049999999996,9,1,0.1111111111111111,0
LGS2ORD0033017,C017567,2025-09-19 11:00:00,Male,55,Bronze,TV,Bangkok,667,Shopee,COD,11,9,4,0,>50,22.233333333333334,5.0,1.0,0.2,248,102,2587.188,0.28,0.6,0.2,0.0,0.0,0,0,0.0,0.0,0,0,0.0,0.0,0,0,0.0,12935.94,5,1,0.2,1
LGS2ORD0033018,C012063,2025-09-19 11:00:00,Female,59,Silver,Shopee,Chiang Mai,1488,Shopee,COD,11,9,4,0,>50,49.6,4.0,0.0,0.0,-1,7,4211.5775,0.3,0.5,0.25,0.0,0.0,0,0,0.0,1178.41,1,0,0.0,1178.41,1,0,0.0,16846.31,4,0,0.0,0
LGS2ORD0033019,C012276,2025-09-19 12:00:00,Male,45,Bronze,Shopee,Bangkok,1170,Shopee,COD,12,9,4,0,40-50,39.0,1.0,0.0,0.0,-1,66,3204.49,0.13,0.0,0.0,0.0,0.0,0,0,0.0,0.0,0,0,0.0,3204.49,1,0,0.0,3204.49,1,0,0.0,0
LGS2ORD0033020,C012376,2025-09-19 12:00:00,Male,44,Bronze,TV,Bangkok,1496,TV_Show,PromptPay,12,9,4,0,40-50,49.86666666666667,3.0,0.0,0.0,-1,7,2020.7133333333334,0.23,0.6666666666666666,0.3333333333333333,0.0,0.0,0,0,0.0,2272.5,1,0,0.0,2272.5,1,0,0.0,6062.14,3,0,0.0,0
LGS2ORD0033021,C014030,2025-09-19 12:00:00,Female,62,Bronze,TV,Khon Kaen,721,Web,Credit_Card,12,9,4,0,>50,24.033333333333335,8.0,2.0,0.25,45,20,3205.5325000000003,0.28,0.875,0.125,0.0,0.0,0,0,0.0,469.15,1,0,0.0,9969.949999999999,4,1,0.25,25644.260000000002,8,2,0.25,0
LGS2ORD0033022,C017064,2025-09-19 12:00:00,Male,46,Silver,Shopee,Songkhla,866,CallCenter,COD,12,9,4,0,40-50,28.866666666666667,5.0,2.0,0.4,75,84,2343.354,0.25,0.4,0.2,0.0,0.0,0,0,0.0,0.0,0,0,0.0,3430.65,1,1,1.0,11716.769999999999,5,2,0.4,0
LGS2ORD0033023,C012106,2025-09-19 12:00:00,Female,51,Silver,CallCenter,Phuket,1021,Web,COD,12,9,4,0,>50,34.03333333333333,2.0,1.0,0.5,184,83,1358.2649999999999,0.3,0.0,1.0,0.0,0.0,0,0,0.0,0.0,0,0,0.0,1254.73,1,0,0.0,2716.5299999999997,2,1,0.5,1
LGS2ORD0033024,C015132,2025-09-19 12:00:00,Female,46,Gold,TV,Nakhon Ratchasima,1648,Web,COD,12,9,4,0,40-50,54.93333333333333,3.0,1.0,0.3333333333333333,147,160,3749.8266666666664,0.13,0.3333333333333333,0.0,0.0,0.0,0,0,0.0,0.0,0,0,0.0,0.0,0,0,0.0,11249.48,3,1,0.3333333333333333,0
LGS2ORD0033025,C012365,2025-09-19 13:00:00,Female,58,Platinum,Lazada,Khon Kaen,723,Shopee,Bank_Transfer,13,9,4,0,>50,24.1,3.0,1.0,0.3333333333333333,211,56,1668.61,0.35,0.6666666666666666,0.3333333333333333,0.0,0.0,0,0,0.0,0.0,0,0,0.0,3216.05,2,0,0.0,5005.83,3,1,0.3333333333333333,0
LGS2ORD0033026,C015792,2025-09-19 13:00:00,Female,26,Silver,CallCenter,Bangkok,1062,TV_Show,COD,13,9,4,0,20-30,35.4,7.0,3.0,0.42857142857142855,54,66,4944.972857142858,0.3,0.5714285714285714,0.2857142857142857,0.0,0.0,0,0,0.0,0.0,0,0,0.0,5499.12,2,1,0.5,34614.810000000005,7,3,0.42857142857142855,0
LGS2ORD0033027,C017269,2025-09-19 13:00:00,Female,51,Bronze,Web,Bangkok,1701,TV_Show,COD,13,9,4,0,>50,56.7,12.0,2.0,0.16666666666666666,66,3,7497.560833333333,0.28,0.5833333333333334,0.16666666666666666,0.0,465.48,1,0,0.0,2086.75,2,0,0.0,56512.030000000006,5,1,0.2,89970.73,12,2,0.16666666666666666,1
LGS2ORD0033028,C016460,2025-09-19 13:00:00,Female,58,Silver,CallCenter,Khon Kaen,679,CallCenter,Credit_Card,13,9,4,0,>50,22.633333333333333,4.0,2.0,0.5,104,107,9882.08,0.2,0.5,0.0,0.0,0.0,0,0,0.0,0.0,0,0,0.0,0.0,0,0,0.0,39528.32,4,2,0.5,1
LGS2ORD0033029,C014846,2025-09-19 13:00:00,Female,37,Gold,Web,Chiang Mai,274,Shopee,Bank_Transfer,13,9,4,0,30-40,9.133333333333333,4.0,1.0,0.25,103,29,4744.6725,0.33,0.5,0.5,0.0,0.0,0,0,0.0,424.78,1,0,0.0,16334.12,2,0,0.0,18978.69,4,1,0.25,0
LGS2ORD0033030,C014907,2025-09-19 14:00:00,Male,50,Gold,CallCenter,Chiang Mai,533,CallCenter,Bank_Transfer,14,9,4,0,40-50,17.766666666666666,5.0,1.0,0.2,174,1,3076.028,0.18,0.4,0.0,0.0,2084.39,1,0,0.0,2084.39,1,0,0.0,2084.39,1,0,0.0,15380.14,5,1,0.2,0
LGS2ORD0033031,C015929,2025-09-19 14:00:00,Female,40,Gold,Web,Bangkok,831,CallCenter,Bank_Transfer,14,9,4,0,30-40,27.7,5.0,2.0,0.4,-6,7,2895.0260000000003,0.33,0.2,0.4,0.0,0.0,0,0,0.0,2380.8,2,1,0.5,2380.8,2,1,0.5,14475.130000000001,5,2,0.4,0
LGS2ORD0033032,C010569,2025-09-19 14:00:00,Female,34,Gold,CallCenter,Bangkok,982,Shopee,PromptPay,14,9,4,0,30-40,32.733333333333334,5.0,0.0,0.0,-1,0,6316.89,0.28,0.4,0.2,0.0,21890.08,1,0,0.0,21890.08,1,0,0.0,21890.08,1,0,0.0,31584.45,5,0,0.0,0
LGS2ORD0033033,C011859,2025-09-19 14:00:00,Female,44,Bronze,Lazada,Bangkok,808,Lazada,COD,14,9,4,0,40-50,26.933333333333334,2.0,0.0,0.0,-1,77,9693.18,0.03,0.5,0.0,0.0,0.0,0,0,0.0,0.0,0,0,0.0,17675.66,1,0,0.0,19386.36,2,0,0.0,0
LGS2ORD0033034,C011394,2025-09-19 14:00:00,Male,49,Silver,Web,Chiang Mai,1691,Lazada,Credit_Card,14,9,4,0,40-50,56.36666666666667,4.0,1.0,0.25,18,31,4917.435,0.3,0.5,0.5,0.0,0.0,0,0,0.0,0.0,0,0,0.0,17330.02,2,1,0.5,19669.74,4,1,0.25,0
LGS2ORD0033035,C014474,2025-09-19 15:00:00,Female,52,Bronze,TV,Khon Kaen,1501,Lazada,COD,15,9,4,0,>50,50.03333333333333,14.0,2.0,0.14285714285714285,136,8,4305.187142857143,0.28,0.7142857142857143,0.35714285714285715,0.07142857142857142,0.0,0,0,0.0,862.25,1,0,0.0,8976.7,5,0,0.0,60272.62,14,2,0.14285714285714285,0
LGS2ORD0033036,C013515,2025-09-19 15:00:00,Male,32,Bronze,TV,Remote_Area,482,Web,COD,15,9,4,0,30-40,16.066666666666666,9.0,5.0,0.5555555555555556,1,2,2777.862222222222,0.28,0.6666666666666666,0.1111111111111111,0.0,6211.44,1,0,0.0,7040.42,2,1,0.5,8291.21,3,2,0.6666666666666666,25000.76,9,5,0.5555555555555556,1
LGS2ORD0033037,C015037,2025-09-19 15:00:00,Female,48,Bronze,Lazada,Khon Kaen,942,TV_Show,Bank_Transfer,15,9,4,0,40-50,31.4,3.0,0.0,0.0,-1,78,1270.6233333333332,0.18,0.6666666666666666,0.0,0.0,0.0,0,0,0.0,0.0,0,0,0.0,1396.09,1,0,0.0,3811.87,3,0,0.0,0
LGS2ORD0033038,C015270,2025-09-19 15:00:00,Male,49,Silver,TV,Khon Kaen,1431,Lazada,COD,15,9,4,0,40-50,47.7,7.0,1.0,0.14285714285714285,122,0,4703.648571428572,0.25,0.5714285714285714,0.14285714285714285,0.0,2360.12,1,0,0.0,9053.84,2,0,0.0,9053.84,2,0,0.0,32925.54,7,1,0.14285714285714285,0
LGS2ORD0033039,C014917,2025-09-19 15:00:00,Female,56,Gold,TV,Songkhla,913,TV_Show,COD,15,9,4,0,>50,30.433333333333334,5.0,0.0,0.0,-1,16,7042.701999999999,0.28,0.4,0.4,0.0,0.0,0,0,0.0,3940.56,1,0,0.0,4803.41,2,0,0.0,35213.509999999995,5,0,0.0,0
LGS2ORD0033040,C012999,2025-09-19 16:00:00,Male,35,Silver,Lazada,Chiang Mai,1656,Shopee,Credit_Card,16,9,4,0,30-40,55.2,3.0,0.0,0.0,-1,90,1781.6200000000001,0.25,1.0,0.6666666666666666,0.0,0.0,0,0,0.0,0.0,0,0,0.0,0.0,0,0,0.0,5344.860000000001,3,0,0.0,0
LGS2ORD0033041,C011991,2025-09-19 16:00:00,Male,33,Platinum,Web,Bangkok,1580,TV_Show,COD,16,9,4,0,30-40,52.666666666666664,2.0,0.0,0.0,-1,20,4240.925,0.2,0.5,0.0,0.0,0.0,0,0,0.0,6874.38,1,0,0.0,6874.38,1,0,0.0,8481.85,2,0,0.0,1
LGS2ORD0033042,C010898,2025-09-19 16:00:00,Female,55,Bronze,Shopee,Songkhla,1226,Lazada,Credit_Card,16,9,4,0,>50,40.86666666666667,7.0,3.0,0.42857142857142855,14,26,6327.047142857143,0.28,0.8571428571428571,0.2857142857142857,0.0,0.0,0,0,0.0,17682.47,1,1,1.0,24269.22,3,2,0.6666666666666666,44289.33,7,3,0.42857142857142855,0
LGS2ORD0033043,C017305,2025-09-19 16:00:00,Male,38,Gold,Web,Khon Kaen,379,Shopee,COD,16,9,4,0,30-40,12.633333333333333,2.0,1.0,0.5,214,222,5401.224999999999,0.33,0.5,1.0,0.0,0.0,0,0,0.0,0.0,0,0,0.0,0.0,0,0,0.0,10802.449999999999,2,1,0.5,1
LGS2ORD0033044,C013288,2025-09-19 16:00:00,Female,34,Bronze,Lazada,Bangkok,1481,Shopee,COD,16,9,4,0,30-40,49.36666666666667,7.0,1.0,0.14285714285714285,78,34,5325.384285714286,0.23,0.42857142857142855,0.2857142857142857,0.0,0.0,0,0,0.0,0.0,0,0,0.0,9540.41,3,1,0.3333333333333333,37277.69,7,1,0.14285714285714285,1
LGS2ORD0033045,C017279,2025-09-19 16:00:00,Female,38,Platinum,Shopee,Bangkok,1507,CallCenter,PromptPay,16,9,4,0,30-40,50.233333333333334,1.0,1.0,1.0,84,96,10587.14,0.3,0.0,1.0,0.0,0.0,0,0,0.0,0.0,0,0,0.0,0.0,0,0,0.0,10587.14,1,1,1.0,0
LGS2ORD0033046,C011644,2025-09-19 17:00:00,Female,60,Platinum,Shopee,Chiang Mai,474,Web,COD,17,9,4,0,>50,15.8,3.0,1.0,0.3333333333333333,147,50,9743.383333333333,0.35,0.3333333333333333,0.6666666666666666,0.0,0.0,0,0,0.0,0.0,0,0,0.0,23310.29,1,0,0.0,29230.15,3,1,0.3333333333333333,0
LGS2ORD0033047,C012276,2025-09-19 17:00:00,Male,45,Bronze,Shopee,Bangkok,1170,Shopee,Bank_Transfer,17,9,4,0,40-50,39.0,2.0,0.0,0.0,-1,0,2104.965,0.28,0.5,0.5,0.0,1005.44,1,0,0.0,1005.44,1,0,0.0,4209.93,2,0,0.0,4209.93,2,0,0.0,0
LGS2ORD0033048,C013461,2025-09-19 17:00:00,Female,47,Bronze,CallCenter,Bangkok,311,CallCenter,COD,17,9,4,0,40-50,10.366666666666667,8.0,1.0,0.125,9,6,4371.588750000001,0.28,0.375,0.375,0.0,12552.92,1,0,0.0,15527.67,2,1,0.5,15527.67,2,1,0.5,34972.71000000001,8,1,0.125,0
LGS2ORD0033049,C015473,2025-09-19 17:00:00,Male,31,Bronze,Web,Chonburi,929,Web,COD,17,9,4,0,30-40,30.966666666666665,4.0,2.0,0.5,178,94,8210.765,0.23,0.5,0.25,0.0,0.0,0,0,0.0,0.0,0,0,0.0,0.0,0,0,0.0,32843.06,4,2,0.5,0
LGS2ORD0033050,C010561,2025-09-19 17:00:00,Male,24,Bronze,Web,Phuket,539,Web,Credit_Card,17,9,4,0,20-30,17.966666666666665,2.0,1.0,0.5,125,138,3030.5550000000003,0.08,0.5,0.0,0.0,0.0,0,0,0.0,0.0,0,0,0.0,0.0,0,0,0.0,6061.110000000001,2,1,0.5,1
LGS2ORD0033051,C010066,2025-09-19 18:00:00,Female,45,Gold,TV,Bangkok,1003,Web,PromptPay,18,9,4,0,40-50,33.43333333333333,7.0,0.0,0.0,-1,3,5961.434285714285,0.33,0.42857142857142855,0.5714285714285714,0.0,1633.11,1,0,0.0,1633.11,1,0,0.0,7874.44,3,0,0.0,41730.03999999999,7,0,0.0,0
LGS2ORD0033052,C012888,2025-09-19 18:00:00,Female,45,Silver,TV,Bangkok,498,TV_Show,Credit_Card,18,9,4,0,40-50,16.6,5.0,0.0,0.0,-1,69,4587.414,0.3,0.6,0.8,0.0,0.0,0,0,0.0,0.0,0,0,0.0,12475.64,1,0,0.0,22937.07,5,0,0.0,0
LGS2ORD0033053,C013879,2025-09-19 18:00:00,Female,43,Bronze,TV,Chiang Mai,1231,Web,COD,18,9,4,0,40-50,41.03333333333333,4.0,3.0,0.75,144,76,5287.4075,0.23,0.25,0.25,0.0,0.0,0,0,0.0,0.0,0,0,0.0,853.77,1,0,0.0,21149.63,4,3,0.75,0
LGS2ORD0033054,C010454,2025-09-19 18:00:00,Male,46,Bronze,CallCenter,Khon Kaen,892,Web,COD,18,9,4,0,40-50,29.733333333333334,5.0,2.0,0.4,12,17,4498.782,0.18,0.6,0.0,0.0,0.0,0,0,0.0,16206.07,1,1,1.0,19871.809999999998,2,1,0.5,22493.91,5,2,0.4,0
LGS2ORD0033055,C013131,2025-09-19 18:00:00,Female,55,Silver,TV,Chiang Mai,791,TV_Show,COD,18,9,4,0,>50,26.366666666666667,4.0,0.0,0.0,-1,4,6213.67,0.3,0.25,0.5,0.0,3443.87,1,0,0.0,3443.87,1,0,0.0,16843.06,2,0,0.0,24854.68,4,0,0.0,0
LGS2ORD0033056,C016394,2025-09-19 19:00:00,Male,34,Silver,Web,Remote_Area,1260,TV_Show,COD,19,9,4,0,30-40,42.0,6.0,1.0,0.16666666666666666,239,4,3998.853333333333,0.3,0.3333333333333333,0.3333333333333333,0.0,908.69,1,0,0.0,2239.31,2,0,0.0,2239.31,2,0,0.0,23993.12,6,1,0.16666666666666666,0
LGS2ORD0033057,C017551,2025-09-19 19:00:00,Female,32,Silver,Web,Khon Kaen,1500,Lazada,COD,19,9,4,0,30-40,50.0,0.0,0.0,0.0,-1,-1,0.0,0.0,0.0,0.0,0.0,0.0,0,0,0.0,0.0,0,0,0.0,0.0,0,0,0.0,0.0,0,0,0.0,0
LGS2ORD0033058,C017634,2025-09-19 19:00:00,Male,48,Bronze,Web,Khon Kaen,1119,TV_Show,COD,19,9,4,0,40-50,37.3,2.0,1.0,0.5,132,144,3774.645,0.18,1.0,0.0,0.0,0.0,0,0,0.0,0.0,0,0,0.0,0.0,0,0,0.0,7549.29,2,1,0.5,0
LGS2ORD0033059,C014497,2025-09-19 19:00:00,Male,44,Bronze,Web,Chiang Mai,1478,Web,PromptPay,19,9,4,0,40-50,49.266666666666666,10.0,1.0,0.1,175,19,5475.607,0.28,0.7,0.5,0.0,0.0,0,0,0.0,16660.18,3,0,0.0,20734.23,4,0,0.0,54756.07,10,1,0.1,0
LGS2ORD0033060,C015849,2025-09-19 19:00:00,Female,43,Bronze,CallCenter,Khon Kaen,855,Web,Credit_Card,19,9,4,0,40-50,28.5,4.0,1.0,0.25,175,30,7285.9925,0.28,0.5,0.75,0.0,0.0,0,0,0.0,0.0,0,0,0.0,13269.41,2,0,0.0,29143.97,4,1,0.25,0
LGS2ORD0033061,C017307,2025-09-19 20:00:00,Female,52,Silver,TV,Chiang Mai,449,Web,PromptPay,20,9,4,0,>50,14.966666666666667,2.0,1.0,0.5,204,78,1662.835,0.25,0.5,0.5,0.0,0.0,0,0,0.0,0.0,0,0,0.0,1360.35,1,0,0.0,3325.67,2,1,0.5,0
LGS2ORD0033062,C014328,2025-09-19 20:00:00,Male,39,Bronze,Web,Bangkok,1171,Web,COD,20,9,4,0,30-40,39.03333333333333,0.0,0.0,0.0,-1,-1,0.0,0.0,0.0,0.0,0.0,0.0,0,0,0.0,0.0,0,0,0.0,0.0,0,0,0.0,0.0,0,0,0.0,0
LGS2ORD0033063,C016483,2025-09-19 20:00:00,Other,59,Bronze,Shopee,Phuket,327,CallCenter,COD,20,9,4,0,>50,10.9,9.0,6.0,0.6666666666666666,-10,4,5159.803333333333,0.28,0.7777777777777778,0.4444444444444444,0.0,1213.3,1,1,1.0,4723.63,3,3,1.0,6198.56,4,4,1.0,46438.23,9,6,0.6666666666666666,0
LGS2ORD0033064,C017253,2025-09-19 20:00:00,Male,18,Silver,Web,Khon Kaen,515,Shopee,Credit_Card,20,9,4,0,<20,17.166666666666668,4.0,1.0,0.25,177,80,14992.215,0.2,0.25,0.0,0.0,0.0,0,0,0.0,0.0,0,0,0.0,38085.38,1,0,0.0,59968.86,4,1,0.25,1
LGS2ORD0033065,C011800,2025-09-19 20:00:00,Female,56,Gold,TV,Chonburi,1194,TV_Show,Credit_Card,20,9,4,0,>50,39.8,5.0,3.0,0.6,91,95,3930.558,0.28,0.6,0.6,0.0,0.0,0,0,0.0,0.0,0,0,0.0,0.0,0,0,0.0,19652.79,5,3,0.6,0
LGS2ORD0033066,C013687,2025-09-19 20:00:00,Male,30,Silver,Lazada,Chonburi,1190,Shopee,Credit_Card,20,9,4,0,20-30,39.666666666666664,1.0,0.0,0.0,-1,150,2222.29,0.05,1.0,0.0,0.0,0.0,0,0,0.0,0.0,0,0,0.0,0.0,0,0,0.0,2222.29,1,0,0.0,0
LGS2ORD0033067,C011472,2025-09-19 21:00:00,Male,22,Bronze,Lazada,Chonburi,391,TV_Show,Bank_Transfer,21,9,4,0,20-30,13.033333333333333,5.0,1.0,0.2,25,38,6384.219999999999,0.23,0.6,0.2,0.0,0.0,0,0,0.0,0.0,0,0,0.0,6034.33,1,1,1.0,31921.1,5,1,0.2,0
LGS2ORD0033068,C015012,2025-09-19 21:00:00,Female,55,Silver,Web,Khon Kaen,585,TV_Show,COD,21,9,4,0,>50,19.5,6.0,2.0,0.3333333333333333,81,59,8049.886666666665,0.25,0.5,0.16666666666666666,0.0,0.0,0,0,0.0,0.0,0,0,0.0,20148.79,2,1,0.5,48299.31999999999,6,2,0.3333333333333333,0
LGS2ORD0033069,C012795,2025-09-19 21:00:00,Other,41,Silver,Web,Chonburi,1384,Web,COD,21,9,4,0,40-50,46.13333333333333,2.0,1.0,0.5,238,92,8375.08,0.2,1.0,0.0,0.0,0.0,0,0,0.0,0.0,0,0,0.0,0.0,0,0,0.0,16750.16,2,1,0.5,0
LGS2ORD0033070,C011584,2025-09-19 21:00:00,Male,51,Bronze,Web,Nakhon Ratchasima,354,CallCenter,COD,21,9,4,0,>50,11.8,1.0,0.0,0.0,-1,191,1558.42,0.03,0.0,0.0,0.0,0.0,0,0,0.0,0.0,0,0,0.0,0.0,0,0,0.0,1558.42,1,0,0.0,0
LGS2ORD0033071,C017830,2025-09-19 21:00:00,Male,50,Bronze,CallCenter,Phuket,1538,CallCenter,COD,21,9,4,0,40-50,51.266666666666666,7.0,4.0,0.5714285714285714,6,22,7955.181428571429,0.23,0.7142857142857143,0.14285714285714285,0.0,0.0,0,0,0.0,989.75,1,1,1.0,7416.47,2,1,0.5,55686.270000000004,7,4,0.5714285714285714,0
LGS2ORD0033072,C011454,2025-09-19 22:00:00,Male,25,Silver,TV,Phuket,1146,TV_Show,COD,22,9,4,0,20-30,38.2,3.0,1.0,0.3333333333333333,184,101,1919.0600000000002,0.1,0.3333333333333333,0.0,0.0,0.0,0,0,0.0,0.0,0,0,0.0,0.0,0,0,0.0,5757.18,3,1,0.3333333333333333,0
LGS2ORD0033073,C014821,2025-09-19 22:00:00,Female,38,Bronze,TV,Bangkok,614,CallCenter,COD,22,9,4,0,30-40,20.466666666666665,6.0,3.0,0.5,101,33,8630.878333333332,0.23,0.8333333333333334,0.16666666666666666,0.0,0.0,0,0,0.0,0.0,0,0,0.0,615.09,1,0,0.0,51785.27,6,3,0.5,0
LGS2ORD0033074,C013046,2025-09-19 22:00:00,Male,72,Bronze,TV,Remote_Area,897,TV_Show,COD,22,9,4,0,>50,29.9,3.0,2.0,0.6666666666666666,59,32,3473.9466666666667,0.18,0.6666666666666666,0.0,0.0,0.0,0,0,0.0,0.0,0,0,0.0,3286.13,2,1,0.5,10421.84,3,2,0.6666666666666666,0
LGS2ORD0033075,C015338,2025-09-19 22:00:00,Female,45,Silver,Web,Chonburi,469,Shopee,Credit_Card,22,9,4,0,40-50,15.633333333333333,6.0,1.0,0.16666666666666666,80,2,3497.013333333333,0.2,0.3333333333333333,0.0,0.0,403.3,1,0,0.0,403.3,1,0,0.0,1136.72,2,0,0.0,20982.079999999998,6,1,0.16666666666666666,1
LGS2ORD0033076,C012764,2025-09-19 22:00:00,Female,61,Bronze,Shopee,Bangkok,286,TV_Show,Credit_Card,22,9,4,0,>50,9.533333333333333,7.0,3.0,0.42857142857142855,12,24,6971.151428571428,0.28,0.2857142857142857,0.5714285714285714,0.0,0.0,0,0,0.0,20246.24,1,1,1.0,34054.57000000001,4,2,0.5,48798.06,7,3,0.42857142857142855,1
LGS2ORD0033077,C012342,2025-09-19 23:00:00,Other,43,Platinum,Lazada,Bangkok,1409,CallCenter,PromptPay,23,9,4,0,40-50,46.96666666666667,6.0,0.0,0.0,-1,17,10757.411666666667,0.25,0.6666666666666666,0.3333333333333333,0.0,0.0,0,0,0.0,1096.5,1,0,0.0,12327.65,2,0,0.0,64544.47,6,0,0.0,0
LGS2ORD0033078,C011664,2025-09-19 23:00:00,Female,18,Gold,Web,Bangkok,1541,Lazada,COD,23,9,4,0,<20,51.36666666666667,6.0,1.0,0.16666666666666666,-6,1,3687.4900000000002,0.28,0.3333333333333333,0.6666666666666666,0.0,7209.78,2,1,0.5,7209.78,2,1,0.5,7209.78,2,1,0.5,22124.940000000002,6,1,0.16666666666666666,0
LGS2ORD0033079,C012786,2025-09-19 23:00:00,Male,26,Gold,Web,Chiang Mai,438,Web,PromptPay,23,9,4,0,20-30,14.6,5.0,1.0,0.2,65,69,5031.838,0.33,0.6,0.8,0.0,0.0,0,0,0.0,0.0,0,0,0.0,6496.18,2,1,0.5,25159.19,5,1,0.2,0
LGS2ORD0033080,C013869,2025-09-19 23:00:00,Female,51,Bronze,TV,Bangkok,917,Web,COD,23,9,4,0,>50,30.566666666666666,2.0,0.0,0.0,-1,20,2154.175,0.03,1.0,0.0,0.0,0.0,0,0,0.0,2106.74,1,0,0.0,4308.35,2,0,0.0,4308.35,2,0,0.0,1
LGS2ORD0033081,C012670,2025-09-19 23:00:00,Male,34,Bronze,TV,Chonburi,461,Web,Credit_Card,23,9,4,0,30-40,15.366666666666667,5.0,2.0,0.4,1,8,3743.6639999999998,0.28,0.8,0.4,0.0,0.0,0,0,0.0,8489.82,3,2,0.6666666666666666,8489.82,3,2,0.6666666666666666,18718.32,5,2,0.4,0
LGS2ORD0033082,C011167,2025-09-20 00:00:00,Female,42,Silver,Web,Chiang Mai,1218,Web,Credit_Card,0,9,5,1,40-50,40.6,9.0,2.0,0.2222222222222222,161,13,3504.44,0.25,0.7777777777777778,0.2222222222222222,0.1111111111111111,0.0,0,0,0.0,3099.46,1,0,0.0,23842.59,3,0,0.0,31539.96,9,2,0.2222222222222222,0
LGS2ORD0033083,C011833,2025-09-20 00:00:00,Female,37,Bronze,Lazada,Remote_Area,1120,Web,PromptPay,0,9,5,1,30-40,37.333333333333336,3.0,1.0,0.3333333333333333,231,53,2332.7466666666664,0.23,1.0,0.3333333333333333,0.0,0.0,0,0,0.0,0.0,0,0,0.0,4779.1,1,0,0.0,6998.24,3,1,0.3333333333333333,0
LGS2ORD0033084,C017169,2025-09-20 00:00:00,Male,33,Gold,TV,Bangkok,289,Shopee,COD,0,9,5,1,30-40,9.633333333333333,2.0,2.0,1.0,201,207,6877.215,0.28,0.0,1.0,0.0,0.0,0,0,0.0,0.0,0,0,0.0,0.0,0,0,0.0,13754.43,2,2,1.0,0
LGS2ORD0033085,C011578,2025-09-20 00:00:00,Male,49,Bronze,Lazada,Chiang Mai,1308,Lazada,COD,0,9,5,1,40-50,43.6,6.0,1.0,0.16666666666666666,121,1,8678.005000000001,0.23,0.5,0.16666666666666666,0.0,558.94,1,0,0.0,6052.9,2,0,0.0,6052.9,2,0,0.0,52068.030000000006,6,1,0.16666666666666666,0
LGS2ORD0033086,C013124,2025-09-20 00:00:00,Female,48,Gold,TV,Chiang Mai,1557,Shopee,COD,0,9,5,1,40-50,51.9,2.0,0.0,0.0,-1,12,5767.67,0.13,0.5,0.0,0.0,0.0,0,0,0.0,7923.14,1,0,0.0,7923.14,1,0,0.0,11535.34,2,0,0.0,0
LGS2ORD0033087,C010867,2025-09-20 00:00:00,Male,68,Gold,Web,Bangkok,560,Lazada,PromptPay,0,9,5,1,>50,18.666666666666668,0.0,0.0,0.0,-1,-1,0.0,0.0,0.0,0.0,0.0,0.0,0,0,0.0,0.0,0,0,0.0,0.0,0,0,0.0,0.0,0,0,0.0,0
LGS2ORD0033088,C012126,2025-09-20 01:00:00,Female,45,Gold,TV,Phuket,1431,Lazada,COD,1,9,5,1,40-50,47.7,3.0,0.0,0.0,-1,17,12758.266666666668,0.28,0.3333333333333333,0.3333333333333333,0.0,0.0,0,0,0.0,3677.09,1,0,0.0,38274.8,3,0,0.0,38274.8,3,0,0.0,0
LGS2ORD0033089,C017366,2025-09-20 01:00:00,Female,32,Bronze,Shopee,Chonburi,1523,CallCenter,Credit_Card,1,9,5,1,30-40,50.766666666666666,2.0,0.0,0.0,-1,52,2139.54,0.18,0.5,0.0,0.0,0.0,0,0,0.0,0.0,0,0,0.0,864.42,1,0,0.0,4279.08,2,0,0.0,0
LGS2ORD0033090,C015050,2025-09-20 01:00:00,Female,37,Silver,TV,Songkhla,844,Lazada,COD,1,9,5,1,30-40,28.133333333333333,5.0,1.0,0.2,85,0,3760.8619999999996,0.25,0.4,0.4,0.0,1665.86,1,0,0.0,1665.86,1,0,0.0,2218.64,2,0,0.0,18804.309999999998,5,1,0.2,1
LGS2ORD0033091,C011555,2025-09-20 01:00:00,Female,31,Silver,Web,Phuket,933,Shopee,COD,1,9,5,1,30-40,31.1,8.0,4.0,0.5,42,48,4710.04125,0.3,0.5,0.375,0.0,0.0,0,0,0.0,0.0,0,0,0.0,6037.8,3,2,0.6666666666666666,37680.33,8,4,0.5,1
LGS2ORD0033092,C011881,2025-09-20 01:00:00,Male,36,Silver,Web,Nakhon Ratchasima,1473,Web,COD,1,9,5,1,30-40,49.1,6.0,0.0,0.0,-1,137,6394.419999999999,0.25,0.3333333333333333,0.3333333333333333,0.0,0.0,0,0,0.0,0.0,0,0,0.0,0.0,0,0,0.0,38366.52,6,0,0.0,0
LGS2ORD0033093,C010276,2025-09-20 02:00:00,Female,18,Bronze,TV,Chonburi,1075,TV_Show,PromptPay,2,9,5,1,<20,35.833333333333336,6.0,3.0,0.5,37,51,4736.213333333334,0.23,0.5,0.3333333333333333,0.0,0.0,0,0,0.0,0.0,0,0,0.0,4625.91,2,2,1.0,28417.280000000002,6,3,0.5,1
LGS2ORD0033094,C016940,2025-09-20 02:00:00,Male,41,Bronze,Shopee,Phuket,626,Lazada,COD,2,9,5,1,40-50,20.866666666666667,5.0,1.0,0.2,134,106,3944.064,0.18,0.6,0.0,0.0,0.0,0,0,0.0,0.0,0,0,0.0,0.0,0,0,0.0,19720.32,5,1,0.2,0
LGS2ORD0033095,C015408,2025-09-20 02:00:00,Male,68,Silver,Shopee,Chiang Mai,340,CallCenter,COD,2,9,5,1,>50,11.333333333333334,9.0,2.0,0.2222222222222222,31,3,6665.384444444444,0.3,0.5555555555555556,0.3333333333333333,0.0,2173.81,1,0,0.0,2173.81,1,0,0.0,26832.77,3,1,0.3333333333333333,59988.46,9,2,0.2222222222222222,0
LGS2ORD0033096,C017898,2025-09-20 02:00:00,Female,45,Bronze,TV,Bangkok,1110,Web,COD,2,9,5,1,40-50,37.0,7.0,2.0,0.2857142857142857,95,46,3200.674285714286,0.23,0.7142857142857143,0.14285714285714285,0.0,0.0,0,0,0.0,0.0,0,0,0.0,9429.47,1,0,0.0,22404.72,7,2,0.2857142857142857,0
LGS2ORD0033097,C014422,2025-09-20 02:00:00,Male,39,Silver,Web,Chonburi,1588,Web,COD,2,9,5,1,30-40,52.93333333333333,1.0,1.0,1.0,17,30,3327.13,0.25,1.0,1.0,0.0,0.0,0,0,0.0,0.0,0,0,0.0,3327.13,1,1,1.0,3327.13,1,1,1.0,0
LGS2ORD0033098,C017007,2025-09-20 03:00:00,Male,39,Bronze,CallCenter,Chonburi,953,Web,Credit_Card,3,9,5,1,30-40,31.766666666666666,4.0,0.0,0.0,-1,8,1994.2925,0.23,0.75,0.25,0.0,0.0,0,0,0.0,4844.02,1,0,0.0,4844.02,1,0,0.0,7977.17,4,0,0.0,0
LGS2ORD0033099,C013185,2025-09-20 03:00:00,Female,39,Gold,TV,Bangkok,1435,Shopee,Bank_Transfer,3,9,5,1,30-40,47.833333333333336,2.0,0.0,0.0,-1,92,5169.74,0.33,1.0,1.0,0.0,0.0,0,0,0.0,0.0,0,0,0.0,0.0,0,0,0.0,10339.48,2,0,0.0,0
LGS2ORD0033100,C015216,2025-09-20 03:00:00,Female,45,Bronze,TV,Chiang Mai,876,Shopee,PromptPay,3,9,5,1,40-50,29.2,3.0,0.0,0.0,-1,155,5110.916666666667,0.23,0.3333333333333333,0.3333333333333333,0.0,0.0,0,0,0.0,0.0,0,0,0.0,0.0,0,0,0.0,15332.75,3,0,0.0,0
LGS2ORD0033101,C017931,2025-09-20 03:00:00,Female,72,Gold,Shopee,Chiang Mai,368,Web,COD,3,9,5,1,>50,12.266666666666667,6.0,2.0,0.3333333333333333,44,53,2264.4133333333334,0.28,0.16666666666666666,0.5,0.0,0.0,0,0,0.0,0.0,0,0,0.0,1382.44,1,1,1.0,13586.480000000001,6,2,0.3333333333333333,0
LGS2ORD0033102,C016883,2025-09-20 03:00:00,Male,28,Silver,Web,Bangkok,556,Web,Credit_Card,3,9,5,1,20-30,18.533333333333335,4.0,2.0,0.5,119,126,3469.23,0.25,0.25,0.25,0.0,0.0,0,0,0.0,0.0,0,0,0.0,0.0,0,0,0.0,13876.92,4,2,0.5,0
LGS2ORD0033103,C011764,2025-09-20 03:00:00,Female,66,Bronze,TV,Remote_Area,1673,CallCenter,COD,3,9,5,1,>50,55.766666666666666,3.0,1.0,0.3333333333333333,127,138,3547.0166666666664,0.23,0.6666666666666666,0.3333333333333333,0.0,0.0,0,0,0.0,0.0,0,0,0.0,0.0,0,0,0.0,10641.05,3,1,0.3333333333333333,1
LGS2ORD0033104,C015010,2025-09-20 04:00:00,Female,41,Bronze,Shopee,Bangkok,470,TV_Show,Credit_Card,4,9,5,1,40-50,15.666666666666666,4.0,0.0,0.0,-1,1,4274.9775,0.28,0.25,0.25,0.0,3756.27,1,0,0.0,3756.27,1,0,0.0,8830.83,2,0,0.0,17099.91,4,0,0.0,1
LGS2ORD0033105,C016686,2025-09-20 04:00:00,Male,48,Bronze,Shopee,Nakhon Ratchasima,897,Web,Credit_Card,4,9,5,1,40-50,29.9,1.0,0.0,0.0,-1,52,4353.23,0.03,1.0,0.0,0.0,0.0,0,0,0.0,0.0,0,0,0.0,4353.23,1,0,0.0,4353.23,1,0,0.0,0
LGS2ORD0033106,C012651,2025-09-20 04:00:00,Male,27,Silver,Web,Bangkok,676,Web,Bank_Transfer,4,9,5,1,20-30,22.533333333333335,2.0,0.0,0.0,-1,53,4827.96,0.05,0.5,0.0,0.0,0.0,0,0,0.0,0.0,0,0,0.0,4531.91,1,0,0.0,9655.92,2,0,0.0,0
LGS2ORD0033107,C012219,2025-09-20 04:00:00,Female,42,Silver,TV,Bangkok,1132,Lazada,COD,4,9,5,1,40-50,37.733333333333334,4.0,1.0,0.25,138,8,7961.98,0.3,0.75,0.25,0.0,0.0,0,0,0.0,7346.22,2,0,0.0,7346.22,2,0,0.0,31847.92,4,1,0.25,0
LGS2ORD0033108,C012616,2025-09-20 04:00:00,Male,45,Bronze,Shopee,Khon Kaen,906,Web,COD,4,9,5,1,40-50,30.2,1.0,0.0,0.0,-1,95,11627.52,0.23,1.0,1.0,0.0,0.0,0,0,0.0,0.0,0,0,0.0,0.0,0,0,0.0,11627.52,1,0,0.0,0
LGS2ORD0033109,C017950,2025-09-20 05:00:00,Male,63,Bronze,Shopee,Chiang Mai,549,TV_Show,Credit_Card,5,9,5,1,>50,18.3,7.0,3.0,0.42857142857142855,8,19,2772.0085714285715,0.28,0.5714285714285714,0.42857142857142855,0.0,0.0,0,0,0.0,3560.96,1,1,1.0,12309.95,4,2,0.5,19404.06,7,3,0.42857142857142855,0
LGS2ORD0033110,C011616,2025-09-20 05:00:00,Male,57,Silver,Shopee,Remote_Area,599,Web,COD,5,9,5,1,>50,19.966666666666665,4.0,1.0,0.25,9,16,2228.4125,0.25,1.0,0.25,0.0,0.0,0,0,0.0,2495.95,1,1,1.0,6492.23,3,1,0.3333333333333333,8913.65,4,1,0.25,0
LGS2ORD0033111,C015663,2025-09-20 05:00:00,Female,54,Bronze,CallCenter,Chiang Mai,1298,TV_Show,COD,5,9,5,1,>50,43.266666666666666,4.0,2.0,0.5,39,44,8104.05,0.28,0.25,0.25,0.0,0.0,0,0,0.0,0.0,0,0,0.0,9258.41,2,1,0.5,32416.2,4,2,0.5,0
LGS2ORD0033112,C013509,2025-09-20 05:00:00,Male,42,Platinum,TV,Chiang Mai,1418,TV_Show,COD,5,9,5,1,40-50,47.266666666666666,6.0,0.0,0.0,-1,27,2312.7533333333336,0.35,0.16666666666666666,0.8333333333333334,0.0,0.0,0,0,0.0,5017.75,2,0,0.0,5614.63,3,0,0.0,13876.52,6,0,0.0,0
LGS2ORD0033113,C012531,2025-09-20 05:00:00,Female,38,Bronze,Web,Phuket,1297,TV_Show,Credit_Card,5,9,5,1,30-40,43.233333333333334,3.0,1.0,0.3333333333333333,202,62,4009.85,0.18,1.0,0.0,0.0,0.0,0,0,0.0,0.0,0,0,0.0,3302.9,1,0,0.0,12029.55,3,1,0.3333333333333333,1
LGS2ORD0033114,C016399,2025-09-20 06:00:00,Male,59,Gold,TV,Chonburi,488,Shopee,COD,6,9,5,1,>50,16.266666666666666,4.0,1.0,0.25,239,7,1568.7575,0.28,0.5,0.5,0.0,0.0,0,0,0.0,1597.28,1,0,0.0,1597.28,1,0,0.0,6275.03,4,1,0.25,0
LGS2ORD0033115,C016138,2025-09-20 06:00:00,Female,66,Silver,TV,Bangkok,1456,CallCenter,COD,6,9,5,1,>50,48.53333333333333,6.0,2.0,0.3333333333333333,4,15,4831.715,0.2,0.6666666666666666,0.0,0.0,0.0,0,0,0.0,1686.99,1,1,1.0,2345.65,2,1,0.5,28990.29,6,2,0.3333333333333333,0
LGS2ORD0033116,C012778,2025-09-20 06:00:00,Male,42,Bronze,TV,Bangkok,448,Lazada,COD,6,9,5,1,40-50,14.933333333333334,1.0,0.0,0.0,-1,92,1189.52,0.18,1.0,0.0,0.0,0.0,0,0,0.0,0.0,0,0,0.0,0.0,0,0,0.0,1189.52,1,0,0.0,0
LGS2ORD0033117,C017067,2025-09-20 06:00:00,Female,27,Silver,Shopee,Remote_Area,1665,Web,COD,6,9,5,1,20-30,55.5,9.0,1.0,0.1111111111111111,197,4,3351.6266666666666,0.3,0.4444444444444444,0.3333333333333333,0.0,1051.48,1,0,0.0,1051.48,1,0,0.0,2628.6400000000003,2,0,0.0,30164.64,9,1,0.1111111111111111,1
LGS2ORD0033118,C017495,2025-09-20 06:00:00,Male,24,Bronze,CallCenter,Bangkok,958,TV_Show,Credit_Card,6,9,5,1,20-30,31.933333333333334,4.0,2.0,0.5,88,1,4670.0375,0.18,0.25,0.0,0.0,3261.29,1,0,0.0,5376.66,2,0,0.0,5376.66,2,0,0.0,18680.15,4,2,0.5,0
LGS2ORD0033119,C012081,2025-09-20 07:00:00,Male,62,Bronze,Web,Phuket,1622,Web,COD,7,9,5,1,>50,54.06666666666667,1.0,0.0,0.0,-1,54,1782.68,0.23,0.0,1.0,0.0,0.0,0,0,0.0,0.0,0,0,0.0,1782.68,1,0,0.0,1782.68,1,0,0.0,0
LGS2ORD0033120,C013404,2025-09-20 07:00:00,Female,42,Bronze,Web,Chonburi,1094,CallCenter,Credit_Card,7,9,5,1,40-50,36.46666666666667,7.0,2.0,0.2857142857142857,28,18,7596.51,0.23,0.2857142857142857,0.14285714285714285,0.0,0.0,0,0,0.0,444.07,1,0,0.0,12787.46,4,2,0.5,53175.57,7,2,0.2857142857142857,1
LGS2ORD0033121,C014956,2025-09-20 07:00:00,Female,27,Bronze,TV,Phuket,443,Shopee,Credit_Card,7,9,5,1,20-30,14.766666666666667,6.0,2.0,0.3333333333333333,63,70,8212.926666666666,0.28,0.8333333333333334,0.16666666666666666,0.0,0.0,0,0,0.0,0.0,0,0,0.0,40394.979999999996,2,1,0.5,49277.56,6,2,0.3333333333333333,0
LGS2ORD0033122,C010511,2025-09-20 07:00:00,Male,61,Bronze,TV,Songkhla,450,TV_Show,PromptPay,7,9,5,1,>50,15.0,3.0,1.0,0.3333333333333333,24,32,16131.960000000001,0.18,0.3333333333333333,0.0,0.0,0.0,0,0,0.0,0.0,0,0,0.0,48395.880000000005,3,1,0.3333333333333333,48395.880000000005,3,1,0.3333333333333333,0
LGS2ORD0033123,C011370,2025-09-20 07:00:00,Female,45,Gold,Shopee,Bangkok,1222,Shopee,COD,7,9,5,1,40-50,40.733333333333334,3.0,1.0,0.3333333333333333,139,75,2676.0166666666664,0.33,1.0,0.6666666666666666,0.0,0.0,0,0,0.0,0.0,0,0,0.0,4166.7,1,0,0.0,8028.049999999999,3,1,0.3333333333333333,0
LGS2ORD0033124,C012461,2025-09-20 07:00:00,Male,72,Bronze,TV,Chonburi,647,Web,COD,7,9,5,1,>50,21.566666666666666,10.0,0.0,0.0,-1,2,5361.97,0.23,0.4,0.1,0.0,2936.4,1,0,0.0,19258.420000000002,4,0,0.0,24024.640000000003,5,0,0.0,53619.700000000004,10,0,0.0,0
LGS2ORD0033125,C014815,2025-09-20 08:00:00,Female,61,Bronze,TV,Songkhla,1202,Web,Bank_Transfer,8,9,5,1,>50,40.06666666666667,0.0,0.0,0.0,-1,-1,0.0,0.0,0.0,0.0,0.0,0.0,0,0,0.0,0.0,0,0,0.0,0.0,0,0,0.0,0.0,0,0,0.0,0
LGS2ORD0033126,C012919,2025-09-20 08:00:00,Female,43,Bronze,Lazada,Chiang Mai,827,Web,COD,8,9,5,1,40-50,27.566666666666666,2.0,0.0,0.0,-1,4,5843.879999999999,0.08,1.0,0.0,0.0,8927.81,1,0,0.0,8927.81,1,0,0.0,11687.759999999998,2,0,0.0,11687.759999999998,2,0,0.0,1
LGS2ORD0033127,C015765,2025-09-20 08:00:00,Female,28,Bronze,Shopee,Bangkok,296,Web,PromptPay,8,9,5,1,20-30,9.866666666666667,7.0,0.0,0.0,-1,38,7949.360000000001,0.28,0.5714285714285714,0.14285714285714285,0.0,0.0,0,0,0.0,0.0,0,0,0.0,29063.97,1,0,0.0,55645.520000000004,7,0,0.0,0
LGS2ORD0033128,C014011,2025-09-20 08:00:00,Female,46,Silver,CallCenter,Phuket,1332,Shopee,Credit_Card,8,9,5,1,40-50,44.4,8.0,2.0,0.25,20,32,3656.1375,0.25,0.375,0.125,0.0,0.0,0,0,0.0,0.0,0,0,0.0,6481.6,3,2,0.6666666666666666,29249.1,8,2,0.25,0
LGS2ORD0033129,C014378,2025-09-20 08:00:00,Male,47,Bronze,Lazada,Chiang Mai,776,Lazada,COD,8,9,5,1,40-50,25.866666666666667,5.0,0.0,0.0,-1,127,4021.8559999999998,0.23,0.8,0.2,0.0,0.0,0,0,0.0,0.0,0,0,0.0,0.0,0,0,0.0,20109.28,5,0,0.0,1
LGS2ORD0033130,C013187,2025-09-20 09:00:00,Male,55,Silver,TV,Khon Kaen,527,TV_Show,Bank_Transfer,9,9,5,1,>50,17.566666666666666,4.0,0.0,0.0,-1,30,10105.52,0.1,0.25,0.0,0.0,0.0,0,0,0.0,0.0,0,0,0.0,17232.44,2,0,0.0,40422.08,4,0,0.0,0
LGS2ORD0033131,C014016,2025-09-20 09:00:00,Female,34,Platinum,CallCenter,Chonburi,1322,Shopee,COD,9,9,5,1,30-40,44.06666666666667,4.0,1.0,0.25,180,13,8354.49,0.15,0.25,0.0,0.0,0.0,0,0,0.0,5234.69,1,0,0.0,5234.69,1,0,0.0,33417.96,4,1,0.25,1
LGS2ORD0033132,C017977,2025-09-20 09:00:00,Female,56,Bronze,Shopee,Bangkok,619,TV_Show,Bank_Transfer,9,9,5,1,>50,20.633333333333333,4.0,1.0,0.25,141,77,2830.4325,0.28,0.5,0.25,0.0,0.0,0,0,0.0,0.0,0,0,0.0,856.58,1,0,0.0,11321.73,4,1,0.25,0
LGS2ORD0033133,C013494,2025-09-20 09:00:00,Male,45,Bronze,Web,Bangkok,1005,Shopee,PromptPay,9,9,5,1,40-50,33.5,4.0,3.0,0.75,46,57,3599.77,0.23,0.5,0.5,0.0,0.0,0,0,0.0,0.0,0,0,0.0,10560.07,2,1,0.5,14399.08,4,3,0.75,0
LGS2ORD0033134,C013068,2025-09-20 09:00:00,Female,31,Platinum,Web,Khon Kaen,508,Lazada,COD,9,9,5,1,30-40,16.933333333333334,1.0,0.0,0.0,-1,249,8289.67,0.1,1.0,0.0,0.0,0.0,0,0,0.0,0.0,0,0,0.0,0.0,0,0,0.0,8289.67,1,0,0.0,0
LGS2ORD0033135,C014812,2025-09-20 10:00:00,Female,37,Silver,Shopee,Chiang Mai,1048,Lazada,COD,10,9,5,1,30-40,34.93333333333333,4.0,0.0,0.0,-1,183,4166.4225,0.15,0.25,0.0,0.0,0.0,0,0,0.0,0.0,0,0,0.0,0.0,0,0,0.0,16665.69,4,0,0.0,0
LGS2ORD0033136,C011793,2025-09-20 10:00:00,Female,53,Silver,TV,Bangkok,1693,Web,Credit_Card,10,9,5,1,>50,56.43333333333333,6.0,1.0,0.16666666666666666,188,47,2865.0533333333333,0.2,0.6666666666666666,0.0,0.0,0.0,0,0,0.0,0.0,0,0,0.0,496.39,1,0,0.0,17190.32,6,1,0.16666666666666666,0
LGS2ORD0033137,C012344,2025-09-20 10:00:00,Other,19,Platinum,Web,Chonburi,766,CallCenter,Bank_Transfer,10,9,5,1,<20,25.533333333333335,5.0,1.0,0.2,110,120,7244.656,0.3,0.8,0.8,0.0,0.0,0,0,0.0,0.0,0,0,0.0,0.0,0,0,0.0,36223.28,5,1,0.2,0
LGS2ORD0033138,C011717,2025-09-20 10:00:00,Female,53,Bronze,Lazada,Phuket,959,Web,COD,10,9,5,1,>50,31.966666666666665,2.0,1.0,0.5,24,34,9697.215,0.23,0.0,1.0,0.0,0.0,0,0,0.0,0.0,0,0,0.0,19394.43,2,1,0.5,19394.43,2,1,0.5,0
LGS2ORD0033139,C014541,2025-09-20 10:00:00,Female,48,Bronze,Lazada,Phuket,908,TV_Show,COD,10,9,5,1,40-50,30.266666666666666,4.0,1.0,0.25,48,54,5347.3125,0.23,0.75,0.75,0.0,0.0,0,0,0.0,0.0,0,0,0.0,13618.76,1,1,1.0,21389.25,4,1,0.25,1
LGS2ORD0033140,C017314,2025-09-20 11:00:00,Male,41,Bronze,Web,Remote_Area,1714,Web,COD,11,9,5,1,40-50,57.13333333333333,5.0,2.0,0.4,202,28,1859.986,0.28,0.4,0.6,0.0,0.0,0,0,0.0,792.59,1,0,0.0,3472.4900000000002,2,0,0.0,9299.93,5,2,0.4,0
LGS2ORD0033141,C016843,2025-09-20 11:00:00,Male,24,Silver,TV,Songkhla,1707,Web,COD,11,9,5,1,20-30,56.9,2.0,1.0,0.5,159,168,13377.365,0.3,0.5,1.0,0.0,0.0,0,0,0.0,0.0,0,0,0.0,0.0,0,0,0.0,26754.73,2,1,0.5,0
LGS2ORD0033142,C011808,2025-09-20 11:00:00,Female,28,Platinum,Web,Chonburi,1021,Shopee,COD,11,9,5,1,20-30,34.03333333333333,7.0,2.0,0.2857142857142857,23,35,5125.558571428572,0.35,0.2857142857142857,0.5714285714285714,0.0,0.0,0,0,0.0,0.0,0,0,0.0,23881.190000000002,3,2,0.6666666666666666,35878.91,7,2,0.2857142857142857,0
LGS2ORD0033143,C010539,2025-09-20 11:00:00,Male,50,Platinum,CallCenter,Khon Kaen,1172,Shopee,COD,11,9,5,1,40-50,39.06666666666667,1.0,0.0,0.0,-1,82,14283.3,0.25,0.0,1.0,0.0,0.0,0,0,0.0,0.0,0,0,0.0,14283.3,1,0,0.0,14283.3,1,0,0.0,0
LGS2ORD0033144,C010451,2025-09-20 11:00:00,Male,54,Bronze,Shopee,Bangkok,1382,TV_Show,Bank_Transfer,11,9,5,1,>50,46.06666666666667,3.0,2.0,0.6666666666666666,85,96,4861.386666666666,0.13,0.6666666666666666,0.0,0.0,0.0,0,0,0.0,0.0,0,0,0.0,0.0,0,0,0.0,14584.16,3,2,0.6666666666666666,0
LGS2ORD0033145,C016526,2025-09-20 11:00:00,Female,57,Silver,Lazada,Khon Kaen,328,Web,COD,11,9,5,1,>50,10.933333333333334,6.0,1.0,0.16666666666666666,136,35,3165.066666666667,0.2,0.6666666666666666,0.0,0.0,0.0,0,0,0.0,0.0,0,0,0.0,1004.15,1,0,0.0,18990.4,6,1,0.16666666666666666,0
LGS2ORD0033146,C017449,2025-09-20 12:00:00,Male,49,Bronze,TV,Bangkok,337,TV_Show,COD,12,9,5,1,40-50,11.233333333333333,4.0,2.0,0.5,35,23,16302.4125,0.23,0.25,0.25,0.0,0.0,0,0,0.0,10672.82,1,0,0.0,56306.08,3,2,0.6666666666666666,65209.65,4,2,0.5,0
LGS2ORD0033147,C013501,2025-09-20 12:00:00,Female,61,Silver,Shopee,Chonburi,1020,Web,Credit_Card,12,9,5,1,>50,34.0,2.0,0.0,0.0,-1,61,2564.66,0.05,0.0,0.0,0.0,0.0,0,0,0.0,0.0,0,0,0.0,5129.32,2,0,0.0,5129.32,2,0,0.0,0
LGS2ORD0033148,C014987,2025-09-20 12:00:00,Female,27,Gold,TV,Bangkok,1226,TV_Show,PromptPay,12,9,5,1,20-30,40.86666666666667,1.0,0.0,0.0,-1,217,6263.99,0.2299999999999999,0.0,1.0,0.0,0.0,0,0,0.0,0.0,0,0,0.0,0.0,0,0,0.0,6263.99,1,0,0.0,1
LGS2ORD0033149,C013413,2025-09-20 12:00:00,Male,57,Silver,Web,Bangkok,798,TV_Show,Credit_Card,12,9,5,1,>50,26.6,4.0,1.0,0.25,69,54,1997.3249999999998,0.2,0.25,0.0,0.0,0.0,0,0,0.0,0.0,0,0,0.0,4828.76,2,1,0.5,7989.299999999999,4,1,0.25,1
LGS2ORD0033150,C014804,2025-09-20 12:00:00,Male,27,Bronze,Lazada,Songkhla,1607,Lazada,COD,12,9,5,1,20-30,53.56666666666667,4.0,0.0,0.0,-1,51,10194.287499999999,0.23,0.25,0.25,0.0,0.0,0,0,0.0,0.0,0,0,0.0,5499.41,1,0,0.0,40777.149999999994,4,0,0.0,1
LGS2ORD0033151,C010298,2025-09-20 13:00:00,Male,61,Platinum,Web,Bangkok,1424,Shopee,COD,13,9,5,1,>50,47.46666666666667,4.0,0.0,0.0,-1,67,3688.375,0.3,0.5,0.75,0.0,0.0,0,0,0.0,0.0,0,0,0.0,5218.33,1,0,0.0,14753.5,4,0,0.0,0
LGS2ORD0033152,C017067,2025-09-20 13:00:00,Female,27,Silver,Shopee,Remote_Area,1665,Lazada,PromptPay,13,9,5,1,20-30,55.5,10.0,2.0,0.2,-15,0,3103.314,0.3,0.5,0.4,0.0,1919.98,2,1,0.5,1919.98,2,1,0.5,3497.1400000000003,3,1,0.3333333333333333,31033.14,10,2,0.2,0
LGS2ORD0033153,C012594,2025-09-20 13:00:00,Male,71,Gold,Web,Nakhon Ratchasima,1214,CallCenter,PromptPay,13,9,5,1,>50,40.46666666666667,4.0,0.0,0.0,-1,51,3741.1525,0.28,0.75,0.25,0.0,0.0,0,0,0.0,0.0,0,0,0.0,7295.98,2,0,0.0,14964.61,4,0,0.0,0
LGS2ORD0033154,C015936,2025-09-20 13:00:00,Male,33,Silver,Lazada,Bangkok,290,CallCenter,PromptPay,13,9,5,1,30-40,9.666666666666666,1.0,0.0,0.0,-1,102,876.21,0.3,0.0,1.0,0.0,0.0,0,0,0.0,0.0,0,0,0.0,0.0,0,0,0.0,876.21,1,0,0.0,0
LGS2ORD0033155,C012926,2025-09-20 13:00:00,Male,18,Bronze,Shopee,Chiang Mai,556,Lazada,COD,13,9,5,1,<20,18.533333333333335,5.0,3.0,0.6,34,38,7782.995999999999,0.23,0.6,0.6,0.0,0.0,0,0,0.0,0.0,0,0,0.0,20519.6,2,1,0.5,38914.979999999996,5,3,0.6,1
LGS2ORD0033156,C016760,2025-09-20 14:00:00,Male,36,Bronze,TV,Phuket,1351,Web,COD,14,9,5,1,30-40,45.03333333333333,6.0,1.0,0.16666666666666666,88,40,9166.528333333334,0.28,0.6666666666666666,0.16666666666666666,0.0,0.0,0,0,0.0,0.0,0,0,0.0,17767.34,2,0,0.0,54999.17,6,1,0.16666666666666666,1
LGS2ORD0033157,C012283,2025-09-20 14:00:00,Female,45,Bronze,TV,Bangkok,412,Shopee,COD,14,9,5,1,40-50,13.733333333333333,6.0,1.0,0.16666666666666666,73,24,4039.0816666666665,0.28,0.6666666666666666,0.16666666666666666,0.0,0.0,0,0,0.0,6846.43,1,0,0.0,11665.85,2,1,0.5,24234.489999999998,6,1,0.16666666666666666,0
LGS2ORD0033158,C012512,2025-09-20 14:00:00,Male,28,Bronze,TV,Chiang Mai,752,Lazada,COD,14,9,5,1,20-30,25.066666666666666,4.0,2.0,0.5,79,93,5858.385,0.23,1.0,0.25,0.0,0.0,0,0,0.0,0.0,0,0,0.0,0.0,0,0,0.0,23433.54,4,2,0.5,0
LGS2ORD0033159,C011087,2025-09-20 14:00:00,Female,50,Bronze,TV,Bangkok,1085,Shopee,COD,14,9,5,1,40-50,36.166666666666664,5.0,0.0,0.0,-1,38,3589.3599999999997,0.28,0.2,0.4,0.0,0.0,0,0,0.0,0.0,0,0,0.0,2482.81,1,0,0.0,17946.8,5,0,0.0,0
LGS2ORD0033160,C010042,2025-09-20 14:00:00,Female,60,Silver,Lazada,Khon Kaen,904,Lazada,COD,14,9,5,1,>50,30.133333333333333,3.0,1.0,0.3333333333333333,118,132,2403.2866666666664,0.25,0.3333333333333333,0.3333333333333333,0.0,0.0,0,0,0.0,0.0,0,0,0.0,0.0,0,0,0.0,7209.86,3,1,0.3333333333333333,0
LGS2ORD0033161,C017418,2025-09-20 15:00:00,Male,49,Silver,Web,Songkhla,933,TV_Show,Credit_Card,15,9,5,1,40-50,31.1,5.0,4.0,0.8,105,12,5487.344,0.3,0.4,0.6,0.0,0.0,0,0,0.0,13179.19,1,0,0.0,13179.19,1,0,0.0,27436.72,5,4,0.8,0
LGS2ORD0033162,C013755,2025-09-20 15:00:00,Female,34,Silver,Shopee,Chiang Mai,841,TV_Show,COD,15,9,5,1,30-40,28.033333333333335,5.0,1.0,0.2,196,71,9822.426,0.3,0.2,0.6,0.0,0.0,0,0,0.0,0.0,0,0,0.0,1240.99,1,0,0.0,49112.13,5,1,0.2,0
LGS2ORD0033163,C014474,2025-09-20 15:00:00,Female,52,Bronze,TV,Khon Kaen,1502,Web,Credit_Card,15,9,5,1,>50,50.06666666666667,15.0,2.0,0.13333333333333333,137,1,4039.972,0.28,0.7333333333333333,0.3333333333333333,0.06666666666666667,326.96,1,0,0.0,1189.21,2,0,0.0,9303.66,6,0,0.0,60599.58,15,2,0.13333333333333333,0
LGS2ORD0033164,C016370,2025-09-20 15:00:00,Male,46,Bronze,Shopee,Nakhon Ratchasima,449,Lazada,Credit_Card,15,9,5,1,40-50,14.966666666666667,3.0,0.0,0.0,-1,38,2588.6433333333334,0.18,0.3333333333333333,0.0,0.0,0.0,0,0,0.0,0.0,0,0,0.0,2205.4,1,0,0.0,7765.93,3,0,0.0,0
LGS2ORD0033165,C010384,2025-09-20 15:00:00,Male,25,Platinum,TV,Khon Kaen,1453,Web,COD,15,9,5,1,20-30,48.43333333333333,2.0,1.0,0.5,0,6,13161.210000000001,0.25,0.0,0.5,0.0,2416.65,1,1,1.0,2416.65,1,1,1.0,2416.65,1,1,1.0,26322.420000000002,2,1,0.5,0
LGS2ORD0033166,C012269,2025-09-20 15:00:00,Male,32,Gold,Lazada,Bangkok,1542,TV_Show,COD,15,9,5,1,30-40,51.4,5.0,2.0,0.4,50,55,2305.858,0.28,0.0,0.4,0.0,0.0,0,0,0.0,0.0,0,0,0.0,650.82,1,1,1.0,11529.29,5,2,0.4,0
LGS2ORD0033167,C017050,2025-09-20 16:00:00,Male,36,Platinum,TV,Nakhon Ratchasima,968,TV_Show,COD,16,9,5,1,30-40,32.266666666666666,5.0,0.0,0.0,-1,31,3847.15,0.3,0.6,0.6,0.2,0.0,0,0,0.0,0.0,0,0,0.0,8886.59,2,0,0.0,19235.75,5,0,0.0,0
LGS2ORD0033168,C017822,2025-09-20 16:00:00,Female,40,Bronze,Web,Phuket,1574,TV_Show,COD,16,9,5,1,30-40,52.46666666666667,5.0,1.0,0.2,95,102,3572.5620000000004,0.28,0.2,0.4,0.0,0.0,0,0,0.0,0.0,0,0,0.0,0.0,0,0,0.0,17862.81,5,1,0.2,1
LGS2ORD0033169,C012548,2025-09-20 16:00:00,Female,49,Bronze,Lazada,Bangkok,599,Lazada,Credit_Card,16,9,5,1,40-50,19.966666666666665,2.0,0.0,0.0,-1,2,2863.485,0.18,0.0,0.0,0.0,432.5,1,0,0.0,432.5,1,0,0.0,432.5,1,0,0.0,5726.97,2,0,0.0,0
LGS2ORD0033170,C012917,2025-09-20 16:00:00,Female,54,Gold,Lazada,Chiang Mai,777,Lazada,COD,16,9,5,1,>50,25.9,3.0,0.0,0.0,-1,164,4121.333333333334,0.18,0.0,0.0,0.0,0.0,0,0,0.0,0.0,0,0,0.0,0.0,0,0,0.0,12364.000000000002,3,0,0.0,1
LGS2ORD0033171,C014060,2025-09-20 16:00:00,Female,51,Bronze,Web,Phuket,1360,TV_Show,Credit_Card,16,9,5,1,>50,45.333333333333336,4.0,2.0,0.5,85,49,4729.4075,0.28,0.0,0.25,0.25,0.0,0,0,0.0,0.0,0,0,0.0,2768.08,1,0,0.0,18917.63,4,2,0.5,0
LGS2ORD0033172,C014732,2025-09-20 17:00:00,Female,54,Bronze,Web,Chonburi,1693,TV_Show,COD,17,9,5,1,>50,56.43333333333333,3.0,1.0,0.3333333333333333,173,55,1896.8633333333335,0.18,0.6666666666666666,0.0,0.0,0.0,0,0,0.0,0.0,0,0,0.0,1002.87,1,0,0.0,5690.59,3,1,0.3333333333333333,0
LGS2ORD0033173,C013484,2025-09-20 17:00:00,Female,39,Silver,TV,Bangkok,1033,Shopee,PromptPay,17,9,5,1,30-40,34.43333333333333,5.0,3.0,0.6,16,29,11598.252,0.2,0.2,0.0,0.0,0.0,0,0,0.0,5676.87,1,1,1.0,15006.98,3,2,0.6666666666666666,57991.26,5,3,0.6,0
LGS2ORD0033174,C012883,2025-09-20 17:00:00,Female,41,Gold,TV,Khon Kaen,817,Web,COD,17,9,5,1,40-50,27.233333333333334,3.0,0.0,0.0,-1,191,3271.7066666666665,0.28,0.6666666666666666,0.3333333333333333,0.0,0.0,0,0,0.0,0.0,0,0,0.0,0.0,0,0,0.0,9815.119999999999,3,0,0.0,0
LGS2ORD0033175,C015165,2025-09-20 17:00:00,Female,45,Bronze,TV,Bangkok,1660,Lazada,COD,17,9,5,1,40-50,55.333333333333336,12.0,2.0,0.16666666666666666,55,61,4209.525,0.28,0.4166666666666667,0.5,0.0,0.0,0,0,0.0,0.0,0,0,0.0,15360.35,4,2,0.5,50514.299999999996,12,2,0.16666666666666666,0
LGS2ORD0033176,C012851,2025-09-20 17:00:00,Other,37,Bronze,Lazada,Bangkok,1461,CallCenter,COD,17,9,5,1,30-40,48.7,5.0,2.0,0.4,137,71,6265.076,0.28,0.4,0.2,0.0,0.0,0,0,0.0,0.0,0,0,0.0,1079.39,1,0,0.0,31325.38,5,2,0.4,1
LGS2ORD0033177,C015679,2025-09-20 18:00:00,Male,65,Bronze,CallCenter,Remote_Area,331,Lazada,COD,18,9,5,1,>50,11.033333333333333,0.0,0.0,0.0,-1,-1,0.0,0.0,0.0,0.0,0.0,0.0,0,0,0.0,0.0,0,0,0.0,0.0,0,0,0.0,0.0,0,0,0.0,0
LGS2ORD0033178,C011372,2025-09-20 18:00:00,Male,72,Bronze,TV,Chiang Mai,337,Lazada,Credit_Card,18,9,5,1,>50,11.233333333333333,8.0,2.0,0.25,99,9,2854.1675,0.28,0.5,0.625,0.0,0.0,0,0,0.0,3178.59,2,0,0.0,3178.59,2,0,0.0,22833.34,8,2,0.25,0
LGS2ORD0033179,C014075,2025-09-20 18:00:00,Male,51,Bronze,Shopee,Remote_Area,551,TV_Show,PromptPay,18,9,5,1,>50,18.366666666666667,3.0,1.0,0.3333333333333333,9,12,2248.433333333334,0.18,0.6666666666666666,0.0,0.0,0.0,0,0,0.0,3383.25,2,1,0.5,6745.300000000001,3,1,0.3333333333333333,6745.300000000001,3,1,0.3333333333333333,1
LGS2ORD0033180,C011338,2025-09-20 18:00:00,Female,39,Bronze,TV,Chonburi,1572,Shopee,COD,18,9,5,1,30-40,52.4,6.0,1.0,0.16666666666666666,148,22,10819.765,0.18,0.5,0.0,0.0,0.0,0,0,0.0,1010.5,1,0,0.0,10271.41,3,0,0.0,64918.59,6,1,0.16666666666666666,0
LGS2ORD0033181,C015685,2025-09-20 18:00:00,Male,60,Silver,Lazada,Chonburi,1522,TV_Show,Credit_Card,18,9,5,1,>50,50.733333333333334,5.0,0.0,0.0,-1,71,5625.952,0.2,0.4,0.0,0.0,0.0,0,0,0.0,0.0,0,0,0.0,1957.28,1,0,0.0,28129.760000000002,5,0,0.0,0
LGS2ORD0033182,C011807,2025-09-20 19:00:00,Male,58,Gold,TV,Khon Kaen,385,TV_Show,COD,19,9,5,1,>50,12.833333333333334,1.0,0.0,0.0,-1,179,6023.23,0.28,0.0,1.0,0.0,0.0,0,0,0.0,0.0,0,0,0.0,0.0,0,0,0.0,6023.23,1,0,0.0,0
LGS2ORD0033183,C013336,2025-09-20 19:00:00,Female,63,Silver,TV,Chonburi,1406,Shopee,PromptPay,19,9,5,1,>50,46.86666666666667,3.0,0.0,0.0,-1,41,4539.099999999999,0.3,0.6666666666666666,0.6666666666666666,0.0,0.0,0,0,0.0,0.0,0,0,0.0,13026.49,2,0,0.0,13617.3,3,0,0.0,0
LGS2ORD0033184,C011182,2025-09-20 19:00:00,Female,31,Silver,Lazada,Remote_Area,1529,Shopee,COD,19,9,5,1,30-40,50.96666666666667,5.0,0.0,0.0,-1,6,9149.507999999998,0.3,0.4,0.2,0.0,3424.91,1,0,0.0,3424.91,1,0,0.0,3424.91,1,0,0.0,45747.53999999999,5,0,0.0,0
LGS2ORD0033185,C013367,2025-09-20 19:00:00,Male,53,Bronze,TV,Phuket,1291,Lazada,COD,19,9,5,1,>50,43.03333333333333,3.0,0.0,0.0,-1,41,3750.2999999999997,0.23,1.0,0.3333333333333333,0.0,0.0,0,0,0.0,0.0,0,0,0.0,2160.74,1,0,0.0,11250.9,3,0,0.0,1
LGS2ORD0033186,C011782,2025-09-20 19:00:00,Female,45,Bronze,TV,Remote_Area,1662,CallCenter,PromptPay,19,9,5,1,40-50,55.4,5.0,1.0,0.2,227,9,4194.302000000001,0.18,0.0,0.0,0.0,0.0,0,0,0.0,11878.88,2,0,0.0,11878.88,2,0,0.0,20971.510000000002,5,1,0.2,0
LGS2ORD0033187,C016241,2025-09-20 19:00:00,Female,38,Bronze,Web,Chiang Mai,500,Shopee,Bank_Transfer,19,9,5,1,30-40,16.666666666666668,5.0,0.0,0.0,-1,12,3240.652,0.28,0.6,0.2,0.0,0.0,0,0,0.0,603.12,1,0,0.0,5595.87,2,0,0.0,16203.26,5,0,0.0,1
LGS2ORD0033188,C015278,2025-09-20 20:00:00,Male,28,Gold,TV,Bangkok,993,CallCenter,COD,20,9,5,1,20-30,33.1,6.0,0.0,0.0,-1,70,3080.4033333333336,0.33,0.6666666666666666,0.6666666666666666,0.0,0.0,0,0,0.0,0.0,0,0,0.0,3481.28,1,0,0.0,18482.420000000002,6,0,0.0,0
LGS2ORD0033189,C016909,2025-09-20 20:00:00,Female,72,Silver,Web,Remote_Area,618,Web,COD,20,9,5,1,>50,20.6,2.0,1.0,0.5,251,176,3611.51,0.15,0.5,0.0,0.0,0.0,0,0,0.0,0.0,0,0,0.0,0.0,0,0,0.0,7223.02,2,1,0.5,0
LGS2ORD0033190,C016157,2025-09-20 20:00:00,Male,34,Bronze,Shopee,Bangkok,1180,Lazada,PromptPay,20,9,5,1,30-40,39.333333333333336,3.0,0.0,0.0,-1,25,4236.67,0.23,0.3333333333333333,0.3333333333333333,0.0,0.0,0,0,0.0,1592.26,1,0,0.0,12142.75,2,0,0.0,12710.01,3,0,0.0,1
LGS2ORD0033191,C010717,2025-09-20 20:00:00,Male,42,Bronze,Shopee,Chonburi,1521,TV_Show,Credit_Card,20,9,5,1,40-50,50.7,1.0,0.0,0.0,-1,42,3374.87,0.08,0.0,0.0,0.0,0.0,0,0,0.0,0.0,0,0,0.0,3374.87,1,0,0.0,3374.87,1,0,0.0,0
LGS2ORD0033192,C015803,2025-09-20 20:00:00,Male,39,Gold,Shopee,Bangkok,1507,Lazada,Credit_Card,20,9,5,1,30-40,50.233333333333334,5.0,1.0,0.2,34,37,4592.714,0.28,0.8,0.4,0.0,0.0,0,0,0.0,0.0,0,0,0.0,4052.15,3,1,0.3333333333333333,22963.57,5,1,0.2,0
LGS2ORD0033193,C016938,2025-09-20 21:00:00,Male,18,Silver,Shopee,Bangkok,1059,TV_Show,COD,21,9,5,1,<20,35.3,9.0,3.0,0.3333333333333333,135,34,4968.63,0.2,0.6666666666666666,0.0,0.0,0.0,0,0,0.0,0.0,0,0,0.0,9544.900000000001,3,0,0.0,44717.67,9,3,0.3333333333333333,0
LGS2ORD0033194,C015878,2025-09-20 21:00:00,Female,30,Platinum,Shopee,Bangkok,1519,TV_Show,Credit_Card,21,9,5,1,20-30,50.63333333333333,2.0,0.0,0.0,-1,197,10570.220000000001,0.35,0.0,1.0,0.0,0.0,0,0,0.0,0.0,0,0,0.0,0.0,0,0,0.0,21140.440000000002,2,0,0.0,1
LGS2ORD0033195,C013239,2025-09-20 21:00:00,Male,29,Bronze,Shopee,Khon Kaen,751,Shopee,PromptPay,21,9,5,1,20-30,25.033333333333335,12.0,4.0,0.3333333333333333,81,7,4976.308333333333,0.28,0.5,0.4166666666666667,0.0,0.0,0,0,0.0,18173.75,4,0,0.0,28915.28,6,1,0.16666666666666666,59715.700000000004,12,4,0.3333333333333333,1
LGS2ORD0033196,C016499,2025-09-20 21:00:00,Female,27,Bronze,Shopee,Remote_Area,1161,Lazada,Bank_Transfer,21,9,5,1,20-30,38.7,3.0,1.0,0.3333333333333333,94,43,2151.4766666666665,0.23,0.6666666666666666,0.3333333333333333,0.0,0.0,0,0,0.0,0.0,0,0,0.0,1105.04,1,0,0.0,6454.429999999999,3,1,0.3333333333333333,0
LGS2ORD0033197,C016720,2025-09-20 21:00:00,Male,57,Bronze,Lazada,Songkhla,528,Lazada,Credit_Card,21,9,5,1,>50,17.6,9.0,4.0,0.4444444444444444,5,9,5355.635555555556,0.23,0.4444444444444444,0.3333333333333333,0.0,0.0,0,0,0.0,9459.61,1,1,1.0,11360.390000000001,3,2,0.6666666666666666,48200.72,9,4,0.4444444444444444,1
LGS2ORD0033198,C015394,2025-09-20 22:00:00,Male,72,Bronze,Shopee,Remote_Area,328,Shopee,COD,22,9,5,1,>50,10.933333333333334,6.0,0.0,0.0,-1,34,4424.696666666666,0.18,0.3333333333333333,0.0,0.0,0.0,0,0,0.0,0.0,0,0,0.0,1511.21,1,0,0.0,26548.179999999997,6,0,0.0,1
LGS2ORD0033199,C012123,2025-09-20 22:00:00,Female,22,Silver,TV,Khon Kaen,1313,TV_Show,COD,22,9,5,1,20-30,43.766666666666666,9.0,1.0,0.1111111111111111,248,4,4756.863333333333,0.2,0.4444444444444444,0.0,0.0,488.02,1,0,0.0,2207.0299999999997,2,0,0.0,4020.2999999999997,3,0,0.0,42811.77,9,1,0.1111111111111111,0
LGS2ORD0033200,C015016,2025-09-20 22:00:00,Male,47,Bronze,Shopee,Nakhon Ratchasima,1036,Web,COD,22,9,5,1,40-50,34.53333333333333,1.0,0.0,0.0,-1,196,270.8,0.18,0.0,0.0,0.0,0.0,0,0,0.0,0.0,0,0,0.0,0.0,0,0,0.0,270.8,1,0,0.0,0
LGS2ORD0033201,C015794,2025-09-20 22:00:00,Female,18,Silver,Web,Khon Kaen,1559,TV_Show,PromptPay,22,9,5,1,<20,51.96666666666667,1.0,0.0,0.0,-1,73,1444.91,0.05,0.0,0.0,0.0,0.0,0,0,0.0,0.0,0,0,0.0,1444.91,1,0,0.0,1444.91,1,0,0.0,0
LGS2ORD0033202,C014557,2025-09-20 22:00:00,Female,58,Platinum,Lazada,Phuket,1695,Lazada,Bank_Transfer,22,9,5,1,>50,56.5,3.0,0.0,0.0,-1,33,2805.7966666666666,0.3,0.0,0.3333333333333333,0.0,0.0,0,0,0.0,0.0,0,0,0.0,3541.26,1,0,0.0,8417.39,3,0,0.0,0
LGS2ORD0033203,C017127,2025-09-20 22:00:00,Other,28,Gold,Lazada,Bangkok,1219,Lazada,Credit_Card,22,9,5,1,20-30,40.63333333333333,2.0,0.0,0.0,-1,62,1306.96,0.2299999999999999,0.0,0.5,0.0,0.0,0,0,0.0,0.0,0,0,0.0,543.01,1,0,0.0,2613.92,2,0,0.0,0
LGS2ORD0033204,C014761,2025-09-20 23:00:00,Male,49,Bronze,TV,Remote_Area,1338,Shopee,COD,23,9,5,1,40-50,44.6,3.0,1.0,0.3333333333333333,206,50,6739.716666666667,0.18,0.6666666666666666,0.0,0.0,0.0,0,0,0.0,0.0,0,0,0.0,8112.21,1,0,0.0,20219.15,3,1,0.3333333333333333,1
LGS2ORD0033205,C012459,2025-09-20 23:00:00,Male,38,Silver,Shopee,Bangkok,726,Shopee,COD,23,9,5,1,30-40,24.2,2.0,1.0,0.5,32,42,1556.1799999999998,0.2,0.5,0.0,0.0,0.0,0,0,0.0,0.0,0,0,0.0,2087.58,1,1,1.0,3112.3599999999997,2,1,0.5,0
LGS2ORD0033206,C016157,2025-09-20 23:00:00,Male,34,Bronze,Shopee,Bangkok,1180,Shopee,COD,23,9,5,1,30-40,39.333333333333336,4.0,1.0,0.25,-7,0,5720.637500000001,0.23,0.25,0.25,0.0,10172.54,1,1,1.0,11764.800000000001,2,1,0.5,22315.29,3,1,0.3333333333333333,22882.550000000003,4,1,0.25,0
LGS2ORD0033207,C012095,2025-09-20 23:00:00,Female,49,Bronze,TV,Bangkok,1410,Shopee,PromptPay,23,9,5,1,40-50,47.0,4.0,1.0,0.25,247,98,6406.827499999999,0.08,0.5,0.0,0.0,0.0,0,0,0.0,0.0,0,0,0.0,0.0,0,0,0.0,25627.309999999998,4,1,0.25,1
LGS2ORD0033208,C013380,2025-09-20 23:00:00,Female,34,Gold,Lazada,Khon Kaen,1045,TV_Show,PromptPay,23,9,5,1,30-40,34.833333333333336,6.0,3.0,0.5,29,42,4060.5483333333336,0.33,0.5,0.8333333333333334,0.0,0.0,0,0,0.0,0.0,0,0,0.0,1001.18,1,1,1.0,24363.29,6,3,0.5,0
LGS2ORD0033209,C015112,2025-09-21 00:00:00,Female,46,Bronze,Web,Nakhon Ratchasima,1095,Shopee,Credit_Card,0,9,6,1,40-50,36.5,1.0,0.0,0.0,-1,230,2086.29,0.08,0.0,0.0,0.0,0.0,0,0,0.0,0.0,0,0,0.0,0.0,0,0,0.0,2086.29,1,0,0.0,0
LGS2ORD0033210,C016485,2025-09-21 00:00:00,Male,38,Silver,Shopee,Songkhla,1519,CallCenter,PromptPay,0,9,6,1,30-40,50.63333333333333,5.0,2.0,0.4,186,89,2923.046,0.3,0.4,0.4,0.0,0.0,0,0,0.0,0.0,0,0,0.0,3570.56,1,0,0.0,14615.23,5,2,0.4,0
LGS2ORD0033211,C014688,2025-09-21 00:00:00,Male,39,Gold,CallCenter,Bangkok,295,Shopee,COD,0,9,6,1,30-40,9.833333333333334,4.0,1.0,0.25,53,53,3976.415,0.18,0.5,0.0,0.0,0.0,0,0,0.0,0.0,0,0,0.0,7597.33,2,1,0.5,15905.66,4,1,0.25,0
LGS2ORD0033212,C016900,2025-09-21 00:00:00,Female,45,Bronze,Lazada,Remote_Area,1370,CallCenter,Credit_Card,0,9,6,1,40-50,45.666666666666664,5.0,2.0,0.4,192,38,3380.3900000000003,0.28,0.6,0.6,0.0,0.0,0,0,0.0,0.0,0,0,0.0,9357.07,2,0,0.0,16901.95,5,2,0.4,0
LGS2ORD0033213,C015220,2025-09-21 00:00:00,Male,33,Bronze,Web,Khon Kaen,363,Lazada,COD,0,9,6,1,30-40,12.1,0.0,0.0,0.0,-1,-1,0.0,0.0,0.0,0.0,0.0,0.0,0,0,0.0,0.0,0,0,0.0,0.0,0,0,0.0,0.0,0,0,0.0,1
LGS2ORD0033214,C012613,2025-09-21 01:00:00,Female,24,Silver,CallCenter,Chonburi,733,TV_Show,PromptPay,1,9,6,1,20-30,24.433333333333334,3.0,0.0,0.0,-1,39,3499.6233333333334,0.3,0.0,0.6666666666666666,0.0,0.0,0,0,0.0,0.0,0,0,0.0,8491.51,1,0,0.0,10498.87,3,0,0.0,0
LGS2ORD0033215,C014578,2025-09-21 01:00:00,Female,45,Gold,Web,Phuket,558,Shopee,Credit_Card,1,9,6,1,40-50,18.6,3.0,1.0,0.3333333333333333,110,115,5433.506666666667,0.2299999999999999,1.0,0.3333333333333333,0.0,0.0,0,0,0.0,0.0,0,0,0.0,0.0,0,0,0.0,16300.52,3,1,0.3333333333333333,0
LGS2ORD0033216,C016102,2025-09-21 01:00:00,Female,33,Silver,Web,Chiang Mai,893,TV_Show,Credit_Card,1,9,6,1,30-40,29.766666666666666,4.0,1.0,0.25,100,27,9926.7725,0.3,0.25,0.25,0.0,0.0,0,0,0.0,341.95,1,0,0.0,648.05,2,0,0.0,39707.09,4,1,0.25,0
LGS2ORD0033217,C013954,2025-09-21 01:00:00,Female,45,Platinum,Shopee,Chonburi,349,TV_Show,PromptPay,1,9,6,1,40-50,11.633333333333333,0.0,0.0,0.0,-1,-1,0.0,0.0,0.0,0.0,0.0,0.0,0,0,0.0,0.0,0,0,0.0,0.0,0,0,0.0,0.0,0,0,0.0,0
LGS2ORD0033218,C014664,2025-09-21 01:00:00,Female,55,Silver,TV,Khon Kaen,818,Shopee,COD,1,9,6,1,>50,27.266666666666666,6.0,1.0,0.16666666666666666,49,62,5512.579999999999,0.2,0.8333333333333334,0.0,0.0,0.0,0,0,0.0,0.0,0,0,0.0,11086.560000000001,3,1,0.3333333333333333,33075.479999999996,6,1,0.16666666666666666,0
LGS2ORD0033219,C014298,2025-09-21 02:00:00,Other,20,Platinum,Web,Bangkok,428,Web,Credit_Card,2,9,6,1,<20,14.266666666666667,3.0,1.0,0.3333333333333333,80,90,4181.73,0.2,0.3333333333333333,0.0,0.0,0.0,0,0,0.0,0.0,0,0,0.0,0.0,0,0,0.0,12545.189999999999,3,1,0.3333333333333333,0
LGS2ORD0033220,C017387,2025-09-21 02:00:00,Male,54,Bronze,TV,Nakhon Ratchasima,811,Web,Credit_Card,2,9,6,1,>50,27.033333333333335,0.0,0.0,0.0,-1,-1,0.0,0.0,0.0,0.0,0.0,0.0,0,0,0.0,0.0,0,0,0.0,0.0,0,0,0.0,0.0,0,0,0.0,0
LGS2ORD0033221,C016571,2025-09-21 02:00:00,Female,47,Silver,Lazada,Nakhon Ratchasima,1669,Lazada,COD,2,9,6,1,40-50,55.63333333333333,4.0,2.0,0.5,42,47,6033.4375,0.2,0.75,0.0,0.0,0.0,0,0,0.0,0.0,0,0,0.0,12758.58,2,1,0.5,24133.75,4,2,0.5,0
LGS2ORD0033222,C015846,2025-09-21 02:00:00,Male,42,Bronze,TV,Songkhla,1690,Lazada,Credit_Card,2,9,6,1,40-50,56.333333333333336,4.0,2.0,0.5,120,83,4496.799999999999,0.28,0.25,0.25,0.0,0.0,0,0,0.0,0.0,0,0,0.0,10657.46,1,0,0.0,17987.199999999997,4,2,0.5,0
LGS2ORD0033223,C011106,2025-09-21 02:00:00,Female,24,Silver,Shopee,Khon Kaen,401,Shopee,COD,2,9,6,1,20-30,13.366666666666667,2.0,0.0,0.0,-1,63,2737.2200000000003,0.2,0.5,0.0,0.0,0.0,0,0,0.0,0.0,0,0,0.0,4730.97,1,0,0.0,5474.4400000000005,2,0,0.0,0
LGS2ORD0033224,C016672,2025-09-21 02:00:00,Female,48,Bronze,Lazada,Chonburi,811,TV_Show,COD,2,9,6,1,40-50,27.033333333333335,4.0,2.0,0.5,38,16,1969.0825,0.23,0.75,0.5,0.0,0.0,0,0,0.0,4729.59,1,0,0.0,5088.6,2,1,0.5,7876.33,4,2,0.5,1
LGS2ORD0033225,C014524,2025-09-21 03:00:00,Male,36,Silver,Shopee,Chiang Mai,1641,Lazada,PromptPay,3,9,6,1,30-40,54.7,4.0,1.0,0.25,14,20,4264.235,0.15,0.25,0.0,0.0,0.0,0,0,0.0,3869.62,1,1,1.0,9819.06,2,1,0.5,17056.94,4,1,0.25,0
LGS2ORD0033226,C012240,2025-09-21 03:00:00,Female,39,Gold,Shopee,Bangkok,1708,Web,COD,3,9,6,1,30-40,56.93333333333333,2.0,1.0,0.5,123,21,881.71,0.33,1.0,0.5,0.0,0.0,0,0,0.0,544.51,1,0,0.0,544.51,1,0,0.0,1763.42,2,1,0.5,1
LGS2ORD0033227,C010327,2025-09-21 03:00:00,Other,44,Gold,Web,Nakhon Ratchasima,517,Shopee,Credit_Card,3,9,6,1,40-50,17.233333333333334,1.0,0.0,0.0,-1,205,4970.87,0.2299999999999999,0.0,1.0,0.0,0.0,0,0,0.0,0.0,0,0,0.0,0.0,0,0,0.0,4970.87,1,0,0.0,0
LGS2ORD0033228,C016951,2025-09-21 03:00:00,Female,38,Silver,CallCenter,Khon Kaen,1199,Shopee,COD,3,9,6,1,30-40,39.96666666666667,3.0,1.0,0.3333333333333333,247,23,4616.933333333333,0.3,0.3333333333333333,0.6666666666666666,0.0,0.0,0,0,0.0,9343.62,1,0,0.0,9343.62,1,0,0.0,13850.800000000001,3,1,0.3333333333333333,0
LGS2ORD0033229,C015217,2025-09-21 03:00:00,Other,41,Bronze,Web,Chonburi,1356,Shopee,PromptPay,3,9,6,1,40-50,45.2,4.0,0.0,0.0,-1,3,1746.8425,0.28,0.25,0.5,0.0,1304.17,1,0,0.0,1304.17,1,0,0.0,3017.71,2,0,0.0,6987.37,4,0,0.0,1
LGS2ORD0033230,C014802,2025-09-21 04:00:00,Female,39,Silver,Web,Phuket,728,Lazada,COD,4,9,6,1,30-40,24.266666666666666,4.0,0.0,0.0,-1,8,6803.0625,0.25,0.0,0.25,0.0,0.0,0,0,0.0,618.97,1,0,0.0,618.97,1,0,0.0,27212.25,4,0,0.0,0
LGS2ORD0033231,C014589,2025-09-21 04:00:00,Female,26,Bronze,Web,Bangkok,1414,Web,COD,4,9,6,1,20-30,47.13333333333333,5.0,0.0,0.0,-1,105,2484.38,0.23,0.0,0.2,0.0,0.0,0,0,0.0,0.0,0,0,0.0,0.0,0,0,0.0,12421.9,5,0,0.0,0
LGS2ORD0033232,C012207,2025-09-21 04:00:00,Male,53,Bronze,TV,Remote_Area,673,Shopee,COD,4,9,6,1,>50,22.433333333333334,3.0,1.0,0.3333333333333333,36,44,3116.1,0.08,0.6666666666666666,0.0,0.0,0.0,0,0,0.0,0.0,0,0,0.0,5524.06,2,1,0.5,9348.3,3,1,0.3333333333333333,1
LGS2ORD0033233,C015111,2025-09-21 04:00:00,Female,54,Bronze,TV,Bangkok,646,TV_Show,Credit_Card,4,9,6,1,>50,21.533333333333335,4.0,1.0,0.25,121,96,4717.735,0.18,0.25,0.0,0.0,0.0,0,0,0.0,0.0,0,0,0.0,0.0,0,0,0.0,18870.94,4,1,0.25,0
LGS2ORD0033234,C016252,2025-09-21 04:00:00,Male,62,Bronze,Shopee,Nakhon Ratchasima,1570,Shopee,Credit_Card,4,9,6,1,>50,52.333333333333336,5.0,1.0,0.2,178,179,5256.67,0.23,0.8,0.4,0.0,0.0,0,0,0.0,0.0,0,0,0.0,0.0,0,0,0.0,26283.35,5,1,0.2,0
LGS2ORD0033235,C014182,2025-09-21 05:00:00,Female,60,Bronze,Lazada,Khon Kaen,599,Shopee,COD,5,9,6,1,>50,19.966666666666665,1.0,0.0,0.0,-1,17,14370.77,0.03,1.0,0.0,0.0,0.0,0,0,0.0,14370.77,1,0,0.0,14370.77,1,0,0.0,14370.77,1,0,0.0,1
LGS2ORD0033236,C013576,2025-09-21 05:00:00,Male,57,Platinum,Web,Chonburi,344,CallCenter,Credit_Card,5,9,6,1,>50,11.466666666666667,2.0,0.0,0.0,-1,132,6396.33,0.35,0.5,0.5,0.0,0.0,0,0,0.0,0.0,0,0,0.0,0.0,0,0,0.0,12792.66,2,0,0.0,0
LGS2ORD0033237,C011667,2025-09-21 05:00:00,Male,41,Bronze,Shopee,Remote_Area,621,Web,Bank_Transfer,5,9,6,1,40-50,20.7,7.0,4.0,0.5714285714285714,22,27,5938.344285714286,0.28,0.8571428571428571,0.42857142857142855,0.0,0.0,0,0,0.0,15812.35,1,0,0.0,35406.08,4,3,0.75,41568.41,7,4,0.5714285714285714,0
LGS2ORD0033238,C014168,2025-09-21 05:00:00,Female,38,Silver,Web,Khon Kaen,1438,Web,COD,5,9,6,1,30-40,47.93333333333333,3.0,1.0,0.3333333333333333,162,42,3124.7566666666667,0.25,0.6666666666666666,0.3333333333333333,0.0,0.0,0,0,0.0,0.0,0,0,0.0,2308.83,1,0,0.0,9374.27,3,1,0.3333333333333333,0
LGS2ORD0033239,C017959,2025-09-21 05:00:00,Female,54,Silver,Web,Bangkok,1147,Lazada,COD,5,9,6,1,>50,38.233333333333334,2.0,0.0,0.0,-1,67,2020.91,0.3,0.5,0.5,0.0,0.0,0,0,0.0,0.0,0,0,0.0,2244.59,1,0,0.0,4041.82,2,0,0.0,1
LGS2ORD0033240,C013760,2025-09-21 06:00:00,Male,27,Bronze,Lazada,Khon Kaen,875,CallCenter,Credit_Card,6,9,6,1,20-30,29.166666666666668,8.0,2.0,0.25,137,46,3359.28,0.23,0.5,0.125,0.0,0.0,0,0,0.0,0.0,0,0,0.0,1922.64,2,0,0.0,26874.24,8,2,0.25,0
LGS2ORD0033241,C013689,2025-09-21 06:00:00,Male,48,Gold,Web,Bangkok,403,Lazada,Credit_Card,6,9,6,1,40-50,13.433333333333334,2.0,0.0,0.0,-1,104,4334.61,0.2299999999999999,0.5,0.5,0.0,0.0,0,0,0.0,0.0,0,0,0.0,0.0,0,0,0.0,8669.22,2,0,0.0,1
LGS2ORD0033242,C014099,2025-09-21 06:00:00,Male,35,Platinum,Lazada,Bangkok,1066,Lazada,Credit_Card,6,9,6,1,30-40,35.53333333333333,2.0,0.0,0.0,-1,68,7706.505,0.35,1.0,0.5,0.0,0.0,0,0,0.0,0.0,0,0,0.0,5713.82,1,0,0.0,15413.01,2,0,0.0,0
LGS2ORD0033243,C016157,2025-09-21 06:00:00,Male,34,Bronze,Shopee,Bangkok,1181,Lazada,PromptPay,6,9,6,1,30-40,39.36666666666667,5.0,1.0,0.2,-7,0,6578.140000000001,0.23,0.4,0.2,0.0,20180.690000000002,2,1,0.5,21772.95,3,1,0.3333333333333333,32323.440000000002,4,1,0.25,32890.700000000004,5,1,0.2,0
LGS2ORD0033244,C010258,2025-09-21 06:00:00,Female,61,Silver,CallCenter,Bangkok,933,CallCenter,COD,6,9,6,1,>50,31.1,3.0,0.0,0.0,-1,46,4359.073333333333,0.2,0.3333333333333333,0.0,0.0,0.0,0,0,0.0,0.0,0,0,0.0,7689.86,1,0,0.0,13077.22,3,0,0.0,0
LGS2ORD0033245,C017575,2025-09-21 06:00:00,Female,35,Bronze,TV,Khon Kaen,636,TV_Show,COD,6,9,6,1,30-40,21.2,2.0,0.0,0.0,-1,74,3260.125,0.13,0.0,0.0,0.0,0.0,0,0,0.0,0.0,0,0,0.0,3478.23,1,0,0.0,6520.25,2,0,0.0,0
LGS2ORD0033246,C010415,2025-09-21 07:00:00,Female,50,Gold,Web,Bangkok,944,Web,Credit_Card,7,9,6,1,40-50,31.466666666666665,4.0,1.0,0.25,152,82,4259.5575,0.33,0.75,0.5,0.0,0.0,0,0,0.0,0.0,0,0,0.0,9969.82,1,0,0.0,17038.23,4,1,0.25,0
LGS2ORD0033247,C014405,2025-09-21 07:00:00,Female,26,Bronze,CallCenter,Bangkok,1472,TV_Show,COD,7,9,6,1,20-30,49.06666666666667,2.0,2.0,1.0,154,165,4468.045,0.28,1.0,0.5,0.0,0.0,0,0,0.0,0.0,0,0,0.0,0.0,0,0,0.0,8936.09,2,2,1.0,0
LGS2ORD0033248,C010032,2025-09-21 07:00:00,Male,52,Silver,Shopee,Nakhon Ratchasima,478,TV_Show,Bank_Transfer,7,9,6,1,>50,15.933333333333334,7.0,1.0,0.14285714285714285,171,3,5973.721428571429,0.25,0.2857142857142857,0.14285714285714285,0.0,15655.15,1,0,0.0,15655.15,1,0,0.0,18580.739999999998,2,0,0.0,41816.05,7,1,0.14285714285714285,0
LGS2ORD0033249,C011498,2025-09-21 07:00:00,Female,41,Silver,Web,Nakhon Ratchasima,1586,TV_Show,COD,7,9,6,1,40-50,52.86666666666667,4.0,1.0,0.25,85,10,1877.3700000000001,0.2,0.75,0.0,0.0,0.0,0,0,0.0,281.72,1,0,0.0,281.72,1,0,0.0,7509.4800000000005,4,1,0.25,1
LGS2ORD0033250,C014508,2025-09-21 07:00:00,Male,67,Bronze,TV,Phuket,1154,Web,COD,7,9,6,1,>50,38.46666666666667,3.0,2.0,0.6666666666666666,11,24,6818.2266666666665,0.18,0.0,0.0,0.0,0.0,0,0,0.0,2894.49,1,1,1.0,12584.61,2,2,1.0,20454.68,3,2,0.6666666666666666,1
LGS2ORD0033251,C015217,2025-09-21 08:00:00,Other,41,Bronze,Web,Chonburi,1356,CallCenter,PromptPay,8,9,6,1,40-50,45.2,5.0,1.0,0.2,-9,0,1835.316,0.28,0.2,0.4,0.0,3493.38,2,1,0.5,3493.38,2,1,0.5,5206.92,3,1,0.3333333333333333,9176.58,5,1,0.2,0
LGS2ORD0033252,C015029,2025-09-21 08:00:00,Female,42,Platinum,Lazada,Phuket,1479,TV_Show,Credit_Card,8,9,6,1,40-50,49.3,4.0,2.0,0.5,16,31,1091.725,0.35,0.25,0.5,0.25,0.0,0,0,0.0,0.0,0,0,0.0,442.88,1,1,1.0,4366.9,4,2,0.5,0
LGS2ORD0033253,C014642,2025-09-21 08:00:00,Male,60,Silver,Shopee,Phuket,1641,Shopee,COD,8,9,6,1,>50,54.7,7.0,2.0,0.2857142857142857,10,12,4418.995714285715,0.25,0.42857142857142855,0.2857142857142857,0.0,0.0,0,0,0.0,28364.43,3,1,0.3333333333333333,28364.43,3,1,0.3333333333333333,30932.97,7,2,0.2857142857142857,0
LGS2ORD0033254,C014854,2025-09-21 08:00:00,Male,41,Bronze,Shopee,Songkhla,641,Lazada,COD,8,9,6,1,40-50,21.366666666666667,4.0,0.0,0.0,-1,6,6665.4225,0.08,0.5,0.0,0.0,6975.95,1,0,0.0,6975.95,1,0,0.0,21237.77,2,0,0.0,26661.69,4,0,0.0,0
LGS2ORD0033255,C010066,2025-09-21 08:00:00,Female,45,Gold,TV,Bangkok,1005,Shopee,Credit_Card,8,9,6,1,40-50,33.5,8.0,0.0,0.0,-1,1,5273.36875,0.33,0.375,0.625,0.0,2090.02,2,0,0.0,2090.02,2,0,0.0,7665.929999999999,3,0,0.0,42186.95,8,0,0.0,0
LGS2ORD0033256,C014216,2025-09-21 09:00:00,Male,59,Bronze,TV,Chiang Mai,525,Shopee,COD,9,9,6,1,>50,17.5,3.0,1.0,0.3333333333333333,245,4,4937.843333333333,0.23,0.6666666666666666,0.6666666666666666,0.0,7596.51,1,0,0.0,7596.51,1,0,0.0,7596.51,1,0,0.0,14813.53,3,1,0.3333333333333333,1
LGS2ORD0033257,C017932,2025-09-21 09:00:00,Male,57,Platinum,Web,Songkhla,924,TV_Show,Bank_Transfer,9,9,6,1,>50,30.8,3.0,2.0,0.6666666666666666,72,39,6366.68,0.35,0.3333333333333333,0.3333333333333333,0.0,0.0,0,0,0.0,0.0,0,0,0.0,16397.43,2,1,0.5,19100.04,3,2,0.6666666666666666,0
LGS2ORD0033258,C012017,2025-09-21 09:00:00,Male,27,Silver,Shopee,Bangkok,1583,Web,PromptPay,9,9,6,1,20-30,52.766666666666666,4.0,1.0,0.25,235,143,4059.0725,0.2,0.25,0.0,0.0,0.0,0,0,0.0,0.0,0,0,0.0,0.0,0,0,0.0,16236.29,4,1,0.25,0
LGS2ORD0033259,C013724,2025-09-21 09:00:00,Female,37,Silver,Lazada,Remote_Area,1401,CallCenter,COD,9,9,6,1,30-40,46.7,5.0,2.0,0.4,110,29,3660.03,0.25,0.4,0.4,0.0,0.0,0,0,0.0,7982.35,1,0,0.0,7982.35,1,0,0.0,18300.15,5,2,0.4,1
LGS2ORD0033260,C015950,2025-09-21 09:00:00,Female,46,Silver,Web,Bangkok,1608,TV_Show,COD,9,9,6,1,40-50,53.6,4.0,0.0,0.0,-1,62,5052.2425,0.25,0.25,0.25,0.0,0.0,0,0,0.0,0.0,0,0,0.0,13822.269999999999,3,0,0.0,20208.97,4,0,0.0,1
LGS2ORD0033261,C013544,2025-09-21 10:00:00,Male,37,Bronze,Lazada,Bangkok,773,Web,Credit_Card,10,9,6,1,30-40,25.766666666666666,5.0,1.0,0.2,99,14,5693.634,0.23,0.8,0.2,0.0,0.0,0,0,0.0,19358.72,1,0,0.0,19358.72,1,0,0.0,28468.170000000002,5,1,0.2,0
LGS2ORD0033262,C011016,2025-09-21 10:00:00,Male,47,Bronze,CallCenter,Bangkok,1460,Web,Bank_Transfer,10,9,6,1,40-50,48.666666666666664,3.0,1.0,0.3333333333333333,97,89,1516.7033333333331,0.13,0.6666666666666666,0.0,0.0,0.0,0,0,0.0,0.0,0,0,0.0,847.53,1,0,0.0,4550.11,3,1,0.3333333333333333,0
LGS2ORD0033263,C012986,2025-09-21 10:00:00,Female,38,Silver,TV,Bangkok,1610,Web,Credit_Card,10,9,6,1,30-40,53.666666666666664,6.0,1.0,0.16666666666666666,153,23,5276.745,0.25,0.16666666666666666,0.3333333333333333,0.0,0.0,0,0,0.0,2999.93,1,0,0.0,17260.899999999998,3,0,0.0,31660.47,6,1,0.16666666666666666,0
LGS2ORD0033264,C016090,2025-09-21 10:00:00,Female,48,Silver,Shopee,Chonburi,591,Web,Credit_Card,10,9,6,1,40-50,19.7,2.0,0.0,0.0,-1,176,1749.2250000000001,0.25,0.0,0.5,0.0,0.0,0,0,0.0,0.0,0,0,0.0,0.0,0,0,0.0,3498.4500000000003,2,0,0.0,0
LGS2ORD0033265,C011446,2025-09-21 10:00:00,Male,33,Gold,TV,Chiang Mai,1462,Shopee,COD,10,9,6,1,30-40,48.733333333333334,5.0,1.0,0.2,149,34,4835.987999999999,0.28,0.8,0.6,0.0,0.0,0,0,0.0,0.0,0,0,0.0,5016.42,2,0,0.0,24179.94,5,1,0.2,0
LGS2ORD0033266,C011120,2025-09-21 10:00:00,Male,32,Silver,TV,Phuket,1326,CallCenter,COD,10,9,6,1,30-40,44.2,5.0,0.0,0.0,-1,2,3560.264,0.25,0.2,0.2,0.0,5731.54,1,0,0.0,10574.09,2,0,0.0,12484.810000000001,3,0,0.0,17801.32,5,0,0.0,1
LGS2ORD0033267,C015623,2025-09-21 11:00:00,Male,25,Silver,Shopee,Phuket,1407,TV_Show,COD,11,9,6,1,20-30,46.9,3.0,1.0,0.3333333333333333,20,5,2922.9500000000003,0.2,0.6666666666666666,0.0,0.0,1263.17,1,0,0.0,2738.77,2,1,0.5,2738.77,2,1,0.5,8768.85,3,1,0.3333333333333333,1
LGS2ORD0033268,C011788,2025-09-21 11:00:00,Male,66,Platinum,Lazada,Bangkok,799,Shopee,COD,11,9,6,1,>50,26.633333333333333,1.0,0.0,0.0,-1,201,247.26,0.3,1.0,1.0,0.0,0.0,0,0,0.0,0.0,0,0,0.0,0.0,0,0,0.0,247.26,1,0,0.0,0
LGS2ORD0033269,C016233,2025-09-21 11:00:00,Female,58,Silver,Lazada,Khon Kaen,1536,Shopee,COD,11,9,6,1,>50,51.2,5.0,1.0,0.2,239,56,2754.652,0.25,0.6,0.4,0.0,0.0,0,0,0.0,0.0,0,0,0.0,1023.52,1,0,0.0,13773.26,5,1,0.2,0
LGS2ORD0033270,C017230,2025-09-21 11:00:00,Male,25,Silver,CallCenter,Bangkok,1095,Shopee,COD,11,9,6,1,20-30,36.5,5.0,0.0,0.0,-1,30,8355.978000000001,0.3,0.6,0.2,0.0,0.0,0,0,0.0,0.0,0,0,0.0,3459.67,2,0,0.0,41779.89000000001,5,0,0.0,0
LGS2ORD0033271,C011368,2025-09-21 11:00:00,Female,35,Platinum,TV,Chiang Mai,1349,Web,Bank_Transfer,11,9,6,1,30-40,44.96666666666667,4.0,0.0,0.0,-1,69,4437.9925,0.3,0.75,0.5,0.0,0.0,0,0,0.0,0.0,0,0,0.0,3179.84,1,0,0.0,17751.97,4,0,0.0,0
LGS2ORD0033272,C013969,2025-09-21 12:00:00,Female,67,Platinum,Web,Chonburi,928,CallCenter,COD,12,9,6,1,>50,30.933333333333334,2.0,1.0,0.5,215,42,5813.6849999999995,0.3,0.5,0.5,0.0,0.0,0,0,0.0,0.0,0,0,0.0,2970.29,1,0,0.0,11627.369999999999,2,1,0.5,1
LGS2ORD0033273,C016744,2025-09-21 12:00:00,Female,27,Bronze,Web,Khon Kaen,1520,Shopee,COD,12,9,6,1,20-30,50.666666666666664,6.0,1.0,0.16666666666666666,90,8,5823.19,0.28,0.3333333333333333,0.3333333333333333,0.0,0.0,0,0,0.0,4368.57,1,0,0.0,4368.57,1,0,0.0,34939.14,6,1,0.16666666666666666,1
LGS2ORD0033274,C016792,2025-09-21 12:00:00,Male,34,Bronze,TV,Khon Kaen,1392,Web,COD,12,9,6,1,30-40,46.4,4.0,1.0,0.25,44,29,7032.0025000000005,0.18,0.5,0.0,0.0,0.0,0,0,0.0,13843.38,1,0,0.0,14606.24,2,1,0.5,28128.010000000002,4,1,0.25,0
LGS2ORD0033275,C010834,2025-09-21 12:00:00,Female,54,Gold,TV,Remote_Area,1720,Lazada,Bank_Transfer,12,9,6,1,>50,57.333333333333336,2.0,1.0,0.5,-1,8,3919.835,0.33,1.0,0.5,0.0,0.0,0,0,0.0,6089.23,1,1,1.0,6089.23,1,1,1.0,7839.67,2,1,0.5,1
LGS2ORD0033276,C012281,2025-09-21 12:00:00,Male,44,Platinum,Lazada,Songkhla,1575,CallCenter,COD,12,9,6,1,40-50,52.5,2.0,0.0,0.0,-1,156,1710.91,0.2,0.5,0.0,0.0,0.0,0,0,0.0,0.0,0,0,0.0,0.0,0,0,0.0,3421.82,2,0,0.0,0
LGS2ORD0033277,C016270,2025-09-21 13:00:00,Male,48,Bronze,Lazada,Songkhla,1379,Web,COD,13,9,6,1,40-50,45.96666666666667,5.0,2.0,0.4,224,4,6488.281999999999,0.28,1.0,0.2,0.0,14728.72,1,0,0.0,14728.72,1,0,0.0,17709.45,2,0,0.0,32441.409999999996,5,2,0.4,0
LGS2ORD0033278,C017436,2025-09-21 13:00:00,Female,41,Bronze,Web,Phuket,1235,Shopee,Bank_Transfer,13,9,6,1,40-50,41.166666666666664,5.0,4.0,0.8,41,47,2780.262,0.23,0.0,0.2,0.0,0.0,0,0,0.0,0.0,0,0,0.0,9984.26,3,2,0.6666666666666666,13901.310000000001,5,4,0.8,0
LGS2ORD0033279,C015144,2025-09-21 13:00:00,Male,56,Gold,Shopee,Chiang Mai,341,TV_Show,COD,13,9,6,1,>50,11.366666666666667,6.0,1.0,0.16666666666666666,44,53,5709.451666666667,0.33,0.6666666666666666,0.3333333333333333,0.0,0.0,0,0,0.0,0.0,0,0,0.0,14111.960000000001,2,1,0.5,34256.71,6,1,0.16666666666666666,0
LGS2ORD0033280,C014216,2025-09-21 13:00:00,Male,59,Bronze,TV,Chiang Mai,525,Lazada,COD,13,9,6,1,>50,17.5,4.0,2.0,0.5,-14,0,3942.0,0.23,0.75,0.5,0.0,8550.98,2,1,0.5,8550.98,2,1,0.5,8550.98,2,1,0.5,15768.0,4,2,0.5,0
LGS2ORD0033281,C010706,2025-09-21 13:00:00,Female,37,Silver,Lazada,Chonburi,483,Lazada,Bank_Transfer,13,9,6,1,30-40,16.1,4.0,2.0,0.5,81,35,3408.96,0.25,0.5,0.5,0.0,0.0,0,0,0.0,0.0,0,0,0.0,9192.26,2,0,0.0,13635.84,4,2,0.5,0
LGS2ORD0033282,C016230,2025-09-21 14:00:00,Male,33,Bronze,Shopee,Bangkok,789,TV_Show,PromptPay,14,9,6,1,30-40,26.3,6.0,0.0,0.0,-1,20,8093.938333333333,0.18,0.6666666666666666,0.0,0.0,0.0,0,0,0.0,26704.1,1,0,0.0,39908.38,3,0,0.0,48563.63,6,0,0.0,0
LGS2ORD0033283,C013659,2025-09-21 14:00:00,Male,72,Bronze,TV,Remote_Area,1422,Web,COD,14,9,6,1,>50,47.4,6.0,0.0,0.0,-1,28,4751.338333333334,0.28,0.3333333333333333,0.16666666666666666,0.0,0.0,0,0,0.0,2851.8,1,0,0.0,18962.25,4,0,0.0,28508.030000000002,6,0,0.0,0
LGS2ORD0033284,C016531,2025-09-21 14:00:00,Male,28,Gold,Web,Khon Kaen,1346,Web,Bank_Transfer,14,9,6,1,20-30,44.86666666666667,5.0,0.0,0.0,-1,40,5043.07,0.33,0.2,0.2,0.0,0.0,0,0,0.0,0.0,0,0,0.0,3526.18,2,0,0.0,25215.35,5,0,0.0,0
LGS2ORD0033285,C010319,2025-09-21 14:00:00,Male,29,Bronze,Web,Khon Kaen,1263,Web,Credit_Card,14,9,6,1,20-30,42.1,1.0,0.0,0.0,-1,38,1519.71,0.03,0.0,0.0,0.0,0.0,0,0,0.0,0.0,0,0,0.0,1519.71,1,0,0.0,1519.71,1,0,0.0,0
LGS2ORD0033286,C015557,2025-09-21 14:00:00,Female,44,Bronze,TV,Nakhon Ratchasima,348,Web,COD,14,9,6,1,40-50,11.6,3.0,1.0,0.3333333333333333,83,61,3018.816666666667,0.23,0.6666666666666666,0.3333333333333333,0.0,0.0,0,0,0.0,0.0,0,0,0.0,4729.32,1,0,0.0,9056.45,3,1,0.3333333333333333,0
LGS2ORD0033287,C013703,2025-09-21 14:00:00,Female,60,Bronze,TV,Remote_Area,597,Lazada,COD,14,9,6,1,>50,19.9,1.0,0.0,0.0,-1,67,832.85,0.03,0.0,0.0,0.0,0.0,0,0,0.0,0.0,0,0,0.0,832.85,1,0,0.0,832.85,1,0,0.0,0
LGS2ORD0033288,C013714,2025-09-21 15:00:00,Male,59,Silver,Web,Khon Kaen,981,Shopee,COD,15,9,6,1,>50,32.7,2.0,0.0,0.0,-1,11,4896.235,0.3,0.0,0.5,0.0,0.0,0,0,0.0,9228.65,1,0,0.0,9228.65,1,0,0.0,9792.47,2,0,0.0,1
LGS2ORD0033289,C014339,2025-09-21 15:00:00,Female,48,Bronze,CallCenter,Bangkok,672,Shopee,COD,15,9,6,1,40-50,22.4,4.0,1.0,0.25,19,35,3712.405,0.13,0.75,0.0,0.0,0.0,0,0,0.0,0.0,0,0,0.0,9668.84,2,1,0.5,14849.62,4,1,0.25,1
LGS2ORD0033290,C011226,2025-09-21 15:00:00,Male,56,Silver,TV,Remote_Area,1425,Web,PromptPay,15,9,6,1,>50,47.5,4.0,1.0,0.25,98,48,2458.4975,0.25,0.5,0.25,0.0,0.0,0,0,0.0,0.0,0,0,0.0,2331.06,1,0,0.0,9833.99,4,1,0.25,1
LGS2ORD0033291,C013046,2025-09-21 15:00:00,Male,72,Bronze,TV,Remote_Area,899,Web,COD,15,9,6,1,>50,29.966666666666665,4.0,2.0,0.5,60,1,3310.65,0.23,0.75,0.25,0.0,2820.76,1,0,0.0,2820.76,1,0,0.0,6106.89,3,1,0.3333333333333333,13242.6,4,2,0.5,0
LGS2ORD0033292,C017935,2025-09-21 15:00:00,Female,54,Bronze,Web,Phuket,1073,TV_Show,COD,15,9,6,1,>50,35.766666666666666,5.0,3.0,0.6,97,85,3821.6179999999995,0.18,0.8,0.0,0.0,0.0,0,0,0.0,0.0,0,0,0.0,1846.76,1,0,0.0,19108.089999999997,5,3,0.6,1
LGS2ORD0033293,C015541,2025-09-21 16:00:00,Female,62,Silver,TV,Chiang Mai,617,CallCenter,COD,16,9,6,1,>50,20.566666666666666,4.0,1.0,0.25,208,43,4028.93,0.3,1.0,0.25,0.0,0.0,0,0,0.0,0.0,0,0,0.0,3293.98,1,0,0.0,16115.72,4,1,0.25,0
LGS2ORD0033294,C012680,2025-09-21 16:00:00,Male,33,Silver,Web,Khon Kaen,568,CallCenter,PromptPay,16,9,6,1,30-40,18.933333333333334,2.0,0.0,0.0,-1,16,1670.4250000000002,0.25,0.5,0.5,0.0,0.0,0,0,0.0,2173.8,1,0,0.0,3340.8500000000004,2,0,0.0,3340.8500000000004,2,0,0.0,0
LGS2ORD0033295,C012608,2025-09-21 16:00:00,Female,62,Platinum,Shopee,Chiang Mai,1420,TV_Show,PromptPay,16,9,6,1,>50,47.333333333333336,4.0,0.0,0.0,-1,20,12189.377499999999,0.3,0.5,0.5,0.0,0.0,0,0,0.0,21322.62,1,0,0.0,40175.13,2,0,0.0,48757.509999999995,4,0,0.0,0
LGS2ORD0033296,C013030,2025-09-21 16:00:00,Female,63,Gold,TV,Songkhla,1494,TV_Show,COD,16,9,6,1,>50,49.8,2.0,0.0,0.0,-1,202,11454.085,0.08,0.0,0.0,0.0,0.0,0,0,0.0,0.0,0,0,0.0,0.0,0,0,0.0,22908.17,2,0,0.0,1
LGS2ORD0033297,C010759,2025-09-21 16:00:00,Female,51,Silver,TV,Nakhon Ratchasima,641,Lazada,Credit_Card,16,9,6,1,>50,21.366666666666667,6.0,1.0,0.16666666666666666,102,20,6570.506666666667,0.3,0.3333333333333333,0.16666666666666666,0.0,0.0,0,0,0.0,8081.1,1,0,0.0,8081.1,1,0,0.0,39423.04,6,1,0.16666666666666666,0
LGS2ORD0033298,C015004,2025-09-21 17:00:00,Female,34,Silver,Shopee,Khon Kaen,670,Shopee,COD,17,9,6,1,30-40,22.333333333333332,5.0,2.0,0.4,65,3,5386.414,0.2,0.6,0.0,0.0,11259.26,1,0,0.0,11259.26,1,0,0.0,13541.44,2,1,0.5,26932.07,5,2,0.4,0
LGS2ORD0033299,C011295,2025-09-21 17:00:00,Female,44,Silver,Lazada,Bangkok,576,Web,COD,17,9,6,1,40-50,19.2,5.0,0.0,0.0,-1,49,2448.496,0.25,0.2,0.4,0.0,0.0,0,0,0.0,0.0,0,0,0.0,4092.8100000000004,2,0,0.0,12242.480000000001,5,0,0.0,0
LGS2ORD0033300,C015194,2025-09-21 17:00:00,Female,34,Bronze,Web,Nakhon Ratchasima,322,CallCenter,COD,17,9,6,1,30-40,10.733333333333333,7.0,0.0,0.0,-1,37,8118.501428571429,0.18,0.42857142857142855,0.0,0.0,0.0,0,0,0.0,0.0,0,0,0.0,8653.25,1,0,0.0,56829.51,7,0,0.0,0
LGS2ORD0033301,C012349,2025-09-21 17:00:00,Male,48,Gold,TV,Nakhon Ratchasima,679,CallCenter,PromptPay,17,9,6,1,40-50,22.633333333333333,3.0,1.0,0.3333333333333333,50,63,3116.72,0.2299999999999999,0.0,0.3333333333333333,0.0,0.0,0,0,0.0,0.0,0,0,0.0,5302.93,1,1,1.0,9350.16,3,1,0.3333333333333333,0
LGS2ORD0033302,C010476,2025-09-21 17:00:00,Male,50,Bronze,Web,Phuket,275,TV_Show,COD,17,9,6,1,40-50,9.166666666666666,5.0,1.0,0.2,58,12,4532.843999999999,0.08,0.4,0.0,0.0,0.0,0,0,0.0,2995.55,1,0,0.0,5136.43,3,1,0.3333333333333333,22664.219999999998,5,1,0.2,0
LGS2ORD0033303,C016307,2025-09-21 18:00:00,Male,40,Silver,Shopee,Nakhon Ratchasima,1659,Lazada,COD,18,9,6,1,30-40,55.3,8.0,0.0,0.0,-1,32,4253.245000000001,0.25,0.375,0.125,0.0,0.0,0,0,0.0,0.0,0,0,0.0,8155.99,2,0,0.0,34025.96000000001,8,0,0.0,0
LGS2ORD0033304,C011635,2025-09-21 18:00:00,Female,18,Silver,Lazada,Phuket,344,CallCenter,COD,18,9,6,1,<20,11.466666666666667,5.0,1.0,0.2,76,52,5630.072,0.25,0.6,0.2,0.0,0.0,0,0,0.0,0.0,0,0,0.0,8739.0,3,1,0.3333333333333333,28150.36,5,1,0.2,1
LGS2ORD0033305,C014613,2025-09-21 18:00:00,Female,35,Gold,CallCenter,Bangkok,1083,Web,COD,18,9,6,1,30-40,36.1,4.0,3.0,0.75,80,94,5070.2525000000005,0.33,0.25,0.5,0.0,0.0,0,0,0.0,0.0,0,0,0.0,0.0,0,0,0.0,20281.010000000002,4,3,0.75,0
LGS2ORD0033306,C012922,2025-09-21 18:00:00,Female,70,Bronze,TV,Bangkok,610,Shopee,Bank_Transfer,18,9,6,1,>50,20.333333333333332,6.0,0.0,0.0,-1,86,3612.1900000000005,0.23,0.3333333333333333,0.3333333333333333,0.0,0.0,0,0,0.0,0.0,0,0,0.0,539.04,1,0,0.0,21673.140000000003,6,0,0.0,0
LGS2ORD0033307,C014216,2025-09-21 18:00:00,Male,59,Bronze,TV,Chiang Mai,525,Shopee,COD,18,9,6,1,>50,17.5,5.0,2.0,0.4,-14,0,4908.996,0.23,0.8,0.4,0.0,17327.96,3,1,0.3333333333333333,17327.96,3,1,0.3333333333333333,17327.96,3,1,0.3333333333333333,24544.98,5,2,0.4,0
LGS2ORD0033308,C012525,2025-09-21 18:00:00,Female,50,Bronze,Shopee,Bangkok,982,TV_Show,Credit_Card,18,9,6,1,40-50,32.733333333333334,9.0,3.0,0.3333333333333333,-5,4,4693.083333333332,0.28,0.7777777777777778,0.3333333333333333,0.0,2509.48,2,1,0.5,18521.41,4,2,0.5,20628.09,5,2,0.4,42237.74999999999,9,3,0.3333333333333333,0
LGS2ORD0033309,C012869,2025-09-21 19:00:00,Female,51,Bronze,Lazada,Chiang Mai,454,Shopee,COD,19,9,6,1,>50,15.133333333333333,9.0,3.0,0.3333333333333333,114,7,6504.052222222223,0.28,0.6666666666666666,0.3333333333333333,0.0,0.0,0,0,0.0,5493.44,2,0,0.0,19745.489999999998,4,0,0.0,58536.47,9,3,0.3333333333333333,0
LGS2ORD0033310,C015299,2025-09-21 19:00:00,Male,41,Bronze,CallCenter,Bangkok,1718,CallCenter,Bank_Transfer,19,9,6,1,40-50,57.266666666666666,6.0,0.0,0.0,-1,7,7017.823333333334,0.28,0.8333333333333334,0.3333333333333333,0.0,0.0,0,0,0.0,23419.07,1,0,0.0,32490.0,4,0,0.0,42106.94,6,0,0.0,0
LGS2ORD0033311,C013087,2025-09-21 19:00:00,Female,60,Bronze,Lazada,Bangkok,556,Lazada,Credit_Card,19,9,6,1,>50,18.533333333333335,5.0,1.0,0.2,52,64,5295.804,0.23,0.6,0.4,0.0,0.0,0,0,0.0,0.0,0,0,0.0,4340.5599999999995,2,1,0.5,26479.02,5,1,0.2,0
LGS2ORD0033312,C012922,2025-09-21 19:00:00,Female,70,Bronze,TV,Bangkok,610,Web,COD,19,9,6,1,>50,20.333333333333332,7.0,0.0,0.0,-1,0,3664.815714285715,0.23,0.2857142857142857,0.42857142857142855,0.0,3980.57,1,0,0.0,3980.57,1,0,0.0,4519.610000000001,2,0,0.0,25653.710000000003,7,0,0.0,0
LGS2ORD0033313,C016448,2025-09-21 19:00:00,Female,44,Bronze,Lazada,Bangkok,1702,Web,COD,19,9,6,1,40-50,56.733333333333334,4.0,0.0,0.0,-1,67,4264.9375,0.23,0.25,0.25,0.0,0.0,0,0,0.0,0.0,0,0,0.0,3624.44,1,0,0.0,17059.75,4,0,0.0,0
LGS2ORD0033314,C011131,2025-09-21 20:00:00,Female,42,Bronze,TV,Remote_Area,1480,Shopee,COD,20,9,6,1,40-50,49.333333333333336,7.0,0.0,0.0,-1,54,3640.798571428571,0.28,0.7142857142857143,0.2857142857142857,0.0,0.0,0,0,0.0,0.0,0,0,0.0,13002.74,2,0,0.0,25485.589999999997,7,0,0.0,1
LGS2ORD0033315,C011155,2025-09-21 20:00:00,Male,33,Silver,Shopee,Songkhla,1031,Lazada,COD,20,9,6,1,30-40,34.36666666666667,6.0,2.0,0.3333333333333333,22,38,10423.303333333333,0.3,0.6666666666666666,0.3333333333333333,0.0,0.0,0,0,0.0,0.0,0,0,0.0,21840.86,2,1,0.5,62539.82,6,2,0.3333333333333333,0
LGS2ORD0033316,C012466,2025-09-21 20:00:00,Female,28,Silver,Web,Chonburi,935,TV_Show,Credit_Card,20,9,6,1,20-30,31.166666666666668,5.0,0.0,0.0,-1,91,10954.134,0.25,0.6,0.2,0.0,0.0,0,0,0.0,0.0,0,0,0.0,0.0,0,0,0.0,54770.67,5,0,0.0,0
LGS2ORD0033317,C017901,2025-09-21 20:00:00,Male,44,Bronze,Shopee,Chiang Mai,1542,TV_Show,PromptPay,20,9,6,1,40-50,51.4,6.0,1.0,0.16666666666666666,190,50,6485.111666666667,0.28,0.16666666666666666,0.16666666666666666,0.0,0.0,0,0,0.0,0.0,0,0,0.0,12208.8,3,0,0.0,38910.67,6,1,0.16666666666666666,0
LGS2ORD0033318,C010913,2025-09-21 20:00:00,Female,48,Bronze,TV,Remote_Area,977,Shopee,COD,20,9,6,1,40-50,32.56666666666667,5.0,1.0,0.2,86,67,8846.554,0.23,0.6,0.2,0.0,0.0,0,0,0.0,0.0,0,0,0.0,1925.47,1,0,0.0,44232.77,5,1,0.2,0
LGS2ORD0033319,C016757,2025-09-21 21:00:00,Male,60,Bronze,Web,Phuket,1400,Shopee,Credit_Card,21,9,6,1,>50,46.666666666666664,4.0,2.0,0.5,144,136,4350.2075,0.18,1.0,0.0,0.0,0.0,0,0,0.0,0.0,0,0,0.0,0.0,0,0,0.0,17400.83,4,2,0.5,0
LGS2ORD0033320,C017259,2025-09-21 21:00:00,Male,57,Bronze,Shopee,Khon Kaen,701,Web,Credit_Card,21,9,6,1,>50,23.366666666666667,4.0,1.0,0.25,33,45,3192.6325,0.28,1.0,0.5,0.0,0.0,0,0,0.0,0.0,0,0,0.0,4700.8,1,1,1.0,12770.53,4,1,0.25,0
LGS2ORD0033321,C011521,2025-09-21 21:00:00,Male,38,Bronze,Lazada,Khon Kaen,1275,Web,Credit_Card,21,9,6,1,30-40,42.5,6.0,2.0,0.3333333333333333,89,43,2242.993333333333,0.28,0.3333333333333333,0.5,0.0,0.0,0,0,0.0,0.0,0,0,0.0,3858.46,2,0,0.0,13457.959999999997,6,2,0.3333333333333333,0
LGS2ORD0033322,C014700,2025-09-21 21:00:00,Female,48,Platinum,Web,Bangkok,1328,Web,Credit_Card,21,9,6,1,40-50,44.266666666666666,1.0,1.0,1.0,131,144,8839.69,0.1,0.0,0.0,0.0,0.0,0,0,0.0,0.0,0,0,0.0,0.0,0,0,0.0,8839.69,1,1,1.0,0
LGS2ORD0033323,C016682,2025-09-21 21:00:00,Female,53,Bronze,Lazada,Phuket,421,TV_Show,Bank_Transfer,21,9,6,1,>50,14.033333333333333,4.0,1.0,0.25,37,53,8033.445,0.18,0.25,0.0,0.0,0.0,0,0,0.0,0.0,0,0,0.0,9665.44,1,1,1.0,32133.78,4,1,0.25,0
LGS2ORD0033324,C011646,2025-09-21 21:00:00,Male,54,Bronze,TV,Phuket,1117,Shopee,COD,21,9,6,1,>50,37.233333333333334,5.0,1.0,0.2,75,57,12287.503999999999,0.23,0.6,0.4,0.0,0.0,0,0,0.0,0.0,0,0,0.0,21870.99,2,1,0.5,61437.52,5,1,0.2,1
LGS2ORD0033325,C013877,2025-09-21 22:00:00,Male,23,Gold,Shopee,Chiang Mai,468,Shopee,COD,22,9,6,1,20-30,15.6,1.0,1.0,1.0,78,83,19097.98,0.18,0.0,0.0,0.0,0.0,0,0,0.0,0.0,0,0,0.0,19097.98,1,1,1.0,19097.98,1,1,1.0,1
LGS2ORD0033326,C016618,2025-09-21 22:00:00,Male,67,Bronze,TV,Khon Kaen,416,Shopee,COD,22,9,6,1,>50,13.866666666666667,3.0,0.0,0.0,-1,146,3930.4600000000005,0.23,0.6666666666666666,0.3333333333333333,0.0,0.0,0,0,0.0,0.0,0,0,0.0,0.0,0,0,0.0,11791.380000000001,3,0,0.0,0
LGS2ORD0033327,C012533,2025-09-21 22:00:00,Female,31,Bronze,Shopee,Bangkok,832,Shopee,Bank_Transfer,22,9,6,1,30-40,27.733333333333334,8.0,0.0,0.0,-1,8,5021.248750000001,0.28,0.625,0.125,0.0,0.0,0,0,0.0,7356.58,2,0,0.0,18786.15,4,0,0.0,40169.990000000005,8,0,0.0,0
LGS2ORD0033328,C011382,2025-09-21 22:00:00,Male,30,Bronze,Lazada,Chonburi,1548,TV_Show,COD,22,9,6,1,20-30,51.6,5.0,0.0,0.0,-1,17,7106.286,0.23,0.4,0.2,0.0,0.0,0,0,0.0,18803.5,2,0,0.0,29065.16,4,0,0.0,35531.43,5,0,0.0,0
LGS2ORD0033329,C013942,2025-09-21 22:00:00,Female,50,Platinum,Lazada,Bangkok,980,Lazada,PromptPay,22,9,6,1,40-50,32.666666666666664,2.0,1.0,0.5,176,84,5286.275,0.25,0.0,0.5,0.0,0.0,0,0,0.0,0.0,0,0,0.0,670.91,1,0,0.0,10572.55,2,1,0.5,0
LGS2ORD0033330,C012181,2025-09-21 23:00:00,Female,47,Silver,Lazada,Bangkok,1089,Lazada,PromptPay,23,9,6,1,40-50,36.3,5.0,1.0,0.2,8,16,6405.825999999999,0.3,0.4,0.6,0.0,0.0,0,0,0.0,7989.610000000001,3,1,0.3333333333333333,7989.610000000001,3,1,0.3333333333333333,32029.129999999997,5,1,0.2,0
LGS2ORD0033331,C013821,2025-09-21 23:00:00,Male,18,Gold,Web,Bangkok,1624,Lazada,COD,23,9,6,1,<20,54.13333333333333,2.0,0.0,0.0,-1,173,12552.845000000001,0.08,0.0,0.0,0.0,0.0,0,0,0.0,0.0,0,0,0.0,0.0,0,0,0.0,25105.690000000002,2,0,0.0,1
LGS2ORD0033332,C014058,2025-09-21 23:00:00,Female,57,Platinum,Web,Bangkok,602,Lazada,COD,23,9,6,1,>50,20.066666666666666,3.0,0.0,0.0,-1,168,4636.456666666666,0.25,0.0,0.6666666666666666,0.0,0.0,0,0,0.0,0.0,0,0,0.0,0.0,0,0,0.0,13909.369999999999,3,0,0.0,0
LGS2ORD0033333,C011427,2025-09-21 23:00:00,Female,52,Silver,Shopee,Chiang Mai,1397,Web,PromptPay,23,9,6,1,>50,46.56666666666667,1.0,0.0,0.0,-1,24,502.71,0.25,0.0,1.0,0.0,0.0,0,0,0.0,502.71,1,0,0.0,502.71,1,0,0.0,502.71,1,0,0.0,0
LGS2ORD0033334,C016196,2025-09-21 23:00:00,Female,53,Silver,Shopee,Phuket,1488,Shopee,COD,23,9,6,1,>50,49.6,7.0,2.0,0.2857142857142857,71,45,5502.117142857142,0.3,0.5714285714285714,0.5714285714285714,0.0,0.0,0,0,0.0,0.0,0,0,0.0,7317.84,2,1,0.5,38514.82,7,2,0.2857142857142857,0
LGS2ORD0033335,C016956,2025-09-22 00:00:00,Male,30,Bronze,TV,Chonburi,1366,Lazada,COD,0,9,0,0,20-30,45.53333333333333,8.0,3.0,0.375,37,46,4561.1875,0.28,0.75,0.125,0.0,0.0,0,0,0.0,0.0,0,0,0.0,4259.43,1,1,1.0,36489.5,8,3,0.375,0
LGS2ORD0033336,C014587,2025-09-22 00:00:00,Male,27,Gold,TV,Bangkok,1425,TV_Show,Credit_Card,0,9,0,0,20-30,47.5,4.0,0.0,0.0,-1,103,8415.33,0.28,0.0,0.25,0.0,0.0,0,0,0.0,0.0,0,0,0.0,0.0,0,0,0.0,33661.32,4,0,0.0,0
LGS2ORD0033337,C017427,2025-09-22 00:00:00,Female,33,Bronze,Lazada,Khon Kaen,1141,Lazada,PromptPay,0,9,0,0,30-40,38.03333333333333,4.0,0.0,0.0,-1,14,10940.4275,0.18,0.0,0.0,0.0,0.0,0,0,0.0,29559.36,2,0,0.0,32113.27,3,0,0.0,43761.71,4,0,0.0,0
LGS2ORD0033338,C011820,2025-09-22 00:00:00,Male,41,Gold,Web,Bangkok,1495,TV_Show,PromptPay,0,9,0,0,40-50,49.833333333333336,4.0,0.0,0.0,-1,51,3600.775,0.28,0.25,0.75,0.0,0.0,0,0,0.0,0.0,0,0,0.0,7787.0,1,0,0.0,14403.1,4,0,0.0,0
LGS2ORD0033339,C011236,2025-09-22 00:00:00,Female,49,Silver,CallCenter,Bangkok,1173,TV_Show,PromptPay,0,9,0,0,40-50,39.1,5.0,2.0,0.4,90,52,5048.124000000001,0.3,1.0,0.8,0.0,0.0,0,0,0.0,0.0,0,0,0.0,7159.79,1,0,0.0,25240.620000000003,5,2,0.4,1
LGS2ORD0033340,C011320,2025-09-22 01:00:00,Male,47,Silver,Shopee,Chonburi,1033,Shopee,COD,1,9,0,0,40-50,34.43333333333333,6.0,1.0,0.16666666666666666,87,14,2981.998333333333,0.3,0.8333333333333334,0.16666666666666666,0.0,0.0,0,0,0.0,3221.41,1,0,0.0,3221.41,1,0,0.0,17891.989999999998,6,1,0.16666666666666666,0
LGS2ORD0033341,C012671,2025-09-22 01:00:00,Female,46,Silver,Lazada,Chonburi,1457,Shopee,PromptPay,1,9,0,0,40-50,48.56666666666667,2.0,1.0,0.5,211,43,13412.78,0.25,0.0,0.5,0.0,0.0,0,0,0.0,0.0,0,0,0.0,23941.09,1,0,0.0,26825.56,2,1,0.5,0
LGS2ORD0033342,C014110,2025-09-22 01:00:00,Male,60,Bronze,Shopee,Chiang Mai,796,Lazada,COD,1,9,0,0,>50,26.533333333333335,7.0,1.0,0.14285714285714285,44,46,3413.7328571428575,0.23,0.42857142857142855,0.2857142857142857,0.0,0.0,0,0,0.0,0.0,0,0,0.0,11958.53,2,1,0.5,23896.13,7,1,0.14285714285714285,0
LGS2ORD0033343,C015856,2025-09-22 01:00:00,Female,63,Bronze,Shopee,Bangkok,719,Shopee,COD,1,9,0,0,>50,23.966666666666665,3.0,1.0,0.3333333333333333,-6,4,4019.986666666666,0.23,0.6666666666666666,0.3333333333333333,0.0,6895.52,1,1,1.0,6895.52,1,1,1.0,6895.52,1,1,1.0,12059.96,3,1,0.3333333333333333,0
LGS2ORD0033344,C012686,2025-09-22 01:00:00,Female,64,Bronze,CallCenter,Bangkok,1437,TV_Show,COD,1,9,0,0,>50,47.9,5.0,0.0,0.0,-1,19,2898.6580000000004,0.28,0.4,0.4,0.0,0.0,0,0,0.0,11990.76,2,0,0.0,11990.76,2,0,0.0,14493.29,5,0,0.0,0
LGS2ORD0033345,C014044,2025-09-22 01:00:00,Male,33,Bronze,CallCenter,Bangkok,1034,Web,COD,1,9,0,0,30-40,34.46666666666667,5.0,1.0,0.2,124,9,2180.7740000000003,0.28,0.4,0.4,0.0,0.0,0,0,0.0,974.59,1,0,0.0,4727.2,3,0,0.0,10903.87,5,1,0.2,0
LGS2ORD0033346,C015215,2025-09-22 02:00:00,Female,24,Platinum,Web,Chonburi,1586,CallCenter,Credit_Card,2,9,0,0,20-30,52.86666666666667,1.0,1.0,1.0,85,93,3737.47,0.25,0.0,1.0,0.0,0.0,0,0,0.0,0.0,0,0,0.0,0.0,0,0,0.0,3737.47,1,1,1.0,0
LGS2ORD0033347,C014702,2025-09-22 02:00:00,Male,41,Bronze,Shopee,Bangkok,810,Lazada,PromptPay,2,9,0,0,40-50,27.0,3.0,0.0,0.0,-1,100,10283.890000000001,0.18,0.3333333333333333,0.0,0.0,0.0,0,0,0.0,0.0,0,0,0.0,0.0,0,0,0.0,30851.670000000002,3,0,0.0,1
LGS2ORD0033348,C011374,2025-09-22 02:00:00,Female,31,Silver,CallCenter,Chonburi,999,TV_Show,COD,2,9,0,0,30-40,33.3,3.0,2.0,0.6666666666666666,141,8,1840.76,0.25,0.0,0.3333333333333333,0.0,0.0,0,0,0.0,1787.91,1,0,0.0,1787.91,1,0,0.0,5522.28,3,2,0.6666666666666666,0
LGS2ORD0033349,C016993,2025-09-22 02:00:00,Female,32,Bronze,Shopee,Nakhon Ratchasima,319,Lazada,COD,2,9,0,0,30-40,10.633333333333333,6.0,2.0,0.3333333333333333,44,17,4112.433333333333,0.28,0.5,0.5,0.0,0.0,0,0,0.0,3489.69,1,0,0.0,7647.880000000001,3,1,0.3333333333333333,24674.600000000002,6,2,0.3333333333333333,0
LGS2ORD0033350,C010099,2025-09-22 02:00:00,Other,52,Bronze,Web,Khon Kaen,1241,Shopee,Credit_Card,2,9,0,0,>50,41.36666666666667,3.0,1.0,0.3333333333333333,221,155,4950.343333333333,0.18,0.3333333333333333,0.0,0.0,0.0,0,0,0.0,0.0,0,0,0.0,0.0,0,0,0.0,14851.029999999999,3,1,0.3333333333333333,0
LGS2ORD0033351,C015327,2025-09-22 03:00:00,Male,58,Platinum,TV,Phuket,1364,Lazada,Bank_Transfer,3,9,0,0,>50,45.46666666666667,7.0,3.0,0.42857142857142855,-5,4,2537.5400000000004,0.35,0.7142857142857143,0.42857142857142855,0.0,1261.02,1,1,1.0,3572.27,2,1,0.5,12690.37,4,1,0.25,17762.780000000002,7,3,0.42857142857142855,0
LGS2ORD0033352,C013499,2025-09-22 03:00:00,Male,36,Bronze,Web,Khon Kaen,925,Web,Bank_Transfer,3,9,0,0,30-40,30.833333333333332,8.0,2.0,0.25,109,21,2355.30375,0.28,0.5,0.375,0.0,0.0,0,0,0.0,2492.48,1,0,0.0,2492.48,1,0,0.0,18842.43,8,2,0.25,0
LGS2ORD0033353,C014557,2025-09-22 03:00:00,Female,58,Platinum,Lazada,Phuket,1697,CallCenter,Bank_Transfer,3,9,0,0,>50,56.56666666666667,4.0,0.0,0.0,-1,1,4026.1125,0.3,0.0,0.5,0.0,7687.06,1,0,0.0,7687.06,1,0,0.0,11228.32,2,0,0.0,16104.45,4,0,0.0,0
LGS2ORD0033354,C017370,2025-09-22 03:00:00,Male,46,Silver,TV,Bangkok,1648,Shopee,COD,3,9,0,0,40-50,54.93333333333333,7.0,2.0,0.2857142857142857,201,36,3957.1828571428573,0.25,0.5714285714285714,0.5714285714285714,0.0,0.0,0,0,0.0,0.0,0,0,0.0,707.15,1,0,0.0,27700.280000000002,7,2,0.2857142857142857,0
LGS2ORD0033355,C011462,2025-09-22 03:00:00,Female,47,Silver,TV,Phuket,1374,TV_Show,Credit_Card,3,9,0,0,40-50,45.8,8.0,2.0,0.25,-4,9,4644.075000000001,0.2,0.625,0.0,0.0,0.0,0,0,0.0,795.83,1,1,1.0,795.83,1,1,1.0,37152.600000000006,8,2,0.25,0
LGS2ORD0033356,C015286,2025-09-22 04:00:00,Female,32,Gold,CallCenter,Chiang Mai,1119,Lazada,COD,4,9,0,0,30-40,37.3,6.0,0.0,0.0,-1,49,4396.236666666667,0.33,0.16666666666666666,0.3333333333333333,0.0,0.0,0,0,0.0,0.0,0,0,0.0,15744.89,2,0,0.0,26377.420000000002,6,0,0.0,0
LGS2ORD0033357,C017710,2025-09-22 04:00:00,Female,50,Bronze,CallCenter,Bangkok,841,Shopee,COD,4,9,0,0,40-50,28.033333333333335,5.0,1.0,0.2,204,39,4399.246,0.28,0.2,0.4,0.0,0.0,0,0,0.0,0.0,0,0,0.0,14249.369999999999,2,0,0.0,21996.23,5,1,0.2,0
LGS2ORD0033358,C010439,2025-09-22 04:00:00,Female,48,Bronze,TV,Bangkok,1247,Web,COD,4,9,0,0,40-50,41.56666666666667,10.0,3.0,0.3,41,42,2634.055,0.23,0.7,0.1,0.0,0.0,0,0,0.0,0.0,0,0,0.0,5712.66,2,1,0.5,26340.55,10,3,0.3,0
LGS2ORD0033359,C010757,2025-09-22 04:00:00,Male,60,Bronze,Shopee,Phuket,1063,Shopee,COD,4,9,0,0,>50,35.43333333333333,3.0,1.0,0.3333333333333333,112,47,1989.5666666666666,0.08,1.0,0.0,0.0,0.0,0,0,0.0,0.0,0,0,0.0,3202.34,1,0,0.0,5968.7,3,1,0.3333333333333333,0
LGS2ORD0033360,C012621,2025-09-22 04:00:00,Male,59,Gold,TV,Bangkok,467,Shopee,Credit_Card,4,9,0,0,>50,15.566666666666666,4.0,0.0,0.0,-1,13,5902.5575,0.33,0.75,0.5,0.0,0.0,0,0,0.0,8831.78,2,0,0.0,8831.78,2,0,0.0,23610.23,4,0,0.0,0
LGS2ORD0033361,C011160,2025-09-22 05:00:00,Female,41,Bronze,Shopee,Songkhla,1309,CallCenter,COD,5,9,0,0,40-50,43.63333333333333,4.0,3.0,0.75,48,57,1790.3300000000002,0.23,0.75,0.25,0.0,0.0,0,0,0.0,0.0,0,0,0.0,7161.320000000001,4,3,0.75,7161.320000000001,4,3,0.75,0
LGS2ORD0033362,C016930,2025-09-22 05:00:00,Female,62,Bronze,Web,Songkhla,640,Lazada,COD,5,9,0,0,>50,21.333333333333332,1.0,0.0,0.0,-1,141,2908.9,0.13,0.0,0.0,0.0,0.0,0,0,0.0,0.0,0,0,0.0,0.0,0,0,0.0,2908.9,1,0,0.0,0
LGS2ORD0033363,C014909,2025-09-22 05:00:00,Female,44,Bronze,Shopee,Phuket,517,Shopee,Credit_Card,5,9,0,0,40-50,17.233333333333334,7.0,1.0,0.14285714285714285,68,6,7068.828571428571,0.23,0.42857142857142855,0.14285714285714285,0.0,4795.63,1,0,0.0,4795.63,1,0,0.0,11989.380000000001,3,1,0.3333333333333333,49481.799999999996,7,1,0.14285714285714285,0
LGS2ORD0033364,C010007,2025-09-22 05:00:00,Male,48,Gold,Shopee,Remote_Area,406,TV_Show,COD,5,9,0,0,40-50,13.533333333333333,8.0,2.0,0.25,-15,3,6604.4675,0.28,0.75,0.75,0.0,23985.71,1,1,1.0,23985.71,1,1,1.0,27864.18,3,1,0.3333333333333333,52835.74,8,2,0.25,0
LGS2ORD0033365,C012242,2025-09-22 05:00:00,Male,54,Silver,CallCenter,Chonburi,1135,TV_Show,Credit_Card,5,9,0,0,>50,37.833333333333336,5.0,1.0,0.2,48,60,3770.4019999999996,0.2,0.6,0.0,0.0,0.0,0,0,0.0,0.0,0,0,0.0,13043.060000000001,2,1,0.5,18852.01,5,1,0.2,0
LGS2ORD0033366,C016991,2025-09-22 05:00:00,Male,42,Bronze,TV,Remote_Area,633,CallCenter,COD,5,9,0,0,40-50,21.1,3.0,1.0,0.3333333333333333,174,104,10345.843333333332,0.23,0.6666666666666666,0.3333333333333333,0.0,0.0,0,0,0.0,0.0,0,0,0.0,0.0,0,0,0.0,31037.53,3,1,0.3333333333333333,0
LGS2ORD0033367,C012336,2025-09-22 06:00:00,Female,38,Bronze,Lazada,Khon Kaen,851,Shopee,Credit_Card,6,9,0,0,30-40,28.366666666666667,4.0,2.0,0.5,28,35,3228.6000000000004,0.08,0.25,0.0,0.0,0.0,0,0,0.0,0.0,0,0,0.0,8750.08,2,1,0.5,12914.400000000001,4,2,0.5,0
LGS2ORD0033368,C011046,2025-09-22 06:00:00,Female,47,Gold,TV,Remote_Area,1149,Lazada,COD,6,9,0,0,40-50,38.3,5.0,1.0,0.2,198,15,9540.424,0.2299999999999999,0.2,0.4,0.0,0.0,0,0,0.0,6688.79,1,0,0.0,6688.79,1,0,0.0,47702.12,5,1,0.2,1
LGS2ORD0033369,C013302,2025-09-22 06:00:00,Male,56,Silver,TV,Remote_Area,1328,Web,Credit_Card,6,9,0,0,>50,44.266666666666666,6.0,3.0,0.5,38,46,3176.6216666666674,0.3,0.3333333333333333,0.6666666666666666,0.0,0.0,0,0,0.0,0.0,0,0,0.0,3538.21,2,2,1.0,19059.730000000003,6,3,0.5,0
LGS2ORD0033370,C011222,2025-09-22 06:00:00,Male,48,Bronze,Web,Songkhla,1708,Web,COD,6,9,0,0,40-50,56.93333333333333,7.0,3.0,0.42857142857142855,92,101,6305.768571428572,0.23,0.42857142857142855,0.14285714285714285,0.0,0.0,0,0,0.0,0.0,0,0,0.0,0.0,0,0,0.0,44140.380000000005,7,3,0.42857142857142855,1
LGS2ORD0033371,C016587,2025-09-22 06:00:00,Male,47,Bronze,Shopee,Chiang Mai,781,TV_Show,COD,6,9,0,0,40-50,26.033333333333335,5.0,1.0,0.2,133,113,3259.388,0.18,0.6,0.0,0.0,0.0,0,0,0.0,0.0,0,0,0.0,0.0,0,0,0.0,16296.94,5,1,0.2,0
LGS2ORD0033372,C015815,2025-09-22 07:00:00,Female,47,Bronze,Web,Bangkok,1448,Shopee,Bank_Transfer,7,9,0,0,40-50,48.266666666666666,2.0,0.0,0.0,-1,91,2356.4750000000004,0.18,1.0,0.0,0.0,0.0,0,0,0.0,0.0,0,0,0.0,0.0,0,0,0.0,4712.950000000001,2,0,0.0,0
LGS2ORD0033373,C011798,2025-09-22 07:00:00,Female,39,Silver,Lazada,Bangkok,1514,Web,PromptPay,7,9,0,0,30-40,50.46666666666667,2.0,0.0,0.0,-1,73,2896.605,0.3,0.0,0.5,0.0,0.0,0,0,0.0,0.0,0,0,0.0,1071.78,1,0,0.0,5793.21,2,0,0.0,0
LGS2ORD0033374,C016646,2025-09-22 07:00:00,Male,38,Bronze,TV,Chiang Mai,562,CallCenter,Credit_Card,7,9,0,0,30-40,18.733333333333334,11.0,3.0,0.2727272727272727,18,27,5927.469090909091,0.28,0.6363636363636364,0.18181818181818182,0.0,0.0,0,0,0.0,26500.969999999998,2,1,0.5,40133.31,4,1,0.25,65202.16,11,3,0.2727272727272727,0
LGS2ORD0033375,C010698,2025-09-22 07:00:00,Male,44,Gold,Shopee,Chonburi,465,CallCenter,COD,7,9,0,0,40-50,15.5,3.0,1.0,0.3333333333333333,235,127,4040.816666666667,0.33,0.6666666666666666,0.6666666666666666,0.0,0.0,0,0,0.0,0.0,0,0,0.0,0.0,0,0,0.0,12122.45,3,1,0.3333333333333333,1
LGS2ORD0033376,C010070,2025-09-22 07:00:00,Female,48,Platinum,Lazada,Chiang Mai,394,Web,COD,7,9,0,0,40-50,13.133333333333333,4.0,1.0,0.25,140,30,7373.942499999999,0.3,0.0,0.5,0.0,0.0,0,0,0.0,0.0,0,0,0.0,14712.119999999999,2,0,0.0,29495.769999999997,4,1,0.25,0
LGS2ORD0033377,C015010,2025-09-22 08:00:00,Female,41,Bronze,Shopee,Bangkok,472,Lazada,PromptPay,8,9,0,0,40-50,15.733333333333333,5.0,1.0,0.2,-7,2,3732.064,0.28,0.2,0.4,0.0,5316.68,2,1,0.5,5316.68,2,1,0.5,10391.24,3,1,0.3333333333333333,18660.32,5,1,0.2,0
LGS2ORD0033378,C015279,2025-09-22 08:00:00,Female,53,Platinum,Web,Chiang Mai,279,TV_Show,Credit_Card,8,9,0,0,>50,9.3,4.0,2.0,0.5,21,37,4195.245,0.35,0.0,0.5,0.0,0.0,0,0,0.0,0.0,0,0,0.0,13036.87,1,1,1.0,16780.98,4,2,0.5,0
LGS2ORD0033379,C010960,2025-09-22 08:00:00,Female,51,Bronze,TV,Chonburi,575,CallCenter,COD,8,9,0,0,>50,19.166666666666668,3.0,0.0,0.0,-1,134,2222.2466666666664,0.18,0.3333333333333333,0.0,0.0,0.0,0,0,0.0,0.0,0,0,0.0,0.0,0,0,0.0,6666.74,3,0,0.0,0
LGS2ORD0033380,C013586,2025-09-22 08:00:00,Male,36,Bronze,TV,Phuket,671,Lazada,COD,8,9,0,0,30-40,22.366666666666667,3.0,2.0,0.6666666666666666,37,39,2011.03,0.28,0.6666666666666666,1.0,0.0,0.0,0,0,0.0,0.0,0,0,0.0,3055.77,1,1,1.0,6033.09,3,2,0.6666666666666666,1
LGS2ORD0033381,C015746,2025-09-22 08:00:00,Male,31,Bronze,Web,Khon Kaen,1575,Lazada,Bank_Transfer,8,9,0,0,30-40,52.5,2.0,1.0,0.5,161,54,7898.54,0.23,0.5,0.5,0.0,0.0,0,0,0.0,0.0,0,0,0.0,11347.0,1,0,0.0,15797.08,2,1,0.5,0
LGS2ORD0033382,C017976,2025-09-22 09:00:00,Female,37,Silver,TV,Chonburi,1599,TV_Show,PromptPay,9,9,0,0,30-40,53.3,4.0,1.0,0.25,160,77,5853.1525,0.2,0.5,0.0,0.0,0.0,0,0,0.0,0.0,0,0,0.0,6117.07,2,0,0.0,23412.61,4,1,0.25,0
LGS2ORD0033383,C012090,2025-09-22 09:00:00,Female,23,Gold,TV,Chonburi,1670,CallCenter,Credit_Card,9,9,0,0,20-30,55.666666666666664,1.0,1.0,1.0,114,129,11326.58,0.18,1.0,0.0,0.0,0.0,0,0,0.0,0.0,0,0,0.0,0.0,0,0,0.0,11326.58,1,1,1.0,0
LGS2ORD0033384,C013239,2025-09-22 09:00:00,Male,29,Bronze,Shopee,Khon Kaen,753,Lazada,PromptPay,9,9,0,0,20-30,25.1,13.0,5.0,0.38461538461538464,-4,1,5626.237692307692,0.28,0.46153846153846156,0.38461538461538464,0.0,13425.39,1,1,1.0,31599.14,5,1,0.2,42340.67,7,2,0.2857142857142857,73141.09,13,5,0.38461538461538464,0
LGS2ORD0033385,C017190,2025-09-22 09:00:00,Male,50,Bronze,TV,Nakhon Ratchasima,545,Lazada,Bank_Transfer,9,9,0,0,40-50,18.166666666666668,4.0,3.0,0.75,74,31,3906.1724999999997,0.23,0.5,0.25,0.0,0.0,0,0,0.0,0.0,0,0,0.0,11715.52,2,1,0.5,15624.689999999999,4,3,0.75,0
LGS2ORD0033386,C011180,2025-09-22 09:00:00,Male,55,Bronze,Web,Nakhon Ratchasima,970,Lazada,COD,9,9,0,0,>50,32.333333333333336,4.0,1.0,0.25,63,36,6935.245,0.28,0.75,0.5,0.0,0.0,0,0,0.0,0.0,0,0,0.0,25021.920000000002,2,1,0.5,27740.98,4,1,0.25,1
LGS2ORD0033387,C013896,2025-09-22 09:00:00,Female,65,Bronze,TV,Phuket,635,TV_Show,COD,9,9,0,0,>50,21.166666666666668,8.0,7.0,0.875,55,20,3361.58875,0.23,0.875,0.5,0.0,0.0,0,0,0.0,4088.22,1,0,0.0,4487.36,2,1,0.5,26892.71,8,7,0.875,0
LGS2ORD0033388,C014222,2025-09-22 10:00:00,Female,23,Gold,Lazada,Bangkok,432,Web,COD,10,9,0,0,20-30,14.4,2.0,1.0,0.5,112,123,878.29,0.28,0.5,0.5,0.0,0.0,0,0,0.0,0.0,0,0,0.0,0.0,0,0,0.0,1756.58,2,1,0.5,0
LGS2ORD0033389,C013934,2025-09-22 10:00:00,Female,36,Bronze,CallCenter,Khon Kaen,518,Lazada,PromptPay,10,9,0,0,30-40,17.266666666666666,6.0,0.0,0.0,-1,50,9485.616666666667,0.23,0.16666666666666666,0.6666666666666666,0.0,0.0,0,0,0.0,0.0,0,0,0.0,7258.57,2,0,0.0,56913.700000000004,6,0,0.0,0
LGS2ORD0033390,C015774,2025-09-22 10:00:00,Female,44,Gold,Shopee,Nakhon Ratchasima,837,CallCenter,Credit_Card,10,9,0,0,40-50,27.9,0.0,0.0,0.0,-1,-1,0.0,0.0,0.0,0.0,0.0,0.0,0,0,0.0,0.0,0,0,0.0,0.0,0,0,0.0,0.0,0,0,0.0,0
LGS2ORD0033391,C014631,2025-09-22 10:00:00,Female,49,Silver,TV,Chonburi,570,Shopee,PromptPay,10,9,0,0,40-50,19.0,2.0,1.0,0.5,244,81,1517.51,0.1,0.5,0.0,0.0,0.0,0,0,0.0,0.0,0,0,0.0,1160.16,1,0,0.0,3035.02,2,1,0.5,0
LGS2ORD0033392,C016614,2025-09-22 10:00:00,Male,21,Bronze,Web,Bangkok,768,Shopee,COD,10,9,0,0,20-30,25.6,7.0,3.0,0.42857142857142855,70,84,7881.424285714286,0.18,0.42857142857142855,0.0,0.0,0.0,0,0,0.0,0.0,0,0,0.0,3904.83,1,1,1.0,55169.97,7,3,0.42857142857142855,0
LGS2ORD0033393,C010803,2025-09-22 11:00:00,Male,41,Gold,Web,Bangkok,1350,Web,PromptPay,11,9,0,0,40-50,45.0,0.0,0.0,0.0,-1,-1,0.0,0.0,0.0,0.0,0.0,0.0,0,0,0.0,0.0,0,0,0.0,0.0,0,0,0.0,0.0,0,0,0.0,0
LGS2ORD0033394,C015996,2025-09-22 11:00:00,Other,55,Silver,Web,Bangkok,461,Web,COD,11,9,0,0,>50,15.366666666666667,5.0,1.0,0.2,256,142,11756.622000000001,0.2,0.2,0.0,0.0,0.0,0,0,0.0,0.0,0,0,0.0,0.0,0,0,0.0,58783.11000000001,5,1,0.2,0
LGS2ORD0033395,C014958,2025-09-22 11:00:00,Male,41,Bronze,Lazada,Nakhon Ratchasima,300,TV_Show,COD,11,9,0,0,40-50,10.0,2.0,0.0,0.0,-1,3,11846.53,0.08,0.5,0.0,0.0,13215.2,1,0,0.0,13215.2,1,0,0.0,13215.2,1,0,0.0,23693.06,2,0,0.0,1
LGS2ORD0033396,C015361,2025-09-22 11:00:00,Female,46,Bronze,TV,Chonburi,1044,TV_Show,PromptPay,11,9,0,0,40-50,34.8,7.0,2.0,0.2857142857142857,198,153,6969.558571428572,0.23,0.8571428571428571,0.14285714285714285,0.0,0.0,0,0,0.0,0.0,0,0,0.0,0.0,0,0,0.0,48786.91,7,2,0.2857142857142857,0
LGS2ORD0033397,C017563,2025-09-22 11:00:00,Other,26,Gold,Shopee,Bangkok,1114,Shopee,COD,11,9,0,0,20-30,37.13333333333333,2.0,0.0,0.0,-1,25,1794.2649999999999,0.2299999999999999,0.5,0.5,0.0,0.0,0,0,0.0,1022.43,1,0,0.0,3588.5299999999997,2,0,0.0,3588.5299999999997,2,0,0.0,0
LGS2ORD0033398,C017262,2025-09-22 12:00:00,Male,42,Silver,Web,Khon Kaen,1705,Web,COD,12,9,0,0,40-50,56.833333333333336,0.0,0.0,0.0,-1,-1,0.0,0.0,0.0,0.0,0.0,0.0,0,0,0.0,0.0,0,0,0.0,0.0,0,0,0.0,0.0,0,0,0.0,1
LGS2ORD0033399,C011964,2025-09-22 12:00:00,Male,68,Bronze,Web,Chiang Mai,371,Web,PromptPay,12,9,0,0,>50,12.366666666666667,7.0,1.0,0.14285714285714285,115,68,3887.6414285714286,0.28,0.5714285714285714,0.2857142857142857,0.0,0.0,0,0,0.0,0.0,0,0,0.0,9816.59,3,0,0.0,27213.49,7,1,0.14285714285714285,0
LGS2ORD0033400,C012610,2025-09-22 12:00:00,Other,42,Silver,TV,Remote_Area,706,CallCenter,PromptPay,12,9,0,0,40-50,23.533333333333335,5.0,3.0,0.6,3,17,1232.182,0.2,0.8,0.0,0.0,0.0,0,0,0.0,1559.93,1,1,1.0,3511.05,2,2,1.0,6160.91,5,3,0.6,0
LGS2ORD0033401,C013968,2025-09-22 12:00:00,Male,46,Silver,Web,Bangkok,1065,CallCenter,COD,12,9,0,0,40-50,35.5,3.0,2.0,0.6666666666666666,20,27,6434.81,0.2,0.3333333333333333,0.0,0.0,0.0,0,0,0.0,6825.2,1,1,1.0,6825.2,1,1,1.0,19304.43,3,2,0.6666666666666666,0
LGS2ORD0033402,C010659,2025-09-22 12:00:00,Female,30,Bronze,Web,Songkhla,1489,TV_Show,PromptPay,12,9,0,0,20-30,49.63333333333333,2.0,0.0,0.0,-1,129,4637.974999999999,0.08,0.5,0.0,0.0,0.0,0,0,0.0,0.0,0,0,0.0,0.0,0,0,0.0,9275.949999999999,2,0,0.0,0
LGS2ORD0033403,C013701,2025-09-22 13:00:00,Other,66,Gold,CallCenter,Khon Kaen,1435,Shopee,COD,13,9,0,0,>50,47.833333333333336,5.0,1.0,0.2,179,123,4660.0199999999995,0.28,0.4,0.4,0.0,0.0,0,0,0.0,0.0,0,0,0.0,0.0,0,0,0.0,23300.1,5,1,0.2,0
LGS2ORD0033404,C013269,2025-09-22 13:00:00,Male,38,Silver,Lazada,Bangkok,1393,Lazada,COD,13,9,0,0,30-40,46.43333333333333,5.0,1.0,0.2,87,35,3364.364,0.25,0.4,0.4,0.0,0.0,0,0,0.0,0.0,0,0,0.0,11774.14,3,0,0.0,16821.82,5,1,0.2,1
LGS2ORD0033405,C016522,2025-09-22 13:00:00,Female,46,Bronze,Shopee,Bangkok,1234,CallCenter,COD,13,9,0,0,40-50,41.13333333333333,6.0,2.0,0.3333333333333333,124,84,6549.901666666668,0.28,0.5,0.16666666666666666,0.0,0.0,0,0,0.0,0.0,0,0,0.0,1472.93,1,0,0.0,39299.41,6,2,0.3333333333333333,0
LGS2ORD0033406,C014271,2025-09-22 13:00:00,Female,38,Bronze,Shopee,Chonburi,782,TV_Show,Credit_Card,13,9,0,0,30-40,26.066666666666666,10.0,2.0,0.2,2,9,3548.0840000000003,0.28,0.3,0.3,0.0,0.0,0,0,0.0,13800.320000000002,3,1,0.3333333333333333,13800.320000000002,3,1,0.3333333333333333,35480.840000000004,10,2,0.2,0
LGS2ORD0033407,C010464,2025-09-22 13:00:00,Female,45,Gold,CallCenter,Bangkok,439,Web,COD,13,9,0,0,40-50,14.633333333333333,6.0,0.0,0.0,-1,26,2317.476666666667,0.28,0.3333333333333333,0.8333333333333334,0.0,0.0,0,0,0.0,3882.58,1,0,0.0,5867.19,2,0,0.0,13904.86,6,0,0.0,1
LGS2ORD0033408,C010006,2025-09-22 13:00:00,Female,40,Silver,Shopee,Chiang Mai,1149,Shopee,COD,13,9,0,0,30-40,38.3,6.0,0.0,0.0,-1,34,4777.258333333333,0.25,0.6666666666666666,0.16666666666666666,0.0,0.0,0,0,0.0,0.0,0,0,0.0,1780.84,1,0,0.0,28663.55,6,0,0.0,0
LGS2ORD0033409,C010364,2025-09-22 14:00:00,Male,41,Silver,TV,Chonburi,1037,Web,PromptPay,14,9,0,0,40-50,34.56666666666667,3.0,0.0,0.0,-1,95,8872.246666666668,0.3,1.0,0.6666666666666666,0.0,0.0,0,0,0.0,0.0,0,0,0.0,0.0,0,0,0.0,26616.74,3,0,0.0,1
LGS2ORD0033410,C013916,2025-09-22 14:00:00,Male,26,Gold,CallCenter,Bangkok,1049,Lazada,PromptPay,14,9,0,0,20-30,34.96666666666667,7.0,1.0,0.14285714285714285,39,3,5982.012857142857,0.33,0.42857142857142855,0.42857142857142855,0.0,6777.73,1,0,0.0,19432.07,3,0,0.0,41147.33,6,1,0.16666666666666666,41874.09,7,1,0.14285714285714285,1
LGS2ORD0033411,C017953,2025-09-22 14:00:00,Male,53,Bronze,TV,Chonburi,809,Web,PromptPay,14,9,0,0,>50,26.966666666666665,4.0,0.0,0.0,-1,12,4956.0575,0.28,0.25,0.25,0.0,0.0,0,0,0.0,3464.77,1,0,0.0,3464.77,1,0,0.0,19824.23,4,0,0.0,0
LGS2ORD0033412,C017784,2025-09-22 14:00:00,Female,47,Bronze,TV,Remote_Area,346,Lazada,COD,14,9,0,0,40-50,11.533333333333333,8.0,5.0,0.625,59,48,3072.52875,0.23,0.375,0.25,0.0,0.0,0,0,0.0,0.0,0,0,0.0,9063.34,4,2,0.5,24580.23,8,5,0.625,0
LGS2ORD0033413,C016448,2025-09-22 14:00:00,Female,44,Bronze,Lazada,Bangkok,1703,Shopee,Credit_Card,14,9,0,0,40-50,56.766666666666666,5.0,0.0,0.0,-1,0,4189.508,0.23,0.4,0.2,0.0,3887.79,1,0,0.0,3887.79,1,0,0.0,7512.23,2,0,0.0,20947.54,5,0,0.0,0
LGS2ORD0033414,C015092,2025-09-22 15:00:00,Female,59,Gold,TV,Bangkok,1267,CallCenter,PromptPay,15,9,0,0,>50,42.233333333333334,3.0,0.0,0.0,-1,42,1586.4233333333334,0.28,1.0,0.6666666666666666,0.0,0.0,0,0,0.0,0.0,0,0,0.0,1499.22,1,0,0.0,4759.27,3,0,0.0,0
LGS2ORD0033415,C014267,2025-09-22 15:00:00,Male,55,Gold,TV,Chonburi,1343,Shopee,COD,15,9,0,0,>50,44.766666666666666,3.0,1.0,0.3333333333333333,240,18,2511.2900000000004,0.18,0.6666666666666666,0.0,0.0,0.0,0,0,0.0,2937.61,1,0,0.0,2937.61,1,0,0.0,7533.870000000001,3,1,0.3333333333333333,0
LGS2ORD0033416,C014146,2025-09-22 15:00:00,Female,37,Bronze,Lazada,Khon Kaen,1022,Web,PromptPay,15,9,0,0,30-40,34.06666666666667,8.0,1.0,0.125,-11,5,4939.0175,0.28,0.75,0.125,0.0,856.05,1,1,1.0,19920.41,2,1,0.5,19920.41,2,1,0.5,39512.14,8,1,0.125,1
LGS2ORD0033417,C015869,2025-09-22 15:00:00,Female,56,Bronze,Lazada,Phuket,1450,Web,Credit_Card,15,9,0,0,>50,48.333333333333336,4.0,3.0,0.75,54,62,8355.5675,0.28,0.25,0.25,0.0,0.0,0,0,0.0,0.0,0,0,0.0,13511.76,2,2,1.0,33422.27,4,3,0.75,1
LGS2ORD0033418,C012967,2025-09-22 15:00:00,Female,38,Silver,TV,Nakhon Ratchasima,1198,Shopee,Bank_Transfer,15,9,0,0,30-40,39.93333333333333,1.0,0.0,0.0,-1,39,1662.27,0.25,0.0,1.0,0.0,0.0,0,0,0.0,0.0,0,0,0.0,1662.27,1,0,0.0,1662.27,1,0,0.0,1
LGS2ORD0033419,C014072,2025-09-22 16:00:00,Male,43,Bronze,TV,Chiang Mai,1469,Lazada,Credit_Card,16,9,0,0,40-50,48.96666666666667,2.0,0.0,0.0,-1,109,6011.445,0.23,0.5,0.5,0.0,0.0,0,0,0.0,0.0,0,0,0.0,0.0,0,0,0.0,12022.89,2,0,0.0,0
LGS2ORD0033420,C014333,2025-09-22 16:00:00,Female,38,Bronze,Shopee,Remote_Area,352,CallCenter,Bank_Transfer,16,9,0,0,30-40,11.733333333333333,5.0,0.0,0.0,-1,5,5404.303999999999,0.28,0.6,0.2,0.0,740.42,1,0,0.0,740.42,1,0,0.0,13194.89,2,0,0.0,27021.519999999997,5,0,0.0,0
LGS2ORD0033421,C015885,2025-09-22 16:00:00,Female,46,Platinum,Web,Khon Kaen,1374,Shopee,Credit_Card,16,9,0,0,40-50,45.8,3.0,1.0,0.3333333333333333,242,96,7870.263333333333,0.1,0.3333333333333333,0.0,0.0,0.0,0,0,0.0,0.0,0,0,0.0,0.0,0,0,0.0,23610.79,3,1,0.3333333333333333,0
LGS2ORD0033422,C014915,2025-09-22 16:00:00,Female,33,Gold,Shopee,Nakhon Ratchasima,1162,Lazada,Bank_Transfer,16,9,0,0,30-40,38.733333333333334,5.0,0.0,0.0,-1,52,8146.073999999999,0.13,0.6,0.0,0.0,0.0,0,0,0.0,0.0,0,0,0.0,13424.42,2,0,0.0,40730.369999999995,5,0,0.0,0
LGS2ORD0033423,C010618,2025-09-22 16:00:00,Other,45,Bronze,Shopee,Nakhon Ratchasima,1196,CallCenter,PromptPay,16,9,0,0,40-50,39.86666666666667,5.0,0.0,0.0,-1,77,7328.152000000002,0.28,0.4,0.6,0.0,0.0,0,0,0.0,0.0,0,0,0.0,1887.33,1,0,0.0,36640.76000000001,5,0,0.0,0
LGS2ORD0033424,C017519,2025-09-22 17:00:00,Female,43,Silver,Lazada,Nakhon Ratchasima,525,TV_Show,COD,17,9,0,0,40-50,17.5,6.0,1.0,0.16666666666666666,113,15,4553.013333333333,0.2,0.8333333333333334,0.0,0.0,0.0,0,0,0.0,3402.23,1,0,0.0,19417.71,2,0,0.0,27318.079999999998,6,1,0.16666666666666666,0
LGS2ORD0033425,C013131,2025-09-22 17:00:00,Female,55,Silver,TV,Chiang Mai,794,Web,PromptPay,17,9,0,0,>50,26.466666666666665,5.0,0.0,0.0,-1,2,5121.272,0.3,0.4,0.6,0.0,751.68,1,0,0.0,4195.55,2,0,0.0,17594.74,3,0,0.0,25606.36,5,0,0.0,0
LGS2ORD0033426,C012392,2025-09-22 17:00:00,Female,44,Bronze,CallCenter,Songkhla,1154,Lazada,COD,17,9,0,0,40-50,38.46666666666667,5.0,2.0,0.4,35,47,2633.672,0.18,0.8,0.0,0.0,0.0,0,0,0.0,0.0,0,0,0.0,2454.57,1,1,1.0,13168.36,5,2,0.4,1
LGS2ORD0033427,C017860,2025-09-22 17:00:00,Male,48,Bronze,Shopee,Chiang Mai,1186,Shopee,Bank_Transfer,17,9,0,0,40-50,39.53333333333333,2.0,0.0,0.0,-1,111,6793.585,0.18,0.5,0.0,0.0,0.0,0,0,0.0,0.0,0,0,0.0,0.0,0,0,0.0,13587.17,2,0,0.0,0
LGS2ORD0033428,C011108,2025-09-22 17:00:00,Female,42,Bronze,TV,Phuket,1395,CallCenter,COD,17,9,0,0,40-50,46.5,3.0,1.0,0.3333333333333333,103,110,13973.476666666667,0.23,0.0,0.3333333333333333,0.0,0.0,0,0,0.0,0.0,0,0,0.0,0.0,0,0,0.0,41920.43,3,1,0.3333333333333333,1
LGS2ORD0033429,C016714,2025-09-22 17:00:00,Male,22,Gold,Lazada,Khon Kaen,1251,Web,COD,17,9,0,0,20-30,41.7,1.0,1.0,1.0,102,112,3487.58,0.08,1.0,0.0,0.0,0.0,0,0,0.0,0.0,0,0,0.0,0.0,0,0,0.0,3487.58,1,1,1.0,0
LGS2ORD0033430,C014157,2025-09-22 18:00:00,Male,59,Gold,TV,Khon Kaen,1711,Web,Credit_Card,18,9,0,0,>50,57.03333333333333,3.0,0.0,0.0,-1,53,3032.8233333333333,0.28,0.0,1.0,0.0,0.0,0,0,0.0,0.0,0,0,0.0,7324.37,1,0,0.0,9098.47,3,0,0.0,0
LGS2ORD0033431,C017386,2025-09-22 18:00:00,Male,66,Bronze,Shopee,Remote_Area,786,CallCenter,Credit_Card,18,9,0,0,>50,26.2,6.0,2.0,0.3333333333333333,45,32,4579.12,0.28,0.5,0.3333333333333333,0.0,0.0,0,0,0.0,0.0,0,0,0.0,3057.25,2,1,0.5,27474.72,6,2,0.3333333333333333,1
LGS2ORD0033432,C013006,2025-09-22 18:00:00,Male,20,Bronze,CallCenter,Remote_Area,951,Web,Credit_Card,18,9,0,0,<20,31.7,4.0,1.0,0.25,191,56,5173.46,0.23,1.0,0.25,0.0,0.0,0,0,0.0,0.0,0,0,0.0,8927.61,2,0,0.0,20693.84,4,1,0.25,1
LGS2ORD0033433,C017046,2025-09-22 18:00:00,Female,51,Platinum,Shopee,Bangkok,1705,Web,COD,18,9,0,0,>50,56.833333333333336,0.0,0.0,0.0,-1,-1,0.0,0.0,0.0,0.0,0.0,0.0,0,0,0.0,0.0,0,0,0.0,0.0,0,0,0.0,0.0,0,0,0.0,0
LGS2ORD0033434,C015222,2025-09-22 18:00:00,Male,46,Gold,Web,Nakhon Ratchasima,1201,Web,PromptPay,18,9,0,0,40-50,40.03333333333333,2.0,0.0,0.0,-1,18,1660.4499999999998,0.33,0.0,1.0,0.0,0.0,0,0,0.0,1349.12,1,0,0.0,3320.8999999999996,2,0,0.0,3320.8999999999996,2,0,0.0,0
LGS2ORD0033435,C012374,2025-09-22 19:00:00,Male,40,Bronze,Lazada,Remote_Area,603,Lazada,COD,19,9,0,0,30-40,20.1,5.0,2.0,0.4,180,121,9782.780000000002,0.18,0.6,0.0,0.0,0.0,0,0,0.0,0.0,0,0,0.0,0.0,0,0,0.0,48913.90000000001,5,2,0.4,1
LGS2ORD0033436,C011731,2025-09-22 19:00:00,Male,41,Bronze,Lazada,Bangkok,544,CallCenter,PromptPay,19,9,0,0,40-50,18.133333333333333,4.0,0.0,0.0,-1,48,9670.8675,0.13,0.5,0.0,0.0,0.0,0,0,0.0,0.0,0,0,0.0,7250.08,2,0,0.0,38683.47,4,0,0.0,0
LGS2ORD0033437,C013977,2025-09-22 19:00:00,Male,62,Bronze,TV,Chiang Mai,1362,Shopee,Credit_Card,19,9,0,0,>50,45.4,3.0,1.0,0.3333333333333333,213,160,5495.016666666666,0.18,0.6666666666666666,0.0,0.0,0.0,0,0,0.0,0.0,0,0,0.0,0.0,0,0,0.0,16485.05,3,1,0.3333333333333333,0
LGS2ORD0033438,C017297,2025-09-22 19:00:00,Male,38,Gold,TV,Nakhon Ratchasima,565,Web,COD,19,9,0,0,30-40,18.833333333333332,3.0,0.0,0.0,-1,36,4447.41,0.28,0.3333333333333333,0.3333333333333333,0.0,0.0,0,0,0.0,0.0,0,0,0.0,13342.23,3,0,0.0,13342.23,3,0,0.0,0
LGS2ORD0033439,C013138,2025-09-22 19:00:00,Male,48,Bronze,TV,Khon Kaen,1315,Shopee,COD,19,9,0,0,40-50,43.833333333333336,2.0,0.0,0.0,-1,55,2595.0550000000003,0.28,0.0,0.5,0.0,0.0,0,0,0.0,0.0,0,0,0.0,2341.3,1,0,0.0,5190.110000000001,2,0,0.0,0
LGS2ORD0033440,C010849,2025-09-22 20:00:00,Female,32,Bronze,CallCenter,Chiang Mai,1256,Web,COD,20,9,0,0,30-40,41.86666666666667,2.0,0.0,0.0,-1,61,1403.585,0.03,0.0,0.0,0.0,0.0,0,0,0.0,0.0,0,0,0.0,1494.14,1,0,0.0,2807.17,2,0,0.0,0
LGS2ORD0033441,C014362,2025-09-22 20:00:00,Male,48,Gold,TV,Songkhla,888,Shopee,COD,20,9,0,0,40-50,29.6,5.0,2.0,0.4,20,33,8040.5700000000015,0.33,0.4,0.4,0.0,0.0,0,0,0.0,0.0,0,0,0.0,27902.46,2,1,0.5,40202.850000000006,5,2,0.4,1
LGS2ORD0033442,C017623,2025-09-22 20:00:00,Female,41,Silver,Web,Chiang Mai,1452,Lazada,PromptPay,20,9,0,0,40-50,48.4,4.0,0.0,0.0,-1,37,3587.8925,0.3,0.5,0.5,0.0,0.0,0,0,0.0,0.0,0,0,0.0,10818.84,1,0,0.0,14351.57,4,0,0.0,0
LGS2ORD0033443,C017785,2025-09-22 20:00:00,Female,58,Silver,Lazada,Khon Kaen,1071,Web,COD,20,9,0,0,>50,35.7,4.0,0.0,0.0,-1,32,12732.9275,0.2,0.75,0.0,0.0,0.0,0,0,0.0,0.0,0,0,0.0,45558.7,3,0,0.0,50931.71,4,0,0.0,0
LGS2ORD0033444,C015022,2025-09-22 20:00:00,Male,43,Gold,Web,Bangkok,1657,Shopee,COD,20,9,0,0,40-50,55.233333333333334,1.0,1.0,1.0,97,106,1800.85,0.18,1.0,0.0,0.0,0.0,0,0,0.0,0.0,0,0,0.0,0.0,0,0,0.0,1800.85,1,1,1.0,0
LGS2ORD0033445,C012475,2025-09-22 20:00:00,Female,32,Bronze,Lazada,Bangkok,1137,Lazada,PromptPay,20,9,0,0,30-40,37.9,5.0,2.0,0.4,55,53,7190.0,0.28,0.8,0.6,0.0,0.0,0,0,0.0,0.0,0,0,0.0,5132.7,2,1,0.5,35950.0,5,2,0.4,1
LGS2ORD0033446,C010824,2025-09-22 21:00:00,Male,34,Silver,TV,Khon Kaen,1239,CallCenter,COD,21,9,0,0,30-40,41.3,6.0,1.0,0.16666666666666666,98,38,7569.9783333333335,0.25,0.6666666666666666,0.16666666666666666,0.0,0.0,0,0,0.0,0.0,0,0,0.0,2478.57,1,0,0.0,45419.87,6,1,0.16666666666666666,0
LGS2ORD0033447,C011883,2025-09-22 21:00:00,Male,41,Gold,Lazada,Chiang Mai,1119,Web,Credit_Card,21,9,0,0,40-50,37.3,0.0,0.0,0.0,-1,-1,0.0,0.0,0.0,0.0,0.0,0.0,0,0,0.0,0.0,0,0,0.0,0.0,0,0,0.0,0.0,0,0,0.0,0
LGS2ORD0033448,C016353,2025-09-22 21:00:00,Male,44,Silver,TV,Bangkok,592,Shopee,COD,21,9,0,0,40-50,19.733333333333334,0.0,0.0,0.0,-1,-1,0.0,0.0,0.0,0.0,0.0,0.0,0,0,0.0,0.0,0,0,0.0,0.0,0,0,0.0,0.0,0,0,0.0,0
LGS2ORD0033449,C016277,2025-09-22 21:00:00,Male,61,Bronze,Shopee,Remote_Area,940,TV_Show,Bank_Transfer,21,9,0,0,>50,31.333333333333332,9.0,2.0,0.2222222222222222,153,14,3338.756666666666,0.28,0.6666666666666666,0.3333333333333333,0.0,0.0,0,0,0.0,704.92,1,0,0.0,704.92,1,0,0.0,30048.809999999998,9,2,0.2222222222222222,0
LGS2ORD0033450,C016796,2025-09-22 21:00:00,Male,59,Gold,TV,Phuket,491,Web,COD,21,9,0,0,>50,16.366666666666667,1.0,0.0,0.0,-1,182,2211.82,0.08,0.0,0.0,0.0,0.0,0,0,0.0,0.0,0,0,0.0,0.0,0,0,0.0,2211.82,1,0,0.0,0
LGS2ORD0033451,C011470,2025-09-22 22:00:00,Female,51,Gold,CallCenter,Phuket,1452,Web,COD,22,9,0,0,>50,48.4,2.0,0.0,0.0,-1,46,2617.905,0.18,0.5,0.0,0.0,0.0,0,0,0.0,0.0,0,0,0.0,1042.34,1,0,0.0,5235.81,2,0,0.0,0
LGS2ORD0033452,C010665,2025-09-22 22:00:00,Male,43,Bronze,Lazada,Bangkok,1541,TV_Show,Credit_Card,22,9,0,0,40-50,51.36666666666667,1.0,0.0,0.0,-1,178,2721.17,0.28,1.0,1.0,0.0,0.0,0,0,0.0,0.0,0,0,0.0,0.0,0,0,0.0,2721.17,1,0,0.0,1
LGS2ORD0033453,C014836,2025-09-22 22:00:00,Male,51,Silver,TV,Remote_Area,1234,Lazada,COD,22,9,0,0,>50,41.13333333333333,4.0,3.0,0.75,18,28,7016.085,0.25,0.25,0.25,0.0,0.0,0,0,0.0,765.88,1,1,1.0,17835.940000000002,2,2,1.0,28064.34,4,3,0.75,0
LGS2ORD0033454,C014692,2025-09-22 22:00:00,Female,56,Bronze,CallCenter,Bangkok,396,TV_Show,COD,22,9,0,0,>50,13.2,1.0,0.0,0.0,-1,45,6687.03,0.03,0.0,0.0,0.0,0.0,0,0,0.0,0.0,0,0,0.0,6687.03,1,0,0.0,6687.03,1,0,0.0,0
LGS2ORD0033455,C011038,2025-09-22 22:00:00,Male,65,Bronze,TV,Bangkok,974,Shopee,COD,22,9,0,0,>50,32.46666666666667,4.0,2.0,0.5,47,40,4480.975,0.23,0.5,0.25,0.0,0.0,0,0,0.0,0.0,0,0,0.0,6248.26,2,1,0.5,17923.9,4,2,0.5,0
LGS2ORD0033456,C013003,2025-09-22 23:00:00,Female,42,Bronze,Lazada,Chiang Mai,1042,Shopee,Credit_Card,23,9,0,0,40-50,34.733333333333334,7.0,0.0,0.0,-1,61,4734.231428571429,0.23,0.0,0.2857142857142857,0.0,0.0,0,0,0.0,0.0,0,0,0.0,6915.3,1,0,0.0,33139.62,7,0,0.0,1
LGS2ORD0033457,C011154,2025-09-22 23:00:00,Male,18,Bronze,Web,Nakhon Ratchasima,1267,Web,COD,23,9,0,0,<20,42.233333333333334,6.0,1.0,0.16666666666666666,38,6,11807.501666666665,0.23,0.6666666666666666,0.16666666666666666,0.0,2902.67,1,0,0.0,2902.67,1,0,0.0,47426.03999999999,4,1,0.25,70845.01,6,1,0.16666666666666666,0
LGS2ORD0033458,C011943,2025-09-22 23:00:00,Female,50,Silver,Web,Remote_Area,841,Shopee,Bank_Transfer,23,9,0,0,40-50,28.033333333333335,6.0,4.0,0.6666666666666666,52,60,6226.211666666667,0.2,0.8333333333333334,0.0,0.0,0.0,0,0,0.0,0.0,0,0,0.0,13588.14,2,2,1.0,37357.270000000004,6,4,0.6666666666666666,1
LGS2ORD0033459,C017061,2025-09-22 23:00:00,Female,40,Bronze,Shopee,Bangkok,985,Web,COD,23,9,0,0,30-40,32.833333333333336,6.0,0.0,0.0,-1,13,11455.301666666666,0.18,0.3333333333333333,0.0,0.0,0.0,0,0,0.0,4163.89,1,0,0.0,4163.89,1,0,0.0,68731.81,6,0,0.0,1
LGS2ORD0033460,C016201,2025-09-22 23:00:00,Female,53,Silver,TV,Nakhon Ratchasima,620,Lazada,COD,23,9,0,0,>50,20.666666666666668,2.0,0.0,0.0,-1,64,13817.555,0.25,0.0,0.5,0.0,0.0,0,0,0.0,0.0,0,0,0.0,17460.22,1,0,0.0,27635.11,2,0,0.0,0
LGS2ORD0033461,C012220,2025-09-23 00:00:00,Male,52,Silver,TV,Bangkok,1276,Shopee,Credit_Card,0,9,1,0,>50,42.53333333333333,5.0,0.0,0.0,-1,16,7015.036,0.25,0.4,0.4,0.0,0.0,0,0,0.0,833.89,1,0,0.0,2124.24,2,0,0.0,35075.18,5,0,0.0,0
LGS2ORD0033462,C016064,2025-09-23 00:00:00,Female,43,Bronze,Lazada,Chonburi,686,Shopee,COD,0,9,1,0,40-50,22.866666666666667,1.0,0.0,0.0,-1,147,3612.86,0.03,0.0,0.0,0.0,0.0,0,0,0.0,0.0,0,0,0.0,0.0,0,0,0.0,3612.86,1,0,0.0,0
LGS2ORD0033463,C011352,2025-09-23 00:00:00,Male,71,Gold,TV,Songkhla,1260,Web,COD,0,9,1,0,>50,42.0,4.0,1.0,0.25,14,18,7788.209999999999,0.28,0.5,0.75,0.0,0.0,0,0,0.0,939.14,1,1,1.0,939.14,1,1,1.0,31152.839999999997,4,1,0.25,0
LGS2ORD0033464,C017141,2025-09-23 00:00:00,Male,44,Gold,Lazada,Bangkok,1252,Web,Credit_Card,0,9,1,0,40-50,41.733333333333334,6.0,2.0,0.3333333333333333,30,44,10084.526666666665,0.33,0.16666666666666666,0.3333333333333333,0.0,0.0,0,0,0.0,0.0,0,0,0.0,9056.42,2,1,0.5,60507.15999999999,6,2,0.3333333333333333,0
LGS2ORD0033465,C010796,2025-09-23 00:00:00,Male,53,Bronze,Web,Bangkok,1539,CallCenter,COD,0,9,1,0,>50,51.3,6.0,1.0,0.16666666666666666,126,84,2424.5049999999997,0.23,0.3333333333333333,0.16666666666666666,0.0,0.0,0,0,0.0,0.0,0,0,0.0,2878.15,1,0,0.0,14547.029999999999,6,1,0.16666666666666666,0
LGS2ORD0033466,C016943,2025-09-23 00:00:00,Female,45,Bronze,TV,Bangkok,823,CallCenter,COD,0,9,1,0,40-50,27.433333333333334,6.0,1.0,0.16666666666666666,169,21,8253.513333333334,0.28,0.6666666666666666,0.3333333333333333,0.0,0.0,0,0,0.0,5828.41,1,0,0.0,23325.07,2,0,0.0,49521.08,6,1,0.16666666666666666,0
LGS2ORD0033467,C013192,2025-09-23 01:00:00,Male,53,Gold,Shopee,Khon Kaen,693,Shopee,COD,1,9,1,0,>50,23.1,7.0,1.0,0.14285714285714285,245,40,4280.254285714285,0.2299999999999999,0.7142857142857143,0.2857142857142857,0.0,0.0,0,0,0.0,0.0,0,0,0.0,4246.6,2,0,0.0,29961.78,7,1,0.14285714285714285,0
LGS2ORD0033468,C010837,2025-09-23 01:00:00,Female,54,Bronze,Web,Chiang Mai,1164,Shopee,COD,1,9,1,0,>50,38.8,3.0,1.0,0.3333333333333333,-7,3,4380.1866666666665,0.23,0.3333333333333333,0.3333333333333333,0.0,3624.17,1,1,1.0,3624.17,1,1,1.0,5345.32,2,1,0.5,13140.56,3,1,0.3333333333333333,1
LGS2ORD0033469,C015201,2025-09-23 01:00:00,Female,38,Silver,TV,Bangkok,1115,CallCenter,COD,1,9,1,0,30-40,37.166666666666664,4.0,0.0,0.0,-1,53,2213.915,0.3,0.25,0.5,0.0,0.0,0,0,0.0,0.0,0,0,0.0,1738.49,1,0,0.0,8855.66,4,0,0.0,1
LGS2ORD0033470,C017510,2025-09-23 01:00:00,Male,32,Gold,CallCenter,Khon Kaen,1567,TV_Show,Bank_Transfer,1,9,1,0,30-40,52.233333333333334,4.0,2.0,0.5,152,70,4976.0650000000005,0.33,0.5,0.25,0.0,0.0,0,0,0.0,0.0,0,0,0.0,11736.24,1,0,0.0,19904.260000000002,4,2,0.5,0
LGS2ORD0033471,C013844,2025-09-23 01:00:00,Other,51,Gold,Shopee,Khon Kaen,400,Shopee,Bank_Transfer,1,9,1,0,>50,13.333333333333334,1.0,0.0,0.0,-1,39,1757.05,0.08,0.0,0.0,0.0,0.0,0,0,0.0,0.0,0,0,0.0,1757.05,1,0,0.0,1757.05,1,0,0.0,0
LGS2ORD0033472,C012904,2025-09-23 02:00:00,Male,51,Gold,Shopee,Nakhon Ratchasima,417,CallCenter,PromptPay,2,9,1,0,>50,13.9,4.0,2.0,0.5,97,109,4472.2275,0.33,0.25,1.0,0.0,0.0,0,0,0.0,0.0,0,0,0.0,0.0,0,0,0.0,17888.91,4,2,0.5,0
LGS2ORD0033473,C011323,2025-09-23 02:00:00,Male,36,Silver,Web,Nakhon Ratchasima,850,Web,COD,2,9,1,0,30-40,28.333333333333332,6.0,1.0,0.16666666666666666,239,62,7925.328333333332,0.25,0.6666666666666666,0.16666666666666666,0.0,0.0,0,0,0.0,0.0,0,0,0.0,543.84,1,0,0.0,47551.969999999994,6,1,0.16666666666666666,0
LGS2ORD0033474,C010490,2025-09-23 02:00:00,Male,41,Bronze,CallCenter,Songkhla,1510,CallCenter,PromptPay,2,9,1,0,40-50,50.333333333333336,5.0,2.0,0.4,37,53,10285.644,0.18,0.2,0.0,0.0,0.0,0,0,0.0,0.0,0,0,0.0,2074.22,1,1,1.0,51428.22,5,2,0.4,0
LGS2ORD0033475,C017231,2025-09-23 02:00:00,Female,44,Gold,Shopee,Bangkok,1601,Web,Credit_Card,2,9,1,0,40-50,53.36666666666667,4.0,0.0,0.0,-1,16,8457.2275,0.33,0.25,0.5,0.0,0.0,0,0,0.0,23108.95,1,0,0.0,28565.65,2,0,0.0,33828.91,4,0,0.0,0
LGS2ORD0033476,C016945,2025-09-23 02:00:00,Female,35,Bronze,TV,Bangkok,1089,TV_Show,COD,2,9,1,0,30-40,36.3,2.0,0.0,0.0,-1,48,7220.3099999999995,0.18,1.0,0.0,0.0,0.0,0,0,0.0,0.0,0,0,0.0,14440.619999999999,2,0,0.0,14440.619999999999,2,0,0.0,0
LGS2ORD0033477,C011806,2025-09-23 03:00:00,Male,37,Bronze,TV,Chonburi,296,CallCenter,COD,3,9,1,0,30-40,9.866666666666667,2.0,1.0,0.5,44,39,4567.54,0.23,0.5,0.5,0.0,0.0,0,0,0.0,0.0,0,0,0.0,9135.08,2,1,0.5,9135.08,2,1,0.5,0
LGS2ORD0033478,C014155,2025-09-23 03:00:00,Female,33,Platinum,Web,Bangkok,367,Shopee,COD,3,9,1,0,30-40,12.233333333333333,4.0,1.0,0.25,130,4,2864.4275000000002,0.35,0.25,0.75,0.0,1939.74,1,0,0.0,1939.74,1,0,0.0,1939.74,1,0,0.0,11457.710000000001,4,1,0.25,0
LGS2ORD0033479,C017567,2025-09-23 03:00:00,Male,55,Bronze,TV,Bangkok,671,TV_Show,COD,3,9,1,0,>50,22.366666666666667,6.0,2.0,0.3333333333333333,-1,3,4165.445,0.28,0.6666666666666666,0.16666666666666666,0.0,12056.73,1,1,1.0,12056.73,1,1,1.0,12056.73,1,1,1.0,24992.67,6,2,0.3333333333333333,1
LGS2ORD0033480,C016245,2025-09-23 03:00:00,Male,45,Platinum,TV,Khon Kaen,326,CallCenter,PromptPay,3,9,1,0,40-50,10.866666666666667,3.0,1.0,0.3333333333333333,141,38,3938.593333333333,0.35,0.3333333333333333,0.6666666666666666,0.0,0.0,0,0,0.0,0.0,0,0,0.0,6911.2699999999995,2,0,0.0,11815.779999999999,3,1,0.3333333333333333,1
LGS2ORD0033481,C014842,2025-09-23 03:00:00,Male,54,Bronze,Web,Remote_Area,711,TV_Show,Credit_Card,3,9,1,0,>50,23.7,3.0,1.0,0.3333333333333333,41,56,2752.4933333333333,0.18,1.0,0.0,0.0,0.0,0,0,0.0,0.0,0,0,0.0,1536.87,1,1,1.0,8257.48,3,1,0.3333333333333333,0
LGS2ORD0033482,C010557,2025-09-23 04:00:00,Male,51,Bronze,TV,Nakhon Ratchasima,1645,Shopee,Credit_Card,4,9,1,0,>50,54.833333333333336,2.0,2.0,1.0,-2,5,2247.755,0.18,0.5,0.0,0.0,2804.43,1,1,1.0,2804.43,1,1,1.0,2804.43,1,1,1.0,4495.51,2,2,1.0,0
LGS2ORD0033483,C016052,2025-09-23 04:00:00,Male,31,Platinum,TV,Songkhla,476,Lazada,Credit_Card,4,9,1,0,30-40,15.866666666666667,6.0,2.0,0.3333333333333333,46,20,7585.713333333333,0.35,0.3333333333333333,0.3333333333333333,0.0,0.0,0,0,0.0,3354.99,1,0,0.0,43667.04,5,2,0.4,45514.28,6,2,0.3333333333333333,0
LGS2ORD0033484,C017358,2025-09-23 04:00:00,Female,50,Gold,Web,Chiang Mai,1173,Web,Bank_Transfer,4,9,1,0,40-50,39.1,4.0,0.0,0.0,-1,23,14480.1125,0.33,0.5,1.0,0.0,0.0,0,0,0.0,3639.92,1,0,0.0,3639.92,1,0,0.0,57920.45,4,0,0.0,0
LGS2ORD0033485,C013777,2025-09-23 04:00:00,Female,42,Bronze,Shopee,Nakhon Ratchasima,670,TV_Show,COD,4,9,1,0,40-50,22.333333333333332,1.0,1.0,1.0,152,164,3139.48,0.08,0.0,0.0,0.0,0.0,0,0,0.0,0.0,0,0,0.0,0.0,0,0,0.0,3139.48,1,1,1.0,0
LGS2ORD0033486,C016987,2025-09-23 04:00:00,Male,64,Bronze,TV,Songkhla,617,Shopee,COD,4,9,1,0,>50,20.566666666666666,5.0,3.0,0.6,57,64,13812.178,0.28,0.8,0.2,0.0,0.0,0,0,0.0,0.0,0,0,0.0,6584.46,1,1,1.0,69060.89,5,3,0.6,0
LGS2ORD0033487,C013011,2025-09-23 04:00:00,Female,24,Silver,TV,Chonburi,1218,CallCenter,Bank_Transfer,4,9,1,0,20-30,40.6,2.0,0.0,0.0,-1,26,3813.815,0.25,0.0,0.5,0.0,0.0,0,0,0.0,2959.2,1,0,0.0,2959.2,1,0,0.0,7627.63,2,0,0.0,0
LGS2ORD0033488,C010509,2025-09-23 05:00:00,Female,31,Gold,Shopee,Songkhla,1246,TV_Show,COD,5,9,1,0,30-40,41.53333333333333,4.0,2.0,0.5,76,23,5561.38,0.28,0.75,0.25,0.0,0.0,0,0,0.0,10630.34,1,0,0.0,16030.650000000001,2,1,0.5,22245.52,4,2,0.5,1
LGS2ORD0033489,C012144,2025-09-23 05:00:00,Male,53,Gold,Lazada,Phuket,1215,TV_Show,PromptPay,5,9,1,0,>50,40.5,3.0,0.0,0.0,-1,40,1113.45,0.2299999999999999,0.0,0.6666666666666666,0.0,0.0,0,0,0.0,0.0,0,0,0.0,475.66,1,0,0.0,3340.35,3,0,0.0,0
LGS2ORD0033490,C014365,2025-09-23 05:00:00,Female,55,Silver,TV,Chiang Mai,1682,Shopee,PromptPay,5,9,1,0,>50,56.06666666666667,3.0,1.0,0.3333333333333333,187,22,2093.476666666667,0.2,0.3333333333333333,0.0,0.0,0.0,0,0,0.0,1733.84,1,0,0.0,1733.84,1,0,0.0,6280.43,3,1,0.3333333333333333,0
LGS2ORD0033491,C012743,2025-09-23 05:00:00,Female,29,Platinum,Web,Bangkok,1386,Web,PromptPay,5,9,1,0,20-30,46.2,3.0,0.0,0.0,-1,17,5665.75,0.15,0.3333333333333333,0.0,0.0,0.0,0,0,0.0,6586.63,1,0,0.0,6586.63,1,0,0.0,16997.25,3,0,0.0,0
LGS2ORD0033492,C014209,2025-09-23 05:00:00,Male,54,Bronze,TV,Songkhla,660,TV_Show,Credit_Card,5,9,1,0,>50,22.0,6.0,0.0,0.0,-1,14,3399.1083333333336,0.23,0.6666666666666666,0.5,0.0,0.0,0,0,0.0,5101.72,1,0,0.0,5101.72,1,0,0.0,20394.65,6,0,0.0,0
LGS2ORD0033493,C011183,2025-09-23 06:00:00,Male,18,Platinum,TV,Nakhon Ratchasima,1544,CallCenter,COD,6,9,1,0,<20,51.46666666666667,6.0,0.0,0.0,-1,37,6068.703333333334,0.25,0.3333333333333333,0.3333333333333333,0.0,0.0,0,0,0.0,0.0,0,0,0.0,4310.12,1,0,0.0,36412.22,6,0,0.0,0
LGS2ORD0033494,C016249,2025-09-23 06:00:00,Female,41,Gold,Web,Khon Kaen,1029,TV_Show,PromptPay,6,9,1,0,40-50,34.3,2.0,0.0,0.0,-1,53,1815.725,0.13,0.5,0.0,0.0,0.0,0,0,0.0,0.0,0,0,0.0,1952.83,1,0,0.0,3631.45,2,0,0.0,0
LGS2ORD0033495,C017655,2025-09-23 06:00:00,Male,49,Platinum,Lazada,Chonburi,310,Lazada,Credit_Card,6,9,1,0,40-50,10.333333333333334,4.0,1.0,0.25,76,83,2284.245,0.3,0.25,0.75,0.0,0.0,0,0,0.0,0.0,0,0,0.0,1650.21,1,1,1.0,9136.98,4,1,0.25,0
LGS2ORD0033496,C017169,2025-09-23 06:00:00,Male,33,Gold,TV,Bangkok,292,Shopee,PromptPay,6,9,1,0,30-40,9.733333333333333,3.0,2.0,0.6666666666666666,204,3,5326.186666666667,0.28,0.3333333333333333,0.6666666666666666,0.0,2224.13,1,0,0.0,2224.13,1,0,0.0,2224.13,1,0,0.0,15978.560000000001,3,2,0.6666666666666666,0
LGS2ORD0033497,C013110,2025-09-23 06:00:00,Male,42,Gold,Web,Bangkok,702,TV_Show,Credit_Card,6,9,1,0,40-50,23.4,5.0,0.0,0.0,-1,166,8580.544,0.28,0.6,0.4,0.0,0.0,0,0,0.0,0.0,0,0,0.0,0.0,0,0,0.0,42902.72,5,0,0.0,1
LGS2ORD0033498,C015117,2025-09-23 07:00:00,Male,55,Bronze,Web,Chonburi,1548,CallCenter,Credit_Card,7,9,1,0,>50,51.6,5.0,0.0,0.0,-1,63,5801.888,0.28,0.2,0.6,0.0,0.0,0,0,0.0,0.0,0,0,0.0,23896.95,2,0,0.0,29009.44,5,0,0.0,1
LGS2ORD0033499,C013225,2025-09-23 07:00:00,Male,59,Bronze,Web,Nakhon Ratchasima,1697,Web,COD,7,9,1,0,>50,56.56666666666667,2.0,0.0,0.0,-1,23,1013.02,0.13,1.0,0.0,0.0,0.0,0,0,0.0,1599.41,1,0,0.0,1599.41,1,0,0.0,2026.04,2,0,0.0,0
LGS2ORD0033500,C015956,2025-09-23 07:00:00,Female,45,Bronze,Shopee,Bangkok,1079,Web,Credit_Card,7,9,1,0,40-50,35.96666666666667,6.0,2.0,0.3333333333333333,240,23,7674.108333333333,0.23,0.5,0.16666666666666666,0.0,0.0,0,0,0.0,5969.31,1,0,0.0,24408.4,2,0,0.0,46044.649999999994,6,2,0.3333333333333333,0
LGS2ORD0033501,C013226,2025-09-23 07:00:00,Female,44,Bronze,Shopee,Chonburi,1191,CallCenter,COD,7,9,1,0,40-50,39.7,6.0,0.0,0.0,-1,92,14928.438333333332,0.28,0.3333333333333333,0.5,0.0,0.0,0,0,0.0,0.0,0,0,0.0,0.0,0,0,0.0,89570.62999999999,6,0,0.0,0
LGS2ORD0033502,C013406,2025-09-23 07:00:00,Female,57,Bronze,Lazada,Chiang Mai,1175,Shopee,COD,7,9,1,0,>50,39.166666666666664,4.0,1.0,0.25,48,64,6520.725,0.28,1.0,0.5,0.0,0.0,0,0,0.0,0.0,0,0,0.0,761.79,1,1,1.0,26082.9,4,1,0.25,0
LGS2ORD0033503,C015630,2025-09-23 08:00:00,Female,44,Bronze,Web,Bangkok,651,Lazada,COD,8,9,1,0,40-50,21.7,3.0,0.0,0.0,-1,29,6019.536666666667,0.08,0.0,0.0,0.0,0.0,0,0,0.0,2944.91,1,0,0.0,2944.91,1,0,0.0,18058.61,3,0,0.0,0
LGS2ORD0033504,C014541,2025-09-23 08:00:00,Female,48,Bronze,Lazada,Phuket,911,Lazada,COD,8,9,1,0,40-50,30.366666666666667,5.0,2.0,0.4,-3,2,4680.612,0.23,0.8,0.8,0.0,2013.81,1,1,1.0,2013.81,1,1,1.0,15632.57,2,2,1.0,23403.06,5,2,0.4,1
LGS2ORD0033505,C017653,2025-09-23 08:00:00,Female,33,Gold,Shopee,Songkhla,1218,Web,COD,8,9,1,0,30-40,40.6,1.0,0.0,0.0,-1,185,4272.15,0.08,1.0,0.0,0.0,0.0,0,0,0.0,0.0,0,0,0.0,0.0,0,0,0.0,4272.15,1,0,0.0,0
LGS2ORD0033506,C017600,2025-09-23 08:00:00,Female,48,Bronze,Web,Chiang Mai,756,CallCenter,Credit_Card,8,9,1,0,40-50,25.2,7.0,4.0,0.5714285714285714,23,29,8252.6,0.23,0.42857142857142855,0.14285714285714285,0.0,0.0,0,0,0.0,7096.15,1,0,0.0,50526.97,4,2,0.5,57768.200000000004,7,4,0.5714285714285714,0
LGS2ORD0033507,C016086,2025-09-23 08:00:00,Female,44,Bronze,Shopee,Remote_Area,1245,TV_Show,Credit_Card,8,9,1,0,40-50,41.5,3.0,0.0,0.0,-1,142,9375.85,0.28,0.6666666666666666,0.3333333333333333,0.0,0.0,0,0,0.0,0.0,0,0,0.0,0.0,0,0,0.0,28127.55,3,0,0.0,1
LGS2ORD0033508,C014008,2025-09-23 08:00:00,Male,54,Bronze,Lazada,Remote_Area,646,CallCenter,COD,8,9,1,0,>50,21.533333333333335,3.0,1.0,0.3333333333333333,106,117,5763.7266666666665,0.18,0.3333333333333333,0.0,0.0,0.0,0,0,0.0,0.0,0,0,0.0,0.0,0,0,0.0,17291.18,3,1,0.3333333333333333,0
LGS2ORD0033509,C010984,2025-09-23 09:00:00,Female,60,Bronze,Shopee,Bangkok,412,Lazada,COD,9,9,1,0,>50,13.733333333333333,6.0,0.0,0.0,-1,11,8176.668333333334,0.28,0.3333333333333333,0.3333333333333333,0.0,0.0,0,0,0.0,28275.84,2,0,0.0,46611.450000000004,5,0,0.0,49060.01,6,0,0.0,0
LGS2ORD0033510,C010992,2025-09-23 09:00:00,Female,56,Silver,Web,Khon Kaen,728,TV_Show,COD,9,9,1,0,>50,24.266666666666666,1.0,1.0,1.0,251,257,961.2,0.2,1.0,0.0,0.0,0.0,0,0,0.0,0.0,0,0,0.0,0.0,0,0,0.0,961.2,1,1,1.0,0
LGS2ORD0033511,C013859,2025-09-23 09:00:00,Female,34,Silver,Shopee,Chonburi,1714,TV_Show,Bank_Transfer,9,9,1,0,30-40,57.13333333333333,1.0,0.0,0.0,-1,198,4872.7,0.1,0.0,0.0,0.0,0.0,0,0,0.0,0.0,0,0,0.0,0.0,0,0,0.0,4872.7,1,0,0.0,0
LGS2ORD0033512,C013936,2025-09-23 09:00:00,Female,51,Bronze,CallCenter,Songkhla,862,Web,COD,9,9,1,0,>50,28.733333333333334,2.0,2.0,1.0,16,28,2269.19,0.18,0.5,0.0,0.0,0.0,0,0,0.0,668.52,1,1,1.0,668.52,1,1,1.0,4538.38,2,2,1.0,1
LGS2ORD0033513,C016412,2025-09-23 09:00:00,Female,50,Silver,Web,Khon Kaen,900,Lazada,Credit_Card,9,9,1,0,40-50,30.0,3.0,0.0,0.0,-1,45,1221.18,0.3,0.6666666666666666,0.3333333333333333,0.0,0.0,0,0,0.0,0.0,0,0,0.0,509.82,1,0,0.0,3663.5400000000004,3,0,0.0,0
LGS2ORD0033514,C011905,2025-09-23 10:00:00,Female,63,Silver,TV,Remote_Area,1621,TV_Show,Credit_Card,10,9,1,0,>50,54.03333333333333,7.0,4.0,0.5714285714285714,30,6,10015.738571428572,0.2,0.42857142857142855,0.0,0.0,2376.92,1,0,0.0,2376.92,1,0,0.0,33974.98,2,1,0.5,70110.17,7,4,0.5714285714285714,1
LGS2ORD0033515,C014479,2025-09-23 10:00:00,Male,55,Gold,Shopee,Bangkok,770,Lazada,COD,10,9,1,0,>50,25.666666666666668,7.0,2.0,0.2857142857142857,72,4,2078.6014285714286,0.33,0.42857142857142855,0.7142857142857143,0.0,1360.96,1,0,0.0,1360.96,1,0,0.0,5467.17,2,1,0.5,14550.21,7,2,0.2857142857142857,0
LGS2ORD0033516,C012555,2025-09-23 10:00:00,Female,36,Gold,CallCenter,Bangkok,351,Web,Credit_Card,10,9,1,0,30-40,11.7,2.0,1.0,0.5,205,199,3431.89,0.33,1.0,1.0,0.0,0.0,0,0,0.0,0.0,0,0,0.0,0.0,0,0,0.0,6863.78,2,1,0.5,0
LGS2ORD0033517,C011575,2025-09-23 10:00:00,Female,36,Bronze,TV,Chiang Mai,1377,Shopee,COD,10,9,1,0,30-40,45.9,5.0,2.0,0.4,164,107,4860.442,0.23,0.6,0.4,0.0,0.0,0,0,0.0,0.0,0,0,0.0,0.0,0,0,0.0,24302.21,5,2,0.4,0
LGS2ORD0033518,C015912,2025-09-23 10:00:00,Male,44,Silver,Lazada,Khon Kaen,1514,Web,PromptPay,10,9,1,0,40-50,50.46666666666667,4.0,1.0,0.25,164,29,4670.0824999999995,0.3,0.75,0.5,0.0,0.0,0,0,0.0,5847.13,1,0,0.0,5847.13,1,0,0.0,18680.329999999998,4,1,0.25,0
LGS2ORD0033519,C017379,2025-09-23 11:00:00,Male,51,Bronze,TV,Bangkok,1451,Shopee,COD,11,9,1,0,>50,48.36666666666667,5.0,0.0,0.0,-1,31,2854.48,0.28,0.8,0.6,0.0,0.0,0,0,0.0,0.0,0,0,0.0,9445.6,2,0,0.0,14272.4,5,0,0.0,1
LGS2ORD0033520,C014275,2025-09-23 11:00:00,Male,38,Silver,Web,Bangkok,751,Lazada,COD,11,9,1,0,30-40,25.033333333333335,0.0,0.0,0.0,-1,-1,0.0,0.0,0.0,0.0,0.0,0.0,0,0,0.0,0.0,0,0,0.0,0.0,0,0,0.0,0.0,0,0,0.0,0
LGS2ORD0033521,C011326,2025-09-23 11:00:00,Female,46,Gold,Web,Bangkok,810,Shopee,COD,11,9,1,0,40-50,27.0,4.0,2.0,0.5,-2,11,3254.455,0.28,0.25,0.25,0.0,0.0,0,0,0.0,1404.13,1,1,1.0,1404.13,1,1,1.0,13017.82,4,2,0.5,0
LGS2ORD0033522,C012324,2025-09-23 11:00:00,Male,42,Silver,Web,Chiang Mai,1144,TV_Show,Credit_Card,11,9,1,0,40-50,38.13333333333333,1.0,0.0,0.0,-1,183,2018.24,0.05,1.0,0.0,0.0,0.0,0,0,0.0,0.0,0,0,0.0,0.0,0,0,0.0,2018.24,1,0,0.0,0
LGS2ORD0033523,C015174,2025-09-23 11:00:00,Male,47,Silver,Lazada,Bangkok,898,Shopee,COD,11,9,1,0,40-50,29.933333333333334,6.0,2.0,0.3333333333333333,28,23,9620.605000000001,0.25,0.3333333333333333,0.3333333333333333,0.0,0.0,0,0,0.0,9861.07,1,0,0.0,20002.52,3,1,0.3333333333333333,57723.630000000005,6,2,0.3333333333333333,1
LGS2ORD0033524,C017918,2025-09-23 12:00:00,Male,33,Bronze,TV,Chiang Mai,1315,Web,COD,12,9,1,0,30-40,43.833333333333336,3.0,1.0,0.3333333333333333,97,40,3941.7233333333334,0.23,0.3333333333333333,0.6666666666666666,0.0,0.0,0,0,0.0,0.0,0,0,0.0,922.36,1,0,0.0,11825.17,3,1,0.3333333333333333,0
LGS2ORD0033525,C015430,2025-09-23 12:00:00,Female,56,Bronze,TV,Songkhla,1234,Shopee,COD,12,9,1,0,>50,41.13333333333333,5.0,0.0,0.0,-1,31,10473.734,0.28,0.6,0.4,0.0,0.0,0,0,0.0,0.0,0,0,0.0,50834.15,4,0,0.0,52368.670000000006,5,0,0.0,1
LGS2ORD0033526,C015460,2025-09-23 12:00:00,Female,40,Gold,Lazada,Bangkok,669,CallCenter,PromptPay,12,9,1,0,30-40,22.3,7.0,1.0,0.14285714285714285,17,4,3232.371428571428,0.28,0.42857142857142855,0.42857142857142855,0.0,2998.26,1,0,0.0,4256.18,2,1,0.5,7884.290000000001,4,1,0.25,22626.6,7,1,0.14285714285714285,0
LGS2ORD0033527,C010456,2025-09-23 12:00:00,Female,33,Bronze,Lazada,Bangkok,1521,TV_Show,COD,12,9,1,0,30-40,50.7,5.0,2.0,0.4,129,136,5929.302000000001,0.23,0.4,0.2,0.0,0.0,0,0,0.0,0.0,0,0,0.0,0.0,0,0,0.0,29646.510000000002,5,2,0.4,1
LGS2ORD0033528,C014508,2025-09-23 12:00:00,Male,67,Bronze,TV,Phuket,1156,TV_Show,COD,12,9,1,0,>50,38.53333333333333,4.0,3.0,0.75,-8,2,5537.6725,0.28,0.25,0.25,0.0,1696.01,1,1,1.0,4590.5,2,2,1.0,14280.62,3,3,1.0,22150.69,4,3,0.75,0
LGS2ORD0033529,C015323,2025-09-23 12:00:00,Female,40,Bronze,TV,Songkhla,1137,Lazada,Credit_Card,12,9,1,0,30-40,37.9,10.0,5.0,0.5,51,38,3763.296,0.28,0.7,0.4,0.0,0.0,0,0,0.0,0.0,0,0,0.0,22017.2,3,2,0.6666666666666666,37632.96,10,5,0.5,0
LGS2ORD0033530,C010999,2025-09-23 13:00:00,Male,49,Bronze,TV,Khon Kaen,1666,Web,COD,13,9,1,0,40-50,55.53333333333333,3.0,0.0,0.0,-1,69,5038.5199999999995,0.18,0.6666666666666666,0.0,0.0,0.0,0,0,0.0,0.0,0,0,0.0,6533.6,2,0,0.0,15115.559999999998,3,0,0.0,0
LGS2ORD0033531,C013911,2025-09-23 13:00:00,Female,30,Bronze,Lazada,Khon Kaen,1596,Shopee,COD,13,9,1,0,20-30,53.2,5.0,1.0,0.2,80,27,1851.42,0.23,0.6,0.2,0.0,0.0,0,0,0.0,2232.14,1,0,0.0,4095.18,3,1,0.3333333333333333,9257.1,5,1,0.2,0
LGS2ORD0033532,C013910,2025-09-23 13:00:00,Male,33,Silver,Lazada,Chiang Mai,942,Shopee,COD,13,9,1,0,30-40,31.4,4.0,0.0,0.0,-1,67,4323.6449999999995,0.1,0.25,0.0,0.0,0.0,0,0,0.0,0.0,0,0,0.0,2856.21,1,0,0.0,17294.579999999998,4,0,0.0,0
LGS2ORD0033533,C011977,2025-09-23 13:00:00,Male,60,Bronze,Shopee,Bangkok,595,TV_Show,PromptPay,13,9,1,0,>50,19.833333333333332,3.0,1.0,0.3333333333333333,125,139,4951.9800000000005,0.23,0.6666666666666666,0.3333333333333333,0.0,0.0,0,0,0.0,0.0,0,0,0.0,0.0,0,0,0.0,14855.94,3,1,0.3333333333333333,0
LGS2ORD0033534,C016943,2025-09-23 13:00:00,Female,45,Bronze,TV,Bangkok,823,TV_Show,Credit_Card,13,9,1,0,40-50,27.433333333333334,7.0,1.0,0.14285714285714285,170,0,7104.961428571429,0.28,0.7142857142857143,0.2857142857142857,0.0,213.65,1,0,0.0,6042.0599999999995,2,0,0.0,23538.72,3,0,0.0,49734.73,7,1,0.14285714285714285,0
LGS2ORD0033535,C015191,2025-09-23 14:00:00,Male,47,Silver,Lazada,Bangkok,949,Lazada,COD,14,9,1,0,40-50,31.633333333333333,4.0,1.0,0.25,240,83,2195.7375,0.2,0.5,0.0,0.0,0.0,0,0,0.0,0.0,0,0,0.0,307.6,1,0,0.0,8782.95,4,1,0.25,1
LGS2ORD0033536,C012314,2025-09-23 14:00:00,Female,43,Bronze,TV,Chiang Mai,964,Shopee,PromptPay,14,9,1,0,40-50,32.13333333333333,3.0,0.0,0.0,-1,21,2682.07,0.23,0.6666666666666666,0.6666666666666666,0.0,0.0,0,0,0.0,908.72,1,0,0.0,1552.98,2,0,0.0,8046.21,3,0,0.0,0
LGS2ORD0033537,C012784,2025-09-23 14:00:00,Male,29,Platinum,Web,Chiang Mai,1137,Shopee,Credit_Card,14,9,1,0,20-30,37.9,0.0,0.0,0.0,-1,-1,0.0,0.0,0.0,0.0,0.0,0.0,0,0,0.0,0.0,0,0,0.0,0.0,0,0,0.0,0.0,0,0,0.0,1
LGS2ORD0033538,C015985,2025-09-23 14:00:00,Male,37,Bronze,Shopee,Remote_Area,1607,Web,COD,14,9,1,0,30-40,53.56666666666667,4.0,1.0,0.25,10,25,7112.217500000001,0.13,0.5,0.0,0.0,0.0,0,0,0.0,3439.65,1,1,1.0,16611.32,2,1,0.5,28448.870000000003,4,1,0.25,1
LGS2ORD0033539,C010212,2025-09-23 14:00:00,Male,51,Bronze,Web,Bangkok,1554,Shopee,COD,14,9,1,0,>50,51.8,9.0,2.0,0.2222222222222222,227,12,8215.657777777778,0.28,0.7777777777777778,0.4444444444444444,0.0,0.0,0,0,0.0,6811.25,2,0,0.0,10508.79,3,0,0.0,73940.92000000001,9,2,0.2222222222222222,0
LGS2ORD0033540,C015891,2025-09-23 15:00:00,Female,40,Bronze,TV,Phuket,699,Web,PromptPay,15,9,1,0,30-40,23.3,8.0,3.0,0.375,60,22,10503.8925,0.18,0.625,0.0,0.0,0.0,0,0,0.0,1331.82,1,0,0.0,9547.55,3,1,0.3333333333333333,84031.14,8,3,0.375,0
LGS2ORD0033541,C011223,2025-09-23 15:00:00,Female,34,Silver,TV,Bangkok,1046,Lazada,COD,15,9,1,0,30-40,34.86666666666667,2.0,0.0,0.0,-1,18,1898.83,0.25,1.0,0.5,0.0,0.0,0,0,0.0,2059.93,1,0,0.0,2059.93,1,0,0.0,3797.66,2,0,0.0,0
LGS2ORD0033542,C011845,2025-09-23 15:00:00,Female,27,Bronze,TV,Remote_Area,956,Web,Credit_Card,15,9,1,0,20-30,31.866666666666667,5.0,3.0,0.6,59,69,3922.4519999999998,0.18,0.8,0.0,0.0,0.0,0,0,0.0,0.0,0,0,0.0,15254.65,2,1,0.5,19612.26,5,3,0.6,0
LGS2ORD0033543,C011292,2025-09-23 15:00:00,Male,39,Bronze,TV,Nakhon Ratchasima,649,Shopee,COD,15,9,1,0,30-40,21.633333333333333,4.0,0.0,0.0,-1,177,7537.1625,0.13,0.5,0.0,0.0,0.0,0,0,0.0,0.0,0,0,0.0,0.0,0,0,0.0,30148.65,4,0,0.0,0
LGS2ORD0033544,C017925,2025-09-23 15:00:00,Male,46,Gold,CallCenter,Nakhon Ratchasima,552,Shopee,Credit_Card,15,9,1,0,40-50,18.4,3.0,1.0,0.3333333333333333,196,94,4516.6033333333335,0.28,0.6666666666666666,0.6666666666666666,0.0,0.0,0,0,0.0,0.0,0,0,0.0,0.0,0,0,0.0,13549.81,3,1,0.3333333333333333,0
LGS2ORD0033545,C013706,2025-09-23 16:00:00,Female,45,Gold,CallCenter,Chonburi,1440,Shopee,Credit_Card,16,9,1,0,40-50,48.0,2.0,0.0,0.0,-1,130,1022.39,0.18,0.5,0.0,0.0,0.0,0,0,0.0,0.0,0,0,0.0,0.0,0,0,0.0,2044.78,2,0,0.0,0
LGS2ORD0033546,C017577,2025-09-23 16:00:00,Female,54,Bronze,Web,Remote_Area,646,TV_Show,PromptPay,16,9,1,0,>50,21.533333333333335,4.0,2.0,0.5,78,80,7282.415000000001,0.23,0.25,0.25,0.0,0.0,0,0,0.0,0.0,0,0,0.0,3312.11,1,0,0.0,29129.660000000003,4,2,0.5,1
LGS2ORD0033547,C010527,2025-09-23 16:00:00,Female,33,Gold,TV,Chiang Mai,945,CallCenter,COD,16,9,1,0,30-40,31.5,2.0,1.0,0.5,-1,12,8151.224999999999,0.08,0.5,0.0,0.0,0.0,0,0,0.0,15580.96,1,1,1.0,15580.96,1,1,1.0,16302.449999999999,2,1,0.5,0
LGS2ORD0033548,C012229,2025-09-23 16:00:00,Female,19,Bronze,Web,Khon Kaen,450,CallCenter,COD,16,9,1,0,<20,15.0,3.0,0.0,0.0,-1,30,14959.55666666667,0.23,0.6666666666666666,0.3333333333333333,0.0,0.0,0,0,0.0,0.0,0,0,0.0,5639.37,1,0,0.0,44878.670000000006,3,0,0.0,1
LGS2ORD0033549,C013322,2025-09-23 16:00:00,Male,52,Bronze,TV,Chiang Mai,1162,Shopee,COD,16,9,1,0,>50,38.733333333333334,2.0,0.0,0.0,-1,152,4475.639999999999,0.13,1.0,0.0,0.0,0.0,0,0,0.0,0.0,0,0,0.0,0.0,0,0,0.0,8951.279999999999,2,0,0.0,0
LGS2ORD0033550,C016301,2025-09-23 16:00:00,Male,46,Platinum,Shopee,Chonburi,394,Shopee,COD,16,9,1,0,40-50,13.133333333333333,2.0,1.0,0.5,139,71,1529.4099999999999,0.25,0.5,0.5,0.0,0.0,0,0,0.0,0.0,0,0,0.0,1859.02,1,0,0.0,3058.8199999999997,2,1,0.5,0
LGS2ORD0033551,C017811,2025-09-23 17:00:00,Female,26,Silver,Shopee,Songkhla,734,Lazada,COD,17,9,1,0,20-30,24.466666666666665,5.0,2.0,0.4,89,63,12811.467999999999,0.3,0.8,0.8,0.0,0.0,0,0,0.0,0.0,0,0,0.0,32585.29,1,0,0.0,64057.34,5,2,0.4,0
LGS2ORD0033552,C017113,2025-09-23 17:00:00,Female,50,Bronze,TV,Khon Kaen,475,Web,COD,17,9,1,0,40-50,15.833333333333334,4.0,1.0,0.25,125,69,6666.924999999999,0.28,0.25,0.5,0.0,0.0,0,0,0.0,0.0,0,0,0.0,21390.96,1,0,0.0,26667.699999999997,4,1,0.25,0
LGS2ORD0033553,C017872,2025-09-23 17:00:00,Male,31,Bronze,Shopee,Bangkok,482,Lazada,COD,17,9,1,0,30-40,16.066666666666666,1.0,0.0,0.0,-1,177,3084.31,0.28,1.0,1.0,0.0,0.0,0,0,0.0,0.0,0,0,0.0,0.0,0,0,0.0,3084.31,1,0,0.0,0
LGS2ORD0033554,C014343,2025-09-23 17:00:00,Female,50,Silver,CallCenter,Remote_Area,1277,Shopee,COD,17,9,1,0,40-50,42.56666666666667,4.0,1.0,0.25,127,95,1821.4175,0.25,0.25,0.5,0.0,0.0,0,0,0.0,0.0,0,0,0.0,0.0,0,0,0.0,7285.67,4,1,0.25,0
LGS2ORD0033555,C013755,2025-09-23 17:00:00,Female,34,Silver,Shopee,Chiang Mai,844,Shopee,PromptPay,17,9,1,0,30-40,28.133333333333333,6.0,1.0,0.16666666666666666,199,3,8467.619999999999,0.3,0.3333333333333333,0.5,0.0,1693.59,1,0,0.0,1693.59,1,0,0.0,2934.58,2,0,0.0,50805.719999999994,6,1,0.16666666666666666,0
LGS2ORD0033556,C016681,2025-09-23 18:00:00,Male,43,Gold,TV,Bangkok,1449,TV_Show,Credit_Card,18,9,1,0,40-50,48.3,3.0,1.0,0.3333333333333333,88,93,4659.636666666667,0.33,0.3333333333333333,0.3333333333333333,0.0,0.0,0,0,0.0,0.0,0,0,0.0,0.0,0,0,0.0,13978.910000000002,3,1,0.3333333333333333,0
LGS2ORD0033557,C017376,2025-09-23 18:00:00,Female,48,Gold,Shopee,Bangkok,1107,Web,COD,18,9,1,0,40-50,36.9,3.0,2.0,0.6666666666666666,86,51,867.3000000000001,0.28,1.0,0.3333333333333333,0.0,0.0,0,0,0.0,0.0,0,0,0.0,882.38,1,0,0.0,2601.9,3,2,0.6666666666666666,0
LGS2ORD0033558,C013568,2025-09-23 18:00:00,Male,47,Bronze,Lazada,Remote_Area,1713,TV_Show,COD,18,9,1,0,40-50,57.1,4.0,0.0,0.0,-1,10,11107.705,0.08,0.75,0.0,0.0,0.0,0,0,0.0,5263.06,1,0,0.0,16269.240000000002,2,0,0.0,44430.82,4,0,0.0,0
LGS2ORD0033559,C017637,2025-09-23 18:00:00,Female,34,Bronze,Web,Phuket,433,TV_Show,COD,18,9,1,0,30-40,14.433333333333334,4.0,3.0,0.75,25,37,3367.1549999999997,0.23,1.0,0.25,0.0,0.0,0,0,0.0,0.0,0,0,0.0,6351.04,1,1,1.0,13468.619999999999,4,3,0.75,1
LGS2ORD0033560,C013546,2025-09-23 18:00:00,Female,60,Gold,Shopee,Chonburi,1510,Shopee,COD,18,9,1,0,>50,50.333333333333336,5.0,1.0,0.2,129,94,3573.1339999999996,0.33,0.4,0.6,0.0,0.0,0,0,0.0,0.0,0,0,0.0,0.0,0,0,0.0,17865.67,5,1,0.2,0
LGS2ORD0033561,C016395,2025-09-23 19:00:00,Male,45,Bronze,Shopee,Nakhon Ratchasima,1161,Web,COD,19,9,1,0,40-50,38.7,7.0,3.0,0.42857142857142855,141,106,3891.3800000000006,0.28,0.42857142857142855,0.42857142857142855,0.0,0.0,0,0,0.0,0.0,0,0,0.0,0.0,0,0,0.0,27239.660000000003,7,3,0.42857142857142855,0
LGS2ORD0033562,C013703,2025-09-23 19:00:00,Female,60,Bronze,TV,Remote_Area,599,TV_Show,Credit_Card,19,9,1,0,>50,19.966666666666665,2.0,0.0,0.0,-1,2,808.485,0.13,0.5,0.0,0.0,784.12,1,0,0.0,784.12,1,0,0.0,1616.97,2,0,0.0,1616.97,2,0,0.0,0
LGS2ORD0033563,C011131,2025-09-23 19:00:00,Female,42,Bronze,TV,Remote_Area,1482,Web,COD,19,9,1,0,40-50,49.4,8.0,1.0,0.125,-7,1,4853.18375,0.28,0.75,0.25,0.0,13339.88,1,1,1.0,13339.88,1,1,1.0,26342.62,3,1,0.3333333333333333,38825.47,8,1,0.125,0
LGS2ORD0033564,C012110,2025-09-23 19:00:00,Male,52,Bronze,Shopee,Chonburi,285,Lazada,COD,19,9,1,0,>50,9.5,3.0,0.0,0.0,-1,16,2338.773333333333,0.08,0.3333333333333333,0.0,0.0,0.0,0,0,0.0,4986.92,1,0,0.0,4986.92,1,0,0.0,7016.32,3,0,0.0,1
LGS2ORD0033565,C012932,2025-09-23 19:00:00,Male,57,Gold,Web,Bangkok,1596,CallCenter,PromptPay,19,9,1,0,>50,53.2,2.0,1.0,0.5,164,174,7544.040000000001,0.33,0.5,0.5,0.0,0.0,0,0,0.0,0.0,0,0,0.0,0.0,0,0,0.0,15088.080000000002,2,1,0.5,0
LGS2ORD0033566,C012023,2025-09-23 19:00:00,Male,24,Gold,Lazada,Bangkok,445,Web,PromptPay,19,9,1,0,20-30,14.833333333333334,1.0,1.0,1.0,90,96,1024.77,0.33,1.0,1.0,0.0,0.0,0,0,0.0,0.0,0,0,0.0,0.0,0,0,0.0,1024.77,1,1,1.0,0
LGS2ORD0033567,C013858,2025-09-23 20:00:00,Male,48,Bronze,Shopee,Nakhon Ratchasima,961,Shopee,COD,20,9,1,0,40-50,32.03333333333333,1.0,1.0,1.0,184,198,10140.38,0.23,0.0,1.0,0.0,0.0,0,0,0.0,0.0,0,0,0.0,0.0,0,0,0.0,10140.38,1,1,1.0,0
LGS2ORD0033568,C014812,2025-09-23 20:00:00,Female,37,Silver,Shopee,Chiang Mai,1051,TV_Show,COD,20,9,1,0,30-40,35.03333333333333,5.0,0.0,0.0,-1,3,4631.596,0.2,0.4,0.0,0.0,6492.29,1,0,0.0,6492.29,1,0,0.0,6492.29,1,0,0.0,23157.98,5,0,0.0,0
LGS2ORD0033569,C015055,2025-09-23 20:00:00,Male,41,Gold,TV,Bangkok,834,Web,Bank_Transfer,20,9,1,0,40-50,27.8,5.0,2.0,0.4,36,8,2839.462,0.33,0.6,0.4,0.0,0.0,0,0,0.0,1331.92,1,0,0.0,8781.21,2,1,0.5,14197.31,5,2,0.4,1
LGS2ORD0033570,C010082,2025-09-23 20:00:00,Female,42,Gold,Shopee,Remote_Area,1369,TV_Show,COD,20,9,1,0,40-50,45.63333333333333,7.0,2.0,0.2857142857142857,41,23,8809.504285714287,0.33,0.7142857142857143,0.5714285714285714,0.0,0.0,0,0,0.0,3022.35,2,0,0.0,21616.620000000003,4,1,0.25,61666.530000000006,7,2,0.2857142857142857,0
LGS2ORD0033571,C012307,2025-09-23 20:00:00,Male,49,Bronze,TV,Phuket,1553,TV_Show,PromptPay,20,9,1,0,40-50,51.766666666666666,5.0,1.0,0.2,50,55,2216.752,0.23,0.8,0.2,0.0,0.0,0,0,0.0,0.0,0,0,0.0,1578.57,1,1,1.0,11083.76,5,1,0.2,0
LGS2ORD0033572,C012421,2025-09-23 21:00:00,Male,66,Silver,CallCenter,Songkhla,934,CallCenter,COD,21,9,1,0,>50,31.133333333333333,3.0,1.0,0.3333333333333333,28,39,2412.7533333333336,0.3,0.6666666666666666,0.6666666666666666,0.0,0.0,0,0,0.0,0.0,0,0,0.0,1053.56,1,1,1.0,7238.26,3,1,0.3333333333333333,0
LGS2ORD0033573,C012744,2025-09-23 21:00:00,Female,34,Silver,Lazada,Chonburi,1511,Web,PromptPay,21,9,1,0,30-40,50.36666666666667,3.0,1.0,0.3333333333333333,96,102,9852.666666666666,0.3,0.3333333333333333,0.3333333333333333,0.0,0.0,0,0,0.0,0.0,0,0,0.0,0.0,0,0,0.0,29558.0,3,1,0.3333333333333333,1
LGS2ORD0033574,C013516,2025-09-23 21:00:00,Male,18,Bronze,TV,Khon Kaen,1525,CallCenter,COD,21,9,1,0,<20,50.833333333333336,7.0,1.0,0.14285714285714285,131,15,5585.038571428572,0.28,0.5714285714285714,0.2857142857142857,0.0,0.0,0,0,0.0,4382.75,1,0,0.0,13016.7,2,0,0.0,39095.270000000004,7,1,0.14285714285714285,0
LGS2ORD0033575,C013136,2025-09-23 21:00:00,Female,50,Bronze,CallCenter,Bangkok,507,TV_Show,PromptPay,21,9,1,0,40-50,16.9,3.0,0.0,0.0,-1,132,1862.746666666667,0.18,0.0,0.0,0.0,0.0,0,0,0.0,0.0,0,0,0.0,0.0,0,0,0.0,5588.240000000001,3,0,0.0,0
LGS2ORD0033576,C015157,2025-09-23 21:00:00,Male,25,Bronze,Shopee,Chonburi,1269,Shopee,COD,21,9,1,0,20-30,42.3,6.0,2.0,0.3333333333333333,122,69,7073.426666666666,0.28,0.6666666666666666,0.5,0.0,0.0,0,0,0.0,0.0,0,0,0.0,8621.779999999999,2,0,0.0,42440.56,6,2,0.3333333333333333,0
LGS2ORD0033577,C016453,2025-09-23 22:00:00,Male,54,Gold,Lazada,Chonburi,1064,Shopee,COD,22,9,1,0,>50,35.46666666666667,3.0,0.0,0.0,-1,6,6074.16,0.33,0.3333333333333333,0.3333333333333333,0.0,7418.75,1,0,0.0,7418.75,1,0,0.0,11065.42,2,0,0.0,18222.48,3,0,0.0,0
LGS2ORD0033578,C013008,2025-09-23 22:00:00,Female,70,Bronze,TV,Songkhla,1532,TV_Show,COD,22,9,1,0,>50,51.06666666666667,2.0,0.0,0.0,-1,18,13274.83,0.08,0.5,0.0,0.0,0.0,0,0,0.0,3911.77,1,0,0.0,3911.77,1,0,0.0,26549.66,2,0,0.0,1
LGS2ORD0033579,C017954,2025-09-23 22:00:00,Female,26,Bronze,Lazada,Remote_Area,1521,Shopee,COD,22,9,1,0,20-30,50.7,4.0,2.0,0.5,11,17,6071.942499999999,0.28,0.25,0.25,0.0,0.0,0,0,0.0,2878.71,1,1,1.0,2878.71,1,1,1.0,24287.769999999997,4,2,0.5,1
LGS2ORD0033580,C016246,2025-09-23 22:00:00,Female,59,Silver,Shopee,Khon Kaen,1047,Web,COD,22,9,1,0,>50,34.9,7.0,1.0,0.14285714285714285,219,14,11858.898571428572,0.3,0.5714285714285714,0.14285714285714285,0.14285714285714285,0.0,0,0,0.0,35841.0,1,0,0.0,61780.11,4,0,0.0,83012.29000000001,7,1,0.14285714285714285,0
LGS2ORD0033581,C017062,2025-09-23 22:00:00,Female,18,Gold,CallCenter,Nakhon Ratchasima,1245,Lazada,Bank_Transfer,22,9,1,0,<20,41.5,2.0,0.0,0.0,-1,58,1219.3,0.2299999999999999,0.5,0.5,0.0,0.0,0,0,0.0,0.0,0,0,0.0,1177.3,1,0,0.0,2438.6,2,0,0.0,0
LGS2ORD0033582,C015907,2025-09-23 23:00:00,Male,37,Silver,Lazada,Khon Kaen,392,Lazada,COD,23,9,1,0,30-40,13.066666666666666,4.0,1.0,0.25,178,30,4625.66,0.1,0.25,0.0,0.0,0.0,0,0,0.0,0.0,0,0,0.0,8639.61,1,0,0.0,18502.64,4,1,0.25,0
LGS2ORD0033583,C013148,2025-09-23 23:00:00,Female,28,Bronze,TV,Khon Kaen,370,Shopee,COD,23,9,1,0,20-30,12.333333333333334,6.0,0.0,0.0,-1,39,6219.2733333333335,0.23,0.5,0.16666666666666666,0.0,0.0,0,0,0.0,0.0,0,0,0.0,10844.03,2,0,0.0,37315.64,6,0,0.0,0
LGS2ORD0033584,C016638,2025-09-23 23:00:00,Male,46,Silver,CallCenter,Phuket,393,TV_Show,COD,23,9,1,0,40-50,13.1,8.0,2.0,0.25,65,10,3135.8025,0.3,0.125,0.5,0.0,0.0,0,0,0.0,7454.14,1,0,0.0,13504.86,4,1,0.25,25086.42,8,2,0.25,0
LGS2ORD0033585,C015261,2025-09-23 23:00:00,Male,54,Silver,CallCenter,Chiang Mai,1612,Shopee,Bank_Transfer,23,9,1,0,>50,53.733333333333334,4.0,1.0,0.25,30,35,9150.8575,0.15,0.25,0.0,0.0,0.0,0,0,0.0,0.0,0,0,0.0,16141.27,2,1,0.5,36603.43,4,1,0.25,0
LGS2ORD0033586,C014804,2025-09-23 23:00:00,Male,27,Bronze,Lazada,Songkhla,1610,Shopee,COD,23,9,1,0,20-30,53.666666666666664,5.0,1.0,0.2,-2,3,8918.827999999998,0.23,0.4,0.2,0.0,3816.99,1,1,1.0,3816.99,1,1,1.0,9316.4,2,1,0.5,44594.13999999999,5,1,0.2,1
LGS2ORD0033587,C013325,2025-09-23 23:00:00,Female,35,Bronze,TV,Chiang Mai,1072,Web,COD,23,9,1,0,30-40,35.733333333333334,2.0,0.0,0.0,-1,85,9422.25,0.13,0.0,0.0,0.0,0.0,0,0,0.0,0.0,0,0,0.0,4484.48,1,0,0.0,18844.5,2,0,0.0,1
LGS2ORD0033588,C017086,2025-09-24 00:00:00,Male,26,Silver,Web,Chonburi,1464,Lazada,Bank_Transfer,0,9,2,0,20-30,48.8,2.0,0.0,0.0,-1,200,8767.134999999998,0.25,0.5,0.5,0.0,0.0,0,0,0.0,0.0,0,0,0.0,0.0,0,0,0.0,17534.269999999997,2,0,0.0,0
LGS2ORD0033589,C016032,2025-09-24 00:00:00,Male,41,Bronze,CallCenter,Songkhla,820,TV_Show,COD,0,9,2,0,40-50,27.333333333333332,7.0,1.0,0.14285714285714285,109,48,6472.867142857142,0.28,0.5714285714285714,0.14285714285714285,0.0,0.0,0,0,0.0,0.0,0,0,0.0,13882.42,2,0,0.0,45310.07,7,1,0.14285714285714285,1
LGS2ORD0033590,C014350,2025-09-24 00:00:00,Female,49,Gold,Web,Bangkok,1008,TV_Show,COD,0,9,2,0,40-50,33.6,4.0,0.0,0.0,-1,72,1869.8124999999998,0.33,0.25,0.5,0.0,0.0,0,0,0.0,0.0,0,0,0.0,770.99,1,0,0.0,7479.249999999999,4,0,0.0,0
LGS2ORD0033591,C013716,2025-09-24 00:00:00,Female,50,Gold,Lazada,Nakhon Ratchasima,1622,Lazada,PromptPay,0,9,2,0,40-50,54.06666666666667,4.0,3.0,0.75,16,29,9677.1525,0.28,0.5,0.75,0.0,0.0,0,0,0.0,6073.07,1,1,1.0,6073.07,1,1,1.0,38708.61,4,3,0.75,0
LGS2ORD0033592,C016298,2025-09-24 00:00:00,Female,36,Bronze,CallCenter,Bangkok,358,CallCenter,COD,0,9,2,0,30-40,11.933333333333334,3.0,1.0,0.3333333333333333,156,51,4465.599999999999,0.23,0.6666666666666666,0.3333333333333333,0.0,0.0,0,0,0.0,0.0,0,0,0.0,4773.45,1,0,0.0,13396.8,3,1,0.3333333333333333,0
LGS2ORD0033593,C013421,2025-09-24 01:00:00,Male,38,Gold,Lazada,Bangkok,1064,Web,PromptPay,1,9,2,0,30-40,35.46666666666667,4.0,2.0,0.5,28,29,7018.3725,0.28,0.25,0.75,0.0,0.0,0,0,0.0,3891.78,1,0,0.0,25277.81,3,1,0.3333333333333333,28073.49,4,2,0.5,0
LGS2ORD0033594,C011782,2025-09-24 01:00:00,Female,45,Bronze,TV,Remote_Area,1666,Web,COD,1,9,2,0,40-50,55.53333333333333,6.0,1.0,0.16666666666666666,230,3,3684.3133333333335,0.18,0.0,0.0,0.0,1134.37,1,0,0.0,13013.25,3,0,0.0,13013.25,3,0,0.0,22105.88,6,1,0.16666666666666666,1
LGS2ORD0033595,C010534,2025-09-24 01:00:00,Female,30,Gold,Web,Chonburi,369,Shopee,COD,1,9,2,0,20-30,12.3,5.0,0.0,0.0,-1,75,10073.600000000002,0.2299999999999999,0.4,0.2,0.0,0.0,0,0,0.0,0.0,0,0,0.0,445.47,1,0,0.0,50368.00000000001,5,0,0.0,0
LGS2ORD0033596,C011165,2025-09-24 01:00:00,Female,58,Silver,Web,Remote_Area,954,Web,Credit_Card,1,9,2,0,>50,31.8,7.0,1.0,0.14285714285714285,208,88,4864.7300000000005,0.25,0.7142857142857143,0.14285714285714285,0.0,0.0,0,0,0.0,0.0,0,0,0.0,5701.95,1,0,0.0,34053.11,7,1,0.14285714285714285,0
LGS2ORD0033597,C015446,2025-09-24 01:00:00,Female,38,Bronze,Shopee,Bangkok,1355,Shopee,PromptPay,1,9,2,0,30-40,45.166666666666664,9.0,1.0,0.1111111111111111,98,61,7540.0344444444445,0.23,0.5555555555555556,0.2222222222222222,0.0,0.0,0,0,0.0,0.0,0,0,0.0,3311.58,1,0,0.0,67860.31,9,1,0.1111111111111111,0
LGS2ORD0033598,C017339,2025-09-24 02:00:00,Male,42,Gold,TV,Phuket,1451,Shopee,COD,2,9,2,0,40-50,48.36666666666667,11.0,3.0,0.2727272727272727,14,28,5963.192727272727,0.33,0.36363636363636365,0.2727272727272727,0.0,0.0,0,0,0.0,12264.36,1,1,1.0,24473.420000000002,4,1,0.25,65595.12,11,3,0.2727272727272727,1
LGS2ORD0033599,C015317,2025-09-24 02:00:00,Female,56,Bronze,TV,Songkhla,470,Lazada,COD,2,9,2,0,>50,15.666666666666666,5.0,1.0,0.2,4,12,2936.9579999999996,0.28,1.0,0.2,0.0,0.0,0,0,0.0,5311.91,1,1,1.0,5311.91,1,1,1.0,14684.789999999999,5,1,0.2,1
LGS2ORD0033600,C015601,2025-09-24 02:00:00,Female,61,Bronze,TV,Bangkok,1578,Web,COD,2,9,2,0,>50,52.6,5.0,1.0,0.2,85,78,7149.001999999999,0.28,0.8,0.2,0.0,0.0,0,0,0.0,0.0,0,0,0.0,3203.56,2,0,0.0,35745.009999999995,5,1,0.2,1
LGS2ORD0033601,C011978,2025-09-24 02:00:00,Male,38,Bronze,Shopee,Khon Kaen,1614,Lazada,COD,2,9,2,0,30-40,53.8,3.0,0.0,0.0,-1,55,2566.7400000000002,0.18,0.6666666666666666,0.0,0.0,0.0,0,0,0.0,0.0,0,0,0.0,3809.34,1,0,0.0,7700.22,3,0,0.0,0
LGS2ORD0033602,C014723,2025-09-24 02:00:00,Female,57,Platinum,TV,Bangkok,855,Shopee,COD,2,9,2,0,>50,28.5,3.0,1.0,0.3333333333333333,226,108,9938.336666666666,0.15,0.6666666666666666,0.0,0.0,0.0,0,0,0.0,0.0,0,0,0.0,0.0,0,0,0.0,29815.01,3,1,0.3333333333333333,0
LGS2ORD0033603,C017849,2025-09-24 03:00:00,Female,40,Bronze,Lazada,Chonburi,1563,Shopee,COD,3,9,2,0,30-40,52.1,4.0,0.0,0.0,-1,116,6717.759999999999,0.23,0.25,0.25,0.0,0.0,0,0,0.0,0.0,0,0,0.0,0.0,0,0,0.0,26871.039999999997,4,0,0.0,1
LGS2ORD0033604,C016568,2025-09-24 03:00:00,Female,56,Bronze,TV,Remote_Area,354,TV_Show,Credit_Card,3,9,2,0,>50,11.8,9.0,4.0,0.4444444444444444,180,48,8604.377777777778,0.28,0.8888888888888888,0.4444444444444444,0.0,0.0,0,0,0.0,0.0,0,0,0.0,22394.300000000003,2,0,0.0,77439.4,9,4,0.4444444444444444,0
LGS2ORD0033605,C012027,2025-09-24 03:00:00,Female,41,Bronze,Shopee,Bangkok,1422,CallCenter,COD,3,9,2,0,40-50,47.4,10.0,5.0,0.5,60,62,6615.168000000001,0.28,0.5,0.5,0.0,0.0,0,0,0.0,0.0,0,0,0.0,5449.62,2,1,0.5,66151.68000000001,10,5,0.5,0
LGS2ORD0033606,C015419,2025-09-24 03:00:00,Male,30,Platinum,TV,Bangkok,1016,Shopee,Credit_Card,3,9,2,0,20-30,33.86666666666667,3.0,0.0,0.0,-1,16,5852.393333333333,0.35,0.6666666666666666,0.3333333333333333,0.0,0.0,0,0,0.0,12461.65,1,0,0.0,12461.65,1,0,0.0,17557.18,3,0,0.0,0
LGS2ORD0033607,C016278,2025-09-24 03:00:00,Female,59,Bronze,Shopee,Phuket,1376,Lazada,COD,3,9,2,0,>50,45.86666666666667,3.0,1.0,0.3333333333333333,171,181,1953.3666666666668,0.28,0.6666666666666666,0.6666666666666666,0.0,0.0,0,0,0.0,0.0,0,0,0.0,0.0,0,0,0.0,5860.1,3,1,0.3333333333333333,0
LGS2ORD0033608,C016395,2025-09-24 03:00:00,Male,45,Bronze,Shopee,Nakhon Ratchasima,1162,Lazada,Credit_Card,3,9,2,0,40-50,38.733333333333334,8.0,3.0,0.375,141,0,4177.70875,0.28,0.5,0.375,0.0,6182.01,1,0,0.0,6182.01,1,0,0.0,6182.01,1,0,0.0,33421.67,8,3,0.375,0
LGS2ORD0033609,C011058,2025-09-24 04:00:00,Male,32,Bronze,Web,Phuket,661,TV_Show,COD,4,9,2,0,30-40,22.033333333333335,4.0,2.0,0.5,0,16,10573.8325,0.23,0.5,0.5,0.0,0.0,0,0,0.0,3693.14,1,1,1.0,3693.14,1,1,1.0,42295.33,4,2,0.5,1
LGS2ORD0033610,C017362,2025-09-24 04:00:00,Female,39,Gold,CallCenter,Bangkok,1405,Lazada,COD,4,9,2,0,30-40,46.833333333333336,4.0,0.0,0.0,-1,5,8584.615,0.2299999999999999,0.0,0.25,0.0,4680.9,1,0,0.0,4680.9,1,0,0.0,11744.619999999999,2,0,0.0,34338.46,4,0,0.0,0
LGS2ORD0033611,C016874,2025-09-24 04:00:00,Male,48,Gold,Web,Khon Kaen,869,Shopee,Credit_Card,4,9,2,0,40-50,28.966666666666665,2.0,0.0,0.0,-1,213,1734.225,0.28,0.5,0.5,0.0,0.0,0,0,0.0,0.0,0,0,0.0,0.0,0,0,0.0,3468.45,2,0,0.0,0
LGS2ORD0033612,C016445,2025-09-24 04:00:00,Male,50,Bronze,TV,Remote_Area,775,Lazada,COD,4,9,2,0,40-50,25.833333333333332,8.0,2.0,0.25,200,34,9434.74125,0.28,0.75,0.5,0.0,0.0,0,0,0.0,0.0,0,0,0.0,11829.52,1,0,0.0,75477.93,8,2,0.25,1
LGS2ORD0033613,C017855,2025-09-24 04:00:00,Male,44,Platinum,Web,Chonburi,1629,Web,Credit_Card,4,9,2,0,40-50,54.3,9.0,2.0,0.2222222222222222,38,8,8096.853333333334,0.3,0.4444444444444444,0.6666666666666666,0.0,0.0,0,0,0.0,12276.759999999998,3,0,0.0,60539.13,5,1,0.2,72871.68000000001,9,2,0.2222222222222222,0
LGS2ORD0033614,C016510,2025-09-24 05:00:00,Male,59,Gold,Shopee,Nakhon Ratchasima,1556,Web,COD,5,9,2,0,>50,51.86666666666667,4.0,0.0,0.0,-1,35,3551.8925,0.28,0.25,0.5,0.0,0.0,0,0,0.0,0.0,0,0,0.0,5867.92,2,0,0.0,14207.57,4,0,0.0,0
LGS2ORD0033615,C015064,2025-09-24 05:00:00,Female,46,Bronze,TV,Remote_Area,941,Web,Bank_Transfer,5,9,2,0,40-50,31.366666666666667,7.0,3.0,0.42857142857142855,9,14,5063.15,0.28,0.7142857142857143,0.5714285714285714,0.0,0.0,0,0,0.0,7689.19,1,1,1.0,9719.46,2,1,0.5,35442.049999999996,7,3,0.42857142857142855,1
LGS2ORD0033616,C013776,2025-09-24 05:00:00,Male,26,Bronze,Shopee,Bangkok,464,TV_Show,COD,5,9,2,0,20-30,15.466666666666667,2.0,0.0,0.0,-1,61,9174.95,0.23,0.0,0.5,0.0,0.0,0,0,0.0,0.0,0,0,0.0,14924.56,1,0,0.0,18349.9,2,0,0.0,0
LGS2ORD0033617,C015387,2025-09-24 05:00:00,Male,47,Bronze,Shopee,Bangkok,549,Shopee,Credit_Card,5,9,2,0,40-50,18.3,5.0,3.0,0.6,-6,6,3340.16,0.23,1.0,0.2,0.0,2298.82,1,1,1.0,3947.1900000000005,3,2,0.6666666666666666,3947.1900000000005,3,2,0.6666666666666666,16700.8,5,3,0.6,0
LGS2ORD0033618,C014422,2025-09-24 05:00:00,Male,39,Silver,Web,Chonburi,1592,Lazada,COD,5,9,2,0,30-40,53.06666666666667,2.0,1.0,0.5,21,4,2036.385,0.25,1.0,0.5,0.0,745.64,1,0,0.0,745.64,1,0,0.0,4072.77,2,1,0.5,4072.77,2,1,0.5,0
LGS2ORD0033619,C017961,2025-09-24 06:00:00,Female,35,Bronze,Lazada,Chiang Mai,1138,Web,COD,6,9,2,0,30-40,37.93333333333333,6.0,2.0,0.3333333333333333,79,88,12753.443333333335,0.23,0.5,0.16666666666666666,0.0,0.0,0,0,0.0,0.0,0,0,0.0,22844.2,1,1,1.0,76520.66,6,2,0.3333333333333333,0
LGS2ORD0033620,C014404,2025-09-24 06:00:00,Male,51,Bronze,TV,Chiang Mai,411,Shopee,COD,6,9,2,0,>50,13.7,4.0,0.0,0.0,-1,43,7175.967500000001,0.18,0.75,0.0,0.0,0.0,0,0,0.0,0.0,0,0,0.0,10477.39,2,0,0.0,28703.870000000003,4,0,0.0,0
LGS2ORD0033621,C015009,2025-09-24 06:00:00,Female,58,Bronze,Lazada,Bangkok,1032,Web,PromptPay,6,9,2,0,>50,34.4,4.0,1.0,0.25,226,23,2751.0225,0.23,0.75,0.25,0.0,0.0,0,0,0.0,4177.84,1,0,0.0,4577.93,2,0,0.0,11004.09,4,1,0.25,0
LGS2ORD0033622,C014552,2025-09-24 06:00:00,Female,26,Silver,TV,Bangkok,626,Shopee,Credit_Card,6,9,2,0,20-30,20.866666666666667,3.0,1.0,0.3333333333333333,235,84,10156.093333333334,0.3,0.6666666666666666,0.3333333333333333,0.0,0.0,0,0,0.0,0.0,0,0,0.0,27121.760000000002,2,0,0.0,30468.280000000002,3,1,0.3333333333333333,0
LGS2ORD0033623,C015404,2025-09-24 06:00:00,Female,60,Bronze,Shopee,Songkhla,1194,Lazada,Credit_Card,6,9,2,0,>50,39.8,12.0,5.0,0.4166666666666667,21,30,4726.048333333333,0.28,0.75,0.25,0.0,0.0,0,0,0.0,0.0,0,0,0.0,9000.24,5,2,0.4,56712.579999999994,12,5,0.4166666666666667,1
LGS2ORD0033624,C015320,2025-09-24 07:00:00,Female,43,Bronze,TV,Phuket,1160,TV_Show,Bank_Transfer,7,9,2,0,40-50,38.666666666666664,1.0,1.0,1.0,38,51,3941.29,0.23,0.0,1.0,0.0,0.0,0,0,0.0,0.0,0,0,0.0,3941.29,1,1,1.0,3941.29,1,1,1.0,1
LGS2ORD0033625,C017303,2025-09-24 07:00:00,Female,72,Bronze,Shopee,Nakhon Ratchasima,764,TV_Show,Credit_Card,7,9,2,0,>50,25.466666666666665,3.0,0.0,0.0,-1,48,12342.1,0.18,0.3333333333333333,0.0,0.0,0.0,0,0,0.0,0.0,0,0,0.0,1110.55,1,0,0.0,37026.3,3,0,0.0,0
LGS2ORD0033626,C017574,2025-09-24 07:00:00,Male,27,Gold,Lazada,Phuket,1476,Web,COD,7,9,2,0,20-30,49.2,1.0,0.0,0.0,-1,176,360.01,0.13,0.0,0.0,0.0,0.0,0,0,0.0,0.0,0,0,0.0,0.0,0,0,0.0,360.01,1,0,0.0,0
LGS2ORD0033627,C010221,2025-09-24 07:00:00,Female,21,Bronze,TV,Chiang Mai,820,Shopee,COD,7,9,2,0,20-30,27.333333333333332,2.0,0.0,0.0,-1,19,10250.83,0.18,0.0,0.0,0.0,0.0,0,0,0.0,19057.18,1,0,0.0,19057.18,1,0,0.0,20501.66,2,0,0.0,0
LGS2ORD0033628,C016832,2025-09-24 07:00:00,Female,29,Silver,Web,Phuket,1580,TV_Show,Bank_Transfer,7,9,2,0,20-30,52.666666666666664,3.0,0.0,0.0,-1,42,3518.543333333333,0.2,1.0,0.0,0.0,0.0,0,0,0.0,0.0,0,0,0.0,7074.889999999999,2,0,0.0,10555.63,3,0,0.0,1
LGS2ORD0033629,C011487,2025-09-24 07:00:00,Female,31,Silver,Web,Remote_Area,1417,TV_Show,COD,7,9,2,0,30-40,47.233333333333334,7.0,4.0,0.5714285714285714,79,37,5353.458571428571,0.25,0.14285714285714285,0.2857142857142857,0.0,0.0,0,0,0.0,0.0,0,0,0.0,7319.64,1,0,0.0,37474.21,7,4,0.5714285714285714,0
LGS2ORD0033630,C015868,2025-09-24 08:00:00,Female,29,Bronze,Lazada,Bangkok,1008,Web,COD,8,9,2,0,20-30,33.6,2.0,0.0,0.0,-1,151,6834.975,0.18,1.0,0.0,0.0,0.0,0,0,0.0,0.0,0,0,0.0,0.0,0,0,0.0,13669.95,2,0,0.0,0
LGS2ORD0033631,C011487,2025-09-24 08:00:00,Female,31,Silver,Web,Remote_Area,1417,Shopee,COD,8,9,2,0,30-40,47.233333333333334,8.0,4.0,0.5,79,0,4744.25375,0.25,0.25,0.25,0.0,479.82,1,0,0.0,479.82,1,0,0.0,7799.46,2,0,0.0,37954.03,8,4,0.5,0
LGS2ORD0033632,C011503,2025-09-24 08:00:00,Female,72,Bronze,Shopee,Khon Kaen,1597,Shopee,Bank_Transfer,8,9,2,0,>50,53.233333333333334,6.0,0.0,0.0,-1,17,6544.978333333333,0.28,0.3333333333333333,0.5,0.0,0.0,0,0,0.0,8866.48,1,0,0.0,14387.49,3,0,0.0,39269.869999999995,6,0,0.0,1
LGS2ORD0033633,C010807,2025-09-24 08:00:00,Male,45,Gold,Web,Chiang Mai,993,TV_Show,COD,8,9,2,0,40-50,33.1,2.0,1.0,0.5,100,112,6406.469999999999,0.28,1.0,0.5,0.0,0.0,0,0,0.0,0.0,0,0,0.0,0.0,0,0,0.0,12812.939999999999,2,1,0.5,1
LGS2ORD0033634,C012908,2025-09-24 08:00:00,Male,47,Bronze,TV,Remote_Area,1095,Shopee,Credit_Card,8,9,2,0,40-50,36.5,6.0,4.0,0.6666666666666666,31,37,3104.5166666666664,0.23,0.16666666666666666,0.16666666666666666,0.0,0.0,0,0,0.0,0.0,0,0,0.0,8903.19,3,2,0.6666666666666666,18627.1,6,4,0.6666666666666666,0
LGS2ORD0033635,C010936,2025-09-24 09:00:00,Other,51,Bronze,TV,Bangkok,804,TV_Show,COD,9,9,2,0,>50,26.8,5.0,1.0,0.2,202,78,6755.094,0.18,0.6,0.0,0.0,0.0,0,0,0.0,0.0,0,0,0.0,2306.2,1,0,0.0,33775.47,5,1,0.2,0
LGS2ORD0033636,C017000,2025-09-24 09:00:00,Male,39,Gold,Shopee,Khon Kaen,1011,TV_Show,Bank_Transfer,9,9,2,0,30-40,33.7,2.0,0.0,0.0,-1,105,2727.25,0.33,0.0,0.5,0.0,0.0,0,0,0.0,0.0,0,0,0.0,0.0,0,0,0.0,5454.5,2,0,0.0,0
LGS2ORD0033637,C015374,2025-09-24 09:00:00,Male,38,Bronze,TV,Chiang Mai,361,Web,Credit_Card,9,9,2,0,30-40,12.033333333333333,3.0,2.0,0.6666666666666666,4,16,1548.8966666666668,0.18,0.3333333333333333,0.0,0.0,0.0,0,0,0.0,2079.82,1,1,1.0,2766.3100000000004,2,2,1.0,4646.6900000000005,3,2,0.6666666666666666,0
LGS2ORD0033638,C012590,2025-09-24 09:00:00,Female,59,Platinum,Shopee,Chiang Mai,748,TV_Show,PromptPay,9,9,2,0,>50,24.933333333333334,9.0,3.0,0.3333333333333333,134,21,9096.783333333333,0.3,0.4444444444444444,0.3333333333333333,0.0,0.0,0,0,0.0,4422.96,1,0,0.0,51477.4,3,0,0.0,81871.05,9,3,0.3333333333333333,0
LGS2ORD0033639,C014393,2025-09-24 09:00:00,Female,55,Gold,Shopee,Khon Kaen,1003,Web,Credit_Card,9,9,2,0,>50,33.43333333333333,6.0,0.0,0.0,-1,13,8692.054999999998,0.33,0.3333333333333333,0.3333333333333333,0.0,0.0,0,0,0.0,4136.49,1,0,0.0,50525.77,5,0,0.0,52152.329999999994,6,0,0.0,0
LGS2ORD0033640,C016976,2025-09-24 10:00:00,Male,54,Gold,Web,Khon Kaen,675,Shopee,PromptPay,10,9,2,0,>50,22.5,5.0,1.0,0.2,-1,9,10089.506,0.33,0.4,0.4,0.0,0.0,0,0,0.0,2331.0,1,1,1.0,35352.35,3,1,0.3333333333333333,50447.53,5,1,0.2,1
LGS2ORD0033641,C016897,2025-09-24 10:00:00,Male,56,Silver,TV,Chiang Mai,1116,TV_Show,PromptPay,10,9,2,0,>50,37.2,7.0,1.0,0.14285714285714285,15,28,2409.6114285714284,0.25,0.42857142857142855,0.2857142857142857,0.0,0.0,0,0,0.0,3269.0,1,1,1.0,7305.56,3,1,0.3333333333333333,16867.28,7,1,0.14285714285714285,0
LGS2ORD0033642,C010912,2025-09-24 10:00:00,Male,40,Silver,Lazada,Khon Kaen,873,Web,Credit_Card,10,9,2,0,30-40,29.1,7.0,1.0,0.14285714285714285,169,116,9121.460000000001,0.3,0.2857142857142857,0.14285714285714285,0.0,0.0,0,0,0.0,0.0,0,0,0.0,0.0,0,0,0.0,63850.22,7,1,0.14285714285714285,0
LGS2ORD0033643,C011392,2025-09-24 10:00:00,Male,53,Gold,Web,Remote_Area,1204,CallCenter,Credit_Card,10,9,2,0,>50,40.13333333333333,1.0,0.0,0.0,-1,116,4101.01,0.2299999999999999,0.0,1.0,0.0,0.0,0,0,0.0,0.0,0,0,0.0,0.0,0,0,0.0,4101.01,1,0,0.0,0
LGS2ORD0033644,C011480,2025-09-24 10:00:00,Female,61,Bronze,Lazada,Phuket,1584,Lazada,PromptPay,10,9,2,0,>50,52.8,2.0,1.0,0.5,95,99,6379.265,0.28,1.0,0.5,0.0,0.0,0,0,0.0,0.0,0,0,0.0,0.0,0,0,0.0,12758.53,2,1,0.5,0
LGS2ORD0033645,C013902,2025-09-24 11:00:00,Female,69,Bronze,TV,Khon Kaen,1483,Web,COD,11,9,2,0,>50,49.43333333333333,3.0,1.0,0.3333333333333333,94,102,3731.2599999999998,0.13,0.3333333333333333,0.0,0.0,0.0,0,0,0.0,0.0,0,0,0.0,0.0,0,0,0.0,11193.779999999999,3,1,0.3333333333333333,0
LGS2ORD0033646,C017585,2025-09-24 11:00:00,Female,29,Silver,Shopee,Bangkok,889,Web,Credit_Card,11,9,2,0,20-30,29.633333333333333,1.0,1.0,1.0,201,215,975.72,0.25,1.0,1.0,0.0,0.0,0,0,0.0,0.0,0,0,0.0,0.0,0,0,0.0,975.72,1,1,1.0,0
LGS2ORD0033647,C010909,2025-09-24 11:00:00,Female,28,Bronze,Shopee,Remote_Area,1016,Shopee,COD,11,9,2,0,20-30,33.86666666666667,3.0,0.0,0.0,-1,27,3360.94,0.13,0.6666666666666666,0.0,0.0,0.0,0,0,0.0,3574.84,1,0,0.0,3574.84,1,0,0.0,10082.82,3,0,0.0,1
LGS2ORD0033648,C016806,2025-09-24 11:00:00,Female,21,Gold,Web,Khon Kaen,1627,Web,PromptPay,11,9,2,0,20-30,54.233333333333334,4.0,0.0,0.0,-1,24,4452.4475,0.18,0.5,0.0,0.0,0.0,0,0,0.0,4617.93,1,0,0.0,14017.04,3,0,0.0,17809.79,4,0,0.0,0
LGS2ORD0033649,C014573,2025-09-24 11:00:00,Female,40,Bronze,TV,Khon Kaen,1405,Shopee,Credit_Card,11,9,2,0,30-40,46.833333333333336,1.0,0.0,0.0,-1,211,5503.12,0.08,1.0,0.0,0.0,0.0,0,0,0.0,0.0,0,0,0.0,0.0,0,0,0.0,5503.12,1,0,0.0,0
LGS2ORD0033650,C010978,2025-09-24 11:00:00,Male,29,Bronze,CallCenter,Nakhon Ratchasima,454,TV_Show,Credit_Card,11,9,2,0,20-30,15.133333333333333,5.0,2.0,0.4,130,136,2183.632,0.28,0.4,0.4,0.0,0.0,0,0,0.0,0.0,0,0,0.0,0.0,0,0,0.0,10918.16,5,2,0.4,1
LGS2ORD0033651,C017451,2025-09-24 12:00:00,Male,34,Bronze,TV,Songkhla,504,Web,Credit_Card,12,9,2,0,30-40,16.8,3.0,1.0,0.3333333333333333,68,80,6566.213333333333,0.23,0.3333333333333333,0.3333333333333333,0.0,0.0,0,0,0.0,0.0,0,0,0.0,716.54,1,1,1.0,19698.64,3,1,0.3333333333333333,1
LGS2ORD0033652,C010100,2025-09-24 12:00:00,Female,30,Silver,Shopee,Songkhla,366,Web,COD,12,9,2,0,20-30,12.2,5.0,5.0,1.0,17,30,5805.0380000000005,0.3,0.2,0.8,0.0,0.0,0,0,0.0,0.0,0,0,0.0,26029.31,2,2,1.0,29025.190000000002,5,5,1.0,0
LGS2ORD0033653,C010196,2025-09-24 12:00:00,Female,61,Gold,Web,Bangkok,1174,TV_Show,Bank_Transfer,12,9,2,0,>50,39.13333333333333,9.0,2.0,0.2222222222222222,180,25,2937.773333333333,0.33,0.2222222222222222,0.4444444444444444,0.0,0.0,0,0,0.0,2703.1,1,0,0.0,10357.970000000001,5,0,0.0,26439.96,9,2,0.2222222222222222,1
LGS2ORD0033654,C012526,2025-09-24 12:00:00,Female,36,Bronze,TV,Bangkok,1205,TV_Show,COD,12,9,2,0,30-40,40.166666666666664,3.0,1.0,0.3333333333333333,14,27,7960.7266666666665,0.28,0.3333333333333333,0.6666666666666666,0.0,0.0,0,0,0.0,5997.57,1,1,1.0,23882.18,3,1,0.3333333333333333,23882.18,3,1,0.3333333333333333,0
LGS2ORD0033655,C016619,2025-09-24 12:00:00,Female,41,Silver,Shopee,Khon Kaen,930,Shopee,Credit_Card,12,9,2,0,40-50,31.0,6.0,1.0,0.16666666666666666,39,44,3650.81,0.3,0.3333333333333333,0.3333333333333333,0.0,0.0,0,0,0.0,0.0,0,0,0.0,5474.57,1,1,1.0,21904.86,6,1,0.16666666666666666,0
LGS2ORD0033656,C016523,2025-09-24 13:00:00,Female,20,Bronze,TV,Remote_Area,857,Web,COD,13,9,2,0,<20,28.566666666666666,5.0,3.0,0.6,115,31,5053.9,0.18,0.6,0.0,0.0,0.0,0,0,0.0,0.0,0,0,0.0,3581.39,1,0,0.0,25269.5,5,3,0.6,0
LGS2ORD0033657,C011114,2025-09-24 13:00:00,Male,30,Gold,Shopee,Bangkok,1024,Lazada,Credit_Card,13,9,2,0,20-30,34.13333333333333,4.0,2.0,0.5,125,61,10927.475,0.28,0.5,0.5,0.0,0.0,0,0,0.0,0.0,0,0,0.0,3850.21,1,0,0.0,43709.9,4,2,0.5,0
LGS2ORD0033658,C010060,2025-09-24 13:00:00,Female,26,Bronze,Web,Khon Kaen,973,CallCenter,COD,13,9,2,0,20-30,32.43333333333333,2.0,0.0,0.0,-1,231,4454.305,0.23,0.0,1.0,0.0,0.0,0,0,0.0,0.0,0,0,0.0,0.0,0,0,0.0,8908.61,2,0,0.0,0
LGS2ORD0033659,C010244,2025-09-24 13:00:00,Male,35,Gold,Shopee,Songkhla,511,CallCenter,Credit_Card,13,9,2,0,30-40,17.033333333333335,5.0,2.0,0.4,39,7,6035.554,0.28,0.2,0.2,0.0,2160.47,1,0,0.0,2160.47,1,0,0.0,28021.36,3,1,0.3333333333333333,30177.77,5,2,0.4,1
LGS2ORD0033660,C016179,2025-09-24 13:00:00,Female,40,Bronze,Shopee,Phuket,717,TV_Show,Credit_Card,13,9,2,0,30-40,23.9,3.0,0.0,0.0,-1,133,5479.266666666666,0.28,0.3333333333333333,0.3333333333333333,0.0,0.0,0,0,0.0,0.0,0,0,0.0,0.0,0,0,0.0,16437.8,3,0,0.0,1
LGS2ORD0033661,C016920,2025-09-24 14:00:00,Male,55,Silver,Shopee,Chonburi,658,CallCenter,COD,14,9,2,0,>50,21.933333333333334,5.0,2.0,0.4,30,36,9070.308,0.25,0.4,0.4,0.0,0.0,0,0,0.0,0.0,0,0,0.0,3059.55,2,2,1.0,45351.54,5,2,0.4,0
LGS2ORD0033662,C017213,2025-09-24 14:00:00,Female,18,Silver,Web,Chiang Mai,390,Shopee,COD,14,9,2,0,<20,13.0,2.0,0.0,0.0,-1,141,1627.915,0.05,0.5,0.0,0.0,0.0,0,0,0.0,0.0,0,0,0.0,0.0,0,0,0.0,3255.83,2,0,0.0,0
LGS2ORD0033663,C011565,2025-09-24 14:00:00,Male,64,Gold,Shopee,Remote_Area,1348,Web,Bank_Transfer,14,9,2,0,>50,44.93333333333333,3.0,1.0,0.3333333333333333,115,128,1546.7066666666667,0.33,1.0,1.0,0.0,0.0,0,0,0.0,0.0,0,0,0.0,0.0,0,0,0.0,4640.12,3,1,0.3333333333333333,0
LGS2ORD0033664,C013692,2025-09-24 14:00:00,Male,48,Gold,TV,Nakhon Ratchasima,568,Lazada,Bank_Transfer,14,9,2,0,40-50,18.933333333333334,3.0,1.0,0.3333333333333333,22,34,1177.6933333333334,0.28,1.0,0.6666666666666666,0.0,0.0,0,0,0.0,0.0,0,0,0.0,2463.2799999999997,2,1,0.5,3533.08,3,1,0.3333333333333333,0
LGS2ORD0033665,C017376,2025-09-24 14:00:00,Female,48,Gold,Shopee,Bangkok,1108,TV_Show,COD,14,9,2,0,40-50,36.93333333333333,4.0,2.0,0.5,87,0,2456.2175,0.28,1.0,0.25,0.0,7222.97,1,0,0.0,7222.97,1,0,0.0,8105.35,2,0,0.0,9824.87,4,2,0.5,0
LGS2ORD0033666,C013205,2025-09-24 14:00:00,Male,50,Bronze,TV,Remote_Area,713,Shopee,COD,14,9,2,0,40-50,23.766666666666666,6.0,2.0,0.3333333333333333,86,53,4235.325,0.18,0.3333333333333333,0.0,0.0,0.0,0,0,0.0,0.0,0,0,0.0,9816.869999999999,2,0,0.0,25411.95,6,2,0.3333333333333333,1
LGS2ORD0033667,C015664,2025-09-24 15:00:00,Female,37,Bronze,CallCenter,Remote_Area,1458,TV_Show,Credit_Card,15,9,2,0,30-40,48.6,6.0,2.0,0.3333333333333333,103,9,7256.216666666666,0.28,0.5,0.3333333333333333,0.0,0.0,0,0,0.0,3245.6,1,0,0.0,4354.37,2,0,0.0,43537.299999999996,6,2,0.3333333333333333,1
LGS2ORD0033668,C015004,2025-09-24 15:00:00,Female,34,Silver,Shopee,Khon Kaen,673,Shopee,COD,15,9,2,0,30-40,22.433333333333334,6.0,2.0,0.3333333333333333,68,2,5679.0233333333335,0.2,0.6666666666666666,0.0,0.0,18401.33,2,0,0.0,18401.33,2,0,0.0,20683.510000000002,3,1,0.3333333333333333,34074.14,6,2,0.3333333333333333,0
LGS2ORD0033669,C011128,2025-09-24 15:00:00,Female,59,Gold,Lazada,Bangkok,979,Web,Credit_Card,15,9,2,0,>50,32.63333333333333,7.0,2.0,0.2857142857142857,165,57,3937.074285714286,0.28,0.7142857142857143,0.42857142857142855,0.0,0.0,0,0,0.0,0.0,0,0,0.0,2377.71,1,0,0.0,27559.52,7,2,0.2857142857142857,1
LGS2ORD0033670,C011177,2025-09-24 15:00:00,Female,49,Bronze,TV,Remote_Area,792,Lazada,PromptPay,15,9,2,0,40-50,26.4,8.0,3.0,0.375,136,70,5955.3150000000005,0.28,0.375,0.25,0.0,0.0,0,0,0.0,0.0,0,0,0.0,10377.039999999999,2,0,0.0,47642.520000000004,8,3,0.375,1
LGS2ORD0033671,C014775,2025-09-24 15:00:00,Male,62,Silver,TV,Phuket,1429,TV_Show,COD,15,9,2,0,>50,47.63333333333333,5.0,1.0,0.2,150,28,6601.702,0.3,0.6,0.2,0.0,0.0,0,0,0.0,3313.62,1,0,0.0,3313.62,1,0,0.0,33008.51,5,1,0.2,1
LGS2ORD0033672,C013915,2025-09-24 16:00:00,Male,41,Gold,Web,Chiang Mai,961,Web,PromptPay,16,9,2,0,40-50,32.03333333333333,4.0,1.0,0.25,0,6,8718.6975,0.2299999999999999,0.5,0.25,0.0,1269.75,1,1,1.0,21504.68,2,1,0.5,28871.65,3,1,0.3333333333333333,34874.79,4,1,0.25,0
LGS2ORD0033673,C016166,2025-09-24 16:00:00,Male,32,Bronze,Lazada,Chiang Mai,1153,Lazada,COD,16,9,2,0,30-40,38.43333333333333,7.0,0.0,0.0,-1,67,3817.6328571428576,0.23,0.42857142857142855,0.14285714285714285,0.0,0.0,0,0,0.0,0.0,0,0,0.0,16252.619999999999,2,0,0.0,26723.430000000004,7,0,0.0,0
LGS2ORD0033674,C013910,2025-09-24 16:00:00,Male,33,Silver,Lazada,Chiang Mai,943,Web,PromptPay,16,9,2,0,30-40,31.433333333333334,5.0,0.0,0.0,-1,1,4325.82,0.1,0.4,0.0,0.0,4334.52,1,0,0.0,4334.52,1,0,0.0,7190.7300000000005,2,0,0.0,21629.1,5,0,0.0,0
LGS2ORD0033675,C014483,2025-09-24 16:00:00,Female,37,Bronze,TV,Chonburi,1092,TV_Show,Credit_Card,16,9,2,0,30-40,36.4,3.0,0.0,0.0,-1,129,3877.07,0.23,0.3333333333333333,0.3333333333333333,0.0,0.0,0,0,0.0,0.0,0,0,0.0,0.0,0,0,0.0,11631.210000000001,3,0,0.0,0
LGS2ORD0033676,C010591,2025-09-24 16:00:00,Female,50,Bronze,Shopee,Chonburi,1442,TV_Show,Credit_Card,16,9,2,0,40-50,48.06666666666667,6.0,1.0,0.16666666666666666,88,98,6185.386666666668,0.28,0.3333333333333333,0.16666666666666666,0.0,0.0,0,0,0.0,0.0,0,0,0.0,0.0,0,0,0.0,37112.32000000001,6,1,0.16666666666666666,0
LGS2ORD0033677,C011596,2025-09-24 17:00:00,Female,44,Bronze,Web,Chonburi,1314,Web,PromptPay,17,9,2,0,40-50,43.8,4.0,1.0,0.25,142,60,5209.3825,0.23,0.5,0.25,0.0,0.0,0,0,0.0,0.0,0,0,0.0,10862.97,1,0,0.0,20837.53,4,1,0.25,0
LGS2ORD0033678,C015979,2025-09-24 17:00:00,Male,49,Silver,Lazada,Phuket,1547,TV_Show,COD,17,9,2,0,40-50,51.56666666666667,6.0,1.0,0.16666666666666666,79,35,6479.836666666667,0.3,0.5,0.3333333333333333,0.0,0.0,0,0,0.0,0.0,0,0,0.0,30210.97,2,0,0.0,38879.020000000004,6,1,0.16666666666666666,0
LGS2ORD0033679,C010397,2025-09-24 17:00:00,Male,34,Bronze,Web,Nakhon Ratchasima,331,TV_Show,PromptPay,17,9,2,0,30-40,11.033333333333333,7.0,1.0,0.14285714285714285,31,31,2537.9428571428575,0.28,0.5714285714285714,0.2857142857142857,0.0,0.0,0,0,0.0,0.0,0,0,0.0,7314.26,4,1,0.25,17765.600000000002,7,1,0.14285714285714285,0
LGS2ORD0033680,C014008,2025-09-24 17:00:00,Male,54,Bronze,Lazada,Remote_Area,647,Shopee,Bank_Transfer,17,9,2,0,>50,21.566666666666666,4.0,1.0,0.25,108,1,5496.26,0.18,0.5,0.0,0.0,4693.86,1,0,0.0,4693.86,1,0,0.0,4693.86,1,0,0.0,21985.04,4,1,0.25,0
LGS2ORD0033681,C015265,2025-09-24 17:00:00,Female,33,Gold,Web,Chonburi,632,Lazada,COD,17,9,2,0,30-40,21.066666666666666,0.0,0.0,0.0,-1,-1,0.0,0.0,0.0,0.0,0.0,0.0,0,0,0.0,0.0,0,0,0.0,0.0,0,0,0.0,0.0,0,0,0.0,1
LGS2ORD0033682,C014184,2025-09-24 18:00:00,Female,43,Bronze,TV,Chiang Mai,409,CallCenter,COD,18,9,2,0,40-50,13.633333333333333,5.0,0.0,0.0,-1,33,7139.601999999999,0.13,0.6,0.0,0.0,0.0,0,0,0.0,0.0,0,0,0.0,31700.649999999998,4,0,0.0,35698.009999999995,5,0,0.0,1
LGS2ORD0033683,C014658,2025-09-24 18:00:00,Female,45,Platinum,CallCenter,Chonburi,1305,Web,COD,18,9,2,0,40-50,43.5,3.0,1.0,0.3333333333333333,74,87,5825.2266666666665,0.35,0.3333333333333333,0.6666666666666666,0.0,0.0,0,0,0.0,0.0,0,0,0.0,9672.18,1,1,1.0,17475.68,3,1,0.3333333333333333,0
LGS2ORD0033684,C012943,2025-09-24 18:00:00,Female,62,Bronze,Web,Bangkok,1661,Lazada,COD,18,9,2,0,>50,55.36666666666667,3.0,1.0,0.3333333333333333,114,79,9773.976666666666,0.23,0.0,0.3333333333333333,0.0,0.0,0,0,0.0,0.0,0,0,0.0,1638.41,1,0,0.0,29321.929999999997,3,1,0.3333333333333333,1
LGS2ORD0033685,C010179,2025-09-24 18:00:00,Female,33,Bronze,TV,Khon Kaen,729,Shopee,COD,18,9,2,0,30-40,24.3,3.0,1.0,0.3333333333333333,157,102,2077.7933333333335,0.18,0.3333333333333333,0.0,0.0,0.0,0,0,0.0,0.0,0,0,0.0,0.0,0,0,0.0,6233.38,3,1,0.3333333333333333,0
LGS2ORD0033686,C013305,2025-09-24 18:00:00,Female,38,Bronze,Shopee,Chonburi,1538,Web,Bank_Transfer,18,9,2,0,30-40,51.266666666666666,8.0,3.0,0.375,33,45,3041.11125,0.23,0.5,0.375,0.0,0.0,0,0,0.0,0.0,0,0,0.0,11862.59,3,2,0.6666666666666666,24328.89,8,3,0.375,0
LGS2ORD0033687,C014754,2025-09-24 18:00:00,Female,63,Bronze,TV,Songkhla,1037,Web,COD,18,9,2,0,>50,34.56666666666667,5.0,2.0,0.4,48,55,5482.5779999999995,0.28,0.6,0.6,0.0,0.0,0,0,0.0,0.0,0,0,0.0,3949.39,1,1,1.0,27412.89,5,2,0.4,0
LGS2ORD0033688,C017098,2025-09-24 19:00:00,Other,57,Silver,Web,Bangkok,799,TV_Show,COD,19,9,2,0,>50,26.633333333333333,3.0,0.0,0.0,-1,77,3082.1800000000003,0.2,0.0,0.0,0.0,0.0,0,0,0.0,0.0,0,0,0.0,4646.82,1,0,0.0,9246.54,3,0,0.0,0
LGS2ORD0033689,C016858,2025-09-24 19:00:00,Male,40,Bronze,TV,Songkhla,652,Shopee,COD,19,9,2,0,30-40,21.733333333333334,7.0,2.0,0.2857142857142857,48,32,4105.171428571428,0.28,0.7142857142857143,0.5714285714285714,0.0,0.0,0,0,0.0,0.0,0,0,0.0,20376.39,3,1,0.3333333333333333,28736.199999999997,7,2,0.2857142857142857,1
LGS2ORD0033690,C010114,2025-09-24 19:00:00,Female,24,Silver,TV,Songkhla,732,Web,COD,19,9,2,0,20-30,24.4,0.0,0.0,0.0,-1,-1,0.0,0.0,0.0,0.0,0.0,0.0,0,0,0.0,0.0,0,0,0.0,0.0,0,0,0.0,0.0,0,0,0.0,1
LGS2ORD0033691,C016971,2025-09-24 19:00:00,Male,46,Bronze,TV,Songkhla,643,Lazada,COD,19,9,2,0,40-50,21.433333333333334,2.0,0.0,0.0,-1,43,1837.505,0.08,0.5,0.0,0.0,0.0,0,0,0.0,0.0,0,0,0.0,2634.09,1,0,0.0,3675.01,2,0,0.0,1
LGS2ORD0033692,C014318,2025-09-24 19:00:00,Male,46,Platinum,Lazada,Khon Kaen,1265,Shopee,COD,19,9,2,0,40-50,42.166666666666664,3.0,1.0,0.3333333333333333,210,131,1900.9133333333332,0.35,0.3333333333333333,1.0,0.0,0.0,0,0,0.0,0.0,0,0,0.0,0.0,0,0,0.0,5702.74,3,1,0.3333333333333333,1
LGS2ORD0033693,C010849,2025-09-24 20:00:00,Female,32,Bronze,CallCenter,Chiang Mai,1258,Web,COD,20,9,2,0,30-40,41.93333333333333,3.0,0.0,0.0,-1,2,1309.7266666666667,0.08,0.3333333333333333,0.0,0.0,1122.01,1,0,0.0,1122.01,1,0,0.0,2616.15,2,0,0.0,3929.1800000000003,3,0,0.0,0
LGS2ORD0033694,C016855,2025-09-24 20:00:00,Female,61,Silver,Web,Chonburi,1294,Web,PromptPay,20,9,2,0,>50,43.13333333333333,2.0,0.0,0.0,-1,37,7000.6900000000005,0.05,0.0,0.0,0.0,0.0,0,0,0.0,0.0,0,0,0.0,14001.380000000001,2,0,0.0,14001.380000000001,2,0,0.0,0
LGS2ORD0033695,C016692,2025-09-24 20:00:00,Female,60,Gold,Lazada,Chiang Mai,553,Shopee,COD,20,9,2,0,>50,18.433333333333334,5.0,2.0,0.4,150,127,8544.030000000002,0.33,0.6,0.4,0.0,0.0,0,0,0.0,0.0,0,0,0.0,0.0,0,0,0.0,42720.15000000001,5,2,0.4,0
LGS2ORD0033696,C011923,2025-09-24 20:00:00,Female,50,Silver,Web,Khon Kaen,1566,Lazada,COD,20,9,2,0,40-50,52.2,2.0,0.0,0.0,-1,31,5070.475,0.25,0.0,0.5,0.0,0.0,0,0,0.0,0.0,0,0,0.0,633.6,1,0,0.0,10140.95,2,0,0.0,1
LGS2ORD0033697,C015483,2025-09-24 20:00:00,Female,36,Bronze,CallCenter,Bangkok,1450,Lazada,COD,20,9,2,0,30-40,48.333333333333336,5.0,1.0,0.2,7,11,11251.374,0.18,0.8,0.0,0.0,0.0,0,0,0.0,6966.67,1,1,1.0,37296.31,2,1,0.5,56256.869999999995,5,1,0.2,0
LGS2ORD0033698,C010988,2025-09-24 21:00:00,Female,24,Platinum,Shopee,Bangkok,1135,TV_Show,Credit_Card,21,9,2,0,20-30,37.833333333333336,3.0,0.0,0.0,-1,74,2655.4866666666667,0.3,0.3333333333333333,0.3333333333333333,0.0,0.0,0,0,0.0,0.0,0,0,0.0,6089.71,2,0,0.0,7966.46,3,0,0.0,0
LGS2ORD0033699,C015733,2025-09-24 21:00:00,Female,23,Silver,Lazada,Chiang Mai,688,Lazada,COD,21,9,2,0,20-30,22.933333333333334,4.0,0.0,0.0,-1,22,4202.545,0.3,0.5,0.25,0.0,0.0,0,0,0.0,3777.43,1,0,0.0,3777.43,1,0,0.0,16810.18,4,0,0.0,0
LGS2ORD0033700,C015899,2025-09-24 21:00:00,Female,62,Bronze,Lazada,Nakhon Ratchasima,1139,Shopee,PromptPay,21,9,2,0,>50,37.96666666666667,7.0,1.0,0.14285714285714285,110,45,6652.652857142857,0.23,0.7142857142857143,0.42857142857142855,0.0,0.0,0,0,0.0,0.0,0,0,0.0,31168.219999999998,2,0,0.0,46568.57,7,1,0.14285714285714285,0
LGS2ORD0033701,C014415,2025-09-24 21:00:00,Female,56,Gold,Web,Nakhon Ratchasima,1149,CallCenter,COD,21,9,2,0,>50,38.3,4.0,3.0,0.75,46,53,2385.2475,0.2299999999999999,0.5,0.5,0.0,0.0,0,0,0.0,0.0,0,0,0.0,5956.889999999999,2,2,1.0,9540.99,4,3,0.75,1
LGS2ORD0033702,C017462,2025-09-24 21:00:00,Male,18,Bronze,Shopee,Khon Kaen,1505,TV_Show,COD,21,9,2,0,<20,50.166666666666664,1.0,0.0,0.0,-1,113,2244.76,0.08,0.0,0.0,0.0,0.0,0,0,0.0,0.0,0,0,0.0,0.0,0,0,0.0,2244.76,1,0,0.0,0
LGS2ORD0033703,C010758,2025-09-24 22:00:00,Female,45,Gold,CallCenter,Bangkok,864,TV_Show,COD,22,9,2,0,40-50,28.8,3.0,0.0,0.0,-1,65,1737.4733333333334,0.28,0.0,0.6666666666666666,0.0,0.0,0,0,0.0,0.0,0,0,0.0,1396.47,1,0,0.0,5212.42,3,0,0.0,0
LGS2ORD0033704,C010079,2025-09-24 22:00:00,Male,41,Bronze,Web,Khon Kaen,1234,CallCenter,PromptPay,22,9,2,0,40-50,41.13333333333333,7.0,2.0,0.2857142857142857,18,24,19336.72857142857,0.23,0.5714285714285714,0.14285714285714285,0.0,0.0,0,0,0.0,23199.649999999998,2,1,0.5,33847.32,3,1,0.3333333333333333,135357.1,7,2,0.2857142857142857,0
LGS2ORD0033705,C012311,2025-09-24 22:00:00,Other,39,Bronze,TV,Phuket,813,TV_Show,Bank_Transfer,22,9,2,0,30-40,27.1,8.0,3.0,0.375,6,18,3702.5387499999997,0.28,0.375,0.375,0.0,0.0,0,0,0.0,2604.15,1,1,1.0,16789.64,4,2,0.5,29620.309999999998,8,3,0.375,0
LGS2ORD0033706,C016896,2025-09-24 22:00:00,Male,61,Bronze,TV,Bangkok,1063,CallCenter,PromptPay,22,9,2,0,>50,35.43333333333333,5.0,3.0,0.6,56,63,10085.439999999999,0.28,0.6,0.6,0.0,0.0,0,0,0.0,0.0,0,0,0.0,46961.71,3,2,0.6666666666666666,50427.2,5,3,0.6,0
LGS2ORD0033707,C013434,2025-09-24 22:00:00,Female,47,Silver,Lazada,Bangkok,1231,Lazada,Credit_Card,22,9,2,0,40-50,41.03333333333333,3.0,1.0,0.3333333333333333,11,27,5994.650000000001,0.2,0.3333333333333333,0.0,0.0,0.0,0,0,0.0,1825.82,1,1,1.0,1825.82,1,1,1.0,17983.95,3,1,0.3333333333333333,1
LGS2ORD0033708,C015234,2025-09-24 22:00:00,Female,42,Bronze,TV,Chonburi,605,Lazada,COD,22,9,2,0,40-50,20.166666666666668,8.0,1.0,0.125,210,39,7781.037499999999,0.28,0.5,0.5,0.0,0.0,0,0,0.0,0.0,0,0,0.0,45414.03,2,0,0.0,62248.299999999996,8,1,0.125,0
LGS2ORD0033709,C013707,2025-09-24 23:00:00,Other,32,Gold,CallCenter,Nakhon Ratchasima,1638,Shopee,Bank_Transfer,23,9,2,0,30-40,54.6,4.0,0.0,0.0,-1,62,6356.3325,0.2299999999999999,0.0,0.5,0.0,0.0,0,0,0.0,0.0,0,0,0.0,4647.63,1,0,0.0,25425.33,4,0,0.0,0
LGS2ORD0033710,C014587,2025-09-24 23:00:00,Male,27,Gold,TV,Bangkok,1427,Lazada,COD,23,9,2,0,20-30,47.56666666666667,5.0,0.0,0.0,-1,2,7045.683999999999,0.28,0.0,0.2,0.0,1567.1,1,0,0.0,1567.1,1,0,0.0,1567.1,1,0,0.0,35228.42,5,0,0.0,0
LGS2ORD0033711,C015861,2025-09-24 23:00:00,Female,61,Silver,TV,Khon Kaen,714,Web,PromptPay,23,9,2,0,>50,23.8,9.0,4.0,0.4444444444444444,73,56,8320.833333333336,0.3,0.6666666666666666,0.1111111111111111,0.0,0.0,0,0,0.0,0.0,0,0,0.0,8281.64,2,1,0.5,74887.50000000001,9,4,0.4444444444444444,0
LGS2ORD0033712,C013445,2025-09-24 23:00:00,Female,48,Silver,Shopee,Chonburi,588,Lazada,PromptPay,23,9,2,0,40-50,19.6,7.0,2.0,0.2857142857142857,62,13,3303.788571428571,0.25,0.42857142857142855,0.42857142857142855,0.0,0.0,0,0,0.0,3544.23,1,0,0.0,12002.01,3,1,0.3333333333333333,23126.519999999997,7,2,0.2857142857142857,0
LGS2ORD0033713,C013157,2025-09-24 23:00:00,Male,48,Silver,TV,Khon Kaen,1519,Web,COD,23,9,2,0,40-50,50.63333333333333,5.0,1.0,0.2,208,27,5320.6,0.25,0.6,0.2,0.0,0.0,0,0,0.0,12161.57,1,0,0.0,13359.539999999999,2,0,0.0,26603.0,5,1,0.2,0
LGS2ORD0033714,C014789,2025-09-25 00:00:00,Female,43,Silver,TV,Remote_Area,428,Web,COD,0,9,3,0,40-50,14.266666666666667,2.0,1.0,0.5,107,123,3043.79,0.2,0.5,0.0,0.0,0.0,0,0,0.0,0.0,0,0,0.0,0.0,0,0,0.0,6087.58,2,1,0.5,0
LGS2ORD0033715,C015637,2025-09-25 00:00:00,Male,41,Silver,TV,Chonburi,879,CallCenter,Credit_Card,0,9,3,0,40-50,29.3,0.0,0.0,0.0,-1,-1,0.0,0.0,0.0,0.0,0.0,0.0,0,0,0.0,0.0,0,0,0.0,0.0,0,0,0.0,0.0,0,0,0.0,0
LGS2ORD0033716,C010683,2025-09-25 00:00:00,Male,50,Silver,Shopee,Khon Kaen,533,CallCenter,COD,0,9,3,0,40-50,17.766666666666666,7.0,1.0,0.14285714285714285,84,63,6881.652857142858,0.2,0.42857142857142855,0.0,0.0,0.0,0,0,0.0,0.0,0,0,0.0,226.69,1,0,0.0,48171.57000000001,7,1,0.14285714285714285,0
LGS2ORD0033717,C012948,2025-09-25 00:00:00,Female,46,Bronze,TV,Bangkok,1349,TV_Show,COD,0,9,3,0,40-50,44.96666666666667,3.0,1.0,0.3333333333333333,184,61,10290.26,0.18,0.6666666666666666,0.0,0.0,0.0,0,0,0.0,0.0,0,0,0.0,28026.22,2,0,0.0,30870.78,3,1,0.3333333333333333,0
LGS2ORD0033718,C011551,2025-09-25 00:00:00,Male,37,Bronze,Shopee,Phuket,1614,Lazada,PromptPay,0,9,3,0,30-40,53.8,5.0,1.0,0.2,39,54,9701.724,0.28,0.4,0.8,0.0,0.0,0,0,0.0,0.0,0,0,0.0,42616.490000000005,2,1,0.5,48508.62,5,1,0.2,1
LGS2ORD0033719,C012156,2025-09-25 01:00:00,Male,45,Bronze,TV,Chiang Mai,879,CallCenter,Credit_Card,1,9,3,0,40-50,29.3,3.0,0.0,0.0,-1,49,8805.083333333334,0.23,0.6666666666666666,0.3333333333333333,0.0,0.0,0,0,0.0,0.0,0,0,0.0,3055.65,1,0,0.0,26415.25,3,0,0.0,0
LGS2ORD0033720,C016748,2025-09-25 01:00:00,Male,29,Silver,Web,Chonburi,858,TV_Show,COD,1,9,3,0,20-30,28.6,4.0,0.0,0.0,-1,98,2376.775,0.25,0.75,0.25,0.0,0.0,0,0,0.0,0.0,0,0,0.0,0.0,0,0,0.0,9507.1,4,0,0.0,0
LGS2ORD0033721,C016090,2025-09-25 01:00:00,Female,48,Silver,Shopee,Chonburi,595,Shopee,Credit_Card,1,9,3,0,40-50,19.833333333333332,3.0,0.0,0.0,-1,3,3100.236666666667,0.25,0.0,0.3333333333333333,0.0,5802.26,1,0,0.0,5802.26,1,0,0.0,5802.26,1,0,0.0,9300.710000000001,3,0,0.0,0
LGS2ORD0033722,C014171,2025-09-25 01:00:00,Male,52,Bronze,TV,Remote_Area,780,Web,Credit_Card,1,9,3,0,>50,26.0,5.0,2.0,0.4,25,17,5190.517999999999,0.28,0.4,0.6,0.0,0.0,0,0,0.0,11558.6,2,0,0.0,23653.739999999998,4,1,0.25,25952.589999999997,5,2,0.4,0
LGS2ORD0033723,C017824,2025-09-25 01:00:00,Female,54,Bronze,TV,Phuket,753,TV_Show,Credit_Card,1,9,3,0,>50,25.1,6.0,3.0,0.5,21,30,3488.6266666666666,0.23,0.6666666666666666,0.16666666666666666,0.0,0.0,0,0,0.0,0.0,0,0,0.0,1725.71,2,2,1.0,20931.76,6,3,0.5,0
LGS2ORD0033724,C014015,2025-09-25 02:00:00,Female,57,Bronze,TV,Remote_Area,1417,TV_Show,Credit_Card,2,9,3,0,>50,47.233333333333334,5.0,0.0,0.0,-1,8,5234.902,0.23,0.4,0.2,0.0,0.0,0,0,0.0,4708.34,1,0,0.0,11734.11,2,0,0.0,26174.510000000002,5,0,0.0,1
LGS2ORD0033725,C015029,2025-09-25 02:00:00,Female,42,Platinum,Lazada,Phuket,1483,Web,COD,2,9,3,0,40-50,49.43333333333333,5.0,2.0,0.4,20,3,2541.874,0.35,0.2,0.4,0.2,8342.47,1,0,0.0,8342.47,1,0,0.0,8785.349999999999,2,1,0.5,12709.369999999999,5,2,0.4,0
LGS2ORD0033726,C010497,2025-09-25 02:00:00,Female,56,Silver,Lazada,Khon Kaen,356,Web,Bank_Transfer,2,9,3,0,>50,11.866666666666667,5.0,2.0,0.4,156,43,10782.326,0.25,0.6,0.4,0.0,0.0,0,0,0.0,0.0,0,0,0.0,8133.94,1,0,0.0,53911.63,5,2,0.4,0
LGS2ORD0033727,C016896,2025-09-25 02:00:00,Male,61,Bronze,TV,Bangkok,1064,Web,COD,2,9,3,0,>50,35.46666666666667,6.0,3.0,0.5,57,0,9318.318333333333,0.28,0.5,0.5,0.0,5482.71,1,0,0.0,5482.71,1,0,0.0,52444.42,4,2,0.5,55909.909999999996,6,3,0.5,0
LGS2ORD0033728,C017813,2025-09-25 02:00:00,Male,39,Gold,Lazada,Bangkok,1704,Lazada,COD,2,9,3,0,30-40,56.8,3.0,0.0,0.0,-1,37,5029.1466666666665,0.2299999999999999,0.3333333333333333,0.3333333333333333,0.0,0.0,0,0,0.0,0.0,0,0,0.0,8648.66,1,0,0.0,15087.439999999999,3,0,0.0,0
LGS2ORD0033729,C011597,2025-09-25 02:00:00,Female,50,Bronze,Web,Khon Kaen,1630,Web,Bank_Transfer,2,9,3,0,40-50,54.333333333333336,6.0,1.0,0.16666666666666666,68,77,2921.08,0.23,0.5,0.16666666666666666,0.0,0.0,0,0,0.0,0.0,0,0,0.0,6456.91,1,1,1.0,17526.48,6,1,0.16666666666666666,1
LGS2ORD0033730,C014348,2025-09-25 03:00:00,Male,18,Silver,Lazada,Phuket,971,Shopee,COD,3,9,3,0,<20,32.36666666666667,6.0,2.0,0.3333333333333333,216,41,2749.605,0.3,0.6666666666666666,0.5,0.0,0.0,0,0,0.0,0.0,0,0,0.0,472.35,1,0,0.0,16497.63,6,2,0.3333333333333333,0
LGS2ORD0033731,C015436,2025-09-25 03:00:00,Male,44,Silver,Lazada,Nakhon Ratchasima,1211,Lazada,COD,3,9,3,0,40-50,40.36666666666667,8.0,2.0,0.25,27,20,4091.60625,0.3,0.625,0.625,0.0,0.0,0,0,0.0,1516.3600000000001,2,0,0.0,3500.83,4,1,0.25,32732.85,8,2,0.25,0
LGS2ORD0033732,C015835,2025-09-25 03:00:00,Other,46,Silver,Web,Chonburi,1165,Shopee,COD,3,9,3,0,40-50,38.833333333333336,8.0,2.0,0.25,116,36,5499.63375,0.3,0.5,0.25,0.0,0.0,0,0,0.0,0.0,0,0,0.0,628.65,1,0,0.0,43997.07,8,2,0.25,1
LGS2ORD0033733,C010252,2025-09-25 03:00:00,Female,64,Bronze,Shopee,Khon Kaen,758,TV_Show,COD,3,9,3,0,>50,25.266666666666666,1.0,1.0,1.0,13,23,1539.82,0.08,1.0,0.0,0.0,0.0,0,0,0.0,1539.82,1,1,1.0,1539.82,1,1,1.0,1539.82,1,1,1.0,0
LGS2ORD0033734,C012321,2025-09-25 03:00:00,Female,44,Bronze,Web,Phuket,432,Lazada,Credit_Card,3,9,3,0,40-50,14.4,1.0,0.0,0.0,-1,82,3224.89,0.13,0.0,0.0,0.0,0.0,0,0,0.0,0.0,0,0,0.0,3224.89,1,0,0.0,3224.89,1,0,0.0,0
LGS2ORD0033735,C016437,2025-09-25 04:00:00,Female,35,Bronze,Web,Songkhla,826,TV_Show,COD,4,9,3,0,30-40,27.533333333333335,6.0,4.0,0.6666666666666666,12,24,5316.891666666666,0.23,0.5,0.3333333333333333,0.0,0.0,0,0,0.0,4260.57,1,1,1.0,4260.57,1,1,1.0,31901.35,6,4,0.6666666666666666,1
LGS2ORD0033736,C017248,2025-09-25 04:00:00,Female,72,Bronze,TV,Phuket,663,TV_Show,COD,4,9,3,0,>50,22.1,7.0,2.0,0.2857142857142857,2,16,7619.108571428572,0.28,0.7142857142857143,0.42857142857142855,0.0,0.0,0,0,0.0,17778.78,2,1,0.5,17778.78,2,1,0.5,53333.76,7,2,0.2857142857142857,0
LGS2ORD0033737,C011262,2025-09-25 04:00:00,Male,58,Platinum,Lazada,Khon Kaen,1613,Shopee,Credit_Card,4,9,3,0,>50,53.766666666666666,2.0,0.0,0.0,-1,27,5290.385,0.25,0.5,0.5,0.0,0.0,0,0,0.0,2111.6,1,0,0.0,10580.77,2,0,0.0,10580.77,2,0,0.0,0
LGS2ORD0033738,C010901,2025-09-25 04:00:00,Female,46,Silver,Web,Songkhla,1356,TV_Show,COD,4,9,3,0,40-50,45.2,5.0,2.0,0.4,116,111,8517.688,0.3,0.4,0.4,0.0,0.0,0,0,0.0,0.0,0,0,0.0,0.0,0,0,0.0,42588.44,5,2,0.4,0
LGS2ORD0033739,C012257,2025-09-25 04:00:00,Male,36,Platinum,CallCenter,Phuket,1119,TV_Show,Credit_Card,4,9,3,0,30-40,37.3,2.0,0.0,0.0,-1,128,1303.335,0.25,0.0,0.5,0.0,0.0,0,0,0.0,0.0,0,0,0.0,0.0,0,0,0.0,2606.67,2,0,0.0,0
LGS2ORD0033740,C010304,2025-09-25 05:00:00,Female,67,Bronze,Shopee,Nakhon Ratchasima,1164,Shopee,COD,5,9,3,0,>50,38.8,8.0,1.0,0.125,251,9,2804.15625,0.23,0.625,0.25,0.0,0.0,0,0,0.0,1861.69,1,0,0.0,4873.08,3,0,0.0,22433.25,8,1,0.125,0
LGS2ORD0033741,C012763,2025-09-25 05:00:00,Male,27,Bronze,Web,Chonburi,1059,Lazada,PromptPay,5,9,3,0,20-30,35.3,5.0,1.0,0.2,10,15,2418.272,0.28,0.4,0.4,0.0,0.0,0,0,0.0,2806.75,2,1,0.5,6464.27,3,1,0.3333333333333333,12091.36,5,1,0.2,0
LGS2ORD0033742,C017795,2025-09-25 05:00:00,Male,50,Bronze,Shopee,Bangkok,1015,Shopee,COD,5,9,3,0,40-50,33.833333333333336,1.0,1.0,1.0,216,225,4010.23,0.23,0.0,1.0,0.0,0.0,0,0,0.0,0.0,0,0,0.0,0.0,0,0,0.0,4010.23,1,1,1.0,1
LGS2ORD0033743,C012743,2025-09-25 05:00:00,Female,29,Platinum,Web,Bangkok,1388,TV_Show,Credit_Card,5,9,3,0,20-30,46.266666666666666,4.0,0.0,0.0,-1,2,4719.015,0.15,0.25,0.0,0.0,1878.81,1,0,0.0,8465.44,2,0,0.0,8465.44,2,0,0.0,18876.06,4,0,0.0,0
LGS2ORD0033744,C015485,2025-09-25 05:00:00,Female,54,Gold,Shopee,Chiang Mai,1483,Web,Bank_Transfer,5,9,3,0,>50,49.43333333333333,1.0,0.0,0.0,-1,32,3062.88,0.18,1.0,0.0,0.0,0.0,0,0,0.0,0.0,0,0,0.0,3062.88,1,0,0.0,3062.88,1,0,0.0,0
LGS2ORD0033745,C016334,2025-09-25 06:00:00,Male,41,Gold,Shopee,Khon Kaen,323,Web,COD,6,9,3,0,40-50,10.766666666666667,1.0,1.0,1.0,253,259,3663.5,0.08,1.0,0.0,0.0,0.0,0,0,0.0,0.0,0,0,0.0,0.0,0,0,0.0,3663.5,1,1,1.0,0
LGS2ORD0033746,C011662,2025-09-25 06:00:00,Other,37,Bronze,Shopee,Chonburi,495,Shopee,COD,6,9,3,0,30-40,16.5,6.0,1.0,0.16666666666666666,164,11,4088.8749999999995,0.08,0.6666666666666666,0.0,0.0,0.0,0,0,0.0,1812.35,1,0,0.0,3840.34,2,0,0.0,24533.249999999996,6,1,0.16666666666666666,0
LGS2ORD0033747,C017665,2025-09-25 06:00:00,Male,57,Gold,TV,Remote_Area,1510,Shopee,PromptPay,6,9,3,0,>50,50.333333333333336,10.0,1.0,0.1,171,56,8237.158,0.33,0.5,0.5,0.0,0.0,0,0,0.0,0.0,0,0,0.0,37948.81,3,0,0.0,82371.58,10,1,0.1,0
LGS2ORD0033748,C011164,2025-09-25 06:00:00,Female,51,Bronze,Lazada,Songkhla,324,TV_Show,Bank_Transfer,6,9,3,0,>50,10.8,5.0,1.0,0.2,209,20,6479.946,0.18,0.6,0.0,0.0,0.0,0,0,0.0,966.51,1,0,0.0,10340.91,2,0,0.0,32399.73,5,1,0.2,1
LGS2ORD0033749,C015585,2025-09-25 06:00:00,Female,60,Bronze,TV,Bangkok,746,Shopee,Credit_Card,6,9,3,0,>50,24.866666666666667,5.0,1.0,0.2,234,7,7622.45,0.23,0.6,0.2,0.0,0.0,0,0,0.0,5409.92,1,0,0.0,16005.320000000002,3,0,0.0,38112.25,5,1,0.2,0
LGS2ORD0033750,C010786,2025-09-25 06:00:00,Female,40,Bronze,Shopee,Khon Kaen,1064,Web,Credit_Card,6,9,3,0,30-40,35.46666666666667,4.0,1.0,0.25,143,24,5371.3825,0.13,0.25,0.0,0.0,0.0,0,0,0.0,2351.01,1,0,0.0,11779.92,2,0,0.0,21485.53,4,1,0.25,0
LGS2ORD0033751,C011681,2025-09-25 07:00:00,Male,42,Bronze,Shopee,Bangkok,293,TV_Show,Credit_Card,7,9,3,0,40-50,9.766666666666667,9.0,2.0,0.2222222222222222,18,24,7163.286666666667,0.18,0.7777777777777778,0.0,0.0,0.0,0,0,0.0,14728.33,1,1,1.0,35004.8,3,1,0.3333333333333333,64469.58,9,2,0.2222222222222222,0
LGS2ORD0033752,C016306,2025-09-25 07:00:00,Male,28,Bronze,TV,Phuket,1092,Web,COD,7,9,3,0,20-30,36.4,3.0,1.0,0.3333333333333333,31,33,3246.7666666666664,0.28,1.0,1.0,0.0,0.0,0,0,0.0,0.0,0,0,0.0,9740.3,3,1,0.3333333333333333,9740.3,3,1,0.3333333333333333,0
LGS2ORD0033753,C010491,2025-09-25 07:00:00,Male,49,Platinum,Web,Bangkok,368,Web,COD,7,9,3,0,40-50,12.266666666666667,1.0,0.0,0.0,-1,98,9189.68,0.1,0.0,0.0,0.0,0.0,0,0,0.0,0.0,0,0,0.0,0.0,0,0,0.0,9189.68,1,0,0.0,0
LGS2ORD0033754,C012820,2025-09-25 07:00:00,Female,49,Silver,TV,Remote_Area,1711,TV_Show,COD,7,9,3,0,40-50,57.03333333333333,4.0,2.0,0.5,159,140,4023.8575,0.3,0.25,0.25,0.0,0.0,0,0,0.0,0.0,0,0,0.0,0.0,0,0,0.0,16095.43,4,2,0.5,1
LGS2ORD0033755,C012820,2025-09-25 07:00:00,Female,49,Silver,TV,Remote_Area,1711,Lazada,PromptPay,7,9,3,0,40-50,57.03333333333333,4.0,2.0,0.5,159,140,4023.8575,0.3,0.25,0.25,0.0,0.0,0,0,0.0,0.0,0,0,0.0,0.0,0,0,0.0,16095.43,4,2,0.5,0
LGS2ORD0033756,C015759,2025-09-25 08:00:00,Female,25,Platinum,Web,Bangkok,1127,TV_Show,Credit_Card,8,9,3,0,20-30,37.56666666666667,6.0,0.0,0.0,-1,66,8242.771666666666,0.35,0.5,0.5,0.0,0.0,0,0,0.0,0.0,0,0,0.0,32110.120000000003,2,0,0.0,49456.63,6,0,0.0,0
LGS2ORD0033757,C010188,2025-09-25 08:00:00,Male,58,Bronze,TV,Chonburi,782,CallCenter,COD,8,9,3,0,>50,26.066666666666666,3.0,0.0,0.0,-1,101,9310.703333333333,0.18,0.6666666666666666,0.0,0.0,0.0,0,0,0.0,0.0,0,0,0.0,0.0,0,0,0.0,27932.109999999997,3,0,0.0,0
LGS2ORD0033758,C015539,2025-09-25 08:00:00,Male,46,Bronze,Web,Remote_Area,1059,CallCenter,Credit_Card,8,9,3,0,40-50,35.3,4.0,1.0,0.25,76,69,3198.2650000000003,0.28,0.0,0.75,0.0,0.0,0,0,0.0,0.0,0,0,0.0,6904.47,1,0,0.0,12793.060000000001,4,1,0.25,1
LGS2ORD0033759,C014046,2025-09-25 08:00:00,Female,39,Gold,TV,Khon Kaen,1198,CallCenter,COD,8,9,3,0,30-40,39.93333333333333,4.0,0.0,0.0,-1,48,8215.920000000002,0.33,0.25,0.75,0.0,0.0,0,0,0.0,0.0,0,0,0.0,2203.34,1,0,0.0,32863.68000000001,4,0,0.0,1
LGS2ORD0033760,C015174,2025-09-25 08:00:00,Male,47,Silver,Lazada,Bangkok,900,Shopee,COD,8,9,3,0,40-50,30.0,7.0,3.0,0.42857142857142855,-14,1,8465.201428571429,0.25,0.42857142857142855,0.2857142857142857,0.0,1532.78,1,1,1.0,11393.85,2,1,0.5,21535.3,4,2,0.5,59256.41,7,3,0.42857142857142855,1
LGS2ORD0033761,C012817,2025-09-25 09:00:00,Female,68,Silver,Lazada,Bangkok,391,TV_Show,COD,9,9,3,0,>50,13.033333333333333,3.0,0.0,0.0,-1,27,5245.14,0.2,0.6666666666666666,0.0,0.0,0.0,0,0,0.0,2075.4,1,0,0.0,2075.4,1,0,0.0,15735.42,3,0,0.0,1
LGS2ORD0033762,C017538,2025-09-25 09:00:00,Female,38,Gold,Web,Bangkok,1450,Lazada,Bank_Transfer,9,9,3,0,30-40,48.333333333333336,7.0,2.0,0.2857142857142857,143,43,7866.47,0.33,0.8571428571428571,0.42857142857142855,0.0,0.0,0,0,0.0,0.0,0,0,0.0,7344.74,1,0,0.0,55065.29,7,2,0.2857142857142857,0
LGS2ORD0033763,C016329,2025-09-25 09:00:00,Female,41,Bronze,Shopee,Khon Kaen,707,Lazada,COD,9,9,3,0,40-50,23.566666666666666,9.0,2.0,0.2222222222222222,60,28,4669.544444444444,0.28,0.7777777777777778,0.3333333333333333,0.0,0.0,0,0,0.0,8091.64,1,0,0.0,20745.35,4,2,0.5,42025.899999999994,9,2,0.2222222222222222,1
LGS2ORD0033764,C015096,2025-09-25 09:00:00,Female,45,Silver,Lazada,Remote_Area,1104,Web,COD,9,9,3,0,40-50,36.8,3.0,0.0,0.0,-1,50,4989.6466666666665,0.25,0.3333333333333333,0.3333333333333333,0.0,0.0,0,0,0.0,0.0,0,0,0.0,14293.84,2,0,0.0,14968.94,3,0,0.0,0
LGS2ORD0033765,C013787,2025-09-25 09:00:00,Female,46,Bronze,Shopee,Bangkok,485,Web,Credit_Card,9,9,3,0,40-50,16.166666666666668,4.0,0.0,0.0,-1,38,6308.4575,0.23,0.5,0.25,0.0,0.0,0,0,0.0,0.0,0,0,0.0,2780.21,1,0,0.0,25233.83,4,0,0.0,0
LGS2ORD0033766,C010368,2025-09-25 10:00:00,Male,61,Bronze,Lazada,Bangkok,742,TV_Show,COD,10,9,3,0,>50,24.733333333333334,6.0,1.0,0.16666666666666666,106,37,7872.771666666667,0.28,0.6666666666666666,0.5,0.0,0.0,0,0,0.0,0.0,0,0,0.0,28459.300000000003,3,0,0.0,47236.630000000005,6,1,0.16666666666666666,1
LGS2ORD0033767,C014885,2025-09-25 10:00:00,Male,57,Silver,Shopee,Bangkok,602,Lazada,COD,10,9,3,0,>50,20.066666666666666,2.0,0.0,0.0,-1,46,1327.5900000000001,0.25,0.5,0.5,0.0,0.0,0,0,0.0,0.0,0,0,0.0,609.97,1,0,0.0,2655.1800000000003,2,0,0.0,0
LGS2ORD0033768,C011706,2025-09-25 10:00:00,Female,53,Silver,Web,Bangkok,1137,TV_Show,PromptPay,10,9,3,0,>50,37.9,5.0,1.0,0.2,163,22,3563.3199999999997,0.3,0.8,0.4,0.0,0.0,0,0,0.0,3038.1,1,0,0.0,3038.1,1,0,0.0,17816.6,5,1,0.2,0
LGS2ORD0033769,C012251,2025-09-25 10:00:00,Female,34,Silver,TV,Phuket,1475,TV_Show,COD,10,9,3,0,30-40,49.166666666666664,1.0,1.0,1.0,67,76,2391.75,0.3,0.0,1.0,0.0,0.0,0,0,0.0,0.0,0,0,0.0,2391.75,1,1,1.0,2391.75,1,1,1.0,1
LGS2ORD0033770,C010901,2025-09-25 10:00:00,Female,46,Silver,Web,Songkhla,1356,Lazada,Bank_Transfer,10,9,3,0,40-50,45.2,6.0,2.0,0.3333333333333333,116,0,7123.89,0.3,0.5,0.3333333333333333,0.0,154.9,1,0,0.0,154.9,1,0,0.0,154.9,1,0,0.0,42743.340000000004,6,2,0.3333333333333333,0
LGS2ORD0033771,C011633,2025-09-25 10:00:00,Male,36,Silver,TV,Phuket,443,Lazada,COD,10,9,3,0,30-40,14.766666666666667,10.0,4.0,0.4,20,22,9142.145,0.3,0.7,0.3,0.1,0.0,0,0,0.0,10358.87,2,1,0.5,25102.800000000003,5,2,0.4,91421.45,10,4,0.4,0
LGS2ORD0033772,C016109,2025-09-25 11:00:00,Female,35,Bronze,Shopee,Chonburi,938,Lazada,COD,11,9,3,0,30-40,31.266666666666666,2.0,0.0,0.0,-1,21,5541.825,0.18,0.0,0.0,0.0,0.0,0,0,0.0,4058.54,1,0,0.0,4058.54,1,0,0.0,11083.65,2,0,0.0,0
LGS2ORD0033773,C010382,2025-09-25 11:00:00,Other,37,Bronze,Shopee,Bangkok,894,Lazada,Credit_Card,11,9,3,0,30-40,29.8,4.0,0.0,0.0,-1,48,5667.2425,0.28,0.25,0.25,0.0,0.0,0,0,0.0,0.0,0,0,0.0,11236.59,2,0,0.0,22668.97,4,0,0.0,0
LGS2ORD0033774,C014476,2025-09-25 11:00:00,Other,25,Silver,TV,Bangkok,908,Web,Credit_Card,11,9,3,0,20-30,30.266666666666666,4.0,2.0,0.5,21,29,2744.0775000000003,0.25,0.5,0.25,0.0,0.0,0,0,0.0,2997.57,1,1,1.0,2997.57,1,1,1.0,10976.310000000001,4,2,0.5,1
LGS2ORD0033775,C010104,2025-09-25 11:00:00,Male,35,Bronze,TV,Remote_Area,573,CallCenter,Credit_Card,11,9,3,0,30-40,19.1,4.0,1.0,0.25,105,56,7541.235,0.23,0.25,0.25,0.0,0.0,0,0,0.0,0.0,0,0,0.0,7207.45,1,0,0.0,30164.94,4,1,0.25,0
LGS2ORD0033776,C016615,2025-09-25 11:00:00,Female,33,Bronze,Web,Bangkok,1719,Lazada,Credit_Card,11,9,3,0,30-40,57.3,5.0,2.0,0.4,75,91,3913.4019999999996,0.23,0.6,0.4,0.0,0.0,0,0,0.0,0.0,0,0,0.0,0.0,0,0,0.0,19567.01,5,2,0.4,0
LGS2ORD0033777,C015996,2025-09-25 12:00:00,Other,55,Silver,Web,Bangkok,464,TV_Show,Credit_Card,12,9,3,0,>50,15.466666666666667,6.0,1.0,0.16666666666666666,259,3,10410.986666666668,0.3,0.3333333333333333,0.16666666666666666,0.0,3682.81,1,0,0.0,3682.81,1,0,0.0,3682.81,1,0,0.0,62465.920000000006,6,1,0.16666666666666666,0
LGS2ORD0033778,C016130,2025-09-25 12:00:00,Male,36,Gold,Shopee,Bangkok,1461,Lazada,Credit_Card,12,9,3,0,30-40,48.7,5.0,0.0,0.0,-1,25,3351.7840000000006,0.28,0.8,0.4,0.0,0.0,0,0,0.0,1815.15,1,0,0.0,1815.15,1,0,0.0,16758.920000000002,5,0,0.0,0
LGS2ORD0033779,C010849,2025-09-25 12:00:00,Female,32,Bronze,CallCenter,Chiang Mai,1259,Lazada,Bank_Transfer,12,9,3,0,30-40,41.96666666666667,4.0,0.0,0.0,-1,0,3957.8275,0.18,0.5,0.0,0.0,13024.14,2,0,0.0,13024.14,2,0,0.0,14518.279999999999,3,0,0.0,15831.31,4,0,0.0,0
LGS2ORD0033780,C016804,2025-09-25 12:00:00,Male,53,Silver,Web,Remote_Area,1280,Web,COD,12,9,3,0,>50,42.666666666666664,3.0,1.0,0.3333333333333333,214,148,9251.836666666666,0.15,0.0,0.0,0.0,0.0,0,0,0.0,0.0,0,0,0.0,0.0,0,0,0.0,27755.51,3,1,0.3333333333333333,0
LGS2ORD0033781,C011167,2025-09-25 12:00:00,Female,42,Silver,Web,Chiang Mai,1223,Shopee,COD,12,9,3,0,40-50,40.766666666666666,10.0,2.0,0.2,166,5,3543.8050000000003,0.25,0.7,0.2,0.1,3898.09,1,0,0.0,6997.55,2,0,0.0,25776.19,3,0,0.0,35438.05,10,2,0.2,0
LGS2ORD0033782,C016325,2025-09-25 13:00:00,Female,52,Bronze,TV,Remote_Area,1370,TV_Show,COD,13,9,3,0,>50,45.666666666666664,7.0,2.0,0.2857142857142857,213,21,4022.9685714285724,0.28,0.5714285714285714,0.2857142857142857,0.0,0.0,0,0,0.0,6576.33,1,0,0.0,6576.33,1,0,0.0,28160.780000000006,7,2,0.2857142857142857,1
LGS2ORD0033783,C012876,2025-09-25 13:00:00,Other,36,Silver,CallCenter,Khon Kaen,492,Web,COD,13,9,3,0,30-40,16.4,7.0,1.0,0.14285714285714285,136,31,7803.0485714285705,0.25,0.42857142857142855,0.14285714285714285,0.0,0.0,0,0,0.0,0.0,0,0,0.0,13961.45,3,0,0.0,54621.34,7,1,0.14285714285714285,0
LGS2ORD0033784,C011329,2025-09-25 13:00:00,Other,27,Bronze,TV,Bangkok,286,Lazada,Credit_Card,13,9,3,0,20-30,9.533333333333333,3.0,1.0,0.3333333333333333,8,17,8334.300000000001,0.23,0.0,0.3333333333333333,0.0,0.0,0,0,0.0,8296.77,1,1,1.0,8296.77,1,1,1.0,25002.9,3,1,0.3333333333333333,0
LGS2ORD0033785,C017206,2025-09-25 13:00:00,Male,49,Bronze,Lazada,Bangkok,871,Shopee,COD,13,9,3,0,40-50,29.033333333333335,4.0,1.0,0.25,73,79,4366.4375,0.18,0.25,0.0,0.0,0.0,0,0,0.0,0.0,0,0,0.0,2102.67,1,1,1.0,17465.75,4,1,0.25,0
LGS2ORD0033786,C010163,2025-09-25 13:00:00,Female,26,Platinum,TV,Phuket,941,Web,Credit_Card,13,9,3,0,20-30,31.366666666666667,3.0,1.0,0.3333333333333333,92,99,9890.94,0.35,0.6666666666666666,0.3333333333333333,0.0,0.0,0,0,0.0,0.0,0,0,0.0,0.0,0,0,0.0,29672.82,3,1,0.3333333333333333,1
LGS2ORD0033787,C016429,2025-09-25 13:00:00,Female,43,Bronze,TV,Chiang Mai,944,CallCenter,PromptPay,13,9,3,0,40-50,31.466666666666665,3.0,2.0,0.6666666666666666,140,39,17558.59,0.13,0.6666666666666666,0.0,0.0,0.0,0,0,0.0,0.0,0,0,0.0,20848.45,1,0,0.0,52675.770000000004,3,2,0.6666666666666666,0
LGS2ORD0033788,C012518,2025-09-25 14:00:00,Other,46,Bronze,CallCenter,Khon Kaen,590,Shopee,COD,14,9,3,0,40-50,19.666666666666668,8.0,2.0,0.25,7,14,6164.09375,0.28,0.375,0.25,0.0,0.0,0,0,0.0,2329.29,1,1,1.0,2329.29,1,1,1.0,49312.75,8,2,0.25,0
LGS2ORD0033789,C011946,2025-09-25 14:00:00,Female,48,Platinum,Web,Chiang Mai,1091,Shopee,Credit_Card,14,9,3,0,40-50,36.36666666666667,6.0,1.0,0.16666666666666666,-4,6,4421.8516666666665,0.35,0.16666666666666666,0.6666666666666666,0.0,866.43,1,1,1.0,866.43,1,1,1.0,5396.47,2,1,0.5,26531.11,6,1,0.16666666666666666,0
LGS2ORD0033790,C014070,2025-09-25 14:00:00,Male,42,Bronze,CallCenter,Nakhon Ratchasima,875,Shopee,Credit_Card,14,9,3,0,40-50,29.166666666666668,10.0,2.0,0.2,3,13,2566.237,0.23,0.6,0.3,0.0,0.0,0,0,0.0,783.32,1,1,1.0,4078.6600000000003,4,1,0.25,25662.37,10,2,0.2,0
LGS2ORD0033791,C012146,2025-09-25 14:00:00,Female,37,Bronze,Lazada,Bangkok,587,Lazada,COD,14,9,3,0,30-40,19.566666666666666,4.0,0.0,0.0,-1,68,2948.005,0.28,0.75,0.25,0.0,0.0,0,0,0.0,0.0,0,0,0.0,3392.41,1,0,0.0,11792.02,4,0,0.0,0
LGS2ORD0033792,C012126,2025-09-25 14:00:00,Female,45,Gold,TV,Phuket,1436,Web,COD,14,9,3,0,40-50,47.86666666666667,4.0,0.0,0.0,-1,5,9721.84,0.28,0.5,0.25,0.0,612.56,1,0,0.0,4289.65,2,0,0.0,38887.36,4,0,0.0,38887.36,4,0,0.0,1
LGS2ORD0033793,C014554,2025-09-25 15:00:00,Female,50,Silver,TV,Chonburi,1264,Web,COD,15,9,3,0,40-50,42.13333333333333,7.0,2.0,0.2857142857142857,42,54,3681.037142857143,0.25,0.42857142857142855,0.14285714285714285,0.0,0.0,0,0,0.0,0.0,0,0,0.0,4173.17,1,1,1.0,25767.260000000002,7,2,0.2857142857142857,0
LGS2ORD0033794,C012801,2025-09-25 15:00:00,Female,29,Gold,CallCenter,Chonburi,803,Lazada,PromptPay,15,9,3,0,20-30,26.766666666666666,4.0,0.0,0.0,-1,81,14552.9575,0.2299999999999999,0.75,0.75,0.0,0.0,0,0,0.0,0.0,0,0,0.0,7730.96,1,0,0.0,58211.83,4,0,0.0,1
LGS2ORD0033795,C010629,2025-09-25 15:00:00,Male,30,Gold,Shopee,Chiang Mai,1525,TV_Show,COD,15,9,3,0,20-30,50.833333333333336,1.0,0.0,0.0,-1,67,3632.23,0.08,0.0,0.0,0.0,0.0,0,0,0.0,0.0,0,0,0.0,3632.23,1,0,0.0,3632.23,1,0,0.0,0
LGS2ORD0033796,C015692,2025-09-25 15:00:00,Female,40,Bronze,TV,Bangkok,1181,Shopee,Credit_Card,15,9,3,0,30-40,39.36666666666667,6.0,1.0,0.16666666666666666,193,124,2507.3783333333336,0.28,0.3333333333333333,0.3333333333333333,0.0,0.0,0,0,0.0,0.0,0,0,0.0,0.0,0,0,0.0,15044.27,6,1,0.16666666666666666,0
LGS2ORD0033797,C010886,2025-09-25 15:00:00,Female,53,Gold,TV,Chonburi,1557,CallCenter,Credit_Card,15,9,3,0,>50,51.9,3.0,1.0,0.3333333333333333,43,55,2487.4233333333336,0.2299999999999999,0.6666666666666666,0.3333333333333333,0.0,0.0,0,0,0.0,0.0,0,0,0.0,2743.64,1,1,1.0,7462.27,3,1,0.3333333333333333,0
LGS2ORD0033798,C016580,2025-09-25 16:00:00,Female,32,Bronze,Web,Bangkok,676,CallCenter,COD,16,9,3,0,30-40,22.533333333333335,6.0,3.0,0.5,18,33,3242.99,0.28,1.0,0.8333333333333334,0.0,0.0,0,0,0.0,0.0,0,0,0.0,8990.1,4,3,0.75,19457.94,6,3,0.5,0
LGS2ORD0033799,C013869,2025-09-25 16:00:00,Female,51,Bronze,TV,Bangkok,923,Lazada,Bank_Transfer,16,9,3,0,>50,30.766666666666666,3.0,1.0,0.3333333333333333,0,5,4491.78,0.23,1.0,0.3333333333333333,0.0,9166.99,1,1,1.0,11273.73,2,1,0.5,13475.34,3,1,0.3333333333333333,13475.34,3,1,0.3333333333333333,0
LGS2ORD0033800,C014203,2025-09-25 16:00:00,Female,54,Bronze,Shopee,Nakhon Ratchasima,1067,Lazada,Bank_Transfer,16,9,3,0,>50,35.56666666666667,8.0,1.0,0.125,235,34,5616.485,0.28,0.375,0.5,0.0,0.0,0,0,0.0,0.0,0,0,0.0,19382.989999999998,3,0,0.0,44931.88,8,1,0.125,0
LGS2ORD0033801,C017547,2025-09-25 16:00:00,Female,50,Gold,Lazada,Remote_Area,1210,Shopee,Credit_Card,16,9,3,0,40-50,40.333333333333336,6.0,3.0,0.5,183,86,3646.33,0.18,0.6666666666666666,0.0,0.0,0.0,0,0,0.0,0.0,0,0,0.0,3258.98,1,0,0.0,21877.98,6,3,0.5,1
LGS2ORD0033802,C015894,2025-09-25 16:00:00,Male,41,Bronze,TV,Remote_Area,1232,Shopee,COD,16,9,3,0,40-50,41.06666666666667,5.0,2.0,0.4,13,22,4619.276,0.28,0.6,0.2,0.0,0.0,0,0,0.0,4010.32,1,1,1.0,12761.72,3,1,0.3333333333333333,23096.379999999997,5,2,0.4,1
LGS2ORD0033803,C016062,2025-09-25 17:00:00,Female,37,Bronze,Web,Songkhla,1660,TV_Show,Bank_Transfer,17,9,3,0,30-40,55.333333333333336,12.0,4.0,0.3333333333333333,120,12,3964.1108333333327,0.28,0.6666666666666666,0.3333333333333333,0.0,0.0,0,0,0.0,6715.05,2,0,0.0,11959.31,5,0,0.0,47569.329999999994,12,4,0.3333333333333333,0
LGS2ORD0033804,C012750,2025-09-25 17:00:00,Female,18,Bronze,Web,Bangkok,1039,Lazada,COD,17,9,3,0,<20,34.63333333333333,5.0,1.0,0.2,253,49,5492.020000000001,0.18,0.8,0.0,0.0,0.0,0,0,0.0,0.0,0,0,0.0,9699.34,2,0,0.0,27460.100000000006,5,1,0.2,0
LGS2ORD0033805,C016154,2025-09-25 17:00:00,Other,58,Bronze,Shopee,Songkhla,314,CallCenter,Credit_Card,17,9,3,0,>50,10.466666666666667,7.0,2.0,0.2857142857142857,230,13,4534.584285714285,0.28,0.42857142857142855,0.2857142857142857,0.0,0.0,0,0,0.0,9051.97,1,0,0.0,9051.97,1,0,0.0,31742.089999999997,7,2,0.2857142857142857,0
LGS2ORD0033806,C010055,2025-09-25 17:00:00,Female,55,Bronze,Lazada,Remote_Area,688,Shopee,COD,17,9,3,0,>50,22.933333333333334,6.0,1.0,0.16666666666666666,53,53,2881.0066666666667,0.28,0.16666666666666666,0.16666666666666666,0.0,0.0,0,0,0.0,0.0,0,0,0.0,6460.46,2,1,0.5,17286.04,6,1,0.16666666666666666,0
LGS2ORD0033807,C012993,2025-09-25 17:00:00,Male,47,Bronze,Lazada,Nakhon Ratchasima,330,CallCenter,COD,17,9,3,0,40-50,11.0,7.0,2.0,0.2857142857142857,168,12,7211.204285714286,0.28,0.5714285714285714,0.5714285714285714,0.0,0.0,0,0,0.0,14648.48,2,0,0.0,16156.42,3,0,0.0,50478.43,7,2,0.2857142857142857,0
LGS2ORD0033808,C011159,2025-09-25 17:00:00,Female,37,Silver,Web,Nakhon Ratchasima,1319,TV_Show,Credit_Card,17,9,3,0,30-40,43.96666666666667,2.0,1.0,0.5,239,150,5124.9400000000005,0.1,0.5,0.0,0.0,0.0,0,0,0.0,0.0,0,0,0.0,0.0,0,0,0.0,10249.880000000001,2,1,0.5,0
LGS2ORD0033809,C016887,2025-09-25 18:00:00,Male,44,Silver,CallCenter,Bangkok,1271,Web,COD,18,9,3,0,40-50,42.36666666666667,4.0,0.0,0.0,-1,92,2908.6400000000003,0.15,0.25,0.0,0.0,0.0,0,0,0.0,0.0,0,0,0.0,0.0,0,0,0.0,11634.560000000001,4,0,0.0,0
LGS2ORD0033810,C013902,2025-09-25 18:00:00,Female,69,Bronze,TV,Khon Kaen,1484,Web,PromptPay,18,9,3,0,>50,49.46666666666667,4.0,1.0,0.25,95,1,3292.2549999999997,0.13,0.5,0.0,0.0,1975.24,1,0,0.0,1975.24,1,0,0.0,1975.24,1,0,0.0,13169.019999999999,4,1,0.25,0
LGS2ORD0033811,C017401,2025-09-25 18:00:00,Male,36,Bronze,TV,Nakhon Ratchasima,1686,Lazada,PromptPay,18,9,3,0,30-40,56.2,5.0,3.0,0.6,17,24,3081.194,0.28,0.6,0.6,0.0,0.0,0,0,0.0,378.56,1,1,1.0,11869.929999999998,4,2,0.5,15405.97,5,3,0.6,0
LGS2ORD0033812,C016766,2025-09-25 18:00:00,Female,34,Bronze,Shopee,Chiang Mai,323,Web,Credit_Card,18,9,3,0,30-40,10.766666666666667,5.0,0.0,0.0,-1,48,5092.384,0.18,0.2,0.0,0.0,0.0,0,0,0.0,0.0,0,0,0.0,21115.000000000004,4,0,0.0,25461.920000000002,5,0,0.0,0
LGS2ORD0033813,C011462,2025-09-25 18:00:00,Female,47,Silver,TV,Phuket,1377,TV_Show,PromptPay,18,9,3,0,40-50,45.9,9.0,2.0,0.2222222222222222,0,3,4925.425555555556,0.2,0.5555555555555556,0.0,0.0,7176.23,1,0,0.0,7972.0599999999995,2,1,0.5,7972.0599999999995,2,1,0.5,44328.83,9,2,0.2222222222222222,0
LGS2ORD0033814,C015999,2025-09-25 19:00:00,Male,40,Silver,Lazada,Remote_Area,418,Shopee,COD,19,9,3,0,30-40,13.933333333333334,6.0,2.0,0.3333333333333333,56,64,6240.058333333334,0.3,0.5,0.5,0.0,0.0,0,0,0.0,0.0,0,0,0.0,12940.150000000001,2,1,0.5,37440.350000000006,6,2,0.3333333333333333,0
LGS2ORD0033815,C017226,2025-09-25 19:00:00,Female,25,Silver,Lazada,Chonburi,1083,Lazada,Credit_Card,19,9,3,0,20-30,36.1,3.0,0.0,0.0,-1,90,10238.163333333334,0.2,0.0,0.0,0.0,0.0,0,0,0.0,0.0,0,0,0.0,0.0,0,0,0.0,30714.49,3,0,0.0,0
LGS2ORD0033816,C013549,2025-09-25 19:00:00,Male,34,Bronze,TV,Chonburi,1644,CallCenter,Credit_Card,19,9,3,0,30-40,54.8,2.0,1.0,0.5,40,45,10391.945,0.23,1.0,0.5,0.0,0.0,0,0,0.0,0.0,0,0,0.0,6474.98,1,1,1.0,20783.89,2,1,0.5,0
LGS2ORD0033817,C013798,2025-09-25 19:00:00,Male,59,Silver,Shopee,Chiang Mai,1223,TV_Show,PromptPay,19,9,3,0,>50,40.766666666666666,3.0,1.0,0.3333333333333333,208,210,8211.02,0.3,0.3333333333333333,0.3333333333333333,0.0,0.0,0,0,0.0,0.0,0,0,0.0,0.0,0,0,0.0,24633.06,3,1,0.3333333333333333,0
LGS2ORD0033818,C014145,2025-09-25 19:00:00,Female,37,Gold,TV,Khon Kaen,435,Web,COD,19,9,3,0,30-40,14.5,4.0,0.0,0.0,-1,39,4390.5275,0.33,0.75,0.5,0.0,0.0,0,0,0.0,0.0,0,0,0.0,7945.45,1,0,0.0,17562.11,4,0,0.0,1
LGS2ORD0033819,C017907,2025-09-25 20:00:00,Female,54,Silver,Lazada,Nakhon Ratchasima,1280,Shopee,PromptPay,20,9,3,0,>50,42.666666666666664,4.0,2.0,0.5,7,21,4140.6925,0.2,0.0,0.0,0.0,0.0,0,0,0.0,11865.32,1,1,1.0,11865.32,1,1,1.0,16562.77,4,2,0.5,0
LGS2ORD0033820,C013589,2025-09-25 20:00:00,Male,52,Silver,TV,Remote_Area,1364,Shopee,COD,20,9,3,0,>50,45.46666666666667,2.0,1.0,0.5,7,20,4349.0,0.3,0.5,0.5,0.0,0.0,0,0,0.0,3923.81,1,1,1.0,3923.81,1,1,1.0,8698.0,2,1,0.5,1
LGS2ORD0033821,C014376,2025-09-25 20:00:00,Female,51,Bronze,Shopee,Bangkok,1134,Lazada,Credit_Card,20,9,3,0,>50,37.8,4.0,1.0,0.25,170,58,6504.0225,0.23,0.25,0.25,0.0,0.0,0,0,0.0,0.0,0,0,0.0,872.17,1,0,0.0,26016.09,4,1,0.25,0
LGS2ORD0033822,C016573,2025-09-25 20:00:00,Female,52,Gold,Shopee,Khon Kaen,771,Lazada,COD,20,9,3,0,>50,25.7,3.0,0.0,0.0,-1,23,2536.146666666667,0.13,0.6666666666666666,0.0,0.0,0.0,0,0,0.0,1888.67,1,0,0.0,4107.88,2,0,0.0,7608.4400000000005,3,0,0.0,0
LGS2ORD0033823,C011766,2025-09-25 20:00:00,Female,32,Silver,TV,Remote_Area,1532,Web,Credit_Card,20,9,3,0,30-40,51.06666666666667,5.0,1.0,0.2,104,56,3205.772,0.3,0.4,0.4,0.0,0.0,0,0,0.0,0.0,0,0,0.0,1825.14,1,0,0.0,16028.86,5,1,0.2,0
LGS2ORD0033824,C015722,2025-09-25 21:00:00,Female,44,Gold,Lazada,Phuket,1401,TV_Show,Credit_Card,21,9,3,0,40-50,46.7,4.0,2.0,0.5,74,31,4508.635,0.33,0.25,0.25,0.0,0.0,0,0,0.0,0.0,0,0,0.0,8312.369999999999,2,1,0.5,18034.54,4,2,0.5,0
LGS2ORD0033825,C011817,2025-09-25 21:00:00,Male,38,Bronze,Shopee,Bangkok,1334,CallCenter,PromptPay,21,9,3,0,30-40,44.46666666666667,3.0,1.0,0.3333333333333333,17,22,7238.306666666667,0.18,0.3333333333333333,0.0,0.0,0.0,0,0,0.0,6212.04,1,1,1.0,19030.33,2,1,0.5,21714.920000000002,3,1,0.3333333333333333,1
LGS2ORD0033826,C014016,2025-09-25 21:00:00,Female,34,Platinum,CallCenter,Chonburi,1327,Lazada,Credit_Card,21,9,3,0,30-40,44.233333333333334,5.0,2.0,0.4,-3,5,7082.1539999999995,0.15,0.4,0.0,0.0,1992.81,1,1,1.0,7227.5,2,1,0.5,7227.5,2,1,0.5,35410.77,5,2,0.4,1
LGS2ORD0033827,C011602,2025-09-25 21:00:00,Male,55,Silver,Shopee,Chonburi,1013,CallCenter,COD,21,9,3,0,>50,33.766666666666666,5.0,1.0,0.2,106,20,1615.712,0.25,0.6,0.2,0.0,0.0,0,0,0.0,1591.63,1,0,0.0,1591.63,1,0,0.0,8078.56,5,1,0.2,1
LGS2ORD0033828,C017642,2025-09-25 21:00:00,Male,42,Gold,TV,Remote_Area,1005,Lazada,COD,21,9,3,0,40-50,33.5,10.0,3.0,0.3,-4,6,3512.8520000000003,0.2299999999999999,0.4,0.1,0.0,1549.08,1,1,1.0,9202.7,3,1,0.3333333333333333,20161.11,7,3,0.42857142857142855,35128.520000000004,10,3,0.3,0
LGS2ORD0033829,C011517,2025-09-25 21:00:00,Male,50,Bronze,Shopee,Nakhon Ratchasima,341,Lazada,Credit_Card,21,9,3,0,40-50,11.366666666666667,3.0,0.0,0.0,-1,183,1621.1833333333334,0.18,0.3333333333333333,0.0,0.0,0.0,0,0,0.0,0.0,0,0,0.0,0.0,0,0,0.0,4863.55,3,0,0.0,1
LGS2ORD0033830,C011861,2025-09-25 22:00:00,Male,18,Silver,Lazada,Chiang Mai,1526,Lazada,Credit_Card,22,9,3,0,<20,50.86666666666667,2.0,0.0,0.0,-1,85,2014.28,0.1,0.0,0.0,0.0,0.0,0,0,0.0,0.0,0,0,0.0,2002.55,1,0,0.0,4028.56,2,0,0.0,1
LGS2ORD0033831,C014466,2025-09-25 22:00:00,Female,49,Bronze,TV,Chonburi,1325,Web,PromptPay,22,9,3,0,40-50,44.166666666666664,6.0,0.0,0.0,-1,17,2673.325,0.23,0.5,0.5,0.0,0.0,0,0,0.0,1319.47,1,0,0.0,8006.870000000001,3,0,0.0,16039.949999999999,6,0,0.0,1
LGS2ORD0033832,C016257,2025-09-25 22:00:00,Female,20,Bronze,TV,Remote_Area,1489,Web,COD,22,9,3,0,<20,49.63333333333333,4.0,1.0,0.25,-2,10,9837.3625,0.23,0.75,0.5,0.0,0.0,0,0,0.0,28440.89,2,1,0.5,28440.89,2,1,0.5,39349.45,4,1,0.25,0
LGS2ORD0033833,C014864,2025-09-25 22:00:00,Male,42,Gold,TV,Khon Kaen,577,TV_Show,COD,22,9,3,0,40-50,19.233333333333334,4.0,0.0,0.0,-1,50,8123.692499999999,0.28,0.5,0.75,0.0,0.0,0,0,0.0,0.0,0,0,0.0,28434.199999999997,3,0,0.0,32494.769999999997,4,0,0.0,1
LGS2ORD0033834,C014627,2025-09-25 22:00:00,Female,36,Gold,Shopee,Chonburi,1123,Shopee,PromptPay,22,9,3,0,30-40,37.43333333333333,2.0,0.0,0.0,-1,85,2940.8599999999997,0.13,0.5,0.0,0.0,0.0,0,0,0.0,0.0,0,0,0.0,2656.58,1,0,0.0,5881.719999999999,2,0,0.0,1
LGS2ORD0033835,C012622,2025-09-25 23:00:00,Female,22,Silver,Web,Bangkok,1578,Shopee,PromptPay,23,9,3,0,20-30,52.6,6.0,1.0,0.16666666666666666,71,65,2435.9866666666667,0.3,0.5,0.16666666666666666,0.0,0.0,0,0,0.0,0.0,0,0,0.0,3977.65,2,1,0.5,14615.92,6,1,0.16666666666666666,0
LGS2ORD0033836,C010218,2025-09-25 23:00:00,Male,45,Bronze,Shopee,Chiang Mai,856,Shopee,PromptPay,23,9,3,0,40-50,28.533333333333335,4.0,1.0,0.25,207,16,1183.3825,0.28,0.5,0.25,0.0,0.0,0,0,0.0,1100.46,1,0,0.0,1100.46,1,0,0.0,4733.53,4,1,0.25,0
LGS2ORD0033837,C013724,2025-09-25 23:00:00,Female,37,Silver,Lazada,Remote_Area,1405,CallCenter,COD,23,9,3,0,30-40,46.833333333333336,6.0,3.0,0.5,-5,4,5056.713333333333,0.25,0.5,0.3333333333333333,0.0,12040.13,1,1,1.0,12040.13,1,1,1.0,20022.48,2,1,0.5,30340.28,6,3,0.5,0
LGS2ORD0033838,C014626,2025-09-25 23:00:00,Male,43,Bronze,Shopee,Khon Kaen,1144,Web,Credit_Card,23,9,3,0,40-50,38.13333333333333,7.0,2.0,0.2857142857142857,187,18,10413.997142857144,0.23,0.14285714285714285,0.2857142857142857,0.0,0.0,0,0,0.0,31609.35,1,0,0.0,31609.35,1,0,0.0,72897.98000000001,7,2,0.2857142857142857,0
LGS2ORD0033839,C013668,2025-09-25 23:00:00,Female,41,Platinum,TV,Remote_Area,318,TV_Show,Bank_Transfer,23,9,3,0,40-50,10.6,2.0,0.0,0.0,-1,23,14670.19,0.35,1.0,0.5,0.0,0.0,0,0,0.0,5491.31,1,0,0.0,29340.38,2,0,0.0,29340.38,2,0,0.0,0
LGS2ORD0033840,C017956,2025-09-26 00:00:00,Female,33,Bronze,TV,Songkhla,1395,Shopee,COD,0,9,4,0,30-40,46.5,2.0,1.0,0.5,243,94,1159.665,0.18,0.5,0.0,0.0,0.0,0,0,0.0,0.0,0,0,0.0,0.0,0,0,0.0,2319.33,2,1,0.5,0
LGS2ORD0033841,C013437,2025-09-26 00:00:00,Female,39,Silver,Web,Khon Kaen,1071,TV_Show,COD,0,9,4,0,30-40,35.7,5.0,0.0,0.0,-1,92,4848.632,0.15,0.2,0.0,0.0,0.0,0,0,0.0,0.0,0,0,0.0,0.0,0,0,0.0,24243.16,5,0,0.0,0
LGS2ORD0033842,C016716,2025-09-26 00:00:00,Female,48,Silver,Lazada,Bangkok,491,Shopee,PromptPay,0,9,4,0,40-50,16.366666666666667,6.0,0.0,0.0,-1,44,5134.6483333333335,0.3,0.6666666666666666,0.5,0.0,0.0,0,0,0.0,0.0,0,0,0.0,9120.59,1,0,0.0,30807.89,6,0,0.0,1
LGS2ORD0033843,C016299,2025-09-26 00:00:00,Male,42,Platinum,Web,Bangkok,738,Web,COD,0,9,4,0,40-50,24.6,5.0,2.0,0.4,37,46,6540.632,0.3,0.8,0.8,0.0,0.0,0,0,0.0,0.0,0,0,0.0,29292.8,4,1,0.25,32703.16,5,2,0.4,0
LGS2ORD0033844,C011483,2025-09-26 00:00:00,Female,28,Gold,TV,Songkhla,777,Lazada,COD,0,9,4,0,20-30,25.9,2.0,0.0,0.0,-1,55,4136.625,0.08,0.0,0.0,0.0,0.0,0,0,0.0,0.0,0,0,0.0,7012.57,1,0,0.0,8273.25,2,0,0.0,0
LGS2ORD0033845,C010769,2025-09-26 01:00:00,Male,40,Silver,Lazada,Bangkok,1386,Shopee,COD,1,9,4,0,30-40,46.2,1.0,0.0,0.0,-1,262,8506.46,0.05,0.0,0.0,0.0,0.0,0,0,0.0,0.0,0,0,0.0,0.0,0,0,0.0,8506.46,1,0,0.0,0
LGS2ORD0033846,C013780,2025-09-26 01:00:00,Other,20,Bronze,Web,Nakhon Ratchasima,881,Web,Credit_Card,1,9,4,0,<20,29.366666666666667,6.0,1.0,0.16666666666666666,95,98,2398.125,0.28,0.6666666666666666,0.3333333333333333,0.0,0.0,0,0,0.0,0.0,0,0,0.0,0.0,0,0,0.0,14388.75,6,1,0.16666666666666666,0
LGS2ORD0033847,C014479,2025-09-26 01:00:00,Male,55,Gold,Shopee,Bangkok,773,Web,Credit_Card,1,9,4,0,>50,25.766666666666666,8.0,2.0,0.25,75,2,2041.0375,0.33,0.5,0.625,0.0,1778.09,1,0,0.0,3139.05,2,0,0.0,7245.26,3,1,0.3333333333333333,16328.3,8,2,0.25,1
LGS2ORD0033848,C011316,2025-09-26 01:00:00,Female,30,Silver,Web,Chonburi,970,Web,Credit_Card,1,9,4,0,20-30,32.333333333333336,2.0,0.0,0.0,-1,87,2876.3199999999997,0.2,0.5,0.0,0.0,0.0,0,0,0.0,0.0,0,0,0.0,2618.0,1,0,0.0,5752.639999999999,2,0,0.0,0
LGS2ORD0033849,C017904,2025-09-26 01:00:00,Male,33,Gold,Shopee,Chiang Mai,1484,Lazada,Credit_Card,1,9,4,0,30-40,49.46666666666667,1.0,0.0,0.0,-1,110,2944.28,0.08,0.0,0.0,0.0,0.0,0,0,0.0,0.0,0,0,0.0,0.0,0,0,0.0,2944.28,1,0,0.0,0
LGS2ORD0033850,C014297,2025-09-26 01:00:00,Female,44,Silver,Web,Bangkok,1478,Web,COD,1,9,4,0,40-50,49.266666666666666,7.0,3.0,0.42857142857142855,0,8,4809.771428571427,0.2,0.2857142857142857,0.0,0.0,0.0,0,0,0.0,12868.43,1,1,1.0,19904.4,3,1,0.3333333333333333,33668.399999999994,7,3,0.42857142857142855,0
LGS2ORD0033851,C011057,2025-09-26 02:00:00,Female,51,Bronze,Shopee,Nakhon Ratchasima,678,Shopee,COD,2,9,4,0,>50,22.6,7.0,0.0,0.0,-1,36,4940.124285714285,0.28,0.42857142857142855,0.2857142857142857,0.0,0.0,0,0,0.0,0.0,0,0,0.0,5869.87,2,0,0.0,34580.869999999995,7,0,0.0,0
LGS2ORD0033852,C012307,2025-09-26 02:00:00,Male,49,Bronze,TV,Phuket,1556,Shopee,PromptPay,2,9,4,0,40-50,51.86666666666667,6.0,1.0,0.16666666666666666,53,2,2752.375,0.23,0.6666666666666666,0.16666666666666666,0.0,5430.49,1,0,0.0,5430.49,1,0,0.0,7009.0599999999995,2,1,0.5,16514.25,6,1,0.16666666666666666,0
LGS2ORD0033853,C010395,2025-09-26 02:00:00,Female,42,Bronze,TV,Phuket,1589,Shopee,PromptPay,2,9,4,0,40-50,52.96666666666667,7.0,2.0,0.2857142857142857,117,57,10994.240000000002,0.28,0.42857142857142855,0.2857142857142857,0.0,0.0,0,0,0.0,0.0,0,0,0.0,41018.97,2,0,0.0,76959.68000000001,7,2,0.2857142857142857,1
LGS2ORD0033854,C011633,2025-09-26 02:00:00,Male,36,Silver,TV,Phuket,444,Web,COD,2,9,4,0,30-40,14.8,11.0,4.0,0.36363636363636365,21,0,8385.379090909091,0.3,0.7272727272727273,0.36363636363636365,0.09090909090909091,817.72,1,0,0.0,11176.59,3,1,0.3333333333333333,25920.520000000004,6,2,0.3333333333333333,92239.17,11,4,0.36363636363636365,0
LGS2ORD0033855,C012716,2025-09-26 02:00:00,Male,54,Bronze,Lazada,Songkhla,939,TV_Show,Credit_Card,2,9,4,0,>50,31.3,8.0,5.0,0.625,0,11,4195.38875,0.28,0.75,0.25,0.0,0.0,0,0,0.0,5274.06,1,1,1.0,13787.59,4,4,1.0,33563.11,8,5,0.625,1
LGS2ORD0033856,C012350,2025-09-26 03:00:00,Female,39,Bronze,TV,Remote_Area,1688,TV_Show,Credit_Card,3,9,4,0,30-40,56.266666666666666,0.0,0.0,0.0,-1,-1,0.0,0.0,0.0,0.0,0.0,0.0,0,0,0.0,0.0,0,0,0.0,0.0,0,0,0.0,0.0,0,0,0.0,0
LGS2ORD0033857,C012644,2025-09-26 03:00:00,Male,32,Bronze,Web,Bangkok,1623,Web,PromptPay,3,9,4,0,30-40,54.1,5.0,1.0,0.2,213,94,7566.976,0.18,0.4,0.0,0.0,0.0,0,0,0.0,0.0,0,0,0.0,0.0,0,0,0.0,37834.88,5,1,0.2,0
LGS2ORD0033858,C014464,2025-09-26 03:00:00,Male,35,Bronze,TV,Chonburi,1367,CallCenter,COD,3,9,4,0,30-40,45.56666666666667,4.0,0.0,0.0,-1,10,7383.66,0.23,0.75,0.5,0.0,0.0,0,0,0.0,8922.33,1,0,0.0,20229.379999999997,2,0,0.0,29534.64,4,0,0.0,0
LGS2ORD0033859,C017092,2025-09-26 03:00:00,Female,48,Gold,CallCenter,Nakhon Ratchasima,1297,Shopee,Credit_Card,3,9,4,0,40-50,43.233333333333334,2.0,2.0,1.0,-3,8,6467.74,0.2299999999999999,0.5,0.5,0.0,0.0,0,0,0.0,11920.02,1,1,1.0,11920.02,1,1,1.0,12935.48,2,2,1.0,0
LGS2ORD0033860,C012577,2025-09-26 03:00:00,Male,60,Gold,TV,Chonburi,1302,TV_Show,COD,3,9,4,0,>50,43.4,6.0,1.0,0.16666666666666666,70,58,4333.268333333333,0.33,0.16666666666666666,0.5,0.0,0.0,0,0,0.0,0.0,0,0,0.0,14354.41,4,1,0.25,25999.61,6,1,0.16666666666666666,0
LGS2ORD0033861,C010720,2025-09-26 04:00:00,Female,18,Bronze,Web,Bangkok,1396,Shopee,Bank_Transfer,4,9,4,0,<20,46.53333333333333,3.0,0.0,0.0,-1,52,3169.33,0.18,0.6666666666666666,0.0,0.0,0.0,0,0,0.0,0.0,0,0,0.0,4833.82,2,0,0.0,9507.99,3,0,0.0,0
LGS2ORD0033862,C017688,2025-09-26 04:00:00,Female,30,Platinum,Web,Khon Kaen,901,CallCenter,COD,4,9,4,0,20-30,30.033333333333335,3.0,0.0,0.0,-1,128,12906.723333333333,0.3,0.6666666666666666,0.6666666666666666,0.0,0.0,0,0,0.0,0.0,0,0,0.0,0.0,0,0,0.0,38720.17,3,0,0.0,0
LGS2ORD0033863,C010057,2025-09-26 04:00:00,Male,40,Gold,Shopee,Nakhon Ratchasima,1182,Shopee,COD,4,9,4,0,30-40,39.4,7.0,1.0,0.14285714285714285,81,93,6760.2814285714285,0.33,0.2857142857142857,0.5714285714285714,0.0,0.0,0,0,0.0,0.0,0,0,0.0,0.0,0,0,0.0,47321.97,7,1,0.14285714285714285,0
LGS2ORD0033864,C015038,2025-09-26 04:00:00,Female,72,Silver,Shopee,Nakhon Ratchasima,1250,TV_Show,COD,4,9,4,0,>50,41.666666666666664,5.0,2.0,0.4,23,33,4149.406000000001,0.25,0.8,0.2,0.0,0.0,0,0,0.0,0.0,0,0,0.0,2837.11,2,1,0.5,20747.030000000002,5,2,0.4,0
LGS2ORD0033865,C017064,2025-09-26 04:00:00,Male,46,Silver,Shopee,Songkhla,873,Shopee,Bank_Transfer,4,9,4,0,40-50,29.1,6.0,2.0,0.3333333333333333,81,6,2317.108333333333,0.25,0.5,0.16666666666666666,0.0,2185.88,1,0,0.0,2185.88,1,0,0.0,2185.88,1,0,0.0,13902.649999999998,6,2,0.3333333333333333,0
LGS2ORD0033866,C013709,2025-09-26 05:00:00,Male,27,Bronze,TV,Phuket,1293,TV_Show,COD,5,9,4,0,20-30,43.1,6.0,1.0,0.16666666666666666,29,19,4373.37,0.18,0.5,0.0,0.0,0.0,0,0,0.0,4371.87,1,0,0.0,7767.28,3,1,0.3333333333333333,26240.219999999998,6,1,0.16666666666666666,0
LGS2ORD0033867,C011001,2025-09-26 05:00:00,Male,57,Silver,TV,Nakhon Ratchasima,1406,Shopee,COD,5,9,4,0,>50,46.86666666666667,5.0,1.0,0.2,95,38,4796.972,0.25,0.4,0.2,0.0,0.0,0,0,0.0,0.0,0,0,0.0,11492.779999999999,3,0,0.0,23984.86,5,1,0.2,0
LGS2ORD0033868,C011145,2025-09-26 05:00:00,Male,68,Gold,Web,Chonburi,546,CallCenter,COD,5,9,4,0,>50,18.2,2.0,0.0,0.0,-1,202,1236.4850000000001,0.2299999999999999,0.0,0.5,0.0,0.0,0,0,0.0,0.0,0,0,0.0,0.0,0,0,0.0,2472.9700000000003,2,0,0.0,0
LGS2ORD0033869,C012675,2025-09-26 05:00:00,Male,64,Bronze,TV,Phuket,770,Web,Credit_Card,5,9,4,0,>50,25.666666666666668,4.0,1.0,0.25,212,73,1595.9199999999998,0.28,1.0,0.5,0.0,0.0,0,0,0.0,0.0,0,0,0.0,2147.7,1,0,0.0,6383.679999999999,4,1,0.25,0
LGS2ORD0033870,C014623,2025-09-26 05:00:00,Female,44,Bronze,Shopee,Nakhon Ratchasima,573,TV_Show,PromptPay,5,9,4,0,40-50,19.1,3.0,0.0,0.0,-1,105,9747.31,0.13,0.3333333333333333,0.0,0.0,0.0,0,0,0.0,0.0,0,0,0.0,0.0,0,0,0.0,29241.93,3,0,0.0,0
LGS2ORD0033871,C013076,2025-09-26 05:00:00,Female,43,Bronze,CallCenter,Bangkok,445,Shopee,PromptPay,5,9,4,0,40-50,14.833333333333334,8.0,1.0,0.125,179,15,9498.42625,0.28,0.375,0.5,0.0,0.0,0,0,0.0,5426.95,1,0,0.0,8295.32,3,0,0.0,75987.41,8,1,0.125,0
LGS2ORD0033872,C012847,2025-09-26 06:00:00,Female,48,Silver,Shopee,Chiang Mai,1653,Shopee,COD,6,9,4,0,40-50,55.1,2.0,0.0,0.0,-1,76,3629.5950000000003,0.15,0.0,0.0,0.0,0.0,0,0,0.0,0.0,0,0,0.0,2511.55,1,0,0.0,7259.1900000000005,2,0,0.0,0
LGS2ORD0033873,C015513,2025-09-26 06:00:00,Female,41,Silver,Web,Nakhon Ratchasima,1211,Shopee,COD,6,9,4,0,40-50,40.36666666666667,5.0,1.0,0.2,61,15,3189.06,0.2,0.4,0.0,0.0,0.0,0,0,0.0,11614.859999999999,2,0,0.0,13039.999999999998,4,1,0.25,15945.3,5,1,0.2,0
LGS2ORD0033874,C015375,2025-09-26 06:00:00,Male,43,Silver,Web,Chiang Mai,513,Lazada,Credit_Card,6,9,4,0,40-50,17.1,2.0,0.0,0.0,-1,49,3358.825,0.25,0.5,0.5,0.0,0.0,0,0,0.0,0.0,0,0,0.0,6717.65,2,0,0.0,6717.65,2,0,0.0,0
LGS2ORD0033875,C011402,2025-09-26 06:00:00,Male,39,Platinum,Shopee,Bangkok,665,CallCenter,Credit_Card,6,9,4,0,30-40,22.166666666666668,2.0,0.0,0.0,-1,77,6901.195,0.25,0.5,0.5,0.0,0.0,0,0,0.0,0.0,0,0,0.0,6949.08,1,0,0.0,13802.39,2,0,0.0,0
LGS2ORD0033876,C013315,2025-09-26 06:00:00,Female,42,Gold,Shopee,Phuket,494,TV_Show,COD,6,9,4,0,40-50,16.466666666666665,1.0,0.0,0.0,-1,239,3914.33,0.08,1.0,0.0,0.0,0.0,0,0,0.0,0.0,0,0,0.0,0.0,0,0,0.0,3914.33,1,0,0.0,0
LGS2ORD0033877,C014475,2025-09-26 07:00:00,Female,30,Gold,Web,Chiang Mai,1653,Shopee,Credit_Card,7,9,4,0,20-30,55.1,4.0,0.0,0.0,-1,134,8318.9,0.33,0.5,0.5,0.0,0.0,0,0,0.0,0.0,0,0,0.0,0.0,0,0,0.0,33275.6,4,0,0.0,0
LGS2ORD0033878,C012764,2025-09-26 07:00:00,Female,61,Bronze,Shopee,Bangkok,293,Shopee,Bank_Transfer,7,9,4,0,>50,9.766666666666667,8.0,4.0,0.5,-6,6,6909.845,0.28,0.25,0.625,0.0,6480.7,1,1,1.0,6480.7,1,1,1.0,40535.270000000004,5,3,0.6,55278.76,8,4,0.5,1
LGS2ORD0033879,C017389,2025-09-26 07:00:00,Female,39,Bronze,CallCenter,Bangkok,1373,Shopee,COD,7,9,4,0,30-40,45.766666666666666,2.0,0.0,0.0,-1,33,10378.91,0.08,1.0,0.0,0.0,0.0,0,0,0.0,0.0,0,0,0.0,19230.09,1,0,0.0,20757.82,2,0,0.0,0
LGS2ORD0033880,C013871,2025-09-26 07:00:00,Female,46,Silver,TV,Bangkok,1363,Web,COD,7,9,4,0,40-50,45.43333333333333,4.0,0.0,0.0,-1,13,7098.349999999999,0.2,0.5,0.0,0.0,0.0,0,0,0.0,20038.42,1,0,0.0,28393.399999999998,4,0,0.0,28393.399999999998,4,0,0.0,0
LGS2ORD0033881,C011593,2025-09-26 07:00:00,Female,38,Bronze,TV,Chiang Mai,569,TV_Show,COD,7,9,4,0,30-40,18.966666666666665,6.0,2.0,0.3333333333333333,7,8,10608.6,0.23,0.6666666666666666,0.6666666666666666,0.0,0.0,0,0,0.0,22395.2,2,1,0.5,22395.2,2,1,0.5,63651.600000000006,6,2,0.3333333333333333,0
LGS2ORD0033882,C012342,2025-09-26 08:00:00,Other,43,Platinum,Lazada,Bangkok,1416,Shopee,Bank_Transfer,8,9,4,0,40-50,47.2,7.0,0.0,0.0,-1,6,9959.035714285714,0.25,0.5714285714285714,0.2857142857142857,0.0,5168.78,1,0,0.0,6265.28,2,0,0.0,17496.43,3,0,0.0,69713.25,7,0,0.0,1
LGS2ORD0033883,C014363,2025-09-26 08:00:00,Male,49,Gold,Web,Phuket,1192,Lazada,Credit_Card,8,9,4,0,40-50,39.733333333333334,4.0,1.0,0.25,253,14,2184.0,0.2299999999999999,0.75,0.25,0.0,0.0,0,0,0.0,2604.13,1,0,0.0,2604.13,1,0,0.0,8736.0,4,1,0.25,0
LGS2ORD0033884,C015247,2025-09-26 08:00:00,Female,25,Silver,CallCenter,Chonburi,1341,CallCenter,COD,8,9,4,0,20-30,44.7,7.0,0.0,0.0,-1,86,11832.539999999999,0.25,0.2857142857142857,0.2857142857142857,0.0,0.0,0,0,0.0,0.0,0,0,0.0,5651.82,1,0,0.0,82827.78,7,0,0.0,0
LGS2ORD0033885,C015138,2025-09-26 08:00:00,Female,43,Gold,Shopee,Bangkok,1182,Web,COD,8,9,4,0,40-50,39.4,1.0,0.0,0.0,-1,60,6960.54,0.2299999999999999,1.0,1.0,0.0,0.0,0,0,0.0,0.0,0,0,0.0,6960.54,1,0,0.0,6960.54,1,0,0.0,1
LGS2ORD0033886,C017866,2025-09-26 08:00:00,Female,66,Bronze,Shopee,Chonburi,1703,Shopee,COD,8,9,4,0,>50,56.766666666666666,4.0,2.0,0.5,72,76,4565.657499999999,0.23,0.5,0.5,0.0,0.0,0,0,0.0,0.0,0,0,0.0,11362.83,2,1,0.5,18262.629999999997,4,2,0.5,0
LGS2ORD0033887,C010634,2025-09-26 09:00:00,Female,51,Gold,TV,Bangkok,311,TV_Show,COD,9,9,4,0,>50,10.366666666666667,5.0,0.0,0.0,-1,135,5903.65,0.2299999999999999,0.8,0.2,0.0,0.0,0,0,0.0,0.0,0,0,0.0,0.0,0,0,0.0,29518.249999999996,5,0,0.0,1
LGS2ORD0033888,C016052,2025-09-26 09:00:00,Male,31,Platinum,TV,Songkhla,479,Shopee,COD,9,9,4,0,30-40,15.966666666666667,7.0,2.0,0.2857142857142857,49,3,8995.99,0.35,0.2857142857142857,0.2857142857142857,0.0,17457.65,1,0,0.0,20812.64,2,0,0.0,61124.69,6,2,0.3333333333333333,62971.93,7,2,0.2857142857142857,0
LGS2ORD0033889,C015008,2025-09-26 09:00:00,Male,51,Bronze,Lazada,Songkhla,1069,TV_Show,PromptPay,9,9,4,0,>50,35.63333333333333,10.0,3.0,0.3,74,92,4816.654,0.23,0.7,0.3,0.0,0.0,0,0,0.0,0.0,0,0,0.0,0.0,0,0,0.0,48166.54,10,3,0.3,0
LGS2ORD0033890,C010641,2025-09-26 09:00:00,Male,18,Bronze,Shopee,Chiang Mai,667,CallCenter,PromptPay,9,9,4,0,<20,22.233333333333334,2.0,0.0,0.0,-1,160,5031.92,0.23,0.5,0.5,0.0,0.0,0,0,0.0,0.0,0,0,0.0,0.0,0,0,0.0,10063.84,2,0,0.0,0
LGS2ORD0033891,C012265,2025-09-26 09:00:00,Female,58,Gold,Lazada,Bangkok,984,Shopee,PromptPay,9,9,4,0,>50,32.8,0.0,0.0,0.0,-1,-1,0.0,0.0,0.0,0.0,0.0,0.0,0,0,0.0,0.0,0,0,0.0,0.0,0,0,0.0,0.0,0,0,0.0,0
LGS2ORD0033892,C017432,2025-09-26 09:00:00,Female,66,Gold,Web,Khon Kaen,644,TV_Show,COD,9,9,4,0,>50,21.466666666666665,2.0,0.0,0.0,-1,54,5890.615,0.2299999999999999,0.5,1.0,0.0,0.0,0,0,0.0,0.0,0,0,0.0,7994.66,1,0,0.0,11781.23,2,0,0.0,0
LGS2ORD0033893,C016395,2025-09-26 10:00:00,Male,45,Bronze,Shopee,Nakhon Ratchasima,1164,Shopee,Credit_Card,10,9,4,0,40-50,38.8,9.0,3.0,0.3333333333333333,143,2,5249.713333333333,0.28,0.4444444444444444,0.3333333333333333,0.0,20007.760000000002,2,0,0.0,20007.760000000002,2,0,0.0,20007.760000000002,2,0,0.0,47247.42,9,3,0.3333333333333333,0
LGS2ORD0033894,C011917,2025-09-26 10:00:00,Male,48,Silver,TV,Bangkok,1116,TV_Show,COD,10,9,4,0,40-50,37.2,4.0,2.0,0.5,145,79,4333.855,0.25,0.75,0.75,0.0,0.0,0,0,0.0,0.0,0,0,0.0,6164.43,1,0,0.0,17335.42,4,2,0.5,0
LGS2ORD0033895,C011392,2025-09-26 10:00:00,Male,53,Gold,Web,Remote_Area,1206,CallCenter,COD,10,9,4,0,>50,40.2,2.0,0.0,0.0,-1,2,4613.115,0.2299999999999999,0.0,1.0,0.0,5125.22,1,0,0.0,5125.22,1,0,0.0,5125.22,1,0,0.0,9226.23,2,0,0.0,0
LGS2ORD0033896,C012089,2025-09-26 10:00:00,Female,26,Bronze,Web,Chonburi,582,Lazada,Bank_Transfer,10,9,4,0,20-30,19.4,3.0,1.0,0.3333333333333333,205,200,2738.0633333333335,0.18,0.6666666666666666,0.0,0.0,0.0,0,0,0.0,0.0,0,0,0.0,0.0,0,0,0.0,8214.19,3,1,0.3333333333333333,0
LGS2ORD0033897,C012992,2025-09-26 10:00:00,Male,45,Bronze,CallCenter,Songkhla,570,Shopee,Credit_Card,10,9,4,0,40-50,19.0,3.0,0.0,0.0,-1,27,1126.7733333333333,0.18,0.0,0.0,0.0,0.0,0,0,0.0,966.66,1,0,0.0,2319.06,2,0,0.0,3380.3199999999997,3,0,0.0,0
LGS2ORD0033898,C013798,2025-09-26 11:00:00,Male,59,Silver,Shopee,Chiang Mai,1224,Shopee,PromptPay,11,9,4,0,>50,40.8,4.0,1.0,0.25,208,0,6552.132500000001,0.3,0.25,0.5,0.0,1575.47,1,0,0.0,1575.47,1,0,0.0,1575.47,1,0,0.0,26208.530000000002,4,1,0.25,1
LGS2ORD0033899,C016643,2025-09-26 11:00:00,Female,50,Bronze,CallCenter,Bangkok,1026,Web,COD,11,9,4,0,40-50,34.2,7.0,1.0,0.14285714285714285,174,31,8328.075714285713,0.28,0.2857142857142857,0.7142857142857143,0.0,0.0,0,0,0.0,0.0,0,0,0.0,13213.33,2,0,0.0,58296.52999999999,7,1,0.14285714285714285,0
LGS2ORD0033900,C015359,2025-09-26 11:00:00,Male,44,Silver,Lazada,Bangkok,955,Shopee,PromptPay,11,9,4,0,40-50,31.833333333333332,1.0,0.0,0.0,-1,43,8893.08,0.25,0.0,1.0,0.0,0.0,0,0,0.0,0.0,0,0,0.0,8893.08,1,0,0.0,8893.08,1,0,0.0,1
LGS2ORD0033901,C013264,2025-09-26 11:00:00,Female,34,Silver,Lazada,Khon Kaen,1259,TV_Show,COD,11,9,4,0,30-40,41.96666666666667,1.0,0.0,0.0,-1,78,3576.97,0.2,0.0,0.0,0.0,0.0,0,0,0.0,0.0,0,0,0.0,3576.97,1,0,0.0,3576.97,1,0,0.0,0
LGS2ORD0033902,C016819,2025-09-26 11:00:00,Female,62,Bronze,TV,Bangkok,437,CallCenter,COD,11,9,4,0,>50,14.566666666666666,9.0,4.0,0.4444444444444444,17,33,6370.048888888889,0.28,0.4444444444444444,0.4444444444444444,0.0,0.0,0,0,0.0,0.0,0,0,0.0,25543.600000000002,3,2,0.6666666666666666,57330.44,9,4,0.4444444444444444,0
LGS2ORD0033903,C017414,2025-09-26 12:00:00,Male,35,Bronze,TV,Khon Kaen,1371,TV_Show,Bank_Transfer,12,9,4,0,30-40,45.7,8.0,4.0,0.5,138,147,3380.72625,0.28,0.625,0.5,0.0,0.0,0,0,0.0,0.0,0,0,0.0,0.0,0,0,0.0,27045.81,8,4,0.5,1
LGS2ORD0033904,C017876,2025-09-26 12:00:00,Female,18,Platinum,Web,Chonburi,1598,Web,PromptPay,12,9,4,0,<20,53.266666666666666,3.0,1.0,0.3333333333333333,18,23,2815.2766666666666,0.25,0.6666666666666666,0.3333333333333333,0.0,0.0,0,0,0.0,1510.97,1,1,1.0,5127.33,2,1,0.5,8445.83,3,1,0.3333333333333333,0
LGS2ORD0033905,C017821,2025-09-26 12:00:00,Female,46,Silver,Shopee,Nakhon Ratchasima,906,Shopee,Bank_Transfer,12,9,4,0,40-50,30.2,4.0,2.0,0.5,33,45,7986.8275,0.3,0.75,0.25,0.0,0.0,0,0,0.0,0.0,0,0,0.0,14198.58,2,1,0.5,31947.31,4,2,0.5,0
LGS2ORD0033906,C016648,2025-09-26 12:00:00,Female,48,Bronze,Lazada,Chiang Mai,1004,CallCenter,COD,12,9,4,0,40-50,33.46666666666667,3.0,0.0,0.0,-1,75,4828.2,0.28,0.3333333333333333,0.6666666666666666,0.0,0.0,0,0,0.0,0.0,0,0,0.0,1214.98,1,0,0.0,14484.599999999999,3,0,0.0,1
LGS2ORD0033907,C010006,2025-09-26 12:00:00,Female,40,Silver,Shopee,Chiang Mai,1153,Web,COD,12,9,4,0,30-40,38.43333333333333,7.0,0.0,0.0,-1,3,4871.131428571428,0.25,0.7142857142857143,0.14285714285714285,0.0,5434.37,1,0,0.0,5434.37,1,0,0.0,7215.21,2,0,0.0,34097.92,7,0,0.0,0
LGS2ORD0033908,C016325,2025-09-26 12:00:00,Female,52,Bronze,TV,Remote_Area,1371,Lazada,Bank_Transfer,12,9,4,0,>50,45.7,8.0,3.0,0.375,-9,0,3683.5212500000002,0.28,0.625,0.375,0.0,1307.39,1,1,1.0,7883.72,2,1,0.5,7883.72,2,1,0.5,29468.170000000002,8,3,0.375,0
LGS2ORD0033909,C013738,2025-09-26 13:00:00,Female,49,Silver,Lazada,Phuket,1564,Lazada,PromptPay,13,9,4,0,40-50,52.13333333333333,3.0,0.0,0.0,-1,32,12188.94,0.25,0.6666666666666666,0.3333333333333333,0.0,0.0,0,0,0.0,0.0,0,0,0.0,3847.86,1,0,0.0,36566.82,3,0,0.0,0
LGS2ORD0033910,C014855,2025-09-26 13:00:00,Female,49,Gold,Web,Bangkok,562,TV_Show,COD,13,9,4,0,40-50,18.733333333333334,1.0,0.0,0.0,-1,231,3706.04,0.13,1.0,0.0,0.0,0.0,0,0,0.0,0.0,0,0,0.0,0.0,0,0,0.0,3706.04,1,0,0.0,0
LGS2ORD0033911,C011083,2025-09-26 13:00:00,Female,43,Gold,Web,Chonburi,632,CallCenter,COD,13,9,4,0,40-50,21.066666666666666,5.0,0.0,0.0,-1,15,2960.704,0.28,0.2,0.2,0.0,0.0,0,0,0.0,6952.25,1,0,0.0,7862.12,2,0,0.0,14803.52,5,0,0.0,0
LGS2ORD0033912,C010834,2025-09-26 13:00:00,Female,54,Gold,TV,Remote_Area,1725,CallCenter,COD,13,9,4,0,>50,57.5,3.0,2.0,0.6666666666666666,-2,5,3420.096666666667,0.33,0.6666666666666666,0.3333333333333333,0.0,2420.62,1,1,1.0,8509.849999999999,2,2,1.0,8509.849999999999,2,2,1.0,10260.29,3,2,0.6666666666666666,0
LGS2ORD0033913,C011398,2025-09-26 13:00:00,Female,47,Bronze,Web,Chiang Mai,1200,Lazada,COD,13,9,4,0,40-50,40.0,5.0,3.0,0.6,3,16,3075.2060000000006,0.18,0.8,0.0,0.0,0.0,0,0,0.0,8161.17,2,2,1.0,9819.51,3,3,1.0,15376.030000000002,5,3,0.6,1
LGS2ORD0033914,C011695,2025-09-26 14:00:00,Female,49,Platinum,TV,Chiang Mai,1270,TV_Show,COD,14,9,4,0,40-50,42.333333333333336,2.0,1.0,0.5,87,98,1879.6799999999998,0.25,0.0,0.5,0.0,0.0,0,0,0.0,0.0,0,0,0.0,0.0,0,0,0.0,3759.3599999999997,2,1,0.5,1
LGS2ORD0033915,C016523,2025-09-26 14:00:00,Female,20,Bronze,TV,Remote_Area,859,Web,Bank_Transfer,14,9,4,0,<20,28.633333333333333,6.0,3.0,0.5,117,2,4520.455,0.18,0.6666666666666666,0.0,0.0,1853.23,1,0,0.0,1853.23,1,0,0.0,5434.62,2,0,0.0,27122.73,6,3,0.5,0
LGS2ORD0033916,C013365,2025-09-26 14:00:00,Male,38,Silver,Web,Bangkok,1168,TV_Show,COD,14,9,4,0,30-40,38.93333333333333,5.0,2.0,0.4,217,73,2215.444,0.2,0.2,0.0,0.0,0.0,0,0,0.0,0.0,0,0,0.0,1205.42,1,0,0.0,11077.22,5,2,0.4,0
LGS2ORD0033917,C015139,2025-09-26 14:00:00,Female,57,Bronze,Lazada,Bangkok,887,TV_Show,PromptPay,14,9,4,0,>50,29.566666666666666,4.0,0.0,0.0,-1,102,1852.2,0.23,0.25,0.25,0.0,0.0,0,0,0.0,0.0,0,0,0.0,0.0,0,0,0.0,7408.8,4,0,0.0,0
LGS2ORD0033918,C012292,2025-09-26 14:00:00,Female,37,Gold,TV,Nakhon Ratchasima,1519,TV_Show,PromptPay,14,9,4,0,30-40,50.63333333333333,6.0,3.0,0.5,46,36,5358.88,0.33,0.5,0.3333333333333333,0.0,0.0,0,0,0.0,0.0,0,0,0.0,3656.8199999999997,2,1,0.5,32153.28,6,3,0.5,1
LGS2ORD0033919,C015189,2025-09-26 15:00:00,Male,35,Bronze,TV,Remote_Area,617,Web,PromptPay,15,9,4,0,30-40,20.566666666666666,2.0,1.0,0.5,251,256,4117.04,0.28,0.5,0.5,0.0,0.0,0,0,0.0,0.0,0,0,0.0,0.0,0,0,0.0,8234.08,2,1,0.5,1
LGS2ORD0033920,C015027,2025-09-26 15:00:00,Male,33,Platinum,Web,Bangkok,1352,Lazada,COD,15,9,4,0,30-40,45.06666666666667,1.0,0.0,0.0,-1,14,1169.07,0.35,0.0,1.0,0.0,0.0,0,0,0.0,1169.07,1,0,0.0,1169.07,1,0,0.0,1169.07,1,0,0.0,0
LGS2ORD0033921,C016233,2025-09-26 15:00:00,Female,58,Silver,Lazada,Khon Kaen,1541,Web,Credit_Card,15,9,4,0,>50,51.36666666666667,6.0,1.0,0.16666666666666666,245,5,2846.1749999999997,0.25,0.6666666666666666,0.5,0.0,3303.79,1,0,0.0,3303.79,1,0,0.0,4327.3099999999995,2,0,0.0,17077.05,6,1,0.16666666666666666,0
LGS2ORD0033922,C014256,2025-09-26 15:00:00,Male,51,Silver,TV,Bangkok,458,Shopee,COD,15,9,4,0,>50,15.266666666666667,2.0,0.0,0.0,-1,70,3588.8399999999997,0.25,0.5,0.5,0.0,0.0,0,0,0.0,0.0,0,0,0.0,7177.679999999999,2,0,0.0,7177.679999999999,2,0,0.0,0
LGS2ORD0033923,C011077,2025-09-26 15:00:00,Female,71,Bronze,Shopee,Chonburi,1214,Shopee,COD,15,9,4,0,>50,40.46666666666667,8.0,0.0,0.0,-1,69,2262.04375,0.28,0.875,0.125,0.0,0.0,0,0,0.0,0.0,0,0,0.0,1175.15,1,0,0.0,18096.35,8,0,0.0,0
LGS2ORD0033924,C011258,2025-09-26 16:00:00,Female,41,Silver,Web,Chonburi,1649,Web,PromptPay,16,9,4,0,40-50,54.96666666666667,3.0,1.0,0.3333333333333333,32,38,5714.663333333333,0.3,0.0,0.6666666666666666,0.0,0.0,0,0,0.0,0.0,0,0,0.0,4822.87,1,1,1.0,17143.989999999998,3,1,0.3333333333333333,0
LGS2ORD0033925,C013763,2025-09-26 16:00:00,Female,48,Gold,Web,Bangkok,743,Web,Credit_Card,16,9,4,0,40-50,24.766666666666666,3.0,0.0,0.0,-1,34,4262.783333333333,0.28,0.3333333333333333,0.6666666666666666,0.0,0.0,0,0,0.0,0.0,0,0,0.0,9285.36,2,0,0.0,12788.349999999999,3,0,0.0,0
LGS2ORD0033926,C017225,2025-09-26 16:00:00,Female,39,Bronze,Shopee,Chiang Mai,1300,Shopee,COD,16,9,4,0,30-40,43.333333333333336,5.0,2.0,0.4,77,90,7348.039999999999,0.18,0.8,0.0,0.0,0.0,0,0,0.0,0.0,0,0,0.0,0.0,0,0,0.0,36740.2,5,2,0.4,0
LGS2ORD0033927,C010387,2025-09-26 16:00:00,Male,47,Bronze,Shopee,Phuket,1016,Shopee,PromptPay,16,9,4,0,40-50,33.86666666666667,3.0,2.0,0.6666666666666666,149,158,3552.53,0.23,0.6666666666666666,0.6666666666666666,0.0,0.0,0,0,0.0,0.0,0,0,0.0,0.0,0,0,0.0,10657.59,3,2,0.6666666666666666,0
LGS2ORD0033928,C015327,2025-09-26 16:00:00,Male,58,Platinum,TV,Phuket,1368,Web,COD,16,9,4,0,>50,45.6,8.0,3.0,0.375,-1,4,2755.48125,0.35,0.625,0.375,0.0,4281.07,1,0,0.0,7853.34,3,1,0.3333333333333333,16971.440000000002,5,1,0.2,22043.85,8,3,0.375,1
LGS2ORD0033929,C011433,2025-09-26 16:00:00,Male,61,Bronze,Shopee,Chonburi,1478,Web,COD,16,9,4,0,>50,49.266666666666666,9.0,3.0,0.3333333333333333,3,15,4051.556666666666,0.28,0.3333333333333333,0.2222222222222222,0.0,0.0,0,0,0.0,3954.02,2,1,0.5,5823.0,3,1,0.3333333333333333,36464.009999999995,9,3,0.3333333333333333,0
LGS2ORD0033930,C012058,2025-09-26 17:00:00,Female,28,Silver,Shopee,Nakhon Ratchasima,1478,Shopee,COD,17,9,4,0,20-30,49.266666666666666,4.0,2.0,0.5,99,43,7287.522500000001,0.3,0.5,0.5,0.0,0.0,0,0,0.0,0.0,0,0,0.0,11749.01,1,0,0.0,29150.090000000004,4,2,0.5,1
LGS2ORD0033931,C013009,2025-09-26 17:00:00,Female,31,Bronze,Web,Bangkok,882,Shopee,COD,17,9,4,0,30-40,29.4,2.0,0.0,0.0,-1,132,2601.875,0.13,0.5,0.0,0.0,0.0,0,0,0.0,0.0,0,0,0.0,0.0,0,0,0.0,5203.75,2,0,0.0,0
LGS2ORD0033932,C013505,2025-09-26 17:00:00,Male,37,Bronze,Web,Chonburi,818,Shopee,PromptPay,17,9,4,0,30-40,27.266666666666666,2.0,1.0,0.5,107,38,1343.68,0.23,1.0,0.5,0.0,0.0,0,0,0.0,0.0,0,0,0.0,646.46,1,0,0.0,2687.36,2,1,0.5,0
LGS2ORD0033933,C013790,2025-09-26 17:00:00,Female,65,Bronze,Shopee,Songkhla,1709,Lazada,PromptPay,17,9,4,0,>50,56.96666666666667,4.0,2.0,0.5,69,21,12665.39,0.08,0.75,0.0,0.0,0.0,0,0,0.0,8933.78,1,0,0.0,29055.21,3,1,0.3333333333333333,50661.56,4,2,0.5,0
LGS2ORD0033934,C014948,2025-09-26 17:00:00,Male,29,Silver,Web,Bangkok,1145,Shopee,Credit_Card,17,9,4,0,20-30,38.166666666666664,5.0,1.0,0.2,60,9,1266.702,0.3,0.8,0.4,0.0,0.0,0,0,0.0,2567.14,2,0,0.0,4812.969999999999,4,1,0.25,6333.51,5,1,0.2,0
LGS2ORD0033935,C013306,2025-09-26 18:00:00,Female,18,Silver,Lazada,Songkhla,580,Shopee,PromptPay,18,9,4,0,<20,19.333333333333332,4.0,1.0,0.25,13,24,1363.7150000000001,0.2,0.25,0.0,0.0,0.0,0,0,0.0,944.69,1,1,1.0,944.69,1,1,1.0,5454.860000000001,4,1,0.25,0
LGS2ORD0033936,C016029,2025-09-26 18:00:00,Male,43,Silver,Shopee,Khon Kaen,661,Shopee,COD,18,9,4,0,40-50,22.033333333333335,10.0,3.0,0.3,5,15,2399.9519999999998,0.3,0.8,0.2,0.0,0.0,0,0,0.0,2080.84,1,1,1.0,4893.72,3,1,0.3333333333333333,23999.519999999997,10,3,0.3,0
LGS2ORD0033937,C017847,2025-09-26 18:00:00,Male,35,Bronze,Web,Phuket,1508,TV_Show,COD,18,9,4,0,30-40,50.266666666666666,7.0,1.0,0.14285714285714285,10,16,6934.0314285714285,0.28,0.5714285714285714,0.2857142857142857,0.0,0.0,0,0,0.0,4135.51,1,1,1.0,5335.8,2,1,0.5,48538.22,7,1,0.14285714285714285,1
LGS2ORD0033938,C014981,2025-09-26 18:00:00,Male,23,Gold,Shopee,Bangkok,1431,Web,COD,18,9,4,0,20-30,47.7,3.0,0.0,0.0,-1,113,7608.89,0.28,0.0,0.6666666666666666,0.0,0.0,0,0,0.0,0.0,0,0,0.0,0.0,0,0,0.0,22826.670000000002,3,0,0.0,0
LGS2ORD0033939,C010922,2025-09-26 18:00:00,Male,37,Gold,TV,Phuket,1156,Shopee,COD,18,9,4,0,30-40,38.53333333333333,1.0,0.0,0.0,-1,229,6721.23,0.28,0.0,1.0,0.0,0.0,0,0,0.0,0.0,0,0,0.0,0.0,0,0,0.0,6721.23,1,0,0.0,1
LGS2ORD0033940,C012947,2025-09-26 19:00:00,Female,56,Bronze,TV,Chiang Mai,832,TV_Show,Bank_Transfer,19,9,4,0,>50,27.733333333333334,3.0,0.0,0.0,-1,19,1574.5366666666669,0.23,0.3333333333333333,0.6666666666666666,0.0,0.0,0,0,0.0,2197.84,1,0,0.0,2197.84,1,0,0.0,4723.610000000001,3,0,0.0,0
LGS2ORD0033941,C015161,2025-09-26 19:00:00,Male,51,Silver,TV,Phuket,760,CallCenter,COD,19,9,4,0,>50,25.333333333333332,3.0,2.0,0.6666666666666666,14,25,1729.7066666666667,0.2,0.3333333333333333,0.0,0.0,0.0,0,0,0.0,1811.85,1,1,1.0,4600.49,2,2,1.0,5189.12,3,2,0.6666666666666666,0
LGS2ORD0033942,C011090,2025-09-26 19:00:00,Female,33,Gold,Shopee,Phuket,401,Shopee,COD,19,9,4,0,30-40,13.366666666666667,2.0,0.0,0.0,-1,191,3027.355,0.13,1.0,0.0,0.0,0.0,0,0,0.0,0.0,0,0,0.0,0.0,0,0,0.0,6054.71,2,0,0.0,0
LGS2ORD0033943,C016654,2025-09-26 19:00:00,Male,52,Bronze,TV,Khon Kaen,374,Web,Credit_Card,19,9,4,0,>50,12.466666666666667,5.0,0.0,0.0,-1,14,10118.122000000001,0.18,0.6,0.0,0.0,0.0,0,0,0.0,5300.77,2,0,0.0,5300.77,2,0,0.0,50590.61000000001,5,0,0.0,0
LGS2ORD0033944,C014894,2025-09-26 19:00:00,Male,47,Silver,TV,Chonburi,945,TV_Show,PromptPay,19,9,4,0,40-50,31.5,7.0,1.0,0.14285714285714285,135,11,6862.528571428571,0.25,0.5714285714285714,0.42857142857142855,0.0,0.0,0,0,0.0,11409.57,2,0,0.0,13263.279999999999,3,0,0.0,48037.7,7,1,0.14285714285714285,0
LGS2ORD0033945,C017304,2025-09-26 20:00:00,Female,31,Silver,Shopee,Chiang Mai,536,Lazada,Credit_Card,20,9,4,0,30-40,17.866666666666667,7.0,2.0,0.2857142857142857,39,49,3581.277142857143,0.3,0.2857142857142857,0.42857142857142855,0.14285714285714285,0.0,0,0,0.0,0.0,0,0,0.0,792.85,1,1,1.0,25068.940000000002,7,2,0.2857142857142857,0
LGS2ORD0033946,C011730,2025-09-26 20:00:00,Female,37,Silver,Web,Chonburi,1299,Shopee,COD,20,9,4,0,30-40,43.3,6.0,1.0,0.16666666666666666,185,9,4618.793333333333,0.3,0.5,0.3333333333333333,0.0,0.0,0,0,0.0,5712.28,1,0,0.0,10672.52,3,0,0.0,27712.76,6,1,0.16666666666666666,1
LGS2ORD0033947,C014633,2025-09-26 20:00:00,Male,38,Bronze,CallCenter,Chonburi,383,TV_Show,PromptPay,20,9,4,0,30-40,12.766666666666667,5.0,0.0,0.0,-1,66,1835.0040000000001,0.23,0.8,0.2,0.0,0.0,0,0,0.0,0.0,0,0,0.0,1779.53,2,0,0.0,9175.02,5,0,0.0,0
LGS2ORD0033948,C011838,2025-09-26 20:00:00,Male,32,Silver,Web,Remote_Area,1494,Shopee,PromptPay,20,9,4,0,30-40,49.8,6.0,2.0,0.3333333333333333,158,131,4600.0199999999995,0.3,0.6666666666666666,0.3333333333333333,0.0,0.0,0,0,0.0,0.0,0,0,0.0,0.0,0,0,0.0,27600.12,6,2,0.3333333333333333,0
LGS2ORD0033949,C017306,2025-09-26 20:00:00,Female,22,Silver,Shopee,Chiang Mai,952,CallCenter,Credit_Card,20,9,4,0,20-30,31.733333333333334,5.0,2.0,0.4,30,42,5123.075999999999,0.25,0.2,0.2,0.0,0.0,0,0,0.0,0.0,0,0,0.0,17401.96,2,1,0.5,25615.379999999997,5,2,0.4,0
LGS2ORD0033950,C012612,2025-09-26 20:00:00,Male,46,Bronze,Shopee,Bangkok,1322,Shopee,COD,20,9,4,0,40-50,44.06666666666667,5.0,1.0,0.2,165,50,5290.773999999999,0.28,0.8,0.6,0.0,0.0,0,0,0.0,0.0,0,0,0.0,11295.55,1,0,0.0,26453.87,5,1,0.2,1
LGS2ORD0033951,C015352,2025-09-26 21:00:00,Female,18,Gold,Web,Phuket,593,Web,COD,21,9,4,0,<20,19.766666666666666,4.0,1.0,0.25,218,36,3821.3275,0.2299999999999999,0.5,0.5,0.0,0.0,0,0,0.0,0.0,0,0,0.0,11376.1,1,0,0.0,15285.31,4,1,0.25,0
LGS2ORD0033952,C012139,2025-09-26 21:00:00,Male,54,Bronze,Shopee,Khon Kaen,1274,Shopee,PromptPay,21,9,4,0,>50,42.46666666666667,0.0,0.0,0.0,-1,-1,0.0,0.0,0.0,0.0,0.0,0.0,0,0,0.0,0.0,0,0,0.0,0.0,0,0,0.0,0.0,0,0,0.0,0
LGS2ORD0033953,C012634,2025-09-26 21:00:00,Male,26,Bronze,CallCenter,Chiang Mai,1054,Web,PromptPay,21,9,4,0,20-30,35.13333333333333,6.0,1.0,0.16666666666666666,54,15,5777.136666666665,0.23,0.5,0.16666666666666666,0.0,0.0,0,0,0.0,1621.0900000000001,2,0,0.0,7576.59,3,1,0.3333333333333333,34662.81999999999,6,1,0.16666666666666666,0
LGS2ORD0033954,C014823,2025-09-26 21:00:00,Female,42,Bronze,TV,Bangkok,388,TV_Show,COD,21,9,4,0,40-50,12.933333333333334,5.0,2.0,0.4,61,72,2698.9300000000003,0.23,0.6,0.2,0.0,0.0,0,0,0.0,0.0,0,0,0.0,5639.35,1,1,1.0,13494.650000000001,5,2,0.4,0
LGS2ORD0033955,C014547,2025-09-26 21:00:00,Female,30,Bronze,TV,Chonburi,892,Shopee,COD,21,9,4,0,20-30,29.733333333333334,5.0,2.0,0.4,22,31,3437.8419999999996,0.18,0.8,0.0,0.0,0.0,0,0,0.0,0.0,0,0,0.0,802.84,1,1,1.0,17189.21,5,2,0.4,1
LGS2ORD0033956,C011536,2025-09-26 22:00:00,Male,34,Bronze,Lazada,Bangkok,1526,Lazada,PromptPay,22,9,4,0,30-40,50.86666666666667,4.0,1.0,0.25,222,11,5006.55,0.23,0.75,0.25,0.0,0.0,0,0,0.0,5825.54,2,0,0.0,5825.54,2,0,0.0,20026.2,4,1,0.25,0
LGS2ORD0033957,C015041,2025-09-26 22:00:00,Female,43,Bronze,Lazada,Bangkok,738,CallCenter,Credit_Card,22,9,4,0,40-50,24.6,5.0,2.0,0.4,114,46,7530.343999999999,0.23,0.8,0.4,0.0,0.0,0,0,0.0,0.0,0,0,0.0,2032.06,1,0,0.0,37651.719999999994,5,2,0.4,0
LGS2ORD0033958,C016479,2025-09-26 22:00:00,Female,46,Gold,TV,Bangkok,992,Web,Credit_Card,22,9,4,0,40-50,33.06666666666667,3.0,1.0,0.3333333333333333,203,50,8522.640000000001,0.13,1.0,0.0,0.0,0.0,0,0,0.0,0.0,0,0,0.0,1292.31,1,0,0.0,25567.920000000002,3,1,0.3333333333333333,0
LGS2ORD0033959,C012129,2025-09-26 22:00:00,Male,56,Silver,TV,Khon Kaen,1196,TV_Show,COD,22,9,4,0,>50,39.86666666666667,7.0,0.0,0.0,-1,20,4803.104285714285,0.3,0.7142857142857143,0.2857142857142857,0.0,0.0,0,0,0.0,9442.16,1,0,0.0,12086.74,2,0,0.0,33621.729999999996,7,0,0.0,0
LGS2ORD0033960,C012416,2025-09-26 22:00:00,Male,29,Silver,Web,Songkhla,764,Shopee,COD,22,9,4,0,20-30,25.466666666666665,4.0,1.0,0.25,227,142,1487.8625000000002,0.2,0.5,0.0,0.0,0.0,0,0,0.0,0.0,0,0,0.0,0.0,0,0,0.0,5951.450000000001,4,1,0.25,0
LGS2ORD0033961,C015718,2025-09-26 23:00:00,Male,49,Gold,Shopee,Chonburi,865,Shopee,COD,23,9,4,0,40-50,28.833333333333332,4.0,1.0,0.25,26,32,7950.182499999999,0.2299999999999999,0.25,0.25,0.0,0.0,0,0,0.0,0.0,0,0,0.0,10034.67,1,1,1.0,31800.729999999996,4,1,0.25,0
LGS2ORD0033962,C011624,2025-09-26 23:00:00,Female,24,Bronze,Shopee,Bangkok,1077,Web,COD,23,9,4,0,20-30,35.9,3.0,1.0,0.3333333333333333,261,95,2765.1066666666666,0.18,1.0,0.0,0.0,0.0,0,0,0.0,0.0,0,0,0.0,0.0,0,0,0.0,8295.32,3,1,0.3333333333333333,0
LGS2ORD0033963,C015019,2025-09-26 23:00:00,Female,62,Bronze,CallCenter,Nakhon Ratchasima,577,Lazada,COD,23,9,4,0,>50,19.233333333333334,9.0,0.0,0.0,-1,25,5372.900000000001,0.23,0.2222222222222222,0.1111111111111111,0.0,0.0,0,0,0.0,441.16,1,0,0.0,441.16,1,0,0.0,48356.100000000006,9,0,0.0,0
LGS2ORD0033964,C014350,2025-09-26 23:00:00,Female,49,Gold,Web,Bangkok,1010,Shopee,Bank_Transfer,23,9,4,0,40-50,33.666666666666664,5.0,0.0,0.0,-1,2,1761.45,0.33,0.4,0.6,0.0,1328.0,1,0,0.0,1328.0,1,0,0.0,2098.99,2,0,0.0,8807.25,5,0,0.0,0
LGS2ORD0033965,C011163,2025-09-26 23:00:00,Male,30,Silver,TV,Chiang Mai,1327,Shopee,COD,23,9,4,0,20-30,44.233333333333334,5.0,1.0,0.2,152,97,1520.514,0.15,0.6,0.0,0.2,0.0,0,0,0.0,0.0,0,0,0.0,0.0,0,0,0.0,7602.57,5,1,0.2,0
LGS2ORD0033966,C016334,2025-09-27 00:00:00,Male,41,Gold,Shopee,Khon Kaen,325,TV_Show,Bank_Transfer,0,9,5,1,40-50,10.833333333333334,2.0,1.0,0.5,255,1,12689.455,0.18,1.0,0.0,0.0,21715.41,1,0,0.0,21715.41,1,0,0.0,21715.41,1,0,0.0,25378.91,2,1,0.5,0
LGS2ORD0033967,C010595,2025-09-27 00:00:00,Female,62,Bronze,Web,Phuket,911,TV_Show,PromptPay,0,9,5,1,>50,30.366666666666667,6.0,4.0,0.6666666666666666,0,7,14368.12,0.23,0.6666666666666666,0.16666666666666666,0.0,0.0,0,0,0.0,48105.9,1,1,1.0,49066.75,2,1,0.5,86208.72,6,4,0.6666666666666666,1
LGS2ORD0033968,C012769,2025-09-27 00:00:00,Male,57,Bronze,TV,Remote_Area,1577,Shopee,COD,0,9,5,1,>50,52.56666666666667,5.0,3.0,0.6,78,14,8407.616,0.28,1.0,0.2,0.0,0.0,0,0,0.0,1149.75,1,0,0.0,1149.75,1,0,0.0,42038.08,5,3,0.6,1
LGS2ORD0033969,C015438,2025-09-27 00:00:00,Male,61,Silver,CallCenter,Khon Kaen,840,Shopee,COD,0,9,5,1,>50,28.0,5.0,0.0,0.0,-1,11,5200.956,0.3,0.4,0.2,0.0,0.0,0,0,0.0,8175.799999999999,2,0,0.0,15255.240000000002,4,0,0.0,26004.78,5,0,0.0,0
LGS2ORD0033970,C015429,2025-09-27 00:00:00,Female,26,Bronze,TV,Songkhla,1695,TV_Show,PromptPay,0,9,5,1,20-30,56.5,2.0,0.0,0.0,-1,87,3957.5249999999996,0.03,0.0,0.0,0.0,0.0,0,0,0.0,0.0,0,0,0.0,5213.94,1,0,0.0,7915.049999999999,2,0,0.0,0
LGS2ORD0033971,C012956,2025-09-27 00:00:00,Female,31,Silver,Shopee,Chiang Mai,461,Lazada,COD,0,9,5,1,30-40,15.366666666666667,2.0,0.0,0.0,-1,232,1097.975,0.25,1.0,0.5,0.0,0.0,0,0,0.0,0.0,0,0,0.0,0.0,0,0,0.0,2195.95,2,0,0.0,0
LGS2ORD0033972,C013345,2025-09-27 01:00:00,Female,47,Bronze,Shopee,Khon Kaen,825,CallCenter,Credit_Card,1,9,5,1,40-50,27.5,4.0,1.0,0.25,25,13,4539.49,0.23,0.25,0.25,0.0,0.0,0,0,0.0,8175.63,1,0,0.0,12973.630000000001,2,1,0.5,18157.96,4,1,0.25,0
LGS2ORD0033973,C011913,2025-09-27 01:00:00,Female,46,Bronze,Web,Bangkok,1105,Shopee,PromptPay,1,9,5,1,40-50,36.833333333333336,5.0,0.0,0.0,-1,84,6092.049999999999,0.28,0.6,0.2,0.0,0.0,0,0,0.0,0.0,0,0,0.0,828.16,1,0,0.0,30460.249999999996,5,0,0.0,0
LGS2ORD0033974,C012264,2025-09-27 01:00:00,Male,49,Silver,TV,Phuket,1366,Web,Credit_Card,1,9,5,1,40-50,45.53333333333333,3.0,1.0,0.3333333333333333,106,25,1339.8133333333333,0.3,1.0,0.3333333333333333,0.0,0.0,0,0,0.0,461.04,1,0,0.0,461.04,1,0,0.0,4019.44,3,1,0.3333333333333333,1
LGS2ORD0033975,C013379,2025-09-27 01:00:00,Female,53,Silver,Web,Bangkok,642,Lazada,COD,1,9,5,1,>50,21.4,2.0,1.0,0.5,238,81,3099.095,0.1,0.0,0.0,0.0,0.0,0,0,0.0,0.0,0,0,0.0,5036.28,1,0,0.0,6198.19,2,1,0.5,0
LGS2ORD0033976,C017909,2025-09-27 01:00:00,Female,35,Platinum,Web,Bangkok,566,Web,COD,1,9,5,1,30-40,18.866666666666667,3.0,0.0,0.0,-1,82,1674.1033333333332,0.25,0.6666666666666666,0.6666666666666666,0.0,0.0,0,0,0.0,0.0,0,0,0.0,2867.65,1,0,0.0,5022.3099999999995,3,0,0.0,0
LGS2ORD0033977,C015124,2025-09-27 02:00:00,Female,54,Bronze,TV,Nakhon Ratchasima,302,CallCenter,Bank_Transfer,2,9,5,1,>50,10.066666666666666,8.0,3.0,0.375,0,10,3356.8374999999996,0.28,0.625,0.375,0.0,0.0,0,0,0.0,4958.72,2,1,0.5,8379.71,3,2,0.6666666666666666,26854.699999999997,8,3,0.375,1
LGS2ORD0033978,C016534,2025-09-27 02:00:00,Female,51,Bronze,TV,Remote_Area,294,CallCenter,COD,2,9,5,1,>50,9.8,9.0,0.0,0.0,-1,30,5971.354444444443,0.28,0.3333333333333333,0.4444444444444444,0.0,0.0,0,0,0.0,0.0,0,0,0.0,40427.52,4,0,0.0,53742.18999999999,9,0,0.0,0
LGS2ORD0033979,C016178,2025-09-27 02:00:00,Male,45,Bronze,Web,Chiang Mai,630,Web,COD,2,9,5,1,40-50,21.0,5.0,0.0,0.0,-1,119,11958.364,0.18,0.4,0.0,0.0,0.0,0,0,0.0,0.0,0,0,0.0,0.0,0,0,0.0,59791.82,5,0,0.0,0
LGS2ORD0033980,C015075,2025-09-27 02:00:00,Male,40,Bronze,Shopee,Chonburi,736,CallCenter,COD,2,9,5,1,30-40,24.533333333333335,8.0,1.0,0.125,91,103,6089.751249999999,0.18,0.5,0.0,0.0,0.0,0,0,0.0,0.0,0,0,0.0,0.0,0,0,0.0,48718.009999999995,8,1,0.125,1
LGS2ORD0033981,C013748,2025-09-27 02:00:00,Female,45,Silver,Web,Nakhon Ratchasima,1674,TV_Show,COD,2,9,5,1,40-50,55.8,4.0,0.0,0.0,-1,104,11261.58,0.2,0.5,0.0,0.0,0.0,0,0,0.0,0.0,0,0,0.0,0.0,0,0,0.0,45046.32,4,0,0.0,0
LGS2ORD0033982,C011055,2025-09-27 03:00:00,Male,18,Bronze,Web,Remote_Area,1610,Lazada,COD,3,9,5,1,<20,53.666666666666664,3.0,2.0,0.6666666666666666,74,80,7091.013333333333,0.18,0.6666666666666666,0.0,0.0,0.0,0,0,0.0,0.0,0,0,0.0,18020.31,1,1,1.0,21273.04,3,2,0.6666666666666666,0
LGS2ORD0033983,C011783,2025-09-27 03:00:00,Male,49,Gold,Web,Chiang Mai,443,TV_Show,Credit_Card,3,9,5,1,40-50,14.766666666666667,3.0,0.0,0.0,-1,54,8598.493333333334,0.18,0.6666666666666666,0.0,0.0,0.0,0,0,0.0,0.0,0,0,0.0,21369.52,1,0,0.0,25795.48,3,0,0.0,0
LGS2ORD0033984,C010594,2025-09-27 03:00:00,Male,24,Silver,Lazada,Chonburi,1512,TV_Show,COD,3,9,5,1,20-30,50.4,5.0,2.0,0.4,61,70,3735.9060000000004,0.3,0.6,0.2,0.0,0.0,0,0,0.0,0.0,0,0,0.0,3574.39,1,1,1.0,18679.530000000002,5,2,0.4,0
LGS2ORD0033985,C012840,2025-09-27 03:00:00,Female,55,Bronze,Shopee,Songkhla,350,TV_Show,Credit_Card,3,9,5,1,>50,11.666666666666666,3.0,0.0,0.0,-1,19,4967.94,0.28,0.3333333333333333,0.6666666666666666,0.0,0.0,0,0,0.0,9041.74,1,0,0.0,9931.45,2,0,0.0,14903.82,3,0,0.0,0
LGS2ORD0033986,C016573,2025-09-27 03:00:00,Female,52,Gold,Shopee,Khon Kaen,773,CallCenter,COD,3,9,5,1,>50,25.766666666666666,4.0,0.0,0.0,-1,1,2582.6375000000003,0.2299999999999999,0.75,0.25,0.0,2722.11,1,0,0.0,4610.780000000001,2,0,0.0,6829.99,3,0,0.0,10330.550000000001,4,0,0.0,0
LGS2ORD0033987,C016826,2025-09-27 04:00:00,Female,38,Silver,Web,Chiang Mai,896,Web,COD,4,9,5,1,30-40,29.866666666666667,2.0,0.0,0.0,-1,71,15148.84,0.2,0.0,0.0,0.0,0.0,0,0,0.0,0.0,0,0,0.0,27356.74,1,0,0.0,30297.68,2,0,0.0,0
LGS2ORD0033988,C014225,2025-09-27 04:00:00,Male,32,Gold,Web,Chonburi,1493,Web,COD,4,9,5,1,30-40,49.766666666666666,2.0,0.0,0.0,-1,60,6152.635,0.33,0.5,0.5,0.0,0.0,0,0,0.0,0.0,0,0,0.0,6426.79,1,0,0.0,12305.27,2,0,0.0,0
LGS2ORD0033989,C012296,2025-09-27 04:00:00,Other,38,Bronze,Web,Remote_Area,643,TV_Show,PromptPay,4,9,5,1,30-40,21.433333333333334,2.0,0.0,0.0,-1,40,5173.995000000001,0.03,0.5,0.0,0.0,0.0,0,0,0.0,0.0,0,0,0.0,10347.990000000002,2,0,0.0,10347.990000000002,2,0,0.0,0
LGS2ORD0033990,C016821,2025-09-27 04:00:00,Other,57,Bronze,Shopee,Chonburi,771,Lazada,COD,4,9,5,1,>50,25.7,5.0,0.0,0.0,-1,33,11815.111999999997,0.18,0.6,0.0,0.0,0.0,0,0,0.0,0.0,0,0,0.0,29109.789999999997,2,0,0.0,59075.55999999999,5,0,0.0,1
LGS2ORD0033991,C015715,2025-09-27 04:00:00,Female,44,Bronze,TV,Nakhon Ratchasima,1575,TV_Show,COD,4,9,5,1,40-50,52.5,2.0,0.0,0.0,-1,22,3626.545,0.18,0.5,0.0,0.0,0.0,0,0,0.0,2640.25,1,0,0.0,7253.09,2,0,0.0,7253.09,2,0,0.0,0
LGS2ORD0033992,C013832,2025-09-27 04:00:00,Female,32,Bronze,Web,Songkhla,527,Web,Bank_Transfer,4,9,5,1,30-40,17.566666666666666,3.0,3.0,1.0,7,14,4283.936666666667,0.23,0.0,0.6666666666666666,0.0,0.0,0,0,0.0,5455.88,1,1,1.0,7016.56,2,2,1.0,12851.810000000001,3,3,1.0,0
LGS2ORD0033993,C010022,2025-09-27 05:00:00,Other,38,Bronze,Web,Remote_Area,1303,Shopee,COD,5,9,5,1,30-40,43.43333333333333,3.0,2.0,0.6666666666666666,20,31,7255.833333333333,0.23,0.6666666666666666,0.6666666666666666,0.0,0.0,0,0,0.0,0.0,0,0,0.0,7180.25,2,1,0.5,21767.5,3,2,0.6666666666666666,1
LGS2ORD0033994,C017671,2025-09-27 05:00:00,Male,42,Silver,TV,Remote_Area,1358,CallCenter,Credit_Card,5,9,5,1,40-50,45.266666666666666,3.0,1.0,0.3333333333333333,196,98,3738.693333333333,0.2,0.3333333333333333,0.0,0.0,0.0,0,0,0.0,0.0,0,0,0.0,0.0,0,0,0.0,11216.08,3,1,0.3333333333333333,0
LGS2ORD0033995,C012082,2025-09-27 05:00:00,Female,23,Platinum,Shopee,Bangkok,1628,CallCenter,COD,5,9,5,1,20-30,54.266666666666666,2.0,0.0,0.0,-1,86,11501.38,0.1,0.5,0.0,0.0,0.0,0,0,0.0,0.0,0,0,0.0,674.57,1,0,0.0,23002.76,2,0,0.0,0
LGS2ORD0033996,C013961,2025-09-27 05:00:00,Female,46,Bronze,Shopee,Khon Kaen,1149,Lazada,COD,5,9,5,1,40-50,38.3,4.0,0.0,0.0,-1,23,6721.3075,0.28,0.5,0.25,0.0,0.0,0,0,0.0,17921.3,2,0,0.0,17921.3,2,0,0.0,26885.23,4,0,0.0,0
LGS2ORD0033997,C014963,2025-09-27 05:00:00,Female,29,Bronze,Lazada,Khon Kaen,687,Shopee,COD,5,9,5,1,20-30,22.9,1.0,0.0,0.0,-1,262,918.64,0.18,0.0,0.0,0.0,0.0,0,0,0.0,0.0,0,0,0.0,0.0,0,0,0.0,918.64,1,0,0.0,0
LGS2ORD0033998,C014345,2025-09-27 06:00:00,Male,56,Bronze,Shopee,Khon Kaen,1714,TV_Show,COD,6,9,5,1,>50,57.13333333333333,3.0,1.0,0.3333333333333333,253,130,3555.183333333333,0.23,0.0,0.3333333333333333,0.0,0.0,0,0,0.0,0.0,0,0,0.0,0.0,0,0,0.0,10665.55,3,1,0.3333333333333333,0
LGS2ORD0033999,C010136,2025-09-27 06:00:00,Female,47,Silver,Web,Chonburi,1327,Lazada,Credit_Card,6,9,5,1,40-50,44.233333333333334,3.0,0.0,0.0,-1,24,11720.396666666667,0.25,0.3333333333333333,0.3333333333333333,0.0,0.0,0,0,0.0,3430.61,1,0,0.0,16122.140000000001,2,0,0.0,35161.19,3,0,0.0,0
LGS2ORD0034000,C012186,2025-09-27 06:00:00,Female,31,Bronze,Shopee,Chiang Mai,739,TV_Show,PromptPay,6,9,5,1,30-40,24.633333333333333,4.0,1.0,0.25,221,45,4040.9425,0.18,0.25,0.0,0.0,0.0,0,0,0.0,0.0,0,0,0.0,13106.14,2,0,0.0,16163.77,4,1,0.25,0
LGS2ORD0034001,C017430,2025-09-27 06:00:00,Female,51,Silver,CallCenter,Remote_Area,1293,CallCenter,Bank_Transfer,6,9,5,1,>50,43.1,4.0,1.0,0.25,214,98,2121.8575,0.1,0.75,0.0,0.0,0.0,0,0,0.0,0.0,0,0,0.0,0.0,0,0,0.0,8487.43,4,1,0.25,1
LGS2ORD0034002,C012902,2025-09-27 06:00:00,Male,34,Bronze,Shopee,Chiang Mai,359,Shopee,COD,6,9,5,1,30-40,11.966666666666667,7.0,1.0,0.14285714285714285,66,46,4357.672857142857,0.23,0.42857142857142855,0.2857142857142857,0.0,0.0,0,0,0.0,0.0,0,0,0.0,16448.22,4,1,0.25,30503.71,7,1,0.14285714285714285,0
LGS2ORD0034003,C013638,2025-09-27 07:00:00,Male,70,Bronze,Web,Nakhon Ratchasima,563,Shopee,COD,7,9,5,1,>50,18.766666666666666,7.0,2.0,0.2857142857142857,170,42,3665.4985714285713,0.28,0.5714285714285714,0.2857142857142857,0.0,0.0,0,0,0.0,0.0,0,0,0.0,8497.41,1,0,0.0,25658.489999999998,7,2,0.2857142857142857,0
LGS2ORD0034004,C015441,2025-09-27 07:00:00,Male,42,Bronze,Shopee,Phuket,1539,CallCenter,COD,7,9,5,1,40-50,51.3,4.0,1.0,0.25,135,100,4079.3599999999997,0.18,0.5,0.0,0.0,0.0,0,0,0.0,0.0,0,0,0.0,0.0,0,0,0.0,16317.439999999999,4,1,0.25,1
LGS2ORD0034005,C016029,2025-09-27 07:00:00,Male,43,Silver,Shopee,Khon Kaen,662,TV_Show,Credit_Card,7,9,5,1,40-50,22.066666666666666,11.0,3.0,0.2727272727272727,5,0,2250.480909090909,0.3,0.8181818181818182,0.18181818181818182,0.0,755.77,1,0,0.0,2836.61,2,1,0.5,5649.49,4,1,0.25,24755.289999999997,11,3,0.2727272727272727,0
LGS2ORD0034006,C014846,2025-09-27 07:00:00,Female,37,Gold,Web,Chiang Mai,282,Lazada,Credit_Card,7,9,5,1,30-40,9.4,5.0,1.0,0.2,111,7,9127.55,0.33,0.4,0.6,0.0,0.0,0,0,0.0,26659.06,1,0,0.0,42993.18,3,0,0.0,45637.75,5,1,0.2,0
LGS2ORD0034007,C014775,2025-09-27 07:00:00,Male,62,Silver,TV,Phuket,1432,Lazada,COD,7,9,5,1,>50,47.733333333333334,6.0,2.0,0.3333333333333333,-2,2,5597.0,0.3,0.6666666666666666,0.16666666666666666,0.0,573.49,1,1,1.0,573.49,1,1,1.0,3887.1099999999997,2,1,0.5,33582.0,6,2,0.3333333333333333,0
LGS2ORD0034008,C013631,2025-09-27 07:00:00,Female,54,Silver,Lazada,Remote_Area,826,Lazada,Credit_Card,7,9,5,1,>50,27.533333333333335,6.0,5.0,0.8333333333333334,7,18,10887.315,0.3,0.8333333333333334,0.3333333333333333,0.16666666666666666,0.0,0,0,0.0,25196.84,1,1,1.0,27196.260000000002,2,2,1.0,65323.89,6,5,0.8333333333333334,0
LGS2ORD0034009,C010562,2025-09-27 08:00:00,Male,72,Silver,TV,Chonburi,1259,Shopee,COD,8,9,5,1,>50,41.96666666666667,2.0,2.0,1.0,46,49,2989.705,0.25,1.0,0.5,0.0,0.0,0,0,0.0,0.0,0,0,0.0,4109.47,1,1,1.0,5979.41,2,2,1.0,0
LGS2ORD0034010,C014917,2025-09-27 08:00:00,Female,56,Gold,TV,Songkhla,921,Shopee,PromptPay,8,9,5,1,>50,30.7,6.0,0.0,0.0,-1,7,6117.131666666665,0.28,0.5,0.5,0.0,0.0,0,0,0.0,5429.84,2,0,0.0,6292.69,3,0,0.0,36702.78999999999,6,0,0.0,0
LGS2ORD0034011,C015495,2025-09-27 08:00:00,Male,51,Silver,Web,Bangkok,333,Shopee,COD,8,9,5,1,>50,11.1,3.0,0.0,0.0,-1,8,769.6166666666667,0.2,0.6666666666666666,0.0,0.0,0.0,0,0,0.0,1122.59,1,0,0.0,1519.4199999999998,2,0,0.0,2308.85,3,0,0.0,0
LGS2ORD0034012,C015263,2025-09-27 08:00:00,Male,32,Platinum,Web,Bangkok,615,TV_Show,PromptPay,8,9,5,1,30-40,20.5,0.0,0.0,0.0,-1,-1,0.0,0.0,0.0,0.0,0.0,0.0,0,0,0.0,0.0,0,0,0.0,0.0,0,0,0.0,0.0,0,0,0.0,1
LGS2ORD0034013,C017996,2025-09-27 08:00:00,Male,48,Gold,TV,Chonburi,1331,TV_Show,COD,8,9,5,1,40-50,44.36666666666667,3.0,0.0,0.0,-1,26,8352.786666666667,0.28,0.3333333333333333,0.6666666666666666,0.0,0.0,0,0,0.0,7936.08,1,0,0.0,7936.08,1,0,0.0,25058.36,3,0,0.0,1
LGS2ORD0034014,C012140,2025-09-27 09:00:00,Male,52,Gold,Shopee,Songkhla,1043,CallCenter,COD,9,9,5,1,>50,34.766666666666666,6.0,3.0,0.5,121,121,5958.581666666668,0.33,0.5,0.6666666666666666,0.0,0.0,0,0,0.0,0.0,0,0,0.0,0.0,0,0,0.0,35751.490000000005,6,3,0.5,0
LGS2ORD0034015,C016384,2025-09-27 09:00:00,Female,30,Gold,TV,Bangkok,1058,Web,COD,9,9,5,1,20-30,35.266666666666666,4.0,0.0,0.0,-1,88,4072.335,0.33,0.25,0.5,0.0,0.0,0,0,0.0,0.0,0,0,0.0,9572.86,1,0,0.0,16289.34,4,0,0.0,0
LGS2ORD0034016,C011567,2025-09-27 09:00:00,Female,40,Bronze,TV,Bangkok,1171,Shopee,Credit_Card,9,9,5,1,30-40,39.03333333333333,6.0,1.0,0.16666666666666666,137,33,6250.131666666665,0.28,0.5,0.5,0.0,0.0,0,0,0.0,0.0,0,0,0.0,32861.479999999996,3,0,0.0,37500.78999999999,6,1,0.16666666666666666,0
LGS2ORD0034017,C013507,2025-09-27 09:00:00,Female,71,Bronze,TV,Songkhla,706,Shopee,Bank_Transfer,9,9,5,1,>50,23.533333333333335,6.0,1.0,0.16666666666666666,38,42,7047.565,0.23,1.0,0.16666666666666666,0.0,0.0,0,0,0.0,0.0,0,0,0.0,21188.1,3,1,0.3333333333333333,42285.39,6,1,0.16666666666666666,0
LGS2ORD0034018,C014772,2025-09-27 09:00:00,Female,34,Platinum,Shopee,Nakhon Ratchasima,1550,TV_Show,PromptPay,9,9,5,1,30-40,51.666666666666664,4.0,1.0,0.25,6,21,3431.365,0.35,0.75,0.75,0.0,0.0,0,0,0.0,1263.02,1,1,1.0,7749.48,2,1,0.5,13725.46,4,1,0.25,0
LGS2ORD0034019,C014388,2025-09-27 10:00:00,Female,20,Silver,TV,Nakhon Ratchasima,793,CallCenter,PromptPay,10,9,5,1,<20,26.433333333333334,7.0,2.0,0.2857142857142857,82,40,7285.1957142857145,0.3,0.7142857142857143,0.42857142857142855,0.0,0.0,0,0,0.0,0.0,0,0,0.0,11541.36,1,0,0.0,50996.37,7,2,0.2857142857142857,0
LGS2ORD0034020,C014209,2025-09-27 10:00:00,Male,54,Bronze,TV,Songkhla,664,Shopee,Credit_Card,10,9,5,1,>50,22.133333333333333,7.0,0.0,0.0,-1,4,3433.7757142857145,0.23,0.5714285714285714,0.42857142857142855,0.0,3641.78,1,0,0.0,8743.5,2,0,0.0,8743.5,2,0,0.0,24036.43,7,0,0.0,0
LGS2ORD0034021,C012511,2025-09-27 10:00:00,Female,52,Silver,CallCenter,Bangkok,1375,Web,PromptPay,10,9,5,1,>50,45.833333333333336,2.0,0.0,0.0,-1,9,6612.195,0.25,0.0,0.5,0.0,0.0,0,0,0.0,1140.58,1,0,0.0,13224.39,2,0,0.0,13224.39,2,0,0.0,0
LGS2ORD0034022,C017411,2025-09-27 10:00:00,Female,59,Gold,Web,Remote_Area,1024,TV_Show,PromptPay,10,9,5,1,>50,34.13333333333333,2.0,0.0,0.0,-1,26,1558.935,0.2299999999999999,0.5,0.5,0.0,0.0,0,0,0.0,987.68,1,0,0.0,987.68,1,0,0.0,3117.87,2,0,0.0,0
LGS2ORD0034023,C010014,2025-09-27 10:00:00,Female,38,Bronze,Web,Bangkok,1110,Web,PromptPay,10,9,5,1,30-40,37.0,4.0,0.0,0.0,-1,30,4400.3,0.23,0.0,0.25,0.0,0.0,0,0,0.0,0.0,0,0,0.0,4044.96,1,0,0.0,17601.2,4,0,0.0,0
LGS2ORD0034024,C011714,2025-09-27 11:00:00,Female,35,Silver,Web,Bangkok,1210,CallCenter,Credit_Card,11,9,5,1,30-40,40.333333333333336,5.0,2.0,0.4,148,20,5104.120000000001,0.25,0.2,0.4,0.2,0.0,0,0,0.0,2322.31,1,0,0.0,2322.31,1,0,0.0,25520.600000000002,5,2,0.4,0
LGS2ORD0034025,C011384,2025-09-27 11:00:00,Female,52,Platinum,Web,Nakhon Ratchasima,1459,Lazada,Credit_Card,11,9,5,1,>50,48.63333333333333,3.0,0.0,0.0,-1,29,6679.106666666667,0.3,0.3333333333333333,0.3333333333333333,0.0,0.0,0,0,0.0,9542.99,1,0,0.0,9542.99,1,0,0.0,20037.32,3,0,0.0,0
LGS2ORD0034026,C010541,2025-09-27 11:00:00,Male,49,Bronze,TV,Remote_Area,1452,Shopee,Bank_Transfer,11,9,5,1,40-50,48.4,5.0,3.0,0.6,82,50,4846.686000000001,0.23,1.0,0.4,0.0,0.0,0,0,0.0,0.0,0,0,0.0,1533.84,1,0,0.0,24233.430000000004,5,3,0.6,0
LGS2ORD0034027,C013783,2025-09-27 11:00:00,Female,55,Gold,Lazada,Chonburi,493,TV_Show,Credit_Card,11,9,5,1,>50,16.433333333333334,1.0,0.0,0.0,-1,244,666.1,0.13,1.0,0.0,0.0,0.0,0,0,0.0,0.0,0,0,0.0,0.0,0,0,0.0,666.1,1,0,0.0,1
LGS2ORD0034028,C014738,2025-09-27 11:00:00,Male,55,Bronze,TV,Chonburi,692,Lazada,PromptPay,11,9,5,1,>50,23.066666666666666,4.0,2.0,0.5,152,60,2258.2675,0.23,0.75,0.25,0.0,0.0,0,0,0.0,0.0,0,0,0.0,4228.44,1,0,0.0,9033.07,4,2,0.5,0
LGS2ORD0034029,C013646,2025-09-27 11:00:00,Female,36,Silver,CallCenter,Bangkok,650,Lazada,PromptPay,11,9,5,1,30-40,21.666666666666668,2.0,0.0,0.0,-1,102,6293.105,0.15,0.5,0.0,0.0,0.0,0,0,0.0,0.0,0,0,0.0,0.0,0,0,0.0,12586.21,2,0,0.0,0
LGS2ORD0034030,C017398,2025-09-27 12:00:00,Male,18,Gold,TV,Chiang Mai,1383,Web,Bank_Transfer,12,9,5,1,<20,46.1,6.0,1.0,0.16666666666666666,38,34,2307.12,0.28,0.16666666666666666,0.16666666666666666,0.0,0.0,0,0,0.0,0.0,0,0,0.0,3624.96,2,1,0.5,13842.72,6,1,0.16666666666666666,0
LGS2ORD0034031,C016954,2025-09-27 12:00:00,Male,51,Bronze,Web,Chonburi,1043,CallCenter,COD,12,9,5,1,>50,34.766666666666666,4.0,2.0,0.5,152,22,3721.8175,0.23,0.5,0.25,0.0,0.0,0,0,0.0,1471.4,1,0,0.0,1471.4,1,0,0.0,14887.27,4,2,0.5,0
LGS2ORD0034032,C015270,2025-09-27 12:00:00,Male,49,Silver,TV,Khon Kaen,1439,Web,COD,12,9,5,1,40-50,47.96666666666667,8.0,1.0,0.125,130,7,4825.7775,0.25,0.625,0.125,0.0,0.0,0,0,0.0,8040.8,2,0,0.0,14734.52,3,0,0.0,38606.22,8,1,0.125,0
LGS2ORD0034033,C014211,2025-09-27 12:00:00,Female,49,Bronze,Web,Bangkok,1664,TV_Show,COD,12,9,5,1,40-50,55.46666666666667,2.0,0.0,0.0,-1,27,13762.595,0.28,1.0,0.5,0.0,0.0,0,0,0.0,26009.23,1,0,0.0,27525.19,2,0,0.0,27525.19,2,0,0.0,0
LGS2ORD0034034,C017681,2025-09-27 12:00:00,Female,41,Silver,Shopee,Phuket,1484,TV_Show,Bank_Transfer,12,9,5,1,40-50,49.46666666666667,4.0,1.0,0.25,173,82,4468.235000000001,0.3,0.25,0.5,0.0,0.0,0,0,0.0,0.0,0,0,0.0,3617.59,1,0,0.0,17872.940000000002,4,1,0.25,0
LGS2ORD0034035,C017907,2025-09-27 13:00:00,Female,54,Silver,Lazada,Nakhon Ratchasima,1282,Lazada,Credit_Card,13,9,5,1,>50,42.733333333333334,5.0,2.0,0.4,8,1,4022.778,0.2,0.0,0.0,0.0,3551.12,1,0,0.0,15416.439999999999,2,1,0.5,15416.439999999999,2,1,0.5,20113.89,5,2,0.4,0
LGS2ORD0034036,C014729,2025-09-27 13:00:00,Female,57,Bronze,CallCenter,Bangkok,1647,TV_Show,COD,13,9,5,1,>50,54.9,7.0,1.0,0.14285714285714285,107,48,2904.2828571428577,0.28,0.5714285714285714,0.2857142857142857,0.0,0.0,0,0,0.0,0.0,0,0,0.0,2773.92,1,0,0.0,20329.980000000003,7,1,0.14285714285714285,0
LGS2ORD0034037,C017663,2025-09-27 13:00:00,Female,41,Silver,Web,Remote_Area,1046,Shopee,COD,13,9,5,1,40-50,34.86666666666667,6.0,3.0,0.5,58,65,4736.001666666666,0.25,0.8333333333333334,0.16666666666666666,0.0,0.0,0,0,0.0,0.0,0,0,0.0,1234.38,1,1,1.0,28416.01,6,3,0.5,0
LGS2ORD0034038,C014099,2025-09-27 13:00:00,Male,35,Platinum,Lazada,Bangkok,1072,CallCenter,PromptPay,13,9,5,1,30-40,35.733333333333334,3.0,0.0,0.0,-1,6,11664.76,0.35,0.6666666666666666,0.3333333333333333,0.0,19581.27,1,0,0.0,19581.27,1,0,0.0,25295.09,2,0,0.0,34994.28,3,0,0.0,1
LGS2ORD0034039,C014896,2025-09-27 13:00:00,Male,31,Bronze,TV,Khon Kaen,1678,Lazada,COD,13,9,5,1,30-40,55.93333333333333,9.0,0.0,0.0,-1,17,4631.956666666668,0.23,0.4444444444444444,0.3333333333333333,0.0,0.0,0,0,0.0,7231.37,1,0,0.0,7231.37,1,0,0.0,41687.61000000001,9,0,0.0,1
LGS2ORD0034040,C017811,2025-09-27 14:00:00,Female,26,Silver,Shopee,Songkhla,738,CallCenter,COD,14,9,5,1,20-30,24.6,6.0,2.0,0.3333333333333333,93,3,10983.903333333334,0.3,0.8333333333333334,0.6666666666666666,0.0,1846.08,1,0,0.0,1846.08,1,0,0.0,34431.37,2,0,0.0,65903.42,6,2,0.3333333333333333,1
LGS2ORD0034041,C014546,2025-09-27 14:00:00,Male,39,Bronze,Shopee,Khon Kaen,1161,Web,Credit_Card,14,9,5,1,30-40,38.7,4.0,1.0,0.25,210,30,5863.080000000001,0.28,0.25,0.25,0.0,0.0,0,0,0.0,0.0,0,0,0.0,1388.49,1,0,0.0,23452.320000000003,4,1,0.25,0
LGS2ORD0034042,C016400,2025-09-27 14:00:00,Male,39,Silver,Lazada,Bangkok,771,Lazada,PromptPay,14,9,5,1,30-40,25.7,5.0,0.0,0.0,-1,43,2487.9299999999994,0.25,0.4,0.4,0.0,0.0,0,0,0.0,0.0,0,0,0.0,3012.46,3,0,0.0,12439.649999999998,5,0,0.0,0
LGS2ORD0034043,C014125,2025-09-27 14:00:00,Female,45,Gold,CallCenter,Khon Kaen,503,CallCenter,COD,14,9,5,1,40-50,16.766666666666666,6.0,0.0,0.0,-1,16,5244.821666666666,0.33,0.8333333333333334,0.3333333333333333,0.0,0.0,0,0,0.0,11747.55,1,0,0.0,13166.22,2,0,0.0,31468.929999999997,6,0,0.0,0
LGS2ORD0034044,C012925,2025-09-27 14:00:00,Female,40,Bronze,Shopee,Khon Kaen,1321,Shopee,Bank_Transfer,14,9,5,1,30-40,44.03333333333333,6.0,0.0,0.0,-1,47,8029.765,0.28,0.5,0.3333333333333333,0.0,0.0,0,0,0.0,0.0,0,0,0.0,16160.58,2,0,0.0,48178.590000000004,6,0,0.0,0
LGS2ORD0034045,C010541,2025-09-27 15:00:00,Male,49,Bronze,TV,Remote_Area,1452,Shopee,COD,15,9,5,1,40-50,48.4,6.0,3.0,0.5,82,0,4299.850000000001,0.23,0.8333333333333334,0.3333333333333333,0.0,1565.67,1,0,0.0,1565.67,1,0,0.0,3099.51,2,0,0.0,25799.100000000006,6,3,0.5,0
LGS2ORD0034046,C011759,2025-09-27 15:00:00,Male,38,Silver,Web,Chonburi,1022,Shopee,Credit_Card,15,9,5,1,30-40,34.06666666666667,3.0,0.0,0.0,-1,153,14081.933333333334,0.3,0.0,0.3333333333333333,0.0,0.0,0,0,0.0,0.0,0,0,0.0,0.0,0,0,0.0,42245.8,3,0,0.0,0
LGS2ORD0034047,C015866,2025-09-27 15:00:00,Female,50,Gold,Web,Bangkok,564,Web,Credit_Card,15,9,5,1,40-50,18.8,0.0,0.0,0.0,-1,-1,0.0,0.0,0.0,0.0,0.0,0.0,0,0,0.0,0.0,0,0,0.0,0.0,0,0,0.0,0.0,0,0,0.0,0
LGS2ORD0034048,C017947,2025-09-27 15:00:00,Other,28,Bronze,CallCenter,Phuket,849,Lazada,PromptPay,15,9,5,1,20-30,28.3,10.0,4.0,0.4,73,17,8103.594,0.28,0.5,0.4,0.0,0.0,0,0,0.0,17191.0,1,0,0.0,46075.41,3,1,0.3333333333333333,81035.94,10,4,0.4,0
LGS2ORD0034049,C014403,2025-09-27 15:00:00,Male,57,Gold,CallCenter,Khon Kaen,288,Shopee,Bank_Transfer,15,9,5,1,>50,9.6,5.0,1.0,0.2,99,9,3176.168,0.33,0.8,0.6,0.0,0.0,0,0,0.0,6437.32,1,0,0.0,9372.939999999999,2,0,0.0,15880.84,5,1,0.2,0
LGS2ORD0034050,C015323,2025-09-27 15:00:00,Female,40,Bronze,TV,Songkhla,1141,CallCenter,COD,15,9,5,1,30-40,38.03333333333333,11.0,5.0,0.45454545454545453,55,4,3849.2663636363636,0.28,0.6363636363636364,0.45454545454545453,0.0,4708.97,1,0,0.0,4708.97,1,0,0.0,26726.170000000002,4,2,0.5,42341.93,11,5,0.45454545454545453,1
LGS2ORD0034051,C012060,2025-09-27 16:00:00,Female,39,Gold,TV,Bangkok,653,CallCenter,COD,16,9,5,1,30-40,21.766666666666666,4.0,1.0,0.25,179,27,3838.8875,0.33,0.25,0.5,0.0,0.0,0,0,0.0,5979.23,1,0,0.0,5979.23,1,0,0.0,15355.55,4,1,0.25,0
LGS2ORD0034052,C011003,2025-09-27 16:00:00,Male,52,Silver,CallCenter,Khon Kaen,742,Shopee,COD,16,9,5,1,>50,24.733333333333334,3.0,0.0,0.0,-1,88,1626.2833333333335,0.3,0.0,0.6666666666666666,0.0,0.0,0,0,0.0,0.0,0,0,0.0,1929.06,1,0,0.0,4878.85,3,0,0.0,0
LGS2ORD0034053,C010189,2025-09-27 16:00:00,Female,48,Bronze,TV,Khon Kaen,814,Lazada,Bank_Transfer,16,9,5,1,40-50,27.133333333333333,5.0,1.0,0.2,203,65,7082.87,0.18,0.6,0.0,0.0,0.0,0,0,0.0,0.0,0,0,0.0,1303.07,1,0,0.0,35414.35,5,1,0.2,1
LGS2ORD0034054,C014583,2025-09-27 16:00:00,Female,46,Silver,TV,Songkhla,1475,Shopee,COD,16,9,5,1,40-50,49.166666666666664,5.0,3.0,0.6,209,168,7048.628,0.25,0.8,0.4,0.0,0.0,0,0,0.0,0.0,0,0,0.0,0.0,0,0,0.0,35243.14,5,3,0.6,1
LGS2ORD0034055,C012923,2025-09-27 16:00:00,Male,38,Bronze,TV,Chiang Mai,949,TV_Show,COD,16,9,5,1,30-40,31.633333333333333,3.0,0.0,0.0,-1,65,4590.5633333333335,0.28,0.3333333333333333,0.6666666666666666,0.0,0.0,0,0,0.0,0.0,0,0,0.0,6864.6,1,0,0.0,13771.69,3,0,0.0,1
LGS2ORD0034056,C015759,2025-09-27 17:00:00,Female,25,Platinum,Web,Bangkok,1129,Shopee,PromptPay,17,9,5,1,20-30,37.63333333333333,7.0,0.0,0.0,-1,2,7161.331428571429,0.35,0.42857142857142855,0.42857142857142855,0.0,672.69,1,0,0.0,672.69,1,0,0.0,32782.810000000005,3,0,0.0,50129.32,7,0,0.0,0
LGS2ORD0034057,C010554,2025-09-27 17:00:00,Female,44,Bronze,TV,Songkhla,1007,Web,COD,17,9,5,1,40-50,33.56666666666667,7.0,1.0,0.14285714285714285,214,11,3391.701428571429,0.28,0.42857142857142855,0.14285714285714285,0.0,0.0,0,0,0.0,11296.86,2,0,0.0,12038.130000000001,3,0,0.0,23741.910000000003,7,1,0.14285714285714285,0
LGS2ORD0034058,C017447,2025-09-27 17:00:00,Female,36,Gold,Lazada,Chonburi,1364,Shopee,COD,17,9,5,1,30-40,45.46666666666667,4.0,1.0,0.25,159,32,9602.675,0.2299999999999999,0.5,0.25,0.0,0.0,0,0,0.0,0.0,0,0,0.0,34967.6,3,0,0.0,38410.7,4,1,0.25,1
LGS2ORD0034059,C011057,2025-09-27 17:00:00,Female,51,Bronze,Shopee,Nakhon Ratchasima,679,Lazada,COD,17,9,5,1,>50,22.633333333333333,8.0,0.0,0.0,-1,1,4501.74125,0.28,0.5,0.25,0.0,1433.06,1,0,0.0,1433.06,1,0,0.0,7302.93,3,0,0.0,36013.93,8,0,0.0,0
LGS2ORD0034060,C016580,2025-09-27 17:00:00,Female,32,Bronze,Web,Bangkok,678,TV_Show,Bank_Transfer,17,9,5,1,30-40,22.6,7.0,3.0,0.42857142857142855,20,2,3046.3399999999997,0.28,1.0,0.7142857142857143,0.0,1866.44,1,0,0.0,1866.44,1,0,0.0,10856.54,5,3,0.6,21324.379999999997,7,3,0.42857142857142855,0
LGS2ORD0034061,C017358,2025-09-27 18:00:00,Female,50,Gold,Web,Chiang Mai,1177,Web,PromptPay,18,9,5,1,40-50,39.233333333333334,5.0,0.0,0.0,-1,4,13477.913999999999,0.33,0.4,0.8,0.0,9469.12,1,0,0.0,13109.04,2,0,0.0,13109.04,2,0,0.0,67389.56999999999,5,0,0.0,0
LGS2ORD0034062,C011639,2025-09-27 18:00:00,Male,33,Gold,TV,Nakhon Ratchasima,642,Shopee,Credit_Card,18,9,5,1,30-40,21.4,4.0,1.0,0.25,108,82,5884.34,0.28,0.5,0.25,0.0,0.0,0,0,0.0,0.0,0,0,0.0,948.32,1,0,0.0,23537.36,4,1,0.25,0
LGS2ORD0034063,C010088,2025-09-27 18:00:00,Female,42,Bronze,Shopee,Songkhla,459,Shopee,COD,18,9,5,1,40-50,15.3,3.0,2.0,0.6666666666666666,71,87,8644.84,0.28,0.6666666666666666,0.3333333333333333,0.0,0.0,0,0,0.0,0.0,0,0,0.0,15852.48,2,2,1.0,25934.52,3,2,0.6666666666666666,1
LGS2ORD0034064,C013365,2025-09-27 18:00:00,Male,38,Silver,Web,Bangkok,1169,TV_Show,PromptPay,18,9,5,1,30-40,38.96666666666667,6.0,2.0,0.3333333333333333,218,1,5425.203333333334,0.2,0.3333333333333333,0.0,0.0,21474.0,1,0,0.0,21474.0,1,0,0.0,22679.42,2,0,0.0,32551.22,6,2,0.3333333333333333,0
LGS2ORD0034065,C015130,2025-09-27 18:00:00,Female,27,Silver,Web,Chiang Mai,323,TV_Show,COD,18,9,5,1,20-30,10.766666666666667,2.0,0.0,0.0,-1,199,17765.620000000003,0.25,0.5,0.5,0.0,0.0,0,0,0.0,0.0,0,0,0.0,0.0,0,0,0.0,35531.240000000005,2,0,0.0,0
LGS2ORD0034066,C015738,2025-09-27 19:00:00,Male,30,Platinum,Shopee,Khon Kaen,1611,Shopee,Credit_Card,19,9,5,1,20-30,53.7,6.0,3.0,0.5,18,27,2658.02,0.35,0.5,0.8333333333333334,0.0,0.0,0,0,0.0,491.23,1,1,1.0,13030.93,4,2,0.5,15948.119999999999,6,3,0.5,0
LGS2ORD0034067,C010474,2025-09-27 19:00:00,Female,27,Silver,Lazada,Khon Kaen,421,CallCenter,COD,19,9,5,1,20-30,14.033333333333333,4.0,0.0,0.0,-1,147,2585.535,0.3,0.5,0.25,0.0,0.0,0,0,0.0,0.0,0,0,0.0,0.0,0,0,0.0,10342.14,4,0,0.0,0
LGS2ORD0034068,C013310,2025-09-27 19:00:00,Male,59,Gold,TV,Nakhon Ratchasima,514,Shopee,COD,19,9,5,1,>50,17.133333333333333,2.0,0.0,0.0,-1,54,536.61,0.18,0.0,0.0,0.0,0.0,0,0,0.0,0.0,0,0,0.0,755.28,1,0,0.0,1073.22,2,0,0.0,0
LGS2ORD0034069,C011534,2025-09-27 19:00:00,Female,33,Bronze,TV,Khon Kaen,303,Shopee,COD,19,9,5,1,30-40,10.1,7.0,4.0,0.5714285714285714,23,29,3866.747142857143,0.23,0.5714285714285714,0.42857142857142855,0.0,0.0,0,0,0.0,1375.75,1,1,1.0,5502.05,2,2,1.0,27067.23,7,4,0.5714285714285714,1
LGS2ORD0034070,C011158,2025-09-27 19:00:00,Female,38,Silver,Lazada,Bangkok,559,Shopee,Bank_Transfer,19,9,5,1,30-40,18.633333333333333,6.0,2.0,0.3333333333333333,30,12,8105.233333333334,0.3,0.3333333333333333,0.16666666666666666,0.0,0.0,0,0,0.0,35574.799999999996,2,0,0.0,41522.119999999995,3,1,0.3333333333333333,48631.4,6,2,0.3333333333333333,0
LGS2ORD0034071,C016467,2025-09-27 19:00:00,Female,29,Gold,Shopee,Khon Kaen,1680,TV_Show,Credit_Card,19,9,5,1,20-30,56.0,10.0,2.0,0.2,22,31,2157.438,0.33,0.6,0.4,0.0,0.0,0,0,0.0,0.0,0,0,0.0,1800.98,2,1,0.5,21574.38,10,2,0.2,0
LGS2ORD0034072,C014529,2025-09-27 20:00:00,Male,31,Silver,TV,Chonburi,1403,Lazada,PromptPay,20,9,5,1,30-40,46.766666666666666,2.0,1.0,0.5,197,207,16309.055,0.1,0.5,0.0,0.0,0.0,0,0,0.0,0.0,0,0,0.0,0.0,0,0,0.0,32618.11,2,1,0.5,0
LGS2ORD0034073,C015402,2025-09-27 20:00:00,Male,68,Gold,Shopee,Chonburi,1267,CallCenter,Credit_Card,20,9,5,1,>50,42.233333333333334,2.0,0.0,0.0,-1,91,2675.795,0.18,0.5,0.0,0.0,0.0,0,0,0.0,0.0,0,0,0.0,0.0,0,0,0.0,5351.59,2,0,0.0,0
LGS2ORD0034074,C012580,2025-09-27 20:00:00,Female,39,Bronze,Lazada,Chiang Mai,1084,CallCenter,PromptPay,20,9,5,1,30-40,36.13333333333333,4.0,1.0,0.25,172,99,11428.18,0.28,0.75,0.25,0.0,0.0,0,0,0.0,0.0,0,0,0.0,0.0,0,0,0.0,45712.72,4,1,0.25,0
LGS2ORD0034075,C016587,2025-09-27 20:00:00,Male,47,Bronze,Shopee,Chiang Mai,786,Shopee,COD,20,9,5,1,40-50,26.2,6.0,1.0,0.16666666666666666,139,5,3281.2383333333332,0.23,0.6666666666666666,0.16666666666666666,0.0,3390.49,1,0,0.0,3390.49,1,0,0.0,3390.49,1,0,0.0,19687.43,6,1,0.16666666666666666,0
LGS2ORD0034076,C011387,2025-09-27 20:00:00,Male,59,Silver,TV,Phuket,825,Shopee,Credit_Card,20,9,5,1,>50,27.5,5.0,2.0,0.4,194,68,8999.182,0.25,0.6,0.2,0.0,0.0,0,0,0.0,0.0,0,0,0.0,3738.91,1,0,0.0,44995.91,5,2,0.4,0
LGS2ORD0034077,C012620,2025-09-27 21:00:00,Male,27,Silver,TV,Bangkok,1687,TV_Show,COD,21,9,5,1,20-30,56.233333333333334,3.0,0.0,0.0,-1,60,1458.1833333333334,0.3,0.3333333333333333,0.6666666666666666,0.0,0.0,0,0,0.0,0.0,0,0,0.0,894.63,1,0,0.0,4374.55,3,0,0.0,1
LGS2ORD0034078,C013253,2025-09-27 21:00:00,Female,27,Bronze,TV,Songkhla,990,CallCenter,PromptPay,21,9,5,1,20-30,33.0,7.0,0.0,0.0,-1,43,2482.351428571429,0.23,0.42857142857142855,0.42857142857142855,0.0,0.0,0,0,0.0,0.0,0,0,0.0,2030.85,2,0,0.0,17376.460000000003,7,0,0.0,0
LGS2ORD0034079,C016758,2025-09-27 21:00:00,Female,28,Platinum,Shopee,Bangkok,1311,TV_Show,COD,21,9,5,1,20-30,43.7,3.0,0.0,0.0,-1,82,5260.336666666666,0.25,0.0,0.3333333333333333,0.0,0.0,0,0,0.0,0.0,0,0,0.0,12882.5,2,0,0.0,15781.009999999998,3,0,0.0,1
LGS2ORD0034080,C015615,2025-09-27 21:00:00,Male,34,Platinum,TV,Bangkok,672,Web,Credit_Card,21,9,5,1,30-40,22.4,4.0,1.0,0.25,64,8,5011.53,0.3,0.75,0.25,0.0,0.0,0,0,0.0,1109.07,1,0,0.0,12330.699999999999,2,1,0.5,20046.12,4,1,0.25,0
LGS2ORD0034081,C015197,2025-09-27 21:00:00,Female,48,Platinum,TV,Bangkok,1063,Web,PromptPay,21,9,5,1,40-50,35.43333333333333,5.0,1.0,0.2,162,82,3900.0039999999995,0.3,0.2,0.2,0.0,0.0,0,0,0.0,0.0,0,0,0.0,9666.71,1,0,0.0,19500.019999999997,5,1,0.2,0
LGS2ORD0034082,C010513,2025-09-27 22:00:00,Male,29,Gold,TV,Bangkok,966,Lazada,COD,22,9,5,1,20-30,32.2,4.0,0.0,0.0,-1,68,5714.6475,0.28,0.5,0.5,0.0,0.0,0,0,0.0,0.0,0,0,0.0,1166.11,1,0,0.0,22858.59,4,0,0.0,0
LGS2ORD0034083,C010847,2025-09-27 22:00:00,Female,43,Gold,Web,Bangkok,824,Lazada,COD,22,9,5,1,40-50,27.466666666666665,4.0,1.0,0.25,55,46,3402.8174999999997,0.2299999999999999,0.5,0.25,0.0,0.0,0,0,0.0,0.0,0,0,0.0,2544.04,2,1,0.5,13611.269999999999,4,1,0.25,0
LGS2ORD0034084,C016778,2025-09-27 22:00:00,Female,44,Platinum,Web,Bangkok,618,Shopee,COD,22,9,5,1,40-50,20.6,1.0,0.0,0.0,-1,54,3755.65,0.2,1.0,0.0,0.0,0.0,0,0,0.0,0.0,0,0,0.0,3755.65,1,0,0.0,3755.65,1,0,0.0,0
LGS2ORD0034085,C012674,2025-09-27 22:00:00,Female,50,Bronze,Web,Khon Kaen,965,TV_Show,Bank_Transfer,22,9,5,1,40-50,32.166666666666664,5.0,1.0,0.2,60,24,5198.192,0.28,0.2,0.2,0.0,0.0,0,0,0.0,646.0,1,0,0.0,13695.21,3,1,0.3333333333333333,25990.96,5,1,0.2,0
LGS2ORD0034086,C016944,2025-09-27 22:00:00,Other,41,Gold,Lazada,Bangkok,1490,CallCenter,COD,22,9,5,1,40-50,49.666666666666664,2.0,0.0,0.0,-1,160,11810.06,0.33,0.0,0.5,0.0,0.0,0,0,0.0,0.0,0,0,0.0,0.0,0,0,0.0,23620.12,2,0,0.0,0
LGS2ORD0034087,C016174,2025-09-27 23:00:00,Female,66,Bronze,TV,Remote_Area,1079,CallCenter,COD,23,9,5,1,>50,35.96666666666667,1.0,1.0,1.0,255,269,2068.55,0.23,1.0,1.0,0.0,0.0,0,0,0.0,0.0,0,0,0.0,0.0,0,0,0.0,2068.55,1,1,1.0,0
LGS2ORD0034088,C015751,2025-09-27 23:00:00,Male,51,Silver,TV,Remote_Area,414,TV_Show,PromptPay,23,9,5,1,>50,13.8,4.0,2.0,0.5,114,130,2512.8475,0.25,0.75,0.25,0.0,0.0,0,0,0.0,0.0,0,0,0.0,0.0,0,0,0.0,10051.39,4,2,0.5,0
LGS2ORD0034089,C016536,2025-09-27 23:00:00,Male,49,Bronze,TV,Remote_Area,883,CallCenter,Bank_Transfer,23,9,5,1,40-50,29.433333333333334,3.0,1.0,0.3333333333333333,222,88,11307.74,0.18,0.6666666666666666,0.0,0.0,0.0,0,0,0.0,0.0,0,0,0.0,8417.14,1,0,0.0,33923.22,3,1,0.3333333333333333,0
LGS2ORD0034090,C016107,2025-09-27 23:00:00,Male,40,Platinum,Lazada,Chiang Mai,1355,CallCenter,Credit_Card,23,9,5,1,30-40,45.166666666666664,4.0,1.0,0.25,218,24,4516.5175,0.35,0.5,0.75,0.0,0.0,0,0,0.0,5273.78,1,0,0.0,5273.78,1,0,0.0,18066.07,4,1,0.25,1
LGS2ORD0034091,C016535,2025-09-27 23:00:00,Male,51,Bronze,Web,Khon Kaen,1592,Web,COD,23,9,5,1,>50,53.06666666666667,7.0,2.0,0.2857142857142857,58,72,9220.305714285714,0.28,0.42857142857142855,0.2857142857142857,0.0,0.0,0,0,0.0,0.0,0,0,0.0,38551.18,2,1,0.5,64542.14,7,2,0.2857142857142857,0
LGS2ORD0034092,C014572,2025-09-27 23:00:00,Male,58,Platinum,Web,Bangkok,1340,Web,PromptPay,23,9,5,1,>50,44.666666666666664,2.0,1.0,0.5,38,44,4286.01,0.3,0.5,0.5,0.0,0.0,0,0,0.0,0.0,0,0,0.0,2187.75,1,1,1.0,8572.02,2,1,0.5,0
LGS2ORD0034093,C015765,2025-09-28 00:00:00,Female,28,Bronze,Shopee,Bangkok,304,Shopee,Bank_Transfer,0,9,6,1,20-30,10.133333333333333,8.0,0.0,0.0,-1,7,6989.19625,0.28,0.5,0.125,0.0,0.0,0,0,0.0,268.05,1,0,0.0,29332.02,2,0,0.0,55913.57,8,0,0.0,0
LGS2ORD0034094,C016443,2025-09-28 00:00:00,Male,44,Silver,Web,Bangkok,1709,Web,Bank_Transfer,0,9,6,1,40-50,56.96666666666667,12.0,5.0,0.4166666666666667,65,37,7956.653333333333,0.25,0.75,0.16666666666666666,0.0,0.0,0,0,0.0,0.0,0,0,0.0,20770.489999999998,2,1,0.5,95479.84,12,5,0.4166666666666667,0
LGS2ORD0034095,C011857,2025-09-28 00:00:00,Male,37,Bronze,Web,Songkhla,1633,Lazada,COD,0,9,6,1,30-40,54.43333333333333,10.0,3.0,0.3,27,29,7386.365,0.28,0.7,0.3,0.0,0.0,0,0,0.0,23486.22,1,0,0.0,44159.630000000005,3,1,0.3333333333333333,73863.65,10,3,0.3,1
LGS2ORD0034096,C011264,2025-09-28 00:00:00,Female,33,Gold,TV,Nakhon Ratchasima,683,Lazada,COD,0,9,6,1,30-40,22.766666666666666,1.0,0.0,0.0,-1,251,3979.63,0.18,1.0,0.0,0.0,0.0,0,0,0.0,0.0,0,0,0.0,0.0,0,0,0.0,3979.63,1,0,0.0,0
LGS2ORD0034097,C012849,2025-09-28 00:00:00,Male,54,Platinum,Lazada,Chiang Mai,896,Lazada,COD,0,9,6,1,>50,29.866666666666667,5.0,0.0,0.0,-1,23,3027.814,0.3,0.4,0.6,0.0,0.0,0,0,0.0,1496.98,1,0,0.0,2924.6,2,0,0.0,15139.07,5,0,0.0,0
LGS2ORD0034098,C015248,2025-09-28 01:00:00,Male,66,Silver,TV,Songkhla,1425,TV_Show,COD,1,9,6,1,>50,47.5,4.0,3.0,0.75,111,107,2853.0899999999997,0.25,0.75,0.25,0.0,0.0,0,0,0.0,0.0,0,0,0.0,0.0,0,0,0.0,11412.359999999999,4,3,0.75,0
LGS2ORD0034099,C011072,2025-09-28 01:00:00,Male,39,Gold,Shopee,Bangkok,1119,Lazada,Credit_Card,1,9,6,1,30-40,37.3,1.0,0.0,0.0,-1,54,7537.36,0.08,1.0,0.0,0.0,0.0,0,0,0.0,0.0,0,0,0.0,7537.36,1,0,0.0,7537.36,1,0,0.0,0
LGS2ORD0034100,C011947,2025-09-28 01:00:00,Female,50,Silver,Shopee,Remote_Area,794,Web,Credit_Card,1,9,6,1,40-50,26.466666666666665,3.0,0.0,0.0,-1,84,2402.51,0.25,0.0,0.3333333333333333,0.0,0.0,0,0,0.0,0.0,0,0,0.0,4332.52,1,0,0.0,7207.530000000001,3,0,0.0,0
LGS2ORD0034101,C011841,2025-09-28 01:00:00,Female,59,Gold,Shopee,Songkhla,1699,Lazada,COD,1,9,6,1,>50,56.63333333333333,6.0,0.0,0.0,-1,20,2412.13,0.2299999999999999,0.6666666666666666,0.3333333333333333,0.0,0.0,0,0,0.0,3443.02,1,0,0.0,3443.02,1,0,0.0,14472.78,6,0,0.0,0
LGS2ORD0034102,C014921,2025-09-28 01:00:00,Male,21,Silver,CallCenter,Khon Kaen,1347,Shopee,COD,1,9,6,1,20-30,44.9,3.0,1.0,0.3333333333333333,9,17,3205.306666666667,0.2,0.3333333333333333,0.0,0.0,0.0,0,0,0.0,3324.75,1,1,1.0,3324.75,1,1,1.0,9615.92,3,1,0.3333333333333333,1
LGS2ORD0034103,C014565,2025-09-28 02:00:00,Male,38,Platinum,TV,Chonburi,1641,Lazada,COD,2,9,6,1,30-40,54.7,3.0,1.0,0.3333333333333333,26,39,4360.083333333333,0.3,0.0,0.6666666666666666,0.0,0.0,0,0,0.0,0.0,0,0,0.0,10285.13,2,1,0.5,13080.25,3,1,0.3333333333333333,1
LGS2ORD0034104,C015220,2025-09-28 02:00:00,Male,33,Bronze,Web,Khon Kaen,370,Lazada,COD,2,9,6,1,30-40,12.333333333333334,1.0,1.0,1.0,0,7,45491.37,0.03,1.0,0.0,0.0,0.0,0,0,0.0,45491.37,1,1,1.0,45491.37,1,1,1.0,45491.37,1,1,1.0,1
LGS2ORD0034105,C016731,2025-09-28 02:00:00,Female,48,Gold,Shopee,Songkhla,406,CallCenter,Credit_Card,2,9,6,1,40-50,13.533333333333333,6.0,1.0,0.16666666666666666,203,27,7716.533333333333,0.33,0.5,0.6666666666666666,0.0,0.0,0,0,0.0,7048.18,1,0,0.0,7048.18,1,0,0.0,46299.2,6,1,0.16666666666666666,1
LGS2ORD0034106,C013194,2025-09-28 02:00:00,Male,22,Bronze,TV,Bangkok,682,TV_Show,COD,2,9,6,1,20-30,22.733333333333334,7.0,2.0,0.2857142857142857,46,52,3800.827142857143,0.28,0.5714285714285714,0.42857142857142855,0.0,0.0,0,0,0.0,0.0,0,0,0.0,1898.64,1,1,1.0,26605.79,7,2,0.2857142857142857,0
LGS2ORD0034107,C012611,2025-09-28 02:00:00,Male,55,Gold,Web,Remote_Area,794,Shopee,Bank_Transfer,2,9,6,1,>50,26.466666666666665,4.0,2.0,0.5,136,146,3390.2375,0.28,0.5,0.75,0.0,0.0,0,0,0.0,0.0,0,0,0.0,0.0,0,0,0.0,13560.95,4,2,0.5,0
LGS2ORD0034108,C015970,2025-09-28 03:00:00,Male,31,Gold,Web,Bangkok,1186,Web,COD,3,9,6,1,30-40,39.53333333333333,5.0,1.0,0.2,132,77,2981.838,0.28,0.6,0.4,0.0,0.0,0,0,0.0,0.0,0,0,0.0,965.15,1,0,0.0,14909.19,5,1,0.2,1
LGS2ORD0034109,C015067,2025-09-28 03:00:00,Male,50,Bronze,Web,Remote_Area,1343,TV_Show,COD,3,9,6,1,40-50,44.766666666666666,8.0,3.0,0.375,61,13,6478.4262499999995,0.23,0.375,0.25,0.0,0.0,0,0,0.0,14467.76,1,0,0.0,36417.01,4,1,0.25,51827.409999999996,8,3,0.375,1
LGS2ORD0034110,C014533,2025-09-28 03:00:00,Female,47,Bronze,TV,Songkhla,1633,CallCenter,PromptPay,3,9,6,1,40-50,54.43333333333333,6.0,2.0,0.3333333333333333,18,22,4154.739999999999,0.23,0.6666666666666666,0.16666666666666666,0.0,0.0,0,0,0.0,4100.35,1,1,1.0,4100.35,1,1,1.0,24928.439999999995,6,2,0.3333333333333333,0
LGS2ORD0034111,C013443,2025-09-28 03:00:00,Female,44,Silver,Web,Bangkok,396,Lazada,COD,3,9,6,1,40-50,13.2,1.0,0.0,0.0,-1,88,1370.42,0.3,1.0,1.0,0.0,0.0,0,0,0.0,0.0,0,0,0.0,1370.42,1,0,0.0,1370.42,1,0,0.0,0
LGS2ORD0034112,C017262,2025-09-28 03:00:00,Male,42,Silver,Web,Khon Kaen,1711,Lazada,Credit_Card,3,9,6,1,40-50,57.03333333333333,1.0,1.0,1.0,-2,5,310.42,0.3,1.0,1.0,0.0,310.42,1,1,1.0,310.42,1,1,1.0,310.42,1,1,1.0,310.42,1,1,1.0,0
LGS2ORD0034113,C011626,2025-09-28 03:00:00,Male,36,Bronze,Web,Songkhla,1248,CallCenter,PromptPay,3,9,6,1,30-40,41.6,3.0,3.0,1.0,0,16,5406.04,0.18,0.6666666666666666,0.0,0.0,0.0,0,0,0.0,5601.98,1,1,1.0,11347.31,2,2,1.0,16218.119999999999,3,3,1.0,0
LGS2ORD0034114,C013380,2025-09-28 04:00:00,Female,34,Gold,Lazada,Khon Kaen,1053,CallCenter,COD,4,9,6,1,30-40,35.1,7.0,3.0,0.42857142857142855,36,7,4358.692857142857,0.33,0.42857142857142855,0.8571428571428571,0.0,0.0,0,0,0.0,6147.56,1,0,0.0,7148.740000000001,2,1,0.5,30510.850000000002,7,3,0.42857142857142855,1
LGS2ORD0034115,C012493,2025-09-28 04:00:00,Other,56,Bronze,Shopee,Chiang Mai,1083,Web,COD,4,9,6,1,>50,36.1,9.0,4.0,0.4444444444444444,52,24,4921.624444444445,0.23,0.8888888888888888,0.1111111111111111,0.0,0.0,0,0,0.0,5213.69,1,0,0.0,33492.35,4,2,0.5,44294.62,9,4,0.4444444444444444,1
LGS2ORD0034116,C014320,2025-09-28 04:00:00,Female,35,Gold,TV,Bangkok,1487,Lazada,Credit_Card,4,9,6,1,30-40,49.56666666666667,0.0,0.0,0.0,-1,-1,0.0,0.0,0.0,0.0,0.0,0.0,0,0,0.0,0.0,0,0,0.0,0.0,0,0,0.0,0.0,0,0,0.0,0
LGS2ORD0034117,C016541,2025-09-28 04:00:00,Male,31,Platinum,Shopee,Nakhon Ratchasima,949,Shopee,Credit_Card,4,9,6,1,30-40,31.633333333333333,5.0,0.0,0.0,-1,8,13261.49,0.35,0.6,0.2,0.0,0.0,0,0,0.0,743.32,1,0,0.0,13765.08,2,0,0.0,66307.45,5,0,0.0,0
LGS2ORD0034118,C017800,2025-09-28 04:00:00,Female,38,Silver,Lazada,Bangkok,1624,Shopee,Credit_Card,4,9,6,1,30-40,54.13333333333333,8.0,0.0,0.0,-1,45,7968.258750000001,0.25,0.5,0.25,0.0,0.0,0,0,0.0,0.0,0,0,0.0,15730.91,4,0,0.0,63746.07000000001,8,0,0.0,0
LGS2ORD0034119,C012601,2025-09-28 05:00:00,Male,22,Gold,Shopee,Bangkok,1480,CallCenter,Credit_Card,5,9,6,1,20-30,49.333333333333336,5.0,1.0,0.2,88,20,9037.382000000001,0.28,0.4,0.4,0.0,0.0,0,0,0.0,1626.89,1,0,0.0,39657.14,3,0,0.0,45186.91,5,1,0.2,0
LGS2ORD0034120,C013056,2025-09-28 05:00:00,Female,35,Platinum,Web,Songkhla,1686,Web,COD,5,9,6,1,30-40,56.2,4.0,1.0,0.25,144,99,6815.0375,0.3,0.0,0.25,0.0,0.0,0,0,0.0,0.0,0,0,0.0,0.0,0,0,0.0,27260.15,4,1,0.25,1
LGS2ORD0034121,C017742,2025-09-28 05:00:00,Other,28,Silver,Web,Bangkok,843,Shopee,COD,5,9,6,1,20-30,28.1,1.0,0.0,0.0,-1,235,1164.38,0.25,0.0,1.0,0.0,0.0,0,0,0.0,0.0,0,0,0.0,0.0,0,0,0.0,1164.38,1,0,0.0,0
LGS2ORD0034122,C013259,2025-09-28 05:00:00,Female,58,Silver,TV,Chonburi,594,TV_Show,PromptPay,5,9,6,1,>50,19.8,4.0,1.0,0.25,217,46,2756.6175,0.3,0.25,0.5,0.0,0.0,0,0,0.0,0.0,0,0,0.0,1453.3,1,0,0.0,11026.47,4,1,0.25,0
LGS2ORD0034123,C011184,2025-09-28 05:00:00,Female,25,Bronze,TV,Phuket,905,Lazada,Credit_Card,5,9,6,1,20-30,30.166666666666668,4.0,0.0,0.0,-1,48,8606.02,0.23,0.25,0.25,0.0,0.0,0,0,0.0,0.0,0,0,0.0,30004.899999999998,3,0,0.0,34424.08,4,0,0.0,0
LGS2ORD0034124,C013784,2025-09-28 06:00:00,Male,27,Bronze,TV,Nakhon Ratchasima,1333,TV_Show,COD,6,9,6,1,20-30,44.43333333333333,4.0,1.0,0.25,139,145,1113.5375,0.28,0.5,0.25,0.0,0.0,0,0,0.0,0.0,0,0,0.0,0.0,0,0,0.0,4454.15,4,1,0.25,0
LGS2ORD0034125,C011957,2025-09-28 06:00:00,Male,53,Gold,Web,Songkhla,669,CallCenter,COD,6,9,6,1,>50,22.3,5.0,2.0,0.4,148,92,3651.792,0.33,0.4,0.4,0.0,0.0,0,0,0.0,0.0,0,0,0.0,0.0,0,0,0.0,18258.96,5,2,0.4,1
LGS2ORD0034126,C014183,2025-09-28 06:00:00,Female,33,Silver,Lazada,Nakhon Ratchasima,595,Web,Bank_Transfer,6,9,6,1,30-40,19.833333333333332,5.0,1.0,0.2,73,69,4198.252,0.2,0.6,0.0,0.0,0.0,0,0,0.0,0.0,0,0,0.0,14663.18,2,1,0.5,20991.260000000002,5,1,0.2,0
LGS2ORD0034127,C010754,2025-09-28 06:00:00,Female,40,Gold,Shopee,Chonburi,1409,TV_Show,COD,6,9,6,1,30-40,46.96666666666667,1.0,0.0,0.0,-1,122,5488.61,0.2299999999999999,0.0,1.0,0.0,0.0,0,0,0.0,0.0,0,0,0.0,0.0,0,0,0.0,5488.61,1,0,0.0,0
LGS2ORD0034128,C015590,2025-09-28 06:00:00,Male,46,Bronze,Web,Chonburi,1685,Web,PromptPay,6,9,6,1,40-50,56.166666666666664,5.0,1.0,0.2,253,165,3398.62,0.13,0.6,0.0,0.0,0.0,0,0,0.0,0.0,0,0,0.0,0.0,0,0,0.0,16993.1,5,1,0.2,0
LGS2ORD0034129,C016395,2025-09-28 06:00:00,Male,45,Bronze,Shopee,Nakhon Ratchasima,1166,CallCenter,COD,6,9,6,1,40-50,38.86666666666667,10.0,3.0,0.3,145,1,5053.822999999999,0.28,0.4,0.4,0.0,23298.570000000003,3,0,0.0,23298.570000000003,3,0,0.0,23298.570000000003,3,0,0.0,50538.229999999996,10,3,0.3,0
LGS2ORD0034130,C013877,2025-09-28 07:00:00,Male,23,Gold,Shopee,Chiang Mai,475,Shopee,COD,7,9,6,1,20-30,15.833333333333334,2.0,2.0,1.0,2,6,10201.11,0.33,0.5,0.5,0.0,1304.24,1,1,1.0,1304.24,1,1,1.0,20402.22,2,2,1.0,20402.22,2,2,1.0,1
LGS2ORD0034131,C014163,2025-09-28 07:00:00,Male,44,Gold,Web,Chonburi,583,TV_Show,Credit_Card,7,9,6,1,40-50,19.433333333333334,2.0,0.0,0.0,-1,174,10550.810000000001,0.28,0.0,1.0,0.0,0.0,0,0,0.0,0.0,0,0,0.0,0.0,0,0,0.0,21101.620000000003,2,0,0.0,0
LGS2ORD0034132,C010065,2025-09-28 07:00:00,Male,38,Bronze,CallCenter,Khon Kaen,1728,TV_Show,COD,7,9,6,1,30-40,57.6,8.0,0.0,0.0,-1,22,3082.2000000000003,0.28,0.375,0.5,0.0,0.0,0,0,0.0,362.82,1,0,0.0,9906.36,4,0,0.0,24657.600000000002,8,0,0.0,0
LGS2ORD0034133,C016312,2025-09-28 07:00:00,Male,38,Bronze,Shopee,Bangkok,1550,Lazada,Bank_Transfer,7,9,6,1,30-40,51.666666666666664,5.0,1.0,0.2,142,22,8024.252,0.23,0.6,0.4,0.0,0.0,0,0,0.0,4011.26,1,0,0.0,4011.26,1,0,0.0,40121.26,5,1,0.2,0
LGS2ORD0034134,C016938,2025-09-28 07:00:00,Male,18,Silver,Shopee,Bangkok,1067,CallCenter,COD,7,9,6,1,<20,35.56666666666667,10.0,3.0,0.3,142,7,4839.241,0.2,0.7,0.0,0.0,0.0,0,0,0.0,3674.74,1,0,0.0,13219.640000000001,4,0,0.0,48392.409999999996,10,3,0.3,0
LGS2ORD0034135,C014753,2025-09-28 08:00:00,Female,48,Gold,Shopee,Bangkok,1336,Lazada,Credit_Card,8,9,6,1,40-50,44.53333333333333,7.0,1.0,0.14285714285714285,168,46,4714.0085714285715,0.33,0.42857142857142855,0.42857142857142855,0.0,0.0,0,0,0.0,0.0,0,0,0.0,7369.07,2,0,0.0,32998.06,7,1,0.14285714285714285,0
LGS2ORD0034136,C013186,2025-09-28 08:00:00,Female,40,Silver,Web,Chonburi,985,TV_Show,PromptPay,8,9,6,1,30-40,32.833333333333336,3.0,2.0,0.6666666666666666,104,110,22888.179999999997,0.1,0.3333333333333333,0.0,0.0,0.0,0,0,0.0,0.0,0,0,0.0,0.0,0,0,0.0,68664.54,3,2,0.6666666666666666,0
LGS2ORD0034137,C010125,2025-09-28 08:00:00,Female,25,Silver,TV,Phuket,1705,Shopee,PromptPay,8,9,6,1,20-30,56.833333333333336,3.0,2.0,0.6666666666666666,177,65,7433.206666666666,0.25,0.3333333333333333,0.3333333333333333,0.0,0.0,0,0,0.0,0.0,0,0,0.0,16747.25,1,0,0.0,22299.62,3,2,0.6666666666666666,0
LGS2ORD0034138,C015115,2025-09-28 08:00:00,Female,53,Gold,Lazada,Phuket,422,Lazada,Bank_Transfer,8,9,6,1,>50,14.066666666666666,4.0,1.0,0.25,38,43,7749.6050000000005,0.2299999999999999,0.25,0.25,0.0,0.0,0,0,0.0,0.0,0,0,0.0,28546.18,3,1,0.3333333333333333,30998.420000000002,4,1,0.25,0
LGS2ORD0034139,C011255,2025-09-28 08:00:00,Male,36,Silver,TV,Nakhon Ratchasima,457,CallCenter,PromptPay,8,9,6,1,30-40,15.233333333333333,5.0,1.0,0.2,39,26,12785.142,0.2,0.4,0.0,0.0,0.0,0,0,0.0,1371.38,1,0,0.0,3511.4700000000003,2,1,0.5,63925.71,5,1,0.2,0
LGS2ORD0034140,C013957,2025-09-28 09:00:00,Female,65,Bronze,Lazada,Khon Kaen,633,Shopee,Bank_Transfer,9,9,6,1,>50,21.1,6.0,1.0,0.16666666666666666,81,35,2714.876666666667,0.18,0.5,0.0,0.0,0.0,0,0,0.0,0.0,0,0,0.0,13189.529999999999,5,1,0.2,16289.260000000002,6,1,0.16666666666666666,0
LGS2ORD0034141,C017255,2025-09-28 09:00:00,Male,34,Silver,TV,Chiang Mai,1412,TV_Show,PromptPay,9,9,6,1,30-40,47.06666666666667,1.0,0.0,0.0,-1,47,1763.72,0.05,0.0,0.0,0.0,0.0,0,0,0.0,0.0,0,0,0.0,1763.72,1,0,0.0,1763.72,1,0,0.0,0
LGS2ORD0034142,C013727,2025-09-28 09:00:00,Male,41,Bronze,Web,Phuket,975,Shopee,COD,9,9,6,1,40-50,32.5,6.0,4.0,0.6666666666666666,138,109,3767.1783333333333,0.23,0.8333333333333334,0.16666666666666666,0.0,0.0,0,0,0.0,0.0,0,0,0.0,0.0,0,0,0.0,22603.07,6,4,0.6666666666666666,1
LGS2ORD0034143,C015300,2025-09-28 09:00:00,Female,39,Silver,Web,Chonburi,1675,CallCenter,Credit_Card,9,9,6,1,30-40,55.833333333333336,3.0,0.0,0.0,-1,47,4727.056666666666,0.3,0.3333333333333333,0.3333333333333333,0.0,0.0,0,0,0.0,0.0,0,0,0.0,7949.4,1,0,0.0,14181.17,3,0,0.0,0
LGS2ORD0034144,C015193,2025-09-28 09:00:00,Male,38,Bronze,TV,Bangkok,1382,Web,Credit_Card,9,9,6,1,30-40,46.06666666666667,3.0,0.0,0.0,-1,52,3175.0399999999995,0.18,0.0,0.0,0.0,0.0,0,0,0.0,0.0,0,0,0.0,1008.15,2,0,0.0,9525.119999999999,3,0,0.0,0
LGS2ORD0034145,C013732,2025-09-28 10:00:00,Female,24,Silver,Lazada,Chiang Mai,1238,Shopee,PromptPay,10,9,6,1,20-30,41.266666666666666,2.0,0.0,0.0,-1,64,21930.845,0.15,0.5,0.0,0.0,0.0,0,0,0.0,0.0,0,0,0.0,4876.16,1,0,0.0,43861.69,2,0,0.0,0
LGS2ORD0034146,C012486,2025-09-28 10:00:00,Male,56,Platinum,Lazada,Bangkok,453,TV_Show,Credit_Card,10,9,6,1,>50,15.1,3.0,0.0,0.0,-1,89,1497.91,0.2,0.6666666666666666,0.0,0.0,0.0,0,0,0.0,0.0,0,0,0.0,1073.18,1,0,0.0,4493.7300000000005,3,0,0.0,0
LGS2ORD0034147,C015990,2025-09-28 10:00:00,Female,47,Platinum,Web,Bangkok,1447,TV_Show,COD,10,9,6,1,40-50,48.233333333333334,1.0,0.0,0.0,-1,134,575.03,0.2,0.0,0.0,0.0,0.0,0,0,0.0,0.0,0,0,0.0,0.0,0,0,0.0,575.03,1,0,0.0,0
LGS2ORD0034148,C012719,2025-09-28 10:00:00,Male,62,Silver,Shopee,Chiang Mai,1393,Lazada,COD,10,9,6,1,>50,46.43333333333333,5.0,0.0,0.0,-1,12,8551.101999999999,0.25,0.6,0.6,0.0,0.0,0,0,0.0,6719.28,1,0,0.0,14628.57,2,0,0.0,42755.509999999995,5,0,0.0,0
LGS2ORD0034149,C013004,2025-09-28 10:00:00,Female,34,Bronze,CallCenter,Chonburi,777,CallCenter,COD,10,9,6,1,30-40,25.9,2.0,1.0,0.5,27,34,12743.105,0.18,1.0,0.0,0.0,0.0,0,0,0.0,0.0,0,0,0.0,13320.16,1,1,1.0,25486.21,2,1,0.5,1
LGS2ORD0034150,C013163,2025-09-28 10:00:00,Female,48,Bronze,Shopee,Chiang Mai,576,Lazada,COD,10,9,6,1,40-50,19.2,5.0,1.0,0.2,218,17,7472.409999999999,0.28,0.4,0.4,0.0,0.0,0,0,0.0,917.34,1,0,0.0,18171.76,3,0,0.0,37362.049999999996,5,1,0.2,0
LGS2ORD0034151,C015338,2025-09-28 11:00:00,Female,45,Silver,Web,Chonburi,478,Web,Bank_Transfer,11,9,6,1,40-50,15.933333333333334,7.0,2.0,0.2857142857142857,2,8,4601.628571428571,0.2,0.2857142857142857,0.0,0.0,0.0,0,0,0.0,11632.619999999999,2,1,0.5,12366.039999999999,3,1,0.3333333333333333,32211.399999999998,7,2,0.2857142857142857,0
LGS2ORD0034152,C011437,2025-09-28 11:00:00,Female,33,Silver,Web,Songkhla,1414,TV_Show,Credit_Card,11,9,6,1,30-40,47.13333333333333,4.0,2.0,0.5,193,21,3503.0649999999996,0.25,0.25,0.25,0.0,0.0,0,0,0.0,2438.14,1,0,0.0,2438.14,1,0,0.0,14012.259999999998,4,2,0.5,0
LGS2ORD0034153,C015120,2025-09-28 11:00:00,Female,22,Silver,Web,Bangkok,1391,TV_Show,COD,11,9,6,1,20-30,46.36666666666667,5.0,0.0,0.0,-1,32,7533.0419999999995,0.3,0.4,0.2,0.0,0.0,0,0,0.0,0.0,0,0,0.0,7801.95,1,0,0.0,37665.21,5,0,0.0,0
LGS2ORD0034154,C014876,2025-09-28 11:00:00,Male,41,Gold,Shopee,Remote_Area,1645,CallCenter,Bank_Transfer,11,9,6,1,40-50,54.833333333333336,4.0,1.0,0.25,97,64,1732.5950000000003,0.33,0.25,0.75,0.0,0.0,0,0,0.0,0.0,0,0,0.0,797.39,1,0,0.0,6930.380000000001,4,1,0.25,0
LGS2ORD0034155,C011139,2025-09-28 11:00:00,Male,47,Bronze,TV,Songkhla,1407,Web,COD,11,9,6,1,40-50,46.9,6.0,2.0,0.3333333333333333,77,22,3270.4449999999997,0.23,0.3333333333333333,0.16666666666666666,0.0,0.0,0,0,0.0,1075.3,1,0,0.0,4276.83,3,1,0.3333333333333333,19622.67,6,2,0.3333333333333333,0
LGS2ORD0034156,C010635,2025-09-28 12:00:00,Female,32,Bronze,TV,Remote_Area,950,TV_Show,Credit_Card,12,9,6,1,30-40,31.666666666666668,2.0,1.0,0.5,151,88,5037.745,0.18,1.0,0.0,0.0,0.0,0,0,0.0,0.0,0,0,0.0,2399.9,1,0,0.0,10075.49,2,1,0.5,1
LGS2ORD0034157,C017206,2025-09-28 12:00:00,Male,49,Bronze,Lazada,Bangkok,874,Web,PromptPay,12,9,6,1,40-50,29.133333333333333,5.0,1.0,0.2,76,2,4150.224,0.18,0.4,0.0,0.0,3285.37,1,0,0.0,3285.37,1,0,0.0,5388.04,2,1,0.5,20751.12,5,1,0.2,0
LGS2ORD0034158,C010629,2025-09-28 12:00:00,Male,30,Gold,Shopee,Chiang Mai,1528,Shopee,COD,12,9,6,1,20-30,50.93333333333333,2.0,0.0,0.0,-1,2,16540.100000000002,0.2299999999999999,0.5,0.5,0.0,29447.97,1,0,0.0,29447.97,1,0,0.0,33080.200000000004,2,0,0.0,33080.200000000004,2,0,0.0,0
LGS2ORD0034159,C014024,2025-09-28 12:00:00,Male,36,Gold,CallCenter,Chiang Mai,335,Lazada,Credit_Card,12,9,6,1,30-40,11.166666666666666,5.0,1.0,0.2,139,26,10837.026000000002,0.28,0.6,0.6,0.0,0.0,0,0,0.0,4027.54,1,0,0.0,20575.370000000003,2,0,0.0,54185.130000000005,5,1,0.2,1
LGS2ORD0034160,C015077,2025-09-28 12:00:00,Male,60,Bronze,Shopee,Chonburi,1082,Web,COD,12,9,6,1,>50,36.06666666666667,5.0,0.0,0.0,-1,77,6930.174000000001,0.23,0.8,0.2,0.0,0.0,0,0,0.0,0.0,0,0,0.0,6782.03,1,0,0.0,34650.87,5,0,0.0,0
LGS2ORD0034161,C010698,2025-09-28 13:00:00,Male,44,Gold,Shopee,Chonburi,471,Web,COD,13,9,6,1,40-50,15.7,4.0,2.0,0.5,-2,6,3716.635,0.33,0.75,0.75,0.0,2744.09,1,1,1.0,2744.09,1,1,1.0,2744.09,1,1,1.0,14866.54,4,2,0.5,0
LGS2ORD0034162,C015064,2025-09-28 13:00:00,Female,46,Bronze,TV,Remote_Area,945,Lazada,COD,13,9,6,1,40-50,31.5,8.0,4.0,0.5,-3,4,4662.12,0.28,0.625,0.5,0.0,1854.91,1,1,1.0,9544.1,2,2,1.0,11574.369999999999,3,2,0.6666666666666666,37296.96,8,4,0.5,0
LGS2ORD0034163,C012146,2025-09-28 13:00:00,Female,37,Bronze,Lazada,Bangkok,590,TV_Show,COD,13,9,6,1,30-40,19.666666666666668,5.0,0.0,0.0,-1,2,4673.49,0.28,0.8,0.2,0.0,11575.43,1,0,0.0,11575.43,1,0,0.0,14967.84,2,0,0.0,23367.45,5,0,0.0,0
LGS2ORD0034164,C011442,2025-09-28 13:00:00,Female,59,Silver,TV,Phuket,548,TV_Show,COD,13,9,6,1,>50,18.266666666666666,2.0,1.0,0.5,14,25,3173.4199999999996,0.3,1.0,0.5,0.0,0.0,0,0,0.0,5054.48,1,1,1.0,5054.48,1,1,1.0,6346.839999999999,2,1,0.5,1
LGS2ORD0034165,C013669,2025-09-28 13:00:00,Female,54,Bronze,Shopee,Phuket,736,CallCenter,COD,13,9,6,1,>50,24.533333333333335,7.0,3.0,0.42857142857142855,21,22,3462.452857142857,0.23,0.5714285714285714,0.14285714285714285,0.0,0.0,0,0,0.0,12589.83,1,0,0.0,17585.41,4,2,0.5,24237.17,7,3,0.42857142857142855,0
LGS2ORD0034166,C010439,2025-09-28 14:00:00,Female,48,Bronze,TV,Bangkok,1253,Web,PromptPay,14,9,6,1,40-50,41.766666666666666,11.0,3.0,0.2727272727272727,47,6,2577.5436363636363,0.23,0.7272727272727273,0.09090909090909091,0.0,2012.43,1,0,0.0,2012.43,1,0,0.0,7725.09,3,1,0.3333333333333333,28352.98,11,3,0.2727272727272727,0
LGS2ORD0034167,C011674,2025-09-28 14:00:00,Male,45,Gold,Web,Phuket,1585,Lazada,PromptPay,14,9,6,1,40-50,52.833333333333336,3.0,0.0,0.0,-1,90,4692.05,0.13,0.3333333333333333,0.0,0.0,0.0,0,0,0.0,0.0,0,0,0.0,0.0,0,0,0.0,14076.15,3,0,0.0,0
LGS2ORD0034168,C014856,2025-09-28 14:00:00,Male,36,Silver,TV,Nakhon Ratchasima,1313,CallCenter,Credit_Card,14,9,6,1,30-40,43.766666666666666,3.0,1.0,0.3333333333333333,60,74,5406.243333333333,0.1,0.6666666666666666,0.0,0.0,0.0,0,0,0.0,0.0,0,0,0.0,484.2,1,1,1.0,16218.73,3,1,0.3333333333333333,0
LGS2ORD0034169,C013468,2025-09-28 14:00:00,Male,34,Bronze,TV,Bangkok,1042,CallCenter,PromptPay,14,9,6,1,30-40,34.733333333333334,1.0,0.0,0.0,-1,128,905.67,0.23,1.0,1.0,0.0,0.0,0,0,0.0,0.0,0,0,0.0,0.0,0,0,0.0,905.67,1,0,0.0,0
LGS2ORD0034170,C017815,2025-09-28 14:00:00,Female,55,Bronze,Shopee,Chiang Mai,1676,TV_Show,COD,14,9,6,1,>50,55.86666666666667,3.0,0.0,0.0,-1,48,6783.653333333333,0.13,0.6666666666666666,0.0,0.0,0.0,0,0,0.0,0.0,0,0,0.0,5374.3,1,0,0.0,20350.96,3,0,0.0,1
LGS2ORD0034171,C015106,2025-09-28 14:00:00,Female,32,Bronze,Shopee,Bangkok,1053,Web,Credit_Card,14,9,6,1,30-40,35.1,6.0,2.0,0.3333333333333333,117,89,4213.678333333332,0.28,0.6666666666666666,0.6666666666666666,0.0,0.0,0,0,0.0,0.0,0,0,0.0,6169.0,1,0,0.0,25282.069999999996,6,2,0.3333333333333333,0
LGS2ORD0034172,C011295,2025-09-28 15:00:00,Female,44,Silver,Lazada,Bangkok,583,Shopee,COD,15,9,6,1,40-50,19.433333333333334,6.0,0.0,0.0,-1,6,6968.451666666667,0.25,0.3333333333333333,0.3333333333333333,0.0,29568.23,1,0,0.0,29568.23,1,0,0.0,33661.04,3,0,0.0,41810.71,6,0,0.0,1
LGS2ORD0034173,C011661,2025-09-28 15:00:00,Male,43,Bronze,TV,Bangkok,1410,Web,COD,15,9,6,1,40-50,47.0,4.0,3.0,0.75,101,74,7637.5375,0.28,0.75,0.75,0.0,0.0,0,0,0.0,0.0,0,0,0.0,2042.91,1,0,0.0,30550.15,4,3,0.75,0
LGS2ORD0034174,C014574,2025-09-28 15:00:00,Female,22,Silver,TV,Bangkok,1383,Lazada,COD,15,9,6,1,20-30,46.1,4.0,0.0,0.0,-1,35,2250.5474999999997,0.25,0.5,0.25,0.0,0.0,0,0,0.0,0.0,0,0,0.0,1157.89,1,0,0.0,9002.189999999999,4,0,0.0,0
LGS2ORD0034175,C013244,2025-09-28 15:00:00,Female,24,Silver,Lazada,Nakhon Ratchasima,1205,Lazada,Bank_Transfer,15,9,6,1,20-30,40.166666666666664,1.0,0.0,0.0,-1,184,4158.13,0.1,0.0,0.0,0.0,0.0,0,0,0.0,0.0,0,0,0.0,0.0,0,0,0.0,4158.13,1,0,0.0,0
LGS2ORD0034176,C016997,2025-09-28 15:00:00,Male,23,Bronze,TV,Nakhon Ratchasima,1223,Lazada,COD,15,9,6,1,20-30,40.766666666666666,5.0,1.0,0.2,47,19,11304.642000000002,0.28,0.4,0.2,0.0,0.0,0,0,0.0,23075.13,1,0,0.0,26812.23,2,1,0.5,56523.21000000001,5,1,0.2,0
LGS2ORD0034177,C012752,2025-09-28 16:00:00,Male,71,Bronze,TV,Nakhon Ratchasima,1321,TV_Show,Credit_Card,16,9,6,1,>50,44.03333333333333,5.0,1.0,0.2,185,27,4853.706,0.18,0.8,0.0,0.0,0.0,0,0,0.0,10176.71,2,0,0.0,10176.71,2,0,0.0,24268.53,5,1,0.2,0
LGS2ORD0034178,C017297,2025-09-28 16:00:00,Male,38,Gold,TV,Nakhon Ratchasima,571,TV_Show,Credit_Card,16,9,6,1,30-40,19.033333333333335,4.0,0.0,0.0,-1,5,6106.43,0.28,0.5,0.5,0.0,11083.49,1,0,0.0,11083.49,1,0,0.0,24425.72,4,0,0.0,24425.72,4,0,0.0,1
LGS2ORD0034179,C011493,2025-09-28 16:00:00,Female,40,Gold,TV,Chiang Mai,1229,Web,Credit_Card,16,9,6,1,30-40,40.96666666666667,5.0,0.0,0.0,-1,30,12145.882000000001,0.33,1.0,0.4,0.0,0.0,0,0,0.0,11594.26,1,0,0.0,13398.51,2,0,0.0,60729.41,5,0,0.0,0
LGS2ORD0034180,C013959,2025-09-28 16:00:00,Female,60,Silver,Shopee,Khon Kaen,938,Web,COD,16,9,6,1,>50,31.266666666666666,4.0,1.0,0.25,209,38,7607.955000000001,0.25,1.0,0.5,0.0,0.0,0,0,0.0,0.0,0,0,0.0,11195.62,2,0,0.0,30431.820000000003,4,1,0.25,0
LGS2ORD0034181,C010886,2025-09-28 16:00:00,Female,53,Gold,TV,Chonburi,1560,CallCenter,Credit_Card,16,9,6,1,>50,52.0,4.0,1.0,0.25,46,3,2778.1225,0.2299999999999999,0.5,0.5,0.0,3650.22,1,0,0.0,3650.22,1,0,0.0,6393.86,2,1,0.5,11112.49,4,1,0.25,0
LGS2ORD0034182,C012236,2025-09-28 17:00:00,Male,25,Bronze,Shopee,Nakhon Ratchasima,675,TV_Show,Credit_Card,17,9,6,1,20-30,22.5,10.0,1.0,0.1,40,49,7000.992,0.28,0.2,0.2,0.0,0.0,0,0,0.0,0.0,0,0,0.0,29633.72,1,1,1.0,70009.92,10,1,0.1,0
LGS2ORD0034183,C013228,2025-09-28 17:00:00,Female,42,Silver,TV,Bangkok,650,Web,COD,17,9,6,1,40-50,21.666666666666668,3.0,0.0,0.0,-1,52,12784.096666666666,0.2,0.6666666666666666,0.0,0.0,0.0,0,0,0.0,0.0,0,0,0.0,29693.93,1,0,0.0,38352.29,3,0,0.0,0
LGS2ORD0034184,C013499,2025-09-28 17:00:00,Male,36,Bronze,Web,Khon Kaen,931,Web,COD,17,9,6,1,30-40,31.033333333333335,9.0,2.0,0.2222222222222222,115,6,3174.2522222222224,0.28,0.4444444444444444,0.3333333333333333,0.0,9725.84,1,0,0.0,12218.32,2,0,0.0,12218.32,2,0,0.0,28568.27,9,2,0.2222222222222222,0
LGS2ORD0034185,C017974,2025-09-28 17:00:00,Male,51,Gold,TV,Nakhon Ratchasima,1311,Shopee,COD,17,9,6,1,>50,43.7,0.0,0.0,0.0,-1,-1,0.0,0.0,0.0,0.0,0.0,0.0,0,0,0.0,0.0,0,0,0.0,0.0,0,0,0.0,0.0,0,0,0.0,0
LGS2ORD0034186,C011051,2025-09-28 17:00:00,Female,40,Bronze,TV,Phuket,823,Shopee,PromptPay,17,9,6,1,30-40,27.433333333333334,5.0,2.0,0.4,10,19,3828.9559999999997,0.28,0.8,0.6,0.0,0.0,0,0,0.0,11514.230000000001,3,2,0.6666666666666666,18572.32,4,2,0.5,19144.78,5,2,0.4,1
LGS2ORD0034187,C010915,2025-09-28 18:00:00,Male,47,Bronze,Lazada,Bangkok,1340,TV_Show,COD,18,9,6,1,40-50,44.666666666666664,6.0,1.0,0.16666666666666666,224,79,7020.216666666666,0.23,0.5,0.16666666666666666,0.0,0.0,0,0,0.0,0.0,0,0,0.0,9049.96,1,0,0.0,42121.299999999996,6,1,0.16666666666666666,0
LGS2ORD0034188,C015482,2025-09-28 18:00:00,Female,49,Silver,Lazada,Chiang Mai,1493,Web,Credit_Card,18,9,6,1,40-50,49.766666666666666,2.0,0.0,0.0,-1,51,1661.2949999999998,0.2,0.0,0.0,0.0,0.0,0,0,0.0,0.0,0,0,0.0,2547.49,1,0,0.0,3322.5899999999997,2,0,0.0,0
LGS2ORD0034189,C010750,2025-09-28 18:00:00,Male,35,Silver,Lazada,Remote_Area,342,Lazada,PromptPay,18,9,6,1,30-40,11.4,6.0,1.0,0.16666666666666666,134,43,3097.9900000000002,0.25,0.5,0.3333333333333333,0.0,0.0,0,0,0.0,0.0,0,0,0.0,11488.130000000001,3,0,0.0,18587.940000000002,6,1,0.16666666666666666,0
LGS2ORD0034190,C013861,2025-09-28 18:00:00,Female,32,Platinum,Lazada,Chonburi,1308,TV_Show,PromptPay,18,9,6,1,30-40,43.6,3.0,2.0,0.6666666666666666,132,147,6751.786666666667,0.3,0.6666666666666666,0.3333333333333333,0.0,0.0,0,0,0.0,0.0,0,0,0.0,0.0,0,0,0.0,20255.36,3,2,0.6666666666666666,0
LGS2ORD0034191,C011522,2025-09-28 18:00:00,Male,53,Silver,TV,Khon Kaen,388,Shopee,Bank_Transfer,18,9,6,1,>50,12.933333333333334,6.0,2.0,0.3333333333333333,30,44,6755.7316666666675,0.2,0.3333333333333333,0.0,0.0,0.0,0,0,0.0,0.0,0,0,0.0,23129.61,2,1,0.5,40534.39000000001,6,2,0.3333333333333333,0
LGS2ORD0034192,C013428,2025-09-28 18:00:00,Female,40,Bronze,TV,Bangkok,1323,TV_Show,COD,18,9,6,1,30-40,44.1,6.0,2.0,0.3333333333333333,111,28,5457.166666666666,0.28,0.6666666666666666,0.3333333333333333,0.0,0.0,0,0,0.0,1021.13,1,0,0.0,4098.09,2,0,0.0,32742.999999999996,6,2,0.3333333333333333,0
LGS2ORD0034193,C015522,2025-09-28 19:00:00,Female,31,Bronze,TV,Bangkok,506,Lazada,Credit_Card,19,9,6,1,30-40,16.866666666666667,6.0,1.0,0.16666666666666666,49,48,4345.433333333333,0.28,0.6666666666666666,0.16666666666666666,0.0,0.0,0,0,0.0,0.0,0,0,0.0,15595.189999999999,2,1,0.5,26072.6,6,1,0.16666666666666666,0
LGS2ORD0034194,C014383,2025-09-28 19:00:00,Male,32,Silver,CallCenter,Chiang Mai,451,Shopee,Credit_Card,19,9,6,1,30-40,15.033333333333333,7.0,3.0,0.42857142857142855,58,35,6076.995714285714,0.3,0.42857142857142855,0.14285714285714285,0.0,0.0,0,0,0.0,0.0,0,0,0.0,27182.870000000003,3,2,0.6666666666666666,42538.969999999994,7,3,0.42857142857142855,0
LGS2ORD0034195,C014067,2025-09-28 19:00:00,Male,38,Bronze,TV,Chiang Mai,557,TV_Show,Credit_Card,19,9,6,1,30-40,18.566666666666666,3.0,1.0,0.3333333333333333,50,49,9183.16,0.23,0.3333333333333333,0.6666666666666666,0.0,0.0,0,0,0.0,0.0,0,0,0.0,8325.11,2,1,0.5,27549.48,3,1,0.3333333333333333,0
LGS2ORD0034196,C016149,2025-09-28 19:00:00,Other,61,Gold,TV,Bangkok,854,CallCenter,COD,19,9,6,1,>50,28.466666666666665,3.0,0.0,0.0,-1,23,7596.739999999999,0.33,0.3333333333333333,0.6666666666666666,0.0,0.0,0,0,0.0,4728.8,1,0,0.0,20214.39,2,0,0.0,22790.219999999998,3,0,0.0,0
LGS2ORD0034197,C012579,2025-09-28 19:00:00,Female,41,Gold,Shopee,Khon Kaen,384,TV_Show,Credit_Card,19,9,6,1,40-50,12.8,0.0,0.0,0.0,-1,-1,0.0,0.0,0.0,0.0,0.0,0.0,0,0,0.0,0.0,0,0,0.0,0.0,0,0,0.0,0.0,0,0,0.0,0
LGS2ORD0034198,C017480,2025-09-28 20:00:00,Female,32,Bronze,Web,Khon Kaen,1293,TV_Show,COD,20,9,6,1,30-40,43.1,4.0,1.0,0.25,173,70,5004.6449999999995,0.28,0.75,0.25,0.0,0.0,0,0,0.0,0.0,0,0,0.0,7591.19,1,0,0.0,20018.579999999998,4,1,0.25,1
LGS2ORD0034199,C015064,2025-09-28 20:00:00,Female,46,Bronze,TV,Remote_Area,945,CallCenter,Credit_Card,20,9,6,1,40-50,31.5,9.0,4.0,0.4444444444444444,-3,0,4438.032222222222,0.28,0.6666666666666666,0.4444444444444444,0.0,4500.24,2,1,0.5,12189.43,3,2,0.6666666666666666,14219.699999999999,4,2,0.5,39942.29,9,4,0.4444444444444444,0
LGS2ORD0034200,C016138,2025-09-28 20:00:00,Female,66,Silver,TV,Bangkok,1464,CallCenter,Credit_Card,20,9,6,1,>50,48.8,7.0,2.0,0.2857142857142857,12,8,4548.315714285714,0.25,0.7142857142857143,0.14285714285714285,0.0,0.0,0,0,0.0,4534.91,2,1,0.5,5193.57,3,1,0.3333333333333333,31838.21,7,2,0.2857142857142857,0
LGS2ORD0034201,C014763,2025-09-28 20:00:00,Female,27,Silver,Shopee,Remote_Area,632,TV_Show,Bank_Transfer,20,9,6,1,20-30,21.066666666666666,1.0,0.0,0.0,-1,262,6256.47,0.1,0.0,0.0,0.0,0.0,0,0,0.0,0.0,0,0,0.0,0.0,0,0,0.0,6256.47,1,0,0.0,0
LGS2ORD0034202,C015074,2025-09-28 20:00:00,Female,55,Silver,Shopee,Nakhon Ratchasima,325,Web,Bank_Transfer,20,9,6,1,>50,10.833333333333334,8.0,2.0,0.25,106,58,5016.62,0.3,0.625,0.375,0.0,0.0,0,0,0.0,0.0,0,0,0.0,1138.89,1,0,0.0,40132.96,8,2,0.25,0
LGS2ORD0034203,C016869,2025-09-28 21:00:00,Male,52,Bronze,Shopee,Khon Kaen,1134,Lazada,Credit_Card,21,9,6,1,>50,37.8,6.0,0.0,0.0,-1,33,3383.861666666667,0.28,0.8333333333333334,0.6666666666666666,0.0,0.0,0,0,0.0,0.0,0,0,0.0,5989.6900000000005,2,0,0.0,20303.170000000002,6,0,0.0,0
LGS2ORD0034204,C016729,2025-09-28 21:00:00,Male,43,Silver,Web,Bangkok,458,TV_Show,COD,21,9,6,1,40-50,15.266666666666667,6.0,0.0,0.0,-1,36,4940.555,0.25,0.3333333333333333,0.5,0.0,0.0,0,0,0.0,0.0,0,0,0.0,20926.67,3,0,0.0,29643.33,6,0,0.0,0
LGS2ORD0034205,C015298,2025-09-28 21:00:00,Female,42,Silver,Web,Bangkok,678,Lazada,COD,21,9,6,1,40-50,22.6,7.0,3.0,0.42857142857142855,9,20,6460.948571428571,0.3,0.2857142857142857,0.14285714285714285,0.0,0.0,0,0,0.0,7198.08,1,1,1.0,12575.93,2,2,1.0,45226.64,7,3,0.42857142857142855,0
LGS2ORD0034206,C014624,2025-09-28 21:00:00,Male,39,Bronze,Shopee,Khon Kaen,1705,Lazada,PromptPay,21,9,6,1,30-40,56.833333333333336,4.0,1.0,0.25,202,15,7421.769999999999,0.28,0.75,0.5,0.0,0.0,0,0,0.0,726.78,1,0,0.0,17461.789999999997,2,0,0.0,29687.079999999994,4,1,0.25,0
LGS2ORD0034207,C010796,2025-09-28 21:00:00,Male,53,Bronze,Web,Bangkok,1544,Web,PromptPay,21,9,6,1,>50,51.46666666666667,7.0,1.0,0.14285714285714285,132,5,2336.4371428571426,0.23,0.42857142857142855,0.14285714285714285,0.0,1808.03,1,0,0.0,1808.03,1,0,0.0,4686.18,2,0,0.0,16355.06,7,1,0.14285714285714285,0
LGS2ORD0034208,C010420,2025-09-28 22:00:00,Male,52,Platinum,Shopee,Songkhla,704,Web,Credit_Card,22,9,6,1,>50,23.466666666666665,6.0,1.0,0.16666666666666666,36,12,3678.35,0.3,0.5,0.5,0.0,0.0,0,0,0.0,4923.45,1,0,0.0,13301.41,4,1,0.25,22070.1,6,1,0.16666666666666666,0
LGS2ORD0034209,C011185,2025-09-28 22:00:00,Male,31,Gold,Shopee,Chiang Mai,1315,Shopee,Bank_Transfer,22,9,6,1,30-40,43.833333333333336,4.0,1.0,0.25,171,119,6548.0975,0.13,0.75,0.0,0.0,0.0,0,0,0.0,0.0,0,0,0.0,0.0,0,0,0.0,26192.39,4,1,0.25,0
LGS2ORD0034210,C017063,2025-09-28 22:00:00,Male,61,Bronze,TV,Remote_Area,1371,Lazada,COD,22,9,6,1,>50,45.7,7.0,1.0,0.14285714285714285,0,14,5023.245714285715,0.28,0.5714285714285714,0.2857142857142857,0.0,0.0,0,0,0.0,20613.41,4,1,0.25,26137.73,5,1,0.2,35162.72,7,1,0.14285714285714285,0
LGS2ORD0034211,C012413,2025-09-28 22:00:00,Female,55,Bronze,TV,Chiang Mai,752,Lazada,COD,22,9,6,1,>50,25.066666666666666,2.0,1.0,0.5,248,80,4221.025,0.18,0.5,0.0,0.0,0.0,0,0,0.0,0.0,0,0,0.0,6927.75,1,0,0.0,8442.05,2,1,0.5,0
LGS2ORD0034212,C012675,2025-09-28 22:00:00,Male,64,Bronze,TV,Phuket,772,Web,COD,22,9,6,1,>50,25.733333333333334,5.0,1.0,0.2,215,2,1940.408,0.28,0.8,0.4,0.0,3318.36,1,0,0.0,3318.36,1,0,0.0,5466.0599999999995,2,0,0.0,9702.039999999999,5,1,0.2,0
LGS2ORD0034213,C010282,2025-09-28 22:00:00,Male,37,Bronze,Shopee,Songkhla,493,Shopee,COD,22,9,6,1,30-40,16.433333333333334,3.0,0.0,0.0,-1,53,3656.036666666667,0.23,0.6666666666666666,0.3333333333333333,0.0,0.0,0,0,0.0,0.0,0,0,0.0,2261.04,1,0,0.0,10968.11,3,0,0.0,0
LGS2ORD0034214,C012086,2025-09-28 23:00:00,Male,62,Silver,Shopee,Bangkok,1544,TV_Show,COD,23,9,6,1,>50,51.46666666666667,7.0,1.0,0.14285714285714285,83,84,6351.319999999999,0.3,0.42857142857142855,0.2857142857142857,0.0,0.0,0,0,0.0,0.0,0,0,0.0,4619.48,1,0,0.0,44459.23999999999,7,1,0.14285714285714285,0
LGS2ORD0034215,C016618,2025-09-28 23:00:00,Male,67,Bronze,TV,Khon Kaen,423,TV_Show,COD,23,9,6,1,>50,14.1,4.0,0.0,0.0,-1,7,5320.6425,0.23,0.75,0.25,0.0,0.0,0,0,0.0,9491.19,1,0,0.0,9491.19,1,0,0.0,21282.57,4,0,0.0,1
LGS2ORD0034216,C010755,2025-09-28 23:00:00,Male,29,Gold,CallCenter,Bangkok,426,Web,COD,23,9,6,1,20-30,14.2,2.0,0.0,0.0,-1,26,11361.865,0.2299999999999999,1.0,0.5,0.0,0.0,0,0,0.0,15143.03,1,0,0.0,15143.03,1,0,0.0,22723.73,2,0,0.0,0
LGS2ORD0034217,C017909,2025-09-28 23:00:00,Female,35,Platinum,Web,Bangkok,567,TV_Show,COD,23,9,6,1,30-40,18.9,4.0,0.0,0.0,-1,1,1605.0575,0.3,0.75,0.75,0.0,1397.92,1,0,0.0,1397.92,1,0,0.0,4265.57,2,0,0.0,6420.23,4,0,0.0,1
LGS2ORD0034218,C014974,2025-09-28 23:00:00,Male,52,Silver,Shopee,Phuket,1122,Lazada,COD,23,9,6,1,>50,37.4,5.0,4.0,0.8,120,83,3250.0340000000006,0.25,0.6,0.4,0.0,0.0,0,0,0.0,0.0,0,0,0.0,1253.62,1,0,0.0,16250.170000000002,5,4,0.8,1
LGS2ORD0034219,C016554,2025-09-29 00:00:00,Female,39,Bronze,TV,Chiang Mai,1027,Web,COD,0,9,0,0,30-40,34.233333333333334,7.0,1.0,0.14285714285714285,213,75,11952.710000000001,0.28,0.7142857142857143,0.2857142857142857,0.0,0.0,0,0,0.0,0.0,0,0,0.0,1993.71,1,0,0.0,83668.97,7,1,0.14285714285714285,0
LGS2ORD0034220,C013515,2025-09-29 00:00:00,Male,32,Bronze,TV,Remote_Area,492,TV_Show,PromptPay,0,9,0,0,30-40,16.4,10.0,6.0,0.6,0,9,2692.055,0.28,0.7,0.1,0.0,0.0,0,0,0.0,8960.21,3,2,0.6666666666666666,8960.21,3,2,0.6666666666666666,26920.55,10,6,0.6,0
LGS2ORD0034221,C013528,2025-09-29 00:00:00,Female,64,Silver,Shopee,Remote_Area,1322,Web,Credit_Card,0,9,0,0,>50,44.06666666666667,6.0,3.0,0.5,63,78,8344.176666666668,0.2,0.6666666666666666,0.0,0.0,0.0,0,0,0.0,0.0,0,0,0.0,5002.56,1,1,1.0,50065.060000000005,6,3,0.5,0
LGS2ORD0034222,C011312,2025-09-29 00:00:00,Male,66,Silver,Web,Bangkok,972,Lazada,COD,0,9,0,0,>50,32.4,3.0,1.0,0.3333333333333333,202,133,7144.223333333332,0.25,0.0,0.3333333333333333,0.0,0.0,0,0,0.0,0.0,0,0,0.0,0.0,0,0,0.0,21432.67,3,1,0.3333333333333333,0
LGS2ORD0034223,C010291,2025-09-29 00:00:00,Female,53,Bronze,Lazada,Khon Kaen,1116,Lazada,PromptPay,0,9,0,0,>50,37.2,4.0,1.0,0.25,109,49,18172.19,0.18,0.5,0.0,0.0,0.0,0,0,0.0,0.0,0,0,0.0,7625.79,1,0,0.0,72688.76,4,1,0.25,1
LGS2ORD0034224,C013924,2025-09-29 01:00:00,Male,46,Bronze,CallCenter,Bangkok,1148,Web,Credit_Card,1,9,0,0,40-50,38.266666666666666,6.0,2.0,0.3333333333333333,56,13,1736.1566666666668,0.28,0.6666666666666666,0.5,0.0,0.0,0,0,0.0,537.33,1,0,0.0,4175.33,3,1,0.3333333333333333,10416.94,6,2,0.3333333333333333,1
LGS2ORD0034225,C011622,2025-09-29 01:00:00,Male,48,Silver,Lazada,Khon Kaen,769,Web,PromptPay,1,9,0,0,40-50,25.633333333333333,5.0,2.0,0.4,118,58,3249.4399999999996,0.3,0.4,0.4,0.0,0.0,0,0,0.0,0.0,0,0,0.0,4211.76,1,0,0.0,16247.199999999999,5,2,0.4,0
LGS2ORD0034226,C016898,2025-09-29 01:00:00,Female,49,Bronze,Shopee,Phuket,1538,Lazada,PromptPay,1,9,0,0,40-50,51.266666666666666,14.0,4.0,0.2857142857142857,22,35,7324.507142857144,0.28,0.42857142857142855,0.2857142857142857,0.0,0.0,0,0,0.0,0.0,0,0,0.0,5786.08,3,1,0.3333333333333333,102543.1,14,4,0.2857142857142857,0
LGS2ORD0034227,C014194,2025-09-29 01:00:00,Female,44,Silver,Shopee,Nakhon Ratchasima,570,TV_Show,COD,1,9,0,0,40-50,19.0,2.0,1.0,0.5,42,46,1974.48,0.1,0.5,0.0,0.0,0.0,0,0,0.0,0.0,0,0,0.0,3449.6,1,1,1.0,3948.96,2,1,0.5,0
LGS2ORD0034228,C017952,2025-09-29 01:00:00,Female,39,Bronze,Shopee,Bangkok,445,Shopee,Credit_Card,1,9,0,0,30-40,14.833333333333334,6.0,1.0,0.16666666666666666,67,80,4955.131666666666,0.28,0.5,0.5,0.0,0.0,0,0,0.0,0.0,0,0,0.0,1784.23,1,1,1.0,29730.789999999997,6,1,0.16666666666666666,0
LGS2ORD0034229,C014903,2025-09-29 02:00:00,Female,18,Bronze,TV,Phuket,782,CallCenter,COD,2,9,0,0,<20,26.066666666666666,5.0,1.0,0.2,170,51,3665.7699999999995,0.18,0.4,0.0,0.0,0.0,0,0,0.0,0.0,0,0,0.0,3497.77,1,0,0.0,18328.85,5,1,0.2,1
LGS2ORD0034230,C016034,2025-09-29 02:00:00,Female,40,Bronze,Web,Songkhla,1232,Web,COD,2,9,0,0,30-40,41.06666666666667,7.0,5.0,0.7142857142857143,122,102,4595.674285714285,0.23,0.5714285714285714,0.2857142857142857,0.0,0.0,0,0,0.0,0.0,0,0,0.0,0.0,0,0,0.0,32169.719999999998,7,5,0.7142857142857143,0
LGS2ORD0034231,C010391,2025-09-29 02:00:00,Female,39,Platinum,TV,Bangkok,326,Lazada,COD,2,9,0,0,30-40,10.866666666666667,3.0,0.0,0.0,-1,86,1668.6466666666665,0.3,0.3333333333333333,1.0,0.0,0.0,0,0,0.0,0.0,0,0,0.0,178.98,1,0,0.0,5005.94,3,0,0.0,0
LGS2ORD0034232,C014182,2025-09-29 02:00:00,Female,60,Bronze,Lazada,Khon Kaen,607,Lazada,COD,2,9,0,0,>50,20.233333333333334,2.0,1.0,0.5,-5,7,16854.184999999998,0.08,1.0,0.0,0.0,0.0,0,0,0.0,33708.369999999995,2,1,0.5,33708.369999999995,2,1,0.5,33708.369999999995,2,1,0.5,0
LGS2ORD0034233,C014958,2025-09-29 02:00:00,Male,41,Bronze,Lazada,Nakhon Ratchasima,307,Shopee,Credit_Card,2,9,0,0,40-50,10.233333333333333,3.0,1.0,0.3333333333333333,-10,6,8649.183333333334,0.18,0.6666666666666666,0.0,0.0,2254.49,1,1,1.0,15469.69,2,1,0.5,15469.69,2,1,0.5,25947.550000000003,3,1,0.3333333333333333,1
LGS2ORD0034234,C015769,2025-09-29 02:00:00,Male,25,Bronze,TV,Chonburi,928,Shopee,COD,2,9,0,0,20-30,30.933333333333334,4.0,3.0,0.75,128,135,2656.915,0.23,0.75,0.25,0.0,0.0,0,0,0.0,0.0,0,0,0.0,0.0,0,0,0.0,10627.66,4,3,0.75,0
LGS2ORD0034235,C013836,2025-09-29 03:00:00,Female,59,Bronze,Shopee,Songkhla,1404,Web,COD,3,9,0,0,>50,46.8,5.0,2.0,0.4,31,38,3814.928,0.28,0.6,0.6,0.0,0.0,0,0,0.0,0.0,0,0,0.0,1509.6,1,1,1.0,19074.64,5,2,0.4,1
LGS2ORD0034236,C017549,2025-09-29 03:00:00,Male,48,Bronze,Shopee,Remote_Area,998,Lazada,COD,3,9,0,0,40-50,33.266666666666666,3.0,3.0,1.0,46,61,8497.553333333335,0.28,0.6666666666666666,0.3333333333333333,0.0,0.0,0,0,0.0,0.0,0,0,0.0,13376.12,1,1,1.0,25492.660000000003,3,3,1.0,0
LGS2ORD0034237,C013543,2025-09-29 03:00:00,Female,38,Gold,Shopee,Bangkok,1635,TV_Show,COD,3,9,0,0,30-40,54.5,6.0,1.0,0.16666666666666666,49,26,4954.793333333333,0.33,0.3333333333333333,0.16666666666666666,0.0,0.0,0,0,0.0,3061.81,1,0,0.0,24161.899999999998,3,1,0.3333333333333333,29728.76,6,1,0.16666666666666666,1
LGS2ORD0034238,C010924,2025-09-29 03:00:00,Female,47,Silver,TV,Remote_Area,1715,Shopee,COD,3,9,0,0,40-50,57.166666666666664,7.0,0.0,0.0,-1,15,3024.747142857143,0.3,0.2857142857142857,0.14285714285714285,0.0,0.0,0,0,0.0,760.91,1,0,0.0,10235.45,3,0,0.0,21173.23,7,0,0.0,0
LGS2ORD0034239,C012310,2025-09-29 03:00:00,Male,31,Bronze,Lazada,Nakhon Ratchasima,1261,Web,PromptPay,3,9,0,0,30-40,42.03333333333333,6.0,1.0,0.16666666666666666,39,16,2152.3716666666664,0.23,0.5,0.16666666666666666,0.0,0.0,0,0,0.0,1881.19,1,0,0.0,3282.59,2,1,0.5,12914.23,6,1,0.16666666666666666,1
LGS2ORD0034240,C014644,2025-09-29 04:00:00,Female,47,Bronze,TV,Chonburi,906,TV_Show,COD,4,9,0,0,40-50,30.2,4.0,0.0,0.0,-1,10,10884.07,0.03,0.75,0.0,0.0,0.0,0,0,0.0,4099.94,1,0,0.0,4099.94,1,0,0.0,43536.28,4,0,0.0,0
LGS2ORD0034241,C014981,2025-09-29 04:00:00,Male,23,Gold,Shopee,Bangkok,1434,Web,COD,4,9,0,0,20-30,47.8,4.0,0.0,0.0,-1,2,7525.005000000001,0.33,0.25,0.75,0.0,7273.35,1,0,0.0,7273.35,1,0,0.0,7273.35,1,0,0.0,30100.020000000004,4,0,0.0,0
LGS2ORD0034242,C017879,2025-09-29 04:00:00,Female,39,Bronze,Shopee,Chiang Mai,519,Shopee,Credit_Card,4,9,0,0,30-40,17.3,3.0,0.0,0.0,-1,34,6733.996666666667,0.08,0.3333333333333333,0.0,0.0,0.0,0,0,0.0,0.0,0,0,0.0,4588.11,1,0,0.0,20201.99,3,0,0.0,0
LGS2ORD0034243,C014973,2025-09-29 04:00:00,Male,27,Silver,TV,Chiang Mai,1134,TV_Show,COD,4,9,0,0,20-30,37.8,8.0,3.0,0.375,49,59,2928.94375,0.3,0.625,0.375,0.0,0.0,0,0,0.0,0.0,0,0,0.0,6959.86,2,2,1.0,23431.55,8,3,0.375,1
LGS2ORD0034244,C015207,2025-09-29 04:00:00,Female,49,Gold,TV,Bangkok,530,TV_Show,Bank_Transfer,4,9,0,0,40-50,17.666666666666668,3.0,0.0,0.0,-1,25,5429.256666666667,0.28,0.0,0.6666666666666666,0.0,0.0,0,0,0.0,6419.04,1,0,0.0,9446.97,2,0,0.0,16287.77,3,0,0.0,0
LGS2ORD0034245,C014027,2025-09-29 05:00:00,Male,41,Gold,Web,Bangkok,677,Shopee,Bank_Transfer,5,9,0,0,40-50,22.566666666666666,5.0,1.0,0.2,221,32,6861.576000000001,0.2299999999999999,0.4,0.2,0.0,0.0,0,0,0.0,0.0,0,0,0.0,9343.66,1,0,0.0,34307.880000000005,5,1,0.2,0
LGS2ORD0034246,C011907,2025-09-29 05:00:00,Male,41,Gold,TV,Phuket,1482,Shopee,COD,5,9,0,0,40-50,49.4,4.0,0.0,0.0,-1,54,5286.87,0.18,0.5,0.0,0.0,0.0,0,0,0.0,0.0,0,0,0.0,3322.23,1,0,0.0,21147.48,4,0,0.0,1
LGS2ORD0034247,C017790,2025-09-29 05:00:00,Male,40,Gold,Web,Songkhla,831,Shopee,Credit_Card,5,9,0,0,30-40,27.7,6.0,2.0,0.3333333333333333,76,37,7788.836666666667,0.28,0.8333333333333334,0.3333333333333333,0.0,0.0,0,0,0.0,0.0,0,0,0.0,4177.469999999999,2,1,0.5,46733.020000000004,6,2,0.3333333333333333,0
LGS2ORD0034248,C012077,2025-09-29 05:00:00,Female,61,Platinum,TV,Bangkok,1149,Web,COD,5,9,0,0,>50,38.3,1.0,0.0,0.0,-1,171,3495.21,0.15,1.0,0.0,0.0,0.0,0,0,0.0,0.0,0,0,0.0,0.0,0,0,0.0,3495.21,1,0,0.0,0
LGS2ORD0034249,C012386,2025-09-29 05:00:00,Male,43,Silver,Web,Remote_Area,1027,Web,Credit_Card,5,9,0,0,40-50,34.233333333333334,3.0,0.0,0.0,-1,85,2650.88,0.1,0.3333333333333333,0.0,0.0,0.0,0,0,0.0,0.0,0,0,0.0,4316.22,1,0,0.0,7952.64,3,0,0.0,1
LGS2ORD0034250,C013933,2025-09-29 05:00:00,Other,46,Gold,Shopee,Bangkok,312,Lazada,COD,5,9,0,0,40-50,10.4,3.0,0.0,0.0,-1,37,4993.116666666667,0.18,0.6666666666666666,0.0,0.0,0.0,0,0,0.0,0.0,0,0,0.0,1577.68,1,0,0.0,14979.35,3,0,0.0,0
LGS2ORD0034251,C015398,2025-09-29 06:00:00,Male,42,Bronze,Web,Bangkok,1374,Lazada,COD,6,9,0,0,40-50,45.8,5.0,3.0,0.6,22,30,4237.998,0.28,0.8,1.0,0.0,0.0,0,0,0.0,0.0,0,0,0.0,8430.89,1,1,1.0,21189.989999999998,5,3,0.6,1
LGS2ORD0034252,C012805,2025-09-29 06:00:00,Male,35,Silver,Lazada,Khon Kaen,1343,Shopee,Credit_Card,6,9,0,0,30-40,44.766666666666666,3.0,1.0,0.3333333333333333,173,11,1122.4033333333334,0.3,0.6666666666666666,0.3333333333333333,0.0,0.0,0,0,0.0,985.36,1,0,0.0,985.36,1,0,0.0,3367.21,3,1,0.3333333333333333,0
LGS2ORD0034253,C015352,2025-09-29 06:00:00,Female,18,Gold,Web,Phuket,596,TV_Show,Credit_Card,6,9,0,0,<20,19.866666666666667,5.0,1.0,0.2,221,2,3470.3779999999997,0.33,0.6,0.6,0.0,2066.58,1,0,0.0,2066.58,1,0,0.0,13442.68,2,0,0.0,17351.89,5,1,0.2,0
LGS2ORD0034254,C016317,2025-09-29 06:00:00,Male,45,Bronze,Shopee,Bangkok,326,Shopee,COD,6,9,0,0,40-50,10.866666666666667,5.0,3.0,0.6,207,126,1607.8839999999998,0.23,0.8,0.4,0.0,0.0,0,0,0.0,0.0,0,0,0.0,0.0,0,0,0.0,8039.419999999999,5,3,0.6,0
LGS2ORD0034255,C015277,2025-09-29 06:00:00,Male,42,Bronze,Web,Bangkok,1539,Lazada,COD,6,9,0,0,40-50,51.3,6.0,1.0,0.16666666666666666,44,52,10868.17,0.28,0.6666666666666666,0.16666666666666666,0.0,0.0,0,0,0.0,0.0,0,0,0.0,41649.35,2,1,0.5,65209.02,6,1,0.16666666666666666,0
LGS2ORD0034256,C011363,2025-09-29 07:00:00,Female,43,Silver,Web,Phuket,1271,TV_Show,PromptPay,7,9,0,0,40-50,42.36666666666667,4.0,0.0,0.0,-1,72,14104.73,0.2,0.25,0.0,0.0,0.0,0,0,0.0,0.0,0,0,0.0,47866.08,3,0,0.0,56418.92,4,0,0.0,0
LGS2ORD0034257,C010238,2025-09-29 07:00:00,Male,39,Gold,CallCenter,Bangkok,524,Web,PromptPay,7,9,0,0,30-40,17.466666666666665,5.0,1.0,0.2,56,10,5426.614,0.33,0.4,0.6,0.0,0.0,0,0,0.0,1458.94,1,0,0.0,27133.07,5,1,0.2,27133.07,5,1,0.2,0
LGS2ORD0034258,C015643,2025-09-29 07:00:00,Male,60,Bronze,TV,Khon Kaen,643,Shopee,PromptPay,7,9,0,0,>50,21.433333333333334,6.0,0.0,0.0,-1,53,3245.0950000000007,0.28,0.6666666666666666,0.16666666666666666,0.0,0.0,0,0,0.0,0.0,0,0,0.0,13797.550000000001,3,0,0.0,19470.570000000003,6,0,0.0,0
LGS2ORD0034259,C011480,2025-09-29 07:00:00,Female,61,Bronze,Lazada,Phuket,1589,Lazada,COD,7,9,0,0,>50,52.96666666666667,3.0,1.0,0.3333333333333333,100,4,4569.92,0.28,0.6666666666666666,0.6666666666666666,0.0,951.23,1,0,0.0,951.23,1,0,0.0,951.23,1,0,0.0,13709.76,3,1,0.3333333333333333,0
LGS2ORD0034260,C015560,2025-09-29 07:00:00,Female,28,Silver,Web,Phuket,612,Shopee,PromptPay,7,9,0,0,20-30,20.4,8.0,3.0,0.375,67,14,8233.65875,0.3,0.75,0.375,0.0,0.0,0,0,0.0,11648.74,1,0,0.0,24743.27,4,1,0.25,65869.27,8,3,0.375,0
LGS2ORD0034261,C017779,2025-09-29 08:00:00,Female,42,Silver,Web,Nakhon Ratchasima,1024,CallCenter,COD,8,9,0,0,40-50,34.13333333333333,3.0,2.0,0.6666666666666666,25,42,6145.073333333334,0.3,0.3333333333333333,1.0,0.0,0.0,0,0,0.0,0.0,0,0,0.0,3147.41,1,1,1.0,18435.22,3,2,0.6666666666666666,0
LGS2ORD0034262,C013382,2025-09-29 08:00:00,Female,48,Platinum,Shopee,Chonburi,1681,TV_Show,COD,8,9,0,0,40-50,56.03333333333333,7.0,1.0,0.14285714285714285,243,18,3523.672857142857,0.25,0.5714285714285714,0.2857142857142857,0.0,0.0,0,0,0.0,3104.9,1,0,0.0,6501.0,2,0,0.0,24665.71,7,1,0.14285714285714285,0
LGS2ORD0034263,C016616,2025-09-29 08:00:00,Male,47,Bronze,CallCenter,Bangkok,931,TV_Show,COD,8,9,0,0,40-50,31.033333333333335,8.0,1.0,0.125,158,36,1689.94625,0.28,0.5,0.375,0.0,0.0,0,0,0.0,0.0,0,0,0.0,5851.6,3,0,0.0,13519.57,8,1,0.125,1
LGS2ORD0034264,C011833,2025-09-29 08:00:00,Female,37,Bronze,Lazada,Remote_Area,1129,Web,Credit_Card,8,9,0,0,30-40,37.63333333333333,4.0,1.0,0.25,240,9,2393.5225,0.23,0.75,0.25,0.0,0.0,0,0,0.0,2575.85,1,0,0.0,7354.950000000001,2,0,0.0,9574.09,4,1,0.25,0
LGS2ORD0034265,C011240,2025-09-29 08:00:00,Female,25,Bronze,Web,Chonburi,636,Lazada,Credit_Card,8,9,0,0,20-30,21.2,2.0,0.0,0.0,-1,44,4096.535,0.18,0.5,0.0,0.0,0.0,0,0,0.0,0.0,0,0,0.0,6455.15,1,0,0.0,8193.07,2,0,0.0,1
LGS2ORD0034266,C016149,2025-09-29 09:00:00,Other,61,Gold,TV,Bangkok,855,TV_Show,COD,9,9,0,0,>50,28.5,4.0,0.0,0.0,-1,0,5860.7925,0.33,0.5,0.75,0.0,652.95,1,0,0.0,5381.75,2,0,0.0,20867.34,3,0,0.0,23443.17,4,0,0.0,0
LGS2ORD0034267,C015982,2025-09-29 09:00:00,Male,29,Gold,CallCenter,Songkhla,761,Shopee,COD,9,9,0,0,20-30,25.366666666666667,1.0,1.0,1.0,129,135,1027.83,0.2299999999999999,0.0,1.0,0.0,0.0,0,0,0.0,0.0,0,0,0.0,0.0,0,0,0.0,1027.83,1,1,1.0,1
LGS2ORD0034268,C010469,2025-09-29 09:00:00,Male,31,Silver,TV,Chiang Mai,730,Shopee,COD,9,9,0,0,30-40,24.333333333333332,4.0,0.0,0.0,-1,11,5922.4325,0.3,0.25,0.25,0.0,0.0,0,0,0.0,14262.36,2,0,0.0,19117.3,3,0,0.0,23689.73,4,0,0.0,0
LGS2ORD0034269,C012105,2025-09-29 09:00:00,Female,32,Gold,TV,Remote_Area,1473,Shopee,Credit_Card,9,9,0,0,30-40,49.1,4.0,3.0,0.75,174,185,4278.5975,0.28,1.0,0.75,0.0,0.0,0,0,0.0,0.0,0,0,0.0,0.0,0,0,0.0,17114.39,4,3,0.75,0
LGS2ORD0034270,C012408,2025-09-29 09:00:00,Female,34,Gold,TV,Khon Kaen,1579,TV_Show,Bank_Transfer,9,9,0,0,30-40,52.63333333333333,1.0,0.0,0.0,-1,87,382.28,0.28,0.0,1.0,0.0,0.0,0,0,0.0,0.0,0,0,0.0,382.28,1,0,0.0,382.28,1,0,0.0,0
LGS2ORD0034271,C015226,2025-09-29 09:00:00,Female,46,Bronze,TV,Songkhla,609,Lazada,COD,9,9,0,0,40-50,20.3,8.0,1.0,0.125,13,20,11150.305,0.23,0.5,0.25,0.0,0.0,0,0,0.0,1215.17,1,1,1.0,11619.32,3,1,0.3333333333333333,89202.44,8,1,0.125,1
LGS2ORD0034272,C010516,2025-09-29 10:00:00,Female,55,Bronze,Lazada,Bangkok,1186,Shopee,COD,10,9,0,0,>50,39.53333333333333,1.0,0.0,0.0,-1,144,1392.58,0.03,0.0,0.0,0.0,0.0,0,0,0.0,0.0,0,0,0.0,0.0,0,0,0.0,1392.58,1,0,0.0,0
LGS2ORD0034273,C013373,2025-09-29 10:00:00,Female,52,Bronze,Lazada,Songkhla,768,Shopee,PromptPay,10,9,0,0,>50,25.6,3.0,0.0,0.0,-1,31,2948.373333333333,0.18,0.3333333333333333,0.0,0.0,0.0,0,0,0.0,0.0,0,0,0.0,1045.52,1,0,0.0,8845.119999999999,3,0,0.0,1
LGS2ORD0034274,C014928,2025-09-29 10:00:00,Male,58,Bronze,Shopee,Bangkok,1606,CallCenter,Credit_Card,10,9,0,0,>50,53.53333333333333,5.0,0.0,0.0,-1,53,3978.946,0.28,0.6,0.6,0.0,0.0,0,0,0.0,0.0,0,0,0.0,13888.619999999999,2,0,0.0,19894.73,5,0,0.0,0
LGS2ORD0034275,C012459,2025-09-29 10:00:00,Male,38,Silver,Shopee,Bangkok,735,TV_Show,PromptPay,10,9,0,0,30-40,24.5,3.0,1.0,0.3333333333333333,40,8,1482.5466666666664,0.2,0.6666666666666666,0.0,0.0,0.0,0,0,0.0,1335.28,1,0,0.0,3422.8599999999997,2,1,0.5,4447.639999999999,3,1,0.3333333333333333,0
LGS2ORD0034276,C013765,2025-09-29 10:00:00,Male,50,Bronze,Shopee,Chonburi,480,CallCenter,COD,10,9,0,0,40-50,16.0,2.0,0.0,0.0,-1,71,2548.895,0.03,0.0,0.0,0.0,0.0,0,0,0.0,0.0,0,0,0.0,2054.67,1,0,0.0,5097.79,2,0,0.0,1
LGS2ORD0034277,C014981,2025-09-29 11:00:00,Male,23,Gold,Shopee,Bangkok,1434,Shopee,Credit_Card,11,9,0,0,20-30,47.8,5.0,0.0,0.0,-1,0,8687.294,0.33,0.4,0.8,0.0,20609.800000000003,2,0,0.0,20609.800000000003,2,0,0.0,20609.800000000003,2,0,0.0,43436.47,5,0,0.0,0
LGS2ORD0034278,C013412,2025-09-29 11:00:00,Male,48,Silver,Web,Songkhla,841,Shopee,PromptPay,11,9,0,0,40-50,28.033333333333335,5.0,4.0,0.8,107,109,4131.902,0.2,0.2,0.0,0.0,0.0,0,0,0.0,0.0,0,0,0.0,0.0,0,0,0.0,20659.510000000002,5,4,0.8,0
LGS2ORD0034279,C016405,2025-09-29 11:00:00,Male,50,Bronze,TV,Phuket,838,Web,COD,11,9,0,0,40-50,27.933333333333334,1.0,0.0,0.0,-1,196,6003.94,0.03,0.0,0.0,0.0,0.0,0,0,0.0,0.0,0,0,0.0,0.0,0,0,0.0,6003.94,1,0,0.0,1
LGS2ORD0034280,C011071,2025-09-29 11:00:00,Female,36,Bronze,Web,Nakhon Ratchasima,1647,Lazada,PromptPay,11,9,0,0,30-40,54.9,4.0,0.0,0.0,-1,79,1798.4675000000002,0.23,0.25,0.25,0.0,0.0,0,0,0.0,0.0,0,0,0.0,1119.1,1,0,0.0,7193.870000000001,4,0,0.0,0
LGS2ORD0034281,C011179,2025-09-29 11:00:00,Female,45,Gold,Lazada,Khon Kaen,371,Web,COD,11,9,0,0,40-50,12.366666666666667,1.0,0.0,0.0,-1,100,1697.97,0.2299999999999999,1.0,1.0,0.0,0.0,0,0,0.0,0.0,0,0,0.0,0.0,0,0,0.0,1697.97,1,0,0.0,0
LGS2ORD0034282,C010782,2025-09-29 12:00:00,Female,46,Gold,Shopee,Remote_Area,705,Web,Bank_Transfer,12,9,0,0,40-50,23.5,5.0,1.0,0.2,140,109,1534.042,0.33,0.2,0.4,0.0,0.0,0,0,0.0,0.0,0,0,0.0,0.0,0,0,0.0,7670.21,5,1,0.2,0
LGS2ORD0034283,C013428,2025-09-29 12:00:00,Female,40,Bronze,TV,Bangkok,1324,Shopee,Credit_Card,12,9,0,0,30-40,44.13333333333333,7.0,2.0,0.2857142857142857,111,0,5340.811428571427,0.28,0.7142857142857143,0.2857142857142857,0.0,4642.68,1,0,0.0,5663.81,2,0,0.0,8740.77,3,0,0.0,37385.67999999999,7,2,0.2857142857142857,0
LGS2ORD0034284,C013842,2025-09-29 12:00:00,Male,26,Gold,Web,Khon Kaen,1619,Lazada,Credit_Card,12,9,0,0,20-30,53.96666666666667,0.0,0.0,0.0,-1,-1,0.0,0.0,0.0,0.0,0.0,0.0,0,0,0.0,0.0,0,0,0.0,0.0,0,0,0.0,0.0,0,0,0.0,0
LGS2ORD0034285,C016611,2025-09-29 12:00:00,Female,31,Bronze,Shopee,Remote_Area,617,Shopee,Credit_Card,12,9,0,0,30-40,20.566666666666666,3.0,0.0,0.0,-1,103,1462.6866666666665,0.28,0.6666666666666666,0.6666666666666666,0.0,0.0,0,0,0.0,0.0,0,0,0.0,0.0,0,0,0.0,4388.0599999999995,3,0,0.0,0
LGS2ORD0034286,C014622,2025-09-29 12:00:00,Male,49,Silver,Shopee,Remote_Area,1225,CallCenter,COD,12,9,0,0,40-50,40.833333333333336,11.0,3.0,0.2727272727272727,29,14,4549.562727272728,0.25,0.45454545454545453,0.2727272727272727,0.0,0.0,0,0,0.0,3964.49,1,0,0.0,24719.53,3,1,0.3333333333333333,50045.19,11,3,0.2727272727272727,0
LGS2ORD0034287,C015076,2025-09-29 13:00:00,Female,43,Bronze,Shopee,Bangkok,423,CallCenter,COD,13,9,0,0,40-50,14.1,3.0,0.0,0.0,-1,33,1482.4166666666667,0.08,0.6666666666666666,0.0,0.0,0.0,0,0,0.0,0.0,0,0,0.0,4447.25,3,0,0.0,4447.25,3,0,0.0,0
LGS2ORD0034288,C016119,2025-09-29 13:00:00,Female,32,Silver,Web,Khon Kaen,1447,Shopee,PromptPay,13,9,0,0,30-40,48.233333333333334,3.0,0.0,0.0,-1,52,5796.413333333334,0.3,0.3333333333333333,1.0,0.0,0.0,0,0,0.0,0.0,0,0,0.0,13948.560000000001,2,0,0.0,17389.24,3,0,0.0,0
LGS2ORD0034289,C013254,2025-09-29 13:00:00,Female,72,Silver,Web,Nakhon Ratchasima,1731,CallCenter,COD,13,9,0,0,>50,57.7,3.0,1.0,0.3333333333333333,2,12,4873.03,0.15,0.6666666666666666,0.0,0.0,0.0,0,0,0.0,6792.56,1,1,1.0,13277.92,2,1,0.5,14619.09,3,1,0.3333333333333333,0
LGS2ORD0034290,C010786,2025-09-29 13:00:00,Female,40,Bronze,Shopee,Khon Kaen,1068,TV_Show,Credit_Card,13,9,0,0,30-40,35.6,5.0,1.0,0.2,147,4,4468.697999999999,0.13,0.2,0.0,0.0,857.96,1,0,0.0,3208.9700000000003,2,0,0.0,12637.880000000001,3,0,0.0,22343.489999999998,5,1,0.2,0
LGS2ORD0034291,C012894,2025-09-29 13:00:00,Female,53,Bronze,Web,Khon Kaen,621,CallCenter,COD,13,9,0,0,>50,20.7,8.0,3.0,0.375,183,14,2617.19875,0.28,0.125,0.5,0.0,0.0,0,0,0.0,1644.07,1,0,0.0,1644.07,1,0,0.0,20937.59,8,3,0.375,0
LGS2ORD0034292,C013331,2025-09-29 13:00:00,Female,48,Silver,Web,Bangkok,1221,Lazada,COD,13,9,0,0,40-50,40.7,3.0,0.0,0.0,-1,74,4399.793333333334,0.2,1.0,0.0,0.0,0.0,0,0,0.0,0.0,0,0,0.0,5129.28,1,0,0.0,13199.380000000001,3,0,0.0,1
LGS2ORD0034293,C012847,2025-09-29 14:00:00,Female,48,Silver,Shopee,Chiang Mai,1656,Shopee,Credit_Card,14,9,0,0,40-50,55.2,3.0,0.0,0.0,-1,3,13005.396666666667,0.15,0.3333333333333333,0.0,0.0,31757.0,1,0,0.0,31757.0,1,0,0.0,34268.55,2,0,0.0,39016.19,3,0,0.0,0
LGS2ORD0034294,C010780,2025-09-29 14:00:00,Male,40,Bronze,Web,Chiang Mai,864,Lazada,COD,14,9,0,0,30-40,28.8,4.0,2.0,0.5,78,65,8006.3775000000005,0.18,0.5,0.0,0.0,0.0,0,0,0.0,0.0,0,0,0.0,21209.96,2,1,0.5,32025.510000000002,4,2,0.5,0
LGS2ORD0034295,C011337,2025-09-29 14:00:00,Male,22,Bronze,TV,Remote_Area,755,TV_Show,PromptPay,14,9,0,0,20-30,25.166666666666668,7.0,2.0,0.2857142857142857,58,18,2913.7014285714286,0.23,0.42857142857142855,0.2857142857142857,0.0,0.0,0,0,0.0,1607.25,1,0,0.0,5777.67,3,1,0.3333333333333333,20395.91,7,2,0.2857142857142857,1
LGS2ORD0034296,C012634,2025-09-29 14:00:00,Male,26,Bronze,CallCenter,Chiang Mai,1057,Shopee,PromptPay,14,9,0,0,20-30,35.233333333333334,7.0,1.0,0.14285714285714285,57,2,5217.327142857142,0.23,0.42857142857142855,0.14285714285714285,0.0,1858.47,1,0,0.0,2786.67,2,0,0.0,9435.06,4,1,0.25,36521.28999999999,7,1,0.14285714285714285,0
LGS2ORD0034297,C017150,2025-09-29 14:00:00,Female,52,Gold,Web,Chonburi,442,TV_Show,COD,14,9,0,0,>50,14.733333333333333,7.0,2.0,0.2857142857142857,23,29,5368.518571428572,0.28,0.2857142857142857,0.7142857142857143,0.0,0.0,0,0,0.0,6878.43,1,1,1.0,14842.880000000001,2,1,0.5,37579.630000000005,7,2,0.2857142857142857,0
LGS2ORD0034298,C012463,2025-09-29 15:00:00,Female,44,Platinum,TV,Khon Kaen,425,TV_Show,COD,15,9,0,0,40-50,14.166666666666666,8.0,0.0,0.0,-1,19,6060.92625,0.2,0.5,0.0,0.0,0.0,0,0,0.0,9537.01,1,0,0.0,10227.37,2,0,0.0,48487.41,8,0,0.0,0
LGS2ORD0034299,C015557,2025-09-29 15:00:00,Female,44,Bronze,TV,Nakhon Ratchasima,356,Lazada,Credit_Card,15,9,0,0,40-50,11.866666666666667,4.0,1.0,0.25,91,8,2707.9625,0.23,0.75,0.25,0.0,0.0,0,0,0.0,1775.4,1,0,0.0,6504.719999999999,2,0,0.0,10831.85,4,1,0.25,0
LGS2ORD0034300,C012624,2025-09-29 15:00:00,Male,47,Silver,Shopee,Remote_Area,1065,TV_Show,COD,15,9,0,0,40-50,35.5,5.0,2.0,0.4,124,52,4896.894,0.1,0.6,0.0,0.0,0.0,0,0,0.0,0.0,0,0,0.0,14682.54,2,0,0.0,24484.47,5,2,0.4,0
LGS2ORD0034301,C010377,2025-09-29 15:00:00,Female,43,Bronze,Lazada,Songkhla,477,Lazada,COD,15,9,0,0,40-50,15.9,7.0,2.0,0.2857142857142857,206,72,4652.767142857143,0.23,0.7142857142857143,0.14285714285714285,0.0,0.0,0,0,0.0,0.0,0,0,0.0,6786.23,1,0,0.0,32569.370000000003,7,2,0.2857142857142857,1
LGS2ORD0034302,C013594,2025-09-29 15:00:00,Male,39,Bronze,Lazada,Chonburi,1335,Web,COD,15,9,0,0,30-40,44.5,7.0,1.0,0.14285714285714285,129,10,6855.107142857143,0.18,0.42857142857142855,0.0,0.0,0.0,0,0,0.0,20583.6,1,0,0.0,38354.33,4,0,0.0,47985.75,7,1,0.14285714285714285,0
LGS2ORD0034303,C017767,2025-09-29 16:00:00,Male,60,Bronze,Lazada,Phuket,593,Web,Bank_Transfer,16,9,0,0,>50,19.766666666666666,4.0,2.0,0.5,41,53,5747.915,0.08,0.5,0.0,0.0,0.0,0,0,0.0,0.0,0,0,0.0,13891.85,1,1,1.0,22991.66,4,2,0.5,0
LGS2ORD0034304,C017642,2025-09-29 16:00:00,Male,42,Gold,TV,Remote_Area,1009,TV_Show,COD,16,9,0,0,40-50,33.63333333333333,11.0,3.0,0.2727272727272727,0,3,3352.531818181819,0.2299999999999999,0.45454545454545453,0.09090909090909091,0.0,1749.33,1,0,0.0,5938.11,3,1,0.3333333333333333,21910.44,8,3,0.375,36877.850000000006,11,3,0.2727272727272727,0
LGS2ORD0034305,C010216,2025-09-29 16:00:00,Male,23,Bronze,Web,Bangkok,1230,TV_Show,Credit_Card,16,9,0,0,20-30,41.0,8.0,1.0,0.125,79,25,4671.8475,0.28,0.375,0.125,0.0,0.0,0,0,0.0,19788.36,1,0,0.0,26515.74,2,1,0.5,37374.78,8,1,0.125,0
LGS2ORD0034306,C012051,2025-09-29 16:00:00,Male,52,Gold,Shopee,Chiang Mai,1004,TV_Show,COD,16,9,0,0,>50,33.46666666666667,6.0,1.0,0.16666666666666666,246,17,10422.17,0.2299999999999999,0.6666666666666666,0.3333333333333333,0.0,0.0,0,0,0.0,2079.28,1,0,0.0,3102.96,2,0,0.0,62533.02,6,1,0.16666666666666666,0
LGS2ORD0034307,C014386,2025-09-29 16:00:00,Male,64,Bronze,TV,Chiang Mai,1063,TV_Show,COD,16,9,0,0,>50,35.43333333333333,8.0,2.0,0.25,82,55,6501.8462500000005,0.23,0.75,0.25,0.0,0.0,0,0,0.0,0.0,0,0,0.0,12346.1,1,0,0.0,52014.770000000004,8,2,0.25,0
LGS2ORD0034308,C014317,2025-09-29 17:00:00,Female,46,Gold,TV,Chonburi,1124,Lazada,Credit_Card,17,9,0,0,40-50,37.46666666666667,3.0,0.0,0.0,-1,71,2711.6333333333337,0.28,0.3333333333333333,0.3333333333333333,0.0,0.0,0,0,0.0,0.0,0,0,0.0,7191.370000000001,2,0,0.0,8134.900000000001,3,0,0.0,0
LGS2ORD0034309,C017990,2025-09-29 17:00:00,Male,36,Bronze,Shopee,Bangkok,1664,Lazada,COD,17,9,0,0,30-40,55.46666666666667,6.0,0.0,0.0,-1,68,9035.301666666668,0.18,0.8333333333333334,0.0,0.0,0.0,0,0,0.0,0.0,0,0,0.0,34647.66,2,0,0.0,54211.810000000005,6,0,0.0,0
LGS2ORD0034310,C010080,2025-09-29 17:00:00,Female,49,Silver,Web,Chonburi,587,CallCenter,COD,17,9,0,0,40-50,19.566666666666666,3.0,1.0,0.3333333333333333,243,100,1858.996666666667,0.25,0.3333333333333333,0.3333333333333333,0.0,0.0,0,0,0.0,0.0,0,0,0.0,0.0,0,0,0.0,5576.990000000001,3,1,0.3333333333333333,0
LGS2ORD0034311,C011159,2025-09-29 17:00:00,Female,37,Silver,Web,Nakhon Ratchasima,1323,CallCenter,PromptPay,17,9,0,0,30-40,44.1,3.0,1.0,0.3333333333333333,243,4,8673.016666666668,0.1,0.3333333333333333,0.0,0.0,15769.17,1,0,0.0,15769.17,1,0,0.0,15769.17,1,0,0.0,26019.050000000003,3,1,0.3333333333333333,0
LGS2ORD0034312,C013711,2025-09-29 17:00:00,Female,39,Bronze,TV,Remote_Area,1476,TV_Show,COD,17,9,0,0,30-40,49.2,5.0,1.0,0.2,28,30,2884.65,0.28,0.4,0.4,0.0,0.0,0,0,0.0,0.0,0,0,0.0,12993.560000000001,4,1,0.25,14423.25,5,1,0.2,1
LGS2ORD0034313,C016832,2025-09-29 17:00:00,Female,29,Silver,Web,Phuket,1585,TV_Show,COD,17,9,0,0,20-30,52.833333333333336,4.0,1.0,0.25,-7,5,2751.5724999999998,0.25,0.75,0.25,0.0,450.66,1,1,1.0,450.66,1,1,1.0,7525.549999999999,3,1,0.3333333333333333,11006.289999999999,4,1,0.25,1
LGS2ORD0034314,C012763,2025-09-29 18:00:00,Male,27,Bronze,Web,Chonburi,1063,Shopee,Credit_Card,18,9,0,0,20-30,35.43333333333333,6.0,1.0,0.16666666666666666,14,4,4807.316666666667,0.28,0.3333333333333333,0.3333333333333333,0.0,16752.54,1,0,0.0,19559.29,3,1,0.3333333333333333,23216.81,4,1,0.25,28843.9,6,1,0.16666666666666666,0
LGS2ORD0034315,C016119,2025-09-29 18:00:00,Female,32,Silver,Web,Khon Kaen,1447,Lazada,Credit_Card,18,9,0,0,30-40,48.233333333333334,4.0,0.0,0.0,-1,0,7876.1675000000005,0.3,0.25,0.75,0.0,14115.43,1,0,0.0,14115.43,1,0,0.0,28063.99,3,0,0.0,31504.670000000002,4,0,0.0,0
LGS2ORD0034316,C013409,2025-09-29 18:00:00,Male,38,Silver,CallCenter,Bangkok,1022,Web,Bank_Transfer,18,9,0,0,30-40,34.06666666666667,2.0,0.0,0.0,-1,227,1102.525,0.3,0.0,0.5,0.0,0.0,0,0,0.0,0.0,0,0,0.0,0.0,0,0,0.0,2205.05,2,0,0.0,0
LGS2ORD0034317,C014385,2025-09-29 18:00:00,Male,60,Silver,CallCenter,Khon Kaen,480,CallCenter,PromptPay,18,9,0,0,>50,16.0,2.0,0.0,0.0,-1,48,15226.725,0.2,0.5,0.0,0.0,0.0,0,0,0.0,0.0,0,0,0.0,4194.14,1,0,0.0,30453.45,2,0,0.0,0
LGS2ORD0034318,C011935,2025-09-29 18:00:00,Female,45,Bronze,TV,Remote_Area,1382,Web,PromptPay,18,9,0,0,40-50,46.06666666666667,3.0,2.0,0.6666666666666666,36,49,13858.353333333333,0.18,0.3333333333333333,0.0,0.0,0.0,0,0,0.0,0.0,0,0,0.0,4409.45,1,1,1.0,41575.06,3,2,0.6666666666666666,0
LGS2ORD0034319,C016123,2025-09-29 19:00:00,Male,33,Bronze,TV,Bangkok,520,CallCenter,COD,19,9,0,0,30-40,17.333333333333332,3.0,1.0,0.3333333333333333,47,53,10836.13,0.23,0.3333333333333333,0.3333333333333333,0.0,0.0,0,0,0.0,0.0,0,0,0.0,32508.39,3,1,0.3333333333333333,32508.39,3,1,0.3333333333333333,0
LGS2ORD0034320,C015815,2025-09-29 19:00:00,Female,47,Bronze,Web,Bangkok,1455,CallCenter,PromptPay,19,9,0,0,40-50,48.5,3.0,0.0,0.0,-1,7,2816.8633333333332,0.23,0.6666666666666666,0.3333333333333333,0.0,0.0,0,0,0.0,3737.64,1,0,0.0,3737.64,1,0,0.0,8450.59,3,0,0.0,0
LGS2ORD0034321,C013535,2025-09-29 19:00:00,Male,35,Bronze,Shopee,Bangkok,805,Shopee,Bank_Transfer,19,9,0,0,30-40,26.833333333333332,4.0,0.0,0.0,-1,65,8926.5525,0.08,0.0,0.0,0.0,0.0,0,0,0.0,0.0,0,0,0.0,8828.47,1,0,0.0,35706.21,4,0,0.0,0
LGS2ORD0034322,C011584,2025-09-29 19:00:00,Male,51,Bronze,Web,Nakhon Ratchasima,364,Shopee,COD,19,9,0,0,>50,12.133333333333333,2.0,0.0,0.0,-1,9,5657.47,0.08,0.5,0.0,0.0,0.0,0,0,0.0,9756.52,1,0,0.0,9756.52,1,0,0.0,11314.94,2,0,0.0,0
LGS2ORD0034323,C010363,2025-09-29 19:00:00,Male,33,Bronze,TV,Bangkok,647,CallCenter,PromptPay,19,9,0,0,30-40,21.566666666666666,2.0,0.0,0.0,-1,56,3445.9300000000003,0.18,1.0,0.0,0.0,0.0,0,0,0.0,0.0,0,0,0.0,4480.83,1,0,0.0,6891.860000000001,2,0,0.0,0
LGS2ORD0034324,C010095,2025-09-29 20:00:00,Male,29,Gold,TV,Khon Kaen,1228,Shopee,COD,20,9,0,0,20-30,40.93333333333333,5.0,1.0,0.2,52,59,4502.018000000001,0.2299999999999999,0.6,0.2,0.0,0.0,0,0,0.0,0.0,0,0,0.0,17003.18,3,1,0.3333333333333333,22510.090000000004,5,1,0.2,0
LGS2ORD0034325,C010675,2025-09-29 20:00:00,Female,44,Gold,Web,Chiang Mai,611,TV_Show,COD,20,9,0,0,40-50,20.366666666666667,4.0,0.0,0.0,-1,111,5535.7474999999995,0.28,0.25,0.25,0.0,0.0,0,0,0.0,0.0,0,0,0.0,0.0,0,0,0.0,22142.989999999998,4,0,0.0,0
LGS2ORD0034326,C013345,2025-09-29 20:00:00,Female,47,Bronze,Shopee,Khon Kaen,827,CallCenter,Bank_Transfer,20,9,0,0,40-50,27.566666666666666,5.0,1.0,0.2,28,2,5489.714,0.23,0.2,0.2,0.0,9290.61,1,0,0.0,17466.24,2,0,0.0,22264.24,3,1,0.3333333333333333,27448.57,5,1,0.2,0
LGS2ORD0034327,C016936,2025-09-29 20:00:00,Male,35,Bronze,CallCenter,Chonburi,863,Shopee,Bank_Transfer,20,9,0,0,30-40,28.766666666666666,6.0,1.0,0.16666666666666666,242,58,5461.151666666668,0.28,0.6666666666666666,0.16666666666666666,0.0,0.0,0,0,0.0,0.0,0,0,0.0,6821.0,1,0,0.0,32766.910000000003,6,1,0.16666666666666666,0
LGS2ORD0034328,C012094,2025-09-29 20:00:00,Male,45,Bronze,Web,Chiang Mai,834,Shopee,Credit_Card,20,9,0,0,40-50,27.8,2.0,1.0,0.5,198,213,16091.78,0.18,0.5,0.0,0.0,0.0,0,0,0.0,0.0,0,0,0.0,0.0,0,0,0.0,32183.56,2,1,0.5,0
LGS2ORD0034329,C012568,2025-09-29 21:00:00,Female,54,Bronze,Shopee,Khon Kaen,1140,CallCenter,Bank_Transfer,21,9,0,0,>50,38.0,6.0,3.0,0.5,144,26,3911.126666666667,0.23,0.5,0.3333333333333333,0.0,0.0,0,0,0.0,9870.99,1,0,0.0,9870.99,1,0,0.0,23466.760000000002,6,3,0.5,0
LGS2ORD0034330,C013272,2025-09-29 21:00:00,Male,52,Silver,TV,Khon Kaen,1219,Shopee,Credit_Card,21,9,0,0,>50,40.63333333333333,2.0,1.0,0.5,200,60,12123.24,0.05,0.5,0.0,0.0,0.0,0,0,0.0,0.0,0,0,0.0,17213.3,1,0,0.0,24246.48,2,1,0.5,0
LGS2ORD0034331,C012240,2025-09-29 21:00:00,Female,39,Gold,Shopee,Bangkok,1716,CallCenter,Credit_Card,21,9,0,0,30-40,57.2,3.0,2.0,0.6666666666666666,1,8,2077.8166666666666,0.33,1.0,0.3333333333333333,0.0,0.0,0,0,0.0,4470.03,1,1,1.0,5014.54,2,1,0.5,6233.45,3,2,0.6666666666666666,0
LGS2ORD0034332,C010835,2025-09-29 21:00:00,Female,43,Bronze,Lazada,Nakhon Ratchasima,1579,TV_Show,COD,21,9,0,0,40-50,52.63333333333333,3.0,1.0,0.3333333333333333,122,129,2006.1666666666667,0.28,0.3333333333333333,0.3333333333333333,0.0,0.0,0,0,0.0,0.0,0,0,0.0,0.0,0,0,0.0,6018.5,3,1,0.3333333333333333,0
LGS2ORD0034333,C017901,2025-09-29 21:00:00,Male,44,Bronze,Shopee,Chiang Mai,1550,TV_Show,COD,21,9,0,0,40-50,51.666666666666664,7.0,1.0,0.14285714285714285,198,8,6045.587142857143,0.28,0.14285714285714285,0.14285714285714285,0.0,0.0,0,0,0.0,3408.44,1,0,0.0,14598.800000000001,3,0,0.0,42319.11,7,1,0.14285714285714285,0
LGS2ORD0034334,C010141,2025-09-29 21:00:00,Female,30,Bronze,Web,Bangkok,393,TV_Show,COD,21,9,0,0,20-30,13.1,8.0,1.0,0.125,200,23,5012.018749999999,0.28,0.375,0.5,0.0,0.0,0,0,0.0,19343.37,3,0,0.0,24586.719999999998,5,0,0.0,40096.149999999994,8,1,0.125,0
LGS2ORD0034335,C015202,2025-09-29 22:00:00,Male,32,Gold,Lazada,Bangkok,710,TV_Show,Credit_Card,22,9,0,0,30-40,23.666666666666668,4.0,1.0,0.25,240,13,4740.429999999999,0.28,0.0,0.25,0.0,0.0,0,0,0.0,1598.03,1,0,0.0,1598.03,1,0,0.0,18961.719999999998,4,1,0.25,0
LGS2ORD0034336,C015777,2025-09-29 22:00:00,Male,48,Bronze,TV,Khon Kaen,1080,Lazada,COD,22,9,0,0,40-50,36.0,3.0,1.0,0.3333333333333333,106,21,6080.06,0.28,0.6666666666666666,0.6666666666666666,0.0,0.0,0,0,0.0,1263.27,1,0,0.0,1263.27,1,0,0.0,18240.18,3,1,0.3333333333333333,1
LGS2ORD0034337,C012905,2025-09-29 22:00:00,Male,49,Bronze,Web,Chiang Mai,588,Lazada,Bank_Transfer,22,9,0,0,40-50,19.6,2.0,1.0,0.5,240,246,13512.345,0.23,0.5,0.5,0.0,0.0,0,0,0.0,0.0,0,0,0.0,0.0,0,0,0.0,27024.69,2,1,0.5,0
LGS2ORD0034338,C012255,2025-09-29 22:00:00,Female,64,Bronze,TV,Songkhla,1720,Shopee,COD,22,9,0,0,>50,57.333333333333336,0.0,0.0,0.0,-1,-1,0.0,0.0,0.0,0.0,0.0,0.0,0,0,0.0,0.0,0,0,0.0,0.0,0,0,0.0,0.0,0,0,0.0,0
LGS2ORD0034339,C013021,2025-09-29 22:00:00,Male,65,Gold,TV,Khon Kaen,1370,Shopee,PromptPay,22,9,0,0,>50,45.666666666666664,6.0,0.0,0.0,-1,58,6943.748333333333,0.33,0.6666666666666666,0.5,0.0,0.0,0,0,0.0,0.0,0,0,0.0,17308.19,1,0,0.0,41662.49,6,0,0.0,0
LGS2ORD0034340,C012359,2025-09-29 23:00:00,Female,72,Silver,Lazada,Bangkok,1706,Web,COD,23,9,0,0,>50,56.86666666666667,3.0,0.0,0.0,-1,164,3485.156666666667,0.2,0.6666666666666666,0.0,0.0,0.0,0,0,0.0,0.0,0,0,0.0,0.0,0,0,0.0,10455.470000000001,3,0,0.0,1
LGS2ORD0034341,C010860,2025-09-29 23:00:00,Female,59,Bronze,TV,Phuket,1519,CallCenter,COD,23,9,0,0,>50,50.63333333333333,6.0,2.0,0.3333333333333333,178,35,2171.385,0.23,0.5,0.3333333333333333,0.0,0.0,0,0,0.0,0.0,0,0,0.0,5633.41,3,0,0.0,13028.310000000001,6,2,0.3333333333333333,0
LGS2ORD0034342,C013257,2025-09-29 23:00:00,Female,39,Platinum,Web,Remote_Area,546,TV_Show,COD,23,9,0,0,30-40,18.2,1.0,1.0,1.0,58,74,6964.95,0.35,1.0,1.0,0.0,0.0,0,0,0.0,0.0,0,0,0.0,6964.95,1,1,1.0,6964.95,1,1,1.0,0
LGS2ORD0034343,C015110,2025-09-29 23:00:00,Male,35,Bronze,Lazada,Remote_Area,476,CallCenter,COD,23,9,0,0,30-40,15.866666666666667,4.0,2.0,0.5,98,109,2818.3475000000003,0.23,0.5,0.25,0.25,0.0,0,0,0.0,0.0,0,0,0.0,0.0,0,0,0.0,11273.390000000001,4,2,0.5,1
LGS2ORD0034344,C012774,2025-09-29 23:00:00,Female,37,Silver,Shopee,Chiang Mai,346,Web,COD,23,9,0,0,30-40,11.533333333333333,1.0,0.0,0.0,-1,28,11450.06,0.05,0.0,0.0,0.0,0.0,0,0,0.0,11450.06,1,0,0.0,11450.06,1,0,0.0,11450.06,1,0,0.0,0
LGS2ORD0034345,C011544,2025-09-30 00:00:00,Female,58,Bronze,Web,Bangkok,972,Web,Credit_Card,0,9,1,0,>50,32.4,3.0,1.0,0.3333333333333333,155,163,3673.4733333333334,0.23,1.0,0.3333333333333333,0.0,0.0,0,0,0.0,0.0,0,0,0.0,0.0,0,0,0.0,11020.42,3,1,0.3333333333333333,0
LGS2ORD0034346,C010806,2025-09-30 00:00:00,Female,45,Platinum,Shopee,Phuket,824,CallCenter,Bank_Transfer,0,9,1,0,40-50,27.466666666666665,7.0,4.0,0.5714285714285714,9,20,3579.362857142857,0.35,0.7142857142857143,0.7142857142857143,0.0,0.0,0,0,0.0,441.7,1,1,1.0,7493.0199999999995,4,2,0.5,25055.54,7,4,0.5714285714285714,1
LGS2ORD0034347,C013163,2025-09-30 00:00:00,Female,48,Bronze,Shopee,Chiang Mai,578,Shopee,COD,0,9,1,0,40-50,19.266666666666666,6.0,1.0,0.16666666666666666,220,1,6373.026666666666,0.28,0.5,0.5,0.0,876.11,1,0,0.0,1793.45,2,0,0.0,19047.87,4,0,0.0,38238.159999999996,6,1,0.16666666666666666,0
LGS2ORD0034348,C014255,2025-09-30 00:00:00,Male,39,Bronze,Web,Nakhon Ratchasima,839,Shopee,PromptPay,0,9,1,0,30-40,27.966666666666665,2.0,0.0,0.0,-1,49,3114.5,0.18,0.5,0.0,0.0,0.0,0,0,0.0,0.0,0,0,0.0,5381.77,1,0,0.0,6229.0,2,0,0.0,0
LGS2ORD0034349,C016823,2025-09-30 00:00:00,Other,45,Bronze,TV,Phuket,586,Lazada,COD,0,9,1,0,40-50,19.533333333333335,6.0,3.0,0.5,56,66,4256.286666666667,0.23,0.8333333333333334,0.3333333333333333,0.0,0.0,0,0,0.0,0.0,0,0,0.0,5414.82,1,1,1.0,25537.72,6,3,0.5,1
LGS2ORD0034350,C012623,2025-09-30 01:00:00,Male,63,Bronze,TV,Bangkok,1201,Lazada,COD,1,9,1,0,>50,40.03333333333333,5.0,1.0,0.2,53,61,7304.393999999998,0.28,0.8,0.2,0.0,0.0,0,0,0.0,0.0,0,0,0.0,30216.42,3,1,0.3333333333333333,36521.969999999994,5,1,0.2,0
LGS2ORD0034351,C014289,2025-09-30 01:00:00,Male,28,Gold,Lazada,Bangkok,1076,Shopee,COD,1,9,1,0,20-30,35.86666666666667,3.0,0.0,0.0,-1,34,7083.753333333333,0.2299999999999999,0.0,0.6666666666666666,0.0,0.0,0,0,0.0,0.0,0,0,0.0,11163.84,2,0,0.0,21251.26,3,0,0.0,0
LGS2ORD0034352,C016724,2025-09-30 01:00:00,Female,43,Gold,Shopee,Chiang Mai,849,Shopee,Credit_Card,1,9,1,0,40-50,28.3,2.0,0.0,0.0,-1,47,3812.79,0.28,0.5,0.5,0.0,0.0,0,0,0.0,0.0,0,0,0.0,5343.77,1,0,0.0,7625.58,2,0,0.0,0
LGS2ORD0034353,C013184,2025-09-30 01:00:00,Male,37,Bronze,CallCenter,Khon Kaen,1544,CallCenter,COD,1,9,1,0,30-40,51.46666666666667,0.0,0.0,0.0,-1,-1,0.0,0.0,0.0,0.0,0.0,0.0,0,0,0.0,0.0,0,0,0.0,0.0,0,0,0.0,0.0,0,0,0.0,0
LGS2ORD0034354,C011308,2025-09-30 01:00:00,Female,34,Bronze,Web,Bangkok,1293,CallCenter,Credit_Card,1,9,1,0,30-40,43.1,2.0,0.0,0.0,-1,25,9699.825,0.03,1.0,0.0,0.0,0.0,0,0,0.0,5308.66,1,0,0.0,5308.66,1,0,0.0,19399.65,2,0,0.0,0
LGS2ORD0034355,C017289,2025-09-30 01:00:00,Female,38,Platinum,TV,Khon Kaen,1568,TV_Show,PromptPay,1,9,1,0,30-40,52.266666666666666,8.0,1.0,0.125,25,11,2779.2875,0.35,0.625,0.625,0.0,0.0,0,0,0.0,325.84,1,0,0.0,15756.09,3,1,0.3333333333333333,22234.3,8,1,0.125,0
LGS2ORD0034356,C012934,2025-09-30 02:00:00,Female,42,Bronze,Lazada,Phuket,1089,Shopee,PromptPay,2,9,1,0,40-50,36.3,5.0,3.0,0.6,185,102,1968.944,0.23,0.2,0.6,0.0,0.0,0,0,0.0,0.0,0,0,0.0,0.0,0,0,0.0,9844.72,5,3,0.6,0
LGS2ORD0034357,C010271,2025-09-30 02:00:00,Male,27,Gold,CallCenter,Chonburi,1131,Lazada,Bank_Transfer,2,9,1,0,20-30,37.7,3.0,0.0,0.0,-1,109,2328.9666666666667,0.13,0.3333333333333333,0.0,0.0,0.0,0,0,0.0,0.0,0,0,0.0,0.0,0,0,0.0,6986.900000000001,3,0,0.0,0
LGS2ORD0034358,C013397,2025-09-30 02:00:00,Female,37,Bronze,Web,Khon Kaen,1391,Web,COD,2,9,1,0,30-40,46.36666666666667,4.0,1.0,0.25,1,13,7708.48,0.23,0.75,0.25,0.0,0.0,0,0,0.0,7625.9,1,1,1.0,7625.9,1,1,1.0,30833.92,4,1,0.25,0
LGS2ORD0034359,C010783,2025-09-30 02:00:00,Female,52,Silver,Web,Bangkok,634,Shopee,Bank_Transfer,2,9,1,0,>50,21.133333333333333,2.0,1.0,0.5,206,43,1047.905,0.2,0.5,0.0,0.0,0.0,0,0,0.0,0.0,0,0,0.0,854.16,1,0,0.0,2095.81,2,1,0.5,0
LGS2ORD0034360,C017518,2025-09-30 02:00:00,Female,24,Silver,Lazada,Khon Kaen,1250,Shopee,COD,2,9,1,0,20-30,41.666666666666664,4.0,2.0,0.5,71,80,6839.7375,0.2,1.0,0.0,0.0,0.0,0,0,0.0,0.0,0,0,0.0,8124.09,1,1,1.0,27358.95,4,2,0.5,0
LGS2ORD0034361,C010439,2025-09-30 03:00:00,Female,48,Bronze,TV,Bangkok,1255,CallCenter,Credit_Card,3,9,1,0,40-50,41.833333333333336,12.0,3.0,0.25,48,1,2553.3650000000002,0.23,0.6666666666666666,0.08333333333333333,0.0,2287.4,1,0,0.0,4299.83,2,0,0.0,10012.49,4,1,0.25,30640.38,12,3,0.25,0
LGS2ORD0034362,C016961,2025-09-30 03:00:00,Male,49,Platinum,CallCenter,Phuket,1616,Web,Credit_Card,3,9,1,0,40-50,53.86666666666667,4.0,2.0,0.5,243,77,4125.7875,0.35,0.75,0.5,0.0,0.0,0,0,0.0,0.0,0,0,0.0,2431.84,1,0,0.0,16503.15,4,2,0.5,0
LGS2ORD0034363,C012131,2025-09-30 03:00:00,Male,53,Bronze,Lazada,Remote_Area,1653,Lazada,COD,3,9,1,0,>50,55.1,6.0,3.0,0.5,59,51,6244.328333333334,0.23,0.6666666666666666,0.16666666666666666,0.0,0.0,0,0,0.0,0.0,0,0,0.0,20125.489999999998,2,1,0.5,37465.97,6,3,0.5,0
LGS2ORD0034364,C012886,2025-09-30 03:00:00,Female,27,Bronze,Web,Nakhon Ratchasima,1261,Shopee,COD,3,9,1,0,20-30,42.03333333333333,2.0,1.0,0.5,38,48,3722.51,0.08,0.5,0.0,0.0,0.0,0,0,0.0,0.0,0,0,0.0,2461.43,1,1,1.0,7445.02,2,1,0.5,0
LGS2ORD0034365,C015626,2025-09-30 03:00:00,Male,72,Bronze,Lazada,Bangkok,1517,Web,COD,3,9,1,0,>50,50.56666666666667,4.0,1.0,0.25,225,13,3918.5925,0.28,0.75,0.75,0.0,0.0,0,0,0.0,3053.42,1,0,0.0,3053.42,1,0,0.0,15674.37,4,1,0.25,0
LGS2ORD0034366,C012294,2025-09-30 04:00:00,Male,40,Silver,Shopee,Khon Kaen,516,CallCenter,PromptPay,4,9,1,0,30-40,17.2,2.0,0.0,0.0,-1,35,3818.385,0.05,0.0,0.0,0.0,0.0,0,0,0.0,0.0,0,0,0.0,5097.35,1,0,0.0,7636.77,2,0,0.0,0
LGS2ORD0034367,C017929,2025-09-30 04:00:00,Female,64,Bronze,TV,Chonburi,1213,Shopee,COD,4,9,1,0,>50,40.43333333333333,4.0,1.0,0.25,191,173,6584.617499999999,0.28,0.75,0.25,0.0,0.0,0,0,0.0,0.0,0,0,0.0,0.0,0,0,0.0,26338.469999999998,4,1,0.25,1
LGS2ORD0034368,C014695,2025-09-30 04:00:00,Female,56,Bronze,Shopee,Bangkok,1397,Lazada,COD,4,9,1,0,>50,46.56666666666667,7.0,1.0,0.14285714285714285,6,16,3883.5942857142863,0.28,0.42857142857142855,0.42857142857142855,0.0,0.0,0,0,0.0,394.12,1,1,1.0,3997.39,2,1,0.5,27185.160000000003,7,1,0.14285714285714285,0
LGS2ORD0034369,C016150,2025-09-30 04:00:00,Other,72,Silver,Shopee,Bangkok,1450,Shopee,COD,4,9,1,0,>50,48.333333333333336,6.0,1.0,0.16666666666666666,71,83,11986.275000000001,0.2,0.16666666666666666,0.0,0.0,0.0,0,0,0.0,0.0,0,0,0.0,42965.69,1,1,1.0,71917.65000000001,6,1,0.16666666666666666,0
LGS2ORD0034370,C014351,2025-09-30 04:00:00,Male,30,Gold,Shopee,Phuket,992,Shopee,COD,4,9,1,0,20-30,33.06666666666667,6.0,2.0,0.3333333333333333,115,12,3175.0350000000003,0.33,0.5,0.3333333333333333,0.0,0.0,0,0,0.0,313.73,1,0,0.0,313.73,1,0,0.0,19050.210000000003,6,2,0.3333333333333333,0
LGS2ORD0034371,C014628,2025-09-30 04:00:00,Female,49,Gold,Web,Songkhla,1113,Shopee,COD,4,9,1,0,40-50,37.1,1.0,0.0,0.0,-1,205,4251.5,0.08,1.0,0.0,0.0,0.0,0,0,0.0,0.0,0,0,0.0,0.0,0,0,0.0,4251.5,1,0,0.0,0
LGS2ORD0034372,C013336,2025-09-30 05:00:00,Female,63,Silver,TV,Chonburi,1416,TV_Show,PromptPay,5,9,1,0,>50,47.2,4.0,0.0,0.0,-1,9,4089.4474999999998,0.3,0.5,0.5,0.0,0.0,0,0,0.0,2740.49,1,0,0.0,15766.98,3,0,0.0,16357.789999999999,4,0,0.0,0
LGS2ORD0034373,C011996,2025-09-30 05:00:00,Male,38,Gold,Shopee,Bangkok,1333,Shopee,COD,5,9,1,0,30-40,44.43333333333333,3.0,0.0,0.0,-1,167,4415.426666666666,0.2299999999999999,0.0,1.0,0.0,0.0,0,0,0.0,0.0,0,0,0.0,0.0,0,0,0.0,13246.279999999999,3,0,0.0,0
LGS2ORD0034374,C016192,2025-09-30 05:00:00,Female,23,Silver,Web,Phuket,1103,Shopee,Bank_Transfer,5,9,1,0,20-30,36.766666666666666,5.0,1.0,0.2,219,139,4016.6940000000004,0.3,0.4,0.2,0.0,0.0,0,0,0.0,0.0,0,0,0.0,0.0,0,0,0.0,20083.47,5,1,0.2,0
LGS2ORD0034375,C010213,2025-09-30 05:00:00,Female,57,Silver,Lazada,Songkhla,442,Lazada,COD,5,9,1,0,>50,14.733333333333333,4.0,0.0,0.0,-1,68,7118.595,0.15,0.5,0.0,0.0,0.0,0,0,0.0,0.0,0,0,0.0,1298.38,1,0,0.0,28474.38,4,0,0.0,0
LGS2ORD0034376,C013638,2025-09-30 05:00:00,Male,70,Bronze,Web,Nakhon Ratchasima,566,TV_Show,COD,5,9,1,0,>50,18.866666666666667,8.0,2.0,0.25,173,2,3273.8575,0.28,0.625,0.375,0.0,532.37,1,0,0.0,532.37,1,0,0.0,9029.78,2,0,0.0,26190.86,8,2,0.25,0
LGS2ORD0034377,C010728,2025-09-30 06:00:00,Female,53,Gold,Shopee,Songkhla,1722,TV_Show,Credit_Card,6,9,1,0,>50,57.4,5.0,0.0,0.0,-1,34,6977.9619999999995,0.28,0.6,0.4,0.0,0.0,0,0,0.0,0.0,0,0,0.0,24445.440000000002,2,0,0.0,34889.81,5,0,0.0,0
LGS2ORD0034378,C012480,2025-09-30 06:00:00,Male,39,Silver,CallCenter,Bangkok,1675,CallCenter,Bank_Transfer,6,9,1,0,30-40,55.833333333333336,6.0,0.0,0.0,-1,142,4619.266666666666,0.25,0.6666666666666666,0.16666666666666666,0.0,0.0,0,0,0.0,0.0,0,0,0.0,0.0,0,0,0.0,27715.6,6,0,0.0,0
LGS2ORD0034379,C014230,2025-09-30 06:00:00,Male,35,Platinum,Lazada,Khon Kaen,742,TV_Show,COD,6,9,1,0,30-40,24.733333333333334,5.0,2.0,0.4,205,28,6274.030000000001,0.15,0.4,0.0,0.2,0.0,0,0,0.0,7394.23,1,0,0.0,7394.23,1,0,0.0,31370.15,5,2,0.4,0
LGS2ORD0034380,C017887,2025-09-30 06:00:00,Male,34,Bronze,Web,Nakhon Ratchasima,922,Web,Bank_Transfer,6,9,1,0,30-40,30.733333333333334,1.0,0.0,0.0,-1,101,8214.68,0.13,1.0,0.0,0.0,0.0,0,0,0.0,0.0,0,0,0.0,0.0,0,0,0.0,8214.68,1,0,0.0,0
LGS2ORD0034381,C016496,2025-09-30 06:00:00,Female,62,Bronze,TV,Bangkok,298,Web,Bank_Transfer,6,9,1,0,>50,9.933333333333334,4.0,0.0,0.0,-1,92,6102.1224999999995,0.23,0.5,0.25,0.0,0.0,0,0,0.0,0.0,0,0,0.0,0.0,0,0,0.0,24408.489999999998,4,0,0.0,0
LGS2ORD0034382,C011955,2025-09-30 07:00:00,Male,20,Silver,Lazada,Nakhon Ratchasima,1369,Web,COD,7,9,1,0,<20,45.63333333333333,6.0,1.0,0.16666666666666666,79,39,6893.454999999999,0.3,0.6666666666666666,0.16666666666666666,0.0,0.0,0,0,0.0,0.0,0,0,0.0,3674.25,2,0,0.0,41360.729999999996,6,1,0.16666666666666666,0
LGS2ORD0034383,C010027,2025-09-30 07:00:00,Female,23,Bronze,Shopee,Khon Kaen,1476,TV_Show,COD,7,9,1,0,20-30,49.2,3.0,1.0,0.3333333333333333,241,38,5694.830000000001,0.23,0.6666666666666666,0.6666666666666666,0.0,0.0,0,0,0.0,0.0,0,0,0.0,10406.12,1,0,0.0,17084.49,3,1,0.3333333333333333,0
LGS2ORD0034384,C017840,2025-09-30 07:00:00,Male,39,Bronze,Shopee,Chiang Mai,335,Shopee,COD,7,9,1,0,30-40,11.166666666666666,6.0,1.0,0.16666666666666666,132,17,5822.095,0.23,0.3333333333333333,0.16666666666666666,0.0,0.0,0,0,0.0,7837.17,1,0,0.0,7837.17,1,0,0.0,34932.57,6,1,0.16666666666666666,1
LGS2ORD0034385,C012318,2025-09-30 07:00:00,Male,72,Bronze,TV,Chiang Mai,1386,TV_Show,COD,7,9,1,0,>50,46.2,4.0,1.0,0.25,139,65,5514.8625,0.28,0.5,0.25,0.0,0.0,0,0,0.0,0.0,0,0,0.0,5671.53,1,0,0.0,22059.45,4,1,0.25,1
LGS2ORD0034386,C016911,2025-09-30 07:00:00,Male,41,Silver,Shopee,Chonburi,1154,TV_Show,COD,7,9,1,0,40-50,38.46666666666667,6.0,1.0,0.16666666666666666,210,42,10578.745,0.25,0.3333333333333333,0.16666666666666666,0.0,0.0,0,0,0.0,0.0,0,0,0.0,4629.22,1,0,0.0,63472.47,6,1,0.16666666666666666,1
LGS2ORD0034387,C010487,2025-09-30 08:00:00,Male,63,Bronze,TV,Remote_Area,1283,TV_Show,COD,8,9,1,0,>50,42.766666666666666,8.0,1.0,0.125,65,39,5636.81875,0.28,0.375,0.375,0.0,0.0,0,0,0.0,0.0,0,0,0.0,13399.74,3,1,0.3333333333333333,45094.55,8,1,0.125,0
LGS2ORD0034388,C015979,2025-09-30 08:00:00,Male,49,Silver,Lazada,Phuket,1553,CallCenter,COD,8,9,1,0,40-50,51.766666666666666,7.0,1.0,0.14285714285714285,84,5,5786.097142857144,0.3,0.5714285714285714,0.2857142857142857,0.0,1623.66,1,0,0.0,1623.66,1,0,0.0,5877.8,2,0,0.0,40502.68000000001,7,1,0.14285714285714285,0
LGS2ORD0034389,C012594,2025-09-30 08:00:00,Male,71,Gold,Web,Nakhon Ratchasima,1224,TV_Show,COD,8,9,1,0,>50,40.8,5.0,0.0,0.0,-1,9,3273.3,0.28,0.6,0.2,0.0,0.0,0,0,0.0,1401.89,1,0,0.0,3270.75,2,0,0.0,16366.5,5,0,0.0,0
LGS2ORD0034390,C014361,2025-09-30 08:00:00,Male,49,Gold,TV,Chiang Mai,491,Shopee,PromptPay,8,9,1,0,40-50,16.366666666666667,6.0,0.0,0.0,-1,62,1702.7366666666667,0.33,0.16666666666666666,0.5,0.0,0.0,0,0,0.0,0.0,0,0,0.0,2498.9300000000003,2,0,0.0,10216.42,6,0,0.0,0
LGS2ORD0034391,C011795,2025-09-30 08:00:00,Female,42,Platinum,Web,Chonburi,1366,Lazada,Credit_Card,8,9,1,0,40-50,45.53333333333333,3.0,0.0,0.0,-1,31,4172.88,0.3,0.6666666666666666,0.3333333333333333,0.0,0.0,0,0,0.0,0.0,0,0,0.0,12518.64,3,0,0.0,12518.64,3,0,0.0,0
LGS2ORD0034392,C016656,2025-09-30 08:00:00,Female,43,Bronze,TV,Remote_Area,446,TV_Show,COD,8,9,1,0,40-50,14.866666666666667,4.0,1.0,0.25,129,110,3912.1425,0.23,0.75,0.5,0.0,0.0,0,0,0.0,0.0,0,0,0.0,0.0,0,0,0.0,15648.57,4,1,0.25,1
LGS2ORD0034393,C015357,2025-09-30 09:00:00,Male,48,Gold,TV,Nakhon Ratchasima,792,Lazada,COD,9,9,1,0,40-50,26.4,3.0,2.0,0.6666666666666666,116,35,6774.360000000001,0.28,0.3333333333333333,0.3333333333333333,0.0,0.0,0,0,0.0,0.0,0,0,0.0,17595.81,1,0,0.0,20323.08,3,2,0.6666666666666666,0
LGS2ORD0034394,C016584,2025-09-30 09:00:00,Male,62,Gold,Web,Bangkok,674,Lazada,COD,9,9,1,0,>50,22.466666666666665,7.0,2.0,0.2857142857142857,56,61,5714.917142857143,0.18,0.14285714285714285,0.0,0.0,0.0,0,0,0.0,0.0,0,0,0.0,14914.470000000001,2,1,0.5,40004.42,7,2,0.2857142857142857,0
LGS2ORD0034395,C010246,2025-09-30 09:00:00,Female,30,Gold,Lazada,Bangkok,1330,Lazada,Credit_Card,9,9,1,0,20-30,44.333333333333336,2.0,0.0,0.0,-1,55,4798.425,0.28,0.5,0.5,0.0,0.0,0,0,0.0,0.0,0,0,0.0,613.77,1,0,0.0,9596.85,2,0,0.0,0
LGS2ORD0034396,C011445,2025-09-30 09:00:00,Female,39,Bronze,Lazada,Bangkok,548,Web,Bank_Transfer,9,9,1,0,30-40,18.266666666666666,3.0,3.0,1.0,46,53,5882.823333333334,0.28,0.6666666666666666,0.3333333333333333,0.0,0.0,0,0,0.0,0.0,0,0,0.0,2627.29,1,1,1.0,17648.47,3,3,1.0,0
LGS2ORD0034397,C017103,2025-09-30 09:00:00,Male,38,Bronze,Lazada,Nakhon Ratchasima,706,Web,Credit_Card,9,9,1,0,30-40,23.533333333333335,7.0,5.0,0.7142857142857143,10,25,6194.617142857142,0.28,0.7142857142857143,0.14285714285714285,0.0,0.0,0,0,0.0,1278.78,1,1,1.0,16278.04,2,2,1.0,43362.32,7,5,0.7142857142857143,0
LGS2ORD0034398,C015729,2025-09-30 10:00:00,Male,30,Bronze,TV,Nakhon Ratchasima,1547,TV_Show,COD,10,9,1,0,20-30,51.56666666666667,4.0,0.0,0.0,-1,23,4568.5825,0.08,0.5,0.0,0.0,0.0,0,0,0.0,8761.38,1,0,0.0,8761.38,1,0,0.0,18274.33,4,0,0.0,0
LGS2ORD0034399,C015075,2025-09-30 10:00:00,Male,40,Bronze,Shopee,Chonburi,739,Shopee,COD,10,9,1,0,30-40,24.633333333333333,9.0,2.0,0.2222222222222222,-1,3,5607.917777777777,0.18,0.5555555555555556,0.0,0.0,1753.25,1,1,1.0,1753.25,1,1,1.0,1753.25,1,1,1.0,50471.259999999995,9,2,0.2222222222222222,1
LGS2ORD0034400,C011125,2025-09-30 10:00:00,Other,64,Bronze,TV,Remote_Area,1476,Shopee,Credit_Card,10,9,1,0,>50,49.2,4.0,2.0,0.5,143,149,8333.192500000001,0.28,0.5,0.75,0.0,0.0,0,0,0.0,0.0,0,0,0.0,0.0,0,0,0.0,33332.770000000004,4,2,0.5,0
LGS2ORD0034401,C011645,2025-09-30 10:00:00,Male,52,Gold,Web,Chonburi,747,Shopee,COD,10,9,1,0,>50,24.9,3.0,1.0,0.3333333333333333,80,40,12315.663333333336,0.13,0.6666666666666666,0.0,0.0,0.0,0,0,0.0,0.0,0,0,0.0,31037.059999999998,2,0,0.0,36946.990000000005,3,1,0.3333333333333333,1
LGS2ORD0034402,C016867,2025-09-30 10:00:00,Female,50,Silver,TV,Bangkok,1637,Shopee,COD,10,9,1,0,40-50,54.56666666666667,6.0,2.0,0.3333333333333333,23,29,5299.516666666666,0.25,0.6666666666666666,0.16666666666666666,0.0,0.0,0,0,0.0,5171.01,1,1,1.0,5171.01,1,1,1.0,31797.1,6,2,0.3333333333333333,0
LGS2ORD0034403,C012406,2025-09-30 11:00:00,Female,56,Bronze,Web,Khon Kaen,1503,Shopee,COD,11,9,1,0,>50,50.1,1.0,1.0,1.0,247,257,1697.04,0.18,0.0,0.0,0.0,0.0,0,0,0.0,0.0,0,0,0.0,0.0,0,0,0.0,1697.04,1,1,1.0,1
LGS2ORD0034404,C017771,2025-09-30 11:00:00,Female,46,Bronze,CallCenter,Remote_Area,540,Lazada,COD,11,9,1,0,40-50,18.0,8.0,1.0,0.125,24,24,5514.34125,0.18,0.25,0.0,0.0,0.0,0,0,0.0,4347.9,1,0,0.0,7059.879999999999,3,1,0.3333333333333333,44114.73,8,1,0.125,0
LGS2ORD0034405,C016522,2025-09-30 11:00:00,Female,46,Bronze,Shopee,Bangkok,1242,Web,COD,11,9,1,0,40-50,41.4,7.0,2.0,0.2857142857142857,132,7,6544.792857142857,0.28,0.5714285714285714,0.14285714285714285,0.0,0.0,0,0,0.0,6514.14,1,0,0.0,6514.14,1,0,0.0,45813.55,7,2,0.2857142857142857,1
LGS2ORD0034406,C016905,2025-09-30 11:00:00,Female,28,Bronze,CallCenter,Bangkok,949,Shopee,Bank_Transfer,11,9,1,0,20-30,31.633333333333333,4.0,2.0,0.5,108,114,12042.2,0.08,0.5,0.0,0.0,0.0,0,0,0.0,0.0,0,0,0.0,0.0,0,0,0.0,48168.8,4,2,0.5,0
LGS2ORD0034407,C015085,2025-09-30 11:00:00,Female,39,Bronze,Shopee,Remote_Area,1354,Shopee,COD,11,9,1,0,30-40,45.13333333333333,8.0,2.0,0.25,84,15,5605.04375,0.28,0.5,0.25,0.0,0.0,0,0,0.0,2587.2,1,0,0.0,10858.91,3,0,0.0,44840.35,8,2,0.25,0
LGS2ORD0034408,C011190,2025-09-30 12:00:00,Female,43,Silver,Shopee,Chonburi,883,TV_Show,Credit_Card,12,9,1,0,40-50,29.433333333333334,4.0,0.0,0.0,-1,74,7641.397500000001,0.3,1.0,0.25,0.0,0.0,0,0,0.0,0.0,0,0,0.0,8776.1,2,0,0.0,30565.590000000004,4,0,0.0,0
LGS2ORD0034409,C015010,2025-09-30 12:00:00,Female,41,Bronze,Shopee,Bangkok,480,TV_Show,Bank_Transfer,12,9,1,0,40-50,16.0,6.0,1.0,0.16666666666666666,0,8,3770.9566666666665,0.28,0.16666666666666666,0.3333333333333333,0.0,0.0,0,0,0.0,9282.1,3,1,0.3333333333333333,9282.1,3,1,0.3333333333333333,22625.739999999998,6,1,0.16666666666666666,0
LGS2ORD0034410,C017741,2025-09-30 12:00:00,Male,34,Silver,Lazada,Chiang Mai,1679,Web,Credit_Card,12,9,1,0,30-40,55.96666666666667,5.0,2.0,0.4,62,72,5332.484000000001,0.3,0.8,0.2,0.0,0.0,0,0,0.0,0.0,0,0,0.0,930.97,1,1,1.0,26662.420000000006,5,2,0.4,0
LGS2ORD0034411,C012763,2025-09-30 12:00:00,Male,27,Bronze,Web,Chonburi,1064,Shopee,Credit_Card,12,9,1,0,20-30,35.46666666666667,7.0,1.0,0.14285714285714285,15,0,4437.777142857143,0.28,0.2857142857142857,0.2857142857142857,0.0,18973.08,2,0,0.0,21779.83,4,1,0.25,25437.350000000002,5,1,0.2,31064.440000000002,7,1,0.14285714285714285,0
LGS2ORD0034412,C011393,2025-09-30 12:00:00,Male,49,Platinum,Shopee,Bangkok,1610,CallCenter,PromptPay,12,9,1,0,40-50,53.666666666666664,3.0,0.0,0.0,-1,47,3428.58,0.3,0.3333333333333333,1.0,0.0,0.0,0,0,0.0,0.0,0,0,0.0,8774.15,2,0,0.0,10285.74,3,0,0.0,1
LGS2ORD0034413,C012849,2025-09-30 12:00:00,Male,54,Platinum,Lazada,Chiang Mai,898,Shopee,COD,12,9,1,0,>50,29.933333333333334,6.0,0.0,0.0,-1,2,2903.89,0.3,0.5,0.5,0.0,2284.27,1,0,0.0,3781.25,2,0,0.0,5208.87,3,0,0.0,17423.34,6,0,0.0,0
LGS2ORD0034414,C012820,2025-09-30 13:00:00,Female,49,Silver,TV,Remote_Area,1716,Lazada,Credit_Card,13,9,1,0,40-50,57.2,6.0,3.0,0.5,-4,5,3406.9500000000003,0.3,0.3333333333333333,0.16666666666666666,0.0,4346.27,2,1,0.5,4346.27,2,1,0.5,4346.27,2,1,0.5,20441.7,6,3,0.5,0
LGS2ORD0034415,C011211,2025-09-30 13:00:00,Female,26,Bronze,TV,Bangkok,1552,CallCenter,COD,13,9,1,0,20-30,51.733333333333334,5.0,3.0,0.6,5,14,4127.156,0.23,0.8,0.2,0.0,0.0,0,0,0.0,1698.75,1,1,1.0,19262.93,4,2,0.5,20635.78,5,3,0.6,0
LGS2ORD0034416,C011033,2025-09-30 13:00:00,Female,45,Bronze,CallCenter,Chonburi,916,Shopee,Bank_Transfer,13,9,1,0,40-50,30.533333333333335,2.0,1.0,0.5,218,210,4910.3099999999995,0.08,1.0,0.0,0.0,0.0,0,0,0.0,0.0,0,0,0.0,0.0,0,0,0.0,9820.619999999999,2,1,0.5,1
LGS2ORD0034417,C014441,2025-09-30 13:00:00,Male,72,Silver,Shopee,Chiang Mai,1245,TV_Show,COD,13,9,1,0,>50,41.5,2.0,0.0,0.0,-1,123,2681.565,0.1,0.5,0.0,0.0,0.0,0,0,0.0,0.0,0,0,0.0,0.0,0,0,0.0,5363.13,2,0,0.0,0
LGS2ORD0034418,C010943,2025-09-30 13:00:00,Male,34,Platinum,Lazada,Chiang Mai,411,CallCenter,Credit_Card,13,9,1,0,30-40,13.7,3.0,0.0,0.0,-1,69,1516.543333333333,0.3,0.6666666666666666,0.6666666666666666,0.0,0.0,0,0,0.0,0.0,0,0,0.0,4174.54,2,0,0.0,4549.629999999999,3,0,0.0,0
LGS2ORD0034419,C011335,2025-09-30 14:00:00,Male,47,Silver,TV,Nakhon Ratchasima,718,Lazada,PromptPay,14,9,1,0,40-50,23.933333333333334,2.0,0.0,0.0,-1,22,4674.74,0.25,0.5,0.5,0.0,0.0,0,0,0.0,1984.46,1,0,0.0,1984.46,1,0,0.0,9349.48,2,0,0.0,0
LGS2ORD0034420,C016470,2025-09-30 14:00:00,Female,40,Silver,Lazada,Chonburi,1370,Shopee,Credit_Card,14,9,1,0,30-40,45.666666666666664,2.0,0.0,0.0,-1,20,2119.7,0.2,0.0,0.0,0.0,0.0,0,0,0.0,519.16,1,0,0.0,519.16,1,0,0.0,4239.4,2,0,0.0,0
LGS2ORD0034421,C016341,2025-09-30 14:00:00,Other,36,Bronze,Web,Phuket,432,Web,Bank_Transfer,14,9,1,0,30-40,14.4,10.0,4.0,0.4,88,52,3400.0449999999996,0.23,0.8,0.2,0.0,0.0,0,0,0.0,0.0,0,0,0.0,3679.16,1,0,0.0,34000.45,10,4,0.4,0
LGS2ORD0034422,C015623,2025-09-30 14:00:00,Male,25,Silver,Shopee,Phuket,1416,CallCenter,Bank_Transfer,14,9,1,0,20-30,47.2,4.0,2.0,0.5,2,9,2776.855,0.25,0.75,0.25,0.0,0.0,0,0,0.0,3601.7400000000002,2,1,0.5,5077.34,3,2,0.6666666666666666,11107.42,4,2,0.5,0
LGS2ORD0034423,C016670,2025-09-30 14:00:00,Female,27,Bronze,Shopee,Nakhon Ratchasima,1329,TV_Show,Credit_Card,14,9,1,0,20-30,44.3,6.0,1.0,0.16666666666666666,250,29,3041.65,0.18,0.3333333333333333,0.0,0.0,0.0,0,0,0.0,2170.56,1,0,0.0,14260.24,3,0,0.0,18249.9,6,1,0.16666666666666666,0
LGS2ORD0034424,C016755,2025-09-30 15:00:00,Female,19,Bronze,TV,Songkhla,1688,Shopee,Credit_Card,15,9,1,0,<20,56.266666666666666,2.0,1.0,0.5,245,250,4079.725,0.03,0.0,0.0,0.0,0.0,0,0,0.0,0.0,0,0,0.0,0.0,0,0,0.0,8159.45,2,1,0.5,0
LGS2ORD0034425,C017643,2025-09-30 15:00:00,Male,37,Silver,Web,Songkhla,761,TV_Show,Credit_Card,15,9,1,0,30-40,25.366666666666667,4.0,0.0,0.0,-1,144,13121.9325,0.3,0.5,0.5,0.0,0.0,0,0,0.0,0.0,0,0,0.0,0.0,0,0,0.0,52487.73,4,0,0.0,0
LGS2ORD0034426,C014372,2025-09-30 15:00:00,Female,40,Silver,Web,Songkhla,544,Shopee,COD,15,9,1,0,30-40,18.133333333333333,9.0,1.0,0.1111111111111111,49,54,4925.759999999999,0.3,0.6666666666666666,0.1111111111111111,0.0,0.0,0,0,0.0,0.0,0,0,0.0,9769.52,3,1,0.3333333333333333,44331.84,9,1,0.1111111111111111,1
LGS2ORD0034427,C012390,2025-09-30 15:00:00,Male,50,Bronze,TV,Khon Kaen,1541,Web,COD,15,9,1,0,40-50,51.36666666666667,1.0,0.0,0.0,-1,169,3755.82,0.23,1.0,1.0,0.0,0.0,0,0,0.0,0.0,0,0,0.0,0.0,0,0,0.0,3755.82,1,0,0.0,0
LGS2ORD0034428,C016437,2025-09-30 15:00:00,Female,35,Bronze,Web,Songkhla,831,Web,Credit_Card,15,9,1,0,30-40,27.7,7.0,5.0,0.7142857142857143,-6,5,5630.8099999999995,0.23,0.5714285714285714,0.2857142857142857,0.0,7514.32,1,1,1.0,11774.89,2,2,1.0,11774.89,2,2,1.0,39415.67,7,5,0.7142857142857143,0
LGS2ORD0034429,C014562,2025-09-30 16:00:00,Female,67,Silver,TV,Nakhon Ratchasima,1360,Lazada,COD,16,9,1,0,>50,45.333333333333336,8.0,0.0,0.0,-1,22,5181.477500000001,0.2,0.5,0.0,0.0,0.0,0,0,0.0,3061.51,1,0,0.0,27971.0,4,0,0.0,41451.82000000001,8,0,0.0,0
LGS2ORD0034430,C011213,2025-09-30 16:00:00,Female,43,Platinum,TV,Bangkok,1721,Lazada,COD,16,9,1,0,40-50,57.36666666666667,3.0,0.0,0.0,-1,117,4063.486666666666,0.2,0.3333333333333333,0.0,0.0,0.0,0,0,0.0,0.0,0,0,0.0,0.0,0,0,0.0,12190.46,3,0,0.0,0
LGS2ORD0034431,C013801,2025-09-30 16:00:00,Female,44,Bronze,Lazada,Bangkok,1128,Lazada,COD,16,9,1,0,40-50,37.6,1.0,0.0,0.0,-1,130,7110.06,0.03,0.0,0.0,0.0,0.0,0,0,0.0,0.0,0,0,0.0,0.0,0,0,0.0,7110.06,1,0,0.0,0
LGS2ORD0034432,C011456,2025-09-30 16:00:00,Male,26,Gold,TV,Bangkok,1272,CallCenter,COD,16,9,1,0,20-30,42.4,1.0,0.0,0.0,-1,123,4654.91,0.33,0.0,1.0,0.0,0.0,0,0,0.0,0.0,0,0,0.0,0.0,0,0,0.0,4654.91,1,0,0.0,1
LGS2ORD0034433,C011408,2025-09-30 16:00:00,Female,40,Platinum,TV,Phuket,614,Lazada,PromptPay,16,9,1,0,30-40,20.466666666666665,3.0,1.0,0.3333333333333333,44,54,5936.549999999999,0.3,0.3333333333333333,0.3333333333333333,0.0,0.0,0,0,0.0,0.0,0,0,0.0,4058.18,1,1,1.0,17809.649999999998,3,1,0.3333333333333333,0
LGS2ORD0034434,C013556,2025-09-30 16:00:00,Male,32,Silver,Shopee,Khon Kaen,669,Lazada,Credit_Card,16,9,1,0,30-40,22.3,3.0,0.0,0.0,-1,170,1671.0333333333335,0.3,0.0,0.3333333333333333,0.0,0.0,0,0,0.0,0.0,0,0,0.0,0.0,0,0,0.0,5013.1,3,0,0.0,0
LGS2ORD0034435,C017414,2025-09-30 17:00:00,Male,35,Bronze,TV,Khon Kaen,1375,Web,PromptPay,17,9,1,0,30-40,45.833333333333336,9.0,5.0,0.5555555555555556,0,4,3382.8966666666665,0.28,0.5555555555555556,0.5555555555555556,0.0,3400.26,1,1,1.0,3400.26,1,1,1.0,3400.26,1,1,1.0,30446.07,9,5,0.5555555555555556,0
LGS2ORD0034436,C015006,2025-09-30 17:00:00,Male,48,Silver,CallCenter,Nakhon Ratchasima,591,Web,PromptPay,17,9,1,0,40-50,19.7,7.0,2.0,0.2857142857142857,28,35,7764.57,0.3,0.7142857142857143,0.2857142857142857,0.0,0.0,0,0,0.0,0.0,0,0,0.0,7992.41,2,2,1.0,54351.99,7,2,0.2857142857142857,0
LGS2ORD0034437,C017612,2025-09-30 17:00:00,Male,37,Bronze,Web,Chiang Mai,1020,TV_Show,COD,17,9,1,0,30-40,34.0,5.0,1.0,0.2,204,48,6029.978,0.28,0.8,0.2,0.0,0.0,0,0,0.0,0.0,0,0,0.0,2041.77,1,0,0.0,30149.89,5,1,0.2,0
LGS2ORD0034438,C016046,2025-09-30 17:00:00,Male,47,Bronze,Web,Remote_Area,736,TV_Show,COD,17,9,1,0,40-50,24.533333333333335,4.0,2.0,0.5,14,22,2617.0375,0.18,0.75,0.0,0.0,0.0,0,0,0.0,667.94,1,1,1.0,5273.379999999999,2,1,0.5,10468.15,4,2,0.5,0
LGS2ORD0034439,C013122,2025-09-30 17:00:00,Female,41,Bronze,Lazada,Bangkok,284,Shopee,Credit_Card,17,9,1,0,40-50,9.466666666666667,4.0,1.0,0.25,188,65,7480.88,0.23,0.25,0.5,0.0,0.0,0,0,0.0,0.0,0,0,0.0,1218.86,1,0,0.0,29923.52,4,1,0.25,0
LGS2ORD0034440,C011408,2025-09-30 18:00:00,Female,40,Platinum,TV,Phuket,614,TV_Show,COD,18,9,1,0,30-40,20.466666666666665,4.0,1.0,0.25,44,0,4598.469999999999,0.3,0.25,0.25,0.0,584.23,1,0,0.0,584.23,1,0,0.0,4642.41,2,1,0.5,18393.879999999997,4,1,0.25,0
LGS2ORD0034441,C015943,2025-09-30 18:00:00,Male,18,Silver,Shopee,Remote_Area,1004,Shopee,Credit_Card,18,9,1,0,<20,33.46666666666667,3.0,1.0,0.3333333333333333,3,17,3870.0833333333335,0.1,0.3333333333333333,0.0,0.0,0.0,0,0,0.0,1959.42,1,1,1.0,1959.42,1,1,1.0,11610.25,3,1,0.3333333333333333,0
LGS2ORD0034442,C016714,2025-09-30 18:00:00,Male,22,Gold,Lazada,Khon Kaen,1259,Shopee,COD,18,9,1,0,20-30,41.96666666666667,2.0,1.0,0.5,110,8,2378.55,0.08,1.0,0.0,0.0,0.0,0,0,0.0,1269.52,1,0,0.0,1269.52,1,0,0.0,4757.1,2,1,0.5,0
LGS2ORD0034443,C015480,2025-09-30 18:00:00,Female,49,Bronze,Web,Remote_Area,515,Shopee,Bank_Transfer,18,9,1,0,40-50,17.166666666666668,6.0,3.0,0.5,23,33,4026.273333333333,0.18,0.6666666666666666,0.0,0.0,0.0,0,0,0.0,0.0,0,0,0.0,22558.989999999998,5,3,0.6,24157.64,6,3,0.5,0
LGS2ORD0034444,C014172,2025-09-30 18:00:00,Female,42,Silver,TV,Nakhon Ratchasima,1092,CallCenter,COD,18,9,1,0,40-50,36.4,2.0,0.0,0.0,-1,25,7915.8150000000005,0.25,0.5,0.5,0.0,0.0,0,0,0.0,7987.13,1,0,0.0,7987.13,1,0,0.0,15831.630000000001,2,0,0.0,1
LGS2ORD0034445,C015216,2025-09-30 19:00:00,Female,45,Bronze,TV,Chiang Mai,886,Lazada,PromptPay,19,9,1,0,40-50,29.533333333333335,4.0,0.0,0.0,-1,10,4481.525,0.23,0.25,0.25,0.0,0.0,0,0,0.0,2593.35,1,0,0.0,2593.35,1,0,0.0,17926.1,4,0,0.0,1
LGS2ORD0034446,C016919,2025-09-30 19:00:00,Female,18,Bronze,Web,Bangkok,1049,CallCenter,Bank_Transfer,19,9,1,0,<20,34.96666666666667,1.0,0.0,0.0,-1,136,33674.84,0.03,1.0,0.0,0.0,0.0,0,0,0.0,0.0,0,0,0.0,0.0,0,0,0.0,33674.84,1,0,0.0,0
LGS2ORD0034447,C017766,2025-09-30 19:00:00,Male,42,Bronze,TV,Chiang Mai,950,TV_Show,Credit_Card,19,9,1,0,40-50,31.666666666666668,4.0,1.0,0.25,227,78,7114.8475,0.23,0.75,0.5,0.0,0.0,0,0,0.0,0.0,0,0,0.0,5375.34,1,0,0.0,28459.39,4,1,0.25,0
LGS2ORD0034448,C011850,2025-09-30 19:00:00,Male,57,Bronze,Shopee,Remote_Area,574,CallCenter,Bank_Transfer,19,9,1,0,>50,19.133333333333333,10.0,3.0,0.3,10,13,6007.017,0.18,0.9,0.0,0.0,0.0,0,0,0.0,28496.08,2,1,0.5,32781.56,4,1,0.25,60070.17,10,3,0.3,0
LGS2ORD0034449,C017231,2025-09-30 19:00:00,Female,44,Gold,Shopee,Bangkok,1608,Lazada,COD,19,9,1,0,40-50,53.6,5.0,0.0,0.0,-1,7,8145.036000000002,0.33,0.2,0.4,0.0,0.0,0,0,0.0,30005.22,2,0,0.0,35461.92,3,0,0.0,40725.18000000001,5,0,0.0,0
LGS2ORD0034450,C016177,2025-09-30 20:00:00,Female,59,Gold,CallCenter,Chonburi,1430,Shopee,COD,20,9,1,0,>50,47.666666666666664,6.0,1.0,0.16666666666666666,51,31,2050.36,0.28,0.5,0.5,0.0,0.0,0,0,0.0,0.0,0,0,0.0,5519.11,2,1,0.5,12302.16,6,1,0.16666666666666666,1
LGS2ORD0034451,C015960,2025-09-30 20:00:00,Male,49,Bronze,Shopee,Khon Kaen,499,Lazada,Credit_Card,20,9,1,0,40-50,16.633333333333333,5.0,3.0,0.6,15,27,3735.922,0.28,0.4,0.6,0.0,0.0,0,0,0.0,8830.9,1,1,1.0,18229.739999999998,4,3,0.75,18679.61,5,3,0.6,1
LGS2ORD0034452,C014563,2025-09-30 20:00:00,Female,33,Bronze,Web,Bangkok,1021,Shopee,Credit_Card,20,9,1,0,30-40,34.03333333333333,4.0,1.0,0.25,148,49,3154.5249999999996,0.23,0.5,0.5,0.0,0.0,0,0,0.0,0.0,0,0,0.0,6467.07,1,0,0.0,12618.099999999999,4,1,0.25,0
LGS2ORD0034453,C014877,2025-09-30 20:00:00,Female,45,Bronze,Lazada,Nakhon Ratchasima,401,Shopee,COD,20,9,1,0,40-50,13.366666666666667,6.0,0.0,0.0,-1,44,7077.839999999999,0.23,0.6666666666666666,0.3333333333333333,0.0,0.0,0,0,0.0,0.0,0,0,0.0,19899.239999999998,3,0,0.0,42467.03999999999,6,0,0.0,1
LGS2ORD0034454,C011862,2025-09-30 20:00:00,Male,52,Bronze,TV,Bangkok,429,Lazada,COD,20,9,1,0,>50,14.3,3.0,0.0,0.0,-1,98,2207.6733333333336,0.23,1.0,0.3333333333333333,0.0,0.0,0,0,0.0,0.0,0,0,0.0,0.0,0,0,0.0,6623.02,3,0,0.0,0
LGS2ORD0034455,C011308,2025-09-30 20:00:00,Female,34,Bronze,Web,Bangkok,1293,Web,Credit_Card,20,9,1,0,30-40,43.1,3.0,0.0,0.0,-1,0,12569.996666666668,0.08,0.6666666666666666,0.0,0.0,18310.34,1,0,0.0,23619.0,2,0,0.0,23619.0,2,0,0.0,37709.990000000005,3,0,0.0,0
LGS2ORD0034456,C010009,2025-09-30 21:00:00,Female,31,Bronze,Web,Bangkok,1136,CallCenter,Credit_Card,21,9,1,0,30-40,37.86666666666667,2.0,0.0,0.0,-1,21,1358.6100000000001,0.28,0.0,0.5,0.0,0.0,0,0,0.0,963.2,1,0,0.0,963.2,1,0,0.0,2717.2200000000003,2,0,0.0,0
LGS2ORD0034457,C011698,2025-09-30 21:00:00,Female,32,Bronze,Lazada,Bangkok,937,Web,PromptPay,21,9,1,0,30-40,31.233333333333334,4.0,0.0,0.0,-1,80,4391.8275,0.28,0.5,0.25,0.0,0.0,0,0,0.0,0.0,0,0,0.0,1631.21,1,0,0.0,17567.31,4,0,0.0,0
LGS2ORD0034458,C010806,2025-09-30 21:00:00,Female,45,Platinum,Shopee,Phuket,824,Shopee,COD,21,9,1,0,40-50,27.466666666666665,8.0,5.0,0.625,-9,0,5277.35875,0.35,0.625,0.75,0.0,17163.33,1,1,1.0,17605.030000000002,2,2,1.0,24656.350000000002,5,3,0.6,42218.87,8,5,0.625,0
LGS2ORD0034459,C012124,2025-09-30 21:00:00,Male,18,Bronze,Shopee,Remote_Area,1502,TV_Show,Credit_Card,21,9,1,0,<20,50.06666666666667,3.0,1.0,0.3333333333333333,51,60,4108.913333333334,0.23,0.6666666666666666,0.3333333333333333,0.0,0.0,0,0,0.0,0.0,0,0,0.0,5597.63,1,1,1.0,12326.740000000002,3,1,0.3333333333333333,0
LGS2ORD0034460,C010255,2025-09-30 21:00:00,Female,66,Silver,CallCenter,Khon Kaen,1547,CallCenter,Credit_Card,21,9,1,0,>50,51.56666666666667,8.0,3.0,0.375,5,16,5992.75875,0.25,1.0,0.125,0.0,0.0,0,0,0.0,3801.4800000000005,2,1,0.5,3801.4800000000005,2,1,0.5,47942.07,8,3,0.375,0
LGS2ORD0034461,C011450,2025-09-30 22:00:00,Male,38,Bronze,Shopee,Remote_Area,928,TV_Show,Bank_Transfer,22,9,1,0,30-40,30.933333333333334,1.0,1.0,1.0,88,100,1664.16,0.18,1.0,0.0,0.0,0.0,0,0,0.0,0.0,0,0,0.0,0.0,0,0,0.0,1664.16,1,1,1.0,0
LGS2ORD0034462,C011447,2025-09-30 22:00:00,Male,39,Gold,TV,Chonburi,386,Lazada,COD,22,9,1,0,30-40,12.866666666666667,10.0,1.0,0.1,159,43,5577.124000000001,0.33,0.7,0.5,0.0,0.0,0,0,0.0,0.0,0,0,0.0,1508.04,1,0,0.0,55771.240000000005,10,1,0.1,0
LGS2ORD0034463,C012716,2025-09-30 22:00:00,Male,54,Bronze,Lazada,Songkhla,943,TV_Show,COD,22,9,1,0,>50,31.433333333333334,9.0,6.0,0.6666666666666666,0,4,3773.711111111111,0.28,0.6666666666666666,0.3333333333333333,0.0,400.29,1,1,1.0,5674.35,2,2,1.0,12166.690000000002,4,4,1.0,33963.4,9,6,0.6666666666666666,0
LGS2ORD0034464,C010507,2025-09-30 22:00:00,Female,48,Gold,Web,Chonburi,1452,Web,Credit_Card,22,9,1,0,40-50,48.4,4.0,2.0,0.5,154,26,4388.7525000000005,0.2299999999999999,0.75,0.5,0.0,0.0,0,0,0.0,717.99,1,0,0.0,717.99,1,0,0.0,17555.010000000002,4,2,0.5,0
LGS2ORD0034465,C010741,2025-09-30 22:00:00,Male,24,Gold,TV,Phuket,1487,TV_Show,COD,22,9,1,0,20-30,49.56666666666667,11.0,5.0,0.45454545454545453,14,22,5479.391818181817,0.33,0.36363636363636365,0.45454545454545453,0.0,0.0,0,0,0.0,1535.24,1,1,1.0,23983.510000000002,5,2,0.4,60273.30999999999,11,5,0.45454545454545453,1
LGS2ORD0034466,C017119,2025-09-30 23:00:00,Female,46,Silver,Shopee,Chonburi,912,Lazada,COD,23,9,1,0,40-50,30.4,5.0,1.0,0.2,145,104,12348.288,0.25,0.8,0.2,0.0,0.0,0,0,0.0,0.0,0,0,0.0,0.0,0,0,0.0,61741.44,5,1,0.2,0
LGS2ORD0034467,C014284,2025-09-30 23:00:00,Female,51,Silver,TV,Chiang Mai,562,CallCenter,PromptPay,23,9,1,0,>50,18.733333333333334,6.0,3.0,0.5,89,50,3159.8500000000004,0.2,0.8333333333333334,0.0,0.0,0.0,0,0,0.0,0.0,0,0,0.0,652.15,1,0,0.0,18959.100000000002,6,3,0.5,0
LGS2ORD0034468,C016752,2025-09-30 23:00:00,Male,35,Bronze,TV,Remote_Area,1346,Lazada,COD,23,9,1,0,30-40,44.86666666666667,3.0,0.0,0.0,-1,26,1301.8233333333333,0.28,0.6666666666666666,0.3333333333333333,0.0,0.0,0,0,0.0,466.83,1,0,0.0,1294.87,2,0,0.0,3905.47,3,0,0.0,0
LGS2ORD0034469,C011687,2025-09-30 23:00:00,Male,55,Bronze,TV,Chonburi,1123,Web,Credit_Card,23,9,1,0,>50,37.43333333333333,3.0,1.0,0.3333333333333333,140,54,11319.936666666666,0.28,0.3333333333333333,0.3333333333333333,0.0,0.0,0,0,0.0,0.0,0,0,0.0,33028.85,2,0,0.0,33959.81,3,1,0.3333333333333333,0
LGS2ORD0034470,C013991,2025-09-30 23:00:00,Male,42,Bronze,Lazada,Chonburi,456,TV_Show,Credit_Card,23,9,1,0,40-50,15.2,0.0,0.0,0.0,-1,-1,0.0,0.0,0.0,0.0,0.0,0.0,0,0,0.0,0.0,0,0,0.0,0.0,0,0,0.0,0.0,0,0,0.0,0
LGS2ORD0034471,C012059,2025-09-30 23:00:00,Male,22,Gold,TV,Bangkok,1273,Shopee,Credit_Card,23,9,1,0,20-30,42.43333333333333,6.0,0.0,0.0,-1,41,4542.971666666667,0.28,0.3333333333333333,0.8333333333333334,0.0,0.0,0,0,0.0,0.0,0,0,0.0,1848.55,1,0,0.0,27257.83,6,0,0.0,0
LGS2ORD0034472,C011182,2025-10-01 00:00:00,Female,31,Silver,Lazada,Remote_Area,1540,Lazada,Credit_Card,0,10,2,0,30-40,51.333333333333336,6.0,0.0,0.0,-1,10,8103.128333333333,0.3,0.5,0.16666666666666666,0.0,0.0,0,0,0.0,6296.139999999999,2,0,0.0,6296.139999999999,2,0,0.0,48618.77,6,0,0.0,0
LGS2ORD0034473,C010739,2025-10-01 00:00:00,Male,34,Bronze,CallCenter,Bangkok,509,Web,COD,0,10,2,0,30-40,16.966666666666665,6.0,2.0,0.3333333333333333,17,29,3104.1883333333335,0.28,0.5,0.3333333333333333,0.0,0.0,0,0,0.0,850.9,1,1,1.0,8104.039999999999,4,1,0.25,18625.13,6,2,0.3333333333333333,0
LGS2ORD0034474,C013210,2025-10-01 00:00:00,Female,43,Bronze,TV,Nakhon Ratchasima,1720,Shopee,Bank_Transfer,0,10,2,0,40-50,57.333333333333336,4.0,1.0,0.25,190,48,1492.1125000000002,0.18,0.25,0.0,0.0,0.0,0,0,0.0,0.0,0,0,0.0,1452.85,1,0,0.0,5968.450000000001,4,1,0.25,0
LGS2ORD0034475,C016539,2025-10-01 00:00:00,Female,42,Bronze,Shopee,Bangkok,474,TV_Show,Credit_Card,0,10,2,0,40-50,15.8,3.0,1.0,0.3333333333333333,51,29,13309.5,0.28,0.3333333333333333,0.3333333333333333,0.0,0.0,0,0,0.0,1966.54,1,0,0.0,39928.5,3,1,0.3333333333333333,39928.5,3,1,0.3333333333333333,1
LGS2ORD0034476,C014098,2025-10-01 00:00:00,Female,53,Platinum,Shopee,Songkhla,1621,CallCenter,COD,0,10,2,0,>50,54.03333333333333,2.0,1.0,0.5,237,15,2044.32,0.35,0.5,1.0,0.0,0.0,0,0,0.0,544.14,1,0,0.0,544.14,1,0,0.0,4088.64,2,1,0.5,0
LGS2ORD0034477,C014926,2025-10-01 01:00:00,Female,50,Silver,Lazada,Songkhla,1131,Lazada,COD,1,10,2,0,40-50,37.7,4.0,0.0,0.0,-1,68,10472.1725,0.2,0.25,0.0,0.0,0.0,0,0,0.0,0.0,0,0,0.0,32786.18,2,0,0.0,41888.69,4,0,0.0,0
LGS2ORD0034478,C013196,2025-10-01 01:00:00,Female,32,Silver,Lazada,Songkhla,855,Shopee,COD,1,10,2,0,30-40,28.5,5.0,3.0,0.6,52,28,3949.7419999999997,0.25,0.6,0.2,0.0,0.0,0,0,0.0,4550.62,1,0,0.0,15361.779999999999,2,1,0.5,19748.71,5,3,0.6,1
LGS2ORD0034479,C011277,2025-10-01 01:00:00,Other,40,Silver,Lazada,Bangkok,997,TV_Show,Bank_Transfer,1,10,2,0,30-40,33.233333333333334,4.0,2.0,0.5,180,138,4270.82,0.2,0.5,0.0,0.0,0.0,0,0,0.0,0.0,0,0,0.0,0.0,0,0,0.0,17083.28,4,2,0.5,0
LGS2ORD0034480,C010376,2025-10-01 01:00:00,Female,38,Bronze,TV,Chonburi,1031,Lazada,Bank_Transfer,1,10,2,0,30-40,34.36666666666667,5.0,2.0,0.4,109,24,10995.503999999999,0.28,0.4,0.4,0.0,0.0,0,0,0.0,1191.85,1,0,0.0,1191.85,1,0,0.0,54977.52,5,2,0.4,0
LGS2ORD0034481,C011865,2025-10-01 01:00:00,Female,43,Silver,Web,Chonburi,697,Shopee,PromptPay,1,10,2,0,40-50,23.233333333333334,1.0,0.0,0.0,-1,154,781.24,0.2,1.0,0.0,0.0,0.0,0,0,0.0,0.0,0,0,0.0,0.0,0,0,0.0,781.24,1,0,0.0,0
LGS2ORD0034482,C015711,2025-10-01 02:00:00,Female,45,Gold,Web,Khon Kaen,1646,TV_Show,Credit_Card,2,10,2,0,40-50,54.86666666666667,5.0,1.0,0.2,190,55,2725.7879999999996,0.28,0.6,0.6,0.0,0.0,0,0,0.0,0.0,0,0,0.0,1574.53,1,0,0.0,13628.939999999999,5,1,0.2,0
LGS2ORD0034483,C014847,2025-10-01 02:00:00,Male,28,Silver,Web,Remote_Area,1402,Lazada,Bank_Transfer,2,10,2,0,20-30,46.733333333333334,3.0,0.0,0.0,-1,181,2054.5433333333335,0.2,0.3333333333333333,0.0,0.0,0.0,0,0,0.0,0.0,0,0,0.0,0.0,0,0,0.0,6163.63,3,0,0.0,1
LGS2ORD0034484,C012663,2025-10-01 02:00:00,Male,59,Bronze,Shopee,Bangkok,1182,Shopee,Bank_Transfer,2,10,2,0,>50,39.4,1.0,0.0,0.0,-1,153,4017.24,0.08,0.0,0.0,0.0,0.0,0,0,0.0,0.0,0,0,0.0,0.0,0,0,0.0,4017.24,1,0,0.0,0
LGS2ORD0034485,C013232,2025-10-01 02:00:00,Male,59,Silver,Shopee,Chiang Mai,1116,Web,Bank_Transfer,2,10,2,0,>50,37.2,4.0,0.0,0.0,-1,134,6636.4325,0.25,1.0,0.25,0.0,0.0,0,0,0.0,0.0,0,0,0.0,0.0,0,0,0.0,26545.73,4,0,0.0,0
LGS2ORD0034486,C017111,2025-10-01 02:00:00,Male,26,Bronze,CallCenter,Bangkok,1414,Web,Credit_Card,2,10,2,0,20-30,47.13333333333333,7.0,2.0,0.2857142857142857,43,43,10441.614285714286,0.23,0.5714285714285714,0.42857142857142855,0.0,0.0,0,0,0.0,0.0,0,0,0.0,53849.67,4,1,0.25,73091.3,7,2,0.2857142857142857,0
LGS2ORD0034487,C013803,2025-10-01 03:00:00,Male,54,Bronze,TV,Chonburi,1445,Web,COD,3,10,2,0,>50,48.166666666666664,4.0,1.0,0.25,238,167,3368.06,0.23,0.5,0.25,0.0,0.0,0,0,0.0,0.0,0,0,0.0,0.0,0,0,0.0,13472.24,4,1,0.25,0
LGS2ORD0034488,C017730,2025-10-01 03:00:00,Male,34,Platinum,Web,Bangkok,560,Lazada,COD,3,10,2,0,30-40,18.666666666666668,2.0,0.0,0.0,-1,15,5366.225,0.35,1.0,0.5,0.0,0.0,0,0,0.0,2570.12,1,0,0.0,2570.12,1,0,0.0,10732.45,2,0,0.0,0
LGS2ORD0034489,C013453,2025-10-01 03:00:00,Female,41,Bronze,CallCenter,Bangkok,1550,Lazada,COD,3,10,2,0,40-50,51.666666666666664,4.0,3.0,0.75,86,92,8543.102499999999,0.28,0.5,0.25,0.0,0.0,0,0,0.0,0.0,0,0,0.0,0.0,0,0,0.0,34172.409999999996,4,3,0.75,0
LGS2ORD0034490,C010969,2025-10-01 03:00:00,Female,36,Bronze,TV,Bangkok,999,Shopee,COD,3,10,2,0,30-40,33.3,3.0,0.0,0.0,-1,139,9283.143333333333,0.18,0.0,0.0,0.0,0.0,0,0,0.0,0.0,0,0,0.0,0.0,0,0,0.0,27849.43,3,0,0.0,0
LGS2ORD0034491,C012417,2025-10-01 03:00:00,Female,43,Silver,Web,Bangkok,433,TV_Show,COD,3,10,2,0,40-50,14.433333333333334,1.0,0.0,0.0,-1,78,963.77,0.15,1.0,0.0,0.0,0.0,0,0,0.0,0.0,0,0,0.0,963.77,1,0,0.0,963.77,1,0,0.0,1
LGS2ORD0034492,C017680,2025-10-01 03:00:00,Female,47,Bronze,TV,Chiang Mai,869,TV_Show,COD,3,10,2,0,40-50,28.966666666666665,6.0,1.0,0.16666666666666666,115,107,3470.888333333334,0.28,0.5,0.16666666666666666,0.0,0.0,0,0,0.0,0.0,0,0,0.0,0.0,0,0,0.0,20825.33,6,1,0.16666666666666666,0
LGS2ORD0034493,C012294,2025-10-01 04:00:00,Male,40,Silver,Shopee,Khon Kaen,517,TV_Show,COD,4,10,2,0,30-40,17.233333333333334,3.0,0.0,0.0,-1,1,6274.986666666667,0.05,0.0,0.0,0.0,11188.19,1,0,0.0,11188.19,1,0,0.0,16285.54,2,0,0.0,18824.96,3,0,0.0,1
LGS2ORD0034494,C010696,2025-10-01 04:00:00,Female,52,Bronze,Web,Nakhon Ratchasima,473,Web,Credit_Card,4,10,2,0,>50,15.766666666666667,8.0,2.0,0.25,15,26,9933.545,0.28,0.75,0.375,0.0,0.0,0,0,0.0,4438.13,1,1,1.0,27253.19,3,2,0.6666666666666666,79468.36,8,2,0.25,0
LGS2ORD0034495,C012525,2025-10-01 04:00:00,Female,50,Bronze,Shopee,Bangkok,992,TV_Show,COD,4,10,2,0,40-50,33.06666666666667,10.0,3.0,0.3,3,9,4860.432999999999,0.28,0.7,0.4,0.0,0.0,0,0,0.0,8876.06,3,1,0.3333333333333333,26994.67,6,2,0.3333333333333333,48604.329999999994,10,3,0.3,0
LGS2ORD0034496,C014234,2025-10-01 04:00:00,Male,46,Bronze,TV,Chiang Mai,1035,Shopee,COD,4,10,2,0,40-50,34.5,2.0,0.0,0.0,-1,215,1647.615,0.18,0.0,0.0,0.0,0.0,0,0,0.0,0.0,0,0,0.0,0.0,0,0,0.0,3295.23,2,0,0.0,1
LGS2ORD0034497,C011982,2025-10-01 04:00:00,Female,55,Silver,Web,Bangkok,1041,Lazada,Credit_Card,4,10,2,0,>50,34.7,3.0,0.0,0.0,-1,122,5218.650000000001,0.3,1.0,0.6666666666666666,0.0,0.0,0,0,0.0,0.0,0,0,0.0,0.0,0,0,0.0,15655.95,3,0,0.0,1
LGS2ORD0034498,C013076,2025-10-01 05:00:00,Female,43,Bronze,CallCenter,Bangkok,450,Shopee,COD,5,10,2,0,40-50,15.0,9.0,1.0,0.1111111111111111,184,5,9332.10888888889,0.28,0.3333333333333333,0.5555555555555556,0.0,8001.57,1,0,0.0,13428.52,2,0,0.0,15507.88,3,0,0.0,83988.98000000001,9,1,0.1111111111111111,0
LGS2ORD0034499,C013429,2025-10-01 05:00:00,Female,53,Platinum,Web,Songkhla,571,Web,PromptPay,5,10,2,0,>50,19.033333333333335,0.0,0.0,0.0,-1,-1,0.0,0.0,0.0,0.0,0.0,0.0,0,0,0.0,0.0,0,0,0.0,0.0,0,0,0.0,0.0,0,0,0.0,1
LGS2ORD0034500,C012686,2025-10-01 05:00:00,Female,64,Bronze,CallCenter,Bangkok,1446,CallCenter,Credit_Card,5,10,2,0,>50,48.2,6.0,0.0,0.0,-1,9,2924.64,0.28,0.5,0.3333333333333333,0.0,0.0,0,0,0.0,13852.560000000001,2,0,0.0,15045.310000000001,3,0,0.0,17547.84,6,0,0.0,0
LGS2ORD0034501,C011378,2025-10-01 05:00:00,Female,35,Bronze,Lazada,Khon Kaen,1182,Web,Bank_Transfer,5,10,2,0,30-40,39.4,4.0,2.0,0.5,150,23,13798.28,0.28,0.5,0.25,0.0,0.0,0,0,0.0,2458.39,1,0,0.0,2458.39,1,0,0.0,55193.12,4,2,0.5,0
LGS2ORD0034502,C013154,2025-10-01 05:00:00,Female,54,Gold,Lazada,Phuket,1277,CallCenter,COD,5,10,2,0,>50,42.56666666666667,7.0,3.0,0.42857142857142855,106,17,3773.5085714285715,0.28,0.8571428571428571,0.5714285714285714,0.0,0.0,0,0,0.0,3295.5,1,0,0.0,16214.82,4,0,0.0,26414.56,7,3,0.42857142857142855,1
LGS2ORD0034503,C010699,2025-10-01 06:00:00,Female,34,Platinum,Shopee,Bangkok,785,Lazada,COD,6,10,2,0,30-40,26.166666666666668,5.0,1.0,0.2,221,19,7894.526000000001,0.35,0.4,0.6,0.0,0.0,0,0,0.0,6668.79,1,0,0.0,6668.79,1,0,0.0,39472.630000000005,5,1,0.2,0
LGS2ORD0034504,C012556,2025-10-01 06:00:00,Female,38,Silver,CallCenter,Remote_Area,1529,Web,COD,6,10,2,0,30-40,50.96666666666667,7.0,0.0,0.0,-1,45,3400.4328571428573,0.3,0.42857142857142855,0.2857142857142857,0.0,0.0,0,0,0.0,0.0,0,0,0.0,12005.71,3,0,0.0,23803.030000000002,7,0,0.0,1
LGS2ORD0034505,C011221,2025-10-01 06:00:00,Male,44,Gold,Shopee,Phuket,650,Web,Bank_Transfer,6,10,2,0,40-50,21.666666666666668,1.0,1.0,1.0,235,250,4606.27,0.08,0.0,0.0,0.0,0.0,0,0,0.0,0.0,0,0,0.0,0.0,0,0,0.0,4606.27,1,1,1.0,0
LGS2ORD0034506,C014365,2025-10-01 06:00:00,Female,55,Silver,TV,Chiang Mai,1690,TV_Show,Credit_Card,6,10,2,0,>50,56.333333333333336,4.0,1.0,0.25,195,8,2873.3675000000003,0.2,0.25,0.0,0.0,0.0,0,0,0.0,5213.04,1,0,0.0,6946.88,2,0,0.0,11493.470000000001,4,1,0.25,0
LGS2ORD0034507,C016377,2025-10-01 06:00:00,Female,52,Silver,Web,Chiang Mai,419,Web,Credit_Card,6,10,2,0,>50,13.966666666666667,4.0,2.0,0.5,61,68,1925.29,0.1,0.25,0.0,0.0,0.0,0,0,0.0,0.0,0,0,0.0,1772.75,1,1,1.0,7701.16,4,2,0.5,0
LGS2ORD0034508,C016315,2025-10-01 07:00:00,Male,41,Bronze,Shopee,Khon Kaen,1114,Shopee,COD,7,10,2,0,40-50,37.13333333333333,2.0,0.0,0.0,-1,135,1813.925,0.28,0.5,0.5,0.0,0.0,0,0,0.0,0.0,0,0,0.0,0.0,0,0,0.0,3627.85,2,0,0.0,1
LGS2ORD0034509,C016307,2025-10-01 07:00:00,Male,40,Silver,Shopee,Nakhon Ratchasima,1669,Web,COD,7,10,2,0,30-40,55.63333333333333,9.0,0.0,0.0,-1,9,3898.4766666666674,0.25,0.4444444444444444,0.1111111111111111,0.0,0.0,0,0,0.0,1060.33,1,0,0.0,9216.32,3,0,0.0,35086.29000000001,9,0,0.0,1
LGS2ORD0034510,C010116,2025-10-01 07:00:00,Male,22,Bronze,TV,Phuket,472,Web,PromptPay,7,10,2,0,20-30,15.733333333333333,3.0,1.0,0.3333333333333333,18,22,19495.673333333336,0.13,0.6666666666666666,0.0,0.0,0.0,0,0,0.0,22265.79,1,1,1.0,26574.23,2,1,0.5,58487.020000000004,3,1,0.3333333333333333,0
LGS2ORD0034511,C010091,2025-10-01 07:00:00,Male,69,Bronze,Lazada,Chonburi,1367,CallCenter,COD,7,10,2,0,>50,45.56666666666667,6.0,0.0,0.0,-1,83,3307.7683333333334,0.23,0.5,0.5,0.0,0.0,0,0,0.0,0.0,0,0,0.0,2625.7,1,0,0.0,19846.61,6,0,0.0,0
LGS2ORD0034512,C012731,2025-10-01 07:00:00,Male,45,Bronze,Web,Remote_Area,1481,Shopee,Credit_Card,7,10,2,0,40-50,49.36666666666667,8.0,2.0,0.25,171,75,3936.2925,0.23,0.625,0.25,0.0,0.0,0,0,0.0,0.0,0,0,0.0,11535.21,2,0,0.0,31490.34,8,2,0.25,1
LGS2ORD0034513,C011252,2025-10-01 07:00:00,Female,32,Silver,TV,Bangkok,514,Web,Credit_Card,7,10,2,0,30-40,17.133333333333333,6.0,4.0,0.6666666666666666,63,43,6424.941666666666,0.25,0.8333333333333334,0.5,0.0,0.0,0,0,0.0,0.0,0,0,0.0,19189.31,2,1,0.5,38549.649999999994,6,4,0.6666666666666666,0
LGS2ORD0034514,C015889,2025-10-01 08:00:00,Female,36,Silver,TV,Bangkok,1060,Shopee,Credit_Card,8,10,2,0,30-40,35.333333333333336,7.0,1.0,0.14285714285714285,131,47,5963.979999999999,0.2,0.5714285714285714,0.0,0.0,0.0,0,0,0.0,0.0,0,0,0.0,15097.349999999999,2,0,0.0,41747.85999999999,7,1,0.14285714285714285,0
LGS2ORD0034515,C011161,2025-10-01 08:00:00,Female,48,Gold,Web,Chonburi,908,TV_Show,Credit_Card,8,10,2,0,40-50,30.266666666666666,2.0,1.0,0.5,193,178,3741.365,0.28,1.0,0.5,0.0,0.0,0,0,0.0,0.0,0,0,0.0,0.0,0,0,0.0,7482.73,2,1,0.5,0
LGS2ORD0034516,C011106,2025-10-01 08:00:00,Female,24,Silver,Shopee,Khon Kaen,411,Web,PromptPay,8,10,2,0,20-30,13.7,3.0,0.0,0.0,-1,10,2703.0866666666666,0.25,0.6666666666666666,0.3333333333333333,0.0,0.0,0,0,0.0,2634.82,1,0,0.0,7365.790000000001,2,0,0.0,8109.26,3,0,0.0,0
LGS2ORD0034517,C014983,2025-10-01 08:00:00,Female,58,Bronze,Lazada,Remote_Area,1016,TV_Show,Credit_Card,8,10,2,0,>50,33.86666666666667,3.0,0.0,0.0,-1,73,3683.5766666666664,0.18,0.6666666666666666,0.0,0.0,0.0,0,0,0.0,0.0,0,0,0.0,1262.82,1,0,0.0,11050.73,3,0,0.0,0
LGS2ORD0034518,C013927,2025-10-01 08:00:00,Female,71,Gold,TV,Khon Kaen,1608,CallCenter,COD,8,10,2,0,>50,53.6,0.0,0.0,0.0,-1,-1,0.0,0.0,0.0,0.0,0.0,0.0,0,0,0.0,0.0,0,0,0.0,0.0,0,0,0.0,0.0,0,0,0.0,0
LGS2ORD0034519,C010212,2025-10-01 09:00:00,Male,51,Bronze,Web,Bangkok,1562,CallCenter,COD,9,10,2,0,>50,52.06666666666667,10.0,2.0,0.2,234,7,7835.242000000001,0.28,0.8,0.4,0.0,0.0,0,0,0.0,11222.75,3,0,0.0,14920.29,4,0,0.0,78352.42000000001,10,2,0.2,0
LGS2ORD0034520,C014814,2025-10-01 09:00:00,Female,33,Bronze,Lazada,Remote_Area,1293,CallCenter,Credit_Card,9,10,2,0,30-40,43.1,2.0,1.0,0.5,219,178,1657.76,0.23,0.0,0.5,0.0,0.0,0,0,0.0,0.0,0,0,0.0,0.0,0,0,0.0,3315.52,2,1,0.5,0
LGS2ORD0034521,C017523,2025-10-01 09:00:00,Female,57,Bronze,Web,Khon Kaen,1567,Web,Credit_Card,9,10,2,0,>50,52.233333333333334,1.0,0.0,0.0,-1,134,685.21,0.28,0.0,1.0,0.0,0.0,0,0,0.0,0.0,0,0,0.0,0.0,0,0,0.0,685.21,1,0,0.0,0
LGS2ORD0034522,C011660,2025-10-01 09:00:00,Male,58,Platinum,CallCenter,Phuket,689,Web,Credit_Card,9,10,2,0,>50,22.966666666666665,5.0,2.0,0.4,174,69,4283.386,0.25,0.4,0.6,0.0,0.0,0,0,0.0,0.0,0,0,0.0,7146.39,1,0,0.0,21416.93,5,2,0.4,0
LGS2ORD0034523,C014718,2025-10-01 09:00:00,Male,18,Gold,Web,Nakhon Ratchasima,1680,Lazada,COD,9,10,2,0,<20,56.0,6.0,2.0,0.3333333333333333,0,13,3730.8799999999997,0.28,0.3333333333333333,0.3333333333333333,0.0,0.0,0,0,0.0,477.72,1,1,1.0,477.72,1,1,1.0,22385.28,6,2,0.3333333333333333,1
LGS2ORD0034524,C012101,2025-10-01 10:00:00,Female,62,Bronze,CallCenter,Songkhla,297,TV_Show,COD,10,10,2,0,>50,9.9,3.0,1.0,0.3333333333333333,178,57,8356.363333333333,0.18,0.0,0.0,0.0,0.0,0,0,0.0,0.0,0,0,0.0,8439.02,2,0,0.0,25069.09,3,1,0.3333333333333333,0
LGS2ORD0034525,C015139,2025-10-01 10:00:00,Female,57,Bronze,Lazada,Bangkok,892,Web,COD,10,10,2,0,>50,29.733333333333334,5.0,0.0,0.0,-1,4,1537.982,0.23,0.2,0.2,0.0,281.11,1,0,0.0,281.11,1,0,0.0,281.11,1,0,0.0,7689.91,5,0,0.0,0
LGS2ORD0034526,C011625,2025-10-01 10:00:00,Female,36,Bronze,TV,Remote_Area,1713,Shopee,COD,10,10,2,0,30-40,57.1,1.0,0.0,0.0,-1,90,8176.53,0.08,0.0,0.0,0.0,0.0,0,0,0.0,0.0,0,0,0.0,0.0,0,0,0.0,8176.53,1,0,0.0,0
LGS2ORD0034527,C012035,2025-10-01 10:00:00,Male,37,Bronze,TV,Chonburi,299,Shopee,Credit_Card,10,10,2,0,30-40,9.966666666666667,6.0,0.0,0.0,-1,23,7877.643333333333,0.13,0.6666666666666666,0.0,0.0,0.0,0,0,0.0,12795.76,1,0,0.0,12795.76,1,0,0.0,47265.86,6,0,0.0,0
LGS2ORD0034528,C010791,2025-10-01 10:00:00,Female,48,Silver,Lazada,Chonburi,1292,Shopee,COD,10,10,2,0,40-50,43.06666666666667,5.0,0.0,0.0,-1,90,4171.646,0.2,0.4,0.0,0.0,0.0,0,0,0.0,0.0,0,0,0.0,0.0,0,0,0.0,20858.23,5,0,0.0,1
LGS2ORD0034529,C017810,2025-10-01 11:00:00,Female,72,Silver,Lazada,Bangkok,1402,CallCenter,Bank_Transfer,11,10,2,0,>50,46.733333333333334,3.0,0.0,0.0,-1,121,6795.11,0.2,0.6666666666666666,0.0,0.0,0.0,0,0,0.0,0.0,0,0,0.0,0.0,0,0,0.0,20385.329999999998,3,0,0.0,0
LGS2ORD0034530,C010077,2025-10-01 11:00:00,Other,46,Platinum,Web,Bangkok,1496,TV_Show,PromptPay,11,10,2,0,40-50,49.86666666666667,4.0,0.0,0.0,-1,45,2194.9675,0.3,0.75,0.5,0.0,0.0,0,0,0.0,0.0,0,0,0.0,4109.41,2,0,0.0,8779.87,4,0,0.0,0
LGS2ORD0034531,C016383,2025-10-01 11:00:00,Female,25,Silver,Web,Bangkok,969,Lazada,Credit_Card,11,10,2,0,20-30,32.3,2.0,0.0,0.0,-1,32,2303.975,0.25,1.0,0.5,0.0,0.0,0,0,0.0,0.0,0,0,0.0,3171.17,1,0,0.0,4607.95,2,0,0.0,1
LGS2ORD0034532,C011516,2025-10-01 11:00:00,Female,28,Bronze,TV,Nakhon Ratchasima,1579,Web,Credit_Card,11,10,2,0,20-30,52.63333333333333,10.0,4.0,0.4,6,12,7699.371000000001,0.28,0.7,0.3,0.0,0.0,0,0,0.0,39131.55,3,2,0.6666666666666666,53675.5,5,3,0.6,76993.71,10,4,0.4,0
LGS2ORD0034533,C017107,2025-10-01 11:00:00,Female,54,Silver,CallCenter,Bangkok,1677,TV_Show,Credit_Card,11,10,2,0,>50,55.9,3.0,1.0,0.3333333333333333,158,68,4328.363333333334,0.1,0.3333333333333333,0.0,0.0,0.0,0,0,0.0,0.0,0,0,0.0,4201.34,2,0,0.0,12985.09,3,1,0.3333333333333333,0
LGS2ORD0034534,C012597,2025-10-01 11:00:00,Other,38,Bronze,Shopee,Chiang Mai,1160,Shopee,Credit_Card,11,10,2,0,30-40,38.666666666666664,3.0,0.0,0.0,-1,21,12899.836666666668,0.28,0.6666666666666666,0.3333333333333333,0.0,0.0,0,0,0.0,1790.05,1,0,0.0,26419.12,2,0,0.0,38699.51,3,0,0.0,0
LGS2ORD0034535,C015533,2025-10-01 12:00:00,Female,22,Silver,CallCenter,Bangkok,1194,TV_Show,PromptPay,12,10,2,0,20-30,39.8,5.0,0.0,0.0,-1,38,3126.4660000000003,0.25,0.6,0.4,0.0,0.0,0,0,0.0,0.0,0,0,0.0,2687.6099999999997,2,0,0.0,15632.330000000002,5,0,0.0,1
LGS2ORD0034536,C017490,2025-10-01 12:00:00,Male,63,Bronze,CallCenter,Bangkok,1646,Web,PromptPay,12,10,2,0,>50,54.86666666666667,0.0,0.0,0.0,-1,-1,0.0,0.0,0.0,0.0,0.0,0.0,0,0,0.0,0.0,0,0,0.0,0.0,0,0,0.0,0.0,0,0,0.0,0
LGS2ORD0034537,C010174,2025-10-01 12:00:00,Female,41,Bronze,TV,Chonburi,937,CallCenter,PromptPay,12,10,2,0,40-50,31.233333333333334,4.0,0.0,0.0,-1,44,6429.772499999999,0.23,0.75,0.25,0.0,0.0,0,0,0.0,0.0,0,0,0.0,11298.720000000001,2,0,0.0,25719.089999999997,4,0,0.0,0
LGS2ORD0034538,C014453,2025-10-01 12:00:00,Female,40,Platinum,Shopee,Chonburi,1091,Web,COD,12,10,2,0,30-40,36.36666666666667,1.0,0.0,0.0,-1,17,20937.15,0.15,0.0,0.0,0.0,0.0,0,0,0.0,20937.15,1,0,0.0,20937.15,1,0,0.0,20937.15,1,0,0.0,0
LGS2ORD0034539,C012950,2025-10-01 12:00:00,Female,59,Silver,Web,Bangkok,1233,Lazada,PromptPay,12,10,2,0,>50,41.1,1.0,0.0,0.0,-1,96,5048.09,0.1,0.0,0.0,0.0,0.0,0,0,0.0,0.0,0,0,0.0,0.0,0,0,0.0,5048.09,1,0,0.0,0
LGS2ORD0034540,C012223,2025-10-01 13:00:00,Other,18,Bronze,Shopee,Nakhon Ratchasima,291,TV_Show,Bank_Transfer,13,10,2,0,<20,9.7,2.0,1.0,0.5,42,49,3560.115,0.28,0.5,0.5,0.0,0.0,0,0,0.0,0.0,0,0,0.0,7120.23,2,1,0.5,7120.23,2,1,0.5,0
LGS2ORD0034541,C012020,2025-10-01 13:00:00,Male,48,Platinum,CallCenter,Nakhon Ratchasima,928,TV_Show,COD,13,10,2,0,40-50,30.933333333333334,1.0,0.0,0.0,-1,219,2307.38,0.1,1.0,0.0,0.0,0.0,0,0,0.0,0.0,0,0,0.0,0.0,0,0,0.0,2307.38,1,0,0.0,0
LGS2ORD0034542,C011189,2025-10-01 13:00:00,Male,34,Bronze,TV,Khon Kaen,1715,Shopee,COD,13,10,2,0,30-40,57.166666666666664,6.0,0.0,0.0,-1,24,4129.378333333333,0.23,0.6666666666666666,0.16666666666666666,0.0,0.0,0,0,0.0,927.21,1,0,0.0,927.21,1,0,0.0,24776.269999999997,6,0,0.0,1
LGS2ORD0034543,C014773,2025-10-01 13:00:00,Female,49,Bronze,Shopee,Bangkok,1555,CallCenter,Credit_Card,13,10,2,0,40-50,51.833333333333336,1.0,0.0,0.0,-1,154,2082.97,0.08,0.0,0.0,0.0,0.0,0,0,0.0,0.0,0,0,0.0,0.0,0,0,0.0,2082.97,1,0,0.0,0
LGS2ORD0034544,C014186,2025-10-01 13:00:00,Male,44,Gold,TV,Bangkok,968,Shopee,COD,13,10,2,0,40-50,32.266666666666666,4.0,2.0,0.5,63,67,4507.5825,0.2299999999999999,0.75,0.25,0.0,0.0,0,0,0.0,0.0,0,0,0.0,5499.43,2,1,0.5,18030.33,4,2,0.5,0
LGS2ORD0034545,C013686,2025-10-01 14:00:00,Female,25,Silver,Web,Khon Kaen,712,TV_Show,Credit_Card,14,10,2,0,20-30,23.733333333333334,3.0,1.0,0.3333333333333333,121,133,4438.733333333334,0.1,0.3333333333333333,0.0,0.0,0.0,0,0,0.0,0.0,0,0,0.0,0.0,0,0,0.0,13316.2,3,1,0.3333333333333333,0
LGS2ORD0034546,C013786,2025-10-01 14:00:00,Female,49,Gold,Shopee,Chiang Mai,291,Shopee,Credit_Card,14,10,2,0,40-50,9.7,7.0,1.0,0.14285714285714285,83,39,2762.684285714286,0.28,0.5714285714285714,0.8571428571428571,0.0,0.0,0,0,0.0,0.0,0,0,0.0,12359.449999999999,2,0,0.0,19338.79,7,1,0.14285714285714285,0
LGS2ORD0034547,C012602,2025-10-01 14:00:00,Female,49,Bronze,CallCenter,Bangkok,522,Shopee,Credit_Card,14,10,2,0,40-50,17.4,1.0,1.0,1.0,139,148,4443.36,0.03,0.0,0.0,0.0,0.0,0,0,0.0,0.0,0,0,0.0,0.0,0,0,0.0,4443.36,1,1,1.0,0
LGS2ORD0034548,C016070,2025-10-01 14:00:00,Male,43,Bronze,Shopee,Bangkok,1517,CallCenter,Credit_Card,14,10,2,0,40-50,50.56666666666667,7.0,2.0,0.2857142857142857,56,66,7192.905714285714,0.23,0.5714285714285714,0.2857142857142857,0.0,0.0,0,0,0.0,0.0,0,0,0.0,4645.54,1,1,1.0,50350.34,7,2,0.2857142857142857,0
LGS2ORD0034549,C014982,2025-10-01 14:00:00,Male,44,Silver,Lazada,Bangkok,1716,TV_Show,COD,14,10,2,0,40-50,57.2,4.0,3.0,0.75,55,67,1845.9074999999998,0.25,0.75,0.5,0.0,0.0,0,0,0.0,0.0,0,0,0.0,2180.18,1,1,1.0,7383.629999999999,4,3,0.75,0
LGS2ORD0034550,C014026,2025-10-01 15:00:00,Female,60,Silver,Lazada,Remote_Area,380,CallCenter,COD,15,10,2,0,>50,12.666666666666666,10.0,2.0,0.2,93,16,3847.238,0.25,0.6,0.2,0.0,0.0,0,0,0.0,4417.78,1,0,0.0,10677.509999999998,2,0,0.0,38472.38,10,2,0.2,0
LGS2ORD0034551,C011921,2025-10-01 15:00:00,Other,39,Bronze,Web,Remote_Area,1229,Shopee,COD,15,10,2,0,30-40,40.96666666666667,6.0,4.0,0.6666666666666666,111,37,7848.496666666666,0.23,0.6666666666666666,0.16666666666666666,0.0,0.0,0,0,0.0,0.0,0,0,0.0,29338.16,1,0,0.0,47090.979999999996,6,4,0.6666666666666666,0
LGS2ORD0034552,C012598,2025-10-01 15:00:00,Female,50,Bronze,Lazada,Chonburi,1147,Web,COD,15,10,2,0,40-50,38.233333333333334,3.0,2.0,0.6666666666666666,109,122,3046.093333333333,0.23,0.0,0.6666666666666666,0.0,0.0,0,0,0.0,0.0,0,0,0.0,0.0,0,0,0.0,9138.279999999999,3,2,0.6666666666666666,0
LGS2ORD0034553,C015606,2025-10-01 15:00:00,Male,37,Silver,Shopee,Remote_Area,828,TV_Show,COD,15,10,2,0,30-40,27.6,3.0,0.0,0.0,-1,70,6520.423333333333,0.15,0.3333333333333333,0.0,0.0,0.0,0,0,0.0,0.0,0,0,0.0,7914.22,1,0,0.0,19561.27,3,0,0.0,0
LGS2ORD0034554,C017497,2025-10-01 15:00:00,Female,43,Bronze,Lazada,Khon Kaen,1130,TV_Show,COD,15,10,2,0,40-50,37.666666666666664,5.0,1.0,0.2,26,33,2533.138,0.23,0.8,0.4,0.0,0.0,0,0,0.0,0.0,0,0,0.0,6537.219999999999,2,1,0.5,12665.689999999999,5,1,0.2,1
LGS2ORD0034555,C010846,2025-10-01 15:00:00,Male,60,Bronze,Shopee,Songkhla,1159,Lazada,COD,15,10,2,0,>50,38.63333333333333,8.0,1.0,0.125,236,23,5060.415000000001,0.28,0.625,0.25,0.0,0.0,0,0,0.0,5292.54,2,0,0.0,16716.33,3,0,0.0,40483.32000000001,8,1,0.125,1
LGS2ORD0034556,C013190,2025-10-01 16:00:00,Female,35,Silver,TV,Bangkok,1072,Shopee,COD,16,10,2,0,30-40,35.733333333333334,4.0,1.0,0.25,185,56,2624.51,0.3,0.5,0.25,0.0,0.0,0,0,0.0,0.0,0,0,0.0,2468.63,1,0,0.0,10498.04,4,1,0.25,0
LGS2ORD0034557,C010493,2025-10-01 16:00:00,Male,25,Silver,Shopee,Chiang Mai,295,TV_Show,COD,16,10,2,0,20-30,9.833333333333334,1.0,1.0,1.0,5,13,6312.3,0.3,0.0,1.0,0.0,0.0,0,0,0.0,6312.3,1,1,1.0,6312.3,1,1,1.0,6312.3,1,1,1.0,0
LGS2ORD0034558,C014093,2025-10-01 16:00:00,Female,54,Bronze,TV,Bangkok,583,CallCenter,Bank_Transfer,16,10,2,0,>50,19.433333333333334,8.0,4.0,0.5,-2,13,5847.41375,0.28,0.375,0.375,0.0,0.0,0,0,0.0,7164.34,1,1,1.0,32369.94,4,2,0.5,46779.31,8,4,0.5,0
LGS2ORD0034559,C010814,2025-10-01 16:00:00,Female,44,Bronze,TV,Chiang Mai,1032,Web,COD,16,10,2,0,40-50,34.4,3.0,1.0,0.3333333333333333,125,131,1670.4866666666667,0.18,0.3333333333333333,0.0,0.0,0.0,0,0,0.0,0.0,0,0,0.0,0.0,0,0,0.0,5011.46,3,1,0.3333333333333333,0
LGS2ORD0034560,C013650,2025-10-01 16:00:00,Male,37,Bronze,Lazada,Khon Kaen,1541,Lazada,COD,16,10,2,0,30-40,51.36666666666667,7.0,2.0,0.2857142857142857,19,35,8942.752857142856,0.23,0.7142857142857143,0.2857142857142857,0.0,0.0,0,0,0.0,0.0,0,0,0.0,11105.789999999999,2,1,0.5,62599.26999999999,7,2,0.2857142857142857,1
LGS2ORD0034561,C010319,2025-10-01 17:00:00,Male,29,Bronze,Web,Khon Kaen,1273,Lazada,COD,17,10,2,0,20-30,42.43333333333333,2.0,0.0,0.0,-1,10,2293.08,0.18,0.0,0.0,0.0,0.0,0,0,0.0,3066.45,1,0,0.0,4586.16,2,0,0.0,4586.16,2,0,0.0,1
LGS2ORD0034562,C014271,2025-10-01 17:00:00,Female,38,Bronze,Shopee,Chonburi,791,Shopee,Credit_Card,17,10,2,0,30-40,26.366666666666667,11.0,2.0,0.18181818181818182,11,9,3884.9727272727278,0.28,0.2727272727272727,0.2727272727272727,0.0,0.0,0,0,0.0,21054.18,4,1,0.25,21054.18,4,1,0.25,42734.700000000004,11,2,0.18181818181818182,0
LGS2ORD0034563,C012693,2025-10-01 17:00:00,Male,45,Platinum,Web,Chiang Mai,701,CallCenter,PromptPay,17,10,2,0,40-50,23.366666666666667,5.0,3.0,0.6,121,19,4332.376,0.35,0.6,0.6,0.0,0.0,0,0,0.0,2457.3,1,0,0.0,3197.8,2,0,0.0,21661.88,5,3,0.6,0
LGS2ORD0034564,C011825,2025-10-01 17:00:00,Male,51,Silver,Web,Chonburi,1130,TV_Show,COD,17,10,2,0,>50,37.666666666666664,8.0,2.0,0.25,16,21,4914.87,0.25,0.625,0.125,0.0,0.0,0,0,0.0,3335.02,1,1,1.0,3335.02,1,1,1.0,39318.96,8,2,0.25,0
LGS2ORD0034565,C010341,2025-10-01 17:00:00,Male,38,Bronze,TV,Remote_Area,485,Shopee,Bank_Transfer,17,10,2,0,30-40,16.166666666666668,6.0,3.0,0.5,116,57,13116.005,0.23,0.5,0.3333333333333333,0.0,0.0,0,0,0.0,0.0,0,0,0.0,11313.97,1,0,0.0,78696.03,6,3,0.5,0
LGS2ORD0034566,C016332,2025-10-01 18:00:00,Female,39,Bronze,TV,Nakhon Ratchasima,383,Lazada,PromptPay,18,10,2,0,30-40,12.766666666666667,4.0,1.0,0.25,22,33,7678.09,0.23,0.0,0.25,0.0,0.0,0,0,0.0,0.0,0,0,0.0,4671.47,1,1,1.0,30712.36,4,1,0.25,0
LGS2ORD0034567,C013336,2025-10-01 18:00:00,Female,63,Silver,TV,Chonburi,1417,Shopee,COD,18,10,2,0,>50,47.233333333333334,5.0,0.0,0.0,-1,1,3687.0099999999998,0.3,0.4,0.4,0.0,2077.26,1,0,0.0,4817.75,2,0,0.0,17844.239999999998,4,0,0.0,18435.05,5,0,0.0,0
LGS2ORD0034568,C013957,2025-10-01 18:00:00,Female,65,Bronze,Lazada,Khon Kaen,636,Shopee,Credit_Card,18,10,2,0,>50,21.2,7.0,1.0,0.14285714285714285,85,3,2575.014285714286,0.18,0.42857142857142855,0.0,0.0,1735.84,1,0,0.0,1735.84,1,0,0.0,12977.67,5,0,0.0,18025.100000000002,7,1,0.14285714285714285,0
LGS2ORD0034569,C010932,2025-10-01 18:00:00,Female,54,Silver,Web,Songkhla,739,Shopee,Credit_Card,18,10,2,0,>50,24.633333333333333,4.0,0.0,0.0,-1,49,9887.185,0.2,0.25,0.0,0.0,0.0,0,0,0.0,0.0,0,0,0.0,31774.44,1,0,0.0,39548.74,4,0,0.0,0
LGS2ORD0034570,C016582,2025-10-01 18:00:00,Female,52,Gold,Web,Bangkok,660,TV_Show,Bank_Transfer,18,10,2,0,>50,22.0,8.0,3.0,0.375,134,66,4638.05,0.33,0.75,0.125,0.0,0.0,0,0,0.0,0.0,0,0,0.0,6710.64,1,0,0.0,37104.4,8,3,0.375,1
LGS2ORD0034571,C015952,2025-10-01 19:00:00,Other,41,Silver,Shopee,Khon Kaen,463,Web,COD,19,10,2,0,40-50,15.433333333333334,3.0,0.0,0.0,-1,136,4044.1,0.25,0.6666666666666666,0.3333333333333333,0.0,0.0,0,0,0.0,0.0,0,0,0.0,0.0,0,0,0.0,12132.3,3,0,0.0,1
LGS2ORD0034572,C012903,2025-10-01 19:00:00,Male,44,Silver,Shopee,Chonburi,698,Web,PromptPay,19,10,2,0,40-50,23.266666666666666,6.0,1.0,0.16666666666666666,248,124,10874.321666666665,0.25,0.6666666666666666,0.16666666666666666,0.0,0.0,0,0,0.0,0.0,0,0,0.0,0.0,0,0,0.0,65245.92999999999,6,1,0.16666666666666666,0
LGS2ORD0034573,C012281,2025-10-01 19:00:00,Male,44,Platinum,Lazada,Songkhla,1585,TV_Show,COD,19,10,2,0,40-50,52.833333333333336,3.0,0.0,0.0,-1,10,2116.6233333333334,0.2,0.6666666666666666,0.0,0.0,0.0,0,0,0.0,2928.05,1,0,0.0,2928.05,1,0,0.0,6349.870000000001,3,0,0.0,1
LGS2ORD0034574,C012358,2025-10-01 19:00:00,Male,63,Bronze,TV,Nakhon Ratchasima,1238,Shopee,COD,19,10,2,0,>50,41.266666666666666,6.0,2.0,0.3333333333333333,25,27,6837.383333333332,0.28,0.8333333333333334,0.5,0.0,0.0,0,0,0.0,4087.49,1,1,1.0,13508.869999999999,2,2,1.0,41024.299999999996,6,2,0.3333333333333333,0
LGS2ORD0034575,C010320,2025-10-01 19:00:00,Female,49,Gold,Web,Bangkok,919,Lazada,COD,19,10,2,0,40-50,30.633333333333333,7.0,2.0,0.2857142857142857,24,36,5226.599999999999,0.33,0.7142857142857143,0.5714285714285714,0.0,0.0,0,0,0.0,0.0,0,0,0.0,18338.54,2,1,0.5,36586.2,7,2,0.2857142857142857,1
LGS2ORD0034576,C012603,2025-10-01 19:00:00,Male,34,Silver,Web,Bangkok,788,Shopee,PromptPay,19,10,2,0,30-40,26.266666666666666,3.0,1.0,0.3333333333333333,21,26,4227.693333333334,0.25,0.0,0.3333333333333333,0.0,0.0,0,0,0.0,9458.37,1,1,1.0,9889.730000000001,2,1,0.5,12683.080000000002,3,1,0.3333333333333333,0
LGS2ORD0034577,C013203,2025-10-01 20:00:00,Male,42,Gold,Lazada,Chonburi,1052,TV_Show,COD,20,10,2,0,40-50,35.06666666666667,2.0,0.0,0.0,-1,113,4723.6849999999995,0.13,0.5,0.0,0.0,0.0,0,0,0.0,0.0,0,0,0.0,0.0,0,0,0.0,9447.369999999999,2,0,0.0,0
LGS2ORD0034578,C012055,2025-10-01 20:00:00,Female,33,Bronze,TV,Bangkok,347,Shopee,Credit_Card,20,10,2,0,30-40,11.566666666666666,4.0,1.0,0.25,102,74,12386.730000000001,0.08,0.25,0.0,0.0,0.0,0,0,0.0,0.0,0,0,0.0,7747.87,1,0,0.0,49546.920000000006,4,1,0.25,0
LGS2ORD0034579,C010657,2025-10-01 20:00:00,Female,45,Bronze,Shopee,Phuket,994,TV_Show,Credit_Card,20,10,2,0,40-50,33.13333333333333,3.0,1.0,0.3333333333333333,83,87,4059.86,0.18,0.6666666666666666,0.0,0.0,0.0,0,0,0.0,0.0,0,0,0.0,7193.41,1,1,1.0,12179.58,3,1,0.3333333333333333,0
LGS2ORD0034580,C010431,2025-10-01 20:00:00,Male,62,Silver,TV,Bangkok,1100,TV_Show,COD,20,10,2,0,>50,36.666666666666664,7.0,0.0,0.0,-1,26,6325.774285714286,0.25,0.8571428571428571,0.14285714285714285,0.0,0.0,0,0,0.0,2996.54,1,0,0.0,34460.23,4,0,0.0,44280.42,7,0,0.0,0
LGS2ORD0034581,C012999,2025-10-01 20:00:00,Male,35,Silver,Lazada,Chiang Mai,1668,Web,COD,20,10,2,0,30-40,55.6,4.0,0.0,0.0,-1,12,2026.3925000000002,0.25,0.75,0.5,0.0,0.0,0,0,0.0,2760.71,1,0,0.0,2760.71,1,0,0.0,8105.570000000001,4,0,0.0,1
LGS2ORD0034582,C016853,2025-10-01 21:00:00,Female,35,Bronze,Web,Khon Kaen,1128,Shopee,COD,21,10,2,0,30-40,37.6,3.0,1.0,0.3333333333333333,91,15,2725.786666666667,0.28,0.6666666666666666,0.3333333333333333,0.0,0.0,0,0,0.0,1556.52,1,0,0.0,3050.89,2,0,0.0,8177.360000000001,3,1,0.3333333333333333,0
LGS2ORD0034583,C014662,2025-10-01 21:00:00,Female,57,Bronze,Lazada,Remote_Area,1593,Web,Credit_Card,21,10,2,0,>50,53.1,4.0,0.0,0.0,-1,22,6958.804999999999,0.08,0.5,0.0,0.0,0.0,0,0,0.0,1683.94,1,0,0.0,6025.129999999999,2,0,0.0,27835.219999999998,4,0,0.0,1
LGS2ORD0034584,C017077,2025-10-01 21:00:00,Male,48,Silver,Web,Bangkok,1326,TV_Show,COD,21,10,2,0,40-50,44.2,4.0,2.0,0.5,190,109,6426.0825,0.25,0.75,0.25,0.0,0.0,0,0,0.0,0.0,0,0,0.0,0.0,0,0,0.0,25704.33,4,2,0.5,0
LGS2ORD0034585,C010027,2025-10-01 21:00:00,Female,23,Bronze,Shopee,Khon Kaen,1477,CallCenter,COD,21,10,2,0,20-30,49.233333333333334,4.0,1.0,0.25,243,1,4788.9975,0.23,0.75,0.5,0.0,2071.5,1,0,0.0,2071.5,1,0,0.0,12477.62,2,0,0.0,19155.99,4,1,0.25,0
LGS2ORD0034586,C015200,2025-10-01 21:00:00,Male,31,Platinum,Lazada,Bangkok,608,TV_Show,Bank_Transfer,21,10,2,0,30-40,20.266666666666666,6.0,0.0,0.0,-1,63,4192.213333333334,0.25,0.0,0.16666666666666666,0.0,0.0,0,0,0.0,0.0,0,0,0.0,3660.06,1,0,0.0,25153.280000000002,6,0,0.0,0
LGS2ORD0034587,C014081,2025-10-01 22:00:00,Male,39,Gold,Web,Songkhla,1730,Lazada,Credit_Card,22,10,2,0,30-40,57.666666666666664,3.0,0.0,0.0,-1,88,2930.01,0.18,0.3333333333333333,0.0,0.0,0.0,0,0,0.0,0.0,0,0,0.0,3391.27,1,0,0.0,8790.03,3,0,0.0,0
LGS2ORD0034588,C015730,2025-10-01 22:00:00,Male,57,Bronze,CallCenter,Chonburi,1255,Shopee,Credit_Card,22,10,2,0,>50,41.833333333333336,3.0,0.0,0.0,-1,38,9649.883333333333,0.03,0.3333333333333333,0.0,0.0,0.0,0,0,0.0,0.0,0,0,0.0,22090.45,2,0,0.0,28949.65,3,0,0.0,0
LGS2ORD0034589,C016039,2025-10-01 22:00:00,Female,30,Gold,Web,Bangkok,312,Lazada,PromptPay,22,10,2,0,20-30,10.4,3.0,1.0,0.3333333333333333,96,59,11503.043333333333,0.28,0.3333333333333333,0.3333333333333333,0.0,0.0,0,0,0.0,0.0,0,0,0.0,4350.42,1,0,0.0,34509.13,3,1,0.3333333333333333,0
LGS2ORD0034590,C013593,2025-10-01 22:00:00,Male,71,Bronze,CallCenter,Phuket,1355,Web,Credit_Card,22,10,2,0,>50,45.166666666666664,7.0,4.0,0.5714285714285714,26,13,2344.477142857143,0.28,0.42857142857142855,0.2857142857142857,0.0,0.0,0,0,0.0,2025.4,2,1,0.5,3384.9799999999996,3,2,0.6666666666666666,16411.34,7,4,0.5714285714285714,0
LGS2ORD0034591,C015891,2025-10-01 22:00:00,Female,40,Bronze,TV,Phuket,707,Web,COD,22,10,2,0,30-40,23.566666666666666,9.0,3.0,0.3333333333333333,68,8,9417.372222222222,0.23,0.5555555555555556,0.1111111111111111,0.0,0.0,0,0,0.0,725.21,1,0,0.0,10272.759999999998,4,1,0.25,84756.35,9,3,0.3333333333333333,0
LGS2ORD0034592,C010225,2025-10-01 22:00:00,Female,70,Bronze,Shopee,Songkhla,1551,Web,Bank_Transfer,22,10,2,0,>50,51.7,6.0,3.0,0.5,66,45,5685.991666666666,0.28,0.3333333333333333,0.16666666666666666,0.0,0.0,0,0,0.0,0.0,0,0,0.0,29602.67,4,2,0.5,34115.95,6,3,0.5,1
LGS2ORD0034593,C012387,2025-10-01 23:00:00,Other,31,Bronze,TV,Bangkok,1216,TV_Show,COD,23,10,2,0,30-40,40.53333333333333,2.0,0.0,0.0,-1,216,13212.515,0.28,0.5,0.5,0.0,0.0,0,0,0.0,0.0,0,0,0.0,0.0,0,0,0.0,26425.03,2,0,0.0,0
LGS2ORD0034594,C015219,2025-10-01 23:00:00,Male,38,Platinum,Web,Bangkok,1311,CallCenter,Credit_Card,23,10,2,0,30-40,43.7,3.0,0.0,0.0,-1,143,2688.776666666666,0.2,0.3333333333333333,0.0,0.0,0.0,0,0,0.0,0.0,0,0,0.0,0.0,0,0,0.0,8066.329999999999,3,0,0.0,0
LGS2ORD0034595,C011851,2025-10-01 23:00:00,Female,27,Silver,Lazada,Khon Kaen,1286,TV_Show,COD,23,10,2,0,20-30,42.86666666666667,6.0,2.0,0.3333333333333333,10,18,4907.926666666666,0.3,0.3333333333333333,0.5,0.0,0.0,0,0,0.0,853.1,1,1,1.0,4167.99,2,1,0.5,29447.559999999998,6,2,0.3333333333333333,0
LGS2ORD0034596,C017471,2025-10-01 23:00:00,Female,46,Silver,CallCenter,Bangkok,1657,Shopee,COD,23,10,2,0,40-50,55.233333333333334,2.0,1.0,0.5,218,123,1938.9700000000003,0.1,1.0,0.0,0.0,0.0,0,0,0.0,0.0,0,0,0.0,0.0,0,0,0.0,3877.9400000000005,2,1,0.5,0
LGS2ORD0034597,C012170,2025-10-01 23:00:00,Male,38,Bronze,Web,Remote_Area,929,TV_Show,Credit_Card,23,10,2,0,30-40,30.966666666666665,1.0,0.0,0.0,-1,75,4620.88,0.03,0.0,0.0,0.0,0.0,0,0,0.0,0.0,0,0,0.0,4620.88,1,0,0.0,4620.88,1,0,0.0,0
LGS2ORD0034598,C016104,2025-10-02 00:00:00,Male,55,Bronze,TV,Phuket,1386,TV_Show,COD,0,10,3,0,>50,46.2,7.0,2.0,0.2857142857142857,24,17,2703.3814285714284,0.28,0.7142857142857143,0.42857142857142855,0.0,0.0,0,0,0.0,7611.74,2,0,0.0,10453.64,4,1,0.25,18923.67,7,2,0.2857142857142857,0
LGS2ORD0034599,C013237,2025-10-02 00:00:00,Male,49,Bronze,CallCenter,Chonburi,350,Lazada,Bank_Transfer,0,10,3,0,40-50,11.666666666666666,6.0,3.0,0.5,112,37,6923.1016666666665,0.23,0.6666666666666666,0.16666666666666666,0.0,0.0,0,0,0.0,0.0,0,0,0.0,16854.37,1,0,0.0,41538.61,6,3,0.5,0
LGS2ORD0034600,C015679,2025-10-02 00:00:00,Male,65,Bronze,CallCenter,Remote_Area,343,Lazada,Bank_Transfer,0,10,3,0,>50,11.433333333333334,1.0,0.0,0.0,-1,11,2454.13,0.03,1.0,0.0,0.0,0.0,0,0,0.0,2454.13,1,0,0.0,2454.13,1,0,0.0,2454.13,1,0,0.0,0
LGS2ORD0034601,C012191,2025-10-02 00:00:00,Female,58,Gold,Shopee,Bangkok,1500,Lazada,PromptPay,0,10,3,0,>50,50.0,5.0,2.0,0.4,205,114,8042.68,0.2299999999999999,0.8,0.6,0.0,0.0,0,0,0.0,0.0,0,0,0.0,0.0,0,0,0.0,40213.4,5,2,0.4,0
LGS2ORD0034602,C015150,2025-10-02 00:00:00,Male,18,Gold,TV,Khon Kaen,1385,Shopee,Credit_Card,0,10,3,0,<20,46.166666666666664,2.0,0.0,0.0,-1,188,1535.17,0.08,0.0,0.0,0.0,0.0,0,0,0.0,0.0,0,0,0.0,0.0,0,0,0.0,3070.34,2,0,0.0,0
LGS2ORD0034603,C012461,2025-10-02 01:00:00,Male,72,Bronze,TV,Chonburi,659,Shopee,Bank_Transfer,1,10,3,0,>50,21.966666666666665,11.0,0.0,0.0,-1,11,5074.859090909092,0.23,0.45454545454545453,0.18181818181818182,0.0,0.0,0,0,0.0,5807.96,3,0,0.0,26228.390000000003,6,0,0.0,55823.450000000004,11,0,0.0,0
LGS2ORD0034604,C016419,2025-10-02 01:00:00,Male,33,Gold,Shopee,Nakhon Ratchasima,772,Web,Credit_Card,1,10,3,0,30-40,25.733333333333334,3.0,1.0,0.3333333333333333,243,149,5990.740000000001,0.28,0.6666666666666666,0.3333333333333333,0.0,0.0,0,0,0.0,0.0,0,0,0.0,0.0,0,0,0.0,17972.22,3,1,0.3333333333333333,0
LGS2ORD0034605,C017688,2025-10-02 01:00:00,Female,30,Platinum,Web,Khon Kaen,907,CallCenter,Credit_Card,1,10,3,0,20-30,30.233333333333334,4.0,0.0,0.0,-1,5,10219.505,0.3,0.75,0.5,0.0,2157.85,1,0,0.0,2157.85,1,0,0.0,2157.85,1,0,0.0,40878.02,4,0,0.0,0
LGS2ORD0034606,C012235,2025-10-02 01:00:00,Female,49,Platinum,Shopee,Phuket,1485,Shopee,PromptPay,1,10,3,0,40-50,49.5,4.0,0.0,0.0,-1,40,6499.84,0.25,0.0,0.25,0.0,0.0,0,0,0.0,0.0,0,0,0.0,2179.81,1,0,0.0,25999.36,4,0,0.0,1
LGS2ORD0034607,C013016,2025-10-02 01:00:00,Female,56,Bronze,Lazada,Remote_Area,1289,TV_Show,COD,1,10,3,0,>50,42.96666666666667,10.0,3.0,0.3,37,42,4907.093,0.28,0.7,0.3,0.0,0.0,0,0,0.0,0.0,0,0,0.0,17405.44,4,2,0.5,49070.93,10,3,0.3,1
LGS2ORD0034608,C013108,2025-10-02 02:00:00,Female,42,Bronze,Lazada,Khon Kaen,369,TV_Show,COD,2,10,3,0,40-50,12.3,8.0,2.0,0.25,50,24,4967.18375,0.28,0.5,0.25,0.0,0.0,0,0,0.0,18272.79,2,0,0.0,21246.08,4,1,0.25,39737.47,8,2,0.25,0
LGS2ORD0034609,C014386,2025-10-02 02:00:00,Male,64,Bronze,TV,Chiang Mai,1066,Lazada,COD,2,10,3,0,>50,35.53333333333333,9.0,2.0,0.2222222222222222,84,2,6380.824444444445,0.23,0.7777777777777778,0.3333333333333333,0.0,5412.65,1,0,0.0,5412.65,1,0,0.0,17758.75,2,0,0.0,57427.420000000006,9,2,0.2222222222222222,0
LGS2ORD0034610,C010453,2025-10-02 02:00:00,Female,42,Gold,TV,Bangkok,1571,CallCenter,COD,2,10,3,0,40-50,52.36666666666667,3.0,0.0,0.0,-1,55,14213.996666666668,0.33,0.6666666666666666,0.6666666666666666,0.0,0.0,0,0,0.0,0.0,0,0,0.0,41872.54,2,0,0.0,42641.990000000005,3,0,0.0,0
LGS2ORD0034611,C013996,2025-10-02 02:00:00,Male,18,Bronze,TV,Chiang Mai,1295,Shopee,Credit_Card,2,10,3,0,<20,43.166666666666664,4.0,0.0,0.0,-1,22,2028.3525,0.18,0.25,0.0,0.0,0.0,0,0,0.0,2590.44,1,0,0.0,4744.82,2,0,0.0,8113.41,4,0,0.0,0
LGS2ORD0034612,C016529,2025-10-02 02:00:00,Male,27,Bronze,TV,Songkhla,740,Shopee,PromptPay,2,10,3,0,20-30,24.666666666666668,5.0,1.0,0.2,263,119,7296.396000000001,0.28,0.4,0.2,0.0,0.0,0,0,0.0,0.0,0,0,0.0,0.0,0,0,0.0,36481.98,5,1,0.2,0
LGS2ORD0034613,C011750,2025-10-02 02:00:00,Female,59,Bronze,TV,Khon Kaen,483,Lazada,Credit_Card,2,10,3,0,>50,16.1,10.0,3.0,0.3,117,15,3769.250000000001,0.28,0.8,0.3,0.0,0.0,0,0,0.0,1770.19,1,0,0.0,1770.19,1,0,0.0,37692.50000000001,10,3,0.3,1
LGS2ORD0034614,C013863,2025-10-02 03:00:00,Female,42,Bronze,Shopee,Nakhon Ratchasima,1013,TV_Show,COD,3,10,3,0,40-50,33.766666666666666,4.0,0.0,0.0,-1,119,5589.4225,0.13,1.0,0.0,0.0,0.0,0,0,0.0,0.0,0,0,0.0,0.0,0,0,0.0,22357.69,4,0,0.0,1
LGS2ORD0034615,C012991,2025-10-02 03:00:00,Male,48,Platinum,Shopee,Phuket,1177,Shopee,Credit_Card,3,10,3,0,40-50,39.233333333333334,5.0,2.0,0.4,29,38,5411.322,0.15,0.8,0.0,0.0,0.0,0,0,0.0,0.0,0,0,0.0,20518.45,2,1,0.5,27056.61,5,2,0.4,0
LGS2ORD0034616,C015271,2025-10-02 03:00:00,Female,37,Bronze,TV,Chonburi,1687,Lazada,PromptPay,3,10,3,0,30-40,56.233333333333334,5.0,0.0,0.0,-1,131,7380.028,0.23,0.6,0.2,0.0,0.0,0,0,0.0,0.0,0,0,0.0,0.0,0,0,0.0,36900.14,5,0,0.0,0
LGS2ORD0034617,C013107,2025-10-02 03:00:00,Other,37,Silver,TV,Nakhon Ratchasima,1374,TV_Show,COD,3,10,3,0,30-40,45.8,6.0,2.0,0.3333333333333333,105,15,3749.081666666667,0.3,1.0,0.5,0.0,0.0,0,0,0.0,2005.21,1,0,0.0,9538.970000000001,4,0,0.0,22494.49,6,2,0.3333333333333333,0
LGS2ORD0034618,C016158,2025-10-02 03:00:00,Male,52,Bronze,Web,Phuket,1398,Web,PromptPay,3,10,3,0,>50,46.6,4.0,0.0,0.0,-1,186,4479.014999999999,0.28,0.5,0.25,0.0,0.0,0,0,0.0,0.0,0,0,0.0,0.0,0,0,0.0,17916.059999999998,4,0,0.0,0
LGS2ORD0034619,C012648,2025-10-02 04:00:00,Male,47,Silver,TV,Khon Kaen,611,CallCenter,COD,4,10,3,0,40-50,20.366666666666667,8.0,1.0,0.125,226,15,3612.10125,0.25,0.75,0.25,0.0,0.0,0,0,0.0,1341.4,1,0,0.0,14927.6,4,0,0.0,28896.81,8,1,0.125,0
LGS2ORD0034620,C014911,2025-10-02 04:00:00,Male,39,Bronze,Web,Bangkok,711,Lazada,Credit_Card,4,10,3,0,30-40,23.7,10.0,5.0,0.5,23,31,6607.87,0.23,0.2,0.3,0.0,0.0,0,0,0.0,0.0,0,0,0.0,33234.76,4,1,0.25,66078.7,10,5,0.5,0
LGS2ORD0034621,C012824,2025-10-02 04:00:00,Female,51,Silver,TV,Remote_Area,1133,Web,Credit_Card,4,10,3,0,>50,37.766666666666666,4.0,1.0,0.25,117,19,4060.9124999999995,0.3,0.5,0.5,0.0,0.0,0,0,0.0,1900.8,1,0,0.0,3738.01,2,0,0.0,16243.649999999998,4,1,0.25,1
LGS2ORD0034622,C011295,2025-10-02 04:00:00,Female,44,Silver,Lazada,Bangkok,587,Shopee,COD,4,10,3,0,40-50,19.566666666666666,7.0,1.0,0.14285714285714285,-6,3,6213.332857142857,0.25,0.42857142857142855,0.2857142857142857,0.0,1682.62,1,1,1.0,31250.85,2,1,0.5,35343.66,4,1,0.25,43493.33,7,1,0.14285714285714285,1
LGS2ORD0034623,C015566,2025-10-02 04:00:00,Male,47,Bronze,TV,Bangkok,1051,Web,Bank_Transfer,4,10,3,0,40-50,35.03333333333333,4.0,0.0,0.0,-1,103,3852.3325,0.23,0.75,0.25,0.0,0.0,0,0,0.0,0.0,0,0,0.0,0.0,0,0,0.0,15409.33,4,0,0.0,0
LGS2ORD0034624,C012535,2025-10-02 05:00:00,Male,18,Bronze,TV,Chiang Mai,1449,TV_Show,COD,5,10,3,0,<20,48.3,2.0,0.0,0.0,-1,209,4969.67,0.18,0.5,0.0,0.0,0.0,0,0,0.0,0.0,0,0,0.0,0.0,0,0,0.0,9939.34,2,0,0.0,0
LGS2ORD0034625,C015803,2025-10-02 05:00:00,Male,39,Gold,Shopee,Bangkok,1519,Web,PromptPay,5,10,3,0,30-40,50.63333333333333,6.0,1.0,0.16666666666666666,45,11,4167.848333333333,0.28,0.6666666666666666,0.3333333333333333,0.0,0.0,0,0,0.0,2043.52,1,0,0.0,6095.67,4,1,0.25,25007.09,6,1,0.16666666666666666,0
LGS2ORD0034626,C017967,2025-10-02 05:00:00,Female,46,Silver,Shopee,Bangkok,450,Shopee,Credit_Card,5,10,3,0,40-50,15.0,2.0,0.0,0.0,-1,111,2163.1549999999997,0.3,0.0,0.5,0.0,0.0,0,0,0.0,0.0,0,0,0.0,0.0,0,0,0.0,4326.3099999999995,2,0,0.0,1
LGS2ORD0034627,C011969,2025-10-02 05:00:00,Female,32,Bronze,TV,Bangkok,1680,Lazada,PromptPay,5,10,3,0,30-40,56.0,9.0,2.0,0.2222222222222222,166,30,2949.4066666666668,0.23,0.3333333333333333,0.4444444444444444,0.0,0.0,0,0,0.0,0.0,0,0,0.0,1466.35,2,0,0.0,26544.66,9,2,0.2222222222222222,0
LGS2ORD0034628,C012955,2025-10-02 05:00:00,Male,35,Silver,TV,Nakhon Ratchasima,1300,TV_Show,COD,5,10,3,0,30-40,43.333333333333336,6.0,2.0,0.3333333333333333,60,68,3738.8816666666667,0.25,0.5,0.16666666666666666,0.0,0.0,0,0,0.0,0.0,0,0,0.0,10826.92,2,1,0.5,22433.29,6,2,0.3333333333333333,0
LGS2ORD0034629,C014611,2025-10-02 06:00:00,Female,46,Bronze,CallCenter,Songkhla,498,Shopee,Bank_Transfer,6,10,3,0,40-50,16.6,2.0,1.0,0.5,157,163,12549.230000000001,0.08,1.0,0.0,0.0,0.0,0,0,0.0,0.0,0,0,0.0,0.0,0,0,0.0,25098.460000000003,2,1,0.5,0
LGS2ORD0034630,C011364,2025-10-02 06:00:00,Male,44,Silver,Web,Khon Kaen,1651,Web,Credit_Card,6,10,3,0,40-50,55.03333333333333,7.0,0.0,0.0,-1,100,5227.022857142857,0.25,0.7142857142857143,0.14285714285714285,0.0,0.0,0,0,0.0,0.0,0,0,0.0,0.0,0,0,0.0,36589.159999999996,7,0,0.0,0
LGS2ORD0034631,C014124,2025-10-02 06:00:00,Female,45,Bronze,Shopee,Remote_Area,1399,Shopee,COD,6,10,3,0,40-50,46.63333333333333,7.0,2.0,0.2857142857142857,74,55,5460.064285714286,0.23,0.8571428571428571,0.14285714285714285,0.0,0.0,0,0,0.0,0.0,0,0,0.0,19516.23,3,1,0.3333333333333333,38220.45,7,2,0.2857142857142857,1
LGS2ORD0034632,C017327,2025-10-02 06:00:00,Male,25,Bronze,Web,Chonburi,1351,Web,COD,6,10,3,0,20-30,45.03333333333333,3.0,0.0,0.0,-1,172,11380.053333333335,0.28,0.6666666666666666,1.0,0.0,0.0,0,0,0.0,0.0,0,0,0.0,0.0,0,0,0.0,34140.16,3,0,0.0,0
LGS2ORD0034633,C014287,2025-10-02 06:00:00,Male,43,Bronze,Lazada,Bangkok,1487,Web,Credit_Card,6,10,3,0,40-50,49.56666666666667,2.0,0.0,0.0,-1,18,8206.25,0.28,0.5,0.5,0.0,0.0,0,0,0.0,14875.59,1,0,0.0,14875.59,1,0,0.0,16412.5,2,0,0.0,0
LGS2ORD0034634,C011550,2025-10-02 06:00:00,Female,53,Silver,Shopee,Nakhon Ratchasima,644,Shopee,COD,6,10,3,0,>50,21.466666666666665,10.0,1.0,0.1,8,18,7951.111,0.3,0.4,0.2,0.0,0.0,0,0,0.0,4084.46,2,1,0.5,32464.91,5,1,0.2,79511.11,10,1,0.1,1
LGS2ORD0034635,C013101,2025-10-02 07:00:00,Male,44,Gold,TV,Chonburi,1072,TV_Show,COD,7,10,3,0,40-50,35.733333333333334,10.0,2.0,0.2,42,21,3418.1040000000003,0.33,0.2,0.5,0.0,0.0,0,0,0.0,4956.45,2,0,0.0,11108.82,5,1,0.2,34181.04,10,2,0.2,0
LGS2ORD0034636,C015428,2025-10-02 07:00:00,Male,58,Bronze,TV,Remote_Area,1351,Shopee,COD,7,10,3,0,>50,45.03333333333333,7.0,2.0,0.2857142857142857,9,13,4336.202857142857,0.28,0.7142857142857143,0.42857142857142855,0.0,0.0,0,0,0.0,6264.98,2,1,0.5,6264.98,2,1,0.5,30353.42,7,2,0.2857142857142857,0
LGS2ORD0034637,C012881,2025-10-02 07:00:00,Male,50,Platinum,Web,Bangkok,1148,Lazada,PromptPay,7,10,3,0,40-50,38.266666666666666,3.0,1.0,0.3333333333333333,201,30,6611.209999999999,0.15,0.0,0.0,0.0,0.0,0,0,0.0,0.0,0,0,0.0,5783.68,1,0,0.0,19833.629999999997,3,1,0.3333333333333333,0
LGS2ORD0034638,C012607,2025-10-02 07:00:00,Male,44,Bronze,TV,Chiang Mai,710,TV_Show,COD,7,10,3,0,40-50,23.666666666666668,6.0,0.0,0.0,-1,52,2357.19,0.28,0.3333333333333333,0.3333333333333333,0.0,0.0,0,0,0.0,0.0,0,0,0.0,5198.09,1,0,0.0,14143.14,6,0,0.0,0
LGS2ORD0034639,C012960,2025-10-02 07:00:00,Female,50,Gold,TV,Chiang Mai,637,Web,COD,7,10,3,0,40-50,21.233333333333334,2.0,0.0,0.0,-1,19,2744.23,0.28,1.0,1.0,0.0,0.0,0,0,0.0,3236.41,1,0,0.0,3236.41,1,0,0.0,5488.46,2,0,0.0,0
LGS2ORD0034640,C015839,2025-10-02 08:00:00,Female,30,Silver,Shopee,Chiang Mai,540,Web,COD,8,10,3,0,20-30,18.0,1.0,0.0,0.0,-1,211,11333.92,0.2,1.0,0.0,0.0,0.0,0,0,0.0,0.0,0,0,0.0,0.0,0,0,0.0,11333.92,1,0,0.0,0
LGS2ORD0034641,C012689,2025-10-02 08:00:00,Female,28,Bronze,Web,Khon Kaen,1393,CallCenter,COD,8,10,3,0,20-30,46.43333333333333,4.0,2.0,0.5,71,85,1501.125,0.18,0.75,0.0,0.0,0.0,0,0,0.0,0.0,0,0,0.0,795.14,1,1,1.0,6004.5,4,2,0.5,0
LGS2ORD0034642,C012709,2025-10-02 08:00:00,Male,24,Bronze,CallCenter,Phuket,315,TV_Show,Credit_Card,8,10,3,0,20-30,10.5,6.0,1.0,0.16666666666666666,50,45,5788.845,0.23,0.5,0.16666666666666666,0.0,0.0,0,0,0.0,0.0,0,0,0.0,8853.11,2,1,0.5,34733.07,6,1,0.16666666666666666,1
LGS2ORD0034643,C017438,2025-10-02 08:00:00,Female,40,Bronze,Lazada,Songkhla,391,Shopee,COD,8,10,3,0,30-40,13.033333333333333,4.0,2.0,0.5,80,81,5730.8525,0.23,0.75,0.5,0.0,0.0,0,0,0.0,0.0,0,0,0.0,22114.68,3,1,0.3333333333333333,22923.41,4,2,0.5,0
LGS2ORD0034644,C012526,2025-10-02 08:00:00,Female,36,Bronze,TV,Bangkok,1213,Web,Credit_Card,8,10,3,0,30-40,40.43333333333333,4.0,1.0,0.25,22,7,6936.5175,0.28,0.5,0.5,0.0,0.0,0,0,0.0,3863.89,1,0,0.0,27746.07,4,1,0.25,27746.07,4,1,0.25,0
LGS2ORD0034645,C013447,2025-10-02 09:00:00,Male,60,Bronze,Shopee,Bangkok,1181,Shopee,COD,9,10,3,0,>50,39.36666666666667,2.0,0.0,0.0,-1,67,11490.085000000001,0.23,1.0,0.5,0.0,0.0,0,0,0.0,0.0,0,0,0.0,1297.84,1,0,0.0,22980.170000000002,2,0,0.0,1
LGS2ORD0034646,C015258,2025-10-02 09:00:00,Male,40,Silver,Web,Khon Kaen,1650,Shopee,Bank_Transfer,9,10,3,0,30-40,55.0,5.0,0.0,0.0,-1,76,5032.5560000000005,0.3,0.8,0.2,0.0,0.0,0,0,0.0,0.0,0,0,0.0,5841.52,1,0,0.0,25162.780000000002,5,0,0.0,0
LGS2ORD0034647,C010290,2025-10-02 09:00:00,Male,54,Silver,Web,Bangkok,1296,Shopee,COD,9,10,3,0,>50,43.2,2.0,0.0,0.0,-1,161,3905.615,0.1,0.5,0.0,0.0,0.0,0,0,0.0,0.0,0,0,0.0,0.0,0,0,0.0,7811.23,2,0,0.0,0
LGS2ORD0034648,C016002,2025-10-02 09:00:00,Female,35,Silver,Lazada,Nakhon Ratchasima,1056,TV_Show,COD,9,10,3,0,30-40,35.2,8.0,2.0,0.25,77,48,6374.41,0.3,0.5,0.25,0.0,0.0,0,0,0.0,0.0,0,0,0.0,2818.74,2,1,0.5,50995.28,8,2,0.25,1
LGS2ORD0034649,C015943,2025-10-02 09:00:00,Male,18,Silver,Shopee,Remote_Area,1006,Lazada,PromptPay,9,10,3,0,<20,33.53333333333333,4.0,1.0,0.25,5,1,8725.3325,0.1,0.25,0.0,0.0,23291.08,1,0,0.0,25250.5,2,1,0.5,25250.5,2,1,0.5,34901.33,4,1,0.25,0
LGS2ORD0034650,C016697,2025-10-02 10:00:00,Male,37,Bronze,Lazada,Chiang Mai,789,Shopee,COD,10,10,3,0,30-40,26.3,2.0,1.0,0.5,136,146,7534.610000000001,0.28,0.0,0.5,0.0,0.0,0,0,0.0,0.0,0,0,0.0,0.0,0,0,0.0,15069.220000000001,2,1,0.5,0
LGS2ORD0034651,C017299,2025-10-02 10:00:00,Female,39,Bronze,CallCenter,Bangkok,483,Shopee,Bank_Transfer,10,10,3,0,30-40,16.1,3.0,1.0,0.3333333333333333,54,67,8768.376666666669,0.28,0.0,0.6666666666666666,0.0,0.0,0,0,0.0,0.0,0,0,0.0,13820.26,2,1,0.5,26305.130000000005,3,1,0.3333333333333333,1
LGS2ORD0034652,C010589,2025-10-02 10:00:00,Male,40,Bronze,Web,Songkhla,1335,Shopee,COD,10,10,3,0,30-40,44.5,4.0,2.0,0.5,86,53,2945.42,0.23,0.75,0.25,0.0,0.0,0,0,0.0,0.0,0,0,0.0,3339.96,1,0,0.0,11781.68,4,2,0.5,0
LGS2ORD0034653,C011439,2025-10-02 10:00:00,Female,45,Silver,TV,Bangkok,1471,Lazada,Credit_Card,10,10,3,0,40-50,49.03333333333333,3.0,2.0,0.6666666666666666,210,225,2641.89,0.3,0.6666666666666666,0.3333333333333333,0.0,0.0,0,0,0.0,0.0,0,0,0.0,0.0,0,0,0.0,7925.67,3,2,0.6666666666666666,0
LGS2ORD0034654,C010055,2025-10-02 10:00:00,Female,55,Bronze,Lazada,Remote_Area,695,Lazada,COD,10,10,3,0,>50,23.166666666666668,7.0,1.0,0.14285714285714285,59,6,3401.8328571428574,0.28,0.2857142857142857,0.14285714285714285,0.0,6526.79,1,0,0.0,6526.79,1,0,0.0,12987.25,3,1,0.3333333333333333,23812.83,7,1,0.14285714285714285,0
LGS2ORD0034655,C015005,2025-10-02 10:00:00,Male,43,Silver,Web,Chiang Mai,1715,TV_Show,COD,10,10,3,0,40-50,57.166666666666664,2.0,0.0,0.0,-1,25,4725.2699999999995,0.25,0.0,0.5,0.0,0.0,0,0,0.0,3512.31,1,0,0.0,3512.31,1,0,0.0,9450.539999999999,2,0,0.0,0
LGS2ORD0034656,C012420,2025-10-02 11:00:00,Male,50,Bronze,TV,Songkhla,875,CallCenter,Credit_Card,11,10,3,0,40-50,29.166666666666668,7.0,2.0,0.2857142857142857,112,22,6477.541428571429,0.28,0.7142857142857143,0.7142857142857143,0.0,0.0,0,0,0.0,10951.65,1,0,0.0,18846.4,2,0,0.0,45342.79,7,2,0.2857142857142857,1
LGS2ORD0034657,C011914,2025-10-02 11:00:00,Female,56,Gold,CallCenter,Chiang Mai,616,TV_Show,COD,11,10,3,0,>50,20.533333333333335,5.0,2.0,0.4,23,38,3437.62,0.28,0.6,0.2,0.0,0.0,0,0,0.0,0.0,0,0,0.0,1884.18,1,1,1.0,17188.1,5,2,0.4,0
LGS2ORD0034658,C014228,2025-10-02 11:00:00,Female,35,Gold,Web,Chonburi,1206,TV_Show,Bank_Transfer,11,10,3,0,30-40,40.2,1.0,0.0,0.0,-1,139,1467.44,0.08,1.0,0.0,0.0,0.0,0,0,0.0,0.0,0,0,0.0,0.0,0,0,0.0,1467.44,1,0,0.0,0
LGS2ORD0034659,C014607,2025-10-02 11:00:00,Male,37,Bronze,Web,Phuket,508,Web,PromptPay,11,10,3,0,30-40,16.933333333333334,3.0,0.0,0.0,-1,18,2745.0466666666666,0.13,0.0,0.0,0.0,0.0,0,0,0.0,986.81,1,0,0.0,1837.96,2,0,0.0,8235.14,3,0,0.0,0
LGS2ORD0034660,C015510,2025-10-02 11:00:00,Female,25,Silver,Web,Bangkok,921,Shopee,COD,11,10,3,0,20-30,30.7,2.0,1.0,0.5,151,164,11609.97,0.15,1.0,0.0,0.0,0.0,0,0,0.0,0.0,0,0,0.0,0.0,0,0,0.0,23219.94,2,1,0.5,0
LGS2ORD0034661,C011536,2025-10-02 12:00:00,Male,34,Bronze,Lazada,Bangkok,1532,Web,Bank_Transfer,12,10,3,0,30-40,51.06666666666667,5.0,1.0,0.2,228,5,4106.614,0.23,0.6,0.2,0.0,506.87,1,0,0.0,6332.41,3,0,0.0,6332.41,3,0,0.0,20533.07,5,1,0.2,0
LGS2ORD0034662,C017709,2025-10-02 12:00:00,Male,51,Gold,Web,Bangkok,566,CallCenter,COD,12,10,3,0,>50,18.866666666666667,3.0,0.0,0.0,-1,24,12002.99,0.13,0.0,0.0,0.0,0.0,0,0,0.0,1191.86,1,0,0.0,1191.86,1,0,0.0,36008.97,3,0,0.0,0
LGS2ORD0034663,C011409,2025-10-02 12:00:00,Female,56,Bronze,CallCenter,Chonburi,1579,TV_Show,Credit_Card,12,10,3,0,>50,52.63333333333333,3.0,0.0,0.0,-1,46,5883.06,0.23,0.3333333333333333,0.3333333333333333,0.0,0.0,0,0,0.0,0.0,0,0,0.0,3502.06,1,0,0.0,17649.18,3,0,0.0,0
LGS2ORD0034664,C012755,2025-10-02 12:00:00,Female,35,Bronze,Shopee,Bangkok,1459,Lazada,Credit_Card,12,10,3,0,30-40,48.63333333333333,2.0,0.0,0.0,-1,29,7988.91,0.18,0.5,0.0,0.0,0.0,0,0,0.0,3448.01,1,0,0.0,3448.01,1,0,0.0,15977.82,2,0,0.0,0
LGS2ORD0034665,C015385,2025-10-02 12:00:00,Male,46,Gold,Lazada,Nakhon Ratchasima,524,Shopee,COD,12,10,3,0,40-50,17.466666666666665,3.0,0.0,0.0,-1,23,4621.653333333333,0.33,0.6666666666666666,0.6666666666666666,0.0,0.0,0,0,0.0,5659.71,1,0,0.0,5659.71,1,0,0.0,13864.96,3,0,0.0,0
LGS2ORD0034666,C013363,2025-10-02 13:00:00,Female,45,Gold,CallCenter,Chonburi,1497,CallCenter,Credit_Card,13,10,3,0,40-50,49.9,5.0,2.0,0.4,1,14,7557.528000000001,0.2299999999999999,0.8,0.4,0.0,0.0,0,0,0.0,6072.0599999999995,2,1,0.5,7904.969999999999,3,2,0.6666666666666666,37787.64000000001,5,2,0.4,0
LGS2ORD0034667,C013682,2025-10-02 13:00:00,Other,30,Silver,Web,Songkhla,1049,TV_Show,Credit_Card,13,10,3,0,20-30,34.96666666666667,7.0,2.0,0.2857142857142857,40,13,8089.750000000001,0.25,0.7142857142857143,0.14285714285714285,0.0,0.0,0,0,0.0,20698.620000000003,2,0,0.0,40845.82,5,1,0.2,56628.25000000001,7,2,0.2857142857142857,0
LGS2ORD0034668,C015420,2025-10-02 13:00:00,Male,43,Bronze,Shopee,Songkhla,1693,Shopee,COD,13,10,3,0,40-50,56.43333333333333,4.0,0.0,0.0,-1,17,4865.945000000001,0.28,0.75,0.75,0.0,0.0,0,0,0.0,1133.05,1,0,0.0,2697.88,2,0,0.0,19463.780000000002,4,0,0.0,1
LGS2ORD0034669,C012624,2025-10-02 13:00:00,Male,47,Silver,Shopee,Remote_Area,1068,TV_Show,Credit_Card,13,10,3,0,40-50,35.6,6.0,2.0,0.3333333333333333,127,2,4437.768333333333,0.2,0.6666666666666666,0.0,0.0,2142.14,1,0,0.0,2142.14,1,0,0.0,16824.68,3,0,0.0,26626.61,6,2,0.3333333333333333,0
LGS2ORD0034670,C014555,2025-10-02 13:00:00,Male,32,Bronze,Shopee,Remote_Area,619,TV_Show,Credit_Card,13,10,3,0,30-40,20.633333333333333,6.0,1.0,0.16666666666666666,30,31,6340.776666666668,0.18,0.5,0.0,0.0,0.0,0,0,0.0,0.0,0,0,0.0,34200.740000000005,4,1,0.25,38044.66,6,1,0.16666666666666666,0
LGS2ORD0034671,C015789,2025-10-02 14:00:00,Male,46,Gold,TV,Chonburi,821,Lazada,Bank_Transfer,14,10,3,0,40-50,27.366666666666667,3.0,0.0,0.0,-1,80,2908.15,0.28,0.6666666666666666,0.6666666666666666,0.0,0.0,0,0,0.0,0.0,0,0,0.0,3203.45,1,0,0.0,8724.45,3,0,0.0,0
LGS2ORD0034672,C014235,2025-10-02 14:00:00,Male,31,Silver,TV,Bangkok,593,Web,COD,14,10,3,0,30-40,19.766666666666666,6.0,0.0,0.0,-1,15,9102.898333333333,0.25,0.6666666666666666,0.16666666666666666,0.0,0.0,0,0,0.0,17123.19,1,0,0.0,28102.68,2,0,0.0,54617.39,6,0,0.0,0
LGS2ORD0034673,C012615,2025-10-02 14:00:00,Female,43,Platinum,TV,Songkhla,1480,Shopee,Bank_Transfer,14,10,3,0,40-50,49.333333333333336,3.0,0.0,0.0,-1,38,16529.69,0.2,0.0,0.0,0.0,0.0,0,0,0.0,0.0,0,0,0.0,48907.83,2,0,0.0,49589.06999999999,3,0,0.0,1
LGS2ORD0034674,C016033,2025-10-02 14:00:00,Female,45,Gold,Shopee,Bangkok,1690,TV_Show,COD,14,10,3,0,40-50,56.333333333333336,5.0,0.0,0.0,-1,58,3555.308,0.28,0.6,0.4,0.0,0.0,0,0,0.0,0.0,0,0,0.0,661.4,1,0,0.0,17776.54,5,0,0.0,1
LGS2ORD0034675,C010299,2025-10-02 14:00:00,Female,18,Bronze,TV,Chonburi,492,Lazada,COD,14,10,3,0,<20,16.4,5.0,1.0,0.2,133,59,9840.036000000002,0.28,0.4,0.4,0.0,0.0,0,0,0.0,0.0,0,0,0.0,14608.22,1,0,0.0,49200.18000000001,5,1,0.2,0
LGS2ORD0034676,C014610,2025-10-02 14:00:00,Male,40,Bronze,Lazada,Nakhon Ratchasima,961,Lazada,Credit_Card,14,10,3,0,30-40,32.03333333333333,7.0,2.0,0.2857142857142857,115,119,5847.177142857144,0.23,0.8571428571428571,0.14285714285714285,0.0,0.0,0,0,0.0,0.0,0,0,0.0,0.0,0,0,0.0,40930.240000000005,7,2,0.2857142857142857,0
LGS2ORD0034677,C016508,2025-10-02 15:00:00,Female,66,Silver,Shopee,Chonburi,466,Shopee,COD,15,10,3,0,>50,15.533333333333333,4.0,0.0,0.0,-1,64,3863.5525,0.3,0.0,0.25,0.0,0.0,0,0,0.0,0.0,0,0,0.0,7395.360000000001,2,0,0.0,15454.21,4,0,0.0,0
LGS2ORD0034678,C013995,2025-10-02 15:00:00,Female,56,Silver,Shopee,Khon Kaen,1571,TV_Show,Credit_Card,15,10,3,0,>50,52.36666666666667,3.0,1.0,0.3333333333333333,30,34,10093.653333333334,0.25,1.0,0.3333333333333333,0.0,0.0,0,0,0.0,0.0,0,0,0.0,3533.47,1,1,1.0,30280.96,3,1,0.3333333333333333,1
LGS2ORD0034679,C012068,2025-10-02 15:00:00,Male,45,Bronze,CallCenter,Bangkok,968,TV_Show,PromptPay,15,10,3,0,40-50,32.266666666666666,5.0,2.0,0.4,4,18,4272.526,0.23,0.4,0.4,0.0,0.0,0,0,0.0,7283.78,2,2,1.0,19810.57,4,2,0.5,21362.629999999997,5,2,0.4,0
LGS2ORD0034680,C015914,2025-10-02 15:00:00,Male,18,Bronze,Shopee,Songkhla,408,TV_Show,COD,15,10,3,0,<20,13.6,11.0,4.0,0.36363636363636365,94,31,4673.647272727273,0.23,0.7272727272727273,0.09090909090909091,0.0,0.0,0,0,0.0,0.0,0,0,0.0,2667.63,1,0,0.0,51410.12,11,4,0.36363636363636365,0
LGS2ORD0034681,C016418,2025-10-02 15:00:00,Male,38,Bronze,Shopee,Bangkok,589,Shopee,Credit_Card,15,10,3,0,30-40,19.633333333333333,3.0,2.0,0.6666666666666666,89,55,4289.72,0.23,0.6666666666666666,0.3333333333333333,0.0,0.0,0,0,0.0,0.0,0,0,0.0,11570.09,1,0,0.0,12869.16,3,2,0.6666666666666666,0
LGS2ORD0034682,C014128,2025-10-02 16:00:00,Male,40,Platinum,CallCenter,Remote_Area,1280,Shopee,PromptPay,16,10,3,0,30-40,42.666666666666664,2.0,0.0,0.0,-1,15,3774.775,0.15,0.0,0.0,0.0,0.0,0,0,0.0,2597.92,1,0,0.0,7549.55,2,0,0.0,7549.55,2,0,0.0,0
LGS2ORD0034683,C011726,2025-10-02 16:00:00,Male,32,Bronze,Shopee,Khon Kaen,457,CallCenter,COD,16,10,3,0,30-40,15.233333333333333,5.0,1.0,0.2,149,40,3566.9,0.28,0.8,0.2,0.0,0.0,0,0,0.0,0.0,0,0,0.0,11438.470000000001,2,0,0.0,17834.5,5,1,0.2,0
LGS2ORD0034684,C016661,2025-10-02 16:00:00,Female,39,Bronze,TV,Phuket,1289,Web,COD,16,10,3,0,30-40,42.96666666666667,6.0,1.0,0.16666666666666666,97,48,5759.175,0.28,0.5,0.16666666666666666,0.0,0.0,0,0,0.0,0.0,0,0,0.0,6876.780000000001,2,0,0.0,34555.05,6,1,0.16666666666666666,0
LGS2ORD0034685,C014885,2025-10-02 16:00:00,Male,57,Silver,Shopee,Bangkok,609,Lazada,COD,16,10,3,0,>50,20.3,3.0,0.0,0.0,-1,7,3312.236666666666,0.25,0.6666666666666666,0.3333333333333333,0.0,0.0,0,0,0.0,7281.53,1,0,0.0,7891.5,2,0,0.0,9936.71,3,0,0.0,0
LGS2ORD0034686,C014527,2025-10-02 16:00:00,Female,26,Bronze,Shopee,Chiang Mai,1226,Web,COD,16,10,3,0,20-30,40.86666666666667,6.0,0.0,0.0,-1,22,3204.9449999999997,0.13,0.16666666666666666,0.0,0.0,0.0,0,0,0.0,10347.09,1,0,0.0,14583.07,2,0,0.0,19229.67,6,0,0.0,0
LGS2ORD0034687,C010125,2025-10-02 17:00:00,Female,25,Silver,TV,Phuket,1709,Web,COD,17,10,3,0,20-30,56.96666666666667,4.0,2.0,0.5,182,4,6549.795,0.25,0.25,0.25,0.0,3899.56,1,0,0.0,3899.56,1,0,0.0,20646.81,2,0,0.0,26199.18,4,2,0.5,1
LGS2ORD0034688,C017153,2025-10-02 17:00:00,Female,36,Bronze,Web,Bangkok,1370,Web,PromptPay,17,10,3,0,30-40,45.666666666666664,4.0,1.0,0.25,248,110,6090.3275,0.23,0.0,0.25,0.0,0.0,0,0,0.0,0.0,0,0,0.0,0.0,0,0,0.0,24361.31,4,1,0.25,0
LGS2ORD0034689,C013526,2025-10-02 17:00:00,Male,39,Gold,CallCenter,Bangkok,346,Web,PromptPay,17,10,3,0,30-40,11.533333333333333,4.0,2.0,0.5,110,123,2297.5150000000003,0.2299999999999999,0.5,0.75,0.0,0.0,0,0,0.0,0.0,0,0,0.0,0.0,0,0,0.0,9190.060000000001,4,2,0.5,0
LGS2ORD0034690,C017740,2025-10-02 17:00:00,Female,34,Silver,Web,Remote_Area,408,Web,PromptPay,17,10,3,0,30-40,13.6,5.0,1.0,0.2,21,31,6484.576,0.3,0.6,0.2,0.0,0.0,0,0,0.0,0.0,0,0,0.0,9714.32,2,1,0.5,32422.88,5,1,0.2,0
LGS2ORD0034691,C010170,2025-10-02 17:00:00,Male,36,Silver,Lazada,Bangkok,925,CallCenter,COD,17,10,3,0,30-40,30.833333333333332,4.0,0.0,0.0,-1,116,1980.685,0.2,0.25,0.0,0.0,0.0,0,0,0.0,0.0,0,0,0.0,0.0,0,0,0.0,7922.74,4,0,0.0,0
LGS2ORD0034692,C012494,2025-10-02 18:00:00,Male,56,Bronze,Web,Songkhla,1620,Shopee,Bank_Transfer,18,10,3,0,>50,54.0,6.0,3.0,0.5,192,102,6915.713333333333,0.28,0.6666666666666666,0.5,0.0,0.0,0,0,0.0,0.0,0,0,0.0,0.0,0,0,0.0,41494.28,6,3,0.5,0
LGS2ORD0034693,C013179,2025-10-02 18:00:00,Male,42,Gold,Shopee,Songkhla,1439,Lazada,Credit_Card,18,10,3,0,40-50,47.96666666666667,3.0,1.0,0.3333333333333333,126,59,4260.066666666667,0.33,0.6666666666666666,0.6666666666666666,0.0,0.0,0,0,0.0,0.0,0,0,0.0,1899.76,1,0,0.0,12780.2,3,1,0.3333333333333333,1
LGS2ORD0034694,C012932,2025-10-02 18:00:00,Male,57,Gold,Web,Bangkok,1605,Lazada,Credit_Card,18,10,3,0,>50,53.5,3.0,1.0,0.3333333333333333,173,8,6972.406666666667,0.33,0.3333333333333333,0.3333333333333333,0.0,0.0,0,0,0.0,5829.14,1,0,0.0,5829.14,1,0,0.0,20917.22,3,1,0.3333333333333333,1
LGS2ORD0034695,C013650,2025-10-02 18:00:00,Male,37,Bronze,Lazada,Khon Kaen,1542,Lazada,PromptPay,18,10,3,0,30-40,51.4,8.0,3.0,0.375,-9,1,8031.48125,0.23,0.75,0.375,0.0,1652.58,1,1,1.0,1652.58,1,1,1.0,12758.369999999999,3,2,0.6666666666666666,64251.85,8,3,0.375,0
LGS2ORD0034696,C015308,2025-10-02 18:00:00,Female,33,Bronze,Lazada,Bangkok,1657,TV_Show,COD,18,10,3,0,30-40,55.233333333333334,3.0,1.0,0.3333333333333333,89,95,2149.9933333333333,0.18,0.3333333333333333,0.0,0.0,0.0,0,0,0.0,0.0,0,0,0.0,0.0,0,0,0.0,6449.98,3,1,0.3333333333333333,0
LGS2ORD0034697,C017187,2025-10-02 18:00:00,Male,53,Silver,Web,Chonburi,291,Shopee,Credit_Card,18,10,3,0,>50,9.7,3.0,1.0,0.3333333333333333,87,97,8541.343333333332,0.3,1.0,0.3333333333333333,0.0,0.0,0,0,0.0,0.0,0,0,0.0,0.0,0,0,0.0,25624.03,3,1,0.3333333333333333,0
LGS2ORD0034698,C014773,2025-10-02 19:00:00,Female,49,Bronze,Shopee,Bangkok,1556,Web,COD,19,10,3,0,40-50,51.86666666666667,2.0,0.0,0.0,-1,1,1308.6799999999998,0.08,0.0,0.0,0.0,534.39,1,0,0.0,534.39,1,0,0.0,534.39,1,0,0.0,2617.3599999999997,2,0,0.0,0
LGS2ORD0034699,C016853,2025-10-02 19:00:00,Female,35,Bronze,Web,Khon Kaen,1129,Shopee,Credit_Card,19,10,3,0,30-40,37.63333333333333,4.0,1.0,0.25,92,0,2615.0725,0.28,0.75,0.25,0.0,2282.93,1,0,0.0,3839.45,2,0,0.0,5333.82,3,0,0.0,10460.29,4,1,0.25,0
LGS2ORD0034700,C017436,2025-10-02 19:00:00,Female,41,Bronze,Web,Phuket,1246,Lazada,Credit_Card,19,10,3,0,40-50,41.53333333333333,6.0,4.0,0.6666666666666666,52,11,2517.7533333333336,0.23,0.0,0.16666666666666666,0.0,0.0,0,0,0.0,1205.21,1,0,0.0,11189.470000000001,4,2,0.5,15106.52,6,4,0.6666666666666666,0
LGS2ORD0034701,C013912,2025-10-02 19:00:00,Female,37,Bronze,CallCenter,Chonburi,1355,TV_Show,COD,19,10,3,0,30-40,45.166666666666664,3.0,0.0,0.0,-1,80,2773.0,0.28,0.6666666666666666,0.3333333333333333,0.0,0.0,0,0,0.0,0.0,0,0,0.0,1901.38,1,0,0.0,8319.0,3,0,0.0,0
LGS2ORD0034702,C016662,2025-10-02 19:00:00,Male,46,Bronze,Web,Remote_Area,1133,Shopee,Bank_Transfer,19,10,3,0,40-50,37.766666666666666,3.0,0.0,0.0,-1,109,6601.423333333333,0.18,0.3333333333333333,0.0,0.0,0.0,0,0,0.0,0.0,0,0,0.0,0.0,0,0,0.0,19804.27,3,0,0.0,1
LGS2ORD0034703,C016575,2025-10-02 20:00:00,Male,53,Silver,Web,Khon Kaen,1339,TV_Show,Bank_Transfer,20,10,3,0,>50,44.63333333333333,4.0,1.0,0.25,67,80,6586.969999999999,0.2,0.25,0.0,0.0,0.0,0,0,0.0,0.0,0,0,0.0,1994.96,1,1,1.0,26347.879999999997,4,1,0.25,0
LGS2ORD0034704,C010519,2025-10-02 20:00:00,Female,46,Platinum,Web,Chiang Mai,785,Lazada,Bank_Transfer,20,10,3,0,40-50,26.166666666666668,0.0,0.0,0.0,-1,-1,0.0,0.0,0.0,0.0,0.0,0.0,0,0,0.0,0.0,0,0,0.0,0.0,0,0,0.0,0.0,0,0,0.0,0
LGS2ORD0034705,C015646,2025-10-02 20:00:00,Male,54,Bronze,Web,Bangkok,1700,CallCenter,COD,20,10,3,0,>50,56.666666666666664,3.0,0.0,0.0,-1,76,3583.4033333333336,0.28,0.6666666666666666,0.3333333333333333,0.0,0.0,0,0,0.0,0.0,0,0,0.0,841.85,1,0,0.0,10750.210000000001,3,0,0.0,0
LGS2ORD0034706,C016784,2025-10-02 20:00:00,Female,29,Gold,Web,Phuket,514,Lazada,Bank_Transfer,20,10,3,0,20-30,17.133333333333333,3.0,2.0,0.6666666666666666,37,39,14152.200000000003,0.28,0.3333333333333333,1.0,0.0,0.0,0,0,0.0,0.0,0,0,0.0,17826.239999999998,2,1,0.5,42456.600000000006,3,2,0.6666666666666666,1
LGS2ORD0034707,C014074,2025-10-02 20:00:00,Male,37,Gold,CallCenter,Bangkok,294,Web,PromptPay,20,10,3,0,30-40,9.8,4.0,1.0,0.25,195,37,8879.435,0.33,1.0,0.5,0.0,0.0,0,0,0.0,0.0,0,0,0.0,17797.8,1,0,0.0,35517.74,4,1,0.25,0
LGS2ORD0034708,C017497,2025-10-02 21:00:00,Female,43,Bronze,Lazada,Khon Kaen,1131,Lazada,Credit_Card,21,10,3,0,40-50,37.7,6.0,2.0,0.3333333333333333,-11,1,2693.763333333333,0.23,0.8333333333333334,0.3333333333333333,0.0,3496.89,1,1,1.0,3496.89,1,1,1.0,10034.109999999999,3,2,0.6666666666666666,16162.579999999998,6,2,0.3333333333333333,0
LGS2ORD0034709,C017273,2025-10-02 21:00:00,Male,26,Bronze,Lazada,Bangkok,1482,Lazada,PromptPay,21,10,3,0,20-30,49.4,10.0,3.0,0.3,88,14,9650.576,0.28,0.7,0.2,0.0,0.0,0,0,0.0,2326.37,1,0,0.0,15958.060000000001,2,0,0.0,96505.76,10,3,0.3,1
LGS2ORD0034710,C015954,2025-10-02 21:00:00,Female,58,Bronze,TV,Remote_Area,930,TV_Show,COD,21,10,3,0,>50,31.0,5.0,1.0,0.2,91,20,6947.946000000001,0.23,0.8,0.6,0.0,0.0,0,0,0.0,3426.26,1,0,0.0,12286.41,2,0,0.0,34739.73,5,1,0.2,1
LGS2ORD0034711,C010260,2025-10-02 21:00:00,Male,52,Gold,Lazada,Songkhla,529,Web,Credit_Card,21,10,3,0,>50,17.633333333333333,3.0,0.0,0.0,-1,128,4462.26,0.13,0.0,0.0,0.0,0.0,0,0,0.0,0.0,0,0,0.0,0.0,0,0,0.0,13386.78,3,0,0.0,0
LGS2ORD0034712,C013577,2025-10-02 21:00:00,Male,51,Bronze,TV,Chiang Mai,838,Lazada,COD,21,10,3,0,>50,27.933333333333334,4.0,3.0,0.75,66,75,9582.975,0.13,0.5,0.0,0.0,0.0,0,0,0.0,0.0,0,0,0.0,1224.85,1,1,1.0,38331.9,4,3,0.75,0
LGS2ORD0034713,C017728,2025-10-02 21:00:00,Female,34,Platinum,Lazada,Khon Kaen,545,TV_Show,PromptPay,21,10,3,0,30-40,18.166666666666668,3.0,1.0,0.3333333333333333,219,78,5555.209999999999,0.25,0.3333333333333333,0.3333333333333333,0.0,0.0,0,0,0.0,0.0,0,0,0.0,299.5,1,0,0.0,16665.629999999997,3,1,0.3333333333333333,0
LGS2ORD0034714,C012101,2025-10-02 22:00:00,Female,62,Bronze,CallCenter,Songkhla,298,TV_Show,COD,22,10,3,0,>50,9.933333333333334,4.0,1.0,0.25,180,1,6833.5475,0.18,0.25,0.0,0.0,2265.1,1,0,0.0,2265.1,1,0,0.0,10704.12,3,0,0.0,27334.19,4,1,0.25,1
LGS2ORD0034715,C011433,2025-10-02 22:00:00,Male,61,Bronze,Shopee,Chonburi,1484,TV_Show,Credit_Card,22,10,3,0,>50,49.46666666666667,10.0,3.0,0.3,10,6,3826.6709999999994,0.28,0.4,0.2,0.0,1802.7,1,0,0.0,3440.12,2,1,0.5,5756.72,3,1,0.3333333333333333,38266.70999999999,10,3,0.3,0
LGS2ORD0034716,C017503,2025-10-02 22:00:00,Female,23,Silver,Shopee,Bangkok,1264,Web,COD,22,10,3,0,20-30,42.13333333333333,4.0,0.0,0.0,-1,48,8679.0025,0.15,0.5,0.0,0.0,0.0,0,0,0.0,0.0,0,0,0.0,22426.95,1,0,0.0,34716.01,4,0,0.0,1
LGS2ORD0034717,C014639,2025-10-02 22:00:00,Male,64,Bronze,TV,Remote_Area,1146,Web,PromptPay,22,10,3,0,>50,38.2,8.0,4.0,0.5,70,76,3370.375,0.23,0.625,0.25,0.0,0.0,0,0,0.0,0.0,0,0,0.0,772.94,1,1,1.0,26963.0,8,4,0.5,1
LGS2ORD0034718,C012041,2025-10-02 22:00:00,Male,27,Silver,Web,Bangkok,1346,TV_Show,PromptPay,22,10,3,0,20-30,44.86666666666667,3.0,2.0,0.6666666666666666,42,51,1430.6333333333334,0.25,1.0,0.3333333333333333,0.0,0.0,0,0,0.0,0.0,0,0,0.0,1304.97,1,1,1.0,4291.900000000001,3,2,0.6666666666666666,0
LGS2ORD0034719,C012824,2025-10-02 23:00:00,Female,51,Silver,TV,Remote_Area,1133,Shopee,PromptPay,23,10,3,0,>50,37.766666666666666,5.0,2.0,0.4,-13,0,4071.6299999999997,0.3,0.4,0.4,0.0,4114.5,1,1,1.0,6015.3,2,1,0.5,7852.51,3,1,0.3333333333333333,20358.149999999998,5,2,0.4,0
LGS2ORD0034720,C011865,2025-10-02 23:00:00,Female,43,Silver,Web,Chonburi,698,TV_Show,Credit_Card,23,10,3,0,40-50,23.266666666666666,2.0,0.0,0.0,-1,1,1895.835,0.3,0.5,0.5,0.0,3010.43,1,0,0.0,3010.43,1,0,0.0,3010.43,1,0,0.0,3791.67,2,0,0.0,0
LGS2ORD0034721,C011732,2025-10-02 23:00:00,Male,39,Bronze,Web,Chiang Mai,1068,Shopee,PromptPay,23,10,3,0,30-40,35.6,11.0,5.0,0.45454545454545453,50,18,3293.0163636363636,0.23,0.6363636363636364,0.09090909090909091,0.0,0.0,0,0,0.0,569.96,1,0,0.0,22150.72,5,1,0.2,36223.18,11,5,0.45454545454545453,0
LGS2ORD0034722,C016353,2025-10-02 23:00:00,Male,44,Silver,TV,Bangkok,602,Shopee,PromptPay,23,10,3,0,40-50,20.066666666666666,1.0,0.0,0.0,-1,10,9355.63,0.1,1.0,0.0,0.0,0.0,0,0,0.0,9355.63,1,0,0.0,9355.63,1,0,0.0,9355.63,1,0,0.0,0
LGS2ORD0034723,C013528,2025-10-02 23:00:00,Female,64,Silver,Shopee,Remote_Area,1325,Lazada,COD,23,10,3,0,>50,44.166666666666664,7.0,3.0,0.42857142857142855,67,3,7525.79142857143,0.25,0.5714285714285714,0.14285714285714285,0.0,2615.48,1,0,0.0,2615.48,1,0,0.0,7618.040000000001,2,1,0.5,52680.54000000001,7,3,0.42857142857142855,1
LGS2ORD0034724,C016819,2025-10-03 00:00:00,Female,62,Bronze,TV,Bangkok,444,CallCenter,COD,0,10,4,0,>50,14.8,10.0,4.0,0.4,23,6,7789.739,0.28,0.5,0.4,0.0,20566.95,1,0,0.0,20566.95,1,0,0.0,46110.55,4,2,0.5,77897.39,10,4,0.4,0
LGS2ORD0034725,C015428,2025-10-03 00:00:00,Male,58,Bronze,TV,Remote_Area,1352,CallCenter,PromptPay,0,10,4,0,>50,45.06666666666667,8.0,2.0,0.25,10,0,4681.71125,0.28,0.75,0.5,0.0,7100.27,1,0,0.0,13365.25,3,1,0.3333333333333333,13365.25,3,1,0.3333333333333333,37453.69,8,2,0.25,1
LGS2ORD0034726,C015386,2025-10-03 00:00:00,Male,55,Bronze,TV,Bangkok,1616,Shopee,COD,0,10,4,0,>50,53.86666666666667,5.0,1.0,0.2,83,14,3660.7380000000003,0.28,0.6,0.4,0.0,0.0,0,0,0.0,2617.04,2,0,0.0,2827.0299999999997,3,0,0.0,18303.690000000002,5,1,0.2,0
LGS2ORD0034727,C010640,2025-10-03 00:00:00,Male,44,Gold,Web,Khon Kaen,1295,TV_Show,PromptPay,0,10,4,0,40-50,43.166666666666664,2.0,1.0,0.5,95,108,3058.8999999999996,0.2299999999999999,0.0,0.5,0.0,0.0,0,0,0.0,0.0,0,0,0.0,0.0,0,0,0.0,6117.799999999999,2,1,0.5,1
LGS2ORD0034728,C017424,2025-10-03 00:00:00,Female,51,Bronze,TV,Bangkok,1617,Web,Credit_Card,0,10,4,0,>50,53.9,3.0,0.0,0.0,-1,40,9080.556666666665,0.28,1.0,0.3333333333333333,0.0,0.0,0,0,0.0,0.0,0,0,0.0,23124.34,1,0,0.0,27241.67,3,0,0.0,0
LGS2ORD0034729,C017225,2025-10-03 01:00:00,Female,39,Bronze,Shopee,Chiang Mai,1307,Web,Credit_Card,1,10,4,0,30-40,43.56666666666667,6.0,2.0,0.3333333333333333,83,6,6794.218333333333,0.18,0.8333333333333334,0.0,0.0,4025.11,1,0,0.0,4025.11,1,0,0.0,4025.11,1,0,0.0,40765.31,6,2,0.3333333333333333,0
LGS2ORD0034730,C013519,2025-10-03 01:00:00,Male,30,Platinum,Web,Nakhon Ratchasima,1609,TV_Show,Credit_Card,1,10,4,0,20-30,53.63333333333333,0.0,0.0,0.0,-1,-1,0.0,0.0,0.0,0.0,0.0,0.0,0,0,0.0,0.0,0,0,0.0,0.0,0,0,0.0,0.0,0,0,0.0,0
LGS2ORD0034731,C011603,2025-10-03 01:00:00,Female,32,Bronze,Web,Nakhon Ratchasima,865,Shopee,COD,1,10,4,0,30-40,28.833333333333332,3.0,0.0,0.0,-1,18,1727.7900000000002,0.28,0.3333333333333333,0.6666666666666666,0.0,0.0,0,0,0.0,564.81,1,0,0.0,564.81,1,0,0.0,5183.370000000001,3,0,0.0,0
LGS2ORD0034732,C011089,2025-10-03 01:00:00,Male,31,Bronze,TV,Songkhla,783,Shopee,Credit_Card,1,10,4,0,30-40,26.1,0.0,0.0,0.0,-1,-1,0.0,0.0,0.0,0.0,0.0,0.0,0,0,0.0,0.0,0,0,0.0,0.0,0,0,0.0,0.0,0,0,0.0,0
LGS2ORD0034733,C012915,2025-10-03 01:00:00,Female,40,Platinum,CallCenter,Bangkok,376,Lazada,COD,1,10,4,0,30-40,12.533333333333333,2.0,0.0,0.0,-1,72,1100.585,0.3,0.0,0.5,0.0,0.0,0,0,0.0,0.0,0,0,0.0,1444.38,1,0,0.0,2201.17,2,0,0.0,0
LGS2ORD0034734,C014664,2025-10-03 01:00:00,Female,55,Silver,TV,Khon Kaen,830,Lazada,COD,1,10,4,0,>50,27.666666666666668,7.0,1.0,0.14285714285714285,61,12,5214.135714285714,0.2,0.8571428571428571,0.0,0.0,0.0,0,0,0.0,3423.47,1,0,0.0,4703.3099999999995,2,1,0.5,36498.95,7,1,0.14285714285714285,0
LGS2ORD0034735,C012005,2025-10-03 02:00:00,Male,71,Gold,TV,Nakhon Ratchasima,1575,Web,Credit_Card,2,10,4,0,>50,52.5,9.0,0.0,0.0,-1,51,3440.2922222222223,0.33,0.5555555555555556,0.5555555555555556,0.0,0.0,0,0,0.0,0.0,0,0,0.0,4914.639999999999,2,0,0.0,30962.63,9,0,0.0,0
LGS2ORD0034736,C014820,2025-10-03 02:00:00,Female,19,Bronze,TV,Chonburi,1506,Lazada,Credit_Card,2,10,4,0,<20,50.2,2.0,0.0,0.0,-1,48,3387.3,0.08,0.5,0.0,0.0,0.0,0,0,0.0,0.0,0,0,0.0,641.5,1,0,0.0,6774.6,2,0,0.0,0
LGS2ORD0034737,C017892,2025-10-03 02:00:00,Female,58,Silver,Web,Nakhon Ratchasima,743,Lazada,COD,2,10,4,0,>50,24.766666666666666,3.0,1.0,0.3333333333333333,57,70,9742.28,0.2,0.3333333333333333,0.0,0.0,0.0,0,0,0.0,0.0,0,0,0.0,1591.09,1,1,1.0,29226.84,3,1,0.3333333333333333,1
LGS2ORD0034738,C010736,2025-10-03 02:00:00,Male,33,Bronze,Shopee,Remote_Area,988,Lazada,COD,2,10,4,0,30-40,32.93333333333333,9.0,4.0,0.4444444444444444,99,107,6197.041111111112,0.28,0.5555555555555556,0.5555555555555556,0.0,0.0,0,0,0.0,0.0,0,0,0.0,0.0,0,0,0.0,55773.37,9,4,0.4444444444444444,1
LGS2ORD0034739,C015225,2025-10-03 02:00:00,Female,20,Bronze,Shopee,Bangkok,1180,Shopee,COD,2,10,4,0,<20,39.333333333333336,3.0,0.0,0.0,-1,110,2772.4566666666665,0.08,0.0,0.0,0.0,0.0,0,0,0.0,0.0,0,0,0.0,0.0,0,0,0.0,8317.369999999999,3,0,0.0,0
LGS2ORD0034740,C014577,2025-10-03 03:00:00,Male,30,Silver,Web,Phuket,1552,Web,Bank_Transfer,3,10,4,0,20-30,51.733333333333334,3.0,0.0,0.0,-1,77,4418.716666666667,0.3,0.3333333333333333,0.3333333333333333,0.0,0.0,0,0,0.0,0.0,0,0,0.0,1749.37,1,0,0.0,13256.150000000001,3,0,0.0,0
LGS2ORD0034741,C011167,2025-10-03 03:00:00,Female,42,Silver,Web,Chiang Mai,1231,Web,COD,3,10,4,0,40-50,41.03333333333333,11.0,2.0,0.18181818181818182,174,7,3288.0454545454545,0.25,0.7272727272727273,0.18181818181818182,0.09090909090909091,0.0,0,0,0.0,7728.0,3,0,0.0,26506.64,4,0,0.0,36168.5,11,2,0.18181818181818182,1
LGS2ORD0034742,C013921,2025-10-03 03:00:00,Female,41,Gold,Shopee,Bangkok,1089,Shopee,Credit_Card,3,10,4,0,40-50,36.3,2.0,0.0,0.0,-1,175,3079.485,0.28,0.0,0.5,0.0,0.0,0,0,0.0,0.0,0,0,0.0,0.0,0,0,0.0,6158.97,2,0,0.0,0
LGS2ORD0034743,C010126,2025-10-03 03:00:00,Female,37,Bronze,Web,Phuket,752,Web,PromptPay,3,10,4,0,30-40,25.066666666666666,5.0,2.0,0.4,40,27,5023.32,0.23,0.2,0.2,0.0,0.0,0,0,0.0,2091.8,1,0,0.0,9708.1,3,1,0.3333333333333333,25116.6,5,2,0.4,0
LGS2ORD0034744,C015864,2025-10-03 03:00:00,Male,18,Gold,Web,Phuket,1670,Web,Credit_Card,3,10,4,0,<20,55.666666666666664,5.0,0.0,0.0,-1,78,9633.001999999999,0.28,0.0,0.4,0.0,0.0,0,0,0.0,0.0,0,0,0.0,1415.53,1,0,0.0,48165.009999999995,5,0,0.0,0
LGS2ORD0034745,C010206,2025-10-03 04:00:00,Other,46,Silver,Web,Chiang Mai,820,Web,Credit_Card,4,10,4,0,40-50,27.333333333333332,6.0,3.0,0.5,6,16,2374.2099999999996,0.3,0.8333333333333334,0.3333333333333333,0.0,0.0,0,0,0.0,1252.29,1,1,1.0,4465.51,2,1,0.5,14245.259999999998,6,3,0.5,0
LGS2ORD0034746,C011638,2025-10-03 04:00:00,Female,59,Gold,Shopee,Songkhla,568,CallCenter,Bank_Transfer,4,10,4,0,>50,18.933333333333334,3.0,0.0,0.0,-1,70,2288.81,0.2299999999999999,0.3333333333333333,0.6666666666666666,0.0,0.0,0,0,0.0,0.0,0,0,0.0,1928.51,1,0,0.0,6866.43,3,0,0.0,0
LGS2ORD0034747,C015016,2025-10-03 04:00:00,Male,47,Bronze,Shopee,Nakhon Ratchasima,1049,TV_Show,COD,4,10,4,0,40-50,34.96666666666667,2.0,0.0,0.0,-1,12,785.765,0.18,0.5,0.0,0.0,0.0,0,0,0.0,1300.73,1,0,0.0,1300.73,1,0,0.0,1571.53,2,0,0.0,0
LGS2ORD0034748,C014518,2025-10-03 04:00:00,Female,21,Bronze,Shopee,Songkhla,358,Web,COD,4,10,4,0,20-30,11.933333333333334,11.0,6.0,0.5454545454545454,41,15,5346.296363636364,0.28,0.9090909090909091,0.36363636363636365,0.0,0.0,0,0,0.0,458.57,1,0,0.0,22216.35,5,2,0.4,58809.26,11,6,0.5454545454545454,1
LGS2ORD0034749,C010598,2025-10-03 04:00:00,Male,24,Gold,Web,Bangkok,1247,Lazada,COD,4,10,4,0,20-30,41.56666666666667,3.0,0.0,0.0,-1,48,9601.176666666666,0.28,0.3333333333333333,0.6666666666666666,0.0,0.0,0,0,0.0,0.0,0,0,0.0,24066.97,1,0,0.0,28803.53,3,0,0.0,0
LGS2ORD0034750,C011449,2025-10-03 05:00:00,Male,23,Gold,Lazada,Chiang Mai,1410,Shopee,COD,5,10,4,0,20-30,47.0,5.0,1.0,0.2,201,13,4908.116,0.33,0.6,0.8,0.0,0.0,0,0,0.0,4309.6,1,0,0.0,15939.060000000001,3,0,0.0,24540.58,5,1,0.2,0
LGS2ORD0034751,C014132,2025-10-03 05:00:00,Other,46,Silver,Web,Songkhla,1308,Shopee,PromptPay,5,10,4,0,40-50,43.6,2.0,0.0,0.0,-1,221,10198.84,0.2,0.5,0.0,0.0,0.0,0,0,0.0,0.0,0,0,0.0,0.0,0,0,0.0,20397.68,2,0,0.0,0
LGS2ORD0034752,C015793,2025-10-03 05:00:00,Male,51,Gold,TV,Chiang Mai,1165,TV_Show,PromptPay,5,10,4,0,>50,38.833333333333336,4.0,2.0,0.5,111,121,5575.9,0.2299999999999999,0.25,0.5,0.0,0.0,0,0,0.0,0.0,0,0,0.0,0.0,0,0,0.0,22303.6,4,2,0.5,0
LGS2ORD0034753,C015832,2025-10-03 05:00:00,Female,42,Bronze,TV,Remote_Area,421,Web,Credit_Card,5,10,4,0,40-50,14.033333333333333,2.0,1.0,0.5,264,170,3853.17,0.18,1.0,0.0,0.0,0.0,0,0,0.0,0.0,0,0,0.0,0.0,0,0,0.0,7706.34,2,1,0.5,0
LGS2ORD0034754,C013290,2025-10-03 05:00:00,Female,30,Silver,Lazada,Songkhla,632,CallCenter,Bank_Transfer,5,10,4,0,20-30,21.066666666666666,4.0,2.0,0.5,53,64,4314.635,0.25,0.5,0.25,0.0,0.0,0,0,0.0,0.0,0,0,0.0,339.23,1,1,1.0,17258.54,4,2,0.5,0
LGS2ORD0034755,C015940,2025-10-03 05:00:00,Female,32,Bronze,Shopee,Songkhla,1289,CallCenter,Credit_Card,5,10,4,0,30-40,42.96666666666667,5.0,2.0,0.4,49,29,3164.1799999999994,0.28,0.6,0.2,0.0,0.0,0,0,0.0,2413.96,1,0,0.0,9386.16,3,2,0.6666666666666666,15820.899999999998,5,2,0.4,0
LGS2ORD0034756,C013447,2025-10-03 06:00:00,Male,60,Bronze,Shopee,Bangkok,1182,TV_Show,Credit_Card,6,10,4,0,>50,39.4,3.0,1.0,0.3333333333333333,-13,0,8066.27,0.23,1.0,0.3333333333333333,0.0,1218.64,1,1,1.0,1218.64,1,1,1.0,2516.48,2,1,0.5,24198.81,3,1,0.3333333333333333,0
LGS2ORD0034757,C010650,2025-10-03 06:00:00,Female,63,Gold,Lazada,Phuket,1487,Lazada,COD,6,10,4,0,>50,49.56666666666667,7.0,2.0,0.2857142857142857,53,24,5683.721428571428,0.28,0.42857142857142855,0.2857142857142857,0.0,0.0,0,0,0.0,3288.57,1,0,0.0,15716.17,3,1,0.3333333333333333,39786.049999999996,7,2,0.2857142857142857,0
LGS2ORD0034758,C011796,2025-10-03 06:00:00,Female,49,Bronze,Lazada,Nakhon Ratchasima,1117,Shopee,Credit_Card,6,10,4,0,40-50,37.233333333333334,5.0,2.0,0.4,14,18,3461.0039999999995,0.28,0.6,0.2,0.0,0.0,0,0,0.0,6158.67,2,1,0.5,7190.05,3,1,0.3333333333333333,17305.019999999997,5,2,0.4,0
LGS2ORD0034759,C012659,2025-10-03 06:00:00,Female,36,Platinum,TV,Remote_Area,400,Web,PromptPay,6,10,4,0,30-40,13.333333333333334,4.0,1.0,0.25,110,23,6697.18,0.25,0.75,0.5,0.0,0.0,0,0,0.0,6917.86,1,0,0.0,8635.63,2,0,0.0,26788.72,4,1,0.25,0
LGS2ORD0034760,C011640,2025-10-03 06:00:00,Male,44,Gold,Web,Remote_Area,1593,Lazada,COD,6,10,4,0,40-50,53.1,1.0,1.0,1.0,160,164,6939.35,0.33,1.0,1.0,0.0,0.0,0,0,0.0,0.0,0,0,0.0,0.0,0,0,0.0,6939.35,1,1,1.0,0
LGS2ORD0034761,C014539,2025-10-03 07:00:00,Male,42,Silver,Lazada,Chiang Mai,1121,CallCenter,COD,7,10,4,0,40-50,37.36666666666667,5.0,2.0,0.4,38,34,9788.782000000001,0.25,0.6,0.2,0.0,0.0,0,0,0.0,0.0,0,0,0.0,18587.06,2,1,0.5,48943.91,5,2,0.4,1
LGS2ORD0034762,C014847,2025-10-03 07:00:00,Male,28,Silver,Web,Remote_Area,1404,Shopee,Credit_Card,7,10,4,0,20-30,46.8,4.0,1.0,0.25,-10,2,8009.87,0.25,0.25,0.25,0.0,25875.85,1,1,1.0,25875.85,1,1,1.0,25875.85,1,1,1.0,32039.48,4,1,0.25,0
LGS2ORD0034763,C017659,2025-10-03 07:00:00,Male,45,Gold,TV,Bangkok,528,Lazada,COD,7,10,4,0,40-50,17.6,5.0,2.0,0.4,167,57,3252.8540000000003,0.28,0.6,0.6,0.0,0.0,0,0,0.0,0.0,0,0,0.0,1088.0,1,0,0.0,16264.270000000002,5,2,0.4,0
LGS2ORD0034764,C015565,2025-10-03 07:00:00,Male,39,Gold,Web,Nakhon Ratchasima,462,CallCenter,PromptPay,7,10,4,0,30-40,15.4,6.0,0.0,0.0,-1,54,3921.151666666666,0.33,0.3333333333333333,0.3333333333333333,0.0,0.0,0,0,0.0,0.0,0,0,0.0,13497.31,2,0,0.0,23526.909999999996,6,0,0.0,0
LGS2ORD0034765,C011397,2025-10-03 07:00:00,Male,51,Silver,Web,Songkhla,656,Lazada,COD,7,10,4,0,>50,21.866666666666667,1.0,0.0,0.0,-1,201,3364.59,0.15,0.0,0.0,0.0,0.0,0,0,0.0,0.0,0,0,0.0,0.0,0,0,0.0,3364.59,1,0,0.0,0
LGS2ORD0034766,C010086,2025-10-03 08:00:00,Male,63,Bronze,CallCenter,Bangkok,344,Web,Bank_Transfer,8,10,4,0,>50,11.466666666666667,1.0,0.0,0.0,-1,88,912.83,0.03,1.0,0.0,0.0,0.0,0,0,0.0,0.0,0,0,0.0,912.83,1,0,0.0,912.83,1,0,0.0,0
LGS2ORD0034767,C011123,2025-10-03 08:00:00,Female,45,Bronze,TV,Chiang Mai,340,Shopee,Credit_Card,8,10,4,0,40-50,11.333333333333334,6.0,1.0,0.16666666666666666,176,16,10013.61,0.23,0.5,0.3333333333333333,0.0,0.0,0,0,0.0,22697.77,1,0,0.0,24921.32,2,0,0.0,60081.66,6,1,0.16666666666666666,0
LGS2ORD0034768,C012935,2025-10-03 08:00:00,Female,33,Bronze,TV,Bangkok,1353,Web,COD,8,10,4,0,30-40,45.1,6.0,2.0,0.3333333333333333,3,15,5986.051666666667,0.18,0.5,0.0,0.0,0.0,0,0,0.0,569.08,1,1,1.0,569.08,1,1,1.0,35916.310000000005,6,2,0.3333333333333333,1
LGS2ORD0034769,C015172,2025-10-03 08:00:00,Male,49,Gold,Web,Remote_Area,384,Lazada,Credit_Card,8,10,4,0,40-50,12.8,1.0,0.0,0.0,-1,115,25445.26,0.13,0.0,0.0,0.0,0.0,0,0,0.0,0.0,0,0,0.0,0.0,0,0,0.0,25445.26,1,0,0.0,0
LGS2ORD0034770,C013868,2025-10-03 08:00:00,Male,40,Platinum,Web,Chiang Mai,819,Web,COD,8,10,4,0,30-40,27.3,2.0,1.0,0.5,96,103,6716.54,0.25,1.0,0.5,0.0,0.0,0,0,0.0,0.0,0,0,0.0,0.0,0,0,0.0,13433.08,2,1,0.5,0
LGS2ORD0034771,C016128,2025-10-03 09:00:00,Male,44,Platinum,Web,Chonburi,371,CallCenter,PromptPay,9,10,4,0,40-50,12.366666666666667,5.0,1.0,0.2,39,34,6266.210000000001,0.25,0.0,0.2,0.0,0.0,0,0,0.0,0.0,0,0,0.0,7830.289999999999,2,1,0.5,31331.050000000003,5,1,0.2,0
LGS2ORD0034772,C016733,2025-10-03 09:00:00,Female,43,Gold,Web,Bangkok,498,Lazada,Bank_Transfer,9,10,4,0,40-50,16.6,7.0,1.0,0.14285714285714285,170,143,3946.2814285714276,0.28,0.42857142857142855,0.42857142857142855,0.0,0.0,0,0,0.0,0.0,0,0,0.0,0.0,0,0,0.0,27623.969999999994,7,1,0.14285714285714285,1
LGS2ORD0034773,C013335,2025-10-03 09:00:00,Male,45,Platinum,Lazada,Remote_Area,1308,TV_Show,PromptPay,9,10,4,0,40-50,43.6,7.0,2.0,0.2857142857142857,9,23,4714.065714285714,0.35,0.7142857142857143,0.14285714285714285,0.0,0.0,0,0,0.0,3814.26,1,1,1.0,14959.62,2,1,0.5,32998.46,7,2,0.2857142857142857,1
LGS2ORD0034774,C014463,2025-10-03 09:00:00,Female,26,Gold,Shopee,Bangkok,622,Shopee,Credit_Card,9,10,4,0,20-30,20.733333333333334,3.0,1.0,0.3333333333333333,171,153,4514.3133333333335,0.28,0.3333333333333333,0.3333333333333333,0.0,0.0,0,0,0.0,0.0,0,0,0.0,0.0,0,0,0.0,13542.94,3,1,0.3333333333333333,0
LGS2ORD0034775,C015624,2025-10-03 09:00:00,Male,39,Gold,Lazada,Chonburi,743,Web,PromptPay,9,10,4,0,30-40,24.766666666666666,5.0,1.0,0.2,156,76,4213.1900000000005,0.28,0.4,0.4,0.0,0.0,0,0,0.0,0.0,0,0,0.0,8714.27,1,0,0.0,21065.95,5,1,0.2,0
LGS2ORD0034776,C014259,2025-10-03 09:00:00,Male,52,Silver,Shopee,Chiang Mai,1075,Lazada,COD,9,10,4,0,>50,35.833333333333336,1.0,1.0,1.0,116,126,2412.4,0.2,1.0,0.0,0.0,0.0,0,0,0.0,0.0,0,0,0.0,0.0,0,0,0.0,2412.4,1,1,1.0,0
LGS2ORD0034777,C015894,2025-10-03 10:00:00,Male,41,Bronze,TV,Remote_Area,1240,Web,PromptPay,10,10,4,0,40-50,41.333333333333336,6.0,3.0,0.5,1,7,4145.558333333333,0.28,0.6666666666666666,0.16666666666666666,0.0,0.0,0,0,0.0,5787.29,2,2,1.0,14538.689999999999,4,2,0.5,24873.35,6,3,0.5,1
LGS2ORD0034778,C014131,2025-10-03 10:00:00,Female,51,Silver,Shopee,Bangkok,1510,CallCenter,Credit_Card,10,10,4,0,>50,50.333333333333336,9.0,2.0,0.2222222222222222,110,26,2915.498888888889,0.3,0.4444444444444444,0.5555555555555556,0.0,0.0,0,0,0.0,4269.6,1,0,0.0,10610.46,4,0,0.0,26239.489999999998,9,2,0.2222222222222222,0
LGS2ORD0034779,C017248,2025-10-03 10:00:00,Female,72,Bronze,TV,Phuket,671,Lazada,COD,10,10,4,0,>50,22.366666666666667,8.0,2.0,0.25,10,8,9846.28125,0.28,0.75,0.5,0.0,0.0,0,0,0.0,27396.36,2,1,0.5,43215.270000000004,3,1,0.3333333333333333,78770.25,8,2,0.25,1
LGS2ORD0034780,C013294,2025-10-03 10:00:00,Female,33,Platinum,CallCenter,Nakhon Ratchasima,974,Shopee,COD,10,10,4,0,30-40,32.46666666666667,4.0,1.0,0.25,156,170,5237.8225,0.25,0.75,0.25,0.0,0.0,0,0,0.0,0.0,0,0,0.0,0.0,0,0,0.0,20951.29,4,1,0.25,0
LGS2ORD0034781,C011093,2025-10-03 10:00:00,Male,40,Silver,Shopee,Bangkok,1687,Web,COD,10,10,4,0,30-40,56.233333333333334,2.0,0.0,0.0,-1,83,4648.575,0.3,0.0,0.5,0.0,0.0,0,0,0.0,0.0,0,0,0.0,3170.56,1,0,0.0,9297.15,2,0,0.0,1
LGS2ORD0034782,C015414,2025-10-03 11:00:00,Female,35,Bronze,CallCenter,Chiang Mai,807,TV_Show,PromptPay,11,10,4,0,30-40,26.9,5.0,2.0,0.4,81,26,4197.992,0.28,0.4,0.2,0.0,0.0,0,0,0.0,5138.07,1,0,0.0,8548.939999999999,2,1,0.5,20989.96,5,2,0.4,0
LGS2ORD0034783,C010264,2025-10-03 11:00:00,Male,57,Bronze,Shopee,Chiang Mai,767,Shopee,COD,11,10,4,0,>50,25.566666666666666,6.0,2.0,0.3333333333333333,112,84,8307.118333333332,0.18,0.6666666666666666,0.0,0.0,0.0,0,0,0.0,0.0,0,0,0.0,10581.91,1,0,0.0,49842.70999999999,6,2,0.3333333333333333,0
LGS2ORD0034784,C011952,2025-10-03 11:00:00,Female,48,Bronze,Web,Bangkok,1299,Shopee,COD,11,10,4,0,40-50,43.3,2.0,0.0,0.0,-1,211,2369.3849999999998,0.18,0.0,0.0,0.0,0.0,0,0,0.0,0.0,0,0,0.0,0.0,0,0,0.0,4738.7699999999995,2,0,0.0,0
LGS2ORD0034785,C017431,2025-10-03 11:00:00,Female,42,Silver,TV,Khon Kaen,1369,TV_Show,COD,11,10,4,0,40-50,45.63333333333333,7.0,0.0,0.0,-1,59,3181.318571428572,0.3,0.2857142857142857,0.2857142857142857,0.0,0.0,0,0,0.0,0.0,0,0,0.0,3553.24,1,0,0.0,22269.230000000003,7,0,0.0,1
LGS2ORD0034786,C014525,2025-10-03 11:00:00,Other,26,Silver,TV,Chonburi,794,TV_Show,Credit_Card,11,10,4,0,20-30,26.466666666666665,2.0,0.0,0.0,-1,122,5773.165000000001,0.1,0.0,0.0,0.0,0.0,0,0,0.0,0.0,0,0,0.0,0.0,0,0,0.0,11546.330000000002,2,0,0.0,0
LGS2ORD0034787,C010332,2025-10-03 12:00:00,Female,41,Silver,TV,Chiang Mai,1665,Shopee,PromptPay,12,10,4,0,40-50,55.5,4.0,1.0,0.25,265,194,3594.415,0.1,0.5,0.0,0.0,0.0,0,0,0.0,0.0,0,0,0.0,0.0,0,0,0.0,14377.66,4,1,0.25,0
LGS2ORD0034788,C012906,2025-10-03 12:00:00,Male,52,Platinum,Lazada,Bangkok,1649,Shopee,Bank_Transfer,12,10,4,0,>50,54.96666666666667,0.0,0.0,0.0,-1,-1,0.0,0.0,0.0,0.0,0.0,0.0,0,0,0.0,0.0,0,0,0.0,0.0,0,0,0.0,0.0,0,0,0.0,0
LGS2ORD0034789,C015861,2025-10-03 12:00:00,Female,61,Silver,TV,Khon Kaen,723,TV_Show,COD,12,10,4,0,>50,24.1,10.0,4.0,0.4,81,8,7567.464000000002,0.3,0.6,0.1,0.0,0.0,0,0,0.0,787.14,1,0,0.0,3792.52,2,0,0.0,75674.64000000001,10,4,0.4,0
LGS2ORD0034790,C011564,2025-10-03 12:00:00,Male,45,Silver,Lazada,Chonburi,313,Shopee,PromptPay,12,10,4,0,40-50,10.433333333333334,6.0,1.0,0.16666666666666666,111,114,5881.846666666667,0.25,0.3333333333333333,0.16666666666666666,0.0,0.0,0,0,0.0,0.0,0,0,0.0,0.0,0,0,0.0,35291.08,6,1,0.16666666666666666,0
LGS2ORD0034791,C012590,2025-10-03 12:00:00,Female,59,Platinum,Shopee,Chiang Mai,757,Web,Credit_Card,12,10,4,0,>50,25.233333333333334,10.0,3.0,0.3,143,9,8323.273,0.3,0.4,0.4,0.0,0.0,0,0,0.0,1361.68,1,0,0.0,52839.08,4,0,0.0,83232.73,10,3,0.3,0
LGS2ORD0034792,C010993,2025-10-03 13:00:00,Female,50,Bronze,TV,Remote_Area,675,Web,COD,13,10,4,0,40-50,22.5,4.0,2.0,0.5,73,24,5278.4625,0.13,0.75,0.0,0.0,0.0,0,0,0.0,3440.92,1,0,0.0,5140.860000000001,2,1,0.5,21113.85,4,2,0.5,0
LGS2ORD0034793,C011789,2025-10-03 13:00:00,Other,40,Bronze,Shopee,Khon Kaen,1021,TV_Show,COD,13,10,4,0,30-40,34.03333333333333,4.0,0.0,0.0,-1,50,10273.99,0.23,0.75,0.25,0.0,0.0,0,0,0.0,0.0,0,0,0.0,36054.21,2,0,0.0,41095.96,4,0,0.0,0
LGS2ORD0034794,C017624,2025-10-03 13:00:00,Female,47,Bronze,TV,Nakhon Ratchasima,1693,CallCenter,COD,13,10,4,0,40-50,56.43333333333333,4.0,0.0,0.0,-1,14,4810.0199999999995,0.18,0.25,0.0,0.0,0.0,0,0,0.0,262.14,1,0,0.0,262.14,1,0,0.0,19240.079999999998,4,0,0.0,0
LGS2ORD0034795,C017555,2025-10-03 13:00:00,Female,72,Gold,Web,Phuket,1475,CallCenter,Credit_Card,13,10,4,0,>50,49.166666666666664,4.0,1.0,0.25,152,172,1022.9675,0.28,0.5,0.5,0.0,0.0,0,0,0.0,0.0,0,0,0.0,0.0,0,0,0.0,4091.87,4,1,0.25,0
LGS2ORD0034796,C013350,2025-10-03 13:00:00,Male,51,Platinum,Web,Nakhon Ratchasima,857,CallCenter,COD,13,10,4,0,>50,28.566666666666666,2.0,0.0,0.0,-1,174,7226.66,0.2,0.0,0.0,0.0,0.0,0,0,0.0,0.0,0,0,0.0,0.0,0,0,0.0,14453.32,2,0,0.0,1
LGS2ORD0034797,C017577,2025-10-03 13:00:00,Female,54,Bronze,Web,Remote_Area,656,Web,COD,13,10,4,0,>50,21.866666666666667,5.0,3.0,0.6,-1,9,6177.858000000001,0.23,0.2,0.2,0.0,0.0,0,0,0.0,1759.63,1,1,1.0,1759.63,1,1,1.0,30889.290000000005,5,3,0.6,0
LGS2ORD0034798,C012901,2025-10-03 14:00:00,Male,44,Silver,Web,Remote_Area,1241,Lazada,COD,14,10,4,0,40-50,41.36666666666667,2.0,1.0,0.5,77,93,2537.3,0.2,0.5,0.0,0.0,0.0,0,0,0.0,0.0,0,0,0.0,0.0,0,0,0.0,5074.6,2,1,0.5,1
LGS2ORD0034799,C012036,2025-10-03 14:00:00,Male,40,Bronze,Lazada,Nakhon Ratchasima,1183,Web,COD,14,10,4,0,30-40,39.43333333333333,3.0,0.0,0.0,-1,47,3978.193333333333,0.13,0.0,0.0,0.0,0.0,0,0,0.0,0.0,0,0,0.0,2166.1,1,0,0.0,11934.58,3,0,0.0,0
LGS2ORD0034800,C011438,2025-10-03 14:00:00,Female,33,Gold,Web,Bangkok,1256,CallCenter,Credit_Card,14,10,4,0,30-40,41.86666666666667,1.0,1.0,1.0,199,210,3406.7,0.33,0.0,1.0,0.0,0.0,0,0,0.0,0.0,0,0,0.0,0.0,0,0,0.0,3406.7,1,1,1.0,0
LGS2ORD0034801,C014169,2025-10-03 14:00:00,Male,39,Bronze,Web,Bangkok,1564,Lazada,COD,14,10,4,0,30-40,52.13333333333333,11.0,2.0,0.18181818181818182,21,31,6419.99090909091,0.28,0.7272727272727273,0.18181818181818182,0.09090909090909091,0.0,0,0,0.0,0.0,0,0,0.0,33812.92,4,2,0.5,70619.90000000001,11,2,0.18181818181818182,0
LGS2ORD0034802,C010932,2025-10-03 14:00:00,Female,54,Silver,Web,Songkhla,741,Shopee,COD,14,10,4,0,>50,24.7,5.0,0.0,0.0,-1,1,8103.864,0.25,0.2,0.2,0.0,970.58,1,0,0.0,970.58,1,0,0.0,32745.02,2,0,0.0,40519.32,5,0,0.0,0
LGS2ORD0034803,C016173,2025-10-03 15:00:00,Female,45,Gold,TV,Remote_Area,1285,TV_Show,PromptPay,15,10,4,0,40-50,42.833333333333336,10.0,1.0,0.1,168,15,3846.517,0.28,0.5,0.3,0.0,0.0,0,0,0.0,1474.82,1,0,0.0,11333.91,5,0,0.0,38465.17,10,1,0.1,0
LGS2ORD0034804,C014220,2025-10-03 15:00:00,Female,47,Silver,Shopee,Khon Kaen,309,Web,COD,15,10,4,0,40-50,10.3,1.0,0.0,0.0,-1,16,1228.78,0.25,0.0,1.0,0.0,0.0,0,0,0.0,1228.78,1,0,0.0,1228.78,1,0,0.0,1228.78,1,0,0.0,0
LGS2ORD0034805,C012772,2025-10-03 15:00:00,Female,25,Gold,Lazada,Bangkok,750,Web,Bank_Transfer,15,10,4,0,20-30,25.0,3.0,1.0,0.3333333333333333,186,107,2417.396666666667,0.28,1.0,0.6666666666666666,0.0,0.0,0,0,0.0,0.0,0,0,0.0,0.0,0,0,0.0,7252.1900000000005,3,1,0.3333333333333333,0
LGS2ORD0034806,C016046,2025-10-03 15:00:00,Male,47,Bronze,Web,Remote_Area,739,CallCenter,COD,15,10,4,0,40-50,24.633333333333333,5.0,2.0,0.4,17,2,3784.682,0.18,0.8,0.0,0.0,8455.26,1,0,0.0,9123.2,2,1,0.5,13728.64,3,1,0.3333333333333333,18923.41,5,2,0.4,0
LGS2ORD0034807,C016813,2025-10-03 15:00:00,Female,36,Gold,CallCenter,Chiang Mai,1486,Web,Credit_Card,15,10,4,0,30-40,49.53333333333333,2.0,0.0,0.0,-1,26,4923.335,0.2299999999999999,0.5,0.5,0.0,0.0,0,0,0.0,8022.15,1,0,0.0,9846.67,2,0,0.0,9846.67,2,0,0.0,0
LGS2ORD0034808,C016312,2025-10-03 16:00:00,Male,38,Bronze,Shopee,Bangkok,1555,Lazada,PromptPay,16,10,4,0,30-40,51.833333333333336,6.0,1.0,0.16666666666666666,147,5,7606.436666666667,0.23,0.5,0.3333333333333333,0.0,5517.36,1,0,0.0,9528.619999999999,2,0,0.0,9528.619999999999,2,0,0.0,45638.62,6,1,0.16666666666666666,0
LGS2ORD0034809,C013750,2025-10-03 16:00:00,Female,38,Gold,CallCenter,Nakhon Ratchasima,886,Lazada,Bank_Transfer,16,10,4,0,30-40,29.533333333333335,4.0,0.0,0.0,-1,45,5529.827499999999,0.33,0.5,0.75,0.0,0.0,0,0,0.0,0.0,0,0,0.0,13794.94,2,0,0.0,22119.309999999998,4,0,0.0,0
LGS2ORD0034810,C012089,2025-10-03 16:00:00,Female,26,Bronze,Web,Chonburi,589,Shopee,Credit_Card,16,10,4,0,20-30,19.633333333333333,4.0,1.0,0.25,213,7,3115.11,0.18,0.5,0.0,0.0,0.0,0,0,0.0,4246.25,1,0,0.0,4246.25,1,0,0.0,12460.44,4,1,0.25,0
LGS2ORD0034811,C014505,2025-10-03 16:00:00,Female,30,Gold,Lazada,Bangkok,1274,Shopee,COD,16,10,4,0,20-30,42.46666666666667,6.0,1.0,0.16666666666666666,156,169,3822.9883333333332,0.33,0.5,0.3333333333333333,0.0,0.0,0,0,0.0,0.0,0,0,0.0,0.0,0,0,0.0,22937.93,6,1,0.16666666666666666,0
LGS2ORD0034812,C013316,2025-10-03 16:00:00,Female,18,Silver,TV,Chiang Mai,1357,Web,PromptPay,16,10,4,0,<20,45.233333333333334,0.0,0.0,0.0,-1,-1,0.0,0.0,0.0,0.0,0.0,0.0,0,0,0.0,0.0,0,0,0.0,0.0,0,0,0.0,0.0,0,0,0.0,1
LGS2ORD0034813,C014415,2025-10-03 17:00:00,Female,56,Gold,Web,Nakhon Ratchasima,1158,CallCenter,Credit_Card,17,10,4,0,>50,38.6,5.0,4.0,0.8,-4,8,2123.296,0.2299999999999999,0.6,0.4,0.0,0.0,0,0,0.0,1075.49,1,1,1.0,7032.379999999999,3,3,1.0,10616.48,5,4,0.8,0
LGS2ORD0034814,C015033,2025-10-03 17:00:00,Male,39,Gold,TV,Bangkok,1117,Lazada,COD,17,10,4,0,30-40,37.233333333333334,2.0,0.0,0.0,-1,125,3163.705,0.2299999999999999,0.0,0.5,0.0,0.0,0,0,0.0,0.0,0,0,0.0,0.0,0,0,0.0,6327.41,2,0,0.0,0
LGS2ORD0034815,C015781,2025-10-03 17:00:00,Female,45,Bronze,Shopee,Songkhla,1553,Web,Credit_Card,17,10,4,0,40-50,51.766666666666666,4.0,2.0,0.5,168,136,5165.365,0.18,0.25,0.0,0.0,0.0,0,0,0.0,0.0,0,0,0.0,0.0,0,0,0.0,20661.46,4,2,0.5,0
LGS2ORD0034816,C010515,2025-10-03 17:00:00,Male,44,Bronze,TV,Bangkok,1329,TV_Show,COD,17,10,4,0,40-50,44.3,4.0,0.0,0.0,-1,43,10087.435000000001,0.28,0.5,0.5,0.0,0.0,0,0,0.0,0.0,0,0,0.0,9392.05,2,0,0.0,40349.740000000005,4,0,0.0,0
LGS2ORD0034817,C011024,2025-10-03 17:00:00,Female,41,Gold,TV,Bangkok,871,TV_Show,COD,17,10,4,0,40-50,29.033333333333335,6.0,2.0,0.3333333333333333,141,34,5506.368333333333,0.33,0.6666666666666666,0.5,0.0,0.0,0,0,0.0,0.0,0,0,0.0,1555.97,1,0,0.0,33038.21,6,2,0.3333333333333333,1
LGS2ORD0034818,C015491,2025-10-03 17:00:00,Male,38,Bronze,CallCenter,Chiang Mai,1606,Lazada,COD,17,10,4,0,30-40,53.53333333333333,12.0,1.0,0.08333333333333333,256,51,4542.9075,0.23,0.5833333333333334,0.3333333333333333,0.0,0.0,0,0,0.0,0.0,0,0,0.0,6994.29,3,0,0.0,54514.89000000001,12,1,0.08333333333333333,0
LGS2ORD0034819,C013468,2025-10-03 18:00:00,Male,34,Bronze,TV,Bangkok,1047,Lazada,COD,18,10,4,0,30-40,34.9,2.0,0.0,0.0,-1,5,10199.5,0.23,0.5,1.0,0.0,19493.33,1,0,0.0,19493.33,1,0,0.0,19493.33,1,0,0.0,20399.0,2,0,0.0,0
LGS2ORD0034820,C015728,2025-10-03 18:00:00,Female,33,Bronze,CallCenter,Remote_Area,453,TV_Show,Bank_Transfer,18,10,4,0,30-40,15.1,6.0,3.0,0.5,12,28,9575.466666666667,0.28,0.5,0.5,0.0,0.0,0,0,0.0,8629.48,1,1,1.0,8629.48,1,1,1.0,57452.8,6,3,0.5,0
LGS2ORD0034821,C013696,2025-10-03 18:00:00,Male,46,Bronze,TV,Chiang Mai,1606,TV_Show,COD,18,10,4,0,40-50,53.53333333333333,7.0,0.0,0.0,-1,53,5567.077142857143,0.28,0.42857142857142855,0.2857142857142857,0.0,0.0,0,0,0.0,0.0,0,0,0.0,25949.61,3,0,0.0,38969.54,7,0,0.0,0
LGS2ORD0034822,C013769,2025-10-03 18:00:00,Male,41,Platinum,CallCenter,Nakhon Ratchasima,1011,Web,Credit_Card,18,10,4,0,40-50,33.7,2.0,0.0,0.0,-1,88,8266.765,0.35,0.5,0.5,0.0,0.0,0,0,0.0,0.0,0,0,0.0,15717.91,1,0,0.0,16533.53,2,0,0.0,0
LGS2ORD0034823,C014807,2025-10-03 18:00:00,Male,62,Silver,Web,Khon Kaen,1038,TV_Show,PromptPay,18,10,4,0,>50,34.6,9.0,2.0,0.2222222222222222,25,30,6710.167777777778,0.3,0.3333333333333333,0.2222222222222222,0.0,0.0,0,0,0.0,0.0,0,0,0.0,9667.69,1,1,1.0,60391.51,9,2,0.2222222222222222,0
LGS2ORD0034824,C010842,2025-10-03 19:00:00,Female,64,Gold,Shopee,Chonburi,995,Web,COD,19,10,4,0,>50,33.166666666666664,8.0,1.0,0.125,224,20,3542.0200000000004,0.33,0.75,0.375,0.0,0.0,0,0,0.0,5425.04,1,0,0.0,11270.43,3,0,0.0,28336.160000000003,8,1,0.125,0
LGS2ORD0034825,C015617,2025-10-03 19:00:00,Male,38,Silver,TV,Chiang Mai,1476,Shopee,Credit_Card,19,10,4,0,30-40,49.2,3.0,1.0,0.3333333333333333,108,58,1778.3433333333335,0.25,0.3333333333333333,0.3333333333333333,0.0,0.0,0,0,0.0,0.0,0,0,0.0,2259.44,1,0,0.0,5335.030000000001,3,1,0.3333333333333333,0
LGS2ORD0034826,C017405,2025-10-03 19:00:00,Female,49,Bronze,TV,Chiang Mai,380,Shopee,PromptPay,19,10,4,0,40-50,12.666666666666666,3.0,1.0,0.3333333333333333,86,23,6182.566666666667,0.23,0.3333333333333333,0.3333333333333333,0.0,0.0,0,0,0.0,1501.66,1,0,0.0,1501.66,1,0,0.0,18547.7,3,1,0.3333333333333333,1
LGS2ORD0034827,C011528,2025-10-03 19:00:00,Male,55,Platinum,CallCenter,Chonburi,1273,TV_Show,PromptPay,19,10,4,0,>50,42.43333333333333,2.0,1.0,0.5,39,46,9725.6,0.25,1.0,0.5,0.0,0.0,0,0,0.0,0.0,0,0,0.0,10735.18,1,1,1.0,19451.2,2,1,0.5,1
LGS2ORD0034828,C013476,2025-10-03 19:00:00,Male,65,Silver,Web,Phuket,1113,Web,COD,19,10,4,0,>50,37.1,6.0,1.0,0.16666666666666666,121,24,9295.603333333334,0.2,0.5,0.0,0.0,0.0,0,0,0.0,1525.61,1,0,0.0,36041.69,3,0,0.0,55773.62,6,1,0.16666666666666666,0
LGS2ORD0034829,C010656,2025-10-03 20:00:00,Female,28,Bronze,TV,Remote_Area,1365,Lazada,COD,20,10,4,0,20-30,45.5,7.0,4.0,0.5714285714285714,171,24,3626.7671428571425,0.23,0.42857142857142855,0.14285714285714285,0.0,0.0,0,0,0.0,8079.46,1,0,0.0,8079.46,1,0,0.0,25387.37,7,4,0.5714285714285714,1
LGS2ORD0034830,C016027,2025-10-03 20:00:00,Male,34,Gold,Web,Bangkok,1502,CallCenter,COD,20,10,4,0,30-40,50.06666666666667,6.0,1.0,0.16666666666666666,257,130,10011.798333333334,0.28,0.6666666666666666,0.8333333333333334,0.0,0.0,0,0,0.0,0.0,0,0,0.0,0.0,0,0,0.0,60070.79,6,1,0.16666666666666666,0
LGS2ORD0034831,C013543,2025-10-03 20:00:00,Female,38,Gold,Shopee,Bangkok,1639,TV_Show,Credit_Card,20,10,4,0,30-40,54.63333333333333,7.0,2.0,0.2857142857142857,-6,4,4637.7985714285705,0.33,0.42857142857142855,0.2857142857142857,0.0,2735.83,1,1,1.0,2735.83,1,1,1.0,26897.729999999996,4,2,0.5,32464.589999999997,7,2,0.2857142857142857,0
LGS2ORD0034832,C012802,2025-10-03 20:00:00,Male,34,Gold,TV,Chiang Mai,1060,TV_Show,COD,20,10,4,0,30-40,35.333333333333336,1.0,0.0,0.0,-1,106,1064.83,0.08,1.0,0.0,0.0,0.0,0,0,0.0,0.0,0,0,0.0,0.0,0,0,0.0,1064.83,1,0,0.0,0
LGS2ORD0034833,C017099,2025-10-03 20:00:00,Female,45,Silver,Lazada,Chiang Mai,852,TV_Show,COD,20,10,4,0,40-50,28.4,3.0,1.0,0.3333333333333333,69,70,1350.3100000000002,0.3,0.0,0.6666666666666666,0.0,0.0,0,0,0.0,0.0,0,0,0.0,2137.98,2,1,0.5,4050.9300000000003,3,1,0.3333333333333333,0
LGS2ORD0034834,C011240,2025-10-03 20:00:00,Female,25,Bronze,Web,Chonburi,640,Lazada,PromptPay,20,10,4,0,20-30,21.333333333333332,3.0,1.0,0.3333333333333333,-2,4,8842.336666666666,0.28,0.3333333333333333,0.3333333333333333,0.0,18333.94,1,1,1.0,18333.94,1,1,1.0,24789.089999999997,2,1,0.5,26527.01,3,1,0.3333333333333333,0
LGS2ORD0034835,C015323,2025-10-03 21:00:00,Female,40,Bronze,TV,Songkhla,1147,Web,COD,21,10,4,0,30-40,38.233333333333334,12.0,6.0,0.5,4,6,3657.4775000000004,0.28,0.6666666666666666,0.5,0.0,1547.8,1,1,1.0,6256.77,2,1,0.5,28273.97,5,3,0.6,43889.73,12,6,0.5,1
LGS2ORD0034836,C015617,2025-10-03 21:00:00,Male,38,Silver,TV,Chiang Mai,1476,Lazada,COD,21,10,4,0,30-40,49.2,4.0,1.0,0.25,108,0,3182.5625,0.25,0.25,0.25,0.0,7395.22,1,0,0.0,7395.22,1,0,0.0,9654.66,2,0,0.0,12730.25,4,1,0.25,0
LGS2ORD0034837,C011174,2025-10-03 21:00:00,Male,26,Gold,Lazada,Songkhla,1263,Lazada,PromptPay,21,10,4,0,20-30,42.1,3.0,1.0,0.3333333333333333,11,19,2269.58,0.28,0.3333333333333333,0.3333333333333333,0.0,0.0,0,0,0.0,3464.97,1,1,1.0,3464.97,1,1,1.0,6808.74,3,1,0.3333333333333333,0
LGS2ORD0034838,C011516,2025-10-03 21:00:00,Female,28,Bronze,TV,Nakhon Ratchasima,1581,CallCenter,Bank_Transfer,21,10,4,0,20-30,52.7,11.0,4.0,0.36363636363636365,8,2,7215.304545454546,0.28,0.6363636363636364,0.2727272727272727,0.0,2374.64,1,0,0.0,30221.92,3,1,0.3333333333333333,56050.14,6,3,0.5,79368.35,11,4,0.36363636363636365,0
LGS2ORD0034839,C016932,2025-10-03 21:00:00,Female,43,Bronze,TV,Songkhla,1263,Shopee,COD,21,10,4,0,40-50,42.1,5.0,4.0,0.8,73,80,4949.26,0.23,0.8,0.2,0.0,0.0,0,0,0.0,0.0,0,0,0.0,6916.65,1,1,1.0,24746.300000000003,5,4,0.8,0
LGS2ORD0034840,C016352,2025-10-03 22:00:00,Male,50,Bronze,Web,Bangkok,1723,Web,Credit_Card,22,10,4,0,40-50,57.43333333333333,3.0,0.0,0.0,-1,235,4826.703333333334,0.18,0.3333333333333333,0.0,0.0,0.0,0,0,0.0,0.0,0,0,0.0,0.0,0,0,0.0,14480.11,3,0,0.0,0
LGS2ORD0034841,C011530,2025-10-03 22:00:00,Male,40,Silver,Web,Bangkok,859,Lazada,Bank_Transfer,22,10,4,0,30-40,28.633333333333333,4.0,1.0,0.25,226,102,3152.2400000000002,0.2,0.75,0.0,0.0,0.0,0,0,0.0,0.0,0,0,0.0,0.0,0,0,0.0,12608.960000000001,4,1,0.25,0
LGS2ORD0034842,C013172,2025-10-03 22:00:00,Male,43,Platinum,Lazada,Bangkok,948,Shopee,Credit_Card,22,10,4,0,40-50,31.6,1.0,0.0,0.0,-1,157,3052.95,0.1,0.0,0.0,0.0,0.0,0,0,0.0,0.0,0,0,0.0,0.0,0,0,0.0,3052.95,1,0,0.0,0
LGS2ORD0034843,C010892,2025-10-03 22:00:00,Female,44,Bronze,Web,Remote_Area,718,CallCenter,COD,22,10,4,0,40-50,23.933333333333334,2.0,0.0,0.0,-1,59,3115.19,0.08,1.0,0.0,0.0,0.0,0,0,0.0,0.0,0,0,0.0,2463.0,1,0,0.0,6230.38,2,0,0.0,1
LGS2ORD0034844,C016506,2025-10-03 22:00:00,Female,45,Platinum,TV,Khon Kaen,1234,TV_Show,COD,22,10,4,0,40-50,41.13333333333333,2.0,1.0,0.5,178,186,2589.07,0.3,1.0,0.5,0.0,0.0,0,0,0.0,0.0,0,0,0.0,0.0,0,0,0.0,5178.14,2,1,0.5,1
LGS2ORD0034845,C012887,2025-10-03 23:00:00,Female,57,Bronze,Shopee,Chonburi,1471,TV_Show,COD,23,10,4,0,>50,49.03333333333333,8.0,6.0,0.75,59,52,5464.967500000001,0.28,1.0,0.375,0.0,0.0,0,0,0.0,0.0,0,0,0.0,7151.59,2,1,0.5,43719.740000000005,8,6,0.75,1
LGS2ORD0034846,C016807,2025-10-03 23:00:00,Female,18,Gold,TV,Bangkok,1625,TV_Show,Credit_Card,23,10,4,0,<20,54.166666666666664,4.0,1.0,0.25,221,113,1762.6674999999998,0.28,0.75,0.25,0.0,0.0,0,0,0.0,0.0,0,0,0.0,0.0,0,0,0.0,7050.669999999999,4,1,0.25,0
LGS2ORD0034847,C012520,2025-10-03 23:00:00,Female,44,Silver,Lazada,Remote_Area,1471,CallCenter,Credit_Card,23,10,4,0,40-50,49.03333333333333,2.0,1.0,0.5,66,79,3110.9300000000003,0.2,0.5,0.0,0.0,0.0,0,0,0.0,0.0,0,0,0.0,4591.6,1,1,1.0,6221.860000000001,2,1,0.5,0
LGS2ORD0034848,C013646,2025-10-03 23:00:00,Female,36,Silver,CallCenter,Bangkok,656,Web,COD,23,10,4,0,30-40,21.866666666666667,3.0,0.0,0.0,-1,6,7277.97,0.25,0.3333333333333333,0.3333333333333333,0.0,9247.7,1,0,0.0,9247.7,1,0,0.0,9247.7,1,0,0.0,21833.91,3,0,0.0,1
LGS2ORD0034849,C013666,2025-10-03 23:00:00,Female,37,Gold,Web,Bangkok,941,Web,COD,23,10,4,0,30-40,31.366666666666667,2.0,1.0,0.5,97,102,2701.625,0.28,0.5,0.5,0.0,0.0,0,0,0.0,0.0,0,0,0.0,0.0,0,0,0.0,5403.25,2,1,0.5,0
LGS2ORD0034850,C016211,2025-10-04 00:00:00,Female,43,Bronze,Web,Bangkok,937,Web,COD,0,10,5,1,40-50,31.233333333333334,6.0,0.0,0.0,-1,25,4129.345,0.23,0.8333333333333334,0.16666666666666666,0.0,0.0,0,0,0.0,2541.92,1,0,0.0,2541.92,1,0,0.0,24776.07,6,0,0.0,0
LGS2ORD0034851,C017879,2025-10-04 00:00:00,Female,39,Bronze,Shopee,Chiang Mai,524,CallCenter,COD,0,10,5,1,30-40,17.466666666666665,4.0,0.0,0.0,-1,4,5906.337500000001,0.23,0.25,0.25,0.0,3423.36,1,0,0.0,3423.36,1,0,0.0,8011.469999999999,2,0,0.0,23625.350000000002,4,0,0.0,0
LGS2ORD0034852,C014654,2025-10-04 00:00:00,Female,42,Gold,TV,Nakhon Ratchasima,990,Shopee,COD,0,10,5,1,40-50,33.0,5.0,1.0,0.2,230,165,4532.206,0.33,0.4,0.6,0.0,0.0,0,0,0.0,0.0,0,0,0.0,0.0,0,0,0.0,22661.03,5,1,0.2,0
LGS2ORD0034853,C015507,2025-10-04 00:00:00,Male,23,Platinum,TV,Bangkok,1293,CallCenter,Bank_Transfer,0,10,5,1,20-30,43.1,5.0,1.0,0.2,52,67,4700.694,0.35,0.8,0.8,0.0,0.0,0,0,0.0,0.0,0,0,0.0,15423.03,2,1,0.5,23503.47,5,1,0.2,0
LGS2ORD0034854,C010632,2025-10-04 00:00:00,Female,66,Bronze,TV,Remote_Area,1182,Web,COD,0,10,5,1,>50,39.4,5.0,0.0,0.0,-1,26,3810.568,0.28,0.6,0.4,0.0,0.0,0,0,0.0,4768.72,1,0,0.0,5690.610000000001,2,0,0.0,19052.84,5,0,0.0,1
LGS2ORD0034855,C016961,2025-10-04 00:00:00,Male,49,Platinum,CallCenter,Phuket,1620,TV_Show,COD,0,10,5,1,40-50,54.0,5.0,2.0,0.4,247,3,3652.6200000000003,0.35,0.6,0.4,0.0,1759.95,1,0,0.0,1759.95,1,0,0.0,4191.79,2,0,0.0,18263.100000000002,5,2,0.4,0
LGS2ORD0034856,C017269,2025-10-04 01:00:00,Female,51,Bronze,Web,Bangkok,1716,Lazada,COD,1,10,5,1,>50,57.2,13.0,3.0,0.23076923076923078,6,14,7030.435384615384,0.28,0.6153846153846154,0.15384615384615385,0.0,0.0,0,0,0.0,3511.6800000000003,3,1,0.3333333333333333,57936.96000000001,6,2,0.3333333333333333,91395.65999999999,13,3,0.23076923076923078,1
LGS2ORD0034857,C016492,2025-10-04 01:00:00,Female,44,Silver,Web,Bangkok,1446,Lazada,COD,1,10,5,1,40-50,48.2,6.0,1.0,0.16666666666666666,63,72,2316.9933333333333,0.3,0.5,0.3333333333333333,0.0,0.0,0,0,0.0,0.0,0,0,0.0,3066.62,1,1,1.0,13901.96,6,1,0.16666666666666666,1
LGS2ORD0034858,C011547,2025-10-04 01:00:00,Male,50,Bronze,CallCenter,Bangkok,1711,Lazada,COD,1,10,5,1,40-50,57.03333333333333,7.0,0.0,0.0,-1,57,3470.0457142857144,0.28,0.5714285714285714,0.42857142857142855,0.0,0.0,0,0,0.0,0.0,0,0,0.0,4304.03,2,0,0.0,24290.32,7,0,0.0,1
LGS2ORD0034859,C016187,2025-10-04 01:00:00,Female,20,Bronze,Web,Bangkok,433,Shopee,COD,1,10,5,1,<20,14.433333333333334,5.0,1.0,0.2,200,59,8963.31,0.18,0.2,0.0,0.0,0.0,0,0,0.0,0.0,0,0,0.0,1733.95,1,0,0.0,44816.549999999996,5,1,0.2,0
LGS2ORD0034860,C017345,2025-10-04 01:00:00,Male,47,Bronze,Lazada,Nakhon Ratchasima,1195,Shopee,PromptPay,1,10,5,1,40-50,39.833333333333336,6.0,1.0,0.16666666666666666,212,73,5176.744999999999,0.28,0.6666666666666666,0.16666666666666666,0.0,0.0,0,0,0.0,0.0,0,0,0.0,4863.31,2,0,0.0,31060.469999999994,6,1,0.16666666666666666,1
LGS2ORD0034861,C010358,2025-10-04 02:00:00,Other,32,Bronze,Web,Bangkok,1627,TV_Show,Credit_Card,2,10,5,1,30-40,54.233333333333334,2.0,0.0,0.0,-1,84,1747.77,0.28,0.5,0.5,0.0,0.0,0,0,0.0,0.0,0,0,0.0,412.77,1,0,0.0,3495.54,2,0,0.0,0
LGS2ORD0034862,C015899,2025-10-04 02:00:00,Female,62,Bronze,Lazada,Nakhon Ratchasima,1149,TV_Show,PromptPay,2,10,5,1,>50,38.3,8.0,1.0,0.125,119,9,7301.867499999999,0.23,0.625,0.5,0.0,0.0,0,0,0.0,11846.37,1,0,0.0,43014.59,3,0,0.0,58414.939999999995,8,1,0.125,0
LGS2ORD0034863,C010168,2025-10-04 02:00:00,Male,49,Gold,TV,Khon Kaen,471,Lazada,Bank_Transfer,2,10,5,1,40-50,15.7,1.0,0.0,0.0,-1,45,1417.11,0.2299999999999999,0.0,1.0,0.0,0.0,0,0,0.0,0.0,0,0,0.0,1417.11,1,0,0.0,1417.11,1,0,0.0,0
LGS2ORD0034864,C014727,2025-10-04 02:00:00,Male,24,Bronze,Shopee,Bangkok,969,CallCenter,Credit_Card,2,10,5,1,20-30,32.3,3.0,0.0,0.0,-1,155,1546.1333333333332,0.28,0.3333333333333333,0.3333333333333333,0.0,0.0,0,0,0.0,0.0,0,0,0.0,0.0,0,0,0.0,4638.4,3,0,0.0,1
LGS2ORD0034865,C015656,2025-10-04 02:00:00,Male,36,Bronze,TV,Chiang Mai,560,Web,COD,2,10,5,1,30-40,18.666666666666668,2.0,0.0,0.0,-1,88,2745.875,0.18,1.0,0.0,0.0,0.0,0,0,0.0,0.0,0,0,0.0,3151.14,1,0,0.0,5491.75,2,0,0.0,0
LGS2ORD0034866,C013784,2025-10-04 03:00:00,Male,27,Bronze,TV,Nakhon Ratchasima,1339,TV_Show,Credit_Card,3,10,5,1,20-30,44.63333333333333,5.0,1.0,0.2,144,5,1111.858,0.28,0.6,0.2,0.0,1105.14,1,0,0.0,1105.14,1,0,0.0,1105.14,1,0,0.0,5559.29,5,1,0.2,0
LGS2ORD0034867,C011979,2025-10-04 03:00:00,Female,18,Silver,Web,Remote_Area,823,Shopee,Bank_Transfer,3,10,5,1,<20,27.433333333333334,2.0,1.0,0.5,204,84,6373.46,0.1,0.5,0.0,0.0,0.0,0,0,0.0,0.0,0,0,0.0,6563.74,1,0,0.0,12746.92,2,1,0.5,0
LGS2ORD0034868,C013504,2025-10-04 03:00:00,Female,37,Bronze,Lazada,Chonburi,989,Lazada,PromptPay,3,10,5,1,30-40,32.96666666666667,4.0,0.0,0.0,-1,110,3553.9,0.18,0.25,0.0,0.0,0.0,0,0,0.0,0.0,0,0,0.0,0.0,0,0,0.0,14215.6,4,0,0.0,0
LGS2ORD0034869,C010734,2025-10-04 03:00:00,Male,35,Bronze,TV,Chonburi,1084,Shopee,Credit_Card,3,10,5,1,30-40,36.13333333333333,2.0,0.0,0.0,-1,131,7969.334999999999,0.18,0.5,0.0,0.0,0.0,0,0,0.0,0.0,0,0,0.0,0.0,0,0,0.0,15938.669999999998,2,0,0.0,0
LGS2ORD0034870,C017747,2025-10-04 03:00:00,Female,32,Bronze,Shopee,Khon Kaen,1718,Lazada,COD,3,10,5,1,30-40,57.266666666666666,5.0,1.0,0.2,233,59,5547.29,0.28,0.4,0.4,0.0,0.0,0,0,0.0,0.0,0,0,0.0,4003.64,1,0,0.0,27736.45,5,1,0.2,0
LGS2ORD0034871,C012965,2025-10-04 04:00:00,Male,61,Bronze,TV,Bangkok,1209,TV_Show,Bank_Transfer,4,10,5,1,>50,40.3,9.0,1.0,0.1111111111111111,152,50,4597.218888888889,0.28,0.7777777777777778,0.3333333333333333,0.0,0.0,0,0,0.0,0.0,0,0,0.0,5168.52,1,0,0.0,41374.97,9,1,0.1111111111111111,0
LGS2ORD0034872,C015793,2025-10-04 04:00:00,Male,51,Gold,TV,Chiang Mai,1166,Shopee,Bank_Transfer,4,10,5,1,>50,38.86666666666667,5.0,2.0,0.4,112,0,4581.032,0.2299999999999999,0.2,0.4,0.0,601.56,1,0,0.0,601.56,1,0,0.0,601.56,1,0,0.0,22905.16,5,2,0.4,0
LGS2ORD0034873,C015846,2025-10-04 04:00:00,Male,42,Bronze,TV,Songkhla,1703,TV_Show,COD,4,10,5,1,40-50,56.766666666666666,5.0,2.0,0.4,133,13,3812.9399999999996,0.28,0.2,0.2,0.0,0.0,0,0,0.0,1077.5,1,0,0.0,1077.5,1,0,0.0,19064.699999999997,5,2,0.4,1
LGS2ORD0034874,C011181,2025-10-04 04:00:00,Female,40,Bronze,TV,Bangkok,623,Web,COD,4,10,5,1,30-40,20.766666666666666,3.0,1.0,0.3333333333333333,24,33,6383.743333333333,0.23,0.6666666666666666,0.3333333333333333,0.0,0.0,0,0,0.0,0.0,0,0,0.0,7335.36,1,1,1.0,19151.23,3,1,0.3333333333333333,0
LGS2ORD0034875,C017275,2025-10-04 04:00:00,Female,19,Silver,Web,Phuket,1398,Lazada,Credit_Card,4,10,5,1,<20,46.6,1.0,0.0,0.0,-1,119,7425.75,0.25,1.0,1.0,0.0,0.0,0,0,0.0,0.0,0,0,0.0,0.0,0,0,0.0,7425.75,1,0,0.0,0
LGS2ORD0034876,C015559,2025-10-04 04:00:00,Female,37,Platinum,Web,Bangkok,826,Web,PromptPay,4,10,5,1,30-40,27.533333333333335,4.0,1.0,0.25,223,18,4522.115,0.3,0.5,1.0,0.0,0.0,0,0,0.0,9531.15,1,0,0.0,9531.15,1,0,0.0,18088.46,4,1,0.25,0
LGS2ORD0034877,C015636,2025-10-04 05:00:00,Male,28,Bronze,Shopee,Phuket,1199,Shopee,COD,5,10,5,1,20-30,39.96666666666667,4.0,1.0,0.25,108,59,3401.63,0.28,0.5,0.5,0.0,0.0,0,0,0.0,0.0,0,0,0.0,3308.19,1,0,0.0,13606.52,4,1,0.25,1
LGS2ORD0034878,C011613,2025-10-04 05:00:00,Female,45,Bronze,Shopee,Bangkok,1682,CallCenter,Credit_Card,5,10,5,1,40-50,56.06666666666667,4.0,1.0,0.25,70,86,7350.2125,0.18,0.75,0.0,0.0,0.0,0,0,0.0,0.0,0,0,0.0,3014.28,1,1,1.0,29400.85,4,1,0.25,0
LGS2ORD0034879,C013204,2025-10-04 05:00:00,Male,60,Silver,TV,Nakhon Ratchasima,1546,Shopee,PromptPay,5,10,5,1,>50,51.53333333333333,2.0,1.0,0.5,182,180,6694.38,0.15,0.5,0.0,0.0,0.0,0,0,0.0,0.0,0,0,0.0,0.0,0,0,0.0,13388.76,2,1,0.5,0
LGS2ORD0034880,C016127,2025-10-04 05:00:00,Male,44,Silver,TV,Bangkok,546,CallCenter,Bank_Transfer,5,10,5,1,40-50,18.2,6.0,0.0,0.0,-1,42,3106.441666666667,0.3,0.6666666666666666,0.6666666666666666,0.0,0.0,0,0,0.0,0.0,0,0,0.0,2776.7200000000003,2,0,0.0,18638.65,6,0,0.0,1
LGS2ORD0034881,C010075,2025-10-04 05:00:00,Female,37,Bronze,TV,Bangkok,998,Web,COD,5,10,5,1,30-40,33.266666666666666,7.0,1.0,0.14285714285714285,199,124,5103.9400000000005,0.18,0.8571428571428571,0.0,0.0,0.0,0,0,0.0,0.0,0,0,0.0,0.0,0,0,0.0,35727.58,7,1,0.14285714285714285,0
LGS2ORD0034882,C014308,2025-10-04 06:00:00,Male,48,Bronze,TV,Remote_Area,1301,Shopee,COD,6,10,5,1,40-50,43.36666666666667,6.0,2.0,0.3333333333333333,20,28,9798.781666666666,0.23,0.3333333333333333,0.3333333333333333,0.0,0.0,0,0,0.0,7951.82,1,1,1.0,24032.17,4,2,0.5,58792.689999999995,6,2,0.3333333333333333,0
LGS2ORD0034883,C017174,2025-10-04 06:00:00,Male,62,Silver,CallCenter,Phuket,1584,Web,COD,6,10,5,1,>50,52.8,10.0,1.0,0.1,126,19,2964.9080000000004,0.3,0.5,0.5,0.0,0.0,0,0,0.0,1406.03,1,0,0.0,7571.24,4,0,0.0,29649.08,10,1,0.1,0
LGS2ORD0034884,C013711,2025-10-04 06:00:00,Female,39,Bronze,TV,Remote_Area,1481,Shopee,Credit_Card,6,10,5,1,30-40,49.36666666666667,6.0,2.0,0.3333333333333333,0,4,3996.6716666666666,0.28,0.5,0.5,0.0,9556.78,1,1,1.0,9556.78,1,1,1.0,22550.340000000004,5,2,0.4,23980.03,6,2,0.3333333333333333,0
LGS2ORD0034885,C013424,2025-10-04 06:00:00,Male,62,Bronze,Web,Chonburi,1072,Lazada,COD,6,10,5,1,>50,35.733333333333334,9.0,1.0,0.1111111111111111,228,44,9174.557777777776,0.23,0.5555555555555556,0.2222222222222222,0.0,0.0,0,0,0.0,0.0,0,0,0.0,7194.4,1,0,0.0,82571.01999999999,9,1,0.1111111111111111,0
LGS2ORD0034886,C016837,2025-10-04 06:00:00,Male,53,Silver,TV,Chonburi,934,Lazada,PromptPay,6,10,5,1,>50,31.133333333333333,4.0,1.0,0.25,258,77,4265.7,0.25,0.25,0.25,0.0,0.0,0,0,0.0,0.0,0,0,0.0,14499.01,1,0,0.0,17062.8,4,1,0.25,0
LGS2ORD0034887,C013106,2025-10-04 07:00:00,Male,28,Bronze,TV,Nakhon Ratchasima,301,Shopee,COD,7,10,5,1,20-30,10.033333333333333,9.0,2.0,0.2222222222222222,128,17,5139.222222222223,0.23,0.5555555555555556,0.4444444444444444,0.1111111111111111,0.0,0,0,0.0,9043.16,1,0,0.0,13457.83,3,0,0.0,46253.0,9,2,0.2222222222222222,0
LGS2ORD0034888,C013241,2025-10-04 07:00:00,Female,46,Bronze,Lazada,Khon Kaen,1581,Shopee,COD,7,10,5,1,40-50,52.7,5.0,1.0,0.2,16,31,12433.936000000002,0.23,0.4,0.2,0.0,0.0,0,0,0.0,0.0,0,0,0.0,3235.56,1,1,1.0,62169.68000000001,5,1,0.2,0
LGS2ORD0034889,C010262,2025-10-04 07:00:00,Female,49,Bronze,TV,Chiang Mai,938,CallCenter,COD,7,10,5,1,40-50,31.266666666666666,5.0,1.0,0.2,190,162,3403.167999999999,0.18,0.6,0.0,0.0,0.0,0,0,0.0,0.0,0,0,0.0,0.0,0,0,0.0,17015.839999999997,5,1,0.2,0
LGS2ORD0034890,C012624,2025-10-04 07:00:00,Male,47,Silver,Shopee,Remote_Area,1070,TV_Show,PromptPay,7,10,5,1,40-50,35.666666666666664,7.0,2.0,0.2857142857142857,128,1,5429.714285714285,0.2,0.5714285714285714,0.0,0.0,13523.529999999999,2,0,0.0,13523.529999999999,2,0,0.0,28206.07,4,0,0.0,38008.0,7,2,0.2857142857142857,0
LGS2ORD0034891,C014935,2025-10-04 07:00:00,Male,33,Silver,Shopee,Chonburi,1024,TV_Show,COD,7,10,5,1,30-40,34.13333333333333,5.0,2.0,0.4,131,28,3085.792,0.25,0.2,0.2,0.0,0.0,0,0,0.0,4720.05,1,0,0.0,14707.57,3,0,0.0,15428.96,5,2,0.4,0
LGS2ORD0034892,C015464,2025-10-04 08:00:00,Female,37,Bronze,Web,Bangkok,1319,TV_Show,PromptPay,8,10,5,1,30-40,43.96666666666667,2.0,0.0,0.0,-1,241,22214.004999999997,0.18,0.5,0.0,0.0,0.0,0,0,0.0,0.0,0,0,0.0,0.0,0,0,0.0,44428.009999999995,2,0,0.0,0
LGS2ORD0034893,C016169,2025-10-04 08:00:00,Female,59,Bronze,TV,Bangkok,932,CallCenter,COD,8,10,5,1,>50,31.066666666666666,3.0,0.0,0.0,-1,74,3031.7900000000004,0.28,0.6666666666666666,0.3333333333333333,0.0,0.0,0,0,0.0,0.0,0,0,0.0,534.83,1,0,0.0,9095.37,3,0,0.0,0
LGS2ORD0034894,C011694,2025-10-04 08:00:00,Male,36,Silver,TV,Bangkok,374,TV_Show,COD,8,10,5,1,30-40,12.466666666666667,6.0,1.0,0.16666666666666666,136,17,6880.316666666667,0.3,0.5,0.3333333333333333,0.0,0.0,0,0,0.0,11478.17,1,0,0.0,11478.17,1,0,0.0,41281.9,6,1,0.16666666666666666,0
LGS2ORD0034895,C015108,2025-10-04 08:00:00,Male,30,Bronze,Lazada,Nakhon Ratchasima,808,TV_Show,COD,8,10,5,1,20-30,26.933333333333334,7.0,2.0,0.2857142857142857,157,21,6845.237142857142,0.13,0.42857142857142855,0.0,0.0,0.0,0,0,0.0,4526.42,2,0,0.0,4526.42,2,0,0.0,47916.659999999996,7,2,0.2857142857142857,1
LGS2ORD0034896,C012461,2025-10-04 08:00:00,Male,72,Bronze,TV,Chonburi,661,Shopee,COD,8,10,5,1,>50,22.033333333333335,12.0,0.0,0.0,-1,2,4982.2,0.23,0.4166666666666667,0.16666666666666666,0.0,3962.95,1,0,0.0,9103.099999999999,3,0,0.0,30191.340000000004,7,0,0.0,59786.4,12,0,0.0,0
LGS2ORD0034897,C011555,2025-10-04 08:00:00,Female,31,Silver,Web,Phuket,947,Shopee,COD,8,10,5,1,30-40,31.566666666666666,9.0,5.0,0.5555555555555556,-3,14,4752.174444444445,0.3,0.5555555555555556,0.3333333333333333,0.0,0.0,0,0,0.0,5089.24,1,1,1.0,7376.469999999999,3,2,0.6666666666666666,42769.57,9,5,0.5555555555555556,1
LGS2ORD0034898,C016340,2025-10-04 09:00:00,Male,43,Silver,TV,Nakhon Ratchasima,935,Shopee,COD,9,10,5,1,40-50,31.166666666666668,4.0,0.0,0.0,-1,62,5633.057500000001,0.2,0.75,0.0,0.0,0.0,0,0,0.0,0.0,0,0,0.0,5419.54,1,0,0.0,22532.230000000003,4,0,0.0,0
LGS2ORD0034899,C012188,2025-10-04 09:00:00,Female,50,Bronze,Web,Songkhla,1561,Web,Credit_Card,9,10,5,1,40-50,52.03333333333333,2.0,0.0,0.0,-1,184,915.5799999999999,0.18,0.5,0.0,0.0,0.0,0,0,0.0,0.0,0,0,0.0,0.0,0,0,0.0,1831.1599999999999,2,0,0.0,0
LGS2ORD0034900,C012849,2025-10-04 09:00:00,Male,54,Platinum,Lazada,Chiang Mai,902,TV_Show,COD,9,10,5,1,>50,30.066666666666666,7.0,0.0,0.0,-1,3,2993.8014285714285,0.3,0.5714285714285714,0.5714285714285714,0.0,5817.54,2,0,0.0,5817.54,2,0,0.0,8742.14,4,0,0.0,20956.61,7,0,0.0,0
LGS2ORD0034901,C010283,2025-10-04 09:00:00,Female,72,Bronze,Lazada,Khon Kaen,730,Web,Credit_Card,9,10,5,1,>50,24.333333333333332,3.0,1.0,0.3333333333333333,154,90,11627.216666666667,0.13,1.0,0.0,0.0,0.0,0,0,0.0,0.0,0,0,0.0,0.0,0,0,0.0,34881.65,3,1,0.3333333333333333,1
LGS2ORD0034902,C015374,2025-10-04 09:00:00,Male,38,Bronze,TV,Chiang Mai,371,Lazada,Credit_Card,9,10,5,1,30-40,12.366666666666667,4.0,2.0,0.5,14,10,3905.2825000000003,0.18,0.25,0.0,0.0,0.0,0,0,0.0,13054.26,2,1,0.5,13740.75,3,2,0.6666666666666666,15621.130000000001,4,2,0.5,0
LGS2ORD0034903,C010096,2025-10-04 10:00:00,Female,57,Gold,TV,Bangkok,476,Web,Credit_Card,10,10,5,1,>50,15.866666666666667,4.0,1.0,0.25,162,69,3021.96,0.33,0.5,0.5,0.0,0.0,0,0,0.0,0.0,0,0,0.0,5312.23,1,0,0.0,12087.84,4,1,0.25,0
LGS2ORD0034904,C011697,2025-10-04 10:00:00,Male,41,Gold,Lazada,Bangkok,1659,Lazada,PromptPay,10,10,5,1,40-50,55.3,4.0,0.0,0.0,-1,71,2227.2774999999997,0.33,0.75,0.5,0.0,0.0,0,0,0.0,0.0,0,0,0.0,2800.57,2,0,0.0,8909.109999999999,4,0,0.0,0
LGS2ORD0034905,C016456,2025-10-04 10:00:00,Male,62,Bronze,TV,Remote_Area,1051,Web,COD,10,10,5,1,>50,35.03333333333333,6.0,3.0,0.5,13,28,5003.596666666666,0.28,0.5,0.5,0.0,0.0,0,0,0.0,2034.31,1,1,1.0,5947.4400000000005,3,2,0.6666666666666666,30021.579999999998,6,3,0.5,1
LGS2ORD0034906,C010383,2025-10-04 10:00:00,Female,48,Silver,TV,Nakhon Ratchasima,1111,Web,COD,10,10,5,1,40-50,37.03333333333333,10.0,3.0,0.3,41,48,4458.68,0.3,0.5,0.1,0.0,0.0,0,0,0.0,0.0,0,0,0.0,27961.089999999997,5,2,0.4,44586.8,10,3,0.3,1
LGS2ORD0034907,C010063,2025-10-04 10:00:00,Male,45,Silver,Web,Nakhon Ratchasima,1114,Lazada,PromptPay,10,10,5,1,40-50,37.13333333333333,0.0,0.0,0.0,-1,-1,0.0,0.0,0.0,0.0,0.0,0.0,0,0,0.0,0.0,0,0,0.0,0.0,0,0,0.0,0.0,0,0,0.0,1
LGS2ORD0034908,C014928,2025-10-04 11:00:00,Male,58,Bronze,Shopee,Bangkok,1611,Lazada,COD,11,10,5,1,>50,53.7,6.0,0.0,0.0,-1,5,3822.8283333333334,0.28,0.5,0.6666666666666666,0.0,3042.24,1,0,0.0,3042.24,1,0,0.0,16930.86,3,0,0.0,22936.97,6,0,0.0,0
LGS2ORD0034909,C017425,2025-10-04 11:00:00,Male,42,Bronze,TV,Bangkok,1272,Shopee,PromptPay,11,10,5,1,40-50,42.4,2.0,0.0,0.0,-1,46,2074.965,0.23,0.5,0.5,0.0,0.0,0,0,0.0,0.0,0,0,0.0,4149.93,2,0,0.0,4149.93,2,0,0.0,0
LGS2ORD0034910,C010559,2025-10-04 11:00:00,Male,18,Silver,Web,Bangkok,830,Lazada,PromptPay,11,10,5,1,<20,27.666666666666668,5.0,1.0,0.2,23,26,6223.31,0.25,0.4,0.2,0.0,0.0,0,0,0.0,2117.41,1,1,1.0,2117.41,1,1,1.0,31116.550000000003,5,1,0.2,0
LGS2ORD0034911,C017003,2025-10-04 11:00:00,Female,39,Silver,TV,Remote_Area,662,Web,Bank_Transfer,11,10,5,1,30-40,22.066666666666666,6.0,3.0,0.5,86,16,5781.966666666667,0.3,0.5,0.16666666666666666,0.0,0.0,0,0,0.0,8325.74,2,0,0.0,13043.519999999999,3,0,0.0,34691.8,6,3,0.5,1
LGS2ORD0034912,C016683,2025-10-04 11:00:00,Female,31,Silver,Lazada,Chonburi,448,Lazada,COD,11,10,5,1,30-40,14.933333333333334,6.0,2.0,0.3333333333333333,136,49,6165.244999999999,0.25,0.3333333333333333,0.16666666666666666,0.0,0.0,0,0,0.0,0.0,0,0,0.0,3306.33,2,0,0.0,36991.469999999994,6,2,0.3333333333333333,0
LGS2ORD0034913,C017516,2025-10-04 12:00:00,Male,60,Gold,TV,Bangkok,778,TV_Show,Credit_Card,12,10,5,1,>50,25.933333333333334,12.0,1.0,0.08333333333333333,75,35,6456.905833333333,0.33,0.5833333333333334,0.4166666666666667,0.0,0.0,0,0,0.0,0.0,0,0,0.0,18242.780000000002,4,1,0.25,77482.87,12,1,0.08333333333333333,0
LGS2ORD0034914,C017401,2025-10-04 12:00:00,Male,36,Bronze,TV,Nakhon Ratchasima,1695,TV_Show,COD,12,10,5,1,30-40,56.5,6.0,3.0,0.5,26,8,7612.188333333333,0.28,0.5,0.5,0.0,0.0,0,0,0.0,30267.16,1,0,0.0,42137.09,5,2,0.4,45673.13,6,3,0.5,0
LGS2ORD0034915,C014111,2025-10-04 12:00:00,Male,34,Bronze,TV,Bangkok,854,Web,COD,12,10,5,1,30-40,28.466666666666665,1.0,1.0,1.0,124,130,1383.41,0.23,1.0,1.0,0.0,0.0,0,0,0.0,0.0,0,0,0.0,0.0,0,0,0.0,1383.41,1,1,1.0,1
LGS2ORD0034916,C014214,2025-10-04 12:00:00,Male,50,Silver,Lazada,Chonburi,1197,TV_Show,Credit_Card,12,10,5,1,40-50,39.9,3.0,0.0,0.0,-1,123,8754.76,0.2,0.3333333333333333,0.0,0.0,0.0,0,0,0.0,0.0,0,0,0.0,0.0,0,0,0.0,26264.28,3,0,0.0,0
LGS2ORD0034917,C014261,2025-10-04 12:00:00,Male,28,Bronze,Shopee,Bangkok,1264,Lazada,COD,12,10,5,1,20-30,42.13333333333333,8.0,3.0,0.375,54,50,5275.68,0.28,0.75,0.5,0.0,0.0,0,0,0.0,0.0,0,0,0.0,23841.050000000003,3,1,0.3333333333333333,42205.44,8,3,0.375,0
LGS2ORD0034918,C015713,2025-10-04 12:00:00,Male,47,Gold,Shopee,Nakhon Ratchasima,485,TV_Show,COD,12,10,5,1,40-50,16.166666666666668,0.0,0.0,0.0,-1,-1,0.0,0.0,0.0,0.0,0.0,0.0,0,0,0.0,0.0,0,0,0.0,0.0,0,0,0.0,0.0,0,0,0.0,0
LGS2ORD0034919,C016182,2025-10-04 13:00:00,Male,27,Silver,Web,Khon Kaen,1566,Shopee,PromptPay,13,10,5,1,20-30,52.2,2.0,1.0,0.5,255,176,11136.195,0.2,1.0,0.0,0.0,0.0,0,0,0.0,0.0,0,0,0.0,0.0,0,0,0.0,22272.39,2,1,0.5,0
LGS2ORD0034920,C016484,2025-10-04 13:00:00,Female,29,Silver,Lazada,Bangkok,1468,CallCenter,COD,13,10,5,1,20-30,48.93333333333333,3.0,0.0,0.0,-1,34,3301.86,0.3,0.6666666666666666,0.3333333333333333,0.0,0.0,0,0,0.0,0.0,0,0,0.0,9124.07,2,0,0.0,9905.58,3,0,0.0,0
LGS2ORD0034921,C014807,2025-10-04 13:00:00,Male,62,Silver,Web,Khon Kaen,1039,Shopee,COD,13,10,5,1,>50,34.63333333333333,10.0,2.0,0.2,26,0,7453.782000000001,0.3,0.3,0.3,0.0,14146.31,1,0,0.0,14146.31,1,0,0.0,23814.0,2,1,0.5,74537.82,10,2,0.2,0
LGS2ORD0034922,C010310,2025-10-04 13:00:00,Male,54,Silver,TV,Chiang Mai,1148,Lazada,COD,13,10,5,1,>50,38.266666666666666,5.0,1.0,0.2,62,75,10273.956000000002,0.3,0.2,0.4,0.0,0.0,0,0,0.0,0.0,0,0,0.0,576.86,1,1,1.0,51369.780000000006,5,1,0.2,0
LGS2ORD0034923,C014740,2025-10-04 13:00:00,Female,43,Bronze,CallCenter,Khon Kaen,717,CallCenter,PromptPay,13,10,5,1,40-50,23.9,7.0,1.0,0.14285714285714285,148,32,4278.755714285714,0.23,0.7142857142857143,0.2857142857142857,0.0,0.0,0,0,0.0,0.0,0,0,0.0,740.39,1,0,0.0,29951.289999999997,7,1,0.14285714285714285,0
LGS2ORD0034924,C011303,2025-10-04 14:00:00,Male,62,Silver,TV,Khon Kaen,1111,CallCenter,Bank_Transfer,14,10,5,1,>50,37.03333333333333,3.0,1.0,0.3333333333333333,254,40,15501.023333333333,0.2,0.3333333333333333,0.0,0.0,0.0,0,0,0.0,0.0,0,0,0.0,37412.99,1,0,0.0,46503.07,3,1,0.3333333333333333,0
LGS2ORD0034925,C010260,2025-10-04 14:00:00,Male,52,Gold,Lazada,Songkhla,531,CallCenter,Credit_Card,14,10,5,1,>50,17.7,4.0,0.0,0.0,-1,1,3698.3925,0.13,0.0,0.0,0.0,1406.79,1,0,0.0,1406.79,1,0,0.0,1406.79,1,0,0.0,14793.57,4,0,0.0,0
LGS2ORD0034926,C015394,2025-10-04 14:00:00,Male,72,Bronze,Shopee,Remote_Area,342,Web,COD,14,10,5,1,>50,11.4,7.0,1.0,0.14285714285714285,4,13,4959.177142857143,0.23,0.42857142857142855,0.14285714285714285,0.0,0.0,0,0,0.0,8166.06,1,1,1.0,9677.27,2,1,0.5,34714.24,7,1,0.14285714285714285,0
LGS2ORD0034927,C016496,2025-10-04 14:00:00,Female,62,Bronze,TV,Bangkok,302,Lazada,Credit_Card,14,10,5,1,>50,10.066666666666666,5.0,0.0,0.0,-1,4,5243.512,0.23,0.4,0.2,0.0,1809.07,1,0,0.0,1809.07,1,0,0.0,1809.07,1,0,0.0,26217.559999999998,5,0,0.0,0
LGS2ORD0034928,C016887,2025-10-04 14:00:00,Male,44,Silver,CallCenter,Bangkok,1280,Shopee,COD,14,10,5,1,40-50,42.666666666666664,5.0,0.0,0.0,-1,8,4530.47,0.3,0.4,0.2,0.0,0.0,0,0,0.0,11017.79,1,0,0.0,11017.79,1,0,0.0,22652.350000000002,5,0,0.0,0
LGS2ORD0034929,C014426,2025-10-04 15:00:00,Female,67,Bronze,Shopee,Bangkok,1333,Lazada,COD,15,10,5,1,>50,44.43333333333333,9.0,2.0,0.2222222222222222,126,23,4624.756666666666,0.28,0.6666666666666666,0.3333333333333333,0.0,0.0,0,0,0.0,9245.66,1,0,0.0,31785.050000000003,4,0,0.0,41622.81,9,2,0.2222222222222222,0
LGS2ORD0034930,C014117,2025-10-04 15:00:00,Male,28,Silver,Shopee,Remote_Area,1047,CallCenter,COD,15,10,5,1,20-30,34.9,5.0,2.0,0.4,146,69,2564.918,0.3,0.6,0.2,0.0,0.0,0,0,0.0,0.0,0,0,0.0,1231.94,1,0,0.0,12824.59,5,2,0.4,1
LGS2ORD0034931,C013742,2025-10-04 15:00:00,Male,46,Platinum,Lazada,Remote_Area,1085,Shopee,Credit_Card,15,10,5,1,40-50,36.166666666666664,2.0,0.0,0.0,-1,79,3452.675,0.25,1.0,0.5,0.0,0.0,0,0,0.0,0.0,0,0,0.0,2422.18,1,0,0.0,6905.35,2,0,0.0,0
LGS2ORD0034932,C014992,2025-10-04 15:00:00,Other,48,Platinum,Web,Chiang Mai,1059,Lazada,Bank_Transfer,15,10,5,1,40-50,35.3,4.0,0.0,0.0,-1,64,5040.64,0.25,0.25,0.5,0.0,0.0,0,0,0.0,0.0,0,0,0.0,3388.41,1,0,0.0,20162.56,4,0,0.0,0
LGS2ORD0034933,C012308,2025-10-04 15:00:00,Male,22,Bronze,TV,Songkhla,1234,TV_Show,PromptPay,15,10,5,1,20-30,41.13333333333333,10.0,4.0,0.4,10,23,4678.232999999999,0.28,0.6,0.4,0.0,0.0,0,0,0.0,1254.42,1,1,1.0,6391.02,2,1,0.5,46782.329999999994,10,4,0.4,1
LGS2ORD0034934,C017924,2025-10-04 15:00:00,Male,39,Gold,Shopee,Chiang Mai,406,TV_Show,COD,15,10,5,1,30-40,13.533333333333333,10.0,2.0,0.2,27,33,4761.265,0.33,0.4,0.4,0.0,0.0,0,0,0.0,0.0,0,0,0.0,16465.42,3,1,0.3333333333333333,47612.65,10,2,0.2,1
LGS2ORD0034935,C010722,2025-10-04 16:00:00,Female,37,Bronze,Lazada,Chiang Mai,685,Shopee,COD,16,10,5,1,30-40,22.833333333333332,4.0,1.0,0.25,132,131,9221.9175,0.28,0.75,0.25,0.0,0.0,0,0,0.0,0.0,0,0,0.0,0.0,0,0,0.0,36887.67,4,1,0.25,0
LGS2ORD0034936,C011304,2025-10-04 16:00:00,Female,23,Bronze,Web,Remote_Area,1125,Web,Bank_Transfer,16,10,5,1,20-30,37.5,3.0,0.0,0.0,-1,65,3800.1066666666666,0.23,0.3333333333333333,0.3333333333333333,0.0,0.0,0,0,0.0,0.0,0,0,0.0,1943.66,1,0,0.0,11400.32,3,0,0.0,0
LGS2ORD0034937,C016323,2025-10-04 16:00:00,Female,39,Silver,CallCenter,Remote_Area,1336,Lazada,Credit_Card,16,10,5,1,30-40,44.53333333333333,2.0,2.0,1.0,29,39,3520.3799999999997,0.3,0.5,1.0,0.0,0.0,0,0,0.0,0.0,0,0,0.0,5463.94,1,1,1.0,7040.759999999999,2,2,1.0,0
LGS2ORD0034938,C010407,2025-10-04 16:00:00,Other,43,Gold,TV,Phuket,1013,TV_Show,Credit_Card,16,10,5,1,40-50,33.766666666666666,3.0,0.0,0.0,-1,65,2850.163333333334,0.18,0.0,0.0,0.0,0.0,0,0,0.0,0.0,0,0,0.0,2655.6400000000003,2,0,0.0,8550.490000000002,3,0,0.0,0
LGS2ORD0034939,C014789,2025-10-04 16:00:00,Female,43,Silver,TV,Remote_Area,437,Shopee,COD,16,10,5,1,40-50,14.566666666666666,3.0,1.0,0.3333333333333333,117,9,4515.98,0.25,0.6666666666666666,0.3333333333333333,0.0,0.0,0,0,0.0,7460.36,1,0,0.0,7460.36,1,0,0.0,13547.939999999999,3,1,0.3333333333333333,0
LGS2ORD0034940,C017569,2025-10-04 17:00:00,Male,53,Silver,TV,Chonburi,870,TV_Show,COD,17,10,5,1,>50,29.0,4.0,0.0,0.0,-1,17,2356.3825,0.3,0.5,0.75,0.0,0.0,0,0,0.0,4956.13,1,0,0.0,8535.52,3,0,0.0,9425.53,4,0,0.0,0
LGS2ORD0034941,C010097,2025-10-04 17:00:00,Male,39,Silver,Lazada,Chonburi,1659,Web,Bank_Transfer,17,10,5,1,30-40,55.3,6.0,0.0,0.0,-1,31,4977.585,0.3,0.16666666666666666,0.3333333333333333,0.0,0.0,0,0,0.0,0.0,0,0,0.0,19814.77,3,0,0.0,29865.51,6,0,0.0,0
LGS2ORD0034942,C016983,2025-10-04 17:00:00,Female,59,Silver,Shopee,Remote_Area,1269,TV_Show,Credit_Card,17,10,5,1,>50,42.3,4.0,1.0,0.25,262,133,8140.1175,0.3,1.0,0.5,0.0,0.0,0,0,0.0,0.0,0,0,0.0,0.0,0,0,0.0,32560.47,4,1,0.25,0
LGS2ORD0034943,C011535,2025-10-04 17:00:00,Female,65,Bronze,Shopee,Chonburi,532,Shopee,COD,17,10,5,1,>50,17.733333333333334,3.0,1.0,0.3333333333333333,134,22,3586.9900000000002,0.23,0.0,0.3333333333333333,0.0,0.0,0,0,0.0,6725.64,1,0,0.0,6725.64,1,0,0.0,10760.970000000001,3,1,0.3333333333333333,0
LGS2ORD0034944,C017344,2025-10-04 17:00:00,Male,55,Bronze,CallCenter,Remote_Area,1391,Shopee,Credit_Card,17,10,5,1,>50,46.36666666666667,2.0,1.0,0.5,225,108,1962.845,0.18,0.5,0.0,0.0,0.0,0,0,0.0,0.0,0,0,0.0,0.0,0,0,0.0,3925.69,2,1,0.5,0
LGS2ORD0034945,C011006,2025-10-04 18:00:00,Female,30,Bronze,Shopee,Remote_Area,1140,TV_Show,COD,18,10,5,1,20-30,38.0,5.0,1.0,0.2,181,36,5692.224,0.23,0.4,0.4,0.0,0.0,0,0,0.0,0.0,0,0,0.0,17421.14,2,0,0.0,28461.12,5,1,0.2,0
LGS2ORD0034946,C014559,2025-10-04 18:00:00,Female,34,Bronze,Web,Khon Kaen,1421,Shopee,COD,18,10,5,1,30-40,47.36666666666667,3.0,1.0,0.3333333333333333,119,68,15159.050000000001,0.08,0.6666666666666666,0.0,0.0,0.0,0,0,0.0,0.0,0,0,0.0,36075.12,1,0,0.0,45477.15,3,1,0.3333333333333333,0
LGS2ORD0034947,C015738,2025-10-04 18:00:00,Male,30,Platinum,Shopee,Khon Kaen,1618,Lazada,COD,18,10,5,1,20-30,53.93333333333333,7.0,3.0,0.42857142857142855,25,6,3512.4185714285713,0.35,0.42857142857142855,0.8571428571428571,0.0,8638.81,1,0,0.0,8638.81,1,0,0.0,21669.739999999998,5,2,0.4,24586.93,7,3,0.42857142857142855,0
LGS2ORD0034948,C017617,2025-10-04 18:00:00,Female,44,Bronze,TV,Remote_Area,1402,TV_Show,COD,18,10,5,1,40-50,46.733333333333334,5.0,3.0,0.6,86,94,6666.844,0.23,0.8,0.4,0.0,0.0,0,0,0.0,0.0,0,0,0.0,0.0,0,0,0.0,33334.22,5,3,0.6,1
LGS2ORD0034949,C012188,2025-10-04 18:00:00,Female,50,Bronze,Web,Songkhla,1561,TV_Show,Bank_Transfer,18,10,5,1,40-50,52.03333333333333,3.0,0.0,0.0,-1,0,942.3166666666666,0.18,0.3333333333333333,0.0,0.0,995.79,1,0,0.0,995.79,1,0,0.0,995.79,1,0,0.0,2826.95,3,0,0.0,0
LGS2ORD0034950,C010174,2025-10-04 19:00:00,Female,41,Bronze,TV,Chonburi,940,TV_Show,COD,19,10,5,1,40-50,31.333333333333332,5.0,0.0,0.0,-1,3,5230.351999999999,0.23,0.6,0.2,0.0,432.67,1,0,0.0,432.67,1,0,0.0,11731.390000000001,3,0,0.0,26151.759999999995,5,0,0.0,0
LGS2ORD0034951,C012974,2025-10-04 19:00:00,Female,56,Gold,Web,Songkhla,1023,TV_Show,PromptPay,19,10,5,1,>50,34.1,5.0,3.0,0.6,21,29,3658.9420000000005,0.33,0.4,0.8,0.0,0.0,0,0,0.0,1077.24,1,1,1.0,8386.99,3,2,0.6666666666666666,18294.710000000003,5,3,0.6,0
LGS2ORD0034952,C011318,2025-10-04 19:00:00,Female,45,Gold,Shopee,Bangkok,895,Shopee,COD,19,10,5,1,40-50,29.833333333333332,2.0,2.0,1.0,135,148,1316.89,0.33,0.0,0.5,0.0,0.0,0,0,0.0,0.0,0,0,0.0,0.0,0,0,0.0,2633.78,2,2,1.0,0
LGS2ORD0034953,C011469,2025-10-04 19:00:00,Male,27,Silver,Web,Songkhla,798,Shopee,Bank_Transfer,19,10,5,1,20-30,26.6,8.0,2.0,0.25,12,26,10487.528750000001,0.3,0.625,0.125,0.0,0.0,0,0,0.0,573.26,1,1,1.0,2103.6099999999997,2,1,0.5,83900.23000000001,8,2,0.25,0
LGS2ORD0034954,C016225,2025-10-04 19:00:00,Male,39,Bronze,TV,Chonburi,597,TV_Show,COD,19,10,5,1,30-40,19.9,4.0,1.0,0.25,75,62,3918.6349999999998,0.23,0.5,0.25,0.0,0.0,0,0,0.0,0.0,0,0,0.0,9778.14,2,1,0.5,15674.539999999999,4,1,0.25,0
LGS2ORD0034955,C016043,2025-10-04 19:00:00,Male,69,Bronze,TV,Chonburi,1039,Web,PromptPay,19,10,5,1,>50,34.63333333333333,4.0,0.0,0.0,-1,20,6578.105,0.23,0.25,0.25,0.0,0.0,0,0,0.0,14321.46,1,0,0.0,14321.46,1,0,0.0,26312.42,4,0,0.0,0
LGS2ORD0034956,C016109,2025-10-04 20:00:00,Female,35,Bronze,Shopee,Chonburi,947,CallCenter,PromptPay,20,10,5,1,30-40,31.566666666666666,3.0,0.0,0.0,-1,9,9537.96,0.18,0.3333333333333333,0.0,0.0,0.0,0,0,0.0,17530.23,1,0,0.0,21588.77,2,0,0.0,28613.879999999997,3,0,0.0,0
LGS2ORD0034957,C010183,2025-10-04 20:00:00,Male,38,Bronze,Lazada,Chiang Mai,767,CallCenter,Bank_Transfer,20,10,5,1,30-40,25.566666666666666,5.0,1.0,0.2,212,66,1645.824,0.18,0.2,0.0,0.0,0.0,0,0,0.0,0.0,0,0,0.0,841.13,1,0,0.0,8229.12,5,1,0.2,0
LGS2ORD0034958,C015931,2025-10-04 20:00:00,Male,37,Silver,Web,Nakhon Ratchasima,906,Web,COD,20,10,5,1,30-40,30.2,3.0,0.0,0.0,-1,212,1512.8400000000001,0.25,1.0,0.3333333333333333,0.0,0.0,0,0,0.0,0.0,0,0,0.0,0.0,0,0,0.0,4538.52,3,0,0.0,0
LGS2ORD0034959,C016556,2025-10-04 20:00:00,Female,47,Silver,TV,Remote_Area,755,Web,Credit_Card,20,10,5,1,40-50,25.166666666666668,10.0,2.0,0.2,99,34,4852.743,0.3,0.8,0.3,0.0,0.0,0,0,0.0,0.0,0,0,0.0,10550.53,3,0,0.0,48527.43,10,2,0.2,0
LGS2ORD0034960,C012958,2025-10-04 20:00:00,Male,40,Silver,Lazada,Bangkok,1620,CallCenter,COD,20,10,5,1,30-40,54.0,6.0,2.0,0.3333333333333333,65,75,3103.2983333333327,0.3,0.5,0.3333333333333333,0.0,0.0,0,0,0.0,0.0,0,0,0.0,2409.71,2,1,0.5,18619.789999999997,6,2,0.3333333333333333,0
LGS2ORD0034961,C016340,2025-10-04 21:00:00,Male,43,Silver,TV,Nakhon Ratchasima,935,Web,COD,21,10,5,1,40-50,31.166666666666668,5.0,0.0,0.0,-1,0,5285.748000000001,0.25,0.8,0.2,0.0,3896.51,1,0,0.0,3896.51,1,0,0.0,9316.05,2,0,0.0,26428.740000000005,5,0,0.0,0
LGS2ORD0034962,C010359,2025-10-04 21:00:00,Male,54,Bronze,TV,Nakhon Ratchasima,980,Lazada,Credit_Card,21,10,5,1,>50,32.666666666666664,6.0,2.0,0.3333333333333333,160,92,6108.865000000001,0.23,0.8333333333333334,0.16666666666666666,0.0,0.0,0,0,0.0,0.0,0,0,0.0,0.0,0,0,0.0,36653.19,6,2,0.3333333333333333,0
LGS2ORD0034963,C017820,2025-10-04 21:00:00,Male,53,Gold,Lazada,Songkhla,1313,Web,Bank_Transfer,21,10,5,1,>50,43.766666666666666,3.0,0.0,0.0,-1,49,4397.213333333333,0.2299999999999999,0.3333333333333333,0.3333333333333333,0.0,0.0,0,0,0.0,0.0,0,0,0.0,1700.18,1,0,0.0,13191.64,3,0,0.0,0
LGS2ORD0034964,C017771,2025-10-04 21:00:00,Female,46,Bronze,CallCenter,Remote_Area,544,CallCenter,COD,21,10,5,1,40-50,18.133333333333333,9.0,1.0,0.1111111111111111,28,4,5575.593333333334,0.18,0.3333333333333333,0.0,0.0,6065.61,1,0,0.0,10413.509999999998,2,0,0.0,13125.489999999998,4,1,0.25,50180.340000000004,9,1,0.1111111111111111,0
LGS2ORD0034965,C012958,2025-10-04 21:00:00,Male,40,Silver,Lazada,Bangkok,1620,Lazada,Credit_Card,21,10,5,1,30-40,54.0,7.0,2.0,0.2857142857142857,65,0,3284.985714285714,0.3,0.5714285714285714,0.2857142857142857,0.0,4375.11,1,0,0.0,4375.11,1,0,0.0,6784.82,3,1,0.3333333333333333,22994.899999999998,7,2,0.2857142857142857,0
LGS2ORD0034966,C013099,2025-10-04 22:00:00,Male,23,Silver,Web,Khon Kaen,830,Web,PromptPay,22,10,5,1,20-30,27.666666666666668,5.0,0.0,0.0,-1,55,6434.853999999999,0.3,0.4,0.2,0.0,0.0,0,0,0.0,0.0,0,0,0.0,4566.35,1,0,0.0,32174.269999999997,5,0,0.0,0
LGS2ORD0034967,C012260,2025-10-04 22:00:00,Female,51,Bronze,Lazada,Bangkok,991,CallCenter,COD,22,10,5,1,>50,33.03333333333333,8.0,1.0,0.125,150,30,4698.59875,0.28,0.375,0.375,0.0,0.0,0,0,0.0,0.0,0,0,0.0,3108.86,1,0,0.0,37588.79,8,1,0.125,0
LGS2ORD0034968,C013280,2025-10-04 22:00:00,Female,29,Silver,TV,Remote_Area,1143,TV_Show,PromptPay,22,10,5,1,20-30,38.1,4.0,2.0,0.5,161,23,3108.5649999999996,0.2,0.5,0.0,0.0,0.0,0,0,0.0,9246.3,1,0,0.0,9246.3,1,0,0.0,12434.259999999998,4,2,0.5,0
LGS2ORD0034969,C016174,2025-10-04 22:00:00,Female,66,Bronze,TV,Remote_Area,1086,CallCenter,Bank_Transfer,22,10,5,1,>50,36.2,2.0,1.0,0.5,262,6,2037.0500000000002,0.23,1.0,0.5,0.0,2005.55,1,0,0.0,2005.55,1,0,0.0,2005.55,1,0,0.0,4074.1000000000004,2,1,0.5,0
LGS2ORD0034970,C016912,2025-10-04 22:00:00,Male,22,Bronze,TV,Nakhon Ratchasima,1193,CallCenter,PromptPay,22,10,5,1,20-30,39.766666666666666,4.0,0.0,0.0,-1,40,14793.4225,0.08,0.5,0.0,0.0,0.0,0,0,0.0,0.0,0,0,0.0,39341.55,1,0,0.0,59173.69,4,0,0.0,0
LGS2ORD0034971,C017847,2025-10-04 23:00:00,Male,35,Bronze,Web,Phuket,1516,Web,Credit_Card,23,10,5,1,30-40,50.53333333333333,8.0,2.0,0.25,0,8,6281.14375,0.28,0.625,0.25,0.0,0.0,0,0,0.0,5846.4400000000005,2,2,1.0,5846.4400000000005,2,2,1.0,50249.15,8,2,0.25,1
LGS2ORD0034972,C013783,2025-10-04 23:00:00,Female,55,Gold,Lazada,Chonburi,500,Web,PromptPay,23,10,5,1,>50,16.666666666666668,2.0,1.0,0.5,-1,7,664.7850000000001,0.33,0.5,0.5,0.0,0.0,0,0,0.0,663.47,1,1,1.0,663.47,1,1,1.0,1329.5700000000002,2,1,0.5,0
LGS2ORD0034973,C014307,2025-10-04 23:00:00,Female,51,Bronze,Lazada,Songkhla,517,Lazada,COD,23,10,5,1,>50,17.233333333333334,5.0,0.0,0.0,-1,51,4344.862,0.28,0.4,0.2,0.0,0.0,0,0,0.0,0.0,0,0,0.0,11336.619999999999,2,0,0.0,21724.31,5,0,0.0,1
LGS2ORD0034974,C011263,2025-10-04 23:00:00,Female,47,Silver,Shopee,Remote_Area,1043,Lazada,Bank_Transfer,23,10,5,1,40-50,34.766666666666666,8.0,4.0,0.5,104,29,5480.32375,0.3,0.375,0.375,0.0,0.0,0,0,0.0,14391.32,1,0,0.0,15882.97,2,0,0.0,43842.59,8,4,0.5,0
LGS2ORD0034975,C016760,2025-10-04 23:00:00,Male,36,Bronze,TV,Phuket,1365,Lazada,COD,23,10,5,1,30-40,45.5,7.0,2.0,0.2857142857142857,0,14,7925.905714285714,0.28,0.7142857142857143,0.14285714285714285,0.0,0.0,0,0,0.0,482.17,1,1,1.0,18249.51,3,1,0.3333333333333333,55481.34,7,2,0.2857142857142857,1
LGS2ORD0034976,C011022,2025-10-04 23:00:00,Female,42,Bronze,Web,Chonburi,1695,Shopee,COD,23,10,5,1,40-50,56.5,0.0,0.0,0.0,-1,-1,0.0,0.0,0.0,0.0,0.0,0.0,0,0,0.0,0.0,0,0,0.0,0.0,0,0,0.0,0.0,0,0,0.0,1
LGS2ORD0034977,C016442,2025-10-05 00:00:00,Male,51,Silver,Web,Remote_Area,450,Web,Credit_Card,0,10,6,1,>50,15.0,5.0,1.0,0.2,37,44,5860.418,0.3,0.4,0.2,0.0,0.0,0,0,0.0,0.0,0,0,0.0,11029.550000000001,2,1,0.5,29302.09,5,1,0.2,0
LGS2ORD0034978,C010474,2025-10-05 00:00:00,Female,27,Silver,Lazada,Khon Kaen,429,Web,COD,0,10,6,1,20-30,14.3,5.0,0.0,0.0,-1,7,2456.966,0.3,0.6,0.2,0.0,0.0,0,0,0.0,1942.69,1,0,0.0,1942.69,1,0,0.0,12284.83,5,0,0.0,1
LGS2ORD0034979,C013019,2025-10-05 00:00:00,Female,34,Bronze,TV,Chiang Mai,438,TV_Show,COD,0,10,6,1,30-40,14.6,5.0,2.0,0.4,105,117,3710.584,0.28,0.6,0.4,0.0,0.0,0,0,0.0,0.0,0,0,0.0,0.0,0,0,0.0,18552.92,5,2,0.4,0
LGS2ORD0034980,C012895,2025-10-05 00:00:00,Female,46,Silver,Web,Khon Kaen,813,Lazada,PromptPay,0,10,6,1,40-50,27.1,4.0,3.0,0.75,39,53,2580.1225000000004,0.2,0.5,0.0,0.0,0.0,0,0,0.0,0.0,0,0,0.0,4262.85,1,1,1.0,10320.490000000002,4,3,0.75,0
LGS2ORD0034981,C010735,2025-10-05 00:00:00,Female,34,Bronze,Web,Bangkok,799,Web,PromptPay,0,10,6,1,30-40,26.633333333333333,5.0,1.0,0.2,200,102,1011.9040000000001,0.28,0.4,0.4,0.0,0.0,0,0,0.0,0.0,0,0,0.0,0.0,0,0,0.0,5059.52,5,1,0.2,0
LGS2ORD0034982,C014982,2025-10-05 01:00:00,Male,44,Silver,Lazada,Bangkok,1720,TV_Show,COD,1,10,6,1,40-50,57.333333333333336,5.0,3.0,0.6,58,3,2704.418,0.25,0.8,0.6,0.0,6138.46,1,0,0.0,6138.46,1,0,0.0,8318.64,2,1,0.5,13522.09,5,3,0.6,1
LGS2ORD0034983,C010556,2025-10-05 01:00:00,Male,18,Gold,TV,Bangkok,1728,Lazada,COD,1,10,6,1,<20,57.6,1.0,0.0,0.0,-1,254,1637.8,0.13,0.0,0.0,0.0,0.0,0,0,0.0,0.0,0,0,0.0,0.0,0,0,0.0,1637.8,1,0,0.0,0
LGS2ORD0034984,C012994,2025-10-05 01:00:00,Male,28,Bronze,TV,Nakhon Ratchasima,493,CallCenter,Bank_Transfer,1,10,6,1,20-30,16.433333333333334,7.0,2.0,0.2857142857142857,163,42,4921.304285714286,0.23,0.5714285714285714,0.14285714285714285,0.0,0.0,0,0,0.0,0.0,0,0,0.0,4395.97,1,0,0.0,34449.130000000005,7,2,0.2857142857142857,0
LGS2ORD0034985,C013425,2025-10-05 01:00:00,Male,51,Bronze,Lazada,Khon Kaen,1207,Lazada,PromptPay,1,10,6,1,>50,40.233333333333334,1.0,0.0,0.0,-1,231,1425.2,0.13,0.0,0.0,0.0,0.0,0,0,0.0,0.0,0,0,0.0,0.0,0,0,0.0,1425.2,1,0,0.0,0
LGS2ORD0034986,C014900,2025-10-05 01:00:00,Male,51,Gold,Web,Phuket,1193,TV_Show,Credit_Card,1,10,6,1,>50,39.766666666666666,2.0,1.0,0.5,192,201,11401.45,0.18,1.0,0.0,0.0,0.0,0,0,0.0,0.0,0,0,0.0,0.0,0,0,0.0,22802.9,2,1,0.5,0
LGS2ORD0034987,C013617,2025-10-05 02:00:00,Female,56,Bronze,TV,Phuket,763,CallCenter,COD,2,10,6,1,>50,25.433333333333334,7.0,3.0,0.42857142857142855,12,18,4740.968571428572,0.28,0.5714285714285714,0.2857142857142857,0.0,0.0,0,0,0.0,1339.73,1,1,1.0,7450.8099999999995,3,1,0.3333333333333333,33186.780000000006,7,3,0.42857142857142855,0
LGS2ORD0034988,C014866,2025-10-05 02:00:00,Male,50,Bronze,Lazada,Bangkok,1097,TV_Show,Credit_Card,2,10,6,1,40-50,36.56666666666667,2.0,0.0,0.0,-1,22,1756.52,0.18,1.0,0.0,0.0,0.0,0,0,0.0,2411.97,1,0,0.0,2411.97,1,0,0.0,3513.04,2,0,0.0,0
LGS2ORD0034989,C016703,2025-10-05 02:00:00,Female,34,Bronze,Lazada,Bangkok,1180,Web,COD,2,10,6,1,30-40,39.333333333333336,8.0,3.0,0.375,19,32,2496.83375,0.28,0.625,0.125,0.0,0.0,0,0,0.0,0.0,0,0,0.0,4375.55,3,2,0.6666666666666666,19974.67,8,3,0.375,0
LGS2ORD0034990,C010386,2025-10-05 02:00:00,Female,32,Silver,Web,Bangkok,1223,Shopee,COD,2,10,6,1,30-40,40.766666666666666,5.0,0.0,0.0,-1,95,6024.831999999999,0.25,0.4,0.2,0.0,0.0,0,0,0.0,0.0,0,0,0.0,0.0,0,0,0.0,30124.159999999996,5,0,0.0,0
LGS2ORD0034991,C016916,2025-10-05 02:00:00,Female,56,Silver,TV,Remote_Area,733,Web,COD,2,10,6,1,>50,24.433333333333334,8.0,4.0,0.5,19,25,10405.6625,0.25,0.625,0.25,0.0,0.0,0,0,0.0,11027.45,1,1,1.0,34751.490000000005,3,1,0.3333333333333333,83245.3,8,4,0.5,0
LGS2ORD0034992,C010495,2025-10-05 03:00:00,Female,57,Gold,Web,Phuket,379,Web,Bank_Transfer,3,10,6,1,>50,12.633333333333333,2.0,1.0,0.5,183,19,5384.575,0.33,0.5,1.0,0.0,0.0,0,0,0.0,5726.17,1,0,0.0,5726.17,1,0,0.0,10769.15,2,1,0.5,0
LGS2ORD0034993,C014417,2025-10-05 03:00:00,Male,54,Silver,Shopee,Chonburi,1414,CallCenter,COD,3,10,6,1,>50,47.13333333333333,10.0,1.0,0.1,137,68,4819.353000000001,0.3,0.6,0.5,0.0,0.0,0,0,0.0,0.0,0,0,0.0,1360.76,1,0,0.0,48193.530000000006,10,1,0.1,0
LGS2ORD0034994,C013433,2025-10-05 03:00:00,Female,33,Bronze,TV,Bangkok,786,TV_Show,Bank_Transfer,3,10,6,1,30-40,26.2,3.0,1.0,0.3333333333333333,21,29,6090.63,0.23,0.6666666666666666,0.3333333333333333,0.0,0.0,0,0,0.0,1096.68,1,1,1.0,15223.6,2,1,0.5,18271.89,3,1,0.3333333333333333,0
LGS2ORD0034995,C010819,2025-10-05 03:00:00,Female,30,Silver,Shopee,Bangkok,1270,TV_Show,COD,3,10,6,1,20-30,42.333333333333336,9.0,3.0,0.3333333333333333,162,72,3801.474444444444,0.25,0.4444444444444444,0.3333333333333333,0.0,0.0,0,0,0.0,0.0,0,0,0.0,5550.57,2,0,0.0,34213.27,9,3,0.3333333333333333,0
LGS2ORD0034996,C010288,2025-10-05 03:00:00,Female,35,Bronze,Shopee,Chiang Mai,1724,Shopee,Credit_Card,3,10,6,1,30-40,57.46666666666667,4.0,2.0,0.5,10,21,4110.860000000001,0.28,0.5,0.5,0.0,0.0,0,0,0.0,1200.9,1,1,1.0,1200.9,1,1,1.0,16443.440000000002,4,2,0.5,1
LGS2ORD0034997,C017414,2025-10-05 03:00:00,Male,35,Bronze,TV,Khon Kaen,1380,TV_Show,COD,3,10,6,1,30-40,46.0,10.0,5.0,0.5,4,4,3117.154,0.28,0.5,0.6,0.0,725.47,1,0,0.0,4125.7300000000005,2,1,0.5,4125.7300000000005,2,1,0.5,31171.54,10,5,0.5,1
LGS2ORD0034998,C014530,2025-10-05 04:00:00,Female,61,Bronze,TV,Remote_Area,1476,CallCenter,COD,4,10,6,1,>50,49.2,2.0,0.0,0.0,-1,159,7532.825,0.18,0.5,0.0,0.0,0.0,0,0,0.0,0.0,0,0,0.0,0.0,0,0,0.0,15065.65,2,0,0.0,0
LGS2ORD0034999,C013322,2025-10-05 04:00:00,Male,52,Bronze,TV,Chiang Mai,1174,Shopee,COD,4,10,6,1,>50,39.13333333333333,3.0,0.0,0.0,-1,11,3937.2899999999995,0.13,1.0,0.0,0.0,0.0,0,0,0.0,2860.59,1,0,0.0,2860.59,1,0,0.0,11811.869999999999,3,0,0.0,1
LGS2ORD0035000,C016121,2025-10-05 04:00:00,Male,43,Platinum,TV,Chonburi,1384,Lazada,PromptPay,4,10,6,1,40-50,46.13333333333333,3.0,1.0,0.3333333333333333,209,94,2553.94,0.35,1.0,0.3333333333333333,0.0,0.0,0,0,0.0,0.0,0,0,0.0,0.0,0,0,0.0,7661.82,3,1,0.3333333333333333,0
LGS2ORD0035001,C011622,2025-10-05 04:00:00,Male,48,Silver,Lazada,Khon Kaen,775,TV_Show,PromptPay,4,10,6,1,40-50,25.833333333333332,6.0,2.0,0.3333333333333333,124,6,3439.555,0.3,0.3333333333333333,0.3333333333333333,0.0,4390.13,1,0,0.0,4390.13,1,0,0.0,8601.89,2,0,0.0,20637.329999999998,6,2,0.3333333333333333,0
LGS2ORD0035002,C016280,2025-10-05 04:00:00,Female,46,Bronze,Shopee,Songkhla,426,Web,COD,4,10,6,1,40-50,14.2,3.0,1.0,0.3333333333333333,14,27,2061.2999999999997,0.18,0.3333333333333333,0.0,0.0,0.0,0,0,0.0,956.17,1,1,1.0,956.17,1,1,1.0,6183.9,3,1,0.3333333333333333,1
LGS2ORD0035003,C017482,2025-10-05 05:00:00,Female,29,Bronze,TV,Chiang Mai,1292,Shopee,COD,5,10,6,1,20-30,43.06666666666667,8.0,4.0,0.5,18,21,4159.925,0.28,0.25,0.375,0.0,0.0,0,0,0.0,8228.93,2,1,0.5,8228.93,2,1,0.5,33279.4,8,4,0.5,0
LGS2ORD0035004,C015441,2025-10-05 05:00:00,Male,42,Bronze,Shopee,Phuket,1547,Web,COD,5,10,6,1,40-50,51.56666666666667,5.0,2.0,0.4,-3,7,3405.5559999999996,0.18,0.6,0.0,0.0,0.0,0,0,0.0,710.34,1,1,1.0,710.34,1,1,1.0,17027.78,5,2,0.4,0
LGS2ORD0035005,C016682,2025-10-05 05:00:00,Female,53,Bronze,Lazada,Phuket,435,Shopee,PromptPay,5,10,6,1,>50,14.5,5.0,1.0,0.2,50,13,6711.992,0.18,0.2,0.0,0.0,0.0,0,0,0.0,1426.18,1,0,0.0,11091.62,2,1,0.5,33559.96,5,1,0.2,0
LGS2ORD0035006,C010343,2025-10-05 05:00:00,Female,44,Bronze,Lazada,Remote_Area,668,Shopee,COD,5,10,6,1,40-50,22.266666666666666,4.0,3.0,0.75,79,49,4770.1825,0.28,1.0,0.25,0.0,0.0,0,0,0.0,0.0,0,0,0.0,2171.96,1,0,0.0,19080.73,4,3,0.75,0
LGS2ORD0035007,C016550,2025-10-05 05:00:00,Male,32,Bronze,Shopee,Bangkok,1622,Shopee,COD,5,10,6,1,30-40,54.06666666666667,6.0,2.0,0.3333333333333333,7,20,1298.365,0.28,0.8333333333333334,0.5,0.0,0.0,0,0,0.0,514.36,1,1,1.0,2064.81,2,2,1.0,7790.19,6,2,0.3333333333333333,1
LGS2ORD0035008,C014138,2025-10-05 06:00:00,Other,30,Silver,Web,Chonburi,1236,CallCenter,PromptPay,6,10,6,1,20-30,41.2,3.0,1.0,0.3333333333333333,18,18,1468.6033333333332,0.05,0.3333333333333333,0.0,0.0,0.0,0,0,0.0,2237.69,2,1,0.5,2237.69,2,1,0.5,4405.8099999999995,3,1,0.3333333333333333,0
LGS2ORD0035009,C012009,2025-10-05 06:00:00,Female,50,Bronze,Shopee,Bangkok,1061,TV_Show,Bank_Transfer,6,10,6,1,40-50,35.36666666666667,3.0,2.0,0.6666666666666666,69,73,5745.783333333334,0.28,1.0,0.3333333333333333,0.0,0.0,0,0,0.0,0.0,0,0,0.0,1504.7,1,1,1.0,17237.350000000002,3,2,0.6666666666666666,0
LGS2ORD0035010,C010616,2025-10-05 06:00:00,Female,43,Platinum,Shopee,Remote_Area,744,Shopee,PromptPay,6,10,6,1,40-50,24.8,1.0,0.0,0.0,-1,226,5169.72,0.1,0.0,0.0,0.0,0.0,0,0,0.0,0.0,0,0,0.0,0.0,0,0,0.0,5169.72,1,0,0.0,1
LGS2ORD0035011,C015804,2025-10-05 06:00:00,Female,32,Gold,Lazada,Khon Kaen,1025,Shopee,Credit_Card,6,10,6,1,30-40,34.166666666666664,8.0,1.0,0.125,201,76,6342.443749999999,0.33,0.25,0.5,0.0,0.0,0,0,0.0,0.0,0,0,0.0,10902.279999999999,2,0,0.0,50739.549999999996,8,1,0.125,0
LGS2ORD0035012,C013419,2025-10-05 06:00:00,Female,41,Bronze,TV,Bangkok,1350,Web,COD,6,10,6,1,40-50,45.0,4.0,0.0,0.0,-1,93,2556.085,0.28,0.25,0.25,0.0,0.0,0,0,0.0,0.0,0,0,0.0,0.0,0,0,0.0,10224.34,4,0,0.0,0
LGS2ORD0035013,C016588,2025-10-05 07:00:00,Female,43,Silver,Web,Khon Kaen,911,TV_Show,COD,7,10,6,1,40-50,30.366666666666667,5.0,1.0,0.2,161,72,7842.090000000001,0.3,0.6,0.6,0.0,0.0,0,0,0.0,0.0,0,0,0.0,3882.55,1,0,0.0,39210.450000000004,5,1,0.2,1
LGS2ORD0035014,C013874,2025-10-05 07:00:00,Female,47,Gold,Shopee,Khon Kaen,1044,CallCenter,COD,7,10,6,1,40-50,34.8,1.0,1.0,1.0,37,43,8167.96,0.33,0.0,1.0,0.0,0.0,0,0,0.0,0.0,0,0,0.0,8167.96,1,1,1.0,8167.96,1,1,1.0,0
LGS2ORD0035015,C010823,2025-10-05 07:00:00,Female,34,Silver,Web,Chonburi,701,TV_Show,Credit_Card,7,10,6,1,30-40,23.366666666666667,2.0,1.0,0.5,185,28,2800.52,0.25,1.0,0.5,0.0,0.0,0,0,0.0,4420.96,1,0,0.0,4420.96,1,0,0.0,5601.04,2,1,0.5,0
LGS2ORD0035016,C015258,2025-10-05 07:00:00,Male,40,Silver,Web,Khon Kaen,1653,CallCenter,Credit_Card,7,10,6,1,30-40,55.1,6.0,0.0,0.0,-1,2,4430.986666666667,0.3,0.6666666666666666,0.3333333333333333,0.0,1423.14,1,0,0.0,1423.14,1,0,0.0,7264.660000000001,2,0,0.0,26585.920000000002,6,0,0.0,0
LGS2ORD0035017,C011633,2025-10-05 07:00:00,Male,36,Silver,TV,Phuket,453,Shopee,COD,7,10,6,1,30-40,15.1,12.0,4.0,0.3333333333333333,30,9,7865.423333333333,0.3,0.75,0.4166666666666667,0.08333333333333333,0.0,0,0,0.0,2963.63,2,0,0.0,25785.540000000005,6,1,0.16666666666666666,94385.08,12,4,0.3333333333333333,1
LGS2ORD0035018,C015460,2025-10-05 07:00:00,Female,40,Gold,Lazada,Bangkok,681,Shopee,Credit_Card,7,10,6,1,30-40,22.7,8.0,1.0,0.125,29,11,2907.42625,0.28,0.375,0.5,0.0,0.0,0,0,0.0,3631.07,2,0,0.0,7315.02,4,1,0.25,23259.41,8,1,0.125,0
LGS2ORD0035019,C016945,2025-10-05 08:00:00,Female,35,Bronze,TV,Bangkok,1101,Web,COD,8,10,6,1,30-40,36.7,3.0,0.0,0.0,-1,12,5286.196666666666,0.28,1.0,0.3333333333333333,0.0,0.0,0,0,0.0,1417.97,1,0,0.0,5059.29,2,0,0.0,15858.589999999998,3,0,0.0,0
LGS2ORD0035020,C014798,2025-10-05 08:00:00,Female,36,Silver,Lazada,Phuket,1418,Lazada,PromptPay,8,10,6,1,30-40,47.266666666666666,6.0,1.0,0.16666666666666666,259,93,6080.945,0.3,0.3333333333333333,0.3333333333333333,0.0,0.0,0,0,0.0,0.0,0,0,0.0,0.0,0,0,0.0,36485.67,6,1,0.16666666666666666,0
LGS2ORD0035021,C013623,2025-10-05 08:00:00,Female,47,Bronze,TV,Chonburi,1710,Shopee,PromptPay,8,10,6,1,40-50,57.0,9.0,4.0,0.4444444444444444,38,53,9557.051111111112,0.28,0.6666666666666666,0.5555555555555556,0.0,0.0,0,0,0.0,0.0,0,0,0.0,18266.79,4,2,0.5,86013.46,9,4,0.4444444444444444,0
LGS2ORD0035022,C011452,2025-10-05 08:00:00,Male,49,Platinum,Shopee,Nakhon Ratchasima,705,Lazada,COD,8,10,6,1,40-50,23.5,6.0,0.0,0.0,-1,103,3502.7550000000006,0.3,0.3333333333333333,0.5,0.0,0.0,0,0,0.0,0.0,0,0,0.0,0.0,0,0,0.0,21016.530000000002,6,0,0.0,0
LGS2ORD0035023,C010322,2025-10-05 08:00:00,Female,25,Bronze,Web,Chiang Mai,922,Web,COD,8,10,6,1,20-30,30.733333333333334,4.0,1.0,0.25,149,42,3661.6775000000002,0.13,0.25,0.0,0.0,0.0,0,0,0.0,0.0,0,0,0.0,3115.09,1,0,0.0,14646.710000000001,4,1,0.25,0
LGS2ORD0035024,C012909,2025-10-05 09:00:00,Male,41,Bronze,Shopee,Nakhon Ratchasima,1535,Shopee,COD,9,10,6,1,40-50,51.166666666666664,4.0,0.0,0.0,-1,19,3921.0625000000005,0.28,0.5,0.75,0.0,0.0,0,0,0.0,2141.19,1,0,0.0,2141.19,1,0,0.0,15684.250000000002,4,0,0.0,1
LGS2ORD0035025,C011282,2025-10-05 09:00:00,Male,52,Bronze,Web,Chiang Mai,1162,Web,COD,9,10,6,1,>50,38.733333333333334,6.0,1.0,0.16666666666666666,187,19,2841.5433333333335,0.28,0.6666666666666666,0.5,0.0,0.0,0,0,0.0,2196.31,1,0,0.0,3938.69,2,0,0.0,17049.260000000002,6,1,0.16666666666666666,0
LGS2ORD0035026,C016161,2025-10-05 09:00:00,Female,37,Silver,Web,Songkhla,873,Shopee,COD,9,10,6,1,30-40,29.1,6.0,2.0,0.3333333333333333,185,103,1630.8,0.3,0.5,0.3333333333333333,0.0,0.0,0,0,0.0,0.0,0,0,0.0,0.0,0,0,0.0,9784.8,6,2,0.3333333333333333,0
LGS2ORD0035027,C012915,2025-10-05 09:00:00,Female,40,Platinum,CallCenter,Bangkok,378,Shopee,Credit_Card,9,10,6,1,30-40,12.6,3.0,0.0,0.0,-1,2,1334.51,0.3,0.3333333333333333,0.6666666666666666,0.0,1802.36,1,0,0.0,1802.36,1,0,0.0,3246.74,2,0,0.0,4003.5299999999997,3,0,0.0,0
LGS2ORD0035028,C013846,2025-10-05 09:00:00,Male,52,Gold,TV,Nakhon Ratchasima,1554,Shopee,PromptPay,9,10,6,1,>50,51.8,4.0,1.0,0.25,234,189,8239.574999999999,0.33,0.5,0.5,0.0,0.0,0,0,0.0,0.0,0,0,0.0,0.0,0,0,0.0,32958.299999999996,4,1,0.25,0
LGS2ORD0035029,C015198,2025-10-05 10:00:00,Female,33,Bronze,Web,Chiang Mai,1176,Web,Bank_Transfer,10,10,6,1,30-40,39.2,4.0,1.0,0.25,216,32,2073.1575000000003,0.23,1.0,0.25,0.0,0.0,0,0,0.0,0.0,0,0,0.0,2236.05,2,0,0.0,8292.630000000001,4,1,0.25,0
LGS2ORD0035030,C011506,2025-10-05 10:00:00,Male,35,Bronze,Web,Khon Kaen,723,TV_Show,COD,10,10,6,1,30-40,24.1,3.0,0.0,0.0,-1,198,4796.376666666666,0.23,0.6666666666666666,0.6666666666666666,0.0,0.0,0,0,0.0,0.0,0,0,0.0,0.0,0,0,0.0,14389.13,3,0,0.0,1
LGS2ORD0035031,C017946,2025-10-05 10:00:00,Male,40,Bronze,Web,Chonburi,704,Web,Credit_Card,10,10,6,1,30-40,23.466666666666665,1.0,0.0,0.0,-1,141,8158.12,0.23,0.0,1.0,0.0,0.0,0,0,0.0,0.0,0,0,0.0,0.0,0,0,0.0,8158.12,1,0,0.0,0
LGS2ORD0035032,C016892,2025-10-05 10:00:00,Male,62,Bronze,TV,Songkhla,1569,Shopee,Bank_Transfer,10,10,6,1,>50,52.3,4.0,1.0,0.25,173,31,2961.27,0.23,0.5,0.5,0.0,0.0,0,0,0.0,0.0,0,0,0.0,1655.32,1,0,0.0,11845.08,4,1,0.25,1
LGS2ORD0035033,C012155,2025-10-05 10:00:00,Male,60,Bronze,TV,Khon Kaen,913,Web,COD,10,10,6,1,>50,30.433333333333334,7.0,0.0,0.0,-1,51,5141.610000000001,0.28,0.7142857142857143,0.14285714285714285,0.0,0.0,0,0,0.0,0.0,0,0,0.0,12898.47,3,0,0.0,35991.270000000004,7,0,0.0,1
LGS2ORD0035034,C012811,2025-10-05 11:00:00,Male,39,Gold,Web,Bangkok,1482,CallCenter,PromptPay,11,10,6,1,30-40,49.4,1.0,1.0,1.0,46,58,1903.96,0.13,0.0,0.0,0.0,0.0,0,0,0.0,0.0,0,0,0.0,1903.96,1,1,1.0,1903.96,1,1,1.0,0
LGS2ORD0035035,C016245,2025-10-05 11:00:00,Male,45,Platinum,TV,Khon Kaen,338,Web,COD,11,10,6,1,40-50,11.266666666666667,4.0,2.0,0.5,1,12,6087.1425,0.35,0.25,0.75,0.0,0.0,0,0,0.0,12532.79,1,1,1.0,17842.190000000002,2,1,0.5,24348.57,4,2,0.5,1
LGS2ORD0035036,C012068,2025-10-05 11:00:00,Male,45,Bronze,CallCenter,Bangkok,971,TV_Show,COD,11,10,6,1,40-50,32.36666666666667,6.0,2.0,0.3333333333333333,7,2,3857.351666666666,0.23,0.3333333333333333,0.3333333333333333,0.0,1781.48,1,0,0.0,9065.26,3,2,0.6666666666666666,12664.47,4,2,0.5,23144.109999999997,6,2,0.3333333333333333,0
LGS2ORD0035037,C016972,2025-10-05 11:00:00,Male,57,Bronze,TV,Bangkok,1720,CallCenter,COD,11,10,6,1,>50,57.333333333333336,3.0,2.0,0.6666666666666666,106,119,3784.3266666666664,0.23,0.6666666666666666,0.3333333333333333,0.0,0.0,0,0,0.0,0.0,0,0,0.0,0.0,0,0,0.0,11352.98,3,2,0.6666666666666666,0
LGS2ORD0035038,C011109,2025-10-05 11:00:00,Male,39,Bronze,Shopee,Songkhla,674,Shopee,COD,11,10,6,1,30-40,22.466666666666665,2.0,0.0,0.0,-1,241,6455.389999999999,0.18,0.5,0.0,0.0,0.0,0,0,0.0,0.0,0,0,0.0,0.0,0,0,0.0,12910.779999999999,2,0,0.0,0
LGS2ORD0035039,C012413,2025-10-05 11:00:00,Female,55,Bronze,TV,Chiang Mai,759,Web,Credit_Card,11,10,6,1,>50,25.3,3.0,1.0,0.3333333333333333,255,6,3289.0266666666666,0.18,0.6666666666666666,0.0,0.0,1425.03,1,0,0.0,1425.03,1,0,0.0,8352.78,2,0,0.0,9867.08,3,1,0.3333333333333333,0
LGS2ORD0035040,C014502,2025-10-05 12:00:00,Male,40,Gold,Shopee,Chiang Mai,1718,TV_Show,COD,12,10,6,1,30-40,57.266666666666666,2.0,0.0,0.0,-1,133,4877.0,0.33,0.5,0.5,0.0,0.0,0,0,0.0,0.0,0,0,0.0,0.0,0,0,0.0,9754.0,2,0,0.0,0
LGS2ORD0035041,C014341,2025-10-05 12:00:00,Female,38,Silver,TV,Bangkok,463,Shopee,COD,12,10,6,1,30-40,15.433333333333334,5.0,0.0,0.0,-1,26,4314.478,0.25,0.6,0.2,0.0,0.0,0,0,0.0,9650.44,1,0,0.0,9650.44,1,0,0.0,21572.39,5,0,0.0,0
LGS2ORD0035042,C017287,2025-10-05 12:00:00,Female,51,Bronze,Shopee,Chiang Mai,799,TV_Show,PromptPay,12,10,6,1,>50,26.633333333333333,1.0,0.0,0.0,-1,40,728.93,0.13,0.0,0.0,0.0,0.0,0,0,0.0,0.0,0,0,0.0,728.93,1,0,0.0,728.93,1,0,0.0,0
LGS2ORD0035043,C017363,2025-10-05 12:00:00,Female,40,Silver,CallCenter,Khon Kaen,480,Lazada,Credit_Card,12,10,6,1,30-40,16.0,4.0,1.0,0.25,238,94,8867.3925,0.1,0.5,0.0,0.0,0.0,0,0,0.0,0.0,0,0,0.0,0.0,0,0,0.0,35469.57,4,1,0.25,0
LGS2ORD0035044,C012649,2025-10-05 12:00:00,Male,44,Bronze,Lazada,Bangkok,1497,TV_Show,PromptPay,12,10,6,1,40-50,49.9,11.0,2.0,0.18181818181818182,99,25,7335.755454545456,0.28,0.7272727272727273,0.5454545454545454,0.0,0.0,0,0,0.0,6912.24,2,0,0.0,26676.64,3,0,0.0,80693.31000000001,11,2,0.18181818181818182,0
LGS2ORD0035045,C012649,2025-10-05 13:00:00,Male,44,Bronze,Lazada,Bangkok,1497,Shopee,COD,13,10,6,1,40-50,49.9,12.0,2.0,0.16666666666666666,99,0,6889.921666666668,0.28,0.6666666666666666,0.5833333333333334,0.0,1985.75,1,0,0.0,8897.99,3,0,0.0,28662.39,4,0,0.0,82679.06000000001,12,2,0.16666666666666666,1
LGS2ORD0035046,C016899,2025-10-05 13:00:00,Male,46,Bronze,Shopee,Remote_Area,514,Web,Credit_Card,13,10,6,1,40-50,17.133333333333333,2.0,1.0,0.5,59,71,3369.935,0.28,0.5,0.5,0.0,0.0,0,0,0.0,0.0,0,0,0.0,2833.66,1,1,1.0,6739.87,2,1,0.5,0
LGS2ORD0035047,C016507,2025-10-05 13:00:00,Female,41,Bronze,TV,Chonburi,623,Web,COD,13,10,6,1,40-50,20.766666666666666,9.0,6.0,0.6666666666666666,58,71,2093.2977777777783,0.28,0.6666666666666666,0.3333333333333333,0.0,0.0,0,0,0.0,0.0,0,0,0.0,1561.51,2,2,1.0,18839.680000000004,9,6,0.6666666666666666,0
LGS2ORD0035048,C010400,2025-10-05 13:00:00,Male,34,Silver,TV,Bangkok,362,Shopee,COD,13,10,6,1,30-40,12.066666666666666,0.0,0.0,0.0,-1,-1,0.0,0.0,0.0,0.0,0.0,0.0,0,0,0.0,0.0,0,0,0.0,0.0,0,0,0.0,0.0,0,0,0.0,0
LGS2ORD0035049,C016188,2025-10-05 13:00:00,Male,46,Gold,Shopee,Chonburi,712,CallCenter,PromptPay,13,10,6,1,40-50,23.733333333333334,3.0,1.0,0.3333333333333333,236,148,2051.08,0.28,0.0,0.3333333333333333,0.0,0.0,0,0,0.0,0.0,0,0,0.0,0.0,0,0,0.0,6153.24,3,1,0.3333333333333333,0
LGS2ORD0035050,C014055,2025-10-05 14:00:00,Female,29,Bronze,Web,Bangkok,1263,TV_Show,COD,14,10,6,1,20-30,42.1,4.0,0.0,0.0,-1,27,3732.745,0.18,0.25,0.0,0.0,0.0,0,0,0.0,2031.81,1,0,0.0,2031.81,1,0,0.0,14930.98,4,0,0.0,0
LGS2ORD0035051,C016972,2025-10-05 14:00:00,Male,57,Bronze,TV,Bangkok,1720,Shopee,Credit_Card,14,10,6,1,>50,57.333333333333336,4.0,2.0,0.5,106,0,3793.54,0.23,0.75,0.5,0.0,3821.18,1,0,0.0,3821.18,1,0,0.0,3821.18,1,0,0.0,15174.16,4,2,0.5,0
LGS2ORD0035052,C012127,2025-10-05 14:00:00,Male,53,Gold,Web,Bangkok,1455,TV_Show,COD,14,10,6,1,>50,48.5,3.0,0.0,0.0,-1,17,3484.096666666667,0.2299999999999999,0.0,0.3333333333333333,0.0,0.0,0,0,0.0,7602.26,1,0,0.0,7602.26,1,0,0.0,10452.29,3,0,0.0,0
LGS2ORD0035053,C013606,2025-10-05 14:00:00,Other,27,Bronze,CallCenter,Chonburi,302,Shopee,COD,14,10,6,1,20-30,10.066666666666666,2.0,0.0,0.0,-1,88,4962.565,0.23,0.0,1.0,0.0,0.0,0,0,0.0,0.0,0,0,0.0,6963.86,1,0,0.0,9925.13,2,0,0.0,0
LGS2ORD0035054,C012419,2025-10-05 14:00:00,Male,45,Gold,Lazada,Remote_Area,1525,CallCenter,PromptPay,14,10,6,1,40-50,50.833333333333336,5.0,1.0,0.2,79,18,4046.8599999999997,0.28,0.4,0.2,0.0,0.0,0,0,0.0,2430.07,1,0,0.0,8264.48,2,1,0.5,20234.3,5,1,0.2,0
LGS2ORD0035055,C016524,2025-10-05 14:00:00,Female,64,Platinum,CallCenter,Bangkok,1627,Web,COD,14,10,6,1,>50,54.233333333333334,6.0,2.0,0.3333333333333333,242,141,6885.731666666667,0.3,0.6666666666666666,0.3333333333333333,0.0,0.0,0,0,0.0,0.0,0,0,0.0,0.0,0,0,0.0,41314.39,6,2,0.3333333333333333,0
LGS2ORD0035056,C014395,2025-10-05 15:00:00,Male,33,Bronze,Shopee,Chonburi,333,Lazada,PromptPay,15,10,6,1,30-40,11.1,2.0,0.0,0.0,-1,50,9658.4,0.08,1.0,0.0,0.0,0.0,0,0,0.0,0.0,0,0,0.0,4051.61,1,0,0.0,19316.8,2,0,0.0,0
LGS2ORD0035057,C012446,2025-10-05 15:00:00,Female,46,Platinum,TV,Chiang Mai,798,TV_Show,COD,15,10,6,1,40-50,26.6,1.0,0.0,0.0,-1,104,15465.77,0.15,1.0,0.0,0.0,0.0,0,0,0.0,0.0,0,0,0.0,0.0,0,0,0.0,15465.77,1,0,0.0,0
LGS2ORD0035058,C010402,2025-10-05 15:00:00,Female,40,Silver,TV,Bangkok,505,Shopee,COD,15,10,6,1,30-40,16.833333333333332,5.0,0.0,0.0,-1,26,5064.5599999999995,0.2,0.6,0.0,0.0,0.0,0,0,0.0,1166.61,1,0,0.0,16964.9,4,0,0.0,25322.8,5,0,0.0,1
LGS2ORD0035059,C013272,2025-10-05 15:00:00,Male,52,Silver,TV,Khon Kaen,1225,TV_Show,COD,15,10,6,1,>50,40.833333333333336,3.0,1.0,0.3333333333333333,206,5,9986.89,0.3,0.3333333333333333,0.3333333333333333,0.0,5714.19,1,0,0.0,5714.19,1,0,0.0,22927.489999999998,2,0,0.0,29960.67,3,1,0.3333333333333333,0
LGS2ORD0035060,C015806,2025-10-05 15:00:00,Female,45,Bronze,Shopee,Songkhla,562,Web,Bank_Transfer,15,10,6,1,40-50,18.733333333333334,5.0,1.0,0.2,66,82,9257.886,0.28,0.2,0.2,0.0,0.0,0,0,0.0,0.0,0,0,0.0,8590.88,1,1,1.0,46289.43,5,1,0.2,0
LGS2ORD0035061,C013805,2025-10-05 16:00:00,Male,56,Gold,Lazada,Chonburi,1127,Shopee,COD,16,10,6,1,>50,37.56666666666667,7.0,0.0,0.0,-1,86,2951.914285714286,0.33,0.2857142857142857,0.42857142857142855,0.0,0.0,0,0,0.0,0.0,0,0,0.0,2203.77,1,0,0.0,20663.4,7,0,0.0,0
LGS2ORD0035062,C017805,2025-10-05 16:00:00,Female,31,Bronze,TV,Songkhla,847,Lazada,COD,16,10,6,1,30-40,28.233333333333334,3.0,0.0,0.0,-1,69,1850.9366666666665,0.28,0.0,0.6666666666666666,0.0,0.0,0,0,0.0,0.0,0,0,0.0,2463.33,2,0,0.0,5552.8099999999995,3,0,0.0,0
LGS2ORD0035063,C017109,2025-10-05 16:00:00,Female,60,Bronze,TV,Khon Kaen,1713,Lazada,COD,16,10,6,1,>50,57.1,4.0,1.0,0.25,37,23,2614.4425,0.23,0.5,0.25,0.0,0.0,0,0,0.0,2996.03,1,0,0.0,5077.16,2,1,0.5,10457.77,4,1,0.25,1
LGS2ORD0035064,C011133,2025-10-05 16:00:00,Male,37,Bronze,CallCenter,Remote_Area,1209,Web,Credit_Card,16,10,6,1,30-40,40.3,7.0,2.0,0.2857142857142857,24,34,5220.711428571429,0.18,0.5714285714285714,0.0,0.0,0.0,0,0,0.0,0.0,0,0,0.0,16552.71,2,1,0.5,36544.98,7,2,0.2857142857142857,1
LGS2ORD0035065,C017433,2025-10-05 16:00:00,Female,44,Gold,TV,Chonburi,722,Shopee,Bank_Transfer,16,10,6,1,40-50,24.066666666666666,7.0,2.0,0.2857142857142857,35,42,3186.1228571428574,0.33,0.5714285714285714,0.42857142857142855,0.0,0.0,0,0,0.0,0.0,0,0,0.0,2469.86,1,1,1.0,22302.86,7,2,0.2857142857142857,0
LGS2ORD0035066,C015616,2025-10-05 17:00:00,Female,41,Bronze,Shopee,Phuket,309,TV_Show,COD,17,10,6,1,40-50,10.3,2.0,0.0,0.0,-1,106,4811.395,0.08,0.5,0.0,0.0,0.0,0,0,0.0,0.0,0,0,0.0,0.0,0,0,0.0,9622.79,2,0,0.0,1
LGS2ORD0035067,C011278,2025-10-05 17:00:00,Female,48,Bronze,Lazada,Chiang Mai,746,CallCenter,COD,17,10,6,1,40-50,24.866666666666667,5.0,1.0,0.2,134,135,4082.5919999999996,0.23,0.2,0.2,0.0,0.0,0,0,0.0,0.0,0,0,0.0,0.0,0,0,0.0,20412.96,5,1,0.2,0
LGS2ORD0035068,C016174,2025-10-05 17:00:00,Female,66,Bronze,TV,Remote_Area,1087,Lazada,Bank_Transfer,17,10,6,1,>50,36.233333333333334,3.0,1.0,0.3333333333333333,263,0,4547.153333333334,0.23,0.6666666666666666,0.6666666666666666,0.0,9567.36,1,0,0.0,11572.91,2,0,0.0,11572.91,2,0,0.0,13641.460000000001,3,1,0.3333333333333333,0
LGS2ORD0035069,C012864,2025-10-05 17:00:00,Female,56,Bronze,Web,Bangkok,1530,Lazada,COD,17,10,6,1,>50,51.0,3.0,0.0,0.0,-1,20,3278.5733333333337,0.23,0.6666666666666666,0.3333333333333333,0.0,0.0,0,0,0.0,6564.8,1,0,0.0,8537.34,2,0,0.0,9835.720000000001,3,0,0.0,0
LGS2ORD0035070,C011522,2025-10-05 17:00:00,Male,53,Silver,TV,Khon Kaen,395,TV_Show,PromptPay,17,10,6,1,>50,13.166666666666666,7.0,2.0,0.2857142857142857,37,6,9283.960000000001,0.2,0.2857142857142857,0.0,0.0,24453.33,1,0,0.0,24453.33,1,0,0.0,47582.94,3,1,0.3333333333333333,64987.72000000001,7,2,0.2857142857142857,0
LGS2ORD0035071,C013644,2025-10-05 18:00:00,Female,48,Bronze,TV,Chiang Mai,1657,Shopee,Bank_Transfer,18,10,6,1,40-50,55.233333333333334,2.0,1.0,0.5,247,144,3334.7699999999995,0.18,1.0,0.0,0.0,0.0,0,0,0.0,0.0,0,0,0.0,0.0,0,0,0.0,6669.539999999999,2,1,0.5,0
LGS2ORD0035072,C017173,2025-10-05 18:00:00,Female,52,Gold,Web,Chonburi,329,TV_Show,COD,18,10,6,1,>50,10.966666666666667,0.0,0.0,0.0,-1,-1,0.0,0.0,0.0,0.0,0.0,0.0,0,0,0.0,0.0,0,0,0.0,0.0,0,0,0.0,0.0,0,0,0.0,0
LGS2ORD0035073,C011354,2025-10-05 18:00:00,Female,39,Bronze,Shopee,Remote_Area,1121,Shopee,COD,18,10,6,1,30-40,37.36666666666667,4.0,0.0,0.0,-1,72,7219.055,0.13,0.75,0.0,0.0,0.0,0,0,0.0,0.0,0,0,0.0,7801.27,1,0,0.0,28876.22,4,0,0.0,1
LGS2ORD0035074,C011339,2025-10-05 18:00:00,Male,41,Bronze,Lazada,Remote_Area,840,Web,Credit_Card,18,10,6,1,40-50,28.0,2.0,0.0,0.0,-1,169,22674.370000000003,0.28,0.5,0.5,0.0,0.0,0,0,0.0,0.0,0,0,0.0,0.0,0,0,0.0,45348.740000000005,2,0,0.0,0
LGS2ORD0035075,C013619,2025-10-05 18:00:00,Female,41,Silver,Shopee,Khon Kaen,1581,TV_Show,PromptPay,18,10,6,1,40-50,52.7,4.0,1.0,0.25,221,35,6424.905,0.25,0.25,0.25,0.0,0.0,0,0,0.0,0.0,0,0,0.0,2218.28,1,0,0.0,25699.62,4,1,0.25,0
LGS2ORD0035076,C013071,2025-10-05 18:00:00,Male,23,Bronze,Lazada,Khon Kaen,1259,CallCenter,COD,18,10,6,1,20-30,41.96666666666667,5.0,3.0,0.6,19,26,7148.7119999999995,0.28,0.4,0.2,0.0,0.0,0,0,0.0,18687.63,1,1,1.0,18687.63,1,1,1.0,35743.56,5,3,0.6,0
LGS2ORD0035077,C017343,2025-10-05 19:00:00,Female,30,Bronze,CallCenter,Bangkok,533,TV_Show,COD,19,10,6,1,20-30,17.766666666666666,2.0,1.0,0.5,224,149,2955.7999999999997,0.28,0.5,0.5,0.0,0.0,0,0,0.0,0.0,0,0,0.0,0.0,0,0,0.0,5911.599999999999,2,1,0.5,1
LGS2ORD0035078,C010653,2025-10-05 19:00:00,Male,45,Gold,Web,Bangkok,631,TV_Show,COD,19,10,6,1,40-50,21.033333333333335,3.0,0.0,0.0,-1,63,3514.09,0.33,0.3333333333333333,0.6666666666666666,0.0,0.0,0,0,0.0,0.0,0,0,0.0,8074.5,2,0,0.0,10542.27,3,0,0.0,0
LGS2ORD0035079,C015031,2025-10-05 19:00:00,Female,39,Bronze,Shopee,Chonburi,1161,Lazada,COD,19,10,6,1,30-40,38.7,4.0,1.0,0.25,255,166,12907.997500000001,0.28,0.5,0.5,0.0,0.0,0,0,0.0,0.0,0,0,0.0,0.0,0,0,0.0,51631.990000000005,4,1,0.25,0
LGS2ORD0035080,C016794,2025-10-05 19:00:00,Female,33,Bronze,Web,Chonburi,1530,Shopee,COD,19,10,6,1,30-40,51.0,4.0,1.0,0.25,9,23,9636.805,0.18,0.25,0.0,0.0,0.0,0,0,0.0,15027.68,1,1,1.0,33598.22,2,1,0.5,38547.22,4,1,0.25,0
LGS2ORD0035081,C015613,2025-10-05 19:00:00,Male,43,Silver,TV,Chonburi,1325,TV_Show,COD,19,10,6,1,40-50,44.166666666666664,3.0,0.0,0.0,-1,89,5185.58,0.3,0.3333333333333333,0.3333333333333333,0.0,0.0,0,0,0.0,0.0,0,0,0.0,3398.84,1,0,0.0,15556.74,3,0,0.0,1
LGS2ORD0035082,C011694,2025-10-05 20:00:00,Male,36,Silver,TV,Bangkok,375,TV_Show,COD,20,10,6,1,30-40,12.5,7.0,1.0,0.14285714285714285,137,1,6033.942857142857,0.3,0.5714285714285714,0.2857142857142857,0.0,955.7,1,0,0.0,12433.87,2,0,0.0,12433.87,2,0,0.0,42237.6,7,1,0.14285714285714285,0
LGS2ORD0035083,C016591,2025-10-05 20:00:00,Male,34,Bronze,Shopee,Remote_Area,1007,Lazada,Credit_Card,20,10,6,1,30-40,33.56666666666667,6.0,2.0,0.3333333333333333,148,107,5856.916666666667,0.18,0.5,0.0,0.0,0.0,0,0,0.0,0.0,0,0,0.0,0.0,0,0,0.0,35141.5,6,2,0.3333333333333333,1
LGS2ORD0035084,C012975,2025-10-05 20:00:00,Female,48,Silver,Shopee,Nakhon Ratchasima,1378,TV_Show,COD,20,10,6,1,40-50,45.93333333333333,1.0,0.0,0.0,-1,27,2252.06,0.1,0.0,0.0,0.0,0.0,0,0,0.0,2252.06,1,0,0.0,2252.06,1,0,0.0,2252.06,1,0,0.0,0
LGS2ORD0035085,C010020,2025-10-05 20:00:00,Male,34,Bronze,TV,Chiang Mai,1663,Web,COD,20,10,6,1,30-40,55.43333333333333,4.0,0.0,0.0,-1,16,6509.24,0.28,0.5,0.75,0.0,0.0,0,0,0.0,1350.07,1,0,0.0,10109.67,2,0,0.0,26036.96,4,0,0.0,1
LGS2ORD0035086,C016846,2025-10-05 20:00:00,Male,29,Bronze,TV,Remote_Area,1166,Shopee,COD,20,10,6,1,20-30,38.86666666666667,4.0,0.0,0.0,-1,28,3063.98,0.13,0.25,0.0,0.0,0.0,0,0,0.0,2751.93,1,0,0.0,4593.43,2,0,0.0,12255.92,4,0,0.0,0
LGS2ORD0035087,C015531,2025-10-05 21:00:00,Female,32,Bronze,TV,Bangkok,1606,Shopee,COD,21,10,6,1,30-40,53.53333333333333,1.0,1.0,1.0,102,117,4111.73,0.18,1.0,0.0,0.0,0.0,0,0,0.0,0.0,0,0,0.0,0.0,0,0,0.0,4111.73,1,1,1.0,0
LGS2ORD0035088,C013816,2025-10-05 21:00:00,Female,44,Bronze,TV,Bangkok,1297,CallCenter,COD,21,10,6,1,40-50,43.233333333333334,5.0,2.0,0.4,145,108,5302.196000000001,0.23,1.0,0.4,0.0,0.0,0,0,0.0,0.0,0,0,0.0,0.0,0,0,0.0,26510.980000000003,5,2,0.4,1
LGS2ORD0035089,C016745,2025-10-05 21:00:00,Female,31,Gold,Shopee,Khon Kaen,648,CallCenter,COD,21,10,6,1,30-40,21.6,5.0,0.0,0.0,-1,42,3521.8360000000002,0.28,0.6,0.2,0.0,0.0,0,0,0.0,0.0,0,0,0.0,6041.92,1,0,0.0,17609.18,5,0,0.0,0
LGS2ORD0035090,C016087,2025-10-05 21:00:00,Female,44,Bronze,Lazada,Songkhla,877,Lazada,Bank_Transfer,21,10,6,1,40-50,29.233333333333334,6.0,0.0,0.0,-1,79,2642.775,0.28,0.3333333333333333,0.3333333333333333,0.0,0.0,0,0,0.0,0.0,0,0,0.0,784.33,1,0,0.0,15856.65,6,0,0.0,0
LGS2ORD0035091,C016150,2025-10-05 21:00:00,Other,72,Silver,Shopee,Bangkok,1455,Shopee,COD,21,10,6,1,>50,48.5,7.0,1.0,0.14285714285714285,77,5,10853.990000000002,0.2,0.2857142857142857,0.0,0.0,4060.28,1,0,0.0,4060.28,1,0,0.0,47025.97,2,1,0.5,75977.93000000001,7,1,0.14285714285714285,1
LGS2ORD0035092,C011966,2025-10-05 22:00:00,Female,18,Gold,CallCenter,Chonburi,765,CallCenter,COD,22,10,6,1,<20,25.5,2.0,1.0,0.5,73,83,2752.065,0.28,0.5,0.5,0.0,0.0,0,0,0.0,0.0,0,0,0.0,2180.25,1,1,1.0,5504.13,2,1,0.5,0
LGS2ORD0035093,C011815,2025-10-05 22:00:00,Female,28,Bronze,Lazada,Chonburi,1506,Web,COD,22,10,6,1,20-30,50.2,5.0,2.0,0.4,150,64,7639.586,0.28,0.6,0.4,0.0,0.0,0,0,0.0,0.0,0,0,0.0,33871.93,2,0,0.0,38197.93,5,2,0.4,0
LGS2ORD0035094,C017767,2025-10-05 22:00:00,Male,60,Bronze,Lazada,Phuket,599,Web,COD,22,10,6,1,>50,19.966666666666665,5.0,2.0,0.4,48,6,6386.124,0.18,0.4,0.0,0.0,8938.96,1,0,0.0,8938.96,1,0,0.0,22830.809999999998,2,1,0.5,31930.62,5,2,0.4,1
LGS2ORD0035095,C016249,2025-10-05 22:00:00,Female,41,Gold,Web,Khon Kaen,1041,CallCenter,Credit_Card,22,10,6,1,40-50,34.7,3.0,0.0,0.0,-1,12,6680.106666666667,0.13,0.3333333333333333,0.0,0.0,0.0,0,0,0.0,16408.87,1,0,0.0,18361.699999999997,2,0,0.0,20040.32,3,0,0.0,0
LGS2ORD0035096,C016683,2025-10-05 22:00:00,Female,31,Silver,Lazada,Chonburi,449,Lazada,PromptPay,22,10,6,1,30-40,14.966666666666667,7.0,2.0,0.2857142857142857,137,1,5678.517142857142,0.25,0.42857142857142855,0.14285714285714285,0.0,2758.15,1,0,0.0,2758.15,1,0,0.0,6064.48,3,0,0.0,39749.619999999995,7,2,0.2857142857142857,0
LGS2ORD0035097,C016780,2025-10-05 22:00:00,Female,37,Platinum,Lazada,Khon Kaen,1524,Shopee,COD,22,10,6,1,30-40,50.8,1.0,0.0,0.0,-1,79,2024.27,0.35,1.0,1.0,0.0,0.0,0,0,0.0,0.0,0,0,0.0,2024.27,1,0,0.0,2024.27,1,0,0.0,0
LGS2ORD0035098,C017668,2025-10-05 23:00:00,Male,55,Bronze,Shopee,Remote_Area,609,TV_Show,COD,23,10,6,1,>50,20.3,4.0,0.0,0.0,-1,64,1470.095,0.28,0.5,0.25,0.0,0.0,0,0,0.0,0.0,0,0,0.0,1861.06,1,0,0.0,5880.38,4,0,0.0,0
LGS2ORD0035099,C013461,2025-10-05 23:00:00,Female,47,Bronze,CallCenter,Bangkok,327,Web,Bank_Transfer,23,10,6,1,40-50,10.9,9.0,1.0,0.1111111111111111,25,16,3974.8566666666675,0.28,0.4444444444444444,0.3333333333333333,0.0,0.0,0,0,0.0,13353.92,2,0,0.0,16328.67,3,1,0.3333333333333333,35773.71000000001,9,1,0.1111111111111111,0
LGS2ORD0035100,C014396,2025-10-05 23:00:00,Male,37,Bronze,Shopee,Chiang Mai,1650,Web,COD,23,10,6,1,30-40,55.0,7.0,1.0,0.14285714285714285,135,39,4536.121428571429,0.28,0.42857142857142855,0.2857142857142857,0.0,0.0,0,0,0.0,0.0,0,0,0.0,13149.36,3,0,0.0,31752.85,7,1,0.14285714285714285,0
LGS2ORD0035101,C013089,2025-10-05 23:00:00,Male,25,Bronze,Web,Songkhla,324,CallCenter,COD,23,10,6,1,20-30,10.8,6.0,2.0,0.3333333333333333,32,24,5407.831666666666,0.23,0.3333333333333333,0.16666666666666666,0.0,0.0,0,0,0.0,3820.24,1,0,0.0,9517.47,2,1,0.5,32446.989999999998,6,2,0.3333333333333333,1
LGS2ORD0035102,C013279,2025-10-05 23:00:00,Male,67,Gold,TV,Songkhla,1321,Shopee,Credit_Card,23,10,6,1,>50,44.03333333333333,3.0,2.0,0.6666666666666666,117,123,4467.393333333333,0.28,0.3333333333333333,0.6666666666666666,0.0,0.0,0,0,0.0,0.0,0,0,0.0,0.0,0,0,0.0,13402.18,3,2,0.6666666666666666,1
LGS2ORD0035103,C015468,2025-10-06 00:00:00,Female,45,Gold,Web,Songkhla,620,TV_Show,Credit_Card,0,10,0,0,40-50,20.666666666666668,2.0,0.0,0.0,-1,166,2810.625,0.18,0.0,0.0,0.0,0.0,0,0,0.0,0.0,0,0,0.0,0.0,0,0,0.0,5621.25,2,0,0.0,0
LGS2ORD0035104,C010888,2025-10-06 00:00:00,Other,36,Bronze,TV,Bangkok,1321,TV_Show,Credit_Card,0,10,0,0,30-40,44.03333333333333,6.0,4.0,0.6666666666666666,64,66,3985.0333333333333,0.18,0.6666666666666666,0.0,0.0,0.0,0,0,0.0,0.0,0,0,0.0,1831.57,2,2,1.0,23910.2,6,4,0.6666666666666666,0
LGS2ORD0035105,C017500,2025-10-06 00:00:00,Female,62,Bronze,TV,Bangkok,840,TV_Show,Credit_Card,0,10,0,0,>50,28.0,2.0,0.0,0.0,-1,227,4524.240000000001,0.13,1.0,0.0,0.0,0.0,0,0,0.0,0.0,0,0,0.0,0.0,0,0,0.0,9048.480000000001,2,0,0.0,0
LGS2ORD0035106,C011640,2025-10-06 00:00:00,Male,44,Gold,Web,Remote_Area,1596,Web,Bank_Transfer,0,10,0,0,40-50,53.2,2.0,1.0,0.5,163,2,4072.3050000000003,0.33,1.0,0.5,0.0,1205.26,1,0,0.0,1205.26,1,0,0.0,1205.26,1,0,0.0,8144.610000000001,2,1,0.5,0
LGS2ORD0035107,C011780,2025-10-06 00:00:00,Male,38,Silver,TV,Phuket,1660,Web,Credit_Card,0,10,0,0,30-40,55.333333333333336,7.0,3.0,0.42857142857142855,110,51,6470.035714285713,0.25,0.42857142857142855,0.2857142857142857,0.0,0.0,0,0,0.0,0.0,0,0,0.0,1582.96,1,0,0.0,45290.24999999999,7,3,0.42857142857142855,1
LGS2ORD0035108,C013667,2025-10-06 01:00:00,Male,28,Gold,TV,Bangkok,1439,Lazada,Credit_Card,1,10,0,0,20-30,47.96666666666667,3.0,1.0,0.3333333333333333,142,87,4135.653333333333,0.18,0.3333333333333333,0.0,0.0,0.0,0,0,0.0,0.0,0,0,0.0,3693.48,1,0,0.0,12406.96,3,1,0.3333333333333333,0
LGS2ORD0035109,C011875,2025-10-06 01:00:00,Male,43,Bronze,Lazada,Remote_Area,1418,Shopee,Bank_Transfer,1,10,0,0,40-50,47.266666666666666,5.0,3.0,0.6,157,19,5279.334000000001,0.28,0.4,0.2,0.0,0.0,0,0,0.0,951.06,1,0,0.0,13118.31,2,0,0.0,26396.670000000002,5,3,0.6,0
LGS2ORD0035110,C014052,2025-10-06 01:00:00,Male,38,Bronze,Web,Nakhon Ratchasima,952,Lazada,Credit_Card,1,10,0,0,30-40,31.733333333333334,5.0,3.0,0.6,63,75,5712.152,0.28,0.8,0.2,0.0,0.0,0,0,0.0,0.0,0,0,0.0,574.68,1,1,1.0,28560.760000000002,5,3,0.6,0
LGS2ORD0035111,C015472,2025-10-06 01:00:00,Female,63,Bronze,Web,Nakhon Ratchasima,324,TV_Show,COD,1,10,0,0,>50,10.8,6.0,1.0,0.16666666666666666,117,30,14112.573333333334,0.18,0.3333333333333333,0.0,0.0,0.0,0,0,0.0,0.0,0,0,0.0,12099.960000000001,2,0,0.0,84675.44,6,1,0.16666666666666666,0
LGS2ORD0035112,C014689,2025-10-06 01:00:00,Male,37,Silver,Shopee,Chiang Mai,533,Lazada,COD,1,10,0,0,30-40,17.766666666666666,5.0,0.0,0.0,-1,94,2742.35,0.25,0.6,0.4,0.0,0.0,0,0,0.0,0.0,0,0,0.0,0.0,0,0,0.0,13711.75,5,0,0.0,1
LGS2ORD0035113,C010459,2025-10-06 02:00:00,Female,42,Silver,TV,Remote_Area,1419,Shopee,COD,2,10,0,0,40-50,47.3,6.0,1.0,0.16666666666666666,130,127,2855.2533333333336,0.25,0.6666666666666666,0.16666666666666666,0.0,0.0,0,0,0.0,0.0,0,0,0.0,0.0,0,0,0.0,17131.52,6,1,0.16666666666666666,1
LGS2ORD0035114,C013823,2025-10-06 02:00:00,Female,43,Bronze,TV,Chiang Mai,568,CallCenter,COD,2,10,0,0,40-50,18.933333333333334,7.0,4.0,0.5714285714285714,16,29,3721.741428571429,0.23,0.42857142857142855,0.2857142857142857,0.0,0.0,0,0,0.0,7975.92,1,1,1.0,7975.92,1,1,1.0,26052.190000000002,7,4,0.5714285714285714,0
LGS2ORD0035115,C013548,2025-10-06 02:00:00,Female,50,Silver,Shopee,Bangkok,782,TV_Show,Credit_Card,2,10,0,0,40-50,26.066666666666666,5.0,3.0,0.6,42,51,4948.456,0.2,0.4,0.0,0.0,0.0,0,0,0.0,0.0,0,0,0.0,4710.41,3,1,0.3333333333333333,24742.28,5,3,0.6,0
LGS2ORD0035116,C014935,2025-10-06 02:00:00,Male,33,Silver,Shopee,Chonburi,1026,Shopee,COD,2,10,0,0,30-40,34.2,6.0,2.0,0.3333333333333333,133,1,2772.0750000000003,0.25,0.3333333333333333,0.16666666666666666,0.0,1203.49,1,0,0.0,1203.49,1,0,0.0,15911.06,4,0,0.0,16632.45,6,2,0.3333333333333333,0
LGS2ORD0035117,C012367,2025-10-06 02:00:00,Male,42,Bronze,TV,Remote_Area,810,Lazada,COD,2,10,0,0,40-50,27.0,4.0,2.0,0.5,45,56,3837.9349999999995,0.23,0.5,0.5,0.0,0.0,0,0,0.0,0.0,0,0,0.0,14896.989999999998,3,1,0.3333333333333333,15351.739999999998,4,2,0.5,1
LGS2ORD0035118,C011440,2025-10-06 02:00:00,Female,41,Bronze,Web,Khon Kaen,1019,TV_Show,COD,2,10,0,0,40-50,33.96666666666667,5.0,0.0,0.0,-1,23,7281.910000000001,0.23,0.2,0.2,0.0,0.0,0,0,0.0,9983.97,1,0,0.0,9983.97,1,0,0.0,36409.55,5,0,0.0,0
LGS2ORD0035119,C014476,2025-10-06 03:00:00,Other,25,Silver,TV,Bangkok,919,Web,COD,3,10,0,0,20-30,30.633333333333333,5.0,3.0,0.6,4,10,5922.6,0.25,0.4,0.2,0.0,0.0,0,0,0.0,18636.69,1,1,1.0,21634.26,2,2,1.0,29613.0,5,3,0.6,1
LGS2ORD0035120,C011935,2025-10-06 03:00:00,Female,45,Bronze,TV,Remote_Area,1389,TV_Show,PromptPay,3,10,0,0,40-50,46.3,4.0,2.0,0.5,42,6,10866.4525,0.18,0.25,0.0,0.0,1890.75,1,0,0.0,1890.75,1,0,0.0,6300.2,2,1,0.5,43465.81,4,2,0.5,1
LGS2ORD0035121,C017771,2025-10-06 03:00:00,Female,46,Bronze,CallCenter,Remote_Area,546,Lazada,COD,3,10,0,0,40-50,18.2,10.0,1.0,0.1,29,1,5099.543,0.23,0.4,0.1,0.0,6880.7,2,0,0.0,6880.7,2,0,0.0,13940.579999999998,5,1,0.2,50995.43,10,1,0.1,0
LGS2ORD0035122,C016828,2025-10-06 03:00:00,Female,37,Platinum,Web,Bangkok,1618,Web,Credit_Card,3,10,0,0,30-40,53.93333333333333,2.0,0.0,0.0,-1,155,3589.955,0.15,0.0,0.0,0.0,0.0,0,0,0.0,0.0,0,0,0.0,0.0,0,0,0.0,7179.91,2,0,0.0,0
LGS2ORD0035123,C016288,2025-10-06 03:00:00,Female,45,Bronze,Web,Khon Kaen,1348,CallCenter,Bank_Transfer,3,10,0,0,40-50,44.93333333333333,3.0,1.0,0.3333333333333333,35,51,3854.716666666667,0.23,0.6666666666666666,0.3333333333333333,0.0,0.0,0,0,0.0,0.0,0,0,0.0,11051.880000000001,2,1,0.5,11564.150000000001,3,1,0.3333333333333333,1
LGS2ORD0035124,C017119,2025-10-06 04:00:00,Female,46,Silver,Shopee,Chonburi,918,Shopee,Credit_Card,4,10,0,0,40-50,30.6,6.0,1.0,0.16666666666666666,151,5,10463.460000000001,0.25,0.8333333333333334,0.16666666666666666,0.0,1039.32,1,0,0.0,1039.32,1,0,0.0,1039.32,1,0,0.0,62780.76,6,1,0.16666666666666666,1
LGS2ORD0035125,C011220,2025-10-06 04:00:00,Male,71,Bronze,CallCenter,Bangkok,899,Web,COD,4,10,0,0,>50,29.966666666666665,7.0,2.0,0.2857142857142857,13,17,3924.2057142857147,0.28,0.42857142857142855,0.42857142857142855,0.0,0.0,0,0,0.0,15498.240000000002,3,1,0.3333333333333333,16460.43,4,1,0.25,27469.440000000002,7,2,0.2857142857142857,0
LGS2ORD0035126,C011448,2025-10-06 04:00:00,Male,65,Silver,Lazada,Bangkok,1135,TV_Show,PromptPay,4,10,0,0,>50,37.833333333333336,3.0,0.0,0.0,-1,24,8480.446666666667,0.25,1.0,0.3333333333333333,0.0,0.0,0,0,0.0,701.37,1,0,0.0,22420.91,2,0,0.0,25441.34,3,0,0.0,0
LGS2ORD0035127,C010171,2025-10-06 04:00:00,Male,25,Platinum,Web,Khon Kaen,1018,TV_Show,Credit_Card,4,10,0,0,20-30,33.93333333333333,7.0,2.0,0.2857142857142857,24,39,4382.192857142857,0.35,0.5714285714285714,0.2857142857142857,0.0,0.0,0,0,0.0,0.0,0,0,0.0,24841.71,3,1,0.3333333333333333,30675.35,7,2,0.2857142857142857,1
LGS2ORD0035128,C014719,2025-10-06 04:00:00,Female,56,Bronze,Shopee,Chonburi,1028,TV_Show,Credit_Card,4,10,0,0,>50,34.266666666666666,9.0,2.0,0.2222222222222222,78,35,3155.731111111111,0.23,0.3333333333333333,0.1111111111111111,0.0,0.0,0,0,0.0,0.0,0,0,0.0,2860.06,2,0,0.0,28401.58,9,2,0.2222222222222222,0
LGS2ORD0035129,C014497,2025-10-06 05:00:00,Male,44,Bronze,Web,Chiang Mai,1495,Shopee,COD,5,10,0,0,40-50,49.833333333333336,11.0,1.0,0.09090909090909091,191,16,5094.737272727273,0.28,0.6363636363636364,0.5454545454545454,0.0,0.0,0,0,0.0,1286.04,1,0,0.0,22020.27,5,0,0.0,56042.11,11,1,0.09090909090909091,0
LGS2ORD0035130,C010166,2025-10-06 05:00:00,Female,33,Gold,Shopee,Phuket,996,CallCenter,Credit_Card,5,10,0,0,30-40,33.2,3.0,1.0,0.3333333333333333,162,168,11339.050000000001,0.2299999999999999,0.6666666666666666,0.3333333333333333,0.0,0.0,0,0,0.0,0.0,0,0,0.0,0.0,0,0,0.0,34017.15,3,1,0.3333333333333333,0
LGS2ORD0035131,C012219,2025-10-06 05:00:00,Female,42,Silver,TV,Bangkok,1148,Shopee,COD,5,10,0,0,40-50,38.266666666666666,5.0,1.0,0.2,154,16,7016.1759999999995,0.3,0.8,0.4,0.0,0.0,0,0,0.0,10579.18,3,0,0.0,10579.18,3,0,0.0,35080.88,5,1,0.2,1
LGS2ORD0035132,C010119,2025-10-06 05:00:00,Female,55,Gold,Web,Bangkok,684,CallCenter,COD,5,10,0,0,>50,22.8,3.0,2.0,0.6666666666666666,58,64,3450.5533333333333,0.28,1.0,0.6666666666666666,0.0,0.0,0,0,0.0,0.0,0,0,0.0,6483.84,1,1,1.0,10351.66,3,2,0.6666666666666666,0
LGS2ORD0035133,C016040,2025-10-06 05:00:00,Female,67,Silver,Web,Bangkok,462,Shopee,Bank_Transfer,5,10,0,0,>50,15.4,7.0,3.0,0.42857142857142855,89,23,10051.777142857143,0.25,0.42857142857142855,0.14285714285714285,0.0,0.0,0,0,0.0,7618.18,1,0,0.0,11102.08,2,0,0.0,70362.44,7,3,0.42857142857142855,0
LGS2ORD0035134,C016362,2025-10-06 06:00:00,Female,21,Platinum,TV,Bangkok,729,CallCenter,COD,6,10,0,0,20-30,24.3,6.0,0.0,0.0,-1,18,3341.8816666666667,0.35,0.3333333333333333,0.8333333333333334,0.0,0.0,0,0,0.0,7136.24,1,0,0.0,17779.32,3,0,0.0,20051.29,6,0,0.0,1
LGS2ORD0035135,C017216,2025-10-06 06:00:00,Other,45,Bronze,Lazada,Songkhla,913,Shopee,COD,6,10,0,0,40-50,30.433333333333334,7.0,2.0,0.2857142857142857,143,42,3735.092857142857,0.23,0.2857142857142857,0.2857142857142857,0.0,0.0,0,0,0.0,0.0,0,0,0.0,4842.82,2,0,0.0,26145.65,7,2,0.2857142857142857,0
LGS2ORD0035136,C014891,2025-10-06 06:00:00,Male,43,Bronze,TV,Bangkok,1270,CallCenter,PromptPay,6,10,0,0,40-50,42.333333333333336,4.0,1.0,0.25,163,169,3155.8025000000002,0.23,0.0,0.25,0.0,0.0,0,0,0.0,0.0,0,0,0.0,0.0,0,0,0.0,12623.210000000001,4,1,0.25,0
LGS2ORD0035137,C012697,2025-10-06 06:00:00,Male,45,Bronze,CallCenter,Bangkok,335,TV_Show,COD,6,10,0,0,40-50,11.166666666666666,4.0,2.0,0.5,14,22,4816.3125,0.28,0.75,0.5,0.0,0.0,0,0,0.0,4935.98,1,1,1.0,4935.98,1,1,1.0,19265.25,4,2,0.5,0
LGS2ORD0035138,C010537,2025-10-06 06:00:00,Female,64,Gold,TV,Songkhla,1573,Shopee,Credit_Card,6,10,0,0,>50,52.43333333333333,7.0,1.0,0.14285714285714285,251,37,6171.0028571428575,0.28,0.7142857142857143,0.2857142857142857,0.0,0.0,0,0,0.0,0.0,0,0,0.0,26881.25,4,0,0.0,43197.020000000004,7,1,0.14285714285714285,0
LGS2ORD0035139,C013657,2025-10-06 06:00:00,Female,46,Silver,Lazada,Remote_Area,1184,Shopee,PromptPay,6,10,0,0,40-50,39.46666666666667,4.0,3.0,0.75,5,18,5118.804999999999,0.2,0.75,0.0,0.0,0.0,0,0,0.0,1389.46,1,1,1.0,19171.55,3,3,1.0,20475.219999999998,4,3,0.75,0
LGS2ORD0035140,C015757,2025-10-06 07:00:00,Female,68,Silver,Web,Bangkok,856,Web,Credit_Card,7,10,0,0,>50,28.533333333333335,7.0,1.0,0.14285714285714285,115,59,2279.1285714285714,0.15,0.2857142857142857,0.0,0.0,0.0,0,0,0.0,0.0,0,0,0.0,5015.35,2,0,0.0,15953.9,7,1,0.14285714285714285,0
LGS2ORD0035141,C015563,2025-10-06 07:00:00,Female,36,Bronze,Shopee,Chonburi,787,Shopee,COD,7,10,0,0,30-40,26.233333333333334,1.0,0.0,0.0,-1,63,12551.88,0.13,1.0,0.0,0.0,0.0,0,0,0.0,0.0,0,0,0.0,12551.88,1,0,0.0,12551.88,1,0,0.0,0
LGS2ORD0035142,C012554,2025-10-06 07:00:00,Female,54,Bronze,Shopee,Chonburi,1632,Web,COD,7,10,0,0,>50,54.4,6.0,3.0,0.5,15,26,3557.4483333333337,0.23,0.6666666666666666,0.3333333333333333,0.0,0.0,0,0,0.0,3226.76,1,1,1.0,12228.54,2,1,0.5,21344.690000000002,6,3,0.5,1
LGS2ORD0035143,C014945,2025-10-06 07:00:00,Female,64,Silver,Web,Nakhon Ratchasima,1543,Shopee,Bank_Transfer,7,10,0,0,>50,51.43333333333333,2.0,0.0,0.0,-1,44,18578.245,0.2,0.0,0.0,0.0,0.0,0,0,0.0,0.0,0,0,0.0,36142.65,1,0,0.0,37156.49,2,0,0.0,0
LGS2ORD0035144,C011227,2025-10-06 07:00:00,Male,44,Bronze,Web,Bangkok,839,Shopee,Bank_Transfer,7,10,0,0,40-50,27.966666666666665,3.0,1.0,0.3333333333333333,26,40,8432.32,0.28,0.6666666666666666,0.3333333333333333,0.0,0.0,0,0,0.0,0.0,0,0,0.0,25296.96,3,1,0.3333333333333333,25296.96,3,1,0.3333333333333333,0
LGS2ORD0035145,C011684,2025-10-06 08:00:00,Male,31,Bronze,Web,Khon Kaen,857,Web,COD,8,10,0,0,30-40,28.566666666666666,4.0,0.0,0.0,-1,27,6814.5824999999995,0.28,0.5,0.5,0.0,0.0,0,0,0.0,2794.48,1,0,0.0,17586.2,2,0,0.0,27258.329999999998,4,0,0.0,0
LGS2ORD0035146,C012901,2025-10-06 08:00:00,Male,44,Silver,Web,Remote_Area,1244,Web,COD,8,10,0,0,40-50,41.46666666666667,3.0,2.0,0.6666666666666666,-9,2,2012.4333333333334,0.2,0.6666666666666666,0.0,0.0,962.7,1,1,1.0,962.7,1,1,1.0,962.7,1,1,1.0,6037.3,3,2,0.6666666666666666,1
LGS2ORD0035147,C014810,2025-10-06 08:00:00,Male,51,Bronze,TV,Phuket,609,Web,COD,8,10,0,0,>50,20.3,5.0,2.0,0.4,73,28,4871.192,0.28,0.2,0.2,0.0,0.0,0,0,0.0,915.18,1,0,0.0,17613.84,3,1,0.3333333333333333,24355.96,5,2,0.4,0
LGS2ORD0035148,C013725,2025-10-06 08:00:00,Other,31,Silver,TV,Phuket,1380,Web,COD,8,10,0,0,30-40,46.0,3.0,1.0,0.3333333333333333,66,74,13196.463333333333,0.2,0.6666666666666666,0.0,0.0,0.0,0,0,0.0,0.0,0,0,0.0,27672.75,1,1,1.0,39589.39,3,1,0.3333333333333333,0
LGS2ORD0035149,C013035,2025-10-06 08:00:00,Female,46,Gold,CallCenter,Chiang Mai,338,Lazada,Credit_Card,8,10,0,0,40-50,11.266666666666667,3.0,0.0,0.0,-1,41,1193.55,0.33,0.3333333333333333,0.6666666666666666,0.0,0.0,0,0,0.0,0.0,0,0,0.0,1264.6,1,0,0.0,3580.65,3,0,0.0,0
LGS2ORD0035150,C012094,2025-10-06 09:00:00,Male,45,Bronze,Web,Chiang Mai,841,Lazada,COD,9,10,0,0,40-50,28.033333333333335,3.0,1.0,0.3333333333333333,204,6,12995.753333333334,0.23,0.3333333333333333,0.3333333333333333,0.0,6803.7,1,0,0.0,6803.7,1,0,0.0,6803.7,1,0,0.0,38987.26,3,1,0.3333333333333333,0
LGS2ORD0035151,C015716,2025-10-06 09:00:00,Male,27,Bronze,Lazada,Chiang Mai,887,Shopee,Credit_Card,9,10,0,0,20-30,29.566666666666666,7.0,1.0,0.14285714285714285,231,22,1869.7285714285715,0.23,0.7142857142857143,0.14285714285714285,0.0,0.0,0,0,0.0,3802.65,2,0,0.0,3802.65,2,0,0.0,13088.1,7,1,0.14285714285714285,0
LGS2ORD0035152,C012646,2025-10-06 09:00:00,Female,61,Silver,Lazada,Phuket,966,Shopee,COD,9,10,0,0,>50,32.2,3.0,1.0,0.3333333333333333,189,92,3439.3133333333335,0.25,0.6666666666666666,0.3333333333333333,0.0,0.0,0,0,0.0,0.0,0,0,0.0,0.0,0,0,0.0,10317.94,3,1,0.3333333333333333,1
LGS2ORD0035153,C011439,2025-10-06 09:00:00,Female,45,Silver,TV,Bangkok,1475,CallCenter,COD,9,10,0,0,40-50,49.166666666666664,4.0,2.0,0.5,214,3,3624.235,0.3,0.5,0.25,0.0,6571.27,1,0,0.0,6571.27,1,0,0.0,6571.27,1,0,0.0,14496.94,4,2,0.5,0
LGS2ORD0035154,C013144,2025-10-06 09:00:00,Female,57,Silver,Lazada,Phuket,458,Shopee,Credit_Card,9,10,0,0,>50,15.266666666666667,10.0,3.0,0.3,94,96,7732.985000000001,0.25,0.8,0.1,0.0,0.0,0,0,0.0,0.0,0,0,0.0,0.0,0,0,0.0,77329.85,10,3,0.3,0
LGS2ORD0035155,C014293,2025-10-06 10:00:00,Male,72,Bronze,TV,Remote_Area,1572,Web,COD,10,10,0,0,>50,52.4,3.0,0.0,0.0,-1,91,6435.123333333333,0.18,0.3333333333333333,0.0,0.0,0.0,0,0,0.0,0.0,0,0,0.0,0.0,0,0,0.0,19305.37,3,0,0.0,0
LGS2ORD0035156,C012239,2025-10-06 10:00:00,Male,47,Silver,Shopee,Remote_Area,1739,CallCenter,COD,10,10,0,0,40-50,57.96666666666667,10.0,4.0,0.4,9,18,4834.108,0.3,0.6,0.3,0.0,0.0,0,0,0.0,17218.35,2,1,0.5,19324.93,3,1,0.3333333333333333,48341.08,10,4,0.4,0
LGS2ORD0035157,C017725,2025-10-06 10:00:00,Female,59,Bronze,Web,Khon Kaen,1217,Web,Credit_Card,10,10,0,0,>50,40.56666666666667,9.0,2.0,0.2222222222222222,28,33,8757.80111111111,0.23,0.5555555555555556,0.1111111111111111,0.0,0.0,0,0,0.0,0.0,0,0,0.0,22401.22,4,1,0.25,78820.20999999999,9,2,0.2222222222222222,0
LGS2ORD0035158,C016886,2025-10-06 10:00:00,Male,27,Silver,Web,Nakhon Ratchasima,1734,Web,PromptPay,10,10,0,0,20-30,57.8,1.0,0.0,0.0,-1,229,8657.04,0.05,1.0,0.0,0.0,0.0,0,0,0.0,0.0,0,0,0.0,0.0,0,0,0.0,8657.04,1,0,0.0,0
LGS2ORD0035159,C017849,2025-10-06 10:00:00,Female,40,Bronze,Lazada,Chonburi,1575,TV_Show,Bank_Transfer,10,10,0,0,30-40,52.5,5.0,1.0,0.2,7,12,8089.82,0.23,0.4,0.2,0.0,0.0,0,0,0.0,13578.06,1,1,1.0,13578.06,1,1,1.0,40449.1,5,1,0.2,0
LGS2ORD0035160,C017707,2025-10-06 10:00:00,Female,42,Gold,Shopee,Khon Kaen,1448,Shopee,COD,10,10,0,0,40-50,48.266666666666666,3.0,0.0,0.0,-1,59,7974.026666666668,0.33,0.3333333333333333,0.6666666666666666,0.0,0.0,0,0,0.0,0.0,0,0,0.0,2034.33,1,0,0.0,23922.08,3,0,0.0,0
LGS2ORD0035161,C011197,2025-10-06 11:00:00,Male,32,Gold,Shopee,Remote_Area,1385,Shopee,Credit_Card,11,10,0,0,30-40,46.166666666666664,4.0,2.0,0.5,111,40,3919.5225,0.18,1.0,0.0,0.0,0.0,0,0,0.0,0.0,0,0,0.0,6402.78,1,0,0.0,15678.09,4,2,0.5,0
LGS2ORD0035162,C016933,2025-10-06 11:00:00,Female,36,Silver,Web,Songkhla,1495,CallCenter,Credit_Card,11,10,0,0,30-40,49.833333333333336,4.0,0.0,0.0,-1,89,8837.0475,0.1,0.25,0.0,0.0,0.0,0,0,0.0,0.0,0,0,0.0,3727.93,1,0,0.0,35348.19,4,0,0.0,1
LGS2ORD0035163,C014413,2025-10-06 11:00:00,Male,21,Gold,CallCenter,Khon Kaen,557,TV_Show,Credit_Card,11,10,0,0,20-30,18.566666666666666,5.0,2.0,0.4,68,48,11419.394,0.28,1.0,0.2,0.0,0.0,0,0,0.0,0.0,0,0,0.0,45790.0,2,1,0.5,57096.97,5,2,0.4,1
LGS2ORD0035164,C010181,2025-10-06 11:00:00,Male,51,Bronze,Shopee,Phuket,1282,Lazada,Credit_Card,11,10,0,0,>50,42.733333333333334,6.0,1.0,0.16666666666666666,106,33,4566.393333333333,0.28,0.6666666666666666,0.3333333333333333,0.0,0.0,0,0,0.0,0.0,0,0,0.0,997.3,1,0,0.0,27398.36,6,1,0.16666666666666666,0
LGS2ORD0035165,C015106,2025-10-06 11:00:00,Female,32,Bronze,Shopee,Bangkok,1061,Web,COD,11,10,0,0,30-40,35.36666666666667,7.0,2.0,0.2857142857142857,125,7,4140.624285714285,0.28,0.5714285714285714,0.5714285714285714,0.0,0.0,0,0,0.0,3702.3,1,0,0.0,3702.3,1,0,0.0,28984.369999999995,7,2,0.2857142857142857,1
LGS2ORD0035166,C010359,2025-10-06 12:00:00,Male,54,Bronze,TV,Nakhon Ratchasima,982,Web,COD,12,10,0,0,>50,32.733333333333334,7.0,2.0,0.2857142857142857,162,1,6173.302857142858,0.23,0.7142857142857143,0.2857142857142857,0.0,6559.93,1,0,0.0,6559.93,1,0,0.0,6559.93,1,0,0.0,43213.12,7,2,0.2857142857142857,0
LGS2ORD0035167,C011448,2025-10-06 12:00:00,Male,65,Silver,Lazada,Bangkok,1135,Shopee,COD,12,10,0,0,>50,37.833333333333336,4.0,0.0,0.0,-1,0,6718.26,0.25,0.75,0.5,0.0,1431.7,1,0,0.0,2133.07,2,0,0.0,23852.61,3,0,0.0,26873.04,4,0,0.0,0
LGS2ORD0035168,C011385,2025-10-06 12:00:00,Female,57,Bronze,TV,Bangkok,316,Lazada,COD,12,10,0,0,>50,10.533333333333333,11.0,1.0,0.09090909090909091,130,54,4070.394545454545,0.23,0.6363636363636364,0.18181818181818182,0.0,0.0,0,0,0.0,0.0,0,0,0.0,4523.53,2,0,0.0,44774.34,11,1,0.09090909090909091,0
LGS2ORD0035169,C016099,2025-10-06 12:00:00,Male,44,Bronze,Shopee,Phuket,1054,Web,PromptPay,12,10,0,0,40-50,35.13333333333333,1.0,0.0,0.0,-1,201,6363.27,0.18,1.0,0.0,0.0,0.0,0,0,0.0,0.0,0,0,0.0,0.0,0,0,0.0,6363.27,1,0,0.0,1
LGS2ORD0035170,C014058,2025-10-06 12:00:00,Female,57,Platinum,Web,Bangkok,617,Lazada,Bank_Transfer,12,10,0,0,>50,20.566666666666666,4.0,0.0,0.0,-1,14,4709.2725,0.25,0.25,0.75,0.0,0.0,0,0,0.0,4927.72,1,0,0.0,4927.72,1,0,0.0,18837.09,4,0,0.0,0
LGS2ORD0035171,C010176,2025-10-06 13:00:00,Female,50,Gold,Web,Chiang Mai,348,Shopee,PromptPay,13,10,0,0,40-50,11.6,2.0,0.0,0.0,-1,43,6810.705,0.2299999999999999,0.0,0.5,0.0,0.0,0,0,0.0,0.0,0,0,0.0,8619.83,1,0,0.0,13621.41,2,0,0.0,0
LGS2ORD0035172,C013634,2025-10-06 13:00:00,Female,50,Gold,Shopee,Nakhon Ratchasima,797,Shopee,COD,13,10,0,0,40-50,26.566666666666666,4.0,1.0,0.25,211,32,3145.3025,0.28,0.5,0.25,0.0,0.0,0,0,0.0,0.0,0,0,0.0,10923.46,3,0,0.0,12581.21,4,1,0.25,0
LGS2ORD0035173,C015660,2025-10-06 13:00:00,Male,33,Bronze,TV,Remote_Area,351,Shopee,PromptPay,13,10,0,0,30-40,11.7,4.0,1.0,0.25,135,144,5848.514999999999,0.23,0.75,0.25,0.0,0.0,0,0,0.0,0.0,0,0,0.0,0.0,0,0,0.0,23394.059999999998,4,1,0.25,0
LGS2ORD0035174,C010808,2025-10-06 13:00:00,Female,30,Silver,CallCenter,Chiang Mai,884,Shopee,COD,13,10,0,0,20-30,29.466666666666665,4.0,3.0,0.75,49,60,3883.98,0.3,0.75,0.25,0.0,0.0,0,0,0.0,0.0,0,0,0.0,4663.91,2,2,1.0,15535.92,4,3,0.75,1
LGS2ORD0035175,C014031,2025-10-06 13:00:00,Male,51,Silver,Web,Bangkok,491,Lazada,Credit_Card,13,10,0,0,>50,16.366666666666667,3.0,1.0,0.3333333333333333,262,78,5354.86,0.25,0.3333333333333333,0.3333333333333333,0.0,0.0,0,0,0.0,0.0,0,0,0.0,841.86,1,0,0.0,16064.58,3,1,0.3333333333333333,0
LGS2ORD0035176,C015644,2025-10-06 13:00:00,Male,43,Silver,Web,Bangkok,619,Web,COD,13,10,0,0,40-50,20.633333333333333,4.0,0.0,0.0,-1,121,3634.7725,0.25,0.0,0.5,0.0,0.0,0,0,0.0,0.0,0,0,0.0,0.0,0,0,0.0,14539.09,4,0,0.0,0
LGS2ORD0035177,C014588,2025-10-06 14:00:00,Female,29,Silver,Web,Chonburi,1587,Shopee,Credit_Card,14,10,0,0,20-30,52.9,8.0,1.0,0.125,242,61,10297.02625,0.3,0.5,0.375,0.125,0.0,0,0,0.0,0.0,0,0,0.0,939.11,1,0,0.0,82376.21,8,1,0.125,1
LGS2ORD0035178,C011000,2025-10-06 14:00:00,Female,31,Bronze,Shopee,Bangkok,498,Lazada,COD,14,10,0,0,30-40,16.6,13.0,4.0,0.3076923076923077,98,62,5523.7376923076945,0.28,0.6923076923076923,0.38461538461538464,0.0,0.0,0,0,0.0,0.0,0,0,0.0,6190.460000000001,2,0,0.0,71808.59000000003,13,4,0.3076923076923077,1
LGS2ORD0035179,C012289,2025-10-06 14:00:00,Male,45,Bronze,TV,Songkhla,1460,TV_Show,Bank_Transfer,14,10,0,0,40-50,48.666666666666664,9.0,6.0,0.6666666666666666,51,67,6563.795555555555,0.23,0.7777777777777778,0.4444444444444444,0.0,0.0,0,0,0.0,0.0,0,0,0.0,7203.39,3,2,0.6666666666666666,59074.159999999996,9,6,0.6666666666666666,0
LGS2ORD0035180,C017759,2025-10-06 14:00:00,Male,45,Bronze,CallCenter,Chonburi,859,Lazada,Credit_Card,14,10,0,0,40-50,28.633333333333333,4.0,1.0,0.25,66,81,7636.714999999999,0.23,1.0,0.25,0.0,0.0,0,0,0.0,0.0,0,0,0.0,1893.19,1,1,1.0,30546.859999999997,4,1,0.25,0
LGS2ORD0035181,C010181,2025-10-06 14:00:00,Male,51,Bronze,Shopee,Phuket,1282,TV_Show,Credit_Card,14,10,0,0,>50,42.733333333333334,7.0,1.0,0.14285714285714285,106,0,4755.4457142857145,0.28,0.5714285714285714,0.2857142857142857,0.0,5889.76,1,0,0.0,5889.76,1,0,0.0,6887.06,2,0,0.0,33288.12,7,1,0.14285714285714285,0
LGS2ORD0035182,C011622,2025-10-06 15:00:00,Male,48,Silver,Lazada,Khon Kaen,776,Shopee,COD,15,10,0,0,40-50,25.866666666666667,7.0,2.0,0.2857142857142857,126,1,3530.0042857142857,0.3,0.2857142857142857,0.2857142857142857,0.0,4072.7,1,0,0.0,8462.83,2,0,0.0,12674.59,3,0,0.0,24710.03,7,2,0.2857142857142857,0
LGS2ORD0035183,C017156,2025-10-06 15:00:00,Male,21,Bronze,TV,Nakhon Ratchasima,394,Web,COD,15,10,0,0,20-30,13.133333333333333,5.0,1.0,0.2,230,59,3422.822,0.18,0.4,0.0,0.0,0.0,0,0,0.0,0.0,0,0,0.0,6492.44,2,0,0.0,17114.11,5,1,0.2,0
LGS2ORD0035184,C013632,2025-10-06 15:00:00,Female,32,Bronze,Shopee,Bangkok,341,Web,COD,15,10,0,0,30-40,11.366666666666667,4.0,2.0,0.5,117,46,4150.3025,0.28,0.75,0.75,0.0,0.0,0,0,0.0,0.0,0,0,0.0,3737.24,2,0,0.0,16601.21,4,2,0.5,0
LGS2ORD0035185,C013811,2025-10-06 15:00:00,Male,54,Gold,Web,Nakhon Ratchasima,752,CallCenter,Bank_Transfer,15,10,0,0,>50,25.066666666666666,1.0,0.0,0.0,-1,227,4850.33,0.13,0.0,0.0,0.0,0.0,0,0,0.0,0.0,0,0,0.0,0.0,0,0,0.0,4850.33,1,0,0.0,0
LGS2ORD0035186,C016503,2025-10-06 15:00:00,Female,25,Bronze,Shopee,Remote_Area,1720,TV_Show,COD,15,10,0,0,20-30,57.333333333333336,9.0,4.0,0.4444444444444444,10,18,4253.478888888889,0.23,0.5555555555555556,0.1111111111111111,0.0,0.0,0,0,0.0,1835.78,1,1,1.0,14037.65,3,2,0.6666666666666666,38281.31,9,4,0.4444444444444444,0
LGS2ORD0035187,C012347,2025-10-06 16:00:00,Female,33,Bronze,TV,Nakhon Ratchasima,1072,Shopee,Credit_Card,16,10,0,0,30-40,35.733333333333334,3.0,1.0,0.3333333333333333,83,29,9659.743333333334,0.13,0.3333333333333333,0.0,0.0,0.0,0,0,0.0,12716.46,1,0,0.0,12716.46,1,0,0.0,28979.23,3,1,0.3333333333333333,0
LGS2ORD0035188,C016248,2025-10-06 16:00:00,Female,44,Silver,TV,Nakhon Ratchasima,978,Shopee,COD,16,10,0,0,40-50,32.6,10.0,1.0,0.1,137,58,4979.8279999999995,0.3,0.3,0.2,0.0,0.0,0,0,0.0,0.0,0,0,0.0,16168.279999999999,2,0,0.0,49798.28,10,1,0.1,0
LGS2ORD0035189,C017160,2025-10-06 16:00:00,Male,65,Silver,Lazada,Phuket,1274,TV_Show,Credit_Card,16,10,0,0,>50,42.46666666666667,1.0,0.0,0.0,-1,160,3865.89,0.15,0.0,0.0,0.0,0.0,0,0,0.0,0.0,0,0,0.0,0.0,0,0,0.0,3865.89,1,0,0.0,1
LGS2ORD0035190,C010541,2025-10-06 16:00:00,Male,49,Bronze,TV,Remote_Area,1461,Lazada,Bank_Transfer,16,10,0,0,40-50,48.7,7.0,3.0,0.42857142857142855,91,9,3775.7428571428577,0.23,0.8571428571428571,0.2857142857142857,0.0,0.0,0,0,0.0,2196.77,2,0,0.0,3730.61,3,0,0.0,26430.200000000004,7,3,0.42857142857142855,1
LGS2ORD0035191,C012766,2025-10-06 16:00:00,Male,33,Platinum,Shopee,Chiang Mai,293,TV_Show,Credit_Card,16,10,0,0,30-40,9.766666666666667,6.0,1.0,0.16666666666666666,127,41,6317.511666666666,0.25,0.8333333333333334,0.16666666666666666,0.0,0.0,0,0,0.0,0.0,0,0,0.0,4363.09,2,0,0.0,37905.07,6,1,0.16666666666666666,0
LGS2ORD0035192,C017074,2025-10-06 17:00:00,Male,68,Gold,Shopee,Bangkok,1569,Shopee,COD,17,10,0,0,>50,52.3,2.0,0.0,0.0,-1,48,8294.235,0.33,0.5,0.5,0.0,0.0,0,0,0.0,0.0,0,0,0.0,16588.47,2,0,0.0,16588.47,2,0,0.0,1
LGS2ORD0035193,C017505,2025-10-06 17:00:00,Female,27,Bronze,Web,Khon Kaen,697,Lazada,COD,17,10,0,0,20-30,23.233333333333334,2.0,0.0,0.0,-1,59,4635.685,0.28,0.5,0.5,0.0,0.0,0,0,0.0,0.0,0,0,0.0,5912.56,1,0,0.0,9271.37,2,0,0.0,0
LGS2ORD0035194,C010369,2025-10-06 17:00:00,Male,49,Bronze,CallCenter,Bangkok,1049,Lazada,COD,17,10,0,0,40-50,34.96666666666667,2.0,1.0,0.5,165,174,7128.89,0.18,0.5,0.0,0.0,0.0,0,0,0.0,0.0,0,0,0.0,0.0,0,0,0.0,14257.78,2,1,0.5,1
LGS2ORD0035195,C015782,2025-10-06 17:00:00,Female,51,Bronze,Shopee,Chiang Mai,1072,Shopee,Bank_Transfer,17,10,0,0,>50,35.733333333333334,6.0,2.0,0.3333333333333333,12,29,3981.3183333333327,0.23,0.8333333333333334,0.16666666666666666,0.0,0.0,0,0,0.0,884.91,1,1,1.0,884.91,1,1,1.0,23887.909999999996,6,2,0.3333333333333333,0
LGS2ORD0035196,C016807,2025-10-06 17:00:00,Female,18,Gold,TV,Bangkok,1628,Lazada,Bank_Transfer,17,10,0,0,<20,54.266666666666666,5.0,1.0,0.2,224,2,2026.864,0.33,0.6,0.4,0.0,3083.65,1,0,0.0,3083.65,1,0,0.0,3083.65,1,0,0.0,10134.32,5,1,0.2,0
LGS2ORD0035197,C013058,2025-10-06 17:00:00,Female,24,Bronze,CallCenter,Chonburi,1685,TV_Show,Credit_Card,17,10,0,0,20-30,56.166666666666664,6.0,1.0,0.16666666666666666,138,19,6057.990000000001,0.18,0.8333333333333334,0.0,0.0,0.0,0,0,0.0,15605.01,1,0,0.0,22931.05,2,0,0.0,36347.94,6,1,0.16666666666666666,0
LGS2ORD0035198,C011797,2025-10-06 18:00:00,Female,38,Bronze,TV,Chiang Mai,1498,Lazada,Credit_Card,18,10,0,0,30-40,49.93333333333333,2.0,0.0,0.0,-1,157,12069.415,0.18,0.5,0.0,0.0,0.0,0,0,0.0,0.0,0,0,0.0,0.0,0,0,0.0,24138.83,2,0,0.0,0
LGS2ORD0035199,C010579,2025-10-06 18:00:00,Male,42,Bronze,TV,Bangkok,487,Shopee,PromptPay,18,10,0,0,40-50,16.233333333333334,6.0,2.0,0.3333333333333333,222,93,7454.685,0.28,0.5,0.5,0.0,0.0,0,0,0.0,0.0,0,0,0.0,0.0,0,0,0.0,44728.11,6,2,0.3333333333333333,0
LGS2ORD0035200,C011575,2025-10-06 18:00:00,Female,36,Bronze,TV,Chiang Mai,1390,TV_Show,PromptPay,18,10,0,0,30-40,46.333333333333336,6.0,2.0,0.3333333333333333,177,13,4635.12,0.23,0.6666666666666666,0.3333333333333333,0.0,0.0,0,0,0.0,3508.51,1,0,0.0,3508.51,1,0,0.0,27810.72,6,2,0.3333333333333333,0
LGS2ORD0035201,C012606,2025-10-06 18:00:00,Male,43,Bronze,TV,Bangkok,941,Lazada,COD,18,10,0,0,40-50,31.366666666666667,5.0,1.0,0.2,120,47,4011.108,0.28,0.4,0.2,0.0,0.0,0,0,0.0,0.0,0,0,0.0,10078.32,2,0,0.0,20055.54,5,1,0.2,1
LGS2ORD0035202,C017132,2025-10-06 18:00:00,Male,61,Silver,TV,Bangkok,807,Web,Credit_Card,18,10,0,0,>50,26.9,8.0,2.0,0.25,245,29,6159.5175,0.3,0.25,0.125,0.0,0.0,0,0,0.0,1319.31,1,0,0.0,1319.31,1,0,0.0,49276.14,8,2,0.25,0
LGS2ORD0035203,C010337,2025-10-06 19:00:00,Male,56,Bronze,TV,Chonburi,1532,Lazada,COD,19,10,0,0,>50,51.06666666666667,5.0,2.0,0.4,31,40,6346.142,0.23,0.4,0.4,0.0,0.0,0,0,0.0,0.0,0,0,0.0,9306.02,1,1,1.0,31730.71,5,2,0.4,0
LGS2ORD0035204,C013483,2025-10-06 19:00:00,Other,33,Silver,Web,Bangkok,380,TV_Show,PromptPay,19,10,0,0,30-40,12.666666666666666,5.0,1.0,0.2,12,23,3846.8160000000003,0.25,0.4,0.2,0.0,0.0,0,0,0.0,903.08,1,1,1.0,2041.8400000000001,2,1,0.5,19234.08,5,1,0.2,0
LGS2ORD0035205,C016655,2025-10-06 19:00:00,Female,34,Bronze,Lazada,Bangkok,866,Shopee,COD,19,10,0,0,30-40,28.866666666666667,3.0,1.0,0.3333333333333333,238,61,15071.770000000002,0.28,0.6666666666666666,0.6666666666666666,0.0,0.0,0,0,0.0,0.0,0,0,0.0,12102.54,1,0,0.0,45215.310000000005,3,1,0.3333333333333333,0
LGS2ORD0035206,C011719,2025-10-06 19:00:00,Male,34,Gold,Lazada,Khon Kaen,1237,Web,COD,19,10,0,0,30-40,41.233333333333334,1.0,0.0,0.0,-1,74,12578.12,0.13,1.0,0.0,0.0,0.0,0,0,0.0,0.0,0,0,0.0,12578.12,1,0,0.0,12578.12,1,0,0.0,0
LGS2ORD0035207,C015774,2025-10-06 19:00:00,Female,44,Gold,Shopee,Nakhon Ratchasima,851,CallCenter,Credit_Card,19,10,0,0,40-50,28.366666666666667,1.0,0.0,0.0,-1,14,16571.16,0.08,0.0,0.0,0.0,0.0,0,0,0.0,16571.16,1,0,0.0,16571.16,1,0,0.0,16571.16,1,0,0.0,0
LGS2ORD0035208,C015271,2025-10-06 20:00:00,Female,37,Bronze,TV,Chonburi,1691,CallCenter,COD,20,10,0,0,30-40,56.36666666666667,6.0,0.0,0.0,-1,4,6854.266666666666,0.23,0.5,0.16666666666666666,0.0,4225.46,1,0,0.0,4225.46,1,0,0.0,4225.46,1,0,0.0,41125.6,6,0,0.0,0
LGS2ORD0035209,C012795,2025-10-06 20:00:00,Other,41,Silver,Web,Chonburi,1401,Web,COD,20,10,0,0,40-50,46.7,3.0,1.0,0.3333333333333333,255,16,8048.956666666666,0.2,1.0,0.0,0.0,0.0,0,0,0.0,7396.71,1,0,0.0,7396.71,1,0,0.0,24146.87,3,1,0.3333333333333333,0
LGS2ORD0035210,C013993,2025-10-06 20:00:00,Male,21,Bronze,CallCenter,Khon Kaen,1519,Web,COD,20,10,0,0,20-30,50.63333333333333,5.0,1.0,0.2,250,21,8243.43,0.28,0.4,0.4,0.0,0.0,0,0,0.0,6173.35,1,0,0.0,6173.35,1,0,0.0,41217.15,5,1,0.2,0
LGS2ORD0035211,C012081,2025-10-06 20:00:00,Male,62,Bronze,Web,Phuket,1638,CallCenter,COD,20,10,0,0,>50,54.6,2.0,0.0,0.0,-1,16,4240.345,0.23,0.5,0.5,0.0,0.0,0,0,0.0,6698.01,1,0,0.0,8480.69,2,0,0.0,8480.69,2,0,0.0,0
LGS2ORD0035212,C012886,2025-10-06 20:00:00,Female,27,Bronze,Web,Nakhon Ratchasima,1267,Shopee,COD,20,10,0,0,20-30,42.233333333333334,3.0,1.0,0.3333333333333333,45,6,3016.4900000000002,0.08,0.6666666666666666,0.0,0.0,1604.45,1,0,0.0,1604.45,1,0,0.0,4065.88,2,1,0.5,9049.470000000001,3,1,0.3333333333333333,0
LGS2ORD0035213,C011809,2025-10-06 21:00:00,Female,37,Bronze,TV,Songkhla,755,CallCenter,COD,21,10,0,0,30-40,25.166666666666668,6.0,3.0,0.5,25,37,3837.383333333333,0.28,0.6666666666666666,0.16666666666666666,0.0,0.0,0,0,0.0,0.0,0,0,0.0,4976.72,2,1,0.5,23024.3,6,3,0.5,1
LGS2ORD0035214,C016158,2025-10-06 21:00:00,Male,52,Bronze,Web,Phuket,1402,TV_Show,Credit_Card,21,10,0,0,>50,46.733333333333334,5.0,0.0,0.0,-1,4,3969.863999999999,0.28,0.4,0.4,0.0,1933.26,1,0,0.0,1933.26,1,0,0.0,1933.26,1,0,0.0,19849.319999999996,5,0,0.0,0
LGS2ORD0035215,C013082,2025-10-06 21:00:00,Male,28,Silver,Web,Chonburi,1636,TV_Show,COD,21,10,0,0,20-30,54.53333333333333,7.0,1.0,0.14285714285714285,215,49,8005.095714285714,0.25,0.42857142857142855,0.14285714285714285,0.0,0.0,0,0,0.0,0.0,0,0,0.0,5382.889999999999,2,0,0.0,56035.67,7,1,0.14285714285714285,1
LGS2ORD0035216,C015806,2025-10-06 21:00:00,Female,45,Bronze,Shopee,Songkhla,563,Shopee,COD,21,10,0,0,40-50,18.766666666666666,6.0,1.0,0.16666666666666666,68,1,10381.453333333333,0.28,0.16666666666666666,0.3333333333333333,0.0,15999.29,1,0,0.0,15999.29,1,0,0.0,24590.17,2,1,0.5,62288.72,6,1,0.16666666666666666,1
LGS2ORD0035217,C014404,2025-10-06 21:00:00,Male,51,Bronze,TV,Chiang Mai,423,TV_Show,COD,21,10,0,0,>50,14.1,5.0,0.0,0.0,-1,12,6094.188,0.18,0.8,0.0,0.0,0.0,0,0,0.0,1767.07,1,0,0.0,12244.46,3,0,0.0,30470.940000000002,5,0,0.0,0
LGS2ORD0035218,C010521,2025-10-06 21:00:00,Male,52,Bronze,TV,Remote_Area,1014,Web,Credit_Card,21,10,0,0,>50,33.8,5.0,4.0,0.8,78,90,4987.726,0.23,0.4,0.2,0.0,0.0,0,0,0.0,0.0,0,0,0.0,0.0,0,0,0.0,24938.629999999997,5,4,0.8,0
LGS2ORD0035219,C015706,2025-10-06 22:00:00,Male,32,Silver,Web,Chonburi,562,Web,PromptPay,22,10,0,0,30-40,18.733333333333334,5.0,1.0,0.2,101,55,9115.188,0.25,0.4,0.2,0.0,0.0,0,0,0.0,0.0,0,0,0.0,24224.31,2,0,0.0,45575.94,5,1,0.2,0
LGS2ORD0035220,C013230,2025-10-06 22:00:00,Male,54,Bronze,TV,Nakhon Ratchasima,1278,Lazada,COD,22,10,0,0,>50,42.6,5.0,1.0,0.2,32,45,3227.4339999999997,0.28,0.2,0.2,0.0,0.0,0,0,0.0,0.0,0,0,0.0,6188.14,2,1,0.5,16137.169999999998,5,1,0.2,0
LGS2ORD0035221,C011345,2025-10-06 22:00:00,Male,34,Silver,Shopee,Khon Kaen,1254,Shopee,PromptPay,22,10,0,0,30-40,41.8,2.0,0.0,0.0,-1,142,4707.18,0.3,1.0,0.5,0.0,0.0,0,0,0.0,0.0,0,0,0.0,0.0,0,0,0.0,9414.36,2,0,0.0,0
LGS2ORD0035222,C015518,2025-10-06 22:00:00,Male,57,Silver,Shopee,Bangkok,1346,Web,COD,22,10,0,0,>50,44.86666666666667,2.0,0.0,0.0,-1,108,3247.67,0.25,0.5,0.5,0.0,0.0,0,0,0.0,0.0,0,0,0.0,0.0,0,0,0.0,6495.34,2,0,0.0,0
LGS2ORD0035223,C017500,2025-10-06 22:00:00,Female,62,Bronze,TV,Bangkok,840,CallCenter,Credit_Card,22,10,0,0,>50,28.0,3.0,0.0,0.0,-1,0,5003.9800000000005,0.28,0.6666666666666666,0.3333333333333333,0.0,5963.46,1,0,0.0,5963.46,1,0,0.0,5963.46,1,0,0.0,15011.940000000002,3,0,0.0,0
LGS2ORD0035224,C013468,2025-10-06 23:00:00,Male,34,Bronze,TV,Bangkok,1050,TV_Show,COD,23,10,0,0,30-40,35.0,3.0,0.0,0.0,-1,3,8638.416666666666,0.23,0.6666666666666666,0.6666666666666666,0.0,5516.25,1,0,0.0,25009.58,2,0,0.0,25009.58,2,0,0.0,25915.25,3,0,0.0,1
LGS2ORD0035225,C014677,2025-10-06 23:00:00,Female,34,Gold,TV,Phuket,1254,Lazada,Bank_Transfer,23,10,0,0,30-40,41.8,6.0,5.0,0.8333333333333334,65,81,2838.0400000000004,0.33,0.8333333333333334,0.5,0.0,0.0,0,0,0.0,0.0,0,0,0.0,2966.86,1,1,1.0,17028.24,6,5,0.8333333333333334,0
LGS2ORD0035226,C010180,2025-10-06 23:00:00,Female,43,Gold,Lazada,Bangkok,1593,TV_Show,Credit_Card,23,10,0,0,40-50,53.1,5.0,3.0,0.6,12,24,5087.832,0.33,0.0,0.4,0.0,0.0,0,0,0.0,1695.28,1,1,1.0,13150.990000000002,3,2,0.6666666666666666,25439.16,5,3,0.6,0
LGS2ORD0035227,C012067,2025-10-06 23:00:00,Male,42,Platinum,Shopee,Bangkok,606,TV_Show,Credit_Card,23,10,0,0,40-50,20.2,4.0,1.0,0.25,157,56,1896.5700000000002,0.3,0.75,0.5,0.25,0.0,0,0,0.0,0.0,0,0,0.0,5222.96,2,0,0.0,7586.280000000001,4,1,0.25,0
LGS2ORD0035228,C017771,2025-10-06 23:00:00,Female,46,Bronze,CallCenter,Remote_Area,546,TV_Show,Credit_Card,23,10,0,0,40-50,18.2,11.0,1.0,0.09090909090909091,30,0,5635.563636363636,0.23,0.45454545454545453,0.09090909090909091,0.0,17876.47,3,0,0.0,17876.47,3,0,0.0,24936.35,6,1,0.16666666666666666,61991.2,11,1,0.09090909090909091,0
LGS2ORD0035229,C011715,2025-10-07 00:00:00,Female,60,Platinum,Web,Songkhla,679,Web,Credit_Card,0,10,1,0,>50,22.633333333333333,3.0,0.0,0.0,-1,46,4790.316666666667,0.3,0.3333333333333333,0.6666666666666666,0.0,0.0,0,0,0.0,0.0,0,0,0.0,5189.82,1,0,0.0,14370.949999999999,3,0,0.0,1
LGS2ORD0035230,C013549,2025-10-07 00:00:00,Male,34,Bronze,TV,Chonburi,1656,Web,Credit_Card,0,10,1,0,30-40,55.2,3.0,1.0,0.3333333333333333,51,11,7292.82,0.23,0.6666666666666666,0.3333333333333333,0.0,0.0,0,0,0.0,1094.57,1,0,0.0,7569.549999999999,2,1,0.5,21878.46,3,1,0.3333333333333333,0
LGS2ORD0035231,C015719,2025-10-07 00:00:00,Female,65,Silver,TV,Songkhla,924,Shopee,COD,0,10,1,0,>50,30.8,1.0,0.0,0.0,-1,140,3970.98,0.2,0.0,0.0,0.0,0.0,0,0,0.0,0.0,0,0,0.0,0.0,0,0,0.0,3970.98,1,0,0.0,1
LGS2ORD0035232,C010661,2025-10-07 00:00:00,Female,46,Bronze,Web,Phuket,1413,TV_Show,Credit_Card,0,10,1,0,40-50,47.1,8.0,3.0,0.375,102,63,2178.4325,0.28,0.75,0.375,0.0,0.0,0,0,0.0,0.0,0,0,0.0,4971.33,2,0,0.0,17427.46,8,3,0.375,0
LGS2ORD0035233,C013987,2025-10-07 00:00:00,Male,61,Silver,Web,Chiang Mai,658,TV_Show,Credit_Card,0,10,1,0,>50,21.933333333333334,4.0,0.0,0.0,-1,57,10218.724999999999,0.25,0.25,0.5,0.0,0.0,0,0,0.0,0.0,0,0,0.0,11586.349999999999,2,0,0.0,40874.899999999994,4,0,0.0,0
LGS2ORD0035234,C013645,2025-10-07 01:00:00,Male,64,Silver,TV,Khon Kaen,1455,Shopee,PromptPay,1,10,1,0,>50,48.5,10.0,3.0,0.3,135,37,6832.2699999999995,0.25,0.5,0.1,0.0,0.0,0,0,0.0,0.0,0,0,0.0,5353.77,1,0,0.0,68322.7,10,3,0.3,0
LGS2ORD0035235,C012325,2025-10-07 01:00:00,Male,32,Gold,Web,Khon Kaen,1100,CallCenter,Credit_Card,1,10,1,0,30-40,36.666666666666664,3.0,1.0,0.3333333333333333,221,45,1491.2166666666665,0.2299999999999999,0.3333333333333333,0.3333333333333333,0.0,0.0,0,0,0.0,0.0,0,0,0.0,448.48,1,0,0.0,4473.65,3,1,0.3333333333333333,0
LGS2ORD0035236,C017928,2025-10-07 01:00:00,Male,38,Gold,Web,Chiang Mai,686,Web,COD,1,10,1,0,30-40,22.866666666666667,9.0,1.0,0.1111111111111111,240,26,6061.006666666666,0.33,0.6666666666666666,0.2222222222222222,0.0,0.0,0,0,0.0,1910.1,1,0,0.0,30218.68,2,0,0.0,54549.06,9,1,0.1111111111111111,0
LGS2ORD0035237,C015430,2025-10-07 01:00:00,Female,56,Bronze,TV,Songkhla,1248,Lazada,PromptPay,1,10,1,0,>50,41.6,6.0,1.0,0.16666666666666666,6,13,10120.688333333334,0.28,0.6666666666666666,0.3333333333333333,0.0,0.0,0,0,0.0,8355.46,1,1,1.0,54888.6,4,1,0.25,60724.130000000005,6,1,0.16666666666666666,0
LGS2ORD0035238,C015047,2025-10-07 01:00:00,Male,33,Silver,CallCenter,Phuket,636,Lazada,PromptPay,1,10,1,0,30-40,21.2,6.0,3.0,0.5,144,103,3238.48,0.3,0.8333333333333334,0.5,0.0,0.0,0,0,0.0,0.0,0,0,0.0,0.0,0,0,0.0,19430.88,6,3,0.5,0
LGS2ORD0035239,C016075,2025-10-07 01:00:00,Female,51,Bronze,Web,Bangkok,1194,Shopee,COD,1,10,1,0,>50,39.8,1.0,0.0,0.0,-1,163,954.39,0.18,1.0,0.0,0.0,0.0,0,0,0.0,0.0,0,0,0.0,0.0,0,0,0.0,954.39,1,0,0.0,0
LGS2ORD0035240,C016776,2025-10-07 02:00:00,Female,20,Gold,Lazada,Nakhon Ratchasima,940,TV_Show,PromptPay,2,10,1,0,<20,31.333333333333332,4.0,1.0,0.25,159,134,5755.474999999999,0.28,0.5,0.5,0.0,0.0,0,0,0.0,0.0,0,0,0.0,0.0,0,0,0.0,23021.899999999998,4,1,0.25,0
LGS2ORD0035241,C015608,2025-10-07 02:00:00,Female,41,Bronze,Shopee,Bangkok,1052,Web,Bank_Transfer,2,10,1,0,40-50,35.06666666666667,5.0,3.0,0.6,20,28,4105.504,0.28,0.8,0.2,0.0,0.0,0,0,0.0,9095.4,2,1,0.5,9095.4,2,1,0.5,20527.52,5,3,0.6,1
LGS2ORD0035242,C017050,2025-10-07 02:00:00,Male,36,Platinum,TV,Nakhon Ratchasima,985,Shopee,COD,2,10,1,0,30-40,32.833333333333336,6.0,0.0,0.0,-1,16,3445.7166666666667,0.3,0.6666666666666666,0.6666666666666666,0.16666666666666666,0.0,0,0,0.0,1438.55,1,0,0.0,10325.14,3,0,0.0,20674.3,6,0,0.0,1
LGS2ORD0035243,C010968,2025-10-07 02:00:00,Female,50,Bronze,CallCenter,Phuket,921,Lazada,Credit_Card,2,10,1,0,40-50,30.7,9.0,2.0,0.2222222222222222,36,23,4841.644444444445,0.28,0.6666666666666666,0.2222222222222222,0.0,0.0,0,0,0.0,2881.66,1,0,0.0,34436.869999999995,5,1,0.2,43574.8,9,2,0.2222222222222222,1
LGS2ORD0035244,C010709,2025-10-07 02:00:00,Female,41,Bronze,CallCenter,Remote_Area,826,Lazada,Credit_Card,2,10,1,0,40-50,27.533333333333335,7.0,3.0,0.42857142857142855,26,35,7511.9971428571425,0.28,0.2857142857142857,0.42857142857142855,0.0,0.0,0,0,0.0,0.0,0,0,0.0,11732.86,3,1,0.3333333333333333,52583.979999999996,7,3,0.42857142857142855,0
LGS2ORD0035245,C011286,2025-10-07 03:00:00,Female,48,Bronze,CallCenter,Khon Kaen,510,TV_Show,Credit_Card,3,10,1,0,40-50,17.0,6.0,1.0,0.16666666666666666,35,43,4644.048333333333,0.23,0.3333333333333333,0.5,0.0,0.0,0,0,0.0,0.0,0,0,0.0,5737.09,1,1,1.0,27864.289999999997,6,1,0.16666666666666666,0
LGS2ORD0035246,C014249,2025-10-07 03:00:00,Female,41,Gold,Web,Remote_Area,1350,Lazada,COD,3,10,1,0,40-50,45.0,4.0,1.0,0.25,126,139,3969.7825,0.33,0.25,0.25,0.0,0.0,0,0,0.0,0.0,0,0,0.0,0.0,0,0,0.0,15879.13,4,1,0.25,1
LGS2ORD0035247,C017169,2025-10-07 03:00:00,Male,33,Gold,TV,Bangkok,306,TV_Show,Credit_Card,3,10,1,0,30-40,10.2,4.0,2.0,0.5,218,13,5729.200000000001,0.28,0.25,0.75,0.0,0.0,0,0,0.0,9162.369999999999,2,0,0.0,9162.369999999999,2,0,0.0,22916.800000000003,4,2,0.5,0
LGS2ORD0035248,C014965,2025-10-07 03:00:00,Female,48,Bronze,TV,Nakhon Ratchasima,953,Shopee,Credit_Card,3,10,1,0,40-50,31.766666666666666,4.0,2.0,0.5,168,56,6981.065,0.18,0.0,0.0,0.0,0.0,0,0,0.0,0.0,0,0,0.0,6605.37,1,0,0.0,27924.26,4,2,0.5,0
LGS2ORD0035249,C012456,2025-10-07 03:00:00,Male,29,Bronze,TV,Remote_Area,1443,Lazada,COD,3,10,1,0,20-30,48.1,10.0,5.0,0.5,88,24,3977.678,0.23,0.6,0.2,0.0,0.0,0,0,0.0,6895.97,1,0,0.0,9905.04,2,0,0.0,39776.78,10,5,0.5,1
LGS2ORD0035250,C012392,2025-10-07 04:00:00,Female,44,Bronze,CallCenter,Songkhla,1169,TV_Show,COD,4,10,1,0,40-50,38.96666666666667,6.0,3.0,0.5,3,14,2590.815,0.23,0.8333333333333334,0.16666666666666666,0.0,0.0,0,0,0.0,2376.53,1,1,1.0,4831.1,2,2,1.0,15544.890000000001,6,3,0.5,1
LGS2ORD0035251,C010239,2025-10-07 04:00:00,Female,33,Gold,Shopee,Chiang Mai,830,TV_Show,COD,4,10,1,0,30-40,27.666666666666668,1.0,0.0,0.0,-1,116,8213.29,0.18,1.0,0.0,0.0,0.0,0,0,0.0,0.0,0,0,0.0,0.0,0,0,0.0,8213.29,1,0,0.0,1
LGS2ORD0035252,C015805,2025-10-07 04:00:00,Male,41,Gold,TV,Chiang Mai,1228,Web,Bank_Transfer,4,10,1,0,40-50,40.93333333333333,5.0,0.0,0.0,-1,20,10067.056,0.28,1.0,0.4,0.0,0.0,0,0,0.0,1226.6,1,0,0.0,9629.86,2,0,0.0,50335.28,5,0,0.0,0
LGS2ORD0035253,C010225,2025-10-07 04:00:00,Female,70,Bronze,Shopee,Songkhla,1557,Shopee,COD,4,10,1,0,>50,51.9,7.0,4.0,0.5714285714285714,-7,5,4900.459999999999,0.28,0.2857142857142857,0.14285714285714285,0.0,187.27,1,1,1.0,187.27,1,1,1.0,20521.59,4,2,0.5,34303.219999999994,7,4,0.5714285714285714,1
LGS2ORD0035254,C014574,2025-10-07 04:00:00,Female,22,Silver,TV,Bangkok,1392,Web,COD,4,10,1,0,20-30,46.4,5.0,0.0,0.0,-1,8,1937.9979999999996,0.3,0.6,0.4,0.0,0.0,0,0,0.0,687.8,1,0,0.0,1845.69,2,0,0.0,9689.989999999998,5,0,0.0,1
LGS2ORD0035255,C011497,2025-10-07 05:00:00,Female,50,Silver,Lazada,Chonburi,1613,Lazada,COD,5,10,1,0,40-50,53.766666666666666,4.0,0.0,0.0,-1,67,6887.0,0.2,0.5,0.0,0.0,0.0,0,0,0.0,0.0,0,0,0.0,24024.17,2,0,0.0,27548.0,4,0,0.0,1
LGS2ORD0035256,C015232,2025-10-07 05:00:00,Female,46,Bronze,TV,Bangkok,995,Lazada,COD,5,10,1,0,40-50,33.166666666666664,4.0,1.0,0.25,140,103,4286.9825,0.18,0.25,0.0,0.0,0.0,0,0,0.0,0.0,0,0,0.0,0.0,0,0,0.0,17147.93,4,1,0.25,0
LGS2ORD0035257,C017110,2025-10-07 05:00:00,Female,53,Gold,Web,Nakhon Ratchasima,1142,TV_Show,COD,5,10,1,0,>50,38.06666666666667,7.0,1.0,0.14285714285714285,114,73,6980.782857142856,0.33,0.8571428571428571,0.2857142857142857,0.0,0.0,0,0,0.0,0.0,0,0,0.0,10185.06,1,0,0.0,48865.479999999996,7,1,0.14285714285714285,0
LGS2ORD0035258,C011832,2025-10-07 05:00:00,Female,33,Silver,CallCenter,Songkhla,1389,Lazada,COD,5,10,1,0,30-40,46.3,4.0,3.0,0.75,166,48,2579.145,0.25,1.0,0.25,0.0,0.0,0,0,0.0,0.0,0,0,0.0,3108.66,1,0,0.0,10316.58,4,3,0.75,1
LGS2ORD0035259,C010859,2025-10-07 05:00:00,Female,47,Silver,TV,Songkhla,363,TV_Show,Credit_Card,5,10,1,0,40-50,12.1,2.0,1.0,0.5,32,44,10446.195,0.3,0.5,0.5,0.0,0.0,0,0,0.0,0.0,0,0,0.0,18714.95,1,1,1.0,20892.39,2,1,0.5,0
LGS2ORD0035260,C015755,2025-10-07 05:00:00,Female,27,Gold,TV,Chonburi,887,CallCenter,COD,5,10,1,0,20-30,29.566666666666666,3.0,1.0,0.3333333333333333,245,197,7753.599999999999,0.33,0.3333333333333333,0.6666666666666666,0.0,0.0,0,0,0.0,0.0,0,0,0.0,0.0,0,0,0.0,23260.8,3,1,0.3333333333333333,0
LGS2ORD0035261,C015557,2025-10-07 06:00:00,Female,44,Bronze,TV,Nakhon Ratchasima,364,Web,COD,6,10,1,0,40-50,12.133333333333333,5.0,1.0,0.2,99,7,2919.4080000000004,0.28,0.6,0.4,0.0,0.0,0,0,0.0,5540.59,2,0,0.0,10269.91,3,0,0.0,14597.04,5,1,0.2,0
LGS2ORD0035262,C016846,2025-10-07 06:00:00,Male,29,Bronze,TV,Remote_Area,1168,TV_Show,PromptPay,6,10,1,0,20-30,38.93333333333333,5.0,0.0,0.0,-1,1,2781.392,0.13,0.4,0.0,0.0,1651.04,1,0,0.0,1651.04,1,0,0.0,6244.47,3,0,0.0,13906.96,5,0,0.0,0
LGS2ORD0035263,C016881,2025-10-07 06:00:00,Male,23,Bronze,Shopee,Bangkok,953,Web,Credit_Card,6,10,1,0,20-30,31.766666666666666,2.0,0.0,0.0,-1,29,3588.08,0.13,0.0,0.0,0.0,0.0,0,0,0.0,799.7,1,0,0.0,799.7,1,0,0.0,7176.16,2,0,0.0,0
LGS2ORD0035264,C012579,2025-10-07 06:00:00,Female,41,Gold,Shopee,Khon Kaen,393,Lazada,PromptPay,6,10,1,0,40-50,13.1,1.0,0.0,0.0,-1,8,1048.33,0.13,0.0,0.0,0.0,0.0,0,0,0.0,1048.33,1,0,0.0,1048.33,1,0,0.0,1048.33,1,0,0.0,0
LGS2ORD0035265,C010816,2025-10-07 06:00:00,Male,68,Silver,Shopee,Bangkok,621,Lazada,PromptPay,6,10,1,0,>50,20.7,5.0,2.0,0.4,83,56,5256.436,0.2,0.4,0.0,0.0,0.0,0,0,0.0,0.0,0,0,0.0,6831.08,1,0,0.0,26282.18,5,2,0.4,0
LGS2ORD0035266,C014613,2025-10-07 07:00:00,Female,35,Gold,CallCenter,Bangkok,1099,TV_Show,Credit_Card,7,10,1,0,30-40,36.63333333333333,5.0,3.0,0.6,95,15,8335.470000000001,0.33,0.4,0.6,0.0,0.0,0,0,0.0,21396.34,1,0,0.0,21396.34,1,0,0.0,41677.350000000006,5,3,0.6,0
LGS2ORD0035267,C017681,2025-10-07 07:00:00,Female,41,Silver,Shopee,Phuket,1494,Web,Credit_Card,7,10,1,0,40-50,49.8,5.0,1.0,0.2,182,9,4023.1320000000005,0.3,0.2,0.4,0.0,0.0,0,0,0.0,2242.72,1,0,0.0,2242.72,1,0,0.0,20115.660000000003,5,1,0.2,1
LGS2ORD0035268,C015003,2025-10-07 07:00:00,Male,46,Silver,Web,Chonburi,434,TV_Show,COD,7,10,1,0,40-50,14.466666666666667,3.0,0.0,0.0,-1,75,2897.2766666666666,0.1,0.6666666666666666,0.0,0.0,0.0,0,0,0.0,0.0,0,0,0.0,5621.12,2,0,0.0,8691.83,3,0,0.0,1
LGS2ORD0035269,C016308,2025-10-07 07:00:00,Female,25,Bronze,TV,Chonburi,1338,Lazada,COD,7,10,1,0,20-30,44.6,8.0,1.0,0.125,133,80,3863.42375,0.23,0.875,0.25,0.0,0.0,0,0,0.0,0.0,0,0,0.0,9348.53,1,0,0.0,30907.39,8,1,0.125,0
LGS2ORD0035270,C010293,2025-10-07 07:00:00,Female,34,Gold,Shopee,Bangkok,394,TV_Show,COD,7,10,1,0,30-40,13.133333333333333,8.0,0.0,0.0,-1,92,11277.228750000002,0.28,0.375,0.5,0.125,0.0,0,0,0.0,0.0,0,0,0.0,0.0,0,0,0.0,90217.83000000002,8,0,0.0,0
LGS2ORD0035271,C015846,2025-10-07 08:00:00,Male,42,Bronze,TV,Songkhla,1706,Web,PromptPay,8,10,1,0,40-50,56.86666666666667,6.0,3.0,0.5,-5,3,3592.131666666666,0.28,0.3333333333333333,0.3333333333333333,0.0,2488.09,1,1,1.0,3565.59,2,1,0.5,3565.59,2,1,0.5,21552.789999999997,6,3,0.5,0
LGS2ORD0035272,C010880,2025-10-07 08:00:00,Female,35,Bronze,Web,Chiang Mai,869,Web,Credit_Card,8,10,1,0,30-40,28.966666666666665,4.0,1.0,0.25,250,90,2087.965,0.28,0.25,0.25,0.0,0.0,0,0,0.0,0.0,0,0,0.0,0.0,0,0,0.0,8351.86,4,1,0.25,0
LGS2ORD0035273,C017012,2025-10-07 08:00:00,Male,25,Silver,Web,Phuket,664,TV_Show,Credit_Card,8,10,1,0,20-30,22.133333333333333,3.0,2.0,0.6666666666666666,23,34,4342.1033333333335,0.25,1.0,0.3333333333333333,0.0,0.0,0,0,0.0,0.0,0,0,0.0,2008.92,1,1,1.0,13026.31,3,2,0.6666666666666666,0
LGS2ORD0035274,C017885,2025-10-07 08:00:00,Female,45,Bronze,Lazada,Bangkok,1187,CallCenter,COD,8,10,1,0,40-50,39.56666666666667,6.0,1.0,0.16666666666666666,56,67,3049.44,0.23,0.3333333333333333,0.3333333333333333,0.0,0.0,0,0,0.0,0.0,0,0,0.0,1485.61,1,1,1.0,18296.64,6,1,0.16666666666666666,0
LGS2ORD0035275,C016810,2025-10-07 08:00:00,Female,46,Bronze,Shopee,Nakhon Ratchasima,1736,Web,COD,8,10,1,0,40-50,57.86666666666667,4.0,0.0,0.0,-1,41,7206.787499999999,0.08,0.5,0.0,0.0,0.0,0,0,0.0,0.0,0,0,0.0,16180.0,2,0,0.0,28827.149999999998,4,0,0.0,0
LGS2ORD0035276,C012203,2025-10-07 09:00:00,Male,54,Bronze,Shopee,Chonburi,1679,TV_Show,COD,9,10,1,0,>50,55.96666666666667,4.0,1.0,0.25,41,58,5001.7425,0.28,0.25,0.75,0.0,0.0,0,0,0.0,0.0,0,0,0.0,3979.95,1,1,1.0,20006.97,4,1,0.25,0
LGS2ORD0035277,C016113,2025-10-07 09:00:00,Female,37,Bronze,TV,Chiang Mai,1449,TV_Show,COD,9,10,1,0,30-40,48.3,4.0,1.0,0.25,172,32,13132.04,0.28,0.75,0.25,0.0,0.0,0,0,0.0,0.0,0,0,0.0,11085.0,1,0,0.0,52528.16,4,1,0.25,1
LGS2ORD0035278,C013756,2025-10-07 09:00:00,Female,33,Bronze,TV,Chonburi,666,CallCenter,PromptPay,9,10,1,0,30-40,22.2,6.0,0.0,0.0,-1,123,8367.566666666668,0.23,0.3333333333333333,0.16666666666666666,0.0,0.0,0,0,0.0,0.0,0,0,0.0,0.0,0,0,0.0,50205.4,6,0,0.0,0
LGS2ORD0035279,C012004,2025-10-07 09:00:00,Male,50,Bronze,Lazada,Bangkok,746,TV_Show,Credit_Card,9,10,1,0,40-50,24.866666666666667,4.0,1.0,0.25,222,34,7042.4800000000005,0.18,0.25,0.0,0.0,0.0,0,0,0.0,0.0,0,0,0.0,26923.23,3,0,0.0,28169.920000000002,4,1,0.25,0
LGS2ORD0035280,C010548,2025-10-07 09:00:00,Female,50,Bronze,Lazada,Khon Kaen,1088,Shopee,Credit_Card,9,10,1,0,40-50,36.266666666666666,4.0,2.0,0.5,93,108,1991.1475,0.28,0.5,0.5,0.0,0.0,0,0,0.0,0.0,0,0,0.0,0.0,0,0,0.0,7964.59,4,2,0.5,0
LGS2ORD0035281,C014267,2025-10-07 09:00:00,Male,55,Gold,TV,Chonburi,1358,TV_Show,Credit_Card,9,10,1,0,>50,45.266666666666666,4.0,1.0,0.25,254,14,2974.455,0.33,0.75,0.25,0.0,0.0,0,0,0.0,4363.95,1,0,0.0,7301.5599999999995,2,0,0.0,11897.82,4,1,0.25,0
LGS2ORD0035282,C012222,2025-10-07 10:00:00,Female,53,Bronze,Shopee,Chiang Mai,716,Shopee,COD,10,10,1,0,>50,23.866666666666667,4.0,0.0,0.0,-1,19,4052.125,0.28,0.25,0.25,0.0,0.0,0,0,0.0,326.59,1,0,0.0,326.59,1,0,0.0,16208.5,4,0,0.0,0
LGS2ORD0035283,C012841,2025-10-07 10:00:00,Female,34,Bronze,Web,Bangkok,454,CallCenter,Credit_Card,10,10,1,0,30-40,15.133333333333333,2.0,1.0,0.5,182,129,18647.915,0.28,0.5,1.0,0.0,0.0,0,0,0.0,0.0,0,0,0.0,0.0,0,0,0.0,37295.83,2,1,0.5,0
LGS2ORD0035284,C014827,2025-10-07 10:00:00,Other,48,Gold,Web,Chiang Mai,312,TV_Show,COD,10,10,1,0,40-50,10.4,5.0,2.0,0.4,209,47,2287.0180000000005,0.18,0.4,0.0,0.0,0.0,0,0,0.0,0.0,0,0,0.0,1388.03,1,0,0.0,11435.090000000002,5,2,0.4,1
LGS2ORD0035285,C013495,2025-10-07 10:00:00,Female,27,Silver,Lazada,Chonburi,867,TV_Show,Bank_Transfer,10,10,1,0,20-30,28.9,3.0,1.0,0.3333333333333333,96,24,4656.333333333333,0.15,0.6666666666666666,0.0,0.0,0.0,0,0,0.0,3247.47,1,0,0.0,3247.47,1,0,0.0,13968.999999999998,3,1,0.3333333333333333,0
LGS2ORD0035286,C015126,2025-10-07 10:00:00,Female,51,Gold,TV,Songkhla,947,Shopee,COD,10,10,1,0,>50,31.566666666666666,8.0,4.0,0.5,20,28,2340.9500000000003,0.33,0.375,0.75,0.0,0.0,0,0,0.0,987.92,1,0,0.0,2675.0099999999998,2,1,0.5,18727.600000000002,8,4,0.5,0
LGS2ORD0035287,C013306,2025-10-07 11:00:00,Female,18,Silver,Lazada,Songkhla,591,CallCenter,COD,11,10,1,0,<20,19.7,5.0,1.0,0.2,24,10,1183.3020000000001,0.2,0.2,0.0,0.0,0.0,0,0,0.0,461.65,1,0,0.0,1406.3400000000001,2,1,0.5,5916.51,5,1,0.2,1
LGS2ORD0035288,C016277,2025-10-07 11:00:00,Male,61,Bronze,Shopee,Remote_Area,955,Shopee,COD,11,10,1,0,>50,31.833333333333332,10.0,2.0,0.2,168,14,3829.923,0.28,0.6,0.3,0.0,0.0,0,0,0.0,8955.34,2,0,0.0,8955.34,2,0,0.0,38299.229999999996,10,2,0.2,0
LGS2ORD0035289,C015728,2025-10-07 11:00:00,Female,33,Bronze,CallCenter,Remote_Area,457,Shopee,COD,11,10,1,0,30-40,15.233333333333333,7.0,3.0,0.42857142857142855,15,3,9632.027142857143,0.28,0.42857142857142855,0.5714285714285714,0.0,9971.39,1,0,0.0,9971.39,1,0,0.0,18600.87,2,1,0.5,67424.19,7,3,0.42857142857142855,0
LGS2ORD0035290,C014544,2025-10-07 11:00:00,Male,60,Gold,Web,Chiang Mai,1599,Shopee,COD,11,10,1,0,>50,53.3,3.0,2.0,0.6666666666666666,20,22,3335.063333333333,0.2299999999999999,0.3333333333333333,0.3333333333333333,0.0,0.0,0,0,0.0,361.88,1,1,1.0,744.14,2,1,0.5,10005.189999999999,3,2,0.6666666666666666,1
LGS2ORD0035291,C017978,2025-10-07 11:00:00,Female,48,Bronze,Shopee,Bangkok,647,Web,COD,11,10,1,0,40-50,21.566666666666666,1.0,0.0,0.0,-1,151,1192.96,0.08,1.0,0.0,0.0,0.0,0,0,0.0,0.0,0,0,0.0,0.0,0,0,0.0,1192.96,1,0,0.0,0
LGS2ORD0035292,C014831,2025-10-07 12:00:00,Female,38,Bronze,Shopee,Remote_Area,844,TV_Show,Credit_Card,12,10,1,0,30-40,28.133333333333333,7.0,4.0,0.5714285714285714,155,66,4465.434285714286,0.28,0.42857142857142855,0.42857142857142855,0.0,0.0,0,0,0.0,0.0,0,0,0.0,6475.530000000001,2,0,0.0,31258.039999999997,7,4,0.5714285714285714,1
LGS2ORD0035293,C014287,2025-10-07 12:00:00,Male,43,Bronze,Lazada,Bangkok,1492,CallCenter,PromptPay,12,10,1,0,40-50,49.733333333333334,3.0,0.0,0.0,-1,5,6044.643333333333,0.28,0.3333333333333333,0.3333333333333333,0.0,1721.43,1,0,0.0,16597.02,2,0,0.0,16597.02,2,0,0.0,18133.93,3,0,0.0,0
LGS2ORD0035294,C014762,2025-10-07 12:00:00,Male,42,Bronze,TV,Chiang Mai,633,Web,Credit_Card,12,10,1,0,40-50,21.1,4.0,0.0,0.0,-1,31,4872.2225,0.23,0.25,0.25,0.0,0.0,0,0,0.0,0.0,0,0,0.0,8196.32,1,0,0.0,19488.89,4,0,0.0,0
LGS2ORD0035295,C012159,2025-10-07 12:00:00,Male,45,Bronze,Shopee,Bangkok,783,Web,Credit_Card,12,10,1,0,40-50,26.1,2.0,1.0,0.5,151,26,7102.07,0.18,1.0,0.0,0.0,0.0,0,0,0.0,11166.59,1,0,0.0,11166.59,1,0,0.0,14204.14,2,1,0.5,1
LGS2ORD0035296,C014502,2025-10-07 12:00:00,Male,40,Gold,Shopee,Chiang Mai,1720,TV_Show,Credit_Card,12,10,1,0,30-40,57.333333333333336,3.0,0.0,0.0,-1,2,6660.16,0.33,0.6666666666666666,0.6666666666666666,0.0,10226.48,1,0,0.0,10226.48,1,0,0.0,10226.48,1,0,0.0,19980.48,3,0,0.0,0
LGS2ORD0035297,C013223,2025-10-07 12:00:00,Male,44,Platinum,Web,Khon Kaen,599,CallCenter,PromptPay,12,10,1,0,40-50,19.966666666666665,2.0,0.0,0.0,-1,115,2338.575,0.35,0.0,0.5,0.0,0.0,0,0,0.0,0.0,0,0,0.0,0.0,0,0,0.0,4677.15,2,0,0.0,0
LGS2ORD0035298,C015827,2025-10-07 13:00:00,Female,32,Bronze,TV,Chiang Mai,908,Shopee,COD,13,10,1,0,30-40,30.266666666666666,5.0,0.0,0.0,-1,110,4347.7480000000005,0.18,0.6,0.0,0.0,0.0,0,0,0.0,0.0,0,0,0.0,0.0,0,0,0.0,21738.74,5,0,0.0,1
LGS2ORD0035299,C012403,2025-10-07 13:00:00,Female,48,Bronze,TV,Chonburi,1564,Web,Bank_Transfer,13,10,1,0,40-50,52.13333333333333,3.0,0.0,0.0,-1,62,25760.126666666667,0.08,0.6666666666666666,0.0,0.0,0.0,0,0,0.0,0.0,0,0,0.0,60062.17,2,0,0.0,77280.38,3,0,0.0,0
LGS2ORD0035300,C013309,2025-10-07 13:00:00,Male,47,Silver,TV,Songkhla,460,Web,Bank_Transfer,13,10,1,0,40-50,15.333333333333334,4.0,0.0,0.0,-1,47,4765.4425,0.25,0.25,0.25,0.0,0.0,0,0,0.0,0.0,0,0,0.0,9768.85,2,0,0.0,19061.77,4,0,0.0,0
LGS2ORD0035301,C011753,2025-10-07 13:00:00,Female,40,Bronze,TV,Chiang Mai,1628,Shopee,Bank_Transfer,13,10,1,0,30-40,54.266666666666666,11.0,3.0,0.2727272727272727,24,21,5325.844545454545,0.28,0.2727272727272727,0.18181818181818182,0.09090909090909091,0.0,0,0,0.0,2069.73,1,0,0.0,21247.489999999998,5,1,0.2,58584.29,11,3,0.2727272727272727,0
LGS2ORD0035302,C014341,2025-10-07 13:00:00,Female,38,Silver,TV,Bangkok,465,Lazada,COD,13,10,1,0,30-40,15.5,6.0,0.0,0.0,-1,2,3792.4066666666663,0.25,0.6666666666666666,0.16666666666666666,0.0,1182.05,1,0,0.0,10832.49,2,0,0.0,10832.49,2,0,0.0,22754.44,6,0,0.0,0
LGS2ORD0035303,C012604,2025-10-07 14:00:00,Female,55,Bronze,TV,Remote_Area,904,Shopee,PromptPay,14,10,1,0,>50,30.133333333333333,5.0,1.0,0.2,212,24,4078.626,0.28,0.2,0.4,0.0,0.0,0,0,0.0,9845.34,1,0,0.0,12881.14,2,0,0.0,20393.13,5,1,0.2,0
LGS2ORD0035304,C010752,2025-10-07 14:00:00,Female,41,Silver,TV,Bangkok,1202,Shopee,Bank_Transfer,14,10,1,0,40-50,40.06666666666667,5.0,1.0,0.2,26,38,7268.866,0.3,0.6,0.6,0.0,0.0,0,0,0.0,0.0,0,0,0.0,8978.38,2,1,0.5,36344.33,5,1,0.2,0
LGS2ORD0035305,C012907,2025-10-07 14:00:00,Female,48,Bronze,Web,Bangkok,322,TV_Show,COD,14,10,1,0,40-50,10.733333333333333,3.0,0.0,0.0,-1,71,8961.386666666667,0.18,0.6666666666666666,0.0,0.0,0.0,0,0,0.0,0.0,0,0,0.0,1839.03,1,0,0.0,26884.16,3,0,0.0,0
LGS2ORD0035306,C014682,2025-10-07 14:00:00,Female,47,Gold,TV,Bangkok,1637,Web,Credit_Card,14,10,1,0,40-50,54.56666666666667,2.0,0.0,0.0,-1,193,3418.455,0.33,0.0,0.5,0.0,0.0,0,0,0.0,0.0,0,0,0.0,0.0,0,0,0.0,6836.91,2,0,0.0,0
LGS2ORD0035307,C013869,2025-10-07 14:00:00,Female,51,Bronze,TV,Bangkok,935,Lazada,COD,14,10,1,0,>50,31.166666666666668,4.0,1.0,0.25,11,11,3752.69,0.23,0.75,0.25,0.0,0.0,0,0,0.0,10702.41,2,1,0.5,15010.76,4,1,0.25,15010.76,4,1,0.25,1
LGS2ORD0035308,C013214,2025-10-07 15:00:00,Male,41,Platinum,Web,Songkhla,1456,Lazada,COD,15,10,1,0,40-50,48.53333333333333,5.0,2.0,0.4,50,62,12598.66,0.3,0.6,0.4,0.0,0.0,0,0,0.0,0.0,0,0,0.0,18708.29,1,1,1.0,62993.299999999996,5,2,0.4,0
LGS2ORD0035309,C013558,2025-10-07 15:00:00,Female,47,Bronze,TV,Bangkok,770,TV_Show,Credit_Card,15,10,1,0,40-50,25.666666666666668,5.0,0.0,0.0,-1,93,9151.0,0.18,0.2,0.0,0.0,0.0,0,0,0.0,0.0,0,0,0.0,0.0,0,0,0.0,45755.0,5,0,0.0,0
LGS2ORD0035310,C016194,2025-10-07 15:00:00,Male,44,Bronze,Web,Chonburi,896,TV_Show,COD,15,10,1,0,40-50,29.866666666666667,5.0,2.0,0.4,120,33,2846.4700000000003,0.23,0.6,0.6,0.0,0.0,0,0,0.0,0.0,0,0,0.0,4176.53,2,0,0.0,14232.35,5,2,0.4,0
LGS2ORD0035311,C012274,2025-10-07 15:00:00,Male,38,Bronze,Shopee,Nakhon Ratchasima,368,TV_Show,Credit_Card,15,10,1,0,30-40,12.266666666666667,2.0,0.0,0.0,-1,50,5271.97,0.23,0.0,0.5,0.0,0.0,0,0,0.0,0.0,0,0,0.0,9149.2,1,0,0.0,10543.94,2,0,0.0,0
LGS2ORD0035312,C015827,2025-10-07 15:00:00,Female,32,Bronze,TV,Chiang Mai,908,Lazada,PromptPay,15,10,1,0,30-40,30.266666666666666,6.0,1.0,0.16666666666666666,-4,0,3746.7400000000002,0.18,0.6666666666666666,0.0,0.0,741.7,1,1,1.0,741.7,1,1,1.0,741.7,1,1,1.0,22480.440000000002,6,1,0.16666666666666666,0
LGS2ORD0035313,C012919,2025-10-07 16:00:00,Female,43,Bronze,Lazada,Chiang Mai,844,Shopee,COD,16,10,1,0,40-50,28.133333333333333,3.0,1.0,0.3333333333333333,7,17,5952.366666666666,0.08,1.0,0.0,0.0,0.0,0,0,0.0,15097.15,2,1,0.5,17857.1,3,1,0.3333333333333333,17857.1,3,1,0.3333333333333333,0
LGS2ORD0035314,C013006,2025-10-07 16:00:00,Male,20,Bronze,CallCenter,Remote_Area,966,Lazada,Credit_Card,16,10,1,0,<20,32.2,5.0,2.0,0.4,9,14,5392.816000000001,0.23,0.8,0.2,0.0,0.0,0,0,0.0,6270.24,1,1,1.0,15197.85,3,1,0.3333333333333333,26964.08,5,2,0.4,0
LGS2ORD0035315,C013965,2025-10-07 16:00:00,Male,26,Gold,CallCenter,Bangkok,739,CallCenter,COD,16,10,1,0,20-30,24.633333333333333,2.0,0.0,0.0,-1,31,4723.3150000000005,0.2299999999999999,1.0,1.0,0.0,0.0,0,0,0.0,0.0,0,0,0.0,9446.630000000001,2,0,0.0,9446.630000000001,2,0,0.0,0
LGS2ORD0035316,C010715,2025-10-07 16:00:00,Male,66,Silver,Lazada,Bangkok,496,Shopee,COD,16,10,1,0,>50,16.533333333333335,3.0,1.0,0.3333333333333333,31,42,4248.7733333333335,0.25,0.3333333333333333,0.3333333333333333,0.0,0.0,0,0,0.0,0.0,0,0,0.0,12065.42,2,1,0.5,12746.32,3,1,0.3333333333333333,0
LGS2ORD0035317,C014925,2025-10-07 16:00:00,Male,46,Silver,Shopee,Nakhon Ratchasima,1467,Shopee,COD,16,10,1,0,40-50,48.9,5.0,2.0,0.4,24,36,2907.306,0.25,1.0,0.4,0.0,0.0,0,0,0.0,0.0,0,0,0.0,6669.33,1,1,1.0,14536.53,5,2,0.4,0
LGS2ORD0035318,C014617,2025-10-07 16:00:00,Male,45,Bronze,TV,Bangkok,1109,Web,COD,16,10,1,0,40-50,36.96666666666667,5.0,1.0,0.2,53,70,10924.024,0.23,0.8,0.2,0.0,0.0,0,0,0.0,0.0,0,0,0.0,19563.7,1,1,1.0,54620.119999999995,5,1,0.2,1
LGS2ORD0035319,C011183,2025-10-07 17:00:00,Male,18,Platinum,TV,Nakhon Ratchasima,1558,Lazada,COD,17,10,1,0,<20,51.93333333333333,7.0,0.0,0.0,-1,14,6248.681428571429,0.25,0.42857142857142855,0.2857142857142857,0.0,0.0,0,0,0.0,7328.55,1,0,0.0,11638.67,2,0,0.0,43740.770000000004,7,0,0.0,0
LGS2ORD0035320,C013206,2025-10-07 17:00:00,Male,23,Gold,Lazada,Chonburi,311,TV_Show,COD,17,10,1,0,20-30,10.366666666666667,4.0,0.0,0.0,-1,116,1819.6375,0.28,0.25,0.75,0.0,0.0,0,0,0.0,0.0,0,0,0.0,0.0,0,0,0.0,7278.55,4,0,0.0,0
LGS2ORD0035321,C011430,2025-10-07 17:00:00,Female,45,Silver,Lazada,Chiang Mai,1542,Web,COD,17,10,1,0,40-50,51.4,3.0,0.0,0.0,-1,219,1342.68,0.3,0.3333333333333333,0.6666666666666666,0.0,0.0,0,0,0.0,0.0,0,0,0.0,0.0,0,0,0.0,4028.04,3,0,0.0,0
LGS2ORD0035322,C017881,2025-10-07 17:00:00,Female,48,Platinum,Web,Chiang Mai,1718,Web,COD,17,10,1,0,40-50,57.266666666666666,5.0,2.0,0.4,138,150,7750.831999999999,0.3,0.6,0.8,0.0,0.0,0,0,0.0,0.0,0,0,0.0,0.0,0,0,0.0,38754.159999999996,5,2,0.4,0
LGS2ORD0035323,C015229,2025-10-07 17:00:00,Female,28,Bronze,Shopee,Bangkok,1596,Lazada,Credit_Card,17,10,1,0,20-30,53.2,11.0,3.0,0.2727272727272727,46,37,4858.948181818182,0.28,0.7272727272727273,0.18181818181818182,0.0,0.0,0,0,0.0,0.0,0,0,0.0,21435.09,4,2,0.5,53448.43000000001,11,3,0.2727272727272727,0
LGS2ORD0035324,C017975,2025-10-07 18:00:00,Male,18,Gold,Shopee,Bangkok,1560,Shopee,PromptPay,18,10,1,0,<20,52.0,5.0,2.0,0.4,148,52,7497.023999999999,0.2299999999999999,0.6,0.2,0.0,0.0,0,0,0.0,0.0,0,0,0.0,6735.96,2,0,0.0,37485.119999999995,5,2,0.4,0
LGS2ORD0035325,C016030,2025-10-07 18:00:00,Female,36,Gold,TV,Bangkok,695,Web,Credit_Card,18,10,1,0,30-40,23.166666666666668,3.0,0.0,0.0,-1,77,9468.343333333332,0.13,0.3333333333333333,0.0,0.0,0.0,0,0,0.0,0.0,0,0,0.0,15792.78,1,0,0.0,28405.03,3,0,0.0,0
LGS2ORD0035326,C013655,2025-10-07 18:00:00,Female,23,Silver,TV,Khon Kaen,1606,Web,COD,18,10,1,0,20-30,53.53333333333333,2.0,0.0,0.0,-1,62,3433.59,0.15,0.0,0.0,0.0,0.0,0,0,0.0,0.0,0,0,0.0,6012.22,1,0,0.0,6867.18,2,0,0.0,0
LGS2ORD0035327,C011460,2025-10-07 18:00:00,Female,59,Silver,CallCenter,Songkhla,1048,Web,Credit_Card,18,10,1,0,>50,34.93333333333333,4.0,2.0,0.5,31,39,5075.3324999999995,0.25,0.25,0.5,0.0,0.0,0,0,0.0,0.0,0,0,0.0,534.18,1,1,1.0,20301.329999999998,4,2,0.5,1
LGS2ORD0035328,C012010,2025-10-07 18:00:00,Male,45,Platinum,Lazada,Chonburi,1547,Lazada,COD,18,10,1,0,40-50,51.56666666666667,2.0,1.0,0.5,21,26,17279.38,0.2,0.0,0.0,0.0,0.0,0,0,0.0,30962.39,1,1,1.0,30962.39,1,1,1.0,34558.76,2,1,0.5,0
LGS2ORD0035329,C011207,2025-10-07 19:00:00,Female,54,Gold,Shopee,Chonburi,476,Shopee,COD,19,10,1,0,>50,15.866666666666667,1.0,0.0,0.0,-1,131,1321.36,0.33,0.0,1.0,0.0,0.0,0,0,0.0,0.0,0,0,0.0,0.0,0,0,0.0,1321.36,1,0,0.0,0
LGS2ORD0035330,C012063,2025-10-07 19:00:00,Female,59,Silver,Shopee,Chiang Mai,1506,Web,COD,19,10,1,0,>50,50.2,5.0,0.0,0.0,-1,18,4717.0560000000005,0.3,0.6,0.2,0.0,0.0,0,0,0.0,7917.38,2,0,0.0,7917.38,2,0,0.0,23585.280000000002,5,0,0.0,0
LGS2ORD0035331,C015312,2025-10-07 19:00:00,Male,35,Bronze,Web,Bangkok,1188,TV_Show,PromptPay,19,10,1,0,30-40,39.6,8.0,2.0,0.25,197,21,6062.137500000001,0.18,0.75,0.0,0.0,0.0,0,0,0.0,24373.65,2,0,0.0,24373.65,2,0,0.0,48497.100000000006,8,2,0.25,1
LGS2ORD0035332,C016246,2025-10-07 19:00:00,Female,59,Silver,Shopee,Khon Kaen,1061,Web,Credit_Card,19,10,1,0,>50,35.36666666666667,8.0,1.0,0.125,233,13,10939.92625,0.3,0.625,0.125,0.125,0.0,0,0,0.0,40348.12,2,0,0.0,63974.65,4,0,0.0,87519.41,8,1,0.125,0
LGS2ORD0035333,C010483,2025-10-07 19:00:00,Female,30,Gold,Lazada,Bangkok,1551,Web,COD,19,10,1,0,20-30,51.7,3.0,0.0,0.0,-1,97,2749.033333333333,0.18,0.0,0.0,0.0,0.0,0,0,0.0,0.0,0,0,0.0,0.0,0,0,0.0,8247.099999999999,3,0,0.0,0
LGS2ORD0035334,C016827,2025-10-07 20:00:00,Female,47,Bronze,Web,Bangkok,1305,Shopee,COD,20,10,1,0,40-50,43.5,3.0,1.0,0.3333333333333333,58,66,3523.656666666667,0.13,0.6666666666666666,0.0,0.0,0.0,0,0,0.0,0.0,0,0,0.0,1602.2,1,1,1.0,10570.970000000001,3,1,0.3333333333333333,0
LGS2ORD0035335,C015206,2025-10-07 20:00:00,Female,60,Bronze,Lazada,Chiang Mai,811,Lazada,COD,20,10,1,0,>50,27.033333333333335,6.0,2.0,0.3333333333333333,140,134,4725.251666666666,0.18,0.6666666666666666,0.0,0.0,0.0,0,0,0.0,0.0,0,0,0.0,0.0,0,0,0.0,28351.51,6,2,0.3333333333333333,0
LGS2ORD0035336,C015585,2025-10-07 20:00:00,Female,60,Bronze,TV,Bangkok,758,Shopee,COD,20,10,1,0,>50,25.266666666666666,6.0,1.0,0.16666666666666666,247,12,6493.326666666667,0.23,0.5,0.16666666666666666,0.0,0.0,0,0,0.0,6257.63,2,0,0.0,16853.030000000002,4,0,0.0,38959.96,6,1,0.16666666666666666,1
LGS2ORD0035337,C010551,2025-10-07 20:00:00,Male,56,Bronze,Shopee,Chiang Mai,1313,Lazada,COD,20,10,1,0,>50,43.766666666666666,4.0,2.0,0.5,104,73,4568.155000000001,0.28,0.75,0.25,0.0,0.0,0,0,0.0,0.0,0,0,0.0,2196.2,1,0,0.0,18272.620000000003,4,2,0.5,0
LGS2ORD0035338,C016724,2025-10-07 20:00:00,Female,43,Gold,Shopee,Chiang Mai,856,Shopee,PromptPay,20,10,1,0,40-50,28.533333333333335,3.0,0.0,0.0,-1,7,9084.25,0.28,0.3333333333333333,0.3333333333333333,0.0,0.0,0,0,0.0,19627.17,1,0,0.0,24970.94,2,0,0.0,27252.75,3,0,0.0,0
LGS2ORD0035339,C015232,2025-10-07 20:00:00,Female,46,Bronze,TV,Bangkok,995,Lazada,Credit_Card,20,10,1,0,40-50,33.166666666666664,5.0,1.0,0.2,141,0,4819.142,0.23,0.4,0.2,0.0,6947.78,1,0,0.0,6947.78,1,0,0.0,6947.78,1,0,0.0,24095.71,5,1,0.2,1
LGS2ORD0035340,C010671,2025-10-07 21:00:00,Male,39,Silver,TV,Bangkok,1194,Web,Bank_Transfer,21,10,1,0,30-40,39.8,2.0,0.0,0.0,-1,52,4189.24,0.25,0.0,0.5,0.0,0.0,0,0,0.0,0.0,0,0,0.0,1047.36,1,0,0.0,8378.48,2,0,0.0,0
LGS2ORD0035341,C010852,2025-10-07 21:00:00,Male,49,Gold,Web,Chiang Mai,1539,Web,COD,21,10,1,0,40-50,51.3,4.0,0.0,0.0,-1,77,4358.2825,0.28,0.5,0.25,0.0,0.0,0,0,0.0,0.0,0,0,0.0,2705.52,1,0,0.0,17433.13,4,0,0.0,0
LGS2ORD0035342,C015364,2025-10-07 21:00:00,Female,38,Bronze,Web,Bangkok,1242,TV_Show,Credit_Card,21,10,1,0,30-40,41.4,3.0,1.0,0.3333333333333333,58,67,4684.19,0.18,0.6666666666666666,0.0,0.0,0.0,0,0,0.0,0.0,0,0,0.0,8843.72,2,1,0.5,14052.57,3,1,0.3333333333333333,0
LGS2ORD0035343,C017789,2025-10-07 21:00:00,Male,41,Platinum,Shopee,Songkhla,956,Web,COD,21,10,1,0,40-50,31.866666666666667,3.0,1.0,0.3333333333333333,153,162,3175.69,0.25,0.0,0.3333333333333333,0.0,0.0,0,0,0.0,0.0,0,0,0.0,0.0,0,0,0.0,9527.07,3,1,0.3333333333333333,0
LGS2ORD0035344,C014252,2025-10-07 21:00:00,Male,30,Silver,Lazada,Chonburi,1044,Shopee,COD,21,10,1,0,20-30,34.8,4.0,0.0,0.0,-1,81,4717.745000000001,0.3,0.5,0.25,0.0,0.0,0,0,0.0,0.0,0,0,0.0,687.0,1,0,0.0,18870.980000000003,4,0,0.0,0
LGS2ORD0035345,C013206,2025-10-07 22:00:00,Male,23,Gold,Lazada,Chonburi,311,Web,Credit_Card,22,10,1,0,20-30,10.366666666666667,5.0,0.0,0.0,-1,0,3579.96,0.28,0.4,0.6,0.0,10621.25,1,0,0.0,10621.25,1,0,0.0,10621.25,1,0,0.0,17899.8,5,0,0.0,0
LGS2ORD0035346,C011822,2025-10-07 22:00:00,Female,48,Bronze,Web,Chonburi,717,CallCenter,Credit_Card,22,10,1,0,40-50,23.9,2.0,0.0,0.0,-1,50,1921.615,0.28,1.0,1.0,0.0,0.0,0,0,0.0,0.0,0,0,0.0,3843.23,2,0,0.0,3843.23,2,0,0.0,0
LGS2ORD0035347,C017935,2025-10-07 22:00:00,Female,54,Bronze,Web,Phuket,1089,Shopee,Bank_Transfer,22,10,1,0,>50,36.3,6.0,4.0,0.6666666666666666,1,16,4938.933333333333,0.23,0.8333333333333334,0.16666666666666666,0.0,0.0,0,0,0.0,10525.51,1,1,1.0,10525.51,1,1,1.0,29633.6,6,4,0.6666666666666666,0
LGS2ORD0035348,C012580,2025-10-07 22:00:00,Female,39,Bronze,Lazada,Chiang Mai,1094,Shopee,Credit_Card,22,10,1,0,30-40,36.46666666666667,5.0,1.0,0.2,182,10,13387.422,0.28,0.6,0.2,0.0,0.0,0,0,0.0,21224.39,1,0,0.0,21224.39,1,0,0.0,66937.11,5,1,0.2,0
LGS2ORD0035349,C017626,2025-10-07 22:00:00,Female,47,Gold,Web,Chiang Mai,782,CallCenter,COD,22,10,1,0,40-50,26.066666666666666,3.0,1.0,0.3333333333333333,246,143,10874.623333333333,0.28,0.6666666666666666,1.0,0.0,0.0,0,0,0.0,0.0,0,0,0.0,0.0,0,0,0.0,32623.87,3,1,0.3333333333333333,0
LGS2ORD0035350,C011910,2025-10-07 23:00:00,Female,31,Silver,TV,Chonburi,1423,TV_Show,PromptPay,23,10,1,0,30-40,47.43333333333333,5.0,1.0,0.2,150,42,3792.732,0.3,0.0,0.4,0.0,0.0,0,0,0.0,0.0,0,0,0.0,1767.55,1,0,0.0,18963.66,5,1,0.2,1
LGS2ORD0035351,C010189,2025-10-07 23:00:00,Female,48,Bronze,TV,Khon Kaen,824,Shopee,PromptPay,23,10,1,0,40-50,27.466666666666665,6.0,2.0,0.3333333333333333,-3,10,6070.185,0.18,0.5,0.0,0.0,0.0,0,0,0.0,1006.76,1,1,1.0,2309.83,2,1,0.5,36421.11,6,2,0.3333333333333333,1
LGS2ORD0035352,C012406,2025-10-07 23:00:00,Female,56,Bronze,Web,Khon Kaen,1510,Shopee,COD,23,10,1,0,>50,50.333333333333336,2.0,2.0,1.0,2,7,7290.375,0.18,0.5,0.0,0.0,0.0,0,0,0.0,12883.71,1,1,1.0,12883.71,1,1,1.0,14580.75,2,2,1.0,1
LGS2ORD0035353,C014667,2025-10-07 23:00:00,Female,58,Silver,Shopee,Songkhla,809,Web,COD,23,10,1,0,>50,26.966666666666665,11.0,8.0,0.7272727272727273,10,21,5251.9972727272725,0.3,0.8181818181818182,0.2727272727272727,0.0,0.0,0,0,0.0,7969.76,1,1,1.0,45216.61,5,3,0.6,57771.97,11,8,0.7272727272727273,0
LGS2ORD0035354,C012539,2025-10-07 23:00:00,Male,61,Silver,Lazada,Chiang Mai,1554,Web,COD,23,10,1,0,>50,51.8,6.0,1.0,0.16666666666666666,108,66,3310.7616666666668,0.3,0.5,0.3333333333333333,0.0,0.0,0,0,0.0,0.0,0,0,0.0,3755.15,2,0,0.0,19864.57,6,1,0.16666666666666666,0
LGS2ORD0035355,C015906,2025-10-08 00:00:00,Female,64,Bronze,CallCenter,Chiang Mai,452,Lazada,COD,0,10,2,0,>50,15.066666666666666,3.0,2.0,0.6666666666666666,142,106,1590.3766666666668,0.23,1.0,0.3333333333333333,0.0,0.0,0,0,0.0,0.0,0,0,0.0,0.0,0,0,0.0,4771.13,3,2,0.6666666666666666,0
LGS2ORD0035356,C012320,2025-10-08 00:00:00,Female,46,Bronze,TV,Bangkok,910,Lazada,COD,0,10,2,0,40-50,30.333333333333332,5.0,0.0,0.0,-1,66,3167.79,0.23,0.6,0.2,0.0,0.0,0,0,0.0,0.0,0,0,0.0,8250.56,3,0,0.0,15838.95,5,0,0.0,0
LGS2ORD0035357,C011991,2025-10-08 00:00:00,Male,33,Platinum,Web,Bangkok,1599,Shopee,COD,0,10,2,0,30-40,53.3,3.0,1.0,0.3333333333333333,6,18,3741.956666666667,0.2,0.6666666666666666,0.0,0.0,0.0,0,0,0.0,2744.02,1,1,1.0,9618.4,2,1,0.5,11225.87,3,1,0.3333333333333333,0
LGS2ORD0035358,C013022,2025-10-08 00:00:00,Male,63,Silver,TV,Nakhon Ratchasima,432,Shopee,COD,0,10,2,0,>50,14.4,2.0,1.0,0.5,141,155,2091.37,0.2,0.5,0.0,0.0,0.0,0,0,0.0,0.0,0,0,0.0,0.0,0,0,0.0,4182.74,2,1,0.5,0
LGS2ORD0035359,C014246,2025-10-08 00:00:00,Male,34,Silver,TV,Phuket,1497,Web,Credit_Card,0,10,2,0,30-40,49.9,10.0,6.0,0.6,95,48,5979.9,0.3,0.5,0.2,0.0,0.0,0,0,0.0,0.0,0,0,0.0,19023.36,2,0,0.0,59799.0,10,6,0.6,0
LGS2ORD0035360,C013925,2025-10-08 00:00:00,Male,59,Bronze,TV,Bangkok,1316,TV_Show,Credit_Card,0,10,2,0,>50,43.86666666666667,4.0,0.0,0.0,-1,67,4004.115,0.08,0.5,0.0,0.0,0.0,0,0,0.0,0.0,0,0,0.0,1843.79,1,0,0.0,16016.46,4,0,0.0,0
LGS2ORD0035361,C016079,2025-10-08 01:00:00,Female,67,Bronze,TV,Chiang Mai,1410,TV_Show,COD,1,10,2,0,>50,47.0,8.0,4.0,0.5,39,46,4811.59,0.28,0.75,0.375,0.0,0.0,0,0,0.0,0.0,0,0,0.0,30323.73,4,3,0.75,38492.72,8,4,0.5,0
LGS2ORD0035362,C013816,2025-10-08 01:00:00,Female,44,Bronze,TV,Bangkok,1300,Shopee,COD,1,10,2,0,40-50,43.333333333333336,6.0,3.0,0.5,-8,2,5016.698333333334,0.23,1.0,0.3333333333333333,0.0,3589.21,1,1,1.0,3589.21,1,1,1.0,3589.21,1,1,1.0,30100.190000000002,6,3,0.5,0
LGS2ORD0035363,C014395,2025-10-08 01:00:00,Male,33,Bronze,Shopee,Chonburi,336,TV_Show,Credit_Card,1,10,2,0,30-40,11.2,3.0,0.0,0.0,-1,2,7365.286666666667,0.08,0.6666666666666666,0.0,0.0,2779.06,1,0,0.0,2779.06,1,0,0.0,6830.67,2,0,0.0,22095.86,3,0,0.0,0
LGS2ORD0035364,C017815,2025-10-08 01:00:00,Female,55,Bronze,Shopee,Chiang Mai,1686,TV_Show,COD,1,10,2,0,>50,56.2,4.0,1.0,0.25,-7,9,5298.075,0.18,0.75,0.0,0.0,0.0,0,0,0.0,841.34,1,1,1.0,6215.64,2,1,0.5,21192.3,4,1,0.25,1
LGS2ORD0035365,C016441,2025-10-08 01:00:00,Female,68,Bronze,Lazada,Nakhon Ratchasima,711,TV_Show,Credit_Card,1,10,2,0,>50,23.7,1.0,1.0,1.0,16,29,2011.6,0.13,0.0,0.0,0.0,0.0,0,0,0.0,2011.6,1,1,1.0,2011.6,1,1,1.0,2011.6,1,1,1.0,1
LGS2ORD0035366,C013567,2025-10-08 02:00:00,Female,31,Bronze,Shopee,Bangkok,332,Shopee,COD,2,10,2,0,30-40,11.066666666666666,4.0,1.0,0.25,260,35,7350.25,0.23,0.5,0.25,0.0,0.0,0,0,0.0,0.0,0,0,0.0,8582.07,2,0,0.0,29401.0,4,1,0.25,0
LGS2ORD0035367,C012268,2025-10-08 02:00:00,Female,44,Bronze,Shopee,Chonburi,1614,Lazada,Bank_Transfer,2,10,2,0,40-50,53.8,4.0,0.0,0.0,-1,59,4022.1225,0.08,1.0,0.0,0.0,0.0,0,0,0.0,0.0,0,0,0.0,8865.92,1,0,0.0,16088.49,4,0,0.0,0
LGS2ORD0035368,C013700,2025-10-08 02:00:00,Male,41,Silver,Web,Phuket,628,Web,Bank_Transfer,2,10,2,0,40-50,20.933333333333334,3.0,1.0,0.3333333333333333,106,72,2574.07,0.1,0.3333333333333333,0.0,0.0,0.0,0,0,0.0,0.0,0,0,0.0,6131.68,1,0,0.0,7722.21,3,1,0.3333333333333333,0
LGS2ORD0035369,C016054,2025-10-08 02:00:00,Male,39,Silver,Shopee,Bangkok,1698,Web,Bank_Transfer,2,10,2,0,30-40,56.6,3.0,2.0,0.6666666666666666,100,118,12415.716666666667,0.1,0.3333333333333333,0.0,0.0,0.0,0,0,0.0,0.0,0,0,0.0,0.0,0,0,0.0,37247.15,3,2,0.6666666666666666,0
LGS2ORD0035370,C012253,2025-10-08 02:00:00,Other,41,Silver,Web,Chonburi,1068,Lazada,Credit_Card,2,10,2,0,40-50,35.6,4.0,0.0,0.0,-1,109,4730.965,0.2,0.25,0.0,0.0,0.0,0,0,0.0,0.0,0,0,0.0,0.0,0,0,0.0,18923.86,4,0,0.0,0
LGS2ORD0035371,C017407,2025-10-08 03:00:00,Male,48,Bronze,TV,Chiang Mai,1064,Shopee,PromptPay,3,10,2,0,40-50,35.46666666666667,5.0,1.0,0.2,50,19,5541.784,0.28,0.4,0.4,0.0,0.0,0,0,0.0,9804.26,1,0,0.0,16685.440000000002,3,1,0.3333333333333333,27708.92,5,1,0.2,0
LGS2ORD0035372,C016282,2025-10-08 03:00:00,Male,28,Silver,Lazada,Khon Kaen,1435,TV_Show,Credit_Card,3,10,2,0,20-30,47.833333333333336,1.0,1.0,1.0,110,116,5322.81,0.3,1.0,1.0,0.0,0.0,0,0,0.0,0.0,0,0,0.0,0.0,0,0,0.0,5322.81,1,1,1.0,0
LGS2ORD0035373,C017698,2025-10-08 03:00:00,Male,63,Bronze,Web,Khon Kaen,1210,Shopee,Bank_Transfer,3,10,2,0,>50,40.333333333333336,1.0,0.0,0.0,-1,223,794.61,0.08,0.0,0.0,0.0,0.0,0,0,0.0,0.0,0,0,0.0,0.0,0,0,0.0,794.61,1,0,0.0,0
LGS2ORD0035374,C015691,2025-10-08 03:00:00,Female,46,Gold,Shopee,Chonburi,657,Lazada,COD,3,10,2,0,40-50,21.9,2.0,1.0,0.5,85,95,9077.845000000001,0.2299999999999999,0.5,0.5,0.0,0.0,0,0,0.0,0.0,0,0,0.0,0.0,0,0,0.0,18155.690000000002,2,1,0.5,1
LGS2ORD0035375,C010895,2025-10-08 03:00:00,Female,37,Bronze,Lazada,Chonburi,1107,Lazada,Credit_Card,3,10,2,0,30-40,36.9,5.0,1.0,0.2,58,72,3879.0960000000005,0.23,0.8,0.2,0.0,0.0,0,0,0.0,0.0,0,0,0.0,6632.4800000000005,2,1,0.5,19395.480000000003,5,1,0.2,0
LGS2ORD0035376,C012600,2025-10-08 04:00:00,Male,33,Silver,TV,Bangkok,1589,Lazada,Credit_Card,4,10,2,0,30-40,52.96666666666667,3.0,1.0,0.3333333333333333,22,22,11212.35,0.3,0.3333333333333333,0.6666666666666666,0.0,0.0,0,0,0.0,5989.08,1,0,0.0,33637.05,3,1,0.3333333333333333,33637.05,3,1,0.3333333333333333,0
LGS2ORD0035377,C010679,2025-10-08 04:00:00,Male,42,Silver,TV,Phuket,890,Lazada,Credit_Card,4,10,2,0,40-50,29.666666666666668,3.0,1.0,0.3333333333333333,250,52,4156.446666666666,0.3,0.3333333333333333,0.3333333333333333,0.0,0.0,0,0,0.0,0.0,0,0,0.0,2414.4,1,0,0.0,12469.339999999998,3,1,0.3333333333333333,0
LGS2ORD0035378,C016515,2025-10-08 04:00:00,Male,23,Silver,Web,Bangkok,1650,Web,Credit_Card,4,10,2,0,20-30,55.0,2.0,1.0,0.5,164,134,10322.645,0.3,0.5,0.5,0.0,0.0,0,0,0.0,0.0,0,0,0.0,0.0,0,0,0.0,20645.29,2,1,0.5,0
LGS2ORD0035379,C013712,2025-10-08 04:00:00,Female,51,Bronze,CallCenter,Remote_Area,699,Shopee,PromptPay,4,10,2,0,>50,23.3,3.0,1.0,0.3333333333333333,150,156,5315.413333333334,0.18,0.6666666666666666,0.0,0.0,0.0,0,0,0.0,0.0,0,0,0.0,0.0,0,0,0.0,15946.240000000002,3,1,0.3333333333333333,1
LGS2ORD0035380,C017794,2025-10-08 04:00:00,Male,38,Silver,Web,Nakhon Ratchasima,1656,Shopee,Credit_Card,4,10,2,0,30-40,55.2,2.0,0.0,0.0,-1,44,1887.16,0.05,1.0,0.0,0.0,0.0,0,0,0.0,0.0,0,0,0.0,2381.36,1,0,0.0,3774.32,2,0,0.0,0
LGS2ORD0035381,C010637,2025-10-08 04:00:00,Female,32,Bronze,Shopee,Chonburi,1684,Lazada,COD,4,10,2,0,30-40,56.13333333333333,4.0,2.0,0.5,99,112,5843.120000000001,0.28,1.0,0.25,0.0,0.0,0,0,0.0,0.0,0,0,0.0,0.0,0,0,0.0,23372.480000000003,4,2,0.5,0
LGS2ORD0035382,C010259,2025-10-08 05:00:00,Male,27,Bronze,Web,Phuket,386,Shopee,COD,5,10,2,0,20-30,12.866666666666667,5.0,1.0,0.2,25,35,3553.9900000000002,0.18,0.6,0.0,0.0,0.0,0,0,0.0,0.0,0,0,0.0,6929.29,1,1,1.0,17769.95,5,1,0.2,0
LGS2ORD0035383,C011183,2025-10-08 05:00:00,Male,18,Platinum,TV,Nakhon Ratchasima,1559,Lazada,PromptPay,5,10,2,0,<20,51.96666666666667,8.0,0.0,0.0,-1,0,5656.05375,0.25,0.5,0.25,0.0,1507.66,1,0,0.0,8836.210000000001,2,0,0.0,13146.33,3,0,0.0,45248.43,8,0,0.0,0
LGS2ORD0035384,C014836,2025-10-08 05:00:00,Male,51,Silver,TV,Remote_Area,1250,CallCenter,Bank_Transfer,5,10,2,0,>50,41.666666666666664,5.0,3.0,0.6,33,15,5705.496,0.25,0.4,0.2,0.0,0.0,0,0,0.0,463.14,1,0,0.0,18299.08,3,2,0.6666666666666666,28527.48,5,3,0.6,1
LGS2ORD0035385,C011716,2025-10-08 05:00:00,Female,48,Bronze,Shopee,Remote_Area,1290,TV_Show,Bank_Transfer,5,10,2,0,40-50,43.0,5.0,1.0,0.2,106,63,4435.530000000001,0.23,0.2,0.2,0.0,0.0,0,0,0.0,0.0,0,0,0.0,8909.51,1,0,0.0,22177.65,5,1,0.2,0
LGS2ORD0035386,C016142,2025-10-08 05:00:00,Other,21,Gold,Lazada,Bangkok,1001,TV_Show,COD,5,10,2,0,20-30,33.36666666666667,2.0,0.0,0.0,-1,39,14388.44,0.2299999999999999,0.5,1.0,0.0,0.0,0,0,0.0,0.0,0,0,0.0,26216.93,1,0,0.0,28776.88,2,0,0.0,0
LGS2ORD0035387,C014698,2025-10-08 06:00:00,Female,38,Gold,Shopee,Songkhla,1547,Shopee,COD,6,10,2,0,30-40,51.56666666666667,3.0,1.0,0.3333333333333333,162,112,3150.7966666666666,0.33,0.6666666666666666,1.0,0.0,0.0,0,0,0.0,0.0,0,0,0.0,0.0,0,0,0.0,9452.39,3,1,0.3333333333333333,0
LGS2ORD0035388,C014872,2025-10-08 06:00:00,Male,46,Bronze,CallCenter,Nakhon Ratchasima,631,TV_Show,COD,6,10,2,0,40-50,21.033333333333335,8.0,2.0,0.25,155,49,6074.31875,0.23,0.25,0.25,0.0,0.0,0,0,0.0,0.0,0,0,0.0,6189.870000000001,2,0,0.0,48594.55,8,2,0.25,0
LGS2ORD0035389,C010499,2025-10-08 06:00:00,Female,47,Bronze,CallCenter,Phuket,923,CallCenter,COD,6,10,2,0,40-50,30.766666666666666,7.0,5.0,0.7142857142857143,6,19,3242.747142857143,0.23,0.5714285714285714,0.14285714285714285,0.0,0.0,0,0,0.0,580.42,1,1,1.0,580.42,1,1,1.0,22699.23,7,5,0.7142857142857143,1
LGS2ORD0035390,C014488,2025-10-08 06:00:00,Male,26,Bronze,TV,Khon Kaen,609,Shopee,Credit_Card,6,10,2,0,20-30,20.3,1.0,0.0,0.0,-1,89,3461.22,0.18,1.0,0.0,0.0,0.0,0,0,0.0,0.0,0,0,0.0,3461.22,1,0,0.0,3461.22,1,0,0.0,0
LGS2ORD0035391,C015986,2025-10-08 06:00:00,Male,32,Gold,TV,Bangkok,334,Web,COD,6,10,2,0,30-40,11.133333333333333,2.0,1.0,0.5,112,80,6557.105,0.33,1.0,0.5,0.0,0.0,0,0,0.0,0.0,0,0,0.0,5530.77,1,0,0.0,13114.21,2,1,0.5,0
LGS2ORD0035392,C015387,2025-10-08 07:00:00,Male,47,Bronze,Shopee,Bangkok,563,TV_Show,Credit_Card,7,10,2,0,40-50,18.766666666666666,6.0,3.0,0.5,7,14,4182.41,0.23,0.8333333333333334,0.16666666666666666,0.0,0.0,0,0,0.0,11819.89,3,2,0.6666666666666666,12340.85,4,2,0.5,25094.46,6,3,0.5,0
LGS2ORD0035393,C010626,2025-10-08 07:00:00,Female,49,Bronze,CallCenter,Remote_Area,1732,TV_Show,Credit_Card,7,10,2,0,40-50,57.733333333333334,4.0,1.0,0.25,182,57,10778.795,0.23,0.5,0.25,0.0,0.0,0,0,0.0,0.0,0,0,0.0,3012.13,1,0,0.0,43115.18,4,1,0.25,1
LGS2ORD0035394,C016916,2025-10-08 07:00:00,Female,56,Silver,TV,Remote_Area,736,Web,COD,7,10,2,0,>50,24.533333333333335,9.0,4.0,0.4444444444444444,22,3,9481.99888888889,0.3,0.6666666666666666,0.3333333333333333,0.0,2092.69,1,0,0.0,13120.140000000001,2,1,0.5,36844.18000000001,4,1,0.25,85337.99,9,4,0.4444444444444444,1
LGS2ORD0035395,C017494,2025-10-08 07:00:00,Male,33,Platinum,Lazada,Nakhon Ratchasima,1008,Web,Bank_Transfer,7,10,2,0,30-40,33.6,4.0,0.0,0.0,-1,83,7605.5275,0.25,0.5,0.25,0.0,0.0,0,0,0.0,0.0,0,0,0.0,3535.33,1,0,0.0,30422.11,4,0,0.0,0
LGS2ORD0035396,C011666,2025-10-08 07:00:00,Male,37,Bronze,Lazada,Phuket,369,Shopee,COD,7,10,2,0,30-40,12.3,6.0,3.0,0.5,72,55,4152.468333333333,0.28,0.5,0.5,0.0,0.0,0,0,0.0,0.0,0,0,0.0,4957.09,2,1,0.5,24914.81,6,3,0.5,0
LGS2ORD0035397,C017720,2025-10-08 07:00:00,Female,39,Silver,Lazada,Bangkok,1097,Lazada,PromptPay,7,10,2,0,30-40,36.56666666666667,4.0,1.0,0.25,202,207,2103.1625,0.3,0.0,0.5,0.0,0.0,0,0,0.0,0.0,0,0,0.0,0.0,0,0,0.0,8412.65,4,1,0.25,0
LGS2ORD0035398,C011590,2025-10-08 08:00:00,Male,70,Silver,CallCenter,Phuket,754,Shopee,COD,8,10,2,0,>50,25.133333333333333,6.0,2.0,0.3333333333333333,44,21,5625.299999999999,0.25,0.8333333333333334,0.3333333333333333,0.0,0.0,0,0,0.0,6534.56,1,0,0.0,15504.27,2,1,0.5,33751.799999999996,6,2,0.3333333333333333,0
LGS2ORD0035399,C013592,2025-10-08 08:00:00,Male,63,Gold,TV,Nakhon Ratchasima,1727,CallCenter,PromptPay,8,10,2,0,>50,57.56666666666667,1.0,0.0,0.0,-1,280,5848.08,0.13,0.0,0.0,0.0,0.0,0,0,0.0,0.0,0,0,0.0,0.0,0,0,0.0,5848.08,1,0,0.0,0
LGS2ORD0035400,C013421,2025-10-08 08:00:00,Male,38,Gold,Lazada,Bangkok,1078,TV_Show,COD,8,10,2,0,30-40,35.93333333333333,5.0,2.0,0.4,43,14,5726.658,0.28,0.2,0.6,0.0,0.0,0,0,0.0,559.8,1,0,0.0,6002.62,3,1,0.3333333333333333,28633.29,5,2,0.4,0
LGS2ORD0035401,C010339,2025-10-08 08:00:00,Male,40,Gold,Shopee,Phuket,1705,CallCenter,COD,8,10,2,0,30-40,56.833333333333336,0.0,0.0,0.0,-1,-1,0.0,0.0,0.0,0.0,0.0,0.0,0,0,0.0,0.0,0,0,0.0,0.0,0,0,0.0,0.0,0,0,0.0,0
LGS2ORD0035402,C012041,2025-10-08 08:00:00,Male,27,Silver,Web,Bangkok,1352,Lazada,Bank_Transfer,8,10,2,0,20-30,45.06666666666667,4.0,2.0,0.5,48,5,2141.8575,0.25,0.75,0.25,0.0,4275.53,1,0,0.0,4275.53,1,0,0.0,5580.5,2,1,0.5,8567.43,4,2,0.5,0
LGS2ORD0035403,C012157,2025-10-08 09:00:00,Male,54,Silver,Shopee,Remote_Area,456,TV_Show,COD,9,10,2,0,>50,15.2,8.0,1.0,0.125,262,74,5448.66375,0.3,0.625,0.25,0.0,0.0,0,0,0.0,0.0,0,0,0.0,25790.47,2,0,0.0,43589.31,8,1,0.125,0
LGS2ORD0035404,C017053,2025-10-08 09:00:00,Male,45,Bronze,TV,Khon Kaen,1095,CallCenter,COD,9,10,2,0,40-50,36.5,5.0,1.0,0.2,51,66,5065.166,0.23,0.6,0.2,0.0,0.0,0,0,0.0,0.0,0,0,0.0,18874.83,1,1,1.0,25325.83,5,1,0.2,0
LGS2ORD0035405,C017994,2025-10-08 09:00:00,Male,43,Silver,Lazada,Khon Kaen,1480,CallCenter,PromptPay,9,10,2,0,40-50,49.333333333333336,1.0,1.0,1.0,267,272,3095.55,0.05,0.0,0.0,0.0,0.0,0,0,0.0,0.0,0,0,0.0,0.0,0,0,0.0,3095.55,1,1,1.0,0
LGS2ORD0035406,C011512,2025-10-08 09:00:00,Female,34,Bronze,Web,Bangkok,740,TV_Show,COD,9,10,2,0,30-40,24.666666666666668,2.0,0.0,0.0,-1,212,8682.745,0.23,0.5,0.5,0.0,0.0,0,0,0.0,0.0,0,0,0.0,0.0,0,0,0.0,17365.49,2,0,0.0,0
LGS2ORD0035407,C016788,2025-10-08 09:00:00,Female,18,Bronze,Lazada,Songkhla,1162,TV_Show,Bank_Transfer,9,10,2,0,<20,38.733333333333334,3.0,0.0,0.0,-1,204,6481.010000000001,0.23,0.6666666666666666,0.3333333333333333,0.0,0.0,0,0,0.0,0.0,0,0,0.0,0.0,0,0,0.0,19443.030000000002,3,0,0.0,0
LGS2ORD0035408,C017081,2025-10-08 10:00:00,Female,18,Silver,Lazada,Bangkok,1559,TV_Show,Credit_Card,10,10,2,0,<20,51.96666666666667,5.0,0.0,0.0,-1,55,8642.748,0.15,0.2,0.0,0.0,0.0,0,0,0.0,0.0,0,0,0.0,13707.61,1,0,0.0,43213.74,5,0,0.0,1
LGS2ORD0035409,C017057,2025-10-08 10:00:00,Female,29,Gold,Web,Chonburi,1009,Web,Credit_Card,10,10,2,0,20-30,33.63333333333333,8.0,1.0,0.125,161,22,6552.546249999999,0.33,0.25,0.375,0.0,0.0,0,0,0.0,18783.14,1,0,0.0,36800.6,3,0,0.0,52420.369999999995,8,1,0.125,0
LGS2ORD0035410,C017456,2025-10-08 10:00:00,Female,28,Gold,Web,Chonburi,1065,TV_Show,Credit_Card,10,10,2,0,20-30,35.5,1.0,0.0,0.0,-1,112,12609.5,0.2299999999999999,0.0,1.0,0.0,0.0,0,0,0.0,0.0,0,0,0.0,0.0,0,0,0.0,12609.5,1,0,0.0,0
LGS2ORD0035411,C014531,2025-10-08 10:00:00,Male,47,Silver,TV,Nakhon Ratchasima,883,Lazada,Credit_Card,10,10,2,0,40-50,29.433333333333334,1.0,0.0,0.0,-1,276,9200.91,0.05,0.0,0.0,0.0,0.0,0,0,0.0,0.0,0,0,0.0,0.0,0,0,0.0,9200.91,1,0,0.0,0
LGS2ORD0035412,C015413,2025-10-08 10:00:00,Male,25,Silver,Shopee,Phuket,516,TV_Show,Credit_Card,10,10,2,0,20-30,17.2,2.0,2.0,1.0,102,115,5519.645,0.3,1.0,0.5,0.0,0.0,0,0,0.0,0.0,0,0,0.0,0.0,0,0,0.0,11039.29,2,2,1.0,1
LGS2ORD0035413,C010502,2025-10-08 11:00:00,Male,61,Bronze,TV,Remote_Area,881,TV_Show,Bank_Transfer,11,10,2,0,>50,29.366666666666667,8.0,2.0,0.25,193,94,3987.50125,0.23,0.75,0.25,0.0,0.0,0,0,0.0,0.0,0,0,0.0,0.0,0,0,0.0,31900.01,8,2,0.25,0
LGS2ORD0035414,C017433,2025-10-08 11:00:00,Female,44,Gold,TV,Chonburi,725,Lazada,COD,11,10,2,0,40-50,24.166666666666668,8.0,2.0,0.25,37,2,3386.6975,0.33,0.5,0.375,0.0,4790.72,1,0,0.0,4790.72,1,0,0.0,7260.58,2,1,0.5,27093.58,8,2,0.25,0
LGS2ORD0035415,C016158,2025-10-08 11:00:00,Male,52,Bronze,Web,Phuket,1404,Web,COD,11,10,2,0,>50,46.8,6.0,0.0,0.0,-1,1,3561.7783333333323,0.28,0.3333333333333333,0.3333333333333333,0.0,3454.6099999999997,2,0,0.0,3454.6099999999997,2,0,0.0,3454.6099999999997,2,0,0.0,21370.669999999995,6,0,0.0,0
LGS2ORD0035416,C015284,2025-10-08 11:00:00,Male,59,Silver,TV,Bangkok,897,TV_Show,Bank_Transfer,11,10,2,0,>50,29.9,2.0,1.0,0.5,143,80,12743.53,0.2,0.0,0.0,0.0,0.0,0,0,0.0,0.0,0,0,0.0,23536.88,1,0,0.0,25487.06,2,1,0.5,0
LGS2ORD0035417,C013152,2025-10-08 11:00:00,Female,46,Bronze,Web,Remote_Area,1255,Web,COD,11,10,2,0,40-50,41.833333333333336,3.0,1.0,0.3333333333333333,176,46,1731.0866666666668,0.23,0.6666666666666666,0.3333333333333333,0.0,0.0,0,0,0.0,0.0,0,0,0.0,2233.5,1,0,0.0,5193.26,3,1,0.3333333333333333,0
LGS2ORD0035418,C014137,2025-10-08 11:00:00,Female,41,Bronze,Shopee,Songkhla,998,Shopee,COD,11,10,2,0,40-50,33.266666666666666,2.0,1.0,0.5,49,53,5097.015,0.08,1.0,0.0,0.0,0.0,0,0,0.0,0.0,0,0,0.0,1327.5,1,1,1.0,10194.03,2,1,0.5,0
LGS2ORD0035419,C012651,2025-10-08 12:00:00,Male,27,Silver,Web,Bangkok,694,CallCenter,Bank_Transfer,12,10,2,0,20-30,23.133333333333333,3.0,0.0,0.0,-1,18,4844.3,0.05,0.3333333333333333,0.0,0.0,0.0,0,0,0.0,4876.98,1,0,0.0,9408.89,2,0,0.0,14532.9,3,0,0.0,0
LGS2ORD0035420,C011538,2025-10-08 12:00:00,Female,55,Bronze,TV,Phuket,550,CallCenter,Credit_Card,12,10,2,0,>50,18.333333333333332,9.0,4.0,0.4444444444444444,18,26,5648.278888888888,0.28,0.6666666666666666,0.2222222222222222,0.0,0.0,0,0,0.0,3680.81,1,1,1.0,10659.03,2,1,0.5,50834.509999999995,9,4,0.4444444444444444,0
LGS2ORD0035421,C016574,2025-10-08 12:00:00,Female,33,Bronze,Web,Khon Kaen,318,TV_Show,COD,12,10,2,0,30-40,10.6,5.0,0.0,0.0,-1,120,1706.6979999999999,0.23,0.6,0.2,0.0,0.0,0,0,0.0,0.0,0,0,0.0,0.0,0,0,0.0,8533.49,5,0,0.0,0
LGS2ORD0035422,C010205,2025-10-08 12:00:00,Male,42,Silver,Shopee,Khon Kaen,422,Shopee,PromptPay,12,10,2,0,40-50,14.066666666666666,2.0,0.0,0.0,-1,49,628.19,0.3,1.0,1.0,0.0,0.0,0,0,0.0,0.0,0,0,0.0,304.93,1,0,0.0,1256.38,2,0,0.0,0
LGS2ORD0035423,C017728,2025-10-08 12:00:00,Female,34,Platinum,Lazada,Khon Kaen,551,Web,COD,12,10,2,0,30-40,18.366666666666667,4.0,1.0,0.25,225,5,4397.532499999999,0.3,0.25,0.5,0.0,924.5,1,0,0.0,924.5,1,0,0.0,1224.0,2,0,0.0,17590.129999999997,4,1,0.25,0
LGS2ORD0035424,C014693,2025-10-08 13:00:00,Female,43,Gold,Lazada,Bangkok,1574,Web,PromptPay,13,10,2,0,40-50,52.46666666666667,2.0,1.0,0.5,261,263,5816.29,0.2299999999999999,0.0,0.5,0.0,0.0,0,0,0.0,0.0,0,0,0.0,0.0,0,0,0.0,11632.58,2,1,0.5,0
LGS2ORD0035425,C013528,2025-10-08 13:00:00,Female,64,Silver,Shopee,Remote_Area,1331,Web,Credit_Card,13,10,2,0,>50,44.36666666666667,8.0,4.0,0.5,1,5,7120.04375,0.25,0.625,0.25,0.0,4279.81,1,1,1.0,6895.290000000001,2,1,0.5,11897.850000000002,3,2,0.6666666666666666,56960.35,8,4,0.5,0
LGS2ORD0035426,C011432,2025-10-08 13:00:00,Female,53,Bronze,CallCenter,Chonburi,691,CallCenter,COD,13,10,2,0,>50,23.033333333333335,8.0,0.0,0.0,-1,20,7453.517499999999,0.28,0.5,0.125,0.0,0.0,0,0,0.0,2594.75,1,0,0.0,20348.62,2,0,0.0,59628.13999999999,8,0,0.0,0
LGS2ORD0035427,C013502,2025-10-08 13:00:00,Other,52,Bronze,Web,Chonburi,1282,Shopee,Credit_Card,13,10,2,0,>50,42.733333333333334,4.0,0.0,0.0,-1,21,7403.3275,0.18,0.75,0.0,0.0,0.0,0,0,0.0,17410.32,1,0,0.0,27767.57,3,0,0.0,29613.31,4,0,0.0,1
LGS2ORD0035428,C015305,2025-10-08 13:00:00,Female,49,Silver,CallCenter,Bangkok,1657,CallCenter,COD,13,10,2,0,40-50,55.233333333333334,3.0,1.0,0.3333333333333333,170,129,1382.176666666667,0.2,0.3333333333333333,0.0,0.0,0.0,0,0,0.0,0.0,0,0,0.0,0.0,0,0,0.0,4146.530000000001,3,1,0.3333333333333333,1
LGS2ORD0035429,C015453,2025-10-08 14:00:00,Female,22,Gold,Web,Phuket,742,Shopee,PromptPay,14,10,2,0,20-30,24.733333333333334,5.0,2.0,0.4,86,73,2015.284,0.28,0.2,0.6,0.0,0.0,0,0,0.0,0.0,0,0,0.0,399.91,1,0,0.0,10076.42,5,2,0.4,0
LGS2ORD0035430,C015981,2025-10-08 14:00:00,Female,37,Silver,Lazada,Bangkok,1466,Shopee,COD,14,10,2,0,30-40,48.86666666666667,2.0,0.0,0.0,-1,180,5443.925,0.15,0.5,0.0,0.0,0.0,0,0,0.0,0.0,0,0,0.0,0.0,0,0,0.0,10887.85,2,0,0.0,0
LGS2ORD0035431,C015178,2025-10-08 14:00:00,Female,28,Gold,CallCenter,Songkhla,1361,CallCenter,COD,14,10,2,0,20-30,45.36666666666667,3.0,2.0,0.6666666666666666,88,86,3393.7966666666666,0.28,0.6666666666666666,1.0,0.0,0.0,0,0,0.0,0.0,0,0,0.0,2130.73,1,0,0.0,10181.39,3,2,0.6666666666666666,1
LGS2ORD0035432,C016426,2025-10-08 14:00:00,Female,44,Silver,TV,Chonburi,385,TV_Show,COD,14,10,2,0,40-50,12.833333333333334,0.0,0.0,0.0,-1,-1,0.0,0.0,0.0,0.0,0.0,0.0,0,0,0.0,0.0,0,0,0.0,0.0,0,0,0.0,0.0,0,0,0.0,0
LGS2ORD0035433,C014813,2025-10-08 14:00:00,Male,51,Silver,Shopee,Khon Kaen,1604,CallCenter,COD,14,10,2,0,>50,53.46666666666667,5.0,2.0,0.4,72,83,5673.6900000000005,0.3,1.0,0.8,0.0,0.0,0,0,0.0,0.0,0,0,0.0,3682.59,2,1,0.5,28368.45,5,2,0.4,1
LGS2ORD0035434,C015719,2025-10-08 15:00:00,Female,65,Silver,TV,Songkhla,925,TV_Show,PromptPay,15,10,2,0,>50,30.833333333333332,2.0,1.0,0.5,-12,1,2087.46,0.3,0.5,0.5,0.0,203.94,1,1,1.0,203.94,1,1,1.0,203.94,1,1,1.0,4174.92,2,1,0.5,0
LGS2ORD0035435,C016676,2025-10-08 15:00:00,Male,50,Gold,TV,Nakhon Ratchasima,1713,CallCenter,Credit_Card,15,10,2,0,40-50,57.1,4.0,1.0,0.25,203,135,4204.685,0.2299999999999999,0.5,0.25,0.0,0.0,0,0,0.0,0.0,0,0,0.0,0.0,0,0,0.0,16818.74,4,1,0.25,0
LGS2ORD0035436,C016792,2025-10-08 15:00:00,Male,34,Bronze,TV,Khon Kaen,1409,Lazada,COD,15,10,2,0,30-40,46.96666666666667,5.0,1.0,0.2,61,17,8274.240000000002,0.18,0.6,0.0,0.0,0.0,0,0,0.0,13243.19,1,0,0.0,27849.43,3,1,0.3333333333333333,41371.200000000004,5,1,0.2,1
LGS2ORD0035437,C012156,2025-10-08 15:00:00,Male,45,Bronze,TV,Chiang Mai,892,Shopee,COD,15,10,2,0,40-50,29.733333333333334,4.0,0.0,0.0,-1,13,9973.0,0.23,0.5,0.25,0.0,0.0,0,0,0.0,13476.75,1,0,0.0,16532.4,2,0,0.0,39892.0,4,0,0.0,0
LGS2ORD0035438,C012833,2025-10-08 15:00:00,Female,54,Bronze,Web,Nakhon Ratchasima,952,Web,COD,15,10,2,0,>50,31.733333333333334,4.0,0.0,0.0,-1,67,4385.9400000000005,0.28,0.25,0.5,0.0,0.0,0,0,0.0,0.0,0,0,0.0,3677.17,1,0,0.0,17543.760000000002,4,0,0.0,0
LGS2ORD0035439,C012174,2025-10-08 15:00:00,Female,32,Bronze,TV,Remote_Area,615,TV_Show,COD,15,10,2,0,30-40,20.5,6.0,0.0,0.0,-1,54,7193.569999999999,0.28,0.5,0.3333333333333333,0.0,0.0,0,0,0.0,0.0,0,0,0.0,6139.51,2,0,0.0,43161.41999999999,6,0,0.0,0
LGS2ORD0035440,C014305,2025-10-08 16:00:00,Female,32,Bronze,Lazada,Bangkok,500,CallCenter,PromptPay,16,10,2,0,30-40,16.666666666666668,4.0,1.0,0.25,205,129,1581.5024999999998,0.28,0.75,0.5,0.0,0.0,0,0,0.0,0.0,0,0,0.0,0.0,0,0,0.0,6326.009999999999,4,1,0.25,0
LGS2ORD0035441,C010464,2025-10-08 16:00:00,Female,45,Gold,CallCenter,Bangkok,455,Shopee,COD,16,10,2,0,40-50,15.166666666666666,7.0,1.0,0.14285714285714285,1,16,2190.597142857143,0.28,0.42857142857142855,0.8571428571428571,0.0,0.0,0,0,0.0,1429.32,1,1,1.0,7296.509999999999,3,1,0.3333333333333333,15334.18,7,1,0.14285714285714285,0
LGS2ORD0035442,C010587,2025-10-08 16:00:00,Male,62,Gold,Web,Bangkok,414,Web,Credit_Card,16,10,2,0,>50,13.8,4.0,1.0,0.25,230,94,3531.625,0.2299999999999999,0.5,0.25,0.0,0.0,0,0,0.0,0.0,0,0,0.0,0.0,0,0,0.0,14126.5,4,1,0.25,0
LGS2ORD0035443,C017688,2025-10-08 16:00:00,Female,30,Platinum,Web,Khon Kaen,913,TV_Show,COD,16,10,2,0,20-30,30.433333333333334,5.0,0.0,0.0,-1,6,12497.163999999999,0.3,0.6,0.6,0.0,21607.8,1,0,0.0,23765.649999999998,2,0,0.0,23765.649999999998,2,0,0.0,62485.81999999999,5,0,0.0,0
LGS2ORD0035444,C012212,2025-10-08 16:00:00,Male,35,Silver,Web,Chiang Mai,1218,TV_Show,Bank_Transfer,16,10,2,0,30-40,40.6,9.0,2.0,0.2222222222222222,46,39,6076.317777777777,0.3,0.6666666666666666,0.3333333333333333,0.0,0.0,0,0,0.0,0.0,0,0,0.0,18585.870000000003,4,1,0.25,54686.85999999999,9,2,0.2222222222222222,0
LGS2ORD0035445,C017274,2025-10-08 17:00:00,Male,18,Silver,Lazada,Bangkok,437,Lazada,Credit_Card,17,10,2,0,<20,14.566666666666666,4.0,1.0,0.25,241,26,3784.195,0.3,1.0,0.75,0.0,0.0,0,0,0.0,1101.74,1,0,0.0,1101.74,1,0,0.0,15136.78,4,1,0.25,0
LGS2ORD0035446,C013752,2025-10-08 17:00:00,Male,26,Bronze,Web,Songkhla,1541,CallCenter,COD,17,10,2,0,20-30,51.36666666666667,3.0,1.0,0.3333333333333333,47,39,3318.556666666667,0.18,0.0,0.0,0.0,0.0,0,0,0.0,0.0,0,0,0.0,9230.95,2,1,0.5,9955.67,3,1,0.3333333333333333,0
LGS2ORD0035447,C012975,2025-10-08 17:00:00,Female,48,Silver,Shopee,Nakhon Ratchasima,1381,Web,COD,17,10,2,0,40-50,46.03333333333333,2.0,0.0,0.0,-1,2,2425.1549999999997,0.25,0.5,0.5,0.0,2598.25,1,0,0.0,4850.3099999999995,2,0,0.0,4850.3099999999995,2,0,0.0,4850.3099999999995,2,0,0.0,1
LGS2ORD0035448,C016208,2025-10-08 17:00:00,Female,53,Silver,Shopee,Bangkok,1699,CallCenter,PromptPay,17,10,2,0,>50,56.63333333333333,3.0,0.0,0.0,-1,41,1854.5466666666669,0.3,0.6666666666666666,0.3333333333333333,0.0,0.0,0,0,0.0,0.0,0,0,0.0,5563.64,3,0,0.0,5563.64,3,0,0.0,0
LGS2ORD0035449,C017852,2025-10-08 17:00:00,Male,55,Bronze,Shopee,Khon Kaen,781,TV_Show,COD,17,10,2,0,>50,26.033333333333335,7.0,0.0,0.0,-1,42,3131.2442857142855,0.28,0.5714285714285714,0.14285714285714285,0.0,0.0,0,0,0.0,0.0,0,0,0.0,12739.4,4,0,0.0,21918.71,7,0,0.0,0
LGS2ORD0035450,C010576,2025-10-08 18:00:00,Female,25,Bronze,TV,Remote_Area,619,CallCenter,COD,18,10,2,0,20-30,20.633333333333333,8.0,3.0,0.375,49,40,4003.6049999999996,0.28,0.5,0.125,0.0,0.0,0,0,0.0,0.0,0,0,0.0,3477.05,2,1,0.5,32028.839999999997,8,3,0.375,0
LGS2ORD0035451,C014786,2025-10-08 18:00:00,Male,32,Bronze,TV,Remote_Area,980,CallCenter,COD,18,10,2,0,30-40,32.666666666666664,7.0,2.0,0.2857142857142857,73,91,4841.498571428571,0.23,0.5714285714285714,0.2857142857142857,0.0,0.0,0,0,0.0,0.0,0,0,0.0,0.0,0,0,0.0,33890.49,7,2,0.2857142857142857,1
LGS2ORD0035452,C016154,2025-10-08 18:00:00,Other,58,Bronze,Shopee,Songkhla,327,Shopee,COD,18,10,2,0,>50,10.9,8.0,2.0,0.25,243,13,5254.272499999999,0.28,0.375,0.25,0.0,0.0,0,0,0.0,19344.059999999998,2,0,0.0,19344.059999999998,2,0,0.0,42034.17999999999,8,2,0.25,0
LGS2ORD0035453,C017624,2025-10-08 18:00:00,Female,47,Bronze,TV,Nakhon Ratchasima,1698,TV_Show,COD,18,10,2,0,40-50,56.6,5.0,0.0,0.0,-1,5,3975.6279999999997,0.18,0.4,0.0,0.0,638.06,1,0,0.0,900.1999999999999,2,0,0.0,900.1999999999999,2,0,0.0,19878.14,5,0,0.0,1
LGS2ORD0035454,C016588,2025-10-08 18:00:00,Female,43,Silver,Web,Khon Kaen,914,Web,COD,18,10,2,0,40-50,30.466666666666665,6.0,2.0,0.3333333333333333,-5,3,7050.146666666667,0.3,0.6666666666666666,0.6666666666666666,0.0,3090.43,1,1,1.0,3090.43,1,1,1.0,6972.98,2,1,0.5,42300.880000000005,6,2,0.3333333333333333,1
LGS2ORD0035455,C014177,2025-10-08 19:00:00,Male,61,Platinum,Shopee,Chiang Mai,1360,Web,COD,19,10,2,0,>50,45.333333333333336,7.0,1.0,0.14285714285714285,212,94,6829.302857142858,0.35,0.5714285714285714,0.5714285714285714,0.0,0.0,0,0,0.0,0.0,0,0,0.0,0.0,0,0,0.0,47805.12,7,1,0.14285714285714285,1
LGS2ORD0035456,C011932,2025-10-08 19:00:00,Female,38,Bronze,Web,Chonburi,1256,Lazada,COD,19,10,2,0,30-40,41.86666666666667,4.0,2.0,0.5,93,104,5740.67,0.18,1.0,0.0,0.0,0.0,0,0,0.0,0.0,0,0,0.0,0.0,0,0,0.0,22962.68,4,2,0.5,1
LGS2ORD0035457,C013337,2025-10-08 19:00:00,Male,21,Silver,Shopee,Nakhon Ratchasima,1656,Web,COD,19,10,2,0,20-30,55.2,3.0,1.0,0.3333333333333333,16,27,2520.4166666666665,0.25,0.6666666666666666,0.3333333333333333,0.0,0.0,0,0,0.0,4179.79,1,1,1.0,4179.79,1,1,1.0,7561.25,3,1,0.3333333333333333,0
LGS2ORD0035458,C015587,2025-10-08 19:00:00,Male,69,Gold,Web,Bangkok,1191,Web,COD,19,10,2,0,>50,39.7,3.0,2.0,0.6666666666666666,60,63,4561.32,0.2299999999999999,1.0,0.3333333333333333,0.0,0.0,0,0,0.0,0.0,0,0,0.0,3247.01,1,1,1.0,13683.96,3,2,0.6666666666666666,0
LGS2ORD0035459,C012721,2025-10-08 19:00:00,Male,45,Bronze,Shopee,Songkhla,453,Shopee,COD,19,10,2,0,40-50,15.1,3.0,2.0,0.6666666666666666,141,150,1237.02,0.28,0.6666666666666666,0.3333333333333333,0.0,0.0,0,0,0.0,0.0,0,0,0.0,0.0,0,0,0.0,3711.06,3,2,0.6666666666666666,0
LGS2ORD0035460,C015314,2025-10-08 19:00:00,Female,44,Bronze,TV,Chonburi,942,Shopee,PromptPay,19,10,2,0,40-50,31.4,1.0,0.0,0.0,-1,161,2585.86,0.18,1.0,0.0,0.0,0.0,0,0,0.0,0.0,0,0,0.0,0.0,0,0,0.0,2585.86,1,0,0.0,0
LGS2ORD0035461,C010589,2025-10-08 20:00:00,Male,40,Bronze,Web,Songkhla,1341,TV_Show,COD,20,10,2,0,30-40,44.7,5.0,2.0,0.4,93,6,3055.518,0.23,0.8,0.4,0.0,3495.91,1,0,0.0,3495.91,1,0,0.0,6835.87,2,0,0.0,15277.59,5,2,0.4,0
LGS2ORD0035462,C011024,2025-10-08 20:00:00,Female,41,Gold,TV,Bangkok,876,Shopee,Credit_Card,20,10,2,0,40-50,29.2,7.0,3.0,0.42857142857142855,-8,5,5168.371428571429,0.33,0.7142857142857143,0.5714285714285714,0.0,3140.39,1,1,1.0,3140.39,1,1,1.0,4696.36,2,1,0.5,36178.6,7,3,0.42857142857142855,0
LGS2ORD0035463,C012834,2025-10-08 20:00:00,Male,43,Bronze,TV,Bangkok,1348,TV_Show,Credit_Card,20,10,2,0,40-50,44.93333333333333,6.0,1.0,0.16666666666666666,68,79,2788.1566666666663,0.28,0.6666666666666666,0.16666666666666666,0.0,0.0,0,0,0.0,0.0,0,0,0.0,4747.11,1,1,1.0,16728.94,6,1,0.16666666666666666,1
LGS2ORD0035464,C017777,2025-10-08 20:00:00,Male,65,Gold,Shopee,Remote_Area,321,CallCenter,COD,20,10,2,0,>50,10.7,4.0,4.0,1.0,94,102,2608.44,0.33,0.5,0.75,0.0,0.0,0,0,0.0,0.0,0,0,0.0,0.0,0,0,0.0,10433.76,4,4,1.0,1
LGS2ORD0035465,C017321,2025-10-08 20:00:00,Male,62,Silver,Lazada,Khon Kaen,1102,Lazada,Bank_Transfer,20,10,2,0,>50,36.733333333333334,1.0,0.0,0.0,-1,161,4588.99,0.2,1.0,0.0,0.0,0.0,0,0,0.0,0.0,0,0,0.0,0.0,0,0,0.0,4588.99,1,0,0.0,0
LGS2ORD0035466,C013888,2025-10-08 21:00:00,Male,57,Silver,TV,Khon Kaen,873,Shopee,Credit_Card,21,10,2,0,>50,29.1,5.0,0.0,0.0,-1,61,5122.6720000000005,0.3,0.4,0.8,0.0,0.0,0,0,0.0,0.0,0,0,0.0,10040.73,1,0,0.0,25613.36,5,0,0.0,0
LGS2ORD0035467,C016931,2025-10-08 21:00:00,Male,41,Gold,Shopee,Bangkok,1233,TV_Show,COD,21,10,2,0,40-50,41.1,6.0,3.0,0.5,171,165,4284.996666666667,0.33,0.16666666666666666,0.3333333333333333,0.0,0.0,0,0,0.0,0.0,0,0,0.0,0.0,0,0,0.0,25709.98,6,3,0.5,0
LGS2ORD0035468,C017640,2025-10-08 21:00:00,Female,54,Platinum,Lazada,Chonburi,1173,Web,COD,21,10,2,0,>50,39.1,1.0,0.0,0.0,-1,195,8367.0,0.15,0.0,0.0,0.0,0.0,0,0,0.0,0.0,0,0,0.0,0.0,0,0,0.0,8367.0,1,0,0.0,1
LGS2ORD0035469,C017998,2025-10-08 21:00:00,Female,42,Bronze,TV,Bangkok,672,TV_Show,Credit_Card,21,10,2,0,40-50,22.4,2.0,0.0,0.0,-1,111,5130.265,0.28,0.5,1.0,0.0,0.0,0,0,0.0,0.0,0,0,0.0,0.0,0,0,0.0,10260.53,2,0,0.0,0
LGS2ORD0035470,C011795,2025-10-08 21:00:00,Female,42,Platinum,Web,Chonburi,1374,Web,Credit_Card,21,10,2,0,40-50,45.8,4.0,0.0,0.0,-1,8,7241.6525,0.3,0.5,0.25,0.0,0.0,0,0,0.0,16447.97,1,0,0.0,28966.61,4,0,0.0,28966.61,4,0,0.0,1
LGS2ORD0035471,C015563,2025-10-08 22:00:00,Female,36,Bronze,Shopee,Chonburi,789,TV_Show,COD,22,10,2,0,30-40,26.3,2.0,0.0,0.0,-1,2,6726.28,0.13,1.0,0.0,0.0,900.68,1,0,0.0,900.68,1,0,0.0,13452.56,2,0,0.0,13452.56,2,0,0.0,0
LGS2ORD0035472,C015590,2025-10-08 22:00:00,Male,46,Bronze,Web,Chonburi,1695,CallCenter,COD,22,10,2,0,40-50,56.5,6.0,1.0,0.16666666666666666,264,10,3370.228333333333,0.23,0.5,0.16666666666666666,0.0,0.0,0,0,0.0,3228.27,1,0,0.0,3228.27,1,0,0.0,20221.37,6,1,0.16666666666666666,1
LGS2ORD0035473,C010457,2025-10-08 22:00:00,Male,42,Gold,TV,Bangkok,457,Shopee,COD,22,10,2,0,40-50,15.233333333333333,8.0,0.0,0.0,-1,119,8268.471249999999,0.33,0.5,0.375,0.0,0.0,0,0,0.0,0.0,0,0,0.0,0.0,0,0,0.0,66147.76999999999,8,0,0.0,1
LGS2ORD0035474,C011135,2025-10-08 22:00:00,Male,41,Silver,Shopee,Khon Kaen,450,Lazada,COD,22,10,2,0,40-50,15.0,3.0,2.0,0.6666666666666666,108,114,4643.173333333333,0.2,0.0,0.0,0.0,0.0,0,0,0.0,0.0,0,0,0.0,0.0,0,0,0.0,13929.52,3,2,0.6666666666666666,0
LGS2ORD0035475,C010384,2025-10-08 22:00:00,Male,25,Platinum,TV,Khon Kaen,1471,Web,Credit_Card,22,10,2,0,20-30,49.03333333333333,3.0,1.0,0.3333333333333333,18,18,14591.800000000001,0.3,0.3333333333333333,0.6666666666666666,0.0,0.0,0,0,0.0,19869.63,2,1,0.5,19869.63,2,1,0.5,43775.4,3,1,0.3333333333333333,0
LGS2ORD0035476,C013265,2025-10-08 23:00:00,Male,52,Bronze,TV,Songkhla,1065,TV_Show,COD,23,10,2,0,>50,35.5,6.0,0.0,0.0,-1,42,7387.59,0.23,0.6666666666666666,0.16666666666666666,0.0,0.0,0,0,0.0,0.0,0,0,0.0,10861.01,1,0,0.0,44325.54,6,0,0.0,0
LGS2ORD0035477,C017386,2025-10-08 23:00:00,Male,66,Bronze,Shopee,Remote_Area,802,Shopee,COD,23,10,2,0,>50,26.733333333333334,7.0,3.0,0.42857142857142855,12,16,5251.274285714286,0.28,0.42857142857142855,0.2857142857142857,0.0,0.0,0,0,0.0,9284.2,1,1,1.0,12341.45,3,2,0.6666666666666666,36758.92,7,3,0.42857142857142855,1
LGS2ORD0035478,C015704,2025-10-08 23:00:00,Female,18,Silver,Shopee,Remote_Area,788,Lazada,COD,23,10,2,0,<20,26.266666666666666,2.0,0.0,0.0,-1,86,12434.3,0.3,1.0,1.0,0.0,0.0,0,0,0.0,0.0,0,0,0.0,5056.96,1,0,0.0,24868.6,2,0,0.0,1
LGS2ORD0035479,C010845,2025-10-08 23:00:00,Male,44,Silver,Web,Bangkok,1080,Shopee,COD,23,10,2,0,40-50,36.0,3.0,1.0,0.3333333333333333,117,131,3801.6,0.1,0.3333333333333333,0.0,0.0,0.0,0,0,0.0,0.0,0,0,0.0,0.0,0,0,0.0,11404.8,3,1,0.3333333333333333,0
LGS2ORD0035480,C016718,2025-10-08 23:00:00,Male,72,Silver,Lazada,Songkhla,1597,Lazada,COD,23,10,2,0,>50,53.233333333333334,7.0,1.0,0.14285714285714285,130,34,4125.26,0.25,0.5714285714285714,0.14285714285714285,0.0,0.0,0,0,0.0,0.0,0,0,0.0,3625.1,1,0,0.0,28876.82,7,1,0.14285714285714285,0
LGS2ORD0035481,C014437,2025-10-08 23:00:00,Male,51,Silver,Lazada,Bangkok,1219,Lazada,COD,23,10,2,0,>50,40.63333333333333,2.0,0.0,0.0,-1,132,7432.375,0.1,0.5,0.0,0.0,0.0,0,0,0.0,0.0,0,0,0.0,0.0,0,0,0.0,14864.75,2,0,0.0,0
LGS2ORD0035482,C016987,2025-10-09 00:00:00,Male,64,Bronze,TV,Songkhla,633,CallCenter,PromptPay,0,10,3,0,>50,21.1,6.0,3.0,0.5,73,15,11825.324999999999,0.28,0.8333333333333334,0.16666666666666666,0.0,0.0,0,0,0.0,1891.06,1,0,0.0,8475.52,2,1,0.5,70951.95,6,3,0.5,0
LGS2ORD0035483,C017787,2025-10-09 00:00:00,Female,45,Silver,Lazada,Remote_Area,1703,Lazada,COD,0,10,3,0,40-50,56.766666666666666,3.0,1.0,0.3333333333333333,39,51,3788.633333333333,0.3,0.6666666666666666,0.3333333333333333,0.0,0.0,0,0,0.0,0.0,0,0,0.0,7443.530000000001,2,1,0.5,11365.9,3,1,0.3333333333333333,0
LGS2ORD0035484,C012721,2025-10-09 00:00:00,Male,45,Bronze,Shopee,Songkhla,454,Shopee,COD,0,10,3,0,40-50,15.133333333333333,4.0,2.0,0.5,142,0,1379.6875,0.28,0.75,0.25,0.0,1807.69,1,0,0.0,1807.69,1,0,0.0,1807.69,1,0,0.0,5518.75,4,2,0.5,0
LGS2ORD0035485,C014352,2025-10-09 00:00:00,Female,40,Silver,Lazada,Nakhon Ratchasima,472,Lazada,Credit_Card,0,10,3,0,30-40,15.733333333333333,4.0,2.0,0.5,37,50,6851.575,0.2,0.25,0.0,0.0,0.0,0,0,0.0,0.0,0,0,0.0,12447.05,1,1,1.0,27406.3,4,2,0.5,0
LGS2ORD0035486,C013496,2025-10-09 00:00:00,Male,53,Platinum,Web,Phuket,520,Web,PromptPay,0,10,3,0,>50,17.333333333333332,4.0,1.0,0.25,116,101,2195.4675,0.3,0.75,0.75,0.0,0.0,0,0,0.0,0.0,0,0,0.0,0.0,0,0,0.0,8781.87,4,1,0.25,0
LGS2ORD0035487,C015746,2025-10-09 01:00:00,Male,31,Bronze,Web,Khon Kaen,1592,TV_Show,COD,1,10,3,0,30-40,53.06666666666667,3.0,1.0,0.3333333333333333,178,16,8966.043333333333,0.23,0.3333333333333333,0.3333333333333333,0.0,0.0,0,0,0.0,11101.05,1,0,0.0,22448.05,2,0,0.0,26898.129999999997,3,1,0.3333333333333333,0
LGS2ORD0035488,C011134,2025-10-09 01:00:00,Male,36,Silver,Lazada,Chonburi,1299,Shopee,COD,1,10,3,0,30-40,43.3,3.0,1.0,0.3333333333333333,116,122,5316.759999999999,0.2,0.6666666666666666,0.0,0.0,0.0,0,0,0.0,0.0,0,0,0.0,0.0,0,0,0.0,15950.279999999999,3,1,0.3333333333333333,0
LGS2ORD0035489,C017412,2025-10-09 01:00:00,Female,34,Silver,Lazada,Remote_Area,483,Lazada,PromptPay,1,10,3,0,30-40,16.1,5.0,1.0,0.2,76,76,8855.05,0.3,0.8,0.2,0.0,0.0,0,0,0.0,0.0,0,0,0.0,40396.35,2,1,0.5,44275.25,5,1,0.2,0
LGS2ORD0035490,C012902,2025-10-09 01:00:00,Male,34,Bronze,Shopee,Chiang Mai,371,Shopee,COD,1,10,3,0,30-40,12.366666666666667,8.0,1.0,0.125,77,11,4013.0925,0.23,0.5,0.25,0.0,0.0,0,0,0.0,1601.03,1,0,0.0,18049.25,5,1,0.2,32104.74,8,1,0.125,0
LGS2ORD0035491,C015173,2025-10-09 01:00:00,Male,50,Bronze,Web,Nakhon Ratchasima,567,TV_Show,Bank_Transfer,1,10,3,0,40-50,18.9,2.0,1.0,0.5,158,74,8549.664999999999,0.18,0.5,0.0,0.0,0.0,0,0,0.0,0.0,0,0,0.0,6092.28,1,0,0.0,17099.329999999998,2,1,0.5,0
LGS2ORD0035492,C011174,2025-10-09 02:00:00,Male,26,Gold,Lazada,Songkhla,1269,Lazada,COD,2,10,3,0,20-30,42.3,4.0,1.0,0.25,17,5,4357.605,0.28,0.25,0.25,0.0,10621.68,1,0,0.0,14086.65,2,1,0.5,14086.65,2,1,0.5,17430.42,4,1,0.25,1
LGS2ORD0035493,C013814,2025-10-09 02:00:00,Female,59,Bronze,TV,Songkhla,1213,TV_Show,COD,2,10,3,0,>50,40.43333333333333,2.0,1.0,0.5,121,134,14680.2,0.18,0.5,0.0,0.0,0.0,0,0,0.0,0.0,0,0,0.0,0.0,0,0,0.0,29360.4,2,1,0.5,0
LGS2ORD0035494,C012396,2025-10-09 02:00:00,Female,56,Silver,Shopee,Remote_Area,832,CallCenter,Credit_Card,2,10,3,0,>50,27.733333333333334,8.0,5.0,0.625,13,25,9626.352499999999,0.25,0.875,0.25,0.0,0.0,0,0,0.0,15454.09,1,1,1.0,63589.979999999996,5,3,0.6,77010.81999999999,8,5,0.625,1
LGS2ORD0035495,C016910,2025-10-09 02:00:00,Other,47,Gold,TV,Khon Kaen,459,CallCenter,Bank_Transfer,2,10,3,0,40-50,15.3,3.0,1.0,0.3333333333333333,238,97,4162.163333333334,0.2299999999999999,0.6666666666666666,0.3333333333333333,0.0,0.0,0,0,0.0,0.0,0,0,0.0,0.0,0,0,0.0,12486.490000000002,3,1,0.3333333333333333,1
LGS2ORD0035496,C010400,2025-10-09 02:00:00,Male,34,Silver,TV,Bangkok,366,Web,PromptPay,2,10,3,0,30-40,12.2,1.0,0.0,0.0,-1,3,1910.32,0.05,1.0,0.0,0.0,1910.32,1,0,0.0,1910.32,1,0,0.0,1910.32,1,0,0.0,1910.32,1,0,0.0,1
LGS2ORD0035497,C010722,2025-10-09 03:00:00,Female,37,Bronze,Lazada,Chiang Mai,690,TV_Show,COD,3,10,3,0,30-40,23.0,5.0,1.0,0.2,137,4,7819.217999999999,0.28,0.8,0.2,0.0,2208.42,1,0,0.0,2208.42,1,0,0.0,2208.42,1,0,0.0,39096.09,5,1,0.2,1
LGS2ORD0035498,C012927,2025-10-09 03:00:00,Male,24,Silver,TV,Bangkok,627,Lazada,COD,3,10,3,0,20-30,20.9,1.0,0.0,0.0,-1,38,564.04,0.1,0.0,0.0,0.0,0.0,0,0,0.0,0.0,0,0,0.0,564.04,1,0,0.0,564.04,1,0,0.0,1
LGS2ORD0035499,C012823,2025-10-09 03:00:00,Female,56,Bronze,Web,Phuket,1498,CallCenter,Bank_Transfer,3,10,3,0,>50,49.93333333333333,12.0,5.0,0.4166666666666667,6,20,4174.309166666667,0.28,0.6666666666666666,0.08333333333333333,0.0,0.0,0,0,0.0,5835.28,1,1,1.0,13171.55,3,1,0.3333333333333333,50091.71,12,5,0.4166666666666667,0
LGS2ORD0035500,C010719,2025-10-09 03:00:00,Male,60,Bronze,TV,Khon Kaen,330,Web,PromptPay,3,10,3,0,>50,11.0,2.0,0.0,0.0,-1,194,2917.68,0.18,0.0,0.0,0.0,0.0,0,0,0.0,0.0,0,0,0.0,0.0,0,0,0.0,5835.36,2,0,0.0,0
LGS2ORD0035501,C011212,2025-10-09 03:00:00,Female,54,Bronze,Web,Bangkok,1641,Shopee,Credit_Card,3,10,3,0,>50,54.7,7.0,1.0,0.14285714285714285,137,24,4566.63,0.23,0.5714285714285714,0.14285714285714285,0.0,0.0,0,0,0.0,671.48,1,0,0.0,24101.87,3,0,0.0,31966.41,7,1,0.14285714285714285,1
LGS2ORD0035502,C014956,2025-10-09 03:00:00,Female,27,Bronze,TV,Phuket,462,Web,COD,3,10,3,0,20-30,15.4,7.0,2.0,0.2857142857142857,82,18,9127.532857142856,0.28,0.7142857142857143,0.2857142857142857,0.0,0.0,0,0,0.0,14615.17,1,0,0.0,18433.56,2,0,0.0,63892.729999999996,7,2,0.2857142857142857,0
LGS2ORD0035503,C012821,2025-10-09 04:00:00,Female,18,Bronze,CallCenter,Chonburi,860,Shopee,Credit_Card,4,10,3,0,<20,28.666666666666668,3.0,0.0,0.0,-1,176,9531.996666666666,0.23,0.6666666666666666,0.3333333333333333,0.0,0.0,0,0,0.0,0.0,0,0,0.0,0.0,0,0,0.0,28595.989999999998,3,0,0.0,0
LGS2ORD0035504,C014873,2025-10-09 04:00:00,Female,33,Silver,TV,Nakhon Ratchasima,620,CallCenter,PromptPay,4,10,3,0,30-40,20.666666666666668,3.0,2.0,0.6666666666666666,101,113,4271.9766666666665,0.3,0.3333333333333333,0.3333333333333333,0.0,0.0,0,0,0.0,0.0,0,0,0.0,0.0,0,0,0.0,12815.93,3,2,0.6666666666666666,0
LGS2ORD0035505,C013369,2025-10-09 04:00:00,Female,41,Gold,Shopee,Bangkok,467,Shopee,Bank_Transfer,4,10,3,0,40-50,15.566666666666666,1.0,0.0,0.0,-1,59,6388.81,0.28,0.0,1.0,0.0,0.0,0,0,0.0,0.0,0,0,0.0,6388.81,1,0,0.0,6388.81,1,0,0.0,0
LGS2ORD0035506,C017475,2025-10-09 04:00:00,Female,22,Silver,Shopee,Bangkok,1163,CallCenter,Credit_Card,4,10,3,0,20-30,38.766666666666666,4.0,0.0,0.0,-1,51,5538.6975,0.3,0.25,0.25,0.0,0.0,0,0,0.0,0.0,0,0,0.0,5868.81,1,0,0.0,22154.79,4,0,0.0,0
LGS2ORD0035507,C017538,2025-10-09 04:00:00,Female,38,Gold,Web,Bangkok,1464,Web,COD,4,10,3,0,30-40,48.8,8.0,2.0,0.25,157,13,7996.26375,0.33,0.75,0.375,0.0,0.0,0,0,0.0,8904.82,1,0,0.0,16249.56,2,0,0.0,63970.11,8,2,0.25,1
LGS2ORD0035508,C016488,2025-10-09 05:00:00,Female,54,Bronze,TV,Songkhla,1170,TV_Show,Bank_Transfer,5,10,3,0,>50,39.0,6.0,2.0,0.3333333333333333,53,19,3672.6166666666663,0.23,0.6666666666666666,0.16666666666666666,0.0,0.0,0,0,0.0,10255.41,1,0,0.0,17335.97,4,1,0.25,22035.699999999997,6,2,0.3333333333333333,0
LGS2ORD0035509,C017113,2025-10-09 05:00:00,Female,50,Bronze,TV,Khon Kaen,491,Web,COD,5,10,3,0,40-50,16.366666666666667,5.0,1.0,0.2,140,15,5953.849999999999,0.28,0.4,0.4,0.0,0.0,0,0,0.0,3101.55,1,0,0.0,24492.51,2,0,0.0,29769.249999999996,5,1,0.2,1
LGS2ORD0035510,C015023,2025-10-09 05:00:00,Female,56,Bronze,Shopee,Chiang Mai,1076,TV_Show,COD,5,10,3,0,>50,35.86666666666667,2.0,0.0,0.0,-1,35,4284.135,0.18,0.5,0.0,0.0,0.0,0,0,0.0,0.0,0,0,0.0,8095.01,1,0,0.0,8568.27,2,0,0.0,0
LGS2ORD0035511,C014934,2025-10-09 05:00:00,Male,48,Silver,TV,Bangkok,1554,Web,COD,5,10,3,0,40-50,51.8,3.0,0.0,0.0,-1,120,3055.0200000000004,0.3,0.0,1.0,0.0,0.0,0,0,0.0,0.0,0,0,0.0,0.0,0,0,0.0,9165.060000000001,3,0,0.0,0
LGS2ORD0035512,C012611,2025-10-09 05:00:00,Male,55,Gold,Web,Remote_Area,805,Shopee,COD,5,10,3,0,>50,26.833333333333332,5.0,2.0,0.4,147,11,4214.848,0.28,0.4,0.8,0.0,0.0,0,0,0.0,7513.29,1,0,0.0,7513.29,1,0,0.0,21074.24,5,2,0.4,0
LGS2ORD0035513,C011831,2025-10-09 06:00:00,Female,69,Bronze,TV,Songkhla,1169,CallCenter,Credit_Card,6,10,3,0,>50,38.96666666666667,4.0,2.0,0.5,92,64,8737.0825,0.23,0.5,0.5,0.0,0.0,0,0,0.0,0.0,0,0,0.0,11106.27,1,0,0.0,34948.33,4,2,0.5,0
LGS2ORD0035514,C014593,2025-10-09 06:00:00,Male,38,Bronze,TV,Chiang Mai,1667,Web,COD,6,10,3,0,30-40,55.56666666666667,7.0,0.0,0.0,-1,96,6505.068571428571,0.28,0.42857142857142855,0.14285714285714285,0.0,0.0,0,0,0.0,0.0,0,0,0.0,0.0,0,0,0.0,45535.479999999996,7,0,0.0,0
LGS2ORD0035515,C012159,2025-10-09 06:00:00,Male,45,Bronze,Shopee,Bangkok,785,TV_Show,COD,6,10,3,0,40-50,26.166666666666668,3.0,2.0,0.6666666666666666,-4,1,5689.759999999999,0.18,0.6666666666666666,0.0,0.0,2865.14,1,1,1.0,14031.73,2,1,0.5,14031.73,2,1,0.5,17069.28,3,2,0.6666666666666666,0
LGS2ORD0035516,C010854,2025-10-09 06:00:00,Other,45,Bronze,CallCenter,Bangkok,1641,Lazada,COD,6,10,3,0,40-50,54.7,4.0,0.0,0.0,-1,130,3313.6250000000005,0.18,0.0,0.0,0.0,0.0,0,0,0.0,0.0,0,0,0.0,0.0,0,0,0.0,13254.500000000002,4,0,0.0,1
LGS2ORD0035517,C014170,2025-10-09 06:00:00,Female,39,Silver,Lazada,Bangkok,475,Shopee,Bank_Transfer,6,10,3,0,30-40,15.833333333333334,3.0,0.0,0.0,-1,53,9096.263333333334,0.2,0.0,0.0,0.0,0.0,0,0,0.0,0.0,0,0,0.0,16269.18,1,0,0.0,27288.79,3,0,0.0,0
LGS2ORD0035518,C017892,2025-10-09 06:00:00,Female,58,Silver,Web,Nakhon Ratchasima,749,Shopee,Bank_Transfer,6,10,3,0,>50,24.966666666666665,4.0,2.0,0.5,-2,6,8188.4525,0.3,0.5,0.25,0.0,3526.97,1,1,1.0,3526.97,1,1,1.0,5118.0599999999995,2,2,1.0,32753.81,4,2,0.5,0
LGS2ORD0035519,C013480,2025-10-09 07:00:00,Male,45,Bronze,Shopee,Chiang Mai,1499,Lazada,COD,7,10,3,0,40-50,49.96666666666667,2.0,1.0,0.5,187,163,21519.965,0.18,0.0,0.0,0.0,0.0,0,0,0.0,0.0,0,0,0.0,0.0,0,0,0.0,43039.93,2,1,0.5,0
LGS2ORD0035520,C017119,2025-10-09 07:00:00,Female,46,Silver,Shopee,Chonburi,921,Lazada,PromptPay,7,10,3,0,40-50,30.7,7.0,2.0,0.2857142857142857,-8,3,12988.285714285714,0.25,0.7142857142857143,0.14285714285714285,0.0,28137.24,1,1,1.0,29176.56,2,1,0.5,29176.56,2,1,0.5,90918.0,7,2,0.2857142857142857,0
LGS2ORD0035521,C016646,2025-10-09 07:00:00,Male,38,Bronze,TV,Chiang Mai,579,Web,Bank_Transfer,7,10,3,0,30-40,19.3,12.0,3.0,0.25,35,17,8684.576666666668,0.28,0.5833333333333334,0.16666666666666666,0.0,0.0,0,0,0.0,39012.76,1,0,0.0,66570.02,4,1,0.25,104214.92000000001,12,3,0.25,0
LGS2ORD0035522,C017079,2025-10-09 07:00:00,Female,49,Bronze,Shopee,Phuket,1496,Web,Credit_Card,7,10,3,0,40-50,49.86666666666667,2.0,2.0,1.0,94,104,5366.395,0.28,1.0,1.0,0.0,0.0,0,0,0.0,0.0,0,0,0.0,0.0,0,0,0.0,10732.79,2,2,1.0,0
LGS2ORD0035523,C017143,2025-10-09 07:00:00,Female,50,Bronze,TV,Nakhon Ratchasima,1140,Shopee,COD,7,10,3,0,40-50,38.0,5.0,0.0,0.0,-1,21,2809.98,0.23,0.6,0.2,0.0,0.0,0,0,0.0,4565.139999999999,3,0,0.0,4565.139999999999,3,0,0.0,14049.9,5,0,0.0,0
LGS2ORD0035524,C015323,2025-10-09 08:00:00,Female,40,Bronze,TV,Songkhla,1153,CallCenter,Credit_Card,8,10,3,0,30-40,38.43333333333333,13.0,7.0,0.5384615384615384,-8,5,3454.3,0.28,0.6923076923076923,0.5384615384615384,0.0,1016.17,1,1,1.0,7272.9400000000005,3,2,0.6666666666666666,29290.14,6,4,0.6666666666666666,44905.9,13,7,0.5384615384615384,0
LGS2ORD0035525,C016187,2025-10-09 08:00:00,Female,20,Bronze,Web,Bangkok,438,Web,Bank_Transfer,8,10,3,0,<20,14.6,6.0,1.0,0.16666666666666666,205,5,8494.471666666666,0.18,0.3333333333333333,0.0,0.0,6150.28,1,0,0.0,6150.28,1,0,0.0,7884.23,2,0,0.0,50966.829999999994,6,1,0.16666666666666666,0
LGS2ORD0035526,C014787,2025-10-09 08:00:00,Male,26,Bronze,Shopee,Bangkok,441,Web,Credit_Card,8,10,3,0,20-30,14.7,7.0,0.0,0.0,-1,52,7751.431428571429,0.23,0.5714285714285714,0.42857142857142855,0.0,0.0,0,0,0.0,0.0,0,0,0.0,9908.02,2,0,0.0,54260.020000000004,7,0,0.0,0
LGS2ORD0035527,C013019,2025-10-09 08:00:00,Female,34,Bronze,TV,Chiang Mai,442,Shopee,COD,8,10,3,0,30-40,14.733333333333333,6.0,2.0,0.3333333333333333,109,4,4288.611666666667,0.28,0.6666666666666666,0.3333333333333333,0.0,7178.75,1,0,0.0,7178.75,1,0,0.0,7178.75,1,0,0.0,25731.67,6,2,0.3333333333333333,0
LGS2ORD0035528,C011529,2025-10-09 08:00:00,Female,39,Bronze,Shopee,Chiang Mai,1579,Shopee,COD,8,10,3,0,30-40,52.63333333333333,7.0,0.0,0.0,-1,34,6652.494285714287,0.23,0.42857142857142855,0.14285714285714285,0.0,0.0,0,0,0.0,0.0,0,0,0.0,20274.370000000003,5,0,0.0,46567.46000000001,7,0,0.0,0
LGS2ORD0035529,C015878,2025-10-09 09:00:00,Female,30,Platinum,Shopee,Bangkok,1538,CallCenter,PromptPay,9,10,3,0,20-30,51.266666666666666,3.0,1.0,0.3333333333333333,2,18,7366.463333333334,0.35,0.0,0.6666666666666666,0.0,0.0,0,0,0.0,958.95,1,1,1.0,958.95,1,1,1.0,22099.390000000003,3,1,0.3333333333333333,0
LGS2ORD0035530,C017082,2025-10-09 09:00:00,Female,34,Bronze,TV,Chiang Mai,975,Web,COD,9,10,3,0,30-40,32.5,7.0,3.0,0.42857142857142855,73,40,2696.5385714285717,0.28,0.5714285714285714,0.14285714285714285,0.0,0.0,0,0,0.0,0.0,0,0,0.0,7551.1900000000005,3,1,0.3333333333333333,18875.77,7,3,0.42857142857142855,1
LGS2ORD0035531,C010322,2025-10-09 09:00:00,Female,25,Bronze,Web,Chiang Mai,926,TV_Show,COD,9,10,3,0,20-30,30.866666666666667,5.0,1.0,0.2,153,4,3268.2780000000002,0.13,0.4,0.0,0.0,1694.68,1,0,0.0,1694.68,1,0,0.0,4809.77,2,0,0.0,16341.390000000001,5,1,0.2,0
LGS2ORD0035532,C013797,2025-10-09 09:00:00,Female,45,Platinum,Shopee,Bangkok,1487,CallCenter,Bank_Transfer,9,10,3,0,40-50,49.56666666666667,4.0,1.0,0.25,141,131,7241.870000000001,0.15,0.25,0.0,0.0,0.0,0,0,0.0,0.0,0,0,0.0,0.0,0,0,0.0,28967.480000000003,4,1,0.25,0
LGS2ORD0035533,C016834,2025-10-09 09:00:00,Male,54,Silver,Lazada,Chonburi,1573,CallCenter,COD,9,10,3,0,>50,52.43333333333333,3.0,0.0,0.0,-1,181,18071.78,0.15,0.3333333333333333,0.0,0.0,0.0,0,0,0.0,0.0,0,0,0.0,0.0,0,0,0.0,54215.34,3,0,0.0,0
LGS2ORD0035534,C015272,2025-10-09 10:00:00,Female,39,Bronze,TV,Khon Kaen,919,CallCenter,Credit_Card,10,10,3,0,30-40,30.633333333333333,5.0,0.0,0.0,-1,77,2631.672,0.23,0.2,0.2,0.0,0.0,0,0,0.0,0.0,0,0,0.0,709.45,1,0,0.0,13158.36,5,0,0.0,0
LGS2ORD0035535,C013570,2025-10-09 10:00:00,Male,33,Bronze,TV,Bangkok,387,TV_Show,COD,10,10,3,0,30-40,12.9,1.0,0.0,0.0,-1,212,732.94,0.13,0.0,0.0,0.0,0.0,0,0,0.0,0.0,0,0,0.0,0.0,0,0,0.0,732.94,1,0,0.0,0
LGS2ORD0035536,C012359,2025-10-09 10:00:00,Female,72,Silver,Lazada,Bangkok,1716,CallCenter,PromptPay,10,10,3,0,>50,57.2,4.0,1.0,0.25,1,9,3726.7350000000006,0.2,0.75,0.0,0.0,0.0,0,0,0.0,4451.47,1,1,1.0,4451.47,1,1,1.0,14906.940000000002,4,1,0.25,1
LGS2ORD0035537,C011847,2025-10-09 10:00:00,Female,50,Bronze,Web,Nakhon Ratchasima,802,Web,Bank_Transfer,10,10,3,0,40-50,26.733333333333334,5.0,1.0,0.2,224,24,4051.898,0.23,0.4,0.2,0.0,0.0,0,0,0.0,12515.66,2,0,0.0,12515.66,2,0,0.0,20259.49,5,1,0.2,0
LGS2ORD0035538,C012842,2025-10-09 10:00:00,Female,57,Gold,CallCenter,Phuket,923,Web,Bank_Transfer,10,10,3,0,>50,30.766666666666666,0.0,0.0,0.0,-1,-1,0.0,0.0,0.0,0.0,0.0,0.0,0,0,0.0,0.0,0,0,0.0,0.0,0,0,0.0,0.0,0,0,0.0,0
LGS2ORD0035539,C012701,2025-10-09 10:00:00,Female,33,Bronze,Web,Bangkok,1207,Lazada,Credit_Card,10,10,3,0,30-40,40.233333333333334,4.0,1.0,0.25,135,41,5457.0925,0.18,0.5,0.0,0.0,0.0,0,0,0.0,0.0,0,0,0.0,14508.82,3,0,0.0,21828.37,4,1,0.25,0
LGS2ORD0035540,C015794,2025-10-09 11:00:00,Female,18,Silver,Web,Khon Kaen,1578,Lazada,COD,11,10,3,0,<20,52.6,2.0,0.0,0.0,-1,18,969.74,0.15,0.0,0.0,0.0,0.0,0,0,0.0,494.57,1,0,0.0,494.57,1,0,0.0,1939.48,2,0,0.0,1
LGS2ORD0035541,C014630,2025-10-09 11:00:00,Male,49,Bronze,TV,Chiang Mai,1478,Shopee,Credit_Card,11,10,3,0,40-50,49.266666666666666,2.0,2.0,1.0,182,197,5450.34,0.18,0.5,0.0,0.0,0.0,0,0,0.0,0.0,0,0,0.0,0.0,0,0,0.0,10900.68,2,2,1.0,0
LGS2ORD0035542,C010360,2025-10-09 11:00:00,Male,19,Gold,Web,Nakhon Ratchasima,1345,Lazada,COD,11,10,3,0,<20,44.833333333333336,1.0,0.0,0.0,-1,28,9118.79,0.2299999999999999,0.0,1.0,0.0,0.0,0,0,0.0,9118.79,1,0,0.0,9118.79,1,0,0.0,9118.79,1,0,0.0,0
LGS2ORD0035543,C014173,2025-10-09 11:00:00,Female,57,Silver,CallCenter,Khon Kaen,1240,Lazada,Credit_Card,11,10,3,0,>50,41.333333333333336,9.0,2.0,0.2222222222222222,7,22,5541.528888888889,0.25,0.7777777777777778,0.3333333333333333,0.0,0.0,0,0,0.0,4136.37,1,1,1.0,34598.32,4,2,0.5,49873.76,9,2,0.2222222222222222,0
LGS2ORD0035544,C016973,2025-10-09 11:00:00,Female,33,Bronze,TV,Chiang Mai,718,Web,PromptPay,11,10,3,0,30-40,23.933333333333334,5.0,1.0,0.2,121,120,3879.1800000000003,0.28,0.6,0.2,0.0,0.0,0,0,0.0,0.0,0,0,0.0,0.0,0,0,0.0,19395.9,5,1,0.2,0
LGS2ORD0035545,C013875,2025-10-09 12:00:00,Male,42,Silver,CallCenter,Bangkok,1372,Shopee,PromptPay,12,10,3,0,40-50,45.733333333333334,4.0,1.0,0.25,174,121,1472.7725,0.2,0.5,0.0,0.0,0.0,0,0,0.0,0.0,0,0,0.0,0.0,0,0,0.0,5891.09,4,1,0.25,1
LGS2ORD0035546,C014376,2025-10-09 12:00:00,Female,51,Bronze,Shopee,Bangkok,1148,Lazada,PromptPay,12,10,3,0,>50,38.266666666666666,5.0,1.0,0.2,184,13,6048.552000000001,0.23,0.2,0.2,0.0,0.0,0,0,0.0,4226.67,1,0,0.0,5098.84,2,0,0.0,30242.760000000002,5,1,0.2,0
LGS2ORD0035547,C011165,2025-10-09 12:00:00,Female,58,Silver,Web,Remote_Area,969,Lazada,COD,12,10,3,0,>50,32.3,8.0,1.0,0.125,223,15,6487.02625,0.25,0.625,0.125,0.0,0.0,0,0,0.0,17843.1,1,0,0.0,17843.1,1,0,0.0,51896.21,8,1,0.125,0
LGS2ORD0035548,C017790,2025-10-09 12:00:00,Male,40,Gold,Web,Songkhla,841,TV_Show,Bank_Transfer,12,10,3,0,30-40,28.033333333333335,7.0,2.0,0.2857142857142857,86,10,7171.400000000001,0.28,0.7142857142857143,0.42857142857142855,0.0,0.0,0,0,0.0,3466.78,1,0,0.0,5998.4,2,0,0.0,50199.8,7,2,0.2857142857142857,0
LGS2ORD0035549,C012494,2025-10-09 12:00:00,Male,56,Bronze,Web,Songkhla,1627,CallCenter,COD,12,10,3,0,>50,54.233333333333334,7.0,3.0,0.42857142857142855,199,6,6807.05,0.28,0.5714285714285714,0.42857142857142855,0.0,6155.07,1,0,0.0,6155.07,1,0,0.0,6155.07,1,0,0.0,47649.35,7,3,0.42857142857142855,0
LGS2ORD0035550,C016424,2025-10-09 13:00:00,Female,62,Silver,TV,Bangkok,1530,TV_Show,Credit_Card,13,10,3,0,>50,51.0,3.0,1.0,0.3333333333333333,120,91,8129.38,0.15,1.0,0.0,0.0,0.0,0,0,0.0,0.0,0,0,0.0,0.0,0,0,0.0,24388.14,3,1,0.3333333333333333,1
LGS2ORD0035551,C016087,2025-10-09 13:00:00,Female,44,Bronze,Lazada,Songkhla,881,TV_Show,Credit_Card,13,10,3,0,40-50,29.366666666666667,7.0,0.0,0.0,-1,3,2861.0285714285715,0.28,0.2857142857142857,0.2857142857142857,0.0,4170.55,1,0,0.0,4170.55,1,0,0.0,4954.88,2,0,0.0,20027.2,7,0,0.0,0
LGS2ORD0035552,C011976,2025-10-09 13:00:00,Male,64,Bronze,Shopee,Remote_Area,841,CallCenter,COD,13,10,3,0,>50,28.033333333333335,4.0,1.0,0.25,239,89,4228.7474999999995,0.28,0.75,0.25,0.0,0.0,0,0,0.0,0.0,0,0,0.0,6610.73,1,0,0.0,16914.989999999998,4,1,0.25,1
LGS2ORD0035553,C011423,2025-10-09 13:00:00,Other,60,Bronze,Shopee,Bangkok,1695,Web,PromptPay,13,10,3,0,>50,56.5,9.0,2.0,0.2222222222222222,81,71,5472.293333333333,0.18,0.6666666666666666,0.0,0.0,0.0,0,0,0.0,0.0,0,0,0.0,6508.08,2,0,0.0,49250.64,9,2,0.2222222222222222,0
LGS2ORD0035554,C013495,2025-10-09 13:00:00,Female,27,Silver,Lazada,Chonburi,869,TV_Show,COD,13,10,3,0,20-30,28.966666666666665,4.0,1.0,0.25,98,2,4171.25,0.15,0.5,0.0,0.0,2716.0,1,0,0.0,5963.469999999999,2,0,0.0,5963.469999999999,2,0,0.0,16685.0,4,1,0.25,0
LGS2ORD0035555,C011301,2025-10-09 14:00:00,Female,35,Gold,TV,Nakhon Ratchasima,411,Lazada,Credit_Card,14,10,3,0,30-40,13.7,4.0,0.0,0.0,-1,75,3749.895,0.28,0.75,1.0,0.0,0.0,0,0,0.0,0.0,0,0,0.0,3461.35,2,0,0.0,14999.58,4,0,0.0,0
LGS2ORD0035556,C017905,2025-10-09 14:00:00,Male,38,Bronze,Shopee,Songkhla,1175,TV_Show,Bank_Transfer,14,10,3,0,30-40,39.166666666666664,4.0,1.0,0.25,167,76,2014.9025000000001,0.18,0.25,0.0,0.0,0.0,0,0,0.0,0.0,0,0,0.0,1764.59,1,0,0.0,8059.610000000001,4,1,0.25,0
LGS2ORD0035557,C011968,2025-10-09 14:00:00,Male,41,Silver,Shopee,Bangkok,1731,TV_Show,PromptPay,14,10,3,0,40-50,57.7,5.0,2.0,0.4,108,115,6754.433999999999,0.3,0.4,0.4,0.0,0.0,0,0,0.0,0.0,0,0,0.0,0.0,0,0,0.0,33772.17,5,2,0.4,0
LGS2ORD0035558,C012877,2025-10-09 14:00:00,Male,31,Silver,Shopee,Phuket,384,TV_Show,COD,14,10,3,0,30-40,12.8,4.0,1.0,0.25,76,92,992.76,0.3,0.5,0.5,0.0,0.0,0,0,0.0,0.0,0,0,0.0,0.0,0,0,0.0,3971.04,4,1,0.25,0
LGS2ORD0035559,C015553,2025-10-09 14:00:00,Female,18,Bronze,Shopee,Chiang Mai,580,Web,COD,14,10,3,0,<20,19.333333333333332,7.0,4.0,0.5714285714285714,38,46,5506.051428571429,0.28,0.7142857142857143,0.42857142857142855,0.0,0.0,0,0,0.0,0.0,0,0,0.0,28048.800000000003,3,2,0.6666666666666666,38542.36,7,4,0.5714285714285714,1
LGS2ORD0035560,C014552,2025-10-09 14:00:00,Female,26,Silver,TV,Bangkok,641,CallCenter,COD,14,10,3,0,20-30,21.366666666666667,4.0,1.0,0.25,250,15,8108.482500000001,0.3,0.5,0.25,0.0,0.0,0,0,0.0,1965.65,1,0,0.0,1965.65,1,0,0.0,32433.930000000004,4,1,0.25,0
LGS2ORD0035561,C017551,2025-10-09 15:00:00,Female,32,Silver,Web,Khon Kaen,1520,Shopee,Bank_Transfer,15,10,3,0,30-40,50.666666666666664,1.0,0.0,0.0,-1,19,3301.38,0.1,1.0,0.0,0.0,0.0,0,0,0.0,3301.38,1,0,0.0,3301.38,1,0,0.0,3301.38,1,0,0.0,0
LGS2ORD0035562,C011691,2025-10-09 15:00:00,Male,47,Silver,Lazada,Nakhon Ratchasima,909,Shopee,Credit_Card,15,10,3,0,40-50,30.3,2.0,0.0,0.0,-1,176,4910.605,0.3,0.5,1.0,0.0,0.0,0,0,0.0,0.0,0,0,0.0,0.0,0,0,0.0,9821.21,2,0,0.0,0
LGS2ORD0035563,C012729,2025-10-09 15:00:00,Female,38,Silver,TV,Bangkok,1514,Lazada,PromptPay,15,10,3,0,30-40,50.46666666666667,3.0,1.0,0.3333333333333333,233,49,7559.043333333332,0.2,0.0,0.0,0.0,0.0,0,0,0.0,0.0,0,0,0.0,19902.42,2,0,0.0,22677.129999999997,3,1,0.3333333333333333,0
LGS2ORD0035564,C012914,2025-10-09 15:00:00,Female,34,Bronze,Web,Bangkok,727,TV_Show,PromptPay,15,10,3,0,30-40,24.233333333333334,4.0,0.0,0.0,-1,28,7850.9225,0.18,0.5,0.0,0.0,0.0,0,0,0.0,11670.23,1,0,0.0,22931.78,2,0,0.0,31403.69,4,0,0.0,1
LGS2ORD0035565,C016097,2025-10-09 15:00:00,Female,67,Silver,TV,Remote_Area,1285,Lazada,COD,15,10,3,0,>50,42.833333333333336,5.0,0.0,0.0,-1,54,4122.868,0.25,0.6,0.2,0.0,0.0,0,0,0.0,0.0,0,0,0.0,8658.95,1,0,0.0,20614.34,5,0,0.0,0
LGS2ORD0035566,C017113,2025-10-09 16:00:00,Female,50,Bronze,TV,Khon Kaen,491,Shopee,COD,16,10,3,0,40-50,16.366666666666667,6.0,2.0,0.3333333333333333,-8,0,5575.588333333333,0.28,0.5,0.3333333333333333,0.0,3684.28,1,1,1.0,6785.83,2,1,0.5,28176.789999999997,3,1,0.3333333333333333,33453.53,6,2,0.3333333333333333,0
LGS2ORD0035567,C011570,2025-10-09 16:00:00,Male,36,Silver,Web,Chonburi,1716,TV_Show,Credit_Card,16,10,3,0,30-40,57.2,3.0,1.0,0.3333333333333333,30,32,10505.953333333333,0.25,0.6666666666666666,0.3333333333333333,0.0,0.0,0,0,0.0,0.0,0,0,0.0,1997.38,1,1,1.0,31517.86,3,1,0.3333333333333333,0
LGS2ORD0035568,C012544,2025-10-09 16:00:00,Female,28,Platinum,TV,Bangkok,354,Lazada,COD,16,10,3,0,20-30,11.8,3.0,2.0,0.6666666666666666,55,70,1115.0733333333333,0.25,0.3333333333333333,0.6666666666666666,0.0,0.0,0,0,0.0,0.0,0,0,0.0,826.77,1,1,1.0,3345.22,3,2,0.6666666666666666,1
LGS2ORD0035569,C012961,2025-10-09 16:00:00,Female,55,Silver,Web,Phuket,1648,Shopee,PromptPay,16,10,3,0,>50,54.93333333333333,10.0,2.0,0.2,76,23,4106.054,0.3,0.8,0.2,0.0,0.0,0,0,0.0,696.12,1,0,0.0,1301.23,2,1,0.5,41060.54,10,2,0.2,0
LGS2ORD0035570,C011963,2025-10-09 16:00:00,Male,35,Silver,TV,Chonburi,1036,TV_Show,Credit_Card,16,10,3,0,30-40,34.53333333333333,4.0,2.0,0.5,83,28,2985.8900000000003,0.2,1.0,0.0,0.0,0.0,0,0,0.0,1889.88,1,0,0.0,1889.88,1,0,0.0,11943.560000000001,4,2,0.5,0
LGS2ORD0035571,C011930,2025-10-09 17:00:00,Female,45,Bronze,TV,Bangkok,1036,Shopee,Credit_Card,17,10,3,0,40-50,34.53333333333333,1.0,0.0,0.0,-1,175,3515.19,0.18,1.0,0.0,0.0,0.0,0,0,0.0,0.0,0,0,0.0,0.0,0,0,0.0,3515.19,1,0,0.0,1
LGS2ORD0035572,C010842,2025-10-09 17:00:00,Female,64,Gold,Shopee,Chonburi,1001,Web,Credit_Card,17,10,3,0,>50,33.36666666666667,9.0,1.0,0.1111111111111111,230,5,3291.1133333333337,0.33,0.7777777777777778,0.3333333333333333,0.0,1283.86,1,0,0.0,6708.9,2,0,0.0,12554.29,4,0,0.0,29620.020000000004,9,1,0.1111111111111111,0
LGS2ORD0035573,C013951,2025-10-09 17:00:00,Male,40,Bronze,Lazada,Bangkok,1602,Web,PromptPay,17,10,3,0,30-40,53.4,3.0,0.0,0.0,-1,56,5942.383333333334,0.23,0.0,0.6666666666666666,0.0,0.0,0,0,0.0,0.0,0,0,0.0,453.77,1,0,0.0,17827.15,3,0,0.0,0
LGS2ORD0035574,C012540,2025-10-09 17:00:00,Female,52,Silver,Web,Songkhla,570,Shopee,COD,17,10,3,0,>50,19.0,5.0,1.0,0.2,123,48,5863.916,0.3,0.4,0.8,0.0,0.0,0,0,0.0,0.0,0,0,0.0,855.32,1,0,0.0,29319.58,5,1,0.2,1
LGS2ORD0035575,C016084,2025-10-09 17:00:00,Female,50,Bronze,Lazada,Bangkok,569,Shopee,COD,17,10,3,0,40-50,18.966666666666665,3.0,2.0,0.6666666666666666,83,41,9177.25,0.28,0.6666666666666666,0.3333333333333333,0.0,0.0,0,0,0.0,0.0,0,0,0.0,16233.94,1,0,0.0,27531.75,3,2,0.6666666666666666,1
LGS2ORD0035576,C014157,2025-10-09 18:00:00,Male,59,Gold,TV,Khon Kaen,1728,Shopee,Credit_Card,18,10,3,0,>50,57.6,4.0,0.0,0.0,-1,17,4893.469999999999,0.28,0.0,0.75,0.0,0.0,0,0,0.0,10475.41,1,0,0.0,17799.78,2,0,0.0,19573.879999999997,4,0,0.0,0
LGS2ORD0035577,C015011,2025-10-09 18:00:00,Female,34,Gold,Shopee,Khon Kaen,596,TV_Show,COD,18,10,3,0,30-40,19.866666666666667,6.0,0.0,0.0,-1,29,2725.606666666666,0.28,0.6666666666666666,0.3333333333333333,0.0,0.0,0,0,0.0,3443.56,1,0,0.0,9573.84,3,0,0.0,16353.639999999998,6,0,0.0,0
LGS2ORD0035578,C015418,2025-10-09 18:00:00,Male,50,Silver,Web,Remote_Area,511,Lazada,COD,18,10,3,0,40-50,17.033333333333335,8.0,4.0,0.5,49,62,2992.4449999999997,0.3,0.375,0.25,0.0,0.0,0,0,0.0,0.0,0,0,0.0,13659.9,2,1,0.5,23939.559999999998,8,4,0.5,0
LGS2ORD0035579,C015781,2025-10-09 18:00:00,Female,45,Bronze,Shopee,Songkhla,1559,Web,COD,18,10,3,0,40-50,51.96666666666667,5.0,2.0,0.4,174,6,5318.124,0.18,0.2,0.0,0.0,5929.16,1,0,0.0,5929.16,1,0,0.0,5929.16,1,0,0.0,26590.62,5,2,0.4,0
LGS2ORD0035580,C013144,2025-10-09 18:00:00,Female,57,Silver,Lazada,Phuket,461,CallCenter,Credit_Card,18,10,3,0,>50,15.366666666666667,11.0,3.0,0.2727272727272727,98,3,8392.176363636363,0.25,0.7272727272727273,0.09090909090909091,0.0,14984.09,1,0,0.0,14984.09,1,0,0.0,14984.09,1,0,0.0,92313.94,11,3,0.2727272727272727,1
LGS2ORD0035581,C015063,2025-10-09 18:00:00,Female,18,Silver,Web,Bangkok,748,Web,Credit_Card,18,10,3,0,<20,24.933333333333334,2.0,0.0,0.0,-1,192,816.015,0.2,0.5,0.0,0.0,0.0,0,0,0.0,0.0,0,0,0.0,0.0,0,0,0.0,1632.03,2,0,0.0,0
LGS2ORD0035582,C010319,2025-10-09 19:00:00,Male,29,Bronze,Web,Khon Kaen,1281,CallCenter,PromptPay,19,10,3,0,20-30,42.7,3.0,1.0,0.3333333333333333,-3,8,4408.986666666667,0.28,0.3333333333333333,0.3333333333333333,0.0,0.0,0,0,0.0,11707.25,2,1,0.5,13226.96,3,1,0.3333333333333333,13226.96,3,1,0.3333333333333333,0
LGS2ORD0035583,C013269,2025-10-09 19:00:00,Male,38,Silver,Lazada,Bangkok,1410,TV_Show,PromptPay,19,10,3,0,30-40,47.0,6.0,2.0,0.3333333333333333,7,17,4127.63,0.25,0.5,0.3333333333333333,0.0,0.0,0,0,0.0,7943.96,1,1,1.0,19718.1,4,1,0.25,24765.78,6,2,0.3333333333333333,0
LGS2ORD0035584,C010133,2025-10-09 19:00:00,Other,58,Bronze,Shopee,Nakhon Ratchasima,466,Lazada,Credit_Card,19,10,3,0,>50,15.533333333333333,0.0,0.0,0.0,-1,-1,0.0,0.0,0.0,0.0,0.0,0.0,0,0,0.0,0.0,0,0,0.0,0.0,0,0,0.0,0.0,0,0,0.0,0
LGS2ORD0035585,C013996,2025-10-09 19:00:00,Male,18,Bronze,TV,Chiang Mai,1302,TV_Show,PromptPay,19,10,3,0,<20,43.4,5.0,0.0,0.0,-1,7,1851.334,0.28,0.2,0.2,0.2,0.0,0,0,0.0,3733.7,2,0,0.0,5888.08,3,0,0.0,9256.67,5,0,0.0,0
LGS2ORD0035586,C011498,2025-10-09 19:00:00,Female,41,Silver,Web,Nakhon Ratchasima,1604,TV_Show,Credit_Card,19,10,3,0,40-50,53.46666666666667,5.0,2.0,0.4,7,18,1899.304,0.2,0.8,0.0,0.0,0.0,0,0,0.0,2268.76,2,1,0.5,2268.76,2,1,0.5,9496.52,5,2,0.4,0
LGS2ORD0035587,C011676,2025-10-09 20:00:00,Male,28,Gold,Shopee,Nakhon Ratchasima,1188,CallCenter,COD,20,10,3,0,20-30,39.6,8.0,0.0,0.0,-1,21,3600.3050000000003,0.33,0.375,0.5,0.0,0.0,0,0,0.0,5051.8,1,0,0.0,8940.07,3,0,0.0,28802.440000000002,8,0,0.0,1
LGS2ORD0035588,C015704,2025-10-09 20:00:00,Female,18,Silver,Shopee,Remote_Area,789,TV_Show,Bank_Transfer,20,10,3,0,<20,26.3,3.0,1.0,0.3333333333333333,-5,0,11154.026666666667,0.3,1.0,0.6666666666666666,0.0,8593.48,1,1,1.0,8593.48,1,1,1.0,13650.439999999999,2,1,0.5,33462.08,3,1,0.3333333333333333,0
LGS2ORD0035589,C014613,2025-10-09 20:00:00,Female,35,Gold,CallCenter,Bangkok,1101,Web,PromptPay,20,10,3,0,30-40,36.7,6.0,3.0,0.5,98,2,7549.090000000001,0.33,0.3333333333333333,0.5,0.0,3617.19,1,0,0.0,25013.53,2,0,0.0,25013.53,2,0,0.0,45294.54000000001,6,3,0.5,0
LGS2ORD0035590,C014447,2025-10-09 20:00:00,Male,35,Bronze,CallCenter,Bangkok,1681,Web,COD,20,10,3,0,30-40,56.03333333333333,6.0,2.0,0.3333333333333333,86,53,9396.023333333334,0.18,0.5,0.0,0.0,0.0,0,0,0.0,0.0,0,0,0.0,12797.93,1,0,0.0,56376.14000000001,6,2,0.3333333333333333,1
LGS2ORD0035591,C012833,2025-10-09 20:00:00,Female,54,Bronze,Web,Nakhon Ratchasima,953,Web,COD,20,10,3,0,>50,31.766666666666666,5.0,0.0,0.0,-1,1,3849.118000000001,0.28,0.4,0.6,0.0,1701.83,1,0,0.0,1701.83,1,0,0.0,5379.0,2,0,0.0,19245.590000000004,5,0,0.0,0
LGS2ORD0035592,C014663,2025-10-09 21:00:00,Other,30,Bronze,Web,Chonburi,1483,CallCenter,COD,21,10,3,0,20-30,49.43333333333333,2.0,0.0,0.0,-1,106,3912.9,0.23,0.5,1.0,0.0,0.0,0,0,0.0,0.0,0,0,0.0,0.0,0,0,0.0,7825.8,2,0,0.0,0
LGS2ORD0035593,C010873,2025-10-09 21:00:00,Male,58,Bronze,TV,Chiang Mai,1238,Web,COD,21,10,3,0,>50,41.266666666666666,3.0,1.0,0.3333333333333333,221,80,2985.9,0.08,0.3333333333333333,0.0,0.0,0.0,0,0,0.0,0.0,0,0,0.0,2780.41,1,0,0.0,8957.7,3,1,0.3333333333333333,0
LGS2ORD0035594,C011478,2025-10-09 21:00:00,Male,54,Gold,Web,Bangkok,997,Shopee,COD,21,10,3,0,>50,33.233333333333334,1.0,0.0,0.0,-1,174,6436.18,0.08,0.0,0.0,0.0,0.0,0,0,0.0,0.0,0,0,0.0,0.0,0,0,0.0,6436.18,1,0,0.0,1
LGS2ORD0035595,C015511,2025-10-09 21:00:00,Male,57,Silver,CallCenter,Bangkok,598,Web,PromptPay,21,10,3,0,>50,19.933333333333334,5.0,0.0,0.0,-1,132,13857.905999999999,0.2,0.4,0.0,0.2,0.0,0,0,0.0,0.0,0,0,0.0,0.0,0,0,0.0,69289.53,5,0,0.0,1
LGS2ORD0035596,C013560,2025-10-09 21:00:00,Male,55,Gold,Shopee,Chonburi,594,TV_Show,COD,21,10,3,0,>50,19.8,1.0,0.0,0.0,-1,251,4327.78,0.08,0.0,0.0,0.0,0.0,0,0,0.0,0.0,0,0,0.0,0.0,0,0,0.0,4327.78,1,0,0.0,0
LGS2ORD0035597,C017755,2025-10-09 22:00:00,Male,46,Silver,Lazada,Chonburi,302,Shopee,PromptPay,22,10,3,0,40-50,10.066666666666666,3.0,1.0,0.3333333333333333,39,43,3227.0066666666667,0.3,0.6666666666666666,0.3333333333333333,0.0,0.0,0,0,0.0,0.0,0,0,0.0,7065.15,2,1,0.5,9681.02,3,1,0.3333333333333333,0
LGS2ORD0035598,C010743,2025-10-09 22:00:00,Male,44,Silver,Shopee,Songkhla,1104,Shopee,COD,22,10,3,0,40-50,36.8,6.0,2.0,0.3333333333333333,101,75,4328.35,0.3,0.3333333333333333,0.3333333333333333,0.0,0.0,0,0,0.0,0.0,0,0,0.0,5664.86,1,0,0.0,25970.100000000002,6,2,0.3333333333333333,0
LGS2ORD0035599,C013805,2025-10-09 22:00:00,Male,56,Gold,Lazada,Chonburi,1131,CallCenter,COD,22,10,3,0,>50,37.7,8.0,0.0,0.0,-1,4,3856.0237500000003,0.33,0.375,0.5,0.0,10184.79,1,0,0.0,10184.79,1,0,0.0,10184.79,1,0,0.0,30848.190000000002,8,0,0.0,1
LGS2ORD0035600,C014078,2025-10-09 22:00:00,Female,42,Gold,TV,Khon Kaen,1351,TV_Show,PromptPay,22,10,3,0,40-50,45.03333333333333,3.0,2.0,0.6666666666666666,13,22,2892.84,0.33,0.3333333333333333,0.6666666666666666,0.0,0.0,0,0,0.0,1385.07,1,1,1.0,3445.9700000000003,2,1,0.5,8678.52,3,2,0.6666666666666666,1
LGS2ORD0035601,C013561,2025-10-09 22:00:00,Male,47,Platinum,Web,Chiang Mai,1513,Web,PromptPay,22,10,3,0,40-50,50.43333333333333,2.0,0.0,0.0,-1,195,1223.505,0.25,0.0,0.5,0.0,0.0,0,0,0.0,0.0,0,0,0.0,0.0,0,0,0.0,2447.01,2,0,0.0,0
LGS2ORD0035602,C014669,2025-10-09 22:00:00,Female,23,Silver,TV,Chiang Mai,1120,TV_Show,Credit_Card,22,10,3,0,20-30,37.333333333333336,1.0,0.0,0.0,-1,128,3698.02,0.2,0.0,0.0,0.0,0.0,0,0,0.0,0.0,0,0,0.0,0.0,0,0,0.0,3698.02,1,0,0.0,0
LGS2ORD0035603,C016564,2025-10-09 23:00:00,Male,55,Bronze,Web,Nakhon Ratchasima,1096,CallCenter,COD,23,10,3,0,>50,36.53333333333333,5.0,2.0,0.4,62,60,11407.784,0.23,0.8,0.2,0.0,0.0,0,0,0.0,0.0,0,0,0.0,48225.11,3,1,0.3333333333333333,57038.92,5,2,0.4,0
LGS2ORD0035604,C015827,2025-10-09 23:00:00,Female,32,Bronze,TV,Chiang Mai,910,Web,Bank_Transfer,23,10,3,0,30-40,30.333333333333332,7.0,1.0,0.14285714285714285,-2,2,3470.3671428571433,0.23,0.5714285714285714,0.14285714285714285,0.0,2553.83,2,1,0.5,2553.83,2,1,0.5,2553.83,2,1,0.5,24292.570000000003,7,1,0.14285714285714285,0
LGS2ORD0035605,C012453,2025-10-09 23:00:00,Female,24,Silver,Shopee,Songkhla,1671,CallCenter,PromptPay,23,10,3,0,20-30,55.7,5.0,0.0,0.0,-1,50,3376.9,0.2,0.0,0.0,0.0,0.0,0,0,0.0,0.0,0,0,0.0,2829.85,1,0,0.0,16884.5,5,0,0.0,1
LGS2ORD0035606,C016969,2025-10-09 23:00:00,Female,33,Silver,Lazada,Chiang Mai,1254,Lazada,COD,23,10,3,0,30-40,41.8,4.0,0.0,0.0,-1,105,2529.6625,0.3,0.25,0.5,0.0,0.0,0,0,0.0,0.0,0,0,0.0,0.0,0,0,0.0,10118.65,4,0,0.0,0
LGS2ORD0035607,C010453,2025-10-09 23:00:00,Female,42,Gold,TV,Bangkok,1578,CallCenter,Bank_Transfer,23,10,3,0,40-50,52.6,4.0,0.0,0.0,-1,7,11900.777500000002,0.33,0.75,0.5,0.0,0.0,0,0,0.0,4961.12,1,0,0.0,46833.66,3,0,0.0,47603.11000000001,4,0,0.0,0
LGS2ORD0035608,C016809,2025-10-10 00:00:00,Female,72,Bronze,TV,Chonburi,851,Lazada,COD,0,10,4,0,>50,28.366666666666667,4.0,2.0,0.5,110,103,2400.8375,0.28,0.5,0.25,0.0,0.0,0,0,0.0,0.0,0,0,0.0,0.0,0,0,0.0,9603.35,4,2,0.5,0
LGS2ORD0035609,C012897,2025-10-10 00:00:00,Female,52,Bronze,TV,Songkhla,624,Lazada,COD,0,10,4,0,>50,20.8,1.0,0.0,0.0,-1,257,2329.11,0.23,0.0,1.0,0.0,0.0,0,0,0.0,0.0,0,0,0.0,0.0,0,0,0.0,2329.11,1,0,0.0,0
LGS2ORD0035610,C013493,2025-10-10 00:00:00,Female,34,Bronze,Shopee,Bangkok,1720,CallCenter,COD,0,10,4,0,30-40,57.333333333333336,2.0,1.0,0.5,173,182,5589.1449999999995,0.18,1.0,0.0,0.0,0.0,0,0,0.0,0.0,0,0,0.0,0.0,0,0,0.0,11178.289999999999,2,1,0.5,1
LGS2ORD0035611,C010960,2025-10-10 00:00:00,Female,51,Bronze,TV,Chonburi,593,Web,COD,0,10,4,0,>50,19.766666666666666,4.0,0.0,0.0,-1,17,3163.7574999999997,0.18,0.5,0.0,0.0,0.0,0,0,0.0,5988.29,1,0,0.0,5988.29,1,0,0.0,12655.029999999999,4,0,0.0,0
LGS2ORD0035612,C011016,2025-10-10 00:00:00,Male,47,Bronze,CallCenter,Bangkok,1479,Shopee,COD,0,10,4,0,40-50,49.3,4.0,1.0,0.25,115,18,1530.355,0.13,0.5,0.0,0.0,0.0,0,0,0.0,1571.31,1,0,0.0,1571.31,1,0,0.0,6121.42,4,1,0.25,0
LGS2ORD0035613,C012430,2025-10-10 01:00:00,Male,33,Silver,Web,Bangkok,504,TV_Show,Credit_Card,1,10,4,0,30-40,16.8,3.0,1.0,0.3333333333333333,67,75,1390.3633333333335,0.25,0.6666666666666666,0.3333333333333333,0.0,0.0,0,0,0.0,0.0,0,0,0.0,645.34,1,1,1.0,4171.09,3,1,0.3333333333333333,0
LGS2ORD0035614,C017156,2025-10-10 01:00:00,Male,21,Bronze,TV,Nakhon Ratchasima,398,Shopee,COD,1,10,4,0,20-30,13.266666666666667,6.0,1.0,0.16666666666666666,233,3,2966.391666666667,0.18,0.5,0.0,0.0,684.24,1,0,0.0,684.24,1,0,0.0,7176.679999999999,3,0,0.0,17798.350000000002,6,1,0.16666666666666666,0
LGS2ORD0035615,C015343,2025-10-10 01:00:00,Female,30,Gold,Web,Bangkok,1544,Web,PromptPay,1,10,4,0,20-30,51.46666666666667,2.0,0.0,0.0,-1,161,732.76,0.13,0.5,0.0,0.0,0.0,0,0,0.0,0.0,0,0,0.0,0.0,0,0,0.0,1465.52,2,0,0.0,0
LGS2ORD0035616,C010579,2025-10-10 01:00:00,Male,42,Bronze,TV,Bangkok,491,Shopee,Bank_Transfer,1,10,4,0,40-50,16.366666666666667,7.0,2.0,0.2857142857142857,226,3,6455.938571428572,0.28,0.42857142857142855,0.5714285714285714,0.0,463.46,1,0,0.0,463.46,1,0,0.0,463.46,1,0,0.0,45191.57,7,2,0.2857142857142857,0
LGS2ORD0035617,C017996,2025-10-10 01:00:00,Male,48,Gold,TV,Chonburi,1344,Lazada,Credit_Card,1,10,4,0,40-50,44.8,4.0,1.0,0.25,4,12,7159.1775,0.28,0.5,0.5,0.0,0.0,0,0,0.0,3578.35,1,1,1.0,11514.43,2,1,0.5,28636.71,4,1,0.25,0
LGS2ORD0035618,C010632,2025-10-10 02:00:00,Female,66,Bronze,TV,Remote_Area,1188,Shopee,Bank_Transfer,2,10,4,0,>50,39.6,6.0,1.0,0.16666666666666666,-3,6,6556.718333333333,0.28,0.6666666666666666,0.3333333333333333,0.0,20287.47,1,1,1.0,20287.47,1,1,1.0,25978.08,3,1,0.3333333333333333,39340.31,6,1,0.16666666666666666,0
LGS2ORD0035619,C015999,2025-10-10 02:00:00,Male,40,Silver,Lazada,Remote_Area,433,Lazada,PromptPay,2,10,4,0,30-40,14.433333333333334,7.0,2.0,0.2857142857142857,70,14,5509.324285714286,0.3,0.5714285714285714,0.5714285714285714,0.0,0.0,0,0,0.0,1124.92,1,0,0.0,2579.5299999999997,2,1,0.5,38565.270000000004,7,2,0.2857142857142857,1
LGS2ORD0035620,C011498,2025-10-10 02:00:00,Female,41,Silver,Web,Nakhon Ratchasima,1605,CallCenter,Credit_Card,2,10,4,0,40-50,53.5,6.0,2.0,0.3333333333333333,7,0,2445.0716666666667,0.2,0.6666666666666666,0.0,0.0,5173.91,1,0,0.0,7442.67,3,1,0.3333333333333333,7442.67,3,1,0.3333333333333333,14670.43,6,2,0.3333333333333333,0
LGS2ORD0035621,C012390,2025-10-10 02:00:00,Male,50,Bronze,TV,Khon Kaen,1551,TV_Show,COD,2,10,4,0,40-50,51.7,2.0,0.0,0.0,-1,9,6777.74,0.23,1.0,0.5,0.0,0.0,0,0,0.0,9799.66,1,0,0.0,9799.66,1,0,0.0,13555.48,2,0,0.0,0
LGS2ORD0035622,C010005,2025-10-10 02:00:00,Male,43,Bronze,Lazada,Bangkok,1021,Shopee,Credit_Card,2,10,4,0,40-50,34.03333333333333,2.0,0.0,0.0,-1,141,6960.35,0.03,1.0,0.0,0.0,0.0,0,0,0.0,0.0,0,0,0.0,0.0,0,0,0.0,13920.7,2,0,0.0,0
LGS2ORD0035623,C012888,2025-10-10 02:00:00,Female,45,Silver,TV,Bangkok,519,Lazada,COD,2,10,4,0,40-50,17.3,6.0,0.0,0.0,-1,20,4128.715,0.3,0.5,0.6666666666666666,0.16666666666666666,0.0,0,0,0.0,1835.22,1,0,0.0,14310.859999999999,2,0,0.0,24772.29,6,0,0.0,1
LGS2ORD0035624,C013911,2025-10-10 03:00:00,Female,30,Bronze,Lazada,Khon Kaen,1613,CallCenter,COD,3,10,4,0,20-30,53.766666666666666,6.0,1.0,0.16666666666666666,97,16,3173.7316666666666,0.23,0.6666666666666666,0.16666666666666666,0.0,0.0,0,0,0.0,9785.29,1,0,0.0,13154.27,3,0,0.0,19042.39,6,1,0.16666666666666666,0
LGS2ORD0035625,C015107,2025-10-10 03:00:00,Female,49,Bronze,Web,Khon Kaen,1017,Shopee,Credit_Card,3,10,4,0,40-50,33.9,1.0,1.0,1.0,190,204,3658.87,0.18,1.0,0.0,0.0,0.0,0,0,0.0,0.0,0,0,0.0,0.0,0,0,0.0,3658.87,1,1,1.0,0
LGS2ORD0035626,C012761,2025-10-10 03:00:00,Male,46,Bronze,Web,Chiang Mai,893,Web,Credit_Card,3,10,4,0,40-50,29.766666666666666,1.0,1.0,1.0,149,153,785.41,0.13,1.0,0.0,0.0,0.0,0,0,0.0,0.0,0,0,0.0,0.0,0,0,0.0,785.41,1,1,1.0,0
LGS2ORD0035627,C012187,2025-10-10 03:00:00,Female,59,Silver,Shopee,Khon Kaen,865,TV_Show,Credit_Card,3,10,4,0,>50,28.833333333333332,5.0,1.0,0.2,102,48,10846.02,0.3,0.2,0.2,0.0,0.0,0,0,0.0,0.0,0,0,0.0,906.4,1,0,0.0,54230.1,5,1,0.2,0
LGS2ORD0035628,C011311,2025-10-10 03:00:00,Female,32,Bronze,TV,Songkhla,906,TV_Show,COD,3,10,4,0,30-40,30.2,5.0,1.0,0.2,240,36,2264.5019999999995,0.28,0.2,0.4,0.0,0.0,0,0,0.0,0.0,0,0,0.0,1994.24,1,0,0.0,11322.509999999998,5,1,0.2,0
LGS2ORD0035629,C010170,2025-10-10 04:00:00,Male,36,Silver,Lazada,Bangkok,933,CallCenter,PromptPay,4,10,4,0,30-40,31.1,5.0,0.0,0.0,-1,7,1762.788,0.2,0.4,0.0,0.0,0.0,0,0,0.0,891.2,1,0,0.0,891.2,1,0,0.0,8813.94,5,0,0.0,1
LGS2ORD0035630,C011961,2025-10-10 04:00:00,Female,59,Gold,CallCenter,Bangkok,820,TV_Show,COD,4,10,4,0,>50,27.333333333333332,3.0,0.0,0.0,-1,200,2925.226666666667,0.28,0.3333333333333333,0.3333333333333333,0.0,0.0,0,0,0.0,0.0,0,0,0.0,0.0,0,0,0.0,8775.68,3,0,0.0,0
LGS2ORD0035631,C015377,2025-10-10 04:00:00,Female,36,Silver,Shopee,Songkhla,315,Lazada,COD,4,10,4,0,30-40,10.5,3.0,2.0,0.6666666666666666,88,101,3237.0466666666666,0.2,0.0,0.0,0.0,0.0,0,0,0.0,0.0,0,0,0.0,0.0,0,0,0.0,9711.14,3,2,0.6666666666666666,1
LGS2ORD0035632,C013649,2025-10-10 04:00:00,Female,46,Bronze,TV,Chonburi,1235,Web,Credit_Card,4,10,4,0,40-50,41.166666666666664,6.0,1.0,0.16666666666666666,137,53,3136.115,0.23,0.8333333333333334,0.3333333333333333,0.0,0.0,0,0,0.0,0.0,0,0,0.0,3213.51,1,0,0.0,18816.69,6,1,0.16666666666666666,0
LGS2ORD0035633,C012736,2025-10-10 04:00:00,Female,40,Bronze,Lazada,Phuket,803,Shopee,PromptPay,4,10,4,0,30-40,26.766666666666666,0.0,0.0,0.0,-1,-1,0.0,0.0,0.0,0.0,0.0,0.0,0,0,0.0,0.0,0,0,0.0,0.0,0,0,0.0,0.0,0,0,0.0,0
LGS2ORD0035634,C014556,2025-10-10 05:00:00,Female,54,Silver,TV,Bangkok,1266,CallCenter,COD,5,10,4,0,>50,42.2,1.0,0.0,0.0,-1,255,1765.35,0.05,1.0,0.0,0.0,0.0,0,0,0.0,0.0,0,0,0.0,0.0,0,0,0.0,1765.35,1,0,0.0,0
LGS2ORD0035635,C010416,2025-10-10 05:00:00,Female,40,Platinum,Shopee,Bangkok,1024,Web,COD,5,10,4,0,30-40,34.13333333333333,2.0,0.0,0.0,-1,67,4279.655,0.35,0.5,1.0,0.0,0.0,0,0,0.0,0.0,0,0,0.0,1293.93,1,0,0.0,8559.31,2,0,0.0,1
LGS2ORD0035636,C010167,2025-10-10 05:00:00,Male,57,Bronze,TV,Bangkok,1233,Shopee,COD,5,10,4,0,>50,41.1,8.0,2.0,0.25,18,25,5776.8825,0.28,0.5,0.125,0.0,0.0,0,0,0.0,6592.71,1,1,1.0,6592.71,1,1,1.0,46215.06,8,2,0.25,0
LGS2ORD0035637,C010569,2025-10-10 05:00:00,Female,34,Gold,CallCenter,Bangkok,1003,CallCenter,Credit_Card,5,10,4,0,30-40,33.43333333333333,6.0,0.0,0.0,-1,20,5360.305,0.28,0.3333333333333333,0.16666666666666666,0.0,0.0,0,0,0.0,22467.460000000003,2,0,0.0,22467.460000000003,2,0,0.0,32161.83,6,0,0.0,0
LGS2ORD0035638,C010224,2025-10-10 05:00:00,Female,64,Bronze,Web,Khon Kaen,424,Shopee,COD,5,10,4,0,>50,14.133333333333333,9.0,3.0,0.3333333333333333,129,26,6689.4,0.18,0.6666666666666666,0.0,0.0,0.0,0,0,0.0,11786.82,1,0,0.0,12681.02,2,0,0.0,60204.6,9,3,0.3333333333333333,0
LGS2ORD0035639,C017167,2025-10-10 05:00:00,Female,35,Bronze,Shopee,Remote_Area,665,Web,Credit_Card,5,10,4,0,30-40,22.166666666666668,2.0,0.0,0.0,-1,35,22555.3,0.18,0.0,0.0,0.0,0.0,0,0,0.0,0.0,0,0,0.0,33901.5,1,0,0.0,45110.6,2,0,0.0,0
LGS2ORD0035640,C017225,2025-10-10 06:00:00,Female,39,Bronze,Shopee,Chiang Mai,1314,Web,COD,6,10,4,0,30-40,43.8,7.0,2.0,0.2857142857142857,91,7,5971.381428571428,0.23,0.7142857142857143,0.14285714285714285,0.0,0.0,0,0,0.0,5059.47,2,0,0.0,5059.47,2,0,0.0,41799.67,7,2,0.2857142857142857,0
LGS2ORD0035641,C012557,2025-10-10 06:00:00,Male,48,Silver,TV,Chonburi,1484,Web,COD,6,10,4,0,40-50,49.46666666666667,3.0,0.0,0.0,-1,92,6496.406666666667,0.2,0.3333333333333333,0.0,0.0,0.0,0,0,0.0,0.0,0,0,0.0,0.0,0,0,0.0,19489.22,3,0,0.0,0
LGS2ORD0035642,C017522,2025-10-10 06:00:00,Female,40,Silver,TV,Bangkok,1454,CallCenter,COD,6,10,4,0,30-40,48.46666666666667,9.0,3.0,0.3333333333333333,71,47,2989.6766666666667,0.25,0.5555555555555556,0.1111111111111111,0.0,0.0,0,0,0.0,0.0,0,0,0.0,5701.0599999999995,4,2,0.5,26907.09,9,3,0.3333333333333333,0
LGS2ORD0035643,C012249,2025-10-10 06:00:00,Female,37,Bronze,Shopee,Songkhla,891,Lazada,Credit_Card,6,10,4,0,30-40,29.7,4.0,2.0,0.5,206,24,2621.7975,0.23,0.25,0.5,0.0,0.0,0,0,0.0,712.7,1,0,0.0,712.7,1,0,0.0,10487.19,4,2,0.5,0
LGS2ORD0035644,C011656,2025-10-10 06:00:00,Female,52,Bronze,Shopee,Remote_Area,1292,Shopee,COD,6,10,4,0,>50,43.06666666666667,4.0,2.0,0.5,80,84,2683.7325000000005,0.18,1.0,0.0,0.0,0.0,0,0,0.0,0.0,0,0,0.0,1227.02,1,1,1.0,10734.930000000002,4,2,0.5,0
LGS2ORD0035645,C010596,2025-10-10 07:00:00,Female,42,Bronze,Shopee,Bangkok,1355,Lazada,Credit_Card,7,10,4,0,40-50,45.166666666666664,6.0,1.0,0.16666666666666666,211,35,3857.888333333334,0.23,0.5,0.16666666666666666,0.0,0.0,0,0,0.0,0.0,0,0,0.0,8880.66,2,0,0.0,23147.33,6,1,0.16666666666666666,1
LGS2ORD0035646,C013957,2025-10-10 07:00:00,Female,65,Bronze,Lazada,Khon Kaen,645,Lazada,COD,7,10,4,0,>50,21.5,8.0,1.0,0.125,93,8,2812.7400000000002,0.18,0.375,0.0,0.0,0.0,0,0,0.0,6212.66,2,0,0.0,10401.36,4,0,0.0,22501.920000000002,8,1,0.125,0
LGS2ORD0035647,C012381,2025-10-10 07:00:00,Male,48,Gold,CallCenter,Remote_Area,1675,Lazada,PromptPay,7,10,4,0,40-50,55.833333333333336,5.0,1.0,0.2,28,35,3878.518,0.33,0.2,0.4,0.0,0.0,0,0,0.0,0.0,0,0,0.0,12428.07,2,1,0.5,19392.59,5,1,0.2,0
LGS2ORD0035648,C010175,2025-10-10 07:00:00,Male,47,Bronze,CallCenter,Bangkok,367,Shopee,Credit_Card,7,10,4,0,40-50,12.233333333333333,6.0,1.0,0.16666666666666666,208,101,3913.9433333333327,0.28,0.5,0.3333333333333333,0.0,0.0,0,0,0.0,0.0,0,0,0.0,0.0,0,0,0.0,23483.659999999996,6,1,0.16666666666666666,0
LGS2ORD0035649,C016646,2025-10-10 07:00:00,Male,38,Bronze,TV,Chiang Mai,580,Web,Bank_Transfer,7,10,4,0,30-40,19.333333333333332,13.0,3.0,0.23076923076923078,36,1,8768.946923076925,0.28,0.5384615384615384,0.15384615384615385,0.0,9781.39,1,0,0.0,48794.15,2,0,0.0,76351.41,5,1,0.2,113996.31000000001,13,3,0.23076923076923078,0
LGS2ORD0035650,C012242,2025-10-10 08:00:00,Male,54,Silver,CallCenter,Chonburi,1153,TV_Show,COD,8,10,4,0,>50,38.43333333333333,6.0,1.0,0.16666666666666666,66,18,3892.6699999999996,0.2,0.5,0.0,0.0,0.0,0,0,0.0,4504.01,1,0,0.0,17547.07,3,1,0.3333333333333333,23356.019999999997,6,1,0.16666666666666666,0
LGS2ORD0035651,C014191,2025-10-10 08:00:00,Male,29,Bronze,TV,Nakhon Ratchasima,1426,Lazada,COD,8,10,4,0,20-30,47.53333333333333,7.0,1.0,0.14285714285714285,20,32,5673.364285714285,0.28,0.7142857142857143,0.14285714285714285,0.0,0.0,0,0,0.0,0.0,0,0,0.0,11023.57,2,1,0.5,39713.549999999996,7,1,0.14285714285714285,0
LGS2ORD0035652,C012057,2025-10-10 08:00:00,Male,43,Gold,TV,Bangkok,367,Web,COD,8,10,4,0,40-50,12.233333333333333,6.0,0.0,0.0,-1,45,7720.415000000001,0.33,0.3333333333333333,0.3333333333333333,0.0,0.0,0,0,0.0,0.0,0,0,0.0,3356.53,1,0,0.0,46322.490000000005,6,0,0.0,0
LGS2ORD0035653,C010868,2025-10-10 08:00:00,Female,35,Gold,Lazada,Bangkok,635,TV_Show,Credit_Card,8,10,4,0,30-40,21.166666666666668,2.0,0.0,0.0,-1,259,2608.945,0.13,0.5,0.0,0.0,0.0,0,0,0.0,0.0,0,0,0.0,0.0,0,0,0.0,5217.89,2,0,0.0,0
LGS2ORD0035654,C012326,2025-10-10 08:00:00,Male,39,Gold,TV,Khon Kaen,920,TV_Show,COD,8,10,4,0,30-40,30.666666666666668,4.0,1.0,0.25,206,77,12316.369999999999,0.13,0.25,0.0,0.0,0.0,0,0,0.0,0.0,0,0,0.0,949.56,1,0,0.0,49265.479999999996,4,1,0.25,0
LGS2ORD0035655,C010855,2025-10-10 09:00:00,Male,63,Bronze,CallCenter,Phuket,1571,Web,COD,9,10,4,0,>50,52.36666666666667,5.0,2.0,0.4,53,39,10819.362,0.28,0.8,0.2,0.0,0.0,0,0,0.0,0.0,0,0,0.0,33039.91,3,1,0.3333333333333333,54096.81,5,2,0.4,1
LGS2ORD0035656,C017858,2025-10-10 09:00:00,Male,30,Silver,TV,Remote_Area,474,Lazada,COD,9,10,4,0,20-30,15.8,7.0,2.0,0.2857142857142857,120,28,6617.461428571429,0.2,0.5714285714285714,0.0,0.0,0.0,0,0,0.0,18620.89,1,0,0.0,18620.89,1,0,0.0,46322.23,7,2,0.2857142857142857,1
LGS2ORD0035657,C015795,2025-10-10 09:00:00,Female,18,Bronze,TV,Nakhon Ratchasima,518,CallCenter,COD,9,10,4,0,<20,17.266666666666666,7.0,1.0,0.14285714285714285,64,69,3372.7485714285713,0.18,0.14285714285714285,0.0,0.0,0.0,0,0,0.0,0.0,0,0,0.0,3483.5,2,1,0.5,23609.239999999998,7,1,0.14285714285714285,1
LGS2ORD0035658,C010597,2025-10-10 09:00:00,Male,65,Bronze,Shopee,Bangkok,317,Shopee,Credit_Card,9,10,4,0,>50,10.566666666666666,10.0,2.0,0.2,115,93,7281.889,0.23,0.4,0.5,0.0,0.0,0,0,0.0,0.0,0,0,0.0,0.0,0,0,0.0,72818.89,10,2,0.2,0
LGS2ORD0035659,C016122,2025-10-10 09:00:00,Female,21,Platinum,Shopee,Bangkok,852,CallCenter,Credit_Card,9,10,4,0,20-30,28.4,4.0,1.0,0.25,65,72,9932.1075,0.15,0.25,0.0,0.0,0.0,0,0,0.0,0.0,0,0,0.0,16445.61,1,1,1.0,39728.43,4,1,0.25,0
LGS2ORD0035660,C015896,2025-10-10 09:00:00,Male,26,Bronze,CallCenter,Chonburi,338,TV_Show,COD,9,10,4,0,20-30,11.266666666666667,7.0,3.0,0.42857142857142855,97,36,4631.274285714286,0.18,0.2857142857142857,0.0,0.0,0.0,0,0,0.0,0.0,0,0,0.0,18232.59,2,0,0.0,32418.920000000002,7,3,0.42857142857142855,0
LGS2ORD0035661,C012738,2025-10-10 10:00:00,Female,27,Silver,Web,Nakhon Ratchasima,1486,CallCenter,Credit_Card,10,10,4,0,20-30,49.53333333333333,9.0,3.0,0.3333333333333333,38,43,5765.981111111111,0.25,0.5555555555555556,0.2222222222222222,0.0,0.0,0,0,0.0,0.0,0,0,0.0,12035.58,2,1,0.5,51893.83,9,3,0.3333333333333333,0
LGS2ORD0035662,C017142,2025-10-10 10:00:00,Male,40,Bronze,Shopee,Bangkok,390,Lazada,COD,10,10,4,0,30-40,13.0,0.0,0.0,0.0,-1,-1,0.0,0.0,0.0,0.0,0.0,0.0,0,0,0.0,0.0,0,0,0.0,0.0,0,0,0.0,0.0,0,0,0.0,0
LGS2ORD0035663,C015240,2025-10-10 10:00:00,Female,48,Bronze,TV,Bangkok,1378,Lazada,PromptPay,10,10,4,0,40-50,45.93333333333333,2.0,1.0,0.5,47,53,7482.94,0.18,1.0,0.0,0.0,0.0,0,0,0.0,0.0,0,0,0.0,12803.71,1,1,1.0,14965.88,2,1,0.5,0
LGS2ORD0035664,C015266,2025-10-10 10:00:00,Male,52,Bronze,Lazada,Bangkok,848,Web,COD,10,10,4,0,>50,28.266666666666666,4.0,1.0,0.25,33,37,1961.8000000000002,0.28,0.25,0.25,0.0,0.0,0,0,0.0,0.0,0,0,0.0,3936.2,2,1,0.5,7847.200000000001,4,1,0.25,0
LGS2ORD0035665,C014639,2025-10-10 10:00:00,Male,64,Bronze,TV,Remote_Area,1154,Web,COD,10,10,4,0,>50,38.46666666666667,9.0,5.0,0.5555555555555556,-7,7,3112.32,0.23,0.5555555555555556,0.3333333333333333,0.0,0.0,0,0,0.0,1047.88,1,1,1.0,1820.8200000000002,2,2,1.0,28010.88,9,5,0.5555555555555556,0
LGS2ORD0035666,C015750,2025-10-10 11:00:00,Female,46,Gold,Lazada,Bangkok,959,Shopee,Credit_Card,11,10,4,0,40-50,31.966666666666665,9.0,2.0,0.2222222222222222,220,65,4341.73,0.28,0.5555555555555556,0.2222222222222222,0.0,0.0,0,0,0.0,0.0,0,0,0.0,3807.19,2,0,0.0,39075.57,9,2,0.2222222222222222,0
LGS2ORD0035667,C012733,2025-10-10 11:00:00,Female,35,Gold,CallCenter,Bangkok,1649,Web,Bank_Transfer,11,10,4,0,30-40,54.96666666666667,2.0,1.0,0.5,89,99,8562.939999999999,0.13,0.5,0.0,0.0,0.0,0,0,0.0,0.0,0,0,0.0,0.0,0,0,0.0,17125.879999999997,2,1,0.5,1
LGS2ORD0035668,C017415,2025-10-10 11:00:00,Female,58,Bronze,Shopee,Songkhla,1629,Shopee,PromptPay,11,10,4,0,>50,54.3,10.0,2.0,0.2,34,34,3025.0099999999998,0.23,0.8,0.1,0.0,0.0,0,0,0.0,0.0,0,0,0.0,15765.74,3,1,0.3333333333333333,30250.1,10,2,0.2,0
LGS2ORD0035669,C017264,2025-10-10 11:00:00,Male,61,Bronze,TV,Phuket,1522,Lazada,COD,11,10,4,0,>50,50.733333333333334,5.0,2.0,0.4,52,28,8757.882000000001,0.23,0.8,0.2,0.0,0.0,0,0,0.0,1639.01,1,0,0.0,40631.340000000004,3,1,0.3333333333333333,43789.41,5,2,0.4,1
LGS2ORD0035670,C017913,2025-10-10 11:00:00,Male,42,Gold,Lazada,Chiang Mai,1005,Shopee,COD,11,10,4,0,40-50,33.5,8.0,1.0,0.125,150,58,5021.9875,0.33,0.5,0.625,0.0,0.0,0,0,0.0,0.0,0,0,0.0,7308.1,2,0,0.0,40175.9,8,1,0.125,1
LGS2ORD0035671,C015142,2025-10-10 12:00:00,Female,27,Silver,CallCenter,Remote_Area,1120,Lazada,Credit_Card,12,10,4,0,20-30,37.333333333333336,11.0,5.0,0.45454545454545453,59,67,2567.878181818182,0.25,0.6363636363636364,0.45454545454545453,0.0,0.0,0,0,0.0,0.0,0,0,0.0,9062.47,4,2,0.5,28246.660000000003,11,5,0.45454545454545453,0
LGS2ORD0035672,C012661,2025-10-10 12:00:00,Female,40,Bronze,Shopee,Bangkok,1090,Web,COD,12,10,4,0,30-40,36.333333333333336,4.0,1.0,0.25,85,96,3272.6575,0.28,1.0,0.5,0.0,0.0,0,0,0.0,0.0,0,0,0.0,0.0,0,0,0.0,13090.63,4,1,0.25,0
LGS2ORD0035673,C015321,2025-10-10 12:00:00,Female,18,Silver,TV,Songkhla,1424,Lazada,PromptPay,12,10,4,0,<20,47.46666666666667,7.0,4.0,0.5714285714285714,16,25,6936.277142857143,0.25,0.5714285714285714,0.42857142857142855,0.0,0.0,0,0,0.0,6776.33,1,1,1.0,24694.92,4,3,0.75,48553.94,7,4,0.5714285714285714,0
LGS2ORD0035674,C014388,2025-10-10 12:00:00,Female,20,Silver,TV,Nakhon Ratchasima,806,Web,COD,12,10,4,0,<20,26.866666666666667,8.0,2.0,0.25,95,13,6556.3925,0.3,0.625,0.5,0.0,0.0,0,0,0.0,1454.77,1,0,0.0,12996.130000000001,2,0,0.0,52451.14,8,2,0.25,0
LGS2ORD0035675,C016225,2025-10-10 12:00:00,Male,39,Bronze,TV,Chonburi,603,Lazada,Credit_Card,12,10,4,0,30-40,20.1,5.0,1.0,0.2,80,5,5340.664,0.23,0.6,0.4,0.0,11028.78,1,0,0.0,11028.78,1,0,0.0,17650.38,2,0,0.0,26703.32,5,1,0.2,0
LGS2ORD0035676,C017758,2025-10-10 13:00:00,Other,33,Gold,Web,Bangkok,1043,CallCenter,COD,13,10,4,0,30-40,34.766666666666666,6.0,1.0,0.16666666666666666,51,55,4238.678333333333,0.2299999999999999,0.3333333333333333,0.16666666666666666,0.0,0.0,0,0,0.0,0.0,0,0,0.0,8940.82,2,1,0.5,25432.07,6,1,0.16666666666666666,1
LGS2ORD0035677,C010991,2025-10-10 13:00:00,Female,57,Bronze,CallCenter,Remote_Area,1169,TV_Show,PromptPay,13,10,4,0,>50,38.96666666666667,7.0,2.0,0.2857142857142857,109,94,9401.655714285715,0.28,0.7142857142857143,0.42857142857142855,0.0,0.0,0,0,0.0,0.0,0,0,0.0,0.0,0,0,0.0,65811.59,7,2,0.2857142857142857,1
LGS2ORD0035678,C012431,2025-10-10 13:00:00,Female,31,Platinum,TV,Chonburi,550,CallCenter,COD,13,10,4,0,30-40,18.333333333333332,2.0,0.0,0.0,-1,76,3579.445,0.35,0.5,1.0,0.0,0.0,0,0,0.0,0.0,0,0,0.0,6732.51,1,0,0.0,7158.89,2,0,0.0,0
LGS2ORD0035679,C016230,2025-10-10 13:00:00,Male,33,Bronze,Shopee,Bangkok,808,TV_Show,Bank_Transfer,13,10,4,0,30-40,26.933333333333334,7.0,0.0,0.0,-1,18,7274.937142857142,0.23,0.5714285714285714,0.14285714285714285,0.0,0.0,0,0,0.0,2360.93,1,0,0.0,41161.42,3,0,0.0,50924.56,7,0,0.0,0
LGS2ORD0035680,C017107,2025-10-10 13:00:00,Female,54,Silver,CallCenter,Bangkok,1686,Shopee,PromptPay,13,10,4,0,>50,56.2,4.0,1.0,0.25,167,9,4169.7725,0.1,0.25,0.0,0.0,0.0,0,0,0.0,3694.0,1,0,0.0,7895.34,3,0,0.0,16679.09,4,1,0.25,0
LGS2ORD0035681,C016275,2025-10-10 13:00:00,Male,38,Silver,Web,Songkhla,1141,Web,PromptPay,13,10,4,0,30-40,38.03333333333333,6.0,3.0,0.5,135,79,5207.92,0.25,0.5,0.16666666666666666,0.0,0.0,0,0,0.0,0.0,0,0,0.0,3065.15,1,0,0.0,31247.52,6,3,0.5,1
LGS2ORD0035682,C016752,2025-10-10 14:00:00,Male,35,Bronze,TV,Remote_Area,1356,Web,COD,14,10,4,0,30-40,45.2,4.0,0.0,0.0,-1,9,1645.6275,0.28,0.75,0.25,0.0,0.0,0,0,0.0,2677.04,1,0,0.0,3971.91,3,0,0.0,6582.51,4,0,0.0,1
LGS2ORD0035683,C010081,2025-10-10 14:00:00,Male,46,Bronze,Shopee,Chonburi,904,Shopee,COD,14,10,4,0,40-50,30.133333333333333,2.0,2.0,1.0,104,114,1219.62,0.08,0.5,0.0,0.0,0.0,0,0,0.0,0.0,0,0,0.0,0.0,0,0,0.0,2439.24,2,2,1.0,0
LGS2ORD0035684,C012059,2025-10-10 14:00:00,Male,22,Gold,TV,Bangkok,1283,Lazada,COD,14,10,4,0,20-30,42.766666666666666,7.0,0.0,0.0,-1,9,4458.908571428571,0.28,0.2857142857142857,0.7142857142857143,0.0,0.0,0,0,0.0,3954.53,1,0,0.0,5803.08,2,0,0.0,31212.36,7,0,0.0,0
LGS2ORD0035685,C013397,2025-10-10 14:00:00,Female,37,Bronze,Web,Khon Kaen,1401,Lazada,COD,14,10,4,0,30-40,46.7,5.0,1.0,0.2,12,10,6281.965999999999,0.23,0.8,0.2,0.0,0.0,0,0,0.0,8201.81,2,1,0.5,8201.81,2,1,0.5,31409.829999999998,5,1,0.2,1
LGS2ORD0035686,C015134,2025-10-10 14:00:00,Female,37,Bronze,CallCenter,Khon Kaen,626,TV_Show,COD,14,10,4,0,30-40,20.866666666666667,3.0,1.0,0.3333333333333333,42,51,8204.523333333333,0.18,0.6666666666666666,0.0,0.0,0.0,0,0,0.0,0.0,0,0,0.0,14531.83,1,1,1.0,24613.57,3,1,0.3333333333333333,0
LGS2ORD0035687,C012429,2025-10-10 15:00:00,Male,42,Bronze,TV,Nakhon Ratchasima,718,Lazada,Credit_Card,15,10,4,0,40-50,23.933333333333334,3.0,0.0,0.0,-1,81,3015.66,0.13,0.0,0.0,0.0,0.0,0,0,0.0,0.0,0,0,0.0,1191.85,1,0,0.0,9046.98,3,0,0.0,0
LGS2ORD0035688,C012440,2025-10-10 15:00:00,Female,48,Silver,TV,Khon Kaen,892,Web,PromptPay,15,10,4,0,40-50,29.733333333333334,6.0,0.0,0.0,-1,74,3369.968333333333,0.25,0.3333333333333333,0.3333333333333333,0.0,0.0,0,0,0.0,0.0,0,0,0.0,2626.28,1,0,0.0,20219.809999999998,6,0,0.0,0
LGS2ORD0035689,C011830,2025-10-10 15:00:00,Male,36,Silver,TV,Chiang Mai,1737,Shopee,COD,15,10,4,0,30-40,57.9,3.0,1.0,0.3333333333333333,62,44,5799.9766666666665,0.25,0.0,0.3333333333333333,0.0,0.0,0,0,0.0,0.0,0,0,0.0,17399.93,3,1,0.3333333333333333,17399.93,3,1,0.3333333333333333,0
LGS2ORD0035690,C013396,2025-10-10 15:00:00,Female,49,Gold,Shopee,Phuket,1734,TV_Show,Credit_Card,15,10,4,0,40-50,57.8,6.0,1.0,0.16666666666666666,207,125,7471.286666666667,0.28,0.8333333333333334,0.6666666666666666,0.0,0.0,0,0,0.0,0.0,0,0,0.0,0.0,0,0,0.0,44827.72,6,1,0.16666666666666666,1
LGS2ORD0035691,C011570,2025-10-10 15:00:00,Male,36,Silver,Web,Chonburi,1717,Web,COD,15,10,4,0,30-40,57.233333333333334,4.0,1.0,0.25,31,0,11233.135,0.25,0.5,0.25,0.0,13414.68,1,0,0.0,13414.68,1,0,0.0,15412.060000000001,2,1,0.5,44932.54,4,1,0.25,0
LGS2ORD0035692,C016130,2025-10-10 16:00:00,Male,36,Gold,Shopee,Bangkok,1476,Lazada,COD,16,10,4,0,30-40,49.2,6.0,0.0,0.0,-1,15,3940.456666666667,0.28,0.6666666666666666,0.3333333333333333,0.0,0.0,0,0,0.0,6883.82,1,0,0.0,8698.97,2,0,0.0,23642.74,6,0,0.0,1
LGS2ORD0035693,C011074,2025-10-10 16:00:00,Other,44,Silver,Web,Bangkok,404,TV_Show,PromptPay,16,10,4,0,40-50,13.466666666666667,5.0,1.0,0.2,129,77,4617.639999999999,0.25,0.2,0.2,0.0,0.0,0,0,0.0,0.0,0,0,0.0,3724.42,1,0,0.0,23088.199999999997,5,1,0.2,1
LGS2ORD0035694,C016428,2025-10-10 16:00:00,Female,36,Platinum,Shopee,Chiang Mai,937,TV_Show,Credit_Card,16,10,4,0,30-40,31.233333333333334,4.0,1.0,0.25,132,74,3937.215,0.35,0.5,0.5,0.0,0.0,0,0,0.0,0.0,0,0,0.0,4265.42,1,0,0.0,15748.86,4,1,0.25,0
LGS2ORD0035695,C010260,2025-10-10 16:00:00,Male,52,Gold,Lazada,Songkhla,537,TV_Show,COD,16,10,4,0,>50,17.9,5.0,0.0,0.0,-1,6,8490.538,0.13,0.0,0.0,0.0,27659.12,1,0,0.0,29065.91,2,0,0.0,29065.91,2,0,0.0,42452.69,5,0,0.0,1
LGS2ORD0035696,C013040,2025-10-10 16:00:00,Male,53,Gold,TV,Khon Kaen,1255,Web,Bank_Transfer,16,10,4,0,>50,41.833333333333336,7.0,0.0,0.0,-1,30,5069.385714285714,0.2299999999999999,0.42857142857142855,0.5714285714285714,0.0,0.0,0,0,0.0,0.0,0,0,0.0,18430.67,4,0,0.0,35485.7,7,0,0.0,1
LGS2ORD0035697,C012367,2025-10-10 17:00:00,Male,42,Bronze,TV,Remote_Area,814,CallCenter,PromptPay,17,10,4,0,40-50,27.133333333333333,5.0,3.0,0.6,-10,4,3620.6879999999996,0.23,0.6,0.4,0.0,2751.7,1,1,1.0,2751.7,1,1,1.0,17648.69,4,2,0.5,18103.44,5,3,0.6,0
LGS2ORD0035698,C012213,2025-10-10 17:00:00,Male,21,Gold,Shopee,Bangkok,613,TV_Show,COD,17,10,4,0,20-30,20.433333333333334,1.0,0.0,0.0,-1,99,827.6,0.33,0.0,1.0,0.0,0.0,0,0,0.0,0.0,0,0,0.0,0.0,0,0,0.0,827.6,1,0,0.0,1
LGS2ORD0035699,C011849,2025-10-10 17:00:00,Female,36,Gold,CallCenter,Songkhla,1448,Web,COD,17,10,4,0,30-40,48.266666666666666,4.0,1.0,0.25,123,73,2446.8149999999996,0.28,0.25,0.5,0.0,0.0,0,0,0.0,0.0,0,0,0.0,296.3,1,0,0.0,9787.259999999998,4,1,0.25,1
LGS2ORD0035700,C016797,2025-10-10 17:00:00,Male,59,Silver,TV,Bangkok,317,TV_Show,COD,17,10,4,0,>50,10.566666666666666,1.0,1.0,1.0,227,236,7692.39,0.05,1.0,0.0,0.0,0.0,0,0,0.0,0.0,0,0,0.0,0.0,0,0,0.0,7692.39,1,1,1.0,0
LGS2ORD0035701,C014057,2025-10-10 17:00:00,Male,63,Silver,Web,Chonburi,804,Shopee,Bank_Transfer,17,10,4,0,>50,26.8,6.0,1.0,0.16666666666666666,32,41,8108.971666666665,0.25,0.3333333333333333,0.16666666666666666,0.0,0.0,0,0,0.0,0.0,0,0,0.0,16241.91,2,1,0.5,48653.829999999994,6,1,0.16666666666666666,0
LGS2ORD0035702,C013064,2025-10-10 17:00:00,Male,32,Platinum,Web,Khon Kaen,618,TV_Show,Credit_Card,17,10,4,0,30-40,20.6,5.0,2.0,0.4,43,50,4635.686,0.3,0.8,0.4,0.0,0.0,0,0,0.0,0.0,0,0,0.0,10406.08,2,1,0.5,23178.429999999997,5,2,0.4,1
LGS2ORD0035703,C014726,2025-10-10 18:00:00,Female,38,Gold,TV,Chiang Mai,350,TV_Show,Credit_Card,18,10,4,0,30-40,11.666666666666666,12.0,3.0,0.25,18,23,7004.888333333333,0.33,0.5,0.4166666666666667,0.0,0.0,0,0,0.0,4210.63,2,1,0.5,11465.55,4,2,0.5,84058.66,12,3,0.25,1
LGS2ORD0035704,C017952,2025-10-10 18:00:00,Female,39,Bronze,Shopee,Bangkok,456,TV_Show,Credit_Card,18,10,4,0,30-40,15.2,7.0,1.0,0.14285714285714285,78,11,4374.887142857142,0.28,0.42857142857142855,0.42857142857142855,0.0,0.0,0,0,0.0,893.42,1,0,0.0,893.42,1,0,0.0,30624.209999999995,7,1,0.14285714285714285,0
LGS2ORD0035705,C011274,2025-10-10 18:00:00,Male,54,Silver,TV,Phuket,648,Web,COD,18,10,4,0,>50,21.6,5.0,2.0,0.4,70,22,6045.566000000001,0.25,0.6,0.2,0.0,0.0,0,0,0.0,1893.91,1,0,0.0,22217.29,3,1,0.3333333333333333,30227.83,5,2,0.4,1
LGS2ORD0035706,C013636,2025-10-10 18:00:00,Female,45,Bronze,Shopee,Khon Kaen,1181,Shopee,Credit_Card,18,10,4,0,40-50,39.36666666666667,2.0,0.0,0.0,-1,215,1618.245,0.23,0.5,0.5,0.0,0.0,0,0,0.0,0.0,0,0,0.0,0.0,0,0,0.0,3236.49,2,0,0.0,0
LGS2ORD0035707,C012202,2025-10-10 18:00:00,Female,41,Silver,TV,Chiang Mai,1461,Web,COD,18,10,4,0,40-50,48.7,5.0,1.0,0.2,245,49,7843.7339999999995,0.3,0.8,0.6,0.0,0.0,0,0,0.0,0.0,0,0,0.0,14011.6,3,0,0.0,39218.67,5,1,0.2,0
LGS2ORD0035708,C013906,2025-10-10 19:00:00,Female,37,Bronze,Shopee,Bangkok,902,Shopee,PromptPay,19,10,4,0,30-40,30.066666666666666,8.0,3.0,0.375,33,44,3906.325,0.23,0.625,0.375,0.0,0.0,0,0,0.0,0.0,0,0,0.0,5793.53,2,1,0.5,31250.6,8,3,0.375,0
LGS2ORD0035709,C016653,2025-10-10 19:00:00,Female,38,Bronze,CallCenter,Songkhla,389,CallCenter,COD,19,10,4,0,30-40,12.966666666666667,7.0,1.0,0.14285714285714285,28,37,7461.641428571429,0.28,0.2857142857142857,0.14285714285714285,0.0,0.0,0,0,0.0,0.0,0,0,0.0,13588.1,2,1,0.5,52231.490000000005,7,1,0.14285714285714285,0
LGS2ORD0035710,C013399,2025-10-10 19:00:00,Other,39,Gold,Web,Nakhon Ratchasima,1248,Web,Credit_Card,19,10,4,0,30-40,41.6,2.0,0.0,0.0,-1,103,6615.0,0.33,0.0,0.5,0.0,0.0,0,0,0.0,0.0,0,0,0.0,0.0,0,0,0.0,13230.0,2,0,0.0,0
LGS2ORD0035711,C011487,2025-10-10 19:00:00,Female,31,Silver,Web,Remote_Area,1433,TV_Show,COD,19,10,4,0,30-40,47.766666666666666,9.0,4.0,0.4444444444444444,95,16,4726.006666666666,0.25,0.3333333333333333,0.2222222222222222,0.0,0.0,0,0,0.0,5059.849999999999,2,0,0.0,12379.49,3,0,0.0,42534.06,9,4,0.4444444444444444,0
LGS2ORD0035712,C011634,2025-10-10 19:00:00,Female,72,Silver,TV,Phuket,1319,Shopee,COD,19,10,4,0,>50,43.96666666666667,3.0,2.0,0.6666666666666666,254,227,886.0033333333334,0.2,0.6666666666666666,0.0,0.0,0.0,0,0,0.0,0.0,0,0,0.0,0.0,0,0,0.0,2658.01,3,2,0.6666666666666666,1
LGS2ORD0035713,C015269,2025-10-10 20:00:00,Female,18,Bronze,Web,Khon Kaen,1667,CallCenter,PromptPay,20,10,4,0,<20,55.56666666666667,9.0,1.0,0.1111111111111111,202,78,7732.837777777777,0.28,0.5555555555555556,0.3333333333333333,0.0,0.0,0,0,0.0,0.0,0,0,0.0,5155.98,1,0,0.0,69595.54,9,1,0.1111111111111111,0
LGS2ORD0035714,C014436,2025-10-10 20:00:00,Female,41,Silver,Web,Khon Kaen,1268,Web,COD,20,10,4,0,40-50,42.266666666666666,7.0,1.0,0.14285714285714285,67,69,5735.827142857144,0.3,0.5714285714285714,0.2857142857142857,0.0,0.0,0,0,0.0,0.0,0,0,0.0,13555.779999999999,4,1,0.25,40150.79000000001,7,1,0.14285714285714285,0
LGS2ORD0035715,C015849,2025-10-10 20:00:00,Female,43,Bronze,CallCenter,Khon Kaen,876,Web,COD,20,10,4,0,40-50,29.2,5.0,1.0,0.2,197,21,7354.755999999999,0.28,0.4,0.6,0.0,0.0,0,0,0.0,7629.81,1,0,0.0,20899.22,3,0,0.0,36773.78,5,1,0.2,1
LGS2ORD0035716,C011008,2025-10-10 20:00:00,Male,39,Silver,Web,Phuket,615,Shopee,COD,20,10,4,0,30-40,20.5,1.0,0.0,0.0,-1,242,10223.12,0.05,1.0,0.0,0.0,0.0,0,0,0.0,0.0,0,0,0.0,0.0,0,0,0.0,10223.12,1,0,0.0,0
LGS2ORD0035717,C012164,2025-10-10 20:00:00,Female,53,Silver,Shopee,Khon Kaen,712,Lazada,Bank_Transfer,20,10,4,0,>50,23.733333333333334,5.0,0.0,0.0,-1,104,1907.788,0.25,0.6,0.4,0.0,0.0,0,0,0.0,0.0,0,0,0.0,0.0,0,0,0.0,9538.94,5,0,0.0,0
LGS2ORD0035718,C013700,2025-10-10 21:00:00,Male,41,Silver,Web,Phuket,630,Shopee,Bank_Transfer,21,10,4,0,40-50,21.0,4.0,1.0,0.25,109,2,2317.365,0.2,0.25,0.0,0.0,1547.25,1,0,0.0,1547.25,1,0,0.0,7678.93,2,0,0.0,9269.46,4,1,0.25,0
LGS2ORD0035719,C017673,2025-10-10 21:00:00,Female,64,Bronze,Web,Bangkok,768,TV_Show,Credit_Card,21,10,4,0,>50,25.6,6.0,2.0,0.3333333333333333,29,40,8386.63,0.28,0.5,0.3333333333333333,0.0,0.0,0,0,0.0,0.0,0,0,0.0,44830.57000000001,2,1,0.5,50319.78,6,2,0.3333333333333333,0
LGS2ORD0035720,C016146,2025-10-10 21:00:00,Female,37,Platinum,CallCenter,Songkhla,760,Shopee,PromptPay,21,10,4,0,30-40,25.333333333333332,3.0,0.0,0.0,-1,111,3531.06,0.2,0.0,0.0,0.0,0.0,0,0,0.0,0.0,0,0,0.0,0.0,0,0,0.0,10593.18,3,0,0.0,0
LGS2ORD0035721,C017806,2025-10-10 21:00:00,Male,50,Bronze,Shopee,Bangkok,407,Web,PromptPay,21,10,4,0,40-50,13.566666666666666,3.0,1.0,0.3333333333333333,78,79,4067.736666666666,0.28,0.6666666666666666,0.3333333333333333,0.0,0.0,0,0,0.0,0.0,0,0,0.0,1200.39,2,1,0.5,12203.21,3,1,0.3333333333333333,0
LGS2ORD0035722,C013003,2025-10-10 21:00:00,Female,42,Bronze,Lazada,Chiang Mai,1060,TV_Show,COD,21,10,4,0,40-50,35.333333333333336,8.0,1.0,0.125,6,17,4623.605,0.23,0.0,0.25,0.0,0.0,0,0,0.0,3849.22,1,1,1.0,10764.52,2,1,0.5,36988.84,8,1,0.125,1
LGS2ORD0035723,C012373,2025-10-10 21:00:00,Female,55,Bronze,TV,Chonburi,1328,CallCenter,COD,21,10,4,0,>50,44.266666666666666,6.0,1.0,0.16666666666666666,120,43,9626.54,0.23,0.6666666666666666,0.5,0.0,0.0,0,0,0.0,0.0,0,0,0.0,28442.56,1,0,0.0,57759.240000000005,6,1,0.16666666666666666,1
LGS2ORD0035724,C014900,2025-10-10 22:00:00,Male,51,Gold,Web,Phuket,1198,Shopee,COD,22,10,4,0,>50,39.93333333333333,3.0,1.0,0.3333333333333333,198,5,10310.24,0.18,0.6666666666666666,0.0,0.0,8127.82,1,0,0.0,8127.82,1,0,0.0,8127.82,1,0,0.0,30930.72,3,1,0.3333333333333333,1
LGS2ORD0035725,C015392,2025-10-10 22:00:00,Male,41,Bronze,TV,Bangkok,457,Shopee,COD,22,10,4,0,40-50,15.233333333333333,6.0,0.0,0.0,-1,26,4267.663333333333,0.18,0.8333333333333334,0.0,0.0,0.0,0,0,0.0,2300.93,1,0,0.0,2300.93,1,0,0.0,25605.98,6,0,0.0,0
LGS2ORD0035726,C016675,2025-10-10 22:00:00,Male,33,Silver,TV,Remote_Area,512,Web,COD,22,10,4,0,30-40,17.066666666666666,1.0,0.0,0.0,-1,231,314.15,0.2,0.0,0.0,0.0,0.0,0,0,0.0,0.0,0,0,0.0,0.0,0,0,0.0,314.15,1,0,0.0,1
LGS2ORD0035727,C017597,2025-10-10 22:00:00,Male,39,Bronze,TV,Remote_Area,1275,Lazada,PromptPay,22,10,4,0,30-40,42.5,8.0,2.0,0.25,110,32,7769.723750000001,0.28,0.625,0.5,0.0,0.0,0,0,0.0,0.0,0,0,0.0,543.14,1,0,0.0,62157.79000000001,8,2,0.25,0
LGS2ORD0035728,C014706,2025-10-10 22:00:00,Male,34,Silver,Web,Chonburi,487,TV_Show,PromptPay,22,10,4,0,30-40,16.233333333333334,3.0,0.0,0.0,-1,44,1530.32,0.25,0.3333333333333333,0.6666666666666666,0.0,0.0,0,0,0.0,0.0,0,0,0.0,836.2,1,0,0.0,4590.96,3,0,0.0,1
LGS2ORD0035729,C011318,2025-10-10 23:00:00,Female,45,Gold,Shopee,Bangkok,901,Lazada,PromptPay,23,10,4,0,40-50,30.033333333333335,3.0,2.0,0.6666666666666666,142,6,2306.2566666666667,0.33,0.3333333333333333,0.3333333333333333,0.0,4284.99,1,0,0.0,4284.99,1,0,0.0,4284.99,1,0,0.0,6918.77,3,2,0.6666666666666666,0
LGS2ORD0035730,C012882,2025-10-10 23:00:00,Male,57,Silver,Shopee,Chiang Mai,319,TV_Show,Credit_Card,23,10,4,0,>50,10.633333333333333,5.0,0.0,0.0,-1,75,6221.818,0.3,0.2,0.2,0.2,0.0,0,0,0.0,0.0,0,0,0.0,6928.28,1,0,0.0,31109.09,5,0,0.0,0
LGS2ORD0035731,C013877,2025-10-10 23:00:00,Male,23,Gold,Shopee,Chiang Mai,487,CallCenter,COD,23,10,4,0,20-30,16.233333333333334,3.0,3.0,1.0,3,12,7391.983333333334,0.33,0.6666666666666666,0.3333333333333333,0.0,0.0,0,0,0.0,3077.9700000000003,2,2,1.0,3077.9700000000003,2,2,1.0,22175.95,3,3,1.0,0
LGS2ORD0035732,C012281,2025-10-10 23:00:00,Male,44,Platinum,Lazada,Songkhla,1594,Shopee,COD,23,10,4,0,40-50,53.13333333333333,4.0,1.0,0.25,2,9,3427.55,0.35,0.75,0.25,0.0,0.0,0,0,0.0,10288.380000000001,2,1,0.5,10288.380000000001,2,1,0.5,13710.2,4,1,0.25,0
LGS2ORD0035733,C013952,2025-10-10 23:00:00,Female,32,Silver,Shopee,Bangkok,1044,Lazada,Bank_Transfer,23,10,4,0,30-40,34.8,11.0,4.0,0.36363636363636365,23,27,3914.8045454545454,0.25,0.8181818181818182,0.18181818181818182,0.0,0.0,0,0,0.0,1631.25,1,0,0.0,26636.23,5,1,0.2,43062.85,11,4,0.36363636363636365,0
LGS2ORD0035734,C013445,2025-10-11 00:00:00,Female,48,Silver,Shopee,Chonburi,605,Web,COD,0,10,5,1,40-50,20.166666666666668,8.0,2.0,0.25,78,16,3363.29875,0.25,0.375,0.375,0.0,0.0,0,0,0.0,7324.1,2,0,0.0,15781.880000000001,4,1,0.25,26906.39,8,2,0.25,1
LGS2ORD0035735,C015171,2025-10-11 00:00:00,Male,45,Bronze,TV,Bangkok,490,TV_Show,Credit_Card,0,10,5,1,40-50,16.333333333333332,3.0,2.0,0.6666666666666666,60,63,1957.82,0.23,0.6666666666666666,0.3333333333333333,0.0,0.0,0,0,0.0,0.0,0,0,0.0,2160.01,1,1,1.0,5873.46,3,2,0.6666666666666666,0
LGS2ORD0035736,C016787,2025-10-11 00:00:00,Male,43,Bronze,TV,Nakhon Ratchasima,1606,Web,PromptPay,0,10,5,1,40-50,53.53333333333333,6.0,1.0,0.16666666666666666,56,67,3000.7316666666666,0.18,0.6666666666666666,0.0,0.0,0.0,0,0,0.0,0.0,0,0,0.0,6459.74,2,1,0.5,18004.39,6,1,0.16666666666666666,0
LGS2ORD0035737,C016389,2025-10-11 00:00:00,Male,49,Bronze,Lazada,Remote_Area,788,Lazada,COD,0,10,5,1,40-50,26.266666666666666,6.0,2.0,0.3333333333333333,161,35,11038.051666666666,0.18,0.5,0.0,0.0,0.0,0,0,0.0,0.0,0,0,0.0,51583.75,3,0,0.0,66228.31,6,2,0.3333333333333333,1
LGS2ORD0035738,C014881,2025-10-11 00:00:00,Female,55,Bronze,TV,Bangkok,861,Lazada,PromptPay,0,10,5,1,>50,28.7,8.0,2.0,0.25,21,36,7104.1587500000005,0.18,0.375,0.0,0.0,0.0,0,0,0.0,0.0,0,0,0.0,8180.27,2,1,0.5,56833.270000000004,8,2,0.25,0
LGS2ORD0035739,C017605,2025-10-11 01:00:00,Female,63,Silver,Web,Songkhla,869,Web,PromptPay,1,10,5,1,>50,28.966666666666665,6.0,3.0,0.5,19,22,4644.089999999999,0.3,0.6666666666666666,0.3333333333333333,0.16666666666666666,0.0,0,0,0.0,2390.87,1,0,0.0,18734.219999999998,4,2,0.5,27864.539999999997,6,3,0.5,0
LGS2ORD0035740,C011224,2025-10-11 01:00:00,Male,38,Gold,TV,Bangkok,1285,Lazada,Credit_Card,1,10,5,1,30-40,42.833333333333336,2.0,1.0,0.5,91,74,2840.7200000000003,0.28,0.0,0.5,0.0,0.0,0,0,0.0,0.0,0,0,0.0,4204.0,1,0,0.0,5681.4400000000005,2,1,0.5,1
LGS2ORD0035741,C012563,2025-10-11 01:00:00,Male,49,Silver,TV,Phuket,1716,Shopee,COD,1,10,5,1,40-50,57.2,3.0,0.0,0.0,-1,68,3893.4233333333336,0.1,0.3333333333333333,0.0,0.0,0.0,0,0,0.0,0.0,0,0,0.0,1155.48,1,0,0.0,11680.27,3,0,0.0,0
LGS2ORD0035742,C012421,2025-10-11 01:00:00,Male,66,Silver,CallCenter,Songkhla,952,Web,PromptPay,1,10,5,1,>50,31.733333333333334,4.0,1.0,0.25,45,17,2354.08,0.3,0.75,0.5,0.0,0.0,0,0,0.0,2178.06,1,0,0.0,3231.62,2,1,0.5,9416.32,4,1,0.25,1
LGS2ORD0035743,C011275,2025-10-11 01:00:00,Female,46,Platinum,Shopee,Bangkok,1321,Lazada,COD,1,10,5,1,40-50,44.03333333333333,3.0,1.0,0.3333333333333333,211,180,6591.740000000001,0.3,0.3333333333333333,0.3333333333333333,0.0,0.0,0,0,0.0,0.0,0,0,0.0,0.0,0,0,0.0,19775.22,3,1,0.3333333333333333,0
LGS2ORD0035744,C016352,2025-10-11 01:00:00,Male,50,Bronze,Web,Bangkok,1731,Lazada,Credit_Card,1,10,5,1,40-50,57.7,4.0,0.0,0.0,-1,7,4746.1625,0.18,0.25,0.0,0.0,0.0,0,0,0.0,4504.54,1,0,0.0,4504.54,1,0,0.0,18984.65,4,0,0.0,1
LGS2ORD0035745,C017948,2025-10-11 02:00:00,Male,42,Bronze,Web,Bangkok,1280,Web,Credit_Card,2,10,5,1,40-50,42.666666666666664,2.0,0.0,0.0,-1,254,2154.525,0.23,1.0,0.5,0.0,0.0,0,0,0.0,0.0,0,0,0.0,0.0,0,0,0.0,4309.05,2,0,0.0,1
LGS2ORD0035746,C010139,2025-10-11 02:00:00,Female,51,Silver,TV,Phuket,897,TV_Show,COD,2,10,5,1,>50,29.9,5.0,4.0,0.8,76,86,3350.344,0.25,0.8,0.4,0.0,0.0,0,0,0.0,0.0,0,0,0.0,12290.25,2,1,0.5,16751.72,5,4,0.8,1
LGS2ORD0035747,C014191,2025-10-11 02:00:00,Male,29,Bronze,TV,Nakhon Ratchasima,1427,TV_Show,COD,2,10,5,1,20-30,47.56666666666667,8.0,1.0,0.125,20,0,7466.83125,0.28,0.75,0.125,0.0,20021.1,1,0,0.0,20021.1,1,0,0.0,31044.67,3,1,0.3333333333333333,59734.65,8,1,0.125,1
LGS2ORD0035748,C014719,2025-10-11 02:00:00,Female,56,Bronze,Shopee,Chonburi,1033,CallCenter,Bank_Transfer,2,10,5,1,>50,34.43333333333333,10.0,2.0,0.2,82,4,2974.5710000000004,0.28,0.3,0.2,0.0,1344.13,1,0,0.0,1344.13,1,0,0.0,4204.1900000000005,3,0,0.0,29745.710000000003,10,2,0.2,0
LGS2ORD0035749,C010811,2025-10-11 02:00:00,Male,44,Bronze,TV,Chonburi,1066,Web,Bank_Transfer,2,10,5,1,40-50,35.53333333333333,5.0,3.0,0.6,47,58,4644.31,0.28,0.6,0.4,0.0,0.0,0,0,0.0,0.0,0,0,0.0,11527.36,3,2,0.6666666666666666,23221.550000000003,5,3,0.6,0
LGS2ORD0035750,C017839,2025-10-11 03:00:00,Female,40,Platinum,Shopee,Chiang Mai,1580,Lazada,COD,3,10,5,1,30-40,52.666666666666664,3.0,0.0,0.0,-1,80,663.3933333333333,0.35,0.6666666666666666,0.3333333333333333,0.0,0.0,0,0,0.0,0.0,0,0,0.0,1029.18,1,0,0.0,1990.18,3,0,0.0,1
LGS2ORD0035751,C012600,2025-10-11 03:00:00,Male,33,Silver,TV,Bangkok,1592,Lazada,COD,3,10,5,1,30-40,53.06666666666667,4.0,1.0,0.25,25,2,10709.825,0.3,0.25,0.75,0.0,9202.25,1,0,0.0,15191.33,2,0,0.0,42839.3,4,1,0.25,42839.3,4,1,0.25,0
LGS2ORD0035752,C016748,2025-10-11 03:00:00,Male,29,Silver,Web,Chonburi,874,Lazada,Credit_Card,3,10,5,1,20-30,29.133333333333333,5.0,0.0,0.0,-1,16,8853.354,0.25,0.8,0.2,0.0,0.0,0,0,0.0,34759.67,1,0,0.0,34759.67,1,0,0.0,44266.77,5,0,0.0,0
LGS2ORD0035753,C015777,2025-10-11 03:00:00,Male,48,Bronze,TV,Khon Kaen,1092,Shopee,COD,3,10,5,1,40-50,36.4,4.0,2.0,0.5,2,11,4976.1125,0.28,0.75,0.75,0.0,0.0,0,0,0.0,1664.27,1,1,1.0,2927.54,2,1,0.5,19904.45,4,2,0.5,0
LGS2ORD0035754,C012882,2025-10-11 03:00:00,Male,57,Silver,Shopee,Chiang Mai,320,Lazada,PromptPay,3,10,5,1,>50,10.666666666666666,6.0,0.0,0.0,-1,0,6230.21,0.3,0.16666666666666666,0.16666666666666666,0.16666666666666666,6272.17,1,0,0.0,6272.17,1,0,0.0,13200.45,2,0,0.0,37381.26,6,0,0.0,1
LGS2ORD0035755,C017272,2025-10-11 04:00:00,Male,42,Silver,TV,Songkhla,1334,Lazada,COD,4,10,5,1,40-50,44.46666666666667,7.0,3.0,0.42857142857142855,111,82,6777.774285714286,0.3,0.5714285714285714,0.14285714285714285,0.0,0.0,0,0,0.0,0.0,0,0,0.0,19870.11,1,0,0.0,47444.42,7,3,0.42857142857142855,0
LGS2ORD0035756,C012097,2025-10-11 04:00:00,Female,49,Gold,TV,Chiang Mai,1478,Lazada,COD,4,10,5,1,40-50,49.266666666666666,4.0,2.0,0.5,113,117,3375.3624999999997,0.2299999999999999,0.75,0.25,0.0,0.0,0,0,0.0,0.0,0,0,0.0,0.0,0,0,0.0,13501.449999999999,4,2,0.5,0
LGS2ORD0035757,C010736,2025-10-11 04:00:00,Male,33,Bronze,Shopee,Remote_Area,996,TV_Show,COD,4,10,5,1,30-40,33.2,10.0,5.0,0.5,0,8,6591.805,0.28,0.6,0.6,0.0,0.0,0,0,0.0,10144.68,1,1,1.0,10144.68,1,1,1.0,65918.05,10,5,0.5,0
LGS2ORD0035758,C017029,2025-10-11 04:00:00,Female,56,Silver,Shopee,Remote_Area,1021,Web,COD,4,10,5,1,>50,34.03333333333333,3.0,1.0,0.3333333333333333,134,87,14865.243333333332,0.3,0.3333333333333333,0.3333333333333333,0.0,0.0,0,0,0.0,0.0,0,0,0.0,646.77,1,0,0.0,44595.729999999996,3,1,0.3333333333333333,1
LGS2ORD0035759,C014126,2025-10-11 04:00:00,Male,49,Silver,Web,Chiang Mai,538,TV_Show,COD,4,10,5,1,40-50,17.933333333333334,1.0,0.0,0.0,-1,155,13800.48,0.05,0.0,0.0,0.0,0.0,0,0,0.0,0.0,0,0,0.0,0.0,0,0,0.0,13800.48,1,0,0.0,1
LGS2ORD0035760,C013157,2025-10-11 04:00:00,Male,48,Silver,TV,Khon Kaen,1536,Shopee,PromptPay,4,10,5,1,40-50,51.2,6.0,1.0,0.16666666666666666,224,16,4652.056666666666,0.25,0.6666666666666666,0.3333333333333333,0.0,0.0,0,0,0.0,1309.34,1,0,0.0,14668.88,3,0,0.0,27912.34,6,1,0.16666666666666666,0
LGS2ORD0035761,C010558,2025-10-11 05:00:00,Male,35,Bronze,Shopee,Bangkok,351,Shopee,Credit_Card,5,10,5,1,30-40,11.7,4.0,0.0,0.0,-1,101,9195.6975,0.23,0.25,0.25,0.0,0.0,0,0,0.0,0.0,0,0,0.0,0.0,0,0,0.0,36782.79,4,0,0.0,0
LGS2ORD0035762,C014099,2025-10-11 05:00:00,Male,35,Platinum,Lazada,Bangkok,1086,Shopee,COD,5,10,5,1,30-40,36.2,4.0,1.0,0.25,4,13,8855.375,0.35,0.5,0.5,0.0,0.0,0,0,0.0,20008.49,2,1,0.5,25722.31,3,1,0.3333333333333333,35421.5,4,1,0.25,0
LGS2ORD0035763,C017032,2025-10-11 05:00:00,Female,36,Bronze,CallCenter,Nakhon Ratchasima,947,Lazada,Credit_Card,5,10,5,1,30-40,31.566666666666666,8.0,3.0,0.375,32,40,7386.7675,0.28,1.0,0.375,0.0,0.0,0,0,0.0,0.0,0,0,0.0,36203.15,3,2,0.6666666666666666,59094.14,8,3,0.375,0
LGS2ORD0035764,C014263,2025-10-11 05:00:00,Female,57,Gold,CallCenter,Bangkok,1673,Web,COD,5,10,5,1,>50,55.766666666666666,3.0,0.0,0.0,-1,184,1659.7300000000002,0.28,0.3333333333333333,0.3333333333333333,0.0,0.0,0,0,0.0,0.0,0,0,0.0,0.0,0,0,0.0,4979.1900000000005,3,0,0.0,0
LGS2ORD0035765,C012290,2025-10-11 05:00:00,Female,51,Gold,Web,Chonburi,1098,Web,COD,5,10,5,1,>50,36.6,4.0,0.0,0.0,-1,154,1465.605,0.2299999999999999,0.25,0.5,0.0,0.0,0,0,0.0,0.0,0,0,0.0,0.0,0,0,0.0,5862.42,4,0,0.0,0
LGS2ORD0035766,C010686,2025-10-11 06:00:00,Male,43,Bronze,TV,Chiang Mai,1662,CallCenter,COD,6,10,5,1,40-50,55.4,6.0,2.0,0.3333333333333333,160,129,2207.695,0.23,0.6666666666666666,0.5,0.0,0.0,0,0,0.0,0.0,0,0,0.0,0.0,0,0,0.0,13246.17,6,2,0.3333333333333333,1
LGS2ORD0035767,C017980,2025-10-11 06:00:00,Female,49,Bronze,TV,Chiang Mai,957,Web,Bank_Transfer,6,10,5,1,40-50,31.9,7.0,2.0,0.2857142857142857,130,80,7300.707142857143,0.18,0.14285714285714285,0.0,0.0,0.0,0,0,0.0,0.0,0,0,0.0,22010.32,1,0,0.0,51104.95,7,2,0.2857142857142857,0
LGS2ORD0035768,C010216,2025-10-11 06:00:00,Male,23,Bronze,Web,Bangkok,1242,CallCenter,COD,6,10,5,1,20-30,41.4,9.0,1.0,0.1111111111111111,91,11,4328.381111111111,0.28,0.3333333333333333,0.2222222222222222,0.0,0.0,0,0,0.0,1580.65,1,0,0.0,21369.010000000002,2,0,0.0,38955.43,9,1,0.1111111111111111,1
LGS2ORD0035769,C011955,2025-10-11 06:00:00,Male,20,Silver,Lazada,Nakhon Ratchasima,1380,Web,Bank_Transfer,6,10,5,1,<20,46.0,7.0,1.0,0.14285714285714285,90,10,6894.025714285714,0.3,0.7142857142857143,0.14285714285714285,0.0,0.0,0,0,0.0,6897.45,1,0,0.0,10571.7,3,0,0.0,48258.17999999999,7,1,0.14285714285714285,1
LGS2ORD0035770,C017310,2025-10-11 06:00:00,Male,46,Bronze,Lazada,Nakhon Ratchasima,601,TV_Show,Bank_Transfer,6,10,5,1,40-50,20.033333333333335,2.0,0.0,0.0,-1,258,4419.275000000001,0.13,0.5,0.0,0.0,0.0,0,0,0.0,0.0,0,0,0.0,0.0,0,0,0.0,8838.550000000001,2,0,0.0,0
LGS2ORD0035771,C010791,2025-10-11 07:00:00,Female,48,Silver,Lazada,Chonburi,1302,TV_Show,COD,7,10,5,1,40-50,43.4,6.0,1.0,0.16666666666666666,0,9,6932.68,0.2,0.5,0.0,0.0,0.0,0,0,0.0,20737.85,1,1,1.0,20737.85,1,1,1.0,41596.08,6,1,0.16666666666666666,0
LGS2ORD0035772,C015161,2025-10-11 07:00:00,Male,51,Silver,TV,Phuket,775,CallCenter,COD,7,10,5,1,>50,25.833333333333332,4.0,2.0,0.5,29,14,1478.2,0.2,0.5,0.0,0.0,0.0,0,0,0.0,723.68,1,0,0.0,5324.17,3,2,0.6666666666666666,5912.8,4,2,0.5,1
LGS2ORD0035773,C011455,2025-10-11 07:00:00,Female,45,Gold,Web,Phuket,1326,CallCenter,COD,7,10,5,1,40-50,44.2,6.0,1.0,0.16666666666666666,168,27,5624.133333333334,0.33,0.5,0.5,0.0,0.0,0,0,0.0,621.68,1,0,0.0,7991.04,3,0,0.0,33744.8,6,1,0.16666666666666666,1
LGS2ORD0035774,C013975,2025-10-11 07:00:00,Male,22,Silver,Lazada,Chonburi,326,Lazada,COD,7,10,5,1,20-30,10.866666666666667,7.0,2.0,0.2857142857142857,149,74,3842.7757142857145,0.25,0.7142857142857143,0.14285714285714285,0.0,0.0,0,0,0.0,0.0,0,0,0.0,1163.35,1,0,0.0,26899.43,7,2,0.2857142857142857,0
LGS2ORD0035775,C012042,2025-10-11 07:00:00,Female,33,Gold,Lazada,Chiang Mai,1701,Web,Credit_Card,7,10,5,1,30-40,56.7,1.0,0.0,0.0,-1,272,5189.84,0.13,0.0,0.0,0.0,0.0,0,0,0.0,0.0,0,0,0.0,0.0,0,0,0.0,5189.84,1,0,0.0,0
LGS2ORD0035776,C014460,2025-10-11 08:00:00,Male,38,Platinum,TV,Phuket,402,Lazada,PromptPay,8,10,5,1,30-40,13.4,5.0,2.0,0.4,23,29,1721.414,0.3,0.6,0.2,0.0,0.0,0,0,0.0,635.18,1,1,1.0,4881.650000000001,2,1,0.5,8607.07,5,2,0.4,0
LGS2ORD0035777,C013961,2025-10-11 08:00:00,Female,46,Bronze,Shopee,Khon Kaen,1163,Web,Credit_Card,8,10,5,1,40-50,38.766666666666666,5.0,0.0,0.0,-1,14,5657.01,0.28,0.6,0.2,0.0,0.0,0,0,0.0,1399.82,1,0,0.0,19321.12,3,0,0.0,28285.05,5,0,0.0,0
LGS2ORD0035778,C013726,2025-10-11 08:00:00,Male,37,Gold,Shopee,Nakhon Ratchasima,545,Shopee,PromptPay,8,10,5,1,30-40,18.166666666666668,0.0,0.0,0.0,-1,-1,0.0,0.0,0.0,0.0,0.0,0.0,0,0,0.0,0.0,0,0,0.0,0.0,0,0,0.0,0.0,0,0,0.0,0
LGS2ORD0035779,C010551,2025-10-11 08:00:00,Male,56,Bronze,Shopee,Chiang Mai,1317,Lazada,Credit_Card,8,10,5,1,>50,43.9,5.0,2.0,0.4,108,3,4540.072,0.28,0.8,0.2,0.0,4427.74,1,0,0.0,4427.74,1,0,0.0,6623.94,2,0,0.0,22700.36,5,2,0.4,0
LGS2ORD0035780,C010042,2025-10-11 08:00:00,Female,60,Silver,Lazada,Khon Kaen,925,TV_Show,COD,8,10,5,1,>50,30.833333333333332,4.0,1.0,0.25,139,20,2194.8325,0.25,0.5,0.25,0.0,0.0,0,0,0.0,1569.47,1,0,0.0,1569.47,1,0,0.0,8779.33,4,1,0.25,0
LGS2ORD0035781,C010395,2025-10-11 08:00:00,Female,42,Bronze,TV,Phuket,1604,Lazada,COD,8,10,5,1,40-50,53.46666666666667,8.0,3.0,0.375,11,15,9959.30875,0.28,0.375,0.25,0.0,0.0,0,0,0.0,2714.79,1,1,1.0,43733.76,3,1,0.3333333333333333,79674.47,8,3,0.375,1
LGS2ORD0035782,C012160,2025-10-11 09:00:00,Female,48,Bronze,Lazada,Songkhla,562,Web,Credit_Card,9,10,5,1,40-50,18.733333333333334,2.0,0.0,0.0,-1,243,1429.56,0.18,0.5,0.0,0.0,0.0,0,0,0.0,0.0,0,0,0.0,0.0,0,0,0.0,2859.12,2,0,0.0,1
LGS2ORD0035783,C010590,2025-10-11 09:00:00,Male,32,Silver,Web,Chiang Mai,1561,TV_Show,COD,9,10,5,1,30-40,52.03333333333333,2.0,0.0,0.0,-1,138,3366.1449999999995,0.05,0.0,0.0,0.0,0.0,0,0,0.0,0.0,0,0,0.0,0.0,0,0,0.0,6732.289999999999,2,0,0.0,1
LGS2ORD0035784,C013174,2025-10-11 09:00:00,Female,40,Bronze,Web,Chiang Mai,1010,TV_Show,Credit_Card,9,10,5,1,30-40,33.666666666666664,3.0,1.0,0.3333333333333333,94,110,3276.683333333333,0.18,0.3333333333333333,0.0,0.0,0.0,0,0,0.0,0.0,0,0,0.0,0.0,0,0,0.0,9830.05,3,1,0.3333333333333333,0
LGS2ORD0035785,C017093,2025-10-11 09:00:00,Female,38,Bronze,TV,Bangkok,384,Shopee,PromptPay,9,10,5,1,30-40,12.8,2.0,1.0,0.5,251,25,760.155,0.03,0.0,0.0,0.0,0.0,0,0,0.0,564.42,1,0,0.0,564.42,1,0,0.0,1520.31,2,1,0.5,0
LGS2ORD0035786,C010655,2025-10-11 09:00:00,Female,25,Platinum,TV,Bangkok,788,TV_Show,COD,9,10,5,1,20-30,26.266666666666666,3.0,0.0,0.0,-1,188,4107.53,0.3,0.0,0.3333333333333333,0.0,0.0,0,0,0.0,0.0,0,0,0.0,0.0,0,0,0.0,12322.59,3,0,0.0,0
LGS2ORD0035787,C014721,2025-10-11 10:00:00,Female,36,Gold,Shopee,Chonburi,1034,Lazada,COD,10,10,5,1,30-40,34.46666666666667,1.0,0.0,0.0,-1,40,3018.99,0.13,0.0,0.0,0.0,0.0,0,0,0.0,0.0,0,0,0.0,3018.99,1,0,0.0,3018.99,1,0,0.0,0
LGS2ORD0035788,C012738,2025-10-11 10:00:00,Female,27,Silver,Web,Nakhon Ratchasima,1487,Web,PromptPay,10,10,5,1,20-30,49.56666666666667,10.0,3.0,0.3,39,1,5288.409000000001,0.25,0.5,0.2,0.0,990.26,1,0,0.0,990.26,1,0,0.0,13025.84,3,1,0.3333333333333333,52884.090000000004,10,3,0.3,0
LGS2ORD0035789,C014786,2025-10-11 10:00:00,Male,32,Bronze,TV,Remote_Area,983,TV_Show,COD,10,10,5,1,30-40,32.766666666666666,8.0,3.0,0.375,-3,2,6454.71875,0.23,0.625,0.25,0.0,17747.26,1,1,1.0,17747.26,1,1,1.0,17747.26,1,1,1.0,51637.75,8,3,0.375,1
LGS2ORD0035790,C010091,2025-10-11 10:00:00,Male,69,Bronze,Lazada,Chonburi,1377,Web,COD,10,10,5,1,>50,45.9,7.0,0.0,0.0,-1,10,3033.2057142857147,0.23,0.5714285714285714,0.42857142857142855,0.0,0.0,0,0,0.0,1385.83,1,0,0.0,1385.83,1,0,0.0,21232.440000000002,7,0,0.0,0
LGS2ORD0035791,C017988,2025-10-11 10:00:00,Male,28,Silver,Lazada,Chiang Mai,1100,TV_Show,PromptPay,10,10,5,1,20-30,36.666666666666664,4.0,1.0,0.25,145,128,10392.41,0.2,0.5,0.0,0.0,0.0,0,0,0.0,0.0,0,0,0.0,0.0,0,0,0.0,41569.64,4,1,0.25,0
LGS2ORD0035792,C017004,2025-10-11 11:00:00,Male,36,Silver,Web,Bangkok,1585,Web,COD,11,10,5,1,30-40,52.833333333333336,1.0,0.0,0.0,-1,182,13770.02,0.05,0.0,0.0,0.0,0.0,0,0,0.0,0.0,0,0,0.0,0.0,0,0,0.0,13770.02,1,0,0.0,1
LGS2ORD0035793,C017957,2025-10-11 11:00:00,Male,35,Bronze,CallCenter,Chiang Mai,442,Web,COD,11,10,5,1,30-40,14.733333333333333,8.0,2.0,0.25,94,85,4962.915,0.23,0.875,0.25,0.0,0.0,0,0,0.0,0.0,0,0,0.0,3379.66,1,0,0.0,39703.32,8,2,0.25,1
LGS2ORD0035794,C016375,2025-10-11 11:00:00,Female,46,Bronze,TV,Khon Kaen,1521,TV_Show,PromptPay,11,10,5,1,40-50,50.7,3.0,0.0,0.0,-1,85,4183.759999999999,0.08,0.6666666666666666,0.0,0.0,0.0,0,0,0.0,0.0,0,0,0.0,3887.57,1,0,0.0,12551.279999999999,3,0,0.0,0
LGS2ORD0035795,C010947,2025-10-11 11:00:00,Female,35,Bronze,TV,Nakhon Ratchasima,1266,TV_Show,COD,11,10,5,1,30-40,42.2,3.0,0.0,0.0,-1,44,4305.0233333333335,0.18,0.6666666666666666,0.0,0.0,0.0,0,0,0.0,0.0,0,0,0.0,10561.74,1,0,0.0,12915.07,3,0,0.0,1
LGS2ORD0035796,C015227,2025-10-11 11:00:00,Male,23,Silver,Lazada,Bangkok,860,CallCenter,Credit_Card,11,10,5,1,20-30,28.666666666666668,4.0,1.0,0.25,215,203,2348.9575,0.2,0.75,0.0,0.0,0.0,0,0,0.0,0.0,0,0,0.0,0.0,0,0,0.0,9395.83,4,1,0.25,0
LGS2ORD0035797,C016399,2025-10-11 12:00:00,Male,59,Gold,TV,Chonburi,509,Web,Credit_Card,12,10,5,1,>50,16.966666666666665,5.0,1.0,0.2,260,21,1963.798,0.28,0.6,0.4,0.0,0.0,0,0,0.0,5141.24,2,0,0.0,5141.24,2,0,0.0,9818.99,5,1,0.2,0
LGS2ORD0035798,C015545,2025-10-11 12:00:00,Female,49,Bronze,TV,Remote_Area,799,Web,COD,12,10,5,1,40-50,26.633333333333333,3.0,1.0,0.3333333333333333,232,136,4394.856666666667,0.18,0.3333333333333333,0.0,0.0,0.0,0,0,0.0,0.0,0,0,0.0,0.0,0,0,0.0,13184.57,3,1,0.3333333333333333,1
LGS2ORD0035799,C013555,2025-10-11 12:00:00,Female,38,Platinum,CallCenter,Bangkok,1567,Shopee,Credit_Card,12,10,5,1,30-40,52.233333333333334,3.0,2.0,0.6666666666666666,55,25,7230.276666666668,0.1,0.3333333333333333,0.0,0.0,0.0,0,0,0.0,4404.91,1,0,0.0,5850.9,2,1,0.5,21690.83,3,2,0.6666666666666666,0
LGS2ORD0035800,C011097,2025-10-11 12:00:00,Female,58,Gold,TV,Chiang Mai,1248,TV_Show,PromptPay,12,10,5,1,>50,41.6,5.0,1.0,0.2,242,27,4433.178000000001,0.28,0.4,0.8,0.0,0.0,0,0,0.0,2063.5,1,0,0.0,2063.5,1,0,0.0,22165.890000000003,5,1,0.2,0
LGS2ORD0035801,C017111,2025-10-11 12:00:00,Male,26,Bronze,CallCenter,Bangkok,1424,Web,COD,12,10,5,1,20-30,47.46666666666667,8.0,2.0,0.25,53,10,9486.79625,0.23,0.5,0.375,0.0,0.0,0,0,0.0,2803.07,1,0,0.0,56652.74,5,1,0.2,75894.37,8,2,0.25,0
LGS2ORD0035802,C014790,2025-10-11 12:00:00,Female,52,Silver,Lazada,Chonburi,1541,Web,COD,12,10,5,1,>50,51.36666666666667,3.0,1.0,0.3333333333333333,125,133,4767.72,0.15,0.0,0.0,0.0,0.0,0,0,0.0,0.0,0,0,0.0,0.0,0,0,0.0,14303.16,3,1,0.3333333333333333,0
LGS2ORD0035803,C016630,2025-10-11 13:00:00,Male,23,Bronze,TV,Phuket,1329,Shopee,COD,13,10,5,1,20-30,44.3,5.0,0.0,0.0,-1,49,4224.81,0.23,0.8,0.2,0.0,0.0,0,0,0.0,0.0,0,0,0.0,12551.17,2,0,0.0,21124.050000000003,5,0,0.0,1
LGS2ORD0035804,C013752,2025-10-11 13:00:00,Male,26,Bronze,Web,Songkhla,1544,Web,Credit_Card,13,10,5,1,20-30,51.46666666666667,4.0,1.0,0.25,50,2,8694.425,0.18,0.25,0.0,0.0,24822.03,1,0,0.0,24822.03,1,0,0.0,34052.979999999996,3,1,0.3333333333333333,34777.7,4,1,0.25,0
LGS2ORD0035805,C014048,2025-10-11 13:00:00,Female,37,Bronze,CallCenter,Phuket,971,Shopee,COD,13,10,5,1,30-40,32.36666666666667,2.0,0.0,0.0,-1,75,1935.9750000000001,0.23,1.0,0.5,0.0,0.0,0,0,0.0,0.0,0,0,0.0,586.82,1,0,0.0,3871.9500000000003,2,0,0.0,1
LGS2ORD0035806,C015159,2025-10-11 13:00:00,Male,43,Bronze,Web,Khon Kaen,1555,CallCenter,Credit_Card,13,10,5,1,40-50,51.833333333333336,3.0,0.0,0.0,-1,54,4590.003333333333,0.08,0.6666666666666666,0.0,0.0,0.0,0,0,0.0,0.0,0,0,0.0,4785.87,2,0,0.0,13770.01,3,0,0.0,0
LGS2ORD0035807,C017304,2025-10-11 13:00:00,Female,31,Silver,Shopee,Chiang Mai,551,Web,PromptPay,13,10,5,1,30-40,18.366666666666667,8.0,2.0,0.25,54,14,3335.5237500000003,0.3,0.25,0.375,0.125,0.0,0,0,0.0,1615.25,1,0,0.0,2408.1,2,1,0.5,26684.190000000002,8,2,0.25,0
LGS2ORD0035808,C010411,2025-10-11 14:00:00,Female,34,Silver,Shopee,Bangkok,865,Web,COD,14,10,5,1,30-40,28.833333333333332,3.0,0.0,0.0,-1,25,1902.0266666666666,0.05,0.6666666666666666,0.0,0.0,0.0,0,0,0.0,544.84,1,0,0.0,544.84,1,0,0.0,5706.08,3,0,0.0,0
LGS2ORD0035809,C012326,2025-10-11 14:00:00,Male,39,Gold,TV,Khon Kaen,921,Shopee,COD,14,10,5,1,30-40,30.7,5.0,1.0,0.2,207,1,10411.598,0.13,0.4,0.0,0.0,2792.51,1,0,0.0,2792.51,1,0,0.0,3742.07,2,0,0.0,52057.99,5,1,0.2,1
LGS2ORD0035810,C012412,2025-10-11 14:00:00,Female,43,Platinum,Web,Chiang Mai,814,TV_Show,Credit_Card,14,10,5,1,40-50,27.133333333333333,5.0,0.0,0.0,-1,55,5783.8460000000005,0.3,0.2,0.6,0.0,0.0,0,0,0.0,0.0,0,0,0.0,1566.22,1,0,0.0,28919.230000000003,5,0,0.0,0
LGS2ORD0035811,C011726,2025-10-11 14:00:00,Male,32,Bronze,Shopee,Khon Kaen,466,TV_Show,COD,14,10,5,1,30-40,15.533333333333333,6.0,1.0,0.16666666666666666,158,8,4374.641666666666,0.28,0.8333333333333334,0.16666666666666666,0.0,0.0,0,0,0.0,8413.35,1,0,0.0,19851.82,3,0,0.0,26247.85,6,1,0.16666666666666666,1
LGS2ORD0035812,C013102,2025-10-11 14:00:00,Female,48,Silver,Lazada,Khon Kaen,1357,Shopee,COD,14,10,5,1,40-50,45.233333333333334,5.0,1.0,0.2,83,60,3504.2939999999994,0.3,0.6,0.6,0.0,0.0,0,0,0.0,0.0,0,0,0.0,7478.7,1,0,0.0,17521.469999999998,5,1,0.2,0
LGS2ORD0035813,C015090,2025-10-11 15:00:00,Male,58,Bronze,Web,Remote_Area,405,CallCenter,Credit_Card,15,10,5,1,>50,13.5,4.0,2.0,0.5,44,49,4752.367499999999,0.28,0.5,0.5,0.0,0.0,0,0,0.0,0.0,0,0,0.0,5382.37,1,1,1.0,19009.469999999998,4,2,0.5,0
LGS2ORD0035814,C017338,2025-10-11 15:00:00,Female,51,Bronze,Shopee,Nakhon Ratchasima,820,TV_Show,Credit_Card,15,10,5,1,>50,27.333333333333332,0.0,0.0,0.0,-1,-1,0.0,0.0,0.0,0.0,0.0,0.0,0,0,0.0,0.0,0,0,0.0,0.0,0,0,0.0,0.0,0,0,0.0,0
LGS2ORD0035815,C013488,2025-10-11 15:00:00,Other,34,Platinum,Lazada,Bangkok,663,TV_Show,COD,15,10,5,1,30-40,22.1,3.0,1.0,0.3333333333333333,249,23,3192.243333333334,0.2,0.3333333333333333,0.0,0.0,0.0,0,0,0.0,1265.44,2,0,0.0,1265.44,2,0,0.0,9576.730000000001,3,1,0.3333333333333333,0
LGS2ORD0035816,C015316,2025-10-11 15:00:00,Female,42,Bronze,Lazada,Remote_Area,1084,TV_Show,COD,15,10,5,1,40-50,36.13333333333333,3.0,1.0,0.3333333333333333,22,31,8558.193333333335,0.28,0.6666666666666666,0.3333333333333333,0.0,0.0,0,0,0.0,0.0,0,0,0.0,7555.82,1,1,1.0,25674.58,3,1,0.3333333333333333,0
LGS2ORD0035817,C013672,2025-10-11 15:00:00,Male,38,Silver,TV,Remote_Area,740,Shopee,COD,15,10,5,1,30-40,24.666666666666668,5.0,5.0,1.0,52,66,7958.45,0.25,1.0,0.4,0.0,0.0,0,0,0.0,0.0,0,0,0.0,17403.7,1,1,1.0,39792.25,5,5,1.0,0
LGS2ORD0035818,C015417,2025-10-11 16:00:00,Male,36,Gold,Lazada,Chiang Mai,447,Web,COD,16,10,5,1,30-40,14.9,4.0,1.0,0.25,168,62,1710.6475,0.28,0.5,0.75,0.0,0.0,0,0,0.0,0.0,0,0,0.0,1841.9299999999998,2,0,0.0,6842.59,4,1,0.25,0
LGS2ORD0035819,C014332,2025-10-11 16:00:00,Female,36,Bronze,Web,Remote_Area,1187,Shopee,Credit_Card,16,10,5,1,30-40,39.56666666666667,8.0,2.0,0.25,100,32,7368.73875,0.28,0.5,0.25,0.0,0.0,0,0,0.0,0.0,0,0,0.0,19701.29,2,0,0.0,58949.91,8,2,0.25,1
LGS2ORD0035820,C016067,2025-10-11 16:00:00,Male,60,Gold,Web,Remote_Area,1690,TV_Show,PromptPay,16,10,5,1,>50,56.333333333333336,8.0,2.0,0.25,204,56,6074.52375,0.28,0.875,0.25,0.0,0.0,0,0,0.0,0.0,0,0,0.0,1277.15,1,0,0.0,48596.19,8,2,0.25,0
LGS2ORD0035821,C015080,2025-10-11 16:00:00,Female,42,Bronze,Shopee,Songkhla,662,CallCenter,Bank_Transfer,16,10,5,1,40-50,22.066666666666666,1.0,1.0,1.0,165,176,2218.85,0.18,1.0,0.0,0.0,0.0,0,0,0.0,0.0,0,0,0.0,0.0,0,0,0.0,2218.85,1,1,1.0,0
LGS2ORD0035822,C016096,2025-10-11 16:00:00,Male,56,Bronze,TV,Khon Kaen,454,Lazada,COD,16,10,5,1,>50,15.133333333333333,9.0,2.0,0.2222222222222222,19,28,6693.731111111111,0.28,0.8888888888888888,0.4444444444444444,0.0,0.0,0,0,0.0,1561.39,1,1,1.0,11008.92,3,2,0.6666666666666666,60243.58,9,2,0.2222222222222222,0
LGS2ORD0035823,C016997,2025-10-11 16:00:00,Male,23,Bronze,TV,Nakhon Ratchasima,1236,TV_Show,Credit_Card,16,10,5,1,20-30,41.2,6.0,1.0,0.16666666666666666,60,13,9909.28,0.28,0.5,0.3333333333333333,0.0,0.0,0,0,0.0,2932.47,1,0,0.0,29744.7,3,1,0.3333333333333333,59455.68000000001,6,1,0.16666666666666666,0
LGS2ORD0035824,C012971,2025-10-11 17:00:00,Female,61,Bronze,Lazada,Bangkok,1403,Lazada,COD,17,10,5,1,>50,46.766666666666666,5.0,0.0,0.0,-1,110,8948.612000000001,0.23,0.4,0.6,0.0,0.0,0,0,0.0,0.0,0,0,0.0,0.0,0,0,0.0,44743.060000000005,5,0,0.0,0
LGS2ORD0035825,C012254,2025-10-11 17:00:00,Female,31,Silver,Shopee,Bangkok,986,TV_Show,COD,17,10,5,1,30-40,32.86666666666667,2.0,0.0,0.0,-1,55,1372.555,0.2,0.5,0.0,0.0,0.0,0,0,0.0,0.0,0,0,0.0,2745.11,2,0,0.0,2745.11,2,0,0.0,0
LGS2ORD0035826,C011239,2025-10-11 17:00:00,Male,64,Bronze,TV,Phuket,857,Web,COD,17,10,5,1,>50,28.566666666666666,4.0,1.0,0.25,179,85,4951.2875,0.18,0.5,0.0,0.0,0.0,0,0,0.0,0.0,0,0,0.0,8091.64,1,0,0.0,19805.15,4,1,0.25,0
LGS2ORD0035827,C011901,2025-10-11 17:00:00,Female,68,Gold,Web,Phuket,346,Web,Credit_Card,17,10,5,1,>50,11.533333333333333,5.0,1.0,0.2,190,31,3622.906,0.33,0.4,0.8,0.0,0.0,0,0,0.0,0.0,0,0,0.0,6431.79,2,0,0.0,18114.53,5,1,0.2,0
LGS2ORD0035828,C013470,2025-10-11 17:00:00,Other,54,Silver,Web,Bangkok,386,TV_Show,COD,17,10,5,1,>50,12.866666666666667,4.0,1.0,0.25,86,44,8388.2,0.25,0.5,0.25,0.0,0.0,0,0,0.0,0.0,0,0,0.0,6723.41,1,0,0.0,33552.8,4,1,0.25,1
LGS2ORD0035829,C017858,2025-10-11 18:00:00,Male,30,Silver,TV,Remote_Area,475,Web,COD,18,10,5,1,20-30,15.833333333333334,8.0,3.0,0.375,-8,1,6812.5075,0.2,0.625,0.0,0.0,8177.83,1,1,1.0,26798.72,2,1,0.5,26798.72,2,1,0.5,54500.06,8,3,0.375,1
LGS2ORD0035830,C016084,2025-10-11 18:00:00,Female,50,Bronze,Lazada,Bangkok,571,Shopee,Credit_Card,18,10,5,1,40-50,19.033333333333335,4.0,3.0,0.75,-5,2,9189.7775,0.28,0.75,0.5,0.0,9227.36,1,1,1.0,9227.36,1,1,1.0,25461.300000000003,2,1,0.5,36759.11,4,3,0.75,0
LGS2ORD0035831,C012955,2025-10-11 18:00:00,Male,35,Silver,TV,Nakhon Ratchasima,1309,TV_Show,Credit_Card,18,10,5,1,30-40,43.63333333333333,7.0,2.0,0.2857142857142857,69,9,6326.921428571428,0.3,0.5714285714285714,0.2857142857142857,0.0,0.0,0,0,0.0,21855.16,1,0,0.0,32682.08,3,1,0.3333333333333333,44288.45,7,2,0.2857142857142857,0
LGS2ORD0035832,C017364,2025-10-11 18:00:00,Male,32,Silver,CallCenter,Chiang Mai,1553,Lazada,COD,18,10,5,1,30-40,51.766666666666666,2.0,0.0,0.0,-1,97,1331.48,0.25,0.5,0.5,0.0,0.0,0,0,0.0,0.0,0,0,0.0,0.0,0,0,0.0,2662.96,2,0,0.0,0
LGS2ORD0035833,C015387,2025-10-11 18:00:00,Male,47,Bronze,Shopee,Bangkok,566,Shopee,COD,18,10,5,1,40-50,18.866666666666667,7.0,3.0,0.42857142857142855,10,3,3762.522857142857,0.23,0.7142857142857143,0.14285714285714285,0.0,1243.2,1,0,0.0,13063.09,4,2,0.5,13584.050000000001,5,2,0.4,26337.66,7,3,0.42857142857142855,0
LGS2ORD0035834,C017860,2025-10-11 19:00:00,Male,48,Bronze,Shopee,Chiang Mai,1205,Web,PromptPay,19,10,5,1,40-50,40.166666666666664,3.0,0.0,0.0,-1,19,12518.533333333333,0.18,0.3333333333333333,0.0,0.0,0.0,0,0,0.0,23968.43,1,0,0.0,23968.43,1,0,0.0,37555.6,3,0,0.0,0
LGS2ORD0035835,C014246,2025-10-11 19:00:00,Male,34,Silver,TV,Phuket,1500,Web,COD,19,10,5,1,30-40,50.0,11.0,6.0,0.5454545454545454,99,3,5457.899090909091,0.3,0.45454545454545453,0.2727272727272727,0.0,237.89,1,0,0.0,237.89,1,0,0.0,19261.25,3,0,0.0,60036.89,11,6,0.5454545454545454,0
LGS2ORD0035836,C017878,2025-10-11 19:00:00,Male,67,Bronze,TV,Chiang Mai,351,Web,Credit_Card,19,10,5,1,>50,11.7,2.0,0.0,0.0,-1,67,8578.565,0.08,1.0,0.0,0.0,0.0,0,0,0.0,0.0,0,0,0.0,10505.27,1,0,0.0,17157.13,2,0,0.0,0
LGS2ORD0035837,C017433,2025-10-11 19:00:00,Female,44,Gold,TV,Chonburi,728,Web,Credit_Card,19,10,5,1,40-50,24.266666666666666,9.0,2.0,0.2222222222222222,41,3,3365.6211111111115,0.33,0.5555555555555556,0.4444444444444444,0.0,7987.7300000000005,2,0,0.0,7987.7300000000005,2,0,0.0,10457.59,3,1,0.3333333333333333,30290.590000000004,9,2,0.2222222222222222,1
LGS2ORD0035838,C014066,2025-10-11 19:00:00,Female,37,Platinum,Shopee,Phuket,1228,Web,Credit_Card,19,10,5,1,30-40,40.93333333333333,7.0,4.0,0.5714285714285714,42,56,5628.134285714286,0.3,0.5714285714285714,0.2857142857142857,0.0,0.0,0,0,0.0,0.0,0,0,0.0,37073.69,6,3,0.5,39396.94,7,4,0.5714285714285714,0
LGS2ORD0035839,C010648,2025-10-11 20:00:00,Male,32,Gold,Web,Chiang Mai,936,Web,PromptPay,20,10,5,1,30-40,31.2,5.0,0.0,0.0,-1,95,4278.032000000001,0.33,0.4,0.4,0.0,0.0,0,0,0.0,0.0,0,0,0.0,0.0,0,0,0.0,21390.160000000003,5,0,0.0,1
LGS2ORD0035840,C017239,2025-10-11 20:00:00,Female,40,Gold,TV,Nakhon Ratchasima,340,Lazada,COD,20,10,5,1,30-40,11.333333333333334,4.0,1.0,0.25,116,111,7912.66,0.33,0.5,0.5,0.0,0.0,0,0,0.0,0.0,0,0,0.0,0.0,0,0,0.0,31650.64,4,1,0.25,0
LGS2ORD0035841,C011880,2025-10-11 20:00:00,Male,29,Silver,TV,Chiang Mai,865,Shopee,Credit_Card,20,10,5,1,20-30,28.833333333333332,11.0,3.0,0.2727272727272727,57,41,7638.678181818183,0.3,0.6363636363636364,0.7272727272727273,0.0,0.0,0,0,0.0,0.0,0,0,0.0,12721.5,3,2,0.6666666666666666,84025.46,11,3,0.2727272727272727,0
LGS2ORD0035842,C013866,2025-10-11 20:00:00,Female,30,Bronze,TV,Khon Kaen,1622,TV_Show,Credit_Card,20,10,5,1,20-30,54.06666666666667,6.0,1.0,0.16666666666666666,193,114,6026.134999999999,0.23,0.6666666666666666,0.16666666666666666,0.0,0.0,0,0,0.0,0.0,0,0,0.0,0.0,0,0,0.0,36156.81,6,1,0.16666666666666666,0
LGS2ORD0035843,C014993,2025-10-11 20:00:00,Female,18,Gold,Lazada,Bangkok,1545,CallCenter,Credit_Card,20,10,5,1,<20,51.5,2.0,1.0,0.5,75,90,1501.89,0.18,0.5,0.0,0.0,0.0,0,0,0.0,0.0,0,0,0.0,0.0,0,0,0.0,3003.78,2,1,0.5,0
LGS2ORD0035844,C013458,2025-10-11 20:00:00,Female,18,Silver,Shopee,Songkhla,1340,CallCenter,COD,20,10,5,1,<20,44.666666666666664,6.0,1.0,0.16666666666666666,102,110,3029.27,0.3,0.6666666666666666,0.16666666666666666,0.0,0.0,0,0,0.0,0.0,0,0,0.0,0.0,0,0,0.0,18175.62,6,1,0.16666666666666666,1
LGS2ORD0035845,C015310,2025-10-11 21:00:00,Female,38,Gold,Lazada,Chiang Mai,1319,Web,Credit_Card,21,10,5,1,30-40,43.96666666666667,5.0,2.0,0.4,32,38,2849.844,0.33,0.4,0.4,0.0,0.0,0,0,0.0,0.0,0,0,0.0,5842.42,2,1,0.5,14249.220000000001,5,2,0.4,0
LGS2ORD0035846,C015317,2025-10-11 21:00:00,Female,56,Bronze,TV,Songkhla,487,Lazada,COD,21,10,5,1,>50,16.233333333333334,6.0,2.0,0.3333333333333333,4,17,4153.501666666666,0.28,1.0,0.16666666666666666,0.0,0.0,0,0,0.0,10236.22,1,1,1.0,15548.13,2,2,1.0,24921.01,6,2,0.3333333333333333,1
LGS2ORD0035847,C012789,2025-10-11 21:00:00,Female,55,Bronze,Lazada,Nakhon Ratchasima,344,CallCenter,Bank_Transfer,21,10,5,1,>50,11.466666666666667,3.0,1.0,0.3333333333333333,123,34,3557.6366666666668,0.18,1.0,0.0,0.0,0.0,0,0,0.0,0.0,0,0,0.0,10470.7,2,0,0.0,10672.91,3,1,0.3333333333333333,1
LGS2ORD0035848,C015677,2025-10-11 21:00:00,Male,24,Bronze,Lazada,Chonburi,499,Shopee,PromptPay,21,10,5,1,20-30,16.633333333333333,1.0,0.0,0.0,-1,45,669.52,0.13,0.0,0.0,0.0,0.0,0,0,0.0,0.0,0,0,0.0,669.52,1,0,0.0,669.52,1,0,0.0,0
LGS2ORD0035849,C013160,2025-10-11 21:00:00,Male,37,Silver,TV,Songkhla,844,Lazada,COD,21,10,5,1,30-40,28.133333333333333,4.0,0.0,0.0,-1,83,13728.8625,0.2,0.25,0.0,0.0,0.0,0,0,0.0,0.0,0,0,0.0,3138.31,1,0,0.0,54915.45,4,0,0.0,0
LGS2ORD0035850,C016763,2025-10-11 22:00:00,Male,54,Silver,Web,Bangkok,1042,TV_Show,Credit_Card,22,10,5,1,>50,34.733333333333334,1.0,1.0,1.0,244,252,1650.19,0.2,0.0,0.0,0.0,0.0,0,0,0.0,0.0,0,0,0.0,0.0,0,0,0.0,1650.19,1,1,1.0,0
LGS2ORD0035851,C016048,2025-10-11 22:00:00,Female,34,Silver,Shopee,Chiang Mai,994,Web,COD,22,10,5,1,30-40,33.13333333333333,5.0,3.0,0.6,35,43,2101.8239999999996,0.25,0.8,0.6,0.0,0.0,0,0,0.0,0.0,0,0,0.0,1820.88,1,1,1.0,10509.119999999999,5,3,0.6,0
LGS2ORD0035852,C014464,2025-10-11 22:00:00,Male,35,Bronze,TV,Chonburi,1382,Lazada,COD,22,10,5,1,30-40,46.06666666666667,5.0,0.0,0.0,-1,15,6077.842,0.23,0.8,0.4,0.0,0.0,0,0,0.0,9776.9,2,0,0.0,21083.949999999997,3,0,0.0,30389.21,5,0,0.0,1
LGS2ORD0035853,C015659,2025-10-11 22:00:00,Female,41,Silver,Shopee,Phuket,1325,Lazada,COD,22,10,5,1,40-50,44.166666666666664,5.0,1.0,0.2,190,87,4946.683999999999,0.25,0.2,0.6,0.0,0.0,0,0,0.0,0.0,0,0,0.0,1281.68,1,0,0.0,24733.42,5,1,0.2,1
LGS2ORD0035854,C011333,2025-10-11 22:00:00,Female,39,Silver,Lazada,Songkhla,382,Web,Credit_Card,22,10,5,1,30-40,12.733333333333333,1.0,1.0,1.0,221,227,9424.79,0.1,0.0,0.0,0.0,0.0,0,0,0.0,0.0,0,0,0.0,0.0,0,0,0.0,9424.79,1,1,1.0,0
LGS2ORD0035855,C012066,2025-10-11 23:00:00,Male,35,Silver,Lazada,Bangkok,1527,Lazada,PromptPay,23,10,5,1,30-40,50.9,5.0,0.0,0.0,-1,63,10257.534000000001,0.25,0.4,0.2,0.0,0.0,0,0,0.0,0.0,0,0,0.0,1072.72,1,0,0.0,51287.670000000006,5,0,0.0,0
LGS2ORD0035856,C017123,2025-10-11 23:00:00,Female,40,Platinum,Lazada,Chonburi,1322,TV_Show,PromptPay,23,10,5,1,30-40,44.06666666666667,2.0,1.0,0.5,169,180,1897.58,0.2,1.0,0.0,0.0,0.0,0,0,0.0,0.0,0,0,0.0,0.0,0,0,0.0,3795.16,2,1,0.5,0
LGS2ORD0035857,C015397,2025-10-11 23:00:00,Other,37,Silver,Shopee,Khon Kaen,1648,TV_Show,Credit_Card,23,10,5,1,30-40,54.93333333333333,1.0,0.0,0.0,-1,262,3407.32,0.1,0.0,0.0,0.0,0.0,0,0,0.0,0.0,0,0,0.0,0.0,0,0,0.0,3407.32,1,0,0.0,0
LGS2ORD0035858,C013629,2025-10-11 23:00:00,Male,62,Platinum,Lazada,Chiang Mai,1514,Shopee,COD,23,10,5,1,>50,50.46666666666667,2.0,1.0,0.5,182,123,8687.689999999999,0.25,0.0,0.5,0.0,0.0,0,0,0.0,0.0,0,0,0.0,0.0,0,0,0.0,17375.379999999997,2,1,0.5,1
LGS2ORD0035859,C011125,2025-10-11 23:00:00,Other,64,Bronze,TV,Remote_Area,1487,Lazada,COD,23,10,5,1,>50,49.56666666666667,5.0,2.0,0.4,154,11,6817.832,0.28,0.4,0.8,0.0,0.0,0,0,0.0,756.39,1,0,0.0,756.39,1,0,0.0,34089.16,5,2,0.4,1
LGS2ORD0035860,C017886,2025-10-11 23:00:00,Female,54,Silver,TV,Chiang Mai,687,Lazada,COD,23,10,5,1,>50,22.9,9.0,3.0,0.3333333333333333,26,30,5375.012222222223,0.3,0.6666666666666666,0.3333333333333333,0.0,0.0,0,0,0.0,0.0,0,0,0.0,38402.88,6,1,0.16666666666666666,48375.11,9,3,0.3333333333333333,0
LGS2ORD0035861,C011591,2025-10-12 00:00:00,Male,38,Silver,Lazada,Khon Kaen,959,Shopee,PromptPay,0,10,6,1,30-40,31.966666666666665,2.0,0.0,0.0,-1,84,3327.295,0.1,1.0,0.0,0.0,0.0,0,0,0.0,0.0,0,0,0.0,1171.6,1,0,0.0,6654.59,2,0,0.0,0
LGS2ORD0035862,C012529,2025-10-12 00:00:00,Female,51,Silver,TV,Remote_Area,1681,TV_Show,Credit_Card,0,10,6,1,>50,56.03333333333333,11.0,6.0,0.5454545454545454,27,39,7229.7927272727275,0.3,0.6363636363636364,0.2727272727272727,0.0,0.0,0,0,0.0,0.0,0,0,0.0,45173.619999999995,5,3,0.6,79527.72,11,6,0.5454545454545454,0
LGS2ORD0035863,C011041,2025-10-12 00:00:00,Female,46,Bronze,CallCenter,Bangkok,1078,Lazada,PromptPay,0,10,6,1,40-50,35.93333333333333,10.0,1.0,0.1,84,38,5531.425,0.28,0.8,0.2,0.0,0.0,0,0,0.0,0.0,0,0,0.0,16355.43,2,0,0.0,55314.25,10,1,0.1,0
LGS2ORD0035864,C015055,2025-10-12 00:00:00,Male,41,Gold,TV,Bangkok,853,Lazada,Credit_Card,0,10,6,1,40-50,28.433333333333334,6.0,3.0,0.5,4,18,2620.4266666666667,0.33,0.5,0.5,0.0,0.0,0,0,0.0,2857.17,2,1,0.5,10306.46,3,2,0.6666666666666666,15722.56,6,3,0.5,1
LGS2ORD0035865,C014367,2025-10-12 00:00:00,Female,29,Bronze,TV,Remote_Area,772,CallCenter,COD,0,10,6,1,20-30,25.733333333333334,6.0,1.0,0.16666666666666666,194,50,5442.044999999999,0.28,0.5,0.5,0.0,0.0,0,0,0.0,0.0,0,0,0.0,25493.78,2,0,0.0,32652.269999999997,6,1,0.16666666666666666,1
LGS2ORD0035866,C013409,2025-10-12 01:00:00,Male,38,Silver,CallCenter,Bangkok,1035,Shopee,COD,1,10,6,1,30-40,34.5,3.0,0.0,0.0,-1,12,913.7000000000002,0.3,0.0,0.3333333333333333,0.0,0.0,0,0,0.0,536.05,1,0,0.0,536.05,1,0,0.0,2741.1000000000004,3,0,0.0,0
LGS2ORD0035867,C017824,2025-10-12 01:00:00,Female,54,Bronze,TV,Phuket,770,TV_Show,COD,1,10,6,1,>50,25.666666666666668,7.0,3.0,0.42857142857142855,38,17,4212.308571428571,0.23,0.5714285714285714,0.14285714285714285,0.0,0.0,0,0,0.0,8554.4,1,0,0.0,10280.11,3,2,0.6666666666666666,29486.159999999996,7,3,0.42857142857142855,0
LGS2ORD0035868,C011291,2025-10-12 01:00:00,Male,29,Gold,Lazada,Bangkok,1182,TV_Show,Bank_Transfer,1,10,6,1,20-30,39.4,5.0,1.0,0.2,17,28,2658.818,0.28,0.2,0.4,0.0,0.0,0,0,0.0,814.64,1,1,1.0,1909.27,2,1,0.5,13294.09,5,1,0.2,0
LGS2ORD0035869,C011726,2025-10-12 01:00:00,Male,32,Bronze,Shopee,Khon Kaen,467,Shopee,COD,1,10,6,1,30-40,15.566666666666666,7.0,2.0,0.2857142857142857,-2,0,6292.311428571428,0.28,0.8571428571428571,0.14285714285714285,0.0,17798.33,1,1,1.0,26211.68,2,1,0.5,37650.15,4,1,0.25,44046.18,7,2,0.2857142857142857,0
LGS2ORD0035870,C015724,2025-10-12 01:00:00,Female,50,Silver,Shopee,Bangkok,1162,Shopee,Credit_Card,1,10,6,1,40-50,38.733333333333334,1.0,0.0,0.0,-1,144,13323.28,0.15,0.0,0.0,0.0,0.0,0,0,0.0,0.0,0,0,0.0,0.0,0,0,0.0,13323.28,1,0,0.0,0
LGS2ORD0035871,C014336,2025-10-12 02:00:00,Male,56,Gold,Web,Chonburi,773,CallCenter,Credit_Card,2,10,6,1,>50,25.766666666666666,4.0,1.0,0.25,221,30,10110.8075,0.2299999999999999,1.0,0.25,0.0,0.0,0,0,0.0,0.0,0,0,0.0,27448.43,1,0,0.0,40443.23,4,1,0.25,1
LGS2ORD0035872,C014644,2025-10-12 02:00:00,Female,47,Bronze,TV,Chonburi,919,Shopee,PromptPay,2,10,6,1,40-50,30.633333333333333,5.0,0.0,0.0,-1,12,11800.486,0.23,0.8,0.2,0.0,0.0,0,0,0.0,19566.09,2,0,0.0,19566.09,2,0,0.0,59002.43,5,0,0.0,1
LGS2ORD0035873,C010968,2025-10-12 02:00:00,Female,50,Bronze,CallCenter,Phuket,926,Shopee,PromptPay,2,10,6,1,40-50,30.866666666666667,10.0,3.0,0.3,-2,5,4481.789,0.28,0.6,0.2,0.0,1243.09,1,1,1.0,4124.75,2,1,0.5,35679.95999999999,6,2,0.3333333333333333,44817.89,10,3,0.3,0
LGS2ORD0035874,C013032,2025-10-12 02:00:00,Male,44,Bronze,TV,Phuket,599,Lazada,Credit_Card,2,10,6,1,40-50,19.966666666666665,3.0,0.0,0.0,-1,94,6631.746666666666,0.08,0.6666666666666666,0.0,0.0,0.0,0,0,0.0,0.0,0,0,0.0,0.0,0,0,0.0,19895.239999999998,3,0,0.0,0
LGS2ORD0035875,C013569,2025-10-12 02:00:00,Male,22,Silver,TV,Chiang Mai,1699,TV_Show,COD,2,10,6,1,20-30,56.63333333333333,3.0,1.0,0.3333333333333333,248,43,6775.986666666667,0.3,0.3333333333333333,0.6666666666666666,0.0,0.0,0,0,0.0,0.0,0,0,0.0,2709.39,1,0,0.0,20327.96,3,1,0.3333333333333333,0
LGS2ORD0035876,C015083,2025-10-12 03:00:00,Female,26,Bronze,TV,Bangkok,891,CallCenter,PromptPay,3,10,6,1,20-30,29.7,4.0,1.0,0.25,170,182,7063.4775,0.28,0.25,0.25,0.0,0.0,0,0,0.0,0.0,0,0,0.0,0.0,0,0,0.0,28253.91,4,1,0.25,0
LGS2ORD0035877,C015229,2025-10-12 03:00:00,Female,28,Bronze,Shopee,Bangkok,1601,TV_Show,COD,3,10,6,1,20-30,53.36666666666667,12.0,3.0,0.25,51,4,5724.559166666667,0.28,0.6666666666666666,0.16666666666666666,0.0,15246.28,1,0,0.0,15246.28,1,0,0.0,36681.37,5,2,0.4,68694.71,12,3,0.25,0
LGS2ORD0035878,C010295,2025-10-12 03:00:00,Male,24,Platinum,Shopee,Khon Kaen,1382,TV_Show,Credit_Card,3,10,6,1,20-30,46.06666666666667,0.0,0.0,0.0,-1,-1,0.0,0.0,0.0,0.0,0.0,0.0,0,0,0.0,0.0,0,0,0.0,0.0,0,0,0.0,0.0,0,0,0.0,0
LGS2ORD0035879,C013945,2025-10-12 03:00:00,Male,41,Gold,Lazada,Nakhon Ratchasima,405,Web,COD,3,10,6,1,40-50,13.5,3.0,0.0,0.0,-1,123,2596.6133333333332,0.18,0.6666666666666666,0.0,0.0,0.0,0,0,0.0,0.0,0,0,0.0,0.0,0,0,0.0,7789.84,3,0,0.0,0
LGS2ORD0035880,C011633,2025-10-12 03:00:00,Male,36,Silver,TV,Phuket,460,TV_Show,Credit_Card,3,10,6,1,30-40,15.333333333333334,13.0,5.0,0.38461538461538464,0,6,7378.540769230769,0.3,0.7692307692307693,0.46153846153846156,0.07692307692307693,1535.95,1,1,1.0,4499.58,3,1,0.3333333333333333,27321.490000000005,7,2,0.2857142857142857,95921.03,13,5,0.38461538461538464,0
LGS2ORD0035881,C010051,2025-10-12 03:00:00,Female,47,Silver,Web,Khon Kaen,724,Web,PromptPay,3,10,6,1,40-50,24.133333333333333,4.0,0.0,0.0,-1,31,2639.2824999999993,0.3,0.25,0.5,0.0,0.0,0,0,0.0,0.0,0,0,0.0,10044.98,3,0,0.0,10557.129999999997,4,0,0.0,0
LGS2ORD0035882,C016005,2025-10-12 04:00:00,Female,18,Bronze,TV,Bangkok,867,Shopee,COD,4,10,6,1,<20,28.9,1.0,1.0,1.0,207,218,1130.91,0.18,0.0,0.0,0.0,0.0,0,0,0.0,0.0,0,0,0.0,0.0,0,0,0.0,1130.91,1,1,1.0,0
LGS2ORD0035883,C013809,2025-10-12 04:00:00,Female,48,Platinum,Web,Chiang Mai,464,Shopee,COD,4,10,6,1,40-50,15.466666666666667,5.0,0.0,0.0,-1,71,7092.936,0.3,0.4,0.2,0.0,0.0,0,0,0.0,0.0,0,0,0.0,11723.27,1,0,0.0,35464.68,5,0,0.0,0
LGS2ORD0035884,C016237,2025-10-12 04:00:00,Female,40,Silver,CallCenter,Bangkok,1710,Shopee,Credit_Card,4,10,6,1,30-40,57.0,5.0,0.0,0.0,-1,47,3473.3720000000003,0.3,0.2,0.2,0.0,0.0,0,0,0.0,0.0,0,0,0.0,4870.1,1,0,0.0,17366.86,5,0,0.0,0
LGS2ORD0035885,C017262,2025-10-12 04:00:00,Male,42,Silver,Web,Khon Kaen,1725,Web,COD,4,10,6,1,40-50,57.5,2.0,1.0,0.5,11,14,712.57,0.3,0.5,0.5,0.0,0.0,0,0,0.0,1425.14,2,1,0.5,1425.14,2,1,0.5,1425.14,2,1,0.5,1
LGS2ORD0035886,C014928,2025-10-12 04:00:00,Male,58,Bronze,Shopee,Bangkok,1619,Shopee,COD,4,10,6,1,>50,53.96666666666667,7.0,0.0,0.0,-1,7,3353.4585714285718,0.28,0.5714285714285714,0.5714285714285714,0.0,0.0,0,0,0.0,3579.4799999999996,2,0,0.0,10452.44,3,0,0.0,23474.210000000003,7,0,0.0,0
LGS2ORD0035887,C014577,2025-10-12 05:00:00,Male,30,Silver,Web,Phuket,1561,Web,PromptPay,5,10,6,1,20-30,52.03333333333333,4.0,0.0,0.0,-1,9,3932.8550000000005,0.3,0.25,0.5,0.0,0.0,0,0,0.0,2475.27,1,0,0.0,4224.639999999999,2,0,0.0,15731.420000000002,4,0,0.0,0
LGS2ORD0035888,C012743,2025-10-12 05:00:00,Female,29,Platinum,Web,Bangkok,1405,Lazada,COD,5,10,6,1,20-30,46.833333333333336,5.0,0.0,0.0,-1,17,4559.264,0.15,0.2,0.0,0.0,0.0,0,0,0.0,5799.07,2,0,0.0,12385.7,3,0,0.0,22796.32,5,0,0.0,1
LGS2ORD0035889,C011330,2025-10-12 05:00:00,Male,49,Bronze,Web,Bangkok,995,CallCenter,COD,5,10,6,1,40-50,33.166666666666664,4.0,0.0,0.0,-1,79,4496.0225,0.23,0.25,0.25,0.0,0.0,0,0,0.0,0.0,0,0,0.0,9806.81,1,0,0.0,17984.09,4,0,0.0,1
LGS2ORD0035890,C011569,2025-10-12 05:00:00,Male,34,Bronze,TV,Remote_Area,811,Shopee,COD,5,10,6,1,30-40,27.033333333333335,8.0,4.0,0.5,53,45,2782.1000000000004,0.28,0.75,0.25,0.0,0.0,0,0,0.0,0.0,0,0,0.0,7952.35,4,2,0.5,22256.800000000003,8,4,0.5,0
LGS2ORD0035891,C011286,2025-10-12 05:00:00,Female,48,Bronze,CallCenter,Khon Kaen,515,TV_Show,COD,5,10,6,1,40-50,17.166666666666668,7.0,1.0,0.14285714285714285,40,5,4111.911428571429,0.23,0.2857142857142857,0.42857142857142855,0.0,919.09,1,0,0.0,919.09,1,0,0.0,6656.18,2,1,0.5,28783.379999999997,7,1,0.14285714285714285,0
LGS2ORD0035892,C012796,2025-10-12 06:00:00,Female,44,Bronze,TV,Songkhla,527,TV_Show,COD,6,10,6,1,40-50,17.566666666666666,2.0,1.0,0.5,149,90,3317.335,0.18,0.0,0.0,0.0,0.0,0,0,0.0,0.0,0,0,0.0,0.0,0,0,0.0,6634.67,2,1,0.5,0
LGS2ORD0035893,C014406,2025-10-12 06:00:00,Male,43,Silver,CallCenter,Nakhon Ratchasima,1087,Lazada,PromptPay,6,10,6,1,40-50,36.233333333333334,3.0,2.0,0.6666666666666666,58,71,1686.7933333333333,0.2,0.6666666666666666,0.0,0.0,0.0,0,0,0.0,0.0,0,0,0.0,2361.69,1,1,1.0,5060.38,3,2,0.6666666666666666,1
LGS2ORD0035894,C014453,2025-10-12 06:00:00,Female,40,Platinum,Shopee,Chonburi,1102,TV_Show,Bank_Transfer,6,10,6,1,30-40,36.733333333333334,2.0,0.0,0.0,-1,10,10809.300000000001,0.15,0.5,0.0,0.0,0.0,0,0,0.0,21618.600000000002,2,0,0.0,21618.600000000002,2,0,0.0,21618.600000000002,2,0,0.0,0
LGS2ORD0035895,C016069,2025-10-12 06:00:00,Other,56,Bronze,TV,Bangkok,1227,Web,COD,6,10,6,1,>50,40.9,6.0,2.0,0.3333333333333333,218,119,2066.2966666666666,0.23,0.6666666666666666,0.5,0.0,0.0,0,0,0.0,0.0,0,0,0.0,0.0,0,0,0.0,12397.78,6,2,0.3333333333333333,0
LGS2ORD0035896,C011509,2025-10-12 06:00:00,Male,47,Bronze,TV,Phuket,621,TV_Show,COD,6,10,6,1,40-50,20.7,4.0,3.0,0.75,76,83,3060.0550000000003,0.23,0.5,0.5,0.0,0.0,0,0,0.0,0.0,0,0,0.0,2363.2,1,1,1.0,12240.220000000001,4,3,0.75,0
LGS2ORD0035897,C010119,2025-10-12 07:00:00,Female,55,Gold,Web,Bangkok,690,TV_Show,PromptPay,7,10,6,1,>50,23.0,4.0,2.0,0.5,64,6,4370.0225,0.28,1.0,0.5,0.0,7128.43,1,0,0.0,7128.43,1,0,0.0,13612.27,2,1,0.5,17480.09,4,2,0.5,0
LGS2ORD0035898,C016646,2025-10-12 07:00:00,Male,38,Bronze,TV,Chiang Mai,582,Lazada,COD,7,10,6,1,30-40,19.4,14.0,3.0,0.21428571428571427,38,2,8236.488571428572,0.28,0.5,0.14285714285714285,0.0,11095.92,2,0,0.0,50108.68,3,0,0.0,77665.94,6,1,0.16666666666666666,115310.84000000001,14,3,0.21428571428571427,1
LGS2ORD0035899,C015043,2025-10-12 07:00:00,Male,18,Bronze,TV,Phuket,1370,Shopee,Bank_Transfer,7,10,6,1,<20,45.666666666666664,4.0,0.0,0.0,-1,67,5981.4725,0.18,1.0,0.0,0.0,0.0,0,0,0.0,0.0,0,0,0.0,22438.27,3,0,0.0,23925.89,4,0,0.0,0
LGS2ORD0035900,C011952,2025-10-12 07:00:00,Female,48,Bronze,Web,Bangkok,1308,TV_Show,COD,7,10,6,1,40-50,43.6,3.0,0.0,0.0,-1,8,3131.2899999999995,0.18,0.3333333333333333,0.0,0.0,0.0,0,0,0.0,4655.1,1,0,0.0,4655.1,1,0,0.0,9393.869999999999,3,0,0.0,1
LGS2ORD0035901,C017063,2025-10-12 07:00:00,Male,61,Bronze,TV,Remote_Area,1385,Web,COD,7,10,6,1,>50,46.166666666666664,8.0,1.0,0.125,13,13,4462.86375,0.28,0.625,0.25,0.0,0.0,0,0,0.0,17001.94,4,1,0.25,21153.6,5,1,0.2,35702.91,8,1,0.125,0
LGS2ORD0035902,C010777,2025-10-12 07:00:00,Female,36,Platinum,Web,Phuket,708,Lazada,Credit_Card,7,10,6,1,30-40,23.6,5.0,1.0,0.2,98,27,3028.2939999999994,0.3,0.6,0.6,0.0,0.0,0,0,0.0,4488.11,1,0,0.0,4488.11,1,0,0.0,15141.469999999998,5,1,0.2,0
LGS2ORD0035903,C016523,2025-10-12 08:00:00,Female,20,Bronze,TV,Remote_Area,875,Web,COD,8,10,6,1,<20,29.166666666666668,7.0,3.0,0.42857142857142855,133,15,4157.4457142857145,0.18,0.5714285714285714,0.0,0.0,0.0,0,0,0.0,3832.62,2,0,0.0,7414.01,3,0,0.0,29102.12,7,3,0.42857142857142855,1
LGS2ORD0035904,C015899,2025-10-12 08:00:00,Female,62,Bronze,Lazada,Nakhon Ratchasima,1157,CallCenter,COD,8,10,6,1,>50,38.56666666666667,9.0,1.0,0.1111111111111111,127,8,7849.945555555555,0.23,0.5555555555555556,0.4444444444444444,0.0,0.0,0,0,0.0,24080.940000000002,2,0,0.0,55249.159999999996,4,0,0.0,70649.51,9,1,0.1111111111111111,0
LGS2ORD0035905,C011477,2025-10-12 08:00:00,Other,47,Bronze,Lazada,Remote_Area,1676,Web,COD,8,10,6,1,40-50,55.86666666666667,6.0,4.0,0.6666666666666666,169,185,4328.498333333333,0.23,0.6666666666666666,0.16666666666666666,0.0,0.0,0,0,0.0,0.0,0,0,0.0,0.0,0,0,0.0,25970.989999999998,6,4,0.6666666666666666,0
LGS2ORD0035906,C016984,2025-10-12 08:00:00,Male,24,Gold,Web,Khon Kaen,1031,Lazada,COD,8,10,6,1,20-30,34.36666666666667,5.0,3.0,0.6,199,161,2591.294,0.33,0.2,1.0,0.0,0.0,0,0,0.0,0.0,0,0,0.0,0.0,0,0,0.0,12956.47,5,3,0.6,0
LGS2ORD0035907,C012776,2025-10-12 08:00:00,Female,49,Silver,Shopee,Chonburi,1729,CallCenter,PromptPay,8,10,6,1,40-50,57.63333333333333,2.0,1.0,0.5,217,145,2077.4049999999997,0.3,0.0,1.0,0.0,0.0,0,0,0.0,0.0,0,0,0.0,0.0,0,0,0.0,4154.8099999999995,2,1,0.5,0
LGS2ORD0035908,C010283,2025-10-12 09:00:00,Female,72,Bronze,Lazada,Khon Kaen,738,TV_Show,COD,9,10,6,1,>50,24.6,4.0,2.0,0.5,-4,8,16036.57,0.13,0.75,0.0,0.0,0.0,0,0,0.0,29264.63,1,1,1.0,29264.63,1,1,1.0,64146.28,4,2,0.5,0
LGS2ORD0035909,C016827,2025-10-12 09:00:00,Female,47,Bronze,Web,Bangkok,1310,Web,COD,9,10,6,1,40-50,43.666666666666664,4.0,1.0,0.25,63,4,3102.9100000000003,0.13,0.75,0.0,0.0,1840.67,1,0,0.0,1840.67,1,0,0.0,3442.87,2,1,0.5,12411.640000000001,4,1,0.25,0
LGS2ORD0035910,C014558,2025-10-12 09:00:00,Male,39,Bronze,Web,Remote_Area,575,Lazada,Bank_Transfer,9,10,6,1,30-40,19.166666666666668,8.0,1.0,0.125,117,55,6113.58125,0.23,0.375,0.125,0.0,0.0,0,0,0.0,0.0,0,0,0.0,31163.45,3,0,0.0,48908.65,8,1,0.125,0
LGS2ORD0035911,C013542,2025-10-12 09:00:00,Female,22,Bronze,TV,Bangkok,1266,TV_Show,COD,9,10,6,1,20-30,42.2,7.0,5.0,0.7142857142857143,55,50,2737.2,0.23,0.7142857142857143,0.2857142857142857,0.0,0.0,0,0,0.0,0.0,0,0,0.0,2768.2200000000003,2,1,0.5,19160.399999999998,7,5,0.7142857142857143,0
LGS2ORD0035912,C017675,2025-10-12 09:00:00,Male,30,Bronze,Web,Nakhon Ratchasima,1634,Web,PromptPay,9,10,6,1,20-30,54.46666666666667,3.0,1.0,0.3333333333333333,124,105,2647.26,0.18,0.0,0.0,0.0,0.0,0,0,0.0,0.0,0,0,0.0,0.0,0,0,0.0,7941.780000000001,3,1,0.3333333333333333,0
LGS2ORD0035913,C014479,2025-10-12 10:00:00,Male,55,Gold,Shopee,Bangkok,789,TV_Show,COD,10,10,6,1,>50,26.3,9.0,3.0,0.3333333333333333,3,16,1924.1811111111112,0.33,0.4444444444444444,0.5555555555555556,0.0,0.0,0,0,0.0,4128.38,3,1,0.3333333333333333,4128.38,3,1,0.3333333333333333,17317.63,9,3,0.3333333333333333,0
LGS2ORD0035914,C016856,2025-10-12 10:00:00,Female,27,Silver,Web,Chiang Mai,656,TV_Show,PromptPay,10,10,6,1,20-30,21.866666666666667,1.0,0.0,0.0,-1,105,12780.19,0.05,0.0,0.0,0.0,0.0,0,0,0.0,0.0,0,0,0.0,0.0,0,0,0.0,12780.19,1,0,0.0,0
LGS2ORD0035915,C017019,2025-10-12 10:00:00,Female,44,Bronze,TV,Chonburi,476,Lazada,Bank_Transfer,10,10,6,1,40-50,15.866666666666667,5.0,2.0,0.4,27,45,1773.28,0.28,0.6,0.6,0.0,0.0,0,0,0.0,0.0,0,0,0.0,1313.58,1,1,1.0,8866.4,5,2,0.4,0
LGS2ORD0035916,C013213,2025-10-12 10:00:00,Female,53,Bronze,Web,Songkhla,1546,Shopee,Bank_Transfer,10,10,6,1,>50,51.53333333333333,7.0,4.0,0.5714285714285714,79,40,6726.891428571428,0.28,0.7142857142857143,0.5714285714285714,0.0,0.0,0,0,0.0,0.0,0,0,0.0,647.46,1,0,0.0,47088.24,7,4,0.5714285714285714,1
LGS2ORD0035917,C010907,2025-10-12 10:00:00,Female,18,Bronze,Web,Chonburi,801,Shopee,COD,10,10,6,1,<20,26.7,4.0,0.0,0.0,-1,32,10116.2375,0.13,0.5,0.0,0.0,0.0,0,0,0.0,0.0,0,0,0.0,38403.34,3,0,0.0,40464.95,4,0,0.0,0
LGS2ORD0035918,C014508,2025-10-12 11:00:00,Male,67,Bronze,TV,Phuket,1175,TV_Show,COD,11,10,6,1,>50,39.166666666666664,5.0,3.0,0.6,10,18,4547.6759999999995,0.28,0.4,0.2,0.0,0.0,0,0,0.0,2283.7,2,1,0.5,14868.310000000001,4,3,0.75,22738.379999999997,5,3,0.6,0
LGS2ORD0035919,C017407,2025-10-12 11:00:00,Male,48,Bronze,TV,Chiang Mai,1068,Lazada,COD,11,10,6,1,40-50,35.6,6.0,1.0,0.16666666666666666,55,4,4781.341666666666,0.28,0.3333333333333333,0.5,0.0,979.13,1,0,0.0,10783.39,2,0,0.0,17664.570000000003,4,1,0.25,28688.05,6,1,0.16666666666666666,0
LGS2ORD0035920,C011232,2025-10-12 11:00:00,Male,47,Bronze,Web,Chiang Mai,1630,TV_Show,COD,11,10,6,1,40-50,54.333333333333336,6.0,0.0,0.0,-1,45,2614.67,0.28,0.5,0.3333333333333333,0.0,0.0,0,0,0.0,0.0,0,0,0.0,2051.88,1,0,0.0,15688.02,6,0,0.0,0
LGS2ORD0035921,C012049,2025-10-12 11:00:00,Male,44,Silver,TV,Remote_Area,1590,Shopee,COD,11,10,6,1,40-50,53.0,8.0,3.0,0.375,192,61,3207.01,0.2,0.75,0.0,0.0,0.0,0,0,0.0,0.0,0,0,0.0,2225.2799999999997,2,0,0.0,25656.08,8,3,0.375,1
LGS2ORD0035922,C017375,2025-10-12 11:00:00,Male,34,Silver,TV,Remote_Area,840,Shopee,COD,11,10,6,1,30-40,28.0,4.0,2.0,0.5,115,49,3944.0075,0.3,0.75,0.75,0.0,0.0,0,0,0.0,0.0,0,0,0.0,5005.42,2,0,0.0,15776.03,4,2,0.5,0
LGS2ORD0035923,C016305,2025-10-12 11:00:00,Other,43,Gold,Shopee,Bangkok,753,TV_Show,Bank_Transfer,11,10,6,1,40-50,25.1,4.0,1.0,0.25,114,80,10051.785,0.28,0.5,0.75,0.0,0.0,0,0,0.0,0.0,0,0,0.0,9631.16,1,0,0.0,40207.14,4,1,0.25,0
LGS2ORD0035924,C017614,2025-10-12 12:00:00,Female,24,Silver,TV,Chiang Mai,1131,Lazada,PromptPay,12,10,6,1,20-30,37.7,4.0,0.0,0.0,-1,120,7222.765,0.2,0.75,0.0,0.0,0.0,0,0,0.0,0.0,0,0,0.0,0.0,0,0,0.0,28891.06,4,0,0.0,0
LGS2ORD0035925,C010578,2025-10-12 12:00:00,Female,52,Bronze,TV,Chiang Mai,899,Web,COD,12,10,6,1,>50,29.966666666666665,4.0,2.0,0.5,56,60,3602.2675,0.18,0.5,0.0,0.0,0.0,0,0,0.0,0.0,0,0,0.0,9889.95,2,1,0.5,14409.07,4,2,0.5,1
LGS2ORD0035926,C015120,2025-10-12 12:00:00,Female,22,Silver,Web,Bangkok,1405,TV_Show,COD,12,10,6,1,20-30,46.833333333333336,6.0,0.0,0.0,-1,14,6429.368333333333,0.3,0.5,0.16666666666666666,0.0,0.0,0,0,0.0,911.0,1,0,0.0,8712.95,2,0,0.0,38576.21,6,0,0.0,1
LGS2ORD0035927,C015482,2025-10-12 12:00:00,Female,49,Silver,Lazada,Chiang Mai,1507,Web,Bank_Transfer,12,10,6,1,40-50,50.233333333333334,3.0,0.0,0.0,-1,13,1351.22,0.2,0.0,0.0,0.0,0.0,0,0,0.0,731.07,1,0,0.0,3278.56,2,0,0.0,4053.66,3,0,0.0,0
LGS2ORD0035928,C017810,2025-10-12 12:00:00,Female,72,Silver,Lazada,Bangkok,1413,Web,Credit_Card,12,10,6,1,>50,47.1,4.0,0.0,0.0,-1,11,5580.572499999999,0.2,0.5,0.0,0.0,0.0,0,0,0.0,1936.96,1,0,0.0,1936.96,1,0,0.0,22322.289999999997,4,0,0.0,0
LGS2ORD0035929,C014094,2025-10-12 13:00:00,Female,28,Bronze,Lazada,Chiang Mai,692,TV_Show,Credit_Card,13,10,6,1,20-30,23.066666666666666,1.0,0.0,0.0,-1,185,1576.39,0.08,0.0,0.0,0.0,0.0,0,0,0.0,0.0,0,0,0.0,0.0,0,0,0.0,1576.39,1,0,0.0,0
LGS2ORD0035930,C015503,2025-10-12 13:00:00,Female,46,Bronze,Lazada,Remote_Area,950,Lazada,COD,13,10,6,1,40-50,31.666666666666668,1.0,0.0,0.0,-1,140,6974.84,0.13,1.0,0.0,0.0,0.0,0,0,0.0,0.0,0,0,0.0,0.0,0,0,0.0,6974.84,1,0,0.0,1
LGS2ORD0035931,C014248,2025-10-12 13:00:00,Female,33,Bronze,Web,Chonburi,1467,Lazada,Credit_Card,13,10,6,1,30-40,48.9,7.0,2.0,0.2857142857142857,11,25,3013.432857142857,0.28,0.8571428571428571,0.2857142857142857,0.0,0.0,0,0,0.0,3159.78,1,1,1.0,7814.18,3,1,0.3333333333333333,21094.03,7,2,0.2857142857142857,0
LGS2ORD0035932,C014108,2025-10-12 13:00:00,Male,66,Silver,TV,Khon Kaen,689,Web,COD,13,10,6,1,>50,22.966666666666665,5.0,1.0,0.2,264,30,9380.751999999999,0.3,0.4,0.4,0.0,0.0,0,0,0.0,0.0,0,0,0.0,11662.49,1,0,0.0,46903.759999999995,5,1,0.2,0
LGS2ORD0035933,C017141,2025-10-12 13:00:00,Male,44,Gold,Lazada,Bangkok,1271,Web,COD,13,10,6,1,40-50,42.36666666666667,7.0,2.0,0.2857142857142857,50,19,9834.411428571428,0.33,0.14285714285714285,0.42857142857142855,0.0,0.0,0,0,0.0,8333.72,1,0,0.0,17390.14,3,1,0.3333333333333333,68840.87999999999,7,2,0.2857142857142857,1
LGS2ORD0035934,C016290,2025-10-12 14:00:00,Female,49,Bronze,Shopee,Chonburi,1278,TV_Show,COD,14,10,6,1,40-50,42.6,5.0,1.0,0.2,101,83,4559.118,0.18,0.4,0.0,0.0,0.0,0,0,0.0,0.0,0,0,0.0,3089.38,1,0,0.0,22795.59,5,1,0.2,1
LGS2ORD0035935,C012596,2025-10-12 14:00:00,Female,18,Silver,Web,Bangkok,1375,Lazada,COD,14,10,6,1,<20,45.833333333333336,4.0,1.0,0.25,14,24,6652.855,0.3,0.25,0.25,0.0,0.0,0,0,0.0,4113.68,1,1,1.0,4113.68,1,1,1.0,26611.42,4,1,0.25,0
LGS2ORD0035936,C016479,2025-10-12 14:00:00,Female,46,Gold,TV,Bangkok,1008,CallCenter,COD,14,10,6,1,40-50,33.6,4.0,1.0,0.25,218,15,8193.962500000001,0.18,0.75,0.0,0.0,0.0,0,0,0.0,7207.93,1,0,0.0,8500.24,2,0,0.0,32775.850000000006,4,1,0.25,0
LGS2ORD0035937,C010376,2025-10-12 14:00:00,Female,38,Bronze,TV,Chonburi,1042,Web,Credit_Card,14,10,6,1,30-40,34.733333333333334,6.0,2.0,0.3333333333333333,121,11,9484.213333333333,0.28,0.3333333333333333,0.3333333333333333,0.0,0.0,0,0,0.0,1927.76,1,0,0.0,3119.6099999999997,2,0,0.0,56905.28,6,2,0.3333333333333333,0
LGS2ORD0035938,C013916,2025-10-12 14:00:00,Male,26,Gold,CallCenter,Bangkok,1069,Web,COD,14,10,6,1,20-30,35.63333333333333,8.0,2.0,0.25,10,20,5428.645,0.33,0.375,0.375,0.0,0.0,0,0,0.0,8332.8,2,1,0.5,38844.37,5,2,0.4,43429.16,8,2,0.25,0
LGS2ORD0035939,C011981,2025-10-12 15:00:00,Male,59,Bronze,Web,Remote_Area,1318,CallCenter,Credit_Card,15,10,6,1,>50,43.93333333333333,7.0,3.0,0.42857142857142855,90,75,11552.24857142857,0.23,0.42857142857142855,0.2857142857142857,0.0,0.0,0,0,0.0,0.0,0,0,0.0,28686.29,1,0,0.0,80865.73999999999,7,3,0.42857142857142855,0
LGS2ORD0035940,C010127,2025-10-12 15:00:00,Female,57,Bronze,Web,Songkhla,386,Shopee,COD,15,10,6,1,>50,12.866666666666667,4.0,1.0,0.25,30,43,2383.2825000000003,0.28,0.75,0.5,0.0,0.0,0,0,0.0,0.0,0,0,0.0,6251.4,2,1,0.5,9533.130000000001,4,1,0.25,1
LGS2ORD0035941,C011813,2025-10-12 15:00:00,Male,34,Bronze,Shopee,Bangkok,1545,Lazada,COD,15,10,6,1,30-40,51.5,6.0,1.0,0.16666666666666666,180,47,3153.7066666666665,0.28,0.6666666666666666,0.5,0.0,0.0,0,0,0.0,0.0,0,0,0.0,3033.23,1,0,0.0,18922.239999999998,6,1,0.16666666666666666,0
LGS2ORD0035942,C014646,2025-10-12 15:00:00,Male,54,Bronze,TV,Bangkok,473,TV_Show,COD,15,10,6,1,>50,15.766666666666667,4.0,2.0,0.5,155,90,2324.6825,0.18,0.5,0.0,0.0,0.0,0,0,0.0,0.0,0,0,0.0,0.0,0,0,0.0,9298.73,4,2,0.5,0
LGS2ORD0035943,C011031,2025-10-12 15:00:00,Female,37,Gold,TV,Chiang Mai,1221,Lazada,PromptPay,15,10,6,1,30-40,40.7,6.0,3.0,0.5,138,147,2845.065,0.28,0.3333333333333333,0.8333333333333334,0.0,0.0,0,0,0.0,0.0,0,0,0.0,0.0,0,0,0.0,17070.39,6,3,0.5,0
LGS2ORD0035944,C016367,2025-10-12 15:00:00,Male,41,Gold,CallCenter,Nakhon Ratchasima,543,Web,PromptPay,15,10,6,1,40-50,18.1,3.0,0.0,0.0,-1,180,6669.793333333334,0.2299999999999999,0.3333333333333333,0.3333333333333333,0.0,0.0,0,0,0.0,0.0,0,0,0.0,0.0,0,0,0.0,20009.38,3,0,0.0,1
LGS2ORD0035945,C012556,2025-10-12 16:00:00,Female,38,Silver,CallCenter,Remote_Area,1540,TV_Show,COD,16,10,6,1,30-40,51.333333333333336,8.0,1.0,0.125,-1,11,3151.82375,0.3,0.5,0.375,0.0,0.0,0,0,0.0,1411.56,1,1,1.0,13417.269999999999,4,1,0.25,25214.59,8,1,0.125,0
LGS2ORD0035946,C013635,2025-10-12 16:00:00,Female,22,Platinum,CallCenter,Bangkok,315,CallCenter,COD,16,10,6,1,20-30,10.5,6.0,0.0,0.0,-1,28,3658.186666666667,0.2,0.6666666666666666,0.0,0.0,0.0,0,0,0.0,2901.99,1,0,0.0,10720.689999999999,3,0,0.0,21949.120000000003,6,0,0.0,1
LGS2ORD0035947,C014730,2025-10-12 16:00:00,Male,53,Gold,Web,Chonburi,671,Lazada,Bank_Transfer,16,10,6,1,>50,22.366666666666667,3.0,0.0,0.0,-1,63,7676.963333333333,0.2299999999999999,0.0,0.6666666666666666,0.0,0.0,0,0,0.0,0.0,0,0,0.0,4863.37,2,0,0.0,23030.89,3,0,0.0,0
LGS2ORD0035948,C013195,2025-10-12 16:00:00,Female,37,Gold,Web,Khon Kaen,1278,CallCenter,Bank_Transfer,16,10,6,1,30-40,42.6,6.0,0.0,0.0,-1,37,6989.706666666668,0.33,0.5,0.3333333333333333,0.0,0.0,0,0,0.0,0.0,0,0,0.0,13267.130000000001,2,0,0.0,41938.240000000005,6,0,0.0,0
LGS2ORD0035949,C010715,2025-10-12 16:00:00,Male,66,Silver,Lazada,Bangkok,501,Shopee,COD,16,10,6,1,>50,16.7,4.0,1.0,0.25,36,5,3657.0025,0.25,0.5,0.25,0.0,1881.69,1,0,0.0,1881.69,1,0,0.0,13947.11,3,1,0.3333333333333333,14628.01,4,1,0.25,0
LGS2ORD0035950,C010797,2025-10-12 17:00:00,Female,31,Gold,CallCenter,Khon Kaen,1569,Shopee,Credit_Card,17,10,6,1,30-40,52.3,6.0,2.0,0.3333333333333333,141,26,7750.873333333334,0.13,0.6666666666666666,0.0,0.0,0.0,0,0,0.0,2879.34,1,0,0.0,42115.78,3,0,0.0,46505.240000000005,6,2,0.3333333333333333,0
LGS2ORD0035951,C016917,2025-10-12 17:00:00,Female,48,Bronze,TV,Chonburi,1332,CallCenter,COD,17,10,6,1,40-50,44.4,8.0,1.0,0.125,159,31,6496.2837500000005,0.28,0.5,0.5,0.0,0.0,0,0,0.0,0.0,0,0,0.0,18130.36,4,0,0.0,51970.270000000004,8,1,0.125,1
LGS2ORD0035952,C016363,2025-10-12 17:00:00,Male,45,Gold,TV,Bangkok,1675,Web,PromptPay,17,10,6,1,40-50,55.833333333333336,0.0,0.0,0.0,-1,-1,0.0,0.0,0.0,0.0,0.0,0.0,0,0,0.0,0.0,0,0,0.0,0.0,0,0,0.0,0.0,0,0,0.0,0
LGS2ORD0035953,C011089,2025-10-12 17:00:00,Male,31,Bronze,TV,Songkhla,792,TV_Show,PromptPay,17,10,6,1,30-40,26.4,1.0,0.0,0.0,-1,9,12520.66,0.03,0.0,0.0,0.0,0.0,0,0,0.0,12520.66,1,0,0.0,12520.66,1,0,0.0,12520.66,1,0,0.0,1
LGS2ORD0035954,C014115,2025-10-12 17:00:00,Male,39,Bronze,Web,Remote_Area,840,CallCenter,Credit_Card,17,10,6,1,30-40,28.0,8.0,2.0,0.25,50,56,3642.1975,0.28,0.75,0.375,0.0,0.0,0,0,0.0,0.0,0,0,0.0,12181.08,2,1,0.5,29137.58,8,2,0.25,0
LGS2ORD0035955,C017711,2025-10-12 18:00:00,Male,47,Bronze,Shopee,Remote_Area,937,TV_Show,COD,18,10,6,1,40-50,31.233333333333334,6.0,4.0,0.6666666666666666,39,46,3336.025,0.28,0.3333333333333333,0.3333333333333333,0.0,0.0,0,0,0.0,0.0,0,0,0.0,6484.01,3,2,0.6666666666666666,20016.15,6,4,0.6666666666666666,1
LGS2ORD0035956,C017566,2025-10-12 18:00:00,Male,49,Bronze,Lazada,Khon Kaen,1185,TV_Show,COD,18,10,6,1,40-50,39.5,3.0,1.0,0.3333333333333333,266,110,4288.856666666667,0.28,0.6666666666666666,0.6666666666666666,0.0,0.0,0,0,0.0,0.0,0,0,0.0,0.0,0,0,0.0,12866.57,3,1,0.3333333333333333,0
LGS2ORD0035957,C014764,2025-10-12 18:00:00,Male,43,Gold,Lazada,Chiang Mai,544,TV_Show,COD,18,10,6,1,40-50,18.133333333333333,1.0,0.0,0.0,-1,280,1660.81,0.18,0.0,0.0,0.0,0.0,0,0,0.0,0.0,0,0,0.0,0.0,0,0,0.0,1660.81,1,0,0.0,1
LGS2ORD0035958,C017748,2025-10-12 18:00:00,Female,62,Silver,TV,Nakhon Ratchasima,774,Web,COD,18,10,6,1,>50,25.8,4.0,1.0,0.25,16,31,11511.8825,0.2,0.0,0.0,0.0,0.0,0,0,0.0,0.0,0,0,0.0,1724.69,1,1,1.0,46047.53,4,1,0.25,1
LGS2ORD0035959,C012098,2025-10-12 18:00:00,Female,27,Gold,CallCenter,Chiang Mai,951,Web,COD,18,10,6,1,20-30,31.7,2.0,0.0,0.0,-1,81,7462.5599999999995,0.13,1.0,0.0,0.0,0.0,0,0,0.0,0.0,0,0,0.0,10068.49,1,0,0.0,14925.119999999999,2,0,0.0,0
LGS2ORD0035960,C015517,2025-10-12 19:00:00,Male,57,Gold,Shopee,Bangkok,1505,Lazada,COD,19,10,6,1,>50,50.166666666666664,6.0,2.0,0.3333333333333333,132,39,1801.4283333333333,0.28,0.5,0.5,0.0,0.0,0,0,0.0,0.0,0,0,0.0,6565.780000000001,2,0,0.0,10808.57,6,2,0.3333333333333333,0
LGS2ORD0035961,C014701,2025-10-12 19:00:00,Female,63,Bronze,Lazada,Bangkok,1711,TV_Show,COD,19,10,6,1,>50,57.03333333333333,5.0,0.0,0.0,-1,53,4840.0740000000005,0.18,0.4,0.0,0.0,0.0,0,0,0.0,0.0,0,0,0.0,10591.93,1,0,0.0,24200.370000000003,5,0,0.0,0
LGS2ORD0035962,C014743,2025-10-12 19:00:00,Female,49,Bronze,Shopee,Chonburi,903,Lazada,Bank_Transfer,19,10,6,1,40-50,30.1,2.0,0.0,0.0,-1,162,4642.335,0.03,1.0,0.0,0.0,0.0,0,0,0.0,0.0,0,0,0.0,0.0,0,0,0.0,9284.67,2,0,0.0,0
LGS2ORD0035963,C013692,2025-10-12 19:00:00,Male,48,Gold,TV,Nakhon Ratchasima,586,Shopee,COD,19,10,6,1,40-50,19.533333333333335,4.0,1.0,0.25,40,18,1390.3575,0.28,0.75,0.75,0.0,0.0,0,0,0.0,2028.35,1,0,0.0,4491.629999999999,3,1,0.3333333333333333,5561.43,4,1,0.25,1
LGS2ORD0035964,C016176,2025-10-12 19:00:00,Female,44,Platinum,Shopee,Phuket,1359,Web,PromptPay,19,10,6,1,40-50,45.3,1.0,0.0,0.0,-1,236,1428.82,0.1,0.0,0.0,0.0,0.0,0,0,0.0,0.0,0,0,0.0,0.0,0,0,0.0,1428.82,1,0,0.0,1
LGS2ORD0035965,C012545,2025-10-12 19:00:00,Female,71,Bronze,Web,Chonburi,1076,Web,Credit_Card,19,10,6,1,>50,35.86666666666667,5.0,1.0,0.2,170,78,7336.340000000001,0.23,0.8,0.2,0.0,0.0,0,0,0.0,0.0,0,0,0.0,4843.61,1,0,0.0,36681.700000000004,5,1,0.2,0
LGS2ORD0035966,C011386,2025-10-12 20:00:00,Female,59,Silver,Web,Chonburi,928,TV_Show,Credit_Card,20,10,6,1,>50,30.933333333333334,3.0,0.0,0.0,-1,147,4690.283333333333,0.2,0.6666666666666666,0.0,0.0,0.0,0,0,0.0,0.0,0,0,0.0,0.0,0,0,0.0,14070.849999999999,3,0,0.0,1
LGS2ORD0035967,C012676,2025-10-12 20:00:00,Female,59,Bronze,Lazada,Bangkok,633,Web,COD,20,10,6,1,>50,21.1,4.0,1.0,0.25,104,59,5895.834999999999,0.28,0.5,0.25,0.0,0.0,0,0,0.0,0.0,0,0,0.0,3747.33,1,0,0.0,23583.339999999997,4,1,0.25,0
LGS2ORD0035968,C012437,2025-10-12 20:00:00,Male,44,Gold,Web,Chiang Mai,324,Web,COD,20,10,6,1,40-50,10.8,2.0,0.0,0.0,-1,64,2995.18,0.2299999999999999,0.5,0.5,0.0,0.0,0,0,0.0,0.0,0,0,0.0,5990.36,2,0,0.0,5990.36,2,0,0.0,0
LGS2ORD0035969,C011022,2025-10-12 20:00:00,Female,42,Bronze,Web,Chonburi,1703,Web,Bank_Transfer,20,10,6,1,40-50,56.766666666666666,1.0,1.0,1.0,-5,7,1768.15,0.23,1.0,1.0,0.0,0.0,0,0,0.0,1768.15,1,1,1.0,1768.15,1,1,1.0,1768.15,1,1,1.0,0
LGS2ORD0035970,C016508,2025-10-12 20:00:00,Female,66,Silver,Shopee,Chonburi,476,TV_Show,Credit_Card,20,10,6,1,>50,15.866666666666667,5.0,0.0,0.0,-1,10,3568.142,0.3,0.2,0.2,0.0,0.0,0,0,0.0,2386.5,1,0,0.0,9781.86,3,0,0.0,17840.71,5,0,0.0,1
LGS2ORD0035971,C010645,2025-10-12 21:00:00,Male,45,Bronze,TV,Chonburi,1578,Shopee,Credit_Card,21,10,6,1,40-50,52.6,10.0,4.0,0.4,61,62,6669.853999999999,0.28,0.4,0.2,0.0,0.0,0,0,0.0,0.0,0,0,0.0,28743.890000000003,3,1,0.3333333333333333,66698.54,10,4,0.4,1
LGS2ORD0035972,C010886,2025-10-12 21:00:00,Female,53,Gold,TV,Chonburi,1574,CallCenter,Bank_Transfer,21,10,6,1,>50,52.46666666666667,5.0,1.0,0.2,60,14,2653.594,0.2299999999999999,0.4,0.4,0.0,0.0,0,0,0.0,5805.7,2,0,0.0,8549.34,3,1,0.3333333333333333,13267.97,5,1,0.2,1
LGS2ORD0035973,C010335,2025-10-12 21:00:00,Female,37,Bronze,Shopee,Phuket,677,Shopee,COD,21,10,6,1,30-40,22.566666666666666,5.0,2.0,0.4,41,25,3414.0199999999995,0.18,0.8,0.0,0.0,0.0,0,0,0.0,6279.57,1,0,0.0,10822.529999999999,2,1,0.5,17070.1,5,2,0.4,1
LGS2ORD0035974,C013805,2025-10-12 21:00:00,Male,56,Gold,Lazada,Chonburi,1134,CallCenter,PromptPay,21,10,6,1,>50,37.8,9.0,1.0,0.1111111111111111,-5,2,3573.3922222222227,0.33,0.4444444444444444,0.5555555555555556,0.0,1312.34,1,1,1.0,11497.130000000001,2,1,0.5,11497.130000000001,2,1,0.5,32160.530000000002,9,1,0.1111111111111111,0
LGS2ORD0035975,C010793,2025-10-12 21:00:00,Female,27,Gold,Shopee,Bangkok,1307,Lazada,Bank_Transfer,21,10,6,1,20-30,43.56666666666667,0.0,0.0,0.0,-1,-1,0.0,0.0,0.0,0.0,0.0,0.0,0,0,0.0,0.0,0,0,0.0,0.0,0,0,0.0,0.0,0,0,0.0,0
LGS2ORD0035976,C016282,2025-10-12 22:00:00,Male,28,Silver,Lazada,Khon Kaen,1439,Lazada,COD,22,10,6,1,20-30,47.96666666666667,2.0,1.0,0.5,114,4,4286.450000000001,0.3,0.5,1.0,0.0,3250.09,1,0,0.0,3250.09,1,0,0.0,3250.09,1,0,0.0,8572.900000000001,2,1,0.5,0
LGS2ORD0035977,C014785,2025-10-12 22:00:00,Male,44,Bronze,Lazada,Songkhla,1623,TV_Show,COD,22,10,6,1,40-50,54.1,2.0,0.0,0.0,-1,118,5524.255,0.18,0.5,0.0,0.0,0.0,0,0,0.0,0.0,0,0,0.0,0.0,0,0,0.0,11048.51,2,0,0.0,1
LGS2ORD0035978,C010600,2025-10-12 22:00:00,Female,35,Silver,Lazada,Bangkok,416,Lazada,COD,22,10,6,1,30-40,13.866666666666667,1.0,0.0,0.0,-1,113,3688.4,0.05,0.0,0.0,0.0,0.0,0,0,0.0,0.0,0,0,0.0,0.0,0,0,0.0,3688.4,1,0,0.0,1
LGS2ORD0035979,C016712,2025-10-12 22:00:00,Male,30,Platinum,Web,Chiang Mai,1579,TV_Show,PromptPay,22,10,6,1,20-30,52.63333333333333,4.0,2.0,0.5,84,91,6049.8925,0.3,0.75,0.5,0.0,0.0,0,0,0.0,0.0,0,0,0.0,0.0,0,0,0.0,24199.57,4,2,0.5,1
LGS2ORD0035980,C017991,2025-10-12 22:00:00,Other,62,Bronze,Web,Songkhla,1150,CallCenter,Bank_Transfer,22,10,6,1,>50,38.333333333333336,5.0,0.0,0.0,-1,99,3954.8660000000004,0.28,0.6,0.2,0.0,0.0,0,0,0.0,0.0,0,0,0.0,0.0,0,0,0.0,19774.33,5,0,0.0,0
LGS2ORD0035981,C017211,2025-10-12 22:00:00,Male,62,Bronze,Shopee,Nakhon Ratchasima,364,Lazada,PromptPay,22,10,6,1,>50,12.133333333333333,7.0,0.0,0.0,-1,27,2028.1014285714286,0.28,0.5714285714285714,0.14285714285714285,0.0,0.0,0,0,0.0,1708.72,1,0,0.0,3767.1899999999996,3,0,0.0,14196.710000000001,7,0,0.0,0
LGS2ORD0035982,C016268,2025-10-12 23:00:00,Male,46,Silver,Shopee,Songkhla,883,Web,COD,23,10,6,1,40-50,29.433333333333334,4.0,1.0,0.25,76,24,8623.7775,0.2,0.75,0.0,0.0,0.0,0,0,0.0,11380.65,1,0,0.0,29693.050000000003,2,1,0.5,34495.11,4,1,0.25,0
LGS2ORD0035983,C013446,2025-10-12 23:00:00,Male,41,Gold,TV,Chiang Mai,304,TV_Show,Bank_Transfer,23,10,6,1,40-50,10.133333333333333,5.0,0.0,0.0,-1,119,1389.924,0.2299999999999999,0.6,0.4,0.0,0.0,0,0,0.0,0.0,0,0,0.0,0.0,0,0,0.0,6949.62,5,0,0.0,0
LGS2ORD0035984,C011062,2025-10-12 23:00:00,Male,56,Bronze,Web,Bangkok,572,TV_Show,COD,23,10,6,1,>50,19.066666666666666,7.0,1.0,0.14285714285714285,262,34,4476.098571428571,0.23,0.5714285714285714,0.14285714285714285,0.0,0.0,0,0,0.0,0.0,0,0,0.0,1770.66,1,0,0.0,31332.689999999995,7,1,0.14285714285714285,1
LGS2ORD0035985,C016058,2025-10-12 23:00:00,Female,34,Bronze,Shopee,Chonburi,492,TV_Show,Credit_Card,23,10,6,1,30-40,16.4,1.0,1.0,1.0,43,53,4602.87,0.08,0.0,0.0,0.0,0.0,0,0,0.0,0.0,0,0,0.0,4602.87,1,1,1.0,4602.87,1,1,1.0,0
LGS2ORD0035986,C012834,2025-10-12 23:00:00,Male,43,Bronze,TV,Bangkok,1352,Shopee,COD,23,10,6,1,40-50,45.06666666666667,7.0,2.0,0.2857142857142857,-6,4,5489.467142857144,0.28,0.5714285714285714,0.14285714285714285,0.0,21697.33,1,1,1.0,21697.33,1,1,1.0,26444.440000000002,2,2,1.0,38426.270000000004,7,2,0.2857142857142857,1
LGS2ORD0035987,C012195,2025-10-13 00:00:00,Male,49,Platinum,Shopee,Khon Kaen,752,CallCenter,Bank_Transfer,0,10,0,0,40-50,25.066666666666666,2.0,1.0,0.5,63,70,2444.5699999999997,0.25,0.5,1.0,0.0,0.0,0,0,0.0,0.0,0,0,0.0,3797.31,1,1,1.0,4889.139999999999,2,1,0.5,0
LGS2ORD0035988,C017969,2025-10-13 00:00:00,Male,50,Silver,TV,Remote_Area,1333,Lazada,COD,0,10,0,0,40-50,44.43333333333333,2.0,0.0,0.0,-1,210,1610.0900000000001,0.3,0.5,0.5,0.0,0.0,0,0,0.0,0.0,0,0,0.0,0.0,0,0,0.0,3220.1800000000003,2,0,0.0,1
LGS2ORD0035989,C016291,2025-10-13 00:00:00,Female,42,Bronze,TV,Bangkok,642,TV_Show,COD,0,10,0,0,40-50,21.4,3.0,2.0,0.6666666666666666,93,100,4042.6,0.23,1.0,0.3333333333333333,0.0,0.0,0,0,0.0,0.0,0,0,0.0,0.0,0,0,0.0,12127.8,3,2,0.6666666666666666,0
LGS2ORD0035990,C014364,2025-10-13 00:00:00,Female,40,Bronze,TV,Phuket,424,Web,COD,0,10,0,0,30-40,14.133333333333333,7.0,1.0,0.14285714285714285,16,28,5533.142857142857,0.28,0.42857142857142855,0.5714285714285714,0.0,0.0,0,0,0.0,7821.25,1,1,1.0,10982.82,2,1,0.5,38732.0,7,1,0.14285714285714285,0
LGS2ORD0035991,C017475,2025-10-13 00:00:00,Female,22,Silver,Shopee,Bangkok,1167,Shopee,COD,0,10,0,0,20-30,38.9,5.0,0.0,0.0,-1,3,4743.886,0.3,0.2,0.2,0.0,1564.64,1,0,0.0,1564.64,1,0,0.0,7433.450000000001,2,0,0.0,23719.43,5,0,0.0,0
LGS2ORD0035992,C016257,2025-10-13 01:00:00,Female,20,Bronze,TV,Remote_Area,1507,Web,COD,1,10,0,0,<20,50.233333333333334,5.0,1.0,0.2,14,17,7968.9619999999995,0.23,0.8,0.6,0.0,0.0,0,0,0.0,23878.53,2,1,0.5,28936.25,3,1,0.3333333333333333,39844.81,5,1,0.2,0
LGS2ORD0035993,C011366,2025-10-13 01:00:00,Female,63,Silver,CallCenter,Chonburi,1469,Shopee,Bank_Transfer,1,10,0,0,>50,48.96666666666667,4.0,1.0,0.25,100,25,6072.389999999999,0.3,0.5,0.5,0.0,0.0,0,0,0.0,3436.26,1,0,0.0,5698.360000000001,2,0,0.0,24289.559999999998,4,1,0.25,1
LGS2ORD0035994,C014039,2025-10-13 01:00:00,Female,32,Bronze,TV,Bangkok,1553,CallCenter,Credit_Card,1,10,0,0,30-40,51.766666666666666,2.0,1.0,0.5,195,168,4828.895,0.28,0.5,0.5,0.0,0.0,0,0,0.0,0.0,0,0,0.0,0.0,0,0,0.0,9657.79,2,1,0.5,0
LGS2ORD0035995,C010557,2025-10-13 01:00:00,Male,51,Bronze,TV,Nakhon Ratchasima,1665,Shopee,COD,1,10,0,0,>50,55.5,3.0,2.0,0.6666666666666666,16,19,6864.573333333334,0.18,0.3333333333333333,0.0,0.0,0.0,0,0,0.0,18902.64,2,1,0.5,18902.64,2,1,0.5,20593.72,3,2,0.6666666666666666,1
LGS2ORD0035996,C015625,2025-10-13 01:00:00,Male,35,Bronze,Web,Phuket,768,TV_Show,PromptPay,1,10,0,0,30-40,25.6,2.0,2.0,1.0,40,45,3894.245,0.08,0.5,0.0,0.0,0.0,0,0,0.0,0.0,0,0,0.0,7788.49,2,2,1.0,7788.49,2,2,1.0,0
LGS2ORD0035997,C012940,2025-10-13 02:00:00,Male,40,Bronze,Shopee,Chonburi,1222,Lazada,COD,2,10,0,0,30-40,40.733333333333334,5.0,0.0,0.0,-1,87,2376.426,0.23,0.0,0.2,0.0,0.0,0,0,0.0,0.0,0,0,0.0,3538.01,1,0,0.0,11882.13,5,0,0.0,0
LGS2ORD0035998,C013693,2025-10-13 02:00:00,Female,41,Bronze,TV,Bangkok,1308,Web,COD,2,10,0,0,40-50,43.6,3.0,1.0,0.3333333333333333,64,73,3667.9666666666667,0.23,0.3333333333333333,0.3333333333333333,0.0,0.0,0,0,0.0,0.0,0,0,0.0,607.91,1,1,1.0,11003.9,3,1,0.3333333333333333,0
LGS2ORD0035999,C015199,2025-10-13 02:00:00,Male,52,Bronze,Shopee,Bangkok,622,Web,Bank_Transfer,2,10,0,0,>50,20.733333333333334,7.0,1.0,0.14285714285714285,118,38,4404.020000000001,0.23,0.42857142857142855,0.2857142857142857,0.0,0.0,0,0,0.0,0.0,0,0,0.0,25348.450000000004,3,0,0.0,30828.140000000007,7,1,0.14285714285714285,0
LGS2ORD0036000,C017558,2025-10-13 02:00:00,Male,45,Bronze,Shopee,Phuket,1465,Shopee,COD,2,10,0,0,40-50,48.833333333333336,6.0,2.0,0.3333333333333333,152,72,3890.7183333333337,0.28,0.3333333333333333,0.5,0.0,0.0,0,0,0.0,0.0,0,0,0.0,9715.54,1,0,0.0,23344.31,6,2,0.3333333333333333,1
LGS2ORD0036001,C010565,2025-10-13 02:00:00,Female,48,Silver,TV,Bangkok,1412,Shopee,Credit_Card,2,10,0,0,40-50,47.06666666666667,0.0,0.0,0.0,-1,-1,0.0,0.0,0.0,0.0,0.0,0.0,0,0,0.0,0.0,0,0,0.0,0.0,0,0,0.0,0.0,0,0,0.0,1
LGS2ORD0036002,C014330,2025-10-13 02:00:00,Male,19,Silver,TV,Phuket,1561,TV_Show,COD,2,10,0,0,<20,52.03333333333333,5.0,2.0,0.4,177,150,3120.776,0.25,0.8,0.2,0.0,0.0,0,0,0.0,0.0,0,0,0.0,0.0,0,0,0.0,15603.88,5,2,0.4,1
LGS2ORD0036003,C015485,2025-10-13 03:00:00,Female,54,Gold,Shopee,Chiang Mai,1501,TV_Show,Credit_Card,3,10,0,0,>50,50.03333333333333,2.0,0.0,0.0,-1,17,2611.215,0.18,0.5,0.0,0.0,0.0,0,0,0.0,2159.55,1,0,0.0,5222.43,2,0,0.0,5222.43,2,0,0.0,1
LGS2ORD0036004,C016795,2025-10-13 03:00:00,Male,42,Bronze,Web,Bangkok,1195,TV_Show,COD,3,10,0,0,40-50,39.833333333333336,6.0,1.0,0.16666666666666666,234,40,8138.003333333334,0.23,0.8333333333333334,0.16666666666666666,0.0,0.0,0,0,0.0,0.0,0,0,0.0,5335.53,2,0,0.0,48828.020000000004,6,1,0.16666666666666666,1
LGS2ORD0036005,C011263,2025-10-13 03:00:00,Female,47,Silver,Shopee,Remote_Area,1052,TV_Show,Bank_Transfer,3,10,0,0,40-50,35.06666666666667,9.0,4.0,0.4444444444444444,112,8,5084.662222222222,0.3,0.3333333333333333,0.3333333333333333,0.0,0.0,0,0,0.0,1919.37,1,0,0.0,16310.689999999999,2,0,0.0,45761.96,9,4,0.4444444444444444,0
LGS2ORD0036006,C013948,2025-10-13 03:00:00,Female,49,Silver,Shopee,Phuket,486,Lazada,COD,3,10,0,0,40-50,16.2,4.0,2.0,0.5,73,72,7903.4825,0.25,0.5,0.25,0.0,0.0,0,0,0.0,0.0,0,0,0.0,27468.510000000002,2,1,0.5,31613.93,4,2,0.5,0
LGS2ORD0036007,C013842,2025-10-13 03:00:00,Male,26,Gold,Web,Khon Kaen,1633,Lazada,Credit_Card,3,10,0,0,20-30,54.43333333333333,1.0,0.0,0.0,-1,13,15880.02,0.33,0.0,1.0,0.0,0.0,0,0,0.0,15880.02,1,0,0.0,15880.02,1,0,0.0,15880.02,1,0,0.0,0
LGS2ORD0036008,C017923,2025-10-13 04:00:00,Female,61,Gold,TV,Nakhon Ratchasima,1103,Shopee,COD,4,10,0,0,>50,36.766666666666666,6.0,1.0,0.16666666666666666,132,146,12523.746666666666,0.28,0.6666666666666666,0.5,0.0,0.0,0,0,0.0,0.0,0,0,0.0,0.0,0,0,0.0,75142.48,6,1,0.16666666666666666,1
LGS2ORD0036009,C011639,2025-10-13 04:00:00,Male,33,Gold,TV,Nakhon Ratchasima,658,Web,COD,4,10,0,0,30-40,21.933333333333334,5.0,1.0,0.2,123,15,5085.276,0.33,0.4,0.4,0.0,0.0,0,0,0.0,1889.02,1,0,0.0,1889.02,1,0,0.0,25426.38,5,1,0.2,1
LGS2ORD0036010,C017816,2025-10-13 04:00:00,Male,58,Bronze,Shopee,Remote_Area,437,Shopee,COD,4,10,0,0,>50,14.566666666666666,6.0,1.0,0.16666666666666666,188,102,3078.6200000000003,0.23,0.6666666666666666,0.16666666666666666,0.0,0.0,0,0,0.0,0.0,0,0,0.0,0.0,0,0,0.0,18471.72,6,1,0.16666666666666666,1
LGS2ORD0036011,C014878,2025-10-13 04:00:00,Male,29,Silver,Lazada,Songkhla,304,Shopee,COD,4,10,0,0,20-30,10.133333333333333,5.0,2.0,0.4,111,35,3299.45,0.25,0.4,0.2,0.0,0.0,0,0,0.0,0.0,0,0,0.0,6762.01,2,0,0.0,16497.25,5,2,0.4,1
LGS2ORD0036012,C010315,2025-10-13 04:00:00,Female,32,Platinum,Web,Chonburi,877,Lazada,Credit_Card,4,10,0,0,30-40,29.233333333333334,6.0,1.0,0.16666666666666666,185,34,3505.7100000000005,0.35,0.3333333333333333,0.3333333333333333,0.0,0.0,0,0,0.0,0.0,0,0,0.0,1707.28,2,0,0.0,21034.260000000002,6,1,0.16666666666666666,0
LGS2ORD0036013,C011313,2025-10-13 05:00:00,Male,42,Bronze,Web,Bangkok,771,TV_Show,PromptPay,5,10,0,0,40-50,25.7,3.0,1.0,0.3333333333333333,85,95,9992.026666666667,0.18,0.0,0.0,0.0,0.0,0,0,0.0,0.0,0,0,0.0,0.0,0,0,0.0,29976.08,3,1,0.3333333333333333,0
LGS2ORD0036014,C010390,2025-10-13 05:00:00,Female,47,Bronze,Web,Bangkok,400,TV_Show,Credit_Card,5,10,0,0,40-50,13.333333333333334,4.0,1.0,0.25,146,119,4329.837500000001,0.18,0.0,0.0,0.0,0.0,0,0,0.0,0.0,0,0,0.0,0.0,0,0,0.0,17319.350000000002,4,1,0.25,0
LGS2ORD0036015,C012036,2025-10-13 05:00:00,Male,40,Bronze,Lazada,Nakhon Ratchasima,1193,Shopee,PromptPay,5,10,0,0,30-40,39.766666666666666,4.0,0.0,0.0,-1,9,3389.0025,0.18,0.25,0.0,0.0,0.0,0,0,0.0,1621.43,1,0,0.0,3787.5299999999997,2,0,0.0,13556.01,4,0,0.0,0
LGS2ORD0036016,C011595,2025-10-13 05:00:00,Female,64,Bronze,TV,Bangkok,333,Shopee,Credit_Card,5,10,0,0,>50,11.1,5.0,1.0,0.2,122,130,4202.786,0.28,0.0,0.4,0.0,0.0,0,0,0.0,0.0,0,0,0.0,0.0,0,0,0.0,21013.93,5,1,0.2,0
LGS2ORD0036017,C017095,2025-10-13 05:00:00,Female,29,Bronze,Web,Khon Kaen,1424,Shopee,COD,5,10,0,0,20-30,47.46666666666667,5.0,1.0,0.2,75,88,7565.348,0.23,0.4,0.2,0.0,0.0,0,0,0.0,0.0,0,0,0.0,793.82,1,1,1.0,37826.74,5,1,0.2,0
LGS2ORD0036018,C011096,2025-10-13 06:00:00,Female,45,Bronze,TV,Chiang Mai,332,Lazada,PromptPay,6,10,0,0,40-50,11.066666666666666,2.0,0.0,0.0,-1,91,1479.83,0.23,0.5,0.5,0.0,0.0,0,0,0.0,0.0,0,0,0.0,0.0,0,0,0.0,2959.66,2,0,0.0,0
LGS2ORD0036019,C016972,2025-10-13 06:00:00,Male,57,Bronze,TV,Bangkok,1728,Lazada,PromptPay,6,10,0,0,>50,57.6,5.0,2.0,0.4,113,7,4724.186,0.28,0.6,0.6,0.0,0.0,0,0,0.0,12267.95,2,0,0.0,12267.95,2,0,0.0,23620.93,5,2,0.4,0
LGS2ORD0036020,C016377,2025-10-13 06:00:00,Female,52,Silver,Web,Chiang Mai,431,Lazada,PromptPay,6,10,0,0,>50,14.366666666666667,5.0,2.0,0.4,73,12,1755.7580000000003,0.2,0.2,0.0,0.0,0.0,0,0,0.0,1077.63,1,0,0.0,2850.38,2,1,0.5,8778.79,5,2,0.4,0
LGS2ORD0036021,C014305,2025-10-13 06:00:00,Female,32,Bronze,Lazada,Bangkok,505,Web,COD,6,10,0,0,30-40,16.833333333333332,5.0,1.0,0.2,209,4,3292.2,0.28,0.6,0.4,0.0,10134.99,1,0,0.0,10134.99,1,0,0.0,10134.99,1,0,0.0,16461.0,5,1,0.2,0
LGS2ORD0036022,C013103,2025-10-13 06:00:00,Female,67,Gold,Lazada,Bangkok,425,Lazada,Credit_Card,6,10,0,0,>50,14.166666666666666,2.0,0.0,0.0,-1,216,9560.845,0.33,0.5,1.0,0.0,0.0,0,0,0.0,0.0,0,0,0.0,0.0,0,0,0.0,19121.69,2,0,0.0,1
LGS2ORD0036023,C013380,2025-10-13 06:00:00,Female,34,Gold,Lazada,Khon Kaen,1068,TV_Show,COD,6,10,0,0,30-40,35.6,8.0,4.0,0.5,11,15,4255.45125,0.33,0.5,0.875,0.0,0.0,0,0,0.0,9680.32,2,1,0.5,10681.5,3,2,0.6666666666666666,34043.61,8,4,0.5,1
LGS2ORD0036024,C011605,2025-10-13 07:00:00,Male,45,Gold,Shopee,Bangkok,1050,Lazada,Credit_Card,7,10,0,0,40-50,35.0,4.0,1.0,0.25,50,57,8117.037499999999,0.2299999999999999,0.5,0.5,0.0,0.0,0,0,0.0,0.0,0,0,0.0,18598.48,2,1,0.5,32468.149999999998,4,1,0.25,0
LGS2ORD0036025,C017143,2025-10-13 07:00:00,Female,50,Bronze,TV,Nakhon Ratchasima,1144,TV_Show,COD,7,10,0,0,40-50,38.13333333333333,6.0,0.0,0.0,-1,4,2551.931666666667,0.23,0.6666666666666666,0.16666666666666666,0.0,1261.69,1,0,0.0,4346.5599999999995,3,0,0.0,5826.83,4,0,0.0,15311.59,6,0,0.0,0
LGS2ORD0036026,C012886,2025-10-13 07:00:00,Female,27,Bronze,Web,Nakhon Ratchasima,1274,Web,COD,7,10,0,0,20-30,42.46666666666667,4.0,1.0,0.25,51,6,3356.4100000000003,0.28,0.75,0.25,0.0,4376.17,1,0,0.0,5980.62,2,0,0.0,8442.05,3,1,0.3333333333333333,13425.640000000001,4,1,0.25,1
LGS2ORD0036027,C011472,2025-10-13 07:00:00,Male,22,Bronze,Lazada,Chonburi,415,Lazada,Bank_Transfer,7,10,0,0,20-30,13.833333333333334,6.0,1.0,0.16666666666666666,48,23,6410.086666666666,0.23,0.5,0.16666666666666666,0.0,0.0,0,0,0.0,6539.42,1,0,0.0,12573.75,2,1,0.5,38460.52,6,1,0.16666666666666666,0
LGS2ORD0036028,C013010,2025-10-13 07:00:00,Male,51,Gold,CallCenter,Bangkok,1526,Lazada,PromptPay,7,10,0,0,>50,50.86666666666667,4.0,1.0,0.25,65,80,11886.032500000001,0.28,0.25,0.25,0.0,0.0,0,0,0.0,0.0,0,0,0.0,20289.77,1,1,1.0,47544.130000000005,4,1,0.25,0
LGS2ORD0036029,C010900,2025-10-13 08:00:00,Female,58,Bronze,Web,Songkhla,315,Shopee,COD,8,10,0,0,>50,10.5,11.0,4.0,0.36363636363636365,171,52,9806.009090909092,0.28,0.45454545454545453,0.09090909090909091,0.0,0.0,0,0,0.0,0.0,0,0,0.0,3985.31,1,0,0.0,107866.1,11,4,0.36363636363636365,0
LGS2ORD0036030,C012381,2025-10-13 08:00:00,Male,48,Gold,CallCenter,Remote_Area,1678,Shopee,Credit_Card,8,10,0,0,40-50,55.93333333333333,6.0,1.0,0.16666666666666666,31,3,3426.2883333333334,0.33,0.16666666666666666,0.3333333333333333,0.0,1165.14,1,0,0.0,1165.14,1,0,0.0,13593.21,3,1,0.3333333333333333,20557.73,6,1,0.16666666666666666,0
LGS2ORD0036031,C017168,2025-10-13 08:00:00,Male,53,Gold,Web,Bangkok,485,Shopee,COD,8,10,0,0,>50,16.166666666666668,4.0,2.0,0.5,41,54,6020.2075,0.33,0.5,0.75,0.0,0.0,0,0,0.0,0.0,0,0,0.0,10067.48,1,1,1.0,24080.83,4,2,0.5,0
LGS2ORD0036032,C015878,2025-10-13 08:00:00,Female,30,Platinum,Shopee,Bangkok,1542,Shopee,PromptPay,8,10,0,0,20-30,51.4,4.0,1.0,0.25,6,3,5755.035000000001,0.35,0.0,0.5,0.0,920.75,1,0,0.0,1879.7,2,1,0.5,1879.7,2,1,0.5,23020.140000000003,4,1,0.25,1
LGS2ORD0036033,C013745,2025-10-13 08:00:00,Female,59,Bronze,Web,Bangkok,978,Web,COD,8,10,0,0,>50,32.6,5.0,1.0,0.2,139,59,3196.278,0.28,0.4,0.6,0.0,0.0,0,0,0.0,0.0,0,0,0.0,9499.23,2,0,0.0,15981.39,5,1,0.2,0
LGS2ORD0036034,C010850,2025-10-13 09:00:00,Other,43,Silver,TV,Chiang Mai,923,Web,COD,9,10,0,0,40-50,30.766666666666666,7.0,2.0,0.2857142857142857,50,57,8802.598571428573,0.3,0.42857142857142855,0.14285714285714285,0.0,0.0,0,0,0.0,0.0,0,0,0.0,1322.5,1,1,1.0,61618.19,7,2,0.2857142857142857,0
LGS2ORD0036035,C011422,2025-10-13 09:00:00,Male,29,Bronze,TV,Bangkok,935,TV_Show,Credit_Card,9,10,0,0,20-30,31.166666666666668,5.0,2.0,0.4,99,31,11793.11,0.18,0.6,0.0,0.0,0.0,0,0,0.0,0.0,0,0,0.0,4564.27,1,0,0.0,58965.55,5,2,0.4,1
LGS2ORD0036036,C016727,2025-10-13 09:00:00,Female,33,Bronze,TV,Chonburi,1092,CallCenter,Credit_Card,9,10,0,0,30-40,36.4,4.0,0.0,0.0,-1,40,3694.7825000000003,0.28,0.5,0.75,0.0,0.0,0,0,0.0,0.0,0,0,0.0,1629.45,1,0,0.0,14779.130000000001,4,0,0.0,0
LGS2ORD0036037,C010450,2025-10-13 09:00:00,Male,32,Silver,TV,Khon Kaen,672,CallCenter,COD,9,10,0,0,30-40,22.4,3.0,0.0,0.0,-1,46,4405.656666666667,0.15,1.0,0.0,0.0,0.0,0,0,0.0,0.0,0,0,0.0,1941.88,1,0,0.0,13216.970000000001,3,0,0.0,0
LGS2ORD0036038,C015383,2025-10-13 09:00:00,Male,42,Silver,Shopee,Bangkok,771,Shopee,PromptPay,9,10,0,0,40-50,25.7,2.0,0.0,0.0,-1,35,1212.455,0.3,0.5,1.0,0.0,0.0,0,0,0.0,0.0,0,0,0.0,1867.46,1,0,0.0,2424.91,2,0,0.0,0
LGS2ORD0036039,C011434,2025-10-13 10:00:00,Male,53,Bronze,TV,Bangkok,317,Lazada,COD,10,10,0,0,>50,10.566666666666666,9.0,3.0,0.3333333333333333,187,59,4483.6611111111115,0.23,0.5555555555555556,0.3333333333333333,0.0,0.0,0,0,0.0,0.0,0,0,0.0,6259.85,1,0,0.0,40352.950000000004,9,3,0.3333333333333333,0
LGS2ORD0036040,C010681,2025-10-13 10:00:00,Female,41,Bronze,Shopee,Khon Kaen,1523,TV_Show,COD,10,10,0,0,40-50,50.766666666666666,3.0,0.0,0.0,-1,55,10118.5,0.18,1.0,0.0,0.0,0.0,0,0,0.0,0.0,0,0,0.0,6079.48,1,0,0.0,30355.5,3,0,0.0,0
LGS2ORD0036041,C015405,2025-10-13 10:00:00,Female,46,Platinum,Lazada,Bangkok,1261,Web,COD,10,10,0,0,40-50,42.03333333333333,2.0,0.0,0.0,-1,243,3741.8849999999998,0.3,1.0,0.5,0.0,0.0,0,0,0.0,0.0,0,0,0.0,0.0,0,0,0.0,7483.7699999999995,2,0,0.0,0
LGS2ORD0036042,C016772,2025-10-13 10:00:00,Male,70,Silver,Lazada,Phuket,709,TV_Show,Credit_Card,10,10,0,0,>50,23.633333333333333,5.0,2.0,0.4,146,59,4793.312,0.25,0.0,0.4,0.0,0.0,0,0,0.0,0.0,0,0,0.0,4131.08,1,0,0.0,23966.559999999998,5,2,0.4,0
LGS2ORD0036043,C017899,2025-10-13 10:00:00,Male,26,Bronze,Lazada,Bangkok,1161,TV_Show,Credit_Card,10,10,0,0,20-30,38.7,5.0,2.0,0.4,94,88,4634.308,0.28,0.6,0.4,0.0,0.0,0,0,0.0,0.0,0,0,0.0,7504.78,1,0,0.0,23171.54,5,2,0.4,0
LGS2ORD0036044,C013171,2025-10-13 10:00:00,Female,45,Silver,Web,Chonburi,634,Web,PromptPay,10,10,0,0,40-50,21.133333333333333,3.0,0.0,0.0,-1,80,1850.0800000000002,0.2,0.3333333333333333,0.0,0.0,0.0,0,0,0.0,0.0,0,0,0.0,293.68,1,0,0.0,5550.240000000001,3,0,0.0,0
LGS2ORD0036045,C015635,2025-10-13 11:00:00,Male,26,Bronze,TV,Chonburi,594,Web,Credit_Card,11,10,0,0,20-30,19.8,4.0,1.0,0.25,162,69,2606.5675,0.18,0.75,0.0,0.0,0.0,0,0,0.0,0.0,0,0,0.0,6554.1,1,0,0.0,10426.27,4,1,0.25,0
LGS2ORD0036046,C015157,2025-10-13 11:00:00,Male,25,Bronze,Shopee,Chonburi,1289,TV_Show,COD,11,10,0,0,20-30,42.96666666666667,7.0,2.0,0.2857142857142857,142,19,7034.227142857142,0.28,0.7142857142857143,0.5714285714285714,0.0,0.0,0,0,0.0,6799.03,1,0,0.0,11913.189999999999,2,0,0.0,49239.59,7,2,0.2857142857142857,0
LGS2ORD0036047,C016847,2025-10-13 11:00:00,Male,38,Platinum,Web,Bangkok,368,TV_Show,COD,11,10,0,0,30-40,12.266666666666667,2.0,0.0,0.0,-1,47,5516.4400000000005,0.2,1.0,0.0,0.0,0.0,0,0,0.0,0.0,0,0,0.0,9530.59,1,0,0.0,11032.880000000001,2,0,0.0,1
LGS2ORD0036048,C017367,2025-10-13 11:00:00,Female,41,Silver,Web,Khon Kaen,1687,Web,PromptPay,11,10,0,0,40-50,56.233333333333334,2.0,1.0,0.5,179,184,3818.6850000000004,0.25,0.5,1.0,0.0,0.0,0,0,0.0,0.0,0,0,0.0,0.0,0,0,0.0,7637.370000000001,2,1,0.5,0
LGS2ORD0036049,C017412,2025-10-13 11:00:00,Female,34,Silver,Lazada,Remote_Area,487,Lazada,Credit_Card,11,10,0,0,30-40,16.233333333333334,6.0,1.0,0.16666666666666666,80,4,8092.171666666666,0.3,0.6666666666666666,0.16666666666666666,0.0,4277.78,1,0,0.0,4277.78,1,0,0.0,44674.13,3,1,0.3333333333333333,48553.03,6,1,0.16666666666666666,0
LGS2ORD0036050,C011970,2025-10-13 12:00:00,Male,43,Platinum,Web,Bangkok,1470,Shopee,Credit_Card,12,10,0,0,40-50,49.0,1.0,0.0,0.0,-1,124,4353.06,0.35,0.0,1.0,0.0,0.0,0,0,0.0,0.0,0,0,0.0,0.0,0,0,0.0,4353.06,1,0,0.0,0
LGS2ORD0036051,C016688,2025-10-13 12:00:00,Female,47,Bronze,CallCenter,Remote_Area,693,Web,COD,12,10,0,0,40-50,23.1,5.0,2.0,0.4,135,135,3012.7299999999996,0.18,0.4,0.0,0.0,0.0,0,0,0.0,0.0,0,0,0.0,0.0,0,0,0.0,15063.649999999998,5,2,0.4,0
LGS2ORD0036052,C010536,2025-10-13 12:00:00,Female,42,Bronze,TV,Remote_Area,1670,Lazada,Bank_Transfer,12,10,0,0,40-50,55.666666666666664,4.0,0.0,0.0,-1,30,6684.022499999999,0.28,0.25,0.25,0.0,0.0,0,0,0.0,0.0,0,0,0.0,24159.1,3,0,0.0,26736.089999999997,4,0,0.0,0
LGS2ORD0036053,C010488,2025-10-13 12:00:00,Female,51,Silver,Web,Songkhla,494,Lazada,Bank_Transfer,12,10,0,0,>50,16.466666666666665,7.0,2.0,0.2857142857142857,130,31,10378.558571428572,0.3,0.7142857142857143,0.2857142857142857,0.0,0.0,0,0,0.0,0.0,0,0,0.0,14888.18,2,0,0.0,72649.91,7,2,0.2857142857142857,0
LGS2ORD0036054,C012747,2025-10-13 12:00:00,Male,45,Bronze,TV,Remote_Area,1154,CallCenter,COD,12,10,0,0,40-50,38.46666666666667,1.0,0.0,0.0,-1,101,3939.26,0.23,0.0,1.0,0.0,0.0,0,0,0.0,0.0,0,0,0.0,0.0,0,0,0.0,3939.26,1,0,0.0,0
LGS2ORD0036055,C015568,2025-10-13 13:00:00,Male,59,Bronze,Shopee,Khon Kaen,1575,Shopee,COD,13,10,0,0,>50,52.5,5.0,0.0,0.0,-1,41,12836.852,0.28,0.6,0.4,0.0,0.0,0,0,0.0,0.0,0,0,0.0,40930.329999999994,3,0,0.0,64184.26,5,0,0.0,0
LGS2ORD0036056,C015982,2025-10-13 13:00:00,Male,29,Gold,CallCenter,Songkhla,775,Shopee,Bank_Transfer,13,10,0,0,20-30,25.833333333333332,2.0,2.0,1.0,3,14,4396.915,0.28,0.5,1.0,0.0,0.0,0,0,0.0,7766.0,1,1,1.0,7766.0,1,1,1.0,8793.83,2,2,1.0,1
LGS2ORD0036057,C014149,2025-10-13 13:00:00,Female,21,Gold,TV,Khon Kaen,1256,Shopee,Credit_Card,13,10,0,0,20-30,41.86666666666667,3.0,1.0,0.3333333333333333,238,70,1014.7233333333334,0.13,0.0,0.0,0.0,0.0,0,0,0.0,0.0,0,0,0.0,593.91,1,0,0.0,3044.17,3,1,0.3333333333333333,0
LGS2ORD0036058,C013559,2025-10-13 13:00:00,Male,44,Silver,TV,Songkhla,397,CallCenter,PromptPay,13,10,0,0,40-50,13.233333333333333,8.0,4.0,0.5,64,66,7585.5737500000005,0.25,0.625,0.25,0.0,0.0,0,0,0.0,0.0,0,0,0.0,27391.81,3,1,0.3333333333333333,60684.590000000004,8,4,0.5,0
LGS2ORD0036059,C010029,2025-10-13 13:00:00,Male,32,Gold,Lazada,Bangkok,1347,Shopee,COD,13,10,0,0,30-40,44.9,5.0,0.0,0.0,-1,34,2579.6119999999996,0.28,0.4,0.4,0.0,0.0,0,0,0.0,0.0,0,0,0.0,12437.46,4,0,0.0,12898.059999999998,5,0,0.0,0
LGS2ORD0036060,C012049,2025-10-13 14:00:00,Male,44,Silver,TV,Remote_Area,1591,Web,Credit_Card,14,10,0,0,40-50,53.03333333333333,9.0,4.0,0.4444444444444444,-5,1,4118.672222222222,0.3,0.7777777777777778,0.1111111111111111,0.0,11411.97,1,1,1.0,11411.97,1,1,1.0,13637.25,3,1,0.3333333333333333,37068.05,9,4,0.4444444444444444,0
LGS2ORD0036061,C014265,2025-10-13 14:00:00,Female,32,Silver,Web,Bangkok,1097,TV_Show,COD,14,10,0,0,30-40,36.56666666666667,2.0,1.0,0.5,266,203,9145.645,0.2,0.5,0.0,0.0,0.0,0,0,0.0,0.0,0,0,0.0,0.0,0,0,0.0,18291.29,2,1,0.5,0
LGS2ORD0036062,C016240,2025-10-13 14:00:00,Female,42,Bronze,TV,Bangkok,987,Web,COD,14,10,0,0,40-50,32.9,10.0,1.0,0.1,111,86,4954.519,0.28,0.5,0.2,0.0,0.0,0,0,0.0,0.0,0,0,0.0,4788.6,4,0,0.0,49545.19,10,1,0.1,1
LGS2ORD0036063,C017579,2025-10-13 14:00:00,Male,41,Bronze,CallCenter,Nakhon Ratchasima,1715,Web,Credit_Card,14,10,0,0,40-50,57.166666666666664,6.0,3.0,0.5,154,43,5795.668333333334,0.28,0.3333333333333333,0.5,0.0,0.0,0,0,0.0,0.0,0,0,0.0,8994.56,1,0,0.0,34774.01,6,3,0.5,0
LGS2ORD0036064,C017334,2025-10-13 14:00:00,Male,45,Silver,Web,Remote_Area,609,TV_Show,COD,14,10,0,0,40-50,20.3,6.0,1.0,0.16666666666666666,84,96,4819.698333333333,0.2,0.5,0.0,0.0,0.0,0,0,0.0,0.0,0,0,0.0,0.0,0,0,0.0,28918.19,6,1,0.16666666666666666,1
LGS2ORD0036065,C012200,2025-10-13 14:00:00,Female,41,Silver,Lazada,Khon Kaen,781,Web,PromptPay,14,10,0,0,40-50,26.033333333333335,2.0,1.0,0.5,52,64,3591.205,0.2,0.0,0.0,0.0,0.0,0,0,0.0,0.0,0,0,0.0,5546.88,1,1,1.0,7182.41,2,1,0.5,0
LGS2ORD0036066,C014921,2025-10-13 15:00:00,Male,21,Silver,CallCenter,Khon Kaen,1362,Shopee,Credit_Card,15,10,0,0,20-30,45.4,4.0,2.0,0.5,1,15,2879.645,0.2,0.5,0.0,0.0,0.0,0,0,0.0,1902.66,1,1,1.0,5227.41,2,2,1.0,11518.58,4,2,0.5,0
LGS2ORD0036067,C011232,2025-10-13 15:00:00,Male,47,Bronze,Web,Chiang Mai,1631,TV_Show,COD,15,10,0,0,40-50,54.36666666666667,7.0,0.0,0.0,-1,1,2513.5514285714285,0.28,0.5714285714285714,0.2857142857142857,0.0,1906.84,1,0,0.0,1906.84,1,0,0.0,3958.7200000000003,2,0,0.0,17594.86,7,0,0.0,1
LGS2ORD0036068,C013674,2025-10-13 15:00:00,Male,47,Gold,TV,Remote_Area,724,TV_Show,COD,15,10,0,0,40-50,24.133333333333333,3.0,1.0,0.3333333333333333,143,102,3047.4600000000005,0.2299999999999999,0.3333333333333333,0.3333333333333333,0.0,0.0,0,0,0.0,0.0,0,0,0.0,0.0,0,0,0.0,9142.380000000001,3,1,0.3333333333333333,1
LGS2ORD0036069,C011266,2025-10-13 15:00:00,Female,53,Bronze,Web,Remote_Area,1376,Lazada,COD,15,10,0,0,>50,45.86666666666667,6.0,3.0,0.5,43,47,2426.3816666666667,0.23,0.5,0.16666666666666666,0.0,0.0,0,0,0.0,0.0,0,0,0.0,3835.8500000000004,2,2,1.0,14558.289999999999,6,3,0.5,0
LGS2ORD0036070,C010432,2025-10-13 15:00:00,Male,67,Platinum,TV,Bangkok,955,TV_Show,COD,15,10,0,0,>50,31.833333333333332,5.0,0.0,0.0,-1,37,1996.5439999999999,0.35,0.8,0.6,0.0,0.0,0,0,0.0,0.0,0,0,0.0,2442.01,1,0,0.0,9982.72,5,0,0.0,0
LGS2ORD0036071,C015352,2025-10-13 16:00:00,Female,18,Gold,Web,Phuket,610,Shopee,PromptPay,16,10,0,0,<20,20.333333333333332,6.0,1.0,0.16666666666666666,235,14,5818.459999999999,0.33,0.5,0.5,0.0,0.0,0,0,0.0,19625.449999999997,2,0,0.0,31001.55,3,0,0.0,34910.759999999995,6,1,0.16666666666666666,0
LGS2ORD0036072,C017596,2025-10-13 16:00:00,Female,32,Bronze,Shopee,Chonburi,1217,Shopee,COD,16,10,0,0,30-40,40.56666666666667,4.0,1.0,0.25,28,42,5049.0625,0.23,0.25,0.25,0.0,0.0,0,0,0.0,0.0,0,0,0.0,5612.47,2,1,0.5,20196.25,4,1,0.25,1
LGS2ORD0036073,C012855,2025-10-13 16:00:00,Male,35,Bronze,Shopee,Chiang Mai,1049,CallCenter,COD,16,10,0,0,30-40,34.96666666666667,4.0,0.0,0.0,-1,72,10908.3,0.18,0.5,0.0,0.0,0.0,0,0,0.0,0.0,0,0,0.0,19351.07,1,0,0.0,43633.2,4,0,0.0,0
LGS2ORD0036074,C012769,2025-10-13 16:00:00,Male,57,Bronze,TV,Remote_Area,1593,Lazada,COD,16,10,0,0,>50,53.1,6.0,4.0,0.6666666666666666,3,16,7467.22,0.28,1.0,0.16666666666666666,0.0,0.0,0,0,0.0,2765.24,1,1,1.0,3914.99,2,1,0.5,44803.32,6,4,0.6666666666666666,1
LGS2ORD0036075,C017723,2025-10-13 16:00:00,Male,43,Bronze,CallCenter,Chonburi,1633,TV_Show,Credit_Card,16,10,0,0,40-50,54.43333333333333,4.0,0.0,0.0,-1,75,2091.3275,0.23,0.5,0.25,0.0,0.0,0,0,0.0,0.0,0,0,0.0,3291.86,1,0,0.0,8365.31,4,0,0.0,0
LGS2ORD0036076,C010117,2025-10-13 17:00:00,Female,24,Bronze,Shopee,Bangkok,1633,Web,Bank_Transfer,17,10,0,0,20-30,54.43333333333333,5.0,1.0,0.2,69,31,11147.746,0.18,0.8,0.0,0.0,0.0,0,0,0.0,0.0,0,0,0.0,47868.11,3,1,0.3333333333333333,55738.729999999996,5,1,0.2,0
LGS2ORD0036077,C012031,2025-10-13 17:00:00,Female,27,Silver,Web,Khon Kaen,1101,TV_Show,COD,17,10,0,0,20-30,36.7,8.0,1.0,0.125,71,39,6245.235000000001,0.25,0.5,0.125,0.0,0.0,0,0,0.0,0.0,0,0,0.0,40444.92,3,1,0.3333333333333333,49961.880000000005,8,1,0.125,0
LGS2ORD0036078,C010604,2025-10-13 17:00:00,Female,50,Silver,Shopee,Chonburi,720,Lazada,COD,17,10,0,0,40-50,24.0,8.0,1.0,0.125,49,48,8723.192500000001,0.3,0.5,0.5,0.0,0.0,0,0,0.0,0.0,0,0,0.0,30272.25,4,1,0.25,69785.54000000001,8,1,0.125,1
LGS2ORD0036079,C015687,2025-10-13 17:00:00,Other,58,Bronze,TV,Bangkok,1725,TV_Show,Bank_Transfer,17,10,0,0,>50,57.5,4.0,1.0,0.25,62,66,2916.8225,0.23,0.5,0.25,0.0,0.0,0,0,0.0,0.0,0,0,0.0,4729.1,1,1,1.0,11667.29,4,1,0.25,0
LGS2ORD0036080,C011821,2025-10-13 17:00:00,Female,38,Gold,TV,Chiang Mai,1075,Shopee,COD,17,10,0,0,30-40,35.833333333333336,2.0,0.0,0.0,-1,161,1155.175,0.2299999999999999,0.5,0.5,0.0,0.0,0,0,0.0,0.0,0,0,0.0,0.0,0,0,0.0,2310.35,2,0,0.0,0
LGS2ORD0036081,C017469,2025-10-13 18:00:00,Female,31,Silver,Shopee,Phuket,699,Lazada,PromptPay,18,10,0,0,30-40,23.3,2.0,0.0,0.0,-1,228,14948.98,0.3,0.5,0.5,0.0,0.0,0,0,0.0,0.0,0,0,0.0,0.0,0,0,0.0,29897.96,2,0,0.0,0
LGS2ORD0036082,C010980,2025-10-13 18:00:00,Male,52,Silver,TV,Bangkok,1258,TV_Show,COD,18,10,0,0,>50,41.93333333333333,1.0,0.0,0.0,-1,274,21029.58,0.2,0.0,0.0,0.0,0.0,0,0,0.0,0.0,0,0,0.0,0.0,0,0,0.0,21029.58,1,0,0.0,0
LGS2ORD0036083,C011546,2025-10-13 18:00:00,Female,43,Bronze,Lazada,Nakhon Ratchasima,926,TV_Show,Credit_Card,18,10,0,0,40-50,30.866666666666667,7.0,2.0,0.2857142857142857,197,74,3247.8342857142857,0.28,0.5714285714285714,0.14285714285714285,0.0,0.0,0,0,0.0,0.0,0,0,0.0,2396.97,1,0,0.0,22734.84,7,2,0.2857142857142857,0
LGS2ORD0036084,C010096,2025-10-13 18:00:00,Female,57,Gold,TV,Bangkok,485,Web,Credit_Card,18,10,0,0,>50,16.166666666666668,5.0,1.0,0.2,171,9,3114.1940000000004,0.33,0.4,0.4,0.0,0.0,0,0,0.0,3483.13,1,0,0.0,8795.36,2,0,0.0,15570.970000000001,5,1,0.2,0
LGS2ORD0036085,C012299,2025-10-13 18:00:00,Female,46,Silver,TV,Nakhon Ratchasima,536,Shopee,Bank_Transfer,18,10,0,0,40-50,17.866666666666667,4.0,2.0,0.5,55,35,5821.1425,0.2,0.75,0.0,0.0,0.0,0,0,0.0,0.0,0,0,0.0,12439.560000000001,2,1,0.5,23284.57,4,2,0.5,0
LGS2ORD0036086,C012694,2025-10-13 18:00:00,Female,48,Bronze,Web,Chiang Mai,1204,Shopee,COD,18,10,0,0,40-50,40.13333333333333,4.0,2.0,0.5,121,129,8357.699999999999,0.28,0.75,0.5,0.0,0.0,0,0,0.0,0.0,0,0,0.0,0.0,0,0,0.0,33430.799999999996,4,2,0.5,0
LGS2ORD0036087,C013106,2025-10-13 19:00:00,Male,28,Bronze,TV,Nakhon Ratchasima,310,Web,COD,19,10,0,0,20-30,10.333333333333334,10.0,2.0,0.2,138,9,5087.373,0.23,0.6,0.4,0.1,0.0,0,0,0.0,13663.89,2,0,0.0,18078.559999999998,4,0,0.0,50873.729999999996,10,2,0.2,0
LGS2ORD0036088,C016294,2025-10-13 19:00:00,Male,32,Silver,CallCenter,Bangkok,741,Shopee,COD,19,10,0,0,30-40,24.7,6.0,1.0,0.16666666666666666,45,56,3881.2966666666666,0.3,0.5,0.5,0.0,0.0,0,0,0.0,0.0,0,0,0.0,2645.55,1,1,1.0,23287.78,6,1,0.16666666666666666,1
LGS2ORD0036089,C015919,2025-10-13 19:00:00,Male,60,Silver,Shopee,Chiang Mai,1266,TV_Show,Credit_Card,19,10,0,0,>50,42.2,6.0,0.0,0.0,-1,49,5284.556666666666,0.25,0.5,0.3333333333333333,0.0,0.0,0,0,0.0,0.0,0,0,0.0,5482.86,2,0,0.0,31707.34,6,0,0.0,0
LGS2ORD0036090,C013443,2025-10-13 19:00:00,Female,44,Silver,Web,Bangkok,411,TV_Show,PromptPay,19,10,0,0,40-50,13.7,2.0,0.0,0.0,-1,15,4338.0650000000005,0.3,1.0,0.5,0.0,0.0,0,0,0.0,7305.71,1,0,0.0,7305.71,1,0,0.0,8676.130000000001,2,0,0.0,0
LGS2ORD0036091,C015580,2025-10-13 19:00:00,Female,60,Bronze,Lazada,Phuket,1605,Shopee,COD,19,10,0,0,>50,53.5,5.0,2.0,0.4,89,54,10058.220000000001,0.28,0.8,0.2,0.0,0.0,0,0,0.0,0.0,0,0,0.0,6348.82,1,0,0.0,50291.100000000006,5,2,0.4,0
LGS2ORD0036092,C010957,2025-10-13 20:00:00,Female,39,Gold,Shopee,Chiang Mai,298,Web,Bank_Transfer,20,10,0,0,30-40,9.933333333333334,0.0,0.0,0.0,-1,-1,0.0,0.0,0.0,0.0,0.0,0.0,0,0,0.0,0.0,0,0,0.0,0.0,0,0,0.0,0.0,0,0,0.0,1
LGS2ORD0036093,C015321,2025-10-13 20:00:00,Female,18,Silver,TV,Songkhla,1427,Shopee,COD,20,10,0,0,<20,47.56666666666667,8.0,4.0,0.5,20,3,8189.79875,0.25,0.5,0.375,0.0,16964.45,1,0,0.0,23740.78,2,1,0.5,41659.369999999995,5,3,0.6,65518.39,8,4,0.5,1
LGS2ORD0036094,C016427,2025-10-13 20:00:00,Female,45,Bronze,TV,Remote_Area,1462,CallCenter,COD,20,10,0,0,40-50,48.733333333333334,5.0,2.0,0.4,87,77,4092.5519999999997,0.28,0.4,0.4,0.0,0.0,0,0,0.0,0.0,0,0,0.0,1367.78,1,0,0.0,20462.76,5,2,0.4,0
LGS2ORD0036095,C014499,2025-10-13 20:00:00,Male,25,Silver,Shopee,Khon Kaen,638,Web,COD,20,10,0,0,20-30,21.266666666666666,5.0,0.0,0.0,-1,66,2775.976,0.25,0.2,0.2,0.0,0.0,0,0,0.0,0.0,0,0,0.0,5824.52,1,0,0.0,13879.880000000001,5,0,0.0,0
LGS2ORD0036096,C015951,2025-10-13 20:00:00,Male,30,Gold,Lazada,Chonburi,1427,TV_Show,COD,20,10,0,0,20-30,47.56666666666667,7.0,0.0,0.0,-1,44,2027.06,0.2299999999999999,0.5714285714285714,0.42857142857142855,0.0,0.0,0,0,0.0,0.0,0,0,0.0,7420.280000000001,3,0,0.0,14189.42,7,0,0.0,0
LGS2ORD0036097,C013005,2025-10-13 21:00:00,Female,39,Gold,Lazada,Chiang Mai,918,Lazada,COD,21,10,0,0,30-40,30.6,7.0,0.0,0.0,-1,42,4791.385714285714,0.28,0.2857142857142857,0.7142857142857143,0.0,0.0,0,0,0.0,0.0,0,0,0.0,4410.16,2,0,0.0,33539.7,7,0,0.0,0
LGS2ORD0036098,C012278,2025-10-13 21:00:00,Male,31,Bronze,Shopee,Remote_Area,1310,Web,COD,21,10,0,0,30-40,43.666666666666664,5.0,3.0,0.6,50,46,5389.804,0.28,0.2,0.4,0.0,0.0,0,0,0.0,0.0,0,0,0.0,12964.619999999999,2,1,0.5,26949.02,5,3,0.6,0
LGS2ORD0036099,C016656,2025-10-13 21:00:00,Female,43,Bronze,TV,Remote_Area,459,Shopee,COD,21,10,0,0,40-50,15.3,5.0,2.0,0.4,0,13,4079.5879999999997,0.23,0.8,0.4,0.0,0.0,0,0,0.0,4749.37,1,1,1.0,4749.37,1,1,1.0,20397.94,5,2,0.4,0
LGS2ORD0036100,C015019,2025-10-13 21:00:00,Female,62,Bronze,CallCenter,Nakhon Ratchasima,594,Shopee,Credit_Card,21,10,0,0,>50,19.8,10.0,0.0,0.0,-1,16,5388.393000000001,0.23,0.3,0.1,0.0,0.0,0,0,0.0,5527.83,1,0,0.0,5968.99,2,0,0.0,53883.93000000001,10,0,0.0,0
LGS2ORD0036101,C013210,2025-10-13 21:00:00,Female,43,Bronze,TV,Nakhon Ratchasima,1732,CallCenter,Credit_Card,21,10,0,0,40-50,57.733333333333334,5.0,1.0,0.2,203,12,1532.248,0.18,0.2,0.0,0.0,0.0,0,0,0.0,1692.79,1,0,0.0,3145.64,2,0,0.0,7661.240000000001,5,1,0.2,0
LGS2ORD0036102,C015624,2025-10-13 21:00:00,Male,39,Gold,Lazada,Chonburi,753,Shopee,Credit_Card,21,10,0,0,30-40,25.1,6.0,1.0,0.16666666666666666,167,10,3573.6150000000002,0.28,0.3333333333333333,0.5,0.0,0.0,0,0,0.0,375.74,1,0,0.0,9090.01,2,0,0.0,21441.690000000002,6,1,0.16666666666666666,0
LGS2ORD0036103,C012942,2025-10-13 22:00:00,Male,45,Bronze,Lazada,Chonburi,319,Lazada,COD,22,10,0,0,40-50,10.633333333333333,6.0,0.0,0.0,-1,83,5402.966666666666,0.28,0.6666666666666666,0.16666666666666666,0.0,0.0,0,0,0.0,0.0,0,0,0.0,13657.8,1,0,0.0,32417.8,6,0,0.0,1
LGS2ORD0036104,C016370,2025-10-13 22:00:00,Male,46,Bronze,Shopee,Nakhon Ratchasima,472,Shopee,PromptPay,22,10,0,0,40-50,15.733333333333333,4.0,0.0,0.0,-1,23,3103.8424999999997,0.18,0.25,0.0,0.0,0.0,0,0,0.0,4649.44,1,0,0.0,6854.84,2,0,0.0,12415.369999999999,4,0,0.0,0
LGS2ORD0036105,C012150,2025-10-13 22:00:00,Male,27,Silver,Lazada,Phuket,1577,Web,COD,22,10,0,0,20-30,52.56666666666667,6.0,2.0,0.3333333333333333,41,52,1443.465,0.25,0.6666666666666666,0.5,0.0,0.0,0,0,0.0,0.0,0,0,0.0,709.97,1,1,1.0,8660.789999999999,6,2,0.3333333333333333,0
LGS2ORD0036106,C015376,2025-10-13 22:00:00,Female,56,Silver,Shopee,Bangkok,937,Lazada,Bank_Transfer,22,10,0,0,>50,31.233333333333334,5.0,2.0,0.4,100,103,5711.5160000000005,0.3,0.6,0.2,0.0,0.0,0,0,0.0,0.0,0,0,0.0,0.0,0,0,0.0,28557.58,5,2,0.4,0
LGS2ORD0036107,C012908,2025-10-13 22:00:00,Male,47,Bronze,TV,Remote_Area,1114,CallCenter,PromptPay,22,10,0,0,40-50,37.13333333333333,7.0,4.0,0.5714285714285714,51,19,2761.5042857142857,0.23,0.14285714285714285,0.14285714285714285,0.0,0.0,0,0,0.0,703.43,1,0,0.0,9606.62,4,2,0.5,19330.53,7,4,0.5714285714285714,1
LGS2ORD0036108,C012449,2025-10-13 23:00:00,Female,36,Silver,Web,Songkhla,894,Lazada,COD,23,10,0,0,30-40,29.8,6.0,4.0,0.6666666666666666,106,37,9371.985,0.2,0.3333333333333333,0.0,0.0,0.0,0,0,0.0,0.0,0,0,0.0,32358.78,2,0,0.0,56231.91,6,4,0.6666666666666666,0
LGS2ORD0036109,C016785,2025-10-13 23:00:00,Female,62,Bronze,TV,Bangkok,1022,Shopee,COD,23,10,0,0,>50,34.06666666666667,4.0,0.0,0.0,-1,43,2949.345,0.28,0.5,0.75,0.0,0.0,0,0,0.0,0.0,0,0,0.0,360.59,1,0,0.0,11797.38,4,0,0.0,0
LGS2ORD0036110,C015811,2025-10-13 23:00:00,Male,29,Bronze,TV,Nakhon Ratchasima,500,TV_Show,Credit_Card,23,10,0,0,20-30,16.666666666666668,2.0,1.0,0.5,63,36,4031.58,0.13,0.5,0.0,0.0,0.0,0,0,0.0,0.0,0,0,0.0,8063.16,2,1,0.5,8063.16,2,1,0.5,0
LGS2ORD0036111,C015116,2025-10-13 23:00:00,Male,37,Silver,Web,Bangkok,407,CallCenter,COD,23,10,0,0,30-40,13.566666666666666,3.0,1.0,0.3333333333333333,144,149,7530.04,0.1,0.6666666666666666,0.0,0.0,0.0,0,0,0.0,0.0,0,0,0.0,0.0,0,0,0.0,22590.12,3,1,0.3333333333333333,0
LGS2ORD0036112,C014122,2025-10-13 23:00:00,Female,32,Bronze,Shopee,Bangkok,1281,Shopee,COD,23,10,0,0,30-40,42.7,7.0,0.0,0.0,-1,37,6842.051428571429,0.23,0.5714285714285714,0.2857142857142857,0.0,0.0,0,0,0.0,0.0,0,0,0.0,8474.67,3,0,0.0,47894.36,7,0,0.0,1
LGS2ORD0036113,C012326,2025-10-14 00:00:00,Male,39,Gold,TV,Khon Kaen,924,Web,PromptPay,0,10,1,0,30-40,30.8,6.0,2.0,0.3333333333333333,-9,2,9550.966666666665,0.2299999999999999,0.5,0.16666666666666666,0.0,8040.320000000001,2,1,0.5,8040.320000000001,2,1,0.5,8989.880000000001,3,1,0.3333333333333333,57305.799999999996,6,2,0.3333333333333333,0
LGS2ORD0036114,C011732,2025-10-14 00:00:00,Male,39,Bronze,Web,Chiang Mai,1080,Lazada,COD,0,10,1,0,30-40,36.0,12.0,5.0,0.4166666666666667,61,11,3075.81,0.23,0.5833333333333334,0.16666666666666666,0.0,0.0,0,0,0.0,1256.5,2,0,0.0,16340.330000000002,5,1,0.2,36909.72,12,5,0.4166666666666667,0
LGS2ORD0036115,C017764,2025-10-14 00:00:00,Male,21,Bronze,TV,Chonburi,1441,TV_Show,PromptPay,0,10,1,0,20-30,48.03333333333333,3.0,0.0,0.0,-1,27,4747.173333333333,0.18,0.6666666666666666,0.0,0.0,0.0,0,0,0.0,3269.09,1,0,0.0,3269.09,1,0,0.0,14241.52,3,0,0.0,0
LGS2ORD0036116,C015409,2025-10-14 00:00:00,Male,24,Gold,TV,Chiang Mai,1222,TV_Show,COD,0,10,1,0,20-30,40.733333333333334,4.0,1.0,0.25,96,81,4384.985000000001,0.2299999999999999,0.25,0.5,0.0,0.0,0,0,0.0,0.0,0,0,0.0,4227.14,1,0,0.0,17539.940000000002,4,1,0.25,1
LGS2ORD0036117,C015082,2025-10-14 00:00:00,Male,58,Bronze,Shopee,Remote_Area,396,TV_Show,Credit_Card,0,10,1,0,>50,13.2,3.0,1.0,0.3333333333333333,66,79,10112.363333333333,0.28,0.3333333333333333,0.6666666666666666,0.0,0.0,0,0,0.0,0.0,0,0,0.0,14518.79,1,1,1.0,30337.09,3,1,0.3333333333333333,0
LGS2ORD0036118,C015484,2025-10-14 01:00:00,Female,47,Silver,TV,Chonburi,975,Web,COD,1,10,1,0,40-50,32.5,7.0,2.0,0.2857142857142857,41,55,2356.3,0.3,0.5714285714285714,0.42857142857142855,0.0,0.0,0,0,0.0,0.0,0,0,0.0,509.81,1,1,1.0,16494.100000000002,7,2,0.2857142857142857,0
LGS2ORD0036119,C011224,2025-10-14 01:00:00,Male,38,Gold,TV,Bangkok,1288,TV_Show,COD,1,10,1,0,30-40,42.93333333333333,3.0,2.0,0.6666666666666666,-8,3,2170.64,0.28,0.0,0.3333333333333333,0.0,830.48,1,1,1.0,830.48,1,1,1.0,5034.48,2,1,0.5,6511.92,3,2,0.6666666666666666,1
LGS2ORD0036120,C016617,2025-10-14 01:00:00,Male,36,Platinum,TV,Bangkok,1441,Web,Credit_Card,1,10,1,0,30-40,48.03333333333333,5.0,0.0,0.0,-1,64,6174.636,0.25,0.6,0.2,0.0,0.0,0,0,0.0,0.0,0,0,0.0,13831.9,1,0,0.0,30873.18,5,0,0.0,1
LGS2ORD0036121,C016612,2025-10-14 01:00:00,Male,28,Platinum,CallCenter,Remote_Area,595,TV_Show,COD,1,10,1,0,20-30,19.833333333333332,4.0,0.0,0.0,-1,46,3184.3975,0.3,0.5,0.25,0.0,0.0,0,0,0.0,0.0,0,0,0.0,1275.77,1,0,0.0,12737.59,4,0,0.0,1
LGS2ORD0036122,C011532,2025-10-14 01:00:00,Male,56,Bronze,Web,Phuket,1453,Lazada,COD,1,10,1,0,>50,48.43333333333333,7.0,0.0,0.0,-1,28,5878.921428571428,0.18,0.8571428571428571,0.0,0.0,0.0,0,0,0.0,5922.28,1,0,0.0,5922.28,1,0,0.0,41152.45,7,0,0.0,0
LGS2ORD0036123,C013152,2025-10-14 01:00:00,Female,46,Bronze,Web,Remote_Area,1261,Web,COD,1,10,1,0,40-50,42.03333333333333,4.0,1.0,0.25,182,5,3541.33,0.23,0.75,0.25,0.0,8972.06,1,0,0.0,8972.06,1,0,0.0,11205.56,2,0,0.0,14165.32,4,1,0.25,0
LGS2ORD0036124,C014693,2025-10-14 02:00:00,Female,43,Gold,Lazada,Bangkok,1580,Lazada,Bank_Transfer,2,10,1,0,40-50,52.666666666666664,3.0,1.0,0.3333333333333333,266,5,6180.526666666668,0.2299999999999999,0.0,0.3333333333333333,0.0,6909.0,1,0,0.0,6909.0,1,0,0.0,6909.0,1,0,0.0,18541.58,3,1,0.3333333333333333,0
LGS2ORD0036125,C011510,2025-10-14 02:00:00,Male,47,Platinum,Shopee,Khon Kaen,1395,Shopee,Bank_Transfer,2,10,1,0,40-50,46.5,2.0,1.0,0.5,113,121,12403.394999999999,0.3,0.5,0.5,0.0,0.0,0,0,0.0,0.0,0,0,0.0,0.0,0,0,0.0,24806.789999999997,2,1,0.5,0
LGS2ORD0036126,C016199,2025-10-14 02:00:00,Female,51,Gold,Shopee,Nakhon Ratchasima,364,Lazada,COD,2,10,1,0,>50,12.133333333333333,7.0,0.0,0.0,-1,41,6246.912857142857,0.33,0.42857142857142855,0.42857142857142855,0.0,0.0,0,0,0.0,0.0,0,0,0.0,19572.72,2,0,0.0,43728.39,7,0,0.0,0
LGS2ORD0036127,C010198,2025-10-14 02:00:00,Male,72,Silver,Lazada,Bangkok,1665,Lazada,Credit_Card,2,10,1,0,>50,55.5,5.0,1.0,0.2,220,102,5006.4259999999995,0.25,0.8,0.2,0.0,0.0,0,0,0.0,0.0,0,0,0.0,0.0,0,0,0.0,25032.129999999997,5,1,0.2,0
LGS2ORD0036128,C010770,2025-10-14 02:00:00,Female,29,Bronze,TV,Bangkok,1518,Web,Credit_Card,2,10,1,0,20-30,50.6,3.0,0.0,0.0,-1,70,2637.7000000000003,0.18,0.0,0.0,0.0,0.0,0,0,0.0,0.0,0,0,0.0,1177.4,1,0,0.0,7913.1,3,0,0.0,0
LGS2ORD0036129,C010797,2025-10-14 03:00:00,Female,31,Gold,CallCenter,Khon Kaen,1571,CallCenter,COD,3,10,1,0,30-40,52.36666666666667,7.0,2.0,0.2857142857142857,142,1,6886.028571428572,0.13,0.5714285714285714,0.0,0.0,1696.96,1,0,0.0,4576.3,2,0,0.0,43812.74,4,0,0.0,48202.200000000004,7,2,0.2857142857142857,1
LGS2ORD0036130,C013972,2025-10-14 03:00:00,Male,43,Silver,Web,Bangkok,1490,CallCenter,Credit_Card,3,10,1,0,40-50,49.666666666666664,5.0,2.0,0.4,50,26,7278.086,0.25,0.8,0.2,0.0,0.0,0,0,0.0,19501.12,1,0,0.0,20338.64,2,1,0.5,36390.43,5,2,0.4,1
LGS2ORD0036131,C010048,2025-10-14 03:00:00,Male,59,Silver,TV,Chonburi,341,Shopee,PromptPay,3,10,1,0,>50,11.366666666666667,1.0,0.0,0.0,-1,151,2892.47,0.3,0.0,1.0,0.0,0.0,0,0,0.0,0.0,0,0,0.0,0.0,0,0,0.0,2892.47,1,0,0.0,0
LGS2ORD0036132,C013409,2025-10-14 03:00:00,Male,38,Silver,CallCenter,Bangkok,1037,TV_Show,Credit_Card,3,10,1,0,30-40,34.56666666666667,4.0,0.0,0.0,-1,2,941.9000000000001,0.3,0.25,0.5,0.0,1026.5,1,0,0.0,1562.55,2,0,0.0,1562.55,2,0,0.0,3767.6000000000004,4,0,0.0,0
LGS2ORD0036133,C013522,2025-10-14 03:00:00,Male,49,Gold,TV,Bangkok,1513,CallCenter,Credit_Card,3,10,1,0,40-50,50.43333333333333,6.0,1.0,0.16666666666666666,124,47,6303.438333333333,0.33,0.3333333333333333,0.6666666666666666,0.0,0.0,0,0,0.0,0.0,0,0,0.0,9230.64,1,0,0.0,37820.63,6,1,0.16666666666666666,0
LGS2ORD0036134,C010548,2025-10-14 04:00:00,Female,50,Bronze,Lazada,Khon Kaen,1095,Web,COD,4,10,1,0,40-50,36.5,5.0,2.0,0.4,100,6,7776.034,0.28,0.4,0.4,0.0,30915.58,1,0,0.0,30915.58,1,0,0.0,30915.58,1,0,0.0,38880.17,5,2,0.4,0
LGS2ORD0036135,C014506,2025-10-14 04:00:00,Female,48,Platinum,CallCenter,Bangkok,697,Web,Bank_Transfer,4,10,1,0,40-50,23.233333333333334,1.0,0.0,0.0,-1,154,3645.72,0.2,1.0,0.0,0.0,0.0,0,0,0.0,0.0,0,0,0.0,0.0,0,0,0.0,3645.72,1,0,0.0,0
LGS2ORD0036136,C014527,2025-10-14 04:00:00,Female,26,Bronze,Shopee,Chiang Mai,1238,Web,Credit_Card,4,10,1,0,20-30,41.266666666666666,7.0,0.0,0.0,-1,11,3068.5457142857144,0.28,0.2857142857142857,0.14285714285714285,0.0,0.0,0,0,0.0,2250.15,1,0,0.0,16833.22,3,0,0.0,21479.82,7,0,0.0,0
LGS2ORD0036137,C010109,2025-10-14 04:00:00,Female,19,Bronze,TV,Bangkok,900,TV_Show,PromptPay,4,10,1,0,<20,30.0,5.0,4.0,0.8,57,66,7113.886,0.28,0.8,0.2,0.0,0.0,0,0,0.0,0.0,0,0,0.0,4066.47,1,1,1.0,35569.43,5,4,0.8,0
LGS2ORD0036138,C010883,2025-10-14 04:00:00,Female,68,Silver,TV,Songkhla,1433,Shopee,PromptPay,4,10,1,0,>50,47.766666666666666,3.0,1.0,0.3333333333333333,56,70,1778.6633333333332,0.25,0.6666666666666666,0.3333333333333333,0.0,0.0,0,0,0.0,0.0,0,0,0.0,1885.23,1,1,1.0,5335.99,3,1,0.3333333333333333,0
LGS2ORD0036139,C010861,2025-10-14 05:00:00,Male,24,Bronze,Web,Nakhon Ratchasima,650,Web,Bank_Transfer,5,10,1,0,20-30,21.666666666666668,6.0,1.0,0.16666666666666666,168,38,4465.7266666666665,0.28,0.5,0.3333333333333333,0.0,0.0,0,0,0.0,0.0,0,0,0.0,10572.55,2,0,0.0,26794.36,6,1,0.16666666666666666,0
LGS2ORD0036140,C017516,2025-10-14 05:00:00,Male,60,Gold,TV,Bangkok,788,Web,COD,5,10,1,0,>50,26.266666666666666,13.0,1.0,0.07692307692307693,85,9,6669.196153846153,0.33,0.5384615384615384,0.38461538461538464,0.0,0.0,0,0,0.0,9216.68,1,0,0.0,16391.56,3,0,0.0,86699.54999999999,13,1,0.07692307692307693,0
LGS2ORD0036141,C014687,2025-10-14 05:00:00,Female,60,Silver,TV,Chiang Mai,1331,Shopee,COD,5,10,1,0,>50,44.36666666666667,5.0,0.0,0.0,-1,63,16516.834,0.25,0.6,0.4,0.0,0.0,0,0,0.0,0.0,0,0,0.0,3632.81,1,0,0.0,82584.17,5,0,0.0,1
LGS2ORD0036142,C013518,2025-10-14 05:00:00,Male,31,Platinum,CallCenter,Chiang Mai,889,Shopee,COD,5,10,1,0,30-40,29.633333333333333,2.0,0.0,0.0,-1,43,3986.07,0.25,0.5,0.5,0.0,0.0,0,0,0.0,0.0,0,0,0.0,7972.14,2,0,0.0,7972.14,2,0,0.0,0
LGS2ORD0036143,C013505,2025-10-14 05:00:00,Male,37,Bronze,Web,Chonburi,836,TV_Show,Credit_Card,5,10,1,0,30-40,27.866666666666667,3.0,1.0,0.3333333333333333,124,17,1038.4233333333334,0.23,0.6666666666666666,0.3333333333333333,0.0,0.0,0,0,0.0,427.91,1,0,0.0,1074.3700000000001,2,0,0.0,3115.27,3,1,0.3333333333333333,0
LGS2ORD0036144,C012200,2025-10-14 05:00:00,Female,41,Silver,Lazada,Khon Kaen,782,Lazada,Credit_Card,5,10,1,0,40-50,26.066666666666666,3.0,1.0,0.3333333333333333,53,0,5777.243333333333,0.25,0.0,0.3333333333333333,0.0,10149.32,1,0,0.0,10149.32,1,0,0.0,15696.2,2,1,0.5,17331.73,3,1,0.3333333333333333,0
LGS2ORD0036145,C012000,2025-10-14 06:00:00,Female,27,Bronze,TV,Songkhla,1467,CallCenter,COD,6,10,1,0,20-30,48.9,4.0,2.0,0.5,142,39,6962.067499999999,0.18,0.75,0.0,0.0,0.0,0,0,0.0,0.0,0,0,0.0,17104.51,1,0,0.0,27848.269999999997,4,2,0.5,0
LGS2ORD0036146,C013138,2025-10-14 06:00:00,Male,48,Bronze,TV,Khon Kaen,1337,TV_Show,COD,6,10,1,0,40-50,44.56666666666667,3.0,0.0,0.0,-1,21,7491.253333333334,0.28,0.3333333333333333,0.3333333333333333,0.0,0.0,0,0,0.0,17283.65,1,0,0.0,19624.95,2,0,0.0,22473.760000000002,3,0,0.0,1
LGS2ORD0036147,C017286,2025-10-14 06:00:00,Male,43,Silver,CallCenter,Chonburi,1532,CallCenter,COD,6,10,1,0,40-50,51.06666666666667,4.0,0.0,0.0,-1,34,6942.68,0.2,0.25,0.0,0.0,0.0,0,0,0.0,0.0,0,0,0.0,3193.54,1,0,0.0,27770.72,4,0,0.0,1
LGS2ORD0036148,C012606,2025-10-14 06:00:00,Male,43,Bronze,TV,Bangkok,949,Web,PromptPay,6,10,1,0,40-50,31.633333333333333,6.0,2.0,0.3333333333333333,3,7,3553.875,0.28,0.5,0.3333333333333333,0.0,0.0,0,0,0.0,1267.71,1,1,1.0,11346.029999999999,3,1,0.3333333333333333,21323.25,6,2,0.3333333333333333,0
LGS2ORD0036149,C016392,2025-10-14 06:00:00,Female,46,Bronze,Shopee,Bangkok,666,Web,COD,6,10,1,0,40-50,22.2,5.0,0.0,0.0,-1,37,6862.744000000001,0.23,0.8,0.4,0.0,0.0,0,0,0.0,0.0,0,0,0.0,9119.87,1,0,0.0,34313.72,5,0,0.0,0
LGS2ORD0036150,C016585,2025-10-14 07:00:00,Male,49,Bronze,Lazada,Songkhla,1204,TV_Show,COD,7,10,1,0,40-50,40.13333333333333,3.0,1.0,0.3333333333333333,206,29,7227.946666666667,0.23,0.0,0.3333333333333333,0.0,0.0,0,0,0.0,3921.07,1,0,0.0,5658.49,2,0,0.0,21683.84,3,1,0.3333333333333333,0
LGS2ORD0036151,C012481,2025-10-14 07:00:00,Female,49,Platinum,TV,Phuket,1336,TV_Show,Credit_Card,7,10,1,0,40-50,44.53333333333333,8.0,4.0,0.5,22,26,5916.395,0.35,0.75,0.75,0.0,0.0,0,0,0.0,3926.61,1,1,1.0,8437.73,2,1,0.5,47331.16,8,4,0.5,0
LGS2ORD0036152,C012610,2025-10-14 07:00:00,Other,42,Silver,TV,Remote_Area,728,CallCenter,COD,7,10,1,0,40-50,24.266666666666666,6.0,3.0,0.5,24,21,1888.3483333333334,0.25,0.6666666666666666,0.16666666666666666,0.0,0.0,0,0,0.0,5169.18,1,0,0.0,8680.23,3,2,0.6666666666666666,11330.09,6,3,0.5,0
LGS2ORD0036153,C010067,2025-10-14 07:00:00,Male,27,Bronze,Shopee,Phuket,413,Web,COD,7,10,1,0,20-30,13.766666666666667,4.0,2.0,0.5,84,36,3533.425,0.13,0.5,0.0,0.0,0.0,0,0,0.0,0.0,0,0,0.0,855.38,1,0,0.0,14133.7,4,2,0.5,1
LGS2ORD0036154,C012326,2025-10-14 07:00:00,Male,39,Gold,TV,Khon Kaen,924,Web,COD,7,10,1,0,30-40,30.8,7.0,2.0,0.2857142857142857,-9,0,8686.869999999999,0.2299999999999999,0.42857142857142855,0.14285714285714285,0.0,11542.61,3,1,0.3333333333333333,11542.61,3,1,0.3333333333333333,12492.170000000002,4,1,0.25,60808.09,7,2,0.2857142857142857,0
LGS2ORD0036155,C013085,2025-10-14 08:00:00,Male,66,Bronze,TV,Nakhon Ratchasima,1684,Shopee,COD,8,10,1,0,>50,56.13333333333333,4.0,2.0,0.5,130,141,9006.095,0.28,0.75,0.5,0.0,0.0,0,0,0.0,0.0,0,0,0.0,0.0,0,0,0.0,36024.38,4,2,0.5,1
LGS2ORD0036156,C016215,2025-10-14 08:00:00,Male,37,Bronze,Lazada,Chonburi,847,CallCenter,COD,8,10,1,0,30-40,28.233333333333334,2.0,1.0,0.5,183,139,845.315,0.28,0.5,0.5,0.0,0.0,0,0,0.0,0.0,0,0,0.0,0.0,0,0,0.0,1690.63,2,1,0.5,0
LGS2ORD0036157,C011799,2025-10-14 08:00:00,Female,30,Bronze,Shopee,Khon Kaen,1360,Shopee,COD,8,10,1,0,20-30,45.333333333333336,5.0,1.0,0.2,202,74,5063.528,0.23,0.6,0.2,0.0,0.0,0,0,0.0,0.0,0,0,0.0,10752.57,1,0,0.0,25317.64,5,1,0.2,0
LGS2ORD0036158,C015521,2025-10-14 08:00:00,Male,34,Gold,Shopee,Chiang Mai,1446,TV_Show,COD,8,10,1,0,30-40,48.2,2.0,1.0,0.5,258,210,11191.675000000001,0.13,0.5,0.0,0.0,0.0,0,0,0.0,0.0,0,0,0.0,0.0,0,0,0.0,22383.350000000002,2,1,0.5,0
LGS2ORD0036159,C014847,2025-10-14 08:00:00,Male,28,Silver,Web,Remote_Area,1415,TV_Show,Bank_Transfer,8,10,1,0,20-30,47.166666666666664,5.0,1.0,0.2,0,11,9617.108,0.25,0.2,0.2,0.0,0.0,0,0,0.0,41921.909999999996,2,1,0.5,41921.909999999996,2,1,0.5,48085.54,5,1,0.2,0
LGS2ORD0036160,C015985,2025-10-14 09:00:00,Male,37,Bronze,Shopee,Remote_Area,1628,TV_Show,PromptPay,9,10,1,0,30-40,54.266666666666666,5.0,2.0,0.4,14,20,6547.994000000001,0.18,0.6,0.0,0.0,0.0,0,0,0.0,4291.1,1,1,1.0,7730.75,2,2,1.0,32739.97,5,2,0.4,0
LGS2ORD0036161,C011403,2025-10-14 09:00:00,Female,59,Gold,TV,Nakhon Ratchasima,693,Web,Credit_Card,9,10,1,0,>50,23.1,7.0,0.0,0.0,-1,78,5879.385714285714,0.33,0.7142857142857143,0.42857142857142855,0.0,0.0,0,0,0.0,0.0,0,0,0.0,8335.03,1,0,0.0,41155.7,7,0,0.0,0
LGS2ORD0036162,C016156,2025-10-14 09:00:00,Female,28,Gold,Web,Nakhon Ratchasima,1459,TV_Show,COD,9,10,1,0,20-30,48.63333333333333,2.0,1.0,0.5,216,189,932.855,0.28,1.0,0.5,0.0,0.0,0,0,0.0,0.0,0,0,0.0,0.0,0,0,0.0,1865.71,2,1,0.5,0
LGS2ORD0036163,C012352,2025-10-14 09:00:00,Female,41,Gold,TV,Chiang Mai,557,Web,COD,9,10,1,0,40-50,18.566666666666666,2.0,0.0,0.0,-1,30,1585.57,0.33,1.0,0.5,0.0,0.0,0,0,0.0,0.0,0,0,0.0,1868.79,1,0,0.0,3171.14,2,0,0.0,0
LGS2ORD0036164,C010230,2025-10-14 09:00:00,Female,43,Bronze,Web,Chonburi,386,Lazada,COD,9,10,1,0,40-50,12.866666666666667,4.0,1.0,0.25,172,59,6215.53,0.23,0.75,0.5,0.0,0.0,0,0,0.0,0.0,0,0,0.0,855.02,1,0,0.0,24862.12,4,1,0.25,1
LGS2ORD0036165,C015694,2025-10-14 09:00:00,Female,23,Bronze,Shopee,Chonburi,368,Lazada,Credit_Card,9,10,1,0,20-30,12.266666666666667,5.0,2.0,0.4,197,38,1878.4539999999997,0.23,0.2,0.4,0.0,0.0,0,0,0.0,0.0,0,0,0.0,3475.56,1,0,0.0,9392.269999999999,5,2,0.4,0
LGS2ORD0036166,C014375,2025-10-14 10:00:00,Male,61,Silver,CallCenter,Bangkok,1310,TV_Show,COD,10,10,1,0,>50,43.666666666666664,5.0,1.0,0.2,273,177,11658.787999999999,0.3,0.6,0.2,0.0,0.0,0,0,0.0,0.0,0,0,0.0,0.0,0,0,0.0,58293.939999999995,5,1,0.2,1
LGS2ORD0036167,C011811,2025-10-14 10:00:00,Female,40,Silver,CallCenter,Bangkok,1584,CallCenter,COD,10,10,1,0,30-40,52.8,3.0,1.0,0.3333333333333333,229,122,5414.183333333333,0.15,0.3333333333333333,0.0,0.0,0.0,0,0,0.0,0.0,0,0,0.0,0.0,0,0,0.0,16242.55,3,1,0.3333333333333333,0
LGS2ORD0036168,C013355,2025-10-14 10:00:00,Female,41,Silver,Web,Phuket,1323,Lazada,COD,10,10,1,0,40-50,44.1,4.0,3.0,0.75,60,76,3948.2799999999997,0.3,0.75,0.75,0.0,0.0,0,0,0.0,0.0,0,0,0.0,10182.15,2,1,0.5,15793.119999999999,4,3,0.75,0
LGS2ORD0036169,C012777,2025-10-14 10:00:00,Other,56,Silver,Web,Khon Kaen,1126,Lazada,COD,10,10,1,0,>50,37.53333333333333,5.0,0.0,0.0,-1,63,6881.4,0.25,0.6,0.2,0.0,0.0,0,0,0.0,0.0,0,0,0.0,4168.77,1,0,0.0,34407.0,5,0,0.0,0
LGS2ORD0036170,C012615,2025-10-14 10:00:00,Female,43,Platinum,TV,Songkhla,1492,Lazada,COD,10,10,1,0,40-50,49.733333333333334,4.0,1.0,0.25,-1,11,13864.814999999999,0.25,0.0,0.25,0.0,0.0,0,0,0.0,5870.19,1,1,1.0,54778.020000000004,3,1,0.3333333333333333,55459.259999999995,4,1,0.25,0
LGS2ORD0036171,C014921,2025-10-14 11:00:00,Male,21,Silver,CallCenter,Khon Kaen,1363,Shopee,COD,11,10,1,0,20-30,45.43333333333333,5.0,2.0,0.4,2,0,2597.234,0.2,0.4,0.0,0.0,1467.59,1,0,0.0,3370.25,2,1,0.5,6695.0,3,2,0.6666666666666666,12986.17,5,2,0.4,0
LGS2ORD0036172,C013147,2025-10-14 11:00:00,Male,65,Bronze,TV,Chiang Mai,805,TV_Show,PromptPay,11,10,1,0,>50,26.833333333333332,5.0,0.0,0.0,-1,26,5805.17,0.23,0.8,0.2,0.0,0.0,0,0,0.0,844.19,1,0,0.0,844.19,1,0,0.0,29025.85,5,0,0.0,0
LGS2ORD0036173,C015907,2025-10-14 11:00:00,Male,37,Silver,Lazada,Khon Kaen,413,TV_Show,COD,11,10,1,0,30-40,13.766666666666667,5.0,1.0,0.2,199,20,4969.3099999999995,0.1,0.4,0.0,0.0,0.0,0,0,0.0,6343.91,1,0,0.0,14983.52,2,0,0.0,24846.55,5,1,0.2,0
LGS2ORD0036174,C012892,2025-10-14 11:00:00,Male,35,Bronze,Web,Songkhla,688,Web,PromptPay,11,10,1,0,30-40,22.933333333333334,2.0,0.0,0.0,-1,196,1609.105,0.13,0.5,0.0,0.0,0.0,0,0,0.0,0.0,0,0,0.0,0.0,0,0,0.0,3218.21,2,0,0.0,0
LGS2ORD0036175,C015419,2025-10-14 11:00:00,Male,30,Platinum,TV,Bangkok,1036,Web,COD,11,10,1,0,20-30,34.53333333333333,4.0,0.0,0.0,-1,20,5636.8475,0.35,0.5,0.5,0.0,0.0,0,0,0.0,4990.21,1,0,0.0,17451.86,2,0,0.0,22547.39,4,0,0.0,0
LGS2ORD0036176,C017475,2025-10-14 12:00:00,Female,22,Silver,Shopee,Bangkok,1168,Shopee,COD,12,10,1,0,20-30,38.93333333333333,6.0,0.0,0.0,-1,1,5109.671666666666,0.3,0.3333333333333333,0.16666666666666666,0.0,8503.24,2,0,0.0,8503.24,2,0,0.0,14372.050000000001,3,0,0.0,30658.03,6,0,0.0,0
LGS2ORD0036177,C017925,2025-10-14 12:00:00,Male,46,Gold,CallCenter,Nakhon Ratchasima,573,Web,PromptPay,12,10,1,0,40-50,19.1,4.0,1.0,0.25,217,20,3894.9525,0.28,0.5,0.5,0.0,0.0,0,0,0.0,2030.0,1,0,0.0,2030.0,1,0,0.0,15579.81,4,1,0.25,0
LGS2ORD0036178,C017150,2025-10-14 12:00:00,Female,52,Gold,Web,Chonburi,457,Web,PromptPay,12,10,1,0,>50,15.233333333333333,8.0,2.0,0.25,38,14,4897.9975,0.28,0.375,0.75,0.0,0.0,0,0,0.0,1604.35,1,0,0.0,8482.78,2,1,0.5,39183.98,8,2,0.25,0
LGS2ORD0036179,C016891,2025-10-14 12:00:00,Female,49,Bronze,TV,Khon Kaen,1016,Web,COD,12,10,1,0,40-50,33.86666666666667,7.0,1.0,0.14285714285714285,53,31,4900.9685714285715,0.23,0.5714285714285714,0.2857142857142857,0.0,0.0,0,0,0.0,0.0,0,0,0.0,15705.5,3,1,0.3333333333333333,34306.78,7,1,0.14285714285714285,0
LGS2ORD0036180,C010548,2025-10-14 12:00:00,Female,50,Bronze,Lazada,Khon Kaen,1095,CallCenter,COD,12,10,1,0,40-50,36.5,6.0,2.0,0.3333333333333333,100,0,7137.875,0.28,0.5,0.3333333333333333,0.0,3947.08,1,0,0.0,34862.66,2,0,0.0,34862.66,2,0,0.0,42827.25,6,2,0.3333333333333333,0
LGS2ORD0036181,C015317,2025-10-14 13:00:00,Female,56,Bronze,TV,Songkhla,490,Web,COD,13,10,1,0,>50,16.333333333333332,7.0,3.0,0.42857142857142855,-8,2,3798.9142857142856,0.28,1.0,0.14285714285714285,0.0,1671.39,1,1,1.0,11907.609999999999,2,2,1.0,17219.52,3,3,1.0,26592.399999999998,7,3,0.42857142857142855,0
LGS2ORD0036182,C013478,2025-10-14 13:00:00,Male,32,Bronze,Lazada,Bangkok,1094,CallCenter,Bank_Transfer,13,10,1,0,30-40,36.46666666666667,4.0,1.0,0.25,171,104,5135.2725,0.13,0.5,0.0,0.0,0.0,0,0,0.0,0.0,0,0,0.0,0.0,0,0,0.0,20541.09,4,1,0.25,0
LGS2ORD0036183,C011113,2025-10-14 13:00:00,Female,44,Bronze,TV,Nakhon Ratchasima,1620,Web,COD,13,10,1,0,40-50,54.0,4.0,1.0,0.25,159,128,3932.4225,0.23,0.5,0.25,0.0,0.0,0,0,0.0,0.0,0,0,0.0,0.0,0,0,0.0,15729.69,4,1,0.25,0
LGS2ORD0036184,C012505,2025-10-14 13:00:00,Female,62,Silver,TV,Nakhon Ratchasima,462,Lazada,COD,13,10,1,0,>50,15.4,3.0,0.0,0.0,-1,66,1881.9333333333332,0.2,0.3333333333333333,0.0,0.0,0.0,0,0,0.0,0.0,0,0,0.0,1926.32,1,0,0.0,5645.799999999999,3,0,0.0,0
LGS2ORD0036185,C012222,2025-10-14 13:00:00,Female,53,Bronze,Shopee,Chiang Mai,723,Lazada,COD,13,10,1,0,>50,24.1,5.0,0.0,0.0,-1,7,3926.59,0.28,0.4,0.2,0.0,0.0,0,0,0.0,3751.04,2,0,0.0,3751.04,2,0,0.0,19632.95,5,0,0.0,0
LGS2ORD0036186,C016237,2025-10-14 13:00:00,Female,40,Silver,CallCenter,Bangkok,1712,Lazada,Credit_Card,13,10,1,0,30-40,57.06666666666667,6.0,0.0,0.0,-1,2,3067.088333333333,0.3,0.16666666666666666,0.16666666666666666,0.0,1035.67,1,0,0.0,1035.67,1,0,0.0,5905.77,2,0,0.0,18402.53,6,0,0.0,0
LGS2ORD0036187,C016609,2025-10-14 14:00:00,Male,49,Platinum,Lazada,Bangkok,1268,CallCenter,Bank_Transfer,14,10,1,0,40-50,42.266666666666666,7.0,0.0,0.0,-1,76,5017.298571428572,0.35,0.14285714285714285,0.42857142857142855,0.0,0.0,0,0,0.0,0.0,0,0,0.0,7526.96,1,0,0.0,35121.090000000004,7,0,0.0,0
LGS2ORD0036188,C016305,2025-10-14 14:00:00,Other,43,Gold,Shopee,Bangkok,755,Lazada,PromptPay,14,10,1,0,40-50,25.166666666666668,5.0,1.0,0.2,116,2,8749.698,0.28,0.4,0.8,0.0,3541.35,1,0,0.0,3541.35,1,0,0.0,13172.51,2,0,0.0,43748.49,5,1,0.2,0
LGS2ORD0036189,C010033,2025-10-14 14:00:00,Female,50,Silver,Shopee,Khon Kaen,1487,Shopee,COD,14,10,1,0,40-50,49.56666666666667,5.0,1.0,0.2,53,66,4277.812,0.2,0.4,0.0,0.0,0.0,0,0,0.0,0.0,0,0,0.0,9246.75,2,1,0.5,21389.059999999998,5,1,0.2,0
LGS2ORD0036190,C011589,2025-10-14 14:00:00,Male,43,Silver,TV,Chiang Mai,1470,TV_Show,Bank_Transfer,14,10,1,0,40-50,49.0,5.0,1.0,0.2,207,61,3471.56,0.25,0.2,0.2,0.0,0.0,0,0,0.0,0.0,0,0,0.0,3547.3500000000004,2,0,0.0,17357.8,5,1,0.2,0
LGS2ORD0036191,C015194,2025-10-14 14:00:00,Female,34,Bronze,Web,Nakhon Ratchasima,345,Shopee,PromptPay,14,10,1,0,30-40,11.5,8.0,0.0,0.0,-1,22,7269.29625,0.18,0.5,0.0,0.0,0.0,0,0,0.0,1324.86,1,0,0.0,9978.11,2,0,0.0,58154.37,8,0,0.0,1
LGS2ORD0036192,C010039,2025-10-14 15:00:00,Female,45,Silver,CallCenter,Bangkok,347,Shopee,Credit_Card,15,10,1,0,40-50,11.566666666666666,1.0,0.0,0.0,-1,41,8263.86,0.1,0.0,0.0,0.0,0.0,0,0,0.0,0.0,0,0,0.0,8263.86,1,0,0.0,8263.86,1,0,0.0,0
LGS2ORD0036193,C014806,2025-10-14 15:00:00,Female,65,Gold,Shopee,Chiang Mai,713,Lazada,COD,15,10,1,0,>50,23.766666666666666,6.0,1.0,0.16666666666666666,201,157,4422.383333333332,0.33,0.5,0.5,0.0,0.0,0,0,0.0,0.0,0,0,0.0,0.0,0,0,0.0,26534.299999999996,6,1,0.16666666666666666,0
LGS2ORD0036194,C010819,2025-10-14 15:00:00,Female,30,Silver,Shopee,Bangkok,1279,CallCenter,Credit_Card,15,10,1,0,20-30,42.63333333333333,10.0,3.0,0.3,172,9,4018.4729999999995,0.25,0.5,0.3,0.0,0.0,0,0,0.0,5971.46,1,0,0.0,6878.73,2,0,0.0,40184.729999999996,10,3,0.3,0
LGS2ORD0036195,C016918,2025-10-14 15:00:00,Male,51,Gold,Lazada,Nakhon Ratchasima,1487,Shopee,PromptPay,15,10,1,0,>50,49.56666666666667,8.0,1.0,0.125,169,42,3776.6675,0.33,0.5,0.625,0.0,0.0,0,0,0.0,0.0,0,0,0.0,11866.61,3,0,0.0,30213.34,8,1,0.125,0
LGS2ORD0036196,C016291,2025-10-14 15:00:00,Female,42,Bronze,TV,Bangkok,643,TV_Show,COD,15,10,1,0,40-50,21.433333333333334,4.0,2.0,0.5,95,1,4831.835,0.28,1.0,0.5,0.0,7199.54,1,0,0.0,7199.54,1,0,0.0,7199.54,1,0,0.0,19327.34,4,2,0.5,0
LGS2ORD0036197,C015736,2025-10-14 16:00:00,Female,33,Bronze,TV,Bangkok,750,Web,Credit_Card,16,10,1,0,30-40,25.0,2.0,0.0,0.0,-1,43,6257.125,0.08,0.0,0.0,0.0,0.0,0,0,0.0,0.0,0,0,0.0,11305.06,1,0,0.0,12514.25,2,0,0.0,0
LGS2ORD0036198,C011250,2025-10-14 16:00:00,Female,43,Gold,Lazada,Bangkok,503,Shopee,COD,16,10,1,0,40-50,16.766666666666666,5.0,0.0,0.0,-1,27,9942.541999999998,0.33,0.4,0.4,0.0,0.0,0,0,0.0,993.99,1,0,0.0,2640.83,2,0,0.0,49712.70999999999,5,0,0.0,0
LGS2ORD0036199,C015253,2025-10-14 16:00:00,Female,29,Platinum,Web,Bangkok,345,Shopee,Credit_Card,16,10,1,0,20-30,11.5,1.0,0.0,0.0,-1,151,7985.3,0.1,0.0,0.0,0.0,0.0,0,0,0.0,0.0,0,0,0.0,0.0,0,0,0.0,7985.3,1,0,0.0,0
LGS2ORD0036200,C017652,2025-10-14 16:00:00,Female,29,Bronze,Shopee,Bangkok,1555,Web,COD,16,10,1,0,20-30,51.833333333333336,1.0,0.0,0.0,-1,157,7345.22,0.08,0.0,0.0,0.0,0.0,0,0,0.0,0.0,0,0,0.0,0.0,0,0,0.0,7345.22,1,0,0.0,0
LGS2ORD0036201,C017869,2025-10-14 16:00:00,Male,43,Silver,TV,Songkhla,369,Shopee,COD,16,10,1,0,40-50,12.3,7.0,1.0,0.14285714285714285,80,60,4087.7600000000007,0.3,0.42857142857142855,0.2857142857142857,0.0,0.0,0,0,0.0,0.0,0,0,0.0,355.74,1,0,0.0,28614.320000000003,7,1,0.14285714285714285,1
LGS2ORD0036202,C011793,2025-10-14 16:00:00,Female,53,Silver,TV,Bangkok,1717,CallCenter,Bank_Transfer,16,10,1,0,>50,57.233333333333334,7.0,1.0,0.14285714285714285,212,24,3003.6857142857143,0.2,0.5714285714285714,0.0,0.0,0.0,0,0,0.0,3835.48,1,0,0.0,4331.87,2,0,0.0,21025.8,7,1,0.14285714285714285,0
LGS2ORD0036203,C015214,2025-10-14 17:00:00,Male,52,Silver,Lazada,Khon Kaen,1651,CallCenter,Credit_Card,17,10,1,0,>50,55.03333333333333,2.0,1.0,0.5,261,231,1040.505,0.3,1.0,0.5,0.0,0.0,0,0,0.0,0.0,0,0,0.0,0.0,0,0,0.0,2081.01,2,1,0.5,0
LGS2ORD0036204,C011058,2025-10-14 17:00:00,Male,32,Bronze,Web,Phuket,681,Shopee,COD,17,10,1,0,30-40,22.7,5.0,3.0,0.6,14,20,9431.655999999999,0.23,0.6,0.6,0.0,0.0,0,0,0.0,4862.95,1,1,1.0,8556.09,2,2,1.0,47158.28,5,3,0.6,0
LGS2ORD0036205,C013125,2025-10-14 17:00:00,Male,37,Platinum,Shopee,Chonburi,921,Web,Bank_Transfer,17,10,1,0,30-40,30.7,3.0,1.0,0.3333333333333333,86,92,5771.926666666667,0.2,0.3333333333333333,0.0,0.0,0.0,0,0,0.0,0.0,0,0,0.0,0.0,0,0,0.0,17315.780000000002,3,1,0.3333333333333333,0
LGS2ORD0036206,C017873,2025-10-14 17:00:00,Male,65,Gold,Shopee,Bangkok,1107,CallCenter,COD,17,10,1,0,>50,36.9,5.0,0.0,0.0,-1,115,7087.348000000001,0.18,0.4,0.0,0.0,0.0,0,0,0.0,0.0,0,0,0.0,0.0,0,0,0.0,35436.740000000005,5,0,0.0,0
LGS2ORD0036207,C011791,2025-10-14 17:00:00,Male,55,Bronze,Lazada,Chiang Mai,580,Lazada,Credit_Card,17,10,1,0,>50,19.333333333333332,7.0,1.0,0.14285714285714285,22,32,5627.879999999999,0.18,0.5714285714285714,0.0,0.0,0.0,0,0,0.0,0.0,0,0,0.0,14903.960000000001,4,1,0.25,39395.159999999996,7,1,0.14285714285714285,1
LGS2ORD0036208,C015934,2025-10-14 18:00:00,Male,51,Gold,Shopee,Bangkok,1379,TV_Show,PromptPay,18,10,1,0,>50,45.96666666666667,6.0,0.0,0.0,-1,41,6865.81,0.33,0.16666666666666666,0.3333333333333333,0.0,0.0,0,0,0.0,0.0,0,0,0.0,5580.759999999999,2,0,0.0,41194.86,6,0,0.0,0
LGS2ORD0036209,C012368,2025-10-14 18:00:00,Male,45,Platinum,TV,Bangkok,1379,CallCenter,Credit_Card,18,10,1,0,40-50,45.96666666666667,2.0,0.0,0.0,-1,113,5426.3150000000005,0.15,1.0,0.0,0.0,0.0,0,0,0.0,0.0,0,0,0.0,0.0,0,0,0.0,10852.630000000001,2,0,0.0,1
LGS2ORD0036210,C016184,2025-10-14 18:00:00,Male,40,Bronze,TV,Remote_Area,1141,Web,Bank_Transfer,18,10,1,0,30-40,38.03333333333333,10.0,3.0,0.3,73,54,4870.492,0.23,0.6,0.3,0.0,0.0,0,0,0.0,0.0,0,0,0.0,1957.92,2,1,0.5,48704.92,10,3,0.3,0
LGS2ORD0036211,C010357,2025-10-14 18:00:00,Female,43,Bronze,Web,Bangkok,335,Shopee,COD,18,10,1,0,40-50,11.166666666666666,1.0,0.0,0.0,-1,107,7490.41,0.03,0.0,0.0,0.0,0.0,0,0,0.0,0.0,0,0,0.0,0.0,0,0,0.0,7490.41,1,0,0.0,1
LGS2ORD0036212,C011029,2025-10-14 18:00:00,Male,54,Platinum,Lazada,Bangkok,1060,TV_Show,COD,18,10,1,0,>50,35.333333333333336,2.0,1.0,0.5,181,87,1761.56,0.25,1.0,0.5,0.0,0.0,0,0,0.0,0.0,0,0,0.0,2420.77,1,0,0.0,3523.12,2,1,0.5,1
LGS2ORD0036213,C015242,2025-10-14 19:00:00,Female,38,Gold,Shopee,Phuket,316,Lazada,COD,19,10,1,0,30-40,10.533333333333333,1.0,0.0,0.0,-1,134,2224.27,0.13,0.0,0.0,0.0,0.0,0,0,0.0,0.0,0,0,0.0,0.0,0,0,0.0,2224.27,1,0,0.0,1
LGS2ORD0036214,C012475,2025-10-14 19:00:00,Female,32,Bronze,Lazada,Bangkok,1159,Lazada,Bank_Transfer,19,10,1,0,30-40,38.63333333333333,6.0,3.0,0.5,13,21,7380.436666666667,0.28,0.6666666666666666,0.5,0.0,0.0,0,0,0.0,8332.62,1,1,1.0,13465.32,3,2,0.6666666666666666,44282.62,6,3,0.5,0
LGS2ORD0036215,C012281,2025-10-14 19:00:00,Male,44,Platinum,Lazada,Songkhla,1598,Lazada,Credit_Card,19,10,1,0,40-50,53.266666666666666,5.0,1.0,0.2,6,3,3968.1639999999998,0.35,0.8,0.4,0.0,6130.62,1,0,0.0,16419.0,3,1,0.3333333333333333,16419.0,3,1,0.3333333333333333,19840.82,5,1,0.2,0
LGS2ORD0036216,C015312,2025-10-14 19:00:00,Male,35,Bronze,Web,Bangkok,1195,Web,Bank_Transfer,19,10,1,0,30-40,39.833333333333336,9.0,3.0,0.3333333333333333,-6,7,6067.447777777778,0.18,0.6666666666666666,0.0,0.0,6109.93,1,1,1.0,26173.18,2,1,0.5,30483.58,3,1,0.3333333333333333,54607.030000000006,9,3,0.3333333333333333,0
LGS2ORD0036217,C013507,2025-10-14 19:00:00,Female,71,Bronze,TV,Songkhla,723,TV_Show,Credit_Card,19,10,1,0,>50,24.1,7.0,1.0,0.14285714285714285,55,17,7258.475714285714,0.23,0.8571428571428571,0.14285714285714285,0.0,0.0,0,0,0.0,8523.94,1,0,0.0,29712.04,4,1,0.25,50809.33,7,1,0.14285714285714285,1
LGS2ORD0036218,C016385,2025-10-14 20:00:00,Male,53,Gold,Web,Phuket,333,Web,PromptPay,20,10,1,0,>50,11.1,6.0,1.0,0.16666666666666666,98,71,7583.366666666666,0.2299999999999999,0.5,0.3333333333333333,0.0,0.0,0,0,0.0,0.0,0,0,0.0,21621.02,1,0,0.0,45500.2,6,1,0.16666666666666666,0
LGS2ORD0036219,C011258,2025-10-14 20:00:00,Female,41,Silver,Web,Chonburi,1667,TV_Show,Credit_Card,20,10,1,0,40-50,55.56666666666667,4.0,1.0,0.25,50,18,4493.424999999999,0.3,0.0,0.5,0.0,0.0,0,0,0.0,829.71,1,0,0.0,5652.58,2,1,0.5,17973.699999999997,4,1,0.25,0
LGS2ORD0036220,C016785,2025-10-14 20:00:00,Female,62,Bronze,TV,Bangkok,1023,CallCenter,PromptPay,20,10,1,0,>50,34.1,5.0,0.0,0.0,-1,0,2628.102,0.28,0.6,0.8,0.0,1343.13,1,0,0.0,1343.13,1,0,0.0,1703.72,2,0,0.0,13140.509999999998,5,0,0.0,1
LGS2ORD0036221,C010231,2025-10-14 20:00:00,Female,57,Silver,TV,Songkhla,667,CallCenter,Credit_Card,20,10,1,0,>50,22.233333333333334,8.0,2.0,0.25,74,34,4339.1175,0.3,0.375,0.375,0.0,0.0,0,0,0.0,0.0,0,0,0.0,22178.52,2,1,0.5,34712.94,8,2,0.25,1
LGS2ORD0036222,C013604,2025-10-14 20:00:00,Female,40,Bronze,TV,Khon Kaen,430,CallCenter,COD,20,10,1,0,30-40,14.333333333333334,5.0,3.0,0.6,82,44,3836.922,0.23,0.6,0.4,0.0,0.0,0,0,0.0,0.0,0,0,0.0,7425.86,1,0,0.0,19184.61,5,3,0.6,1
LGS2ORD0036223,C012319,2025-10-14 20:00:00,Male,40,Bronze,TV,Remote_Area,474,CallCenter,Credit_Card,20,10,1,0,30-40,15.8,9.0,4.0,0.4444444444444444,188,59,1609.058888888889,0.28,0.6666666666666666,0.4444444444444444,0.0,0.0,0,0,0.0,0.0,0,0,0.0,6004.950000000001,3,0,0.0,14481.53,9,4,0.4444444444444444,0
LGS2ORD0036224,C015063,2025-10-14 21:00:00,Female,18,Silver,Web,Bangkok,753,Lazada,COD,21,10,1,0,<20,25.1,3.0,0.0,0.0,-1,5,1124.2566666666667,0.2,0.3333333333333333,0.0,0.0,1740.74,1,0,0.0,1740.74,1,0,0.0,1740.74,1,0,0.0,3372.77,3,0,0.0,0
LGS2ORD0036225,C017462,2025-10-14 21:00:00,Male,18,Bronze,Shopee,Khon Kaen,1525,Web,Credit_Card,21,10,1,0,<20,50.833333333333336,2.0,0.0,0.0,-1,20,3141.29,0.23,0.5,0.5,0.0,0.0,0,0,0.0,4037.82,1,0,0.0,4037.82,1,0,0.0,6282.58,2,0,0.0,0
LGS2ORD0036226,C016988,2025-10-14 21:00:00,Male,36,Bronze,TV,Phuket,1080,TV_Show,Credit_Card,21,10,1,0,30-40,36.0,6.0,3.0,0.5,40,49,4554.3116666666665,0.28,0.6666666666666666,0.5,0.0,0.0,0,0,0.0,0.0,0,0,0.0,4586.45,1,1,1.0,27325.87,6,3,0.5,0
LGS2ORD0036227,C014957,2025-10-14 21:00:00,Female,37,Bronze,CallCenter,Bangkok,877,Web,COD,21,10,1,0,30-40,29.233333333333334,4.0,1.0,0.25,146,156,5331.1425,0.28,0.25,0.25,0.0,0.0,0,0,0.0,0.0,0,0,0.0,0.0,0,0,0.0,21324.57,4,1,0.25,0
LGS2ORD0036228,C011039,2025-10-14 21:00:00,Female,47,Bronze,Lazada,Chonburi,1324,TV_Show,COD,21,10,1,0,40-50,44.13333333333333,8.0,5.0,0.625,120,112,6132.257500000001,0.28,0.625,0.5,0.0,0.0,0,0,0.0,0.0,0,0,0.0,0.0,0,0,0.0,49058.060000000005,8,5,0.625,1
LGS2ORD0036229,C017922,2025-10-14 22:00:00,Male,42,Bronze,CallCenter,Khon Kaen,1138,CallCenter,Credit_Card,22,10,1,0,40-50,37.93333333333333,11.0,3.0,0.2727272727272727,43,41,3250.7527272727266,0.23,0.5454545454545454,0.09090909090909091,0.0,0.0,0,0,0.0,0.0,0,0,0.0,6540.639999999999,2,1,0.5,35758.27999999999,11,3,0.2727272727272727,0
LGS2ORD0036230,C012274,2025-10-14 22:00:00,Male,38,Bronze,Shopee,Nakhon Ratchasima,375,TV_Show,COD,22,10,1,0,30-40,12.5,3.0,0.0,0.0,-1,7,6605.72,0.23,0.0,0.6666666666666666,0.0,0.0,0,0,0.0,9273.22,1,0,0.0,18422.42,2,0,0.0,19817.16,3,0,0.0,0
LGS2ORD0036231,C010954,2025-10-14 22:00:00,Male,39,Silver,Shopee,Songkhla,620,TV_Show,Bank_Transfer,22,10,1,0,30-40,20.666666666666668,3.0,2.0,0.6666666666666666,177,153,2039.1500000000003,0.25,1.0,0.3333333333333333,0.0,0.0,0,0,0.0,0.0,0,0,0.0,0.0,0,0,0.0,6117.450000000001,3,2,0.6666666666666666,0
LGS2ORD0036232,C010389,2025-10-14 22:00:00,Male,46,Bronze,Shopee,Phuket,385,Lazada,COD,22,10,1,0,40-50,12.833333333333334,5.0,1.0,0.2,91,63,4357.26,0.23,0.2,0.2,0.0,0.0,0,0,0.0,0.0,0,0,0.0,3890.57,2,0,0.0,21786.3,5,1,0.2,1
LGS2ORD0036233,C010530,2025-10-14 22:00:00,Female,50,Silver,TV,Chonburi,1482,Lazada,COD,22,10,1,0,40-50,49.4,2.0,0.0,0.0,-1,26,5412.745,0.2,0.5,0.0,0.0,0.0,0,0,0.0,1300.85,1,0,0.0,10825.49,2,0,0.0,10825.49,2,0,0.0,0
LGS2ORD0036234,C011830,2025-10-14 23:00:00,Male,36,Silver,TV,Chiang Mai,1741,CallCenter,Credit_Card,23,10,1,0,30-40,58.03333333333333,4.0,1.0,0.25,67,4,5863.3725,0.25,0.25,0.25,0.0,6053.56,1,0,0.0,6053.56,1,0,0.0,23453.49,4,1,0.25,23453.49,4,1,0.25,0
LGS2ORD0036235,C010649,2025-10-14 23:00:00,Female,46,Platinum,TV,Bangkok,923,Shopee,Credit_Card,23,10,1,0,40-50,30.766666666666666,3.0,1.0,0.3333333333333333,163,55,2576.4166666666665,0.3,0.6666666666666666,0.6666666666666666,0.0,0.0,0,0,0.0,0.0,0,0,0.0,5868.48,2,0,0.0,7729.25,3,1,0.3333333333333333,0
LGS2ORD0036236,C012716,2025-10-14 23:00:00,Male,54,Bronze,Lazada,Songkhla,957,Lazada,COD,23,10,1,0,>50,31.9,10.0,6.0,0.6,14,14,3639.589,0.28,0.7,0.3,0.0,0.0,0,0,0.0,2832.7799999999997,2,1,0.5,10149.55,4,3,0.75,36395.89,10,6,0.6,1
LGS2ORD0036237,C017198,2025-10-14 23:00:00,Male,51,Bronze,Shopee,Chonburi,1562,Shopee,COD,23,10,1,0,>50,52.06666666666667,8.0,0.0,0.0,-1,38,4306.342500000001,0.28,0.5,0.125,0.0,0.0,0,0,0.0,0.0,0,0,0.0,6819.18,4,0,0.0,34450.740000000005,8,0,0.0,0
LGS2ORD0036238,C012024,2025-10-14 23:00:00,Male,35,Silver,Web,Bangkok,1697,Shopee,Credit_Card,23,10,1,0,30-40,56.56666666666667,10.0,2.0,0.2,75,32,7209.963000000001,0.25,0.7,0.3,0.0,0.0,0,0,0.0,0.0,0,0,0.0,14352.99,2,0,0.0,72099.63,10,2,0.2,0
LGS2ORD0036239,C014068,2025-10-15 00:00:00,Female,33,Silver,TV,Bangkok,393,CallCenter,Credit_Card,0,10,2,0,30-40,13.1,8.0,1.0,0.125,244,47,10429.018750000001,0.25,0.5,0.125,0.0,0.0,0,0,0.0,0.0,0,0,0.0,11593.26,1,0,0.0,83432.15000000001,8,1,0.125,1
LGS2ORD0036240,C017159,2025-10-15 00:00:00,Male,33,Bronze,TV,Remote_Area,687,Lazada,Credit_Card,0,10,2,0,30-40,22.9,2.0,0.0,0.0,-1,202,2779.1549999999997,0.28,1.0,0.5,0.0,0.0,0,0,0.0,0.0,0,0,0.0,0.0,0,0,0.0,5558.3099999999995,2,0,0.0,0
LGS2ORD0036241,C014683,2025-10-15 00:00:00,Female,46,Platinum,Shopee,Chonburi,629,Web,COD,0,10,2,0,40-50,20.966666666666665,2.0,0.0,0.0,-1,69,3515.86,0.1,0.0,0.0,0.0,0.0,0,0,0.0,0.0,0,0,0.0,6524.87,1,0,0.0,7031.72,2,0,0.0,1
LGS2ORD0036242,C015882,2025-10-15 00:00:00,Female,37,Gold,Shopee,Bangkok,396,Web,COD,0,10,2,0,30-40,13.2,5.0,0.0,0.0,-1,33,6174.758,0.28,0.2,0.8,0.0,0.0,0,0,0.0,0.0,0,0,0.0,1514.01,1,0,0.0,30873.789999999997,5,0,0.0,0
LGS2ORD0036243,C017311,2025-10-15 00:00:00,Female,36,Silver,Web,Chiang Mai,1226,Lazada,COD,0,10,2,0,30-40,40.86666666666667,9.0,3.0,0.3333333333333333,141,62,3602.51,0.2,0.4444444444444444,0.0,0.0,0.0,0,0,0.0,0.0,0,0,0.0,16946.5,3,0,0.0,32422.59,9,3,0.3333333333333333,0
LGS2ORD0036244,C015443,2025-10-15 00:00:00,Female,18,Bronze,Web,Chonburi,747,Shopee,Credit_Card,0,10,2,0,<20,24.9,3.0,1.0,0.3333333333333333,166,58,14307.33,0.28,0.6666666666666666,0.3333333333333333,0.0,0.0,0,0,0.0,0.0,0,0,0.0,874.63,1,0,0.0,42921.99,3,1,0.3333333333333333,0
LGS2ORD0036245,C016732,2025-10-15 01:00:00,Male,63,Platinum,Web,Chiang Mai,1191,Lazada,COD,1,10,2,0,>50,39.7,7.0,3.0,0.42857142857142855,32,36,8547.044285714286,0.3,0.7142857142857143,0.14285714285714285,0.0,0.0,0,0,0.0,0.0,0,0,0.0,27894.260000000002,4,1,0.25,59829.310000000005,7,3,0.42857142857142855,0
LGS2ORD0036246,C010917,2025-10-15 01:00:00,Male,55,Silver,Shopee,Chonburi,1729,Web,COD,1,10,2,0,>50,57.63333333333333,4.0,0.0,0.0,-1,36,2415.7675,0.3,0.5,0.5,0.0,0.0,0,0,0.0,0.0,0,0,0.0,3947.85,1,0,0.0,9663.07,4,0,0.0,0
LGS2ORD0036247,C013469,2025-10-15 01:00:00,Female,35,Bronze,Shopee,Khon Kaen,1295,Web,Credit_Card,1,10,2,0,30-40,43.166666666666664,1.0,0.0,0.0,-1,115,4326.79,0.13,1.0,0.0,0.0,0.0,0,0,0.0,0.0,0,0,0.0,0.0,0,0,0.0,4326.79,1,0,0.0,0
LGS2ORD0036248,C016946,2025-10-15 01:00:00,Male,54,Silver,TV,Phuket,461,Lazada,Credit_Card,1,10,2,0,>50,15.366666666666667,8.0,4.0,0.5,24,34,3415.15625,0.3,0.625,0.25,0.0,0.0,0,0,0.0,0.0,0,0,0.0,4349.4,2,2,1.0,27321.25,8,4,0.5,0
LGS2ORD0036249,C017794,2025-10-15 01:00:00,Male,38,Silver,Web,Nakhon Ratchasima,1663,Lazada,COD,1,10,2,0,30-40,55.43333333333333,3.0,0.0,0.0,-1,6,2328.8733333333334,0.2,0.6666666666666666,0.0,0.0,3212.3,1,0,0.0,3212.3,1,0,0.0,5593.66,2,0,0.0,6986.620000000001,3,0,0.0,1
LGS2ORD0036250,C011863,2025-10-15 02:00:00,Male,41,Bronze,CallCenter,Bangkok,509,Web,COD,2,10,2,0,40-50,16.966666666666665,6.0,3.0,0.5,226,64,3181.156666666667,0.28,0.6666666666666666,0.3333333333333333,0.0,0.0,0,0,0.0,0.0,0,0,0.0,2633.33,1,0,0.0,19086.940000000002,6,3,0.5,0
LGS2ORD0036251,C010139,2025-10-15 02:00:00,Female,51,Silver,TV,Phuket,901,Shopee,Credit_Card,2,10,2,0,>50,30.033333333333335,6.0,5.0,0.8333333333333334,-9,4,4571.083333333333,0.25,0.8333333333333334,0.3333333333333333,0.0,10674.78,1,1,1.0,10674.78,1,1,1.0,11807.230000000001,2,1,0.5,27426.5,6,5,0.8333333333333334,1
LGS2ORD0036252,C017855,2025-10-15 02:00:00,Male,44,Platinum,Web,Chonburi,1650,TV_Show,COD,2,10,2,0,40-50,55.0,10.0,2.0,0.2,59,20,7411.490000000001,0.3,0.4,0.7,0.0,0.0,0,0,0.0,3598.9300000000003,2,0,0.0,61782.35,6,1,0.16666666666666666,74114.90000000001,10,2,0.2,1
LGS2ORD0036253,C012947,2025-10-15 02:00:00,Female,56,Bronze,TV,Chiang Mai,851,Shopee,COD,2,10,2,0,>50,28.366666666666667,4.0,0.0,0.0,-1,18,1666.9175,0.23,0.25,0.5,0.0,0.0,0,0,0.0,1944.06,1,0,0.0,4141.9,2,0,0.0,6667.67,4,0,0.0,1
LGS2ORD0036254,C013375,2025-10-15 02:00:00,Male,29,Platinum,TV,Bangkok,477,TV_Show,Credit_Card,2,10,2,0,20-30,15.9,6.0,0.0,0.0,-1,85,6001.255,0.25,0.16666666666666666,0.16666666666666666,0.0,0.0,0,0,0.0,0.0,0,0,0.0,1499.55,1,0,0.0,36007.53,6,0,0.0,0
LGS2ORD0036255,C015813,2025-10-15 03:00:00,Male,47,Gold,Web,Bangkok,1127,TV_Show,Bank_Transfer,3,10,2,0,40-50,37.56666666666667,4.0,1.0,0.25,129,35,2671.1575,0.33,0.5,0.5,0.0,0.0,0,0,0.0,0.0,0,0,0.0,8732.539999999999,2,0,0.0,10684.63,4,1,0.25,0
LGS2ORD0036256,C014827,2025-10-15 03:00:00,Other,48,Gold,Web,Chiang Mai,320,TV_Show,COD,3,10,2,0,40-50,10.666666666666666,6.0,3.0,0.5,-5,7,2128.695,0.28,0.5,0.16666666666666666,0.0,0.0,0,0,0.0,1337.08,1,1,1.0,2725.1099999999997,2,1,0.5,12772.170000000002,6,3,0.5,0
LGS2ORD0036257,C016574,2025-10-15 03:00:00,Female,33,Bronze,Web,Khon Kaen,325,Web,COD,3,10,2,0,30-40,10.833333333333334,6.0,0.0,0.0,-1,6,8654.951666666666,0.23,0.6666666666666666,0.16666666666666666,0.0,43396.22,1,0,0.0,43396.22,1,0,0.0,43396.22,1,0,0.0,51929.71,6,0,0.0,0
LGS2ORD0036258,C015580,2025-10-15 03:00:00,Female,60,Bronze,Lazada,Phuket,1607,Shopee,COD,3,10,2,0,>50,53.56666666666667,6.0,2.0,0.3333333333333333,90,1,8866.363333333335,0.28,0.8333333333333334,0.16666666666666666,0.0,2907.08,1,0,0.0,2907.08,1,0,0.0,9255.9,2,0,0.0,53198.18000000001,6,2,0.3333333333333333,0
LGS2ORD0036259,C010868,2025-10-15 03:00:00,Female,35,Gold,Lazada,Bangkok,640,TV_Show,Bank_Transfer,3,10,2,0,30-40,21.333333333333332,3.0,0.0,0.0,-1,4,2024.3000000000002,0.2299999999999999,0.3333333333333333,0.3333333333333333,0.0,855.01,1,0,0.0,855.01,1,0,0.0,855.01,1,0,0.0,6072.900000000001,3,0,0.0,0
LGS2ORD0036260,C013567,2025-10-15 04:00:00,Female,31,Bronze,Shopee,Bangkok,339,CallCenter,PromptPay,4,10,2,0,30-40,11.3,5.0,1.0,0.2,267,7,6210.076,0.23,0.6,0.2,0.0,0.0,0,0,0.0,1649.38,1,0,0.0,10231.45,3,0,0.0,31050.38,5,1,0.2,1
LGS2ORD0036261,C016626,2025-10-15 04:00:00,Male,44,Bronze,TV,Bangkok,1215,Web,COD,4,10,2,0,40-50,40.5,3.0,1.0,0.3333333333333333,14,28,9868.416666666666,0.18,0.6666666666666666,0.0,0.0,0.0,0,0,0.0,4194.57,1,1,1.0,7320.48,2,1,0.5,29605.25,3,1,0.3333333333333333,0
LGS2ORD0036262,C014530,2025-10-15 04:00:00,Female,61,Bronze,TV,Remote_Area,1486,TV_Show,COD,4,10,2,0,>50,49.53333333333333,3.0,0.0,0.0,-1,10,5240.206666666666,0.18,0.6666666666666666,0.0,0.0,0.0,0,0,0.0,654.97,1,0,0.0,654.97,1,0,0.0,15720.619999999999,3,0,0.0,1
LGS2ORD0036263,C015389,2025-10-15 04:00:00,Male,25,Bronze,Web,Khon Kaen,1104,TV_Show,COD,4,10,2,0,20-30,36.8,2.0,0.0,0.0,-1,117,26536.519999999997,0.18,0.5,0.0,0.0,0.0,0,0,0.0,0.0,0,0,0.0,0.0,0,0,0.0,53073.03999999999,2,0,0.0,1
LGS2ORD0036264,C011969,2025-10-15 04:00:00,Female,32,Bronze,TV,Bangkok,1693,Lazada,COD,4,10,2,0,30-40,56.43333333333333,10.0,2.0,0.2,179,12,3535.504,0.23,0.3,0.4,0.0,0.0,0,0,0.0,8810.38,1,0,0.0,10276.73,3,0,0.0,35355.04,10,2,0.2,0
LGS2ORD0036265,C017246,2025-10-15 04:00:00,Female,29,Bronze,TV,Bangkok,665,TV_Show,COD,4,10,2,0,20-30,22.166666666666668,6.0,3.0,0.5,43,29,2622.941666666667,0.23,1.0,0.5,0.0,0.0,0,0,0.0,1129.86,1,0,0.0,9989.5,3,2,0.6666666666666666,15737.650000000001,6,3,0.5,0
LGS2ORD0036266,C017836,2025-10-15 05:00:00,Male,43,Gold,Lazada,Chiang Mai,905,Web,COD,5,10,2,0,40-50,30.166666666666668,5.0,1.0,0.2,184,80,4815.078,0.2299999999999999,0.8,0.2,0.0,0.0,0,0,0.0,0.0,0,0,0.0,1958.63,1,0,0.0,24075.390000000003,5,1,0.2,0
LGS2ORD0036267,C014749,2025-10-15 05:00:00,Female,55,Silver,Shopee,Bangkok,327,Web,COD,5,10,2,0,>50,10.9,2.0,0.0,0.0,-1,172,3278.805,0.05,0.5,0.0,0.0,0.0,0,0,0.0,0.0,0,0,0.0,0.0,0,0,0.0,6557.61,2,0,0.0,0
LGS2ORD0036268,C015476,2025-10-15 05:00:00,Male,50,Silver,TV,Khon Kaen,1207,CallCenter,PromptPay,5,10,2,0,40-50,40.233333333333334,3.0,1.0,0.3333333333333333,151,157,5407.5,0.3,0.6666666666666666,0.6666666666666666,0.0,0.0,0,0,0.0,0.0,0,0,0.0,0.0,0,0,0.0,16222.5,3,1,0.3333333333333333,0
LGS2ORD0036269,C014793,2025-10-15 05:00:00,Male,46,Bronze,Lazada,Nakhon Ratchasima,674,Lazada,Credit_Card,5,10,2,0,40-50,22.466666666666665,4.0,2.0,0.5,51,65,2240.2375,0.23,0.25,0.5,0.0,0.0,0,0,0.0,0.0,0,0,0.0,4702.88,2,1,0.5,8960.95,4,2,0.5,0
LGS2ORD0036270,C010303,2025-10-15 05:00:00,Female,64,Bronze,TV,Chonburi,343,TV_Show,Bank_Transfer,5,10,2,0,>50,11.433333333333334,2.0,1.0,0.5,136,151,2992.0200000000004,0.28,0.5,0.5,0.0,0.0,0,0,0.0,0.0,0,0,0.0,0.0,0,0,0.0,5984.040000000001,2,1,0.5,0
LGS2ORD0036271,C014028,2025-10-15 06:00:00,Female,25,Platinum,CallCenter,Nakhon Ratchasima,1634,TV_Show,Bank_Transfer,6,10,2,0,20-30,54.46666666666667,4.0,0.0,0.0,-1,75,984.7600000000001,0.25,0.5,0.5,0.0,0.0,0,0,0.0,0.0,0,0,0.0,1532.47,2,0,0.0,3939.0400000000004,4,0,0.0,0
LGS2ORD0036272,C014903,2025-10-15 06:00:00,Female,18,Bronze,TV,Phuket,798,CallCenter,PromptPay,6,10,2,0,<20,26.6,6.0,2.0,0.3333333333333333,9,16,3505.528333333333,0.23,0.5,0.16666666666666666,0.0,0.0,0,0,0.0,2704.32,1,1,1.0,6202.09,2,1,0.5,21033.17,6,2,0.3333333333333333,0
LGS2ORD0036273,C010699,2025-10-15 06:00:00,Female,34,Platinum,Shopee,Bangkok,799,Lazada,Credit_Card,6,10,2,0,30-40,26.633333333333333,6.0,1.0,0.16666666666666666,235,14,6934.713333333334,0.35,0.5,0.5,0.0,0.0,0,0,0.0,2135.65,1,0,0.0,8804.44,2,0,0.0,41608.280000000006,6,1,0.16666666666666666,0
LGS2ORD0036274,C015738,2025-10-15 06:00:00,Male,30,Platinum,Shopee,Khon Kaen,1629,Shopee,COD,6,10,2,0,20-30,54.3,8.0,3.0,0.375,36,10,3939.855,0.35,0.5,0.75,0.0,0.0,0,0,0.0,15570.72,2,0,0.0,24742.639999999996,5,1,0.2,31518.84,8,3,0.375,0
LGS2ORD0036275,C014105,2025-10-15 06:00:00,Female,52,Silver,TV,Bangkok,1118,Shopee,Credit_Card,6,10,2,0,>50,37.266666666666666,6.0,2.0,0.3333333333333333,30,42,5569.6433333333325,0.3,0.5,0.5,0.0,0.0,0,0,0.0,0.0,0,0,0.0,3651.93,1,1,1.0,33417.85999999999,6,2,0.3333333333333333,0
LGS2ORD0036276,C011220,2025-10-15 07:00:00,Male,71,Bronze,CallCenter,Bangkok,908,Shopee,COD,7,10,2,0,>50,30.266666666666666,8.0,2.0,0.25,22,9,3640.8362500000003,0.28,0.5,0.375,0.0,0.0,0,0,0.0,14684.35,3,1,0.3333333333333333,18117.68,5,1,0.2,29126.690000000002,8,2,0.25,0
LGS2ORD0036277,C017640,2025-10-15 07:00:00,Female,54,Platinum,Lazada,Chonburi,1180,Shopee,COD,7,10,2,0,>50,39.333333333333336,2.0,1.0,0.5,-10,6,5027.51,0.25,0.5,0.5,0.0,1688.02,1,1,1.0,1688.02,1,1,1.0,1688.02,1,1,1.0,10055.02,2,1,0.5,0
LGS2ORD0036278,C016558,2025-10-15 07:00:00,Female,21,Bronze,Web,Bangkok,938,Shopee,Bank_Transfer,7,10,2,0,20-30,31.266666666666666,3.0,0.0,0.0,-1,53,3439.2333333333336,0.28,0.3333333333333333,0.3333333333333333,0.0,0.0,0,0,0.0,0.0,0,0,0.0,8904.77,2,0,0.0,10317.7,3,0,0.0,0
LGS2ORD0036279,C012652,2025-10-15 07:00:00,Female,35,Bronze,TV,Khon Kaen,652,Lazada,COD,7,10,2,0,30-40,21.733333333333334,6.0,0.0,0.0,-1,45,5188.79,0.28,0.6666666666666666,0.16666666666666666,0.0,0.0,0,0,0.0,0.0,0,0,0.0,3865.98,1,0,0.0,31132.739999999998,6,0,0.0,1
LGS2ORD0036280,C010653,2025-10-15 07:00:00,Male,45,Gold,Web,Bangkok,641,Web,Credit_Card,7,10,2,0,40-50,21.366666666666667,4.0,0.0,0.0,-1,9,3050.5875,0.33,0.5,0.75,0.0,0.0,0,0,0.0,1660.08,1,0,0.0,9734.58,3,0,0.0,12202.35,4,0,0.0,0
LGS2ORD0036281,C013517,2025-10-15 08:00:00,Female,36,Silver,TV,Bangkok,642,TV_Show,COD,8,10,2,0,30-40,21.4,4.0,0.0,0.0,-1,57,4907.535,0.2,0.5,0.0,0.0,0.0,0,0,0.0,0.0,0,0,0.0,8868.91,1,0,0.0,19630.14,4,0,0.0,0
LGS2ORD0036282,C010576,2025-10-15 08:00:00,Female,25,Bronze,TV,Remote_Area,626,CallCenter,COD,8,10,2,0,20-30,20.866666666666667,9.0,3.0,0.3333333333333333,55,6,3651.1477777777773,0.28,0.5555555555555556,0.2222222222222222,0.0,831.49,1,0,0.0,831.49,1,0,0.0,4308.54,3,1,0.3333333333333333,32860.329999999994,9,3,0.3333333333333333,1
LGS2ORD0036283,C012861,2025-10-15 08:00:00,Female,26,Silver,TV,Songkhla,568,Shopee,COD,8,10,2,0,20-30,18.933333333333334,2.0,2.0,1.0,58,67,7185.5599999999995,0.2,0.5,0.0,0.0,0.0,0,0,0.0,0.0,0,0,0.0,7473.94,1,1,1.0,14371.119999999999,2,2,1.0,0
LGS2ORD0036284,C011158,2025-10-15 08:00:00,Female,38,Silver,Lazada,Bangkok,577,Web,COD,8,10,2,0,30-40,19.233333333333334,7.0,2.0,0.2857142857142857,47,17,7702.9914285714285,0.3,0.2857142857142857,0.14285714285714285,0.0,0.0,0,0,0.0,5289.54,1,0,0.0,46811.659999999996,4,1,0.25,53920.94,7,2,0.2857142857142857,0
LGS2ORD0036285,C017224,2025-10-15 08:00:00,Female,43,Gold,Shopee,Chiang Mai,954,CallCenter,Credit_Card,8,10,2,0,40-50,31.8,4.0,0.0,0.0,-1,36,7822.325,0.18,0.75,0.0,0.0,0.0,0,0,0.0,0.0,0,0,0.0,25377.41,1,0,0.0,31289.3,4,0,0.0,0
LGS2ORD0036286,C017838,2025-10-15 08:00:00,Female,52,Bronze,Shopee,Chiang Mai,367,Shopee,COD,8,10,2,0,>50,12.233333333333333,2.0,0.0,0.0,-1,41,5602.785,0.28,0.5,0.5,0.0,0.0,0,0,0.0,0.0,0,0,0.0,1752.82,1,0,0.0,11205.57,2,0,0.0,0
LGS2ORD0036287,C012839,2025-10-15 09:00:00,Male,28,Platinum,Web,Khon Kaen,609,TV_Show,PromptPay,9,10,2,0,20-30,20.3,1.0,0.0,0.0,-1,205,3367.61,0.1,0.0,0.0,0.0,0.0,0,0,0.0,0.0,0,0,0.0,0.0,0,0,0.0,3367.61,1,0,0.0,0
LGS2ORD0036288,C011300,2025-10-15 09:00:00,Female,29,Bronze,TV,Nakhon Ratchasima,1120,Web,PromptPay,9,10,2,0,20-30,37.333333333333336,5.0,0.0,0.0,-1,113,1793.9260000000002,0.28,0.4,0.2,0.0,0.0,0,0,0.0,0.0,0,0,0.0,0.0,0,0,0.0,8969.630000000001,5,0,0.0,0
LGS2ORD0036289,C015160,2025-10-15 09:00:00,Female,39,Gold,Web,Bangkok,1023,Shopee,COD,9,10,2,0,30-40,34.1,4.0,1.0,0.25,55,64,6947.447499999999,0.18,0.25,0.0,0.0,0.0,0,0,0.0,0.0,0,0,0.0,1467.32,1,1,1.0,27789.789999999997,4,1,0.25,0
LGS2ORD0036290,C010645,2025-10-15 09:00:00,Male,45,Bronze,TV,Chonburi,1581,TV_Show,COD,9,10,2,0,40-50,52.7,11.0,5.0,0.45454545454545453,-10,2,7676.353636363635,0.28,0.36363636363636365,0.18181818181818182,0.0,17741.35,1,1,1.0,17741.35,1,1,1.0,46485.240000000005,4,2,0.5,84439.88999999998,11,5,0.45454545454545453,1
LGS2ORD0036291,C014299,2025-10-15 09:00:00,Female,51,Silver,Shopee,Chiang Mai,1529,Web,Bank_Transfer,9,10,2,0,>50,50.96666666666667,3.0,1.0,0.3333333333333333,160,35,3165.8633333333332,0.25,0.6666666666666666,0.6666666666666666,0.0,0.0,0,0,0.0,0.0,0,0,0.0,7536.19,1,0,0.0,9497.59,3,1,0.3333333333333333,0
LGS2ORD0036292,C010604,2025-10-15 10:00:00,Female,50,Silver,Shopee,Chonburi,722,Shopee,COD,10,10,2,0,40-50,24.066666666666666,9.0,2.0,0.2222222222222222,-4,1,9171.005555555555,0.3,0.5555555555555556,0.5555555555555556,0.1111111111111111,12753.51,1,1,1.0,12753.51,1,1,1.0,43025.76,5,2,0.4,82539.05,9,2,0.2222222222222222,0
LGS2ORD0036293,C017485,2025-10-15 10:00:00,Male,50,Bronze,TV,Nakhon Ratchasima,551,Web,Credit_Card,10,10,2,0,40-50,18.366666666666667,2.0,0.0,0.0,-1,40,2092.44,0.28,1.0,0.5,0.0,0.0,0,0,0.0,0.0,0,0,0.0,238.79,1,0,0.0,4184.88,2,0,0.0,0
LGS2ORD0036294,C014240,2025-10-15 10:00:00,Female,26,Gold,Shopee,Bangkok,524,TV_Show,COD,10,10,2,0,20-30,17.466666666666665,4.0,0.0,0.0,-1,90,5975.467500000001,0.2299999999999999,0.75,0.25,0.0,0.0,0,0,0.0,0.0,0,0,0.0,0.0,0,0,0.0,23901.870000000003,4,0,0.0,0
LGS2ORD0036295,C013047,2025-10-15 10:00:00,Female,18,Bronze,Shopee,Remote_Area,1620,Web,COD,10,10,2,0,<20,54.0,4.0,3.0,0.75,119,133,3966.6025,0.28,0.75,0.5,0.0,0.0,0,0,0.0,0.0,0,0,0.0,0.0,0,0,0.0,15866.41,4,3,0.75,1
LGS2ORD0036296,C011441,2025-10-15 10:00:00,Male,38,Bronze,TV,Khon Kaen,1342,TV_Show,Credit_Card,10,10,2,0,30-40,44.733333333333334,7.0,1.0,0.14285714285714285,23,28,10311.56142857143,0.28,0.7142857142857143,0.42857142857142855,0.0,0.0,0,0,0.0,5142.86,1,1,1.0,5142.86,1,1,1.0,72180.93000000001,7,1,0.14285714285714285,1
LGS2ORD0036297,C017373,2025-10-15 11:00:00,Male,39,Gold,Lazada,Phuket,851,Shopee,Credit_Card,11,10,2,0,30-40,28.366666666666667,7.0,2.0,0.2857142857142857,52,62,4668.347142857143,0.2299999999999999,0.14285714285714285,0.2857142857142857,0.0,0.0,0,0,0.0,0.0,0,0,0.0,1478.92,1,1,1.0,32678.43,7,2,0.2857142857142857,0
LGS2ORD0036298,C014383,2025-10-15 11:00:00,Male,32,Silver,CallCenter,Chiang Mai,468,TV_Show,PromptPay,11,10,2,0,30-40,15.6,8.0,3.0,0.375,75,16,5577.855,0.3,0.375,0.125,0.0,0.0,0,0,0.0,2083.87,1,0,0.0,12720.869999999999,3,1,0.3333333333333333,44622.84,8,3,0.375,0
LGS2ORD0036299,C012159,2025-10-15 11:00:00,Male,45,Bronze,Shopee,Bangkok,791,CallCenter,COD,11,10,2,0,40-50,26.366666666666667,4.0,2.0,0.5,1,6,4800.0475,0.18,0.75,0.0,0.0,2130.91,1,0,0.0,4996.049999999999,2,1,0.5,16162.64,3,1,0.3333333333333333,19200.19,4,2,0.5,0
LGS2ORD0036300,C011722,2025-10-15 11:00:00,Female,43,Silver,TV,Khon Kaen,1358,Lazada,PromptPay,11,10,2,0,40-50,45.266666666666666,5.0,1.0,0.2,229,73,3358.228,0.3,0.6,0.4,0.0,0.0,0,0,0.0,0.0,0,0,0.0,2681.15,1,0,0.0,16791.14,5,1,0.2,0
LGS2ORD0036301,C012463,2025-10-15 11:00:00,Female,44,Platinum,TV,Khon Kaen,441,Lazada,Credit_Card,11,10,2,0,40-50,14.7,9.0,0.0,0.0,-1,15,5598.971111111112,0.35,0.5555555555555556,0.1111111111111111,0.0,0.0,0,0,0.0,1903.33,1,0,0.0,11440.34,2,0,0.0,50390.740000000005,9,0,0.0,1
LGS2ORD0036302,C015955,2025-10-15 12:00:00,Female,52,Bronze,TV,Chonburi,869,Lazada,Bank_Transfer,12,10,2,0,>50,28.966666666666665,2.0,0.0,0.0,-1,138,4130.445,0.23,0.0,0.5,0.0,0.0,0,0,0.0,0.0,0,0,0.0,0.0,0,0,0.0,8260.89,2,0,0.0,0
LGS2ORD0036303,C011094,2025-10-15 12:00:00,Male,67,Bronze,CallCenter,Khon Kaen,863,Web,PromptPay,12,10,2,0,>50,28.766666666666666,4.0,0.0,0.0,-1,51,1668.0925,0.23,0.25,0.25,0.0,0.0,0,0,0.0,0.0,0,0,0.0,4482.93,2,0,0.0,6672.37,4,0,0.0,0
LGS2ORD0036304,C013835,2025-10-15 12:00:00,Male,44,Platinum,Web,Bangkok,700,Web,Bank_Transfer,12,10,2,0,40-50,23.333333333333332,4.0,1.0,0.25,221,36,5431.195,0.35,0.5,0.5,0.0,0.0,0,0,0.0,0.0,0,0,0.0,20103.64,3,0,0.0,21724.78,4,1,0.25,0
LGS2ORD0036305,C012481,2025-10-15 12:00:00,Female,49,Platinum,TV,Phuket,1337,TV_Show,Credit_Card,12,10,2,0,40-50,44.56666666666667,9.0,4.0,0.4444444444444444,23,1,5353.427777777779,0.35,0.6666666666666666,0.7777777777777778,0.0,849.69,1,0,0.0,4776.3,2,1,0.5,9287.42,3,1,0.3333333333333333,48180.850000000006,9,4,0.4444444444444444,1
LGS2ORD0036306,C010687,2025-10-15 12:00:00,Other,43,Silver,TV,Nakhon Ratchasima,1301,TV_Show,COD,12,10,2,0,40-50,43.36666666666667,6.0,1.0,0.16666666666666666,52,56,6313.9783333333335,0.25,0.8333333333333334,0.16666666666666666,0.0,0.0,0,0,0.0,0.0,0,0,0.0,7511.53,1,1,1.0,37883.87,6,1,0.16666666666666666,0
LGS2ORD0036307,C015442,2025-10-15 12:00:00,Female,64,Silver,CallCenter,Songkhla,1673,Lazada,COD,12,10,2,0,>50,55.766666666666666,4.0,3.0,0.75,26,40,7363.9349999999995,0.15,0.5,0.0,0.0,0.0,0,0,0.0,0.0,0,0,0.0,20158.379999999997,2,1,0.5,29455.739999999998,4,3,0.75,0
LGS2ORD0036308,C010249,2025-10-15 13:00:00,Female,49,Platinum,Web,Bangkok,376,Web,Credit_Card,13,10,2,0,40-50,12.533333333333333,2.0,0.0,0.0,-1,43,5785.75,0.15,0.0,0.0,0.0,0.0,0,0,0.0,0.0,0,0,0.0,11571.5,2,0,0.0,11571.5,2,0,0.0,1
LGS2ORD0036309,C012655,2025-10-15 13:00:00,Female,27,Gold,CallCenter,Nakhon Ratchasima,947,Shopee,COD,13,10,2,0,20-30,31.566666666666666,5.0,0.0,0.0,-1,27,11220.632000000001,0.33,0.4,0.4,0.0,0.0,0,0,0.0,26953.81,1,0,0.0,30834.260000000002,2,0,0.0,56103.16,5,0,0.0,0
LGS2ORD0036310,C012925,2025-10-15 13:00:00,Female,40,Bronze,Shopee,Khon Kaen,1339,Shopee,PromptPay,13,10,2,0,30-40,44.63333333333333,7.0,0.0,0.0,-1,17,8772.070000000002,0.28,0.42857142857142855,0.42857142857142855,0.0,0.0,0,0,0.0,13225.9,1,0,0.0,29386.48,3,0,0.0,61404.490000000005,7,0,0.0,0
LGS2ORD0036311,C012840,2025-10-15 13:00:00,Female,55,Bronze,Shopee,Songkhla,368,TV_Show,PromptPay,13,10,2,0,>50,12.266666666666667,4.0,0.0,0.0,-1,18,4170.4025,0.28,0.25,0.5,0.0,0.0,0,0,0.0,1777.79,1,0,0.0,10819.529999999999,2,0,0.0,16681.61,4,0,0.0,0
LGS2ORD0036312,C016388,2025-10-15 13:00:00,Male,41,Gold,Web,Bangkok,386,CallCenter,COD,13,10,2,0,40-50,12.866666666666667,0.0,0.0,0.0,-1,-1,0.0,0.0,0.0,0.0,0.0,0.0,0,0,0.0,0.0,0,0,0.0,0.0,0,0,0.0,0.0,0,0,0.0,0
LGS2ORD0036313,C015937,2025-10-15 14:00:00,Male,61,Gold,TV,Bangkok,409,CallCenter,Credit_Card,14,10,2,0,>50,13.633333333333333,2.0,0.0,0.0,-1,36,2231.74,0.33,0.5,0.5,0.0,0.0,0,0,0.0,0.0,0,0,0.0,2002.12,1,0,0.0,4463.48,2,0,0.0,0
LGS2ORD0036314,C017092,2025-10-15 14:00:00,Female,48,Gold,CallCenter,Nakhon Ratchasima,1316,CallCenter,Credit_Card,14,10,2,0,40-50,43.86666666666667,3.0,2.0,0.6666666666666666,15,19,4405.16,0.2299999999999999,0.3333333333333333,0.3333333333333333,0.0,0.0,0,0,0.0,12200.02,2,1,0.5,12200.02,2,1,0.5,13215.48,3,2,0.6666666666666666,0
LGS2ORD0036315,C013098,2025-10-15 14:00:00,Female,22,Gold,Shopee,Bangkok,764,Lazada,COD,14,10,2,0,20-30,25.466666666666665,11.0,1.0,0.09090909090909091,109,79,4291.926363636364,0.33,0.7272727272727273,0.36363636363636365,0.0,0.0,0,0,0.0,0.0,0,0,0.0,6577.23,1,0,0.0,47211.19,11,1,0.09090909090909091,0
LGS2ORD0036316,C016929,2025-10-15 14:00:00,Male,33,Bronze,Shopee,Remote_Area,1187,TV_Show,COD,14,10,2,0,30-40,39.56666666666667,4.0,3.0,0.75,205,47,6258.462499999999,0.18,0.5,0.0,0.0,0.0,0,0,0.0,0.0,0,0,0.0,3084.78,1,0,0.0,25033.849999999995,4,3,0.75,1
LGS2ORD0036317,C013483,2025-10-15 14:00:00,Other,33,Silver,Web,Bangkok,389,TV_Show,COD,14,10,2,0,30-40,12.966666666666667,6.0,1.0,0.16666666666666666,21,8,3341.8483333333334,0.25,0.3333333333333333,0.16666666666666666,0.0,0.0,0,0,0.0,817.01,1,0,0.0,2858.8500000000004,3,1,0.3333333333333333,20051.09,6,1,0.16666666666666666,0
LGS2ORD0036318,C011931,2025-10-15 15:00:00,Other,45,Silver,Web,Bangkok,1667,Web,Bank_Transfer,15,10,2,0,40-50,55.56666666666667,9.0,1.0,0.1111111111111111,206,35,8059.228888888889,0.3,0.3333333333333333,0.4444444444444444,0.0,0.0,0,0,0.0,0.0,0,0,0.0,17873.829999999998,3,0,0.0,72533.06,9,1,0.1111111111111111,1
LGS2ORD0036319,C015367,2025-10-15 15:00:00,Male,37,Platinum,Web,Chiang Mai,1330,TV_Show,Bank_Transfer,15,10,2,0,30-40,44.333333333333336,2.0,2.0,1.0,84,94,3955.7200000000003,0.25,0.0,1.0,0.0,0.0,0,0,0.0,0.0,0,0,0.0,0.0,0,0,0.0,7911.4400000000005,2,2,1.0,0
LGS2ORD0036320,C016757,2025-10-15 15:00:00,Male,60,Bronze,Web,Phuket,1424,TV_Show,COD,15,10,2,0,>50,47.46666666666667,5.0,2.0,0.4,167,23,3678.0520000000006,0.18,0.8,0.0,0.0,0.0,0,0,0.0,989.43,1,0,0.0,989.43,1,0,0.0,18390.260000000002,5,2,0.4,0
LGS2ORD0036321,C015179,2025-10-15 15:00:00,Male,41,Platinum,Lazada,Khon Kaen,1279,Web,Bank_Transfer,15,10,2,0,40-50,42.63333333333333,7.0,4.0,0.5714285714285714,27,30,4743.605714285714,0.35,0.2857142857142857,0.5714285714285714,0.0,0.0,0,0,0.0,0.0,0,0,0.0,20970.22,3,2,0.6666666666666666,33205.24,7,4,0.5714285714285714,0
LGS2ORD0036322,C017281,2025-10-15 15:00:00,Female,51,Silver,Web,Chonburi,1741,TV_Show,COD,15,10,2,0,>50,58.03333333333333,6.0,2.0,0.3333333333333333,49,41,4863.839999999999,0.3,0.16666666666666666,0.3333333333333333,0.0,0.0,0,0,0.0,0.0,0,0,0.0,23289.199999999997,4,2,0.5,29183.039999999997,6,2,0.3333333333333333,1
LGS2ORD0036323,C016528,2025-10-15 15:00:00,Male,47,Bronze,TV,Remote_Area,1252,Web,COD,15,10,2,0,40-50,41.733333333333334,5.0,3.0,0.6,125,88,1651.1079999999997,0.28,0.6,0.6,0.0,0.0,0,0,0.0,0.0,0,0,0.0,1879.12,1,0,0.0,8255.539999999999,5,3,0.6,1
LGS2ORD0036324,C010896,2025-10-15 16:00:00,Female,58,Bronze,TV,Remote_Area,1667,Shopee,COD,16,10,2,0,>50,55.56666666666667,3.0,2.0,0.6666666666666666,101,42,4892.636666666666,0.28,0.6666666666666666,0.3333333333333333,0.0,0.0,0,0,0.0,0.0,0,0,0.0,6802.81,1,0,0.0,14677.91,3,2,0.6666666666666666,0
LGS2ORD0036325,C015672,2025-10-15 16:00:00,Female,44,Bronze,CallCenter,Khon Kaen,1372,TV_Show,COD,16,10,2,0,40-50,45.733333333333334,6.0,1.0,0.16666666666666666,225,60,9062.308333333334,0.18,0.6666666666666666,0.0,0.0,0.0,0,0,0.0,0.0,0,0,0.0,6176.82,1,0,0.0,54373.850000000006,6,1,0.16666666666666666,1
LGS2ORD0036326,C011054,2025-10-15 16:00:00,Male,47,Silver,Web,Bangkok,952,Lazada,COD,16,10,2,0,40-50,31.733333333333334,0.0,0.0,0.0,-1,-1,0.0,0.0,0.0,0.0,0.0,0.0,0,0,0.0,0.0,0,0,0.0,0.0,0,0,0.0,0.0,0,0,0.0,0
LGS2ORD0036327,C010103,2025-10-15 16:00:00,Female,28,Gold,Shopee,Bangkok,712,Web,PromptPay,16,10,2,0,20-30,23.733333333333334,4.0,1.0,0.25,172,59,4285.8525,0.28,0.75,0.5,0.0,0.0,0,0,0.0,0.0,0,0,0.0,7235.28,1,0,0.0,17143.41,4,1,0.25,0
LGS2ORD0036328,C013744,2025-10-15 16:00:00,Male,45,Bronze,CallCenter,Songkhla,461,TV_Show,COD,16,10,2,0,40-50,15.366666666666667,5.0,3.0,0.6,74,82,1623.7579999999998,0.23,0.6,0.2,0.0,0.0,0,0,0.0,0.0,0,0,0.0,658.67,1,1,1.0,8118.789999999999,5,3,0.6,0
LGS2ORD0036329,C013577,2025-10-15 17:00:00,Male,51,Bronze,TV,Chiang Mai,851,Lazada,Bank_Transfer,17,10,2,0,>50,28.366666666666667,5.0,3.0,0.6,79,12,7999.0380000000005,0.13,0.6,0.0,0.0,0.0,0,0,0.0,1663.29,1,0,0.0,2888.14,2,1,0.5,39995.19,5,3,0.6,0
LGS2ORD0036330,C015707,2025-10-15 17:00:00,Male,35,Silver,Web,Phuket,837,TV_Show,PromptPay,17,10,2,0,30-40,27.9,6.0,1.0,0.16666666666666666,144,47,14069.631666666666,0.2,0.6666666666666666,0.0,0.0,0.0,0,0,0.0,0.0,0,0,0.0,19690.91,2,0,0.0,84417.79,6,1,0.16666666666666666,0
LGS2ORD0036331,C010178,2025-10-15 17:00:00,Male,46,Bronze,Lazada,Songkhla,655,TV_Show,Credit_Card,17,10,2,0,40-50,21.833333333333332,3.0,1.0,0.3333333333333333,119,130,3218.3366666666666,0.23,1.0,0.3333333333333333,0.0,0.0,0,0,0.0,0.0,0,0,0.0,0.0,0,0,0.0,9655.01,3,1,0.3333333333333333,0
LGS2ORD0036332,C011254,2025-10-15 17:00:00,Female,35,Bronze,TV,Khon Kaen,1594,TV_Show,COD,17,10,2,0,30-40,53.13333333333333,2.0,0.0,0.0,-1,154,5511.225,0.18,0.5,0.0,0.0,0.0,0,0,0.0,0.0,0,0,0.0,0.0,0,0,0.0,11022.45,2,0,0.0,1
LGS2ORD0036333,C010372,2025-10-15 17:00:00,Male,52,Platinum,TV,Khon Kaen,439,Shopee,COD,17,10,2,0,>50,14.633333333333333,2.0,1.0,0.5,130,142,1058.43,0.25,0.5,0.5,0.0,0.0,0,0,0.0,0.0,0,0,0.0,0.0,0,0,0.0,2116.86,2,1,0.5,0
LGS2ORD0036334,C017410,2025-10-15 18:00:00,Female,30,Gold,Lazada,Bangkok,351,Web,Credit_Card,18,10,2,0,20-30,11.7,5.0,2.0,0.4,93,92,3224.8959999999997,0.33,0.4,0.2,0.0,0.0,0,0,0.0,0.0,0,0,0.0,0.0,0,0,0.0,16124.48,5,2,0.4,0
LGS2ORD0036335,C011265,2025-10-15 18:00:00,Female,28,Gold,Shopee,Songkhla,1176,Shopee,Credit_Card,18,10,2,0,20-30,39.2,1.0,0.0,0.0,-1,91,1545.52,0.2299999999999999,0.0,1.0,0.0,0.0,0,0,0.0,0.0,0,0,0.0,0.0,0,0,0.0,1545.52,1,0,0.0,0
LGS2ORD0036336,C016554,2025-10-15 18:00:00,Female,39,Bronze,TV,Chiang Mai,1043,TV_Show,COD,18,10,2,0,30-40,34.766666666666666,8.0,1.0,0.125,229,16,11431.901249999999,0.28,0.75,0.25,0.0,0.0,0,0,0.0,7786.24,1,0,0.0,7786.24,1,0,0.0,91455.20999999999,8,1,0.125,1
LGS2ORD0036337,C011557,2025-10-15 18:00:00,Male,33,Bronze,CallCenter,Remote_Area,1113,TV_Show,COD,18,10,2,0,30-40,37.1,2.0,0.0,0.0,-1,68,2840.165,0.18,0.0,0.0,0.0,0.0,0,0,0.0,0.0,0,0,0.0,1486.73,1,0,0.0,5680.33,2,0,0.0,1
LGS2ORD0036338,C011477,2025-10-15 18:00:00,Other,47,Bronze,Lazada,Remote_Area,1679,Lazada,COD,18,10,2,0,40-50,55.96666666666667,7.0,4.0,0.5714285714285714,173,3,6565.715714285713,0.23,0.7142857142857143,0.14285714285714285,0.0,19989.02,1,0,0.0,19989.02,1,0,0.0,19989.02,1,0,0.0,45960.009999999995,7,4,0.5714285714285714,0
LGS2ORD0036339,C015094,2025-10-15 19:00:00,Female,46,Bronze,TV,Chiang Mai,878,CallCenter,COD,19,10,2,0,40-50,29.266666666666666,8.0,2.0,0.25,69,58,5307.3975,0.28,0.625,0.375,0.0,0.0,0,0,0.0,0.0,0,0,0.0,28510.15,4,1,0.25,42459.18,8,2,0.25,0
LGS2ORD0036340,C010532,2025-10-15 19:00:00,Female,56,Bronze,TV,Phuket,311,Shopee,Bank_Transfer,19,10,2,0,>50,10.366666666666667,3.0,1.0,0.3333333333333333,195,87,9974.786666666665,0.23,0.6666666666666666,0.3333333333333333,0.0,0.0,0,0,0.0,0.0,0,0,0.0,808.42,1,0,0.0,29924.359999999997,3,1,0.3333333333333333,0
LGS2ORD0036341,C012693,2025-10-15 19:00:00,Male,45,Platinum,Web,Chiang Mai,715,Lazada,Credit_Card,19,10,2,0,40-50,23.833333333333332,6.0,3.0,0.5,135,14,3867.8700000000003,0.35,0.5,0.6666666666666666,0.0,0.0,0,0,0.0,1545.34,1,0,0.0,4743.14,3,0,0.0,23207.22,6,3,0.5,0
LGS2ORD0036342,C010589,2025-10-15 19:00:00,Male,40,Bronze,Web,Songkhla,1348,Web,COD,19,10,2,0,30-40,44.93333333333333,6.0,2.0,0.3333333333333333,99,6,2694.155,0.23,0.8333333333333334,0.3333333333333333,0.0,887.34,1,0,0.0,4383.25,2,0,0.0,7723.21,3,0,0.0,16164.93,6,2,0.3333333333333333,1
LGS2ORD0036343,C012902,2025-10-15 19:00:00,Male,34,Bronze,Shopee,Chiang Mai,377,TV_Show,PromptPay,19,10,2,0,30-40,12.566666666666666,9.0,1.0,0.1111111111111111,84,6,4406.173333333333,0.28,0.5555555555555556,0.3333333333333333,0.0,7550.82,1,0,0.0,9151.85,2,0,0.0,22834.98,5,0,0.0,39655.56,9,1,0.1111111111111111,0
LGS2ORD0036344,C016384,2025-10-15 19:00:00,Female,30,Gold,TV,Bangkok,1076,Shopee,COD,19,10,2,0,20-30,35.86666666666667,5.0,0.0,0.0,-1,18,5743.706,0.33,0.4,0.6,0.0,0.0,0,0,0.0,12429.19,1,0,0.0,12429.19,1,0,0.0,28718.53,5,0,0.0,0
LGS2ORD0036345,C012011,2025-10-15 20:00:00,Male,49,Silver,Web,Bangkok,406,Shopee,Bank_Transfer,20,10,2,0,40-50,13.533333333333333,3.0,1.0,0.3333333333333333,263,237,3980.373333333333,0.25,0.0,0.3333333333333333,0.0,0.0,0,0,0.0,0.0,0,0,0.0,0.0,0,0,0.0,11941.119999999999,3,1,0.3333333333333333,0
LGS2ORD0036346,C011628,2025-10-15 20:00:00,Male,51,Bronze,Shopee,Bangkok,1542,TV_Show,Credit_Card,20,10,2,0,>50,51.4,4.0,1.0,0.25,188,75,1445.1425,0.28,0.5,0.25,0.0,0.0,0,0,0.0,0.0,0,0,0.0,2158.78,1,0,0.0,5780.57,4,1,0.25,0
LGS2ORD0036347,C017932,2025-10-15 20:00:00,Male,57,Platinum,Web,Songkhla,948,TV_Show,PromptPay,20,10,2,0,>50,31.6,4.0,2.0,0.5,96,24,5697.8,0.35,0.25,0.25,0.0,0.0,0,0,0.0,3691.16,1,0,0.0,19499.739999999998,2,0,0.0,22791.2,4,2,0.5,0
LGS2ORD0036348,C016126,2025-10-15 20:00:00,Female,47,Gold,TV,Chonburi,1575,Web,COD,20,10,2,0,40-50,52.5,6.0,1.0,0.16666666666666666,109,76,11252.428333333335,0.28,0.3333333333333333,0.5,0.0,0.0,0,0,0.0,0.0,0,0,0.0,17729.79,1,0,0.0,67514.57,6,1,0.16666666666666666,1
LGS2ORD0036349,C013813,2025-10-15 20:00:00,Female,41,Silver,TV,Nakhon Ratchasima,1644,Shopee,COD,20,10,2,0,40-50,54.8,2.0,0.0,0.0,-1,144,2284.205,0.2,0.5,0.0,0.0,0.0,0,0,0.0,0.0,0,0,0.0,0.0,0,0,0.0,4568.41,2,0,0.0,0
LGS2ORD0036350,C016635,2025-10-15 21:00:00,Male,28,Silver,TV,Chonburi,1228,Lazada,COD,21,10,2,0,20-30,40.93333333333333,3.0,0.0,0.0,-1,61,10195.416666666666,0.15,0.3333333333333333,0.0,0.0,0.0,0,0,0.0,0.0,0,0,0.0,14759.95,2,0,0.0,30586.25,3,0,0.0,1
LGS2ORD0036351,C011700,2025-10-15 21:00:00,Female,30,Bronze,Lazada,Bangkok,1531,CallCenter,PromptPay,21,10,2,0,20-30,51.03333333333333,3.0,1.0,0.3333333333333333,248,137,2861.5433333333335,0.08,0.3333333333333333,0.0,0.0,0.0,0,0,0.0,0.0,0,0,0.0,0.0,0,0,0.0,8584.630000000001,3,1,0.3333333333333333,0
LGS2ORD0036352,C013848,2025-10-15 21:00:00,Female,38,Silver,CallCenter,Bangkok,1069,Web,PromptPay,21,10,2,0,30-40,35.63333333333333,5.0,3.0,0.6,23,34,3286.56,0.3,0.4,0.2,0.0,0.0,0,0,0.0,0.0,0,0,0.0,3093.12,2,2,1.0,16432.8,5,3,0.6,0
LGS2ORD0036353,C011479,2025-10-15 21:00:00,Male,43,Bronze,Shopee,Songkhla,517,Shopee,COD,21,10,2,0,40-50,17.233333333333334,4.0,3.0,0.75,40,52,12220.955,0.23,0.5,0.25,0.0,0.0,0,0,0.0,0.0,0,0,0.0,2041.14,1,1,1.0,48883.82,4,3,0.75,1
LGS2ORD0036354,C010043,2025-10-15 21:00:00,Female,20,Platinum,Web,Chonburi,622,TV_Show,Credit_Card,21,10,2,0,<20,20.733333333333334,4.0,0.0,0.0,-1,90,4278.4175,0.35,0.25,0.5,0.0,0.0,0,0,0.0,0.0,0,0,0.0,0.0,0,0,0.0,17113.67,4,0,0.0,1
LGS2ORD0036355,C011088,2025-10-15 22:00:00,Male,39,Bronze,Web,Chiang Mai,590,Web,PromptPay,22,10,2,0,30-40,19.666666666666668,2.0,1.0,0.5,235,248,1308.53,0.23,1.0,1.0,0.0,0.0,0,0,0.0,0.0,0,0,0.0,0.0,0,0,0.0,2617.06,2,1,0.5,0
LGS2ORD0036356,C015471,2025-10-15 22:00:00,Male,27,Silver,Web,Chiang Mai,813,Web,COD,22,10,2,0,20-30,27.1,6.0,2.0,0.3333333333333333,61,64,1580.2383333333335,0.3,0.5,0.5,0.0,0.0,0,0,0.0,0.0,0,0,0.0,4088.52,3,1,0.3333333333333333,9481.43,6,2,0.3333333333333333,0
LGS2ORD0036357,C017856,2025-10-15 22:00:00,Female,48,Bronze,Web,Bangkok,509,Lazada,COD,22,10,2,0,40-50,16.966666666666665,5.0,2.0,0.4,211,51,3715.762,0.28,0.6,0.4,0.0,0.0,0,0,0.0,0.0,0,0,0.0,1063.23,1,0,0.0,18578.81,5,2,0.4,0
LGS2ORD0036358,C013919,2025-10-15 22:00:00,Female,33,Silver,Shopee,Khon Kaen,1410,Shopee,Credit_Card,22,10,2,0,30-40,47.0,4.0,1.0,0.25,96,84,1595.1475,0.25,0.5,0.25,0.0,0.0,0,0,0.0,0.0,0,0,0.0,425.12,1,0,0.0,6380.59,4,1,0.25,0
LGS2ORD0036359,C016871,2025-10-15 22:00:00,Male,61,Gold,CallCenter,Bangkok,1200,CallCenter,Credit_Card,22,10,2,0,>50,40.0,7.0,1.0,0.14285714285714285,18,32,2707.0514285714285,0.33,0.14285714285714285,0.42857142857142855,0.0,0.0,0,0,0.0,0.0,0,0,0.0,4741.61,2,1,0.5,18949.36,7,1,0.14285714285714285,0
LGS2ORD0036360,C015055,2025-10-15 23:00:00,Male,41,Gold,TV,Bangkok,856,Shopee,COD,23,10,2,0,40-50,28.533333333333335,7.0,4.0,0.5714285714285714,-3,3,2818.2642857142855,0.33,0.42857142857142855,0.5714285714285714,0.0,4005.29,1,1,1.0,5530.54,2,2,1.0,14311.75,4,3,0.75,19727.85,7,4,0.5714285714285714,0
LGS2ORD0036361,C011524,2025-10-15 23:00:00,Male,49,Bronze,Shopee,Bangkok,1445,CallCenter,PromptPay,23,10,2,0,40-50,48.166666666666664,4.0,0.0,0.0,-1,43,4737.57,0.13,0.75,0.0,0.0,0.0,0,0,0.0,0.0,0,0,0.0,11618.68,3,0,0.0,18950.28,4,0,0.0,0
LGS2ORD0036362,C011729,2025-10-15 23:00:00,Female,55,Gold,Web,Chonburi,1335,Web,Credit_Card,23,10,2,0,>50,44.5,3.0,0.0,0.0,-1,181,3372.2433333333333,0.2299999999999999,0.3333333333333333,0.3333333333333333,0.0,0.0,0,0,0.0,0.0,0,0,0.0,0.0,0,0,0.0,10116.73,3,0,0.0,0
LGS2ORD0036363,C014238,2025-10-15 23:00:00,Female,66,Silver,TV,Khon Kaen,1310,Lazada,Credit_Card,23,10,2,0,>50,43.666666666666664,9.0,3.0,0.3333333333333333,70,51,6441.027777777777,0.3,0.5555555555555556,0.3333333333333333,0.0,0.0,0,0,0.0,0.0,0,0,0.0,16750.670000000002,3,1,0.3333333333333333,57969.25,9,3,0.3333333333333333,0
LGS2ORD0036364,C013431,2025-10-15 23:00:00,Female,39,Bronze,Lazada,Remote_Area,1500,Web,Credit_Card,23,10,2,0,30-40,50.0,5.0,4.0,0.8,162,56,2191.944,0.18,0.4,0.0,0.0,0.0,0,0,0.0,0.0,0,0,0.0,1562.22,1,0,0.0,10959.72,5,4,0.8,1
LGS2ORD0036365,C011082,2025-10-15 23:00:00,Female,55,Bronze,TV,Chonburi,535,Shopee,Credit_Card,23,10,2,0,>50,17.833333333333332,5.0,2.0,0.4,146,121,3057.616,0.28,0.6,0.4,0.0,0.0,0,0,0.0,0.0,0,0,0.0,0.0,0,0,0.0,15288.08,5,2,0.4,0
LGS2ORD0036366,C011785,2025-10-16 00:00:00,Male,23,Silver,Shopee,Songkhla,1702,CallCenter,PromptPay,0,10,3,0,20-30,56.733333333333334,6.0,3.0,0.5,94,56,4471.5,0.25,0.3333333333333333,0.16666666666666666,0.0,0.0,0,0,0.0,0.0,0,0,0.0,4374.52,1,0,0.0,26829.0,6,3,0.5,0
LGS2ORD0036367,C011564,2025-10-16 00:00:00,Male,45,Silver,Lazada,Chonburi,326,CallCenter,COD,0,10,3,0,40-50,10.866666666666667,7.0,1.0,0.14285714285714285,124,12,5125.997142857143,0.25,0.2857142857142857,0.14285714285714285,0.0,0.0,0,0,0.0,590.9,1,0,0.0,590.9,1,0,0.0,35881.98,7,1,0.14285714285714285,1
LGS2ORD0036368,C017151,2025-10-16 00:00:00,Female,29,Bronze,TV,Songkhla,1621,CallCenter,COD,0,10,3,0,20-30,54.03333333333333,8.0,3.0,0.375,39,54,10014.95375,0.28,0.5,0.125,0.0,0.0,0,0,0.0,0.0,0,0,0.0,25625.409999999996,4,2,0.5,80119.63,8,3,0.375,0
LGS2ORD0036369,C013196,2025-10-16 00:00:00,Female,32,Silver,Lazada,Songkhla,870,TV_Show,COD,0,10,3,0,30-40,29.0,6.0,4.0,0.6666666666666666,6,14,3439.6583333333333,0.3,0.6666666666666666,0.3333333333333333,0.0,0.0,0,0,0.0,889.24,1,1,1.0,16251.019999999999,3,2,0.6666666666666666,20637.95,6,4,0.6666666666666666,0
LGS2ORD0036370,C015476,2025-10-16 00:00:00,Male,50,Silver,TV,Khon Kaen,1208,TV_Show,PromptPay,0,10,3,0,40-50,40.266666666666666,4.0,1.0,0.25,152,0,5268.3099999999995,0.3,0.5,0.5,0.0,4850.74,1,0,0.0,4850.74,1,0,0.0,4850.74,1,0,0.0,21073.239999999998,4,1,0.25,0
LGS2ORD0036371,C014053,2025-10-16 01:00:00,Male,47,Bronze,TV,Bangkok,851,TV_Show,COD,1,10,3,0,40-50,28.366666666666667,5.0,1.0,0.2,173,33,1888.3699999999997,0.18,0.8,0.0,0.0,0.0,0,0,0.0,0.0,0,0,0.0,3995.2799999999997,2,0,0.0,9441.849999999999,5,1,0.2,0
LGS2ORD0036372,C017744,2025-10-16 01:00:00,Female,46,Gold,Lazada,Bangkok,1508,Lazada,COD,1,10,3,0,40-50,50.266666666666666,5.0,2.0,0.4,118,120,2805.5539999999996,0.28,0.2,0.4,0.0,0.0,0,0,0.0,0.0,0,0,0.0,0.0,0,0,0.0,14027.769999999999,5,2,0.4,0
LGS2ORD0036373,C013799,2025-10-16 01:00:00,Female,63,Bronze,TV,Chiang Mai,612,Shopee,COD,1,10,3,0,>50,20.4,7.0,2.0,0.2857142857142857,78,91,8524.477142857142,0.23,0.7142857142857143,0.42857142857142855,0.0,0.0,0,0,0.0,0.0,0,0,0.0,0.0,0,0,0.0,59671.34,7,2,0.2857142857142857,0
LGS2ORD0036374,C014358,2025-10-16 01:00:00,Male,34,Gold,Web,Chiang Mai,1036,Shopee,Bank_Transfer,1,10,3,0,30-40,34.53333333333333,8.0,2.0,0.25,45,53,5413.09875,0.33,0.625,0.25,0.0,0.0,0,0,0.0,0.0,0,0,0.0,14204.359999999999,3,1,0.3333333333333333,43304.79,8,2,0.25,0
LGS2ORD0036375,C010288,2025-10-16 01:00:00,Female,35,Bronze,Shopee,Chiang Mai,1735,Shopee,Credit_Card,1,10,3,0,30-40,57.833333333333336,5.0,3.0,0.6,0,10,5010.598,0.28,0.4,0.6,0.0,0.0,0,0,0.0,8609.55,1,1,1.0,9810.449999999999,2,2,1.0,25052.99,5,3,0.6,0
LGS2ORD0036376,C013748,2025-10-16 02:00:00,Female,45,Silver,Web,Nakhon Ratchasima,1693,Web,Credit_Card,2,10,3,0,40-50,56.43333333333333,5.0,0.0,0.0,-1,19,13409.744,0.3,0.6,0.2,0.0,0.0,0,0,0.0,22002.4,1,0,0.0,22002.4,1,0,0.0,67048.72,5,0,0.0,0
LGS2ORD0036377,C016582,2025-10-16 02:00:00,Female,52,Gold,Web,Bangkok,675,Web,Credit_Card,2,10,3,0,>50,22.5,9.0,4.0,0.4444444444444444,2,14,4177.087777777778,0.33,0.6666666666666666,0.2222222222222222,0.0,0.0,0,0,0.0,489.39,1,1,1.0,7200.030000000001,2,1,0.5,37593.79,9,4,0.4444444444444444,0
LGS2ORD0036378,C013861,2025-10-16 02:00:00,Female,32,Platinum,Lazada,Chonburi,1326,Web,COD,2,10,3,0,30-40,44.2,4.0,2.0,0.5,149,17,6885.610000000001,0.3,0.5,0.25,0.0,0.0,0,0,0.0,7287.08,1,0,0.0,7287.08,1,0,0.0,27542.440000000002,4,2,0.5,0
LGS2ORD0036379,C012160,2025-10-16 02:00:00,Female,48,Bronze,Lazada,Songkhla,567,Web,Credit_Card,2,10,3,0,40-50,18.9,3.0,1.0,0.3333333333333333,-6,4,1065.2,0.18,0.3333333333333333,0.0,0.0,336.48,1,1,1.0,336.48,1,1,1.0,336.48,1,1,1.0,3195.6,3,1,0.3333333333333333,0
LGS2ORD0036380,C011957,2025-10-16 02:00:00,Male,53,Gold,Web,Songkhla,687,Lazada,PromptPay,2,10,3,0,>50,22.9,6.0,3.0,0.5,7,17,3223.44,0.33,0.5,0.3333333333333333,0.0,0.0,0,0,0.0,1081.68,1,1,1.0,1081.68,1,1,1.0,19340.64,6,3,0.5,1
LGS2ORD0036381,C014244,2025-10-16 03:00:00,Female,42,Gold,Shopee,Bangkok,655,Shopee,PromptPay,3,10,3,0,40-50,21.833333333333332,3.0,1.0,0.3333333333333333,163,45,3985.3333333333326,0.13,0.3333333333333333,0.0,0.0,0.0,0,0,0.0,0.0,0,0,0.0,1936.47,1,0,0.0,11955.999999999998,3,1,0.3333333333333333,0
LGS2ORD0036382,C015253,2025-10-16 03:00:00,Female,29,Platinum,Web,Bangkok,347,Lazada,PromptPay,3,10,3,0,20-30,11.566666666666666,2.0,0.0,0.0,-1,1,5664.030000000001,0.15,0.0,0.0,0.0,3342.76,1,0,0.0,3342.76,1,0,0.0,3342.76,1,0,0.0,11328.060000000001,2,0,0.0,0
LGS2ORD0036383,C014452,2025-10-16 03:00:00,Male,43,Bronze,Web,Nakhon Ratchasima,1020,Shopee,PromptPay,3,10,3,0,40-50,34.0,3.0,1.0,0.3333333333333333,200,30,4363.54,0.28,0.3333333333333333,0.3333333333333333,0.0,0.0,0,0,0.0,0.0,0,0,0.0,7938.43,1,0,0.0,13090.619999999999,3,1,0.3333333333333333,0
LGS2ORD0036384,C012338,2025-10-16 03:00:00,Male,21,Bronze,Web,Khon Kaen,1708,Lazada,PromptPay,3,10,3,0,20-30,56.93333333333333,5.0,4.0,0.8,26,34,3733.536,0.28,0.6,0.6,0.0,0.0,0,0,0.0,0.0,0,0,0.0,14934.5,3,2,0.6666666666666666,18667.68,5,4,0.8,0
LGS2ORD0036385,C017449,2025-10-16 03:00:00,Male,49,Bronze,TV,Bangkok,363,Lazada,COD,3,10,3,0,40-50,12.1,5.0,2.0,0.4,60,25,14329.198,0.23,0.4,0.2,0.0,0.0,0,0,0.0,6436.34,1,0,0.0,62742.42,4,2,0.5,71645.99,5,2,0.4,0
LGS2ORD0036386,C011270,2025-10-16 03:00:00,Female,27,Silver,TV,Chonburi,1566,Web,PromptPay,3,10,3,0,20-30,52.2,6.0,0.0,0.0,-1,53,6749.028333333335,0.25,0.16666666666666666,0.3333333333333333,0.0,0.0,0,0,0.0,0.0,0,0,0.0,3108.6400000000003,2,0,0.0,40494.170000000006,6,0,0.0,1
LGS2ORD0036387,C013845,2025-10-16 04:00:00,Male,36,Platinum,TV,Bangkok,898,CallCenter,Credit_Card,4,10,3,0,30-40,29.933333333333334,2.0,0.0,0.0,-1,63,1325.755,0.15,0.5,0.0,0.0,0.0,0,0,0.0,0.0,0,0,0.0,2651.51,2,0,0.0,2651.51,2,0,0.0,1
LGS2ORD0036388,C017455,2025-10-16 04:00:00,Male,47,Bronze,Web,Remote_Area,1130,TV_Show,COD,4,10,3,0,40-50,37.666666666666664,7.0,2.0,0.2857142857142857,52,37,8182.97,0.28,0.7142857142857143,0.2857142857142857,0.0,0.0,0,0,0.0,0.0,0,0,0.0,14762.45,3,1,0.3333333333333333,57280.79,7,2,0.2857142857142857,0
LGS2ORD0036389,C016223,2025-10-16 04:00:00,Female,30,Bronze,Web,Bangkok,1739,Lazada,Credit_Card,4,10,3,0,20-30,57.96666666666667,2.0,0.0,0.0,-1,26,2101.05,0.03,1.0,0.0,0.0,0.0,0,0,0.0,2739.87,1,0,0.0,4202.1,2,0,0.0,4202.1,2,0,0.0,0
LGS2ORD0036390,C011449,2025-10-16 04:00:00,Male,23,Gold,Lazada,Chiang Mai,1423,CallCenter,Credit_Card,4,10,3,0,20-30,47.43333333333333,6.0,1.0,0.16666666666666666,214,12,4130.168333333334,0.33,0.6666666666666666,0.8333333333333334,0.0,0.0,0,0,0.0,4550.030000000001,2,0,0.0,16179.490000000002,4,0,0.0,24781.010000000002,6,1,0.16666666666666666,0
LGS2ORD0036391,C013665,2025-10-16 04:00:00,Female,38,Gold,TV,Bangkok,1526,Lazada,Credit_Card,4,10,3,0,30-40,50.86666666666667,5.0,0.0,0.0,-1,64,3129.3900000000003,0.33,0.6,1.0,0.0,0.0,0,0,0.0,0.0,0,0,0.0,7747.95,1,0,0.0,15646.95,5,0,0.0,0
LGS2ORD0036392,C011255,2025-10-16 05:00:00,Male,36,Silver,TV,Nakhon Ratchasima,475,CallCenter,Credit_Card,5,10,3,0,30-40,15.833333333333334,6.0,1.0,0.16666666666666666,57,17,15005.821666666665,0.2,0.3333333333333333,0.0,0.0,0.0,0,0,0.0,26109.22,1,0,0.0,29620.690000000002,3,1,0.3333333333333333,90034.93,6,1,0.16666666666666666,0
LGS2ORD0036393,C017474,2025-10-16 05:00:00,Male,42,Gold,TV,Bangkok,1399,Lazada,Credit_Card,5,10,3,0,40-50,46.63333333333333,3.0,1.0,0.3333333333333333,168,86,1436.4799999999998,0.28,0.0,1.0,0.0,0.0,0,0,0.0,0.0,0,0,0.0,3262.24,1,0,0.0,4309.44,3,1,0.3333333333333333,0
LGS2ORD0036394,C015673,2025-10-16 05:00:00,Female,18,Platinum,Web,Bangkok,1582,Lazada,COD,5,10,3,0,<20,52.733333333333334,0.0,0.0,0.0,-1,-1,0.0,0.0,0.0,0.0,0.0,0.0,0,0,0.0,0.0,0,0,0.0,0.0,0,0,0.0,0.0,0,0,0.0,1
LGS2ORD0036395,C012947,2025-10-16 05:00:00,Female,56,Bronze,TV,Chiang Mai,852,Web,Credit_Card,5,10,3,0,>50,28.4,5.0,1.0,0.2,-2,1,1631.04,0.23,0.4,0.4,0.0,1487.53,1,1,1.0,3431.59,2,1,0.5,5629.429999999999,3,1,0.3333333333333333,8155.2,5,1,0.2,0
LGS2ORD0036396,C016225,2025-10-16 05:00:00,Male,39,Bronze,TV,Chonburi,609,Shopee,COD,5,10,3,0,30-40,20.3,6.0,1.0,0.16666666666666666,86,5,4900.868333333333,0.23,0.5,0.5,0.0,2701.89,1,0,0.0,13730.67,2,0,0.0,20352.27,3,0,0.0,29405.21,6,1,0.16666666666666666,1
LGS2ORD0036397,C012589,2025-10-16 06:00:00,Female,39,Bronze,TV,Chonburi,1199,Web,Credit_Card,6,10,3,0,30-40,39.96666666666667,6.0,0.0,0.0,-1,56,5954.188333333334,0.28,0.3333333333333333,0.3333333333333333,0.0,0.0,0,0,0.0,0.0,0,0,0.0,4954.18,1,0,0.0,35725.130000000005,6,0,0.0,0
LGS2ORD0036398,C012624,2025-10-16 06:00:00,Male,47,Silver,Shopee,Remote_Area,1082,Web,COD,6,10,3,0,40-50,36.06666666666667,8.0,2.0,0.25,140,11,5442.65625,0.25,0.5,0.125,0.0,0.0,0,0,0.0,19056.78,3,0,0.0,33739.32,5,0,0.0,43541.25,8,2,0.25,1
LGS2ORD0036399,C015828,2025-10-16 06:00:00,Male,42,Bronze,TV,Khon Kaen,1521,Web,COD,6,10,3,0,40-50,50.7,10.0,5.0,0.5,173,99,7089.954000000001,0.28,0.7,0.3,0.0,0.0,0,0,0.0,0.0,0,0,0.0,0.0,0,0,0.0,70899.54000000001,10,5,0.5,0
LGS2ORD0036400,C012302,2025-10-16 06:00:00,Female,42,Silver,Lazada,Bangkok,455,CallCenter,Credit_Card,6,10,3,0,40-50,15.166666666666666,0.0,0.0,0.0,-1,-1,0.0,0.0,0.0,0.0,0.0,0.0,0,0,0.0,0.0,0,0,0.0,0.0,0,0,0.0,0.0,0,0,0.0,0
LGS2ORD0036401,C011447,2025-10-16 06:00:00,Male,39,Gold,TV,Chonburi,402,CallCenter,COD,6,10,3,0,30-40,13.4,11.0,1.0,0.09090909090909091,174,15,5610.489090909091,0.33,0.7272727272727273,0.45454545454545453,0.0,0.0,0,0,0.0,5944.14,1,0,0.0,7452.18,2,0,0.0,61715.380000000005,11,1,0.09090909090909091,0
LGS2ORD0036402,C013694,2025-10-16 07:00:00,Female,42,Gold,Lazada,Khon Kaen,1235,Web,COD,7,10,3,0,40-50,41.166666666666664,4.0,1.0,0.25,247,41,12436.5925,0.33,0.25,0.5,0.0,0.0,0,0,0.0,0.0,0,0,0.0,1813.07,2,0,0.0,49746.37,4,1,0.25,0
LGS2ORD0036403,C011286,2025-10-16 07:00:00,Female,48,Bronze,CallCenter,Khon Kaen,519,Lazada,COD,7,10,3,0,40-50,17.3,8.0,1.0,0.125,44,4,4630.647499999999,0.23,0.375,0.375,0.0,8261.8,1,0,0.0,9180.89,2,0,0.0,14917.98,3,1,0.3333333333333333,37045.17999999999,8,1,0.125,0
LGS2ORD0036404,C013013,2025-10-16 07:00:00,Female,26,Silver,TV,Chiang Mai,1589,TV_Show,COD,7,10,3,0,20-30,52.96666666666667,3.0,1.0,0.3333333333333333,151,71,3452.213333333333,0.25,0.3333333333333333,0.3333333333333333,0.0,0.0,0,0,0.0,0.0,0,0,0.0,3307.32,1,0,0.0,10356.64,3,1,0.3333333333333333,0
LGS2ORD0036405,C015644,2025-10-16 07:00:00,Male,43,Silver,Web,Bangkok,629,CallCenter,COD,7,10,3,0,40-50,20.966666666666665,5.0,0.0,0.0,-1,9,2935.318,0.3,0.2,0.6,0.0,0.0,0,0,0.0,137.5,1,0,0.0,137.5,1,0,0.0,14676.59,5,0,0.0,1
LGS2ORD0036406,C010439,2025-10-16 07:00:00,Female,48,Bronze,TV,Bangkok,1271,Lazada,COD,7,10,3,0,40-50,42.36666666666667,13.0,3.0,0.23076923076923078,65,16,2424.5015384615385,0.23,0.6153846153846154,0.07692307692307693,0.0,0.0,0,0,0.0,5177.97,3,0,0.0,10890.63,5,1,0.2,31518.52,13,3,0.23076923076923078,0
LGS2ORD0036407,C011872,2025-10-16 07:00:00,Female,53,Silver,Lazada,Chonburi,926,CallCenter,Credit_Card,7,10,3,0,>50,30.866666666666667,1.0,0.0,0.0,-1,250,12601.86,0.05,0.0,0.0,0.0,0.0,0,0,0.0,0.0,0,0,0.0,0.0,0,0,0.0,12601.86,1,0,0.0,0
LGS2ORD0036408,C017296,2025-10-16 08:00:00,Female,41,Gold,Lazada,Bangkok,369,Web,COD,8,10,3,0,40-50,12.3,4.0,0.0,0.0,-1,37,2734.995,0.2299999999999999,0.5,0.25,0.0,0.0,0,0,0.0,0.0,0,0,0.0,4568.42,1,0,0.0,10939.98,4,0,0.0,0
LGS2ORD0036409,C013562,2025-10-16 08:00:00,Male,56,Bronze,Lazada,Remote_Area,1012,TV_Show,COD,8,10,3,0,>50,33.733333333333334,5.0,1.0,0.2,251,31,8173.0419999999995,0.23,0.6,0.2,0.0,0.0,0,0,0.0,0.0,0,0,0.0,2786.5,1,0,0.0,40865.21,5,1,0.2,0
LGS2ORD0036410,C017511,2025-10-16 08:00:00,Female,28,Gold,CallCenter,Bangkok,649,Web,COD,8,10,3,0,20-30,21.633333333333333,4.0,0.0,0.0,-1,174,9449.6525,0.33,0.75,0.75,0.0,0.0,0,0,0.0,0.0,0,0,0.0,0.0,0,0,0.0,37798.61,4,0,0.0,0
LGS2ORD0036411,C013458,2025-10-16 08:00:00,Female,18,Silver,Shopee,Songkhla,1345,TV_Show,COD,8,10,3,0,<20,44.833333333333336,7.0,2.0,0.2857142857142857,-2,4,3124.2485714285713,0.3,0.7142857142857143,0.14285714285714285,0.0,3694.12,1,1,1.0,3694.12,1,1,1.0,3694.12,1,1,1.0,21869.739999999998,7,2,0.2857142857142857,0
LGS2ORD0036412,C016800,2025-10-16 08:00:00,Female,34,Bronze,TV,Bangkok,901,TV_Show,COD,8,10,3,0,30-40,30.033333333333335,4.0,1.0,0.25,232,68,6685.74,0.23,0.25,0.5,0.0,0.0,0,0,0.0,0.0,0,0,0.0,19134.09,1,0,0.0,26742.96,4,1,0.25,1
LGS2ORD0036413,C010871,2025-10-16 09:00:00,Female,34,Bronze,Shopee,Bangkok,1199,Lazada,Bank_Transfer,9,10,3,0,30-40,39.96666666666667,2.0,0.0,0.0,-1,154,2462.52,0.08,0.5,0.0,0.0,0.0,0,0,0.0,0.0,0,0,0.0,0.0,0,0,0.0,4925.04,2,0,0.0,0
LGS2ORD0036414,C016302,2025-10-16 09:00:00,Male,59,Silver,CallCenter,Chonburi,814,CallCenter,PromptPay,9,10,3,0,>50,27.133333333333333,6.0,2.0,0.3333333333333333,137,73,8927.31,0.25,0.3333333333333333,0.3333333333333333,0.0,0.0,0,0,0.0,0.0,0,0,0.0,1652.2,1,0,0.0,53563.85999999999,6,2,0.3333333333333333,0
LGS2ORD0036415,C014309,2025-10-16 09:00:00,Male,65,Bronze,Web,Khon Kaen,1445,Shopee,COD,9,10,3,0,>50,48.166666666666664,3.0,2.0,0.6666666666666666,106,113,2750.2700000000004,0.28,0.0,0.3333333333333333,0.0,0.0,0,0,0.0,0.0,0,0,0.0,0.0,0,0,0.0,8250.810000000001,3,2,0.6666666666666666,1
LGS2ORD0036416,C014620,2025-10-16 09:00:00,Female,39,Silver,Shopee,Remote_Area,1289,Web,Bank_Transfer,9,10,3,0,30-40,42.96666666666667,3.0,1.0,0.3333333333333333,238,134,3902.1733333333336,0.3,0.3333333333333333,0.6666666666666666,0.0,0.0,0,0,0.0,0.0,0,0,0.0,0.0,0,0,0.0,11706.52,3,1,0.3333333333333333,0
LGS2ORD0036417,C012679,2025-10-16 09:00:00,Male,46,Silver,Lazada,Khon Kaen,1514,TV_Show,COD,9,10,3,0,40-50,50.46666666666667,9.0,2.0,0.2222222222222222,49,60,5363.013333333332,0.3,0.5555555555555556,0.3333333333333333,0.0,0.0,0,0,0.0,0.0,0,0,0.0,134.33,1,1,1.0,48267.119999999995,9,2,0.2222222222222222,0
LGS2ORD0036418,C015323,2025-10-16 10:00:00,Female,40,Bronze,TV,Songkhla,1160,CallCenter,Credit_Card,10,10,3,0,30-40,38.666666666666664,14.0,7.0,0.5,-1,7,3552.324285714286,0.28,0.6428571428571429,0.5,0.0,0.0,0,0,0.0,12099.580000000002,4,2,0.5,14131.630000000001,6,3,0.5,49732.54,14,7,0.5,0
LGS2ORD0036419,C012903,2025-10-16 10:00:00,Male,44,Silver,Shopee,Chonburi,713,Lazada,Bank_Transfer,10,10,3,0,40-50,23.766666666666666,7.0,1.0,0.14285714285714285,262,14,10581.85,0.25,0.5714285714285714,0.14285714285714285,0.0,0.0,0,0,0.0,8827.02,1,0,0.0,8827.02,1,0,0.0,74072.95,7,1,0.14285714285714285,0
LGS2ORD0036420,C015351,2025-10-16 10:00:00,Male,49,Silver,Lazada,Bangkok,1254,TV_Show,COD,10,10,3,0,40-50,41.8,5.0,1.0,0.2,161,54,5869.606000000001,0.2,0.8,0.0,0.0,0.0,0,0,0.0,0.0,0,0,0.0,16346.46,2,0,0.0,29348.030000000002,5,1,0.2,0
LGS2ORD0036421,C017835,2025-10-16 10:00:00,Male,44,Platinum,TV,Songkhla,1529,Lazada,Bank_Transfer,10,10,3,0,40-50,50.96666666666667,2.0,1.0,0.5,98,103,2890.37,0.25,0.5,0.5,0.0,0.0,0,0,0.0,0.0,0,0,0.0,0.0,0,0,0.0,5780.74,2,1,0.5,0
LGS2ORD0036422,C011927,2025-10-16 10:00:00,Female,31,Bronze,CallCenter,Remote_Area,728,Shopee,Credit_Card,10,10,3,0,30-40,24.266666666666666,7.0,1.0,0.14285714285714285,236,40,3029.1885714285713,0.28,0.7142857142857143,0.14285714285714285,0.0,0.0,0,0,0.0,0.0,0,0,0.0,6596.68,3,0,0.0,21204.32,7,1,0.14285714285714285,0
LGS2ORD0036423,C013719,2025-10-16 11:00:00,Male,54,Gold,CallCenter,Chiang Mai,796,CallCenter,COD,11,10,3,0,>50,26.533333333333335,5.0,0.0,0.0,-1,41,5197.204,0.18,0.4,0.0,0.0,0.0,0,0,0.0,0.0,0,0,0.0,15380.16,3,0,0.0,25986.02,5,0,0.0,0
LGS2ORD0036424,C017467,2025-10-16 11:00:00,Female,60,Bronze,TV,Phuket,670,Shopee,COD,11,10,3,0,>50,22.333333333333332,3.0,0.0,0.0,-1,56,5445.57,0.23,0.3333333333333333,0.6666666666666666,0.0,0.0,0,0,0.0,0.0,0,0,0.0,8202.58,1,0,0.0,16336.71,3,0,0.0,1
LGS2ORD0036425,C014017,2025-10-16 11:00:00,Male,31,Platinum,CallCenter,Bangkok,723,CallCenter,COD,11,10,3,0,30-40,24.1,3.0,2.0,0.6666666666666666,142,152,5714.143333333333,0.3,0.6666666666666666,0.6666666666666666,0.0,0.0,0,0,0.0,0.0,0,0,0.0,0.0,0,0,0.0,17142.43,3,2,0.6666666666666666,0
LGS2ORD0036426,C015052,2025-10-16 11:00:00,Female,48,Bronze,Lazada,Bangkok,660,CallCenter,COD,11,10,3,0,40-50,22.0,5.0,0.0,0.0,-1,35,6970.668,0.13,0.6,0.0,0.0,0.0,0,0,0.0,0.0,0,0,0.0,2160.43,1,0,0.0,34853.34,5,0,0.0,0
LGS2ORD0036427,C016661,2025-10-16 11:00:00,Female,39,Bronze,TV,Phuket,1303,Lazada,COD,11,10,3,0,30-40,43.43333333333333,7.0,1.0,0.14285714285714285,111,13,5331.660000000001,0.28,0.5714285714285714,0.2857142857142857,0.0,0.0,0,0,0.0,2766.57,1,0,0.0,9643.35,3,0,0.0,37321.62,7,1,0.14285714285714285,1
LGS2ORD0036428,C011631,2025-10-16 11:00:00,Female,60,Bronze,Lazada,Bangkok,1496,TV_Show,Bank_Transfer,11,10,3,0,>50,49.86666666666667,4.0,1.0,0.25,56,34,2157.6375,0.28,0.75,0.25,0.0,0.0,0,0,0.0,0.0,0,0,0.0,4806.110000000001,2,1,0.5,8630.55,4,1,0.25,0
LGS2ORD0036429,C012438,2025-10-16 12:00:00,Female,37,Silver,TV,Bangkok,541,Shopee,Credit_Card,12,10,3,0,30-40,18.033333333333335,3.0,0.0,0.0,-1,145,2172.36,0.2,0.3333333333333333,0.0,0.0,0.0,0,0,0.0,0.0,0,0,0.0,0.0,0,0,0.0,6517.08,3,0,0.0,0
LGS2ORD0036430,C016190,2025-10-16 12:00:00,Male,37,Platinum,Web,Chiang Mai,1419,Web,COD,12,10,3,0,30-40,47.3,3.0,0.0,0.0,-1,192,1619.3466666666666,0.25,1.0,0.3333333333333333,0.0,0.0,0,0,0.0,0.0,0,0,0.0,0.0,0,0,0.0,4858.04,3,0,0.0,0
LGS2ORD0036431,C012630,2025-10-16 12:00:00,Male,54,Platinum,Web,Chonburi,365,CallCenter,COD,12,10,3,0,>50,12.166666666666666,3.0,1.0,0.3333333333333333,206,121,3820.09,0.35,0.6666666666666666,1.0,0.0,0.0,0,0,0.0,0.0,0,0,0.0,0.0,0,0,0.0,11460.27,3,1,0.3333333333333333,1
LGS2ORD0036432,C017916,2025-10-16 12:00:00,Male,40,Gold,Shopee,Chonburi,1734,Shopee,COD,12,10,3,0,30-40,57.8,2.0,0.0,0.0,-1,49,8313.225,0.33,0.0,0.5,0.0,0.0,0,0,0.0,0.0,0,0,0.0,12469.79,1,0,0.0,16626.45,2,0,0.0,0
LGS2ORD0036433,C012074,2025-10-16 12:00:00,Male,18,Bronze,Lazada,Remote_Area,887,TV_Show,PromptPay,12,10,3,0,<20,29.566666666666666,4.0,1.0,0.25,250,31,6892.722500000001,0.28,0.25,0.5,0.0,0.0,0,0,0.0,0.0,0,0,0.0,15160.34,2,0,0.0,27570.890000000003,4,1,0.25,0
LGS2ORD0036434,C011382,2025-10-16 13:00:00,Male,30,Bronze,Lazada,Chonburi,1573,TV_Show,COD,13,10,3,0,20-30,52.43333333333333,6.0,0.0,0.0,-1,24,8709.72,0.23,0.5,0.16666666666666666,0.0,0.0,0,0,0.0,16726.89,1,0,0.0,45792.05,5,0,0.0,52258.32,6,0,0.0,0
LGS2ORD0036435,C013541,2025-10-16 13:00:00,Female,35,Gold,TV,Khon Kaen,659,Shopee,Bank_Transfer,13,10,3,0,30-40,21.966666666666665,2.0,0.0,0.0,-1,231,4090.38,0.18,0.0,0.0,0.0,0.0,0,0,0.0,0.0,0,0,0.0,0.0,0,0,0.0,8180.76,2,0,0.0,0
LGS2ORD0036436,C012396,2025-10-16 13:00:00,Female,56,Silver,Shopee,Remote_Area,839,TV_Show,Bank_Transfer,13,10,3,0,>50,27.966666666666665,9.0,6.0,0.6666666666666666,-2,7,12257.466666666665,0.25,0.7777777777777778,0.2222222222222222,0.0,0.0,0,0,0.0,33306.38,1,1,1.0,62512.78999999999,5,3,0.6,110317.19999999998,9,6,0.6666666666666666,0
LGS2ORD0036437,C017576,2025-10-16 13:00:00,Female,42,Silver,TV,Chonburi,886,Lazada,PromptPay,13,10,3,0,40-50,29.533333333333335,7.0,1.0,0.14285714285714285,108,31,4988.714285714285,0.25,0.5714285714285714,0.14285714285714285,0.0,0.0,0,0,0.0,0.0,0,0,0.0,9015.07,3,0,0.0,34921.0,7,1,0.14285714285714285,0
LGS2ORD0036438,C016547,2025-10-16 13:00:00,Male,31,Silver,Lazada,Bangkok,578,Lazada,COD,13,10,3,0,30-40,19.266666666666666,6.0,0.0,0.0,-1,40,3373.4533333333334,0.2,0.6666666666666666,0.0,0.0,0.0,0,0,0.0,0.0,0,0,0.0,6519.54,1,0,0.0,20240.72,6,0,0.0,0
LGS2ORD0036439,C016323,2025-10-16 14:00:00,Female,39,Silver,CallCenter,Remote_Area,1348,CallCenter,PromptPay,14,10,3,0,30-40,44.93333333333333,3.0,2.0,0.6666666666666666,41,11,4853.166666666667,0.3,0.3333333333333333,0.6666666666666666,0.0,0.0,0,0,0.0,7518.74,1,0,0.0,12982.68,2,1,0.5,14559.5,3,2,0.6666666666666666,0
LGS2ORD0036440,C017708,2025-10-16 14:00:00,Male,59,Bronze,Lazada,Nakhon Ratchasima,1665,CallCenter,COD,14,10,3,0,>50,55.5,5.0,1.0,0.2,143,28,3101.326,0.28,0.6,0.4,0.0,0.0,0,0,0.0,2175.3,1,0,0.0,2175.3,1,0,0.0,15506.630000000001,5,1,0.2,1
LGS2ORD0036441,C011802,2025-10-16 14:00:00,Male,29,Silver,CallCenter,Chiang Mai,367,Shopee,COD,14,10,3,0,20-30,12.233333333333333,5.0,2.0,0.4,128,86,1708.568,0.2,0.6,0.0,0.0,0.0,0,0,0.0,0.0,0,0,0.0,2236.45,1,0,0.0,8542.84,5,2,0.4,0
LGS2ORD0036442,C010054,2025-10-16 14:00:00,Female,24,Silver,Web,Chonburi,630,CallCenter,Bank_Transfer,14,10,3,0,20-30,21.0,8.0,1.0,0.125,155,35,3334.80625,0.25,0.625,0.25,0.0,0.0,0,0,0.0,0.0,0,0,0.0,2691.32,1,0,0.0,26678.45,8,1,0.125,0
LGS2ORD0036443,C014184,2025-10-16 14:00:00,Female,43,Bronze,TV,Chiang Mai,431,Shopee,COD,14,10,3,0,40-50,14.366666666666667,6.0,1.0,0.16666666666666666,18,21,7017.786666666666,0.13,0.6666666666666666,0.0,0.0,0.0,0,0,0.0,6408.71,1,1,1.0,28586.699999999997,4,1,0.25,42106.719999999994,6,1,0.16666666666666666,1
LGS2ORD0036444,C013685,2025-10-16 14:00:00,Male,42,Bronze,Shopee,Khon Kaen,1262,Lazada,COD,14,10,3,0,40-50,42.06666666666667,8.0,0.0,0.0,-1,105,7514.836249999999,0.28,0.625,0.125,0.0,0.0,0,0,0.0,0.0,0,0,0.0,0.0,0,0,0.0,60118.689999999995,8,0,0.0,1
LGS2ORD0036445,C017745,2025-10-16 15:00:00,Female,49,Silver,Lazada,Bangkok,696,Lazada,PromptPay,15,10,3,0,40-50,23.2,3.0,1.0,0.3333333333333333,179,49,5331.453333333334,0.15,0.3333333333333333,0.0,0.0,0.0,0,0,0.0,0.0,0,0,0.0,7987.44,1,0,0.0,15994.36,3,1,0.3333333333333333,0
LGS2ORD0036446,C016129,2025-10-16 15:00:00,Male,44,Gold,Lazada,Bangkok,853,Shopee,PromptPay,15,10,3,0,40-50,28.433333333333334,6.0,1.0,0.16666666666666666,183,87,3981.416666666666,0.33,0.5,0.8333333333333334,0.0,0.0,0,0,0.0,0.0,0,0,0.0,2587.12,1,0,0.0,23888.499999999996,6,1,0.16666666666666666,0
LGS2ORD0036447,C010357,2025-10-16 15:00:00,Female,43,Bronze,Web,Bangkok,337,TV_Show,Credit_Card,15,10,3,0,40-50,11.233333333333333,2.0,1.0,0.5,-1,1,4454.575,0.03,0.5,0.0,0.0,1418.74,1,1,1.0,1418.74,1,1,1.0,1418.74,1,1,1.0,8909.15,2,1,0.5,0
LGS2ORD0036448,C012360,2025-10-16 15:00:00,Female,48,Bronze,TV,Khon Kaen,706,TV_Show,COD,15,10,3,0,40-50,23.533333333333335,1.0,0.0,0.0,-1,235,2065.76,0.28,1.0,1.0,0.0,0.0,0,0,0.0,0.0,0,0,0.0,0.0,0,0,0.0,2065.76,1,0,0.0,0
LGS2ORD0036449,C010087,2025-10-16 15:00:00,Female,41,Bronze,Shopee,Chiang Mai,1229,CallCenter,COD,15,10,3,0,40-50,40.96666666666667,7.0,3.0,0.42857142857142855,71,62,3774.8571428571427,0.23,0.7142857142857143,0.42857142857142855,0.0,0.0,0,0,0.0,0.0,0,0,0.0,4851.07,2,1,0.5,26424.0,7,3,0.42857142857142855,0
LGS2ORD0036450,C016550,2025-10-16 16:00:00,Male,32,Bronze,Shopee,Bangkok,1633,Lazada,COD,16,10,3,0,30-40,54.43333333333333,7.0,3.0,0.42857142857142855,7,11,1336.6057142857142,0.28,0.8571428571428571,0.42857142857142855,0.0,0.0,0,0,0.0,1566.05,1,1,1.0,3630.8599999999997,3,3,1.0,9356.24,7,3,0.42857142857142855,0
LGS2ORD0036451,C014259,2025-10-16 16:00:00,Male,52,Silver,Shopee,Chiang Mai,1088,CallCenter,COD,16,10,3,0,>50,36.266666666666666,2.0,1.0,0.5,129,13,2441.685,0.2,1.0,0.0,0.0,0.0,0,0,0.0,2470.97,1,0,0.0,2470.97,1,0,0.0,4883.37,2,1,0.5,0
LGS2ORD0036452,C011759,2025-10-16 16:00:00,Male,38,Silver,Web,Chonburi,1041,Lazada,COD,16,10,3,0,30-40,34.7,4.0,0.0,0.0,-1,19,12754.12,0.3,0.0,0.25,0.0,0.0,0,0,0.0,8770.68,1,0,0.0,8770.68,1,0,0.0,51016.48,4,0,0.0,0
LGS2ORD0036453,C016017,2025-10-16 16:00:00,Female,41,Bronze,TV,Bangkok,322,CallCenter,PromptPay,16,10,3,0,40-50,10.733333333333333,7.0,3.0,0.42857142857142855,70,33,7240.418571428571,0.23,0.2857142857142857,0.14285714285714285,0.0,0.0,0,0,0.0,0.0,0,0,0.0,38451.59,2,1,0.5,50682.93,7,3,0.42857142857142855,0
LGS2ORD0036454,C013327,2025-10-16 16:00:00,Male,28,Bronze,Shopee,Nakhon Ratchasima,1362,TV_Show,Bank_Transfer,16,10,3,0,20-30,45.4,2.0,0.0,0.0,-1,38,1673.39,0.23,0.5,0.5,0.0,0.0,0,0,0.0,0.0,0,0,0.0,754.75,1,0,0.0,3346.78,2,0,0.0,0
LGS2ORD0036455,C010046,2025-10-16 17:00:00,Female,53,Silver,TV,Chonburi,766,Web,COD,17,10,3,0,>50,25.533333333333335,4.0,1.0,0.25,32,42,3207.1124999999997,0.3,0.25,0.25,0.0,0.0,0,0,0.0,0.0,0,0,0.0,5152.44,1,1,1.0,12828.449999999999,4,1,0.25,0
LGS2ORD0036456,C017071,2025-10-16 17:00:00,Female,47,Bronze,Lazada,Chonburi,313,TV_Show,COD,17,10,3,0,40-50,10.433333333333334,5.0,1.0,0.2,18,31,4565.746,0.18,0.6,0.0,0.0,0.0,0,0,0.0,0.0,0,0,0.0,20236.43,3,1,0.3333333333333333,22828.73,5,1,0.2,0
LGS2ORD0036457,C013015,2025-10-16 17:00:00,Female,56,Platinum,TV,Chonburi,1385,Lazada,Credit_Card,17,10,3,0,>50,46.166666666666664,5.0,0.0,0.0,-1,109,4351.344,0.3,0.6,0.2,0.0,0.0,0,0,0.0,0.0,0,0,0.0,0.0,0,0,0.0,21756.72,5,0,0.0,0
LGS2ORD0036458,C013032,2025-10-16 17:00:00,Male,44,Bronze,TV,Phuket,603,Web,COD,17,10,3,0,40-50,20.1,4.0,0.0,0.0,-1,4,6144.907499999999,0.23,0.5,0.25,0.0,4684.39,1,0,0.0,4684.39,1,0,0.0,4684.39,1,0,0.0,24579.629999999997,4,0,0.0,1
LGS2ORD0036459,C014244,2025-10-16 17:00:00,Female,42,Gold,Shopee,Bangkok,655,Lazada,COD,17,10,3,0,40-50,21.833333333333332,4.0,1.0,0.25,163,0,11750.79,0.2299999999999999,0.25,0.25,0.0,35047.16,1,0,0.0,35047.16,1,0,0.0,36983.630000000005,2,0,0.0,47003.16,4,1,0.25,0
LGS2ORD0036460,C011741,2025-10-16 18:00:00,Female,69,Bronze,TV,Songkhla,1355,TV_Show,COD,18,10,3,0,>50,45.166666666666664,6.0,3.0,0.5,94,68,5557.283333333333,0.28,0.6666666666666666,0.3333333333333333,0.0,0.0,0,0,0.0,0.0,0,0,0.0,7634.13,1,0,0.0,33343.7,6,3,0.5,1
LGS2ORD0036461,C014200,2025-10-16 18:00:00,Female,48,Bronze,TV,Remote_Area,1323,Shopee,COD,18,10,3,0,40-50,44.1,3.0,2.0,0.6666666666666666,249,240,7248.889999999999,0.28,1.0,1.0,0.0,0.0,0,0,0.0,0.0,0,0,0.0,0.0,0,0,0.0,21746.67,3,2,0.6666666666666666,1
LGS2ORD0036462,C012259,2025-10-16 18:00:00,Other,42,Bronze,Shopee,Bangkok,1260,Shopee,COD,18,10,3,0,40-50,42.0,6.0,1.0,0.16666666666666666,195,53,5910.866666666666,0.23,0.6666666666666666,0.16666666666666666,0.0,0.0,0,0,0.0,0.0,0,0,0.0,16313.99,2,0,0.0,35465.2,6,1,0.16666666666666666,0
LGS2ORD0036463,C014789,2025-10-16 18:00:00,Female,43,Silver,TV,Remote_Area,449,Shopee,COD,18,10,3,0,40-50,14.966666666666667,4.0,1.0,0.25,129,12,7480.3675,0.25,0.75,0.25,0.0,0.0,0,0,0.0,23833.89,2,0,0.0,23833.89,2,0,0.0,29921.47,4,1,0.25,0
LGS2ORD0036464,C011467,2025-10-16 18:00:00,Female,45,Bronze,Shopee,Chiang Mai,779,TV_Show,Credit_Card,18,10,3,0,40-50,25.966666666666665,5.0,1.0,0.2,211,42,8572.858,0.23,0.4,0.2,0.0,0.0,0,0,0.0,0.0,0,0,0.0,9276.57,1,0,0.0,42864.29,5,1,0.2,0
LGS2ORD0036465,C014891,2025-10-16 18:00:00,Male,43,Bronze,TV,Bangkok,1280,TV_Show,COD,18,10,3,0,40-50,42.666666666666664,5.0,1.0,0.2,174,10,2623.7300000000005,0.23,0.0,0.4,0.0,0.0,0,0,0.0,495.44,1,0,0.0,495.44,1,0,0.0,13118.650000000001,5,1,0.2,0
LGS2ORD0036466,C014011,2025-10-16 19:00:00,Female,46,Silver,CallCenter,Phuket,1358,TV_Show,COD,19,10,3,0,40-50,45.266666666666666,9.0,2.0,0.2222222222222222,46,26,3457.4822222222224,0.25,0.3333333333333333,0.1111111111111111,0.0,0.0,0,0,0.0,1868.24,1,0,0.0,3712.44,2,1,0.5,31117.34,9,2,0.2222222222222222,0
LGS2ORD0036467,C013928,2025-10-16 19:00:00,Female,31,Gold,Web,Nakhon Ratchasima,1037,Web,Credit_Card,19,10,3,0,30-40,34.56666666666667,2.0,2.0,1.0,70,74,5233.06,0.2299999999999999,0.5,0.5,0.0,0.0,0,0,0.0,0.0,0,0,0.0,8460.44,1,1,1.0,10466.12,2,2,1.0,0
LGS2ORD0036468,C010975,2025-10-16 19:00:00,Female,51,Gold,Lazada,Chiang Mai,710,TV_Show,PromptPay,19,10,3,0,>50,23.666666666666668,7.0,2.0,0.2857142857142857,45,38,4591.791428571429,0.33,0.14285714285714285,0.8571428571428571,0.0,0.0,0,0,0.0,0.0,0,0,0.0,21496.86,3,1,0.3333333333333333,32142.54,7,2,0.2857142857142857,0
LGS2ORD0036469,C012444,2025-10-16 19:00:00,Male,35,Bronze,Web,Bangkok,893,Web,Credit_Card,19,10,3,0,30-40,29.766666666666666,3.0,1.0,0.3333333333333333,225,157,8679.393333333333,0.18,0.3333333333333333,0.0,0.0,0.0,0,0,0.0,0.0,0,0,0.0,0.0,0,0,0.0,26038.18,3,1,0.3333333333333333,1
LGS2ORD0036470,C013398,2025-10-16 19:00:00,Male,52,Gold,CallCenter,Khon Kaen,1349,Shopee,Credit_Card,19,10,3,0,>50,44.96666666666667,3.0,0.0,0.0,-1,143,3472.16,0.28,0.3333333333333333,0.3333333333333333,0.0,0.0,0,0,0.0,0.0,0,0,0.0,0.0,0,0,0.0,10416.48,3,0,0.0,1
LGS2ORD0036471,C014504,2025-10-16 20:00:00,Male,47,Bronze,Shopee,Chonburi,1081,CallCenter,Credit_Card,20,10,3,0,40-50,36.03333333333333,4.0,0.0,0.0,-1,126,3578.9325,0.13,0.25,0.0,0.0,0.0,0,0,0.0,0.0,0,0,0.0,0.0,0,0,0.0,14315.73,4,0,0.0,0
LGS2ORD0036472,C010237,2025-10-16 20:00:00,Female,29,Platinum,Web,Bangkok,1223,TV_Show,Credit_Card,20,10,3,0,20-30,40.766666666666666,0.0,0.0,0.0,-1,-1,0.0,0.0,0.0,0.0,0.0,0.0,0,0,0.0,0.0,0,0,0.0,0.0,0,0,0.0,0.0,0,0,0.0,1
LGS2ORD0036473,C013102,2025-10-16 20:00:00,Female,48,Silver,Lazada,Khon Kaen,1362,Lazada,COD,20,10,3,0,40-50,45.4,6.0,1.0,0.16666666666666666,89,5,3521.859999999999,0.3,0.6666666666666666,0.6666666666666666,0.0,3609.69,1,0,0.0,3609.69,1,0,0.0,11088.39,2,0,0.0,21131.159999999996,6,1,0.16666666666666666,0
LGS2ORD0036474,C013515,2025-10-16 20:00:00,Male,32,Bronze,TV,Remote_Area,509,Web,PromptPay,20,10,3,0,30-40,16.966666666666665,11.0,6.0,0.5454545454545454,17,17,2668.471818181818,0.28,0.6363636363636364,0.09090909090909091,0.0,0.0,0,0,0.0,10563.869999999999,3,1,0.3333333333333333,11392.849999999999,4,2,0.5,29353.19,11,6,0.5454545454545454,0
LGS2ORD0036475,C016730,2025-10-16 20:00:00,Male,26,Platinum,Web,Nakhon Ratchasima,794,Shopee,PromptPay,20,10,3,0,20-30,26.466666666666665,0.0,0.0,0.0,-1,-1,0.0,0.0,0.0,0.0,0.0,0.0,0,0,0.0,0.0,0,0,0.0,0.0,0,0,0.0,0.0,0,0,0.0,0
LGS2ORD0036476,C017512,2025-10-16 21:00:00,Male,37,Gold,TV,Khon Kaen,469,Shopee,Bank_Transfer,21,10,3,0,30-40,15.633333333333333,3.0,0.0,0.0,-1,159,1791.25,0.28,0.6666666666666666,0.3333333333333333,0.0,0.0,0,0,0.0,0.0,0,0,0.0,0.0,0,0,0.0,5373.75,3,0,0.0,0
LGS2ORD0036477,C012532,2025-10-16 21:00:00,Female,35,Bronze,CallCenter,Phuket,1330,CallCenter,COD,21,10,3,0,30-40,44.333333333333336,6.0,2.0,0.3333333333333333,23,35,3881.436666666667,0.23,0.3333333333333333,0.16666666666666666,0.0,0.0,0,0,0.0,0.0,0,0,0.0,14631.320000000002,2,1,0.5,23288.620000000003,6,2,0.3333333333333333,0
LGS2ORD0036478,C010441,2025-10-16 21:00:00,Female,37,Gold,Lazada,Chonburi,808,CallCenter,COD,21,10,3,0,30-40,26.933333333333334,2.0,0.0,0.0,-1,78,3048.5950000000003,0.28,0.0,1.0,0.0,0.0,0,0,0.0,0.0,0,0,0.0,1173.97,1,0,0.0,6097.1900000000005,2,0,0.0,0
LGS2ORD0036479,C016158,2025-10-16 21:00:00,Male,52,Bronze,Web,Phuket,1412,TV_Show,PromptPay,21,10,3,0,>50,47.06666666666667,7.0,0.0,0.0,-1,8,3145.405714285713,0.28,0.42857142857142855,0.2857142857142857,0.0,0.0,0,0,0.0,4101.78,3,0,0.0,4101.78,3,0,0.0,22017.839999999993,7,0,0.0,1
LGS2ORD0036480,C016880,2025-10-16 21:00:00,Female,26,Bronze,Lazada,Songkhla,1067,TV_Show,COD,21,10,3,0,20-30,35.56666666666667,3.0,2.0,0.6666666666666666,143,153,10609.906666666666,0.18,0.6666666666666666,0.0,0.0,0.0,0,0,0.0,0.0,0,0,0.0,0.0,0,0,0.0,31829.719999999998,3,2,0.6666666666666666,1
LGS2ORD0036481,C011729,2025-10-16 22:00:00,Female,55,Gold,Web,Chonburi,1336,Shopee,COD,22,10,3,0,>50,44.53333333333333,4.0,0.0,0.0,-1,0,2870.6925,0.33,0.25,0.5,0.0,1366.04,1,0,0.0,1366.04,1,0,0.0,1366.04,1,0,0.0,11482.77,4,0,0.0,0
LGS2ORD0036482,C014653,2025-10-16 22:00:00,Female,43,Bronze,TV,Remote_Area,1309,CallCenter,COD,22,10,3,0,40-50,43.63333333333333,5.0,3.0,0.6,120,92,3921.696000000001,0.23,0.4,0.2,0.0,0.0,0,0,0.0,0.0,0,0,0.0,0.0,0,0,0.0,19608.480000000003,5,3,0.6,0
LGS2ORD0036483,C013477,2025-10-16 22:00:00,Female,44,Bronze,Lazada,Chonburi,936,Lazada,PromptPay,22,10,3,0,40-50,31.2,4.0,0.0,0.0,-1,38,2444.5875000000005,0.13,0.5,0.0,0.0,0.0,0,0,0.0,0.0,0,0,0.0,1295.93,1,0,0.0,9778.350000000002,4,0,0.0,0
LGS2ORD0036484,C011797,2025-10-16 22:00:00,Female,38,Bronze,TV,Chiang Mai,1508,Shopee,Bank_Transfer,22,10,3,0,30-40,50.266666666666666,3.0,0.0,0.0,-1,10,13599.443333333335,0.18,0.3333333333333333,0.0,0.0,0.0,0,0,0.0,16659.5,1,0,0.0,16659.5,1,0,0.0,40798.33,3,0,0.0,0
LGS2ORD0036485,C011049,2025-10-16 22:00:00,Female,44,Bronze,Lazada,Bangkok,970,Lazada,Credit_Card,22,10,3,0,40-50,32.333333333333336,6.0,1.0,0.16666666666666666,250,28,2501.1583333333333,0.28,0.5,0.3333333333333333,0.0,0.0,0,0,0.0,3780.72,1,0,0.0,4392.24,2,0,0.0,15006.95,6,1,0.16666666666666666,0
LGS2ORD0036486,C017161,2025-10-16 22:00:00,Female,46,Bronze,Web,Bangkok,933,Shopee,Credit_Card,22,10,3,0,40-50,31.1,4.0,0.0,0.0,-1,40,10025.46,0.13,0.5,0.0,0.0,0.0,0,0,0.0,0.0,0,0,0.0,35576.0,2,0,0.0,40101.84,4,0,0.0,1
LGS2ORD0036487,C017739,2025-10-16 23:00:00,Male,44,Silver,TV,Songkhla,1284,Web,COD,23,10,3,0,40-50,42.8,2.0,0.0,0.0,-1,30,9585.985,0.25,0.5,0.5,0.0,0.0,0,0,0.0,0.0,0,0,0.0,19171.97,2,0,0.0,19171.97,2,0,0.0,1
LGS2ORD0036488,C010512,2025-10-16 23:00:00,Male,38,Gold,TV,Chonburi,1221,Web,Credit_Card,23,10,3,0,30-40,40.7,2.0,0.0,0.0,-1,45,3755.7,0.33,0.5,0.5,0.0,0.0,0,0,0.0,0.0,0,0,0.0,3486.19,1,0,0.0,7511.4,2,0,0.0,0
LGS2ORD0036489,C014015,2025-10-16 23:00:00,Female,57,Bronze,TV,Remote_Area,1438,Shopee,COD,23,10,3,0,>50,47.93333333333333,6.0,1.0,0.16666666666666666,15,21,4951.345,0.23,0.3333333333333333,0.16666666666666666,0.0,0.0,0,0,0.0,3533.56,1,1,1.0,15267.67,3,1,0.3333333333333333,29708.070000000003,6,1,0.16666666666666666,0
LGS2ORD0036490,C014050,2025-10-16 23:00:00,Male,46,Platinum,Shopee,Bangkok,995,Web,Credit_Card,23,10,3,0,40-50,33.166666666666664,3.0,0.0,0.0,-1,65,4743.929999999999,0.25,0.0,0.3333333333333333,0.0,0.0,0,0,0.0,0.0,0,0,0.0,9950.76,2,0,0.0,14231.789999999999,3,0,0.0,0
LGS2ORD0036491,C010670,2025-10-16 23:00:00,Female,48,Bronze,TV,Khon Kaen,1581,CallCenter,COD,23,10,3,0,40-50,52.7,1.0,0.0,0.0,-1,113,1290.62,0.13,1.0,0.0,0.0,0.0,0,0,0.0,0.0,0,0,0.0,0.0,0,0,0.0,1290.62,1,0,0.0,0
LGS2ORD0036492,C015664,2025-10-17 00:00:00,Female,37,Bronze,CallCenter,Remote_Area,1481,Shopee,PromptPay,0,10,4,0,30-40,49.36666666666667,7.0,3.0,0.42857142857142855,9,22,7127.741428571428,0.28,0.42857142857142855,0.42857142857142855,0.0,0.0,0,0,0.0,6356.89,1,1,1.0,9602.49,2,1,0.5,49894.189999999995,7,3,0.42857142857142855,0
LGS2ORD0036493,C016140,2025-10-17 00:00:00,Male,27,Silver,Web,Chiang Mai,390,TV_Show,Bank_Transfer,0,10,4,0,20-30,13.0,4.0,0.0,0.0,-1,157,6762.84,0.3,0.5,0.5,0.0,0.0,0,0,0.0,0.0,0,0,0.0,0.0,0,0,0.0,27051.36,4,0,0.0,0
LGS2ORD0036494,C017684,2025-10-17 00:00:00,Female,57,Platinum,Web,Khon Kaen,732,CallCenter,Bank_Transfer,0,10,4,0,>50,24.4,4.0,1.0,0.25,261,40,3873.7450000000003,0.25,0.5,0.75,0.0,0.0,0,0,0.0,0.0,0,0,0.0,1134.69,1,0,0.0,15494.980000000001,4,1,0.25,0
LGS2ORD0036495,C012148,2025-10-17 00:00:00,Female,38,Silver,CallCenter,Nakhon Ratchasima,1742,Lazada,Bank_Transfer,0,10,4,0,30-40,58.06666666666667,3.0,2.0,0.6666666666666666,57,64,5111.349999999999,0.2,0.3333333333333333,0.0,0.0,0.0,0,0,0.0,0.0,0,0,0.0,11838.33,1,1,1.0,15334.05,3,2,0.6666666666666666,1
LGS2ORD0036496,C014665,2025-10-17 00:00:00,Male,36,Bronze,Web,Nakhon Ratchasima,748,Web,COD,0,10,4,0,30-40,24.933333333333334,4.0,1.0,0.25,167,56,8343.6775,0.18,0.5,0.0,0.0,0.0,0,0,0.0,0.0,0,0,0.0,1501.95,1,0,0.0,33374.71,4,1,0.25,1
LGS2ORD0036497,C017387,2025-10-17 01:00:00,Male,54,Bronze,TV,Nakhon Ratchasima,837,TV_Show,PromptPay,1,10,4,0,>50,27.9,1.0,0.0,0.0,-1,25,1447.32,0.03,0.0,0.0,0.0,0.0,0,0,0.0,1447.32,1,0,0.0,1447.32,1,0,0.0,1447.32,1,0,0.0,0
LGS2ORD0036498,C011633,2025-10-17 01:00:00,Male,36,Silver,TV,Phuket,465,Lazada,Bank_Transfer,1,10,4,0,30-40,15.5,14.0,5.0,0.35714285714285715,5,4,7050.244285714286,0.3,0.7142857142857143,0.42857142857142855,0.07142857142857142,2782.39,1,0,0.0,7281.969999999999,4,1,0.25,23992.28,7,2,0.2857142857142857,98703.42,14,5,0.35714285714285715,0
LGS2ORD0036499,C014104,2025-10-17 01:00:00,Female,37,Platinum,Web,Bangkok,355,Lazada,Credit_Card,1,10,4,0,30-40,11.833333333333334,3.0,1.0,0.3333333333333333,123,126,4645.09,0.35,0.6666666666666666,0.3333333333333333,0.0,0.0,0,0,0.0,0.0,0,0,0.0,0.0,0,0,0.0,13935.27,3,1,0.3333333333333333,1
LGS2ORD0036500,C017802,2025-10-17 01:00:00,Female,42,Bronze,TV,Remote_Area,1708,Web,Credit_Card,1,10,4,0,40-50,56.93333333333333,9.0,3.0,0.3333333333333333,30,40,7679.883333333335,0.28,0.8888888888888888,0.3333333333333333,0.0,0.0,0,0,0.0,0.0,0,0,0.0,38923.15,3,1,0.3333333333333333,69118.95000000001,9,3,0.3333333333333333,1
LGS2ORD0036501,C013047,2025-10-17 01:00:00,Female,18,Bronze,Shopee,Remote_Area,1622,TV_Show,PromptPay,1,10,4,0,<20,54.06666666666667,5.0,4.0,0.8,-10,1,4668.656,0.28,0.8,0.6,0.0,7476.87,1,1,1.0,7476.87,1,1,1.0,7476.87,1,1,1.0,23343.28,5,4,0.8,0
LGS2ORD0036502,C012023,2025-10-17 02:00:00,Male,24,Gold,Lazada,Bangkok,469,Lazada,Credit_Card,2,10,4,0,20-30,15.633333333333333,2.0,1.0,0.5,113,23,2671.96,0.33,0.5,0.5,0.0,0.0,0,0,0.0,4319.15,1,0,0.0,4319.15,1,0,0.0,5343.92,2,1,0.5,0
LGS2ORD0036503,C017322,2025-10-17 02:00:00,Female,18,Bronze,TV,Chiang Mai,1477,TV_Show,PromptPay,2,10,4,0,<20,49.233333333333334,3.0,1.0,0.3333333333333333,211,168,3296.3933333333334,0.28,1.0,0.6666666666666666,0.0,0.0,0,0,0.0,0.0,0,0,0.0,0.0,0,0,0.0,9889.18,3,1,0.3333333333333333,1
LGS2ORD0036504,C013774,2025-10-17 02:00:00,Female,52,Bronze,CallCenter,Songkhla,960,Shopee,COD,2,10,4,0,>50,32.0,5.0,3.0,0.6,78,85,8475.002,0.23,0.6,0.2,0.0,0.0,0,0,0.0,0.0,0,0,0.0,20917.31,1,1,1.0,42375.01,5,3,0.6,1
LGS2ORD0036505,C015484,2025-10-17 02:00:00,Female,47,Silver,TV,Chonburi,978,TV_Show,COD,2,10,4,0,40-50,32.6,8.0,2.0,0.25,45,3,2379.2137500000003,0.3,0.625,0.375,0.0,2539.61,1,0,0.0,2539.61,1,0,0.0,3049.42,2,1,0.5,19033.710000000003,8,2,0.25,1
LGS2ORD0036506,C016060,2025-10-17 02:00:00,Male,52,Bronze,Shopee,Chiang Mai,541,Lazada,Bank_Transfer,2,10,4,0,>50,18.033333333333335,3.0,1.0,0.3333333333333333,142,120,20235.43,0.18,0.3333333333333333,0.0,0.0,0.0,0,0,0.0,0.0,0,0,0.0,0.0,0,0,0.0,60706.29,3,1,0.3333333333333333,0
LGS2ORD0036507,C013772,2025-10-17 02:00:00,Female,43,Bronze,TV,Khon Kaen,436,Web,Credit_Card,2,10,4,0,40-50,14.533333333333333,3.0,1.0,0.3333333333333333,121,72,4036.266666666667,0.28,0.3333333333333333,0.3333333333333333,0.0,0.0,0,0,0.0,0.0,0,0,0.0,1530.86,1,0,0.0,12108.800000000001,3,1,0.3333333333333333,1
LGS2ORD0036508,C010090,2025-10-17 03:00:00,Female,47,Silver,TV,Songkhla,947,Web,PromptPay,3,10,4,0,40-50,31.566666666666666,6.0,3.0,0.5,81,85,4367.68,0.3,0.8333333333333334,0.5,0.0,0.0,0,0,0.0,0.0,0,0,0.0,3128.58,1,1,1.0,26206.08,6,3,0.5,0
LGS2ORD0036509,C015086,2025-10-17 03:00:00,Female,35,Bronze,TV,Bangkok,996,CallCenter,Bank_Transfer,3,10,4,0,30-40,33.2,2.0,0.0,0.0,-1,126,1395.4850000000001,0.18,0.5,0.0,0.0,0.0,0,0,0.0,0.0,0,0,0.0,0.0,0,0,0.0,2790.9700000000003,2,0,0.0,0
LGS2ORD0036510,C011160,2025-10-17 03:00:00,Female,41,Bronze,Shopee,Songkhla,1334,TV_Show,COD,3,10,4,0,40-50,44.46666666666667,5.0,3.0,0.6,73,24,3972.636,0.23,0.8,0.4,0.0,0.0,0,0,0.0,12701.86,1,0,0.0,14514.900000000001,2,1,0.5,19863.18,5,3,0.6,1
LGS2ORD0036511,C012603,2025-10-17 03:00:00,Male,34,Silver,Web,Bangkok,804,Shopee,Credit_Card,3,10,4,0,30-40,26.8,4.0,1.0,0.25,36,15,4432.68,0.25,0.0,0.25,0.0,0.0,0,0,0.0,5047.64,1,0,0.0,14506.010000000002,2,1,0.5,17730.72,4,1,0.25,0
LGS2ORD0036512,C010683,2025-10-17 03:00:00,Male,50,Silver,Shopee,Khon Kaen,555,Web,Bank_Transfer,3,10,4,0,40-50,18.5,8.0,1.0,0.125,106,22,6652.047500000001,0.2,0.5,0.0,0.0,0.0,0,0,0.0,5044.81,1,0,0.0,5271.5,2,0,0.0,53216.380000000005,8,1,0.125,0
LGS2ORD0036513,C014561,2025-10-17 04:00:00,Female,26,Platinum,Web,Chonburi,1660,Lazada,COD,4,10,4,0,20-30,55.333333333333336,3.0,1.0,0.3333333333333333,129,90,2406.3366666666666,0.25,1.0,0.6666666666666666,0.0,0.0,0,0,0.0,0.0,0,0,0.0,0.0,0,0,0.0,7219.01,3,1,0.3333333333333333,0
LGS2ORD0036514,C010065,2025-10-17 04:00:00,Male,38,Bronze,CallCenter,Khon Kaen,1747,TV_Show,PromptPay,4,10,4,0,30-40,58.233333333333334,9.0,0.0,0.0,-1,18,2977.934444444445,0.28,0.4444444444444444,0.4444444444444444,0.0,0.0,0,0,0.0,2143.81,1,0,0.0,12050.17,5,0,0.0,26801.410000000003,9,0,0.0,0
LGS2ORD0036515,C017293,2025-10-17 04:00:00,Male,39,Bronze,TV,Khon Kaen,558,Shopee,COD,4,10,4,0,30-40,18.6,3.0,1.0,0.3333333333333333,225,171,15146.580000000002,0.18,0.0,0.0,0.0,0.0,0,0,0.0,0.0,0,0,0.0,0.0,0,0,0.0,45439.740000000005,3,1,0.3333333333333333,0
LGS2ORD0036516,C015523,2025-10-17 04:00:00,Male,64,Silver,Web,Bangkok,1607,TV_Show,COD,4,10,4,0,>50,53.56666666666667,3.0,0.0,0.0,-1,155,3761.9566666666665,0.3,0.6666666666666666,0.3333333333333333,0.0,0.0,0,0,0.0,0.0,0,0,0.0,0.0,0,0,0.0,11285.869999999999,3,0,0.0,1
LGS2ORD0036517,C016528,2025-10-17 04:00:00,Male,47,Bronze,TV,Remote_Area,1254,TV_Show,COD,4,10,4,0,40-50,41.8,6.0,4.0,0.6666666666666666,-8,1,1599.8266666666666,0.28,0.6666666666666666,0.5,0.0,1343.42,1,1,1.0,1343.42,1,1,1.0,1343.42,1,1,1.0,9598.96,6,4,0.6666666666666666,0
LGS2ORD0036518,C016974,2025-10-17 05:00:00,Female,40,Bronze,TV,Khon Kaen,672,TV_Show,COD,5,10,4,0,30-40,22.4,2.0,0.0,0.0,-1,143,16275.925000000001,0.13,0.0,0.0,0.0,0.0,0,0,0.0,0.0,0,0,0.0,0.0,0,0,0.0,32551.850000000002,2,0,0.0,0
LGS2ORD0036519,C014248,2025-10-17 05:00:00,Female,33,Bronze,Web,Chonburi,1472,Shopee,Credit_Card,5,10,4,0,30-40,49.06666666666667,8.0,2.0,0.25,15,4,2802.16,0.28,0.75,0.25,0.0,1323.25,1,0,0.0,4483.030000000001,2,1,0.5,9137.43,4,1,0.25,22417.28,8,2,0.25,0
LGS2ORD0036520,C016067,2025-10-17 05:00:00,Male,60,Gold,Web,Remote_Area,1696,TV_Show,COD,5,10,4,0,>50,56.53333333333333,9.0,2.0,0.2222222222222222,210,5,5905.556666666667,0.28,0.7777777777777778,0.3333333333333333,0.0,4553.82,1,0,0.0,4553.82,1,0,0.0,5830.969999999999,2,0,0.0,53150.01,9,2,0.2222222222222222,0
LGS2ORD0036521,C012205,2025-10-17 05:00:00,Male,31,Bronze,TV,Remote_Area,1114,TV_Show,COD,5,10,4,0,30-40,37.13333333333333,7.0,1.0,0.14285714285714285,259,56,3258.065714285714,0.23,0.42857142857142855,0.2857142857142857,0.0,0.0,0,0,0.0,0.0,0,0,0.0,5739.89,1,0,0.0,22806.46,7,1,0.14285714285714285,1
LGS2ORD0036522,C017280,2025-10-17 05:00:00,Male,50,Bronze,CallCenter,Chonburi,307,CallCenter,Credit_Card,5,10,4,0,40-50,10.233333333333333,6.0,3.0,0.5,66,72,4788.125000000001,0.23,0.8333333333333334,0.5,0.0,0.0,0,0,0.0,0.0,0,0,0.0,2710.66,1,1,1.0,28728.750000000004,6,3,0.5,0
LGS2ORD0036523,C012962,2025-10-17 06:00:00,Male,35,Gold,Web,Khon Kaen,1100,Shopee,Bank_Transfer,6,10,4,0,30-40,36.666666666666664,5.0,2.0,0.4,151,43,9549.153999999999,0.13,0.4,0.0,0.0,0.0,0,0,0.0,0.0,0,0,0.0,2958.74,1,0,0.0,47745.77,5,2,0.4,0
LGS2ORD0036524,C011739,2025-10-17 06:00:00,Male,18,Bronze,Web,Bangkok,1431,Web,COD,6,10,4,0,<20,47.7,2.0,0.0,0.0,-1,52,1481.9,0.18,0.5,0.0,0.0,0.0,0,0,0.0,0.0,0,0,0.0,640.73,1,0,0.0,2963.8,2,0,0.0,0
LGS2ORD0036525,C016215,2025-10-17 06:00:00,Male,37,Bronze,Lazada,Chonburi,850,Shopee,PromptPay,6,10,4,0,30-40,28.333333333333332,3.0,1.0,0.3333333333333333,186,2,2217.6733333333336,0.28,0.6666666666666666,0.3333333333333333,0.0,4962.39,1,0,0.0,4962.39,1,0,0.0,4962.39,1,0,0.0,6653.02,3,1,0.3333333333333333,0
LGS2ORD0036526,C011305,2025-10-17 06:00:00,Female,40,Silver,Web,Bangkok,305,Lazada,COD,6,10,4,0,30-40,10.166666666666666,7.0,0.0,0.0,-1,76,6624.777142857142,0.25,0.7142857142857143,0.42857142857142855,0.0,0.0,0,0,0.0,0.0,0,0,0.0,6324.6,1,0,0.0,46373.439999999995,7,0,0.0,1
LGS2ORD0036527,C016140,2025-10-17 06:00:00,Male,27,Silver,Web,Chiang Mai,390,TV_Show,COD,6,10,4,0,20-30,13.0,5.0,0.0,0.0,-1,0,5884.382,0.3,0.4,0.4,0.0,2370.55,1,0,0.0,2370.55,1,0,0.0,2370.55,1,0,0.0,29421.91,5,0,0.0,1
LGS2ORD0036528,C010732,2025-10-17 06:00:00,Male,51,Gold,TV,Songkhla,660,TV_Show,COD,6,10,4,0,>50,22.0,3.0,0.0,0.0,-1,33,3898.8733333333334,0.18,0.0,0.0,0.0,0.0,0,0,0.0,0.0,0,0,0.0,1736.68,1,0,0.0,11696.62,3,0,0.0,0
LGS2ORD0036529,C012750,2025-10-17 07:00:00,Female,18,Bronze,Web,Bangkok,1061,Shopee,COD,7,10,4,0,<20,35.36666666666667,6.0,1.0,0.16666666666666666,274,21,4705.9800000000005,0.18,0.8333333333333334,0.0,0.0,0.0,0,0,0.0,775.78,1,0,0.0,9914.54,2,0,0.0,28235.880000000005,6,1,0.16666666666666666,0
LGS2ORD0036530,C017989,2025-10-17 07:00:00,Female,28,Bronze,Lazada,Chiang Mai,427,TV_Show,COD,7,10,4,0,20-30,14.233333333333333,1.0,0.0,0.0,-1,160,2549.51,0.28,1.0,1.0,0.0,0.0,0,0,0.0,0.0,0,0,0.0,0.0,0,0,0.0,2549.51,1,0,0.0,0
LGS2ORD0036531,C014296,2025-10-17 07:00:00,Female,37,Gold,Web,Chonburi,304,Lazada,Credit_Card,7,10,4,0,30-40,10.133333333333333,2.0,1.0,0.5,116,128,5958.075000000001,0.28,0.5,0.5,0.0,0.0,0,0,0.0,0.0,0,0,0.0,0.0,0,0,0.0,11916.150000000001,2,1,0.5,0
LGS2ORD0036532,C017996,2025-10-17 07:00:00,Male,48,Gold,TV,Chonburi,1351,Shopee,PromptPay,7,10,4,0,40-50,45.03333333333333,5.0,1.0,0.2,11,7,7734.295999999999,0.28,0.4,0.4,0.0,0.0,0,0,0.0,13613.12,2,1,0.5,21549.2,3,1,0.3333333333333333,38671.479999999996,5,1,0.2,0
LGS2ORD0036533,C012663,2025-10-17 07:00:00,Male,59,Bronze,Shopee,Bangkok,1198,Lazada,COD,7,10,4,0,>50,39.93333333333333,2.0,0.0,0.0,-1,16,2692.255,0.08,0.0,0.0,0.0,0.0,0,0,0.0,1367.27,1,0,0.0,1367.27,1,0,0.0,5384.51,2,0,0.0,0
LGS2ORD0036534,C011939,2025-10-17 08:00:00,Female,55,Silver,TV,Remote_Area,1707,TV_Show,PromptPay,8,10,4,0,>50,56.9,7.0,3.0,0.42857142857142855,37,53,4032.59,0.3,0.8571428571428571,0.2857142857142857,0.0,0.0,0,0,0.0,0.0,0,0,0.0,488.61,1,1,1.0,28228.13,7,3,0.42857142857142855,0
LGS2ORD0036535,C011732,2025-10-17 08:00:00,Male,39,Bronze,Web,Chiang Mai,1083,CallCenter,COD,8,10,4,0,30-40,36.1,13.0,5.0,0.38461538461538464,64,3,3421.575384615385,0.28,0.6153846153846154,0.23076923076923078,0.0,7570.76,1,0,0.0,8257.3,2,0,0.0,23911.090000000004,6,1,0.16666666666666666,44480.48,13,5,0.38461538461538464,0
LGS2ORD0036536,C013727,2025-10-17 08:00:00,Male,41,Bronze,Web,Phuket,994,TV_Show,COD,8,10,4,0,40-50,33.13333333333333,7.0,5.0,0.7142857142857143,9,18,4550.537142857143,0.23,0.8571428571428571,0.2857142857142857,0.0,0.0,0,0,0.0,9250.69,1,1,1.0,9250.69,1,1,1.0,31853.760000000002,7,5,0.7142857142857143,1
LGS2ORD0036537,C017107,2025-10-17 08:00:00,Female,54,Silver,CallCenter,Bangkok,1693,Shopee,COD,8,10,4,0,>50,56.43333333333333,5.0,1.0,0.2,174,6,3582.6699999999996,0.2,0.2,0.0,0.0,1234.26,1,0,0.0,4928.26,2,0,0.0,9129.6,4,0,0.0,17913.35,5,1,0.2,1
LGS2ORD0036538,C017914,2025-10-17 08:00:00,Male,32,Bronze,Web,Remote_Area,1611,Shopee,COD,8,10,4,0,30-40,53.7,8.0,3.0,0.375,79,48,7419.976250000001,0.23,0.5,0.125,0.0,0.0,0,0,0.0,0.0,0,0,0.0,5108.6,3,1,0.3333333333333333,59359.810000000005,8,3,0.375,0
LGS2ORD0036539,C014005,2025-10-17 09:00:00,Male,27,Gold,TV,Bangkok,1210,Web,Credit_Card,9,10,4,0,20-30,40.333333333333336,1.0,1.0,1.0,189,200,1713.73,0.2299999999999999,0.0,1.0,0.0,0.0,0,0,0.0,0.0,0,0,0.0,0.0,0,0,0.0,1713.73,1,1,1.0,0
LGS2ORD0036540,C012654,2025-10-17 09:00:00,Female,63,Bronze,Lazada,Remote_Area,1391,Shopee,COD,9,10,4,0,>50,46.36666666666667,4.0,1.0,0.25,249,31,3417.6825,0.23,0.0,0.25,0.0,0.0,0,0,0.0,0.0,0,0,0.0,3267.41,1,0,0.0,13670.73,4,1,0.25,0
LGS2ORD0036541,C017538,2025-10-17 09:00:00,Female,38,Gold,Web,Bangkok,1472,CallCenter,PromptPay,9,10,4,0,30-40,49.06666666666667,9.0,3.0,0.3333333333333333,-1,8,7261.201111111111,0.33,0.7777777777777778,0.3333333333333333,0.0,0.0,0,0,0.0,10285.52,2,1,0.5,17630.26,3,1,0.3333333333333333,65350.81,9,3,0.3333333333333333,0
LGS2ORD0036542,C010255,2025-10-17 09:00:00,Female,66,Silver,CallCenter,Khon Kaen,1564,TV_Show,COD,9,10,4,0,>50,52.13333333333333,9.0,3.0,0.3333333333333333,21,16,7909.914444444444,0.25,0.8888888888888888,0.1111111111111111,0.0,0.0,0,0,0.0,23247.16,1,0,0.0,27048.64,3,1,0.3333333333333333,71189.23,9,3,0.3333333333333333,0
LGS2ORD0036543,C010695,2025-10-17 09:00:00,Male,55,Bronze,Web,Songkhla,323,TV_Show,COD,9,10,4,0,>50,10.766666666666667,9.0,3.0,0.3333333333333333,93,58,6069.817777777778,0.28,0.4444444444444444,0.2222222222222222,0.0,0.0,0,0,0.0,0.0,0,0,0.0,32708.850000000002,3,0,0.0,54628.36,9,3,0.3333333333333333,1
LGS2ORD0036544,C011131,2025-10-17 10:00:00,Female,42,Bronze,TV,Remote_Area,1506,Shopee,COD,10,10,4,0,40-50,50.2,9.0,1.0,0.1111111111111111,16,23,4522.237777777777,0.28,0.7777777777777778,0.2222222222222222,0.0,0.0,0,0,0.0,15214.55,2,1,0.5,28217.29,4,1,0.25,40700.14,9,1,0.1111111111111111,0
LGS2ORD0036545,C010387,2025-10-17 10:00:00,Male,47,Bronze,Shopee,Phuket,1037,CallCenter,COD,10,10,4,0,40-50,34.56666666666667,4.0,2.0,0.5,169,20,2994.7200000000003,0.23,0.5,0.5,0.0,0.0,0,0,0.0,1321.29,1,0,0.0,1321.29,1,0,0.0,11978.880000000001,4,2,0.5,0
LGS2ORD0036546,C017343,2025-10-17 10:00:00,Female,30,Bronze,CallCenter,Bangkok,545,TV_Show,Credit_Card,10,10,4,0,20-30,18.166666666666668,3.0,2.0,0.6666666666666666,5,11,2763.02,0.28,0.6666666666666666,0.6666666666666666,0.0,0.0,0,0,0.0,2377.46,1,1,1.0,2377.46,1,1,1.0,8289.06,3,2,0.6666666666666666,1
LGS2ORD0036547,C010232,2025-10-17 10:00:00,Male,46,Bronze,TV,Bangkok,1742,Web,COD,10,10,4,0,40-50,58.06666666666667,6.0,2.0,0.3333333333333333,156,43,5459.2266666666665,0.28,0.6666666666666666,0.3333333333333333,0.0,0.0,0,0,0.0,0.0,0,0,0.0,12821.81,2,0,0.0,32755.36,6,2,0.3333333333333333,0
LGS2ORD0036548,C016938,2025-10-17 10:00:00,Male,18,Silver,Shopee,Bangkok,1086,Lazada,PromptPay,10,10,4,0,<20,36.2,11.0,3.0,0.2727272727272727,161,19,4514.012727272727,0.2,0.7272727272727273,0.0,0.0,0.0,0,0,0.0,4936.469999999999,2,0,0.0,14481.37,5,0,0.0,49654.14,11,3,0.2727272727272727,0
LGS2ORD0036549,C011279,2025-10-17 10:00:00,Male,43,Silver,TV,Bangkok,735,Shopee,COD,10,10,4,0,40-50,24.5,3.0,1.0,0.3333333333333333,175,137,2886.91,0.3,0.6666666666666666,0.3333333333333333,0.0,0.0,0,0,0.0,0.0,0,0,0.0,0.0,0,0,0.0,8660.73,3,1,0.3333333333333333,0
LGS2ORD0036550,C012810,2025-10-17 11:00:00,Female,49,Bronze,CallCenter,Chonburi,492,TV_Show,COD,11,10,4,0,40-50,16.4,6.0,1.0,0.16666666666666666,181,108,5506.348333333332,0.18,0.6666666666666666,0.0,0.0,0.0,0,0,0.0,0.0,0,0,0.0,0.0,0,0,0.0,33038.09,6,1,0.16666666666666666,1
LGS2ORD0036551,C016277,2025-10-17 11:00:00,Male,61,Bronze,Shopee,Remote_Area,965,Shopee,Credit_Card,11,10,4,0,>50,32.166666666666664,11.0,2.0,0.18181818181818182,178,10,3712.912727272727,0.28,0.6363636363636364,0.2727272727272727,0.0,0.0,0,0,0.0,10793.23,2,0,0.0,11498.15,3,0,0.0,40842.03999999999,11,2,0.18181818181818182,0
LGS2ORD0036552,C014066,2025-10-17 11:00:00,Female,37,Platinum,Shopee,Phuket,1234,Lazada,COD,11,10,4,0,30-40,41.13333333333333,8.0,4.0,0.5,48,5,5137.27375,0.3,0.5,0.25,0.0,1701.25,1,0,0.0,1701.25,1,0,0.0,30136.5,5,3,0.6,41098.19,8,4,0.5,1
LGS2ORD0036553,C015709,2025-10-17 11:00:00,Male,62,Silver,TV,Khon Kaen,1297,Lazada,COD,11,10,4,0,>50,43.233333333333334,5.0,3.0,0.6,51,59,5026.039999999999,0.3,0.2,0.4,0.0,0.0,0,0,0.0,0.0,0,0,0.0,10432.56,1,1,1.0,25130.199999999997,5,3,0.6,0
LGS2ORD0036554,C012896,2025-10-17 11:00:00,Female,26,Bronze,CallCenter,Khon Kaen,496,Web,PromptPay,11,10,4,0,20-30,16.533333333333335,3.0,1.0,0.3333333333333333,236,148,8011.556666666667,0.18,0.3333333333333333,0.0,0.0,0.0,0,0,0.0,0.0,0,0,0.0,0.0,0,0,0.0,24034.670000000002,3,1,0.3333333333333333,0
LGS2ORD0036555,C017860,2025-10-17 12:00:00,Male,48,Bronze,Shopee,Chiang Mai,1211,Web,COD,12,10,4,0,40-50,40.36666666666667,4.0,0.0,0.0,-1,5,12717.545,0.23,0.25,0.25,0.0,13314.58,1,0,0.0,37283.01,2,0,0.0,37283.01,2,0,0.0,50870.18,4,0,0.0,0
LGS2ORD0036556,C012148,2025-10-17 12:00:00,Female,38,Silver,CallCenter,Nakhon Ratchasima,1742,Shopee,COD,12,10,4,0,30-40,58.06666666666667,4.0,3.0,0.75,-13,0,4731.3949999999995,0.25,0.25,0.25,0.0,3591.53,1,1,1.0,3591.53,1,1,1.0,15429.86,2,2,1.0,18925.579999999998,4,3,0.75,0
LGS2ORD0036557,C013803,2025-10-17 12:00:00,Male,54,Bronze,TV,Chonburi,1461,CallCenter,COD,12,10,4,0,>50,48.7,5.0,1.0,0.2,255,16,8266.394,0.23,0.6,0.2,0.0,0.0,0,0,0.0,27859.73,1,0,0.0,27859.73,1,0,0.0,41331.97,5,1,0.2,0
LGS2ORD0036558,C017389,2025-10-17 12:00:00,Female,39,Bronze,CallCenter,Bangkok,1394,Web,PromptPay,12,10,4,0,30-40,46.46666666666667,3.0,0.0,0.0,-1,21,7265.13,0.23,1.0,0.3333333333333333,0.0,0.0,0,0,0.0,1037.57,1,0,0.0,20267.66,2,0,0.0,21795.39,3,0,0.0,0
LGS2ORD0036559,C011403,2025-10-17 12:00:00,Female,59,Gold,TV,Nakhon Ratchasima,696,Lazada,COD,12,10,4,0,>50,23.2,8.0,0.0,0.0,-1,3,10271.19375,0.33,0.625,0.375,0.0,41013.85,1,0,0.0,41013.85,1,0,0.0,49348.88,2,0,0.0,82169.55,8,0,0.0,0
LGS2ORD0036560,C011434,2025-10-17 13:00:00,Male,53,Bronze,TV,Bangkok,321,Lazada,Credit_Card,13,10,4,0,>50,10.7,10.0,3.0,0.3,191,4,4733.162,0.23,0.6,0.3,0.0,6978.67,1,0,0.0,6978.67,1,0,0.0,13238.52,2,0,0.0,47331.62,10,3,0.3,0
LGS2ORD0036561,C012817,2025-10-17 13:00:00,Female,68,Silver,Lazada,Bangkok,413,Web,Credit_Card,13,10,4,0,>50,13.766666666666667,4.0,1.0,0.25,13,22,6876.09,0.2,0.75,0.0,0.0,0.0,0,0,0.0,11768.94,1,1,1.0,13844.34,2,1,0.5,27504.36,4,1,0.25,0
LGS2ORD0036562,C014139,2025-10-17 13:00:00,Male,46,Bronze,Shopee,Bangkok,1557,TV_Show,COD,13,10,4,0,40-50,51.9,3.0,0.0,0.0,-1,155,3732.3199999999997,0.08,0.3333333333333333,0.0,0.0,0.0,0,0,0.0,0.0,0,0,0.0,0.0,0,0,0.0,11196.96,3,0,0.0,0
LGS2ORD0036563,C014841,2025-10-17 13:00:00,Male,67,Bronze,Shopee,Remote_Area,443,Lazada,Credit_Card,13,10,4,0,>50,14.766666666666667,8.0,1.0,0.125,125,85,4517.4,0.23,0.5,0.125,0.0,0.0,0,0,0.0,0.0,0,0,0.0,8033.19,1,0,0.0,36139.2,8,1,0.125,0
LGS2ORD0036564,C010559,2025-10-17 13:00:00,Male,18,Silver,Web,Bangkok,843,TV_Show,COD,13,10,4,0,<20,28.1,6.0,1.0,0.16666666666666666,36,13,6011.895,0.25,0.3333333333333333,0.16666666666666666,0.0,0.0,0,0,0.0,4954.82,1,0,0.0,7072.23,2,1,0.5,36071.37,6,1,0.16666666666666666,0
LGS2ORD0036565,C017381,2025-10-17 13:00:00,Male,35,Bronze,CallCenter,Khon Kaen,320,Lazada,COD,13,10,4,0,30-40,10.666666666666666,7.0,2.0,0.2857142857142857,83,60,5530.512857142857,0.23,0.5714285714285714,0.14285714285714285,0.0,0.0,0,0,0.0,0.0,0,0,0.0,11664.76,2,0,0.0,38713.59,7,2,0.2857142857142857,0
LGS2ORD0036566,C015919,2025-10-17 14:00:00,Male,60,Silver,Shopee,Chiang Mai,1270,Web,Credit_Card,14,10,4,0,>50,42.333333333333336,7.0,0.0,0.0,-1,3,5187.044285714285,0.25,0.42857142857142855,0.2857142857142857,0.0,4601.97,1,0,0.0,4601.97,1,0,0.0,10084.83,3,0,0.0,36309.31,7,0,0.0,0
LGS2ORD0036567,C010655,2025-10-17 14:00:00,Female,25,Platinum,TV,Bangkok,794,TV_Show,Credit_Card,14,10,4,0,20-30,26.466666666666665,4.0,0.0,0.0,-1,6,5107.3925,0.3,0.25,0.25,0.0,8106.98,1,0,0.0,8106.98,1,0,0.0,8106.98,1,0,0.0,20429.57,4,0,0.0,0
LGS2ORD0036568,C010296,2025-10-17 14:00:00,Male,49,Silver,TV,Bangkok,805,TV_Show,COD,14,10,4,0,40-50,26.833333333333332,3.0,0.0,0.0,-1,114,2981.6200000000003,0.25,1.0,0.3333333333333333,0.0,0.0,0,0,0.0,0.0,0,0,0.0,0.0,0,0,0.0,8944.86,3,0,0.0,0
LGS2ORD0036569,C015151,2025-10-17 14:00:00,Female,43,Gold,TV,Nakhon Ratchasima,402,Web,Credit_Card,14,10,4,0,40-50,13.4,10.0,1.0,0.1,207,129,3839.0870000000004,0.28,0.6,0.4,0.0,0.0,0,0,0.0,0.0,0,0,0.0,0.0,0,0,0.0,38390.87,10,1,0.1,0
LGS2ORD0036570,C011057,2025-10-17 14:00:00,Female,51,Bronze,Shopee,Nakhon Ratchasima,699,Web,COD,14,10,4,0,>50,23.3,9.0,0.0,0.0,-1,19,4594.573333333334,0.28,0.5555555555555556,0.2222222222222222,0.0,0.0,0,0,0.0,6770.289999999999,2,0,0.0,10942.65,3,0,0.0,41351.16,9,0,0.0,1
LGS2ORD0036571,C014183,2025-10-17 15:00:00,Female,33,Silver,Lazada,Nakhon Ratchasima,614,TV_Show,Credit_Card,15,10,4,0,30-40,20.466666666666665,6.0,1.0,0.16666666666666666,93,19,4153.543333333334,0.2,0.5,0.0,0.0,0.0,0,0,0.0,3930.0,1,0,0.0,9210.6,2,0,0.0,24921.260000000002,6,1,0.16666666666666666,0
LGS2ORD0036572,C014113,2025-10-17 15:00:00,Female,47,Silver,CallCenter,Khon Kaen,1490,Web,Bank_Transfer,15,10,4,0,40-50,49.666666666666664,2.0,0.0,0.0,-1,187,13382.105,0.25,0.5,0.5,0.0,0.0,0,0,0.0,0.0,0,0,0.0,0.0,0,0,0.0,26764.21,2,0,0.0,1
LGS2ORD0036573,C010743,2025-10-17 15:00:00,Male,44,Silver,Shopee,Songkhla,1112,Shopee,PromptPay,15,10,4,0,40-50,37.06666666666667,7.0,2.0,0.2857142857142857,109,7,3871.337142857143,0.3,0.42857142857142855,0.2857142857142857,0.0,0.0,0,0,0.0,1129.26,1,0,0.0,6794.12,2,0,0.0,27099.36,7,2,0.2857142857142857,0
LGS2ORD0036574,C015140,2025-10-17 15:00:00,Female,62,Bronze,CallCenter,Songkhla,1688,Web,COD,15,10,4,0,>50,56.266666666666666,6.0,2.0,0.3333333333333333,137,74,1765.5566666666666,0.23,0.8333333333333334,0.3333333333333333,0.0,0.0,0,0,0.0,0.0,0,0,0.0,2723.8199999999997,2,0,0.0,10593.34,6,2,0.3333333333333333,1
LGS2ORD0036575,C010875,2025-10-17 15:00:00,Male,54,Bronze,CallCenter,Chonburi,979,Shopee,COD,15,10,4,0,>50,32.63333333333333,10.0,2.0,0.2,120,89,6563.257,0.28,0.4,0.1,0.0,0.0,0,0,0.0,0.0,0,0,0.0,6026.02,1,0,0.0,65632.56999999999,10,2,0.2,1
LGS2ORD0036576,C010524,2025-10-17 16:00:00,Female,40,Bronze,Lazada,Bangkok,798,Shopee,COD,16,10,4,0,30-40,26.6,3.0,0.0,0.0,-1,57,16452.22333333333,0.23,0.3333333333333333,0.6666666666666666,0.0,0.0,0,0,0.0,0.0,0,0,0.0,29118.61,1,0,0.0,49356.67,3,0,0.0,0
LGS2ORD0036577,C010475,2025-10-17 16:00:00,Female,44,Bronze,TV,Phuket,1721,CallCenter,Bank_Transfer,16,10,4,0,40-50,57.36666666666667,5.0,2.0,0.4,111,48,4625.715999999999,0.23,0.2,0.4,0.0,0.0,0,0,0.0,0.0,0,0,0.0,4804.03,1,0,0.0,23128.579999999998,5,2,0.4,0
LGS2ORD0036578,C016556,2025-10-17 16:00:00,Female,47,Silver,TV,Remote_Area,768,TV_Show,Credit_Card,16,10,4,0,40-50,25.6,11.0,2.0,0.18181818181818182,112,12,5017.874545454546,0.3,0.7272727272727273,0.2727272727272727,0.0,0.0,0,0,0.0,6669.19,1,0,0.0,13088.29,3,0,0.0,55196.62,11,2,0.18181818181818182,1
LGS2ORD0036579,C011998,2025-10-17 16:00:00,Female,53,Silver,TV,Bangkok,1254,Shopee,COD,16,10,4,0,>50,41.8,9.0,3.0,0.3333333333333333,57,66,2289.087777777778,0.3,0.6666666666666666,0.4444444444444444,0.0,0.0,0,0,0.0,0.0,0,0,0.0,6866.759999999999,3,2,0.6666666666666666,20601.79,9,3,0.3333333333333333,1
LGS2ORD0036580,C013648,2025-10-17 16:00:00,Female,61,Bronze,TV,Bangkok,704,CallCenter,COD,16,10,4,0,>50,23.466666666666665,5.0,1.0,0.2,113,127,8345.408000000001,0.28,0.4,0.4,0.0,0.0,0,0,0.0,0.0,0,0,0.0,0.0,0,0,0.0,41727.04000000001,5,1,0.2,0
LGS2ORD0036581,C012529,2025-10-17 17:00:00,Female,51,Silver,TV,Remote_Area,1686,Web,PromptPay,17,10,4,0,>50,56.2,12.0,6.0,0.5,33,5,9445.303333333333,0.3,0.5833333333333334,0.25,0.0,33815.92,1,0,0.0,33815.92,1,0,0.0,78989.54,6,3,0.5,113343.64,12,6,0.5,0
LGS2ORD0036582,C013276,2025-10-17 17:00:00,Female,35,Bronze,Web,Phuket,1179,Lazada,Bank_Transfer,17,10,4,0,30-40,39.3,7.0,1.0,0.14285714285714285,201,75,7464.597142857143,0.28,0.14285714285714285,0.42857142857142855,0.0,0.0,0,0,0.0,0.0,0,0,0.0,10329.25,1,0,0.0,52252.18,7,1,0.14285714285714285,1
LGS2ORD0036583,C014827,2025-10-17 17:00:00,Other,48,Gold,Web,Chiang Mai,322,CallCenter,PromptPay,17,10,4,0,40-50,10.733333333333333,7.0,3.0,0.42857142857142855,-2,2,2584.2900000000004,0.33,0.5714285714285714,0.2857142857142857,0.0,5317.86,1,0,0.0,6654.94,2,1,0.5,8042.969999999999,3,1,0.3333333333333333,18090.030000000002,7,3,0.42857142857142855,0
LGS2ORD0036584,C016392,2025-10-17 17:00:00,Female,46,Bronze,Shopee,Bangkok,669,Web,Bank_Transfer,17,10,4,0,40-50,22.3,6.0,0.0,0.0,-1,3,11407.396666666667,0.28,0.8333333333333334,0.5,0.0,34130.66,1,0,0.0,34130.66,1,0,0.0,43250.530000000006,2,0,0.0,68444.38,6,0,0.0,0
LGS2ORD0036585,C016302,2025-10-17 17:00:00,Male,59,Silver,CallCenter,Chonburi,815,Web,COD,17,10,4,0,>50,27.166666666666668,7.0,2.0,0.2857142857142857,138,1,7856.181428571428,0.25,0.2857142857142857,0.2857142857142857,0.0,1429.41,1,0,0.0,1429.41,1,0,0.0,3081.61,2,0,0.0,54993.27,7,2,0.2857142857142857,0
LGS2ORD0036586,C013689,2025-10-17 17:00:00,Male,48,Gold,Web,Bangkok,429,Web,COD,17,10,4,0,40-50,14.3,3.0,1.0,0.3333333333333333,13,26,5371.25,0.33,0.3333333333333333,0.6666666666666666,0.0,0.0,0,0,0.0,7444.53,1,1,1.0,7444.53,1,1,1.0,16113.75,3,1,0.3333333333333333,0
LGS2ORD0036587,C010336,2025-10-17 18:00:00,Female,40,Silver,TV,Khon Kaen,922,Web,PromptPay,18,10,4,0,30-40,30.733333333333334,1.0,1.0,1.0,127,131,1617.81,0.25,1.0,1.0,0.0,0.0,0,0,0.0,0.0,0,0,0.0,0.0,0,0,0.0,1617.81,1,1,1.0,0
LGS2ORD0036588,C015305,2025-10-17 18:00:00,Female,49,Silver,CallCenter,Bangkok,1666,TV_Show,COD,18,10,4,0,40-50,55.53333333333333,4.0,2.0,0.5,-4,9,2244.795,0.2,0.5,0.0,0.0,0.0,0,0,0.0,4832.65,1,1,1.0,4832.65,1,1,1.0,8979.18,4,2,0.5,0
LGS2ORD0036589,C011112,2025-10-17 18:00:00,Female,49,Gold,TV,Khon Kaen,1122,Shopee,PromptPay,18,10,4,0,40-50,37.4,4.0,0.0,0.0,-1,41,2061.6825,0.33,0.0,0.5,0.0,0.0,0,0,0.0,0.0,0,0,0.0,6468.700000000001,2,0,0.0,8246.73,4,0,0.0,0
LGS2ORD0036590,C012684,2025-10-17 18:00:00,Female,39,Bronze,Web,Songkhla,1681,Web,COD,18,10,4,0,30-40,56.03333333333333,4.0,1.0,0.25,185,91,4211.53,0.18,0.75,0.0,0.0,0.0,0,0,0.0,0.0,0,0,0.0,0.0,0,0,0.0,16846.12,4,1,0.25,0
LGS2ORD0036591,C011614,2025-10-17 18:00:00,Female,50,Bronze,Shopee,Bangkok,565,Lazada,Bank_Transfer,18,10,4,0,40-50,18.833333333333332,2.0,1.0,0.5,163,176,18129.205,0.23,0.0,1.0,0.0,0.0,0,0,0.0,0.0,0,0,0.0,0.0,0,0,0.0,36258.41,2,1,0.5,0
LGS2ORD0036592,C012490,2025-10-17 19:00:00,Female,52,Bronze,TV,Remote_Area,319,Web,COD,19,10,4,0,>50,10.633333333333333,10.0,2.0,0.2,109,82,2771.997,0.28,0.3,0.4,0.0,0.0,0,0,0.0,0.0,0,0,0.0,5502.19,1,0,0.0,27719.969999999998,10,2,0.2,1
LGS2ORD0036593,C015919,2025-10-17 19:00:00,Male,60,Silver,Shopee,Chiang Mai,1270,TV_Show,Bank_Transfer,19,10,4,0,>50,42.333333333333336,8.0,0.0,0.0,-1,0,4600.916249999999,0.25,0.375,0.375,0.0,5099.99,2,0,0.0,5099.99,2,0,0.0,10582.85,4,0,0.0,36807.329999999994,8,0,0.0,0
LGS2ORD0036594,C016682,2025-10-17 19:00:00,Female,53,Bronze,Lazada,Phuket,447,Web,Credit_Card,19,10,4,0,>50,14.9,6.0,1.0,0.16666666666666666,62,12,6465.623333333333,0.18,0.16666666666666666,0.0,0.0,0.0,0,0,0.0,6659.96,2,0,0.0,16325.400000000001,3,1,0.3333333333333333,38793.74,6,1,0.16666666666666666,0
LGS2ORD0036595,C016137,2025-10-17 19:00:00,Female,41,Silver,Web,Phuket,956,TV_Show,PromptPay,19,10,4,0,40-50,31.866666666666667,4.0,1.0,0.25,152,135,5756.7875,0.3,0.5,0.25,0.0,0.0,0,0,0.0,0.0,0,0,0.0,0.0,0,0,0.0,23027.15,4,1,0.25,0
LGS2ORD0036596,C013289,2025-10-17 19:00:00,Female,37,Platinum,Shopee,Bangkok,1439,Shopee,Credit_Card,19,10,4,0,30-40,47.96666666666667,1.0,0.0,0.0,-1,40,4684.76,0.25,1.0,1.0,0.0,0.0,0,0,0.0,0.0,0,0,0.0,4684.76,1,0,0.0,4684.76,1,0,0.0,0
LGS2ORD0036597,C012369,2025-10-17 20:00:00,Female,53,Bronze,Shopee,Phuket,447,TV_Show,COD,20,10,4,0,>50,14.9,3.0,1.0,0.3333333333333333,115,124,4879.21,0.28,0.3333333333333333,0.3333333333333333,0.0,0.0,0,0,0.0,0.0,0,0,0.0,0.0,0,0,0.0,14637.630000000001,3,1,0.3333333333333333,0
LGS2ORD0036598,C014752,2025-10-17 20:00:00,Other,34,Silver,Shopee,Bangkok,322,Lazada,COD,20,10,4,0,30-40,10.733333333333333,1.0,0.0,0.0,-1,129,528.26,0.05,1.0,0.0,0.0,0.0,0,0,0.0,0.0,0,0,0.0,0.0,0,0,0.0,528.26,1,0,0.0,0
LGS2ORD0036599,C017522,2025-10-17 20:00:00,Female,40,Silver,TV,Bangkok,1461,Shopee,PromptPay,20,10,4,0,30-40,48.7,10.0,3.0,0.3,78,7,2802.862,0.25,0.6,0.1,0.0,0.0,0,0,0.0,1121.53,1,0,0.0,6822.589999999999,5,2,0.4,28028.62,10,3,0.3,0
LGS2ORD0036600,C015923,2025-10-17 20:00:00,Male,59,Bronze,TV,Phuket,918,CallCenter,COD,20,10,4,0,>50,30.6,6.0,4.0,0.6666666666666666,41,41,2382.133333333333,0.23,0.5,0.3333333333333333,0.0,0.0,0,0,0.0,0.0,0,0,0.0,12150.060000000001,3,2,0.6666666666666666,14292.8,6,4,0.6666666666666666,1
LGS2ORD0036601,C013300,2025-10-17 20:00:00,Male,41,Gold,Web,Nakhon Ratchasima,523,TV_Show,COD,20,10,4,0,40-50,17.433333333333334,2.0,0.0,0.0,-1,81,1024.345,0.13,0.5,0.0,0.0,0.0,0,0,0.0,0.0,0,0,0.0,1178.06,1,0,0.0,2048.69,2,0,0.0,1
LGS2ORD0036602,C015074,2025-10-17 21:00:00,Female,55,Silver,Shopee,Nakhon Ratchasima,344,TV_Show,Bank_Transfer,21,10,4,0,>50,11.466666666666667,9.0,2.0,0.2222222222222222,125,19,5549.014444444444,0.3,0.5555555555555556,0.4444444444444444,0.0,0.0,0,0,0.0,9808.17,1,0,0.0,10947.06,2,0,0.0,49941.13,9,2,0.2222222222222222,0
LGS2ORD0036603,C017732,2025-10-17 21:00:00,Male,49,Silver,Lazada,Bangkok,1616,Web,COD,21,10,4,0,40-50,53.86666666666667,10.0,3.0,0.3,147,52,4486.702,0.25,0.4,0.2,0.0,0.0,0,0,0.0,0.0,0,0,0.0,3140.94,1,0,0.0,44867.020000000004,10,3,0.3,0
LGS2ORD0036604,C017011,2025-10-17 21:00:00,Male,18,Silver,Web,Khon Kaen,1353,TV_Show,COD,21,10,4,0,<20,45.1,0.0,0.0,0.0,-1,-1,0.0,0.0,0.0,0.0,0.0,0.0,0,0,0.0,0.0,0,0,0.0,0.0,0,0,0.0,0.0,0,0,0.0,0
LGS2ORD0036605,C010526,2025-10-17 21:00:00,Male,48,Bronze,Lazada,Khon Kaen,1111,Shopee,PromptPay,21,10,4,0,40-50,37.03333333333333,6.0,0.0,0.0,-1,55,18231.056666666667,0.18,0.16666666666666666,0.0,0.0,0.0,0,0,0.0,0.0,0,0,0.0,52434.09,2,0,0.0,109386.34,6,0,0.0,0
LGS2ORD0036606,C010654,2025-10-17 21:00:00,Male,50,Platinum,TV,Nakhon Ratchasima,1018,Web,Credit_Card,21,10,4,0,40-50,33.93333333333333,2.0,0.0,0.0,-1,38,6736.77,0.3,0.5,0.5,0.0,0.0,0,0,0.0,0.0,0,0,0.0,4382.45,1,0,0.0,13473.54,2,0,0.0,1
LGS2ORD0036607,C017058,2025-10-17 21:00:00,Female,45,Bronze,CallCenter,Chiang Mai,1285,TV_Show,Credit_Card,21,10,4,0,40-50,42.833333333333336,8.0,1.0,0.125,222,39,9800.79625,0.18,0.5,0.0,0.0,0.0,0,0,0.0,0.0,0,0,0.0,2670.33,1,0,0.0,78406.37,8,1,0.125,1
LGS2ORD0036608,C014864,2025-10-17 22:00:00,Male,42,Gold,TV,Khon Kaen,599,Lazada,COD,22,10,4,0,40-50,19.966666666666665,5.0,1.0,0.2,6,22,6747.534,0.28,0.6,0.6,0.0,0.0,0,0,0.0,1242.9,1,1,1.0,27514.07,3,1,0.3333333333333333,33737.67,5,1,0.2,0
LGS2ORD0036609,C014919,2025-10-17 22:00:00,Male,40,Bronze,TV,Songkhla,1561,Web,COD,22,10,4,0,30-40,52.03333333333333,7.0,0.0,0.0,-1,48,5515.192857142857,0.23,0.2857142857142857,0.2857142857142857,0.0,0.0,0,0,0.0,0.0,0,0,0.0,20879.370000000003,2,0,0.0,38606.35,7,0,0.0,0
LGS2ORD0036610,C014087,2025-10-17 22:00:00,Female,69,Bronze,TV,Phuket,658,Lazada,Credit_Card,22,10,4,0,>50,21.933333333333334,11.0,6.0,0.5454545454545454,23,35,12775.769090909092,0.28,0.8181818181818182,0.2727272727272727,0.09090909090909091,0.0,0,0,0.0,0.0,0,0,0.0,10828.310000000001,2,2,1.0,140533.46000000002,11,6,0.5454545454545454,1
LGS2ORD0036611,C010450,2025-10-17 22:00:00,Male,32,Silver,TV,Khon Kaen,676,TV_Show,COD,22,10,4,0,30-40,22.533333333333335,4.0,0.0,0.0,-1,4,3732.4800000000005,0.15,1.0,0.0,0.0,1712.95,1,0,0.0,1712.95,1,0,0.0,3654.83,2,0,0.0,14929.920000000002,4,0,0.0,0
LGS2ORD0036612,C015880,2025-10-17 22:00:00,Male,59,Bronze,CallCenter,Chonburi,987,Web,COD,22,10,4,0,>50,32.9,6.0,2.0,0.3333333333333333,46,31,1962.0083333333332,0.23,0.6666666666666666,0.3333333333333333,0.0,0.0,0,0,0.0,0.0,0,0,0.0,11124.259999999998,5,2,0.4,11772.05,6,2,0.3333333333333333,0
LGS2ORD0036613,C013022,2025-10-17 23:00:00,Male,63,Silver,TV,Nakhon Ratchasima,441,Shopee,PromptPay,23,10,4,0,>50,14.7,3.0,1.0,0.3333333333333333,151,9,2826.4466666666667,0.2,0.6666666666666666,0.0,0.0,0.0,0,0,0.0,4296.6,1,0,0.0,4296.6,1,0,0.0,8479.34,3,1,0.3333333333333333,1
LGS2ORD0036614,C015901,2025-10-17 23:00:00,Female,54,Gold,Shopee,Khon Kaen,356,TV_Show,COD,23,10,4,0,>50,11.866666666666667,6.0,0.0,0.0,-1,91,1774.0283333333334,0.33,0.6666666666666666,0.3333333333333333,0.0,0.0,0,0,0.0,0.0,0,0,0.0,0.0,0,0,0.0,10644.17,6,0,0.0,0
LGS2ORD0036615,C016256,2025-10-17 23:00:00,Male,33,Gold,Shopee,Chiang Mai,598,Shopee,Bank_Transfer,23,10,4,0,30-40,19.933333333333334,1.0,0.0,0.0,-1,79,3574.83,0.13,0.0,0.0,0.0,0.0,0,0,0.0,0.0,0,0,0.0,3574.83,1,0,0.0,3574.83,1,0,0.0,0
LGS2ORD0036616,C016354,2025-10-17 23:00:00,Male,59,Bronze,TV,Phuket,584,TV_Show,Bank_Transfer,23,10,4,0,>50,19.466666666666665,6.0,1.0,0.16666666666666666,250,74,3245.181666666667,0.18,0.8333333333333334,0.0,0.0,0.0,0,0,0.0,0.0,0,0,0.0,3522.58,1,0,0.0,19471.09,6,1,0.16666666666666666,0
LGS2ORD0036617,C016437,2025-10-17 23:00:00,Female,35,Bronze,Web,Songkhla,848,TV_Show,Credit_Card,23,10,4,0,30-40,28.266666666666666,8.0,5.0,0.625,10,17,5011.39625,0.23,0.5,0.25,0.0,0.0,0,0,0.0,8189.82,2,1,0.5,12450.39,3,2,0.6666666666666666,40091.17,8,5,0.625,0
LGS2ORD0036618,C014377,2025-10-18 00:00:00,Female,37,Bronze,Web,Bangkok,1504,Shopee,Credit_Card,0,10,5,1,30-40,50.13333333333333,1.0,1.0,1.0,37,52,21514.53,0.23,1.0,1.0,0.0,0.0,0,0,0.0,0.0,0,0,0.0,21514.53,1,1,1.0,21514.53,1,1,1.0,0
LGS2ORD0036619,C016845,2025-10-18 00:00:00,Female,44,Bronze,TV,Nakhon Ratchasima,1120,CallCenter,COD,0,10,5,1,40-50,37.333333333333336,8.0,2.0,0.25,19,31,4660.32,0.23,0.75,0.125,0.0,0.0,0,0,0.0,0.0,0,0,0.0,12773.119999999999,3,1,0.3333333333333333,37282.56,8,2,0.25,0
LGS2ORD0036620,C013824,2025-10-18 00:00:00,Female,24,Silver,Lazada,Chiang Mai,1402,TV_Show,Credit_Card,0,10,5,1,20-30,46.733333333333334,5.0,2.0,0.4,78,68,8974.554,0.25,0.0,0.8,0.0,0.0,0,0,0.0,0.0,0,0,0.0,24743.0,1,0,0.0,44872.770000000004,5,2,0.4,0
LGS2ORD0036621,C011039,2025-10-18 00:00:00,Female,47,Bronze,Lazada,Chonburi,1328,Web,COD,0,10,5,1,40-50,44.266666666666666,9.0,6.0,0.6666666666666666,-11,3,5996.651111111112,0.28,0.6666666666666666,0.4444444444444444,0.0,4911.8,1,1,1.0,4911.8,1,1,1.0,4911.8,1,1,1.0,53969.86000000001,9,6,0.6666666666666666,0
LGS2ORD0036622,C012858,2025-10-18 00:00:00,Male,45,Gold,Web,Chiang Mai,1743,Shopee,COD,0,10,5,1,40-50,58.1,6.0,0.0,0.0,-1,95,1058.9933333333333,0.28,0.3333333333333333,0.3333333333333333,0.0,0.0,0,0,0.0,0.0,0,0,0.0,0.0,0,0,0.0,6353.96,6,0,0.0,0
LGS2ORD0036623,C015918,2025-10-18 01:00:00,Male,44,Platinum,TV,Songkhla,1625,TV_Show,COD,1,10,5,1,40-50,54.166666666666664,1.0,0.0,0.0,-1,149,1883.17,0.25,0.0,1.0,0.0,0.0,0,0,0.0,0.0,0,0,0.0,0.0,0,0,0.0,1883.17,1,0,0.0,1
LGS2ORD0036624,C015495,2025-10-18 01:00:00,Male,51,Silver,Web,Bangkok,354,TV_Show,Credit_Card,1,10,5,1,>50,11.8,4.0,0.0,0.0,-1,20,6130.69,0.2,0.75,0.0,0.0,0.0,0,0,0.0,23336.5,2,0,0.0,23336.5,2,0,0.0,24522.76,4,0,0.0,0
LGS2ORD0036625,C012750,2025-10-18 01:00:00,Female,18,Bronze,Web,Bangkok,1062,CallCenter,Credit_Card,1,10,5,1,<20,35.4,7.0,1.0,0.14285714285714285,275,0,4308.827142857143,0.28,0.8571428571428571,0.14285714285714285,0.0,1925.91,1,0,0.0,2701.69,2,0,0.0,11840.45,3,0,0.0,30161.790000000005,7,1,0.14285714285714285,0
LGS2ORD0036626,C013784,2025-10-18 01:00:00,Male,27,Bronze,TV,Nakhon Ratchasima,1353,TV_Show,Credit_Card,1,10,5,1,20-30,45.1,6.0,1.0,0.16666666666666666,158,13,2566.228333333333,0.28,0.5,0.16666666666666666,0.0,0.0,0,0,0.0,10943.22,2,0,0.0,10943.22,2,0,0.0,15397.369999999999,6,1,0.16666666666666666,0
LGS2ORD0036627,C013235,2025-10-18 01:00:00,Male,43,Gold,Web,Nakhon Ratchasima,1270,Lazada,Credit_Card,1,10,5,1,40-50,42.333333333333336,3.0,0.0,0.0,-1,174,2436.6266666666666,0.18,0.0,0.0,0.0,0.0,0,0,0.0,0.0,0,0,0.0,0.0,0,0,0.0,7309.88,3,0,0.0,0
LGS2ORD0036628,C015275,2025-10-18 01:00:00,Female,45,Silver,Web,Bangkok,593,Lazada,PromptPay,1,10,5,1,40-50,19.766666666666666,4.0,1.0,0.25,132,101,4383.31,0.25,0.5,0.25,0.0,0.0,0,0,0.0,0.0,0,0,0.0,0.0,0,0,0.0,17533.24,4,1,0.25,0
LGS2ORD0036629,C013911,2025-10-18 02:00:00,Female,30,Bronze,Lazada,Khon Kaen,1621,CallCenter,COD,2,10,5,1,20-30,54.03333333333333,7.0,1.0,0.14285714285714285,105,7,5361.422857142857,0.23,0.7142857142857143,0.14285714285714285,0.0,0.0,0,0,0.0,28272.86,2,0,0.0,30505.0,3,0,0.0,37529.96,7,1,0.14285714285714285,1
LGS2ORD0036630,C013246,2025-10-18 02:00:00,Male,31,Bronze,TV,Phuket,1201,CallCenter,COD,2,10,5,1,30-40,40.03333333333333,4.0,3.0,0.75,17,30,3282.6299999999997,0.13,0.75,0.0,0.0,0.0,0,0,0.0,0.0,0,0,0.0,3469.74,1,1,1.0,13130.519999999999,4,3,0.75,0
LGS2ORD0036631,C014356,2025-10-18 02:00:00,Male,24,Bronze,CallCenter,Remote_Area,511,Web,COD,2,10,5,1,20-30,17.033333333333335,1.0,1.0,1.0,246,260,7593.8,0.18,1.0,0.0,0.0,0.0,0,0,0.0,0.0,0,0,0.0,0.0,0,0,0.0,7593.8,1,1,1.0,1
LGS2ORD0036632,C011051,2025-10-18 02:00:00,Female,40,Bronze,TV,Phuket,843,Web,Bank_Transfer,2,10,5,1,30-40,28.1,6.0,3.0,0.5,9,19,3427.18,0.28,0.6666666666666666,0.5,0.0,0.0,0,0,0.0,1418.3,1,1,1.0,19990.62,5,3,0.6,20563.079999999998,6,3,0.5,0
LGS2ORD0036633,C013834,2025-10-18 02:00:00,Female,18,Bronze,Shopee,Bangkok,1331,TV_Show,COD,2,10,5,1,<20,44.36666666666667,8.0,0.0,0.0,-1,43,4865.49875,0.28,0.5,0.25,0.0,0.0,0,0,0.0,0.0,0,0,0.0,8664.35,2,0,0.0,38923.99,8,0,0.0,0
LGS2ORD0036634,C011252,2025-10-18 03:00:00,Female,32,Silver,TV,Bangkok,531,TV_Show,Credit_Card,3,10,5,1,30-40,17.7,7.0,4.0,0.5714285714285714,80,16,6674.391428571427,0.25,0.7142857142857143,0.42857142857142855,0.0,0.0,0,0,0.0,8171.09,1,0,0.0,27360.4,3,1,0.3333333333333333,46720.73999999999,7,4,0.5714285714285714,0
LGS2ORD0036635,C010392,2025-10-18 03:00:00,Female,46,Bronze,Shopee,Bangkok,647,CallCenter,COD,3,10,5,1,40-50,21.566666666666666,4.0,0.0,0.0,-1,52,5727.117500000001,0.28,0.25,0.5,0.0,0.0,0,0,0.0,0.0,0,0,0.0,1216.74,1,0,0.0,22908.470000000005,4,0,0.0,0
LGS2ORD0036636,C014147,2025-10-18 03:00:00,Female,18,Silver,Web,Nakhon Ratchasima,1664,Shopee,COD,3,10,5,1,<20,55.46666666666667,4.0,2.0,0.5,76,72,6545.192499999999,0.25,0.5,0.25,0.0,0.0,0,0,0.0,0.0,0,0,0.0,14634.970000000001,2,1,0.5,26180.769999999997,4,2,0.5,0
LGS2ORD0036637,C013345,2025-10-18 03:00:00,Female,47,Bronze,Shopee,Khon Kaen,846,Shopee,COD,3,10,5,1,40-50,28.2,6.0,1.0,0.16666666666666666,47,18,4983.731666666667,0.23,0.16666666666666666,0.16666666666666666,0.0,0.0,0,0,0.0,11744.43,2,0,0.0,24718.06,4,1,0.25,29902.39,6,1,0.16666666666666666,0
LGS2ORD0036638,C012870,2025-10-18 03:00:00,Male,55,Silver,Web,Bangkok,909,Shopee,Credit_Card,3,10,5,1,>50,30.3,10.0,2.0,0.2,94,81,3551.5449999999996,0.3,0.4,0.3,0.0,0.0,0,0,0.0,0.0,0,0,0.0,7531.07,1,0,0.0,35515.45,10,2,0.2,0
LGS2ORD0036639,C010855,2025-10-18 04:00:00,Male,63,Bronze,CallCenter,Phuket,1579,CallCenter,Credit_Card,4,10,5,1,>50,52.63333333333333,6.0,3.0,0.5,2,7,10755.949999999999,0.28,0.8333333333333334,0.16666666666666666,0.0,0.0,0,0,0.0,10438.89,1,1,1.0,43478.8,4,2,0.5,64535.7,6,3,0.5,0
LGS2ORD0036640,C010263,2025-10-18 04:00:00,Female,33,Gold,Lazada,Songkhla,1479,CallCenter,Bank_Transfer,4,10,5,1,30-40,49.3,3.0,3.0,1.0,121,137,3471.5633333333335,0.2299999999999999,1.0,0.3333333333333333,0.0,0.0,0,0,0.0,0.0,0,0,0.0,0.0,0,0,0.0,10414.69,3,3,1.0,0
LGS2ORD0036641,C012601,2025-10-18 04:00:00,Male,22,Gold,Shopee,Bangkok,1500,CallCenter,Credit_Card,4,10,5,1,20-30,50.0,6.0,1.0,0.16666666666666666,108,19,8268.480000000001,0.28,0.3333333333333333,0.5,0.0,0.0,0,0,0.0,4423.97,1,0,0.0,9326.67,3,0,0.0,49610.880000000005,6,1,0.16666666666666666,0
LGS2ORD0036642,C010736,2025-10-18 04:00:00,Male,33,Bronze,Shopee,Remote_Area,1003,TV_Show,COD,4,10,5,1,30-40,33.43333333333333,11.0,5.0,0.45454545454545453,6,7,6155.489090909091,0.28,0.6363636363636364,0.5454545454545454,0.0,1792.33,1,0,0.0,11937.01,2,1,0.5,11937.01,2,1,0.5,67710.38,11,5,0.45454545454545453,0
LGS2ORD0036643,C012481,2025-10-18 04:00:00,Female,49,Platinum,TV,Phuket,1340,TV_Show,COD,4,10,5,1,40-50,44.666666666666664,10.0,5.0,0.5,-5,2,5217.731000000001,0.35,0.6,0.8,0.0,4846.15,2,1,0.5,4846.15,2,1,0.5,13283.880000000001,4,2,0.5,52177.310000000005,10,5,0.5,1
LGS2ORD0036644,C016326,2025-10-18 05:00:00,Female,44,Silver,Shopee,Phuket,1553,Lazada,COD,5,10,5,1,40-50,51.766666666666666,4.0,0.0,0.0,-1,104,9305.06,0.25,0.75,0.5,0.0,0.0,0,0,0.0,0.0,0,0,0.0,0.0,0,0,0.0,37220.24,4,0,0.0,1
LGS2ORD0036645,C013681,2025-10-18 05:00:00,Female,49,Bronze,Web,Chiang Mai,1495,TV_Show,PromptPay,5,10,5,1,40-50,49.833333333333336,7.0,0.0,0.0,-1,68,1888.5457142857142,0.23,0.2857142857142857,0.14285714285714285,0.0,0.0,0,0,0.0,0.0,0,0,0.0,7339.59,3,0,0.0,13219.82,7,0,0.0,0
LGS2ORD0036646,C015084,2025-10-18 05:00:00,Female,30,Bronze,Shopee,Bangkok,432,Web,Credit_Card,5,10,5,1,20-30,14.4,2.0,0.0,0.0,-1,28,8145.71,0.18,0.0,0.0,0.0,0.0,0,0,0.0,13337.98,1,0,0.0,13337.98,1,0,0.0,16291.42,2,0,0.0,0
LGS2ORD0036647,C016027,2025-10-18 05:00:00,Male,34,Gold,Web,Bangkok,1517,TV_Show,COD,5,10,5,1,30-40,50.56666666666667,7.0,1.0,0.14285714285714285,271,14,8823.905714285715,0.28,0.7142857142857143,0.7142857142857143,0.0,0.0,0,0,0.0,1696.55,1,0,0.0,1696.55,1,0,0.0,61767.340000000004,7,1,0.14285714285714285,0
LGS2ORD0036648,C011229,2025-10-18 05:00:00,Male,42,Silver,Web,Bangkok,1641,CallCenter,PromptPay,5,10,5,1,40-50,54.7,3.0,1.0,0.3333333333333333,109,120,4021.69,0.1,0.6666666666666666,0.0,0.0,0.0,0,0,0.0,0.0,0,0,0.0,0.0,0,0,0.0,12065.07,3,1,0.3333333333333333,0
LGS2ORD0036649,C012420,2025-10-18 05:00:00,Male,50,Bronze,TV,Songkhla,891,CallCenter,Bank_Transfer,5,10,5,1,40-50,29.7,8.0,3.0,0.375,4,15,5822.942499999999,0.28,0.625,0.75,0.0,0.0,0,0,0.0,1240.75,1,1,1.0,20087.15,3,1,0.3333333333333333,46583.53999999999,8,3,0.375,0
LGS2ORD0036650,C013897,2025-10-18 06:00:00,Female,62,Bronze,TV,Chonburi,562,Web,Credit_Card,6,10,5,1,>50,18.733333333333334,1.0,1.0,1.0,97,104,13122.74,0.28,1.0,1.0,0.0,0.0,0,0,0.0,0.0,0,0,0.0,0.0,0,0,0.0,13122.74,1,1,1.0,0
LGS2ORD0036651,C014253,2025-10-18 06:00:00,Female,44,Bronze,Lazada,Phuket,1591,TV_Show,COD,6,10,5,1,40-50,53.03333333333333,2.0,0.0,0.0,-1,165,1612.9450000000002,0.23,0.0,0.5,0.5,0.0,0,0,0.0,0.0,0,0,0.0,0.0,0,0,0.0,3225.8900000000003,2,0,0.0,0
LGS2ORD0036652,C013111,2025-10-18 06:00:00,Female,46,Platinum,TV,Bangkok,1558,Shopee,PromptPay,6,10,5,1,40-50,51.93333333333333,1.0,0.0,0.0,-1,61,27634.49,0.2,0.0,0.0,0.0,0.0,0,0,0.0,0.0,0,0,0.0,27634.49,1,0,0.0,27634.49,1,0,0.0,0
LGS2ORD0036653,C010906,2025-10-18 06:00:00,Female,18,Silver,CallCenter,Songkhla,812,Web,COD,6,10,5,1,<20,27.066666666666666,6.0,1.0,0.16666666666666666,208,81,8996.733333333334,0.25,0.16666666666666666,0.3333333333333333,0.0,0.0,0,0,0.0,0.0,0,0,0.0,1808.43,1,0,0.0,53980.4,6,1,0.16666666666666666,1
LGS2ORD0036654,C010859,2025-10-18 06:00:00,Female,47,Silver,TV,Songkhla,374,CallCenter,COD,6,10,5,1,40-50,12.466666666666667,3.0,1.0,0.3333333333333333,43,11,7705.153333333333,0.3,0.3333333333333333,0.3333333333333333,0.0,0.0,0,0,0.0,2223.07,1,0,0.0,20938.02,2,1,0.5,23115.46,3,1,0.3333333333333333,0
LGS2ORD0036655,C016855,2025-10-18 07:00:00,Female,61,Silver,Web,Chonburi,1318,Shopee,Credit_Card,7,10,5,1,>50,43.93333333333333,3.0,0.0,0.0,-1,23,5484.936666666667,0.3,0.0,0.3333333333333333,0.0,0.0,0,0,0.0,2453.43,1,0,0.0,16454.81,3,0,0.0,16454.81,3,0,0.0,0
LGS2ORD0036656,C013637,2025-10-18 07:00:00,Female,42,Silver,Lazada,Remote_Area,1418,Shopee,COD,7,10,5,1,40-50,47.266666666666666,4.0,2.0,0.5,37,48,1898.215,0.2,0.5,0.0,0.0,0.0,0,0,0.0,0.0,0,0,0.0,5803.82,3,2,0.6666666666666666,7592.86,4,2,0.5,1
LGS2ORD0036657,C013834,2025-10-18 07:00:00,Female,18,Bronze,Shopee,Bangkok,1331,Shopee,COD,7,10,5,1,<20,44.36666666666667,9.0,0.0,0.0,-1,0,4514.834444444444,0.28,0.5555555555555556,0.2222222222222222,0.0,1709.52,1,0,0.0,1709.52,1,0,0.0,10373.87,3,0,0.0,40633.509999999995,9,0,0.0,0
LGS2ORD0036658,C017025,2025-10-18 07:00:00,Male,34,Gold,Lazada,Bangkok,400,TV_Show,Credit_Card,7,10,5,1,30-40,13.333333333333334,5.0,0.0,0.0,-1,88,4605.908,0.18,0.2,0.0,0.0,0.0,0,0,0.0,0.0,0,0,0.0,7841.41,1,0,0.0,23029.54,5,0,0.0,0
LGS2ORD0036659,C014209,2025-10-18 07:00:00,Male,54,Bronze,TV,Songkhla,685,TV_Show,Credit_Card,7,10,5,1,>50,22.833333333333332,8.0,0.0,0.0,-1,20,6066.20375,0.23,0.5,0.375,0.0,0.0,0,0,0.0,28134.98,2,0,0.0,33236.7,3,0,0.0,48529.63,8,0,0.0,0
LGS2ORD0036660,C016136,2025-10-18 08:00:00,Male,42,Silver,CallCenter,Remote_Area,540,CallCenter,Credit_Card,8,10,5,1,40-50,18.0,4.0,0.0,0.0,-1,50,2222.05,0.25,0.75,0.5,0.0,0.0,0,0,0.0,0.0,0,0,0.0,5372.97,2,0,0.0,8888.2,4,0,0.0,0
LGS2ORD0036661,C012816,2025-10-18 08:00:00,Male,56,Silver,Web,Bangkok,1428,TV_Show,COD,8,10,5,1,>50,47.6,1.0,1.0,1.0,206,214,3449.52,0.05,0.0,0.0,0.0,0.0,0,0,0.0,0.0,0,0,0.0,0.0,0,0,0.0,3449.52,1,1,1.0,0
LGS2ORD0036662,C010878,2025-10-18 08:00:00,Male,65,Silver,Lazada,Khon Kaen,625,TV_Show,COD,8,10,5,1,>50,20.833333333333332,7.0,1.0,0.14285714285714285,92,28,3263.434285714286,0.25,0.42857142857142855,0.14285714285714285,0.0,0.0,0,0,0.0,1737.04,1,0,0.0,7074.72,2,0,0.0,22844.04,7,1,0.14285714285714285,0
LGS2ORD0036663,C017402,2025-10-18 08:00:00,Male,18,Gold,Web,Bangkok,817,Web,COD,8,10,5,1,<20,27.233333333333334,2.0,1.0,0.5,188,40,2527.645,0.28,1.0,0.5,0.0,0.0,0,0,0.0,0.0,0,0,0.0,1852.1,1,0,0.0,5055.29,2,1,0.5,0
LGS2ORD0036664,C012982,2025-10-18 08:00:00,Female,51,Silver,TV,Songkhla,1356,Web,COD,8,10,5,1,>50,45.2,6.0,1.0,0.16666666666666666,212,49,2962.7433333333333,0.3,0.5,0.3333333333333333,0.0,0.0,0,0,0.0,0.0,0,0,0.0,5804.16,3,0,0.0,17776.46,6,1,0.16666666666666666,1
LGS2ORD0036665,C010450,2025-10-18 08:00:00,Male,32,Silver,TV,Khon Kaen,677,Shopee,COD,8,10,5,1,30-40,22.566666666666666,5.0,0.0,0.0,-1,0,4816.974,0.3,1.0,0.2,0.0,10867.900000000001,2,0,0.0,10867.900000000001,2,0,0.0,12809.78,3,0,0.0,24084.870000000003,5,0,0.0,1
LGS2ORD0036666,C011716,2025-10-18 09:00:00,Female,48,Bronze,Shopee,Remote_Area,1300,Web,COD,9,10,5,1,40-50,43.333333333333336,6.0,1.0,0.16666666666666666,116,10,4427.246666666667,0.23,0.16666666666666666,0.16666666666666666,0.0,0.0,0,0,0.0,4385.83,1,0,0.0,13295.34,2,0,0.0,26563.480000000003,6,1,0.16666666666666666,1
LGS2ORD0036667,C011363,2025-10-18 09:00:00,Female,43,Silver,Web,Phuket,1290,CallCenter,COD,9,10,5,1,40-50,43.0,5.0,0.0,0.0,-1,19,11558.908,0.2,0.2,0.0,0.0,0.0,0,0,0.0,1375.62,1,0,0.0,1375.62,1,0,0.0,57794.54,5,0,0.0,1
LGS2ORD0036668,C017083,2025-10-18 09:00:00,Male,31,Bronze,Web,Chiang Mai,1277,TV_Show,Credit_Card,9,10,5,1,30-40,42.56666666666667,10.0,2.0,0.2,85,34,3341.2870000000003,0.28,0.5,0.3,0.0,0.0,0,0,0.0,0.0,0,0,0.0,18075.34,4,0,0.0,33412.87,10,2,0.2,1
LGS2ORD0036669,C014550,2025-10-18 09:00:00,Female,18,Bronze,Lazada,Bangkok,1687,Shopee,COD,9,10,5,1,<20,56.233333333333334,1.0,0.0,0.0,-1,159,1214.79,0.28,1.0,1.0,0.0,0.0,0,0,0.0,0.0,0,0,0.0,0.0,0,0,0.0,1214.79,1,0,0.0,0
LGS2ORD0036670,C015819,2025-10-18 09:00:00,Female,29,Bronze,TV,Bangkok,621,Lazada,Credit_Card,9,10,5,1,20-30,20.7,7.0,0.0,0.0,-1,67,2401.061428571428,0.18,0.2857142857142857,0.0,0.0,0.0,0,0,0.0,0.0,0,0,0.0,4204.16,2,0,0.0,16807.429999999997,7,0,0.0,0
LGS2ORD0036671,C015557,2025-10-18 10:00:00,Female,44,Bronze,TV,Nakhon Ratchasima,375,CallCenter,Credit_Card,10,10,5,1,40-50,12.5,6.0,1.0,0.16666666666666666,110,11,2709.85,0.28,0.6666666666666666,0.5,0.0,0.0,0,0,0.0,7202.65,3,0,0.0,11931.97,4,0,0.0,16259.1,6,1,0.16666666666666666,0
LGS2ORD0036672,C013241,2025-10-18 10:00:00,Female,46,Bronze,Lazada,Khon Kaen,1595,Web,PromptPay,10,10,5,1,40-50,53.166666666666664,6.0,1.0,0.16666666666666666,30,14,10600.720000000001,0.28,0.5,0.3333333333333333,0.0,0.0,0,0,0.0,1434.64,1,0,0.0,4670.2,2,1,0.5,63604.32000000001,6,1,0.16666666666666666,0
LGS2ORD0036673,C017754,2025-10-18 10:00:00,Female,54,Silver,TV,Bangkok,973,Lazada,COD,10,10,5,1,>50,32.43333333333333,4.0,0.0,0.0,-1,103,3707.4275,0.3,0.25,0.5,0.0,0.0,0,0,0.0,0.0,0,0,0.0,0.0,0,0,0.0,14829.71,4,0,0.0,0
LGS2ORD0036674,C014018,2025-10-18 10:00:00,Male,37,Gold,Web,Bangkok,561,Web,COD,10,10,5,1,30-40,18.7,4.0,2.0,0.5,108,96,14870.9875,0.28,0.25,0.25,0.0,0.0,0,0,0.0,0.0,0,0,0.0,0.0,0,0,0.0,59483.95,4,2,0.5,0
LGS2ORD0036675,C017897,2025-10-18 10:00:00,Female,26,Gold,TV,Bangkok,1420,TV_Show,Bank_Transfer,10,10,5,1,20-30,47.333333333333336,3.0,1.0,0.3333333333333333,250,36,3186.4066666666663,0.33,0.3333333333333333,0.3333333333333333,0.0,0.0,0,0,0.0,0.0,0,0,0.0,1510.51,1,0,0.0,9559.22,3,1,0.3333333333333333,0
LGS2ORD0036676,C013199,2025-10-18 11:00:00,Female,39,Silver,Shopee,Chonburi,1116,CallCenter,PromptPay,11,10,5,1,30-40,37.2,2.0,0.0,0.0,-1,40,3455.5249999999996,0.1,0.0,0.0,0.0,0.0,0,0,0.0,0.0,0,0,0.0,4269.32,1,0,0.0,6911.049999999999,2,0,0.0,0
LGS2ORD0036677,C015750,2025-10-18 11:00:00,Female,46,Gold,Lazada,Bangkok,967,TV_Show,COD,11,10,5,1,40-50,32.233333333333334,10.0,2.0,0.2,228,8,4135.130999999999,0.28,0.5,0.2,0.0,0.0,0,0,0.0,2275.74,1,0,0.0,6082.93,3,0,0.0,41351.31,10,2,0.2,0
LGS2ORD0036678,C015036,2025-10-18 11:00:00,Female,45,Bronze,Web,Chonburi,1595,TV_Show,Bank_Transfer,11,10,5,1,40-50,53.166666666666664,7.0,2.0,0.2857142857142857,133,44,4559.527142857143,0.28,0.5714285714285714,0.14285714285714285,0.0,0.0,0,0,0.0,0.0,0,0,0.0,14500.349999999999,2,0,0.0,31916.690000000002,7,2,0.2857142857142857,0
LGS2ORD0036679,C016622,2025-10-18 11:00:00,Male,18,Silver,TV,Chonburi,1487,TV_Show,COD,11,10,5,1,<20,49.56666666666667,0.0,0.0,0.0,-1,-1,0.0,0.0,0.0,0.0,0.0,0.0,0,0,0.0,0.0,0,0,0.0,0.0,0,0,0.0,0.0,0,0,0.0,0
LGS2ORD0036680,C013789,2025-10-18 11:00:00,Female,37,Silver,Lazada,Songkhla,931,Shopee,COD,11,10,5,1,30-40,31.033333333333335,5.0,4.0,0.8,133,82,3908.0340000000006,0.25,0.8,0.4,0.0,0.0,0,0,0.0,0.0,0,0,0.0,7012.31,1,0,0.0,19540.170000000002,5,4,0.8,0
LGS2ORD0036681,C015306,2025-10-18 12:00:00,Male,42,Bronze,TV,Chiang Mai,1115,TV_Show,Credit_Card,12,10,5,1,40-50,37.166666666666664,4.0,0.0,0.0,-1,48,4515.2975,0.28,0.25,0.25,0.0,0.0,0,0,0.0,0.0,0,0,0.0,11351.83,2,0,0.0,18061.19,4,0,0.0,0
LGS2ORD0036682,C010982,2025-10-18 12:00:00,Other,46,Bronze,TV,Khon Kaen,1180,Shopee,Credit_Card,12,10,5,1,40-50,39.333333333333336,4.0,0.0,0.0,-1,149,2610.0425,0.18,0.25,0.0,0.0,0.0,0,0,0.0,0.0,0,0,0.0,0.0,0,0,0.0,10440.17,4,0,0.0,0
LGS2ORD0036683,C011737,2025-10-18 12:00:00,Male,40,Gold,TV,Bangkok,1654,Lazada,COD,12,10,5,1,30-40,55.13333333333333,3.0,1.0,0.3333333333333333,139,150,4109.423333333333,0.28,0.3333333333333333,1.0,0.0,0.0,0,0,0.0,0.0,0,0,0.0,0.0,0,0,0.0,12328.27,3,1,0.3333333333333333,0
LGS2ORD0036684,C011990,2025-10-18 12:00:00,Female,51,Bronze,TV,Songkhla,906,Web,PromptPay,12,10,5,1,>50,30.2,4.0,1.0,0.25,52,66,3082.4725,0.28,0.5,0.5,0.0,0.0,0,0,0.0,0.0,0,0,0.0,1246.39,1,1,1.0,12329.89,4,1,0.25,0
LGS2ORD0036685,C011064,2025-10-18 12:00:00,Female,61,Bronze,Web,Songkhla,388,Web,PromptPay,12,10,5,1,>50,12.933333333333334,4.0,0.0,0.0,-1,162,8550.67,0.28,0.25,0.5,0.0,0.0,0,0,0.0,0.0,0,0,0.0,0.0,0,0,0.0,34202.68,4,0,0.0,0
LGS2ORD0036686,C014947,2025-10-18 12:00:00,Female,44,Bronze,Lazada,Chonburi,956,Web,Credit_Card,12,10,5,1,40-50,31.866666666666667,4.0,1.0,0.25,263,42,1709.58,0.28,0.5,0.5,0.0,0.0,0,0,0.0,0.0,0,0,0.0,4311.47,1,0,0.0,6838.32,4,1,0.25,0
LGS2ORD0036687,C016149,2025-10-18 13:00:00,Other,61,Gold,TV,Bangkok,874,Shopee,Credit_Card,13,10,5,1,>50,29.133333333333333,5.0,0.0,0.0,-1,19,7009.0199999999995,0.33,0.6,0.6,0.0,0.0,0,0,0.0,12254.880000000001,2,0,0.0,16983.68,3,0,0.0,35045.1,5,0,0.0,0
LGS2ORD0036688,C016542,2025-10-18 13:00:00,Female,60,Platinum,Lazada,Songkhla,954,Web,Bank_Transfer,13,10,5,1,>50,31.8,5.0,1.0,0.2,252,59,11510.63,0.25,0.4,0.2,0.0,0.0,0,0,0.0,0.0,0,0,0.0,9499.86,1,0,0.0,57553.149999999994,5,1,0.2,0
LGS2ORD0036689,C015922,2025-10-18 13:00:00,Male,50,Bronze,Lazada,Bangkok,1314,TV_Show,COD,13,10,5,1,40-50,43.8,3.0,2.0,0.6666666666666666,13,33,8182.623333333334,0.23,1.0,0.3333333333333333,0.0,0.0,0,0,0.0,0.0,0,0,0.0,10936.79,1,1,1.0,24547.870000000003,3,2,0.6666666666666666,0
LGS2ORD0036690,C011358,2025-10-18 13:00:00,Male,27,Silver,Lazada,Bangkok,818,Web,COD,13,10,5,1,20-30,27.266666666666666,3.0,0.0,0.0,-1,215,2855.193333333333,0.2,0.3333333333333333,0.0,0.0,0.0,0,0,0.0,0.0,0,0,0.0,0.0,0,0,0.0,8565.58,3,0,0.0,1
LGS2ORD0036691,C010524,2025-10-18 13:00:00,Female,40,Bronze,Lazada,Bangkok,799,Shopee,Credit_Card,13,10,5,1,30-40,26.633333333333333,4.0,0.0,0.0,-1,0,12803.2775,0.23,0.5,0.5,0.0,1856.44,1,0,0.0,1856.44,1,0,0.0,30975.05,2,0,0.0,51213.11,4,0,0.0,0
LGS2ORD0036692,C014942,2025-10-18 14:00:00,Female,42,Bronze,CallCenter,Songkhla,790,Web,Credit_Card,14,10,5,1,40-50,26.333333333333332,3.0,0.0,0.0,-1,60,3496.9933333333333,0.18,0.3333333333333333,0.0,0.0,0.0,0,0,0.0,0.0,0,0,0.0,6248.66,1,0,0.0,10490.98,3,0,0.0,1
LGS2ORD0036693,C016892,2025-10-18 14:00:00,Male,62,Bronze,TV,Songkhla,1582,Shopee,COD,14,10,5,1,>50,52.733333333333334,5.0,2.0,0.4,11,13,3142.274,0.23,0.4,0.4,0.0,0.0,0,0,0.0,3866.29,1,1,1.0,5521.61,2,1,0.5,15711.369999999999,5,2,0.4,0
LGS2ORD0036694,C014518,2025-10-18 14:00:00,Female,21,Bronze,Shopee,Songkhla,373,TV_Show,COD,14,10,5,1,20-30,12.433333333333334,12.0,7.0,0.5833333333333334,9,15,5378.450833333333,0.28,0.9166666666666666,0.3333333333333333,0.0,0.0,0,0,0.0,5732.15,1,1,1.0,27005.270000000004,5,2,0.4,64541.41,12,7,0.5833333333333334,1
LGS2ORD0036695,C011409,2025-10-18 14:00:00,Female,56,Bronze,CallCenter,Chonburi,1595,Lazada,Credit_Card,14,10,5,1,>50,53.166666666666664,4.0,0.0,0.0,-1,16,5062.33,0.23,0.25,0.25,0.0,0.0,0,0,0.0,2600.14,1,0,0.0,6102.2,2,0,0.0,20249.32,4,0,0.0,0
LGS2ORD0036696,C011479,2025-10-18 14:00:00,Male,43,Bronze,Shopee,Songkhla,520,Shopee,COD,14,10,5,1,40-50,17.333333333333332,5.0,4.0,0.8,-7,2,10862.664,0.23,0.6,0.2,0.0,5429.5,1,1,1.0,5429.5,1,1,1.0,7470.64,2,2,1.0,54313.32,5,4,0.8,1
LGS2ORD0036697,C012969,2025-10-18 15:00:00,Female,43,Bronze,CallCenter,Phuket,1711,Web,COD,15,10,5,1,40-50,57.03333333333333,7.0,1.0,0.14285714285714285,217,61,11941.592857142856,0.23,0.5714285714285714,0.5714285714285714,0.0,0.0,0,0,0.0,0.0,0,0,0.0,942.81,1,0,0.0,83591.15,7,1,0.14285714285714285,1
LGS2ORD0036698,C011718,2025-10-18 15:00:00,Female,45,Gold,CallCenter,Bangkok,1682,TV_Show,COD,15,10,5,1,40-50,56.06666666666667,6.0,1.0,0.16666666666666666,126,97,3880.958333333334,0.33,0.5,0.3333333333333333,0.0,0.0,0,0,0.0,0.0,0,0,0.0,0.0,0,0,0.0,23285.750000000004,6,1,0.16666666666666666,0
LGS2ORD0036699,C013597,2025-10-18 15:00:00,Female,33,Bronze,TV,Remote_Area,535,CallCenter,COD,15,10,5,1,30-40,17.833333333333332,2.0,1.0,0.5,205,198,5084.58,0.23,0.0,0.5,0.0,0.0,0,0,0.0,0.0,0,0,0.0,0.0,0,0,0.0,10169.16,2,1,0.5,1
LGS2ORD0036700,C013526,2025-10-18 15:00:00,Male,39,Gold,CallCenter,Bangkok,362,Shopee,COD,15,10,5,1,30-40,12.066666666666666,5.0,2.0,0.4,126,15,2636.2700000000004,0.2299999999999999,0.4,0.6,0.0,0.0,0,0,0.0,3991.29,1,0,0.0,3991.29,1,0,0.0,13181.350000000002,5,2,0.4,0
LGS2ORD0036701,C017681,2025-10-18 15:00:00,Female,41,Silver,Shopee,Phuket,1505,CallCenter,COD,15,10,5,1,40-50,50.166666666666664,6.0,2.0,0.3333333333333333,1,11,3913.606666666667,0.3,0.16666666666666666,0.5,0.0,0.0,0,0,0.0,5608.7,2,1,0.5,5608.7,2,1,0.5,23481.640000000003,6,2,0.3333333333333333,1
LGS2ORD0036702,C017322,2025-10-18 16:00:00,Female,18,Bronze,TV,Chiang Mai,1478,Lazada,COD,16,10,5,1,<20,49.266666666666666,4.0,2.0,0.5,-1,1,2930.405,0.28,0.75,0.5,0.0,1832.44,1,1,1.0,1832.44,1,1,1.0,1832.44,1,1,1.0,11721.62,4,2,0.5,0
LGS2ORD0036703,C014729,2025-10-18 16:00:00,Female,57,Bronze,CallCenter,Bangkok,1668,Lazada,COD,16,10,5,1,>50,55.6,8.0,1.0,0.125,128,21,2656.9737499999997,0.28,0.625,0.25,0.0,0.0,0,0,0.0,925.81,1,0,0.0,3699.73,2,0,0.0,21255.789999999997,8,1,0.125,0
LGS2ORD0036704,C010216,2025-10-18 16:00:00,Male,23,Bronze,Web,Bangkok,1249,Web,COD,16,10,5,1,20-30,41.63333333333333,10.0,2.0,0.2,-3,7,3999.5620000000004,0.28,0.4,0.2,0.0,0.0,0,0,0.0,2620.84,2,1,0.5,22409.2,3,1,0.3333333333333333,39995.62,10,2,0.2,1
LGS2ORD0036705,C015462,2025-10-18 16:00:00,Male,55,Gold,Web,Phuket,1425,Lazada,PromptPay,16,10,5,1,>50,47.5,1.0,1.0,1.0,271,281,3732.81,0.08,0.0,0.0,0.0,0.0,0,0,0.0,0.0,0,0,0.0,0.0,0,0,0.0,3732.81,1,1,1.0,1
LGS2ORD0036706,C015501,2025-10-18 16:00:00,Male,44,Bronze,TV,Phuket,1199,TV_Show,PromptPay,16,10,5,1,40-50,39.96666666666667,6.0,1.0,0.16666666666666666,283,65,2571.6916666666666,0.28,0.5,0.3333333333333333,0.0,0.0,0,0,0.0,0.0,0,0,0.0,4543.450000000001,2,0,0.0,15430.15,6,1,0.16666666666666666,0
LGS2ORD0036707,C012151,2025-10-18 16:00:00,Female,36,Silver,Shopee,Remote_Area,1201,Lazada,PromptPay,16,10,5,1,30-40,40.03333333333333,6.0,1.0,0.16666666666666666,104,39,7292.884999999999,0.3,0.6666666666666666,0.5,0.0,0.0,0,0,0.0,0.0,0,0,0.0,26028.21,2,0,0.0,43757.31,6,1,0.16666666666666666,1
LGS2ORD0036708,C017168,2025-10-18 17:00:00,Male,53,Gold,Web,Bangkok,490,CallCenter,COD,17,10,5,1,>50,16.333333333333332,5.0,2.0,0.4,47,5,5824.486,0.33,0.6,0.6,0.0,5041.6,1,0,0.0,5041.6,1,0,0.0,15109.08,2,1,0.5,29122.43,5,2,0.4,0
LGS2ORD0036709,C011366,2025-10-18 17:00:00,Female,63,Silver,CallCenter,Chonburi,1474,Shopee,PromptPay,17,10,5,1,>50,49.13333333333333,5.0,2.0,0.4,-7,5,5102.7699999999995,0.3,0.4,0.6,0.0,1224.29,1,1,1.0,1224.29,1,1,1.0,6922.650000000001,3,1,0.3333333333333333,25513.85,5,2,0.4,0
LGS2ORD0036710,C011373,2025-10-18 17:00:00,Female,53,Silver,CallCenter,Chiang Mai,329,Shopee,COD,17,10,5,1,>50,10.966666666666667,2.0,0.0,0.0,-1,105,2160.4049999999997,0.25,0.0,0.5,0.0,0.0,0,0,0.0,0.0,0,0,0.0,0.0,0,0,0.0,4320.8099999999995,2,0,0.0,0
LGS2ORD0036711,C012872,2025-10-18 17:00:00,Female,33,Gold,CallCenter,Bangkok,1491,Web,Bank_Transfer,17,10,5,1,30-40,49.7,4.0,0.0,0.0,-1,43,4187.6325,0.28,0.5,0.5,0.0,0.0,0,0,0.0,0.0,0,0,0.0,11893.24,2,0,0.0,16750.53,4,0,0.0,0
LGS2ORD0036712,C016957,2025-10-18 17:00:00,Female,50,Silver,TV,Bangkok,1074,Shopee,COD,17,10,5,1,40-50,35.8,3.0,1.0,0.3333333333333333,217,66,8232.936666666666,0.25,0.6666666666666666,0.6666666666666666,0.0,0.0,0,0,0.0,0.0,0,0,0.0,1574.06,1,0,0.0,24698.81,3,1,0.3333333333333333,0
LGS2ORD0036713,C015297,2025-10-18 18:00:00,Male,26,Silver,Shopee,Nakhon Ratchasima,987,Web,COD,18,10,5,1,20-30,32.9,2.0,0.0,0.0,-1,42,3173.885,0.25,0.5,0.5,0.0,0.0,0,0,0.0,0.0,0,0,0.0,1575.05,1,0,0.0,6347.77,2,0,0.0,0
LGS2ORD0036714,C010510,2025-10-18 18:00:00,Female,19,Gold,CallCenter,Bangkok,816,Web,COD,18,10,5,1,<20,27.2,1.0,1.0,1.0,201,211,2047.83,0.13,1.0,0.0,0.0,0.0,0,0,0.0,0.0,0,0,0.0,0.0,0,0,0.0,2047.83,1,1,1.0,1
LGS2ORD0036715,C010908,2025-10-18 18:00:00,Male,31,Bronze,TV,Chiang Mai,741,Web,COD,18,10,5,1,30-40,24.7,2.0,1.0,0.5,99,115,14275.515,0.18,0.5,0.0,0.0,0.0,0,0,0.0,0.0,0,0,0.0,0.0,0,0,0.0,28551.03,2,1,0.5,0
LGS2ORD0036716,C014570,2025-10-18 18:00:00,Male,28,Bronze,Shopee,Bangkok,1335,CallCenter,PromptPay,18,10,5,1,20-30,44.5,4.0,1.0,0.25,98,76,2826.7525,0.18,0.75,0.0,0.0,0.0,0,0,0.0,0.0,0,0,0.0,5635.07,1,0,0.0,11307.01,4,1,0.25,1
LGS2ORD0036717,C010844,2025-10-18 18:00:00,Male,44,Silver,TV,Remote_Area,350,CallCenter,Credit_Card,18,10,5,1,40-50,11.666666666666666,6.0,2.0,0.3333333333333333,81,30,14397.76,0.3,0.6666666666666666,0.3333333333333333,0.0,0.0,0,0,0.0,0.0,0,0,0.0,52748.97,1,0,0.0,86386.56,6,2,0.3333333333333333,1
LGS2ORD0036718,C013102,2025-10-18 19:00:00,Female,48,Silver,Lazada,Khon Kaen,1364,Shopee,Credit_Card,19,10,5,1,40-50,45.46666666666667,7.0,1.0,0.14285714285714285,91,1,5420.891428571428,0.3,0.7142857142857143,0.5714285714285714,0.0,16815.08,1,0,0.0,20424.77,2,0,0.0,27903.47,3,0,0.0,37946.24,7,1,0.14285714285714285,0
LGS2ORD0036719,C016391,2025-10-18 19:00:00,Male,37,Bronze,CallCenter,Bangkok,482,CallCenter,COD,19,10,5,1,30-40,16.066666666666666,11.0,2.0,0.18181818181818182,136,56,2068.797272727273,0.23,0.5454545454545454,0.18181818181818182,0.0,0.0,0,0,0.0,0.0,0,0,0.0,6068.66,2,0,0.0,22756.770000000004,11,2,0.18181818181818182,0
LGS2ORD0036720,C012578,2025-10-18 19:00:00,Female,41,Bronze,Web,Chiang Mai,854,CallCenter,COD,19,10,5,1,40-50,28.466666666666665,8.0,1.0,0.125,193,45,9049.380000000001,0.23,0.375,0.125,0.0,0.0,0,0,0.0,0.0,0,0,0.0,15051.83,1,0,0.0,72395.04000000001,8,1,0.125,0
LGS2ORD0036721,C017504,2025-10-18 19:00:00,Male,38,Bronze,TV,Nakhon Ratchasima,637,Shopee,PromptPay,19,10,5,1,30-40,21.233333333333334,3.0,0.0,0.0,-1,61,4328.99,0.13,0.3333333333333333,0.0,0.0,0.0,0,0,0.0,0.0,0,0,0.0,995.06,1,0,0.0,12986.97,3,0,0.0,0
LGS2ORD0036722,C011461,2025-10-18 19:00:00,Female,60,Bronze,Web,Remote_Area,1356,Web,COD,19,10,5,1,>50,45.2,5.0,2.0,0.4,153,110,4186.368,0.23,0.6,0.4,0.0,0.0,0,0,0.0,0.0,0,0,0.0,0.0,0,0,0.0,20931.84,5,2,0.4,0
LGS2ORD0036723,C016227,2025-10-18 20:00:00,Female,57,Platinum,Lazada,Chonburi,805,Web,COD,20,10,5,1,>50,26.833333333333332,7.0,3.0,0.42857142857142855,57,36,3956.634285714286,0.25,0.42857142857142855,0.2857142857142857,0.0,0.0,0,0,0.0,0.0,0,0,0.0,10571.5,3,1,0.3333333333333333,27696.440000000002,7,3,0.42857142857142855,0
LGS2ORD0036724,C012901,2025-10-18 20:00:00,Male,44,Silver,Web,Remote_Area,1256,TV_Show,COD,20,10,5,1,40-50,41.86666666666667,4.0,3.0,0.75,-7,12,1676.8775,0.2,0.75,0.0,0.0,0.0,0,0,0.0,1632.91,2,2,1.0,1632.91,2,2,1.0,6707.51,4,3,0.75,1
LGS2ORD0036725,C017460,2025-10-18 20:00:00,Female,37,Silver,TV,Chiang Mai,1068,Web,COD,20,10,5,1,30-40,35.6,4.0,1.0,0.25,231,37,6822.0575,0.2,1.0,0.0,0.0,0.0,0,0,0.0,0.0,0,0,0.0,1680.27,1,0,0.0,27288.23,4,1,0.25,0
LGS2ORD0036726,C010212,2025-10-18 20:00:00,Male,51,Bronze,Web,Bangkok,1579,Web,COD,20,10,5,1,>50,52.63333333333333,11.0,2.0,0.18181818181818182,252,17,7966.1609090909105,0.28,0.8181818181818182,0.36363636363636365,0.0,0.0,0,0,0.0,13686.85,2,0,0.0,20498.1,4,0,0.0,87627.77000000002,11,2,0.18181818181818182,0
LGS2ORD0036727,C010508,2025-10-18 20:00:00,Male,57,Bronze,TV,Chiang Mai,716,CallCenter,Bank_Transfer,20,10,5,1,>50,23.866666666666667,4.0,1.0,0.25,193,70,2468.6125,0.03,0.25,0.0,0.0,0.0,0,0,0.0,0.0,0,0,0.0,870.0,1,0,0.0,9874.45,4,1,0.25,0
LGS2ORD0036728,C017183,2025-10-18 20:00:00,Male,53,Bronze,Web,Chiang Mai,1163,Lazada,COD,20,10,5,1,>50,38.766666666666666,1.0,1.0,1.0,178,192,3366.72,0.18,0.0,0.0,0.0,0.0,0,0,0.0,0.0,0,0,0.0,0.0,0,0,0.0,3366.72,1,1,1.0,0
LGS2ORD0036729,C010071,2025-10-18 21:00:00,Female,51,Bronze,TV,Remote_Area,662,Shopee,COD,21,10,5,1,>50,22.066666666666666,5.0,2.0,0.4,60,74,6917.4800000000005,0.28,0.6,0.8,0.0,0.0,0,0,0.0,0.0,0,0,0.0,16944.31,1,1,1.0,34587.4,5,2,0.4,0
LGS2ORD0036730,C011973,2025-10-18 21:00:00,Female,72,Bronze,Web,Phuket,534,Shopee,COD,21,10,5,1,>50,17.8,5.0,3.0,0.6,22,32,5120.2339999999995,0.28,0.8,0.2,0.0,0.0,0,0,0.0,0.0,0,0,0.0,2611.55,1,1,1.0,25601.17,5,3,0.6,1
LGS2ORD0036731,C013372,2025-10-18 21:00:00,Female,67,Gold,Web,Phuket,1579,Shopee,Credit_Card,21,10,5,1,>50,52.63333333333333,3.0,1.0,0.3333333333333333,49,55,3101.023333333333,0.28,1.0,0.3333333333333333,0.0,0.0,0,0,0.0,0.0,0,0,0.0,2924.3900000000003,2,1,0.5,9303.07,3,1,0.3333333333333333,0
LGS2ORD0036732,C012089,2025-10-18 21:00:00,Female,26,Bronze,Web,Chonburi,604,Web,COD,21,10,5,1,20-30,20.133333333333333,5.0,1.0,0.2,228,15,2666.184,0.18,0.4,0.0,0.0,0.0,0,0,0.0,5116.73,2,0,0.0,5116.73,2,0,0.0,13330.92,5,1,0.2,1
LGS2ORD0036733,C010968,2025-10-18 21:00:00,Female,50,Bronze,CallCenter,Phuket,932,Shopee,COD,21,10,5,1,40-50,31.066666666666666,11.0,3.0,0.2727272727272727,4,6,4913.205454545455,0.28,0.5454545454545454,0.18181818181818182,0.0,9227.37,1,0,0.0,10470.460000000001,2,1,0.5,25489.120000000003,5,2,0.4,54045.26,11,3,0.2727272727272727,1
LGS2ORD0036734,C011691,2025-10-18 22:00:00,Male,47,Silver,Lazada,Nakhon Ratchasima,918,TV_Show,COD,22,10,5,1,40-50,30.6,3.0,0.0,0.0,-1,9,6069.62,0.3,0.3333333333333333,0.6666666666666666,0.0,0.0,0,0,0.0,8387.65,1,0,0.0,8387.65,1,0,0.0,18208.86,3,0,0.0,1
LGS2ORD0036735,C016566,2025-10-18 22:00:00,Male,36,Bronze,Lazada,Khon Kaen,1284,Web,Credit_Card,22,10,5,1,30-40,42.8,4.0,0.0,0.0,-1,95,10046.32,0.23,0.0,0.25,0.0,0.0,0,0,0.0,0.0,0,0,0.0,0.0,0,0,0.0,40185.28,4,0,0.0,0
LGS2ORD0036736,C012919,2025-10-18 22:00:00,Female,43,Bronze,Lazada,Chiang Mai,855,Lazada,COD,22,10,5,1,40-50,28.5,4.0,1.0,0.25,18,11,4527.742499999999,0.23,1.0,0.25,0.0,0.0,0,0,0.0,6423.21,2,1,0.5,15351.02,3,1,0.3333333333333333,18110.969999999998,4,1,0.25,0
LGS2ORD0036737,C011437,2025-10-18 22:00:00,Female,33,Silver,Web,Songkhla,1434,Web,Bank_Transfer,22,10,5,1,30-40,47.8,5.0,2.0,0.4,214,20,6488.268,0.25,0.2,0.2,0.0,0.0,0,0,0.0,18429.08,1,0,0.0,20867.22,2,0,0.0,32441.34,5,2,0.4,0
LGS2ORD0036738,C014936,2025-10-18 22:00:00,Female,32,Silver,CallCenter,Nakhon Ratchasima,1576,CallCenter,PromptPay,22,10,5,1,30-40,52.53333333333333,3.0,1.0,0.3333333333333333,88,104,8831.38,0.25,0.3333333333333333,0.3333333333333333,0.0,0.0,0,0,0.0,0.0,0,0,0.0,0.0,0,0,0.0,26494.14,3,1,0.3333333333333333,0
LGS2ORD0036739,C015284,2025-10-18 23:00:00,Male,59,Silver,TV,Bangkok,907,Web,PromptPay,23,10,5,1,>50,30.233333333333334,3.0,1.0,0.3333333333333333,153,10,8866.02,0.2,0.0,0.0,0.0,0.0,0,0,0.0,1111.0,1,0,0.0,1111.0,1,0,0.0,26598.06,3,1,0.3333333333333333,0
LGS2ORD0036740,C012337,2025-10-18 23:00:00,Male,50,Bronze,Web,Bangkok,1615,TV_Show,Credit_Card,23,10,5,1,40-50,53.833333333333336,6.0,2.0,0.3333333333333333,150,77,8858.461666666668,0.23,0.3333333333333333,0.3333333333333333,0.0,0.0,0,0,0.0,0.0,0,0,0.0,1480.04,1,0,0.0,53150.770000000004,6,2,0.3333333333333333,0
LGS2ORD0036741,C010546,2025-10-18 23:00:00,Male,30,Silver,Shopee,Chiang Mai,1039,TV_Show,Credit_Card,23,10,5,1,20-30,34.63333333333333,7.0,0.0,0.0,-1,72,2768.1528571428576,0.2,0.14285714285714285,0.0,0.0,0.0,0,0,0.0,0.0,0,0,0.0,4097.17,2,0,0.0,19377.070000000003,7,0,0.0,0
LGS2ORD0036742,C012467,2025-10-18 23:00:00,Male,20,Gold,TV,Khon Kaen,998,Lazada,Bank_Transfer,23,10,5,1,<20,33.266666666666666,2.0,0.0,0.0,-1,40,1555.48,0.08,0.5,0.0,0.0,0.0,0,0,0.0,0.0,0,0,0.0,2547.47,1,0,0.0,3110.96,2,0,0.0,0
LGS2ORD0036743,C012094,2025-10-18 23:00:00,Male,45,Bronze,Web,Chiang Mai,853,Shopee,COD,23,10,5,1,40-50,28.433333333333334,4.0,1.0,0.25,217,12,12459.42,0.23,0.5,0.25,0.0,0.0,0,0,0.0,17654.12,2,0,0.0,17654.12,2,0,0.0,49837.68,4,1,0.25,0
LGS2ORD0036744,C017812,2025-10-19 00:00:00,Female,32,Gold,Shopee,Bangkok,1388,Lazada,Credit_Card,0,10,6,1,30-40,46.266666666666666,2.0,1.0,0.5,145,151,3033.4,0.33,0.5,0.5,0.0,0.0,0,0,0.0,0.0,0,0,0.0,0.0,0,0,0.0,6066.8,2,1,0.5,0
LGS2ORD0036745,C010847,2025-10-19 00:00:00,Female,43,Gold,Web,Bangkok,846,TV_Show,COD,0,10,6,1,40-50,28.2,5.0,1.0,0.2,76,21,3458.488,0.2299999999999999,0.6,0.2,0.0,0.0,0,0,0.0,3681.17,1,0,0.0,6225.21,3,1,0.3333333333333333,17292.44,5,1,0.2,1
LGS2ORD0036746,C012783,2025-10-19 00:00:00,Male,32,Silver,Shopee,Chiang Mai,1344,CallCenter,COD,0,10,6,1,30-40,44.8,3.0,0.0,0.0,-1,50,9112.36,0.1,0.6666666666666666,0.0,0.0,0.0,0,0,0.0,0.0,0,0,0.0,19278.86,1,0,0.0,27337.08,3,0,0.0,0
LGS2ORD0036747,C017871,2025-10-19 00:00:00,Male,45,Silver,TV,Chiang Mai,1393,CallCenter,Bank_Transfer,0,10,6,1,40-50,46.43333333333333,5.0,1.0,0.2,271,36,8022.639999999999,0.25,0.6,0.4,0.0,0.0,0,0,0.0,0.0,0,0,0.0,10146.05,1,0,0.0,40113.2,5,1,0.2,0
LGS2ORD0036748,C017648,2025-10-19 00:00:00,Male,25,Platinum,Lazada,Nakhon Ratchasima,1363,Lazada,COD,0,10,6,1,20-30,45.43333333333333,6.0,2.0,0.3333333333333333,36,46,2701.318333333333,0.35,0.5,0.5,0.0,0.0,0,0,0.0,0.0,0,0,0.0,688.54,1,1,1.0,16207.91,6,2,0.3333333333333333,0
LGS2ORD0036749,C014530,2025-10-19 00:00:00,Female,61,Bronze,TV,Remote_Area,1490,Web,COD,0,10,6,1,>50,49.666666666666664,4.0,1.0,0.25,-9,3,11426.752499999999,0.18,0.75,0.0,0.0,29986.39,1,1,1.0,30641.36,2,1,0.5,30641.36,2,1,0.5,45707.009999999995,4,1,0.25,0
LGS2ORD0036750,C010464,2025-10-19 01:00:00,Female,45,Gold,CallCenter,Bangkok,466,Lazada,Credit_Card,1,10,6,1,40-50,15.533333333333333,8.0,1.0,0.125,11,10,2136.5375,0.28,0.5,0.75,0.0,0.0,0,0,0.0,3187.4399999999996,2,1,0.5,9054.63,4,1,0.25,17092.3,8,1,0.125,0
LGS2ORD0036751,C015677,2025-10-19 01:00:00,Male,24,Bronze,Lazada,Chonburi,507,Shopee,COD,1,10,6,1,20-30,16.9,2.0,0.0,0.0,-1,7,14219.025,0.13,0.0,0.0,0.0,0.0,0,0,0.0,27768.53,1,0,0.0,28438.05,2,0,0.0,28438.05,2,0,0.0,0
LGS2ORD0036752,C017257,2025-10-19 01:00:00,Male,24,Silver,TV,Bangkok,918,CallCenter,COD,1,10,6,1,20-30,30.6,2.0,2.0,1.0,90,101,769.96,0.3,0.0,0.5,0.0,0.0,0,0,0.0,0.0,0,0,0.0,0.0,0,0,0.0,1539.92,2,2,1.0,1
LGS2ORD0036753,C013153,2025-10-19 01:00:00,Female,49,Silver,Web,Phuket,1299,Shopee,COD,1,10,6,1,40-50,43.3,2.0,1.0,0.5,177,174,16130.66,0.25,1.0,1.0,0.0,0.0,0,0,0.0,0.0,0,0,0.0,0.0,0,0,0.0,32261.32,2,1,0.5,0
LGS2ORD0036754,C011054,2025-10-19 01:00:00,Male,47,Silver,Web,Bangkok,956,Shopee,COD,1,10,6,1,40-50,31.866666666666667,1.0,0.0,0.0,-1,3,983.86,0.05,1.0,0.0,0.0,983.86,1,0,0.0,983.86,1,0,0.0,983.86,1,0,0.0,983.86,1,0,0.0,0
LGS2ORD0036755,C011827,2025-10-19 02:00:00,Female,62,Bronze,Lazada,Bangkok,1130,Web,Credit_Card,2,10,6,1,>50,37.666666666666664,4.0,2.0,0.5,55,58,4422.1125,0.23,0.5,0.25,0.0,0.0,0,0,0.0,0.0,0,0,0.0,1490.87,1,1,1.0,17688.45,4,2,0.5,0
LGS2ORD0036756,C010420,2025-10-19 02:00:00,Male,52,Platinum,Shopee,Songkhla,725,CallCenter,COD,2,10,6,1,>50,24.166666666666668,7.0,1.0,0.14285714285714285,56,20,3872.9828571428566,0.35,0.42857142857142855,0.5714285714285714,0.0,0.0,0,0,0.0,5040.78,1,0,0.0,17130.84,4,1,0.25,27110.879999999997,7,1,0.14285714285714285,0
LGS2ORD0036757,C010609,2025-10-19 02:00:00,Female,36,Silver,TV,Bangkok,712,CallCenter,COD,2,10,6,1,30-40,23.733333333333334,0.0,0.0,0.0,-1,-1,0.0,0.0,0.0,0.0,0.0,0.0,0,0,0.0,0.0,0,0,0.0,0.0,0,0,0.0,0.0,0,0,0.0,1
LGS2ORD0036758,C016240,2025-10-19 02:00:00,Female,42,Bronze,TV,Bangkok,993,CallCenter,COD,2,10,6,1,40-50,33.1,11.0,2.0,0.18181818181818182,-5,5,5804.596363636364,0.28,0.5454545454545454,0.18181818181818182,0.0,14305.37,1,1,1.0,14305.37,1,1,1.0,14305.37,1,1,1.0,63850.560000000005,11,2,0.18181818181818182,0
LGS2ORD0036759,C012607,2025-10-19 02:00:00,Male,44,Bronze,TV,Chiang Mai,727,Shopee,Bank_Transfer,2,10,6,1,40-50,24.233333333333334,7.0,0.0,0.0,-1,16,2199.115714285714,0.28,0.42857142857142855,0.42857142857142855,0.0,0.0,0,0,0.0,1250.67,1,0,0.0,6448.76,2,0,0.0,15393.81,7,0,0.0,0
LGS2ORD0036760,C014516,2025-10-19 03:00:00,Other,57,Bronze,Lazada,Chonburi,1062,Shopee,Bank_Transfer,3,10,6,1,>50,35.4,5.0,2.0,0.4,40,53,4282.528,0.28,1.0,0.6,0.0,0.0,0,0,0.0,0.0,0,0,0.0,705.2,1,1,1.0,21412.640000000003,5,2,0.4,0
LGS2ORD0036761,C012593,2025-10-19 03:00:00,Female,45,Bronze,TV,Remote_Area,455,Web,COD,3,10,6,1,40-50,15.166666666666666,3.0,0.0,0.0,-1,167,5139.8533333333335,0.08,0.3333333333333333,0.0,0.0,0.0,0,0,0.0,0.0,0,0,0.0,0.0,0,0,0.0,15419.560000000001,3,0,0.0,0
LGS2ORD0036762,C011128,2025-10-19 03:00:00,Female,59,Gold,Lazada,Bangkok,1004,CallCenter,COD,3,10,6,1,>50,33.46666666666667,8.0,3.0,0.375,14,24,3895.44375,0.28,0.625,0.5,0.0,0.0,0,0,0.0,3604.03,1,1,1.0,5981.74,2,1,0.5,31163.55,8,3,0.375,0
LGS2ORD0036763,C014821,2025-10-19 03:00:00,Female,38,Bronze,TV,Bangkok,644,Shopee,COD,3,10,6,1,30-40,21.466666666666665,7.0,3.0,0.42857142857142855,130,29,7443.544285714285,0.23,0.8571428571428571,0.14285714285714285,0.0,0.0,0,0,0.0,319.54,1,0,0.0,934.6300000000001,2,0,0.0,52104.81,7,3,0.42857142857142855,0
LGS2ORD0036764,C015476,2025-10-19 03:00:00,Male,50,Silver,TV,Khon Kaen,1211,Shopee,Bank_Transfer,3,10,6,1,40-50,40.36666666666667,5.0,1.0,0.2,155,3,7829.1579999999985,0.3,0.4,0.6,0.0,22923.29,2,0,0.0,22923.29,2,0,0.0,22923.29,2,0,0.0,39145.78999999999,5,1,0.2,0
LGS2ORD0036765,C010242,2025-10-19 04:00:00,Female,72,Bronze,TV,Chonburi,597,Shopee,COD,4,10,6,1,>50,19.9,6.0,0.0,0.0,-1,64,2784.0166666666664,0.28,0.5,0.3333333333333333,0.0,0.0,0,0,0.0,0.0,0,0,0.0,2460.69,1,0,0.0,16704.1,6,0,0.0,1
LGS2ORD0036766,C010396,2025-10-19 04:00:00,Female,40,Bronze,Shopee,Phuket,857,CallCenter,Credit_Card,4,10,6,1,30-40,28.566666666666666,8.0,4.0,0.5,57,45,2454.6862499999997,0.28,0.625,0.625,0.0,0.0,0,0,0.0,0.0,0,0,0.0,4664.51,2,1,0.5,19637.489999999998,8,4,0.5,0
LGS2ORD0036767,C016962,2025-10-19 04:00:00,Female,45,Bronze,TV,Songkhla,933,CallCenter,COD,4,10,6,1,40-50,31.1,5.0,3.0,0.6,70,77,4910.204,0.23,0.6,0.2,0.0,0.0,0,0,0.0,0.0,0,0,0.0,6066.88,1,1,1.0,24551.02,5,3,0.6,0
LGS2ORD0036768,C014110,2025-10-19 04:00:00,Male,60,Bronze,Shopee,Chiang Mai,823,CallCenter,COD,4,10,6,1,>50,27.433333333333334,8.0,1.0,0.125,71,27,3168.8325000000004,0.23,0.5,0.375,0.0,0.0,0,0,0.0,1454.53,1,0,0.0,13413.060000000001,3,1,0.3333333333333333,25350.660000000003,8,1,0.125,0
LGS2ORD0036769,C012960,2025-10-19 04:00:00,Female,50,Gold,TV,Chiang Mai,654,TV_Show,Credit_Card,4,10,6,1,40-50,21.8,3.0,0.0,0.0,-1,16,2061.3733333333334,0.28,1.0,0.6666666666666666,0.0,0.0,0,0,0.0,695.66,1,0,0.0,3932.0699999999997,2,0,0.0,6184.12,3,0,0.0,0
LGS2ORD0036770,C012628,2025-10-19 04:00:00,Male,34,Platinum,Shopee,Bangkok,989,Shopee,Credit_Card,4,10,6,1,30-40,32.96666666666667,10.0,1.0,0.1,126,34,4263.737999999999,0.3,0.5,0.5,0.0,0.0,0,0,0.0,0.0,0,0,0.0,19494.010000000002,3,0,0.0,42637.38,10,1,0.1,0
LGS2ORD0036771,C011264,2025-10-19 05:00:00,Female,33,Gold,TV,Nakhon Ratchasima,704,Shopee,Credit_Card,5,10,6,1,30-40,23.466666666666665,2.0,0.0,0.0,-1,21,2115.275,0.18,1.0,0.0,0.0,0.0,0,0,0.0,250.92,1,0,0.0,250.92,1,0,0.0,4230.55,2,0,0.0,0
LGS2ORD0036772,C017622,2025-10-19 05:00:00,Female,49,Silver,TV,Chiang Mai,1186,TV_Show,Credit_Card,5,10,6,1,40-50,39.53333333333333,7.0,2.0,0.2857142857142857,19,35,2816.527142857143,0.3,0.42857142857142855,0.14285714285714285,0.0,0.0,0,0,0.0,0.0,0,0,0.0,6040.84,3,1,0.3333333333333333,19715.690000000002,7,2,0.2857142857142857,0
LGS2ORD0036773,C013638,2025-10-19 05:00:00,Male,70,Bronze,Web,Nakhon Ratchasima,585,Shopee,COD,5,10,6,1,>50,19.5,9.0,2.0,0.2222222222222222,192,19,4755.294444444445,0.28,0.6666666666666666,0.3333333333333333,0.0,0.0,0,0,0.0,17139.16,2,0,0.0,25636.57,3,0,0.0,42797.65,9,2,0.2222222222222222,1
LGS2ORD0036774,C013301,2025-10-19 05:00:00,Female,42,Bronze,Web,Nakhon Ratchasima,1306,Shopee,Credit_Card,5,10,6,1,40-50,43.53333333333333,7.0,2.0,0.2857142857142857,135,120,3960.484285714286,0.28,0.5714285714285714,0.14285714285714285,0.0,0.0,0,0,0.0,0.0,0,0,0.0,0.0,0,0,0.0,27723.390000000003,7,2,0.2857142857142857,0
LGS2ORD0036775,C010516,2025-10-19 05:00:00,Female,55,Bronze,Lazada,Bangkok,1206,Shopee,COD,5,10,6,1,>50,40.2,2.0,0.0,0.0,-1,19,1943.1499999999999,0.03,0.5,0.0,0.0,0.0,0,0,0.0,2493.72,1,0,0.0,2493.72,1,0,0.0,3886.2999999999997,2,0,0.0,0
LGS2ORD0036776,C016369,2025-10-19 06:00:00,Other,22,Silver,Shopee,Bangkok,452,Lazada,Bank_Transfer,6,10,6,1,20-30,15.066666666666666,6.0,1.0,0.16666666666666666,203,30,5969.215,0.3,0.6666666666666666,0.16666666666666666,0.0,0.0,0,0,0.0,0.0,0,0,0.0,12814.39,2,0,0.0,35815.29,6,1,0.16666666666666666,0
LGS2ORD0036777,C010605,2025-10-19 06:00:00,Female,37,Platinum,Web,Bangkok,1463,Lazada,Credit_Card,6,10,6,1,30-40,48.766666666666666,2.0,0.0,0.0,-1,150,6839.945,0.25,0.0,0.5,0.0,0.0,0,0,0.0,0.0,0,0,0.0,0.0,0,0,0.0,13679.89,2,0,0.0,0
LGS2ORD0036778,C017029,2025-10-19 06:00:00,Female,56,Silver,Shopee,Remote_Area,1029,Lazada,COD,6,10,6,1,>50,34.3,4.0,2.0,0.5,-8,8,11367.3725,0.3,0.5,0.25,0.0,0.0,0,0,0.0,873.76,1,1,1.0,873.76,1,1,1.0,45469.49,4,2,0.5,1
LGS2ORD0036779,C017358,2025-10-19 06:00:00,Female,50,Gold,Web,Chiang Mai,1199,Web,Bank_Transfer,6,10,6,1,40-50,39.96666666666667,6.0,0.0,0.0,-1,21,11888.58333333333,0.33,0.3333333333333333,0.6666666666666666,0.0,0.0,0,0,0.0,13411.050000000001,2,0,0.0,17050.97,3,0,0.0,71331.49999999999,6,0,0.0,0
LGS2ORD0036780,C010284,2025-10-19 06:00:00,Female,31,Gold,Shopee,Bangkok,1027,Shopee,Credit_Card,6,10,6,1,30-40,34.233333333333334,2.0,1.0,0.5,94,107,15095.205,0.13,0.0,0.0,0.0,0.0,0,0,0.0,0.0,0,0,0.0,0.0,0,0,0.0,30190.41,2,1,0.5,0
LGS2ORD0036781,C011500,2025-10-19 07:00:00,Female,28,Gold,Web,Nakhon Ratchasima,1404,Web,COD,7,10,6,1,20-30,46.8,6.0,0.0,0.0,-1,42,7899.615000000001,0.2299999999999999,0.5,0.16666666666666666,0.0,0.0,0,0,0.0,0.0,0,0,0.0,38644.65,2,0,0.0,47397.69,6,0,0.0,0
LGS2ORD0036782,C017466,2025-10-19 07:00:00,Female,34,Silver,Web,Songkhla,634,Web,COD,7,10,6,1,30-40,21.133333333333333,5.0,2.0,0.4,90,38,3113.846,0.25,0.6,0.4,0.0,0.0,0,0,0.0,0.0,0,0,0.0,7120.58,2,0,0.0,15569.23,5,2,0.4,1
LGS2ORD0036783,C016337,2025-10-19 07:00:00,Male,37,Bronze,TV,Remote_Area,460,TV_Show,COD,7,10,6,1,30-40,15.333333333333334,4.0,1.0,0.25,168,52,6252.7525,0.28,0.5,0.25,0.0,0.0,0,0,0.0,0.0,0,0,0.0,7507.23,1,0,0.0,25011.01,4,1,0.25,1
LGS2ORD0036784,C014594,2025-10-19 07:00:00,Female,41,Silver,CallCenter,Nakhon Ratchasima,1512,TV_Show,Credit_Card,7,10,6,1,40-50,50.4,6.0,1.0,0.16666666666666666,161,37,4463.643333333333,0.2,0.6666666666666666,0.0,0.0,0.0,0,0,0.0,0.0,0,0,0.0,8169.09,2,0,0.0,26781.86,6,1,0.16666666666666666,1
LGS2ORD0036785,C011234,2025-10-19 07:00:00,Female,44,Bronze,TV,Nakhon Ratchasima,852,TV_Show,Bank_Transfer,7,10,6,1,40-50,28.4,2.0,0.0,0.0,-1,41,1581.635,0.08,0.0,0.0,0.0,0.0,0,0,0.0,0.0,0,0,0.0,861.09,1,0,0.0,3163.27,2,0,0.0,1
LGS2ORD0036786,C017215,2025-10-19 07:00:00,Female,43,Bronze,Lazada,Bangkok,1435,Lazada,COD,7,10,6,1,40-50,47.833333333333336,1.0,1.0,1.0,216,227,1360.57,0.18,0.0,0.0,0.0,0.0,0,0,0.0,0.0,0,0,0.0,0.0,0,0,0.0,1360.57,1,1,1.0,0
LGS2ORD0036787,C010944,2025-10-19 08:00:00,Female,41,Bronze,Lazada,Khon Kaen,1183,Lazada,Credit_Card,8,10,6,1,40-50,39.43333333333333,6.0,2.0,0.3333333333333333,82,36,2302.778333333333,0.28,0.5,0.3333333333333333,0.0,0.0,0,0,0.0,0.0,0,0,0.0,1289.76,1,0,0.0,13816.67,6,2,0.3333333333333333,0
LGS2ORD0036788,C016491,2025-10-19 08:00:00,Male,53,Bronze,TV,Chiang Mai,1726,Lazada,COD,8,10,6,1,>50,57.53333333333333,1.0,1.0,1.0,120,128,28122.5,0.18,1.0,0.0,0.0,0.0,0,0,0.0,0.0,0,0,0.0,0.0,0,0,0.0,28122.5,1,1,1.0,1
LGS2ORD0036789,C017711,2025-10-19 08:00:00,Male,47,Bronze,Shopee,Remote_Area,944,CallCenter,Credit_Card,8,10,6,1,40-50,31.466666666666665,7.0,5.0,0.7142857142857143,-7,6,4014.09,0.28,0.42857142857142855,0.2857142857142857,0.0,8082.48,1,1,1.0,8082.48,1,1,1.0,14566.49,4,3,0.75,28098.63,7,5,0.7142857142857143,0
LGS2ORD0036790,C015508,2025-10-19 08:00:00,Female,45,Gold,Lazada,Bangkok,405,TV_Show,COD,8,10,6,1,40-50,13.5,2.0,0.0,0.0,-1,187,4213.48,0.13,0.5,0.0,0.0,0.0,0,0,0.0,0.0,0,0,0.0,0.0,0,0,0.0,8426.96,2,0,0.0,0
LGS2ORD0036791,C017406,2025-10-19 08:00:00,Female,37,Gold,Shopee,Bangkok,1481,Web,Credit_Card,8,10,6,1,30-40,49.36666666666667,6.0,0.0,0.0,-1,54,5499.27,0.13,0.5,0.0,0.0,0.0,0,0,0.0,0.0,0,0,0.0,1598.32,1,0,0.0,32995.62,6,0,0.0,1
LGS2ORD0036792,C011536,2025-10-19 09:00:00,Male,34,Bronze,Lazada,Bangkok,1549,Web,PromptPay,9,10,6,1,30-40,51.63333333333333,6.0,1.0,0.16666666666666666,244,16,7296.638333333333,0.23,0.5,0.16666666666666666,0.0,0.0,0,0,0.0,23753.629999999997,2,0,0.0,29579.17,4,0,0.0,43779.83,6,1,0.16666666666666666,0
LGS2ORD0036793,C014932,2025-10-19 09:00:00,Male,35,Silver,CallCenter,Bangkok,1509,TV_Show,PromptPay,9,10,6,1,30-40,50.3,4.0,2.0,0.5,114,107,12492.32,0.1,0.75,0.0,0.0,0.0,0,0,0.0,0.0,0,0,0.0,0.0,0,0,0.0,49969.28,4,2,0.5,0
LGS2ORD0036794,C011377,2025-10-19 09:00:00,Female,21,Bronze,TV,Phuket,672,TV_Show,COD,9,10,6,1,20-30,22.4,10.0,4.0,0.4,26,38,3521.2769999999996,0.28,0.8,0.4,0.0,0.0,0,0,0.0,0.0,0,0,0.0,7741.8099999999995,2,1,0.5,35212.77,10,4,0.4,1
LGS2ORD0036795,C012722,2025-10-19 09:00:00,Male,53,Gold,Shopee,Songkhla,988,Shopee,COD,9,10,6,1,>50,32.93333333333333,4.0,3.0,0.75,85,94,3230.0149999999994,0.28,0.5,1.0,0.0,0.0,0,0,0.0,0.0,0,0,0.0,0.0,0,0,0.0,12920.059999999998,4,3,0.75,0
LGS2ORD0036796,C014527,2025-10-19 09:00:00,Female,26,Bronze,Shopee,Chiang Mai,1243,Lazada,COD,9,10,6,1,20-30,41.43333333333333,8.0,0.0,0.0,-1,5,3379.5012500000003,0.28,0.25,0.125,0.0,5556.19,1,0,0.0,7806.34,2,0,0.0,22389.41,4,0,0.0,27036.010000000002,8,0,0.0,1
LGS2ORD0036797,C017549,2025-10-19 10:00:00,Male,48,Bronze,Shopee,Remote_Area,1018,Web,PromptPay,10,10,6,1,40-50,33.93333333333333,4.0,3.0,0.75,66,20,6936.605000000001,0.28,0.75,0.25,0.0,0.0,0,0,0.0,2253.76,1,0,0.0,15629.880000000001,2,1,0.5,27746.420000000006,4,3,0.75,0
LGS2ORD0036798,C013503,2025-10-19 10:00:00,Female,50,Gold,Lazada,Phuket,449,CallCenter,Credit_Card,10,10,6,1,40-50,14.966666666666667,6.0,2.0,0.3333333333333333,149,99,6775.659999999999,0.28,0.5,0.6666666666666666,0.0,0.0,0,0,0.0,0.0,0,0,0.0,0.0,0,0,0.0,40653.95999999999,6,2,0.3333333333333333,0
LGS2ORD0036799,C017841,2025-10-19 10:00:00,Female,72,Silver,TV,Phuket,561,Lazada,COD,10,10,6,1,>50,18.7,7.0,5.0,0.7142857142857143,30,45,4129.228571428572,0.3,0.8571428571428571,0.42857142857142855,0.0,0.0,0,0,0.0,0.0,0,0,0.0,18421.38,2,2,1.0,28904.600000000002,7,5,0.7142857142857143,0
LGS2ORD0036800,C016004,2025-10-19 10:00:00,Female,41,Bronze,CallCenter,Khon Kaen,766,Web,PromptPay,10,10,6,1,40-50,25.533333333333335,1.0,0.0,0.0,-1,126,38142.12,0.03,0.0,0.0,0.0,0.0,0,0,0.0,0.0,0,0,0.0,0.0,0,0,0.0,38142.12,1,0,0.0,0
LGS2ORD0036801,C015496,2025-10-19 10:00:00,Female,31,Silver,TV,Chiang Mai,603,Shopee,COD,10,10,6,1,30-40,20.1,0.0,0.0,0.0,-1,-1,0.0,0.0,0.0,0.0,0.0,0.0,0,0,0.0,0.0,0,0,0.0,0.0,0,0,0.0,0.0,0,0,0.0,0
LGS2ORD0036802,C013517,2025-10-19 11:00:00,Female,36,Silver,TV,Bangkok,646,Web,Credit_Card,11,10,6,1,30-40,21.533333333333335,5.0,0.0,0.0,-1,4,4411.396,0.3,0.6,0.2,0.0,2426.84,1,0,0.0,2426.84,1,0,0.0,11295.75,2,0,0.0,22056.98,5,0,0.0,0
LGS2ORD0036803,C012299,2025-10-19 11:00:00,Female,46,Silver,TV,Nakhon Ratchasima,542,Lazada,Bank_Transfer,11,10,6,1,40-50,18.066666666666666,5.0,2.0,0.4,61,5,5187.45,0.2,0.6,0.0,0.0,2652.68,1,0,0.0,2652.68,1,0,0.0,15092.240000000002,3,1,0.3333333333333333,25937.25,5,2,0.4,0
LGS2ORD0036804,C012040,2025-10-19 11:00:00,Male,42,Bronze,Shopee,Songkhla,1422,Web,COD,11,10,6,1,40-50,47.4,8.0,1.0,0.125,179,31,4846.3825,0.23,0.5,0.375,0.0,0.0,0,0,0.0,0.0,0,0,0.0,9909.69,2,0,0.0,38771.06,8,1,0.125,0
LGS2ORD0036805,C016643,2025-10-19 11:00:00,Female,50,Bronze,CallCenter,Bangkok,1049,TV_Show,Credit_Card,11,10,6,1,40-50,34.96666666666667,8.0,1.0,0.125,197,23,7463.08875,0.28,0.375,0.625,0.0,0.0,0,0,0.0,1408.18,1,0,0.0,14621.51,3,0,0.0,59704.71,8,1,0.125,0
LGS2ORD0036806,C012924,2025-10-19 11:00:00,Female,61,Bronze,Lazada,Remote_Area,429,CallCenter,Credit_Card,11,10,6,1,>50,14.3,3.0,2.0,0.6666666666666666,218,55,5520.2,0.18,0.6666666666666666,0.0,0.0,0.0,0,0,0.0,0.0,0,0,0.0,7878.33,1,0,0.0,16560.6,3,2,0.6666666666666666,0
LGS2ORD0036807,C010516,2025-10-19 11:00:00,Female,55,Bronze,Lazada,Bangkok,1206,Web,Bank_Transfer,11,10,6,1,>50,40.2,3.0,0.0,0.0,-1,0,4552.6466666666665,0.08,0.6666666666666666,0.0,0.0,9771.64,1,0,0.0,12265.359999999999,2,0,0.0,12265.359999999999,2,0,0.0,13657.939999999999,3,0,0.0,0
LGS2ORD0036808,C011548,2025-10-19 12:00:00,Male,63,Silver,Web,Chiang Mai,1148,CallCenter,Credit_Card,12,10,6,1,>50,38.266666666666666,2.0,0.0,0.0,-1,177,10986.705,0.15,0.0,0.0,0.0,0.0,0,0,0.0,0.0,0,0,0.0,0.0,0,0,0.0,21973.41,2,0,0.0,0
LGS2ORD0036809,C015655,2025-10-19 12:00:00,Male,40,Silver,Shopee,Songkhla,1451,TV_Show,COD,12,10,6,1,30-40,48.36666666666667,3.0,2.0,0.6666666666666666,152,160,5675.426666666666,0.3,0.6666666666666666,0.6666666666666666,0.0,0.0,0,0,0.0,0.0,0,0,0.0,0.0,0,0,0.0,17026.28,3,2,0.6666666666666666,0
LGS2ORD0036810,C011993,2025-10-19 12:00:00,Male,54,Silver,TV,Nakhon Ratchasima,1520,Web,COD,12,10,6,1,>50,50.666666666666664,6.0,1.0,0.16666666666666666,47,55,4440.08,0.3,0.3333333333333333,0.3333333333333333,0.0,0.0,0,0,0.0,0.0,0,0,0.0,15308.64,1,1,1.0,26640.48,6,1,0.16666666666666666,0
LGS2ORD0036811,C016842,2025-10-19 12:00:00,Female,22,Silver,Web,Bangkok,939,Web,Credit_Card,12,10,6,1,20-30,31.3,5.0,0.0,0.0,-1,91,3933.7660000000005,0.15,0.4,0.0,0.0,0.0,0,0,0.0,0.0,0,0,0.0,0.0,0,0,0.0,19668.83,5,0,0.0,0
LGS2ORD0036812,C014445,2025-10-19 12:00:00,Male,38,Gold,Web,Chonburi,418,Web,Credit_Card,12,10,6,1,30-40,13.933333333333334,4.0,0.0,0.0,-1,64,4903.66,0.2299999999999999,0.25,0.25,0.0,0.0,0,0,0.0,0.0,0,0,0.0,1800.62,1,0,0.0,19614.64,4,0,0.0,0
LGS2ORD0036813,C010217,2025-10-19 13:00:00,Female,49,Platinum,Lazada,Bangkok,788,Shopee,PromptPay,13,10,6,1,40-50,26.266666666666666,2.0,0.0,0.0,-1,83,3299.1800000000003,0.3,0.5,0.5,0.0,0.0,0,0,0.0,0.0,0,0,0.0,3724.31,1,0,0.0,6598.360000000001,2,0,0.0,0
LGS2ORD0036814,C015209,2025-10-19 13:00:00,Female,43,Bronze,Web,Nakhon Ratchasima,1311,Lazada,COD,13,10,6,1,40-50,43.7,6.0,2.0,0.3333333333333333,196,81,6777.065,0.28,0.6666666666666666,0.3333333333333333,0.0,0.0,0,0,0.0,0.0,0,0,0.0,642.37,1,0,0.0,40662.39,6,2,0.3333333333333333,0
LGS2ORD0036815,C015211,2025-10-19 13:00:00,Other,41,Platinum,Shopee,Phuket,681,CallCenter,COD,13,10,6,1,40-50,22.7,5.0,1.0,0.2,137,149,7427.521999999999,0.35,0.4,0.2,0.0,0.0,0,0,0.0,0.0,0,0,0.0,0.0,0,0,0.0,37137.60999999999,5,1,0.2,1
LGS2ORD0036816,C017349,2025-10-19 13:00:00,Female,50,Bronze,Shopee,Nakhon Ratchasima,674,TV_Show,Credit_Card,13,10,6,1,40-50,22.466666666666665,7.0,3.0,0.42857142857142855,121,35,5293.050000000001,0.28,0.5714285714285714,0.2857142857142857,0.0,0.0,0,0,0.0,0.0,0,0,0.0,4472.73,3,0,0.0,37051.350000000006,7,3,0.42857142857142855,1
LGS2ORD0036817,C017911,2025-10-19 13:00:00,Male,50,Bronze,Web,Chonburi,1495,Shopee,COD,13,10,6,1,40-50,49.833333333333336,8.0,2.0,0.25,60,70,3740.33625,0.23,0.375,0.625,0.0,0.0,0,0,0.0,0.0,0,0,0.0,6787.95,1,1,1.0,29922.69,8,2,0.25,0
LGS2ORD0036818,C012002,2025-10-19 14:00:00,Female,38,Silver,TV,Chiang Mai,312,TV_Show,PromptPay,14,10,6,1,30-40,10.4,1.0,0.0,0.0,-1,56,7622.92,0.15,0.0,0.0,0.0,0.0,0,0,0.0,0.0,0,0,0.0,7622.92,1,0,0.0,7622.92,1,0,0.0,0
LGS2ORD0036819,C013684,2025-10-19 14:00:00,Male,31,Bronze,Shopee,Bangkok,1365,Lazada,Credit_Card,14,10,6,1,30-40,45.5,3.0,2.0,0.6666666666666666,31,46,4008.523333333333,0.23,1.0,0.3333333333333333,0.0,0.0,0,0,0.0,0.0,0,0,0.0,1897.11,1,1,1.0,12025.57,3,2,0.6666666666666666,0
LGS2ORD0036820,C012334,2025-10-19 14:00:00,Female,60,Gold,TV,Khon Kaen,1662,Lazada,COD,14,10,6,1,>50,55.4,5.0,3.0,0.6,83,94,9986.418,0.2299999999999999,0.4,0.6,0.0,0.0,0,0,0.0,0.0,0,0,0.0,0.0,0,0,0.0,49932.09,5,3,0.6,0
LGS2ORD0036821,C016411,2025-10-19 14:00:00,Male,72,Silver,Shopee,Nakhon Ratchasima,1200,Web,COD,14,10,6,1,>50,40.0,4.0,2.0,0.5,62,70,6409.455,0.3,1.0,0.25,0.0,0.0,0,0,0.0,0.0,0,0,0.0,16541.1,2,1,0.5,25637.82,4,2,0.5,0
LGS2ORD0036822,C011285,2025-10-19 14:00:00,Female,43,Bronze,Shopee,Bangkok,1488,TV_Show,PromptPay,14,10,6,1,40-50,49.6,2.0,0.0,0.0,-1,149,4221.03,0.13,0.0,0.0,0.0,0.0,0,0,0.0,0.0,0,0,0.0,0.0,0,0,0.0,8442.06,2,0,0.0,0
LGS2ORD0036823,C011958,2025-10-19 15:00:00,Male,26,Bronze,CallCenter,Phuket,1727,Shopee,PromptPay,15,10,6,1,20-30,57.56666666666667,5.0,3.0,0.6,119,125,3951.114,0.23,0.8,0.6,0.0,0.0,0,0,0.0,0.0,0,0,0.0,0.0,0,0,0.0,19755.57,5,3,0.6,0
LGS2ORD0036824,C017961,2025-10-19 15:00:00,Female,35,Bronze,Lazada,Chiang Mai,1163,CallCenter,COD,15,10,6,1,30-40,38.766666666666666,7.0,2.0,0.2857142857142857,104,25,11101.845714285713,0.23,0.5714285714285714,0.14285714285714285,0.0,0.0,0,0,0.0,1192.26,1,0,0.0,1192.26,1,0,0.0,77712.92,7,2,0.2857142857142857,1
LGS2ORD0036825,C014110,2025-10-19 15:00:00,Male,60,Bronze,Shopee,Chiang Mai,823,TV_Show,COD,15,10,6,1,>50,27.433333333333334,9.0,1.0,0.1111111111111111,71,0,2991.1288888888894,0.23,0.5555555555555556,0.3333333333333333,0.0,1569.5,1,0,0.0,3024.0299999999997,2,0,0.0,14982.560000000001,4,1,0.25,26920.160000000003,9,1,0.1111111111111111,0
LGS2ORD0036826,C017037,2025-10-19 15:00:00,Female,41,Bronze,Web,Bangkok,1426,TV_Show,COD,15,10,6,1,40-50,47.53333333333333,8.0,0.0,0.0,-1,38,5601.35625,0.28,0.375,0.375,0.0,0.0,0,0,0.0,0.0,0,0,0.0,3490.31,1,0,0.0,44810.85,8,0,0.0,1
LGS2ORD0036827,C012412,2025-10-19 15:00:00,Female,43,Platinum,Web,Chiang Mai,822,TV_Show,COD,15,10,6,1,40-50,27.4,6.0,0.0,0.0,-1,8,5066.6033333333335,0.3,0.16666666666666666,0.6666666666666666,0.0,0.0,0,0,0.0,1480.39,1,0,0.0,3046.61,2,0,0.0,30399.620000000003,6,0,0.0,0
LGS2ORD0036828,C010341,2025-10-19 15:00:00,Male,38,Bronze,TV,Remote_Area,503,Lazada,COD,15,10,6,1,30-40,16.766666666666666,7.0,3.0,0.42857142857142855,134,17,12764.368571428571,0.23,0.42857142857142855,0.2857142857142857,0.0,0.0,0,0,0.0,10654.55,1,0,0.0,21968.519999999997,2,0,0.0,89350.58,7,3,0.42857142857142855,1
LGS2ORD0036829,C017168,2025-10-19 16:00:00,Male,53,Gold,Web,Bangkok,491,TV_Show,COD,16,10,6,1,>50,16.366666666666667,6.0,2.0,0.3333333333333333,48,0,5271.2283333333335,0.33,0.6666666666666666,0.5,0.0,7546.540000000001,2,0,0.0,7546.540000000001,2,0,0.0,17614.02,3,1,0.3333333333333333,31627.37,6,2,0.3333333333333333,1
LGS2ORD0036830,C010458,2025-10-19 16:00:00,Male,41,Silver,CallCenter,Bangkok,659,TV_Show,COD,16,10,6,1,40-50,21.966666666666665,5.0,3.0,0.6,115,129,7412.604000000001,0.3,0.8,0.4,0.0,0.0,0,0,0.0,0.0,0,0,0.0,0.0,0,0,0.0,37063.020000000004,5,3,0.6,0
LGS2ORD0036831,C013002,2025-10-19 16:00:00,Female,26,Bronze,TV,Songkhla,537,Shopee,PromptPay,16,10,6,1,20-30,17.9,3.0,1.0,0.3333333333333333,202,130,2741.75,0.23,0.6666666666666666,0.3333333333333333,0.0,0.0,0,0,0.0,0.0,0,0,0.0,0.0,0,0,0.0,8225.25,3,1,0.3333333333333333,0
LGS2ORD0036832,C011538,2025-10-19 16:00:00,Female,55,Bronze,TV,Phuket,561,TV_Show,Credit_Card,16,10,6,1,>50,18.7,10.0,4.0,0.4,29,11,5536.313999999999,0.28,0.6,0.2,0.0,0.0,0,0,0.0,4528.63,1,0,0.0,15187.66,3,1,0.3333333333333333,55363.13999999999,10,4,0.4,1
LGS2ORD0036833,C012495,2025-10-19 16:00:00,Female,38,Silver,Shopee,Nakhon Ratchasima,927,TV_Show,COD,16,10,6,1,30-40,30.9,4.0,1.0,0.25,159,36,4560.49,0.25,0.75,0.5,0.0,0.0,0,0,0.0,0.0,0,0,0.0,9102.62,1,0,0.0,18241.96,4,1,0.25,0
LGS2ORD0036834,C011179,2025-10-19 17:00:00,Female,45,Gold,Lazada,Khon Kaen,391,Shopee,COD,17,10,6,1,40-50,13.033333333333333,2.0,0.0,0.0,-1,20,1708.025,0.2299999999999999,1.0,0.5,0.0,0.0,0,0,0.0,1718.08,1,0,0.0,1718.08,1,0,0.0,3416.05,2,0,0.0,0
LGS2ORD0036835,C013023,2025-10-19 17:00:00,Male,46,Platinum,TV,Bangkok,691,TV_Show,COD,17,10,6,1,40-50,23.033333333333335,7.0,1.0,0.14285714285714285,158,33,5000.0,0.3,0.5714285714285714,0.42857142857142855,0.0,0.0,0,0,0.0,0.0,0,0,0.0,17280.870000000003,2,0,0.0,35000.0,7,1,0.14285714285714285,1
LGS2ORD0036836,C014707,2025-10-19 17:00:00,Male,38,Bronze,Web,Khon Kaen,611,Lazada,Bank_Transfer,17,10,6,1,30-40,20.366666666666667,4.0,1.0,0.25,176,193,4418.0825,0.23,1.0,0.5,0.0,0.0,0,0,0.0,0.0,0,0,0.0,0.0,0,0,0.0,17672.33,4,1,0.25,0
LGS2ORD0036837,C010968,2025-10-19 17:00:00,Female,50,Bronze,CallCenter,Phuket,933,TV_Show,COD,17,10,6,1,40-50,31.1,12.0,4.0,0.3333333333333333,-9,0,4724.350833333333,0.28,0.5833333333333334,0.16666666666666666,0.0,2646.95,1,1,1.0,13117.41,3,2,0.6666666666666666,28136.070000000003,6,3,0.5,56692.21,12,4,0.3333333333333333,1
LGS2ORD0036838,C014642,2025-10-19 17:00:00,Male,60,Silver,Shopee,Phuket,1669,Lazada,COD,17,10,6,1,>50,55.63333333333333,8.0,2.0,0.25,38,28,3986.65375,0.25,0.5,0.25,0.0,0.0,0,0,0.0,960.26,1,0,0.0,29324.69,4,1,0.25,31893.23,8,2,0.25,0
LGS2ORD0036839,C017146,2025-10-19 18:00:00,Female,32,Platinum,TV,Chiang Mai,788,CallCenter,PromptPay,18,10,6,1,30-40,26.266666666666666,4.0,2.0,0.5,203,48,3297.6425,0.25,0.5,0.25,0.0,0.0,0,0,0.0,0.0,0,0,0.0,2206.81,1,0,0.0,13190.57,4,2,0.5,0
LGS2ORD0036840,C010131,2025-10-19 18:00:00,Male,41,Platinum,Web,Chiang Mai,1701,Lazada,PromptPay,18,10,6,1,40-50,56.7,3.0,0.0,0.0,-1,120,4568.31,0.35,0.3333333333333333,0.3333333333333333,0.0,0.0,0,0,0.0,0.0,0,0,0.0,0.0,0,0,0.0,13704.93,3,0,0.0,0
LGS2ORD0036841,C016688,2025-10-19 18:00:00,Female,47,Bronze,CallCenter,Remote_Area,699,TV_Show,COD,18,10,6,1,40-50,23.3,6.0,2.0,0.3333333333333333,141,6,2818.3683333333333,0.18,0.5,0.0,0.0,1846.56,1,0,0.0,1846.56,1,0,0.0,1846.56,1,0,0.0,16910.21,6,2,0.3333333333333333,1
LGS2ORD0036842,C016876,2025-10-19 18:00:00,Female,34,Platinum,TV,Phuket,1743,Shopee,PromptPay,18,10,6,1,30-40,58.1,5.0,1.0,0.2,97,55,6796.8679999999995,0.2,0.6,0.0,0.0,0.0,0,0,0.0,0.0,0,0,0.0,11249.27,1,0,0.0,33984.34,5,1,0.2,0
LGS2ORD0036843,C017283,2025-10-19 18:00:00,Male,23,Bronze,TV,Remote_Area,1224,Shopee,COD,18,10,6,1,20-30,40.8,3.0,0.0,0.0,-1,63,2888.0733333333337,0.08,0.6666666666666666,0.0,0.0,0.0,0,0,0.0,0.0,0,0,0.0,6284.17,2,0,0.0,8664.220000000001,3,0,0.0,1
LGS2ORD0036844,C016628,2025-10-19 19:00:00,Male,53,Bronze,TV,Bangkok,568,Web,COD,19,10,6,1,>50,18.933333333333334,5.0,0.0,0.0,-1,111,11533.904,0.23,0.6,0.4,0.0,0.0,0,0,0.0,0.0,0,0,0.0,0.0,0,0,0.0,57669.520000000004,5,0,0.0,0
LGS2ORD0036845,C014049,2025-10-19 19:00:00,Female,34,Bronze,TV,Nakhon Ratchasima,354,Web,COD,19,10,6,1,30-40,11.8,5.0,0.0,0.0,-1,52,8803.572,0.18,0.8,0.0,0.0,0.0,0,0,0.0,0.0,0,0,0.0,845.81,1,0,0.0,44017.86,5,0,0.0,0
LGS2ORD0036846,C015849,2025-10-19 19:00:00,Female,43,Bronze,CallCenter,Khon Kaen,885,TV_Show,PromptPay,19,10,6,1,40-50,29.5,6.0,2.0,0.3333333333333333,1,8,6284.615000000001,0.28,0.5,0.5,0.0,0.0,0,0,0.0,8563.720000000001,2,1,0.5,15018.52,3,1,0.3333333333333333,37707.69,6,2,0.3333333333333333,1
LGS2ORD0036847,C013404,2025-10-19 19:00:00,Female,42,Bronze,Web,Chonburi,1123,Shopee,Bank_Transfer,19,10,6,1,40-50,37.43333333333333,8.0,3.0,0.375,26,29,7163.24875,0.23,0.25,0.125,0.0,0.0,0,0,0.0,4130.42,1,1,1.0,9537.96,4,3,0.75,57305.99,8,3,0.375,0
LGS2ORD0036848,C014980,2025-10-19 19:00:00,Female,58,Silver,TV,Remote_Area,597,Lazada,Bank_Transfer,19,10,6,1,>50,19.9,3.0,0.0,0.0,-1,51,2748.183333333333,0.15,0.3333333333333333,0.0,0.0,0.0,0,0,0.0,0.0,0,0,0.0,7841.400000000001,2,0,0.0,8244.55,3,0,0.0,0
LGS2ORD0036849,C012487,2025-10-19 19:00:00,Female,41,Silver,Web,Chonburi,509,Lazada,COD,19,10,6,1,40-50,16.966666666666665,6.0,0.0,0.0,-1,96,3205.1,0.3,0.3333333333333333,0.16666666666666666,0.0,0.0,0,0,0.0,0.0,0,0,0.0,0.0,0,0,0.0,19230.6,6,0,0.0,0
LGS2ORD0036850,C016260,2025-10-19 20:00:00,Male,53,Bronze,TV,Bangkok,954,Web,PromptPay,20,10,6,1,>50,31.8,2.0,0.0,0.0,-1,115,1320.4850000000001,0.18,1.0,0.0,0.0,0.0,0,0,0.0,0.0,0,0,0.0,0.0,0,0,0.0,2640.9700000000003,2,0,0.0,0
LGS2ORD0036851,C011068,2025-10-19 20:00:00,Female,42,Silver,Lazada,Bangkok,1028,Web,PromptPay,20,10,6,1,40-50,34.266666666666666,1.0,0.0,0.0,-1,286,543.64,0.2,0.0,0.0,0.0,0.0,0,0,0.0,0.0,0,0,0.0,0.0,0,0,0.0,543.64,1,0,0.0,0
LGS2ORD0036852,C017870,2025-10-19 20:00:00,Male,43,Bronze,TV,Chiang Mai,911,Shopee,Credit_Card,20,10,6,1,40-50,30.366666666666667,7.0,1.0,0.14285714285714285,27,31,4729.555714285714,0.28,0.42857142857142855,0.2857142857142857,0.0,0.0,0,0,0.0,0.0,0,0,0.0,5830.99,2,1,0.5,33106.89,7,1,0.14285714285714285,0
LGS2ORD0036853,C016596,2025-10-19 20:00:00,Female,39,Bronze,Web,Chonburi,794,Lazada,PromptPay,20,10,6,1,30-40,26.466666666666665,5.0,0.0,0.0,-1,42,5797.508,0.23,0.8,0.2,0.0,0.0,0,0,0.0,0.0,0,0,0.0,10979.41,2,0,0.0,28987.54,5,0,0.0,0
LGS2ORD0036854,C015816,2025-10-19 20:00:00,Female,32,Gold,Shopee,Phuket,1442,Lazada,Credit_Card,20,10,6,1,30-40,48.06666666666667,0.0,0.0,0.0,-1,-1,0.0,0.0,0.0,0.0,0.0,0.0,0,0,0.0,0.0,0,0,0.0,0.0,0,0,0.0,0.0,0,0,0.0,0
LGS2ORD0036855,C010991,2025-10-19 21:00:00,Female,57,Bronze,CallCenter,Remote_Area,1178,Web,COD,21,10,6,1,>50,39.266666666666666,8.0,3.0,0.375,2,9,9914.43125,0.28,0.625,0.375,0.0,0.0,0,0,0.0,13503.86,1,1,1.0,13503.86,1,1,1.0,79315.45,8,3,0.375,1
LGS2ORD0036856,C013073,2025-10-19 21:00:00,Female,31,Bronze,TV,Khon Kaen,1000,Web,COD,21,10,6,1,30-40,33.333333333333336,6.0,2.0,0.3333333333333333,56,45,11162.798333333334,0.28,0.6666666666666666,0.5,0.0,0.0,0,0,0.0,0.0,0,0,0.0,44040.5,3,1,0.3333333333333333,66976.79000000001,6,2,0.3333333333333333,0
LGS2ORD0036857,C014738,2025-10-19 21:00:00,Male,55,Bronze,TV,Chonburi,714,Web,PromptPay,21,10,6,1,>50,23.8,5.0,2.0,0.4,174,22,2483.928,0.23,0.6,0.2,0.0,0.0,0,0,0.0,3386.57,1,0,0.0,7615.01,2,0,0.0,12419.64,5,2,0.4,0
LGS2ORD0036858,C010390,2025-10-19 21:00:00,Female,47,Bronze,Web,Bangkok,406,TV_Show,COD,21,10,6,1,40-50,13.533333333333333,5.0,1.0,0.2,153,6,4528.452,0.18,0.0,0.0,0.0,5322.91,1,0,0.0,5322.91,1,0,0.0,5322.91,1,0,0.0,22642.260000000002,5,1,0.2,1
LGS2ORD0036859,C010367,2025-10-19 21:00:00,Female,47,Bronze,Lazada,Nakhon Ratchasima,1092,Shopee,COD,21,10,6,1,40-50,36.4,4.0,1.0,0.25,173,118,6728.4375,0.23,0.5,0.25,0.0,0.0,0,0,0.0,0.0,0,0,0.0,0.0,0,0,0.0,26913.75,4,1,0.25,0
LGS2ORD0036860,C012148,2025-10-19 22:00:00,Female,38,Silver,CallCenter,Nakhon Ratchasima,1744,Lazada,Bank_Transfer,22,10,6,1,30-40,58.13333333333333,5.0,3.0,0.6,-11,2,3894.6519999999996,0.25,0.4,0.4,0.0,4139.21,2,1,0.5,4139.21,2,1,0.5,15977.54,3,2,0.6666666666666666,19473.26,5,3,0.6,0
LGS2ORD0036861,C016113,2025-10-19 22:00:00,Female,37,Bronze,TV,Chiang Mai,1461,TV_Show,Credit_Card,22,10,6,1,30-40,48.7,5.0,2.0,0.4,1,12,11841.6,0.28,0.8,0.2,0.0,0.0,0,0,0.0,6679.84,1,1,1.0,17764.84,2,1,0.5,59208.0,5,2,0.4,0
LGS2ORD0036862,C010819,2025-10-19 22:00:00,Female,30,Silver,Shopee,Bangkok,1284,Lazada,COD,22,10,6,1,20-30,42.8,11.0,3.0,0.2727272727272727,177,5,3875.786363636363,0.25,0.45454545454545453,0.2727272727272727,0.0,2448.92,1,0,0.0,8420.380000000001,2,0,0.0,9327.65,3,0,0.0,42633.649999999994,11,3,0.2727272727272727,0
LGS2ORD0036863,C011713,2025-10-19 22:00:00,Male,57,Platinum,Shopee,Khon Kaen,854,Lazada,COD,22,10,6,1,>50,28.466666666666665,11.0,4.0,0.36363636363636365,133,87,7238.14,0.25,0.5454545454545454,0.36363636363636365,0.0,0.0,0,0,0.0,0.0,0,0,0.0,30427.32,1,0,0.0,79619.54000000001,11,4,0.36363636363636365,0
LGS2ORD0036864,C012680,2025-10-19 22:00:00,Male,33,Silver,Web,Khon Kaen,596,Shopee,Bank_Transfer,22,10,6,1,30-40,19.866666666666667,3.0,0.0,0.0,-1,28,2887.5166666666664,0.25,0.3333333333333333,0.3333333333333333,0.0,0.0,0,0,0.0,5321.7,1,0,0.0,7495.5,2,0,0.0,8662.55,3,0,0.0,0
LGS2ORD0036865,C014426,2025-10-19 23:00:00,Female,67,Bronze,Shopee,Bangkok,1348,Shopee,COD,23,10,6,1,>50,44.93333333333333,10.0,2.0,0.2,141,15,4264.398999999999,0.28,0.7,0.3,0.0,0.0,0,0,0.0,1021.18,1,0,0.0,32806.23,5,0,0.0,42643.99,10,2,0.2,0
LGS2ORD0036866,C011289,2025-10-19 23:00:00,Female,37,Silver,Shopee,Remote_Area,1014,CallCenter,COD,23,10,6,1,30-40,33.8,6.0,0.0,0.0,-1,37,6826.113333333334,0.2,0.5,0.0,0.0,0.0,0,0,0.0,0.0,0,0,0.0,8292.89,2,0,0.0,40956.68,6,0,0.0,1
LGS2ORD0036867,C017331,2025-10-19 23:00:00,Female,50,Gold,TV,Chiang Mai,663,CallCenter,COD,23,10,6,1,40-50,22.1,4.0,0.0,0.0,-1,124,5063.3775000000005,0.2299999999999999,0.5,0.25,0.0,0.0,0,0,0.0,0.0,0,0,0.0,0.0,0,0,0.0,20253.510000000002,4,0,0.0,1
LGS2ORD0036868,C012372,2025-10-19 23:00:00,Female,40,Platinum,TV,Chiang Mai,326,Lazada,PromptPay,23,10,6,1,30-40,10.866666666666667,9.0,3.0,0.3333333333333333,124,37,7511.924444444445,0.35,0.4444444444444444,0.5555555555555556,0.0,0.0,0,0,0.0,0.0,0,0,0.0,34470.05,5,0,0.0,67607.32,9,3,0.3333333333333333,0
LGS2ORD0036869,C012877,2025-10-19 23:00:00,Male,31,Silver,Shopee,Phuket,394,CallCenter,PromptPay,23,10,6,1,30-40,13.133333333333333,5.0,1.0,0.2,87,10,1190.766,0.3,0.6,0.4,0.0,0.0,0,0,0.0,1982.79,1,0,0.0,1982.79,1,0,0.0,5953.83,5,1,0.2,0
LGS2ORD0036870,C010631,2025-10-19 23:00:00,Female,29,Silver,Shopee,Bangkok,1733,Web,COD,23,10,6,1,20-30,57.766666666666666,2.0,0.0,0.0,-1,109,4645.585,0.05,0.5,0.0,0.0,0.0,0,0,0.0,0.0,0,0,0.0,0.0,0,0,0.0,9291.17,2,0,0.0,0
LGS2ORD0036871,C014428,2025-10-20 00:00:00,Female,46,Bronze,Web,Chiang Mai,341,Lazada,COD,0,10,0,0,40-50,11.366666666666667,3.0,0.0,0.0,-1,127,1189.39,0.23,0.6666666666666666,0.3333333333333333,0.0,0.0,0,0,0.0,0.0,0,0,0.0,0.0,0,0,0.0,3568.17,3,0,0.0,0
LGS2ORD0036872,C012791,2025-10-20 00:00:00,Male,37,Bronze,Web,Nakhon Ratchasima,1192,Shopee,COD,0,10,0,0,30-40,39.733333333333334,6.0,2.0,0.3333333333333333,32,40,5103.436666666667,0.28,0.5,0.16666666666666666,0.0,0.0,0,0,0.0,0.0,0,0,0.0,7672.46,2,2,1.0,30620.620000000003,6,2,0.3333333333333333,0
LGS2ORD0036873,C013477,2025-10-20 00:00:00,Female,44,Bronze,Lazada,Chonburi,940,Web,Credit_Card,0,10,0,0,40-50,31.333333333333332,5.0,0.0,0.0,-1,3,4697.554000000001,0.28,0.4,0.2,0.0,13709.42,1,0,0.0,13709.42,1,0,0.0,15005.35,2,0,0.0,23487.770000000004,5,0,0.0,0
LGS2ORD0036874,C015846,2025-10-20 00:00:00,Male,42,Bronze,TV,Songkhla,1719,Web,Credit_Card,0,10,0,0,40-50,57.3,7.0,3.0,0.42857142857142855,6,12,3429.312857142857,0.28,0.2857142857142857,0.42857142857142855,0.0,0.0,0,0,0.0,6017.99,3,1,0.3333333333333333,6017.99,3,1,0.3333333333333333,24005.19,7,3,0.42857142857142855,0
LGS2ORD0036875,C014447,2025-10-20 00:00:00,Male,35,Bronze,CallCenter,Bangkok,1692,Lazada,COD,0,10,0,0,30-40,56.4,7.0,3.0,0.42857142857142855,4,10,9853.21142857143,0.23,0.5714285714285714,0.14285714285714285,0.0,0.0,0,0,0.0,12596.34,1,1,1.0,25394.27,2,1,0.5,68972.48000000001,7,3,0.42857142857142855,1
LGS2ORD0036876,C010502,2025-10-20 01:00:00,Male,61,Bronze,TV,Remote_Area,893,CallCenter,COD,1,10,0,0,>50,29.766666666666666,9.0,2.0,0.2222222222222222,205,11,3665.467777777778,0.23,0.6666666666666666,0.2222222222222222,0.0,0.0,0,0,0.0,1089.2,1,0,0.0,1089.2,1,0,0.0,32989.21,9,2,0.2222222222222222,0
LGS2ORD0036877,C017443,2025-10-20 01:00:00,Male,33,Gold,Lazada,Bangkok,1129,Web,Credit_Card,1,10,0,0,30-40,37.63333333333333,0.0,0.0,0.0,-1,-1,0.0,0.0,0.0,0.0,0.0,0.0,0,0,0.0,0.0,0,0,0.0,0.0,0,0,0.0,0.0,0,0,0.0,0
LGS2ORD0036878,C011262,2025-10-20 01:00:00,Male,58,Platinum,Lazada,Khon Kaen,1638,Web,Credit_Card,1,10,0,0,>50,54.6,3.0,0.0,0.0,-1,24,4686.453333333334,0.3,0.3333333333333333,0.6666666666666666,0.0,0.0,0,0,0.0,3478.59,1,0,0.0,5590.1900000000005,2,0,0.0,14059.36,3,0,0.0,1
LGS2ORD0036879,C016629,2025-10-20 01:00:00,Male,29,Gold,Web,Bangkok,771,CallCenter,PromptPay,1,10,0,0,20-30,25.7,7.0,1.0,0.14285714285714285,217,72,11728.014285714284,0.2299999999999999,0.42857142857142855,0.14285714285714285,0.0,0.0,0,0,0.0,0.0,0,0,0.0,1643.04,1,0,0.0,82096.09999999999,7,1,0.14285714285714285,0
LGS2ORD0036880,C012044,2025-10-20 01:00:00,Female,66,Bronze,Shopee,Chonburi,1522,Shopee,COD,1,10,0,0,>50,50.733333333333334,7.0,0.0,0.0,-1,45,2073.698571428572,0.23,0.5714285714285714,0.2857142857142857,0.0,0.0,0,0,0.0,0.0,0,0,0.0,3127.37,2,0,0.0,14515.890000000003,7,0,0.0,1
LGS2ORD0036881,C015262,2025-10-20 02:00:00,Female,27,Bronze,Lazada,Nakhon Ratchasima,522,Lazada,Bank_Transfer,2,10,0,0,20-30,17.4,4.0,0.0,0.0,-1,97,3554.4675,0.13,0.25,0.0,0.0,0.0,0,0,0.0,0.0,0,0,0.0,0.0,0,0,0.0,14217.87,4,0,0.0,0
LGS2ORD0036882,C016442,2025-10-20 02:00:00,Male,51,Silver,Web,Remote_Area,465,TV_Show,COD,2,10,0,0,>50,15.5,6.0,1.0,0.16666666666666666,52,15,5046.5233333333335,0.3,0.3333333333333333,0.16666666666666666,0.0,0.0,0,0,0.0,977.05,1,0,0.0,12006.6,3,1,0.3333333333333333,30279.14,6,1,0.16666666666666666,1
LGS2ORD0036883,C015331,2025-10-20 02:00:00,Female,30,Bronze,Shopee,Bangkok,584,CallCenter,Credit_Card,2,10,0,0,20-30,19.466666666666665,3.0,0.0,0.0,-1,120,7537.07,0.08,1.0,0.0,0.0,0.0,0,0,0.0,0.0,0,0,0.0,0.0,0,0,0.0,22611.21,3,0,0.0,0
LGS2ORD0036884,C013175,2025-10-20 02:00:00,Male,41,Bronze,Shopee,Bangkok,635,TV_Show,COD,2,10,0,0,40-50,21.166666666666668,3.0,1.0,0.3333333333333333,47,63,3780.1433333333334,0.23,0.3333333333333333,0.3333333333333333,0.0,0.0,0,0,0.0,0.0,0,0,0.0,1670.56,1,1,1.0,11340.43,3,1,0.3333333333333333,1
LGS2ORD0036885,C014023,2025-10-20 02:00:00,Male,55,Silver,Shopee,Nakhon Ratchasima,1232,Lazada,Bank_Transfer,2,10,0,0,>50,41.06666666666667,2.0,1.0,0.5,246,116,2640.8549999999996,0.15,0.5,0.0,0.0,0.0,0,0,0.0,0.0,0,0,0.0,0.0,0,0,0.0,5281.709999999999,2,1,0.5,0
LGS2ORD0036886,C013330,2025-10-20 03:00:00,Male,37,Gold,Shopee,Bangkok,798,Shopee,Credit_Card,3,10,0,0,30-40,26.6,2.0,0.0,0.0,-1,135,4743.39,0.33,0.5,0.5,0.0,0.0,0,0,0.0,0.0,0,0,0.0,0.0,0,0,0.0,9486.78,2,0,0.0,0
LGS2ORD0036887,C010483,2025-10-20 03:00:00,Female,30,Gold,Lazada,Bangkok,1564,Shopee,COD,3,10,0,0,20-30,52.13333333333333,4.0,0.0,0.0,-1,12,5077.4225,0.33,0.25,0.25,0.0,0.0,0,0,0.0,12062.59,1,0,0.0,12062.59,1,0,0.0,20309.69,4,0,0.0,1
LGS2ORD0036888,C012314,2025-10-20 03:00:00,Female,43,Bronze,TV,Chiang Mai,991,Shopee,COD,3,10,0,0,40-50,33.03333333333333,4.0,0.0,0.0,-1,26,3592.4725,0.23,0.5,0.5,0.0,0.0,0,0,0.0,6323.68,1,0,0.0,7876.66,3,0,0.0,14369.89,4,0,0.0,1
LGS2ORD0036889,C017494,2025-10-20 03:00:00,Male,33,Platinum,Lazada,Nakhon Ratchasima,1020,TV_Show,Bank_Transfer,3,10,0,0,30-40,34.0,5.0,0.0,0.0,-1,11,14566.504,0.25,0.4,0.2,0.0,0.0,0,0,0.0,42410.41,1,0,0.0,42410.41,1,0,0.0,72832.52,5,0,0.0,0
LGS2ORD0036890,C011512,2025-10-20 03:00:00,Female,34,Bronze,Web,Bangkok,752,TV_Show,COD,3,10,0,0,30-40,25.066666666666666,3.0,0.0,0.0,-1,11,7183.783333333334,0.23,0.6666666666666666,0.6666666666666666,0.0,0.0,0,0,0.0,4185.86,1,0,0.0,4185.86,1,0,0.0,21551.350000000002,3,0,0.0,0
LGS2ORD0036891,C013455,2025-10-20 03:00:00,Female,29,Bronze,Web,Bangkok,1300,TV_Show,COD,3,10,0,0,20-30,43.333333333333336,5.0,1.0,0.2,87,56,12288.632000000001,0.13,0.8,0.0,0.0,0.0,0,0,0.0,0.0,0,0,0.0,45205.85,3,0,0.0,61443.16,5,1,0.2,0
LGS2ORD0036892,C013659,2025-10-20 04:00:00,Male,72,Bronze,TV,Remote_Area,1451,Web,COD,4,10,0,0,>50,48.36666666666667,7.0,0.0,0.0,-1,28,4223.764285714286,0.28,0.42857142857142855,0.2857142857142857,0.0,0.0,0,0,0.0,1058.32,1,0,0.0,10123.3,3,0,0.0,29566.350000000002,7,0,0.0,1
LGS2ORD0036893,C017036,2025-10-20 04:00:00,Female,33,Bronze,CallCenter,Bangkok,479,Shopee,COD,4,10,0,0,30-40,15.966666666666667,4.0,2.0,0.5,63,77,5117.337500000001,0.23,0.75,0.75,0.0,0.0,0,0,0.0,0.0,0,0,0.0,13995.27,1,1,1.0,20469.350000000002,4,2,0.5,0
LGS2ORD0036894,C014962,2025-10-20 04:00:00,Male,44,Bronze,Shopee,Chiang Mai,996,Lazada,COD,4,10,0,0,40-50,33.2,1.0,0.0,0.0,-1,130,373.65,0.28,0.0,1.0,0.0,0.0,0,0,0.0,0.0,0,0,0.0,0.0,0,0,0.0,373.65,1,0,0.0,0
LGS2ORD0036895,C010551,2025-10-20 04:00:00,Male,56,Bronze,Shopee,Chiang Mai,1326,Web,COD,4,10,0,0,>50,44.2,6.0,2.0,0.3333333333333333,116,8,4471.506666666667,0.28,0.6666666666666666,0.16666666666666666,0.0,0.0,0,0,0.0,8556.42,2,0,0.0,10752.619999999999,3,0,0.0,26829.04,6,2,0.3333333333333333,1
LGS2ORD0036896,C014644,2025-10-20 04:00:00,Female,47,Bronze,TV,Chonburi,927,TV_Show,Credit_Card,4,10,0,0,40-50,30.9,6.0,1.0,0.16666666666666666,3,8,11946.445,0.23,0.6666666666666666,0.16666666666666666,0.0,0.0,0,0,0.0,28142.39,2,1,0.5,32242.33,3,1,0.3333333333333333,71678.67,6,1,0.16666666666666666,0
LGS2ORD0036897,C016012,2025-10-20 05:00:00,Male,47,Silver,Shopee,Nakhon Ratchasima,1250,CallCenter,Bank_Transfer,5,10,0,0,40-50,41.666666666666664,3.0,0.0,0.0,-1,41,3588.433333333333,0.25,0.3333333333333333,0.3333333333333333,0.0,0.0,0,0,0.0,0.0,0,0,0.0,2667.85,1,0,0.0,10765.3,3,0,0.0,1
LGS2ORD0036898,C012236,2025-10-20 05:00:00,Male,25,Bronze,Shopee,Nakhon Ratchasima,697,Web,Bank_Transfer,5,10,0,0,20-30,23.233333333333334,11.0,1.0,0.09090909090909091,61,21,6588.712727272727,0.28,0.18181818181818182,0.2727272727272727,0.0,0.0,0,0,0.0,2465.92,1,0,0.0,32099.64,2,1,0.5,72475.84,11,1,0.09090909090909091,0
LGS2ORD0036899,C011403,2025-10-20 05:00:00,Female,59,Gold,TV,Nakhon Ratchasima,699,Shopee,COD,5,10,0,0,>50,23.3,9.0,0.0,0.0,-1,2,10018.457777777778,0.33,0.6666666666666666,0.4444444444444444,0.0,49010.42,2,0,0.0,49010.42,2,0,0.0,57345.45,3,0,0.0,90166.12,9,0,0.0,0
LGS2ORD0036900,C010955,2025-10-20 05:00:00,Female,45,Silver,CallCenter,Phuket,1381,TV_Show,PromptPay,5,10,0,0,40-50,46.03333333333333,3.0,2.0,0.6666666666666666,43,52,3260.2466666666664,0.2,0.3333333333333333,0.0,0.0,0.0,0,0,0.0,0.0,0,0,0.0,1559.74,1,1,1.0,9780.74,3,2,0.6666666666666666,0
LGS2ORD0036901,C012909,2025-10-20 05:00:00,Male,41,Bronze,Shopee,Nakhon Ratchasima,1550,Web,COD,5,10,0,0,40-50,51.666666666666664,5.0,1.0,0.2,4,14,3698.0660000000003,0.28,0.6,0.8,0.0,0.0,0,0,0.0,2806.08,1,1,1.0,4947.27,2,1,0.5,18490.33,5,1,0.2,0
LGS2ORD0036902,C014215,2025-10-20 06:00:00,Female,68,Bronze,TV,Phuket,761,TV_Show,Credit_Card,6,10,0,0,>50,25.366666666666667,8.0,6.0,0.75,45,53,8671.039999999999,0.28,0.875,0.375,0.0,0.0,0,0,0.0,0.0,0,0,0.0,19629.66,4,4,1.0,69368.31999999999,8,6,0.75,0
LGS2ORD0036903,C010799,2025-10-20 06:00:00,Female,34,Silver,TV,Bangkok,341,CallCenter,Credit_Card,6,10,0,0,30-40,11.366666666666667,0.0,0.0,0.0,-1,-1,0.0,0.0,0.0,0.0,0.0,0.0,0,0,0.0,0.0,0,0,0.0,0.0,0,0,0.0,0.0,0,0,0.0,0
LGS2ORD0036904,C014620,2025-10-20 06:00:00,Female,39,Silver,Shopee,Remote_Area,1293,Web,COD,6,10,0,0,30-40,43.1,4.0,1.0,0.25,242,3,3399.67,0.3,0.25,0.5,0.0,1892.16,1,0,0.0,1892.16,1,0,0.0,1892.16,1,0,0.0,13598.68,4,1,0.25,0
LGS2ORD0036905,C012908,2025-10-20 06:00:00,Male,47,Bronze,TV,Remote_Area,1121,CallCenter,COD,6,10,0,0,40-50,37.36666666666667,8.0,5.0,0.625,3,6,2525.7525,0.23,0.125,0.125,0.0,875.49,1,1,1.0,1578.92,2,1,0.5,10482.11,5,3,0.6,20206.02,8,5,0.625,0
LGS2ORD0036906,C013104,2025-10-20 06:00:00,Male,29,Bronze,Lazada,Chiang Mai,1698,Web,COD,6,10,0,0,20-30,56.6,3.0,0.0,0.0,-1,106,2453.5466666666666,0.18,0.3333333333333333,0.0,0.0,0.0,0,0,0.0,0.0,0,0,0.0,0.0,0,0,0.0,7360.64,3,0,0.0,0
LGS2ORD0036907,C014516,2025-10-20 06:00:00,Other,57,Bronze,Lazada,Chonburi,1063,Lazada,PromptPay,6,10,0,0,>50,35.43333333333333,6.0,2.0,0.3333333333333333,41,1,3709.9916666666672,0.28,0.8333333333333334,0.6666666666666666,0.0,847.31,1,0,0.0,847.31,1,0,0.0,1552.51,2,1,0.5,22259.950000000004,6,2,0.3333333333333333,0
LGS2ORD0036908,C011499,2025-10-20 07:00:00,Female,35,Gold,Web,Chonburi,1358,Web,COD,7,10,0,0,30-40,45.266666666666666,2.0,0.0,0.0,-1,117,11848.644999999999,0.08,0.5,0.0,0.0,0.0,0,0,0.0,0.0,0,0,0.0,0.0,0,0,0.0,23697.289999999997,2,0,0.0,1
LGS2ORD0036909,C017208,2025-10-20 07:00:00,Male,53,Silver,Shopee,Bangkok,827,Web,COD,7,10,0,0,>50,27.566666666666666,7.0,2.0,0.2857142857142857,87,47,11601.23,0.25,0.7142857142857143,0.2857142857142857,0.0,0.0,0,0,0.0,0.0,0,0,0.0,941.95,1,0,0.0,81208.61,7,2,0.2857142857142857,1
LGS2ORD0036910,C011300,2025-10-20 07:00:00,Female,29,Bronze,TV,Nakhon Ratchasima,1125,Shopee,COD,7,10,0,0,20-30,37.5,6.0,0.0,0.0,-1,4,1892.966666666667,0.28,0.3333333333333333,0.16666666666666666,0.0,2388.17,1,0,0.0,2388.17,1,0,0.0,2388.17,1,0,0.0,11357.800000000001,6,0,0.0,1
LGS2ORD0036911,C011024,2025-10-20 07:00:00,Female,41,Gold,TV,Bangkok,888,TV_Show,COD,7,10,0,0,40-50,29.6,8.0,3.0,0.375,2,11,5114.36,0.33,0.625,0.625,0.0,0.0,0,0,0.0,7876.67,2,1,0.5,9432.64,3,1,0.3333333333333333,40914.88,8,3,0.375,1
LGS2ORD0036912,C014761,2025-10-20 07:00:00,Male,49,Bronze,TV,Remote_Area,1368,CallCenter,COD,7,10,0,0,40-50,45.6,4.0,2.0,0.5,23,29,6341.41,0.18,0.75,0.0,0.0,0.0,0,0,0.0,5146.49,1,1,1.0,13258.7,2,1,0.5,25365.64,4,2,0.5,0
LGS2ORD0036913,C014173,2025-10-20 08:00:00,Female,57,Silver,CallCenter,Khon Kaen,1251,CallCenter,Bank_Transfer,8,10,0,0,>50,41.7,10.0,2.0,0.2,18,10,5337.229,0.25,0.7,0.3,0.0,0.0,0,0,0.0,3498.53,1,0,0.0,36905.85,4,2,0.5,53372.29,10,2,0.2,0
LGS2ORD0036914,C017561,2025-10-20 08:00:00,Female,24,Gold,TV,Phuket,942,TV_Show,Bank_Transfer,8,10,0,0,20-30,31.4,4.0,2.0,0.5,123,40,6304.0599999999995,0.28,0.5,0.5,0.0,0.0,0,0,0.0,0.0,0,0,0.0,1729.73,1,0,0.0,25216.239999999998,4,2,0.5,0
LGS2ORD0036915,C017683,2025-10-20 08:00:00,Male,42,Silver,TV,Nakhon Ratchasima,1444,Web,COD,8,10,0,0,40-50,48.13333333333333,1.0,0.0,0.0,-1,156,1742.75,0.1,1.0,0.0,0.0,0.0,0,0,0.0,0.0,0,0,0.0,0.0,0,0,0.0,1742.75,1,0,0.0,0
LGS2ORD0036916,C011336,2025-10-20 08:00:00,Male,27,Bronze,TV,Chiang Mai,524,Shopee,COD,8,10,0,0,20-30,17.466666666666665,1.0,0.0,0.0,-1,217,2148.91,0.03,0.0,0.0,0.0,0.0,0,0,0.0,0.0,0,0,0.0,0.0,0,0,0.0,2148.91,1,0,0.0,0
LGS2ORD0036917,C014997,2025-10-20 08:00:00,Female,36,Bronze,Shopee,Chiang Mai,870,Lazada,Credit_Card,8,10,0,0,30-40,29.0,7.0,0.0,0.0,-1,64,3096.6242857142856,0.13,0.7142857142857143,0.0,0.0,0.0,0,0,0.0,0.0,0,0,0.0,2745.5,1,0,0.0,21676.37,7,0,0.0,0
LGS2ORD0036918,C017188,2025-10-20 09:00:00,Female,37,Bronze,Web,Chiang Mai,658,TV_Show,COD,9,10,0,0,30-40,21.933333333333334,4.0,1.0,0.25,199,135,6535.6175,0.23,0.75,0.25,0.0,0.0,0,0,0.0,0.0,0,0,0.0,0.0,0,0,0.0,26142.47,4,1,0.25,0
LGS2ORD0036919,C014732,2025-10-20 09:00:00,Female,54,Bronze,Web,Chonburi,1723,Shopee,PromptPay,9,10,0,0,>50,57.43333333333333,4.0,1.0,0.25,202,29,5984.47,0.23,0.75,0.25,0.0,0.0,0,0,0.0,18247.29,1,0,0.0,19250.16,2,0,0.0,23937.88,4,1,0.25,0
LGS2ORD0036920,C011863,2025-10-20 09:00:00,Male,41,Bronze,CallCenter,Bangkok,514,Lazada,COD,9,10,0,0,40-50,17.133333333333333,7.0,3.0,0.42857142857142855,231,5,3034.2085714285718,0.28,0.7142857142857143,0.2857142857142857,0.0,2152.52,1,0,0.0,2152.52,1,0,0.0,4785.85,2,0,0.0,21239.460000000003,7,3,0.42857142857142855,0
LGS2ORD0036921,C013854,2025-10-20 09:00:00,Male,47,Bronze,TV,Khon Kaen,625,Lazada,Credit_Card,9,10,0,0,40-50,20.833333333333332,2.0,1.0,0.5,246,81,1507.44,0.28,0.5,1.0,0.0,0.0,0,0,0.0,0.0,0,0,0.0,1665.32,1,0,0.0,3014.88,2,1,0.5,1
LGS2ORD0036922,C011413,2025-10-20 09:00:00,Female,38,Bronze,Shopee,Bangkok,956,TV_Show,COD,9,10,0,0,30-40,31.866666666666667,3.0,0.0,0.0,-1,73,6068.62,0.18,0.6666666666666666,0.0,0.0,0.0,0,0,0.0,0.0,0,0,0.0,13427.2,1,0,0.0,18205.86,3,0,0.0,0
LGS2ORD0036923,C010032,2025-10-20 10:00:00,Male,52,Silver,Shopee,Nakhon Ratchasima,507,Web,PromptPay,10,10,0,0,>50,16.9,8.0,1.0,0.125,200,29,6116.22625,0.25,0.25,0.125,0.0,0.0,0,0,0.0,7113.76,1,0,0.0,25694.5,3,0,0.0,48929.81,8,1,0.125,0
LGS2ORD0036924,C011824,2025-10-20 10:00:00,Male,44,Bronze,Shopee,Nakhon Ratchasima,1582,Shopee,COD,10,10,0,0,40-50,52.733333333333334,6.0,3.0,0.5,136,63,8382.25,0.28,0.5,0.3333333333333333,0.0,0.0,0,0,0.0,0.0,0,0,0.0,32636.08,1,0,0.0,50293.5,6,3,0.5,1
LGS2ORD0036925,C012171,2025-10-20 10:00:00,Female,51,Silver,Lazada,Chonburi,480,Web,Bank_Transfer,10,10,0,0,>50,16.0,4.0,1.0,0.25,130,114,2100.9,0.3,0.5,0.5,0.0,0.0,0,0,0.0,0.0,0,0,0.0,0.0,0,0,0.0,8403.6,4,1,0.25,0
LGS2ORD0036926,C013584,2025-10-20 10:00:00,Female,55,Gold,CallCenter,Bangkok,1751,Lazada,COD,10,10,0,0,>50,58.36666666666667,3.0,0.0,0.0,-1,192,14038.533333333333,0.18,0.6666666666666666,0.0,0.0,0.0,0,0,0.0,0.0,0,0,0.0,0.0,0,0,0.0,42115.6,3,0,0.0,0
LGS2ORD0036927,C015452,2025-10-20 10:00:00,Female,34,Bronze,Shopee,Chonburi,585,Web,COD,10,10,0,0,30-40,19.5,8.0,0.0,0.0,-1,80,5096.74875,0.28,0.5,0.375,0.0,0.0,0,0,0.0,0.0,0,0,0.0,7283.73,1,0,0.0,40773.99,8,0,0.0,0
LGS2ORD0036928,C012459,2025-10-20 10:00:00,Male,38,Silver,Shopee,Bangkok,756,Lazada,Credit_Card,10,10,0,0,30-40,25.2,4.0,1.0,0.25,61,21,2431.4825,0.25,0.5,0.25,0.0,0.0,0,0,0.0,6613.57,2,0,0.0,8701.15,3,1,0.3333333333333333,9725.93,4,1,0.25,0
LGS2ORD0036929,C012962,2025-10-20 11:00:00,Male,35,Gold,Web,Khon Kaen,1103,Shopee,Credit_Card,11,10,0,0,30-40,36.766666666666666,6.0,2.0,0.3333333333333333,155,3,8441.449999999999,0.2299999999999999,0.3333333333333333,0.16666666666666666,0.0,2902.93,1,0,0.0,2902.93,1,0,0.0,5861.67,2,0,0.0,50648.7,6,2,0.3333333333333333,0
LGS2ORD0036930,C014328,2025-10-20 11:00:00,Male,39,Bronze,Web,Bangkok,1202,TV_Show,COD,11,10,0,0,30-40,40.06666666666667,1.0,0.0,0.0,-1,30,3222.82,0.23,1.0,1.0,0.0,0.0,0,0,0.0,0.0,0,0,0.0,3222.82,1,0,0.0,3222.82,1,0,0.0,0
LGS2ORD0036931,C012603,2025-10-20 11:00:00,Male,34,Silver,Web,Bangkok,807,Shopee,COD,11,10,0,0,30-40,26.9,5.0,1.0,0.2,39,3,7298.822,0.25,0.0,0.4,0.0,18763.39,1,0,0.0,23811.03,2,0,0.0,33269.4,3,1,0.3333333333333333,36494.11,5,1,0.2,1
LGS2ORD0036932,C010954,2025-10-20 11:00:00,Male,39,Silver,Shopee,Songkhla,626,Shopee,COD,11,10,0,0,30-40,20.866666666666667,4.0,2.0,0.5,183,5,3351.8150000000005,0.3,0.75,0.5,0.0,7289.81,1,0,0.0,7289.81,1,0,0.0,7289.81,1,0,0.0,13407.260000000002,4,2,0.5,0
LGS2ORD0036933,C010174,2025-10-20 11:00:00,Female,41,Bronze,TV,Chonburi,956,Shopee,Bank_Transfer,11,10,0,0,40-50,31.866666666666667,6.0,0.0,0.0,-1,15,4528.1833333333325,0.23,0.6666666666666666,0.16666666666666666,0.0,0.0,0,0,0.0,1450.01,2,0,0.0,10864.02,3,0,0.0,27169.099999999995,6,0,0.0,0
LGS2ORD0036934,C013503,2025-10-20 12:00:00,Female,50,Gold,Lazada,Phuket,450,Shopee,Bank_Transfer,12,10,0,0,40-50,15.0,7.0,2.0,0.2857142857142857,151,1,6076.3957142857125,0.28,0.42857142857142855,0.7142857142857143,0.0,1880.81,1,0,0.0,1880.81,1,0,0.0,1880.81,1,0,0.0,42534.76999999999,7,2,0.2857142857142857,0
LGS2ORD0036935,C015900,2025-10-20 12:00:00,Other,18,Platinum,Lazada,Songkhla,1630,CallCenter,COD,12,10,0,0,<20,54.333333333333336,2.0,1.0,0.5,148,160,1115.355,0.2,0.5,0.0,0.0,0.0,0,0,0.0,0.0,0,0,0.0,0.0,0,0,0.0,2230.71,2,1,0.5,0
LGS2ORD0036936,C017604,2025-10-20 12:00:00,Male,42,Bronze,Shopee,Bangkok,429,TV_Show,COD,12,10,0,0,40-50,14.3,4.0,3.0,0.75,93,102,9877.4825,0.28,0.25,0.5,0.0,0.0,0,0,0.0,0.0,0,0,0.0,0.0,0,0,0.0,39509.93,4,3,0.75,1
LGS2ORD0036937,C010396,2025-10-20 12:00:00,Female,40,Bronze,Shopee,Phuket,858,Lazada,Credit_Card,12,10,0,0,30-40,28.6,9.0,4.0,0.4444444444444444,58,1,2259.2544444444443,0.28,0.5555555555555556,0.6666666666666666,0.0,695.8,1,0,0.0,695.8,1,0,0.0,5360.31,3,1,0.3333333333333333,20333.289999999997,9,4,0.4444444444444444,0
LGS2ORD0036938,C015728,2025-10-20 12:00:00,Female,33,Bronze,CallCenter,Remote_Area,470,CallCenter,COD,12,10,0,0,30-40,15.666666666666666,8.0,3.0,0.375,28,13,8637.915,0.28,0.5,0.5,0.0,0.0,0,0,0.0,11650.52,2,0,0.0,20280.0,3,1,0.3333333333333333,69103.32,8,3,0.375,1
LGS2ORD0036939,C013454,2025-10-20 13:00:00,Male,49,Gold,TV,Bangkok,1229,TV_Show,COD,13,10,0,0,40-50,40.96666666666667,0.0,0.0,0.0,-1,-1,0.0,0.0,0.0,0.0,0.0,0.0,0,0,0.0,0.0,0,0,0.0,0.0,0,0,0.0,0.0,0,0,0.0,0
LGS2ORD0036940,C012659,2025-10-20 13:00:00,Female,36,Platinum,TV,Remote_Area,417,Lazada,COD,13,10,0,0,30-40,13.9,5.0,1.0,0.2,128,17,7934.3460000000005,0.25,0.6,0.6,0.0,0.0,0,0,0.0,12883.01,1,0,0.0,21518.64,3,0,0.0,39671.73,5,1,0.2,0
LGS2ORD0036941,C010842,2025-10-20 13:00:00,Female,64,Gold,Shopee,Chonburi,1012,Web,COD,13,10,0,0,>50,33.733333333333334,10.0,1.0,0.1,241,10,3826.0910000000003,0.33,0.7,0.3,0.0,0.0,0,0,0.0,9924.75,2,0,0.0,21195.18,5,0,0.0,38260.91,10,1,0.1,0
LGS2ORD0036942,C016727,2025-10-20 13:00:00,Female,33,Bronze,TV,Chonburi,1099,CallCenter,COD,13,10,0,0,30-40,36.63333333333333,5.0,0.0,0.0,-1,7,3767.0980000000004,0.28,0.4,0.8,0.0,0.0,0,0,0.0,4056.36,1,0,0.0,5685.81,2,0,0.0,18835.49,5,0,0.0,0
LGS2ORD0036943,C011760,2025-10-20 13:00:00,Male,27,Bronze,TV,Khon Kaen,369,CallCenter,Credit_Card,13,10,0,0,20-30,12.3,6.0,0.0,0.0,-1,33,5409.906666666667,0.28,0.5,0.16666666666666666,0.0,0.0,0,0,0.0,0.0,0,0,0.0,4043.84,2,0,0.0,32459.440000000002,6,0,0.0,0
LGS2ORD0036944,C013286,2025-10-20 14:00:00,Male,37,Platinum,Shopee,Chiang Mai,484,Shopee,Credit_Card,14,10,0,0,30-40,16.133333333333333,1.0,0.0,0.0,-1,104,3230.18,0.15,1.0,0.0,0.0,0.0,0,0,0.0,0.0,0,0,0.0,0.0,0,0,0.0,3230.18,1,0,0.0,1
LGS2ORD0036945,C016912,2025-10-20 14:00:00,Male,22,Bronze,TV,Nakhon Ratchasima,1209,Shopee,COD,14,10,0,0,20-30,40.3,5.0,0.0,0.0,-1,15,14527.73,0.08,0.4,0.0,0.0,0.0,0,0,0.0,13464.96,1,0,0.0,52806.51,2,0,0.0,72638.65,5,0,0.0,0
LGS2ORD0036946,C014242,2025-10-20 14:00:00,Female,30,Silver,Shopee,Bangkok,800,Lazada,PromptPay,14,10,0,0,20-30,26.666666666666668,1.0,0.0,0.0,-1,58,11392.75,0.05,0.0,0.0,0.0,0.0,0,0,0.0,0.0,0,0,0.0,11392.75,1,0,0.0,11392.75,1,0,0.0,0
LGS2ORD0036947,C013211,2025-10-20 14:00:00,Female,36,Bronze,TV,Chiang Mai,657,CallCenter,COD,14,10,0,0,30-40,21.9,1.0,0.0,0.0,-1,169,2598.18,0.23,1.0,1.0,0.0,0.0,0,0,0.0,0.0,0,0,0.0,0.0,0,0,0.0,2598.18,1,0,0.0,0
LGS2ORD0036948,C015521,2025-10-20 14:00:00,Male,34,Gold,Shopee,Chiang Mai,1452,Lazada,PromptPay,14,10,0,0,30-40,48.4,3.0,1.0,0.3333333333333333,264,6,7830.176666666667,0.13,0.6666666666666666,0.0,0.0,1107.18,1,0,0.0,1107.18,1,0,0.0,1107.18,1,0,0.0,23490.530000000002,3,1,0.3333333333333333,0
LGS2ORD0036949,C017037,2025-10-20 14:00:00,Female,41,Bronze,Web,Bangkok,1427,Lazada,COD,14,10,0,0,40-50,47.56666666666667,9.0,1.0,0.1111111111111111,-10,0,6068.232222222222,0.28,0.4444444444444444,0.3333333333333333,0.0,9803.24,1,1,1.0,9803.24,1,1,1.0,13293.55,2,1,0.5,54614.09,9,1,0.1111111111111111,0
LGS2ORD0036950,C017157,2025-10-20 15:00:00,Female,45,Gold,TV,Khon Kaen,1621,Web,Credit_Card,15,10,0,0,40-50,54.03333333333333,5.0,2.0,0.4,28,35,5093.676,0.33,0.8,0.8,0.0,0.0,0,0,0.0,0.0,0,0,0.0,3292.87,2,1,0.5,25468.38,5,2,0.4,0
LGS2ORD0036951,C014446,2025-10-20 15:00:00,Female,59,Silver,Web,Nakhon Ratchasima,764,CallCenter,COD,15,10,0,0,>50,25.466666666666665,1.0,0.0,0.0,-1,88,3441.35,0.15,0.0,0.0,0.0,0.0,0,0,0.0,0.0,0,0,0.0,3441.35,1,0,0.0,3441.35,1,0,0.0,0
LGS2ORD0036952,C017501,2025-10-20 15:00:00,Female,48,Gold,Web,Phuket,1114,Web,COD,15,10,0,0,40-50,37.13333333333333,3.0,1.0,0.3333333333333333,245,242,3412.5166666666664,0.33,0.0,0.3333333333333333,0.0,0.0,0,0,0.0,0.0,0,0,0.0,0.0,0,0,0.0,10237.55,3,1,0.3333333333333333,0
LGS2ORD0036953,C016847,2025-10-20 15:00:00,Male,38,Platinum,Web,Bangkok,375,Web,COD,15,10,0,0,30-40,12.5,3.0,1.0,0.3333333333333333,-4,7,3869.773333333334,0.25,1.0,0.3333333333333333,0.0,0.0,0,0,0.0,576.44,1,1,1.0,10107.03,2,1,0.5,11609.320000000002,3,1,0.3333333333333333,0
LGS2ORD0036954,C014258,2025-10-20 15:00:00,Female,39,Gold,Web,Nakhon Ratchasima,1231,Web,PromptPay,15,10,0,0,30-40,41.03333333333333,4.0,0.0,0.0,-1,51,8999.1125,0.13,0.75,0.0,0.0,0.0,0,0,0.0,0.0,0,0,0.0,21145.98,1,0,0.0,35996.45,4,0,0.0,1
LGS2ORD0036955,C014904,2025-10-20 16:00:00,Female,26,Platinum,CallCenter,Chiang Mai,355,TV_Show,COD,16,10,0,0,20-30,11.833333333333334,6.0,0.0,0.0,-1,110,3383.816666666666,0.25,0.3333333333333333,0.16666666666666666,0.0,0.0,0,0,0.0,0.0,0,0,0.0,0.0,0,0,0.0,20302.899999999998,6,0,0.0,0
LGS2ORD0036956,C010536,2025-10-20 16:00:00,Female,42,Bronze,TV,Remote_Area,1677,Shopee,COD,16,10,0,0,40-50,55.9,5.0,0.0,0.0,-1,7,5799.3279999999995,0.28,0.2,0.2,0.0,0.0,0,0,0.0,2260.55,1,0,0.0,26419.649999999998,4,0,0.0,28996.639999999996,5,0,0.0,0
LGS2ORD0036957,C017409,2025-10-20 16:00:00,Female,19,Gold,Lazada,Phuket,937,Shopee,Bank_Transfer,16,10,0,0,<20,31.233333333333334,1.0,0.0,0.0,-1,113,26307.6,0.2299999999999999,0.0,1.0,0.0,0.0,0,0,0.0,0.0,0,0,0.0,0.0,0,0,0.0,26307.6,1,0,0.0,0
LGS2ORD0036958,C015628,2025-10-20 16:00:00,Female,33,Bronze,TV,Khon Kaen,595,Shopee,Credit_Card,16,10,0,0,30-40,19.833333333333332,6.0,1.0,0.16666666666666666,197,124,6119.165000000001,0.23,0.3333333333333333,0.16666666666666666,0.0,0.0,0,0,0.0,0.0,0,0,0.0,0.0,0,0,0.0,36714.990000000005,6,1,0.16666666666666666,0
LGS2ORD0036959,C010051,2025-10-20 16:00:00,Female,47,Silver,Web,Khon Kaen,732,CallCenter,COD,16,10,0,0,40-50,24.4,5.0,0.0,0.0,-1,8,3086.9099999999994,0.3,0.2,0.4,0.0,0.0,0,0,0.0,4877.42,1,0,0.0,10547.689999999999,3,0,0.0,15434.549999999997,5,0,0.0,0
LGS2ORD0036960,C010647,2025-10-20 17:00:00,Male,31,Platinum,Web,Chiang Mai,1179,Lazada,PromptPay,17,10,0,0,30-40,39.3,2.0,1.0,0.5,61,72,3935.2200000000003,0.25,0.5,0.5,0.0,0.0,0,0,0.0,0.0,0,0,0.0,6818.71,1,1,1.0,7870.4400000000005,2,1,0.5,0
LGS2ORD0036961,C015499,2025-10-20 17:00:00,Male,18,Bronze,Shopee,Bangkok,619,Lazada,COD,17,10,0,0,<20,20.633333333333333,3.0,0.0,0.0,-1,40,3539.7433333333333,0.23,0.6666666666666666,0.3333333333333333,0.0,0.0,0,0,0.0,0.0,0,0,0.0,7867.889999999999,2,0,0.0,10619.23,3,0,0.0,1
LGS2ORD0036962,C015316,2025-10-20 17:00:00,Female,42,Bronze,Lazada,Remote_Area,1093,Web,Credit_Card,17,10,0,0,40-50,36.43333333333333,4.0,1.0,0.25,31,9,7907.6575,0.28,0.75,0.25,0.0,0.0,0,0,0.0,5956.05,1,0,0.0,13511.869999999999,2,1,0.5,31630.63,4,1,0.25,0
LGS2ORD0036963,C013252,2025-10-20 17:00:00,Female,37,Bronze,Shopee,Bangkok,1257,TV_Show,PromptPay,17,10,0,0,30-40,41.9,8.0,3.0,0.375,21,31,8026.615,0.28,0.375,0.25,0.0,0.0,0,0,0.0,0.0,0,0,0.0,4236.46,2,2,1.0,64212.92,8,3,0.375,0
LGS2ORD0036964,C014881,2025-10-20 17:00:00,Female,55,Bronze,TV,Bangkok,870,Shopee,COD,17,10,0,0,>50,29.0,9.0,2.0,0.2222222222222222,31,9,7788.973333333334,0.18,0.3333333333333333,0.0,0.0,0.0,0,0,0.0,13267.49,1,0,0.0,21447.760000000002,3,1,0.3333333333333333,70100.76000000001,9,2,0.2222222222222222,0
LGS2ORD0036965,C017542,2025-10-20 18:00:00,Female,45,Bronze,TV,Chiang Mai,364,Lazada,COD,18,10,0,0,40-50,12.133333333333333,6.0,2.0,0.3333333333333333,23,35,7572.908333333334,0.23,0.8333333333333334,0.16666666666666666,0.0,0.0,0,0,0.0,0.0,0,0,0.0,1052.32,1,1,1.0,45437.450000000004,6,2,0.3333333333333333,0
LGS2ORD0036966,C017005,2025-10-20 18:00:00,Male,18,Silver,TV,Chiang Mai,785,TV_Show,COD,18,10,0,0,<20,26.166666666666668,3.0,0.0,0.0,-1,111,10500.066666666668,0.2,0.3333333333333333,0.0,0.0,0.0,0,0,0.0,0.0,0,0,0.0,0.0,0,0,0.0,31500.2,3,0,0.0,0
LGS2ORD0036967,C012700,2025-10-20 18:00:00,Male,34,Platinum,TV,Chiang Mai,647,Shopee,Credit_Card,18,10,0,0,30-40,21.566666666666666,7.0,3.0,0.42857142857142855,71,77,3053.542857142857,0.35,0.7142857142857143,0.8571428571428571,0.0,0.0,0,0,0.0,0.0,0,0,0.0,3401.56,1,1,1.0,21374.8,7,3,0.42857142857142855,0
LGS2ORD0036968,C011455,2025-10-20 18:00:00,Female,45,Gold,Web,Phuket,1335,Lazada,COD,18,10,0,0,40-50,44.5,7.0,2.0,0.2857142857142857,4,9,6196.507142857144,0.33,0.5714285714285714,0.42857142857142855,0.0,0.0,0,0,0.0,9630.75,1,1,1.0,17621.79,4,1,0.25,43375.55,7,2,0.2857142857142857,0
LGS2ORD0036969,C012962,2025-10-20 18:00:00,Male,35,Gold,Web,Khon Kaen,1103,Shopee,COD,18,10,0,0,30-40,36.766666666666666,7.0,2.0,0.2857142857142857,155,0,7784.5428571428565,0.2299999999999999,0.2857142857142857,0.14285714285714285,0.0,6746.03,2,0,0.0,6746.03,2,0,0.0,9704.77,3,0,0.0,54491.799999999996,7,2,0.2857142857142857,0
LGS2ORD0036970,C016632,2025-10-20 18:00:00,Male,18,Gold,Web,Bangkok,507,Web,Credit_Card,18,10,0,0,<20,16.9,4.0,0.0,0.0,-1,76,4652.9075,0.13,0.25,0.0,0.0,0.0,0,0,0.0,0.0,0,0,0.0,1396.79,1,0,0.0,18611.63,4,0,0.0,0
LGS2ORD0036971,C014561,2025-10-20 19:00:00,Female,26,Platinum,Web,Chonburi,1663,CallCenter,COD,19,10,0,0,20-30,55.43333333333333,4.0,1.0,0.25,132,3,2911.0275,0.3,1.0,0.75,0.0,4425.1,1,0,0.0,4425.1,1,0,0.0,4425.1,1,0,0.0,11644.11,4,1,0.25,0
LGS2ORD0036972,C014087,2025-10-20 19:00:00,Female,69,Bronze,TV,Phuket,661,TV_Show,PromptPay,19,10,0,0,>50,22.033333333333335,12.0,7.0,0.5833333333333334,-3,2,12627.647500000001,0.28,0.75,0.25,0.08333333333333333,10998.31,1,1,1.0,10998.31,1,1,1.0,21826.620000000003,3,3,1.0,151531.77000000002,12,7,0.5833333333333334,0
LGS2ORD0036973,C012231,2025-10-20 19:00:00,Male,23,Bronze,CallCenter,Remote_Area,1749,Web,COD,19,10,0,0,20-30,58.3,5.0,1.0,0.2,64,64,6850.956,0.23,0.4,0.2,0.0,0.0,0,0,0.0,0.0,0,0,0.0,25854.21,3,1,0.3333333333333333,34254.78,5,1,0.2,0
LGS2ORD0036974,C011039,2025-10-20 19:00:00,Female,47,Bronze,Lazada,Chonburi,1330,CallCenter,COD,19,10,0,0,40-50,44.333333333333336,10.0,6.0,0.6,-9,2,5859.448000000001,0.28,0.7,0.4,0.0,9536.42,2,1,0.5,9536.42,2,1,0.5,9536.42,2,1,0.5,58594.48000000001,10,6,0.6,1
LGS2ORD0036975,C011567,2025-10-20 19:00:00,Female,40,Bronze,TV,Bangkok,1194,TV_Show,Credit_Card,19,10,0,0,30-40,39.8,7.0,1.0,0.14285714285714285,161,23,5522.709999999999,0.28,0.42857142857142855,0.42857142857142855,0.0,0.0,0,0,0.0,1158.18,1,0,0.0,31134.28,3,0,0.0,38658.969999999994,7,1,0.14285714285714285,0
LGS2ORD0036976,C012748,2025-10-20 20:00:00,Male,57,Bronze,TV,Bangkok,1407,Web,COD,20,10,0,0,>50,46.9,3.0,0.0,0.0,-1,171,4924.506666666667,0.18,0.3333333333333333,0.0,0.0,0.0,0,0,0.0,0.0,0,0,0.0,0.0,0,0,0.0,14773.52,3,0,0.0,0
LGS2ORD0036977,C014324,2025-10-20 20:00:00,Female,33,Silver,TV,Khon Kaen,1683,TV_Show,Credit_Card,20,10,0,0,30-40,56.1,10.0,3.0,0.3,152,41,4426.189,0.25,0.6,0.1,0.0,0.0,0,0,0.0,0.0,0,0,0.0,16380.129999999997,4,0,0.0,44261.89,10,3,0.3,0
LGS2ORD0036978,C013484,2025-10-20 20:00:00,Female,39,Silver,TV,Bangkok,1063,Web,COD,20,10,0,0,30-40,35.43333333333333,6.0,3.0,0.5,46,30,10035.5,0.2,0.16666666666666666,0.0,0.0,0.0,0,0,0.0,0.0,0,0,0.0,10757.09,3,1,0.3333333333333333,60213.0,6,3,0.5,0
LGS2ORD0036979,C015308,2025-10-20 20:00:00,Female,33,Bronze,Lazada,Bangkok,1675,Web,Bank_Transfer,20,10,0,0,30-40,55.833333333333336,4.0,1.0,0.25,107,18,3048.8675,0.18,0.5,0.0,0.0,0.0,0,0,0.0,5745.49,1,0,0.0,5745.49,1,0,0.0,12195.47,4,1,0.25,0
LGS2ORD0036980,C012149,2025-10-20 20:00:00,Male,52,Gold,Lazada,Bangkok,983,Shopee,COD,20,10,0,0,>50,32.766666666666666,3.0,2.0,0.6666666666666666,235,100,3203.85,0.33,0.3333333333333333,0.3333333333333333,0.0,0.0,0,0,0.0,0.0,0,0,0.0,0.0,0,0,0.0,9611.55,3,2,0.6666666666666666,0
LGS2ORD0036981,C016446,2025-10-20 21:00:00,Female,28,Gold,TV,Bangkok,393,Web,PromptPay,21,10,0,0,20-30,13.1,6.0,0.0,0.0,-1,42,5874.581666666668,0.28,0.5,0.8333333333333334,0.0,0.0,0,0,0.0,0.0,0,0,0.0,7511.25,1,0,0.0,35247.490000000005,6,0,0.0,0
LGS2ORD0036982,C013057,2025-10-20 21:00:00,Male,35,Platinum,Lazada,Bangkok,570,Shopee,Credit_Card,21,10,0,0,30-40,19.0,1.0,0.0,0.0,-1,263,6536.91,0.1,1.0,0.0,0.0,0.0,0,0,0.0,0.0,0,0,0.0,0.0,0,0,0.0,6536.91,1,0,0.0,0
LGS2ORD0036983,C010824,2025-10-20 21:00:00,Male,34,Silver,TV,Khon Kaen,1267,Web,COD,21,10,0,0,30-40,42.233333333333334,7.0,1.0,0.14285714285714285,126,28,6724.852857142857,0.25,0.7142857142857143,0.14285714285714285,0.0,0.0,0,0,0.0,1654.1,1,0,0.0,4132.67,2,0,0.0,47073.97,7,1,0.14285714285714285,1
LGS2ORD0036984,C014420,2025-10-20 21:00:00,Female,56,Silver,Shopee,Bangkok,640,TV_Show,Credit_Card,21,10,0,0,>50,21.333333333333332,5.0,3.0,0.6,41,35,9729.929999999998,0.25,0.0,0.2,0.0,0.0,0,0,0.0,0.0,0,0,0.0,16142.099999999999,2,1,0.5,48649.649999999994,5,3,0.6,0
LGS2ORD0036985,C014057,2025-10-20 21:00:00,Male,63,Silver,Web,Chonburi,814,Lazada,Bank_Transfer,21,10,0,0,>50,27.133333333333333,7.0,1.0,0.14285714285714285,42,10,7341.61857142857,0.25,0.2857142857142857,0.2857142857142857,0.0,0.0,0,0,0.0,2737.5,1,0,0.0,11050.82,2,1,0.5,51391.329999999994,7,1,0.14285714285714285,0
LGS2ORD0036986,C011669,2025-10-20 22:00:00,Male,35,Bronze,Lazada,Remote_Area,554,Web,Credit_Card,22,10,0,0,30-40,18.466666666666665,5.0,0.0,0.0,-1,81,9961.934,0.13,0.6,0.0,0.0,0.0,0,0,0.0,0.0,0,0,0.0,29419.04,2,0,0.0,49809.67,5,0,0.0,0
LGS2ORD0036987,C017007,2025-10-20 22:00:00,Male,39,Bronze,CallCenter,Chonburi,983,Web,COD,22,10,0,0,30-40,32.766666666666666,5.0,0.0,0.0,-1,30,1766.5919999999999,0.28,0.6,0.4,0.0,0.0,0,0,0.0,0.0,0,0,0.0,5699.81,2,0,0.0,8832.96,5,0,0.0,0
LGS2ORD0036988,C013720,2025-10-20 22:00:00,Male,22,Silver,TV,Nakhon Ratchasima,1748,Shopee,Credit_Card,22,10,0,0,20-30,58.266666666666666,3.0,0.0,0.0,-1,31,3015.6300000000006,0.1,0.3333333333333333,0.0,0.0,0.0,0,0,0.0,0.0,0,0,0.0,3644.26,2,0,0.0,9046.890000000001,3,0,0.0,0
LGS2ORD0036989,C017058,2025-10-20 22:00:00,Female,45,Bronze,CallCenter,Chiang Mai,1288,TV_Show,COD,22,10,0,0,40-50,42.93333333333333,9.0,2.0,0.2222222222222222,-5,3,9077.658888888887,0.23,0.4444444444444444,0.1111111111111111,0.0,3292.56,1,1,1.0,3292.56,1,1,1.0,5962.889999999999,2,1,0.5,81698.93,9,2,0.2222222222222222,1
LGS2ORD0036990,C015268,2025-10-20 22:00:00,Female,32,Silver,Lazada,Bangkok,405,TV_Show,COD,22,10,0,0,30-40,13.5,1.0,0.0,0.0,-1,47,14743.35,0.05,1.0,0.0,0.0,0.0,0,0,0.0,0.0,0,0,0.0,14743.35,1,0,0.0,14743.35,1,0,0.0,0
LGS2ORD0036991,C017950,2025-10-20 22:00:00,Male,63,Bronze,Shopee,Chiang Mai,579,TV_Show,COD,22,10,0,0,>50,19.3,8.0,3.0,0.375,39,30,3328.7512500000003,0.28,0.5,0.375,0.0,0.0,0,0,0.0,0.0,0,0,0.0,11421.25,3,2,0.6666666666666666,26630.010000000002,8,3,0.375,0
LGS2ORD0036992,C014187,2025-10-20 23:00:00,Female,55,Bronze,Lazada,Bangkok,333,TV_Show,COD,23,10,0,0,>50,11.1,6.0,0.0,0.0,-1,37,4088.9599999999996,0.23,0.3333333333333333,0.16666666666666666,0.0,0.0,0,0,0.0,0.0,0,0,0.0,624.26,1,0,0.0,24533.76,6,0,0.0,1
LGS2ORD0036993,C013768,2025-10-20 23:00:00,Male,39,Platinum,Lazada,Chiang Mai,1325,TV_Show,Credit_Card,23,10,0,0,30-40,44.166666666666664,7.0,2.0,0.2857142857142857,252,36,3427.0071428571428,0.3,0.8571428571428571,0.5714285714285714,0.0,0.0,0,0,0.0,0.0,0,0,0.0,12261.419999999998,2,0,0.0,23989.05,7,2,0.2857142857142857,0
LGS2ORD0036994,C015037,2025-10-20 23:00:00,Female,48,Bronze,Lazada,Khon Kaen,973,Shopee,Credit_Card,23,10,0,0,40-50,32.43333333333333,4.0,0.0,0.0,-1,31,2366.01,0.18,0.5,0.0,0.0,0.0,0,0,0.0,0.0,0,0,0.0,5652.17,1,0,0.0,9464.04,4,0,0.0,0
LGS2ORD0036995,C017968,2025-10-20 23:00:00,Male,51,Bronze,Lazada,Songkhla,1658,Web,COD,23,10,0,0,>50,55.266666666666666,5.0,1.0,0.2,97,79,3849.3,0.18,0.6,0.0,0.0,0.0,0,0,0.0,0.0,0,0,0.0,2488.36,1,0,0.0,19246.5,5,1,0.2,1
LGS2ORD0036996,C017974,2025-10-20 23:00:00,Male,51,Gold,TV,Nakhon Ratchasima,1333,TV_Show,COD,23,10,0,0,>50,44.43333333333333,1.0,0.0,0.0,-1,22,3643.97,0.08,1.0,0.0,0.0,0.0,0,0,0.0,3643.97,1,0,0.0,3643.97,1,0,0.0,3643.97,1,0,0.0,0
LGS2ORD0036997,C014341,2025-10-21 00:00:00,Female,38,Silver,TV,Bangkok,479,TV_Show,PromptPay,0,10,1,0,30-40,15.966666666666667,7.0,0.0,0.0,-1,13,3495.5771428571425,0.25,0.7142857142857143,0.14285714285714285,0.0,0.0,0,0,0.0,2896.6499999999996,2,0,0.0,12547.09,3,0,0.0,24469.039999999997,7,0,0.0,0
LGS2ORD0036998,C013958,2025-10-21 00:00:00,Female,45,Silver,TV,Nakhon Ratchasima,537,TV_Show,PromptPay,0,10,1,0,40-50,17.9,2.0,0.0,0.0,-1,115,3486.365,0.05,0.5,0.0,0.0,0.0,0,0,0.0,0.0,0,0,0.0,0.0,0,0,0.0,6972.73,2,0,0.0,0
LGS2ORD0036999,C013373,2025-10-21 00:00:00,Female,52,Bronze,Lazada,Songkhla,790,Shopee,PromptPay,0,10,1,0,>50,26.333333333333332,4.0,1.0,0.25,9,21,2483.0,0.18,0.25,0.0,0.0,0.0,0,0,0.0,1086.88,1,1,1.0,2132.4,2,1,0.5,9932.0,4,1,0.25,0
LGS2ORD0037000,C010130,2025-10-21 00:00:00,Female,53,Silver,Shopee,Chonburi,368,TV_Show,COD,0,10,1,0,>50,12.266666666666667,4.0,2.0,0.5,59,68,4358.405,0.25,0.75,0.5,0.0,0.0,0,0,0.0,0.0,0,0,0.0,1834.15,1,1,1.0,17433.62,4,2,0.5,1
LGS2ORD0037001,C010832,2025-10-21 00:00:00,Female,37,Gold,TV,Songkhla,589,TV_Show,Credit_Card,0,10,1,0,30-40,19.633333333333333,6.0,0.0,0.0,-1,102,8553.191666666668,0.2299999999999999,0.5,0.3333333333333333,0.0,0.0,0,0,0.0,0.0,0,0,0.0,0.0,0,0,0.0,51319.15,6,0,0.0,0
LGS2ORD0037002,C012295,2025-10-21 01:00:00,Other,39,Silver,CallCenter,Nakhon Ratchasima,1724,Shopee,PromptPay,1,10,1,0,30-40,57.46666666666667,9.0,1.0,0.1111111111111111,68,40,5325.889999999999,0.3,0.6666666666666666,0.3333333333333333,0.0,0.0,0,0,0.0,0.0,0,0,0.0,4673.85,3,1,0.3333333333333333,47933.009999999995,9,1,0.1111111111111111,0
LGS2ORD0037003,C013187,2025-10-21 01:00:00,Male,55,Silver,TV,Khon Kaen,558,Lazada,Credit_Card,1,10,1,0,>50,18.6,5.0,0.0,0.0,-1,30,9605.7,0.25,0.2,0.2,0.0,0.0,0,0,0.0,0.0,0,0,0.0,24838.86,3,0,0.0,48028.5,5,0,0.0,0
LGS2ORD0037004,C013007,2025-10-21 01:00:00,Female,33,Silver,Web,Bangkok,1343,Lazada,Bank_Transfer,1,10,1,0,30-40,44.766666666666666,3.0,0.0,0.0,-1,126,3388.0733333333333,0.3,0.3333333333333333,0.3333333333333333,0.0,0.0,0,0,0.0,0.0,0,0,0.0,0.0,0,0,0.0,10164.22,3,0,0.0,1
LGS2ORD0037005,C012593,2025-10-21 01:00:00,Female,45,Bronze,TV,Remote_Area,457,Web,COD,1,10,1,0,40-50,15.233333333333333,4.0,0.0,0.0,-1,1,6730.59,0.13,0.5,0.0,0.0,11502.8,1,0,0.0,11502.8,1,0,0.0,11502.8,1,0,0.0,26922.36,4,0,0.0,0
LGS2ORD0037006,C016064,2025-10-21 01:00:00,Female,43,Bronze,Lazada,Chonburi,714,TV_Show,PromptPay,1,10,1,0,40-50,23.8,2.0,0.0,0.0,-1,28,2241.21,0.28,0.5,0.5,0.0,0.0,0,0,0.0,869.56,1,0,0.0,869.56,1,0,0.0,4482.42,2,0,0.0,0
LGS2ORD0037007,C015233,2025-10-21 02:00:00,Female,23,Gold,Shopee,Khon Kaen,1211,Web,Bank_Transfer,2,10,1,0,20-30,40.36666666666667,7.0,3.0,0.42857142857142855,101,90,5204.628571428571,0.33,0.7142857142857143,0.42857142857142855,0.0,0.0,0,0,0.0,0.0,0,0,0.0,0.0,0,0,0.0,36432.4,7,3,0.42857142857142855,1
LGS2ORD0037008,C015236,2025-10-21 02:00:00,Female,18,Bronze,Web,Khon Kaen,1728,Lazada,COD,2,10,1,0,<20,57.6,8.0,4.0,0.5,192,175,7450.0337500000005,0.28,0.125,0.25,0.0,0.0,0,0,0.0,0.0,0,0,0.0,0.0,0,0,0.0,59600.270000000004,8,4,0.5,0
LGS2ORD0037009,C012169,2025-10-21 02:00:00,Female,40,Bronze,Web,Bangkok,309,CallCenter,Credit_Card,2,10,1,0,30-40,10.3,3.0,0.0,0.0,-1,51,4438.863333333334,0.28,0.6666666666666666,0.3333333333333333,0.0,0.0,0,0,0.0,0.0,0,0,0.0,13316.59,3,0,0.0,13316.59,3,0,0.0,0
LGS2ORD0037010,C014899,2025-10-21 02:00:00,Male,63,Silver,Web,Phuket,1105,Lazada,Credit_Card,2,10,1,0,>50,36.833333333333336,7.0,3.0,0.42857142857142855,145,98,4007.2328571428575,0.25,0.5714285714285714,0.42857142857142855,0.0,0.0,0,0,0.0,0.0,0,0,0.0,0.0,0,0,0.0,28050.63,7,3,0.42857142857142855,1
LGS2ORD0037011,C015181,2025-10-21 02:00:00,Male,39,Bronze,Shopee,Remote_Area,738,Shopee,COD,2,10,1,0,30-40,24.6,8.0,2.0,0.25,75,58,8311.37125,0.28,0.625,0.125,0.0,0.0,0,0,0.0,0.0,0,0,0.0,17154.97,4,2,0.5,66490.97,8,2,0.25,1
LGS2ORD0037012,C013115,2025-10-21 02:00:00,Female,37,Gold,Shopee,Chonburi,1695,TV_Show,COD,2,10,1,0,30-40,56.5,5.0,2.0,0.4,65,34,8122.076000000001,0.28,0.2,0.6,0.0,0.0,0,0,0.0,0.0,0,0,0.0,20215.010000000002,2,1,0.5,40610.380000000005,5,2,0.4,1
LGS2ORD0037013,C013810,2025-10-21 03:00:00,Female,55,Gold,Shopee,Bangkok,1403,TV_Show,Credit_Card,3,10,1,0,>50,46.766666666666666,4.0,2.0,0.5,71,77,7814.9400000000005,0.2299999999999999,0.25,0.25,0.0,0.0,0,0,0.0,0.0,0,0,0.0,26413.47,2,1,0.5,31259.760000000002,4,2,0.5,0
LGS2ORD0037014,C016821,2025-10-21 03:00:00,Other,57,Bronze,Shopee,Chonburi,795,TV_Show,PromptPay,3,10,1,0,>50,26.5,6.0,1.0,0.16666666666666666,18,23,11282.394999999999,0.18,0.6666666666666666,0.0,0.0,0.0,0,0,0.0,8618.81,1,1,1.0,9825.66,2,1,0.5,67694.37,6,1,0.16666666666666666,0
LGS2ORD0037015,C011100,2025-10-21 03:00:00,Male,40,Bronze,CallCenter,Nakhon Ratchasima,1001,TV_Show,Credit_Card,3,10,1,0,30-40,33.36666666666667,3.0,1.0,0.3333333333333333,178,63,3816.8266666666664,0.28,0.6666666666666666,0.6666666666666666,0.0,0.0,0,0,0.0,0.0,0,0,0.0,3933.43,1,0,0.0,11450.48,3,1,0.3333333333333333,0
LGS2ORD0037016,C013814,2025-10-21 03:00:00,Female,59,Bronze,TV,Songkhla,1225,Lazada,Credit_Card,3,10,1,0,>50,40.833333333333336,3.0,1.0,0.3333333333333333,133,12,10952.94,0.18,0.6666666666666666,0.0,0.0,0.0,0,0,0.0,3498.42,1,0,0.0,3498.42,1,0,0.0,32858.82,3,1,0.3333333333333333,1
LGS2ORD0037017,C015532,2025-10-21 03:00:00,Male,58,Bronze,Web,Remote_Area,608,Shopee,Credit_Card,3,10,1,0,>50,20.266666666666666,7.0,3.0,0.42857142857142855,177,123,4596.1842857142865,0.28,0.42857142857142855,0.2857142857142857,0.0,0.0,0,0,0.0,0.0,0,0,0.0,0.0,0,0,0.0,32173.290000000005,7,3,0.42857142857142855,0
LGS2ORD0037018,C011864,2025-10-21 04:00:00,Female,32,Bronze,Lazada,Khon Kaen,379,Lazada,COD,4,10,1,0,30-40,12.633333333333333,11.0,3.0,0.2727272727272727,28,40,4489.993636363636,0.28,0.5454545454545454,0.45454545454545453,0.0,0.0,0,0,0.0,0.0,0,0,0.0,34312.579999999994,5,2,0.4,49389.92999999999,11,3,0.2727272727272727,0
LGS2ORD0037019,C011905,2025-10-21 04:00:00,Female,63,Silver,TV,Remote_Area,1649,TV_Show,Credit_Card,4,10,1,0,>50,54.96666666666667,8.0,5.0,0.625,15,27,9156.536250000001,0.2,0.375,0.0,0.0,0.0,0,0,0.0,3142.12,1,1,1.0,37117.100000000006,3,2,0.6666666666666666,73252.29000000001,8,5,0.625,0
LGS2ORD0037020,C016167,2025-10-21 04:00:00,Male,46,Silver,TV,Khon Kaen,320,TV_Show,Credit_Card,4,10,1,0,40-50,10.666666666666666,5.0,2.0,0.4,76,81,7785.048000000001,0.3,0.6,0.2,0.0,0.0,0,0,0.0,0.0,0,0,0.0,17177.08,1,1,1.0,38925.240000000005,5,2,0.4,1
LGS2ORD0037021,C016834,2025-10-21 04:00:00,Male,54,Silver,Lazada,Chonburi,1585,Shopee,COD,4,10,1,0,>50,52.833333333333336,4.0,0.0,0.0,-1,11,13928.769999999999,0.15,0.5,0.0,0.0,0.0,0,0,0.0,1499.74,1,0,0.0,1499.74,1,0,0.0,55715.079999999994,4,0,0.0,0
LGS2ORD0037022,C015159,2025-10-21 04:00:00,Male,43,Bronze,Web,Khon Kaen,1565,Shopee,Credit_Card,4,10,1,0,40-50,52.166666666666664,4.0,0.0,0.0,-1,9,4927.5225,0.23,0.5,0.25,0.0,0.0,0,0,0.0,5940.08,1,0,0.0,10725.95,3,0,0.0,19710.09,4,0,0.0,0
LGS2ORD0037023,C013506,2025-10-21 05:00:00,Female,41,Bronze,Shopee,Chiang Mai,517,Web,COD,5,10,1,0,40-50,17.233333333333334,1.0,0.0,0.0,-1,101,16636.61,0.28,1.0,1.0,0.0,0.0,0,0,0.0,0.0,0,0,0.0,0.0,0,0,0.0,16636.61,1,0,0.0,0
LGS2ORD0037024,C015928,2025-10-21 05:00:00,Male,66,Bronze,Shopee,Bangkok,1554,Lazada,COD,5,10,1,0,>50,51.8,2.0,1.0,0.5,47,54,2457.06,0.23,1.0,0.5,0.0,0.0,0,0,0.0,0.0,0,0,0.0,976.54,1,1,1.0,4914.12,2,1,0.5,0
LGS2ORD0037025,C017435,2025-10-21 05:00:00,Female,51,Bronze,Web,Nakhon Ratchasima,1750,Web,Credit_Card,5,10,1,0,>50,58.333333333333336,3.0,1.0,0.3333333333333333,58,42,2994.83,0.13,0.6666666666666666,0.0,0.0,0.0,0,0,0.0,0.0,0,0,0.0,8070.42,2,1,0.5,8984.49,3,1,0.3333333333333333,0
LGS2ORD0037026,C010103,2025-10-21 05:00:00,Female,28,Gold,Shopee,Bangkok,718,Web,Credit_Card,5,10,1,0,20-30,23.933333333333334,5.0,1.0,0.2,178,5,4802.35,0.28,0.6,0.4,0.0,6868.34,1,0,0.0,6868.34,1,0,0.0,14103.619999999999,2,0,0.0,24011.75,5,1,0.2,1
LGS2ORD0037027,C015053,2025-10-21 05:00:00,Female,30,Bronze,Shopee,Remote_Area,1047,Shopee,PromptPay,5,10,1,0,20-30,34.9,4.0,2.0,0.5,167,71,5930.9675,0.28,0.5,0.25,0.0,0.0,0,0,0.0,0.0,0,0,0.0,9782.37,1,0,0.0,23723.87,4,2,0.5,0
LGS2ORD0037028,C017162,2025-10-21 05:00:00,Female,30,Silver,Shopee,Bangkok,692,Shopee,COD,5,10,1,0,20-30,23.066666666666666,4.0,1.0,0.25,95,85,4490.485,0.3,0.5,0.5,0.0,0.0,0,0,0.0,0.0,0,0,0.0,13378.82,1,0,0.0,17961.94,4,1,0.25,0
LGS2ORD0037029,C017970,2025-10-21 06:00:00,Female,45,Gold,Shopee,Bangkok,635,Shopee,PromptPay,6,10,1,0,40-50,21.166666666666668,0.0,0.0,0.0,-1,-1,0.0,0.0,0.0,0.0,0.0,0.0,0,0,0.0,0.0,0,0,0.0,0.0,0,0,0.0,0.0,0,0,0.0,0
LGS2ORD0037030,C014561,2025-10-21 06:00:00,Female,26,Platinum,Web,Chonburi,1664,TV_Show,PromptPay,6,10,1,0,20-30,55.46666666666667,5.0,1.0,0.2,133,0,2585.9120000000003,0.3,1.0,0.8,0.0,5710.55,2,0,0.0,5710.55,2,0,0.0,5710.55,2,0,0.0,12929.560000000001,5,1,0.2,1
LGS2ORD0037031,C016420,2025-10-21 06:00:00,Female,33,Bronze,TV,Chiang Mai,1040,Web,COD,6,10,1,0,30-40,34.666666666666664,7.0,1.0,0.14285714285714285,280,39,7411.651428571428,0.23,0.5714285714285714,0.2857142857142857,0.0,0.0,0,0,0.0,0.0,0,0,0.0,24356.89,2,0,0.0,51881.56,7,1,0.14285714285714285,0
LGS2ORD0037032,C011082,2025-10-21 06:00:00,Female,55,Bronze,TV,Chonburi,541,Web,Credit_Card,6,10,1,0,>50,18.033333333333335,6.0,2.0,0.3333333333333333,152,5,3941.0550000000003,0.28,0.5,0.3333333333333333,0.0,8358.25,1,0,0.0,8358.25,1,0,0.0,8358.25,1,0,0.0,23646.33,6,2,0.3333333333333333,0
LGS2ORD0037033,C013282,2025-10-21 06:00:00,Female,56,Gold,TV,Remote_Area,1098,Shopee,Credit_Card,6,10,1,0,>50,36.6,8.0,3.0,0.375,58,42,5097.14125,0.28,0.75,0.5,0.0,0.0,0,0,0.0,0.0,0,0,0.0,24982.62,3,1,0.3333333333333333,40777.13,8,3,0.375,0
LGS2ORD0037034,C014285,2025-10-21 07:00:00,Male,18,Bronze,Web,Bangkok,788,Shopee,COD,7,10,1,0,<20,26.266666666666666,1.0,0.0,0.0,-1,269,1834.66,0.23,1.0,1.0,0.0,0.0,0,0,0.0,0.0,0,0,0.0,0.0,0,0,0.0,1834.66,1,0,0.0,0
LGS2ORD0037035,C013625,2025-10-21 07:00:00,Male,43,Bronze,Web,Bangkok,1695,CallCenter,COD,7,10,1,0,40-50,56.5,4.0,2.0,0.5,29,44,2335.75,0.28,0.5,0.25,0.0,0.0,0,0,0.0,0.0,0,0,0.0,5441.820000000001,2,1,0.5,9343.0,4,2,0.5,0
LGS2ORD0037036,C012502,2025-10-21 07:00:00,Male,57,Bronze,CallCenter,Bangkok,1264,Lazada,COD,7,10,1,0,>50,42.13333333333333,2.0,0.0,0.0,-1,194,2188.675,0.23,0.5,0.5,0.0,0.0,0,0,0.0,0.0,0,0,0.0,0.0,0,0,0.0,4377.35,2,0,0.0,0
LGS2ORD0037037,C010597,2025-10-21 07:00:00,Male,65,Bronze,Shopee,Bangkok,328,Shopee,COD,7,10,1,0,>50,10.933333333333334,11.0,2.0,0.18181818181818182,126,10,7147.97,0.23,0.36363636363636365,0.45454545454545453,0.0,0.0,0,0,0.0,5808.78,1,0,0.0,5808.78,1,0,0.0,78627.67,11,2,0.18181818181818182,0
LGS2ORD0037038,C010435,2025-10-21 07:00:00,Female,31,Silver,Lazada,Nakhon Ratchasima,1117,Lazada,COD,7,10,1,0,30-40,37.233333333333334,6.0,1.0,0.16666666666666666,213,68,7780.951666666667,0.3,0.3333333333333333,0.5,0.0,0.0,0,0,0.0,0.0,0,0,0.0,10264.44,2,0,0.0,46685.71,6,1,0.16666666666666666,0
LGS2ORD0037039,C011455,2025-10-21 08:00:00,Female,45,Gold,Web,Phuket,1336,CallCenter,Credit_Card,8,10,1,0,40-50,44.53333333333333,8.0,2.0,0.25,5,0,5530.99625,0.33,0.625,0.375,0.0,872.42,1,0,0.0,10503.17,2,1,0.5,18494.21,5,1,0.2,44247.97,8,2,0.25,1
LGS2ORD0037040,C016842,2025-10-21 08:00:00,Female,22,Silver,Web,Bangkok,941,Web,Credit_Card,8,10,1,0,20-30,31.366666666666667,6.0,0.0,0.0,-1,1,5225.881666666667,0.15,0.3333333333333333,0.0,0.0,11686.46,1,0,0.0,11686.46,1,0,0.0,11686.46,1,0,0.0,31355.29,6,0,0.0,0
LGS2ORD0037041,C010807,2025-10-21 08:00:00,Male,45,Gold,Web,Chiang Mai,1020,Lazada,COD,8,10,1,0,40-50,34.0,3.0,2.0,0.6666666666666666,14,27,4455.933333333333,0.28,1.0,0.3333333333333333,0.0,0.0,0,0,0.0,554.86,1,1,1.0,554.86,1,1,1.0,13367.8,3,2,0.6666666666666666,0
LGS2ORD0037042,C015735,2025-10-21 08:00:00,Female,37,Bronze,TV,Nakhon Ratchasima,1690,Shopee,COD,8,10,1,0,30-40,56.333333333333336,3.0,1.0,0.3333333333333333,123,73,6658.53,0.23,0.6666666666666666,0.3333333333333333,0.0,0.0,0,0,0.0,0.0,0,0,0.0,5989.29,1,0,0.0,19975.59,3,1,0.3333333333333333,0
LGS2ORD0037043,C016746,2025-10-21 08:00:00,Female,55,Silver,TV,Nakhon Ratchasima,1251,Web,Bank_Transfer,8,10,1,0,>50,41.7,4.0,2.0,0.5,59,69,6019.655000000001,0.3,0.5,0.5,0.0,0.0,0,0,0.0,0.0,0,0,0.0,13718.619999999999,2,2,1.0,24078.620000000003,4,2,0.5,0
LGS2ORD0037044,C011537,2025-10-21 09:00:00,Female,60,Silver,TV,Remote_Area,620,Web,COD,9,10,1,0,>50,20.666666666666668,2.0,0.0,0.0,-1,119,4676.18,0.2,1.0,0.0,0.0,0.0,0,0,0.0,0.0,0,0,0.0,0.0,0,0,0.0,9352.36,2,0,0.0,0
LGS2ORD0037045,C010697,2025-10-21 09:00:00,Male,40,Platinum,Lazada,Bangkok,317,Web,PromptPay,9,10,1,0,30-40,10.566666666666666,2.0,0.0,0.0,-1,161,3341.795,0.2,0.5,0.0,0.0,0.0,0,0,0.0,0.0,0,0,0.0,0.0,0,0,0.0,6683.59,2,0,0.0,0
LGS2ORD0037046,C016537,2025-10-21 09:00:00,Male,56,Bronze,Web,Chonburi,1390,Web,Credit_Card,9,10,1,0,>50,46.333333333333336,4.0,0.0,0.0,-1,35,8886.165,0.28,0.5,0.25,0.0,0.0,0,0,0.0,0.0,0,0,0.0,20179.61,1,0,0.0,35544.66,4,0,0.0,0
LGS2ORD0037047,C013894,2025-10-21 09:00:00,Female,52,Silver,TV,Remote_Area,1159,CallCenter,COD,9,10,1,0,>50,38.63333333333333,3.0,1.0,0.3333333333333333,58,44,14610.893333333333,0.25,0.6666666666666666,0.3333333333333333,0.3333333333333333,0.0,0,0,0.0,0.0,0,0,0.0,28687.91,2,1,0.5,43832.68,3,1,0.3333333333333333,0
LGS2ORD0037048,C013455,2025-10-21 09:00:00,Female,29,Bronze,Web,Bangkok,1301,Shopee,COD,9,10,1,0,20-30,43.36666666666667,6.0,1.0,0.16666666666666666,89,1,10537.11,0.13,0.8333333333333334,0.0,0.0,1779.5,1,0,0.0,1779.5,1,0,0.0,46985.35,4,0,0.0,63222.66,6,1,0.16666666666666666,0
LGS2ORD0037049,C015756,2025-10-21 09:00:00,Female,42,Bronze,Shopee,Phuket,495,TV_Show,COD,9,10,1,0,40-50,16.5,6.0,4.0,0.6666666666666666,110,113,7165.006666666665,0.28,0.6666666666666666,0.3333333333333333,0.0,0.0,0,0,0.0,0.0,0,0,0.0,0.0,0,0,0.0,42990.03999999999,6,4,0.6666666666666666,0
LGS2ORD0037050,C015392,2025-10-21 10:00:00,Male,41,Bronze,TV,Bangkok,468,TV_Show,Bank_Transfer,10,10,1,0,40-50,15.6,7.0,0.0,0.0,-1,10,3717.317142857143,0.23,0.8571428571428571,0.14285714285714285,0.0,0.0,0,0,0.0,415.24,1,0,0.0,2716.17,2,0,0.0,26021.22,7,0,0.0,0
LGS2ORD0037051,C013672,2025-10-21 10:00:00,Male,38,Silver,TV,Remote_Area,750,CallCenter,COD,10,10,1,0,30-40,25.0,6.0,5.0,0.8333333333333334,62,9,6749.558333333333,0.25,1.0,0.3333333333333333,0.0,0.0,0,0,0.0,705.1,1,0,0.0,18108.8,2,1,0.5,40497.35,6,5,0.8333333333333334,0
LGS2ORD0037052,C013361,2025-10-21 10:00:00,Male,37,Gold,Shopee,Bangkok,1424,TV_Show,COD,10,10,1,0,30-40,47.46666666666667,3.0,1.0,0.3333333333333333,187,67,6225.009999999999,0.13,1.0,0.0,0.0,0.0,0,0,0.0,0.0,0,0,0.0,13058.95,1,0,0.0,18675.03,3,1,0.3333333333333333,1
LGS2ORD0037053,C014942,2025-10-21 10:00:00,Female,42,Bronze,CallCenter,Songkhla,793,CallCenter,COD,10,10,1,0,40-50,26.433333333333334,4.0,1.0,0.25,-8,2,4096.995,0.23,0.25,0.25,0.0,5897.0,1,1,1.0,5897.0,1,1,1.0,12145.66,2,1,0.5,16387.98,4,1,0.25,0
LGS2ORD0037054,C012188,2025-10-21 10:00:00,Female,50,Bronze,Web,Songkhla,1578,Shopee,COD,10,10,1,0,40-50,52.6,4.0,0.0,0.0,-1,16,1192.6275,0.18,0.25,0.0,0.0,0.0,0,0,0.0,2939.35,2,0,0.0,2939.35,2,0,0.0,4770.51,4,0,0.0,0
LGS2ORD0037055,C013767,2025-10-21 11:00:00,Female,23,Bronze,TV,Nakhon Ratchasima,851,TV_Show,Credit_Card,11,10,1,0,20-30,28.366666666666667,7.0,2.0,0.2857142857142857,100,36,5159.177142857143,0.28,0.5714285714285714,0.14285714285714285,0.0,0.0,0,0,0.0,0.0,0,0,0.0,2221.62,1,0,0.0,36114.24,7,2,0.2857142857142857,0
LGS2ORD0037056,C018000,2025-10-21 11:00:00,Female,45,Bronze,CallCenter,Chonburi,1727,Shopee,COD,11,10,1,0,40-50,57.56666666666667,8.0,0.0,0.0,-1,38,5760.52125,0.28,0.625,0.25,0.0,0.0,0,0,0.0,0.0,0,0,0.0,22905.379999999997,2,0,0.0,46084.17,8,0,0.0,0
LGS2ORD0037057,C010849,2025-10-21 11:00:00,Female,32,Bronze,CallCenter,Chiang Mai,1285,TV_Show,Credit_Card,11,10,1,0,30-40,42.833333333333336,5.0,0.0,0.0,-1,25,3528.844,0.23,0.4,0.2,0.0,0.0,0,0,0.0,14837.05,3,0,0.0,14837.05,3,0,0.0,17644.22,5,0,0.0,0
LGS2ORD0037058,C012098,2025-10-21 11:00:00,Female,27,Gold,CallCenter,Chiang Mai,960,Lazada,PromptPay,11,10,1,0,20-30,32.0,3.0,0.0,0.0,-1,8,7002.096666666667,0.13,1.0,0.0,0.0,0.0,0,0,0.0,6081.17,1,0,0.0,16149.66,2,0,0.0,21006.29,3,0,0.0,1
LGS2ORD0037059,C017572,2025-10-21 11:00:00,Female,41,Silver,Lazada,Chiang Mai,395,Lazada,COD,11,10,1,0,40-50,13.166666666666666,5.0,2.0,0.4,149,155,5022.052,0.25,0.6,0.2,0.0,0.0,0,0,0.0,0.0,0,0,0.0,0.0,0,0,0.0,25110.26,5,2,0.4,0
LGS2ORD0037060,C015418,2025-10-21 12:00:00,Male,50,Silver,Web,Remote_Area,523,TV_Show,Bank_Transfer,12,10,1,0,40-50,17.433333333333334,9.0,4.0,0.4444444444444444,61,11,2784.5699999999997,0.3,0.4444444444444444,0.3333333333333333,0.0,0.0,0,0,0.0,1121.57,1,0,0.0,6897.549999999999,2,1,0.5,25061.129999999997,9,4,0.4444444444444444,0
LGS2ORD0037061,C015758,2025-10-21 12:00:00,Female,53,Bronze,TV,Khon Kaen,1571,TV_Show,COD,12,10,1,0,>50,52.36666666666667,4.0,1.0,0.25,222,36,9077.522500000001,0.18,0.5,0.0,0.0,0.0,0,0,0.0,0.0,0,0,0.0,9363.76,1,0,0.0,36310.090000000004,4,1,0.25,0
LGS2ORD0037062,C013793,2025-10-21 12:00:00,Female,33,Silver,Lazada,Phuket,746,TV_Show,PromptPay,12,10,1,0,30-40,24.866666666666667,5.0,2.0,0.4,198,56,6634.2919999999995,0.3,0.4,0.6,0.0,0.0,0,0,0.0,0.0,0,0,0.0,3526.12,2,0,0.0,33171.46,5,2,0.4,0
LGS2ORD0037063,C010856,2025-10-21 12:00:00,Male,44,Silver,Shopee,Nakhon Ratchasima,1086,Lazada,Bank_Transfer,12,10,1,0,40-50,36.2,3.0,2.0,0.6666666666666666,31,40,3986.0066666666667,0.3,1.0,0.3333333333333333,0.0,0.0,0,0,0.0,0.0,0,0,0.0,11958.02,3,2,0.6666666666666666,11958.02,3,2,0.6666666666666666,1
LGS2ORD0037064,C011412,2025-10-21 12:00:00,Female,18,Silver,TV,Chiang Mai,1239,CallCenter,Bank_Transfer,12,10,1,0,<20,41.3,2.0,1.0,0.5,160,160,3274.445,0.3,0.5,1.0,0.0,0.0,0,0,0.0,0.0,0,0,0.0,0.0,0,0,0.0,6548.89,2,1,0.5,0
LGS2ORD0037065,C017346,2025-10-21 13:00:00,Female,32,Silver,Web,Bangkok,906,Shopee,Bank_Transfer,13,10,1,0,30-40,30.2,1.0,1.0,1.0,106,112,3670.58,0.25,1.0,1.0,0.0,0.0,0,0,0.0,0.0,0,0,0.0,0.0,0,0,0.0,3670.58,1,1,1.0,0
LGS2ORD0037066,C015827,2025-10-21 13:00:00,Female,32,Bronze,TV,Chiang Mai,922,Web,Credit_Card,13,10,1,0,30-40,30.733333333333334,8.0,1.0,0.125,9,11,7102.1275000000005,0.23,0.5,0.125,0.0,0.0,0,0,0.0,35078.28,3,1,0.3333333333333333,35078.28,3,1,0.3333333333333333,56817.020000000004,8,1,0.125,0
LGS2ORD0037067,C012379,2025-10-21 13:00:00,Female,42,Silver,Shopee,Phuket,1104,Shopee,COD,13,10,1,0,40-50,36.8,5.0,2.0,0.4,39,37,1928.4299999999998,0.25,0.2,0.2,0.0,0.0,0,0,0.0,0.0,0,0,0.0,8407.220000000001,3,1,0.3333333333333333,9642.15,5,2,0.4,0
LGS2ORD0037068,C014253,2025-10-21 13:00:00,Female,44,Bronze,Lazada,Phuket,1594,TV_Show,PromptPay,13,10,1,0,40-50,53.13333333333333,3.0,0.0,0.0,-1,3,2771.98,0.23,0.3333333333333333,0.3333333333333333,0.3333333333333333,5090.05,1,0,0.0,5090.05,1,0,0.0,5090.05,1,0,0.0,8315.94,3,0,0.0,0
LGS2ORD0037069,C012514,2025-10-21 13:00:00,Male,47,Silver,TV,Nakhon Ratchasima,1656,Web,COD,13,10,1,0,40-50,55.2,5.0,2.0,0.4,69,77,15807.2,0.25,1.0,0.2,0.0,0.0,0,0,0.0,0.0,0,0,0.0,1207.93,1,1,1.0,79036.0,5,2,0.4,0
LGS2ORD0037070,C017352,2025-10-21 13:00:00,Female,50,Bronze,Shopee,Songkhla,986,Lazada,Credit_Card,13,10,1,0,40-50,32.86666666666667,2.0,1.0,0.5,274,203,4317.995,0.23,1.0,0.5,0.0,0.0,0,0,0.0,0.0,0,0,0.0,0.0,0,0,0.0,8635.99,2,1,0.5,1
LGS2ORD0037071,C015795,2025-10-21 14:00:00,Female,18,Bronze,TV,Nakhon Ratchasima,529,Shopee,Credit_Card,14,10,1,0,<20,17.633333333333333,8.0,2.0,0.25,-2,11,3463.8512499999997,0.18,0.25,0.0,0.0,0.0,0,0,0.0,4101.57,1,1,1.0,6898.16,2,2,1.0,27710.809999999998,8,2,0.25,0
LGS2ORD0037072,C017808,2025-10-21 14:00:00,Male,54,Bronze,Web,Nakhon Ratchasima,851,Lazada,Credit_Card,14,10,1,0,>50,28.366666666666667,2.0,0.0,0.0,-1,71,20761.864999999998,0.28,0.0,0.5,0.0,0.0,0,0,0.0,0.0,0,0,0.0,16683.98,1,0,0.0,41523.729999999996,2,0,0.0,0
LGS2ORD0037073,C013782,2025-10-21 14:00:00,Male,25,Gold,Shopee,Songkhla,436,CallCenter,Credit_Card,14,10,1,0,20-30,14.533333333333333,4.0,1.0,0.25,279,134,9090.4275,0.28,0.75,0.25,0.0,0.0,0,0,0.0,0.0,0,0,0.0,0.0,0,0,0.0,36361.71,4,1,0.25,1
LGS2ORD0037074,C015096,2025-10-21 14:00:00,Female,45,Silver,Lazada,Remote_Area,1130,CallCenter,Credit_Card,14,10,1,0,40-50,37.666666666666664,4.0,0.0,0.0,-1,26,4250.0925,0.25,0.5,0.25,0.0,0.0,0,0,0.0,2031.43,1,0,0.0,2952.5,2,0,0.0,17000.37,4,0,0.0,0
LGS2ORD0037075,C012089,2025-10-21 14:00:00,Female,26,Bronze,Web,Chonburi,607,TV_Show,COD,14,10,1,0,20-30,20.233333333333334,6.0,2.0,0.3333333333333333,-5,2,4886.83,0.18,0.5,0.0,0.0,15990.06,1,1,1.0,21106.79,3,1,0.3333333333333333,21106.79,3,1,0.3333333333333333,29320.98,6,2,0.3333333333333333,1
LGS2ORD0037076,C011532,2025-10-21 15:00:00,Male,56,Bronze,Web,Phuket,1460,TV_Show,COD,15,10,1,0,>50,48.666666666666664,8.0,0.0,0.0,-1,7,6020.008750000001,0.18,0.875,0.0,0.0,0.0,0,0,0.0,7007.62,1,0,0.0,12929.9,2,0,0.0,48160.07000000001,8,0,0.0,1
LGS2ORD0037077,C010891,2025-10-21 15:00:00,Female,43,Gold,Shopee,Khon Kaen,1746,TV_Show,PromptPay,15,10,1,0,40-50,58.2,5.0,0.0,0.0,-1,44,4153.312,0.28,0.4,0.6,0.0,0.0,0,0,0.0,0.0,0,0,0.0,11944.900000000001,2,0,0.0,20766.56,5,0,0.0,0
LGS2ORD0037078,C010610,2025-10-21 15:00:00,Female,53,Gold,Web,Phuket,1609,Web,Bank_Transfer,15,10,1,0,>50,53.63333333333333,4.0,1.0,0.25,45,55,6767.725,0.2299999999999999,0.5,0.25,0.0,0.0,0,0,0.0,0.0,0,0,0.0,3652.97,1,1,1.0,27070.9,4,1,0.25,0
LGS2ORD0037079,C010130,2025-10-21 15:00:00,Female,53,Silver,Shopee,Chonburi,368,CallCenter,COD,15,10,1,0,>50,12.266666666666667,5.0,3.0,0.6,-4,0,3608.254,0.25,0.8,0.4,0.0,607.65,1,1,1.0,607.65,1,1,1.0,2441.8,2,2,1.0,18041.27,5,3,0.6,0
LGS2ORD0037080,C010766,2025-10-21 15:00:00,Female,42,Bronze,Shopee,Chiang Mai,887,CallCenter,COD,15,10,1,0,40-50,29.566666666666666,6.0,3.0,0.5,41,48,5368.663333333333,0.23,0.8333333333333334,0.16666666666666666,0.0,0.0,0,0,0.0,0.0,0,0,0.0,11793.13,3,2,0.6666666666666666,32211.98,6,3,0.5,0
LGS2ORD0037081,C013141,2025-10-21 16:00:00,Other,30,Platinum,Web,Bangkok,751,Web,Bank_Transfer,16,10,1,0,20-30,25.033333333333335,3.0,1.0,0.3333333333333333,111,79,3733.1233333333334,0.25,0.0,0.6666666666666666,0.0,0.0,0,0,0.0,0.0,0,0,0.0,5261.18,1,0,0.0,11199.37,3,1,0.3333333333333333,0
LGS2ORD0037082,C011123,2025-10-21 16:00:00,Female,45,Bronze,TV,Chiang Mai,358,Web,PromptPay,16,10,1,0,40-50,11.933333333333334,7.0,1.0,0.14285714285714285,194,18,8643.325714285715,0.23,0.42857142857142855,0.2857142857142857,0.0,0.0,0,0,0.0,421.62,1,0,0.0,23119.39,2,0,0.0,60503.280000000006,7,1,0.14285714285714285,0
LGS2ORD0037083,C012965,2025-10-21 16:00:00,Male,61,Bronze,TV,Bangkok,1226,Shopee,COD,16,10,1,0,>50,40.86666666666667,10.0,1.0,0.1,169,17,4406.0830000000005,0.28,0.7,0.3,0.0,0.0,0,0,0.0,2685.86,1,0,0.0,7854.380000000001,2,0,0.0,44060.83,10,1,0.1,0
LGS2ORD0037084,C014901,2025-10-21 16:00:00,Female,28,Bronze,TV,Bangkok,1464,Shopee,COD,16,10,1,0,20-30,48.8,5.0,1.0,0.2,114,57,4123.023999999999,0.23,0.8,0.2,0.0,0.0,0,0,0.0,0.0,0,0,0.0,8107.780000000001,2,0,0.0,20615.12,5,1,0.2,1
LGS2ORD0037085,C012221,2025-10-21 16:00:00,Female,36,Silver,Web,Bangkok,1189,TV_Show,COD,16,10,1,0,30-40,39.63333333333333,2.0,1.0,0.5,102,113,15242.04,0.1,0.5,0.0,0.0,0.0,0,0,0.0,0.0,0,0,0.0,0.0,0,0,0.0,30484.08,2,1,0.5,0
LGS2ORD0037086,C012712,2025-10-21 17:00:00,Female,47,Bronze,TV,Songkhla,878,TV_Show,COD,17,10,1,0,40-50,29.266666666666666,10.0,3.0,0.3,55,37,3923.9080000000004,0.28,0.6,0.3,0.0,0.0,0,0,0.0,0.0,0,0,0.0,4792.07,2,1,0.5,39239.08,10,3,0.3,1
LGS2ORD0037087,C012794,2025-10-21 17:00:00,Male,21,Silver,Shopee,Chiang Mai,1703,Web,COD,17,10,1,0,20-30,56.766666666666666,2.0,0.0,0.0,-1,118,7166.365,0.2,0.5,0.0,0.0,0.0,0,0,0.0,0.0,0,0,0.0,0.0,0,0,0.0,14332.73,2,0,0.0,0
LGS2ORD0037088,C011335,2025-10-21 17:00:00,Male,47,Silver,TV,Nakhon Ratchasima,739,CallCenter,Credit_Card,17,10,1,0,40-50,24.633333333333333,3.0,0.0,0.0,-1,21,9937.933333333332,0.25,0.3333333333333333,0.3333333333333333,0.0,0.0,0,0,0.0,20464.32,1,0,0.0,22448.78,2,0,0.0,29813.8,3,0,0.0,0
LGS2ORD0037089,C016583,2025-10-21 17:00:00,Male,30,Silver,Shopee,Bangkok,1585,TV_Show,Credit_Card,17,10,1,0,20-30,52.833333333333336,3.0,0.0,0.0,-1,58,4423.1033333333335,0.2,0.6666666666666666,0.0,0.0,0.0,0,0,0.0,0.0,0,0,0.0,13269.310000000001,3,0,0.0,13269.310000000001,3,0,0.0,0
LGS2ORD0037090,C011077,2025-10-21 17:00:00,Female,71,Bronze,Shopee,Chonburi,1239,TV_Show,COD,17,10,1,0,>50,41.3,9.0,0.0,0.0,-1,25,2944.4888888888886,0.28,0.8888888888888888,0.1111111111111111,0.0,0.0,0,0,0.0,8404.05,1,0,0.0,8404.05,1,0,0.0,26500.399999999998,9,0,0.0,0
LGS2ORD0037091,C010060,2025-10-21 17:00:00,Female,26,Bronze,Web,Khon Kaen,1000,Web,Credit_Card,17,10,1,0,20-30,33.333333333333336,3.0,0.0,0.0,-1,27,5061.623333333334,0.23,0.3333333333333333,0.6666666666666666,0.0,0.0,0,0,0.0,6276.26,1,0,0.0,6276.26,1,0,0.0,15184.87,3,0,0.0,0
LGS2ORD0037092,C010661,2025-10-21 18:00:00,Female,46,Bronze,Web,Phuket,1427,Web,COD,18,10,1,0,40-50,47.56666666666667,9.0,3.0,0.3333333333333333,117,14,3663.4555555555553,0.28,0.6666666666666666,0.3333333333333333,0.0,0.0,0,0,0.0,15543.64,1,0,0.0,16767.13,2,0,0.0,32971.1,9,3,0.3333333333333333,0
LGS2ORD0037093,C012568,2025-10-21 18:00:00,Female,54,Bronze,Shopee,Khon Kaen,1162,Lazada,COD,18,10,1,0,>50,38.733333333333334,7.0,3.0,0.42857142857142855,166,21,4894.822857142857,0.23,0.42857142857142855,0.2857142857142857,0.0,0.0,0,0,0.0,10797.0,1,0,0.0,20667.989999999998,2,0,0.0,34263.76,7,3,0.42857142857142855,1
LGS2ORD0037094,C015584,2025-10-21 18:00:00,Other,31,Silver,Shopee,Bangkok,1285,Lazada,Credit_Card,18,10,1,0,30-40,42.833333333333336,3.0,1.0,0.3333333333333333,173,60,1852.8066666666666,0.3,0.6666666666666666,0.6666666666666666,0.0,0.0,0,0,0.0,0.0,0,0,0.0,1732.0,1,0,0.0,5558.42,3,1,0.3333333333333333,1
LGS2ORD0037095,C016779,2025-10-21 18:00:00,Male,24,Silver,TV,Chonburi,1743,Web,COD,18,10,1,0,20-30,58.1,4.0,0.0,0.0,-1,63,7197.365,0.25,0.25,0.25,0.0,0.0,0,0,0.0,0.0,0,0,0.0,13079.11,1,0,0.0,28789.46,4,0,0.0,0
LGS2ORD0037096,C014750,2025-10-21 18:00:00,Male,39,Bronze,Lazada,Bangkok,1617,Web,Bank_Transfer,18,10,1,0,30-40,53.9,6.0,1.0,0.16666666666666666,176,51,3235.5783333333334,0.28,0.6666666666666666,0.3333333333333333,0.0,0.0,0,0,0.0,0.0,0,0,0.0,2437.5,2,0,0.0,19413.47,6,1,0.16666666666666666,0
LGS2ORD0037097,C016984,2025-10-21 19:00:00,Male,24,Gold,Web,Khon Kaen,1040,TV_Show,COD,19,10,1,0,20-30,34.666666666666664,6.0,3.0,0.5,208,9,2504.4599999999996,0.33,0.3333333333333333,0.8333333333333334,0.0,0.0,0,0,0.0,2070.29,1,0,0.0,2070.29,1,0,0.0,15026.759999999998,6,3,0.5,1
LGS2ORD0037098,C011397,2025-10-21 19:00:00,Male,51,Silver,Web,Songkhla,674,Lazada,COD,19,10,1,0,>50,22.466666666666665,2.0,0.0,0.0,-1,18,2585.165,0.2,0.5,0.0,0.0,0.0,0,0,0.0,1805.74,1,0,0.0,1805.74,1,0,0.0,5170.33,2,0,0.0,0
LGS2ORD0037099,C013662,2025-10-21 19:00:00,Female,39,Silver,Web,Bangkok,486,Shopee,PromptPay,19,10,1,0,30-40,16.2,5.0,1.0,0.2,106,41,2660.654,0.3,0.2,0.2,0.0,0.0,0,0,0.0,0.0,0,0,0.0,4851.41,2,0,0.0,13303.27,5,1,0.2,0
LGS2ORD0037100,C014261,2025-10-21 19:00:00,Male,28,Bronze,Shopee,Bangkok,1281,TV_Show,Credit_Card,19,10,1,0,20-30,42.7,9.0,3.0,0.3333333333333333,72,17,5429.638888888889,0.28,0.7777777777777778,0.5555555555555556,0.0,0.0,0,0,0.0,6661.31,1,0,0.0,30502.360000000004,4,1,0.25,48866.75,9,3,0.3333333333333333,0
LGS2ORD0037101,C015078,2025-10-21 19:00:00,Male,32,Bronze,Shopee,Khon Kaen,565,Web,Bank_Transfer,19,10,1,0,30-40,18.833333333333332,3.0,2.0,0.6666666666666666,132,143,13745.926666666666,0.23,0.6666666666666666,0.3333333333333333,0.0,0.0,0,0,0.0,0.0,0,0,0.0,0.0,0,0,0.0,41237.78,3,2,0.6666666666666666,0
LGS2ORD0037102,C012287,2025-10-21 20:00:00,Female,27,Bronze,Web,Bangkok,1295,Web,Credit_Card,20,10,1,0,20-30,43.166666666666664,2.0,0.0,0.0,-1,211,7473.025,0.13,0.0,0.0,0.0,0.0,0,0,0.0,0.0,0,0,0.0,0.0,0,0,0.0,14946.05,2,0,0.0,0
LGS2ORD0037103,C014218,2025-10-21 20:00:00,Female,50,Bronze,TV,Chiang Mai,1303,TV_Show,COD,20,10,1,0,40-50,43.43333333333333,2.0,0.0,0.0,-1,150,2346.685,0.18,0.0,0.0,0.0,0.0,0,0,0.0,0.0,0,0,0.0,0.0,0,0,0.0,4693.37,2,0,0.0,1
LGS2ORD0037104,C015641,2025-10-21 20:00:00,Female,52,Gold,TV,Nakhon Ratchasima,314,Web,Credit_Card,20,10,1,0,>50,10.466666666666667,4.0,0.0,0.0,-1,114,4872.5875,0.33,0.5,0.75,0.0,0.0,0,0,0.0,0.0,0,0,0.0,0.0,0,0,0.0,19490.35,4,0,0.0,0
LGS2ORD0037105,C013550,2025-10-21 20:00:00,Female,42,Silver,TV,Bangkok,500,TV_Show,COD,20,10,1,0,40-50,16.666666666666668,2.0,0.0,0.0,-1,216,7448.03,0.3,0.5,0.5,0.0,0.0,0,0,0.0,0.0,0,0,0.0,0.0,0,0,0.0,14896.06,2,0,0.0,0
LGS2ORD0037106,C013338,2025-10-21 20:00:00,Male,49,Bronze,TV,Phuket,425,Shopee,COD,20,10,1,0,40-50,14.166666666666666,1.0,1.0,1.0,215,224,4446.83,0.03,1.0,0.0,0.0,0.0,0,0,0.0,0.0,0,0,0.0,0.0,0,0,0.0,4446.83,1,1,1.0,1
LGS2ORD0037107,C017191,2025-10-21 21:00:00,Male,61,Gold,Web,Bangkok,1462,Web,Credit_Card,21,10,1,0,>50,48.733333333333334,1.0,1.0,1.0,268,281,2467.79,0.08,0.0,0.0,0.0,0.0,0,0,0.0,0.0,0,0,0.0,0.0,0,0,0.0,2467.79,1,1,1.0,0
LGS2ORD0037108,C010885,2025-10-21 21:00:00,Female,45,Silver,Web,Bangkok,1281,TV_Show,COD,21,10,1,0,40-50,42.7,3.0,0.0,0.0,-1,84,2833.3566666666666,0.25,1.0,0.3333333333333333,0.0,0.0,0,0,0.0,0.0,0,0,0.0,3147.5,1,0,0.0,8500.07,3,0,0.0,0
LGS2ORD0037109,C016207,2025-10-21 21:00:00,Male,32,Bronze,Lazada,Chonburi,863,Web,PromptPay,21,10,1,0,30-40,28.766666666666666,3.0,1.0,0.3333333333333333,229,76,1925.243333333333,0.23,0.6666666666666666,0.6666666666666666,0.0,0.0,0,0,0.0,0.0,0,0,0.0,1347.09,1,0,0.0,5775.73,3,1,0.3333333333333333,0
LGS2ORD0037110,C012766,2025-10-21 21:00:00,Male,33,Platinum,Shopee,Chiang Mai,308,Lazada,COD,21,10,1,0,30-40,10.266666666666667,7.0,1.0,0.14285714285714285,142,15,5593.607142857143,0.25,0.7142857142857143,0.14285714285714285,0.0,0.0,0,0,0.0,1250.18,1,0,0.0,1430.72,2,0,0.0,39155.25,7,1,0.14285714285714285,0
LGS2ORD0037111,C012148,2025-10-21 21:00:00,Female,38,Silver,CallCenter,Nakhon Ratchasima,1746,Shopee,COD,21,10,1,0,30-40,58.2,6.0,3.0,0.5,-9,1,3815.16,0.25,0.3333333333333333,0.5,0.0,7556.91,3,1,0.3333333333333333,7556.91,3,1,0.3333333333333333,19395.24,4,2,0.5,22890.96,6,3,0.5,0
LGS2ORD0037112,C014033,2025-10-21 21:00:00,Female,69,Silver,TV,Nakhon Ratchasima,648,CallCenter,Credit_Card,21,10,1,0,>50,21.6,7.0,1.0,0.14285714285714285,102,76,5877.142857142857,0.25,0.7142857142857143,0.7142857142857143,0.0,0.0,0,0,0.0,0.0,0,0,0.0,15804.69,1,0,0.0,41140.0,7,1,0.14285714285714285,0
LGS2ORD0037113,C017507,2025-10-21 22:00:00,Male,26,Silver,Web,Phuket,1092,Lazada,PromptPay,22,10,1,0,20-30,36.4,5.0,1.0,0.2,147,104,4243.13,0.25,0.4,0.2,0.0,0.0,0,0,0.0,0.0,0,0,0.0,0.0,0,0,0.0,21215.65,5,1,0.2,0
LGS2ORD0037114,C012558,2025-10-21 22:00:00,Male,39,Bronze,Lazada,Songkhla,1485,TV_Show,PromptPay,22,10,1,0,30-40,49.5,5.0,2.0,0.4,106,84,8331.34,0.23,0.4,0.4,0.0,0.0,0,0,0.0,0.0,0,0,0.0,3651.86,1,0,0.0,41656.700000000004,5,2,0.4,0
LGS2ORD0037115,C017587,2025-10-21 22:00:00,Male,19,Gold,TV,Khon Kaen,771,TV_Show,Credit_Card,22,10,1,0,<20,25.7,10.0,2.0,0.2,204,35,3364.2300000000005,0.33,0.7,0.2,0.0,0.0,0,0,0.0,0.0,0,0,0.0,17473.71,4,0,0.0,33642.3,10,2,0.2,0
LGS2ORD0037116,C011536,2025-10-21 22:00:00,Male,34,Bronze,Lazada,Bangkok,1551,Lazada,PromptPay,22,10,1,0,30-40,51.7,7.0,1.0,0.14285714285714285,247,2,6306.971428571429,0.23,0.42857142857142855,0.14285714285714285,0.0,368.97,1,0,0.0,24122.6,3,0,0.0,29948.14,5,0,0.0,44148.8,7,1,0.14285714285714285,0
LGS2ORD0037117,C012425,2025-10-21 22:00:00,Male,49,Gold,TV,Nakhon Ratchasima,1379,Shopee,Credit_Card,22,10,1,0,40-50,45.96666666666667,6.0,2.0,0.3333333333333333,106,110,4995.923333333333,0.28,0.6666666666666666,0.6666666666666666,0.0,0.0,0,0,0.0,0.0,0,0,0.0,0.0,0,0,0.0,29975.54,6,2,0.3333333333333333,0
LGS2ORD0037118,C011167,2025-10-21 23:00:00,Female,42,Silver,Web,Chiang Mai,1249,Lazada,COD,23,10,1,0,40-50,41.63333333333333,12.0,3.0,0.25,5,18,3550.476666666667,0.25,0.75,0.25,0.08333333333333333,0.0,0,0,0.0,7167.67,2,1,0.5,32943.86,5,1,0.2,42605.72,12,3,0.25,0
LGS2ORD0037119,C016567,2025-10-21 23:00:00,Female,48,Gold,TV,Khon Kaen,970,Web,COD,23,10,1,0,40-50,32.333333333333336,3.0,0.0,0.0,-1,146,1767.756666666667,0.33,0.3333333333333333,0.6666666666666666,0.0,0.0,0,0,0.0,0.0,0,0,0.0,0.0,0,0,0.0,5303.27,3,0,0.0,1
LGS2ORD0037120,C017815,2025-10-21 23:00:00,Female,55,Bronze,Shopee,Chiang Mai,1699,Shopee,COD,23,10,1,0,>50,56.63333333333333,5.0,2.0,0.4,-4,13,5517.4619999999995,0.23,0.8,0.2,0.0,0.0,0,0,0.0,7236.35,2,2,1.0,12610.650000000001,3,2,0.6666666666666666,27587.309999999998,5,2,0.4,0
LGS2ORD0037121,C010173,2025-10-21 23:00:00,Male,29,Gold,Web,Nakhon Ratchasima,894,Shopee,COD,23,10,1,0,20-30,29.8,3.0,0.0,0.0,-1,87,3297.36,0.33,0.0,1.0,0.0,0.0,0,0,0.0,0.0,0,0,0.0,421.66,1,0,0.0,9892.08,3,0,0.0,0
LGS2ORD0037122,C017091,2025-10-21 23:00:00,Male,56,Silver,Lazada,Bangkok,423,Lazada,Credit_Card,23,10,1,0,>50,14.1,5.0,3.0,0.6,149,161,6407.2480000000005,0.3,0.6,0.2,0.0,0.0,0,0,0.0,0.0,0,0,0.0,0.0,0,0,0.0,32036.24,5,3,0.6,0
LGS2ORD0037123,C014092,2025-10-22 00:00:00,Other,54,Bronze,Lazada,Bangkok,658,TV_Show,COD,0,10,2,0,>50,21.933333333333334,3.0,1.0,0.3333333333333333,99,75,14507.933333333334,0.28,0.6666666666666666,0.6666666666666666,0.0,0.0,0,0,0.0,0.0,0,0,0.0,2498.16,1,0,0.0,43523.8,3,1,0.3333333333333333,1
LGS2ORD0037124,C011316,2025-10-22 00:00:00,Female,30,Silver,Web,Chonburi,996,Shopee,COD,0,10,2,0,20-30,33.2,3.0,0.0,0.0,-1,25,2520.236666666666,0.2,0.3333333333333333,0.0,0.0,0.0,0,0,0.0,1808.07,1,0,0.0,1808.07,1,0,0.0,7560.709999999999,3,0,0.0,0
LGS2ORD0037125,C015250,2025-10-22 00:00:00,Male,52,Gold,TV,Bangkok,894,Lazada,PromptPay,0,10,2,0,>50,29.8,6.0,0.0,0.0,-1,52,4349.485,0.28,0.16666666666666666,0.6666666666666666,0.0,0.0,0,0,0.0,0.0,0,0,0.0,14359.07,2,0,0.0,26096.91,6,0,0.0,0
LGS2ORD0037126,C012960,2025-10-22 00:00:00,Female,50,Gold,TV,Chiang Mai,657,Lazada,COD,0,10,2,0,40-50,21.9,4.0,0.0,0.0,-1,2,2644.1549999999997,0.28,0.75,0.5,0.0,4392.5,1,0,0.0,5088.16,2,0,0.0,8324.57,3,0,0.0,10576.619999999999,4,0,0.0,0
LGS2ORD0037127,C017291,2025-10-22 00:00:00,Female,34,Bronze,TV,Songkhla,1577,Shopee,COD,0,10,2,0,30-40,52.56666666666667,3.0,1.0,0.3333333333333333,40,55,4604.256666666667,0.08,0.3333333333333333,0.0,0.0,0.0,0,0,0.0,0.0,0,0,0.0,1757.1,1,1,1.0,13812.77,3,1,0.3333333333333333,1
LGS2ORD0037128,C017169,2025-10-22 00:00:00,Male,33,Gold,TV,Bangkok,321,Web,COD,0,10,2,0,30-40,10.7,5.0,2.0,0.4,233,14,6287.122,0.33,0.2,0.8,0.0,0.0,0,0,0.0,15457.05,2,0,0.0,17681.18,3,0,0.0,31435.61,5,2,0.4,0
LGS2ORD0037129,C014805,2025-10-22 01:00:00,Male,41,Bronze,TV,Chonburi,832,TV_Show,Credit_Card,1,10,2,0,40-50,27.733333333333334,6.0,0.0,0.0,-1,66,2144.021666666667,0.23,0.5,0.16666666666666666,0.0,0.0,0,0,0.0,0.0,0,0,0.0,3483.93,2,0,0.0,12864.130000000001,6,0,0.0,0
LGS2ORD0037130,C011150,2025-10-22 01:00:00,Male,63,Bronze,Shopee,Bangkok,1428,Lazada,COD,1,10,2,0,>50,47.6,8.0,2.0,0.25,85,38,4162.981250000001,0.28,0.625,0.25,0.0,0.0,0,0,0.0,0.0,0,0,0.0,14298.54,2,0,0.0,33303.850000000006,8,2,0.25,0
LGS2ORD0037131,C017704,2025-10-22 01:00:00,Male,66,Bronze,TV,Remote_Area,723,TV_Show,COD,1,10,2,0,>50,24.1,8.0,2.0,0.25,59,52,10064.348750000001,0.23,0.75,0.125,0.0,0.0,0,0,0.0,0.0,0,0,0.0,60153.97,3,1,0.3333333333333333,80514.79000000001,8,2,0.25,0
LGS2ORD0037132,C013734,2025-10-22 01:00:00,Other,50,Bronze,TV,Khon Kaen,1678,Shopee,Bank_Transfer,1,10,2,0,40-50,55.93333333333333,3.0,0.0,0.0,-1,104,5242.82,0.18,0.3333333333333333,0.0,0.0,0.0,0,0,0.0,0.0,0,0,0.0,0.0,0,0,0.0,15728.46,3,0,0.0,1
LGS2ORD0037133,C017800,2025-10-22 01:00:00,Female,38,Silver,Lazada,Bangkok,1648,CallCenter,COD,1,10,2,0,30-40,54.93333333333333,9.0,0.0,0.0,-1,23,7532.281111111112,0.25,0.4444444444444444,0.2222222222222222,0.0,0.0,0,0,0.0,4044.46,1,0,0.0,15572.8,3,0,0.0,67790.53000000001,9,0,0.0,1
LGS2ORD0037134,C016587,2025-10-22 02:00:00,Male,47,Bronze,Shopee,Chiang Mai,811,TV_Show,COD,2,10,2,0,40-50,27.033333333333335,7.0,1.0,0.14285714285714285,163,24,2872.207142857143,0.23,0.7142857142857143,0.14285714285714285,0.0,0.0,0,0,0.0,3808.5099999999998,2,0,0.0,3808.5099999999998,2,0,0.0,20105.45,7,1,0.14285714285714285,0
LGS2ORD0037135,C013686,2025-10-22 02:00:00,Female,25,Silver,Web,Khon Kaen,733,Lazada,Credit_Card,2,10,2,0,20-30,24.433333333333334,4.0,1.0,0.25,141,20,4882.1825,0.1,0.25,0.0,0.0,0.0,0,0,0.0,6212.53,1,0,0.0,6212.53,1,0,0.0,19528.73,4,1,0.25,0
LGS2ORD0037136,C014789,2025-10-22 02:00:00,Female,43,Silver,TV,Remote_Area,455,TV_Show,Credit_Card,2,10,2,0,40-50,15.166666666666666,5.0,1.0,0.2,134,5,9304.728,0.25,0.8,0.2,0.0,16602.17,1,0,0.0,40436.06,3,0,0.0,40436.06,3,0,0.0,46523.64,5,1,0.2,0
LGS2ORD0037137,C015635,2025-10-22 02:00:00,Male,26,Bronze,TV,Chonburi,603,Shopee,Credit_Card,2,10,2,0,20-30,20.1,5.0,1.0,0.2,171,8,2575.904,0.18,0.6,0.0,0.0,0.0,0,0,0.0,2453.25,1,0,0.0,9007.35,2,0,0.0,12879.52,5,1,0.2,0
LGS2ORD0037138,C013127,2025-10-22 02:00:00,Male,47,Silver,Shopee,Khon Kaen,1683,Shopee,PromptPay,2,10,2,0,40-50,56.1,4.0,1.0,0.25,99,66,6167.3725,0.25,0.5,0.25,0.0,0.0,0,0,0.0,0.0,0,0,0.0,15598.9,2,0,0.0,24669.49,4,1,0.25,0
LGS2ORD0037139,C015960,2025-10-22 03:00:00,Male,49,Bronze,Shopee,Khon Kaen,521,Shopee,COD,3,10,2,0,40-50,17.366666666666667,6.0,4.0,0.6666666666666666,14,21,4420.551666666667,0.28,0.3333333333333333,0.6666666666666666,0.0,0.0,0,0,0.0,7843.7,1,1,1.0,18103.46,3,3,1.0,26523.31,6,4,0.6666666666666666,0
LGS2ORD0037140,C012899,2025-10-22 03:00:00,Male,58,Bronze,TV,Phuket,766,Web,Bank_Transfer,3,10,2,0,>50,25.533333333333335,3.0,0.0,0.0,-1,233,8329.776666666667,0.08,0.6666666666666666,0.0,0.0,0.0,0,0,0.0,0.0,0,0,0.0,0.0,0,0,0.0,24989.33,3,0,0.0,0
LGS2ORD0037141,C013804,2025-10-22 03:00:00,Male,61,Bronze,TV,Bangkok,669,Web,COD,3,10,2,0,>50,22.3,10.0,6.0,0.6,63,72,4150.669999999999,0.28,0.7,0.5,0.0,0.0,0,0,0.0,0.0,0,0,0.0,7482.75,3,2,0.6666666666666666,41506.69999999999,10,6,0.6,0
LGS2ORD0037142,C012137,2025-10-22 03:00:00,Female,39,Silver,Lazada,Chiang Mai,1054,Web,Credit_Card,3,10,2,0,30-40,35.13333333333333,3.0,0.0,0.0,-1,59,5036.336666666667,0.15,0.6666666666666666,0.0,0.0,0.0,0,0,0.0,0.0,0,0,0.0,1795.67,1,0,0.0,15109.01,3,0,0.0,0
LGS2ORD0037143,C016966,2025-10-22 03:00:00,Male,49,Silver,CallCenter,Bangkok,645,Web,Bank_Transfer,3,10,2,0,40-50,21.5,2.0,1.0,0.5,262,125,5518.925,0.25,0.5,0.5,0.0,0.0,0,0,0.0,0.0,0,0,0.0,0.0,0,0,0.0,11037.85,2,1,0.5,0
LGS2ORD0037144,C013465,2025-10-22 04:00:00,Female,51,Bronze,TV,Chiang Mai,876,Shopee,PromptPay,4,10,2,0,>50,29.2,5.0,0.0,0.0,-1,40,2336.59,0.18,0.2,0.0,0.0,0.0,0,0,0.0,0.0,0,0,0.0,2457.0,2,0,0.0,11682.95,5,0,0.0,1
LGS2ORD0037145,C016680,2025-10-22 04:00:00,Other,20,Bronze,CallCenter,Phuket,594,Shopee,Credit_Card,4,10,2,0,<20,19.8,3.0,0.0,0.0,-1,61,1835.86,0.28,0.6666666666666666,0.3333333333333333,0.0,0.0,0,0,0.0,0.0,0,0,0.0,1522.65,1,0,0.0,5507.58,3,0,0.0,0
LGS2ORD0037146,C010360,2025-10-22 04:00:00,Male,19,Gold,Web,Nakhon Ratchasima,1358,Lazada,Credit_Card,4,10,2,0,<20,45.266666666666666,2.0,0.0,0.0,-1,12,5365.05,0.2299999999999999,0.5,0.5,0.0,0.0,0,0,0.0,1611.31,1,0,0.0,10730.1,2,0,0.0,10730.1,2,0,0.0,0
LGS2ORD0037147,C013264,2025-10-22 04:00:00,Female,34,Silver,Lazada,Khon Kaen,1285,CallCenter,COD,4,10,2,0,30-40,42.833333333333336,2.0,0.0,0.0,-1,25,4022.2200000000003,0.25,0.5,0.5,0.0,0.0,0,0,0.0,4467.47,1,0,0.0,4467.47,1,0,0.0,8044.4400000000005,2,0,0.0,0
LGS2ORD0037148,C010455,2025-10-22 04:00:00,Male,48,Silver,Web,Khon Kaen,770,TV_Show,COD,4,10,2,0,40-50,25.666666666666668,3.0,1.0,0.3333333333333333,101,106,3494.5333333333333,0.25,0.6666666666666666,0.3333333333333333,0.0,0.0,0,0,0.0,0.0,0,0,0.0,0.0,0,0,0.0,10483.6,3,1,0.3333333333333333,0
LGS2ORD0037149,C012159,2025-10-22 04:00:00,Male,45,Bronze,Shopee,Bangkok,798,TV_Show,COD,4,10,2,0,40-50,26.6,5.0,2.0,0.4,8,6,6166.553999999999,0.18,0.8,0.0,0.0,11632.58,1,0,0.0,16628.629999999997,3,1,0.3333333333333333,27795.22,4,1,0.25,30832.769999999997,5,2,0.4,0
LGS2ORD0037150,C011709,2025-10-22 05:00:00,Other,33,Silver,CallCenter,Nakhon Ratchasima,447,TV_Show,Bank_Transfer,5,10,2,0,30-40,14.9,2.0,1.0,0.5,102,51,3112.615,0.2,0.5,0.0,0.0,0.0,0,0,0.0,0.0,0,0,0.0,3114.81,1,0,0.0,6225.23,2,1,0.5,0
LGS2ORD0037151,C015884,2025-10-22 05:00:00,Female,46,Gold,TV,Chonburi,656,Web,Credit_Card,5,10,2,0,40-50,21.866666666666667,1.0,0.0,0.0,-1,261,1912.77,0.18,1.0,0.0,0.0,0.0,0,0,0.0,0.0,0,0,0.0,0.0,0,0,0.0,1912.77,1,0,0.0,0
LGS2ORD0037152,C010468,2025-10-22 05:00:00,Male,44,Bronze,Shopee,Chiang Mai,1570,Lazada,COD,5,10,2,0,40-50,52.333333333333336,6.0,1.0,0.16666666666666666,261,166,10513.914999999999,0.28,0.8333333333333334,0.3333333333333333,0.0,0.0,0,0,0.0,0.0,0,0,0.0,0.0,0,0,0.0,63083.49,6,1,0.16666666666666666,0
LGS2ORD0037153,C012998,2025-10-22 05:00:00,Male,40,Silver,CallCenter,Bangkok,891,CallCenter,COD,5,10,2,0,30-40,29.7,3.0,0.0,0.0,-1,37,1583.33,0.25,0.3333333333333333,0.6666666666666666,0.0,0.0,0,0,0.0,0.0,0,0,0.0,504.82,1,0,0.0,4749.99,3,0,0.0,0
LGS2ORD0037154,C010956,2025-10-22 05:00:00,Female,27,Gold,Web,Phuket,536,Shopee,COD,5,10,2,0,20-30,17.866666666666667,4.0,3.0,0.75,80,91,3532.19,0.28,0.25,0.5,0.0,0.0,0,0,0.0,0.0,0,0,0.0,0.0,0,0,0.0,14128.76,4,3,0.75,0
LGS2ORD0037155,C016914,2025-10-22 06:00:00,Female,39,Bronze,Shopee,Phuket,1607,Web,COD,6,10,2,0,30-40,53.56666666666667,12.0,5.0,0.4166666666666667,24,32,7106.519166666666,0.28,0.5833333333333334,0.16666666666666666,0.0,0.0,0,0,0.0,0.0,0,0,0.0,6651.030000000001,3,1,0.3333333333333333,85278.23,12,5,0.4166666666666667,1
LGS2ORD0037156,C017576,2025-10-22 06:00:00,Female,42,Silver,TV,Chonburi,892,TV_Show,PromptPay,6,10,2,0,40-50,29.733333333333334,8.0,1.0,0.125,114,5,4447.723750000001,0.25,0.5,0.125,0.0,660.79,1,0,0.0,660.79,1,0,0.0,7909.26,3,0,0.0,35581.79000000001,8,1,0.125,0
LGS2ORD0037157,C014927,2025-10-22 06:00:00,Male,47,Bronze,Shopee,Bangkok,502,Shopee,PromptPay,6,10,2,0,40-50,16.733333333333334,6.0,1.0,0.16666666666666666,71,75,4582.096666666666,0.23,1.0,0.16666666666666666,0.0,0.0,0,0,0.0,0.0,0,0,0.0,17432.27,2,1,0.5,27492.579999999998,6,1,0.16666666666666666,0
LGS2ORD0037158,C012010,2025-10-22 06:00:00,Male,45,Platinum,Lazada,Chonburi,1562,Web,Bank_Transfer,6,10,2,0,40-50,52.06666666666667,3.0,1.0,0.3333333333333333,36,14,16002.793333333335,0.25,0.3333333333333333,0.3333333333333333,0.0,0.0,0,0,0.0,13449.62,1,0,0.0,44412.01,2,1,0.5,48008.380000000005,3,1,0.3333333333333333,0
LGS2ORD0037159,C012611,2025-10-22 06:00:00,Male,55,Gold,Web,Remote_Area,818,Shopee,COD,6,10,2,0,>50,27.266666666666666,6.0,2.0,0.3333333333333333,160,13,3594.138333333334,0.33,0.5,0.8333333333333334,0.0,0.0,0,0,0.0,8003.88,2,0,0.0,8003.88,2,0,0.0,21564.83,6,2,0.3333333333333333,0
LGS2ORD0037160,C012712,2025-10-22 07:00:00,Female,47,Bronze,TV,Songkhla,879,TV_Show,COD,7,10,2,0,40-50,29.3,11.0,4.0,0.36363636363636365,-8,0,3687.0572727272734,0.28,0.6363636363636364,0.36363636363636365,0.0,1318.55,1,1,1.0,1318.55,1,1,1.0,6110.62,3,2,0.6666666666666666,40557.630000000005,11,4,0.36363636363636365,1
LGS2ORD0037161,C014521,2025-10-22 07:00:00,Female,61,Bronze,Lazada,Bangkok,845,Web,COD,7,10,2,0,>50,28.166666666666668,10.0,3.0,0.3,197,37,6714.616,0.18,0.6,0.0,0.0,0.0,0,0,0.0,0.0,0,0,0.0,13781.93,2,0,0.0,67146.16,10,3,0.3,1
LGS2ORD0037162,C016738,2025-10-22 07:00:00,Male,22,Bronze,CallCenter,Bangkok,776,TV_Show,PromptPay,7,10,2,0,20-30,25.866666666666667,2.0,1.0,0.5,240,246,1324.655,0.28,1.0,0.5,0.0,0.0,0,0,0.0,0.0,0,0,0.0,0.0,0,0,0.0,2649.31,2,1,0.5,0
LGS2ORD0037163,C010584,2025-10-22 07:00:00,Male,44,Bronze,CallCenter,Bangkok,821,Web,Credit_Card,7,10,2,0,40-50,27.366666666666667,6.0,0.0,0.0,-1,34,3182.7100000000005,0.23,0.3333333333333333,0.16666666666666666,0.0,0.0,0,0,0.0,0.0,0,0,0.0,6866.67,2,0,0.0,19096.260000000002,6,0,0.0,0
LGS2ORD0037164,C013352,2025-10-22 07:00:00,Male,40,Bronze,Shopee,Phuket,1465,Shopee,PromptPay,7,10,2,0,30-40,48.833333333333336,3.0,0.0,0.0,-1,109,9964.763333333334,0.23,0.0,0.3333333333333333,0.0,0.0,0,0,0.0,0.0,0,0,0.0,0.0,0,0,0.0,29894.29,3,0,0.0,0
LGS2ORD0037165,C011169,2025-10-22 08:00:00,Female,53,Bronze,TV,Chiang Mai,911,Shopee,COD,8,10,2,0,>50,30.366666666666667,9.0,2.0,0.2222222222222222,162,82,5559.891111111111,0.23,0.5555555555555556,0.2222222222222222,0.0,0.0,0,0,0.0,0.0,0,0,0.0,15307.67,1,0,0.0,50039.02,9,2,0.2222222222222222,0
LGS2ORD0037166,C017301,2025-10-22 08:00:00,Female,46,Bronze,Web,Nakhon Ratchasima,746,Lazada,Credit_Card,8,10,2,0,40-50,24.866666666666667,3.0,1.0,0.3333333333333333,48,59,4625.606666666667,0.23,1.0,0.3333333333333333,0.0,0.0,0,0,0.0,0.0,0,0,0.0,12246.97,2,1,0.5,13876.82,3,1,0.3333333333333333,0
LGS2ORD0037167,C015543,2025-10-22 08:00:00,Female,55,Platinum,Shopee,Khon Kaen,619,TV_Show,Credit_Card,8,10,2,0,>50,20.633333333333333,7.0,1.0,0.14285714285714285,44,52,6868.612857142857,0.35,0.42857142857142855,0.5714285714285714,0.0,0.0,0,0,0.0,0.0,0,0,0.0,4784.41,3,1,0.3333333333333333,48080.29,7,1,0.14285714285714285,1
LGS2ORD0037168,C016845,2025-10-22 08:00:00,Female,44,Bronze,TV,Nakhon Ratchasima,1124,CallCenter,COD,8,10,2,0,40-50,37.46666666666667,9.0,2.0,0.2222222222222222,23,4,4247.581111111111,0.23,0.7777777777777778,0.1111111111111111,0.0,945.67,1,0,0.0,945.67,1,0,0.0,13718.789999999999,4,1,0.25,38228.229999999996,9,2,0.2222222222222222,0
LGS2ORD0037169,C010013,2025-10-22 08:00:00,Female,62,Gold,TV,Bangkok,1360,Web,COD,8,10,2,0,>50,45.333333333333336,1.0,0.0,0.0,-1,233,7276.42,0.13,1.0,0.0,0.0,0.0,0,0,0.0,0.0,0,0,0.0,0.0,0,0,0.0,7276.42,1,0,0.0,1
LGS2ORD0037170,C012231,2025-10-22 08:00:00,Male,23,Bronze,CallCenter,Remote_Area,1751,Shopee,Credit_Card,8,10,2,0,20-30,58.36666666666667,6.0,1.0,0.16666666666666666,66,1,6635.813333333333,0.23,0.5,0.16666666666666666,0.0,5560.1,1,0,0.0,5560.1,1,0,0.0,31414.309999999998,4,1,0.25,39814.88,6,1,0.16666666666666666,1
LGS2ORD0037171,C017981,2025-10-22 09:00:00,Male,39,Silver,Web,Bangkok,1467,Shopee,Credit_Card,9,10,2,0,30-40,48.9,0.0,0.0,0.0,-1,-1,0.0,0.0,0.0,0.0,0.0,0.0,0,0,0.0,0.0,0,0,0.0,0.0,0,0,0.0,0.0,0,0,0.0,0
LGS2ORD0037172,C012725,2025-10-22 09:00:00,Male,60,Bronze,CallCenter,Songkhla,1518,Shopee,PromptPay,9,10,2,0,>50,50.6,6.0,3.0,0.5,50,63,7314.091666666667,0.23,0.6666666666666666,0.16666666666666666,0.0,0.0,0,0,0.0,0.0,0,0,0.0,23016.0,1,1,1.0,43884.55,6,3,0.5,0
LGS2ORD0037173,C013661,2025-10-22 09:00:00,Male,25,Silver,Shopee,Khon Kaen,748,Web,COD,9,10,2,0,20-30,24.933333333333334,1.0,0.0,0.0,-1,97,5589.71,0.2,0.0,0.0,0.0,0.0,0,0,0.0,0.0,0,0,0.0,0.0,0,0,0.0,5589.71,1,0,0.0,1
LGS2ORD0037174,C017965,2025-10-22 09:00:00,Other,43,Bronze,Web,Bangkok,1332,Shopee,COD,9,10,2,0,40-50,44.4,1.0,0.0,0.0,-1,278,12604.6,0.28,1.0,1.0,0.0,0.0,0,0,0.0,0.0,0,0,0.0,0.0,0,0,0.0,12604.6,1,0,0.0,1
LGS2ORD0037175,C013140,2025-10-22 09:00:00,Other,56,Bronze,Lazada,Bangkok,1393,Shopee,PromptPay,9,10,2,0,>50,46.43333333333333,6.0,3.0,0.5,74,79,3107.0916666666667,0.23,0.6666666666666666,0.3333333333333333,0.0,0.0,0,0,0.0,0.0,0,0,0.0,1902.07,1,1,1.0,18642.55,6,3,0.5,1
LGS2ORD0037176,C014875,2025-10-22 10:00:00,Male,18,Silver,Shopee,Chonburi,540,Lazada,COD,10,10,2,0,<20,18.0,5.0,1.0,0.2,238,133,3838.7339999999995,0.3,0.6,0.2,0.0,0.0,0,0,0.0,0.0,0,0,0.0,0.0,0,0,0.0,19193.67,5,1,0.2,1
LGS2ORD0037177,C014872,2025-10-22 10:00:00,Male,46,Bronze,CallCenter,Nakhon Ratchasima,645,Lazada,COD,10,10,2,0,40-50,21.5,9.0,2.0,0.2222222222222222,169,14,5730.176666666667,0.23,0.3333333333333333,0.2222222222222222,0.0,0.0,0,0,0.0,2977.04,1,0,0.0,4166.02,2,0,0.0,51571.590000000004,9,2,0.2222222222222222,0
LGS2ORD0037178,C010244,2025-10-22 10:00:00,Male,35,Gold,Shopee,Songkhla,539,Lazada,PromptPay,10,10,2,0,30-40,17.966666666666665,6.0,3.0,0.5,23,27,5210.953333333334,0.28,0.16666666666666666,0.3333333333333333,0.0,0.0,0,0,0.0,1087.95,1,1,1.0,29109.31,4,2,0.5,31265.72,6,3,0.5,0
LGS2ORD0037179,C012836,2025-10-22 10:00:00,Female,54,Gold,Web,Songkhla,1370,Lazada,PromptPay,10,10,2,0,>50,45.666666666666664,3.0,0.0,0.0,-1,51,8992.380000000001,0.28,0.0,0.3333333333333333,0.0,0.0,0,0,0.0,0.0,0,0,0.0,24181.83,1,0,0.0,26977.140000000003,3,0,0.0,0
LGS2ORD0037180,C013964,2025-10-22 10:00:00,Female,59,Gold,Shopee,Chiang Mai,545,CallCenter,COD,10,10,2,0,>50,18.166666666666668,3.0,0.0,0.0,-1,104,4155.683333333333,0.28,0.0,0.3333333333333333,0.0,0.0,0,0,0.0,0.0,0,0,0.0,0.0,0,0,0.0,12467.05,3,0,0.0,0
LGS2ORD0037181,C013727,2025-10-22 11:00:00,Male,41,Bronze,Web,Phuket,999,Lazada,COD,11,10,2,0,40-50,33.3,8.0,6.0,0.75,0,5,4162.211249999999,0.23,0.875,0.25,0.0,1443.93,1,1,1.0,10694.62,2,2,1.0,10694.62,2,2,1.0,33297.689999999995,8,6,0.75,0
LGS2ORD0037182,C011363,2025-10-22 11:00:00,Female,43,Silver,Web,Phuket,1294,Web,COD,11,10,2,0,40-50,43.13333333333333,6.0,1.0,0.16666666666666666,-3,4,11326.438333333334,0.2,0.3333333333333333,0.0,0.0,10164.09,1,1,1.0,11539.71,2,1,0.5,11539.71,2,1,0.5,67958.63,6,1,0.16666666666666666,1
LGS2ORD0037183,C011943,2025-10-22 11:00:00,Female,50,Silver,Web,Remote_Area,871,CallCenter,PromptPay,11,10,2,0,40-50,29.033333333333335,7.0,5.0,0.7142857142857143,21,29,5482.005714285714,0.2,0.7142857142857143,0.0,0.0,0.0,0,0,0.0,1016.77,1,1,1.0,3956.07,2,2,1.0,38374.04,7,5,0.7142857142857143,0
LGS2ORD0037184,C012335,2025-10-22 11:00:00,Female,55,Gold,CallCenter,Bangkok,796,TV_Show,COD,11,10,2,0,>50,26.533333333333335,6.0,1.0,0.16666666666666666,140,80,4270.635,0.33,0.3333333333333333,0.8333333333333334,0.0,0.0,0,0,0.0,0.0,0,0,0.0,1717.43,1,0,0.0,25623.81,6,1,0.16666666666666666,0
LGS2ORD0037185,C014681,2025-10-22 11:00:00,Male,28,Bronze,Web,Chiang Mai,762,Shopee,COD,11,10,2,0,20-30,25.4,6.0,2.0,0.3333333333333333,136,90,1712.511666666667,0.08,0.3333333333333333,0.0,0.0,0.0,0,0,0.0,0.0,0,0,0.0,0.0,0,0,0.0,10275.070000000002,6,2,0.3333333333333333,1
LGS2ORD0037186,C011932,2025-10-22 12:00:00,Female,38,Bronze,Web,Chonburi,1270,Shopee,PromptPay,12,10,2,0,30-40,42.333333333333336,5.0,3.0,0.6,0,13,4774.14,0.28,1.0,0.2,0.0,0.0,0,0,0.0,908.02,1,1,1.0,908.02,1,1,1.0,23870.7,5,3,0.6,0
LGS2ORD0037187,C015971,2025-10-22 12:00:00,Male,18,Silver,Web,Bangkok,1180,Lazada,COD,12,10,2,0,<20,39.333333333333336,4.0,0.0,0.0,-1,61,946.22,0.25,0.5,0.5,0.0,0.0,0,0,0.0,0.0,0,0,0.0,1421.42,2,0,0.0,3784.88,4,0,0.0,1
LGS2ORD0037188,C015255,2025-10-22 12:00:00,Male,18,Bronze,TV,Chonburi,592,Shopee,COD,12,10,2,0,<20,19.733333333333334,2.0,0.0,0.0,-1,79,3449.335,0.23,0.5,0.5,0.0,0.0,0,0,0.0,0.0,0,0,0.0,6898.67,2,0,0.0,6898.67,2,0,0.0,1
LGS2ORD0037189,C012792,2025-10-22 12:00:00,Female,18,Gold,Lazada,Bangkok,451,Web,COD,12,10,2,0,<20,15.033333333333333,5.0,0.0,0.0,-1,52,5919.433999999999,0.28,0.4,0.2,0.0,0.0,0,0,0.0,0.0,0,0,0.0,3353.18,1,0,0.0,29597.17,5,0,0.0,0
LGS2ORD0037190,C017746,2025-10-22 12:00:00,Male,65,Silver,TV,Chonburi,414,Lazada,COD,12,10,2,0,>50,13.8,7.0,3.0,0.42857142857142855,41,46,3644.957142857143,0.3,0.42857142857142855,0.42857142857142855,0.0,0.0,0,0,0.0,0.0,0,0,0.0,8653.22,2,2,1.0,25514.7,7,3,0.42857142857142855,0
LGS2ORD0037191,C014851,2025-10-22 12:00:00,Male,22,Silver,TV,Khon Kaen,310,TV_Show,COD,12,10,2,0,20-30,10.333333333333334,4.0,0.0,0.0,-1,202,3073.7275,0.25,0.25,0.25,0.0,0.0,0,0,0.0,0.0,0,0,0.0,0.0,0,0,0.0,12294.91,4,0,0.0,0
LGS2ORD0037192,C010347,2025-10-22 13:00:00,Female,31,Gold,Shopee,Bangkok,1719,Shopee,Bank_Transfer,13,10,2,0,30-40,57.3,6.0,0.0,0.0,-1,88,3868.133333333333,0.33,0.3333333333333333,0.5,0.16666666666666666,0.0,0,0,0.0,0.0,0,0,0.0,1007.05,1,0,0.0,23208.8,6,0,0.0,1
LGS2ORD0037193,C014567,2025-10-22 13:00:00,Female,45,Silver,Shopee,Bangkok,325,TV_Show,COD,13,10,2,0,40-50,10.833333333333334,5.0,4.0,0.8,50,64,6233.098,0.3,0.2,0.2,0.0,0.0,0,0,0.0,0.0,0,0,0.0,4875.59,1,1,1.0,31165.49,5,4,0.8,0
LGS2ORD0037194,C011226,2025-10-22 13:00:00,Male,56,Silver,TV,Remote_Area,1456,CallCenter,COD,13,10,2,0,>50,48.53333333333333,5.0,2.0,0.4,16,30,2550.6220000000003,0.25,0.4,0.4,0.0,0.0,0,0,0.0,0.0,0,0,0.0,5250.18,2,1,0.5,12753.11,5,2,0.4,0
LGS2ORD0037195,C017779,2025-10-22 13:00:00,Female,42,Silver,Web,Nakhon Ratchasima,1047,Lazada,Credit_Card,13,10,2,0,40-50,34.9,4.0,2.0,0.5,48,23,6124.365,0.3,0.5,0.75,0.0,0.0,0,0,0.0,6062.24,1,0,0.0,9209.65,2,1,0.5,24497.46,4,2,0.5,1
LGS2ORD0037196,C012480,2025-10-22 13:00:00,Male,39,Silver,CallCenter,Bangkok,1697,Shopee,COD,13,10,2,0,30-40,56.56666666666667,7.0,0.0,0.0,-1,22,5561.428571428572,0.25,0.5714285714285714,0.14285714285714285,0.0,0.0,0,0,0.0,11214.4,1,0,0.0,11214.4,1,0,0.0,38930.0,7,0,0.0,0
LGS2ORD0037197,C010352,2025-10-22 14:00:00,Female,48,Gold,Web,Bangkok,1371,Web,COD,14,10,2,0,40-50,45.7,4.0,1.0,0.25,105,99,4321.035,0.28,0.75,0.25,0.0,0.0,0,0,0.0,0.0,0,0,0.0,0.0,0,0,0.0,17284.14,4,1,0.25,0
LGS2ORD0037198,C014395,2025-10-22 14:00:00,Male,33,Bronze,Shopee,Chonburi,350,Lazada,COD,14,10,2,0,30-40,11.666666666666666,4.0,0.0,0.0,-1,14,5834.1875,0.08,0.5,0.0,0.0,0.0,0,0,0.0,4019.95,2,0,0.0,8071.56,3,0,0.0,23336.75,4,0,0.0,1
LGS2ORD0037199,C015309,2025-10-22 14:00:00,Male,54,Silver,Lazada,Bangkok,416,TV_Show,Bank_Transfer,14,10,2,0,>50,13.866666666666667,2.0,0.0,0.0,-1,93,9962.215,0.05,0.0,0.0,0.0,0.0,0,0,0.0,0.0,0,0,0.0,0.0,0,0,0.0,19924.43,2,0,0.0,0
LGS2ORD0037200,C014212,2025-10-22 14:00:00,Female,51,Silver,TV,Bangkok,335,TV_Show,Credit_Card,14,10,2,0,>50,11.166666666666666,3.0,1.0,0.3333333333333333,272,243,3151.7533333333336,0.25,0.3333333333333333,0.3333333333333333,0.0,0.0,0,0,0.0,0.0,0,0,0.0,0.0,0,0,0.0,9455.26,3,1,0.3333333333333333,0
LGS2ORD0037201,C012635,2025-10-22 14:00:00,Male,62,Gold,Lazada,Bangkok,786,Web,COD,14,10,2,0,>50,26.2,0.0,0.0,0.0,-1,-1,0.0,0.0,0.0,0.0,0.0,0.0,0,0,0.0,0.0,0,0,0.0,0.0,0,0,0.0,0.0,0,0,0.0,0
LGS2ORD0037202,C015001,2025-10-22 15:00:00,Female,40,Bronze,TV,Bangkok,1205,CallCenter,COD,15,10,2,0,30-40,40.166666666666664,6.0,3.0,0.5,57,63,4345.685,0.28,1.0,0.3333333333333333,0.0,0.0,0,0,0.0,0.0,0,0,0.0,7087.86,1,1,1.0,26074.110000000004,6,3,0.5,0
LGS2ORD0037203,C015657,2025-10-22 15:00:00,Male,49,Platinum,Web,Chonburi,610,Shopee,COD,15,10,2,0,40-50,20.333333333333332,4.0,0.0,0.0,-1,33,10979.765000000001,0.3,0.25,0.5,0.0,0.0,0,0,0.0,0.0,0,0,0.0,1063.82,1,0,0.0,43919.060000000005,4,0,0.0,0
LGS2ORD0037204,C015036,2025-10-22 15:00:00,Female,45,Bronze,Web,Chonburi,1599,Shopee,PromptPay,15,10,2,0,40-50,53.3,8.0,2.0,0.25,137,4,5054.4125,0.28,0.5,0.125,0.0,8518.61,1,0,0.0,8518.61,1,0,0.0,23018.96,3,0,0.0,40435.3,8,2,0.25,0
LGS2ORD0037205,C012180,2025-10-22 15:00:00,Male,57,Bronze,Shopee,Chonburi,1067,TV_Show,PromptPay,15,10,2,0,>50,35.56666666666667,1.0,0.0,0.0,-1,246,1618.9,0.08,1.0,0.0,0.0,0.0,0,0,0.0,0.0,0,0,0.0,0.0,0,0,0.0,1618.9,1,0,0.0,0
LGS2ORD0037206,C012536,2025-10-22 15:00:00,Male,39,Silver,CallCenter,Bangkok,1690,CallCenter,COD,15,10,2,0,30-40,56.333333333333336,1.0,1.0,1.0,131,139,17299.3,0.25,1.0,1.0,0.0,0.0,0,0,0.0,0.0,0,0,0.0,0.0,0,0,0.0,17299.3,1,1,1.0,0
LGS2ORD0037207,C012194,2025-10-22 16:00:00,Female,30,Bronze,TV,Bangkok,1108,Lazada,PromptPay,16,10,2,0,20-30,36.93333333333333,7.0,1.0,0.14285714285714285,244,40,2549.282857142857,0.28,0.5714285714285714,0.42857142857142855,0.0,0.0,0,0,0.0,0.0,0,0,0.0,9470.0,3,0,0.0,17844.98,7,1,0.14285714285714285,0
LGS2ORD0037208,C010900,2025-10-22 16:00:00,Female,58,Bronze,Web,Songkhla,324,Shopee,COD,16,10,2,0,>50,10.8,12.0,4.0,0.3333333333333333,180,9,9214.991666666667,0.28,0.5,0.08333333333333333,0.0,0.0,0,0,0.0,2713.8,1,0,0.0,6699.110000000001,2,0,0.0,110579.90000000001,12,4,0.3333333333333333,1
LGS2ORD0037209,C014977,2025-10-22 16:00:00,Female,60,Gold,Shopee,Khon Kaen,1408,TV_Show,Credit_Card,16,10,2,0,>50,46.93333333333333,2.0,0.0,0.0,-1,88,1309.54,0.28,0.5,0.5,0.0,0.0,0,0,0.0,0.0,0,0,0.0,600.87,1,0,0.0,2619.08,2,0,0.0,0
LGS2ORD0037210,C012740,2025-10-22 16:00:00,Female,44,Bronze,TV,Bangkok,446,TV_Show,PromptPay,16,10,2,0,40-50,14.866666666666667,1.0,1.0,1.0,244,257,1447.28,0.08,1.0,0.0,0.0,0.0,0,0,0.0,0.0,0,0,0.0,0.0,0,0,0.0,1447.28,1,1,1.0,0
LGS2ORD0037211,C010797,2025-10-22 16:00:00,Female,31,Gold,CallCenter,Khon Kaen,1579,Shopee,Bank_Transfer,16,10,2,0,30-40,52.63333333333333,8.0,3.0,0.375,-7,8,7268.860000000001,0.13,0.625,0.0,0.0,0.0,0,0,0.0,11645.64,2,1,0.5,53761.42,5,1,0.2,58150.880000000005,8,3,0.375,0
LGS2ORD0037212,C012668,2025-10-22 16:00:00,Female,53,Bronze,TV,Songkhla,481,Lazada,COD,16,10,2,0,>50,16.033333333333335,5.0,1.0,0.2,134,131,4840.442,0.23,0.8,0.2,0.0,0.0,0,0,0.0,0.0,0,0,0.0,0.0,0,0,0.0,24202.21,5,1,0.2,0
LGS2ORD0037213,C017071,2025-10-22 17:00:00,Female,47,Bronze,Lazada,Chonburi,319,Shopee,COD,17,10,2,0,40-50,10.633333333333333,6.0,1.0,0.16666666666666666,24,6,4699.915,0.18,0.6666666666666666,0.0,0.0,5370.76,1,0,0.0,5370.76,1,0,0.0,25607.190000000002,4,1,0.25,28199.489999999998,6,1,0.16666666666666666,0
LGS2ORD0037214,C017922,2025-10-22 17:00:00,Male,42,Bronze,CallCenter,Khon Kaen,1146,Shopee,COD,17,10,2,0,40-50,38.2,12.0,3.0,0.25,51,7,3120.624166666666,0.23,0.5,0.08333333333333333,0.0,0.0,0,0,0.0,1689.21,1,0,0.0,8229.849999999999,3,1,0.3333333333333333,37447.48999999999,12,3,0.25,1
LGS2ORD0037215,C014791,2025-10-22 17:00:00,Male,26,Bronze,Lazada,Remote_Area,927,Shopee,PromptPay,17,10,2,0,20-30,30.9,8.0,3.0,0.375,47,48,10483.80625,0.23,0.625,0.125,0.0,0.0,0,0,0.0,0.0,0,0,0.0,62559.87,3,1,0.3333333333333333,83870.45,8,3,0.375,0
LGS2ORD0037216,C013758,2025-10-22 17:00:00,Male,41,Silver,Lazada,Chonburi,1181,Shopee,COD,17,10,2,0,40-50,39.36666666666667,4.0,1.0,0.25,126,75,2601.5625,0.25,0.5,0.5,0.0,0.0,0,0,0.0,0.0,0,0,0.0,1093.49,1,0,0.0,10406.25,4,1,0.25,0
LGS2ORD0037217,C016407,2025-10-22 17:00:00,Male,18,Gold,CallCenter,Bangkok,803,CallCenter,COD,17,10,2,0,<20,26.766666666666666,7.0,2.0,0.2857142857142857,126,63,6414.97,0.28,0.5714285714285714,0.7142857142857143,0.0,0.0,0,0,0.0,0.0,0,0,0.0,4525.56,1,0,0.0,44904.79,7,2,0.2857142857142857,0
LGS2ORD0037218,C015338,2025-10-22 18:00:00,Female,45,Silver,Web,Chonburi,502,TV_Show,PromptPay,18,10,2,0,40-50,16.733333333333334,8.0,2.0,0.25,26,24,4786.7225,0.2,0.25,0.0,0.0,0.0,0,0,0.0,6082.38,1,0,0.0,18448.42,4,1,0.25,38293.78,8,2,0.25,0
LGS2ORD0037219,C016572,2025-10-22 18:00:00,Female,39,Silver,Shopee,Bangkok,1569,TV_Show,PromptPay,18,10,2,0,30-40,52.3,5.0,3.0,0.6,75,70,10741.670000000002,0.3,0.6,0.2,0.0,0.0,0,0,0.0,0.0,0,0,0.0,37880.26,2,1,0.5,53708.350000000006,5,3,0.6,0
LGS2ORD0037220,C011369,2025-10-22 18:00:00,Female,38,Bronze,Shopee,Nakhon Ratchasima,1249,Shopee,COD,18,10,2,0,30-40,41.63333333333333,1.0,1.0,1.0,263,270,1707.94,0.08,1.0,0.0,0.0,0.0,0,0,0.0,0.0,0,0,0.0,0.0,0,0,0.0,1707.94,1,1,1.0,0
LGS2ORD0037221,C015022,2025-10-22 18:00:00,Male,43,Gold,Web,Bangkok,1687,TV_Show,Credit_Card,18,10,2,0,40-50,56.233333333333334,2.0,1.0,0.5,127,29,1358.0349999999999,0.28,1.0,0.5,0.0,0.0,0,0,0.0,915.22,1,0,0.0,915.22,1,0,0.0,2716.0699999999997,2,1,0.5,0
LGS2ORD0037222,C015995,2025-10-22 18:00:00,Female,46,Silver,TV,Bangkok,542,Shopee,Credit_Card,18,10,2,0,40-50,18.066666666666666,6.0,1.0,0.16666666666666666,160,80,4706.973333333333,0.25,0.3333333333333333,0.16666666666666666,0.0,0.0,0,0,0.0,0.0,0,0,0.0,1094.12,1,0,0.0,28241.84,6,1,0.16666666666666666,1
LGS2ORD0037223,C010731,2025-10-22 19:00:00,Female,30,Silver,TV,Khon Kaen,674,Lazada,COD,19,10,2,0,20-30,22.466666666666665,7.0,2.0,0.2857142857142857,171,69,2747.5085714285715,0.3,0.7142857142857143,0.5714285714285714,0.0,0.0,0,0,0.0,0.0,0,0,0.0,9022.05,2,0,0.0,19232.56,7,2,0.2857142857142857,0
LGS2ORD0037224,C010468,2025-10-22 19:00:00,Male,44,Bronze,Shopee,Chiang Mai,1570,Lazada,Credit_Card,19,10,2,0,40-50,52.333333333333336,7.0,1.0,0.14285714285714285,262,0,9617.594285714285,0.28,0.8571428571428571,0.2857142857142857,0.0,4239.67,1,0,0.0,4239.67,1,0,0.0,4239.67,1,0,0.0,67323.16,7,1,0.14285714285714285,0
LGS2ORD0037225,C016394,2025-10-22 19:00:00,Male,34,Silver,Web,Remote_Area,1293,CallCenter,COD,19,10,2,0,30-40,43.1,7.0,1.0,0.14285714285714285,272,33,3855.528571428571,0.3,0.42857142857142855,0.2857142857142857,0.0,0.0,0,0,0.0,0.0,0,0,0.0,5234.889999999999,3,0,0.0,26988.699999999997,7,1,0.14285714285714285,1
LGS2ORD0037226,C016479,2025-10-22 19:00:00,Female,46,Gold,TV,Bangkok,1018,Lazada,COD,19,10,2,0,40-50,33.93333333333333,5.0,1.0,0.2,228,10,7072.154,0.18,0.8,0.0,0.0,0.0,0,0,0.0,9792.85,2,0,0.0,11085.16,3,0,0.0,35360.770000000004,5,1,0.2,0
LGS2ORD0037227,C010206,2025-10-22 19:00:00,Other,46,Silver,Web,Chiang Mai,839,Shopee,COD,19,10,2,0,40-50,27.966666666666665,7.0,3.0,0.42857142857142855,26,19,2709.31,0.3,0.7142857142857143,0.42857142857142855,0.0,0.0,0,0,0.0,4719.91,1,0,0.0,5972.2,2,1,0.5,18965.17,7,3,0.42857142857142855,0
LGS2ORD0037228,C017722,2025-10-22 20:00:00,Female,30,Silver,Web,Chonburi,701,TV_Show,COD,20,10,2,0,20-30,23.366666666666667,2.0,1.0,0.5,121,34,3852.8450000000003,0.3,1.0,0.5,0.0,0.0,0,0,0.0,0.0,0,0,0.0,3343.42,1,0,0.0,7705.6900000000005,2,1,0.5,0
LGS2ORD0037229,C017984,2025-10-22 20:00:00,Female,61,Bronze,Lazada,Khon Kaen,1590,Lazada,Credit_Card,20,10,2,0,>50,53.0,8.0,4.0,0.5,48,40,7593.45375,0.23,0.625,0.125,0.0,0.0,0,0,0.0,0.0,0,0,0.0,30272.239999999998,4,3,0.75,60747.63,8,4,0.5,0
LGS2ORD0037230,C011496,2025-10-22 20:00:00,Male,24,Bronze,CallCenter,Songkhla,1406,Lazada,Credit_Card,20,10,2,0,20-30,46.86666666666667,0.0,0.0,0.0,-1,-1,0.0,0.0,0.0,0.0,0.0,0.0,0,0,0.0,0.0,0,0,0.0,0.0,0,0,0.0,0.0,0,0,0.0,1
LGS2ORD0037231,C017880,2025-10-22 20:00:00,Female,32,Platinum,TV,Chonburi,657,Web,Bank_Transfer,20,10,2,0,30-40,21.9,4.0,2.0,0.5,179,92,2520.4725,0.3,0.25,0.25,0.0,0.0,0,0,0.0,0.0,0,0,0.0,0.0,0,0,0.0,10081.89,4,2,0.5,0
LGS2ORD0037232,C016509,2025-10-22 20:00:00,Male,45,Gold,Shopee,Bangkok,681,Web,COD,20,10,2,0,40-50,22.7,3.0,1.0,0.3333333333333333,69,79,3242.0,0.2299999999999999,0.0,0.3333333333333333,0.0,0.0,0,0,0.0,0.0,0,0,0.0,1048.93,1,1,1.0,9726.0,3,1,0.3333333333333333,1
LGS2ORD0037233,C011686,2025-10-22 20:00:00,Female,53,Bronze,TV,Chiang Mai,1248,Web,COD,20,10,2,0,>50,41.6,9.0,1.0,0.1111111111111111,59,68,2444.3988888888894,0.28,0.7777777777777778,0.2222222222222222,0.1111111111111111,0.0,0,0,0.0,0.0,0,0,0.0,7122.9,2,1,0.5,21999.590000000004,9,1,0.1111111111111111,0
LGS2ORD0037234,C011631,2025-10-22 21:00:00,Female,60,Bronze,Lazada,Bangkok,1502,TV_Show,PromptPay,21,10,2,0,>50,50.06666666666667,5.0,1.0,0.2,62,6,2169.63,0.28,0.6,0.2,0.2,2217.6,1,0,0.0,2217.6,1,0,0.0,7023.710000000001,3,1,0.3333333333333333,10848.15,5,1,0.2,0
LGS2ORD0037235,C012669,2025-10-22 21:00:00,Male,26,Silver,Web,Chonburi,925,Shopee,Credit_Card,21,10,2,0,20-30,30.833333333333332,2.0,0.0,0.0,-1,121,5586.265,0.1,1.0,0.0,0.0,0.0,0,0,0.0,0.0,0,0,0.0,0.0,0,0,0.0,11172.53,2,0,0.0,0
LGS2ORD0037236,C012194,2025-10-22 21:00:00,Female,30,Bronze,TV,Bangkok,1108,Lazada,Credit_Card,21,10,2,0,20-30,36.93333333333333,8.0,1.0,0.125,244,0,3912.28375,0.28,0.5,0.375,0.0,13453.29,1,0,0.0,13453.29,1,0,0.0,22923.29,4,0,0.0,31298.27,8,1,0.125,0
LGS2ORD0037237,C011533,2025-10-22 21:00:00,Female,46,Bronze,Lazada,Khon Kaen,477,TV_Show,PromptPay,21,10,2,0,40-50,15.9,1.0,0.0,0.0,-1,278,2082.33,0.13,1.0,0.0,0.0,0.0,0,0,0.0,0.0,0,0,0.0,0.0,0,0,0.0,2082.33,1,0,0.0,0
LGS2ORD0037238,C012746,2025-10-22 21:00:00,Female,41,Silver,Lazada,Chonburi,1096,Lazada,COD,21,10,2,0,40-50,36.53333333333333,4.0,2.0,0.5,53,61,12313.69,0.25,0.25,0.25,0.0,0.0,0,0,0.0,0.0,0,0,0.0,454.07,1,1,1.0,49254.76,4,2,0.5,0
LGS2ORD0037239,C013759,2025-10-22 22:00:00,Female,72,Bronze,Lazada,Nakhon Ratchasima,438,CallCenter,COD,22,10,2,0,>50,14.6,6.0,3.0,0.5,67,85,6352.579999999999,0.28,0.5,0.3333333333333333,0.0,0.0,0,0,0.0,0.0,0,0,0.0,12391.13,1,1,1.0,38115.479999999996,6,3,0.5,1
LGS2ORD0037240,C010910,2025-10-22 22:00:00,Female,48,Gold,Lazada,Chonburi,1561,CallCenter,COD,22,10,2,0,40-50,52.03333333333333,1.0,0.0,0.0,-1,205,17449.6,0.2299999999999999,0.0,1.0,0.0,0.0,0,0,0.0,0.0,0,0,0.0,0.0,0,0,0.0,17449.6,1,0,0.0,1
LGS2ORD0037241,C010269,2025-10-22 22:00:00,Female,58,Silver,Lazada,Bangkok,1442,TV_Show,PromptPay,22,10,2,0,>50,48.06666666666667,2.0,0.0,0.0,-1,53,2369.05,0.2,0.5,0.0,0.0,0.0,0,0,0.0,0.0,0,0,0.0,4738.1,2,0,0.0,4738.1,2,0,0.0,0
LGS2ORD0037242,C010633,2025-10-22 22:00:00,Male,38,Bronze,Lazada,Remote_Area,441,TV_Show,COD,22,10,2,0,30-40,14.7,3.0,2.0,0.6666666666666666,38,49,3480.736666666666,0.28,0.6666666666666666,0.6666666666666666,0.0,0.0,0,0,0.0,0.0,0,0,0.0,7224.95,1,1,1.0,10442.21,3,2,0.6666666666666666,0
LGS2ORD0037243,C010589,2025-10-22 22:00:00,Male,40,Bronze,Web,Songkhla,1355,CallCenter,COD,22,10,2,0,30-40,45.166666666666664,7.0,3.0,0.42857142857142855,0,7,2905.79,0.28,0.8571428571428571,0.42857142857142855,0.0,0.0,0,0,0.0,8558.85,3,1,0.3333333333333333,11898.810000000001,4,1,0.25,20340.53,7,3,0.42857142857142855,0
LGS2ORD0037244,C011117,2025-10-22 23:00:00,Female,47,Platinum,TV,Bangkok,797,Web,Credit_Card,23,10,2,0,40-50,26.566666666666666,2.0,0.0,0.0,-1,45,4751.049999999999,0.2,0.5,0.0,0.0,0.0,0,0,0.0,0.0,0,0,0.0,3338.99,1,0,0.0,9502.099999999999,2,0,0.0,0
LGS2ORD0037245,C017922,2025-10-22 23:00:00,Male,42,Bronze,CallCenter,Khon Kaen,1146,Web,PromptPay,23,10,2,0,40-50,38.2,13.0,4.0,0.3076923076923077,-5,0,3175.1769230769223,0.23,0.5384615384615384,0.15384615384615385,0.0,3829.81,1,1,1.0,5519.02,2,1,0.5,12059.659999999998,4,2,0.5,41277.29999999999,13,4,0.3076923076923077,0
LGS2ORD0037246,C015888,2025-10-22 23:00:00,Male,34,Gold,Shopee,Khon Kaen,952,TV_Show,Credit_Card,23,10,2,0,30-40,31.733333333333334,7.0,1.0,0.14285714285714285,67,71,4423.2014285714295,0.2299999999999999,0.14285714285714285,0.5714285714285714,0.0,0.0,0,0,0.0,0.0,0,0,0.0,23057.170000000002,2,1,0.5,30962.410000000003,7,1,0.14285714285714285,0
LGS2ORD0037247,C013155,2025-10-22 23:00:00,Female,72,Silver,Lazada,Khon Kaen,487,TV_Show,Credit_Card,23,10,2,0,>50,16.233333333333334,6.0,3.0,0.5,110,117,4170.156666666667,0.3,0.3333333333333333,0.5,0.0,0.0,0,0,0.0,0.0,0,0,0.0,0.0,0,0,0.0,25020.94,6,3,0.5,0
LGS2ORD0037248,C015778,2025-10-22 23:00:00,Female,38,Gold,Web,Khon Kaen,1475,Shopee,COD,23,10,2,0,30-40,49.166666666666664,4.0,1.0,0.25,66,77,6288.6575,0.28,0.5,0.5,0.0,0.0,0,0,0.0,0.0,0,0,0.0,5202.7,1,1,1.0,25154.63,4,1,0.25,1
LGS2ORD0037249,C014810,2025-10-22 23:00:00,Male,51,Bronze,TV,Phuket,625,TV_Show,PromptPay,23,10,2,0,>50,20.833333333333332,6.0,2.0,0.3333333333333333,89,16,4182.861666666667,0.28,0.3333333333333333,0.3333333333333333,0.0,0.0,0,0,0.0,741.21,1,0,0.0,14242.689999999999,3,0,0.0,25097.17,6,2,0.3333333333333333,0
LGS2ORD0037250,C013218,2025-10-23 00:00:00,Male,50,Silver,Web,Bangkok,527,TV_Show,Bank_Transfer,0,10,3,0,40-50,17.566666666666666,7.0,3.0,0.42857142857142855,91,58,4585.071428571428,0.3,0.8571428571428571,0.5714285714285714,0.0,0.0,0,0,0.0,0.0,0,0,0.0,20522.6,2,0,0.0,32095.5,7,3,0.42857142857142855,0
LGS2ORD0037251,C014064,2025-10-23 00:00:00,Male,33,Bronze,Web,Phuket,594,Web,Bank_Transfer,0,10,3,0,30-40,19.8,5.0,1.0,0.2,54,37,7996.592,0.18,0.6,0.0,0.0,0.0,0,0,0.0,0.0,0,0,0.0,19632.100000000002,2,1,0.5,39982.96,5,1,0.2,0
LGS2ORD0037252,C010375,2025-10-23 00:00:00,Female,51,Silver,TV,Chiang Mai,1212,Shopee,PromptPay,0,10,3,0,>50,40.4,4.0,2.0,0.5,57,66,4921.8099999999995,0.3,0.5,0.25,0.0,0.0,0,0,0.0,0.0,0,0,0.0,1646.17,1,1,1.0,19687.239999999998,4,2,0.5,0
LGS2ORD0037253,C014856,2025-10-23 00:00:00,Male,36,Silver,TV,Nakhon Ratchasima,1338,Lazada,COD,0,10,3,0,30-40,44.6,4.0,1.0,0.25,84,24,5684.1,0.2,0.5,0.0,0.0,0.0,0,0,0.0,6517.67,1,0,0.0,6517.67,1,0,0.0,22736.4,4,1,0.25,1
LGS2ORD0037254,C015516,2025-10-23 00:00:00,Male,46,Silver,TV,Nakhon Ratchasima,714,TV_Show,COD,0,10,3,0,40-50,23.8,3.0,0.0,0.0,-1,63,13745.263333333334,0.1,0.3333333333333333,0.0,0.0,0.0,0,0,0.0,0.0,0,0,0.0,38385.47,1,0,0.0,41235.79,3,0,0.0,0
LGS2ORD0037255,C015960,2025-10-23 01:00:00,Male,49,Bronze,Shopee,Khon Kaen,522,Web,PromptPay,1,10,3,0,40-50,17.4,7.0,4.0,0.5714285714285714,15,0,4770.248571428572,0.28,0.42857142857142855,0.7142857142857143,0.0,6868.43,1,0,0.0,14712.130000000001,2,1,0.5,24971.89,4,3,0.75,33391.740000000005,7,4,0.5714285714285714,0
LGS2ORD0037256,C014756,2025-10-23 01:00:00,Male,43,Bronze,Lazada,Bangkok,942,TV_Show,Credit_Card,1,10,3,0,40-50,31.4,4.0,0.0,0.0,-1,154,2681.5725,0.18,0.0,0.0,0.0,0.0,0,0,0.0,0.0,0,0,0.0,0.0,0,0,0.0,10726.29,4,0,0.0,0
LGS2ORD0037257,C011762,2025-10-23 01:00:00,Female,72,Bronze,Shopee,Songkhla,1346,Web,COD,1,10,3,0,>50,44.86666666666667,7.0,2.0,0.2857142857142857,79,53,3723.664285714286,0.28,0.5714285714285714,0.42857142857142855,0.0,0.0,0,0,0.0,0.0,0,0,0.0,1815.31,1,0,0.0,26065.65,7,2,0.2857142857142857,1
LGS2ORD0037258,C010339,2025-10-23 01:00:00,Male,40,Gold,Shopee,Phuket,1720,CallCenter,Bank_Transfer,1,10,3,0,30-40,57.333333333333336,1.0,0.0,0.0,-1,14,181.17,0.18,1.0,0.0,0.0,0.0,0,0,0.0,181.17,1,0,0.0,181.17,1,0,0.0,181.17,1,0,0.0,0
LGS2ORD0037259,C017109,2025-10-23 01:00:00,Female,60,Bronze,TV,Khon Kaen,1731,Web,COD,1,10,3,0,>50,57.7,5.0,2.0,0.4,11,17,2486.574,0.23,0.6,0.2,0.0,0.0,0,0,0.0,1975.1,1,1,1.0,7052.26,3,2,0.6666666666666666,12432.87,5,2,0.4,0
LGS2ORD0037260,C015962,2025-10-23 02:00:00,Female,29,Gold,Lazada,Bangkok,344,TV_Show,COD,2,10,3,0,20-30,11.466666666666667,0.0,0.0,0.0,-1,-1,0.0,0.0,0.0,0.0,0.0,0.0,0,0,0.0,0.0,0,0,0.0,0.0,0,0,0.0,0.0,0,0,0.0,0
LGS2ORD0037261,C010359,2025-10-23 02:00:00,Male,54,Bronze,TV,Nakhon Ratchasima,999,Lazada,COD,2,10,3,0,>50,33.3,8.0,2.0,0.25,178,16,5658.45,0.23,0.75,0.25,0.0,0.0,0,0,0.0,8614.41,2,0,0.0,8614.41,2,0,0.0,45267.6,8,2,0.25,0
LGS2ORD0037262,C014122,2025-10-23 02:00:00,Female,32,Bronze,Shopee,Bangkok,1291,CallCenter,COD,2,10,3,0,30-40,43.03333333333333,8.0,1.0,0.125,-5,9,6785.96875,0.23,0.625,0.25,0.0,0.0,0,0,0.0,6393.39,1,1,1.0,14868.060000000001,4,1,0.25,54287.75,8,1,0.125,0
LGS2ORD0037263,C011395,2025-10-23 02:00:00,Female,56,Silver,Lazada,Bangkok,583,CallCenter,PromptPay,2,10,3,0,>50,19.433333333333334,4.0,0.0,0.0,-1,96,4013.6825,0.3,0.75,0.5,0.0,0.0,0,0,0.0,0.0,0,0,0.0,0.0,0,0,0.0,16054.73,4,0,0.0,1
LGS2ORD0037264,C016523,2025-10-23 02:00:00,Female,20,Bronze,TV,Remote_Area,886,Lazada,Bank_Transfer,2,10,3,0,<20,29.533333333333335,8.0,4.0,0.5,2,10,4140.52625,0.23,0.625,0.125,0.0,0.0,0,0,0.0,7854.71,3,1,0.3333333333333333,11436.1,4,1,0.25,33124.21,8,4,0.5,0
LGS2ORD0037265,C012463,2025-10-23 03:00:00,Female,44,Platinum,TV,Khon Kaen,449,Web,COD,3,10,3,0,40-50,14.966666666666667,10.0,1.0,0.1,-1,7,5222.573,0.35,0.5,0.1,0.0,0.0,0,0,0.0,3738.3199999999997,2,1,0.5,13275.33,3,1,0.3333333333333333,52225.73,10,1,0.1,0
LGS2ORD0037266,C012009,2025-10-23 03:00:00,Female,50,Bronze,Shopee,Bangkok,1079,TV_Show,Credit_Card,3,10,3,0,40-50,35.96666666666667,4.0,2.0,0.5,87,17,5498.460000000001,0.28,0.75,0.25,0.0,0.0,0,0,0.0,4756.49,1,0,0.0,4756.49,1,0,0.0,21993.840000000004,4,2,0.5,0
LGS2ORD0037267,C011267,2025-10-23 03:00:00,Female,48,Gold,TV,Bangkok,1340,TV_Show,COD,3,10,3,0,40-50,44.666666666666664,5.0,1.0,0.2,253,75,5463.592000000001,0.28,0.4,0.6,0.0,0.0,0,0,0.0,0.0,0,0,0.0,3733.61,1,0,0.0,27317.960000000003,5,1,0.2,0
LGS2ORD0037268,C010118,2025-10-23 03:00:00,Male,33,Silver,Lazada,Songkhla,1549,TV_Show,Credit_Card,3,10,3,0,30-40,51.63333333333333,6.0,1.0,0.16666666666666666,102,97,7784.53,0.3,0.5,0.16666666666666666,0.0,0.0,0,0,0.0,0.0,0,0,0.0,0.0,0,0,0.0,46707.18,6,1,0.16666666666666666,1
LGS2ORD0037269,C011121,2025-10-23 03:00:00,Male,44,Silver,TV,Bangkok,439,TV_Show,COD,3,10,3,0,40-50,14.633333333333333,4.0,1.0,0.25,181,82,8330.215,0.3,0.75,0.5,0.0,0.0,0,0,0.0,0.0,0,0,0.0,22520.52,1,0,0.0,33320.86,4,1,0.25,1
LGS2ORD0037270,C013971,2025-10-23 03:00:00,Male,50,Bronze,Web,Songkhla,654,Lazada,PromptPay,3,10,3,0,40-50,21.8,2.0,2.0,1.0,52,66,11773.275,0.28,0.5,1.0,0.0,0.0,0,0,0.0,0.0,0,0,0.0,20267.98,1,1,1.0,23546.55,2,2,1.0,0
LGS2ORD0037271,C014687,2025-10-23 04:00:00,Female,60,Silver,TV,Chiang Mai,1340,Lazada,Credit_Card,4,10,3,0,>50,44.666666666666664,6.0,1.0,0.16666666666666666,0,8,14591.063333333334,0.25,0.6666666666666666,0.3333333333333333,0.0,0.0,0,0,0.0,4962.21,1,1,1.0,8595.02,2,1,0.5,87546.38,6,1,0.16666666666666666,0
LGS2ORD0037272,C014203,2025-10-23 04:00:00,Female,54,Bronze,Shopee,Nakhon Ratchasima,1095,CallCenter,COD,4,10,3,0,>50,36.5,9.0,1.0,0.1111111111111111,263,27,6678.435555555556,0.28,0.3333333333333333,0.4444444444444444,0.0,0.0,0,0,0.0,15174.04,1,0,0.0,34218.770000000004,3,0,0.0,60105.92,9,1,0.1111111111111111,0
LGS2ORD0037273,C017965,2025-10-23 04:00:00,Other,43,Bronze,Web,Bangkok,1333,Web,Credit_Card,4,10,3,0,40-50,44.43333333333333,2.0,1.0,0.5,-9,0,9564.310000000001,0.28,1.0,0.5,0.0,6524.02,1,1,1.0,6524.02,1,1,1.0,6524.02,1,1,1.0,19128.620000000003,2,1,0.5,0
LGS2ORD0037274,C015373,2025-10-23 04:00:00,Female,47,Bronze,TV,Bangkok,1477,Shopee,COD,4,10,3,0,40-50,49.233333333333334,9.0,2.0,0.2222222222222222,68,77,3267.0455555555554,0.13,0.7777777777777778,0.0,0.0,0.0,0,0,0.0,0.0,0,0,0.0,2714.25,2,1,0.5,29403.41,9,2,0.2222222222222222,0
LGS2ORD0037275,C014856,2025-10-23 04:00:00,Male,36,Silver,TV,Nakhon Ratchasima,1338,TV_Show,PromptPay,4,10,3,0,30-40,44.6,5.0,2.0,0.4,-8,0,4686.252,0.25,0.6,0.2,0.0,694.86,1,1,1.0,7212.53,2,1,0.5,7212.53,2,1,0.5,23431.260000000002,5,2,0.4,0
LGS2ORD0037276,C010648,2025-10-23 05:00:00,Male,32,Gold,Web,Chiang Mai,948,Shopee,COD,5,10,3,0,30-40,31.6,6.0,1.0,0.16666666666666666,0,11,4636.475,0.33,0.3333333333333333,0.5,0.0,0.0,0,0,0.0,6428.69,1,1,1.0,6428.69,1,1,1.0,27818.850000000002,6,1,0.16666666666666666,0
LGS2ORD0037277,C013819,2025-10-23 05:00:00,Male,41,Silver,Web,Khon Kaen,1136,TV_Show,COD,5,10,3,0,40-50,37.86666666666667,3.0,0.0,0.0,-1,43,5880.533333333333,0.25,0.3333333333333333,0.6666666666666666,0.0,0.0,0,0,0.0,0.0,0,0,0.0,16245.619999999999,2,0,0.0,17641.6,3,0,0.0,0
LGS2ORD0037278,C011786,2025-10-23 05:00:00,Male,58,Bronze,CallCenter,Bangkok,879,TV_Show,Credit_Card,5,10,3,0,>50,29.3,5.0,1.0,0.2,55,61,5594.692,0.18,0.8,0.0,0.0,0.0,0,0,0.0,0.0,0,0,0.0,21654.34,2,1,0.5,27973.46,5,1,0.2,0
LGS2ORD0037279,C015020,2025-10-23 05:00:00,Female,33,Bronze,TV,Bangkok,1530,Lazada,COD,5,10,3,0,30-40,51.0,5.0,2.0,0.4,146,105,2536.016,0.23,0.6,0.4,0.0,0.0,0,0,0.0,0.0,0,0,0.0,0.0,0,0,0.0,12680.08,5,2,0.4,0
LGS2ORD0037280,C013244,2025-10-23 05:00:00,Female,24,Silver,Lazada,Nakhon Ratchasima,1230,Web,COD,5,10,3,0,20-30,41.0,2.0,0.0,0.0,-1,24,5993.8150000000005,0.25,0.0,0.5,0.0,0.0,0,0,0.0,7829.5,1,0,0.0,7829.5,1,0,0.0,11987.630000000001,2,0,0.0,0
LGS2ORD0037281,C012532,2025-10-23 06:00:00,Female,35,Bronze,CallCenter,Phuket,1337,CallCenter,Credit_Card,6,10,3,0,30-40,44.56666666666667,7.0,2.0,0.2857142857142857,30,6,4235.615714285715,0.28,0.42857142857142855,0.2857142857142857,0.0,6360.69,1,0,0.0,6360.69,1,0,0.0,20992.010000000002,3,1,0.3333333333333333,29649.31,7,2,0.2857142857142857,1
LGS2ORD0037282,C015931,2025-10-23 06:00:00,Male,37,Silver,Web,Nakhon Ratchasima,925,CallCenter,COD,6,10,3,0,30-40,30.833333333333332,4.0,0.0,0.0,-1,18,1587.6950000000002,0.25,1.0,0.25,0.0,0.0,0,0,0.0,1812.26,1,0,0.0,1812.26,1,0,0.0,6350.780000000001,4,0,0.0,0
LGS2ORD0037283,C017057,2025-10-23 06:00:00,Female,29,Gold,Web,Chonburi,1024,Lazada,Credit_Card,6,10,3,0,20-30,34.13333333333333,9.0,1.0,0.1111111111111111,175,14,8157.7155555555555,0.33,0.2222222222222222,0.3333333333333333,0.0,0.0,0,0,0.0,20999.07,1,0,0.0,40837.649999999994,3,0,0.0,73419.44,9,1,0.1111111111111111,0
LGS2ORD0037284,C011736,2025-10-23 06:00:00,Male,47,Silver,TV,Nakhon Ratchasima,1176,Web,PromptPay,6,10,3,0,40-50,39.2,1.0,0.0,0.0,-1,255,1827.9,0.1,0.0,0.0,0.0,0.0,0,0,0.0,0.0,0,0,0.0,0.0,0,0,0.0,1827.9,1,0,0.0,0
LGS2ORD0037285,C012033,2025-10-23 06:00:00,Male,32,Silver,TV,Khon Kaen,1751,TV_Show,COD,6,10,3,0,30-40,58.36666666666667,7.0,3.0,0.42857142857142855,75,82,4529.815714285714,0.3,0.5714285714285714,0.5714285714285714,0.0,0.0,0,0,0.0,0.0,0,0,0.0,2435.79,1,0,0.0,31708.710000000003,7,3,0.42857142857142855,1
LGS2ORD0037286,C011341,2025-10-23 07:00:00,Female,59,Bronze,Web,Bangkok,1214,CallCenter,Credit_Card,7,10,3,0,>50,40.46666666666667,6.0,1.0,0.16666666666666666,192,57,2402.09,0.23,0.3333333333333333,0.16666666666666666,0.0,0.0,0,0,0.0,0.0,0,0,0.0,2634.96,1,0,0.0,14412.54,6,1,0.16666666666666666,0
LGS2ORD0037287,C010765,2025-10-23 07:00:00,Female,42,Gold,Web,Bangkok,859,TV_Show,PromptPay,7,10,3,0,40-50,28.633333333333333,2.0,0.0,0.0,-1,92,2289.315,0.33,0.5,1.0,0.0,0.0,0,0,0.0,0.0,0,0,0.0,0.0,0,0,0.0,4578.63,2,0,0.0,0
LGS2ORD0037288,C013272,2025-10-23 07:00:00,Male,52,Silver,TV,Khon Kaen,1243,Web,COD,7,10,3,0,>50,41.43333333333333,4.0,1.0,0.25,223,17,7823.035,0.3,0.5,0.25,0.0,0.0,0,0,0.0,7045.66,2,0,0.0,24258.96,3,0,0.0,31292.14,4,1,0.25,0
LGS2ORD0037289,C011321,2025-10-23 07:00:00,Female,53,Bronze,CallCenter,Bangkok,1382,Web,COD,7,10,3,0,>50,46.06666666666667,4.0,1.0,0.25,185,139,4982.4575,0.23,0.0,0.25,0.0,0.0,0,0,0.0,0.0,0,0,0.0,0.0,0,0,0.0,19929.83,4,1,0.25,1
LGS2ORD0037290,C015861,2025-10-23 07:00:00,Female,61,Silver,TV,Khon Kaen,743,CallCenter,Credit_Card,7,10,3,0,>50,24.766666666666666,11.0,4.0,0.36363636363636365,101,19,7505.480000000001,0.3,0.6363636363636364,0.09090909090909091,0.0,0.0,0,0,0.0,7672.780000000001,2,0,0.0,10678.16,3,0,0.0,82560.28000000001,11,4,0.36363636363636365,0
LGS2ORD0037291,C014605,2025-10-23 07:00:00,Female,26,Silver,Shopee,Nakhon Ratchasima,1678,TV_Show,Credit_Card,7,10,3,0,20-30,55.93333333333333,5.0,0.0,0.0,-1,68,2817.8419999999996,0.25,0.6,0.2,0.0,0.0,0,0,0.0,0.0,0,0,0.0,1912.93,2,0,0.0,14089.21,5,0,0.0,0
LGS2ORD0037292,C017020,2025-10-23 08:00:00,Male,55,Silver,TV,Chiang Mai,785,Lazada,COD,8,10,3,0,>50,26.166666666666668,7.0,3.0,0.42857142857142855,131,35,2908.5114285714285,0.3,0.8571428571428571,0.2857142857142857,0.0,0.0,0,0,0.0,0.0,0,0,0.0,4694.45,3,0,0.0,20359.579999999998,7,3,0.42857142857142855,0
LGS2ORD0037293,C012263,2025-10-23 08:00:00,Female,33,Gold,Shopee,Chiang Mai,584,Web,Bank_Transfer,8,10,3,0,30-40,19.466666666666665,3.0,0.0,0.0,-1,251,4223.113333333334,0.13,0.3333333333333333,0.0,0.0,0.0,0,0,0.0,0.0,0,0,0.0,0.0,0,0,0.0,12669.34,3,0,0.0,0
LGS2ORD0037294,C016271,2025-10-23 08:00:00,Female,53,Silver,TV,Bangkok,1193,CallCenter,COD,8,10,3,0,>50,39.766666666666666,4.0,0.0,0.0,-1,71,5348.985000000001,0.3,0.25,0.25,0.0,0.0,0,0,0.0,0.0,0,0,0.0,8248.85,2,0,0.0,21395.940000000002,4,0,0.0,0
LGS2ORD0037295,C017431,2025-10-23 08:00:00,Female,42,Silver,TV,Khon Kaen,1389,CallCenter,Credit_Card,8,10,3,0,40-50,46.3,8.0,1.0,0.125,0,19,3702.2337500000003,0.3,0.375,0.25,0.0,0.0,0,0,0.0,7348.64,1,1,1.0,10901.880000000001,2,1,0.5,29617.870000000003,8,1,0.125,0
LGS2ORD0037296,C010055,2025-10-23 08:00:00,Female,55,Bronze,Lazada,Remote_Area,716,Web,COD,8,10,3,0,>50,23.866666666666667,8.0,1.0,0.125,80,20,5102.50375,0.28,0.375,0.125,0.0,0.0,0,0,0.0,23533.99,2,0,0.0,24805.41,3,0,0.0,40820.03,8,1,0.125,1
LGS2ORD0037297,C012677,2025-10-23 09:00:00,Female,20,Bronze,Shopee,Songkhla,1386,Lazada,COD,9,10,3,0,<20,46.2,6.0,0.0,0.0,-1,47,4179.625,0.18,0.6666666666666666,0.0,0.0,0.0,0,0,0.0,0.0,0,0,0.0,5435.58,1,0,0.0,25077.75,6,0,0.0,1
LGS2ORD0037298,C012974,2025-10-23 09:00:00,Female,56,Gold,Web,Songkhla,1042,Shopee,COD,9,10,3,0,>50,34.733333333333334,6.0,3.0,0.5,39,18,6044.425,0.33,0.3333333333333333,0.8333333333333334,0.0,0.0,0,0,0.0,17971.84,1,0,0.0,20669.83,3,1,0.3333333333333333,36266.55,6,3,0.5,0
LGS2ORD0037299,C015941,2025-10-23 09:00:00,Female,46,Bronze,Lazada,Songkhla,551,CallCenter,PromptPay,9,10,3,0,40-50,18.366666666666667,6.0,4.0,0.6666666666666666,114,38,14876.04,0.28,0.5,0.16666666666666666,0.0,0.0,0,0,0.0,0.0,0,0,0.0,6739.63,1,0,0.0,89256.24,6,4,0.6666666666666666,0
LGS2ORD0037300,C011814,2025-10-23 09:00:00,Female,44,Gold,Web,Chonburi,1277,TV_Show,COD,9,10,3,0,40-50,42.56666666666667,5.0,1.0,0.2,123,86,4500.892,0.33,0.8,0.8,0.0,0.0,0,0,0.0,0.0,0,0,0.0,7867.42,1,0,0.0,22504.46,5,1,0.2,0
LGS2ORD0037301,C013585,2025-10-23 09:00:00,Male,35,Bronze,TV,Bangkok,657,Web,COD,9,10,3,0,30-40,21.9,1.0,0.0,0.0,-1,92,4015.55,0.03,1.0,0.0,0.0,0.0,0,0,0.0,0.0,0,0,0.0,0.0,0,0,0.0,4015.55,1,0,0.0,1
LGS2ORD0037302,C010645,2025-10-23 10:00:00,Male,45,Bronze,TV,Chonburi,1589,TV_Show,Credit_Card,10,10,3,0,40-50,52.96666666666667,12.0,6.0,0.5,-2,8,7310.263333333332,0.28,0.4166666666666667,0.16666666666666666,0.0,0.0,0,0,0.0,21024.62,2,2,1.0,22647.93,4,3,0.75,87723.15999999999,12,6,0.5,0
LGS2ORD0037303,C011890,2025-10-23 10:00:00,Female,44,Bronze,TV,Khon Kaen,737,CallCenter,Credit_Card,10,10,3,0,40-50,24.566666666666666,4.0,1.0,0.25,67,41,1727.0575,0.28,0.25,0.75,0.0,0.0,0,0,0.0,0.0,0,0,0.0,4794.72,2,1,0.5,6908.23,4,1,0.25,0
LGS2ORD0037304,C016780,2025-10-23 10:00:00,Female,37,Platinum,Lazada,Khon Kaen,1542,Lazada,COD,10,10,3,0,30-40,51.4,2.0,0.0,0.0,-1,17,1537.5149999999999,0.35,1.0,0.5,0.0,0.0,0,0,0.0,1050.76,1,0,0.0,1050.76,1,0,0.0,3075.0299999999997,2,0,0.0,1
LGS2ORD0037305,C013986,2025-10-23 10:00:00,Male,52,Platinum,Web,Bangkok,970,TV_Show,COD,10,10,3,0,>50,32.333333333333336,2.0,0.0,0.0,-1,94,2655.665,0.2,0.0,0.0,0.0,0.0,0,0,0.0,0.0,0,0,0.0,0.0,0,0,0.0,5311.33,2,0,0.0,0
LGS2ORD0037306,C017398,2025-10-23 10:00:00,Male,18,Gold,TV,Chiang Mai,1409,Web,PromptPay,10,10,3,0,<20,46.96666666666667,7.0,1.0,0.14285714285714285,64,25,2560.735714285714,0.28,0.14285714285714285,0.14285714285714285,0.0,0.0,0,0,0.0,4082.43,1,0,0.0,7707.389999999999,3,1,0.3333333333333333,17925.149999999998,7,1,0.14285714285714285,0
LGS2ORD0037307,C013599,2025-10-23 11:00:00,Female,44,Bronze,TV,Bangkok,1253,Web,COD,11,10,3,0,40-50,41.766666666666666,5.0,1.0,0.2,228,161,4079.21,0.23,0.6,0.2,0.0,0.0,0,0,0.0,0.0,0,0,0.0,0.0,0,0,0.0,20396.05,5,1,0.2,0
LGS2ORD0037308,C014570,2025-10-23 11:00:00,Male,28,Bronze,Shopee,Bangkok,1340,TV_Show,Bank_Transfer,11,10,3,0,20-30,44.666666666666664,5.0,2.0,0.4,-5,4,10063.726,0.18,0.6,0.0,0.0,39011.62,1,1,1.0,39011.62,1,1,1.0,44646.69,2,1,0.5,50318.630000000005,5,2,0.4,0
LGS2ORD0037309,C015692,2025-10-23 11:00:00,Female,40,Bronze,TV,Bangkok,1209,Web,Credit_Card,11,10,3,0,30-40,40.3,7.0,1.0,0.14285714285714285,221,27,2568.5642857142857,0.28,0.2857142857142857,0.2857142857142857,0.0,0.0,0,0,0.0,2935.68,1,0,0.0,2935.68,1,0,0.0,17979.95,7,1,0.14285714285714285,0
LGS2ORD0037310,C017844,2025-10-23 11:00:00,Male,40,Silver,CallCenter,Chiang Mai,857,Web,PromptPay,11,10,3,0,30-40,28.566666666666666,3.0,0.0,0.0,-1,123,8492.993333333334,0.2,0.0,0.0,0.0,0.0,0,0,0.0,0.0,0,0,0.0,0.0,0,0,0.0,25478.980000000003,3,0,0.0,0
LGS2ORD0037311,C013482,2025-10-23 11:00:00,Female,51,Gold,Shopee,Chiang Mai,833,Web,COD,11,10,3,0,>50,27.766666666666666,8.0,2.0,0.25,132,35,9317.8825,0.28,0.375,0.25,0.0,0.0,0,0,0.0,0.0,0,0,0.0,39487.24,3,0,0.0,74543.06,8,2,0.25,1
LGS2ORD0037312,C010439,2025-10-23 11:00:00,Female,48,Bronze,TV,Bangkok,1278,Shopee,COD,11,10,3,0,40-50,42.6,14.0,3.0,0.21428571428571427,72,7,4460.283571428571,0.23,0.6428571428571429,0.07142857142857142,0.0,0.0,0,0,0.0,34090.99,3,0,0.0,41816.08,6,1,0.16666666666666666,62443.97,14,3,0.21428571428571427,0
LGS2ORD0037313,C017711,2025-10-23 12:00:00,Male,47,Bronze,Shopee,Remote_Area,948,TV_Show,COD,12,10,3,0,40-50,31.6,8.0,5.0,0.625,-3,4,3567.2037499999997,0.28,0.375,0.25,0.0,439.0,1,0,0.0,8521.48,2,1,0.5,15005.49,5,3,0.6,28537.629999999997,8,5,0.625,0
LGS2ORD0037314,C011749,2025-10-23 12:00:00,Female,47,Bronze,TV,Khon Kaen,379,Web,Credit_Card,12,10,3,0,40-50,12.633333333333333,10.0,3.0,0.3,89,38,6118.090999999999,0.28,0.6,0.3,0.0,0.0,0,0,0.0,0.0,0,0,0.0,11880.119999999999,3,0,0.0,61180.909999999996,10,3,0.3,0
LGS2ORD0037315,C016164,2025-10-23 12:00:00,Male,57,Silver,Web,Remote_Area,425,Web,COD,12,10,3,0,>50,14.166666666666666,5.0,4.0,0.8,141,149,3153.916,0.25,0.6,0.2,0.0,0.0,0,0,0.0,0.0,0,0,0.0,0.0,0,0,0.0,15769.580000000002,5,4,0.8,1
LGS2ORD0037316,C011328,2025-10-23 12:00:00,Female,35,Silver,Web,Phuket,1340,TV_Show,COD,12,10,3,0,30-40,44.666666666666664,2.0,2.0,1.0,150,157,3369.7749999999996,0.3,0.5,0.5,0.0,0.0,0,0,0.0,0.0,0,0,0.0,0.0,0,0,0.0,6739.549999999999,2,2,1.0,0
LGS2ORD0037317,C015351,2025-10-23 12:00:00,Male,49,Silver,Lazada,Bangkok,1261,Web,COD,12,10,3,0,40-50,42.03333333333333,6.0,1.0,0.16666666666666666,168,7,6444.7283333333335,0.2,0.8333333333333334,0.0,0.0,0.0,0,0,0.0,9320.34,1,0,0.0,21398.68,2,0,0.0,38668.37,6,1,0.16666666666666666,0
LGS2ORD0037318,C015406,2025-10-23 13:00:00,Male,29,Bronze,TV,Bangkok,311,CallCenter,Credit_Card,13,10,3,0,20-30,10.366666666666667,7.0,0.0,0.0,-1,95,3618.747142857143,0.18,0.42857142857142855,0.0,0.0,0.0,0,0,0.0,0.0,0,0,0.0,0.0,0,0,0.0,25331.23,7,0,0.0,0
LGS2ORD0037319,C013711,2025-10-23 13:00:00,Female,39,Bronze,TV,Remote_Area,1500,Web,COD,13,10,3,0,30-40,50.0,7.0,2.0,0.2857142857142857,19,19,8741.737142857142,0.28,0.42857142857142855,0.42857142857142855,0.0,0.0,0,0,0.0,46768.909999999996,2,1,0.5,58535.84,5,2,0.4,61192.159999999996,7,2,0.2857142857142857,0
LGS2ORD0037320,C012308,2025-10-23 13:00:00,Male,22,Bronze,TV,Songkhla,1253,CallCenter,COD,13,10,3,0,20-30,41.766666666666666,11.0,5.0,0.45454545454545453,9,18,4283.39909090909,0.28,0.5454545454545454,0.36363636363636365,0.0,0.0,0,0,0.0,335.06,1,1,1.0,6726.080000000001,3,2,0.6666666666666666,47117.38999999999,11,5,0.45454545454545453,0
LGS2ORD0037321,C016954,2025-10-23 13:00:00,Male,51,Bronze,Web,Chonburi,1069,Web,Bank_Transfer,13,10,3,0,>50,35.63333333333333,5.0,2.0,0.4,178,26,3311.286,0.23,0.6,0.2,0.0,0.0,0,0,0.0,1669.16,1,0,0.0,3140.5600000000004,2,0,0.0,16556.43,5,2,0.4,1
LGS2ORD0037322,C015313,2025-10-23 13:00:00,Female,29,Bronze,Shopee,Chonburi,333,Lazada,COD,13,10,3,0,20-30,11.1,6.0,1.0,0.16666666666666666,120,40,1949.6666666666667,0.23,0.5,0.3333333333333333,0.0,0.0,0,0,0.0,0.0,0,0,0.0,9951.8,4,0,0.0,11698.0,6,1,0.16666666666666666,0
LGS2ORD0037323,C011253,2025-10-23 14:00:00,Male,42,Platinum,Lazada,Chiang Mai,1065,TV_Show,Credit_Card,14,10,3,0,40-50,35.5,4.0,0.0,0.0,-1,85,5462.2975,0.15,0.5,0.0,0.0,0.0,0,0,0.0,0.0,0,0,0.0,684.88,1,0,0.0,21849.19,4,0,0.0,1
LGS2ORD0037324,C011785,2025-10-23 14:00:00,Male,23,Silver,Shopee,Songkhla,1709,Shopee,PromptPay,14,10,3,0,20-30,56.96666666666667,7.0,3.0,0.42857142857142855,102,7,3996.8514285714286,0.3,0.2857142857142857,0.2857142857142857,0.0,0.0,0,0,0.0,1148.96,1,0,0.0,5523.4800000000005,2,0,0.0,27977.96,7,3,0.42857142857142855,0
LGS2ORD0037325,C012346,2025-10-23 14:00:00,Male,24,Bronze,TV,Chiang Mai,1124,TV_Show,COD,14,10,3,0,20-30,37.46666666666667,6.0,3.0,0.5,66,75,5358.535,0.23,0.8333333333333334,0.16666666666666666,0.0,0.0,0,0,0.0,0.0,0,0,0.0,7806.469999999999,2,1,0.5,32151.21,6,3,0.5,0
LGS2ORD0037326,C010324,2025-10-23 14:00:00,Male,43,Bronze,TV,Chiang Mai,699,Shopee,COD,14,10,3,0,40-50,23.3,5.0,1.0,0.2,264,153,3533.078,0.18,0.4,0.0,0.0,0.0,0,0,0.0,0.0,0,0,0.0,0.0,0,0,0.0,17665.39,5,1,0.2,0
LGS2ORD0037327,C011032,2025-10-23 14:00:00,Female,35,Bronze,Shopee,Bangkok,400,Web,PromptPay,14,10,3,0,30-40,13.333333333333334,2.0,0.0,0.0,-1,78,3406.1899999999996,0.08,0.0,0.0,0.0,0.0,0,0,0.0,0.0,0,0,0.0,4623.7,1,0,0.0,6812.379999999999,2,0,0.0,0
LGS2ORD0037328,C016663,2025-10-23 15:00:00,Female,35,Silver,TV,Phuket,544,Shopee,Bank_Transfer,15,10,3,0,30-40,18.133333333333333,3.0,2.0,0.6666666666666666,115,121,10548.13,0.2,0.3333333333333333,0.0,0.0,0.0,0,0,0.0,0.0,0,0,0.0,0.0,0,0,0.0,31644.39,3,2,0.6666666666666666,0
LGS2ORD0037329,C011011,2025-10-23 15:00:00,Male,24,Bronze,Shopee,Phuket,1259,CallCenter,PromptPay,15,10,3,0,20-30,41.96666666666667,7.0,2.0,0.2857142857142857,102,48,5306.642857142857,0.23,0.2857142857142857,0.2857142857142857,0.0,0.0,0,0,0.0,0.0,0,0,0.0,15278.560000000001,2,0,0.0,37146.5,7,2,0.2857142857142857,0
LGS2ORD0037330,C010597,2025-10-23 15:00:00,Male,65,Bronze,Shopee,Bangkok,330,Web,COD,15,10,3,0,>50,11.0,12.0,2.0,0.16666666666666666,128,2,6702.490000000001,0.28,0.4166666666666667,0.5,0.08333333333333333,1802.21,1,0,0.0,7610.99,2,0,0.0,7610.99,2,0,0.0,80429.88,12,2,0.16666666666666666,1
LGS2ORD0037331,C013459,2025-10-23 15:00:00,Female,56,Bronze,TV,Remote_Area,1004,Shopee,Credit_Card,15,10,3,0,>50,33.46666666666667,1.0,1.0,1.0,179,183,2030.69,0.08,1.0,0.0,0.0,0.0,0,0,0.0,0.0,0,0,0.0,0.0,0,0,0.0,2030.69,1,1,1.0,0
LGS2ORD0037332,C015189,2025-10-23 15:00:00,Male,35,Bronze,TV,Remote_Area,644,TV_Show,Bank_Transfer,15,10,3,0,30-40,21.466666666666665,3.0,2.0,0.6666666666666666,19,27,3258.806666666667,0.28,0.3333333333333333,0.6666666666666666,0.0,0.0,0,0,0.0,1542.34,1,1,1.0,1542.34,1,1,1.0,9776.42,3,2,0.6666666666666666,0
LGS2ORD0037333,C011895,2025-10-23 15:00:00,Female,48,Bronze,Lazada,Remote_Area,1242,CallCenter,COD,15,10,3,0,40-50,41.4,2.0,1.0,0.5,65,59,4146.685,0.28,0.0,0.5,0.0,0.0,0,0,0.0,0.0,0,0,0.0,8293.37,2,1,0.5,8293.37,2,1,0.5,1
LGS2ORD0037334,C014033,2025-10-23 16:00:00,Female,69,Silver,TV,Nakhon Ratchasima,650,Web,COD,16,10,3,0,>50,21.666666666666668,8.0,1.0,0.125,104,1,9002.41875,0.25,0.625,0.625,0.0,30879.35,1,0,0.0,30879.35,1,0,0.0,46684.04,2,0,0.0,72019.35,8,1,0.125,0
LGS2ORD0037335,C016097,2025-10-23 16:00:00,Female,67,Silver,TV,Remote_Area,1299,TV_Show,COD,16,10,3,0,>50,43.3,6.0,0.0,0.0,-1,14,4175.393333333333,0.25,0.6666666666666666,0.16666666666666666,0.0,0.0,0,0,0.0,4438.02,1,0,0.0,13096.970000000001,2,0,0.0,25052.36,6,0,0.0,0
LGS2ORD0037336,C012329,2025-10-23 16:00:00,Male,37,Bronze,Shopee,Remote_Area,326,Lazada,COD,16,10,3,0,30-40,10.866666666666667,4.0,3.0,0.75,26,40,4444.5475,0.28,0.5,0.5,0.0,0.0,0,0,0.0,0.0,0,0,0.0,6513.42,1,1,1.0,17778.19,4,3,0.75,0
LGS2ORD0037337,C015627,2025-10-23 16:00:00,Female,35,Bronze,TV,Bangkok,929,CallCenter,Credit_Card,16,10,3,0,30-40,30.966666666666665,7.0,1.0,0.14285714285714285,113,54,4346.937142857142,0.23,0.8571428571428571,0.14285714285714285,0.0,0.0,0,0,0.0,0.0,0,0,0.0,4697.58,1,0,0.0,30428.559999999998,7,1,0.14285714285714285,0
LGS2ORD0037338,C016075,2025-10-23 16:00:00,Female,51,Bronze,Web,Bangkok,1210,TV_Show,Credit_Card,16,10,3,0,>50,40.333333333333336,2.0,0.0,0.0,-1,16,819.65,0.18,1.0,0.0,0.0,0.0,0,0,0.0,684.91,1,0,0.0,684.91,1,0,0.0,1639.3,2,0,0.0,0
LGS2ORD0037339,C012314,2025-10-23 17:00:00,Female,43,Bronze,TV,Chiang Mai,994,TV_Show,COD,17,10,3,0,40-50,33.13333333333333,5.0,1.0,0.2,-6,3,5338.8,0.23,0.6,0.4,0.0,12324.11,1,1,1.0,12324.11,1,1,1.0,20200.77,4,1,0.25,26694.0,5,1,0.2,0
LGS2ORD0037340,C011611,2025-10-23 17:00:00,Other,33,Bronze,TV,Bangkok,701,TV_Show,COD,17,10,3,0,30-40,23.366666666666667,3.0,1.0,0.3333333333333333,94,96,3303.096666666667,0.23,1.0,0.6666666666666666,0.0,0.0,0,0,0.0,0.0,0,0,0.0,0.0,0,0,0.0,9909.29,3,1,0.3333333333333333,0
LGS2ORD0037341,C011606,2025-10-23 17:00:00,Female,61,Bronze,TV,Bangkok,1595,Shopee,COD,17,10,3,0,>50,53.166666666666664,2.0,0.0,0.0,-1,141,1313.85,0.23,0.0,0.5,0.0,0.0,0,0,0.0,0.0,0,0,0.0,0.0,0,0,0.0,2627.7,2,0,0.0,0
LGS2ORD0037342,C015857,2025-10-23 17:00:00,Male,63,Silver,Web,Nakhon Ratchasima,766,Shopee,COD,17,10,3,0,>50,25.533333333333335,5.0,1.0,0.2,242,148,6328.430000000001,0.3,0.4,0.4,0.0,0.0,0,0,0.0,0.0,0,0,0.0,0.0,0,0,0.0,31642.150000000005,5,1,0.2,1
LGS2ORD0037343,C014224,2025-10-23 17:00:00,Female,49,Silver,Shopee,Phuket,781,TV_Show,COD,17,10,3,0,40-50,26.033333333333335,3.0,3.0,1.0,56,66,3913.006666666666,0.25,1.0,0.3333333333333333,0.0,0.0,0,0,0.0,0.0,0,0,0.0,424.83,1,1,1.0,11739.019999999999,3,3,1.0,1
LGS2ORD0037344,C013732,2025-10-23 18:00:00,Female,24,Silver,Lazada,Chiang Mai,1263,Shopee,COD,18,10,3,0,20-30,42.1,3.0,0.0,0.0,-1,25,15413.203333333333,0.25,0.3333333333333333,0.3333333333333333,0.0,0.0,0,0,0.0,2377.92,1,0,0.0,7254.08,2,0,0.0,46239.61,3,0,0.0,0
LGS2ORD0037345,C010117,2025-10-23 18:00:00,Female,24,Bronze,Shopee,Bangkok,1643,TV_Show,Bank_Transfer,18,10,3,0,20-30,54.766666666666666,6.0,1.0,0.16666666666666666,79,10,10781.416666666666,0.23,0.6666666666666666,0.16666666666666666,0.0,0.0,0,0,0.0,8949.77,1,0,0.0,56817.880000000005,4,1,0.25,64688.5,6,1,0.16666666666666666,0
LGS2ORD0037346,C013133,2025-10-23 18:00:00,Male,33,Bronze,Lazada,Chonburi,862,Shopee,COD,18,10,3,0,30-40,28.733333333333334,0.0,0.0,0.0,-1,-1,0.0,0.0,0.0,0.0,0.0,0.0,0,0,0.0,0.0,0,0,0.0,0.0,0,0,0.0,0.0,0,0,0.0,0
LGS2ORD0037347,C013655,2025-10-23 18:00:00,Female,23,Silver,TV,Khon Kaen,1622,CallCenter,COD,18,10,3,0,20-30,54.06666666666667,3.0,0.0,0.0,-1,16,5133.943333333334,0.15,0.3333333333333333,0.0,0.0,0.0,0,0,0.0,8534.65,1,0,0.0,14546.869999999999,2,0,0.0,15401.83,3,0,0.0,1
LGS2ORD0037348,C013170,2025-10-23 18:00:00,Other,30,Silver,Web,Chonburi,1522,Shopee,COD,18,10,3,0,20-30,50.733333333333334,2.0,1.0,0.5,125,135,17405.81,0.2,0.5,0.0,0.0,0.0,0,0,0.0,0.0,0,0,0.0,0.0,0,0,0.0,34811.62,2,1,0.5,0
LGS2ORD0037349,C017801,2025-10-23 19:00:00,Female,50,Bronze,Shopee,Phuket,644,CallCenter,PromptPay,19,10,3,0,40-50,21.466666666666665,10.0,4.0,0.4,59,68,7211.733,0.28,0.5,0.2,0.0,0.0,0,0,0.0,0.0,0,0,0.0,8189.3,1,1,1.0,72117.33,10,4,0.4,0
LGS2ORD0037350,C013386,2025-10-23 19:00:00,Male,49,Gold,TV,Chiang Mai,575,Lazada,Credit_Card,19,10,3,0,40-50,19.166666666666668,6.0,0.0,0.0,-1,86,7039.576666666667,0.33,0.5,0.3333333333333333,0.0,0.0,0,0,0.0,0.0,0,0,0.0,622.82,1,0,0.0,42237.46,6,0,0.0,0
LGS2ORD0037351,C016047,2025-10-23 19:00:00,Male,25,Bronze,Shopee,Nakhon Ratchasima,1160,Web,Bank_Transfer,19,10,3,0,20-30,38.666666666666664,4.0,2.0,0.5,145,149,1867.3700000000001,0.23,0.5,0.5,0.0,0.0,0,0,0.0,0.0,0,0,0.0,0.0,0,0,0.0,7469.4800000000005,4,2,0.5,1
LGS2ORD0037352,C014320,2025-10-23 19:00:00,Female,35,Gold,TV,Bangkok,1512,CallCenter,PromptPay,19,10,3,0,30-40,50.4,1.0,0.0,0.0,-1,25,4073.29,0.08,0.0,0.0,0.0,0.0,0,0,0.0,4073.29,1,0,0.0,4073.29,1,0,0.0,4073.29,1,0,0.0,0
LGS2ORD0037353,C016994,2025-10-23 19:00:00,Female,68,Bronze,TV,Phuket,1537,TV_Show,PromptPay,19,10,3,0,>50,51.233333333333334,2.0,1.0,0.5,49,52,2109.855,0.28,0.0,0.5,0.0,0.0,0,0,0.0,0.0,0,0,0.0,4219.71,2,1,0.5,4219.71,2,1,0.5,0
LGS2ORD0037354,C012247,2025-10-23 19:00:00,Male,66,Bronze,Lazada,Remote_Area,785,Shopee,Credit_Card,19,10,3,0,>50,26.166666666666668,2.0,0.0,0.0,-1,35,5672.549999999999,0.18,0.0,0.0,0.0,0.0,0,0,0.0,0.0,0,0,0.0,367.05,1,0,0.0,11345.099999999999,2,0,0.0,0
LGS2ORD0037355,C011293,2025-10-23 20:00:00,Female,47,Gold,Lazada,Bangkok,1625,TV_Show,COD,20,10,3,0,40-50,54.166666666666664,6.0,3.0,0.5,76,80,2963.58,0.28,0.3333333333333333,0.6666666666666666,0.0,0.0,0,0,0.0,0.0,0,0,0.0,8038.09,2,1,0.5,17781.48,6,3,0.5,0
LGS2ORD0037356,C010576,2025-10-23 20:00:00,Female,25,Bronze,TV,Remote_Area,634,Shopee,PromptPay,20,10,3,0,20-30,21.133333333333333,10.0,4.0,0.4,-3,8,3862.7549999999997,0.28,0.6,0.3,0.0,0.0,0,0,0.0,6598.71,2,1,0.5,10075.76,4,2,0.5,38627.549999999996,10,4,0.4,0
LGS2ORD0037357,C011981,2025-10-23 20:00:00,Male,59,Bronze,Web,Remote_Area,1329,Shopee,COD,20,10,3,0,>50,44.3,8.0,3.0,0.375,101,11,10263.7875,0.23,0.375,0.375,0.0,0.0,0,0,0.0,1244.56,1,0,0.0,29930.850000000002,2,0,0.0,82110.3,8,3,0.375,0
LGS2ORD0037358,C015033,2025-10-23 20:00:00,Male,39,Gold,TV,Bangkok,1137,Lazada,Credit_Card,20,10,3,0,30-40,37.9,3.0,0.0,0.0,-1,20,3673.4466666666667,0.28,0.3333333333333333,0.6666666666666666,0.0,0.0,0,0,0.0,4692.93,1,0,0.0,4692.93,1,0,0.0,11020.34,3,0,0.0,0
LGS2ORD0037359,C010550,2025-10-23 20:00:00,Female,41,Bronze,CallCenter,Bangkok,368,TV_Show,PromptPay,20,10,3,0,40-50,12.266666666666667,2.0,0.0,0.0,-1,52,6392.405000000001,0.18,1.0,0.0,0.0,0.0,0,0,0.0,0.0,0,0,0.0,5514.29,1,0,0.0,12784.810000000001,2,0,0.0,0
LGS2ORD0037360,C014624,2025-10-23 21:00:00,Male,39,Bronze,Shopee,Khon Kaen,1730,Web,PromptPay,21,10,3,0,30-40,57.666666666666664,5.0,1.0,0.2,227,25,6104.603999999998,0.28,0.6,0.4,0.0,0.0,0,0,0.0,835.94,1,0,0.0,1562.72,2,0,0.0,30523.019999999993,5,1,0.2,0
LGS2ORD0037361,C017565,2025-10-23 21:00:00,Male,59,Gold,Lazada,Phuket,547,TV_Show,COD,21,10,3,0,>50,18.233333333333334,9.0,4.0,0.4444444444444444,87,99,5612.318888888888,0.33,0.4444444444444444,0.5555555555555556,0.0,0.0,0,0,0.0,0.0,0,0,0.0,0.0,0,0,0.0,50510.869999999995,9,4,0.4444444444444444,0
LGS2ORD0037362,C017900,2025-10-23 21:00:00,Other,41,Bronze,Lazada,Remote_Area,711,CallCenter,COD,21,10,3,0,40-50,23.7,5.0,2.0,0.4,106,119,1953.8,0.18,0.6,0.0,0.0,0.0,0,0,0.0,0.0,0,0,0.0,0.0,0,0,0.0,9769.0,5,2,0.4,1
LGS2ORD0037363,C017858,2025-10-23 21:00:00,Male,30,Silver,TV,Remote_Area,487,TV_Show,COD,21,10,3,0,20-30,16.233333333333334,9.0,4.0,0.4444444444444444,0,12,6539.413333333334,0.2,0.6666666666666666,0.0,0.0,0.0,0,0,0.0,12532.49,2,2,1.0,31153.38,3,2,0.6666666666666666,58854.72,9,4,0.4444444444444444,0
LGS2ORD0037364,C010758,2025-10-23 21:00:00,Female,45,Gold,CallCenter,Bangkok,893,Shopee,PromptPay,21,10,3,0,40-50,29.766666666666666,4.0,0.0,0.0,-1,28,5532.077499999999,0.28,0.25,0.5,0.0,0.0,0,0,0.0,16915.89,1,0,0.0,16915.89,1,0,0.0,22128.309999999998,4,0,0.0,0
LGS2ORD0037365,C011532,2025-10-23 22:00:00,Male,56,Bronze,Web,Phuket,1462,Web,COD,22,10,3,0,>50,48.733333333333334,9.0,1.0,0.1111111111111111,-11,2,5403.721111111112,0.23,0.8888888888888888,0.1111111111111111,0.0,473.42,1,1,1.0,7481.04,2,1,0.5,13403.32,3,1,0.3333333333333333,48633.490000000005,9,1,0.1111111111111111,1
LGS2ORD0037366,C014151,2025-10-23 22:00:00,Female,53,Bronze,TV,Phuket,377,TV_Show,COD,22,10,3,0,>50,12.566666666666666,5.0,3.0,0.6,175,186,4189.036,0.28,1.0,0.2,0.0,0.0,0,0,0.0,0.0,0,0,0.0,0.0,0,0,0.0,20945.18,5,3,0.6,0
LGS2ORD0037367,C017891,2025-10-23 22:00:00,Male,40,Bronze,Shopee,Bangkok,471,CallCenter,COD,22,10,3,0,30-40,15.7,4.0,2.0,0.5,223,54,3214.66,0.28,0.5,0.5,0.0,0.0,0,0,0.0,0.0,0,0,0.0,10719.49,2,0,0.0,12858.64,4,2,0.5,0
LGS2ORD0037368,C017451,2025-10-23 22:00:00,Male,34,Bronze,TV,Songkhla,533,Web,COD,22,10,3,0,30-40,17.766666666666666,4.0,2.0,0.5,16,29,6673.9275,0.23,0.25,0.5,0.0,0.0,0,0,0.0,6997.07,1,1,1.0,6997.07,1,1,1.0,26695.71,4,2,0.5,1
LGS2ORD0037369,C010645,2025-10-23 22:00:00,Male,45,Bronze,TV,Chonburi,1589,CallCenter,COD,22,10,3,0,40-50,52.96666666666667,13.0,6.0,0.46153846153846156,-2,0,6775.243846153845,0.28,0.38461538461538464,0.15384615384615385,0.0,355.01,1,0,0.0,21379.629999999997,3,2,0.6666666666666666,23002.94,5,3,0.6,88078.16999999998,13,6,0.46153846153846156,0
LGS2ORD0037370,C016092,2025-10-23 22:00:00,Male,36,Bronze,Lazada,Chiang Mai,1035,Shopee,COD,22,10,3,0,30-40,34.5,2.0,0.0,0.0,-1,147,1044.5549999999998,0.18,0.0,0.0,0.0,0.0,0,0,0.0,0.0,0,0,0.0,0.0,0,0,0.0,2089.1099999999997,2,0,0.0,1
LGS2ORD0037371,C015454,2025-10-23 23:00:00,Female,30,Platinum,TV,Nakhon Ratchasima,1366,Web,PromptPay,23,10,3,0,20-30,45.53333333333333,7.0,2.0,0.2857142857142857,192,48,6055.457142857143,0.3,0.2857142857142857,0.2857142857142857,0.0,0.0,0,0,0.0,0.0,0,0,0.0,31280.53,2,0,0.0,42388.2,7,2,0.2857142857142857,0
LGS2ORD0037372,C012438,2025-10-23 23:00:00,Female,37,Silver,TV,Bangkok,548,Lazada,COD,23,10,3,0,30-40,18.266666666666666,4.0,0.0,0.0,-1,7,3368.7325,0.2,0.25,0.0,0.0,0.0,0,0,0.0,6957.85,1,0,0.0,6957.85,1,0,0.0,13474.93,4,0,0.0,0
LGS2ORD0037373,C014748,2025-10-23 23:00:00,Female,44,Silver,TV,Bangkok,1167,Web,COD,23,10,3,0,40-50,38.9,4.0,2.0,0.5,29,43,3505.8299999999995,0.3,0.5,0.5,0.0,0.0,0,0,0.0,0.0,0,0,0.0,1646.99,1,1,1.0,14023.319999999998,4,2,0.5,1
LGS2ORD0037374,C012476,2025-10-23 23:00:00,Female,46,Gold,Web,Bangkok,1114,Web,COD,23,10,3,0,40-50,37.13333333333333,5.0,1.0,0.2,283,74,2106.4260000000004,0.28,0.6,0.4,0.0,0.0,0,0,0.0,0.0,0,0,0.0,5170.160000000001,2,0,0.0,10532.130000000001,5,1,0.2,0
LGS2ORD0037375,C012299,2025-10-23 23:00:00,Female,46,Silver,TV,Nakhon Ratchasima,546,Lazada,COD,23,10,3,0,40-50,18.2,6.0,2.0,0.3333333333333333,65,4,5280.235,0.2,0.5,0.0,0.0,5744.16,1,0,0.0,8396.84,2,0,0.0,20836.4,4,1,0.25,31681.41,6,2,0.3333333333333333,1
LGS2ORD0037376,C013115,2025-10-24 00:00:00,Female,37,Gold,Shopee,Chonburi,1698,Lazada,COD,0,10,4,0,30-40,56.6,6.0,3.0,0.5,-9,2,7045.340000000001,0.28,0.3333333333333333,0.6666666666666666,0.0,1661.66,1,1,1.0,1661.66,1,1,1.0,21876.670000000002,3,2,0.6666666666666666,42272.04000000001,6,3,0.5,0
LGS2ORD0037377,C015719,2025-10-24 00:00:00,Female,65,Silver,TV,Songkhla,941,TV_Show,Bank_Transfer,0,10,4,0,>50,31.366666666666667,3.0,1.0,0.3333333333333333,3,15,2090.25,0.3,0.3333333333333333,0.6666666666666666,0.0,0.0,0,0,0.0,2299.77,2,1,0.5,2299.77,2,1,0.5,6270.75,3,1,0.3333333333333333,1
LGS2ORD0037378,C017790,2025-10-24 00:00:00,Male,40,Gold,Web,Songkhla,856,Web,COD,0,10,4,0,30-40,28.533333333333335,8.0,2.0,0.25,101,14,7861.06625,0.28,0.625,0.375,0.0,0.0,0,0,0.0,16155.51,2,0,0.0,18687.129999999997,3,0,0.0,62888.53,8,2,0.25,1
LGS2ORD0037379,C010135,2025-10-24 00:00:00,Male,56,Gold,Lazada,Bangkok,1158,Lazada,COD,0,10,4,0,>50,38.6,1.0,0.0,0.0,-1,295,1422.02,0.13,1.0,0.0,0.0,0.0,0,0,0.0,0.0,0,0,0.0,0.0,0,0,0.0,1422.02,1,0,0.0,0
LGS2ORD0037380,C015195,2025-10-24 00:00:00,Male,48,Gold,TV,Chonburi,570,Web,Credit_Card,0,10,4,0,40-50,19.0,4.0,0.0,0.0,-1,61,3694.1349999999998,0.33,0.25,0.25,0.0,0.0,0,0,0.0,0.0,0,0,0.0,1371.82,2,0,0.0,14776.539999999999,4,0,0.0,1
LGS2ORD0037381,C013109,2025-10-24 01:00:00,Male,46,Bronze,Shopee,Khon Kaen,1459,TV_Show,PromptPay,1,10,4,0,40-50,48.63333333333333,7.0,1.0,0.14285714285714285,80,61,7198.388571428572,0.28,0.8571428571428571,0.2857142857142857,0.0,0.0,0,0,0.0,0.0,0,0,0.0,14742.859999999999,3,0,0.0,50388.72,7,1,0.14285714285714285,0
LGS2ORD0037382,C015821,2025-10-24 01:00:00,Female,47,Silver,TV,Bangkok,539,CallCenter,Bank_Transfer,1,10,4,0,40-50,17.966666666666665,1.0,0.0,0.0,-1,133,597.11,0.1,0.0,0.0,0.0,0.0,0,0,0.0,0.0,0,0,0.0,0.0,0,0,0.0,597.11,1,0,0.0,0
LGS2ORD0037383,C012606,2025-10-24 01:00:00,Male,43,Bronze,TV,Bangkok,959,TV_Show,COD,1,10,4,0,40-50,31.966666666666665,7.0,2.0,0.2857142857142857,13,9,3221.73,0.28,0.42857142857142855,0.42857142857142855,0.0,0.0,0,0,0.0,2496.5699999999997,2,1,0.5,3076.6400000000003,3,1,0.3333333333333333,22552.11,7,2,0.2857142857142857,0
LGS2ORD0037384,C016114,2025-10-24 01:00:00,Female,53,Bronze,Web,Bangkok,623,TV_Show,PromptPay,1,10,4,0,>50,20.766666666666666,6.0,1.0,0.16666666666666666,197,80,4354.988333333334,0.23,0.16666666666666666,0.3333333333333333,0.0,0.0,0,0,0.0,0.0,0,0,0.0,3218.07,1,0,0.0,26129.93,6,1,0.16666666666666666,0
LGS2ORD0037385,C011596,2025-10-24 01:00:00,Female,44,Bronze,Web,Chonburi,1344,Shopee,COD,1,10,4,0,40-50,44.8,5.0,1.0,0.2,171,29,4747.056,0.23,0.4,0.2,0.0,0.0,0,0,0.0,2897.75,1,0,0.0,2897.75,1,0,0.0,23735.28,5,1,0.2,0
LGS2ORD0037386,C010555,2025-10-24 02:00:00,Male,55,Platinum,Shopee,Chiang Mai,1427,TV_Show,COD,2,10,4,0,>50,47.56666666666667,2.0,0.0,0.0,-1,85,3416.06,0.1,0.5,0.0,0.0,0.0,0,0,0.0,0.0,0,0,0.0,1775.46,1,0,0.0,6832.12,2,0,0.0,0
LGS2ORD0037387,C011726,2025-10-24 02:00:00,Male,32,Bronze,Shopee,Khon Kaen,479,Lazada,COD,2,10,4,0,30-40,15.966666666666667,8.0,2.0,0.25,9,12,5795.432500000001,0.28,0.875,0.125,0.0,0.0,0,0,0.0,28528.96,3,1,0.3333333333333333,39967.43,5,1,0.2,46363.46000000001,8,2,0.25,0
LGS2ORD0037388,C012361,2025-10-24 02:00:00,Male,37,Silver,TV,Remote_Area,1238,Shopee,Bank_Transfer,2,10,4,0,30-40,41.266666666666666,5.0,2.0,0.4,29,42,4732.916,0.25,0.6,0.2,0.0,0.0,0,0,0.0,0.0,0,0,0.0,4762.72,2,1,0.5,23664.58,5,2,0.4,0
LGS2ORD0037389,C011636,2025-10-24 02:00:00,Female,38,Gold,Lazada,Phuket,790,Web,COD,2,10,4,0,30-40,26.333333333333332,3.0,0.0,0.0,-1,34,7690.48,0.2299999999999999,0.6666666666666666,0.3333333333333333,0.0,0.0,0,0,0.0,0.0,0,0,0.0,15444.61,2,0,0.0,23071.44,3,0,0.0,0
LGS2ORD0037390,C012820,2025-10-24 02:00:00,Female,49,Silver,TV,Remote_Area,1740,Shopee,COD,2,10,4,0,40-50,58.0,7.0,3.0,0.42857142857142855,18,23,4295.995714285715,0.3,0.2857142857142857,0.14285714285714285,0.0,0.0,0,0,0.0,13976.54,3,1,0.3333333333333333,13976.54,3,1,0.3333333333333333,30071.97,7,3,0.42857142857142855,0
LGS2ORD0037391,C015647,2025-10-24 02:00:00,Other,46,Bronze,TV,Remote_Area,1047,Shopee,COD,2,10,4,0,40-50,34.9,8.0,4.0,0.5,39,53,5167.10875,0.28,0.5,0.375,0.0,0.0,0,0,0.0,0.0,0,0,0.0,2044.02,2,1,0.5,41336.87,8,4,0.5,0
LGS2ORD0037392,C015691,2025-10-24 03:00:00,Female,46,Gold,Shopee,Chonburi,673,Lazada,Credit_Card,3,10,4,0,40-50,22.433333333333334,3.0,2.0,0.6666666666666666,1,16,6364.476666666668,0.28,0.6666666666666666,0.6666666666666666,0.0,0.0,0,0,0.0,937.74,1,1,1.0,937.74,1,1,1.0,19093.430000000004,3,2,0.6666666666666666,0
LGS2ORD0037393,C014898,2025-10-24 03:00:00,Female,30,Bronze,TV,Bangkok,893,CallCenter,Credit_Card,3,10,4,0,20-30,29.766666666666666,5.0,3.0,0.6,27,38,4530.941999999999,0.28,0.6,0.4,0.0,0.0,0,0,0.0,0.0,0,0,0.0,468.51,1,1,1.0,22654.709999999995,5,3,0.6,0
LGS2ORD0037394,C012587,2025-10-24 03:00:00,Female,41,Silver,Lazada,Phuket,1293,CallCenter,Credit_Card,3,10,4,0,40-50,43.1,6.0,2.0,0.3333333333333333,134,42,6801.643333333333,0.25,0.5,0.5,0.0,0.0,0,0,0.0,0.0,0,0,0.0,3007.84,1,0,0.0,40809.86,6,2,0.3333333333333333,1
LGS2ORD0037395,C012035,2025-10-24 03:00:00,Male,37,Bronze,TV,Chonburi,322,TV_Show,COD,3,10,4,0,30-40,10.733333333333333,7.0,0.0,0.0,-1,22,7101.14,0.13,0.5714285714285714,0.0,0.0,0.0,0,0,0.0,2442.12,1,0,0.0,15237.880000000001,2,0,0.0,49707.98,7,0,0.0,0
LGS2ORD0037396,C015457,2025-10-24 03:00:00,Female,37,Bronze,TV,Khon Kaen,732,Lazada,COD,3,10,4,0,30-40,24.4,5.0,2.0,0.4,115,50,3504.686,0.28,0.8,0.4,0.0,0.0,0,0,0.0,0.0,0,0,0.0,3251.28,1,0,0.0,17523.43,5,2,0.4,0
LGS2ORD0037397,C014254,2025-10-24 04:00:00,Male,24,Bronze,Shopee,Chiang Mai,1352,CallCenter,Credit_Card,4,10,4,0,20-30,45.06666666666667,1.0,0.0,0.0,-1,244,1337.32,0.03,1.0,0.0,0.0,0.0,0,0,0.0,0.0,0,0,0.0,0.0,0,0,0.0,1337.32,1,0,0.0,0
LGS2ORD0037398,C017325,2025-10-24 04:00:00,Female,42,Silver,TV,Chonburi,1383,Web,Bank_Transfer,4,10,4,0,40-50,46.1,2.0,0.0,0.0,-1,83,2274.805,0.1,0.5,0.0,0.0,0.0,0,0,0.0,0.0,0,0,0.0,1806.24,1,0,0.0,4549.61,2,0,0.0,0
LGS2ORD0037399,C013417,2025-10-24 04:00:00,Female,45,Bronze,Web,Bangkok,1000,Lazada,PromptPay,4,10,4,0,40-50,33.333333333333336,2.0,0.0,0.0,-1,164,2205.045,0.18,0.0,0.0,0.0,0.0,0,0,0.0,0.0,0,0,0.0,0.0,0,0,0.0,4410.09,2,0,0.0,0
LGS2ORD0037400,C016991,2025-10-24 04:00:00,Male,42,Bronze,TV,Remote_Area,665,CallCenter,COD,4,10,4,0,40-50,22.166666666666668,4.0,1.0,0.25,206,31,9391.057499999999,0.23,0.75,0.25,0.0,0.0,0,0,0.0,0.0,0,0,0.0,6526.7,1,0,0.0,37564.229999999996,4,1,0.25,1
LGS2ORD0037401,C011953,2025-10-24 04:00:00,Male,40,Bronze,Lazada,Bangkok,1247,Lazada,Credit_Card,4,10,4,0,30-40,41.56666666666667,3.0,1.0,0.3333333333333333,219,185,2596.2766666666666,0.13,0.6666666666666666,0.0,0.0,0.0,0,0,0.0,0.0,0,0,0.0,0.0,0,0,0.0,7788.83,3,1,0.3333333333333333,0
LGS2ORD0037402,C013846,2025-10-24 05:00:00,Male,52,Gold,TV,Nakhon Ratchasima,1573,Shopee,COD,5,10,4,0,>50,52.43333333333333,5.0,1.0,0.2,253,18,8583.615999999998,0.33,0.4,0.6,0.0,0.0,0,0,0.0,9959.78,1,0,0.0,9959.78,1,0,0.0,42918.079999999994,5,1,0.2,0
LGS2ORD0037403,C013078,2025-10-24 05:00:00,Female,45,Gold,Lazada,Remote_Area,1098,TV_Show,Credit_Card,5,10,4,0,40-50,36.6,9.0,2.0,0.2222222222222222,82,49,6629.2522222222215,0.33,0.3333333333333333,0.6666666666666666,0.0,0.0,0,0,0.0,0.0,0,0,0.0,3148.97,1,0,0.0,59663.27,9,2,0.2222222222222222,1
LGS2ORD0037404,C010155,2025-10-24 05:00:00,Male,37,Bronze,Shopee,Bangkok,708,Shopee,Credit_Card,5,10,4,0,30-40,23.6,8.0,0.0,0.0,-1,98,3359.0825,0.28,0.5,0.25,0.0,0.0,0,0,0.0,0.0,0,0,0.0,0.0,0,0,0.0,26872.66,8,0,0.0,0
LGS2ORD0037405,C010879,2025-10-24 05:00:00,Male,44,Bronze,Web,Bangkok,1620,TV_Show,Credit_Card,5,10,4,0,40-50,54.0,9.0,1.0,0.1111111111111111,113,109,7208.13,0.28,0.2222222222222222,0.3333333333333333,0.0,0.0,0,0,0.0,0.0,0,0,0.0,0.0,0,0,0.0,64873.17,9,1,0.1111111111111111,0
LGS2ORD0037406,C017513,2025-10-24 05:00:00,Other,47,Silver,Web,Remote_Area,424,Web,COD,5,10,4,0,40-50,14.133333333333333,3.0,2.0,0.6666666666666666,26,42,1775.0866666666664,0.15,0.0,0.0,0.0,0.0,0,0,0.0,0.0,0,0,0.0,4104.29,2,2,1.0,5325.259999999999,3,2,0.6666666666666666,0
LGS2ORD0037407,C010589,2025-10-24 06:00:00,Male,40,Bronze,Web,Songkhla,1357,CallCenter,COD,6,10,4,0,30-40,45.233333333333334,8.0,3.0,0.375,0,1,2894.77125,0.28,0.875,0.5,0.0,2817.64,1,0,0.0,11376.49,4,1,0.25,14716.45,5,1,0.2,23158.17,8,3,0.375,1
LGS2ORD0037408,C010180,2025-10-24 06:00:00,Female,43,Gold,Lazada,Bangkok,1611,CallCenter,COD,6,10,4,0,40-50,53.7,6.0,3.0,0.5,30,17,4381.1033333333335,0.33,0.0,0.5,0.0,0.0,0,0,0.0,847.46,1,0,0.0,13998.45,4,2,0.5,26286.62,6,3,0.5,0
LGS2ORD0037409,C011612,2025-10-24 06:00:00,Male,56,Silver,Shopee,Chonburi,1441,TV_Show,COD,6,10,4,0,>50,48.03333333333333,5.0,2.0,0.4,32,35,2653.3559999999998,0.3,1.0,0.8,0.0,0.0,0,0,0.0,0.0,0,0,0.0,8266.84,3,2,0.6666666666666666,13266.779999999999,5,2,0.4,0
LGS2ORD0037410,C014772,2025-10-24 06:00:00,Female,34,Platinum,Shopee,Nakhon Ratchasima,1577,TV_Show,Bank_Transfer,6,10,4,0,30-40,52.56666666666667,5.0,1.0,0.2,33,26,3341.5,0.35,0.6,0.6,0.0,0.0,0,0,0.0,2982.04,1,0,0.0,10731.52,3,1,0.3333333333333333,16707.5,5,1,0.2,0
LGS2ORD0037411,C011369,2025-10-24 06:00:00,Female,38,Bronze,Shopee,Nakhon Ratchasima,1251,Lazada,PromptPay,6,10,4,0,30-40,41.7,2.0,1.0,0.5,265,1,2014.34,0.08,1.0,0.0,0.0,2320.74,1,0,0.0,2320.74,1,0,0.0,2320.74,1,0,0.0,4028.68,2,1,0.5,0
LGS2ORD0037412,C017714,2025-10-24 06:00:00,Female,32,Silver,TV,Songkhla,1385,Web,Bank_Transfer,6,10,4,0,30-40,46.166666666666664,1.0,0.0,0.0,-1,133,28961.85,0.25,0.0,1.0,0.0,0.0,0,0,0.0,0.0,0,0,0.0,0.0,0,0,0.0,28961.85,1,0,0.0,0
LGS2ORD0037413,C013484,2025-10-24 07:00:00,Female,39,Silver,TV,Bangkok,1067,Web,Credit_Card,7,10,4,0,30-40,35.56666666666667,7.0,3.0,0.42857142857142855,49,3,9723.17,0.25,0.2857142857142857,0.14285714285714285,0.0,7849.19,1,0,0.0,7849.19,1,0,0.0,18606.28,4,1,0.25,68062.19,7,3,0.42857142857142855,0
LGS2ORD0037414,C010685,2025-10-24 07:00:00,Female,33,Gold,Web,Chiang Mai,1449,Shopee,PromptPay,7,10,4,0,30-40,48.3,3.0,0.0,0.0,-1,93,3227.91,0.2299999999999999,0.3333333333333333,0.3333333333333333,0.0,0.0,0,0,0.0,0.0,0,0,0.0,0.0,0,0,0.0,9683.73,3,0,0.0,1
LGS2ORD0037415,C011766,2025-10-24 07:00:00,Female,32,Silver,TV,Remote_Area,1561,Lazada,COD,7,10,4,0,30-40,52.03333333333333,6.0,1.0,0.16666666666666666,133,28,5917.791666666667,0.3,0.3333333333333333,0.5,0.0,0.0,0,0,0.0,19477.89,1,0,0.0,21303.03,2,0,0.0,35506.75,6,1,0.16666666666666666,1
LGS2ORD0037416,C013655,2025-10-24 07:00:00,Female,23,Silver,TV,Khon Kaen,1623,TV_Show,PromptPay,7,10,4,0,20-30,54.1,4.0,1.0,0.25,-9,0,4821.26,0.3,0.5,0.25,0.0,3883.21,1,1,1.0,12417.86,2,1,0.5,18430.079999999998,3,1,0.3333333333333333,19285.04,4,1,0.25,1
LGS2ORD0037417,C015180,2025-10-24 07:00:00,Male,44,Platinum,Shopee,Remote_Area,1055,Lazada,Bank_Transfer,7,10,4,0,40-50,35.166666666666664,4.0,2.0,0.5,170,63,7055.077499999999,0.3,0.75,0.5,0.0,0.0,0,0,0.0,0.0,0,0,0.0,6872.68,1,0,0.0,28220.309999999998,4,2,0.5,1
LGS2ORD0037418,C014372,2025-10-24 08:00:00,Female,40,Silver,Web,Songkhla,568,TV_Show,COD,8,10,4,0,30-40,18.933333333333334,10.0,2.0,0.2,9,23,4922.421,0.3,0.7,0.2,0.0,0.0,0,0,0.0,4892.37,1,1,1.0,13167.77,3,2,0.6666666666666666,49224.21,10,2,0.2,0
LGS2ORD0037419,C010440,2025-10-24 08:00:00,Male,36,Gold,Shopee,Chiang Mai,889,Lazada,COD,8,10,4,0,30-40,29.633333333333333,9.0,1.0,0.1111111111111111,108,71,2948.977777777778,0.28,0.3333333333333333,0.4444444444444444,0.0,0.0,0,0,0.0,0.0,0,0,0.0,4264.04,1,0,0.0,26540.800000000003,9,1,0.1111111111111111,0
LGS2ORD0037420,C010960,2025-10-24 08:00:00,Female,51,Bronze,TV,Chonburi,607,Shopee,PromptPay,8,10,4,0,>50,20.233333333333334,5.0,0.0,0.0,-1,14,3163.5339999999997,0.18,0.6,0.0,0.0,0.0,0,0,0.0,3162.64,1,0,0.0,9150.93,2,0,0.0,15817.669999999998,5,0,0.0,0
LGS2ORD0037421,C010305,2025-10-24 08:00:00,Female,47,Gold,Web,Chonburi,409,CallCenter,COD,8,10,4,0,40-50,13.633333333333333,3.0,1.0,0.3333333333333333,144,124,8831.640000000001,0.28,0.3333333333333333,0.6666666666666666,0.0,0.0,0,0,0.0,0.0,0,0,0.0,0.0,0,0,0.0,26494.920000000006,3,1,0.3333333333333333,1
LGS2ORD0037422,C014613,2025-10-24 08:00:00,Female,35,Gold,CallCenter,Bangkok,1116,CallCenter,COD,8,10,4,0,30-40,37.2,7.0,3.0,0.42857142857142855,112,14,9104.247142857144,0.33,0.2857142857142857,0.42857142857142855,0.0,0.0,0,0,0.0,22052.379999999997,2,0,0.0,43448.72,3,0,0.0,63729.73000000001,7,3,0.42857142857142855,0
LGS2ORD0037423,C016292,2025-10-24 09:00:00,Male,35,Bronze,TV,Remote_Area,457,Web,COD,9,10,4,0,30-40,15.233333333333333,5.0,1.0,0.2,79,88,3970.1620000000003,0.23,0.2,0.2,0.0,0.0,0,0,0.0,0.0,0,0,0.0,1011.61,1,1,1.0,19850.81,5,1,0.2,0
LGS2ORD0037424,C010203,2025-10-24 09:00:00,Female,51,Bronze,Web,Remote_Area,910,Lazada,COD,9,10,4,0,>50,30.333333333333332,1.0,0.0,0.0,-1,265,6727.82,0.08,1.0,0.0,0.0,0.0,0,0,0.0,0.0,0,0,0.0,0.0,0,0,0.0,6727.82,1,0,0.0,1
LGS2ORD0037425,C015706,2025-10-24 09:00:00,Male,32,Silver,Web,Chonburi,580,Shopee,Credit_Card,9,10,4,0,30-40,19.333333333333332,6.0,1.0,0.16666666666666666,118,17,8937.501666666667,0.25,0.3333333333333333,0.16666666666666666,0.0,0.0,0,0,0.0,8049.07,1,0,0.0,30121.23,2,0,0.0,53625.01,6,1,0.16666666666666666,0
LGS2ORD0037426,C011994,2025-10-24 09:00:00,Male,47,Silver,TV,Chonburi,1104,TV_Show,COD,9,10,4,0,40-50,36.8,9.0,1.0,0.1111111111111111,188,42,3097.866666666667,0.3,0.7777777777777778,0.3333333333333333,0.0,0.0,0,0,0.0,0.0,0,0,0.0,1309.16,2,0,0.0,27880.8,9,1,0.1111111111111111,1
LGS2ORD0037427,C012015,2025-10-24 09:00:00,Male,57,Bronze,CallCenter,Phuket,1335,Lazada,COD,9,10,4,0,>50,44.5,9.0,3.0,0.3333333333333333,96,55,5035.181111111111,0.28,0.8888888888888888,0.3333333333333333,0.0,0.0,0,0,0.0,0.0,0,0,0.0,16747.54,3,0,0.0,45316.63,9,3,0.3333333333333333,0
LGS2ORD0037428,C014401,2025-10-24 10:00:00,Male,44,Platinum,Web,Khon Kaen,372,Shopee,COD,10,10,4,0,40-50,12.4,5.0,1.0,0.2,233,61,11700.496,0.3,0.4,0.8,0.0,0.0,0,0,0.0,0.0,0,0,0.0,6535.61,1,0,0.0,58502.479999999996,5,1,0.2,0
LGS2ORD0037429,C015032,2025-10-24 10:00:00,Female,63,Bronze,Shopee,Bangkok,1413,Shopee,COD,10,10,4,0,>50,47.1,2.0,0.0,0.0,-1,130,2790.6349999999998,0.13,0.5,0.0,0.0,0.0,0,0,0.0,0.0,0,0,0.0,0.0,0,0,0.0,5581.2699999999995,2,0,0.0,0
LGS2ORD0037430,C017902,2025-10-24 10:00:00,Female,43,Gold,TV,Bangkok,1019,CallCenter,COD,10,10,4,0,40-50,33.96666666666667,6.0,2.0,0.3333333333333333,54,49,3397.3133333333335,0.33,0.8333333333333334,0.8333333333333334,0.0,0.0,0,0,0.0,0.0,0,0,0.0,9081.029999999999,2,1,0.5,20383.88,6,2,0.3333333333333333,0
LGS2ORD0037431,C013486,2025-10-24 10:00:00,Male,61,Bronze,TV,Bangkok,625,Shopee,COD,10,10,4,0,>50,20.833333333333332,2.0,1.0,0.5,41,49,4636.29,0.18,1.0,0.0,0.0,0.0,0,0,0.0,0.0,0,0,0.0,6644.53,1,1,1.0,9272.58,2,1,0.5,0
LGS2ORD0037432,C015831,2025-10-24 10:00:00,Male,49,Bronze,Shopee,Bangkok,872,Web,COD,10,10,4,0,40-50,29.066666666666666,9.0,2.0,0.2222222222222222,32,35,8765.346666666666,0.18,0.6666666666666666,0.0,0.0,0.0,0,0,0.0,0.0,0,0,0.0,35275.52,3,1,0.3333333333333333,78888.12,9,2,0.2222222222222222,0
LGS2ORD0037433,C013031,2025-10-24 10:00:00,Female,40,Silver,TV,Phuket,1365,Shopee,COD,10,10,4,0,30-40,45.5,10.0,0.0,0.0,-1,38,3055.54,0.25,0.4,0.3,0.0,0.0,0,0,0.0,0.0,0,0,0.0,2193.78,1,0,0.0,30555.399999999998,10,0,0.0,0
LGS2ORD0037434,C012134,2025-10-24 11:00:00,Male,35,Gold,Shopee,Chonburi,957,Lazada,COD,11,10,4,0,30-40,31.9,4.0,2.0,0.5,216,93,6353.185,0.2299999999999999,0.5,0.25,0.0,0.0,0,0,0.0,0.0,0,0,0.0,0.0,0,0,0.0,25412.74,4,2,0.5,0
LGS2ORD0037435,C011008,2025-10-24 11:00:00,Male,39,Silver,Web,Phuket,629,CallCenter,Credit_Card,11,10,4,0,30-40,20.966666666666665,2.0,0.0,0.0,-1,13,6351.150000000001,0.25,1.0,0.5,0.0,0.0,0,0,0.0,2479.18,1,0,0.0,2479.18,1,0,0.0,12702.300000000001,2,0,0.0,1
LGS2ORD0037436,C013370,2025-10-24 11:00:00,Female,54,Silver,Shopee,Bangkok,1198,Shopee,COD,11,10,4,0,>50,39.93333333333333,7.0,1.0,0.14285714285714285,256,88,3508.35,0.25,0.7142857142857143,0.14285714285714285,0.0,0.0,0,0,0.0,0.0,0,0,0.0,3537.7,1,0,0.0,24558.45,7,1,0.14285714285714285,0
LGS2ORD0037437,C011296,2025-10-24 11:00:00,Male,40,Bronze,Lazada,Chonburi,1162,Lazada,COD,11,10,4,0,30-40,38.733333333333334,5.0,0.0,0.0,-1,40,2587.8380000000006,0.18,0.4,0.0,0.0,0.0,0,0,0.0,0.0,0,0,0.0,2854.43,1,0,0.0,12939.190000000002,5,0,0.0,1
LGS2ORD0037438,C012707,2025-10-24 11:00:00,Male,41,Gold,TV,Phuket,410,TV_Show,COD,11,10,4,0,40-50,13.666666666666666,8.0,5.0,0.625,83,45,5082.22125,0.33,0.75,0.75,0.0,0.0,0,0,0.0,0.0,0,0,0.0,21137.969999999998,3,1,0.3333333333333333,40657.77,8,5,0.625,1
LGS2ORD0037439,C010828,2025-10-24 12:00:00,Male,39,Bronze,Shopee,Remote_Area,1322,Shopee,COD,12,10,4,0,30-40,44.06666666666667,5.0,2.0,0.4,87,102,7826.4079999999985,0.28,0.2,0.4,0.0,0.0,0,0,0.0,0.0,0,0,0.0,0.0,0,0,0.0,39132.03999999999,5,2,0.4,0
LGS2ORD0037440,C011562,2025-10-24 12:00:00,Female,47,Gold,TV,Bangkok,1605,TV_Show,PromptPay,12,10,4,0,40-50,53.5,5.0,1.0,0.2,155,44,3521.454,0.33,0.8,0.4,0.0,0.0,0,0,0.0,0.0,0,0,0.0,3979.71,1,0,0.0,17607.27,5,1,0.2,0
LGS2ORD0037441,C015526,2025-10-24 12:00:00,Female,54,Bronze,Lazada,Chonburi,601,Lazada,Credit_Card,12,10,4,0,>50,20.033333333333335,6.0,0.0,0.0,-1,45,4341.665,0.23,0.5,0.5,0.0,0.0,0,0,0.0,0.0,0,0,0.0,11890.2,2,0,0.0,26049.99,6,0,0.0,0
LGS2ORD0037442,C010242,2025-10-24 12:00:00,Female,72,Bronze,TV,Chonburi,602,Lazada,COD,12,10,4,0,>50,20.066666666666666,7.0,1.0,0.14285714285714285,0,5,3037.6271428571426,0.28,0.5714285714285714,0.2857142857142857,0.0,4559.29,1,1,1.0,4559.29,1,1,1.0,7019.98,2,1,0.5,21263.39,7,1,0.14285714285714285,1
LGS2ORD0037443,C010566,2025-10-24 12:00:00,Male,32,Bronze,TV,Chiang Mai,545,Shopee,Credit_Card,12,10,4,0,30-40,18.166666666666668,3.0,1.0,0.3333333333333333,81,37,11464.803333333331,0.18,0.6666666666666666,0.0,0.0,0.0,0,0,0.0,0.0,0,0,0.0,27195.879999999997,2,1,0.5,34394.409999999996,3,1,0.3333333333333333,0
LGS2ORD0037444,C013304,2025-10-24 13:00:00,Female,45,Bronze,Lazada,Chonburi,568,Web,COD,13,10,4,0,40-50,18.933333333333334,4.0,0.0,0.0,-1,62,5677.3675,0.23,0.5,0.25,0.0,0.0,0,0,0.0,0.0,0,0,0.0,8511.28,2,0,0.0,22709.47,4,0,0.0,0
LGS2ORD0037445,C015848,2025-10-24 13:00:00,Female,23,Bronze,Shopee,Chiang Mai,381,CallCenter,Bank_Transfer,13,10,4,0,20-30,12.7,4.0,0.0,0.0,-1,38,17041.3875,0.18,0.75,0.0,0.0,0.0,0,0,0.0,0.0,0,0,0.0,14595.66,1,0,0.0,68165.55,4,0,0.0,0
LGS2ORD0037446,C010977,2025-10-24 13:00:00,Female,43,Silver,TV,Phuket,807,CallCenter,PromptPay,13,10,4,0,40-50,26.9,8.0,3.0,0.375,189,53,2553.6349999999998,0.3,0.625,0.125,0.0,0.0,0,0,0.0,0.0,0,0,0.0,3306.6499999999996,2,0,0.0,20429.079999999998,8,3,0.375,0
LGS2ORD0037447,C015203,2025-10-24 13:00:00,Female,44,Gold,TV,Bangkok,805,TV_Show,Credit_Card,13,10,4,0,40-50,26.833333333333332,7.0,2.0,0.2857142857142857,112,121,2544.805714285714,0.28,0.5714285714285714,0.42857142857142855,0.0,0.0,0,0,0.0,0.0,0,0,0.0,0.0,0,0,0.0,17813.64,7,2,0.2857142857142857,0
LGS2ORD0037448,C014002,2025-10-24 13:00:00,Male,36,Bronze,TV,Bangkok,711,Web,COD,13,10,4,0,30-40,23.7,6.0,3.0,0.5,75,63,2967.58,0.23,0.8333333333333334,0.3333333333333333,0.0,0.0,0,0,0.0,0.0,0,0,0.0,10377.48,2,1,0.5,17805.48,6,3,0.5,0
LGS2ORD0037449,C010033,2025-10-24 14:00:00,Female,50,Silver,Shopee,Khon Kaen,1497,Lazada,Bank_Transfer,14,10,4,0,40-50,49.9,6.0,1.0,0.16666666666666666,63,10,3878.336666666666,0.2,0.5,0.0,0.0,0.0,0,0,0.0,1880.96,1,0,0.0,11127.71,3,1,0.3333333333333333,23270.019999999997,6,1,0.16666666666666666,0
LGS2ORD0037450,C011306,2025-10-24 14:00:00,Female,40,Silver,CallCenter,Bangkok,675,Shopee,PromptPay,14,10,4,0,30-40,22.5,3.0,1.0,0.3333333333333333,61,70,6433.049999999999,0.25,0.6666666666666666,0.3333333333333333,0.0,0.0,0,0,0.0,0.0,0,0,0.0,732.85,1,1,1.0,19299.149999999998,3,1,0.3333333333333333,1
LGS2ORD0037451,C014052,2025-10-24 14:00:00,Male,38,Bronze,Web,Nakhon Ratchasima,970,Web,PromptPay,14,10,4,0,30-40,32.333333333333336,6.0,3.0,0.5,81,18,4824.406666666667,0.28,0.6666666666666666,0.16666666666666666,0.0,0.0,0,0,0.0,385.68,1,0,0.0,385.68,1,0,0.0,28946.440000000002,6,3,0.5,0
LGS2ORD0037452,C017507,2025-10-24 14:00:00,Male,26,Silver,Web,Phuket,1095,TV_Show,PromptPay,14,10,4,0,20-30,36.5,6.0,1.0,0.16666666666666666,150,2,3630.513333333334,0.25,0.3333333333333333,0.3333333333333333,0.0,567.43,1,0,0.0,567.43,1,0,0.0,567.43,1,0,0.0,21783.08,6,1,0.16666666666666666,0
LGS2ORD0037453,C011887,2025-10-24 14:00:00,Female,56,Gold,CallCenter,Bangkok,1432,Web,COD,14,10,4,0,>50,47.733333333333334,7.0,2.0,0.2857142857142857,73,50,7358.952857142857,0.33,0.42857142857142855,0.5714285714285714,0.0,0.0,0,0,0.0,0.0,0,0,0.0,2422.6,2,1,0.5,51512.67,7,2,0.2857142857142857,1
LGS2ORD0037454,C014702,2025-10-24 14:00:00,Male,41,Bronze,Shopee,Bangkok,842,Shopee,COD,14,10,4,0,40-50,28.066666666666666,4.0,1.0,0.25,28,32,8049.0825,0.23,0.25,0.25,0.0,0.0,0,0,0.0,0.0,0,0,0.0,1344.66,1,1,1.0,32196.33,4,1,0.25,0
LGS2ORD0037455,C013163,2025-10-24 15:00:00,Female,48,Bronze,Shopee,Chiang Mai,602,Lazada,Credit_Card,15,10,4,0,40-50,20.066666666666666,7.0,1.0,0.14285714285714285,244,24,5764.3099999999995,0.28,0.5714285714285714,0.5714285714285714,0.0,0.0,0,0,0.0,2988.1200000000003,2,0,0.0,15954.79,4,0,0.0,40350.17,7,1,0.14285714285714285,1
LGS2ORD0037456,C014268,2025-10-24 15:00:00,Male,47,Gold,Shopee,Bangkok,1726,Web,COD,15,10,4,0,40-50,57.53333333333333,4.0,2.0,0.5,221,197,6959.7675,0.33,0.75,0.75,0.0,0.0,0,0,0.0,0.0,0,0,0.0,0.0,0,0,0.0,27839.07,4,2,0.5,1
LGS2ORD0037457,C016636,2025-10-24 15:00:00,Female,41,Bronze,Web,Songkhla,1277,Lazada,COD,15,10,4,0,40-50,42.56666666666667,2.0,0.0,0.0,-1,197,31385.46,0.18,0.5,0.0,0.0,0.0,0,0,0.0,0.0,0,0,0.0,0.0,0,0,0.0,62770.92,2,0,0.0,1
LGS2ORD0037458,C017838,2025-10-24 15:00:00,Female,52,Bronze,Shopee,Chiang Mai,376,TV_Show,COD,15,10,4,0,>50,12.533333333333333,3.0,0.0,0.0,-1,9,4949.983333333334,0.28,0.6666666666666666,0.3333333333333333,0.0,0.0,0,0,0.0,3644.38,1,0,0.0,5397.2,2,0,0.0,14849.95,3,0,0.0,1
LGS2ORD0037459,C016478,2025-10-24 15:00:00,Female,18,Gold,Lazada,Khon Kaen,1621,Web,PromptPay,15,10,4,0,<20,54.03333333333333,4.0,1.0,0.25,116,129,16029.3825,0.28,0.25,0.5,0.0,0.0,0,0,0.0,0.0,0,0,0.0,0.0,0,0,0.0,64117.53,4,1,0.25,0
LGS2ORD0037460,C010547,2025-10-24 16:00:00,Male,30,Silver,Lazada,Bangkok,499,CallCenter,COD,16,10,4,0,20-30,16.633333333333333,5.0,1.0,0.2,37,43,2348.4179999999997,0.25,0.6,0.2,0.0,0.0,0,0,0.0,0.0,0,0,0.0,2332.29,2,1,0.5,11742.089999999998,5,1,0.2,1
LGS2ORD0037461,C014342,2025-10-24 16:00:00,Female,40,Bronze,Shopee,Bangkok,1547,Web,Credit_Card,16,10,4,0,30-40,51.56666666666667,6.0,0.0,0.0,-1,45,2053.7433333333333,0.23,0.16666666666666666,0.3333333333333333,0.0,0.0,0,0,0.0,0.0,0,0,0.0,2574.84,2,0,0.0,12322.46,6,0,0.0,0
LGS2ORD0037462,C015071,2025-10-24 16:00:00,Female,59,Bronze,Shopee,Chonburi,1645,Lazada,PromptPay,16,10,4,0,>50,54.833333333333336,6.0,2.0,0.3333333333333333,53,65,2421.318333333333,0.23,0.6666666666666666,0.3333333333333333,0.0,0.0,0,0,0.0,0.0,0,0,0.0,7460.56,2,1,0.5,14527.91,6,2,0.3333333333333333,0
LGS2ORD0037463,C013683,2025-10-24 16:00:00,Female,36,Platinum,Web,Nakhon Ratchasima,1381,Shopee,PromptPay,16,10,4,0,30-40,46.03333333333333,2.0,0.0,0.0,-1,84,3966.47,0.25,0.0,1.0,0.0,0.0,0,0,0.0,0.0,0,0,0.0,5366.24,1,0,0.0,7932.94,2,0,0.0,0
LGS2ORD0037464,C010456,2025-10-24 16:00:00,Female,33,Bronze,Lazada,Bangkok,1552,TV_Show,COD,16,10,4,0,30-40,51.733333333333334,6.0,3.0,0.5,20,31,5403.211666666667,0.28,0.5,0.3333333333333333,0.0,0.0,0,0,0.0,0.0,0,0,0.0,2772.76,1,1,1.0,32419.270000000004,6,3,0.5,0
LGS2ORD0037465,C014734,2025-10-24 17:00:00,Female,72,Silver,Web,Bangkok,798,Lazada,Bank_Transfer,17,10,4,0,>50,26.6,7.0,1.0,0.14285714285714285,269,117,4228.15,0.25,0.14285714285714285,0.2857142857142857,0.14285714285714285,0.0,0,0,0.0,0.0,0,0,0.0,0.0,0,0,0.0,29597.05,7,1,0.14285714285714285,0
LGS2ORD0037466,C015229,2025-10-24 17:00:00,Female,28,Bronze,Shopee,Bangkok,1613,Lazada,COD,17,10,4,0,20-30,53.766666666666666,13.0,3.0,0.23076923076923078,63,12,5458.840000000001,0.28,0.6923076923076923,0.15384615384615385,0.0,0.0,0,0,0.0,17516.49,2,0,0.0,38951.58,6,2,0.3333333333333333,70964.92000000001,13,3,0.23076923076923078,0
LGS2ORD0037467,C017520,2025-10-24 17:00:00,Male,48,Bronze,Web,Chiang Mai,1197,TV_Show,PromptPay,17,10,4,0,40-50,39.9,4.0,1.0,0.25,291,152,8646.075,0.18,0.75,0.0,0.0,0.0,0,0,0.0,0.0,0,0,0.0,0.0,0,0,0.0,34584.3,4,1,0.25,1
LGS2ORD0037468,C011897,2025-10-24 17:00:00,Male,60,Platinum,Lazada,Khon Kaen,577,Lazada,Bank_Transfer,17,10,4,0,>50,19.233333333333334,5.0,1.0,0.2,166,155,1944.15,0.2,0.6,0.0,0.0,0.0,0,0,0.0,0.0,0,0,0.0,0.0,0,0,0.0,9720.75,5,1,0.2,0
LGS2ORD0037469,C016554,2025-10-24 17:00:00,Female,39,Bronze,TV,Chiang Mai,1052,Shopee,COD,17,10,4,0,30-40,35.06666666666667,9.0,2.0,0.2222222222222222,0,8,10558.804444444444,0.28,0.7777777777777778,0.2222222222222222,0.0,0.0,0,0,0.0,11360.27,2,1,0.5,11360.27,2,1,0.5,95029.23999999999,9,2,0.2222222222222222,1
LGS2ORD0037470,C016015,2025-10-24 18:00:00,Female,35,Platinum,TV,Chonburi,622,Web,COD,18,10,4,0,30-40,20.733333333333334,6.0,0.0,0.0,-1,114,5501.463333333333,0.25,0.3333333333333333,0.3333333333333333,0.0,0.0,0,0,0.0,0.0,0,0,0.0,0.0,0,0,0.0,33008.78,6,0,0.0,1
LGS2ORD0037471,C010388,2025-10-24 18:00:00,Female,38,Bronze,CallCenter,Chonburi,1631,Lazada,COD,18,10,4,0,30-40,54.36666666666667,4.0,0.0,0.0,-1,72,5472.722500000001,0.23,0.5,0.25,0.0,0.0,0,0,0.0,0.0,0,0,0.0,19007.100000000002,2,0,0.0,21890.890000000003,4,0,0.0,1
LGS2ORD0037472,C014728,2025-10-24 18:00:00,Male,34,Bronze,TV,Remote_Area,520,TV_Show,PromptPay,18,10,4,0,30-40,17.333333333333332,11.0,3.0,0.2727272727272727,71,75,7632.18181818182,0.18,0.45454545454545453,0.0,0.0,0.0,0,0,0.0,0.0,0,0,0.0,9552.18,2,1,0.5,83954.00000000001,11,3,0.2727272727272727,0
LGS2ORD0037473,C016041,2025-10-24 18:00:00,Male,38,Platinum,Shopee,Bangkok,656,Web,COD,18,10,4,0,30-40,21.866666666666667,5.0,1.0,0.2,206,62,3807.8659999999995,0.25,0.0,0.4,0.0,0.0,0,0,0.0,0.0,0,0,0.0,1256.23,1,0,0.0,19039.329999999998,5,1,0.2,0
LGS2ORD0037474,C015319,2025-10-24 18:00:00,Female,41,Bronze,Lazada,Khon Kaen,1747,Lazada,COD,18,10,4,0,40-50,58.233333333333334,3.0,1.0,0.3333333333333333,213,37,6357.766666666666,0.23,1.0,0.3333333333333333,0.0,0.0,0,0,0.0,0.0,0,0,0.0,10006.05,1,0,0.0,19073.3,3,1,0.3333333333333333,0
LGS2ORD0037475,C017282,2025-10-24 18:00:00,Other,24,Silver,TV,Khon Kaen,471,TV_Show,Credit_Card,18,10,4,0,20-30,15.7,3.0,1.0,0.3333333333333333,206,130,11130.433333333332,0.3,0.3333333333333333,0.3333333333333333,0.0,0.0,0,0,0.0,0.0,0,0,0.0,0.0,0,0,0.0,33391.299999999996,3,1,0.3333333333333333,0
LGS2ORD0037476,C012409,2025-10-24 19:00:00,Female,47,Silver,TV,Bangkok,503,Lazada,Bank_Transfer,19,10,4,0,40-50,16.766666666666666,4.0,0.0,0.0,-1,195,9551.9875,0.25,0.5,0.5,0.0,0.0,0,0,0.0,0.0,0,0,0.0,0.0,0,0,0.0,38207.95,4,0,0.0,0
LGS2ORD0037477,C012666,2025-10-24 19:00:00,Female,44,Bronze,TV,Chonburi,1463,Web,Credit_Card,19,10,4,0,40-50,48.766666666666666,2.0,0.0,0.0,-1,184,10128.904999999999,0.13,0.5,0.0,0.0,0.0,0,0,0.0,0.0,0,0,0.0,0.0,0,0,0.0,20257.809999999998,2,0,0.0,0
LGS2ORD0037478,C012362,2025-10-24 19:00:00,Male,66,Silver,CallCenter,Remote_Area,962,Shopee,COD,19,10,4,0,>50,32.06666666666667,5.0,2.0,0.4,170,43,3130.3199999999997,0.2,0.8,0.0,0.0,0.0,0,0,0.0,0.0,0,0,0.0,1204.73,1,0,0.0,15651.599999999999,5,2,0.4,1
LGS2ORD0037479,C011174,2025-10-24 19:00:00,Male,26,Gold,Lazada,Songkhla,1284,CallCenter,Credit_Card,19,10,4,0,20-30,42.8,5.0,2.0,0.4,3,15,4292.571999999999,0.28,0.4,0.2,0.0,0.0,0,0,0.0,14654.12,2,1,0.5,18119.09,3,2,0.6666666666666666,21462.859999999997,5,2,0.4,0
LGS2ORD0037480,C010756,2025-10-24 19:00:00,Male,54,Bronze,TV,Phuket,1723,Web,COD,19,10,4,0,>50,57.43333333333333,6.0,0.0,0.0,-1,92,8537.163333333334,0.28,0.6666666666666666,0.3333333333333333,0.0,0.0,0,0,0.0,0.0,0,0,0.0,0.0,0,0,0.0,51222.98,6,0,0.0,1
LGS2ORD0037481,C014107,2025-10-24 20:00:00,Male,42,Platinum,TV,Chiang Mai,701,Web,COD,20,10,4,0,40-50,23.366666666666667,6.0,2.0,0.3333333333333333,146,85,5402.481666666667,0.35,0.3333333333333333,0.8333333333333334,0.0,0.0,0,0,0.0,0.0,0,0,0.0,2390.93,2,0,0.0,32414.89,6,2,0.3333333333333333,0
LGS2ORD0037482,C011659,2025-10-24 20:00:00,Male,45,Gold,TV,Chonburi,1384,Web,COD,20,10,4,0,40-50,46.13333333333333,6.0,2.0,0.3333333333333333,36,37,4270.068333333334,0.33,0.6666666666666666,0.5,0.0,0.0,0,0,0.0,0.0,0,0,0.0,3163.7799999999997,2,1,0.5,25620.41,6,2,0.3333333333333333,0
LGS2ORD0037483,C011320,2025-10-24 20:00:00,Male,47,Silver,Shopee,Chonburi,1065,Web,PromptPay,20,10,4,0,40-50,35.5,7.0,1.0,0.14285714285714285,119,32,3097.8314285714287,0.3,0.8571428571428571,0.2857142857142857,0.0,0.0,0,0,0.0,0.0,0,0,0.0,7014.24,2,0,0.0,21684.82,7,1,0.14285714285714285,0
LGS2ORD0037484,C012952,2025-10-24 20:00:00,Male,46,Silver,Lazada,Khon Kaen,370,CallCenter,COD,20,10,4,0,40-50,12.333333333333334,1.0,0.0,0.0,-1,275,736.35,0.05,0.0,0.0,0.0,0.0,0,0,0.0,0.0,0,0,0.0,0.0,0,0,0.0,736.35,1,0,0.0,0
LGS2ORD0037485,C014528,2025-10-24 20:00:00,Male,35,Bronze,Web,Bangkok,739,CallCenter,Bank_Transfer,20,10,4,0,30-40,24.633333333333333,1.0,0.0,0.0,-1,225,3216.07,0.03,1.0,0.0,0.0,0.0,0,0,0.0,0.0,0,0,0.0,0.0,0,0,0.0,3216.07,1,0,0.0,0
LGS2ORD0037486,C012665,2025-10-24 21:00:00,Male,23,Silver,TV,Chiang Mai,1060,Lazada,Bank_Transfer,21,10,4,0,20-30,35.333333333333336,1.0,0.0,0.0,-1,256,1909.67,0.05,0.0,0.0,0.0,0.0,0,0,0.0,0.0,0,0,0.0,0.0,0,0,0.0,1909.67,1,0,0.0,0
LGS2ORD0037487,C010325,2025-10-24 21:00:00,Female,33,Bronze,CallCenter,Khon Kaen,1742,Lazada,COD,21,10,4,0,30-40,58.06666666666667,4.0,0.0,0.0,-1,180,3812.4575,0.28,0.5,0.5,0.0,0.0,0,0,0.0,0.0,0,0,0.0,0.0,0,0,0.0,15249.83,4,0,0.0,0
LGS2ORD0037488,C015045,2025-10-24 21:00:00,Male,39,Bronze,Shopee,Phuket,838,TV_Show,PromptPay,21,10,4,0,30-40,27.933333333333334,7.0,5.0,0.7142857142857143,78,77,4548.86,0.23,0.7142857142857143,0.14285714285714285,0.0,0.0,0,0,0.0,0.0,0,0,0.0,12045.56,2,1,0.5,31842.02,7,5,0.7142857142857143,0
LGS2ORD0037489,C017971,2025-10-24 21:00:00,Male,38,Silver,Web,Songkhla,514,Shopee,PromptPay,21,10,4,0,30-40,17.133333333333333,0.0,0.0,0.0,-1,-1,0.0,0.0,0.0,0.0,0.0,0.0,0,0,0.0,0.0,0,0,0.0,0.0,0,0,0.0,0.0,0,0,0.0,1
LGS2ORD0037490,C011165,2025-10-24 21:00:00,Female,58,Silver,Web,Remote_Area,984,Lazada,Bank_Transfer,21,10,4,0,>50,32.8,9.0,1.0,0.1111111111111111,239,15,5857.463333333333,0.25,0.6666666666666666,0.1111111111111111,0.0,0.0,0,0,0.0,820.96,1,0,0.0,18664.059999999998,2,0,0.0,52717.17,9,1,0.1111111111111111,0
LGS2ORD0037491,C014165,2025-10-24 21:00:00,Other,47,Silver,TV,Khon Kaen,1088,Web,COD,21,10,4,0,40-50,36.266666666666666,5.0,0.0,0.0,-1,73,4321.972,0.3,0.6,0.2,0.0,0.0,0,0,0.0,0.0,0,0,0.0,3368.27,1,0,0.0,21609.86,5,0,0.0,1
LGS2ORD0037492,C012883,2025-10-24 22:00:00,Female,41,Gold,TV,Khon Kaen,851,Shopee,Credit_Card,22,10,4,0,40-50,28.366666666666667,4.0,0.0,0.0,-1,34,3568.2825,0.33,0.75,0.5,0.0,0.0,0,0,0.0,0.0,0,0,0.0,4458.01,1,0,0.0,14273.13,4,0,0.0,0
LGS2ORD0037493,C011849,2025-10-24 22:00:00,Female,36,Gold,CallCenter,Songkhla,1462,Web,COD,22,10,4,0,30-40,48.733333333333334,5.0,2.0,0.4,1,14,2082.2819999999997,0.28,0.4,0.4,0.0,0.0,0,0,0.0,624.15,1,1,1.0,920.45,2,1,0.5,10411.409999999998,5,2,0.4,0
LGS2ORD0037494,C012736,2025-10-24 22:00:00,Female,40,Bronze,Lazada,Phuket,817,Lazada,PromptPay,22,10,4,0,30-40,27.233333333333334,1.0,0.0,0.0,-1,14,10197.42,0.08,0.0,0.0,0.0,0.0,0,0,0.0,10197.42,1,0,0.0,10197.42,1,0,0.0,10197.42,1,0,0.0,0
LGS2ORD0037495,C012663,2025-10-24 22:00:00,Male,59,Bronze,Shopee,Bangkok,1205,Lazada,PromptPay,22,10,4,0,>50,40.166666666666664,3.0,0.0,0.0,-1,7,3216.6800000000003,0.28,0.3333333333333333,0.3333333333333333,0.0,0.0,0,0,0.0,5632.799999999999,2,0,0.0,5632.799999999999,2,0,0.0,9650.04,3,0,0.0,0
LGS2ORD0037496,C013331,2025-10-24 22:00:00,Female,48,Silver,Web,Bangkok,1246,Web,Bank_Transfer,22,10,4,0,40-50,41.53333333333333,4.0,1.0,0.25,8,25,3445.1725,0.2,1.0,0.0,0.0,0.0,0,0,0.0,581.31,1,1,1.0,581.31,1,1,1.0,13780.69,4,1,0.25,1
LGS2ORD0037497,C015564,2025-10-24 23:00:00,Female,44,Bronze,TV,Bangkok,1213,Shopee,COD,23,10,4,0,40-50,40.43333333333333,2.0,1.0,0.5,171,79,2737.475,0.18,0.5,0.0,0.0,0.0,0,0,0.0,0.0,0,0,0.0,4095.08,1,0,0.0,5474.95,2,1,0.5,0
LGS2ORD0037498,C015686,2025-10-24 23:00:00,Male,61,Bronze,Web,Phuket,339,TV_Show,Credit_Card,23,10,4,0,>50,11.3,5.0,2.0,0.4,109,104,4531.294,0.18,0.4,0.0,0.0,0.0,0,0,0.0,0.0,0,0,0.0,0.0,0,0,0.0,22656.469999999998,5,2,0.4,0
LGS2ORD0037499,C014379,2025-10-24 23:00:00,Female,49,Platinum,TV,Bangkok,451,CallCenter,COD,23,10,4,0,40-50,15.033333333333333,6.0,0.0,0.0,-1,86,4619.533333333334,0.3,0.8333333333333334,0.3333333333333333,0.0,0.0,0,0,0.0,0.0,0,0,0.0,728.02,1,0,0.0,27717.200000000004,6,0,0.0,0
LGS2ORD0037500,C016232,2025-10-24 23:00:00,Male,29,Platinum,TV,Bangkok,1077,TV_Show,Credit_Card,23,10,4,0,20-30,35.9,7.0,2.0,0.2857142857142857,65,76,4071.465714285714,0.25,0.5714285714285714,0.2857142857142857,0.0,0.0,0,0,0.0,0.0,0,0,0.0,6221.46,1,1,1.0,28500.26,7,2,0.2857142857142857,0
LGS2ORD0037501,C015385,2025-10-24 23:00:00,Male,46,Gold,Lazada,Nakhon Ratchasima,546,CallCenter,COD,23,10,4,0,40-50,18.2,4.0,0.0,0.0,-1,22,3577.8549999999996,0.33,0.75,0.5,0.0,0.0,0,0,0.0,446.46,1,0,0.0,6106.17,2,0,0.0,14311.419999999998,4,0,0.0,0
LGS2ORD0037502,C011717,2025-10-25 00:00:00,Female,53,Bronze,Lazada,Phuket,994,Shopee,COD,0,10,5,1,>50,33.13333333333333,3.0,1.0,0.3333333333333333,59,34,9265.596666666666,0.23,0.3333333333333333,0.6666666666666666,0.0,0.0,0,0,0.0,0.0,0,0,0.0,26351.83,2,1,0.5,27796.79,3,1,0.3333333333333333,0
LGS2ORD0037503,C015176,2025-10-25 00:00:00,Female,69,Gold,TV,Phuket,574,Lazada,COD,0,10,5,1,>50,19.133333333333333,4.0,1.0,0.25,42,56,4005.2749999999996,0.2299999999999999,0.0,0.25,0.0,0.0,0,0,0.0,0.0,0,0,0.0,2341.12,1,1,1.0,16021.099999999999,4,1,0.25,0
LGS2ORD0037504,C016558,2025-10-25 00:00:00,Female,21,Bronze,Web,Bangkok,948,Web,COD,0,10,5,1,20-30,31.6,4.0,0.0,0.0,-1,9,4170.56,0.28,0.25,0.25,0.0,0.0,0,0,0.0,6364.54,1,0,0.0,15269.310000000001,3,0,0.0,16682.24,4,0,0.0,0
LGS2ORD0037505,C010680,2025-10-25 00:00:00,Male,47,Bronze,Lazada,Nakhon Ratchasima,581,Web,COD,0,10,5,1,40-50,19.366666666666667,6.0,2.0,0.3333333333333333,49,44,6356.34,0.18,0.5,0.0,0.0,0.0,0,0,0.0,0.0,0,0,0.0,8328.029999999999,3,1,0.3333333333333333,38138.04,6,2,0.3333333333333333,0
LGS2ORD0037506,C012510,2025-10-25 00:00:00,Female,51,Bronze,Shopee,Songkhla,1473,CallCenter,COD,0,10,5,1,>50,49.1,7.0,3.0,0.42857142857142855,49,60,2957.1985714285715,0.23,0.7142857142857143,0.2857142857142857,0.0,0.0,0,0,0.0,0.0,0,0,0.0,3501.66,1,1,1.0,20700.39,7,3,0.42857142857142855,1
LGS2ORD0037507,C016020,2025-10-25 01:00:00,Other,32,Platinum,Web,Bangkok,436,TV_Show,COD,1,10,5,1,30-40,14.533333333333333,0.0,0.0,0.0,-1,-1,0.0,0.0,0.0,0.0,0.0,0.0,0,0,0.0,0.0,0,0,0.0,0.0,0,0,0.0,0.0,0,0,0.0,1
LGS2ORD0037508,C015801,2025-10-25 01:00:00,Male,49,Bronze,Shopee,Bangkok,623,CallCenter,COD,1,10,5,1,40-50,20.766666666666666,1.0,1.0,1.0,113,124,3671.54,0.18,1.0,0.0,0.0,0.0,0,0,0.0,0.0,0,0,0.0,0.0,0,0,0.0,3671.54,1,1,1.0,0
LGS2ORD0037509,C017396,2025-10-25 01:00:00,Male,28,Bronze,TV,Remote_Area,1283,Shopee,PromptPay,1,10,5,1,20-30,42.766666666666666,8.0,4.0,0.5,61,55,3848.46,0.28,0.375,0.125,0.0,0.0,0,0,0.0,0.0,0,0,0.0,6537.58,2,1,0.5,30787.68,8,4,0.5,0
LGS2ORD0037510,C013105,2025-10-25 01:00:00,Female,45,Bronze,Lazada,Nakhon Ratchasima,1034,Lazada,PromptPay,1,10,5,1,40-50,34.46666666666667,5.0,0.0,0.0,-1,93,4270.416,0.23,0.4,0.2,0.0,0.0,0,0,0.0,0.0,0,0,0.0,0.0,0,0,0.0,21352.08,5,0,0.0,1
LGS2ORD0037511,C013267,2025-10-25 01:00:00,Female,34,Silver,Shopee,Remote_Area,542,CallCenter,COD,1,10,5,1,30-40,18.066666666666666,9.0,3.0,0.3333333333333333,51,55,6333.2155555555555,0.25,0.7777777777777778,0.1111111111111111,0.0,0.0,0,0,0.0,0.0,0,0,0.0,15738.35,2,1,0.5,56998.94,9,3,0.3333333333333333,0
LGS2ORD0037512,C014483,2025-10-25 01:00:00,Female,37,Bronze,TV,Chonburi,1123,Lazada,PromptPay,1,10,5,1,30-40,37.43333333333333,4.0,0.0,0.0,-1,30,3191.7625000000003,0.23,0.25,0.25,0.0,0.0,0,0,0.0,0.0,0,0,0.0,1135.84,1,0,0.0,12767.050000000001,4,0,0.0,1
LGS2ORD0037513,C011430,2025-10-25 02:00:00,Female,45,Silver,Lazada,Chiang Mai,1560,Web,COD,2,10,5,1,40-50,52.0,4.0,0.0,0.0,-1,17,1933.8925,0.3,0.5,0.5,0.0,0.0,0,0,0.0,3707.53,1,0,0.0,3707.53,1,0,0.0,7735.57,4,0,0.0,0
LGS2ORD0037514,C016221,2025-10-25 02:00:00,Female,28,Bronze,TV,Remote_Area,1560,Web,Bank_Transfer,2,10,5,1,20-30,52.0,6.0,3.0,0.5,110,102,8549.183333333332,0.28,0.5,0.5,0.0,0.0,0,0,0.0,0.0,0,0,0.0,0.0,0,0,0.0,51295.1,6,3,0.5,1
LGS2ORD0037515,C012308,2025-10-25 02:00:00,Male,22,Bronze,TV,Songkhla,1255,CallCenter,COD,2,10,5,1,20-30,41.833333333333336,12.0,5.0,0.4166666666666667,11,1,4563.859166666666,0.28,0.5833333333333334,0.4166666666666667,0.0,7648.92,1,0,0.0,7983.9800000000005,2,1,0.5,14375.0,4,2,0.5,54766.30999999999,12,5,0.4166666666666667,1
LGS2ORD0037516,C015985,2025-10-25 02:00:00,Male,37,Bronze,Shopee,Remote_Area,1639,TV_Show,Credit_Card,2,10,5,1,30-40,54.63333333333333,6.0,2.0,0.3333333333333333,25,10,6132.156666666667,0.18,0.5,0.0,0.0,0.0,0,0,0.0,4052.97,1,0,0.0,11783.72,3,2,0.6666666666666666,36792.94,6,2,0.3333333333333333,1
LGS2ORD0037517,C013670,2025-10-25 02:00:00,Female,29,Silver,CallCenter,Chiang Mai,921,Web,COD,2,10,5,1,20-30,30.7,8.0,2.0,0.25,114,56,8413.21875,0.25,0.625,0.125,0.0,0.0,0,0,0.0,0.0,0,0,0.0,2206.98,1,0,0.0,67305.75,8,2,0.25,0
LGS2ORD0037518,C013617,2025-10-25 03:00:00,Female,56,Bronze,TV,Phuket,783,Lazada,COD,3,10,5,1,>50,26.1,8.0,3.0,0.375,33,20,4623.27875,0.28,0.625,0.375,0.0,0.0,0,0,0.0,3799.45,1,0,0.0,11250.259999999998,4,1,0.25,36986.23,8,3,0.375,0
LGS2ORD0037519,C015791,2025-10-25 03:00:00,Male,60,Bronze,CallCenter,Bangkok,669,Shopee,COD,3,10,5,1,>50,22.3,2.0,1.0,0.5,122,74,1674.23,0.13,0.5,0.0,0.0,0.0,0,0,0.0,0.0,0,0,0.0,2365.77,1,0,0.0,3348.46,2,1,0.5,0
LGS2ORD0037520,C014216,2025-10-25 03:00:00,Male,59,Bronze,TV,Chiang Mai,559,Shopee,Credit_Card,3,10,5,1,>50,18.633333333333333,6.0,2.0,0.3333333333333333,18,33,7294.740000000001,0.23,0.8333333333333334,0.3333333333333333,0.0,0.0,0,0,0.0,0.0,0,0,0.0,36551.42,4,1,0.25,43768.44,6,2,0.3333333333333333,0
LGS2ORD0037521,C010319,2025-10-25 03:00:00,Male,29,Bronze,Web,Khon Kaen,1297,Web,Credit_Card,3,10,5,1,20-30,43.233333333333334,4.0,1.0,0.25,11,15,3837.7699999999995,0.28,0.25,0.25,0.0,0.0,0,0,0.0,10764.919999999998,2,1,0.5,15351.079999999998,4,1,0.25,15351.079999999998,4,1,0.25,0
LGS2ORD0037522,C010283,2025-10-25 03:00:00,Female,72,Bronze,Lazada,Khon Kaen,751,Shopee,COD,3,10,5,1,>50,25.033333333333335,5.0,2.0,0.4,8,12,14083.106,0.13,0.8,0.0,0.0,0.0,0,0,0.0,35533.880000000005,2,1,0.5,35533.880000000005,2,1,0.5,70415.53,5,2,0.4,0
LGS2ORD0037523,C016361,2025-10-25 04:00:00,Female,34,Silver,Web,Bangkok,319,Shopee,Credit_Card,4,10,5,1,30-40,10.633333333333333,6.0,1.0,0.16666666666666666,28,37,5618.545000000001,0.3,0.3333333333333333,0.3333333333333333,0.0,0.0,0,0,0.0,0.0,0,0,0.0,2840.91,1,1,1.0,33711.270000000004,6,1,0.16666666666666666,1
LGS2ORD0037524,C014170,2025-10-25 04:00:00,Female,39,Silver,Lazada,Bangkok,491,TV_Show,Bank_Transfer,4,10,5,1,30-40,16.366666666666667,4.0,0.0,0.0,-1,15,7085.1975,0.2,0.0,0.0,0.0,0.0,0,0,0.0,1052.0,1,0,0.0,17321.18,2,0,0.0,28340.79,4,0,0.0,0
LGS2ORD0037525,C013057,2025-10-25 04:00:00,Male,35,Platinum,Lazada,Bangkok,575,Lazada,COD,4,10,5,1,30-40,19.166666666666668,2.0,0.0,0.0,-1,4,6817.7,0.15,0.5,0.0,0.0,7098.49,1,0,0.0,7098.49,1,0,0.0,7098.49,1,0,0.0,13635.4,2,0,0.0,0
LGS2ORD0037526,C015715,2025-10-25 04:00:00,Female,44,Bronze,TV,Nakhon Ratchasima,1603,TV_Show,Credit_Card,4,10,5,1,40-50,53.43333333333333,3.0,0.0,0.0,-1,28,2837.76,0.18,0.6666666666666666,0.0,0.0,0.0,0,0,0.0,1260.19,1,0,0.0,8513.28,3,0,0.0,8513.28,3,0,0.0,1
LGS2ORD0037527,C014701,2025-10-25 04:00:00,Female,63,Bronze,Lazada,Bangkok,1724,Shopee,Bank_Transfer,4,10,5,1,>50,57.46666666666667,6.0,0.0,0.0,-1,12,4650.223333333334,0.28,0.5,0.16666666666666666,0.0,0.0,0,0,0.0,3700.97,1,0,0.0,14292.9,2,0,0.0,27901.340000000004,6,0,0.0,0
LGS2ORD0037528,C015108,2025-10-25 05:00:00,Male,30,Bronze,Lazada,Nakhon Ratchasima,829,Shopee,Bank_Transfer,5,10,5,1,20-30,27.633333333333333,8.0,3.0,0.375,12,20,7798.713749999999,0.18,0.5,0.0,0.0,0.0,0,0,0.0,14473.05,1,1,1.0,18999.47,3,1,0.3333333333333333,62389.70999999999,8,3,0.375,1
LGS2ORD0037529,C013191,2025-10-25 05:00:00,Female,36,Silver,Web,Bangkok,1348,Lazada,Credit_Card,5,10,5,1,30-40,44.93333333333333,2.0,1.0,0.5,181,184,3322.9849999999997,0.15,0.5,0.0,0.0,0.0,0,0,0.0,0.0,0,0,0.0,0.0,0,0,0.0,6645.969999999999,2,1,0.5,0
LGS2ORD0037530,C015327,2025-10-25 05:00:00,Male,58,Platinum,TV,Phuket,1397,Lazada,Credit_Card,5,10,5,1,>50,46.56666666666667,9.0,4.0,0.4444444444444444,21,28,2513.851111111111,0.35,0.6666666666666666,0.4444444444444444,0.0,0.0,0,0,0.0,580.81,1,1,1.0,8434.15,4,2,0.5,22624.66,9,4,0.4444444444444444,1
LGS2ORD0037531,C010155,2025-10-25 05:00:00,Male,37,Bronze,Shopee,Bangkok,709,Shopee,Credit_Card,5,10,5,1,30-40,23.633333333333333,9.0,0.0,0.0,-1,1,3127.577777777778,0.28,0.4444444444444444,0.2222222222222222,0.0,1275.54,1,0,0.0,1275.54,1,0,0.0,1275.54,1,0,0.0,28148.2,9,0,0.0,0
LGS2ORD0037532,C010566,2025-10-25 05:00:00,Male,32,Bronze,TV,Chiang Mai,546,TV_Show,COD,5,10,5,1,30-40,18.2,4.0,1.0,0.25,82,0,8852.115,0.18,0.5,0.0,0.0,1014.05,1,0,0.0,1014.05,1,0,0.0,24513.399999999998,2,0,0.0,35408.46,4,1,0.25,0
LGS2ORD0037533,C013852,2025-10-25 05:00:00,Male,51,Bronze,TV,Chonburi,1648,Shopee,Bank_Transfer,5,10,5,1,>50,54.93333333333333,9.0,4.0,0.4444444444444444,70,80,2430.5833333333335,0.28,0.4444444444444444,0.2222222222222222,0.0,0.0,0,0,0.0,0.0,0,0,0.0,2486.13,1,1,1.0,21875.25,9,4,0.4444444444444444,0
LGS2ORD0037534,C012818,2025-10-25 06:00:00,Male,37,Silver,Web,Chonburi,850,Web,COD,6,10,5,1,30-40,28.333333333333332,2.0,1.0,0.5,242,256,5079.265,0.2,0.5,0.0,0.0,0.0,0,0,0.0,0.0,0,0,0.0,0.0,0,0,0.0,10158.53,2,1,0.5,0
LGS2ORD0037535,C011909,2025-10-25 06:00:00,Female,39,Bronze,Shopee,Bangkok,1746,Shopee,COD,6,10,5,1,30-40,58.2,7.0,1.0,0.14285714285714285,212,63,5284.150000000001,0.23,0.7142857142857143,0.42857142857142855,0.0,0.0,0,0,0.0,0.0,0,0,0.0,18578.81,1,0,0.0,36989.05,7,1,0.14285714285714285,0
LGS2ORD0037536,C014321,2025-10-25 06:00:00,Female,35,Gold,Web,Bangkok,1716,Web,PromptPay,6,10,5,1,30-40,57.2,5.0,1.0,0.2,138,111,4514.148,0.2299999999999999,1.0,0.2,0.0,0.0,0,0,0.0,0.0,0,0,0.0,0.0,0,0,0.0,22570.74,5,1,0.2,1
LGS2ORD0037537,C012213,2025-10-25 06:00:00,Male,21,Gold,Shopee,Bangkok,628,Lazada,Credit_Card,6,10,5,1,20-30,20.933333333333334,2.0,1.0,0.5,1,14,3531.645,0.33,0.5,1.0,0.0,0.0,0,0,0.0,6235.69,1,1,1.0,6235.69,1,1,1.0,7063.29,2,1,0.5,0
LGS2ORD0037538,C012197,2025-10-25 06:00:00,Female,37,Silver,TV,Songkhla,827,CallCenter,COD,6,10,5,1,30-40,27.566666666666666,5.0,2.0,0.4,111,62,6698.7919999999995,0.25,0.4,0.2,0.0,0.0,0,0,0.0,0.0,0,0,0.0,5551.31,2,0,0.0,33493.96,5,2,0.4,1
LGS2ORD0037539,C011226,2025-10-25 07:00:00,Male,56,Silver,TV,Remote_Area,1459,CallCenter,Bank_Transfer,7,10,5,1,>50,48.63333333333333,6.0,2.0,0.3333333333333333,19,2,2219.0433333333335,0.25,0.5,0.3333333333333333,0.0,561.15,1,0,0.0,561.15,1,0,0.0,5811.33,3,1,0.3333333333333333,13314.26,6,2,0.3333333333333333,0
LGS2ORD0037540,C015340,2025-10-25 07:00:00,Female,42,Silver,TV,Chiang Mai,1388,CallCenter,PromptPay,7,10,5,1,40-50,46.266666666666666,7.0,0.0,0.0,-1,36,7153.907142857143,0.25,0.5714285714285714,0.2857142857142857,0.0,0.0,0,0,0.0,0.0,0,0,0.0,28129.11,2,0,0.0,50077.350000000006,7,0,0.0,0
LGS2ORD0037541,C016725,2025-10-25 07:00:00,Female,45,Bronze,Web,Songkhla,1391,Lazada,COD,7,10,5,1,40-50,46.36666666666667,7.0,1.0,0.14285714285714285,110,82,7584.0142857142855,0.28,0.14285714285714285,0.14285714285714285,0.0,0.0,0,0,0.0,0.0,0,0,0.0,25171.05,1,0,0.0,53088.1,7,1,0.14285714285714285,0
LGS2ORD0037542,C014158,2025-10-25 07:00:00,Female,35,Platinum,Web,Chiang Mai,1266,Shopee,Bank_Transfer,7,10,5,1,30-40,42.2,1.0,0.0,0.0,-1,147,16683.46,0.1,1.0,0.0,0.0,0.0,0,0,0.0,0.0,0,0,0.0,0.0,0,0,0.0,16683.46,1,0,0.0,0
LGS2ORD0037543,C017332,2025-10-25 07:00:00,Male,36,Gold,Web,Remote_Area,1279,Web,COD,7,10,5,1,30-40,42.63333333333333,5.0,0.0,0.0,-1,104,9971.438,0.2299999999999999,0.4,0.4,0.0,0.0,0,0,0.0,0.0,0,0,0.0,0.0,0,0,0.0,49857.19,5,0,0.0,1
LGS2ORD0037544,C014286,2025-10-25 08:00:00,Female,42,Bronze,CallCenter,Bangkok,354,TV_Show,COD,8,10,5,1,40-50,11.8,3.0,1.0,0.3333333333333333,149,40,7826.636666666666,0.23,1.0,0.3333333333333333,0.0,0.0,0,0,0.0,0.0,0,0,0.0,5605.28,1,0,0.0,23479.91,3,1,0.3333333333333333,1
LGS2ORD0037545,C015523,2025-10-25 08:00:00,Male,64,Silver,Web,Bangkok,1615,Shopee,Credit_Card,8,10,5,1,>50,53.833333333333336,4.0,1.0,0.25,-1,8,4831.3825,0.3,0.75,0.25,0.0,0.0,0,0,0.0,8039.66,1,1,1.0,8039.66,1,1,1.0,19325.53,4,1,0.25,0
LGS2ORD0037546,C015994,2025-10-25 08:00:00,Male,23,Bronze,Shopee,Khon Kaen,1745,Shopee,COD,8,10,5,1,20-30,58.166666666666664,3.0,1.0,0.3333333333333333,40,53,4150.556666666666,0.28,0.3333333333333333,0.6666666666666666,0.0,0.0,0,0,0.0,0.0,0,0,0.0,1761.21,1,1,1.0,12451.669999999998,3,1,0.3333333333333333,0
LGS2ORD0037547,C017296,2025-10-25 08:00:00,Female,41,Gold,Lazada,Bangkok,378,Shopee,COD,8,10,5,1,40-50,12.6,5.0,0.0,0.0,-1,9,2935.73,0.2299999999999999,0.6,0.4,0.0,0.0,0,0,0.0,3738.67,1,0,0.0,8307.09,2,0,0.0,14678.65,5,0,0.0,0
LGS2ORD0037548,C016721,2025-10-25 08:00:00,Female,39,Gold,Web,Khon Kaen,1070,Web,COD,8,10,5,1,30-40,35.666666666666664,3.0,0.0,0.0,-1,79,1769.54,0.2299999999999999,0.3333333333333333,0.3333333333333333,0.0,0.0,0,0,0.0,0.0,0,0,0.0,1121.03,1,0,0.0,5308.62,3,0,0.0,1
LGS2ORD0037549,C016419,2025-10-25 09:00:00,Male,33,Gold,Shopee,Nakhon Ratchasima,795,CallCenter,PromptPay,9,10,5,1,30-40,26.5,4.0,1.0,0.25,266,23,5179.85,0.28,0.5,0.25,0.0,0.0,0,0,0.0,2747.18,1,0,0.0,2747.18,1,0,0.0,20719.4,4,1,0.25,1
LGS2ORD0037550,C010164,2025-10-25 09:00:00,Female,33,Platinum,TV,Chiang Mai,647,TV_Show,PromptPay,9,10,5,1,30-40,21.566666666666666,4.0,3.0,0.75,60,63,1721.4575,0.25,0.75,0.75,0.0,0.0,0,0,0.0,0.0,0,0,0.0,3221.16,1,1,1.0,6885.83,4,3,0.75,0
LGS2ORD0037551,C016974,2025-10-25 09:00:00,Female,40,Bronze,TV,Khon Kaen,680,Lazada,COD,9,10,5,1,30-40,22.666666666666668,3.0,0.0,0.0,-1,8,13084.033333333335,0.13,0.3333333333333333,0.0,0.0,0.0,0,0,0.0,6700.25,1,0,0.0,6700.25,1,0,0.0,39252.100000000006,3,0,0.0,0
LGS2ORD0037552,C017781,2025-10-25 09:00:00,Male,38,Platinum,Web,Khon Kaen,924,Lazada,COD,9,10,5,1,30-40,30.8,5.0,1.0,0.2,56,62,2953.594,0.3,0.4,0.4,0.0,0.0,0,0,0.0,0.0,0,0,0.0,2053.44,1,1,1.0,14767.97,5,1,0.2,0
LGS2ORD0037553,C010299,2025-10-25 09:00:00,Female,18,Bronze,TV,Chonburi,515,Lazada,Credit_Card,9,10,5,1,<20,17.166666666666668,6.0,1.0,0.16666666666666666,155,22,8451.37,0.28,0.5,0.3333333333333333,0.0,0.0,0,0,0.0,1508.04,1,0,0.0,16116.259999999998,2,0,0.0,50708.22000000001,6,1,0.16666666666666666,0
LGS2ORD0037554,C010661,2025-10-25 09:00:00,Female,46,Bronze,Web,Phuket,1431,Lazada,COD,9,10,5,1,40-50,47.7,10.0,3.0,0.3,121,3,3392.672,0.28,0.7,0.3,0.0,955.62,1,0,0.0,16499.26,2,0,0.0,17722.75,3,0,0.0,33926.72,10,3,0.3,1
LGS2ORD0037555,C017008,2025-10-25 10:00:00,Female,46,Bronze,Web,Bangkok,1325,Web,COD,10,10,5,1,40-50,44.166666666666664,5.0,2.0,0.4,58,62,6115.644,0.28,0.4,0.2,0.0,0.0,0,0,0.0,0.0,0,0,0.0,7843.88,1,1,1.0,30578.22,5,2,0.4,1
LGS2ORD0037556,C010601,2025-10-25 10:00:00,Female,52,Gold,TV,Bangkok,429,Web,Credit_Card,10,10,5,1,>50,14.3,2.0,0.0,0.0,-1,235,5328.515,0.28,0.0,0.5,0.0,0.0,0,0,0.0,0.0,0,0,0.0,0.0,0,0,0.0,10657.03,2,0,0.0,1
LGS2ORD0037557,C013521,2025-10-25 10:00:00,Female,32,Bronze,CallCenter,Khon Kaen,956,CallCenter,Bank_Transfer,10,10,5,1,30-40,31.866666666666667,2.0,0.0,0.0,-1,54,999.3100000000001,0.03,0.5,0.0,0.0,0.0,0,0,0.0,0.0,0,0,0.0,577.7,1,0,0.0,1998.6200000000001,2,0,0.0,0
LGS2ORD0037558,C013416,2025-10-25 10:00:00,Male,43,Bronze,CallCenter,Songkhla,782,TV_Show,COD,10,10,5,1,40-50,26.066666666666666,4.0,0.0,0.0,-1,152,1947.365,0.23,0.0,0.25,0.0,0.0,0,0,0.0,0.0,0,0,0.0,0.0,0,0,0.0,7789.46,4,0,0.0,0
LGS2ORD0037559,C011571,2025-10-25 10:00:00,Female,40,Bronze,Web,Bangkok,934,CallCenter,Bank_Transfer,10,10,5,1,30-40,31.133333333333333,5.0,3.0,0.6,162,122,8300.626,0.08,0.4,0.0,0.0,0.0,0,0,0.0,0.0,0,0,0.0,0.0,0,0,0.0,41503.130000000005,5,3,0.6,0
LGS2ORD0037560,C010568,2025-10-25 11:00:00,Female,44,Silver,Web,Bangkok,656,Web,COD,11,10,5,1,40-50,21.866666666666667,1.0,0.0,0.0,-1,36,824.13,0.2,0.0,0.0,0.0,0.0,0,0,0.0,0.0,0,0,0.0,824.13,1,0,0.0,824.13,1,0,0.0,0
LGS2ORD0037561,C010884,2025-10-25 11:00:00,Female,33,Gold,CallCenter,Nakhon Ratchasima,600,CallCenter,COD,11,10,5,1,30-40,20.0,5.0,2.0,0.4,160,78,2869.018,0.33,0.6,0.8,0.0,0.0,0,0,0.0,0.0,0,0,0.0,3506.17,1,0,0.0,14345.09,5,2,0.4,1
LGS2ORD0037562,C013591,2025-10-25 11:00:00,Male,31,Silver,TV,Remote_Area,689,CallCenter,Credit_Card,11,10,5,1,30-40,22.966666666666665,5.0,2.0,0.4,29,41,5040.992,0.25,0.6,0.4,0.0,0.0,0,0,0.0,0.0,0,0,0.0,13373.61,2,1,0.5,25204.96,5,2,0.4,0
LGS2ORD0037563,C015229,2025-10-25 11:00:00,Female,28,Bronze,Shopee,Bangkok,1614,Shopee,COD,11,10,5,1,20-30,53.8,14.0,3.0,0.21428571428571427,64,0,5179.505714285716,0.28,0.7142857142857143,0.14285714285714285,0.0,1548.16,1,0,0.0,19064.65,3,0,0.0,40499.740000000005,7,2,0.2857142857142857,72513.08000000002,14,3,0.21428571428571427,1
LGS2ORD0037564,C011837,2025-10-25 11:00:00,Female,45,Gold,Web,Remote_Area,1749,Lazada,COD,11,10,5,1,40-50,58.3,4.0,1.0,0.25,134,64,2429.175,0.28,0.5,0.25,0.0,0.0,0,0,0.0,0.0,0,0,0.0,2202.77,2,0,0.0,9716.7,4,1,0.25,0
LGS2ORD0037565,C015837,2025-10-25 12:00:00,Other,62,Silver,TV,Songkhla,439,TV_Show,PromptPay,12,10,5,1,>50,14.633333333333333,5.0,2.0,0.4,149,98,5137.716,0.25,0.8,0.2,0.0,0.0,0,0,0.0,0.0,0,0,0.0,0.0,0,0,0.0,25688.58,5,2,0.4,0
LGS2ORD0037566,C010137,2025-10-25 12:00:00,Female,43,Gold,Lazada,Chiang Mai,949,Web,Bank_Transfer,12,10,5,1,40-50,31.633333333333333,16.0,5.0,0.3125,52,40,6657.956249999999,0.33,0.6875,0.6875,0.0,0.0,0,0,0.0,0.0,0,0,0.0,36508.46,6,3,0.5,106527.29999999999,16,5,0.3125,0
LGS2ORD0037567,C012169,2025-10-25 12:00:00,Female,40,Bronze,Web,Bangkok,313,CallCenter,COD,12,10,5,1,30-40,10.433333333333334,4.0,0.0,0.0,-1,4,4686.32,0.28,0.5,0.25,0.0,5428.69,1,0,0.0,5428.69,1,0,0.0,18745.28,4,0,0.0,18745.28,4,0,0.0,0
LGS2ORD0037568,C015780,2025-10-25 12:00:00,Female,56,Bronze,TV,Bangkok,556,Web,Credit_Card,12,10,5,1,>50,18.533333333333335,6.0,2.0,0.3333333333333333,130,57,5699.19,0.23,0.5,0.16666666666666666,0.0,0.0,0,0,0.0,0.0,0,0,0.0,4604.85,1,0,0.0,34195.14,6,2,0.3333333333333333,1
LGS2ORD0037569,C013769,2025-10-25 12:00:00,Male,41,Platinum,CallCenter,Nakhon Ratchasima,1033,Shopee,COD,12,10,5,1,40-50,34.43333333333333,3.0,0.0,0.0,-1,21,5708.316666666666,0.35,0.3333333333333333,0.3333333333333333,0.0,0.0,0,0,0.0,591.42,1,0,0.0,591.42,1,0,0.0,17124.949999999997,3,0,0.0,0
LGS2ORD0037570,C014058,2025-10-25 13:00:00,Female,57,Platinum,Web,Bangkok,636,TV_Show,COD,13,10,5,1,>50,21.2,5.0,0.0,0.0,-1,19,5344.514,0.25,0.2,0.6,0.0,0.0,0,0,0.0,7885.48,1,0,0.0,12813.2,2,0,0.0,26722.57,5,0,0.0,0
LGS2ORD0037571,C010530,2025-10-25 13:00:00,Female,50,Silver,TV,Chonburi,1493,Shopee,COD,13,10,5,1,40-50,49.766666666666666,3.0,0.0,0.0,-1,10,3872.1566666666663,0.25,0.6666666666666666,0.3333333333333333,0.0,0.0,0,0,0.0,790.98,1,0,0.0,11616.47,3,0,0.0,11616.47,3,0,0.0,0
LGS2ORD0037572,C012431,2025-10-25 13:00:00,Female,31,Platinum,TV,Chonburi,565,Shopee,COD,13,10,5,1,30-40,18.833333333333332,3.0,0.0,0.0,-1,15,8685.41,0.35,0.6666666666666666,0.6666666666666666,0.0,0.0,0,0,0.0,18897.34,1,0,0.0,18897.34,1,0,0.0,26056.23,3,0,0.0,1
LGS2ORD0037573,C017126,2025-10-25 13:00:00,Male,55,Platinum,TV,Chiang Mai,713,TV_Show,PromptPay,13,10,5,1,>50,23.766666666666666,4.0,1.0,0.25,94,108,5061.1525,0.35,0.5,0.75,0.0,0.0,0,0,0.0,0.0,0,0,0.0,0.0,0,0,0.0,20244.61,4,1,0.25,0
LGS2ORD0037574,C015936,2025-10-25 13:00:00,Male,33,Silver,Lazada,Bangkok,325,Lazada,COD,13,10,5,1,30-40,10.833333333333334,2.0,0.0,0.0,-1,35,649.585,0.3,0.0,1.0,0.0,0.0,0,0,0.0,0.0,0,0,0.0,422.96,1,0,0.0,1299.17,2,0,0.0,0
LGS2ORD0037575,C013739,2025-10-25 13:00:00,Female,50,Silver,Lazada,Nakhon Ratchasima,573,Shopee,Credit_Card,13,10,5,1,40-50,19.1,4.0,1.0,0.25,38,46,8045.05,0.25,0.75,0.25,0.0,0.0,0,0,0.0,0.0,0,0,0.0,14463.09,1,1,1.0,32180.2,4,1,0.25,0
LGS2ORD0037576,C014694,2025-10-25 14:00:00,Female,40,Bronze,TV,Songkhla,1048,CallCenter,COD,14,10,5,1,30-40,34.93333333333333,5.0,3.0,0.6,28,44,1246.9779999999998,0.23,0.8,0.2,0.0,0.0,0,0,0.0,0.0,0,0,0.0,4398.64,4,3,0.75,6234.889999999999,5,3,0.6,1
LGS2ORD0037577,C011275,2025-10-25 14:00:00,Female,46,Platinum,Shopee,Bangkok,1335,TV_Show,Credit_Card,14,10,5,1,40-50,44.5,4.0,1.0,0.25,225,14,5773.875,0.3,0.5,0.25,0.0,0.0,0,0,0.0,3320.28,1,0,0.0,3320.28,1,0,0.0,23095.5,4,1,0.25,0
LGS2ORD0037578,C011349,2025-10-25 14:00:00,Male,32,Bronze,TV,Bangkok,1512,CallCenter,Credit_Card,14,10,5,1,30-40,50.4,5.0,1.0,0.2,100,103,2416.182,0.23,0.4,0.2,0.0,0.0,0,0,0.0,0.0,0,0,0.0,0.0,0,0,0.0,12080.91,5,1,0.2,0
LGS2ORD0037579,C017815,2025-10-25 14:00:00,Female,55,Bronze,Shopee,Chiang Mai,1703,Shopee,Bank_Transfer,14,10,5,1,>50,56.766666666666666,6.0,2.0,0.3333333333333333,0,3,6601.413333333333,0.23,0.8333333333333334,0.16666666666666666,0.0,12021.17,1,0,0.0,19257.52,3,2,0.6666666666666666,24631.82,4,2,0.5,39608.479999999996,6,2,0.3333333333333333,1
LGS2ORD0037580,C015135,2025-10-25 14:00:00,Female,40,Gold,Shopee,Khon Kaen,1517,Web,Credit_Card,14,10,5,1,30-40,50.56666666666667,6.0,0.0,0.0,-1,88,3820.9500000000007,0.33,0.5,0.16666666666666666,0.0,0.0,0,0,0.0,0.0,0,0,0.0,1537.54,1,0,0.0,22925.700000000004,6,0,0.0,0
LGS2ORD0037581,C017419,2025-10-25 15:00:00,Female,62,Bronze,TV,Khon Kaen,927,Lazada,COD,15,10,5,1,>50,30.9,7.0,3.0,0.42857142857142855,83,77,7282.878571428571,0.28,1.0,0.2857142857142857,0.0,0.0,0,0,0.0,0.0,0,0,0.0,28572.06,2,1,0.5,50980.15,7,3,0.42857142857142855,0
LGS2ORD0037582,C012047,2025-10-25 15:00:00,Female,33,Bronze,TV,Chonburi,1503,TV_Show,Bank_Transfer,15,10,5,1,30-40,50.1,3.0,1.0,0.3333333333333333,66,80,3485.276666666666,0.28,0.3333333333333333,0.6666666666666666,0.0,0.0,0,0,0.0,0.0,0,0,0.0,8320.88,1,1,1.0,10455.829999999998,3,1,0.3333333333333333,0
LGS2ORD0037583,C012168,2025-10-25 15:00:00,Female,44,Bronze,Web,Chonburi,1082,Web,COD,15,10,5,1,40-50,36.06666666666667,3.0,1.0,0.3333333333333333,68,73,4493.463333333333,0.13,1.0,0.0,0.0,0.0,0,0,0.0,0.0,0,0,0.0,7676.91,2,1,0.5,13480.39,3,1,0.3333333333333333,0
LGS2ORD0037584,C011808,2025-10-25 15:00:00,Female,28,Platinum,Web,Chonburi,1056,TV_Show,COD,15,10,5,1,20-30,35.2,8.0,2.0,0.25,58,35,4746.030000000001,0.35,0.375,0.625,0.0,0.0,0,0,0.0,0.0,0,0,0.0,16380.23,3,1,0.3333333333333333,37968.240000000005,8,2,0.25,0
LGS2ORD0037585,C016111,2025-10-25 15:00:00,Female,47,Bronze,Shopee,Nakhon Ratchasima,473,Web,COD,15,10,5,1,40-50,15.766666666666667,5.0,1.0,0.2,214,46,6152.548,0.28,0.4,0.4,0.0,0.0,0,0,0.0,0.0,0,0,0.0,6634.35,1,0,0.0,30762.739999999998,5,1,0.2,0
LGS2ORD0037586,C012298,2025-10-25 16:00:00,Male,54,Platinum,Shopee,Bangkok,604,Shopee,COD,16,10,5,1,>50,20.133333333333333,2.0,0.0,0.0,-1,165,14178.15,0.15,0.5,0.0,0.0,0.0,0,0,0.0,0.0,0,0,0.0,0.0,0,0,0.0,28356.3,2,0,0.0,0
LGS2ORD0037587,C016586,2025-10-25 16:00:00,Male,47,Bronze,Web,Bangkok,466,TV_Show,COD,16,10,5,1,40-50,15.533333333333333,6.0,1.0,0.16666666666666666,200,184,5910.661666666667,0.28,0.16666666666666666,0.3333333333333333,0.0,0.0,0,0,0.0,0.0,0,0,0.0,0.0,0,0,0.0,35463.97,6,1,0.16666666666666666,0
LGS2ORD0037588,C012529,2025-10-25 16:00:00,Female,51,Silver,TV,Remote_Area,1694,Web,COD,16,10,5,1,>50,56.46666666666667,13.0,6.0,0.46153846153846156,41,7,9429.901538461538,0.3,0.5384615384615384,0.23076923076923078,0.0,0.0,0,0,0.0,43061.0,2,0,0.0,88234.62,7,3,0.42857142857142855,122588.72,13,6,0.46153846153846156,1
LGS2ORD0037589,C016113,2025-10-25 16:00:00,Female,37,Bronze,TV,Chiang Mai,1467,TV_Show,Credit_Card,16,10,5,1,30-40,48.9,6.0,2.0,0.3333333333333333,7,5,10938.375,0.28,0.6666666666666666,0.3333333333333333,0.0,6422.25,1,0,0.0,13102.09,2,1,0.5,24187.09,3,1,0.3333333333333333,65630.25,6,2,0.3333333333333333,0
LGS2ORD0037590,C016267,2025-10-25 16:00:00,Female,49,Silver,TV,Bangkok,1240,Lazada,Credit_Card,16,10,5,1,40-50,41.333333333333336,3.0,0.0,0.0,-1,287,12966.536666666667,0.15,0.0,0.0,0.0,0.0,0,0,0.0,0.0,0,0,0.0,0.0,0,0,0.0,38899.61,3,0,0.0,0
LGS2ORD0037591,C014820,2025-10-25 16:00:00,Female,19,Bronze,TV,Chonburi,1528,Shopee,COD,16,10,5,1,<20,50.93333333333333,3.0,0.0,0.0,-1,22,7157.446666666667,0.08,0.3333333333333333,0.0,0.0,0.0,0,0,0.0,14697.74,1,0,0.0,15339.24,2,0,0.0,21472.34,3,0,0.0,0
LGS2ORD0037592,C017286,2025-10-25 17:00:00,Male,43,Silver,CallCenter,Chonburi,1543,Shopee,Bank_Transfer,17,10,5,1,40-50,51.43333333333333,5.0,1.0,0.2,0,11,6278.676,0.2,0.4,0.0,0.0,0.0,0,0,0.0,3622.66,1,1,1.0,6816.2,2,1,0.5,31393.38,5,1,0.2,0
LGS2ORD0037593,C014958,2025-10-25 17:00:00,Male,41,Bronze,Lazada,Nakhon Ratchasima,333,Web,Credit_Card,17,10,5,1,40-50,11.1,4.0,2.0,0.5,16,26,8279.335000000001,0.18,0.5,0.0,0.0,0.0,0,0,0.0,7169.79,1,1,1.0,22639.48,3,2,0.6666666666666666,33117.340000000004,4,2,0.5,0
LGS2ORD0037594,C016623,2025-10-25 17:00:00,Female,52,Gold,TV,Phuket,610,Web,Credit_Card,17,10,5,1,>50,20.333333333333332,7.0,3.0,0.42857142857142855,102,108,4053.6699999999996,0.28,0.2857142857142857,0.2857142857142857,0.0,0.0,0,0,0.0,0.0,0,0,0.0,0.0,0,0,0.0,28375.69,7,3,0.42857142857142855,1
LGS2ORD0037595,C017860,2025-10-25 17:00:00,Male,48,Bronze,Shopee,Chiang Mai,1219,TV_Show,Bank_Transfer,17,10,5,1,40-50,40.63333333333333,5.0,0.0,0.0,-1,8,10247.89,0.28,0.4,0.4,0.0,0.0,0,0,0.0,13683.85,2,0,0.0,37652.28,3,0,0.0,51239.45,5,0,0.0,0
LGS2ORD0037596,C016167,2025-10-25 17:00:00,Male,46,Silver,TV,Khon Kaen,324,TV_Show,COD,17,10,5,1,40-50,10.8,6.0,3.0,0.5,-7,4,7491.791666666668,0.3,0.5,0.16666666666666666,0.0,6025.51,1,1,1.0,6025.51,1,1,1.0,23202.590000000004,2,2,1.0,44950.75000000001,6,3,0.5,0
LGS2ORD0037597,C015251,2025-10-25 18:00:00,Male,25,Platinum,CallCenter,Bangkok,1754,Lazada,Credit_Card,18,10,5,1,20-30,58.46666666666667,6.0,1.0,0.16666666666666666,228,154,2796.03,0.35,1.0,0.5,0.0,0.0,0,0,0.0,0.0,0,0,0.0,0.0,0,0,0.0,16776.18,6,1,0.16666666666666666,1
LGS2ORD0037598,C015128,2025-10-25 18:00:00,Female,33,Gold,Web,Chonburi,808,Web,Credit_Card,18,10,5,1,30-40,26.933333333333334,3.0,1.0,0.3333333333333333,229,43,8089.09,0.13,0.3333333333333333,0.0,0.0,0.0,0,0,0.0,0.0,0,0,0.0,556.16,1,0,0.0,24267.27,3,1,0.3333333333333333,0
LGS2ORD0037599,C017352,2025-10-25 18:00:00,Female,50,Bronze,Shopee,Songkhla,990,Shopee,COD,18,10,5,1,40-50,33.0,3.0,2.0,0.6666666666666666,-3,4,3063.443333333333,0.23,0.6666666666666666,0.3333333333333333,0.0,554.34,1,1,1.0,554.34,1,1,1.0,554.34,1,1,1.0,9190.33,3,2,0.6666666666666666,0
LGS2ORD0037600,C010541,2025-10-25 18:00:00,Male,49,Bronze,TV,Remote_Area,1480,Web,PromptPay,18,10,5,1,40-50,49.333333333333336,8.0,4.0,0.5,10,19,3559.6862499999997,0.23,0.75,0.25,0.0,0.0,0,0,0.0,4244.0599999999995,3,1,0.3333333333333333,5777.9,4,1,0.25,28477.489999999998,8,4,0.5,0
LGS2ORD0037601,C011892,2025-10-25 18:00:00,Female,38,Gold,Lazada,Bangkok,402,TV_Show,COD,18,10,5,1,30-40,13.4,3.0,0.0,0.0,-1,168,2390.1733333333336,0.28,0.3333333333333333,0.3333333333333333,0.0,0.0,0,0,0.0,0.0,0,0,0.0,0.0,0,0,0.0,7170.52,3,0,0.0,0
LGS2ORD0037602,C011382,2025-10-25 19:00:00,Male,30,Bronze,Lazada,Chonburi,1582,Web,Bank_Transfer,19,10,5,1,20-30,52.733333333333334,7.0,0.0,0.0,-1,9,8635.81,0.23,0.5714285714285714,0.14285714285714285,0.0,0.0,0,0,0.0,8192.35,1,0,0.0,53984.4,6,0,0.0,60450.67,7,0,0.0,0
LGS2ORD0037603,C011299,2025-10-25 19:00:00,Male,43,Bronze,TV,Bangkok,1361,Shopee,COD,19,10,5,1,40-50,45.36666666666667,6.0,1.0,0.16666666666666666,112,50,3771.2316666666666,0.28,0.5,0.5,0.0,0.0,0,0,0.0,0.0,0,0,0.0,5865.570000000001,2,0,0.0,22627.39,6,1,0.16666666666666666,0
LGS2ORD0037604,C014434,2025-10-25 19:00:00,Female,56,Bronze,Web,Khon Kaen,564,CallCenter,COD,19,10,5,1,>50,18.8,7.0,2.0,0.2857142857142857,142,81,9715.67,0.28,0.42857142857142855,0.14285714285714285,0.0,0.0,0,0,0.0,0.0,0,0,0.0,20777.93,1,0,0.0,68009.69,7,2,0.2857142857142857,0
LGS2ORD0037605,C013633,2025-10-25 19:00:00,Male,47,Bronze,Shopee,Chonburi,1555,Lazada,PromptPay,19,10,5,1,40-50,51.833333333333336,4.0,1.0,0.25,49,42,4182.47,0.23,0.75,0.25,0.0,0.0,0,0,0.0,0.0,0,0,0.0,5833.1900000000005,2,1,0.5,16729.88,4,1,0.25,1
LGS2ORD0037606,C017811,2025-10-25 19:00:00,Female,26,Silver,Shopee,Songkhla,766,TV_Show,Credit_Card,19,10,5,1,20-30,25.533333333333335,7.0,3.0,0.42857142857142855,23,28,10726.655714285715,0.3,0.8571428571428571,0.5714285714285714,0.0,0.0,0,0,0.0,9183.17,1,1,1.0,11029.25,2,1,0.5,75086.59,7,3,0.42857142857142855,0
LGS2ORD0037607,C013673,2025-10-25 20:00:00,Female,19,Gold,Web,Bangkok,1412,Web,COD,20,10,5,1,<20,47.06666666666667,3.0,0.0,0.0,-1,170,12710.036666666667,0.33,0.6666666666666666,0.6666666666666666,0.0,0.0,0,0,0.0,0.0,0,0,0.0,0.0,0,0,0.0,38130.11,3,0,0.0,1
LGS2ORD0037608,C016271,2025-10-25 20:00:00,Female,53,Silver,TV,Bangkok,1195,CallCenter,COD,20,10,5,1,>50,39.833333333333336,5.0,0.0,0.0,-1,2,4941.978000000001,0.3,0.4,0.2,0.0,3313.95,1,0,0.0,3313.95,1,0,0.0,11562.8,3,0,0.0,24709.890000000003,5,0,0.0,0
LGS2ORD0037609,C016617,2025-10-25 20:00:00,Male,36,Platinum,TV,Bangkok,1452,Web,COD,20,10,5,1,30-40,48.4,6.0,1.0,0.16666666666666666,0,11,5623.443333333334,0.3,0.5,0.3333333333333333,0.0,0.0,0,0,0.0,2867.48,1,1,1.0,16699.38,2,1,0.5,33740.66,6,1,0.16666666666666666,0
LGS2ORD0037610,C015973,2025-10-25 20:00:00,Male,46,Bronze,TV,Remote_Area,1258,Shopee,COD,20,10,5,1,40-50,41.93333333333333,4.0,3.0,0.75,170,98,2425.4325,0.28,0.75,0.25,0.0,0.0,0,0,0.0,0.0,0,0,0.0,0.0,0,0,0.0,9701.73,4,3,0.75,0
LGS2ORD0037611,C015426,2025-10-25 20:00:00,Male,51,Bronze,Shopee,Songkhla,785,Lazada,Credit_Card,20,10,5,1,>50,26.166666666666668,4.0,2.0,0.5,41,49,14124.73,0.23,0.75,0.25,0.0,0.0,0,0,0.0,0.0,0,0,0.0,1375.78,1,1,1.0,56498.92,4,2,0.5,0
LGS2ORD0037612,C014809,2025-10-25 20:00:00,Male,55,Bronze,TV,Phuket,1290,TV_Show,Bank_Transfer,20,10,5,1,>50,43.0,5.0,3.0,0.6,26,36,7638.5740000000005,0.23,0.8,0.2,0.0,0.0,0,0,0.0,0.0,0,0,0.0,20616.050000000003,2,1,0.5,38192.87,5,3,0.6,0
LGS2ORD0037613,C015501,2025-10-25 21:00:00,Male,44,Bronze,TV,Phuket,1206,Lazada,COD,21,10,5,1,40-50,40.2,7.0,1.0,0.14285714285714285,290,7,2863.488571428571,0.28,0.42857142857142855,0.2857142857142857,0.0,0.0,0,0,0.0,4614.27,1,0,0.0,9157.720000000001,3,0,0.0,20044.42,7,1,0.14285714285714285,1
LGS2ORD0037614,C010266,2025-10-25 21:00:00,Male,64,Bronze,TV,Songkhla,669,Web,Credit_Card,21,10,5,1,>50,22.3,8.0,2.0,0.25,80,50,3836.71875,0.28,0.375,0.125,0.0,0.0,0,0,0.0,0.0,0,0,0.0,5065.3,2,1,0.5,30693.75,8,2,0.25,0
LGS2ORD0037615,C011924,2025-10-25 21:00:00,Female,32,Bronze,TV,Chonburi,572,TV_Show,COD,21,10,5,1,30-40,19.066666666666666,7.0,3.0,0.42857142857142855,52,60,8519.985714285714,0.28,0.2857142857142857,0.42857142857142855,0.0,0.0,0,0,0.0,0.0,0,0,0.0,3292.17,1,1,1.0,59639.9,7,3,0.42857142857142855,1
LGS2ORD0037616,C012370,2025-10-25 21:00:00,Female,64,Bronze,Shopee,Remote_Area,1624,Shopee,COD,21,10,5,1,>50,54.13333333333333,2.0,1.0,0.5,97,103,6654.695,0.18,0.5,0.0,0.0,0.0,0,0,0.0,0.0,0,0,0.0,0.0,0,0,0.0,13309.39,2,1,0.5,0
LGS2ORD0037617,C012235,2025-10-25 21:00:00,Female,49,Platinum,Shopee,Phuket,1508,Lazada,Credit_Card,21,10,5,1,40-50,50.266666666666666,5.0,1.0,0.2,13,23,5630.63,0.25,0.0,0.2,0.0,0.0,0,0,0.0,2153.79,1,1,1.0,4333.6,2,1,0.5,28153.15,5,1,0.2,1
LGS2ORD0037618,C012979,2025-10-25 22:00:00,Female,63,Bronze,Web,Remote_Area,724,Shopee,COD,22,10,5,1,>50,24.133333333333333,3.0,0.0,0.0,-1,143,6053.8,0.28,1.0,0.3333333333333333,0.0,0.0,0,0,0.0,0.0,0,0,0.0,0.0,0,0,0.0,18161.4,3,0,0.0,0
LGS2ORD0037619,C011220,2025-10-25 22:00:00,Male,71,Bronze,CallCenter,Bangkok,918,Web,COD,22,10,5,1,>50,30.6,9.0,2.0,0.2222222222222222,33,10,3636.1088888888894,0.28,0.5555555555555556,0.3333333333333333,0.1111111111111111,0.0,0,0,0.0,5255.54,2,0,0.0,21715.97,6,1,0.16666666666666666,32724.980000000003,9,2,0.2222222222222222,0
LGS2ORD0037620,C011615,2025-10-25 22:00:00,Female,51,Silver,Web,Chiang Mai,491,Lazada,Bank_Transfer,22,10,5,1,>50,16.366666666666667,4.0,0.0,0.0,-1,49,4769.9,0.25,0.5,0.5,0.0,0.0,0,0,0.0,0.0,0,0,0.0,1520.62,1,0,0.0,19079.6,4,0,0.0,0
LGS2ORD0037621,C015711,2025-10-25 22:00:00,Female,45,Gold,Web,Khon Kaen,1670,Shopee,Credit_Card,22,10,5,1,40-50,55.666666666666664,6.0,1.0,0.16666666666666666,215,24,2961.2449999999994,0.28,0.5,0.5,0.0,0.0,0,0,0.0,4138.53,1,0,0.0,5713.0599999999995,2,0,0.0,17767.469999999998,6,1,0.16666666666666666,0
LGS2ORD0037622,C013775,2025-10-25 22:00:00,Male,55,Gold,TV,Chonburi,640,Web,Credit_Card,22,10,5,1,>50,21.333333333333332,3.0,0.0,0.0,-1,64,7173.8,0.28,1.0,0.6666666666666666,0.0,0.0,0,0,0.0,0.0,0,0,0.0,1142.42,1,0,0.0,21521.4,3,0,0.0,0
LGS2ORD0037623,C013101,2025-10-25 23:00:00,Male,44,Gold,TV,Chonburi,1095,Shopee,COD,23,10,5,1,40-50,36.5,11.0,2.0,0.18181818181818182,66,23,4257.011818181819,0.33,0.2727272727272727,0.45454545454545453,0.0,0.0,0,0,0.0,12646.09,1,0,0.0,22583.43,5,1,0.2,46827.130000000005,11,2,0.18181818181818182,0
LGS2ORD0037624,C010150,2025-10-25 23:00:00,Female,36,Bronze,TV,Nakhon Ratchasima,315,Web,Credit_Card,23,10,5,1,30-40,10.5,2.0,1.0,0.5,30,40,2142.18,0.08,1.0,0.0,0.0,0.0,0,0,0.0,0.0,0,0,0.0,1570.62,1,1,1.0,4284.36,2,1,0.5,0
LGS2ORD0037625,C010995,2025-10-25 23:00:00,Male,42,Silver,Shopee,Khon Kaen,1285,CallCenter,COD,23,10,5,1,40-50,42.833333333333336,4.0,0.0,0.0,-1,134,4268.8150000000005,0.25,0.25,0.25,0.0,0.0,0,0,0.0,0.0,0,0,0.0,0.0,0,0,0.0,17075.260000000002,4,0,0.0,1
LGS2ORD0037626,C017824,2025-10-25 23:00:00,Female,54,Bronze,TV,Phuket,783,Shopee,COD,23,10,5,1,>50,26.1,8.0,3.0,0.375,52,13,6740.5287499999995,0.23,0.625,0.125,0.0,0.0,0,0,0.0,24438.07,1,0,0.0,34718.18,4,2,0.5,53924.229999999996,8,3,0.375,1
LGS2ORD0037627,C011155,2025-10-25 23:00:00,Male,33,Silver,Shopee,Songkhla,1065,Web,COD,23,10,5,1,30-40,35.5,7.0,2.0,0.2857142857142857,57,34,9278.707142857142,0.3,0.7142857142857143,0.42857142857142855,0.0,0.0,0,0,0.0,0.0,0,0,0.0,23813.74,2,1,0.5,64950.95,7,2,0.2857142857142857,0
LGS2ORD0037628,C012683,2025-10-26 00:00:00,Male,61,Silver,Web,Phuket,1068,Lazada,COD,0,10,6,1,>50,35.6,12.0,5.0,0.4166666666666667,39,48,6802.704166666666,0.3,0.5,0.3333333333333333,0.0,0.0,0,0,0.0,0.0,0,0,0.0,8238.87,1,1,1.0,81632.45,12,5,0.4166666666666667,0
LGS2ORD0037629,C015184,2025-10-26 00:00:00,Female,47,Bronze,TV,Songkhla,1588,Lazada,Credit_Card,0,10,6,1,40-50,52.93333333333333,6.0,3.0,0.5,91,84,6225.965,0.23,0.8333333333333334,0.5,0.0,0.0,0,0,0.0,0.0,0,0,0.0,718.33,1,0,0.0,37355.79,6,3,0.5,1
LGS2ORD0037630,C011727,2025-10-26 00:00:00,Female,34,Bronze,Web,Phuket,1712,Shopee,COD,0,10,6,1,30-40,57.06666666666667,9.0,4.0,0.4444444444444444,65,71,6409.450000000001,0.28,0.5555555555555556,0.2222222222222222,0.0,0.0,0,0,0.0,0.0,0,0,0.0,41565.299999999996,4,1,0.25,57685.05,9,4,0.4444444444444444,0
LGS2ORD0037631,C016642,2025-10-26 00:00:00,Male,48,Gold,Web,Songkhla,1656,CallCenter,COD,0,10,6,1,40-50,55.2,4.0,1.0,0.25,181,72,1846.9825,0.33,0.75,0.5,0.0,0.0,0,0,0.0,0.0,0,0,0.0,2721.89,1,0,0.0,7387.93,4,1,0.25,0
LGS2ORD0037632,C015631,2025-10-26 00:00:00,Other,52,Bronze,TV,Khon Kaen,374,TV_Show,PromptPay,0,10,6,1,>50,12.466666666666667,3.0,1.0,0.3333333333333333,92,107,2937.556666666666,0.23,0.6666666666666666,0.3333333333333333,0.0,0.0,0,0,0.0,0.0,0,0,0.0,0.0,0,0,0.0,8812.669999999998,3,1,0.3333333333333333,1
LGS2ORD0037633,C015983,2025-10-26 00:00:00,Female,40,Gold,Lazada,Bangkok,1434,Web,Credit_Card,0,10,6,1,30-40,47.8,1.0,0.0,0.0,-1,250,718.93,0.33,0.0,1.0,0.0,0.0,0,0,0.0,0.0,0,0,0.0,0.0,0,0,0.0,718.93,1,0,0.0,1
LGS2ORD0037634,C012801,2025-10-26 01:00:00,Female,29,Gold,CallCenter,Chonburi,834,CallCenter,PromptPay,1,10,6,1,20-30,27.8,5.0,1.0,0.2,16,30,11906.2,0.2299999999999999,0.6,0.6,0.0,0.0,0,0,0.0,0.0,0,0,0.0,1319.17,1,1,1.0,59531.0,5,1,0.2,0
LGS2ORD0037635,C011560,2025-10-26 01:00:00,Female,52,Gold,TV,Nakhon Ratchasima,328,Web,Credit_Card,1,10,6,1,>50,10.933333333333334,7.0,4.0,0.5714285714285714,73,84,4811.2585714285715,0.33,0.5714285714285714,0.2857142857142857,0.0,0.0,0,0,0.0,0.0,0,0,0.0,10573.55,1,1,1.0,33678.81,7,4,0.5714285714285714,0
LGS2ORD0037636,C012607,2025-10-26 01:00:00,Male,44,Bronze,TV,Chiang Mai,734,Shopee,PromptPay,1,10,6,1,40-50,24.466666666666665,8.0,0.0,0.0,-1,6,2117.61375,0.28,0.375,0.375,0.0,1547.1,1,0,0.0,2797.77,2,0,0.0,7995.860000000001,3,0,0.0,16940.91,8,0,0.0,0
LGS2ORD0037637,C010396,2025-10-26 01:00:00,Female,40,Bronze,Shopee,Phuket,864,TV_Show,COD,1,10,6,1,30-40,28.8,10.0,4.0,0.4,63,5,2087.5199999999995,0.28,0.5,0.6,0.0,1237.71,2,0,0.0,1237.71,2,0,0.0,5902.22,4,1,0.25,20875.199999999997,10,4,0.4,0
LGS2ORD0037638,C017852,2025-10-26 01:00:00,Male,55,Bronze,Shopee,Khon Kaen,799,Shopee,COD,1,10,6,1,>50,26.633333333333333,8.0,0.0,0.0,-1,17,3023.3275,0.28,0.625,0.125,0.0,0.0,0,0,0.0,2267.91,1,0,0.0,15007.31,5,0,0.0,24186.62,8,0,0.0,0
LGS2ORD0037639,C010797,2025-10-26 02:00:00,Female,31,Gold,CallCenter,Khon Kaen,1583,Web,COD,2,10,6,1,30-40,52.766666666666666,9.0,3.0,0.3333333333333333,-4,3,6858.112222222222,0.13,0.5555555555555556,0.0,0.0,3572.13,1,0,0.0,15217.77,3,1,0.3333333333333333,57333.549999999996,6,1,0.16666666666666666,61723.01,9,3,0.3333333333333333,0
LGS2ORD0037640,C011849,2025-10-26 02:00:00,Female,36,Gold,CallCenter,Songkhla,1464,Lazada,PromptPay,2,10,6,1,30-40,48.8,6.0,2.0,0.3333333333333333,2,1,2066.5616666666665,0.28,0.5,0.3333333333333333,0.0,1987.96,1,0,0.0,2612.11,2,1,0.5,2908.41,3,1,0.3333333333333333,12399.369999999999,6,2,0.3333333333333333,0
LGS2ORD0037641,C017765,2025-10-26 02:00:00,Female,52,Gold,TV,Phuket,568,Lazada,Bank_Transfer,2,10,6,1,>50,18.933333333333334,0.0,0.0,0.0,-1,-1,0.0,0.0,0.0,0.0,0.0,0.0,0,0,0.0,0.0,0,0,0.0,0.0,0,0,0.0,0.0,0,0,0.0,0
LGS2ORD0037642,C012301,2025-10-26 02:00:00,Male,48,Bronze,TV,Songkhla,631,CallCenter,COD,2,10,6,1,40-50,21.033333333333335,4.0,2.0,0.5,124,80,3196.8025000000002,0.18,0.5,0.0,0.0,0.0,0,0,0.0,0.0,0,0,0.0,4075.86,1,0,0.0,12787.210000000001,4,2,0.5,0
LGS2ORD0037643,C011627,2025-10-26 02:00:00,Female,40,Gold,Web,Bangkok,1043,TV_Show,Bank_Transfer,2,10,6,1,30-40,34.766666666666666,2.0,1.0,0.5,188,191,2710.965,0.28,0.0,0.5,0.0,0.0,0,0,0.0,0.0,0,0,0.0,0.0,0,0,0.0,5421.93,2,1,0.5,1
LGS2ORD0037644,C010688,2025-10-26 03:00:00,Male,58,Gold,CallCenter,Bangkok,374,TV_Show,PromptPay,3,10,6,1,>50,12.466666666666667,1.0,0.0,0.0,-1,241,6671.64,0.2299999999999999,0.0,1.0,0.0,0.0,0,0,0.0,0.0,0,0,0.0,0.0,0,0,0.0,6671.64,1,0,0.0,1
LGS2ORD0037645,C017035,2025-10-26 03:00:00,Male,52,Bronze,Web,Bangkok,571,CallCenter,Credit_Card,3,10,6,1,>50,19.033333333333335,2.0,0.0,0.0,-1,165,3018.975,0.13,0.5,0.0,0.0,0.0,0,0,0.0,0.0,0,0,0.0,0.0,0,0,0.0,6037.95,2,0,0.0,0
LGS2ORD0037646,C011569,2025-10-26 03:00:00,Male,34,Bronze,TV,Remote_Area,825,Web,Credit_Card,3,10,6,1,30-40,27.5,9.0,4.0,0.4444444444444444,67,13,3566.4644444444443,0.28,0.7777777777777778,0.2222222222222222,0.0,0.0,0,0,0.0,9841.38,1,0,0.0,16553.58,4,2,0.5,32098.18,9,4,0.4444444444444444,0
LGS2ORD0037647,C012308,2025-10-26 03:00:00,Male,22,Bronze,TV,Songkhla,1256,Web,COD,3,10,6,1,20-30,41.86666666666667,13.0,6.0,0.46153846153846156,-4,1,4904.54923076923,0.28,0.6153846153846154,0.38461538461538464,0.0,16641.75,2,1,0.5,16976.81,3,2,0.6666666666666666,23367.83,5,3,0.6,63759.13999999999,13,6,0.46153846153846156,1
LGS2ORD0037648,C014344,2025-10-26 03:00:00,Female,46,Bronze,Lazada,Bangkok,1604,Shopee,COD,3,10,6,1,40-50,53.46666666666667,3.0,1.0,0.3333333333333333,174,68,2595.7,0.28,0.3333333333333333,0.3333333333333333,0.0,0.0,0,0,0.0,0.0,0,0,0.0,2496.13,1,0,0.0,7787.099999999999,3,1,0.3333333333333333,0
LGS2ORD0037649,C016351,2025-10-26 04:00:00,Female,30,Bronze,TV,Bangkok,588,CallCenter,PromptPay,4,10,6,1,20-30,19.6,1.0,0.0,0.0,-1,215,3050.71,0.08,0.0,0.0,0.0,0.0,0,0,0.0,0.0,0,0,0.0,0.0,0,0,0.0,3050.71,1,0,0.0,0
LGS2ORD0037650,C013391,2025-10-26 04:00:00,Male,37,Platinum,Web,Bangkok,1478,Web,Credit_Card,4,10,6,1,30-40,49.266666666666666,3.0,1.0,0.3333333333333333,150,166,2283.976666666667,0.25,0.0,0.3333333333333333,0.0,0.0,0,0,0.0,0.0,0,0,0.0,0.0,0,0,0.0,6851.93,3,1,0.3333333333333333,0
LGS2ORD0037651,C010161,2025-10-26 04:00:00,Male,37,Gold,Web,Khon Kaen,1411,Lazada,COD,4,10,6,1,30-40,47.03333333333333,4.0,0.0,0.0,-1,69,6822.192499999999,0.18,0.5,0.0,0.0,0.0,0,0,0.0,0.0,0,0,0.0,5870.65,1,0,0.0,27288.769999999997,4,0,0.0,0
LGS2ORD0037652,C015240,2025-10-26 04:00:00,Female,48,Bronze,TV,Bangkok,1394,Lazada,PromptPay,4,10,6,1,40-50,46.46666666666667,3.0,1.0,0.3333333333333333,62,15,5266.86,0.18,0.6666666666666666,0.0,0.0,0.0,0,0,0.0,834.7,1,0,0.0,13638.41,2,1,0.5,15800.58,3,1,0.3333333333333333,0
LGS2ORD0037653,C016947,2025-10-26 04:00:00,Female,39,Bronze,CallCenter,Bangkok,1270,TV_Show,Credit_Card,4,10,6,1,30-40,42.333333333333336,10.0,3.0,0.3,63,75,5792.37,0.23,0.7,0.5,0.0,0.0,0,0,0.0,0.0,0,0,0.0,1831.88,1,1,1.0,57923.7,10,3,0.3,0
LGS2ORD0037654,C015240,2025-10-26 04:00:00,Female,48,Bronze,TV,Bangkok,1394,TV_Show,Credit_Card,4,10,6,1,40-50,46.46666666666667,3.0,1.0,0.3333333333333333,62,15,5266.86,0.18,0.6666666666666666,0.0,0.0,0.0,0,0,0.0,834.7,1,0,0.0,13638.41,2,1,0.5,15800.58,3,1,0.3333333333333333,0
LGS2ORD0037655,C017704,2025-10-26 05:00:00,Male,66,Bronze,TV,Remote_Area,727,Web,Credit_Card,5,10,6,1,>50,24.233333333333334,9.0,2.0,0.2222222222222222,63,4,9046.185555555558,0.23,0.7777777777777778,0.1111111111111111,0.0,900.88,1,0,0.0,900.88,1,0,0.0,60604.229999999996,3,1,0.3333333333333333,81415.67000000001,9,2,0.2222222222222222,0
LGS2ORD0037656,C015839,2025-10-26 05:00:00,Female,30,Silver,Shopee,Chiang Mai,564,Shopee,Credit_Card,5,10,6,1,20-30,18.8,2.0,0.0,0.0,-1,23,19464.76,0.2,1.0,0.0,0.0,0.0,0,0,0.0,27595.6,1,0,0.0,27595.6,1,0,0.0,38929.52,2,0,0.0,0
LGS2ORD0037657,C017585,2025-10-26 05:00:00,Female,29,Silver,Shopee,Bangkok,921,Web,Credit_Card,5,10,6,1,20-30,30.7,2.0,1.0,0.5,233,31,5373.78,0.25,0.5,0.5,0.0,0.0,0,0,0.0,0.0,0,0,0.0,9771.84,1,0,0.0,10747.56,2,1,0.5,0
LGS2ORD0037658,C012656,2025-10-26 05:00:00,Female,29,Silver,Shopee,Bangkok,1056,Shopee,COD,5,10,6,1,20-30,35.2,8.0,1.0,0.125,148,42,3303.9262499999995,0.3,0.125,0.375,0.0,0.0,0,0,0.0,0.0,0,0,0.0,3500.94,2,0,0.0,26431.409999999996,8,1,0.125,0
LGS2ORD0037659,C011663,2025-10-26 05:00:00,Male,57,Bronze,CallCenter,Bangkok,1575,TV_Show,COD,5,10,6,1,>50,52.5,9.0,3.0,0.3333333333333333,46,57,3548.3988888888894,0.28,0.6666666666666666,0.4444444444444444,0.0,0.0,0,0,0.0,0.0,0,0,0.0,2682.33,1,1,1.0,31935.590000000004,9,3,0.3333333333333333,0
LGS2ORD0037660,C016106,2025-10-26 06:00:00,Male,27,Bronze,CallCenter,Remote_Area,738,TV_Show,COD,6,10,6,1,20-30,24.6,3.0,0.0,0.0,-1,100,1495.71,0.28,0.3333333333333333,0.3333333333333333,0.0,0.0,0,0,0.0,0.0,0,0,0.0,0.0,0,0,0.0,4487.13,3,0,0.0,0
LGS2ORD0037661,C015021,2025-10-26 06:00:00,Female,58,Bronze,CallCenter,Chonburi,1332,CallCenter,Credit_Card,6,10,6,1,>50,44.4,5.0,2.0,0.4,174,84,4383.58,0.28,0.8,0.4,0.0,0.0,0,0,0.0,0.0,0,0,0.0,9327.52,1,0,0.0,21917.9,5,2,0.4,0
LGS2ORD0037662,C017222,2025-10-26 06:00:00,Female,39,Bronze,TV,Bangkok,807,TV_Show,Bank_Transfer,6,10,6,1,30-40,26.9,2.0,1.0,0.5,198,145,2679.0,0.23,1.0,0.5,0.0,0.0,0,0,0.0,0.0,0,0,0.0,0.0,0,0,0.0,5358.0,2,1,0.5,0
LGS2ORD0037663,C013971,2025-10-26 06:00:00,Male,50,Bronze,Web,Songkhla,657,Lazada,COD,6,10,6,1,40-50,21.9,3.0,2.0,0.6666666666666666,55,3,16659.01,0.28,0.3333333333333333,0.6666666666666666,0.0,26430.48,1,0,0.0,26430.48,1,0,0.0,46698.46,2,1,0.5,49977.03,3,2,0.6666666666666666,0
LGS2ORD0037664,C015085,2025-10-26 06:00:00,Female,39,Bronze,Shopee,Remote_Area,1380,Lazada,COD,6,10,6,1,30-40,46.0,9.0,2.0,0.2222222222222222,110,25,5289.387777777778,0.28,0.5555555555555556,0.2222222222222222,0.0,0.0,0,0,0.0,2764.14,1,0,0.0,12602.41,3,0,0.0,47604.49,9,2,0.2222222222222222,1
LGS2ORD0037665,C010386,2025-10-26 07:00:00,Female,32,Silver,Web,Bangkok,1244,Lazada,PromptPay,7,10,6,1,30-40,41.46666666666667,6.0,0.0,0.0,-1,21,5177.174999999999,0.25,0.5,0.16666666666666666,0.0,0.0,0,0,0.0,938.89,1,0,0.0,938.89,1,0,0.0,31063.049999999996,6,0,0.0,0
LGS2ORD0037666,C013950,2025-10-26 07:00:00,Male,42,Bronze,TV,Nakhon Ratchasima,1691,Shopee,Credit_Card,7,10,6,1,40-50,56.36666666666667,7.0,1.0,0.14285714285714285,66,53,2327.9385714285713,0.23,0.42857142857142855,0.2857142857142857,0.0,0.0,0,0,0.0,0.0,0,0,0.0,6689.8,3,1,0.3333333333333333,16295.57,7,1,0.14285714285714285,1
LGS2ORD0037667,C016732,2025-10-26 07:00:00,Male,63,Platinum,Web,Chiang Mai,1202,Shopee,Credit_Card,7,10,6,1,>50,40.06666666666667,8.0,3.0,0.375,43,11,7885.6875,0.3,0.75,0.125,0.0,0.0,0,0,0.0,3256.19,1,0,0.0,31150.45,5,1,0.2,63085.5,8,3,0.375,0
LGS2ORD0037668,C016092,2025-10-26 07:00:00,Male,36,Bronze,Lazada,Chiang Mai,1038,TV_Show,PromptPay,7,10,6,1,30-40,34.6,3.0,1.0,0.3333333333333333,-12,2,949.0066666666665,0.18,0.3333333333333333,0.0,0.0,757.91,1,1,1.0,757.91,1,1,1.0,757.91,1,1,1.0,2847.0199999999995,3,1,0.3333333333333333,0
LGS2ORD0037669,C011480,2025-10-26 07:00:00,Female,61,Bronze,Lazada,Phuket,1616,CallCenter,COD,7,10,6,1,>50,53.86666666666667,4.0,1.0,0.25,127,27,3802.5950000000003,0.28,0.75,0.5,0.0,0.0,0,0,0.0,1500.62,1,0,0.0,2451.85,2,0,0.0,15210.380000000001,4,1,0.25,1
LGS2ORD0037670,C017703,2025-10-26 08:00:00,Female,54,Bronze,TV,Chiang Mai,1092,CallCenter,Bank_Transfer,8,10,6,1,>50,36.4,5.0,1.0,0.2,149,74,3601.814,0.28,0.6,0.2,0.0,0.0,0,0,0.0,0.0,0,0,0.0,4630.05,1,0,0.0,18009.07,5,1,0.2,0
LGS2ORD0037671,C016677,2025-10-26 08:00:00,Female,37,Silver,Web,Chiang Mai,394,Lazada,COD,8,10,6,1,30-40,13.133333333333333,3.0,0.0,0.0,-1,77,2538.4233333333336,0.1,0.0,0.0,0.0,0.0,0,0,0.0,0.0,0,0,0.0,1511.37,1,0,0.0,7615.27,3,0,0.0,0
LGS2ORD0037672,C011140,2025-10-26 08:00:00,Female,23,Platinum,TV,Chonburi,1236,CallCenter,COD,8,10,6,1,20-30,41.2,7.0,1.0,0.14285714285714285,94,46,3340.8814285714284,0.3,0.42857142857142855,0.2857142857142857,0.0,0.0,0,0,0.0,0.0,0,0,0.0,752.66,1,0,0.0,23386.17,7,1,0.14285714285714285,1
LGS2ORD0037673,C012234,2025-10-26 08:00:00,Other,35,Gold,TV,Bangkok,1207,TV_Show,COD,8,10,6,1,30-40,40.233333333333334,2.0,0.0,0.0,-1,106,2908.675,0.33,0.5,0.5,0.0,0.0,0,0,0.0,0.0,0,0,0.0,0.0,0,0,0.0,5817.35,2,0,0.0,0
LGS2ORD0037674,C010988,2025-10-26 08:00:00,Female,24,Platinum,Shopee,Bangkok,1167,Shopee,PromptPay,8,10,6,1,20-30,38.9,4.0,0.0,0.0,-1,31,2530.735,0.3,0.25,0.5,0.0,0.0,0,0,0.0,0.0,0,0,0.0,2156.48,1,0,0.0,10122.94,4,0,0.0,0
LGS2ORD0037675,C011951,2025-10-26 08:00:00,Female,49,Bronze,TV,Chonburi,1462,Shopee,COD,8,10,6,1,40-50,48.733333333333334,8.0,3.0,0.375,168,48,6651.49625,0.23,0.75,0.125,0.0,0.0,0,0,0.0,0.0,0,0,0.0,5018.24,1,0,0.0,53211.97,8,3,0.375,0
LGS2ORD0037676,C016038,2025-10-26 09:00:00,Female,41,Gold,TV,Khon Kaen,935,CallCenter,COD,9,10,6,1,40-50,31.166666666666668,3.0,0.0,0.0,-1,51,5156.263333333333,0.13,0.6666666666666666,0.0,0.0,0.0,0,0,0.0,0.0,0,0,0.0,8440.15,1,0,0.0,15468.789999999999,3,0,0.0,1
LGS2ORD0037677,C013119,2025-10-26 09:00:00,Male,38,Bronze,Lazada,Chiang Mai,1356,Shopee,PromptPay,9,10,6,1,30-40,45.2,3.0,0.0,0.0,-1,75,9233.003333333332,0.23,0.3333333333333333,0.3333333333333333,0.0,0.0,0,0,0.0,0.0,0,0,0.0,2069.09,1,0,0.0,27699.01,3,0,0.0,0
LGS2ORD0037678,C014329,2025-10-26 09:00:00,Female,40,Bronze,Web,Songkhla,731,Lazada,Credit_Card,9,10,6,1,30-40,24.366666666666667,1.0,0.0,0.0,-1,178,9742.49,0.23,1.0,1.0,0.0,0.0,0,0,0.0,0.0,0,0,0.0,0.0,0,0,0.0,9742.49,1,0,0.0,1
LGS2ORD0037679,C017519,2025-10-26 09:00:00,Female,43,Silver,Lazada,Nakhon Ratchasima,559,Shopee,COD,9,10,6,1,40-50,18.633333333333333,7.0,1.0,0.14285714285714285,146,33,4952.035714285715,0.3,0.8571428571428571,0.14285714285714285,0.0,0.0,0,0,0.0,0.0,0,0,0.0,10748.4,2,0,0.0,34664.25,7,1,0.14285714285714285,0
LGS2ORD0037680,C014897,2025-10-26 09:00:00,Male,20,Bronze,TV,Bangkok,1460,Shopee,Credit_Card,9,10,6,1,<20,48.666666666666664,5.0,1.0,0.2,42,57,3998.268,0.28,0.4,0.2,0.0,0.0,0,0,0.0,0.0,0,0,0.0,3512.86,1,1,1.0,19991.34,5,1,0.2,0
LGS2ORD0037681,C015865,2025-10-26 10:00:00,Female,57,Gold,Shopee,Nakhon Ratchasima,1261,Web,Credit_Card,10,10,6,1,>50,42.03333333333333,8.0,3.0,0.375,55,49,9683.93375,0.33,0.125,0.625,0.0,0.0,0,0,0.0,0.0,0,0,0.0,37542.07,2,1,0.5,77471.47,8,3,0.375,0
LGS2ORD0037682,C015233,2025-10-26 10:00:00,Female,23,Gold,Shopee,Khon Kaen,1216,CallCenter,Bank_Transfer,10,10,6,1,20-30,40.53333333333333,8.0,4.0,0.5,-9,5,4937.6537499999995,0.33,0.625,0.5,0.0,3068.83,1,1,1.0,3068.83,1,1,1.0,3068.83,1,1,1.0,39501.229999999996,8,4,0.5,0
LGS2ORD0037683,C015662,2025-10-26 10:00:00,Female,42,Silver,Web,Chonburi,451,CallCenter,COD,10,10,6,1,40-50,15.033333333333333,6.0,1.0,0.16666666666666666,147,82,1863.1850000000002,0.2,0.6666666666666666,0.0,0.0,0.0,0,0,0.0,0.0,0,0,0.0,6000.73,2,0,0.0,11179.11,6,1,0.16666666666666666,0
LGS2ORD0037684,C013026,2025-10-26 10:00:00,Male,63,Bronze,Shopee,Bangkok,1738,Web,COD,10,10,6,1,>50,57.93333333333333,4.0,1.0,0.25,209,58,14525.0975,0.23,0.25,0.25,0.0,0.0,0,0,0.0,0.0,0,0,0.0,33984.14,1,0,0.0,58100.39,4,1,0.25,1
LGS2ORD0037685,C011772,2025-10-26 10:00:00,Male,40,Bronze,Lazada,Chonburi,637,TV_Show,COD,10,10,6,1,30-40,21.233333333333334,2.0,1.0,0.5,35,46,5092.665000000001,0.23,0.5,0.5,0.0,0.0,0,0,0.0,0.0,0,0,0.0,441.29,1,1,1.0,10185.330000000002,2,1,0.5,1
LGS2ORD0037686,C014955,2025-10-26 11:00:00,Female,60,Silver,Shopee,Bangkok,832,Web,PromptPay,11,10,6,1,>50,27.733333333333334,4.0,0.0,0.0,-1,67,3831.7475,0.25,0.0,0.25,0.0,0.0,0,0,0.0,0.0,0,0,0.0,8676.1,2,0,0.0,15326.99,4,0,0.0,0
LGS2ORD0037687,C016874,2025-10-26 11:00:00,Male,48,Gold,Web,Khon Kaen,901,Lazada,COD,11,10,6,1,40-50,30.033333333333335,3.0,0.0,0.0,-1,32,4407.47,0.33,0.3333333333333333,0.6666666666666666,0.0,0.0,0,0,0.0,0.0,0,0,0.0,9753.96,1,0,0.0,13222.41,3,0,0.0,1
LGS2ORD0037688,C010047,2025-10-26 11:00:00,Male,51,Bronze,CallCenter,Chonburi,1649,CallCenter,Credit_Card,11,10,6,1,>50,54.96666666666667,6.0,1.0,0.16666666666666666,112,51,5263.875,0.28,0.16666666666666666,0.16666666666666666,0.0,0.0,0,0,0.0,0.0,0,0,0.0,9103.37,1,0,0.0,31583.25,6,1,0.16666666666666666,0
LGS2ORD0037689,C012280,2025-10-26 11:00:00,Female,31,Bronze,TV,Khon Kaen,440,TV_Show,COD,11,10,6,1,30-40,14.666666666666666,5.0,0.0,0.0,-1,64,2970.948,0.23,0.2,0.2,0.0,0.0,0,0,0.0,0.0,0,0,0.0,8462.46,2,0,0.0,14854.74,5,0,0.0,0
LGS2ORD0037690,C016082,2025-10-26 11:00:00,Female,44,Bronze,TV,Phuket,1326,CallCenter,Credit_Card,11,10,6,1,40-50,44.2,3.0,1.0,0.3333333333333333,271,159,8117.96,0.23,0.3333333333333333,0.3333333333333333,0.0,0.0,0,0,0.0,0.0,0,0,0.0,0.0,0,0,0.0,24353.88,3,1,0.3333333333333333,0
LGS2ORD0037691,C012818,2025-10-26 12:00:00,Male,37,Silver,Web,Chonburi,851,CallCenter,COD,12,10,6,1,30-40,28.366666666666667,3.0,1.0,0.3333333333333333,243,1,3874.5033333333336,0.2,0.6666666666666666,0.0,0.0,1464.98,1,0,0.0,1464.98,1,0,0.0,1464.98,1,0,0.0,11623.51,3,1,0.3333333333333333,0
LGS2ORD0037692,C017802,2025-10-26 12:00:00,Female,42,Bronze,TV,Remote_Area,1717,TV_Show,COD,12,10,6,1,40-50,57.233333333333334,10.0,4.0,0.4,-2,9,8292.413,0.28,0.8,0.3,0.0,0.0,0,0,0.0,13805.18,1,1,1.0,52728.33,4,2,0.5,82924.13,10,4,0.4,0
LGS2ORD0037693,C010586,2025-10-26 12:00:00,Female,41,Bronze,Shopee,Khon Kaen,1611,CallCenter,COD,12,10,6,1,40-50,53.7,5.0,0.0,0.0,-1,80,8849.78,0.08,0.4,0.0,0.0,0.0,0,0,0.0,0.0,0,0,0.0,1677.86,1,0,0.0,44248.9,5,0,0.0,0
LGS2ORD0037694,C017528,2025-10-26 12:00:00,Male,57,Bronze,Web,Songkhla,1012,CallCenter,COD,12,10,6,1,>50,33.733333333333334,0.0,0.0,0.0,-1,-1,0.0,0.0,0.0,0.0,0.0,0.0,0,0,0.0,0.0,0,0,0.0,0.0,0,0,0.0,0.0,0,0,0.0,0
LGS2ORD0037695,C016530,2025-10-26 12:00:00,Male,42,Silver,Shopee,Bangkok,1168,TV_Show,Credit_Card,12,10,6,1,40-50,38.93333333333333,4.0,0.0,0.0,-1,51,5087.125,0.2,0.75,0.0,0.0,0.0,0,0,0.0,0.0,0,0,0.0,3818.15,1,0,0.0,20348.5,4,0,0.0,0
LGS2ORD0037696,C014897,2025-10-26 12:00:00,Male,20,Bronze,TV,Bangkok,1460,Shopee,COD,12,10,6,1,<20,48.666666666666664,6.0,1.0,0.16666666666666666,43,0,3953.81,0.28,0.3333333333333333,0.16666666666666666,0.0,3731.52,1,0,0.0,3731.52,1,0,0.0,7244.38,2,1,0.5,23722.86,6,1,0.16666666666666666,0
LGS2ORD0037697,C013494,2025-10-26 13:00:00,Male,45,Bronze,Web,Bangkok,1041,TV_Show,Credit_Card,13,10,6,1,40-50,34.7,5.0,3.0,0.6,82,36,3608.4440000000004,0.23,0.4,0.4,0.0,0.0,0,0,0.0,0.0,0,0,0.0,3643.14,1,0,0.0,18042.22,5,3,0.6,0
LGS2ORD0037698,C010806,2025-10-26 13:00:00,Female,45,Platinum,Shopee,Phuket,850,TV_Show,COD,13,10,6,1,40-50,28.333333333333332,9.0,5.0,0.5555555555555556,16,25,4974.54,0.35,0.6666666666666666,0.7777777777777778,0.0,0.0,0,0,0.0,19715.32,2,1,0.5,21239.21,4,3,0.75,44770.86,9,5,0.5555555555555556,0
LGS2ORD0037699,C011393,2025-10-26 13:00:00,Male,49,Platinum,Shopee,Bangkok,1636,CallCenter,Credit_Card,13,10,6,1,40-50,54.53333333333333,4.0,1.0,0.25,20,26,4152.8625,0.3,0.25,1.0,0.0,0.0,0,0,0.0,6325.71,1,1,1.0,8490.92,2,1,0.5,16611.45,4,1,0.25,0
LGS2ORD0037700,C015769,2025-10-26 13:00:00,Male,25,Bronze,TV,Chonburi,955,Shopee,PromptPay,13,10,6,1,20-30,31.833333333333332,5.0,3.0,0.6,155,27,3332.7580000000003,0.23,0.8,0.2,0.0,0.0,0,0,0.0,6036.13,1,0,0.0,6036.13,1,0,0.0,16663.79,5,3,0.6,0
LGS2ORD0037701,C010642,2025-10-26 13:00:00,Other,44,Gold,Shopee,Chonburi,1219,CallCenter,Bank_Transfer,13,10,6,1,40-50,40.63333333333333,1.0,0.0,0.0,-1,93,857.61,0.13,0.0,0.0,0.0,0.0,0,0,0.0,0.0,0,0,0.0,0.0,0,0,0.0,857.61,1,0,0.0,1
LGS2ORD0037702,C016527,2025-10-26 14:00:00,Female,55,Gold,Web,Khon Kaen,997,TV_Show,Credit_Card,14,10,6,1,>50,33.233333333333334,8.0,1.0,0.125,271,42,5985.2925000000005,0.33,0.25,0.5,0.0,0.0,0,0,0.0,0.0,0,0,0.0,885.09,1,0,0.0,47882.340000000004,8,1,0.125,0
LGS2ORD0037703,C013252,2025-10-26 14:00:00,Female,37,Bronze,Shopee,Bangkok,1263,CallCenter,COD,14,10,6,1,30-40,42.1,9.0,3.0,0.3333333333333333,27,5,7377.967777777777,0.28,0.3333333333333333,0.2222222222222222,0.0,2188.79,1,0,0.0,2188.79,1,0,0.0,6425.25,3,2,0.6666666666666666,66401.70999999999,9,3,0.3333333333333333,0
LGS2ORD0037704,C010306,2025-10-26 14:00:00,Male,47,Gold,Web,Nakhon Ratchasima,1035,Web,COD,14,10,6,1,40-50,34.5,1.0,1.0,1.0,108,117,14392.89,0.13,0.0,0.0,0.0,0.0,0,0,0.0,0.0,0,0,0.0,0.0,0,0,0.0,14392.89,1,1,1.0,1
LGS2ORD0037705,C010148,2025-10-26 14:00:00,Female,27,Gold,TV,Songkhla,1572,Web,Credit_Card,14,10,6,1,20-30,52.4,6.0,2.0,0.3333333333333333,44,56,3392.2833333333333,0.33,0.5,0.6666666666666666,0.0,0.0,0,0,0.0,0.0,0,0,0.0,543.93,1,1,1.0,20353.7,6,2,0.3333333333333333,1
LGS2ORD0037706,C017667,2025-10-26 14:00:00,Female,41,Bronze,Shopee,Chiang Mai,584,Lazada,Credit_Card,14,10,6,1,40-50,19.466666666666665,9.0,3.0,0.3333333333333333,126,41,4990.866666666666,0.28,0.6666666666666666,0.2222222222222222,0.0,0.0,0,0,0.0,0.0,0,0,0.0,1766.4199999999998,2,0,0.0,44917.799999999996,9,3,0.3333333333333333,1
LGS2ORD0037707,C017415,2025-10-26 15:00:00,Female,58,Bronze,Shopee,Songkhla,1645,Web,COD,15,10,6,1,>50,54.833333333333336,11.0,2.0,0.18181818181818182,50,16,2899.3354545454545,0.23,0.7272727272727273,0.18181818181818182,0.0,0.0,0,0,0.0,1642.59,1,0,0.0,17408.329999999998,4,1,0.25,31892.69,11,2,0.18181818181818182,0
LGS2ORD0037708,C012132,2025-10-26 15:00:00,Female,47,Bronze,CallCenter,Bangkok,721,TV_Show,COD,15,10,6,1,40-50,24.033333333333335,7.0,2.0,0.2857142857142857,80,86,3159.882857142857,0.23,0.7142857142857143,0.14285714285714285,0.0,0.0,0,0,0.0,0.0,0,0,0.0,3870.1,1,1,1.0,22119.18,7,2,0.2857142857142857,0
LGS2ORD0037709,C016616,2025-10-26 15:00:00,Male,47,Bronze,CallCenter,Bangkok,958,Shopee,COD,15,10,6,1,40-50,31.933333333333334,9.0,2.0,0.2222222222222222,15,27,1698.6844444444444,0.28,0.5555555555555556,0.3333333333333333,0.0,0.0,0,0,0.0,1768.59,1,1,1.0,5545.01,3,1,0.3333333333333333,15288.16,9,2,0.2222222222222222,0
LGS2ORD0037710,C017350,2025-10-26 15:00:00,Male,63,Platinum,Web,Chiang Mai,1150,TV_Show,Credit_Card,15,10,6,1,>50,38.333333333333336,2.0,0.0,0.0,-1,136,5696.965,0.25,1.0,0.5,0.0,0.0,0,0,0.0,0.0,0,0,0.0,0.0,0,0,0.0,11393.93,2,0,0.0,0
LGS2ORD0037711,C015118,2025-10-26 15:00:00,Male,42,Gold,TV,Bangkok,604,Shopee,Bank_Transfer,15,10,6,1,40-50,20.133333333333333,2.0,1.0,0.5,266,130,26954.055,0.2299999999999999,1.0,0.5,0.0,0.0,0,0,0.0,0.0,0,0,0.0,0.0,0,0,0.0,53908.11,2,1,0.5,0
LGS2ORD0037712,C014516,2025-10-26 15:00:00,Other,57,Bronze,Lazada,Chonburi,1069,Shopee,Bank_Transfer,15,10,6,1,>50,35.63333333333333,7.0,2.0,0.2857142857142857,47,6,3429.181428571429,0.28,0.7142857142857143,0.5714285714285714,0.0,1744.32,1,0,0.0,2591.63,2,0,0.0,3296.83,3,1,0.3333333333333333,24004.270000000004,7,2,0.2857142857142857,0
LGS2ORD0037713,C015671,2025-10-26 16:00:00,Female,49,Platinum,Web,Khon Kaen,1415,TV_Show,PromptPay,16,10,6,1,40-50,47.166666666666664,2.0,0.0,0.0,-1,37,1887.445,0.3,0.0,0.5,0.0,0.0,0,0,0.0,0.0,0,0,0.0,812.58,1,0,0.0,3774.89,2,0,0.0,1
LGS2ORD0037714,C016234,2025-10-26 16:00:00,Male,46,Silver,Web,Bangkok,1033,TV_Show,COD,16,10,6,1,40-50,34.43333333333333,5.0,1.0,0.2,255,103,11509.28,0.2,0.8,0.0,0.0,0.0,0,0,0.0,0.0,0,0,0.0,0.0,0,0,0.0,57546.4,5,1,0.2,1
LGS2ORD0037715,C013205,2025-10-26 16:00:00,Male,50,Bronze,TV,Remote_Area,745,Web,COD,16,10,6,1,40-50,24.833333333333332,7.0,3.0,0.42857142857142855,22,32,3929.3457142857146,0.18,0.42857142857142855,0.0,0.0,0.0,0,0,0.0,0.0,0,0,0.0,4168.26,2,1,0.5,27505.420000000002,7,3,0.42857142857142855,1
LGS2ORD0037716,C010038,2025-10-26 16:00:00,Female,47,Silver,Shopee,Bangkok,361,TV_Show,COD,16,10,6,1,40-50,12.033333333333333,1.0,1.0,1.0,223,233,37595.26,0.2,0.0,0.0,0.0,0.0,0,0,0.0,0.0,0,0,0.0,0.0,0,0,0.0,37595.26,1,1,1.0,0
LGS2ORD0037717,C011575,2025-10-26 16:00:00,Female,36,Bronze,TV,Chiang Mai,1410,TV_Show,COD,16,10,6,1,30-40,47.0,7.0,2.0,0.2857142857142857,197,19,4131.414285714286,0.23,0.5714285714285714,0.42857142857142855,0.0,0.0,0,0,0.0,1109.18,1,0,0.0,4617.6900000000005,2,0,0.0,28919.9,7,2,0.2857142857142857,0
LGS2ORD0037718,C013053,2025-10-26 17:00:00,Female,50,Platinum,TV,Chonburi,1309,Lazada,PromptPay,17,10,6,1,40-50,43.63333333333333,5.0,1.0,0.2,139,99,1605.1519999999998,0.3,0.6,0.6,0.0,0.0,0,0,0.0,0.0,0,0,0.0,0.0,0,0,0.0,8025.759999999999,5,1,0.2,0
LGS2ORD0037719,C014201,2025-10-26 17:00:00,Female,56,Silver,Shopee,Bangkok,393,Web,COD,17,10,6,1,>50,13.1,4.0,0.0,0.0,-1,40,3135.255,0.15,1.0,0.0,0.0,0.0,0,0,0.0,0.0,0,0,0.0,8199.14,2,0,0.0,12541.02,4,0,0.0,0
LGS2ORD0037720,C017219,2025-10-26 17:00:00,Female,63,Gold,Web,Bangkok,890,CallCenter,PromptPay,17,10,6,1,>50,29.666666666666668,4.0,1.0,0.25,215,77,11703.3575,0.2299999999999999,0.25,0.25,0.0,0.0,0,0,0.0,0.0,0,0,0.0,24199.99,1,0,0.0,46813.43,4,1,0.25,0
LGS2ORD0037721,C013530,2025-10-26 17:00:00,Other,62,Bronze,TV,Bangkok,1016,Shopee,PromptPay,17,10,6,1,>50,33.86666666666667,3.0,3.0,1.0,126,133,4276.276666666668,0.28,0.3333333333333333,1.0,0.0,0.0,0,0,0.0,0.0,0,0,0.0,0.0,0,0,0.0,12828.830000000002,3,3,1.0,0
LGS2ORD0037722,C015800,2025-10-26 17:00:00,Male,24,Gold,CallCenter,Bangkok,825,TV_Show,COD,17,10,6,1,20-30,27.5,2.0,0.0,0.0,-1,144,5584.985,0.18,0.5,0.0,0.0,0.0,0,0,0.0,0.0,0,0,0.0,0.0,0,0,0.0,11169.97,2,0,0.0,1
LGS2ORD0037723,C016568,2025-10-26 18:00:00,Female,56,Bronze,TV,Remote_Area,386,Lazada,COD,18,10,6,1,>50,12.866666666666667,10.0,4.0,0.4,213,32,8355.509,0.28,0.8,0.4,0.0,0.0,0,0,0.0,0.0,0,0,0.0,18916.7,2,0,0.0,83555.09,10,4,0.4,1
LGS2ORD0037724,C016070,2025-10-26 18:00:00,Male,43,Bronze,Shopee,Bangkok,1542,Shopee,COD,18,10,6,1,40-50,51.4,8.0,2.0,0.25,81,25,6475.285,0.23,0.5,0.25,0.0,0.0,0,0,0.0,1451.94,1,0,0.0,1451.94,1,0,0.0,51802.28,8,2,0.25,0
LGS2ORD0037725,C012612,2025-10-26 18:00:00,Male,46,Bronze,Shopee,Bangkok,1352,Web,COD,18,10,6,1,40-50,45.06666666666667,6.0,2.0,0.3333333333333333,16,29,5052.948333333333,0.28,0.8333333333333334,0.5,0.0,0.0,0,0,0.0,3863.82,1,1,1.0,15159.369999999999,2,1,0.5,30317.69,6,2,0.3333333333333333,0
LGS2ORD0037726,C017535,2025-10-26 18:00:00,Male,52,Gold,Web,Bangkok,1030,Shopee,COD,18,10,6,1,>50,34.333333333333336,6.0,0.0,0.0,-1,91,6299.256666666667,0.33,0.3333333333333333,0.3333333333333333,0.0,0.0,0,0,0.0,0.0,0,0,0.0,0.0,0,0,0.0,37795.54,6,0,0.0,0
LGS2ORD0037727,C012878,2025-10-26 18:00:00,Female,63,Bronze,TV,Chonburi,712,Web,Credit_Card,18,10,6,1,>50,23.733333333333334,9.0,2.0,0.2222222222222222,205,98,4113.826666666667,0.28,0.6666666666666666,0.4444444444444444,0.0,0.0,0,0,0.0,0.0,0,0,0.0,0.0,0,0,0.0,37024.44,9,2,0.2222222222222222,0
LGS2ORD0037728,C013265,2025-10-26 19:00:00,Male,52,Bronze,TV,Songkhla,1083,CallCenter,PromptPay,19,10,6,1,>50,36.1,7.0,0.0,0.0,-1,17,10332.784285714286,0.23,0.7142857142857143,0.14285714285714285,0.0,0.0,0,0,0.0,28003.95,1,0,0.0,38864.96,2,0,0.0,72329.49,7,0,0.0,1
LGS2ORD0037729,C010593,2025-10-26 19:00:00,Male,26,Bronze,TV,Phuket,1262,Lazada,COD,19,10,6,1,20-30,42.06666666666667,5.0,2.0,0.4,40,55,5974.773999999999,0.23,0.2,0.6,0.0,0.0,0,0,0.0,0.0,0,0,0.0,6664.77,1,1,1.0,29873.87,5,2,0.4,1
LGS2ORD0037730,C013549,2025-10-26 19:00:00,Male,34,Bronze,TV,Chonburi,1675,Shopee,COD,19,10,6,1,30-40,55.833333333333336,4.0,1.0,0.25,71,19,5901.179999999999,0.23,0.5,0.25,0.0,0.0,0,0,0.0,1726.26,1,0,0.0,9295.81,3,1,0.3333333333333333,23604.719999999998,4,1,0.25,0
LGS2ORD0037731,C017626,2025-10-26 19:00:00,Female,47,Gold,Web,Chiang Mai,801,TV_Show,Bank_Transfer,19,10,6,1,40-50,26.7,4.0,1.0,0.25,265,18,8926.9475,0.28,0.75,0.75,0.0,0.0,0,0,0.0,3083.92,1,0,0.0,3083.92,1,0,0.0,35707.79,4,1,0.25,0
LGS2ORD0037732,C013076,2025-10-26 19:00:00,Female,43,Bronze,CallCenter,Bangkok,475,Shopee,COD,19,10,6,1,40-50,15.833333333333334,10.0,1.0,0.1,210,25,8576.990000000002,0.28,0.4,0.5,0.0,0.0,0,0,0.0,1780.92,1,0,0.0,15209.44,3,0,0.0,85769.90000000001,10,1,0.1,0
LGS2ORD0037733,C014460,2025-10-26 19:00:00,Male,38,Platinum,TV,Phuket,417,Shopee,COD,19,10,6,1,30-40,13.9,6.0,2.0,0.3333333333333333,39,15,2179.47,0.3,0.5,0.16666666666666666,0.0,0.0,0,0,0.0,4469.75,1,0,0.0,9351.400000000001,3,1,0.3333333333333333,13076.82,6,2,0.3333333333333333,1
LGS2ORD0037734,C017213,2025-10-26 20:00:00,Female,18,Silver,Web,Chiang Mai,422,Lazada,PromptPay,20,10,6,1,<20,14.066666666666666,3.0,0.0,0.0,-1,32,2048.86,0.2,0.6666666666666666,0.0,0.0,0.0,0,0,0.0,0.0,0,0,0.0,2890.75,1,0,0.0,6146.58,3,0,0.0,0
LGS2ORD0037735,C013723,2025-10-26 20:00:00,Male,23,Bronze,TV,Songkhla,726,CallCenter,COD,20,10,6,1,20-30,24.2,10.0,2.0,0.2,106,53,4142.822,0.28,0.5,0.3,0.0,0.0,0,0,0.0,0.0,0,0,0.0,5373.33,2,0,0.0,41428.22,10,2,0.2,0
LGS2ORD0037736,C015976,2025-10-26 20:00:00,Female,40,Bronze,CallCenter,Khon Kaen,681,Web,PromptPay,20,10,6,1,30-40,22.7,3.0,1.0,0.3333333333333333,51,59,1177.2733333333333,0.23,0.6666666666666666,0.3333333333333333,0.0,0.0,0,0,0.0,0.0,0,0,0.0,577.36,1,1,1.0,3531.82,3,1,0.3333333333333333,0
LGS2ORD0037737,C013104,2025-10-26 20:00:00,Male,29,Bronze,Lazada,Chiang Mai,1704,TV_Show,Bank_Transfer,20,10,6,1,20-30,56.8,4.0,0.0,0.0,-1,6,2149.3650000000002,0.18,0.5,0.0,0.0,1236.82,1,0,0.0,1236.82,1,0,0.0,1236.82,1,0,0.0,8597.460000000001,4,0,0.0,0
LGS2ORD0037738,C014613,2025-10-26 20:00:00,Female,35,Gold,CallCenter,Bangkok,1118,TV_Show,Bank_Transfer,20,10,6,1,30-40,37.266666666666666,8.0,3.0,0.375,115,2,8212.122500000001,0.33,0.375,0.375,0.0,1967.25,1,0,0.0,24019.629999999997,3,0,0.0,45415.97,4,0,0.0,65696.98000000001,8,3,0.375,0
LGS2ORD0037739,C011887,2025-10-26 21:00:00,Female,56,Gold,CallCenter,Bangkok,1434,CallCenter,Credit_Card,21,10,6,1,>50,47.8,8.0,3.0,0.375,-11,2,6805.4075,0.33,0.5,0.5,0.0,2930.59,1,1,1.0,2930.59,1,1,1.0,5353.1900000000005,3,2,0.6666666666666666,54443.26,8,3,0.375,1
LGS2ORD0037740,C012697,2025-10-26 21:00:00,Male,45,Bronze,CallCenter,Bangkok,355,Shopee,COD,21,10,6,1,40-50,11.833333333333334,5.0,2.0,0.4,35,20,4103.14,0.28,0.8,0.4,0.0,0.0,0,0,0.0,1250.45,1,0,0.0,6186.429999999999,2,1,0.5,20515.7,5,2,0.4,0
LGS2ORD0037741,C014394,2025-10-26 21:00:00,Male,42,Platinum,TV,Nakhon Ratchasima,1374,Web,COD,21,10,6,1,40-50,45.8,10.0,1.0,0.1,179,97,2987.057,0.35,0.6,0.2,0.0,0.0,0,0,0.0,0.0,0,0,0.0,0.0,0,0,0.0,29870.57,10,1,0.1,1
LGS2ORD0037742,C015754,2025-10-26 21:00:00,Female,69,Bronze,CallCenter,Songkhla,1323,Web,PromptPay,21,10,6,1,>50,44.1,7.0,3.0,0.42857142857142855,155,46,4539.507142857143,0.23,0.42857142857142855,0.2857142857142857,0.0,0.0,0,0,0.0,0.0,0,0,0.0,7740.74,3,0,0.0,31776.55,7,3,0.42857142857142855,0
LGS2ORD0037743,C014836,2025-10-26 21:00:00,Male,51,Silver,TV,Remote_Area,1268,Shopee,Bank_Transfer,21,10,6,1,>50,42.266666666666666,6.0,4.0,0.6666666666666666,16,18,5807.18,0.25,0.3333333333333333,0.16666666666666666,0.0,0.0,0,0,0.0,6315.6,1,1,1.0,24614.68,4,3,0.75,34843.08,6,4,0.6666666666666666,0
LGS2ORD0037744,C012636,2025-10-26 22:00:00,Female,53,Bronze,TV,Nakhon Ratchasima,600,Web,COD,22,10,6,1,>50,20.0,6.0,1.0,0.16666666666666666,150,155,3227.78,0.18,0.3333333333333333,0.0,0.0,0.0,0,0,0.0,0.0,0,0,0.0,0.0,0,0,0.0,19366.68,6,1,0.16666666666666666,0
LGS2ORD0037745,C010512,2025-10-26 22:00:00,Male,38,Gold,TV,Chonburi,1231,Shopee,COD,22,10,6,1,30-40,41.03333333333333,3.0,0.0,0.0,-1,9,3065.1366666666668,0.33,0.3333333333333333,0.6666666666666666,0.0,0.0,0,0,0.0,1684.01,1,0,0.0,5170.2,2,0,0.0,9195.41,3,0,0.0,0
LGS2ORD0037746,C013334,2025-10-26 22:00:00,Female,59,Bronze,Web,Bangkok,542,CallCenter,COD,22,10,6,1,>50,18.066666666666666,9.0,3.0,0.3333333333333333,46,52,5289.113333333333,0.28,0.6666666666666666,0.3333333333333333,0.0,0.0,0,0,0.0,0.0,0,0,0.0,7549.84,2,1,0.5,47602.02,9,3,0.3333333333333333,1
LGS2ORD0037747,C014249,2025-10-26 22:00:00,Female,41,Gold,Web,Remote_Area,1369,Lazada,COD,22,10,6,1,40-50,45.63333333333333,5.0,2.0,0.4,5,19,4155.194,0.33,0.4,0.4,0.0,0.0,0,0,0.0,4896.84,1,1,1.0,4896.84,1,1,1.0,20775.97,5,2,0.4,0
LGS2ORD0037748,C015299,2025-10-26 22:00:00,Male,41,Bronze,CallCenter,Bangkok,1753,Lazada,COD,22,10,6,1,40-50,58.43333333333333,7.0,0.0,0.0,-1,35,7490.5199999999995,0.28,0.7142857142857143,0.42857142857142855,0.0,0.0,0,0,0.0,0.0,0,0,0.0,33745.770000000004,2,0,0.0,52433.64,7,0,0.0,0
LGS2ORD0037749,C016658,2025-10-26 23:00:00,Male,47,Silver,Lazada,Chiang Mai,720,Shopee,Credit_Card,23,10,6,1,40-50,24.0,11.0,4.0,0.36363636363636365,22,37,8600.239090909092,0.3,0.5454545454545454,0.45454545454545453,0.0,0.0,0,0,0.0,0.0,0,0,0.0,55644.40000000001,7,3,0.42857142857142855,94602.63,11,4,0.36363636363636365,0
LGS2ORD0037750,C012614,2025-10-26 23:00:00,Female,43,Gold,Web,Chiang Mai,558,TV_Show,COD,23,10,6,1,40-50,18.6,1.0,0.0,0.0,-1,43,4043.74,0.13,1.0,0.0,0.0,0.0,0,0,0.0,0.0,0,0,0.0,4043.74,1,0,0.0,4043.74,1,0,0.0,0
LGS2ORD0037751,C011080,2025-10-26 23:00:00,Female,51,Gold,Web,Bangkok,670,TV_Show,COD,23,10,6,1,>50,22.333333333333332,2.0,1.0,0.5,127,139,14438.125,0.2299999999999999,1.0,0.5,0.0,0.0,0,0,0.0,0.0,0,0,0.0,0.0,0,0,0.0,28876.25,2,1,0.5,0
LGS2ORD0037752,C013277,2025-10-26 23:00:00,Female,41,Bronze,TV,Chonburi,833,CallCenter,Credit_Card,23,10,6,1,40-50,27.766666666666666,5.0,0.0,0.0,-1,90,1252.2679999999998,0.18,0.6,0.0,0.0,0.0,0,0,0.0,0.0,0,0,0.0,0.0,0,0,0.0,6261.339999999999,5,0,0.0,1
LGS2ORD0037753,C016795,2025-10-26 23:00:00,Male,42,Bronze,Web,Bangkok,1208,TV_Show,PromptPay,23,10,6,1,40-50,40.266666666666666,7.0,2.0,0.2857142857142857,3,13,7063.4857142857145,0.23,0.8571428571428571,0.14285714285714285,0.0,0.0,0,0,0.0,616.38,1,1,1.0,5638.97,2,1,0.5,49444.4,7,2,0.2857142857142857,0
LGS2ORD0037754,C013898,2025-10-26 23:00:00,Female,32,Bronze,Shopee,Chonburi,442,TV_Show,COD,23,10,6,1,30-40,14.733333333333333,4.0,3.0,0.75,28,37,6246.972500000001,0.23,0.5,0.25,0.0,0.0,0,0,0.0,0.0,0,0,0.0,6796.42,3,2,0.6666666666666666,24987.890000000003,4,3,0.75,1
LGS2ORD0037755,C010731,2025-10-27 00:00:00,Female,30,Silver,TV,Khon Kaen,679,Lazada,COD,0,10,0,0,20-30,22.633333333333333,8.0,2.0,0.25,175,4,2753.80125,0.3,0.75,0.5,0.0,2797.85,1,0,0.0,2797.85,1,0,0.0,11819.9,3,0,0.0,22030.41,8,2,0.25,1
LGS2ORD0037756,C012183,2025-10-27 00:00:00,Male,45,Silver,Lazada,Nakhon Ratchasima,1603,Web,Credit_Card,0,10,0,0,40-50,53.43333333333333,3.0,1.0,0.3333333333333333,60,68,2476.98,0.25,0.0,0.3333333333333333,0.0,0.0,0,0,0.0,0.0,0,0,0.0,5503.41,2,1,0.5,7430.94,3,1,0.3333333333333333,0
LGS2ORD0037757,C011305,2025-10-27 00:00:00,Female,40,Silver,Web,Bangkok,315,Lazada,COD,0,10,0,0,30-40,10.5,8.0,1.0,0.125,-2,9,6685.695000000001,0.3,0.75,0.5,0.0,0.0,0,0,0.0,7112.12,1,1,1.0,13436.720000000001,2,1,0.5,53485.560000000005,8,1,0.125,0
LGS2ORD0037758,C011994,2025-10-27 00:00:00,Male,47,Silver,TV,Chonburi,1107,CallCenter,COD,0,10,0,0,40-50,36.9,10.0,2.0,0.2,-3,2,3457.1040000000003,0.3,0.8,0.3,0.0,6690.24,1,1,1.0,6690.24,1,1,1.0,7999.4,3,1,0.3333333333333333,34571.04,10,2,0.2,1
LGS2ORD0037759,C017412,2025-10-27 00:00:00,Female,34,Silver,Lazada,Remote_Area,501,Web,Bank_Transfer,0,10,0,0,30-40,16.7,7.0,1.0,0.14285714285714285,94,13,7388.921428571428,0.3,0.5714285714285714,0.14285714285714285,0.0,0.0,0,0,0.0,7447.2,2,0,0.0,7447.2,2,0,0.0,51722.45,7,1,0.14285714285714285,0
LGS2ORD0037760,C011069,2025-10-27 01:00:00,Female,47,Silver,Lazada,Phuket,643,TV_Show,PromptPay,1,10,0,0,40-50,21.433333333333334,6.0,1.0,0.16666666666666666,70,57,5956.423333333333,0.25,0.6666666666666666,0.3333333333333333,0.0,0.0,0,0,0.0,0.0,0,0,0.0,22413.57,2,1,0.5,35738.54,6,1,0.16666666666666666,0
LGS2ORD0037761,C016552,2025-10-27 01:00:00,Female,18,Bronze,Lazada,Bangkok,752,Web,Credit_Card,1,10,0,0,<20,25.066666666666666,6.0,1.0,0.16666666666666666,211,57,6459.05,0.28,0.3333333333333333,0.3333333333333333,0.0,0.0,0,0,0.0,0.0,0,0,0.0,22783.29,2,0,0.0,38754.3,6,1,0.16666666666666666,0
LGS2ORD0037762,C015296,2025-10-27 01:00:00,Female,39,Bronze,Shopee,Songkhla,802,Shopee,COD,1,10,0,0,30-40,26.733333333333334,5.0,2.0,0.4,132,110,3534.3160000000003,0.28,0.6,0.4,0.0,0.0,0,0,0.0,0.0,0,0,0.0,0.0,0,0,0.0,17671.58,5,2,0.4,1
LGS2ORD0037763,C015953,2025-10-27 01:00:00,Female,27,Silver,Lazada,Chiang Mai,570,Web,COD,1,10,0,0,20-30,19.0,6.0,2.0,0.3333333333333333,126,47,3564.1866666666665,0.3,0.6666666666666666,0.16666666666666666,0.0,0.0,0,0,0.0,0.0,0,0,0.0,2944.07,1,0,0.0,21385.12,6,2,0.3333333333333333,0
LGS2ORD0037764,C010595,2025-10-27 01:00:00,Female,62,Bronze,Web,Phuket,941,TV_Show,PromptPay,1,10,0,0,>50,31.366666666666667,7.0,5.0,0.7142857142857143,14,30,12572.487142857144,0.23,0.5714285714285714,0.14285714285714285,0.0,0.0,0,0,0.0,0.0,0,0,0.0,50865.44,3,2,0.6666666666666666,88007.41,7,5,0.7142857142857143,0
LGS2ORD0037765,C010549,2025-10-27 02:00:00,Male,62,Gold,Shopee,Nakhon Ratchasima,1376,Lazada,Bank_Transfer,2,10,0,0,>50,45.86666666666667,6.0,0.0,0.0,-1,122,7004.808333333333,0.28,0.8333333333333334,0.5,0.0,0.0,0,0,0.0,0.0,0,0,0.0,0.0,0,0,0.0,42028.85,6,0,0.0,1
LGS2ORD0037766,C014021,2025-10-27 02:00:00,Female,42,Bronze,Shopee,Bangkok,777,Lazada,COD,2,10,0,0,40-50,25.9,1.0,1.0,1.0,169,180,1837.03,0.28,1.0,1.0,0.0,0.0,0,0,0.0,0.0,0,0,0.0,0.0,0,0,0.0,1837.03,1,1,1.0,0
LGS2ORD0037767,C017782,2025-10-27 02:00:00,Female,60,Platinum,TV,Bangkok,1637,Shopee,Bank_Transfer,2,10,0,0,>50,54.56666666666667,4.0,0.0,0.0,-1,57,3611.4225,0.3,0.0,0.5,0.0,0.0,0,0,0.0,0.0,0,0,0.0,7976.280000000001,2,0,0.0,14445.69,4,0,0.0,0
LGS2ORD0037768,C011251,2025-10-27 02:00:00,Male,33,Silver,TV,Chonburi,802,TV_Show,COD,2,10,0,0,30-40,26.733333333333334,3.0,1.0,0.3333333333333333,55,73,5691.096666666667,0.25,0.3333333333333333,0.3333333333333333,0.0,0.0,0,0,0.0,0.0,0,0,0.0,11467.15,2,1,0.5,17073.29,3,1,0.3333333333333333,0
LGS2ORD0037769,C011079,2025-10-27 02:00:00,Female,20,Silver,Shopee,Khon Kaen,952,TV_Show,COD,2,10,0,0,<20,31.733333333333334,4.0,1.0,0.25,158,170,7880.1875,0.1,1.0,0.0,0.0,0.0,0,0,0.0,0.0,0,0,0.0,0.0,0,0,0.0,31520.75,4,1,0.25,0
LGS2ORD0037770,C014613,2025-10-27 03:00:00,Female,35,Gold,CallCenter,Bangkok,1119,CallCenter,PromptPay,3,10,0,0,30-40,37.3,9.0,3.0,0.3333333333333333,115,0,7355.9144444444455,0.33,0.3333333333333333,0.3333333333333333,0.0,2473.5,2,0,0.0,24525.879999999997,4,0,0.0,45922.22,5,0,0.0,66203.23000000001,9,3,0.3333333333333333,1
LGS2ORD0037771,C015258,2025-10-27 03:00:00,Male,40,Silver,Web,Khon Kaen,1675,TV_Show,COD,3,10,0,0,30-40,55.833333333333336,7.0,0.0,0.0,-1,21,3902.7428571428572,0.3,0.5714285714285714,0.2857142857142857,0.0,0.0,0,0,0.0,2156.42,2,0,0.0,2156.42,2,0,0.0,27319.2,7,0,0.0,0
LGS2ORD0037772,C014313,2025-10-27 03:00:00,Female,49,Bronze,Shopee,Chiang Mai,380,Web,COD,3,10,0,0,40-50,12.666666666666666,5.0,1.0,0.2,191,114,6820.642,0.23,0.6,0.2,0.0,0.0,0,0,0.0,0.0,0,0,0.0,0.0,0,0,0.0,34103.21,5,1,0.2,0
LGS2ORD0037773,C011735,2025-10-27 03:00:00,Female,28,Bronze,TV,Bangkok,985,TV_Show,COD,3,10,0,0,20-30,32.833333333333336,6.0,2.0,0.3333333333333333,125,57,2931.515,0.23,0.3333333333333333,0.3333333333333333,0.0,0.0,0,0,0.0,0.0,0,0,0.0,1049.39,2,0,0.0,17589.09,6,2,0.3333333333333333,0
LGS2ORD0037774,C016936,2025-10-27 03:00:00,Male,35,Bronze,CallCenter,Chonburi,891,TV_Show,Credit_Card,3,10,0,0,30-40,29.7,7.0,1.0,0.14285714285714285,269,27,5731.490000000001,0.28,0.5714285714285714,0.2857142857142857,0.0,0.0,0,0,0.0,7353.52,1,0,0.0,14174.52,2,0,0.0,40120.43000000001,7,1,0.14285714285714285,0
LGS2ORD0037775,C010994,2025-10-27 03:00:00,Female,35,Silver,Lazada,Bangkok,1316,Shopee,PromptPay,3,10,0,0,30-40,43.86666666666667,4.0,1.0,0.25,209,52,6126.8925,0.25,0.0,0.25,0.0,0.0,0,0,0.0,0.0,0,0,0.0,20152.89,2,0,0.0,24507.57,4,1,0.25,0
LGS2ORD0037776,C014754,2025-10-27 04:00:00,Female,63,Bronze,TV,Songkhla,1070,Web,Credit_Card,4,10,0,0,>50,35.666666666666664,6.0,2.0,0.3333333333333333,80,32,4918.8983333333335,0.28,0.6666666666666666,0.5,0.0,0.0,0,0,0.0,0.0,0,0,0.0,6049.889999999999,2,1,0.5,29513.39,6,2,0.3333333333333333,0
LGS2ORD0037777,C017627,2025-10-27 04:00:00,Male,45,Bronze,Shopee,Bangkok,313,CallCenter,COD,4,10,0,0,40-50,10.433333333333334,6.0,1.0,0.16666666666666666,271,43,7943.169999999999,0.28,0.5,0.3333333333333333,0.0,0.0,0,0,0.0,0.0,0,0,0.0,13383.4,3,0,0.0,47659.02,6,1,0.16666666666666666,1
LGS2ORD0037778,C011833,2025-10-27 04:00:00,Female,37,Bronze,Lazada,Remote_Area,1157,TV_Show,PromptPay,4,10,0,0,30-40,38.56666666666667,5.0,1.0,0.2,268,27,2801.656,0.23,0.6,0.2,0.0,0.0,0,0,0.0,4434.19,1,0,0.0,7010.039999999999,2,0,0.0,14008.279999999999,5,1,0.2,0
LGS2ORD0037779,C014554,2025-10-27 04:00:00,Female,50,Silver,TV,Chonburi,1296,Shopee,PromptPay,4,10,0,0,40-50,43.2,8.0,2.0,0.25,73,31,3380.955,0.25,0.5,0.125,0.0,0.0,0,0,0.0,0.0,0,0,0.0,5453.55,2,1,0.5,27047.64,8,2,0.25,0
LGS2ORD0037780,C016620,2025-10-27 04:00:00,Female,48,Gold,TV,Bangkok,1760,CallCenter,Bank_Transfer,4,10,0,0,40-50,58.666666666666664,2.0,0.0,0.0,-1,174,2230.9300000000003,0.33,0.5,1.0,0.0,0.0,0,0,0.0,0.0,0,0,0.0,0.0,0,0,0.0,4461.860000000001,2,0,0.0,0
LGS2ORD0037781,C017355,2025-10-27 05:00:00,Male,64,Bronze,Lazada,Bangkok,1603,Shopee,COD,5,10,0,0,>50,53.43333333333333,1.0,0.0,0.0,-1,135,2114.24,0.18,0.0,0.0,0.0,0.0,0,0,0.0,0.0,0,0,0.0,0.0,0,0,0.0,2114.24,1,0,0.0,0
LGS2ORD0037782,C011448,2025-10-27 05:00:00,Male,65,Silver,Lazada,Bangkok,1156,Shopee,Credit_Card,5,10,0,0,>50,38.53333333333333,5.0,0.0,0.0,-1,20,6087.5779999999995,0.25,0.8,0.4,0.0,0.0,0,0,0.0,4996.55,2,0,0.0,5697.92,3,0,0.0,30437.89,5,0,0.0,0
LGS2ORD0037783,C010994,2025-10-27 05:00:00,Female,35,Silver,Lazada,Bangkok,1316,Shopee,COD,5,10,0,0,30-40,43.86666666666667,5.0,1.0,0.2,209,0,11325.66,0.25,0.0,0.2,0.0,32120.73,1,0,0.0,32120.73,1,0,0.0,52273.619999999995,3,0,0.0,56628.3,5,1,0.2,1
LGS2ORD0037784,C010083,2025-10-27 05:00:00,Male,45,Gold,TV,Khon Kaen,454,Web,PromptPay,5,10,0,0,40-50,15.133333333333333,8.0,1.0,0.125,221,61,5266.93125,0.28,0.625,0.25,0.0,0.0,0,0,0.0,0.0,0,0,0.0,12338.34,1,0,0.0,42135.45,8,1,0.125,0
LGS2ORD0037785,C016273,2025-10-27 05:00:00,Female,55,Gold,TV,Phuket,338,Web,COD,5,10,0,0,>50,11.266666666666667,5.0,3.0,0.6,73,75,6539.7119999999995,0.33,0.6,0.8,0.0,0.0,0,0,0.0,0.0,0,0,0.0,3464.57,1,1,1.0,32698.559999999998,5,3,0.6,0
LGS2ORD0037786,C013527,2025-10-27 06:00:00,Female,41,Bronze,Lazada,Khon Kaen,1402,Web,Credit_Card,6,10,0,0,40-50,46.733333333333334,4.0,0.0,0.0,-1,63,13773.6125,0.23,0.75,0.5,0.0,0.0,0,0,0.0,0.0,0,0,0.0,1773.95,1,0,0.0,55094.45,4,0,0.0,0
LGS2ORD0037787,C010113,2025-10-27 06:00:00,Female,52,Bronze,Lazada,Remote_Area,1668,Web,Credit_Card,6,10,0,0,>50,55.6,4.0,1.0,0.25,74,62,6368.1,0.03,0.25,0.0,0.0,0.0,0,0,0.0,0.0,0,0,0.0,8668.57,3,1,0.3333333333333333,25472.4,4,1,0.25,0
LGS2ORD0037788,C016039,2025-10-27 06:00:00,Female,30,Gold,Web,Bangkok,338,TV_Show,Credit_Card,6,10,0,0,20-30,11.266666666666667,4.0,1.0,0.25,121,25,9836.355,0.28,0.25,0.25,0.0,0.0,0,0,0.0,4836.29,1,0,0.0,9186.71,2,0,0.0,39345.42,4,1,0.25,0
LGS2ORD0037789,C014423,2025-10-27 06:00:00,Female,50,Gold,Lazada,Bangkok,1565,TV_Show,Bank_Transfer,6,10,0,0,40-50,52.166666666666664,4.0,1.0,0.25,221,96,8776.7175,0.18,0.25,0.0,0.0,0.0,0,0,0.0,0.0,0,0,0.0,0.0,0,0,0.0,35106.87,4,1,0.25,1
LGS2ORD0037790,C012612,2025-10-27 06:00:00,Male,46,Bronze,Shopee,Bangkok,1353,Lazada,COD,6,10,0,0,40-50,45.1,7.0,2.0,0.2857142857142857,17,0,4942.601428571428,0.28,0.8571428571428571,0.5714285714285714,0.0,4280.52,1,0,0.0,4280.52,1,0,0.0,19439.89,3,1,0.3333333333333333,34598.21,7,2,0.2857142857142857,0
LGS2ORD0037791,C012814,2025-10-27 07:00:00,Female,59,Platinum,TV,Bangkok,789,Web,Bank_Transfer,7,10,0,0,>50,26.3,3.0,1.0,0.3333333333333333,291,74,2983.796666666667,0.15,0.3333333333333333,0.0,0.0,0.0,0,0,0.0,0.0,0,0,0.0,925.76,1,0,0.0,8951.390000000001,3,1,0.3333333333333333,0
LGS2ORD0037792,C012210,2025-10-27 07:00:00,Female,59,Silver,CallCenter,Chiang Mai,1721,Shopee,Bank_Transfer,7,10,0,0,>50,57.36666666666667,1.0,1.0,1.0,163,180,1092.2,0.1,1.0,0.0,0.0,0.0,0,0,0.0,0.0,0,0,0.0,0.0,0,0,0.0,1092.2,1,1,1.0,0
LGS2ORD0037793,C015108,2025-10-27 07:00:00,Male,30,Bronze,Lazada,Nakhon Ratchasima,831,Lazada,PromptPay,7,10,0,0,20-30,27.7,9.0,4.0,0.4444444444444444,-4,2,7557.456666666665,0.18,0.4444444444444444,0.0,0.0,5627.4,1,1,1.0,20100.449999999997,2,2,1.0,24626.870000000003,4,2,0.5,68017.10999999999,9,4,0.4444444444444444,0
LGS2ORD0037794,C017425,2025-10-27 07:00:00,Male,42,Bronze,TV,Bangkok,1295,Lazada,COD,7,10,0,0,40-50,43.166666666666664,3.0,0.0,0.0,-1,22,2626.7433333333333,0.28,0.3333333333333333,0.6666666666666666,0.0,0.0,0,0,0.0,3730.3,1,0,0.0,5014.6900000000005,2,0,0.0,7880.2300000000005,3,0,0.0,0
LGS2ORD0037795,C010408,2025-10-27 07:00:00,Male,28,Platinum,Lazada,Nakhon Ratchasima,950,Lazada,COD,7,10,0,0,20-30,31.666666666666668,2.0,0.0,0.0,-1,131,417.20500000000004,0.3,0.5,1.0,0.0,0.0,0,0,0.0,0.0,0,0,0.0,0.0,0,0,0.0,834.4100000000001,2,0,0.0,1
LGS2ORD0037796,C016357,2025-10-27 07:00:00,Female,52,Bronze,Web,Bangkok,595,TV_Show,COD,7,10,0,0,>50,19.833333333333332,3.0,0.0,0.0,-1,129,7624.509999999999,0.28,0.3333333333333333,0.3333333333333333,0.0,0.0,0,0,0.0,0.0,0,0,0.0,0.0,0,0,0.0,22873.53,3,0,0.0,0
LGS2ORD0037797,C017877,2025-10-27 08:00:00,Male,39,Bronze,Shopee,Phuket,892,Shopee,COD,8,10,0,0,30-40,29.733333333333334,4.0,2.0,0.5,39,56,1284.8375,0.28,0.75,0.75,0.0,0.0,0,0,0.0,0.0,0,0,0.0,1509.35,2,1,0.5,5139.35,4,2,0.5,1
LGS2ORD0037798,C011984,2025-10-27 08:00:00,Male,44,Bronze,TV,Khon Kaen,417,TV_Show,Credit_Card,8,10,0,0,40-50,13.9,3.0,0.0,0.0,-1,58,2127.6633333333334,0.23,0.3333333333333333,0.3333333333333333,0.0,0.0,0,0,0.0,0.0,0,0,0.0,754.01,1,0,0.0,6382.99,3,0,0.0,0
LGS2ORD0037799,C012135,2025-10-27 08:00:00,Female,60,Silver,Web,Bangkok,921,Lazada,COD,8,10,0,0,>50,30.7,4.0,1.0,0.25,211,110,1496.0500000000002,0.3,0.5,0.25,0.0,0.0,0,0,0.0,0.0,0,0,0.0,0.0,0,0,0.0,5984.200000000001,4,1,0.25,0
LGS2ORD0037800,C013878,2025-10-27 08:00:00,Male,31,Gold,TV,Chiang Mai,1183,TV_Show,Credit_Card,8,10,0,0,30-40,39.43333333333333,6.0,0.0,0.0,-1,122,4517.318333333333,0.33,0.16666666666666666,0.3333333333333333,0.0,0.0,0,0,0.0,0.0,0,0,0.0,0.0,0,0,0.0,27103.909999999996,6,0,0.0,1
LGS2ORD0037801,C017684,2025-10-27 08:00:00,Female,57,Platinum,Web,Khon Kaen,742,TV_Show,COD,8,10,0,0,>50,24.733333333333334,5.0,1.0,0.2,272,10,4022.9,0.3,0.4,0.8,0.0,0.0,0,0,0.0,4619.52,1,0,0.0,5754.210000000001,2,0,0.0,20114.5,5,1,0.2,0
LGS2ORD0037802,C010553,2025-10-27 09:00:00,Female,62,Bronze,Shopee,Bangkok,1367,TV_Show,COD,9,10,0,0,>50,45.56666666666667,7.0,2.0,0.2857142857142857,89,55,4542.322857142857,0.23,0.5714285714285714,0.14285714285714285,0.0,0.0,0,0,0.0,0.0,0,0,0.0,6563.37,1,0,0.0,31796.260000000002,7,2,0.2857142857142857,0
LGS2ORD0037803,C011323,2025-10-27 09:00:00,Male,36,Silver,Web,Nakhon Ratchasima,884,Lazada,Credit_Card,9,10,0,0,30-40,29.466666666666665,7.0,1.0,0.14285714285714285,273,34,8682.461428571429,0.25,0.7142857142857143,0.14285714285714285,0.0,0.0,0,0,0.0,0.0,0,0,0.0,13225.26,1,0,0.0,60777.229999999996,7,1,0.14285714285714285,0
LGS2ORD0037804,C015166,2025-10-27 09:00:00,Male,33,Silver,Shopee,Nakhon Ratchasima,1726,Web,PromptPay,9,10,0,0,30-40,57.53333333333333,2.0,0.0,0.0,-1,112,9080.22,0.05,1.0,0.0,0.0,0.0,0,0,0.0,0.0,0,0,0.0,0.0,0,0,0.0,18160.44,2,0,0.0,0
LGS2ORD0037805,C016395,2025-10-27 09:00:00,Male,45,Bronze,Shopee,Nakhon Ratchasima,1195,TV_Show,Bank_Transfer,9,10,0,0,40-50,39.833333333333336,11.0,3.0,0.2727272727272727,174,29,4742.977272727272,0.28,0.45454545454545453,0.45454545454545453,0.0,0.0,0,0,0.0,1634.52,1,0,0.0,24933.090000000004,4,0,0.0,52172.74999999999,11,3,0.2727272727272727,0
LGS2ORD0037806,C014572,2025-10-27 09:00:00,Male,58,Platinum,Web,Bangkok,1370,CallCenter,PromptPay,9,10,0,0,>50,45.666666666666664,3.0,1.0,0.3333333333333333,67,29,3864.91,0.3,0.3333333333333333,0.3333333333333333,0.0,0.0,0,0,0.0,3022.71,1,0,0.0,5210.46,2,1,0.5,11594.73,3,1,0.3333333333333333,0
LGS2ORD0037807,C014264,2025-10-27 10:00:00,Female,41,Bronze,Shopee,Chiang Mai,996,Lazada,Credit_Card,10,10,0,0,40-50,33.2,6.0,1.0,0.16666666666666666,136,45,8948.823333333334,0.23,0.6666666666666666,0.3333333333333333,0.0,0.0,0,0,0.0,0.0,0,0,0.0,2633.41,1,0,0.0,53692.94,6,1,0.16666666666666666,0
LGS2ORD0037808,C010700,2025-10-27 10:00:00,Male,32,Bronze,CallCenter,Chiang Mai,772,CallCenter,PromptPay,10,10,0,0,30-40,25.733333333333334,6.0,2.0,0.3333333333333333,72,77,6283.696666666667,0.23,0.6666666666666666,0.16666666666666666,0.0,0.0,0,0,0.0,0.0,0,0,0.0,6807.12,3,2,0.6666666666666666,37702.18,6,2,0.3333333333333333,0
LGS2ORD0037809,C011679,2025-10-27 10:00:00,Female,47,Gold,TV,Songkhla,536,CallCenter,COD,10,10,0,0,40-50,17.866666666666667,6.0,1.0,0.16666666666666666,134,94,6002.396666666667,0.28,0.3333333333333333,0.5,0.0,0.0,0,0,0.0,0.0,0,0,0.0,0.0,0,0,0.0,36014.380000000005,6,1,0.16666666666666666,1
LGS2ORD0037810,C016316,2025-10-27 10:00:00,Male,51,Silver,Lazada,Chiang Mai,1055,CallCenter,COD,10,10,0,0,>50,35.166666666666664,6.0,0.0,0.0,-1,106,4384.041666666667,0.3,0.6666666666666666,0.3333333333333333,0.0,0.0,0,0,0.0,0.0,0,0,0.0,0.0,0,0,0.0,26304.250000000004,6,0,0.0,0
LGS2ORD0037811,C015384,2025-10-27 10:00:00,Male,34,Silver,CallCenter,Chonburi,961,Shopee,Credit_Card,10,10,0,0,30-40,32.03333333333333,5.0,2.0,0.4,171,92,5938.0380000000005,0.1,0.6,0.0,0.0,0.0,0,0,0.0,0.0,0,0,0.0,0.0,0,0,0.0,29690.190000000002,5,2,0.4,0
LGS2ORD0037812,C011026,2025-10-27 11:00:00,Male,31,Bronze,Web,Bangkok,1202,CallCenter,COD,11,10,0,0,30-40,40.06666666666667,8.0,1.0,0.125,67,82,6496.7074999999995,0.18,0.625,0.0,0.0,0.0,0,0,0.0,0.0,0,0,0.0,4053.04,2,1,0.5,51973.659999999996,8,1,0.125,0
LGS2ORD0037813,C017736,2025-10-27 11:00:00,Male,45,Gold,Lazada,Chonburi,884,Shopee,COD,11,10,0,0,40-50,29.466666666666665,4.0,1.0,0.25,200,75,1362.7725,0.28,0.75,0.75,0.0,0.0,0,0,0.0,0.0,0,0,0.0,1542.91,1,0,0.0,5451.09,4,1,0.25,0
LGS2ORD0037814,C012440,2025-10-27 11:00:00,Female,48,Silver,TV,Khon Kaen,909,Web,Credit_Card,11,10,0,0,40-50,30.3,7.0,0.0,0.0,-1,16,2951.2,0.25,0.2857142857142857,0.2857142857142857,0.0,0.0,0,0,0.0,438.59,1,0,0.0,438.59,1,0,0.0,20658.399999999998,7,0,0.0,0
LGS2ORD0037815,C011207,2025-10-27 11:00:00,Female,54,Gold,Shopee,Chonburi,496,TV_Show,COD,11,10,0,0,>50,16.533333333333335,2.0,0.0,0.0,-1,19,2014.9899999999998,0.33,0.5,0.5,0.0,0.0,0,0,0.0,2708.62,1,0,0.0,2708.62,1,0,0.0,4029.9799999999996,2,0,0.0,0
LGS2ORD0037816,C010927,2025-10-27 11:00:00,Female,42,Bronze,TV,Chonburi,1406,Lazada,Credit_Card,11,10,0,0,40-50,46.86666666666667,3.0,1.0,0.3333333333333333,78,85,4633.806666666666,0.23,1.0,0.3333333333333333,0.0,0.0,0,0,0.0,0.0,0,0,0.0,4818.62,2,1,0.5,13901.419999999998,3,1,0.3333333333333333,0
LGS2ORD0037817,C017245,2025-10-27 11:00:00,Male,60,Bronze,Shopee,Khon Kaen,465,Shopee,Credit_Card,11,10,0,0,>50,15.5,4.0,1.0,0.25,257,218,7060.504999999999,0.18,0.25,0.0,0.0,0.0,0,0,0.0,0.0,0,0,0.0,0.0,0,0,0.0,28242.019999999997,4,1,0.25,0
LGS2ORD0037818,C013692,2025-10-27 12:00:00,Male,48,Gold,TV,Nakhon Ratchasima,601,Web,PromptPay,12,10,0,0,40-50,20.033333333333335,5.0,2.0,0.4,6,14,4432.052000000001,0.28,0.8,0.8,0.0,0.0,0,0,0.0,16598.83,1,1,1.0,21090.46,4,2,0.5,22160.260000000002,5,2,0.4,0
LGS2ORD0037819,C017951,2025-10-27 12:00:00,Male,52,Bronze,Shopee,Bangkok,993,Shopee,COD,12,10,0,0,>50,33.1,2.0,1.0,0.5,184,192,1760.885,0.23,0.5,0.5,0.0,0.0,0,0,0.0,0.0,0,0,0.0,0.0,0,0,0.0,3521.77,2,1,0.5,1
LGS2ORD0037820,C011379,2025-10-27 12:00:00,Female,33,Bronze,CallCenter,Nakhon Ratchasima,1378,Lazada,Bank_Transfer,12,10,0,0,30-40,45.93333333333333,10.0,3.0,0.3,105,65,4610.228,0.23,0.5,0.4,0.1,0.0,0,0,0.0,0.0,0,0,0.0,27817.03,2,0,0.0,46102.28,10,3,0.3,0
LGS2ORD0037821,C011034,2025-10-27 12:00:00,Female,44,Gold,CallCenter,Nakhon Ratchasima,697,CallCenter,Credit_Card,12,10,0,0,40-50,23.233333333333334,6.0,2.0,0.3333333333333333,92,72,7308.256666666667,0.28,0.5,0.6666666666666666,0.0,0.0,0,0,0.0,0.0,0,0,0.0,4718.43,1,0,0.0,43849.54,6,2,0.3333333333333333,1
LGS2ORD0037822,C012988,2025-10-27 12:00:00,Male,48,Bronze,Shopee,Nakhon Ratchasima,1499,CallCenter,COD,12,10,0,0,40-50,49.96666666666667,4.0,0.0,0.0,-1,44,1471.19,0.18,0.75,0.0,0.0,0.0,0,0,0.0,0.0,0,0,0.0,3981.64,1,0,0.0,5884.76,4,0,0.0,0
LGS2ORD0037823,C011229,2025-10-27 13:00:00,Male,42,Silver,Web,Bangkok,1650,Shopee,Credit_Card,13,10,0,0,40-50,55.0,4.0,1.0,0.25,118,9,3909.765,0.1,0.5,0.0,0.0,0.0,0,0,0.0,3573.99,1,0,0.0,3573.99,1,0,0.0,15639.06,4,1,0.25,1
LGS2ORD0037824,C014205,2025-10-27 13:00:00,Male,35,Bronze,TV,Songkhla,390,Web,PromptPay,13,10,0,0,30-40,13.0,6.0,2.0,0.3333333333333333,216,67,2728.8016666666667,0.28,0.6666666666666666,0.5,0.0,0.0,0,0,0.0,0.0,0,0,0.0,7368.58,2,0,0.0,16372.81,6,2,0.3333333333333333,0
LGS2ORD0037825,C013648,2025-10-27 13:00:00,Female,61,Bronze,TV,Bangkok,714,Shopee,COD,13,10,0,0,>50,23.8,6.0,1.0,0.16666666666666666,122,9,11419.818333333335,0.28,0.5,0.3333333333333333,0.0,0.0,0,0,0.0,26791.87,1,0,0.0,26791.87,1,0,0.0,68518.91,6,1,0.16666666666666666,0
LGS2ORD0037826,C011246,2025-10-27 13:00:00,Male,60,Silver,TV,Bangkok,1446,CallCenter,COD,13,10,0,0,>50,48.2,3.0,1.0,0.3333333333333333,235,235,4908.293333333333,0.25,0.3333333333333333,0.3333333333333333,0.0,0.0,0,0,0.0,0.0,0,0,0.0,0.0,0,0,0.0,14724.88,3,1,0.3333333333333333,0
LGS2ORD0037827,C017667,2025-10-27 13:00:00,Female,41,Bronze,Shopee,Chiang Mai,585,TV_Show,PromptPay,13,10,0,0,40-50,19.5,10.0,4.0,0.4,-12,0,5143.749999999999,0.28,0.6,0.2,0.0,6519.7,1,1,1.0,6519.7,1,1,1.0,8286.119999999999,3,1,0.3333333333333333,51437.49999999999,10,4,0.4,0
LGS2ORD0037828,C012857,2025-10-27 14:00:00,Male,54,Bronze,Web,Chonburi,938,TV_Show,COD,14,10,0,0,>50,31.266666666666666,4.0,2.0,0.5,195,45,3038.95,0.18,0.75,0.0,0.0,0.0,0,0,0.0,0.0,0,0,0.0,1795.4,1,0,0.0,12155.8,4,2,0.5,1
LGS2ORD0037829,C014315,2025-10-27 14:00:00,Male,47,Silver,Shopee,Bangkok,1375,CallCenter,COD,14,10,0,0,40-50,45.833333333333336,1.0,0.0,0.0,-1,183,3485.41,0.25,1.0,1.0,0.0,0.0,0,0,0.0,0.0,0,0,0.0,0.0,0,0,0.0,3485.41,1,0,0.0,0
LGS2ORD0037830,C017733,2025-10-27 14:00:00,Male,45,Silver,TV,Songkhla,1119,Shopee,COD,14,10,0,0,40-50,37.3,3.0,0.0,0.0,-1,92,6767.389999999999,0.2,0.6666666666666666,0.0,0.0,0.0,0,0,0.0,0.0,0,0,0.0,0.0,0,0,0.0,20302.17,3,0,0.0,1
LGS2ORD0037831,C012973,2025-10-27 14:00:00,Female,32,Silver,Lazada,Nakhon Ratchasima,754,CallCenter,COD,14,10,0,0,30-40,25.133333333333333,2.0,1.0,0.5,126,134,5545.9400000000005,0.3,0.5,0.5,0.0,0.0,0,0,0.0,0.0,0,0,0.0,0.0,0,0,0.0,11091.880000000001,2,1,0.5,0
LGS2ORD0037832,C013371,2025-10-27 14:00:00,Male,40,Gold,Shopee,Chiang Mai,1172,CallCenter,Credit_Card,14,10,0,0,30-40,39.06666666666667,0.0,0.0,0.0,-1,-1,0.0,0.0,0.0,0.0,0.0,0.0,0,0,0.0,0.0,0,0,0.0,0.0,0,0,0.0,0.0,0,0,0.0,0
LGS2ORD0037833,C012845,2025-10-27 14:00:00,Female,18,Bronze,Web,Remote_Area,365,CallCenter,Credit_Card,14,10,0,0,<20,12.166666666666666,4.0,3.0,0.75,135,144,2933.8849999999998,0.23,1.0,0.5,0.0,0.0,0,0,0.0,0.0,0,0,0.0,0.0,0,0,0.0,11735.539999999999,4,3,0.75,1
LGS2ORD0037834,C010244,2025-10-27 15:00:00,Male,35,Gold,Shopee,Songkhla,544,TV_Show,COD,15,10,0,0,30-40,18.133333333333333,7.0,3.0,0.42857142857142855,29,5,5208.437142857142,0.28,0.14285714285714285,0.42857142857142855,0.0,5193.34,1,0,0.0,5193.34,1,0,0.0,34302.65,5,2,0.4,36459.06,7,3,0.42857142857142855,0
LGS2ORD0037835,C010909,2025-10-27 15:00:00,Female,28,Bronze,Shopee,Remote_Area,1049,Web,COD,15,10,0,0,20-30,34.96666666666667,4.0,1.0,0.25,28,33,2611.4874999999997,0.28,0.75,0.25,0.0,0.0,0,0,0.0,0.0,0,0,0.0,3937.9700000000003,2,1,0.5,10445.949999999999,4,1,0.25,0
LGS2ORD0037836,C017131,2025-10-27 15:00:00,Male,45,Silver,Shopee,Nakhon Ratchasima,842,CallCenter,Credit_Card,15,10,0,0,40-50,28.066666666666666,10.0,4.0,0.4,33,44,2950.1349999999998,0.3,0.5,0.3,0.0,0.0,0,0,0.0,0.0,0,0,0.0,1284.47,1,1,1.0,29501.35,10,4,0.4,0
LGS2ORD0037837,C013582,2025-10-27 15:00:00,Male,52,Gold,TV,Remote_Area,1518,Shopee,Credit_Card,15,10,0,0,>50,50.6,2.0,1.0,0.5,81,92,4009.9449999999997,0.13,0.5,0.0,0.0,0.0,0,0,0.0,0.0,0,0,0.0,0.0,0,0,0.0,8019.889999999999,2,1,0.5,0
LGS2ORD0037838,C012540,2025-10-27 15:00:00,Female,52,Silver,Web,Songkhla,588,TV_Show,PromptPay,15,10,0,0,>50,19.6,6.0,2.0,0.3333333333333333,12,17,5094.116666666667,0.3,0.5,0.6666666666666666,0.0,0.0,0,0,0.0,1245.12,1,1,1.0,2100.44,2,1,0.5,30564.7,6,2,0.3333333333333333,0
LGS2ORD0037839,C011752,2025-10-27 16:00:00,Female,39,Bronze,Web,Songkhla,1048,CallCenter,Credit_Card,16,10,0,0,30-40,34.93333333333333,2.0,1.0,0.5,63,70,1431.66,0.28,0.5,0.5,0.0,0.0,0,0,0.0,0.0,0,0,0.0,1424.67,1,1,1.0,2863.32,2,1,0.5,0
LGS2ORD0037840,C011519,2025-10-27 16:00:00,Male,59,Bronze,CallCenter,Remote_Area,655,Shopee,Credit_Card,16,10,0,0,>50,21.833333333333332,8.0,2.0,0.25,190,61,6359.86875,0.23,0.375,0.375,0.0,0.0,0,0,0.0,0.0,0,0,0.0,30037.760000000002,2,0,0.0,50878.95,8,2,0.25,0
LGS2ORD0037841,C012755,2025-10-27 16:00:00,Female,35,Bronze,Shopee,Bangkok,1484,Web,Bank_Transfer,16,10,0,0,30-40,49.46666666666667,3.0,0.0,0.0,-1,25,9482.67,0.18,0.3333333333333333,0.0,0.0,0.0,0,0,0.0,12470.19,1,0,0.0,15918.2,2,0,0.0,28448.010000000002,3,0,0.0,0
LGS2ORD0037842,C017145,2025-10-27 16:00:00,Female,28,Gold,Web,Bangkok,601,TV_Show,PromptPay,16,10,0,0,20-30,20.033333333333335,3.0,1.0,0.3333333333333333,147,77,4671.536666666667,0.33,0.3333333333333333,0.3333333333333333,0.0,0.0,0,0,0.0,0.0,0,0,0.0,2364.38,1,0,0.0,14014.61,3,1,0.3333333333333333,0
LGS2ORD0037843,C015223,2025-10-27 16:00:00,Male,48,Bronze,CallCenter,Chiang Mai,1722,Web,Credit_Card,16,10,0,0,40-50,57.4,1.0,0.0,0.0,-1,282,3762.5,0.08,0.0,0.0,0.0,0.0,0,0,0.0,0.0,0,0,0.0,0.0,0,0,0.0,3762.5,1,0,0.0,0
LGS2ORD0037844,C013977,2025-10-27 17:00:00,Male,62,Bronze,TV,Chiang Mai,1397,Web,COD,17,10,0,0,>50,46.56666666666667,4.0,1.0,0.25,248,34,4959.825,0.18,0.5,0.0,0.0,0.0,0,0,0.0,0.0,0,0,0.0,3354.25,1,0,0.0,19839.3,4,1,0.25,0
LGS2ORD0037845,C016965,2025-10-27 17:00:00,Female,50,Silver,TV,Chiang Mai,338,Lazada,Credit_Card,17,10,0,0,40-50,11.266666666666667,9.0,3.0,0.3333333333333333,35,50,9401.487777777778,0.2,0.6666666666666666,0.0,0.0,0.0,0,0,0.0,0.0,0,0,0.0,26186.63,2,1,0.5,84613.39,9,3,0.3333333333333333,0
LGS2ORD0037846,C015370,2025-10-27 17:00:00,Female,31,Gold,CallCenter,Khon Kaen,590,CallCenter,PromptPay,17,10,0,0,30-40,19.666666666666668,2.0,0.0,0.0,-1,64,3000.6800000000003,0.13,1.0,0.0,0.0,0.0,0,0,0.0,0.0,0,0,0.0,2479.52,1,0,0.0,6001.360000000001,2,0,0.0,0
LGS2ORD0037847,C014506,2025-10-27 17:00:00,Female,48,Platinum,CallCenter,Bangkok,710,TV_Show,Credit_Card,17,10,0,0,40-50,23.666666666666668,2.0,0.0,0.0,-1,13,2312.43,0.2,0.5,0.0,0.0,0.0,0,0,0.0,979.14,1,0,0.0,979.14,1,0,0.0,4624.86,2,0,0.0,0
LGS2ORD0037848,C011540,2025-10-27 17:00:00,Female,27,Silver,Web,Bangkok,700,Shopee,PromptPay,17,10,0,0,20-30,23.333333333333332,3.0,0.0,0.0,-1,131,4221.306666666666,0.2,0.0,0.0,0.0,0.0,0,0,0.0,0.0,0,0,0.0,0.0,0,0,0.0,12663.92,3,0,0.0,0
LGS2ORD0037849,C010306,2025-10-27 18:00:00,Male,47,Gold,Web,Nakhon Ratchasima,1036,Web,COD,18,10,0,0,40-50,34.53333333333333,2.0,2.0,1.0,-13,1,7756.004999999999,0.13,0.5,0.0,0.0,1119.12,1,1,1.0,1119.12,1,1,1.0,1119.12,1,1,1.0,15512.009999999998,2,2,1.0,0
LGS2ORD0037850,C012054,2025-10-27 18:00:00,Female,36,Bronze,Web,Remote_Area,444,Lazada,COD,18,10,0,0,30-40,14.8,6.0,1.0,0.16666666666666666,62,64,4031.8916666666664,0.23,1.0,0.3333333333333333,0.0,0.0,0,0,0.0,0.0,0,0,0.0,3527.12,2,1,0.5,24191.35,6,1,0.16666666666666666,1
LGS2ORD0037851,C015441,2025-10-27 18:00:00,Male,42,Bronze,Shopee,Phuket,1569,TV_Show,Credit_Card,18,10,0,0,40-50,52.3,6.0,2.0,0.3333333333333333,19,22,3300.5049999999997,0.18,0.6666666666666666,0.0,0.0,0.0,0,0,0.0,2775.25,1,0,0.0,3485.59,2,1,0.5,19803.03,6,2,0.3333333333333333,0
LGS2ORD0037852,C013920,2025-10-27 18:00:00,Male,38,Platinum,CallCenter,Bangkok,835,TV_Show,Credit_Card,18,10,0,0,30-40,27.833333333333332,3.0,1.0,0.3333333333333333,231,130,6939.006666666665,0.2,0.3333333333333333,0.0,0.0,0.0,0,0,0.0,0.0,0,0,0.0,0.0,0,0,0.0,20817.019999999997,3,1,0.3333333333333333,0
LGS2ORD0037853,C013740,2025-10-27 18:00:00,Male,42,Bronze,Shopee,Bangkok,1194,Web,COD,18,10,0,0,40-50,39.8,7.0,0.0,0.0,-1,68,5492.177142857144,0.23,0.2857142857142857,0.14285714285714285,0.0,0.0,0,0,0.0,0.0,0,0,0.0,282.55,1,0,0.0,38445.240000000005,7,0,0.0,1
LGS2ORD0037854,C012719,2025-10-27 18:00:00,Male,62,Silver,Shopee,Chiang Mai,1422,TV_Show,COD,18,10,0,0,>50,47.4,6.0,0.0,0.0,-1,29,7963.341666666666,0.25,0.6666666666666666,0.5,0.0,0.0,0,0,0.0,5024.54,1,0,0.0,11743.82,2,0,0.0,47780.049999999996,6,0,0.0,0
LGS2ORD0037855,C016943,2025-10-27 19:00:00,Female,45,Bronze,TV,Bangkok,857,Web,COD,19,10,0,0,40-50,28.566666666666666,8.0,1.0,0.125,204,34,7401.27625,0.28,0.625,0.375,0.0,0.0,0,0,0.0,0.0,0,0,0.0,15517.539999999999,3,0,0.0,59210.21,8,1,0.125,0
LGS2ORD0037856,C012026,2025-10-27 19:00:00,Male,53,Silver,Web,Bangkok,1477,CallCenter,Credit_Card,19,10,0,0,>50,49.233333333333334,2.0,1.0,0.5,131,57,9503.18,0.1,0.5,0.0,0.0,0.0,0,0,0.0,0.0,0,0,0.0,2039.34,1,0,0.0,19006.36,2,1,0.5,1
LGS2ORD0037857,C010530,2025-10-27 19:00:00,Female,50,Silver,TV,Chonburi,1495,TV_Show,Bank_Transfer,19,10,0,0,40-50,49.833333333333336,4.0,0.0,0.0,-1,2,3127.58,0.3,0.75,0.5,0.0,893.85,1,0,0.0,1684.83,2,0,0.0,12510.32,4,0,0.0,12510.32,4,0,0.0,0
LGS2ORD0037858,C016861,2025-10-27 19:00:00,Female,31,Bronze,TV,Phuket,1742,Web,COD,19,10,0,0,30-40,58.06666666666667,1.0,0.0,0.0,-1,263,958.9,0.08,0.0,0.0,0.0,0.0,0,0,0.0,0.0,0,0,0.0,0.0,0,0,0.0,958.9,1,0,0.0,0
LGS2ORD0037859,C014853,2025-10-27 19:00:00,Male,60,Platinum,Shopee,Chiang Mai,1073,TV_Show,COD,19,10,0,0,>50,35.766666666666666,7.0,0.0,0.0,-1,69,4624.177142857143,0.35,0.42857142857142855,0.5714285714285714,0.0,0.0,0,0,0.0,0.0,0,0,0.0,22262.44,2,0,0.0,32369.239999999998,7,0,0.0,1
LGS2ORD0037860,C014703,2025-10-27 20:00:00,Female,41,Silver,TV,Nakhon Ratchasima,1731,TV_Show,Credit_Card,20,10,0,0,40-50,57.7,7.0,1.0,0.14285714285714285,251,132,5320.585714285714,0.3,0.5714285714285714,0.14285714285714285,0.0,0.0,0,0,0.0,0.0,0,0,0.0,0.0,0,0,0.0,37244.1,7,1,0.14285714285714285,1
LGS2ORD0037861,C010583,2025-10-27 20:00:00,Female,56,Bronze,Shopee,Bangkok,1020,Web,Credit_Card,20,10,0,0,>50,34.0,7.0,2.0,0.2857142857142857,25,39,4726.962857142856,0.23,0.5714285714285714,0.14285714285714285,0.0,0.0,0,0,0.0,0.0,0,0,0.0,7092.900000000001,4,1,0.25,33088.73999999999,7,2,0.2857142857142857,0
LGS2ORD0037862,C013439,2025-10-27 20:00:00,Male,42,Silver,Web,Chonburi,482,Web,PromptPay,20,10,0,0,40-50,16.066666666666666,1.0,0.0,0.0,-1,242,8293.56,0.05,0.0,0.0,0.0,0.0,0,0,0.0,0.0,0,0,0.0,0.0,0,0,0.0,8293.56,1,0,0.0,0
LGS2ORD0037863,C017696,2025-10-27 20:00:00,Male,40,Silver,TV,Bangkok,1383,Shopee,Credit_Card,20,10,0,0,30-40,46.1,9.0,4.0,0.4444444444444444,51,56,8935.028888888888,0.3,0.7777777777777778,0.1111111111111111,0.0,0.0,0,0,0.0,0.0,0,0,0.0,4330.65,1,1,1.0,80415.26,9,4,0.4444444444444444,1
LGS2ORD0037864,C015184,2025-10-27 20:00:00,Female,47,Bronze,TV,Songkhla,1589,CallCenter,Credit_Card,20,10,0,0,40-50,52.96666666666667,7.0,4.0,0.5714285714285714,-8,1,5620.684285714286,0.23,0.7142857142857143,0.5714285714285714,0.0,1989.0,1,1,1.0,1989.0,1,1,1.0,2707.33,2,1,0.5,39344.79,7,4,0.5714285714285714,1
LGS2ORD0037865,C016596,2025-10-27 21:00:00,Female,39,Bronze,Web,Chonburi,802,Lazada,Credit_Card,21,10,0,0,30-40,26.733333333333334,6.0,0.0,0.0,-1,8,5120.52,0.23,0.6666666666666666,0.16666666666666666,0.0,0.0,0,0,0.0,1735.58,1,0,0.0,12714.99,3,0,0.0,30723.120000000003,6,0,0.0,1
LGS2ORD0037866,C017019,2025-10-27 21:00:00,Female,44,Bronze,TV,Chonburi,491,Lazada,PromptPay,21,10,0,0,40-50,16.366666666666667,6.0,2.0,0.3333333333333333,42,15,2541.8966666666665,0.28,0.5,0.6666666666666666,0.0,0.0,0,0,0.0,6384.98,1,0,0.0,7698.5599999999995,2,1,0.5,15251.38,6,2,0.3333333333333333,0
LGS2ORD0037867,C014316,2025-10-27 21:00:00,Female,59,Silver,Lazada,Chonburi,635,TV_Show,COD,21,10,0,0,>50,21.166666666666668,2.0,0.0,0.0,-1,113,452.52000000000004,0.3,0.0,0.5,0.0,0.0,0,0,0.0,0.0,0,0,0.0,0.0,0,0,0.0,905.0400000000001,2,0,0.0,0
LGS2ORD0037868,C016412,2025-10-27 21:00:00,Female,50,Silver,Web,Khon Kaen,934,TV_Show,COD,21,10,0,0,40-50,31.133333333333333,4.0,0.0,0.0,-1,34,1419.0575000000001,0.3,0.5,0.25,0.0,0.0,0,0,0.0,0.0,0,0,0.0,2522.51,2,0,0.0,5676.2300000000005,4,0,0.0,0
LGS2ORD0037869,C011453,2025-10-27 21:00:00,Female,45,Silver,CallCenter,Remote_Area,857,Lazada,COD,21,10,0,0,40-50,28.566666666666666,6.0,3.0,0.5,64,63,2348.2283333333335,0.3,0.5,0.5,0.0,0.0,0,0,0.0,0.0,0,0,0.0,6587.9400000000005,2,1,0.5,14089.37,6,3,0.5,1
LGS2ORD0037870,C011719,2025-10-27 22:00:00,Male,34,Gold,Lazada,Khon Kaen,1258,TV_Show,Credit_Card,22,10,0,0,30-40,41.93333333333333,2.0,0.0,0.0,-1,21,7302.780000000001,0.13,1.0,0.0,0.0,0.0,0,0,0.0,2027.44,1,0,0.0,2027.44,1,0,0.0,14605.560000000001,2,0,0.0,0
LGS2ORD0037871,C011905,2025-10-27 22:00:00,Female,63,Silver,TV,Remote_Area,1655,TV_Show,PromptPay,22,10,0,0,>50,55.166666666666664,9.0,5.0,0.5555555555555556,22,6,8390.181111111111,0.2,0.3333333333333333,0.0,0.0,2259.34,1,0,0.0,2259.34,1,0,0.0,39376.44,4,2,0.5,75511.63,9,5,0.5555555555555556,0
LGS2ORD0037872,C011133,2025-10-27 22:00:00,Male,37,Bronze,CallCenter,Remote_Area,1231,Lazada,Credit_Card,22,10,0,0,30-40,41.03333333333333,8.0,3.0,0.375,11,22,5248.38875,0.18,0.5,0.0,0.0,0.0,0,0,0.0,5442.13,1,1,1.0,18047.68,2,2,1.0,41987.11,8,3,0.375,0
LGS2ORD0037873,C010915,2025-10-27 22:00:00,Male,47,Bronze,Lazada,Bangkok,1369,TV_Show,Credit_Card,22,10,0,0,40-50,45.63333333333333,7.0,1.0,0.14285714285714285,253,29,6989.027142857142,0.23,0.5714285714285714,0.14285714285714285,0.0,0.0,0,0,0.0,6801.89,1,0,0.0,6801.89,1,0,0.0,48923.189999999995,7,1,0.14285714285714285,0
LGS2ORD0037874,C013114,2025-10-27 22:00:00,Female,33,Gold,Shopee,Khon Kaen,915,Shopee,Bank_Transfer,22,10,0,0,30-40,30.5,5.0,1.0,0.2,213,86,5861.620000000001,0.33,0.4,0.6,0.0,0.0,0,0,0.0,0.0,0,0,0.0,1132.49,1,0,0.0,29308.100000000002,5,1,0.2,1
LGS2ORD0037875,C012374,2025-10-27 22:00:00,Male,40,Bronze,Lazada,Remote_Area,638,TV_Show,Credit_Card,22,10,0,0,30-40,21.266666666666666,6.0,3.0,0.5,27,35,8592.201666666668,0.23,0.6666666666666666,0.16666666666666666,0.0,0.0,0,0,0.0,0.0,0,0,0.0,2639.31,1,1,1.0,51553.21000000001,6,3,0.5,0
LGS2ORD0037876,C016775,2025-10-27 23:00:00,Female,35,Bronze,Lazada,Bangkok,337,Shopee,COD,23,10,0,0,30-40,11.233333333333333,3.0,0.0,0.0,-1,248,3366.4599999999996,0.18,0.6666666666666666,0.0,0.0,0.0,0,0,0.0,0.0,0,0,0.0,0.0,0,0,0.0,10099.38,3,0,0.0,1
LGS2ORD0037877,C010916,2025-10-27 23:00:00,Male,41,Bronze,CallCenter,Khon Kaen,398,Shopee,COD,23,10,0,0,40-50,13.266666666666667,7.0,1.0,0.14285714285714285,48,53,4027.655714285714,0.28,0.14285714285714285,0.2857142857142857,0.0,0.0,0,0,0.0,0.0,0,0,0.0,15887.59,1,1,1.0,28193.59,7,1,0.14285714285714285,0
LGS2ORD0037878,C014178,2025-10-27 23:00:00,Female,37,Bronze,TV,Khon Kaen,1322,Lazada,Credit_Card,23,10,0,0,30-40,44.06666666666667,3.0,1.0,0.3333333333333333,254,135,5315.4,0.08,0.6666666666666666,0.0,0.3333333333333333,0.0,0,0,0.0,0.0,0,0,0.0,0.0,0,0,0.0,15946.199999999999,3,1,0.3333333333333333,0
LGS2ORD0037879,C017382,2025-10-27 23:00:00,Female,18,Bronze,Shopee,Chonburi,1062,TV_Show,PromptPay,23,10,0,0,<20,35.4,7.0,4.0,0.5714285714285714,35,49,6484.9571428571435,0.23,0.5714285714285714,0.14285714285714285,0.0,0.0,0,0,0.0,0.0,0,0,0.0,10303.099999999999,3,1,0.3333333333333333,45394.700000000004,7,4,0.5714285714285714,0
LGS2ORD0037880,C016067,2025-10-27 23:00:00,Male,60,Gold,Web,Remote_Area,1706,Shopee,PromptPay,23,10,0,0,>50,56.86666666666667,10.0,2.0,0.2,221,10,5388.501,0.28,0.8,0.3,0.0,0.0,0,0,0.0,5288.82,2,0,0.0,6565.969999999999,3,0,0.0,53885.01,10,2,0.2,0
LGS2ORD0037881,C013211,2025-10-28 00:00:00,Female,36,Bronze,TV,Chiang Mai,665,Web,PromptPay,0,10,1,0,30-40,22.166666666666668,2.0,0.0,0.0,-1,7,1466.29,0.23,1.0,0.5,0.0,0.0,0,0,0.0,334.4,1,0,0.0,334.4,1,0,0.0,2932.58,2,0,0.0,0
LGS2ORD0037882,C015489,2025-10-28 00:00:00,Female,28,Gold,Web,Bangkok,459,CallCenter,Bank_Transfer,0,10,1,0,20-30,15.3,3.0,1.0,0.3333333333333333,260,246,4848.349999999999,0.18,0.6666666666666666,0.0,0.0,0.0,0,0,0.0,0.0,0,0,0.0,0.0,0,0,0.0,14545.05,3,1,0.3333333333333333,0
LGS2ORD0037883,C017961,2025-10-28 00:00:00,Female,35,Bronze,Lazada,Chiang Mai,1172,Shopee,COD,0,10,1,0,30-40,39.06666666666667,8.0,3.0,0.375,-3,8,10237.2525,0.23,0.625,0.125,0.0,0.0,0,0,0.0,4185.1,1,1,1.0,5377.360000000001,2,1,0.5,81898.02,8,3,0.375,0
LGS2ORD0037884,C010903,2025-10-28 00:00:00,Male,18,Bronze,TV,Remote_Area,1519,CallCenter,COD,0,10,1,0,<20,50.63333333333333,3.0,1.0,0.3333333333333333,285,78,4315.763333333333,0.28,0.3333333333333333,1.0,0.0,0.0,0,0,0.0,0.0,0,0,0.0,6201.03,1,0,0.0,12947.29,3,1,0.3333333333333333,0
LGS2ORD0037885,C014639,2025-10-28 00:00:00,Male,64,Bronze,TV,Remote_Area,1172,Lazada,Credit_Card,0,10,1,0,>50,39.06666666666667,10.0,5.0,0.5,10,17,2878.2110000000002,0.23,0.6,0.3,0.0,0.0,0,0,0.0,1819.1100000000001,2,1,0.5,1819.1100000000001,2,1,0.5,28782.11,10,5,0.5,1
LGS2ORD0037886,C017781,2025-10-28 01:00:00,Male,38,Platinum,Web,Khon Kaen,927,Shopee,PromptPay,1,10,1,0,30-40,30.9,6.0,1.0,0.16666666666666666,58,2,2948.5266666666666,0.3,0.5,0.5,0.0,2923.19,1,0,0.0,2923.19,1,0,0.0,4976.63,2,1,0.5,17691.16,6,1,0.16666666666666666,0
LGS2ORD0037887,C016514,2025-10-28 01:00:00,Female,43,Platinum,Shopee,Bangkok,855,Lazada,COD,1,10,1,0,40-50,28.5,5.0,1.0,0.2,141,98,4368.044,0.35,0.8,0.6,0.0,0.0,0,0,0.0,0.0,0,0,0.0,0.0,0,0,0.0,21840.22,5,1,0.2,0
LGS2ORD0037888,C013764,2025-10-28 01:00:00,Male,47,Platinum,Web,Nakhon Ratchasima,590,Shopee,PromptPay,1,10,1,0,40-50,19.666666666666668,4.0,0.0,0.0,-1,75,5976.554999999999,0.35,0.5,0.5,0.0,0.0,0,0,0.0,0.0,0,0,0.0,2021.91,1,0,0.0,23906.219999999998,4,0,0.0,0
LGS2ORD0037889,C016337,2025-10-28 01:00:00,Male,37,Bronze,TV,Remote_Area,469,Web,COD,1,10,1,0,30-40,15.633333333333333,5.0,2.0,0.4,-1,8,7024.976,0.28,0.6,0.2,0.0,0.0,0,0,0.0,10113.87,1,1,1.0,17621.1,2,1,0.5,35124.88,5,2,0.4,1
LGS2ORD0037890,C012861,2025-10-28 01:00:00,Female,26,Silver,TV,Songkhla,581,Shopee,Bank_Transfer,1,10,1,0,20-30,19.366666666666667,3.0,2.0,0.6666666666666666,71,12,10515.49,0.2,0.6666666666666666,0.0,0.0,0.0,0,0,0.0,17175.35,1,0,0.0,24649.289999999997,2,1,0.5,31546.469999999998,3,2,0.6666666666666666,0
LGS2ORD0037891,C012604,2025-10-28 02:00:00,Female,55,Bronze,TV,Remote_Area,925,Lazada,COD,2,10,1,0,>50,30.833333333333332,6.0,1.0,0.16666666666666666,233,20,5187.2,0.28,0.16666666666666666,0.3333333333333333,0.0,0.0,0,0,0.0,10730.07,1,0,0.0,23611.21,3,0,0.0,31123.2,6,1,0.16666666666666666,0
LGS2ORD0037892,C017225,2025-10-28 02:00:00,Female,39,Bronze,Shopee,Chiang Mai,1332,Web,COD,2,10,1,0,30-40,44.4,8.0,2.0,0.25,109,17,5306.713750000001,0.23,0.75,0.125,0.0,0.0,0,0,0.0,1688.3999999999999,2,0,0.0,5713.51,3,0,0.0,42453.71000000001,8,2,0.25,0
LGS2ORD0037893,C011165,2025-10-28 02:00:00,Female,58,Silver,Web,Remote_Area,988,TV_Show,Credit_Card,2,10,1,0,>50,32.93333333333333,10.0,1.0,0.1,242,3,5427.505999999999,0.25,0.6,0.1,0.0,1557.89,1,0,0.0,2378.8500000000004,2,0,0.0,20221.949999999997,3,0,0.0,54275.06,10,1,0.1,1
LGS2ORD0037894,C017682,2025-10-28 02:00:00,Male,33,Platinum,TV,Chiang Mai,1343,TV_Show,Credit_Card,2,10,1,0,30-40,44.766666666666666,4.0,0.0,0.0,-1,154,1536.6675,0.25,0.0,0.25,0.0,0.0,0,0,0.0,0.0,0,0,0.0,0.0,0,0,0.0,6146.67,4,0,0.0,0
LGS2ORD0037895,C014015,2025-10-28 02:00:00,Female,57,Bronze,TV,Remote_Area,1450,Shopee,PromptPay,2,10,1,0,>50,48.333333333333336,7.0,1.0,0.14285714285714285,27,11,4764.975714285714,0.23,0.42857142857142855,0.14285714285714285,0.0,0.0,0,0,0.0,3646.76,1,0,0.0,11888.66,3,1,0.3333333333333333,33354.83,7,1,0.14285714285714285,1
LGS2ORD0037896,C015998,2025-10-28 02:00:00,Male,28,Bronze,Web,Phuket,1603,Web,Bank_Transfer,2,10,1,0,20-30,53.43333333333333,4.0,1.0,0.25,211,142,8556.685,0.23,0.5,0.25,0.0,0.0,0,0,0.0,0.0,0,0,0.0,0.0,0,0,0.0,34226.74,4,1,0.25,0
LGS2ORD0037897,C011330,2025-10-28 03:00:00,Male,49,Bronze,Web,Bangkok,1011,TV_Show,COD,3,10,1,0,40-50,33.7,5.0,1.0,0.2,9,15,8337.934,0.23,0.4,0.2,0.0,0.0,0,0,0.0,23705.58,1,1,1.0,23705.58,1,1,1.0,41689.67,5,1,0.2,0
LGS2ORD0037898,C015092,2025-10-28 03:00:00,Female,59,Gold,TV,Bangkok,1303,Shopee,Credit_Card,3,10,1,0,>50,43.43333333333333,4.0,0.0,0.0,-1,35,2061.46,0.28,0.75,0.75,0.0,0.0,0,0,0.0,0.0,0,0,0.0,4985.79,2,0,0.0,8245.84,4,0,0.0,1
LGS2ORD0037899,C016740,2025-10-28 03:00:00,Male,30,Bronze,Web,Nakhon Ratchasima,1116,Lazada,Credit_Card,3,10,1,0,20-30,37.2,1.0,0.0,0.0,-1,99,5429.37,0.28,0.0,1.0,0.0,0.0,0,0,0.0,0.0,0,0,0.0,0.0,0,0,0.0,5429.37,1,0,0.0,0
LGS2ORD0037900,C012352,2025-10-28 03:00:00,Female,41,Gold,TV,Chiang Mai,571,Shopee,COD,3,10,1,0,40-50,19.033333333333335,3.0,0.0,0.0,-1,13,1370.9799999999998,0.33,1.0,0.3333333333333333,0.0,0.0,0,0,0.0,941.8,1,0,0.0,2810.59,2,0,0.0,4112.94,3,0,0.0,0
LGS2ORD0037901,C015922,2025-10-28 03:00:00,Male,50,Bronze,Lazada,Bangkok,1324,CallCenter,COD,3,10,1,0,40-50,44.13333333333333,4.0,2.0,0.5,23,9,6710.567500000001,0.23,1.0,0.5,0.0,0.0,0,0,0.0,2294.4,1,0,0.0,13231.19,2,1,0.5,26842.270000000004,4,2,0.5,0
LGS2ORD0037902,C017158,2025-10-28 04:00:00,Male,60,Bronze,CallCenter,Chiang Mai,504,CallCenter,Credit_Card,4,10,1,0,>50,16.8,3.0,0.0,0.0,-1,47,6937.156666666667,0.18,0.6666666666666666,0.0,0.0,0.0,0,0,0.0,0.0,0,0,0.0,15656.84,1,0,0.0,20811.47,3,0,0.0,0
LGS2ORD0037903,C013257,2025-10-28 04:00:00,Female,39,Platinum,Web,Remote_Area,575,Web,Credit_Card,4,10,1,0,30-40,19.166666666666668,2.0,1.0,0.5,86,28,9126.135,0.35,1.0,0.5,0.0,0.0,0,0,0.0,11287.32,1,0,0.0,11287.32,1,0,0.0,18252.27,2,1,0.5,0
LGS2ORD0037904,C015875,2025-10-28 04:00:00,Male,39,Silver,TV,Bangkok,1340,Shopee,Bank_Transfer,4,10,1,0,30-40,44.666666666666664,3.0,1.0,0.3333333333333333,260,65,4073.02,0.25,0.3333333333333333,0.6666666666666666,0.0,0.0,0,0,0.0,0.0,0,0,0.0,3479.03,1,0,0.0,12219.06,3,1,0.3333333333333333,1
LGS2ORD0037905,C016528,2025-10-28 04:00:00,Male,47,Bronze,TV,Remote_Area,1265,TV_Show,COD,4,10,1,0,40-50,42.166666666666664,7.0,4.0,0.5714285714285714,2,11,2347.2285714285713,0.28,0.7142857142857143,0.42857142857142855,0.0,0.0,0,0,0.0,8175.06,2,1,0.5,8175.06,2,1,0.5,16430.6,7,4,0.5714285714285714,0
LGS2ORD0037906,C017467,2025-10-28 04:00:00,Female,60,Bronze,TV,Phuket,682,Web,Credit_Card,4,10,1,0,>50,22.733333333333334,4.0,1.0,0.25,2,11,5206.662499999999,0.28,0.5,0.75,0.0,0.0,0,0,0.0,4489.94,1,1,1.0,12692.52,2,1,0.5,20826.649999999998,4,1,0.25,0
LGS2ORD0037907,C017304,2025-10-28 05:00:00,Female,31,Silver,Shopee,Chiang Mai,568,TV_Show,COD,5,10,1,0,30-40,18.933333333333334,9.0,2.0,0.2222222222222222,71,16,3022.657777777778,0.3,0.2222222222222222,0.4444444444444444,0.1111111111111111,0.0,0,0,0.0,519.73,1,0,0.0,2927.83,3,1,0.3333333333333333,27203.920000000002,9,2,0.2222222222222222,0
LGS2ORD0037908,C011205,2025-10-28 05:00:00,Male,24,Silver,CallCenter,Nakhon Ratchasima,1233,Lazada,COD,5,10,1,0,20-30,41.1,3.0,1.0,0.3333333333333333,216,42,9227.973333333333,0.1,0.6666666666666666,0.0,0.0,0.0,0,0,0.0,0.0,0,0,0.0,19794.14,1,0,0.0,27683.92,3,1,0.3333333333333333,0
LGS2ORD0037909,C014632,2025-10-28 05:00:00,Male,38,Silver,Lazada,Songkhla,748,Lazada,Bank_Transfer,5,10,1,0,30-40,24.933333333333334,2.0,1.0,0.5,105,52,7274.175,0.3,0.5,0.5,0.0,0.0,0,0,0.0,0.0,0,0,0.0,13549.02,1,0,0.0,14548.35,2,1,0.5,1
LGS2ORD0037910,C017990,2025-10-28 05:00:00,Male,36,Bronze,Shopee,Bangkok,1693,Shopee,Credit_Card,5,10,1,0,30-40,56.43333333333333,7.0,0.0,0.0,-1,28,8332.585714285715,0.18,0.8571428571428571,0.0,0.0,0.0,0,0,0.0,4116.29,1,0,0.0,4116.29,1,0,0.0,58328.100000000006,7,0,0.0,0
LGS2ORD0037911,C016090,2025-10-28 05:00:00,Female,48,Silver,Shopee,Chonburi,628,Lazada,COD,5,10,1,0,40-50,20.933333333333334,4.0,0.0,0.0,-1,33,3327.8125,0.25,0.0,0.25,0.0,0.0,0,0,0.0,0.0,0,0,0.0,9812.8,2,0,0.0,13311.25,4,0,0.0,1
LGS2ORD0037912,C010973,2025-10-28 06:00:00,Female,35,Silver,TV,Songkhla,1433,TV_Show,Credit_Card,6,10,1,0,30-40,47.766666666666666,4.0,1.0,0.25,284,91,3629.6624999999995,0.3,0.75,0.25,0.0,0.0,0,0,0.0,0.0,0,0,0.0,0.0,0,0,0.0,14518.649999999998,4,1,0.25,0
LGS2ORD0037913,C013481,2025-10-28 06:00:00,Male,39,Bronze,Shopee,Chonburi,983,Shopee,COD,6,10,1,0,30-40,32.766666666666666,5.0,1.0,0.2,211,48,6704.314,0.23,0.4,0.2,0.0,0.0,0,0,0.0,0.0,0,0,0.0,11340.35,1,0,0.0,33521.57,5,1,0.2,1
LGS2ORD0037914,C015534,2025-10-28 06:00:00,Female,51,Gold,Shopee,Songkhla,459,CallCenter,Credit_Card,6,10,1,0,>50,15.3,3.0,1.0,0.3333333333333333,135,141,1792.0333333333335,0.2299999999999999,0.6666666666666666,0.3333333333333333,0.0,0.0,0,0,0.0,0.0,0,0,0.0,0.0,0,0,0.0,5376.1,3,1,0.3333333333333333,0
LGS2ORD0037915,C011819,2025-10-28 06:00:00,Female,48,Bronze,Web,Chonburi,1541,TV_Show,Credit_Card,6,10,1,0,40-50,51.36666666666667,1.0,0.0,0.0,-1,112,7298.59,0.18,0.0,0.0,0.0,0.0,0,0,0.0,0.0,0,0,0.0,0.0,0,0,0.0,7298.59,1,0,0.0,0
LGS2ORD0037916,C013071,2025-10-28 06:00:00,Male,23,Bronze,Lazada,Khon Kaen,1282,TV_Show,Credit_Card,6,10,1,0,20-30,42.733333333333334,6.0,3.0,0.5,42,22,6248.866666666666,0.28,0.5,0.16666666666666666,0.0,0.0,0,0,0.0,1749.64,1,0,0.0,20437.27,2,1,0.5,37493.2,6,3,0.5,0
LGS2ORD0037917,C016149,2025-10-28 06:00:00,Other,61,Gold,TV,Bangkok,884,TV_Show,PromptPay,6,10,1,0,>50,29.466666666666665,6.0,0.0,0.0,-1,9,6387.341666666666,0.33,0.5,0.5,0.0,0.0,0,0,0.0,15533.830000000002,3,0,0.0,20262.63,4,0,0.0,38324.049999999996,6,0,0.0,0
LGS2ORD0037918,C014640,2025-10-28 07:00:00,Female,57,Bronze,TV,Phuket,593,CallCenter,COD,7,10,1,0,>50,19.766666666666666,5.0,3.0,0.6,117,126,7952.694,0.18,0.8,0.0,0.0,0.0,0,0,0.0,0.0,0,0,0.0,0.0,0,0,0.0,39763.47,5,3,0.6,0
LGS2ORD0037919,C017605,2025-10-28 07:00:00,Female,63,Silver,Web,Songkhla,886,Web,Credit_Card,7,10,1,0,>50,29.533333333333335,7.0,3.0,0.42857142857142855,37,17,4859.437142857142,0.3,0.5714285714285714,0.2857142857142857,0.14285714285714285,0.0,0,0,0.0,6151.52,1,0,0.0,24885.739999999998,5,2,0.4,34016.06,7,3,0.42857142857142855,1
LGS2ORD0037920,C010914,2025-10-28 07:00:00,Female,36,Silver,Shopee,Khon Kaen,409,Web,Credit_Card,7,10,1,0,30-40,13.633333333333333,5.0,2.0,0.4,109,122,4599.944,0.25,0.6,0.4,0.0,0.0,0,0,0.0,0.0,0,0,0.0,0.0,0,0,0.0,22999.72,5,2,0.4,0
LGS2ORD0037921,C011764,2025-10-28 07:00:00,Female,66,Bronze,TV,Remote_Area,1711,Web,Credit_Card,7,10,1,0,>50,57.03333333333333,4.0,2.0,0.5,27,38,2984.08,0.23,0.75,0.25,0.0,0.0,0,0,0.0,0.0,0,0,0.0,1295.27,1,1,1.0,11936.32,4,2,0.5,1
LGS2ORD0037922,C011285,2025-10-28 07:00:00,Female,43,Bronze,Shopee,Bangkok,1497,CallCenter,COD,7,10,1,0,40-50,49.9,3.0,0.0,0.0,-1,8,4000.6433333333334,0.13,0.0,0.0,0.0,0.0,0,0,0.0,3559.87,1,0,0.0,3559.87,1,0,0.0,12001.93,3,0,0.0,0
LGS2ORD0037923,C013345,2025-10-28 08:00:00,Female,47,Bronze,Shopee,Khon Kaen,856,Lazada,PromptPay,8,10,1,0,40-50,28.533333333333335,7.0,1.0,0.14285714285714285,57,10,4677.815714285714,0.23,0.2857142857142857,0.14285714285714285,0.0,0.0,0,0,0.0,5296.14,2,0,0.0,27560.38,5,1,0.2,32744.71,7,1,0.14285714285714285,0
LGS2ORD0037924,C011802,2025-10-28 08:00:00,Male,29,Silver,CallCenter,Chiang Mai,379,Web,Bank_Transfer,8,10,1,0,20-30,12.633333333333333,6.0,2.0,0.3333333333333333,140,11,1550.7533333333333,0.2,0.6666666666666666,0.0,0.0,0.0,0,0,0.0,761.68,1,0,0.0,761.68,1,0,0.0,9304.52,6,2,0.3333333333333333,0
LGS2ORD0037925,C016851,2025-10-28 08:00:00,Female,45,Bronze,Shopee,Phuket,567,Shopee,Credit_Card,8,10,1,0,40-50,18.9,0.0,0.0,0.0,-1,-1,0.0,0.0,0.0,0.0,0.0,0.0,0,0,0.0,0.0,0,0,0.0,0.0,0,0,0.0,0.0,0,0,0.0,0
LGS2ORD0037926,C016743,2025-10-28 08:00:00,Male,34,Silver,Web,Chiang Mai,568,TV_Show,Credit_Card,8,10,1,0,30-40,18.933333333333334,7.0,3.0,0.42857142857142855,236,44,4321.797142857143,0.3,0.5714285714285714,0.42857142857142855,0.0,0.0,0,0,0.0,0.0,0,0,0.0,7065.73,2,0,0.0,30252.579999999998,7,3,0.42857142857142855,1
LGS2ORD0037927,C011092,2025-10-28 08:00:00,Male,35,Silver,Web,Khon Kaen,1721,Web,PromptPay,8,10,1,0,30-40,57.36666666666667,7.0,1.0,0.14285714285714285,236,66,9227.00142857143,0.2,0.2857142857142857,0.0,0.0,0.0,0,0,0.0,0.0,0,0,0.0,49423.32,1,0,0.0,64589.01,7,1,0.14285714285714285,0
LGS2ORD0037928,C012443,2025-10-28 09:00:00,Male,63,Bronze,Shopee,Remote_Area,1663,Web,PromptPay,9,10,1,0,>50,55.43333333333333,4.0,0.0,0.0,-1,41,2550.965,0.28,0.0,0.25,0.0,0.0,0,0,0.0,0.0,0,0,0.0,6562.36,2,0,0.0,10203.86,4,0,0.0,0
LGS2ORD0037929,C015096,2025-10-28 09:00:00,Female,45,Silver,Lazada,Remote_Area,1137,Shopee,COD,9,10,1,0,40-50,37.9,5.0,0.0,0.0,-1,6,6644.01,0.25,0.4,0.4,0.0,16219.68,1,0,0.0,16219.68,1,0,0.0,19172.18,3,0,0.0,33220.05,5,0,0.0,0
LGS2ORD0037930,C010460,2025-10-28 09:00:00,Female,56,Gold,Shopee,Chiang Mai,1588,Shopee,COD,9,10,1,0,>50,52.93333333333333,0.0,0.0,0.0,-1,-1,0.0,0.0,0.0,0.0,0.0,0.0,0,0,0.0,0.0,0,0,0.0,0.0,0,0,0.0,0.0,0,0,0.0,0
LGS2ORD0037931,C012531,2025-10-28 09:00:00,Female,38,Bronze,Web,Phuket,1335,Shopee,COD,9,10,1,0,30-40,44.5,4.0,2.0,0.5,24,38,8994.220000000001,0.18,0.75,0.0,0.0,0.0,0,0,0.0,0.0,0,0,0.0,23947.33,1,1,1.0,35976.880000000005,4,2,0.5,1
LGS2ORD0037932,C016720,2025-10-28 09:00:00,Male,57,Bronze,Lazada,Songkhla,566,TV_Show,COD,9,10,1,0,>50,18.866666666666667,10.0,5.0,0.5,28,37,8430.867999999999,0.23,0.4,0.3,0.0,0.0,0,0,0.0,0.0,0,0,0.0,45992.49,3,2,0.6666666666666666,84308.68,10,5,0.5,0
LGS2ORD0037933,C013426,2025-10-28 10:00:00,Female,55,Gold,Lazada,Phuket,756,CallCenter,PromptPay,10,10,1,0,>50,25.2,3.0,0.0,0.0,-1,72,1640.6866666666667,0.18,0.3333333333333333,0.0,0.0,0.0,0,0,0.0,0.0,0,0,0.0,1495.76,1,0,0.0,4922.06,3,0,0.0,0
LGS2ORD0037934,C010587,2025-10-28 10:00:00,Male,62,Gold,Web,Bangkok,434,Shopee,COD,10,10,1,0,>50,14.466666666666667,5.0,1.0,0.2,250,19,3570.9839999999995,0.2299999999999999,0.4,0.2,0.0,0.0,0,0,0.0,3728.42,1,0,0.0,3728.42,1,0,0.0,17854.92,5,1,0.2,0
LGS2ORD0037935,C014628,2025-10-28 10:00:00,Female,49,Gold,Web,Songkhla,1141,CallCenter,Credit_Card,10,10,1,0,40-50,38.03333333333333,2.0,0.0,0.0,-1,28,2741.425,0.13,1.0,0.0,0.0,0.0,0,0,0.0,1231.35,1,0,0.0,1231.35,1,0,0.0,5482.85,2,0,0.0,1
LGS2ORD0037936,C016810,2025-10-28 10:00:00,Female,46,Bronze,Shopee,Nakhon Ratchasima,1757,TV_Show,Credit_Card,10,10,1,0,40-50,58.56666666666667,5.0,0.0,0.0,-1,21,7758.012,0.13,0.6,0.0,0.0,0.0,0,0,0.0,9962.91,1,0,0.0,26142.91,3,0,0.0,38790.06,5,0,0.0,0
LGS2ORD0037937,C014786,2025-10-28 10:00:00,Male,32,Bronze,TV,Remote_Area,1000,TV_Show,COD,10,10,1,0,30-40,33.333333333333336,9.0,4.0,0.4444444444444444,13,17,5941.403333333333,0.23,0.6666666666666666,0.2222222222222222,0.0,0.0,0,0,0.0,19582.14,2,2,1.0,19582.14,2,2,1.0,53472.63,9,4,0.4444444444444444,0
LGS2ORD0037938,C014005,2025-10-28 10:00:00,Male,27,Gold,TV,Bangkok,1221,Lazada,Credit_Card,10,10,1,0,20-30,40.7,2.0,1.0,0.5,200,11,5340.99,0.2299999999999999,0.0,0.5,0.0,0.0,0,0,0.0,8968.25,1,0,0.0,8968.25,1,0,0.0,10681.98,2,1,0.5,0
LGS2ORD0037939,C017764,2025-10-28 11:00:00,Male,21,Bronze,TV,Chonburi,1455,CallCenter,COD,11,10,1,0,20-30,48.5,4.0,0.0,0.0,-1,14,3795.315,0.23,0.5,0.25,0.0,0.0,0,0,0.0,939.74,1,0,0.0,4208.83,2,0,0.0,15181.26,4,0,0.0,1
LGS2ORD0037940,C016916,2025-10-28 11:00:00,Female,56,Silver,TV,Remote_Area,756,Web,COD,11,10,1,0,>50,25.2,10.0,5.0,0.5,4,20,8783.156,0.3,0.7,0.4,0.1,0.0,0,0,0.0,4586.26,2,1,0.5,39337.75000000001,5,2,0.4,87831.56000000001,10,5,0.5,1
LGS2ORD0037941,C015149,2025-10-28 11:00:00,Female,46,Silver,TV,Phuket,1278,TV_Show,COD,11,10,1,0,40-50,42.6,2.0,0.0,0.0,-1,52,8035.764999999999,0.3,0.0,0.5,0.0,0.0,0,0,0.0,0.0,0,0,0.0,16071.529999999999,2,0,0.0,16071.529999999999,2,0,0.0,0
LGS2ORD0037942,C012022,2025-10-28 11:00:00,Male,37,Bronze,TV,Phuket,730,Web,COD,11,10,1,0,30-40,24.333333333333332,8.0,2.0,0.25,121,106,5775.975,0.23,0.5,0.375,0.0,0.0,0,0,0.0,0.0,0,0,0.0,0.0,0,0,0.0,46207.8,8,2,0.25,1
LGS2ORD0037943,C010739,2025-10-28 11:00:00,Male,34,Bronze,CallCenter,Bangkok,536,TV_Show,PromptPay,11,10,1,0,30-40,17.866666666666667,7.0,2.0,0.2857142857142857,45,27,8586.055714285714,0.28,0.5714285714285714,0.2857142857142857,0.0,0.0,0,0,0.0,41477.26,1,0,0.0,42328.16,2,1,0.5,60102.39,7,2,0.2857142857142857,0
LGS2ORD0037944,C011488,2025-10-28 12:00:00,Male,42,Bronze,Shopee,Bangkok,1224,CallCenter,Credit_Card,12,10,1,0,40-50,40.8,4.0,2.0,0.5,50,60,2209.1974999999998,0.23,1.0,0.25,0.0,0.0,0,0,0.0,0.0,0,0,0.0,3404.8199999999997,2,2,1.0,8836.789999999999,4,2,0.5,0
LGS2ORD0037945,C012733,2025-10-28 12:00:00,Female,35,Gold,CallCenter,Bangkok,1667,Web,Credit_Card,12,10,1,0,30-40,55.56666666666667,3.0,2.0,0.6666666666666666,6,18,6453.5999999999985,0.18,0.3333333333333333,0.0,0.0,0.0,0,0,0.0,2234.92,1,1,1.0,2234.92,1,1,1.0,19360.799999999996,3,2,0.6666666666666666,0
LGS2ORD0037946,C013344,2025-10-28 12:00:00,Female,56,Silver,Web,Remote_Area,1477,Shopee,PromptPay,12,10,1,0,>50,49.233333333333334,6.0,1.0,0.16666666666666666,265,50,8668.843333333334,0.2,0.8333333333333334,0.0,0.0,0.0,0,0,0.0,0.0,0,0,0.0,6599.92,1,0,0.0,52013.060000000005,6,1,0.16666666666666666,0
LGS2ORD0037947,C013466,2025-10-28 12:00:00,Female,49,Bronze,Web,Songkhla,411,Shopee,Credit_Card,12,10,1,0,40-50,13.7,4.0,0.0,0.0,-1,89,7402.407499999999,0.23,0.75,0.25,0.0,0.0,0,0,0.0,0.0,0,0,0.0,1792.29,1,0,0.0,29609.629999999997,4,0,0.0,0
LGS2ORD0037948,C010229,2025-10-28 12:00:00,Male,42,Bronze,TV,Nakhon Ratchasima,1042,TV_Show,COD,12,10,1,0,40-50,34.733333333333334,5.0,3.0,0.6,102,112,7605.015999999999,0.18,0.4,0.0,0.2,0.0,0,0,0.0,0.0,0,0,0.0,0.0,0,0,0.0,38025.079999999994,5,3,0.6,0
LGS2ORD0037949,C010522,2025-10-28 13:00:00,Male,29,Bronze,TV,Chonburi,794,Web,COD,13,10,1,0,20-30,26.466666666666665,5.0,2.0,0.4,88,103,4080.014,0.28,0.4,0.4,0.0,0.0,0,0,0.0,0.0,0,0,0.0,0.0,0,0,0.0,20400.07,5,2,0.4,0
LGS2ORD0037950,C011622,2025-10-28 13:00:00,Male,48,Silver,Lazada,Khon Kaen,798,TV_Show,COD,13,10,1,0,40-50,26.6,8.0,2.0,0.25,147,21,4555.80625,0.3,0.375,0.25,0.0,0.0,0,0,0.0,20199.25,3,0,0.0,24411.010000000002,4,0,0.0,36446.45,8,2,0.25,0
LGS2ORD0037951,C013389,2025-10-28 13:00:00,Female,43,Silver,Shopee,Bangkok,1434,Shopee,PromptPay,13,10,1,0,40-50,47.8,5.0,1.0,0.2,140,60,1530.42,0.3,1.0,0.4,0.0,0.0,0,0,0.0,0.0,0,0,0.0,1418.99,2,0,0.0,7652.1,5,1,0.2,0
LGS2ORD0037952,C012192,2025-10-28 13:00:00,Female,60,Bronze,Lazada,Chiang Mai,317,CallCenter,COD,13,10,1,0,>50,10.566666666666666,1.0,0.0,0.0,-1,243,1674.52,0.03,1.0,0.0,0.0,0.0,0,0,0.0,0.0,0,0,0.0,0.0,0,0,0.0,1674.52,1,0,0.0,1
LGS2ORD0037953,C014649,2025-10-28 13:00:00,Female,30,Bronze,TV,Chonburi,1657,CallCenter,COD,13,10,1,0,20-30,55.233333333333334,4.0,1.0,0.25,215,174,2248.1275,0.08,0.5,0.0,0.0,0.0,0,0,0.0,0.0,0,0,0.0,0.0,0,0,0.0,8992.51,4,1,0.25,1
LGS2ORD0037954,C013319,2025-10-28 13:00:00,Female,45,Silver,Lazada,Remote_Area,389,Shopee,COD,13,10,1,0,40-50,12.966666666666667,2.0,1.0,0.5,176,44,2854.84,0.25,0.5,0.5,0.0,0.0,0,0,0.0,0.0,0,0,0.0,1776.24,1,0,0.0,5709.68,2,1,0.5,0
LGS2ORD0037955,C010263,2025-10-28 14:00:00,Female,33,Gold,Lazada,Songkhla,1489,TV_Show,Bank_Transfer,14,10,1,0,30-40,49.63333333333333,4.0,3.0,0.75,132,10,3524.7725,0.2299999999999999,0.75,0.25,0.0,0.0,0,0,0.0,3684.4,1,0,0.0,3684.4,1,0,0.0,14099.09,4,3,0.75,0
LGS2ORD0037956,C016386,2025-10-28 14:00:00,Female,51,Gold,Web,Chonburi,1504,Web,Credit_Card,14,10,1,0,>50,50.13333333333333,2.0,0.0,0.0,-1,119,8547.27,0.33,0.5,0.5,0.0,0.0,0,0,0.0,0.0,0,0,0.0,0.0,0,0,0.0,17094.54,2,0,0.0,0
LGS2ORD0037957,C013619,2025-10-28 14:00:00,Female,41,Silver,Shopee,Khon Kaen,1604,Shopee,PromptPay,14,10,1,0,40-50,53.46666666666667,5.0,1.0,0.2,243,22,5595.6720000000005,0.25,0.2,0.2,0.0,0.0,0,0,0.0,2278.74,1,0,0.0,4497.02,2,0,0.0,27978.36,5,1,0.2,0
LGS2ORD0037958,C016839,2025-10-28 14:00:00,Female,32,Silver,TV,Phuket,945,Shopee,Bank_Transfer,14,10,1,0,30-40,31.5,5.0,1.0,0.2,184,56,2716.17,0.2,0.4,0.0,0.0,0.0,0,0,0.0,0.0,0,0,0.0,9608.960000000001,2,0,0.0,13580.85,5,1,0.2,0
LGS2ORD0037959,C014769,2025-10-28 14:00:00,Other,47,Bronze,Shopee,Bangkok,1748,TV_Show,Credit_Card,14,10,1,0,40-50,58.266666666666666,10.0,2.0,0.2,78,58,4496.806,0.28,0.3,0.3,0.0,0.0,0,0,0.0,0.0,0,0,0.0,25002.99,3,1,0.3333333333333333,44968.06,10,2,0.2,0
LGS2ORD0037960,C017941,2025-10-28 15:00:00,Female,50,Platinum,Web,Bangkok,853,Web,Credit_Card,15,10,1,0,40-50,28.433333333333334,2.0,0.0,0.0,-1,85,2335.615,0.3,0.0,0.5,0.0,0.0,0,0,0.0,0.0,0,0,0.0,2402.1,1,0,0.0,4671.23,2,0,0.0,1
LGS2ORD0037961,C014267,2025-10-28 15:00:00,Male,55,Gold,TV,Chonburi,1379,TV_Show,PromptPay,15,10,1,0,>50,45.96666666666667,5.0,1.0,0.2,276,21,2598.0379999999996,0.33,0.6,0.2,0.0,0.0,0,0,0.0,1092.37,1,0,0.0,8393.93,3,0,0.0,12990.189999999999,5,1,0.2,0
LGS2ORD0037962,C013701,2025-10-28 15:00:00,Other,66,Gold,CallCenter,Khon Kaen,1471,Lazada,Credit_Card,15,10,1,0,>50,49.03333333333333,6.0,1.0,0.16666666666666666,215,36,4229.423333333333,0.28,0.5,0.5,0.0,0.0,0,0,0.0,0.0,0,0,0.0,2076.44,1,0,0.0,25376.539999999997,6,1,0.16666666666666666,0
LGS2ORD0037963,C010278,2025-10-28 15:00:00,Male,36,Bronze,TV,Khon Kaen,1428,Lazada,COD,15,10,1,0,30-40,47.6,5.0,2.0,0.4,45,53,3188.7419999999997,0.23,0.2,0.2,0.0,0.0,0,0,0.0,0.0,0,0,0.0,1320.43,2,2,1.0,15943.71,5,2,0.4,1
LGS2ORD0037964,C011653,2025-10-28 15:00:00,Female,49,Gold,Lazada,Bangkok,332,Shopee,COD,15,10,1,0,40-50,11.066666666666666,5.0,0.0,0.0,-1,95,5794.504,0.28,0.4,0.4,0.0,0.0,0,0,0.0,0.0,0,0,0.0,0.0,0,0,0.0,28972.52,5,0,0.0,0
LGS2ORD0037965,C011756,2025-10-28 16:00:00,Female,59,Bronze,Web,Chiang Mai,1590,TV_Show,Credit_Card,16,10,1,0,>50,53.0,4.0,0.0,0.0,-1,83,3171.1324999999997,0.18,0.5,0.0,0.0,0.0,0,0,0.0,0.0,0,0,0.0,1933.33,1,0,0.0,12684.529999999999,4,0,0.0,0
LGS2ORD0037966,C016884,2025-10-28 16:00:00,Male,57,Gold,Web,Chonburi,1732,Shopee,PromptPay,16,10,1,0,>50,57.733333333333334,2.0,0.0,0.0,-1,96,9488.859999999999,0.33,0.5,0.5,0.0,0.0,0,0,0.0,0.0,0,0,0.0,0.0,0,0,0.0,18977.719999999998,2,0,0.0,0
LGS2ORD0037967,C016648,2025-10-28 16:00:00,Female,48,Bronze,Lazada,Chiang Mai,1036,TV_Show,COD,16,10,1,0,40-50,34.53333333333333,4.0,1.0,0.25,22,32,6827.075,0.28,0.5,0.5,0.0,0.0,0,0,0.0,0.0,0,0,0.0,12823.7,1,1,1.0,27308.3,4,1,0.25,0
LGS2ORD0037968,C015890,2025-10-28 16:00:00,Male,43,Bronze,Shopee,Phuket,882,Shopee,COD,16,10,1,0,40-50,29.4,4.0,0.0,0.0,-1,98,9958.8325,0.28,0.5,0.5,0.0,0.0,0,0,0.0,0.0,0,0,0.0,0.0,0,0,0.0,39835.33,4,0,0.0,0
LGS2ORD0037969,C013658,2025-10-28 16:00:00,Male,52,Gold,Web,Remote_Area,1570,Web,PromptPay,16,10,1,0,>50,52.333333333333336,2.0,1.0,0.5,262,186,2700.2,0.33,0.5,0.5,0.0,0.0,0,0,0.0,0.0,0,0,0.0,0.0,0,0,0.0,5400.4,2,1,0.5,1
LGS2ORD0037970,C011904,2025-10-28 17:00:00,Female,27,Bronze,Shopee,Bangkok,631,Lazada,COD,17,10,1,0,20-30,21.033333333333335,4.0,0.0,0.0,-1,87,6553.2825,0.23,1.0,0.5,0.0,0.0,0,0,0.0,0.0,0,0,0.0,14706.07,1,0,0.0,26213.13,4,0,0.0,0
LGS2ORD0037971,C011979,2025-10-28 17:00:00,Female,18,Silver,Web,Remote_Area,847,Web,COD,17,10,1,0,<20,28.233333333333334,3.0,1.0,0.3333333333333333,229,24,6419.406666666667,0.2,0.3333333333333333,0.0,0.0,0.0,0,0,0.0,6511.3,1,0,0.0,6511.3,1,0,0.0,19258.22,3,1,0.3333333333333333,0
LGS2ORD0037972,C010170,2025-10-28 17:00:00,Male,36,Silver,Lazada,Bangkok,951,Web,COD,17,10,1,0,30-40,31.7,6.0,1.0,0.16666666666666666,12,18,1522.405,0.3,0.3333333333333333,0.16666666666666666,0.0,0.0,0,0,0.0,1211.69,2,1,0.5,1211.69,2,1,0.5,9134.43,6,1,0.16666666666666666,0
LGS2ORD0037973,C014269,2025-10-28 17:00:00,Male,44,Bronze,Lazada,Bangkok,1537,TV_Show,COD,17,10,1,0,40-50,51.233333333333334,1.0,0.0,0.0,-1,188,6127.62,0.03,1.0,0.0,0.0,0.0,0,0,0.0,0.0,0,0,0.0,0.0,0,0,0.0,6127.62,1,0,0.0,0
LGS2ORD0037974,C014158,2025-10-28 17:00:00,Female,35,Platinum,Web,Chiang Mai,1269,Web,COD,17,10,1,0,30-40,42.3,2.0,0.0,0.0,-1,3,9872.135,0.2,0.5,0.0,0.0,3060.81,1,0,0.0,3060.81,1,0,0.0,3060.81,1,0,0.0,19744.27,2,0,0.0,1
LGS2ORD0037975,C012849,2025-10-28 17:00:00,Male,54,Platinum,Lazada,Chiang Mai,926,CallCenter,COD,17,10,1,0,>50,30.866666666666667,8.0,0.0,0.0,-1,24,3212.39125,0.3,0.625,0.625,0.0,0.0,0,0,0.0,8275.79,2,0,0.0,13484.66,5,0,0.0,25699.13,8,0,0.0,0
LGS2ORD0037976,C016363,2025-10-28 18:00:00,Male,45,Gold,TV,Bangkok,1691,TV_Show,Credit_Card,18,10,1,0,40-50,56.36666666666667,1.0,0.0,0.0,-1,16,686.94,0.18,0.0,0.0,0.0,0.0,0,0,0.0,686.94,1,0,0.0,686.94,1,0,0.0,686.94,1,0,0.0,0
LGS2ORD0037977,C014102,2025-10-28 18:00:00,Male,59,Platinum,Web,Bangkok,1568,TV_Show,COD,18,10,1,0,>50,52.266666666666666,3.0,0.0,0.0,-1,51,5518.243333333335,0.35,0.3333333333333333,0.3333333333333333,0.0,0.0,0,0,0.0,0.0,0,0,0.0,11930.76,2,0,0.0,16554.730000000003,3,0,0.0,1
LGS2ORD0037978,C015398,2025-10-28 18:00:00,Male,42,Bronze,Web,Bangkok,1403,TV_Show,COD,18,10,1,0,40-50,46.766666666666666,6.0,4.0,0.6666666666666666,19,29,4905.728333333333,0.28,0.8333333333333334,0.8333333333333334,0.0,0.0,0,0,0.0,8244.38,1,1,1.0,16675.269999999997,2,2,1.0,29434.369999999995,6,4,0.6666666666666666,0
LGS2ORD0037979,C012031,2025-10-28 18:00:00,Female,27,Silver,Web,Khon Kaen,1116,CallCenter,Bank_Transfer,18,10,1,0,20-30,37.2,9.0,1.0,0.1111111111111111,86,15,5698.496666666667,0.25,0.5555555555555556,0.1111111111111111,0.0,0.0,0,0,0.0,1324.59,1,0,0.0,39315.27,3,0,0.0,51286.47,9,1,0.1111111111111111,0
LGS2ORD0037980,C017560,2025-10-28 18:00:00,Male,20,Platinum,Web,Bangkok,1509,Lazada,COD,18,10,1,0,<20,50.3,3.0,0.0,0.0,-1,119,9155.466666666667,0.35,0.3333333333333333,0.3333333333333333,0.0,0.0,0,0,0.0,0.0,0,0,0.0,0.0,0,0,0.0,27466.4,3,0,0.0,1
LGS2ORD0037981,C011995,2025-10-28 19:00:00,Male,47,Bronze,CallCenter,Chiang Mai,482,TV_Show,COD,19,10,1,0,40-50,16.066666666666666,2.0,0.0,0.0,-1,112,1079.1399999999999,0.23,0.0,0.5,0.0,0.0,0,0,0.0,0.0,0,0,0.0,0.0,0,0,0.0,2158.2799999999997,2,0,0.0,1
LGS2ORD0037982,C016428,2025-10-28 19:00:00,Female,36,Platinum,Shopee,Chiang Mai,955,CallCenter,Credit_Card,19,10,1,0,30-40,31.833333333333332,5.0,1.0,0.2,150,18,3524.332,0.35,0.4,0.6,0.0,0.0,0,0,0.0,1872.8,1,0,0.0,1872.8,1,0,0.0,17621.66,5,1,0.2,0
LGS2ORD0037983,C011634,2025-10-28 19:00:00,Female,72,Silver,TV,Phuket,1337,Web,Credit_Card,19,10,1,0,>50,44.56666666666667,4.0,3.0,0.75,11,18,2098.3,0.2,0.75,0.0,0.0,0.0,0,0,0.0,5735.19,1,1,1.0,5735.19,1,1,1.0,8393.2,4,3,0.75,1
LGS2ORD0037984,C012336,2025-10-28 19:00:00,Female,38,Bronze,Lazada,Khon Kaen,887,Lazada,COD,19,10,1,0,30-40,29.566666666666666,5.0,2.0,0.4,64,36,2990.654,0.13,0.2,0.0,0.0,0.0,0,0,0.0,0.0,0,0,0.0,10298.650000000001,2,1,0.5,14953.27,5,2,0.4,1
LGS2ORD0037985,C013729,2025-10-28 19:00:00,Female,51,Bronze,TV,Phuket,407,Lazada,Credit_Card,19,10,1,0,>50,13.566666666666666,1.0,0.0,0.0,-1,152,375.35,0.13,1.0,0.0,0.0,0.0,0,0,0.0,0.0,0,0,0.0,0.0,0,0,0.0,375.35,1,0,0.0,0
LGS2ORD0037986,C016486,2025-10-28 20:00:00,Male,45,Silver,TV,Bangkok,609,TV_Show,COD,20,10,1,0,40-50,20.3,4.0,0.0,0.0,-1,134,4913.2474999999995,0.2,0.5,0.0,0.0,0.0,0,0,0.0,0.0,0,0,0.0,0.0,0,0,0.0,19652.989999999998,4,0,0.0,0
LGS2ORD0037987,C017302,2025-10-28 20:00:00,Female,18,Silver,CallCenter,Phuket,638,Lazada,COD,20,10,1,0,<20,21.266666666666666,4.0,1.0,0.25,93,99,7995.505000000001,0.3,0.5,0.25,0.0,0.0,0,0,0.0,0.0,0,0,0.0,0.0,0,0,0.0,31982.020000000004,4,1,0.25,0
LGS2ORD0037988,C012376,2025-10-28 20:00:00,Male,44,Bronze,TV,Bangkok,1535,TV_Show,COD,20,10,1,0,40-50,51.166666666666664,4.0,0.0,0.0,-1,39,1651.5700000000002,0.23,0.5,0.25,0.0,0.0,0,0,0.0,0.0,0,0,0.0,2816.64,2,0,0.0,6606.280000000001,4,0,0.0,0
LGS2ORD0037989,C013623,2025-10-28 20:00:00,Female,47,Bronze,TV,Chonburi,1733,Lazada,COD,20,10,1,0,40-50,57.766666666666666,10.0,4.0,0.4,62,23,8686.932,0.28,0.6,0.5,0.0,0.0,0,0,0.0,855.86,1,0,0.0,15416.330000000002,4,2,0.5,86869.32,10,4,0.4,0
LGS2ORD0037990,C010714,2025-10-28 20:00:00,Female,49,Bronze,TV,Remote_Area,1180,Web,COD,20,10,1,0,40-50,39.333333333333336,7.0,2.0,0.2857142857142857,188,88,4806.254285714286,0.28,0.2857142857142857,0.5714285714285714,0.0,0.0,0,0,0.0,0.0,0,0,0.0,1697.85,1,0,0.0,33643.780000000006,7,2,0.2857142857142857,0
LGS2ORD0037991,C010515,2025-10-28 21:00:00,Male,44,Bronze,TV,Bangkok,1354,TV_Show,COD,21,10,1,0,40-50,45.13333333333333,5.0,0.0,0.0,-1,25,10198.624,0.28,0.6,0.4,0.0,0.0,0,0,0.0,10643.38,1,0,0.0,20035.43,3,0,0.0,50993.12,5,0,0.0,0
LGS2ORD0037992,C017766,2025-10-28 21:00:00,Male,42,Bronze,TV,Chiang Mai,978,Shopee,COD,21,10,1,0,40-50,32.6,5.0,1.0,0.2,255,28,6000.386,0.28,0.6,0.6,0.0,0.0,0,0,0.0,1542.54,1,0,0.0,1542.54,1,0,0.0,30001.93,5,1,0.2,1
LGS2ORD0037993,C015169,2025-10-28 21:00:00,Female,44,Bronze,TV,Bangkok,1396,TV_Show,COD,21,10,1,0,40-50,46.53333333333333,5.0,2.0,0.4,109,121,6105.352,0.23,0.4,0.4,0.0,0.0,0,0,0.0,0.0,0,0,0.0,0.0,0,0,0.0,30526.76,5,2,0.4,0
LGS2ORD0037994,C010120,2025-10-28 21:00:00,Female,42,Silver,CallCenter,Remote_Area,578,Shopee,COD,21,10,1,0,40-50,19.266666666666666,0.0,0.0,0.0,-1,-1,0.0,0.0,0.0,0.0,0.0,0.0,0,0,0.0,0.0,0,0,0.0,0.0,0,0,0.0,0.0,0,0,0.0,0
LGS2ORD0037995,C015254,2025-10-28 21:00:00,Female,44,Silver,TV,Nakhon Ratchasima,1705,Web,COD,21,10,1,0,40-50,56.833333333333336,6.0,3.0,0.5,82,88,4576.511666666666,0.3,0.6666666666666666,0.16666666666666666,0.0,0.0,0,0,0.0,0.0,0,0,0.0,697.66,1,1,1.0,27459.069999999996,6,3,0.5,0
LGS2ORD0037996,C011459,2025-10-28 21:00:00,Male,33,Platinum,CallCenter,Chiang Mai,483,CallCenter,COD,21,10,1,0,30-40,16.1,3.0,0.0,0.0,-1,118,5025.703333333334,0.25,0.0,0.3333333333333333,0.0,0.0,0,0,0.0,0.0,0,0,0.0,0.0,0,0,0.0,15077.11,3,0,0.0,0
LGS2ORD0037997,C017767,2025-10-28 22:00:00,Male,60,Bronze,Lazada,Phuket,622,TV_Show,COD,22,10,1,0,>50,20.733333333333334,6.0,3.0,0.5,15,23,5908.571666666667,0.18,0.5,0.0,0.0,0.0,0,0,0.0,12459.769999999999,2,1,0.5,26351.62,3,2,0.6666666666666666,35451.43,6,3,0.5,1
LGS2ORD0037998,C012958,2025-10-28 22:00:00,Male,40,Silver,Lazada,Bangkok,1644,Web,COD,22,10,1,0,30-40,54.8,8.0,2.0,0.25,89,24,3356.8062499999996,0.3,0.5,0.25,0.0,0.0,0,0,0.0,8234.66,2,0,0.0,8234.66,2,0,0.0,26854.449999999997,8,2,0.25,0
LGS2ORD0037999,C012253,2025-10-28 22:00:00,Other,41,Silver,Web,Chonburi,1088,Shopee,COD,22,10,1,0,40-50,36.266666666666666,5.0,0.0,0.0,-1,20,4341.454,0.2,0.2,0.0,0.0,0.0,0,0,0.0,2783.41,1,0,0.0,2783.41,1,0,0.0,21707.27,5,0,0.0,0
LGS2ORD0038000,C014894,2025-10-28 22:00:00,Male,47,Silver,TV,Chonburi,977,Shopee,COD,22,10,1,0,40-50,32.56666666666667,8.0,1.0,0.125,167,32,6089.8425,0.25,0.5,0.5,0.0,0.0,0,0,0.0,0.0,0,0,0.0,12090.61,3,0,0.0,48718.74,8,1,0.125,0
LGS2ORD0038001,C010708,2025-10-28 22:00:00,Male,37,Gold,Web,Bangkok,1345,Lazada,PromptPay,22,10,1,0,30-40,44.833333333333336,1.0,0.0,0.0,-1,196,1214.25,0.13,1.0,0.0,0.0,0.0,0,0,0.0,0.0,0,0,0.0,0.0,0,0,0.0,1214.25,1,0,0.0,0
LGS2ORD0038002,C010389,2025-10-28 23:00:00,Male,46,Bronze,Shopee,Phuket,399,Web,Credit_Card,23,10,1,0,40-50,13.3,6.0,2.0,0.3333333333333333,0,14,4336.0,0.23,0.3333333333333333,0.3333333333333333,0.0,0.0,0,0,0.0,4229.7,1,1,1.0,8120.27,3,1,0.3333333333333333,26016.0,6,2,0.3333333333333333,1
LGS2ORD0038003,C011001,2025-10-28 23:00:00,Male,57,Silver,TV,Nakhon Ratchasima,1438,Web,Credit_Card,23,10,1,0,>50,47.93333333333333,6.0,1.0,0.16666666666666666,128,32,7362.158333333333,0.25,0.5,0.16666666666666666,0.0,0.0,0,0,0.0,0.0,0,0,0.0,23643.59,2,0,0.0,44172.95,6,1,0.16666666666666666,0
LGS2ORD0038004,C011851,2025-10-28 23:00:00,Female,27,Silver,Lazada,Khon Kaen,1313,Web,COD,23,10,1,0,20-30,43.766666666666666,7.0,2.0,0.2857142857142857,37,27,4844.618571428572,0.3,0.42857142857142855,0.42857142857142855,0.0,0.0,0,0,0.0,4464.77,1,0,0.0,8632.76,3,1,0.3333333333333333,33912.33,7,2,0.2857142857142857,0
LGS2ORD0038005,C012862,2025-10-28 23:00:00,Female,63,Silver,TV,Bangkok,760,Web,Credit_Card,23,10,1,0,>50,25.333333333333332,3.0,0.0,0.0,-1,67,3514.5733333333337,0.2,0.6666666666666666,0.0,0.0,0.0,0,0,0.0,0.0,0,0,0.0,4814.27,1,0,0.0,10543.720000000001,3,0,0.0,0
LGS2ORD0038006,C012839,2025-10-28 23:00:00,Male,28,Platinum,Web,Khon Kaen,622,CallCenter,PromptPay,23,10,1,0,20-30,20.733333333333334,2.0,0.0,0.0,-1,13,3564.54,0.15,0.0,0.0,0.0,0.0,0,0,0.0,3761.47,1,0,0.0,3761.47,1,0,0.0,7129.08,2,0,0.0,0
LGS2ORD0038007,C014192,2025-10-29 00:00:00,Male,38,Silver,CallCenter,Phuket,1740,Web,COD,0,10,2,0,30-40,58.0,4.0,0.0,0.0,-1,66,16494.275,0.1,0.0,0.0,0.0,0.0,0,0,0.0,0.0,0,0,0.0,39001.41,1,0,0.0,65977.1,4,0,0.0,0
LGS2ORD0038008,C011647,2025-10-29 00:00:00,Female,40,Bronze,Lazada,Remote_Area,1029,TV_Show,COD,0,10,2,0,30-40,34.3,9.0,3.0,0.3333333333333333,71,84,3818.8777777777777,0.28,0.5555555555555556,0.2222222222222222,0.0,0.0,0,0,0.0,0.0,0,0,0.0,5174.11,1,1,1.0,34369.9,9,3,0.3333333333333333,0
LGS2ORD0038009,C013572,2025-10-29 00:00:00,Female,43,Silver,Web,Chiang Mai,357,Shopee,COD,0,10,2,0,40-50,11.9,1.0,0.0,0.0,-1,111,11200.71,0.05,1.0,0.0,0.0,0.0,0,0,0.0,0.0,0,0,0.0,0.0,0,0,0.0,11200.71,1,0,0.0,0
LGS2ORD0038010,C010233,2025-10-29 00:00:00,Male,26,Gold,Web,Khon Kaen,783,Web,COD,0,10,2,0,20-30,26.1,4.0,0.0,0.0,-1,136,8157.2525,0.33,0.5,0.5,0.0,0.0,0,0,0.0,0.0,0,0,0.0,0.0,0,0,0.0,32629.01,4,0,0.0,0
LGS2ORD0038011,C017928,2025-10-29 00:00:00,Male,38,Gold,Web,Chiang Mai,708,CallCenter,COD,0,10,2,0,30-40,23.6,10.0,1.0,0.1,262,21,5563.57,0.33,0.7,0.2,0.0,0.0,0,0,0.0,1086.64,1,0,0.0,2996.74,2,0,0.0,55635.7,10,1,0.1,0
LGS2ORD0038012,C014370,2025-10-29 01:00:00,Female,32,Bronze,CallCenter,Nakhon Ratchasima,1074,TV_Show,COD,1,10,2,0,30-40,35.8,3.0,1.0,0.3333333333333333,179,188,13599.716666666665,0.28,0.6666666666666666,0.6666666666666666,0.0,0.0,0,0,0.0,0.0,0,0,0.0,0.0,0,0,0.0,40799.149999999994,3,1,0.3333333333333333,0
LGS2ORD0038013,C017993,2025-10-29 01:00:00,Female,40,Silver,TV,Bangkok,451,Web,COD,1,10,2,0,30-40,15.033333333333333,3.0,0.0,0.0,-1,57,5362.576666666667,0.2,0.0,0.0,0.0,0.0,0,0,0.0,0.0,0,0,0.0,10817.77,1,0,0.0,16087.73,3,0,0.0,0
LGS2ORD0038014,C011891,2025-10-29 01:00:00,Female,21,Bronze,Web,Bangkok,1344,Web,Credit_Card,1,10,2,0,20-30,44.8,7.0,1.0,0.14285714285714285,181,55,4702.052857142858,0.28,0.42857142857142855,0.2857142857142857,0.0,0.0,0,0,0.0,0.0,0,0,0.0,8845.11,2,0,0.0,32914.37,7,1,0.14285714285714285,0
LGS2ORD0038015,C014661,2025-10-29 01:00:00,Male,48,Silver,Shopee,Nakhon Ratchasima,1537,Lazada,PromptPay,1,10,2,0,40-50,51.233333333333334,5.0,1.0,0.2,50,57,4761.628,0.2,0.8,0.0,0.0,0.0,0,0,0.0,0.0,0,0,0.0,2051.82,1,1,1.0,23808.14,5,1,0.2,0
LGS2ORD0038016,C010071,2025-10-29 01:00:00,Female,51,Bronze,TV,Remote_Area,673,Web,PromptPay,1,10,2,0,>50,22.433333333333334,6.0,2.0,0.3333333333333333,70,10,6931.866666666668,0.28,0.6666666666666666,0.6666666666666666,0.0,0.0,0,0,0.0,7003.8,1,0,0.0,23948.11,2,1,0.5,41591.200000000004,6,2,0.3333333333333333,0
LGS2ORD0038017,C015396,2025-10-29 01:00:00,Female,59,Bronze,Web,Chiang Mai,1544,Web,COD,1,10,2,0,>50,51.46666666666667,3.0,1.0,0.3333333333333333,49,60,3013.8366666666666,0.18,0.3333333333333333,0.0,0.0,0.0,0,0,0.0,0.0,0,0,0.0,4681.15,1,1,1.0,9041.51,3,1,0.3333333333333333,0
LGS2ORD0038018,C013526,2025-10-29 02:00:00,Male,39,Gold,CallCenter,Bangkok,373,TV_Show,PromptPay,2,10,2,0,30-40,12.433333333333334,6.0,2.0,0.3333333333333333,136,10,2473.391666666667,0.2299999999999999,0.5,0.5,0.0,0.0,0,0,0.0,5650.29,2,0,0.0,5650.29,2,0,0.0,14840.350000000002,6,2,0.3333333333333333,0
LGS2ORD0038019,C016521,2025-10-29 02:00:00,Female,47,Silver,TV,Chonburi,714,TV_Show,COD,2,10,2,0,40-50,23.8,1.0,1.0,1.0,44,56,5258.04,0.05,1.0,0.0,0.0,0.0,0,0,0.0,0.0,0,0,0.0,5258.04,1,1,1.0,5258.04,1,1,1.0,0
LGS2ORD0038020,C014874,2025-10-29 02:00:00,Female,31,Silver,CallCenter,Chiang Mai,726,Shopee,COD,2,10,2,0,30-40,24.2,5.0,1.0,0.2,93,53,1782.788,0.25,0.6,0.2,0.0,0.0,0,0,0.0,0.0,0,0,0.0,1038.78,1,0,0.0,8913.94,5,1,0.2,0
LGS2ORD0038021,C012317,2025-10-29 02:00:00,Male,52,Silver,TV,Phuket,447,Shopee,COD,2,10,2,0,>50,14.9,4.0,0.0,0.0,-1,80,3940.3475,0.25,0.0,0.5,0.0,0.0,0,0,0.0,0.0,0,0,0.0,6309.09,1,0,0.0,15761.39,4,0,0.0,1
LGS2ORD0038022,C016920,2025-10-29 02:00:00,Male,55,Silver,Shopee,Chonburi,693,CallCenter,Credit_Card,2,10,2,0,>50,23.1,6.0,2.0,0.3333333333333333,64,34,7773.48,0.25,0.5,0.3333333333333333,0.0,0.0,0,0,0.0,0.0,0,0,0.0,2914.5,2,1,0.5,46640.88,6,2,0.3333333333333333,0
LGS2ORD0038023,C017860,2025-10-29 03:00:00,Male,48,Bronze,Shopee,Chiang Mai,1223,TV_Show,PromptPay,3,10,2,0,40-50,40.766666666666666,6.0,0.0,0.0,-1,3,8660.788333333332,0.28,0.3333333333333333,0.3333333333333333,0.0,725.28,1,0,0.0,14409.130000000001,3,0,0.0,38377.56,4,0,0.0,51964.729999999996,6,0,0.0,0
LGS2ORD0038024,C012014,2025-10-29 03:00:00,Male,35,Gold,Web,Bangkok,1387,Web,COD,3,10,2,0,30-40,46.233333333333334,3.0,0.0,0.0,-1,121,7134.943333333334,0.28,0.0,0.3333333333333333,0.0,0.0,0,0,0.0,0.0,0,0,0.0,0.0,0,0,0.0,21404.83,3,0,0.0,0
LGS2ORD0038025,C010503,2025-10-29 03:00:00,Female,50,Bronze,Lazada,Remote_Area,1217,Shopee,Credit_Card,3,10,2,0,40-50,40.56666666666667,8.0,2.0,0.25,167,64,5608.7575,0.23,0.75,0.25,0.0,0.0,0,0,0.0,0.0,0,0,0.0,962.72,2,0,0.0,44870.06,8,2,0.25,0
LGS2ORD0038026,C011051,2025-10-29 03:00:00,Female,40,Bronze,TV,Phuket,854,TV_Show,Credit_Card,3,10,2,0,30-40,28.466666666666665,7.0,3.0,0.42857142857142855,20,11,4158.702857142857,0.28,0.5714285714285714,0.5714285714285714,0.0,0.0,0,0,0.0,8547.84,1,0,0.0,28538.46,6,3,0.5,29110.92,7,3,0.42857142857142855,0
LGS2ORD0038027,C013478,2025-10-29 03:00:00,Male,32,Bronze,Lazada,Bangkok,1109,CallCenter,COD,3,10,2,0,30-40,36.96666666666667,5.0,1.0,0.2,185,14,4379.814,0.13,0.4,0.0,0.0,0.0,0,0,0.0,1357.98,1,0,0.0,1357.98,1,0,0.0,21899.07,5,1,0.2,0
LGS2ORD0038028,C014192,2025-10-29 04:00:00,Male,38,Silver,CallCenter,Phuket,1740,Lazada,PromptPay,4,10,2,0,30-40,58.0,5.0,0.0,0.0,-1,0,13626.872,0.1,0.2,0.0,0.0,2157.26,1,0,0.0,2157.26,1,0,0.0,41158.670000000006,2,0,0.0,68134.36,5,0,0.0,0
LGS2ORD0038029,C016103,2025-10-29 04:00:00,Male,55,Gold,CallCenter,Remote_Area,1352,Lazada,Bank_Transfer,4,10,2,0,>50,45.06666666666667,5.0,1.0,0.2,214,73,5501.929999999999,0.33,0.4,0.4,0.0,0.0,0,0,0.0,0.0,0,0,0.0,3733.89,1,0,0.0,27509.649999999998,5,1,0.2,0
LGS2ORD0038030,C010643,2025-10-29 04:00:00,Male,46,Bronze,TV,Bangkok,1460,Shopee,Bank_Transfer,4,10,2,0,40-50,48.666666666666664,3.0,0.0,0.0,-1,104,4561.97,0.08,0.3333333333333333,0.0,0.0,0.0,0,0,0.0,0.0,0,0,0.0,0.0,0,0,0.0,13685.91,3,0,0.0,0
LGS2ORD0038031,C012102,2025-10-29 04:00:00,Male,18,Bronze,Shopee,Nakhon Ratchasima,1014,Web,PromptPay,4,10,2,0,<20,33.8,4.0,2.0,0.5,255,118,3360.0975,0.18,0.75,0.0,0.0,0.0,0,0,0.0,0.0,0,0,0.0,0.0,0,0,0.0,13440.39,4,2,0.5,0
LGS2ORD0038032,C013794,2025-10-29 04:00:00,Female,46,Silver,Web,Khon Kaen,1660,TV_Show,COD,4,10,2,0,40-50,55.333333333333336,5.0,1.0,0.2,91,51,5780.988,0.2,0.4,0.0,0.0,0.0,0,0,0.0,0.0,0,0,0.0,21541.72,2,0,0.0,28904.940000000002,5,1,0.2,0
LGS2ORD0038033,C011600,2025-10-29 05:00:00,Female,26,Bronze,TV,Phuket,459,TV_Show,Credit_Card,5,10,2,0,20-30,15.3,8.0,5.0,0.625,28,40,5188.135,0.23,0.75,0.125,0.0,0.0,0,0,0.0,0.0,0,0,0.0,9189.869999999999,2,2,1.0,41505.08,8,5,0.625,0
LGS2ORD0038034,C016306,2025-10-29 05:00:00,Male,28,Bronze,TV,Phuket,1126,TV_Show,Credit_Card,5,10,2,0,20-30,37.53333333333333,4.0,1.0,0.25,65,33,5009.8325,0.28,1.0,0.75,0.0,0.0,0,0,0.0,0.0,0,0,0.0,18930.39,3,1,0.3333333333333333,20039.33,4,1,0.25,0
LGS2ORD0038035,C010827,2025-10-29 05:00:00,Female,35,Silver,Shopee,Chiang Mai,351,CallCenter,Credit_Card,5,10,2,0,30-40,11.7,2.0,1.0,0.5,72,83,2392.95,0.05,1.0,0.0,0.0,0.0,0,0,0.0,0.0,0,0,0.0,774.13,1,1,1.0,4785.9,2,1,0.5,0
LGS2ORD0038036,C015604,2025-10-29 05:00:00,Female,47,Bronze,Web,Nakhon Ratchasima,617,CallCenter,COD,5,10,2,0,40-50,20.566666666666666,4.0,2.0,0.5,111,121,5467.01,0.23,0.25,0.25,0.0,0.0,0,0,0.0,0.0,0,0,0.0,0.0,0,0,0.0,21868.04,4,2,0.5,0
LGS2ORD0038037,C016630,2025-10-29 05:00:00,Male,23,Bronze,TV,Phuket,1347,TV_Show,COD,5,10,2,0,20-30,44.9,6.0,1.0,0.16666666666666666,14,17,4241.113333333334,0.23,0.8333333333333334,0.3333333333333333,0.0,0.0,0,0,0.0,4322.63,1,1,1.0,16873.8,3,1,0.3333333333333333,25446.680000000004,6,1,0.16666666666666666,0
LGS2ORD0038038,C014203,2025-10-29 05:00:00,Female,54,Bronze,Shopee,Nakhon Ratchasima,1101,Shopee,Credit_Card,5,10,2,0,>50,36.7,10.0,1.0,0.1,269,6,6194.713,0.28,0.4,0.4,0.0,1841.21,1,0,0.0,1841.21,1,0,0.0,18178.030000000002,3,0,0.0,61947.13,10,1,0.1,0
LGS2ORD0038039,C017935,2025-10-29 06:00:00,Female,54,Bronze,Web,Phuket,1111,TV_Show,COD,6,10,2,0,>50,37.03333333333333,7.0,4.0,0.5714285714285714,22,21,4822.4971428571425,0.23,0.7142857142857143,0.14285714285714285,0.0,0.0,0,0,0.0,4123.88,1,0,0.0,14649.39,2,1,0.5,33757.479999999996,7,4,0.5714285714285714,0
LGS2ORD0038040,C014713,2025-10-29 06:00:00,Female,54,Bronze,Lazada,Remote_Area,1032,Lazada,COD,6,10,2,0,>50,34.4,4.0,1.0,0.25,182,133,1480.3049999999998,0.18,0.5,0.0,0.0,0.0,0,0,0.0,0.0,0,0,0.0,0.0,0,0,0.0,5921.219999999999,4,1,0.25,0
LGS2ORD0038041,C015556,2025-10-29 06:00:00,Female,47,Silver,Lazada,Nakhon Ratchasima,1384,Web,COD,6,10,2,0,40-50,46.13333333333333,5.0,2.0,0.4,158,49,3302.3619999999996,0.3,0.6,0.2,0.0,0.0,0,0,0.0,0.0,0,0,0.0,2605.23,1,0,0.0,16511.809999999998,5,2,0.4,1
LGS2ORD0038042,C010945,2025-10-29 06:00:00,Female,31,Bronze,Web,Bangkok,1671,Web,PromptPay,6,10,2,0,30-40,55.7,5.0,1.0,0.2,40,43,1287.732,0.23,0.2,0.4,0.0,0.0,0,0,0.0,0.0,0,0,0.0,4482.51,3,1,0.3333333333333333,6438.66,5,1,0.2,1
LGS2ORD0038043,C017102,2025-10-29 06:00:00,Female,18,Gold,TV,Remote_Area,1552,Shopee,COD,6,10,2,0,<20,51.733333333333334,7.0,4.0,0.5714285714285714,49,61,4975.181428571429,0.2299999999999999,0.7142857142857143,0.42857142857142855,0.0,0.0,0,0,0.0,0.0,0,0,0.0,9797.990000000002,2,1,0.5,34826.270000000004,7,4,0.5714285714285714,1
LGS2ORD0038044,C014420,2025-10-29 07:00:00,Female,56,Silver,Shopee,Bangkok,649,Lazada,COD,7,10,2,0,>50,21.633333333333333,6.0,3.0,0.5,50,8,9682.831666666665,0.3,0.0,0.3333333333333333,0.0,0.0,0,0,0.0,9447.34,1,0,0.0,25589.44,3,1,0.3333333333333333,58096.98999999999,6,3,0.5,0
LGS2ORD0038045,C016864,2025-10-29 07:00:00,Female,56,Bronze,CallCenter,Nakhon Ratchasima,1373,TV_Show,COD,7,10,2,0,>50,45.766666666666666,6.0,2.0,0.3333333333333333,91,96,7618.175,0.23,0.8333333333333334,0.16666666666666666,0.0,0.0,0,0,0.0,0.0,0,0,0.0,0.0,0,0,0.0,45709.05,6,2,0.3333333333333333,0
LGS2ORD0038046,C015327,2025-10-29 07:00:00,Male,58,Platinum,TV,Phuket,1401,Lazada,Bank_Transfer,7,10,2,0,>50,46.7,10.0,5.0,0.5,-11,4,2365.417,0.35,0.6,0.5,0.0,1029.51,1,1,1.0,1029.51,1,1,1.0,9463.66,5,3,0.6,23654.17,10,5,0.5,0
LGS2ORD0038047,C015032,2025-10-29 07:00:00,Female,63,Bronze,Shopee,Bangkok,1418,TV_Show,Credit_Card,7,10,2,0,>50,47.266666666666666,3.0,0.0,0.0,-1,4,2263.5266666666666,0.13,0.6666666666666666,0.0,0.0,1209.31,1,0,0.0,1209.31,1,0,0.0,1209.31,1,0,0.0,6790.58,3,0,0.0,0
LGS2ORD0038048,C014517,2025-10-29 07:00:00,Female,50,Silver,CallCenter,Songkhla,328,TV_Show,Credit_Card,7,10,2,0,40-50,10.933333333333334,6.0,2.0,0.3333333333333333,213,98,6565.276666666668,0.3,0.6666666666666666,0.16666666666666666,0.0,0.0,0,0,0.0,0.0,0,0,0.0,0.0,0,0,0.0,39391.66,6,2,0.3333333333333333,0
LGS2ORD0038049,C013742,2025-10-29 08:00:00,Male,46,Platinum,Lazada,Remote_Area,1110,TV_Show,PromptPay,8,10,2,0,40-50,37.0,3.0,0.0,0.0,-1,24,5886.533333333333,0.25,0.6666666666666666,0.3333333333333333,0.0,0.0,0,0,0.0,10754.25,1,0,0.0,10754.25,1,0,0.0,17659.6,3,0,0.0,0
LGS2ORD0038050,C013326,2025-10-29 08:00:00,Female,42,Silver,Web,Chiang Mai,1323,Shopee,Credit_Card,8,10,2,0,40-50,44.1,0.0,0.0,0.0,-1,-1,0.0,0.0,0.0,0.0,0.0,0.0,0,0,0.0,0.0,0,0,0.0,0.0,0,0,0.0,0.0,0,0,0.0,0
LGS2ORD0038051,C017922,2025-10-29 08:00:00,Male,42,Bronze,CallCenter,Khon Kaen,1153,Lazada,COD,8,10,2,0,40-50,38.43333333333333,14.0,4.0,0.2857142857142857,0,6,3136.7885714285703,0.23,0.5,0.14285714285714285,0.0,6467.549999999999,2,1,0.5,8156.76,3,1,0.3333333333333333,14697.399999999998,5,2,0.4,43915.039999999986,14,4,0.2857142857142857,0
LGS2ORD0038052,C012468,2025-10-29 08:00:00,Male,50,Gold,Lazada,Chiang Mai,489,TV_Show,COD,8,10,2,0,40-50,16.3,4.0,2.0,0.5,65,71,4190.5825,0.33,0.75,0.5,0.0,0.0,0,0,0.0,0.0,0,0,0.0,1820.8,1,1,1.0,16762.33,4,2,0.5,0
LGS2ORD0038053,C011503,2025-10-29 08:00:00,Female,72,Bronze,Shopee,Khon Kaen,1632,CallCenter,Credit_Card,8,10,2,0,>50,54.4,7.0,1.0,0.14285714285714285,26,35,5825.5828571428565,0.28,0.2857142857142857,0.5714285714285714,0.0,0.0,0,0,0.0,0.0,0,0,0.0,10375.689999999999,2,1,0.5,40779.079999999994,7,1,0.14285714285714285,1
LGS2ORD0038054,C015641,2025-10-29 08:00:00,Female,52,Gold,TV,Nakhon Ratchasima,322,TV_Show,COD,8,10,2,0,>50,10.733333333333333,5.0,0.0,0.0,-1,7,5083.522,0.33,0.4,0.6,0.0,0.0,0,0,0.0,5927.26,1,0,0.0,5927.26,1,0,0.0,25417.61,5,0,0.0,0
LGS2ORD0038055,C011177,2025-10-29 09:00:00,Female,49,Bronze,TV,Remote_Area,827,Lazada,PromptPay,9,10,2,0,40-50,27.566666666666666,9.0,4.0,0.4444444444444444,25,34,5664.271111111111,0.28,0.3333333333333333,0.2222222222222222,0.0,0.0,0,0,0.0,0.0,0,0,0.0,3335.92,1,1,1.0,50978.44,9,4,0.4444444444444444,0
LGS2ORD0038056,C011344,2025-10-29 09:00:00,Female,44,Bronze,Web,Nakhon Ratchasima,398,Shopee,COD,9,10,2,0,40-50,13.266666666666667,4.0,0.0,0.0,-1,46,3372.3599999999997,0.28,0.5,0.25,0.0,0.0,0,0,0.0,0.0,0,0,0.0,11583.029999999999,3,0,0.0,13489.439999999999,4,0,0.0,1
LGS2ORD0038057,C012443,2025-10-29 09:00:00,Male,63,Bronze,Shopee,Remote_Area,1664,CallCenter,COD,9,10,2,0,>50,55.46666666666667,5.0,0.0,0.0,-1,1,2290.734,0.28,0.0,0.2,0.0,1249.81,1,0,0.0,1249.81,1,0,0.0,7812.17,3,0,0.0,11453.67,5,0,0.0,0
LGS2ORD0038058,C013947,2025-10-29 09:00:00,Female,36,Bronze,Shopee,Phuket,1069,TV_Show,COD,9,10,2,0,30-40,35.63333333333333,5.0,3.0,0.6,37,50,3185.95,0.23,0.4,0.6,0.0,0.0,0,0,0.0,0.0,0,0,0.0,6991.34,2,2,1.0,15929.75,5,3,0.6,1
LGS2ORD0038059,C010726,2025-10-29 09:00:00,Female,33,Silver,TV,Nakhon Ratchasima,1669,TV_Show,COD,9,10,2,0,30-40,55.63333333333333,7.0,2.0,0.2857142857142857,87,91,10202.42142857143,0.25,0.14285714285714285,0.14285714285714285,0.0,0.0,0,0,0.0,0.0,0,0,0.0,0.0,0,0,0.0,71416.95000000001,7,2,0.2857142857142857,0
LGS2ORD0038060,C010518,2025-10-29 10:00:00,Male,31,Gold,Web,Chonburi,811,TV_Show,Credit_Card,10,10,2,0,30-40,27.033333333333335,2.0,1.0,0.5,128,51,5182.01,0.33,0.5,1.0,0.0,0.0,0,0,0.0,0.0,0,0,0.0,7276.3,1,0,0.0,10364.02,2,1,0.5,1
LGS2ORD0038061,C012920,2025-10-29 10:00:00,Male,32,Gold,CallCenter,Phuket,1281,CallCenter,COD,10,10,2,0,30-40,42.7,8.0,2.0,0.25,127,116,5060.235000000001,0.33,0.375,0.375,0.0,0.0,0,0,0.0,0.0,0,0,0.0,0.0,0,0,0.0,40481.880000000005,8,2,0.25,0
LGS2ORD0038062,C013110,2025-10-29 10:00:00,Male,42,Gold,Web,Bangkok,738,Web,COD,10,10,2,0,40-50,24.6,6.0,1.0,0.16666666666666666,23,36,7577.420000000001,0.33,0.5,0.5,0.0,0.0,0,0,0.0,0.0,0,0,0.0,2561.8,1,1,1.0,45464.520000000004,6,1,0.16666666666666666,1
LGS2ORD0038063,C011419,2025-10-29 10:00:00,Female,18,Silver,CallCenter,Bangkok,1522,CallCenter,Bank_Transfer,10,10,2,0,<20,50.733333333333334,4.0,1.0,0.25,140,143,2255.06,0.25,0.5,0.25,0.0,0.0,0,0,0.0,0.0,0,0,0.0,0.0,0,0,0.0,9020.24,4,1,0.25,0
LGS2ORD0038064,C013277,2025-10-29 10:00:00,Female,41,Bronze,TV,Chonburi,836,CallCenter,COD,10,10,2,0,40-50,27.866666666666667,6.0,1.0,0.16666666666666666,-7,2,1869.8866666666665,0.18,0.5,0.0,0.0,4957.98,1,1,1.0,4957.98,1,1,1.0,4957.98,1,1,1.0,11219.32,6,1,0.16666666666666666,1
LGS2ORD0038065,C013440,2025-10-29 11:00:00,Female,48,Silver,Shopee,Bangkok,1304,TV_Show,PromptPay,11,10,2,0,40-50,43.46666666666667,3.0,1.0,0.3333333333333333,124,114,1947.0933333333335,0.1,0.3333333333333333,0.0,0.0,0.0,0,0,0.0,0.0,0,0,0.0,0.0,0,0,0.0,5841.280000000001,3,1,0.3333333333333333,0
LGS2ORD0038066,C016731,2025-10-29 11:00:00,Female,48,Gold,Shopee,Songkhla,437,TV_Show,COD,11,10,2,0,40-50,14.566666666666666,7.0,2.0,0.2857142857142857,28,31,6892.07,0.33,0.42857142857142855,0.5714285714285714,0.0,0.0,0,0,0.0,0.0,0,0,0.0,8993.470000000001,2,1,0.5,48244.49,7,2,0.2857142857142857,0
LGS2ORD0038067,C010739,2025-10-29 11:00:00,Male,34,Bronze,CallCenter,Bangkok,537,CallCenter,COD,11,10,2,0,30-40,17.9,8.0,2.0,0.25,46,1,7619.8475,0.28,0.5,0.25,0.0,856.39,1,0,0.0,42333.65,2,0,0.0,43184.55,3,1,0.3333333333333333,60958.78,8,2,0.25,1
LGS2ORD0038068,C015784,2025-10-29 11:00:00,Female,35,Gold,Web,Chonburi,1392,Web,PromptPay,11,10,2,0,30-40,46.4,2.0,1.0,0.5,192,189,11400.055,0.28,0.0,0.5,0.0,0.0,0,0,0.0,0.0,0,0,0.0,0.0,0,0,0.0,22800.11,2,1,0.5,0
LGS2ORD0038069,C017928,2025-10-29 11:00:00,Male,38,Gold,Web,Chiang Mai,708,CallCenter,PromptPay,11,10,2,0,30-40,23.6,11.0,1.0,0.09090909090909091,262,0,5894.249090909091,0.33,0.7272727272727273,0.18181818181818182,0.0,9201.04,1,0,0.0,10287.68,2,0,0.0,12197.78,3,0,0.0,64836.74,11,1,0.09090909090909091,0
LGS2ORD0038070,C013612,2025-10-29 12:00:00,Female,27,Gold,Lazada,Bangkok,1008,Lazada,Credit_Card,12,10,2,0,20-30,33.6,4.0,0.0,0.0,-1,85,13821.287499999999,0.2299999999999999,0.25,0.25,0.0,0.0,0,0,0.0,0.0,0,0,0.0,39497.09,1,0,0.0,55285.149999999994,4,0,0.0,0
LGS2ORD0038071,C010140,2025-10-29 12:00:00,Female,26,Gold,CallCenter,Songkhla,579,Lazada,COD,12,10,2,0,20-30,19.3,2.0,1.0,0.5,249,156,6522.775,0.28,1.0,1.0,0.0,0.0,0,0,0.0,0.0,0,0,0.0,0.0,0,0,0.0,13045.55,2,1,0.5,0
LGS2ORD0038072,C010158,2025-10-29 12:00:00,Male,31,Silver,Web,Remote_Area,1655,Web,COD,12,10,2,0,30-40,55.166666666666664,5.0,2.0,0.4,55,68,8416.386,0.15,0.8,0.0,0.0,0.0,0,0,0.0,0.0,0,0,0.0,12265.29,1,1,1.0,42081.93,5,2,0.4,1
LGS2ORD0038073,C017863,2025-10-29 12:00:00,Male,39,Silver,Shopee,Phuket,988,Lazada,COD,12,10,2,0,30-40,32.93333333333333,2.0,0.0,0.0,-1,52,6866.55,0.2,0.5,0.0,0.0,0.0,0,0,0.0,0.0,0,0,0.0,6521.34,1,0,0.0,13733.1,2,0,0.0,1
LGS2ORD0038074,C012661,2025-10-29 12:00:00,Female,40,Bronze,Shopee,Bangkok,1109,Lazada,COD,12,10,2,0,30-40,36.96666666666667,5.0,1.0,0.2,104,19,4412.3679999999995,0.28,1.0,0.4,0.0,0.0,0,0,0.0,8971.21,1,0,0.0,8971.21,1,0,0.0,22061.839999999997,5,1,0.2,1
LGS2ORD0038075,C012262,2025-10-29 12:00:00,Male,43,Platinum,TV,Bangkok,945,Shopee,Credit_Card,12,10,2,0,40-50,31.5,3.0,0.0,0.0,-1,155,4515.723333333333,0.3,0.6666666666666666,0.3333333333333333,0.0,0.0,0,0,0.0,0.0,0,0,0.0,0.0,0,0,0.0,13547.17,3,0,0.0,0
LGS2ORD0038076,C016499,2025-10-29 13:00:00,Female,27,Bronze,Shopee,Remote_Area,1200,Shopee,Credit_Card,13,10,2,0,20-30,40.0,4.0,1.0,0.25,132,38,3056.93,0.23,0.5,0.25,0.0,0.0,0,0,0.0,0.0,0,0,0.0,6878.33,2,0,0.0,12227.72,4,1,0.25,0
LGS2ORD0038077,C011220,2025-10-29 13:00:00,Male,71,Bronze,CallCenter,Bangkok,922,Shopee,Credit_Card,13,10,2,0,>50,30.733333333333334,10.0,2.0,0.2,36,3,3662.4090000000006,0.28,0.6,0.3,0.1,3899.11,1,0,0.0,9154.65,3,0,0.0,25615.08,7,1,0.14285714285714285,36624.090000000004,10,2,0.2,0
LGS2ORD0038078,C012198,2025-10-29 13:00:00,Male,42,Silver,Shopee,Bangkok,943,Web,Bank_Transfer,13,10,2,0,40-50,31.433333333333334,1.0,0.0,0.0,-1,87,1110.89,0.2,1.0,0.0,0.0,0.0,0,0,0.0,0.0,0,0,0.0,1110.89,1,0,0.0,1110.89,1,0,0.0,0
LGS2ORD0038079,C011662,2025-10-29 13:00:00,Other,37,Bronze,Shopee,Chonburi,529,CallCenter,Credit_Card,13,10,2,0,30-40,17.633333333333333,7.0,1.0,0.14285714285714285,198,34,5751.2471428571425,0.18,0.7142857142857143,0.0,0.0,0.0,0,0,0.0,0.0,0,0,0.0,19565.82,3,0,0.0,40258.729999999996,7,1,0.14285714285714285,0
LGS2ORD0038080,C010060,2025-10-29 13:00:00,Female,26,Bronze,Web,Khon Kaen,1008,TV_Show,Bank_Transfer,13,10,2,0,20-30,33.6,4.0,0.0,0.0,-1,7,5817.1925,0.23,0.25,0.5,0.0,0.0,0,0,0.0,8083.9,1,0,0.0,14360.16,2,0,0.0,23268.77,4,0,0.0,0
LGS2ORD0038081,C012312,2025-10-29 14:00:00,Female,40,Bronze,Lazada,Khon Kaen,1037,CallCenter,COD,14,10,2,0,30-40,34.56666666666667,5.0,1.0,0.2,38,54,3280.2699999999995,0.28,0.6,0.4,0.0,0.0,0,0,0.0,0.0,0,0,0.0,1794.79,1,1,1.0,16401.35,5,1,0.2,0
LGS2ORD0038082,C012581,2025-10-29 14:00:00,Male,43,Bronze,Lazada,Songkhla,1276,Shopee,Bank_Transfer,14,10,2,0,40-50,42.53333333333333,2.0,0.0,0.0,-1,174,12054.325,0.18,0.0,0.0,0.0,0.0,0,0,0.0,0.0,0,0,0.0,0.0,0,0,0.0,24108.65,2,0,0.0,1
LGS2ORD0038083,C014857,2025-10-29 14:00:00,Female,69,Bronze,TV,Nakhon Ratchasima,1294,Shopee,COD,14,10,2,0,>50,43.13333333333333,7.0,1.0,0.14285714285714285,268,70,4401.918571428571,0.28,0.2857142857142857,0.14285714285714285,0.0,0.0,0,0,0.0,0.0,0,0,0.0,20152.260000000002,3,0,0.0,30813.43,7,1,0.14285714285714285,1
LGS2ORD0038084,C013021,2025-10-29 14:00:00,Male,65,Gold,TV,Khon Kaen,1400,Shopee,Credit_Card,14,10,2,0,>50,46.666666666666664,7.0,0.0,0.0,-1,29,6930.015714285714,0.33,0.5714285714285714,0.5714285714285714,0.0,0.0,0,0,0.0,6847.62,1,0,0.0,24155.809999999998,2,0,0.0,48510.11,7,0,0.0,0
LGS2ORD0038085,C010082,2025-10-29 14:00:00,Female,42,Gold,Shopee,Remote_Area,1405,TV_Show,Bank_Transfer,14,10,2,0,40-50,46.833333333333336,8.0,2.0,0.25,77,35,8736.19,0.33,0.75,0.5,0.0,0.0,0,0,0.0,0.0,0,0,0.0,29839.61,5,1,0.2,69889.52,8,2,0.25,1
LGS2ORD0038086,C011255,2025-10-29 15:00:00,Male,36,Silver,TV,Nakhon Ratchasima,488,Web,Credit_Card,15,10,2,0,30-40,16.266666666666666,7.0,1.0,0.14285714285714285,70,13,14111.035714285714,0.2,0.2857142857142857,0.0,0.0,0.0,0,0,0.0,8742.32,1,0,0.0,38363.01,4,1,0.25,98777.25,7,1,0.14285714285714285,0
LGS2ORD0038087,C014184,2025-10-29 15:00:00,Female,43,Bronze,TV,Chiang Mai,444,Shopee,COD,15,10,2,0,40-50,14.8,7.0,2.0,0.2857142857142857,3,13,6429.90857142857,0.13,0.7142857142857143,0.0,0.0,0.0,0,0,0.0,2902.64,1,1,1.0,29929.5,4,2,0.5,45009.35999999999,7,2,0.2857142857142857,1
LGS2ORD0038088,C011009,2025-10-29 15:00:00,Female,72,Silver,Shopee,Chonburi,1600,TV_Show,PromptPay,15,10,2,0,>50,53.333333333333336,6.0,1.0,0.16666666666666666,182,48,1872.3583333333333,0.3,0.5,0.16666666666666666,0.0,0.0,0,0,0.0,0.0,0,0,0.0,1558.31,1,0,0.0,11234.15,6,1,0.16666666666666666,0
LGS2ORD0038089,C010896,2025-10-29 15:00:00,Female,58,Bronze,TV,Remote_Area,1681,Shopee,COD,15,10,2,0,>50,56.03333333333333,4.0,2.0,0.5,115,13,4035.7525,0.28,0.75,0.25,0.0,0.0,0,0,0.0,1465.1,1,0,0.0,8267.91,2,0,0.0,16143.01,4,2,0.5,0
LGS2ORD0038090,C015457,2025-10-29 15:00:00,Female,37,Bronze,TV,Khon Kaen,737,TV_Show,Credit_Card,15,10,2,0,30-40,24.566666666666666,6.0,2.0,0.3333333333333333,121,5,3232.346666666667,0.28,0.8333333333333334,0.3333333333333333,0.0,1870.65,1,0,0.0,1870.65,1,0,0.0,5121.93,2,0,0.0,19394.08,6,2,0.3333333333333333,0
LGS2ORD0038091,C011806,2025-10-29 16:00:00,Male,37,Bronze,TV,Chonburi,332,TV_Show,COD,16,10,2,0,30-40,11.066666666666666,3.0,1.0,0.3333333333333333,80,36,3864.3199999999997,0.23,0.6666666666666666,0.3333333333333333,0.0,0.0,0,0,0.0,0.0,0,0,0.0,11592.96,3,1,0.3333333333333333,11592.96,3,1,0.3333333333333333,0
LGS2ORD0038092,C010075,2025-10-29 16:00:00,Female,37,Bronze,TV,Bangkok,1023,TV_Show,Credit_Card,16,10,2,0,30-40,34.1,8.0,1.0,0.125,225,25,4802.59,0.18,0.875,0.0,0.0,0.0,0,0,0.0,2693.14,1,0,0.0,2693.14,1,0,0.0,38420.72,8,1,0.125,0
LGS2ORD0038093,C014903,2025-10-29 16:00:00,Female,18,Bronze,TV,Phuket,812,TV_Show,Bank_Transfer,16,10,2,0,<20,27.066666666666666,7.0,2.0,0.2857142857142857,23,14,3648.4357142857143,0.23,0.42857142857142855,0.14285714285714285,0.0,0.0,0,0,0.0,4505.88,1,0,0.0,10707.970000000001,3,1,0.3333333333333333,25539.05,7,2,0.2857142857142857,0
LGS2ORD0038094,C017194,2025-10-29 16:00:00,Male,43,Silver,TV,Bangkok,1175,Lazada,COD,16,10,2,0,40-50,39.166666666666664,5.0,0.0,0.0,-1,64,2481.1800000000003,0.3,0.4,0.2,0.0,0.0,0,0,0.0,0.0,0,0,0.0,4460.6,1,0,0.0,12405.900000000001,5,0,0.0,0
LGS2ORD0038095,C010242,2025-10-29 16:00:00,Female,72,Bronze,TV,Chonburi,607,Shopee,COD,16,10,2,0,>50,20.233333333333334,8.0,2.0,0.25,-10,5,2750.1325,0.28,0.625,0.25,0.0,737.67,1,1,1.0,5296.96,2,2,1.0,7757.65,3,2,0.6666666666666666,22001.06,8,2,0.25,0
LGS2ORD0038096,C015360,2025-10-29 16:00:00,Female,43,Bronze,Shopee,Bangkok,1541,TV_Show,PromptPay,16,10,2,0,40-50,51.36666666666667,8.0,3.0,0.375,133,112,6723.858749999999,0.23,0.5,0.125,0.0,0.0,0,0,0.0,0.0,0,0,0.0,0.0,0,0,0.0,53790.869999999995,8,3,0.375,1
LGS2ORD0038097,C014717,2025-10-29 17:00:00,Female,56,Bronze,Lazada,Khon Kaen,1607,Web,Bank_Transfer,17,10,2,0,>50,53.56666666666667,5.0,0.0,0.0,-1,55,5427.244000000001,0.28,0.2,0.2,0.0,0.0,0,0,0.0,0.0,0,0,0.0,24518.88,3,0,0.0,27136.22,5,0,0.0,0
LGS2ORD0038098,C014749,2025-10-29 17:00:00,Female,55,Silver,Shopee,Bangkok,341,Lazada,COD,17,10,2,0,>50,11.366666666666667,3.0,0.0,0.0,-1,14,2948.7433333333333,0.3,0.6666666666666666,0.3333333333333333,0.0,0.0,0,0,0.0,2288.62,1,0,0.0,2288.62,1,0,0.0,8846.23,3,0,0.0,1
LGS2ORD0038099,C014646,2025-10-29 17:00:00,Male,54,Bronze,TV,Bangkok,490,Shopee,COD,17,10,2,0,>50,16.333333333333332,5.0,2.0,0.4,172,17,4105.66,0.18,0.6,0.0,0.0,0.0,0,0,0.0,11229.57,1,0,0.0,11229.57,1,0,0.0,20528.3,5,2,0.4,0
LGS2ORD0038100,C017280,2025-10-29 17:00:00,Male,50,Bronze,CallCenter,Chonburi,319,Web,PromptPay,17,10,2,0,40-50,10.633333333333333,7.0,3.0,0.42857142857142855,79,12,4242.000000000001,0.23,0.7142857142857143,0.42857142857142855,0.0,0.0,0,0,0.0,965.25,1,0,0.0,3675.91,2,1,0.5,29694.000000000004,7,3,0.42857142857142855,0
LGS2ORD0038101,C015361,2025-10-29 17:00:00,Female,46,Bronze,TV,Chonburi,1081,Lazada,PromptPay,17,10,2,0,40-50,36.03333333333333,8.0,2.0,0.25,235,37,7363.58,0.23,0.75,0.25,0.0,0.0,0,0,0.0,0.0,0,0,0.0,10121.73,1,0,0.0,58908.64,8,2,0.25,1
LGS2ORD0038102,C017395,2025-10-29 18:00:00,Male,42,Bronze,Lazada,Khon Kaen,1333,CallCenter,COD,18,10,2,0,40-50,44.43333333333333,3.0,0.0,0.0,-1,174,11270.44,0.23,0.6666666666666666,0.3333333333333333,0.0,0.0,0,0,0.0,0.0,0,0,0.0,0.0,0,0,0.0,33811.32,3,0,0.0,0
LGS2ORD0038103,C011608,2025-10-29 18:00:00,Male,47,Silver,Lazada,Khon Kaen,881,Web,COD,18,10,2,0,40-50,29.366666666666667,8.0,1.0,0.125,121,48,5456.675,0.3,0.5,0.25,0.0,0.0,0,0,0.0,0.0,0,0,0.0,4826.97,2,0,0.0,43653.4,8,1,0.125,0
LGS2ORD0038104,C013556,2025-10-29 18:00:00,Male,32,Silver,Shopee,Khon Kaen,698,Shopee,Credit_Card,18,10,2,0,30-40,23.266666666666666,4.0,0.0,0.0,-1,29,1331.97,0.3,0.0,0.25,0.0,0.0,0,0,0.0,314.78,1,0,0.0,314.78,1,0,0.0,5327.88,4,0,0.0,0
LGS2ORD0038105,C017265,2025-10-29 18:00:00,Male,37,Bronze,TV,Phuket,1544,CallCenter,PromptPay,18,10,2,0,30-40,51.46666666666667,2.0,0.0,0.0,-1,156,1965.1100000000001,0.03,0.5,0.0,0.0,0.0,0,0,0.0,0.0,0,0,0.0,0.0,0,0,0.0,3930.2200000000003,2,0,0.0,0
LGS2ORD0038106,C010053,2025-10-29 18:00:00,Female,47,Platinum,Shopee,Nakhon Ratchasima,1208,Shopee,COD,18,10,2,0,40-50,40.266666666666666,4.0,0.0,0.0,-1,165,2926.4425,0.25,0.25,0.25,0.0,0.0,0,0,0.0,0.0,0,0,0.0,0.0,0,0,0.0,11705.77,4,0,0.0,1
LGS2ORD0038107,C014572,2025-10-29 19:00:00,Male,58,Platinum,Web,Bangkok,1372,TV_Show,Bank_Transfer,19,10,2,0,>50,45.733333333333334,4.0,1.0,0.25,70,2,4753.065,0.3,0.25,0.25,0.0,7417.53,1,0,0.0,7417.53,1,0,0.0,12627.99,3,1,0.3333333333333333,19012.26,4,1,0.25,0
LGS2ORD0038108,C016262,2025-10-29 19:00:00,Male,51,Silver,CallCenter,Bangkok,499,Lazada,Credit_Card,19,10,2,0,>50,16.633333333333333,6.0,1.0,0.16666666666666666,101,96,7742.623333333334,0.25,0.6666666666666666,0.16666666666666666,0.0,0.0,0,0,0.0,0.0,0,0,0.0,0.0,0,0,0.0,46455.740000000005,6,1,0.16666666666666666,0
LGS2ORD0038109,C015722,2025-10-29 19:00:00,Female,44,Gold,Lazada,Phuket,1435,Lazada,COD,19,10,2,0,40-50,47.833333333333336,5.0,2.0,0.4,108,33,4236.396,0.33,0.2,0.2,0.0,0.0,0,0,0.0,0.0,0,0,0.0,10678.27,2,0,0.0,21181.98,5,2,0.4,0
LGS2ORD0038110,C017903,2025-10-29 19:00:00,Female,51,Silver,Lazada,Bangkok,902,TV_Show,COD,19,10,2,0,>50,30.066666666666666,2.0,0.0,0.0,-1,101,2409.8,0.2,0.0,0.0,0.0,0.0,0,0,0.0,0.0,0,0,0.0,0.0,0,0,0.0,4819.6,2,0,0.0,1
LGS2ORD0038111,C010909,2025-10-29 19:00:00,Female,28,Bronze,Shopee,Remote_Area,1051,Lazada,COD,19,10,2,0,20-30,35.03333333333333,5.0,1.0,0.2,30,2,2429.028,0.28,0.8,0.2,0.0,1699.19,1,0,0.0,1699.19,1,0,0.0,5637.16,3,1,0.3333333333333333,12145.14,5,1,0.2,1
LGS2ORD0038112,C017794,2025-10-29 20:00:00,Male,38,Silver,Web,Nakhon Ratchasima,1677,Shopee,PromptPay,20,10,2,0,30-40,55.9,4.0,1.0,0.25,7,14,2124.885,0.2,0.75,0.0,0.0,0.0,0,0,0.0,4725.22,2,1,0.5,7106.58,3,1,0.3333333333333333,8499.54,4,1,0.25,0
LGS2ORD0038113,C011585,2025-10-29 20:00:00,Female,65,Bronze,TV,Chiang Mai,1128,CallCenter,Bank_Transfer,20,10,2,0,>50,37.6,4.0,1.0,0.25,51,58,4613.7575,0.23,0.5,0.25,0.0,0.0,0,0,0.0,0.0,0,0,0.0,3178.83,1,1,1.0,18455.03,4,1,0.25,0
LGS2ORD0038114,C010058,2025-10-29 20:00:00,Female,39,Bronze,Web,Bangkok,1586,Web,PromptPay,20,10,2,0,30-40,52.86666666666667,9.0,1.0,0.1111111111111111,286,63,4044.978888888889,0.28,0.2222222222222222,0.3333333333333333,0.0,0.0,0,0,0.0,0.0,0,0,0.0,1962.57,2,0,0.0,36404.81,9,1,0.1111111111111111,0
LGS2ORD0038115,C016115,2025-10-29 20:00:00,Female,37,Bronze,Shopee,Remote_Area,749,Web,Bank_Transfer,20,10,2,0,30-40,24.966666666666665,6.0,1.0,0.16666666666666666,264,69,6912.070000000001,0.28,0.6666666666666666,0.5,0.0,0.0,0,0,0.0,0.0,0,0,0.0,7698.34,2,0,0.0,41472.420000000006,6,1,0.16666666666666666,1
LGS2ORD0038116,C013878,2025-10-29 20:00:00,Male,31,Gold,TV,Chiang Mai,1185,TV_Show,COD,20,10,2,0,30-40,39.5,7.0,1.0,0.14285714285714285,-5,2,4042.5928571428567,0.33,0.14285714285714285,0.42857142857142855,0.0,1194.24,1,1,1.0,1194.24,1,1,1.0,1194.24,1,1,1.0,28298.149999999998,7,1,0.14285714285714285,1
LGS2ORD0038117,C011006,2025-10-29 20:00:00,Female,30,Bronze,Shopee,Remote_Area,1165,TV_Show,COD,20,10,2,0,20-30,38.833333333333336,6.0,1.0,0.16666666666666666,206,25,4928.178333333333,0.23,0.5,0.3333333333333333,0.0,0.0,0,0,0.0,1107.95,1,0,0.0,7911.4,2,0,0.0,29569.07,6,1,0.16666666666666666,0
LGS2ORD0038118,C010915,2025-10-29 21:00:00,Male,47,Bronze,Lazada,Bangkok,1371,TV_Show,COD,21,10,2,0,40-50,45.7,8.0,1.0,0.125,255,1,6145.9625,0.23,0.5,0.25,0.0,244.51,1,0,0.0,244.51,1,0,0.0,7046.400000000001,2,0,0.0,49167.7,8,1,0.125,0
LGS2ORD0038119,C010694,2025-10-29 21:00:00,Male,54,Gold,TV,Bangkok,492,Web,Credit_Card,21,10,2,0,>50,16.4,3.0,0.0,0.0,-1,46,1185.5033333333333,0.33,0.0,0.6666666666666666,0.0,0.0,0,0,0.0,0.0,0,0,0.0,1751.08,1,0,0.0,3556.51,3,0,0.0,0
LGS2ORD0038120,C014120,2025-10-29 21:00:00,Female,54,Gold,Web,Bangkok,1749,TV_Show,Bank_Transfer,21,10,2,0,>50,58.3,5.0,0.0,0.0,-1,63,3584.504,0.28,0.6,0.4,0.0,0.0,0,0,0.0,0.0,0,0,0.0,5625.27,1,0,0.0,17922.52,5,0,0.0,0
LGS2ORD0038121,C014561,2025-10-29 21:00:00,Female,26,Platinum,Web,Chonburi,1672,Web,COD,21,10,2,0,20-30,55.733333333333334,6.0,2.0,0.3333333333333333,-3,8,3792.638333333334,0.3,0.8333333333333334,0.6666666666666666,0.0,0.0,0,0,0.0,15536.82,3,1,0.3333333333333333,15536.82,3,1,0.3333333333333333,22755.83,6,2,0.3333333333333333,1
LGS2ORD0038122,C010275,2025-10-29 21:00:00,Female,27,Platinum,TV,Nakhon Ratchasima,883,Lazada,COD,21,10,2,0,20-30,29.433333333333334,4.0,0.0,0.0,-1,139,4669.0824999999995,0.25,1.0,0.5,0.0,0.0,0,0,0.0,0.0,0,0,0.0,0.0,0,0,0.0,18676.329999999998,4,0,0.0,0
LGS2ORD0038123,C011768,2025-10-29 22:00:00,Male,31,Bronze,Lazada,Songkhla,1360,Web,COD,22,10,2,0,30-40,45.333333333333336,9.0,2.0,0.2222222222222222,105,75,4590.585555555556,0.23,0.5555555555555556,0.2222222222222222,0.0,0.0,0,0,0.0,0.0,0,0,0.0,11099.85,2,0,0.0,41315.270000000004,9,2,0.2222222222222222,0
LGS2ORD0038124,C016134,2025-10-29 22:00:00,Male,37,Silver,Web,Khon Kaen,412,Shopee,COD,22,10,2,0,30-40,13.733333333333333,5.0,0.0,0.0,-1,79,4120.7339999999995,0.2,0.2,0.0,0.0,0.0,0,0,0.0,0.0,0,0,0.0,593.8,1,0,0.0,20603.67,5,0,0.0,0
LGS2ORD0038125,C011625,2025-10-29 22:00:00,Female,36,Bronze,TV,Remote_Area,1741,TV_Show,COD,22,10,2,0,30-40,58.03333333333333,2.0,0.0,0.0,-1,28,5213.655,0.28,0.5,0.5,0.0,0.0,0,0,0.0,2250.78,1,0,0.0,2250.78,1,0,0.0,10427.31,2,0,0.0,0
LGS2ORD0038126,C011763,2025-10-29 22:00:00,Male,50,Silver,TV,Bangkok,1083,TV_Show,Bank_Transfer,22,10,2,0,40-50,36.1,8.0,2.0,0.25,171,49,3176.31,0.3,0.375,0.25,0.0,0.0,0,0,0.0,0.0,0,0,0.0,607.6,1,0,0.0,25410.48,8,2,0.25,0
LGS2ORD0038127,C016048,2025-10-29 22:00:00,Female,34,Silver,Shopee,Chiang Mai,1012,Shopee,COD,22,10,2,0,30-40,33.733333333333334,6.0,3.0,0.5,53,18,2393.258333333333,0.25,0.8333333333333334,0.5,0.0,0.0,0,0,0.0,3850.43,1,0,0.0,5671.3099999999995,2,1,0.5,14359.55,6,3,0.5,1
LGS2ORD0038128,C012170,2025-10-29 23:00:00,Male,38,Bronze,Web,Remote_Area,957,Web,COD,23,10,2,0,30-40,31.9,2.0,0.0,0.0,-1,28,10705.945,0.08,0.0,0.0,0.0,0.0,0,0,0.0,16791.01,1,0,0.0,16791.01,1,0,0.0,21411.89,2,0,0.0,0
LGS2ORD0038129,C011487,2025-10-29 23:00:00,Female,31,Silver,Web,Remote_Area,1452,TV_Show,COD,23,10,2,0,30-40,48.4,10.0,4.0,0.4,114,19,4643.623,0.25,0.4,0.2,0.0,0.0,0,0,0.0,3902.17,1,0,0.0,16281.66,4,0,0.0,46436.229999999996,10,4,0.4,0
LGS2ORD0038130,C014976,2025-10-29 23:00:00,Female,27,Bronze,TV,Nakhon Ratchasima,749,Lazada,COD,23,10,2,0,20-30,24.966666666666665,3.0,1.0,0.3333333333333333,171,112,2630.013333333334,0.13,0.3333333333333333,0.0,0.0,0.0,0,0,0.0,0.0,0,0,0.0,0.0,0,0,0.0,7890.040000000001,3,1,0.3333333333333333,1
LGS2ORD0038131,C011970,2025-10-29 23:00:00,Male,43,Platinum,Web,Bangkok,1486,TV_Show,Bank_Transfer,23,10,2,0,40-50,49.53333333333333,2.0,0.0,0.0,-1,16,5253.07,0.35,0.0,1.0,0.0,0.0,0,0,0.0,6153.08,1,0,0.0,6153.08,1,0,0.0,10506.14,2,0,0.0,0
LGS2ORD0038132,C016033,2025-10-29 23:00:00,Female,45,Gold,Shopee,Bangkok,1717,TV_Show,COD,23,10,2,0,40-50,57.233333333333334,6.0,1.0,0.16666666666666666,16,27,3255.933333333334,0.28,0.6666666666666666,0.3333333333333333,0.0,0.0,0,0,0.0,1759.06,1,1,1.0,2420.46,2,1,0.5,19535.600000000002,6,1,0.16666666666666666,0
LGS2ORD0038133,C012894,2025-10-30 00:00:00,Female,53,Bronze,Web,Khon Kaen,652,Web,Credit_Card,0,10,3,0,>50,21.733333333333334,9.0,3.0,0.3333333333333333,214,30,2824.352222222222,0.28,0.2222222222222222,0.4444444444444444,0.0,0.0,0,0,0.0,0.0,0,0,0.0,6125.65,2,0,0.0,25419.17,9,3,0.3333333333333333,0
LGS2ORD0038134,C017703,2025-10-30 00:00:00,Female,54,Bronze,TV,Chiang Mai,1096,TV_Show,Credit_Card,0,10,3,0,>50,36.53333333333333,6.0,1.0,0.16666666666666666,153,3,4763.781666666667,0.28,0.5,0.16666666666666666,0.0,10573.62,1,0,0.0,10573.62,1,0,0.0,15203.670000000002,2,0,0.0,28582.690000000002,6,1,0.16666666666666666,0
LGS2ORD0038135,C010554,2025-10-30 00:00:00,Female,44,Bronze,TV,Songkhla,1040,CallCenter,COD,0,10,3,0,40-50,34.666666666666664,8.0,1.0,0.125,246,32,3269.4975,0.28,0.5,0.125,0.0,0.0,0,0,0.0,0.0,0,0,0.0,14452.2,4,0,0.0,26155.98,8,1,0.125,1
LGS2ORD0038136,C016071,2025-10-30 00:00:00,Female,65,Silver,TV,Chiang Mai,493,TV_Show,COD,0,10,3,0,>50,16.433333333333334,5.0,2.0,0.4,104,79,2567.258,0.3,0.4,0.2,0.0,0.0,0,0,0.0,0.0,0,0,0.0,825.06,1,0,0.0,12836.289999999999,5,2,0.4,0
LGS2ORD0038137,C015121,2025-10-30 00:00:00,Male,40,Silver,CallCenter,Bangkok,1747,Web,COD,0,10,3,0,30-40,58.233333333333334,3.0,2.0,0.6666666666666666,64,73,1770.3033333333333,0.3,0.6666666666666666,0.6666666666666666,0.0,0.0,0,0,0.0,0.0,0,0,0.0,1907.3,1,1,1.0,5310.91,3,2,0.6666666666666666,0
LGS2ORD0038138,C013790,2025-10-30 00:00:00,Female,65,Bronze,Shopee,Songkhla,1743,Lazada,Credit_Card,0,10,3,0,>50,58.1,5.0,2.0,0.4,102,33,10762.789999999999,0.18,0.6,0.0,0.0,0.0,0,0,0.0,0.0,0,0,0.0,13544.25,3,0,0.0,53813.95,5,2,0.4,0
LGS2ORD0038139,C012943,2025-10-30 01:00:00,Female,62,Bronze,Web,Bangkok,1697,Shopee,PromptPay,1,10,3,0,>50,56.56666666666667,4.0,2.0,0.5,25,35,8080.009999999999,0.28,0.25,0.5,0.0,0.0,0,0,0.0,0.0,0,0,0.0,2998.11,1,1,1.0,32320.039999999997,4,2,0.5,1
LGS2ORD0038140,C012624,2025-10-30 01:00:00,Male,47,Silver,Shopee,Remote_Area,1096,Web,COD,1,10,3,0,40-50,36.53333333333333,9.0,3.0,0.3333333333333333,5,13,4964.285555555555,0.25,0.5555555555555556,0.1111111111111111,0.0,0.0,0,0,0.0,18051.96,3,1,0.3333333333333333,34876.64,6,1,0.16666666666666666,44678.57,9,3,0.3333333333333333,1
LGS2ORD0038141,C013322,2025-10-30 01:00:00,Male,52,Bronze,TV,Chiang Mai,1199,CallCenter,COD,1,10,3,0,>50,39.96666666666667,4.0,1.0,0.25,17,24,3358.7924999999996,0.28,1.0,0.25,0.0,0.0,0,0,0.0,1623.3,1,1,1.0,4483.89,2,1,0.5,13435.169999999998,4,1,0.25,0
LGS2ORD0038142,C014975,2025-10-30 01:00:00,Female,48,Platinum,Web,Chonburi,914,Web,COD,1,10,3,0,40-50,30.466666666666665,5.0,0.0,0.0,-1,62,4108.710000000001,0.15,0.4,0.0,0.0,0.0,0,0,0.0,0.0,0,0,0.0,1206.79,1,0,0.0,20543.550000000003,5,0,0.0,0
LGS2ORD0038143,C012322,2025-10-30 01:00:00,Male,24,Silver,TV,Nakhon Ratchasima,401,TV_Show,COD,1,10,3,0,20-30,13.366666666666667,5.0,1.0,0.2,251,108,5027.352,0.2,0.6,0.0,0.0,0.0,0,0,0.0,0.0,0,0,0.0,0.0,0,0,0.0,25136.76,5,1,0.2,1
LGS2ORD0038144,C015868,2025-10-30 02:00:00,Female,29,Bronze,Lazada,Bangkok,1044,TV_Show,Credit_Card,2,10,3,0,20-30,34.8,3.0,0.0,0.0,-1,35,4915.19,0.18,1.0,0.0,0.0,0.0,0,0,0.0,0.0,0,0,0.0,1075.62,1,0,0.0,14745.57,3,0,0.0,0
LGS2ORD0038145,C012394,2025-10-30 02:00:00,Female,44,Bronze,TV,Chonburi,485,TV_Show,COD,2,10,3,0,40-50,16.166666666666668,4.0,1.0,0.25,123,135,9900.91,0.28,0.75,0.5,0.0,0.0,0,0,0.0,0.0,0,0,0.0,0.0,0,0,0.0,39603.64,4,1,0.25,0
LGS2ORD0038146,C017990,2025-10-30 02:00:00,Male,36,Bronze,Shopee,Bangkok,1695,Web,Credit_Card,2,10,3,0,30-40,56.5,8.0,0.0,0.0,-1,1,7443.23875,0.18,0.75,0.0,0.0,1217.81,1,0,0.0,1217.81,1,0,0.0,5334.1,2,0,0.0,59545.91,8,0,0.0,0
LGS2ORD0038147,C017381,2025-10-30 02:00:00,Male,35,Bronze,CallCenter,Khon Kaen,333,Web,COD,2,10,3,0,30-40,11.1,8.0,2.0,0.25,95,12,5221.05625,0.23,0.625,0.125,0.0,0.0,0,0,0.0,3054.86,1,0,0.0,6590.55,2,0,0.0,41768.45,8,2,0.25,0
LGS2ORD0038148,C016609,2025-10-30 02:00:00,Male,49,Platinum,Lazada,Bangkok,1284,TV_Show,COD,2,10,3,0,40-50,42.8,8.0,0.0,0.0,-1,15,5067.2425,0.35,0.125,0.5,0.0,0.0,0,0,0.0,5416.85,1,0,0.0,5416.85,1,0,0.0,40537.94,8,0,0.0,1
LGS2ORD0038149,C013058,2025-10-30 03:00:00,Female,24,Bronze,CallCenter,Chonburi,1709,Shopee,Bank_Transfer,3,10,3,0,20-30,56.96666666666667,7.0,1.0,0.14285714285714285,161,23,5952.987142857143,0.18,0.7142857142857143,0.0,0.0,0.0,0,0,0.0,5322.97,1,0,0.0,28254.02,3,0,0.0,41670.91,7,1,0.14285714285714285,0
LGS2ORD0038150,C015176,2025-10-30 03:00:00,Female,69,Gold,TV,Phuket,579,CallCenter,COD,3,10,3,0,>50,19.3,5.0,1.0,0.2,47,5,12225.586,0.2299999999999999,0.2,0.4,0.0,45106.83,1,0,0.0,45106.83,1,0,0.0,47447.950000000004,2,1,0.5,61127.93,5,1,0.2,0
LGS2ORD0038151,C016329,2025-10-30 03:00:00,Female,41,Bronze,Shopee,Khon Kaen,742,Lazada,PromptPay,3,10,3,0,40-50,24.733333333333334,10.0,3.0,0.3,19,34,4764.250999999999,0.28,0.8,0.4,0.0,0.0,0,0,0.0,0.0,0,0,0.0,13708.25,2,1,0.5,47642.509999999995,10,3,0.3,0
LGS2ORD0038152,C010334,2025-10-30 03:00:00,Female,32,Platinum,Shopee,Bangkok,474,Shopee,COD,3,10,3,0,30-40,15.8,1.0,0.0,0.0,-1,147,7728.11,0.25,1.0,1.0,0.0,0.0,0,0,0.0,0.0,0,0,0.0,0.0,0,0,0.0,7728.11,1,0,0.0,0
LGS2ORD0038153,C014999,2025-10-30 03:00:00,Female,49,Bronze,TV,Bangkok,1188,Lazada,Credit_Card,3,10,3,0,40-50,39.6,4.0,1.0,0.25,80,93,3858.0825,0.23,0.75,0.25,0.0,0.0,0,0,0.0,0.0,0,0,0.0,0.0,0,0,0.0,15432.33,4,1,0.25,0
LGS2ORD0038154,C010200,2025-10-30 04:00:00,Male,25,Gold,TV,Bangkok,1320,TV_Show,COD,4,10,3,0,20-30,44.0,3.0,1.0,0.3333333333333333,205,133,3343.6366666666668,0.33,0.6666666666666666,0.3333333333333333,0.0,0.0,0,0,0.0,0.0,0,0,0.0,0.0,0,0,0.0,10030.91,3,1,0.3333333333333333,0
LGS2ORD0038155,C010107,2025-10-30 04:00:00,Female,72,Bronze,Shopee,Chiang Mai,451,TV_Show,COD,4,10,3,0,>50,15.033333333333333,6.0,2.0,0.3333333333333333,105,58,9388.761666666667,0.13,0.3333333333333333,0.0,0.0,0.0,0,0,0.0,0.0,0,0,0.0,21882.08,1,0,0.0,56332.57,6,2,0.3333333333333333,0
LGS2ORD0038156,C015316,2025-10-30 04:00:00,Female,42,Bronze,Lazada,Remote_Area,1103,TV_Show,Bank_Transfer,4,10,3,0,40-50,36.766666666666666,5.0,1.0,0.2,40,9,6891.402,0.28,0.6,0.2,0.0,0.0,0,0,0.0,8782.43,2,0,0.0,16338.25,3,1,0.3333333333333333,34457.01,5,1,0.2,0
LGS2ORD0038157,C011474,2025-10-30 04:00:00,Female,23,Silver,Web,Remote_Area,583,CallCenter,COD,4,10,3,0,20-30,19.433333333333334,3.0,2.0,0.6666666666666666,121,129,4101.693333333334,0.3,0.6666666666666666,0.3333333333333333,0.0,0.0,0,0,0.0,0.0,0,0,0.0,0.0,0,0,0.0,12305.08,3,2,0.6666666666666666,0
LGS2ORD0038158,C017915,2025-10-30 04:00:00,Female,31,Silver,Lazada,Nakhon Ratchasima,1074,Shopee,PromptPay,4,10,3,0,30-40,35.8,2.0,1.0,0.5,48,53,1570.77,0.2,0.5,0.0,0.0,0.0,0,0,0.0,0.0,0,0,0.0,2068.47,1,1,1.0,3141.54,2,1,0.5,0
LGS2ORD0038159,C015448,2025-10-30 04:00:00,Female,36,Silver,Shopee,Chiang Mai,363,Shopee,Bank_Transfer,4,10,3,0,30-40,12.1,8.0,2.0,0.25,55,66,7486.28125,0.25,0.75,0.375,0.0,0.0,0,0,0.0,0.0,0,0,0.0,7081.91,2,1,0.5,59890.25,8,2,0.25,0
LGS2ORD0038160,C011068,2025-10-30 05:00:00,Female,42,Silver,Lazada,Bangkok,1039,Web,PromptPay,5,10,3,0,40-50,34.63333333333333,2.0,0.0,0.0,-1,10,2899.84,0.25,0.0,0.5,0.0,0.0,0,0,0.0,5256.04,1,0,0.0,5256.04,1,0,0.0,5799.68,2,0,0.0,0
LGS2ORD0038161,C011989,2025-10-30 05:00:00,Male,32,Bronze,TV,Phuket,1348,TV_Show,COD,5,10,3,0,30-40,44.93333333333333,10.0,2.0,0.2,115,71,6989.638000000001,0.28,0.5,0.2,0.0,0.0,0,0,0.0,0.0,0,0,0.0,2430.32,1,0,0.0,69896.38,10,2,0.2,1
LGS2ORD0038162,C010646,2025-10-30 05:00:00,Male,48,Bronze,Lazada,Bangkok,1563,TV_Show,PromptPay,5,10,3,0,40-50,52.1,5.0,1.0,0.2,177,56,4171.646,0.28,0.4,0.2,0.0,0.0,0,0,0.0,0.0,0,0,0.0,3959.69,1,0,0.0,20858.23,5,1,0.2,0
LGS2ORD0038163,C013875,2025-10-30 05:00:00,Male,42,Silver,CallCenter,Bangkok,1393,Shopee,COD,5,10,3,0,40-50,46.43333333333333,5.0,2.0,0.4,9,20,1423.542,0.3,0.4,0.2,0.0,0.0,0,0,0.0,1226.62,1,1,1.0,1226.62,1,1,1.0,7117.71,5,2,0.4,0
LGS2ORD0038164,C011132,2025-10-30 05:00:00,Female,39,Bronze,TV,Khon Kaen,1057,TV_Show,Bank_Transfer,5,10,3,0,30-40,35.233333333333334,12.0,3.0,0.25,59,42,5242.220833333334,0.28,0.8333333333333334,0.3333333333333333,0.0,0.0,0,0,0.0,0.0,0,0,0.0,8223.51,3,1,0.3333333333333333,62906.65,12,3,0.25,0
LGS2ORD0038165,C010026,2025-10-30 06:00:00,Female,51,Bronze,Web,Bangkok,829,Lazada,COD,6,10,3,0,>50,27.633333333333333,12.0,2.0,0.16666666666666666,215,48,6058.930833333335,0.28,0.5,0.25,0.0,0.0,0,0,0.0,0.0,0,0,0.0,30969.55,4,0,0.0,72707.17000000001,12,2,0.16666666666666666,0
LGS2ORD0038166,C010752,2025-10-30 06:00:00,Female,41,Silver,TV,Bangkok,1225,TV_Show,Bank_Transfer,6,10,3,0,40-50,40.833333333333336,6.0,1.0,0.16666666666666666,49,22,6967.675,0.3,0.5,0.5,0.0,0.0,0,0,0.0,5461.72,1,0,0.0,14440.099999999999,3,1,0.3333333333333333,41806.05,6,1,0.16666666666666666,0
LGS2ORD0038167,C013193,2025-10-30 06:00:00,Male,58,Bronze,Shopee,Phuket,601,TV_Show,COD,6,10,3,0,>50,20.033333333333335,5.0,3.0,0.6,89,103,5173.611999999999,0.18,0.4,0.0,0.0,0.0,0,0,0.0,0.0,0,0,0.0,0.0,0,0,0.0,25868.059999999998,5,3,0.6,1
LGS2ORD0038168,C015763,2025-10-30 06:00:00,Male,39,Silver,TV,Nakhon Ratchasima,401,TV_Show,COD,6,10,3,0,30-40,13.366666666666667,2.0,0.0,0.0,-1,105,2680.04,0.3,0.0,0.5,0.0,0.0,0,0,0.0,0.0,0,0,0.0,0.0,0,0,0.0,5360.08,2,0,0.0,1
LGS2ORD0038169,C014623,2025-10-30 06:00:00,Female,44,Bronze,Shopee,Nakhon Ratchasima,607,TV_Show,Credit_Card,6,10,3,0,40-50,20.233333333333334,4.0,0.0,0.0,-1,34,7702.265,0.18,0.25,0.0,0.0,0.0,0,0,0.0,0.0,0,0,0.0,1567.13,1,0,0.0,30809.06,4,0,0.0,0
LGS2ORD0038170,C011940,2025-10-30 07:00:00,Male,50,Bronze,Web,Bangkok,1512,Shopee,COD,7,10,3,0,40-50,50.4,4.0,2.0,0.5,241,62,8641.21,0.28,0.5,0.25,0.0,0.0,0,0,0.0,0.0,0,0,0.0,15594.31,1,0,0.0,34564.84,4,2,0.5,1
LGS2ORD0038171,C016048,2025-10-30 07:00:00,Female,34,Silver,Shopee,Chiang Mai,1013,TV_Show,COD,7,10,3,0,30-40,33.766666666666666,7.0,4.0,0.5714285714285714,-9,0,2544.5499999999997,0.25,0.8571428571428571,0.42857142857142855,0.14285714285714285,3452.3,1,1,1.0,7302.73,2,1,0.5,9123.61,3,2,0.6666666666666666,17811.85,7,4,0.5714285714285714,0
LGS2ORD0038172,C017533,2025-10-30 07:00:00,Female,37,Bronze,Web,Remote_Area,1236,TV_Show,COD,7,10,3,0,30-40,41.2,3.0,2.0,0.6666666666666666,168,180,3416.2166666666667,0.23,0.3333333333333333,0.3333333333333333,0.0,0.0,0,0,0.0,0.0,0,0,0.0,0.0,0,0,0.0,10248.65,3,2,0.6666666666666666,0
LGS2ORD0038173,C014943,2025-10-30 07:00:00,Female,32,Bronze,Shopee,Songkhla,1659,Web,COD,7,10,3,0,30-40,55.3,5.0,0.0,0.0,-1,68,2073.44,0.23,0.4,0.2,0.0,0.0,0,0,0.0,0.0,0,0,0.0,2442.89,1,0,0.0,10367.2,5,0,0.0,1
LGS2ORD0038174,C016236,2025-10-30 07:00:00,Female,18,Bronze,Lazada,Khon Kaen,416,TV_Show,COD,7,10,3,0,<20,13.866666666666667,5.0,0.0,0.0,-1,55,8265.039999999999,0.23,0.8,0.2,0.0,0.0,0,0,0.0,0.0,0,0,0.0,4026.34,1,0,0.0,41325.2,5,0,0.0,0
LGS2ORD0038175,C014025,2025-10-30 07:00:00,Male,47,Bronze,TV,Nakhon Ratchasima,1053,TV_Show,Bank_Transfer,7,10,3,0,40-50,35.1,6.0,2.0,0.3333333333333333,55,46,3710.645,0.18,0.3333333333333333,0.0,0.0,0.0,0,0,0.0,0.0,0,0,0.0,11380.18,2,1,0.5,22263.87,6,2,0.3333333333333333,1
LGS2ORD0038176,C016027,2025-10-30 08:00:00,Male,34,Gold,Web,Bangkok,1529,Web,COD,8,10,3,0,30-40,50.96666666666667,8.0,1.0,0.125,284,12,8531.51,0.28,0.75,0.625,0.0,0.0,0,0,0.0,8181.29,2,0,0.0,8181.29,2,0,0.0,68252.08,8,1,0.125,0
LGS2ORD0038177,C012013,2025-10-30 08:00:00,Female,52,Silver,CallCenter,Chiang Mai,376,TV_Show,Credit_Card,8,10,3,0,>50,12.533333333333333,5.0,1.0,0.2,228,171,8256.725999999999,0.2,0.6,0.0,0.0,0.0,0,0,0.0,0.0,0,0,0.0,0.0,0,0,0.0,41283.63,5,1,0.2,0
LGS2ORD0038178,C014436,2025-10-30 08:00:00,Female,41,Silver,Web,Khon Kaen,1288,Lazada,COD,8,10,3,0,40-50,42.93333333333333,8.0,1.0,0.125,86,19,5304.557500000001,0.3,0.625,0.25,0.0,0.0,0,0,0.0,2285.67,1,0,0.0,4342.22,2,0,0.0,42436.46000000001,8,1,0.125,0
LGS2ORD0038179,C017039,2025-10-30 08:00:00,Female,25,Bronze,TV,Songkhla,1240,Shopee,PromptPay,8,10,3,0,20-30,41.333333333333336,5.0,1.0,0.2,125,67,5801.433999999999,0.23,0.4,0.2,0.0,0.0,0,0,0.0,0.0,0,0,0.0,1879.97,1,0,0.0,29007.17,5,1,0.2,0
LGS2ORD0038180,C014998,2025-10-30 08:00:00,Male,65,Gold,Web,Nakhon Ratchasima,785,Web,COD,8,10,3,0,>50,26.166666666666668,3.0,1.0,0.3333333333333333,226,168,4429.87,0.2299999999999999,0.6666666666666666,0.3333333333333333,0.0,0.0,0,0,0.0,0.0,0,0,0.0,0.0,0,0,0.0,13289.609999999999,3,1,0.3333333333333333,0
LGS2ORD0038181,C015699,2025-10-30 09:00:00,Female,30,Silver,TV,Bangkok,1022,CallCenter,Credit_Card,9,10,3,0,20-30,34.06666666666667,5.0,0.0,0.0,-1,137,3007.052,0.25,0.2,0.2,0.0,0.0,0,0,0.0,0.0,0,0,0.0,0.0,0,0,0.0,15035.26,5,0,0.0,0
LGS2ORD0038182,C012143,2025-10-30 09:00:00,Female,50,Silver,Lazada,Nakhon Ratchasima,326,Shopee,COD,9,10,3,0,40-50,10.866666666666667,5.0,0.0,0.0,-1,43,5939.7300000000005,0.3,0.2,0.4,0.0,0.0,0,0,0.0,0.0,0,0,0.0,8494.82,1,0,0.0,29698.65,5,0,0.0,0
LGS2ORD0038183,C010213,2025-10-30 09:00:00,Female,57,Silver,Lazada,Songkhla,472,Lazada,COD,9,10,3,0,>50,15.733333333333333,5.0,0.0,0.0,-1,30,10076.862,0.15,0.6,0.0,0.0,0.0,0,0,0.0,0.0,0,0,0.0,21909.93,1,0,0.0,50384.31,5,0,0.0,1
LGS2ORD0038184,C016993,2025-10-30 09:00:00,Female,32,Bronze,Shopee,Nakhon Ratchasima,357,Web,Credit_Card,9,10,3,0,30-40,11.9,7.0,2.0,0.2857142857142857,82,38,3785.7128571428575,0.28,0.5714285714285714,0.42857142857142855,0.0,0.0,0,0,0.0,0.0,0,0,0.0,5315.08,2,0,0.0,26499.99,7,2,0.2857142857142857,0
LGS2ORD0038185,C013537,2025-10-30 09:00:00,Female,57,Gold,Web,Bangkok,448,Shopee,COD,9,10,3,0,>50,14.933333333333334,3.0,0.0,0.0,-1,55,1800.2233333333334,0.2299999999999999,0.0,0.3333333333333333,0.0,0.0,0,0,0.0,0.0,0,0,0.0,5400.67,3,0,0.0,5400.67,3,0,0.0,0
LGS2ORD0038186,C014950,2025-10-30 10:00:00,Male,55,Gold,TV,Khon Kaen,1401,CallCenter,Bank_Transfer,10,10,3,0,>50,46.7,9.0,2.0,0.2222222222222222,59,52,2661.56,0.33,0.5555555555555556,0.6666666666666666,0.0,0.0,0,0,0.0,0.0,0,0,0.0,6323.8099999999995,3,1,0.3333333333333333,23954.04,9,2,0.2222222222222222,0
LGS2ORD0038187,C012157,2025-10-30 10:00:00,Male,54,Silver,Shopee,Remote_Area,478,Lazada,COD,10,10,3,0,>50,15.933333333333334,9.0,1.0,0.1111111111111111,284,22,6151.15,0.3,0.6666666666666666,0.2222222222222222,0.0,0.0,0,0,0.0,11771.04,1,0,0.0,11771.04,1,0,0.0,55360.35,9,1,0.1111111111111111,0
LGS2ORD0038188,C017126,2025-10-30 10:00:00,Male,55,Platinum,TV,Chiang Mai,718,Lazada,Credit_Card,10,10,3,0,>50,23.933333333333334,5.0,1.0,0.2,99,4,4235.684,0.35,0.4,0.6,0.0,933.81,1,0,0.0,933.81,1,0,0.0,933.81,1,0,0.0,21178.420000000002,5,1,0.2,0
LGS2ORD0038189,C016406,2025-10-30 10:00:00,Female,29,Gold,TV,Bangkok,1275,Lazada,Bank_Transfer,10,10,3,0,20-30,42.5,4.0,1.0,0.25,221,137,1425.3925,0.33,0.25,1.0,0.0,0.0,0,0,0.0,0.0,0,0,0.0,0.0,0,0,0.0,5701.57,4,1,0.25,0
LGS2ORD0038190,C015901,2025-10-30 10:00:00,Female,54,Gold,Shopee,Khon Kaen,369,TV_Show,COD,10,10,3,0,>50,12.3,7.0,0.0,0.0,-1,12,1650.972857142857,0.33,0.7142857142857143,0.42857142857142855,0.0,0.0,0,0,0.0,912.64,1,0,0.0,912.64,1,0,0.0,11556.81,7,0,0.0,1
LGS2ORD0038191,C012407,2025-10-30 11:00:00,Female,26,Bronze,Shopee,Remote_Area,1548,Web,Bank_Transfer,11,10,3,0,20-30,51.6,4.0,2.0,0.5,29,43,2599.6075,0.18,0.25,0.0,0.0,0.0,0,0,0.0,0.0,0,0,0.0,3263.3199999999997,2,1,0.5,10398.43,4,2,0.5,0
LGS2ORD0038192,C017859,2025-10-30 11:00:00,Male,28,Gold,Web,Nakhon Ratchasima,971,TV_Show,Bank_Transfer,11,10,3,0,20-30,32.36666666666667,4.0,0.0,0.0,-1,67,4066.4175,0.33,0.0,0.25,0.0,0.0,0,0,0.0,0.0,0,0,0.0,12922.78,2,0,0.0,16265.67,4,0,0.0,0
LGS2ORD0038193,C016087,2025-10-30 11:00:00,Female,44,Bronze,Lazada,Songkhla,902,Lazada,PromptPay,11,10,3,0,40-50,30.066666666666666,8.0,0.0,0.0,-1,20,3366.905,0.28,0.25,0.25,0.0,0.0,0,0,0.0,11078.59,2,0,0.0,11078.59,2,0,0.0,26935.24,8,0,0.0,0
LGS2ORD0038194,C014425,2025-10-30 11:00:00,Female,35,Bronze,Web,Bangkok,566,Web,Credit_Card,11,10,3,0,30-40,18.866666666666667,2.0,1.0,0.5,127,93,7833.530000000001,0.28,1.0,0.5,0.0,0.0,0,0,0.0,0.0,0,0,0.0,0.0,0,0,0.0,15667.060000000001,2,1,0.5,0
LGS2ORD0038195,C015448,2025-10-30 11:00:00,Female,36,Silver,Shopee,Chiang Mai,363,CallCenter,COD,11,10,3,0,30-40,12.1,9.0,2.0,0.2222222222222222,55,0,6758.295555555556,0.25,0.6666666666666666,0.3333333333333333,0.0,934.41,1,0,0.0,934.41,1,0,0.0,8016.32,3,1,0.3333333333333333,60824.66,9,2,0.2222222222222222,0
LGS2ORD0038196,C016578,2025-10-30 11:00:00,Female,42,Gold,Shopee,Phuket,1457,TV_Show,PromptPay,11,10,3,0,40-50,48.56666666666667,4.0,3.0,0.75,61,73,12344.645,0.28,0.5,0.5,0.0,0.0,0,0,0.0,0.0,0,0,0.0,11266.82,1,1,1.0,49378.58,4,3,0.75,1
LGS2ORD0038197,C016714,2025-10-30 12:00:00,Male,22,Gold,Lazada,Khon Kaen,1289,TV_Show,COD,12,10,3,0,20-30,42.96666666666667,3.0,1.0,0.3333333333333333,140,29,2950.09,0.13,1.0,0.0,0.0,0.0,0,0,0.0,4093.17,1,0,0.0,5362.6900000000005,2,0,0.0,8850.27,3,1,0.3333333333333333,0
LGS2ORD0038198,C016067,2025-10-30 12:00:00,Male,60,Gold,Web,Remote_Area,1709,TV_Show,COD,12,10,3,0,>50,56.96666666666667,11.0,2.0,0.18181818181818182,223,2,5261.206363636364,0.28,0.7272727272727273,0.36363636363636365,0.0,3988.26,1,0,0.0,9277.08,3,0,0.0,10554.23,4,0,0.0,57873.270000000004,11,2,0.18181818181818182,0
LGS2ORD0038199,C014412,2025-10-30 12:00:00,Other,48,Gold,TV,Bangkok,998,TV_Show,COD,12,10,3,0,40-50,33.266666666666666,3.0,0.0,0.0,-1,113,1678.55,0.2299999999999999,0.6666666666666666,0.3333333333333333,0.0,0.0,0,0,0.0,0.0,0,0,0.0,0.0,0,0,0.0,5035.65,3,0,0.0,0
LGS2ORD0038200,C016249,2025-10-30 12:00:00,Female,41,Gold,Web,Khon Kaen,1066,CallCenter,PromptPay,12,10,3,0,40-50,35.53333333333333,4.0,0.0,0.0,-1,24,6038.0975,0.18,0.25,0.0,0.0,0.0,0,0,0.0,4112.07,1,0,0.0,20520.94,2,0,0.0,24152.39,4,0,0.0,0
LGS2ORD0038201,C015557,2025-10-30 12:00:00,Female,44,Bronze,TV,Nakhon Ratchasima,387,Web,Credit_Card,12,10,3,0,40-50,12.9,7.0,1.0,0.14285714285714285,122,12,3707.095714285714,0.28,0.5714285714285714,0.5714285714285714,0.0,0.0,0,0,0.0,11352.63,2,0,0.0,16893.22,4,0,0.0,25949.67,7,1,0.14285714285714285,0
LGS2ORD0038202,C010046,2025-10-30 13:00:00,Female,53,Silver,TV,Chonburi,780,Shopee,COD,13,10,3,0,>50,26.0,5.0,1.0,0.2,46,13,3012.05,0.3,0.4,0.2,0.0,0.0,0,0,0.0,2231.8,1,0,0.0,7384.24,2,1,0.5,15060.25,5,1,0.2,0
LGS2ORD0038203,C014349,2025-10-30 13:00:00,Female,60,Platinum,CallCenter,Chiang Mai,1483,Lazada,COD,13,10,3,0,>50,49.43333333333333,2.0,0.0,0.0,-1,90,6042.59,0.3,1.0,0.5,0.0,0.0,0,0,0.0,0.0,0,0,0.0,0.0,0,0,0.0,12085.18,2,0,0.0,0
LGS2ORD0038204,C014705,2025-10-30 13:00:00,Male,32,Platinum,Lazada,Bangkok,1749,TV_Show,PromptPay,13,10,3,0,30-40,58.3,3.0,0.0,0.0,-1,106,6685.883333333334,0.3,0.3333333333333333,0.3333333333333333,0.0,0.0,0,0,0.0,0.0,0,0,0.0,0.0,0,0,0.0,20057.65,3,0,0.0,0
LGS2ORD0038205,C014114,2025-10-30 13:00:00,Female,29,Bronze,Web,Bangkok,1029,Lazada,COD,13,10,3,0,20-30,34.3,1.0,1.0,1.0,147,152,939.35,0.13,1.0,0.0,0.0,0.0,0,0,0.0,0.0,0,0,0.0,0.0,0,0,0.0,939.35,1,1,1.0,1
LGS2ORD0038206,C014127,2025-10-30 13:00:00,Female,40,Silver,TV,Phuket,647,CallCenter,Credit_Card,13,10,3,0,30-40,21.566666666666666,7.0,3.0,0.42857142857142855,104,62,2508.934285714286,0.2,0.5714285714285714,0.0,0.0,0.0,0,0,0.0,0.0,0,0,0.0,3062.33,1,0,0.0,17562.54,7,3,0.42857142857142855,0
LGS2ORD0038207,C013961,2025-10-30 14:00:00,Female,46,Bronze,Shopee,Khon Kaen,1182,Web,COD,14,10,3,0,40-50,39.4,6.0,0.0,0.0,-1,19,4985.158333333334,0.28,0.5,0.16666666666666666,0.0,0.0,0,0,0.0,1625.9,1,0,0.0,20947.02,4,0,0.0,29910.95,6,0,0.0,0
LGS2ORD0038208,C016557,2025-10-30 14:00:00,Female,46,Bronze,CallCenter,Nakhon Ratchasima,1193,TV_Show,COD,14,10,3,0,40-50,39.766666666666666,3.0,1.0,0.3333333333333333,43,58,9283.34,0.23,0.3333333333333333,0.3333333333333333,0.0,0.0,0,0,0.0,0.0,0,0,0.0,26569.5,2,1,0.5,27850.02,3,1,0.3333333333333333,1
LGS2ORD0038209,C016716,2025-10-30 14:00:00,Female,48,Silver,Lazada,Bangkok,525,CallCenter,COD,14,10,3,0,40-50,17.5,7.0,1.0,0.14285714285714285,25,34,4726.4400000000005,0.3,0.5714285714285714,0.42857142857142855,0.0,0.0,0,0,0.0,0.0,0,0,0.0,11397.78,2,1,0.5,33085.08,7,1,0.14285714285714285,1
LGS2ORD0038210,C016158,2025-10-30 14:00:00,Male,52,Bronze,Web,Phuket,1426,Shopee,COD,14,10,3,0,>50,47.53333333333333,8.0,1.0,0.125,7,13,4976.2125,0.28,0.375,0.25,0.0,0.0,0,0,0.0,21893.64,4,1,0.25,21893.64,4,1,0.25,39809.7,8,1,0.125,0
LGS2ORD0038211,C014208,2025-10-30 14:00:00,Male,38,Silver,Web,Remote_Area,793,TV_Show,PromptPay,14,10,3,0,30-40,26.433333333333334,2.0,1.0,0.5,254,170,6248.285,0.05,0.5,0.0,0.0,0.0,0,0,0.0,0.0,0,0,0.0,0.0,0,0,0.0,12496.57,2,1,0.5,0
LGS2ORD0038212,C015038,2025-10-30 15:00:00,Female,72,Silver,Shopee,Nakhon Ratchasima,1284,TV_Show,Credit_Card,15,10,3,0,>50,42.8,6.0,2.0,0.3333333333333333,57,34,5082.888333333333,0.25,0.8333333333333334,0.16666666666666666,0.0,0.0,0,0,0.0,0.0,0,0,0.0,11581.98,2,1,0.5,30497.33,6,2,0.3333333333333333,0
LGS2ORD0038213,C016134,2025-10-30 15:00:00,Male,37,Silver,Web,Khon Kaen,413,CallCenter,COD,15,10,3,0,30-40,13.766666666666667,6.0,0.0,0.0,-1,0,4187.6483333333335,0.2,0.3333333333333333,0.0,0.0,4522.22,1,0,0.0,4522.22,1,0,0.0,5116.02,2,0,0.0,25125.89,6,0,0.0,0
LGS2ORD0038214,C012143,2025-10-30 15:00:00,Female,50,Silver,Lazada,Nakhon Ratchasima,326,Lazada,COD,15,10,3,0,40-50,10.866666666666667,6.0,0.0,0.0,-1,0,8496.92,0.3,0.3333333333333333,0.3333333333333333,0.16666666666666666,21282.87,1,0,0.0,21282.87,1,0,0.0,29777.69,2,0,0.0,50981.520000000004,6,0,0.0,0
LGS2ORD0038215,C016163,2025-10-30 15:00:00,Male,32,Bronze,Shopee,Phuket,449,TV_Show,COD,15,10,3,0,30-40,14.966666666666667,7.0,4.0,0.5714285714285714,60,68,6495.611428571429,0.28,0.42857142857142855,0.42857142857142855,0.0,0.0,0,0,0.0,0.0,0,0,0.0,7400.3,1,1,1.0,45469.280000000006,7,4,0.5714285714285714,1
LGS2ORD0038216,C014177,2025-10-30 15:00:00,Male,61,Platinum,Shopee,Chiang Mai,1382,TV_Show,Credit_Card,15,10,3,0,>50,46.06666666666667,8.0,2.0,0.25,13,21,6121.66875,0.35,0.625,0.625,0.0,0.0,0,0,0.0,1168.23,1,1,1.0,1168.23,1,1,1.0,48973.35,8,2,0.25,0
LGS2ORD0038217,C010675,2025-10-30 15:00:00,Female,44,Gold,Web,Chiang Mai,642,Web,Credit_Card,15,10,3,0,40-50,21.4,5.0,0.0,0.0,-1,30,5139.656,0.33,0.4,0.4,0.0,0.0,0,0,0.0,0.0,0,0,0.0,3555.29,1,0,0.0,25698.28,5,0,0.0,0
LGS2ORD0038218,C012697,2025-10-30 16:00:00,Male,45,Bronze,CallCenter,Bangkok,359,Web,PromptPay,16,10,3,0,40-50,11.966666666666667,6.0,2.0,0.3333333333333333,39,3,6801.035,0.28,0.8333333333333334,0.3333333333333333,0.0,20290.51,1,0,0.0,21540.96,2,0,0.0,26476.94,3,1,0.3333333333333333,40806.21,6,2,0.3333333333333333,0
LGS2ORD0038219,C012397,2025-10-30 16:00:00,Male,49,Bronze,TV,Nakhon Ratchasima,1431,Web,PromptPay,16,10,3,0,40-50,47.7,5.0,1.0,0.2,233,194,6381.094,0.23,0.6,0.2,0.0,0.0,0,0,0.0,0.0,0,0,0.0,0.0,0,0,0.0,31905.47,5,1,0.2,0
LGS2ORD0038220,C012583,2025-10-30 16:00:00,Male,39,Bronze,CallCenter,Chiang Mai,1650,Web,COD,16,10,3,0,30-40,55.0,4.0,0.0,0.0,-1,68,16645.217500000002,0.23,0.75,0.25,0.0,0.0,0,0,0.0,0.0,0,0,0.0,4691.17,1,0,0.0,66580.87000000001,4,0,0.0,0
LGS2ORD0038221,C013026,2025-10-30 16:00:00,Male,63,Bronze,Shopee,Bangkok,1742,Shopee,COD,16,10,3,0,>50,58.06666666666667,5.0,2.0,0.4,-5,4,11783.712,0.23,0.4,0.2,0.0,818.17,1,1,1.0,818.17,1,1,1.0,34802.31,2,1,0.5,58918.56,5,2,0.4,1
LGS2ORD0038222,C010813,2025-10-30 16:00:00,Other,37,Bronze,TV,Nakhon Ratchasima,1220,TV_Show,Credit_Card,16,10,3,0,30-40,40.666666666666664,7.0,2.0,0.2857142857142857,37,47,6556.79,0.23,0.5714285714285714,0.14285714285714285,0.0,0.0,0,0,0.0,0.0,0,0,0.0,4315.36,1,1,1.0,45897.53,7,2,0.2857142857142857,0
LGS2ORD0038223,C015663,2025-10-30 17:00:00,Female,54,Bronze,CallCenter,Chiang Mai,1338,TV_Show,COD,17,10,3,0,>50,44.6,5.0,2.0,0.4,79,40,7656.005999999999,0.28,0.4,0.2,0.0,0.0,0,0,0.0,0.0,0,0,0.0,15122.24,3,1,0.3333333333333333,38280.03,5,2,0.4,1
LGS2ORD0038224,C014733,2025-10-30 17:00:00,Other,59,Bronze,CallCenter,Songkhla,392,Shopee,COD,17,10,3,0,>50,13.066666666666666,2.0,1.0,0.5,260,265,8895.45,0.23,0.0,0.5,0.0,0.0,0,0,0.0,0.0,0,0,0.0,0.0,0,0,0.0,17790.9,2,1,0.5,1
LGS2ORD0038225,C010449,2025-10-30 17:00:00,Female,41,Gold,Web,Bangkok,790,Shopee,PromptPay,17,10,3,0,40-50,26.333333333333332,8.0,2.0,0.25,90,54,2928.455,0.2299999999999999,0.625,0.25,0.0,0.0,0,0,0.0,0.0,0,0,0.0,9512.18,2,0,0.0,23427.64,8,2,0.25,0
LGS2ORD0038226,C013677,2025-10-30 17:00:00,Female,46,Silver,Web,Bangkok,890,Lazada,PromptPay,17,10,3,0,40-50,29.666666666666668,3.0,1.0,0.3333333333333333,75,80,2763.486666666667,0.3,0.3333333333333333,0.3333333333333333,0.0,0.0,0,0,0.0,0.0,0,0,0.0,6004.39,2,1,0.5,8290.460000000001,3,1,0.3333333333333333,0
LGS2ORD0038227,C016656,2025-10-30 17:00:00,Female,43,Bronze,TV,Remote_Area,476,Shopee,COD,17,10,3,0,40-50,15.866666666666667,6.0,2.0,0.3333333333333333,17,16,3936.0449999999996,0.23,0.8333333333333334,0.3333333333333333,0.0,0.0,0,0,0.0,3218.33,1,0,0.0,7967.7,2,1,0.5,23616.269999999997,6,2,0.3333333333333333,0
LGS2ORD0038228,C017381,2025-10-30 18:00:00,Male,35,Bronze,CallCenter,Khon Kaen,333,Shopee,PromptPay,18,10,3,0,30-40,11.1,9.0,2.0,0.2222222222222222,96,0,6380.624444444444,0.23,0.6666666666666666,0.1111111111111111,0.0,15657.17,1,0,0.0,18712.03,2,0,0.0,22247.72,3,0,0.0,57425.619999999995,9,2,0.2222222222222222,1
LGS2ORD0038229,C011494,2025-10-30 18:00:00,Female,23,Platinum,Lazada,Bangkok,421,Lazada,COD,18,10,3,0,20-30,14.033333333333333,7.0,3.0,0.42857142857142855,169,51,7688.322857142856,0.3,0.2857142857142857,0.14285714285714285,0.0,0.0,0,0,0.0,0.0,0,0,0.0,1719.17,1,0,0.0,53818.259999999995,7,3,0.42857142857142855,0
LGS2ORD0038230,C017856,2025-10-30 18:00:00,Female,48,Bronze,Web,Bangkok,524,TV_Show,COD,18,10,3,0,40-50,17.466666666666665,6.0,2.0,0.3333333333333333,226,14,3273.6233333333334,0.28,0.6666666666666666,0.3333333333333333,0.0,0.0,0,0,0.0,1062.93,1,0,0.0,2126.16,2,0,0.0,19641.74,6,2,0.3333333333333333,0
LGS2ORD0038231,C016323,2025-10-30 18:00:00,Female,39,Silver,CallCenter,Remote_Area,1362,Web,COD,18,10,3,0,30-40,45.4,4.0,2.0,0.5,55,14,5380.7325,0.3,0.25,0.5,0.0,0.0,0,0,0.0,14482.17,2,0,0.0,19946.11,3,1,0.3333333333333333,21522.93,4,2,0.5,0
LGS2ORD0038232,C015060,2025-10-30 18:00:00,Male,29,Silver,CallCenter,Remote_Area,702,Shopee,Credit_Card,18,10,3,0,20-30,23.4,3.0,2.0,0.6666666666666666,143,138,9132.103333333334,0.1,0.0,0.0,0.0,0.0,0,0,0.0,0.0,0,0,0.0,0.0,0,0,0.0,27396.31,3,2,0.6666666666666666,1
LGS2ORD0038233,C010447,2025-10-30 19:00:00,Male,40,Bronze,TV,Bangkok,1349,Lazada,Credit_Card,19,10,3,0,30-40,44.96666666666667,0.0,0.0,0.0,-1,-1,0.0,0.0,0.0,0.0,0.0,0.0,0,0,0.0,0.0,0,0,0.0,0.0,0,0,0.0,0.0,0,0,0.0,0
LGS2ORD0038234,C015134,2025-10-30 19:00:00,Female,37,Bronze,CallCenter,Khon Kaen,646,Web,COD,19,10,3,0,30-40,21.533333333333335,4.0,1.0,0.25,62,20,8876.3225,0.28,0.75,0.25,0.0,0.0,0,0,0.0,10891.72,1,0,0.0,25423.55,2,1,0.5,35505.29,4,1,0.25,0
LGS2ORD0038235,C013585,2025-10-30 19:00:00,Male,35,Bronze,TV,Bangkok,664,Lazada,Bank_Transfer,19,10,3,0,30-40,22.133333333333333,2.0,1.0,0.5,-6,7,10762.4,0.23,1.0,0.5,0.0,0.0,0,0,0.0,17509.25,1,1,1.0,17509.25,1,1,1.0,21524.8,2,1,0.5,0
LGS2ORD0038236,C010387,2025-10-30 19:00:00,Male,47,Bronze,Shopee,Phuket,1050,Lazada,COD,19,10,3,0,40-50,35.0,5.0,2.0,0.4,183,13,4455.3820000000005,0.23,0.6,0.4,0.0,0.0,0,0,0.0,10298.03,1,0,0.0,11619.32,2,0,0.0,22276.910000000003,5,2,0.4,0
LGS2ORD0038237,C016550,2025-10-30 19:00:00,Male,32,Bronze,Shopee,Bangkok,1647,Shopee,COD,19,10,3,0,30-40,54.9,8.0,3.0,0.375,21,14,1891.5075,0.28,0.875,0.375,0.0,0.0,0,0,0.0,7341.87,2,1,0.5,7856.23,3,2,0.6666666666666666,15132.06,8,3,0.375,1
LGS2ORD0038238,C014233,2025-10-30 19:00:00,Female,41,Gold,TV,Bangkok,1310,TV_Show,Credit_Card,19,10,3,0,40-50,43.666666666666664,4.0,2.0,0.5,50,60,4136.58,0.2299999999999999,0.75,0.5,0.0,0.0,0,0,0.0,0.0,0,0,0.0,3294.66,1,1,1.0,16546.32,4,2,0.5,0
LGS2ORD0038239,C013774,2025-10-30 20:00:00,Female,52,Bronze,CallCenter,Songkhla,973,Lazada,COD,20,10,3,0,>50,32.43333333333333,6.0,4.0,0.6666666666666666,2,13,7248.768333333333,0.23,0.6666666666666666,0.16666666666666666,0.0,0.0,0,0,0.0,1117.6,1,1,1.0,1117.6,1,1,1.0,43492.61,6,4,0.6666666666666666,1
LGS2ORD0038240,C010855,2025-10-30 20:00:00,Male,63,Bronze,CallCenter,Phuket,1591,Shopee,COD,20,10,3,0,>50,53.03333333333333,7.0,3.0,0.42857142857142855,15,12,9330.981428571427,0.28,0.7142857142857143,0.14285714285714285,0.0,0.0,0,0,0.0,11220.06,2,1,0.5,44259.97,5,2,0.4,65316.869999999995,7,3,0.42857142857142855,1
LGS2ORD0038241,C012634,2025-10-30 20:00:00,Male,26,Bronze,CallCenter,Chiang Mai,1088,TV_Show,Credit_Card,20,10,3,0,20-30,36.266666666666666,8.0,1.0,0.125,88,31,4736.34375,0.23,0.375,0.125,0.0,0.0,0,0,0.0,0.0,0,0,0.0,4849.02,4,0,0.0,37890.75,8,1,0.125,1
LGS2ORD0038242,C014408,2025-10-30 20:00:00,Female,27,Silver,Shopee,Songkhla,707,CallCenter,Credit_Card,20,10,3,0,20-30,23.566666666666666,7.0,2.0,0.2857142857142857,75,64,5392.061428571427,0.3,0.2857142857142857,0.7142857142857143,0.0,0.0,0,0,0.0,0.0,0,0,0.0,10569.7,2,1,0.5,37744.42999999999,7,2,0.2857142857142857,0
LGS2ORD0038243,C012602,2025-10-30 20:00:00,Female,49,Bronze,CallCenter,Bangkok,551,CallCenter,COD,20,10,3,0,40-50,18.366666666666667,2.0,1.0,0.5,169,29,2847.665,0.03,0.0,0.0,0.0,0.0,0,0,0.0,1251.97,1,0,0.0,1251.97,1,0,0.0,5695.33,2,1,0.5,1
LGS2ORD0038244,C010651,2025-10-30 21:00:00,Male,58,Gold,Shopee,Bangkok,1584,TV_Show,COD,21,10,3,0,>50,52.8,3.0,0.0,0.0,-1,167,4524.4,0.13,0.6666666666666666,0.0,0.0,0.0,0,0,0.0,0.0,0,0,0.0,0.0,0,0,0.0,13573.199999999999,3,0,0.0,0
LGS2ORD0038245,C012546,2025-10-30 21:00:00,Female,36,Gold,TV,Chiang Mai,744,Lazada,COD,21,10,3,0,30-40,24.8,3.0,1.0,0.3333333333333333,87,90,5546.5233333333335,0.28,0.3333333333333333,0.6666666666666666,0.0,0.0,0,0,0.0,0.0,0,0,0.0,0.0,0,0,0.0,16639.57,3,1,0.3333333333333333,0
LGS2ORD0038246,C015782,2025-10-30 21:00:00,Female,51,Bronze,Shopee,Chiang Mai,1096,Shopee,PromptPay,21,10,3,0,>50,36.53333333333333,7.0,2.0,0.2857142857142857,36,24,3665.2299999999996,0.28,0.7142857142857143,0.2857142857142857,0.0,0.0,0,0,0.0,1768.7,1,0,0.0,2653.61,2,1,0.5,25656.609999999997,7,2,0.2857142857142857,1
LGS2ORD0038247,C016288,2025-10-30 21:00:00,Female,45,Bronze,Web,Khon Kaen,1372,Lazada,Credit_Card,21,10,3,0,40-50,45.733333333333334,4.0,2.0,0.5,13,24,3160.9225000000006,0.23,0.5,0.25,0.0,0.0,0,0,0.0,1079.54,1,1,1.0,10352.580000000002,2,2,1.0,12643.690000000002,4,2,0.5,0
LGS2ORD0038248,C017910,2025-10-30 21:00:00,Female,53,Platinum,Web,Khon Kaen,663,TV_Show,PromptPay,21,10,3,0,>50,22.1,4.0,1.0,0.25,97,78,2345.7,0.3,0.0,0.25,0.0,0.0,0,0,0.0,0.0,0,0,0.0,865.02,1,0,0.0,9382.8,4,1,0.25,0
LGS2ORD0038249,C014441,2025-10-30 22:00:00,Male,72,Silver,Shopee,Chiang Mai,1275,Lazada,Credit_Card,22,10,3,0,>50,42.5,3.0,0.0,0.0,-1,30,5843.113333333334,0.25,0.6666666666666666,0.3333333333333333,0.0,0.0,0,0,0.0,0.0,0,0,0.0,12166.21,1,0,0.0,17529.34,3,0,0.0,0
LGS2ORD0038250,C012668,2025-10-30 22:00:00,Female,53,Bronze,TV,Songkhla,489,Lazada,COD,22,10,3,0,>50,16.3,6.0,1.0,0.16666666666666666,142,8,4541.87,0.23,0.8333333333333334,0.16666666666666666,0.0,0.0,0,0,0.0,3049.01,1,0,0.0,3049.01,1,0,0.0,27251.22,6,1,0.16666666666666666,0
LGS2ORD0038251,C014403,2025-10-30 22:00:00,Male,57,Gold,CallCenter,Khon Kaen,321,Shopee,PromptPay,22,10,3,0,>50,10.7,6.0,1.0,0.16666666666666666,132,33,2907.133333333333,0.33,0.6666666666666666,0.6666666666666666,0.0,0.0,0,0,0.0,0.0,0,0,0.0,10934.899999999998,3,0,0.0,17442.8,6,1,0.16666666666666666,0
LGS2ORD0038252,C012861,2025-10-30 22:00:00,Female,26,Silver,TV,Songkhla,583,Web,Credit_Card,22,10,3,0,20-30,19.433333333333334,4.0,2.0,0.5,74,2,9650.9525,0.2,0.5,0.0,0.0,7057.34,1,0,0.0,24232.69,2,0,0.0,31706.629999999997,3,1,0.3333333333333333,38603.81,4,2,0.5,0
LGS2ORD0038253,C016752,2025-10-30 22:00:00,Male,35,Bronze,TV,Remote_Area,1376,Shopee,COD,22,10,3,0,30-40,45.86666666666667,5.0,1.0,0.2,13,20,1477.2040000000002,0.28,0.8,0.4,0.0,0.0,0,0,0.0,3480.55,2,1,0.5,3947.38,3,1,0.3333333333333333,7386.02,5,1,0.2,1
LGS2ORD0038254,C012019,2025-10-30 23:00:00,Male,36,Bronze,TV,Khon Kaen,1663,TV_Show,COD,23,10,3,0,30-40,55.43333333333333,4.0,1.0,0.25,110,116,7306.150000000001,0.28,0.75,0.25,0.0,0.0,0,0,0.0,0.0,0,0,0.0,0.0,0,0,0.0,29224.600000000002,4,1,0.25,0
LGS2ORD0038255,C011412,2025-10-30 23:00:00,Female,18,Silver,TV,Chiang Mai,1248,Web,COD,23,10,3,0,<20,41.6,3.0,1.0,0.3333333333333333,170,9,2402.3766666666666,0.3,0.3333333333333333,0.6666666666666666,0.0,0.0,0,0,0.0,658.24,1,0,0.0,658.24,1,0,0.0,7207.13,3,1,0.3333333333333333,0
LGS2ORD0038256,C017858,2025-10-30 23:00:00,Male,30,Silver,TV,Remote_Area,494,Web,Bank_Transfer,23,10,3,0,20-30,16.466666666666665,10.0,4.0,0.4,7,7,6061.2919999999995,0.2,0.7,0.0,0.0,0.0,0,0,0.0,14290.69,3,2,0.6666666666666666,32911.58,4,2,0.5,60612.92,10,4,0.4,0
LGS2ORD0038257,C016752,2025-10-30 23:00:00,Male,35,Bronze,TV,Remote_Area,1376,TV_Show,COD,23,10,3,0,30-40,45.86666666666667,6.0,2.0,0.3333333333333333,-9,0,1714.7033333333336,0.28,0.8333333333333334,0.3333333333333333,0.0,2902.2,1,1,1.0,6382.75,3,2,0.6666666666666666,6849.58,4,2,0.5,10288.220000000001,6,2,0.3333333333333333,0
LGS2ORD0038258,C012253,2025-10-30 23:00:00,Other,41,Silver,Web,Chonburi,1090,Shopee,COD,23,10,3,0,40-50,36.333333333333336,6.0,0.0,0.0,-1,2,3840.021666666667,0.2,0.3333333333333333,0.0,0.0,1332.86,1,0,0.0,4116.2699999999995,2,0,0.0,4116.2699999999995,2,0,0.0,23040.13,6,0,0.0,1
LGS2ORD0038259,C017546,2025-10-30 23:00:00,Male,34,Gold,Shopee,Bangkok,1625,Lazada,Credit_Card,23,10,3,0,30-40,54.166666666666664,3.0,0.0,0.0,-1,70,1571.0100000000002,0.2299999999999999,1.0,0.3333333333333333,0.0,0.0,0,0,0.0,0.0,0,0,0.0,1507.77,1,0,0.0,4713.030000000001,3,0,0.0,0
LGS2ORD0038260,C016215,2025-10-31 00:00:00,Male,37,Bronze,Lazada,Chonburi,864,Web,Credit_Card,0,10,4,0,30-40,28.8,4.0,1.0,0.25,200,13,4013.9100000000003,0.28,0.5,0.5,0.0,0.0,0,0,0.0,14365.010000000002,2,0,0.0,14365.010000000002,2,0,0.0,16055.640000000001,4,1,0.25,0
LGS2ORD0038261,C010043,2025-10-31 00:00:00,Female,20,Platinum,Web,Chonburi,638,Lazada,COD,0,10,4,0,<20,21.266666666666666,5.0,1.0,0.2,6,15,3924.3379999999997,0.35,0.2,0.6,0.0,0.0,0,0,0.0,2508.02,1,1,1.0,2508.02,1,1,1.0,19621.69,5,1,0.2,0
LGS2ORD0038262,C012137,2025-10-31 00:00:00,Female,39,Silver,Lazada,Chiang Mai,1063,Web,PromptPay,0,10,4,0,30-40,35.43333333333333,4.0,0.0,0.0,-1,8,4237.06,0.15,0.5,0.0,0.0,0.0,0,0,0.0,1839.23,1,0,0.0,3634.9,2,0,0.0,16948.24,4,0,0.0,0
LGS2ORD0038263,C017366,2025-10-31 00:00:00,Female,32,Bronze,Shopee,Chonburi,1564,Web,Credit_Card,0,10,4,0,30-40,52.13333333333333,3.0,0.0,0.0,-1,40,1668.1433333333334,0.18,0.3333333333333333,0.0,0.0,0.0,0,0,0.0,0.0,0,0,0.0,725.35,1,0,0.0,5004.43,3,0,0.0,1
LGS2ORD0038264,C011399,2025-10-31 00:00:00,Female,44,Gold,Web,Khon Kaen,1079,Shopee,COD,0,10,4,0,40-50,35.96666666666667,3.0,0.0,0.0,-1,105,752.6066666666667,0.2299999999999999,0.3333333333333333,0.6666666666666666,0.0,0.0,0,0,0.0,0.0,0,0,0.0,0.0,0,0,0.0,2257.82,3,0,0.0,1
LGS2ORD0038265,C012781,2025-10-31 01:00:00,Male,61,Bronze,Web,Bangkok,759,Shopee,COD,1,10,4,0,>50,25.3,2.0,0.0,0.0,-1,58,6801.02,0.13,0.5,0.0,0.0,0.0,0,0,0.0,0.0,0,0,0.0,6344.55,1,0,0.0,13602.04,2,0,0.0,0
LGS2ORD0038266,C012824,2025-10-31 01:00:00,Female,51,Silver,TV,Remote_Area,1162,TV_Show,COD,1,10,4,0,>50,38.733333333333334,6.0,2.0,0.3333333333333333,14,28,3604.843333333333,0.3,0.3333333333333333,0.3333333333333333,0.0,0.0,0,0,0.0,5385.41,2,1,0.5,7286.21,3,1,0.3333333333333333,21629.059999999998,6,2,0.3333333333333333,0
LGS2ORD0038267,C014919,2025-10-31 01:00:00,Male,40,Bronze,TV,Songkhla,1575,TV_Show,COD,1,10,4,0,30-40,52.5,8.0,0.0,0.0,-1,13,7908.891250000001,0.23,0.375,0.25,0.0,0.0,0,0,0.0,24664.78,1,0,0.0,45544.15,3,0,0.0,63271.130000000005,8,0,0.0,1
LGS2ORD0038268,C012346,2025-10-31 01:00:00,Male,24,Bronze,TV,Chiang Mai,1132,Lazada,COD,1,10,4,0,20-30,37.733333333333334,7.0,3.0,0.42857142857142855,74,7,5165.745714285715,0.23,0.8571428571428571,0.14285714285714285,0.0,0.0,0,0,0.0,4009.01,1,0,0.0,11815.48,3,1,0.3333333333333333,36160.22,7,3,0.42857142857142855,1
LGS2ORD0038269,C011843,2025-10-31 01:00:00,Female,34,Silver,Shopee,Chiang Mai,726,Shopee,COD,1,10,4,0,30-40,24.2,4.0,2.0,0.5,119,54,2633.4599999999996,0.25,0.25,0.25,0.0,0.0,0,0,0.0,0.0,0,0,0.0,555.63,1,0,0.0,10533.839999999998,4,2,0.5,0
LGS2ORD0038270,C014311,2025-10-31 02:00:00,Female,46,Bronze,Web,Chiang Mai,1033,Web,Credit_Card,2,10,4,0,40-50,34.43333333333333,6.0,2.0,0.3333333333333333,124,77,8443.053333333333,0.23,0.3333333333333333,0.3333333333333333,0.0,0.0,0,0,0.0,0.0,0,0,0.0,17979.78,1,0,0.0,50658.32,6,2,0.3333333333333333,0
LGS2ORD0038271,C014263,2025-10-31 02:00:00,Female,57,Gold,CallCenter,Bangkok,1693,Shopee,COD,2,10,4,0,>50,56.43333333333333,4.0,0.0,0.0,-1,19,1725.7325,0.28,0.5,0.25,0.0,0.0,0,0,0.0,1923.74,1,0,0.0,1923.74,1,0,0.0,6902.93,4,0,0.0,0
LGS2ORD0038272,C012185,2025-10-31 02:00:00,Female,49,Silver,Web,Khon Kaen,960,TV_Show,Credit_Card,2,10,4,0,40-50,32.0,4.0,0.0,0.0,-1,70,3606.9925000000003,0.2,0.75,0.0,0.0,0.0,0,0,0.0,0.0,0,0,0.0,2751.92,1,0,0.0,14427.970000000001,4,0,0.0,0
LGS2ORD0038273,C017184,2025-10-31 02:00:00,Male,37,Silver,Shopee,Bangkok,1420,Shopee,Credit_Card,2,10,4,0,30-40,47.333333333333336,2.0,0.0,0.0,-1,216,5045.36,0.2,0.5,0.0,0.0,0.0,0,0,0.0,0.0,0,0,0.0,0.0,0,0,0.0,10090.72,2,0,0.0,0
LGS2ORD0038274,C014119,2025-10-31 02:00:00,Male,58,Bronze,Shopee,Chiang Mai,1686,TV_Show,COD,2,10,4,0,>50,56.2,1.0,0.0,0.0,-1,125,7573.47,0.18,0.0,0.0,0.0,0.0,0,0,0.0,0.0,0,0,0.0,0.0,0,0,0.0,7573.47,1,0,0.0,0
LGS2ORD0038275,C012589,2025-10-31 03:00:00,Female,39,Bronze,TV,Chonburi,1214,CallCenter,Bank_Transfer,3,10,4,0,30-40,40.46666666666667,7.0,0.0,0.0,-1,14,8752.141428571429,0.28,0.2857142857142857,0.2857142857142857,0.0,0.0,0,0,0.0,25539.86,1,0,0.0,30494.04,2,0,0.0,61264.990000000005,7,0,0.0,0
LGS2ORD0038276,C011734,2025-10-31 03:00:00,Female,52,Bronze,Web,Songkhla,1510,Lazada,Credit_Card,3,10,4,0,>50,50.333333333333336,7.0,1.0,0.14285714285714285,222,56,3496.7042857142856,0.23,0.5714285714285714,0.2857142857142857,0.0,0.0,0,0,0.0,0.0,0,0,0.0,431.79,1,0,0.0,24476.93,7,1,0.14285714285714285,1
LGS2ORD0038277,C010601,2025-10-31 03:00:00,Female,52,Gold,TV,Bangkok,435,CallCenter,COD,3,10,4,0,>50,14.5,3.0,1.0,0.3333333333333333,-6,5,4103.196666666667,0.28,0.0,0.3333333333333333,0.0,1652.56,1,1,1.0,1652.56,1,1,1.0,1652.56,1,1,1.0,12309.59,3,1,0.3333333333333333,0
LGS2ORD0038278,C012529,2025-10-31 03:00:00,Female,51,Silver,TV,Remote_Area,1700,TV_Show,COD,3,10,4,0,>50,56.666666666666664,14.0,7.0,0.5,-6,5,8991.019285714287,0.3,0.5714285714285714,0.21428571428571427,0.0,3285.55,1,1,1.0,46346.55,3,1,0.3333333333333333,91520.17,8,4,0.5,125874.27,14,7,0.5,0
LGS2ORD0038279,C016696,2025-10-31 03:00:00,Female,30,Platinum,Shopee,Phuket,1307,Shopee,PromptPay,3,10,4,0,20-30,43.56666666666667,6.0,1.0,0.16666666666666666,280,69,4276.346666666667,0.25,0.3333333333333333,0.5,0.0,0.0,0,0,0.0,0.0,0,0,0.0,8846.95,1,0,0.0,25658.08,6,1,0.16666666666666666,0
LGS2ORD0038280,C011461,2025-10-31 03:00:00,Female,60,Bronze,Web,Remote_Area,1369,Lazada,COD,3,10,4,0,>50,45.63333333333333,6.0,2.0,0.3333333333333333,166,12,8381.883333333333,0.23,0.6666666666666666,0.3333333333333333,0.0,0.0,0,0,0.0,29359.46,1,0,0.0,29359.46,1,0,0.0,50291.3,6,2,0.3333333333333333,1
LGS2ORD0038281,C012214,2025-10-31 04:00:00,Female,48,Bronze,Shopee,Remote_Area,1686,TV_Show,COD,4,10,4,0,40-50,56.2,4.0,1.0,0.25,147,113,7596.9825,0.28,0.5,0.5,0.0,0.0,0,0,0.0,0.0,0,0,0.0,0.0,0,0,0.0,30387.93,4,1,0.25,1
LGS2ORD0038282,C010975,2025-10-31 04:00:00,Female,51,Gold,Lazada,Chiang Mai,725,Shopee,COD,4,10,4,0,>50,24.166666666666668,8.0,2.0,0.25,59,14,5177.16,0.33,0.125,0.75,0.0,0.0,0,0,0.0,9274.74,1,0,0.0,30771.6,4,1,0.25,41417.28,8,2,0.25,0
LGS2ORD0038283,C013362,2025-10-31 04:00:00,Female,33,Platinum,Web,Chiang Mai,1363,Lazada,Credit_Card,4,10,4,0,30-40,45.43333333333333,7.0,1.0,0.14285714285714285,246,71,4350.330000000001,0.3,0.5714285714285714,0.5714285714285714,0.0,0.0,0,0,0.0,0.0,0,0,0.0,1740.38,1,0,0.0,30452.310000000005,7,1,0.14285714285714285,0
LGS2ORD0038284,C011295,2025-10-31 04:00:00,Female,44,Silver,Lazada,Bangkok,616,Web,COD,4,10,4,0,40-50,20.533333333333335,8.0,2.0,0.25,19,29,7578.008749999999,0.25,0.5,0.25,0.0,0.0,0,0,0.0,17130.74,1,1,1.0,49486.869999999995,4,2,0.5,60624.06999999999,8,2,0.25,0
LGS2ORD0038285,C013044,2025-10-31 04:00:00,Female,34,Bronze,Web,Remote_Area,1269,TV_Show,Bank_Transfer,4,10,4,0,30-40,42.3,6.0,2.0,0.3333333333333333,164,155,10892.858333333334,0.28,0.16666666666666666,0.3333333333333333,0.0,0.0,0,0,0.0,0.0,0,0,0.0,0.0,0,0,0.0,65357.15,6,2,0.3333333333333333,0
LGS2ORD0038286,C017051,2025-10-31 05:00:00,Male,54,Bronze,Lazada,Nakhon Ratchasima,1499,TV_Show,COD,5,10,4,0,>50,49.96666666666667,3.0,2.0,0.6666666666666666,227,208,1050.7700000000002,0.23,0.6666666666666666,0.3333333333333333,0.0,0.0,0,0,0.0,0.0,0,0,0.0,0.0,0,0,0.0,3152.3100000000004,3,2,0.6666666666666666,0
LGS2ORD0038287,C014336,2025-10-31 05:00:00,Male,56,Gold,Web,Chonburi,792,Shopee,PromptPay,5,10,4,0,>50,26.4,5.0,2.0,0.4,12,19,8728.872,0.2299999999999999,0.8,0.2,0.0,0.0,0,0,0.0,3201.13,1,1,1.0,30649.56,2,1,0.5,43644.36,5,2,0.4,0
LGS2ORD0038288,C011656,2025-10-31 05:00:00,Female,52,Bronze,Shopee,Remote_Area,1313,TV_Show,COD,5,10,4,0,>50,43.766666666666666,5.0,2.0,0.4,101,20,2607.5860000000002,0.23,1.0,0.2,0.0,0.0,0,0,0.0,2303.0,1,0,0.0,2303.0,1,0,0.0,13037.930000000002,5,2,0.4,1
LGS2ORD0038289,C010535,2025-10-31 05:00:00,Male,65,Silver,CallCenter,Khon Kaen,965,Web,COD,5,10,4,0,>50,32.166666666666664,7.0,0.0,0.0,-1,53,7121.032857142856,0.3,0.42857142857142855,0.42857142857142855,0.0,0.0,0,0,0.0,0.0,0,0,0.0,28739.42,1,0,0.0,49847.229999999996,7,0,0.0,0
LGS2ORD0038290,C017251,2025-10-31 05:00:00,Female,51,Gold,Shopee,Khon Kaen,793,CallCenter,COD,5,10,4,0,>50,26.433333333333334,4.0,0.0,0.0,-1,185,7940.442500000001,0.2299999999999999,0.75,0.25,0.0,0.0,0,0,0.0,0.0,0,0,0.0,0.0,0,0,0.0,31761.770000000004,4,0,0.0,1
LGS2ORD0038291,C013696,2025-10-31 06:00:00,Male,46,Bronze,TV,Chiang Mai,1634,CallCenter,Credit_Card,6,10,4,0,40-50,54.46666666666667,8.0,0.0,0.0,-1,27,5063.96125,0.28,0.5,0.25,0.0,0.0,0,0,0.0,1542.15,1,0,0.0,14965.83,3,0,0.0,40511.69,8,0,0.0,0
LGS2ORD0038292,C013740,2025-10-31 06:00:00,Male,42,Bronze,Shopee,Bangkok,1198,TV_Show,COD,6,10,4,0,40-50,39.93333333333333,8.0,1.0,0.125,-8,3,5050.40125,0.23,0.375,0.25,0.0,1957.97,1,1,1.0,1957.97,1,1,1.0,2240.52,2,1,0.5,40403.21,8,1,0.125,1
LGS2ORD0038293,C017540,2025-10-31 06:00:00,Male,38,Gold,TV,Phuket,1014,Web,PromptPay,6,10,4,0,30-40,33.8,4.0,1.0,0.25,140,108,4186.775,0.28,0.5,0.75,0.0,0.0,0,0,0.0,0.0,0,0,0.0,0.0,0,0,0.0,16747.1,4,1,0.25,1
LGS2ORD0038294,C011420,2025-10-31 06:00:00,Male,32,Gold,Lazada,Chiang Mai,1744,Lazada,COD,6,10,4,0,30-40,58.13333333333333,2.0,0.0,0.0,-1,209,3899.315,0.33,0.5,0.5,0.0,0.0,0,0,0.0,0.0,0,0,0.0,0.0,0,0,0.0,7798.63,2,0,0.0,1
LGS2ORD0038295,C017170,2025-10-31 06:00:00,Female,48,Silver,Shopee,Phuket,1662,Web,PromptPay,6,10,4,0,40-50,55.4,6.0,1.0,0.16666666666666666,161,168,3953.236666666666,0.2,0.5,0.0,0.0,0.0,0,0,0.0,0.0,0,0,0.0,0.0,0,0,0.0,23719.42,6,1,0.16666666666666666,0
LGS2ORD0038296,C010127,2025-10-31 06:00:00,Female,57,Bronze,Web,Songkhla,405,Web,Credit_Card,6,10,4,0,>50,13.5,5.0,2.0,0.4,5,18,2199.436,0.28,0.8,0.6,0.0,0.0,0,0,0.0,1464.05,1,1,1.0,7715.45,3,2,0.6666666666666666,10997.18,5,2,0.4,0
LGS2ORD0038297,C011021,2025-10-31 07:00:00,Male,64,Bronze,TV,Bangkok,1638,Web,PromptPay,7,10,4,0,>50,54.6,5.0,0.0,0.0,-1,178,1927.9419999999998,0.28,0.6,0.2,0.0,0.0,0,0,0.0,0.0,0,0,0.0,0.0,0,0,0.0,9639.71,5,0,0.0,0
LGS2ORD0038298,C014354,2025-10-31 07:00:00,Male,46,Gold,Lazada,Khon Kaen,1347,Shopee,Credit_Card,7,10,4,0,40-50,44.9,1.0,0.0,0.0,-1,217,1012.95,0.28,0.0,1.0,0.0,0.0,0,0,0.0,0.0,0,0,0.0,0.0,0,0,0.0,1012.95,1,0,0.0,0
LGS2ORD0038299,C010787,2025-10-31 07:00:00,Female,51,Gold,CallCenter,Songkhla,491,Shopee,COD,7,10,4,0,>50,16.366666666666667,3.0,2.0,0.6666666666666666,45,50,1189.2266666666667,0.28,0.0,0.6666666666666666,0.0,0.0,0,0,0.0,0.0,0,0,0.0,1209.54,1,1,1.0,3567.68,3,2,0.6666666666666666,0
LGS2ORD0038300,C013135,2025-10-31 07:00:00,Female,48,Platinum,Shopee,Phuket,886,TV_Show,COD,7,10,4,0,40-50,29.533333333333335,2.0,0.0,0.0,-1,230,3832.48,0.2,0.5,0.0,0.0,0.0,0,0,0.0,0.0,0,0,0.0,0.0,0,0,0.0,7664.96,2,0,0.0,1
LGS2ORD0038301,C017421,2025-10-31 07:00:00,Female,49,Gold,CallCenter,Bangkok,452,Lazada,Credit_Card,7,10,4,0,40-50,15.066666666666666,1.0,1.0,1.0,245,252,3196.44,0.18,1.0,0.0,0.0,0.0,0,0,0.0,0.0,0,0,0.0,0.0,0,0,0.0,3196.44,1,1,1.0,0
LGS2ORD0038302,C012244,2025-10-31 08:00:00,Female,34,Silver,TV,Bangkok,1020,TV_Show,PromptPay,8,10,4,0,30-40,34.0,3.0,1.0,0.3333333333333333,62,69,8082.313333333333,0.2,0.6666666666666666,0.0,0.0,0.0,0,0,0.0,0.0,0,0,0.0,8545.64,2,1,0.5,24246.94,3,1,0.3333333333333333,0
LGS2ORD0038303,C010590,2025-10-31 08:00:00,Male,32,Silver,Web,Chiang Mai,1581,TV_Show,PromptPay,8,10,4,0,30-40,52.7,3.0,1.0,0.3333333333333333,6,19,3416.5533333333333,0.2,0.3333333333333333,0.0,0.0,0.0,0,0,0.0,3517.37,1,1,1.0,3517.37,1,1,1.0,10249.66,3,1,0.3333333333333333,0
LGS2ORD0038304,C017567,2025-10-31 08:00:00,Male,55,Bronze,TV,Bangkok,709,Web,Credit_Card,8,10,4,0,>50,23.633333333333333,7.0,3.0,0.42857142857142855,30,38,3678.0885714285714,0.28,0.7142857142857143,0.2857142857142857,0.0,0.0,0,0,0.0,0.0,0,0,0.0,12810.68,2,2,1.0,25746.62,7,3,0.42857142857142855,0
LGS2ORD0038305,C017916,2025-10-31 08:00:00,Male,40,Gold,Shopee,Chonburi,1749,Shopee,COD,8,10,4,0,30-40,58.3,3.0,0.0,0.0,-1,14,6021.303333333333,0.33,0.3333333333333333,0.6666666666666666,0.0,0.0,0,0,0.0,1437.46,1,0,0.0,13907.25,2,0,0.0,18063.91,3,0,0.0,1
LGS2ORD0038306,C016093,2025-10-31 08:00:00,Male,58,Bronze,CallCenter,Bangkok,484,CallCenter,COD,8,10,4,0,>50,16.133333333333333,9.0,3.0,0.3333333333333333,105,97,7897.301111111112,0.28,0.5555555555555556,0.3333333333333333,0.0,0.0,0,0,0.0,0.0,0,0,0.0,0.0,0,0,0.0,71075.71,9,3,0.3333333333333333,0
LGS2ORD0038307,C011203,2025-10-31 09:00:00,Female,46,Bronze,TV,Songkhla,1473,CallCenter,COD,9,10,4,0,40-50,49.1,4.0,3.0,0.75,143,155,3235.5725,0.23,0.75,0.25,0.0,0.0,0,0,0.0,0.0,0,0,0.0,0.0,0,0,0.0,12942.29,4,3,0.75,0
LGS2ORD0038308,C017469,2025-10-31 09:00:00,Female,31,Silver,Shopee,Phuket,717,CallCenter,COD,9,10,4,0,30-40,23.9,3.0,0.0,0.0,-1,17,10363.016666666666,0.3,0.3333333333333333,0.3333333333333333,0.0,0.0,0,0,0.0,1191.09,1,0,0.0,1191.09,1,0,0.0,31089.05,3,0,0.0,1
LGS2ORD0038309,C014740,2025-10-31 09:00:00,Female,43,Bronze,CallCenter,Khon Kaen,744,Web,COD,9,10,4,0,40-50,24.8,8.0,1.0,0.125,174,26,3796.8575,0.23,0.625,0.375,0.0,0.0,0,0,0.0,423.57,1,0,0.0,1163.96,2,0,0.0,30374.86,8,1,0.125,0
LGS2ORD0038310,C017924,2025-10-31 09:00:00,Male,39,Gold,Shopee,Chiang Mai,433,CallCenter,Bank_Transfer,9,10,4,0,30-40,14.433333333333334,11.0,3.0,0.2727272727272727,9,26,5585.817272727273,0.33,0.45454545454545453,0.36363636363636365,0.0,0.0,0,0,0.0,13831.34,1,1,1.0,30296.76,4,2,0.5,61443.990000000005,11,3,0.2727272727272727,0
LGS2ORD0038311,C011208,2025-10-31 09:00:00,Female,56,Bronze,TV,Chonburi,516,Lazada,Credit_Card,9,10,4,0,>50,17.2,5.0,1.0,0.2,43,49,12808.462,0.23,0.6,0.4,0.0,0.0,0,0,0.0,0.0,0,0,0.0,15968.87,2,1,0.5,64042.31,5,1,0.2,0
LGS2ORD0038312,C013155,2025-10-31 10:00:00,Female,72,Silver,Lazada,Khon Kaen,496,TV_Show,PromptPay,10,10,4,0,>50,16.533333333333335,7.0,3.0,0.42857142857142855,118,8,3857.9514285714286,0.3,0.2857142857142857,0.5714285714285714,0.0,0.0,0,0,0.0,1984.72,1,0,0.0,1984.72,1,0,0.0,27005.66,7,3,0.42857142857142855,0
LGS2ORD0038313,C014705,2025-10-31 10:00:00,Male,32,Platinum,Lazada,Bangkok,1750,Shopee,COD,10,10,4,0,30-40,58.333333333333336,4.0,0.0,0.0,-1,0,7440.1775,0.3,0.25,0.5,0.0,9703.06,1,0,0.0,9703.06,1,0,0.0,9703.06,1,0,0.0,29760.71,4,0,0.0,0
LGS2ORD0038314,C014353,2025-10-31 10:00:00,Male,41,Silver,TV,Songkhla,898,CallCenter,Credit_Card,10,10,4,0,40-50,29.933333333333334,3.0,2.0,0.6666666666666666,125,131,2801.35,0.25,1.0,0.3333333333333333,0.0,0.0,0,0,0.0,0.0,0,0,0.0,0.0,0,0,0.0,8404.05,3,2,0.6666666666666666,0
LGS2ORD0038315,C017758,2025-10-31 10:00:00,Other,33,Gold,Web,Bangkok,1064,TV_Show,COD,10,10,4,0,30-40,35.46666666666667,7.0,2.0,0.2857142857142857,7,20,3928.8971428571426,0.2299999999999999,0.42857142857142855,0.14285714285714285,0.0,0.0,0,0,0.0,2070.21,1,1,1.0,4133.24,2,2,1.0,27502.28,7,2,0.2857142857142857,0
LGS2ORD0038316,C015814,2025-10-31 10:00:00,Male,30,Bronze,Lazada,Phuket,1349,Web,COD,10,10,4,0,20-30,44.96666666666667,3.0,0.0,0.0,-1,212,5409.6033333333335,0.28,0.6666666666666666,0.3333333333333333,0.0,0.0,0,0,0.0,0.0,0,0,0.0,0.0,0,0,0.0,16228.810000000001,3,0,0.0,0
LGS2ORD0038317,C017860,2025-10-31 10:00:00,Male,48,Bronze,Shopee,Chiang Mai,1225,Web,COD,10,10,4,0,40-50,40.833333333333336,7.0,0.0,0.0,-1,2,7701.741428571428,0.28,0.2857142857142857,0.42857142857142855,0.0,2672.74,2,0,0.0,16356.59,4,0,0.0,40325.02,5,0,0.0,53912.189999999995,7,0,0.0,1
LGS2ORD0038318,C017879,2025-10-31 11:00:00,Female,39,Bronze,Shopee,Chiang Mai,551,Web,COD,11,10,4,0,30-40,18.366666666666667,5.0,0.0,0.0,-1,27,5115.576,0.23,0.4,0.2,0.0,0.0,0,0,0.0,1952.53,1,0,0.0,9964.0,3,0,0.0,25577.88,5,0,0.0,0
LGS2ORD0038319,C014013,2025-10-31 11:00:00,Female,23,Bronze,Lazada,Chonburi,491,Lazada,COD,11,10,4,0,20-30,16.366666666666667,1.0,0.0,0.0,-1,45,3927.68,0.08,0.0,0.0,0.0,0.0,0,0,0.0,0.0,0,0,0.0,3927.68,1,0,0.0,3927.68,1,0,0.0,0
LGS2ORD0038320,C015128,2025-10-31 11:00:00,Female,33,Gold,Web,Chonburi,814,Web,Credit_Card,11,10,4,0,30-40,27.133333333333333,4.0,1.0,0.25,235,5,9763.5375,0.28,0.25,0.25,0.0,14786.88,1,0,0.0,14786.88,1,0,0.0,15343.039999999999,2,0,0.0,39054.15,4,1,0.25,0
LGS2ORD0038321,C011691,2025-10-31 11:00:00,Male,47,Silver,Lazada,Nakhon Ratchasima,931,Shopee,COD,11,10,4,0,40-50,31.033333333333335,4.0,1.0,0.25,4,12,5839.6975,0.3,0.5,0.5,0.0,0.0,0,0,0.0,13537.58,2,1,0.5,13537.58,2,1,0.5,23358.79,4,1,0.25,0
LGS2ORD0038322,C016492,2025-10-31 11:00:00,Female,44,Silver,Web,Bangkok,1473,Web,COD,11,10,4,0,40-50,49.1,7.0,2.0,0.2857142857142857,16,27,2207.9314285714286,0.3,0.5714285714285714,0.42857142857142855,0.0,0.0,0,0,0.0,1553.56,1,1,1.0,1553.56,1,1,1.0,15455.519999999999,7,2,0.2857142857142857,0
LGS2ORD0038323,C015776,2025-10-31 12:00:00,Female,56,Bronze,Shopee,Songkhla,1241,TV_Show,Credit_Card,12,10,4,0,>50,41.36666666666667,5.0,3.0,0.6,61,71,6617.520000000001,0.28,0.8,0.4,0.0,0.0,0,0,0.0,0.0,0,0,0.0,18850.37,2,1,0.5,33087.600000000006,5,3,0.6,0
LGS2ORD0038324,C015497,2025-10-31 12:00:00,Male,55,Silver,Lazada,Nakhon Ratchasima,646,CallCenter,COD,12,10,4,0,>50,21.533333333333335,5.0,1.0,0.2,270,93,3894.946,0.3,0.8,0.4,0.0,0.0,0,0,0.0,0.0,0,0,0.0,0.0,0,0,0.0,19474.73,5,1,0.2,1
LGS2ORD0038325,C015405,2025-10-31 12:00:00,Female,46,Platinum,Lazada,Bangkok,1279,TV_Show,COD,12,10,4,0,40-50,42.63333333333333,3.0,0.0,0.0,-1,18,2736.8333333333335,0.3,1.0,0.6666666666666666,0.0,0.0,0,0,0.0,726.73,1,0,0.0,726.73,1,0,0.0,8210.5,3,0,0.0,1
LGS2ORD0038326,C011087,2025-10-31 12:00:00,Female,50,Bronze,TV,Bangkok,1126,TV_Show,Credit_Card,12,10,4,0,40-50,37.53333333333333,6.0,0.0,0.0,-1,40,4736.106666666667,0.28,0.3333333333333333,0.3333333333333333,0.0,0.0,0,0,0.0,0.0,0,0,0.0,12952.65,2,0,0.0,28416.64,6,0,0.0,0
LGS2ORD0038327,C010968,2025-10-31 12:00:00,Female,50,Bronze,CallCenter,Phuket,945,Shopee,COD,12,10,4,0,40-50,31.5,13.0,5.0,0.38461538461538464,2,11,5429.837692307692,0.28,0.6153846153846154,0.15384615384615385,0.0,0.0,0,0,0.0,27013.09,4,3,0.75,42031.75,7,4,0.5714285714285714,70587.89,13,5,0.38461538461538464,0
LGS2ORD0038328,C012877,2025-10-31 13:00:00,Male,31,Silver,Shopee,Phuket,406,TV_Show,PromptPay,13,10,4,0,30-40,13.533333333333333,6.0,1.0,0.16666666666666666,98,11,2786.4249999999997,0.3,0.5,0.3333333333333333,0.0,0.0,0,0,0.0,12747.509999999998,2,0,0.0,12747.509999999998,2,0,0.0,16718.55,6,1,0.16666666666666666,0
LGS2ORD0038329,C014947,2025-10-31 13:00:00,Female,44,Bronze,Lazada,Chonburi,969,TV_Show,COD,13,10,4,0,40-50,32.3,5.0,1.0,0.2,276,13,5794.846,0.28,0.4,0.4,0.0,0.0,0,0,0.0,22135.91,1,0,0.0,26447.38,2,0,0.0,28974.23,5,1,0.2,1
LGS2ORD0038330,C011225,2025-10-31 13:00:00,Female,34,Silver,Web,Chonburi,439,Lazada,PromptPay,13,10,4,0,30-40,14.633333333333333,6.0,2.0,0.3333333333333333,84,91,8620.413333333334,0.3,0.6666666666666666,0.5,0.0,0.0,0,0,0.0,0.0,0,0,0.0,0.0,0,0,0.0,51722.48,6,2,0.3333333333333333,0
LGS2ORD0038331,C016490,2025-10-31 13:00:00,Female,33,Bronze,Web,Nakhon Ratchasima,662,Shopee,Credit_Card,13,10,4,0,30-40,22.066666666666666,3.0,0.0,0.0,-1,130,16029.466666666669,0.23,0.0,0.3333333333333333,0.0,0.0,0,0,0.0,0.0,0,0,0.0,0.0,0,0,0.0,48088.40000000001,3,0,0.0,0
LGS2ORD0038332,C013168,2025-10-31 13:00:00,Female,37,Platinum,Lazada,Khon Kaen,868,Shopee,PromptPay,13,10,4,0,30-40,28.933333333333334,5.0,0.0,0.0,-1,71,4694.772,0.25,0.0,0.6,0.2,0.0,0,0,0.0,0.0,0,0,0.0,925.2,1,0,0.0,23473.86,5,0,0.0,0
LGS2ORD0038333,C011705,2025-10-31 14:00:00,Male,46,Gold,TV,Bangkok,1133,CallCenter,PromptPay,14,10,4,0,40-50,37.766666666666666,3.0,1.0,0.3333333333333333,40,46,5516.176666666666,0.2299999999999999,0.0,0.3333333333333333,0.0,0.0,0,0,0.0,0.0,0,0,0.0,4520.92,2,1,0.5,16548.53,3,1,0.3333333333333333,0
LGS2ORD0038334,C017716,2025-10-31 14:00:00,Female,30,Platinum,Web,Bangkok,1025,TV_Show,PromptPay,14,10,4,0,20-30,34.166666666666664,3.0,0.0,0.0,-1,128,2198.77,0.15,1.0,0.0,0.0,0.0,0,0,0.0,0.0,0,0,0.0,0.0,0,0,0.0,6596.3099999999995,3,0,0.0,0
LGS2ORD0038335,C012265,2025-10-31 14:00:00,Female,58,Gold,Lazada,Bangkok,1019,Shopee,Credit_Card,14,10,4,0,>50,33.96666666666667,1.0,0.0,0.0,-1,35,17254.04,0.28,0.0,1.0,0.0,0.0,0,0,0.0,0.0,0,0,0.0,17254.04,1,0,0.0,17254.04,1,0,0.0,0
LGS2ORD0038336,C011002,2025-10-31 14:00:00,Female,53,Gold,TV,Remote_Area,1250,Lazada,PromptPay,14,10,4,0,>50,41.666666666666664,8.0,3.0,0.375,151,51,2625.57375,0.33,0.5,0.5,0.0,0.0,0,0,0.0,0.0,0,0,0.0,3994.1099999999997,2,0,0.0,21004.59,8,3,0.375,0
LGS2ORD0038337,C010480,2025-10-31 14:00:00,Female,39,Bronze,Web,Nakhon Ratchasima,1468,Web,Credit_Card,14,10,4,0,30-40,48.93333333333333,0.0,0.0,0.0,-1,-1,0.0,0.0,0.0,0.0,0.0,0.0,0,0,0.0,0.0,0,0,0.0,0.0,0,0,0.0,0.0,0,0,0.0,0
LGS2ORD0038338,C011370,2025-10-31 14:00:00,Female,45,Gold,Shopee,Bangkok,1263,Web,COD,14,10,4,0,40-50,42.1,4.0,1.0,0.25,181,41,2764.7225,0.33,1.0,0.75,0.0,0.0,0,0,0.0,0.0,0,0,0.0,3030.84,1,0,0.0,11058.89,4,1,0.25,1
LGS2ORD0038339,C015402,2025-10-31 15:00:00,Male,68,Gold,Shopee,Chonburi,1301,Lazada,Bank_Transfer,15,10,4,0,>50,43.36666666666667,3.0,0.0,0.0,-1,33,2257.8533333333335,0.2299999999999999,0.3333333333333333,0.3333333333333333,0.0,0.0,0,0,0.0,0.0,0,0,0.0,1421.97,1,0,0.0,6773.56,3,0,0.0,0
LGS2ORD0038340,C013736,2025-10-31 15:00:00,Female,48,Silver,Lazada,Khon Kaen,653,CallCenter,Credit_Card,15,10,4,0,40-50,21.766666666666666,6.0,3.0,0.5,46,54,4584.363333333334,0.2,1.0,0.0,0.0,0.0,0,0,0.0,0.0,0,0,0.0,20244.73,3,2,0.6666666666666666,27506.18,6,3,0.5,0
LGS2ORD0038341,C012933,2025-10-31 15:00:00,Female,40,Bronze,Shopee,Phuket,478,TV_Show,COD,15,10,4,0,30-40,15.933333333333334,6.0,2.0,0.3333333333333333,50,63,10134.315,0.28,0.6666666666666666,0.3333333333333333,0.0,0.0,0,0,0.0,0.0,0,0,0.0,3429.98,1,1,1.0,60805.89000000001,6,2,0.3333333333333333,1
LGS2ORD0038342,C015632,2025-10-31 15:00:00,Female,43,Bronze,Web,Bangkok,450,Web,Bank_Transfer,15,10,4,0,40-50,15.0,6.0,3.0,0.5,56,67,6765.2283333333335,0.28,0.3333333333333333,0.5,0.0,0.0,0,0,0.0,0.0,0,0,0.0,3841.01,1,1,1.0,40591.37,6,3,0.5,0
LGS2ORD0038343,C012388,2025-10-31 15:00:00,Male,43,Bronze,Shopee,Phuket,652,TV_Show,COD,15,10,4,0,40-50,21.733333333333334,7.0,1.0,0.14285714285714285,228,45,9920.910000000002,0.18,0.42857142857142855,0.0,0.0,0.0,0,0,0.0,0.0,0,0,0.0,4140.17,1,0,0.0,69446.37000000001,7,1,0.14285714285714285,1
LGS2ORD0038344,C015377,2025-10-31 16:00:00,Female,36,Silver,Shopee,Songkhla,336,TV_Show,COD,16,10,4,0,30-40,11.2,4.0,3.0,0.75,7,21,4792.6375,0.25,0.25,0.25,0.0,0.0,0,0,0.0,9459.41,1,1,1.0,9459.41,1,1,1.0,19170.55,4,3,0.75,0
LGS2ORD0038345,C015971,2025-10-31 16:00:00,Male,18,Silver,Web,Bangkok,1189,Shopee,COD,16,10,4,0,<20,39.63333333333333,5.0,1.0,0.2,2,9,885.8,0.25,0.6,0.6,0.0,0.0,0,0,0.0,644.12,1,1,1.0,2065.54,3,1,0.3333333333333333,4429.0,5,1,0.2,0
LGS2ORD0038346,C014383,2025-10-31 16:00:00,Male,32,Silver,CallCenter,Chiang Mai,484,Shopee,PromptPay,16,10,4,0,30-40,16.133333333333333,9.0,3.0,0.3333333333333333,91,16,5184.873333333333,0.3,0.3333333333333333,0.1111111111111111,0.0,0.0,0,0,0.0,2041.02,1,0,0.0,12385.740000000002,3,0,0.0,46663.85999999999,9,3,0.3333333333333333,0
LGS2ORD0038347,C011299,2025-10-31 16:00:00,Male,43,Bronze,TV,Bangkok,1367,Web,COD,16,10,4,0,40-50,45.56666666666667,7.0,1.0,0.14285714285714285,118,5,4409.801428571429,0.28,0.5714285714285714,0.5714285714285714,0.0,8241.22,1,0,0.0,8241.22,1,0,0.0,14106.79,3,0,0.0,30868.61,7,1,0.14285714285714285,0
LGS2ORD0038348,C014676,2025-10-31 16:00:00,Female,43,Bronze,TV,Nakhon Ratchasima,661,Shopee,COD,16,10,4,0,40-50,22.033333333333335,6.0,2.0,0.3333333333333333,91,101,5282.29,0.23,0.6666666666666666,0.16666666666666666,0.0,0.0,0,0,0.0,0.0,0,0,0.0,0.0,0,0,0.0,31693.739999999998,6,2,0.3333333333333333,0
LGS2ORD0038349,C015527,2025-10-31 17:00:00,Male,58,Bronze,Lazada,Bangkok,488,CallCenter,COD,17,10,4,0,>50,16.266666666666666,5.0,1.0,0.2,72,50,6446.048,0.28,0.4,0.2,0.0,0.0,0,0,0.0,0.0,0,0,0.0,30567.510000000002,3,1,0.3333333333333333,32230.239999999998,5,1,0.2,0
LGS2ORD0038350,C011022,2025-10-31 17:00:00,Female,42,Bronze,Web,Chonburi,1722,TV_Show,Bank_Transfer,17,10,4,0,40-50,57.4,2.0,1.0,0.5,13,18,5924.429999999999,0.23,0.5,0.5,0.0,0.0,0,0,0.0,11848.859999999999,2,1,0.5,11848.859999999999,2,1,0.5,11848.859999999999,2,1,0.5,0
LGS2ORD0038351,C012460,2025-10-31 17:00:00,Male,40,Platinum,TV,Bangkok,949,CallCenter,PromptPay,17,10,4,0,30-40,31.633333333333333,5.0,1.0,0.2,165,59,11437.376,0.25,0.6,0.2,0.0,0.0,0,0,0.0,0.0,0,0,0.0,23858.54,2,0,0.0,57186.88,5,1,0.2,0
LGS2ORD0038352,C016044,2025-10-31 17:00:00,Female,45,Gold,Web,Chonburi,781,Shopee,Credit_Card,17,10,4,0,40-50,26.033333333333335,0.0,0.0,0.0,-1,-1,0.0,0.0,0.0,0.0,0.0,0.0,0,0,0.0,0.0,0,0,0.0,0.0,0,0,0.0,0.0,0,0,0.0,0
LGS2ORD0038353,C012081,2025-10-31 17:00:00,Male,62,Bronze,Web,Phuket,1663,Shopee,Credit_Card,17,10,4,0,>50,55.43333333333333,3.0,0.0,0.0,-1,24,4180.400000000001,0.23,0.6666666666666666,0.6666666666666666,0.0,0.0,0,0,0.0,4060.51,1,0,0.0,10758.52,2,0,0.0,12541.2,3,0,0.0,0
LGS2ORD0038354,C013590,2025-10-31 18:00:00,Female,30,Bronze,Web,Bangkok,736,TV_Show,Credit_Card,18,10,4,0,20-30,24.533333333333335,4.0,1.0,0.25,34,43,2385.4925,0.28,0.5,0.5,0.0,0.0,0,0,0.0,0.0,0,0,0.0,3987.89,3,1,0.3333333333333333,9541.97,4,1,0.25,0
LGS2ORD0038355,C017886,2025-10-31 18:00:00,Female,54,Silver,TV,Chiang Mai,707,CallCenter,PromptPay,18,10,4,0,>50,23.566666666666666,10.0,3.0,0.3,46,19,5049.387000000001,0.3,0.7,0.3,0.0,0.0,0,0,0.0,2118.76,1,0,0.0,7560.97,3,1,0.3333333333333333,50493.87,10,3,0.3,0
LGS2ORD0038356,C017857,2025-10-31 18:00:00,Male,51,Silver,TV,Chiang Mai,1035,Web,Credit_Card,18,10,4,0,>50,34.5,6.0,2.0,0.3333333333333333,89,48,2771.148333333334,0.2,0.3333333333333333,0.0,0.0,0.0,0,0,0.0,0.0,0,0,0.0,958.15,1,0,0.0,16626.890000000003,6,2,0.3333333333333333,0
LGS2ORD0038357,C010927,2025-10-31 18:00:00,Female,42,Bronze,TV,Chonburi,1410,CallCenter,COD,18,10,4,0,40-50,47.0,4.0,1.0,0.25,83,4,3979.2824999999993,0.23,0.75,0.25,0.0,2015.71,1,0,0.0,2015.71,1,0,0.0,2015.71,1,0,0.0,15917.129999999997,4,1,0.25,1
LGS2ORD0038358,C010143,2025-10-31 18:00:00,Male,37,Silver,CallCenter,Bangkok,1653,Shopee,PromptPay,18,10,4,0,30-40,55.1,7.0,1.0,0.14285714285714285,99,52,5057.415714285714,0.2,0.42857142857142855,0.0,0.0,0.0,0,0,0.0,0.0,0,0,0.0,9211.72,2,0,0.0,35401.909999999996,7,1,0.14285714285714285,0
LGS2ORD0038359,C010962,2025-10-31 18:00:00,Female,39,Bronze,Shopee,Chonburi,1018,Lazada,COD,18,10,4,0,30-40,33.93333333333333,5.0,2.0,0.4,154,49,7331.228,0.28,1.0,0.2,0.0,0.0,0,0,0.0,0.0,0,0,0.0,15610.86,2,0,0.0,36656.14,5,2,0.4,0
LGS2ORD0038360,C010705,2025-10-31 19:00:00,Female,35,Silver,Lazada,Chiang Mai,1111,Shopee,Bank_Transfer,19,10,4,0,30-40,37.03333333333333,1.0,0.0,0.0,-1,231,3458.42,0.25,0.0,1.0,0.0,0.0,0,0,0.0,0.0,0,0,0.0,0.0,0,0,0.0,3458.42,1,0,0.0,1
LGS2ORD0038361,C012835,2025-10-31 19:00:00,Male,56,Bronze,Shopee,Remote_Area,1308,Web,Credit_Card,19,10,4,0,>50,43.6,3.0,1.0,0.3333333333333333,213,149,3306.806666666667,0.23,0.0,1.0,0.0,0.0,0,0,0.0,0.0,0,0,0.0,0.0,0,0,0.0,9920.42,3,1,0.3333333333333333,0
LGS2ORD0038362,C015616,2025-10-31 19:00:00,Female,41,Bronze,Shopee,Phuket,335,TV_Show,Bank_Transfer,19,10,4,0,40-50,11.166666666666666,3.0,1.0,0.3333333333333333,17,26,3835.433333333334,0.08,0.6666666666666666,0.0,0.0,0.0,0,0,0.0,1883.51,1,1,1.0,1883.51,1,1,1.0,11506.300000000001,3,1,0.3333333333333333,0
LGS2ORD0038363,C015897,2025-10-31 19:00:00,Female,41,Bronze,TV,Bangkok,653,Lazada,COD,19,10,4,0,40-50,21.766666666666666,1.0,0.0,0.0,-1,155,11477.66,0.03,1.0,0.0,0.0,0.0,0,0,0.0,0.0,0,0,0.0,0.0,0,0,0.0,11477.66,1,0,0.0,0
LGS2ORD0038364,C015831,2025-10-31 19:00:00,Male,49,Bronze,Shopee,Bangkok,879,Web,COD,19,10,4,0,40-50,29.3,10.0,2.0,0.2,39,7,9852.34,0.18,0.7,0.0,0.0,0.0,0,0,0.0,19635.28,1,0,0.0,54910.799999999996,4,1,0.25,98523.4,10,2,0.2,0
LGS2ORD0038365,C016025,2025-10-31 20:00:00,Male,32,Bronze,TV,Chiang Mai,1234,Shopee,COD,20,10,4,0,30-40,41.13333333333333,4.0,0.0,0.0,-1,94,9297.302500000002,0.13,0.5,0.0,0.0,0.0,0,0,0.0,0.0,0,0,0.0,0.0,0,0,0.0,37189.21000000001,4,0,0.0,1
LGS2ORD0038366,C015291,2025-10-31 20:00:00,Female,32,Platinum,Shopee,Bangkok,1365,TV_Show,Bank_Transfer,20,10,4,0,30-40,45.5,5.0,0.0,0.0,-1,182,4010.5440000000003,0.3,0.8,0.4,0.0,0.0,0,0,0.0,0.0,0,0,0.0,0.0,0,0,0.0,20052.72,5,0,0.0,0
LGS2ORD0038367,C017298,2025-10-31 20:00:00,Female,36,Silver,Lazada,Nakhon Ratchasima,1014,Shopee,COD,20,10,4,0,30-40,33.8,9.0,1.0,0.1111111111111111,186,46,6644.171111111111,0.25,0.8888888888888888,0.2222222222222222,0.0,0.0,0,0,0.0,0.0,0,0,0.0,1106.95,1,0,0.0,59797.53999999999,9,1,0.1111111111111111,0
LGS2ORD0038368,C016748,2025-10-31 20:00:00,Male,29,Silver,Web,Chonburi,894,Shopee,COD,20,10,4,0,20-30,29.8,6.0,0.0,0.0,-1,20,7433.1433333333325,0.25,0.6666666666666666,0.3333333333333333,0.0,0.0,0,0,0.0,332.09,1,0,0.0,35091.759999999995,2,0,0.0,44598.85999999999,6,0,0.0,0
LGS2ORD0038369,C017456,2025-10-31 20:00:00,Female,28,Gold,Web,Chonburi,1088,Web,Bank_Transfer,20,10,4,0,20-30,36.266666666666666,2.0,0.0,0.0,-1,23,7171.455,0.2299999999999999,0.0,1.0,0.0,0.0,0,0,0.0,1733.41,1,0,0.0,1733.41,1,0,0.0,14342.91,2,0,0.0,0
LGS2ORD0038370,C013691,2025-10-31 21:00:00,Male,46,Bronze,Shopee,Songkhla,315,Lazada,COD,21,10,4,0,40-50,10.5,3.0,0.0,0.0,-1,108,3831.723333333333,0.13,0.6666666666666666,0.0,0.0,0.0,0,0,0.0,0.0,0,0,0.0,0.0,0,0,0.0,11495.169999999998,3,0,0.0,0
LGS2ORD0038371,C013427,2025-10-31 21:00:00,Male,53,Bronze,Shopee,Phuket,1673,TV_Show,COD,21,10,4,0,>50,55.766666666666666,6.0,3.0,0.5,101,112,5151.583333333334,0.28,0.6666666666666666,0.3333333333333333,0.0,0.0,0,0,0.0,0.0,0,0,0.0,0.0,0,0,0.0,30909.500000000004,6,3,0.5,1
LGS2ORD0038372,C011318,2025-10-31 21:00:00,Female,45,Gold,Shopee,Bangkok,922,Shopee,COD,21,10,4,0,40-50,30.733333333333334,4.0,2.0,0.5,163,20,4259.6475,0.33,0.25,0.25,0.0,0.0,0,0,0.0,14404.81,2,0,0.0,14404.81,2,0,0.0,17038.59,4,2,0.5,0
LGS2ORD0038373,C011885,2025-10-31 21:00:00,Male,49,Silver,Shopee,Khon Kaen,355,Shopee,COD,21,10,4,0,40-50,11.833333333333334,3.0,0.0,0.0,-1,146,3579.1433333333334,0.25,0.3333333333333333,0.6666666666666666,0.0,0.0,0,0,0.0,0.0,0,0,0.0,0.0,0,0,0.0,10737.43,3,0,0.0,0
LGS2ORD0038374,C016646,2025-10-31 21:00:00,Male,38,Bronze,TV,Chiang Mai,601,TV_Show,Bank_Transfer,21,10,4,0,30-40,20.033333333333335,15.0,4.0,0.26666666666666666,9,19,7838.200000000001,0.28,0.5333333333333333,0.13333333333333333,0.06666666666666667,0.0,0,0,0.0,13358.08,3,1,0.3333333333333333,79928.1,7,2,0.2857142857142857,117573.00000000001,15,4,0.26666666666666666,0
LGS2ORD0038375,C011012,2025-10-31 22:00:00,Male,44,Bronze,Web,Bangkok,693,Lazada,COD,22,10,4,0,40-50,23.1,4.0,1.0,0.25,123,52,5148.3099999999995,0.18,0.5,0.0,0.0,0.0,0,0,0.0,0.0,0,0,0.0,1854.66,1,0,0.0,20593.239999999998,4,1,0.25,0
LGS2ORD0038376,C017032,2025-10-31 22:00:00,Female,36,Bronze,CallCenter,Nakhon Ratchasima,967,TV_Show,COD,22,10,4,0,30-40,32.233333333333334,9.0,3.0,0.3333333333333333,53,20,6652.485555555556,0.28,0.8888888888888888,0.3333333333333333,0.0,0.0,0,0,0.0,778.23,1,0,0.0,34886.93,3,1,0.3333333333333333,59872.37,9,3,0.3333333333333333,0
LGS2ORD0038377,C012239,2025-10-31 22:00:00,Male,47,Silver,Shopee,Remote_Area,1764,Web,COD,22,10,4,0,40-50,58.8,11.0,4.0,0.36363636363636365,34,25,4593.0654545454545,0.3,0.6363636363636364,0.2727272727272727,0.0,0.0,0,0,0.0,2182.64,1,0,0.0,21507.57,4,1,0.25,50523.72,11,4,0.36363636363636365,1
LGS2ORD0038378,C016474,2025-10-31 22:00:00,Male,40,Bronze,TV,Khon Kaen,1191,TV_Show,COD,22,10,4,0,30-40,39.7,7.0,1.0,0.14285714285714285,154,78,6094.594285714286,0.28,0.5714285714285714,0.14285714285714285,0.0,0.0,0,0,0.0,0.0,0,0,0.0,3051.43,1,0,0.0,42662.16,7,1,0.14285714285714285,0
LGS2ORD0038379,C012282,2025-10-31 22:00:00,Female,20,Silver,TV,Phuket,1070,Web,COD,22,10,4,0,<20,35.666666666666664,7.0,2.0,0.2857142857142857,146,143,3364.1928571428575,0.3,0.7142857142857143,0.14285714285714285,0.0,0.0,0,0,0.0,0.0,0,0,0.0,0.0,0,0,0.0,23549.350000000002,7,2,0.2857142857142857,1
LGS2ORD0038380,C013524,2025-10-31 22:00:00,Other,29,Gold,TV,Phuket,733,TV_Show,PromptPay,22,10,4,0,20-30,24.433333333333334,3.0,0.0,0.0,-1,73,3133.6200000000003,0.08,0.6666666666666666,0.0,0.0,0.0,0,0,0.0,0.0,0,0,0.0,8895.78,2,0,0.0,9400.86,3,0,0.0,0
LGS2ORD0038381,C013459,2025-10-31 23:00:00,Female,56,Bronze,TV,Remote_Area,1012,Web,Credit_Card,23,10,4,0,>50,33.733333333333334,2.0,1.0,0.5,188,8,1567.97,0.28,0.5,0.5,0.0,0.0,0,0,0.0,1105.25,1,0,0.0,1105.25,1,0,0.0,3135.94,2,1,0.5,0
LGS2ORD0038382,C017856,2025-10-31 23:00:00,Female,48,Bronze,Web,Bangkok,525,Shopee,COD,23,10,4,0,40-50,17.5,7.0,2.0,0.2857142857142857,227,1,3128.6400000000003,0.28,0.7142857142857143,0.42857142857142855,0.0,2258.74,1,0,0.0,3321.67,2,0,0.0,4384.9,3,0,0.0,21900.480000000003,7,2,0.2857142857142857,1
LGS2ORD0038383,C013576,2025-10-31 23:00:00,Male,57,Platinum,Web,Chonburi,384,Web,Credit_Card,23,10,4,0,>50,12.8,3.0,0.0,0.0,-1,40,4593.483333333334,0.35,0.3333333333333333,0.6666666666666666,0.0,0.0,0,0,0.0,0.0,0,0,0.0,987.79,1,0,0.0,13780.45,3,0,0.0,0
LGS2ORD0038384,C013486,2025-10-31 23:00:00,Male,61,Bronze,TV,Bangkok,632,Shopee,Credit_Card,23,10,4,0,>50,21.066666666666666,3.0,1.0,0.3333333333333333,49,7,4507.883333333333,0.18,1.0,0.0,0.0,0.0,0,0,0.0,4251.07,1,0,0.0,10895.599999999999,2,1,0.5,13523.65,3,1,0.3333333333333333,0
LGS2ORD0038385,C011319,2025-10-31 23:00:00,Male,45,Silver,Shopee,Khon Kaen,1168,Web,PromptPay,23,10,4,0,40-50,38.93333333333333,2.0,1.0,0.5,275,157,8797.235,0.15,0.5,0.0,0.0,0.0,0,0,0.0,0.0,0,0,0.0,0.0,0,0,0.0,17594.47,2,1,0.5,0
LGS2ORD0038386,C016027,2025-11-01 00:00:00,Male,34,Gold,Web,Bangkok,1531,Lazada,Credit_Card,0,11,5,1,30-40,51.03333333333333,9.0,1.0,0.1111111111111111,285,1,9657.492222222221,0.28,0.7777777777777778,0.6666666666666666,0.0,18665.35,1,0,0.0,26846.64,3,0,0.0,26846.64,3,0,0.0,86917.43,9,1,0.1111111111111111,0
LGS2ORD0038387,C012820,2025-11-01 00:00:00,Female,49,Silver,TV,Remote_Area,1748,Shopee,COD,0,11,5,1,40-50,58.266666666666666,8.0,3.0,0.375,26,7,3834.7325,0.3,0.375,0.25,0.0,0.0,0,0,0.0,605.89,1,0,0.0,14582.43,4,1,0.25,30677.86,8,3,0.375,0
LGS2ORD0038388,C014014,2025-11-01 00:00:00,Female,34,Bronze,Lazada,Chonburi,1033,Web,COD,0,11,5,1,30-40,34.43333333333333,0.0,0.0,0.0,-1,-1,0.0,0.0,0.0,0.0,0.0,0.0,0,0,0.0,0.0,0,0,0.0,0.0,0,0,0.0,0.0,0,0,0.0,0
LGS2ORD0038389,C017242,2025-11-01 00:00:00,Female,39,Gold,CallCenter,Chonburi,1408,Web,Credit_Card,0,11,5,1,30-40,46.93333333333333,3.0,1.0,0.3333333333333333,263,43,2600.853333333333,0.28,0.6666666666666666,0.3333333333333333,0.0,0.0,0,0,0.0,0.0,0,0,0.0,1753.78,1,0,0.0,7802.5599999999995,3,1,0.3333333333333333,0
LGS2ORD0038390,C013029,2025-11-01 00:00:00,Male,44,Platinum,Lazada,Bangkok,475,Shopee,Credit_Card,0,11,5,1,40-50,15.833333333333334,2.0,0.0,0.0,-1,69,5295.145,0.3,0.5,0.5,0.0,0.0,0,0,0.0,0.0,0,0,0.0,4999.28,1,0,0.0,10590.29,2,0,0.0,0
LGS2ORD0038391,C014593,2025-11-01 01:00:00,Male,38,Bronze,TV,Chiang Mai,1690,Web,COD,1,11,5,1,30-40,56.333333333333336,8.0,0.0,0.0,-1,22,6157.6025,0.28,0.5,0.125,0.0,0.0,0,0,0.0,3725.34,1,0,0.0,3725.34,1,0,0.0,49260.82,8,0,0.0,0
LGS2ORD0038392,C010688,2025-11-01 01:00:00,Male,58,Gold,CallCenter,Bangkok,380,Shopee,PromptPay,1,11,5,1,>50,12.666666666666666,2.0,1.0,0.5,-5,5,4225.09,0.28,0.0,1.0,0.0,1778.54,1,1,1.0,1778.54,1,1,1.0,1778.54,1,1,1.0,8450.18,2,1,0.5,0
LGS2ORD0038393,C015987,2025-11-01 01:00:00,Female,61,Bronze,Web,Phuket,691,Lazada,COD,1,11,5,1,>50,23.033333333333335,3.0,1.0,0.3333333333333333,89,100,5828.893333333333,0.28,0.6666666666666666,0.3333333333333333,0.0,0.0,0,0,0.0,0.0,0,0,0.0,0.0,0,0,0.0,17486.68,3,1,0.3333333333333333,0
LGS2ORD0038394,C012079,2025-11-01 01:00:00,Female,39,Silver,Lazada,Remote_Area,443,Shopee,PromptPay,1,11,5,1,30-40,14.766666666666667,5.0,2.0,0.4,140,131,3704.4600000000005,0.25,0.4,0.4,0.0,0.0,0,0,0.0,0.0,0,0,0.0,0.0,0,0,0.0,18522.300000000003,5,2,0.4,0
LGS2ORD0038395,C011597,2025-11-01 01:00:00,Female,50,Bronze,Web,Khon Kaen,1667,Web,Bank_Transfer,1,11,5,1,40-50,55.56666666666667,7.0,2.0,0.2857142857142857,19,36,3195.1985714285715,0.23,0.42857142857142855,0.14285714285714285,0.0,0.0,0,0,0.0,0.0,0,0,0.0,4839.91,1,1,1.0,22366.39,7,2,0.2857142857142857,0
LGS2ORD0038396,C015846,2025-11-01 01:00:00,Male,42,Bronze,TV,Songkhla,1731,Lazada,Credit_Card,1,11,5,1,40-50,57.7,8.0,3.0,0.375,18,12,3358.2375,0.28,0.25,0.5,0.0,0.0,0,0,0.0,7801.2,3,1,0.3333333333333333,8878.7,4,1,0.25,26865.9,8,3,0.375,0
LGS2ORD0038397,C017927,2025-11-01 02:00:00,Male,46,Bronze,Lazada,Bangkok,1040,Web,COD,2,11,5,1,40-50,34.666666666666664,4.0,2.0,0.5,85,98,5967.9325,0.23,0.25,0.25,0.0,0.0,0,0,0.0,0.0,0,0,0.0,0.0,0,0,0.0,23871.73,4,2,0.5,1
LGS2ORD0038398,C012305,2025-11-01 02:00:00,Female,43,Gold,Web,Khon Kaen,1699,Lazada,PromptPay,2,11,5,1,40-50,56.63333333333333,7.0,1.0,0.14285714285714285,50,64,7044.429999999999,0.33,0.8571428571428571,0.5714285714285714,0.14285714285714285,0.0,0,0,0.0,0.0,0,0,0.0,21875.23,1,1,1.0,49311.009999999995,7,1,0.14285714285714285,0
LGS2ORD0038399,C016478,2025-11-01 02:00:00,Female,18,Gold,Lazada,Khon Kaen,1629,CallCenter,COD,2,11,5,1,<20,54.3,5.0,1.0,0.2,123,7,13784.026000000002,0.28,0.2,0.4,0.0,0.0,0,0,0.0,4802.6,1,0,0.0,4802.6,1,0,0.0,68920.13,5,1,0.2,0
LGS2ORD0038400,C016409,2025-11-01 02:00:00,Male,26,Bronze,Web,Nakhon Ratchasima,717,TV_Show,COD,2,11,5,1,20-30,23.9,6.0,0.0,0.0,-1,55,7247.473333333334,0.18,0.5,0.0,0.0,0.0,0,0,0.0,0.0,0,0,0.0,29334.79,2,0,0.0,43484.840000000004,6,0,0.0,0
LGS2ORD0038401,C012164,2025-11-01 02:00:00,Female,53,Silver,Shopee,Khon Kaen,734,CallCenter,PromptPay,2,11,5,1,>50,24.466666666666665,6.0,0.0,0.0,-1,21,3423.3833333333337,0.25,0.5,0.3333333333333333,0.0,0.0,0,0,0.0,11001.36,1,0,0.0,11001.36,1,0,0.0,20540.300000000003,6,0,0.0,0
LGS2ORD0038402,C011833,2025-11-01 03:00:00,Female,37,Bronze,Lazada,Remote_Area,1162,Web,Bank_Transfer,3,11,5,1,30-40,38.733333333333334,6.0,1.0,0.16666666666666666,273,4,2915.205,0.23,0.5,0.16666666666666666,0.0,3482.95,1,0,0.0,3482.95,1,0,0.0,10492.989999999998,3,0,0.0,17491.23,6,1,0.16666666666666666,0
LGS2ORD0038403,C017185,2025-11-01 03:00:00,Male,33,Silver,TV,Bangkok,1588,Web,Credit_Card,3,11,5,1,30-40,52.93333333333333,4.0,1.0,0.25,293,65,2667.4350000000004,0.3,0.5,0.25,0.0,0.0,0,0,0.0,0.0,0,0,0.0,2316.29,1,0,0.0,10669.740000000002,4,1,0.25,1
LGS2ORD0038404,C015132,2025-11-01 03:00:00,Female,46,Gold,TV,Nakhon Ratchasima,1691,TV_Show,Credit_Card,3,11,5,1,40-50,56.36666666666667,4.0,1.0,0.25,190,42,3043.1675,0.28,0.5,0.25,0.0,0.0,0,0,0.0,0.0,0,0,0.0,923.19,1,0,0.0,12172.67,4,1,0.25,0
LGS2ORD0038405,C013711,2025-11-01 03:00:00,Female,39,Bronze,TV,Remote_Area,1509,Shopee,COD,3,11,5,1,30-40,50.3,8.0,2.0,0.25,28,8,10872.90625,0.28,0.5,0.375,0.0,0.0,0,0,0.0,63003.22,2,0,0.0,81725.91,5,2,0.4,86983.25,8,2,0.25,1
LGS2ORD0038406,C017105,2025-11-01 03:00:00,Female,35,Gold,Web,Khon Kaen,1425,TV_Show,COD,3,11,5,1,30-40,47.5,5.0,0.0,0.0,-1,54,4756.26,0.33,0.4,0.4,0.0,0.0,0,0,0.0,0.0,0,0,0.0,19367.6,3,0,0.0,23781.3,5,0,0.0,0
LGS2ORD0038407,C013418,2025-11-01 04:00:00,Female,18,Silver,Lazada,Bangkok,453,Lazada,Bank_Transfer,4,11,5,1,<20,15.1,5.0,0.0,0.0,-1,47,7470.706,0.2,0.4,0.0,0.0,0.0,0,0,0.0,0.0,0,0,0.0,20875.22,2,0,0.0,37353.53,5,0,0.0,0
LGS2ORD0038408,C016171,2025-11-01 04:00:00,Male,25,Silver,TV,Bangkok,420,CallCenter,COD,4,11,5,1,20-30,14.0,5.0,1.0,0.2,149,113,7827.951999999999,0.15,0.8,0.0,0.0,0.0,0,0,0.0,0.0,0,0,0.0,0.0,0,0,0.0,39139.759999999995,5,1,0.2,0
LGS2ORD0038409,C010678,2025-11-01 04:00:00,Female,41,Gold,Web,Bangkok,1015,Lazada,COD,4,11,5,1,40-50,33.833333333333336,4.0,0.0,0.0,-1,81,2818.6924999999997,0.33,0.25,0.75,0.0,0.0,0,0,0.0,0.0,0,0,0.0,1031.58,1,0,0.0,11274.769999999999,4,0,0.0,0
LGS2ORD0038410,C017775,2025-11-01 04:00:00,Female,53,Bronze,Web,Bangkok,1615,Web,Credit_Card,4,11,5,1,>50,53.833333333333336,3.0,1.0,0.3333333333333333,236,126,7422.666666666667,0.18,0.3333333333333333,0.0,0.0,0.0,0,0,0.0,0.0,0,0,0.0,0.0,0,0,0.0,22268.0,3,1,0.3333333333333333,0
LGS2ORD0038411,C016751,2025-11-01 04:00:00,Male,18,Bronze,TV,Nakhon Ratchasima,649,Lazada,Credit_Card,4,11,5,1,<20,21.633333333333333,4.0,0.0,0.0,-1,91,1415.4225000000001,0.28,0.5,0.75,0.0,0.0,0,0,0.0,0.0,0,0,0.0,0.0,0,0,0.0,5661.6900000000005,4,0,0.0,0
LGS2ORD0038412,C014336,2025-11-01 05:00:00,Male,56,Gold,Web,Chonburi,793,Web,COD,5,11,5,1,>50,26.433333333333334,6.0,2.0,0.3333333333333333,13,1,7570.358333333334,0.2299999999999999,0.6666666666666666,0.3333333333333333,0.0,1777.79,1,0,0.0,4978.92,2,1,0.5,32427.350000000002,3,1,0.3333333333333333,45422.15,6,2,0.3333333333333333,0
LGS2ORD0038413,C014474,2025-11-01 05:00:00,Female,52,Bronze,TV,Khon Kaen,1544,Shopee,COD,5,11,5,1,>50,51.46666666666667,16.0,2.0,0.125,179,41,3852.599375,0.28,0.6875,0.375,0.0625,0.0,0,0,0.0,0.0,0,0,0.0,3918.33,4,0,0.0,61641.59,16,2,0.125,0
LGS2ORD0038414,C013976,2025-11-01 05:00:00,Female,46,Bronze,CallCenter,Phuket,1623,Web,Credit_Card,5,11,5,1,40-50,54.1,3.0,1.0,0.3333333333333333,130,142,4427.393333333333,0.08,0.6666666666666666,0.0,0.0,0.0,0,0,0.0,0.0,0,0,0.0,0.0,0,0,0.0,13282.18,3,1,0.3333333333333333,0
LGS2ORD0038415,C016997,2025-11-01 05:00:00,Male,23,Bronze,TV,Nakhon Ratchasima,1257,Web,PromptPay,5,11,5,1,20-30,41.9,7.0,1.0,0.14285714285714285,81,20,8765.302857142859,0.28,0.42857142857142855,0.2857142857142857,0.0,0.0,0,0,0.0,1901.44,1,0,0.0,27909.04,3,0,0.0,61357.12000000001,7,1,0.14285714285714285,0
LGS2ORD0038416,C013831,2025-11-01 05:00:00,Male,27,Silver,TV,Nakhon Ratchasima,363,Lazada,COD,5,11,5,1,20-30,12.1,7.0,2.0,0.2857142857142857,40,53,6944.717142857143,0.15,0.42857142857142855,0.0,0.0,0.0,0,0,0.0,0.0,0,0,0.0,1292.62,1,1,1.0,48613.02,7,2,0.2857142857142857,1
LGS2ORD0038417,C016016,2025-11-01 05:00:00,Male,59,Gold,Web,Chonburi,690,TV_Show,COD,5,11,5,1,>50,23.0,3.0,2.0,0.6666666666666666,95,106,1844.0333333333335,0.28,0.3333333333333333,0.6666666666666666,0.0,0.0,0,0,0.0,0.0,0,0,0.0,0.0,0,0,0.0,5532.1,3,2,0.6666666666666666,0
LGS2ORD0038418,C010758,2025-11-01 06:00:00,Female,45,Gold,CallCenter,Bangkok,902,Lazada,Credit_Card,6,11,5,1,40-50,30.066666666666666,5.0,0.0,0.0,-1,8,4492.5199999999995,0.28,0.2,0.6,0.0,0.0,0,0,0.0,334.29,1,0,0.0,17250.18,2,0,0.0,22462.6,5,0,0.0,0
LGS2ORD0038419,C016085,2025-11-01 06:00:00,Male,58,Silver,Shopee,Songkhla,526,CallCenter,Bank_Transfer,6,11,5,1,>50,17.533333333333335,4.0,0.0,0.0,-1,126,3470.5775,0.25,0.75,0.25,0.0,0.0,0,0,0.0,0.0,0,0,0.0,0.0,0,0,0.0,13882.31,4,0,0.0,0
LGS2ORD0038420,C010480,2025-11-01 06:00:00,Female,39,Bronze,Web,Nakhon Ratchasima,1469,Web,Credit_Card,6,11,5,1,30-40,48.96666666666667,1.0,0.0,0.0,-1,0,3957.57,0.03,0.0,0.0,0.0,3957.57,1,0,0.0,3957.57,1,0,0.0,3957.57,1,0,0.0,3957.57,1,0,0.0,0
LGS2ORD0038421,C011168,2025-11-01 06:00:00,Male,45,Bronze,Lazada,Bangkok,331,TV_Show,COD,6,11,5,1,40-50,11.033333333333333,6.0,1.0,0.16666666666666666,106,112,5302.696666666667,0.23,0.5,0.16666666666666666,0.0,0.0,0,0,0.0,0.0,0,0,0.0,0.0,0,0,0.0,31816.18,6,1,0.16666666666666666,1
LGS2ORD0038422,C013566,2025-11-01 06:00:00,Male,57,Gold,Lazada,Bangkok,547,TV_Show,Credit_Card,6,11,5,1,>50,18.233333333333334,4.0,0.0,0.0,-1,48,11069.515,0.28,0.5,0.5,0.0,0.0,0,0,0.0,0.0,0,0,0.0,24013.42,2,0,0.0,44278.06,4,0,0.0,0
LGS2ORD0038423,C016333,2025-11-01 07:00:00,Female,21,Gold,Shopee,Chiang Mai,1215,TV_Show,Credit_Card,7,11,5,1,20-30,40.5,1.0,1.0,1.0,274,282,19997.84,0.08,1.0,0.0,0.0,0.0,0,0,0.0,0.0,0,0,0.0,0.0,0,0,0.0,19997.84,1,1,1.0,1
LGS2ORD0038424,C012214,2025-11-01 07:00:00,Female,48,Bronze,Shopee,Remote_Area,1687,Shopee,Bank_Transfer,7,11,5,1,40-50,56.233333333333334,5.0,2.0,0.4,-5,1,9468.432,0.28,0.6,0.4,0.0,16954.23,1,1,1.0,16954.23,1,1,1.0,16954.23,1,1,1.0,47342.16,5,2,0.4,0
LGS2ORD0038425,C012638,2025-11-01 07:00:00,Female,52,Bronze,Lazada,Chonburi,453,Web,PromptPay,7,11,5,1,>50,15.1,3.0,0.0,0.0,-1,157,6908.293333333332,0.13,0.6666666666666666,0.0,0.0,0.0,0,0,0.0,0.0,0,0,0.0,0.0,0,0,0.0,20724.879999999997,3,0,0.0,0
LGS2ORD0038426,C011703,2025-11-01 07:00:00,Male,23,Silver,Web,Remote_Area,1451,Shopee,PromptPay,7,11,5,1,20-30,48.36666666666667,2.0,0.0,0.0,-1,136,1876.7350000000001,0.15,0.5,0.0,0.0,0.0,0,0,0.0,0.0,0,0,0.0,0.0,0,0,0.0,3753.4700000000003,2,0,0.0,0
LGS2ORD0038427,C017143,2025-11-01 07:00:00,Female,50,Bronze,TV,Nakhon Ratchasima,1163,TV_Show,Credit_Card,7,11,5,1,40-50,38.766666666666666,7.0,0.0,0.0,-1,19,2483.317142857143,0.23,0.7142857142857143,0.14285714285714285,0.0,0.0,0,0,0.0,3333.32,2,0,0.0,7898.46,5,0,0.0,17383.22,7,0,0.0,0
LGS2ORD0038428,C011163,2025-11-01 08:00:00,Male,30,Silver,TV,Chiang Mai,1363,CallCenter,Credit_Card,8,11,5,1,20-30,45.43333333333333,6.0,1.0,0.16666666666666666,187,35,1497.7483333333332,0.15,0.6666666666666666,0.0,0.16666666666666666,0.0,0,0,0.0,0.0,0,0,0.0,1383.92,1,0,0.0,8986.49,6,1,0.16666666666666666,0
LGS2ORD0038429,C017271,2025-11-01 08:00:00,Male,41,Bronze,TV,Nakhon Ratchasima,1404,Lazada,Credit_Card,8,11,5,1,40-50,46.8,4.0,1.0,0.25,197,203,1825.9975,0.28,0.75,0.25,0.0,0.0,0,0,0.0,0.0,0,0,0.0,0.0,0,0,0.0,7303.99,4,1,0.25,0
LGS2ORD0038430,C016269,2025-11-01 08:00:00,Female,42,Bronze,Shopee,Khon Kaen,1395,Shopee,COD,8,11,5,1,40-50,46.5,7.0,2.0,0.2857142857142857,29,43,4054.378571428572,0.28,0.2857142857142857,0.2857142857142857,0.0,0.0,0,0,0.0,0.0,0,0,0.0,3434.36,1,1,1.0,28380.65,7,2,0.2857142857142857,0
LGS2ORD0038431,C012795,2025-11-01 08:00:00,Other,41,Silver,Web,Chonburi,1427,TV_Show,PromptPay,8,11,5,1,40-50,47.56666666666667,4.0,1.0,0.25,280,25,8443.0,0.2,1.0,0.0,0.0,0.0,0,0,0.0,9625.13,1,0,0.0,17021.84,2,0,0.0,33772.0,4,1,0.25,0
LGS2ORD0038432,C015839,2025-11-01 08:00:00,Female,30,Silver,Shopee,Chiang Mai,570,Lazada,COD,8,11,5,1,20-30,19.0,3.0,0.0,0.0,-1,6,13274.32,0.25,0.6666666666666666,0.3333333333333333,0.0,893.44,1,0,0.0,28489.039999999997,2,0,0.0,28489.039999999997,2,0,0.0,39822.96,3,0,0.0,0
LGS2ORD0038433,C010233,2025-11-01 09:00:00,Male,26,Gold,Web,Khon Kaen,786,Shopee,COD,9,11,5,1,20-30,26.2,5.0,0.0,0.0,-1,3,6990.2339999999995,0.33,0.6,0.4,0.0,2322.16,1,0,0.0,2322.16,1,0,0.0,2322.16,1,0,0.0,34951.17,5,0,0.0,0
LGS2ORD0038434,C011422,2025-11-01 09:00:00,Male,29,Bronze,TV,Bangkok,954,TV_Show,Credit_Card,9,11,5,1,20-30,31.8,6.0,3.0,0.5,12,19,10350.716666666667,0.23,0.5,0.16666666666666666,0.0,0.0,0,0,0.0,3138.75,1,1,1.0,7703.02,2,1,0.5,62104.3,6,3,0.5,0
LGS2ORD0038435,C017396,2025-11-01 09:00:00,Male,28,Bronze,TV,Remote_Area,1290,CallCenter,COD,9,11,5,1,20-30,43.0,9.0,4.0,0.4444444444444444,68,7,3825.7944444444447,0.28,0.3333333333333333,0.1111111111111111,0.0,0.0,0,0,0.0,3644.47,1,0,0.0,10182.05,3,1,0.3333333333333333,34432.15,9,4,0.4444444444444444,1
LGS2ORD0038436,C015075,2025-11-01 09:00:00,Male,40,Bronze,Shopee,Chonburi,771,Lazada,PromptPay,9,11,5,1,30-40,25.7,10.0,3.0,0.3,18,31,5190.938999999999,0.28,0.6,0.1,0.0,0.0,0,0,0.0,0.0,0,0,0.0,3191.38,2,2,1.0,51909.38999999999,10,3,0.3,0
LGS2ORD0038437,C013488,2025-11-01 09:00:00,Other,34,Platinum,Lazada,Bangkok,684,Lazada,COD,9,11,5,1,30-40,22.8,4.0,1.0,0.25,270,20,2629.1625000000004,0.3,0.5,0.25,0.0,0.0,0,0,0.0,939.92,1,0,0.0,2205.36,3,0,0.0,10516.650000000001,4,1,0.25,0
LGS2ORD0038438,C014633,2025-11-01 09:00:00,Male,38,Bronze,CallCenter,Chonburi,419,TV_Show,PromptPay,9,11,5,1,30-40,13.966666666666667,6.0,0.0,0.0,-1,35,1713.216666666667,0.23,0.6666666666666666,0.16666666666666666,0.0,0.0,0,0,0.0,0.0,0,0,0.0,1104.28,1,0,0.0,10279.300000000001,6,0,0.0,0
LGS2ORD0038439,C013052,2025-11-01 10:00:00,Female,61,Gold,CallCenter,Bangkok,651,TV_Show,Credit_Card,10,11,5,1,>50,21.7,1.0,0.0,0.0,-1,229,6648.74,0.2299999999999999,0.0,1.0,0.0,0.0,0,0,0.0,0.0,0,0,0.0,0.0,0,0,0.0,6648.74,1,0,0.0,0
LGS2ORD0038440,C015621,2025-11-01 10:00:00,Male,34,Gold,Web,Bangkok,461,TV_Show,Bank_Transfer,10,11,5,1,30-40,15.366666666666667,2.0,0.0,0.0,-1,50,2346.98,0.08,0.0,0.0,0.0,0.0,0,0,0.0,0.0,0,0,0.0,3965.45,1,0,0.0,4693.96,2,0,0.0,0
LGS2ORD0038441,C015487,2025-11-01 10:00:00,Male,54,Bronze,Web,Chonburi,976,Web,Credit_Card,10,11,5,1,>50,32.53333333333333,2.0,1.0,0.5,134,119,1993.955,0.13,0.5,0.0,0.0,0.0,0,0,0.0,0.0,0,0,0.0,0.0,0,0,0.0,3987.91,2,1,0.5,0
LGS2ORD0038442,C015858,2025-11-01 10:00:00,Female,41,Gold,Web,Bangkok,1416,TV_Show,COD,10,11,5,1,40-50,47.2,6.0,1.0,0.16666666666666666,265,105,3915.2816666666663,0.2299999999999999,0.16666666666666666,0.16666666666666666,0.0,0.0,0,0,0.0,0.0,0,0,0.0,0.0,0,0,0.0,23491.69,6,1,0.16666666666666666,0
LGS2ORD0038443,C016216,2025-11-01 10:00:00,Female,61,Bronze,Shopee,Remote_Area,709,Web,COD,10,11,5,1,>50,23.633333333333333,7.0,1.0,0.14285714285714285,257,144,7468.7242857142855,0.28,0.42857142857142855,0.42857142857142855,0.0,0.0,0,0,0.0,0.0,0,0,0.0,0.0,0,0,0.0,52281.07,7,1,0.14285714285714285,1
LGS2ORD0038444,C013765,2025-11-01 11:00:00,Male,50,Bronze,Shopee,Chonburi,513,TV_Show,PromptPay,11,11,5,1,40-50,17.1,3.0,1.0,0.3333333333333333,23,33,3461.536666666667,0.18,0.3333333333333333,0.0,0.0,0.0,0,0,0.0,0.0,0,0,0.0,5286.82,1,1,1.0,10384.61,3,1,0.3333333333333333,0
LGS2ORD0038445,C015250,2025-11-01 11:00:00,Male,52,Gold,TV,Bangkok,904,Lazada,COD,11,11,5,1,>50,30.133333333333333,7.0,0.0,0.0,-1,10,4871.631428571428,0.28,0.14285714285714285,0.7142857142857143,0.0,0.0,0,0,0.0,8004.51,1,0,0.0,22363.58,3,0,0.0,34101.42,7,0,0.0,0
LGS2ORD0038446,C014266,2025-11-01 11:00:00,Male,34,Silver,CallCenter,Bangkok,355,TV_Show,PromptPay,11,11,5,1,30-40,11.833333333333334,5.0,2.0,0.4,36,47,4879.8,0.25,0.2,0.2,0.0,0.0,0,0,0.0,0.0,0,0,0.0,7695.86,2,1,0.5,24399.0,5,2,0.4,1
LGS2ORD0038447,C011929,2025-11-01 11:00:00,Female,63,Bronze,Lazada,Phuket,852,TV_Show,PromptPay,11,11,5,1,>50,28.4,2.0,1.0,0.5,156,59,12789.05,0.13,1.0,0.0,0.0,0.0,0,0,0.0,0.0,0,0,0.0,16215.41,1,0,0.0,25578.1,2,1,0.5,0
LGS2ORD0038448,C015488,2025-11-01 11:00:00,Male,23,Gold,Web,Bangkok,949,Web,PromptPay,11,11,5,1,20-30,31.633333333333333,1.0,0.0,0.0,-1,273,10900.11,0.08,0.0,0.0,0.0,0.0,0,0,0.0,0.0,0,0,0.0,0.0,0,0,0.0,10900.11,1,0,0.0,0
LGS2ORD0038449,C016861,2025-11-01 12:00:00,Female,31,Bronze,TV,Phuket,1747,Shopee,COD,12,11,5,1,30-40,58.233333333333334,2.0,0.0,0.0,-1,4,1374.66,0.08,0.5,0.0,0.0,1790.42,1,0,0.0,1790.42,1,0,0.0,1790.42,1,0,0.0,2749.32,2,0,0.0,0
LGS2ORD0038450,C014957,2025-11-01 12:00:00,Female,37,Bronze,CallCenter,Bangkok,895,TV_Show,COD,12,11,5,1,30-40,29.833333333333332,5.0,1.0,0.2,163,17,4478.864,0.28,0.4,0.2,0.0,0.0,0,0,0.0,1069.75,1,0,0.0,1069.75,1,0,0.0,22394.32,5,1,0.2,1
LGS2ORD0038451,C017524,2025-11-01 12:00:00,Male,48,Bronze,Shopee,Remote_Area,1397,Shopee,Credit_Card,12,11,5,1,40-50,46.56666666666667,10.0,7.0,0.7,51,56,5712.816,0.23,0.4,0.2,0.0,0.0,0,0,0.0,0.0,0,0,0.0,9299.44,2,1,0.5,57128.159999999996,10,7,0.7,0
LGS2ORD0038452,C017961,2025-11-01 12:00:00,Female,35,Bronze,Lazada,Chiang Mai,1176,Lazada,COD,12,11,5,1,30-40,39.2,9.0,3.0,0.3333333333333333,0,4,9300.510000000002,0.28,0.6666666666666666,0.2222222222222222,0.0,1806.57,1,0,0.0,5991.67,2,1,0.5,7183.93,3,1,0.3333333333333333,83704.59000000001,9,3,0.3333333333333333,0
LGS2ORD0038453,C013658,2025-11-01 12:00:00,Male,52,Gold,Web,Remote_Area,1574,Lazada,Bank_Transfer,12,11,5,1,>50,52.46666666666667,3.0,2.0,0.6666666666666666,-8,3,10215.646666666667,0.33,0.3333333333333333,0.3333333333333333,0.0,25246.54,1,1,1.0,25246.54,1,1,1.0,25246.54,1,1,1.0,30646.940000000002,3,2,0.6666666666666666,0
LGS2ORD0038454,C015217,2025-11-01 13:00:00,Other,41,Bronze,Web,Chonburi,1397,Web,Credit_Card,13,11,5,1,40-50,46.56666666666667,6.0,1.0,0.16666666666666666,31,41,2502.8849999999998,0.28,0.16666666666666666,0.3333333333333333,0.0,0.0,0,0,0.0,0.0,0,0,0.0,11047.65,4,1,0.25,15017.31,6,1,0.16666666666666666,0
LGS2ORD0038455,C012754,2025-11-01 13:00:00,Other,40,Bronze,Web,Phuket,434,TV_Show,Credit_Card,13,11,5,1,30-40,14.466666666666667,2.0,0.0,0.0,-1,87,2152.75,0.18,0.5,0.0,0.0,0.0,0,0,0.0,0.0,0,0,0.0,2946.11,1,0,0.0,4305.5,2,0,0.0,0
LGS2ORD0038456,C014093,2025-11-01 13:00:00,Female,54,Bronze,TV,Bangkok,614,Web,Bank_Transfer,13,11,5,1,>50,20.466666666666665,9.0,4.0,0.4444444444444444,28,30,5536.671111111111,0.28,0.3333333333333333,0.3333333333333333,0.0,0.0,0,0,0.0,0.0,0,0,0.0,11245.16,3,1,0.3333333333333333,49830.04,9,4,0.4444444444444444,0
LGS2ORD0038457,C012232,2025-11-01 13:00:00,Male,28,Platinum,CallCenter,Chiang Mai,1517,Lazada,PromptPay,13,11,5,1,20-30,50.56666666666667,4.0,0.0,0.0,-1,56,6375.615000000001,0.3,0.0,0.25,0.0,0.0,0,0,0.0,0.0,0,0,0.0,735.34,1,0,0.0,25502.460000000003,4,0,0.0,0
LGS2ORD0038458,C012712,2025-11-01 13:00:00,Female,47,Bronze,TV,Songkhla,889,CallCenter,PromptPay,13,11,5,1,40-50,29.633333333333333,12.0,5.0,0.4166666666666667,1,10,3788.909166666667,0.28,0.6666666666666666,0.3333333333333333,0.0,0.0,0,0,0.0,6227.83,2,2,1.0,11019.9,4,3,0.75,45466.91,12,5,0.4166666666666667,0
LGS2ORD0038459,C012562,2025-11-01 13:00:00,Male,58,Bronze,Web,Chonburi,1670,CallCenter,COD,13,11,5,1,>50,55.666666666666664,2.0,0.0,0.0,-1,149,20362.07,0.23,0.5,1.0,0.0,0.0,0,0,0.0,0.0,0,0,0.0,0.0,0,0,0.0,40724.14,2,0,0.0,1
LGS2ORD0038460,C015022,2025-11-01 14:00:00,Male,43,Gold,Web,Bangkok,1697,Web,Credit_Card,14,11,5,1,40-50,56.56666666666667,3.0,1.0,0.3333333333333333,137,9,4235.95,0.28,0.6666666666666666,0.3333333333333333,0.0,0.0,0,0,0.0,9991.78,1,0,0.0,10907.0,2,0,0.0,12707.85,3,1,0.3333333333333333,0
LGS2ORD0038461,C015336,2025-11-01 14:00:00,Female,22,Silver,Lazada,Phuket,1001,TV_Show,Credit_Card,14,11,5,1,20-30,33.36666666666667,3.0,0.0,0.0,-1,239,2813.443333333333,0.2,0.0,0.0,0.0,0.0,0,0,0.0,0.0,0,0,0.0,0.0,0,0,0.0,8440.33,3,0,0.0,1
LGS2ORD0038462,C014351,2025-11-01 14:00:00,Male,30,Gold,Shopee,Phuket,1024,TV_Show,COD,14,11,5,1,20-30,34.13333333333333,7.0,2.0,0.2857142857142857,147,32,2975.608571428572,0.33,0.5714285714285714,0.2857142857142857,0.0,0.0,0,0,0.0,0.0,0,0,0.0,2092.7799999999997,2,0,0.0,20829.260000000002,7,2,0.2857142857142857,0
LGS2ORD0038463,C013331,2025-11-01 14:00:00,Female,48,Silver,Web,Bangkok,1254,Lazada,Credit_Card,14,11,5,1,40-50,41.8,5.0,2.0,0.4,-3,7,3545.5660000000003,0.2,0.8,0.0,0.0,0.0,0,0,0.0,3947.14,1,1,1.0,4528.45,2,2,1.0,17727.83,5,2,0.4,0
LGS2ORD0038464,C011616,2025-11-01 14:00:00,Male,57,Silver,Shopee,Remote_Area,641,Lazada,COD,14,11,5,1,>50,21.366666666666667,5.0,1.0,0.2,51,42,2053.582,0.25,1.0,0.4,0.0,0.0,0,0,0.0,0.0,0,0,0.0,6594.67,3,1,0.3333333333333333,10267.91,5,1,0.2,0
LGS2ORD0038465,C010501,2025-11-01 15:00:00,Male,46,Bronze,Web,Chiang Mai,1518,TV_Show,COD,15,11,5,1,40-50,50.6,7.0,5.0,0.7142857142857143,49,65,4285.541428571428,0.23,0.42857142857142855,0.2857142857142857,0.0,0.0,0,0,0.0,0.0,0,0,0.0,20006.18,2,1,0.5,29998.789999999997,7,5,0.7142857142857143,0
LGS2ORD0038466,C010102,2025-11-01 15:00:00,Female,39,Bronze,Lazada,Chonburi,478,Shopee,COD,15,11,5,1,30-40,15.933333333333334,5.0,0.0,0.0,-1,78,3608.7239999999997,0.28,0.4,0.2,0.0,0.0,0,0,0.0,0.0,0,0,0.0,9437.5,2,0,0.0,18043.62,5,0,0.0,1
LGS2ORD0038467,C012192,2025-11-01 15:00:00,Female,60,Bronze,Lazada,Chiang Mai,321,Lazada,PromptPay,15,11,5,1,>50,10.7,2.0,1.0,0.5,-9,4,3553.8900000000003,0.03,1.0,0.0,0.0,5433.26,1,1,1.0,5433.26,1,1,1.0,5433.26,1,1,1.0,7107.780000000001,2,1,0.5,0
LGS2ORD0038468,C015893,2025-11-01 15:00:00,Male,41,Silver,CallCenter,Chonburi,1453,CallCenter,COD,15,11,5,1,40-50,48.43333333333333,3.0,1.0,0.3333333333333333,292,60,6356.186666666667,0.15,0.3333333333333333,0.0,0.0,0.0,0,0,0.0,0.0,0,0,0.0,4701.39,1,0,0.0,19068.56,3,1,0.3333333333333333,0
LGS2ORD0038469,C012473,2025-11-01 15:00:00,Female,36,Silver,Web,Bangkok,722,Web,Credit_Card,15,11,5,1,30-40,24.066666666666666,2.0,0.0,0.0,-1,88,7625.049999999999,0.2,0.5,0.0,0.0,0.0,0,0,0.0,0.0,0,0,0.0,11376.81,1,0,0.0,15250.099999999999,2,0,0.0,0
LGS2ORD0038470,C014976,2025-11-01 16:00:00,Female,27,Bronze,TV,Nakhon Ratchasima,752,Lazada,Credit_Card,16,11,5,1,20-30,25.066666666666666,4.0,2.0,0.5,-6,2,3275.1025,0.23,0.5,0.25,0.0,5210.37,1,1,1.0,5210.37,1,1,1.0,5210.37,1,1,1.0,13100.41,4,2,0.5,0
LGS2ORD0038471,C011529,2025-11-01 16:00:00,Female,39,Bronze,Shopee,Chiang Mai,1602,Lazada,PromptPay,16,11,5,1,30-40,53.4,8.0,0.0,0.0,-1,23,6226.96,0.23,0.5,0.125,0.0,0.0,0,0,0.0,3248.22,1,0,0.0,11768.67,4,0,0.0,49815.68,8,0,0.0,0
LGS2ORD0038472,C014432,2025-11-01 16:00:00,Female,45,Gold,TV,Bangkok,1254,Shopee,Credit_Card,16,11,5,1,40-50,41.8,4.0,1.0,0.25,219,65,2277.3450000000003,0.2299999999999999,0.0,0.5,0.0,0.0,0,0,0.0,0.0,0,0,0.0,3715.68,1,0,0.0,9109.380000000001,4,1,0.25,0
LGS2ORD0038473,C013542,2025-11-01 16:00:00,Female,22,Bronze,TV,Bangkok,1286,TV_Show,Credit_Card,16,11,5,1,20-30,42.86666666666667,8.0,5.0,0.625,75,20,2605.1187499999996,0.23,0.75,0.25,0.0,0.0,0,0,0.0,1680.55,1,0,0.0,4448.77,3,1,0.3333333333333333,20840.949999999997,8,5,0.625,0
LGS2ORD0038474,C015735,2025-11-01 16:00:00,Female,37,Bronze,TV,Nakhon Ratchasima,1701,TV_Show,COD,16,11,5,1,30-40,56.7,4.0,1.0,0.25,134,11,6095.88,0.23,0.75,0.25,0.0,0.0,0,0,0.0,4407.93,1,0,0.0,10397.220000000001,2,0,0.0,24383.52,4,1,0.25,1
LGS2ORD0038475,C014276,2025-11-01 17:00:00,Male,43,Bronze,Lazada,Khon Kaen,1708,Shopee,PromptPay,17,11,5,1,40-50,56.93333333333333,7.0,2.0,0.2857142857142857,166,121,2555.605714285714,0.23,0.42857142857142855,0.42857142857142855,0.0,0.0,0,0,0.0,0.0,0,0,0.0,0.0,0,0,0.0,17889.239999999998,7,2,0.2857142857142857,0
LGS2ORD0038476,C010748,2025-11-01 17:00:00,Male,24,Gold,Web,Chonburi,885,Web,Credit_Card,17,11,5,1,20-30,29.5,1.0,1.0,1.0,62,75,4429.75,0.2299999999999999,1.0,1.0,0.0,0.0,0,0,0.0,0.0,0,0,0.0,4429.75,1,1,1.0,4429.75,1,1,1.0,0
LGS2ORD0038477,C015547,2025-11-01 17:00:00,Male,54,Bronze,Web,Bangkok,332,Shopee,COD,17,11,5,1,>50,11.066666666666666,1.0,0.0,0.0,-1,258,4790.02,0.08,0.0,0.0,0.0,0.0,0,0,0.0,0.0,0,0,0.0,0.0,0,0,0.0,4790.02,1,0,0.0,1
LGS2ORD0038478,C012615,2025-11-01 17:00:00,Female,43,Platinum,TV,Songkhla,1510,Web,COD,17,11,5,1,40-50,50.333333333333336,5.0,1.0,0.2,17,18,12262.863999999998,0.25,0.2,0.4,0.0,0.0,0,0,0.0,5855.06,1,0,0.0,21317.84,3,1,0.3333333333333333,61314.31999999999,5,1,0.2,1
LGS2ORD0038479,C016863,2025-11-01 17:00:00,Male,61,Bronze,TV,Songkhla,348,CallCenter,COD,17,11,5,1,>50,11.6,7.0,1.0,0.14285714285714285,103,108,7233.104285714287,0.23,0.5714285714285714,0.2857142857142857,0.0,0.0,0,0,0.0,0.0,0,0,0.0,0.0,0,0,0.0,50631.73,7,1,0.14285714285714285,0
LGS2ORD0038480,C015407,2025-11-01 17:00:00,Female,56,Gold,Lazada,Songkhla,868,TV_Show,COD,17,11,5,1,>50,28.933333333333334,7.0,3.0,0.42857142857142855,65,78,2736.655714285714,0.28,0.5714285714285714,0.5714285714285714,0.0,0.0,0,0,0.0,0.0,0,0,0.0,691.85,1,1,1.0,19156.59,7,3,0.42857142857142855,0
LGS2ORD0038481,C016956,2025-11-01 18:00:00,Male,30,Bronze,TV,Chonburi,1406,Web,PromptPay,18,11,5,1,20-30,46.86666666666667,9.0,3.0,0.3333333333333333,78,40,4877.695555555556,0.28,0.7777777777777778,0.1111111111111111,0.0,0.0,0,0,0.0,0.0,0,0,0.0,11669.19,2,1,0.5,43899.26,9,3,0.3333333333333333,0
LGS2ORD0038482,C016362,2025-11-01 18:00:00,Female,21,Platinum,TV,Bangkok,755,TV_Show,Credit_Card,18,11,5,1,20-30,25.166666666666668,7.0,1.0,0.14285714285714285,16,26,2949.9200000000005,0.35,0.42857142857142855,0.8571428571428571,0.0,0.0,0,0,0.0,598.15,1,1,1.0,10797.51,3,1,0.3333333333333333,20649.440000000002,7,1,0.14285714285714285,0
LGS2ORD0038483,C017282,2025-11-01 18:00:00,Other,24,Silver,TV,Khon Kaen,479,Web,COD,18,11,5,1,20-30,15.966666666666667,4.0,1.0,0.25,214,8,8716.8275,0.3,0.25,0.25,0.0,0.0,0,0,0.0,1476.01,1,0,0.0,1476.01,1,0,0.0,34867.31,4,1,0.25,0
LGS2ORD0038484,C014236,2025-11-01 18:00:00,Male,37,Silver,TV,Songkhla,1700,CallCenter,Credit_Card,18,11,5,1,30-40,56.666666666666664,4.0,2.0,0.5,40,47,5478.2625,0.1,0.75,0.0,0.0,0.0,0,0,0.0,0.0,0,0,0.0,5857.31,1,1,1.0,21913.05,4,2,0.5,0
LGS2ORD0038485,C014146,2025-11-01 18:00:00,Female,37,Bronze,Lazada,Khon Kaen,1062,Shopee,COD,18,11,5,1,30-40,35.4,9.0,2.0,0.2222222222222222,28,40,5585.164444444444,0.28,0.6666666666666666,0.1111111111111111,0.0,0.0,0,0,0.0,0.0,0,0,0.0,30674.75,3,2,0.6666666666666666,50266.479999999996,9,2,0.2222222222222222,1
LGS2ORD0038486,C017309,2025-11-01 19:00:00,Female,51,Silver,TV,Chonburi,376,TV_Show,Bank_Transfer,19,11,5,1,>50,12.533333333333333,2.0,0.0,0.0,-1,65,8410.75,0.3,0.0,0.5,0.0,0.0,0,0,0.0,0.0,0,0,0.0,5185.2,1,0,0.0,16821.5,2,0,0.0,0
LGS2ORD0038487,C013705,2025-11-01 19:00:00,Female,20,Bronze,Web,Bangkok,416,Lazada,Credit_Card,19,11,5,1,<20,13.866666666666667,4.0,0.0,0.0,-1,82,5312.5275,0.23,0.0,0.25,0.0,0.0,0,0,0.0,0.0,0,0,0.0,3382.54,1,0,0.0,21250.11,4,0,0.0,0
LGS2ORD0038488,C012721,2025-11-01 19:00:00,Male,45,Bronze,Shopee,Songkhla,477,Web,COD,19,11,5,1,40-50,15.9,5.0,2.0,0.4,165,23,1162.426,0.28,0.8,0.2,0.0,0.0,0,0,0.0,2101.07,2,0,0.0,2101.07,2,0,0.0,5812.13,5,2,0.4,1
LGS2ORD0038489,C010120,2025-11-01 19:00:00,Female,42,Silver,CallCenter,Remote_Area,582,Lazada,COD,19,11,5,1,40-50,19.4,1.0,0.0,0.0,-1,3,1062.6,0.05,1.0,0.0,0.0,1062.6,1,0,0.0,1062.6,1,0,0.0,1062.6,1,0,0.0,1062.6,1,0,0.0,0
LGS2ORD0038490,C014031,2025-11-01 19:00:00,Male,51,Silver,Web,Bangkok,517,TV_Show,COD,19,11,5,1,>50,17.233333333333334,4.0,1.0,0.25,288,26,4338.465,0.25,0.25,0.25,0.0,0.0,0,0,0.0,1289.28,1,0,0.0,1289.28,1,0,0.0,17353.86,4,1,0.25,0
LGS2ORD0038491,C013388,2025-11-01 20:00:00,Other,58,Silver,Web,Bangkok,1209,Shopee,Credit_Card,20,11,5,1,>50,40.3,6.0,1.0,0.16666666666666666,242,43,2515.405,0.3,0.6666666666666666,0.3333333333333333,0.0,0.0,0,0,0.0,0.0,0,0,0.0,1801.03,1,0,0.0,15092.43,6,1,0.16666666666666666,0
LGS2ORD0038492,C015188,2025-11-01 20:00:00,Male,32,Gold,TV,Bangkok,1250,CallCenter,Credit_Card,20,11,5,1,30-40,41.666666666666664,2.0,1.0,0.5,286,209,1350.665,0.28,1.0,0.5,0.0,0.0,0,0,0.0,0.0,0,0,0.0,0.0,0,0,0.0,2701.33,2,1,0.5,0
LGS2ORD0038493,C010663,2025-11-01 20:00:00,Male,32,Bronze,TV,Songkhla,1301,Shopee,COD,20,11,5,1,30-40,43.36666666666667,11.0,4.0,0.36363636363636365,120,134,2732.5099999999998,0.28,0.5454545454545454,0.45454545454545453,0.0,0.0,0,0,0.0,0.0,0,0,0.0,0.0,0,0,0.0,30057.609999999997,11,4,0.36363636363636365,1
LGS2ORD0038494,C016374,2025-11-01 20:00:00,Female,48,Platinum,Shopee,Khon Kaen,687,Shopee,PromptPay,20,11,5,1,40-50,22.9,4.0,0.0,0.0,-1,43,4248.6725,0.35,0.25,0.75,0.0,0.0,0,0,0.0,0.0,0,0,0.0,474.64,1,0,0.0,16994.69,4,0,0.0,0
LGS2ORD0038495,C010336,2025-11-01 20:00:00,Female,40,Silver,TV,Khon Kaen,937,TV_Show,COD,20,11,5,1,30-40,31.233333333333334,2.0,1.0,0.5,142,15,2426.3199999999997,0.25,0.5,0.5,0.0,0.0,0,0,0.0,3234.83,1,0,0.0,3234.83,1,0,0.0,4852.639999999999,2,1,0.5,0
LGS2ORD0038496,C016617,2025-11-01 21:00:00,Male,36,Platinum,TV,Bangkok,1459,Lazada,Bank_Transfer,21,11,5,1,30-40,48.63333333333333,7.0,1.0,0.14285714285714285,7,7,4892.172857142858,0.3,0.5714285714285714,0.2857142857142857,0.0,0.0,0,0,0.0,3372.03,2,1,0.5,17203.93,3,1,0.3333333333333333,34245.21000000001,7,1,0.14285714285714285,0
LGS2ORD0038497,C010162,2025-11-01 21:00:00,Male,34,Silver,Lazada,Chonburi,1336,TV_Show,COD,21,11,5,1,30-40,44.53333333333333,4.0,2.0,0.5,212,103,8793.76,0.15,0.5,0.0,0.0,0.0,0,0,0.0,0.0,0,0,0.0,0.0,0,0,0.0,35175.04,4,2,0.5,0
LGS2ORD0038498,C011585,2025-11-01 21:00:00,Female,65,Bronze,TV,Chiang Mai,1131,Lazada,Credit_Card,21,11,5,1,>50,37.7,5.0,1.0,0.2,54,3,6752.825999999999,0.23,0.4,0.2,0.0,15309.1,1,0,0.0,15309.1,1,0,0.0,18487.93,2,1,0.5,33764.13,5,1,0.2,0
LGS2ORD0038499,C013649,2025-11-01 21:00:00,Female,46,Bronze,TV,Chonburi,1257,Web,COD,21,11,5,1,40-50,41.9,7.0,1.0,0.14285714285714285,159,22,2944.5485714285714,0.23,0.7142857142857143,0.2857142857142857,0.0,0.0,0,0,0.0,1795.15,1,0,0.0,5008.66,2,0,0.0,20611.84,7,1,0.14285714285714285,0
LGS2ORD0038500,C011490,2025-11-01 21:00:00,Female,34,Silver,Lazada,Nakhon Ratchasima,1250,TV_Show,PromptPay,21,11,5,1,30-40,41.666666666666664,8.0,0.0,0.0,-1,72,5842.49,0.25,0.875,0.25,0.125,0.0,0,0,0.0,0.0,0,0,0.0,11389.310000000001,2,0,0.0,46739.92,8,0,0.0,0
LGS2ORD0038501,C013938,2025-11-01 21:00:00,Male,43,Bronze,TV,Remote_Area,1412,Web,PromptPay,21,11,5,1,40-50,47.06666666666667,3.0,3.0,1.0,134,143,2846.28,0.28,1.0,0.6666666666666666,0.0,0.0,0,0,0.0,0.0,0,0,0.0,0.0,0,0,0.0,8538.84,3,3,1.0,0
LGS2ORD0038502,C015427,2025-11-01 22:00:00,Female,50,Bronze,Web,Remote_Area,973,TV_Show,Credit_Card,22,11,5,1,40-50,32.43333333333333,4.0,2.0,0.5,197,107,6217.055,0.23,0.75,0.25,0.0,0.0,0,0,0.0,0.0,0,0,0.0,0.0,0,0,0.0,24868.22,4,2,0.5,0
LGS2ORD0038503,C014325,2025-11-01 22:00:00,Female,55,Bronze,Shopee,Bangkok,1729,CallCenter,Bank_Transfer,22,11,5,1,>50,57.63333333333333,1.0,0.0,0.0,-1,100,17563.07,0.08,1.0,0.0,0.0,0.0,0,0,0.0,0.0,0,0,0.0,0.0,0,0,0.0,17563.07,1,0,0.0,0
LGS2ORD0038504,C011408,2025-11-01 22:00:00,Female,40,Platinum,TV,Phuket,646,Shopee,Credit_Card,22,11,5,1,30-40,21.533333333333335,5.0,1.0,0.2,76,32,5849.776,0.3,0.4,0.2,0.0,0.0,0,0,0.0,0.0,0,0,0.0,15497.41,3,1,0.3333333333333333,29248.879999999997,5,1,0.2,0
LGS2ORD0038505,C011295,2025-11-01 22:00:00,Female,44,Silver,Lazada,Bangkok,617,CallCenter,Bank_Transfer,22,11,5,1,40-50,20.566666666666666,9.0,2.0,0.2222222222222222,20,1,7001.60111111111,0.25,0.5555555555555556,0.2222222222222222,0.0,2390.34,1,0,0.0,2390.34,1,0,0.0,50771.92999999999,4,2,0.5,63014.40999999999,9,2,0.2222222222222222,0
LGS2ORD0038506,C017415,2025-11-01 22:00:00,Female,58,Bronze,Shopee,Songkhla,1651,TV_Show,PromptPay,22,11,5,1,>50,55.03333333333333,12.0,2.0,0.16666666666666666,57,6,2900.1316666666667,0.23,0.75,0.16666666666666666,0.0,2908.89,1,0,0.0,4551.48,2,0,0.0,20317.219999999998,5,1,0.2,34801.58,12,2,0.16666666666666666,0
LGS2ORD0038507,C011712,2025-11-01 23:00:00,Other,54,Bronze,Shopee,Phuket,1438,TV_Show,COD,23,11,5,1,>50,47.93333333333333,8.0,4.0,0.5,60,69,3411.395,0.28,0.5,0.5,0.0,0.0,0,0,0.0,0.0,0,0,0.0,2685.72,1,1,1.0,27291.16,8,4,0.5,0
LGS2ORD0038508,C014790,2025-11-01 23:00:00,Female,52,Silver,Lazada,Chonburi,1562,Lazada,PromptPay,23,11,5,1,>50,52.06666666666667,4.0,1.0,0.25,147,21,4648.5575,0.15,0.25,0.0,0.0,0.0,0,0,0.0,4291.07,1,0,0.0,4291.07,1,0,0.0,18594.23,4,1,0.25,0
LGS2ORD0038509,C013736,2025-11-01 23:00:00,Female,48,Silver,Lazada,Khon Kaen,654,TV_Show,Credit_Card,23,11,5,1,40-50,21.8,7.0,3.0,0.42857142857142855,47,1,3987.3728571428574,0.2,0.8571428571428571,0.0,0.0,405.43,1,0,0.0,405.43,1,0,0.0,20650.16,4,2,0.5,27911.61,7,3,0.42857142857142855,0
LGS2ORD0038510,C010299,2025-11-01 23:00:00,Female,18,Bronze,TV,Chonburi,522,Web,Credit_Card,23,11,5,1,<20,17.4,7.0,1.0,0.14285714285714285,163,7,7313.56142857143,0.28,0.42857142857142855,0.2857142857142857,0.0,0.0,0,0,0.0,486.71,1,0,0.0,1994.75,2,0,0.0,51194.93000000001,7,1,0.14285714285714285,0
LGS2ORD0038511,C016522,2025-11-01 23:00:00,Female,46,Bronze,Shopee,Bangkok,1274,Lazada,PromptPay,23,11,5,1,40-50,42.46666666666667,8.0,3.0,0.375,24,32,6169.3099999999995,0.28,0.625,0.125,0.0,0.0,0,0,0.0,0.0,0,0,0.0,10055.07,2,1,0.5,49354.479999999996,8,3,0.375,0
LGS2ORD0038512,C014156,2025-11-02 00:00:00,Male,42,Bronze,Web,Chonburi,1434,TV_Show,PromptPay,0,11,6,1,40-50,47.8,6.0,1.0,0.16666666666666666,249,97,1612.2833333333335,0.28,0.5,0.3333333333333333,0.0,0.0,0,0,0.0,0.0,0,0,0.0,0.0,0,0,0.0,9673.7,6,1,0.16666666666666666,0
LGS2ORD0038513,C011604,2025-11-02 00:00:00,Male,66,Bronze,CallCenter,Songkhla,744,Lazada,Credit_Card,0,11,6,1,>50,24.8,3.0,2.0,0.6666666666666666,62,75,10194.136666666667,0.18,0.6666666666666666,0.0,0.0,0.0,0,0,0.0,0.0,0,0,0.0,2032.76,1,1,1.0,30582.41,3,2,0.6666666666666666,0
LGS2ORD0038514,C010886,2025-11-02 00:00:00,Female,53,Gold,TV,Chonburi,1595,CallCenter,Credit_Card,0,11,6,1,>50,53.166666666666664,6.0,2.0,0.3333333333333333,3,20,2877.236666666666,0.2299999999999999,0.3333333333333333,0.3333333333333333,0.0,0.0,0,0,0.0,3995.45,1,1,1.0,9801.15,3,1,0.3333333333333333,17263.42,6,2,0.3333333333333333,0
LGS2ORD0038515,C011215,2025-11-02 00:00:00,Female,43,Bronze,TV,Bangkok,1703,CallCenter,Credit_Card,0,11,6,1,40-50,56.766666666666666,2.0,0.0,0.0,-1,51,4798.9800000000005,0.18,0.5,0.0,0.0,0.0,0,0,0.0,0.0,0,0,0.0,9597.960000000001,2,0,0.0,9597.960000000001,2,0,0.0,0
LGS2ORD0038516,C013185,2025-11-02 00:00:00,Female,39,Gold,TV,Bangkok,1478,CallCenter,COD,0,11,6,1,30-40,49.266666666666666,3.0,0.0,0.0,-1,42,9920.3,0.33,0.6666666666666666,1.0,0.0,0.0,0,0,0.0,0.0,0,0,0.0,19421.42,1,0,0.0,29760.899999999998,3,0,0.0,1
LGS2ORD0038517,C012563,2025-11-02 00:00:00,Male,49,Silver,TV,Phuket,1738,CallCenter,COD,0,11,6,1,40-50,57.93333333333333,4.0,0.0,0.0,-1,21,3203.3675000000003,0.3,0.5,0.25,0.0,0.0,0,0,0.0,1133.2,1,0,0.0,1133.2,1,0,0.0,12813.470000000001,4,0,0.0,1
LGS2ORD0038518,C014949,2025-11-02 01:00:00,Male,41,Silver,TV,Chonburi,524,Lazada,COD,1,11,6,1,40-50,17.466666666666665,4.0,1.0,0.25,151,146,3657.55,0.2,1.0,0.0,0.0,0.0,0,0,0.0,0.0,0,0,0.0,0.0,0,0,0.0,14630.2,4,1,0.25,0
LGS2ORD0038519,C011342,2025-11-02 01:00:00,Female,34,Platinum,Lazada,Nakhon Ratchasima,1314,TV_Show,PromptPay,1,11,6,1,30-40,43.8,7.0,3.0,0.42857142857142855,123,66,4726.5599999999995,0.35,0.7142857142857143,0.42857142857142855,0.0,0.0,0,0,0.0,0.0,0,0,0.0,24279.39,2,0,0.0,33085.92,7,3,0.42857142857142855,0
LGS2ORD0038520,C016159,2025-11-02 01:00:00,Female,48,Bronze,CallCenter,Bangkok,417,Web,COD,1,11,6,1,40-50,13.9,3.0,0.0,0.0,-1,54,10146.816666666666,0.28,0.0,0.3333333333333333,0.0,0.0,0,0,0.0,0.0,0,0,0.0,2961.71,1,0,0.0,30440.449999999997,3,0,0.0,1
LGS2ORD0038521,C013835,2025-11-02 01:00:00,Male,44,Platinum,Web,Bangkok,718,Shopee,COD,1,11,6,1,40-50,23.933333333333334,5.0,1.0,0.2,239,17,4462.708,0.35,0.4,0.4,0.0,0.0,0,0,0.0,588.76,1,0,0.0,20692.399999999998,4,0,0.0,22313.539999999997,5,1,0.2,1
LGS2ORD0038522,C017900,2025-11-02 01:00:00,Other,41,Bronze,Lazada,Remote_Area,721,Shopee,COD,1,11,6,1,40-50,24.033333333333335,6.0,3.0,0.5,0,9,4348.328333333334,0.28,0.6666666666666666,0.16666666666666666,0.0,0.0,0,0,0.0,16320.97,1,1,1.0,16320.97,1,1,1.0,26089.97,6,3,0.5,0
LGS2ORD0038523,C017878,2025-11-02 02:00:00,Male,67,Bronze,TV,Chiang Mai,373,CallCenter,Credit_Card,2,11,6,1,>50,12.433333333333334,3.0,0.0,0.0,-1,21,5873.183333333333,0.08,0.6666666666666666,0.0,0.0,0.0,0,0,0.0,462.42,1,0,0.0,10967.69,2,0,0.0,17619.55,3,0,0.0,0
LGS2ORD0038524,C010149,2025-11-02 02:00:00,Female,43,Gold,Shopee,Nakhon Ratchasima,1560,Lazada,PromptPay,2,11,6,1,40-50,52.0,2.0,1.0,0.5,162,174,2161.36,0.2299999999999999,0.0,0.5,0.0,0.0,0,0,0.0,0.0,0,0,0.0,0.0,0,0,0.0,4322.72,2,1,0.5,0
LGS2ORD0038525,C015866,2025-11-02 02:00:00,Female,50,Gold,Web,Bangkok,600,CallCenter,Bank_Transfer,2,11,6,1,40-50,20.0,1.0,0.0,0.0,-1,35,7298.83,0.08,0.0,0.0,0.0,0.0,0,0,0.0,0.0,0,0,0.0,7298.83,1,0,0.0,7298.83,1,0,0.0,0
LGS2ORD0038526,C013802,2025-11-02 02:00:00,Female,49,Gold,TV,Khon Kaen,1482,Shopee,Credit_Card,2,11,6,1,40-50,49.4,2.0,1.0,0.5,151,63,4368.8150000000005,0.28,0.5,0.5,0.0,0.0,0,0,0.0,0.0,0,0,0.0,6014.02,1,0,0.0,8737.630000000001,2,1,0.5,0
LGS2ORD0038527,C016722,2025-11-02 02:00:00,Male,53,Bronze,TV,Khon Kaen,1284,TV_Show,PromptPay,2,11,6,1,>50,42.8,3.0,1.0,0.3333333333333333,177,187,1250.8866666666665,0.28,0.3333333333333333,0.3333333333333333,0.0,0.0,0,0,0.0,0.0,0,0,0.0,0.0,0,0,0.0,3752.66,3,1,0.3333333333333333,1
LGS2ORD0038528,C013736,2025-11-02 03:00:00,Female,48,Silver,Lazada,Khon Kaen,655,Lazada,Bank_Transfer,3,11,6,1,40-50,21.833333333333332,8.0,3.0,0.375,47,0,4154.00375,0.2,0.75,0.0,0.0,5725.85,2,0,0.0,5725.85,2,0,0.0,25970.58,5,2,0.4,33232.03,8,3,0.375,0
LGS2ORD0038529,C014444,2025-11-02 03:00:00,Male,39,Bronze,Shopee,Chonburi,1302,CallCenter,Credit_Card,3,11,6,1,30-40,43.4,5.0,1.0,0.2,165,175,4372.874,0.18,0.2,0.0,0.0,0.0,0,0,0.0,0.0,0,0,0.0,0.0,0,0,0.0,21864.37,5,1,0.2,0
LGS2ORD0038530,C017059,2025-11-02 03:00:00,Male,47,Bronze,CallCenter,Nakhon Ratchasima,1265,Web,COD,3,11,6,1,40-50,42.166666666666664,6.0,1.0,0.16666666666666666,184,156,3122.4466666666667,0.23,0.6666666666666666,0.16666666666666666,0.0,0.0,0,0,0.0,0.0,0,0,0.0,0.0,0,0,0.0,18734.68,6,1,0.16666666666666666,1
LGS2ORD0038531,C014210,2025-11-02 03:00:00,Male,34,Bronze,Web,Remote_Area,798,Shopee,COD,3,11,6,1,30-40,26.6,13.0,4.0,0.3076923076923077,46,52,4320.261538461538,0.28,0.23076923076923078,0.23076923076923078,0.0,0.0,0,0,0.0,0.0,0,0,0.0,9598.05,3,2,0.6666666666666666,56163.4,13,4,0.3076923076923077,0
LGS2ORD0038532,C016370,2025-11-02 03:00:00,Male,46,Bronze,Shopee,Nakhon Ratchasima,492,Shopee,COD,3,11,6,1,40-50,16.4,5.0,0.0,0.0,-1,19,2564.714,0.18,0.2,0.0,0.0,0.0,0,0,0.0,408.2,1,0,0.0,7263.04,3,0,0.0,12823.57,5,0,0.0,0
LGS2ORD0038533,C015649,2025-11-02 04:00:00,Female,38,Bronze,TV,Bangkok,1037,Web,COD,4,11,6,1,30-40,34.56666666666667,7.0,3.0,0.42857142857142855,132,54,5828.5599999999995,0.28,0.8571428571428571,0.14285714285714285,0.0,0.0,0,0,0.0,0.0,0,0,0.0,12349.04,2,0,0.0,40799.92,7,3,0.42857142857142855,0
LGS2ORD0038534,C011090,2025-11-02 04:00:00,Female,33,Gold,Shopee,Phuket,438,TV_Show,PromptPay,4,11,6,1,30-40,14.6,3.0,0.0,0.0,-1,36,2742.7400000000002,0.28,1.0,0.3333333333333333,0.0,0.0,0,0,0.0,0.0,0,0,0.0,2173.51,1,0,0.0,8228.220000000001,3,0,0.0,0
LGS2ORD0038535,C016583,2025-11-02 04:00:00,Male,30,Silver,Shopee,Bangkok,1597,CallCenter,PromptPay,4,11,6,1,20-30,53.233333333333334,4.0,0.0,0.0,-1,11,3497.7125000000005,0.2,0.5,0.0,0.0,0.0,0,0,0.0,721.54,1,0,0.0,10156.14,3,0,0.0,13990.850000000002,4,0,0.0,1
LGS2ORD0038536,C011424,2025-11-02 04:00:00,Female,46,Bronze,Lazada,Bangkok,694,Shopee,Credit_Card,4,11,6,1,40-50,23.133333333333333,5.0,1.0,0.2,95,51,6873.923999999999,0.28,0.6,0.6,0.0,0.0,0,0,0.0,0.0,0,0,0.0,6553.91,1,0,0.0,34369.619999999995,5,1,0.2,0
LGS2ORD0038537,C015975,2025-11-02 04:00:00,Female,36,Bronze,TV,Remote_Area,1157,TV_Show,Credit_Card,4,11,6,1,30-40,38.56666666666667,3.0,2.0,0.6666666666666666,130,142,2884.9566666666665,0.23,0.6666666666666666,0.3333333333333333,0.0,0.0,0,0,0.0,0.0,0,0,0.0,0.0,0,0,0.0,8654.869999999999,3,2,0.6666666666666666,0
LGS2ORD0038538,C016698,2025-11-02 04:00:00,Female,56,Silver,CallCenter,Khon Kaen,1734,Shopee,PromptPay,4,11,6,1,>50,57.8,3.0,2.0,0.6666666666666666,53,55,9772.083333333334,0.25,0.0,0.3333333333333333,0.0,0.0,0,0,0.0,0.0,0,0,0.0,2911.15,1,1,1.0,29316.25,3,2,0.6666666666666666,0
LGS2ORD0038539,C015181,2025-11-02 05:00:00,Male,39,Bronze,Shopee,Remote_Area,750,Web,Credit_Card,5,11,6,1,30-40,25.0,9.0,3.0,0.3333333333333333,-2,12,7885.331111111111,0.28,0.6666666666666666,0.2222222222222222,0.0,0.0,0,0,0.0,4477.01,1,1,1.0,18418.45,3,1,0.3333333333333333,70967.98,9,3,0.3333333333333333,0
LGS2ORD0038540,C012892,2025-11-02 05:00:00,Male,35,Bronze,Web,Songkhla,707,TV_Show,COD,5,11,6,1,30-40,23.566666666666666,3.0,0.0,0.0,-1,18,1673.8233333333335,0.13,0.3333333333333333,0.0,0.0,0.0,0,0,0.0,1803.26,1,0,0.0,1803.26,1,0,0.0,5021.47,3,0,0.0,0
LGS2ORD0038541,C015059,2025-11-02 05:00:00,Male,26,Silver,TV,Phuket,526,Web,Credit_Card,5,11,6,1,20-30,17.533333333333335,4.0,2.0,0.5,110,103,4012.15,0.2,0.25,0.0,0.0,0.0,0,0,0.0,0.0,0,0,0.0,0.0,0,0,0.0,16048.6,4,2,0.5,1
LGS2ORD0038542,C015889,2025-11-02 05:00:00,Female,36,Silver,TV,Bangkok,1092,TV_Show,PromptPay,5,11,6,1,30-40,36.4,8.0,1.0,0.125,163,31,6471.16625,0.2,0.5,0.0,0.0,0.0,0,0,0.0,0.0,0,0,0.0,25118.82,3,0,0.0,51769.33,8,1,0.125,0
LGS2ORD0038543,C016761,2025-11-02 05:00:00,Female,53,Silver,Web,Khon Kaen,431,Web,Credit_Card,5,11,6,1,>50,14.366666666666667,2.0,0.0,0.0,-1,198,2279.315,0.25,1.0,0.5,0.0,0.0,0,0,0.0,0.0,0,0,0.0,0.0,0,0,0.0,4558.63,2,0,0.0,0
LGS2ORD0038544,C013791,2025-11-02 06:00:00,Female,54,Silver,Shopee,Bangkok,775,Shopee,Credit_Card,6,11,6,1,>50,25.833333333333332,4.0,1.0,0.25,275,94,10457.970000000001,0.2,0.0,0.0,0.0,0.0,0,0,0.0,0.0,0,0,0.0,0.0,0,0,0.0,41831.880000000005,4,1,0.25,0
LGS2ORD0038545,C010868,2025-11-02 06:00:00,Female,35,Gold,Lazada,Bangkok,658,TV_Show,PromptPay,6,11,6,1,30-40,21.933333333333334,4.0,0.0,0.0,-1,18,3345.7925000000005,0.2299999999999999,0.25,0.25,0.0,0.0,0,0,0.0,8165.280000000001,2,0,0.0,8165.280000000001,2,0,0.0,13383.170000000002,4,0,0.0,0
LGS2ORD0038546,C017696,2025-11-02 06:00:00,Male,40,Silver,TV,Bangkok,1389,TV_Show,COD,6,11,6,1,30-40,46.3,10.0,5.0,0.5,-2,5,8155.245999999999,0.3,0.7,0.2,0.0,1137.2,1,1,1.0,1137.2,1,1,1.0,5467.849999999999,2,2,1.0,81552.45999999999,10,5,0.5,0
LGS2ORD0038547,C014550,2025-11-02 06:00:00,Female,18,Bronze,Lazada,Bangkok,1702,Shopee,Bank_Transfer,6,11,6,1,<20,56.733333333333334,2.0,0.0,0.0,-1,14,3012.03,0.28,1.0,1.0,0.0,0.0,0,0,0.0,4809.27,1,0,0.0,4809.27,1,0,0.0,6024.06,2,0,0.0,0
LGS2ORD0038548,C016229,2025-11-02 06:00:00,Female,37,Bronze,Web,Bangkok,511,TV_Show,Credit_Card,6,11,6,1,30-40,17.033333333333335,3.0,2.0,0.6666666666666666,160,101,2525.75,0.13,0.3333333333333333,0.0,0.0,0.0,0,0,0.0,0.0,0,0,0.0,0.0,0,0,0.0,7577.25,3,2,0.6666666666666666,0
LGS2ORD0038549,C010108,2025-11-02 07:00:00,Female,23,Gold,Web,Chonburi,1322,Shopee,PromptPay,7,11,6,1,20-30,44.06666666666667,0.0,0.0,0.0,-1,-1,0.0,0.0,0.0,0.0,0.0,0.0,0,0,0.0,0.0,0,0,0.0,0.0,0,0,0.0,0.0,0,0,0.0,0
LGS2ORD0038550,C012336,2025-11-02 07:00:00,Female,38,Bronze,Lazada,Khon Kaen,892,Web,Credit_Card,7,11,6,1,30-40,29.733333333333334,6.0,3.0,0.5,0,4,3322.525,0.13,0.3333333333333333,0.0,0.0,4981.88,1,1,1.0,4981.88,1,1,1.0,15280.530000000002,3,2,0.6666666666666666,19935.15,6,3,0.5,0
LGS2ORD0038551,C010932,2025-11-02 07:00:00,Female,54,Silver,Web,Songkhla,771,Shopee,Credit_Card,7,11,6,1,>50,25.7,6.0,0.0,0.0,-1,29,7743.645,0.25,0.3333333333333333,0.16666666666666666,0.0,0.0,0,0,0.0,5942.55,1,0,0.0,38687.57,3,0,0.0,46461.87,6,0,0.0,0
LGS2ORD0038552,C017805,2025-11-02 07:00:00,Female,31,Bronze,TV,Songkhla,875,TV_Show,Credit_Card,7,11,6,1,30-40,29.166666666666668,4.0,0.0,0.0,-1,27,3542.2999999999997,0.28,0.25,0.5,0.0,0.0,0,0,0.0,8616.39,1,0,0.0,8616.39,1,0,0.0,14169.199999999999,4,0,0.0,0
LGS2ORD0038553,C014514,2025-11-02 07:00:00,Male,26,Silver,Web,Chiang Mai,1540,Web,COD,7,11,6,1,20-30,51.333333333333336,2.0,1.0,0.5,279,150,1327.7350000000001,0.3,1.0,0.5,0.0,0.0,0,0,0.0,0.0,0,0,0.0,0.0,0,0,0.0,2655.4700000000003,2,1,0.5,1
LGS2ORD0038554,C015405,2025-11-02 08:00:00,Female,46,Platinum,Lazada,Bangkok,1281,Shopee,Bank_Transfer,8,11,6,1,40-50,42.7,4.0,1.0,0.25,-10,1,2253.7075,0.3,1.0,0.75,0.0,804.33,1,1,1.0,1531.06,2,1,0.5,1531.06,2,1,0.5,9014.83,4,1,0.25,0
LGS2ORD0038555,C010632,2025-11-02 08:00:00,Female,66,Bronze,TV,Remote_Area,1211,Web,COD,8,11,6,1,>50,40.36666666666667,7.0,1.0,0.14285714285714285,19,23,6949.551428571429,0.28,0.5714285714285714,0.2857142857142857,0.0,0.0,0,0,0.0,29594.02,2,1,0.5,35284.630000000005,4,1,0.25,48646.86,7,1,0.14285714285714285,1
LGS2ORD0038556,C010149,2025-11-02 08:00:00,Female,43,Gold,Shopee,Nakhon Ratchasima,1560,Web,Credit_Card,8,11,6,1,40-50,52.0,3.0,1.0,0.3333333333333333,162,0,2678.3433333333337,0.2299999999999999,0.0,0.3333333333333333,0.0,3712.31,1,0,0.0,3712.31,1,0,0.0,3712.31,1,0,0.0,8035.030000000001,3,1,0.3333333333333333,1
LGS2ORD0038557,C011555,2025-11-02 08:00:00,Female,31,Silver,Web,Phuket,976,Web,Credit_Card,8,11,6,1,30-40,32.53333333333333,10.0,6.0,0.6,24,29,5751.349,0.3,0.6,0.4,0.0,0.0,0,0,0.0,14743.92,1,1,1.0,19833.16,2,2,1.0,57513.49,10,6,0.6,0
LGS2ORD0038558,C016390,2025-11-02 08:00:00,Male,28,Silver,Lazada,Bangkok,916,TV_Show,Credit_Card,8,11,6,1,20-30,30.533333333333335,4.0,2.0,0.5,209,54,2022.3125,0.25,0.5,0.5,0.0,0.0,0,0,0.0,0.0,0,0,0.0,1238.18,1,0,0.0,8089.25,4,2,0.5,0
LGS2ORD0038559,C017921,2025-11-02 08:00:00,Other,60,Bronze,Web,Nakhon Ratchasima,1049,CallCenter,Credit_Card,8,11,6,1,>50,34.96666666666667,5.0,2.0,0.4,91,102,5666.762,0.18,0.6,0.0,0.0,0.0,0,0,0.0,0.0,0,0,0.0,0.0,0,0,0.0,28333.809999999998,5,2,0.4,0
LGS2ORD0038560,C010944,2025-11-02 09:00:00,Female,41,Bronze,Lazada,Khon Kaen,1197,Lazada,COD,9,11,6,1,40-50,39.9,7.0,2.0,0.2857142857142857,96,14,2384.9114285714286,0.28,0.42857142857142855,0.2857142857142857,0.0,0.0,0,0,0.0,2877.71,1,0,0.0,4167.47,2,0,0.0,16694.38,7,2,0.2857142857142857,0
LGS2ORD0038561,C016368,2025-11-02 09:00:00,Female,39,Silver,Web,Khon Kaen,1708,Shopee,COD,9,11,6,1,30-40,56.93333333333333,6.0,3.0,0.5,39,48,4051.9266666666663,0.3,0.3333333333333333,0.16666666666666666,0.0,0.0,0,0,0.0,0.0,0,0,0.0,1927.54,1,1,1.0,24311.559999999998,6,3,0.5,1
LGS2ORD0038562,C011070,2025-11-02 09:00:00,Male,38,Gold,TV,Bangkok,1495,TV_Show,Credit_Card,9,11,6,1,30-40,49.833333333333336,4.0,1.0,0.25,122,126,1518.1725000000001,0.28,0.5,0.5,0.0,0.0,0,0,0.0,0.0,0,0,0.0,0.0,0,0,0.0,6072.6900000000005,4,1,0.25,0
LGS2ORD0038563,C012340,2025-11-02 09:00:00,Male,63,Bronze,TV,Phuket,599,Shopee,Bank_Transfer,9,11,6,1,>50,19.966666666666665,3.0,1.0,0.3333333333333333,114,78,4067.3300000000004,0.23,0.6666666666666666,0.3333333333333333,0.0,0.0,0,0,0.0,0.0,0,0,0.0,6937.89,1,0,0.0,12201.990000000002,3,1,0.3333333333333333,0
LGS2ORD0038564,C010879,2025-11-02 09:00:00,Male,44,Bronze,Web,Bangkok,1629,Web,COD,9,11,6,1,40-50,54.3,10.0,1.0,0.1,122,9,6652.399,0.28,0.2,0.4,0.0,0.0,0,0,0.0,1650.82,1,0,0.0,1650.82,1,0,0.0,66523.99,10,1,0.1,1
LGS2ORD0038565,C013491,2025-11-02 10:00:00,Male,55,Gold,TV,Khon Kaen,549,Shopee,COD,10,11,6,1,>50,18.3,8.0,3.0,0.375,56,60,3603.3599999999997,0.28,0.75,0.375,0.125,0.0,0,0,0.0,0.0,0,0,0.0,423.87,1,1,1.0,28826.879999999997,8,3,0.375,1
LGS2ORD0038566,C012942,2025-11-02 10:00:00,Male,45,Bronze,Lazada,Chonburi,339,TV_Show,Credit_Card,10,11,6,1,40-50,11.3,7.0,1.0,0.14285714285714285,16,19,8697.018571428573,0.28,0.7142857142857143,0.2857142857142857,0.0,0.0,0,0,0.0,28461.33,1,1,1.0,28461.33,1,1,1.0,60879.130000000005,7,1,0.14285714285714285,0
LGS2ORD0038567,C013925,2025-11-02 10:00:00,Male,59,Bronze,TV,Bangkok,1341,TV_Show,Credit_Card,10,11,6,1,>50,44.7,5.0,0.0,0.0,-1,25,5043.584,0.13,0.4,0.0,0.0,0.0,0,0,0.0,9201.46,1,0,0.0,9201.46,1,0,0.0,25217.92,5,0,0.0,0
LGS2ORD0038568,C015578,2025-11-02 10:00:00,Female,37,Bronze,TV,Phuket,1431,TV_Show,Credit_Card,10,11,6,1,30-40,47.7,1.0,0.0,0.0,-1,153,11006.52,0.03,0.0,0.0,0.0,0.0,0,0,0.0,0.0,0,0,0.0,0.0,0,0,0.0,11006.52,1,0,0.0,0
LGS2ORD0038569,C012620,2025-11-02 10:00:00,Male,27,Silver,TV,Bangkok,1723,TV_Show,PromptPay,10,11,6,1,20-30,57.43333333333333,4.0,1.0,0.25,19,35,7198.11,0.3,0.5,0.5,0.0,0.0,0,0,0.0,0.0,0,0,0.0,24417.89,1,1,1.0,28792.44,4,1,0.25,0
LGS2ORD0038570,C010958,2025-11-02 11:00:00,Female,28,Bronze,TV,Phuket,1009,TV_Show,COD,11,11,6,1,20-30,33.63333333333333,1.0,1.0,1.0,230,243,21751.77,0.28,1.0,1.0,0.0,0.0,0,0,0.0,0.0,0,0,0.0,0.0,0,0,0.0,21751.77,1,1,1.0,0
LGS2ORD0038571,C012402,2025-11-02 11:00:00,Male,41,Silver,Shopee,Chonburi,1135,Shopee,Credit_Card,11,11,6,1,40-50,37.833333333333336,2.0,2.0,1.0,77,88,4382.07,0.15,1.0,0.0,0.0,0.0,0,0,0.0,0.0,0,0,0.0,2668.55,1,1,1.0,8764.14,2,2,1.0,1
LGS2ORD0038572,C012247,2025-11-02 11:00:00,Male,66,Bronze,Lazada,Remote_Area,795,Shopee,COD,11,11,6,1,>50,26.5,3.0,0.0,0.0,-1,9,4623.329999999999,0.18,0.0,0.0,0.0,0.0,0,0,0.0,2524.89,1,0,0.0,2891.94,2,0,0.0,13869.989999999998,3,0,0.0,0
LGS2ORD0038573,C011515,2025-11-02 11:00:00,Male,37,Silver,CallCenter,Nakhon Ratchasima,540,TV_Show,COD,11,11,6,1,30-40,18.0,3.0,0.0,0.0,-1,105,2241.5633333333335,0.3,0.0,0.3333333333333333,0.0,0.0,0,0,0.0,0.0,0,0,0.0,0.0,0,0,0.0,6724.6900000000005,3,0,0.0,0
LGS2ORD0038574,C014158,2025-11-02 11:00:00,Female,35,Platinum,Web,Chiang Mai,1274,Shopee,Credit_Card,11,11,6,1,30-40,42.46666666666667,3.0,1.0,0.3333333333333333,-5,4,7723.25,0.35,0.6666666666666666,0.3333333333333333,0.0,3425.48,1,1,1.0,6486.29,2,1,0.5,6486.29,2,1,0.5,23169.75,3,1,0.3333333333333333,0
LGS2ORD0038575,C017334,2025-11-02 12:00:00,Male,45,Silver,Web,Remote_Area,629,CallCenter,COD,12,11,6,1,40-50,20.966666666666665,7.0,2.0,0.2857142857142857,11,19,4711.205714285715,0.2,0.5714285714285714,0.0,0.0,0.0,0,0,0.0,4060.25,1,1,1.0,4060.25,1,1,1.0,32978.44,7,2,0.2857142857142857,0
LGS2ORD0038576,C014977,2025-11-02 12:00:00,Female,60,Gold,Shopee,Khon Kaen,1419,Web,COD,12,11,6,1,>50,47.3,3.0,0.0,0.0,-1,10,3970.3233333333333,0.28,0.3333333333333333,0.6666666666666666,0.0,0.0,0,0,0.0,9291.89,1,0,0.0,9291.89,1,0,0.0,11910.97,3,0,0.0,0
LGS2ORD0038577,C017648,2025-11-02 12:00:00,Male,25,Platinum,Lazada,Nakhon Ratchasima,1377,TV_Show,PromptPay,12,11,6,1,20-30,45.9,7.0,2.0,0.2857142857142857,50,14,3338.27,0.35,0.5714285714285714,0.5714285714285714,0.0,0.0,0,0,0.0,7159.98,1,0,0.0,7848.5199999999995,2,1,0.5,23367.89,7,2,0.2857142857142857,0
LGS2ORD0038578,C017359,2025-11-02 12:00:00,Female,44,Silver,Lazada,Phuket,467,Web,Bank_Transfer,12,11,6,1,40-50,15.566666666666666,4.0,1.0,0.25,83,48,3915.3199999999997,0.3,0.25,0.25,0.0,0.0,0,0,0.0,0.0,0,0,0.0,3335.23,2,1,0.5,15661.279999999999,4,1,0.25,0
LGS2ORD0038579,C010755,2025-11-02 12:00:00,Male,29,Gold,CallCenter,Bangkok,461,Web,COD,12,11,6,1,20-30,15.366666666666667,3.0,0.0,0.0,-1,34,12838.066666666666,0.28,1.0,0.6666666666666666,0.0,0.0,0,0,0.0,0.0,0,0,0.0,30933.5,2,0,0.0,38514.2,3,0,0.0,0
LGS2ORD0038580,C016368,2025-11-02 12:00:00,Female,39,Silver,Web,Khon Kaen,1708,Web,COD,12,11,6,1,30-40,56.93333333333333,7.0,4.0,0.5714285714285714,-12,0,3717.328571428571,0.3,0.42857142857142855,0.2857142857142857,0.0,1709.74,1,1,1.0,1709.74,1,1,1.0,3637.2799999999997,2,2,1.0,26021.3,7,4,0.5714285714285714,1
LGS2ORD0038581,C011562,2025-11-02 13:00:00,Female,47,Gold,TV,Bangkok,1614,Shopee,PromptPay,13,11,6,1,40-50,53.8,6.0,1.0,0.16666666666666666,164,9,5176.953333333334,0.33,0.6666666666666666,0.5,0.0,0.0,0,0,0.0,13454.45,1,0,0.0,17434.16,2,0,0.0,31061.72,6,1,0.16666666666666666,0
LGS2ORD0038582,C013633,2025-11-02 13:00:00,Male,47,Bronze,Shopee,Chonburi,1563,Shopee,Credit_Card,13,11,6,1,40-50,52.1,5.0,2.0,0.4,-1,7,3573.4440000000004,0.23,0.6,0.2,0.0,0.0,0,0,0.0,1137.34,1,1,1.0,6970.530000000001,3,2,0.6666666666666666,17867.22,5,2,0.4,0
LGS2ORD0038583,C010108,2025-11-02 13:00:00,Female,23,Gold,Web,Chonburi,1322,Lazada,Credit_Card,13,11,6,1,20-30,44.06666666666667,1.0,0.0,0.0,-1,0,1069.45,0.28,0.0,1.0,0.0,1069.45,1,0,0.0,1069.45,1,0,0.0,1069.45,1,0,0.0,1069.45,1,0,0.0,0
LGS2ORD0038584,C015807,2025-11-02 13:00:00,Male,33,Silver,Web,Chiang Mai,1033,Web,COD,13,11,6,1,30-40,34.43333333333333,3.0,1.0,0.3333333333333333,232,72,7861.93,0.2,0.6666666666666666,0.0,0.0,0.0,0,0,0.0,0.0,0,0,0.0,10769.81,1,0,0.0,23585.79,3,1,0.3333333333333333,0
LGS2ORD0038585,C013440,2025-11-02 13:00:00,Female,48,Silver,Shopee,Bangkok,1308,Shopee,PromptPay,13,11,6,1,40-50,43.6,4.0,1.0,0.25,128,4,1835.3425000000002,0.1,0.25,0.0,0.0,1500.09,1,0,0.0,1500.09,1,0,0.0,1500.09,1,0,0.0,7341.370000000001,4,1,0.25,0
LGS2ORD0038586,C013058,2025-11-02 14:00:00,Female,24,Bronze,CallCenter,Chonburi,1712,Web,Credit_Card,14,11,6,1,20-30,57.06666666666667,8.0,1.0,0.125,165,3,6418.96375,0.18,0.625,0.0,0.0,9680.8,1,0,0.0,15003.77,2,0,0.0,30608.78,3,0,0.0,51351.71,8,1,0.125,0
LGS2ORD0038587,C011653,2025-11-02 14:00:00,Female,49,Gold,Lazada,Bangkok,337,Shopee,COD,14,11,6,1,40-50,11.233333333333333,6.0,0.0,0.0,-1,4,5182.763333333333,0.28,0.5,0.3333333333333333,0.0,2124.06,1,0,0.0,2124.06,1,0,0.0,2124.06,1,0,0.0,31096.58,6,0,0.0,0
LGS2ORD0038588,C017491,2025-11-02 14:00:00,Female,60,Gold,Shopee,Khon Kaen,1759,Shopee,COD,14,11,6,1,>50,58.63333333333333,1.0,0.0,0.0,-1,271,1241.17,0.13,1.0,0.0,0.0,0.0,0,0,0.0,0.0,0,0,0.0,0.0,0,0,0.0,1241.17,1,0,0.0,0
LGS2ORD0038589,C016389,2025-11-02 14:00:00,Male,49,Bronze,Lazada,Remote_Area,810,Lazada,COD,14,11,6,1,40-50,27.0,7.0,3.0,0.42857142857142855,15,22,9958.385714285714,0.18,0.5714285714285714,0.0,0.0,0.0,0,0,0.0,3480.39,1,1,1.0,44860.15,2,1,0.5,69708.7,7,3,0.42857142857142855,0
LGS2ORD0038590,C012518,2025-11-02 14:00:00,Other,46,Bronze,CallCenter,Khon Kaen,628,CallCenter,COD,14,11,6,1,40-50,20.933333333333334,9.0,2.0,0.2222222222222222,45,38,5945.712222222222,0.28,0.4444444444444444,0.2222222222222222,0.0,0.0,0,0,0.0,0.0,0,0,0.0,6527.95,2,1,0.5,53511.41,9,2,0.2222222222222222,0
LGS2ORD0038591,C011718,2025-11-02 15:00:00,Female,45,Gold,CallCenter,Bangkok,1697,Shopee,COD,15,11,6,1,40-50,56.56666666666667,7.0,1.0,0.14285714285714285,141,15,3505.6842857142865,0.33,0.5714285714285714,0.42857142857142855,0.0,0.0,0,0,0.0,1254.04,1,0,0.0,1254.04,1,0,0.0,24539.790000000005,7,1,0.14285714285714285,1
LGS2ORD0038592,C017314,2025-11-02 15:00:00,Male,41,Bronze,Web,Remote_Area,1757,TV_Show,Bank_Transfer,15,11,6,1,40-50,58.56666666666667,6.0,2.0,0.3333333333333333,246,43,2347.766666666667,0.28,0.5,0.5,0.0,0.0,0,0,0.0,0.0,0,0,0.0,5579.26,2,0,0.0,14086.6,6,2,0.3333333333333333,0
LGS2ORD0038593,C014972,2025-11-02 15:00:00,Male,30,Bronze,CallCenter,Nakhon Ratchasima,1583,TV_Show,Credit_Card,15,11,6,1,20-30,52.766666666666666,6.0,0.0,0.0,-1,51,14332.128333333332,0.28,0.3333333333333333,0.3333333333333333,0.0,0.0,0,0,0.0,0.0,0,0,0.0,7061.65,1,0,0.0,85992.76999999999,6,0,0.0,0
LGS2ORD0038594,C015789,2025-11-02 15:00:00,Male,46,Gold,TV,Chonburi,852,Web,Credit_Card,15,11,6,1,40-50,28.4,4.0,0.0,0.0,-1,31,3147.3275000000003,0.28,0.5,0.5,0.0,0.0,0,0,0.0,0.0,0,0,0.0,3864.86,1,0,0.0,12589.310000000001,4,0,0.0,0
LGS2ORD0038595,C017481,2025-11-02 15:00:00,Male,54,Bronze,Shopee,Nakhon Ratchasima,515,Shopee,COD,15,11,6,1,>50,17.166666666666668,7.0,1.0,0.14285714285714285,33,47,7222.848571428572,0.18,0.42857142857142855,0.0,0.0,0.0,0,0,0.0,0.0,0,0,0.0,14907.27,2,1,0.5,50559.94,7,1,0.14285714285714285,1
LGS2ORD0038596,C015264,2025-11-02 16:00:00,Male,61,Silver,TV,Chonburi,1029,Shopee,COD,16,11,6,1,>50,34.3,2.0,0.0,0.0,-1,55,2604.05,0.3,0.5,0.5,0.0,0.0,0,0,0.0,0.0,0,0,0.0,4716.04,1,0,0.0,5208.1,2,0,0.0,0
LGS2ORD0038597,C012081,2025-11-02 16:00:00,Male,62,Bronze,Web,Phuket,1665,Lazada,Bank_Transfer,16,11,6,1,>50,55.5,4.0,0.0,0.0,-1,1,3394.4125000000004,0.23,0.5,0.75,0.0,1036.45,1,0,0.0,5096.96,2,0,0.0,11794.970000000001,3,0,0.0,13577.650000000001,4,0,0.0,1
LGS2ORD0038598,C015963,2025-11-02 16:00:00,Male,39,Gold,Web,Chiang Mai,652,TV_Show,COD,16,11,6,1,30-40,21.733333333333334,5.0,2.0,0.4,89,66,3347.814,0.2299999999999999,0.6,0.4,0.0,0.0,0,0,0.0,0.0,0,0,0.0,2558.57,1,0,0.0,16739.07,5,2,0.4,1
LGS2ORD0038599,C013946,2025-11-02 16:00:00,Female,44,Bronze,TV,Bangkok,1260,CallCenter,COD,16,11,6,1,40-50,42.0,2.0,1.0,0.5,167,161,18431.695,0.08,0.5,0.0,0.0,0.0,0,0,0.0,0.0,0,0,0.0,0.0,0,0,0.0,36863.39,2,1,0.5,0
LGS2ORD0038600,C010585,2025-11-02 16:00:00,Female,66,Platinum,Shopee,Bangkok,871,TV_Show,Credit_Card,16,11,6,1,>50,29.033333333333335,0.0,0.0,0.0,-1,-1,0.0,0.0,0.0,0.0,0.0,0.0,0,0,0.0,0.0,0,0,0.0,0.0,0,0,0.0,0.0,0,0,0.0,0
LGS2ORD0038601,C017362,2025-11-02 16:00:00,Female,39,Gold,CallCenter,Bangkok,1444,Web,COD,16,11,6,1,30-40,48.13333333333333,5.0,0.0,0.0,-1,39,8527.74,0.28,0.2,0.4,0.0,0.0,0,0,0.0,0.0,0,0,0.0,12981.14,2,0,0.0,42638.7,5,0,0.0,0
LGS2ORD0038602,C010909,2025-11-02 17:00:00,Female,28,Bronze,Shopee,Remote_Area,1055,Web,Credit_Card,17,11,6,1,20-30,35.166666666666664,6.0,2.0,0.3333333333333333,-9,3,2299.7083333333335,0.28,0.8333333333333334,0.16666666666666666,0.0,3352.3,2,1,0.5,3352.3,2,1,0.5,7290.2699999999995,4,2,0.5,13798.25,6,2,0.3333333333333333,0
LGS2ORD0038603,C016930,2025-11-02 17:00:00,Female,62,Bronze,Web,Songkhla,681,TV_Show,COD,17,11,6,1,>50,22.7,2.0,0.0,0.0,-1,41,7480.085,0.13,0.5,0.0,0.0,0.0,0,0,0.0,0.0,0,0,0.0,12051.27,1,0,0.0,14960.17,2,0,0.0,1
LGS2ORD0038604,C014363,2025-11-02 17:00:00,Male,49,Gold,Web,Phuket,1229,Web,COD,17,11,6,1,40-50,40.96666666666667,5.0,1.0,0.2,291,37,2763.002,0.2299999999999999,0.6,0.2,0.0,0.0,0,0,0.0,0.0,0,0,0.0,7683.14,2,0,0.0,13815.01,5,1,0.2,1
LGS2ORD0038605,C015491,2025-11-02 17:00:00,Male,38,Bronze,CallCenter,Chiang Mai,1636,TV_Show,PromptPay,17,11,6,1,30-40,54.53333333333333,13.0,1.0,0.07692307692307693,286,30,4555.457692307693,0.23,0.6153846153846154,0.3076923076923077,0.0,0.0,0,0,0.0,4706.06,1,0,0.0,5646.39,2,0,0.0,59220.950000000004,13,1,0.07692307692307693,0
LGS2ORD0038606,C015763,2025-11-02 17:00:00,Male,39,Silver,TV,Nakhon Ratchasima,404,TV_Show,COD,17,11,6,1,30-40,13.466666666666667,3.0,1.0,0.3333333333333333,0,3,2090.0533333333333,0.3,0.3333333333333333,0.6666666666666666,0.0,910.08,1,1,1.0,910.08,1,1,1.0,910.08,1,1,1.0,6270.16,3,1,0.3333333333333333,0
LGS2ORD0038607,C012278,2025-11-02 18:00:00,Male,31,Bronze,Shopee,Remote_Area,1330,Web,Credit_Card,18,11,6,1,30-40,44.333333333333336,6.0,3.0,0.5,70,19,5022.04,0.28,0.3333333333333333,0.3333333333333333,0.0,0.0,0,0,0.0,3183.22,1,0,0.0,16147.839999999998,3,1,0.3333333333333333,30132.24,6,3,0.5,0
LGS2ORD0038608,C015540,2025-11-02 18:00:00,Female,42,Silver,TV,Bangkok,1688,TV_Show,PromptPay,18,11,6,1,40-50,56.266666666666666,1.0,0.0,0.0,-1,209,2849.96,0.05,0.0,0.0,0.0,0.0,0,0,0.0,0.0,0,0,0.0,0.0,0,0,0.0,2849.96,1,0,0.0,0
LGS2ORD0038609,C017270,2025-11-02 18:00:00,Female,40,Bronze,TV,Bangkok,515,TV_Show,COD,18,11,6,1,30-40,17.166666666666668,6.0,3.0,0.5,64,78,3134.5049999999997,0.28,0.6666666666666666,0.3333333333333333,0.0,0.0,0,0,0.0,0.0,0,0,0.0,1380.93,2,2,1.0,18807.03,6,3,0.5,0
LGS2ORD0038610,C017670,2025-11-02 18:00:00,Male,58,Gold,Shopee,Phuket,557,Shopee,PromptPay,18,11,6,1,>50,18.566666666666666,8.0,2.0,0.25,151,93,6028.0125,0.33,0.625,0.375,0.0,0.0,0,0,0.0,0.0,0,0,0.0,0.0,0,0,0.0,48224.1,8,2,0.25,0
LGS2ORD0038611,C011563,2025-11-02 18:00:00,Male,39,Platinum,CallCenter,Bangkok,719,TV_Show,COD,18,11,6,1,30-40,23.966666666666665,5.0,0.0,0.0,-1,174,4786.376,0.3,0.4,0.4,0.0,0.0,0,0,0.0,0.0,0,0,0.0,0.0,0,0,0.0,23931.88,5,0,0.0,1
LGS2ORD0038612,C012250,2025-11-02 19:00:00,Other,38,Bronze,Shopee,Remote_Area,1608,CallCenter,COD,19,11,6,1,30-40,53.6,9.0,3.0,0.3333333333333333,48,55,3789.48,0.28,0.5555555555555556,0.1111111111111111,0.0,0.0,0,0,0.0,0.0,0,0,0.0,4541.08,2,1,0.5,34105.32,9,3,0.3333333333333333,0
LGS2ORD0038613,C015704,2025-11-02 19:00:00,Female,18,Silver,Shopee,Remote_Area,813,TV_Show,Credit_Card,19,11,6,1,<20,27.1,4.0,1.0,0.25,18,23,8464.5025,0.3,0.75,0.5,0.0,0.0,0,0,0.0,8989.41,2,1,0.5,8989.41,2,1,0.5,33858.01,4,1,0.25,1
LGS2ORD0038614,C014716,2025-11-02 19:00:00,Female,60,Gold,TV,Bangkok,1649,Shopee,PromptPay,19,11,6,1,>50,54.96666666666667,3.0,0.0,0.0,-1,57,3122.646666666667,0.33,0.3333333333333333,0.6666666666666666,0.0,0.0,0,0,0.0,0.0,0,0,0.0,9367.94,3,0,0.0,9367.94,3,0,0.0,0
LGS2ORD0038615,C017421,2025-11-02 19:00:00,Female,49,Gold,CallCenter,Bangkok,454,CallCenter,COD,19,11,6,1,40-50,15.133333333333333,2.0,1.0,0.5,248,2,9027.77,0.18,0.5,0.0,0.0,14859.1,1,0,0.0,14859.1,1,0,0.0,14859.1,1,0,0.0,18055.54,2,1,0.5,1
LGS2ORD0038616,C014903,2025-11-02 19:00:00,Female,18,Bronze,TV,Phuket,816,Web,Credit_Card,19,11,6,1,<20,27.2,8.0,2.0,0.25,27,4,3863.4387500000003,0.23,0.375,0.125,0.0,5368.46,1,0,0.0,9874.34,2,0,0.0,16076.43,4,1,0.25,30907.510000000002,8,2,0.25,0
LGS2ORD0038617,C014846,2025-11-02 20:00:00,Female,37,Gold,Web,Chiang Mai,318,Web,COD,20,11,6,1,30-40,10.6,6.0,1.0,0.16666666666666666,147,36,7880.113333333334,0.33,0.3333333333333333,0.6666666666666666,0.0,0.0,0,0,0.0,0.0,0,0,0.0,28726.77,3,0,0.0,47280.68,6,1,0.16666666666666666,1
LGS2ORD0038618,C015869,2025-11-02 20:00:00,Female,56,Bronze,Lazada,Phuket,1491,Web,Bank_Transfer,20,11,6,1,>50,49.7,5.0,4.0,0.8,32,41,6939.421999999999,0.28,0.2,0.2,0.0,0.0,0,0,0.0,0.0,0,0,0.0,1274.84,1,1,1.0,34697.10999999999,5,4,0.8,0
LGS2ORD0038619,C015159,2025-11-02 20:00:00,Male,43,Bronze,Web,Khon Kaen,1577,Web,Bank_Transfer,20,11,6,1,40-50,52.56666666666667,5.0,0.0,0.0,-1,12,4248.962,0.23,0.4,0.2,0.0,0.0,0,0,0.0,7474.8,2,0,0.0,11162.97,3,0,0.0,21244.81,5,0,0.0,0
LGS2ORD0038620,C015980,2025-11-02 20:00:00,Other,36,Bronze,Web,Bangkok,341,TV_Show,PromptPay,20,11,6,1,30-40,11.366666666666667,3.0,0.0,0.0,-1,86,5237.03,0.23,0.3333333333333333,0.3333333333333333,0.0,0.0,0,0,0.0,0.0,0,0,0.0,2472.02,1,0,0.0,15711.09,3,0,0.0,0
LGS2ORD0038621,C011607,2025-11-02 20:00:00,Male,39,Bronze,Shopee,Chonburi,939,Web,PromptPay,20,11,6,1,30-40,31.3,5.0,2.0,0.4,99,107,3517.7560000000003,0.28,0.4,0.4,0.0,0.0,0,0,0.0,0.0,0,0,0.0,0.0,0,0,0.0,17588.780000000002,5,2,0.4,0
LGS2ORD0038622,C010212,2025-11-02 20:00:00,Male,51,Bronze,Web,Bangkok,1594,Shopee,COD,20,11,6,1,>50,53.13333333333333,12.0,2.0,0.16666666666666666,267,15,7348.7958333333345,0.28,0.8333333333333334,0.3333333333333333,0.0,0.0,0,0,0.0,557.78,1,0,0.0,21055.879999999997,5,0,0.0,88185.55000000002,12,2,0.16666666666666666,1
LGS2ORD0038623,C016590,2025-11-02 21:00:00,Male,50,Platinum,Lazada,Chonburi,895,TV_Show,Credit_Card,21,11,6,1,40-50,29.833333333333332,7.0,1.0,0.14285714285714285,183,60,15674.714285714286,0.3,0.42857142857142855,0.14285714285714285,0.0,0.0,0,0,0.0,0.0,0,0,0.0,10213.58,1,0,0.0,109723.0,7,1,0.14285714285714285,0
LGS2ORD0038624,C017965,2025-11-02 21:00:00,Other,43,Bronze,Web,Bangkok,1343,Lazada,Credit_Card,21,11,6,1,40-50,44.766666666666666,3.0,1.0,0.3333333333333333,1,10,7115.540000000001,0.28,0.6666666666666666,0.3333333333333333,0.0,0.0,0,0,0.0,8742.02,2,1,0.5,8742.02,2,1,0.5,21346.620000000003,3,1,0.3333333333333333,1
LGS2ORD0038625,C011422,2025-11-02 21:00:00,Male,29,Bronze,TV,Bangkok,955,Web,COD,21,11,6,1,20-30,31.833333333333332,7.0,3.0,0.42857142857142855,13,1,10029.828571428572,0.23,0.42857142857142855,0.14285714285714285,0.0,8104.5,1,0,0.0,11243.25,2,1,0.5,15807.52,3,1,0.3333333333333333,70208.8,7,3,0.42857142857142855,0
LGS2ORD0038626,C013382,2025-11-02 21:00:00,Female,48,Platinum,Shopee,Chonburi,1715,CallCenter,COD,21,11,6,1,40-50,57.166666666666664,8.0,1.0,0.125,278,34,3433.1037499999998,0.25,0.625,0.25,0.0,0.0,0,0,0.0,0.0,0,0,0.0,9300.119999999999,3,0,0.0,27464.829999999998,8,1,0.125,0
LGS2ORD0038627,C017679,2025-11-02 21:00:00,Female,26,Bronze,Web,Phuket,688,Lazada,Credit_Card,21,11,6,1,20-30,22.933333333333334,3.0,2.0,0.6666666666666666,141,146,1366.1033333333332,0.18,0.6666666666666666,0.0,0.0,0.0,0,0,0.0,0.0,0,0,0.0,0.0,0,0,0.0,4098.3099999999995,3,2,0.6666666666666666,0
LGS2ORD0038628,C013271,2025-11-02 22:00:00,Male,18,Bronze,TV,Khon Kaen,1055,CallCenter,PromptPay,22,11,6,1,<20,35.166666666666664,3.0,0.0,0.0,-1,157,8116.673333333332,0.03,0.6666666666666666,0.0,0.0,0.0,0,0,0.0,0.0,0,0,0.0,0.0,0,0,0.0,24350.019999999997,3,0,0.0,1
LGS2ORD0038629,C011311,2025-11-02 22:00:00,Female,32,Bronze,TV,Songkhla,929,Lazada,Credit_Card,22,11,6,1,30-40,30.966666666666665,6.0,1.0,0.16666666666666666,264,23,2469.7816666666663,0.28,0.3333333333333333,0.3333333333333333,0.0,0.0,0,0,0.0,3496.18,1,0,0.0,5490.42,2,0,0.0,14818.689999999999,6,1,0.16666666666666666,0
LGS2ORD0038630,C010149,2025-11-02 22:00:00,Female,43,Gold,Shopee,Nakhon Ratchasima,1560,TV_Show,COD,22,11,6,1,40-50,52.0,4.0,2.0,0.5,-11,0,2879.3275000000003,0.28,0.0,0.5,0.0,7194.59,2,1,0.5,7194.59,2,1,0.5,7194.59,2,1,0.5,11517.310000000001,4,2,0.5,1
LGS2ORD0038631,C014079,2025-11-02 22:00:00,Female,54,Bronze,Shopee,Remote_Area,1652,Lazada,Credit_Card,22,11,6,1,>50,55.06666666666667,3.0,0.0,0.0,-1,73,4411.806666666666,0.28,0.6666666666666666,0.3333333333333333,0.0,0.0,0,0,0.0,0.0,0,0,0.0,4077.0,1,0,0.0,13235.42,3,0,0.0,0
LGS2ORD0038632,C017978,2025-11-02 22:00:00,Female,48,Bronze,Shopee,Bangkok,673,TV_Show,COD,22,11,6,1,40-50,22.433333333333334,2.0,0.0,0.0,-1,26,4965.84,0.08,1.0,0.0,0.0,0.0,0,0,0.0,8738.72,1,0,0.0,8738.72,1,0,0.0,9931.68,2,0,0.0,1
LGS2ORD0038633,C011420,2025-11-02 23:00:00,Male,32,Gold,Lazada,Chiang Mai,1746,TV_Show,COD,23,11,6,1,30-40,58.2,3.0,1.0,0.3333333333333333,-7,2,3205.8266666666664,0.33,0.6666666666666666,0.3333333333333333,0.0,1818.85,1,1,1.0,1818.85,1,1,1.0,1818.85,1,1,1.0,9617.48,3,1,0.3333333333333333,0
LGS2ORD0038634,C014775,2025-11-02 23:00:00,Male,62,Silver,TV,Phuket,1468,Lazada,COD,23,11,6,1,>50,48.93333333333333,7.0,2.0,0.2857142857142857,34,36,4887.87,0.3,0.7142857142857143,0.14285714285714285,0.0,0.0,0,0,0.0,0.0,0,0,0.0,4520.2,3,1,0.3333333333333333,34215.09,7,2,0.2857142857142857,1
LGS2ORD0038635,C012579,2025-11-02 23:00:00,Female,41,Gold,Shopee,Khon Kaen,419,Lazada,COD,23,11,6,1,40-50,13.966666666666667,2.0,0.0,0.0,-1,26,2354.48,0.13,0.0,0.0,0.0,0.0,0,0,0.0,3660.63,1,0,0.0,4708.96,2,0,0.0,4708.96,2,0,0.0,0
LGS2ORD0038636,C016648,2025-11-02 23:00:00,Female,48,Bronze,Lazada,Chiang Mai,1041,Lazada,COD,23,11,6,1,40-50,34.7,5.0,1.0,0.2,27,5,6089.17,0.28,0.6,0.4,0.0,3137.55,1,0,0.0,3137.55,1,0,0.0,15961.25,2,1,0.5,30445.85,5,1,0.2,0
LGS2ORD0038637,C017395,2025-11-02 23:00:00,Male,42,Bronze,Lazada,Khon Kaen,1337,Web,COD,23,11,6,1,40-50,44.56666666666667,4.0,0.0,0.0,-1,4,9737.5275,0.23,0.75,0.25,0.0,5138.79,1,0,0.0,5138.79,1,0,0.0,5138.79,1,0,0.0,38950.11,4,0,0.0,1
LGS2ORD0038638,C017654,2025-11-02 23:00:00,Female,44,Bronze,TV,Bangkok,692,TV_Show,COD,23,11,6,1,40-50,23.066666666666666,2.0,1.0,0.5,253,90,4081.47,0.23,1.0,1.0,0.0,0.0,0,0,0.0,0.0,0,0,0.0,0.0,0,0,0.0,8162.94,2,1,0.5,1
LGS2ORD0038639,C012423,2025-11-03 00:00:00,Female,57,Bronze,CallCenter,Remote_Area,1092,CallCenter,PromptPay,0,11,0,0,>50,36.4,8.0,2.0,0.25,109,55,4535.4712500000005,0.28,0.125,0.625,0.0,0.0,0,0,0.0,0.0,0,0,0.0,8785.7,2,0,0.0,36283.770000000004,8,2,0.25,0
LGS2ORD0038640,C016794,2025-11-03 00:00:00,Female,33,Bronze,Web,Chonburi,1559,Shopee,COD,0,11,0,0,30-40,51.96666666666667,5.0,1.0,0.2,37,28,9981.768,0.18,0.4,0.0,0.0,0.0,0,0,0.0,11361.62,1,0,0.0,26389.300000000003,2,1,0.5,49908.840000000004,5,1,0.2,1
LGS2ORD0038641,C017600,2025-11-03 00:00:00,Female,48,Bronze,Web,Chiang Mai,797,CallCenter,Bank_Transfer,0,11,0,0,40-50,26.566666666666666,8.0,4.0,0.5,63,40,7811.977500000001,0.23,0.375,0.25,0.0,0.0,0,0,0.0,0.0,0,0,0.0,33048.310000000005,3,1,0.3333333333333333,62495.82000000001,8,4,0.5,0
LGS2ORD0038642,C010460,2025-11-03 00:00:00,Female,56,Gold,Shopee,Chiang Mai,1594,TV_Show,COD,0,11,0,0,>50,53.13333333333333,1.0,0.0,0.0,-1,5,17644.5,0.13,1.0,0.0,0.0,17644.5,1,0,0.0,17644.5,1,0,0.0,17644.5,1,0,0.0,17644.5,1,0,0.0,0
LGS2ORD0038643,C011341,2025-11-03 00:00:00,Female,59,Bronze,Web,Bangkok,1225,Lazada,COD,0,11,0,0,>50,40.833333333333336,7.0,1.0,0.14285714285714285,203,10,3248.27,0.23,0.2857142857142857,0.14285714285714285,0.0,0.0,0,0,0.0,8325.35,1,0,0.0,10960.310000000001,2,0,0.0,22737.89,7,1,0.14285714285714285,0
LGS2ORD0038644,C013766,2025-11-03 01:00:00,Male,37,Bronze,TV,Remote_Area,1173,Shopee,COD,1,11,0,0,30-40,39.1,8.0,2.0,0.25,58,63,6327.515,0.28,0.375,0.625,0.0,0.0,0,0,0.0,0.0,0,0,0.0,4158.37,2,1,0.5,50620.12,8,2,0.25,1
LGS2ORD0038645,C014739,2025-11-03 01:00:00,Female,54,Platinum,Lazada,Phuket,1175,TV_Show,Credit_Card,1,11,0,0,>50,39.166666666666664,2.0,1.0,0.5,235,198,15009.78,0.1,0.5,0.0,0.0,0.0,0,0,0.0,0.0,0,0,0.0,0.0,0,0,0.0,30019.56,2,1,0.5,0
LGS2ORD0038646,C012322,2025-11-03 01:00:00,Male,24,Silver,TV,Nakhon Ratchasima,405,Shopee,COD,1,11,0,0,20-30,13.5,6.0,2.0,0.3333333333333333,-1,4,4582.666666666667,0.25,0.6666666666666666,0.16666666666666666,0.0,2359.24,1,1,1.0,2359.24,1,1,1.0,2359.24,1,1,1.0,27496.0,6,2,0.3333333333333333,0
LGS2ORD0038647,C015808,2025-11-03 01:00:00,Female,36,Silver,CallCenter,Bangkok,520,Shopee,COD,1,11,0,0,30-40,17.333333333333332,3.0,0.0,0.0,-1,69,13883.796666666667,0.15,0.6666666666666666,0.0,0.0,0.0,0,0,0.0,0.0,0,0,0.0,16153.72,1,0,0.0,41651.39,3,0,0.0,0
LGS2ORD0038648,C010901,2025-11-03 01:00:00,Female,46,Silver,Web,Songkhla,1395,TV_Show,Credit_Card,1,11,0,0,40-50,46.5,7.0,2.0,0.2857142857142857,155,38,10487.08857142857,0.3,0.42857142857142855,0.42857142857142855,0.0,0.0,0,0,0.0,0.0,0,0,0.0,30821.18,2,0,0.0,73409.62,7,2,0.2857142857142857,0
LGS2ORD0038649,C011257,2025-11-03 02:00:00,Male,23,Silver,CallCenter,Remote_Area,392,Web,COD,2,11,0,0,20-30,13.066666666666666,4.0,0.0,0.0,-1,139,4757.6475,0.25,0.5,0.25,0.0,0.0,0,0,0.0,0.0,0,0,0.0,0.0,0,0,0.0,19030.59,4,0,0.0,1
LGS2ORD0038650,C010375,2025-11-03 02:00:00,Female,51,Silver,TV,Chiang Mai,1223,Lazada,COD,2,11,0,0,>50,40.766666666666666,5.0,2.0,0.4,69,11,4550.82,0.3,0.4,0.2,0.0,0.0,0,0,0.0,3066.86,1,0,0.0,4713.030000000001,2,1,0.5,22754.1,5,2,0.4,0
LGS2ORD0038651,C017587,2025-11-03 02:00:00,Male,19,Gold,TV,Khon Kaen,784,Web,COD,2,11,0,0,<20,26.133333333333333,11.0,2.0,0.18181818181818182,216,12,3755.439090909091,0.33,0.6363636363636364,0.18181818181818182,0.0,0.0,0,0,0.0,7667.53,1,0,0.0,25141.239999999998,5,0,0.0,41309.83,11,2,0.18181818181818182,0
LGS2ORD0038652,C015907,2025-11-03 02:00:00,Male,37,Silver,Lazada,Khon Kaen,433,Shopee,PromptPay,2,11,0,0,30-40,14.433333333333334,6.0,1.0,0.16666666666666666,219,19,4388.338333333333,0.2,0.5,0.0,0.0,0.0,0,0,0.0,1483.48,1,0,0.0,16467.0,3,0,0.0,26330.03,6,1,0.16666666666666666,0
LGS2ORD0038653,C011612,2025-11-03 02:00:00,Male,56,Silver,Shopee,Chonburi,1451,TV_Show,COD,2,11,0,0,>50,48.36666666666667,6.0,2.0,0.3333333333333333,41,9,2866.563333333333,0.3,1.0,0.6666666666666666,0.0,0.0,0,0,0.0,3932.6,1,0,0.0,12199.44,4,2,0.5,17199.379999999997,6,2,0.3333333333333333,0
LGS2ORD0038654,C015836,2025-11-03 03:00:00,Female,48,Bronze,Shopee,Songkhla,1701,Shopee,Credit_Card,3,11,0,0,40-50,56.7,4.0,0.0,0.0,-1,160,5537.567499999999,0.18,0.25,0.0,0.0,0.0,0,0,0.0,0.0,0,0,0.0,0.0,0,0,0.0,22150.269999999997,4,0,0.0,0
LGS2ORD0038655,C014561,2025-11-03 03:00:00,Female,26,Platinum,Web,Chonburi,1677,TV_Show,COD,3,11,0,0,20-30,55.9,7.0,3.0,0.42857142857142855,-9,4,4310.9628571428575,0.3,0.8571428571428571,0.7142857142857143,0.0,7420.91,1,1,1.0,22957.73,4,2,0.5,22957.73,4,2,0.5,30176.74,7,3,0.42857142857142855,0
LGS2ORD0038656,C011864,2025-11-03 03:00:00,Female,32,Bronze,Lazada,Khon Kaen,392,TV_Show,COD,3,11,0,0,30-40,13.066666666666666,12.0,3.0,0.25,41,12,4665.3525,0.28,0.5833333333333334,0.4166666666666667,0.0,0.0,0,0,0.0,6594.3,1,0,0.0,15029.02,3,1,0.3333333333333333,55984.229999999996,12,3,0.25,0
LGS2ORD0038657,C011036,2025-11-03 03:00:00,Male,42,Bronze,Web,Bangkok,1532,Web,COD,3,11,0,0,40-50,51.06666666666667,5.0,0.0,0.0,-1,89,10147.640000000001,0.23,0.6,0.2,0.0,0.0,0,0,0.0,0.0,0,0,0.0,1281.37,1,0,0.0,50738.200000000004,5,0,0.0,0
LGS2ORD0038658,C013304,2025-11-03 03:00:00,Female,45,Bronze,Lazada,Chonburi,578,TV_Show,Credit_Card,3,11,0,0,40-50,19.266666666666666,5.0,0.0,0.0,-1,9,4716.860000000001,0.23,0.6,0.2,0.0,0.0,0,0,0.0,874.83,1,0,0.0,9386.11,3,0,0.0,23584.300000000003,5,0,0.0,0
LGS2ORD0038659,C014539,2025-11-03 03:00:00,Male,42,Silver,Lazada,Chiang Mai,1152,Shopee,Credit_Card,3,11,0,0,40-50,38.4,6.0,3.0,0.5,15,30,8311.316666666668,0.25,0.6666666666666666,0.16666666666666666,0.0,0.0,0,0,0.0,0.0,0,0,0.0,19511.050000000003,3,2,0.6666666666666666,49867.9,6,3,0.5,0
LGS2ORD0038660,C015097,2025-11-03 04:00:00,Male,46,Silver,Web,Bangkok,632,Shopee,Credit_Card,4,11,0,0,40-50,21.066666666666666,8.0,4.0,0.5,80,80,7236.365,0.25,0.75,0.375,0.0,0.0,0,0,0.0,0.0,0,0,0.0,6774.2,1,0,0.0,57890.92,8,4,0.5,1
LGS2ORD0038661,C012388,2025-11-03 04:00:00,Male,43,Bronze,Shopee,Phuket,655,TV_Show,Credit_Card,4,11,0,0,40-50,21.833333333333332,8.0,2.0,0.25,-6,2,8841.216250000001,0.18,0.5,0.0,0.0,1283.36,1,1,1.0,1283.36,1,1,1.0,5423.53,2,1,0.5,70729.73000000001,8,2,0.25,0
LGS2ORD0038662,C011269,2025-11-03 04:00:00,Male,45,Bronze,TV,Nakhon Ratchasima,690,Shopee,COD,4,11,0,0,40-50,23.0,5.0,1.0,0.2,291,153,8031.451999999999,0.28,0.4,0.4,0.0,0.0,0,0,0.0,0.0,0,0,0.0,0.0,0,0,0.0,40157.259999999995,5,1,0.2,0
LGS2ORD0038663,C015394,2025-11-03 04:00:00,Male,72,Bronze,Shopee,Remote_Area,372,Shopee,COD,4,11,0,0,>50,12.4,8.0,1.0,0.125,34,29,4468.12,0.23,0.5,0.125,0.0,0.0,0,0,0.0,1030.72,1,0,0.0,10707.99,3,1,0.3333333333333333,35744.96,8,1,0.125,0
LGS2ORD0038664,C014166,2025-11-03 04:00:00,Female,46,Bronze,TV,Phuket,1282,Lazada,COD,4,11,0,0,40-50,42.733333333333334,3.0,2.0,0.6666666666666666,118,129,5101.91,0.18,0.6666666666666666,0.0,0.0,0.0,0,0,0.0,0.0,0,0,0.0,0.0,0,0,0.0,15305.73,3,2,0.6666666666666666,0
LGS2ORD0038665,C013329,2025-11-03 05:00:00,Female,63,Silver,TV,Chiang Mai,545,Web,Credit_Card,5,11,0,0,>50,18.166666666666668,3.0,0.0,0.0,-1,48,12788.006666666668,0.25,0.6666666666666666,0.3333333333333333,0.0,0.0,0,0,0.0,0.0,0,0,0.0,17524.26,1,0,0.0,38364.020000000004,3,0,0.0,0
LGS2ORD0038666,C017973,2025-11-03 05:00:00,Female,50,Bronze,CallCenter,Bangkok,1689,TV_Show,COD,5,11,0,0,40-50,56.3,4.0,2.0,0.5,139,149,2602.3775,0.23,0.5,0.25,0.0,0.0,0,0,0.0,0.0,0,0,0.0,0.0,0,0,0.0,10409.51,4,2,0.5,0
LGS2ORD0038667,C016082,2025-11-03 05:00:00,Female,44,Bronze,TV,Phuket,1334,Lazada,COD,5,11,0,0,40-50,44.46666666666667,4.0,1.0,0.25,278,7,7121.56,0.23,0.25,0.25,0.0,0.0,0,0,0.0,4132.36,1,0,0.0,4132.36,1,0,0.0,28486.24,4,1,0.25,0
LGS2ORD0038668,C012713,2025-11-03 05:00:00,Male,68,Bronze,TV,Bangkok,376,Lazada,COD,5,11,0,0,>50,12.533333333333333,1.0,0.0,0.0,-1,291,4118.89,0.08,1.0,0.0,0.0,0.0,0,0,0.0,0.0,0,0,0.0,0.0,0,0,0.0,4118.89,1,0,0.0,0
LGS2ORD0038669,C016049,2025-11-03 05:00:00,Female,27,Platinum,Lazada,Bangkok,659,Web,COD,5,11,0,0,20-30,21.966666666666665,2.0,0.0,0.0,-1,59,14241.68,0.3,1.0,1.0,0.0,0.0,0,0,0.0,0.0,0,0,0.0,1125.42,1,0,0.0,28483.36,2,0,0.0,0
LGS2ORD0038670,C016414,2025-11-03 06:00:00,Female,49,Bronze,Lazada,Nakhon Ratchasima,329,Shopee,COD,6,11,0,0,40-50,10.966666666666667,4.0,0.0,0.0,-1,118,8502.755000000001,0.23,0.25,0.25,0.0,0.0,0,0,0.0,0.0,0,0,0.0,0.0,0,0,0.0,34011.020000000004,4,0,0.0,1
LGS2ORD0038671,C015721,2025-11-03 06:00:00,Female,38,Platinum,Shopee,Bangkok,678,Shopee,Credit_Card,6,11,0,0,30-40,22.6,2.0,0.0,0.0,-1,78,2123.77,0.25,0.0,0.5,0.0,0.0,0,0,0.0,0.0,0,0,0.0,1670.51,1,0,0.0,4247.54,2,0,0.0,1
LGS2ORD0038672,C017275,2025-11-03 06:00:00,Female,19,Silver,Web,Phuket,1428,CallCenter,PromptPay,6,11,0,0,<20,47.6,2.0,0.0,0.0,-1,30,4871.62,0.25,0.5,0.5,0.0,0.0,0,0,0.0,0.0,0,0,0.0,2317.49,1,0,0.0,9743.24,2,0,0.0,0
LGS2ORD0038673,C011854,2025-11-03 06:00:00,Male,57,Bronze,CallCenter,Remote_Area,841,CallCenter,COD,6,11,0,0,>50,28.033333333333335,6.0,4.0,0.6666666666666666,45,58,5388.989999999999,0.18,0.8333333333333334,0.0,0.0,0.0,0,0,0.0,0.0,0,0,0.0,1301.71,1,1,1.0,32333.939999999995,6,4,0.6666666666666666,0
LGS2ORD0038674,C016077,2025-11-03 06:00:00,Male,40,Bronze,Web,Bangkok,448,Web,PromptPay,6,11,0,0,30-40,14.933333333333334,4.0,2.0,0.5,227,138,8844.0675,0.23,0.25,0.25,0.0,0.0,0,0,0.0,0.0,0,0,0.0,0.0,0,0,0.0,35376.27,4,2,0.5,0
LGS2ORD0038675,C015630,2025-11-03 07:00:00,Female,44,Bronze,Web,Bangkok,692,Shopee,COD,7,11,0,0,40-50,23.066666666666666,4.0,0.0,0.0,-1,40,4869.5925,0.08,0.25,0.0,0.0,0.0,0,0,0.0,0.0,0,0,0.0,4364.67,2,0,0.0,19478.37,4,0,0.0,0
LGS2ORD0038676,C011309,2025-11-03 07:00:00,Female,19,Gold,TV,Khon Kaen,623,Shopee,COD,7,11,0,0,<20,20.766666666666666,2.0,1.0,0.5,64,77,6366.115,0.28,0.5,1.0,0.0,0.0,0,0,0.0,0.0,0,0,0.0,8864.17,1,1,1.0,12732.23,2,1,0.5,0
LGS2ORD0038677,C013423,2025-11-03 07:00:00,Female,44,Gold,TV,Songkhla,1731,Shopee,PromptPay,7,11,0,0,40-50,57.7,4.0,1.0,0.25,46,55,5734.64,0.28,0.75,0.75,0.0,0.0,0,0,0.0,0.0,0,0,0.0,9158.310000000001,2,1,0.5,22938.56,4,1,0.25,0
LGS2ORD0038678,C013725,2025-11-03 07:00:00,Other,31,Silver,TV,Phuket,1408,Web,PromptPay,7,11,0,0,30-40,46.93333333333333,4.0,1.0,0.25,94,27,12533.1625,0.2,0.75,0.0,0.0,0.0,0,0,0.0,10543.26,1,0,0.0,10543.26,1,0,0.0,50132.65,4,1,0.25,0
LGS2ORD0038679,C014550,2025-11-03 07:00:00,Female,18,Bronze,Lazada,Bangkok,1703,Web,PromptPay,7,11,0,0,<20,56.766666666666666,3.0,0.0,0.0,-1,1,3419.7000000000003,0.28,0.6666666666666666,1.0,0.0,4235.04,1,0,0.0,9044.310000000001,2,0,0.0,9044.310000000001,2,0,0.0,10259.1,3,0,0.0,0
LGS2ORD0038680,C010722,2025-11-03 07:00:00,Female,37,Bronze,Lazada,Chiang Mai,715,Shopee,Bank_Transfer,7,11,0,0,30-40,23.833333333333332,6.0,2.0,0.3333333333333333,13,25,6955.963333333333,0.28,0.8333333333333334,0.16666666666666666,0.0,0.0,0,0,0.0,4848.110000000001,2,1,0.5,4848.110000000001,2,1,0.5,41735.78,6,2,0.3333333333333333,0
LGS2ORD0038681,C017167,2025-11-03 08:00:00,Female,35,Bronze,Shopee,Remote_Area,689,TV_Show,Credit_Card,8,11,0,0,30-40,22.966666666666665,3.0,0.0,0.0,-1,24,16397.43333333333,0.18,0.0,0.0,0.0,0.0,0,0,0.0,4081.7,1,0,0.0,37983.2,2,0,0.0,49192.299999999996,3,0,0.0,1
LGS2ORD0038682,C012072,2025-11-03 08:00:00,Male,28,Silver,Shopee,Bangkok,1269,CallCenter,COD,8,11,0,0,20-30,42.3,2.0,0.0,0.0,-1,209,12708.595,0.15,0.0,0.0,0.0,0.0,0,0,0.0,0.0,0,0,0.0,0.0,0,0,0.0,25417.19,2,0,0.0,1
LGS2ORD0038683,C010897,2025-11-03 08:00:00,Other,72,Bronze,Lazada,Songkhla,994,TV_Show,Credit_Card,8,11,0,0,>50,33.13333333333333,5.0,1.0,0.2,75,91,3118.04,0.28,0.6,0.4,0.0,0.0,0,0,0.0,0.0,0,0,0.0,0.0,0,0,0.0,15590.2,5,1,0.2,0
LGS2ORD0038684,C010085,2025-11-03 08:00:00,Male,33,Bronze,Web,Chonburi,1087,TV_Show,COD,8,11,0,0,30-40,36.233333333333334,2.0,1.0,0.5,169,65,2601.6549999999997,0.18,0.5,0.0,0.0,0.0,0,0,0.0,0.0,0,0,0.0,921.32,1,0,0.0,5203.3099999999995,2,1,0.5,0
LGS2ORD0038685,C011954,2025-11-03 08:00:00,Female,46,Platinum,TV,Phuket,1421,TV_Show,Bank_Transfer,8,11,0,0,40-50,47.36666666666667,3.0,2.0,0.6666666666666666,195,205,4784.093333333334,0.25,0.3333333333333333,0.3333333333333333,0.0,0.0,0,0,0.0,0.0,0,0,0.0,0.0,0,0,0.0,14352.280000000002,3,2,0.6666666666666666,0
LGS2ORD0038686,C014048,2025-11-03 09:00:00,Female,37,Bronze,CallCenter,Phuket,994,TV_Show,COD,9,11,0,0,30-40,33.13333333333333,3.0,1.0,0.3333333333333333,15,22,3545.7933333333335,0.28,1.0,0.6666666666666666,0.0,0.0,0,0,0.0,6765.43,1,1,1.0,6765.43,1,1,1.0,10637.380000000001,3,1,0.3333333333333333,0
LGS2ORD0038687,C016822,2025-11-03 09:00:00,Female,31,Bronze,Web,Remote_Area,426,TV_Show,COD,9,11,0,0,30-40,14.2,9.0,4.0,0.4444444444444444,57,49,4504.586666666667,0.28,0.5555555555555556,0.2222222222222222,0.0,0.0,0,0,0.0,0.0,0,0,0.0,10876.16,2,1,0.5,40541.280000000006,9,4,0.4444444444444444,0
LGS2ORD0038688,C012449,2025-11-03 09:00:00,Female,36,Silver,Web,Songkhla,915,Web,COD,9,11,0,0,30-40,30.5,7.0,4.0,0.5714285714285714,127,20,10133.742857142859,0.25,0.42857142857142855,0.14285714285714285,0.0,0.0,0,0,0.0,14704.29,1,0,0.0,29801.510000000002,2,0,0.0,70936.20000000001,7,4,0.5714285714285714,0
LGS2ORD0038689,C013128,2025-11-03 09:00:00,Male,46,Silver,Web,Songkhla,812,Shopee,COD,9,11,0,0,40-50,27.066666666666666,2.0,0.0,0.0,-1,169,8591.095,0.2,1.0,0.0,0.0,0.0,0,0,0.0,0.0,0,0,0.0,0.0,0,0,0.0,17182.19,2,0,0.0,0
LGS2ORD0038690,C012914,2025-11-03 09:00:00,Female,34,Bronze,Web,Bangkok,752,TV_Show,PromptPay,9,11,0,0,30-40,25.066666666666666,5.0,1.0,0.2,17,24,6505.128,0.18,0.4,0.0,0.0,0.0,0,0,0.0,1121.95,1,1,1.0,24053.73,3,1,0.3333333333333333,32525.64,5,1,0.2,1
LGS2ORD0038691,C017410,2025-11-03 10:00:00,Female,30,Gold,Lazada,Bangkok,370,CallCenter,COD,10,11,0,0,20-30,12.333333333333334,6.0,2.0,0.3333333333333333,112,18,2955.44,0.33,0.3333333333333333,0.16666666666666666,0.0,0.0,0,0,0.0,1608.16,1,0,0.0,1608.16,1,0,0.0,17732.64,6,2,0.3333333333333333,0
LGS2ORD0038692,C015385,2025-11-03 10:00:00,Male,46,Gold,Lazada,Nakhon Ratchasima,556,Shopee,Credit_Card,10,11,0,0,40-50,18.533333333333335,5.0,0.0,0.0,-1,9,3516.7479999999996,0.33,0.8,0.4,0.0,0.0,0,0,0.0,3272.32,1,0,0.0,9378.49,3,0,0.0,17583.739999999998,5,0,0.0,0
LGS2ORD0038693,C016672,2025-11-03 10:00:00,Female,48,Bronze,Lazada,Chonburi,854,CallCenter,PromptPay,10,11,0,0,40-50,28.466666666666665,5.0,3.0,0.6,30,43,3406.9259999999995,0.23,0.8,0.4,0.0,0.0,0,0,0.0,0.0,0,0,0.0,13887.89,2,1,0.5,17034.629999999997,5,3,0.6,0
LGS2ORD0038694,C017824,2025-11-03 10:00:00,Female,54,Bronze,TV,Phuket,792,CallCenter,COD,10,11,0,0,>50,26.4,9.0,4.0,0.4444444444444444,-5,8,6313.154444444444,0.23,0.6666666666666666,0.1111111111111111,0.0,0.0,0,0,0.0,27332.23,2,1,0.5,37612.34,5,3,0.6,56818.39,9,4,0.4444444444444444,0
LGS2ORD0038695,C011300,2025-11-03 10:00:00,Female,29,Bronze,TV,Nakhon Ratchasima,1139,Lazada,Credit_Card,10,11,0,0,20-30,37.96666666666667,7.0,1.0,0.14285714285714285,1,14,4249.417142857143,0.28,0.42857142857142855,0.14285714285714285,0.0,0.0,0,0,0.0,20776.29,2,1,0.5,20776.29,2,1,0.5,29745.92,7,1,0.14285714285714285,0
LGS2ORD0038696,C012873,2025-11-03 11:00:00,Female,33,Bronze,Shopee,Songkhla,599,Web,COD,11,11,0,0,30-40,19.966666666666665,5.0,0.0,0.0,-1,55,3699.97,0.28,0.2,0.4,0.0,0.0,0,0,0.0,0.0,0,0,0.0,5615.87,3,0,0.0,18499.85,5,0,0.0,1
LGS2ORD0038697,C017700,2025-11-03 11:00:00,Female,35,Bronze,Web,Remote_Area,1445,Lazada,COD,11,11,0,0,30-40,48.166666666666664,2.0,0.0,0.0,-1,93,3756.725,0.23,0.0,0.5,0.0,0.0,0,0,0.0,0.0,0,0,0.0,0.0,0,0,0.0,7513.45,2,0,0.0,0
LGS2ORD0038698,C014914,2025-11-03 11:00:00,Male,38,Silver,TV,Chiang Mai,909,Shopee,Bank_Transfer,11,11,0,0,30-40,30.3,3.0,0.0,0.0,-1,52,2377.45,0.25,0.3333333333333333,0.6666666666666666,0.0,0.0,0,0,0.0,0.0,0,0,0.0,5985.4,1,0,0.0,7132.349999999999,3,0,0.0,0
LGS2ORD0038699,C014197,2025-11-03 11:00:00,Female,64,Platinum,Web,Bangkok,1185,Lazada,COD,11,11,0,0,>50,39.5,1.0,0.0,0.0,-1,166,3990.14,0.1,0.0,0.0,0.0,0.0,0,0,0.0,0.0,0,0,0.0,0.0,0,0,0.0,3990.14,1,0,0.0,0
LGS2ORD0038700,C011129,2025-11-03 11:00:00,Female,47,Silver,Web,Khon Kaen,982,CallCenter,COD,11,11,0,0,40-50,32.733333333333334,9.0,4.0,0.4444444444444444,58,49,5096.915555555556,0.25,0.7777777777777778,0.2222222222222222,0.0,0.0,0,0,0.0,0.0,0,0,0.0,21947.0,2,1,0.5,45872.240000000005,9,4,0.4444444444444444,1
LGS2ORD0038701,C014838,2025-11-03 11:00:00,Male,54,Bronze,TV,Bangkok,1505,TV_Show,COD,11,11,0,0,>50,50.166666666666664,5.0,2.0,0.4,59,65,3434.2939999999994,0.28,0.4,0.6,0.0,0.0,0,0,0.0,0.0,0,0,0.0,4175.78,2,1,0.5,17171.469999999998,5,2,0.4,1
LGS2ORD0038702,C012474,2025-11-03 12:00:00,Female,65,Gold,CallCenter,Bangkok,701,CallCenter,COD,12,11,0,0,>50,23.366666666666667,9.0,1.0,0.1111111111111111,124,118,5672.7588888888895,0.33,0.4444444444444444,0.3333333333333333,0.0,0.0,0,0,0.0,0.0,0,0,0.0,0.0,0,0,0.0,51054.83,9,1,0.1111111111111111,0
LGS2ORD0038703,C015028,2025-11-03 12:00:00,Female,53,Bronze,Web,Bangkok,400,Web,Bank_Transfer,12,11,0,0,>50,13.333333333333334,5.0,1.0,0.2,148,45,3365.7599999999998,0.23,0.4,0.2,0.0,0.0,0,0,0.0,0.0,0,0,0.0,7630.14,1,0,0.0,16828.8,5,1,0.2,0
LGS2ORD0038704,C017865,2025-11-03 12:00:00,Male,42,Gold,Web,Nakhon Ratchasima,1659,Web,COD,12,11,0,0,40-50,55.3,0.0,0.0,0.0,-1,-1,0.0,0.0,0.0,0.0,0.0,0.0,0,0,0.0,0.0,0,0,0.0,0.0,0,0,0.0,0.0,0,0,0.0,0
LGS2ORD0038705,C011800,2025-11-03 12:00:00,Female,56,Gold,TV,Chonburi,1239,Lazada,PromptPay,12,11,0,0,>50,41.3,6.0,3.0,0.5,136,44,5213.553333333333,0.28,0.5,0.5,0.0,0.0,0,0,0.0,0.0,0,0,0.0,11628.53,1,0,0.0,31281.32,6,3,0.5,0
LGS2ORD0038706,C014427,2025-11-03 12:00:00,Male,48,Gold,Lazada,Bangkok,324,Web,PromptPay,12,11,0,0,40-50,10.8,2.0,0.0,0.0,-1,259,7011.17,0.18,0.5,0.0,0.0,0.0,0,0,0.0,0.0,0,0,0.0,0.0,0,0,0.0,14022.34,2,0,0.0,0
LGS2ORD0038707,C011547,2025-11-03 13:00:00,Male,50,Bronze,CallCenter,Bangkok,1741,Lazada,COD,13,11,0,0,40-50,58.03333333333333,8.0,1.0,0.125,19,30,3437.3337500000002,0.28,0.625,0.5,0.0,0.0,0,0,0.0,0.0,0,0,0.0,6336.08,2,1,0.5,27498.670000000002,8,1,0.125,1
LGS2ORD0038708,C015433,2025-11-03 13:00:00,Other,24,Bronze,Shopee,Chiang Mai,1176,CallCenter,Credit_Card,13,11,0,0,20-30,39.2,0.0,0.0,0.0,-1,-1,0.0,0.0,0.0,0.0,0.0,0.0,0,0,0.0,0.0,0,0,0.0,0.0,0,0,0.0,0.0,0,0,0.0,0
LGS2ORD0038709,C011844,2025-11-03 13:00:00,Female,41,Silver,TV,Bangkok,1112,TV_Show,COD,13,11,0,0,40-50,37.06666666666667,4.0,0.0,0.0,-1,45,1902.9650000000001,0.25,0.5,0.5,0.0,0.0,0,0,0.0,0.0,0,0,0.0,1566.74,1,0,0.0,7611.860000000001,4,0,0.0,1
LGS2ORD0038710,C012489,2025-11-03 13:00:00,Male,45,Gold,TV,Phuket,1198,TV_Show,PromptPay,13,11,0,0,40-50,39.93333333333333,3.0,0.0,0.0,-1,122,1901.29,0.28,0.3333333333333333,0.3333333333333333,0.0,0.0,0,0,0.0,0.0,0,0,0.0,0.0,0,0,0.0,5703.87,3,0,0.0,0
LGS2ORD0038711,C011407,2025-11-03 13:00:00,Female,24,Silver,Lazada,Chiang Mai,610,Shopee,COD,13,11,0,0,20-30,20.333333333333332,2.0,1.0,0.5,115,49,2200.94,0.05,0.5,0.0,0.0,0.0,0,0,0.0,0.0,0,0,0.0,3441.87,1,0,0.0,4401.88,2,1,0.5,1
LGS2ORD0038712,C017387,2025-11-03 14:00:00,Male,54,Bronze,TV,Nakhon Ratchasima,854,Web,COD,14,11,0,0,>50,28.466666666666665,2.0,0.0,0.0,-1,17,893.095,0.28,0.0,0.5,0.0,0.0,0,0,0.0,338.87,1,0,0.0,1786.19,2,0,0.0,1786.19,2,0,0.0,0
LGS2ORD0038713,C017428,2025-11-03 14:00:00,Male,35,Gold,Lazada,Phuket,1606,Shopee,COD,14,11,0,0,30-40,53.53333333333333,5.0,1.0,0.2,224,59,3958.328,0.28,0.6,0.4,0.0,0.0,0,0,0.0,0.0,0,0,0.0,3641.65,2,0,0.0,19791.64,5,1,0.2,1
LGS2ORD0038714,C010868,2025-11-03 14:00:00,Female,35,Gold,Lazada,Bangkok,659,Web,COD,14,11,0,0,30-40,21.966666666666665,5.0,0.0,0.0,-1,1,3086.362,0.2299999999999999,0.2,0.2,0.0,2048.64,1,0,0.0,10213.92,3,0,0.0,10213.92,3,0,0.0,15431.810000000001,5,0,0.0,0
LGS2ORD0038715,C016678,2025-11-03 14:00:00,Female,70,Silver,TV,Khon Kaen,1137,TV_Show,COD,14,11,0,0,>50,37.9,5.0,2.0,0.4,184,197,9396.336,0.3,0.8,0.4,0.0,0.0,0,0,0.0,0.0,0,0,0.0,0.0,0,0,0.0,46981.68,5,2,0.4,1
LGS2ORD0038716,C017465,2025-11-03 14:00:00,Male,46,Bronze,Lazada,Songkhla,1390,Shopee,COD,14,11,0,0,40-50,46.333333333333336,4.0,2.0,0.5,42,56,9827.5275,0.28,0.25,0.25,0.0,0.0,0,0,0.0,0.0,0,0,0.0,1757.83,1,1,1.0,39310.11,4,2,0.5,0
LGS2ORD0038717,C012466,2025-11-03 15:00:00,Female,28,Silver,Web,Chonburi,978,Shopee,Credit_Card,15,11,0,0,20-30,32.6,6.0,0.0,0.0,-1,42,9376.666666666666,0.25,0.5,0.16666666666666666,0.0,0.0,0,0,0.0,0.0,0,0,0.0,1489.33,1,0,0.0,56260.0,6,0,0.0,0
LGS2ORD0038718,C010440,2025-11-03 15:00:00,Male,36,Gold,Shopee,Chiang Mai,899,Web,PromptPay,15,11,0,0,30-40,29.966666666666665,10.0,1.0,0.1,119,10,3070.4930000000004,0.28,0.4,0.5,0.0,0.0,0,0,0.0,4164.13,1,0,0.0,8428.17,2,0,0.0,30704.930000000004,10,1,0.1,0
LGS2ORD0038719,C012486,2025-11-03 15:00:00,Male,56,Platinum,Lazada,Bangkok,489,TV_Show,COD,15,11,0,0,>50,16.3,4.0,0.0,0.0,-1,36,2235.08,0.2,0.5,0.0,0.0,0.0,0,0,0.0,0.0,0,0,0.0,4446.59,1,0,0.0,8940.32,4,0,0.0,0
LGS2ORD0038720,C010531,2025-11-03 15:00:00,Male,42,Bronze,Shopee,Bangkok,1682,Web,Credit_Card,15,11,0,0,40-50,56.06666666666667,9.0,1.0,0.1111111111111111,284,101,7941.48,0.28,0.7777777777777778,0.2222222222222222,0.0,0.0,0,0,0.0,0.0,0,0,0.0,0.0,0,0,0.0,71473.31999999999,9,1,0.1111111111111111,0
LGS2ORD0038721,C012858,2025-11-03 15:00:00,Male,45,Gold,Web,Chiang Mai,1759,TV_Show,COD,15,11,0,0,40-50,58.63333333333333,7.0,0.0,0.0,-1,16,1246.2428571428572,0.28,0.42857142857142855,0.2857142857142857,0.0,0.0,0,0,0.0,2369.74,1,0,0.0,2369.74,1,0,0.0,8723.7,7,0,0.0,0
LGS2ORD0038722,C016699,2025-11-03 15:00:00,Female,41,Silver,Web,Khon Kaen,1657,Shopee,Credit_Card,15,11,0,0,40-50,55.233333333333334,5.0,1.0,0.2,127,130,4860.907999999999,0.25,0.6,0.4,0.0,0.0,0,0,0.0,0.0,0,0,0.0,0.0,0,0,0.0,24304.539999999997,5,1,0.2,0
LGS2ORD0038723,C014939,2025-11-03 16:00:00,Male,26,Bronze,Shopee,Bangkok,1616,Web,COD,16,11,0,0,20-30,53.86666666666667,6.0,3.0,0.5,150,47,2053.9533333333334,0.28,0.6666666666666666,0.5,0.0,0.0,0,0,0.0,0.0,0,0,0.0,9470.150000000001,3,0,0.0,12323.720000000001,6,3,0.5,0
LGS2ORD0038724,C017122,2025-11-03 16:00:00,Female,28,Silver,Shopee,Chonburi,518,TV_Show,COD,16,11,0,0,20-30,17.266666666666666,3.0,0.0,0.0,-1,94,4167.416666666667,0.25,0.0,0.3333333333333333,0.0,0.0,0,0,0.0,0.0,0,0,0.0,0.0,0,0,0.0,12502.25,3,0,0.0,0
LGS2ORD0038725,C011647,2025-11-03 16:00:00,Female,40,Bronze,Lazada,Remote_Area,1034,Web,Credit_Card,16,11,0,0,30-40,34.46666666666667,10.0,3.0,0.3,77,5,4276.606,0.28,0.6,0.2,0.0,8396.16,1,0,0.0,8396.16,1,0,0.0,8396.16,1,0,0.0,42766.06,10,3,0.3,0
LGS2ORD0038726,C011978,2025-11-03 16:00:00,Male,38,Bronze,Shopee,Khon Kaen,1654,Web,COD,16,11,0,0,30-40,55.13333333333333,4.0,0.0,0.0,-1,40,2199.635,0.18,0.75,0.0,0.0,0.0,0,0,0.0,0.0,0,0,0.0,1098.32,1,0,0.0,8798.54,4,0,0.0,0
LGS2ORD0038727,C016385,2025-11-03 16:00:00,Male,53,Gold,Web,Phuket,353,Lazada,COD,16,11,0,0,>50,11.766666666666667,7.0,1.0,0.14285714285714285,118,19,6850.981428571428,0.28,0.42857142857142855,0.42857142857142855,0.0,0.0,0,0,0.0,2456.67,1,0,0.0,2456.67,1,0,0.0,47956.869999999995,7,1,0.14285714285714285,0
LGS2ORD0038728,C010896,2025-11-03 17:00:00,Female,58,Bronze,TV,Remote_Area,1686,Shopee,COD,17,11,0,0,>50,56.2,5.0,2.0,0.4,120,5,4100.748,0.28,0.8,0.2,0.0,4360.73,1,0,0.0,5825.83,2,0,0.0,12628.64,3,0,0.0,20503.739999999998,5,2,0.4,0
LGS2ORD0038729,C011929,2025-11-03 17:00:00,Female,63,Bronze,Lazada,Phuket,854,Web,COD,17,11,0,0,>50,28.466666666666665,3.0,1.0,0.3333333333333333,158,2,13093.583333333334,0.18,0.6666666666666666,0.0,0.0,13702.65,1,0,0.0,13702.65,1,0,0.0,29918.059999999998,2,0,0.0,39280.75,3,1,0.3333333333333333,1
LGS2ORD0038730,C016937,2025-11-03 17:00:00,Female,44,Bronze,Shopee,Chiang Mai,423,CallCenter,Credit_Card,17,11,0,0,40-50,14.1,4.0,0.0,0.0,-1,113,5719.25,0.18,0.75,0.0,0.0,0.0,0,0,0.0,0.0,0,0,0.0,0.0,0,0,0.0,22877.0,4,0,0.0,0
LGS2ORD0038731,C010795,2025-11-03 17:00:00,Female,67,Bronze,TV,Bangkok,1599,Web,COD,17,11,0,0,>50,53.3,3.0,0.0,0.0,-1,108,5342.556666666667,0.13,0.6666666666666666,0.0,0.0,0.0,0,0,0.0,0.0,0,0,0.0,0.0,0,0,0.0,16027.670000000002,3,0,0.0,1
LGS2ORD0038732,C011547,2025-11-03 17:00:00,Male,50,Bronze,CallCenter,Bangkok,1741,Shopee,COD,17,11,0,0,40-50,58.03333333333333,9.0,2.0,0.2222222222222222,-13,0,3151.208888888889,0.28,0.6666666666666666,0.5555555555555556,0.0,862.21,1,1,1.0,862.21,1,1,1.0,7198.29,3,2,0.6666666666666666,28360.88,9,2,0.2222222222222222,0
LGS2ORD0038733,C016325,2025-11-03 18:00:00,Female,52,Bronze,TV,Remote_Area,1409,Shopee,Credit_Card,18,11,0,0,>50,46.96666666666667,9.0,3.0,0.3333333333333333,29,38,3668.987777777778,0.28,0.5555555555555556,0.4444444444444444,0.0,0.0,0,0,0.0,0.0,0,0,0.0,11436.44,3,1,0.3333333333333333,33020.89,9,3,0.3333333333333333,0
LGS2ORD0038734,C016764,2025-11-03 18:00:00,Male,40,Bronze,TV,Khon Kaen,349,CallCenter,Credit_Card,18,11,0,0,30-40,11.633333333333333,1.0,0.0,0.0,-1,275,1783.63,0.18,0.0,0.0,0.0,0.0,0,0,0.0,0.0,0,0,0.0,0.0,0,0,0.0,1783.63,1,0,0.0,1
LGS2ORD0038735,C014802,2025-11-03 18:00:00,Female,39,Silver,Web,Phuket,771,TV_Show,PromptPay,18,11,0,0,30-40,25.7,5.0,0.0,0.0,-1,43,5646.65,0.25,0.2,0.2,0.0,0.0,0,0,0.0,0.0,0,0,0.0,1639.97,2,0,0.0,28233.25,5,0,0.0,0
LGS2ORD0038736,C013211,2025-11-03 18:00:00,Female,36,Bronze,TV,Chiang Mai,671,Shopee,PromptPay,18,11,0,0,30-40,22.366666666666667,3.0,0.0,0.0,-1,6,2278.5133333333333,0.23,0.6666666666666666,0.3333333333333333,0.0,3902.96,1,0,0.0,4237.36,2,0,0.0,4237.36,2,0,0.0,6835.54,3,0,0.0,0
LGS2ORD0038737,C012268,2025-11-03 18:00:00,Female,44,Bronze,Shopee,Chonburi,1640,Lazada,Credit_Card,18,11,0,0,40-50,54.666666666666664,5.0,0.0,0.0,-1,26,3515.918,0.23,0.8,0.2,0.0,0.0,0,0,0.0,1491.1,1,0,0.0,10357.02,2,0,0.0,17579.59,5,0,0.0,0
LGS2ORD0038738,C014955,2025-11-03 19:00:00,Female,60,Silver,Shopee,Bangkok,840,CallCenter,COD,19,11,0,0,>50,28.0,5.0,0.0,0.0,-1,8,3402.03,0.25,0.0,0.2,0.0,0.0,0,0,0.0,1683.16,1,0,0.0,3398.13,2,0,0.0,17010.15,5,0,0.0,0
LGS2ORD0038739,C016277,2025-11-03 19:00:00,Male,61,Bronze,Shopee,Remote_Area,982,Shopee,COD,19,11,0,0,>50,32.733333333333334,12.0,2.0,0.16666666666666666,195,17,3713.8124999999995,0.28,0.5833333333333334,0.25,0.0,0.0,0,0,0.0,6266.52,2,0,0.0,15221.86,4,0,0.0,44565.74999999999,12,2,0.16666666666666666,0
LGS2ORD0038740,C012930,2025-11-03 19:00:00,Female,36,Silver,Web,Nakhon Ratchasima,522,Web,Bank_Transfer,19,11,0,0,30-40,17.4,4.0,0.0,0.0,-1,86,4662.8075,0.3,0.0,0.5,0.0,0.0,0,0,0.0,0.0,0,0,0.0,10907.23,1,0,0.0,18651.23,4,0,0.0,0
LGS2ORD0038741,C017107,2025-11-03 19:00:00,Female,54,Silver,CallCenter,Bangkok,1710,CallCenter,COD,19,11,0,0,>50,57.0,6.0,2.0,0.3333333333333333,3,17,3093.146666666666,0.2,0.3333333333333333,0.0,0.16666666666666666,0.0,0,0,0.0,1879.79,2,1,0.5,5573.79,3,1,0.3333333333333333,18558.879999999997,6,2,0.3333333333333333,0
LGS2ORD0038742,C016601,2025-11-03 19:00:00,Female,54,Bronze,Web,Chonburi,1538,Web,COD,19,11,0,0,>50,51.266666666666666,4.0,1.0,0.25,149,153,14372.7975,0.23,0.5,0.25,0.0,0.0,0,0,0.0,0.0,0,0,0.0,0.0,0,0,0.0,57491.19,4,1,0.25,0
LGS2ORD0038743,C011996,2025-11-03 19:00:00,Male,38,Gold,Shopee,Bangkok,1367,Lazada,Credit_Card,19,11,0,0,30-40,45.56666666666667,4.0,0.0,0.0,-1,34,8728.1075,0.2299999999999999,0.25,0.75,0.0,0.0,0,0,0.0,0.0,0,0,0.0,21666.15,1,0,0.0,34912.43,4,0,0.0,0
LGS2ORD0038744,C015838,2025-11-03 20:00:00,Male,52,Bronze,Shopee,Remote_Area,1340,Lazada,PromptPay,20,11,0,0,>50,44.666666666666664,5.0,3.0,0.6,185,79,3902.1400000000003,0.28,0.4,0.4,0.0,0.0,0,0,0.0,0.0,0,0,0.0,6124.89,1,0,0.0,19510.7,5,3,0.6,0
LGS2ORD0038745,C016798,2025-11-03 20:00:00,Male,37,Gold,Web,Phuket,857,TV_Show,Credit_Card,20,11,0,0,30-40,28.566666666666666,6.0,1.0,0.16666666666666666,168,77,4220.96,0.33,0.5,0.8333333333333334,0.0,0.0,0,0,0.0,0.0,0,0,0.0,1614.62,1,0,0.0,25325.76,6,1,0.16666666666666666,0
LGS2ORD0038746,C012223,2025-11-03 20:00:00,Other,18,Bronze,Shopee,Nakhon Ratchasima,324,Web,Credit_Card,20,11,0,0,<20,10.8,3.0,1.0,0.3333333333333333,75,33,4545.406666666667,0.28,0.3333333333333333,0.3333333333333333,0.0,0.0,0,0,0.0,0.0,0,0,0.0,13636.22,3,1,0.3333333333333333,13636.22,3,1,0.3333333333333333,0
LGS2ORD0038747,C011182,2025-11-03 20:00:00,Female,31,Silver,Lazada,Remote_Area,1573,Lazada,Credit_Card,20,11,0,0,30-40,52.43333333333333,7.0,0.0,0.0,-1,33,7280.828571428571,0.3,0.42857142857142855,0.14285714285714285,0.0,0.0,0,0,0.0,0.0,0,0,0.0,8643.17,3,0,0.0,50965.799999999996,7,0,0.0,0
LGS2ORD0038748,C016497,2025-11-03 20:00:00,Female,53,Silver,Shopee,Bangkok,1522,Web,COD,20,11,0,0,>50,50.733333333333334,4.0,2.0,0.5,124,66,4510.1125,0.3,0.25,0.25,0.0,0.0,0,0,0.0,0.0,0,0,0.0,484.06,1,0,0.0,18040.45,4,2,0.5,0
LGS2ORD0038749,C017268,2025-11-03 21:00:00,Male,48,Silver,TV,Chonburi,1691,CallCenter,COD,21,11,0,0,40-50,56.36666666666667,5.0,1.0,0.2,287,67,4844.5019999999995,0.3,0.6,0.4,0.0,0.0,0,0,0.0,0.0,0,0,0.0,1733.43,1,0,0.0,24222.51,5,1,0.2,1
LGS2ORD0038750,C017781,2025-11-03 21:00:00,Male,38,Platinum,Web,Khon Kaen,933,Lazada,Bank_Transfer,21,11,0,0,30-40,31.1,7.0,1.0,0.14285714285714285,65,6,2552.5471428571427,0.3,0.42857142857142855,0.42857142857142855,0.0,176.67,1,0,0.0,3099.86,2,0,0.0,5153.3,3,1,0.3333333333333333,17867.829999999998,7,1,0.14285714285714285,0
LGS2ORD0038751,C015722,2025-11-03 21:00:00,Female,44,Gold,Lazada,Phuket,1440,TV_Show,COD,21,11,0,0,40-50,48.0,6.0,2.0,0.3333333333333333,113,5,4188.791666666667,0.33,0.3333333333333333,0.16666666666666666,0.0,3950.77,1,0,0.0,3950.77,1,0,0.0,14629.04,3,0,0.0,25132.75,6,2,0.3333333333333333,1
LGS2ORD0038752,C014680,2025-11-03 21:00:00,Female,50,Gold,TV,Bangkok,888,Shopee,COD,21,11,0,0,40-50,29.6,2.0,0.0,0.0,-1,184,7887.69,0.13,0.5,0.0,0.0,0.0,0,0,0.0,0.0,0,0,0.0,0.0,0,0,0.0,15775.38,2,0,0.0,0
LGS2ORD0038753,C011559,2025-11-03 21:00:00,Female,24,Bronze,Shopee,Phuket,1462,Lazada,PromptPay,21,11,0,0,20-30,48.733333333333334,3.0,0.0,0.0,-1,177,2449.2033333333334,0.23,0.0,0.3333333333333333,0.0,0.0,0,0,0.0,0.0,0,0,0.0,0.0,0,0,0.0,7347.61,3,0,0.0,0
LGS2ORD0038754,C011610,2025-11-03 22:00:00,Male,34,Silver,TV,Remote_Area,1476,Web,COD,22,11,0,0,30-40,49.2,6.0,1.0,0.16666666666666666,260,71,4971.8983333333335,0.3,0.8333333333333334,0.6666666666666666,0.0,0.0,0,0,0.0,0.0,0,0,0.0,1072.89,1,0,0.0,29831.39,6,1,0.16666666666666666,1
LGS2ORD0038755,C015907,2025-11-03 22:00:00,Male,37,Silver,Lazada,Khon Kaen,433,Lazada,COD,22,11,0,0,30-40,14.433333333333334,7.0,1.0,0.14285714285714285,219,0,4068.4042857142854,0.2,0.42857142857142855,0.0,0.0,2148.8,1,0,0.0,3632.28,2,0,0.0,18615.8,4,0,0.0,28478.829999999998,7,1,0.14285714285714285,0
LGS2ORD0038756,C010800,2025-11-03 22:00:00,Female,46,Bronze,Web,Nakhon Ratchasima,687,Web,COD,22,11,0,0,40-50,22.9,5.0,0.0,0.0,-1,85,5580.683999999999,0.18,0.4,0.0,0.0,0.0,0,0,0.0,0.0,0,0,0.0,19115.989999999998,2,0,0.0,27903.42,5,0,0.0,0
LGS2ORD0038757,C015380,2025-11-03 22:00:00,Male,63,Gold,CallCenter,Songkhla,1573,CallCenter,Credit_Card,22,11,0,0,>50,52.43333333333333,3.0,1.0,0.3333333333333333,155,167,2844.6200000000003,0.28,0.0,0.6666666666666666,0.0,0.0,0,0,0.0,0.0,0,0,0.0,0.0,0,0,0.0,8533.86,3,1,0.3333333333333333,0
LGS2ORD0038758,C010640,2025-11-03 22:00:00,Male,44,Gold,Web,Khon Kaen,1326,Shopee,Credit_Card,22,11,0,0,40-50,44.2,3.0,2.0,0.6666666666666666,21,31,3645.263333333333,0.2299999999999999,0.0,0.6666666666666666,0.0,0.0,0,0,0.0,0.0,0,0,0.0,4817.99,1,1,1.0,10935.789999999999,3,2,0.6666666666666666,0
LGS2ORD0038759,C011324,2025-11-03 22:00:00,Male,48,Platinum,Lazada,Bangkok,1543,Shopee,Credit_Card,22,11,0,0,40-50,51.43333333333333,3.0,0.0,0.0,-1,45,4383.173333333333,0.3,0.0,0.6666666666666666,0.0,0.0,0,0,0.0,0.0,0,0,0.0,7108.11,1,0,0.0,13149.52,3,0,0.0,1
LGS2ORD0038760,C015948,2025-11-03 23:00:00,Female,43,Silver,Lazada,Chiang Mai,475,Lazada,COD,23,11,0,0,40-50,15.833333333333334,9.0,4.0,0.4444444444444444,95,51,4286.025555555555,0.25,0.6666666666666666,0.1111111111111111,0.0,0.0,0,0,0.0,0.0,0,0,0.0,13328.29,1,0,0.0,38574.229999999996,9,4,0.4444444444444444,1
LGS2ORD0038761,C010958,2025-11-03 23:00:00,Female,28,Bronze,TV,Phuket,1010,Web,Credit_Card,23,11,0,0,20-30,33.666666666666664,2.0,1.0,0.5,231,1,12798.485,0.28,1.0,0.5,0.0,3845.2,1,0,0.0,3845.2,1,0,0.0,3845.2,1,0,0.0,25596.97,2,1,0.5,0
LGS2ORD0038762,C017920,2025-11-03 23:00:00,Female,59,Bronze,CallCenter,Nakhon Ratchasima,526,Web,Credit_Card,23,11,0,0,>50,17.533333333333335,3.0,1.0,0.3333333333333333,145,84,2495.54,0.18,0.6666666666666666,0.0,0.0,0.0,0,0,0.0,0.0,0,0,0.0,1106.25,1,0,0.0,7486.62,3,1,0.3333333333333333,0
LGS2ORD0038763,C010693,2025-11-03 23:00:00,Male,60,Gold,Web,Phuket,1312,Lazada,Bank_Transfer,23,11,0,0,>50,43.733333333333334,6.0,3.0,0.5,141,140,8483.826666666668,0.28,0.3333333333333333,0.3333333333333333,0.0,0.0,0,0,0.0,0.0,0,0,0.0,0.0,0,0,0.0,50902.96000000001,6,3,0.5,1
LGS2ORD0038764,C010371,2025-11-03 23:00:00,Female,36,Bronze,Shopee,Nakhon Ratchasima,1515,CallCenter,Credit_Card,23,11,0,0,30-40,50.5,5.0,0.0,0.0,-1,118,3932.81,0.18,1.0,0.0,0.0,0.0,0,0,0.0,0.0,0,0,0.0,0.0,0,0,0.0,19664.05,5,0,0.0,0
LGS2ORD0038765,C011479,2025-11-04 00:00:00,Male,43,Bronze,Shopee,Songkhla,537,CallCenter,Credit_Card,0,11,1,0,40-50,17.9,6.0,5.0,0.8333333333333334,9,16,9257.359999999999,0.23,0.6666666666666666,0.3333333333333333,0.0,0.0,0,0,0.0,6660.34,2,2,1.0,8701.48,3,3,1.0,55544.159999999996,6,5,0.8333333333333334,0
LGS2ORD0038766,C012447,2025-11-04 00:00:00,Female,61,Bronze,TV,Remote_Area,1014,Lazada,Bank_Transfer,0,11,1,0,>50,33.8,9.0,3.0,0.3333333333333333,201,113,7501.901111111111,0.18,0.6666666666666666,0.0,0.0,0.0,0,0,0.0,0.0,0,0,0.0,0.0,0,0,0.0,67517.11,9,3,0.3333333333333333,1
LGS2ORD0038767,C010595,2025-11-04 00:00:00,Female,62,Bronze,Web,Phuket,949,Web,COD,0,11,1,0,>50,31.633333333333333,8.0,5.0,0.625,22,7,11248.23125,0.23,0.5,0.125,0.0,0.0,0,0,0.0,1978.44,1,0,0.0,52843.880000000005,4,2,0.5,89985.85,8,5,0.625,0
LGS2ORD0038768,C013277,2025-11-04 00:00:00,Female,41,Bronze,TV,Chonburi,842,Shopee,COD,0,11,1,0,40-50,28.066666666666666,7.0,2.0,0.2857142857142857,-2,5,1841.8057142857142,0.23,0.5714285714285714,0.14285714285714285,0.0,1673.32,1,1,1.0,6631.299999999999,2,2,1.0,6631.299999999999,2,2,1.0,12892.64,7,2,0.2857142857142857,0
LGS2ORD0038769,C012098,2025-11-04 00:00:00,Female,27,Gold,CallCenter,Chiang Mai,974,TV_Show,COD,0,11,1,0,20-30,32.46666666666667,4.0,1.0,0.25,5,13,6212.305,0.18,0.75,0.0,0.0,0.0,0,0,0.0,9924.1,2,1,0.5,9924.1,2,1,0.5,24849.22,4,1,0.25,0
LGS2ORD0038770,C015522,2025-11-04 01:00:00,Female,31,Bronze,TV,Bangkok,543,Shopee,COD,1,11,1,0,30-40,18.1,7.0,1.0,0.14285714285714285,85,36,4017.0442857142853,0.28,0.5714285714285714,0.14285714285714285,0.0,0.0,0,0,0.0,0.0,0,0,0.0,14062.599999999999,2,0,0.0,28119.309999999998,7,1,0.14285714285714285,0
LGS2ORD0038771,C015726,2025-11-04 01:00:00,Male,38,Bronze,Shopee,Chonburi,495,Shopee,COD,1,11,1,0,30-40,16.5,5.0,1.0,0.2,259,123,8620.224,0.18,0.4,0.0,0.0,0.0,0,0,0.0,0.0,0,0,0.0,0.0,0,0,0.0,43101.12,5,1,0.2,1
LGS2ORD0038772,C013159,2025-11-04 01:00:00,Male,32,Bronze,Lazada,Remote_Area,783,TV_Show,COD,1,11,1,0,30-40,26.1,4.0,1.0,0.25,55,59,4938.9175,0.18,0.5,0.0,0.0,0.0,0,0,0.0,0.0,0,0,0.0,14871.15,2,1,0.5,19755.67,4,1,0.25,0
LGS2ORD0038773,C017448,2025-11-04 01:00:00,Female,41,Bronze,Shopee,Khon Kaen,472,Lazada,COD,1,11,1,0,40-50,15.733333333333333,1.0,0.0,0.0,-1,90,2916.04,0.28,1.0,1.0,0.0,0.0,0,0,0.0,0.0,0,0,0.0,0.0,0,0,0.0,2916.04,1,0,0.0,1
LGS2ORD0038774,C011903,2025-11-04 01:00:00,Male,46,Bronze,TV,Remote_Area,1700,Lazada,PromptPay,1,11,1,0,40-50,56.666666666666664,8.0,1.0,0.125,155,84,7064.01875,0.28,0.5,0.25,0.0,0.0,0,0,0.0,0.0,0,0,0.0,1172.88,1,0,0.0,56512.15,8,1,0.125,1
LGS2ORD0038775,C011100,2025-11-04 02:00:00,Male,40,Bronze,CallCenter,Nakhon Ratchasima,1015,CallCenter,COD,2,11,1,0,30-40,33.833333333333336,4.0,1.0,0.25,192,13,3067.125,0.28,0.5,0.5,0.0,0.0,0,0,0.0,818.02,1,0,0.0,4751.45,2,0,0.0,12268.5,4,1,0.25,1
LGS2ORD0038776,C017522,2025-11-04 02:00:00,Female,40,Silver,TV,Bangkok,1479,Web,Credit_Card,2,11,1,0,30-40,49.3,11.0,3.0,0.2727272727272727,95,17,3093.8272727272724,0.25,0.5454545454545454,0.09090909090909091,0.0,0.0,0,0,0.0,7125.009999999999,2,0,0.0,9381.66,4,0,0.0,34032.1,11,3,0.2727272727272727,0
LGS2ORD0038777,C013209,2025-11-04 02:00:00,Female,47,Silver,CallCenter,Nakhon Ratchasima,1317,Shopee,COD,2,11,1,0,40-50,43.9,3.0,0.0,0.0,-1,128,4602.113333333334,0.3,0.3333333333333333,0.3333333333333333,0.0,0.0,0,0,0.0,0.0,0,0,0.0,0.0,0,0,0.0,13806.34,3,0,0.0,0
LGS2ORD0038778,C017896,2025-11-04 02:00:00,Male,53,Gold,TV,Chiang Mai,863,Lazada,COD,2,11,1,0,>50,28.766666666666666,4.0,0.0,0.0,-1,120,12191.825,0.18,0.25,0.0,0.0,0.0,0,0,0.0,0.0,0,0,0.0,0.0,0,0,0.0,48767.3,4,0,0.0,0
LGS2ORD0038779,C017810,2025-11-04 02:00:00,Female,72,Silver,Lazada,Bangkok,1436,Shopee,COD,2,11,1,0,>50,47.86666666666667,5.0,0.0,0.0,-1,22,7817.1179999999995,0.2,0.4,0.0,0.0,0.0,0,0,0.0,16763.3,1,0,0.0,18700.26,2,0,0.0,39085.59,5,0,0.0,1
LGS2ORD0038780,C013854,2025-11-04 02:00:00,Male,47,Bronze,TV,Khon Kaen,640,Lazada,COD,2,11,1,0,40-50,21.333333333333332,3.0,2.0,0.6666666666666666,4,14,1733.11,0.28,0.3333333333333333,1.0,0.0,0.0,0,0,0.0,2184.45,1,1,1.0,2184.45,1,1,1.0,5199.33,3,2,0.6666666666666666,0
LGS2ORD0038781,C015612,2025-11-04 03:00:00,Female,36,Silver,Web,Khon Kaen,1628,Shopee,Bank_Transfer,3,11,1,0,30-40,54.266666666666666,8.0,1.0,0.125,125,69,2563.12125,0.2,0.375,0.0,0.0,0.0,0,0,0.0,0.0,0,0,0.0,8048.15,3,0,0.0,20504.97,8,1,0.125,0
LGS2ORD0038782,C012561,2025-11-04 03:00:00,Female,61,Platinum,Shopee,Phuket,829,Web,PromptPay,3,11,1,0,>50,27.633333333333333,6.0,2.0,0.3333333333333333,158,65,11154.186666666666,0.35,0.6666666666666666,0.6666666666666666,0.0,0.0,0,0,0.0,0.0,0,0,0.0,37874.35,2,0,0.0,66925.12,6,2,0.3333333333333333,0
LGS2ORD0038783,C017682,2025-11-04 03:00:00,Male,33,Platinum,TV,Chiang Mai,1350,TV_Show,COD,3,11,1,0,30-40,45.0,5.0,0.0,0.0,-1,7,2020.952,0.3,0.0,0.4,0.0,0.0,0,0,0.0,3958.09,1,0,0.0,3958.09,1,0,0.0,10104.76,5,0,0.0,0
LGS2ORD0038784,C011145,2025-11-04 03:00:00,Male,68,Gold,Web,Chonburi,585,TV_Show,Credit_Card,3,11,1,0,>50,19.5,3.0,0.0,0.0,-1,38,1338.3133333333335,0.2299999999999999,0.3333333333333333,0.3333333333333333,0.0,0.0,0,0,0.0,0.0,0,0,0.0,1541.97,1,0,0.0,4014.9400000000005,3,0,0.0,0
LGS2ORD0038785,C016176,2025-11-04 03:00:00,Female,44,Platinum,Shopee,Phuket,1382,Shopee,COD,3,11,1,0,40-50,46.06666666666667,2.0,1.0,0.5,9,22,1232.01,0.25,0.0,0.5,0.0,0.0,0,0,0.0,1035.2,1,1,1.0,1035.2,1,1,1.0,2464.02,2,1,0.5,0
LGS2ORD0038786,C012214,2025-11-04 04:00:00,Female,48,Bronze,Shopee,Remote_Area,1690,TV_Show,COD,4,11,1,0,40-50,56.333333333333336,6.0,2.0,0.3333333333333333,-3,2,8458.105000000001,0.28,0.5,0.3333333333333333,0.0,20360.7,2,1,0.5,20360.7,2,1,0.5,20360.7,2,1,0.5,50748.630000000005,6,2,0.3333333333333333,1
LGS2ORD0038787,C010055,2025-11-04 04:00:00,Female,55,Bronze,Lazada,Remote_Area,728,CallCenter,COD,4,11,1,0,>50,24.266666666666666,9.0,2.0,0.2222222222222222,-3,11,4763.434444444444,0.28,0.4444444444444444,0.1111111111111111,0.0,0.0,0,0,0.0,2050.88,1,1,1.0,25584.870000000003,3,1,0.3333333333333333,42870.909999999996,9,2,0.2222222222222222,1
LGS2ORD0038788,C011198,2025-11-04 04:00:00,Male,46,Bronze,Shopee,Chonburi,1720,TV_Show,COD,4,11,1,0,40-50,57.333333333333336,5.0,2.0,0.4,79,52,8308.210000000001,0.18,0.8,0.0,0.0,0.0,0,0,0.0,0.0,0,0,0.0,24464.57,2,1,0.5,41541.05,5,2,0.4,0
LGS2ORD0038789,C014667,2025-11-04 04:00:00,Female,58,Silver,Shopee,Songkhla,837,Web,COD,4,11,1,0,>50,27.9,12.0,8.0,0.6666666666666666,37,27,5007.099166666667,0.3,0.8333333333333334,0.25,0.0,0.0,0,0,0.0,2313.22,1,0,0.0,33567.130000000005,5,2,0.4,60085.19,12,8,0.6666666666666666,1
LGS2ORD0038790,C013458,2025-11-04 04:00:00,Female,18,Silver,Shopee,Songkhla,1364,CallCenter,COD,4,11,1,0,<20,45.46666666666667,8.0,2.0,0.25,16,18,3915.2775,0.3,0.75,0.125,0.0,0.0,0,0,0.0,13146.599999999999,2,1,0.5,13146.599999999999,2,1,0.5,31322.22,8,2,0.25,1
LGS2ORD0038791,C016480,2025-11-04 05:00:00,Female,57,Silver,Web,Bangkok,1196,Lazada,Credit_Card,5,11,1,0,>50,39.86666666666667,2.0,0.0,0.0,-1,70,7838.674999999999,0.3,1.0,0.5,0.0,0.0,0,0,0.0,0.0,0,0,0.0,9949.14,1,0,0.0,15677.349999999999,2,0,0.0,0
LGS2ORD0038792,C017508,2025-11-04 05:00:00,Male,42,Bronze,Shopee,Khon Kaen,1681,Shopee,COD,5,11,1,0,40-50,56.03333333333333,4.0,0.0,0.0,-1,63,10207.637499999999,0.18,0.75,0.0,0.0,0.0,0,0,0.0,0.0,0,0,0.0,2439.96,1,0,0.0,40830.549999999996,4,0,0.0,0
LGS2ORD0038793,C013828,2025-11-04 05:00:00,Female,39,Silver,Lazada,Khon Kaen,1488,Web,Credit_Card,5,11,1,0,30-40,49.6,3.0,0.0,0.0,-1,47,2676.22,0.3,0.3333333333333333,0.3333333333333333,0.0,0.0,0,0,0.0,0.0,0,0,0.0,3533.97,1,0,0.0,8028.66,3,0,0.0,0
LGS2ORD0038794,C016492,2025-11-04 05:00:00,Female,44,Silver,Web,Bangkok,1477,Shopee,PromptPay,5,11,1,0,40-50,49.233333333333334,8.0,2.0,0.25,20,3,2230.1000000000004,0.3,0.625,0.375,0.0,2385.28,1,0,0.0,2385.28,1,0,0.0,3938.84,2,1,0.5,17840.800000000003,8,2,0.25,0
LGS2ORD0038795,C017812,2025-11-04 05:00:00,Female,32,Gold,Shopee,Bangkok,1404,Shopee,COD,5,11,1,0,30-40,46.8,3.0,1.0,0.3333333333333333,161,16,2645.3866666666668,0.33,0.3333333333333333,0.3333333333333333,0.0,0.0,0,0,0.0,1869.36,1,0,0.0,1869.36,1,0,0.0,7936.16,3,1,0.3333333333333333,0
LGS2ORD0038796,C011368,2025-11-04 06:00:00,Female,35,Platinum,TV,Chiang Mai,1393,TV_Show,COD,6,11,1,0,30-40,46.43333333333333,5.0,0.0,0.0,-1,43,4297.432,0.3,0.6,0.4,0.0,0.0,0,0,0.0,0.0,0,0,0.0,3735.19,1,0,0.0,21487.16,5,0,0.0,0
LGS2ORD0038797,C010882,2025-11-04 06:00:00,Female,38,Bronze,TV,Bangkok,487,Web,Credit_Card,6,11,1,0,30-40,16.233333333333334,6.0,2.0,0.3333333333333333,243,146,3008.943333333333,0.23,0.5,0.3333333333333333,0.0,0.0,0,0,0.0,0.0,0,0,0.0,0.0,0,0,0.0,18053.66,6,2,0.3333333333333333,0
LGS2ORD0038798,C010793,2025-11-04 06:00:00,Female,27,Gold,Shopee,Bangkok,1330,Shopee,Credit_Card,6,11,1,0,20-30,44.333333333333336,1.0,0.0,0.0,-1,22,2212.33,0.08,0.0,0.0,0.0,0.0,0,0,0.0,2212.33,1,0,0.0,2212.33,1,0,0.0,2212.33,1,0,0.0,0
LGS2ORD0038799,C017123,2025-11-04 06:00:00,Female,40,Platinum,Lazada,Chonburi,1346,Web,PromptPay,6,11,1,0,30-40,44.86666666666667,3.0,1.0,0.3333333333333333,192,23,1717.4466666666667,0.2,0.6666666666666666,0.0,0.0,0.0,0,0,0.0,1357.18,1,0,0.0,1357.18,1,0,0.0,5152.34,3,1,0.3333333333333333,0
LGS2ORD0038800,C013236,2025-11-04 06:00:00,Female,54,Bronze,TV,Bangkok,1390,Web,COD,6,11,1,0,>50,46.333333333333336,1.0,0.0,0.0,-1,220,1944.73,0.28,1.0,1.0,0.0,0.0,0,0,0.0,0.0,0,0,0.0,0.0,0,0,0.0,1944.73,1,0,0.0,0
LGS2ORD0038801,C015491,2025-11-04 06:00:00,Male,38,Bronze,CallCenter,Chiang Mai,1638,TV_Show,Bank_Transfer,6,11,1,0,30-40,54.6,14.0,1.0,0.07142857142857142,287,1,5051.2,0.23,0.5714285714285714,0.35714285714285715,0.0,11495.85,1,0,0.0,11495.85,1,0,0.0,17142.24,3,0,0.0,70716.8,14,1,0.07142857142857142,0
LGS2ORD0038802,C013638,2025-11-04 07:00:00,Male,70,Bronze,Web,Nakhon Ratchasima,601,TV_Show,Credit_Card,7,11,1,0,>50,20.033333333333335,10.0,3.0,0.3,11,16,4712.806,0.28,0.7,0.3,0.0,0.0,0,0,0.0,4330.41,1,1,1.0,29966.98,4,1,0.25,47128.06,10,3,0.3,0
LGS2ORD0038803,C015387,2025-11-04 07:00:00,Male,47,Bronze,Shopee,Bangkok,590,TV_Show,Credit_Card,7,11,1,0,40-50,19.666666666666668,8.0,3.0,0.375,34,23,3516.505,0.23,0.75,0.125,0.0,0.0,0,0,0.0,3037.58,2,0,0.0,15378.43,6,2,0.3333333333333333,28132.04,8,3,0.375,0
LGS2ORD0038804,C011247,2025-11-04 07:00:00,Female,40,Silver,CallCenter,Chonburi,1559,Shopee,COD,7,11,1,0,30-40,51.96666666666667,7.0,1.0,0.14285714285714285,99,87,7403.265714285713,0.3,0.42857142857142855,0.2857142857142857,0.0,0.0,0,0,0.0,0.0,0,0,0.0,4108.19,1,0,0.0,51822.85999999999,7,1,0.14285714285714285,0
LGS2ORD0038805,C016561,2025-11-04 07:00:00,Female,48,Bronze,Lazada,Remote_Area,906,Web,Credit_Card,7,11,1,0,40-50,30.2,4.0,1.0,0.25,274,111,9213.8575,0.23,0.25,0.25,0.0,0.0,0,0,0.0,0.0,0,0,0.0,0.0,0,0,0.0,36855.43,4,1,0.25,1
LGS2ORD0038806,C017019,2025-11-04 07:00:00,Female,44,Bronze,TV,Chonburi,499,Lazada,COD,7,11,1,0,40-50,16.633333333333333,7.0,2.0,0.2857142857142857,50,7,2787.141428571428,0.28,0.42857142857142855,0.7142857142857143,0.0,0.0,0,0,0.0,10643.59,2,0,0.0,11957.169999999998,3,1,0.3333333333333333,19509.989999999998,7,2,0.2857142857142857,0
LGS2ORD0038807,C016473,2025-11-04 08:00:00,Male,46,Silver,Lazada,Phuket,1057,Shopee,COD,8,11,1,0,40-50,35.233333333333334,2.0,0.0,0.0,-1,231,12455.064999999999,0.05,0.0,0.0,0.0,0.0,0,0,0.0,0.0,0,0,0.0,0.0,0,0,0.0,24910.129999999997,2,0,0.0,0
LGS2ORD0038808,C013888,2025-11-04 08:00:00,Male,57,Silver,TV,Khon Kaen,900,Lazada,Bank_Transfer,8,11,1,0,>50,30.0,6.0,0.0,0.0,-1,26,4358.086666666667,0.3,0.3333333333333333,0.6666666666666666,0.0,0.0,0,0,0.0,535.16,1,0,0.0,10575.89,2,0,0.0,26148.52,6,0,0.0,0
LGS2ORD0038809,C012562,2025-11-04 08:00:00,Male,58,Bronze,Web,Chonburi,1673,TV_Show,Credit_Card,8,11,1,0,>50,55.766666666666666,3.0,1.0,0.3333333333333333,-5,2,14011.576666666666,0.28,0.6666666666666666,1.0,0.0,1310.59,1,1,1.0,1310.59,1,1,1.0,1310.59,1,1,1.0,42034.729999999996,3,1,0.3333333333333333,0
LGS2ORD0038810,C013558,2025-11-04 08:00:00,Female,47,Bronze,TV,Bangkok,798,CallCenter,Credit_Card,8,11,1,0,40-50,26.6,6.0,0.0,0.0,-1,27,10963.548333333334,0.18,0.16666666666666666,0.0,0.0,0.0,0,0,0.0,20026.29,1,0,0.0,20026.29,1,0,0.0,65781.29000000001,6,0,0.0,0
LGS2ORD0038811,C016550,2025-11-04 08:00:00,Male,32,Bronze,Shopee,Bangkok,1652,TV_Show,COD,8,11,1,0,30-40,55.06666666666667,9.0,4.0,0.4444444444444444,-8,4,2219.4577777777777,0.28,0.8888888888888888,0.3333333333333333,0.0,4843.06,1,1,1.0,10618.880000000001,2,1,0.5,12699.29,4,3,0.75,19975.12,9,4,0.4444444444444444,1
LGS2ORD0038812,C010018,2025-11-04 09:00:00,Female,40,Silver,TV,Bangkok,1575,Shopee,PromptPay,9,11,1,0,30-40,52.5,4.0,1.0,0.25,213,55,7372.845,0.1,0.5,0.0,0.0,0.0,0,0,0.0,0.0,0,0,0.0,22344.24,1,0,0.0,29491.38,4,1,0.25,0
LGS2ORD0038813,C011376,2025-11-04 09:00:00,Female,46,Platinum,Shopee,Bangkok,484,Shopee,Credit_Card,9,11,1,0,40-50,16.133333333333333,2.0,0.0,0.0,-1,46,3000.62,0.15,0.5,0.0,0.0,0.0,0,0,0.0,0.0,0,0,0.0,5236.86,1,0,0.0,6001.24,2,0,0.0,0
LGS2ORD0038814,C015623,2025-11-04 09:00:00,Male,25,Silver,Shopee,Phuket,1451,TV_Show,Bank_Transfer,9,11,1,0,20-30,48.36666666666667,5.0,2.0,0.4,36,34,2448.824,0.25,0.6,0.4,0.0,0.0,0,0,0.0,0.0,0,0,0.0,6214.04,4,2,0.5,12244.12,5,2,0.4,0
LGS2ORD0038815,C016121,2025-11-04 09:00:00,Male,43,Platinum,TV,Chonburi,1414,Shopee,PromptPay,9,11,1,0,40-50,47.13333333333333,4.0,1.0,0.25,240,30,2896.5699999999997,0.35,0.75,0.25,0.0,0.0,0,0,0.0,0.0,0,0,0.0,3924.46,1,0,0.0,11586.279999999999,4,1,0.25,0
LGS2ORD0038816,C015282,2025-11-04 09:00:00,Male,31,Silver,CallCenter,Bangkok,559,TV_Show,COD,9,11,1,0,30-40,18.633333333333333,4.0,1.0,0.25,85,92,8166.0575,0.25,0.25,0.25,0.0,0.0,0,0,0.0,0.0,0,0,0.0,0.0,0,0,0.0,32664.23,4,1,0.25,0
LGS2ORD0038817,C012380,2025-11-04 10:00:00,Female,31,Gold,Shopee,Bangkok,940,TV_Show,COD,10,11,1,0,30-40,31.333333333333332,3.0,1.0,0.3333333333333333,252,58,2567.0400000000004,0.33,0.0,0.3333333333333333,0.0,0.0,0,0,0.0,0.0,0,0,0.0,2017.64,1,0,0.0,7701.120000000001,3,1,0.3333333333333333,0
LGS2ORD0038818,C012337,2025-11-04 10:00:00,Male,50,Bronze,Web,Bangkok,1632,Shopee,Bank_Transfer,10,11,1,0,40-50,54.4,7.0,2.0,0.2857142857142857,167,16,12053.398571428572,0.23,0.2857142857142857,0.2857142857142857,0.0,0.0,0,0,0.0,31223.02,1,0,0.0,31223.02,1,0,0.0,84373.79000000001,7,2,0.2857142857142857,0
LGS2ORD0038819,C017869,2025-11-04 10:00:00,Male,43,Silver,TV,Songkhla,390,Web,Credit_Card,10,11,1,0,40-50,13.0,8.0,2.0,0.25,9,20,4104.04125,0.3,0.5,0.25,0.0,0.0,0,0,0.0,4218.01,1,1,1.0,4573.75,2,1,0.5,32832.33,8,2,0.25,0
LGS2ORD0038820,C010649,2025-11-04 10:00:00,Female,46,Platinum,TV,Bangkok,944,Lazada,Bank_Transfer,10,11,1,0,40-50,31.466666666666665,4.0,1.0,0.25,183,20,5800.2325,0.3,0.5,0.75,0.0,0.0,0,0,0.0,15471.68,1,0,0.0,19703.13,2,0,0.0,23200.93,4,1,0.25,0
LGS2ORD0038821,C015355,2025-11-04 10:00:00,Male,24,Gold,TV,Chiang Mai,1116,TV_Show,COD,10,11,1,0,20-30,37.2,5.0,1.0,0.2,269,175,2316.13,0.33,0.4,0.6,0.0,0.0,0,0,0.0,0.0,0,0,0.0,0.0,0,0,0.0,11580.650000000001,5,1,0.2,0
LGS2ORD0038822,C011391,2025-11-04 10:00:00,Male,50,Bronze,Web,Bangkok,712,TV_Show,COD,10,11,1,0,40-50,23.733333333333334,6.0,1.0,0.16666666666666666,161,65,3461.251666666667,0.18,0.6666666666666666,0.0,0.0,0.0,0,0,0.0,0.0,0,0,0.0,3904.58,1,0,0.0,20767.510000000002,6,1,0.16666666666666666,0
LGS2ORD0038823,C016321,2025-11-04 11:00:00,Female,45,Bronze,CallCenter,Remote_Area,1136,Web,COD,11,11,1,0,40-50,37.86666666666667,3.0,0.0,0.0,-1,92,11537.0,0.28,0.0,0.6666666666666666,0.0,0.0,0,0,0.0,0.0,0,0,0.0,0.0,0,0,0.0,34611.0,3,0,0.0,0
LGS2ORD0038824,C012231,2025-11-04 11:00:00,Male,23,Bronze,CallCenter,Remote_Area,1764,CallCenter,Credit_Card,11,11,1,0,20-30,58.8,7.0,2.0,0.2857142857142857,4,13,8376.199999999999,0.23,0.42857142857142855,0.14285714285714285,0.0,0.0,0,0,0.0,24378.620000000003,2,1,0.5,26950.35,4,1,0.25,58633.399999999994,7,2,0.2857142857142857,0
LGS2ORD0038825,C013180,2025-11-04 11:00:00,Male,21,Gold,Web,Khon Kaen,1112,CallCenter,COD,11,11,1,0,20-30,37.06666666666667,5.0,1.0,0.2,48,62,6578.44,0.28,0.8,0.2,0.0,0.0,0,0,0.0,0.0,0,0,0.0,3329.25,1,1,1.0,32892.2,5,1,0.2,1
LGS2ORD0038826,C013727,2025-11-04 11:00:00,Male,41,Bronze,Web,Phuket,1012,Web,COD,11,11,1,0,40-50,33.733333333333334,9.0,6.0,0.6666666666666666,13,13,3779.753333333332,0.23,0.8888888888888888,0.2222222222222222,0.0,0.0,0,0,0.0,2164.02,2,1,0.5,11414.710000000001,3,2,0.6666666666666666,34017.77999999999,9,6,0.6666666666666666,0
LGS2ORD0038827,C015441,2025-11-04 11:00:00,Male,42,Bronze,Shopee,Phuket,1577,Shopee,COD,11,11,1,0,40-50,52.56666666666667,7.0,2.0,0.2857142857142857,27,7,3043.5799999999995,0.28,0.5714285714285714,0.14285714285714285,0.0,0.0,0,0,0.0,1502.03,1,0,0.0,4987.62,3,1,0.3333333333333333,21305.059999999998,7,2,0.2857142857142857,0
LGS2ORD0038828,C012544,2025-11-04 12:00:00,Female,28,Platinum,TV,Bangkok,380,Lazada,Credit_Card,12,11,1,0,20-30,12.666666666666666,4.0,3.0,0.75,12,25,1957.3024999999998,0.3,0.5,0.75,0.0,0.0,0,0,0.0,4483.99,1,1,1.0,4483.99,1,1,1.0,7829.209999999999,4,3,0.75,0
LGS2ORD0038829,C017187,2025-11-04 12:00:00,Male,53,Silver,Web,Chonburi,324,TV_Show,Credit_Card,12,11,1,0,>50,10.8,4.0,1.0,0.25,120,32,6742.3875,0.3,0.75,0.25,0.0,0.0,0,0,0.0,0.0,0,0,0.0,1345.52,1,0,0.0,26969.55,4,1,0.25,0
LGS2ORD0038830,C012031,2025-11-04 12:00:00,Female,27,Silver,Web,Khon Kaen,1123,Shopee,COD,12,11,1,0,20-30,37.43333333333333,10.0,1.0,0.1,93,6,5659.837,0.25,0.5,0.2,0.0,5311.9,1,0,0.0,6636.49,2,0,0.0,44627.17,4,0,0.0,56598.37,10,1,0.1,1
LGS2ORD0038831,C016448,2025-11-04 12:00:00,Female,44,Bronze,Lazada,Bangkok,1746,TV_Show,PromptPay,12,11,1,0,40-50,58.2,6.0,0.0,0.0,-1,42,3848.591666666667,0.23,0.3333333333333333,0.16666666666666666,0.0,0.0,0,0,0.0,0.0,0,0,0.0,6031.8,2,0,0.0,23091.550000000003,6,0,0.0,0
LGS2ORD0038832,C011006,2025-11-04 12:00:00,Female,30,Bronze,Shopee,Remote_Area,1171,TV_Show,PromptPay,12,11,1,0,20-30,39.03333333333333,7.0,1.0,0.14285714285714285,212,5,4478.838571428571,0.23,0.5714285714285714,0.2857142857142857,0.0,1782.8,1,0,0.0,1782.8,1,0,0.0,9694.199999999999,3,0,0.0,31351.87,7,1,0.14285714285714285,0
LGS2ORD0038833,C012616,2025-11-04 13:00:00,Male,45,Bronze,Shopee,Khon Kaen,951,TV_Show,Credit_Card,13,11,1,0,40-50,31.7,2.0,0.0,0.0,-1,45,6706.235000000001,0.23,1.0,0.5,0.0,0.0,0,0,0.0,0.0,0,0,0.0,1784.95,1,0,0.0,13412.470000000001,2,0,0.0,0
LGS2ORD0038834,C013159,2025-11-04 13:00:00,Male,32,Bronze,Lazada,Remote_Area,783,CallCenter,COD,13,11,1,0,30-40,26.1,5.0,1.0,0.2,55,0,4124.767999999999,0.18,0.6,0.0,0.0,868.17,1,0,0.0,868.17,1,0,0.0,15739.32,3,1,0.3333333333333333,20623.839999999997,5,1,0.2,0
LGS2ORD0038835,C012848,2025-11-04 13:00:00,Male,48,Bronze,TV,Songkhla,1436,Web,COD,13,11,1,0,40-50,47.86666666666667,4.0,2.0,0.5,98,103,6617.657499999999,0.28,0.75,0.5,0.0,0.0,0,0,0.0,0.0,0,0,0.0,0.0,0,0,0.0,26470.629999999997,4,2,0.5,0
LGS2ORD0038836,C015622,2025-11-04 13:00:00,Female,34,Bronze,TV,Chiang Mai,393,TV_Show,COD,13,11,1,0,30-40,13.1,3.0,2.0,0.6666666666666666,265,119,2184.18,0.18,0.0,0.0,0.0,0.0,0,0,0.0,0.0,0,0,0.0,0.0,0,0,0.0,6552.54,3,2,0.6666666666666666,0
LGS2ORD0038837,C016774,2025-11-04 13:00:00,Male,45,Silver,Shopee,Songkhla,1565,CallCenter,PromptPay,13,11,1,0,40-50,52.166666666666664,4.0,2.0,0.5,97,67,4150.035,0.3,0.25,0.25,0.0,0.0,0,0,0.0,0.0,0,0,0.0,10348.07,1,0,0.0,16600.14,4,2,0.5,1
LGS2ORD0038838,C010208,2025-11-04 14:00:00,Other,20,Bronze,Shopee,Nakhon Ratchasima,1149,Web,COD,14,11,1,0,<20,38.3,1.0,0.0,0.0,-1,59,5771.06,0.13,0.0,0.0,0.0,0.0,0,0,0.0,0.0,0,0,0.0,5771.06,1,0,0.0,5771.06,1,0,0.0,0
LGS2ORD0038839,C017809,2025-11-04 14:00:00,Female,47,Bronze,Lazada,Bangkok,379,CallCenter,Credit_Card,14,11,1,0,40-50,12.633333333333333,9.0,0.0,0.0,-1,46,4520.261111111111,0.28,0.4444444444444444,0.1111111111111111,0.0,0.0,0,0,0.0,0.0,0,0,0.0,14499.15,3,0,0.0,40682.35,9,0,0.0,1
LGS2ORD0038840,C014830,2025-11-04 14:00:00,Female,48,Silver,Shopee,Bangkok,1175,Lazada,PromptPay,14,11,1,0,40-50,39.166666666666664,2.0,1.0,0.5,283,57,1033.06,0.15,0.0,0.0,0.0,0.0,0,0,0.0,0.0,0,0,0.0,640.91,1,0,0.0,2066.12,2,1,0.5,0
LGS2ORD0038841,C011229,2025-11-04 14:00:00,Male,42,Silver,Web,Bangkok,1658,Web,COD,14,11,1,0,40-50,55.266666666666666,5.0,2.0,0.4,2,8,7672.942,0.1,0.4,0.0,0.0,0.0,0,0,0.0,26299.64,2,1,0.5,26299.64,2,1,0.5,38364.71,5,2,0.4,0
LGS2ORD0038842,C014964,2025-11-04 14:00:00,Male,39,Silver,TV,Khon Kaen,1257,Shopee,PromptPay,14,11,1,0,30-40,41.9,6.0,1.0,0.16666666666666666,66,68,7818.685,0.3,0.16666666666666666,0.3333333333333333,0.0,0.0,0,0,0.0,0.0,0,0,0.0,21973.43,1,1,1.0,46912.11,6,1,0.16666666666666666,0
LGS2ORD0038843,C012563,2025-11-04 14:00:00,Male,49,Silver,TV,Phuket,1740,TV_Show,Credit_Card,14,11,1,0,40-50,58.0,5.0,1.0,0.2,-2,2,5964.514,0.3,0.6,0.2,0.0,17009.1,1,1,1.0,18142.3,2,1,0.5,18142.3,2,1,0.5,29822.57,5,1,0.2,0
LGS2ORD0038844,C011802,2025-11-04 15:00:00,Male,29,Silver,CallCenter,Chiang Mai,386,Shopee,COD,15,11,1,0,20-30,12.866666666666667,7.0,2.0,0.2857142857142857,147,7,2042.0528571428572,0.2,0.5714285714285714,0.0,0.0,0.0,0,0,0.0,5751.530000000001,2,0,0.0,5751.530000000001,2,0,0.0,14294.37,7,2,0.2857142857142857,0
LGS2ORD0038845,C015287,2025-11-04 15:00:00,Female,28,Silver,TV,Phuket,1186,CallCenter,COD,15,11,1,0,20-30,39.53333333333333,8.0,2.0,0.25,54,62,9486.428750000001,0.2,0.375,0.0,0.0,0.0,0,0,0.0,0.0,0,0,0.0,27524.82,3,2,0.6666666666666666,75891.43000000001,8,2,0.25,1
LGS2ORD0038846,C012912,2025-11-04 15:00:00,Female,60,Silver,CallCenter,Khon Kaen,1196,TV_Show,COD,15,11,1,0,>50,39.86666666666667,5.0,1.0,0.2,55,63,6216.147999999999,0.2,0.6,0.0,0.0,0.0,0,0,0.0,0.0,0,0,0.0,14745.169999999998,2,1,0.5,31080.739999999998,5,1,0.2,0
LGS2ORD0038847,C014753,2025-11-04 15:00:00,Female,48,Gold,Shopee,Bangkok,1373,CallCenter,COD,15,11,1,0,40-50,45.766666666666666,8.0,1.0,0.125,206,37,7658.4275,0.33,0.375,0.375,0.0,0.0,0,0,0.0,0.0,0,0,0.0,30410.31,2,0,0.0,61267.42,8,1,0.125,0
LGS2ORD0038848,C011933,2025-11-04 15:00:00,Male,43,Bronze,TV,Bangkok,1731,TV_Show,Credit_Card,15,11,1,0,40-50,57.7,6.0,1.0,0.16666666666666666,199,157,7669.706666666668,0.28,0.6666666666666666,0.5,0.0,0.0,0,0,0.0,0.0,0,0,0.0,0.0,0,0,0.0,46018.240000000005,6,1,0.16666666666666666,0
LGS2ORD0038849,C012501,2025-11-04 16:00:00,Male,60,Gold,CallCenter,Chonburi,1284,Web,COD,16,11,1,0,>50,42.8,3.0,1.0,0.3333333333333333,127,71,8129.46,0.2299999999999999,0.0,0.3333333333333333,0.0,0.0,0,0,0.0,0.0,0,0,0.0,2864.14,1,0,0.0,24388.38,3,1,0.3333333333333333,1
LGS2ORD0038850,C017339,2025-11-04 16:00:00,Male,42,Gold,TV,Phuket,1492,TV_Show,PromptPay,16,11,1,0,40-50,49.733333333333334,12.0,4.0,0.3333333333333333,33,41,5606.856666666667,0.33,0.4166666666666667,0.3333333333333333,0.0,0.0,0,0,0.0,0.0,0,0,0.0,13951.52,2,2,1.0,67282.28,12,4,0.3333333333333333,0
LGS2ORD0038851,C010808,2025-11-04 16:00:00,Female,30,Silver,CallCenter,Chiang Mai,913,CallCenter,COD,16,11,1,0,20-30,30.433333333333334,5.0,4.0,0.8,21,29,3312.416,0.3,0.8,0.2,0.0,0.0,0,0,0.0,1026.16,1,1,1.0,4361.42,2,2,1.0,16562.08,5,4,0.8,0
LGS2ORD0038852,C012425,2025-11-04 16:00:00,Male,49,Gold,TV,Nakhon Ratchasima,1393,Shopee,Credit_Card,16,11,1,0,40-50,46.43333333333333,7.0,2.0,0.2857142857142857,119,13,5583.061428571428,0.28,0.5714285714285714,0.5714285714285714,0.0,0.0,0,0,0.0,9105.89,1,0,0.0,9105.89,1,0,0.0,39081.43,7,2,0.2857142857142857,1
LGS2ORD0038853,C014689,2025-11-04 16:00:00,Male,37,Silver,Shopee,Chiang Mai,562,Lazada,COD,16,11,1,0,30-40,18.733333333333334,6.0,1.0,0.16666666666666666,18,29,2692.0316666666668,0.25,0.6666666666666666,0.3333333333333333,0.0,0.0,0,0,0.0,2440.44,1,1,1.0,2440.44,1,1,1.0,16152.19,6,1,0.16666666666666666,0
LGS2ORD0038854,C011567,2025-11-04 17:00:00,Female,40,Bronze,TV,Bangkok,1209,Shopee,Credit_Card,17,11,1,0,30-40,40.3,8.0,1.0,0.125,175,14,5918.77375,0.28,0.375,0.375,0.0,0.0,0,0,0.0,8691.22,1,0,0.0,23273.489999999998,3,0,0.0,47350.19,8,1,0.125,1
LGS2ORD0038855,C017988,2025-11-04 17:00:00,Male,28,Silver,Lazada,Chiang Mai,1124,CallCenter,COD,17,11,1,0,20-30,37.46666666666667,5.0,1.0,0.2,169,24,8377.0,0.2,0.4,0.0,0.0,0.0,0,0,0.0,315.36,1,0,0.0,315.36,1,0,0.0,41885.0,5,1,0.2,0
LGS2ORD0038856,C017160,2025-11-04 17:00:00,Male,65,Silver,Lazada,Phuket,1303,CallCenter,COD,17,11,1,0,>50,43.43333333333333,2.0,1.0,0.5,18,29,2744.19,0.25,0.0,0.5,0.0,0.0,0,0,0.0,1622.49,1,1,1.0,1622.49,1,1,1.0,5488.38,2,1,0.5,0
LGS2ORD0038857,C013980,2025-11-04 17:00:00,Male,54,Bronze,Shopee,Phuket,1067,Lazada,Bank_Transfer,17,11,1,0,>50,35.56666666666667,5.0,2.0,0.4,252,182,12065.566,0.28,0.4,0.4,0.0,0.0,0,0,0.0,0.0,0,0,0.0,0.0,0,0,0.0,60327.83,5,2,0.4,0
LGS2ORD0038858,C015873,2025-11-04 17:00:00,Male,36,Bronze,Lazada,Chonburi,581,Web,COD,17,11,1,0,30-40,19.366666666666667,2.0,0.0,0.0,-1,138,3407.3450000000003,0.03,0.0,0.0,0.0,0.0,0,0,0.0,0.0,0,0,0.0,0.0,0,0,0.0,6814.6900000000005,2,0,0.0,1
LGS2ORD0038859,C016011,2025-11-04 17:00:00,Male,47,Platinum,Web,Bangkok,550,Web,Bank_Transfer,17,11,1,0,40-50,18.333333333333332,4.0,1.0,0.25,116,75,1236.64,0.2,0.25,0.0,0.0,0.0,0,0,0.0,0.0,0,0,0.0,1793.47,1,0,0.0,4946.56,4,1,0.25,0
LGS2ORD0038860,C017374,2025-11-04 18:00:00,Male,48,Bronze,Shopee,Chiang Mai,1603,Shopee,Bank_Transfer,18,11,1,0,40-50,53.43333333333333,3.0,0.0,0.0,-1,55,1679.4366666666667,0.23,0.3333333333333333,0.3333333333333333,0.0,0.0,0,0,0.0,0.0,0,0,0.0,1698.26,1,0,0.0,5038.31,3,0,0.0,0
LGS2ORD0038861,C017949,2025-11-04 18:00:00,Female,41,Gold,Web,Khon Kaen,741,Web,Bank_Transfer,18,11,1,0,40-50,24.7,7.0,1.0,0.14285714285714285,287,122,3472.0571428571434,0.28,0.5714285714285714,0.42857142857142855,0.0,0.0,0,0,0.0,0.0,0,0,0.0,0.0,0,0,0.0,24304.400000000005,7,1,0.14285714285714285,0
LGS2ORD0038862,C010065,2025-11-04 18:00:00,Male,38,Bronze,CallCenter,Khon Kaen,1765,TV_Show,Credit_Card,18,11,1,0,30-40,58.833333333333336,10.0,0.0,0.0,-1,18,3003.0880000000006,0.28,0.4,0.4,0.0,0.0,0,0,0.0,3229.47,1,0,0.0,9752.999999999998,5,0,0.0,30030.880000000005,10,0,0.0,0
LGS2ORD0038863,C012331,2025-11-04 18:00:00,Female,55,Bronze,TV,Remote_Area,429,Shopee,COD,18,11,1,0,>50,14.3,4.0,1.0,0.25,258,114,1160.27,0.28,0.25,0.25,0.0,0.0,0,0,0.0,0.0,0,0,0.0,0.0,0,0,0.0,4641.08,4,1,0.25,0
LGS2ORD0038864,C015426,2025-11-04 18:00:00,Male,51,Bronze,Shopee,Songkhla,795,Web,COD,18,11,1,0,>50,26.5,5.0,2.0,0.4,51,9,12357.642,0.23,0.6,0.2,0.0,0.0,0,0,0.0,5289.29,1,0,0.0,6665.07,2,1,0.5,61788.21,5,2,0.4,1
LGS2ORD0038865,C012081,2025-11-04 19:00:00,Male,62,Bronze,Web,Phuket,1667,Web,COD,19,11,1,0,>50,55.56666666666667,5.0,1.0,0.2,-10,2,3228.826,0.23,0.4,0.6,0.0,3602.9300000000003,2,1,0.5,7663.4400000000005,3,1,0.3333333333333333,14361.45,4,1,0.25,16144.130000000001,5,1,0.2,0
LGS2ORD0038866,C015257,2025-11-04 19:00:00,Female,36,Gold,Shopee,Khon Kaen,963,TV_Show,PromptPay,19,11,1,0,30-40,32.1,1.0,0.0,0.0,-1,184,14055.5,0.2299999999999999,1.0,1.0,0.0,0.0,0,0,0.0,0.0,0,0,0.0,0.0,0,0,0.0,14055.5,1,0,0.0,0
LGS2ORD0038867,C014952,2025-11-04 19:00:00,Female,52,Bronze,TV,Bangkok,404,CallCenter,COD,19,11,1,0,>50,13.466666666666667,2.0,1.0,0.5,160,171,6721.6900000000005,0.18,1.0,0.0,0.0,0.0,0,0,0.0,0.0,0,0,0.0,0.0,0,0,0.0,13443.380000000001,2,1,0.5,0
LGS2ORD0038868,C012305,2025-11-04 19:00:00,Female,43,Gold,Web,Khon Kaen,1702,Web,PromptPay,19,11,1,0,40-50,56.733333333333334,8.0,1.0,0.125,53,3,6574.581249999999,0.33,0.75,0.5,0.125,3285.64,1,0,0.0,3285.64,1,0,0.0,25160.87,2,1,0.5,52596.649999999994,8,1,0.125,1
LGS2ORD0038869,C014173,2025-11-04 19:00:00,Female,57,Silver,CallCenter,Khon Kaen,1266,Shopee,COD,19,11,1,0,>50,42.2,11.0,2.0,0.18181818181818182,33,15,5172.908181818181,0.25,0.6363636363636364,0.36363636363636365,0.0,0.0,0,0,0.0,7028.23,2,0,0.0,12274.21,4,1,0.25,56901.99,11,2,0.18181818181818182,0
LGS2ORD0038870,C013297,2025-11-04 20:00:00,Female,48,Bronze,Web,Chonburi,804,TV_Show,COD,20,11,1,0,40-50,26.8,3.0,0.0,0.0,-1,166,6045.389999999999,0.28,0.6666666666666666,0.6666666666666666,0.0,0.0,0,0,0.0,0.0,0,0,0.0,0.0,0,0,0.0,18136.17,3,0,0.0,0
LGS2ORD0038871,C013185,2025-11-04 20:00:00,Female,39,Gold,TV,Bangkok,1480,Web,Bank_Transfer,20,11,1,0,30-40,49.333333333333336,4.0,1.0,0.25,-12,2,7777.19,0.33,0.75,1.0,0.0,1347.86,1,1,1.0,1347.86,1,1,1.0,20769.28,2,1,0.5,31108.76,4,1,0.25,0
LGS2ORD0038872,C011422,2025-11-04 20:00:00,Male,29,Bronze,TV,Bangkok,957,TV_Show,Credit_Card,20,11,1,0,20-30,31.9,8.0,3.0,0.375,15,1,9466.7925,0.23,0.5,0.25,0.0,13630.04,2,0,0.0,16768.79,3,1,0.3333333333333333,21333.06,4,1,0.25,75734.34,8,3,0.375,0
LGS2ORD0038873,C010532,2025-11-04 20:00:00,Female,56,Bronze,TV,Phuket,331,CallCenter,COD,20,11,1,0,>50,11.033333333333333,4.0,1.0,0.25,215,20,7842.275,0.23,0.5,0.25,0.0,0.0,0,0,0.0,1444.74,1,0,0.0,1444.74,1,0,0.0,31369.1,4,1,0.25,1
LGS2ORD0038874,C015908,2025-11-04 20:00:00,Female,32,Platinum,Web,Bangkok,900,TV_Show,COD,20,11,1,0,30-40,30.0,2.0,0.0,0.0,-1,117,2087.33,0.3,0.0,0.5,0.0,0.0,0,0,0.0,0.0,0,0,0.0,0.0,0,0,0.0,4174.66,2,0,0.0,0
LGS2ORD0038875,C013044,2025-11-04 21:00:00,Female,34,Bronze,Web,Remote_Area,1273,Lazada,COD,21,11,1,0,30-40,42.43333333333333,7.0,2.0,0.2857142857142857,169,4,10020.722857142857,0.28,0.14285714285714285,0.2857142857142857,0.0,4787.91,1,0,0.0,4787.91,1,0,0.0,4787.91,1,0,0.0,70145.06,7,2,0.2857142857142857,0
LGS2ORD0038876,C013278,2025-11-04 21:00:00,Male,34,Silver,TV,Khon Kaen,1583,Web,COD,21,11,1,0,30-40,52.766666666666666,4.0,0.0,0.0,-1,159,4747.62,0.3,0.75,0.25,0.0,0.0,0,0,0.0,0.0,0,0,0.0,0.0,0,0,0.0,18990.48,4,0,0.0,0
LGS2ORD0038877,C012943,2025-11-04 21:00:00,Female,62,Bronze,Web,Bangkok,1702,Shopee,Bank_Transfer,21,11,1,0,>50,56.733333333333334,5.0,3.0,0.6,-6,5,7213.572,0.28,0.2,0.4,0.0,3747.82,1,1,1.0,3747.82,1,1,1.0,6745.93,2,2,1.0,36067.86,5,3,0.6,0
LGS2ORD0038878,C011381,2025-11-04 21:00:00,Female,51,Gold,Lazada,Bangkok,1752,Shopee,PromptPay,21,11,1,0,>50,58.4,4.0,0.0,0.0,-1,57,3319.0125,0.33,0.25,0.5,0.0,0.0,0,0,0.0,0.0,0,0,0.0,4064.65,1,0,0.0,13276.05,4,0,0.0,0
LGS2ORD0038879,C011347,2025-11-04 21:00:00,Male,55,Bronze,Lazada,Chiang Mai,1602,Lazada,COD,21,11,1,0,>50,53.4,0.0,0.0,0.0,-1,-1,0.0,0.0,0.0,0.0,0.0,0.0,0,0,0.0,0.0,0,0,0.0,0.0,0,0,0.0,0.0,0,0,0.0,0
LGS2ORD0038880,C017139,2025-11-04 21:00:00,Female,58,Silver,Shopee,Nakhon Ratchasima,1686,TV_Show,Credit_Card,21,11,1,0,>50,56.2,1.0,0.0,0.0,-1,83,10632.26,0.05,1.0,0.0,0.0,0.0,0,0,0.0,0.0,0,0,0.0,10632.26,1,0,0.0,10632.26,1,0,0.0,0
LGS2ORD0038881,C017901,2025-11-04 22:00:00,Male,44,Bronze,Shopee,Chiang Mai,1586,Web,COD,22,11,1,0,40-50,52.86666666666667,8.0,1.0,0.125,234,36,6499.20625,0.28,0.25,0.125,0.0,0.0,0,0,0.0,0.0,0,0,0.0,13082.980000000001,2,0,0.0,51993.65,8,1,0.125,1
LGS2ORD0038882,C010289,2025-11-04 22:00:00,Male,44,Silver,Web,Nakhon Ratchasima,504,Lazada,COD,22,11,1,0,40-50,16.8,5.0,0.0,0.0,-1,99,2719.172,0.25,0.6,0.2,0.0,0.0,0,0,0.0,0.0,0,0,0.0,0.0,0,0,0.0,13595.86,5,0,0.0,1
LGS2ORD0038883,C010461,2025-11-04 22:00:00,Female,39,Gold,Shopee,Chonburi,1146,Shopee,COD,22,11,1,0,30-40,38.2,6.0,0.0,0.0,-1,70,6138.401666666666,0.33,0.3333333333333333,0.6666666666666666,0.0,0.0,0,0,0.0,0.0,0,0,0.0,4916.43,1,0,0.0,36830.409999999996,6,0,0.0,0
LGS2ORD0038884,C013616,2025-11-04 22:00:00,Male,18,Gold,Web,Chonburi,1057,TV_Show,COD,22,11,1,0,<20,35.233333333333334,2.0,1.0,0.5,273,219,6687.635,0.13,0.5,0.0,0.0,0.0,0,0,0.0,0.0,0,0,0.0,0.0,0,0,0.0,13375.27,2,1,0.5,0
LGS2ORD0038885,C010400,2025-11-04 22:00:00,Male,34,Silver,TV,Bangkok,392,CallCenter,COD,22,11,1,0,30-40,13.066666666666666,2.0,1.0,0.5,14,26,5234.095,0.05,0.5,0.0,0.0,0.0,0,0,0.0,8557.87,1,1,1.0,10468.19,2,1,0.5,10468.19,2,1,0.5,1
LGS2ORD0038886,C010450,2025-11-04 23:00:00,Male,32,Silver,TV,Khon Kaen,694,TV_Show,Credit_Card,23,11,1,0,30-40,23.133333333333333,6.0,1.0,0.16666666666666666,7,17,6624.420000000001,0.3,1.0,0.16666666666666666,0.0,0.0,0,0,0.0,26529.550000000003,3,1,0.3333333333333333,28471.43,4,1,0.25,39746.520000000004,6,1,0.16666666666666666,0
LGS2ORD0038887,C013746,2025-11-04 23:00:00,Female,49,Gold,Shopee,Bangkok,444,Web,PromptPay,23,11,1,0,40-50,14.8,6.0,1.0,0.16666666666666666,118,130,4272.38,0.28,0.5,0.5,0.0,0.0,0,0,0.0,0.0,0,0,0.0,0.0,0,0,0.0,25634.28,6,1,0.16666666666666666,0
LGS2ORD0038888,C014926,2025-11-04 23:00:00,Female,50,Silver,Lazada,Songkhla,1165,TV_Show,COD,23,11,1,0,40-50,38.833333333333336,5.0,0.0,0.0,-1,34,8547.788,0.2,0.4,0.0,0.0,0.0,0,0,0.0,0.0,0,0,0.0,850.25,1,0,0.0,42738.94,5,0,0.0,0
LGS2ORD0038889,C011790,2025-11-04 23:00:00,Male,52,Silver,Shopee,Khon Kaen,1398,TV_Show,COD,23,11,1,0,>50,46.6,3.0,0.0,0.0,-1,91,3147.3000000000006,0.15,0.3333333333333333,0.0,0.0,0.0,0,0,0.0,0.0,0,0,0.0,0.0,0,0,0.0,9441.900000000001,3,0,0.0,0
LGS2ORD0038890,C017663,2025-11-04 23:00:00,Female,41,Silver,Web,Remote_Area,1084,Shopee,COD,23,11,1,0,40-50,36.13333333333333,7.0,3.0,0.42857142857142855,97,38,4248.0771428571425,0.3,0.8571428571428571,0.2857142857142857,0.0,0.0,0,0,0.0,0.0,0,0,0.0,1320.53,1,0,0.0,29736.539999999997,7,3,0.42857142857142855,0
LGS2ORD0038891,C013439,2025-11-05 00:00:00,Male,42,Silver,Web,Chonburi,491,Shopee,Bank_Transfer,0,11,2,0,40-50,16.366666666666667,2.0,0.0,0.0,-1,8,5034.655,0.2,0.0,0.0,0.0,0.0,0,0,0.0,1775.75,1,0,0.0,1775.75,1,0,0.0,10069.31,2,0,0.0,0
LGS2ORD0038892,C012172,2025-11-05 00:00:00,Male,43,Silver,Web,Chiang Mai,603,Web,COD,0,11,2,0,40-50,20.1,2.0,0.0,0.0,-1,55,2371.635,0.25,0.0,0.5,0.0,0.0,0,0,0.0,0.0,0,0,0.0,2732.59,1,0,0.0,4743.27,2,0,0.0,1
LGS2ORD0038893,C015419,2025-11-05 00:00:00,Male,30,Platinum,TV,Bangkok,1058,Lazada,COD,0,11,2,0,20-30,35.266666666666666,5.0,0.0,0.0,-1,21,4728.89,0.35,0.6,0.4,0.0,0.0,0,0,0.0,1097.06,1,0,0.0,18548.920000000002,3,0,0.0,23644.45,5,0,0.0,1
LGS2ORD0038894,C013080,2025-11-05 00:00:00,Male,69,Bronze,Web,Chonburi,1020,Shopee,Credit_Card,0,11,2,0,>50,34.0,6.0,2.0,0.3333333333333333,80,91,3166.545,0.23,0.8333333333333334,0.16666666666666666,0.0,0.0,0,0,0.0,0.0,0,0,0.0,0.0,0,0,0.0,18999.27,6,2,0.3333333333333333,0
LGS2ORD0038895,C016622,2025-11-05 00:00:00,Male,18,Silver,TV,Chonburi,1505,Web,Credit_Card,0,11,2,0,<20,50.166666666666664,1.0,0.0,0.0,-1,17,1908.65,0.05,1.0,0.0,0.0,0.0,0,0,0.0,1908.65,1,0,0.0,1908.65,1,0,0.0,1908.65,1,0,0.0,0
LGS2ORD0038896,C010553,2025-11-05 01:00:00,Female,62,Bronze,Shopee,Bangkok,1376,Web,COD,1,11,2,0,>50,45.86666666666667,8.0,2.0,0.25,98,8,4686.16,0.23,0.625,0.125,0.0,0.0,0,0,0.0,5693.02,1,0,0.0,12256.39,2,0,0.0,37489.28,8,2,0.25,0
LGS2ORD0038897,C010682,2025-11-05 01:00:00,Male,56,Bronze,Web,Bangkok,1463,Web,Credit_Card,1,11,2,0,>50,48.766666666666666,4.0,2.0,0.5,45,49,2233.2325,0.23,0.25,0.25,0.0,0.0,0,0,0.0,0.0,0,0,0.0,6431.34,2,1,0.5,8932.93,4,2,0.5,1
LGS2ORD0038898,C015140,2025-11-05 01:00:00,Female,62,Bronze,CallCenter,Songkhla,1707,TV_Show,COD,1,11,2,0,>50,56.9,7.0,3.0,0.42857142857142855,7,18,1713.3400000000001,0.28,0.8571428571428571,0.42857142857142855,0.0,0.0,0,0,0.0,1400.04,1,1,1.0,1400.04,1,1,1.0,11993.380000000001,7,3,0.42857142857142855,1
LGS2ORD0038899,C010975,2025-11-05 01:00:00,Female,51,Gold,Lazada,Chiang Mai,730,Lazada,Credit_Card,1,11,2,0,>50,24.333333333333332,9.0,2.0,0.2222222222222222,64,4,5248.897777777778,0.33,0.2222222222222222,0.6666666666666666,0.0,5822.8,1,0,0.0,15097.54,2,0,0.0,36594.4,5,1,0.2,47240.08,9,2,0.2222222222222222,0
LGS2ORD0038900,C011550,2025-11-05 01:00:00,Female,53,Silver,Shopee,Nakhon Ratchasima,678,Web,COD,1,11,2,0,>50,22.6,11.0,2.0,0.18181818181818182,24,33,7399.570000000001,0.3,0.45454545454545453,0.18181818181818182,0.0,0.0,0,0,0.0,0.0,0,0,0.0,5968.62,3,2,0.6666666666666666,81395.27,11,2,0.18181818181818182,0
LGS2ORD0038901,C015506,2025-11-05 01:00:00,Male,37,Silver,Shopee,Khon Kaen,377,Web,Credit_Card,1,11,2,0,30-40,12.566666666666666,3.0,0.0,0.0,-1,125,8465.8,0.05,0.3333333333333333,0.0,0.0,0.0,0,0,0.0,0.0,0,0,0.0,0.0,0,0,0.0,25397.399999999998,3,0,0.0,0
LGS2ORD0038902,C014161,2025-11-05 02:00:00,Female,40,Gold,Shopee,Bangkok,765,Shopee,COD,2,11,2,0,30-40,25.5,3.0,0.0,0.0,-1,67,2273.86,0.2299999999999999,0.3333333333333333,0.3333333333333333,0.0,0.0,0,0,0.0,0.0,0,0,0.0,1325.93,2,0,0.0,6821.58,3,0,0.0,0
LGS2ORD0038903,C015723,2025-11-05 02:00:00,Male,27,Platinum,Lazada,Songkhla,1506,Lazada,COD,2,11,2,0,20-30,50.2,4.0,1.0,0.25,295,126,6705.6925,0.35,0.75,0.5,0.0,0.0,0,0,0.0,0.0,0,0,0.0,0.0,0,0,0.0,26822.77,4,1,0.25,1
LGS2ORD0038904,C017918,2025-11-05 02:00:00,Male,33,Bronze,TV,Chiang Mai,1358,TV_Show,Credit_Card,2,11,2,0,30-40,45.266666666666666,4.0,1.0,0.25,140,42,3820.36,0.28,0.5,0.75,0.0,0.0,0,0,0.0,0.0,0,0,0.0,4378.63,2,0,0.0,15281.44,4,1,0.25,0
LGS2ORD0038905,C012132,2025-11-05 02:00:00,Female,47,Bronze,CallCenter,Bangkok,731,Web,Credit_Card,2,11,2,0,40-50,24.366666666666667,8.0,2.0,0.25,90,9,3228.82125,0.23,0.75,0.125,0.0,0.0,0,0,0.0,3711.39,1,0,0.0,3711.39,1,0,0.0,25830.57,8,2,0.25,1
LGS2ORD0038906,C015795,2025-11-05 02:00:00,Female,18,Bronze,TV,Nakhon Ratchasima,544,TV_Show,COD,2,11,2,0,<20,18.133333333333333,9.0,2.0,0.2222222222222222,11,14,3936.498888888889,0.18,0.2222222222222222,0.0,0.0,0.0,0,0,0.0,11819.25,2,1,0.5,11819.25,2,1,0.5,35428.49,9,2,0.2222222222222222,0
LGS2ORD0038907,C011400,2025-11-05 03:00:00,Male,56,Bronze,TV,Khon Kaen,530,TV_Show,COD,3,11,2,0,>50,17.666666666666668,2.0,0.0,0.0,-1,177,693.765,0.08,0.0,0.0,0.0,0.0,0,0,0.0,0.0,0,0,0.0,0.0,0,0,0.0,1387.53,2,0,0.0,0
LGS2ORD0038908,C014185,2025-11-05 03:00:00,Male,48,Bronze,Web,Bangkok,658,Shopee,Credit_Card,3,11,2,0,40-50,21.933333333333334,0.0,0.0,0.0,-1,-1,0.0,0.0,0.0,0.0,0.0,0.0,0,0,0.0,0.0,0,0,0.0,0.0,0,0,0.0,0.0,0,0,0.0,0
LGS2ORD0038909,C016616,2025-11-05 03:00:00,Male,47,Bronze,CallCenter,Bangkok,968,TV_Show,COD,3,11,2,0,40-50,32.266666666666666,10.0,2.0,0.2,24,9,1598.548,0.28,0.6,0.4,0.0,0.0,0,0,0.0,697.32,1,0,0.0,6242.33,4,1,0.25,15985.48,10,2,0.2,1
LGS2ORD0038910,C017879,2025-11-05 03:00:00,Female,39,Bronze,Shopee,Chiang Mai,556,Shopee,COD,3,11,2,0,30-40,18.533333333333335,6.0,0.0,0.0,-1,4,5898.971666666667,0.23,0.5,0.3333333333333333,0.0,9815.95,1,0,0.0,9815.95,1,0,0.0,19779.95,4,0,0.0,35393.83,6,0,0.0,0
LGS2ORD0038911,C015130,2025-11-05 03:00:00,Female,27,Silver,Web,Chiang Mai,362,Lazada,COD,3,11,2,0,20-30,12.066666666666666,3.0,0.0,0.0,-1,38,12530.593333333336,0.25,0.6666666666666666,0.6666666666666666,0.0,0.0,0,0,0.0,0.0,0,0,0.0,2060.54,1,0,0.0,37591.780000000006,3,0,0.0,0
LGS2ORD0038912,C017755,2025-11-05 04:00:00,Male,46,Silver,Lazada,Chonburi,329,Shopee,PromptPay,4,11,2,0,40-50,10.966666666666667,4.0,1.0,0.25,65,26,3418.9725,0.3,0.5,0.25,0.0,0.0,0,0,0.0,3994.87,1,0,0.0,11060.02,3,1,0.3333333333333333,13675.89,4,1,0.25,1
LGS2ORD0038913,C012510,2025-11-05 04:00:00,Female,51,Bronze,Shopee,Songkhla,1484,TV_Show,COD,4,11,2,0,>50,49.46666666666667,8.0,4.0,0.5,3,11,3003.52125,0.23,0.75,0.25,0.0,0.0,0,0,0.0,3327.78,1,1,1.0,6829.4400000000005,2,2,1.0,24028.17,8,4,0.5,0
LGS2ORD0038914,C012566,2025-11-05 04:00:00,Female,34,Gold,Web,Bangkok,405,Web,COD,4,11,2,0,30-40,13.5,5.0,2.0,0.4,115,72,3971.638,0.28,0.4,0.4,0.0,0.0,0,0,0.0,0.0,0,0,0.0,6545.72,1,0,0.0,19858.19,5,2,0.4,1
LGS2ORD0038915,C016514,2025-11-05 04:00:00,Female,43,Platinum,Shopee,Bangkok,863,TV_Show,COD,4,11,2,0,40-50,28.766666666666666,6.0,1.0,0.16666666666666666,149,8,3762.3700000000003,0.35,0.8333333333333334,0.5,0.0,0.0,0,0,0.0,734.0,1,0,0.0,734.0,1,0,0.0,22574.22,6,1,0.16666666666666666,0
LGS2ORD0038916,C012835,2025-11-05 04:00:00,Male,56,Bronze,Shopee,Remote_Area,1313,Web,COD,4,11,2,0,>50,43.766666666666666,4.0,1.0,0.25,217,4,3274.8225,0.23,0.0,0.75,0.0,3178.87,1,0,0.0,3178.87,1,0,0.0,3178.87,1,0,0.0,13099.29,4,1,0.25,0
LGS2ORD0038917,C012303,2025-11-05 05:00:00,Male,39,Silver,TV,Nakhon Ratchasima,1507,Web,COD,5,11,2,0,30-40,50.233333333333334,8.0,1.0,0.125,186,142,4593.1224999999995,0.3,0.25,0.375,0.0,0.0,0,0,0.0,0.0,0,0,0.0,0.0,0,0,0.0,36744.979999999996,8,1,0.125,0
LGS2ORD0038918,C015344,2025-11-05 05:00:00,Male,33,Bronze,TV,Bangkok,1478,TV_Show,PromptPay,5,11,2,0,30-40,49.266666666666666,4.0,1.0,0.25,80,94,6200.2125,0.23,0.5,0.25,0.0,0.0,0,0,0.0,0.0,0,0,0.0,0.0,0,0,0.0,24800.85,4,1,0.25,0
LGS2ORD0038919,C017712,2025-11-05 05:00:00,Female,37,Platinum,Lazada,Bangkok,485,TV_Show,PromptPay,5,11,2,0,30-40,16.166666666666668,3.0,0.0,0.0,-1,131,12818.12,0.25,0.6666666666666666,0.3333333333333333,0.0,0.0,0,0,0.0,0.0,0,0,0.0,0.0,0,0,0.0,38454.36,3,0,0.0,0
LGS2ORD0038920,C014836,2025-11-05 05:00:00,Male,51,Silver,TV,Remote_Area,1278,TV_Show,Credit_Card,5,11,2,0,>50,42.6,7.0,4.0,0.5714285714285714,26,9,5222.255714285714,0.25,0.2857142857142857,0.14285714285714285,0.0,0.0,0,0,0.0,8028.31,2,1,0.5,26327.39,5,3,0.6,36555.79,7,4,0.5714285714285714,1
LGS2ORD0038921,C010506,2025-11-05 05:00:00,Other,50,Platinum,Shopee,Bangkok,1078,TV_Show,Bank_Transfer,5,11,2,0,40-50,35.93333333333333,4.0,1.0,0.25,157,64,2836.43,0.3,0.75,0.75,0.0,0.0,0,0,0.0,0.0,0,0,0.0,4936.19,1,0,0.0,11345.72,4,1,0.25,0
LGS2ORD0038922,C015093,2025-11-05 05:00:00,Female,30,Platinum,Web,Bangkok,595,Shopee,COD,5,11,2,0,20-30,19.833333333333332,2.0,0.0,0.0,-1,58,9755.15,0.1,1.0,0.0,0.0,0.0,0,0,0.0,0.0,0,0,0.0,7036.17,1,0,0.0,19510.3,2,0,0.0,0
LGS2ORD0038923,C012280,2025-11-05 06:00:00,Female,31,Bronze,TV,Khon Kaen,450,Shopee,Credit_Card,6,11,2,0,30-40,15.0,6.0,0.0,0.0,-1,9,2975.911666666667,0.23,0.3333333333333333,0.16666666666666666,0.0,0.0,0,0,0.0,3000.73,1,0,0.0,11463.189999999999,3,0,0.0,17855.47,6,0,0.0,0
LGS2ORD0038924,C014385,2025-11-05 06:00:00,Male,60,Silver,CallCenter,Khon Kaen,517,Lazada,Credit_Card,6,11,2,0,>50,17.233333333333334,3.0,0.0,0.0,-1,36,12890.753333333334,0.2,0.3333333333333333,0.0,0.0,0.0,0,0,0.0,0.0,0,0,0.0,12412.95,2,0,0.0,38672.26,3,0,0.0,0
LGS2ORD0038925,C015577,2025-11-05 06:00:00,Male,29,Silver,CallCenter,Nakhon Ratchasima,1445,TV_Show,Credit_Card,6,11,2,0,20-30,48.166666666666664,4.0,1.0,0.25,231,109,3581.3275,0.2,0.75,0.0,0.0,0.0,0,0,0.0,0.0,0,0,0.0,0.0,0,0,0.0,14325.31,4,1,0.25,0
LGS2ORD0038926,C013549,2025-11-05 06:00:00,Male,34,Bronze,TV,Chonburi,1685,Lazada,PromptPay,6,11,2,0,30-40,56.166666666666664,5.0,1.0,0.2,80,9,5063.458,0.23,0.6,0.2,0.0,0.0,0,0,0.0,3438.83,2,0,0.0,11008.38,4,1,0.25,25317.289999999997,5,1,0.2,0
LGS2ORD0038927,C013349,2025-11-05 06:00:00,Female,37,Bronze,TV,Khon Kaen,653,TV_Show,COD,6,11,2,0,30-40,21.766666666666666,4.0,0.0,0.0,-1,162,1351.115,0.28,0.75,0.25,0.0,0.0,0,0,0.0,0.0,0,0,0.0,0.0,0,0,0.0,5404.46,4,0,0.0,0
LGS2ORD0038928,C011326,2025-11-05 07:00:00,Female,46,Gold,Web,Bangkok,853,Lazada,COD,7,11,2,0,40-50,28.433333333333334,5.0,2.0,0.4,40,42,4143.778,0.28,0.4,0.2,0.0,0.0,0,0,0.0,0.0,0,0,0.0,9105.2,2,1,0.5,20718.89,5,2,0.4,0
LGS2ORD0038929,C012224,2025-11-05 07:00:00,Male,49,Gold,Lazada,Bangkok,360,Shopee,Credit_Card,7,11,2,0,40-50,12.0,1.0,0.0,0.0,-1,177,5482.57,0.2299999999999999,1.0,1.0,0.0,0.0,0,0,0.0,0.0,0,0,0.0,0.0,0,0,0.0,5482.57,1,0,0.0,0
LGS2ORD0038930,C011863,2025-11-05 07:00:00,Male,41,Bronze,CallCenter,Bangkok,530,CallCenter,COD,7,11,2,0,40-50,17.666666666666668,8.0,3.0,0.375,247,15,3532.6549999999997,0.28,0.75,0.25,0.0,0.0,0,0,0.0,9174.3,2,0,0.0,11807.630000000001,3,0,0.0,28261.239999999998,8,3,0.375,0
LGS2ORD0038931,C012920,2025-11-05 07:00:00,Male,32,Gold,CallCenter,Phuket,1288,Shopee,PromptPay,7,11,2,0,30-40,42.93333333333333,9.0,2.0,0.2222222222222222,134,6,5166.124444444445,0.33,0.4444444444444444,0.3333333333333333,0.0,6013.24,1,0,0.0,6013.24,1,0,0.0,6013.24,1,0,0.0,46495.12,9,2,0.2222222222222222,0
LGS2ORD0038932,C012771,2025-11-05 07:00:00,Male,58,Platinum,Shopee,Bangkok,1371,Lazada,Credit_Card,7,11,2,0,>50,45.7,2.0,0.0,0.0,-1,145,4512.14,0.15,0.5,0.0,0.0,0.0,0,0,0.0,0.0,0,0,0.0,0.0,0,0,0.0,9024.28,2,0,0.0,0
LGS2ORD0038933,C017624,2025-11-05 08:00:00,Female,47,Bronze,TV,Nakhon Ratchasima,1726,TV_Show,Credit_Card,8,11,2,0,40-50,57.53333333333333,6.0,1.0,0.16666666666666666,19,27,5220.291666666667,0.18,0.5,0.0,0.0,0.0,0,0,0.0,11443.61,1,1,1.0,12343.810000000001,3,1,0.3333333333333333,31321.75,6,1,0.16666666666666666,0
LGS2ORD0038934,C013871,2025-11-05 08:00:00,Female,46,Silver,TV,Bangkok,1403,TV_Show,Credit_Card,8,11,2,0,40-50,46.766666666666666,5.0,0.0,0.0,-1,40,6024.242,0.2,0.6,0.0,0.0,0.0,0,0,0.0,0.0,0,0,0.0,21766.23,2,0,0.0,30121.21,5,0,0.0,0
LGS2ORD0038935,C010128,2025-11-05 08:00:00,Male,37,Bronze,Shopee,Phuket,447,TV_Show,COD,8,11,2,0,30-40,14.9,8.0,3.0,0.375,73,77,3507.2225,0.28,0.5,0.25,0.0,0.0,0,0,0.0,0.0,0,0,0.0,3397.46,2,1,0.5,28057.78,8,3,0.375,1
LGS2ORD0038936,C013515,2025-11-05 08:00:00,Male,32,Bronze,TV,Remote_Area,529,Web,Bank_Transfer,8,11,2,0,30-40,17.633333333333333,12.0,6.0,0.5,36,19,3046.4375,0.28,0.5833333333333334,0.08333333333333333,0.0,0.0,0,0,0.0,7204.06,1,0,0.0,18596.91,5,2,0.4,36557.25,12,6,0.5,0
LGS2ORD0038937,C012220,2025-11-05 08:00:00,Male,52,Silver,TV,Bangkok,1319,Web,COD,8,11,2,0,>50,43.96666666666667,6.0,0.0,0.0,-1,43,6881.371666666667,0.25,0.3333333333333333,0.5,0.0,0.0,0,0,0.0,0.0,0,0,0.0,7046.9400000000005,2,0,0.0,41288.23,6,0,0.0,0
LGS2ORD0038938,C011002,2025-11-05 09:00:00,Female,53,Gold,TV,Remote_Area,1255,Lazada,COD,9,11,2,0,>50,41.833333333333336,9.0,3.0,0.3333333333333333,156,4,2491.1877777777777,0.33,0.4444444444444444,0.5555555555555556,0.0,1416.1,1,0,0.0,1416.1,1,0,0.0,5410.209999999999,3,0,0.0,22420.69,9,3,0.3333333333333333,0
LGS2ORD0038939,C011838,2025-11-05 09:00:00,Male,32,Silver,Web,Remote_Area,1534,TV_Show,PromptPay,9,11,2,0,30-40,51.13333333333333,7.0,2.0,0.2857142857142857,197,39,4054.621428571428,0.3,0.5714285714285714,0.2857142857142857,0.0,0.0,0,0,0.0,0.0,0,0,0.0,782.23,1,0,0.0,28382.35,7,2,0.2857142857142857,0
LGS2ORD0038940,C014436,2025-11-05 09:00:00,Female,41,Silver,Web,Khon Kaen,1294,Web,COD,9,11,2,0,40-50,43.13333333333333,9.0,1.0,0.1111111111111111,92,6,5218.516666666667,0.3,0.6666666666666666,0.3333333333333333,0.0,4530.19,1,0,0.0,6815.86,2,0,0.0,6815.86,2,0,0.0,46966.65000000001,9,1,0.1111111111111111,1
LGS2ORD0038941,C017223,2025-11-05 09:00:00,Female,43,Bronze,Lazada,Nakhon Ratchasima,700,Shopee,COD,9,11,2,0,40-50,23.333333333333332,4.0,1.0,0.25,159,52,9903.515,0.18,0.5,0.0,0.0,0.0,0,0,0.0,0.0,0,0,0.0,7121.08,1,0,0.0,39614.06,4,1,0.25,0
LGS2ORD0038942,C012057,2025-11-05 09:00:00,Male,43,Gold,TV,Bangkok,393,Lazada,Credit_Card,9,11,2,0,40-50,13.1,7.0,0.0,0.0,-1,26,6902.88,0.33,0.42857142857142855,0.42857142857142855,0.0,0.0,0,0,0.0,1997.67,1,0,0.0,5354.200000000001,2,0,0.0,48320.16,7,0,0.0,1
LGS2ORD0038943,C015288,2025-11-05 09:00:00,Female,39,Silver,TV,Chiang Mai,1587,TV_Show,Credit_Card,9,11,2,0,30-40,52.9,3.0,0.0,0.0,-1,78,7799.29,0.2,0.3333333333333333,0.0,0.0,0.0,0,0,0.0,0.0,0,0,0.0,12988.22,1,0,0.0,23397.87,3,0,0.0,0
LGS2ORD0038944,C010001,2025-11-05 10:00:00,Male,41,Bronze,TV,Phuket,1206,CallCenter,Bank_Transfer,10,11,2,0,40-50,40.2,4.0,2.0,0.5,86,98,2346.2775,0.28,0.75,0.5,0.0,0.0,0,0,0.0,0.0,0,0,0.0,0.0,0,0,0.0,9385.11,4,2,0.5,0
LGS2ORD0038945,C014619,2025-11-05 10:00:00,Female,65,Silver,Web,Chonburi,1274,TV_Show,COD,10,11,2,0,>50,42.46666666666667,0.0,0.0,0.0,-1,-1,0.0,0.0,0.0,0.0,0.0,0.0,0,0,0.0,0.0,0,0,0.0,0.0,0,0,0.0,0.0,0,0,0.0,0
LGS2ORD0038946,C012855,2025-11-05 10:00:00,Male,35,Bronze,Shopee,Chiang Mai,1072,Web,PromptPay,10,11,2,0,30-40,35.733333333333334,5.0,0.0,0.0,-1,22,9489.988,0.23,0.6,0.2,0.0,0.0,0,0,0.0,3816.74,1,0,0.0,3816.74,1,0,0.0,47449.939999999995,5,0,0.0,0
LGS2ORD0038947,C013214,2025-11-05 10:00:00,Male,41,Platinum,Web,Songkhla,1485,Shopee,COD,10,11,2,0,40-50,49.5,6.0,2.0,0.3333333333333333,79,28,12655.493333333332,0.3,0.6666666666666666,0.3333333333333333,0.0,0.0,0,0,0.0,12939.66,1,0,0.0,12939.66,1,0,0.0,75932.95999999999,6,2,0.3333333333333333,0
LGS2ORD0038948,C011822,2025-11-05 10:00:00,Female,48,Bronze,Web,Chonburi,746,Shopee,Bank_Transfer,10,11,2,0,40-50,24.866666666666667,3.0,0.0,0.0,-1,28,4324.89,0.28,0.6666666666666666,1.0,0.0,0.0,0,0,0.0,9131.44,1,0,0.0,11105.220000000001,2,0,0.0,12974.67,3,0,0.0,0
LGS2ORD0038949,C011294,2025-11-05 11:00:00,Female,29,Silver,TV,Bangkok,1091,Shopee,COD,11,11,2,0,20-30,36.36666666666667,6.0,2.0,0.3333333333333333,109,76,4755.698333333333,0.3,0.5,0.3333333333333333,0.0,0.0,0,0,0.0,0.0,0,0,0.0,9482.55,1,0,0.0,28534.19,6,2,0.3333333333333333,0
LGS2ORD0038950,C015452,2025-11-05 11:00:00,Female,34,Bronze,Shopee,Chonburi,601,Web,Credit_Card,11,11,2,0,30-40,20.033333333333335,9.0,0.0,0.0,-1,16,4774.763333333332,0.28,0.5555555555555556,0.4444444444444444,0.0,0.0,0,0,0.0,2198.88,1,0,0.0,2198.88,1,0,0.0,42972.869999999995,9,0,0.0,0
LGS2ORD0038951,C016971,2025-11-05 11:00:00,Male,46,Bronze,TV,Songkhla,685,Web,PromptPay,11,11,2,0,40-50,22.833333333333332,3.0,1.0,0.3333333333333333,33,41,3637.513333333334,0.23,0.6666666666666666,0.3333333333333333,0.0,0.0,0,0,0.0,0.0,0,0,0.0,9871.619999999999,2,1,0.5,10912.54,3,1,0.3333333333333333,0
LGS2ORD0038952,C016273,2025-11-05 11:00:00,Female,55,Gold,TV,Phuket,347,Web,COD,11,11,2,0,>50,11.566666666666666,6.0,3.0,0.5,82,9,5735.293333333332,0.33,0.6666666666666666,0.6666666666666666,0.0,0.0,0,0,0.0,1713.2,1,0,0.0,5177.77,2,1,0.5,34411.759999999995,6,3,0.5,0
LGS2ORD0038953,C011411,2025-11-05 11:00:00,Male,22,Silver,CallCenter,Bangkok,741,Web,Credit_Card,11,11,2,0,20-30,24.7,3.0,0.0,0.0,-1,93,1631.9566666666667,0.3,0.3333333333333333,0.6666666666666666,0.0,0.0,0,0,0.0,0.0,0,0,0.0,0.0,0,0,0.0,4895.87,3,0,0.0,0
LGS2ORD0038954,C015560,2025-11-05 12:00:00,Female,28,Silver,Web,Phuket,649,Web,COD,12,11,2,0,20-30,21.633333333333333,9.0,3.0,0.3333333333333333,105,37,7832.943333333334,0.3,0.6666666666666666,0.3333333333333333,0.0,0.0,0,0,0.0,0.0,0,0,0.0,16275.96,2,0,0.0,70496.49,9,3,0.3333333333333333,0
LGS2ORD0038955,C010503,2025-11-05 12:00:00,Female,50,Bronze,Lazada,Remote_Area,1224,CallCenter,PromptPay,12,11,2,0,40-50,40.8,9.0,2.0,0.2222222222222222,175,7,7068.738888888888,0.23,0.6666666666666666,0.2222222222222222,0.0,0.0,0,0,0.0,18748.59,1,0,0.0,19711.31,3,0,0.0,63618.649999999994,9,2,0.2222222222222222,0
LGS2ORD0038956,C017077,2025-11-05 12:00:00,Male,48,Silver,Web,Bangkok,1361,CallCenter,PromptPay,12,11,2,0,40-50,45.36666666666667,5.0,2.0,0.4,225,34,5329.594,0.25,0.8,0.2,0.0,0.0,0,0,0.0,0.0,0,0,0.0,943.64,1,0,0.0,26647.97,5,2,0.4,0
LGS2ORD0038957,C013794,2025-11-05 12:00:00,Female,46,Silver,Web,Khon Kaen,1667,Web,Credit_Card,12,11,2,0,40-50,55.56666666666667,6.0,1.0,0.16666666666666666,98,7,5043.2716666666665,0.2,0.5,0.0,0.0,0.0,0,0,0.0,1354.69,1,0,0.0,22896.41,3,0,0.0,30259.63,6,1,0.16666666666666666,0
LGS2ORD0038958,C011375,2025-11-05 12:00:00,Male,37,Platinum,Shopee,Phuket,1211,Lazada,PromptPay,12,11,2,0,30-40,40.36666666666667,6.0,2.0,0.3333333333333333,69,74,2540.7533333333336,0.35,0.6666666666666666,0.5,0.0,0.0,0,0,0.0,0.0,0,0,0.0,7426.52,1,1,1.0,15244.52,6,2,0.3333333333333333,0
LGS2ORD0038959,C012200,2025-11-05 13:00:00,Female,41,Silver,Lazada,Khon Kaen,804,CallCenter,COD,13,11,2,0,40-50,26.8,4.0,1.0,0.25,75,22,5480.4974999999995,0.25,0.0,0.25,0.0,0.0,0,0,0.0,14739.58,2,0,0.0,20286.46,3,1,0.3333333333333333,21921.989999999998,4,1,0.25,0
LGS2ORD0038960,C017590,2025-11-05 13:00:00,Female,51,Bronze,Shopee,Chonburi,782,Web,COD,13,11,2,0,>50,26.066666666666666,3.0,1.0,0.3333333333333333,162,150,4875.383333333333,0.18,0.6666666666666666,0.0,0.0,0.0,0,0,0.0,0.0,0,0,0.0,0.0,0,0,0.0,14626.15,3,1,0.3333333333333333,0
LGS2ORD0038961,C016439,2025-11-05 13:00:00,Male,29,Silver,Web,Remote_Area,1745,Shopee,COD,13,11,2,0,20-30,58.166666666666664,3.0,1.0,0.3333333333333333,239,138,3275.2599999999998,0.2,0.6666666666666666,0.0,0.0,0.0,0,0,0.0,0.0,0,0,0.0,0.0,0,0,0.0,9825.779999999999,3,1,0.3333333333333333,0
LGS2ORD0038962,C016381,2025-11-05 13:00:00,Male,26,Silver,Web,Songkhla,1045,Lazada,COD,13,11,2,0,20-30,34.833333333333336,4.0,1.0,0.25,269,156,2825.7725,0.25,0.0,0.5,0.0,0.0,0,0,0.0,0.0,0,0,0.0,0.0,0,0,0.0,11303.09,4,1,0.25,0
LGS2ORD0038963,C016867,2025-11-05 13:00:00,Female,50,Silver,TV,Bangkok,1673,TV_Show,COD,13,11,2,0,40-50,55.766666666666666,7.0,2.0,0.2857142857142857,60,36,5352.86,0.25,0.7142857142857143,0.2857142857142857,0.0,0.0,0,0,0.0,0.0,0,0,0.0,10843.93,2,1,0.5,37470.02,7,2,0.2857142857142857,1
LGS2ORD0038964,C013896,2025-11-05 13:00:00,Female,65,Bronze,TV,Phuket,679,Web,COD,13,11,2,0,>50,22.633333333333333,9.0,7.0,0.7777777777777778,100,44,4725.893333333333,0.23,0.8888888888888888,0.4444444444444444,0.0,0.0,0,0,0.0,0.0,0,0,0.0,19728.55,2,0,0.0,42533.04,9,7,0.7777777777777778,0
LGS2ORD0038965,C011064,2025-11-05 14:00:00,Female,61,Bronze,Web,Songkhla,406,TV_Show,COD,14,11,2,0,>50,13.533333333333333,5.0,0.0,0.0,-1,18,7112.814,0.28,0.2,0.4,0.0,0.0,0,0,0.0,1361.39,1,0,0.0,1361.39,1,0,0.0,35564.07,5,0,0.0,0
LGS2ORD0038966,C015485,2025-11-05 14:00:00,Female,54,Gold,Shopee,Chiang Mai,1524,Web,Credit_Card,14,11,2,0,>50,50.8,3.0,1.0,0.3333333333333333,19,23,2209.4833333333336,0.18,0.3333333333333333,0.0,0.0,0.0,0,0,0.0,1406.02,1,1,1.0,6628.450000000001,3,1,0.3333333333333333,6628.450000000001,3,1,0.3333333333333333,0
LGS2ORD0038967,C012447,2025-11-05 14:00:00,Female,61,Bronze,TV,Remote_Area,1015,CallCenter,Credit_Card,14,11,2,0,>50,33.833333333333336,10.0,4.0,0.4,-11,1,6934.475,0.18,0.6,0.0,0.0,1827.64,1,1,1.0,1827.64,1,1,1.0,1827.64,1,1,1.0,69344.75,10,4,0.4,0
LGS2ORD0038968,C016970,2025-11-05 14:00:00,Female,70,Bronze,Lazada,Chiang Mai,766,Lazada,Credit_Card,14,11,2,0,>50,25.533333333333335,8.0,1.0,0.125,196,90,12189.607499999998,0.28,0.25,0.125,0.0,0.0,0,0,0.0,0.0,0,0,0.0,0.0,0,0,0.0,97516.85999999999,8,1,0.125,0
LGS2ORD0038969,C014196,2025-11-05 14:00:00,Female,21,Bronze,Web,Remote_Area,1513,Shopee,COD,14,11,2,0,20-30,50.43333333333333,4.0,1.0,0.25,88,97,4420.8150000000005,0.18,0.5,0.0,0.0,0.0,0,0,0.0,0.0,0,0,0.0,0.0,0,0,0.0,17683.260000000002,4,1,0.25,0
LGS2ORD0038970,C016913,2025-11-05 15:00:00,Male,58,Bronze,Web,Bangkok,431,Web,COD,15,11,2,0,>50,14.366666666666667,4.0,1.0,0.25,278,56,1776.9199999999998,0.28,0.75,0.25,0.0,0.0,0,0,0.0,0.0,0,0,0.0,1102.16,1,0,0.0,7107.679999999999,4,1,0.25,0
LGS2ORD0038971,C016069,2025-11-05 15:00:00,Other,56,Bronze,TV,Bangkok,1251,Web,Credit_Card,15,11,2,0,>50,41.7,7.0,2.0,0.2857142857142857,242,24,1977.0685714285717,0.28,0.7142857142857143,0.5714285714285714,0.0,0.0,0,0,0.0,1441.7,1,0,0.0,1441.7,1,0,0.0,13839.480000000001,7,2,0.2857142857142857,0
LGS2ORD0038972,C014487,2025-11-05 15:00:00,Other,44,Gold,Web,Bangkok,886,Shopee,PromptPay,15,11,2,0,40-50,29.533333333333335,1.0,0.0,0.0,-1,294,8157.88,0.08,1.0,0.0,0.0,0.0,0,0,0.0,0.0,0,0,0.0,0.0,0,0,0.0,8157.88,1,0,0.0,0
LGS2ORD0038973,C015185,2025-11-05 15:00:00,Female,50,Gold,TV,Chonburi,629,Web,COD,15,11,2,0,40-50,20.966666666666665,6.0,2.0,0.3333333333333333,197,62,2454.1866666666665,0.28,0.6666666666666666,0.8333333333333334,0.0,0.0,0,0,0.0,0.0,0,0,0.0,2135.3,1,0,0.0,14725.119999999999,6,2,0.3333333333333333,0
LGS2ORD0038974,C012513,2025-11-05 15:00:00,Female,43,Silver,Lazada,Bangkok,971,Shopee,COD,15,11,2,0,40-50,32.36666666666667,5.0,1.0,0.2,180,69,7301.624000000001,0.25,0.2,0.2,0.0,0.0,0,0,0.0,0.0,0,0,0.0,5956.58,1,0,0.0,36508.12,5,1,0.2,0
LGS2ORD0038975,C016254,2025-11-05 16:00:00,Male,29,Silver,TV,Chiang Mai,1059,TV_Show,Bank_Transfer,16,11,2,0,20-30,35.3,2.0,1.0,0.5,40,52,5797.2699999999995,0.2,0.0,0.0,0.0,0.0,0,0,0.0,0.0,0,0,0.0,10710.13,1,1,1.0,11594.539999999999,2,1,0.5,0
LGS2ORD0038976,C014202,2025-11-05 16:00:00,Other,39,Platinum,Web,Bangkok,771,Shopee,Bank_Transfer,16,11,2,0,30-40,25.7,5.0,0.0,0.0,-1,112,3041.7439999999997,0.35,0.6,0.2,0.0,0.0,0,0,0.0,0.0,0,0,0.0,0.0,0,0,0.0,15208.72,5,0,0.0,0
LGS2ORD0038977,C012081,2025-11-05 16:00:00,Male,62,Bronze,Web,Phuket,1668,TV_Show,Credit_Card,16,11,2,0,>50,55.6,6.0,1.0,0.16666666666666666,-10,0,3501.815,0.23,0.5,0.5,0.0,8469.69,3,1,0.3333333333333333,12530.2,4,1,0.25,19228.21,5,1,0.2,21010.89,6,1,0.16666666666666666,1
LGS2ORD0038978,C010486,2025-11-05 16:00:00,Female,56,Silver,Web,Bangkok,700,Web,COD,16,11,2,0,>50,23.333333333333332,0.0,0.0,0.0,-1,-1,0.0,0.0,0.0,0.0,0.0,0.0,0,0,0.0,0.0,0,0,0.0,0.0,0,0,0.0,0.0,0,0,0.0,1
LGS2ORD0038979,C016598,2025-11-05 16:00:00,Female,47,Gold,Shopee,Bangkok,1413,Lazada,Bank_Transfer,16,11,2,0,40-50,47.1,4.0,2.0,0.5,102,112,6897.4325,0.28,0.25,0.5,0.0,0.0,0,0,0.0,0.0,0,0,0.0,0.0,0,0,0.0,27589.73,4,2,0.5,0
LGS2ORD0038980,C012785,2025-11-05 16:00:00,Male,46,Bronze,Lazada,Bangkok,612,Web,COD,16,11,2,0,40-50,20.4,3.0,1.0,0.3333333333333333,221,102,6621.026666666668,0.13,0.6666666666666666,0.0,0.0,0.0,0,0,0.0,0.0,0,0,0.0,0.0,0,0,0.0,19863.08,3,1,0.3333333333333333,0
LGS2ORD0038981,C011044,2025-11-05 17:00:00,Female,46,Silver,Web,Chonburi,1265,Lazada,COD,17,11,2,0,40-50,42.166666666666664,3.0,0.0,0.0,-1,128,3863.0533333333333,0.3,0.0,0.6666666666666666,0.0,0.0,0,0,0.0,0.0,0,0,0.0,0.0,0,0,0.0,11589.16,3,0,0.0,1
LGS2ORD0038982,C013334,2025-11-05 17:00:00,Female,59,Bronze,Web,Bangkok,552,Shopee,Credit_Card,17,11,2,0,>50,18.4,10.0,4.0,0.4,4,9,4956.153,0.28,0.7,0.4,0.0,0.0,0,0,0.0,1959.51,1,1,1.0,9509.35,3,2,0.6666666666666666,49561.53,10,4,0.4,0
LGS2ORD0038983,C016351,2025-11-05 17:00:00,Female,30,Bronze,TV,Bangkok,598,Shopee,Bank_Transfer,17,11,2,0,20-30,19.933333333333334,2.0,0.0,0.0,-1,10,8221.005,0.08,0.0,0.0,0.0,0.0,0,0,0.0,13391.3,1,0,0.0,13391.3,1,0,0.0,16442.01,2,0,0.0,0
LGS2ORD0038984,C010896,2025-11-05 17:00:00,Female,58,Bronze,TV,Remote_Area,1688,TV_Show,COD,17,11,2,0,>50,56.266666666666666,6.0,2.0,0.3333333333333333,122,2,5515.783333333333,0.28,0.8333333333333334,0.16666666666666666,0.0,12590.96,1,0,0.0,18416.79,3,0,0.0,25219.6,4,0,0.0,33094.7,6,2,0.3333333333333333,1
LGS2ORD0038985,C014235,2025-11-05 17:00:00,Male,31,Silver,TV,Bangkok,627,Shopee,COD,17,11,2,0,30-40,20.9,7.0,0.0,0.0,-1,34,8410.648571428572,0.25,0.7142857142857143,0.2857142857142857,0.0,0.0,0,0,0.0,0.0,0,0,0.0,32359.83,3,0,0.0,58874.54,7,0,0.0,1
LGS2ORD0038986,C011568,2025-11-05 18:00:00,Female,43,Bronze,Web,Remote_Area,551,TV_Show,COD,18,11,2,0,40-50,18.366666666666667,6.0,1.0,0.16666666666666666,285,165,7529.9800000000005,0.28,0.5,0.5,0.0,0.0,0,0,0.0,0.0,0,0,0.0,0.0,0,0,0.0,45179.880000000005,6,1,0.16666666666666666,1
LGS2ORD0038987,C012346,2025-11-05 18:00:00,Male,24,Bronze,TV,Chiang Mai,1137,Lazada,PromptPay,18,11,2,0,20-30,37.9,8.0,4.0,0.5,-6,5,4996.6375,0.23,0.875,0.125,0.0,3812.88,1,1,1.0,7821.89,2,1,0.5,13783.119999999999,3,2,0.6666666666666666,39973.1,8,4,0.5,0
LGS2ORD0038988,C010913,2025-11-05 18:00:00,Female,48,Bronze,TV,Remote_Area,1022,CallCenter,Bank_Transfer,18,11,2,0,40-50,34.06666666666667,6.0,1.0,0.16666666666666666,131,44,7587.956666666666,0.23,0.6666666666666666,0.16666666666666666,0.0,0.0,0,0,0.0,0.0,0,0,0.0,1294.97,1,0,0.0,45527.74,6,1,0.16666666666666666,0
LGS2ORD0038989,C010999,2025-11-05 18:00:00,Male,49,Bronze,TV,Khon Kaen,1709,Shopee,Credit_Card,18,11,2,0,40-50,56.96666666666667,4.0,0.0,0.0,-1,43,3907.9449999999993,0.18,0.75,0.0,0.0,0.0,0,0,0.0,0.0,0,0,0.0,516.22,1,0,0.0,15631.779999999997,4,0,0.0,0
LGS2ORD0038990,C010759,2025-11-05 18:00:00,Female,51,Silver,TV,Nakhon Ratchasima,686,Web,Bank_Transfer,18,11,2,0,>50,22.866666666666667,7.0,1.0,0.14285714285714285,147,45,5744.421428571429,0.3,0.2857142857142857,0.14285714285714285,0.0,0.0,0,0,0.0,0.0,0,0,0.0,8869.01,2,0,0.0,40210.950000000004,7,1,0.14285714285714285,0
LGS2ORD0038991,C011789,2025-11-05 19:00:00,Other,40,Bronze,Shopee,Khon Kaen,1054,TV_Show,PromptPay,19,11,2,0,30-40,35.13333333333333,5.0,0.0,0.0,-1,33,8912.395999999999,0.23,0.8,0.2,0.0,0.0,0,0,0.0,0.0,0,0,0.0,30014.63,2,0,0.0,44561.979999999996,5,0,0.0,0
LGS2ORD0038992,C014410,2025-11-05 19:00:00,Male,45,Gold,CallCenter,Nakhon Ratchasima,1071,Shopee,COD,19,11,2,0,40-50,35.7,3.0,0.0,0.0,-1,79,4177.920000000001,0.2299999999999999,1.0,0.3333333333333333,0.0,0.0,0,0,0.0,0.0,0,0,0.0,3664.05,1,0,0.0,12533.760000000002,3,0,0.0,1
LGS2ORD0038993,C016644,2025-11-05 19:00:00,Female,32,Platinum,TV,Bangkok,1700,Web,PromptPay,19,11,2,0,30-40,56.666666666666664,7.0,0.0,0.0,-1,94,9926.387142857144,0.2,0.5714285714285714,0.0,0.0,0.0,0,0,0.0,0.0,0,0,0.0,0.0,0,0,0.0,69484.71,7,0,0.0,0
LGS2ORD0038994,C017334,2025-11-05 19:00:00,Male,45,Silver,Web,Remote_Area,632,Web,PromptPay,19,11,2,0,40-50,21.066666666666666,8.0,2.0,0.25,15,3,4844.74,0.2,0.625,0.0,0.0,5779.48,1,0,0.0,9839.73,2,1,0.5,9839.73,2,1,0.5,38757.92,8,2,0.25,1
LGS2ORD0038995,C013386,2025-11-05 19:00:00,Male,49,Gold,TV,Chiang Mai,588,Web,Credit_Card,19,11,2,0,40-50,19.6,7.0,0.0,0.0,-1,13,6329.155714285714,0.33,0.42857142857142855,0.2857142857142857,0.0,0.0,0,0,0.0,2066.63,1,0,0.0,2066.63,1,0,0.0,44304.09,7,0,0.0,0
LGS2ORD0038996,C010197,2025-11-05 20:00:00,Male,57,Silver,TV,Khon Kaen,940,Shopee,COD,20,11,2,0,>50,31.333333333333332,5.0,0.0,0.0,-1,70,2082.892,0.3,0.6,0.4,0.0,0.0,0,0,0.0,0.0,0,0,0.0,3276.8599999999997,2,0,0.0,10414.46,5,0,0.0,1
LGS2ORD0038997,C015089,2025-11-05 20:00:00,Female,46,Gold,TV,Khon Kaen,1657,Shopee,Credit_Card,20,11,2,0,40-50,55.233333333333334,10.0,1.0,0.1,100,98,3256.4339999999997,0.33,0.3,0.4,0.0,0.0,0,0,0.0,0.0,0,0,0.0,0.0,0,0,0.0,32564.339999999997,10,1,0.1,0
LGS2ORD0038998,C010426,2025-11-05 20:00:00,Female,42,Silver,Lazada,Chonburi,389,TV_Show,COD,20,11,2,0,40-50,12.966666666666667,0.0,0.0,0.0,-1,-1,0.0,0.0,0.0,0.0,0.0,0.0,0,0,0.0,0.0,0,0,0.0,0.0,0,0,0.0,0.0,0,0,0.0,0
LGS2ORD0038999,C015558,2025-11-05 20:00:00,Female,43,Gold,TV,Bangkok,376,Web,COD,20,11,2,0,40-50,12.533333333333333,9.0,2.0,0.2222222222222222,44,55,4739.318888888889,0.33,0.6666666666666666,0.4444444444444444,0.0,0.0,0,0,0.0,0.0,0,0,0.0,4032.6,1,1,1.0,42653.87,9,2,0.2222222222222222,0
LGS2ORD0039000,C012520,2025-11-05 20:00:00,Female,44,Silver,Lazada,Remote_Area,1504,CallCenter,COD,20,11,2,0,40-50,50.13333333333333,3.0,1.0,0.3333333333333333,99,32,3125.5933333333337,0.2,0.3333333333333333,0.0,0.0,0.0,0,0,0.0,0.0,0,0,0.0,3154.92,1,0,0.0,9376.78,3,1,0.3333333333333333,1
LGS2ORD0039001,C015960,2025-11-05 20:00:00,Male,49,Bronze,Shopee,Khon Kaen,535,Lazada,PromptPay,20,11,2,0,40-50,17.833333333333332,8.0,4.0,0.5,29,13,4396.537499999999,0.28,0.375,0.625,0.0,0.0,0,0,0.0,8648.99,2,0,0.0,26752.45,5,3,0.6,35172.299999999996,8,4,0.5,0
LGS2ORD0039002,C010589,2025-11-05 21:00:00,Male,40,Bronze,Web,Songkhla,1369,Web,PromptPay,21,11,2,0,30-40,45.63333333333333,9.0,4.0,0.4444444444444444,5,12,2833.358888888889,0.28,0.8888888888888888,0.4444444444444444,0.0,0.0,0,0,0.0,10222.64,4,2,0.5,17058.510000000002,6,2,0.3333333333333333,25500.23,9,4,0.4444444444444444,0
LGS2ORD0039003,C011136,2025-11-05 21:00:00,Other,64,Silver,Shopee,Nakhon Ratchasima,1713,Shopee,COD,21,11,2,0,>50,57.1,9.0,4.0,0.4444444444444444,118,78,4315.736666666668,0.3,0.7777777777777778,0.2222222222222222,0.0,0.0,0,0,0.0,0.0,0,0,0.0,20920.43,1,0,0.0,38841.630000000005,9,4,0.4444444444444444,1
LGS2ORD0039004,C010396,2025-11-05 21:00:00,Female,40,Bronze,Shopee,Phuket,874,CallCenter,Credit_Card,21,11,2,0,30-40,29.133333333333333,11.0,4.0,0.36363636363636365,74,10,1976.3263636363633,0.28,0.5454545454545454,0.5454545454545454,0.0,0.0,0,0,0.0,2102.1,3,0,0.0,6766.610000000001,5,1,0.2,21739.589999999997,11,4,0.36363636363636365,0
LGS2ORD0039005,C011556,2025-11-05 21:00:00,Male,33,Silver,Shopee,Chiang Mai,1558,TV_Show,COD,21,11,2,0,30-40,51.93333333333333,6.0,2.0,0.3333333333333333,67,50,3804.2466666666664,0.2,0.5,0.0,0.0,0.0,0,0,0.0,0.0,0,0,0.0,13773.900000000001,3,1,0.3333333333333333,22825.48,6,2,0.3333333333333333,0
LGS2ORD0039006,C013388,2025-11-05 21:00:00,Other,58,Silver,Web,Bangkok,1213,CallCenter,COD,21,11,2,0,>50,40.43333333333333,7.0,1.0,0.14285714285714285,246,4,2274.9757142857143,0.3,0.5714285714285714,0.2857142857142857,0.0,832.4,1,0,0.0,832.4,1,0,0.0,2633.43,2,0,0.0,15924.83,7,1,0.14285714285714285,0
LGS2ORD0039007,C013835,2025-11-05 22:00:00,Male,44,Platinum,Web,Bangkok,721,Web,Bank_Transfer,22,11,2,0,40-50,24.033333333333335,6.0,2.0,0.3333333333333333,-5,3,3808.5449999999996,0.35,0.5,0.5,0.0,537.73,1,1,1.0,1126.49,2,1,0.5,21230.129999999997,5,1,0.2,22851.269999999997,6,2,0.3333333333333333,0
LGS2ORD0039008,C013070,2025-11-05 22:00:00,Female,68,Bronze,TV,Songkhla,340,CallCenter,Credit_Card,22,11,2,0,>50,11.333333333333334,8.0,4.0,0.5,87,59,7085.244999999999,0.23,0.625,0.25,0.0,0.0,0,0,0.0,0.0,0,0,0.0,12483.31,1,0,0.0,56681.95999999999,8,4,0.5,1
LGS2ORD0039009,C013525,2025-11-05 22:00:00,Female,23,Silver,Shopee,Bangkok,906,Shopee,Credit_Card,22,11,2,0,20-30,30.2,4.0,1.0,0.25,155,88,4002.0599999999995,0.25,0.5,0.5,0.0,0.0,0,0,0.0,0.0,0,0,0.0,469.21,1,0,0.0,16008.239999999998,4,1,0.25,0
LGS2ORD0039010,C011981,2025-11-05 22:00:00,Male,59,Bronze,Web,Remote_Area,1342,TV_Show,COD,22,11,2,0,>50,44.733333333333334,9.0,3.0,0.3333333333333333,114,13,9197.323333333334,0.23,0.4444444444444444,0.3333333333333333,0.0,0.0,0,0,0.0,1910.17,2,0,0.0,1910.17,2,0,0.0,82775.91,9,3,0.3333333333333333,0
LGS2ORD0039011,C017579,2025-11-05 22:00:00,Male,41,Bronze,CallCenter,Nakhon Ratchasima,1738,Shopee,Credit_Card,22,11,2,0,40-50,57.93333333333333,7.0,3.0,0.42857142857142855,177,23,5324.118571428572,0.28,0.2857142857142857,0.42857142857142855,0.0,0.0,0,0,0.0,2494.82,1,0,0.0,11489.38,2,0,0.0,37268.83,7,3,0.42857142857142855,0
LGS2ORD0039012,C010488,2025-11-05 23:00:00,Female,51,Silver,Web,Songkhla,517,Web,PromptPay,23,11,2,0,>50,17.233333333333334,8.0,2.0,0.25,153,23,9185.48625,0.3,0.625,0.25,0.0,0.0,0,0,0.0,833.98,1,0,0.0,15722.16,3,0,0.0,73483.89,8,2,0.25,1
LGS2ORD0039013,C016715,2025-11-05 23:00:00,Female,60,Silver,TV,Khon Kaen,1179,Shopee,COD,23,11,2,0,>50,39.3,5.0,0.0,0.0,-1,130,8148.25,0.3,0.8,0.2,0.0,0.0,0,0,0.0,0.0,0,0,0.0,0.0,0,0,0.0,40741.25,5,0,0.0,0
LGS2ORD0039014,C014127,2025-11-05 23:00:00,Female,40,Silver,TV,Phuket,653,TV_Show,Credit_Card,23,11,2,0,30-40,21.766666666666666,8.0,3.0,0.375,110,6,2478.215,0.2,0.5,0.0,0.0,2263.18,1,0,0.0,2263.18,1,0,0.0,5325.51,2,0,0.0,19825.72,8,3,0.375,0
LGS2ORD0039015,C010620,2025-11-05 23:00:00,Female,55,Silver,Web,Songkhla,939,Lazada,PromptPay,23,11,2,0,>50,31.3,5.0,2.0,0.4,41,49,4786.072000000001,0.25,0.4,0.4,0.0,0.0,0,0,0.0,0.0,0,0,0.0,217.63,1,1,1.0,23930.360000000004,5,2,0.4,0
LGS2ORD0039016,C016018,2025-11-05 23:00:00,Female,52,Bronze,Web,Khon Kaen,605,TV_Show,COD,23,11,2,0,>50,20.166666666666668,2.0,0.0,0.0,-1,88,1542.21,0.23,0.5,0.5,0.0,0.0,0,0,0.0,0.0,0,0,0.0,754.84,1,0,0.0,3084.42,2,0,0.0,1
LGS2ORD0039017,C012938,2025-11-06 00:00:00,Female,26,Silver,Web,Khon Kaen,1277,Lazada,COD,0,11,3,0,20-30,42.56666666666667,4.0,1.0,0.25,144,161,2624.4525,0.25,0.75,0.5,0.0,0.0,0,0,0.0,0.0,0,0,0.0,0.0,0,0,0.0,10497.81,4,1,0.25,0
LGS2ORD0039018,C014697,2025-11-06 00:00:00,Male,65,Bronze,TV,Nakhon Ratchasima,719,Lazada,Credit_Card,0,11,3,0,>50,23.966666666666665,7.0,1.0,0.14285714285714285,238,93,4305.242857142857,0.18,0.5714285714285714,0.0,0.0,0.0,0,0,0.0,0.0,0,0,0.0,0.0,0,0,0.0,30136.7,7,1,0.14285714285714285,0
LGS2ORD0039019,C013888,2025-11-06 00:00:00,Male,57,Silver,TV,Khon Kaen,902,Shopee,PromptPay,0,11,3,0,>50,30.066666666666666,7.0,0.0,0.0,-1,1,4733.424285714286,0.3,0.2857142857142857,0.5714285714285714,0.0,6985.45,1,0,0.0,7520.61,2,0,0.0,17561.34,3,0,0.0,33133.97,7,0,0.0,0
LGS2ORD0039020,C014832,2025-11-06 00:00:00,Male,34,Bronze,Lazada,Songkhla,554,CallCenter,COD,0,11,3,0,30-40,18.466666666666665,5.0,2.0,0.4,109,85,5457.308,0.23,0.6,0.2,0.0,0.0,0,0,0.0,0.0,0,0,0.0,1089.07,1,0,0.0,27286.54,5,2,0.4,0
LGS2ORD0039021,C012008,2025-11-06 00:00:00,Female,36,Silver,CallCenter,Khon Kaen,1112,Shopee,COD,0,11,3,0,30-40,37.06666666666667,5.0,3.0,0.6,46,59,3019.138,0.3,0.6,0.2,0.0,0.0,0,0,0.0,0.0,0,0,0.0,2224.55,2,2,1.0,15095.69,5,3,0.6,0
LGS2ORD0039022,C010284,2025-11-06 00:00:00,Female,31,Gold,Shopee,Bangkok,1045,Lazada,COD,0,11,3,0,30-40,34.833333333333336,3.0,1.0,0.3333333333333333,112,17,10234.13,0.2299999999999999,0.0,0.3333333333333333,0.0,0.0,0,0,0.0,511.98,1,0,0.0,511.98,1,0,0.0,30702.39,3,1,0.3333333333333333,0
LGS2ORD0039023,C013411,2025-11-06 01:00:00,Female,40,Gold,Web,Bangkok,1393,Web,Credit_Card,1,11,3,0,30-40,46.43333333333333,5.0,0.0,0.0,-1,185,7133.05,0.28,0.6,0.4,0.0,0.0,0,0,0.0,0.0,0,0,0.0,0.0,0,0,0.0,35665.25,5,0,0.0,0
LGS2ORD0039024,C011415,2025-11-06 01:00:00,Male,40,Platinum,TV,Bangkok,919,Shopee,COD,1,11,3,0,30-40,30.633333333333333,6.0,3.0,0.5,117,104,4200.438333333333,0.35,0.6666666666666666,0.6666666666666666,0.0,0.0,0,0,0.0,0.0,0,0,0.0,0.0,0,0,0.0,25202.629999999997,6,3,0.5,0
LGS2ORD0039025,C011992,2025-11-06 01:00:00,Female,45,Bronze,TV,Nakhon Ratchasima,1023,Shopee,PromptPay,1,11,3,0,40-50,34.1,11.0,0.0,0.0,-1,61,4185.650909090909,0.23,0.5454545454545454,0.18181818181818182,0.0,0.0,0,0,0.0,0.0,0,0,0.0,12215.87,1,0,0.0,46042.16,11,0,0.0,1
LGS2ORD0039026,C015802,2025-11-06 01:00:00,Male,41,Gold,Web,Bangkok,626,Web,PromptPay,1,11,3,0,40-50,20.866666666666667,1.0,0.0,0.0,-1,73,3981.82,0.18,1.0,0.0,0.0,0.0,0,0,0.0,0.0,0,0,0.0,3981.82,1,0,0.0,3981.82,1,0,0.0,0
LGS2ORD0039027,C010065,2025-11-06 01:00:00,Male,38,Bronze,CallCenter,Khon Kaen,1767,Lazada,COD,1,11,3,0,30-40,58.9,11.0,0.0,0.0,-1,1,2846.023636363637,0.28,0.36363636363636365,0.36363636363636365,0.0,1275.38,1,0,0.0,4504.85,2,0,0.0,11028.379999999997,6,0,0.0,31306.260000000006,11,0,0.0,0
LGS2ORD0039028,C013713,2025-11-06 02:00:00,Male,47,Bronze,TV,Bangkok,711,Lazada,Credit_Card,2,11,3,0,40-50,23.7,7.0,3.0,0.42857142857142855,55,69,5134.434285714285,0.28,0.5714285714285714,0.5714285714285714,0.0,0.0,0,0,0.0,0.0,0,0,0.0,5503.93,1,1,1.0,35941.03999999999,7,3,0.42857142857142855,0
LGS2ORD0039029,C014881,2025-11-06 02:00:00,Female,55,Bronze,TV,Bangkok,887,TV_Show,COD,2,11,3,0,>50,29.566666666666666,10.0,2.0,0.2,47,16,7158.553000000002,0.28,0.4,0.1,0.0,0.0,0,0,0.0,14752.26,2,0,0.0,22932.530000000002,4,1,0.25,71585.53000000001,10,2,0.2,1
LGS2ORD0039030,C012617,2025-11-06 02:00:00,Female,48,Silver,TV,Chonburi,902,CallCenter,COD,2,11,3,0,40-50,30.066666666666666,4.0,1.0,0.25,122,131,4538.7325,0.3,0.75,0.25,0.0,0.0,0,0,0.0,0.0,0,0,0.0,0.0,0,0,0.0,18154.93,4,1,0.25,0
LGS2ORD0039031,C015445,2025-11-06 02:00:00,Male,40,Platinum,Shopee,Chonburi,1723,TV_Show,PromptPay,2,11,3,0,30-40,57.43333333333333,4.0,0.0,0.0,-1,117,3685.6725,0.35,1.0,0.5,0.0,0.0,0,0,0.0,0.0,0,0,0.0,0.0,0,0,0.0,14742.69,4,0,0.0,0
LGS2ORD0039032,C014752,2025-11-06 02:00:00,Other,34,Silver,Shopee,Bangkok,342,Web,COD,2,11,3,0,30-40,11.4,2.0,0.0,0.0,-1,19,2634.165,0.25,1.0,0.5,0.0,0.0,0,0,0.0,4740.07,1,0,0.0,4740.07,1,0,0.0,5268.33,2,0,0.0,0
LGS2ORD0039033,C017212,2025-11-06 03:00:00,Female,54,Bronze,CallCenter,Phuket,1766,TV_Show,PromptPay,3,11,3,0,>50,58.86666666666667,7.0,1.0,0.14285714285714285,44,52,5801.911428571429,0.28,0.42857142857142855,0.14285714285714285,0.0,0.0,0,0,0.0,0.0,0,0,0.0,10463.96,1,1,1.0,40613.38,7,1,0.14285714285714285,1
LGS2ORD0039034,C015993,2025-11-06 03:00:00,Female,39,Silver,TV,Phuket,858,Web,Credit_Card,3,11,3,0,30-40,28.6,6.0,2.0,0.3333333333333333,137,118,7905.216666666667,0.3,0.5,0.3333333333333333,0.0,0.0,0,0,0.0,0.0,0,0,0.0,0.0,0,0,0.0,47431.3,6,2,0.3333333333333333,1
LGS2ORD0039035,C010558,2025-11-06 03:00:00,Male,35,Bronze,Shopee,Bangkok,377,Lazada,PromptPay,3,11,3,0,30-40,12.566666666666666,5.0,0.0,0.0,-1,25,8095.064,0.23,0.2,0.2,0.0,0.0,0,0,0.0,3692.53,1,0,0.0,3692.53,1,0,0.0,40475.32,5,0,0.0,0
LGS2ORD0039036,C011433,2025-11-06 03:00:00,Male,61,Bronze,Shopee,Chonburi,1519,Web,Credit_Card,3,11,3,0,>50,50.63333333333333,11.0,3.0,0.2727272727272727,44,34,4133.437272727272,0.28,0.36363636363636365,0.2727272727272727,0.0,0.0,0,0,0.0,0.0,0,0,0.0,12957.82,4,1,0.25,45467.80999999999,11,3,0.2727272727272727,0
LGS2ORD0039037,C016914,2025-11-06 03:00:00,Female,39,Bronze,Shopee,Phuket,1622,Lazada,COD,3,11,3,0,30-40,54.06666666666667,13.0,6.0,0.46153846153846156,0,14,6700.914615384615,0.28,0.6153846153846154,0.15384615384615385,0.0,0.0,0,0,0.0,1833.66,1,1,1.0,5629.030000000001,3,2,0.6666666666666666,87111.89,13,6,0.46153846153846156,1
LGS2ORD0039038,C011950,2025-11-06 04:00:00,Female,26,Silver,Web,Bangkok,1388,TV_Show,PromptPay,4,11,3,0,20-30,46.266666666666666,1.0,0.0,0.0,-1,206,5121.94,0.1,0.0,0.0,0.0,0.0,0,0,0.0,0.0,0,0,0.0,0.0,0,0,0.0,5121.94,1,0,0.0,0
LGS2ORD0039039,C015609,2025-11-06 04:00:00,Female,53,Silver,Shopee,Songkhla,1467,Shopee,Credit_Card,4,11,3,0,>50,48.9,3.0,0.0,0.0,-1,170,1548.4333333333334,0.15,0.6666666666666666,0.0,0.0,0.0,0,0,0.0,0.0,0,0,0.0,0.0,0,0,0.0,4645.3,3,0,0.0,0
LGS2ORD0039040,C014822,2025-11-06 04:00:00,Male,33,Bronze,Lazada,Bangkok,440,TV_Show,Credit_Card,4,11,3,0,30-40,14.666666666666666,6.0,1.0,0.16666666666666666,268,95,7393.185,0.28,0.6666666666666666,0.16666666666666666,0.0,0.0,0,0,0.0,0.0,0,0,0.0,0.0,0,0,0.0,44359.11,6,1,0.16666666666666666,0
LGS2ORD0039041,C014837,2025-11-06 04:00:00,Female,42,Bronze,Lazada,Bangkok,1408,Web,COD,4,11,3,0,40-50,46.93333333333333,4.0,2.0,0.5,54,68,9474.625000000002,0.23,0.25,0.5,0.0,0.0,0,0,0.0,0.0,0,0,0.0,1271.41,1,1,1.0,37898.50000000001,4,2,0.5,1
LGS2ORD0039042,C017630,2025-11-06 04:00:00,Female,68,Gold,TV,Nakhon Ratchasima,420,Shopee,Credit_Card,4,11,3,0,>50,14.0,3.0,0.0,0.0,-1,158,4305.9766666666665,0.28,0.6666666666666666,1.0,0.0,0.0,0,0,0.0,0.0,0,0,0.0,0.0,0,0,0.0,12917.93,3,0,0.0,0
LGS2ORD0039043,C016601,2025-11-06 04:00:00,Female,54,Bronze,Web,Chonburi,1541,TV_Show,Credit_Card,4,11,3,0,>50,51.36666666666667,5.0,1.0,0.2,151,2,13450.467999999999,0.23,0.6,0.2,0.0,9761.15,1,0,0.0,9761.15,1,0,0.0,9761.15,1,0,0.0,67252.34,5,1,0.2,0
LGS2ORD0039044,C010694,2025-11-06 05:00:00,Male,54,Gold,TV,Bangkok,500,Shopee,Credit_Card,5,11,3,0,>50,16.666666666666668,4.0,0.0,0.0,-1,7,2241.88,0.33,0.0,0.75,0.0,0.0,0,0,0.0,5411.01,1,0,0.0,7162.09,2,0,0.0,8967.52,4,0,0.0,0
LGS2ORD0039045,C010881,2025-11-06 05:00:00,Female,42,Silver,TV,Remote_Area,1676,Shopee,COD,5,11,3,0,40-50,55.86666666666667,3.0,1.0,0.3333333333333333,278,106,6153.913333333333,0.25,0.3333333333333333,0.3333333333333333,0.0,0.0,0,0,0.0,0.0,0,0,0.0,0.0,0,0,0.0,18461.739999999998,3,1,0.3333333333333333,0
LGS2ORD0039046,C011501,2025-11-06 05:00:00,Female,56,Bronze,TV,Remote_Area,1219,TV_Show,COD,5,11,3,0,>50,40.63333333333333,9.0,2.0,0.2222222222222222,48,55,6841.84,0.28,0.5555555555555556,0.2222222222222222,0.0,0.0,0,0,0.0,0.0,0,0,0.0,18781.29,4,1,0.25,61576.56,9,2,0.2222222222222222,0
LGS2ORD0039047,C017157,2025-11-06 05:00:00,Female,45,Gold,TV,Khon Kaen,1638,Shopee,COD,5,11,3,0,40-50,54.6,6.0,2.0,0.3333333333333333,44,16,4528.71,0.33,0.6666666666666666,0.8333333333333334,0.0,0.0,0,0,0.0,1703.88,1,0,0.0,4996.75,3,1,0.3333333333333333,27172.260000000002,6,2,0.3333333333333333,1
LGS2ORD0039048,C016005,2025-11-06 05:00:00,Female,18,Bronze,TV,Bangkok,892,TV_Show,PromptPay,5,11,3,0,<20,29.733333333333334,2.0,1.0,0.5,233,25,5500.63,0.23,0.5,0.5,0.0,0.0,0,0,0.0,9870.35,1,0,0.0,9870.35,1,0,0.0,11001.26,2,1,0.5,0
LGS2ORD0039049,C014974,2025-11-06 06:00:00,Male,52,Silver,Shopee,Phuket,1161,TV_Show,PromptPay,6,11,3,0,>50,38.7,6.0,5.0,0.8333333333333334,27,38,2924.118333333334,0.25,0.6666666666666666,0.3333333333333333,0.0,0.0,0,0,0.0,0.0,0,0,0.0,1294.54,1,1,1.0,17544.710000000003,6,5,0.8333333333333334,0
LGS2ORD0039050,C017374,2025-11-06 06:00:00,Male,48,Bronze,Shopee,Chiang Mai,1605,Lazada,Credit_Card,6,11,3,0,40-50,53.5,4.0,0.0,0.0,-1,1,2844.4325,0.28,0.25,0.5,0.0,6339.42,1,0,0.0,6339.42,1,0,0.0,8037.68,2,0,0.0,11377.73,4,0,0.0,0
LGS2ORD0039051,C014276,2025-11-06 06:00:00,Male,43,Bronze,Lazada,Khon Kaen,1713,TV_Show,PromptPay,6,11,3,0,40-50,57.1,8.0,2.0,0.25,170,4,2377.99375,0.23,0.375,0.375,0.0,1134.71,1,0,0.0,1134.71,1,0,0.0,1134.71,1,0,0.0,19023.95,8,2,0.25,0
LGS2ORD0039052,C010360,2025-11-06 06:00:00,Male,19,Gold,Web,Nakhon Ratchasima,1373,CallCenter,COD,6,11,3,0,<20,45.766666666666666,3.0,0.0,0.0,-1,15,4195.0233333333335,0.2299999999999999,0.3333333333333333,0.3333333333333333,0.0,0.0,0,0,0.0,3466.2799999999997,2,0,0.0,12585.07,3,0,0.0,12585.07,3,0,0.0,0
LGS2ORD0039053,C012587,2025-11-06 06:00:00,Female,41,Silver,Lazada,Phuket,1306,Web,Bank_Transfer,6,11,3,0,40-50,43.53333333333333,7.0,3.0,0.42857142857142855,4,13,6477.051428571429,0.25,0.42857142857142855,0.5714285714285714,0.0,0.0,0,0,0.0,4529.5,1,1,1.0,7537.34,2,1,0.5,45339.36,7,3,0.42857142857142855,0
LGS2ORD0039054,C014380,2025-11-06 07:00:00,Male,41,Silver,Shopee,Nakhon Ratchasima,1748,Web,COD,7,11,3,0,40-50,58.266666666666666,7.0,2.0,0.2857142857142857,113,113,2843.5771428571425,0.25,0.8571428571428571,0.2857142857142857,0.0,0.0,0,0,0.0,0.0,0,0,0.0,0.0,0,0,0.0,19905.039999999997,7,2,0.2857142857142857,0
LGS2ORD0039055,C014258,2025-11-06 07:00:00,Female,39,Gold,Web,Nakhon Ratchasima,1248,CallCenter,COD,7,11,3,0,30-40,41.6,5.0,1.0,0.2,1,16,7517.293999999999,0.33,0.6,0.2,0.0,0.0,0,0,0.0,1590.02,1,1,1.0,22736.0,2,1,0.5,37586.469999999994,5,1,0.2,0
LGS2ORD0039056,C015253,2025-11-06 07:00:00,Female,29,Platinum,Web,Bangkok,368,CallCenter,COD,7,11,3,0,20-30,12.266666666666667,3.0,0.0,0.0,-1,21,8476.623333333335,0.25,0.0,0.3333333333333333,0.0,0.0,0,0,0.0,17444.57,2,0,0.0,17444.57,2,0,0.0,25429.870000000003,3,0,0.0,0
LGS2ORD0039057,C011556,2025-11-06 07:00:00,Male,33,Silver,Shopee,Chiang Mai,1559,CallCenter,Bank_Transfer,7,11,3,0,30-40,51.96666666666667,7.0,2.0,0.2857142857142857,68,0,4703.992857142856,0.2,0.5714285714285714,0.0,0.0,10102.47,1,0,0.0,10102.47,1,0,0.0,23876.370000000003,4,1,0.25,32927.95,7,2,0.2857142857142857,1
LGS2ORD0039058,C017528,2025-11-06 07:00:00,Male,57,Bronze,Web,Songkhla,1023,CallCenter,COD,7,11,3,0,>50,34.1,1.0,0.0,0.0,-1,10,1982.11,0.03,1.0,0.0,0.0,0.0,0,0,0.0,1982.11,1,0,0.0,1982.11,1,0,0.0,1982.11,1,0,0.0,0
LGS2ORD0039059,C015614,2025-11-06 08:00:00,Male,56,Bronze,TV,Khon Kaen,1270,Shopee,Bank_Transfer,8,11,3,0,>50,42.333333333333336,9.0,3.0,0.3333333333333333,150,82,4903.767777777778,0.23,0.5555555555555556,0.4444444444444444,0.0,0.0,0,0,0.0,0.0,0,0,0.0,5054.89,1,0,0.0,44133.91,9,3,0.3333333333333333,0
LGS2ORD0039060,C017712,2025-11-06 08:00:00,Female,37,Platinum,Lazada,Bangkok,486,Web,COD,8,11,3,0,30-40,16.2,4.0,0.0,0.0,-1,1,10050.5125,0.3,0.5,0.5,0.0,1747.69,1,0,0.0,1747.69,1,0,0.0,1747.69,1,0,0.0,40202.05,4,0,0.0,0
LGS2ORD0039061,C014541,2025-11-06 08:00:00,Female,48,Bronze,Lazada,Phuket,955,Web,PromptPay,8,11,3,0,40-50,31.833333333333332,6.0,3.0,0.5,37,44,4846.778333333334,0.23,0.8333333333333334,0.8333333333333334,0.0,0.0,0,0,0.0,0.0,0,0,0.0,7691.42,2,2,1.0,29080.670000000002,6,3,0.5,0
LGS2ORD0039062,C010344,2025-11-06 08:00:00,Female,34,Bronze,CallCenter,Bangkok,670,Web,COD,8,11,3,0,30-40,22.333333333333332,2.0,0.0,0.0,-1,77,5922.9400000000005,0.18,0.0,0.0,0.0,0.0,0,0,0.0,0.0,0,0,0.0,5176.77,1,0,0.0,11845.880000000001,2,0,0.0,1
LGS2ORD0039063,C012427,2025-11-06 08:00:00,Female,57,Bronze,Shopee,Songkhla,323,Web,Credit_Card,8,11,3,0,>50,10.766666666666667,8.0,1.0,0.125,90,61,6428.3325,0.28,0.5,0.375,0.0,0.0,0,0,0.0,0.0,0,0,0.0,4317.81,1,0,0.0,51426.66,8,1,0.125,0
LGS2ORD0039064,C010386,2025-11-06 08:00:00,Female,32,Silver,Web,Bangkok,1255,Lazada,Credit_Card,8,11,3,0,30-40,41.833333333333336,7.0,0.0,0.0,-1,11,4826.777142857142,0.25,0.42857142857142855,0.14285714285714285,0.0,0.0,0,0,0.0,2724.39,1,0,0.0,3663.2799999999997,2,0,0.0,33787.439999999995,7,0,0.0,0
LGS2ORD0039065,C010259,2025-11-06 09:00:00,Male,27,Bronze,Web,Phuket,415,TV_Show,COD,9,11,3,0,20-30,13.833333333333334,6.0,1.0,0.16666666666666666,54,29,3694.31,0.18,0.6666666666666666,0.0,0.0,0.0,0,0,0.0,4395.91,1,0,0.0,11325.2,2,1,0.5,22165.86,6,1,0.16666666666666666,0
LGS2ORD0039066,C012438,2025-11-06 09:00:00,Female,37,Silver,TV,Bangkok,562,TV_Show,Credit_Card,9,11,3,0,30-40,18.733333333333334,5.0,0.0,0.0,-1,13,3558.1459999999997,0.2,0.4,0.0,0.0,0.0,0,0,0.0,11273.650000000001,2,0,0.0,11273.650000000001,2,0,0.0,17790.73,5,0,0.0,0
LGS2ORD0039067,C014065,2025-11-06 09:00:00,Female,37,Silver,Shopee,Bangkok,1209,Web,COD,9,11,3,0,30-40,40.3,3.0,0.0,0.0,-1,59,2880.4466666666667,0.2,0.6666666666666666,0.0,0.0,0.0,0,0,0.0,0.0,0,0,0.0,3592.35,1,0,0.0,8641.34,3,0,0.0,0
LGS2ORD0039068,C017956,2025-11-06 09:00:00,Female,33,Bronze,TV,Songkhla,1436,Lazada,Bank_Transfer,9,11,3,0,30-40,47.86666666666667,3.0,1.0,0.3333333333333333,284,41,8388.949999999999,0.18,0.6666666666666666,0.0,0.0,0.0,0,0,0.0,0.0,0,0,0.0,22847.52,1,0,0.0,25166.85,3,1,0.3333333333333333,0
LGS2ORD0039069,C015166,2025-11-06 09:00:00,Male,33,Silver,Shopee,Nakhon Ratchasima,1736,Shopee,Credit_Card,9,11,3,0,30-40,57.86666666666667,3.0,0.0,0.0,-1,10,7618.06,0.2,0.6666666666666666,0.0,0.0,0.0,0,0,0.0,4693.74,1,0,0.0,4693.74,1,0,0.0,22854.18,3,0,0.0,0
LGS2ORD0039070,C017178,2025-11-06 10:00:00,Male,45,Bronze,TV,Phuket,1290,TV_Show,COD,10,11,3,0,40-50,43.0,6.0,2.0,0.3333333333333333,219,57,5812.246666666667,0.18,0.5,0.0,0.0,0.0,0,0,0.0,0.0,0,0,0.0,15284.099999999999,2,0,0.0,34873.48,6,2,0.3333333333333333,0
LGS2ORD0039071,C017253,2025-11-06 10:00:00,Male,18,Silver,Web,Khon Kaen,563,TV_Show,COD,10,11,3,0,<20,18.766666666666666,5.0,2.0,0.4,33,47,13603.194,0.2,0.2,0.0,0.0,0.0,0,0,0.0,0.0,0,0,0.0,8047.11,1,1,1.0,68015.97,5,2,0.4,0
LGS2ORD0039072,C016090,2025-11-06 10:00:00,Female,48,Silver,Shopee,Chonburi,637,Web,COD,10,11,3,0,40-50,21.233333333333334,5.0,1.0,0.2,1,9,5276.54,0.25,0.2,0.2,0.0,0.0,0,0,0.0,13071.45,1,1,1.0,22884.25,3,1,0.3333333333333333,26382.7,5,1,0.2,1
LGS2ORD0039073,C010302,2025-11-06 10:00:00,Female,35,Bronze,Shopee,Remote_Area,1533,CallCenter,COD,10,11,3,0,30-40,51.1,7.0,2.0,0.2857142857142857,194,82,4500.284285714286,0.23,0.5714285714285714,0.42857142857142855,0.0,0.0,0,0,0.0,0.0,0,0,0.0,13311.36,1,0,0.0,31501.99,7,2,0.2857142857142857,1
LGS2ORD0039074,C012300,2025-11-06 10:00:00,Male,19,Gold,Web,Bangkok,901,Shopee,COD,10,11,3,0,<20,30.033333333333335,3.0,1.0,0.3333333333333333,225,150,5912.826666666667,0.18,1.0,0.0,0.0,0.0,0,0,0.0,0.0,0,0,0.0,0.0,0,0,0.0,17738.48,3,1,0.3333333333333333,1
LGS2ORD0039075,C013003,2025-11-06 11:00:00,Female,42,Bronze,Lazada,Chiang Mai,1087,Shopee,COD,11,11,3,0,40-50,36.233333333333334,9.0,2.0,0.2222222222222222,17,26,4236.179999999999,0.28,0.1111111111111111,0.3333333333333333,0.0,0.0,0,0,0.0,1136.78,1,1,1.0,4986.0,2,2,1.0,38125.619999999995,9,2,0.2222222222222222,1
LGS2ORD0039076,C013526,2025-11-06 11:00:00,Male,39,Gold,CallCenter,Bangkok,381,TV_Show,Bank_Transfer,11,11,3,0,30-40,12.7,7.0,2.0,0.2857142857142857,145,8,2299.167142857143,0.2299999999999999,0.42857142857142855,0.42857142857142855,0.0,0.0,0,0,0.0,2912.8199999999997,2,0,0.0,6904.11,3,0,0.0,16094.170000000002,7,2,0.2857142857142857,0
LGS2ORD0039077,C015363,2025-11-06 11:00:00,Female,65,Bronze,TV,Remote_Area,1438,CallCenter,PromptPay,11,11,3,0,>50,47.93333333333333,2.0,0.0,0.0,-1,138,14823.285,0.28,0.5,0.5,0.0,0.0,0,0,0.0,0.0,0,0,0.0,0.0,0,0,0.0,29646.57,2,0,0.0,0
LGS2ORD0039078,C010326,2025-11-06 11:00:00,Female,41,Silver,TV,Nakhon Ratchasima,1254,Lazada,Credit_Card,11,11,3,0,40-50,41.8,1.0,1.0,1.0,285,293,814.14,0.05,1.0,0.0,0.0,0.0,0,0,0.0,0.0,0,0,0.0,0.0,0,0,0.0,814.14,1,1,1.0,0
LGS2ORD0039079,C011893,2025-11-06 11:00:00,Male,37,Silver,Lazada,Chonburi,1077,CallCenter,COD,11,11,3,0,30-40,35.9,6.0,2.0,0.3333333333333333,94,100,5978.336666666666,0.3,0.8333333333333334,0.6666666666666666,0.0,0.0,0,0,0.0,0.0,0,0,0.0,0.0,0,0,0.0,35870.02,6,2,0.3333333333333333,0
LGS2ORD0039080,C013724,2025-11-06 12:00:00,Female,37,Silver,Lazada,Remote_Area,1447,Shopee,PromptPay,12,11,3,0,30-40,48.233333333333334,7.0,3.0,0.42857142857142855,36,41,4597.638571428571,0.25,0.5714285714285714,0.42857142857142855,0.0,0.0,0,0,0.0,0.0,0,0,0.0,21865.67,3,1,0.3333333333333333,32183.469999999998,7,3,0.42857142857142855,0
LGS2ORD0039081,C011484,2025-11-06 12:00:00,Male,36,Silver,Web,Chiang Mai,1283,TV_Show,Credit_Card,12,11,3,0,30-40,42.766666666666666,4.0,0.0,0.0,-1,111,7576.9,0.2,0.25,0.0,0.0,0.0,0,0,0.0,0.0,0,0,0.0,0.0,0,0,0.0,30307.6,4,0,0.0,0
LGS2ORD0039082,C014806,2025-11-06 12:00:00,Female,65,Gold,Shopee,Chiang Mai,736,TV_Show,Credit_Card,12,11,3,0,>50,24.533333333333335,7.0,1.0,0.14285714285714285,224,22,4024.4228571428566,0.33,0.5714285714285714,0.42857142857142855,0.0,0.0,0,0,0.0,1636.66,1,0,0.0,1636.66,1,0,0.0,28170.959999999995,7,1,0.14285714285714285,0
LGS2ORD0039083,C013296,2025-11-06 12:00:00,Female,46,Silver,Web,Khon Kaen,1288,Lazada,COD,12,11,3,0,40-50,42.93333333333333,2.0,0.0,0.0,-1,221,5419.77,0.3,0.5,0.5,0.0,0.0,0,0,0.0,0.0,0,0,0.0,0.0,0,0,0.0,10839.54,2,0,0.0,1
LGS2ORD0039084,C017689,2025-11-06 12:00:00,Female,51,Silver,Web,Nakhon Ratchasima,925,TV_Show,Credit_Card,12,11,3,0,>50,30.833333333333332,3.0,2.0,0.6666666666666666,87,99,5618.95,0.25,1.0,0.3333333333333333,0.0,0.0,0,0,0.0,0.0,0,0,0.0,0.0,0,0,0.0,16856.85,3,2,0.6666666666666666,0
LGS2ORD0039085,C015229,2025-11-06 12:00:00,Female,28,Bronze,Shopee,Bangkok,1626,Shopee,COD,12,11,3,0,20-30,54.2,15.0,4.0,0.26666666666666666,-3,12,5322.291333333334,0.28,0.7333333333333333,0.13333333333333333,0.0,0.0,0,0,0.0,26385.940000000002,4,1,0.25,34744.82,7,2,0.2857142857142857,79834.37000000001,15,4,0.26666666666666666,0
LGS2ORD0039086,C011966,2025-11-06 13:00:00,Female,18,Gold,CallCenter,Chonburi,797,Shopee,COD,13,11,3,0,<20,26.566666666666666,3.0,1.0,0.3333333333333333,105,31,3137.98,0.28,0.6666666666666666,0.6666666666666666,0.0,0.0,0,0,0.0,0.0,0,0,0.0,3909.81,1,0,0.0,9413.94,3,1,0.3333333333333333,0
LGS2ORD0039087,C013012,2025-11-06 13:00:00,Female,35,Silver,Web,Khon Kaen,1526,Web,Credit_Card,13,11,3,0,30-40,50.86666666666667,2.0,0.0,0.0,-1,208,2738.695,0.25,0.5,0.5,0.0,0.0,0,0,0.0,0.0,0,0,0.0,0.0,0,0,0.0,5477.39,2,0,0.0,0
LGS2ORD0039088,C012152,2025-11-06 13:00:00,Male,47,Bronze,Shopee,Phuket,1045,CallCenter,PromptPay,13,11,3,0,40-50,34.833333333333336,1.0,0.0,0.0,-1,308,659.36,0.03,0.0,0.0,0.0,0.0,0,0,0.0,0.0,0,0,0.0,0.0,0,0,0.0,659.36,1,0,0.0,1
LGS2ORD0039089,C010165,2025-11-06 13:00:00,Male,46,Gold,Web,Khon Kaen,881,Lazada,Credit_Card,13,11,3,0,40-50,29.366666666666667,5.0,2.0,0.4,174,183,4172.464,0.28,0.4,0.2,0.0,0.0,0,0,0.0,0.0,0,0,0.0,0.0,0,0,0.0,20862.32,5,2,0.4,0
LGS2ORD0039090,C011438,2025-11-06 13:00:00,Female,33,Gold,Web,Bangkok,1290,Web,COD,13,11,3,0,30-40,43.0,2.0,1.0,0.5,233,33,2992.43,0.33,0.0,0.5,0.0,0.0,0,0,0.0,0.0,0,0,0.0,2578.16,1,0,0.0,5984.86,2,1,0.5,1
LGS2ORD0039091,C014881,2025-11-06 14:00:00,Female,55,Bronze,TV,Bangkok,887,TV_Show,Bank_Transfer,14,11,3,0,>50,29.566666666666666,11.0,3.0,0.2727272727272727,-3,0,6610.26181818182,0.28,0.45454545454545453,0.09090909090909091,0.0,1127.35,1,1,1.0,15879.61,3,1,0.3333333333333333,24059.88,5,2,0.4,72712.88000000002,11,3,0.2727272727272727,0
LGS2ORD0039092,C014542,2025-11-06 14:00:00,Female,38,Bronze,TV,Remote_Area,1430,Lazada,COD,14,11,3,0,30-40,47.666666666666664,4.0,0.0,0.0,-1,98,1379.32,0.23,0.75,0.75,0.0,0.0,0,0,0.0,0.0,0,0,0.0,0.0,0,0,0.0,5517.28,4,0,0.0,0
LGS2ORD0039093,C013003,2025-11-06 14:00:00,Female,42,Bronze,Lazada,Chiang Mai,1087,Web,COD,14,11,3,0,40-50,36.233333333333334,10.0,3.0,0.3,-5,0,3879.6659999999997,0.28,0.2,0.4,0.0,671.04,1,1,1.0,1807.82,2,2,1.0,5657.04,3,3,1.0,38796.659999999996,10,3,0.3,1
LGS2ORD0039094,C010876,2025-11-06 14:00:00,Female,49,Gold,TV,Chiang Mai,340,Shopee,PromptPay,14,11,3,0,40-50,11.333333333333334,1.0,0.0,0.0,-1,250,2273.33,0.18,0.0,0.0,0.0,0.0,0,0,0.0,0.0,0,0,0.0,0.0,0,0,0.0,2273.33,1,0,0.0,0
LGS2ORD0039095,C015030,2025-11-06 14:00:00,Female,69,Silver,Web,Bangkok,674,Lazada,COD,14,11,3,0,>50,22.466666666666665,3.0,0.0,0.0,-1,156,4868.86,0.25,0.3333333333333333,0.3333333333333333,0.0,0.0,0,0,0.0,0.0,0,0,0.0,0.0,0,0,0.0,14606.58,3,0,0.0,0
LGS2ORD0039096,C017968,2025-11-06 15:00:00,Male,51,Bronze,Lazada,Songkhla,1675,TV_Show,Bank_Transfer,15,11,3,0,>50,55.833333333333336,6.0,2.0,0.3333333333333333,0,16,3549.9466666666667,0.18,0.6666666666666666,0.0,0.0,0.0,0,0,0.0,2053.18,1,1,1.0,2053.18,1,1,1.0,21299.68,6,2,0.3333333333333333,0
LGS2ORD0039097,C014683,2025-11-06 15:00:00,Female,46,Platinum,Shopee,Chonburi,651,Lazada,PromptPay,15,11,3,0,40-50,21.7,3.0,1.0,0.3333333333333333,10,22,11394.480000000001,0.1,0.3333333333333333,0.0,0.0,0.0,0,0,0.0,27151.72,1,1,1.0,27151.72,1,1,1.0,34183.44,3,1,0.3333333333333333,0
LGS2ORD0039098,C013562,2025-11-06 15:00:00,Male,56,Bronze,Lazada,Remote_Area,1033,TV_Show,Credit_Card,15,11,3,0,>50,34.43333333333333,6.0,1.0,0.16666666666666666,272,21,8641.791666666666,0.23,0.6666666666666666,0.16666666666666666,0.0,0.0,0,0,0.0,10985.54,1,0,0.0,13772.04,2,0,0.0,51850.75,6,1,0.16666666666666666,0
LGS2ORD0039099,C017853,2025-11-06 15:00:00,Female,53,Silver,Shopee,Chonburi,1189,Shopee,COD,15,11,3,0,>50,39.63333333333333,2.0,0.0,0.0,-1,204,1978.4050000000002,0.25,0.0,0.5,0.0,0.0,0,0,0.0,0.0,0,0,0.0,0.0,0,0,0.0,3956.8100000000004,2,0,0.0,0
LGS2ORD0039100,C012419,2025-11-06 15:00:00,Male,45,Gold,Lazada,Remote_Area,1557,TV_Show,COD,15,11,3,0,40-50,51.9,6.0,1.0,0.16666666666666666,111,32,4094.3633333333332,0.28,0.3333333333333333,0.3333333333333333,0.0,0.0,0,0,0.0,0.0,0,0,0.0,6761.950000000001,2,0,0.0,24566.18,6,1,0.16666666666666666,1
LGS2ORD0039101,C015143,2025-11-06 15:00:00,Female,37,Bronze,TV,Remote_Area,921,TV_Show,COD,15,11,3,0,30-40,30.7,3.0,2.0,0.6666666666666666,122,135,4647.62,0.28,0.3333333333333333,0.3333333333333333,0.0,0.0,0,0,0.0,0.0,0,0,0.0,0.0,0,0,0.0,13942.86,3,2,0.6666666666666666,1
LGS2ORD0039102,C014932,2025-11-06 16:00:00,Male,35,Silver,CallCenter,Bangkok,1527,TV_Show,COD,16,11,3,0,30-40,50.9,5.0,2.0,0.4,132,18,11338.466,0.1,0.6,0.0,0.0,0.0,0,0,0.0,6723.05,1,0,0.0,6723.05,1,0,0.0,56692.33,5,2,0.4,0
LGS2ORD0039103,C012547,2025-11-06 16:00:00,Male,47,Bronze,Shopee,Chiang Mai,1383,CallCenter,COD,16,11,3,0,40-50,46.1,4.0,3.0,0.75,68,76,3028.145,0.23,0.75,0.25,0.0,0.0,0,0,0.0,0.0,0,0,0.0,509.13,1,1,1.0,12112.58,4,3,0.75,1
LGS2ORD0039104,C013784,2025-11-06 16:00:00,Male,27,Bronze,TV,Nakhon Ratchasima,1372,TV_Show,Credit_Card,16,11,3,0,20-30,45.733333333333334,7.0,1.0,0.14285714285714285,178,19,3501.375714285714,0.28,0.42857142857142855,0.14285714285714285,0.0,0.0,0,0,0.0,9112.26,1,0,0.0,20055.48,3,0,0.0,24509.629999999997,7,1,0.14285714285714285,0
LGS2ORD0039105,C010119,2025-11-06 16:00:00,Female,55,Gold,Web,Bangkok,715,Shopee,Bank_Transfer,16,11,3,0,>50,23.833333333333332,5.0,2.0,0.4,89,25,5381.214,0.28,0.8,0.4,0.0,0.0,0,0,0.0,9425.98,1,0,0.0,16554.41,2,0,0.0,26906.07,5,2,0.4,0
LGS2ORD0039106,C011539,2025-11-06 16:00:00,Male,38,Gold,Web,Phuket,1148,Lazada,Credit_Card,16,11,3,0,30-40,38.266666666666666,2.0,0.0,0.0,-1,134,4502.785,0.28,0.5,0.5,0.0,0.0,0,0,0.0,0.0,0,0,0.0,0.0,0,0,0.0,9005.57,2,0,0.0,0
LGS2ORD0039107,C011284,2025-11-06 17:00:00,Female,46,Bronze,TV,Remote_Area,1547,CallCenter,PromptPay,17,11,3,0,40-50,51.56666666666667,7.0,3.0,0.42857142857142855,67,72,6446.032857142857,0.28,0.42857142857142855,0.2857142857142857,0.0,0.0,0,0,0.0,0.0,0,0,0.0,827.26,1,1,1.0,45122.23,7,3,0.42857142857142855,1
LGS2ORD0039108,C010422,2025-11-06 17:00:00,Female,38,Platinum,TV,Khon Kaen,1716,Web,PromptPay,17,11,3,0,30-40,57.2,8.0,0.0,0.0,-1,50,8345.4625,0.35,0.625,0.375,0.0,0.0,0,0,0.0,0.0,0,0,0.0,11408.67,3,0,0.0,66763.7,8,0,0.0,0
LGS2ORD0039109,C011310,2025-11-06 17:00:00,Female,43,Bronze,Shopee,Remote_Area,1736,Shopee,Credit_Card,17,11,3,0,40-50,57.86666666666667,5.0,1.0,0.2,137,117,7060.688,0.18,0.6,0.0,0.0,0.0,0,0,0.0,0.0,0,0,0.0,0.0,0,0,0.0,35303.44,5,1,0.2,0
LGS2ORD0039110,C017535,2025-11-06 17:00:00,Male,52,Gold,Web,Bangkok,1041,TV_Show,COD,17,11,3,0,>50,34.7,7.0,0.0,0.0,-1,10,5465.411428571429,0.33,0.42857142857142855,0.42857142857142855,0.0,0.0,0,0,0.0,462.34,1,0,0.0,462.34,1,0,0.0,38257.88,7,0,0.0,0
LGS2ORD0039111,C012694,2025-11-06 17:00:00,Female,48,Bronze,Web,Chiang Mai,1228,Shopee,Credit_Card,17,11,3,0,40-50,40.93333333333333,5.0,2.0,0.4,145,23,8179.12,0.28,0.8,0.4,0.0,0.0,0,0,0.0,7464.8,1,0,0.0,7464.8,1,0,0.0,40895.6,5,2,0.4,0
LGS2ORD0039112,C011679,2025-11-06 18:00:00,Female,47,Gold,TV,Songkhla,546,TV_Show,COD,18,11,3,0,40-50,18.2,7.0,2.0,0.2857142857142857,2,10,5378.998571428572,0.28,0.42857142857142855,0.42857142857142855,0.0,0.0,0,0,0.0,1638.61,1,1,1.0,1638.61,1,1,1.0,37652.990000000005,7,2,0.2857142857142857,0
LGS2ORD0039113,C010087,2025-11-06 18:00:00,Female,41,Bronze,Shopee,Chiang Mai,1250,TV_Show,COD,18,11,3,0,40-50,41.666666666666664,8.0,3.0,0.375,93,21,3932.5062500000004,0.23,0.75,0.375,0.0,0.0,0,0,0.0,5036.05,1,0,0.0,6974.93,2,0,0.0,31460.050000000003,8,3,0.375,0
LGS2ORD0039114,C015885,2025-11-06 18:00:00,Female,46,Platinum,Web,Khon Kaen,1419,Shopee,Bank_Transfer,18,11,3,0,40-50,47.3,4.0,1.0,0.25,287,45,11304.475,0.1,0.25,0.0,0.0,0.0,0,0,0.0,0.0,0,0,0.0,21607.11,1,0,0.0,45217.9,4,1,0.25,0
LGS2ORD0039115,C017371,2025-11-06 18:00:00,Male,52,Bronze,TV,Bangkok,821,TV_Show,COD,18,11,3,0,>50,27.366666666666667,2.0,1.0,0.5,116,80,11891.475,0.23,0.5,0.5,0.0,0.0,0,0,0.0,0.0,0,0,0.0,2067.48,1,0,0.0,23782.95,2,1,0.5,1
LGS2ORD0039116,C017945,2025-11-06 18:00:00,Male,38,Platinum,Shopee,Khon Kaen,570,CallCenter,PromptPay,18,11,3,0,30-40,19.0,6.0,0.0,0.0,-1,204,6010.911666666667,0.3,0.6666666666666666,0.3333333333333333,0.0,0.0,0,0,0.0,0.0,0,0,0.0,0.0,0,0,0.0,36065.47,6,0,0.0,0
LGS2ORD0039117,C013224,2025-11-06 19:00:00,Male,37,Bronze,Web,Bangkok,1101,Lazada,Credit_Card,19,11,3,0,30-40,36.7,4.0,1.0,0.25,255,154,3076.6575000000003,0.13,0.75,0.0,0.0,0.0,0,0,0.0,0.0,0,0,0.0,0.0,0,0,0.0,12306.630000000001,4,1,0.25,0
LGS2ORD0039118,C013852,2025-11-06 19:00:00,Male,51,Bronze,TV,Chonburi,1660,TV_Show,COD,19,11,3,0,>50,55.333333333333336,10.0,4.0,0.4,82,12,4473.114,0.28,0.4,0.2,0.0,0.0,0,0,0.0,22855.89,1,0,0.0,22855.89,1,0,0.0,44731.14,10,4,0.4,0
LGS2ORD0039119,C016352,2025-11-06 19:00:00,Male,50,Bronze,Web,Bangkok,1757,Web,Credit_Card,19,11,3,0,40-50,58.56666666666667,5.0,1.0,0.2,23,26,5587.75,0.28,0.2,0.2,0.0,0.0,0,0,0.0,8954.1,1,1,1.0,13458.64,2,1,0.5,27938.75,5,1,0.2,0
LGS2ORD0039120,C017236,2025-11-06 19:00:00,Male,51,Bronze,CallCenter,Chonburi,439,CallCenter,COD,19,11,3,0,>50,14.633333333333333,4.0,1.0,0.25,266,78,3994.665,0.28,1.0,0.75,0.0,0.0,0,0,0.0,0.0,0,0,0.0,1959.62,1,0,0.0,15978.66,4,1,0.25,0
LGS2ORD0039121,C014178,2025-11-06 19:00:00,Female,37,Bronze,TV,Khon Kaen,1332,Web,PromptPay,19,11,3,0,30-40,44.4,4.0,1.0,0.25,264,9,6445.5599999999995,0.28,0.5,0.25,0.25,0.0,0,0,0.0,9836.04,1,0,0.0,9836.04,1,0,0.0,25782.239999999998,4,1,0.25,0
LGS2ORD0039122,C012640,2025-11-06 19:00:00,Female,33,Bronze,Shopee,Chiang Mai,369,Lazada,Credit_Card,19,11,3,0,30-40,12.3,4.0,1.0,0.25,116,126,5445.2925000000005,0.18,0.5,0.0,0.0,0.0,0,0,0.0,0.0,0,0,0.0,0.0,0,0,0.0,21781.170000000002,4,1,0.25,0
LGS2ORD0039123,C011199,2025-11-06 20:00:00,Male,47,Gold,Lazada,Bangkok,1188,Shopee,COD,20,11,3,0,40-50,39.6,7.0,1.0,0.14285714285714285,62,55,4848.092857142858,0.33,0.2857142857142857,0.2857142857142857,0.0,0.0,0,0,0.0,0.0,0,0,0.0,23392.940000000002,4,1,0.25,33936.65,7,1,0.14285714285714285,0
LGS2ORD0039124,C011613,2025-11-06 20:00:00,Female,45,Bronze,Shopee,Bangkok,1715,Web,Bank_Transfer,20,11,3,0,40-50,57.166666666666664,5.0,1.0,0.2,104,33,6536.3099999999995,0.23,0.6,0.2,0.0,0.0,0,0,0.0,0.0,0,0,0.0,3280.7,1,0,0.0,32681.55,5,1,0.2,0
LGS2ORD0039125,C015104,2025-11-06 20:00:00,Female,41,Bronze,Web,Songkhla,671,Shopee,COD,20,11,3,0,40-50,22.366666666666667,2.0,0.0,0.0,-1,118,5442.59,0.08,0.0,0.0,0.0,0.0,0,0,0.0,0.0,0,0,0.0,0.0,0,0,0.0,10885.18,2,0,0.0,1
LGS2ORD0039126,C017990,2025-11-06 20:00:00,Male,36,Bronze,Shopee,Bangkok,1702,Shopee,COD,20,11,3,0,30-40,56.733333333333334,9.0,0.0,0.0,-1,7,6781.841111111112,0.28,0.6666666666666666,0.1111111111111111,0.0,0.0,0,0,0.0,2708.4700000000003,2,0,0.0,6824.76,3,0,0.0,61036.57000000001,9,0,0.0,1
LGS2ORD0039127,C015931,2025-11-06 20:00:00,Male,37,Silver,Web,Nakhon Ratchasima,939,CallCenter,COD,20,11,3,0,30-40,31.3,5.0,0.0,0.0,-1,14,2855.3920000000003,0.25,1.0,0.4,0.0,0.0,0,0,0.0,7926.18,1,0,0.0,9738.44,2,0,0.0,14276.960000000001,5,0,0.0,0
LGS2ORD0039128,C014538,2025-11-06 21:00:00,Male,57,Bronze,Shopee,Bangkok,903,Lazada,Bank_Transfer,21,11,3,0,>50,30.1,2.0,2.0,1.0,196,200,5276.745,0.13,0.5,0.0,0.0,0.0,0,0,0.0,0.0,0,0,0.0,0.0,0,0,0.0,10553.49,2,2,1.0,0
LGS2ORD0039129,C010115,2025-11-06 21:00:00,Female,43,Silver,Web,Bangkok,387,Lazada,Bank_Transfer,21,11,3,0,40-50,12.9,2.0,1.0,0.5,204,100,9184.019999999999,0.3,0.5,0.5,0.0,0.0,0,0,0.0,0.0,0,0,0.0,0.0,0,0,0.0,18368.039999999997,2,1,0.5,0
LGS2ORD0039130,C013014,2025-11-06 21:00:00,Female,54,Bronze,TV,Songkhla,352,TV_Show,COD,21,11,3,0,>50,11.733333333333333,4.0,2.0,0.5,166,109,3485.6324999999997,0.28,0.25,0.25,0.0,0.0,0,0,0.0,0.0,0,0,0.0,0.0,0,0,0.0,13942.529999999999,4,2,0.5,1
LGS2ORD0039131,C010117,2025-11-06 21:00:00,Female,24,Bronze,Shopee,Bangkok,1657,Shopee,COD,21,11,3,0,20-30,55.233333333333334,7.0,1.0,0.14285714285714285,93,14,11790.972857142857,0.23,0.5714285714285714,0.14285714285714285,0.0,0.0,0,0,0.0,26798.08,2,0,0.0,65439.64,4,0,0.0,82536.81,7,1,0.14285714285714285,0
LGS2ORD0039132,C014410,2025-11-06 21:00:00,Male,45,Gold,CallCenter,Nakhon Ratchasima,1072,Lazada,COD,21,11,3,0,40-50,35.733333333333334,4.0,1.0,0.25,-1,1,5725.915000000001,0.2299999999999999,1.0,0.5,0.0,10369.9,1,1,1.0,10369.9,1,1,1.0,14033.95,2,1,0.5,22903.660000000003,4,1,0.25,0
LGS2ORD0039133,C016106,2025-11-06 22:00:00,Male,27,Bronze,CallCenter,Remote_Area,749,Shopee,PromptPay,22,11,3,0,20-30,24.966666666666665,4.0,0.0,0.0,-1,11,1477.175,0.28,0.5,0.25,0.0,0.0,0,0,0.0,1421.57,1,0,0.0,1421.57,1,0,0.0,5908.7,4,0,0.0,1
LGS2ORD0039134,C015717,2025-11-06 22:00:00,Male,18,Silver,TV,Nakhon Ratchasima,1162,Web,Bank_Transfer,22,11,3,0,<20,38.733333333333334,4.0,1.0,0.25,294,176,1418.535,0.2,0.5,0.0,0.0,0.0,0,0,0.0,0.0,0,0,0.0,0.0,0,0,0.0,5674.14,4,1,0.25,0
LGS2ORD0039135,C014564,2025-11-06 22:00:00,Male,33,Silver,TV,Bangkok,1298,TV_Show,COD,22,11,3,0,30-40,43.266666666666666,6.0,1.0,0.16666666666666666,170,66,7480.305,0.3,1.0,0.5,0.0,0.0,0,0,0.0,0.0,0,0,0.0,18327.61,1,0,0.0,44881.83,6,1,0.16666666666666666,1
LGS2ORD0039136,C010517,2025-11-06 22:00:00,Female,55,Bronze,Lazada,Songkhla,1733,Web,Credit_Card,22,11,3,0,>50,57.766666666666666,5.0,1.0,0.2,137,72,5574.052,0.23,1.0,0.2,0.0,0.0,0,0,0.0,0.0,0,0,0.0,2212.94,1,0,0.0,27870.26,5,1,0.2,1
LGS2ORD0039137,C016618,2025-11-06 22:00:00,Male,67,Bronze,TV,Khon Kaen,462,Web,COD,22,11,3,0,>50,15.4,5.0,1.0,0.2,26,38,4542.052,0.28,0.8,0.4,0.0,0.0,0,0,0.0,0.0,0,0,0.0,10918.880000000001,2,1,0.5,22710.26,5,1,0.2,1
LGS2ORD0039138,C011664,2025-11-06 23:00:00,Female,18,Gold,Web,Bangkok,1589,TV_Show,COD,23,11,3,0,<20,52.96666666666667,7.0,1.0,0.14285714285714285,41,48,4936.145714285715,0.28,0.42857142857142855,0.5714285714285714,0.0,0.0,0,0,0.0,0.0,0,0,0.0,19637.86,3,1,0.3333333333333333,34553.020000000004,7,1,0.14285714285714285,0
LGS2ORD0039139,C010849,2025-11-06 23:00:00,Female,32,Bronze,CallCenter,Chiang Mai,1301,Shopee,COD,23,11,3,0,30-40,43.36666666666667,6.0,0.0,0.0,-1,16,3301.42,0.23,0.3333333333333333,0.16666666666666666,0.0,0.0,0,0,0.0,2164.3,1,0,0.0,17001.35,4,0,0.0,19808.52,6,0,0.0,1
LGS2ORD0039140,C012666,2025-11-06 23:00:00,Female,44,Bronze,TV,Chonburi,1476,Web,COD,23,11,3,0,40-50,49.2,3.0,0.0,0.0,-1,13,7708.469999999998,0.13,0.3333333333333333,0.0,0.0,0.0,0,0,0.0,2867.6,1,0,0.0,2867.6,1,0,0.0,23125.409999999996,3,0,0.0,0
LGS2ORD0039141,C017350,2025-11-06 23:00:00,Male,63,Platinum,Web,Chiang Mai,1161,CallCenter,Bank_Transfer,23,11,3,0,>50,38.7,3.0,0.0,0.0,-1,11,8759.943333333335,0.25,0.6666666666666666,0.3333333333333333,0.0,0.0,0,0,0.0,14885.9,1,0,0.0,14885.9,1,0,0.0,26279.83,3,0,0.0,0
LGS2ORD0039142,C013121,2025-11-06 23:00:00,Male,52,Silver,Shopee,Chonburi,462,Shopee,Credit_Card,23,11,3,0,>50,15.4,8.0,1.0,0.125,114,65,6468.545,0.3,0.5,0.5,0.0,0.0,0,0,0.0,0.0,0,0,0.0,1819.08,2,0,0.0,51748.36,8,1,0.125,0
LGS2ORD0039143,C012250,2025-11-06 23:00:00,Other,38,Bronze,Shopee,Remote_Area,1612,Lazada,COD,23,11,3,0,30-40,53.733333333333334,10.0,3.0,0.3,52,4,3757.674,0.28,0.6,0.1,0.0,3471.42,1,0,0.0,3471.42,1,0,0.0,8012.5,3,1,0.3333333333333333,37576.74,10,3,0.3,1
LGS2ORD0039144,C011860,2025-11-07 00:00:00,Female,48,Bronze,TV,Bangkok,708,TV_Show,PromptPay,0,11,4,0,40-50,23.6,4.0,1.0,0.25,304,88,6144.7575,0.08,0.5,0.0,0.0,0.0,0,0,0.0,0.0,0,0,0.0,12473.51,1,0,0.0,24579.03,4,1,0.25,0
LGS2ORD0039145,C011004,2025-11-07 00:00:00,Female,50,Bronze,TV,Chonburi,1228,Lazada,COD,0,11,4,0,40-50,40.93333333333333,4.0,1.0,0.25,56,67,5932.549999999999,0.18,0.75,0.0,0.0,0.0,0,0,0.0,0.0,0,0,0.0,20488.5,2,1,0.5,23730.199999999997,4,1,0.25,0
LGS2ORD0039146,C017667,2025-11-07 00:00:00,Female,41,Bronze,Shopee,Chiang Mai,596,Shopee,Credit_Card,0,11,4,0,40-50,19.866666666666667,11.0,4.0,0.36363636363636365,-1,10,4876.4009090909085,0.28,0.5454545454545454,0.18181818181818182,0.0,0.0,0,0,0.0,8722.61,2,1,0.5,10489.029999999999,4,1,0.25,53640.40999999999,11,4,0.36363636363636365,0
LGS2ORD0039147,C016834,2025-11-07 00:00:00,Male,54,Silver,Lazada,Chonburi,1602,Web,COD,0,11,4,0,>50,53.4,5.0,0.0,0.0,-1,16,12786.66,0.15,0.6,0.0,0.0,0.0,0,0,0.0,9717.96,2,0,0.0,9717.96,2,0,0.0,63933.299999999996,5,0,0.0,0
LGS2ORD0039148,C011678,2025-11-07 00:00:00,Female,51,Bronze,TV,Bangkok,1384,Web,COD,0,11,4,0,>50,46.13333333333333,2.0,1.0,0.5,74,88,10488.815,0.23,1.0,0.5,0.0,0.0,0,0,0.0,0.0,0,0,0.0,16495.33,1,1,1.0,20977.63,2,1,0.5,0
LGS2ORD0039149,C017908,2025-11-07 01:00:00,Female,41,Bronze,Lazada,Remote_Area,815,Lazada,COD,1,11,4,0,40-50,27.166666666666668,3.0,0.0,0.0,-1,121,5542.316666666667,0.23,0.6666666666666666,0.3333333333333333,0.0,0.0,0,0,0.0,0.0,0,0,0.0,0.0,0,0,0.0,16626.95,3,0,0.0,0
LGS2ORD0039150,C015956,2025-11-07 01:00:00,Female,45,Bronze,Shopee,Bangkok,1124,Shopee,COD,1,11,4,0,40-50,37.46666666666667,7.0,2.0,0.2857142857142857,285,44,7112.137142857142,0.23,0.42857142857142855,0.14285714285714285,0.0,0.0,0,0,0.0,0.0,0,0,0.0,9709.62,2,0,0.0,49784.95999999999,7,2,0.2857142857142857,0
LGS2ORD0039151,C011584,2025-11-07 01:00:00,Male,51,Bronze,Web,Nakhon Ratchasima,403,Lazada,Credit_Card,1,11,4,0,>50,13.433333333333334,3.0,0.0,0.0,-1,38,6328.5233333333335,0.08,0.6666666666666666,0.0,0.0,0.0,0,0,0.0,0.0,0,0,0.0,17427.15,2,0,0.0,18985.57,3,0,0.0,0
LGS2ORD0039152,C011046,2025-11-07 01:00:00,Female,47,Gold,TV,Remote_Area,1195,Web,COD,1,11,4,0,40-50,39.833333333333336,6.0,2.0,0.3333333333333333,36,45,8669.27,0.2299999999999999,0.3333333333333333,0.3333333333333333,0.0,0.0,0,0,0.0,0.0,0,0,0.0,11002.29,2,1,0.5,52015.62,6,2,0.3333333333333333,1
LGS2ORD0039153,C010971,2025-11-07 01:00:00,Male,50,Bronze,Shopee,Bangkok,1152,Shopee,COD,1,11,4,0,40-50,38.4,7.0,3.0,0.42857142857142855,115,121,4649.828571428571,0.23,0.42857142857142855,0.2857142857142857,0.0,0.0,0,0,0.0,0.0,0,0,0.0,0.0,0,0,0.0,32548.8,7,3,0.42857142857142855,1
LGS2ORD0039154,C017083,2025-11-07 02:00:00,Male,31,Bronze,Web,Chiang Mai,1297,TV_Show,COD,2,11,4,0,30-40,43.233333333333334,11.0,3.0,0.2727272727272727,11,19,5839.250909090909,0.28,0.45454545454545453,0.36363636363636365,0.0,0.0,0,0,0.0,30818.89,1,1,1.0,44008.020000000004,3,1,0.3333333333333333,64231.76,11,3,0.2727272727272727,1
LGS2ORD0039155,C012474,2025-11-07 02:00:00,Female,65,Gold,CallCenter,Bangkok,705,Shopee,Credit_Card,2,11,4,0,>50,23.5,10.0,1.0,0.1,128,3,7110.214999999999,0.33,0.5,0.3,0.0,20047.32,1,0,0.0,20047.32,1,0,0.0,20047.32,1,0,0.0,71102.15,10,1,0.1,0
LGS2ORD0039156,C017777,2025-11-07 02:00:00,Male,65,Gold,Shopee,Remote_Area,351,TV_Show,COD,2,11,4,0,>50,11.7,5.0,5.0,1.0,24,29,8271.106,0.33,0.6,0.6,0.0,0.0,0,0,0.0,30921.77,1,1,1.0,30921.77,1,1,1.0,41355.53,5,5,1.0,0
LGS2ORD0039157,C010601,2025-11-07 02:00:00,Female,52,Gold,TV,Bangkok,442,Shopee,COD,2,11,4,0,>50,14.733333333333333,4.0,1.0,0.25,0,6,4389.78,0.28,0.25,0.25,0.0,5249.53,1,0,0.0,6902.09,2,1,0.5,6902.09,2,1,0.5,17559.12,4,1,0.25,0
LGS2ORD0039158,C013249,2025-11-07 02:00:00,Female,63,Bronze,Web,Bangkok,709,CallCenter,PromptPay,2,11,4,0,>50,23.633333333333333,7.0,3.0,0.42857142857142855,56,63,2655.6485714285714,0.18,0.7142857142857143,0.0,0.0,0.0,0,0,0.0,0.0,0,0,0.0,1602.31,1,1,1.0,18589.54,7,3,0.42857142857142855,0
LGS2ORD0039159,C011560,2025-11-07 03:00:00,Female,52,Gold,TV,Nakhon Ratchasima,340,CallCenter,Credit_Card,3,11,4,0,>50,11.333333333333334,8.0,4.0,0.5,85,12,4588.08375,0.33,0.5,0.375,0.0,0.0,0,0,0.0,3025.86,1,0,0.0,3025.86,1,0,0.0,36704.67,8,4,0.5,0
LGS2ORD0039160,C013970,2025-11-07 03:00:00,Female,33,Bronze,Shopee,Khon Kaen,878,TV_Show,Credit_Card,3,11,4,0,30-40,29.266666666666666,2.0,0.0,0.0,-1,255,6682.594999999999,0.23,0.0,0.5,0.0,0.0,0,0,0.0,0.0,0,0,0.0,0.0,0,0,0.0,13365.189999999999,2,0,0.0,1
LGS2ORD0039161,C014557,2025-11-07 03:00:00,Female,58,Platinum,Lazada,Phuket,1743,Lazada,COD,3,11,4,0,>50,58.1,5.0,0.0,0.0,-1,46,3810.684,0.3,0.0,0.6,0.0,0.0,0,0,0.0,0.0,0,0,0.0,14177.289999999999,3,0,0.0,19053.420000000002,5,0,0.0,1
LGS2ORD0039162,C014490,2025-11-07 03:00:00,Female,33,Gold,Web,Remote_Area,624,TV_Show,COD,3,11,4,0,30-40,20.8,3.0,1.0,0.3333333333333333,91,104,6266.296666666666,0.13,0.6666666666666666,0.0,0.0,0.0,0,0,0.0,0.0,0,0,0.0,0.0,0,0,0.0,18798.89,3,1,0.3333333333333333,1
LGS2ORD0039163,C012378,2025-11-07 03:00:00,Female,59,Silver,Lazada,Chiang Mai,969,TV_Show,Credit_Card,3,11,4,0,>50,32.3,7.0,1.0,0.14285714285714285,187,65,4023.5185714285712,0.3,0.42857142857142855,0.14285714285714285,0.0,0.0,0,0,0.0,0.0,0,0,0.0,841.89,1,0,0.0,28164.629999999997,7,1,0.14285714285714285,0
LGS2ORD0039164,C014982,2025-11-07 03:00:00,Male,44,Silver,Lazada,Bangkok,1753,TV_Show,Credit_Card,3,11,4,0,40-50,58.43333333333333,6.0,4.0,0.6666666666666666,25,33,3519.976666666667,0.25,0.8333333333333334,0.6666666666666666,0.0,0.0,0,0,0.0,0.0,0,0,0.0,13736.23,2,1,0.5,21119.86,6,4,0.6666666666666666,0
LGS2ORD0039165,C014765,2025-11-07 04:00:00,Male,37,Bronze,Lazada,Chonburi,1165,Lazada,Credit_Card,4,11,4,0,30-40,38.833333333333336,4.0,0.0,0.0,-1,98,2466.005,0.18,0.75,0.0,0.0,0.0,0,0,0.0,0.0,0,0,0.0,0.0,0,0,0.0,9864.02,4,0,0.0,0
LGS2ORD0039166,C017775,2025-11-07 04:00:00,Female,53,Bronze,Web,Bangkok,1621,CallCenter,PromptPay,4,11,4,0,>50,54.03333333333333,4.0,1.0,0.25,242,6,6048.27,0.18,0.25,0.0,0.0,1925.08,1,0,0.0,1925.08,1,0,0.0,1925.08,1,0,0.0,24193.08,4,1,0.25,1
LGS2ORD0039167,C010747,2025-11-07 04:00:00,Female,49,Silver,TV,Bangkok,1110,Lazada,COD,4,11,4,0,40-50,37.0,5.0,1.0,0.2,177,142,6527.7699999999995,0.25,0.8,0.6,0.0,0.0,0,0,0.0,0.0,0,0,0.0,0.0,0,0,0.0,32638.85,5,1,0.2,0
LGS2ORD0039168,C015374,2025-11-07 04:00:00,Male,38,Bronze,TV,Chiang Mai,405,Web,COD,4,11,4,0,30-40,13.5,5.0,2.0,0.4,48,33,3249.886,0.18,0.2,0.0,0.0,0.0,0,0,0.0,0.0,0,0,0.0,13682.56,3,1,0.3333333333333333,16249.43,5,2,0.4,1
LGS2ORD0039169,C014253,2025-11-07 04:00:00,Female,44,Bronze,Lazada,Phuket,1611,TV_Show,COD,4,11,4,0,40-50,53.7,4.0,0.0,0.0,-1,16,4665.5675,0.23,0.25,0.25,0.25,0.0,0,0,0.0,15436.380000000001,2,0,0.0,15436.380000000001,2,0,0.0,18662.27,4,0,0.0,0
LGS2ORD0039170,C016570,2025-11-07 05:00:00,Male,60,Bronze,TV,Chonburi,1227,TV_Show,COD,5,11,4,0,>50,40.9,3.0,0.0,0.0,-1,52,3123.1133333333332,0.28,1.0,0.3333333333333333,0.0,0.0,0,0,0.0,0.0,0,0,0.0,3549.04,2,0,0.0,9369.34,3,0,0.0,0
LGS2ORD0039171,C011648,2025-11-07 05:00:00,Female,41,Silver,TV,Bangkok,645,Web,Bank_Transfer,5,11,4,0,40-50,21.5,5.0,0.0,0.0,-1,86,1449.99,0.3,0.6,0.6,0.0,0.0,0,0,0.0,0.0,0,0,0.0,1149.63,1,0,0.0,7249.95,5,0,0.0,0
LGS2ORD0039172,C010224,2025-11-07 05:00:00,Female,64,Bronze,Web,Khon Kaen,452,Shopee,COD,5,11,4,0,>50,15.066666666666666,10.0,3.0,0.3,157,28,6286.411999999999,0.23,0.7,0.1,0.0,0.0,0,0,0.0,2659.52,1,0,0.0,15340.54,3,0,0.0,62864.119999999995,10,3,0.3,1
LGS2ORD0039173,C016960,2025-11-07 05:00:00,Female,36,Silver,TV,Bangkok,873,Web,Bank_Transfer,5,11,4,0,30-40,29.1,2.0,0.0,0.0,-1,201,1636.6349999999998,0.3,0.0,0.5,0.0,0.0,0,0,0.0,0.0,0,0,0.0,0.0,0,0,0.0,3273.2699999999995,2,0,0.0,0
LGS2ORD0039174,C016570,2025-11-07 05:00:00,Male,60,Bronze,TV,Chonburi,1227,Lazada,PromptPay,5,11,4,0,>50,40.9,3.0,0.0,0.0,-1,52,3123.1133333333332,0.28,1.0,0.3333333333333333,0.0,0.0,0,0,0.0,0.0,0,0,0.0,3549.04,2,0,0.0,9369.34,3,0,0.0,0
LGS2ORD0039175,C013053,2025-11-07 06:00:00,Female,50,Platinum,TV,Chonburi,1321,TV_Show,PromptPay,6,11,4,0,40-50,44.03333333333333,6.0,1.0,0.16666666666666666,151,11,1879.6966666666667,0.3,0.5,0.5,0.0,0.0,0,0,0.0,3252.42,1,0,0.0,3252.42,1,0,0.0,11278.18,6,1,0.16666666666666666,0
LGS2ORD0039176,C016671,2025-11-07 06:00:00,Female,43,Bronze,Shopee,Phuket,1526,Shopee,Credit_Card,6,11,4,0,40-50,50.86666666666667,1.0,0.0,0.0,-1,104,9424.37,0.03,0.0,0.0,0.0,0.0,0,0,0.0,0.0,0,0,0.0,0.0,0,0,0.0,9424.37,1,0,0.0,0
LGS2ORD0039177,C011619,2025-11-07 06:00:00,Female,35,Gold,TV,Bangkok,522,Web,PromptPay,6,11,4,0,30-40,17.4,2.0,1.0,0.5,273,56,4686.775,0.28,0.5,0.5,0.0,0.0,0,0,0.0,0.0,0,0,0.0,5788.8,1,0,0.0,9373.55,2,1,0.5,0
LGS2ORD0039178,C015374,2025-11-07 06:00:00,Male,38,Bronze,TV,Chiang Mai,405,Lazada,COD,6,11,4,0,30-40,13.5,6.0,3.0,0.5,-7,0,2869.865,0.18,0.3333333333333333,0.0,0.0,969.76,1,1,1.0,969.76,1,1,1.0,14652.32,4,2,0.5,17219.19,6,3,0.5,1
LGS2ORD0039179,C014424,2025-11-07 06:00:00,Male,18,Bronze,CallCenter,Chiang Mai,948,TV_Show,PromptPay,6,11,4,0,<20,31.6,2.0,1.0,0.5,78,93,6591.6849999999995,0.28,1.0,1.0,0.0,0.0,0,0,0.0,0.0,0,0,0.0,0.0,0,0,0.0,13183.369999999999,2,1,0.5,0
LGS2ORD0039180,C011215,2025-11-07 07:00:00,Female,43,Bronze,TV,Bangkok,1708,Lazada,Credit_Card,7,11,4,0,40-50,56.93333333333333,3.0,0.0,0.0,-1,5,3517.17,0.28,0.3333333333333333,0.3333333333333333,0.0,953.55,1,0,0.0,953.55,1,0,0.0,10551.51,3,0,0.0,10551.51,3,0,0.0,0
LGS2ORD0039181,C014678,2025-11-07 07:00:00,Male,62,Bronze,Shopee,Remote_Area,1703,TV_Show,PromptPay,7,11,4,0,>50,56.766666666666666,2.0,0.0,0.0,-1,228,9777.33,0.13,0.0,0.0,0.0,0.0,0,0,0.0,0.0,0,0,0.0,0.0,0,0,0.0,19554.66,2,0,0.0,0
LGS2ORD0039182,C017760,2025-11-07 07:00:00,Female,72,Bronze,Shopee,Phuket,728,Web,Credit_Card,7,11,4,0,>50,24.266666666666666,4.0,2.0,0.5,206,87,8055.827499999999,0.23,0.5,0.25,0.0,0.0,0,0,0.0,0.0,0,0,0.0,9594.07,1,0,0.0,32223.309999999998,4,2,0.5,0
LGS2ORD0039183,C014219,2025-11-07 07:00:00,Female,61,Silver,TV,Remote_Area,1100,CallCenter,PromptPay,7,11,4,0,>50,36.666666666666664,0.0,0.0,0.0,-1,-1,0.0,0.0,0.0,0.0,0.0,0.0,0,0,0.0,0.0,0,0,0.0,0.0,0,0,0.0,0.0,0,0,0.0,1
LGS2ORD0039184,C013393,2025-11-07 07:00:00,Male,61,Bronze,TV,Chonburi,351,TV_Show,Bank_Transfer,7,11,4,0,>50,11.7,5.0,1.0,0.2,122,113,5909.512000000001,0.28,0.6,0.2,0.0,0.0,0,0,0.0,0.0,0,0,0.0,0.0,0,0,0.0,29547.56,5,1,0.2,0
LGS2ORD0039185,C013903,2025-11-07 07:00:00,Male,49,Bronze,TV,Remote_Area,1602,Shopee,COD,7,11,4,0,40-50,53.4,4.0,0.0,0.0,-1,49,5057.605,0.23,0.75,0.25,0.0,0.0,0,0,0.0,0.0,0,0,0.0,17240.97,2,0,0.0,20230.42,4,0,0.0,1
LGS2ORD0039186,C016323,2025-11-07 08:00:00,Female,39,Silver,CallCenter,Remote_Area,1370,Shopee,PromptPay,8,11,4,0,30-40,45.666666666666664,5.0,2.0,0.4,63,7,4557.372,0.3,0.4,0.4,0.0,0.0,0,0,0.0,8227.36,2,0,0.0,21210.04,4,1,0.25,22786.86,5,2,0.4,0
LGS2ORD0039187,C012673,2025-11-07 08:00:00,Female,29,Platinum,TV,Bangkok,1352,CallCenter,COD,8,11,4,0,20-30,45.06666666666667,5.0,0.0,0.0,-1,61,7760.094,0.35,0.6,0.6,0.0,0.0,0,0,0.0,0.0,0,0,0.0,7781.79,1,0,0.0,38800.47,5,0,0.0,0
LGS2ORD0039188,C010673,2025-11-07 08:00:00,Male,47,Silver,Lazada,Chiang Mai,1674,CallCenter,COD,8,11,4,0,40-50,55.8,3.0,1.0,0.3333333333333333,232,109,3606.4933333333333,0.25,0.3333333333333333,0.3333333333333333,0.0,0.0,0,0,0.0,0.0,0,0,0.0,0.0,0,0,0.0,10819.48,3,1,0.3333333333333333,0
LGS2ORD0039189,C011463,2025-11-07 08:00:00,Female,51,Bronze,TV,Bangkok,1607,Web,COD,8,11,4,0,>50,53.56666666666667,5.0,1.0,0.2,110,54,5299.132,0.28,0.8,0.4,0.0,0.0,0,0,0.0,0.0,0,0,0.0,4458.01,2,0,0.0,26495.66,5,1,0.2,0
LGS2ORD0039190,C012597,2025-11-07 08:00:00,Other,38,Bronze,Shopee,Chiang Mai,1197,Lazada,COD,8,11,4,0,30-40,39.9,4.0,0.0,0.0,-1,36,9829.2575,0.28,0.5,0.25,0.0,0.0,0,0,0.0,0.0,0,0,0.0,2407.5699999999997,2,0,0.0,39317.03,4,0,0.0,0
LGS2ORD0039191,C011396,2025-11-07 09:00:00,Male,31,Bronze,Web,Bangkok,1267,Lazada,COD,9,11,4,0,30-40,42.233333333333334,2.0,1.0,0.5,98,108,7202.455,0.23,0.0,0.5,0.0,0.0,0,0,0.0,0.0,0,0,0.0,0.0,0,0,0.0,14404.91,2,1,0.5,1
LGS2ORD0039192,C014322,2025-11-07 09:00:00,Male,45,Bronze,Shopee,Nakhon Ratchasima,775,Lazada,COD,9,11,4,0,40-50,25.833333333333332,4.0,2.0,0.5,63,72,5289.4425,0.28,1.0,0.5,0.0,0.0,0,0,0.0,0.0,0,0,0.0,3240.87,2,1,0.5,21157.77,4,2,0.5,0
LGS2ORD0039193,C014317,2025-11-07 09:00:00,Female,46,Gold,TV,Chonburi,1163,Shopee,Credit_Card,9,11,4,0,40-50,38.766666666666666,4.0,0.0,0.0,-1,38,3146.4925000000003,0.33,0.25,0.5,0.0,0.0,0,0,0.0,0.0,0,0,0.0,4451.07,1,0,0.0,12585.970000000001,4,0,0.0,0
LGS2ORD0039194,C010860,2025-11-07 09:00:00,Female,59,Bronze,TV,Phuket,1558,Lazada,COD,9,11,4,0,>50,51.93333333333333,7.0,2.0,0.2857142857142857,216,38,1915.907142857143,0.23,0.5714285714285714,0.42857142857142855,0.0,0.0,0,0,0.0,0.0,0,0,0.0,2376.0,2,0,0.0,13411.350000000002,7,2,0.2857142857142857,0
LGS2ORD0039195,C016427,2025-11-07 09:00:00,Female,45,Bronze,TV,Remote_Area,1487,TV_Show,PromptPay,9,11,4,0,40-50,49.56666666666667,6.0,2.0,0.3333333333333333,112,24,4194.665,0.28,0.5,0.3333333333333333,0.0,0.0,0,0,0.0,4705.23,1,0,0.0,4705.23,1,0,0.0,25167.989999999998,6,2,0.3333333333333333,0
LGS2ORD0039196,C016080,2025-11-07 10:00:00,Female,48,Bronze,TV,Bangkok,1670,TV_Show,Bank_Transfer,10,11,4,0,40-50,55.666666666666664,0.0,0.0,0.0,-1,-1,0.0,0.0,0.0,0.0,0.0,0.0,0,0,0.0,0.0,0,0,0.0,0.0,0,0,0.0,0.0,0,0,0.0,0
LGS2ORD0039197,C016256,2025-11-07 10:00:00,Male,33,Gold,Shopee,Chiang Mai,619,Lazada,PromptPay,10,11,4,0,30-40,20.633333333333333,2.0,0.0,0.0,-1,20,5154.74,0.13,0.0,0.0,0.0,0.0,0,0,0.0,6734.65,1,0,0.0,6734.65,1,0,0.0,10309.48,2,0,0.0,0
LGS2ORD0039198,C015001,2025-11-07 10:00:00,Female,40,Bronze,TV,Bangkok,1221,TV_Show,COD,10,11,4,0,30-40,40.7,7.0,3.0,0.42857142857142855,72,15,5613.105714285715,0.28,1.0,0.2857142857142857,0.0,0.0,0,0,0.0,13217.63,1,0,0.0,20305.489999999998,2,1,0.5,39291.740000000005,7,3,0.42857142857142855,1
LGS2ORD0039199,C011313,2025-11-07 10:00:00,Male,42,Bronze,Web,Bangkok,796,Shopee,COD,10,11,4,0,40-50,26.533333333333335,4.0,1.0,0.25,110,25,8903.5475,0.18,0.0,0.0,0.0,0.0,0,0,0.0,5638.11,1,0,0.0,5638.11,1,0,0.0,35614.19,4,1,0.25,0
LGS2ORD0039200,C015550,2025-11-07 10:00:00,Female,35,Bronze,Shopee,Chiang Mai,967,Lazada,COD,10,11,4,0,30-40,32.233333333333334,10.0,1.0,0.1,221,78,6432.888000000001,0.28,0.2,0.4,0.0,0.0,0,0,0.0,0.0,0,0,0.0,1041.41,1,0,0.0,64328.880000000005,10,1,0.1,0
LGS2ORD0039201,C012416,2025-11-07 11:00:00,Male,29,Silver,Web,Songkhla,806,Lazada,PromptPay,11,11,4,0,20-30,26.866666666666667,5.0,1.0,0.2,269,41,1375.8580000000002,0.25,0.6,0.2,0.0,0.0,0,0,0.0,0.0,0,0,0.0,927.84,1,0,0.0,6879.290000000001,5,1,0.2,0
LGS2ORD0039202,C015340,2025-11-07 11:00:00,Female,42,Silver,TV,Chiang Mai,1401,TV_Show,COD,11,11,4,0,40-50,46.7,8.0,0.0,0.0,-1,13,6520.438749999999,0.3,0.5,0.375,0.0,0.0,0,0,0.0,2086.16,1,0,0.0,30215.27,3,0,0.0,52163.509999999995,8,0,0.0,0
LGS2ORD0039203,C011955,2025-11-07 11:00:00,Male,20,Silver,Lazada,Nakhon Ratchasima,1407,Lazada,COD,11,11,4,0,<20,46.9,8.0,2.0,0.25,20,27,6140.58,0.3,0.625,0.125,0.0,0.0,0,0,0.0,866.46,1,1,1.0,11101.64,3,1,0.3333333333333333,49124.64,8,2,0.25,1
LGS2ORD0039204,C014748,2025-11-07 11:00:00,Female,44,Silver,TV,Bangkok,1182,Web,COD,11,11,4,0,40-50,39.4,5.0,3.0,0.6,3,14,3024.9519999999998,0.3,0.6,0.6,0.0,0.0,0,0,0.0,1101.44,1,1,1.0,2748.4300000000003,2,2,1.0,15124.759999999998,5,3,0.6,0
LGS2ORD0039205,C017826,2025-11-07 11:00:00,Female,30,Bronze,CallCenter,Remote_Area,512,CallCenter,Bank_Transfer,11,11,4,0,20-30,17.066666666666666,2.0,2.0,1.0,84,96,1422.0149999999999,0.18,1.0,0.0,0.0,0.0,0,0,0.0,0.0,0,0,0.0,0.0,0,0,0.0,2844.0299999999997,2,2,1.0,0
LGS2ORD0039206,C010498,2025-11-07 11:00:00,Female,53,Bronze,Shopee,Bangkok,1428,Shopee,PromptPay,11,11,4,0,>50,47.6,6.0,1.0,0.16666666666666666,192,60,5110.59,0.23,0.16666666666666666,0.3333333333333333,0.0,0.0,0,0,0.0,0.0,0,0,0.0,7435.24,1,0,0.0,30663.54,6,1,0.16666666666666666,1
LGS2ORD0039207,C014454,2025-11-07 12:00:00,Male,46,Bronze,Lazada,Songkhla,1687,CallCenter,COD,12,11,4,0,40-50,56.233333333333334,3.0,1.0,0.3333333333333333,74,81,6755.316666666667,0.28,1.0,0.3333333333333333,0.0,0.0,0,0,0.0,0.0,0,0,0.0,6895.61,1,1,1.0,20265.95,3,1,0.3333333333333333,0
LGS2ORD0039208,C010470,2025-11-07 12:00:00,Male,34,Bronze,TV,Phuket,340,Shopee,COD,12,11,4,0,30-40,11.333333333333334,2.0,1.0,0.5,289,148,5856.635,0.23,0.5,0.5,0.0,0.0,0,0,0.0,0.0,0,0,0.0,0.0,0,0,0.0,11713.27,2,1,0.5,1
LGS2ORD0039209,C014815,2025-11-07 12:00:00,Female,61,Bronze,TV,Songkhla,1250,Lazada,PromptPay,12,11,4,0,>50,41.666666666666664,1.0,0.0,0.0,-1,48,5437.39,0.23,0.0,1.0,0.0,0.0,0,0,0.0,0.0,0,0,0.0,5437.39,1,0,0.0,5437.39,1,0,0.0,0
LGS2ORD0039210,C017043,2025-11-07 12:00:00,Male,20,Platinum,Shopee,Bangkok,1282,Shopee,COD,12,11,4,0,<20,42.733333333333334,2.0,0.0,0.0,-1,113,1711.29,0.25,0.5,0.5,0.0,0.0,0,0,0.0,0.0,0,0,0.0,0.0,0,0,0.0,3422.58,2,0,0.0,1
LGS2ORD0039211,C014071,2025-11-07 12:00:00,Male,44,Bronze,CallCenter,Remote_Area,1713,Lazada,COD,12,11,4,0,40-50,57.1,3.0,1.0,0.3333333333333333,227,130,8650.073333333334,0.23,0.3333333333333333,0.3333333333333333,0.0,0.0,0,0,0.0,0.0,0,0,0.0,0.0,0,0,0.0,25950.22,3,1,0.3333333333333333,0
LGS2ORD0039212,C011377,2025-11-07 13:00:00,Female,21,Bronze,TV,Phuket,691,Web,PromptPay,13,11,4,0,20-30,23.033333333333335,11.0,5.0,0.45454545454545453,13,19,4733.700909090909,0.28,0.8181818181818182,0.36363636363636365,0.0,0.0,0,0,0.0,16857.94,1,1,1.0,24599.75,3,2,0.6666666666666666,52070.70999999999,11,5,0.45454545454545453,0
LGS2ORD0039213,C016997,2025-11-07 13:00:00,Male,23,Bronze,TV,Nakhon Ratchasima,1263,TV_Show,COD,13,11,4,0,20-30,42.1,8.0,1.0,0.125,87,6,8619.33125,0.28,0.375,0.375,0.0,7597.53,1,0,0.0,9498.97,2,0,0.0,35506.57,4,0,0.0,68954.65,8,1,0.125,0
LGS2ORD0039214,C017746,2025-11-07 13:00:00,Male,65,Silver,TV,Chonburi,430,CallCenter,COD,13,11,4,0,>50,14.333333333333334,8.0,3.0,0.375,57,16,4417.45125,0.3,0.5,0.375,0.0,0.0,0,0,0.0,9824.91,1,0,0.0,11193.96,2,1,0.5,35339.61,8,3,0.375,0
LGS2ORD0039215,C017895,2025-11-07 13:00:00,Female,30,Bronze,Shopee,Chiang Mai,1532,TV_Show,COD,13,11,4,0,20-30,51.06666666666667,4.0,1.0,0.25,264,86,6383.9675,0.28,0.25,0.5,0.0,0.0,0,0,0.0,0.0,0,0,0.0,16324.46,1,0,0.0,25535.87,4,1,0.25,1
LGS2ORD0039216,C010986,2025-11-07 13:00:00,Male,37,Bronze,Shopee,Phuket,1331,Shopee,Bank_Transfer,13,11,4,0,30-40,44.36666666666667,3.0,1.0,0.3333333333333333,225,81,13909.936666666666,0.23,0.3333333333333333,0.3333333333333333,0.0,0.0,0,0,0.0,0.0,0,0,0.0,11579.83,1,0,0.0,41729.81,3,1,0.3333333333333333,0
LGS2ORD0039217,C010328,2025-11-07 14:00:00,Female,33,Silver,TV,Chiang Mai,342,Lazada,Credit_Card,14,11,4,0,30-40,11.4,4.0,2.0,0.5,198,69,6187.547500000001,0.2,0.5,0.0,0.0,0.0,0,0,0.0,0.0,0,0,0.0,16610.15,2,0,0.0,24750.190000000002,4,2,0.5,0
LGS2ORD0039218,C012628,2025-11-07 14:00:00,Male,34,Platinum,Shopee,Bangkok,1008,Web,COD,14,11,4,0,30-40,33.6,11.0,1.0,0.09090909090909091,146,19,4297.076363636364,0.3,0.45454545454545453,0.5454545454545454,0.0,0.0,0,0,0.0,4630.46,1,0,0.0,7513.16,2,0,0.0,47267.84,11,1,0.09090909090909091,1
LGS2ORD0039219,C016538,2025-11-07 14:00:00,Other,42,Gold,Shopee,Khon Kaen,1575,Web,COD,14,11,4,0,40-50,52.5,5.0,0.0,0.0,-1,185,988.9599999999998,0.33,0.2,0.6,0.0,0.0,0,0,0.0,0.0,0,0,0.0,0.0,0,0,0.0,4944.799999999999,5,0,0.0,0
LGS2ORD0039220,C011854,2025-11-07 14:00:00,Male,57,Bronze,CallCenter,Remote_Area,845,Shopee,COD,14,11,4,0,>50,28.166666666666668,7.0,4.0,0.5714285714285714,50,4,4791.805714285713,0.18,0.8571428571428571,0.0,0.0,1208.7,1,0,0.0,1208.7,1,0,0.0,2510.41,2,1,0.5,33542.63999999999,7,4,0.5714285714285714,0
LGS2ORD0039221,C014651,2025-11-07 14:00:00,Female,51,Gold,Shopee,Chonburi,395,CallCenter,COD,14,11,4,0,>50,13.166666666666666,7.0,2.0,0.2857142857142857,76,61,2893.442857142857,0.28,0.5714285714285714,0.7142857142857143,0.0,0.0,0,0,0.0,0.0,0,0,0.0,15271.06,2,1,0.5,20254.1,7,2,0.2857142857142857,0
LGS2ORD0039222,C012819,2025-11-07 14:00:00,Male,41,Bronze,Shopee,Remote_Area,1042,Shopee,Bank_Transfer,14,11,4,0,40-50,34.733333333333334,4.0,1.0,0.25,181,59,7220.305,0.18,0.75,0.0,0.0,0.0,0,0,0.0,0.0,0,0,0.0,4833.68,1,0,0.0,28881.22,4,1,0.25,0
LGS2ORD0039223,C017504,2025-11-07 15:00:00,Male,38,Bronze,TV,Nakhon Ratchasima,657,Web,COD,15,11,4,0,30-40,21.9,4.0,0.0,0.0,-1,19,3378.3675,0.13,0.25,0.0,0.0,0.0,0,0,0.0,526.5,1,0,0.0,1521.56,2,0,0.0,13513.47,4,0,0.0,0
LGS2ORD0039224,C012501,2025-11-07 15:00:00,Male,60,Gold,CallCenter,Chonburi,1287,TV_Show,COD,15,11,4,0,>50,42.9,4.0,2.0,0.5,-4,2,6345.575,0.2299999999999999,0.25,0.25,0.0,993.92,1,1,1.0,993.92,1,1,1.0,3858.06,2,1,0.5,25382.3,4,2,0.5,0
LGS2ORD0039225,C012663,2025-11-07 15:00:00,Male,59,Bronze,Shopee,Bangkok,1219,Lazada,PromptPay,15,11,4,0,>50,40.63333333333333,4.0,0.0,0.0,-1,13,2758.1975,0.28,0.25,0.25,0.0,0.0,0,0,0.0,5648.28,2,0,0.0,7015.549999999999,3,0,0.0,11032.79,4,0,0.0,0
LGS2ORD0039226,C012727,2025-11-07 15:00:00,Female,55,Gold,Shopee,Bangkok,1700,Shopee,Bank_Transfer,15,11,4,0,>50,56.666666666666664,1.0,0.0,0.0,-1,273,1687.41,0.28,1.0,1.0,0.0,0.0,0,0,0.0,0.0,0,0,0.0,0.0,0,0,0.0,1687.41,1,0,0.0,0
LGS2ORD0039227,C014199,2025-11-07 15:00:00,Other,58,Silver,TV,Khon Kaen,398,CallCenter,PromptPay,15,11,4,0,>50,13.266666666666667,4.0,0.0,0.0,-1,72,3330.695,0.2,0.25,0.0,0.0,0.0,0,0,0.0,0.0,0,0,0.0,4007.44,1,0,0.0,13322.78,4,0,0.0,0
LGS2ORD0039228,C012856,2025-11-07 16:00:00,Female,37,Bronze,Web,Nakhon Ratchasima,876,CallCenter,COD,16,11,4,0,30-40,29.2,6.0,0.0,0.0,-1,220,3219.485,0.28,0.3333333333333333,0.3333333333333333,0.0,0.0,0,0,0.0,0.0,0,0,0.0,0.0,0,0,0.0,19316.91,6,0,0.0,0
LGS2ORD0039229,C017654,2025-11-07 16:00:00,Female,44,Bronze,TV,Bangkok,697,TV_Show,Credit_Card,16,11,4,0,40-50,23.233333333333334,3.0,2.0,0.6666666666666666,-4,4,4705.903333333333,0.23,1.0,0.6666666666666666,0.0,5954.77,1,1,1.0,5954.77,1,1,1.0,5954.77,1,1,1.0,14117.71,3,2,0.6666666666666666,1
LGS2ORD0039230,C014287,2025-11-07 16:00:00,Male,43,Bronze,Lazada,Bangkok,1523,Shopee,PromptPay,16,11,4,0,40-50,50.766666666666666,4.0,0.0,0.0,-1,31,7279.49,0.28,0.25,0.25,0.0,0.0,0,0,0.0,0.0,0,0,0.0,27581.050000000003,3,0,0.0,29117.96,4,0,0.0,0
LGS2ORD0039231,C017074,2025-11-07 16:00:00,Male,68,Gold,Shopee,Bangkok,1601,Lazada,Bank_Transfer,16,11,4,0,>50,53.36666666666667,3.0,1.0,0.3333333333333333,21,31,12068.943333333335,0.33,0.6666666666666666,0.6666666666666666,0.0,0.0,0,0,0.0,0.0,0,0,0.0,36206.83,3,1,0.3333333333333333,36206.83,3,1,0.3333333333333333,1
LGS2ORD0039232,C012831,2025-11-07 16:00:00,Other,72,Bronze,CallCenter,Bangkok,345,Lazada,Credit_Card,16,11,4,0,>50,11.5,3.0,0.0,0.0,-1,193,7687.426666666666,0.23,0.6666666666666666,0.3333333333333333,0.0,0.0,0,0,0.0,0.0,0,0,0.0,0.0,0,0,0.0,23062.28,3,0,0.0,0
LGS2ORD0039233,C017436,2025-11-07 17:00:00,Female,41,Bronze,Web,Phuket,1282,Shopee,PromptPay,17,11,4,0,40-50,42.733333333333334,7.0,4.0,0.5714285714285714,88,35,2645.29,0.23,0.0,0.14285714285714285,0.0,0.0,0,0,0.0,0.0,0,0,0.0,4615.72,2,0,0.0,18517.03,7,4,0.5714285714285714,1
LGS2ORD0039234,C015805,2025-11-07 17:00:00,Male,41,Gold,TV,Chiang Mai,1259,Web,COD,17,11,4,0,40-50,41.96666666666667,6.0,0.0,0.0,-1,31,8626.28,0.28,0.8333333333333334,0.3333333333333333,0.16666666666666666,0.0,0,0,0.0,0.0,0,0,0.0,2649.0,2,0,0.0,51757.68,6,0,0.0,1
LGS2ORD0039235,C016697,2025-11-07 17:00:00,Male,37,Bronze,Lazada,Chiang Mai,825,TV_Show,COD,17,11,4,0,30-40,27.5,3.0,1.0,0.3333333333333333,172,36,5758.276666666668,0.28,0.3333333333333333,0.3333333333333333,0.0,0.0,0,0,0.0,0.0,0,0,0.0,2205.61,1,0,0.0,17274.83,3,1,0.3333333333333333,0
LGS2ORD0039236,C017717,2025-11-07 17:00:00,Female,44,Bronze,TV,Chiang Mai,845,Web,COD,17,11,4,0,40-50,28.166666666666668,4.0,1.0,0.25,50,58,3921.095,0.23,0.75,0.75,0.0,0.0,0,0,0.0,0.0,0,0,0.0,4820.9,1,1,1.0,15684.38,4,1,0.25,0
LGS2ORD0039237,C013884,2025-11-07 17:00:00,Female,33,Gold,Lazada,Chonburi,1600,Web,Credit_Card,17,11,4,0,30-40,53.333333333333336,3.0,0.0,0.0,-1,139,1833.543333333333,0.08,0.3333333333333333,0.0,0.0,0.0,0,0,0.0,0.0,0,0,0.0,0.0,0,0,0.0,5500.629999999999,3,0,0.0,0
LGS2ORD0039238,C015969,2025-11-07 18:00:00,Female,38,Platinum,Shopee,Khon Kaen,1148,CallCenter,COD,18,11,4,0,30-40,38.266666666666666,4.0,0.0,0.0,-1,116,8258.3525,0.25,0.5,0.25,0.0,0.0,0,0,0.0,0.0,0,0,0.0,0.0,0,0,0.0,33033.41,4,0,0.0,1
LGS2ORD0039239,C015299,2025-11-07 18:00:00,Male,41,Bronze,CallCenter,Bangkok,1765,Web,Bank_Transfer,18,11,4,0,40-50,58.833333333333336,8.0,0.0,0.0,-1,11,6695.66,0.28,0.75,0.375,0.0,0.0,0,0,0.0,1131.64,1,0,0.0,34877.41,3,0,0.0,53565.28,8,0,0.0,0
LGS2ORD0039240,C016648,2025-11-07 18:00:00,Female,48,Bronze,Lazada,Chiang Mai,1046,CallCenter,COD,18,11,4,0,40-50,34.86666666666667,6.0,1.0,0.16666666666666666,32,4,5762.639999999999,0.28,0.6666666666666666,0.3333333333333333,0.0,4129.99,1,0,0.0,7267.54,2,0,0.0,20091.239999999998,3,1,0.3333333333333333,34575.84,6,1,0.16666666666666666,0
LGS2ORD0039241,C010088,2025-11-07 18:00:00,Female,42,Bronze,Shopee,Songkhla,500,Web,COD,18,11,4,0,40-50,16.666666666666668,4.0,3.0,0.75,37,41,11863.895,0.28,0.75,0.25,0.0,0.0,0,0,0.0,0.0,0,0,0.0,21521.06,1,1,1.0,47455.58,4,3,0.75,1
LGS2ORD0039242,C015474,2025-11-07 18:00:00,Female,53,Gold,Shopee,Bangkok,672,Web,PromptPay,18,11,4,0,>50,22.4,1.0,0.0,0.0,-1,96,1995.61,0.18,0.0,0.0,0.0,0.0,0,0,0.0,0.0,0,0,0.0,0.0,0,0,0.0,1995.61,1,0,0.0,0
LGS2ORD0039243,C012636,2025-11-07 18:00:00,Female,53,Bronze,TV,Nakhon Ratchasima,612,Web,COD,18,11,4,0,>50,20.4,7.0,1.0,0.14285714285714285,162,11,3831.567142857143,0.18,0.42857142857142855,0.0,0.0,0.0,0,0,0.0,7454.29,1,0,0.0,7454.29,1,0,0.0,26820.97,7,1,0.14285714285714285,1
LGS2ORD0039244,C017161,2025-11-07 19:00:00,Female,46,Bronze,Web,Bangkok,955,CallCenter,Credit_Card,19,11,4,0,40-50,31.833333333333332,5.0,1.0,0.2,10,21,8365.759999999998,0.18,0.4,0.0,0.0,0.0,0,0,0.0,1726.96,1,1,1.0,37302.96,3,1,0.3333333333333333,41828.799999999996,5,1,0.2,0
LGS2ORD0039245,C014238,2025-11-07 19:00:00,Female,66,Silver,TV,Khon Kaen,1333,TV_Show,Credit_Card,19,11,4,0,>50,44.43333333333333,10.0,3.0,0.3,93,22,5843.537,0.3,0.5,0.3,0.0,0.0,0,0,0.0,466.12,1,0,0.0,8381.26,3,0,0.0,58435.37,10,3,0.3,0
LGS2ORD0039246,C010969,2025-11-07 19:00:00,Female,36,Bronze,TV,Bangkok,1036,Web,COD,19,11,4,0,30-40,34.53333333333333,4.0,0.0,0.0,-1,37,7291.555,0.18,0.25,0.0,0.0,0.0,0,0,0.0,0.0,0,0,0.0,1316.79,1,0,0.0,29166.22,4,0,0.0,0
LGS2ORD0039247,C011552,2025-11-07 19:00:00,Female,45,Gold,TV,Nakhon Ratchasima,1064,CallCenter,COD,19,11,4,0,40-50,35.46666666666667,2.0,0.0,0.0,-1,128,7429.82,0.2299999999999999,0.0,0.5,0.0,0.0,0,0,0.0,0.0,0,0,0.0,0.0,0,0,0.0,14859.64,2,0,0.0,0
LGS2ORD0039248,C013989,2025-11-07 19:00:00,Female,21,Bronze,Web,Chiang Mai,805,Shopee,COD,19,11,4,0,20-30,26.833333333333332,2.0,1.0,0.5,210,60,4543.97,0.18,1.0,0.0,0.0,0.0,0,0,0.0,0.0,0,0,0.0,3097.17,1,0,0.0,9087.94,2,1,0.5,0
LGS2ORD0039249,C011191,2025-11-07 20:00:00,Male,55,Bronze,Web,Nakhon Ratchasima,1425,TV_Show,COD,20,11,4,0,>50,47.5,3.0,1.0,0.3333333333333333,281,234,2263.8166666666666,0.28,0.6666666666666666,0.6666666666666666,0.0,0.0,0,0,0.0,0.0,0,0,0.0,0.0,0,0,0.0,6791.45,3,1,0.3333333333333333,1
LGS2ORD0039250,C014722,2025-11-07 20:00:00,Female,39,Gold,Web,Remote_Area,1588,Shopee,PromptPay,20,11,4,0,30-40,52.93333333333333,2.0,0.0,0.0,-1,77,10045.465,0.2299999999999999,0.5,0.5,0.0,0.0,0,0,0.0,0.0,0,0,0.0,1890.27,1,0,0.0,20090.93,2,0,0.0,0
LGS2ORD0039251,C012516,2025-11-07 20:00:00,Male,27,Bronze,Web,Nakhon Ratchasima,749,Lazada,Bank_Transfer,20,11,4,0,20-30,24.966666666666665,5.0,1.0,0.2,50,67,6724.786,0.28,0.4,0.4,0.0,0.0,0,0,0.0,0.0,0,0,0.0,14788.11,1,1,1.0,33623.93,5,1,0.2,0
LGS2ORD0039252,C014012,2025-11-07 20:00:00,Female,67,Bronze,CallCenter,Remote_Area,812,TV_Show,Credit_Card,20,11,4,0,>50,27.066666666666666,4.0,0.0,0.0,-1,65,3503.2,0.13,0.25,0.0,0.0,0.0,0,0,0.0,0.0,0,0,0.0,2097.16,1,0,0.0,14012.8,4,0,0.0,0
LGS2ORD0039253,C017338,2025-11-07 20:00:00,Female,51,Bronze,Shopee,Nakhon Ratchasima,847,Web,COD,20,11,4,0,>50,28.233333333333334,1.0,0.0,0.0,-1,27,5297.46,0.28,0.0,1.0,0.0,0.0,0,0,0.0,5297.46,1,0,0.0,5297.46,1,0,0.0,5297.46,1,0,0.0,0
LGS2ORD0039254,C011234,2025-11-07 21:00:00,Female,44,Bronze,TV,Nakhon Ratchasima,871,Web,PromptPay,21,11,4,0,40-50,29.033333333333335,3.0,1.0,0.3333333333333333,5,19,1469.756666666667,0.23,0.0,0.3333333333333333,0.0,0.0,0,0,0.0,1246.0,1,1,1.0,2107.09,2,1,0.5,4409.27,3,1,0.3333333333333333,0
LGS2ORD0039255,C013622,2025-11-07 21:00:00,Female,48,Bronze,Shopee,Nakhon Ratchasima,532,CallCenter,COD,21,11,4,0,40-50,17.733333333333334,6.0,2.0,0.3333333333333333,160,150,2007.03,0.28,0.6666666666666666,0.3333333333333333,0.0,0.0,0,0,0.0,0.0,0,0,0.0,0.0,0,0,0.0,12042.18,6,2,0.3333333333333333,1
LGS2ORD0039256,C012997,2025-11-07 21:00:00,Female,40,Gold,Web,Chonburi,1193,CallCenter,COD,21,11,4,0,30-40,39.766666666666666,4.0,0.0,0.0,-1,86,2174.025,0.33,0.25,0.5,0.0,0.0,0,0,0.0,0.0,0,0,0.0,1426.15,1,0,0.0,8696.1,4,0,0.0,0
LGS2ORD0039257,C013288,2025-11-07 21:00:00,Female,34,Bronze,Lazada,Bangkok,1530,CallCenter,COD,21,11,4,0,30-40,51.0,8.0,2.0,0.25,45,49,5230.83375,0.23,0.5,0.375,0.0,0.0,0,0,0.0,0.0,0,0,0.0,4940.379999999999,2,1,0.5,41846.67,8,2,0.25,0
LGS2ORD0039258,C014103,2025-11-07 21:00:00,Female,54,Gold,Lazada,Chonburi,1702,Lazada,PromptPay,21,11,4,0,>50,56.733333333333334,3.0,0.0,0.0,-1,65,6037.366666666666,0.13,1.0,0.0,0.0,0.0,0,0,0.0,0.0,0,0,0.0,1648.94,1,0,0.0,18112.1,3,0,0.0,0
LGS2ORD0039259,C016035,2025-11-07 22:00:00,Female,38,Silver,Lazada,Chonburi,1528,Web,COD,22,11,4,0,30-40,50.93333333333333,5.0,3.0,0.6,44,56,4289.868,0.2,0.4,0.0,0.0,0.0,0,0,0.0,0.0,0,0,0.0,3760.93,1,1,1.0,21449.34,5,3,0.6,0
LGS2ORD0039260,C014460,2025-11-07 22:00:00,Male,38,Platinum,TV,Phuket,429,TV_Show,Credit_Card,22,11,4,0,30-40,14.3,7.0,3.0,0.42857142857142855,3,12,2368.0057142857145,0.3,0.5714285714285714,0.2857142857142857,0.0,0.0,0,0,0.0,7968.969999999999,2,1,0.5,12850.62,4,2,0.5,16576.04,7,3,0.42857142857142855,0
LGS2ORD0039261,C011983,2025-11-07 22:00:00,Female,50,Silver,Lazada,Chonburi,1089,TV_Show,COD,22,11,4,0,40-50,36.3,9.0,1.0,0.1111111111111111,289,67,4028.6511111111113,0.3,0.3333333333333333,0.3333333333333333,0.0,0.0,0,0,0.0,0.0,0,0,0.0,14466.67,3,0,0.0,36257.86,9,1,0.1111111111111111,0
LGS2ORD0039262,C016821,2025-11-07 22:00:00,Other,57,Bronze,Shopee,Chonburi,812,Web,COD,22,11,4,0,>50,27.066666666666666,7.0,1.0,0.14285714285714285,36,17,11343.212857142857,0.23,0.5714285714285714,0.14285714285714285,0.0,0.0,0,0,0.0,11708.12,1,0,0.0,21533.78,3,1,0.3333333333333333,79402.48999999999,7,1,0.14285714285714285,0
LGS2ORD0039263,C012003,2025-11-07 22:00:00,Male,47,Bronze,Web,Chiang Mai,640,Shopee,COD,22,11,4,0,40-50,21.333333333333332,3.0,0.0,0.0,-1,198,4690.816666666667,0.18,0.3333333333333333,0.0,0.0,0.0,0,0,0.0,0.0,0,0,0.0,0.0,0,0,0.0,14072.45,3,0,0.0,0
LGS2ORD0039264,C016337,2025-11-07 22:00:00,Male,37,Bronze,TV,Remote_Area,479,Web,PromptPay,22,11,4,0,30-40,15.966666666666667,6.0,3.0,0.5,7,10,6220.3516666666665,0.28,0.6666666666666666,0.3333333333333333,0.0,0.0,0,0,0.0,12311.1,2,2,1.0,19818.329999999998,3,2,0.6666666666666666,37322.11,6,3,0.5,0
LGS2ORD0039265,C016188,2025-11-07 23:00:00,Male,46,Gold,Shopee,Chonburi,745,CallCenter,COD,23,11,4,0,40-50,24.833333333333332,4.0,1.0,0.25,270,33,1814.8575,0.33,0.0,0.5,0.0,0.0,0,0,0.0,0.0,0,0,0.0,1106.19,1,0,0.0,7259.43,4,1,0.25,0
LGS2ORD0039266,C010960,2025-11-07 23:00:00,Female,51,Bronze,TV,Chonburi,621,Shopee,COD,23,11,4,0,>50,20.7,6.0,0.0,0.0,-1,14,3143.41,0.18,0.5,0.0,0.0,0.0,0,0,0.0,6205.43,2,0,0.0,12193.720000000001,3,0,0.0,18860.46,6,0,0.0,0
LGS2ORD0039267,C015134,2025-11-07 23:00:00,Female,37,Bronze,CallCenter,Khon Kaen,654,TV_Show,COD,23,11,4,0,30-40,21.8,5.0,1.0,0.2,71,8,7302.375999999999,0.28,0.8,0.2,0.0,0.0,0,0,0.0,11898.31,2,0,0.0,26430.14,3,1,0.3333333333333333,36511.88,5,1,0.2,1
LGS2ORD0039268,C016545,2025-11-07 23:00:00,Female,44,Bronze,Web,Bangkok,638,CallCenter,COD,23,11,4,0,40-50,21.266666666666666,5.0,0.0,0.0,-1,81,3167.746,0.18,0.4,0.0,0.0,0.0,0,0,0.0,0.0,0,0,0.0,8307.77,1,0,0.0,15838.73,5,0,0.0,1
LGS2ORD0039269,C015431,2025-11-07 23:00:00,Female,34,Bronze,Lazada,Bangkok,814,Shopee,PromptPay,23,11,4,0,30-40,27.133333333333333,3.0,1.0,0.3333333333333333,131,134,1370.47,0.28,0.0,0.3333333333333333,0.0,0.0,0,0,0.0,0.0,0,0,0.0,0.0,0,0,0.0,4111.41,3,1,0.3333333333333333,0
LGS2ORD0039270,C010510,2025-11-08 00:00:00,Female,19,Gold,CallCenter,Bangkok,837,Shopee,COD,0,11,5,1,<20,27.9,2.0,2.0,1.0,5,20,1890.03,0.13,1.0,0.0,0.0,0.0,0,0,0.0,1732.23,1,1,1.0,1732.23,1,1,1.0,3780.06,2,2,1.0,1
LGS2ORD0039271,C012006,2025-11-08 00:00:00,Female,33,Gold,Lazada,Bangkok,1381,Web,PromptPay,0,11,5,1,30-40,46.03333333333333,5.0,0.0,0.0,-1,65,8081.284,0.28,0.4,0.6,0.0,0.0,0,0,0.0,0.0,0,0,0.0,18660.29,2,0,0.0,40406.42,5,0,0.0,0
LGS2ORD0039272,C010559,2025-11-08 00:00:00,Male,18,Silver,Web,Bangkok,865,Web,COD,0,11,5,1,<20,28.833333333333332,7.0,1.0,0.14285714285714285,57,21,5481.425714285715,0.25,0.42857142857142855,0.2857142857142857,0.0,0.0,0,0,0.0,2298.61,1,0,0.0,9370.84,3,1,0.3333333333333333,38369.98,7,1,0.14285714285714285,0
LGS2ORD0039273,C016979,2025-11-08 00:00:00,Male,57,Gold,Web,Bangkok,903,Shopee,COD,0,11,5,1,>50,30.1,4.0,0.0,0.0,-1,86,2352.375,0.2299999999999999,0.25,0.25,0.0,0.0,0,0,0.0,0.0,0,0,0.0,1198.36,1,0,0.0,9409.5,4,0,0.0,0
LGS2ORD0039274,C015847,2025-11-08 00:00:00,Male,41,Bronze,TV,Bangkok,1397,TV_Show,COD,0,11,5,1,40-50,46.56666666666667,9.0,2.0,0.2222222222222222,83,58,3928.226666666667,0.18,0.6666666666666666,0.0,0.0,0.0,0,0,0.0,0.0,0,0,0.0,11724.17,2,0,0.0,35354.04,9,2,0.2222222222222222,0
LGS2ORD0039275,C015522,2025-11-08 01:00:00,Female,31,Bronze,TV,Bangkok,547,Web,COD,1,11,5,1,30-40,18.233333333333334,8.0,1.0,0.125,89,4,4815.39875,0.28,0.625,0.125,0.0,10403.88,1,0,0.0,10403.88,1,0,0.0,24466.479999999996,3,0,0.0,38523.19,8,1,0.125,0
LGS2ORD0039276,C013190,2025-11-08 01:00:00,Female,35,Silver,TV,Bangkok,1110,Web,COD,1,11,5,1,30-40,37.0,5.0,1.0,0.2,222,37,3868.0020000000004,0.3,0.6,0.2,0.0,0.0,0,0,0.0,0.0,0,0,0.0,8841.97,1,0,0.0,19340.010000000002,5,1,0.2,0
LGS2ORD0039277,C012087,2025-11-08 01:00:00,Female,39,Gold,Web,Remote_Area,1678,Web,Bank_Transfer,1,11,5,1,30-40,55.93333333333333,6.0,0.0,0.0,-1,127,5810.400000000001,0.28,0.3333333333333333,0.5,0.0,0.0,0,0,0.0,0.0,0,0,0.0,0.0,0,0,0.0,34862.4,6,0,0.0,0
LGS2ORD0039278,C017449,2025-11-08 01:00:00,Male,49,Bronze,TV,Bangkok,386,TV_Show,PromptPay,1,11,5,1,40-50,12.866666666666667,6.0,2.0,0.3333333333333333,83,22,12029.886666666667,0.23,0.5,0.16666666666666666,0.0,0.0,0,0,0.0,533.33,1,0,0.0,17642.49,3,0,0.0,72179.32,6,2,0.3333333333333333,1
LGS2ORD0039279,C016790,2025-11-08 01:00:00,Male,30,Bronze,Web,Nakhon Ratchasima,1423,Lazada,COD,1,11,5,1,20-30,47.43333333333333,1.0,0.0,0.0,-1,182,17770.72,0.08,0.0,0.0,0.0,0.0,0,0,0.0,0.0,0,0,0.0,0.0,0,0,0.0,17770.72,1,0,0.0,0
LGS2ORD0039280,C010359,2025-11-08 02:00:00,Male,54,Bronze,TV,Nakhon Ratchasima,1015,Web,COD,2,11,5,1,>50,33.833333333333336,9.0,2.0,0.2222222222222222,194,16,5391.425555555556,0.23,0.7777777777777778,0.2222222222222222,0.0,0.0,0,0,0.0,3255.23,1,0,0.0,11869.64,3,0,0.0,48522.83,9,2,0.2222222222222222,0
LGS2ORD0039281,C010966,2025-11-08 02:00:00,Male,33,Gold,Web,Bangkok,1670,Web,PromptPay,2,11,5,1,30-40,55.666666666666664,3.0,1.0,0.3333333333333333,228,63,22158.47666666667,0.13,0.6666666666666666,0.0,0.0,0.0,0,0,0.0,0.0,0,0,0.0,540.82,1,0,0.0,66475.43000000001,3,1,0.3333333333333333,0
LGS2ORD0039282,C015418,2025-11-08 02:00:00,Male,50,Silver,Web,Remote_Area,541,Web,COD,2,11,5,1,40-50,18.033333333333335,10.0,4.0,0.4,78,17,2851.745,0.3,0.4,0.4,0.0,0.0,0,0,0.0,4577.89,2,0,0.0,4577.89,2,0,0.0,28517.449999999997,10,4,0.4,0
LGS2ORD0039283,C013559,2025-11-08 02:00:00,Male,44,Silver,TV,Songkhla,423,Web,COD,2,11,5,1,40-50,14.1,9.0,4.0,0.4444444444444444,90,25,6867.198888888889,0.25,0.5555555555555556,0.2222222222222222,0.0,0.0,0,0,0.0,1120.2,1,0,0.0,1120.2,1,0,0.0,61804.79,9,4,0.4444444444444444,0
LGS2ORD0039284,C014483,2025-11-08 02:00:00,Female,37,Bronze,TV,Chonburi,1137,CallCenter,COD,2,11,5,1,30-40,37.9,5.0,1.0,0.2,4,14,5073.298000000001,0.28,0.2,0.4,0.0,0.0,0,0,0.0,12599.44,1,1,1.0,13735.28,2,1,0.5,25366.49,5,1,0.2,0
LGS2ORD0039285,C012919,2025-11-08 02:00:00,Female,43,Bronze,Lazada,Chiang Mai,876,CallCenter,COD,2,11,5,1,40-50,29.2,5.0,1.0,0.2,38,20,4307.179999999999,0.23,1.0,0.2,0.0,0.0,0,0,0.0,3424.93,1,0,0.0,18775.95,4,1,0.25,21535.899999999998,5,1,0.2,0
LGS2ORD0039286,C015764,2025-11-08 03:00:00,Other,35,Bronze,TV,Phuket,703,TV_Show,COD,3,11,5,1,30-40,23.433333333333334,3.0,1.0,0.3333333333333333,228,92,3066.873333333333,0.28,0.6666666666666666,0.3333333333333333,0.0,0.0,0,0,0.0,0.0,0,0,0.0,0.0,0,0,0.0,9200.619999999999,3,1,0.3333333333333333,1
LGS2ORD0039287,C011865,2025-11-08 03:00:00,Female,43,Silver,Web,Chonburi,735,TV_Show,PromptPay,3,11,5,1,40-50,24.5,3.0,0.0,0.0,-1,36,3727.6,0.3,0.3333333333333333,0.6666666666666666,0.0,0.0,0,0,0.0,0.0,0,0,0.0,10401.56,2,0,0.0,11182.8,3,0,0.0,0
LGS2ORD0039288,C015781,2025-11-08 03:00:00,Female,45,Bronze,Shopee,Songkhla,1589,TV_Show,COD,3,11,5,1,40-50,52.96666666666667,6.0,2.0,0.3333333333333333,204,29,5539.986666666667,0.23,0.3333333333333333,0.16666666666666666,0.0,0.0,0,0,0.0,6649.3,1,0,0.0,12578.46,2,0,0.0,33239.92,6,2,0.3333333333333333,0
LGS2ORD0039289,C011278,2025-11-08 03:00:00,Female,48,Bronze,Lazada,Chiang Mai,780,TV_Show,PromptPay,3,11,5,1,40-50,26.0,6.0,1.0,0.16666666666666666,167,33,3635.28,0.23,0.3333333333333333,0.16666666666666666,0.0,0.0,0,0,0.0,0.0,0,0,0.0,1398.72,1,0,0.0,21811.68,6,1,0.16666666666666666,1
LGS2ORD0039290,C017381,2025-11-08 03:00:00,Male,35,Bronze,CallCenter,Khon Kaen,342,TV_Show,PromptPay,3,11,5,1,30-40,11.4,10.0,3.0,0.3,-2,8,5979.467,0.23,0.6,0.1,0.0,0.0,0,0,0.0,21081.079999999998,3,1,0.3333333333333333,24616.77,4,1,0.25,59794.67,10,3,0.3,0
LGS2ORD0039291,C014729,2025-11-08 04:00:00,Female,57,Bronze,CallCenter,Bangkok,1689,Shopee,COD,4,11,5,1,>50,56.3,9.0,1.0,0.1111111111111111,149,20,3534.248888888889,0.28,0.6666666666666666,0.2222222222222222,0.0,0.0,0,0,0.0,10552.45,1,0,0.0,11478.26,2,0,0.0,31808.239999999998,9,1,0.1111111111111111,0
LGS2ORD0039292,C013372,2025-11-08 04:00:00,Female,67,Gold,Web,Phuket,1600,CallCenter,Credit_Card,4,11,5,1,>50,53.333333333333336,4.0,1.0,0.25,69,20,2444.6974999999998,0.28,0.75,0.25,0.0,0.0,0,0,0.0,475.72,1,0,0.0,1581.3700000000001,2,1,0.5,9778.789999999999,4,1,0.25,0
LGS2ORD0039293,C010501,2025-11-08 04:00:00,Male,46,Bronze,Web,Chiang Mai,1525,TV_Show,PromptPay,4,11,5,1,40-50,50.833333333333336,8.0,5.0,0.625,56,6,5553.755,0.23,0.5,0.25,0.0,14431.25,1,0,0.0,14431.25,1,0,0.0,15675.619999999999,2,1,0.5,44430.04,8,5,0.625,0
LGS2ORD0039294,C015318,2025-11-08 04:00:00,Female,44,Gold,Shopee,Bangkok,1627,Web,COD,4,11,5,1,40-50,54.233333333333334,8.0,2.0,0.25,280,62,2317.78875,0.2299999999999999,0.375,0.125,0.0,0.0,0,0,0.0,0.0,0,0,0.0,2748.52,2,0,0.0,18542.31,8,2,0.25,0
LGS2ORD0039295,C010623,2025-11-08 04:00:00,Male,52,Silver,CallCenter,Nakhon Ratchasima,988,Web,Bank_Transfer,4,11,5,1,>50,32.93333333333333,9.0,1.0,0.1111111111111111,222,89,6726.596666666667,0.3,0.4444444444444444,0.3333333333333333,0.0,0.0,0,0,0.0,0.0,0,0,0.0,3061.83,1,0,0.0,60539.37,9,1,0.1111111111111111,0
LGS2ORD0039296,C015243,2025-11-08 05:00:00,Male,45,Bronze,TV,Songkhla,501,Shopee,COD,5,11,5,1,40-50,16.7,6.0,4.0,0.6666666666666666,62,61,2154.063333333333,0.23,0.6666666666666666,0.16666666666666666,0.0,0.0,0,0,0.0,0.0,0,0,0.0,5878.509999999999,2,1,0.5,12924.38,6,4,0.6666666666666666,1
LGS2ORD0039297,C011760,2025-11-08 05:00:00,Male,27,Bronze,TV,Khon Kaen,388,TV_Show,COD,5,11,5,1,20-30,12.933333333333334,7.0,0.0,0.0,-1,18,4899.858571428572,0.28,0.42857142857142855,0.14285714285714285,0.0,0.0,0,0,0.0,1839.57,1,0,0.0,5883.41,3,0,0.0,34299.01,7,0,0.0,0
LGS2ORD0039298,C015366,2025-11-08 05:00:00,Female,36,Bronze,Shopee,Bangkok,1312,Shopee,PromptPay,5,11,5,1,30-40,43.733333333333334,2.0,0.0,0.0,-1,223,5172.6,0.18,0.5,0.0,0.0,0.0,0,0,0.0,0.0,0,0,0.0,0.0,0,0,0.0,10345.2,2,0,0.0,0
LGS2ORD0039299,C016659,2025-11-08 05:00:00,Female,52,Gold,Web,Songkhla,549,TV_Show,PromptPay,5,11,5,1,>50,18.3,5.0,4.0,0.8,61,79,1830.266,0.33,0.8,0.4,0.0,0.0,0,0,0.0,0.0,0,0,0.0,159.78,1,1,1.0,9151.33,5,4,0.8,0
LGS2ORD0039300,C017323,2025-11-08 05:00:00,Male,52,Silver,TV,Bangkok,1576,CallCenter,COD,5,11,5,1,>50,52.53333333333333,2.0,0.0,0.0,-1,127,6288.225,0.3,0.5,0.5,0.0,0.0,0,0,0.0,0.0,0,0,0.0,0.0,0,0,0.0,12576.45,2,0,0.0,1
LGS2ORD0039301,C010157,2025-11-08 06:00:00,Female,47,Silver,Lazada,Khon Kaen,1078,Shopee,COD,6,11,5,1,40-50,35.93333333333333,7.0,1.0,0.14285714285714285,62,71,4122.688571428572,0.3,0.42857142857142855,0.42857142857142855,0.0,0.0,0,0,0.0,0.0,0,0,0.0,8777.94,2,1,0.5,28858.82,7,1,0.14285714285714285,1
LGS2ORD0039302,C015490,2025-11-08 06:00:00,Female,58,Gold,TV,Khon Kaen,602,Shopee,Bank_Transfer,6,11,5,1,>50,20.066666666666666,1.0,1.0,1.0,42,52,3555.59,0.2299999999999999,1.0,1.0,0.0,0.0,0,0,0.0,0.0,0,0,0.0,3555.59,1,1,1.0,3555.59,1,1,1.0,0
LGS2ORD0039303,C014175,2025-11-08 06:00:00,Male,18,Silver,TV,Chiang Mai,1552,TV_Show,COD,6,11,5,1,<20,51.733333333333334,3.0,1.0,0.3333333333333333,119,128,8693.17,0.25,0.3333333333333333,0.3333333333333333,0.0,0.0,0,0,0.0,0.0,0,0,0.0,0.0,0,0,0.0,26079.510000000002,3,1,0.3333333333333333,0
LGS2ORD0039304,C014643,2025-11-08 06:00:00,Male,58,Bronze,Lazada,Chonburi,474,Web,COD,6,11,5,1,>50,15.8,4.0,1.0,0.25,74,81,5873.0725,0.23,0.75,0.25,0.0,0.0,0,0,0.0,0.0,0,0,0.0,2786.18,1,1,1.0,23492.29,4,1,0.25,0
LGS2ORD0039305,C011511,2025-11-08 06:00:00,Male,58,Bronze,CallCenter,Nakhon Ratchasima,1508,TV_Show,PromptPay,6,11,5,1,>50,50.266666666666666,4.0,0.0,0.0,-1,197,8275.395,0.23,0.75,0.25,0.0,0.0,0,0,0.0,0.0,0,0,0.0,0.0,0,0,0.0,33101.58,4,0,0.0,0
LGS2ORD0039306,C014929,2025-11-08 06:00:00,Female,39,Bronze,Shopee,Bangkok,1033,TV_Show,COD,6,11,5,1,30-40,34.43333333333333,4.0,1.0,0.25,287,98,5586.6425,0.23,0.5,0.5,0.0,0.0,0,0,0.0,0.0,0,0,0.0,0.0,0,0,0.0,22346.57,4,1,0.25,0
LGS2ORD0039307,C013640,2025-11-08 07:00:00,Male,43,Bronze,Web,Khon Kaen,1310,TV_Show,COD,7,11,5,1,40-50,43.666666666666664,5.0,1.0,0.2,44,52,7247.182000000001,0.18,0.6,0.0,0.0,0.0,0,0,0.0,0.0,0,0,0.0,26739.25,2,1,0.5,36235.91,5,1,0.2,0
LGS2ORD0039308,C015726,2025-11-08 07:00:00,Male,38,Bronze,Shopee,Chonburi,499,TV_Show,COD,7,11,5,1,30-40,16.633333333333333,6.0,2.0,0.3333333333333333,-7,4,8448.855000000001,0.18,0.5,0.0,0.0,7592.01,1,1,1.0,7592.01,1,1,1.0,7592.01,1,1,1.0,50693.130000000005,6,2,0.3333333333333333,1
LGS2ORD0039309,C013283,2025-11-08 07:00:00,Female,40,Bronze,Shopee,Bangkok,1133,Shopee,Credit_Card,7,11,5,1,30-40,37.766666666666666,2.0,0.0,0.0,-1,50,2288.085,0.18,0.5,0.0,0.0,0.0,0,0,0.0,0.0,0,0,0.0,4576.17,2,0,0.0,4576.17,2,0,0.0,0
LGS2ORD0039310,C010376,2025-11-08 07:00:00,Female,38,Bronze,TV,Chonburi,1069,CallCenter,Credit_Card,7,11,5,1,30-40,35.63333333333333,7.0,2.0,0.2857142857142857,147,26,8753.847142857143,0.28,0.2857142857142857,0.2857142857142857,0.0,0.0,0,0,0.0,4371.65,1,0,0.0,7491.259999999999,3,0,0.0,61276.93,7,2,0.2857142857142857,0
LGS2ORD0039311,C012802,2025-11-08 07:00:00,Male,34,Gold,TV,Chiang Mai,1096,Web,PromptPay,7,11,5,1,30-40,36.53333333333333,2.0,0.0,0.0,-1,35,1501.3600000000001,0.08,1.0,0.0,0.0,0.0,0,0,0.0,0.0,0,0,0.0,1937.89,1,0,0.0,3002.7200000000003,2,0,0.0,0
LGS2ORD0039312,C012525,2025-11-08 08:00:00,Female,50,Bronze,Shopee,Bangkok,1030,Web,COD,8,11,5,1,40-50,34.333333333333336,11.0,3.0,0.2727272727272727,41,38,5085.273636363636,0.28,0.7272727272727273,0.45454545454545453,0.0,0.0,0,0,0.0,0.0,0,0,0.0,32221.67,6,2,0.3333333333333333,55938.009999999995,11,3,0.2727272727272727,1
LGS2ORD0039313,C012185,2025-11-08 08:00:00,Female,49,Silver,Web,Khon Kaen,968,CallCenter,Bank_Transfer,8,11,5,1,40-50,32.266666666666666,5.0,0.0,0.0,-1,8,3220.8160000000003,0.3,0.6,0.2,0.0,0.0,0,0,0.0,1676.11,1,0,0.0,4428.03,2,0,0.0,16104.080000000002,5,0,0.0,0
LGS2ORD0039314,C014532,2025-11-08 08:00:00,Male,31,Silver,TV,Phuket,1669,Lazada,Credit_Card,8,11,5,1,30-40,55.63333333333333,6.0,2.0,0.3333333333333333,231,146,4218.956666666666,0.3,0.6666666666666666,0.16666666666666666,0.0,0.0,0,0,0.0,0.0,0,0,0.0,0.0,0,0,0.0,25313.739999999998,6,2,0.3333333333333333,0
LGS2ORD0039315,C012027,2025-11-08 08:00:00,Female,41,Bronze,Shopee,Bangkok,1467,Lazada,Bank_Transfer,8,11,5,1,40-50,48.9,11.0,5.0,0.45454545454545453,105,45,7613.988181818183,0.28,0.5454545454545454,0.45454545454545453,0.0,0.0,0,0,0.0,0.0,0,0,0.0,17602.19,1,0,0.0,83753.87000000001,11,5,0.45454545454545453,0
LGS2ORD0039316,C017716,2025-11-08 08:00:00,Female,30,Platinum,Web,Bangkok,1033,Shopee,COD,8,11,5,1,20-30,34.43333333333333,4.0,0.0,0.0,-1,7,4776.0425,0.15,0.75,0.0,0.0,0.0,0,0,0.0,12507.86,1,0,0.0,12507.86,1,0,0.0,19104.17,4,0,0.0,0
LGS2ORD0039317,C016419,2025-11-08 09:00:00,Male,33,Gold,Shopee,Nakhon Ratchasima,809,CallCenter,COD,9,11,5,1,30-40,26.966666666666665,5.0,2.0,0.4,5,14,4274.2080000000005,0.28,0.4,0.4,0.0,0.0,0,0,0.0,651.64,1,1,1.0,3398.8199999999997,2,1,0.5,21371.04,5,2,0.4,0
LGS2ORD0039318,C014612,2025-11-08 09:00:00,Female,42,Gold,Web,Bangkok,357,Web,PromptPay,9,11,5,1,40-50,11.9,5.0,0.0,0.0,-1,79,4415.664,0.33,0.8,0.4,0.0,0.0,0,0,0.0,0.0,0,0,0.0,8743.2,1,0,0.0,22078.32,5,0,0.0,0
LGS2ORD0039319,C013754,2025-11-08 09:00:00,Female,49,Bronze,TV,Chiang Mai,498,Shopee,Credit_Card,9,11,5,1,40-50,16.6,7.0,1.0,0.14285714285714285,225,61,5235.76,0.23,0.42857142857142855,0.14285714285714285,0.0,0.0,0,0,0.0,0.0,0,0,0.0,18988.88,1,0,0.0,36650.32,7,1,0.14285714285714285,0
LGS2ORD0039320,C010174,2025-11-08 09:00:00,Female,41,Bronze,TV,Chonburi,975,Lazada,Bank_Transfer,9,11,5,1,40-50,32.5,7.0,0.0,0.0,-1,18,6994.642857142857,0.23,0.5714285714285714,0.14285714285714285,0.0,0.0,0,0,0.0,21793.4,1,0,0.0,32657.420000000002,4,0,0.0,48962.5,7,0,0.0,0
LGS2ORD0039321,C010492,2025-11-08 09:00:00,Female,18,Bronze,TV,Nakhon Ratchasima,558,Lazada,COD,9,11,5,1,<20,18.6,2.0,0.0,0.0,-1,87,2097.89,0.18,0.0,0.0,0.0,0.0,0,0,0.0,0.0,0,0,0.0,2537.29,1,0,0.0,4195.78,2,0,0.0,0
LGS2ORD0039322,C014611,2025-11-08 09:00:00,Female,46,Bronze,CallCenter,Songkhla,535,TV_Show,COD,9,11,5,1,40-50,17.833333333333332,3.0,1.0,0.3333333333333333,195,37,8999.050000000001,0.18,0.6666666666666666,0.0,0.0,0.0,0,0,0.0,0.0,0,0,0.0,1898.69,1,0,0.0,26997.15,3,1,0.3333333333333333,0
LGS2ORD0039323,C014147,2025-11-08 10:00:00,Female,18,Silver,Web,Nakhon Ratchasima,1685,Lazada,Credit_Card,10,11,5,1,<20,56.166666666666664,5.0,2.0,0.4,97,21,6161.449999999999,0.25,0.6,0.4,0.0,0.0,0,0,0.0,4626.48,1,0,0.0,4626.48,1,0,0.0,30807.249999999996,5,2,0.4,0
LGS2ORD0039324,C011569,2025-11-08 10:00:00,Male,34,Bronze,TV,Remote_Area,838,TV_Show,COD,10,11,5,1,30-40,27.933333333333334,10.0,4.0,0.4,80,13,3379.453,0.28,0.7,0.2,0.0,0.0,0,0,0.0,11537.73,2,0,0.0,18249.93,5,2,0.4,33794.53,10,4,0.4,0
LGS2ORD0039325,C013738,2025-11-08 10:00:00,Female,49,Silver,Lazada,Phuket,1607,TV_Show,Credit_Card,10,11,5,1,40-50,53.56666666666667,4.0,0.0,0.0,-1,42,10273.2775,0.25,0.5,0.5,0.0,0.0,0,0,0.0,0.0,0,0,0.0,8374.15,2,0,0.0,41093.11,4,0,0.0,1
LGS2ORD0039326,C012711,2025-11-08 10:00:00,Female,51,Bronze,Shopee,Phuket,693,TV_Show,COD,10,11,5,1,>50,23.1,3.0,1.0,0.3333333333333333,217,154,6021.886666666666,0.23,0.3333333333333333,0.3333333333333333,0.0,0.0,0,0,0.0,0.0,0,0,0.0,0.0,0,0,0.0,18065.66,3,1,0.3333333333333333,0
LGS2ORD0039327,C014073,2025-11-08 10:00:00,Female,46,Silver,Web,Khon Kaen,843,Web,Bank_Transfer,10,11,5,1,40-50,28.1,6.0,2.0,0.3333333333333333,40,54,6187.361666666668,0.3,0.6666666666666666,0.16666666666666666,0.0,0.0,0,0,0.0,0.0,0,0,0.0,3933.51,1,1,1.0,37124.170000000006,6,2,0.3333333333333333,0
LGS2ORD0039328,C014451,2025-11-08 11:00:00,Female,58,Silver,Web,Chonburi,1643,Lazada,COD,11,11,5,1,>50,54.766666666666666,5.0,1.0,0.2,73,82,4759.83,0.25,0.2,0.2,0.0,0.0,0,0,0.0,0.0,0,0,0.0,6554.71,2,1,0.5,23799.15,5,1,0.2,0
LGS2ORD0039329,C012894,2025-11-08 11:00:00,Female,53,Bronze,Web,Khon Kaen,661,TV_Show,COD,11,11,5,1,>50,22.033333333333335,10.0,3.0,0.3,223,9,3476.579,0.28,0.2,0.4,0.0,0.0,0,0,0.0,9346.62,1,0,0.0,15472.27,3,0,0.0,34765.79,10,3,0.3,0
LGS2ORD0039330,C011065,2025-11-08 11:00:00,Male,35,Platinum,Web,Chiang Mai,1105,TV_Show,PromptPay,11,11,5,1,30-40,36.833333333333336,7.0,0.0,0.0,-1,62,4264.078571428571,0.35,0.5714285714285714,0.42857142857142855,0.0,0.0,0,0,0.0,0.0,0,0,0.0,1444.39,1,0,0.0,29848.55,7,0,0.0,0
LGS2ORD0039331,C014727,2025-11-08 11:00:00,Male,24,Bronze,Shopee,Bangkok,1004,TV_Show,Credit_Card,11,11,5,1,20-30,33.46666666666667,4.0,1.0,0.25,23,35,1669.75,0.28,0.25,0.25,0.0,0.0,0,0,0.0,0.0,0,0,0.0,2040.6,1,1,1.0,6679.0,4,1,0.25,0
LGS2ORD0039332,C011485,2025-11-08 11:00:00,Male,37,Gold,Lazada,Nakhon Ratchasima,711,Shopee,COD,11,11,5,1,30-40,23.7,9.0,0.0,0.0,-1,58,2670.7633333333333,0.28,0.1111111111111111,0.4444444444444444,0.0,0.0,0,0,0.0,0.0,0,0,0.0,3309.81,1,0,0.0,24036.87,9,0,0.0,1
LGS2ORD0039333,C017374,2025-11-08 12:00:00,Male,48,Bronze,Shopee,Chiang Mai,1607,Lazada,Credit_Card,12,11,5,1,40-50,53.56666666666667,5.0,0.0,0.0,-1,2,3114.566,0.28,0.2,0.6,0.0,10534.52,2,0,0.0,10534.52,2,0,0.0,12232.78,3,0,0.0,15572.83,5,0,0.0,0
LGS2ORD0039334,C013360,2025-11-08 12:00:00,Other,38,Bronze,Web,Chiang Mai,1622,Web,Credit_Card,12,11,5,1,30-40,54.06666666666667,6.0,2.0,0.3333333333333333,108,74,4676.84,0.23,0.6666666666666666,0.16666666666666666,0.0,0.0,0,0,0.0,0.0,0,0,0.0,9403.09,2,0,0.0,28061.04,6,2,0.3333333333333333,0
LGS2ORD0039335,C010299,2025-11-08 12:00:00,Female,18,Bronze,TV,Chonburi,529,TV_Show,COD,12,11,5,1,<20,17.633333333333333,8.0,1.0,0.125,170,6,7285.307500000001,0.28,0.375,0.25,0.0,7087.53,1,0,0.0,7574.24,2,0,0.0,9082.279999999999,3,0,0.0,58282.46000000001,8,1,0.125,1
LGS2ORD0039336,C017044,2025-11-08 12:00:00,Female,38,Silver,CallCenter,Chiang Mai,1305,Lazada,Credit_Card,12,11,5,1,30-40,43.5,2.0,0.0,0.0,-1,266,2398.25,0.25,0.5,0.5,0.0,0.0,0,0,0.0,0.0,0,0,0.0,0.0,0,0,0.0,4796.5,2,0,0.0,0
LGS2ORD0039337,C017657,2025-11-08 12:00:00,Female,58,Gold,TV,Nakhon Ratchasima,914,Web,Credit_Card,12,11,5,1,>50,30.466666666666665,6.0,2.0,0.3333333333333333,92,101,2113.2866666666664,0.33,0.5,0.5,0.0,0.0,0,0,0.0,0.0,0,0,0.0,0.0,0,0,0.0,12679.72,6,2,0.3333333333333333,0
LGS2ORD0039338,C014743,2025-11-08 13:00:00,Female,49,Bronze,Shopee,Chonburi,930,TV_Show,COD,13,11,5,1,40-50,31.0,3.0,0.0,0.0,-1,26,3412.023333333333,0.18,0.6666666666666666,0.0,0.0,0.0,0,0,0.0,951.4,1,0,0.0,951.4,1,0,0.0,10236.07,3,0,0.0,0
LGS2ORD0039339,C011706,2025-11-08 13:00:00,Female,53,Silver,Web,Bangkok,1181,Web,COD,13,11,5,1,>50,39.36666666666667,6.0,1.0,0.16666666666666666,207,44,2997.0699999999997,0.3,0.6666666666666666,0.3333333333333333,0.0,0.0,0,0,0.0,0.0,0,0,0.0,3203.92,2,0,0.0,17982.42,6,1,0.16666666666666666,0
LGS2ORD0039340,C010868,2025-11-08 13:00:00,Female,35,Gold,Lazada,Bangkok,664,TV_Show,COD,13,11,5,1,30-40,22.133333333333333,6.0,0.0,0.0,-1,4,2636.401666666667,0.2299999999999999,0.3333333333333333,0.3333333333333333,0.0,2435.24,2,0,0.0,10600.52,4,0,0.0,10600.52,4,0,0.0,15818.410000000002,6,0,0.0,0
LGS2ORD0039341,C011829,2025-11-08 13:00:00,Male,44,Bronze,TV,Khon Kaen,1231,Lazada,PromptPay,13,11,5,1,40-50,41.03333333333333,4.0,1.0,0.25,159,77,5782.0525,0.23,0.5,0.25,0.0,0.0,0,0,0.0,0.0,0,0,0.0,11465.08,2,0,0.0,23128.21,4,1,0.25,0
LGS2ORD0039342,C017772,2025-11-08 13:00:00,Female,72,Gold,Shopee,Phuket,1482,Web,Credit_Card,13,11,5,1,>50,49.4,0.0,0.0,0.0,-1,-1,0.0,0.0,0.0,0.0,0.0,0.0,0,0,0.0,0.0,0,0,0.0,0.0,0,0,0.0,0.0,0,0,0.0,0
LGS2ORD0039343,C011202,2025-11-08 13:00:00,Other,58,Bronze,Web,Khon Kaen,1040,TV_Show,COD,13,11,5,1,>50,34.666666666666664,7.0,1.0,0.14285714285714285,131,68,5248.150000000001,0.28,0.42857142857142855,0.42857142857142855,0.0,0.0,0,0,0.0,0.0,0,0,0.0,12583.53,2,0,0.0,36737.05,7,1,0.14285714285714285,0
LGS2ORD0039344,C017395,2025-11-08 14:00:00,Male,42,Bronze,Lazada,Khon Kaen,1343,Lazada,COD,14,11,5,1,40-50,44.766666666666666,5.0,1.0,0.2,0,5,8103.2660000000005,0.28,0.8,0.4,0.0,1566.22,1,1,1.0,6705.01,2,1,0.5,6705.01,2,1,0.5,40516.33,5,1,0.2,0
LGS2ORD0039345,C010198,2025-11-08 14:00:00,Male,72,Silver,Lazada,Bangkok,1690,TV_Show,COD,14,11,5,1,>50,56.333333333333336,6.0,1.0,0.16666666666666666,246,25,4526.561666666666,0.25,0.6666666666666666,0.3333333333333333,0.0,0.0,0,0,0.0,2127.24,1,0,0.0,2127.24,1,0,0.0,27159.369999999995,6,1,0.16666666666666666,0
LGS2ORD0039346,C017771,2025-11-08 14:00:00,Female,46,Bronze,CallCenter,Remote_Area,579,Shopee,Bank_Transfer,14,11,5,1,40-50,19.3,12.0,1.0,0.08333333333333333,63,32,5194.315833333333,0.28,0.4166666666666667,0.16666666666666666,0.0,0.0,0,0,0.0,0.0,0,0,0.0,24092.15,6,1,0.16666666666666666,62331.78999999999,12,1,0.08333333333333333,0
LGS2ORD0039347,C014971,2025-11-08 14:00:00,Female,18,Bronze,TV,Bangkok,510,Lazada,COD,14,11,5,1,<20,17.0,4.0,0.0,0.0,-1,104,3545.4925,0.28,0.5,0.25,0.0,0.0,0,0,0.0,0.0,0,0,0.0,0.0,0,0,0.0,14181.97,4,0,0.0,0
LGS2ORD0039348,C013109,2025-11-08 14:00:00,Male,46,Bronze,Shopee,Khon Kaen,1474,TV_Show,COD,14,11,5,1,40-50,49.13333333333333,8.0,1.0,0.125,96,15,6650.92875,0.28,0.75,0.375,0.0,0.0,0,0,0.0,2818.71,1,0,0.0,17561.57,4,0,0.0,53207.43,8,1,0.125,0
LGS2ORD0039349,C013854,2025-11-08 15:00:00,Male,47,Bronze,TV,Khon Kaen,644,Shopee,COD,15,11,5,1,40-50,21.466666666666665,4.0,2.0,0.5,9,4,1407.5175,0.28,0.5,0.75,0.0,430.74,1,0,0.0,2615.1899999999996,2,1,0.5,2615.1899999999996,2,1,0.5,5630.07,4,2,0.5,0
LGS2ORD0039350,C016734,2025-11-08 15:00:00,Male,46,Bronze,Lazada,Remote_Area,1334,Lazada,COD,15,11,5,1,40-50,44.46666666666667,3.0,2.0,0.6666666666666666,95,103,5622.403333333333,0.28,0.0,0.3333333333333333,0.0,0.0,0,0,0.0,0.0,0,0,0.0,0.0,0,0,0.0,16867.21,3,2,0.6666666666666666,1
LGS2ORD0039351,C014002,2025-11-08 15:00:00,Male,36,Bronze,TV,Bangkok,726,Lazada,COD,15,11,5,1,30-40,24.2,7.0,3.0,0.42857142857142855,90,15,3264.7200000000003,0.23,0.8571428571428571,0.2857142857142857,0.0,0.0,0,0,0.0,5047.56,1,0,0.0,6425.02,2,0,0.0,22853.04,7,3,0.42857142857142855,0
LGS2ORD0039352,C012028,2025-11-08 15:00:00,Other,31,Bronze,TV,Chiang Mai,1501,Shopee,PromptPay,15,11,5,1,30-40,50.03333333333333,1.0,0.0,0.0,-1,56,40717.77,0.13,0.0,0.0,0.0,0.0,0,0,0.0,0.0,0,0,0.0,40717.77,1,0,0.0,40717.77,1,0,0.0,0
LGS2ORD0039353,C014700,2025-11-08 15:00:00,Female,48,Platinum,Web,Bangkok,1376,Lazada,Bank_Transfer,15,11,5,1,40-50,45.86666666666667,2.0,1.0,0.5,179,47,7713.555,0.3,0.0,0.5,0.0,0.0,0,0,0.0,0.0,0,0,0.0,6587.42,1,0,0.0,15427.11,2,1,0.5,0
LGS2ORD0039354,C013359,2025-11-08 16:00:00,Female,30,Platinum,Web,Songkhla,1075,Shopee,COD,16,11,5,1,20-30,35.833333333333336,2.0,0.0,0.0,-1,65,4507.84,0.25,0.0,0.5,0.0,0.0,0,0,0.0,0.0,0,0,0.0,9015.68,2,0,0.0,9015.68,2,0,0.0,0
LGS2ORD0039355,C014308,2025-11-08 16:00:00,Male,48,Bronze,TV,Remote_Area,1336,Lazada,Credit_Card,16,11,5,1,40-50,44.53333333333333,7.0,2.0,0.2857142857142857,56,35,8681.81,0.23,0.42857142857142855,0.2857142857142857,0.0,0.0,0,0,0.0,0.0,0,0,0.0,9931.8,2,1,0.5,60772.67,7,2,0.2857142857142857,0
LGS2ORD0039356,C015132,2025-11-08 16:00:00,Female,46,Gold,TV,Nakhon Ratchasima,1698,Shopee,Credit_Card,16,11,5,1,40-50,56.6,5.0,1.0,0.2,197,7,3526.5339999999997,0.28,0.4,0.4,0.0,0.0,0,0,0.0,5460.0,1,0,0.0,6383.1900000000005,2,0,0.0,17632.67,5,1,0.2,0
LGS2ORD0039357,C017059,2025-11-08 16:00:00,Male,47,Bronze,CallCenter,Nakhon Ratchasima,1271,Web,PromptPay,16,11,5,1,40-50,42.36666666666667,7.0,2.0,0.2857142857142857,-7,6,2788.002857142857,0.23,0.7142857142857143,0.14285714285714285,0.0,781.34,1,1,1.0,781.34,1,1,1.0,781.34,1,1,1.0,19516.02,7,2,0.2857142857142857,0
LGS2ORD0039358,C013495,2025-11-08 16:00:00,Female,27,Silver,Lazada,Chonburi,899,Shopee,Credit_Card,16,11,5,1,20-30,29.966666666666665,5.0,1.0,0.2,128,30,3771.1479999999997,0.15,0.6,0.0,0.0,0.0,0,0,0.0,0.0,0,0,0.0,8134.209999999999,3,0,0.0,18855.739999999998,5,1,0.2,0
LGS2ORD0039359,C015703,2025-11-08 17:00:00,Female,32,Silver,TV,Nakhon Ratchasima,852,Web,COD,17,11,5,1,30-40,28.4,5.0,1.0,0.2,151,66,2462.3540000000003,0.3,0.8,0.4,0.0,0.0,0,0,0.0,0.0,0,0,0.0,4049.04,2,0,0.0,12311.77,5,1,0.2,0
LGS2ORD0039360,C013298,2025-11-08 17:00:00,Male,59,Bronze,CallCenter,Phuket,1453,CallCenter,Credit_Card,17,11,5,1,>50,48.43333333333333,5.0,3.0,0.6,96,113,3326.868,0.18,0.8,0.0,0.0,0.0,0,0,0.0,0.0,0,0,0.0,0.0,0,0,0.0,16634.34,5,3,0.6,0
LGS2ORD0039361,C010082,2025-11-08 17:00:00,Female,42,Gold,Shopee,Remote_Area,1415,Shopee,COD,17,11,5,1,40-50,47.166666666666664,9.0,3.0,0.3333333333333333,-4,10,7926.941111111111,0.33,0.6666666666666666,0.5555555555555556,0.0,0.0,0,0,0.0,1452.95,1,1,1.0,19576.13,5,1,0.2,71342.47,9,3,0.3333333333333333,1
LGS2ORD0039362,C014477,2025-11-08 17:00:00,Male,43,Gold,TV,Remote_Area,325,TV_Show,Bank_Transfer,17,11,5,1,40-50,10.833333333333334,4.0,2.0,0.5,214,178,1274.5874999999999,0.33,0.75,0.25,0.0,0.0,0,0,0.0,0.0,0,0,0.0,0.0,0,0,0.0,5098.349999999999,4,2,0.5,0
LGS2ORD0039363,C012825,2025-11-08 17:00:00,Male,28,Platinum,Shopee,Khon Kaen,1637,TV_Show,PromptPay,17,11,5,1,20-30,54.56666666666667,2.0,0.0,0.0,-1,70,13315.975,0.25,0.5,0.5,0.0,0.0,0,0,0.0,0.0,0,0,0.0,20098.68,1,0,0.0,26631.95,2,0,0.0,1
LGS2ORD0039364,C016708,2025-11-08 17:00:00,Female,54,Bronze,CallCenter,Khon Kaen,1020,Web,COD,17,11,5,1,>50,34.0,1.0,0.0,0.0,-1,120,1071.63,0.03,0.0,0.0,0.0,0.0,0,0,0.0,0.0,0,0,0.0,0.0,0,0,0.0,1071.63,1,0,0.0,0
LGS2ORD0039365,C013056,2025-11-08 18:00:00,Female,35,Platinum,Web,Songkhla,1727,Web,Credit_Card,18,11,5,1,30-40,57.56666666666667,5.0,2.0,0.4,32,41,5835.636,0.3,0.2,0.2,0.0,0.0,0,0,0.0,0.0,0,0,0.0,1918.03,1,1,1.0,29178.18,5,2,0.4,0
LGS2ORD0039366,C016344,2025-11-08 18:00:00,Female,39,Platinum,Shopee,Bangkok,803,Web,COD,18,11,5,1,30-40,26.766666666666666,1.0,0.0,0.0,-1,194,3450.06,0.1,0.0,0.0,0.0,0.0,0,0,0.0,0.0,0,0,0.0,0.0,0,0,0.0,3450.06,1,0,0.0,0
LGS2ORD0039367,C010638,2025-11-08 18:00:00,Female,44,Gold,Web,Chonburi,338,TV_Show,PromptPay,18,11,5,1,40-50,11.266666666666667,4.0,2.0,0.5,158,163,4405.2875,0.33,0.25,0.5,0.0,0.0,0,0,0.0,0.0,0,0,0.0,0.0,0,0,0.0,17621.15,4,2,0.5,0
LGS2ORD0039368,C013155,2025-11-08 18:00:00,Female,72,Silver,Lazada,Khon Kaen,504,TV_Show,Credit_Card,18,11,5,1,>50,16.8,8.0,3.0,0.375,127,8,3910.965,0.3,0.25,0.5,0.0,0.0,0,0,0.0,6266.780000000001,2,0,0.0,6266.780000000001,2,0,0.0,31287.72,8,3,0.375,0
LGS2ORD0039369,C011014,2025-11-08 18:00:00,Male,48,Bronze,TV,Bangkok,1012,Shopee,COD,18,11,5,1,40-50,33.733333333333334,7.0,3.0,0.42857142857142855,116,125,6703.862857142857,0.23,0.5714285714285714,0.14285714285714285,0.0,0.0,0,0,0.0,0.0,0,0,0.0,0.0,0,0,0.0,46927.04,7,3,0.42857142857142855,1
LGS2ORD0039370,C011448,2025-11-08 19:00:00,Male,65,Silver,Lazada,Bangkok,1168,Lazada,COD,19,11,5,1,>50,38.93333333333333,6.0,0.0,0.0,-1,12,5457.628333333333,0.25,0.6666666666666666,0.3333333333333333,0.0,0.0,0,0,0.0,2307.88,1,0,0.0,8005.8,4,0,0.0,32745.77,6,0,0.0,0
LGS2ORD0039371,C015285,2025-11-08 19:00:00,Female,18,Silver,Shopee,Chiang Mai,1723,CallCenter,Bank_Transfer,19,11,5,1,<20,57.43333333333333,3.0,1.0,0.3333333333333333,184,161,2871.3700000000003,0.25,0.3333333333333333,0.6666666666666666,0.0,0.0,0,0,0.0,0.0,0,0,0.0,0.0,0,0,0.0,8614.11,3,1,0.3333333333333333,0
LGS2ORD0039372,C011824,2025-11-08 19:00:00,Male,44,Bronze,Shopee,Nakhon Ratchasima,1601,TV_Show,COD,19,11,5,1,40-50,53.36666666666667,7.0,4.0,0.5714285714285714,11,19,7396.358571428572,0.28,0.5714285714285714,0.2857142857142857,0.0,0.0,0,0,0.0,1481.01,1,1,1.0,34117.090000000004,2,1,0.5,51774.51,7,4,0.5714285714285714,0
LGS2ORD0039373,C010698,2025-11-08 19:00:00,Male,44,Gold,Shopee,Chonburi,512,Web,COD,19,11,5,1,40-50,17.066666666666666,5.0,2.0,0.4,38,41,3606.708,0.33,0.8,0.6,0.0,0.0,0,0,0.0,0.0,0,0,0.0,5911.09,2,1,0.5,18033.54,5,2,0.4,0
LGS2ORD0039374,C010093,2025-11-08 19:00:00,Male,20,Bronze,Web,Chonburi,551,Lazada,COD,19,11,5,1,<20,18.366666666666667,4.0,0.0,0.0,-1,185,5057.69,0.03,0.75,0.0,0.0,0.0,0,0,0.0,0.0,0,0,0.0,0.0,0,0,0.0,20230.76,4,0,0.0,1
LGS2ORD0039375,C014650,2025-11-08 20:00:00,Female,52,Bronze,Lazada,Phuket,1753,Shopee,Credit_Card,20,11,5,1,>50,58.43333333333333,6.0,4.0,0.6666666666666666,50,56,2694.4216666666666,0.23,0.5,0.16666666666666666,0.0,0.0,0,0,0.0,0.0,0,0,0.0,2849.33,1,1,1.0,16166.53,6,4,0.6666666666666666,0
LGS2ORD0039376,C010032,2025-11-08 20:00:00,Male,52,Silver,Shopee,Nakhon Ratchasima,526,Shopee,COD,20,11,5,1,>50,17.533333333333335,9.0,1.0,0.1111111111111111,220,19,5938.116666666666,0.3,0.2222222222222222,0.2222222222222222,0.0,0.0,0,0,0.0,4513.24,1,0,0.0,27282.15,3,0,0.0,53443.049999999996,9,1,0.1111111111111111,0
LGS2ORD0039377,C016645,2025-11-08 20:00:00,Male,32,Silver,Lazada,Nakhon Ratchasima,378,Lazada,COD,20,11,5,1,30-40,12.6,0.0,0.0,0.0,-1,-1,0.0,0.0,0.0,0.0,0.0,0.0,0,0,0.0,0.0,0,0,0.0,0.0,0,0,0.0,0.0,0,0,0.0,0
LGS2ORD0039378,C016348,2025-11-08 20:00:00,Female,60,Gold,TV,Phuket,1312,TV_Show,COD,20,11,5,1,>50,43.733333333333334,4.0,0.0,0.0,-1,175,5925.13,0.33,0.25,0.5,0.0,0.0,0,0,0.0,0.0,0,0,0.0,0.0,0,0,0.0,23700.52,4,0,0.0,0
LGS2ORD0039379,C014898,2025-11-08 20:00:00,Female,30,Bronze,TV,Bangkok,908,Lazada,COD,20,11,5,1,20-30,30.266666666666666,6.0,3.0,0.5,43,15,4343.8966666666665,0.28,0.5,0.3333333333333333,0.0,0.0,0,0,0.0,3408.67,1,0,0.0,3877.1800000000003,2,1,0.5,26063.379999999997,6,3,0.5,0
LGS2ORD0039380,C016123,2025-11-08 21:00:00,Male,33,Bronze,TV,Bangkok,560,Lazada,Credit_Card,21,11,5,1,30-40,18.666666666666668,4.0,1.0,0.25,87,40,9409.7625,0.28,0.5,0.5,0.0,0.0,0,0,0.0,0.0,0,0,0.0,5130.66,1,0,0.0,37639.05,4,1,0.25,1
LGS2ORD0039381,C012015,2025-11-08 21:00:00,Male,57,Bronze,CallCenter,Phuket,1350,TV_Show,Credit_Card,21,11,5,1,>50,45.0,10.0,3.0,0.3,112,15,4696.304,0.28,0.9,0.3,0.0,0.0,0,0,0.0,1646.41,1,0,0.0,3623.42,2,0,0.0,46963.04,10,3,0.3,0
LGS2ORD0039382,C013134,2025-11-08 21:00:00,Female,64,Bronze,TV,Remote_Area,1251,Lazada,Credit_Card,21,11,5,1,>50,41.7,3.0,0.0,0.0,-1,67,7561.786666666667,0.18,0.6666666666666666,0.0,0.0,0.0,0,0,0.0,0.0,0,0,0.0,18759.879999999997,2,0,0.0,22685.36,3,0,0.0,0
LGS2ORD0039383,C015735,2025-11-08 21:00:00,Female,37,Bronze,TV,Nakhon Ratchasima,1708,Shopee,Bank_Transfer,21,11,5,1,30-40,56.93333333333333,5.0,2.0,0.4,-2,7,5034.514,0.23,0.8,0.2,0.0,0.0,0,0,0.0,5196.9800000000005,2,1,0.5,5196.9800000000005,2,1,0.5,25172.57,5,2,0.4,0
LGS2ORD0039384,C012529,2025-11-08 21:00:00,Female,51,Silver,TV,Remote_Area,1708,TV_Show,COD,21,11,5,1,>50,56.93333333333333,15.0,7.0,0.4666666666666667,2,8,8995.072666666667,0.3,0.6,0.2,0.0,0.0,0,0,0.0,55398.37,4,1,0.25,98874.2,8,3,0.375,134926.09,15,7,0.4666666666666667,0
LGS2ORD0039385,C017990,2025-11-08 21:00:00,Male,36,Bronze,Shopee,Bangkok,1704,Lazada,COD,21,11,5,1,30-40,56.8,10.0,1.0,0.1,-1,2,6206.347000000001,0.28,0.7,0.1,0.0,1026.9,1,1,1.0,3735.3700000000003,3,1,0.3333333333333333,7851.66,4,1,0.25,62063.47000000001,10,1,0.1,1
LGS2ORD0039386,C017955,2025-11-08 22:00:00,Female,39,Platinum,Shopee,Songkhla,1524,TV_Show,Bank_Transfer,22,11,5,1,30-40,50.8,3.0,1.0,0.3333333333333333,245,206,2749.5333333333333,0.35,0.3333333333333333,0.6666666666666666,0.0,0.0,0,0,0.0,0.0,0,0,0.0,0.0,0,0,0.0,8248.6,3,1,0.3333333333333333,0
LGS2ORD0039387,C010581,2025-11-08 22:00:00,Male,41,Platinum,Lazada,Chiang Mai,887,Shopee,Credit_Card,22,11,5,1,40-50,29.566666666666666,6.0,0.0,0.0,-1,86,5919.753333333334,0.35,0.3333333333333333,0.16666666666666666,0.0,0.0,0,0,0.0,0.0,0,0,0.0,7623.98,1,0,0.0,35518.520000000004,6,0,0.0,0
LGS2ORD0039388,C014661,2025-11-08 22:00:00,Male,48,Silver,Shopee,Nakhon Ratchasima,1547,TV_Show,COD,22,11,5,1,40-50,51.56666666666667,6.0,1.0,0.16666666666666666,60,10,7769.641666666666,0.2,0.6666666666666666,0.0,0.0,0.0,0,0,0.0,22809.71,1,0,0.0,24861.53,2,1,0.5,46617.85,6,1,0.16666666666666666,0
LGS2ORD0039389,C015660,2025-11-08 22:00:00,Male,33,Bronze,TV,Remote_Area,384,TV_Show,PromptPay,22,11,5,1,30-40,12.8,5.0,1.0,0.2,169,33,5211.066,0.23,0.6,0.2,0.0,0.0,0,0,0.0,0.0,0,0,0.0,2661.27,1,0,0.0,26055.329999999998,5,1,0.2,0
LGS2ORD0039390,C015241,2025-11-08 22:00:00,Male,54,Gold,Web,Chonburi,1146,CallCenter,COD,22,11,5,1,>50,38.2,2.0,0.0,0.0,-1,94,2219.45,0.2299999999999999,0.5,0.5,0.0,0.0,0,0,0.0,0.0,0,0,0.0,0.0,0,0,0.0,4438.9,2,0,0.0,0
LGS2ORD0039391,C012574,2025-11-08 23:00:00,Male,26,Bronze,Shopee,Nakhon Ratchasima,989,Web,Credit_Card,23,11,5,1,20-30,32.96666666666667,2.0,1.0,0.5,133,131,2068.06,0.18,1.0,0.0,0.0,0.0,0,0,0.0,0.0,0,0,0.0,0.0,0,0,0.0,4136.12,2,1,0.5,1
LGS2ORD0039392,C014070,2025-11-08 23:00:00,Male,42,Bronze,CallCenter,Nakhon Ratchasima,919,CallCenter,Bank_Transfer,23,11,5,1,40-50,30.633333333333333,11.0,2.0,0.18181818181818182,47,44,3248.668181818182,0.23,0.5454545454545454,0.2727272727272727,0.0,0.0,0,0,0.0,0.0,0,0,0.0,10856.3,2,1,0.5,35735.35,11,2,0.18181818181818182,1
LGS2ORD0039393,C013846,2025-11-08 23:00:00,Male,52,Gold,TV,Nakhon Ratchasima,1588,Shopee,Credit_Card,23,11,5,1,>50,52.93333333333333,6.0,1.0,0.16666666666666666,268,15,7919.386666666665,0.33,0.5,0.6666666666666666,0.0,0.0,0,0,0.0,4598.24,1,0,0.0,14558.02,2,0,0.0,47516.31999999999,6,1,0.16666666666666666,0
LGS2ORD0039394,C015760,2025-11-08 23:00:00,Male,60,Bronze,CallCenter,Khon Kaen,385,TV_Show,COD,23,11,5,1,>50,12.833333333333334,7.0,0.0,0.0,-1,56,5601.781428571428,0.28,0.42857142857142855,0.2857142857142857,0.0,0.0,0,0,0.0,0.0,0,0,0.0,1518.99,1,0,0.0,39212.469999999994,7,0,0.0,0
LGS2ORD0039395,C017044,2025-11-08 23:00:00,Female,38,Silver,CallCenter,Chiang Mai,1305,Shopee,PromptPay,23,11,5,1,30-40,43.5,3.0,0.0,0.0,-1,0,2857.11,0.25,0.3333333333333333,0.3333333333333333,0.0,3774.83,1,0,0.0,3774.83,1,0,0.0,3774.83,1,0,0.0,8571.33,3,0,0.0,0
LGS2ORD0039396,C013933,2025-11-09 00:00:00,Other,46,Gold,Shopee,Bangkok,353,Shopee,COD,0,11,6,1,40-50,11.766666666666667,4.0,0.0,0.0,-1,40,4127.9125,0.33,0.75,0.25,0.0,0.0,0,0,0.0,0.0,0,0,0.0,3109.98,2,0,0.0,16511.65,4,0,0.0,0
LGS2ORD0039397,C017125,2025-11-09 00:00:00,Female,43,Platinum,Web,Phuket,1335,Web,Credit_Card,0,11,6,1,40-50,44.5,0.0,0.0,0.0,-1,-1,0.0,0.0,0.0,0.0,0.0,0.0,0,0,0.0,0.0,0,0,0.0,0.0,0,0,0.0,0.0,0,0,0.0,0
LGS2ORD0039398,C014183,2025-11-09 00:00:00,Female,33,Silver,Lazada,Nakhon Ratchasima,637,Lazada,Bank_Transfer,0,11,6,1,30-40,21.233333333333334,7.0,1.0,0.14285714285714285,115,22,4509.731428571429,0.2,0.42857142857142855,0.0,0.0,0.0,0,0,0.0,6646.86,1,0,0.0,10576.86,2,0,0.0,31568.120000000003,7,1,0.14285714285714285,1
LGS2ORD0039399,C011474,2025-11-09 00:00:00,Female,23,Silver,Web,Remote_Area,593,TV_Show,COD,0,11,6,1,20-30,19.766666666666666,4.0,2.0,0.5,131,9,4092.9375,0.3,0.75,0.25,0.0,0.0,0,0,0.0,4066.67,1,0,0.0,4066.67,1,0,0.0,16371.75,4,2,0.5,0
LGS2ORD0039400,C017607,2025-11-09 00:00:00,Other,32,Bronze,TV,Khon Kaen,475,Web,PromptPay,0,11,6,1,30-40,15.833333333333334,4.0,0.0,0.0,-1,65,2258.71,0.28,0.5,0.25,0.0,0.0,0,0,0.0,0.0,0,0,0.0,2715.02,1,0,0.0,9034.84,4,0,0.0,0
LGS2ORD0039401,C016522,2025-11-09 01:00:00,Female,46,Bronze,Shopee,Bangkok,1282,TV_Show,COD,1,11,6,1,40-50,42.733333333333334,9.0,3.0,0.3333333333333333,31,7,5592.158888888888,0.28,0.5555555555555556,0.1111111111111111,0.0,0.0,0,0,0.0,974.95,1,0,0.0,11030.02,3,1,0.3333333333333333,50329.42999999999,9,3,0.3333333333333333,0
LGS2ORD0039402,C012950,2025-11-09 01:00:00,Female,59,Silver,Web,Bangkok,1272,Web,COD,1,11,6,1,>50,42.4,2.0,0.0,0.0,-1,38,5089.585,0.1,0.0,0.0,0.0,0.0,0,0,0.0,0.0,0,0,0.0,5131.08,1,0,0.0,10179.17,2,0,0.0,0
LGS2ORD0039403,C011306,2025-11-09 01:00:00,Female,40,Silver,CallCenter,Bangkok,691,Shopee,Credit_Card,1,11,6,1,30-40,23.033333333333335,4.0,2.0,0.5,2,15,5126.214999999999,0.25,0.5,0.25,0.0,0.0,0,0,0.0,1205.71,1,1,1.0,1938.56,2,2,1.0,20504.859999999997,4,2,0.5,0
LGS2ORD0039404,C017563,2025-11-09 01:00:00,Other,26,Gold,Shopee,Bangkok,1162,CallCenter,COD,1,11,6,1,20-30,38.733333333333334,3.0,0.0,0.0,-1,47,2000.6133333333335,0.2299999999999999,0.6666666666666666,0.6666666666666666,0.0,0.0,0,0,0.0,0.0,0,0,0.0,3435.74,2,0,0.0,6001.84,3,0,0.0,0
LGS2ORD0039405,C011349,2025-11-09 01:00:00,Male,32,Bronze,TV,Bangkok,1527,Shopee,COD,1,11,6,1,30-40,50.9,6.0,1.0,0.16666666666666666,115,14,2571.563333333333,0.23,0.3333333333333333,0.3333333333333333,0.0,0.0,0,0,0.0,3348.47,1,0,0.0,3348.47,1,0,0.0,15429.38,6,1,0.16666666666666666,1
LGS2ORD0039406,C010062,2025-11-09 01:00:00,Male,48,Silver,TV,Remote_Area,1709,Web,COD,1,11,6,1,40-50,56.96666666666667,6.0,1.0,0.16666666666666666,103,87,5750.713333333333,0.3,0.3333333333333333,0.5,0.0,0.0,0,0,0.0,0.0,0,0,0.0,799.92,1,0,0.0,34504.28,6,1,0.16666666666666666,1
LGS2ORD0039407,C010084,2025-11-09 02:00:00,Male,28,Gold,TV,Songkhla,1314,Web,Credit_Card,2,11,6,1,20-30,43.8,5.0,2.0,0.4,127,100,4969.11,0.28,0.6,0.4,0.0,0.0,0,0,0.0,0.0,0,0,0.0,0.0,0,0,0.0,24845.55,5,2,0.4,0
LGS2ORD0039408,C013866,2025-11-09 02:00:00,Female,30,Bronze,TV,Khon Kaen,1651,Lazada,Credit_Card,2,11,6,1,20-30,55.03333333333333,7.0,1.0,0.14285714285714285,222,28,5723.927142857143,0.23,0.5714285714285714,0.14285714285714285,0.0,0.0,0,0,0.0,3910.68,1,0,0.0,3910.68,1,0,0.0,40067.49,7,1,0.14285714285714285,1
LGS2ORD0039409,C012897,2025-11-09 02:00:00,Female,52,Bronze,TV,Songkhla,654,Web,COD,2,11,6,1,>50,21.8,2.0,0.0,0.0,-1,30,4827.66,0.23,0.5,0.5,0.0,0.0,0,0,0.0,0.0,0,0,0.0,7326.21,1,0,0.0,9655.32,2,0,0.0,1
LGS2ORD0039410,C015431,2025-11-09 02:00:00,Female,34,Bronze,Lazada,Bangkok,816,TV_Show,COD,2,11,6,1,30-40,27.2,4.0,1.0,0.25,132,1,1415.6125,0.28,0.0,0.25,0.0,1551.04,1,0,0.0,1551.04,1,0,0.0,1551.04,1,0,0.0,5662.45,4,1,0.25,0
LGS2ORD0039411,C015816,2025-11-09 02:00:00,Female,32,Gold,Shopee,Phuket,1463,Web,Bank_Transfer,2,11,6,1,30-40,48.766666666666666,1.0,0.0,0.0,-1,20,2863.66,0.13,0.0,0.0,0.0,0.0,0,0,0.0,2863.66,1,0,0.0,2863.66,1,0,0.0,2863.66,1,0,0.0,1
LGS2ORD0039412,C014490,2025-11-09 03:00:00,Female,33,Gold,Web,Remote_Area,626,Shopee,COD,3,11,6,1,30-40,20.866666666666667,4.0,2.0,0.5,0,2,6675.2175,0.13,0.75,0.0,0.0,7901.98,1,1,1.0,7901.98,1,1,1.0,7901.98,1,1,1.0,26700.87,4,2,0.5,1
LGS2ORD0039413,C015067,2025-11-09 03:00:00,Male,50,Bronze,Web,Remote_Area,1385,Shopee,Credit_Card,3,11,6,1,40-50,46.166666666666664,9.0,4.0,0.4444444444444444,31,42,5970.831111111111,0.23,0.4444444444444444,0.2222222222222222,0.0,0.0,0,0,0.0,0.0,0,0,0.0,16377.83,2,1,0.5,53737.479999999996,9,4,0.4444444444444444,0
LGS2ORD0039414,C014482,2025-11-09 03:00:00,Female,55,Bronze,Web,Songkhla,556,Lazada,PromptPay,3,11,6,1,>50,18.533333333333335,9.0,4.0,0.4444444444444444,79,91,2548.818888888889,0.28,0.7777777777777778,0.4444444444444444,0.0,0.0,0,0,0.0,0.0,0,0,0.0,0.0,0,0,0.0,22939.37,9,4,0.4444444444444444,0
LGS2ORD0039415,C016189,2025-11-09 03:00:00,Female,48,Bronze,Lazada,Phuket,1683,Web,Credit_Card,3,11,6,1,40-50,56.1,7.0,3.0,0.42857142857142855,48,56,5634.621428571429,0.18,0.5714285714285714,0.0,0.0,0.0,0,0,0.0,0.0,0,0,0.0,444.99,1,1,1.0,39442.35,7,3,0.42857142857142855,0
LGS2ORD0039416,C012397,2025-11-09 03:00:00,Male,49,Bronze,TV,Nakhon Ratchasima,1441,CallCenter,COD,3,11,6,1,40-50,48.03333333333333,6.0,1.0,0.16666666666666666,242,9,5474.259999999999,0.23,0.5,0.3333333333333333,0.0,0.0,0,0,0.0,940.09,1,0,0.0,940.09,1,0,0.0,32845.56,6,1,0.16666666666666666,0
LGS2ORD0039417,C012176,2025-11-09 04:00:00,Male,35,Silver,Web,Khon Kaen,1743,Lazada,COD,4,11,6,1,30-40,58.1,4.0,1.0,0.25,228,98,3023.1225,0.3,0.75,0.5,0.0,0.0,0,0,0.0,0.0,0,0,0.0,0.0,0,0,0.0,12092.49,4,1,0.25,0
LGS2ORD0039418,C014272,2025-11-09 04:00:00,Male,42,Silver,Lazada,Chiang Mai,438,CallCenter,COD,4,11,6,1,40-50,14.6,6.0,2.0,0.3333333333333333,52,63,4579.231666666667,0.3,0.5,0.16666666666666666,0.0,0.0,0,0,0.0,0.0,0,0,0.0,12864.57,2,1,0.5,27475.39,6,2,0.3333333333333333,0
LGS2ORD0039419,C013055,2025-11-09 04:00:00,Female,27,Gold,Shopee,Chiang Mai,1142,Web,COD,4,11,6,1,20-30,38.06666666666667,3.0,0.0,0.0,-1,232,2819.816666666666,0.28,0.3333333333333333,0.3333333333333333,0.0,0.0,0,0,0.0,0.0,0,0,0.0,0.0,0,0,0.0,8459.449999999999,3,0,0.0,0
LGS2ORD0039420,C011203,2025-11-09 04:00:00,Female,46,Bronze,TV,Songkhla,1482,Web,Bank_Transfer,4,11,6,1,40-50,49.4,5.0,3.0,0.6,151,8,8019.656,0.23,0.8,0.2,0.0,0.0,0,0,0.0,27155.99,1,0,0.0,27155.99,1,0,0.0,40098.28,5,3,0.6,0
LGS2ORD0039421,C013711,2025-11-09 04:00:00,Female,39,Bronze,TV,Remote_Area,1517,Lazada,COD,4,11,6,1,30-40,50.56666666666667,9.0,3.0,0.3333333333333333,0,8,9769.594444444445,0.28,0.5555555555555556,0.3333333333333333,0.0,0.0,0,0,0.0,26734.19,2,1,0.5,82669.01000000001,6,3,0.5,87926.35,9,3,0.3333333333333333,0
LGS2ORD0039422,C012118,2025-11-09 05:00:00,Male,51,Silver,Shopee,Chiang Mai,1168,Shopee,Credit_Card,5,11,6,1,>50,38.93333333333333,3.0,0.0,0.0,-1,77,6698.346666666667,0.25,0.3333333333333333,0.3333333333333333,0.0,0.0,0,0,0.0,0.0,0,0,0.0,15004.18,1,0,0.0,20095.04,3,0,0.0,0
LGS2ORD0039423,C016275,2025-11-09 05:00:00,Male,38,Silver,Web,Songkhla,1171,Web,Credit_Card,5,11,6,1,30-40,39.03333333333333,7.0,4.0,0.5714285714285714,16,29,4741.400000000001,0.25,0.42857142857142855,0.14285714285714285,0.0,0.0,0,0,0.0,1942.28,1,1,1.0,1942.28,1,1,1.0,33189.8,7,4,0.5714285714285714,0
LGS2ORD0039424,C011766,2025-11-09 05:00:00,Female,32,Silver,TV,Remote_Area,1577,Web,Bank_Transfer,5,11,6,1,30-40,52.56666666666667,7.0,2.0,0.2857142857142857,3,15,5416.92,0.3,0.42857142857142855,0.5714285714285714,0.0,0.0,0,0,0.0,2411.69,1,1,1.0,21889.579999999998,2,1,0.5,37918.44,7,2,0.2857142857142857,1
LGS2ORD0039425,C015777,2025-11-09 05:00:00,Male,48,Bronze,TV,Khon Kaen,1121,CallCenter,COD,5,11,6,1,40-50,37.36666666666667,5.0,2.0,0.4,31,29,4422.842,0.28,0.8,0.6,0.0,0.0,0,0,0.0,2209.76,1,0,0.0,5137.3,3,1,0.3333333333333333,22114.21,5,2,0.4,0
LGS2ORD0039426,C015449,2025-11-09 05:00:00,Female,44,Gold,Web,Chonburi,1280,Lazada,COD,5,11,6,1,40-50,42.666666666666664,2.0,1.0,0.5,139,151,1741.725,0.2299999999999999,1.0,0.5,0.0,0.0,0,0,0.0,0.0,0,0,0.0,0.0,0,0,0.0,3483.45,2,1,0.5,1
LGS2ORD0039427,C013478,2025-11-09 05:00:00,Male,32,Bronze,Lazada,Bangkok,1120,TV_Show,COD,5,11,6,1,30-40,37.333333333333336,6.0,1.0,0.16666666666666666,196,11,3739.8933333333334,0.13,0.5,0.0,0.0,0.0,0,0,0.0,1898.27,2,0,0.0,1898.27,2,0,0.0,22439.36,6,1,0.16666666666666666,1
LGS2ORD0039428,C017484,2025-11-09 06:00:00,Female,51,Silver,TV,Chonburi,376,Shopee,COD,6,11,6,1,>50,12.533333333333333,6.0,0.0,0.0,-1,78,10327.980000000001,0.2,0.8333333333333334,0.0,0.0,0.0,0,0,0.0,0.0,0,0,0.0,20372.5,1,0,0.0,61967.880000000005,6,0,0.0,0
LGS2ORD0039429,C013475,2025-11-09 06:00:00,Male,46,Silver,Shopee,Khon Kaen,1151,TV_Show,COD,6,11,6,1,40-50,38.36666666666667,4.0,1.0,0.25,102,114,4546.71,0.25,0.5,0.25,0.0,0.0,0,0,0.0,0.0,0,0,0.0,0.0,0,0,0.0,18186.84,4,1,0.25,0
LGS2ORD0039430,C012486,2025-11-09 06:00:00,Male,56,Platinum,Lazada,Bangkok,495,Web,COD,6,11,6,1,>50,16.5,5.0,0.0,0.0,-1,5,4043.3979999999997,0.2,0.6,0.0,0.0,11276.67,1,0,0.0,11276.67,1,0,0.0,15723.26,2,0,0.0,20216.989999999998,5,0,0.0,1
LGS2ORD0039431,C011770,2025-11-09 06:00:00,Female,37,Bronze,Shopee,Bangkok,930,Web,COD,6,11,6,1,30-40,31.0,3.0,1.0,0.3333333333333333,253,67,3435.396666666667,0.18,1.0,0.0,0.0,0.0,0,0,0.0,0.0,0,0,0.0,478.66,1,0,0.0,10306.19,3,1,0.3333333333333333,1
LGS2ORD0039432,C015763,2025-11-09 06:00:00,Male,39,Silver,TV,Nakhon Ratchasima,411,Shopee,PromptPay,6,11,6,1,30-40,13.7,4.0,1.0,0.25,6,6,1775.69,0.3,0.5,0.5,0.0,832.6,1,0,0.0,1742.68,2,1,0.5,1742.68,2,1,0.5,7102.76,4,1,0.25,1
LGS2ORD0039433,C016070,2025-11-09 07:00:00,Male,43,Bronze,Shopee,Bangkok,1556,Web,COD,7,11,6,1,40-50,51.86666666666667,9.0,2.0,0.2222222222222222,94,13,5874.412222222222,0.23,0.5555555555555556,0.3333333333333333,0.0,0.0,0,0,0.0,1067.43,1,0,0.0,2519.37,2,0,0.0,52869.71,9,2,0.2222222222222222,0
LGS2ORD0039434,C012633,2025-11-09 07:00:00,Female,45,Silver,CallCenter,Songkhla,417,Lazada,COD,7,11,6,1,40-50,13.9,9.0,3.0,0.3333333333333333,67,73,3254.0566666666664,0.3,0.5555555555555556,0.4444444444444444,0.0,0.0,0,0,0.0,0.0,0,0,0.0,7749.73,2,1,0.5,29286.51,9,3,0.3333333333333333,0
LGS2ORD0039435,C011274,2025-11-09 07:00:00,Male,54,Silver,TV,Phuket,678,Lazada,COD,7,11,6,1,>50,22.6,6.0,3.0,0.5,26,29,5372.525000000001,0.25,0.6666666666666666,0.3333333333333333,0.0,0.0,0,0,0.0,2007.32,1,1,1.0,4388.41,3,1,0.3333333333333333,32235.15,6,3,0.5,0
LGS2ORD0039436,C011969,2025-11-09 07:00:00,Female,32,Bronze,TV,Bangkok,1718,Web,Credit_Card,7,11,6,1,30-40,57.266666666666666,11.0,2.0,0.18181818181818182,204,25,3303.206363636364,0.23,0.36363636363636365,0.36363636363636365,0.0,0.0,0,0,0.0,980.23,1,0,0.0,11256.96,4,0,0.0,36335.270000000004,11,2,0.18181818181818182,0
LGS2ORD0039437,C016536,2025-11-09 07:00:00,Male,49,Bronze,TV,Remote_Area,926,CallCenter,COD,7,11,6,1,40-50,30.866666666666667,4.0,1.0,0.25,264,42,13251.635,0.18,0.5,0.0,0.0,0.0,0,0,0.0,0.0,0,0,0.0,19083.32,1,0,0.0,53006.54,4,1,0.25,0
LGS2ORD0039438,C015803,2025-11-09 08:00:00,Male,39,Gold,Shopee,Bangkok,1557,Web,Credit_Card,8,11,6,1,30-40,51.9,7.0,1.0,0.14285714285714285,83,38,4494.667142857143,0.28,0.5714285714285714,0.42857142857142855,0.0,0.0,0,0,0.0,0.0,0,0,0.0,11221.1,4,1,0.25,31462.67,7,1,0.14285714285714285,0
LGS2ORD0039439,C017660,2025-11-09 08:00:00,Male,42,Gold,Lazada,Nakhon Ratchasima,413,TV_Show,COD,8,11,6,1,40-50,13.766666666666667,3.0,0.0,0.0,-1,64,6125.143333333333,0.28,0.0,0.3333333333333333,0.0,0.0,0,0,0.0,0.0,0,0,0.0,2931.14,1,0,0.0,18375.43,3,0,0.0,1
LGS2ORD0039440,C011143,2025-11-09 08:00:00,Male,55,Gold,Shopee,Nakhon Ratchasima,977,Lazada,COD,8,11,6,1,>50,32.56666666666667,7.0,1.0,0.14285714285714285,139,65,5776.04,0.28,0.2857142857142857,0.2857142857142857,0.0,0.0,0,0,0.0,0.0,0,0,0.0,922.39,1,0,0.0,40432.28,7,1,0.14285714285714285,0
LGS2ORD0039441,C013577,2025-11-09 08:00:00,Male,51,Bronze,TV,Chiang Mai,876,Shopee,COD,8,11,6,1,>50,29.2,6.0,3.0,0.5,103,24,7839.52,0.28,0.5,0.16666666666666666,0.0,0.0,0,0,0.0,7041.93,1,0,0.0,8705.220000000001,2,0,0.0,47037.12,6,3,0.5,1
LGS2ORD0039442,C017500,2025-11-09 08:00:00,Female,62,Bronze,TV,Bangkok,874,Web,COD,8,11,6,1,>50,29.133333333333333,4.0,0.0,0.0,-1,33,6715.257500000001,0.28,0.5,0.25,0.0,0.0,0,0,0.0,0.0,0,0,0.0,17812.55,2,0,0.0,26861.030000000002,4,0,0.0,0
LGS2ORD0039443,C013770,2025-11-09 08:00:00,Male,46,Bronze,Shopee,Bangkok,1590,CallCenter,Credit_Card,8,11,6,1,40-50,53.0,2.0,1.0,0.5,224,98,4792.43,0.28,0.5,0.5,0.0,0.0,0,0,0.0,0.0,0,0,0.0,0.0,0,0,0.0,9584.86,2,1,0.5,0
LGS2ORD0039444,C012517,2025-11-09 09:00:00,Female,38,Bronze,CallCenter,Nakhon Ratchasima,507,Shopee,Bank_Transfer,9,11,6,1,30-40,16.9,3.0,1.0,0.3333333333333333,115,95,4662.613333333334,0.23,0.3333333333333333,0.3333333333333333,0.0,0.0,0,0,0.0,0.0,0,0,0.0,0.0,0,0,0.0,13987.84,3,1,0.3333333333333333,0
LGS2ORD0039445,C011308,2025-11-09 09:00:00,Female,34,Bronze,Web,Bangkok,1333,Shopee,COD,9,11,6,1,30-40,44.43333333333333,4.0,0.0,0.0,-1,39,9771.070000000002,0.18,0.5,0.0,0.0,0.0,0,0,0.0,0.0,0,0,0.0,24993.29,3,0,0.0,39084.280000000006,4,0,0.0,0
LGS2ORD0039446,C015976,2025-11-09 09:00:00,Female,40,Bronze,CallCenter,Khon Kaen,695,Web,PromptPay,9,11,6,1,30-40,23.166666666666668,4.0,1.0,0.25,64,13,1232.605,0.23,0.5,0.5,0.0,0.0,0,0,0.0,1398.6,1,0,0.0,1975.96,2,1,0.5,4930.42,4,1,0.25,0
LGS2ORD0039447,C015404,2025-11-09 09:00:00,Female,60,Bronze,Shopee,Songkhla,1240,Web,COD,9,11,6,1,>50,41.333333333333336,13.0,6.0,0.46153846153846156,43,46,5213.474615384615,0.28,0.6923076923076923,0.23076923076923078,0.0,0.0,0,0,0.0,0.0,0,0,0.0,12995.5,3,3,1.0,67775.17,13,6,0.46153846153846156,1
LGS2ORD0039448,C010619,2025-11-09 09:00:00,Male,44,Silver,Web,Bangkok,1326,CallCenter,COD,9,11,6,1,40-50,44.2,4.0,0.0,0.0,-1,70,3449.2,0.3,0.25,0.5,0.0,0.0,0,0,0.0,0.0,0,0,0.0,2052.56,1,0,0.0,13796.8,4,0,0.0,0
LGS2ORD0039449,C017842,2025-11-09 10:00:00,Male,20,Silver,Shopee,Bangkok,448,Shopee,COD,10,11,6,1,<20,14.933333333333334,4.0,0.0,0.0,-1,56,6673.93,0.3,0.75,0.25,0.0,0.0,0,0,0.0,0.0,0,0,0.0,14131.32,1,0,0.0,26695.72,4,0,0.0,0
LGS2ORD0039450,C011662,2025-11-09 10:00:00,Other,37,Bronze,Shopee,Chonburi,540,CallCenter,COD,10,11,6,1,30-40,18.0,8.0,1.0,0.125,209,10,5565.272499999999,0.18,0.625,0.0,0.0,0.0,0,0,0.0,4263.45,1,0,0.0,23829.27,4,0,0.0,44522.17999999999,8,1,0.125,0
LGS2ORD0039451,C011268,2025-11-09 10:00:00,Female,43,Gold,Lazada,Khon Kaen,1660,Web,Credit_Card,10,11,6,1,40-50,55.333333333333336,7.0,1.0,0.14285714285714285,176,117,3424.7999999999997,0.28,0.5714285714285714,0.8571428571428571,0.0,0.0,0,0,0.0,0.0,0,0,0.0,0.0,0,0,0.0,23973.6,7,1,0.14285714285714285,0
LGS2ORD0039452,C016162,2025-11-09 10:00:00,Male,32,Silver,Lazada,Bangkok,978,Shopee,Credit_Card,10,11,6,1,30-40,32.6,3.0,1.0,0.3333333333333333,291,153,4464.080000000001,0.25,0.6666666666666666,0.3333333333333333,0.0,0.0,0,0,0.0,0.0,0,0,0.0,0.0,0,0,0.0,13392.240000000002,3,1,0.3333333333333333,1
LGS2ORD0039453,C015097,2025-11-09 10:00:00,Male,46,Silver,Web,Bangkok,638,CallCenter,Bank_Transfer,10,11,6,1,40-50,21.266666666666666,9.0,5.0,0.5555555555555556,-4,6,6735.272222222222,0.25,0.6666666666666666,0.3333333333333333,0.0,2726.53,1,1,1.0,2726.53,1,1,1.0,9500.73,2,1,0.5,60617.45,9,5,0.5555555555555556,0
LGS2ORD0039454,C013207,2025-11-09 11:00:00,Female,68,Silver,Shopee,Bangkok,577,TV_Show,PromptPay,11,11,6,1,>50,19.233333333333334,4.0,1.0,0.25,273,96,6703.307500000001,0.3,0.5,0.75,0.0,0.0,0,0,0.0,0.0,0,0,0.0,0.0,0,0,0.0,26813.230000000003,4,1,0.25,0
LGS2ORD0039455,C010650,2025-11-09 11:00:00,Female,63,Gold,Lazada,Phuket,1524,TV_Show,Bank_Transfer,11,11,6,1,>50,50.8,8.0,2.0,0.25,90,37,5569.55625,0.28,0.5,0.25,0.0,0.0,0,0,0.0,0.0,0,0,0.0,8058.969999999999,2,0,0.0,44556.45,8,2,0.25,1
LGS2ORD0039456,C013694,2025-11-09 11:00:00,Female,42,Gold,Lazada,Khon Kaen,1259,TV_Show,Credit_Card,11,11,6,1,40-50,41.96666666666667,5.0,1.0,0.2,271,24,11197.694,0.33,0.4,0.4,0.0,0.0,0,0,0.0,6242.1,1,0,0.0,8055.17,3,0,0.0,55988.47,5,1,0.2,0
LGS2ORD0039457,C017046,2025-11-09 11:00:00,Female,51,Platinum,Shopee,Bangkok,1753,TV_Show,PromptPay,11,11,6,1,>50,58.43333333333333,1.0,0.0,0.0,-1,47,3401.05,0.3,1.0,1.0,0.0,0.0,0,0,0.0,0.0,0,0,0.0,3401.05,1,0,0.0,3401.05,1,0,0.0,0
LGS2ORD0039458,C013126,2025-11-09 11:00:00,Male,18,Silver,CallCenter,Chiang Mai,688,Lazada,COD,11,11,6,1,<20,22.933333333333334,3.0,1.0,0.3333333333333333,302,63,11016.270000000002,0.3,0.3333333333333333,0.3333333333333333,0.0,0.0,0,0,0.0,0.0,0,0,0.0,8257.87,1,0,0.0,33048.810000000005,3,1,0.3333333333333333,0
LGS2ORD0039459,C014562,2025-11-09 12:00:00,Female,67,Silver,TV,Nakhon Ratchasima,1400,Lazada,Credit_Card,12,11,6,1,>50,46.666666666666664,9.0,0.0,0.0,-1,39,4768.086666666667,0.25,0.5555555555555556,0.1111111111111111,0.0,0.0,0,0,0.0,0.0,0,0,0.0,4522.47,2,0,0.0,42912.780000000006,9,0,0.0,0
LGS2ORD0039460,C011364,2025-11-09 12:00:00,Male,44,Silver,Web,Khon Kaen,1689,TV_Show,PromptPay,12,11,6,1,40-50,56.3,8.0,0.0,0.0,-1,38,5893.905,0.25,0.625,0.125,0.0,0.0,0,0,0.0,0.0,0,0,0.0,10562.08,1,0,0.0,47151.24,8,0,0.0,0
LGS2ORD0039461,C010639,2025-11-09 12:00:00,Female,59,Bronze,Lazada,Bangkok,353,Shopee,Credit_Card,12,11,6,1,>50,11.766666666666667,2.0,1.0,0.5,199,84,11069.744999999999,0.28,0.5,1.0,0.0,0.0,0,0,0.0,0.0,0,0,0.0,8713.41,1,0,0.0,22139.489999999998,2,1,0.5,1
LGS2ORD0039462,C010531,2025-11-09 12:00:00,Male,42,Bronze,Shopee,Bangkok,1688,Lazada,COD,12,11,6,1,40-50,56.266666666666666,10.0,1.0,0.1,290,5,7640.181999999999,0.28,0.7,0.2,0.0,4928.5,1,0,0.0,4928.5,1,0,0.0,4928.5,1,0,0.0,76401.81999999999,10,1,0.1,0
LGS2ORD0039463,C016769,2025-11-09 12:00:00,Female,44,Platinum,Shopee,Chonburi,630,Lazada,Credit_Card,12,11,6,1,40-50,21.0,2.0,0.0,0.0,-1,99,12171.035,0.35,0.5,1.0,0.0,0.0,0,0,0.0,0.0,0,0,0.0,0.0,0,0,0.0,24342.07,2,0,0.0,0
LGS2ORD0039464,C012142,2025-11-09 12:00:00,Male,40,Silver,Web,Phuket,555,TV_Show,COD,12,11,6,1,30-40,18.5,5.0,3.0,0.6,70,79,2756.6719999999996,0.2,0.2,0.0,0.0,0.0,0,0,0.0,0.0,0,0,0.0,1015.81,1,1,1.0,13783.359999999999,5,3,0.6,0
LGS2ORD0039465,C011055,2025-11-09 13:00:00,Male,18,Bronze,Web,Remote_Area,1653,Web,COD,13,11,6,1,<20,55.1,4.0,2.0,0.5,117,43,16804.370000000003,0.18,0.75,0.0,0.0,0.0,0,0,0.0,0.0,0,0,0.0,45944.44,1,0,0.0,67217.48000000001,4,2,0.5,0
LGS2ORD0039466,C016787,2025-11-09 13:00:00,Male,43,Bronze,TV,Nakhon Ratchasima,1635,Shopee,COD,13,11,6,1,40-50,54.5,7.0,1.0,0.14285714285714285,85,29,2704.7942857142853,0.23,0.5714285714285714,0.14285714285714285,0.0,0.0,0,0,0.0,929.17,1,0,0.0,929.17,1,0,0.0,18933.559999999998,7,1,0.14285714285714285,0
LGS2ORD0039467,C011861,2025-11-09 13:00:00,Male,18,Silver,Lazada,Chiang Mai,1571,Web,COD,13,11,6,1,<20,52.36666666666667,3.0,1.0,0.3333333333333333,33,44,1964.2699999999998,0.2,0.0,0.0,0.0,0.0,0,0,0.0,0.0,0,0,0.0,1864.25,1,1,1.0,5892.8099999999995,3,1,0.3333333333333333,0
LGS2ORD0039468,C017505,2025-11-09 13:00:00,Female,27,Bronze,Web,Khon Kaen,731,Web,COD,13,11,6,1,20-30,24.366666666666667,3.0,0.0,0.0,-1,33,3816.9266666666667,0.28,0.6666666666666666,0.3333333333333333,0.0,0.0,0,0,0.0,0.0,0,0,0.0,2179.41,1,0,0.0,11450.78,3,0,0.0,0
LGS2ORD0039469,C014974,2025-11-09 13:00:00,Male,52,Silver,Shopee,Phuket,1164,Lazada,COD,13,11,6,1,>50,38.8,7.0,5.0,0.7142857142857143,30,3,2813.4757142857147,0.25,0.5714285714285714,0.2857142857142857,0.0,2149.62,1,0,0.0,2149.62,1,0,0.0,3444.16,2,1,0.5,19694.33,7,5,0.7142857142857143,1
LGS2ORD0039470,C014586,2025-11-09 14:00:00,Other,50,Bronze,TV,Songkhla,526,Lazada,COD,14,11,6,1,40-50,17.533333333333335,4.0,1.0,0.25,246,146,7547.9800000000005,0.23,0.5,0.75,0.0,0.0,0,0,0.0,0.0,0,0,0.0,0.0,0,0,0.0,30191.920000000002,4,1,0.25,1
LGS2ORD0039471,C017362,2025-11-09 14:00:00,Female,39,Gold,CallCenter,Bangkok,1451,Shopee,Credit_Card,14,11,6,1,30-40,48.36666666666667,6.0,0.0,0.0,-1,6,11342.625,0.28,0.3333333333333333,0.3333333333333333,0.0,25417.05,1,0,0.0,25417.05,1,0,0.0,38398.19,3,0,0.0,68055.75,6,0,0.0,0
LGS2ORD0039472,C016914,2025-11-09 14:00:00,Female,39,Bronze,Shopee,Phuket,1625,Web,COD,14,11,6,1,30-40,54.166666666666664,14.0,7.0,0.5,-14,3,6357.3435714285715,0.28,0.6428571428571429,0.14285714285714285,0.0,1890.92,1,1,1.0,3724.58,2,2,1.0,7519.950000000001,4,3,0.75,89002.81,14,7,0.5,1
LGS2ORD0039473,C017348,2025-11-09 14:00:00,Male,27,Bronze,TV,Phuket,1662,Shopee,COD,14,11,6,1,20-30,55.4,5.0,1.0,0.2,146,149,12663.757999999998,0.23,0.8,0.2,0.0,0.0,0,0,0.0,0.0,0,0,0.0,0.0,0,0,0.0,63318.78999999999,5,1,0.2,0
LGS2ORD0039474,C012937,2025-11-09 14:00:00,Male,24,Bronze,CallCenter,Remote_Area,340,TV_Show,COD,14,11,6,1,20-30,11.333333333333334,2.0,0.0,0.0,-1,87,21636.555,0.23,0.5,0.5,0.0,0.0,0,0,0.0,0.0,0,0,0.0,35546.96,1,0,0.0,43273.11,2,0,0.0,0
LGS2ORD0039475,C013245,2025-11-09 15:00:00,Male,43,Bronze,TV,Songkhla,1456,TV_Show,Credit_Card,15,11,6,1,40-50,48.53333333333333,5.0,3.0,0.6,102,92,3558.014,0.23,1.0,0.2,0.0,0.0,0,0,0.0,0.0,0,0,0.0,0.0,0,0,0.0,17790.07,5,3,0.6,0
LGS2ORD0039476,C015125,2025-11-09 15:00:00,Female,44,Bronze,Web,Nakhon Ratchasima,328,Web,COD,15,11,6,1,40-50,10.933333333333334,3.0,0.0,0.0,-1,122,3278.396666666667,0.23,0.3333333333333333,0.3333333333333333,0.0,0.0,0,0,0.0,0.0,0,0,0.0,0.0,0,0,0.0,9835.19,3,0,0.0,1
LGS2ORD0039477,C016224,2025-11-09 15:00:00,Female,46,Platinum,CallCenter,Songkhla,1101,Lazada,COD,15,11,6,1,40-50,36.7,1.0,1.0,1.0,167,173,1379.62,0.15,1.0,0.0,0.0,0.0,0,0,0.0,0.0,0,0,0.0,0.0,0,0,0.0,1379.62,1,1,1.0,0
LGS2ORD0039478,C017781,2025-11-09 15:00:00,Male,38,Platinum,Web,Khon Kaen,939,CallCenter,COD,15,11,6,1,30-40,31.3,8.0,1.0,0.125,71,5,4710.29125,0.3,0.375,0.375,0.0,19814.5,1,0,0.0,22914.36,3,0,0.0,24967.8,4,1,0.25,37682.33,8,1,0.125,0
LGS2ORD0039479,C012108,2025-11-09 15:00:00,Female,61,Gold,TV,Khon Kaen,879,CallCenter,COD,15,11,6,1,>50,29.3,4.0,1.0,0.25,51,60,4841.5650000000005,0.28,0.5,0.75,0.0,0.0,0,0,0.0,0.0,0,0,0.0,12650.75,2,1,0.5,19366.260000000002,4,1,0.25,0
LGS2ORD0039480,C015199,2025-11-09 16:00:00,Male,52,Bronze,Shopee,Bangkok,649,Web,COD,16,11,6,1,>50,21.633333333333333,8.0,1.0,0.125,146,27,4462.632500000001,0.23,0.375,0.25,0.0,0.0,0,0,0.0,4872.92,1,0,0.0,6535.25,2,0,0.0,35701.060000000005,8,1,0.125,1
LGS2ORD0039481,C011529,2025-11-09 16:00:00,Female,39,Bronze,Shopee,Chiang Mai,1610,Shopee,COD,16,11,6,1,30-40,53.666666666666664,9.0,0.0,0.0,-1,8,5787.990000000001,0.23,0.4444444444444444,0.1111111111111111,0.0,0.0,0,0,0.0,2276.23,1,0,0.0,13739.999999999998,4,0,0.0,52091.91,9,0,0.0,1
LGS2ORD0039482,C014213,2025-11-09 16:00:00,Male,50,Silver,Shopee,Chonburi,1667,Web,COD,16,11,6,1,40-50,55.56666666666667,3.0,1.0,0.3333333333333333,259,172,2977.3366666666666,0.25,0.3333333333333333,0.6666666666666666,0.0,0.0,0,0,0.0,0.0,0,0,0.0,0.0,0,0,0.0,8932.01,3,1,0.3333333333333333,1
LGS2ORD0039483,C014902,2025-11-09 16:00:00,Male,41,Silver,TV,Phuket,827,Lazada,COD,16,11,6,1,40-50,27.566666666666666,9.0,0.0,0.0,-1,61,5434.056666666667,0.3,0.2222222222222222,0.5555555555555556,0.0,0.0,0,0,0.0,0.0,0,0,0.0,13358.29,3,0,0.0,48906.51,9,0,0.0,1
LGS2ORD0039484,C015585,2025-11-09 16:00:00,Female,60,Bronze,TV,Bangkok,791,Shopee,COD,16,11,6,1,>50,26.366666666666667,7.0,2.0,0.2857142857142857,18,32,6151.145714285713,0.23,0.5714285714285714,0.14285714285714285,0.0,0.0,0,0,0.0,0.0,0,0,0.0,10355.69,3,1,0.3333333333333333,43058.02,7,2,0.2857142857142857,0
LGS2ORD0039485,C010595,2025-11-09 16:00:00,Female,62,Bronze,Web,Phuket,954,Web,PromptPay,16,11,6,1,>50,31.8,9.0,5.0,0.5555555555555556,27,5,10372.147777777778,0.23,0.5555555555555556,0.1111111111111111,0.0,3363.48,1,0,0.0,5341.92,2,0,0.0,56207.36000000001,5,2,0.4,93349.33,9,5,0.5555555555555556,1
LGS2ORD0039486,C017868,2025-11-09 17:00:00,Female,35,Silver,Web,Bangkok,847,Shopee,Credit_Card,17,11,6,1,30-40,28.233333333333334,3.0,2.0,0.6666666666666666,150,161,8459.83,0.3,1.0,0.6666666666666666,0.0,0.0,0,0,0.0,0.0,0,0,0.0,0.0,0,0,0.0,25379.49,3,2,0.6666666666666666,0
LGS2ORD0039487,C012166,2025-11-09 17:00:00,Female,64,Bronze,TV,Remote_Area,1550,Lazada,Bank_Transfer,17,11,6,1,>50,51.666666666666664,6.0,3.0,0.5,129,105,6864.406666666666,0.23,0.6666666666666666,0.16666666666666666,0.0,0.0,0,0,0.0,0.0,0,0,0.0,0.0,0,0,0.0,41186.439999999995,6,3,0.5,0
LGS2ORD0039488,C017201,2025-11-09 17:00:00,Male,23,Silver,Web,Bangkok,975,CallCenter,COD,17,11,6,1,20-30,32.5,1.0,0.0,0.0,-1,95,17779.14,0.2,1.0,0.0,0.0,0.0,0,0,0.0,0.0,0,0,0.0,0.0,0,0,0.0,17779.14,1,0,0.0,0
LGS2ORD0039489,C017233,2025-11-09 17:00:00,Female,43,Gold,Lazada,Chiang Mai,709,Shopee,COD,17,11,6,1,40-50,23.633333333333333,3.0,1.0,0.3333333333333333,280,53,6092.143333333333,0.18,0.3333333333333333,0.0,0.0,0.0,0,0,0.0,0.0,0,0,0.0,1592.7,1,0,0.0,18276.43,3,1,0.3333333333333333,0
LGS2ORD0039490,C010812,2025-11-09 17:00:00,Female,49,Bronze,Lazada,Bangkok,899,CallCenter,Credit_Card,17,11,6,1,40-50,29.966666666666665,2.0,0.0,0.0,-1,154,2916.58,0.18,0.5,0.0,0.0,0.0,0,0,0.0,0.0,0,0,0.0,0.0,0,0,0.0,5833.16,2,0,0.0,1
LGS2ORD0039491,C011641,2025-11-09 18:00:00,Male,35,Gold,Web,Chonburi,544,CallCenter,PromptPay,18,11,6,1,30-40,18.133333333333333,5.0,1.0,0.2,60,72,4055.3079999999995,0.28,0.4,0.4,0.0,0.0,0,0,0.0,0.0,0,0,0.0,2550.87,1,1,1.0,20276.539999999997,5,1,0.2,0
LGS2ORD0039492,C014594,2025-11-09 18:00:00,Female,41,Silver,CallCenter,Nakhon Ratchasima,1533,TV_Show,COD,18,11,6,1,40-50,51.1,7.0,2.0,0.2857142857142857,13,21,3868.2585714285715,0.2,0.5714285714285714,0.0,0.0,0.0,0,0,0.0,295.95,1,1,1.0,7771.72,2,1,0.5,27077.81,7,2,0.2857142857142857,0
LGS2ORD0039493,C012922,2025-11-09 18:00:00,Female,70,Bronze,TV,Bangkok,659,Web,PromptPay,18,11,6,1,>50,21.966666666666665,8.0,0.0,0.0,-1,48,3302.3687500000005,0.23,0.375,0.5,0.0,0.0,0,0,0.0,0.0,0,0,0.0,4745.81,2,0,0.0,26418.950000000004,8,0,0.0,0
LGS2ORD0039494,C014868,2025-11-09 18:00:00,Female,60,Bronze,Lazada,Bangkok,944,Lazada,Credit_Card,18,11,6,1,>50,31.466666666666665,3.0,0.0,0.0,-1,123,4982.67,0.28,0.3333333333333333,0.3333333333333333,0.0,0.0,0,0,0.0,0.0,0,0,0.0,0.0,0,0,0.0,14948.01,3,0,0.0,1
LGS2ORD0039495,C015717,2025-11-09 18:00:00,Male,18,Silver,TV,Nakhon Ratchasima,1165,CallCenter,Bank_Transfer,18,11,6,1,<20,38.833333333333336,5.0,1.0,0.2,297,2,6040.204,0.25,0.4,0.2,0.0,24526.88,1,0,0.0,24526.88,1,0,0.0,24526.88,1,0,0.0,30201.02,5,1,0.2,0
LGS2ORD0039496,C011591,2025-11-09 19:00:00,Male,38,Silver,Lazada,Khon Kaen,987,TV_Show,Bank_Transfer,19,11,6,1,30-40,32.9,3.0,0.0,0.0,-1,28,2479.7166666666667,0.2,0.6666666666666666,0.0,0.0,0.0,0,0,0.0,784.56,1,0,0.0,784.56,1,0,0.0,7439.15,3,0,0.0,0
LGS2ORD0039497,C013330,2025-11-09 19:00:00,Male,37,Gold,Shopee,Bangkok,818,Lazada,COD,19,11,6,1,30-40,27.266666666666666,3.0,0.0,0.0,-1,20,5808.486666666667,0.33,0.3333333333333333,0.3333333333333333,0.0,0.0,0,0,0.0,7938.68,1,0,0.0,7938.68,1,0,0.0,17425.46,3,0,0.0,1
LGS2ORD0039498,C010833,2025-11-09 19:00:00,Female,46,Silver,TV,Remote_Area,1486,TV_Show,Credit_Card,19,11,6,1,40-50,49.53333333333333,3.0,3.0,1.0,67,74,2840.6,0.3,1.0,0.3333333333333333,0.0,0.0,0,0,0.0,0.0,0,0,0.0,1734.54,1,1,1.0,8521.8,3,3,1.0,0
LGS2ORD0039499,C012440,2025-11-09 19:00:00,Female,48,Silver,TV,Khon Kaen,922,Shopee,COD,19,11,6,1,40-50,30.733333333333334,8.0,0.0,0.0,-1,13,3700.4837500000003,0.3,0.25,0.375,0.0,0.0,0,0,0.0,8945.47,1,0,0.0,9384.06,2,0,0.0,29603.870000000003,8,0,0.0,0
LGS2ORD0039500,C017815,2025-11-09 19:00:00,Female,55,Bronze,Shopee,Chiang Mai,1718,Shopee,COD,19,11,6,1,>50,57.266666666666666,7.0,3.0,0.42857142857142855,11,15,6305.898571428571,0.23,0.7142857142857143,0.2857142857142857,0.0,0.0,0,0,0.0,16553.98,2,1,0.5,23790.33,4,3,0.75,44141.28999999999,7,3,0.42857142857142855,0
LGS2ORD0039501,C011799,2025-11-09 20:00:00,Female,30,Bronze,Shopee,Khon Kaen,1386,Web,Credit_Card,20,11,6,1,20-30,46.2,6.0,1.0,0.16666666666666666,229,26,4864.793333333333,0.23,0.6666666666666666,0.16666666666666666,0.0,0.0,0,0,0.0,3871.12,1,0,0.0,3871.12,1,0,0.0,29188.76,6,1,0.16666666666666666,0
LGS2ORD0039502,C010600,2025-11-09 20:00:00,Female,35,Silver,Lazada,Bangkok,444,Lazada,COD,20,11,6,1,30-40,14.8,2.0,1.0,0.5,14,27,4172.335,0.2,0.5,0.0,0.0,0.0,0,0,0.0,4656.27,1,1,1.0,4656.27,1,1,1.0,8344.67,2,1,0.5,0
LGS2ORD0039503,C013936,2025-11-09 20:00:00,Female,51,Bronze,CallCenter,Songkhla,909,Shopee,COD,20,11,6,1,>50,30.3,3.0,3.0,1.0,41,47,4178.07,0.23,0.6666666666666666,0.3333333333333333,0.0,0.0,0,0,0.0,0.0,0,0,0.0,8664.35,2,2,1.0,12534.21,3,3,1.0,1
LGS2ORD0039504,C012367,2025-11-09 20:00:00,Male,42,Bronze,TV,Remote_Area,844,Web,Bank_Transfer,20,11,6,1,40-50,28.133333333333333,6.0,3.0,0.5,19,30,4493.118333333333,0.23,0.5,0.5,0.0,0.0,0,0,0.0,0.0,0,0,0.0,11606.970000000001,2,1,0.5,26958.71,6,3,0.5,0
LGS2ORD0039505,C015235,2025-11-09 20:00:00,Female,51,Bronze,Web,Phuket,691,TV_Show,Bank_Transfer,20,11,6,1,>50,23.033333333333335,5.0,2.0,0.4,140,57,3842.3360000000002,0.18,0.2,0.0,0.0,0.0,0,0,0.0,0.0,0,0,0.0,3355.87,1,0,0.0,19211.68,5,2,0.4,0
LGS2ORD0039506,C010093,2025-11-09 20:00:00,Male,20,Bronze,Web,Chonburi,552,TV_Show,COD,20,11,6,1,<20,18.4,5.0,1.0,0.2,-12,1,6960.638000000001,0.23,0.8,0.2,0.0,14572.43,1,1,1.0,14572.43,1,1,1.0,14572.43,1,1,1.0,34803.19,5,1,0.2,0
LGS2ORD0039507,C014754,2025-11-09 21:00:00,Female,63,Bronze,TV,Songkhla,1083,TV_Show,COD,21,11,6,1,>50,36.1,7.0,2.0,0.2857142857142857,94,13,4693.214285714285,0.28,0.5714285714285714,0.42857142857142855,0.0,0.0,0,0,0.0,3339.11,1,0,0.0,5439.610000000001,2,0,0.0,32852.5,7,2,0.2857142857142857,0
LGS2ORD0039508,C015680,2025-11-09 21:00:00,Male,66,Bronze,Shopee,Remote_Area,1326,Web,Bank_Transfer,21,11,6,1,>50,44.2,8.0,2.0,0.25,77,74,4673.89625,0.28,0.75,0.5,0.0,0.0,0,0,0.0,0.0,0,0,0.0,1396.18,1,0,0.0,37391.17,8,2,0.25,0
LGS2ORD0039509,C010639,2025-11-09 21:00:00,Female,59,Bronze,Lazada,Bangkok,353,TV_Show,Bank_Transfer,21,11,6,1,>50,11.766666666666667,3.0,2.0,0.6666666666666666,-16,0,7914.803333333332,0.28,0.3333333333333333,0.6666666666666666,0.0,1604.92,1,1,1.0,1604.92,1,1,1.0,10318.33,2,1,0.5,23744.409999999996,3,2,0.6666666666666666,0
LGS2ORD0039510,C010418,2025-11-09 21:00:00,Female,55,Bronze,TV,Bangkok,1190,Lazada,Credit_Card,21,11,6,1,>50,39.666666666666664,2.0,0.0,0.0,-1,281,4915.425,0.08,0.5,0.0,0.0,0.0,0,0,0.0,0.0,0,0,0.0,0.0,0,0,0.0,9830.85,2,0,0.0,0
LGS2ORD0039511,C016272,2025-11-09 21:00:00,Other,28,Bronze,Web,Chonburi,822,Lazada,COD,21,11,6,1,20-30,27.4,4.0,1.0,0.25,236,246,8017.8150000000005,0.18,0.5,0.0,0.0,0.0,0,0,0.0,0.0,0,0,0.0,0.0,0,0,0.0,32071.260000000002,4,1,0.25,0
LGS2ORD0039512,C015489,2025-11-09 22:00:00,Female,28,Gold,Web,Bangkok,471,Web,Credit_Card,22,11,6,1,20-30,15.7,4.0,1.0,0.25,273,12,5972.715,0.28,0.5,0.25,0.0,0.0,0,0,0.0,9345.81,1,0,0.0,9345.81,1,0,0.0,23890.86,4,1,0.25,0
LGS2ORD0039513,C012686,2025-11-09 22:00:00,Female,64,Bronze,CallCenter,Bangkok,1485,Shopee,COD,22,11,6,1,>50,49.5,7.0,0.0,0.0,-1,39,5260.245714285715,0.28,0.42857142857142855,0.2857142857142857,0.0,0.0,0,0,0.0,0.0,0,0,0.0,34319.19,4,0,0.0,36821.72,7,0,0.0,1
LGS2ORD0039514,C010062,2025-11-09 22:00:00,Male,48,Silver,TV,Remote_Area,1709,Lazada,COD,22,11,6,1,40-50,56.96666666666667,7.0,2.0,0.2857142857142857,-4,0,5554.679999999999,0.3,0.42857142857142855,0.42857142857142855,0.0,4378.48,1,1,1.0,4378.48,1,1,1.0,5178.4,2,1,0.5,38882.759999999995,7,2,0.2857142857142857,0
LGS2ORD0039515,C011363,2025-11-09 22:00:00,Female,43,Silver,Web,Phuket,1312,Shopee,COD,22,11,6,1,40-50,43.733333333333334,7.0,2.0,0.2857142857142857,5,18,10033.401428571427,0.2,0.42857142857142855,0.0,0.0,0.0,0,0,0.0,12439.27,2,2,1.0,13814.89,3,2,0.6666666666666666,70233.81,7,2,0.2857142857142857,0
LGS2ORD0039516,C016169,2025-11-09 22:00:00,Female,59,Bronze,TV,Bangkok,968,Lazada,Credit_Card,22,11,6,1,>50,32.266666666666666,4.0,0.0,0.0,-1,36,2856.0075,0.28,0.75,0.25,0.0,0.0,0,0,0.0,0.0,0,0,0.0,2328.66,1,0,0.0,11424.03,4,0,0.0,1
LGS2ORD0039517,C014891,2025-11-09 23:00:00,Male,43,Bronze,TV,Bangkok,1304,Lazada,COD,23,11,6,1,40-50,43.46666666666667,6.0,1.0,0.16666666666666666,198,24,2417.0733333333337,0.23,0.16666666666666666,0.3333333333333333,0.0,0.0,0,0,0.0,1383.79,1,0,0.0,1879.23,2,0,0.0,14502.440000000002,6,1,0.16666666666666666,0
LGS2ORD0039518,C010945,2025-11-09 23:00:00,Female,31,Bronze,Web,Bangkok,1682,Lazada,COD,23,11,6,1,30-40,56.06666666666667,6.0,2.0,0.3333333333333333,0,11,1824.6200000000001,0.23,0.16666666666666666,0.3333333333333333,0.0,0.0,0,0,0.0,4509.06,1,1,1.0,8991.57,4,2,0.5,10947.720000000001,6,2,0.3333333333333333,1
LGS2ORD0039519,C016146,2025-11-09 23:00:00,Female,37,Platinum,CallCenter,Songkhla,790,Lazada,Credit_Card,23,11,6,1,30-40,26.333333333333332,4.0,0.0,0.0,-1,30,3460.69,0.3,0.0,0.25,0.0,0.0,0,0,0.0,0.0,0,0,0.0,3249.58,1,0,0.0,13842.76,4,0,0.0,0
LGS2ORD0039520,C010336,2025-11-09 23:00:00,Female,40,Silver,TV,Khon Kaen,945,TV_Show,COD,23,11,6,1,30-40,31.5,3.0,1.0,0.3333333333333333,150,8,1786.7699999999998,0.25,0.6666666666666666,0.6666666666666666,0.0,0.0,0,0,0.0,3742.5,2,0,0.0,3742.5,2,0,0.0,5360.3099999999995,3,1,0.3333333333333333,1
LGS2ORD0039521,C010897,2025-11-09 23:00:00,Other,72,Bronze,Lazada,Songkhla,1000,Shopee,Bank_Transfer,23,11,6,1,>50,33.333333333333336,6.0,1.0,0.16666666666666666,82,6,5102.78,0.28,0.5,0.3333333333333333,0.0,15026.48,1,0,0.0,15026.48,1,0,0.0,15026.48,1,0,0.0,30616.68,6,1,0.16666666666666666,0
LGS2ORD0039522,C016147,2025-11-10 00:00:00,Female,61,Bronze,TV,Bangkok,979,Web,Bank_Transfer,0,11,0,0,>50,32.63333333333333,6.0,2.0,0.3333333333333333,118,75,8973.933333333332,0.28,0.6666666666666666,0.3333333333333333,0.0,0.0,0,0,0.0,0.0,0,0,0.0,2187.09,1,0,0.0,53843.59999999999,6,2,0.3333333333333333,0
LGS2ORD0039523,C017775,2025-11-10 00:00:00,Female,53,Bronze,Web,Bangkok,1624,TV_Show,COD,0,11,0,0,>50,54.13333333333333,5.0,2.0,0.4,0,2,5289.042,0.18,0.2,0.0,0.0,2252.13,1,1,1.0,4177.21,2,1,0.5,4177.21,2,1,0.5,26445.210000000003,5,2,0.4,0
LGS2ORD0039524,C013983,2025-11-10 00:00:00,Female,42,Bronze,CallCenter,Songkhla,750,Shopee,Credit_Card,0,11,0,0,40-50,25.0,3.0,1.0,0.3333333333333333,69,83,9951.656666666666,0.28,0.3333333333333333,1.0,0.0,0.0,0,0,0.0,0.0,0,0,0.0,2182.6,1,1,1.0,29854.969999999998,3,1,0.3333333333333333,1
LGS2ORD0039525,C015024,2025-11-10 00:00:00,Male,27,Bronze,Web,Songkhla,1503,Lazada,COD,0,11,0,0,20-30,50.1,9.0,4.0,0.4444444444444444,77,87,3361.6966666666667,0.28,0.6666666666666666,0.4444444444444444,0.0,0.0,0,0,0.0,0.0,0,0,0.0,607.78,1,1,1.0,30255.27,9,4,0.4444444444444444,1
LGS2ORD0039526,C016204,2025-11-10 00:00:00,Female,35,Silver,Shopee,Nakhon Ratchasima,1722,Web,Credit_Card,0,11,0,0,30-40,57.4,1.0,0.0,0.0,-1,110,3430.08,0.2,0.0,0.0,0.0,0.0,0,0,0.0,0.0,0,0,0.0,0.0,0,0,0.0,3430.08,1,0,0.0,0
LGS2ORD0039527,C013401,2025-11-10 00:00:00,Male,42,Silver,TV,Chiang Mai,421,Web,Credit_Card,0,11,0,0,40-50,14.033333333333333,2.0,0.0,0.0,-1,60,3216.59,0.1,0.0,0.0,0.0,0.0,0,0,0.0,0.0,0,0,0.0,4192.51,1,0,0.0,6433.18,2,0,0.0,0
LGS2ORD0039528,C011462,2025-11-10 01:00:00,Female,47,Silver,TV,Phuket,1423,Lazada,COD,1,11,0,0,40-50,47.43333333333333,10.0,2.0,0.2,44,45,4878.665,0.2,0.5,0.0,0.0,0.0,0,0,0.0,0.0,0,0,0.0,12429.88,3,1,0.3333333333333333,48786.65,10,2,0.2,0
LGS2ORD0039529,C012059,2025-11-10 01:00:00,Male,22,Gold,TV,Bangkok,1314,Web,Bank_Transfer,1,11,0,0,20-30,43.8,8.0,0.0,0.0,-1,30,3975.955,0.28,0.375,0.625,0.0,0.0,0,0,0.0,0.0,0,0,0.0,6398.36,3,0,0.0,31807.64,8,0,0.0,0
LGS2ORD0039530,C010468,2025-11-10 01:00:00,Male,44,Bronze,Shopee,Chiang Mai,1589,CallCenter,Credit_Card,1,11,0,0,40-50,52.96666666666667,8.0,1.0,0.125,280,18,9189.107499999998,0.28,0.75,0.25,0.0,0.0,0,0,0.0,10429.369999999999,2,0,0.0,10429.369999999999,2,0,0.0,73512.85999999999,8,1,0.125,0
LGS2ORD0039531,C013059,2025-11-10 01:00:00,Other,37,Platinum,Shopee,Khon Kaen,511,Shopee,Credit_Card,1,11,0,0,30-40,17.033333333333335,3.0,0.0,0.0,-1,69,8366.089999999998,0.3,0.6666666666666666,0.6666666666666666,0.0,0.0,0,0,0.0,0.0,0,0,0.0,4253.17,1,0,0.0,25098.269999999997,3,0,0.0,0
LGS2ORD0039532,C010471,2025-11-10 01:00:00,Female,56,Gold,TV,Nakhon Ratchasima,1061,Web,Credit_Card,1,11,0,0,>50,35.36666666666667,5.0,1.0,0.2,263,68,7070.944,0.2299999999999999,0.6,0.4,0.0,0.0,0,0,0.0,0.0,0,0,0.0,3716.25,1,0,0.0,35354.72,5,1,0.2,0
LGS2ORD0039533,C017271,2025-11-10 02:00:00,Male,41,Bronze,TV,Nakhon Ratchasima,1413,Shopee,COD,2,11,0,0,40-50,47.1,5.0,1.0,0.2,206,8,1856.97,0.28,0.6,0.4,0.0,0.0,0,0,0.0,1980.86,1,0,0.0,1980.86,1,0,0.0,9284.85,5,1,0.2,1
LGS2ORD0039534,C015601,2025-11-10 02:00:00,Female,61,Bronze,TV,Bangkok,1625,Shopee,COD,2,11,0,0,>50,54.166666666666664,6.0,2.0,0.3333333333333333,43,47,7170.861666666667,0.28,0.8333333333333334,0.16666666666666666,0.0,0.0,0,0,0.0,0.0,0,0,0.0,7280.16,1,1,1.0,43025.17,6,2,0.3333333333333333,0
LGS2ORD0039535,C010107,2025-11-10 02:00:00,Female,72,Bronze,Shopee,Chiang Mai,462,TV_Show,Credit_Card,2,11,0,0,>50,15.4,7.0,2.0,0.2857142857142857,116,10,8316.035714285714,0.13,0.42857142857142855,0.0,0.0,0.0,0,0,0.0,1879.68,1,0,0.0,23761.760000000002,2,0,0.0,58212.25,7,2,0.2857142857142857,0
LGS2ORD0039536,C011045,2025-11-10 02:00:00,Male,45,Bronze,TV,Chiang Mai,988,TV_Show,Credit_Card,2,11,0,0,40-50,32.93333333333333,3.0,1.0,0.3333333333333333,90,102,3391.2900000000004,0.18,0.6666666666666666,0.0,0.0,0.0,0,0,0.0,0.0,0,0,0.0,0.0,0,0,0.0,10173.87,3,1,0.3333333333333333,0
LGS2ORD0039537,C014419,2025-11-10 02:00:00,Female,35,Silver,Web,Bangkok,856,CallCenter,PromptPay,2,11,0,0,30-40,28.533333333333335,6.0,2.0,0.3333333333333333,201,61,5544.433333333333,0.25,0.5,0.16666666666666666,0.0,0.0,0,0,0.0,0.0,0,0,0.0,1449.94,1,0,0.0,33266.6,6,2,0.3333333333333333,0
LGS2ORD0039538,C011240,2025-11-10 03:00:00,Female,25,Bronze,Web,Chonburi,678,CallCenter,PromptPay,3,11,0,0,20-30,22.6,4.0,1.0,0.25,34,37,8040.514999999999,0.28,0.25,0.25,0.0,0.0,0,0,0.0,0.0,0,0,0.0,30424.139999999996,3,1,0.3333333333333333,32162.059999999998,4,1,0.25,0
LGS2ORD0039539,C014145,2025-11-10 03:00:00,Female,37,Gold,TV,Khon Kaen,481,Web,PromptPay,3,11,0,0,30-40,16.033333333333335,5.0,1.0,0.2,35,45,5200.674000000001,0.33,0.8,0.4,0.0,0.0,0,0,0.0,0.0,0,0,0.0,16386.71,2,1,0.5,26003.370000000003,5,1,0.2,0
LGS2ORD0039540,C014179,2025-11-10 03:00:00,Male,18,Silver,Lazada,Songkhla,624,Shopee,Credit_Card,3,11,0,0,<20,20.8,10.0,1.0,0.1,209,68,8606.202000000001,0.25,0.4,0.1,0.0,0.0,0,0,0.0,0.0,0,0,0.0,1709.84,1,0,0.0,86062.02,10,1,0.1,0
LGS2ORD0039541,C015521,2025-11-10 03:00:00,Male,34,Gold,Shopee,Chiang Mai,1473,CallCenter,COD,3,11,0,0,30-40,49.1,4.0,1.0,0.25,284,20,6181.530000000001,0.13,0.5,0.0,0.0,0.0,0,0,0.0,2342.77,2,0,0.0,2342.77,2,0,0.0,24726.120000000003,4,1,0.25,1
LGS2ORD0039542,C010058,2025-11-10 03:00:00,Female,39,Bronze,Web,Bangkok,1598,Lazada,PromptPay,3,11,0,0,30-40,53.266666666666666,10.0,1.0,0.1,297,11,3773.6369999999997,0.28,0.2,0.4,0.0,0.0,0,0,0.0,1331.56,1,0,0.0,3294.13,3,0,0.0,37736.369999999995,10,1,0.1,0
LGS2ORD0039543,C012114,2025-11-10 04:00:00,Female,18,Gold,TV,Chonburi,756,TV_Show,Bank_Transfer,4,11,0,0,<20,25.2,5.0,1.0,0.2,136,93,5347.392,0.33,0.4,0.6,0.0,0.0,0,0,0.0,0.0,0,0,0.0,0.0,0,0,0.0,26736.96,5,1,0.2,0
LGS2ORD0039544,C016164,2025-11-10 04:00:00,Male,57,Silver,Web,Remote_Area,443,TV_Show,COD,4,11,0,0,>50,14.766666666666667,6.0,5.0,0.8333333333333334,9,17,3177.096666666667,0.25,0.6666666666666666,0.3333333333333333,0.0,0.0,0,0,0.0,3293.0,1,1,1.0,3293.0,1,1,1.0,19062.58,6,5,0.8333333333333334,0
LGS2ORD0039545,C014055,2025-11-10 04:00:00,Female,29,Bronze,Web,Bangkok,1299,Lazada,Credit_Card,4,11,0,0,20-30,43.3,5.0,0.0,0.0,-1,35,3689.222,0.18,0.4,0.0,0.0,0.0,0,0,0.0,0.0,0,0,0.0,5546.9400000000005,2,0,0.0,18446.11,5,0,0.0,0
LGS2ORD0039546,C010407,2025-11-10 04:00:00,Other,43,Gold,TV,Phuket,1050,Lazada,COD,4,11,0,0,40-50,35.0,4.0,0.0,0.0,-1,36,2514.1000000000004,0.33,0.0,0.25,0.0,0.0,0,0,0.0,0.0,0,0,0.0,1505.91,1,0,0.0,10056.400000000001,4,0,0.0,1
LGS2ORD0039547,C010952,2025-11-10 04:00:00,Female,30,Gold,Web,Chiang Mai,1333,TV_Show,COD,4,11,0,0,20-30,44.43333333333333,1.0,0.0,0.0,-1,133,8852.01,0.08,1.0,0.0,0.0,0.0,0,0,0.0,0.0,0,0,0.0,0.0,0,0,0.0,8852.01,1,0,0.0,0
LGS2ORD0039548,C016114,2025-11-10 04:00:00,Female,53,Bronze,Web,Bangkok,640,TV_Show,PromptPay,4,11,0,0,>50,21.333333333333332,7.0,1.0,0.14285714285714285,215,17,3878.7400000000002,0.23,0.14285714285714285,0.2857142857142857,0.0,0.0,0,0,0.0,1021.25,1,0,0.0,1021.25,1,0,0.0,27151.18,7,1,0.14285714285714285,0
LGS2ORD0039549,C011734,2025-11-10 05:00:00,Female,52,Bronze,Web,Songkhla,1520,Lazada,Credit_Card,5,11,0,0,>50,50.666666666666664,8.0,2.0,0.25,7,10,4287.80875,0.23,0.5,0.25,0.0,0.0,0,0,0.0,9825.54,1,1,1.0,10257.330000000002,2,1,0.5,34302.47,8,2,0.25,0
LGS2ORD0039550,C010972,2025-11-10 05:00:00,Male,33,Bronze,Web,Bangkok,1654,Shopee,COD,5,11,0,0,30-40,55.13333333333333,6.0,2.0,0.3333333333333333,73,88,8517.061666666666,0.28,0.3333333333333333,0.16666666666666666,0.0,0.0,0,0,0.0,0.0,0,0,0.0,6806.57,1,1,1.0,51102.37,6,2,0.3333333333333333,0
LGS2ORD0039551,C016706,2025-11-10 05:00:00,Female,41,Silver,Web,Chonburi,559,CallCenter,COD,5,11,0,0,40-50,18.633333333333333,0.0,0.0,0.0,-1,-1,0.0,0.0,0.0,0.0,0.0,0.0,0,0,0.0,0.0,0,0,0.0,0.0,0,0,0.0,0.0,0,0,0.0,0
LGS2ORD0039552,C015312,2025-11-10 05:00:00,Male,35,Bronze,Web,Bangkok,1222,Shopee,Credit_Card,5,11,0,0,30-40,40.733333333333334,10.0,3.0,0.3,20,26,5572.143000000001,0.23,0.6,0.1,0.0,0.0,0,0,0.0,1114.4,1,0,0.0,31597.980000000003,4,1,0.25,55721.43000000001,10,3,0.3,0
LGS2ORD0039553,C011419,2025-11-10 05:00:00,Female,18,Silver,CallCenter,Bangkok,1534,Shopee,Credit_Card,5,11,0,0,<20,51.13333333333333,5.0,1.0,0.2,152,11,2037.652,0.25,0.4,0.2,0.0,0.0,0,0,0.0,1168.02,1,0,0.0,1168.02,1,0,0.0,10188.26,5,1,0.2,0
LGS2ORD0039554,C016891,2025-11-10 06:00:00,Female,49,Bronze,TV,Khon Kaen,1043,Shopee,PromptPay,6,11,0,0,40-50,34.766666666666666,8.0,1.0,0.125,80,26,6549.3975,0.23,0.625,0.25,0.0,0.0,0,0,0.0,18088.4,1,0,0.0,31966.370000000003,3,1,0.3333333333333333,52395.18,8,1,0.125,1
LGS2ORD0039555,C016565,2025-11-10 06:00:00,Male,49,Bronze,TV,Phuket,495,Shopee,COD,6,11,0,0,40-50,16.5,3.0,0.0,0.0,-1,87,11573.076666666666,0.23,0.0,0.3333333333333333,0.0,0.0,0,0,0.0,0.0,0,0,0.0,28789.94,1,0,0.0,34719.229999999996,3,0,0.0,1
LGS2ORD0039556,C010993,2025-11-10 06:00:00,Female,50,Bronze,TV,Remote_Area,713,TV_Show,Credit_Card,6,11,0,0,40-50,23.766666666666666,5.0,2.0,0.4,111,37,5891.872,0.13,0.8,0.0,0.0,0.0,0,0,0.0,0.0,0,0,0.0,11786.43,2,0,0.0,29459.36,5,2,0.4,0
LGS2ORD0039557,C016160,2025-11-10 06:00:00,Female,46,Bronze,Web,Chonburi,1056,TV_Show,PromptPay,6,11,0,0,40-50,35.2,5.0,1.0,0.2,67,58,9760.145999999999,0.23,0.4,0.4,0.0,0.0,0,0,0.0,0.0,0,0,0.0,23967.78,3,1,0.3333333333333333,48800.729999999996,5,1,0.2,1
LGS2ORD0039558,C014655,2025-11-10 06:00:00,Female,54,Bronze,TV,Phuket,831,Lazada,PromptPay,6,11,0,0,>50,27.7,6.0,2.0,0.3333333333333333,191,160,11458.044999999998,0.28,0.6666666666666666,0.6666666666666666,0.0,0.0,0,0,0.0,0.0,0,0,0.0,0.0,0,0,0.0,68748.26999999999,6,2,0.3333333333333333,0
LGS2ORD0039559,C017883,2025-11-10 07:00:00,Female,56,Bronze,TV,Bangkok,1374,TV_Show,COD,7,11,0,0,>50,45.8,2.0,0.0,0.0,-1,57,6353.5650000000005,0.03,0.0,0.0,0.0,0.0,0,0,0.0,0.0,0,0,0.0,12707.130000000001,2,0,0.0,12707.130000000001,2,0,0.0,0
LGS2ORD0039560,C017085,2025-11-10 07:00:00,Female,50,Bronze,Web,Bangkok,1336,Shopee,COD,7,11,0,0,40-50,44.53333333333333,2.0,1.0,0.5,50,61,10879.759999999998,0.18,0.5,0.0,0.0,0.0,0,0,0.0,0.0,0,0,0.0,21759.519999999997,2,1,0.5,21759.519999999997,2,1,0.5,1
LGS2ORD0039561,C016862,2025-11-10 07:00:00,Female,54,Bronze,CallCenter,Remote_Area,433,TV_Show,Credit_Card,7,11,0,0,>50,14.433333333333334,3.0,2.0,0.6666666666666666,118,132,4215.16,0.28,0.3333333333333333,0.6666666666666666,0.0,0.0,0,0,0.0,0.0,0,0,0.0,0.0,0,0,0.0,12645.48,3,2,0.6666666666666666,0
LGS2ORD0039562,C016257,2025-11-10 07:00:00,Female,20,Bronze,TV,Remote_Area,1535,CallCenter,COD,7,11,0,0,<20,51.166666666666664,6.0,1.0,0.16666666666666666,42,28,7132.031666666666,0.23,0.8333333333333334,0.6666666666666666,0.0,0.0,0,0,0.0,2947.38,1,0,0.0,31883.63,4,1,0.25,42792.189999999995,6,1,0.16666666666666666,0
LGS2ORD0039563,C010044,2025-11-10 07:00:00,Female,28,Bronze,Shopee,Nakhon Ratchasima,1421,CallCenter,PromptPay,7,11,0,0,20-30,47.36666666666667,3.0,1.0,0.3333333333333333,177,54,4064.48,0.18,0.3333333333333333,0.0,0.0,0.0,0,0,0.0,0.0,0,0,0.0,9186.42,1,0,0.0,12193.44,3,1,0.3333333333333333,0
LGS2ORD0039564,C015604,2025-11-10 07:00:00,Female,47,Bronze,Web,Nakhon Ratchasima,629,Lazada,Bank_Transfer,7,11,0,0,40-50,20.966666666666665,5.0,2.0,0.4,123,12,4886.428,0.23,0.4,0.2,0.0,0.0,0,0,0.0,2564.1,1,0,0.0,2564.1,1,0,0.0,24432.14,5,2,0.4,0
LGS2ORD0039565,C016034,2025-11-10 08:00:00,Female,40,Bronze,Web,Songkhla,1274,TV_Show,COD,8,11,0,0,30-40,42.46666666666667,8.0,5.0,0.625,164,42,6269.9037499999995,0.23,0.625,0.25,0.0,0.0,0,0,0.0,0.0,0,0,0.0,17989.51,1,0,0.0,50159.229999999996,8,5,0.625,0
LGS2ORD0039566,C011194,2025-11-10 08:00:00,Female,49,Silver,Lazada,Bangkok,344,Lazada,COD,8,11,0,0,40-50,11.466666666666667,2.0,0.0,0.0,-1,71,13548.869999999999,0.1,1.0,0.0,0.0,0.0,0,0,0.0,0.0,0,0,0.0,9825.4,1,0,0.0,27097.739999999998,2,0,0.0,0
LGS2ORD0039567,C017278,2025-11-10 08:00:00,Male,43,Gold,Shopee,Bangkok,747,TV_Show,COD,8,11,0,0,40-50,24.9,3.0,1.0,0.3333333333333333,138,142,8024.62,0.28,0.6666666666666666,0.6666666666666666,0.0,0.0,0,0,0.0,0.0,0,0,0.0,0.0,0,0,0.0,24073.86,3,1,0.3333333333333333,0
LGS2ORD0039568,C012923,2025-11-10 08:00:00,Male,38,Bronze,TV,Chiang Mai,993,Web,Credit_Card,8,11,0,0,30-40,33.1,4.0,1.0,0.25,37,43,5307.3,0.28,0.5,0.75,0.0,0.0,0,0,0.0,0.0,0,0,0.0,7457.51,1,1,1.0,21229.2,4,1,0.25,0
LGS2ORD0039569,C014471,2025-11-10 08:00:00,Male,44,Gold,Web,Bangkok,1439,Shopee,COD,8,11,0,0,40-50,47.96666666666667,2.0,2.0,1.0,89,100,2382.06,0.2299999999999999,0.0,1.0,0.0,0.0,0,0,0.0,0.0,0,0,0.0,0.0,0,0,0.0,4764.12,2,2,1.0,0
LGS2ORD0039570,C017443,2025-11-10 09:00:00,Male,33,Gold,Lazada,Bangkok,1150,Web,Credit_Card,9,11,0,0,30-40,38.333333333333336,1.0,0.0,0.0,-1,21,4298.42,0.33,0.0,1.0,0.0,0.0,0,0,0.0,4298.42,1,0,0.0,4298.42,1,0,0.0,4298.42,1,0,0.0,0
LGS2ORD0039571,C011753,2025-11-10 09:00:00,Female,40,Bronze,TV,Chiang Mai,1662,Web,Bank_Transfer,9,11,0,0,30-40,55.4,12.0,3.0,0.25,58,33,4931.3949999999995,0.28,0.25,0.16666666666666666,0.08333333333333333,0.0,0,0,0.0,0.0,0,0,0.0,18114.86,4,1,0.25,59176.74,12,3,0.25,1
LGS2ORD0039572,C016700,2025-11-10 09:00:00,Female,39,Gold,Lazada,Khon Kaen,1362,TV_Show,COD,9,11,0,0,30-40,45.4,5.0,0.0,0.0,-1,71,9099.232,0.2299999999999999,0.2,0.2,0.0,0.0,0,0,0.0,0.0,0,0,0.0,17347.16,1,0,0.0,45496.16,5,0,0.0,0
LGS2ORD0039573,C010558,2025-11-10 09:00:00,Male,35,Bronze,Shopee,Bangkok,381,Lazada,COD,9,11,0,0,30-40,12.7,6.0,0.0,0.0,-1,4,7730.740000000001,0.28,0.16666666666666666,0.3333333333333333,0.0,5909.12,1,0,0.0,5909.12,1,0,0.0,9601.65,2,0,0.0,46384.44,6,0,0.0,0
LGS2ORD0039574,C011120,2025-11-10 09:00:00,Male,32,Silver,TV,Phuket,1376,Web,PromptPay,9,11,0,0,30-40,45.86666666666667,6.0,1.0,0.16666666666666666,35,49,3290.7166666666667,0.25,0.3333333333333333,0.3333333333333333,0.0,0.0,0,0,0.0,0.0,0,0,0.0,12517.07,3,1,0.3333333333333333,19744.3,6,1,0.16666666666666666,0
LGS2ORD0039575,C011490,2025-11-10 10:00:00,Female,34,Silver,Lazada,Nakhon Ratchasima,1259,Shopee,COD,10,11,0,0,30-40,41.96666666666667,9.0,0.0,0.0,-1,8,5643.581111111111,0.25,0.7777777777777778,0.2222222222222222,0.1111111111111111,0.0,0,0,0.0,4052.31,1,0,0.0,15441.62,3,0,0.0,50792.229999999996,9,0,0.0,0
LGS2ORD0039576,C012030,2025-11-10 10:00:00,Male,52,Bronze,TV,Bangkok,395,Shopee,Credit_Card,10,11,0,0,>50,13.166666666666666,3.0,0.0,0.0,-1,114,4651.863333333334,0.23,0.3333333333333333,0.3333333333333333,0.0,0.0,0,0,0.0,0.0,0,0,0.0,0.0,0,0,0.0,13955.59,3,0,0.0,0
LGS2ORD0039577,C011578,2025-11-10 10:00:00,Male,49,Bronze,Lazada,Chiang Mai,1359,Lazada,COD,10,11,0,0,40-50,45.3,7.0,1.0,0.14285714285714285,173,51,10331.422857142858,0.23,0.5714285714285714,0.14285714285714285,0.0,0.0,0,0,0.0,0.0,0,0,0.0,26304.83,3,0,0.0,72319.96,7,1,0.14285714285714285,0
LGS2ORD0039578,C014039,2025-11-10 10:00:00,Female,32,Bronze,TV,Bangkok,1581,CallCenter,COD,10,11,0,0,30-40,52.7,3.0,1.0,0.3333333333333333,224,28,3312.34,0.28,0.3333333333333333,0.3333333333333333,0.0,0.0,0,0,0.0,279.23,1,0,0.0,279.23,1,0,0.0,9937.02,3,1,0.3333333333333333,0
LGS2ORD0039579,C010089,2025-11-10 10:00:00,Female,61,Silver,CallCenter,Bangkok,1378,CallCenter,COD,10,11,0,0,>50,45.93333333333333,4.0,1.0,0.25,189,174,4481.5425000000005,0.25,0.5,0.25,0.0,0.0,0,0,0.0,0.0,0,0,0.0,0.0,0,0,0.0,17926.170000000002,4,1,0.25,0
LGS2ORD0039580,C010671,2025-11-10 11:00:00,Male,39,Silver,TV,Bangkok,1228,Lazada,Credit_Card,11,11,0,0,30-40,40.93333333333333,3.0,0.0,0.0,-1,33,5170.263333333333,0.25,0.0,0.3333333333333333,0.0,0.0,0,0,0.0,0.0,0,0,0.0,8179.67,2,0,0.0,15510.79,3,0,0.0,0
LGS2ORD0039581,C011852,2025-11-10 11:00:00,Male,55,Bronze,Shopee,Bangkok,1313,Web,Credit_Card,11,11,0,0,>50,43.766666666666666,6.0,3.0,0.5,100,53,4736.51,0.28,0.6666666666666666,0.3333333333333333,0.0,0.0,0,0,0.0,0.0,0,0,0.0,13339.220000000001,2,0,0.0,28419.06,6,3,0.5,0
LGS2ORD0039582,C010871,2025-11-10 11:00:00,Female,34,Bronze,Shopee,Bangkok,1224,TV_Show,PromptPay,11,11,0,0,30-40,40.8,3.0,0.0,0.0,-1,25,1850.6000000000001,0.23,0.3333333333333333,0.3333333333333333,0.0,0.0,0,0,0.0,626.76,1,0,0.0,626.76,1,0,0.0,5551.8,3,0,0.0,0
LGS2ORD0039583,C013644,2025-11-10 11:00:00,Female,48,Bronze,TV,Chiang Mai,1693,Web,Credit_Card,11,11,0,0,40-50,56.43333333333333,3.0,1.0,0.3333333333333333,283,35,3230.0,0.28,0.6666666666666666,0.3333333333333333,0.0,0.0,0,0,0.0,0.0,0,0,0.0,3020.46,1,0,0.0,9690.0,3,1,0.3333333333333333,0
LGS2ORD0039584,C015223,2025-11-10 11:00:00,Male,48,Bronze,CallCenter,Chiang Mai,1736,TV_Show,COD,11,11,0,0,40-50,57.86666666666667,2.0,0.0,0.0,-1,13,3660.5699999999997,0.08,0.0,0.0,0.0,0.0,0,0,0.0,3558.64,1,0,0.0,3558.64,1,0,0.0,7321.139999999999,2,0,0.0,0
LGS2ORD0039585,C011031,2025-11-10 11:00:00,Female,37,Gold,TV,Chiang Mai,1250,TV_Show,Credit_Card,11,11,0,0,30-40,41.666666666666664,7.0,3.0,0.42857142857142855,167,28,2906.412857142857,0.28,0.2857142857142857,0.8571428571428571,0.0,0.0,0,0,0.0,3274.5,1,0,0.0,3274.5,1,0,0.0,20344.89,7,3,0.42857142857142855,0
LGS2ORD0039586,C017773,2025-11-10 12:00:00,Female,33,Bronze,TV,Chiang Mai,616,CallCenter,Bank_Transfer,12,11,0,0,30-40,20.533333333333335,6.0,1.0,0.16666666666666666,58,74,6570.316666666667,0.23,0.6666666666666666,0.16666666666666666,0.0,0.0,0,0,0.0,0.0,0,0,0.0,6312.67,2,1,0.5,39421.9,6,1,0.16666666666666666,1
LGS2ORD0039587,C010424,2025-11-10 12:00:00,Male,24,Silver,Web,Khon Kaen,738,Shopee,COD,12,11,0,0,20-30,24.6,3.0,1.0,0.3333333333333333,290,86,4104.033333333334,0.25,0.0,0.3333333333333333,0.0,0.0,0,0,0.0,0.0,0,0,0.0,3492.11,1,0,0.0,12312.1,3,1,0.3333333333333333,0
LGS2ORD0039588,C010846,2025-11-10 12:00:00,Male,60,Bronze,Shopee,Songkhla,1199,Web,COD,12,11,0,0,>50,39.96666666666667,9.0,2.0,0.2222222222222222,33,39,5588.6355555555565,0.28,0.6666666666666666,0.2222222222222222,0.0,0.0,0,0,0.0,0.0,0,0,0.0,15106.939999999999,3,1,0.3333333333333333,50297.72000000001,9,2,0.2222222222222222,0
LGS2ORD0039589,C015762,2025-11-10 12:00:00,Female,53,Bronze,Shopee,Remote_Area,686,TV_Show,PromptPay,12,11,0,0,>50,22.866666666666667,7.0,3.0,0.42857142857142855,99,66,4534.158571428571,0.23,0.5714285714285714,0.2857142857142857,0.0,0.0,0,0,0.0,0.0,0,0,0.0,536.36,1,0,0.0,31739.11,7,3,0.42857142857142855,0
LGS2ORD0039590,C015351,2025-11-10 12:00:00,Male,49,Silver,Lazada,Bangkok,1279,Web,COD,12,11,0,0,40-50,42.63333333333333,7.0,1.0,0.14285714285714285,186,18,6952.322857142857,0.2,0.8571428571428571,0.0,0.0,0.0,0,0,0.0,19318.23,2,0,0.0,31396.57,3,0,0.0,48666.26,7,1,0.14285714285714285,1
LGS2ORD0039591,C013934,2025-11-10 13:00:00,Female,36,Bronze,CallCenter,Khon Kaen,567,Shopee,COD,13,11,0,0,30-40,18.9,7.0,0.0,0.0,-1,49,8732.154285714287,0.23,0.14285714285714285,0.5714285714285714,0.0,0.0,0,0,0.0,0.0,0,0,0.0,4211.38,1,0,0.0,61125.08,7,0,0.0,0
LGS2ORD0039592,C014132,2025-11-10 13:00:00,Other,46,Silver,Web,Songkhla,1346,TV_Show,PromptPay,13,11,0,0,40-50,44.86666666666667,3.0,0.0,0.0,-1,38,7165.336666666667,0.2,0.3333333333333333,0.0,0.0,0.0,0,0,0.0,0.0,0,0,0.0,1098.33,1,0,0.0,21496.010000000002,3,0,0.0,0
LGS2ORD0039593,C012883,2025-11-10 13:00:00,Female,41,Gold,TV,Khon Kaen,868,Lazada,COD,13,11,0,0,40-50,28.933333333333334,5.0,0.0,0.0,-1,16,3825.5259999999994,0.33,0.6,0.6,0.0,0.0,0,0,0.0,4854.5,1,0,0.0,9312.51,2,0,0.0,19127.629999999997,5,0,0.0,0
LGS2ORD0039594,C013925,2025-11-10 13:00:00,Male,59,Bronze,TV,Bangkok,1349,TV_Show,COD,13,11,0,0,>50,44.96666666666667,6.0,0.0,0.0,-1,8,4926.696666666667,0.13,0.3333333333333333,0.0,0.0,0.0,0,0,0.0,4342.26,1,0,0.0,13543.72,2,0,0.0,29560.18,6,0,0.0,0
LGS2ORD0039595,C015805,2025-11-10 13:00:00,Male,41,Gold,TV,Chiang Mai,1262,CallCenter,Credit_Card,13,11,0,0,40-50,42.06666666666667,7.0,1.0,0.14285714285714285,-10,2,8403.17,0.33,0.8571428571428571,0.42857142857142855,0.14285714285714285,7064.51,1,1,1.0,7064.51,1,1,1.0,9713.51,3,1,0.3333333333333333,58822.19,7,1,0.14285714285714285,0
LGS2ORD0039596,C010118,2025-11-10 14:00:00,Male,33,Silver,Lazada,Songkhla,1567,Lazada,Credit_Card,14,11,0,0,30-40,52.233333333333334,7.0,2.0,0.2857142857142857,8,18,7126.49,0.3,0.42857142857142855,0.2857142857142857,0.0,0.0,0,0,0.0,3178.25,1,1,1.0,3178.25,1,1,1.0,49885.43,7,2,0.2857142857142857,0
LGS2ORD0039597,C013988,2025-11-10 14:00:00,Male,44,Silver,Web,Nakhon Ratchasima,991,Lazada,COD,14,11,0,0,40-50,33.03333333333333,1.0,0.0,0.0,-1,190,49771.44,0.05,0.0,0.0,0.0,0.0,0,0,0.0,0.0,0,0,0.0,0.0,0,0,0.0,49771.44,1,0,0.0,0
LGS2ORD0039598,C017664,2025-11-10 14:00:00,Other,20,Bronze,Web,Bangkok,1400,Web,COD,14,11,0,0,<20,46.666666666666664,2.0,1.0,0.5,304,197,5156.125,0.18,1.0,0.0,0.0,0.0,0,0,0.0,0.0,0,0,0.0,0.0,0,0,0.0,10312.25,2,1,0.5,0
LGS2ORD0039599,C014649,2025-11-10 14:00:00,Female,30,Bronze,TV,Chonburi,1670,CallCenter,Bank_Transfer,14,11,0,0,20-30,55.666666666666664,5.0,2.0,0.4,-1,13,4083.8740000000007,0.08,0.6,0.0,0.0,0.0,0,0,0.0,11426.86,1,1,1.0,11426.86,1,1,1.0,20419.370000000003,5,2,0.4,0
LGS2ORD0039600,C010053,2025-11-10 14:00:00,Female,47,Platinum,Shopee,Nakhon Ratchasima,1220,Shopee,COD,14,11,0,0,40-50,40.666666666666664,5.0,1.0,0.2,3,11,2680.09,0.3,0.4,0.4,0.0,0.0,0,0,0.0,1694.68,1,1,1.0,1694.68,1,1,1.0,13400.45,5,1,0.2,0
LGS2ORD0039601,C015497,2025-11-10 15:00:00,Male,55,Silver,Lazada,Nakhon Ratchasima,656,TV_Show,COD,15,11,0,0,>50,21.866666666666667,6.0,2.0,0.3333333333333333,5,10,3349.4516666666664,0.3,0.8333333333333334,0.3333333333333333,0.0,0.0,0,0,0.0,621.98,1,1,1.0,621.98,1,1,1.0,20096.71,6,2,0.3333333333333333,1
LGS2ORD0039602,C015571,2025-11-10 15:00:00,Female,49,Bronze,TV,Nakhon Ratchasima,326,Shopee,COD,15,11,0,0,40-50,10.866666666666667,5.0,1.0,0.2,138,97,5054.918000000001,0.18,0.8,0.0,0.0,0.0,0,0,0.0,0.0,0,0,0.0,0.0,0,0,0.0,25274.590000000004,5,1,0.2,1
LGS2ORD0039603,C013040,2025-11-10 15:00:00,Male,53,Gold,TV,Khon Kaen,1286,TV_Show,Credit_Card,15,11,0,0,>50,42.86666666666667,8.0,1.0,0.125,13,30,4889.60125,0.2299999999999999,0.375,0.625,0.0,0.0,0,0,0.0,0.0,0,0,0.0,21066.32,4,1,0.25,39116.81,8,1,0.125,1
LGS2ORD0039604,C016415,2025-11-10 15:00:00,Male,69,Bronze,Shopee,Nakhon Ratchasima,1637,Lazada,COD,15,11,0,0,>50,54.56666666666667,11.0,2.0,0.18181818181818182,210,81,6536.658181818182,0.23,0.45454545454545453,0.18181818181818182,0.0,0.0,0,0,0.0,0.0,0,0,0.0,8833.34,1,0,0.0,71903.24,11,2,0.18181818181818182,0
LGS2ORD0039605,C015663,2025-11-10 15:00:00,Female,54,Bronze,CallCenter,Chiang Mai,1349,TV_Show,COD,15,11,0,0,>50,44.96666666666667,6.0,3.0,0.5,4,10,6456.536666666667,0.28,0.5,0.16666666666666666,0.0,0.0,0,0,0.0,459.19,1,1,1.0,6323.0199999999995,2,1,0.5,38739.22,6,3,0.5,0
LGS2ORD0039606,C015371,2025-11-10 15:00:00,Male,31,Bronze,Web,Khon Kaen,785,Lazada,COD,15,11,0,0,30-40,26.166666666666668,3.0,0.0,0.0,-1,52,4933.466666666667,0.13,0.6666666666666666,0.0,0.0,0.0,0,0,0.0,0.0,0,0,0.0,9169.95,1,0,0.0,14800.400000000001,3,0,0.0,0
LGS2ORD0039607,C012448,2025-11-10 16:00:00,Female,72,Gold,Web,Remote_Area,367,TV_Show,COD,16,11,0,0,>50,12.233333333333333,1.0,0.0,0.0,-1,216,6976.03,0.18,1.0,0.0,0.0,0.0,0,0,0.0,0.0,0,0,0.0,0.0,0,0,0.0,6976.03,1,0,0.0,1
LGS2ORD0039608,C017352,2025-11-10 16:00:00,Female,50,Bronze,Shopee,Songkhla,1006,TV_Show,Bank_Transfer,16,11,0,0,40-50,33.53333333333333,4.0,2.0,0.5,12,15,3232.7725,0.23,0.75,0.25,0.0,0.0,0,0,0.0,4295.1,2,1,0.5,4295.1,2,1,0.5,12931.09,4,2,0.5,0
LGS2ORD0039609,C013015,2025-11-10 16:00:00,Female,56,Platinum,TV,Chonburi,1410,TV_Show,COD,16,11,0,0,>50,47.0,6.0,0.0,0.0,-1,24,4679.981666666667,0.3,0.5,0.16666666666666666,0.0,0.0,0,0,0.0,6323.17,1,0,0.0,6323.17,1,0,0.0,28079.89,6,0,0.0,0
LGS2ORD0039610,C010197,2025-11-10 16:00:00,Male,57,Silver,TV,Khon Kaen,945,TV_Show,COD,16,11,0,0,>50,31.5,6.0,1.0,0.16666666666666666,-6,4,1947.6516666666666,0.3,0.6666666666666666,0.3333333333333333,0.0,1271.45,1,1,1.0,1271.45,1,1,1.0,4548.3099999999995,3,1,0.3333333333333333,11685.91,6,1,0.16666666666666666,0
LGS2ORD0039611,C012936,2025-11-10 16:00:00,Female,45,Silver,Lazada,Khon Kaen,355,CallCenter,Credit_Card,16,11,0,0,40-50,11.833333333333334,4.0,1.0,0.25,218,65,6440.43,0.2,0.5,0.0,0.0,0.0,0,0,0.0,0.0,0,0,0.0,13851.13,1,0,0.0,25761.72,4,1,0.25,0
LGS2ORD0039612,C016948,2025-11-10 17:00:00,Male,37,Bronze,Lazada,Bangkok,999,Lazada,PromptPay,17,11,0,0,30-40,33.3,5.0,0.0,0.0,-1,79,5966.106,0.23,0.2,0.2,0.0,0.0,0,0,0.0,0.0,0,0,0.0,2935.32,1,0,0.0,29830.53,5,0,0.0,0
LGS2ORD0039613,C016166,2025-11-10 17:00:00,Male,32,Bronze,Lazada,Chiang Mai,1200,Web,Credit_Card,17,11,0,0,30-40,40.0,8.0,0.0,0.0,-1,47,4060.2662499999997,0.23,0.5,0.125,0.0,0.0,0,0,0.0,0.0,0,0,0.0,5758.7,1,0,0.0,32482.129999999997,8,0,0.0,0
LGS2ORD0039614,C016915,2025-11-10 17:00:00,Female,57,Bronze,TV,Chonburi,480,TV_Show,Credit_Card,17,11,0,0,>50,16.0,11.0,1.0,0.09090909090909091,89,56,4053.161818181818,0.28,0.5454545454545454,0.18181818181818182,0.0,0.0,0,0,0.0,0.0,0,0,0.0,7966.91,2,0,0.0,44584.78,11,1,0.09090909090909091,0
LGS2ORD0039615,C017149,2025-11-10 17:00:00,Female,48,Silver,Web,Bangkok,1262,Web,COD,17,11,0,0,40-50,42.06666666666667,5.0,3.0,0.6,74,57,4371.416,0.3,0.4,0.4,0.0,0.0,0,0,0.0,0.0,0,0,0.0,6480.4,2,1,0.5,21857.08,5,3,0.6,0
LGS2ORD0039616,C017062,2025-11-10 17:00:00,Female,18,Gold,CallCenter,Nakhon Ratchasima,1293,Shopee,COD,17,11,0,0,<20,43.1,3.0,0.0,0.0,-1,47,12963.626666666665,0.2299999999999999,0.3333333333333333,0.3333333333333333,0.0,0.0,0,0,0.0,0.0,0,0,0.0,36452.28,1,0,0.0,38890.88,3,0,0.0,0
LGS2ORD0039617,C015542,2025-11-10 18:00:00,Female,38,Silver,Shopee,Chonburi,572,TV_Show,COD,18,11,0,0,30-40,19.066666666666666,6.0,0.0,0.0,-1,54,4810.4783333333335,0.3,0.3333333333333333,0.3333333333333333,0.0,0.0,0,0,0.0,0.0,0,0,0.0,20358.77,2,0,0.0,28862.87,6,0,0.0,0
LGS2ORD0039618,C010395,2025-11-10 18:00:00,Female,42,Bronze,TV,Phuket,1634,Web,COD,18,11,0,0,40-50,54.46666666666667,9.0,4.0,0.4444444444444444,22,30,8971.11,0.28,0.4444444444444444,0.2222222222222222,0.0,0.0,0,0,0.0,0.0,0,0,0.0,3780.31,2,2,1.0,80739.99,9,4,0.4444444444444444,1
LGS2ORD0039619,C016577,2025-11-10 18:00:00,Female,33,Silver,Web,Khon Kaen,1476,CallCenter,COD,18,11,0,0,30-40,49.2,7.0,0.0,0.0,-1,124,4952.482857142858,0.25,0.42857142857142855,0.14285714285714285,0.0,0.0,0,0,0.0,0.0,0,0,0.0,0.0,0,0,0.0,34667.380000000005,7,0,0.0,0
LGS2ORD0039620,C013990,2025-11-10 18:00:00,Female,38,Silver,Lazada,Nakhon Ratchasima,1478,Lazada,COD,18,11,0,0,30-40,49.266666666666666,1.0,0.0,0.0,-1,248,781.74,0.15,1.0,0.0,0.0,0.0,0,0,0.0,0.0,0,0,0.0,0.0,0,0,0.0,781.74,1,0,0.0,0
LGS2ORD0039621,C016859,2025-11-10 18:00:00,Male,50,Silver,Shopee,Phuket,1315,TV_Show,COD,18,11,0,0,40-50,43.833333333333336,6.0,2.0,0.3333333333333333,132,120,5134.703333333334,0.25,0.5,0.3333333333333333,0.0,0.0,0,0,0.0,0.0,0,0,0.0,0.0,0,0,0.0,30808.22,6,2,0.3333333333333333,1
LGS2ORD0039622,C011615,2025-11-10 19:00:00,Female,51,Silver,Web,Chiang Mai,507,TV_Show,PromptPay,19,11,0,0,>50,16.9,5.0,0.0,0.0,-1,15,4660.255999999999,0.25,0.4,0.4,0.0,0.0,0,0,0.0,4221.68,1,0,0.0,5742.3,2,0,0.0,23301.28,5,0,0.0,0
LGS2ORD0039623,C015920,2025-11-10 19:00:00,Male,54,Silver,TV,Songkhla,1194,Web,COD,19,11,0,0,>50,39.8,5.0,3.0,0.6,78,66,2217.3660000000004,0.25,0.8,0.2,0.0,0.0,0,0,0.0,0.0,0,0,0.0,7300.41,2,1,0.5,11086.830000000002,5,3,0.6,1
LGS2ORD0039624,C010183,2025-11-10 19:00:00,Male,38,Bronze,Lazada,Chiang Mai,804,Shopee,COD,19,11,0,0,30-40,26.8,6.0,1.0,0.16666666666666666,249,36,2624.513333333334,0.18,0.16666666666666666,0.0,0.0,0.0,0,0,0.0,0.0,0,0,0.0,7517.96,1,0,0.0,15747.080000000002,6,1,0.16666666666666666,0
LGS2ORD0039625,C012592,2025-11-10 19:00:00,Female,31,Bronze,TV,Bangkok,631,TV_Show,COD,19,11,0,0,30-40,21.033333333333335,5.0,1.0,0.2,102,110,5099.3279999999995,0.18,0.4,0.0,0.0,0.0,0,0,0.0,0.0,0,0,0.0,0.0,0,0,0.0,25496.64,5,1,0.2,0
LGS2ORD0039626,C017940,2025-11-10 19:00:00,Female,30,Silver,Shopee,Nakhon Ratchasima,1576,CallCenter,Bank_Transfer,19,11,0,0,20-30,52.53333333333333,4.0,0.0,0.0,-1,145,7129.012500000001,0.3,0.5,0.75,0.0,0.0,0,0,0.0,0.0,0,0,0.0,0.0,0,0,0.0,28516.050000000003,4,0,0.0,0
LGS2ORD0039627,C012322,2025-11-10 19:00:00,Male,24,Silver,TV,Nakhon Ratchasima,412,CallCenter,COD,19,11,0,0,20-30,13.733333333333333,7.0,2.0,0.2857142857142857,6,7,4234.9685714285715,0.25,0.7142857142857143,0.14285714285714285,0.0,0.0,0,0,0.0,4508.02,2,1,0.5,4508.02,2,1,0.5,29644.78,7,2,0.2857142857142857,0
LGS2ORD0039628,C015122,2025-11-10 20:00:00,Female,64,Bronze,TV,Songkhla,500,TV_Show,PromptPay,20,11,0,0,>50,16.666666666666668,1.0,0.0,0.0,-1,138,1488.38,0.18,1.0,0.0,0.0,0.0,0,0,0.0,0.0,0,0,0.0,0.0,0,0,0.0,1488.38,1,0,0.0,0
LGS2ORD0039629,C017962,2025-11-10 20:00:00,Female,35,Bronze,CallCenter,Khon Kaen,1363,CallCenter,COD,20,11,0,0,30-40,45.43333333333333,7.0,1.0,0.14285714285714285,187,94,5166.347142857142,0.28,0.7142857142857143,0.14285714285714285,0.0,0.0,0,0,0.0,0.0,0,0,0.0,0.0,0,0,0.0,36164.42999999999,7,1,0.14285714285714285,0
LGS2ORD0039630,C016069,2025-11-10 20:00:00,Other,56,Bronze,TV,Bangkok,1256,CallCenter,Credit_Card,20,11,0,0,>50,41.86666666666667,8.0,2.0,0.25,247,5,2867.1025,0.28,0.625,0.5,0.0,9097.34,1,0,0.0,10539.04,2,0,0.0,10539.04,2,0,0.0,22936.82,8,2,0.25,0
LGS2ORD0039631,C011850,2025-11-10 20:00:00,Male,57,Bronze,Shopee,Remote_Area,615,TV_Show,PromptPay,20,11,0,0,>50,20.5,11.0,3.0,0.2727272727272727,51,41,5646.369090909091,0.18,0.8181818181818182,0.0,0.0,0.0,0,0,0.0,0.0,0,0,0.0,30535.97,3,1,0.3333333333333333,62110.06,11,3,0.2727272727272727,0
LGS2ORD0039632,C014479,2025-11-10 20:00:00,Male,55,Gold,Shopee,Bangkok,818,Web,Credit_Card,20,11,0,0,>50,27.266666666666666,10.0,3.0,0.3,32,29,1801.6100000000001,0.33,0.5,0.6,0.0,0.0,0,0,0.0,698.47,1,0,0.0,4826.85,4,1,0.25,18016.100000000002,10,3,0.3,0
LGS2ORD0039633,C011954,2025-11-10 21:00:00,Female,46,Platinum,TV,Phuket,1428,Lazada,COD,21,11,0,0,40-50,47.6,4.0,2.0,0.5,202,7,3864.7725000000005,0.25,0.25,0.25,0.0,0.0,0,0,0.0,1106.81,1,0,0.0,1106.81,1,0,0.0,15459.090000000002,4,2,0.5,1
LGS2ORD0039634,C016069,2025-11-10 21:00:00,Other,56,Bronze,TV,Bangkok,1256,Shopee,Credit_Card,21,11,0,0,>50,41.86666666666667,9.0,2.0,0.2222222222222222,247,0,2691.458888888889,0.28,0.5555555555555556,0.4444444444444444,0.0,10383.65,2,0,0.0,11825.35,3,0,0.0,11825.35,3,0,0.0,24223.13,9,2,0.2222222222222222,0
LGS2ORD0039635,C013533,2025-11-10 21:00:00,Male,39,Silver,Shopee,Chonburi,1581,TV_Show,Credit_Card,21,11,0,0,30-40,52.7,0.0,0.0,0.0,-1,-1,0.0,0.0,0.0,0.0,0.0,0.0,0,0,0.0,0.0,0,0,0.0,0.0,0,0,0.0,0.0,0,0,0.0,0
LGS2ORD0039636,C010384,2025-11-10 21:00:00,Male,25,Platinum,TV,Khon Kaen,1504,CallCenter,COD,21,11,0,0,20-30,50.13333333333333,4.0,1.0,0.25,51,32,11680.79,0.3,0.25,0.5,0.0,0.0,0,0,0.0,0.0,0,0,0.0,22817.39,3,1,0.3333333333333333,46723.16,4,1,0.25,1
LGS2ORD0039637,C017289,2025-11-10 21:00:00,Female,38,Platinum,TV,Khon Kaen,1609,TV_Show,COD,21,11,0,0,30-40,53.63333333333333,9.0,1.0,0.1111111111111111,67,41,3697.717777777778,0.35,0.5555555555555556,0.5555555555555556,0.0,0.0,0,0,0.0,0.0,0,0,0.0,11802.36,3,1,0.3333333333333333,33279.46,9,1,0.1111111111111111,0
LGS2ORD0039638,C014756,2025-11-10 22:00:00,Male,43,Bronze,Lazada,Bangkok,960,Shopee,Bank_Transfer,22,11,0,0,40-50,32.0,5.0,0.0,0.0,-1,18,3316.65,0.18,0.0,0.0,0.0,0.0,0,0,0.0,5856.96,1,0,0.0,5856.96,1,0,0.0,16583.25,5,0,0.0,0
LGS2ORD0039639,C015025,2025-11-10 22:00:00,Male,23,Silver,Web,Chiang Mai,1688,Web,PromptPay,22,11,0,0,20-30,56.266666666666666,4.0,0.0,0.0,-1,131,3406.575,0.25,0.5,0.25,0.0,0.0,0,0,0.0,0.0,0,0,0.0,0.0,0,0,0.0,13626.3,4,0,0.0,0
LGS2ORD0039640,C016429,2025-11-10 22:00:00,Female,43,Bronze,TV,Chiang Mai,990,TV_Show,COD,22,11,0,0,40-50,33.0,4.0,2.0,0.5,186,46,14776.4025,0.13,0.5,0.0,0.0,0.0,0,0,0.0,0.0,0,0,0.0,27278.29,2,0,0.0,59105.61,4,2,0.5,0
LGS2ORD0039641,C015366,2025-11-10 22:00:00,Female,36,Bronze,Shopee,Bangkok,1314,Web,PromptPay,22,11,0,0,30-40,43.8,3.0,0.0,0.0,-1,2,4331.633333333334,0.18,0.3333333333333333,0.0,0.0,2649.7,1,0,0.0,2649.7,1,0,0.0,2649.7,1,0,0.0,12994.900000000001,3,0,0.0,0
LGS2ORD0039642,C012458,2025-11-10 22:00:00,Male,49,Bronze,TV,Bangkok,1553,Lazada,Credit_Card,22,11,0,0,40-50,51.766666666666666,4.0,0.0,0.0,-1,71,4983.795,0.18,0.5,0.0,0.0,0.0,0,0,0.0,0.0,0,0,0.0,4795.91,2,0,0.0,19935.18,4,0,0.0,0
LGS2ORD0039643,C017236,2025-11-10 23:00:00,Male,51,Bronze,CallCenter,Chonburi,443,Shopee,Bank_Transfer,23,11,0,0,>50,14.766666666666667,5.0,1.0,0.2,270,4,3854.178,0.28,1.0,0.6,0.0,3292.23,1,0,0.0,3292.23,1,0,0.0,5251.85,2,0,0.0,19270.89,5,1,0.2,0
LGS2ORD0039644,C017286,2025-11-10 23:00:00,Male,43,Silver,CallCenter,Chonburi,1559,TV_Show,Credit_Card,23,11,0,0,40-50,51.96666666666667,6.0,1.0,0.16666666666666666,15,16,5754.945,0.2,0.3333333333333333,0.0,0.0,0.0,0,0,0.0,6758.95,2,1,0.5,9952.49,3,1,0.3333333333333333,34529.67,6,1,0.16666666666666666,0
LGS2ORD0039645,C011241,2025-11-10 23:00:00,Female,29,Gold,Web,Bangkok,629,Shopee,Credit_Card,23,11,0,0,20-30,20.966666666666665,3.0,1.0,0.3333333333333333,236,72,5935.973333333334,0.2299999999999999,1.0,0.3333333333333333,0.0,0.0,0,0,0.0,0.0,0,0,0.0,9152.42,2,0,0.0,17807.920000000002,3,1,0.3333333333333333,0
LGS2ORD0039646,C015361,2025-11-10 23:00:00,Female,46,Bronze,TV,Chonburi,1093,Shopee,Credit_Card,23,11,0,0,40-50,36.43333333333333,9.0,3.0,0.3333333333333333,5,12,6652.7555555555555,0.23,0.6666666666666666,0.3333333333333333,0.0,0.0,0,0,0.0,966.16,1,1,1.0,11087.89,2,1,0.5,59874.8,9,3,0.3333333333333333,0
LGS2ORD0039647,C010263,2025-11-10 23:00:00,Female,33,Gold,Lazada,Songkhla,1502,TV_Show,COD,23,11,0,0,30-40,50.06666666666667,5.0,3.0,0.6,145,13,3710.1099999999997,0.28,0.6,0.4,0.0,0.0,0,0,0.0,8135.860000000001,2,0,0.0,8135.860000000001,2,0,0.0,18550.55,5,3,0.6,1
LGS2ORD0039648,C010151,2025-11-10 23:00:00,Female,38,Bronze,TV,Songkhla,1096,Web,COD,23,11,0,0,30-40,36.53333333333333,2.0,0.0,0.0,-1,137,1314.31,0.23,0.0,0.5,0.0,0.0,0,0,0.0,0.0,0,0,0.0,0.0,0,0,0.0,2628.62,2,0,0.0,0
LGS2ORD0039649,C011724,2025-11-11 00:00:00,Female,46,Silver,Web,Phuket,697,TV_Show,Bank_Transfer,0,11,1,0,40-50,23.233333333333334,3.0,2.0,0.6666666666666666,199,209,3597.9466666666667,0.3,0.6666666666666666,0.3333333333333333,0.0,0.0,0,0,0.0,0.0,0,0,0.0,0.0,0,0,0.0,10793.84,3,2,0.6666666666666666,0
LGS2ORD0039650,C013891,2025-11-11 00:00:00,Female,35,Silver,Lazada,Remote_Area,1156,TV_Show,COD,0,11,1,0,30-40,38.53333333333333,1.0,0.0,0.0,-1,238,1569.19,0.15,1.0,0.0,0.0,0.0,0,0,0.0,0.0,0,0,0.0,0.0,0,0,0.0,1569.19,1,0,0.0,0
LGS2ORD0039651,C013475,2025-11-11 00:00:00,Male,46,Silver,Shopee,Khon Kaen,1153,Lazada,Credit_Card,0,11,1,0,40-50,38.43333333333333,5.0,1.0,0.2,104,1,5229.91,0.3,0.6,0.4,0.0,7962.71,1,0,0.0,7962.71,1,0,0.0,7962.71,1,0,0.0,26149.55,5,1,0.2,1
LGS2ORD0039652,C016946,2025-11-11 00:00:00,Male,54,Silver,TV,Phuket,488,Web,COD,0,11,1,0,>50,16.266666666666666,9.0,4.0,0.4444444444444444,51,26,3219.71,0.3,0.5555555555555556,0.2222222222222222,0.0,0.0,0,0,0.0,1656.14,1,0,0.0,4366.95,2,1,0.5,28977.39,9,4,0.4444444444444444,1
LGS2ORD0039653,C014035,2025-11-11 00:00:00,Female,62,Platinum,Web,Chonburi,1042,TV_Show,Credit_Card,0,11,1,0,>50,34.733333333333334,2.0,0.0,0.0,-1,200,4047.04,0.3,0.5,0.5,0.0,0.0,0,0,0.0,0.0,0,0,0.0,0.0,0,0,0.0,8094.08,2,0,0.0,1
LGS2ORD0039654,C014053,2025-11-11 01:00:00,Male,47,Bronze,TV,Bangkok,877,TV_Show,COD,1,11,1,0,40-50,29.233333333333334,6.0,1.0,0.16666666666666666,199,26,1731.378333333333,0.18,0.8333333333333334,0.0,0.0,0.0,0,0,0.0,946.42,1,0,0.0,4941.7,3,0,0.0,10388.269999999999,6,1,0.16666666666666666,0
LGS2ORD0039655,C016517,2025-11-11 01:00:00,Male,58,Bronze,TV,Bangkok,1493,CallCenter,Bank_Transfer,1,11,1,0,>50,49.766666666666666,4.0,2.0,0.5,207,205,5816.6575,0.23,0.5,0.25,0.0,0.0,0,0,0.0,0.0,0,0,0.0,0.0,0,0,0.0,23266.63,4,2,0.5,0
LGS2ORD0039656,C015936,2025-11-11 01:00:00,Male,33,Silver,Lazada,Bangkok,342,CallCenter,Credit_Card,1,11,1,0,30-40,11.4,3.0,0.0,0.0,-1,16,596.9266666666667,0.3,0.3333333333333333,1.0,0.0,0.0,0,0,0.0,491.61,1,0,0.0,914.5699999999999,2,0,0.0,1790.7800000000002,3,0,0.0,0
LGS2ORD0039657,C015116,2025-11-11 01:00:00,Male,37,Silver,Web,Bangkok,436,CallCenter,Credit_Card,1,11,1,0,30-40,14.533333333333333,4.0,1.0,0.25,172,28,6755.0525,0.1,0.75,0.0,0.0,0.0,0,0,0.0,4430.09,1,0,0.0,4430.09,1,0,0.0,27020.21,4,1,0.25,0
LGS2ORD0039658,C012368,2025-11-11 01:00:00,Male,45,Platinum,TV,Bangkok,1407,CallCenter,Credit_Card,1,11,1,0,40-50,46.9,3.0,1.0,0.3333333333333333,21,27,4161.983333333334,0.25,0.6666666666666666,0.3333333333333333,0.0,0.0,0,0,0.0,1633.32,1,1,1.0,1633.32,1,1,1.0,12485.95,3,1,0.3333333333333333,0
LGS2ORD0039659,C017823,2025-11-11 02:00:00,Male,44,Gold,Lazada,Khon Kaen,780,Lazada,COD,2,11,1,0,40-50,26.0,6.0,0.0,0.0,-1,121,7220.841666666667,0.33,0.16666666666666666,0.3333333333333333,0.0,0.0,0,0,0.0,0.0,0,0,0.0,0.0,0,0,0.0,43325.05,6,0,0.0,0
LGS2ORD0039660,C014380,2025-11-11 02:00:00,Male,41,Silver,Shopee,Nakhon Ratchasima,1753,CallCenter,Credit_Card,2,11,1,0,40-50,58.43333333333333,8.0,2.0,0.25,118,4,2768.375,0.25,0.875,0.25,0.0,2241.96,1,0,0.0,2241.96,1,0,0.0,2241.96,1,0,0.0,22147.0,8,2,0.25,0
LGS2ORD0039661,C014955,2025-11-11 02:00:00,Female,60,Silver,Shopee,Bangkok,848,CallCenter,PromptPay,2,11,1,0,>50,28.266666666666666,6.0,0.0,0.0,-1,7,3531.1983333333337,0.25,0.16666666666666666,0.16666666666666666,0.0,0.0,0,0,0.0,5860.2,2,0,0.0,7575.17,3,0,0.0,21187.190000000002,6,0,0.0,0
LGS2ORD0039662,C016272,2025-11-11 02:00:00,Other,28,Bronze,Web,Chonburi,824,TV_Show,COD,2,11,1,0,20-30,27.466666666666665,5.0,1.0,0.2,237,1,8619.472,0.18,0.6,0.0,0.0,11026.1,1,0,0.0,11026.1,1,0,0.0,11026.1,1,0,0.0,43097.36,5,1,0.2,0
LGS2ORD0039663,C013851,2025-11-11 02:00:00,Male,42,Bronze,TV,Chiang Mai,935,Lazada,COD,2,11,1,0,40-50,31.166666666666668,3.0,0.0,0.0,-1,144,4163.816666666667,0.23,0.3333333333333333,0.3333333333333333,0.0,0.0,0,0,0.0,0.0,0,0,0.0,0.0,0,0,0.0,12491.45,3,0,0.0,1
LGS2ORD0039664,C010195,2025-11-11 03:00:00,Male,56,Platinum,TV,Chonburi,1450,Web,Credit_Card,3,11,1,0,>50,48.333333333333336,5.0,1.0,0.2,275,108,5348.62,0.35,0.2,0.2,0.0,0.0,0,0,0.0,0.0,0,0,0.0,0.0,0,0,0.0,26743.1,5,1,0.2,0
LGS2ORD0039665,C010869,2025-11-11 03:00:00,Male,41,Gold,Web,Chiang Mai,600,Lazada,Credit_Card,3,11,1,0,40-50,20.0,2.0,0.0,0.0,-1,81,2642.95,0.33,0.5,0.5,0.0,0.0,0,0,0.0,0.0,0,0,0.0,1594.2,1,0,0.0,5285.9,2,0,0.0,0
LGS2ORD0039666,C011331,2025-11-11 03:00:00,Female,41,Silver,Shopee,Nakhon Ratchasima,1670,TV_Show,COD,3,11,1,0,40-50,55.666666666666664,1.0,0.0,0.0,-1,134,11833.73,0.15,0.0,0.0,0.0,0.0,0,0,0.0,0.0,0,0,0.0,0.0,0,0,0.0,11833.73,1,0,0.0,0
LGS2ORD0039667,C016258,2025-11-11 03:00:00,Female,67,Platinum,TV,Songkhla,844,CallCenter,COD,3,11,1,0,>50,28.133333333333333,6.0,2.0,0.3333333333333333,79,80,6231.28,0.35,0.16666666666666666,0.3333333333333333,0.0,0.0,0,0,0.0,0.0,0,0,0.0,2041.0,2,1,0.5,37387.68,6,2,0.3333333333333333,0
LGS2ORD0039668,C014350,2025-11-11 03:00:00,Female,49,Gold,Web,Bangkok,1056,TV_Show,COD,3,11,1,0,40-50,35.2,6.0,0.0,0.0,-1,45,2553.085,0.33,0.3333333333333333,0.6666666666666666,0.0,0.0,0,0,0.0,0.0,0,0,0.0,7839.26,2,0,0.0,15318.51,6,0,0.0,1
LGS2ORD0039669,C016379,2025-11-11 03:00:00,Male,27,Gold,Shopee,Nakhon Ratchasima,1234,Web,PromptPay,3,11,1,0,20-30,41.13333333333333,2.0,0.0,0.0,-1,88,4690.295,0.2299999999999999,0.5,0.5,0.0,0.0,0,0,0.0,0.0,0,0,0.0,2713.34,1,0,0.0,9380.59,2,0,0.0,0
LGS2ORD0039670,C015790,2025-11-11 04:00:00,Male,36,Bronze,CallCenter,Bangkok,1721,Web,Credit_Card,4,11,1,0,30-40,57.36666666666667,7.0,0.0,0.0,-1,79,6266.147142857143,0.28,0.5714285714285714,0.2857142857142857,0.0,0.0,0,0,0.0,0.0,0,0,0.0,24730.46,2,0,0.0,43863.03,7,0,0.0,0
LGS2ORD0039671,C017647,2025-11-11 04:00:00,Female,68,Silver,Lazada,Nakhon Ratchasima,1123,TV_Show,Bank_Transfer,4,11,1,0,>50,37.43333333333333,6.0,1.0,0.16666666666666666,158,85,6810.768333333333,0.25,0.5,0.16666666666666666,0.0,0.0,0,0,0.0,0.0,0,0,0.0,15365.89,1,0,0.0,40864.61,6,1,0.16666666666666666,0
LGS2ORD0039672,C012204,2025-11-11 04:00:00,Male,41,Platinum,Lazada,Bangkok,1010,CallCenter,PromptPay,4,11,1,0,40-50,33.666666666666664,3.0,2.0,0.6666666666666666,120,129,1577.4666666666665,0.3,0.6666666666666666,0.3333333333333333,0.0,0.0,0,0,0.0,0.0,0,0,0.0,0.0,0,0,0.0,4732.4,3,2,0.6666666666666666,0
LGS2ORD0039673,C010683,2025-11-11 04:00:00,Male,50,Silver,Shopee,Khon Kaen,580,CallCenter,Bank_Transfer,4,11,1,0,40-50,19.333333333333332,9.0,1.0,0.1111111111111111,131,25,6962.065555555556,0.2,0.4444444444444444,0.0,0.0,0.0,0,0,0.0,9442.21,1,0,0.0,14487.02,2,0,0.0,62658.590000000004,9,1,0.1111111111111111,0
LGS2ORD0039674,C014081,2025-11-11 04:00:00,Male,39,Gold,Web,Songkhla,1771,Lazada,COD,4,11,1,0,30-40,59.03333333333333,4.0,0.0,0.0,-1,40,4740.3375,0.18,0.25,0.0,0.0,0.0,0,0,0.0,0.0,0,0,0.0,10171.32,1,0,0.0,18961.35,4,0,0.0,0
LGS2ORD0039675,C013512,2025-11-11 05:00:00,Male,32,Platinum,Web,Bangkok,764,Shopee,PromptPay,5,11,1,0,30-40,25.466666666666665,2.0,0.0,0.0,-1,212,1498.49,0.2,0.5,0.0,0.0,0.0,0,0,0.0,0.0,0,0,0.0,0.0,0,0,0.0,2996.98,2,0,0.0,0
LGS2ORD0039676,C011213,2025-11-11 05:00:00,Female,43,Platinum,TV,Bangkok,1763,CallCenter,COD,5,11,1,0,40-50,58.766666666666666,4.0,0.0,0.0,-1,41,3355.9199999999996,0.2,0.5,0.0,0.0,0.0,0,0,0.0,0.0,0,0,0.0,1233.22,1,0,0.0,13423.679999999998,4,0,0.0,0
LGS2ORD0039677,C014934,2025-11-11 05:00:00,Male,48,Silver,TV,Bangkok,1587,CallCenter,Credit_Card,5,11,1,0,40-50,52.9,4.0,0.0,0.0,-1,33,2731.3775000000005,0.3,0.25,0.75,0.0,0.0,0,0,0.0,0.0,0,0,0.0,1760.45,1,0,0.0,10925.510000000002,4,0,0.0,0
LGS2ORD0039678,C010515,2025-11-11 05:00:00,Male,44,Bronze,TV,Bangkok,1368,Shopee,COD,5,11,1,0,40-50,45.6,6.0,0.0,0.0,-1,13,8795.585000000001,0.28,0.6666666666666666,0.3333333333333333,0.0,0.0,0,0,0.0,1780.39,1,0,0.0,15479.13,3,0,0.0,52773.51,6,0,0.0,0
LGS2ORD0039679,C013532,2025-11-11 05:00:00,Male,29,Platinum,TV,Bangkok,1196,Shopee,COD,5,11,1,0,20-30,39.86666666666667,4.0,0.0,0.0,-1,100,3798.3,0.25,0.5,0.25,0.0,0.0,0,0,0.0,0.0,0,0,0.0,0.0,0,0,0.0,15193.2,4,0,0.0,1
LGS2ORD0039680,C015117,2025-11-11 06:00:00,Male,55,Bronze,Web,Chonburi,1597,Lazada,Credit_Card,6,11,1,0,>50,53.233333333333334,6.0,1.0,0.16666666666666666,31,48,5166.78,0.28,0.16666666666666666,0.5,0.0,0.0,0,0,0.0,0.0,0,0,0.0,1991.24,1,1,1.0,31000.68,6,1,0.16666666666666666,0
LGS2ORD0039681,C017806,2025-11-11 06:00:00,Male,50,Bronze,Shopee,Bangkok,439,Shopee,COD,6,11,1,0,40-50,14.633333333333333,4.0,1.0,0.25,109,31,3616.335,0.28,0.5,0.25,0.0,0.0,0,0,0.0,0.0,0,0,0.0,2262.13,1,0,0.0,14465.34,4,1,0.25,0
LGS2ORD0039682,C011720,2025-11-11 06:00:00,Male,71,Bronze,Lazada,Nakhon Ratchasima,1671,Lazada,COD,6,11,1,0,>50,55.7,1.0,0.0,0.0,-1,272,2382.24,0.18,1.0,0.0,0.0,0.0,0,0,0.0,0.0,0,0,0.0,0.0,0,0,0.0,2382.24,1,0,0.0,0
LGS2ORD0039683,C015781,2025-11-11 06:00:00,Female,45,Bronze,Shopee,Songkhla,1592,Web,Credit_Card,6,11,1,0,40-50,53.06666666666667,7.0,2.0,0.2857142857142857,207,3,4771.858571428571,0.23,0.42857142857142855,0.14285714285714285,0.0,163.09,1,0,0.0,163.09,1,0,0.0,12741.55,3,0,0.0,33403.009999999995,7,2,0.2857142857142857,0
LGS2ORD0039684,C013396,2025-11-11 06:00:00,Female,49,Gold,Shopee,Phuket,1766,Lazada,COD,6,11,1,0,40-50,58.86666666666667,7.0,2.0,0.2857142857142857,18,31,7018.952857142857,0.28,0.7142857142857143,0.5714285714285714,0.0,0.0,0,0,0.0,0.0,0,0,0.0,4304.95,1,1,1.0,49132.67,7,2,0.2857142857142857,1
LGS2ORD0039685,C013646,2025-11-11 06:00:00,Female,36,Silver,CallCenter,Bangkok,695,TV_Show,Credit_Card,6,11,1,0,30-40,23.166666666666668,4.0,1.0,0.25,29,38,6726.125,0.25,0.5,0.25,0.0,0.0,0,0,0.0,0.0,0,0,0.0,14318.29,2,1,0.5,26904.5,4,1,0.25,0
LGS2ORD0039686,C013474,2025-11-11 07:00:00,Male,67,Bronze,TV,Nakhon Ratchasima,683,Web,COD,7,11,1,0,>50,22.766666666666666,2.0,0.0,0.0,-1,159,6960.105,0.28,0.5,0.5,0.0,0.0,0,0,0.0,0.0,0,0,0.0,0.0,0,0,0.0,13920.21,2,0,0.0,0
LGS2ORD0039687,C011856,2025-11-11 07:00:00,Female,43,Bronze,Web,Khon Kaen,829,TV_Show,Credit_Card,7,11,1,0,40-50,27.633333333333333,3.0,2.0,0.6666666666666666,100,107,1995.9866666666667,0.13,0.6666666666666666,0.0,0.0,0.0,0,0,0.0,0.0,0,0,0.0,0.0,0,0,0.0,5987.96,3,2,0.6666666666666666,0
LGS2ORD0039688,C010888,2025-11-11 07:00:00,Other,36,Bronze,TV,Bangkok,1357,TV_Show,COD,7,11,1,0,30-40,45.233333333333334,7.0,4.0,0.5714285714285714,101,36,3618.1271428571426,0.18,0.5714285714285714,0.0,0.0,0.0,0,0,0.0,0.0,0,0,0.0,1416.69,1,0,0.0,25326.89,7,4,0.5714285714285714,0
LGS2ORD0039689,C012592,2025-11-11 07:00:00,Female,31,Bronze,TV,Bangkok,632,Lazada,COD,7,11,1,0,30-40,21.066666666666666,6.0,1.0,0.16666666666666666,102,0,7515.399999999999,0.18,0.5,0.0,0.0,19595.76,1,0,0.0,19595.76,1,0,0.0,19595.76,1,0,0.0,45092.399999999994,6,1,0.16666666666666666,0
LGS2ORD0039690,C017270,2025-11-11 07:00:00,Female,40,Bronze,TV,Bangkok,524,Shopee,COD,7,11,1,0,30-40,17.466666666666665,7.0,3.0,0.42857142857142855,73,8,3572.031428571428,0.28,0.7142857142857143,0.2857142857142857,0.0,0.0,0,0,0.0,6197.19,1,0,0.0,7578.12,3,2,0.6666666666666666,25004.219999999998,7,3,0.42857142857142855,1
LGS2ORD0039691,C012977,2025-11-11 08:00:00,Male,19,Gold,Web,Songkhla,1630,CallCenter,COD,8,11,1,0,<20,54.333333333333336,1.0,0.0,0.0,-1,228,3961.28,0.08,1.0,0.0,0.0,0.0,0,0,0.0,0.0,0,0,0.0,0.0,0,0,0.0,3961.28,1,0,0.0,0
LGS2ORD0039692,C015818,2025-11-11 08:00:00,Male,39,Bronze,Shopee,Nakhon Ratchasima,1484,Lazada,COD,8,11,1,0,30-40,49.46666666666667,1.0,0.0,0.0,-1,147,4299.74,0.08,1.0,0.0,0.0,0.0,0,0,0.0,0.0,0,0,0.0,0.0,0,0,0.0,4299.74,1,0,0.0,0
LGS2ORD0039693,C014767,2025-11-11 08:00:00,Male,50,Gold,Web,Phuket,1616,Web,PromptPay,8,11,1,0,40-50,53.86666666666667,5.0,0.0,0.0,-1,157,8734.742000000002,0.2299999999999999,0.4,0.2,0.0,0.0,0,0,0.0,0.0,0,0,0.0,0.0,0,0,0.0,43673.71000000001,5,0,0.0,0
LGS2ORD0039694,C017540,2025-11-11 08:00:00,Male,38,Gold,TV,Phuket,1025,Web,Bank_Transfer,8,11,1,0,30-40,34.166666666666664,5.0,2.0,0.4,4,11,4905.325999999999,0.28,0.4,0.8,0.0,0.0,0,0,0.0,7779.53,1,1,1.0,7779.53,1,1,1.0,24526.629999999997,5,2,0.4,0
LGS2ORD0039695,C012586,2025-11-11 08:00:00,Male,51,Bronze,Lazada,Bangkok,652,TV_Show,Credit_Card,8,11,1,0,>50,21.733333333333334,3.0,2.0,0.6666666666666666,190,195,3660.186666666667,0.18,0.6666666666666666,0.0,0.0,0.0,0,0,0.0,0.0,0,0,0.0,0.0,0,0,0.0,10980.560000000001,3,2,0.6666666666666666,0
LGS2ORD0039696,C011833,2025-11-11 09:00:00,Female,37,Bronze,Lazada,Remote_Area,1172,Lazada,COD,9,11,1,0,30-40,39.06666666666667,7.0,1.0,0.14285714285714285,283,10,2715.7985714285714,0.23,0.42857142857142855,0.14285714285714285,0.0,0.0,0,0,0.0,5002.3099999999995,2,0,0.0,12012.349999999999,4,0,0.0,19010.59,7,1,0.14285714285714285,0
LGS2ORD0039697,C016853,2025-11-11 09:00:00,Female,35,Bronze,Web,Khon Kaen,1169,CallCenter,COD,9,11,1,0,30-40,38.96666666666667,5.0,1.0,0.2,131,39,3565.222,0.28,0.6,0.4,0.0,0.0,0,0,0.0,0.0,0,0,0.0,11205.27,3,0,0.0,17826.11,5,1,0.2,1
LGS2ORD0039698,C016648,2025-11-11 09:00:00,Female,48,Bronze,Lazada,Chiang Mai,1050,Lazada,COD,9,11,1,0,40-50,35.0,7.0,1.0,0.14285714285714285,35,3,5956.544285714285,0.28,0.7142857142857143,0.42857142857142855,0.0,7119.97,1,0,0.0,14387.51,3,0,0.0,27211.21,4,1,0.25,41695.81,7,1,0.14285714285714285,0
LGS2ORD0039699,C016420,2025-11-11 09:00:00,Female,33,Bronze,TV,Chiang Mai,1061,TV_Show,PromptPay,9,11,1,0,30-40,35.36666666666667,8.0,1.0,0.125,302,21,7902.52375,0.23,0.625,0.25,0.0,0.0,0,0,0.0,11338.63,1,0,0.0,12045.669999999998,2,0,0.0,63220.19,8,1,0.125,0
LGS2ORD0039700,C014917,2025-11-11 09:00:00,Female,56,Gold,TV,Songkhla,966,Web,COD,9,11,1,0,>50,32.2,7.0,0.0,0.0,-1,45,5608.594285714285,0.28,0.42857142857142855,0.42857142857142855,0.0,0.0,0,0,0.0,0.0,0,0,0.0,7987.21,3,0,0.0,39260.159999999996,7,0,0.0,0
LGS2ORD0039701,C011658,2025-11-11 10:00:00,Female,27,Bronze,CallCenter,Bangkok,1744,Web,PromptPay,10,11,1,0,20-30,58.13333333333333,6.0,0.0,0.0,-1,79,5068.151666666667,0.23,0.5,0.3333333333333333,0.0,0.0,0,0,0.0,0.0,0,0,0.0,2012.84,1,0,0.0,30408.91,6,0,0.0,0
LGS2ORD0039702,C010916,2025-11-11 10:00:00,Male,41,Bronze,CallCenter,Khon Kaen,413,Shopee,Bank_Transfer,10,11,1,0,40-50,13.766666666666667,8.0,1.0,0.125,63,14,6059.692499999999,0.28,0.25,0.25,0.0,0.0,0,0,0.0,20283.95,1,0,0.0,36171.54,2,1,0.5,48477.53999999999,8,1,0.125,0
LGS2ORD0039703,C010112,2025-11-11 10:00:00,Female,54,Bronze,Lazada,Songkhla,1191,Web,COD,10,11,1,0,>50,39.7,5.0,1.0,0.2,187,97,4040.15,0.28,0.8,0.4,0.0,0.0,0,0,0.0,0.0,0,0,0.0,0.0,0,0,0.0,20200.75,5,1,0.2,1
LGS2ORD0039704,C010718,2025-11-11 10:00:00,Male,30,Bronze,TV,Bangkok,1341,Web,COD,10,11,1,0,20-30,44.7,5.0,1.0,0.2,91,79,5391.294,0.18,0.6,0.0,0.0,0.0,0,0,0.0,0.0,0,0,0.0,812.78,1,0,0.0,26956.469999999998,5,1,0.2,0
LGS2ORD0039705,C016494,2025-11-11 10:00:00,Male,33,Silver,Shopee,Khon Kaen,1248,Shopee,Credit_Card,10,11,1,0,30-40,41.6,4.0,1.0,0.25,196,138,6953.882500000001,0.25,0.25,0.25,0.0,0.0,0,0,0.0,0.0,0,0,0.0,0.0,0,0,0.0,27815.530000000002,4,1,0.25,0
LGS2ORD0039706,C013190,2025-11-11 10:00:00,Female,35,Silver,TV,Bangkok,1113,Web,PromptPay,10,11,1,0,30-40,37.1,6.0,1.0,0.16666666666666666,226,3,3694.9833333333336,0.3,0.6666666666666666,0.3333333333333333,0.0,2829.89,1,0,0.0,2829.89,1,0,0.0,11671.859999999999,2,0,0.0,22169.9,6,1,0.16666666666666666,0
LGS2ORD0039707,C016731,2025-11-11 11:00:00,Female,48,Gold,Shopee,Songkhla,450,Web,COD,11,11,1,0,40-50,15.0,8.0,2.0,0.25,41,13,6564.87125,0.33,0.5,0.5,0.0,0.0,0,0,0.0,4274.48,1,0,0.0,13267.95,3,1,0.3333333333333333,52518.97,8,2,0.25,0
LGS2ORD0039708,C014533,2025-11-11 11:00:00,Female,47,Bronze,TV,Songkhla,1677,Shopee,COD,11,11,1,0,40-50,55.9,7.0,2.0,0.2857142857142857,63,44,4115.775714285714,0.23,0.5714285714285714,0.14285714285714285,0.0,0.0,0,0,0.0,0.0,0,0,0.0,7982.34,2,1,0.5,28810.429999999993,7,2,0.2857142857142857,0
LGS2ORD0039709,C012533,2025-11-11 11:00:00,Female,31,Bronze,Shopee,Bangkok,883,TV_Show,COD,11,11,1,0,30-40,29.433333333333334,9.0,0.0,0.0,-1,50,4966.355555555556,0.28,0.5555555555555556,0.1111111111111111,0.0,0.0,0,0,0.0,0.0,0,0,0.0,18153.56,4,0,0.0,44697.200000000004,9,0,0.0,0
LGS2ORD0039710,C012991,2025-11-11 11:00:00,Male,48,Platinum,Shopee,Phuket,1217,Shopee,COD,11,11,1,0,40-50,40.56666666666667,6.0,2.0,0.3333333333333333,69,40,4621.923333333333,0.25,0.6666666666666666,0.16666666666666666,0.0,0.0,0,0,0.0,0.0,0,0,0.0,19877.39,2,1,0.5,27731.54,6,2,0.3333333333333333,1
LGS2ORD0039711,C012667,2025-11-11 11:00:00,Female,43,Bronze,Shopee,Phuket,600,Shopee,PromptPay,11,11,1,0,40-50,20.0,4.0,0.0,0.0,-1,92,3605.35,0.28,0.5,0.5,0.0,0.0,0,0,0.0,0.0,0,0,0.0,0.0,0,0,0.0,14421.4,4,0,0.0,0
LGS2ORD0039712,C011448,2025-11-11 12:00:00,Male,65,Silver,Lazada,Bangkok,1171,TV_Show,COD,12,11,1,0,>50,39.03333333333333,7.0,0.0,0.0,-1,2,5489.992857142856,0.3,0.7142857142857143,0.42857142857142855,0.0,5684.18,1,0,0.0,7992.06,2,0,0.0,13689.98,5,0,0.0,38429.95,7,0,0.0,0
LGS2ORD0039713,C015159,2025-11-11 12:00:00,Male,43,Bronze,Web,Khon Kaen,1586,TV_Show,Credit_Card,12,11,1,0,40-50,52.86666666666667,6.0,0.0,0.0,-1,8,4862.413333333334,0.23,0.3333333333333333,0.16666666666666666,0.0,0.0,0,0,0.0,9464.39,2,0,0.0,19092.64,4,0,0.0,29174.480000000003,6,0,0.0,0
LGS2ORD0039714,C012986,2025-11-11 12:00:00,Female,38,Silver,TV,Bangkok,1661,Lazada,PromptPay,12,11,1,0,30-40,55.36666666666667,7.0,1.0,0.14285714285714285,204,51,6601.064285714286,0.25,0.14285714285714285,0.2857142857142857,0.0,0.0,0,0,0.0,0.0,0,0,0.0,19397.58,3,0,0.0,46207.45,7,1,0.14285714285714285,0
LGS2ORD0039715,C011647,2025-11-11 12:00:00,Female,40,Bronze,Lazada,Remote_Area,1042,TV_Show,PromptPay,12,11,1,0,30-40,34.733333333333334,11.0,3.0,0.2727272727272727,85,7,4112.762727272727,0.28,0.5454545454545454,0.18181818181818182,0.09090909090909091,0.0,0,0,0.0,10870.49,2,0,0.0,10870.49,2,0,0.0,45240.39,11,3,0.2727272727272727,0
LGS2ORD0039716,C012296,2025-11-11 12:00:00,Other,38,Bronze,Web,Remote_Area,688,TV_Show,COD,12,11,1,0,30-40,22.933333333333334,3.0,0.0,0.0,-1,45,8195.243333333334,0.03,0.3333333333333333,0.0,0.0,0.0,0,0,0.0,0.0,0,0,0.0,16047.2,2,0,0.0,24585.730000000003,3,0,0.0,1
LGS2ORD0039717,C014239,2025-11-11 13:00:00,Male,45,Bronze,Web,Chiang Mai,969,TV_Show,Credit_Card,13,11,1,0,40-50,32.3,2.0,1.0,0.5,55,64,9302.67,0.28,0.5,0.5,0.0,0.0,0,0,0.0,0.0,0,0,0.0,15242.38,1,1,1.0,18605.34,2,1,0.5,0
LGS2ORD0039718,C013620,2025-11-11 13:00:00,Female,47,Bronze,Shopee,Remote_Area,605,Web,PromptPay,13,11,1,0,40-50,20.166666666666668,4.0,2.0,0.5,111,127,785.4925,0.28,0.5,0.75,0.0,0.0,0,0,0.0,0.0,0,0,0.0,0.0,0,0,0.0,3141.97,4,2,0.5,0
LGS2ORD0039719,C015155,2025-11-11 13:00:00,Male,30,Platinum,Web,Nakhon Ratchasima,493,Lazada,Credit_Card,13,11,1,0,20-30,16.433333333333334,5.0,1.0,0.2,85,91,5166.62,0.35,0.6,0.6,0.0,0.0,0,0,0.0,0.0,0,0,0.0,0.0,0,0,0.0,25833.1,5,1,0.2,0
LGS2ORD0039720,C011211,2025-11-11 13:00:00,Female,26,Bronze,TV,Bangkok,1594,Web,Bank_Transfer,13,11,1,0,20-30,53.13333333333333,6.0,3.0,0.5,47,42,9177.574999999999,0.23,0.8333333333333334,0.16666666666666666,0.0,0.0,0,0,0.0,0.0,0,0,0.0,40203.67,3,1,0.3333333333333333,55065.45,6,3,0.5,0
LGS2ORD0039721,C017956,2025-11-11 13:00:00,Female,33,Bronze,TV,Songkhla,1441,CallCenter,COD,13,11,1,0,30-40,48.03333333333333,4.0,1.0,0.25,289,5,8110.879999999999,0.18,0.5,0.0,0.0,7276.67,1,0,0.0,7276.67,1,0,0.0,30124.190000000002,2,0,0.0,32443.519999999997,4,1,0.25,0
LGS2ORD0039722,C015087,2025-11-11 14:00:00,Female,31,Gold,Lazada,Remote_Area,1682,Web,COD,14,11,1,0,30-40,56.06666666666667,7.0,2.0,0.2857142857142857,172,93,5346.052857142857,0.28,0.7142857142857143,0.42857142857142855,0.0,0.0,0,0,0.0,0.0,0,0,0.0,0.0,0,0,0.0,37422.369999999995,7,2,0.2857142857142857,1
LGS2ORD0039723,C016420,2025-11-11 14:00:00,Female,33,Bronze,TV,Chiang Mai,1061,Lazada,Bank_Transfer,14,11,1,0,30-40,35.36666666666667,9.0,1.0,0.1111111111111111,302,0,7163.305555555556,0.28,0.5555555555555556,0.3333333333333333,0.0,1249.56,1,0,0.0,12588.189999999999,2,0,0.0,13295.229999999998,3,0,0.0,64469.75,9,1,0.1111111111111111,0
LGS2ORD0039724,C014015,2025-11-11 14:00:00,Female,57,Bronze,TV,Remote_Area,1464,Lazada,Credit_Card,14,11,1,0,>50,48.8,8.0,2.0,0.25,2,14,5094.6175,0.23,0.375,0.125,0.0,0.0,0,0,0.0,11048.869999999999,2,1,0.5,19290.77,4,2,0.5,40756.94,8,2,0.25,0
LGS2ORD0039725,C014205,2025-11-11 14:00:00,Male,35,Bronze,TV,Songkhla,405,TV_Show,COD,14,11,1,0,30-40,13.5,7.0,2.0,0.2857142857142857,231,15,2925.371428571428,0.28,0.5714285714285714,0.42857142857142855,0.0,0.0,0,0,0.0,4104.79,1,0,0.0,4841.38,2,0,0.0,20477.6,7,2,0.2857142857142857,1
LGS2ORD0039726,C012173,2025-11-11 14:00:00,Male,40,Bronze,Shopee,Songkhla,583,Web,COD,14,11,1,0,30-40,19.433333333333334,8.0,3.0,0.375,65,74,3624.78375,0.23,0.75,0.25,0.0,0.0,0,0,0.0,0.0,0,0,0.0,2417.87,2,1,0.5,28998.27,8,3,0.375,1
LGS2ORD0039727,C011210,2025-11-11 14:00:00,Other,35,Bronze,TV,Songkhla,696,Shopee,Credit_Card,14,11,1,0,30-40,23.2,4.0,1.0,0.25,84,69,6308.9775,0.18,0.75,0.0,0.0,0.0,0,0,0.0,0.0,0,0,0.0,9402.98,1,0,0.0,25235.91,4,1,0.25,0
LGS2ORD0039728,C011695,2025-11-11 15:00:00,Female,49,Platinum,TV,Chiang Mai,1316,Lazada,COD,15,11,1,0,40-50,43.86666666666667,3.0,2.0,0.6666666666666666,39,46,1793.76,0.25,0.3333333333333333,0.3333333333333333,0.0,0.0,0,0,0.0,0.0,0,0,0.0,1621.92,1,1,1.0,5381.28,3,2,0.6666666666666666,0
LGS2ORD0039729,C016112,2025-11-11 15:00:00,Male,37,Silver,TV,Bangkok,1238,TV_Show,Credit_Card,15,11,1,0,30-40,41.266666666666666,4.0,0.0,0.0,-1,91,4628.555,0.3,0.0,0.5,0.0,0.0,0,0,0.0,0.0,0,0,0.0,0.0,0,0,0.0,18514.22,4,0,0.0,0
LGS2ORD0039730,C016796,2025-11-11 15:00:00,Male,59,Gold,TV,Phuket,541,Lazada,COD,15,11,1,0,>50,18.033333333333335,2.0,0.0,0.0,-1,49,4964.51,0.08,0.5,0.0,0.0,0.0,0,0,0.0,0.0,0,0,0.0,7717.2,1,0,0.0,9929.02,2,0,0.0,0
LGS2ORD0039731,C013049,2025-11-11 15:00:00,Male,23,Bronze,Web,Songkhla,1683,TV_Show,Credit_Card,15,11,1,0,20-30,56.1,7.0,1.0,0.14285714285714285,287,94,6396.517142857142,0.23,0.2857142857142857,0.2857142857142857,0.0,0.0,0,0,0.0,0.0,0,0,0.0,0.0,0,0,0.0,44775.619999999995,7,1,0.14285714285714285,0
LGS2ORD0039732,C015228,2025-11-11 15:00:00,Male,50,Bronze,TV,Phuket,1487,Shopee,PromptPay,15,11,1,0,40-50,49.56666666666667,7.0,3.0,0.42857142857142855,91,87,7615.437142857141,0.18,0.7142857142857143,0.0,0.0,0.0,0,0,0.0,0.0,0,0,0.0,464.38,1,0,0.0,53308.05999999999,7,3,0.42857142857142855,0
LGS2ORD0039733,C017459,2025-11-11 16:00:00,Female,18,Gold,Web,Bangkok,1772,TV_Show,COD,16,11,1,0,<20,59.06666666666667,5.0,2.0,0.4,136,151,3448.3380000000006,0.28,0.8,0.4,0.0,0.0,0,0,0.0,0.0,0,0,0.0,0.0,0,0,0.0,17241.690000000002,5,2,0.4,1
LGS2ORD0039734,C014281,2025-11-11 16:00:00,Male,41,Bronze,Web,Remote_Area,671,Web,COD,16,11,1,0,40-50,22.366666666666667,6.0,2.0,0.3333333333333333,90,57,6755.036666666667,0.18,0.6666666666666666,0.0,0.0,0.0,0,0,0.0,0.0,0,0,0.0,4094.46,1,0,0.0,40530.22,6,2,0.3333333333333333,0
LGS2ORD0039735,C010666,2025-11-11 16:00:00,Female,24,Silver,TV,Chiang Mai,779,TV_Show,PromptPay,16,11,1,0,20-30,25.966666666666665,4.0,0.0,0.0,-1,61,11732.407500000001,0.25,0.5,0.25,0.0,0.0,0,0,0.0,0.0,0,0,0.0,28004.54,1,0,0.0,46929.630000000005,4,0,0.0,0
LGS2ORD0039736,C016210,2025-11-11 16:00:00,Female,37,Silver,TV,Chonburi,1111,Shopee,COD,16,11,1,0,30-40,37.03333333333333,5.0,1.0,0.2,45,55,2674.25,0.25,1.0,0.4,0.0,0.0,0,0,0.0,0.0,0,0,0.0,6252.2,1,1,1.0,13371.25,5,1,0.2,0
LGS2ORD0039737,C010150,2025-11-11 16:00:00,Female,36,Bronze,TV,Nakhon Ratchasima,332,Lazada,Credit_Card,16,11,1,0,30-40,11.066666666666666,3.0,1.0,0.3333333333333333,46,16,2177.2666666666664,0.23,0.6666666666666666,0.3333333333333333,0.0,0.0,0,0,0.0,2247.44,1,0,0.0,3818.06,2,1,0.5,6531.799999999999,3,1,0.3333333333333333,0
LGS2ORD0039738,C011420,2025-11-11 17:00:00,Male,32,Gold,Lazada,Chiang Mai,1755,CallCenter,COD,17,11,1,0,30-40,58.5,4.0,1.0,0.25,1,8,3183.25,0.33,0.75,0.25,0.0,0.0,0,0,0.0,4934.37,2,1,0.5,4934.37,2,1,0.5,12733.0,4,1,0.25,0
LGS2ORD0039739,C015195,2025-11-11 17:00:00,Male,48,Gold,TV,Chonburi,588,Lazada,PromptPay,17,11,1,0,40-50,19.6,5.0,1.0,0.2,8,18,5239.384,0.33,0.2,0.2,0.0,0.0,0,0,0.0,11420.38,1,1,1.0,12056.689999999999,2,1,0.5,26196.92,5,1,0.2,0
LGS2ORD0039740,C012491,2025-11-11 17:00:00,Male,67,Gold,Lazada,Remote_Area,1726,Shopee,COD,17,11,1,0,>50,57.53333333333333,6.0,3.0,0.5,140,90,3893.0366666666664,0.28,0.8333333333333334,0.3333333333333333,0.0,0.0,0,0,0.0,0.0,0,0,0.0,0.0,0,0,0.0,23358.219999999998,6,3,0.5,1
LGS2ORD0039741,C014311,2025-11-11 17:00:00,Female,46,Bronze,Web,Chiang Mai,1044,TV_Show,COD,17,11,1,0,40-50,34.8,7.0,2.0,0.2857142857142857,136,11,7502.105714285714,0.28,0.2857142857142857,0.42857142857142855,0.0,0.0,0,0,0.0,1856.42,1,0,0.0,19836.199999999997,2,0,0.0,52514.74,7,2,0.2857142857142857,0
LGS2ORD0039742,C013598,2025-11-11 17:00:00,Male,27,Bronze,CallCenter,Phuket,1693,Lazada,COD,17,11,1,0,20-30,56.43333333333333,2.0,0.0,0.0,-1,199,3641.24,0.08,0.0,0.0,0.0,0.0,0,0,0.0,0.0,0,0,0.0,0.0,0,0,0.0,7282.48,2,0,0.0,0
LGS2ORD0039743,C011117,2025-11-11 18:00:00,Female,47,Platinum,TV,Bangkok,817,Lazada,PromptPay,18,11,1,0,40-50,27.233333333333334,3.0,0.0,0.0,-1,19,4205.723333333332,0.2,0.3333333333333333,0.0,0.0,0.0,0,0,0.0,3115.07,1,0,0.0,6454.0599999999995,2,0,0.0,12617.169999999998,3,0,0.0,0
LGS2ORD0039744,C016121,2025-11-11 18:00:00,Male,43,Platinum,TV,Chonburi,1421,Lazada,Credit_Card,18,11,1,0,40-50,47.36666666666667,5.0,1.0,0.2,247,7,4329.866,0.35,0.6,0.2,0.0,0.0,0,0,0.0,10063.05,1,0,0.0,13987.509999999998,2,0,0.0,21649.329999999998,5,1,0.2,0
LGS2ORD0039745,C017673,2025-11-11 18:00:00,Female,64,Bronze,Web,Bangkok,800,Web,COD,18,11,1,0,>50,26.666666666666668,7.0,2.0,0.2857142857142857,61,31,8309.147142857142,0.28,0.42857142857142855,0.2857142857142857,0.0,0.0,0,0,0.0,0.0,0,0,0.0,52674.82000000001,3,1,0.3333333333333333,58164.03,7,2,0.2857142857142857,1
LGS2ORD0039746,C017108,2025-11-11 18:00:00,Male,63,Silver,Web,Nakhon Ratchasima,831,Web,PromptPay,18,11,1,0,>50,27.7,4.0,1.0,0.25,123,66,3403.16,0.2,0.5,0.0,0.0,0.0,0,0,0.0,0.0,0,0,0.0,4570.94,1,0,0.0,13612.64,4,1,0.25,0
LGS2ORD0039747,C010887,2025-11-11 18:00:00,Other,36,Gold,Web,Khon Kaen,968,Web,COD,18,11,1,0,30-40,32.266666666666666,4.0,0.0,0.0,-1,111,1807.65,0.28,0.5,0.75,0.0,0.0,0,0,0.0,0.0,0,0,0.0,0.0,0,0,0.0,7230.6,4,0,0.0,0
LGS2ORD0039748,C014631,2025-11-11 18:00:00,Female,49,Silver,TV,Chonburi,620,TV_Show,COD,18,11,1,0,40-50,20.666666666666668,3.0,1.0,0.3333333333333333,294,50,2418.1766666666667,0.1,0.3333333333333333,0.0,0.0,0.0,0,0,0.0,0.0,0,0,0.0,4219.51,1,0,0.0,7254.530000000001,3,1,0.3333333333333333,1
LGS2ORD0039749,C010445,2025-11-11 19:00:00,Male,40,Gold,Web,Bangkok,1567,Lazada,PromptPay,19,11,1,0,30-40,52.233333333333334,6.0,2.0,0.3333333333333333,111,125,4924.37,0.28,0.6666666666666666,0.16666666666666666,0.0,0.0,0,0,0.0,0.0,0,0,0.0,0.0,0,0,0.0,29546.22,6,2,0.3333333333333333,0
LGS2ORD0039750,C010012,2025-11-11 19:00:00,Male,54,Bronze,Web,Songkhla,386,CallCenter,COD,19,11,1,0,>50,12.866666666666667,4.0,0.0,0.0,-1,134,11580.1875,0.18,0.25,0.0,0.0,0.0,0,0,0.0,0.0,0,0,0.0,0.0,0,0,0.0,46320.75,4,0,0.0,0
LGS2ORD0039751,C017098,2025-11-11 19:00:00,Other,57,Silver,Web,Bangkok,847,TV_Show,COD,19,11,1,0,>50,28.233333333333334,4.0,0.0,0.0,-1,48,2641.9550000000004,0.2,0.25,0.0,0.0,0.0,0,0,0.0,0.0,0,0,0.0,1321.28,1,0,0.0,10567.820000000002,4,0,0.0,1
LGS2ORD0039752,C010916,2025-11-11 19:00:00,Male,41,Bronze,CallCenter,Khon Kaen,413,Shopee,COD,19,11,1,0,40-50,13.766666666666667,9.0,1.0,0.1111111111111111,63,0,5636.432222222222,0.28,0.2222222222222222,0.2222222222222222,0.0,2250.35,1,0,0.0,22534.3,2,0,0.0,38421.89,3,1,0.3333333333333333,50727.88999999999,9,1,0.1111111111111111,0
LGS2ORD0039753,C011701,2025-11-11 19:00:00,Female,54,Bronze,Web,Phuket,494,Lazada,PromptPay,19,11,1,0,>50,16.466666666666665,8.0,3.0,0.375,235,59,6082.0575,0.28,0.5,0.25,0.0,0.0,0,0,0.0,0.0,0,0,0.0,780.71,1,0,0.0,48656.46,8,3,0.375,0
LGS2ORD0039754,C017828,2025-11-11 20:00:00,Male,35,Gold,Shopee,Khon Kaen,1351,Web,COD,20,11,1,0,30-40,45.03333333333333,6.0,1.0,0.16666666666666666,94,56,3968.5766666666664,0.33,0.8333333333333334,0.3333333333333333,0.0,0.0,0,0,0.0,0.0,0,0,0.0,7617.09,2,0,0.0,23811.46,6,1,0.16666666666666666,0
LGS2ORD0039755,C010717,2025-11-11 20:00:00,Male,42,Bronze,Shopee,Chonburi,1573,TV_Show,Credit_Card,20,11,1,0,40-50,52.43333333333333,2.0,0.0,0.0,-1,52,2351.015,0.08,0.0,0.0,0.0,0.0,0,0,0.0,0.0,0,0,0.0,1327.16,1,0,0.0,4702.03,2,0,0.0,0
LGS2ORD0039756,C016615,2025-11-11 20:00:00,Female,33,Bronze,Web,Bangkok,1766,Web,COD,20,11,1,0,30-40,58.86666666666667,6.0,2.0,0.3333333333333333,122,47,3520.6499999999996,0.23,0.5,0.3333333333333333,0.0,0.0,0,0,0.0,0.0,0,0,0.0,1556.89,1,0,0.0,21123.899999999998,6,2,0.3333333333333333,0
LGS2ORD0039757,C013694,2025-11-11 20:00:00,Female,42,Gold,Lazada,Khon Kaen,1261,Shopee,PromptPay,20,11,1,0,40-50,42.03333333333333,6.0,1.0,0.16666666666666666,273,2,9414.933333333332,0.33,0.3333333333333333,0.5,0.0,501.13,1,0,0.0,6743.2300000000005,2,0,0.0,8556.3,4,0,0.0,56489.6,6,1,0.16666666666666666,1
LGS2ORD0039758,C013282,2025-11-11 20:00:00,Female,56,Gold,TV,Remote_Area,1119,Web,COD,20,11,1,0,>50,37.3,9.0,3.0,0.3333333333333333,80,21,4656.984444444444,0.28,0.6666666666666666,0.5555555555555556,0.0,0.0,0,0,0.0,1135.73,1,0,0.0,14481.539999999999,2,0,0.0,41912.86,9,3,0.3333333333333333,0
LGS2ORD0039759,C017857,2025-11-11 21:00:00,Male,51,Silver,TV,Chiang Mai,1046,TV_Show,COD,21,11,1,0,>50,34.86666666666667,7.0,2.0,0.2857142857142857,101,11,3475.5128571428577,0.2,0.2857142857142857,0.0,0.0,0.0,0,0,0.0,7701.7,1,0,0.0,8659.85,2,0,0.0,24328.590000000004,7,2,0.2857142857142857,0
LGS2ORD0039760,C013821,2025-11-11 21:00:00,Male,18,Gold,Web,Bangkok,1675,Shopee,PromptPay,21,11,1,0,<20,55.833333333333336,3.0,1.0,0.3333333333333333,38,50,8604.483333333334,0.08,0.3333333333333333,0.0,0.0,0.0,0,0,0.0,0.0,0,0,0.0,707.76,1,1,1.0,25813.45,3,1,0.3333333333333333,0
LGS2ORD0039761,C012203,2025-11-11 21:00:00,Male,54,Bronze,Shopee,Chonburi,1714,Lazada,PromptPay,21,11,1,0,>50,57.13333333333333,5.0,1.0,0.2,77,35,6021.360000000001,0.28,0.4,0.6,0.0,0.0,0,0,0.0,0.0,0,0,0.0,10099.83,1,0,0.0,30106.800000000003,5,1,0.2,0
LGS2ORD0039762,C014787,2025-11-11 21:00:00,Male,26,Bronze,Shopee,Bangkok,474,Web,COD,21,11,1,0,20-30,15.8,8.0,0.0,0.0,-1,33,7664.078750000001,0.23,0.5,0.375,0.0,0.0,0,0,0.0,0.0,0,0,0.0,9440.08,2,0,0.0,61312.630000000005,8,0,0.0,0
LGS2ORD0039763,C011410,2025-11-11 21:00:00,Male,37,Bronze,Shopee,Bangkok,941,Lazada,PromptPay,21,11,1,0,30-40,31.366666666666667,1.0,1.0,1.0,72,82,1978.07,0.18,0.0,0.0,0.0,0.0,0,0,0.0,0.0,0,0,0.0,1978.07,1,1,1.0,1978.07,1,1,1.0,0
LGS2ORD0039764,C012062,2025-11-11 22:00:00,Male,25,Silver,Web,Chonburi,1690,Shopee,COD,22,11,1,0,20-30,56.333333333333336,6.0,0.0,0.0,-1,86,3654.3999999999996,0.3,0.16666666666666666,0.16666666666666666,0.0,0.0,0,0,0.0,0.0,0,0,0.0,504.39,1,0,0.0,21926.399999999998,6,0,0.0,0
LGS2ORD0039765,C012500,2025-11-11 22:00:00,Female,32,Gold,Web,Chonburi,422,Shopee,PromptPay,22,11,1,0,30-40,14.066666666666666,3.0,0.0,0.0,-1,68,6293.286666666667,0.2299999999999999,0.6666666666666666,0.3333333333333333,0.0,0.0,0,0,0.0,0.0,0,0,0.0,11595.44,1,0,0.0,18879.86,3,0,0.0,0
LGS2ORD0039766,C014377,2025-11-11 22:00:00,Female,37,Bronze,Web,Bangkok,1528,Lazada,Credit_Card,22,11,1,0,30-40,50.93333333333333,2.0,1.0,0.5,62,24,11799.945,0.23,0.5,0.5,0.0,0.0,0,0,0.0,2085.36,1,0,0.0,23599.89,2,1,0.5,23599.89,2,1,0.5,0
LGS2ORD0039767,C016950,2025-11-11 22:00:00,Female,25,Silver,TV,Khon Kaen,587,TV_Show,COD,22,11,1,0,20-30,19.566666666666666,5.0,2.0,0.4,54,61,5146.106000000001,0.3,0.4,0.6,0.0,0.0,0,0,0.0,0.0,0,0,0.0,2197.5299999999997,2,1,0.5,25730.530000000002,5,2,0.4,1
LGS2ORD0039768,C013190,2025-11-11 22:00:00,Female,35,Silver,TV,Bangkok,1113,CallCenter,Credit_Card,22,11,1,0,30-40,37.1,7.0,1.0,0.14285714285714285,226,0,3286.628571428572,0.3,0.5714285714285714,0.2857142857142857,0.0,3666.39,2,0,0.0,3666.39,2,0,0.0,12508.359999999999,3,0,0.0,23006.4,7,1,0.14285714285714285,0
LGS2ORD0039769,C014505,2025-11-11 22:00:00,Female,30,Gold,Lazada,Bangkok,1313,TV_Show,COD,22,11,1,0,20-30,43.766666666666666,7.0,1.0,0.14285714285714285,195,39,3745.651428571429,0.33,0.5714285714285714,0.2857142857142857,0.0,0.0,0,0,0.0,0.0,0,0,0.0,3281.63,1,0,0.0,26219.56,7,1,0.14285714285714285,0
LGS2ORD0039770,C016005,2025-11-11 23:00:00,Female,18,Bronze,TV,Bangkok,897,Lazada,PromptPay,23,11,1,0,<20,29.9,3.0,1.0,0.3333333333333333,238,5,5535.96,0.23,0.3333333333333333,0.6666666666666666,0.0,5606.62,1,0,0.0,5606.62,1,0,0.0,15476.970000000001,2,0,0.0,16607.88,3,1,0.3333333333333333,1
LGS2ORD0039771,C014971,2025-11-11 23:00:00,Female,18,Bronze,TV,Bangkok,513,Shopee,COD,23,11,1,0,<20,17.1,5.0,0.0,0.0,-1,3,3035.344,0.28,0.6,0.4,0.0,994.75,1,0,0.0,994.75,1,0,0.0,994.75,1,0,0.0,15176.72,5,0,0.0,1
LGS2ORD0039772,C013103,2025-11-11 23:00:00,Female,67,Gold,Lazada,Bangkok,454,Lazada,COD,23,11,1,0,>50,15.133333333333333,3.0,1.0,0.3333333333333333,22,29,6647.633333333332,0.33,0.3333333333333333,1.0,0.0,0.0,0,0,0.0,821.21,1,1,1.0,821.21,1,1,1.0,19942.899999999998,3,1,0.3333333333333333,0
LGS2ORD0039773,C011592,2025-11-11 23:00:00,Male,25,Bronze,Shopee,Remote_Area,451,TV_Show,COD,23,11,1,0,20-30,15.033333333333333,5.0,2.0,0.4,59,67,12111.216,0.28,1.0,0.6,0.0,0.0,0,0,0.0,0.0,0,0,0.0,11465.28,1,1,1.0,60556.08,5,2,0.4,1
LGS2ORD0039774,C011886,2025-11-11 23:00:00,Male,56,Bronze,Lazada,Khon Kaen,1065,TV_Show,Credit_Card,23,11,1,0,>50,35.5,9.0,1.0,0.1111111111111111,208,66,7108.348888888889,0.28,0.4444444444444444,0.3333333333333333,0.0,0.0,0,0,0.0,0.0,0,0,0.0,7073.960000000001,2,0,0.0,63975.14,9,1,0.1111111111111111,0
LGS2ORD0039775,C012235,2025-11-12 00:00:00,Female,49,Platinum,Shopee,Phuket,1526,Web,Credit_Card,0,11,2,0,40-50,50.86666666666667,6.0,2.0,0.3333333333333333,1,17,4854.62,0.35,0.0,0.3333333333333333,0.0,0.0,0,0,0.0,974.57,1,1,1.0,5308.17,3,2,0.6666666666666666,29127.72,6,2,0.3333333333333333,0
LGS2ORD0039776,C013240,2025-11-12 00:00:00,Male,62,Gold,TV,Songkhla,1567,TV_Show,COD,0,11,2,0,>50,52.233333333333334,7.0,2.0,0.2857142857142857,186,123,7824.532857142857,0.33,0.2857142857142857,0.42857142857142855,0.0,0.0,0,0,0.0,0.0,0,0,0.0,0.0,0,0,0.0,54771.73,7,2,0.2857142857142857,0
LGS2ORD0039777,C016385,2025-11-12 00:00:00,Male,53,Gold,Web,Phuket,362,TV_Show,PromptPay,0,11,2,0,>50,12.066666666666666,8.0,1.0,0.125,126,8,9482.875,0.28,0.5,0.375,0.0,0.0,0,0,0.0,30362.800000000003,2,0,0.0,30362.800000000003,2,0,0.0,75863.0,8,1,0.125,0
LGS2ORD0039778,C015980,2025-11-12 00:00:00,Other,36,Bronze,Web,Bangkok,351,Shopee,COD,0,11,2,0,30-40,11.7,4.0,0.0,0.0,-1,9,4036.4225,0.23,0.25,0.25,0.0,0.0,0,0,0.0,434.6,1,0,0.0,434.6,1,0,0.0,16145.69,4,0,0.0,0
LGS2ORD0039779,C014119,2025-11-12 00:00:00,Male,58,Bronze,Shopee,Chiang Mai,1698,TV_Show,Credit_Card,0,11,2,0,>50,56.6,2.0,0.0,0.0,-1,11,4404.325,0.28,0.5,0.5,0.0,0.0,0,0,0.0,1235.18,1,0,0.0,1235.18,1,0,0.0,8808.65,2,0,0.0,0
LGS2ORD0039780,C016291,2025-11-12 01:00:00,Female,42,Bronze,TV,Bangkok,672,CallCenter,COD,1,11,2,0,40-50,22.4,5.0,2.0,0.4,123,28,4044.59,0.28,1.0,0.4,0.0,0.0,0,0,0.0,895.61,1,0,0.0,8095.15,2,0,0.0,20222.95,5,2,0.4,1
LGS2ORD0039781,C017089,2025-11-12 01:00:00,Male,53,Bronze,Shopee,Songkhla,1666,Shopee,Bank_Transfer,1,11,2,0,>50,55.53333333333333,6.0,1.0,0.16666666666666666,50,59,5192.838333333333,0.28,0.8333333333333334,0.16666666666666666,0.0,0.0,0,0,0.0,0.0,0,0,0.0,12254.95,2,1,0.5,31157.03,6,1,0.16666666666666666,0
LGS2ORD0039782,C015007,2025-11-12 01:00:00,Female,35,Silver,TV,Chonburi,926,Web,Credit_Card,1,11,2,0,30-40,30.866666666666667,3.0,0.0,0.0,-1,67,3853.716666666667,0.25,0.0,0.3333333333333333,0.0,0.0,0,0,0.0,0.0,0,0,0.0,6738.06,1,0,0.0,11561.150000000001,3,0,0.0,0
LGS2ORD0039783,C013021,2025-11-12 01:00:00,Male,65,Gold,TV,Khon Kaen,1414,Web,COD,1,11,2,0,>50,47.13333333333333,8.0,0.0,0.0,-1,13,7078.914999999999,0.33,0.5,0.5,0.0,0.0,0,0,0.0,8121.21,1,0,0.0,14968.83,2,0,0.0,56631.31999999999,8,0,0.0,0
LGS2ORD0039784,C013104,2025-11-12 01:00:00,Male,29,Bronze,Lazada,Chiang Mai,1721,Lazada,COD,1,11,2,0,20-30,57.36666666666667,5.0,0.0,0.0,-1,16,2980.886,0.23,0.4,0.2,0.0,0.0,0,0,0.0,7543.79,2,0,0.0,7543.79,2,0,0.0,14904.43,5,0,0.0,0
LGS2ORD0039785,C011442,2025-11-12 01:00:00,Female,59,Silver,TV,Phuket,593,Shopee,Credit_Card,1,11,2,0,>50,19.766666666666666,3.0,2.0,0.6666666666666666,33,44,3045.8633333333332,0.3,1.0,0.3333333333333333,0.0,0.0,0,0,0.0,0.0,0,0,0.0,7845.23,2,2,1.0,9137.59,3,2,0.6666666666666666,0
LGS2ORD0039786,C015518,2025-11-12 02:00:00,Male,57,Silver,Shopee,Bangkok,1383,Lazada,PromptPay,2,11,2,0,>50,46.1,3.0,0.0,0.0,-1,36,2688.1966666666667,0.25,0.6666666666666666,0.3333333333333333,0.0,0.0,0,0,0.0,0.0,0,0,0.0,1569.25,1,0,0.0,8064.59,3,0,0.0,0
LGS2ORD0039787,C010790,2025-11-12 02:00:00,Female,36,Silver,Web,Khon Kaen,536,TV_Show,PromptPay,2,11,2,0,30-40,17.866666666666667,6.0,3.0,0.5,53,62,2599.326666666667,0.3,0.5,0.5,0.0,0.0,0,0,0.0,0.0,0,0,0.0,12336.13,4,3,0.75,15595.960000000001,6,3,0.5,0
LGS2ORD0039788,C015949,2025-11-12 02:00:00,Female,46,Bronze,TV,Nakhon Ratchasima,1288,Lazada,COD,2,11,2,0,40-50,42.93333333333333,9.0,0.0,0.0,-1,97,8622.499999999998,0.28,0.3333333333333333,0.5555555555555556,0.0,0.0,0,0,0.0,0.0,0,0,0.0,0.0,0,0,0.0,77602.49999999999,9,0,0.0,0
LGS2ORD0039789,C015362,2025-11-12 02:00:00,Female,44,Bronze,Lazada,Bangkok,775,Web,COD,2,11,2,0,40-50,25.833333333333332,10.0,2.0,0.2,181,57,2468.2290000000003,0.28,0.7,0.3,0.0,0.0,0,0,0.0,0.0,0,0,0.0,8694.49,2,0,0.0,24682.29,10,2,0.2,0
LGS2ORD0039790,C013942,2025-11-12 02:00:00,Female,50,Platinum,Lazada,Bangkok,1032,Web,COD,2,11,2,0,40-50,34.4,3.0,1.0,0.3333333333333333,227,51,3630.6699999999996,0.25,0.0,0.3333333333333333,0.0,0.0,0,0,0.0,0.0,0,0,0.0,319.46,1,0,0.0,10892.009999999998,3,1,0.3333333333333333,0
LGS2ORD0039791,C017015,2025-11-12 03:00:00,Male,47,Bronze,Web,Bangkok,1012,Lazada,PromptPay,3,11,2,0,40-50,33.733333333333334,5.0,2.0,0.4,134,56,3284.4739999999997,0.28,0.6,0.2,0.0,0.0,0,0,0.0,0.0,0,0,0.0,4331.29,1,0,0.0,16422.37,5,2,0.4,1
LGS2ORD0039792,C017711,2025-11-12 03:00:00,Male,47,Bronze,Shopee,Remote_Area,968,TV_Show,Bank_Transfer,3,11,2,0,40-50,32.266666666666666,9.0,5.0,0.5555555555555556,16,19,3380.744444444444,0.28,0.4444444444444444,0.2222222222222222,0.0,0.0,0,0,0.0,2328.0699999999997,2,0,0.0,15610.759999999998,5,3,0.6,30426.699999999997,9,5,0.5555555555555556,0
LGS2ORD0039793,C014429,2025-11-12 03:00:00,Male,42,Silver,Web,Bangkok,372,Shopee,COD,3,11,2,0,40-50,12.4,2.0,0.0,0.0,-1,194,5366.375,0.1,0.5,0.0,0.0,0.0,0,0,0.0,0.0,0,0,0.0,0.0,0,0,0.0,10732.75,2,0,0.0,0
LGS2ORD0039794,C014286,2025-11-12 03:00:00,Female,42,Bronze,CallCenter,Bangkok,372,Web,COD,3,11,2,0,40-50,12.4,4.0,2.0,0.5,5,17,6273.105,0.23,1.0,0.25,0.0,0.0,0,0,0.0,1612.51,1,1,1.0,7217.79,2,1,0.5,25092.42,4,2,0.5,1
LGS2ORD0039795,C014110,2025-11-12 03:00:00,Male,60,Bronze,Shopee,Chiang Mai,847,Lazada,COD,3,11,2,0,>50,28.233333333333334,10.0,1.0,0.1,95,23,2786.3770000000004,0.23,0.6,0.3,0.0,0.0,0,0,0.0,2513.11,2,0,0.0,3967.64,3,0,0.0,27863.770000000004,10,1,0.1,1
LGS2ORD0039796,C011072,2025-11-12 04:00:00,Male,39,Gold,Shopee,Bangkok,1164,TV_Show,Credit_Card,4,11,2,0,30-40,38.8,2.0,0.0,0.0,-1,45,4976.62,0.08,0.5,0.0,0.0,0.0,0,0,0.0,0.0,0,0,0.0,2415.88,1,0,0.0,9953.24,2,0,0.0,0
LGS2ORD0039797,C014294,2025-11-12 04:00:00,Male,53,Gold,Web,Chonburi,695,Web,Bank_Transfer,4,11,2,0,>50,23.166666666666668,4.0,1.0,0.25,140,89,768.4725000000001,0.28,0.5,0.25,0.0,0.0,0,0,0.0,0.0,0,0,0.0,1001.09,1,0,0.0,3073.8900000000003,4,1,0.25,0
LGS2ORD0039798,C015660,2025-11-12 04:00:00,Male,33,Bronze,TV,Remote_Area,388,Web,Bank_Transfer,4,11,2,0,30-40,12.933333333333334,6.0,1.0,0.16666666666666666,172,3,4473.245,0.23,0.5,0.16666666666666666,0.0,784.14,1,0,0.0,784.14,1,0,0.0,3445.41,2,0,0.0,26839.469999999998,6,1,0.16666666666666666,0
LGS2ORD0039799,C017826,2025-11-12 04:00:00,Female,30,Bronze,CallCenter,Remote_Area,517,TV_Show,COD,4,11,2,0,20-30,17.233333333333334,3.0,2.0,0.6666666666666666,89,4,1780.6299999999999,0.18,0.6666666666666666,0.0,0.0,2497.86,1,0,0.0,2497.86,1,0,0.0,2497.86,1,0,0.0,5341.889999999999,3,2,0.6666666666666666,1
LGS2ORD0039800,C016662,2025-11-12 04:00:00,Male,46,Bronze,Web,Remote_Area,1174,Shopee,COD,4,11,2,0,40-50,39.13333333333333,4.0,1.0,0.25,33,40,5723.0625,0.18,0.25,0.0,0.0,0.0,0,0,0.0,0.0,0,0,0.0,3087.98,1,1,1.0,22892.25,4,1,0.25,0
LGS2ORD0039801,C014461,2025-11-12 05:00:00,Male,44,Gold,CallCenter,Chiang Mai,368,Web,Bank_Transfer,5,11,2,0,40-50,12.266666666666667,4.0,1.0,0.25,151,90,3392.3,0.18,0.25,0.0,0.0,0.0,0,0,0.0,0.0,0,0,0.0,0.0,0,0,0.0,13569.2,4,1,0.25,0
LGS2ORD0039802,C017209,2025-11-12 05:00:00,Male,41,Silver,Shopee,Bangkok,1221,Web,COD,5,11,2,0,40-50,40.7,4.0,2.0,0.5,62,70,12935.45,0.3,0.5,0.5,0.0,0.0,0,0,0.0,0.0,0,0,0.0,14468.2,1,1,1.0,51741.8,4,2,0.5,0
LGS2ORD0039803,C013387,2025-11-12 05:00:00,Other,49,Gold,TV,Songkhla,648,CallCenter,COD,5,11,2,0,40-50,21.6,5.0,2.0,0.4,128,115,5032.0599999999995,0.28,0.2,1.0,0.0,0.0,0,0,0.0,0.0,0,0,0.0,0.0,0,0,0.0,25160.3,5,2,0.4,1
LGS2ORD0039804,C010092,2025-11-12 05:00:00,Male,54,Gold,Shopee,Bangkok,1733,Lazada,COD,5,11,2,0,>50,57.766666666666666,4.0,1.0,0.25,107,78,5130.6224999999995,0.18,0.75,0.0,0.0,0.0,0,0,0.0,0.0,0,0,0.0,2601.96,1,0,0.0,20522.489999999998,4,1,0.25,0
LGS2ORD0039805,C013738,2025-11-12 05:00:00,Female,49,Silver,Lazada,Phuket,1611,Web,COD,5,11,2,0,40-50,53.7,5.0,1.0,0.2,-14,3,8735.61,0.3,0.4,0.6,0.0,2584.94,1,1,1.0,2584.94,1,1,1.0,10959.09,3,1,0.3333333333333333,43678.05,5,1,0.2,1
LGS2ORD0039806,C017665,2025-11-12 05:00:00,Male,57,Gold,TV,Remote_Area,1558,TV_Show,PromptPay,5,11,2,0,>50,51.93333333333333,11.0,1.0,0.09090909090909091,219,47,7678.026363636364,0.33,0.45454545454545453,0.45454545454545453,0.0,0.0,0,0,0.0,0.0,0,0,0.0,2086.71,1,0,0.0,84458.29000000001,11,1,0.09090909090909091,0
LGS2ORD0039807,C017845,2025-11-12 06:00:00,Male,25,Gold,Web,Chiang Mai,382,TV_Show,COD,6,11,2,0,20-30,12.733333333333333,4.0,2.0,0.5,110,78,9996.365,0.2299999999999999,0.5,0.25,0.0,0.0,0,0,0.0,0.0,0,0,0.0,15509.310000000001,2,0,0.0,39985.46,4,2,0.5,0
LGS2ORD0039808,C012328,2025-11-12 06:00:00,Female,63,Bronze,Web,Chiang Mai,648,TV_Show,COD,6,11,2,0,>50,21.6,5.0,1.0,0.2,261,232,3086.6539999999995,0.28,0.6,0.2,0.0,0.0,0,0,0.0,0.0,0,0,0.0,0.0,0,0,0.0,15433.269999999999,5,1,0.2,1
LGS2ORD0039809,C017027,2025-11-12 06:00:00,Female,48,Platinum,Web,Bangkok,1306,Web,Bank_Transfer,6,11,2,0,40-50,43.53333333333333,4.0,0.0,0.0,-1,74,2888.955,0.35,0.25,0.5,0.0,0.0,0,0,0.0,0.0,0,0,0.0,853.02,1,0,0.0,11555.82,4,0,0.0,0
LGS2ORD0039810,C014148,2025-11-12 06:00:00,Male,33,Platinum,TV,Remote_Area,1419,TV_Show,COD,6,11,2,0,30-40,47.3,3.0,1.0,0.3333333333333333,62,70,3700.06,0.3,0.3333333333333333,0.6666666666666666,0.0,0.0,0,0,0.0,0.0,0,0,0.0,2237.51,1,1,1.0,11100.18,3,1,0.3333333333333333,0
LGS2ORD0039811,C013139,2025-11-12 06:00:00,Male,26,Silver,TV,Nakhon Ratchasima,1509,Web,Bank_Transfer,6,11,2,0,20-30,50.3,3.0,1.0,0.3333333333333333,92,96,2227.23,0.2,0.6666666666666666,0.0,0.0,0.0,0,0,0.0,0.0,0,0,0.0,0.0,0,0,0.0,6681.6900000000005,3,1,0.3333333333333333,0
LGS2ORD0039812,C010024,2025-11-12 07:00:00,Male,30,Gold,TV,Chiang Mai,1041,Lazada,COD,7,11,2,0,20-30,34.7,2.0,2.0,1.0,205,218,5031.3,0.28,0.0,1.0,0.0,0.0,0,0,0.0,0.0,0,0,0.0,0.0,0,0,0.0,10062.6,2,2,1.0,0
LGS2ORD0039813,C014827,2025-11-12 07:00:00,Other,48,Gold,Web,Chiang Mai,348,TV_Show,COD,7,11,2,0,40-50,11.6,8.0,3.0,0.375,22,25,3550.01375,0.33,0.5,0.25,0.0,0.0,0,0,0.0,15627.939999999999,2,0,0.0,18353.05,4,1,0.25,28400.11,8,3,0.375,1
LGS2ORD0039814,C015698,2025-11-12 07:00:00,Male,35,Bronze,Web,Remote_Area,456,Shopee,COD,7,11,2,0,30-40,15.2,2.0,0.0,0.0,-1,179,3360.78,0.03,0.0,0.0,0.0,0.0,0,0,0.0,0.0,0,0,0.0,0.0,0,0,0.0,6721.56,2,0,0.0,1
LGS2ORD0039815,C011274,2025-11-12 07:00:00,Male,54,Silver,TV,Phuket,681,Lazada,COD,7,11,2,0,>50,22.7,7.0,3.0,0.42857142857142855,29,3,4832.2242857142855,0.25,0.7142857142857143,0.2857142857142857,0.0,1590.42,1,0,0.0,1590.42,1,0,0.0,5978.83,4,1,0.25,33825.57,7,3,0.42857142857142855,0
LGS2ORD0039816,C017742,2025-11-12 07:00:00,Other,28,Silver,Web,Bangkok,888,TV_Show,COD,7,11,2,0,20-30,29.6,2.0,0.0,0.0,-1,45,1613.805,0.25,0.5,0.5,0.0,0.0,0,0,0.0,0.0,0,0,0.0,2063.23,1,0,0.0,3227.61,2,0,0.0,0
LGS2ORD0039817,C010098,2025-11-12 08:00:00,Male,50,Bronze,Shopee,Chiang Mai,1123,Web,COD,8,11,2,0,40-50,37.43333333333333,2.0,0.0,0.0,-1,64,1989.4750000000001,0.08,0.5,0.0,0.0,0.0,0,0,0.0,0.0,0,0,0.0,2745.51,1,0,0.0,3978.9500000000003,2,0,0.0,0
LGS2ORD0039818,C013590,2025-11-12 08:00:00,Female,30,Bronze,Web,Bangkok,748,Web,PromptPay,8,11,2,0,20-30,24.933333333333334,5.0,1.0,0.2,46,11,3627.5259999999994,0.28,0.4,0.4,0.0,0.0,0,0,0.0,8595.66,1,0,0.0,12583.55,4,1,0.25,18137.629999999997,5,1,0.2,0
LGS2ORD0039819,C010302,2025-11-12 08:00:00,Female,35,Bronze,Shopee,Remote_Area,1539,TV_Show,Credit_Card,8,11,2,0,30-40,51.3,8.0,3.0,0.375,-5,5,5060.625,0.23,0.625,0.5,0.0,8983.01,1,1,1.0,8983.01,1,1,1.0,22294.370000000003,2,1,0.5,40485.0,8,3,0.375,1
LGS2ORD0039820,C017183,2025-11-12 08:00:00,Male,53,Bronze,Web,Chiang Mai,1188,TV_Show,COD,8,11,2,0,>50,39.6,2.0,1.0,0.5,203,24,6945.78,0.23,0.5,0.5,0.0,0.0,0,0,0.0,10524.84,1,0,0.0,10524.84,1,0,0.0,13891.56,2,1,0.5,0
LGS2ORD0039821,C011541,2025-11-12 08:00:00,Female,18,Silver,Web,Bangkok,662,Web,Bank_Transfer,8,11,2,0,<20,22.066666666666666,6.0,0.0,0.0,-1,117,6209.938333333333,0.25,0.5,0.3333333333333333,0.0,0.0,0,0,0.0,0.0,0,0,0.0,0.0,0,0,0.0,37259.63,6,0,0.0,0
LGS2ORD0039822,C014613,2025-11-12 09:00:00,Female,35,Gold,CallCenter,Bangkok,1135,TV_Show,Credit_Card,9,11,2,0,30-40,37.833333333333336,10.0,4.0,0.4,8,16,7337.986000000002,0.33,0.3,0.3,0.0,0.0,0,0,0.0,9650.130000000001,3,1,0.3333333333333333,53098.85,6,1,0.16666666666666666,73379.86000000002,10,4,0.4,0
LGS2ORD0039823,C013208,2025-11-12 09:00:00,Male,40,Silver,TV,Chiang Mai,906,Shopee,Bank_Transfer,9,11,2,0,30-40,30.2,5.0,3.0,0.6,257,230,3080.7879999999996,0.25,0.8,0.2,0.0,0.0,0,0,0.0,0.0,0,0,0.0,0.0,0,0,0.0,15403.939999999999,5,3,0.6,0
LGS2ORD0039824,C014493,2025-11-12 09:00:00,Female,36,Silver,Web,Bangkok,583,TV_Show,Credit_Card,9,11,2,0,30-40,19.433333333333334,2.0,1.0,0.5,268,71,984.1300000000001,0.2,0.5,0.0,0.0,0.0,0,0,0.0,0.0,0,0,0.0,1675.89,1,0,0.0,1968.2600000000002,2,1,0.5,0
LGS2ORD0039825,C012214,2025-11-12 09:00:00,Female,48,Bronze,Shopee,Remote_Area,1698,Web,Credit_Card,9,11,2,0,40-50,56.6,7.0,3.0,0.42857142857142855,4,8,7528.627142857144,0.28,0.5714285714285714,0.2857142857142857,0.0,0.0,0,0,0.0,22312.46,3,2,0.6666666666666666,22312.46,3,2,0.6666666666666666,52700.39000000001,7,3,0.42857142857142855,0
LGS2ORD0039826,C016180,2025-11-12 09:00:00,Male,23,Gold,Shopee,Chonburi,1008,Shopee,PromptPay,9,11,2,0,20-30,33.6,1.0,0.0,0.0,-1,285,520.27,0.2299999999999999,0.0,1.0,0.0,0.0,0,0,0.0,0.0,0,0,0.0,0.0,0,0,0.0,520.27,1,0,0.0,0
LGS2ORD0039827,C017186,2025-11-12 09:00:00,Male,48,Gold,Web,Bangkok,918,CallCenter,COD,9,11,2,0,40-50,30.6,2.0,0.0,0.0,-1,65,16909.32,0.2299999999999999,0.0,0.5,0.0,0.0,0,0,0.0,0.0,0,0,0.0,24325.37,1,0,0.0,33818.64,2,0,0.0,0
LGS2ORD0039828,C015568,2025-11-12 10:00:00,Male,59,Bronze,Shopee,Khon Kaen,1605,TV_Show,Credit_Card,10,11,2,0,>50,53.5,6.0,0.0,0.0,-1,29,12484.605000000001,0.28,0.6666666666666666,0.3333333333333333,0.0,0.0,0,0,0.0,10723.37,1,0,0.0,11752.880000000001,2,0,0.0,74907.63,6,0,0.0,0
LGS2ORD0039829,C013901,2025-11-12 10:00:00,Female,21,Bronze,TV,Khon Kaen,1651,Web,Bank_Transfer,10,11,2,0,20-30,55.03333333333333,5.0,0.0,0.0,-1,55,2927.9900000000002,0.28,0.8,0.4,0.0,0.0,0,0,0.0,0.0,0,0,0.0,7430.95,1,0,0.0,14639.95,5,0,0.0,0
LGS2ORD0039830,C014125,2025-11-12 10:00:00,Female,45,Gold,CallCenter,Khon Kaen,549,CallCenter,COD,10,11,2,0,40-50,18.3,7.0,0.0,0.0,-1,45,5809.46,0.33,0.8571428571428571,0.2857142857142857,0.0,0.0,0,0,0.0,0.0,0,0,0.0,20944.84,2,0,0.0,40666.22,7,0,0.0,1
LGS2ORD0039831,C011878,2025-11-12 10:00:00,Female,44,Bronze,TV,Phuket,1593,Lazada,COD,10,11,2,0,40-50,53.1,4.0,1.0,0.25,60,66,5340.9475,0.28,0.75,0.25,0.0,0.0,0,0,0.0,0.0,0,0,0.0,3442.63,2,1,0.5,21363.79,4,1,0.25,0
LGS2ORD0039832,C012371,2025-11-12 10:00:00,Female,46,Bronze,TV,Khon Kaen,1745,Shopee,COD,10,11,2,0,40-50,58.166666666666664,6.0,3.0,0.5,55,61,4999.02,0.28,0.6666666666666666,0.16666666666666666,0.0,0.0,0,0,0.0,0.0,0,0,0.0,5197.11,1,1,1.0,29994.120000000003,6,3,0.5,0
LGS2ORD0039833,C015003,2025-11-12 11:00:00,Male,46,Silver,Web,Chonburi,470,TV_Show,PromptPay,11,11,2,0,40-50,15.666666666666666,4.0,1.0,0.25,20,36,3608.895,0.2,0.75,0.0,0.0,0.0,0,0,0.0,0.0,0,0,0.0,5743.75,1,1,1.0,14435.58,4,1,0.25,1
LGS2ORD0039834,C014182,2025-11-12 11:00:00,Female,60,Bronze,Lazada,Khon Kaen,651,Shopee,Credit_Card,11,11,2,0,>50,21.7,3.0,1.0,0.3333333333333333,39,44,17099.34,0.08,1.0,0.0,0.0,0.0,0,0,0.0,0.0,0,0,0.0,51298.02,3,1,0.3333333333333333,51298.02,3,1,0.3333333333333333,0
LGS2ORD0039835,C012215,2025-11-12 11:00:00,Male,61,Bronze,Shopee,Nakhon Ratchasima,1353,TV_Show,COD,11,11,2,0,>50,45.1,1.0,0.0,0.0,-1,227,1349.26,0.28,0.0,1.0,0.0,0.0,0,0,0.0,0.0,0,0,0.0,0.0,0,0,0.0,1349.26,1,0,0.0,0
LGS2ORD0039836,C011593,2025-11-12 11:00:00,Female,38,Bronze,TV,Chiang Mai,616,Shopee,COD,11,11,2,0,30-40,20.533333333333335,7.0,2.0,0.2857142857142857,54,47,9165.087142857144,0.23,0.7142857142857143,0.5714285714285714,0.0,0.0,0,0,0.0,0.0,0,0,0.0,22899.21,3,1,0.3333333333333333,64155.61000000001,7,2,0.2857142857142857,0
LGS2ORD0039837,C012185,2025-11-12 11:00:00,Female,49,Silver,Web,Khon Kaen,972,Shopee,Bank_Transfer,11,11,2,0,40-50,32.4,6.0,0.0,0.0,-1,4,2830.638333333334,0.3,0.5,0.16666666666666666,0.0,879.75,1,0,0.0,2555.8599999999997,2,0,0.0,5307.78,3,0,0.0,16983.83,6,0,0.0,1
LGS2ORD0039838,C010930,2025-11-12 12:00:00,Female,38,Bronze,Web,Phuket,1582,Shopee,COD,12,11,2,0,30-40,52.733333333333334,3.0,0.0,0.0,-1,184,7209.313333333334,0.23,0.3333333333333333,0.6666666666666666,0.0,0.0,0,0,0.0,0.0,0,0,0.0,0.0,0,0,0.0,21627.940000000002,3,0,0.0,0
LGS2ORD0039839,C010228,2025-11-12 12:00:00,Male,43,Bronze,TV,Songkhla,1731,Web,Bank_Transfer,12,11,2,0,40-50,57.7,6.0,1.0,0.16666666666666666,131,78,5315.17,0.23,0.3333333333333333,0.16666666666666666,0.0,0.0,0,0,0.0,0.0,0,0,0.0,7543.55,1,0,0.0,31891.02,6,1,0.16666666666666666,0
LGS2ORD0039840,C014488,2025-11-12 12:00:00,Male,26,Bronze,TV,Khon Kaen,644,Shopee,Credit_Card,12,11,2,0,20-30,21.466666666666665,2.0,0.0,0.0,-1,35,7844.714999999999,0.18,0.5,0.0,0.0,0.0,0,0,0.0,0.0,0,0,0.0,12228.21,1,0,0.0,15689.429999999998,2,0,0.0,0
LGS2ORD0039841,C017932,2025-11-12 12:00:00,Male,57,Platinum,Web,Songkhla,976,Lazada,Credit_Card,12,11,2,0,>50,32.53333333333333,5.0,2.0,0.4,124,27,7865.995999999999,0.35,0.2,0.2,0.0,0.0,0,0,0.0,16538.78,1,0,0.0,20229.94,2,0,0.0,39329.979999999996,5,2,0.4,0
LGS2ORD0039842,C016013,2025-11-12 12:00:00,Male,55,Bronze,Lazada,Khon Kaen,560,TV_Show,Bank_Transfer,12,11,2,0,>50,18.666666666666668,4.0,0.0,0.0,-1,67,6124.2275,0.28,0.75,0.25,0.0,0.0,0,0,0.0,0.0,0,0,0.0,16938.559999999998,2,0,0.0,24496.91,4,0,0.0,0
LGS2ORD0039843,C012368,2025-11-12 13:00:00,Male,45,Platinum,TV,Bangkok,1408,Web,COD,13,11,2,0,40-50,46.93333333333333,4.0,1.0,0.25,22,1,4041.135,0.25,0.5,0.25,0.0,3678.59,1,0,0.0,5311.91,2,1,0.5,5311.91,2,1,0.5,16164.54,4,1,0.25,1
LGS2ORD0039844,C017650,2025-11-12 13:00:00,Female,26,Gold,TV,Phuket,1328,TV_Show,COD,13,11,2,0,20-30,44.266666666666666,5.0,2.0,0.4,180,171,8060.92,0.33,0.8,0.6,0.0,0.0,0,0,0.0,0.0,0,0,0.0,0.0,0,0,0.0,40304.6,5,2,0.4,1
LGS2ORD0039845,C013703,2025-11-12 13:00:00,Female,60,Bronze,TV,Remote_Area,649,Shopee,COD,13,11,2,0,>50,21.633333333333333,3.0,0.0,0.0,-1,49,699.61,0.13,0.3333333333333333,0.0,0.0,0.0,0,0,0.0,0.0,0,0,0.0,1265.98,2,0,0.0,2098.83,3,0,0.0,0
LGS2ORD0039846,C011041,2025-11-12 13:00:00,Female,46,Bronze,CallCenter,Bangkok,1109,Web,PromptPay,13,11,2,0,40-50,36.96666666666667,11.0,1.0,0.09090909090909091,116,31,5890.973636363637,0.28,0.7272727272727273,0.2727272727272727,0.0,0.0,0,0,0.0,0.0,0,0,0.0,25841.89,3,0,0.0,64800.71,11,1,0.09090909090909091,0
LGS2ORD0039847,C011321,2025-11-12 13:00:00,Female,53,Bronze,CallCenter,Bangkok,1402,TV_Show,COD,13,11,2,0,>50,46.733333333333334,5.0,2.0,0.4,7,20,5402.06,0.23,0.2,0.2,0.0,0.0,0,0,0.0,7080.47,1,1,1.0,7080.47,1,1,1.0,27010.300000000003,5,2,0.4,0
LGS2ORD0039848,C017928,2025-11-12 13:00:00,Male,38,Gold,Web,Chiang Mai,722,Lazada,COD,13,11,2,0,30-40,24.066666666666666,12.0,1.0,0.08333333333333333,276,14,5552.086666666666,0.33,0.6666666666666666,0.25,0.0,0.0,0,0,0.0,10989.34,2,0,0.0,13986.08,4,0,0.0,66625.04,12,1,0.08333333333333333,0
LGS2ORD0039849,C012795,2025-11-12 14:00:00,Other,41,Silver,Web,Chonburi,1438,Shopee,COD,14,11,2,0,40-50,47.93333333333333,5.0,1.0,0.2,292,11,8025.06,0.2,0.8,0.0,0.0,0.0,0,0,0.0,6353.3,1,0,0.0,23375.14,3,0,0.0,40125.3,5,1,0.2,1
LGS2ORD0039850,C013193,2025-11-12 14:00:00,Male,58,Bronze,Shopee,Phuket,614,TV_Show,PromptPay,14,11,2,0,>50,20.466666666666665,6.0,4.0,0.6666666666666666,2,13,4589.548333333333,0.23,0.5,0.16666666666666666,0.0,0.0,0,0,0.0,1669.23,1,1,1.0,1669.23,1,1,1.0,27537.289999999997,6,4,0.6666666666666666,1
LGS2ORD0039851,C011645,2025-11-12 14:00:00,Male,52,Gold,Web,Chonburi,790,Lazada,Bank_Transfer,14,11,2,0,>50,26.333333333333332,4.0,2.0,0.5,32,43,9633.052500000002,0.13,0.75,0.0,0.0,0.0,0,0,0.0,0.0,0,0,0.0,3301.27,2,1,0.5,38532.21000000001,4,2,0.5,0
LGS2ORD0039852,C013167,2025-11-12 14:00:00,Female,30,Gold,CallCenter,Bangkok,1585,Lazada,Credit_Card,14,11,2,0,20-30,52.833333333333336,4.0,0.0,0.0,-1,120,5934.0625,0.2299999999999999,0.25,0.25,0.0,0.0,0,0,0.0,0.0,0,0,0.0,0.0,0,0,0.0,23736.25,4,0,0.0,0
LGS2ORD0039853,C015309,2025-11-12 14:00:00,Male,54,Silver,Lazada,Bangkok,437,TV_Show,Credit_Card,14,11,2,0,>50,14.566666666666666,3.0,0.0,0.0,-1,21,10202.57,0.05,0.0,0.0,0.0,0.0,0,0,0.0,10683.28,1,0,0.0,10683.28,1,0,0.0,30607.71,3,0,0.0,0
LGS2ORD0039854,C016517,2025-11-12 15:00:00,Male,58,Bronze,TV,Bangkok,1494,Shopee,PromptPay,15,11,2,0,>50,49.8,5.0,2.0,0.4,209,1,4821.89,0.23,0.4,0.4,0.0,842.82,1,0,0.0,842.82,1,0,0.0,842.82,1,0,0.0,24109.45,5,2,0.4,0
LGS2ORD0039855,C015524,2025-11-12 15:00:00,Other,43,Silver,Lazada,Remote_Area,1476,Shopee,Credit_Card,15,11,2,0,40-50,49.2,4.0,1.0,0.25,300,100,3287.7299999999996,0.25,0.5,0.25,0.0,0.0,0,0,0.0,0.0,0,0,0.0,0.0,0,0,0.0,13150.919999999998,4,1,0.25,1
LGS2ORD0039856,C012185,2025-11-12 15:00:00,Female,49,Silver,Web,Khon Kaen,972,CallCenter,COD,15,11,2,0,40-50,32.4,7.0,1.0,0.14285714285714285,-9,0,2587.092857142857,0.3,0.42857142857142855,0.14285714285714285,0.0,2005.57,2,1,0.5,3681.6799999999994,3,1,0.3333333333333333,6433.599999999999,4,1,0.25,18109.65,7,1,0.14285714285714285,0
LGS2ORD0039857,C016122,2025-11-12 15:00:00,Female,21,Platinum,Shopee,Bangkok,885,TV_Show,Credit_Card,15,11,2,0,20-30,29.5,5.0,1.0,0.2,98,33,12296.934,0.15,0.2,0.0,0.0,0.0,0,0,0.0,0.0,0,0,0.0,21756.24,1,0,0.0,61484.67,5,1,0.2,0
LGS2ORD0039858,C015896,2025-11-12 15:00:00,Male,26,Bronze,CallCenter,Chonburi,371,TV_Show,COD,15,11,2,0,20-30,12.366666666666667,8.0,3.0,0.375,130,33,4084.7275,0.23,0.375,0.125,0.0,0.0,0,0,0.0,0.0,0,0,0.0,8552.6,2,0,0.0,32677.82,8,3,0.375,0
LGS2ORD0039859,C011948,2025-11-12 16:00:00,Female,54,Gold,Shopee,Chonburi,899,Web,COD,16,11,2,0,>50,29.966666666666665,1.0,0.0,0.0,-1,92,10089.87,0.08,0.0,0.0,0.0,0.0,0,0,0.0,0.0,0,0,0.0,0.0,0,0,0.0,10089.87,1,0,0.0,0
LGS2ORD0039860,C012548,2025-11-12 16:00:00,Female,49,Bronze,Lazada,Bangkok,652,Web,COD,16,11,2,0,40-50,21.733333333333334,3.0,0.0,0.0,-1,53,2109.54,0.18,0.0,0.0,0.0,0.0,0,0,0.0,0.0,0,0,0.0,1034.15,2,0,0.0,6328.62,3,0,0.0,1
LGS2ORD0039861,C017694,2025-11-12 16:00:00,Male,50,Silver,Lazada,Chiang Mai,967,CallCenter,COD,16,11,2,0,40-50,32.233333333333334,4.0,0.0,0.0,-1,136,2416.7625,0.3,0.5,0.5,0.0,0.0,0,0,0.0,0.0,0,0,0.0,0.0,0,0,0.0,9667.05,4,0,0.0,0
LGS2ORD0039862,C014585,2025-11-12 16:00:00,Male,55,Bronze,TV,Khon Kaen,853,TV_Show,COD,16,11,2,0,>50,28.433333333333334,6.0,0.0,0.0,-1,61,5531.735000000001,0.28,0.8333333333333334,0.3333333333333333,0.0,0.0,0,0,0.0,0.0,0,0,0.0,12610.08,1,0,0.0,33190.41,6,0,0.0,0
LGS2ORD0039863,C013730,2025-11-12 16:00:00,Male,43,Silver,TV,Phuket,1279,Lazada,PromptPay,16,11,2,0,40-50,42.63333333333333,4.0,1.0,0.25,271,54,5739.467500000001,0.2,0.75,0.0,0.0,0.0,0,0,0.0,0.0,0,0,0.0,17952.86,2,0,0.0,22957.870000000003,4,1,0.25,0
LGS2ORD0039864,C011425,2025-11-12 17:00:00,Female,59,Bronze,CallCenter,Nakhon Ratchasima,1668,TV_Show,COD,17,11,2,0,>50,55.6,6.0,1.0,0.16666666666666666,169,69,5850.435,0.28,0.5,0.3333333333333333,0.0,0.0,0,0,0.0,0.0,0,0,0.0,6882.39,1,0,0.0,35102.61,6,1,0.16666666666666666,1
LGS2ORD0039865,C013378,2025-11-12 17:00:00,Female,50,Bronze,Lazada,Bangkok,982,Shopee,Credit_Card,17,11,2,0,40-50,32.733333333333334,6.0,2.0,0.3333333333333333,76,83,11507.970000000001,0.23,0.8333333333333334,0.16666666666666666,0.0,0.0,0,0,0.0,0.0,0,0,0.0,13267.83,2,1,0.5,69047.82,6,2,0.3333333333333333,0
LGS2ORD0039866,C015960,2025-11-12 17:00:00,Male,49,Bronze,Shopee,Khon Kaen,542,TV_Show,Bank_Transfer,17,11,2,0,40-50,18.066666666666666,9.0,4.0,0.4444444444444444,35,6,4084.9477777777774,0.28,0.3333333333333333,0.5555555555555556,0.0,1592.23,1,0,0.0,10241.22,3,0,0.0,28344.68,6,3,0.5,36764.53,9,4,0.4444444444444444,0
LGS2ORD0039867,C014878,2025-11-12 17:00:00,Male,29,Silver,Lazada,Songkhla,334,CallCenter,Credit_Card,17,11,2,0,20-30,11.133333333333333,6.0,3.0,0.5,26,30,3106.8016666666667,0.25,0.5,0.16666666666666666,0.0,0.0,0,0,0.0,0.0,0,0,0.0,8905.57,3,1,0.3333333333333333,18640.81,6,3,0.5,0
LGS2ORD0039868,C015460,2025-11-12 17:00:00,Female,40,Gold,Lazada,Bangkok,719,TV_Show,COD,17,11,2,0,30-40,23.966666666666665,9.0,1.0,0.1111111111111111,67,38,2992.2233333333334,0.28,0.3333333333333333,0.5555555555555556,0.0,0.0,0,0,0.0,0.0,0,0,0.0,8559.59,4,1,0.25,26930.01,9,1,0.1111111111111111,1
LGS2ORD0039869,C012386,2025-11-12 17:00:00,Male,43,Silver,Web,Remote_Area,1071,Web,Credit_Card,17,11,2,0,40-50,35.7,4.0,1.0,0.25,36,44,2642.7825000000003,0.1,0.25,0.0,0.0,0.0,0,0,0.0,0.0,0,0,0.0,2618.49,1,1,1.0,10571.130000000001,4,1,0.25,0
LGS2ORD0039870,C013792,2025-11-12 18:00:00,Female,48,Silver,Web,Bangkok,1568,TV_Show,PromptPay,18,11,2,0,40-50,52.266666666666666,4.0,0.0,0.0,-1,62,2224.5424999999996,0.25,0.5,0.25,0.0,0.0,0,0,0.0,0.0,0,0,0.0,4494.61,1,0,0.0,8898.169999999998,4,0,0.0,0
LGS2ORD0039871,C015179,2025-11-12 18:00:00,Male,41,Platinum,Lazada,Khon Kaen,1307,TV_Show,Credit_Card,18,11,2,0,40-50,43.56666666666667,8.0,4.0,0.5,55,28,5117.97875,0.35,0.25,0.625,0.0,0.0,0,0,0.0,7738.59,1,0,0.0,28708.81,4,2,0.5,40943.83,8,4,0.5,0
LGS2ORD0039872,C012758,2025-11-12 18:00:00,Female,47,Silver,CallCenter,Bangkok,1517,Shopee,PromptPay,18,11,2,0,40-50,50.56666666666667,6.0,2.0,0.3333333333333333,211,122,11100.221666666666,0.25,0.6666666666666666,0.3333333333333333,0.0,0.0,0,0,0.0,0.0,0,0,0.0,0.0,0,0,0.0,66601.33,6,2,0.3333333333333333,1
LGS2ORD0039873,C017863,2025-11-12 18:00:00,Male,39,Silver,Shopee,Phuket,1002,Lazada,Credit_Card,18,11,2,0,30-40,33.4,3.0,1.0,0.3333333333333333,9,14,5311.163333333333,0.25,0.6666666666666666,0.3333333333333333,0.0,0.0,0,0,0.0,2200.39,1,1,1.0,8721.73,2,1,0.5,15933.49,3,1,0.3333333333333333,1
LGS2ORD0039874,C016799,2025-11-12 18:00:00,Male,53,Silver,TV,Chonburi,1116,Web,COD,18,11,2,0,>50,37.2,2.0,1.0,0.5,51,63,6453.740000000001,0.05,0.5,0.0,0.0,0.0,0,0,0.0,0.0,0,0,0.0,12907.480000000001,2,1,0.5,12907.480000000001,2,1,0.5,1
LGS2ORD0039875,C015151,2025-11-12 19:00:00,Female,43,Gold,TV,Nakhon Ratchasima,428,Shopee,COD,19,11,2,0,40-50,14.266666666666667,11.0,1.0,0.09090909090909091,234,26,4286.347272727274,0.28,0.5454545454545454,0.36363636363636365,0.0,0.0,0,0,0.0,8758.95,1,0,0.0,8758.95,1,0,0.0,47149.82000000001,11,1,0.09090909090909091,0
LGS2ORD0039876,C012126,2025-11-12 19:00:00,Female,45,Gold,TV,Phuket,1484,TV_Show,COD,19,11,2,0,40-50,49.46666666666667,5.0,1.0,0.2,44,48,8135.082,0.28,0.6,0.4,0.0,0.0,0,0,0.0,0.0,0,0,0.0,6077.7,3,1,0.3333333333333333,40675.41,5,1,0.2,0
LGS2ORD0039877,C013031,2025-11-12 19:00:00,Female,40,Silver,TV,Phuket,1384,Web,PromptPay,19,11,2,0,30-40,46.13333333333333,11.0,0.0,0.0,-1,19,4510.805454545454,0.25,0.45454545454545453,0.2727272727272727,0.0,0.0,0,0,0.0,19063.46,1,0,0.0,21257.239999999998,2,0,0.0,49618.86,11,0,0.0,0
LGS2ORD0039878,C015819,2025-11-12 19:00:00,Female,29,Bronze,TV,Bangkok,646,TV_Show,COD,19,11,2,0,20-30,21.533333333333335,8.0,0.0,0.0,-1,25,2667.76,0.18,0.25,0.0,0.0,0.0,0,0,0.0,4534.65,1,0,0.0,4534.65,1,0,0.0,21342.08,8,0,0.0,1
LGS2ORD0039879,C017068,2025-11-12 19:00:00,Male,57,Bronze,TV,Khon Kaen,470,TV_Show,Credit_Card,19,11,2,0,>50,15.666666666666666,3.0,0.0,0.0,-1,104,4657.666666666667,0.28,0.3333333333333333,0.6666666666666666,0.0,0.0,0,0,0.0,0.0,0,0,0.0,0.0,0,0,0.0,13973.0,3,0,0.0,0
LGS2ORD0039880,C010011,2025-11-12 20:00:00,Female,50,Gold,Shopee,Bangkok,1544,Shopee,PromptPay,20,11,2,0,40-50,51.46666666666667,3.0,0.0,0.0,-1,81,5171.986666666667,0.28,0.0,1.0,0.0,0.0,0,0,0.0,0.0,0,0,0.0,2148.45,1,0,0.0,15515.96,3,0,0.0,0
LGS2ORD0039881,C011195,2025-11-12 20:00:00,Female,39,Bronze,Lazada,Phuket,976,CallCenter,COD,20,11,2,0,30-40,32.53333333333333,6.0,4.0,0.6666666666666666,54,64,6805.9800000000005,0.23,0.5,0.16666666666666666,0.0,0.0,0,0,0.0,0.0,0,0,0.0,6330.23,1,1,1.0,40835.880000000005,6,4,0.6666666666666666,1
LGS2ORD0039882,C013478,2025-11-12 20:00:00,Male,32,Bronze,Lazada,Bangkok,1123,Web,COD,20,11,2,0,30-40,37.43333333333333,7.0,2.0,0.2857142857142857,-6,3,3357.8314285714287,0.18,0.5714285714285714,0.0,0.0,1065.46,1,1,1.0,2963.73,3,1,0.3333333333333333,2963.73,3,1,0.3333333333333333,23504.82,7,2,0.2857142857142857,0
LGS2ORD0039883,C010730,2025-11-12 20:00:00,Female,46,Silver,Lazada,Nakhon Ratchasima,482,CallCenter,Credit_Card,20,11,2,0,40-50,16.066666666666666,6.0,0.0,0.0,-1,56,7130.343333333333,0.25,0.6666666666666666,0.16666666666666666,0.0,0.0,0,0,0.0,0.0,0,0,0.0,8483.95,2,0,0.0,42782.06,6,0,0.0,0
LGS2ORD0039884,C010913,2025-11-12 20:00:00,Female,48,Bronze,TV,Remote_Area,1029,CallCenter,PromptPay,20,11,2,0,40-50,34.3,7.0,1.0,0.14285714285714285,138,7,7861.469999999999,0.23,0.5714285714285714,0.14285714285714285,0.0,0.0,0,0,0.0,9502.55,1,0,0.0,10797.519999999999,2,0,0.0,55030.28999999999,7,1,0.14285714285714285,1
LGS2ORD0039885,C015124,2025-11-12 21:00:00,Female,54,Bronze,TV,Nakhon Ratchasima,348,Web,Bank_Transfer,21,11,2,0,>50,11.6,9.0,4.0,0.4444444444444444,44,46,4014.4222222222215,0.28,0.5555555555555556,0.3333333333333333,0.0,0.0,0,0,0.0,0.0,0,0,0.0,14233.82,3,2,0.6666666666666666,36129.799999999996,9,4,0.4444444444444444,0
LGS2ORD0039886,C012438,2025-11-12 21:00:00,Female,37,Silver,TV,Bangkok,568,Lazada,COD,21,11,2,0,30-40,18.933333333333334,6.0,0.0,0.0,-1,6,3301.8483333333334,0.2,0.3333333333333333,0.0,0.0,2020.36,1,0,0.0,13294.010000000002,3,0,0.0,13294.010000000002,3,0,0.0,19811.09,6,0,0.0,0
LGS2ORD0039887,C015904,2025-11-12 21:00:00,Male,39,Bronze,Web,Bangkok,1121,Web,COD,21,11,2,0,30-40,37.36666666666667,1.0,0.0,0.0,-1,299,1940.0,0.08,0.0,0.0,0.0,0.0,0,0,0.0,0.0,0,0,0.0,0.0,0,0,0.0,1940.0,1,0,0.0,0
LGS2ORD0039888,C013210,2025-11-12 21:00:00,Female,43,Bronze,TV,Nakhon Ratchasima,1762,Shopee,Credit_Card,21,11,2,0,40-50,58.733333333333334,6.0,1.0,0.16666666666666666,233,30,1690.9483333333335,0.18,0.16666666666666666,0.0,0.0,0.0,0,0,0.0,2484.45,1,0,0.0,4177.24,2,0,0.0,10145.69,6,1,0.16666666666666666,0
LGS2ORD0039889,C013339,2025-11-12 21:00:00,Male,48,Silver,Web,Nakhon Ratchasima,620,Lazada,Bank_Transfer,21,11,2,0,40-50,20.666666666666668,1.0,0.0,0.0,-1,223,1303.75,0.25,1.0,1.0,0.0,0.0,0,0,0.0,0.0,0,0,0.0,0.0,0,0,0.0,1303.75,1,0,0.0,1
LGS2ORD0039890,C013786,2025-11-12 21:00:00,Female,49,Gold,Shopee,Chiang Mai,333,Web,COD,21,11,2,0,40-50,11.1,8.0,1.0,0.125,125,42,2611.6,0.28,0.5,0.875,0.0,0.0,0,0,0.0,0.0,0,0,0.0,10265.22,2,0,0.0,20892.8,8,1,0.125,1
LGS2ORD0039891,C011413,2025-11-12 22:00:00,Female,38,Bronze,Shopee,Bangkok,979,Lazada,Credit_Card,22,11,2,0,30-40,32.63333333333333,4.0,0.0,0.0,-1,23,5511.34,0.18,0.75,0.0,0.0,0.0,0,0,0.0,3839.5,1,0,0.0,3839.5,1,0,0.0,22045.36,4,0,0.0,0
LGS2ORD0039892,C010142,2025-11-12 22:00:00,Female,28,Bronze,TV,Chiang Mai,615,TV_Show,Credit_Card,22,11,2,0,20-30,20.5,3.0,1.0,0.3333333333333333,204,84,7112.696666666667,0.13,0.3333333333333333,0.0,0.0,0.0,0,0,0.0,0.0,0,0,0.0,21063.239999999998,2,0,0.0,21338.09,3,1,0.3333333333333333,0
LGS2ORD0039893,C012176,2025-11-12 22:00:00,Male,35,Silver,Web,Khon Kaen,1746,Lazada,PromptPay,22,11,2,0,30-40,58.2,5.0,1.0,0.2,232,3,3264.402,0.3,0.8,0.4,0.0,4229.52,1,0,0.0,4229.52,1,0,0.0,4229.52,1,0,0.0,16322.01,5,1,0.2,0
LGS2ORD0039894,C017274,2025-11-12 22:00:00,Male,18,Silver,Lazada,Bangkok,472,TV_Show,Credit_Card,22,11,2,0,<20,15.733333333333333,5.0,1.0,0.2,277,35,3233.384,0.3,0.8,0.6,0.0,0.0,0,0,0.0,0.0,0,0,0.0,2131.88,2,0,0.0,16166.92,5,1,0.2,0
LGS2ORD0039895,C011175,2025-11-12 22:00:00,Male,41,Bronze,Web,Khon Kaen,1582,TV_Show,COD,22,11,2,0,40-50,52.733333333333334,1.0,0.0,0.0,-1,85,4279.88,0.03,1.0,0.0,0.0,0.0,0,0,0.0,0.0,0,0,0.0,4279.88,1,0,0.0,4279.88,1,0,0.0,1
LGS2ORD0039896,C016684,2025-11-12 23:00:00,Female,33,Gold,Lazada,Chonburi,747,Shopee,COD,23,11,2,0,30-40,24.9,5.0,1.0,0.2,156,144,6093.106000000001,0.33,0.2,0.4,0.0,0.0,0,0,0.0,0.0,0,0,0.0,0.0,0,0,0.0,30465.530000000002,5,1,0.2,0
LGS2ORD0039897,C011398,2025-11-12 23:00:00,Female,47,Bronze,Web,Chiang Mai,1247,Lazada,Credit_Card,23,11,2,0,40-50,41.56666666666667,6.0,4.0,0.6666666666666666,34,47,4055.891666666667,0.28,0.8333333333333334,0.16666666666666666,0.0,0.0,0,0,0.0,0.0,0,0,0.0,17120.489999999998,3,3,1.0,24335.350000000002,6,4,0.6666666666666666,0
LGS2ORD0039898,C017950,2025-11-12 23:00:00,Male,63,Bronze,Shopee,Chiang Mai,602,TV_Show,Credit_Card,23,11,2,0,>50,20.066666666666666,9.0,3.0,0.3333333333333333,62,23,3138.7922222222223,0.28,0.5555555555555556,0.3333333333333333,0.0,0.0,0,0,0.0,1619.12,1,0,0.0,12406.029999999999,3,1,0.3333333333333333,28249.13,9,3,0.3333333333333333,0
LGS2ORD0039899,C011278,2025-11-12 23:00:00,Female,48,Bronze,Lazada,Chiang Mai,784,Web,COD,23,11,2,0,40-50,26.133333333333333,7.0,2.0,0.2857142857142857,-4,4,7306.28,0.23,0.2857142857142857,0.14285714285714285,0.0,29332.28,1,1,1.0,29332.28,1,1,1.0,30731.0,2,1,0.5,51143.96,7,2,0.2857142857142857,0
LGS2ORD0039900,C012762,2025-11-12 23:00:00,Female,47,Silver,TV,Nakhon Ratchasima,525,Shopee,PromptPay,23,11,2,0,40-50,17.5,3.0,1.0,0.3333333333333333,114,124,2232.6333333333337,0.3,1.0,0.6666666666666666,0.0,0.0,0,0,0.0,0.0,0,0,0.0,0.0,0,0,0.0,6697.900000000001,3,1,0.3333333333333333,0
LGS2ORD0039901,C011457,2025-11-13 00:00:00,Female,47,Silver,TV,Khon Kaen,428,CallCenter,COD,0,11,3,0,40-50,14.266666666666667,6.0,0.0,0.0,-1,56,6937.7300000000005,0.25,0.6666666666666666,0.16666666666666666,0.0,0.0,0,0,0.0,0.0,0,0,0.0,33022.130000000005,4,0,0.0,41626.380000000005,6,0,0.0,0
LGS2ORD0039902,C013474,2025-11-13 00:00:00,Male,67,Bronze,TV,Nakhon Ratchasima,685,Web,COD,0,11,3,0,>50,22.833333333333332,3.0,0.0,0.0,-1,1,6449.153333333333,0.28,0.6666666666666666,0.3333333333333333,0.0,5427.25,1,0,0.0,5427.25,1,0,0.0,5427.25,1,0,0.0,19347.46,3,0,0.0,0
LGS2ORD0039903,C011590,2025-11-13 00:00:00,Male,70,Silver,CallCenter,Phuket,790,TV_Show,COD,0,11,3,0,>50,26.333333333333332,7.0,2.0,0.2857142857142857,79,35,5004.928571428571,0.25,0.8571428571428571,0.2857142857142857,0.0,0.0,0,0,0.0,0.0,0,0,0.0,7817.26,2,0,0.0,35034.49999999999,7,2,0.2857142857142857,0
LGS2ORD0039904,C015982,2025-11-13 00:00:00,Male,29,Gold,CallCenter,Songkhla,806,Shopee,COD,0,11,3,0,20-30,26.866666666666667,3.0,3.0,1.0,19,30,4178.59,0.28,0.3333333333333333,0.6666666666666666,0.0,0.0,0,0,0.0,0.0,0,0,0.0,11507.94,2,2,1.0,12535.77,3,3,1.0,1
LGS2ORD0039905,C011847,2025-11-13 00:00:00,Female,50,Bronze,Web,Nakhon Ratchasima,837,CallCenter,PromptPay,0,11,3,0,40-50,27.9,6.0,1.0,0.16666666666666666,259,34,5249.1483333333335,0.23,0.3333333333333333,0.16666666666666666,0.0,0.0,0,0,0.0,0.0,0,0,0.0,23751.059999999998,3,0,0.0,31494.89,6,1,0.16666666666666666,0
LGS2ORD0039906,C010836,2025-11-13 00:00:00,Male,54,Bronze,Shopee,Phuket,1030,CallCenter,COD,0,11,3,0,>50,34.333333333333336,2.0,1.0,0.5,258,264,1594.21,0.23,0.0,0.5,0.0,0.0,0,0,0.0,0.0,0,0,0.0,0.0,0,0,0.0,3188.42,2,1,0.5,0
LGS2ORD0039907,C017617,2025-11-13 01:00:00,Female,44,Bronze,TV,Remote_Area,1442,TV_Show,COD,1,11,3,0,40-50,48.06666666666667,6.0,4.0,0.6666666666666666,23,39,5980.18,0.23,0.8333333333333334,0.3333333333333333,0.0,0.0,0,0,0.0,0.0,0,0,0.0,2546.86,1,1,1.0,35881.08,6,4,0.6666666666666666,1
LGS2ORD0039908,C016298,2025-11-13 01:00:00,Female,36,Bronze,CallCenter,Bangkok,408,Lazada,COD,1,11,3,0,30-40,13.6,4.0,1.0,0.25,206,50,5822.055,0.23,0.75,0.25,0.0,0.0,0,0,0.0,0.0,0,0,0.0,9891.42,1,0,0.0,23288.22,4,1,0.25,0
LGS2ORD0039909,C012126,2025-11-13 01:00:00,Female,45,Gold,TV,Phuket,1485,Web,COD,1,11,3,0,40-50,49.5,6.0,1.0,0.16666666666666666,44,0,6875.986666666668,0.28,0.6666666666666666,0.3333333333333333,0.0,580.51,1,0,0.0,580.51,1,0,0.0,6658.21,4,1,0.25,41255.920000000006,6,1,0.16666666666666666,0
LGS2ORD0039910,C010470,2025-11-13 01:00:00,Male,34,Bronze,TV,Phuket,346,Lazada,PromptPay,1,11,3,0,30-40,11.533333333333333,3.0,2.0,0.6666666666666666,-6,5,6996.45,0.23,0.6666666666666666,0.3333333333333333,0.0,9276.08,1,1,1.0,9276.08,1,1,1.0,9276.08,1,1,1.0,20989.35,3,2,0.6666666666666666,0
LGS2ORD0039911,C014030,2025-11-13 01:00:00,Female,62,Bronze,TV,Khon Kaen,776,TV_Show,Credit_Card,1,11,3,0,>50,25.866666666666667,9.0,2.0,0.2222222222222222,100,54,3944.79,0.28,0.7777777777777778,0.1111111111111111,0.0,0.0,0,0,0.0,0.0,0,0,0.0,10328.0,2,0,0.0,35503.11,9,2,0.2222222222222222,0
LGS2ORD0039912,C014166,2025-11-13 02:00:00,Female,46,Bronze,TV,Phuket,1292,Shopee,COD,2,11,3,0,40-50,43.06666666666667,4.0,2.0,0.5,128,9,4215.035,0.28,0.75,0.25,0.0,0.0,0,0,0.0,1554.41,1,0,0.0,1554.41,1,0,0.0,16860.14,4,2,0.5,1
LGS2ORD0039913,C010047,2025-11-13 02:00:00,Male,51,Bronze,CallCenter,Chonburi,1667,Web,COD,2,11,3,0,>50,55.56666666666667,7.0,1.0,0.14285714285714285,130,17,5004.211428571429,0.28,0.14285714285714285,0.14285714285714285,0.0,0.0,0,0,0.0,3446.23,1,0,0.0,12549.6,2,0,0.0,35029.48,7,1,0.14285714285714285,0
LGS2ORD0039914,C010679,2025-11-13 02:00:00,Male,42,Silver,TV,Phuket,926,Shopee,PromptPay,2,11,3,0,40-50,30.866666666666667,4.0,1.0,0.25,286,35,3571.5099999999998,0.3,0.25,0.25,0.0,0.0,0,0,0.0,0.0,0,0,0.0,4231.1,2,0,0.0,14286.039999999999,4,1,0.25,0
LGS2ORD0039915,C013678,2025-11-13 02:00:00,Male,38,Bronze,Lazada,Songkhla,1277,Lazada,Credit_Card,2,11,3,0,30-40,42.56666666666667,2.0,0.0,0.0,-1,66,2617.065,0.03,0.5,0.0,0.0,0.0,0,0,0.0,0.0,0,0,0.0,2595.54,1,0,0.0,5234.13,2,0,0.0,0
LGS2ORD0039916,C011583,2025-11-13 02:00:00,Female,64,Silver,Web,Chiang Mai,1693,Shopee,COD,2,11,3,0,>50,56.43333333333333,3.0,1.0,0.3333333333333333,58,62,10496.94,0.25,1.0,0.3333333333333333,0.0,0.0,0,0,0.0,0.0,0,0,0.0,6287.78,1,1,1.0,31490.82,3,1,0.3333333333333333,0
LGS2ORD0039917,C013452,2025-11-13 03:00:00,Male,43,Bronze,Web,Chiang Mai,1256,Shopee,Credit_Card,3,11,3,0,40-50,41.86666666666667,4.0,1.0,0.25,150,164,3474.6075,0.23,0.5,0.25,0.0,0.0,0,0,0.0,0.0,0,0,0.0,0.0,0,0,0.0,13898.43,4,1,0.25,1
LGS2ORD0039918,C011051,2025-11-13 03:00:00,Female,40,Bronze,TV,Phuket,869,TV_Show,COD,3,11,3,0,30-40,28.966666666666665,8.0,3.0,0.375,35,15,3750.3137500000003,0.28,0.5,0.5,0.0,0.0,0,0,0.0,9439.43,2,0,0.0,22371.960000000003,6,3,0.5,30002.510000000002,8,3,0.375,0
LGS2ORD0039919,C013700,2025-11-13 03:00:00,Male,41,Silver,Web,Phuket,664,Shopee,Bank_Transfer,3,11,3,0,40-50,22.133333333333333,5.0,1.0,0.2,142,33,7153.464,0.2,0.2,0.0,0.0,0.0,0,0,0.0,0.0,0,0,0.0,28045.11,2,0,0.0,35767.32,5,1,0.2,0
LGS2ORD0039920,C014850,2025-11-13 03:00:00,Female,24,Gold,TV,Phuket,394,Shopee,Credit_Card,3,11,3,0,20-30,13.133333333333333,2.0,0.0,0.0,-1,94,3646.8100000000004,0.18,0.0,0.0,0.0,0.0,0,0,0.0,0.0,0,0,0.0,0.0,0,0,0.0,7293.620000000001,2,0,0.0,0
LGS2ORD0039921,C014929,2025-11-13 03:00:00,Female,39,Bronze,Shopee,Bangkok,1038,TV_Show,COD,3,11,3,0,30-40,34.6,5.0,1.0,0.2,292,4,6778.048,0.23,0.6,0.4,0.0,11543.67,1,0,0.0,11543.67,1,0,0.0,11543.67,1,0,0.0,33890.24,5,1,0.2,0
LGS2ORD0039922,C011816,2025-11-13 04:00:00,Female,43,Bronze,Lazada,Bangkok,1111,Shopee,Bank_Transfer,4,11,3,0,40-50,37.03333333333333,5.0,2.0,0.4,99,85,6101.198,0.18,0.8,0.0,0.0,0.0,0,0,0.0,0.0,0,0,0.0,845.74,1,0,0.0,30505.99,5,2,0.4,0
LGS2ORD0039923,C016335,2025-11-13 04:00:00,Female,40,Bronze,Shopee,Nakhon Ratchasima,1035,Web,COD,4,11,3,0,30-40,34.5,3.0,0.0,0.0,-1,58,5428.813333333334,0.08,0.6666666666666666,0.0,0.0,0.0,0,0,0.0,0.0,0,0,0.0,7936.63,1,0,0.0,16286.440000000002,3,0,0.0,0
LGS2ORD0039924,C013950,2025-11-13 04:00:00,Male,42,Bronze,TV,Nakhon Ratchasima,1709,CallCenter,COD,4,11,3,0,40-50,56.96666666666667,8.0,2.0,0.25,12,17,2183.4275,0.23,0.375,0.375,0.0,0.0,0,0,0.0,1171.85,1,1,1.0,2437.64,2,1,0.5,17467.42,8,2,0.25,1
LGS2ORD0039925,C014736,2025-11-13 04:00:00,Male,33,Gold,Lazada,Chonburi,1736,TV_Show,COD,4,11,3,0,30-40,57.86666666666667,3.0,1.0,0.3333333333333333,108,114,8075.036666666667,0.28,0.3333333333333333,0.3333333333333333,0.0,0.0,0,0,0.0,0.0,0,0,0.0,0.0,0,0,0.0,24225.11,3,1,0.3333333333333333,0
LGS2ORD0039926,C015398,2025-11-13 04:00:00,Male,42,Bronze,Web,Bangkok,1419,TV_Show,COD,4,11,3,0,40-50,47.3,7.0,4.0,0.5714285714285714,34,15,5428.137142857142,0.28,0.8571428571428571,0.7142857142857143,0.0,0.0,0,0,0.0,8562.59,1,0,0.0,25237.859999999997,3,2,0.6666666666666666,37996.95999999999,7,4,0.5714285714285714,1
LGS2ORD0039927,C012162,2025-11-13 04:00:00,Male,61,Bronze,Lazada,Phuket,1587,CallCenter,PromptPay,4,11,3,0,>50,52.9,2.0,1.0,0.5,80,88,7004.265,0.28,1.0,0.5,0.0,0.0,0,0,0.0,0.0,0,0,0.0,424.77,1,1,1.0,14008.53,2,1,0.5,0
LGS2ORD0039928,C015039,2025-11-13 05:00:00,Male,40,Bronze,TV,Phuket,600,TV_Show,Bank_Transfer,5,11,3,0,30-40,20.0,7.0,2.0,0.2857142857142857,59,64,9446.484285714285,0.23,0.5714285714285714,0.42857142857142855,0.0,0.0,0,0,0.0,0.0,0,0,0.0,29071.11,1,1,1.0,66125.39,7,2,0.2857142857142857,0
LGS2ORD0039929,C010076,2025-11-13 05:00:00,Male,39,Bronze,TV,Chonburi,1702,Shopee,COD,5,11,3,0,30-40,56.733333333333334,3.0,0.0,0.0,-1,83,4719.72,0.28,0.3333333333333333,0.3333333333333333,0.0,0.0,0,0,0.0,0.0,0,0,0.0,5346.75,1,0,0.0,14159.16,3,0,0.0,0
LGS2ORD0039930,C013702,2025-11-13 05:00:00,Male,32,Silver,Shopee,Bangkok,998,Web,COD,5,11,3,0,30-40,33.266666666666666,4.0,1.0,0.25,157,90,3780.8075,0.3,0.5,0.25,0.0,0.0,0,0,0.0,0.0,0,0,0.0,0.0,0,0,0.0,15123.23,4,1,0.25,0
LGS2ORD0039931,C017254,2025-11-13 05:00:00,Male,56,Gold,TV,Bangkok,1624,Lazada,Credit_Card,5,11,3,0,>50,54.13333333333333,3.0,0.0,0.0,-1,125,4869.14,0.18,0.6666666666666666,0.0,0.0,0.0,0,0,0.0,0.0,0,0,0.0,0.0,0,0,0.0,14607.42,3,0,0.0,0
LGS2ORD0039932,C012873,2025-11-13 05:00:00,Female,33,Bronze,Shopee,Songkhla,609,Lazada,COD,5,11,3,0,30-40,20.3,6.0,1.0,0.16666666666666666,2,9,3381.895,0.28,0.3333333333333333,0.5,0.0,0.0,0,0,0.0,1791.52,1,1,1.0,4628.4400000000005,2,1,0.5,20291.37,6,1,0.16666666666666666,1
LGS2ORD0039933,C017437,2025-11-13 06:00:00,Female,36,Platinum,CallCenter,Chiang Mai,984,TV_Show,Credit_Card,6,11,3,0,30-40,32.8,3.0,0.0,0.0,-1,114,4035.433333333333,0.35,0.6666666666666666,0.6666666666666666,0.0,0.0,0,0,0.0,0.0,0,0,0.0,0.0,0,0,0.0,12106.3,3,0,0.0,0
LGS2ORD0039934,C017581,2025-11-13 06:00:00,Female,18,Bronze,Lazada,Phuket,464,Web,Credit_Card,6,11,3,0,<20,15.466666666666667,1.0,1.0,1.0,268,280,673.37,0.18,1.0,0.0,0.0,0.0,0,0,0.0,0.0,0,0,0.0,0.0,0,0,0.0,673.37,1,1,1.0,0
LGS2ORD0039935,C016670,2025-11-13 06:00:00,Female,27,Bronze,Shopee,Nakhon Ratchasima,1373,TV_Show,COD,6,11,3,0,20-30,45.766666666666666,7.0,1.0,0.14285714285714285,294,43,2744.327142857143,0.18,0.2857142857142857,0.0,0.0,0.0,0,0,0.0,0.0,0,0,0.0,3130.95,2,0,0.0,19210.29,7,1,0.14285714285714285,0
LGS2ORD0039936,C013271,2025-11-13 06:00:00,Male,18,Bronze,TV,Khon Kaen,1066,CallCenter,Bank_Transfer,6,11,3,0,<20,35.53333333333333,4.0,1.0,0.25,2,10,8200.914999999999,0.18,0.5,0.0,0.0,0.0,0,0,0.0,8453.64,1,1,1.0,8453.64,1,1,1.0,32803.659999999996,4,1,0.25,0
LGS2ORD0039937,C016783,2025-11-13 06:00:00,Female,36,Bronze,Shopee,Bangkok,809,Lazada,Bank_Transfer,6,11,3,0,30-40,26.966666666666665,4.0,0.0,0.0,-1,112,3953.3950000000004,0.28,0.5,0.5,0.0,0.0,0,0,0.0,0.0,0,0,0.0,0.0,0,0,0.0,15813.580000000002,4,0,0.0,1
LGS2ORD0039938,C017684,2025-11-13 07:00:00,Female,57,Platinum,Web,Khon Kaen,759,CallCenter,PromptPay,7,11,3,0,>50,25.3,6.0,1.0,0.16666666666666666,289,16,3831.17,0.3,0.5,0.6666666666666666,0.16666666666666666,0.0,0,0,0.0,7492.040000000001,2,0,0.0,8626.730000000001,3,0,0.0,22987.02,6,1,0.16666666666666666,0
LGS2ORD0039939,C013043,2025-11-13 07:00:00,Male,57,Bronze,TV,Bangkok,1003,Web,PromptPay,7,11,3,0,>50,33.43333333333333,1.0,1.0,1.0,134,143,846.26,0.18,1.0,0.0,0.0,0.0,0,0,0.0,0.0,0,0,0.0,0.0,0,0,0.0,846.26,1,1,1.0,1
LGS2ORD0039940,C013739,2025-11-13 07:00:00,Female,50,Silver,Lazada,Nakhon Ratchasima,592,CallCenter,Credit_Card,7,11,3,0,40-50,19.733333333333334,5.0,1.0,0.2,57,18,8080.108,0.25,0.6,0.2,0.0,0.0,0,0,0.0,8220.34,1,0,0.0,22683.43,2,1,0.5,40400.54,5,1,0.2,0
LGS2ORD0039941,C010616,2025-11-13 07:00:00,Female,43,Platinum,Shopee,Remote_Area,783,Shopee,PromptPay,7,11,3,0,40-50,26.1,2.0,1.0,0.5,30,39,17624.65,0.1,0.0,0.0,0.0,0.0,0,0,0.0,0.0,0,0,0.0,30079.58,1,1,1.0,35249.3,2,1,0.5,1
LGS2ORD0039942,C012829,2025-11-13 07:00:00,Female,72,Silver,TV,Bangkok,1147,Web,COD,7,11,3,0,>50,38.233333333333334,12.0,5.0,0.4166666666666667,102,98,6594.459166666667,0.25,0.6666666666666666,0.25,0.0,0.0,0,0,0.0,0.0,0,0,0.0,0.0,0,0,0.0,79133.51000000001,12,5,0.4166666666666667,0
LGS2ORD0039943,C013471,2025-11-13 08:00:00,Female,36,Bronze,Lazada,Bangkok,535,Web,Bank_Transfer,8,11,3,0,30-40,17.833333333333332,4.0,1.0,0.25,243,60,1348.34,0.28,0.75,0.5,0.0,0.0,0,0,0.0,0.0,0,0,0.0,2987.62,2,0,0.0,5393.36,4,1,0.25,0
LGS2ORD0039944,C011844,2025-11-13 08:00:00,Female,41,Silver,TV,Bangkok,1122,CallCenter,Credit_Card,8,11,3,0,40-50,37.4,5.0,1.0,0.2,-4,9,3912.8740000000007,0.25,0.6,0.4,0.0,0.0,0,0,0.0,11952.51,1,1,1.0,13519.25,2,1,0.5,19564.370000000003,5,1,0.2,0
LGS2ORD0039945,C011960,2025-11-13 08:00:00,Male,18,Bronze,Shopee,Chiang Mai,837,TV_Show,PromptPay,8,11,3,0,<20,27.9,8.0,2.0,0.25,48,55,4801.7675,0.28,0.25,0.25,0.0,0.0,0,0,0.0,0.0,0,0,0.0,4298.15,2,1,0.5,38414.14,8,2,0.25,0
LGS2ORD0039946,C012587,2025-11-13 08:00:00,Female,41,Silver,Lazada,Phuket,1313,TV_Show,COD,8,11,3,0,40-50,43.766666666666666,8.0,3.0,0.375,11,7,5870.56625,0.25,0.375,0.5,0.0,0.0,0,0,0.0,6154.67,2,1,0.5,9162.51,3,1,0.3333333333333333,46964.53,8,3,0.375,0
LGS2ORD0039947,C011390,2025-11-13 08:00:00,Female,34,Gold,Web,Bangkok,1597,CallCenter,COD,8,11,3,0,30-40,53.233333333333334,3.0,1.0,0.3333333333333333,62,72,3633.1133333333332,0.2299999999999999,0.0,0.3333333333333333,0.0,0.0,0,0,0.0,0.0,0,0,0.0,8012.18,2,1,0.5,10899.34,3,1,0.3333333333333333,0
LGS2ORD0039948,C016903,2025-11-13 08:00:00,Female,52,Bronze,TV,Khon Kaen,1085,CallCenter,COD,8,11,3,0,>50,36.166666666666664,5.0,0.0,0.0,-1,65,9478.836,0.23,0.2,0.2,0.0,0.0,0,0,0.0,0.0,0,0,0.0,13754.25,2,0,0.0,47394.18,5,0,0.0,0
LGS2ORD0039949,C017461,2025-11-13 09:00:00,Male,31,Bronze,Web,Nakhon Ratchasima,411,Lazada,COD,9,11,3,0,30-40,13.7,3.0,1.0,0.3333333333333333,217,112,6749.66,0.13,0.3333333333333333,0.0,0.0,0.0,0,0,0.0,0.0,0,0,0.0,0.0,0,0,0.0,20248.98,3,1,0.3333333333333333,1
LGS2ORD0039950,C010356,2025-11-13 09:00:00,Male,39,Silver,Shopee,Bangkok,657,Shopee,COD,9,11,3,0,30-40,21.9,7.0,0.0,0.0,-1,76,6611.452857142858,0.3,0.5714285714285714,0.2857142857142857,0.0,0.0,0,0,0.0,0.0,0,0,0.0,651.72,1,0,0.0,46280.170000000006,7,0,0.0,0
LGS2ORD0039951,C013295,2025-11-13 09:00:00,Female,62,Silver,CallCenter,Bangkok,911,Web,Credit_Card,9,11,3,0,>50,30.366666666666667,6.0,2.0,0.3333333333333333,117,130,4610.393333333334,0.3,0.16666666666666666,0.5,0.0,0.0,0,0,0.0,0.0,0,0,0.0,0.0,0,0,0.0,27662.360000000004,6,2,0.3333333333333333,0
LGS2ORD0039952,C016528,2025-11-13 09:00:00,Male,47,Bronze,TV,Remote_Area,1281,CallCenter,Bank_Transfer,9,11,3,0,40-50,42.7,8.0,4.0,0.5,18,16,2114.0074999999997,0.28,0.75,0.5,0.0,0.0,0,0,0.0,8656.52,3,1,0.3333333333333333,8656.52,3,1,0.3333333333333333,16912.059999999998,8,4,0.5,0
LGS2ORD0039953,C016964,2025-11-13 09:00:00,Female,35,Bronze,Web,Bangkok,1718,CallCenter,PromptPay,9,11,3,0,30-40,57.266666666666666,4.0,0.0,0.0,-1,86,2095.8725,0.28,0.5,0.75,0.0,0.0,0,0,0.0,0.0,0,0,0.0,1695.65,1,0,0.0,8383.49,4,0,0.0,0
LGS2ORD0039954,C011100,2025-11-13 10:00:00,Male,40,Bronze,CallCenter,Nakhon Ratchasima,1024,CallCenter,Credit_Card,10,11,3,0,30-40,34.13333333333333,5.0,2.0,0.4,-6,9,2945.54,0.28,0.6,0.4,0.0,0.0,0,0,0.0,3277.22,2,1,0.5,7210.65,3,1,0.3333333333333333,14727.7,5,2,0.4,0
LGS2ORD0039955,C015697,2025-11-13 10:00:00,Male,42,Platinum,Web,Khon Kaen,537,Shopee,COD,10,11,3,0,40-50,17.9,4.0,1.0,0.25,298,56,1546.0300000000002,0.3,0.5,0.25,0.0,0.0,0,0,0.0,0.0,0,0,0.0,1588.6,1,0,0.0,6184.120000000001,4,1,0.25,0
LGS2ORD0039956,C014502,2025-11-13 10:00:00,Male,40,Gold,Shopee,Chiang Mai,1757,Web,COD,10,11,3,0,30-40,58.56666666666667,4.0,0.0,0.0,-1,36,5713.0275,0.33,0.5,0.5,0.0,0.0,0,0,0.0,0.0,0,0,0.0,13098.11,2,0,0.0,22852.11,4,0,0.0,0
LGS2ORD0039957,C017950,2025-11-13 10:00:00,Male,63,Bronze,Shopee,Chiang Mai,603,Lazada,Credit_Card,10,11,3,0,>50,20.1,10.0,3.0,0.3,62,0,3079.102,0.28,0.5,0.4,0.0,2541.89,1,0,0.0,4161.01,2,0,0.0,14947.919999999998,4,1,0.25,30791.02,10,3,0.3,1
LGS2ORD0039958,C017486,2025-11-13 10:00:00,Other,54,Bronze,TV,Remote_Area,1406,Shopee,COD,10,11,3,0,>50,46.86666666666667,2.0,1.0,0.5,271,286,2182.025,0.18,0.0,0.0,0.0,0.0,0,0,0.0,0.0,0,0,0.0,0.0,0,0,0.0,4364.05,2,1,0.5,0
LGS2ORD0039959,C015456,2025-11-13 11:00:00,Female,47,Bronze,TV,Songkhla,499,CallCenter,Credit_Card,11,11,3,0,40-50,16.633333333333333,7.0,4.0,0.5714285714285714,73,87,1641.827142857143,0.28,0.7142857142857143,0.2857142857142857,0.0,0.0,0,0,0.0,0.0,0,0,0.0,212.95,1,0,0.0,11492.79,7,4,0.5714285714285714,0
LGS2ORD0039960,C014620,2025-11-13 11:00:00,Female,39,Silver,Shopee,Remote_Area,1317,TV_Show,COD,11,11,3,0,30-40,43.9,5.0,1.0,0.2,266,24,2897.958,0.3,0.4,0.4,0.0,0.0,0,0,0.0,2783.27,2,0,0.0,2783.27,2,0,0.0,14489.79,5,1,0.2,1
LGS2ORD0039961,C016487,2025-11-13 11:00:00,Male,38,Silver,Web,Songkhla,1088,TV_Show,Credit_Card,11,11,3,0,30-40,36.266666666666666,6.0,2.0,0.3333333333333333,180,98,8124.598333333334,0.25,0.3333333333333333,0.3333333333333333,0.0,0.0,0,0,0.0,0.0,0,0,0.0,0.0,0,0,0.0,48747.590000000004,6,2,0.3333333333333333,0
LGS2ORD0039962,C011804,2025-11-13 11:00:00,Male,45,Bronze,TV,Khon Kaen,913,TV_Show,Credit_Card,11,11,3,0,40-50,30.433333333333334,6.0,0.0,0.0,-1,55,2291.1083333333336,0.23,0.5,0.16666666666666666,0.0,0.0,0,0,0.0,0.0,0,0,0.0,8702.5,3,0,0.0,13746.650000000001,6,0,0.0,0
LGS2ORD0039963,C010726,2025-11-13 11:00:00,Female,33,Silver,TV,Nakhon Ratchasima,1684,TV_Show,PromptPay,11,11,3,0,30-40,56.13333333333333,8.0,2.0,0.25,102,15,10038.38375,0.25,0.25,0.125,0.0,0.0,0,0,0.0,8890.12,1,0,0.0,8890.12,1,0,0.0,80307.07,8,2,0.25,1
LGS2ORD0039964,C012260,2025-11-13 12:00:00,Female,51,Bronze,Lazada,Bangkok,1031,TV_Show,COD,12,11,3,0,>50,34.36666666666667,9.0,1.0,0.1111111111111111,190,39,4895.0922222222225,0.28,0.4444444444444444,0.3333333333333333,0.0,0.0,0,0,0.0,0.0,0,0,0.0,9575.9,2,0,0.0,44055.83,9,1,0.1111111111111111,0
LGS2ORD0039965,C013152,2025-11-13 12:00:00,Female,46,Bronze,Web,Remote_Area,1291,Web,Credit_Card,12,11,3,0,40-50,43.03333333333333,5.0,1.0,0.2,212,30,2996.8059999999996,0.23,0.8,0.4,0.0,0.0,0,0,0.0,0.0,0,0,0.0,12024.27,3,0,0.0,14984.029999999999,5,1,0.2,0
LGS2ORD0039966,C011318,2025-11-13 12:00:00,Female,45,Gold,Shopee,Bangkok,935,Shopee,COD,12,11,3,0,40-50,31.166666666666668,5.0,2.0,0.4,175,12,3728.7760000000003,0.33,0.4,0.4,0.0,0.0,0,0,0.0,1605.29,1,0,0.0,16010.099999999999,3,0,0.0,18643.88,5,2,0.4,0
LGS2ORD0039967,C016584,2025-11-13 12:00:00,Male,62,Gold,Web,Bangkok,718,Lazada,COD,12,11,3,0,>50,23.933333333333334,8.0,2.0,0.25,100,44,5208.98125,0.28,0.25,0.125,0.0,0.0,0,0,0.0,0.0,0,0,0.0,1667.43,1,0,0.0,41671.85,8,2,0.25,0
LGS2ORD0039968,C011453,2025-11-13 12:00:00,Female,45,Silver,CallCenter,Remote_Area,874,Lazada,Credit_Card,12,11,3,0,40-50,29.133333333333333,7.0,4.0,0.5714285714285714,8,16,2183.684285714286,0.3,0.5714285714285714,0.5714285714285714,0.0,0.0,0,0,0.0,1196.42,1,1,1.0,2404.6800000000003,2,1,0.5,15285.79,7,4,0.5714285714285714,1
LGS2ORD0039969,C016125,2025-11-13 12:00:00,Male,31,Bronze,TV,Songkhla,744,Shopee,COD,12,11,3,0,30-40,24.8,5.0,2.0,0.4,208,81,6871.428,0.28,0.6,0.2,0.0,0.0,0,0,0.0,0.0,0,0,0.0,4217.26,1,0,0.0,34357.14,5,2,0.4,0
LGS2ORD0039970,C012766,2025-11-13 13:00:00,Male,33,Platinum,Shopee,Chiang Mai,331,Lazada,PromptPay,13,11,3,0,30-40,11.033333333333333,8.0,1.0,0.125,165,22,4939.016250000001,0.25,0.75,0.25,0.0,0.0,0,0,0.0,356.88,1,0,0.0,1787.6,3,0,0.0,39512.130000000005,8,1,0.125,0
LGS2ORD0039971,C016042,2025-11-13 13:00:00,Female,63,Silver,Shopee,Remote_Area,1245,CallCenter,PromptPay,13,11,3,0,>50,41.5,7.0,0.0,0.0,-1,58,13737.744285714285,0.3,0.2857142857142857,0.42857142857142855,0.0,0.0,0,0,0.0,0.0,0,0,0.0,24162.29,2,0,0.0,96164.20999999999,7,0,0.0,0
LGS2ORD0039972,C012897,2025-11-13 13:00:00,Female,52,Bronze,TV,Songkhla,658,TV_Show,COD,13,11,3,0,>50,21.933333333333334,3.0,1.0,0.3333333333333333,-7,4,3676.7033333333334,0.23,0.6666666666666666,0.3333333333333333,0.0,1374.79,1,1,1.0,1374.79,1,1,1.0,8701.0,2,1,0.5,11030.11,3,1,0.3333333333333333,0
LGS2ORD0039973,C012181,2025-11-13 13:00:00,Female,47,Silver,Lazada,Bangkok,1142,CallCenter,Credit_Card,13,11,3,0,40-50,38.06666666666667,6.0,1.0,0.16666666666666666,61,52,5575.774999999999,0.3,0.3333333333333333,0.5,0.0,0.0,0,0,0.0,0.0,0,0,0.0,9415.130000000001,4,1,0.25,33454.649999999994,6,1,0.16666666666666666,0
LGS2ORD0039974,C010299,2025-11-13 13:00:00,Female,18,Bronze,TV,Chonburi,534,Shopee,Credit_Card,13,11,3,0,<20,17.8,9.0,2.0,0.2222222222222222,-6,5,7625.7477777777785,0.28,0.4444444444444444,0.2222222222222222,0.0,10349.27,1,1,1.0,17923.510000000002,3,1,0.3333333333333333,19431.55,4,1,0.25,68631.73000000001,9,2,0.2222222222222222,1
LGS2ORD0039975,C017236,2025-11-13 14:00:00,Male,51,Bronze,CallCenter,Chonburi,446,CallCenter,COD,14,11,3,0,>50,14.866666666666667,6.0,1.0,0.16666666666666666,273,2,3587.6200000000003,0.28,0.8333333333333334,0.5,0.0,5547.0599999999995,2,0,0.0,5547.0599999999995,2,0,0.0,7506.68,3,0,0.0,21525.72,6,1,0.16666666666666666,0
LGS2ORD0039976,C017558,2025-11-13 14:00:00,Male,45,Bronze,Shopee,Phuket,1496,TV_Show,COD,14,11,3,0,40-50,49.86666666666667,7.0,3.0,0.42857142857142855,17,31,3640.088571428572,0.28,0.42857142857142855,0.42857142857142855,0.0,0.0,0,0,0.0,0.0,0,0,0.0,2136.31,1,1,1.0,25480.620000000003,7,3,0.42857142857142855,1
LGS2ORD0039977,C013670,2025-11-13 14:00:00,Female,29,Silver,CallCenter,Chiang Mai,940,Shopee,Credit_Card,14,11,3,0,20-30,31.333333333333332,9.0,2.0,0.2222222222222222,134,19,7668.046666666666,0.25,0.6666666666666666,0.1111111111111111,0.0,0.0,0,0,0.0,1706.67,1,0,0.0,3913.65,2,0,0.0,69012.42,9,2,0.2222222222222222,1
LGS2ORD0039978,C011093,2025-11-13 14:00:00,Male,40,Silver,Shopee,Bangkok,1728,CallCenter,Credit_Card,14,11,3,0,30-40,57.6,3.0,1.0,0.3333333333333333,34,41,3340.4599999999996,0.3,0.3333333333333333,0.3333333333333333,0.0,0.0,0,0,0.0,0.0,0,0,0.0,724.23,1,1,1.0,10021.38,3,1,0.3333333333333333,0
LGS2ORD0039979,C011637,2025-11-13 14:00:00,Male,36,Gold,Shopee,Nakhon Ratchasima,1253,Shopee,COD,14,11,3,0,30-40,41.766666666666666,5.0,0.0,0.0,-1,98,3923.56,0.2299999999999999,0.2,0.4,0.0,0.0,0,0,0.0,0.0,0,0,0.0,0.0,0,0,0.0,19617.8,5,0,0.0,0
LGS2ORD0039980,C011462,2025-11-13 15:00:00,Female,47,Silver,TV,Phuket,1426,Web,Credit_Card,15,11,3,0,40-50,47.53333333333333,11.0,2.0,0.18181818181818182,48,3,5513.938181818182,0.2,0.5454545454545454,0.0,0.0,11866.67,1,0,0.0,11866.67,1,0,0.0,24296.55,4,1,0.25,60653.32,11,2,0.18181818181818182,0
LGS2ORD0039981,C014349,2025-11-13 15:00:00,Female,60,Platinum,CallCenter,Chiang Mai,1497,Shopee,COD,15,11,3,0,>50,49.9,3.0,0.0,0.0,-1,14,13985.4,0.3,1.0,0.3333333333333333,0.0,0.0,0,0,0.0,29871.02,1,0,0.0,29871.02,1,0,0.0,41956.2,3,0,0.0,0
LGS2ORD0039982,C016946,2025-11-13 15:00:00,Male,54,Silver,TV,Phuket,490,TV_Show,PromptPay,15,11,3,0,>50,16.333333333333332,10.0,5.0,0.5,-4,2,3500.343,0.3,0.6,0.2,0.0,6026.04,1,1,1.0,7682.18,2,1,0.5,10392.99,3,2,0.6666666666666666,35003.43,10,5,0.5,1
LGS2ORD0039983,C010463,2025-11-13 15:00:00,Male,33,Silver,Shopee,Khon Kaen,1744,Shopee,PromptPay,15,11,3,0,30-40,58.13333333333333,4.0,2.0,0.5,64,77,2062.0825,0.2,0.5,0.0,0.0,0.0,0,0,0.0,0.0,0,0,0.0,569.27,1,1,1.0,8248.33,4,2,0.5,0
LGS2ORD0039984,C015846,2025-11-13 15:00:00,Male,42,Bronze,TV,Songkhla,1743,CallCenter,PromptPay,15,11,3,0,40-50,58.1,9.0,3.0,0.3333333333333333,31,12,3341.965555555556,0.28,0.2222222222222222,0.4444444444444444,0.0,0.0,0,0,0.0,6072.5,2,0,0.0,12090.490000000002,5,1,0.2,30077.690000000002,9,3,0.3333333333333333,0
LGS2ORD0039985,C012027,2025-11-13 16:00:00,Female,41,Bronze,Shopee,Bangkok,1472,Lazada,Credit_Card,16,11,3,0,40-50,49.06666666666667,12.0,5.0,0.4166666666666667,111,5,7909.7283333333335,0.28,0.5,0.4166666666666667,0.0,11162.87,1,0,0.0,11162.87,1,0,0.0,28765.059999999998,2,0,0.0,94916.74,12,5,0.4166666666666667,0
LGS2ORD0039986,C017543,2025-11-13 16:00:00,Female,34,Silver,Shopee,Chiang Mai,1214,TV_Show,COD,16,11,3,0,30-40,40.46666666666667,2.0,0.0,0.0,-1,171,1152.62,0.25,1.0,0.5,0.0,0.0,0,0,0.0,0.0,0,0,0.0,0.0,0,0,0.0,2305.24,2,0,0.0,0
LGS2ORD0039987,C011108,2025-11-13 16:00:00,Female,42,Bronze,TV,Phuket,1447,TV_Show,Bank_Transfer,16,11,3,0,40-50,48.233333333333334,4.0,2.0,0.5,37,51,10864.647500000001,0.23,0.25,0.5,0.0,0.0,0,0,0.0,0.0,0,0,0.0,1538.16,1,1,1.0,43458.590000000004,4,2,0.5,0
LGS2ORD0039988,C014429,2025-11-13 16:00:00,Male,42,Silver,Web,Bangkok,373,Shopee,Credit_Card,16,11,3,0,40-50,12.433333333333334,3.0,0.0,0.0,-1,1,3977.8033333333333,0.1,0.6666666666666666,0.0,0.0,1200.66,1,0,0.0,1200.66,1,0,0.0,1200.66,1,0,0.0,11933.41,3,0,0.0,0
LGS2ORD0039989,C012949,2025-11-13 16:00:00,Female,42,Bronze,TV,Nakhon Ratchasima,414,Shopee,Bank_Transfer,16,11,3,0,40-50,13.8,8.0,3.0,0.375,98,70,6609.4375,0.28,0.875,0.5,0.0,0.0,0,0,0.0,0.0,0,0,0.0,36172.93,3,0,0.0,52875.5,8,3,0.375,0
LGS2ORD0039990,C011086,2025-11-13 16:00:00,Male,35,Bronze,Web,Chiang Mai,848,Web,Credit_Card,16,11,3,0,30-40,28.266666666666666,4.0,2.0,0.5,148,160,9531.265,0.23,1.0,0.25,0.0,0.0,0,0,0.0,0.0,0,0,0.0,0.0,0,0,0.0,38125.06,4,2,0.5,0
LGS2ORD0039991,C017153,2025-11-13 17:00:00,Female,36,Bronze,Web,Bangkok,1412,Shopee,Bank_Transfer,17,11,3,0,30-40,47.06666666666667,5.0,1.0,0.2,290,42,6037.334000000001,0.23,0.0,0.2,0.0,0.0,0,0,0.0,0.0,0,0,0.0,5825.36,1,0,0.0,30186.670000000002,5,1,0.2,0
LGS2ORD0039992,C010842,2025-11-13 17:00:00,Female,64,Gold,Shopee,Chonburi,1036,Lazada,Credit_Card,17,11,3,0,>50,34.53333333333333,11.0,1.0,0.09090909090909091,265,24,4159.0881818181815,0.33,0.7272727272727273,0.2727272727272727,0.0,0.0,0,0,0.0,7489.06,1,0,0.0,28684.24,6,0,0.0,45749.97,11,1,0.09090909090909091,0
LGS2ORD0039993,C010254,2025-11-13 17:00:00,Other,31,Bronze,Lazada,Chonburi,1061,Shopee,Credit_Card,17,11,3,0,30-40,35.36666666666667,5.0,3.0,0.6,67,73,7942.1280000000015,0.28,0.6,0.2,0.0,0.0,0,0,0.0,0.0,0,0,0.0,29613.02,2,1,0.5,39710.64000000001,5,3,0.6,0
LGS2ORD0039994,C015223,2025-11-13 17:00:00,Male,48,Bronze,CallCenter,Chiang Mai,1739,Shopee,Credit_Card,17,11,3,0,40-50,57.96666666666667,3.0,0.0,0.0,-1,3,3965.093333333333,0.08,0.3333333333333333,0.0,0.0,4574.14,1,0,0.0,8132.780000000001,2,0,0.0,8132.780000000001,2,0,0.0,11895.279999999999,3,0,0.0,0
LGS2ORD0039995,C011091,2025-11-13 17:00:00,Female,45,Silver,TV,Khon Kaen,860,Web,Bank_Transfer,17,11,3,0,40-50,28.666666666666668,3.0,0.0,0.0,-1,124,5822.026666666668,0.2,0.3333333333333333,0.0,0.0,0.0,0,0,0.0,0.0,0,0,0.0,0.0,0,0,0.0,17466.08,3,0,0.0,0
LGS2ORD0039996,C017403,2025-11-13 18:00:00,Female,72,Silver,CallCenter,Chiang Mai,1463,CallCenter,PromptPay,18,11,3,0,>50,48.766666666666666,4.0,0.0,0.0,-1,71,5969.549999999999,0.25,0.0,0.25,0.0,0.0,0,0,0.0,0.0,0,0,0.0,5384.18,1,0,0.0,23878.199999999997,4,0,0.0,0
LGS2ORD0039997,C012107,2025-11-13 18:00:00,Female,47,Silver,TV,Remote_Area,1012,CallCenter,Credit_Card,18,11,3,0,40-50,33.733333333333334,5.0,3.0,0.6,93,105,7433.284,0.2,0.6,0.0,0.0,0.0,0,0,0.0,0.0,0,0,0.0,0.0,0,0,0.0,37166.42,5,3,0.6,1
LGS2ORD0039998,C015456,2025-11-13 18:00:00,Female,47,Bronze,TV,Songkhla,499,Lazada,COD,18,11,3,0,40-50,16.633333333333333,8.0,4.0,0.5,73,0,3193.90875,0.28,0.625,0.25,0.0,14058.48,1,0,0.0,14058.48,1,0,0.0,14271.43,2,0,0.0,25551.27,8,4,0.5,0
LGS2ORD0039999,C010034,2025-11-13 18:00:00,Male,31,Platinum,Lazada,Songkhla,441,TV_Show,COD,18,11,3,0,30-40,14.7,4.0,1.0,0.25,287,65,5873.8125,0.25,0.5,0.25,0.0,0.0,0,0,0.0,0.0,0,0,0.0,9753.37,1,0,0.0,23495.25,4,1,0.25,0
LGS2ORD0040000,C013539,2025-11-13 18:00:00,Male,18,Gold,Lazada,Bangkok,530,Lazada,COD,18,11,3,0,<20,17.666666666666668,3.0,0.0,0.0,-1,181,2580.06,0.33,0.6666666666666666,0.3333333333333333,0.0,0.0,0,0,0.0,0.0,0,0,0.0,0.0,0,0,0.0,7740.18,3,0,0.0,0
LGS2ORD0040001,C015674,2025-11-13 19:00:00,Female,46,Platinum,Web,Chiang Mai,1335,Shopee,PromptPay,19,11,3,0,40-50,44.5,1.0,1.0,1.0,270,289,3402.64,0.15,1.0,0.0,0.0,0.0,0,0,0.0,0.0,0,0,0.0,0.0,0,0,0.0,3402.64,1,1,1.0,0
LGS2ORD0040002,C012414,2025-11-13 19:00:00,Other,60,Bronze,TV,Remote_Area,1404,Web,COD,19,11,3,0,>50,46.8,3.0,1.0,0.3333333333333333,71,79,3854.236666666666,0.08,0.6666666666666666,0.0,0.0,0.0,0,0,0.0,0.0,0,0,0.0,1777.3,1,1,1.0,11562.71,3,1,0.3333333333333333,0
LGS2ORD0040003,C013418,2025-11-13 19:00:00,Female,18,Silver,Lazada,Bangkok,465,Shopee,Bank_Transfer,19,11,3,0,<20,15.5,6.0,0.0,0.0,-1,12,7484.986666666667,0.2,0.3333333333333333,0.0,0.0,0.0,0,0,0.0,7556.39,1,0,0.0,28431.61,3,0,0.0,44909.92,6,0,0.0,0
LGS2ORD0040004,C017338,2025-11-13 19:00:00,Female,51,Bronze,Shopee,Nakhon Ratchasima,853,Web,PromptPay,19,11,3,0,>50,28.433333333333334,2.0,0.0,0.0,-1,5,6453.605,0.28,0.5,1.0,0.0,7609.75,1,0,0.0,7609.75,1,0,0.0,12907.21,2,0,0.0,12907.21,2,0,0.0,1
LGS2ORD0040005,C016913,2025-11-13 19:00:00,Male,58,Bronze,Web,Bangkok,439,TV_Show,Credit_Card,19,11,3,0,>50,14.633333333333333,5.0,1.0,0.2,286,8,2947.678,0.28,0.8,0.2,0.0,0.0,0,0,0.0,7630.71,1,0,0.0,8732.87,2,0,0.0,14738.39,5,1,0.2,0
LGS2ORD0040006,C012379,2025-11-13 20:00:00,Female,42,Silver,Shopee,Phuket,1127,Web,Credit_Card,20,11,3,0,40-50,37.56666666666667,6.0,2.0,0.3333333333333333,63,23,1893.6449999999998,0.25,0.3333333333333333,0.3333333333333333,0.0,0.0,0,0,0.0,1719.72,1,0,0.0,9200.5,3,1,0.3333333333333333,11361.869999999999,6,2,0.3333333333333333,0
LGS2ORD0040007,C012536,2025-11-13 20:00:00,Male,39,Silver,CallCenter,Bangkok,1712,Shopee,Credit_Card,20,11,3,0,30-40,57.06666666666667,2.0,1.0,0.5,153,22,12140.635,0.25,1.0,0.5,0.0,0.0,0,0,0.0,6981.97,1,0,0.0,6981.97,1,0,0.0,24281.27,2,1,0.5,0
LGS2ORD0040008,C016264,2025-11-13 20:00:00,Female,45,Gold,TV,Chonburi,1067,Lazada,COD,20,11,3,0,40-50,35.56666666666667,6.0,0.0,0.0,-1,87,6486.931666666667,0.28,0.5,0.3333333333333333,0.0,0.0,0,0,0.0,0.0,0,0,0.0,1383.62,1,0,0.0,38921.590000000004,6,0,0.0,0
LGS2ORD0040009,C017217,2025-11-13 20:00:00,Male,66,Bronze,Web,Chonburi,709,Lazada,COD,20,11,3,0,>50,23.633333333333333,8.0,3.0,0.375,244,88,6006.86875,0.28,0.625,0.25,0.125,0.0,0,0,0.0,0.0,0,0,0.0,1399.61,1,0,0.0,48054.95,8,3,0.375,1
LGS2ORD0040010,C017371,2025-11-13 20:00:00,Male,52,Bronze,TV,Bangkok,828,CallCenter,COD,20,11,3,0,>50,27.6,3.0,2.0,0.6666666666666666,-1,7,8970.480000000001,0.23,0.6666666666666666,0.3333333333333333,0.0,0.0,0,0,0.0,3128.49,1,1,1.0,5195.969999999999,2,1,0.5,26911.440000000002,3,2,0.6666666666666666,0
LGS2ORD0040011,C016451,2025-11-13 20:00:00,Male,34,Bronze,Web,Chonburi,1757,Web,COD,20,11,3,0,30-40,58.56666666666667,4.0,1.0,0.25,259,238,16406.8975,0.23,0.5,0.25,0.0,0.0,0,0,0.0,0.0,0,0,0.0,0.0,0,0,0.0,65627.59,4,1,0.25,1
LGS2ORD0040012,C014987,2025-11-13 21:00:00,Female,27,Gold,TV,Bangkok,1280,TV_Show,Credit_Card,21,11,3,0,20-30,42.666666666666664,2.0,1.0,0.5,40,54,3998.455,0.2299999999999999,0.0,0.5,0.0,0.0,0,0,0.0,0.0,0,0,0.0,1732.92,1,1,1.0,7996.91,2,1,0.5,0
LGS2ORD0040013,C010699,2025-11-13 21:00:00,Female,34,Platinum,Shopee,Bangkok,828,Web,COD,21,11,3,0,30-40,27.6,7.0,1.0,0.14285714285714285,265,29,6403.13,0.35,0.42857142857142855,0.42857142857142855,0.0,0.0,0,0,0.0,3213.63,1,0,0.0,12018.07,3,0,0.0,44821.91,7,1,0.14285714285714285,0
LGS2ORD0040014,C016427,2025-11-13 21:00:00,Female,45,Bronze,TV,Remote_Area,1493,CallCenter,Credit_Card,21,11,3,0,40-50,49.766666666666666,7.0,2.0,0.2857142857142857,118,6,4888.328571428571,0.28,0.42857142857142855,0.42857142857142855,0.0,9050.31,1,0,0.0,9050.31,1,0,0.0,13755.539999999999,2,0,0.0,34218.299999999996,7,2,0.2857142857142857,0
LGS2ORD0040015,C016908,2025-11-13 21:00:00,Female,35,Platinum,Web,Phuket,1567,Lazada,COD,21,11,3,0,30-40,52.233333333333334,0.0,0.0,0.0,-1,-1,0.0,0.0,0.0,0.0,0.0,0.0,0,0,0.0,0.0,0,0,0.0,0.0,0,0,0.0,0.0,0,0,0.0,1
LGS2ORD0040016,C016762,2025-11-13 21:00:00,Female,40,Gold,CallCenter,Nakhon Ratchasima,1641,Lazada,COD,21,11,3,0,30-40,54.7,2.0,1.0,0.5,255,161,7719.405,0.33,0.5,0.5,0.0,0.0,0,0,0.0,0.0,0,0,0.0,0.0,0,0,0.0,15438.81,2,1,0.5,0
LGS2ORD0040017,C012491,2025-11-13 22:00:00,Male,67,Gold,Lazada,Remote_Area,1728,Shopee,Credit_Card,22,11,3,0,>50,57.6,7.0,4.0,0.5714285714285714,-4,2,3786.2314285714283,0.28,0.8571428571428571,0.42857142857142855,0.0,3145.4,1,1,1.0,3145.4,1,1,1.0,3145.4,1,1,1.0,26503.62,7,4,0.5714285714285714,1
LGS2ORD0040018,C013278,2025-11-13 22:00:00,Male,34,Silver,TV,Khon Kaen,1592,TV_Show,COD,22,11,3,0,30-40,53.06666666666667,5.0,0.0,0.0,-1,9,6013.534,0.3,0.8,0.2,0.0,0.0,0,0,0.0,11077.19,1,0,0.0,11077.19,1,0,0.0,30067.67,5,0,0.0,0
LGS2ORD0040019,C012636,2025-11-13 22:00:00,Female,53,Bronze,TV,Nakhon Ratchasima,618,Shopee,Credit_Card,22,11,3,0,>50,20.6,8.0,2.0,0.25,1,6,3724.5387500000006,0.18,0.5,0.0,0.0,2975.34,1,1,1.0,10429.630000000001,2,1,0.5,10429.630000000001,2,1,0.5,29796.310000000005,8,2,0.25,0
LGS2ORD0040020,C012216,2025-11-13 22:00:00,Female,51,Silver,TV,Remote_Area,1386,Shopee,COD,22,11,3,0,>50,46.2,2.0,1.0,0.5,180,123,2987.215,0.25,0.5,0.5,0.0,0.0,0,0,0.0,0.0,0,0,0.0,0.0,0,0,0.0,5974.43,2,1,0.5,1
LGS2ORD0040021,C012231,2025-11-13 22:00:00,Male,23,Bronze,CallCenter,Remote_Area,1773,TV_Show,COD,22,11,3,0,20-30,59.1,8.0,2.0,0.25,13,9,7870.651250000001,0.23,0.375,0.125,0.0,0.0,0,0,0.0,28710.430000000004,3,1,0.3333333333333333,31071.350000000002,4,1,0.25,62965.21000000001,8,2,0.25,1
LGS2ORD0040022,C011199,2025-11-13 23:00:00,Male,47,Gold,Lazada,Bangkok,1195,TV_Show,COD,23,11,3,0,40-50,39.833333333333336,8.0,1.0,0.125,69,7,4663.58625,0.33,0.375,0.375,0.0,0.0,0,0,0.0,3372.04,1,0,0.0,26764.980000000003,5,1,0.2,37308.69,8,1,0.125,1
LGS2ORD0040023,C010878,2025-11-13 23:00:00,Male,65,Silver,Lazada,Khon Kaen,651,TV_Show,COD,23,11,3,0,>50,21.7,8.0,1.0,0.125,119,26,4054.57,0.25,0.5,0.125,0.0,0.0,0,0,0.0,9592.52,1,0,0.0,11329.560000000001,2,0,0.0,32436.56,8,1,0.125,1
LGS2ORD0040024,C013897,2025-11-13 23:00:00,Female,62,Bronze,TV,Chonburi,588,Shopee,COD,23,11,3,0,>50,19.6,2.0,1.0,0.5,123,26,13779.105,0.28,0.5,1.0,0.0,0.0,0,0,0.0,14435.47,1,0,0.0,14435.47,1,0,0.0,27558.21,2,1,0.5,0
LGS2ORD0040025,C015350,2025-11-13 23:00:00,Male,45,Bronze,Web,Remote_Area,1405,Shopee,COD,23,11,3,0,40-50,46.833333333333336,8.0,6.0,0.75,57,67,5483.85875,0.28,0.625,0.375,0.0,0.0,0,0,0.0,0.0,0,0,0.0,2948.68,1,1,1.0,43870.87,8,6,0.75,0
LGS2ORD0040026,C015323,2025-11-13 23:00:00,Female,40,Bronze,TV,Songkhla,1188,TV_Show,COD,23,11,3,0,30-40,39.6,15.0,7.0,0.4666666666666667,27,28,3705.7960000000003,0.28,0.6,0.4666666666666667,0.0,0.0,0,0,0.0,5854.4,1,0,0.0,17953.980000000003,5,2,0.4,55586.94,15,7,0.4666666666666667,0
LGS2ORD0040027,C015355,2025-11-13 23:00:00,Male,24,Gold,TV,Chiang Mai,1125,Lazada,COD,23,11,3,0,20-30,37.5,6.0,1.0,0.16666666666666666,279,9,3035.4950000000003,0.33,0.5,0.6666666666666666,0.0,0.0,0,0,0.0,6632.32,1,0,0.0,6632.32,1,0,0.0,18212.97,6,1,0.16666666666666666,0
LGS2ORD0040028,C016254,2025-11-14 00:00:00,Male,29,Silver,TV,Chiang Mai,1068,Shopee,COD,0,11,4,0,20-30,35.6,3.0,1.0,0.3333333333333333,49,8,4255.5599999999995,0.2,0.0,0.0,0.0,0.0,0,0,0.0,1172.14,1,0,0.0,11882.269999999999,2,1,0.5,12766.679999999998,3,1,0.3333333333333333,0
LGS2ORD0040029,C011620,2025-11-14 00:00:00,Female,39,Gold,Web,Bangkok,399,Lazada,Bank_Transfer,0,11,4,0,30-40,13.3,1.0,0.0,0.0,-1,151,497.96,0.33,1.0,1.0,0.0,0.0,0,0,0.0,0.0,0,0,0.0,0.0,0,0,0.0,497.96,1,0,0.0,0
LGS2ORD0040030,C016197,2025-11-14 00:00:00,Male,42,Bronze,TV,Chonburi,1279,Web,Credit_Card,0,11,4,0,40-50,42.63333333333333,2.0,1.0,0.5,221,108,13439.244999999999,0.18,0.5,0.0,0.0,0.0,0,0,0.0,0.0,0,0,0.0,0.0,0,0,0.0,26878.489999999998,2,1,0.5,0
LGS2ORD0040031,C012212,2025-11-14 00:00:00,Male,35,Silver,Web,Chiang Mai,1255,TV_Show,Credit_Card,0,11,4,0,30-40,41.833333333333336,10.0,2.0,0.2,82,36,5809.941,0.3,0.6,0.3,0.0,0.0,0,0,0.0,0.0,0,0,0.0,9669.310000000001,3,0,0.0,58099.409999999996,10,2,0.2,1
LGS2ORD0040032,C013255,2025-11-14 00:00:00,Male,45,Silver,Web,Remote_Area,1288,Web,COD,0,11,4,0,40-50,42.93333333333333,4.0,1.0,0.25,168,178,2196.425,0.25,0.5,0.25,0.0,0.0,0,0,0.0,0.0,0,0,0.0,0.0,0,0,0.0,8785.7,4,1,0.25,0
LGS2ORD0040033,C015549,2025-11-14 01:00:00,Male,48,Silver,Web,Nakhon Ratchasima,1487,CallCenter,COD,1,11,4,0,40-50,49.56666666666667,5.0,0.0,0.0,-1,156,3176.204,0.2,0.2,0.0,0.0,0.0,0,0,0.0,0.0,0,0,0.0,0.0,0,0,0.0,15881.02,5,0,0.0,1
LGS2ORD0040034,C011244,2025-11-14 01:00:00,Female,45,Silver,TV,Chiang Mai,1560,Web,Credit_Card,1,11,4,0,40-50,52.0,1.0,0.0,0.0,-1,167,1344.03,0.25,1.0,1.0,0.0,0.0,0,0,0.0,0.0,0,0,0.0,0.0,0,0,0.0,1344.03,1,0,0.0,0
LGS2ORD0040035,C014804,2025-11-14 01:00:00,Male,27,Bronze,Lazada,Songkhla,1662,TV_Show,Bank_Transfer,1,11,4,0,20-30,55.4,6.0,2.0,0.3333333333333333,45,51,7618.938333333332,0.23,0.5,0.3333333333333333,0.0,0.0,0,0,0.0,0.0,0,0,0.0,4936.48,2,2,1.0,45713.62999999999,6,2,0.3333333333333333,1
LGS2ORD0040036,C013864,2025-11-14 01:00:00,Male,27,Gold,Web,Phuket,427,TV_Show,COD,1,11,4,0,20-30,14.233333333333333,10.0,5.0,0.5,93,105,7837.946000000002,0.33,0.6,0.6,0.0,0.0,0,0,0.0,0.0,0,0,0.0,0.0,0,0,0.0,78379.46000000002,10,5,0.5,0
LGS2ORD0040037,C012947,2025-11-14 01:00:00,Female,56,Bronze,TV,Chiang Mai,881,Lazada,Credit_Card,1,11,4,0,>50,29.366666666666667,6.0,1.0,0.16666666666666666,25,28,2881.9933333333333,0.23,0.3333333333333333,0.3333333333333333,0.0,0.0,0,0,0.0,10624.29,2,1,0.5,14766.189999999999,4,1,0.25,17291.96,6,1,0.16666666666666666,1
LGS2ORD0040038,C015334,2025-11-14 02:00:00,Male,39,Silver,Web,Phuket,1134,Lazada,PromptPay,2,11,4,0,30-40,37.8,3.0,1.0,0.3333333333333333,85,97,6969.05,0.25,0.6666666666666666,0.3333333333333333,0.0,0.0,0,0,0.0,0.0,0,0,0.0,0.0,0,0,0.0,20907.15,3,1,0.3333333333333333,0
LGS2ORD0040039,C012772,2025-11-14 02:00:00,Female,25,Gold,Lazada,Bangkok,792,CallCenter,PromptPay,2,11,4,0,20-30,26.4,4.0,1.0,0.25,228,41,2714.1675,0.28,0.75,0.5,0.0,0.0,0,0,0.0,0.0,0,0,0.0,3604.48,1,0,0.0,10856.67,4,1,0.25,0
LGS2ORD0040040,C011184,2025-11-14 02:00:00,Female,25,Bronze,TV,Phuket,952,TV_Show,PromptPay,2,11,4,0,20-30,31.733333333333334,5.0,0.0,0.0,-1,46,6960.068000000001,0.23,0.2,0.2,0.0,0.0,0,0,0.0,0.0,0,0,0.0,376.26,1,0,0.0,34800.340000000004,5,0,0.0,0
LGS2ORD0040041,C017111,2025-11-14 02:00:00,Male,26,Bronze,CallCenter,Bangkok,1458,Lazada,Credit_Card,2,11,4,0,20-30,48.6,9.0,2.0,0.2222222222222222,87,33,9850.825555555555,0.23,0.5555555555555556,0.3333333333333333,0.0,0.0,0,0,0.0,0.0,0,0,0.0,22085.09,3,0,0.0,88657.43,9,2,0.2222222222222222,0
LGS2ORD0040042,C011268,2025-11-14 02:00:00,Female,43,Gold,Lazada,Khon Kaen,1665,Web,COD,2,11,4,0,40-50,55.5,8.0,1.0,0.125,181,4,3330.355,0.28,0.5,0.75,0.0,2669.24,1,0,0.0,2669.24,1,0,0.0,2669.24,1,0,0.0,26642.84,8,1,0.125,0
LGS2ORD0040043,C015259,2025-11-14 03:00:00,Male,50,Silver,TV,Songkhla,1245,Shopee,Bank_Transfer,3,11,4,0,40-50,41.5,5.0,1.0,0.2,169,57,7286.926000000001,0.3,0.6,0.6,0.0,0.0,0,0,0.0,0.0,0,0,0.0,1217.01,1,0,0.0,36434.630000000005,5,1,0.2,0
LGS2ORD0040044,C012157,2025-11-14 03:00:00,Male,54,Silver,Shopee,Remote_Area,493,Shopee,PromptPay,3,11,4,0,>50,16.433333333333334,10.0,1.0,0.1,299,14,7244.7789999999995,0.3,0.7,0.2,0.0,0.0,0,0,0.0,17087.44,1,0,0.0,28858.48,2,0,0.0,72447.79,10,1,0.1,0
LGS2ORD0040045,C011845,2025-11-14 03:00:00,Female,27,Bronze,TV,Remote_Area,1008,Shopee,PromptPay,3,11,4,0,20-30,33.6,6.0,3.0,0.5,111,51,4063.651666666666,0.18,0.6666666666666666,0.0,0.0,0.0,0,0,0.0,0.0,0,0,0.0,4769.65,1,0,0.0,24381.909999999996,6,3,0.5,1
LGS2ORD0040046,C012963,2025-11-14 03:00:00,Female,35,Bronze,TV,Khon Kaen,672,Lazada,COD,3,11,4,0,30-40,22.4,5.0,0.0,0.0,-1,107,8239.686,0.23,0.6,0.2,0.0,0.0,0,0,0.0,0.0,0,0,0.0,0.0,0,0,0.0,41198.43,5,0,0.0,0
LGS2ORD0040047,C013555,2025-11-14 03:00:00,Female,38,Platinum,CallCenter,Bangkok,1601,TV_Show,COD,3,11,4,0,30-40,53.36666666666667,4.0,2.0,0.5,89,33,6310.395,0.25,0.25,0.25,0.0,0.0,0,0,0.0,0.0,0,0,0.0,7955.66,2,0,0.0,25241.58,4,2,0.5,1
LGS2ORD0040048,C010932,2025-11-14 03:00:00,Female,54,Silver,Web,Songkhla,783,Web,COD,3,11,4,0,>50,26.1,7.0,0.0,0.0,-1,11,7323.338571428571,0.25,0.2857142857142857,0.14285714285714285,0.0,0.0,0,0,0.0,4801.5,1,0,0.0,11714.630000000001,3,0,0.0,51263.37,7,0,0.0,0
LGS2ORD0040049,C013378,2025-11-14 04:00:00,Female,50,Bronze,Lazada,Bangkok,984,Shopee,Credit_Card,4,11,4,0,40-50,32.8,7.0,2.0,0.2857142857142857,78,1,10020.830000000002,0.23,0.7142857142857143,0.14285714285714285,0.0,1097.99,1,0,0.0,1097.99,1,0,0.0,4133.68,2,1,0.5,70145.81000000001,7,2,0.2857142857142857,1
LGS2ORD0040050,C014593,2025-11-14 04:00:00,Male,38,Bronze,TV,Chiang Mai,1703,Web,Credit_Card,4,11,4,0,30-40,56.766666666666666,9.0,0.0,0.0,-1,13,5665.736666666667,0.28,0.5555555555555556,0.1111111111111111,0.0,0.0,0,0,0.0,1730.81,1,0,0.0,5456.15,2,0,0.0,50991.63,9,0,0.0,0
LGS2ORD0040051,C013460,2025-11-14 04:00:00,Male,48,Gold,Lazada,Bangkok,1358,CallCenter,PromptPay,4,11,4,0,40-50,45.266666666666666,3.0,0.0,0.0,-1,250,7433.56,0.13,0.6666666666666666,0.0,0.0,0.0,0,0,0.0,0.0,0,0,0.0,0.0,0,0,0.0,22300.68,3,0,0.0,0
LGS2ORD0040052,C012856,2025-11-14 04:00:00,Female,37,Bronze,Web,Nakhon Ratchasima,883,Web,COD,4,11,4,0,30-40,29.433333333333334,7.0,0.0,0.0,-1,6,4644.727142857143,0.28,0.42857142857142855,0.2857142857142857,0.0,13196.18,1,0,0.0,13196.18,1,0,0.0,13196.18,1,0,0.0,32513.09,7,0,0.0,1
LGS2ORD0040053,C014799,2025-11-14 04:00:00,Female,70,Bronze,TV,Khon Kaen,1303,Lazada,PromptPay,4,11,4,0,>50,43.43333333333333,3.0,0.0,0.0,-1,93,1189.25,0.18,0.0,0.0,0.0,0.0,0,0,0.0,0.0,0,0,0.0,0.0,0,0,0.0,3567.75,3,0,0.0,0
LGS2ORD0040054,C017301,2025-11-14 05:00:00,Female,46,Bronze,Web,Nakhon Ratchasima,769,TV_Show,COD,5,11,4,0,40-50,25.633333333333333,4.0,1.0,0.25,71,22,3749.7025,0.23,0.75,0.25,0.0,0.0,0,0,0.0,1121.99,1,0,0.0,11463.23,2,1,0.5,14998.81,4,1,0.25,0
LGS2ORD0040055,C017249,2025-11-14 05:00:00,Female,24,Bronze,Lazada,Bangkok,1021,CallCenter,COD,5,11,4,0,20-30,34.03333333333333,5.0,1.0,0.2,158,57,3438.864,0.18,0.2,0.0,0.0,0.0,0,0,0.0,0.0,0,0,0.0,6049.9400000000005,2,0,0.0,17194.32,5,1,0.2,0
LGS2ORD0040056,C012895,2025-11-14 05:00:00,Female,46,Silver,Web,Khon Kaen,853,Lazada,PromptPay,5,11,4,0,40-50,28.433333333333334,5.0,3.0,0.6,80,40,4023.3100000000004,0.2,0.4,0.0,0.0,0.0,0,0,0.0,0.0,0,0,0.0,9796.06,1,0,0.0,20116.550000000003,5,3,0.6,1
LGS2ORD0040057,C012313,2025-11-14 05:00:00,Male,32,Platinum,Lazada,Chonburi,1738,Shopee,Credit_Card,5,11,4,0,30-40,57.93333333333333,2.0,0.0,0.0,-1,60,5632.725,0.15,0.5,0.0,0.0,0.0,0,0,0.0,0.0,0,0,0.0,4513.1,1,0,0.0,11265.45,2,0,0.0,0
LGS2ORD0040058,C016171,2025-11-14 05:00:00,Male,25,Silver,TV,Bangkok,433,Shopee,COD,5,11,4,0,20-30,14.433333333333334,6.0,1.0,0.16666666666666666,162,13,6883.258333333332,0.15,0.8333333333333334,0.0,0.0,0.0,0,0,0.0,2159.79,1,0,0.0,2159.79,1,0,0.0,41299.549999999996,6,1,0.16666666666666666,0
LGS2ORD0040059,C012504,2025-11-14 06:00:00,Other,44,Bronze,CallCenter,Bangkok,427,TV_Show,COD,6,11,4,0,40-50,14.233333333333333,2.0,1.0,0.5,296,175,1953.78,0.28,0.5,0.5,0.0,0.0,0,0,0.0,0.0,0,0,0.0,0.0,0,0,0.0,3907.56,2,1,0.5,1
LGS2ORD0040060,C010901,2025-11-14 06:00:00,Female,46,Silver,Web,Songkhla,1406,Web,COD,6,11,4,0,40-50,46.86666666666667,8.0,2.0,0.25,166,11,10218.182499999999,0.3,0.375,0.375,0.0,0.0,0,0,0.0,8335.84,1,0,0.0,39157.020000000004,3,0,0.0,81745.45999999999,8,2,0.25,0
LGS2ORD0040061,C012512,2025-11-14 06:00:00,Male,28,Bronze,TV,Chiang Mai,807,Shopee,COD,6,11,4,0,20-30,26.9,5.0,2.0,0.4,134,54,4886.488,0.23,1.0,0.2,0.0,0.0,0,0,0.0,0.0,0,0,0.0,998.9,1,0,0.0,24432.440000000002,5,2,0.4,1
LGS2ORD0040062,C012080,2025-11-14 06:00:00,Female,63,Bronze,Web,Chonburi,1355,Web,Credit_Card,6,11,4,0,>50,45.166666666666664,1.0,1.0,1.0,195,199,4426.46,0.18,1.0,0.0,0.0,0.0,0,0,0.0,0.0,0,0,0.0,0.0,0,0,0.0,4426.46,1,1,1.0,0
LGS2ORD0040063,C017248,2025-11-14 06:00:00,Female,72,Bronze,TV,Phuket,713,Shopee,COD,6,11,4,0,>50,23.766666666666666,9.0,3.0,0.3333333333333333,32,41,8914.238888888889,0.28,0.7777777777777778,0.5555555555555556,0.0,0.0,0,0,0.0,0.0,0,0,0.0,44673.170000000006,4,2,0.5,80228.15,9,3,0.3333333333333333,0
LGS2ORD0040064,C017793,2025-11-14 07:00:00,Male,44,Bronze,Lazada,Nakhon Ratchasima,1728,TV_Show,Credit_Card,7,11,4,0,40-50,57.6,4.0,1.0,0.25,88,99,2620.0125000000003,0.23,0.25,0.25,0.0,0.0,0,0,0.0,0.0,0,0,0.0,0.0,0,0,0.0,10480.050000000001,4,1,0.25,0
LGS2ORD0040065,C015933,2025-11-14 07:00:00,Female,35,Silver,Web,Nakhon Ratchasima,1337,Web,COD,7,11,4,0,30-40,44.56666666666667,5.0,1.0,0.2,172,92,2156.454,0.25,0.8,0.2,0.0,0.0,0,0,0.0,0.0,0,0,0.0,0.0,0,0,0.0,10782.27,5,1,0.2,0
LGS2ORD0040066,C016414,2025-11-14 07:00:00,Female,49,Bronze,Lazada,Nakhon Ratchasima,340,Shopee,Bank_Transfer,7,11,4,0,40-50,11.333333333333334,5.0,1.0,0.2,-1,11,8474.806,0.23,0.4,0.4,0.0,0.0,0,0,0.0,8363.01,1,1,1.0,8363.01,1,1,1.0,42374.030000000006,5,1,0.2,0
LGS2ORD0040067,C017536,2025-11-14 07:00:00,Male,57,Bronze,TV,Bangkok,950,CallCenter,Credit_Card,7,11,4,0,>50,31.666666666666668,6.0,2.0,0.3333333333333333,165,127,9532.328333333333,0.28,0.6666666666666666,0.5,0.0,0.0,0,0,0.0,0.0,0,0,0.0,0.0,0,0,0.0,57193.97,6,2,0.3333333333333333,0
LGS2ORD0040068,C013263,2025-11-14 07:00:00,Female,30,Bronze,TV,Remote_Area,1428,TV_Show,Credit_Card,7,11,4,0,20-30,47.6,3.0,1.0,0.3333333333333333,166,92,3036.153333333333,0.28,0.3333333333333333,0.3333333333333333,0.0,0.0,0,0,0.0,0.0,0,0,0.0,0.0,0,0,0.0,9108.46,3,1,0.3333333333333333,0
LGS2ORD0040069,C011095,2025-11-14 07:00:00,Male,54,Gold,Shopee,Bangkok,1526,Shopee,COD,7,11,4,0,>50,50.86666666666667,4.0,0.0,0.0,-1,118,3840.0199999999995,0.33,0.25,0.75,0.0,0.0,0,0,0.0,0.0,0,0,0.0,0.0,0,0,0.0,15360.079999999998,4,0,0.0,0
LGS2ORD0040070,C014409,2025-11-14 08:00:00,Female,50,Bronze,Web,Nakhon Ratchasima,540,TV_Show,COD,8,11,4,0,40-50,18.0,5.0,1.0,0.2,253,62,2942.626,0.23,0.8,0.4,0.0,0.0,0,0,0.0,0.0,0,0,0.0,4887.68,1,0,0.0,14713.130000000001,5,1,0.2,0
LGS2ORD0040071,C011899,2025-11-14 08:00:00,Female,27,Silver,Web,Chiang Mai,893,CallCenter,COD,8,11,4,0,20-30,29.766666666666666,4.0,2.0,0.5,182,170,7485.577499999999,0.3,0.5,0.25,0.0,0.0,0,0,0.0,0.0,0,0,0.0,0.0,0,0,0.0,29942.309999999998,4,2,0.5,0
LGS2ORD0040072,C011934,2025-11-14 08:00:00,Male,49,Bronze,Lazada,Bangkok,670,TV_Show,COD,8,11,4,0,40-50,22.333333333333332,4.0,2.0,0.5,130,125,3254.32,0.18,0.75,0.0,0.0,0.0,0,0,0.0,0.0,0,0,0.0,0.0,0,0,0.0,13017.28,4,2,0.5,1
LGS2ORD0040073,C010996,2025-11-14 08:00:00,Female,48,Bronze,Web,Chiang Mai,695,Shopee,Credit_Card,8,11,4,0,40-50,23.166666666666668,5.0,1.0,0.2,117,71,2153.3300000000004,0.28,0.6,0.4,0.0,0.0,0,0,0.0,0.0,0,0,0.0,4157.7,1,0,0.0,10766.650000000001,5,1,0.2,0
LGS2ORD0040074,C012982,2025-11-14 08:00:00,Female,51,Silver,TV,Songkhla,1383,TV_Show,Bank_Transfer,8,11,4,0,>50,46.1,7.0,2.0,0.2857142857142857,10,27,3544.4185714285713,0.3,0.5714285714285714,0.2857142857142857,0.0,0.0,0,0,0.0,7034.47,1,1,1.0,12174.61,3,1,0.3333333333333333,24810.93,7,2,0.2857142857142857,0
LGS2ORD0040075,C016955,2025-11-14 09:00:00,Female,43,Bronze,TV,Chiang Mai,612,Lazada,COD,9,11,4,0,40-50,20.4,4.0,0.0,0.0,-1,86,8531.5525,0.23,0.5,0.25,0.0,0.0,0,0,0.0,0.0,0,0,0.0,21724.54,2,0,0.0,34126.21,4,0,0.0,0
LGS2ORD0040076,C017022,2025-11-14 09:00:00,Female,60,Bronze,Shopee,Chonburi,852,Shopee,COD,9,11,4,0,>50,28.4,6.0,2.0,0.3333333333333333,95,100,15808.381666666666,0.23,0.5,0.16666666666666666,0.0,0.0,0,0,0.0,0.0,0,0,0.0,0.0,0,0,0.0,94850.29,6,2,0.3333333333333333,1
LGS2ORD0040077,C014363,2025-11-14 09:00:00,Male,49,Gold,Web,Phuket,1241,TV_Show,COD,9,11,4,0,40-50,41.36666666666667,6.0,2.0,0.3333333333333333,0,11,2602.023333333333,0.2299999999999999,0.6666666666666666,0.16666666666666666,0.0,0.0,0,0,0.0,1797.13,1,1,1.0,9480.27,3,1,0.3333333333333333,15612.14,6,2,0.3333333333333333,0
LGS2ORD0040078,C015002,2025-11-14 09:00:00,Female,39,Bronze,Lazada,Nakhon Ratchasima,1714,Web,Credit_Card,9,11,4,0,30-40,57.13333333333333,3.0,0.0,0.0,-1,157,13593.613333333333,0.18,0.0,0.0,0.0,0.0,0,0,0.0,0.0,0,0,0.0,0.0,0,0,0.0,40780.84,3,0,0.0,1
LGS2ORD0040079,C012457,2025-11-14 09:00:00,Female,32,Platinum,Lazada,Bangkok,995,TV_Show,COD,9,11,4,0,30-40,33.166666666666664,5.0,0.0,0.0,-1,76,5225.026,0.3,0.2,0.4,0.0,0.0,0,0,0.0,0.0,0,0,0.0,2639.9,1,0,0.0,26125.129999999997,5,0,0.0,0
LGS2ORD0040080,C015037,2025-11-14 10:00:00,Female,48,Bronze,Lazada,Khon Kaen,998,TV_Show,COD,10,11,4,0,40-50,33.266666666666666,5.0,0.0,0.0,-1,24,2419.958,0.18,0.4,0.0,0.0,0.0,0,0,0.0,2635.75,1,0,0.0,8287.92,2,0,0.0,12099.79,5,0,0.0,0
LGS2ORD0040081,C017228,2025-11-14 10:00:00,Male,54,Silver,TV,Phuket,475,Web,COD,10,11,4,0,>50,15.833333333333334,7.0,3.0,0.42857142857142855,43,59,8287.882857142857,0.3,0.8571428571428571,0.2857142857142857,0.0,0.0,0,0,0.0,0.0,0,0,0.0,2584.15,1,1,1.0,58015.18,7,3,0.42857142857142855,0
LGS2ORD0040082,C016422,2025-11-14 10:00:00,Male,39,Silver,Lazada,Chonburi,1221,Shopee,Credit_Card,10,11,4,0,30-40,40.7,2.0,0.0,0.0,-1,147,8682.86,0.2,0.5,0.0,0.0,0.0,0,0,0.0,0.0,0,0,0.0,0.0,0,0,0.0,17365.72,2,0,0.0,1
LGS2ORD0040083,C013323,2025-11-14 10:00:00,Female,44,Bronze,Shopee,Chonburi,1706,Shopee,Credit_Card,10,11,4,0,40-50,56.86666666666667,2.0,2.0,1.0,83,93,2217.12,0.23,0.5,0.5,0.0,0.0,0,0,0.0,0.0,0,0,0.0,0.0,0,0,0.0,4434.24,2,2,1.0,0
LGS2ORD0040084,C012008,2025-11-14 10:00:00,Female,36,Silver,CallCenter,Khon Kaen,1120,TV_Show,COD,10,11,4,0,30-40,37.333333333333336,6.0,3.0,0.5,55,8,2940.58,0.3,0.6666666666666666,0.16666666666666666,0.0,0.0,0,0,0.0,2547.79,1,0,0.0,3127.98,2,1,0.5,17643.48,6,3,0.5,0
LGS2ORD0040085,C014897,2025-11-14 11:00:00,Male,20,Bronze,TV,Bangkok,1479,Lazada,COD,11,11,4,0,<20,49.3,7.0,1.0,0.14285714285714285,62,18,4720.918571428571,0.28,0.42857142857142855,0.14285714285714285,0.0,0.0,0,0,0.0,13055.09,2,0,0.0,16567.95,3,1,0.3333333333333333,33046.43,7,1,0.14285714285714285,1
LGS2ORD0040086,C010686,2025-11-14 11:00:00,Male,43,Bronze,TV,Chiang Mai,1696,Web,Credit_Card,11,11,4,0,40-50,56.53333333333333,7.0,3.0,0.42857142857142855,22,34,2062.575714285714,0.28,0.7142857142857143,0.5714285714285714,0.0,0.0,0,0,0.0,0.0,0,0,0.0,1191.86,1,1,1.0,14438.03,7,3,0.42857142857142855,0
LGS2ORD0040087,C017923,2025-11-14 11:00:00,Female,61,Gold,TV,Nakhon Ratchasima,1135,Shopee,COD,11,11,4,0,>50,37.833333333333336,7.0,2.0,0.2857142857142857,17,32,13610.244285714285,0.28,0.7142857142857143,0.5714285714285714,0.0,0.0,0,0,0.0,0.0,0,0,0.0,20129.23,1,1,1.0,95271.70999999999,7,2,0.2857142857142857,1
LGS2ORD0040088,C014239,2025-11-14 11:00:00,Male,45,Bronze,Web,Chiang Mai,972,Lazada,Bank_Transfer,11,11,4,0,40-50,32.4,3.0,1.0,0.3333333333333333,58,2,8937.303333333333,0.28,0.3333333333333333,0.6666666666666666,0.0,8206.57,1,0,0.0,8206.57,1,0,0.0,23448.949999999997,2,1,0.5,26811.91,3,1,0.3333333333333333,0
LGS2ORD0040089,C010762,2025-11-14 11:00:00,Female,67,Bronze,TV,Chonburi,598,Lazada,Bank_Transfer,11,11,4,0,>50,19.933333333333334,3.0,1.0,0.3333333333333333,260,190,9086.859999999999,0.28,0.3333333333333333,0.6666666666666666,0.0,0.0,0,0,0.0,0.0,0,0,0.0,0.0,0,0,0.0,27260.579999999998,3,1,0.3333333333333333,1
LGS2ORD0040090,C017847,2025-11-14 11:00:00,Male,35,Bronze,Web,Phuket,1557,TV_Show,Credit_Card,11,11,4,0,30-40,51.9,9.0,3.0,0.3333333333333333,34,40,6037.272222222223,0.28,0.5555555555555556,0.3333333333333333,0.0,0.0,0,0,0.0,0.0,0,0,0.0,9932.740000000002,3,3,1.0,54335.450000000004,9,3,0.3333333333333333,0
LGS2ORD0040091,C010040,2025-11-14 12:00:00,Male,56,Bronze,TV,Remote_Area,910,Web,Credit_Card,12,11,4,0,>50,30.333333333333332,6.0,1.0,0.16666666666666666,163,97,4223.641666666666,0.28,0.3333333333333333,0.3333333333333333,0.0,0.0,0,0,0.0,0.0,0,0,0.0,0.0,0,0,0.0,25341.85,6,1,0.16666666666666666,1
LGS2ORD0040092,C011687,2025-11-14 12:00:00,Male,55,Bronze,TV,Chonburi,1168,TV_Show,Credit_Card,12,11,4,0,>50,38.93333333333333,4.0,1.0,0.25,185,44,11111.762499999999,0.28,0.25,0.5,0.0,0.0,0,0,0.0,0.0,0,0,0.0,10487.24,1,0,0.0,44447.049999999996,4,1,0.25,1
LGS2ORD0040093,C010014,2025-11-14 12:00:00,Female,38,Bronze,Web,Bangkok,1158,Lazada,COD,12,11,4,0,30-40,38.6,5.0,0.0,0.0,-1,48,3629.714,0.23,0.0,0.4,0.0,0.0,0,0,0.0,0.0,0,0,0.0,4592.33,2,0,0.0,18148.57,5,0,0.0,0
LGS2ORD0040094,C012548,2025-11-14 12:00:00,Female,49,Bronze,Lazada,Bangkok,654,Shopee,COD,12,11,4,0,40-50,21.8,4.0,1.0,0.25,-9,1,1773.5925,0.18,0.25,0.0,0.0,765.75,1,1,1.0,765.75,1,1,1.0,1799.9,3,1,0.3333333333333333,7094.37,4,1,0.25,0
LGS2ORD0040095,C017560,2025-11-14 12:00:00,Male,20,Platinum,Web,Bangkok,1526,TV_Show,Credit_Card,12,11,4,0,<20,50.86666666666667,4.0,1.0,0.25,6,16,7070.935,0.35,0.5,0.5,0.0,0.0,0,0,0.0,817.34,1,1,1.0,817.34,1,1,1.0,28283.74,4,1,0.25,0
LGS2ORD0040096,C017314,2025-11-14 13:00:00,Male,41,Bronze,Web,Remote_Area,1769,Lazada,PromptPay,13,11,4,0,40-50,58.96666666666667,7.0,2.0,0.2857142857142857,257,11,2559.947142857143,0.28,0.42857142857142855,0.42857142857142855,0.0,0.0,0,0,0.0,3833.03,1,0,0.0,9412.29,3,0,0.0,17919.63,7,2,0.2857142857142857,1
LGS2ORD0040097,C013167,2025-11-14 13:00:00,Female,30,Gold,CallCenter,Bangkok,1587,Shopee,Credit_Card,13,11,4,0,20-30,52.9,5.0,0.0,0.0,-1,1,5146.83,0.28,0.2,0.4,0.0,1997.9,1,0,0.0,1997.9,1,0,0.0,1997.9,1,0,0.0,25734.15,5,0,0.0,0
LGS2ORD0040098,C011148,2025-11-14 13:00:00,Male,28,Silver,Lazada,Nakhon Ratchasima,1539,Shopee,COD,13,11,4,0,20-30,51.3,5.0,0.0,0.0,-1,72,7193.562000000001,0.3,0.4,0.4,0.0,0.0,0,0,0.0,0.0,0,0,0.0,9902.99,1,0,0.0,35967.810000000005,5,0,0.0,1
LGS2ORD0040099,C013436,2025-11-14 13:00:00,Male,53,Bronze,TV,Chiang Mai,699,TV_Show,COD,13,11,4,0,>50,23.3,11.0,6.0,0.5454545454545454,52,58,10457.83181818182,0.28,0.45454545454545453,0.36363636363636365,0.0,0.0,0,0,0.0,0.0,0,0,0.0,3405.42,1,1,1.0,115036.15000000001,11,6,0.5454545454545454,1
LGS2ORD0040100,C012931,2025-11-14 13:00:00,Female,38,Bronze,Lazada,Bangkok,794,Web,PromptPay,13,11,4,0,30-40,26.466666666666665,4.0,1.0,0.25,254,187,6589.525,0.23,0.25,0.25,0.0,0.0,0,0,0.0,0.0,0,0,0.0,0.0,0,0,0.0,26358.1,4,1,0.25,0
LGS2ORD0040101,C016589,2025-11-14 14:00:00,Female,38,Gold,Shopee,Bangkok,1369,Lazada,Credit_Card,14,11,4,0,30-40,45.63333333333333,2.0,0.0,0.0,-1,93,5543.415,0.08,0.0,0.0,0.0,0.0,0,0,0.0,0.0,0,0,0.0,0.0,0,0,0.0,11086.83,2,0,0.0,0
LGS2ORD0040102,C013193,2025-11-14 14:00:00,Male,58,Bronze,Shopee,Phuket,616,Web,PromptPay,14,11,4,0,>50,20.533333333333335,7.0,5.0,0.7142857142857143,-3,2,10282.74142857143,0.23,0.42857142857142855,0.14285714285714285,0.0,44441.9,1,1,1.0,46111.130000000005,2,2,1.0,46111.130000000005,2,2,1.0,71979.19,7,5,0.7142857142857143,0
LGS2ORD0040103,C013212,2025-11-14 14:00:00,Female,31,Silver,Shopee,Songkhla,1129,Web,COD,14,11,4,0,30-40,37.63333333333333,3.0,1.0,0.3333333333333333,182,191,1819.8700000000001,0.3,1.0,0.3333333333333333,0.0,0.0,0,0,0.0,0.0,0,0,0.0,0.0,0,0,0.0,5459.610000000001,3,1,0.3333333333333333,1
LGS2ORD0040104,C013925,2025-11-14 14:00:00,Male,59,Bronze,TV,Bangkok,1353,CallCenter,Bank_Transfer,14,11,4,0,>50,45.1,7.0,0.0,0.0,-1,4,5491.599999999999,0.13,0.42857142857142855,0.0,0.0,8881.02,1,0,0.0,13223.28,2,0,0.0,22424.739999999998,3,0,0.0,38441.2,7,0,0.0,0
LGS2ORD0040105,C010441,2025-11-14 14:00:00,Female,37,Gold,Lazada,Chonburi,837,Shopee,Credit_Card,14,11,4,0,30-40,27.9,3.0,0.0,0.0,-1,28,4095.1366666666668,0.28,0.3333333333333333,1.0,0.0,0.0,0,0,0.0,6188.22,1,0,0.0,6188.22,1,0,0.0,12285.41,3,0,0.0,0
LGS2ORD0040106,C017184,2025-11-14 15:00:00,Male,37,Silver,Shopee,Bangkok,1434,CallCenter,Credit_Card,15,11,4,0,30-40,47.8,3.0,0.0,0.0,-1,14,3908.603333333333,0.2,0.3333333333333333,0.0,0.0,0.0,0,0,0.0,1635.09,1,0,0.0,1635.09,1,0,0.0,11725.81,3,0,0.0,0
LGS2ORD0040107,C016879,2025-11-14 15:00:00,Male,34,Gold,Web,Phuket,860,Web,Credit_Card,15,11,4,0,30-40,28.666666666666668,2.0,0.0,0.0,-1,202,4546.625,0.28,0.0,0.5,0.0,0.0,0,0,0.0,0.0,0,0,0.0,0.0,0,0,0.0,9093.25,2,0,0.0,0
LGS2ORD0040108,C013123,2025-11-14 15:00:00,Male,40,Silver,TV,Bangkok,1356,Web,COD,15,11,4,0,30-40,45.2,2.0,1.0,0.5,259,130,1975.18,0.25,0.5,0.5,0.0,0.0,0,0,0.0,0.0,0,0,0.0,0.0,0,0,0.0,3950.36,2,1,0.5,0
LGS2ORD0040109,C013344,2025-11-14 15:00:00,Female,56,Silver,Web,Remote_Area,1494,TV_Show,PromptPay,15,11,4,0,>50,49.8,7.0,1.0,0.14285714285714285,282,17,11325.698571428573,0.2,0.7142857142857143,0.0,0.0,0.0,0,0,0.0,27266.83,1,0,0.0,33866.75,2,0,0.0,79279.89000000001,7,1,0.14285714285714285,0
LGS2ORD0040110,C012008,2025-11-14 15:00:00,Female,36,Silver,CallCenter,Khon Kaen,1120,Lazada,COD,15,11,4,0,30-40,37.333333333333336,7.0,3.0,0.42857142857142855,55,0,3819.434285714286,0.3,0.7142857142857143,0.14285714285714285,0.0,9092.56,1,0,0.0,11640.349999999999,2,0,0.0,12220.539999999999,3,1,0.3333333333333333,26736.04,7,3,0.42857142857142855,0
LGS2ORD0040111,C012758,2025-11-14 15:00:00,Female,47,Silver,CallCenter,Bangkok,1519,Shopee,COD,15,11,4,0,40-50,50.63333333333333,7.0,3.0,0.42857142857142855,-7,1,9647.378571428573,0.25,0.5714285714285714,0.2857142857142857,0.0,930.32,1,1,1.0,930.32,1,1,1.0,930.32,1,1,1.0,67531.65000000001,7,3,0.42857142857142855,0
LGS2ORD0040112,C016133,2025-11-14 16:00:00,Female,40,Gold,Lazada,Khon Kaen,682,Lazada,Credit_Card,16,11,4,0,30-40,22.733333333333334,4.0,0.0,0.0,-1,84,3862.7925,0.2299999999999999,0.0,0.25,0.0,0.0,0,0,0.0,0.0,0,0,0.0,4991.98,1,0,0.0,15451.17,4,0,0.0,1
LGS2ORD0040113,C017697,2025-11-14 16:00:00,Male,31,Silver,Shopee,Bangkok,1532,Shopee,COD,16,11,4,0,30-40,51.06666666666667,5.0,1.0,0.2,155,110,5660.596,0.25,0.8,0.4,0.0,0.0,0,0,0.0,0.0,0,0,0.0,0.0,0,0,0.0,28302.98,5,1,0.2,0
LGS2ORD0040114,C010837,2025-11-14 16:00:00,Female,54,Bronze,Web,Chiang Mai,1216,Shopee,Credit_Card,16,11,4,0,>50,40.53333333333333,4.0,2.0,0.5,39,52,3783.2525,0.28,0.5,0.5,0.0,0.0,0,0,0.0,0.0,0,0,0.0,5616.62,2,2,1.0,15133.01,4,2,0.5,0
LGS2ORD0040115,C017029,2025-11-14 16:00:00,Female,56,Silver,Shopee,Remote_Area,1055,CallCenter,Credit_Card,16,11,4,0,>50,35.166666666666664,5.0,3.0,0.6,13,26,9308.322,0.3,0.6,0.4,0.0,0.0,0,0,0.0,1072.12,1,1,1.0,1945.8799999999999,2,2,1.0,46541.61,5,3,0.6,1
LGS2ORD0040116,C014050,2025-11-14 16:00:00,Male,46,Platinum,Shopee,Bangkok,1024,Lazada,COD,16,11,4,0,40-50,34.13333333333333,4.0,0.0,0.0,-1,28,3639.8749999999995,0.25,0.0,0.25,0.0,0.0,0,0,0.0,327.71,1,0,0.0,327.71,1,0,0.0,14559.499999999998,4,0,0.0,0
LGS2ORD0040117,C010740,2025-11-14 17:00:00,Female,53,Bronze,Lazada,Bangkok,839,TV_Show,Credit_Card,17,11,4,0,>50,27.966666666666665,3.0,1.0,0.3333333333333333,44,58,3792.2100000000005,0.23,0.0,0.3333333333333333,0.0,0.0,0,0,0.0,0.0,0,0,0.0,8083.13,2,1,0.5,11376.630000000001,3,1,0.3333333333333333,0
LGS2ORD0040118,C015865,2025-11-14 17:00:00,Female,57,Gold,Shopee,Nakhon Ratchasima,1280,CallCenter,COD,17,11,4,0,>50,42.666666666666664,9.0,3.0,0.3333333333333333,74,19,9171.302222222223,0.33,0.1111111111111111,0.6666666666666666,0.0,0.0,0,0,0.0,5070.25,1,0,0.0,42612.32,3,1,0.3333333333333333,82541.72,9,3,0.3333333333333333,0
LGS2ORD0040119,C010869,2025-11-14 17:00:00,Male,41,Gold,Web,Chiang Mai,603,Shopee,COD,17,11,4,0,40-50,20.1,3.0,0.0,0.0,-1,3,1888.3266666666666,0.33,0.3333333333333333,0.6666666666666666,0.0,379.08,1,0,0.0,379.08,1,0,0.0,1973.28,2,0,0.0,5664.98,3,0,0.0,0
LGS2ORD0040120,C011057,2025-11-14 17:00:00,Female,51,Bronze,Shopee,Nakhon Ratchasima,727,Web,Bank_Transfer,17,11,4,0,>50,24.233333333333334,10.0,1.0,0.1,11,28,4396.176,0.28,0.6,0.3,0.0,0.0,0,0,0.0,2610.6,1,1,1.0,13553.25,4,1,0.25,43961.76,10,1,0.1,0
LGS2ORD0040121,C013216,2025-11-14 17:00:00,Female,20,Bronze,TV,Bangkok,1673,TV_Show,PromptPay,17,11,4,0,<20,55.766666666666666,3.0,1.0,0.3333333333333333,231,157,10752.363333333333,0.28,0.0,0.3333333333333333,0.0,0.0,0,0,0.0,0.0,0,0,0.0,0.0,0,0,0.0,32257.09,3,1,0.3333333333333333,0
LGS2ORD0040122,C015198,2025-11-14 18:00:00,Female,33,Bronze,Web,Chiang Mai,1216,TV_Show,COD,18,11,4,0,30-40,40.53333333333333,5.0,1.0,0.2,257,40,2865.608,0.23,0.8,0.2,0.0,0.0,0,0,0.0,0.0,0,0,0.0,8105.04,2,0,0.0,14328.04,5,1,0.2,0
LGS2ORD0040123,C013140,2025-11-14 18:00:00,Other,56,Bronze,Lazada,Bangkok,1416,Shopee,COD,18,11,4,0,>50,47.2,7.0,4.0,0.5714285714285714,20,23,3110.5414285714287,0.23,0.5714285714285714,0.2857142857142857,0.0,0.0,0,0,0.0,3131.24,1,1,1.0,3131.24,1,1,1.0,21773.79,7,4,0.5714285714285714,0
LGS2ORD0040124,C014021,2025-11-14 18:00:00,Female,42,Bronze,Shopee,Bangkok,795,Shopee,COD,18,11,4,0,40-50,26.5,2.0,1.0,0.5,187,18,1464.32,0.28,1.0,1.0,0.0,0.0,0,0,0.0,1091.61,1,0,0.0,1091.61,1,0,0.0,2928.64,2,1,0.5,0
LGS2ORD0040125,C016189,2025-11-14 18:00:00,Female,48,Bronze,Lazada,Phuket,1688,Shopee,COD,18,11,4,0,40-50,56.266666666666666,8.0,3.0,0.375,54,5,5405.79375,0.18,0.5,0.0,0.0,3804.0,1,0,0.0,3804.0,1,0,0.0,4248.99,2,1,0.5,43246.35,8,3,0.375,1
LGS2ORD0040126,C012215,2025-11-14 18:00:00,Male,61,Bronze,Shopee,Nakhon Ratchasima,1355,Web,PromptPay,18,11,4,0,>50,45.166666666666664,2.0,0.0,0.0,-1,2,901.44,0.28,0.5,0.5,0.0,453.62,1,0,0.0,453.62,1,0,0.0,453.62,1,0,0.0,1802.88,2,0,0.0,0
LGS2ORD0040127,C016260,2025-11-14 19:00:00,Male,53,Bronze,TV,Bangkok,980,Lazada,COD,19,11,4,0,>50,32.666666666666664,3.0,0.0,0.0,-1,25,3053.4300000000003,0.18,0.6666666666666666,0.0,0.0,0.0,0,0,0.0,6519.32,1,0,0.0,6519.32,1,0,0.0,9160.29,3,0,0.0,1
LGS2ORD0040128,C016137,2025-11-14 19:00:00,Female,41,Silver,Web,Phuket,984,Lazada,COD,19,11,4,0,40-50,32.8,5.0,1.0,0.2,180,28,11729.333999999999,0.3,0.4,0.2,0.0,0.0,0,0,0.0,35619.52,1,0,0.0,35619.52,1,0,0.0,58646.67,5,1,0.2,1
LGS2ORD0040129,C012557,2025-11-14 19:00:00,Male,48,Silver,TV,Chonburi,1519,CallCenter,Credit_Card,19,11,4,0,40-50,50.63333333333333,4.0,0.0,0.0,-1,35,6890.3,0.2,0.5,0.0,0.0,0.0,0,0,0.0,0.0,0,0,0.0,8071.98,1,0,0.0,27561.2,4,0,0.0,0
LGS2ORD0040130,C014625,2025-11-14 19:00:00,Male,40,Bronze,TV,Khon Kaen,338,Shopee,COD,19,11,4,0,30-40,11.266666666666667,2.0,1.0,0.5,46,56,1445.935,0.23,0.5,0.5,0.0,0.0,0,0,0.0,0.0,0,0,0.0,927.68,1,1,1.0,2891.87,2,1,0.5,0
LGS2ORD0040131,C017000,2025-11-14 19:00:00,Male,39,Gold,Shopee,Khon Kaen,1062,Lazada,COD,19,11,4,0,30-40,35.4,3.0,0.0,0.0,-1,51,3101.0766666666664,0.33,0.0,0.3333333333333333,0.0,0.0,0,0,0.0,0.0,0,0,0.0,3848.73,1,0,0.0,9303.23,3,0,0.0,0
LGS2ORD0040132,C016340,2025-11-14 19:00:00,Male,43,Silver,TV,Nakhon Ratchasima,976,TV_Show,COD,19,11,4,0,40-50,32.53333333333333,6.0,0.0,0.0,-1,40,4642.948333333335,0.25,0.8333333333333334,0.16666666666666666,0.0,0.0,0,0,0.0,0.0,0,0,0.0,5325.46,2,0,0.0,27857.690000000006,6,0,0.0,0
LGS2ORD0040133,C016105,2025-11-14 20:00:00,Male,66,Gold,Shopee,Chonburi,1380,Lazada,Credit_Card,20,11,4,0,>50,46.0,4.0,2.0,0.5,191,66,4585.2675,0.28,0.5,0.75,0.0,0.0,0,0,0.0,0.0,0,0,0.0,8501.55,1,0,0.0,18341.07,4,2,0.5,1
LGS2ORD0040134,C015661,2025-11-14 20:00:00,Female,54,Bronze,Shopee,Nakhon Ratchasima,1166,TV_Show,COD,20,11,4,0,>50,38.86666666666667,6.0,0.0,0.0,-1,59,2828.7016666666664,0.28,0.8333333333333334,0.16666666666666666,0.0,0.0,0,0,0.0,0.0,0,0,0.0,7002.48,2,0,0.0,16972.21,6,0,0.0,1
LGS2ORD0040135,C016182,2025-11-14 20:00:00,Male,27,Silver,Web,Khon Kaen,1607,Web,Credit_Card,20,11,4,0,20-30,53.56666666666667,3.0,1.0,0.3333333333333333,297,41,10610.476666666667,0.2,0.6666666666666666,0.0,0.0,0.0,0,0,0.0,0.0,0,0,0.0,9559.04,1,0,0.0,31831.43,3,1,0.3333333333333333,0
LGS2ORD0040136,C016190,2025-11-14 20:00:00,Male,37,Platinum,Web,Chiang Mai,1448,Lazada,Credit_Card,20,11,4,0,30-40,48.266666666666666,4.0,0.0,0.0,-1,29,2093.3925,0.25,1.0,0.25,0.0,0.0,0,0,0.0,3515.53,1,0,0.0,3515.53,1,0,0.0,8373.57,4,0,0.0,0
LGS2ORD0040137,C013041,2025-11-14 20:00:00,Female,45,Silver,TV,Bangkok,1480,TV_Show,Credit_Card,20,11,4,0,40-50,49.333333333333336,1.0,0.0,0.0,-1,310,701.51,0.1,0.0,0.0,0.0,0.0,0,0,0.0,0.0,0,0,0.0,0.0,0,0,0.0,701.51,1,0,0.0,0
LGS2ORD0040138,C014440,2025-11-14 21:00:00,Male,53,Bronze,Lazada,Nakhon Ratchasima,615,TV_Show,Credit_Card,21,11,4,0,>50,20.5,5.0,2.0,0.4,218,130,3943.738,0.28,0.2,0.2,0.0,0.0,0,0,0.0,0.0,0,0,0.0,0.0,0,0,0.0,19718.69,5,2,0.4,1
LGS2ORD0040139,C011157,2025-11-14 21:00:00,Male,28,Silver,CallCenter,Chiang Mai,1628,Lazada,Credit_Card,21,11,4,0,20-30,54.266666666666666,4.0,2.0,0.5,125,135,3281.375,0.3,0.75,0.5,0.0,0.0,0,0,0.0,0.0,0,0,0.0,0.0,0,0,0.0,13125.5,4,2,0.5,0
LGS2ORD0040140,C011413,2025-11-14 21:00:00,Female,38,Bronze,Shopee,Bangkok,981,Shopee,COD,21,11,4,0,30-40,32.7,5.0,0.0,0.0,-1,1,4714.934,0.18,0.6,0.0,0.0,1529.31,1,0,0.0,5368.8099999999995,2,0,0.0,5368.8099999999995,2,0,0.0,23574.670000000002,5,0,0.0,0
LGS2ORD0040141,C015928,2025-11-14 21:00:00,Male,66,Bronze,Shopee,Bangkok,1578,Shopee,COD,21,11,4,0,>50,52.6,3.0,1.0,0.3333333333333333,71,24,7051.816666666667,0.23,1.0,0.3333333333333333,0.0,0.0,0,0,0.0,16241.33,1,0,0.0,17217.87,2,1,0.5,21155.45,3,1,0.3333333333333333,1
LGS2ORD0040142,C017605,2025-11-14 21:00:00,Female,63,Silver,Web,Songkhla,903,TV_Show,COD,21,11,4,0,>50,30.1,8.0,4.0,0.5,9,17,4441.00875,0.3,0.5,0.25,0.125,0.0,0,0,0.0,1512.01,1,1,1.0,19487.239999999998,5,2,0.4,35528.07,8,4,0.5,1
LGS2ORD0040143,C015599,2025-11-14 22:00:00,Male,36,Bronze,Shopee,Bangkok,1703,Shopee,COD,22,11,4,0,30-40,56.766666666666666,8.0,2.0,0.25,182,140,3507.4449999999997,0.28,0.5,0.5,0.0,0.0,0,0,0.0,0.0,0,0,0.0,0.0,0,0,0.0,28059.559999999998,8,2,0.25,0
LGS2ORD0040144,C014911,2025-11-14 22:00:00,Male,39,Bronze,Web,Bangkok,754,TV_Show,Bank_Transfer,22,11,4,0,30-40,25.133333333333333,11.0,5.0,0.45454545454545453,67,43,6355.354545454545,0.23,0.18181818181818182,0.2727272727272727,0.0,0.0,0,0,0.0,0.0,0,0,0.0,22970.170000000002,2,1,0.5,69908.9,11,5,0.45454545454545453,0
LGS2ORD0040145,C017626,2025-11-14 22:00:00,Female,47,Gold,Web,Chiang Mai,820,Shopee,COD,22,11,4,0,40-50,27.333333333333332,5.0,1.0,0.2,284,19,7316.832,0.28,0.6,0.8,0.0,0.0,0,0,0.0,876.37,1,0,0.0,3960.29,2,0,0.0,36584.16,5,1,0.2,0
LGS2ORD0040146,C011534,2025-11-14 22:00:00,Female,33,Bronze,TV,Khon Kaen,351,Lazada,COD,22,11,4,0,30-40,11.7,8.0,5.0,0.625,40,48,3535.23125,0.28,0.625,0.5,0.0,0.0,0,0,0.0,0.0,0,0,0.0,2590.37,2,2,1.0,28281.85,8,5,0.625,0
LGS2ORD0040147,C011752,2025-11-14 22:00:00,Female,39,Bronze,Web,Songkhla,1066,Shopee,COD,22,11,4,0,30-40,35.53333333333333,3.0,1.0,0.3333333333333333,82,18,4517.44,0.28,0.3333333333333333,0.3333333333333333,0.0,0.0,0,0,0.0,10689.0,1,0,0.0,12113.67,2,1,0.5,13552.32,3,1,0.3333333333333333,0
LGS2ORD0040148,C017080,2025-11-14 22:00:00,Other,40,Gold,Shopee,Remote_Area,372,Shopee,PromptPay,22,11,4,0,30-40,12.4,3.0,1.0,0.3333333333333333,157,164,5141.613333333334,0.2299999999999999,0.6666666666666666,0.3333333333333333,0.0,0.0,0,0,0.0,0.0,0,0,0.0,0.0,0,0,0.0,15424.84,3,1,0.3333333333333333,0
LGS2ORD0040149,C011679,2025-11-14 23:00:00,Female,47,Gold,TV,Songkhla,554,Web,COD,23,11,4,0,40-50,18.466666666666665,8.0,2.0,0.25,10,8,5316.57375,0.28,0.5,0.375,0.0,0.0,0,0,0.0,6518.21,2,1,0.5,6518.21,2,1,0.5,42532.59,8,2,0.25,0
LGS2ORD0040150,C017158,2025-11-14 23:00:00,Male,60,Bronze,CallCenter,Chiang Mai,521,Shopee,Bank_Transfer,23,11,4,0,>50,17.366666666666667,4.0,0.0,0.0,-1,17,6169.22,0.18,0.5,0.0,0.0,0.0,0,0,0.0,3865.41,1,0,0.0,19522.25,2,0,0.0,24676.88,4,0,0.0,0
LGS2ORD0040151,C012835,2025-11-14 23:00:00,Male,56,Bronze,Shopee,Remote_Area,1322,Lazada,Credit_Card,23,11,4,0,>50,44.06666666666667,5.0,1.0,0.2,227,9,2745.262,0.23,0.2,0.6,0.0,0.0,0,0,0.0,3805.89,2,0,0.0,3805.89,2,0,0.0,13726.310000000001,5,1,0.2,0
LGS2ORD0040152,C012376,2025-11-14 23:00:00,Male,44,Bronze,TV,Bangkok,1552,Web,Credit_Card,23,11,4,0,40-50,51.733333333333334,5.0,0.0,0.0,-1,17,2867.552,0.23,0.6,0.2,0.0,0.0,0,0,0.0,7731.48,1,0,0.0,10548.119999999999,3,0,0.0,14337.76,5,0,0.0,0
LGS2ORD0040153,C012129,2025-11-14 23:00:00,Male,56,Silver,TV,Khon Kaen,1245,TV_Show,Bank_Transfer,23,11,4,0,>50,41.5,8.0,0.0,0.0,-1,49,4473.48125,0.3,0.75,0.375,0.0,0.0,0,0,0.0,0.0,0,0,0.0,14252.86,3,0,0.0,35787.85,8,0,0.0,0
LGS2ORD0040154,C017468,2025-11-15 00:00:00,Female,53,Bronze,Web,Remote_Area,634,TV_Show,Credit_Card,0,11,5,1,>50,21.133333333333333,2.0,1.0,0.5,246,117,4300.41,0.18,0.5,0.0,0.0,0.0,0,0,0.0,0.0,0,0,0.0,0.0,0,0,0.0,8600.82,2,1,0.5,0
LGS2ORD0040155,C010026,2025-11-15 00:00:00,Female,51,Bronze,Web,Bangkok,845,Lazada,COD,0,11,5,1,>50,28.166666666666668,13.0,2.0,0.15384615384615385,231,15,5678.38076923077,0.28,0.5384615384615384,0.3076923076923077,0.0,0.0,0,0,0.0,1111.78,1,0,0.0,29735.68,4,0,0.0,73818.95000000001,13,2,0.15384615384615385,1
LGS2ORD0040156,C016435,2025-11-15 00:00:00,Male,46,Silver,Web,Bangkok,1347,Lazada,COD,0,11,5,1,40-50,44.9,4.0,0.0,0.0,-1,63,3621.9875,0.3,0.0,0.5,0.0,0.0,0,0,0.0,0.0,0,0,0.0,9202.210000000001,2,0,0.0,14487.95,4,0,0.0,0
LGS2ORD0040157,C013702,2025-11-15 00:00:00,Male,32,Silver,Shopee,Bangkok,1000,Lazada,Credit_Card,0,11,5,1,30-40,33.333333333333336,5.0,1.0,0.2,159,1,3662.844,0.3,0.6,0.2,0.0,3190.99,1,0,0.0,3190.99,1,0,0.0,3190.99,1,0,0.0,18314.22,5,1,0.2,0
LGS2ORD0040158,C012655,2025-11-15 00:00:00,Female,27,Gold,CallCenter,Nakhon Ratchasima,978,Shopee,Credit_Card,0,11,5,1,20-30,32.6,6.0,0.0,0.0,-1,30,9571.376666666667,0.33,0.5,0.3333333333333333,0.0,0.0,0,0,0.0,0.0,0,0,0.0,32159.36,3,0,0.0,57428.26,6,0,0.0,1
LGS2ORD0040159,C014003,2025-11-15 01:00:00,Female,46,Bronze,Shopee,Chiang Mai,351,CallCenter,Bank_Transfer,1,11,5,1,40-50,11.7,3.0,0.0,0.0,-1,118,6213.46,0.18,1.0,0.0,0.0,0.0,0,0,0.0,0.0,0,0,0.0,0.0,0,0,0.0,18640.38,3,0,0.0,0
LGS2ORD0040160,C011149,2025-11-15 01:00:00,Male,48,Bronze,TV,Chonburi,1765,Web,COD,1,11,5,1,40-50,58.833333333333336,4.0,0.0,0.0,-1,80,11321.277499999998,0.23,0.5,0.25,0.0,0.0,0,0,0.0,0.0,0,0,0.0,10772.51,2,0,0.0,45285.10999999999,4,0,0.0,0
LGS2ORD0040161,C012164,2025-11-15 01:00:00,Female,53,Silver,Shopee,Khon Kaen,748,TV_Show,Bank_Transfer,1,11,5,1,>50,24.933333333333334,7.0,0.0,0.0,-1,13,3312.6771428571433,0.25,0.42857142857142855,0.2857142857142857,0.0,0.0,0,0,0.0,2648.44,1,0,0.0,13649.800000000001,2,0,0.0,23188.74,7,0,0.0,1
LGS2ORD0040162,C010738,2025-11-15 01:00:00,Male,28,Silver,Web,Bangkok,1006,Web,PromptPay,1,11,5,1,20-30,33.53333333333333,5.0,2.0,0.4,121,99,7426.7159999999985,0.1,0.4,0.0,0.0,0.0,0,0,0.0,0.0,0,0,0.0,0.0,0,0,0.0,37133.579999999994,5,2,0.4,1
LGS2ORD0040163,C011992,2025-11-15 01:00:00,Female,45,Bronze,TV,Nakhon Ratchasima,1032,CallCenter,COD,1,11,5,1,40-50,34.4,12.0,1.0,0.08333333333333333,-3,9,4020.1375000000003,0.23,0.5,0.16666666666666666,0.0,0.0,0,0,0.0,2199.49,1,1,1.0,14415.36,2,1,0.5,48241.65,12,1,0.08333333333333333,1
LGS2ORD0040164,C012790,2025-11-15 02:00:00,Female,18,Silver,TV,Bangkok,1712,Web,PromptPay,2,11,5,1,<20,57.06666666666667,5.0,2.0,0.4,74,83,7940.134,0.2,0.2,0.0,0.0,0.0,0,0,0.0,0.0,0,0,0.0,18305.06,1,1,1.0,39700.67,5,2,0.4,0
LGS2ORD0040165,C016203,2025-11-15 02:00:00,Male,46,Bronze,Shopee,Remote_Area,1555,Lazada,COD,2,11,5,1,40-50,51.833333333333336,7.0,1.0,0.14285714285714285,56,63,3072.9657142857145,0.28,0.7142857142857143,0.5714285714285714,0.0,0.0,0,0,0.0,0.0,0,0,0.0,3661.06,2,1,0.5,21510.760000000002,7,1,0.14285714285714285,0
LGS2ORD0040166,C016338,2025-11-15 02:00:00,Female,33,Silver,Web,Chonburi,1436,Web,Bank_Transfer,2,11,5,1,30-40,47.86666666666667,2.0,0.0,0.0,-1,126,4705.235000000001,0.2,0.5,0.0,0.0,0.0,0,0,0.0,0.0,0,0,0.0,0.0,0,0,0.0,9410.470000000001,2,0,0.0,0
LGS2ORD0040167,C014260,2025-11-15 02:00:00,Female,20,Silver,Lazada,Khon Kaen,1639,Web,COD,2,11,5,1,<20,54.63333333333333,3.0,0.0,0.0,-1,89,2146.7566666666667,0.3,0.6666666666666666,1.0,0.0,0.0,0,0,0.0,0.0,0,0,0.0,983.24,1,0,0.0,6440.2699999999995,3,0,0.0,0
LGS2ORD0040168,C011651,2025-11-15 02:00:00,Female,33,Silver,Shopee,Bangkok,1339,Web,COD,2,11,5,1,30-40,44.63333333333333,2.0,1.0,0.5,92,97,12483.69,0.2,1.0,0.0,0.0,0.0,0,0,0.0,0.0,0,0,0.0,0.0,0,0,0.0,24967.38,2,1,0.5,0
LGS2ORD0040169,C012827,2025-11-15 02:00:00,Female,47,Bronze,CallCenter,Songkhla,1036,Shopee,COD,2,11,5,1,40-50,34.53333333333333,9.0,4.0,0.4444444444444444,65,70,3921.514444444445,0.28,0.7777777777777778,0.4444444444444444,0.0,0.0,0,0,0.0,0.0,0,0,0.0,7963.07,1,1,1.0,35293.630000000005,9,4,0.4444444444444444,1
LGS2ORD0040170,C015350,2025-11-15 03:00:00,Male,45,Bronze,Web,Remote_Area,1407,Shopee,COD,3,11,5,1,40-50,46.9,9.0,6.0,0.6666666666666666,58,1,8080.030000000001,0.28,0.6666666666666666,0.3333333333333333,0.0,28849.4,1,0,0.0,28849.4,1,0,0.0,31798.08,2,1,0.5,72720.27,9,6,0.6666666666666666,1
LGS2ORD0040171,C015734,2025-11-15 03:00:00,Male,35,Bronze,Web,Chiang Mai,918,Shopee,Credit_Card,3,11,5,1,30-40,30.6,6.0,1.0,0.16666666666666666,63,74,2321.7316666666666,0.23,0.16666666666666666,0.16666666666666666,0.0,0.0,0,0,0.0,0.0,0,0,0.0,1903.24,1,1,1.0,13930.39,6,1,0.16666666666666666,1
LGS2ORD0040172,C017615,2025-11-15 03:00:00,Female,51,Bronze,Web,Chonburi,928,TV_Show,Bank_Transfer,3,11,5,1,>50,30.933333333333334,5.0,2.0,0.4,223,68,11132.652,0.18,0.8,0.0,0.0,0.0,0,0,0.0,0.0,0,0,0.0,52460.93,2,0,0.0,55663.26,5,2,0.4,1
LGS2ORD0040173,C013243,2025-11-15 03:00:00,Male,21,Bronze,TV,Bangkok,1509,Lazada,COD,3,11,5,1,20-30,50.3,4.0,0.0,0.0,-1,101,5622.785,0.23,1.0,0.25,0.0,0.0,0,0,0.0,0.0,0,0,0.0,0.0,0,0,0.0,22491.14,4,0,0.0,0
LGS2ORD0040174,C015501,2025-11-15 03:00:00,Male,44,Bronze,TV,Phuket,1227,Lazada,COD,3,11,5,1,40-50,40.9,8.0,2.0,0.25,5,20,3242.99625,0.28,0.5,0.25,0.0,0.0,0,0,0.0,10513.82,2,1,0.5,10513.82,2,1,0.5,25943.97,8,2,0.25,1
LGS2ORD0040175,C017516,2025-11-15 04:00:00,Male,60,Gold,TV,Bangkok,820,Web,COD,4,11,5,1,>50,27.333333333333332,14.0,1.0,0.07142857142857142,117,31,6373.025714285714,0.33,0.5714285714285714,0.35714285714285715,0.0,0.0,0,0,0.0,0.0,0,0,0.0,12691.24,3,0,0.0,89222.35999999999,14,1,0.07142857142857142,0
LGS2ORD0040176,C011458,2025-11-15 04:00:00,Female,47,Silver,TV,Remote_Area,702,CallCenter,PromptPay,4,11,5,1,40-50,23.4,3.0,0.0,0.0,-1,64,1198.0400000000002,0.2,0.0,0.0,0.0,0.0,0,0,0.0,0.0,0,0,0.0,657.86,1,0,0.0,3594.1200000000003,3,0,0.0,0
LGS2ORD0040177,C012717,2025-11-15 04:00:00,Male,58,Bronze,Shopee,Chonburi,1576,CallCenter,COD,4,11,5,1,>50,52.53333333333333,12.0,3.0,0.25,80,92,4024.7766666666666,0.23,0.4166666666666667,0.25,0.0,0.0,0,0,0.0,0.0,0,0,0.0,0.0,0,0,0.0,48297.32,12,3,0.25,0
LGS2ORD0040178,C017645,2025-11-15 04:00:00,Female,59,Gold,CallCenter,Bangkok,1210,Lazada,PromptPay,4,11,5,1,>50,40.333333333333336,3.0,1.0,0.3333333333333333,113,118,4983.723333333333,0.13,0.6666666666666666,0.0,0.0,0.0,0,0,0.0,0.0,0,0,0.0,0.0,0,0,0.0,14951.17,3,1,0.3333333333333333,0
LGS2ORD0040179,C016507,2025-11-15 04:00:00,Female,41,Bronze,TV,Chonburi,664,TV_Show,COD,4,11,5,1,40-50,22.133333333333333,10.0,6.0,0.6,98,40,2266.344,0.28,0.7,0.4,0.0,0.0,0,0,0.0,0.0,0,0,0.0,3823.76,1,0,0.0,22663.440000000002,10,6,0.6,1
LGS2ORD0040180,C011062,2025-11-15 05:00:00,Male,56,Bronze,Web,Bangkok,606,Lazada,Credit_Card,5,11,5,1,>50,20.2,8.0,2.0,0.25,21,33,4241.514999999999,0.23,0.625,0.125,0.0,0.0,0,0,0.0,0.0,0,0,0.0,4370.09,2,1,0.5,33932.119999999995,8,2,0.25,0
LGS2ORD0040181,C014800,2025-11-15 05:00:00,Male,45,Silver,Web,Phuket,1711,Shopee,COD,5,11,5,1,40-50,57.03333333333333,3.0,1.0,0.3333333333333333,188,108,2535.98,0.3,0.3333333333333333,0.6666666666666666,0.0,0.0,0,0,0.0,0.0,0,0,0.0,0.0,0,0,0.0,7607.9400000000005,3,1,0.3333333333333333,0
LGS2ORD0040182,C010698,2025-11-15 05:00:00,Male,44,Gold,Shopee,Chonburi,519,Web,COD,5,11,5,1,40-50,17.3,6.0,2.0,0.3333333333333333,44,6,5409.323333333334,0.33,0.8333333333333334,0.5,0.0,14422.4,1,0,0.0,14422.4,1,0,0.0,20333.489999999998,3,1,0.3333333333333333,32455.940000000002,6,2,0.3333333333333333,1
LGS2ORD0040183,C010576,2025-11-15 05:00:00,Female,25,Bronze,TV,Remote_Area,657,Web,COD,5,11,5,1,20-30,21.9,11.0,4.0,0.36363636363636365,18,22,3746.5990909090906,0.28,0.5454545454545454,0.2727272727272727,0.0,0.0,0,0,0.0,2585.04,1,0,0.0,10857.560000000001,4,1,0.25,41212.59,11,4,0.36363636363636365,1
LGS2ORD0040184,C012070,2025-11-15 05:00:00,Male,59,Bronze,Lazada,Bangkok,643,CallCenter,Bank_Transfer,5,11,5,1,>50,21.433333333333334,5.0,0.0,0.0,-1,163,5972.7880000000005,0.28,0.2,0.4,0.0,0.0,0,0,0.0,0.0,0,0,0.0,0.0,0,0,0.0,29863.940000000002,5,0,0.0,0
LGS2ORD0040185,C016192,2025-11-15 06:00:00,Female,23,Silver,Web,Phuket,1149,TV_Show,Credit_Card,6,11,5,1,20-30,38.3,6.0,1.0,0.16666666666666666,265,46,3575.5500000000006,0.3,0.3333333333333333,0.3333333333333333,0.0,0.0,0,0,0.0,0.0,0,0,0.0,1369.83,1,0,0.0,21453.300000000003,6,1,0.16666666666666666,0
LGS2ORD0040186,C014844,2025-11-15 06:00:00,Female,40,Gold,Web,Bangkok,720,Lazada,COD,6,11,5,1,30-40,24.0,7.0,1.0,0.14285714285714285,82,90,3081.3914285714286,0.33,0.5714285714285714,0.42857142857142855,0.0,0.0,0,0,0.0,0.0,0,0,0.0,0.0,0,0,0.0,21569.74,7,1,0.14285714285714285,0
LGS2ORD0040187,C015350,2025-11-15 06:00:00,Male,45,Bronze,Web,Remote_Area,1407,CallCenter,PromptPay,6,11,5,1,40-50,46.9,10.0,7.0,0.7,-10,0,7676.153,0.28,0.7,0.4,0.0,32890.66,2,1,0.5,32890.66,2,1,0.5,35839.340000000004,3,2,0.6666666666666666,76761.53,10,7,0.7,0
LGS2ORD0040188,C014090,2025-11-15 06:00:00,Female,32,Platinum,Shopee,Phuket,1345,TV_Show,Credit_Card,6,11,5,1,30-40,44.833333333333336,4.0,1.0,0.25,222,66,3603.7949999999996,0.35,0.5,0.75,0.0,0.0,0,0,0.0,0.0,0,0,0.0,1503.26,1,0,0.0,14415.179999999998,4,1,0.25,0
LGS2ORD0040189,C016049,2025-11-15 06:00:00,Female,27,Platinum,Lazada,Bangkok,671,Web,Bank_Transfer,6,11,5,1,20-30,22.366666666666667,3.0,0.0,0.0,-1,12,10830.196666666667,0.3,1.0,0.6666666666666666,0.0,0.0,0,0,0.0,4007.23,1,0,0.0,5132.65,2,0,0.0,32490.59,3,0,0.0,0
LGS2ORD0040190,C011776,2025-11-15 06:00:00,Female,40,Silver,CallCenter,Songkhla,1760,Web,COD,6,11,5,1,30-40,58.666666666666664,1.0,1.0,1.0,62,64,442.91,0.2,1.0,0.0,0.0,0.0,0,0,0.0,0.0,0,0,0.0,442.91,1,1,1.0,442.91,1,1,1.0,1
LGS2ORD0040191,C017691,2025-11-15 07:00:00,Female,62,Gold,Shopee,Nakhon Ratchasima,1619,Shopee,Credit_Card,7,11,5,1,>50,53.96666666666667,4.0,1.0,0.25,296,120,3950.9525,0.28,0.25,0.75,0.0,0.0,0,0,0.0,0.0,0,0,0.0,0.0,0,0,0.0,15803.81,4,1,0.25,1
LGS2ORD0040192,C014253,2025-11-15 07:00:00,Female,44,Bronze,Lazada,Phuket,1619,Shopee,Bank_Transfer,7,11,5,1,40-50,53.96666666666667,5.0,0.0,0.0,-1,8,3847.082,0.23,0.4,0.2,0.2,0.0,0,0,0.0,16009.52,3,0,0.0,16009.52,3,0,0.0,19235.41,5,0,0.0,1
LGS2ORD0040193,C010549,2025-11-15 07:00:00,Male,62,Gold,Shopee,Nakhon Ratchasima,1395,Lazada,COD,7,11,5,1,>50,46.5,7.0,1.0,0.14285714285714285,5,19,6544.547142857143,0.28,0.7142857142857143,0.5714285714285714,0.0,0.0,0,0,0.0,3782.98,1,1,1.0,3782.98,1,1,1.0,45811.83,7,1,0.14285714285714285,0
LGS2ORD0040194,C012421,2025-11-15 07:00:00,Male,66,Silver,CallCenter,Songkhla,987,Lazada,Credit_Card,7,11,5,1,>50,32.9,5.0,2.0,0.4,24,35,2177.148,0.3,0.6,0.4,0.0,0.0,0,0,0.0,0.0,0,0,0.0,3647.48,2,1,0.5,10885.74,5,2,0.4,1
LGS2ORD0040195,C011921,2025-11-15 07:00:00,Other,39,Bronze,Web,Remote_Area,1274,TV_Show,PromptPay,7,11,5,1,30-40,42.46666666666667,7.0,4.0,0.5714285714285714,156,44,6814.791428571428,0.23,0.7142857142857143,0.2857142857142857,0.0,0.0,0,0,0.0,0.0,0,0,0.0,29950.72,2,0,0.0,47703.53999999999,7,4,0.5714285714285714,0
LGS2ORD0040196,C017515,2025-11-15 08:00:00,Female,53,Bronze,CallCenter,Remote_Area,1073,Shopee,COD,8,11,5,1,>50,35.766666666666666,8.0,3.0,0.375,54,65,3528.66125,0.23,0.625,0.25,0.0,0.0,0,0,0.0,0.0,0,0,0.0,5229.34,1,1,1.0,28229.29,8,3,0.375,0
LGS2ORD0040197,C017226,2025-11-15 08:00:00,Female,25,Silver,Lazada,Chonburi,1134,Lazada,COD,8,11,5,1,20-30,37.8,4.0,0.0,0.0,-1,50,8537.7175,0.2,0.0,0.0,0.0,0.0,0,0,0.0,0.0,0,0,0.0,3436.38,1,0,0.0,34150.87,4,0,0.0,0
LGS2ORD0040198,C011464,2025-11-15 08:00:00,Female,38,Gold,Lazada,Bangkok,555,Web,COD,8,11,5,1,30-40,18.5,7.0,0.0,0.0,-1,68,3181.6971428571424,0.33,0.42857142857142855,0.7142857142857143,0.0,0.0,0,0,0.0,0.0,0,0,0.0,9173.96,2,0,0.0,22271.879999999997,7,0,0.0,0
LGS2ORD0040199,C016487,2025-11-15 08:00:00,Male,38,Silver,Web,Songkhla,1090,Lazada,Credit_Card,8,11,5,1,30-40,36.333333333333336,7.0,2.0,0.2857142857142857,182,1,7161.354285714287,0.25,0.2857142857142857,0.42857142857142855,0.0,1381.89,1,0,0.0,1381.89,1,0,0.0,1381.89,1,0,0.0,50129.48,7,2,0.2857142857142857,0
LGS2ORD0040200,C017746,2025-11-15 08:00:00,Male,65,Silver,TV,Chonburi,438,Lazada,Bank_Transfer,8,11,5,1,>50,14.6,9.0,3.0,0.3333333333333333,65,7,4586.783333333334,0.3,0.5555555555555556,0.3333333333333333,0.0,0.0,0,0,0.0,15766.349999999999,2,0,0.0,17135.399999999998,3,1,0.3333333333333333,41281.05,9,3,0.3333333333333333,0
LGS2ORD0040201,C010501,2025-11-15 09:00:00,Male,46,Bronze,Web,Chiang Mai,1532,Lazada,COD,9,11,5,1,40-50,51.06666666666667,9.0,5.0,0.5555555555555556,63,7,5359.314444444444,0.23,0.4444444444444444,0.2222222222222222,0.0,0.0,0,0,0.0,18235.04,2,0,0.0,19479.41,3,1,0.3333333333333333,48233.83,9,5,0.5555555555555556,1
LGS2ORD0040202,C010999,2025-11-15 09:00:00,Male,49,Bronze,TV,Khon Kaen,1719,Lazada,Credit_Card,9,11,5,1,40-50,57.3,5.0,0.0,0.0,-1,9,3360.8019999999997,0.28,0.6,0.2,0.0,0.0,0,0,0.0,1172.23,1,0,0.0,1688.45,2,0,0.0,16804.01,5,0,0.0,0
LGS2ORD0040203,C015022,2025-11-15 09:00:00,Male,43,Gold,Web,Bangkok,1711,TV_Show,PromptPay,9,11,5,1,40-50,57.03333333333333,4.0,1.0,0.25,151,13,3285.065,0.33,0.5,0.5,0.0,0.0,0,0,0.0,10424.19,2,0,0.0,11339.41,3,0,0.0,13140.26,4,1,0.25,0
LGS2ORD0040204,C014644,2025-11-15 09:00:00,Female,47,Bronze,TV,Chonburi,953,Shopee,COD,9,11,5,1,40-50,31.766666666666666,7.0,1.0,0.14285714285714285,29,26,10510.820000000002,0.23,0.5714285714285714,0.14285714285714285,0.0,0.0,0,0,0.0,1897.07,1,0,0.0,34139.4,4,1,0.25,73575.74,7,1,0.14285714285714285,0
LGS2ORD0040205,C011799,2025-11-15 09:00:00,Female,30,Bronze,Shopee,Khon Kaen,1392,Shopee,COD,9,11,5,1,20-30,46.4,7.0,1.0,0.14285714285714285,234,5,4320.752857142857,0.23,0.5714285714285714,0.14285714285714285,0.0,1056.51,1,0,0.0,1056.51,1,0,0.0,4927.63,2,0,0.0,30245.269999999997,7,1,0.14285714285714285,0
LGS2ORD0040206,C011590,2025-11-15 10:00:00,Male,70,Silver,CallCenter,Phuket,792,Web,COD,10,11,5,1,>50,26.4,8.0,2.0,0.25,82,2,5472.71375,0.25,0.875,0.25,0.0,8747.21,1,0,0.0,8747.21,1,0,0.0,16564.47,3,0,0.0,43781.71,8,2,0.25,0
LGS2ORD0040207,C014323,2025-11-15 10:00:00,Male,34,Silver,TV,Nakhon Ratchasima,1446,CallCenter,COD,10,11,5,1,30-40,48.2,3.0,0.0,0.0,-1,110,3367.786666666667,0.2,0.3333333333333333,0.0,0.0,0.0,0,0,0.0,0.0,0,0,0.0,0.0,0,0,0.0,10103.36,3,0,0.0,0
LGS2ORD0040208,C012549,2025-11-15 10:00:00,Female,50,Platinum,Lazada,Chiang Mai,1376,Shopee,PromptPay,10,11,5,1,40-50,45.86666666666667,7.0,1.0,0.14285714285714285,306,176,4489.055714285714,0.35,0.5714285714285714,0.7142857142857143,0.0,0.0,0,0,0.0,0.0,0,0,0.0,0.0,0,0,0.0,31423.39,7,1,0.14285714285714285,0
LGS2ORD0040209,C015298,2025-11-15 10:00:00,Female,42,Silver,Web,Bangkok,726,Shopee,COD,10,11,5,1,40-50,24.2,8.0,3.0,0.375,57,47,5764.67125,0.3,0.375,0.25,0.0,0.0,0,0,0.0,0.0,0,0,0.0,13466.66,3,2,0.6666666666666666,46117.37,8,3,0.375,0
LGS2ORD0040210,C014055,2025-11-15 10:00:00,Female,29,Bronze,Web,Bangkok,1304,Web,COD,10,11,5,1,20-30,43.46666666666667,6.0,0.0,0.0,-1,5,4531.474999999999,0.18,0.3333333333333333,0.0,0.0,8742.74,1,0,0.0,8742.74,1,0,0.0,14289.68,3,0,0.0,27188.85,6,0,0.0,1
LGS2ORD0040211,C012332,2025-11-15 10:00:00,Female,59,Bronze,Web,Chiang Mai,1140,CallCenter,COD,10,11,5,1,>50,38.0,7.0,2.0,0.2857142857142857,51,60,4125.618571428571,0.28,0.2857142857142857,0.42857142857142855,0.0,0.0,0,0,0.0,0.0,0,0,0.0,10295.91,3,1,0.3333333333333333,28879.329999999998,7,2,0.2857142857142857,0
LGS2ORD0040212,C015166,2025-11-15 11:00:00,Male,33,Silver,Shopee,Nakhon Ratchasima,1745,Web,COD,11,11,5,1,30-40,58.166666666666664,4.0,0.0,0.0,-1,9,7535.0675,0.2,0.5,0.0,0.0,0.0,0,0,0.0,11979.83,2,0,0.0,11979.83,2,0,0.0,30140.27,4,0,0.0,0
LGS2ORD0040213,C011549,2025-11-15 11:00:00,Other,51,Gold,TV,Nakhon Ratchasima,1131,Web,Credit_Card,11,11,5,1,>50,37.7,5.0,2.0,0.4,65,63,1796.7620000000002,0.2299999999999999,0.6,0.2,0.0,0.0,0,0,0.0,0.0,0,0,0.0,6077.44,3,2,0.6666666666666666,8983.810000000001,5,2,0.4,0
LGS2ORD0040214,C013085,2025-11-15 11:00:00,Male,66,Bronze,TV,Nakhon Ratchasima,1716,CallCenter,COD,11,11,5,1,>50,57.2,5.0,3.0,0.6,19,32,7498.476,0.28,0.8,0.4,0.0,0.0,0,0,0.0,0.0,0,0,0.0,1468.0,1,1,1.0,37492.38,5,3,0.6,1
LGS2ORD0040215,C017435,2025-11-15 11:00:00,Female,51,Bronze,Web,Nakhon Ratchasima,1775,Lazada,PromptPay,11,11,5,1,>50,59.166666666666664,4.0,1.0,0.25,83,25,3718.0950000000003,0.23,0.5,0.25,0.0,0.0,0,0,0.0,5887.89,1,0,0.0,10990.39,2,0,0.0,14872.380000000001,4,1,0.25,0
LGS2ORD0040216,C012238,2025-11-15 11:00:00,Female,36,Silver,Shopee,Nakhon Ratchasima,927,TV_Show,Credit_Card,11,11,5,1,30-40,30.9,7.0,1.0,0.14285714285714285,61,69,5051.344285714286,0.3,1.0,0.2857142857142857,0.0,0.0,0,0,0.0,0.0,0,0,0.0,2782.33,2,1,0.5,35359.41,7,1,0.14285714285714285,0
LGS2ORD0040217,C011045,2025-11-15 12:00:00,Male,45,Bronze,TV,Chiang Mai,993,TV_Show,COD,12,11,5,1,40-50,33.1,4.0,1.0,0.25,96,5,2687.915,0.18,0.5,0.0,0.0,577.79,1,0,0.0,577.79,1,0,0.0,577.79,1,0,0.0,10751.66,4,1,0.25,1
LGS2ORD0040218,C016593,2025-11-15 12:00:00,Female,50,Silver,Web,Bangkok,811,Lazada,COD,12,11,5,1,40-50,27.033333333333335,5.0,3.0,0.6,104,117,15596.612,0.25,0.6,0.2,0.0,0.0,0,0,0.0,0.0,0,0,0.0,0.0,0,0,0.0,77983.06,5,3,0.6,1
LGS2ORD0040219,C013802,2025-11-15 12:00:00,Female,49,Gold,TV,Khon Kaen,1495,Lazada,COD,12,11,5,1,40-50,49.833333333333336,3.0,1.0,0.3333333333333333,164,13,3542.6333333333337,0.28,0.3333333333333333,0.3333333333333333,0.0,0.0,0,0,0.0,1890.27,1,0,0.0,7904.290000000001,2,0,0.0,10627.900000000001,3,1,0.3333333333333333,0
LGS2ORD0040220,C012034,2025-11-15 12:00:00,Female,25,Bronze,TV,Bangkok,786,Shopee,COD,12,11,5,1,20-30,26.2,5.0,2.0,0.4,227,236,10186.69,0.23,0.2,0.2,0.0,0.0,0,0,0.0,0.0,0,0,0.0,0.0,0,0,0.0,50933.450000000004,5,2,0.4,0
LGS2ORD0040221,C016760,2025-11-15 12:00:00,Male,36,Bronze,TV,Phuket,1407,CallCenter,Credit_Card,12,11,5,1,30-40,46.9,8.0,3.0,0.375,28,41,7694.25,0.28,0.75,0.25,0.0,0.0,0,0,0.0,0.0,0,0,0.0,6554.83,2,2,1.0,61554.0,8,3,0.375,1
LGS2ORD0040222,C015656,2025-11-15 13:00:00,Male,36,Bronze,TV,Chiang Mai,602,CallCenter,Credit_Card,13,11,5,1,30-40,20.066666666666666,3.0,0.0,0.0,-1,42,2336.2599999999998,0.23,1.0,0.3333333333333333,0.0,0.0,0,0,0.0,0.0,0,0,0.0,1517.03,1,0,0.0,7008.78,3,0,0.0,0
LGS2ORD0040223,C013788,2025-11-15 13:00:00,Female,45,Bronze,TV,Songkhla,811,TV_Show,Credit_Card,13,11,5,1,40-50,27.033333333333335,3.0,1.0,0.3333333333333333,66,73,844.0366666666667,0.28,0.3333333333333333,0.3333333333333333,0.0,0.0,0,0,0.0,0.0,0,0,0.0,1366.38,1,1,1.0,2532.11,3,1,0.3333333333333333,0
LGS2ORD0040224,C011189,2025-11-15 13:00:00,Male,34,Bronze,TV,Khon Kaen,1760,Shopee,COD,13,11,5,1,30-40,58.666666666666664,7.0,1.0,0.14285714285714285,36,45,3933.472857142857,0.23,0.7142857142857143,0.14285714285714285,0.0,0.0,0,0,0.0,0.0,0,0,0.0,3685.25,2,1,0.5,27534.309999999998,7,1,0.14285714285714285,0
LGS2ORD0040225,C014363,2025-11-15 13:00:00,Male,49,Gold,Web,Phuket,1242,Shopee,Credit_Card,13,11,5,1,40-50,41.4,7.0,2.0,0.2857142857142857,1,1,3369.575714285714,0.2299999999999999,0.7142857142857143,0.2857142857142857,0.0,7974.89,1,0,0.0,9772.02,2,1,0.5,17455.16,4,1,0.25,23587.03,7,2,0.2857142857142857,0
LGS2ORD0040226,C017305,2025-11-15 13:00:00,Male,38,Gold,Web,Khon Kaen,436,TV_Show,Credit_Card,13,11,5,1,30-40,14.533333333333333,3.0,2.0,0.6666666666666666,48,56,5192.13,0.33,0.6666666666666666,1.0,0.0,0.0,0,0,0.0,0.0,0,0,0.0,4773.94,1,1,1.0,15576.39,3,2,0.6666666666666666,0
LGS2ORD0040227,C010949,2025-11-15 14:00:00,Female,34,Silver,Shopee,Bangkok,684,Lazada,COD,14,11,5,1,30-40,22.8,6.0,2.0,0.3333333333333333,91,80,3066.215,0.3,0.6666666666666666,0.16666666666666666,0.0,0.0,0,0,0.0,0.0,0,0,0.0,6691.09,1,0,0.0,18397.29,6,2,0.3333333333333333,0
LGS2ORD0040228,C016823,2025-11-15 14:00:00,Other,45,Bronze,TV,Phuket,632,TV_Show,COD,14,11,5,1,40-50,21.066666666666666,7.0,4.0,0.5714285714285714,40,46,4504.138571428572,0.23,0.8571428571428571,0.2857142857142857,0.0,0.0,0,0,0.0,0.0,0,0,0.0,5991.25,1,1,1.0,31528.97,7,4,0.5714285714285714,0
LGS2ORD0040229,C014243,2025-11-15 14:00:00,Male,51,Gold,TV,Bangkok,478,CallCenter,COD,14,11,5,1,>50,15.933333333333334,1.0,0.0,0.0,-1,262,4319.46,0.08,1.0,0.0,0.0,0.0,0,0,0.0,0.0,0,0,0.0,0.0,0,0,0.0,4319.46,1,0,0.0,1
LGS2ORD0040230,C012076,2025-11-15 14:00:00,Male,68,Gold,Shopee,Chiang Mai,1662,Shopee,COD,14,11,5,1,>50,55.4,3.0,2.0,0.6666666666666666,245,144,8107.16,0.33,0.6666666666666666,1.0,0.0,0.0,0,0,0.0,0.0,0,0,0.0,0.0,0,0,0.0,24321.48,3,2,0.6666666666666666,0
LGS2ORD0040231,C010122,2025-11-15 14:00:00,Female,45,Bronze,TV,Bangkok,496,TV_Show,COD,14,11,5,1,40-50,16.533333333333335,6.0,2.0,0.3333333333333333,146,101,5619.616666666666,0.18,0.8333333333333334,0.0,0.0,0.0,0,0,0.0,0.0,0,0,0.0,0.0,0,0,0.0,33717.7,6,2,0.3333333333333333,0
LGS2ORD0040232,C012780,2025-11-15 14:00:00,Male,30,Bronze,TV,Nakhon Ratchasima,1496,TV_Show,Credit_Card,14,11,5,1,20-30,49.86666666666667,4.0,1.0,0.25,51,62,6165.405,0.28,1.0,0.25,0.0,0.0,0,0,0.0,0.0,0,0,0.0,8525.64,1,1,1.0,24661.62,4,1,0.25,0
LGS2ORD0040233,C010131,2025-11-15 15:00:00,Male,41,Platinum,Web,Chiang Mai,1728,TV_Show,Credit_Card,15,11,5,1,40-50,57.6,4.0,0.0,0.0,-1,26,3521.2375,0.35,0.25,0.5,0.0,0.0,0,0,0.0,380.02,1,0,0.0,380.02,1,0,0.0,14084.95,4,0,0.0,0
LGS2ORD0040234,C016893,2025-11-15 15:00:00,Other,37,Gold,Shopee,Bangkok,392,Web,Credit_Card,15,11,5,1,30-40,13.066666666666666,4.0,1.0,0.25,142,102,3936.745,0.33,0.5,0.25,0.0,0.0,0,0,0.0,0.0,0,0,0.0,0.0,0,0,0.0,15746.98,4,1,0.25,0
LGS2ORD0040235,C011821,2025-11-15 15:00:00,Female,38,Gold,TV,Chiang Mai,1108,TV_Show,COD,15,11,5,1,30-40,36.93333333333333,3.0,0.0,0.0,-1,32,1031.7033333333331,0.2299999999999999,0.6666666666666666,0.3333333333333333,0.0,0.0,0,0,0.0,0.0,0,0,0.0,784.76,1,0,0.0,3095.1099999999997,3,0,0.0,1
LGS2ORD0040236,C014199,2025-11-15 15:00:00,Other,58,Silver,TV,Khon Kaen,406,TV_Show,COD,15,11,5,1,>50,13.533333333333333,5.0,0.0,0.0,-1,8,3265.486,0.2,0.2,0.0,0.0,0.0,0,0,0.0,3004.65,1,0,0.0,7012.09,2,0,0.0,16327.43,5,0,0.0,0
LGS2ORD0040237,C015571,2025-11-15 15:00:00,Female,49,Bronze,TV,Nakhon Ratchasima,331,Shopee,PromptPay,15,11,5,1,40-50,11.033333333333333,6.0,2.0,0.3333333333333333,-4,5,5472.306666666667,0.18,0.8333333333333334,0.0,0.0,7559.25,1,1,1.0,7559.25,1,1,1.0,7559.25,1,1,1.0,32833.840000000004,6,2,0.3333333333333333,0
LGS2ORD0040238,C015588,2025-11-15 16:00:00,Male,51,Bronze,TV,Songkhla,399,Web,COD,16,11,5,1,>50,13.3,8.0,2.0,0.25,195,58,4631.77125,0.28,0.875,0.25,0.0,0.0,0,0,0.0,0.0,0,0,0.0,4271.9,2,0,0.0,37054.17,8,2,0.25,0
LGS2ORD0040239,C011669,2025-11-15 16:00:00,Male,35,Bronze,Lazada,Remote_Area,580,Shopee,Credit_Card,16,11,5,1,30-40,19.333333333333332,6.0,0.0,0.0,-1,25,8499.84,0.13,0.5,0.0,0.0,0.0,0,0,0.0,1189.37,1,0,0.0,1189.37,1,0,0.0,50999.04,6,0,0.0,0
LGS2ORD0040240,C010888,2025-11-15 16:00:00,Other,36,Bronze,TV,Bangkok,1361,Web,COD,16,11,5,1,30-40,45.36666666666667,8.0,4.0,0.5,105,4,4444.83,0.23,0.625,0.125,0.0,10231.75,1,0,0.0,10231.75,1,0,0.0,11648.44,2,0,0.0,35558.64,8,4,0.5,0
LGS2ORD0040241,C011379,2025-11-15 16:00:00,Female,33,Bronze,CallCenter,Nakhon Ratchasima,1397,Shopee,COD,16,11,5,1,30-40,46.56666666666667,11.0,3.0,0.2727272727272727,124,19,4503.331818181819,0.23,0.45454545454545453,0.36363636363636365,0.09090909090909091,0.0,0,0,0.0,3434.37,1,0,0.0,11399.279999999999,2,0,0.0,49536.65,11,3,0.2727272727272727,1
LGS2ORD0040242,C015447,2025-11-15 16:00:00,Female,53,Bronze,Web,Nakhon Ratchasima,1761,Shopee,COD,16,11,5,1,>50,58.7,5.0,1.0,0.2,121,98,9713.542,0.23,0.6,0.2,0.0,0.0,0,0,0.0,0.0,0,0,0.0,0.0,0,0,0.0,48567.71,5,1,0.2,1
LGS2ORD0040243,C016763,2025-11-15 17:00:00,Male,54,Silver,Web,Bangkok,1077,TV_Show,Credit_Card,17,11,5,1,>50,35.9,2.0,1.0,0.5,279,34,1925.395,0.2,0.0,0.0,0.0,0.0,0,0,0.0,0.0,0,0,0.0,2200.6,1,0,0.0,3850.79,2,1,0.5,0
LGS2ORD0040244,C010190,2025-11-15 17:00:00,Female,40,Platinum,Shopee,Chonburi,1638,Shopee,Bank_Transfer,17,11,5,1,30-40,54.6,4.0,2.0,0.5,257,110,3465.1425,0.35,0.5,0.25,0.0,0.0,0,0,0.0,0.0,0,0,0.0,0.0,0,0,0.0,13860.57,4,2,0.5,0
LGS2ORD0040245,C010960,2025-11-15 17:00:00,Female,51,Bronze,TV,Chonburi,629,Web,Credit_Card,17,11,5,1,>50,20.966666666666665,7.0,0.0,0.0,-1,7,2921.85,0.18,0.5714285714285714,0.0,0.0,0.0,0,0,0.0,4635.28,2,0,0.0,13786.210000000001,4,0,0.0,20452.95,7,0,0.0,0
LGS2ORD0040246,C011216,2025-11-15 17:00:00,Male,62,Silver,Web,Khon Kaen,917,Shopee,COD,17,11,5,1,>50,30.566666666666666,3.0,0.0,0.0,-1,78,7310.009999999999,0.25,0.6666666666666666,0.3333333333333333,0.0,0.0,0,0,0.0,0.0,0,0,0.0,5300.74,1,0,0.0,21930.03,3,0,0.0,0
LGS2ORD0040247,C017172,2025-11-15 17:00:00,Male,62,Gold,TV,Bangkok,1364,Shopee,Bank_Transfer,17,11,5,1,>50,45.46666666666667,3.0,1.0,0.3333333333333333,127,118,3478.4900000000002,0.28,0.3333333333333333,0.3333333333333333,0.0,0.0,0,0,0.0,0.0,0,0,0.0,0.0,0,0,0.0,10435.470000000001,3,1,0.3333333333333333,0
LGS2ORD0040248,C013603,2025-11-15 17:00:00,Female,50,Silver,TV,Chonburi,541,TV_Show,PromptPay,17,11,5,1,40-50,18.033333333333335,3.0,0.0,0.0,-1,199,8073.850000000001,0.2,0.3333333333333333,0.0,0.0,0.0,0,0,0.0,0.0,0,0,0.0,0.0,0,0,0.0,24221.550000000003,3,0,0.0,0
LGS2ORD0040249,C014233,2025-11-15 18:00:00,Female,41,Gold,TV,Bangkok,1326,Web,Credit_Card,18,11,5,1,40-50,44.2,5.0,2.0,0.4,66,15,4164.656,0.2299999999999999,0.6,0.4,0.0,0.0,0,0,0.0,4276.96,1,0,0.0,7571.62,2,1,0.5,20823.28,5,2,0.4,0
LGS2ORD0040250,C010809,2025-11-15 18:00:00,Male,38,Platinum,Web,Bangkok,1724,Shopee,COD,18,11,5,1,30-40,57.46666666666667,5.0,0.0,0.0,-1,141,6139.406,0.3,0.2,0.8,0.0,0.0,0,0,0.0,0.0,0,0,0.0,0.0,0,0,0.0,30697.03,5,0,0.0,1
LGS2ORD0040251,C015304,2025-11-15 18:00:00,Male,48,Bronze,Shopee,Chiang Mai,1407,Shopee,COD,18,11,5,1,40-50,46.9,1.0,1.0,1.0,303,317,1156.98,0.18,1.0,0.0,0.0,0.0,0,0,0.0,0.0,0,0,0.0,0.0,0,0,0.0,1156.98,1,1,1.0,0
LGS2ORD0040252,C012413,2025-11-15 18:00:00,Female,55,Bronze,TV,Chiang Mai,800,Web,PromptPay,18,11,5,1,>50,26.666666666666668,4.0,1.0,0.25,296,41,4753.725,0.18,0.5,0.0,0.0,0.0,0,0,0.0,0.0,0,0,0.0,10572.85,2,0,0.0,19014.9,4,1,0.25,0
LGS2ORD0040253,C015611,2025-11-15 18:00:00,Female,40,Gold,TV,Bangkok,570,Web,Bank_Transfer,18,11,5,1,30-40,19.0,4.0,1.0,0.25,98,60,1507.0500000000002,0.2299999999999999,0.5,0.75,0.0,0.0,0,0,0.0,0.0,0,0,0.0,1501.77,1,0,0.0,6028.200000000001,4,1,0.25,0
LGS2ORD0040254,C017231,2025-11-15 19:00:00,Female,44,Gold,Shopee,Bangkok,1654,Lazada,Credit_Card,19,11,5,1,40-50,55.13333333333333,6.0,0.0,0.0,-1,46,7457.176666666667,0.33,0.3333333333333333,0.3333333333333333,0.0,0.0,0,0,0.0,0.0,0,0,0.0,39479.799999999996,4,0,0.0,44743.060000000005,6,0,0.0,0
LGS2ORD0040255,C014893,2025-11-15 19:00:00,Female,29,Bronze,Shopee,Phuket,860,Lazada,PromptPay,19,11,5,1,20-30,28.666666666666668,8.0,0.0,0.0,-1,62,5145.44875,0.28,0.25,0.375,0.0,0.0,0,0,0.0,0.0,0,0,0.0,828.02,1,0,0.0,41163.59,8,0,0.0,0
LGS2ORD0040256,C014046,2025-11-15 19:00:00,Female,39,Gold,TV,Khon Kaen,1249,Lazada,Credit_Card,19,11,5,1,30-40,41.63333333333333,5.0,1.0,0.2,41,51,6894.478000000001,0.33,0.4,0.8,0.0,0.0,0,0,0.0,0.0,0,0,0.0,1608.71,1,1,1.0,34472.39000000001,5,1,0.2,0
LGS2ORD0040257,C015068,2025-11-15 19:00:00,Male,48,Bronze,TV,Chiang Mai,1306,TV_Show,COD,19,11,5,1,40-50,43.53333333333333,5.0,1.0,0.2,309,85,4084.4900000000002,0.23,0.8,0.2,0.0,0.0,0,0,0.0,0.0,0,0,0.0,1662.95,1,0,0.0,20422.45,5,1,0.2,0
LGS2ORD0040258,C017460,2025-11-15 19:00:00,Female,37,Silver,TV,Chiang Mai,1096,Web,PromptPay,19,11,5,1,30-40,36.53333333333333,5.0,1.0,0.2,259,27,5775.652,0.2,1.0,0.0,0.0,0.0,0,0,0.0,1590.03,1,0,0.0,3270.3,2,0,0.0,28878.26,5,1,0.2,0
LGS2ORD0040259,C016529,2025-11-15 20:00:00,Male,27,Bronze,TV,Songkhla,784,Web,COD,20,11,5,1,20-30,26.133333333333333,6.0,1.0,0.16666666666666666,308,44,6242.258333333334,0.28,0.3333333333333333,0.3333333333333333,0.0,0.0,0,0,0.0,0.0,0,0,0.0,971.57,1,0,0.0,37453.55,6,1,0.16666666666666666,0
LGS2ORD0040260,C012731,2025-11-15 20:00:00,Male,45,Bronze,Web,Remote_Area,1526,Web,COD,20,11,5,1,40-50,50.86666666666667,9.0,3.0,0.3333333333333333,37,45,4034.2999999999997,0.23,0.5555555555555556,0.2222222222222222,0.0,0.0,0,0,0.0,0.0,0,0,0.0,4818.36,1,1,1.0,36308.7,9,3,0.3333333333333333,0
LGS2ORD0040261,C010894,2025-11-15 20:00:00,Male,29,Bronze,TV,Bangkok,463,Web,Credit_Card,20,11,5,1,20-30,15.433333333333334,3.0,1.0,0.3333333333333333,236,248,3314.8466666666664,0.18,0.0,0.0,0.0,0.0,0,0,0.0,0.0,0,0,0.0,0.0,0,0,0.0,9944.539999999999,3,1,0.3333333333333333,0
LGS2ORD0040262,C010449,2025-11-15 20:00:00,Female,41,Gold,Web,Bangkok,806,TV_Show,COD,20,11,5,1,40-50,26.866666666666667,9.0,2.0,0.2222222222222222,106,16,2968.471111111111,0.33,0.5555555555555556,0.3333333333333333,0.0,0.0,0,0,0.0,3288.6,1,0,0.0,12800.78,3,0,0.0,26716.239999999998,9,2,0.2222222222222222,0
LGS2ORD0040263,C014069,2025-11-15 20:00:00,Female,55,Silver,Web,Bangkok,1773,Shopee,COD,20,11,5,1,>50,59.1,4.0,1.0,0.25,56,63,2382.7650000000003,0.25,0.75,0.25,0.0,0.0,0,0,0.0,0.0,0,0,0.0,2438.05,1,1,1.0,9531.060000000001,4,1,0.25,1
LGS2ORD0040264,C015993,2025-11-15 21:00:00,Female,39,Silver,TV,Phuket,867,Lazada,COD,21,11,5,1,30-40,28.9,7.0,3.0,0.42857142857142855,0,9,7170.13,0.3,0.42857142857142855,0.2857142857142857,0.0,0.0,0,0,0.0,2759.61,1,1,1.0,2759.61,1,1,1.0,50190.91,7,3,0.42857142857142855,1
LGS2ORD0040265,C014182,2025-11-15 21:00:00,Female,60,Bronze,Lazada,Khon Kaen,654,Web,PromptPay,21,11,5,1,>50,21.8,4.0,1.0,0.25,42,3,14217.035,0.08,0.75,0.0,0.0,5570.12,1,0,0.0,5570.12,1,0,0.0,56868.14,4,1,0.25,56868.14,4,1,0.25,1
LGS2ORD0040266,C015034,2025-11-15 21:00:00,Female,31,Bronze,Shopee,Bangkok,1662,Lazada,PromptPay,21,11,5,1,30-40,55.4,4.0,0.0,0.0,-1,116,3386.0175,0.23,0.25,0.25,0.0,0.0,0,0,0.0,0.0,0,0,0.0,0.0,0,0,0.0,13544.07,4,0,0.0,0
LGS2ORD0040267,C013653,2025-11-15 21:00:00,Female,56,Bronze,CallCenter,Remote_Area,1755,CallCenter,Bank_Transfer,21,11,5,1,>50,58.5,6.0,2.0,0.3333333333333333,56,61,2882.6183333333333,0.08,0.8333333333333334,0.0,0.0,0.0,0,0,0.0,0.0,0,0,0.0,3850.5,3,1,0.3333333333333333,17295.71,6,2,0.3333333333333333,0
LGS2ORD0040268,C017995,2025-11-15 21:00:00,Female,37,Silver,Web,Songkhla,608,TV_Show,COD,21,11,5,1,30-40,20.266666666666666,4.0,3.0,0.75,57,64,5413.914999999999,0.3,0.75,0.5,0.0,0.0,0,0,0.0,0.0,0,0,0.0,15955.609999999999,2,2,1.0,21655.659999999996,4,3,0.75,1
LGS2ORD0040269,C016664,2025-11-15 21:00:00,Female,45,Gold,TV,Songkhla,864,TV_Show,COD,21,11,5,1,40-50,28.8,2.0,0.0,0.0,-1,159,1127.625,0.2299999999999999,0.5,0.5,0.0,0.0,0,0,0.0,0.0,0,0,0.0,0.0,0,0,0.0,2255.25,2,0,0.0,1
LGS2ORD0040270,C013271,2025-11-15 22:00:00,Male,18,Bronze,TV,Khon Kaen,1068,Web,Credit_Card,22,11,5,1,<20,35.6,5.0,1.0,0.2,5,2,8900.841999999999,0.18,0.4,0.0,0.0,11700.55,1,0,0.0,20154.19,2,1,0.5,20154.19,2,1,0.5,44504.20999999999,5,1,0.2,1
LGS2ORD0040271,C013455,2025-11-15 22:00:00,Female,29,Bronze,Web,Bangkok,1326,Shopee,COD,22,11,5,1,20-30,44.2,7.0,1.0,0.14285714285714285,114,25,9180.792857142858,0.13,0.8571428571428571,0.0,0.0,0.0,0,0,0.0,2822.3900000000003,2,0,0.0,16638.1,4,0,0.0,64265.55,7,1,0.14285714285714285,0
LGS2ORD0040272,C013125,2025-11-15 22:00:00,Male,37,Platinum,Shopee,Chonburi,953,Shopee,PromptPay,22,11,5,1,30-40,31.766666666666666,4.0,1.0,0.25,118,32,5079.602500000001,0.25,0.25,0.25,0.0,0.0,0,0,0.0,0.0,0,0,0.0,3002.63,1,0,0.0,20318.410000000003,4,1,0.25,0
LGS2ORD0040273,C016760,2025-11-15 22:00:00,Male,36,Bronze,TV,Phuket,1407,TV_Show,COD,22,11,5,1,30-40,46.9,9.0,4.0,0.4444444444444444,-6,0,7943.405555555555,0.28,0.6666666666666666,0.2222222222222222,0.0,9936.65,1,1,1.0,9936.65,1,1,1.0,16491.48,3,3,1.0,71490.65,9,4,0.4444444444444444,0
LGS2ORD0040274,C016457,2025-11-15 22:00:00,Female,18,Bronze,CallCenter,Bangkok,1259,Web,COD,22,11,5,1,<20,41.96666666666667,2.0,0.0,0.0,-1,279,4611.110000000001,0.23,0.5,0.5,0.0,0.0,0,0,0.0,0.0,0,0,0.0,0.0,0,0,0.0,9222.220000000001,2,0,0.0,1
LGS2ORD0040275,C015107,2025-11-15 23:00:00,Female,49,Bronze,Web,Khon Kaen,1053,Lazada,Bank_Transfer,23,11,5,1,40-50,35.1,2.0,1.0,0.5,227,36,3323.81,0.18,0.5,0.0,0.0,0.0,0,0,0.0,0.0,0,0,0.0,2988.75,1,0,0.0,6647.62,2,1,0.5,0
LGS2ORD0040276,C016923,2025-11-15 23:00:00,Male,18,Gold,Shopee,Bangkok,1189,Web,PromptPay,23,11,5,1,<20,39.63333333333333,1.0,1.0,1.0,283,299,646.38,0.13,1.0,0.0,0.0,0.0,0,0,0.0,0.0,0,0,0.0,0.0,0,0,0.0,646.38,1,1,1.0,0
LGS2ORD0040277,C010750,2025-11-15 23:00:00,Male,35,Silver,Lazada,Remote_Area,390,TV_Show,COD,23,11,5,1,30-40,13.0,7.0,1.0,0.14285714285714285,182,48,2861.621428571429,0.25,0.42857142857142855,0.2857142857142857,0.0,0.0,0,0,0.0,0.0,0,0,0.0,1443.41,1,0,0.0,20031.350000000002,7,1,0.14285714285714285,1
LGS2ORD0040278,C011731,2025-11-15 23:00:00,Male,41,Bronze,Lazada,Bangkok,598,CallCenter,COD,23,11,5,1,40-50,19.933333333333334,5.0,0.0,0.0,-1,54,8814.35,0.13,0.4,0.0,0.0,0.0,0,0,0.0,0.0,0,0,0.0,5388.28,1,0,0.0,44071.75,5,0,0.0,1
LGS2ORD0040279,C015605,2025-11-15 23:00:00,Male,19,Silver,TV,Remote_Area,1683,Shopee,COD,23,11,5,1,<20,56.1,1.0,1.0,1.0,263,274,6143.6,0.25,1.0,1.0,0.0,0.0,0,0,0.0,0.0,0,0,0.0,0.0,0,0,0.0,6143.6,1,1,1.0,1
LGS2ORD0040280,C012036,2025-11-16 00:00:00,Male,40,Bronze,Lazada,Nakhon Ratchasima,1227,TV_Show,COD,0,11,6,1,30-40,40.9,5.0,0.0,0.0,-1,33,4845.138000000001,0.18,0.2,0.0,0.0,0.0,0,0,0.0,0.0,0,0,0.0,12291.11,2,0,0.0,24225.690000000002,5,0,0.0,0
LGS2ORD0040281,C010658,2025-11-16 00:00:00,Male,67,Gold,CallCenter,Bangkok,1072,Lazada,Bank_Transfer,0,11,6,1,>50,35.733333333333334,6.0,1.0,0.16666666666666666,65,72,3552.3283333333334,0.33,0.8333333333333334,0.6666666666666666,0.0,0.0,0,0,0.0,0.0,0,0,0.0,8174.54,1,1,1.0,21313.97,6,1,0.16666666666666666,0
LGS2ORD0040282,C017849,2025-11-16 00:00:00,Female,40,Bronze,Lazada,Chonburi,1616,Web,Bank_Transfer,0,11,6,1,30-40,53.86666666666667,6.0,1.0,0.16666666666666666,47,40,8225.123333333333,0.23,0.3333333333333333,0.3333333333333333,0.0,0.0,0,0,0.0,0.0,0,0,0.0,22479.699999999997,2,1,0.5,49350.74,6,1,0.16666666666666666,0
LGS2ORD0040283,C017869,2025-11-16 00:00:00,Male,43,Silver,TV,Songkhla,402,Lazada,Credit_Card,0,11,6,1,40-50,13.4,9.0,2.0,0.2222222222222222,21,11,4499.332222222223,0.3,0.4444444444444444,0.2222222222222222,0.0,0.0,0,0,0.0,7661.66,1,0,0.0,11879.67,2,1,0.5,40493.990000000005,9,2,0.2222222222222222,0
LGS2ORD0040284,C012641,2025-11-16 00:00:00,Male,43,Platinum,Web,Phuket,838,CallCenter,PromptPay,0,11,6,1,40-50,27.933333333333334,2.0,2.0,1.0,63,79,3667.6499999999996,0.1,1.0,0.0,0.0,0.0,0,0,0.0,0.0,0,0,0.0,3406.16,1,1,1.0,7335.299999999999,2,2,1.0,0
LGS2ORD0040285,C017237,2025-11-16 01:00:00,Female,59,Silver,Lazada,Bangkok,1253,Shopee,COD,1,11,6,1,>50,41.766666666666666,7.0,1.0,0.14285714285714285,247,64,4851.570000000001,0.25,0.5714285714285714,0.2857142857142857,0.0,0.0,0,0,0.0,0.0,0,0,0.0,1529.0,1,0,0.0,33960.990000000005,7,1,0.14285714285714285,1
LGS2ORD0040286,C013820,2025-11-16 01:00:00,Male,26,Silver,Lazada,Bangkok,1449,Lazada,Credit_Card,1,11,6,1,20-30,48.3,2.0,0.0,0.0,-1,110,6919.8,0.25,0.5,0.5,0.0,0.0,0,0,0.0,0.0,0,0,0.0,0.0,0,0,0.0,13839.6,2,0,0.0,0
LGS2ORD0040287,C011589,2025-11-16 01:00:00,Male,43,Silver,TV,Chiang Mai,1503,CallCenter,COD,1,11,6,1,40-50,50.1,6.0,1.0,0.16666666666666666,240,32,3542.681666666667,0.25,0.16666666666666666,0.16666666666666666,0.0,0.0,0,0,0.0,0.0,0,0,0.0,3898.29,1,0,0.0,21256.09,6,1,0.16666666666666666,1
LGS2ORD0040288,C015326,2025-11-16 01:00:00,Male,22,Bronze,Lazada,Chonburi,342,Lazada,Credit_Card,1,11,6,1,20-30,11.4,6.0,1.0,0.16666666666666666,135,71,4342.703333333334,0.28,0.5,0.16666666666666666,0.0,0.0,0,0,0.0,0.0,0,0,0.0,5451.78,1,0,0.0,26056.22,6,1,0.16666666666666666,1
LGS2ORD0040289,C015309,2025-11-16 01:00:00,Male,54,Silver,Lazada,Bangkok,441,TV_Show,COD,1,11,6,1,>50,14.7,4.0,0.0,0.0,-1,3,7786.474999999999,0.2,0.0,0.0,0.0,538.19,1,0,0.0,11221.470000000001,2,0,0.0,11221.470000000001,2,0,0.0,31145.899999999998,4,0,0.0,1
LGS2ORD0040290,C016699,2025-11-16 01:00:00,Female,41,Silver,Web,Khon Kaen,1670,Shopee,COD,1,11,6,1,40-50,55.666666666666664,6.0,1.0,0.16666666666666666,139,12,4610.343333333333,0.25,0.5,0.3333333333333333,0.0,0.0,0,0,0.0,3357.52,1,0,0.0,3357.52,1,0,0.0,27662.059999999998,6,1,0.16666666666666666,0
LGS2ORD0040291,C016652,2025-11-16 02:00:00,Female,68,Bronze,TV,Phuket,1372,CallCenter,COD,2,11,6,1,>50,45.733333333333334,1.0,0.0,0.0,-1,151,1155.82,0.08,1.0,0.0,0.0,0.0,0,0,0.0,0.0,0,0,0.0,0.0,0,0,0.0,1155.82,1,0,0.0,0
LGS2ORD0040292,C010677,2025-11-16 02:00:00,Male,49,Silver,Lazada,Bangkok,531,Web,PromptPay,2,11,6,1,40-50,17.7,3.0,0.0,0.0,-1,99,6795.076666666667,0.25,0.0,0.3333333333333333,0.0,0.0,0,0,0.0,0.0,0,0,0.0,0.0,0,0,0.0,20385.23,3,0,0.0,0
LGS2ORD0040293,C013906,2025-11-16 02:00:00,Female,37,Bronze,Shopee,Bangkok,939,TV_Show,Bank_Transfer,2,11,6,1,30-40,31.3,9.0,3.0,0.3333333333333333,69,36,6622.554444444444,0.23,0.5555555555555556,0.3333333333333333,0.0,0.0,0,0,0.0,0.0,0,0,0.0,34145.92,3,1,0.3333333333333333,59602.99,9,3,0.3333333333333333,0
LGS2ORD0040294,C015011,2025-11-16 02:00:00,Female,34,Gold,Shopee,Khon Kaen,634,Shopee,COD,2,11,6,1,30-40,21.133333333333333,7.0,0.0,0.0,-1,37,2627.2057142857143,0.28,0.7142857142857143,0.2857142857142857,0.0,0.0,0,0,0.0,0.0,0,0,0.0,5480.36,2,0,0.0,18390.44,7,0,0.0,0
LGS2ORD0040295,C013697,2025-11-16 02:00:00,Male,66,Bronze,Lazada,Songkhla,1745,CallCenter,COD,2,11,6,1,>50,58.166666666666664,3.0,2.0,0.6666666666666666,52,63,6773.106666666667,0.23,0.6666666666666666,0.3333333333333333,0.0,0.0,0,0,0.0,0.0,0,0,0.0,5616.64,1,1,1.0,20319.32,3,2,0.6666666666666666,0
LGS2ORD0040296,C013404,2025-11-16 03:00:00,Female,42,Bronze,Web,Chonburi,1151,Lazada,Credit_Card,3,11,6,1,40-50,38.36666666666667,9.0,3.0,0.3333333333333333,53,27,6829.7733333333335,0.23,0.2222222222222222,0.1111111111111111,0.0,0.0,0,0,0.0,4161.97,1,0,0.0,8736.46,3,1,0.3333333333333333,61467.96,9,3,0.3333333333333333,0
LGS2ORD0040297,C012107,2025-11-16 03:00:00,Female,47,Silver,TV,Remote_Area,1015,Shopee,COD,3,11,6,1,40-50,33.833333333333336,6.0,4.0,0.6666666666666666,-8,2,8546.543333333333,0.2,0.5,0.0,0.0,14112.84,1,1,1.0,14112.84,1,1,1.0,14112.84,1,1,1.0,51279.259999999995,6,4,0.6666666666666666,1
LGS2ORD0040298,C015503,2025-11-16 03:00:00,Female,46,Bronze,Lazada,Remote_Area,985,TV_Show,COD,3,11,6,1,40-50,32.833333333333336,2.0,1.0,0.5,29,34,3985.475,0.18,1.0,0.0,0.0,0.0,0,0,0.0,0.0,0,0,0.0,996.11,1,1,1.0,7970.95,2,1,0.5,1
LGS2ORD0040299,C012358,2025-11-16 03:00:00,Male,63,Bronze,TV,Nakhon Ratchasima,1284,TV_Show,Credit_Card,3,11,6,1,>50,42.8,7.0,2.0,0.2857142857142857,70,45,6158.811428571427,0.28,0.8571428571428571,0.5714285714285714,0.0,0.0,0,0,0.0,0.0,0,0,0.0,6174.87,2,1,0.5,43111.67999999999,7,2,0.2857142857142857,0
LGS2ORD0040300,C011785,2025-11-16 03:00:00,Male,23,Silver,Shopee,Songkhla,1733,TV_Show,PromptPay,3,11,6,1,20-30,57.766666666666666,8.0,3.0,0.375,125,23,3832.2975,0.3,0.25,0.25,0.0,0.0,0,0,0.0,2680.42,1,0,0.0,8203.900000000001,3,0,0.0,30658.38,8,3,0.375,0
LGS2ORD0040301,C012010,2025-11-16 04:00:00,Male,45,Platinum,Lazada,Chonburi,1587,Lazada,Bank_Transfer,4,11,6,1,40-50,52.9,4.0,1.0,0.25,61,24,13946.250000000002,0.25,0.25,0.25,0.0,0.0,0,0,0.0,7776.62,1,0,0.0,52188.630000000005,3,1,0.3333333333333333,55785.00000000001,4,1,0.25,1
LGS2ORD0040302,C015704,2025-11-16 04:00:00,Female,18,Silver,Shopee,Remote_Area,827,Lazada,COD,4,11,6,1,<20,27.566666666666666,5.0,2.0,0.4,3,13,7725.0960000000005,0.3,0.6,0.6,0.0,0.0,0,0,0.0,4767.47,1,1,1.0,13756.880000000001,3,2,0.6666666666666666,38625.48,5,2,0.4,1
LGS2ORD0040303,C016210,2025-11-16 04:00:00,Female,37,Silver,TV,Chonburi,1116,Shopee,COD,4,11,6,1,30-40,37.2,6.0,1.0,0.16666666666666666,50,4,3522.03,0.25,1.0,0.3333333333333333,0.0,7760.93,1,0,0.0,7760.93,1,0,0.0,14013.130000000001,2,1,0.5,21132.18,6,1,0.16666666666666666,0
LGS2ORD0040304,C012466,2025-11-16 04:00:00,Female,28,Silver,Web,Chonburi,991,Web,Credit_Card,4,11,6,1,20-30,33.03333333333333,7.0,0.0,0.0,-1,12,8118.544285714285,0.25,0.42857142857142855,0.14285714285714285,0.0,0.0,0,0,0.0,569.81,1,0,0.0,2059.14,2,0,0.0,56829.81,7,0,0.0,0
LGS2ORD0040305,C015769,2025-11-16 04:00:00,Male,25,Bronze,TV,Chonburi,976,Shopee,COD,4,11,6,1,20-30,32.53333333333333,6.0,3.0,0.5,176,20,3480.26,0.23,0.6666666666666666,0.16666666666666666,0.0,0.0,0,0,0.0,4217.77,1,0,0.0,10253.900000000001,2,0,0.0,20881.56,6,3,0.5,0
LGS2ORD0040306,C016253,2025-11-16 05:00:00,Other,28,Bronze,Web,Phuket,1177,Lazada,Credit_Card,5,11,6,1,20-30,39.233333333333334,5.0,3.0,0.6,191,70,2293.616,0.18,0.6,0.0,0.0,0.0,0,0,0.0,0.0,0,0,0.0,4427.860000000001,2,0,0.0,11468.08,5,3,0.6,1
LGS2ORD0040307,C012753,2025-11-16 05:00:00,Female,38,Silver,TV,Songkhla,1323,CallCenter,Credit_Card,5,11,6,1,30-40,44.1,3.0,0.0,0.0,-1,106,3614.5733333333337,0.25,0.3333333333333333,0.3333333333333333,0.0,0.0,0,0,0.0,0.0,0,0,0.0,0.0,0,0,0.0,10843.720000000001,3,0,0.0,0
LGS2ORD0040308,C016229,2025-11-16 05:00:00,Female,37,Bronze,Web,Bangkok,525,TV_Show,PromptPay,5,11,6,1,30-40,17.5,4.0,2.0,0.5,174,13,7662.48,0.13,0.25,0.0,0.0,0.0,0,0,0.0,23072.67,1,0,0.0,23072.67,1,0,0.0,30649.92,4,2,0.5,0
LGS2ORD0040309,C011950,2025-11-16 05:00:00,Female,26,Silver,Web,Bangkok,1398,CallCenter,COD,5,11,6,1,20-30,46.6,2.0,0.0,0.0,-1,10,5838.725,0.15,0.0,0.0,0.0,0.0,0,0,0.0,6555.51,1,0,0.0,6555.51,1,0,0.0,11677.45,2,0,0.0,0
LGS2ORD0040310,C017269,2025-11-16 05:00:00,Female,51,Bronze,Web,Bangkok,1759,Shopee,COD,5,11,6,1,>50,58.63333333333333,14.0,4.0,0.2857142857142857,34,43,6747.524285714285,0.28,0.6428571428571429,0.14285714285714285,0.0,0.0,0,0,0.0,0.0,0,0,0.0,6581.360000000001,4,2,0.5,94465.33999999998,14,4,0.2857142857142857,0
LGS2ORD0040311,C010591,2025-11-16 05:00:00,Female,50,Bronze,Shopee,Chonburi,1495,TV_Show,COD,5,11,6,1,40-50,49.833333333333336,7.0,1.0,0.14285714285714285,140,52,6155.852857142859,0.28,0.2857142857142857,0.14285714285714285,0.0,0.0,0,0,0.0,0.0,0,0,0.0,5978.65,1,0,0.0,43090.97000000001,7,1,0.14285714285714285,0
LGS2ORD0040312,C012731,2025-11-16 06:00:00,Male,45,Bronze,Web,Remote_Area,1527,CallCenter,COD,6,11,6,1,40-50,50.9,10.0,3.0,0.3,37,0,4001.4729999999995,0.28,0.6,0.3,0.0,3706.03,1,0,0.0,3706.03,1,0,0.0,8524.39,2,1,0.5,40014.729999999996,10,3,0.3,1
LGS2ORD0040313,C017505,2025-11-16 06:00:00,Female,27,Bronze,Web,Khon Kaen,738,Shopee,COD,6,11,6,1,20-30,24.6,4.0,0.0,0.0,-1,6,3146.1800000000003,0.28,0.75,0.25,0.0,1133.94,1,0,0.0,1133.94,1,0,0.0,3313.35,2,0,0.0,12584.720000000001,4,0,0.0,1
LGS2ORD0040314,C011568,2025-11-16 06:00:00,Female,43,Bronze,Web,Remote_Area,562,Web,Credit_Card,6,11,6,1,40-50,18.733333333333334,7.0,2.0,0.2857142857142857,0,10,6774.277142857143,0.28,0.5714285714285714,0.42857142857142855,0.0,0.0,0,0,0.0,2240.06,1,1,1.0,2240.06,1,1,1.0,47419.94,7,2,0.2857142857142857,0
LGS2ORD0040315,C017969,2025-11-16 06:00:00,Male,50,Silver,TV,Remote_Area,1367,Web,Bank_Transfer,6,11,6,1,40-50,45.56666666666667,3.0,1.0,0.3333333333333333,28,34,4739.0199999999995,0.3,0.6666666666666666,0.3333333333333333,0.0,0.0,0,0,0.0,0.0,0,0,0.0,10996.88,1,1,1.0,14217.06,3,1,0.3333333333333333,0
LGS2ORD0040316,C010552,2025-11-16 06:00:00,Male,36,Silver,Shopee,Chonburi,1758,Shopee,COD,6,11,6,1,30-40,58.6,5.0,1.0,0.2,297,138,6163.606,0.2,0.6,0.0,0.0,0.0,0,0,0.0,0.0,0,0,0.0,0.0,0,0,0.0,30818.03,5,1,0.2,1
LGS2ORD0040317,C014814,2025-11-16 07:00:00,Female,33,Bronze,Lazada,Remote_Area,1339,Web,COD,7,11,6,1,30-40,44.63333333333333,3.0,1.0,0.3333333333333333,265,45,8944.336666666668,0.23,0.0,0.3333333333333333,0.0,0.0,0,0,0.0,0.0,0,0,0.0,23517.49,1,0,0.0,26833.010000000002,3,1,0.3333333333333333,0
LGS2ORD0040318,C016409,2025-11-16 07:00:00,Male,26,Bronze,Web,Nakhon Ratchasima,732,Shopee,COD,7,11,6,1,20-30,24.4,7.0,0.0,0.0,-1,15,6255.515714285714,0.18,0.5714285714285714,0.0,0.0,0.0,0,0,0.0,303.77,1,0,0.0,17010.2,2,0,0.0,43788.61,7,0,0.0,0
LGS2ORD0040319,C013810,2025-11-16 07:00:00,Female,55,Gold,Shopee,Bangkok,1429,TV_Show,Credit_Card,7,11,6,1,>50,47.63333333333333,5.0,2.0,0.4,97,26,11279.706,0.2299999999999999,0.2,0.2,0.0,0.0,0,0,0.0,25138.77,1,0,0.0,25138.77,1,0,0.0,56398.53,5,2,0.4,1
LGS2ORD0040320,C017312,2025-11-16 07:00:00,Female,25,Silver,CallCenter,Bangkok,1062,Shopee,COD,7,11,6,1,20-30,35.4,4.0,0.0,0.0,-1,96,6053.7125,0.2,0.25,0.0,0.0,0.0,0,0,0.0,0.0,0,0,0.0,0.0,0,0,0.0,24214.85,4,0,0.0,0
LGS2ORD0040321,C011197,2025-11-16 07:00:00,Male,32,Gold,Shopee,Remote_Area,1426,Lazada,COD,7,11,6,1,30-40,47.53333333333333,5.0,2.0,0.4,152,40,4015.9559999999997,0.28,0.8,0.2,0.0,0.0,0,0,0.0,0.0,0,0,0.0,10804.47,2,0,0.0,20079.78,5,2,0.4,1
LGS2ORD0040322,C017824,2025-11-16 08:00:00,Female,54,Bronze,TV,Phuket,805,TV_Show,COD,8,11,6,1,>50,26.833333333333332,10.0,4.0,0.4,7,12,5743.228,0.23,0.7,0.1,0.0,0.0,0,0,0.0,3508.0499999999997,2,1,0.5,37733.46000000001,5,2,0.4,57432.28,10,4,0.4,0
LGS2ORD0040323,C010236,2025-11-16 08:00:00,Female,32,Bronze,Shopee,Chiang Mai,1560,Web,COD,8,11,6,1,30-40,52.0,5.0,2.0,0.4,160,168,2469.866,0.18,0.8,0.0,0.0,0.0,0,0,0.0,0.0,0,0,0.0,0.0,0,0,0.0,12349.33,5,2,0.4,1
LGS2ORD0040324,C016954,2025-11-16 08:00:00,Male,51,Bronze,Web,Chonburi,1093,Web,COD,8,11,6,1,>50,36.43333333333333,6.0,3.0,0.5,15,23,3365.3700000000003,0.23,0.5,0.16666666666666666,0.0,0.0,0,0,0.0,3635.79,1,1,1.0,6776.35,3,1,0.3333333333333333,20192.22,6,3,0.5,0
LGS2ORD0040325,C012999,2025-11-16 08:00:00,Male,35,Silver,Lazada,Chiang Mai,1714,TV_Show,Credit_Card,8,11,6,1,30-40,57.13333333333333,5.0,1.0,0.2,33,45,2115.34,0.25,0.8,0.4,0.0,0.0,0,0,0.0,0.0,0,0,0.0,5231.84,2,1,0.5,10576.7,5,1,0.2,0
LGS2ORD0040326,C012813,2025-11-16 08:00:00,Female,46,Silver,TV,Khon Kaen,827,Shopee,PromptPay,8,11,6,1,40-50,27.566666666666666,5.0,0.0,0.0,-1,68,6730.736,0.2,0.6,0.0,0.0,0.0,0,0,0.0,0.0,0,0,0.0,981.43,1,0,0.0,33653.68,5,0,0.0,0
LGS2ORD0040327,C017264,2025-11-16 09:00:00,Male,61,Bronze,TV,Phuket,1559,CallCenter,Credit_Card,9,11,6,1,>50,51.96666666666667,6.0,3.0,0.5,26,36,8496.17,0.28,0.8333333333333334,0.3333333333333333,0.0,0.0,0,0,0.0,0.0,0,0,0.0,8826.619999999999,2,1,0.5,50977.020000000004,6,3,0.5,0
LGS2ORD0040328,C012394,2025-11-16 09:00:00,Female,44,Bronze,TV,Chonburi,502,TV_Show,Credit_Card,9,11,6,1,40-50,16.733333333333334,5.0,1.0,0.2,140,17,8156.045999999999,0.28,0.8,0.4,0.0,0.0,0,0,0.0,1176.59,1,0,0.0,1176.59,1,0,0.0,40780.229999999996,5,1,0.2,0
LGS2ORD0040329,C015321,2025-11-16 09:00:00,Female,18,Silver,TV,Songkhla,1461,Shopee,PromptPay,9,11,6,1,<20,48.7,9.0,5.0,0.5555555555555556,18,33,7948.245555555554,0.25,0.5555555555555556,0.3333333333333333,0.0,0.0,0,0,0.0,0.0,0,0,0.0,29756.6,3,2,0.6666666666666666,71534.20999999999,9,5,0.5555555555555556,0
LGS2ORD0040330,C012028,2025-11-16 09:00:00,Other,31,Bronze,TV,Chiang Mai,1509,Shopee,PromptPay,9,11,6,1,30-40,50.3,2.0,0.0,0.0,-1,7,22456.51,0.13,0.0,0.0,0.0,0.0,0,0,0.0,4195.25,1,0,0.0,44913.02,2,0,0.0,44913.02,2,0,0.0,1
LGS2ORD0040331,C014025,2025-11-16 09:00:00,Male,47,Bronze,TV,Nakhon Ratchasima,1070,Web,Credit_Card,9,11,6,1,40-50,35.666666666666664,7.0,3.0,0.42857142857142855,3,17,3511.2714285714283,0.23,0.2857142857142857,0.14285714285714285,0.0,0.0,0,0,0.0,2315.03,1,1,1.0,13695.210000000001,3,2,0.6666666666666666,24578.899999999998,7,3,0.42857142857142855,0
LGS2ORD0040332,C010437,2025-11-16 09:00:00,Female,29,Silver,Web,Bangkok,955,Web,Bank_Transfer,9,11,6,1,20-30,31.833333333333332,2.0,1.0,0.5,107,112,9710.455,0.3,0.5,0.5,0.0,0.0,0,0,0.0,0.0,0,0,0.0,0.0,0,0,0.0,19420.91,2,1,0.5,0
LGS2ORD0040333,C015576,2025-11-16 10:00:00,Female,44,Platinum,Shopee,Bangkok,1184,Web,Credit_Card,10,11,6,1,40-50,39.46666666666667,1.0,0.0,0.0,-1,229,1571.74,0.25,0.0,1.0,0.0,0.0,0,0,0.0,0.0,0,0,0.0,0.0,0,0,0.0,1571.74,1,0,0.0,1
LGS2ORD0040334,C016466,2025-11-16 10:00:00,Male,50,Gold,Lazada,Chiang Mai,548,Shopee,PromptPay,10,11,6,1,40-50,18.266666666666666,4.0,1.0,0.25,207,123,6170.92,0.28,0.5,0.25,0.0,0.0,0,0,0.0,0.0,0,0,0.0,0.0,0,0,0.0,24683.68,4,1,0.25,1
LGS2ORD0040335,C010989,2025-11-16 10:00:00,Male,42,Bronze,Lazada,Nakhon Ratchasima,1049,Web,COD,10,11,6,1,40-50,34.96666666666667,2.0,1.0,0.5,84,94,11623.065,0.08,0.0,0.0,0.0,0.0,0,0,0.0,0.0,0,0,0.0,0.0,0,0,0.0,23246.13,2,1,0.5,1
LGS2ORD0040336,C013111,2025-11-16 10:00:00,Female,46,Platinum,TV,Bangkok,1587,Web,COD,10,11,6,1,40-50,52.9,2.0,0.0,0.0,-1,29,14558.050000000001,0.3,0.0,0.5,0.0,0.0,0,0,0.0,1481.61,1,0,0.0,1481.61,1,0,0.0,29116.100000000002,2,0,0.0,0
LGS2ORD0040337,C013250,2025-11-16 10:00:00,Male,57,Silver,TV,Phuket,481,Shopee,COD,10,11,6,1,>50,16.033333333333335,2.0,1.0,0.5,97,108,12927.85,0.2,1.0,0.0,0.0,0.0,0,0,0.0,0.0,0,0,0.0,0.0,0,0,0.0,25855.7,2,1,0.5,0
LGS2ORD0040338,C017591,2025-11-16 11:00:00,Male,49,Bronze,Lazada,Remote_Area,1174,TV_Show,PromptPay,11,11,6,1,40-50,39.13333333333333,7.0,1.0,0.14285714285714285,243,73,5037.385714285715,0.28,0.14285714285714285,0.42857142857142855,0.0,0.0,0,0,0.0,0.0,0,0,0.0,1185.32,1,0,0.0,35261.700000000004,7,1,0.14285714285714285,1
LGS2ORD0040339,C014417,2025-11-16 11:00:00,Male,54,Silver,Shopee,Chonburi,1456,Lazada,COD,11,11,6,1,>50,48.53333333333333,11.0,1.0,0.09090909090909091,179,42,5341.138181818183,0.3,0.6363636363636364,0.45454545454545453,0.0,0.0,0,0,0.0,0.0,0,0,0.0,10558.99,1,0,0.0,58752.520000000004,11,1,0.09090909090909091,1
LGS2ORD0040340,C016308,2025-11-16 11:00:00,Female,25,Bronze,TV,Chonburi,1378,CallCenter,Credit_Card,11,11,6,1,20-30,45.93333333333333,9.0,1.0,0.1111111111111111,173,40,3504.8611111111113,0.23,0.8888888888888888,0.2222222222222222,0.0,0.0,0,0,0.0,0.0,0,0,0.0,636.36,1,0,0.0,31543.75,9,1,0.1111111111111111,0
LGS2ORD0040341,C013248,2025-11-16 11:00:00,Female,54,Gold,Web,Songkhla,1456,Lazada,Bank_Transfer,11,11,6,1,>50,48.53333333333333,8.0,2.0,0.25,176,74,2242.3724999999995,0.33,0.375,0.5,0.125,0.0,0,0,0.0,0.0,0,0,0.0,2444.03,1,0,0.0,17938.979999999996,8,2,0.25,0
LGS2ORD0040342,C014010,2025-11-16 11:00:00,Male,53,Bronze,CallCenter,Khon Kaen,1686,Lazada,Credit_Card,11,11,6,1,>50,56.2,4.0,1.0,0.25,216,144,3771.13,0.23,0.25,0.5,0.0,0.0,0,0,0.0,0.0,0,0,0.0,0.0,0,0,0.0,15084.52,4,1,0.25,0
LGS2ORD0040343,C015765,2025-11-16 12:00:00,Female,28,Bronze,Shopee,Bangkok,353,Web,Credit_Card,12,11,6,1,20-30,11.766666666666667,9.0,0.0,0.0,-1,49,9063.983333333334,0.28,0.4444444444444444,0.1111111111111111,0.0,0.0,0,0,0.0,0.0,0,0,0.0,25930.329999999998,2,0,0.0,81575.85,9,0,0.0,0
LGS2ORD0040344,C010659,2025-11-16 12:00:00,Female,30,Bronze,Web,Songkhla,1544,TV_Show,Bank_Transfer,12,11,6,1,20-30,51.46666666666667,3.0,0.0,0.0,-1,55,4072.6633333333325,0.08,0.3333333333333333,0.0,0.0,0.0,0,0,0.0,0.0,0,0,0.0,2942.04,1,0,0.0,12217.989999999998,3,0,0.0,0
LGS2ORD0040345,C010003,2025-11-16 12:00:00,Male,38,Bronze,Shopee,Khon Kaen,1483,Web,COD,12,11,6,1,30-40,49.43333333333333,5.0,1.0,0.2,190,64,2692.326,0.18,0.4,0.0,0.0,0.0,0,0,0.0,0.0,0,0,0.0,828.27,1,0,0.0,13461.630000000001,5,1,0.2,0
LGS2ORD0040346,C011361,2025-11-16 12:00:00,Female,40,Bronze,TV,Remote_Area,1494,Web,COD,12,11,6,1,30-40,49.8,11.0,3.0,0.2727272727272727,100,85,4850.350909090909,0.28,0.5454545454545454,0.36363636363636365,0.0,0.0,0,0,0.0,0.0,0,0,0.0,975.95,1,0,0.0,53353.86,11,3,0.2727272727272727,0
LGS2ORD0040347,C017392,2025-11-16 12:00:00,Female,36,Bronze,Web,Khon Kaen,913,Shopee,Credit_Card,12,11,6,1,30-40,30.433333333333334,6.0,2.0,0.3333333333333333,127,131,7248.468333333333,0.28,0.3333333333333333,0.16666666666666666,0.0,0.0,0,0,0.0,0.0,0,0,0.0,0.0,0,0,0.0,43490.81,6,2,0.3333333333333333,0
LGS2ORD0040348,C012824,2025-11-16 13:00:00,Female,51,Silver,TV,Remote_Area,1178,Lazada,Credit_Card,13,11,6,1,>50,39.266666666666666,7.0,2.0,0.2857142857142857,31,16,4842.0314285714285,0.3,0.42857142857142855,0.2857142857142857,0.0,0.0,0,0,0.0,12265.16,1,0,0.0,19551.37,4,1,0.25,33894.22,7,2,0.2857142857142857,0
LGS2ORD0040349,C013118,2025-11-16 13:00:00,Female,41,Gold,Web,Remote_Area,1145,TV_Show,COD,13,11,6,1,40-50,38.166666666666664,2.0,1.0,0.5,168,174,1863.17,0.08,0.5,0.0,0.0,0.0,0,0,0.0,0.0,0,0,0.0,0.0,0,0,0.0,3726.34,2,1,0.5,0
LGS2ORD0040350,C012833,2025-11-16 13:00:00,Female,54,Bronze,Web,Nakhon Ratchasima,991,Web,COD,13,11,6,1,>50,33.03333333333333,6.0,0.0,0.0,-1,37,3488.893333333334,0.28,0.5,0.5,0.0,0.0,0,0,0.0,0.0,0,0,0.0,3389.6,2,0,0.0,20933.360000000004,6,0,0.0,0
LGS2ORD0040351,C013333,2025-11-16 13:00:00,Male,29,Gold,CallCenter,Bangkok,454,Web,COD,13,11,6,1,20-30,15.133333333333333,2.0,0.0,0.0,-1,124,7083.215,0.2299999999999999,0.5,1.0,0.0,0.0,0,0,0.0,0.0,0,0,0.0,0.0,0,0,0.0,14166.43,2,0,0.0,0
LGS2ORD0040352,C010569,2025-11-16 13:00:00,Female,34,Gold,CallCenter,Bangkok,1040,TV_Show,Credit_Card,13,11,6,1,30-40,34.666666666666664,7.0,0.0,0.0,-1,37,5011.918571428571,0.28,0.2857142857142857,0.14285714285714285,0.0,0.0,0,0,0.0,0.0,0,0,0.0,25389.06,3,0,0.0,35083.43,7,0,0.0,0
LGS2ORD0040353,C015164,2025-11-16 13:00:00,Female,56,Silver,Web,Bangkok,498,CallCenter,COD,13,11,6,1,>50,16.6,2.0,1.0,0.5,149,146,3273.01,0.2,0.0,0.0,0.0,0.0,0,0,0.0,0.0,0,0,0.0,0.0,0,0,0.0,6546.02,2,1,0.5,0
LGS2ORD0040354,C010329,2025-11-16 14:00:00,Male,41,Bronze,Web,Bangkok,385,Shopee,Credit_Card,14,11,6,1,40-50,12.833333333333334,4.0,1.0,0.25,235,170,7610.265,0.28,0.5,0.25,0.0,0.0,0,0,0.0,0.0,0,0,0.0,0.0,0,0,0.0,30441.06,4,1,0.25,0
LGS2ORD0040355,C017101,2025-11-16 14:00:00,Female,38,Bronze,Web,Bangkok,1064,TV_Show,COD,14,11,6,1,30-40,35.46666666666667,4.0,1.0,0.25,125,139,6047.6900000000005,0.28,0.5,0.25,0.0,0.0,0,0,0.0,0.0,0,0,0.0,0.0,0,0,0.0,24190.760000000002,4,1,0.25,0
LGS2ORD0040356,C011925,2025-11-16 14:00:00,Male,47,Gold,Lazada,Bangkok,1007,CallCenter,Bank_Transfer,14,11,6,1,40-50,33.56666666666667,4.0,1.0,0.25,117,124,8975.8825,0.28,0.25,0.25,0.0,0.0,0,0,0.0,0.0,0,0,0.0,0.0,0,0,0.0,35903.53,4,1,0.25,0
LGS2ORD0040357,C015248,2025-11-16 14:00:00,Male,66,Silver,TV,Songkhla,1474,Lazada,COD,14,11,6,1,>50,49.13333333333333,5.0,3.0,0.6,161,49,6056.231999999999,0.25,0.8,0.2,0.0,0.0,0,0,0.0,0.0,0,0,0.0,18868.8,1,0,0.0,30281.159999999996,5,3,0.6,0
LGS2ORD0040358,C010569,2025-11-16 14:00:00,Female,34,Gold,CallCenter,Bangkok,1040,TV_Show,COD,14,11,6,1,30-40,34.666666666666664,8.0,0.0,0.0,-1,0,4580.8675,0.28,0.25,0.125,0.0,1563.51,1,0,0.0,1563.51,1,0,0.0,26952.57,4,0,0.0,36646.94,8,0,0.0,1
LGS2ORD0040359,C015352,2025-11-16 15:00:00,Female,18,Gold,Web,Phuket,644,Lazada,PromptPay,15,11,6,1,<20,21.466666666666665,7.0,1.0,0.14285714285714285,269,33,5233.37,0.33,0.42857142857142855,0.42857142857142855,0.0,0.0,0,0,0.0,0.0,0,0,0.0,32724.379999999997,4,0,0.0,36633.59,7,1,0.14285714285714285,0
LGS2ORD0040360,C013322,2025-11-16 15:00:00,Male,52,Bronze,TV,Chiang Mai,1216,TV_Show,PromptPay,15,11,6,1,>50,40.53333333333333,5.0,1.0,0.2,35,17,3212.2779999999993,0.28,1.0,0.4,0.0,0.0,0,0,0.0,2626.22,1,0,0.0,7110.110000000001,3,1,0.3333333333333333,16061.389999999998,5,1,0.2,0
LGS2ORD0040361,C016618,2025-11-16 15:00:00,Male,67,Bronze,TV,Khon Kaen,472,TV_Show,PromptPay,15,11,6,1,>50,15.733333333333333,6.0,2.0,0.3333333333333333,2,9,3959.953333333333,0.28,0.8333333333333334,0.3333333333333333,0.0,0.0,0,0,0.0,1049.46,1,1,1.0,11968.34,3,2,0.6666666666666666,23759.719999999998,6,2,0.3333333333333333,0
LGS2ORD0040362,C016000,2025-11-16 15:00:00,Female,37,Bronze,Lazada,Phuket,625,TV_Show,PromptPay,15,11,6,1,30-40,20.833333333333332,4.0,0.0,0.0,-1,75,3622.9875,0.28,0.25,0.25,0.0,0.0,0,0,0.0,0.0,0,0,0.0,9285.09,1,0,0.0,14491.95,4,0,0.0,0
LGS2ORD0040363,C013733,2025-11-16 15:00:00,Male,35,Bronze,Web,Chiang Mai,1128,CallCenter,PromptPay,15,11,6,1,30-40,37.6,1.0,1.0,1.0,92,105,4502.73,0.18,1.0,0.0,0.0,0.0,0,0,0.0,0.0,0,0,0.0,0.0,0,0,0.0,4502.73,1,1,1.0,0
LGS2ORD0040364,C016550,2025-11-16 16:00:00,Male,32,Bronze,Shopee,Bangkok,1664,TV_Show,PromptPay,16,11,6,1,30-40,55.46666666666667,10.0,5.0,0.5,-4,12,2056.515,0.28,0.9,0.4,0.0,0.0,0,0,0.0,5433.09,2,2,1.0,13289.320000000002,5,4,0.8,20565.149999999998,10,5,0.5,0
LGS2ORD0040365,C010483,2025-11-16 16:00:00,Female,30,Gold,Lazada,Bangkok,1591,Shopee,COD,16,11,6,1,20-30,53.03333333333333,5.0,1.0,0.2,18,27,4423.538,0.33,0.4,0.4,0.0,0.0,0,0,0.0,1808.0,1,1,1.0,13870.59,2,1,0.5,22117.69,5,1,0.2,0
LGS2ORD0040366,C011194,2025-11-16 16:00:00,Female,49,Silver,Lazada,Bangkok,350,Lazada,COD,16,11,6,1,40-50,11.666666666666666,3.0,0.0,0.0,-1,6,9335.13,0.2,1.0,0.0,0.0,907.65,1,0,0.0,907.65,1,0,0.0,10733.05,2,0,0.0,28005.39,3,0,0.0,1
LGS2ORD0040367,C016102,2025-11-16 16:00:00,Female,33,Silver,Web,Chiang Mai,949,Lazada,Bank_Transfer,16,11,6,1,30-40,31.633333333333333,5.0,1.0,0.2,157,56,8820.369999999999,0.3,0.2,0.2,0.0,0.0,0,0,0.0,0.0,0,0,0.0,4736.71,2,0,0.0,44101.85,5,1,0.2,0
LGS2ORD0040368,C015009,2025-11-16 16:00:00,Female,58,Bronze,Lazada,Bangkok,1085,TV_Show,COD,16,11,6,1,>50,36.166666666666664,5.0,1.0,0.2,279,53,4940.118,0.23,0.6,0.2,0.0,0.0,0,0,0.0,0.0,0,0,0.0,17874.34,2,0,0.0,24700.59,5,1,0.2,0
LGS2ORD0040369,C014391,2025-11-16 16:00:00,Male,23,Bronze,Web,Chiang Mai,861,Shopee,Bank_Transfer,16,11,6,1,20-30,28.7,5.0,0.0,0.0,-1,91,3657.6580000000004,0.23,0.4,0.2,0.0,0.0,0,0,0.0,0.0,0,0,0.0,0.0,0,0,0.0,18288.29,5,0,0.0,0
LGS2ORD0040370,C013764,2025-11-16 17:00:00,Male,47,Platinum,Web,Nakhon Ratchasima,609,TV_Show,COD,17,11,6,1,40-50,20.3,5.0,0.0,0.0,-1,19,4928.231999999999,0.35,0.4,0.4,0.0,0.0,0,0,0.0,734.94,1,0,0.0,734.94,1,0,0.0,24641.159999999996,5,0,0.0,1
LGS2ORD0040371,C010579,2025-11-16 17:00:00,Male,42,Bronze,TV,Bangkok,528,CallCenter,PromptPay,17,11,6,1,40-50,17.6,8.0,2.0,0.25,263,37,6192.29625,0.28,0.375,0.5,0.0,0.0,0,0,0.0,0.0,0,0,0.0,4810.26,2,0,0.0,49538.37,8,2,0.25,0
LGS2ORD0040372,C017944,2025-11-16 17:00:00,Male,38,Bronze,Lazada,Chonburi,424,Web,Credit_Card,17,11,6,1,30-40,14.133333333333333,2.0,1.0,0.5,91,105,3932.63,0.13,0.5,0.0,0.0,0.0,0,0,0.0,0.0,0,0,0.0,0.0,0,0,0.0,7865.26,2,1,0.5,0
LGS2ORD0040373,C017283,2025-11-16 17:00:00,Male,23,Bronze,TV,Remote_Area,1252,Web,Credit_Card,17,11,6,1,20-30,41.733333333333334,4.0,1.0,0.25,13,27,4155.5775,0.08,0.75,0.0,0.0,0.0,0,0,0.0,7958.09,1,1,1.0,7958.09,1,1,1.0,16622.31,4,1,0.25,0
LGS2ORD0040374,C014152,2025-11-16 17:00:00,Female,36,Gold,Web,Bangkok,1607,Lazada,COD,17,11,6,1,30-40,53.56666666666667,5.0,1.0,0.2,295,242,5547.596,0.28,0.4,0.6,0.0,0.0,0,0,0.0,0.0,0,0,0.0,0.0,0,0,0.0,27737.98,5,1,0.2,1
LGS2ORD0040375,C011576,2025-11-16 18:00:00,Female,19,Bronze,Shopee,Songkhla,1491,Web,COD,18,11,6,1,<20,49.7,6.0,1.0,0.16666666666666666,244,89,6407.128333333333,0.23,0.5,0.16666666666666666,0.0,0.0,0,0,0.0,0.0,0,0,0.0,7163.86,1,0,0.0,38442.77,6,1,0.16666666666666666,1
LGS2ORD0040376,C017460,2025-11-16 18:00:00,Female,37,Silver,TV,Chiang Mai,1097,Web,Credit_Card,18,11,6,1,30-40,36.56666666666667,6.0,1.0,0.16666666666666666,260,0,8859.976666666667,0.2,0.8333333333333334,0.0,0.0,24281.6,1,0,0.0,25871.629999999997,2,0,0.0,27551.899999999998,3,0,0.0,53159.86,6,1,0.16666666666666666,1
LGS2ORD0040377,C015024,2025-11-16 18:00:00,Male,27,Bronze,Web,Songkhla,1509,Web,COD,18,11,6,1,20-30,50.3,10.0,5.0,0.5,-4,6,3134.96,0.28,0.7,0.5,0.0,1094.33,1,1,1.0,1094.33,1,1,1.0,1094.33,1,1,1.0,31349.6,10,5,0.5,0
LGS2ORD0040378,C017387,2025-11-16 18:00:00,Male,54,Bronze,TV,Nakhon Ratchasima,867,TV_Show,COD,18,11,6,1,>50,28.9,3.0,0.0,0.0,-1,13,806.3433333333334,0.28,0.3333333333333333,0.6666666666666666,0.0,0.0,0,0,0.0,632.84,1,0,0.0,2419.03,3,0,0.0,2419.03,3,0,0.0,0
LGS2ORD0040379,C013301,2025-11-16 18:00:00,Female,42,Bronze,Web,Nakhon Ratchasima,1334,Lazada,COD,18,11,6,1,40-50,44.46666666666667,8.0,2.0,0.25,163,28,5308.748750000001,0.28,0.5,0.125,0.0,0.0,0,0,0.0,14746.6,1,0,0.0,14746.6,1,0,0.0,42469.990000000005,8,2,0.25,0
LGS2ORD0040380,C010838,2025-11-16 19:00:00,Female,28,Gold,TV,Remote_Area,986,Lazada,Credit_Card,19,11,6,1,20-30,32.86666666666667,4.0,2.0,0.5,227,142,13108.357499999998,0.28,0.75,0.5,0.0,0.0,0,0,0.0,0.0,0,0,0.0,0.0,0,0,0.0,52433.42999999999,4,2,0.5,0
LGS2ORD0040381,C014252,2025-11-16 19:00:00,Male,30,Silver,Lazada,Chonburi,1084,TV_Show,PromptPay,19,11,6,1,20-30,36.13333333333333,5.0,0.0,0.0,-1,39,4588.308000000001,0.3,0.6,0.2,0.0,0.0,0,0,0.0,0.0,0,0,0.0,4070.56,1,0,0.0,22941.540000000005,5,0,0.0,0
LGS2ORD0040382,C015471,2025-11-16 19:00:00,Male,27,Silver,Web,Chiang Mai,845,Web,Credit_Card,19,11,6,1,20-30,28.166666666666668,7.0,2.0,0.2857142857142857,93,31,2230.054285714286,0.3,0.5714285714285714,0.42857142857142855,0.0,0.0,0,0,0.0,0.0,0,0,0.0,6128.95,1,0,0.0,15610.380000000001,7,2,0.2857142857142857,0
LGS2ORD0040383,C015628,2025-11-16 19:00:00,Female,33,Bronze,TV,Khon Kaen,622,TV_Show,COD,19,11,6,1,30-40,20.733333333333334,7.0,1.0,0.14285714285714285,224,27,5972.33142857143,0.23,0.2857142857142857,0.14285714285714285,0.0,0.0,0,0,0.0,5091.33,1,0,0.0,5091.33,1,0,0.0,41806.32000000001,7,1,0.14285714285714285,0
LGS2ORD0040384,C016147,2025-11-16 19:00:00,Female,61,Bronze,TV,Bangkok,985,Lazada,COD,19,11,6,1,>50,32.833333333333336,7.0,2.0,0.2857142857142857,124,6,9852.092857142856,0.28,0.5714285714285714,0.2857142857142857,0.0,15121.05,1,0,0.0,15121.05,1,0,0.0,17308.14,2,0,0.0,68964.65,7,2,0.2857142857142857,0
LGS2ORD0040385,C012987,2025-11-16 20:00:00,Female,39,Silver,Web,Bangkok,947,Lazada,PromptPay,20,11,6,1,30-40,31.566666666666666,3.0,0.0,0.0,-1,94,2055.266666666667,0.25,0.3333333333333333,0.3333333333333333,0.0,0.0,0,0,0.0,0.0,0,0,0.0,0.0,0,0,0.0,6165.8,3,0,0.0,0
LGS2ORD0040386,C017782,2025-11-16 20:00:00,Female,60,Platinum,TV,Bangkok,1657,Web,PromptPay,20,11,6,1,>50,55.233333333333334,5.0,0.0,0.0,-1,20,3210.332,0.3,0.0,0.6,0.0,0.0,0,0,0.0,1605.97,1,0,0.0,3378.9,2,0,0.0,16051.66,5,0,0.0,0
LGS2ORD0040387,C017682,2025-11-16 20:00:00,Male,33,Platinum,TV,Chiang Mai,1362,Web,COD,20,11,6,1,30-40,45.4,6.0,0.0,0.0,-1,12,5608.136666666666,0.3,0.16666666666666666,0.3333333333333333,0.0,0.0,0,0,0.0,27502.15,2,0,0.0,27502.15,2,0,0.0,33648.82,6,0,0.0,0
LGS2ORD0040388,C016647,2025-11-16 20:00:00,Male,39,Bronze,TV,Remote_Area,660,TV_Show,COD,20,11,6,1,30-40,22.0,4.0,2.0,0.5,205,167,10290.8625,0.23,0.75,0.25,0.0,0.0,0,0,0.0,0.0,0,0,0.0,0.0,0,0,0.0,41163.45,4,2,0.5,1
LGS2ORD0040389,C013059,2025-11-16 20:00:00,Other,37,Platinum,Shopee,Khon Kaen,517,TV_Show,COD,20,11,6,1,30-40,17.233333333333334,4.0,0.0,0.0,-1,6,6391.94,0.3,0.5,0.75,0.0,469.49,1,0,0.0,469.49,1,0,0.0,4722.66,2,0,0.0,25567.76,4,0,0.0,0
LGS2ORD0040390,C014558,2025-11-16 20:00:00,Male,39,Bronze,Web,Remote_Area,610,CallCenter,COD,20,11,6,1,30-40,20.333333333333332,9.0,1.0,0.1111111111111111,152,35,5889.756666666666,0.23,0.3333333333333333,0.1111111111111111,0.0,0.0,0,0,0.0,0.0,0,0,0.0,4099.16,1,0,0.0,53007.81,9,1,0.1111111111111111,1
LGS2ORD0040391,C010278,2025-11-16 21:00:00,Male,36,Bronze,TV,Khon Kaen,1447,Web,COD,21,11,6,1,30-40,48.233333333333334,6.0,3.0,0.5,4,19,2851.08,0.23,0.3333333333333333,0.3333333333333333,0.0,0.0,0,0,0.0,1162.77,1,1,1.0,1785.8600000000001,2,2,1.0,17106.48,6,3,0.5,0
LGS2ORD0040392,C017832,2025-11-16 21:00:00,Male,65,Bronze,CallCenter,Chiang Mai,1709,TV_Show,COD,21,11,6,1,>50,56.96666666666667,5.0,3.0,0.6,80,88,4665.12,0.23,0.6,0.6,0.0,0.0,0,0,0.0,0.0,0,0,0.0,9279.82,1,0,0.0,23325.6,5,3,0.6,1
LGS2ORD0040393,C010881,2025-11-16 21:00:00,Female,42,Silver,TV,Remote_Area,1686,Lazada,COD,21,11,6,1,40-50,56.2,4.0,1.0,0.25,289,10,5863.759999999999,0.25,0.5,0.25,0.0,0.0,0,0,0.0,4993.3,1,0,0.0,4993.3,1,0,0.0,23455.039999999997,4,1,0.25,1
LGS2ORD0040394,C014367,2025-11-16 21:00:00,Female,29,Bronze,TV,Remote_Area,807,Shopee,COD,21,11,6,1,20-30,26.9,7.0,2.0,0.2857142857142857,28,35,6143.0142857142855,0.28,0.5714285714285714,0.42857142857142855,0.0,0.0,0,0,0.0,0.0,0,0,0.0,35842.61,3,1,0.3333333333333333,43001.1,7,2,0.2857142857142857,0
LGS2ORD0040395,C016287,2025-11-16 21:00:00,Female,28,Platinum,TV,Bangkok,910,Web,COD,21,11,6,1,20-30,30.333333333333332,3.0,0.0,0.0,-1,64,4259.69,0.15,0.3333333333333333,0.0,0.0,0.0,0,0,0.0,0.0,0,0,0.0,1567.05,1,0,0.0,12779.07,3,0,0.0,0
LGS2ORD0040396,C012351,2025-11-16 22:00:00,Male,59,Gold,Lazada,Nakhon Ratchasima,877,Shopee,PromptPay,22,11,6,1,>50,29.233333333333334,3.0,0.0,0.0,-1,77,4673.026666666667,0.2299999999999999,0.3333333333333333,0.3333333333333333,0.0,0.0,0,0,0.0,0.0,0,0,0.0,6698.09,1,0,0.0,14019.08,3,0,0.0,0
LGS2ORD0040397,C010458,2025-11-16 22:00:00,Male,41,Silver,CallCenter,Bangkok,687,Lazada,Credit_Card,22,11,6,1,40-50,22.9,6.0,3.0,0.5,143,28,6320.761666666668,0.3,0.8333333333333334,0.3333333333333333,0.0,0.0,0,0,0.0,861.55,1,0,0.0,861.55,1,0,0.0,37924.57000000001,6,3,0.5,0
LGS2ORD0040398,C014787,2025-11-16 22:00:00,Male,26,Bronze,Shopee,Bangkok,479,TV_Show,COD,22,11,6,1,20-30,15.966666666666667,9.0,0.0,0.0,-1,5,7325.968888888889,0.23,0.5555555555555556,0.4444444444444444,0.0,4621.09,1,0,0.0,4621.09,1,0,0.0,11673.7,2,0,0.0,65933.72,9,0,0.0,0
LGS2ORD0040399,C014504,2025-11-16 22:00:00,Male,47,Bronze,Shopee,Chonburi,1112,Shopee,COD,22,11,6,1,40-50,37.06666666666667,5.0,0.0,0.0,-1,31,4235.9400000000005,0.13,0.2,0.0,0.0,0.0,0,0,0.0,0.0,0,0,0.0,6863.97,1,0,0.0,21179.7,5,0,0.0,0
LGS2ORD0040400,C016579,2025-11-16 22:00:00,Male,29,Bronze,TV,Chiang Mai,1327,Web,COD,22,11,6,1,20-30,44.233333333333334,2.0,0.0,0.0,-1,68,6881.25,0.28,0.5,0.5,0.0,0.0,0,0,0.0,0.0,0,0,0.0,8454.48,1,0,0.0,13762.5,2,0,0.0,0
LGS2ORD0040401,C010763,2025-11-16 23:00:00,Female,46,Platinum,Web,Chiang Mai,1492,TV_Show,COD,23,11,6,1,40-50,49.733333333333334,3.0,0.0,0.0,-1,162,6217.713333333333,0.2,0.3333333333333333,0.0,0.0,0.0,0,0,0.0,0.0,0,0,0.0,0.0,0,0,0.0,18653.14,3,0,0.0,1
LGS2ORD0040402,C013919,2025-11-16 23:00:00,Female,33,Silver,Shopee,Khon Kaen,1442,Web,COD,23,11,6,1,30-40,48.06666666666667,5.0,1.0,0.2,128,32,2174.568,0.25,0.4,0.2,0.0,0.0,0,0,0.0,0.0,0,0,0.0,4492.25,1,0,0.0,10872.84,5,1,0.2,0
LGS2ORD0040403,C010300,2025-11-16 23:00:00,Female,41,Bronze,TV,Bangkok,1022,Lazada,PromptPay,23,11,6,1,40-50,34.06666666666667,4.0,0.0,0.0,-1,84,4682.9625,0.23,0.25,0.25,0.0,0.0,0,0,0.0,0.0,0,0,0.0,5531.23,1,0,0.0,18731.85,4,0,0.0,0
LGS2ORD0040404,C015192,2025-11-16 23:00:00,Female,30,Silver,Lazada,Phuket,645,Shopee,Bank_Transfer,23,11,6,1,20-30,21.5,5.0,2.0,0.4,52,65,1456.574,0.3,0.2,0.4,0.0,0.0,0,0,0.0,0.0,0,0,0.0,1845.2,1,1,1.0,7282.87,5,2,0.4,0
LGS2ORD0040405,C010083,2025-11-16 23:00:00,Male,45,Gold,TV,Khon Kaen,474,TV_Show,Credit_Card,23,11,6,1,40-50,15.8,9.0,1.0,0.1111111111111111,242,20,5001.197777777777,0.28,0.5555555555555556,0.3333333333333333,0.0,0.0,0,0,0.0,2875.33,1,0,0.0,15213.67,2,0,0.0,45010.78,9,1,0.1111111111111111,0
LGS2ORD0040406,C012660,2025-11-17 00:00:00,Female,58,Bronze,TV,Songkhla,937,Shopee,COD,0,11,0,0,>50,31.233333333333334,4.0,2.0,0.5,194,128,5671.775,0.18,0.5,0.0,0.0,0.0,0,0,0.0,0.0,0,0,0.0,0.0,0,0,0.0,22687.1,4,2,0.5,0
LGS2ORD0040407,C017669,2025-11-17 00:00:00,Female,33,Bronze,TV,Remote_Area,798,Web,Credit_Card,0,11,0,0,30-40,26.6,10.0,4.0,0.4,84,96,5314.786999999999,0.23,0.4,0.3,0.0,0.0,0,0,0.0,0.0,0,0,0.0,0.0,0,0,0.0,53147.869999999995,10,4,0.4,0
LGS2ORD0040408,C014907,2025-11-17 00:00:00,Male,50,Gold,CallCenter,Chiang Mai,592,Lazada,COD,0,11,0,0,40-50,19.733333333333334,6.0,1.0,0.16666666666666666,233,58,4716.75,0.18,0.3333333333333333,0.0,0.0,0.0,0,0,0.0,0.0,0,0,0.0,15004.75,2,0,0.0,28300.5,6,1,0.16666666666666666,1
LGS2ORD0040409,C012122,2025-11-17 00:00:00,Female,30,Platinum,Lazada,Chonburi,918,TV_Show,COD,0,11,0,0,20-30,30.6,1.0,0.0,0.0,-1,247,20288.83,0.15,1.0,0.0,0.0,0.0,0,0,0.0,0.0,0,0,0.0,0.0,0,0,0.0,20288.83,1,0,0.0,0
LGS2ORD0040410,C011284,2025-11-17 00:00:00,Female,46,Bronze,TV,Remote_Area,1558,Lazada,Credit_Card,0,11,0,0,40-50,51.93333333333333,8.0,4.0,0.5,-2,10,5736.8862500000005,0.28,0.375,0.375,0.0,0.0,0,0,0.0,772.86,1,1,1.0,1600.12,2,2,1.0,45895.090000000004,8,4,0.5,1
LGS2ORD0040411,C016532,2025-11-17 00:00:00,Male,70,Platinum,Shopee,Bangkok,1352,TV_Show,Credit_Card,0,11,0,0,>50,45.06666666666667,7.0,1.0,0.14285714285714285,79,89,5806.792857142857,0.35,0.0,0.2857142857142857,0.0,0.0,0,0,0.0,0.0,0,0,0.0,9149.16,1,1,1.0,40647.55,7,1,0.14285714285714285,0
LGS2ORD0040412,C015093,2025-11-17 01:00:00,Female,30,Platinum,Web,Bangkok,607,Shopee,PromptPay,1,11,0,0,20-30,20.233333333333334,3.0,0.0,0.0,-1,11,7027.136666666666,0.35,1.0,0.3333333333333333,0.0,0.0,0,0,0.0,1571.11,1,0,0.0,8607.28,2,0,0.0,21081.41,3,0,0.0,0
LGS2ORD0040413,C017064,2025-11-17 01:00:00,Male,46,Silver,Shopee,Songkhla,925,TV_Show,PromptPay,1,11,0,0,40-50,30.833333333333332,7.0,2.0,0.2857142857142857,133,51,2123.2114285714283,0.25,0.42857142857142855,0.14285714285714285,0.0,0.0,0,0,0.0,0.0,0,0,0.0,3145.71,2,0,0.0,14862.479999999998,7,2,0.2857142857142857,0
LGS2ORD0040414,C012633,2025-11-17 01:00:00,Female,45,Silver,CallCenter,Songkhla,425,Web,Bank_Transfer,1,11,0,0,40-50,14.166666666666666,10.0,3.0,0.3,75,7,3339.3259999999996,0.3,0.6,0.4,0.0,0.0,0,0,0.0,4106.75,1,0,0.0,11856.48,3,1,0.3333333333333333,33393.259999999995,10,3,0.3,0
LGS2ORD0040415,C017852,2025-11-17 01:00:00,Male,55,Bronze,Shopee,Khon Kaen,821,Shopee,COD,1,11,0,0,>50,27.366666666666667,9.0,0.0,0.0,-1,22,3846.8022222222226,0.28,0.6666666666666666,0.1111111111111111,0.0,0.0,0,0,0.0,10434.6,1,0,0.0,15236.08,3,0,0.0,34621.22,9,0,0.0,0
LGS2ORD0040416,C015124,2025-11-17 01:00:00,Female,54,Bronze,TV,Nakhon Ratchasima,353,CallCenter,COD,1,11,0,0,>50,11.766666666666667,10.0,4.0,0.4,48,4,3765.4849999999997,0.28,0.5,0.3,0.0,1525.05,1,0,0.0,1525.05,1,0,0.0,15758.869999999999,4,2,0.5,37654.85,10,4,0.4,0
LGS2ORD0040417,C013754,2025-11-17 02:00:00,Female,49,Bronze,TV,Chiang Mai,507,Lazada,COD,2,11,0,0,40-50,16.9,8.0,1.0,0.125,233,8,5493.30625,0.23,0.375,0.125,0.0,0.0,0,0,0.0,7296.13,1,0,0.0,26285.010000000002,2,0,0.0,43946.45,8,1,0.125,0
LGS2ORD0040418,C013154,2025-11-17 02:00:00,Female,54,Gold,Lazada,Phuket,1324,Lazada,COD,2,11,0,0,>50,44.13333333333333,8.0,4.0,0.5,34,46,4147.56875,0.28,0.875,0.625,0.0,0.0,0,0,0.0,0.0,0,0,0.0,14546.58,3,1,0.3333333333333333,33180.55,8,4,0.5,0
LGS2ORD0040419,C015703,2025-11-17 02:00:00,Female,32,Silver,TV,Nakhon Ratchasima,861,Web,Credit_Card,2,11,0,0,30-40,28.7,6.0,1.0,0.16666666666666666,160,8,2349.04,0.3,0.8333333333333334,0.3333333333333333,0.0,0.0,0,0,0.0,1782.47,1,0,0.0,5831.51,3,0,0.0,14094.24,6,1,0.16666666666666666,0
LGS2ORD0040420,C014270,2025-11-17 02:00:00,Female,42,Gold,TV,Chiang Mai,1303,TV_Show,Bank_Transfer,2,11,0,0,40-50,43.43333333333333,6.0,0.0,0.0,-1,81,5486.3550000000005,0.28,0.8333333333333334,0.5,0.0,0.0,0,0,0.0,0.0,0,0,0.0,15834.4,1,0,0.0,32918.130000000005,6,0,0.0,1
LGS2ORD0040421,C010346,2025-11-17 02:00:00,Female,25,Bronze,Lazada,Nakhon Ratchasima,1239,Lazada,COD,2,11,0,0,20-30,41.3,6.0,0.0,0.0,-1,65,4982.1483333333335,0.23,0.5,0.3333333333333333,0.0,0.0,0,0,0.0,0.0,0,0,0.0,4076.75,2,0,0.0,29892.89,6,0,0.0,0
LGS2ORD0040422,C010238,2025-11-17 03:00:00,Male,39,Gold,CallCenter,Bangkok,573,Shopee,Bank_Transfer,3,11,0,0,30-40,19.1,6.0,1.0,0.16666666666666666,105,48,8669.728333333333,0.33,0.3333333333333333,0.5,0.0,0.0,0,0,0.0,0.0,0,0,0.0,26344.239999999998,2,0,0.0,52018.369999999995,6,1,0.16666666666666666,0
LGS2ORD0040423,C012938,2025-11-17 03:00:00,Female,26,Silver,Web,Khon Kaen,1288,Shopee,Credit_Card,3,11,0,0,20-30,42.93333333333333,5.0,1.0,0.2,155,11,2157.412,0.25,0.8,0.4,0.0,0.0,0,0,0.0,289.25,1,0,0.0,289.25,1,0,0.0,10787.06,5,1,0.2,0
LGS2ORD0040424,C014949,2025-11-17 03:00:00,Male,41,Silver,TV,Chonburi,539,TV_Show,COD,3,11,0,0,40-50,17.966666666666665,5.0,1.0,0.2,166,15,3196.4139999999998,0.3,1.0,0.2,0.0,0.0,0,0,0.0,1351.87,1,0,0.0,1351.87,1,0,0.0,15982.07,5,1,0.2,0
LGS2ORD0040425,C012212,2025-11-17 03:00:00,Male,35,Silver,Web,Chiang Mai,1258,Shopee,COD,3,11,0,0,30-40,41.93333333333333,11.0,3.0,0.2727272727272727,-2,3,5446.711818181818,0.3,0.5454545454545454,0.2727272727272727,0.0,1814.42,1,1,1.0,1814.42,1,1,1.0,10283.730000000001,3,1,0.3333333333333333,59913.829999999994,11,3,0.2727272727272727,0
LGS2ORD0040426,C010036,2025-11-17 03:00:00,Female,31,Silver,Web,Chiang Mai,689,CallCenter,COD,3,11,0,0,30-40,22.966666666666665,6.0,1.0,0.16666666666666666,211,114,6891.294999999999,0.3,0.3333333333333333,0.5,0.0,0.0,0,0,0.0,0.0,0,0,0.0,0.0,0,0,0.0,41347.77,6,1,0.16666666666666666,0
LGS2ORD0040427,C016197,2025-11-17 04:00:00,Male,42,Bronze,TV,Chonburi,1282,Web,COD,4,11,0,0,40-50,42.733333333333334,3.0,1.0,0.3333333333333333,225,3,9325.853333333333,0.28,0.3333333333333333,0.3333333333333333,0.0,1099.07,1,0,0.0,1099.07,1,0,0.0,1099.07,1,0,0.0,27977.559999999998,3,1,0.3333333333333333,0
LGS2ORD0040428,C017291,2025-11-17 04:00:00,Female,34,Bronze,TV,Songkhla,1603,Lazada,PromptPay,4,11,0,0,30-40,53.43333333333333,4.0,2.0,0.5,15,26,4506.5425,0.18,0.5,0.0,0.0,0.0,0,0,0.0,4213.4,1,1,1.0,5970.5,2,2,1.0,18026.17,4,2,0.5,0
LGS2ORD0040429,C014636,2025-11-17 04:00:00,Female,29,Bronze,TV,Remote_Area,1398,TV_Show,COD,4,11,0,0,20-30,46.6,8.0,2.0,0.25,192,152,8917.6725,0.28,0.75,0.375,0.0,0.0,0,0,0.0,0.0,0,0,0.0,0.0,0,0,0.0,71341.38,8,2,0.25,1
LGS2ORD0040430,C017077,2025-11-17 04:00:00,Male,48,Silver,Web,Bangkok,1373,CallCenter,COD,4,11,0,0,40-50,45.766666666666666,6.0,2.0,0.3333333333333333,237,11,4621.485,0.25,0.6666666666666666,0.16666666666666666,0.0,0.0,0,0,0.0,1080.94,1,0,0.0,2024.58,2,0,0.0,27728.91,6,2,0.3333333333333333,0
LGS2ORD0040431,C017358,2025-11-17 04:00:00,Female,50,Gold,Web,Chiang Mai,1228,Web,PromptPay,4,11,0,0,40-50,40.93333333333333,7.0,0.0,0.0,-1,28,10371.105714285713,0.33,0.2857142857142857,0.7142857142857143,0.0,0.0,0,0,0.0,1266.24,1,0,0.0,18317.210000000003,4,0,0.0,72597.73999999999,7,0,0.0,0
LGS2ORD0040432,C012639,2025-11-17 04:00:00,Female,33,Bronze,CallCenter,Bangkok,1681,CallCenter,COD,4,11,0,0,30-40,56.03333333333333,3.0,1.0,0.3333333333333333,161,71,1433.9466666666667,0.18,0.3333333333333333,0.0,0.0,0.0,0,0,0.0,0.0,0,0,0.0,1351.6,1,0,0.0,4301.84,3,1,0.3333333333333333,1
LGS2ORD0040433,C016010,2025-11-17 05:00:00,Male,45,Bronze,TV,Nakhon Ratchasima,1011,Web,Bank_Transfer,5,11,0,0,40-50,33.7,10.0,2.0,0.2,105,85,8470.615000000002,0.23,0.8,0.2,0.1,0.0,0,0,0.0,0.0,0,0,0.0,816.47,1,0,0.0,84706.15000000001,10,2,0.2,0
LGS2ORD0040434,C017603,2025-11-17 05:00:00,Male,42,Bronze,TV,Bangkok,630,CallCenter,PromptPay,5,11,0,0,40-50,21.0,3.0,1.0,0.3333333333333333,234,95,5915.62,0.23,0.3333333333333333,0.3333333333333333,0.0,0.0,0,0,0.0,0.0,0,0,0.0,0.0,0,0,0.0,17746.86,3,1,0.3333333333333333,0
LGS2ORD0040435,C012401,2025-11-17 05:00:00,Female,48,Silver,TV,Khon Kaen,1770,TV_Show,Bank_Transfer,5,11,0,0,40-50,59.0,0.0,0.0,0.0,-1,-1,0.0,0.0,0.0,0.0,0.0,0.0,0,0,0.0,0.0,0,0,0.0,0.0,0,0,0.0,0.0,0,0,0.0,0
LGS2ORD0040436,C011924,2025-11-17 05:00:00,Female,32,Bronze,TV,Chonburi,595,Shopee,COD,5,11,0,0,30-40,19.833333333333332,8.0,4.0,0.5,12,22,7527.9475,0.28,0.375,0.5,0.0,0.0,0,0,0.0,583.68,1,1,1.0,3875.85,2,2,1.0,60223.58,8,4,0.5,0
LGS2ORD0040437,C016328,2025-11-17 05:00:00,Female,72,Silver,CallCenter,Remote_Area,570,CallCenter,Bank_Transfer,5,11,0,0,>50,19.0,8.0,3.0,0.375,114,120,7713.8375,0.25,0.25,0.125,0.0,0.0,0,0,0.0,0.0,0,0,0.0,0.0,0,0,0.0,61710.7,8,3,0.375,0
LGS2ORD0040438,C016924,2025-11-17 06:00:00,Female,41,Gold,Web,Chiang Mai,1400,Web,Credit_Card,6,11,0,0,40-50,46.666666666666664,2.0,1.0,0.5,233,245,3998.91,0.33,0.5,1.0,0.0,0.0,0,0,0.0,0.0,0,0,0.0,0.0,0,0,0.0,7997.82,2,1,0.5,0
LGS2ORD0040439,C010495,2025-11-17 06:00:00,Female,57,Gold,Web,Phuket,422,TV_Show,Credit_Card,6,11,0,0,>50,14.066666666666666,3.0,1.0,0.3333333333333333,226,43,4095.5733333333333,0.33,0.3333333333333333,0.6666666666666666,0.0,0.0,0,0,0.0,0.0,0,0,0.0,7243.74,2,0,0.0,12286.72,3,1,0.3333333333333333,1
LGS2ORD0040440,C014618,2025-11-17 06:00:00,Male,43,Platinum,TV,Chonburi,1312,CallCenter,COD,6,11,0,0,40-50,43.733333333333334,5.0,0.0,0.0,-1,107,5567.786,0.25,0.6,0.2,0.0,0.0,0,0,0.0,0.0,0,0,0.0,0.0,0,0,0.0,27838.93,5,0,0.0,0
LGS2ORD0040441,C016159,2025-11-17 06:00:00,Female,48,Bronze,CallCenter,Bangkok,432,Shopee,COD,6,11,0,0,40-50,14.4,4.0,1.0,0.25,7,15,9936.779999999999,0.28,0.25,0.25,0.0,0.0,0,0,0.0,9306.67,1,1,1.0,12268.380000000001,2,1,0.5,39747.119999999995,4,1,0.25,1
LGS2ORD0040442,C013782,2025-11-17 06:00:00,Male,25,Gold,Shopee,Songkhla,463,Shopee,COD,6,11,0,0,20-30,15.433333333333334,5.0,2.0,0.4,15,26,7878.302000000001,0.28,0.6,0.4,0.0,0.0,0,0,0.0,3029.8,1,1,1.0,3029.8,1,1,1.0,39391.51,5,2,0.4,1
LGS2ORD0040443,C015458,2025-11-17 07:00:00,Female,36,Bronze,Lazada,Khon Kaen,1186,TV_Show,Credit_Card,7,11,0,0,30-40,39.53333333333333,4.0,1.0,0.25,55,59,1552.41,0.23,0.75,0.75,0.0,0.0,0,0,0.0,0.0,0,0,0.0,3087.38,2,1,0.5,6209.64,4,1,0.25,0
LGS2ORD0040444,C010982,2025-11-17 07:00:00,Other,46,Bronze,TV,Khon Kaen,1210,Lazada,COD,7,11,0,0,40-50,40.333333333333336,5.0,0.0,0.0,-1,29,4323.6759999999995,0.18,0.2,0.0,0.0,0.0,0,0,0.0,11178.21,1,0,0.0,11178.21,1,0,0.0,21618.379999999997,5,0,0.0,1
LGS2ORD0040445,C012171,2025-11-17 07:00:00,Female,51,Silver,Lazada,Chonburi,508,Web,COD,7,11,0,0,>50,16.933333333333334,5.0,1.0,0.2,158,27,2070.456,0.3,0.4,0.4,0.0,0.0,0,0,0.0,1948.68,1,0,0.0,1948.68,1,0,0.0,10352.28,5,1,0.2,0
LGS2ORD0040446,C012393,2025-11-17 07:00:00,Male,56,Bronze,TV,Nakhon Ratchasima,1430,Shopee,COD,7,11,0,0,>50,47.666666666666664,7.0,4.0,0.5714285714285714,112,120,4355.765714285715,0.28,0.5714285714285714,0.2857142857142857,0.0,0.0,0,0,0.0,0.0,0,0,0.0,0.0,0,0,0.0,30490.360000000008,7,4,0.5714285714285714,0
LGS2ORD0040447,C012846,2025-11-17 07:00:00,Male,37,Silver,TV,Chonburi,981,Lazada,COD,7,11,0,0,30-40,32.7,5.0,0.0,0.0,-1,95,3591.4619999999995,0.15,0.4,0.0,0.0,0.0,0,0,0.0,0.0,0,0,0.0,0.0,0,0,0.0,17957.309999999998,5,0,0.0,0
LGS2ORD0040448,C013393,2025-11-17 08:00:00,Male,61,Bronze,TV,Chonburi,361,TV_Show,Credit_Card,8,11,0,0,>50,12.033333333333333,6.0,1.0,0.16666666666666666,132,10,6479.350000000001,0.28,0.5,0.3333333333333333,0.0,0.0,0,0,0.0,9328.54,1,0,0.0,9328.54,1,0,0.0,38876.100000000006,6,1,0.16666666666666666,0
LGS2ORD0040449,C010979,2025-11-17 08:00:00,Male,60,Bronze,Lazada,Khon Kaen,654,Web,PromptPay,8,11,0,0,>50,21.8,8.0,0.0,0.0,-1,170,2540.25875,0.28,0.25,0.375,0.0,0.0,0,0,0.0,0.0,0,0,0.0,0.0,0,0,0.0,20322.07,8,0,0.0,1
LGS2ORD0040450,C012052,2025-11-17 08:00:00,Male,51,Gold,TV,Bangkok,1118,TV_Show,COD,8,11,0,0,>50,37.266666666666666,2.0,0.0,0.0,-1,261,8311.715,0.33,0.5,0.5,0.0,0.0,0,0,0.0,0.0,0,0,0.0,0.0,0,0,0.0,16623.43,2,0,0.0,0
LGS2ORD0040451,C017919,2025-11-17 08:00:00,Female,30,Gold,Shopee,Chiang Mai,336,Lazada,COD,8,11,0,0,20-30,11.2,0.0,0.0,0.0,-1,-1,0.0,0.0,0.0,0.0,0.0,0.0,0,0,0.0,0.0,0,0,0.0,0.0,0,0,0.0,0.0,0,0,0.0,1
LGS2ORD0040452,C015229,2025-11-17 08:00:00,Female,28,Bronze,Shopee,Bangkok,1637,CallCenter,COD,8,11,0,0,20-30,54.56666666666667,16.0,4.0,0.25,6,10,5047.44625,0.28,0.75,0.125,0.0,0.0,0,0,0.0,9794.220000000001,3,1,0.3333333333333333,30041.620000000003,6,1,0.16666666666666666,80759.14,16,4,0.25,1
LGS2ORD0040453,C010108,2025-11-17 08:00:00,Female,23,Gold,Web,Chonburi,1337,Lazada,COD,8,11,0,0,20-30,44.56666666666667,2.0,0.0,0.0,-1,14,4165.27,0.28,0.0,0.5,0.0,0.0,0,0,0.0,8330.54,2,0,0.0,8330.54,2,0,0.0,8330.54,2,0,0.0,0
LGS2ORD0040454,C016506,2025-11-17 09:00:00,Female,45,Platinum,TV,Khon Kaen,1279,Shopee,COD,9,11,0,0,40-50,42.63333333333333,3.0,2.0,0.6666666666666666,36,44,2683.8433333333337,0.3,1.0,0.3333333333333333,0.0,0.0,0,0,0.0,0.0,0,0,0.0,2873.39,1,1,1.0,8051.530000000001,3,2,0.6666666666666666,0
LGS2ORD0040455,C014485,2025-11-17 09:00:00,Female,44,Bronze,TV,Khon Kaen,864,Shopee,Bank_Transfer,9,11,0,0,40-50,28.8,7.0,2.0,0.2857142857142857,63,67,6464.422857142858,0.23,0.7142857142857143,0.14285714285714285,0.0,0.0,0,0,0.0,0.0,0,0,0.0,4802.92,2,1,0.5,45250.96000000001,7,2,0.2857142857142857,0
LGS2ORD0040456,C016169,2025-11-17 09:00:00,Female,59,Bronze,TV,Bangkok,976,Web,COD,9,11,0,0,>50,32.53333333333333,5.0,1.0,0.2,-1,7,3697.8059999999996,0.28,0.6,0.2,0.0,0.0,0,0,0.0,7065.0,1,1,1.0,9393.66,2,1,0.5,18489.03,5,1,0.2,0
LGS2ORD0040457,C017587,2025-11-17 09:00:00,Male,19,Gold,TV,Khon Kaen,798,CallCenter,COD,9,11,0,0,<20,26.6,12.0,2.0,0.16666666666666666,231,14,4444.973333333333,0.33,0.6666666666666666,0.16666666666666666,0.0,0.0,0,0,0.0,19697.38,2,0,0.0,35427.36,5,0,0.0,53339.68,12,2,0.16666666666666666,0
LGS2ORD0040458,C011038,2025-11-17 09:00:00,Male,65,Bronze,TV,Bangkok,1030,TV_Show,COD,9,11,0,0,>50,34.333333333333336,5.0,2.0,0.4,102,55,5411.384,0.23,0.6,0.2,0.0,0.0,0,0,0.0,0.0,0,0,0.0,9133.02,1,0,0.0,27056.920000000002,5,2,0.4,0
LGS2ORD0040459,C016259,2025-11-17 10:00:00,Female,53,Silver,TV,Bangkok,1196,Lazada,COD,10,11,0,0,>50,39.86666666666667,8.0,2.0,0.25,134,142,5911.123750000001,0.3,0.5,0.125,0.0,0.0,0,0,0.0,0.0,0,0,0.0,0.0,0,0,0.0,47288.990000000005,8,2,0.25,0
LGS2ORD0040460,C016735,2025-11-17 10:00:00,Male,47,Silver,TV,Khon Kaen,1717,Shopee,Bank_Transfer,10,11,0,0,40-50,57.233333333333334,4.0,2.0,0.5,75,81,3622.4974999999995,0.25,0.5,0.25,0.0,0.0,0,0,0.0,0.0,0,0,0.0,5868.53,1,1,1.0,14489.989999999998,4,2,0.5,1
LGS2ORD0040461,C013084,2025-11-17 10:00:00,Male,18,Bronze,TV,Phuket,1397,Shopee,COD,10,11,0,0,<20,46.56666666666667,3.0,1.0,0.3333333333333333,202,180,4588.596666666667,0.18,1.0,0.0,0.0,0.0,0,0,0.0,0.0,0,0,0.0,0.0,0,0,0.0,13765.79,3,1,0.3333333333333333,0
LGS2ORD0040462,C016723,2025-11-17 10:00:00,Female,46,Silver,Web,Nakhon Ratchasima,630,TV_Show,Credit_Card,10,11,0,0,40-50,21.0,4.0,0.0,0.0,-1,144,3797.395,0.2,0.0,0.0,0.0,0.0,0,0,0.0,0.0,0,0,0.0,0.0,0,0,0.0,15189.58,4,0,0.0,0
LGS2ORD0040463,C013186,2025-11-17 10:00:00,Female,40,Silver,Web,Chonburi,1035,Lazada,PromptPay,10,11,0,0,30-40,34.5,4.0,2.0,0.5,154,50,17430.817499999997,0.15,0.25,0.0,0.0,0.0,0,0,0.0,0.0,0,0,0.0,1058.73,1,0,0.0,69723.26999999999,4,2,0.5,0
LGS2ORD0040464,C014625,2025-11-17 11:00:00,Male,40,Bronze,TV,Khon Kaen,341,Web,Bank_Transfer,11,11,0,0,30-40,11.366666666666667,3.0,1.0,0.3333333333333333,49,2,3626.92,0.23,0.6666666666666666,0.3333333333333333,0.0,7988.89,1,0,0.0,7988.89,1,0,0.0,8916.57,2,1,0.5,10880.76,3,1,0.3333333333333333,0
LGS2ORD0040465,C014836,2025-11-17 11:00:00,Male,51,Silver,TV,Remote_Area,1290,TV_Show,COD,11,11,0,0,>50,43.0,8.0,5.0,0.625,5,12,6680.253750000001,0.25,0.25,0.125,0.0,0.0,0,0,0.0,18598.95,2,1,0.5,43213.630000000005,6,4,0.6666666666666666,53442.030000000006,8,5,0.625,1
LGS2ORD0040466,C012483,2025-11-17 11:00:00,Male,36,Silver,TV,Khon Kaen,1770,Shopee,PromptPay,11,11,0,0,30-40,59.0,8.0,3.0,0.375,194,80,1832.3987499999998,0.3,0.5,0.375,0.0,0.0,0,0,0.0,0.0,0,0,0.0,2153.05,1,0,0.0,14659.189999999999,8,3,0.375,1
LGS2ORD0040467,C012029,2025-11-17 11:00:00,Male,35,Bronze,Web,Bangkok,359,CallCenter,Credit_Card,11,11,0,0,30-40,11.966666666666667,3.0,0.0,0.0,-1,82,2883.906666666667,0.28,0.3333333333333333,0.3333333333333333,0.0,0.0,0,0,0.0,0.0,0,0,0.0,6849.68,2,0,0.0,8651.720000000001,3,0,0.0,0
LGS2ORD0040468,C012490,2025-11-17 11:00:00,Female,52,Bronze,TV,Remote_Area,350,Web,COD,11,11,0,0,>50,11.666666666666666,11.0,3.0,0.2727272727272727,19,30,4484.506363636363,0.28,0.36363636363636365,0.36363636363636365,0.0,0.0,0,0,0.0,0.0,0,0,0.0,21609.6,1,1,1.0,49329.56999999999,11,3,0.2727272727272727,0
LGS2ORD0040469,C013982,2025-11-17 12:00:00,Female,39,Silver,Shopee,Nakhon Ratchasima,1702,Shopee,COD,12,11,0,0,30-40,56.733333333333334,6.0,3.0,0.5,163,65,6793.706666666666,0.3,0.6666666666666666,0.16666666666666666,0.0,0.0,0,0,0.0,0.0,0,0,0.0,8333.24,1,0,0.0,40762.24,6,3,0.5,1
LGS2ORD0040470,C010139,2025-11-17 12:00:00,Female,51,Silver,TV,Phuket,934,CallCenter,COD,12,11,0,0,>50,31.133333333333333,7.0,6.0,0.8571428571428571,20,33,4856.110000000001,0.3,0.7142857142857143,0.42857142857142855,0.0,0.0,0,0,0.0,0.0,0,0,0.0,17241.050000000003,2,2,1.0,33992.770000000004,7,6,0.8571428571428571,0
LGS2ORD0040471,C015789,2025-11-17 12:00:00,Male,46,Gold,TV,Chonburi,867,Lazada,Credit_Card,12,11,0,0,40-50,28.9,5.0,0.0,0.0,-1,14,2842.2160000000003,0.28,0.4,0.4,0.0,0.0,0,0,0.0,1621.77,1,0,0.0,5486.63,2,0,0.0,14211.080000000002,5,0,0.0,1
LGS2ORD0040472,C010152,2025-11-17 12:00:00,Female,30,Bronze,Web,Nakhon Ratchasima,798,TV_Show,Bank_Transfer,12,11,0,0,20-30,26.6,2.0,0.0,0.0,-1,277,1499.0900000000001,0.08,0.5,0.0,0.0,0.0,0,0,0.0,0.0,0,0,0.0,0.0,0,0,0.0,2998.1800000000003,2,0,0.0,0
LGS2ORD0040473,C010732,2025-11-17 12:00:00,Male,51,Gold,TV,Songkhla,691,TV_Show,Credit_Card,12,11,0,0,>50,23.033333333333335,4.0,0.0,0.0,-1,31,5612.885,0.18,0.25,0.0,0.0,0.0,0,0,0.0,0.0,0,0,0.0,12491.6,2,0,0.0,22451.54,4,0,0.0,0
LGS2ORD0040474,C017622,2025-11-17 12:00:00,Female,49,Silver,TV,Chiang Mai,1215,TV_Show,PromptPay,12,11,0,0,40-50,40.5,8.0,2.0,0.25,49,29,3077.56875,0.3,0.375,0.25,0.0,0.0,0,0,0.0,4904.86,1,0,0.0,7991.26,3,1,0.3333333333333333,24620.55,8,2,0.25,0
LGS2ORD0040475,C012046,2025-11-17 13:00:00,Female,48,Gold,Web,Nakhon Ratchasima,743,Shopee,COD,13,11,0,0,40-50,24.766666666666666,2.0,1.0,0.5,152,161,4552.16,0.13,0.5,0.0,0.0,0.0,0,0,0.0,0.0,0,0,0.0,0.0,0,0,0.0,9104.32,2,1,0.5,0
LGS2ORD0040476,C017816,2025-11-17 13:00:00,Male,58,Bronze,Shopee,Remote_Area,472,TV_Show,PromptPay,13,11,0,0,>50,15.733333333333333,7.0,2.0,0.2857142857142857,19,35,3319.2757142857145,0.23,0.7142857142857143,0.14285714285714285,0.0,0.0,0,0,0.0,0.0,0,0,0.0,4763.21,1,1,1.0,23234.93,7,2,0.2857142857142857,1
LGS2ORD0040477,C017499,2025-11-17 13:00:00,Female,41,Bronze,Shopee,Chonburi,1353,Shopee,Bank_Transfer,13,11,0,0,40-50,45.1,10.0,4.0,0.4,68,61,3706.4899999999993,0.23,0.7,0.3,0.0,0.0,0,0,0.0,0.0,0,0,0.0,2764.0,2,1,0.5,37064.899999999994,10,4,0.4,0
LGS2ORD0040478,C011926,2025-11-17 13:00:00,Male,47,Silver,Web,Nakhon Ratchasima,1048,TV_Show,Bank_Transfer,13,11,0,0,40-50,34.93333333333333,3.0,1.0,0.3333333333333333,190,157,5856.650000000001,0.15,0.6666666666666666,0.0,0.0,0.0,0,0,0.0,0.0,0,0,0.0,0.0,0,0,0.0,17569.95,3,1,0.3333333333333333,0
LGS2ORD0040479,C010300,2025-11-17 13:00:00,Female,41,Bronze,TV,Bangkok,1023,Shopee,COD,13,11,0,0,40-50,34.1,5.0,0.0,0.0,-1,0,4628.794,0.23,0.2,0.2,0.0,4412.12,1,0,0.0,4412.12,1,0,0.0,9943.349999999999,2,0,0.0,23143.969999999998,5,0,0.0,0
LGS2ORD0040480,C011833,2025-11-17 14:00:00,Female,37,Bronze,Lazada,Remote_Area,1178,Shopee,COD,14,11,0,0,30-40,39.266666666666666,8.0,1.0,0.125,290,6,4058.2062499999997,0.23,0.5,0.125,0.0,13455.06,1,0,0.0,18457.37,3,0,0.0,25467.409999999996,5,0,0.0,32465.649999999998,8,1,0.125,0
LGS2ORD0040481,C010588,2025-11-17 14:00:00,Male,40,Bronze,Shopee,Remote_Area,1417,Lazada,COD,14,11,0,0,30-40,47.233333333333334,6.0,0.0,0.0,-1,94,4577.986666666667,0.28,0.16666666666666666,0.5,0.0,0.0,0,0,0.0,0.0,0,0,0.0,0.0,0,0,0.0,27467.92,6,0,0.0,1
LGS2ORD0040482,C017150,2025-11-17 14:00:00,Female,52,Gold,Web,Chonburi,491,CallCenter,Credit_Card,14,11,0,0,>50,16.366666666666667,9.0,2.0,0.2222222222222222,72,34,4530.200000000001,0.28,0.3333333333333333,0.6666666666666666,0.0,0.0,0,0,0.0,0.0,0,0,0.0,10070.6,3,1,0.3333333333333333,40771.8,9,2,0.2222222222222222,1
LGS2ORD0040483,C017061,2025-11-17 14:00:00,Female,40,Bronze,Shopee,Bangkok,1041,Shopee,Credit_Card,14,11,0,0,30-40,34.7,7.0,1.0,0.14285714285714285,49,55,10058.671428571428,0.18,0.42857142857142855,0.0,0.0,0.0,0,0,0.0,0.0,0,0,0.0,5842.780000000001,2,1,0.5,70410.7,7,1,0.14285714285714285,0
LGS2ORD0040484,C010228,2025-11-17 14:00:00,Male,43,Bronze,TV,Songkhla,1736,CallCenter,COD,14,11,0,0,40-50,57.86666666666667,7.0,1.0,0.14285714285714285,136,5,6551.794285714285,0.23,0.2857142857142857,0.14285714285714285,0.0,13971.54,1,0,0.0,13971.54,1,0,0.0,21515.09,2,0,0.0,45862.56,7,1,0.14285714285714285,0
LGS2ORD0040485,C011922,2025-11-17 15:00:00,Female,25,Gold,Shopee,Chonburi,1461,TV_Show,COD,15,11,0,0,20-30,48.7,7.0,1.0,0.14285714285714285,185,92,3588.452857142857,0.2299999999999999,0.2857142857142857,0.14285714285714285,0.0,0.0,0,0,0.0,0.0,0,0,0.0,0.0,0,0,0.0,25119.17,7,1,0.14285714285714285,0
LGS2ORD0040486,C011683,2025-11-17 15:00:00,Female,36,Bronze,Web,Songkhla,802,CallCenter,Credit_Card,15,11,0,0,30-40,26.733333333333334,2.0,0.0,0.0,-1,102,6489.735000000001,0.18,0.5,0.0,0.0,0.0,0,0,0.0,0.0,0,0,0.0,0.0,0,0,0.0,12979.470000000001,2,0,0.0,0
LGS2ORD0040487,C011201,2025-11-17 15:00:00,Female,41,Silver,Web,Chonburi,796,CallCenter,Credit_Card,15,11,0,0,40-50,26.533333333333335,3.0,1.0,0.3333333333333333,174,124,4241.8966666666665,0.2,0.3333333333333333,0.0,0.0,0.0,0,0,0.0,0.0,0,0,0.0,0.0,0,0,0.0,12725.689999999999,3,1,0.3333333333333333,0
LGS2ORD0040488,C015527,2025-11-17 15:00:00,Male,58,Bronze,Lazada,Bangkok,505,Web,Credit_Card,15,11,0,0,>50,16.833333333333332,6.0,1.0,0.16666666666666666,89,16,5493.739999999999,0.28,0.5,0.16666666666666666,0.0,0.0,0,0,0.0,732.2,1,0,0.0,21692.39,3,0,0.0,32962.439999999995,6,1,0.16666666666666666,0
LGS2ORD0040489,C011745,2025-11-17 15:00:00,Female,38,Gold,TV,Bangkok,740,Web,COD,15,11,0,0,30-40,24.666666666666668,2.0,0.0,0.0,-1,166,6942.885,0.2299999999999999,0.5,0.5,0.0,0.0,0,0,0.0,0.0,0,0,0.0,0.0,0,0,0.0,13885.77,2,0,0.0,0
LGS2ORD0040490,C011685,2025-11-17 15:00:00,Female,53,Gold,TV,Bangkok,1506,Web,Credit_Card,15,11,0,0,>50,50.2,6.0,3.0,0.5,118,121,7244.240000000001,0.33,0.6666666666666666,0.6666666666666666,0.0,0.0,0,0,0.0,0.0,0,0,0.0,0.0,0,0,0.0,43465.44,6,3,0.5,0
LGS2ORD0040491,C011443,2025-11-17 16:00:00,Male,36,Bronze,Lazada,Nakhon Ratchasima,715,Shopee,Bank_Transfer,16,11,0,0,30-40,23.833333333333332,0.0,0.0,0.0,-1,-1,0.0,0.0,0.0,0.0,0.0,0.0,0,0,0.0,0.0,0,0,0.0,0.0,0,0,0.0,0.0,0,0,0.0,0
LGS2ORD0040492,C015662,2025-11-17 16:00:00,Female,42,Silver,Web,Chonburi,473,Shopee,COD,16,11,0,0,40-50,15.766666666666667,7.0,1.0,0.14285714285714285,169,22,1656.4614285714288,0.25,0.7142857142857143,0.14285714285714285,0.0,0.0,0,0,0.0,416.12,1,0,0.0,416.12,1,0,0.0,11595.230000000001,7,1,0.14285714285714285,0
LGS2ORD0040493,C013064,2025-11-17 16:00:00,Male,32,Platinum,Web,Khon Kaen,656,TV_Show,COD,16,11,0,0,30-40,21.866666666666667,6.0,3.0,0.5,23,37,4290.103333333333,0.3,0.6666666666666666,0.3333333333333333,0.0,0.0,0,0,0.0,0.0,0,0,0.0,9679.05,2,2,1.0,25740.619999999995,6,3,0.5,1
LGS2ORD0040494,C010331,2025-11-17 16:00:00,Female,54,Silver,TV,Bangkok,693,TV_Show,COD,16,11,0,0,>50,23.1,5.0,0.0,0.0,-1,200,3555.46,0.25,0.4,0.4,0.0,0.0,0,0,0.0,0.0,0,0,0.0,0.0,0,0,0.0,17777.3,5,0,0.0,0
LGS2ORD0040495,C015144,2025-11-17 16:00:00,Male,56,Gold,Shopee,Chiang Mai,398,Web,Credit_Card,16,11,0,0,>50,13.266666666666667,7.0,1.0,0.14285714285714285,101,57,5278.032857142856,0.33,0.7142857142857143,0.2857142857142857,0.0,0.0,0,0,0.0,0.0,0,0,0.0,2689.52,1,0,0.0,36946.229999999996,7,1,0.14285714285714285,0
LGS2ORD0040496,C014872,2025-11-17 17:00:00,Male,46,Bronze,CallCenter,Nakhon Ratchasima,671,Web,COD,17,11,0,0,40-50,22.366666666666667,10.0,2.0,0.2,195,26,5277.071000000001,0.23,0.4,0.3,0.0,0.0,0,0,0.0,1199.12,1,0,0.0,5365.14,3,0,0.0,52770.71000000001,10,2,0.2,1
LGS2ORD0040497,C010874,2025-11-17 17:00:00,Male,52,Bronze,Web,Bangkok,350,Shopee,Credit_Card,17,11,0,0,>50,11.666666666666666,4.0,0.0,0.0,-1,139,8297.1475,0.28,0.5,0.25,0.0,0.0,0,0,0.0,0.0,0,0,0.0,0.0,0,0,0.0,33188.59,4,0,0.0,0
LGS2ORD0040498,C015566,2025-11-17 17:00:00,Male,47,Bronze,TV,Bangkok,1097,TV_Show,COD,17,11,0,0,40-50,36.56666666666667,5.0,0.0,0.0,-1,46,5586.342,0.23,0.6,0.2,0.0,0.0,0,0,0.0,0.0,0,0,0.0,12522.38,1,0,0.0,27931.71,5,0,0.0,1
LGS2ORD0040499,C016143,2025-11-17 17:00:00,Male,33,Gold,TV,Bangkok,1432,Shopee,COD,17,11,0,0,30-40,47.733333333333334,2.0,0.0,0.0,-1,148,14973.179999999998,0.2299999999999999,0.0,0.5,0.0,0.0,0,0,0.0,0.0,0,0,0.0,0.0,0,0,0.0,29946.359999999997,2,0,0.0,0
LGS2ORD0040500,C017883,2025-11-17 17:00:00,Female,56,Bronze,TV,Bangkok,1381,Shopee,PromptPay,17,11,0,0,>50,46.03333333333333,3.0,0.0,0.0,-1,7,4759.493333333334,0.28,0.3333333333333333,0.3333333333333333,0.0,0.0,0,0,0.0,1571.35,1,0,0.0,14278.480000000001,3,0,0.0,14278.480000000001,3,0,0.0,0
LGS2ORD0040501,C013301,2025-11-17 18:00:00,Female,42,Bronze,Web,Nakhon Ratchasima,1335,Lazada,COD,18,11,0,0,40-50,44.5,9.0,2.0,0.2222222222222222,164,1,4851.903333333334,0.28,0.5555555555555556,0.1111111111111111,0.0,1197.14,1,0,0.0,15943.74,2,0,0.0,15943.74,2,0,0.0,43667.130000000005,9,2,0.2222222222222222,1
LGS2ORD0040502,C013867,2025-11-17 18:00:00,Male,56,Silver,Shopee,Chonburi,1024,TV_Show,Bank_Transfer,18,11,0,0,>50,34.13333333333333,3.0,0.0,0.0,-1,173,7349.663333333333,0.2,0.6666666666666666,0.0,0.0,0.0,0,0,0.0,0.0,0,0,0.0,0.0,0,0,0.0,22048.989999999998,3,0,0.0,1
LGS2ORD0040503,C014368,2025-11-17 18:00:00,Male,64,Silver,TV,Khon Kaen,826,TV_Show,PromptPay,18,11,0,0,>50,27.533333333333335,0.0,0.0,0.0,-1,-1,0.0,0.0,0.0,0.0,0.0,0.0,0,0,0.0,0.0,0,0,0.0,0.0,0,0,0.0,0.0,0,0,0.0,1
LGS2ORD0040504,C016264,2025-11-17 18:00:00,Female,45,Gold,TV,Chonburi,1071,TV_Show,COD,18,11,0,0,40-50,35.7,7.0,0.0,0.0,-1,3,5982.522857142858,0.28,0.5714285714285714,0.2857142857142857,0.0,2956.07,1,0,0.0,2956.07,1,0,0.0,2956.07,1,0,0.0,41877.66,7,0,0.0,0
LGS2ORD0040505,C016705,2025-11-17 18:00:00,Male,50,Bronze,Shopee,Bangkok,675,TV_Show,Credit_Card,18,11,0,0,40-50,22.5,3.0,1.0,0.3333333333333333,278,147,9787.626666666665,0.18,0.0,0.0,0.0,0.0,0,0,0.0,0.0,0,0,0.0,0.0,0,0,0.0,29362.879999999997,3,1,0.3333333333333333,0
LGS2ORD0040506,C012228,2025-11-17 19:00:00,Female,45,Bronze,Web,Bangkok,578,TV_Show,COD,19,11,0,0,40-50,19.266666666666666,3.0,0.0,0.0,-1,235,3703.3233333333337,0.13,0.0,0.0,0.0,0.0,0,0,0.0,0.0,0,0,0.0,0.0,0,0,0.0,11109.970000000001,3,0,0.0,0
LGS2ORD0040507,C014256,2025-11-17 19:00:00,Male,51,Silver,TV,Bangkok,510,Web,Bank_Transfer,19,11,0,0,>50,17.0,3.0,0.0,0.0,-1,52,3532.5366666666664,0.25,0.6666666666666666,0.6666666666666666,0.0,0.0,0,0,0.0,0.0,0,0,0.0,3419.93,1,0,0.0,10597.609999999999,3,0,0.0,0
LGS2ORD0040508,C017029,2025-11-17 19:00:00,Female,56,Silver,Shopee,Remote_Area,1058,CallCenter,COD,19,11,0,0,>50,35.266666666666666,6.0,4.0,0.6666666666666666,-8,3,8042.188333333333,0.3,0.5,0.3333333333333333,0.0,1711.52,1,1,1.0,2783.64,2,2,1.0,3657.3999999999996,3,3,1.0,48253.13,6,4,0.6666666666666666,1
LGS2ORD0040509,C016035,2025-11-17 19:00:00,Female,38,Silver,Lazada,Chonburi,1538,Lazada,PromptPay,19,11,0,0,30-40,51.266666666666666,6.0,3.0,0.5,54,9,4296.013333333333,0.2,0.5,0.0,0.0,0.0,0,0,0.0,4326.74,1,0,0.0,8087.67,2,1,0.5,25776.08,6,3,0.5,1
LGS2ORD0040510,C012529,2025-11-17 19:00:00,Female,51,Silver,TV,Remote_Area,1717,Shopee,COD,19,11,0,0,>50,57.233333333333334,16.0,7.0,0.4375,11,8,8638.427500000002,0.3,0.625,0.1875,0.0,0.0,0,0,0.0,15626.119999999999,3,1,0.3333333333333333,102162.95,9,3,0.3333333333333333,138214.84000000003,16,7,0.4375,1
LGS2ORD0040511,C011674,2025-11-17 19:00:00,Male,45,Gold,Web,Phuket,1635,CallCenter,COD,19,11,0,0,40-50,54.5,4.0,0.0,0.0,-1,50,4550.385,0.33,0.25,0.25,0.0,0.0,0,0,0.0,0.0,0,0,0.0,4125.39,1,0,0.0,18201.54,4,0,0.0,0
LGS2ORD0040512,C016554,2025-11-17 20:00:00,Female,39,Bronze,TV,Chiang Mai,1076,Lazada,Credit_Card,20,11,0,0,30-40,35.86666666666667,10.0,3.0,0.3,7,24,9962.744999999999,0.28,0.8,0.3,0.0,0.0,0,0,0.0,4598.21,1,1,1.0,15958.48,3,2,0.6666666666666666,99627.45,10,3,0.3,0
LGS2ORD0040513,C010595,2025-11-17 20:00:00,Female,62,Bronze,Web,Phuket,962,TV_Show,COD,20,11,0,0,>50,32.06666666666667,10.0,6.0,0.6,-1,8,9376.982,0.23,0.5,0.2,0.0,0.0,0,0,0.0,5762.41,3,1,0.3333333333333333,55667.00000000001,5,3,0.6,93769.82,10,6,0.6,1
LGS2ORD0040514,C014128,2025-11-17 20:00:00,Male,40,Platinum,CallCenter,Remote_Area,1326,Shopee,Credit_Card,20,11,0,0,30-40,44.2,3.0,0.0,0.0,-1,46,2713.483333333333,0.15,0.0,0.0,0.0,0.0,0,0,0.0,0.0,0,0,0.0,3188.82,2,0,0.0,8140.45,3,0,0.0,1
LGS2ORD0040515,C012063,2025-11-17 20:00:00,Female,59,Silver,Shopee,Chiang Mai,1547,Shopee,PromptPay,20,11,0,0,>50,51.56666666666667,6.0,0.0,0.0,-1,41,4385.261666666667,0.3,0.6666666666666666,0.3333333333333333,0.0,0.0,0,0,0.0,0.0,0,0,0.0,10643.67,3,0,0.0,26311.570000000003,6,0,0.0,0
LGS2ORD0040516,C012699,2025-11-17 20:00:00,Female,34,Gold,TV,Bangkok,598,Web,COD,20,11,0,0,30-40,19.933333333333334,2.0,0.0,0.0,-1,95,1430.4650000000001,0.2299999999999999,0.0,0.5,0.0,0.0,0,0,0.0,0.0,0,0,0.0,0.0,0,0,0.0,2860.9300000000003,2,0,0.0,0
LGS2ORD0040517,C016703,2025-11-17 21:00:00,Female,34,Bronze,Lazada,Bangkok,1223,Shopee,COD,21,11,0,0,30-40,40.766666666666666,9.0,3.0,0.3333333333333333,63,43,2321.5155555555557,0.28,0.6666666666666666,0.2222222222222222,0.0,0.0,0,0,0.0,0.0,0,0,0.0,4543.18,3,2,0.6666666666666666,20893.64,9,3,0.3333333333333333,1
LGS2ORD0040518,C011082,2025-11-17 21:00:00,Female,55,Bronze,TV,Chonburi,568,Lazada,Bank_Transfer,21,11,0,0,>50,18.933333333333334,7.0,2.0,0.2857142857142857,179,27,5120.184285714286,0.28,0.42857142857142855,0.2857142857142857,0.0,0.0,0,0,0.0,12194.96,1,0,0.0,20553.21,2,0,0.0,35841.29,7,2,0.2857142857142857,0
LGS2ORD0040519,C012846,2025-11-17 21:00:00,Male,37,Silver,TV,Chonburi,981,Lazada,Credit_Card,21,11,0,0,30-40,32.7,6.0,0.0,0.0,-1,0,3590.3316666666665,0.15,0.5,0.0,0.0,3584.68,1,0,0.0,3584.68,1,0,0.0,3584.68,1,0,0.0,21541.989999999998,6,0,0.0,0
LGS2ORD0040520,C017992,2025-11-17 21:00:00,Male,67,Bronze,Web,Songkhla,1512,Shopee,PromptPay,21,11,0,0,>50,50.4,13.0,6.0,0.46153846153846156,63,76,5087.713846153846,0.23,0.46153846153846156,0.15384615384615385,0.0,0.0,0,0,0.0,0.0,0,0,0.0,19631.56,1,1,1.0,66140.28,13,6,0.46153846153846156,0
LGS2ORD0040521,C017520,2025-11-17 21:00:00,Male,48,Bronze,Web,Chiang Mai,1221,Shopee,COD,21,11,0,0,40-50,40.7,5.0,2.0,0.4,15,24,9797.488000000001,0.18,0.6,0.0,0.0,0.0,0,0,0.0,14403.14,1,1,1.0,14403.14,1,1,1.0,48987.44,5,2,0.4,1
LGS2ORD0040522,C015506,2025-11-17 22:00:00,Male,37,Silver,Shopee,Khon Kaen,389,CallCenter,Credit_Card,22,11,0,0,30-40,12.966666666666667,4.0,0.0,0.0,-1,12,6560.6224999999995,0.1,0.25,0.0,0.0,0.0,0,0,0.0,845.09,1,0,0.0,845.09,1,0,0.0,26242.489999999998,4,0,0.0,1
LGS2ORD0040523,C016475,2025-11-17 22:00:00,Other,35,Platinum,Web,Khon Kaen,1435,Shopee,PromptPay,22,11,0,0,30-40,47.833333333333336,7.0,1.0,0.14285714285714285,105,84,5143.517142857143,0.35,0.42857142857142855,0.2857142857142857,0.0,0.0,0,0,0.0,0.0,0,0,0.0,591.6,1,0,0.0,36004.62,7,1,0.14285714285714285,0
LGS2ORD0040524,C017759,2025-11-17 22:00:00,Male,45,Bronze,CallCenter,Chonburi,901,Web,Credit_Card,22,11,0,0,40-50,30.033333333333335,5.0,1.0,0.2,108,42,6338.516,0.23,0.8,0.2,0.0,0.0,0,0,0.0,0.0,0,0,0.0,1145.72,1,0,0.0,31692.579999999998,5,1,0.2,0
LGS2ORD0040525,C013427,2025-11-17 22:00:00,Male,53,Bronze,Shopee,Phuket,1690,CallCenter,COD,22,11,0,0,>50,56.333333333333336,7.0,4.0,0.5714285714285714,4,17,4494.04142857143,0.28,0.7142857142857143,0.42857142857142855,0.0,0.0,0,0,0.0,548.79,1,1,1.0,548.79,1,1,1.0,31458.290000000005,7,4,0.5714285714285714,0
LGS2ORD0040526,C017724,2025-11-17 22:00:00,Male,46,Platinum,TV,Nakhon Ratchasima,1150,Web,Credit_Card,22,11,0,0,40-50,38.333333333333336,7.0,4.0,0.5714285714285714,118,124,2568.6685714285713,0.35,0.42857142857142855,0.5714285714285714,0.0,0.0,0,0,0.0,0.0,0,0,0.0,0.0,0,0,0.0,17980.68,7,4,0.5714285714285714,1
LGS2ORD0040527,C017635,2025-11-17 23:00:00,Other,19,Bronze,Web,Nakhon Ratchasima,465,TV_Show,COD,23,11,0,0,<20,15.5,3.0,2.0,0.6666666666666666,177,86,2545.4,0.18,0.0,0.0,0.0,0.0,0,0,0.0,0.0,0,0,0.0,1352.43,1,0,0.0,7636.200000000001,3,2,0.6666666666666666,0
LGS2ORD0040528,C013886,2025-11-17 23:00:00,Male,33,Silver,CallCenter,Bangkok,1526,Web,PromptPay,23,11,0,0,30-40,50.86666666666667,1.0,0.0,0.0,-1,200,1116.91,0.05,1.0,0.0,0.0,0.0,0,0,0.0,0.0,0,0,0.0,0.0,0,0,0.0,1116.91,1,0,0.0,1
LGS2ORD0040529,C016476,2025-11-17 23:00:00,Female,46,Silver,Web,Remote_Area,1038,Web,COD,23,11,0,0,40-50,34.6,4.0,1.0,0.25,137,140,2514.8,0.25,0.75,0.25,0.0,0.0,0,0,0.0,0.0,0,0,0.0,0.0,0,0,0.0,10059.2,4,1,0.25,0
LGS2ORD0040530,C013227,2025-11-17 23:00:00,Male,48,Silver,CallCenter,Chiang Mai,1516,Shopee,COD,23,11,0,0,40-50,50.53333333333333,3.0,0.0,0.0,-1,113,11386.61,0.1,0.3333333333333333,0.0,0.0,0.0,0,0,0.0,0.0,0,0,0.0,0.0,0,0,0.0,34159.83,3,0,0.0,0
LGS2ORD0040531,C014412,2025-11-17 23:00:00,Other,48,Gold,TV,Bangkok,1016,TV_Show,PromptPay,23,11,0,0,40-50,33.86666666666667,4.0,0.0,0.0,-1,18,3756.8775,0.2299999999999999,0.75,0.25,0.0,0.0,0,0,0.0,9991.86,1,0,0.0,9991.86,1,0,0.0,15027.51,4,0,0.0,1
LGS2ORD0040532,C011397,2025-11-17 23:00:00,Male,51,Silver,Web,Songkhla,701,Lazada,Credit_Card,23,11,0,0,>50,23.366666666666667,3.0,0.0,0.0,-1,27,2248.693333333333,0.2,0.6666666666666666,0.0,0.0,0.0,0,0,0.0,1575.75,1,0,0.0,3381.49,2,0,0.0,6746.08,3,0,0.0,0
LGS2ORD0040533,C015412,2025-11-18 00:00:00,Male,39,Silver,Shopee,Nakhon Ratchasima,796,TV_Show,PromptPay,0,11,1,0,30-40,26.533333333333335,10.0,3.0,0.3,79,75,7538.647999999999,0.25,0.5,0.2,0.0,0.0,0,0,0.0,0.0,0,0,0.0,1402.88,1,0,0.0,75386.48,10,3,0.3,0
LGS2ORD0040534,C015684,2025-11-18 00:00:00,Female,45,Gold,Shopee,Chiang Mai,1070,TV_Show,Credit_Card,0,11,1,0,40-50,35.666666666666664,3.0,1.0,0.3333333333333333,167,105,3082.686666666667,0.18,0.3333333333333333,0.0,0.0,0.0,0,0,0.0,0.0,0,0,0.0,0.0,0,0,0.0,9248.060000000001,3,1,0.3333333333333333,0
LGS2ORD0040535,C014729,2025-11-18 00:00:00,Female,57,Bronze,CallCenter,Bangkok,1699,Shopee,Bank_Transfer,0,11,1,0,>50,56.63333333333333,10.0,1.0,0.1,159,9,3672.2839999999997,0.28,0.7,0.3,0.0,0.0,0,0,0.0,4914.6,1,0,0.0,16392.86,3,0,0.0,36722.84,10,1,0.1,0
LGS2ORD0040536,C014541,2025-11-18 00:00:00,Female,48,Bronze,Lazada,Phuket,967,CallCenter,PromptPay,0,11,1,0,40-50,32.233333333333334,7.0,3.0,0.42857142857142855,48,11,4377.067142857143,0.23,0.7142857142857143,0.7142857142857143,0.0,0.0,0,0,0.0,1558.8,1,0,0.0,9250.22,3,2,0.6666666666666666,30639.47,7,3,0.42857142857142855,0
LGS2ORD0040537,C013713,2025-11-18 00:00:00,Male,47,Bronze,TV,Bangkok,723,TV_Show,PromptPay,0,11,1,0,40-50,24.1,8.0,3.0,0.375,67,11,7037.6375,0.28,0.5,0.5,0.0,0.0,0,0,0.0,20360.06,1,0,0.0,25863.99,2,1,0.5,56301.1,8,3,0.375,0
LGS2ORD0040538,C012667,2025-11-18 01:00:00,Female,43,Bronze,Shopee,Phuket,607,Shopee,COD,1,11,1,0,40-50,20.233333333333334,5.0,0.0,0.0,-1,6,5548.075999999999,0.28,0.4,0.4,0.0,13318.98,1,0,0.0,13318.98,1,0,0.0,13318.98,1,0,0.0,27740.379999999997,5,0,0.0,1
LGS2ORD0040539,C010558,2025-11-18 01:00:00,Male,35,Bronze,Shopee,Bangkok,389,TV_Show,Credit_Card,1,11,1,0,30-40,12.966666666666667,7.0,0.0,0.0,-1,7,7467.937142857144,0.28,0.2857142857142857,0.2857142857142857,0.0,0.0,0,0,0.0,11800.24,2,0,0.0,15492.77,3,0,0.0,52275.560000000005,7,0,0.0,0
LGS2ORD0040540,C015936,2025-11-18 01:00:00,Male,33,Silver,Lazada,Bangkok,349,TV_Show,Credit_Card,1,11,1,0,30-40,11.633333333333333,4.0,0.0,0.0,-1,7,697.565,0.3,0.25,0.75,0.0,999.48,1,0,0.0,1491.0900000000001,2,0,0.0,1914.05,3,0,0.0,2790.26,4,0,0.0,0
LGS2ORD0040541,C010644,2025-11-18 01:00:00,Male,55,Bronze,Lazada,Bangkok,953,Lazada,Bank_Transfer,1,11,1,0,>50,31.766666666666666,9.0,1.0,0.1111111111111111,295,81,12106.536666666667,0.28,0.5555555555555556,0.1111111111111111,0.0,0.0,0,0,0.0,0.0,0,0,0.0,1515.18,1,0,0.0,108958.83,9,1,0.1111111111111111,1
LGS2ORD0040542,C010830,2025-11-18 01:00:00,Male,35,Silver,TV,Chonburi,782,TV_Show,COD,1,11,1,0,30-40,26.066666666666666,4.0,1.0,0.25,220,188,2884.65,0.25,0.5,0.25,0.0,0.0,0,0,0.0,0.0,0,0,0.0,0.0,0,0,0.0,11538.6,4,1,0.25,0
LGS2ORD0040543,C011845,2025-11-18 02:00:00,Female,27,Bronze,TV,Remote_Area,1012,Shopee,COD,2,11,1,0,20-30,33.733333333333334,7.0,4.0,0.5714285714285714,-7,3,3708.787142857142,0.18,0.5714285714285714,0.0,0.0,1579.6,1,1,1.0,1579.6,1,1,1.0,6349.25,2,1,0.5,25961.509999999995,7,4,0.5714285714285714,1
LGS2ORD0040544,C010140,2025-11-18 02:00:00,Female,26,Gold,CallCenter,Songkhla,599,Shopee,COD,2,11,1,0,20-30,19.966666666666665,3.0,1.0,0.3333333333333333,268,19,6339.166666666667,0.28,1.0,0.6666666666666666,0.0,0.0,0,0,0.0,5971.95,1,0,0.0,5971.95,1,0,0.0,19017.5,3,1,0.3333333333333333,0
LGS2ORD0040545,C017882,2025-11-18 02:00:00,Female,46,Bronze,CallCenter,Khon Kaen,501,Web,COD,2,11,1,0,40-50,16.7,5.0,0.0,0.0,-1,65,8331.028,0.18,0.4,0.0,0.0,0.0,0,0,0.0,0.0,0,0,0.0,7054.32,1,0,0.0,41655.14,5,0,0.0,0
LGS2ORD0040546,C011913,2025-11-18 02:00:00,Female,46,Bronze,Web,Bangkok,1157,TV_Show,Credit_Card,2,11,1,0,40-50,38.56666666666667,6.0,0.0,0.0,-1,52,5662.976666666666,0.28,0.5,0.16666666666666666,0.0,0.0,0,0,0.0,0.0,0,0,0.0,3517.61,1,0,0.0,33977.85999999999,6,0,0.0,0
LGS2ORD0040547,C013909,2025-11-18 02:00:00,Female,38,Bronze,Web,Chiang Mai,347,Web,Credit_Card,2,11,1,0,30-40,11.566666666666666,3.0,2.0,0.6666666666666666,89,96,1668.22,0.28,0.3333333333333333,0.3333333333333333,0.0,0.0,0,0,0.0,0.0,0,0,0.0,0.0,0,0,0.0,5004.66,3,2,0.6666666666666666,1
LGS2ORD0040548,C017112,2025-11-18 03:00:00,Other,47,Silver,Web,Nakhon Ratchasima,1405,TV_Show,COD,3,11,1,0,40-50,46.833333333333336,1.0,0.0,0.0,-1,128,12824.24,0.1,1.0,0.0,0.0,0.0,0,0,0.0,0.0,0,0,0.0,0.0,0,0,0.0,12824.24,1,0,0.0,1
LGS2ORD0040549,C016390,2025-11-18 03:00:00,Male,28,Silver,Lazada,Bangkok,932,Shopee,COD,3,11,1,0,20-30,31.066666666666666,5.0,2.0,0.4,225,15,2150.916,0.25,0.4,0.6,0.0,0.0,0,0,0.0,2665.33,1,0,0.0,3903.51,2,0,0.0,10754.58,5,2,0.4,0
LGS2ORD0040550,C015680,2025-11-18 03:00:00,Male,66,Bronze,Shopee,Remote_Area,1335,Web,COD,3,11,1,0,>50,44.5,9.0,2.0,0.2222222222222222,85,8,6729.572222222221,0.28,0.6666666666666666,0.4444444444444444,0.0,0.0,0,0,0.0,23174.98,1,0,0.0,24571.16,2,0,0.0,60566.149999999994,9,2,0.2222222222222222,0
LGS2ORD0040551,C016480,2025-11-18 03:00:00,Female,57,Silver,Web,Bangkok,1210,Shopee,Credit_Card,3,11,1,0,>50,40.333333333333336,3.0,0.0,0.0,-1,13,7367.003333333333,0.3,0.6666666666666666,0.3333333333333333,0.0,0.0,0,0,0.0,6423.66,1,0,0.0,16372.8,2,0,0.0,22101.01,3,0,0.0,0
LGS2ORD0040552,C013555,2025-11-18 03:00:00,Female,38,Platinum,CallCenter,Bangkok,1605,Web,COD,3,11,1,0,30-40,53.5,5.0,3.0,0.6,-8,4,7990.674000000001,0.35,0.4,0.4,0.0,14711.79,1,1,1.0,14711.79,1,1,1.0,22667.45,3,1,0.3333333333333333,39953.37,5,3,0.6,0
LGS2ORD0040553,C017425,2025-11-18 03:00:00,Male,42,Bronze,TV,Bangkok,1317,Lazada,COD,3,11,1,0,40-50,43.9,4.0,0.0,0.0,-1,21,2625.9225,0.28,0.5,0.5,0.0,0.0,0,0,0.0,2623.46,1,0,0.0,6353.76,2,0,0.0,10503.69,4,0,0.0,0
LGS2ORD0040554,C015970,2025-11-18 04:00:00,Male,31,Gold,Web,Bangkok,1237,Shopee,Credit_Card,4,11,1,0,30-40,41.233333333333334,6.0,2.0,0.3333333333333333,36,51,3477.4616666666666,0.28,0.6666666666666666,0.3333333333333333,0.0,0.0,0,0,0.0,0.0,0,0,0.0,5955.58,1,1,1.0,20864.77,6,2,0.3333333333333333,0
LGS2ORD0040555,C016004,2025-11-18 04:00:00,Female,41,Bronze,CallCenter,Khon Kaen,796,Web,COD,4,11,1,0,40-50,26.533333333333335,2.0,0.0,0.0,-1,29,22681.715,0.23,0.0,0.5,0.0,0.0,0,0,0.0,7221.31,1,0,0.0,7221.31,1,0,0.0,45363.43,2,0,0.0,0
LGS2ORD0040556,C014094,2025-11-18 04:00:00,Female,28,Bronze,Lazada,Chiang Mai,729,Web,Bank_Transfer,4,11,1,0,20-30,24.3,2.0,0.0,0.0,-1,36,950.7650000000001,0.08,0.0,0.0,0.0,0.0,0,0,0.0,0.0,0,0,0.0,325.14,1,0,0.0,1901.5300000000002,2,0,0.0,0
LGS2ORD0040557,C010921,2025-11-18 04:00:00,Female,39,Gold,Shopee,Remote_Area,1083,CallCenter,Bank_Transfer,4,11,1,0,30-40,36.1,5.0,0.0,0.0,-1,174,6427.255999999999,0.28,0.6,0.4,0.0,0.0,0,0,0.0,0.0,0,0,0.0,0.0,0,0,0.0,32136.28,5,0,0.0,1
LGS2ORD0040558,C014640,2025-11-18 04:00:00,Female,57,Bronze,TV,Phuket,614,Web,Credit_Card,4,11,1,0,>50,20.466666666666665,6.0,3.0,0.5,138,20,7310.901666666668,0.18,0.8333333333333334,0.0,0.0,0.0,0,0,0.0,4101.94,1,0,0.0,4101.94,1,0,0.0,43865.41,6,3,0.5,1
LGS2ORD0040559,C011391,2025-11-18 05:00:00,Male,50,Bronze,Web,Bangkok,726,Web,COD,5,11,1,0,40-50,24.2,7.0,1.0,0.14285714285714285,175,13,3182.1200000000003,0.18,0.7142857142857143,0.0,0.0,0.0,0,0,0.0,1507.33,1,0,0.0,5411.91,2,0,0.0,22274.840000000004,7,1,0.14285714285714285,0
LGS2ORD0040560,C017390,2025-11-18 05:00:00,Female,30,Gold,Web,Chiang Mai,531,Web,COD,5,11,1,0,20-30,17.7,3.0,2.0,0.6666666666666666,120,127,2107.7599999999998,0.33,0.0,0.6666666666666666,0.0,0.0,0,0,0.0,0.0,0,0,0.0,0.0,0,0,0.0,6323.28,3,2,0.6666666666666666,1
LGS2ORD0040561,C010207,2025-11-18 05:00:00,Female,49,Bronze,CallCenter,Songkhla,471,Shopee,COD,5,11,1,0,40-50,15.7,5.0,2.0,0.4,177,107,7505.287999999999,0.18,0.4,0.0,0.0,0.0,0,0,0.0,0.0,0,0,0.0,0.0,0,0,0.0,37526.439999999995,5,2,0.4,1
LGS2ORD0040562,C014642,2025-11-18 05:00:00,Male,60,Silver,Shopee,Phuket,1699,CallCenter,COD,5,11,1,0,>50,56.63333333333333,9.0,2.0,0.2222222222222222,68,29,4374.835555555555,0.25,0.5555555555555556,0.2222222222222222,0.0,0.0,0,0,0.0,7480.29,1,0,0.0,36804.979999999996,5,1,0.2,39373.52,9,2,0.2222222222222222,0
LGS2ORD0040563,C016528,2025-11-18 05:00:00,Male,47,Bronze,TV,Remote_Area,1286,TV_Show,COD,5,11,1,0,40-50,42.86666666666667,9.0,4.0,0.4444444444444444,23,4,3233.8988888888885,0.28,0.6666666666666666,0.4444444444444444,0.0,12193.03,1,0,0.0,12674.49,2,0,0.0,20849.550000000003,4,1,0.25,29105.089999999997,9,4,0.4444444444444444,1
LGS2ORD0040564,C011822,2025-11-18 06:00:00,Female,48,Bronze,Web,Chonburi,759,TV_Show,COD,6,11,1,0,40-50,25.3,4.0,0.0,0.0,-1,12,4075.2,0.28,0.5,0.75,0.0,0.0,0,0,0.0,3326.13,1,0,0.0,12457.57,2,0,0.0,16300.8,4,0,0.0,1
LGS2ORD0040565,C014642,2025-11-18 06:00:00,Male,60,Silver,Shopee,Phuket,1699,Web,COD,6,11,1,0,>50,56.63333333333333,10.0,2.0,0.2,68,0,4208.639999999999,0.25,0.6,0.3,0.0,2712.88,1,0,0.0,10193.17,2,0,0.0,39517.85999999999,6,1,0.16666666666666666,42086.399999999994,10,2,0.2,0
LGS2ORD0040566,C014756,2025-11-18 06:00:00,Male,43,Bronze,Lazada,Bangkok,968,Web,Credit_Card,6,11,1,0,40-50,32.266666666666666,6.0,0.0,0.0,-1,7,3319.758333333333,0.18,0.0,0.0,0.0,0.0,0,0,0.0,9192.26,2,0,0.0,9192.26,2,0,0.0,19918.55,6,0,0.0,1
LGS2ORD0040567,C011786,2025-11-18 06:00:00,Male,58,Bronze,CallCenter,Bangkok,905,TV_Show,Bank_Transfer,6,11,1,0,>50,30.166666666666668,6.0,1.0,0.16666666666666666,81,26,7850.263333333333,0.18,0.6666666666666666,0.0,0.0,0.0,0,0,0.0,19128.12,1,0,0.0,38778.33,2,0,0.0,47101.58,6,1,0.16666666666666666,1
LGS2ORD0040568,C013594,2025-11-18 06:00:00,Male,39,Bronze,Lazada,Chonburi,1385,Lazada,PromptPay,6,11,1,0,30-40,46.166666666666664,8.0,1.0,0.125,179,49,6395.452499999999,0.18,0.5,0.0,0.0,0.0,0,0,0.0,0.0,0,0,0.0,32871.46,3,0,0.0,51163.619999999995,8,1,0.125,0
LGS2ORD0040569,C016455,2025-11-18 07:00:00,Female,20,Bronze,CallCenter,Bangkok,1509,TV_Show,Credit_Card,7,11,1,0,<20,50.3,6.0,1.0,0.16666666666666666,277,100,9596.210000000001,0.18,0.5,0.0,0.0,0.0,0,0,0.0,0.0,0,0,0.0,0.0,0,0,0.0,57577.26000000001,6,1,0.16666666666666666,0
LGS2ORD0040570,C010106,2025-11-18 07:00:00,Female,54,Bronze,Web,Chonburi,600,Web,Credit_Card,7,11,1,0,>50,20.0,0.0,0.0,0.0,-1,-1,0.0,0.0,0.0,0.0,0.0,0.0,0,0,0.0,0.0,0,0,0.0,0.0,0,0,0.0,0.0,0,0,0.0,0
LGS2ORD0040571,C011555,2025-11-18 07:00:00,Female,31,Silver,Web,Phuket,992,Shopee,Bank_Transfer,7,11,1,0,30-40,33.06666666666667,11.0,6.0,0.5454545454545454,39,15,5692.568181818182,0.3,0.5454545454545454,0.45454545454545453,0.0,0.0,0,0,0.0,5104.76,1,0,0.0,24937.92,3,2,0.6666666666666666,62618.25,11,6,0.5454545454545454,0
LGS2ORD0040572,C014091,2025-11-18 07:00:00,Female,39,Silver,Lazada,Bangkok,590,CallCenter,Credit_Card,7,11,1,0,30-40,19.666666666666668,5.0,1.0,0.2,288,155,2702.472,0.3,0.8,0.4,0.0,0.0,0,0,0.0,0.0,0,0,0.0,0.0,0,0,0.0,13512.36,5,1,0.2,0
LGS2ORD0040573,C014616,2025-11-18 07:00:00,Female,52,Gold,Shopee,Remote_Area,1086,CallCenter,COD,7,11,1,0,>50,36.2,4.0,1.0,0.25,172,180,2712.3374999999996,0.28,0.5,0.5,0.0,0.0,0,0,0.0,0.0,0,0,0.0,0.0,0,0,0.0,10849.349999999999,4,1,0.25,0
LGS2ORD0040574,C013515,2025-11-18 07:00:00,Male,32,Bronze,TV,Remote_Area,542,Shopee,COD,7,11,1,0,30-40,18.066666666666666,13.0,6.0,0.46153846153846156,49,12,3850.2653846153844,0.28,0.5384615384615384,0.07692307692307693,0.0,0.0,0,0,0.0,13496.2,1,0,0.0,32093.11,6,2,0.3333333333333333,50053.45,13,6,0.46153846153846156,1
LGS2ORD0040575,C017959,2025-11-18 08:00:00,Female,54,Silver,Web,Bangkok,1205,Shopee,COD,8,11,1,0,>50,40.166666666666664,3.0,1.0,0.3333333333333333,47,58,2055.226666666667,0.3,0.6666666666666666,0.3333333333333333,0.0,0.0,0,0,0.0,0.0,0,0,0.0,2123.86,1,1,1.0,6165.68,3,1,0.3333333333333333,0
LGS2ORD0040576,C010443,2025-11-18 08:00:00,Female,50,Silver,TV,Songkhla,1638,Web,COD,8,11,1,0,40-50,54.6,4.0,0.0,0.0,-1,74,8050.630000000001,0.2,0.5,0.0,0.0,0.0,0,0,0.0,0.0,0,0,0.0,13758.1,1,0,0.0,32202.520000000004,4,0,0.0,1
LGS2ORD0040577,C016701,2025-11-18 08:00:00,Female,42,Gold,Lazada,Chiang Mai,953,Shopee,COD,8,11,1,0,40-50,31.766666666666666,2.0,2.0,1.0,152,159,3421.035,0.28,0.5,0.5,0.0,0.0,0,0,0.0,0.0,0,0,0.0,0.0,0,0,0.0,6842.07,2,2,1.0,0
LGS2ORD0040578,C015983,2025-11-18 08:00:00,Female,40,Gold,Lazada,Bangkok,1457,Lazada,Credit_Card,8,11,1,0,30-40,48.56666666666667,2.0,1.0,0.5,16,23,2231.26,0.33,0.0,0.5,0.0,0.0,0,0,0.0,3743.59,1,1,1.0,3743.59,1,1,1.0,4462.52,2,1,0.5,0
LGS2ORD0040579,C010262,2025-11-18 08:00:00,Female,49,Bronze,TV,Chiang Mai,983,Shopee,Credit_Card,8,11,1,0,40-50,32.766666666666666,6.0,1.0,0.16666666666666666,235,45,3297.6633333333325,0.28,0.6666666666666666,0.16666666666666666,0.0,0.0,0,0,0.0,0.0,0,0,0.0,2770.14,1,0,0.0,19785.979999999996,6,1,0.16666666666666666,0
LGS2ORD0040580,C016084,2025-11-18 09:00:00,Female,50,Bronze,Lazada,Bangkok,609,Web,COD,9,11,1,0,40-50,20.3,5.0,3.0,0.6,31,37,8011.408,0.28,0.6,0.4,0.0,0.0,0,0,0.0,0.0,0,0,0.0,28759.230000000003,3,1,0.3333333333333333,40057.04,5,3,0.6,0
LGS2ORD0040581,C017265,2025-11-18 09:00:00,Male,37,Bronze,TV,Phuket,1564,Web,PromptPay,9,11,1,0,30-40,52.13333333333333,3.0,0.0,0.0,-1,19,4504.843333333333,0.03,0.3333333333333333,0.0,0.0,0.0,0,0,0.0,9584.31,1,0,0.0,9584.31,1,0,0.0,13514.529999999999,3,0,0.0,0
LGS2ORD0040582,C014693,2025-11-18 09:00:00,Female,43,Gold,Lazada,Bangkok,1615,TV_Show,PromptPay,9,11,1,0,40-50,53.833333333333336,4.0,1.0,0.25,301,35,5100.1925,0.28,0.0,0.5,0.0,0.0,0,0,0.0,0.0,0,0,0.0,8768.19,2,0,0.0,20400.77,4,1,0.25,0
LGS2ORD0040583,C014599,2025-11-18 09:00:00,Male,34,Gold,Shopee,Nakhon Ratchasima,1556,TV_Show,Bank_Transfer,9,11,1,0,30-40,51.86666666666667,2.0,0.0,0.0,-1,77,8155.215,0.28,0.5,1.0,0.0,0.0,0,0,0.0,0.0,0,0,0.0,16310.43,2,0,0.0,16310.43,2,0,0.0,0
LGS2ORD0040584,C012037,2025-11-18 09:00:00,Female,38,Bronze,CallCenter,Nakhon Ratchasima,452,Lazada,Credit_Card,9,11,1,0,30-40,15.066666666666666,3.0,2.0,0.6666666666666666,172,122,7164.22,0.28,1.0,0.3333333333333333,0.0,0.0,0,0,0.0,0.0,0,0,0.0,0.0,0,0,0.0,21492.66,3,2,0.6666666666666666,0
LGS2ORD0040585,C011622,2025-11-18 10:00:00,Male,48,Silver,Lazada,Khon Kaen,819,Shopee,COD,10,11,1,0,40-50,27.3,9.0,2.0,0.2222222222222222,168,20,4871.733333333334,0.3,0.4444444444444444,0.3333333333333333,0.0,0.0,0,0,0.0,7399.15,1,0,0.0,27598.4,4,0,0.0,43845.6,9,2,0.2222222222222222,1
LGS2ORD0040586,C012531,2025-11-18 10:00:00,Female,38,Bronze,Web,Phuket,1356,Shopee,COD,10,11,1,0,30-40,45.2,5.0,3.0,0.6,10,21,9303.056,0.28,0.8,0.2,0.0,0.0,0,0,0.0,10538.4,1,1,1.0,34485.73,2,2,1.0,46515.280000000006,5,3,0.6,0
LGS2ORD0040587,C017699,2025-11-18 10:00:00,Female,46,Platinum,Shopee,Bangkok,1152,Web,COD,10,11,1,0,40-50,38.4,6.0,3.0,0.5,144,60,2902.3033333333333,0.35,0.5,0.6666666666666666,0.0,0.0,0,0,0.0,0.0,0,0,0.0,1570.46,1,0,0.0,17413.82,6,3,0.5,0
LGS2ORD0040588,C014067,2025-11-18 10:00:00,Male,38,Bronze,TV,Chiang Mai,608,TV_Show,COD,10,11,1,0,30-40,20.266666666666666,4.0,1.0,0.25,100,50,9661.1975,0.23,0.25,0.5,0.0,0.0,0,0,0.0,0.0,0,0,0.0,11095.31,1,0,0.0,38644.79,4,1,0.25,1
LGS2ORD0040589,C010785,2025-11-18 10:00:00,Male,48,Silver,Lazada,Bangkok,749,Web,Credit_Card,10,11,1,0,40-50,24.966666666666665,3.0,1.0,0.3333333333333333,259,91,4360.0233333333335,0.25,1.0,0.3333333333333333,0.0,0.0,0,0,0.0,0.0,0,0,0.0,0.0,0,0,0.0,13080.07,3,1,0.3333333333333333,0
LGS2ORD0040590,C010187,2025-11-18 10:00:00,Female,48,Silver,TV,Phuket,751,Lazada,Credit_Card,10,11,1,0,40-50,25.033333333333335,1.0,1.0,1.0,126,137,1616.96,0.15,0.0,0.0,0.0,0.0,0,0,0.0,0.0,0,0,0.0,0.0,0,0,0.0,1616.96,1,1,1.0,0
LGS2ORD0040591,C010562,2025-11-18 11:00:00,Male,72,Silver,TV,Chonburi,1311,Lazada,PromptPay,11,11,1,0,>50,43.7,3.0,2.0,0.6666666666666666,98,52,2876.3866666666668,0.25,1.0,0.3333333333333333,0.0,0.0,0,0,0.0,0.0,0,0,0.0,2649.75,1,0,0.0,8629.16,3,2,0.6666666666666666,1
LGS2ORD0040592,C011906,2025-11-18 11:00:00,Female,36,Silver,CallCenter,Nakhon Ratchasima,403,TV_Show,COD,11,11,1,0,30-40,13.433333333333334,2.0,0.0,0.0,-1,131,14602.435,0.15,0.5,0.0,0.0,0.0,0,0,0.0,0.0,0,0,0.0,0.0,0,0,0.0,29204.87,2,0,0.0,0
LGS2ORD0040593,C014205,2025-11-18 11:00:00,Male,35,Bronze,TV,Songkhla,412,TV_Show,COD,11,11,1,0,30-40,13.733333333333333,8.0,3.0,0.375,-2,6,2934.875,0.28,0.625,0.5,0.0,3001.4,1,1,1.0,7106.1900000000005,2,1,0.5,7842.780000000001,3,1,0.3333333333333333,23479.0,8,3,0.375,0
LGS2ORD0040594,C014310,2025-11-18 11:00:00,Female,39,Platinum,TV,Chonburi,1267,Web,COD,11,11,1,0,30-40,42.233333333333334,3.0,0.0,0.0,-1,74,3689.69,0.3,1.0,0.3333333333333333,0.0,0.0,0,0,0.0,0.0,0,0,0.0,9508.51,2,0,0.0,11069.07,3,0,0.0,0
LGS2ORD0040595,C010179,2025-11-18 11:00:00,Female,33,Bronze,TV,Khon Kaen,784,TV_Show,COD,11,11,1,0,30-40,26.133333333333333,4.0,1.0,0.25,212,54,3328.3025,0.18,0.5,0.0,0.0,0.0,0,0,0.0,0.0,0,0,0.0,7079.83,1,0,0.0,13313.21,4,1,0.25,0
LGS2ORD0040596,C015720,2025-11-18 12:00:00,Other,37,Bronze,Shopee,Remote_Area,1415,Lazada,Credit_Card,12,11,1,0,30-40,47.166666666666664,10.0,3.0,0.3,86,91,3266.01,0.28,0.3,0.6,0.0,0.0,0,0,0.0,0.0,0,0,0.0,0.0,0,0,0.0,32660.100000000002,10,3,0.3,0
LGS2ORD0040597,C010724,2025-11-18 12:00:00,Female,18,Platinum,Lazada,Khon Kaen,1691,Shopee,Credit_Card,12,11,1,0,<20,56.36666666666667,4.0,1.0,0.25,158,137,2498.1099999999997,0.35,0.75,0.25,0.0,0.0,0,0,0.0,0.0,0,0,0.0,0.0,0,0,0.0,9992.439999999999,4,1,0.25,0
LGS2ORD0040598,C013290,2025-11-18 12:00:00,Female,30,Silver,Lazada,Songkhla,678,Lazada,Credit_Card,12,11,1,0,20-30,22.6,5.0,2.0,0.4,100,46,4226.888000000001,0.25,0.4,0.2,0.0,0.0,0,0,0.0,0.0,0,0,0.0,3875.9,1,0,0.0,21134.440000000002,5,2,0.4,0
LGS2ORD0040599,C012207,2025-11-18 12:00:00,Male,53,Bronze,TV,Remote_Area,731,Shopee,Credit_Card,12,11,1,0,>50,24.366666666666667,4.0,2.0,0.5,54,58,3394.7025,0.08,0.75,0.0,0.0,0.0,0,0,0.0,0.0,0,0,0.0,4230.51,1,1,1.0,13578.81,4,2,0.5,0
LGS2ORD0040600,C010075,2025-11-18 12:00:00,Female,37,Bronze,TV,Bangkok,1043,Lazada,Credit_Card,12,11,1,0,30-40,34.766666666666666,9.0,1.0,0.1111111111111111,244,19,4671.406666666667,0.18,0.7777777777777778,0.0,0.0,0.0,0,0,0.0,3621.94,1,0,0.0,6315.08,2,0,0.0,42042.66,9,1,0.1111111111111111,1
LGS2ORD0040601,C010819,2025-11-18 13:00:00,Female,30,Silver,Shopee,Bangkok,1314,Lazada,COD,13,11,1,0,20-30,43.8,12.0,3.0,0.25,207,29,3749.740833333333,0.25,0.5,0.25,0.0,0.0,0,0,0.0,2363.24,1,0,0.0,10783.62,3,0,0.0,44996.88999999999,12,3,0.25,0
LGS2ORD0040602,C016083,2025-11-18 13:00:00,Female,41,Silver,Lazada,Bangkok,1549,CallCenter,COD,13,11,1,0,40-50,51.63333333333333,3.0,1.0,0.3333333333333333,139,124,5126.419999999999,0.2,0.3333333333333333,0.0,0.0,0.0,0,0,0.0,0.0,0,0,0.0,0.0,0,0,0.0,15379.259999999998,3,1,0.3333333333333333,0
LGS2ORD0040603,C016382,2025-11-18 13:00:00,Female,72,Bronze,CallCenter,Chonburi,1033,Shopee,COD,13,11,1,0,>50,34.43333333333333,8.0,2.0,0.25,232,63,3981.56875,0.23,0.625,0.375,0.0,0.0,0,0,0.0,0.0,0,0,0.0,9575.18,2,0,0.0,31852.55,8,2,0.25,0
LGS2ORD0040604,C013093,2025-11-18 13:00:00,Male,41,Bronze,Web,Chiang Mai,350,CallCenter,COD,13,11,1,0,40-50,11.666666666666666,4.0,0.0,0.0,-1,121,1823.3049999999998,0.28,0.75,0.5,0.0,0.0,0,0,0.0,0.0,0,0,0.0,0.0,0,0,0.0,7293.219999999999,4,0,0.0,0
LGS2ORD0040605,C011194,2025-11-18 13:00:00,Female,49,Silver,Lazada,Bangkok,352,CallCenter,COD,13,11,1,0,40-50,11.733333333333333,4.0,1.0,0.25,-5,1,7353.1449999999995,0.2,1.0,0.0,0.0,1407.19,1,1,1.0,2314.84,2,1,0.5,12140.24,3,1,0.3333333333333333,29412.579999999998,4,1,0.25,0
LGS2ORD0040606,C013376,2025-11-18 14:00:00,Male,37,Silver,Lazada,Bangkok,487,Lazada,Credit_Card,14,11,1,0,30-40,16.233333333333334,4.0,1.0,0.25,169,62,2518.9425,0.25,0.75,0.5,0.0,0.0,0,0,0.0,0.0,0,0,0.0,6611.13,2,0,0.0,10075.77,4,1,0.25,0
LGS2ORD0040607,C010228,2025-11-18 14:00:00,Male,43,Bronze,TV,Songkhla,1737,Shopee,COD,14,11,1,0,40-50,57.9,8.0,1.0,0.125,137,1,5849.645,0.23,0.375,0.125,0.0,14906.140000000001,2,0,0.0,14906.140000000001,2,0,0.0,22449.69,3,0,0.0,46797.16,8,1,0.125,1
LGS2ORD0040608,C010709,2025-11-18 14:00:00,Female,41,Bronze,CallCenter,Remote_Area,868,Shopee,COD,14,11,1,0,40-50,28.933333333333334,8.0,3.0,0.375,69,42,7074.45375,0.28,0.25,0.375,0.0,0.0,0,0,0.0,0.0,0,0,0.0,4869.9800000000005,2,1,0.5,56595.63,8,3,0.375,1
LGS2ORD0040609,C015556,2025-11-18 14:00:00,Female,47,Silver,Lazada,Nakhon Ratchasima,1404,TV_Show,COD,14,11,1,0,40-50,46.8,6.0,3.0,0.5,12,20,3014.643333333333,0.3,0.6666666666666666,0.16666666666666666,0.0,0.0,0,0,0.0,1576.05,1,1,1.0,4181.28,2,1,0.5,18087.859999999997,6,3,0.5,1
LGS2ORD0040610,C014363,2025-11-18 14:00:00,Male,49,Gold,Web,Phuket,1245,Shopee,COD,14,11,1,0,40-50,41.5,8.0,2.0,0.25,4,3,3114.31125,0.28,0.625,0.375,0.0,9302.35,2,0,0.0,11099.48,3,1,0.3333333333333333,18782.62,5,1,0.2,24914.49,8,2,0.25,0
LGS2ORD0040611,C011248,2025-11-18 14:00:00,Male,41,Gold,Web,Remote_Area,890,Lazada,COD,14,11,1,0,40-50,29.666666666666668,2.0,0.0,0.0,-1,68,2564.535,0.28,0.5,0.5,0.0,0.0,0,0,0.0,0.0,0,0,0.0,3886.9,1,0,0.0,5129.07,2,0,0.0,1
LGS2ORD0040612,C015949,2025-11-18 15:00:00,Female,46,Bronze,TV,Nakhon Ratchasima,1294,TV_Show,COD,15,11,1,0,40-50,43.13333333333333,10.0,0.0,0.0,-1,6,8052.690999999999,0.28,0.4,0.5,0.0,2924.41,1,0,0.0,2924.41,1,0,0.0,2924.41,1,0,0.0,80526.90999999999,10,0,0.0,0
LGS2ORD0040613,C014548,2025-11-18 15:00:00,Female,35,Bronze,Shopee,Nakhon Ratchasima,839,TV_Show,COD,15,11,1,0,30-40,27.966666666666665,7.0,2.0,0.2857142857142857,87,62,4601.861428571428,0.23,0.7142857142857143,0.2857142857142857,0.0,0.0,0,0,0.0,0.0,0,0,0.0,15613.24,1,0,0.0,32213.03,7,2,0.2857142857142857,0
LGS2ORD0040614,C013430,2025-11-18 15:00:00,Male,46,Bronze,Web,Phuket,1231,TV_Show,Credit_Card,15,11,1,0,40-50,41.03333333333333,2.0,2.0,1.0,82,92,4172.845,0.18,0.0,0.0,0.0,0.0,0,0,0.0,0.0,0,0,0.0,0.0,0,0,0.0,8345.69,2,2,1.0,1
LGS2ORD0040615,C017133,2025-11-18 15:00:00,Female,22,Gold,Shopee,Nakhon Ratchasima,1247,CallCenter,Bank_Transfer,15,11,1,0,20-30,41.56666666666667,6.0,3.0,0.5,58,64,6833.761666666666,0.2299999999999999,0.16666666666666666,0.16666666666666666,0.0,0.0,0,0,0.0,0.0,0,0,0.0,12439.69,2,2,1.0,41002.57,6,3,0.5,0
LGS2ORD0040616,C011342,2025-11-18 15:00:00,Female,34,Platinum,Lazada,Nakhon Ratchasima,1330,Web,COD,15,11,1,0,30-40,44.333333333333336,8.0,3.0,0.375,140,16,4340.075,0.35,0.625,0.5,0.0,0.0,0,0,0.0,1634.68,1,0,0.0,21575.29,2,0,0.0,34720.6,8,3,0.375,0
LGS2ORD0040617,C015467,2025-11-18 16:00:00,Male,61,Bronze,TV,Bangkok,1089,TV_Show,Credit_Card,16,11,1,0,>50,36.3,3.0,0.0,0.0,-1,102,2754.763333333334,0.13,0.3333333333333333,0.0,0.0,0.0,0,0,0.0,0.0,0,0,0.0,0.0,0,0,0.0,8264.29,3,0,0.0,0
LGS2ORD0040618,C016188,2025-11-18 16:00:00,Male,46,Gold,Shopee,Chonburi,756,Web,COD,16,11,1,0,40-50,25.2,5.0,1.0,0.2,281,10,1689.904,0.33,0.2,0.6,0.0,0.0,0,0,0.0,1190.09,1,0,0.0,2296.2799999999997,2,0,0.0,8449.52,5,1,0.2,0
LGS2ORD0040619,C012327,2025-11-18 16:00:00,Male,39,Bronze,Shopee,Nakhon Ratchasima,1602,Shopee,Credit_Card,16,11,1,0,30-40,53.4,5.0,0.0,0.0,-1,72,3806.8560000000007,0.18,0.6,0.0,0.0,0.0,0,0,0.0,0.0,0,0,0.0,968.84,1,0,0.0,19034.280000000002,5,0,0.0,0
LGS2ORD0040620,C017333,2025-11-18 16:00:00,Male,18,Silver,Lazada,Songkhla,586,TV_Show,COD,16,11,1,0,<20,19.533333333333335,2.0,0.0,0.0,-1,80,1960.335,0.15,1.0,0.0,0.0,0.0,0,0,0.0,0.0,0,0,0.0,3071.45,1,0,0.0,3920.67,2,0,0.0,0
LGS2ORD0040621,C010500,2025-11-18 16:00:00,Male,27,Silver,TV,Bangkok,374,TV_Show,COD,16,11,1,0,20-30,12.466666666666667,6.0,1.0,0.16666666666666666,167,74,4249.983333333334,0.25,0.3333333333333333,0.5,0.0,0.0,0,0,0.0,0.0,0,0,0.0,8226.86,1,0,0.0,25499.9,6,1,0.16666666666666666,1
LGS2ORD0040622,C011496,2025-11-18 17:00:00,Male,24,Bronze,CallCenter,Songkhla,1433,Lazada,PromptPay,17,11,1,0,20-30,47.766666666666666,1.0,1.0,1.0,14,26,11576.23,0.18,0.0,0.0,0.0,0.0,0,0,0.0,11576.23,1,1,1.0,11576.23,1,1,1.0,11576.23,1,1,1.0,0
LGS2ORD0040623,C013003,2025-11-18 17:00:00,Female,42,Bronze,Lazada,Chiang Mai,1099,Shopee,PromptPay,17,11,1,0,40-50,36.63333333333333,11.0,4.0,0.36363636363636365,6,12,4066.310909090909,0.28,0.2727272727272727,0.45454545454545453,0.0,0.0,0,0,0.0,6603.8,2,2,1.0,11589.8,4,4,1.0,44729.42,11,4,0.36363636363636365,0
LGS2ORD0040624,C014617,2025-11-18 17:00:00,Male,45,Bronze,TV,Bangkok,1151,Web,Credit_Card,17,11,1,0,40-50,38.36666666666667,6.0,2.0,0.3333333333333333,31,42,9918.289999999999,0.23,0.8333333333333334,0.16666666666666666,0.0,0.0,0,0,0.0,0.0,0,0,0.0,4889.62,1,1,1.0,59509.74,6,2,0.3333333333333333,1
LGS2ORD0040625,C010102,2025-11-18 17:00:00,Female,39,Bronze,Lazada,Chonburi,495,TV_Show,Bank_Transfer,17,11,1,0,30-40,16.5,6.0,1.0,0.16666666666666666,2,17,3332.2749999999996,0.28,0.5,0.16666666666666666,0.0,0.0,0,0,0.0,1950.03,1,1,1.0,1950.03,1,1,1.0,19993.649999999998,6,1,0.16666666666666666,0
LGS2ORD0040626,C012628,2025-11-18 17:00:00,Male,34,Platinum,Shopee,Bangkok,1019,Web,Credit_Card,17,11,1,0,30-40,33.96666666666667,12.0,2.0,0.16666666666666666,2,11,4219.328333333333,0.35,0.5,0.5833333333333334,0.0,0.0,0,0,0.0,3364.1,1,1,1.0,10877.26,3,1,0.3333333333333333,50631.939999999995,12,2,0.16666666666666666,1
LGS2ORD0040627,C014187,2025-11-18 18:00:00,Female,55,Bronze,Lazada,Bangkok,362,Lazada,PromptPay,18,11,1,0,>50,12.066666666666666,7.0,1.0,0.14285714285714285,17,28,4336.734285714286,0.23,0.42857142857142855,0.2857142857142857,0.0,0.0,0,0,0.0,5823.38,1,1,1.0,6447.64,2,1,0.5,30357.14,7,1,0.14285714285714285,1
LGS2ORD0040628,C013301,2025-11-18 18:00:00,Female,42,Bronze,Web,Nakhon Ratchasima,1336,TV_Show,Credit_Card,18,11,1,0,40-50,44.53333333333333,10.0,3.0,0.3,-6,1,5369.469,0.28,0.6,0.1,0.0,11224.699999999999,2,1,0.5,11224.699999999999,2,1,0.5,25971.3,3,1,0.3333333333333333,53694.69,10,3,0.3,1
LGS2ORD0040629,C013155,2025-11-18 18:00:00,Female,72,Silver,Lazada,Khon Kaen,514,TV_Show,Credit_Card,18,11,1,0,>50,17.133333333333333,9.0,3.0,0.3333333333333333,137,10,3665.8133333333335,0.3,0.2222222222222222,0.4444444444444444,0.0,0.0,0,0,0.0,7971.380000000001,3,0,0.0,7971.380000000001,3,0,0.0,32992.32,9,3,0.3333333333333333,0
LGS2ORD0040630,C010684,2025-11-18 18:00:00,Female,31,Gold,Shopee,Chiang Mai,1438,Shopee,Bank_Transfer,18,11,1,0,30-40,47.93333333333333,3.0,2.0,0.6666666666666666,100,111,4696.776666666667,0.13,0.3333333333333333,0.0,0.0,0.0,0,0,0.0,0.0,0,0,0.0,0.0,0,0,0.0,14090.33,3,2,0.6666666666666666,0
LGS2ORD0040631,C016039,2025-11-18 18:00:00,Female,30,Gold,Web,Bangkok,360,TV_Show,COD,18,11,1,0,20-30,12.0,5.0,1.0,0.2,144,22,8228.912,0.28,0.2,0.2,0.0,0.0,0,0,0.0,1799.14,1,0,0.0,6635.43,2,0,0.0,41144.56,5,1,0.2,0
LGS2ORD0040632,C011916,2025-11-18 18:00:00,Male,55,Bronze,TV,Songkhla,1082,Shopee,PromptPay,18,11,1,0,>50,36.06666666666667,6.0,2.0,0.3333333333333333,166,82,4851.9816666666675,0.28,0.8333333333333334,0.16666666666666666,0.0,0.0,0,0,0.0,0.0,0,0,0.0,702.69,1,0,0.0,29111.890000000003,6,2,0.3333333333333333,0
LGS2ORD0040633,C010025,2025-11-18 19:00:00,Female,41,Bronze,Lazada,Chiang Mai,656,Lazada,Credit_Card,19,11,1,0,40-50,21.866666666666667,4.0,2.0,0.5,256,101,1273.6999999999998,0.18,0.5,0.0,0.0,0.0,0,0,0.0,0.0,0,0,0.0,0.0,0,0,0.0,5094.799999999999,4,2,0.5,0
LGS2ORD0040634,C011605,2025-11-18 19:00:00,Male,45,Gold,Shopee,Bangkok,1086,TV_Show,Credit_Card,19,11,1,0,40-50,36.2,5.0,1.0,0.2,86,36,7126.729999999999,0.2299999999999999,0.4,0.4,0.0,0.0,0,0,0.0,0.0,0,0,0.0,3165.5,1,0,0.0,35633.649999999994,5,1,0.2,0
LGS2ORD0040635,C014601,2025-11-18 19:00:00,Female,34,Bronze,TV,Songkhla,757,CallCenter,PromptPay,19,11,1,0,30-40,25.233333333333334,5.0,2.0,0.4,147,134,5580.338000000001,0.18,0.4,0.0,0.0,0.0,0,0,0.0,0.0,0,0,0.0,0.0,0,0,0.0,27901.690000000002,5,2,0.4,0
LGS2ORD0040636,C013038,2025-11-18 19:00:00,Female,36,Bronze,TV,Chiang Mai,642,Lazada,COD,19,11,1,0,30-40,21.4,6.0,0.0,0.0,-1,195,4740.67,0.23,0.3333333333333333,0.16666666666666666,0.0,0.0,0,0,0.0,0.0,0,0,0.0,0.0,0,0,0.0,28444.02,6,0,0.0,0
LGS2ORD0040637,C013964,2025-11-18 19:00:00,Female,59,Gold,Shopee,Chiang Mai,572,Shopee,COD,19,11,1,0,>50,19.066666666666666,4.0,0.0,0.0,-1,27,3644.66,0.28,0.25,0.25,0.0,0.0,0,0,0.0,2111.59,1,0,0.0,2111.59,1,0,0.0,14578.64,4,0,0.0,0
LGS2ORD0040638,C010588,2025-11-18 20:00:00,Male,40,Bronze,Shopee,Remote_Area,1418,TV_Show,COD,20,11,1,0,30-40,47.266666666666666,7.0,1.0,0.14285714285714285,-8,1,5397.402857142857,0.28,0.2857142857142857,0.5714285714285714,0.0,10313.9,1,1,1.0,10313.9,1,1,1.0,10313.9,1,1,1.0,37781.82,7,1,0.14285714285714285,1
LGS2ORD0040639,C010271,2025-11-18 20:00:00,Male,27,Gold,CallCenter,Chonburi,1180,TV_Show,Credit_Card,20,11,1,0,20-30,39.333333333333336,4.0,0.0,0.0,-1,49,2031.5575000000001,0.13,0.25,0.0,0.0,0.0,0,0,0.0,0.0,0,0,0.0,1139.33,1,0,0.0,8126.2300000000005,4,0,0.0,0
LGS2ORD0040640,C014544,2025-11-18 20:00:00,Male,60,Gold,Web,Chiang Mai,1641,TV_Show,Credit_Card,20,11,1,0,>50,54.7,4.0,3.0,0.75,35,42,2819.0399999999995,0.2299999999999999,0.5,0.25,0.0,0.0,0,0,0.0,0.0,0,0,0.0,2015.1100000000001,3,2,0.6666666666666666,11276.159999999998,4,3,0.75,0
LGS2ORD0040641,C011079,2025-11-18 20:00:00,Female,20,Silver,Shopee,Khon Kaen,974,Shopee,PromptPay,20,11,1,0,<20,32.46666666666667,5.0,1.0,0.2,181,22,6455.284,0.3,1.0,0.2,0.0,0.0,0,0,0.0,755.67,1,0,0.0,755.67,1,0,0.0,32276.42,5,1,0.2,0
LGS2ORD0040642,C016127,2025-11-18 20:00:00,Male,44,Silver,TV,Bangkok,591,Web,COD,20,11,1,0,40-50,19.7,7.0,1.0,0.14285714285714285,40,45,3252.6414285714286,0.3,0.5714285714285714,0.5714285714285714,0.0,0.0,0,0,0.0,0.0,0,0,0.0,6289.700000000001,2,1,0.5,22768.49,7,1,0.14285714285714285,1
LGS2ORD0040643,C012740,2025-11-18 21:00:00,Female,44,Bronze,TV,Bangkok,473,Lazada,COD,21,11,1,0,40-50,15.766666666666667,2.0,1.0,0.5,271,27,5863.395,0.23,0.5,0.5,0.0,0.0,0,0,0.0,10279.51,1,0,0.0,10279.51,1,0,0.0,11726.79,2,1,0.5,1
LGS2ORD0040644,C015334,2025-11-18 21:00:00,Male,39,Silver,Web,Phuket,1138,TV_Show,COD,21,11,1,0,30-40,37.93333333333333,4.0,1.0,0.25,89,4,5465.205,0.3,0.5,0.5,0.0,953.67,1,0,0.0,953.67,1,0,0.0,953.67,1,0,0.0,21860.82,4,1,0.25,0
LGS2ORD0040645,C016836,2025-11-18 21:00:00,Male,21,Silver,Web,Khon Kaen,408,TV_Show,Bank_Transfer,21,11,1,0,20-30,13.6,4.0,2.0,0.5,172,183,6203.057500000001,0.3,0.5,0.75,0.0,0.0,0,0,0.0,0.0,0,0,0.0,0.0,0,0,0.0,24812.230000000003,4,2,0.5,0
LGS2ORD0040646,C016371,2025-11-18 21:00:00,Female,38,Silver,TV,Bangkok,1614,CallCenter,PromptPay,21,11,1,0,30-40,53.8,4.0,1.0,0.25,151,156,7950.615,0.25,0.5,0.25,0.0,0.0,0,0,0.0,0.0,0,0,0.0,0.0,0,0,0.0,31802.46,4,1,0.25,0
LGS2ORD0040647,C010685,2025-11-18 21:00:00,Female,33,Gold,Web,Chiang Mai,1474,Shopee,PromptPay,21,11,1,0,30-40,49.13333333333333,4.0,1.0,0.25,18,25,4261.282499999999,0.2299999999999999,0.25,0.25,0.0,0.0,0,0,0.0,7361.4,1,1,1.0,7361.4,1,1,1.0,17045.129999999997,4,1,0.25,0
LGS2ORD0040648,C011723,2025-11-18 22:00:00,Male,50,Silver,TV,Chonburi,491,TV_Show,Credit_Card,22,11,1,0,40-50,16.366666666666667,3.0,2.0,0.6666666666666666,113,127,2115.4900000000002,0.3,0.3333333333333333,0.3333333333333333,0.0,0.0,0,0,0.0,0.0,0,0,0.0,0.0,0,0,0.0,6346.47,3,2,0.6666666666666666,0
LGS2ORD0040649,C011699,2025-11-18 22:00:00,Male,47,Bronze,TV,Khon Kaen,1337,TV_Show,Bank_Transfer,22,11,1,0,40-50,44.56666666666667,7.0,1.0,0.14285714285714285,152,75,1430.642857142857,0.23,0.7142857142857143,0.42857142857142855,0.0,0.0,0,0,0.0,0.0,0,0,0.0,994.08,1,0,0.0,10014.5,7,1,0.14285714285714285,0
LGS2ORD0040650,C017521,2025-11-18 22:00:00,Male,30,Gold,CallCenter,Phuket,932,Web,COD,22,11,1,0,20-30,31.066666666666666,1.0,1.0,1.0,291,302,1782.54,0.28,1.0,1.0,0.0,0.0,0,0,0.0,0.0,0,0,0.0,0.0,0,0,0.0,1782.54,1,1,1.0,0
LGS2ORD0040651,C014702,2025-11-18 22:00:00,Male,41,Bronze,Shopee,Bangkok,867,Shopee,Credit_Card,22,11,1,0,40-50,28.9,5.0,1.0,0.2,53,25,6999.046,0.23,0.4,0.2,0.0,0.0,0,0,0.0,2798.9,1,0,0.0,4143.56,2,1,0.5,34995.23,5,1,0.2,0
LGS2ORD0040652,C015862,2025-11-18 22:00:00,Male,56,Silver,Lazada,Songkhla,1156,TV_Show,COD,22,11,1,0,>50,38.53333333333333,3.0,1.0,0.3333333333333333,283,73,7751.376666666666,0.25,0.3333333333333333,0.3333333333333333,0.0,0.0,0,0,0.0,0.0,0,0,0.0,10649.5,2,0,0.0,23254.129999999997,3,1,0.3333333333333333,1
LGS2ORD0040653,C017580,2025-11-18 22:00:00,Male,35,Bronze,TV,Bangkok,1510,Lazada,Bank_Transfer,22,11,1,0,30-40,50.333333333333336,4.0,1.0,0.25,140,98,12605.96,0.28,0.5,0.25,0.0,0.0,0,0,0.0,0.0,0,0,0.0,0.0,0,0,0.0,50423.84,4,1,0.25,0
LGS2ORD0040654,C017033,2025-11-18 23:00:00,Female,48,Silver,Lazada,Bangkok,1742,TV_Show,PromptPay,23,11,1,0,40-50,58.06666666666667,3.0,0.0,0.0,-1,180,6345.623333333333,0.2,0.0,0.0,0.0,0.0,0,0,0.0,0.0,0,0,0.0,0.0,0,0,0.0,19036.87,3,0,0.0,1
LGS2ORD0040655,C015552,2025-11-18 23:00:00,Female,44,Gold,Shopee,Remote_Area,804,Lazada,COD,23,11,1,0,40-50,26.8,6.0,4.0,0.6666666666666666,107,109,4430.671666666666,0.33,0.6666666666666666,0.5,0.0,0.0,0,0,0.0,0.0,0,0,0.0,0.0,0,0,0.0,26584.03,6,4,0.6666666666666666,0
LGS2ORD0040656,C016986,2025-11-18 23:00:00,Female,29,Silver,Shopee,Phuket,1734,Lazada,PromptPay,23,11,1,0,20-30,57.8,2.0,0.0,0.0,-1,67,4118.785,0.25,0.5,0.5,0.0,0.0,0,0,0.0,0.0,0,0,0.0,3137.64,1,0,0.0,8237.57,2,0,0.0,0
LGS2ORD0040657,C016431,2025-11-18 23:00:00,Female,21,Platinum,TV,Chiang Mai,511,CallCenter,COD,23,11,1,0,20-30,17.033333333333335,4.0,1.0,0.25,187,70,1520.4650000000001,0.3,0.25,0.75,0.0,0.0,0,0,0.0,0.0,0,0,0.0,2635.38,1,0,0.0,6081.860000000001,4,1,0.25,0
LGS2ORD0040658,C013907,2025-11-18 23:00:00,Male,46,Gold,Shopee,Songkhla,1104,Web,Credit_Card,23,11,1,0,40-50,36.8,6.0,1.0,0.16666666666666666,270,80,7821.793333333334,0.28,0.3333333333333333,0.5,0.0,0.0,0,0,0.0,0.0,0,0,0.0,16368.44,1,0,0.0,46930.76,6,1,0.16666666666666666,0
LGS2ORD0040659,C017596,2025-11-19 00:00:00,Female,32,Bronze,Shopee,Chonburi,1254,Web,PromptPay,0,11,2,0,30-40,41.8,5.0,2.0,0.4,27,36,5375.374,0.23,0.4,0.4,0.0,0.0,0,0,0.0,0.0,0,0,0.0,12001.0,2,2,1.0,26876.87,5,2,0.4,0
LGS2ORD0040660,C014074,2025-11-19 00:00:00,Male,37,Gold,CallCenter,Bangkok,342,TV_Show,COD,0,11,2,0,30-40,11.4,5.0,1.0,0.2,242,47,7842.4,0.33,0.8,0.4,0.0,0.0,0,0,0.0,0.0,0,0,0.0,21492.059999999998,2,0,0.0,39212.0,5,1,0.2,1
LGS2ORD0040661,C014889,2025-11-19 00:00:00,Female,48,Silver,Web,Chiang Mai,1375,Shopee,Bank_Transfer,0,11,2,0,40-50,45.833333333333336,4.0,1.0,0.25,57,68,3650.1325,0.3,0.5,0.5,0.0,0.0,0,0,0.0,0.0,0,0,0.0,2990.77,1,1,1.0,14600.53,4,1,0.25,1
LGS2ORD0040662,C014660,2025-11-19 00:00:00,Female,41,Bronze,Shopee,Khon Kaen,1204,Shopee,COD,0,11,2,0,40-50,40.13333333333333,6.0,0.0,0.0,-1,168,5564.546666666666,0.23,0.5,0.16666666666666666,0.0,0.0,0,0,0.0,0.0,0,0,0.0,0.0,0,0,0.0,33387.28,6,0,0.0,0
LGS2ORD0040663,C016506,2025-11-19 00:00:00,Female,45,Platinum,TV,Khon Kaen,1281,Web,COD,0,11,2,0,40-50,42.7,4.0,2.0,0.5,38,1,2135.125,0.3,1.0,0.25,0.0,488.97,1,0,0.0,488.97,1,0,0.0,3362.3599999999997,2,1,0.5,8540.5,4,2,0.5,1
LGS2ORD0040664,C011604,2025-11-19 01:00:00,Male,66,Bronze,CallCenter,Songkhla,761,Shopee,Bank_Transfer,1,11,2,0,>50,25.366666666666667,4.0,2.0,0.5,79,17,7895.71,0.18,0.5,0.0,0.0,0.0,0,0,0.0,1000.43,1,0,0.0,1000.43,1,0,0.0,31582.84,4,2,0.5,0
LGS2ORD0040665,C015301,2025-11-19 01:00:00,Female,24,Platinum,CallCenter,Khon Kaen,1571,Lazada,Bank_Transfer,1,11,2,0,20-30,52.36666666666667,2.0,0.0,0.0,-1,197,10909.335000000001,0.25,0.0,0.5,0.0,0.0,0,0,0.0,0.0,0,0,0.0,0.0,0,0,0.0,21818.670000000002,2,0,0.0,0
LGS2ORD0040666,C017167,2025-11-19 01:00:00,Female,35,Bronze,Shopee,Remote_Area,705,Shopee,PromptPay,1,11,2,0,30-40,23.5,4.0,1.0,0.25,0,15,13285.197499999998,0.18,0.0,0.0,0.0,0.0,0,0,0.0,3948.49,1,1,1.0,41931.689999999995,3,1,0.3333333333333333,53140.78999999999,4,1,0.25,1
LGS2ORD0040667,C016476,2025-11-19 01:00:00,Female,46,Silver,Web,Remote_Area,1040,TV_Show,COD,1,11,2,0,40-50,34.666666666666664,5.0,1.0,0.2,138,1,3863.156,0.25,0.8,0.2,0.0,9256.58,1,0,0.0,9256.58,1,0,0.0,9256.58,1,0,0.0,19315.78,5,1,0.2,1
LGS2ORD0040668,C015545,2025-11-19 01:00:00,Female,49,Bronze,TV,Remote_Area,838,Shopee,COD,1,11,2,0,40-50,27.933333333333334,4.0,2.0,0.5,30,38,4209.3099999999995,0.18,0.5,0.0,0.0,0.0,0,0,0.0,0.0,0,0,0.0,3652.67,1,1,1.0,16837.239999999998,4,2,0.5,0
LGS2ORD0040669,C015931,2025-11-19 02:00:00,Male,37,Silver,Web,Nakhon Ratchasima,952,Web,COD,2,11,2,0,30-40,31.733333333333334,6.0,0.0,0.0,-1,12,2756.235,0.25,1.0,0.3333333333333333,0.0,0.0,0,0,0.0,10186.630000000001,2,0,0.0,11998.89,3,0,0.0,16537.41,6,0,0.0,0
LGS2ORD0040670,C015992,2025-11-19 02:00:00,Male,53,Silver,Lazada,Nakhon Ratchasima,1662,Shopee,COD,2,11,2,0,>50,55.4,4.0,1.0,0.25,197,89,9849.327500000001,0.25,1.0,0.25,0.0,0.0,0,0,0.0,0.0,0,0,0.0,3390.43,1,0,0.0,39397.310000000005,4,1,0.25,0
LGS2ORD0040671,C016609,2025-11-19 02:00:00,Male,49,Platinum,Lazada,Bangkok,1304,Web,COD,2,11,2,0,40-50,43.46666666666667,9.0,1.0,0.1111111111111111,6,20,5177.712222222222,0.35,0.2222222222222222,0.4444444444444444,0.1111111111111111,0.0,0,0,0.0,6061.47,1,1,1.0,11478.32,2,1,0.5,46599.41,9,1,0.1111111111111111,0
LGS2ORD0040672,C017688,2025-11-19 02:00:00,Female,30,Platinum,Web,Khon Kaen,955,TV_Show,COD,2,11,2,0,20-30,31.833333333333332,6.0,0.0,0.0,-1,41,11262.288333333332,0.3,0.6666666666666666,0.5,0.0,0.0,0,0,0.0,0.0,0,0,0.0,28853.559999999998,3,0,0.0,67573.73,6,0,0.0,0
LGS2ORD0040673,C015887,2025-11-19 02:00:00,Female,47,Silver,Lazada,Bangkok,400,Lazada,COD,2,11,2,0,40-50,13.333333333333334,11.0,3.0,0.2727272727272727,60,76,8644.932727272728,0.25,0.5454545454545454,0.36363636363636365,0.0,0.0,0,0,0.0,0.0,0,0,0.0,2241.59,2,1,0.5,95094.26000000001,11,3,0.2727272727272727,1
LGS2ORD0040674,C014616,2025-11-19 02:00:00,Female,52,Gold,Shopee,Remote_Area,1087,CallCenter,Credit_Card,2,11,2,0,>50,36.233333333333334,5.0,1.0,0.2,173,0,2566.1499999999996,0.28,0.6,0.6,0.0,1981.4,1,0,0.0,1981.4,1,0,0.0,1981.4,1,0,0.0,12830.749999999998,5,1,0.2,1
LGS2ORD0040675,C011252,2025-11-19 03:00:00,Female,32,Silver,TV,Bangkok,563,Web,COD,3,11,2,0,30-40,18.766666666666666,8.0,4.0,0.5,112,32,6214.18125,0.25,0.625,0.375,0.0,0.0,0,0,0.0,0.0,0,0,0.0,11163.8,2,0,0.0,49713.45,8,4,0.5,0
LGS2ORD0040676,C014654,2025-11-19 03:00:00,Female,42,Gold,TV,Nakhon Ratchasima,1036,Shopee,COD,3,11,2,0,40-50,34.53333333333333,6.0,1.0,0.16666666666666666,276,46,4056.023333333333,0.33,0.5,0.5,0.0,0.0,0,0,0.0,0.0,0,0,0.0,1675.11,1,0,0.0,24336.14,6,1,0.16666666666666666,0
LGS2ORD0040677,C011610,2025-11-19 03:00:00,Male,34,Silver,TV,Remote_Area,1492,TV_Show,PromptPay,3,11,2,0,30-40,49.733333333333334,7.0,2.0,0.2857142857142857,2,15,4407.705714285714,0.3,0.8571428571428571,0.7142857142857143,0.0,0.0,0,0,0.0,1022.55,1,1,1.0,2095.44,2,1,0.5,30853.94,7,2,0.2857142857142857,0
LGS2ORD0040678,C010966,2025-11-19 03:00:00,Male,33,Gold,Web,Bangkok,1681,CallCenter,COD,3,11,2,0,30-40,56.03333333333333,4.0,1.0,0.25,239,11,16928.145,0.13,0.5,0.0,0.0,0.0,0,0,0.0,1237.15,1,0,0.0,1777.9700000000003,2,0,0.0,67712.58,4,1,0.25,0
LGS2ORD0040679,C012295,2025-11-19 03:00:00,Other,39,Silver,CallCenter,Nakhon Ratchasima,1753,Shopee,COD,3,11,2,0,30-40,58.43333333333333,10.0,1.0,0.1,97,29,6415.325999999999,0.3,0.6,0.3,0.0,0.0,0,0,0.0,16220.25,1,0,0.0,19803.56,3,0,0.0,64153.259999999995,10,1,0.1,0
LGS2ORD0040680,C016362,2025-11-19 04:00:00,Female,21,Platinum,TV,Bangkok,773,Lazada,COD,4,11,2,0,20-30,25.766666666666666,8.0,1.0,0.125,33,17,2885.8325,0.35,0.375,0.75,0.0,0.0,0,0,0.0,2437.22,1,0,0.0,10171.609999999999,3,1,0.3333333333333333,23086.66,8,1,0.125,1
LGS2ORD0040681,C017913,2025-11-19 04:00:00,Male,42,Gold,Lazada,Chiang Mai,1045,Web,PromptPay,4,11,2,0,40-50,34.833333333333336,9.0,2.0,0.2222222222222222,30,39,4641.207777777778,0.33,0.5555555555555556,0.5555555555555556,0.0,0.0,0,0,0.0,0.0,0,0,0.0,1594.97,1,1,1.0,41770.87,9,2,0.2222222222222222,1
LGS2ORD0040682,C011668,2025-11-19 04:00:00,Female,50,Gold,TV,Chiang Mai,1497,Lazada,PromptPay,4,11,2,0,40-50,49.9,2.0,0.0,0.0,-1,245,1686.05,0.28,0.0,0.5,0.0,0.0,0,0,0.0,0.0,0,0,0.0,0.0,0,0,0.0,3372.1,2,0,0.0,0
LGS2ORD0040683,C011279,2025-11-19 04:00:00,Male,43,Silver,TV,Bangkok,768,CallCenter,Bank_Transfer,4,11,2,0,40-50,25.6,4.0,1.0,0.25,208,32,2691.0975,0.3,0.75,0.25,0.0,0.0,0,0,0.0,0.0,0,0,0.0,2103.66,1,0,0.0,10764.39,4,1,0.25,0
LGS2ORD0040684,C011246,2025-11-19 04:00:00,Male,60,Silver,TV,Bangkok,1469,Web,Credit_Card,4,11,2,0,>50,48.96666666666667,4.0,1.0,0.25,258,22,5148.782499999999,0.25,0.5,0.25,0.0,0.0,0,0,0.0,5870.25,1,0,0.0,5870.25,1,0,0.0,20595.129999999997,4,1,0.25,1
LGS2ORD0040685,C017371,2025-11-19 05:00:00,Male,52,Bronze,TV,Bangkok,834,Shopee,COD,5,11,2,0,>50,27.8,4.0,2.0,0.5,3,5,8227.375,0.23,0.75,0.25,0.0,5998.06,1,0,0.0,9126.55,2,1,0.5,9126.55,2,1,0.5,32909.5,4,2,0.5,0
LGS2ORD0040686,C015940,2025-11-19 05:00:00,Female,32,Bronze,Shopee,Songkhla,1336,Shopee,COD,5,11,2,0,30-40,44.53333333333333,6.0,2.0,0.3333333333333333,96,47,2879.348333333333,0.28,0.5,0.16666666666666666,0.0,0.0,0,0,0.0,0.0,0,0,0.0,3869.15,2,0,0.0,17276.089999999997,6,2,0.3333333333333333,0
LGS2ORD0040687,C016051,2025-11-19 05:00:00,Female,51,Bronze,Lazada,Bangkok,679,Lazada,COD,5,11,2,0,>50,22.633333333333333,7.0,3.0,0.42857142857142855,114,102,8737.871428571429,0.28,0.7142857142857143,0.14285714285714285,0.0,0.0,0,0,0.0,0.0,0,0,0.0,0.0,0,0,0.0,61165.1,7,3,0.42857142857142855,0
LGS2ORD0040688,C016713,2025-11-19 05:00:00,Male,41,Silver,Shopee,Bangkok,1477,Shopee,COD,5,11,2,0,40-50,49.233333333333334,1.0,1.0,1.0,223,234,6767.75,0.2,1.0,0.0,0.0,0.0,0,0,0.0,0.0,0,0,0.0,0.0,0,0,0.0,6767.75,1,1,1.0,0
LGS2ORD0040689,C017371,2025-11-19 05:00:00,Male,52,Bronze,TV,Bangkok,834,TV_Show,PromptPay,5,11,2,0,>50,27.8,4.0,2.0,0.5,3,5,8227.375,0.23,0.75,0.25,0.0,5998.06,1,0,0.0,9126.55,2,1,0.5,9126.55,2,1,0.5,32909.5,4,2,0.5,0
LGS2ORD0040690,C015954,2025-11-19 06:00:00,Female,58,Bronze,TV,Remote_Area,978,Lazada,Credit_Card,6,11,2,0,>50,32.6,6.0,2.0,0.3333333333333333,36,47,6028.263333333333,0.23,0.8333333333333334,0.5,0.0,0.0,0,0,0.0,0.0,0,0,0.0,4856.110000000001,2,1,0.5,36169.58,6,2,0.3333333333333333,0
LGS2ORD0040691,C014569,2025-11-19 06:00:00,Male,34,Bronze,TV,Remote_Area,644,Shopee,Credit_Card,6,11,2,0,30-40,21.466666666666665,3.0,0.0,0.0,-1,64,2440.6233333333334,0.28,0.3333333333333333,0.3333333333333333,0.0,0.0,0,0,0.0,0.0,0,0,0.0,1327.11,1,0,0.0,7321.87,3,0,0.0,1
LGS2ORD0040692,C016579,2025-11-19 06:00:00,Male,29,Bronze,TV,Chiang Mai,1330,Web,COD,6,11,2,0,20-30,44.333333333333336,3.0,0.0,0.0,-1,2,5733.286666666667,0.28,0.6666666666666666,0.3333333333333333,0.0,3437.36,1,0,0.0,3437.36,1,0,0.0,11891.84,2,0,0.0,17199.86,3,0,0.0,0
LGS2ORD0040693,C015091,2025-11-19 06:00:00,Female,38,Silver,TV,Chiang Mai,807,CallCenter,COD,6,11,2,0,30-40,26.9,6.0,2.0,0.3333333333333333,152,160,3889.5399999999995,0.3,0.8333333333333334,0.16666666666666666,0.0,0.0,0,0,0.0,0.0,0,0,0.0,0.0,0,0,0.0,23337.239999999998,6,2,0.3333333333333333,1
LGS2ORD0040694,C013162,2025-11-19 06:00:00,Female,48,Silver,Web,Chiang Mai,433,Web,Bank_Transfer,6,11,2,0,40-50,14.433333333333334,4.0,0.0,0.0,-1,109,1505.0575,0.25,0.25,0.25,0.0,0.0,0,0,0.0,0.0,0,0,0.0,0.0,0,0,0.0,6020.23,4,0,0.0,0
LGS2ORD0040695,C014919,2025-11-19 06:00:00,Male,40,Bronze,TV,Songkhla,1594,Web,COD,6,11,2,0,30-40,53.13333333333333,9.0,1.0,0.1111111111111111,12,19,7701.265555555556,0.28,0.4444444444444444,0.3333333333333333,0.0,0.0,0,0,0.0,6040.26,1,1,1.0,37432.62,3,1,0.3333333333333333,69311.39,9,1,0.1111111111111111,0
LGS2ORD0040696,C012861,2025-11-19 07:00:00,Female,26,Silver,TV,Songkhla,603,Lazada,PromptPay,7,11,2,0,20-30,20.1,5.0,2.0,0.4,93,19,9104.029999999999,0.2,0.4,0.0,0.0,0.0,0,0,0.0,13973.68,2,0,0.0,31149.03,3,0,0.0,45520.149999999994,5,2,0.4,0
LGS2ORD0040697,C012405,2025-11-19 07:00:00,Male,40,Gold,TV,Chonburi,857,Shopee,COD,7,11,2,0,30-40,28.566666666666666,2.0,0.0,0.0,-1,205,19496.66,0.33,0.0,1.0,0.0,0.0,0,0,0.0,0.0,0,0,0.0,0.0,0,0,0.0,38993.32,2,0,0.0,1
LGS2ORD0040698,C015417,2025-11-19 07:00:00,Male,36,Gold,Lazada,Chiang Mai,486,TV_Show,COD,7,11,2,0,30-40,16.2,5.0,1.0,0.2,207,38,1594.908,0.28,0.6,0.6,0.0,0.0,0,0,0.0,0.0,0,0,0.0,1131.95,1,0,0.0,7974.54,5,1,0.2,0
LGS2ORD0040699,C010773,2025-11-19 07:00:00,Female,57,Bronze,TV,Chiang Mai,355,Web,COD,7,11,2,0,>50,11.833333333333334,3.0,1.0,0.3333333333333333,80,65,3478.35,0.28,0.6666666666666666,0.6666666666666666,0.0,0.0,0,0,0.0,0.0,0,0,0.0,635.79,1,0,0.0,10435.05,3,1,0.3333333333333333,1
LGS2ORD0040700,C014262,2025-11-19 07:00:00,Female,27,Bronze,Lazada,Bangkok,1152,TV_Show,Bank_Transfer,7,11,2,0,20-30,38.4,2.0,0.0,0.0,-1,221,1078.7350000000001,0.18,0.5,0.0,0.0,0.0,0,0,0.0,0.0,0,0,0.0,0.0,0,0,0.0,2157.4700000000003,2,0,0.0,0
LGS2ORD0040701,C011877,2025-11-19 08:00:00,Female,39,Silver,Web,Chiang Mai,535,Shopee,Credit_Card,8,11,2,0,30-40,17.833333333333332,4.0,2.0,0.5,107,114,4078.585,0.25,0.25,0.25,0.0,0.0,0,0,0.0,0.0,0,0,0.0,0.0,0,0,0.0,16314.34,4,2,0.5,1
LGS2ORD0040702,C012772,2025-11-19 08:00:00,Female,25,Gold,Lazada,Bangkok,797,TV_Show,PromptPay,8,11,2,0,20-30,26.566666666666666,5.0,1.0,0.2,233,5,2395.15,0.28,0.6,0.4,0.0,1119.08,1,0,0.0,1119.08,1,0,0.0,4723.5599999999995,2,0,0.0,11975.75,5,1,0.2,0
LGS2ORD0040703,C010071,2025-11-19 08:00:00,Female,51,Bronze,TV,Remote_Area,694,Lazada,PromptPay,8,11,2,0,>50,23.133333333333333,7.0,2.0,0.2857142857142857,92,21,6331.777142857143,0.28,0.5714285714285714,0.7142857142857143,0.0,0.0,0,0,0.0,2731.24,1,0,0.0,9735.04,2,0,0.0,44322.44,7,2,0.2857142857142857,0
LGS2ORD0040704,C010774,2025-11-19 08:00:00,Female,37,Silver,Shopee,Bangkok,1507,Shopee,COD,8,11,2,0,30-40,50.233333333333334,2.0,1.0,0.5,281,98,5901.385,0.1,1.0,0.0,0.0,0.0,0,0,0.0,0.0,0,0,0.0,0.0,0,0,0.0,11802.77,2,1,0.5,0
LGS2ORD0040705,C011044,2025-11-19 08:00:00,Female,46,Silver,Web,Chonburi,1279,TV_Show,COD,8,11,2,0,40-50,42.63333333333333,4.0,1.0,0.25,3,13,4539.8125,0.3,0.25,0.75,0.0,0.0,0,0,0.0,6570.09,1,1,1.0,6570.09,1,1,1.0,18159.25,4,1,0.25,1
LGS2ORD0040706,C013517,2025-11-19 09:00:00,Female,36,Silver,TV,Bangkok,677,Shopee,PromptPay,9,11,2,0,30-40,22.566666666666666,6.0,0.0,0.0,-1,30,4993.733333333334,0.3,0.5,0.3333333333333333,0.0,0.0,0,0,0.0,0.0,0,0,0.0,10332.26,2,0,0.0,29962.4,6,0,0.0,0
LGS2ORD0040707,C012454,2025-11-19 09:00:00,Male,25,Silver,Web,Remote_Area,921,Shopee,Bank_Transfer,9,11,2,0,20-30,30.7,1.0,1.0,1.0,89,96,1166.99,0.3,0.0,1.0,0.0,0.0,0,0,0.0,0.0,0,0,0.0,0.0,0,0,0.0,1166.99,1,1,1.0,0
LGS2ORD0040708,C015092,2025-11-19 09:00:00,Female,59,Gold,TV,Bangkok,1325,TV_Show,COD,9,11,2,0,>50,44.166666666666664,5.0,1.0,0.2,12,22,2002.806,0.28,0.6,0.8,0.0,0.0,0,0,0.0,1768.19,1,1,1.0,5254.76,2,1,0.5,10014.03,5,1,0.2,1
LGS2ORD0040709,C017370,2025-11-19 09:00:00,Male,46,Silver,TV,Bangkok,1706,TV_Show,COD,9,11,2,0,40-50,56.86666666666667,8.0,2.0,0.25,260,58,3596.90625,0.3,0.625,0.625,0.0,0.0,0,0,0.0,0.0,0,0,0.0,1074.97,1,0,0.0,28775.25,8,2,0.25,1
LGS2ORD0040710,C013739,2025-11-19 09:00:00,Female,50,Silver,Lazada,Nakhon Ratchasima,598,Shopee,Credit_Card,9,11,2,0,40-50,19.933333333333334,6.0,1.0,0.16666666666666666,63,6,8068.378333333334,0.25,0.5,0.3333333333333333,0.0,8009.73,1,0,0.0,16230.07,2,0,0.0,30693.16,3,1,0.3333333333333333,48410.270000000004,6,1,0.16666666666666666,0
LGS2ORD0040711,C016428,2025-11-19 09:00:00,Female,36,Platinum,Shopee,Chiang Mai,977,Web,COD,9,11,2,0,30-40,32.56666666666667,6.0,1.0,0.16666666666666666,172,21,4987.526666666667,0.35,0.3333333333333333,0.5,0.0,0.0,0,0,0.0,12303.5,1,0,0.0,14176.3,2,0,0.0,29925.16,6,1,0.16666666666666666,0
LGS2ORD0040712,C016296,2025-11-19 10:00:00,Male,42,Bronze,Web,Nakhon Ratchasima,644,TV_Show,Credit_Card,10,11,2,0,40-50,21.466666666666665,4.0,3.0,0.75,61,74,3995.0775,0.23,0.5,0.5,0.0,0.0,0,0,0.0,0.0,0,0,0.0,10970.59,1,1,1.0,15980.31,4,3,0.75,0
LGS2ORD0040713,C011423,2025-11-19 10:00:00,Other,60,Bronze,Shopee,Bangkok,1736,Lazada,Credit_Card,10,11,2,0,>50,57.86666666666667,10.0,2.0,0.2,122,40,5036.692,0.18,0.6,0.0,0.0,0.0,0,0,0.0,0.0,0,0,0.0,1116.28,1,0,0.0,50366.92,10,2,0.2,0
LGS2ORD0040714,C011994,2025-11-19 10:00:00,Male,47,Silver,TV,Chonburi,1130,TV_Show,COD,10,11,2,0,40-50,37.666666666666664,11.0,3.0,0.2727272727272727,12,23,3420.3863636363635,0.3,0.8181818181818182,0.36363636363636365,0.0,0.0,0,0,0.0,9743.45,2,2,1.0,11052.61,4,2,0.5,37624.25,11,3,0.2727272727272727,1
LGS2ORD0040715,C011917,2025-11-19 10:00:00,Male,48,Silver,TV,Bangkok,1170,TV_Show,PromptPay,10,11,2,0,40-50,39.0,5.0,2.0,0.4,199,54,3742.638,0.25,0.8,0.6,0.0,0.0,0,0,0.0,0.0,0,0,0.0,1377.77,1,0,0.0,18713.19,5,2,0.4,0
LGS2ORD0040716,C016287,2025-11-19 10:00:00,Female,28,Platinum,TV,Bangkok,913,Shopee,PromptPay,10,11,2,0,20-30,30.433333333333334,4.0,0.0,0.0,-1,2,3421.1625,0.2,0.5,0.0,0.0,905.58,1,0,0.0,905.58,1,0,0.0,2472.63,2,0,0.0,13684.65,4,0,0.0,0
LGS2ORD0040717,C017141,2025-11-19 11:00:00,Male,44,Gold,Lazada,Bangkok,1309,Lazada,COD,11,11,2,0,40-50,43.63333333333333,8.0,3.0,0.375,32,37,9025.5625,0.33,0.25,0.375,0.0,0.0,0,0,0.0,0.0,0,0,0.0,11697.34,2,1,0.5,72204.5,8,3,0.375,0
LGS2ORD0040718,C017170,2025-11-19 11:00:00,Female,48,Silver,Shopee,Phuket,1681,Lazada,PromptPay,11,11,2,0,40-50,56.03333333333333,7.0,1.0,0.14285714285714285,180,19,3970.792857142857,0.2,0.42857142857142855,0.0,0.0,0.0,0,0,0.0,4076.13,1,0,0.0,4076.13,1,0,0.0,27795.55,7,1,0.14285714285714285,0
LGS2ORD0040719,C015555,2025-11-19 11:00:00,Male,40,Bronze,TV,Nakhon Ratchasima,1524,Web,Credit_Card,11,11,2,0,30-40,50.8,8.0,0.0,0.0,-1,122,10485.575,0.23,0.625,0.125,0.0,0.0,0,0,0.0,0.0,0,0,0.0,0.0,0,0,0.0,83884.6,8,0,0.0,0
LGS2ORD0040720,C013820,2025-11-19 11:00:00,Male,26,Silver,Lazada,Bangkok,1452,Lazada,Credit_Card,11,11,2,0,20-30,48.4,3.0,0.0,0.0,-1,3,5119.426666666667,0.25,0.3333333333333333,0.3333333333333333,0.0,1518.68,1,0,0.0,1518.68,1,0,0.0,1518.68,1,0,0.0,15358.28,3,0,0.0,0
LGS2ORD0040721,C013110,2025-11-19 11:00:00,Male,42,Gold,Web,Bangkok,759,Shopee,Bank_Transfer,11,11,2,0,40-50,25.3,7.0,2.0,0.2857142857142857,15,21,7427.165714285715,0.33,0.5714285714285714,0.5714285714285714,0.0,0.0,0,0,0.0,6525.64,1,1,1.0,9087.44,2,2,1.0,51990.16,7,2,0.2857142857142857,0
LGS2ORD0040722,C011774,2025-11-19 12:00:00,Male,70,Silver,TV,Nakhon Ratchasima,475,TV_Show,Bank_Transfer,12,11,2,0,>50,15.833333333333334,8.0,2.0,0.25,139,149,7203.06875,0.3,0.875,0.25,0.0,0.0,0,0,0.0,0.0,0,0,0.0,0.0,0,0,0.0,57624.55,8,2,0.25,0
LGS2ORD0040723,C013512,2025-11-19 12:00:00,Male,32,Platinum,Web,Bangkok,772,Lazada,PromptPay,12,11,2,0,30-40,25.733333333333334,3.0,0.0,0.0,-1,8,1708.32,0.2,0.3333333333333333,0.0,0.0,0.0,0,0,0.0,2127.98,1,0,0.0,2127.98,1,0,0.0,5124.96,3,0,0.0,0
LGS2ORD0040724,C014182,2025-11-19 12:00:00,Female,60,Bronze,Lazada,Khon Kaen,658,Shopee,COD,12,11,2,0,>50,21.933333333333334,5.0,2.0,0.4,-3,3,15247.145999999999,0.13,0.6,0.0,0.0,19367.59,1,1,1.0,24937.71,2,1,0.5,76235.73,5,2,0.4,76235.73,5,2,0.4,1
LGS2ORD0040725,C010778,2025-11-19 12:00:00,Female,31,Bronze,TV,Bangkok,1761,TV_Show,Credit_Card,12,11,2,0,30-40,58.7,5.0,2.0,0.4,243,154,9210.614000000001,0.23,0.8,0.2,0.0,0.0,0,0,0.0,0.0,0,0,0.0,0.0,0,0,0.0,46053.07000000001,5,2,0.4,0
LGS2ORD0040726,C013631,2025-11-19 12:00:00,Female,54,Silver,Lazada,Remote_Area,879,Web,Credit_Card,12,11,2,0,>50,29.3,7.0,5.0,0.7142857142857143,60,53,10404.534285714286,0.3,0.7142857142857143,0.2857142857142857,0.14285714285714285,0.0,0,0,0.0,0.0,0,0,0.0,32704.690000000002,2,1,0.5,72831.74,7,5,0.7142857142857143,0
LGS2ORD0040727,C013515,2025-11-19 13:00:00,Male,32,Bronze,TV,Remote_Area,543,Shopee,PromptPay,13,11,2,0,30-40,18.1,14.0,7.0,0.5,-13,1,4697.465714285713,0.28,0.5714285714285714,0.07142857142857142,0.0,15711.07,1,1,1.0,29207.27,2,1,0.5,47804.18,7,3,0.42857142857142855,65764.51999999999,14,7,0.5,0
LGS2ORD0040728,C015751,2025-11-19 13:00:00,Male,51,Silver,TV,Remote_Area,467,Lazada,COD,13,11,2,0,>50,15.566666666666666,5.0,2.0,0.4,167,52,4874.476,0.25,0.6,0.2,0.0,0.0,0,0,0.0,0.0,0,0,0.0,14320.99,1,0,0.0,24372.379999999997,5,2,0.4,0
LGS2ORD0040729,C016061,2025-11-19 13:00:00,Male,40,Bronze,CallCenter,Khon Kaen,705,Lazada,COD,13,11,2,0,30-40,23.5,3.0,1.0,0.3333333333333333,202,187,5191.933333333333,0.23,0.3333333333333333,0.6666666666666666,0.0,0.0,0,0,0.0,0.0,0,0,0.0,0.0,0,0,0.0,15575.8,3,1,0.3333333333333333,1
LGS2ORD0040730,C011681,2025-11-19 13:00:00,Male,42,Bronze,Shopee,Bangkok,348,TV_Show,COD,13,11,2,0,40-50,11.6,10.0,2.0,0.2,73,55,9076.436,0.18,0.7,0.0,0.0,0.0,0,0,0.0,0.0,0,0,0.0,41023.11,2,1,0.5,90764.36,10,2,0.2,0
LGS2ORD0040731,C012045,2025-11-19 13:00:00,Male,28,Bronze,Lazada,Bangkok,1050,Web,Credit_Card,13,11,2,0,20-30,35.0,3.0,0.0,0.0,-1,98,1820.1633333333332,0.23,0.6666666666666666,0.3333333333333333,0.0,0.0,0,0,0.0,0.0,0,0,0.0,0.0,0,0,0.0,5460.49,3,0,0.0,0
LGS2ORD0040732,C011726,2025-11-19 13:00:00,Male,32,Bronze,Shopee,Khon Kaen,505,TV_Show,PromptPay,13,11,2,0,30-40,16.833333333333332,9.0,2.0,0.2222222222222222,35,26,5931.078888888889,0.28,0.8888888888888888,0.1111111111111111,0.0,0.0,0,0,0.0,7016.25,1,0,0.0,37214.42,5,1,0.2,53379.71000000001,9,2,0.2222222222222222,0
LGS2ORD0040733,C014813,2025-11-19 14:00:00,Male,51,Silver,Shopee,Khon Kaen,1646,Shopee,COD,14,11,2,0,>50,54.86666666666667,6.0,3.0,0.5,34,42,7937.143333333333,0.3,1.0,0.8333333333333334,0.0,0.0,0,0,0.0,0.0,0,0,0.0,19254.41,1,1,1.0,47622.86,6,3,0.5,0
LGS2ORD0040734,C013329,2025-11-19 14:00:00,Female,63,Silver,TV,Chiang Mai,561,TV_Show,Credit_Card,14,11,2,0,>50,18.7,4.0,0.0,0.0,-1,16,11507.772500000001,0.25,0.5,0.25,0.0,0.0,0,0,0.0,7667.07,1,0,0.0,25191.329999999998,2,0,0.0,46031.090000000004,4,0,0.0,0
LGS2ORD0040735,C015898,2025-11-19 14:00:00,Female,39,Gold,TV,Chiang Mai,483,CallCenter,COD,14,11,2,0,30-40,16.1,1.0,1.0,1.0,247,256,6695.1,0.33,1.0,1.0,0.0,0.0,0,0,0.0,0.0,0,0,0.0,0.0,0,0,0.0,6695.1,1,1,1.0,0
LGS2ORD0040736,C011172,2025-11-19 14:00:00,Male,48,Platinum,Web,Chonburi,906,Web,Credit_Card,14,11,2,0,40-50,30.2,3.0,0.0,0.0,-1,173,6813.073333333334,0.2,1.0,0.0,0.0,0.0,0,0,0.0,0.0,0,0,0.0,0.0,0,0,0.0,20439.22,3,0,0.0,0
LGS2ORD0040737,C016858,2025-11-19 14:00:00,Male,40,Bronze,TV,Songkhla,708,CallCenter,COD,14,11,2,0,30-40,23.6,8.0,3.0,0.375,40,55,4199.5675,0.28,0.75,0.5,0.0,0.0,0,0,0.0,0.0,0,0,0.0,14581.83,2,1,0.5,33596.54,8,3,0.375,0
LGS2ORD0040738,C015063,2025-11-19 15:00:00,Female,18,Silver,Web,Bangkok,789,Shopee,Credit_Card,15,11,2,0,<20,26.3,4.0,0.0,0.0,-1,35,4288.015,0.2,0.5,0.0,0.0,0.0,0,0,0.0,0.0,0,0,0.0,15520.03,2,0,0.0,17152.06,4,0,0.0,0
LGS2ORD0040739,C012107,2025-11-19 15:00:00,Female,47,Silver,TV,Remote_Area,1018,CallCenter,COD,15,11,2,0,40-50,33.93333333333333,7.0,5.0,0.7142857142857143,-5,3,7743.0828571428565,0.2,0.5714285714285714,0.0,0.0,17035.16,2,2,1.0,17035.16,2,2,1.0,17035.16,2,2,1.0,54201.579999999994,7,5,0.7142857142857143,0
LGS2ORD0040740,C014839,2025-11-19 15:00:00,Male,49,Bronze,Shopee,Khon Kaen,1772,TV_Show,Credit_Card,15,11,2,0,40-50,59.06666666666667,8.0,2.0,0.25,181,68,9546.27375,0.28,0.375,0.375,0.0,0.0,0,0,0.0,0.0,0,0,0.0,33845.02,2,0,0.0,76370.19,8,2,0.25,1
LGS2ORD0040741,C012191,2025-11-19 15:00:00,Female,58,Gold,Shopee,Bangkok,1548,Lazada,PromptPay,15,11,2,0,>50,51.6,6.0,2.0,0.3333333333333333,253,48,7600.748333333334,0.2299999999999999,0.6666666666666666,0.5,0.16666666666666666,0.0,0,0,0.0,0.0,0,0,0.0,5391.09,1,0,0.0,45604.490000000005,6,2,0.3333333333333333,0
LGS2ORD0040742,C017228,2025-11-19 15:00:00,Male,54,Silver,TV,Phuket,480,CallCenter,COD,15,11,2,0,>50,16.0,8.0,3.0,0.375,48,5,7469.13125,0.3,0.875,0.25,0.0,1737.87,1,0,0.0,1737.87,1,0,0.0,4322.02,2,1,0.5,59753.05,8,3,0.375,1
LGS2ORD0040743,C011515,2025-11-19 16:00:00,Male,37,Silver,CallCenter,Nakhon Ratchasima,557,Web,COD,16,11,2,0,30-40,18.566666666666666,4.0,0.0,0.0,-1,17,2423.16,0.3,0.25,0.25,0.0,0.0,0,0,0.0,2967.95,1,0,0.0,2967.95,1,0,0.0,9692.64,4,0,0.0,0
LGS2ORD0040744,C012168,2025-11-19 16:00:00,Female,44,Bronze,Web,Chonburi,1107,Shopee,COD,16,11,2,0,40-50,36.9,4.0,1.0,0.25,93,25,4686.094999999999,0.13,1.0,0.0,0.0,0.0,0,0,0.0,5263.99,1,0,0.0,5263.99,1,0,0.0,18744.379999999997,4,1,0.25,1
LGS2ORD0040745,C014475,2025-11-19 16:00:00,Female,30,Gold,Web,Chiang Mai,1707,Lazada,Credit_Card,16,11,2,0,20-30,56.9,5.0,0.0,0.0,-1,54,6837.647999999999,0.33,0.4,0.6,0.0,0.0,0,0,0.0,0.0,0,0,0.0,912.64,1,0,0.0,34188.24,5,0,0.0,0
LGS2ORD0040746,C012048,2025-11-19 16:00:00,Female,29,Gold,Lazada,Nakhon Ratchasima,728,TV_Show,COD,16,11,2,0,20-30,24.266666666666666,2.0,1.0,0.5,230,203,6511.74,0.13,1.0,0.0,0.0,0.0,0,0,0.0,0.0,0,0,0.0,0.0,0,0,0.0,13023.48,2,1,0.5,0
LGS2ORD0040747,C012582,2025-11-19 16:00:00,Male,38,Silver,TV,Phuket,1433,Web,PromptPay,16,11,2,0,30-40,47.766666666666666,1.0,0.0,0.0,-1,238,2103.56,0.05,0.0,0.0,0.0,0.0,0,0,0.0,0.0,0,0,0.0,0.0,0,0,0.0,2103.56,1,0,0.0,0
LGS2ORD0040748,C012550,2025-11-19 17:00:00,Female,41,Bronze,Shopee,Songkhla,1327,CallCenter,Credit_Card,17,11,2,0,40-50,44.233333333333334,3.0,1.0,0.3333333333333333,212,124,4960.889999999999,0.23,0.6666666666666666,0.3333333333333333,0.0,0.0,0,0,0.0,0.0,0,0,0.0,0.0,0,0,0.0,14882.669999999998,3,1,0.3333333333333333,0
LGS2ORD0040749,C014762,2025-11-19 17:00:00,Male,42,Bronze,TV,Chiang Mai,676,CallCenter,PromptPay,17,11,2,0,40-50,22.533333333333335,5.0,0.0,0.0,-1,43,5633.526,0.23,0.2,0.2,0.0,0.0,0,0,0.0,0.0,0,0,0.0,16875.059999999998,2,0,0.0,28167.629999999997,5,0,0.0,0
LGS2ORD0040750,C012095,2025-11-19 17:00:00,Female,49,Bronze,TV,Bangkok,1470,Web,Credit_Card,17,11,2,0,40-50,49.0,5.0,2.0,0.4,47,59,6508.945999999999,0.08,0.4,0.0,0.0,0.0,0,0,0.0,0.0,0,0,0.0,6917.42,1,1,1.0,32544.729999999996,5,2,0.4,0
LGS2ORD0040751,C010944,2025-11-19 17:00:00,Female,41,Bronze,Lazada,Khon Kaen,1214,Lazada,Credit_Card,17,11,2,0,40-50,40.46666666666667,8.0,2.0,0.25,114,17,2154.505,0.28,0.5,0.25,0.0,0.0,0,0,0.0,541.66,1,0,0.0,4709.13,3,0,0.0,17236.04,8,2,0.25,0
LGS2ORD0040752,C015823,2025-11-19 17:00:00,Female,35,Silver,TV,Bangkok,1776,Shopee,COD,17,11,2,0,30-40,59.2,2.0,0.0,0.0,-1,93,12591.73,0.2,0.5,0.0,0.0,0.0,0,0,0.0,0.0,0,0,0.0,0.0,0,0,0.0,25183.46,2,0,0.0,0
LGS2ORD0040753,C015388,2025-11-19 17:00:00,Female,62,Platinum,Web,Bangkok,392,Shopee,Credit_Card,17,11,2,0,>50,13.066666666666666,2.0,1.0,0.5,284,147,1493.07,0.25,0.5,0.5,0.0,0.0,0,0,0.0,0.0,0,0,0.0,0.0,0,0,0.0,2986.14,2,1,0.5,1
LGS2ORD0040754,C013282,2025-11-19 18:00:00,Female,56,Gold,TV,Remote_Area,1127,Web,Bank_Transfer,18,11,2,0,>50,37.56666666666667,10.0,3.0,0.3,88,7,4385.687,0.28,0.7,0.5,0.0,0.0,0,0,0.0,3079.74,2,0,0.0,16425.55,3,0,0.0,43856.87,10,3,0.3,0
LGS2ORD0040755,C011883,2025-11-19 18:00:00,Male,41,Gold,Lazada,Chiang Mai,1177,Lazada,COD,18,11,2,0,40-50,39.233333333333334,1.0,0.0,0.0,-1,57,17394.23,0.08,0.0,0.0,0.0,0.0,0,0,0.0,0.0,0,0,0.0,17394.23,1,0,0.0,17394.23,1,0,0.0,0
LGS2ORD0040756,C013228,2025-11-19 18:00:00,Female,42,Silver,TV,Bangkok,702,Lazada,COD,18,11,2,0,40-50,23.4,4.0,0.0,0.0,-1,52,10478.0125,0.2,0.75,0.0,0.0,0.0,0,0,0.0,0.0,0,0,0.0,3559.76,1,0,0.0,41912.05,4,0,0.0,0
LGS2ORD0040757,C015761,2025-11-19 18:00:00,Female,25,Bronze,Shopee,Remote_Area,1068,Shopee,COD,18,11,2,0,20-30,35.6,4.0,3.0,0.75,143,161,2670.4125,0.28,0.5,0.25,0.0,0.0,0,0,0.0,0.0,0,0,0.0,0.0,0,0,0.0,10681.65,4,3,0.75,0
LGS2ORD0040758,C010277,2025-11-19 18:00:00,Female,62,Platinum,TV,Chiang Mai,608,CallCenter,PromptPay,18,11,2,0,>50,20.266666666666666,1.0,0.0,0.0,-1,130,2960.76,0.2,0.0,0.0,0.0,0.0,0,0,0.0,0.0,0,0,0.0,0.0,0,0,0.0,2960.76,1,0,0.0,0
LGS2ORD0040759,C017755,2025-11-19 19:00:00,Male,46,Silver,Lazada,Chonburi,343,TV_Show,COD,19,11,2,0,40-50,11.433333333333334,5.0,2.0,0.4,10,14,2965.0879999999997,0.3,0.4,0.4,0.0,0.0,0,0,0.0,1149.55,1,1,1.0,5978.37,3,1,0.3333333333333333,14825.439999999999,5,2,0.4,0
LGS2ORD0040760,C010033,2025-11-19 19:00:00,Female,50,Silver,Shopee,Khon Kaen,1523,TV_Show,COD,19,11,2,0,40-50,50.766666666666666,7.0,1.0,0.14285714285714285,90,26,3730.7857142857138,0.2,0.42857142857142855,0.0,0.0,0.0,0,0,0.0,2845.48,1,0,0.0,4726.4400000000005,2,0,0.0,26115.499999999996,7,1,0.14285714285714285,1
LGS2ORD0040761,C010956,2025-11-19 19:00:00,Female,27,Gold,Web,Phuket,564,TV_Show,COD,19,11,2,0,20-30,18.8,5.0,3.0,0.6,109,28,3477.036,0.28,0.4,0.4,0.0,0.0,0,0,0.0,3256.42,1,0,0.0,3256.42,1,0,0.0,17385.18,5,3,0.6,1
LGS2ORD0040762,C015044,2025-11-19 19:00:00,Female,40,Bronze,TV,Songkhla,978,Web,COD,19,11,2,0,30-40,32.6,7.0,3.0,0.42857142857142855,90,101,3090.498571428571,0.28,0.42857142857142855,0.42857142857142855,0.0,0.0,0,0,0.0,0.0,0,0,0.0,0.0,0,0,0.0,21633.489999999994,7,3,0.42857142857142855,0
LGS2ORD0040763,C015019,2025-11-19 19:00:00,Female,62,Bronze,CallCenter,Nakhon Ratchasima,631,TV_Show,COD,19,11,2,0,>50,21.033333333333335,11.0,0.0,0.0,-1,36,5087.800000000001,0.23,0.2727272727272727,0.09090909090909091,0.0,0.0,0,0,0.0,0.0,0,0,0.0,8050.86,3,0,0.0,55965.80000000001,11,0,0.0,1
LGS2ORD0040764,C010867,2025-11-19 20:00:00,Male,68,Gold,Web,Bangkok,620,TV_Show,Bank_Transfer,20,11,2,0,>50,20.666666666666668,1.0,0.0,0.0,-1,60,693.19,0.2299999999999999,0.0,1.0,0.0,0.0,0,0,0.0,0.0,0,0,0.0,693.19,1,0,0.0,693.19,1,0,0.0,0
LGS2ORD0040765,C014942,2025-11-19 20:00:00,Female,42,Bronze,CallCenter,Songkhla,822,Lazada,PromptPay,20,11,2,0,40-50,27.4,5.0,1.0,0.2,21,29,3806.1619999999994,0.23,0.4,0.2,0.0,0.0,0,0,0.0,2642.83,1,0,0.0,8539.83,2,1,0.5,19030.809999999998,5,1,0.2,0
LGS2ORD0040766,C014551,2025-11-19 20:00:00,Female,40,Bronze,CallCenter,Chiang Mai,864,Lazada,COD,20,11,2,0,30-40,28.8,5.0,2.0,0.4,78,87,6285.223999999999,0.23,0.6,0.2,0.0,0.0,0,0,0.0,0.0,0,0,0.0,4667.24,1,1,1.0,31426.119999999995,5,2,0.4,1
LGS2ORD0040767,C010713,2025-11-19 20:00:00,Male,55,Bronze,TV,Remote_Area,898,CallCenter,PromptPay,20,11,2,0,>50,29.933333333333334,2.0,1.0,0.5,200,107,974.59,0.23,0.5,0.5,0.0,0.0,0,0,0.0,0.0,0,0,0.0,0.0,0,0,0.0,1949.18,2,1,0.5,0
LGS2ORD0040768,C016034,2025-11-19 20:00:00,Female,40,Bronze,Web,Songkhla,1283,TV_Show,COD,20,11,2,0,30-40,42.766666666666666,9.0,5.0,0.5555555555555556,174,9,5718.097777777777,0.23,0.6666666666666666,0.3333333333333333,0.0,0.0,0,0,0.0,1303.65,1,0,0.0,19293.16,2,0,0.0,51462.88,9,5,0.5555555555555556,1
LGS2ORD0040769,C014064,2025-11-19 21:00:00,Male,33,Bronze,Web,Phuket,621,Web,PromptPay,21,11,2,0,30-40,20.7,6.0,1.0,0.16666666666666666,82,27,7021.5199999999995,0.23,0.5,0.16666666666666666,0.0,0.0,0,0,0.0,2146.16,1,0,0.0,2940.3999999999996,2,0,0.0,42129.119999999995,6,1,0.16666666666666666,0
LGS2ORD0040770,C012221,2025-11-19 21:00:00,Female,36,Silver,Web,Bangkok,1218,Lazada,PromptPay,21,11,2,0,30-40,40.6,3.0,1.0,0.3333333333333333,131,29,10414.796666666667,0.1,0.6666666666666666,0.0,0.0,0.0,0,0,0.0,760.31,1,0,0.0,760.31,1,0,0.0,31244.390000000003,3,1,0.3333333333333333,0
LGS2ORD0040771,C010209,2025-11-19 21:00:00,Female,38,Silver,Shopee,Phuket,566,TV_Show,Bank_Transfer,21,11,2,0,30-40,18.866666666666667,3.0,2.0,0.6666666666666666,60,74,8437.763333333334,0.25,0.6666666666666666,0.3333333333333333,0.0,0.0,0,0,0.0,0.0,0,0,0.0,11763.35,1,1,1.0,25313.29,3,2,0.6666666666666666,1
LGS2ORD0040772,C016202,2025-11-19 21:00:00,Male,55,Gold,TV,Chonburi,1066,CallCenter,COD,21,11,2,0,>50,35.53333333333333,3.0,1.0,0.3333333333333333,54,69,5819.496666666667,0.33,0.6666666666666666,0.3333333333333333,0.0,0.0,0,0,0.0,0.0,0,0,0.0,12078.29,1,1,1.0,17458.49,3,1,0.3333333333333333,0
LGS2ORD0040773,C015027,2025-11-19 21:00:00,Male,33,Platinum,Web,Bangkok,1406,Shopee,Credit_Card,21,11,2,0,30-40,46.86666666666667,2.0,0.0,0.0,-1,54,1792.205,0.35,0.5,0.5,0.0,0.0,0,0,0.0,0.0,0,0,0.0,3584.41,2,0,0.0,3584.41,2,0,0.0,1
LGS2ORD0040774,C011269,2025-11-19 21:00:00,Male,45,Bronze,TV,Nakhon Ratchasima,706,Web,Bank_Transfer,21,11,2,0,40-50,23.533333333333335,6.0,1.0,0.16666666666666666,308,16,9680.198333333332,0.28,0.5,0.3333333333333333,0.0,0.0,0,0,0.0,17923.93,1,0,0.0,17923.93,1,0,0.0,58081.189999999995,6,1,0.16666666666666666,0
LGS2ORD0040775,C012965,2025-11-19 22:00:00,Male,61,Bronze,TV,Bangkok,1255,CallCenter,COD,22,11,2,0,>50,41.833333333333336,11.0,1.0,0.09090909090909091,199,29,4933.172727272728,0.28,0.7272727272727273,0.2727272727272727,0.0,0.0,0,0,0.0,10204.07,1,0,0.0,12889.93,2,0,0.0,54264.9,11,1,0.09090909090909091,0
LGS2ORD0040776,C012873,2025-11-19 22:00:00,Female,33,Bronze,Shopee,Songkhla,615,CallCenter,PromptPay,22,11,2,0,30-40,20.5,7.0,2.0,0.2857142857142857,0,6,3867.7414285714285,0.28,0.42857142857142855,0.42857142857142855,0.0,6782.82,1,1,1.0,8574.34,2,2,1.0,11411.26,3,2,0.6666666666666666,27074.19,7,2,0.2857142857142857,0
LGS2ORD0040777,C012468,2025-11-19 22:00:00,Male,50,Gold,Lazada,Chiang Mai,510,TV_Show,Credit_Card,22,11,2,0,40-50,17.0,5.0,2.0,0.4,86,21,3959.2920000000004,0.33,0.8,0.4,0.0,0.0,0,0,0.0,3034.13,1,0,0.0,3034.13,1,0,0.0,19796.460000000003,5,2,0.4,1
LGS2ORD0040778,C016023,2025-11-19 22:00:00,Male,28,Silver,TV,Remote_Area,1265,CallCenter,PromptPay,22,11,2,0,20-30,42.166666666666664,4.0,2.0,0.5,146,71,5425.7474999999995,0.25,0.75,0.25,0.0,0.0,0,0,0.0,0.0,0,0,0.0,2051.36,1,0,0.0,21702.989999999998,4,2,0.5,0
LGS2ORD0040779,C013565,2025-11-19 22:00:00,Male,32,Bronze,Web,Bangkok,1404,Web,COD,22,11,2,0,30-40,46.8,4.0,0.0,0.0,-1,134,5339.3375,0.28,0.5,0.75,0.0,0.0,0,0,0.0,0.0,0,0,0.0,0.0,0,0,0.0,21357.35,4,0,0.0,0
LGS2ORD0040780,C014031,2025-11-19 23:00:00,Male,51,Silver,Web,Bangkok,535,Shopee,COD,23,11,2,0,>50,17.833333333333332,5.0,1.0,0.2,306,18,3535.434,0.25,0.4,0.2,0.0,0.0,0,0,0.0,323.31,1,0,0.0,1612.59,2,0,0.0,17677.170000000002,5,1,0.2,1
LGS2ORD0040781,C013521,2025-11-19 23:00:00,Female,32,Bronze,CallCenter,Khon Kaen,981,TV_Show,Bank_Transfer,23,11,2,0,30-40,32.7,3.0,0.0,0.0,-1,25,1851.6366666666665,0.08,0.3333333333333333,0.0,0.0,0.0,0,0,0.0,3556.29,1,0,0.0,4133.99,2,0,0.0,5554.91,3,0,0.0,0
LGS2ORD0040782,C012117,2025-11-19 23:00:00,Female,18,Silver,Web,Bangkok,433,Shopee,Bank_Transfer,23,11,2,0,<20,14.433333333333334,0.0,0.0,0.0,-1,-1,0.0,0.0,0.0,0.0,0.0,0.0,0,0,0.0,0.0,0,0,0.0,0.0,0,0,0.0,0.0,0,0,0.0,0
LGS2ORD0040783,C013324,2025-11-19 23:00:00,Female,54,Bronze,TV,Chiang Mai,1583,TV_Show,COD,23,11,2,0,>50,52.766666666666666,4.0,3.0,0.75,105,113,5189.0725,0.28,0.25,0.5,0.0,0.0,0,0,0.0,0.0,0,0,0.0,0.0,0,0,0.0,20756.29,4,3,0.75,0
LGS2ORD0040784,C011908,2025-11-19 23:00:00,Male,39,Platinum,CallCenter,Bangkok,703,TV_Show,PromptPay,23,11,2,0,30-40,23.433333333333334,5.0,0.0,0.0,-1,78,1465.66,0.35,0.4,0.4,0.0,0.0,0,0,0.0,0.0,0,0,0.0,1720.78,1,0,0.0,7328.3,5,0,0.0,0
LGS2ORD0040785,C012268,2025-11-20 00:00:00,Female,44,Bronze,Shopee,Chonburi,1657,TV_Show,Bank_Transfer,0,11,3,0,40-50,55.233333333333334,6.0,0.0,0.0,-1,16,3037.465,0.28,0.6666666666666666,0.3333333333333333,0.0,0.0,0,0,0.0,645.2,1,0,0.0,2136.3,2,0,0.0,18224.79,6,0,0.0,0
LGS2ORD0040786,C010296,2025-11-20 00:00:00,Male,49,Silver,TV,Bangkok,839,Lazada,COD,0,11,3,0,40-50,27.966666666666665,4.0,0.0,0.0,-1,33,8804.57,0.25,1.0,0.25,0.0,0.0,0,0,0.0,0.0,0,0,0.0,26273.42,1,0,0.0,35218.28,4,0,0.0,0
LGS2ORD0040787,C012127,2025-11-20 00:00:00,Male,53,Gold,Web,Bangkok,1501,Lazada,COD,0,11,3,0,>50,50.03333333333333,4.0,0.0,0.0,-1,45,2901.375,0.28,0.25,0.5,0.0,0.0,0,0,0.0,0.0,0,0,0.0,8755.470000000001,2,0,0.0,11605.5,4,0,0.0,0
LGS2ORD0040788,C016663,2025-11-20 00:00:00,Female,35,Silver,TV,Phuket,572,Lazada,COD,0,11,3,0,30-40,19.066666666666666,4.0,2.0,0.5,142,27,8819.4375,0.2,0.25,0.0,0.0,0.0,0,0,0.0,3633.36,1,0,0.0,3633.36,1,0,0.0,35277.75,4,2,0.5,1
LGS2ORD0040789,C014867,2025-11-20 00:00:00,Female,41,Bronze,TV,Remote_Area,1068,Lazada,Credit_Card,0,11,3,0,40-50,35.6,5.0,0.0,0.0,-1,81,5082.5779999999995,0.23,0.6,0.2,0.0,0.0,0,0,0.0,0.0,0,0,0.0,322.34,1,0,0.0,25412.89,5,0,0.0,1
LGS2ORD0040790,C015779,2025-11-20 01:00:00,Male,44,Bronze,Lazada,Bangkok,968,Web,PromptPay,1,11,3,0,40-50,32.266666666666666,3.0,0.0,0.0,-1,109,1617.2066666666667,0.23,0.3333333333333333,0.3333333333333333,0.0,0.0,0,0,0.0,0.0,0,0,0.0,0.0,0,0,0.0,4851.62,3,0,0.0,0
LGS2ORD0040791,C012604,2025-11-20 01:00:00,Female,55,Bronze,TV,Remote_Area,948,TV_Show,COD,1,11,3,0,>50,31.6,7.0,1.0,0.14285714285714285,256,22,7541.137142857143,0.28,0.2857142857142857,0.2857142857142857,0.0,0.0,0,0,0.0,21664.76,1,0,0.0,45275.97,4,0,0.0,52787.96,7,1,0.14285714285714285,1
LGS2ORD0040792,C010483,2025-11-20 01:00:00,Female,30,Gold,Lazada,Bangkok,1595,Web,Credit_Card,1,11,3,0,20-30,53.166666666666664,6.0,1.0,0.16666666666666666,21,3,4825.641666666666,0.33,0.5,0.3333333333333333,0.0,6836.16,1,0,0.0,6836.16,1,0,0.0,20706.75,3,1,0.3333333333333333,28953.85,6,1,0.16666666666666666,0
LGS2ORD0040793,C014056,2025-11-20 01:00:00,Male,51,Gold,TV,Songkhla,1003,Shopee,PromptPay,1,11,3,0,>50,33.43333333333333,1.0,0.0,0.0,-1,105,437.83,0.2299999999999999,1.0,1.0,0.0,0.0,0,0,0.0,0.0,0,0,0.0,0.0,0,0,0.0,437.83,1,0,0.0,0
LGS2ORD0040794,C017346,2025-11-20 01:00:00,Female,32,Silver,Web,Bangkok,936,Lazada,Credit_Card,1,11,3,0,30-40,31.2,2.0,1.0,0.5,135,29,16692.625,0.25,0.5,0.5,0.0,0.0,0,0,0.0,29714.67,1,0,0.0,29714.67,1,0,0.0,33385.25,2,1,0.5,0
LGS2ORD0040795,C015386,2025-11-20 01:00:00,Male,55,Bronze,TV,Bangkok,1664,Shopee,COD,1,11,3,0,>50,55.46666666666667,6.0,1.0,0.16666666666666666,131,48,3576.6100000000006,0.28,0.6666666666666666,0.3333333333333333,0.0,0.0,0,0,0.0,0.0,0,0,0.0,5983.0,4,0,0.0,21459.660000000003,6,1,0.16666666666666666,0
LGS2ORD0040796,C012125,2025-11-20 02:00:00,Female,51,Gold,Shopee,Chiang Mai,769,Shopee,Credit_Card,2,11,3,0,>50,25.633333333333333,4.0,2.0,0.5,181,125,5490.780000000001,0.28,0.75,0.25,0.0,0.0,0,0,0.0,0.0,0,0,0.0,0.0,0,0,0.0,21963.120000000003,4,2,0.5,0
LGS2ORD0040797,C013237,2025-11-20 02:00:00,Male,49,Bronze,CallCenter,Chonburi,399,CallCenter,COD,2,11,3,0,40-50,13.3,7.0,3.0,0.42857142857142855,161,49,6459.42,0.23,0.5714285714285714,0.2857142857142857,0.0,0.0,0,0,0.0,0.0,0,0,0.0,20531.699999999997,2,0,0.0,45215.94,7,3,0.42857142857142855,0
LGS2ORD0040798,C011648,2025-11-20 02:00:00,Female,41,Silver,TV,Bangkok,658,Shopee,COD,2,11,3,0,40-50,21.933333333333334,6.0,0.0,0.0,-1,12,3222.1566666666663,0.3,0.5,0.6666666666666666,0.0,0.0,0,0,0.0,12082.99,1,0,0.0,12082.99,1,0,0.0,19332.94,6,0,0.0,0
LGS2ORD0040799,C010549,2025-11-20 02:00:00,Male,62,Gold,Shopee,Nakhon Ratchasima,1400,Shopee,Credit_Card,2,11,3,0,>50,46.666666666666664,8.0,1.0,0.125,10,4,6224.16625,0.28,0.75,0.625,0.0,3981.5,1,0,0.0,7764.48,2,1,0.5,7764.48,2,1,0.5,49793.33,8,1,0.125,0
LGS2ORD0040800,C012949,2025-11-20 02:00:00,Female,42,Bronze,TV,Nakhon Ratchasima,421,Lazada,COD,2,11,3,0,40-50,14.033333333333333,9.0,3.0,0.3333333333333333,105,6,8272.323333333334,0.28,0.7777777777777778,0.4444444444444444,0.0,21575.41,1,0,0.0,21575.41,1,0,0.0,57748.34,4,0,0.0,74450.91,9,3,0.3333333333333333,0
LGS2ORD0040801,C014857,2025-11-20 03:00:00,Female,69,Bronze,TV,Nakhon Ratchasima,1316,CallCenter,COD,3,11,3,0,>50,43.86666666666667,8.0,2.0,0.25,13,21,4159.68125,0.28,0.375,0.25,0.0,0.0,0,0,0.0,2464.02,1,1,1.0,2464.02,1,1,1.0,33277.45,8,2,0.25,0
LGS2ORD0040802,C015035,2025-11-20 03:00:00,Male,37,Bronze,Lazada,Chiang Mai,465,CallCenter,COD,3,11,3,0,30-40,15.5,2.0,0.0,0.0,-1,94,1406.88,0.18,0.5,0.0,0.0,0.0,0,0,0.0,0.0,0,0,0.0,0.0,0,0,0.0,2813.76,2,0,0.0,0
LGS2ORD0040803,C015805,2025-11-20 03:00:00,Male,41,Gold,TV,Chiang Mai,1272,Shopee,COD,3,11,3,0,40-50,42.4,8.0,1.0,0.125,0,9,8256.84,0.33,0.75,0.375,0.125,0.0,0,0,0.0,14297.04,2,1,0.5,16946.04,4,1,0.25,66054.72,8,1,0.125,1
LGS2ORD0040804,C016561,2025-11-20 03:00:00,Female,48,Bronze,Lazada,Remote_Area,922,TV_Show,COD,3,11,3,0,40-50,30.733333333333334,5.0,2.0,0.4,4,15,8842.924,0.23,0.2,0.2,0.0,0.0,0,0,0.0,7359.19,1,1,1.0,7359.19,1,1,1.0,44214.62,5,2,0.4,0
LGS2ORD0040805,C012822,2025-11-20 03:00:00,Male,52,Bronze,TV,Remote_Area,1096,Shopee,PromptPay,3,11,3,0,>50,36.53333333333333,4.0,2.0,0.5,211,62,9631.2125,0.23,1.0,0.25,0.0,0.0,0,0,0.0,0.0,0,0,0.0,26265.93,1,0,0.0,38524.85,4,2,0.5,0
LGS2ORD0040806,C010616,2025-11-20 04:00:00,Female,43,Platinum,Shopee,Remote_Area,790,CallCenter,COD,4,11,3,0,40-50,26.333333333333332,3.0,2.0,0.6666666666666666,0,6,12442.446666666669,0.3,0.0,0.3333333333333333,0.0,2078.04,1,1,1.0,2078.04,1,1,1.0,32157.620000000003,2,2,1.0,37327.340000000004,3,2,0.6666666666666666,1
LGS2ORD0040807,C015921,2025-11-20 04:00:00,Male,47,Bronze,TV,Khon Kaen,1756,TV_Show,COD,4,11,3,0,40-50,58.53333333333333,8.0,1.0,0.125,251,85,5390.411249999999,0.28,0.5,0.5,0.0,0.0,0,0,0.0,0.0,0,0,0.0,5451.0,1,0,0.0,43123.28999999999,8,1,0.125,1
LGS2ORD0040808,C010589,2025-11-20 04:00:00,Male,40,Bronze,Web,Songkhla,1384,Web,COD,4,11,3,0,30-40,46.13333333333333,10.0,4.0,0.4,19,14,3667.62,0.28,0.8,0.4,0.0,0.0,0,0,0.0,16335.669999999998,3,1,0.3333333333333333,24894.519999999997,6,2,0.3333333333333333,36676.2,10,4,0.4,1
LGS2ORD0040809,C017762,2025-11-20 04:00:00,Other,23,Gold,Lazada,Nakhon Ratchasima,1188,Lazada,Bank_Transfer,4,11,3,0,20-30,39.6,7.0,2.0,0.2857142857142857,114,71,5381.805714285714,0.33,0.42857142857142855,0.42857142857142855,0.0,0.0,0,0,0.0,0.0,0,0,0.0,5187.82,2,0,0.0,37672.64,7,2,0.2857142857142857,0
LGS2ORD0040810,C016456,2025-11-20 04:00:00,Male,62,Bronze,TV,Remote_Area,1098,Lazada,PromptPay,4,11,3,0,>50,36.6,7.0,4.0,0.5714285714285714,35,46,4424.197142857142,0.28,0.5714285714285714,0.42857142857142855,0.0,0.0,0,0,0.0,0.0,0,0,0.0,2982.1099999999997,2,2,1.0,30969.379999999997,7,4,0.5714285714285714,0
LGS2ORD0040811,C017427,2025-11-20 05:00:00,Female,33,Bronze,Lazada,Khon Kaen,1200,Shopee,COD,5,11,3,0,30-40,40.0,5.0,0.0,0.0,-1,59,12043.138,0.18,0.0,0.0,0.0,0.0,0,0,0.0,0.0,0,0,0.0,46013.34,3,0,0.0,60215.69,5,0,0.0,1
LGS2ORD0040812,C015713,2025-11-20 05:00:00,Male,47,Gold,Shopee,Nakhon Ratchasima,532,TV_Show,COD,5,11,3,0,40-50,17.733333333333334,1.0,0.0,0.0,-1,46,2427.66,0.2299999999999999,1.0,1.0,0.0,0.0,0,0,0.0,0.0,0,0,0.0,2427.66,1,0,0.0,2427.66,1,0,0.0,1
LGS2ORD0040813,C010395,2025-11-20 05:00:00,Female,42,Bronze,TV,Phuket,1644,CallCenter,Credit_Card,5,11,3,0,40-50,54.8,10.0,5.0,0.5,-3,9,8317.324,0.28,0.5,0.2,0.0,0.0,0,0,0.0,2433.25,1,1,1.0,6213.5599999999995,3,3,1.0,83173.24,10,5,0.5,0
LGS2ORD0040814,C015938,2025-11-20 05:00:00,Female,18,Bronze,CallCenter,Bangkok,1133,Web,Credit_Card,5,11,3,0,<20,37.766666666666666,2.0,1.0,0.5,72,78,2187.025,0.08,0.5,0.0,0.0,0.0,0,0,0.0,0.0,0,0,0.0,1799.63,1,1,1.0,4374.05,2,1,0.5,0
LGS2ORD0040815,C014738,2025-11-20 05:00:00,Male,55,Bronze,TV,Chonburi,746,Lazada,COD,5,11,3,0,>50,24.866666666666667,6.0,2.0,0.3333333333333333,205,31,2634.6666666666665,0.23,0.5,0.16666666666666666,0.0,0.0,0,0,0.0,0.0,0,0,0.0,6774.93,2,0,0.0,15808.0,6,2,0.3333333333333333,0
LGS2ORD0040816,C011267,2025-11-20 05:00:00,Female,48,Gold,TV,Bangkok,1368,Shopee,PromptPay,5,11,3,0,40-50,45.6,6.0,1.0,0.16666666666666666,281,28,4706.348333333334,0.28,0.5,0.5,0.0,0.0,0,0,0.0,920.13,1,0,0.0,920.13,1,0,0.0,28238.090000000004,6,1,0.16666666666666666,0
LGS2ORD0040817,C012859,2025-11-20 06:00:00,Male,72,Bronze,Web,Nakhon Ratchasima,1302,Shopee,COD,6,11,3,0,>50,43.4,9.0,1.0,0.1111111111111111,156,67,4165.106666666667,0.18,0.5555555555555556,0.0,0.0,0.0,0,0,0.0,0.0,0,0,0.0,8049.56,1,0,0.0,37485.96,9,1,0.1111111111111111,0
LGS2ORD0040818,C011772,2025-11-20 06:00:00,Male,40,Bronze,Lazada,Chonburi,662,Shopee,COD,6,11,3,0,30-40,22.066666666666666,3.0,2.0,0.6666666666666666,9,24,4043.563333333334,0.23,0.6666666666666666,0.3333333333333333,0.0,0.0,0,0,0.0,1945.36,1,1,1.0,2386.65,2,2,1.0,12130.690000000002,3,2,0.6666666666666666,0
LGS2ORD0040819,C013584,2025-11-20 06:00:00,Female,55,Gold,CallCenter,Bangkok,1782,Lazada,Credit_Card,6,11,3,0,>50,59.4,4.0,0.0,0.0,-1,30,11008.6625,0.18,0.75,0.0,0.0,0.0,0,0,0.0,0.0,0,0,0.0,1919.05,1,0,0.0,44034.65,4,0,0.0,0
LGS2ORD0040820,C010666,2025-11-20 06:00:00,Female,24,Silver,TV,Chiang Mai,788,Lazada,COD,6,11,3,0,20-30,26.266666666666666,5.0,0.0,0.0,-1,8,10106.046,0.25,0.4,0.2,0.0,0.0,0,0,0.0,3600.6,1,0,0.0,31605.14,2,0,0.0,50530.23,5,0,0.0,0
LGS2ORD0040821,C016215,2025-11-20 06:00:00,Male,37,Bronze,Lazada,Chonburi,884,Web,PromptPay,6,11,3,0,30-40,29.466666666666665,5.0,1.0,0.2,220,20,5023.286,0.28,0.4,0.4,0.0,0.0,0,0,0.0,9060.79,1,0,0.0,23425.800000000003,3,0,0.0,25116.43,5,1,0.2,0
LGS2ORD0040822,C015340,2025-11-20 07:00:00,Female,42,Silver,TV,Chiang Mai,1414,TV_Show,PromptPay,7,11,3,0,40-50,47.13333333333333,9.0,0.0,0.0,-1,12,5950.267777777777,0.3,0.5555555555555556,0.3333333333333333,0.0,0.0,0,0,0.0,3475.06,2,0,0.0,24880.63,3,0,0.0,53552.409999999996,9,0,0.0,0
LGS2ORD0040823,C010771,2025-11-20 07:00:00,Other,50,Bronze,Shopee,Chonburi,1664,Shopee,Bank_Transfer,7,11,3,0,40-50,55.46666666666667,9.0,3.0,0.3333333333333333,221,75,5111.385555555555,0.28,0.6666666666666666,0.3333333333333333,0.0,0.0,0,0,0.0,0.0,0,0,0.0,1643.7,1,0,0.0,46002.469999999994,9,3,0.3333333333333333,0
LGS2ORD0040824,C012405,2025-11-20 07:00:00,Male,40,Gold,TV,Chonburi,858,Lazada,Credit_Card,7,11,3,0,30-40,28.6,3.0,1.0,0.3333333333333333,-11,1,13295.403333333334,0.33,0.3333333333333333,0.6666666666666666,0.0,892.89,1,1,1.0,892.89,1,1,1.0,892.89,1,1,1.0,39886.21,3,1,0.3333333333333333,0
LGS2ORD0040825,C010233,2025-11-20 07:00:00,Male,26,Gold,Web,Khon Kaen,805,Shopee,Credit_Card,7,11,3,0,20-30,26.833333333333332,6.0,0.0,0.0,-1,18,6393.256666666667,0.33,0.6666666666666666,0.3333333333333333,0.0,0.0,0,0,0.0,5730.53,2,0,0.0,5730.53,2,0,0.0,38359.54,6,0,0.0,0
LGS2ORD0040826,C013753,2025-11-20 07:00:00,Male,40,Platinum,Web,Khon Kaen,1765,Lazada,COD,7,11,3,0,30-40,58.833333333333336,5.0,0.0,0.0,-1,118,12041.306,0.3,0.4,0.2,0.0,0.0,0,0,0.0,0.0,0,0,0.0,0.0,0,0,0.0,60206.53,5,0,0.0,0
LGS2ORD0040827,C014433,2025-11-20 08:00:00,Female,69,Bronze,TV,Bangkok,593,Web,Credit_Card,8,11,3,0,>50,19.766666666666666,6.0,3.0,0.5,87,102,2781.0066666666667,0.28,0.5,0.16666666666666666,0.0,0.0,0,0,0.0,0.0,0,0,0.0,0.0,0,0,0.0,16686.04,6,3,0.5,0
LGS2ORD0040828,C011856,2025-11-20 08:00:00,Female,43,Bronze,Web,Khon Kaen,838,TV_Show,COD,8,11,3,0,40-50,27.933333333333334,4.0,2.0,0.5,109,9,1775.33,0.18,0.5,0.0,0.0,0.0,0,0,0.0,1113.36,1,0,0.0,1113.36,1,0,0.0,7101.32,4,2,0.5,1
LGS2ORD0040829,C012237,2025-11-20 08:00:00,Female,34,Bronze,TV,Remote_Area,1725,Shopee,Credit_Card,8,11,3,0,30-40,57.5,3.0,1.0,0.3333333333333333,110,126,4897.096666666667,0.23,0.3333333333333333,0.6666666666666666,0.0,0.0,0,0,0.0,0.0,0,0,0.0,0.0,0,0,0.0,14691.29,3,1,0.3333333333333333,0
LGS2ORD0040830,C013038,2025-11-20 08:00:00,Female,36,Bronze,TV,Chiang Mai,644,Lazada,Credit_Card,8,11,3,0,30-40,21.466666666666665,7.0,0.0,0.0,-1,1,4418.2128571428575,0.23,0.42857142857142855,0.14285714285714285,0.0,2483.47,1,0,0.0,2483.47,1,0,0.0,2483.47,1,0,0.0,30927.49,7,0,0.0,0
LGS2ORD0040831,C010389,2025-11-20 08:00:00,Male,46,Bronze,Shopee,Phuket,422,CallCenter,COD,8,11,3,0,40-50,14.066666666666666,7.0,3.0,0.42857142857142855,15,22,5210.99,0.23,0.2857142857142857,0.2857142857142857,0.0,0.0,0,0,0.0,10460.93,1,1,1.0,14690.630000000001,2,2,1.0,36476.93,7,3,0.42857142857142855,0
LGS2ORD0040832,C010664,2025-11-20 08:00:00,Female,47,Gold,TV,Bangkok,942,Lazada,COD,8,11,3,0,40-50,31.4,1.0,0.0,0.0,-1,92,1130.32,0.08,1.0,0.0,0.0,0.0,0,0,0.0,0.0,0,0,0.0,0.0,0,0,0.0,1130.32,1,0,0.0,0
LGS2ORD0040833,C011182,2025-11-20 09:00:00,Female,31,Silver,Lazada,Remote_Area,1590,Shopee,COD,9,11,3,0,30-40,53.0,8.0,0.0,0.0,-1,16,9480.37375,0.3,0.375,0.125,0.0,0.0,0,0,0.0,24877.19,1,0,0.0,33520.36,4,0,0.0,75842.99,8,0,0.0,0
LGS2ORD0040834,C017764,2025-11-20 09:00:00,Male,21,Bronze,TV,Chonburi,1478,Shopee,Credit_Card,9,11,3,0,20-30,49.266666666666666,5.0,1.0,0.2,10,22,3326.482,0.23,0.6,0.4,0.0,0.0,0,0,0.0,1451.15,1,1,1.0,5659.98,3,1,0.3333333333333333,16632.41,5,1,0.2,0
LGS2ORD0040835,C015377,2025-11-20 09:00:00,Female,36,Silver,Shopee,Songkhla,356,Lazada,Bank_Transfer,9,11,3,0,30-40,11.866666666666667,5.0,3.0,0.6,27,19,4141.736,0.3,0.4,0.4,0.0,0.0,0,0,0.0,1538.13,1,0,0.0,10997.54,2,1,0.5,20708.68,5,3,0.6,0
LGS2ORD0040836,C015133,2025-11-20 09:00:00,Other,72,Bronze,TV,Bangkok,404,Web,COD,9,11,3,0,>50,13.466666666666667,4.0,0.0,0.0,-1,143,3363.3799999999997,0.23,0.25,0.25,0.0,0.0,0,0,0.0,0.0,0,0,0.0,0.0,0,0,0.0,13453.519999999999,4,0,0.0,0
LGS2ORD0040837,C015414,2025-11-20 09:00:00,Female,35,Bronze,CallCenter,Chiang Mai,855,Web,PromptPay,9,11,3,0,30-40,28.5,6.0,2.0,0.3333333333333333,129,47,3805.498333333333,0.28,0.3333333333333333,0.16666666666666666,0.0,0.0,0,0,0.0,0.0,0,0,0.0,6981.099999999999,2,0,0.0,22832.989999999998,6,2,0.3333333333333333,0
LGS2ORD0040838,C014198,2025-11-20 10:00:00,Male,37,Gold,Shopee,Khon Kaen,784,CallCenter,PromptPay,10,11,3,0,30-40,26.133333333333333,8.0,1.0,0.125,155,93,5936.563749999999,0.33,0.625,0.375,0.0,0.0,0,0,0.0,0.0,0,0,0.0,0.0,0,0,0.0,47492.509999999995,8,1,0.125,1
LGS2ORD0040839,C016984,2025-11-20 10:00:00,Male,24,Gold,Web,Khon Kaen,1070,CallCenter,PromptPay,10,11,3,0,20-30,35.666666666666664,7.0,4.0,0.5714285714285714,15,29,2285.295714285714,0.33,0.42857142857142855,0.7142857142857143,0.0,0.0,0,0,0.0,970.31,1,1,1.0,3040.6,2,1,0.5,15997.069999999998,7,4,0.5714285714285714,0
LGS2ORD0040840,C011389,2025-11-20 10:00:00,Male,51,Gold,Shopee,Khon Kaen,402,Lazada,Credit_Card,10,11,3,0,>50,13.4,2.0,0.0,0.0,-1,232,2130.77,0.2299999999999999,0.0,0.5,0.0,0.0,0,0,0.0,0.0,0,0,0.0,0.0,0,0,0.0,4261.54,2,0,0.0,0
LGS2ORD0040841,C011240,2025-11-20 10:00:00,Female,25,Bronze,Web,Chonburi,688,Shopee,Bank_Transfer,10,11,3,0,20-30,22.933333333333334,5.0,1.0,0.2,45,10,6861.053999999999,0.28,0.2,0.4,0.0,0.0,0,0,0.0,2143.21,1,0,0.0,26112.199999999997,3,1,0.3333333333333333,34305.27,5,1,0.2,0
LGS2ORD0040842,C017886,2025-11-20 10:00:00,Female,54,Silver,TV,Chiang Mai,727,Web,Credit_Card,10,11,3,0,>50,24.233333333333334,11.0,3.0,0.2727272727272727,65,19,4810.687272727273,0.3,0.6363636363636364,0.36363636363636365,0.0,0.0,0,0,0.0,2423.69,1,0,0.0,9984.66,4,1,0.25,52917.560000000005,11,3,0.2727272727272727,0
LGS2ORD0040843,C014418,2025-11-20 11:00:00,Female,26,Gold,Lazada,Nakhon Ratchasima,677,Web,COD,11,11,3,0,20-30,22.566666666666666,6.0,0.0,0.0,-1,89,6935.245,0.2299999999999999,0.5,0.5,0.0,0.0,0,0,0.0,0.0,0,0,0.0,20035.95,2,0,0.0,41611.47,6,0,0.0,0
LGS2ORD0040844,C016531,2025-11-20 11:00:00,Male,28,Gold,Web,Khon Kaen,1406,Shopee,Bank_Transfer,11,11,3,0,20-30,46.86666666666667,6.0,0.0,0.0,-1,59,4488.211666666666,0.33,0.16666666666666666,0.16666666666666666,0.0,0.0,0,0,0.0,0.0,0,0,0.0,1713.92,1,0,0.0,26929.269999999997,6,0,0.0,0
LGS2ORD0040845,C012889,2025-11-20 11:00:00,Female,52,Silver,Web,Bangkok,450,CallCenter,Credit_Card,11,11,3,0,>50,15.0,0.0,0.0,0.0,-1,-1,0.0,0.0,0.0,0.0,0.0,0.0,0,0,0.0,0.0,0,0,0.0,0.0,0,0,0.0,0.0,0,0,0.0,0
LGS2ORD0040846,C014579,2025-11-20 11:00:00,Female,46,Gold,Web,Remote_Area,1726,Web,COD,11,11,3,0,40-50,57.53333333333333,3.0,1.0,0.3333333333333333,247,173,3390.0633333333335,0.28,0.3333333333333333,1.0,0.0,0.0,0,0,0.0,0.0,0,0,0.0,0.0,0,0,0.0,10170.19,3,1,0.3333333333333333,0
LGS2ORD0040847,C012196,2025-11-20 11:00:00,Male,48,Silver,Web,Khon Kaen,1435,Web,Credit_Card,11,11,3,0,40-50,47.833333333333336,4.0,0.0,0.0,-1,70,5721.3675,0.25,0.75,0.25,0.0,0.0,0,0,0.0,0.0,0,0,0.0,2640.77,1,0,0.0,22885.47,4,0,0.0,0
LGS2ORD0040848,C014108,2025-11-20 12:00:00,Male,66,Silver,TV,Khon Kaen,728,Web,COD,12,11,3,0,>50,24.266666666666666,6.0,1.0,0.16666666666666666,302,38,8068.063333333333,0.3,0.5,0.5,0.0,0.0,0,0,0.0,0.0,0,0,0.0,13167.11,2,0,0.0,48408.38,6,1,0.16666666666666666,1
LGS2ORD0040849,C011363,2025-11-20 12:00:00,Female,43,Silver,Web,Phuket,1323,TV_Show,COD,12,11,3,0,40-50,44.1,8.0,2.0,0.25,16,10,8977.09375,0.25,0.5,0.125,0.0,0.0,0,0,0.0,3858.12,2,1,0.5,15397.83,4,2,0.5,71816.75,8,2,0.25,1
LGS2ORD0040850,C010547,2025-11-20 12:00:00,Male,30,Silver,Lazada,Bangkok,526,CallCenter,COD,12,11,3,0,20-30,17.533333333333335,6.0,2.0,0.3333333333333333,19,26,2100.123333333333,0.25,0.6666666666666666,0.16666666666666666,0.0,0.0,0,0,0.0,858.65,1,1,1.0,2005.8899999999999,2,2,1.0,12600.739999999998,6,2,0.3333333333333333,1
LGS2ORD0040851,C017664,2025-11-20 12:00:00,Other,20,Bronze,Web,Bangkok,1410,TV_Show,Bank_Transfer,12,11,3,0,<20,47.0,3.0,1.0,0.3333333333333333,314,9,4931.216666666666,0.18,1.0,0.0,0.0,0.0,0,0,0.0,4481.4,1,0,0.0,4481.4,1,0,0.0,14793.65,3,1,0.3333333333333333,0
LGS2ORD0040852,C012766,2025-11-20 12:00:00,Male,33,Platinum,Shopee,Chiang Mai,338,Web,COD,12,11,3,0,30-40,11.266666666666667,9.0,1.0,0.1111111111111111,172,6,4719.631111111112,0.25,0.6666666666666666,0.2222222222222222,0.0,2964.55,1,0,0.0,3321.4300000000003,2,0,0.0,4752.15,4,0,0.0,42476.68000000001,9,1,0.1111111111111111,0
LGS2ORD0040853,C017246,2025-11-20 12:00:00,Female,29,Bronze,TV,Bangkok,701,Web,COD,12,11,3,0,20-30,23.366666666666667,7.0,3.0,0.42857142857142855,80,36,2791.7628571428572,0.23,1.0,0.5714285714285714,0.0,0.0,0,0,0.0,0.0,0,0,0.0,4934.55,2,0,0.0,19542.34,7,3,0.42857142857142855,0
LGS2ORD0040854,C016794,2025-11-20 13:00:00,Female,33,Bronze,Web,Chonburi,1576,Lazada,Bank_Transfer,13,11,3,0,30-40,52.53333333333333,6.0,2.0,0.3333333333333333,0,17,8671.805,0.18,0.5,0.0,0.0,0.0,0,0,0.0,2121.99,1,1,1.0,28511.29,3,2,0.6666666666666666,52030.83,6,2,0.3333333333333333,1
LGS2ORD0040855,C010888,2025-11-20 13:00:00,Other,36,Bronze,TV,Bangkok,1366,Shopee,COD,13,11,3,0,30-40,45.53333333333333,9.0,4.0,0.4444444444444444,110,4,4039.3766666666666,0.23,0.6666666666666666,0.2222222222222222,0.0,795.75,1,0,0.0,11027.5,2,0,0.0,12444.19,3,0,0.0,36354.39,9,4,0.4444444444444444,0
LGS2ORD0040856,C010104,2025-11-20 13:00:00,Male,35,Bronze,TV,Remote_Area,629,Web,Bank_Transfer,13,11,3,0,30-40,20.966666666666665,5.0,1.0,0.2,162,56,6288.866,0.23,0.2,0.2,0.0,0.0,0,0,0.0,0.0,0,0,0.0,1279.39,1,0,0.0,31444.329999999998,5,1,0.2,1
LGS2ORD0040857,C017168,2025-11-20 13:00:00,Male,53,Gold,Web,Bangkok,523,Shopee,PromptPay,13,11,3,0,>50,17.433333333333334,7.0,3.0,0.42857142857142855,25,31,4808.654285714286,0.33,0.7142857142857143,0.5714285714285714,0.0,0.0,0,0,0.0,0.0,0,0,0.0,9579.75,3,1,0.3333333333333333,33660.58,7,3,0.42857142857142855,0
LGS2ORD0040858,C012389,2025-11-20 13:00:00,Female,55,Gold,Shopee,Bangkok,411,Web,COD,13,11,3,0,>50,13.7,6.0,1.0,0.16666666666666666,125,103,3947.9050000000007,0.33,0.5,0.5,0.0,0.0,0,0,0.0,0.0,0,0,0.0,0.0,0,0,0.0,23687.430000000004,6,1,0.16666666666666666,0
LGS2ORD0040859,C012277,2025-11-20 14:00:00,Male,34,Gold,Shopee,Bangkok,537,TV_Show,Credit_Card,14,11,3,0,30-40,17.9,3.0,0.0,0.0,-1,69,3554.7566666666667,0.33,0.0,0.6666666666666666,0.0,0.0,0,0,0.0,0.0,0,0,0.0,6334.91,1,0,0.0,10664.27,3,0,0.0,1
LGS2ORD0040860,C012546,2025-11-20 14:00:00,Female,36,Gold,TV,Chiang Mai,765,Lazada,Credit_Card,14,11,3,0,30-40,25.5,4.0,1.0,0.25,107,20,5185.389999999999,0.33,0.5,0.75,0.0,0.0,0,0,0.0,4101.99,1,0,0.0,4101.99,1,0,0.0,20741.559999999998,4,1,0.25,0
LGS2ORD0040861,C014534,2025-11-20 14:00:00,Male,58,Bronze,TV,Phuket,813,Shopee,COD,14,11,3,0,>50,27.1,4.0,2.0,0.5,139,142,2700.3225,0.18,0.75,0.0,0.0,0.0,0,0,0.0,0.0,0,0,0.0,0.0,0,0,0.0,10801.29,4,2,0.5,1
LGS2ORD0040862,C014330,2025-11-20 14:00:00,Male,19,Silver,TV,Phuket,1599,CallCenter,COD,14,11,3,0,<20,53.3,6.0,3.0,0.5,30,38,3179.0066666666667,0.25,0.8333333333333334,0.16666666666666666,0.0,0.0,0,0,0.0,0.0,0,0,0.0,3470.16,1,1,1.0,19074.04,6,3,0.5,1
LGS2ORD0040863,C010779,2025-11-20 14:00:00,Male,27,Silver,Web,Bangkok,773,Shopee,COD,14,11,3,0,20-30,25.766666666666666,1.0,0.0,0.0,-1,292,1187.08,0.05,1.0,0.0,0.0,0.0,0,0,0.0,0.0,0,0,0.0,0.0,0,0,0.0,1187.08,1,0,0.0,1
LGS2ORD0040864,C011702,2025-11-20 15:00:00,Female,54,Gold,Web,Phuket,381,TV_Show,COD,15,11,3,0,>50,12.7,4.0,1.0,0.25,174,83,5910.2275,0.18,0.5,0.0,0.0,0.0,0,0,0.0,0.0,0,0,0.0,8764.49,1,0,0.0,23640.91,4,1,0.25,0
LGS2ORD0040865,C015038,2025-11-20 15:00:00,Female,72,Silver,Shopee,Nakhon Ratchasima,1305,TV_Show,Credit_Card,15,11,3,0,>50,43.5,7.0,2.0,0.2857142857142857,78,21,4571.182857142858,0.25,0.7142857142857143,0.14285714285714285,0.0,0.0,0,0,0.0,1500.95,1,0,0.0,13082.93,3,1,0.3333333333333333,31998.280000000002,7,2,0.2857142857142857,1
LGS2ORD0040866,C015066,2025-11-20 15:00:00,Female,27,Bronze,TV,Chonburi,866,Lazada,Bank_Transfer,15,11,3,0,20-30,28.866666666666667,0.0,0.0,0.0,-1,-1,0.0,0.0,0.0,0.0,0.0,0.0,0,0,0.0,0.0,0,0,0.0,0.0,0,0,0.0,0.0,0,0,0.0,0
LGS2ORD0040867,C013838,2025-11-20 15:00:00,Male,60,Bronze,CallCenter,Remote_Area,419,TV_Show,COD,15,11,3,0,>50,13.966666666666667,10.0,4.0,0.4,128,115,4689.544,0.28,0.5,0.3,0.0,0.0,0,0,0.0,0.0,0,0,0.0,0.0,0,0,0.0,46895.44,10,4,0.4,1
LGS2ORD0040868,C014929,2025-11-20 15:00:00,Female,39,Bronze,Shopee,Bangkok,1045,Lazada,COD,15,11,3,0,30-40,34.833333333333336,6.0,1.0,0.16666666666666666,300,7,5753.306666666666,0.23,0.6666666666666666,0.3333333333333333,0.0,0.0,0,0,0.0,12173.27,2,0,0.0,12173.27,2,0,0.0,34519.84,6,1,0.16666666666666666,0
LGS2ORD0040869,C011914,2025-11-20 16:00:00,Female,56,Gold,CallCenter,Chiang Mai,665,Lazada,Bank_Transfer,16,11,3,0,>50,22.166666666666668,6.0,2.0,0.3333333333333333,72,49,4157.518333333333,0.28,0.6666666666666666,0.16666666666666666,0.0,0.0,0,0,0.0,0.0,0,0,0.0,9641.19,2,1,0.5,24945.11,6,2,0.3333333333333333,0
LGS2ORD0040870,C014139,2025-11-20 16:00:00,Male,46,Bronze,Shopee,Bangkok,1591,Web,COD,16,11,3,0,40-50,53.03333333333333,4.0,0.0,0.0,-1,34,3120.1549999999997,0.18,0.5,0.0,0.0,0.0,0,0,0.0,0.0,0,0,0.0,1283.66,1,0,0.0,12480.619999999999,4,0,0.0,1
LGS2ORD0040871,C012156,2025-11-20 16:00:00,Male,45,Bronze,TV,Chiang Mai,935,Web,Credit_Card,16,11,3,0,40-50,31.166666666666668,5.0,0.0,0.0,-1,43,12259.58,0.23,0.6,0.4,0.0,0.0,0,0,0.0,0.0,0,0,0.0,34882.65,2,0,0.0,61297.9,5,0,0.0,0
LGS2ORD0040872,C013129,2025-11-20 16:00:00,Male,32,Bronze,TV,Remote_Area,870,Web,Bank_Transfer,16,11,3,0,30-40,29.0,7.0,1.0,0.14285714285714285,136,79,6553.782857142857,0.28,0.8571428571428571,0.5714285714285714,0.0,0.0,0,0,0.0,0.0,0,0,0.0,3699.4,1,0,0.0,45876.48,7,1,0.14285714285714285,0
LGS2ORD0040873,C014701,2025-11-20 16:00:00,Female,63,Bronze,Lazada,Bangkok,1750,Lazada,COD,16,11,3,0,>50,58.333333333333336,7.0,0.0,0.0,-1,26,4252.302857142858,0.28,0.42857142857142855,0.2857142857142857,0.0,0.0,0,0,0.0,1864.78,1,0,0.0,5565.75,2,0,0.0,29766.120000000003,7,0,0.0,0
LGS2ORD0040874,C016284,2025-11-20 16:00:00,Male,67,Bronze,CallCenter,Bangkok,1327,Shopee,COD,16,11,3,0,>50,44.233333333333334,4.0,1.0,0.25,117,93,3102.7349999999997,0.23,0.5,0.25,0.0,0.0,0,0,0.0,0.0,0,0,0.0,0.0,0,0,0.0,12410.939999999999,4,1,0.25,1
LGS2ORD0040875,C013645,2025-11-20 17:00:00,Male,64,Silver,TV,Khon Kaen,1499,Shopee,COD,17,11,3,0,>50,49.96666666666667,11.0,3.0,0.2727272727272727,180,44,6577.770909090908,0.25,0.45454545454545453,0.09090909090909091,0.0,0.0,0,0,0.0,0.0,0,0,0.0,9386.550000000001,2,0,0.0,72355.48,11,3,0.2727272727272727,1
LGS2ORD0040876,C015416,2025-11-20 17:00:00,Male,33,Bronze,Web,Bangkok,1770,CallCenter,PromptPay,17,11,3,0,30-40,59.0,2.0,0.0,0.0,-1,87,1906.29,0.23,0.5,0.5,0.0,0.0,0,0,0.0,0.0,0,0,0.0,2127.64,1,0,0.0,3812.58,2,0,0.0,0
LGS2ORD0040877,C010518,2025-11-20 17:00:00,Male,31,Gold,Web,Chonburi,833,Web,COD,17,11,3,0,30-40,27.766666666666666,3.0,2.0,0.6666666666666666,12,22,4336.943333333334,0.33,0.3333333333333333,1.0,0.0,0.0,0,0,0.0,2646.81,1,1,1.0,9923.11,2,1,0.5,13010.83,3,2,0.6666666666666666,0
LGS2ORD0040878,C011148,2025-11-20 17:00:00,Male,28,Silver,Lazada,Nakhon Ratchasima,1545,Web,COD,17,11,3,0,20-30,51.5,6.0,1.0,0.16666666666666666,-6,6,6067.758333333334,0.3,0.5,0.3333333333333333,0.0,438.74,1,1,1.0,438.74,1,1,1.0,10341.73,2,1,0.5,36406.55,6,1,0.16666666666666666,0
LGS2ORD0040879,C014614,2025-11-20 17:00:00,Female,58,Silver,Shopee,Remote_Area,418,Shopee,COD,17,11,3,0,>50,13.933333333333334,5.0,0.0,0.0,-1,102,1442.5459999999998,0.2,0.8,0.0,0.0,0.0,0,0,0.0,0.0,0,0,0.0,0.0,0,0,0.0,7212.73,5,0,0.0,0
LGS2ORD0040880,C015446,2025-11-20 18:00:00,Female,38,Bronze,Shopee,Bangkok,1412,TV_Show,Credit_Card,18,11,3,0,30-40,47.06666666666667,10.0,1.0,0.1,155,57,7972.007,0.23,0.5,0.2,0.0,0.0,0,0,0.0,0.0,0,0,0.0,11859.76,1,0,0.0,79720.06999999999,10,1,0.1,0
LGS2ORD0040881,C014589,2025-11-20 18:00:00,Female,26,Bronze,Web,Bangkok,1474,Lazada,PromptPay,18,11,3,0,20-30,49.13333333333333,6.0,0.0,0.0,-1,60,3091.7333333333336,0.28,0.16666666666666666,0.3333333333333333,0.0,0.0,0,0,0.0,0.0,0,0,0.0,6128.5,1,0,0.0,18550.4,6,0,0.0,1
LGS2ORD0040882,C016941,2025-11-20 18:00:00,Female,51,Silver,Shopee,Chiang Mai,877,CallCenter,Credit_Card,18,11,3,0,>50,29.233333333333334,3.0,0.0,0.0,-1,136,6754.296666666666,0.2,0.0,0.0,0.0,0.0,0,0,0.0,0.0,0,0,0.0,0.0,0,0,0.0,20262.89,3,0,0.0,1
LGS2ORD0040883,C010553,2025-11-20 18:00:00,Female,62,Bronze,Shopee,Bangkok,1391,Lazada,COD,18,11,3,0,>50,46.36666666666667,9.0,2.0,0.2222222222222222,114,15,4521.055555555556,0.23,0.6666666666666666,0.1111111111111111,0.0,0.0,0,0,0.0,8893.24,2,0,0.0,15456.609999999999,3,0,0.0,40689.5,9,2,0.2222222222222222,0
LGS2ORD0040884,C014069,2025-11-20 18:00:00,Female,55,Silver,Web,Bangkok,1778,Lazada,Bank_Transfer,18,11,3,0,>50,59.266666666666666,5.0,2.0,0.4,-2,4,2323.8480000000004,0.3,0.8,0.4,0.0,2088.18,1,1,1.0,2088.18,1,1,1.0,4526.23,2,2,1.0,11619.240000000002,5,2,0.4,0
LGS2ORD0040885,C013946,2025-11-20 19:00:00,Female,44,Bronze,TV,Bangkok,1278,TV_Show,COD,19,11,3,0,40-50,42.6,3.0,1.0,0.3333333333333333,185,18,18440.243333333332,0.28,0.6666666666666666,0.3333333333333333,0.0,0.0,0,0,0.0,18457.34,1,0,0.0,18457.34,1,0,0.0,55320.729999999996,3,1,0.3333333333333333,1
LGS2ORD0040886,C017226,2025-11-20 19:00:00,Female,25,Silver,Lazada,Chonburi,1139,Web,COD,19,11,3,0,20-30,37.96666666666667,5.0,0.0,0.0,-1,5,6930.8240000000005,0.3,0.2,0.2,0.0,503.25,1,0,0.0,503.25,1,0,0.0,3939.63,2,0,0.0,34654.12,5,0,0.0,1
LGS2ORD0040887,C015644,2025-11-20 19:00:00,Male,43,Silver,Web,Bangkok,664,CallCenter,COD,19,11,3,0,40-50,22.133333333333333,6.0,1.0,0.16666666666666666,24,35,2896.193333333333,0.3,0.3333333333333333,0.5,0.0,0.0,0,0,0.0,0.0,0,0,0.0,2838.07,2,1,0.5,17377.16,6,1,0.16666666666666666,0
LGS2ORD0040888,C012243,2025-11-20 19:00:00,Male,26,Gold,TV,Chonburi,436,TV_Show,Credit_Card,19,11,3,0,20-30,14.533333333333333,1.0,0.0,0.0,-1,289,7611.42,0.08,1.0,0.0,0.0,0.0,0,0,0.0,0.0,0,0,0.0,0.0,0,0,0.0,7611.42,1,0,0.0,0
LGS2ORD0040889,C014163,2025-11-20 19:00:00,Male,44,Gold,Web,Chonburi,636,CallCenter,Credit_Card,19,11,3,0,40-50,21.2,3.0,0.0,0.0,-1,53,8309.163333333334,0.28,0.0,0.6666666666666666,0.0,0.0,0,0,0.0,0.0,0,0,0.0,3825.87,1,0,0.0,24927.49,3,0,0.0,1
LGS2ORD0040890,C015079,2025-11-20 20:00:00,Male,33,Bronze,TV,Phuket,925,Web,COD,20,11,3,0,30-40,30.833333333333332,7.0,2.0,0.2857142857142857,113,67,4645.2242857142855,0.23,0.5714285714285714,0.14285714285714285,0.0,0.0,0,0,0.0,0.0,0,0,0.0,12363.27,3,0,0.0,32516.57,7,2,0.2857142857142857,0
LGS2ORD0040891,C013827,2025-11-20 20:00:00,Female,59,Bronze,TV,Khon Kaen,1252,Web,PromptPay,20,11,3,0,>50,41.733333333333334,6.0,1.0,0.16666666666666666,274,117,3299.7900000000004,0.23,0.6666666666666666,0.16666666666666666,0.0,0.0,0,0,0.0,0.0,0,0,0.0,0.0,0,0,0.0,19798.74,6,1,0.16666666666666666,0
LGS2ORD0040892,C011482,2025-11-20 20:00:00,Male,54,Silver,Web,Nakhon Ratchasima,511,CallCenter,COD,20,11,3,0,>50,17.033333333333335,3.0,0.0,0.0,-1,167,8706.66,0.15,0.6666666666666666,0.0,0.0,0.0,0,0,0.0,0.0,0,0,0.0,0.0,0,0,0.0,26119.98,3,0,0.0,0
LGS2ORD0040893,C010519,2025-11-20 20:00:00,Female,46,Platinum,Web,Chiang Mai,834,CallCenter,Credit_Card,20,11,3,0,40-50,27.8,1.0,0.0,0.0,-1,49,4511.41,0.3,0.0,1.0,0.0,0.0,0,0,0.0,0.0,0,0,0.0,4511.41,1,0,0.0,4511.41,1,0,0.0,0
LGS2ORD0040894,C016783,2025-11-20 20:00:00,Female,36,Bronze,Shopee,Bangkok,816,Shopee,COD,20,11,3,0,30-40,27.2,5.0,1.0,0.2,0,7,3410.9960000000005,0.28,0.4,0.6,0.0,0.0,0,0,0.0,1241.4,1,1,1.0,1241.4,1,1,1.0,17054.980000000003,5,1,0.2,1
LGS2ORD0040895,C012466,2025-11-20 20:00:00,Female,28,Silver,Web,Chonburi,995,Shopee,Bank_Transfer,20,11,3,0,20-30,33.166666666666664,8.0,0.0,0.0,-1,4,7292.47,0.25,0.375,0.25,0.0,1509.95,1,0,0.0,2079.76,2,0,0.0,3569.09,3,0,0.0,58339.76,8,0,0.0,0
LGS2ORD0040896,C013492,2025-11-20 21:00:00,Female,51,Silver,Web,Nakhon Ratchasima,1246,Web,Credit_Card,21,11,3,0,>50,41.53333333333333,3.0,1.0,0.3333333333333333,80,96,10339.003333333332,0.25,0.3333333333333333,0.3333333333333333,0.0,0.0,0,0,0.0,0.0,0,0,0.0,0.0,0,0,0.0,31017.01,3,1,0.3333333333333333,0
LGS2ORD0040897,C010792,2025-11-20 21:00:00,Female,31,Gold,Shopee,Chonburi,1710,CallCenter,PromptPay,21,11,3,0,30-40,57.0,4.0,0.0,0.0,-1,63,5070.9175000000005,0.2299999999999999,0.5,0.25,0.0,0.0,0,0,0.0,0.0,0,0,0.0,3032.91,1,0,0.0,20283.670000000002,4,0,0.0,0
LGS2ORD0040898,C012150,2025-11-20 21:00:00,Male,27,Silver,Lazada,Phuket,1615,TV_Show,COD,21,11,3,0,20-30,53.833333333333336,7.0,2.0,0.2857142857142857,79,37,2620.052857142857,0.25,0.7142857142857143,0.42857142857142855,0.0,0.0,0,0,0.0,0.0,0,0,0.0,9679.58,1,0,0.0,18340.37,7,2,0.2857142857142857,0
LGS2ORD0040899,C016010,2025-11-20 21:00:00,Male,45,Bronze,TV,Nakhon Ratchasima,1014,TV_Show,COD,21,11,3,0,40-50,33.8,11.0,2.0,0.18181818181818182,108,3,9693.244545454545,0.23,0.7272727272727273,0.2727272727272727,0.09090909090909091,21919.54,1,0,0.0,21919.54,1,0,0.0,22736.010000000002,2,0,0.0,106625.69,11,2,0.18181818181818182,0
LGS2ORD0040900,C016951,2025-11-20 21:00:00,Female,38,Silver,CallCenter,Khon Kaen,1259,Lazada,COD,21,11,3,0,30-40,41.96666666666667,4.0,1.0,0.25,307,60,4881.8625,0.3,0.5,0.5,0.0,0.0,0,0,0.0,0.0,0,0,0.0,15020.27,2,0,0.0,19527.45,4,1,0.25,0
LGS2ORD0040901,C014008,2025-11-20 22:00:00,Male,54,Bronze,Lazada,Remote_Area,704,TV_Show,PromptPay,22,11,3,0,>50,23.466666666666665,5.0,1.0,0.2,165,57,5066.338000000001,0.18,0.4,0.0,0.0,0.0,0,0,0.0,0.0,0,0,0.0,8040.51,2,0,0.0,25331.690000000002,5,1,0.2,0
LGS2ORD0040902,C013633,2025-11-20 22:00:00,Male,47,Bronze,Shopee,Chonburi,1581,Web,COD,22,11,3,0,40-50,52.7,6.0,2.0,0.3333333333333333,17,18,3895.5883333333336,0.23,0.5,0.16666666666666666,0.0,0.0,0,0,0.0,6643.650000000001,2,1,0.5,12476.84,4,2,0.5,23373.530000000002,6,2,0.3333333333333333,0
LGS2ORD0040903,C013239,2025-11-20 22:00:00,Male,29,Bronze,Shopee,Khon Kaen,812,Lazada,COD,22,11,3,0,20-30,27.066666666666666,14.0,5.0,0.35714285714285715,55,59,5432.339285714285,0.28,0.42857142857142855,0.35714285714285715,0.0,0.0,0,0,0.0,0.0,0,0,0.0,34510.8,6,1,0.16666666666666666,76052.75,14,5,0.35714285714285715,0
LGS2ORD0040904,C013488,2025-11-20 22:00:00,Other,34,Platinum,Lazada,Bangkok,703,TV_Show,COD,22,11,3,0,30-40,23.433333333333334,5.0,1.0,0.2,289,19,2159.092,0.3,0.6,0.4,0.0,0.0,0,0,0.0,278.81,1,0,0.0,2484.17,4,0,0.0,10795.460000000001,5,1,0.2,0
LGS2ORD0040905,C017307,2025-11-20 22:00:00,Female,52,Silver,TV,Chiang Mai,511,CallCenter,COD,22,11,3,0,>50,17.033333333333335,3.0,1.0,0.3333333333333333,266,62,3591.116666666667,0.25,0.3333333333333333,0.3333333333333333,0.0,0.0,0,0,0.0,0.0,0,0,0.0,7447.68,1,0,0.0,10773.35,3,1,0.3333333333333333,1
LGS2ORD0040906,C010756,2025-11-20 23:00:00,Male,54,Bronze,TV,Phuket,1750,Shopee,COD,23,11,3,0,>50,58.333333333333336,7.0,1.0,0.14285714285714285,17,27,8211.818571428572,0.28,0.7142857142857143,0.42857142857142855,0.0,0.0,0,0,0.0,6259.75,1,1,1.0,6259.75,1,1,1.0,57482.73,7,1,0.14285714285714285,1
LGS2ORD0040907,C013147,2025-11-20 23:00:00,Male,65,Bronze,TV,Chiang Mai,842,TV_Show,PromptPay,23,11,3,0,>50,28.066666666666666,6.0,0.0,0.0,-1,37,5103.571666666667,0.23,0.6666666666666666,0.16666666666666666,0.0,0.0,0,0,0.0,0.0,0,0,0.0,2439.77,2,0,0.0,30621.43,6,0,0.0,0
LGS2ORD0040908,C017331,2025-11-20 23:00:00,Female,50,Gold,TV,Chiang Mai,695,Web,COD,23,11,3,0,40-50,23.166666666666668,5.0,1.0,0.2,16,32,4422.496000000001,0.2299999999999999,0.6,0.4,0.0,0.0,0,0,0.0,0.0,0,0,0.0,1858.97,1,1,1.0,22112.480000000003,5,1,0.2,0
LGS2ORD0040909,C014587,2025-11-20 23:00:00,Male,27,Gold,TV,Bangkok,1484,CallCenter,Credit_Card,23,11,3,0,20-30,49.46666666666667,6.0,0.0,0.0,-1,57,6114.558333333333,0.28,0.16666666666666666,0.16666666666666666,0.0,0.0,0,0,0.0,0.0,0,0,0.0,3026.0299999999997,2,0,0.0,36687.35,6,0,0.0,0
LGS2ORD0040910,C014993,2025-11-20 23:00:00,Female,18,Gold,Lazada,Bangkok,1585,Shopee,COD,23,11,3,0,<20,52.833333333333336,3.0,1.0,0.3333333333333333,115,40,5911.3533333333335,0.18,0.3333333333333333,0.0,0.0,0.0,0,0,0.0,0.0,0,0,0.0,14730.28,1,0,0.0,17734.06,3,1,0.3333333333333333,1
LGS2ORD0040911,C016661,2025-11-21 00:00:00,Female,39,Bronze,TV,Phuket,1339,TV_Show,Credit_Card,0,11,4,0,30-40,44.63333333333333,8.0,2.0,0.25,24,35,6610.1775,0.28,0.625,0.25,0.0,0.0,0,0,0.0,0.0,0,0,0.0,18326.37,2,1,0.5,52881.42,8,2,0.25,0
LGS2ORD0040912,C012304,2025-11-21 00:00:00,Female,63,Bronze,TV,Bangkok,1313,CallCenter,Credit_Card,0,11,4,0,>50,43.766666666666666,1.0,1.0,1.0,165,175,2905.3,0.28,1.0,1.0,0.0,0.0,0,0,0.0,0.0,0,0,0.0,0.0,0,0,0.0,2905.3,1,1,1.0,0
LGS2ORD0040913,C015098,2025-11-21 00:00:00,Female,51,Bronze,Shopee,Bangkok,424,Shopee,COD,0,11,4,0,>50,14.133333333333333,5.0,0.0,0.0,-1,179,8604.282,0.23,0.2,0.2,0.0,0.0,0,0,0.0,0.0,0,0,0.0,0.0,0,0,0.0,43021.409999999996,5,0,0.0,0
LGS2ORD0040914,C010946,2025-11-21 00:00:00,Male,48,Gold,CallCenter,Bangkok,999,TV_Show,PromptPay,0,11,4,0,40-50,33.3,6.0,1.0,0.16666666666666666,269,154,4069.8000000000006,0.33,0.3333333333333333,0.8333333333333334,0.0,0.0,0,0,0.0,0.0,0,0,0.0,0.0,0,0,0.0,24418.800000000003,6,1,0.16666666666666666,0
LGS2ORD0040915,C013434,2025-11-21 00:00:00,Female,47,Silver,Lazada,Bangkok,1289,TV_Show,COD,0,11,4,0,40-50,42.96666666666667,4.0,2.0,0.5,47,57,4982.0025000000005,0.2,0.25,0.0,0.0,0.0,0,0,0.0,0.0,0,0,0.0,3769.88,2,2,1.0,19928.010000000002,4,2,0.5,0
LGS2ORD0040916,C017527,2025-11-21 00:00:00,Male,41,Bronze,Web,Khon Kaen,614,CallCenter,COD,0,11,4,0,40-50,20.466666666666665,1.0,0.0,0.0,-1,172,1260.76,0.03,0.0,0.0,0.0,0.0,0,0,0.0,0.0,0,0,0.0,0.0,0,0,0.0,1260.76,1,0,0.0,0
LGS2ORD0040917,C013890,2025-11-21 01:00:00,Other,47,Bronze,Shopee,Chiang Mai,1496,Shopee,COD,1,11,4,0,40-50,49.86666666666667,12.0,2.0,0.16666666666666666,100,68,6816.441666666668,0.28,0.8333333333333334,0.16666666666666666,0.0,0.0,0,0,0.0,0.0,0,0,0.0,10674.71,1,0,0.0,81797.30000000002,12,2,0.16666666666666666,0
LGS2ORD0040918,C014975,2025-11-21 01:00:00,Female,48,Platinum,Web,Chonburi,936,Shopee,Credit_Card,1,11,4,0,40-50,31.2,6.0,0.0,0.0,-1,22,3510.603333333334,0.15,0.5,0.0,0.0,0.0,0,0,0.0,520.07,1,0,0.0,1726.8600000000001,2,0,0.0,21063.620000000003,6,0,0.0,0
LGS2ORD0040919,C017306,2025-11-21 01:00:00,Female,22,Silver,Shopee,Chiang Mai,1008,Web,COD,1,11,4,0,20-30,33.6,6.0,2.0,0.3333333333333333,86,55,5287.131666666666,0.25,0.16666666666666666,0.16666666666666666,0.0,0.0,0,0,0.0,0.0,0,0,0.0,6107.41,1,0,0.0,31722.789999999997,6,2,0.3333333333333333,1
LGS2ORD0040920,C011274,2025-11-21 01:00:00,Male,54,Silver,TV,Phuket,690,TV_Show,PromptPay,1,11,4,0,>50,23.0,8.0,3.0,0.375,38,8,4407.641250000001,0.25,0.75,0.25,0.0,0.0,0,0,0.0,3025.98,2,0,0.0,6927.209999999999,4,1,0.25,35261.130000000005,8,3,0.375,0
LGS2ORD0040921,C013724,2025-11-21 01:00:00,Female,37,Silver,Lazada,Remote_Area,1462,Lazada,Credit_Card,1,11,4,0,30-40,48.733333333333334,8.0,3.0,0.375,50,14,4883.49625,0.25,0.5,0.375,0.0,0.0,0,0,0.0,6884.5,1,0,0.0,28750.17,4,1,0.25,39067.97,8,3,0.375,0
LGS2ORD0040922,C017714,2025-11-21 02:00:00,Female,32,Silver,TV,Songkhla,1413,Shopee,PromptPay,2,11,4,0,30-40,47.1,2.0,0.0,0.0,-1,27,14613.359999999999,0.3,0.0,1.0,0.0,0.0,0,0,0.0,264.87,1,0,0.0,264.87,1,0,0.0,29226.719999999998,2,0,0.0,0
LGS2ORD0040923,C011239,2025-11-21 02:00:00,Male,64,Bronze,TV,Phuket,898,Shopee,PromptPay,2,11,4,0,>50,29.933333333333334,5.0,1.0,0.2,220,40,4102.014,0.18,0.6,0.0,0.0,0.0,0,0,0.0,0.0,0,0,0.0,704.92,1,0,0.0,20510.07,5,1,0.2,0
LGS2ORD0040924,C012012,2025-11-21 02:00:00,Male,48,Silver,Lazada,Chonburi,563,Shopee,COD,2,11,4,0,40-50,18.766666666666666,4.0,0.0,0.0,-1,149,6313.04,0.2,0.5,0.0,0.0,0.0,0,0,0.0,0.0,0,0,0.0,0.0,0,0,0.0,25252.16,4,0,0.0,1
LGS2ORD0040925,C016209,2025-11-21 02:00:00,Female,32,Bronze,Lazada,Nakhon Ratchasima,1531,Shopee,COD,2,11,4,0,30-40,51.03333333333333,6.0,2.0,0.3333333333333333,210,94,5539.311666666667,0.23,0.5,0.16666666666666666,0.0,0.0,0,0,0.0,0.0,0,0,0.0,0.0,0,0,0.0,33235.87,6,2,0.3333333333333333,0
LGS2ORD0040926,C011973,2025-11-21 02:00:00,Female,72,Bronze,Web,Phuket,568,Shopee,Bank_Transfer,2,11,4,0,>50,18.933333333333334,6.0,4.0,0.6666666666666666,22,33,5040.355,0.28,0.8333333333333334,0.3333333333333333,0.0,0.0,0,0,0.0,0.0,0,0,0.0,7252.51,2,2,1.0,30242.129999999997,6,4,0.6666666666666666,0
LGS2ORD0040927,C014812,2025-11-21 03:00:00,Female,37,Silver,Shopee,Chiang Mai,1110,Shopee,Bank_Transfer,3,11,4,0,30-40,37.0,6.0,0.0,0.0,-1,58,4967.86,0.3,0.5,0.16666666666666666,0.0,0.0,0,0,0.0,0.0,0,0,0.0,13141.470000000001,2,0,0.0,29807.16,6,0,0.0,0
LGS2ORD0040928,C013984,2025-11-21 03:00:00,Other,65,Silver,TV,Chonburi,853,Web,Bank_Transfer,3,11,4,0,>50,28.433333333333334,2.0,0.0,0.0,-1,143,5472.049999999999,0.25,1.0,0.5,0.0,0.0,0,0,0.0,0.0,0,0,0.0,0.0,0,0,0.0,10944.099999999999,2,0,0.0,0
LGS2ORD0040929,C011419,2025-11-21 03:00:00,Female,18,Silver,CallCenter,Bangkok,1545,TV_Show,Credit_Card,3,11,4,0,<20,51.5,6.0,1.0,0.16666666666666666,163,10,2203.3683333333333,0.3,0.3333333333333333,0.3333333333333333,0.0,0.0,0,0,0.0,4199.969999999999,2,0,0.0,4199.969999999999,2,0,0.0,13220.21,6,1,0.16666666666666666,0
LGS2ORD0040930,C014150,2025-11-21 03:00:00,Male,39,Silver,TV,Khon Kaen,855,Web,COD,3,11,4,0,30-40,28.5,6.0,0.0,0.0,-1,147,3493.776666666667,0.25,0.16666666666666666,0.16666666666666666,0.16666666666666666,0.0,0,0,0.0,0.0,0,0,0.0,0.0,0,0,0.0,20962.660000000003,6,0,0.0,0
LGS2ORD0040931,C016031,2025-11-21 03:00:00,Male,37,Silver,Web,Bangkok,1702,TV_Show,Credit_Card,3,11,4,0,30-40,56.733333333333334,1.0,0.0,0.0,-1,80,1253.05,0.3,1.0,1.0,0.0,0.0,0,0,0.0,0.0,0,0,0.0,1253.05,1,0,0.0,1253.05,1,0,0.0,0
LGS2ORD0040932,C012462,2025-11-21 04:00:00,Female,46,Silver,Shopee,Khon Kaen,1595,Web,COD,4,11,4,0,40-50,53.166666666666664,4.0,0.0,0.0,-1,67,5048.3925,0.3,0.25,0.25,0.0,0.0,0,0,0.0,0.0,0,0,0.0,584.45,1,0,0.0,20193.57,4,0,0.0,0
LGS2ORD0040933,C015762,2025-11-21 04:00:00,Female,53,Bronze,Shopee,Remote_Area,697,TV_Show,COD,4,11,4,0,>50,23.233333333333334,8.0,3.0,0.375,110,10,4885.89125,0.23,0.5,0.25,0.0,0.0,0,0,0.0,7348.02,1,0,0.0,7884.38,2,0,0.0,39087.13,8,3,0.375,1
LGS2ORD0040934,C013320,2025-11-21 04:00:00,Male,50,Silver,CallCenter,Remote_Area,1127,Shopee,PromptPay,4,11,4,0,40-50,37.56666666666667,8.0,4.0,0.5,84,93,3044.875,0.3,0.625,0.5,0.0,0.0,0,0,0.0,0.0,0,0,0.0,0.0,0,0,0.0,24359.0,8,4,0.5,0
LGS2ORD0040935,C012186,2025-11-21 04:00:00,Female,31,Bronze,Shopee,Chiang Mai,794,Web,COD,4,11,4,0,30-40,26.466666666666665,5.0,1.0,0.2,276,54,4057.642,0.18,0.2,0.0,0.0,0.0,0,0,0.0,0.0,0,0,0.0,4124.44,1,0,0.0,20288.21,5,1,0.2,1
LGS2ORD0040936,C014029,2025-11-21 04:00:00,Female,50,Platinum,Shopee,Bangkok,1262,TV_Show,Bank_Transfer,4,11,4,0,40-50,42.06666666666667,4.0,1.0,0.25,85,95,6343.654999999999,0.3,0.5,0.75,0.0,0.0,0,0,0.0,0.0,0,0,0.0,0.0,0,0,0.0,25374.619999999995,4,1,0.25,0
LGS2ORD0040937,C013653,2025-11-21 04:00:00,Female,56,Bronze,CallCenter,Remote_Area,1761,Web,COD,4,11,4,0,>50,58.7,7.0,2.0,0.2857142857142857,61,5,2915.598571428571,0.23,0.7142857142857143,0.14285714285714285,0.0,3113.48,1,0,0.0,3113.48,1,0,0.0,6963.98,4,1,0.25,20409.19,7,2,0.2857142857142857,1
LGS2ORD0040938,C013185,2025-11-21 05:00:00,Female,39,Gold,TV,Bangkok,1497,Web,Credit_Card,5,11,4,0,30-40,49.9,5.0,1.0,0.2,4,16,6486.814,0.33,0.6,1.0,0.0,0.0,0,0,0.0,2673.17,2,1,0.5,22094.59,3,1,0.3333333333333333,32434.07,5,1,0.2,0
LGS2ORD0040939,C015104,2025-11-21 05:00:00,Female,41,Bronze,Web,Songkhla,686,CallCenter,COD,5,11,4,0,40-50,22.866666666666667,3.0,1.0,0.3333333333333333,0,14,5789.5,0.18,0.3333333333333333,0.0,0.0,0.0,0,0,0.0,6483.32,1,1,1.0,6483.32,1,1,1.0,17368.5,3,1,0.3333333333333333,1
LGS2ORD0040940,C013642,2025-11-21 05:00:00,Other,26,Bronze,Lazada,Phuket,1155,Web,COD,5,11,4,0,20-30,38.5,1.0,0.0,0.0,-1,127,2029.57,0.18,0.0,0.0,0.0,0.0,0,0,0.0,0.0,0,0,0.0,0.0,0,0,0.0,2029.57,1,0,0.0,0
LGS2ORD0040941,C014614,2025-11-21 05:00:00,Female,58,Silver,Shopee,Remote_Area,419,Web,COD,5,11,4,0,>50,13.966666666666667,6.0,0.0,0.0,-1,0,5623.253333333334,0.2,0.8333333333333334,0.0,0.0,26526.79,1,0,0.0,26526.79,1,0,0.0,26526.79,1,0,0.0,33739.520000000004,6,0,0.0,0
LGS2ORD0040942,C012669,2025-11-21 05:00:00,Male,26,Silver,Web,Chonburi,955,Lazada,PromptPay,5,11,4,0,20-30,31.833333333333332,3.0,0.0,0.0,-1,29,5301.723333333334,0.1,0.6666666666666666,0.0,0.0,0.0,0,0,0.0,4732.64,1,0,0.0,4732.64,1,0,0.0,15905.170000000002,3,0,0.0,0
LGS2ORD0040943,C016734,2025-11-21 06:00:00,Male,46,Bronze,Lazada,Remote_Area,1347,Lazada,Bank_Transfer,6,11,4,0,40-50,44.9,4.0,3.0,0.75,-1,12,4574.1425,0.28,0.25,0.25,0.0,0.0,0,0,0.0,1429.36,1,1,1.0,1429.36,1,1,1.0,18296.57,4,3,0.75,0
LGS2ORD0040944,C010890,2025-11-21 06:00:00,Female,34,Bronze,TV,Bangkok,688,Lazada,Bank_Transfer,6,11,4,0,30-40,22.933333333333334,4.0,2.0,0.5,184,191,9395.542500000001,0.23,0.75,0.5,0.0,0.0,0,0,0.0,0.0,0,0,0.0,0.0,0,0,0.0,37582.170000000006,4,2,0.5,0
LGS2ORD0040945,C011540,2025-11-21 06:00:00,Female,27,Silver,Web,Bangkok,725,TV_Show,COD,6,11,4,0,20-30,24.166666666666668,4.0,0.0,0.0,-1,24,3325.945,0.2,0.0,0.0,0.0,0.0,0,0,0.0,639.86,1,0,0.0,639.86,1,0,0.0,13303.78,4,0,0.0,0
LGS2ORD0040946,C013072,2025-11-21 06:00:00,Female,23,Bronze,CallCenter,Khon Kaen,1443,TV_Show,COD,6,11,4,0,20-30,48.1,6.0,2.0,0.3333333333333333,218,103,4451.781666666667,0.28,0.3333333333333333,0.16666666666666666,0.0,0.0,0,0,0.0,0.0,0,0,0.0,0.0,0,0,0.0,26710.690000000002,6,2,0.3333333333333333,0
LGS2ORD0040947,C012540,2025-11-21 06:00:00,Female,52,Silver,Web,Songkhla,613,TV_Show,COD,6,11,4,0,>50,20.433333333333334,7.0,2.0,0.2857142857142857,37,24,5677.2014285714295,0.3,0.42857142857142855,0.5714285714285714,0.0,0.0,0,0,0.0,9175.71,1,0,0.0,10420.829999999998,2,1,0.5,39740.41,7,2,0.2857142857142857,0
LGS2ORD0040948,C014926,2025-11-21 07:00:00,Female,50,Silver,Lazada,Songkhla,1182,Shopee,COD,7,11,4,0,40-50,39.4,6.0,0.0,0.0,-1,16,7663.016666666667,0.2,0.5,0.0,0.0,0.0,0,0,0.0,3239.16,1,0,0.0,4089.41,2,0,0.0,45978.100000000006,6,0,0.0,0
LGS2ORD0040949,C017947,2025-11-21 07:00:00,Other,28,Bronze,CallCenter,Phuket,904,Shopee,COD,7,11,4,0,20-30,30.133333333333333,11.0,4.0,0.36363636363636365,127,54,8467.322727272727,0.28,0.45454545454545453,0.36363636363636365,0.0,0.0,0,0,0.0,0.0,0,0,0.0,29295.61,2,0,0.0,93140.55,11,4,0.36363636363636365,0
LGS2ORD0040950,C014167,2025-11-21 07:00:00,Male,28,Bronze,Web,Bangkok,494,CallCenter,Bank_Transfer,7,11,4,0,20-30,16.466666666666665,3.0,1.0,0.3333333333333333,277,70,3835.783333333333,0.23,0.3333333333333333,1.0,0.0,0.0,0,0,0.0,0.0,0,0,0.0,4023.87,1,0,0.0,11507.349999999999,3,1,0.3333333333333333,0
LGS2ORD0040951,C014647,2025-11-21 07:00:00,Male,38,Silver,Lazada,Remote_Area,1217,Lazada,COD,7,11,4,0,30-40,40.56666666666667,5.0,1.0,0.2,198,82,7558.4580000000005,0.3,0.8,0.4,0.0,0.0,0,0,0.0,0.0,0,0,0.0,1274.67,1,0,0.0,37792.29,5,1,0.2,0
LGS2ORD0040952,C010380,2025-11-21 07:00:00,Male,37,Silver,CallCenter,Bangkok,1621,TV_Show,Credit_Card,7,11,4,0,30-40,54.03333333333333,5.0,1.0,0.2,212,107,5229.086,0.2,0.4,0.0,0.0,0.0,0,0,0.0,0.0,0,0,0.0,0.0,0,0,0.0,26145.43,5,1,0.2,0
LGS2ORD0040953,C015044,2025-11-21 07:00:00,Female,40,Bronze,TV,Songkhla,980,Lazada,COD,7,11,4,0,30-40,32.666666666666664,8.0,3.0,0.375,92,1,3059.5125,0.28,0.5,0.375,0.0,2842.61,1,0,0.0,2842.61,1,0,0.0,2842.61,1,0,0.0,24476.1,8,3,0.375,0
LGS2ORD0040954,C015459,2025-11-21 08:00:00,Female,39,Bronze,Shopee,Bangkok,1081,TV_Show,COD,8,11,4,0,30-40,36.03333333333333,7.0,2.0,0.2857142857142857,193,189,4985.972857142858,0.23,0.7142857142857143,0.42857142857142855,0.0,0.0,0,0,0.0,0.0,0,0,0.0,0.0,0,0,0.0,34901.810000000005,7,2,0.2857142857142857,0
LGS2ORD0040955,C017036,2025-11-21 08:00:00,Female,33,Bronze,CallCenter,Bangkok,511,TV_Show,COD,8,11,4,0,30-40,17.033333333333335,5.0,2.0,0.4,95,32,4508.728000000001,0.23,0.8,0.8,0.0,0.0,0,0,0.0,0.0,0,0,0.0,2074.29,1,0,0.0,22543.640000000003,5,2,0.4,1
LGS2ORD0040956,C010167,2025-11-21 08:00:00,Male,57,Bronze,TV,Bangkok,1275,Web,Credit_Card,8,11,4,0,>50,42.5,9.0,2.0,0.2222222222222222,60,42,5343.1722222222215,0.28,0.5555555555555556,0.1111111111111111,0.0,0.0,0,0,0.0,0.0,0,0,0.0,8466.2,2,1,0.5,48088.549999999996,9,2,0.2222222222222222,0
LGS2ORD0040957,C011683,2025-11-21 08:00:00,Female,36,Bronze,Web,Songkhla,806,Web,COD,8,11,4,0,30-40,26.866666666666667,3.0,0.0,0.0,-1,3,5569.316666666667,0.18,0.3333333333333333,0.0,0.0,3728.48,1,0,0.0,3728.48,1,0,0.0,3728.48,1,0,0.0,16707.95,3,0,0.0,1
LGS2ORD0040958,C013445,2025-11-21 08:00:00,Female,48,Silver,Shopee,Chonburi,646,CallCenter,COD,8,11,4,0,40-50,21.533333333333335,9.0,3.0,0.3333333333333333,29,41,3160.5933333333332,0.25,0.4444444444444444,0.3333333333333333,0.0,0.0,0,0,0.0,0.0,0,0,0.0,8863.050000000001,3,1,0.3333333333333333,28445.34,9,3,0.3333333333333333,0
LGS2ORD0040959,C013843,2025-11-21 09:00:00,Male,27,Bronze,TV,Remote_Area,829,Web,Bank_Transfer,9,11,4,0,20-30,27.633333333333333,5.0,4.0,0.8,153,159,3568.6039999999994,0.23,1.0,0.4,0.0,0.0,0,0,0.0,0.0,0,0,0.0,0.0,0,0,0.0,17843.019999999997,5,4,0.8,0
LGS2ORD0040960,C013909,2025-11-21 09:00:00,Female,38,Bronze,Web,Chiang Mai,350,Web,COD,9,11,4,0,30-40,11.666666666666666,4.0,3.0,0.75,-5,3,3969.9875,0.28,0.25,0.25,0.0,10875.29,1,1,1.0,10875.29,1,1,1.0,10875.29,1,1,1.0,15879.95,4,3,0.75,0
LGS2ORD0040961,C015471,2025-11-21 09:00:00,Male,27,Silver,Web,Chiang Mai,850,TV_Show,COD,9,11,4,0,20-30,28.333333333333332,8.0,2.0,0.25,97,4,2262.5249999999996,0.3,0.5,0.375,0.0,2489.82,1,0,0.0,2489.82,1,0,0.0,8618.77,2,0,0.0,18100.199999999997,8,2,0.25,0
LGS2ORD0040962,C012127,2025-11-21 09:00:00,Male,53,Gold,Web,Bangkok,1502,CallCenter,COD,9,11,4,0,>50,50.06666666666667,5.0,0.0,0.0,-1,1,3659.7599999999998,0.28,0.4,0.6,0.0,6693.3,1,0,0.0,6693.3,1,0,0.0,15448.77,3,0,0.0,18298.8,5,0,0.0,0
LGS2ORD0040963,C014822,2025-11-21 09:00:00,Male,33,Bronze,Lazada,Bangkok,455,Lazada,Credit_Card,9,11,4,0,30-40,15.166666666666666,7.0,1.0,0.14285714285714285,283,15,6510.538571428572,0.28,0.5714285714285714,0.14285714285714285,0.0,0.0,0,0,0.0,1214.66,1,0,0.0,1214.66,1,0,0.0,45573.770000000004,7,1,0.14285714285714285,0
LGS2ORD0040964,C011779,2025-11-21 10:00:00,Female,24,Bronze,TV,Phuket,1570,TV_Show,Credit_Card,10,11,4,0,20-30,52.333333333333336,5.0,1.0,0.2,187,179,5912.464,0.23,0.2,0.2,0.0,0.0,0,0,0.0,0.0,0,0,0.0,0.0,0,0,0.0,29562.32,5,1,0.2,1
LGS2ORD0040965,C011475,2025-11-21 10:00:00,Male,34,Bronze,TV,Bangkok,1499,Lazada,COD,10,11,4,0,30-40,49.96666666666667,8.0,1.0,0.125,269,104,7262.51125,0.28,0.875,0.25,0.0,0.0,0,0,0.0,0.0,0,0,0.0,0.0,0,0,0.0,58100.09,8,1,0.125,1
LGS2ORD0040966,C012492,2025-11-21 10:00:00,Other,18,Platinum,Lazada,Bangkok,926,CallCenter,Credit_Card,10,11,4,0,<20,30.866666666666667,3.0,1.0,0.3333333333333333,283,244,9501.08,0.35,0.3333333333333333,1.0,0.0,0.0,0,0,0.0,0.0,0,0,0.0,0.0,0,0,0.0,28503.239999999998,3,1,0.3333333333333333,1
LGS2ORD0040967,C013877,2025-11-21 10:00:00,Male,23,Gold,Shopee,Chiang Mai,529,Shopee,Credit_Card,10,11,4,0,20-30,17.633333333333333,4.0,3.0,0.75,45,41,6273.055,0.33,0.75,0.5,0.0,0.0,0,0,0.0,0.0,0,0,0.0,5994.24,3,2,0.6666666666666666,25092.22,4,3,0.75,0
LGS2ORD0040968,C017729,2025-11-21 10:00:00,Female,28,Gold,Web,Remote_Area,881,CallCenter,COD,10,11,4,0,20-30,29.366666666666667,4.0,1.0,0.25,280,85,17396.71,0.2299999999999999,0.5,0.25,0.0,0.0,0,0,0.0,0.0,0,0,0.0,9991.01,1,0,0.0,69586.84,4,1,0.25,0
LGS2ORD0040969,C012869,2025-11-21 11:00:00,Female,51,Bronze,Lazada,Chiang Mai,515,TV_Show,COD,11,11,4,0,>50,17.166666666666668,10.0,3.0,0.3,175,60,6689.2,0.28,0.7,0.4,0.0,0.0,0,0,0.0,0.0,0,0,0.0,13848.970000000001,3,0,0.0,66892.0,10,3,0.3,1
LGS2ORD0040970,C015455,2025-11-21 11:00:00,Female,47,Bronze,TV,Phuket,1656,Shopee,COD,11,11,4,0,40-50,55.2,5.0,1.0,0.2,168,116,11505.354,0.13,1.0,0.0,0.0,0.0,0,0,0.0,0.0,0,0,0.0,0.0,0,0,0.0,57526.77,5,1,0.2,1
LGS2ORD0040971,C010801,2025-11-21 11:00:00,Female,65,Gold,TV,Nakhon Ratchasima,1441,TV_Show,COD,11,11,4,0,>50,48.03333333333333,7.0,1.0,0.14285714285714285,193,115,2887.117142857143,0.33,0.7142857142857143,0.5714285714285714,0.0,0.0,0,0,0.0,0.0,0,0,0.0,0.0,0,0,0.0,20209.82,7,1,0.14285714285714285,1
LGS2ORD0040972,C014276,2025-11-21 11:00:00,Male,43,Bronze,Lazada,Khon Kaen,1728,Shopee,Credit_Card,11,11,4,0,40-50,57.6,9.0,2.0,0.2222222222222222,185,15,2301.0844444444447,0.28,0.3333333333333333,0.4444444444444444,0.0,0.0,0,0,0.0,2820.52,2,0,0.0,2820.52,2,0,0.0,20709.760000000002,9,2,0.2222222222222222,0
LGS2ORD0040973,C010014,2025-11-21 11:00:00,Female,38,Bronze,Web,Bangkok,1165,TV_Show,COD,11,11,4,0,30-40,38.833333333333336,6.0,0.0,0.0,-1,6,3392.396666666667,0.23,0.16666666666666666,0.3333333333333333,0.0,2205.81,1,0,0.0,2205.81,1,0,0.0,6798.139999999999,3,0,0.0,20354.38,6,0,0.0,0
LGS2ORD0040974,C017354,2025-11-21 11:00:00,Male,52,Silver,Web,Songkhla,1467,Lazada,COD,11,11,4,0,>50,48.9,2.0,2.0,1.0,166,171,2335.49,0.3,1.0,0.5,0.0,0.0,0,0,0.0,0.0,0,0,0.0,0.0,0,0,0.0,4670.98,2,2,1.0,1
LGS2ORD0040975,C012238,2025-11-21 12:00:00,Female,36,Silver,Shopee,Nakhon Ratchasima,933,Web,COD,12,11,4,0,30-40,31.1,8.0,1.0,0.125,67,6,4677.7225,0.3,0.875,0.25,0.0,2062.37,1,0,0.0,2062.37,1,0,0.0,4844.7,3,1,0.3333333333333333,37421.78,8,1,0.125,0
LGS2ORD0040976,C016174,2025-11-21 12:00:00,Female,66,Bronze,TV,Remote_Area,1134,Web,COD,12,11,4,0,>50,37.8,4.0,1.0,0.25,310,46,6214.355,0.23,0.5,0.5,0.0,0.0,0,0,0.0,0.0,0,0,0.0,22788.87,3,0,0.0,24857.42,4,1,0.25,1
LGS2ORD0040977,C012424,2025-11-21 12:00:00,Female,45,Bronze,Web,Bangkok,683,CallCenter,Credit_Card,12,11,4,0,40-50,22.766666666666666,3.0,0.0,0.0,-1,142,4313.496666666667,0.08,0.0,0.0,0.0,0.0,0,0,0.0,0.0,0,0,0.0,0.0,0,0,0.0,12940.49,3,0,0.0,0
LGS2ORD0040978,C011071,2025-11-21 12:00:00,Female,36,Bronze,Web,Nakhon Ratchasima,1700,TV_Show,Credit_Card,12,11,4,0,30-40,56.666666666666664,5.0,0.0,0.0,-1,53,3444.858,0.23,0.2,0.4,0.0,0.0,0,0,0.0,0.0,0,0,0.0,10030.42,1,0,0.0,17224.29,5,0,0.0,0
LGS2ORD0040979,C016663,2025-11-21 12:00:00,Female,35,Silver,TV,Phuket,573,Web,Credit_Card,12,11,4,0,30-40,19.1,5.0,3.0,0.6,-7,1,8592.748,0.3,0.4,0.2,0.0,7685.99,1,1,1.0,11319.35,2,1,0.5,11319.35,2,1,0.5,42963.74,5,3,0.6,0
LGS2ORD0040980,C012345,2025-11-21 13:00:00,Male,41,Gold,TV,Khon Kaen,876,TV_Show,COD,13,11,4,0,40-50,29.2,5.0,0.0,0.0,-1,113,14852.782000000001,0.33,0.8,0.6,0.0,0.0,0,0,0.0,0.0,0,0,0.0,0.0,0,0,0.0,74263.91,5,0,0.0,1
LGS2ORD0040981,C011677,2025-11-21 13:00:00,Male,54,Bronze,Web,Chiang Mai,903,Web,Credit_Card,13,11,4,0,>50,30.1,2.0,0.0,0.0,-1,170,1802.085,0.18,0.5,0.0,0.0,0.0,0,0,0.0,0.0,0,0,0.0,0.0,0,0,0.0,3604.17,2,0,0.0,0
LGS2ORD0040982,C015423,2025-11-21 13:00:00,Male,31,Silver,Shopee,Bangkok,1427,TV_Show,Bank_Transfer,13,11,4,0,30-40,47.56666666666667,1.0,0.0,0.0,-1,206,21867.3,0.3,1.0,1.0,0.0,0.0,0,0,0.0,0.0,0,0,0.0,0.0,0,0,0.0,21867.3,1,0,0.0,0
LGS2ORD0040983,C012098,2025-11-21 13:00:00,Female,27,Gold,CallCenter,Chiang Mai,991,Lazada,Bank_Transfer,13,11,4,0,20-30,33.03333333333333,5.0,1.0,0.2,23,17,5646.128,0.28,0.8,0.2,0.0,0.0,0,0,0.0,3381.42,1,0,0.0,13305.52,3,1,0.3333333333333333,28230.64,5,1,0.2,0
LGS2ORD0040984,C011585,2025-11-21 13:00:00,Female,65,Bronze,TV,Chiang Mai,1151,Web,Credit_Card,13,11,4,0,>50,38.36666666666667,6.0,1.0,0.16666666666666666,74,19,6729.786666666667,0.23,0.3333333333333333,0.16666666666666666,0.0,0.0,0,0,0.0,21923.690000000002,2,0,0.0,25102.52,3,1,0.3333333333333333,40378.72,6,1,0.16666666666666666,0
LGS2ORD0040985,C011903,2025-11-21 14:00:00,Male,46,Bronze,TV,Remote_Area,1717,CallCenter,PromptPay,14,11,4,0,40-50,57.233333333333334,9.0,2.0,0.2222222222222222,4,17,6378.947777777777,0.28,0.4444444444444444,0.3333333333333333,0.0,0.0,0,0,0.0,898.38,1,1,1.0,898.38,1,1,1.0,57410.53,9,2,0.2222222222222222,0
LGS2ORD0040986,C015621,2025-11-21 14:00:00,Male,34,Gold,Web,Bangkok,481,TV_Show,COD,14,11,4,0,30-40,16.033333333333335,3.0,0.0,0.0,-1,20,2526.3933333333334,0.08,0.0,0.0,0.0,0.0,0,0,0.0,2885.22,1,0,0.0,6850.67,2,0,0.0,7579.18,3,0,0.0,0
LGS2ORD0040987,C012426,2025-11-21 14:00:00,Female,53,Bronze,TV,Chonburi,469,Web,Credit_Card,14,11,4,0,>50,15.633333333333333,10.0,3.0,0.3,59,75,3220.887,0.28,0.7,0.3,0.0,0.0,0,0,0.0,0.0,0,0,0.0,7258.36,2,1,0.5,32208.870000000003,10,3,0.3,0
LGS2ORD0040988,C015423,2025-11-21 14:00:00,Male,31,Silver,Shopee,Bangkok,1427,Shopee,COD,14,11,4,0,30-40,47.56666666666667,2.0,0.0,0.0,-1,0,20360.41,0.3,0.5,0.5,0.0,18853.52,1,0,0.0,18853.52,1,0,0.0,18853.52,1,0,0.0,40720.82,2,0,0.0,0
LGS2ORD0040989,C017029,2025-11-21 14:00:00,Female,56,Silver,Shopee,Remote_Area,1062,Lazada,COD,14,11,4,0,>50,35.4,7.0,5.0,0.7142857142857143,-8,3,7819.097142857143,0.3,0.5714285714285714,0.2857142857142857,0.0,8192.07,2,2,1.0,8192.07,2,2,1.0,10137.95,4,4,1.0,54733.68,7,5,0.7142857142857143,0
LGS2ORD0040990,C012228,2025-11-21 15:00:00,Female,45,Bronze,Web,Bangkok,582,Shopee,PromptPay,15,11,4,0,40-50,19.4,4.0,0.0,0.0,-1,3,5084.1525,0.13,0.25,0.0,0.0,9226.64,1,0,0.0,9226.64,1,0,0.0,9226.64,1,0,0.0,20336.61,4,0,0.0,0
LGS2ORD0040991,C016874,2025-11-21 15:00:00,Male,48,Gold,Web,Khon Kaen,927,Web,Credit_Card,15,11,4,0,40-50,30.9,4.0,1.0,0.25,14,26,4118.4675,0.33,0.5,0.75,0.0,0.0,0,0,0.0,3251.46,1,1,1.0,13005.419999999998,2,1,0.5,16473.87,4,1,0.25,0
LGS2ORD0040992,C016129,2025-11-21 15:00:00,Male,44,Gold,Lazada,Bangkok,889,Lazada,COD,15,11,4,0,40-50,29.633333333333333,7.0,1.0,0.14285714285714285,219,36,3452.2799999999993,0.33,0.42857142857142855,0.8571428571428571,0.0,0.0,0,0,0.0,0.0,0,0,0.0,277.46,1,0,0.0,24165.959999999995,7,1,0.14285714285714285,0
LGS2ORD0040993,C013795,2025-11-21 15:00:00,Male,19,Bronze,Shopee,Songkhla,880,Shopee,COD,15,11,4,0,<20,29.333333333333332,4.0,0.0,0.0,-1,72,3552.765,0.23,0.5,0.5,0.0,0.0,0,0,0.0,0.0,0,0,0.0,3171.75,1,0,0.0,14211.06,4,0,0.0,0
LGS2ORD0040994,C017831,2025-11-21 15:00:00,Male,37,Bronze,Shopee,Chonburi,1250,CallCenter,COD,15,11,4,0,30-40,41.666666666666664,1.0,0.0,0.0,-1,120,1814.47,0.13,1.0,0.0,0.0,0.0,0,0,0.0,0.0,0,0,0.0,0.0,0,0,0.0,1814.47,1,0,0.0,1
LGS2ORD0040995,C017935,2025-11-21 15:00:00,Female,54,Bronze,Web,Phuket,1134,TV_Show,COD,15,11,4,0,>50,37.8,8.0,4.0,0.5,46,23,4675.0525,0.23,0.75,0.125,0.0,0.0,0,0,0.0,3642.94,1,0,0.0,18292.329999999998,3,1,0.3333333333333333,37400.42,8,4,0.5,0
LGS2ORD0040996,C017837,2025-11-21 16:00:00,Female,55,Platinum,TV,Songkhla,686,Web,Bank_Transfer,16,11,4,0,>50,22.866666666666667,3.0,0.0,0.0,-1,133,1003.7400000000001,0.35,0.6666666666666666,0.3333333333333333,0.0,0.0,0,0,0.0,0.0,0,0,0.0,0.0,0,0,0.0,3011.2200000000003,3,0,0.0,0
LGS2ORD0040997,C013596,2025-11-21 16:00:00,Male,25,Gold,Web,Chonburi,917,CallCenter,COD,16,11,4,0,20-30,30.566666666666666,3.0,1.0,0.3333333333333333,209,141,7020.0233333333335,0.33,0.0,0.3333333333333333,0.0,0.0,0,0,0.0,0.0,0,0,0.0,0.0,0,0,0.0,21060.07,3,1,0.3333333333333333,1
LGS2ORD0040998,C010604,2025-11-21 16:00:00,Female,50,Silver,Shopee,Chonburi,759,TV_Show,COD,16,11,4,0,40-50,25.3,10.0,2.0,0.2,32,37,8951.506,0.3,0.6,0.5,0.1,0.0,0,0,0.0,0.0,0,0,0.0,21829.09,3,1,0.3333333333333333,89515.06,10,2,0.2,0
LGS2ORD0040999,C011743,2025-11-21 16:00:00,Male,41,Silver,Web,Chiang Mai,620,Shopee,COD,16,11,4,0,40-50,20.666666666666668,2.0,0.0,0.0,-1,74,7045.674999999999,0.3,0.5,0.5,0.0,0.0,0,0,0.0,0.0,0,0,0.0,14091.349999999999,2,0,0.0,14091.349999999999,2,0,0.0,0
LGS2ORD0041000,C011939,2025-11-21 16:00:00,Female,55,Silver,TV,Remote_Area,1742,CallCenter,COD,16,11,4,0,>50,58.06666666666667,8.0,3.0,0.375,72,35,3707.7050000000004,0.3,0.75,0.25,0.0,0.0,0,0,0.0,0.0,0,0,0.0,1922.12,2,1,0.5,29661.640000000003,8,3,0.375,0
LGS2ORD0041001,C014173,2025-11-21 17:00:00,Female,57,Silver,CallCenter,Khon Kaen,1283,Lazada,Bank_Transfer,17,11,4,0,>50,42.766666666666666,12.0,2.0,0.16666666666666666,50,16,5174.785833333333,0.25,0.6666666666666666,0.4166666666666667,0.0,0.0,0,0,0.0,5195.44,1,0,0.0,16360.039999999997,4,1,0.25,62097.43,12,2,0.16666666666666666,0
LGS2ORD0041002,C017483,2025-11-21 17:00:00,Female,38,Bronze,Lazada,Khon Kaen,940,Shopee,COD,17,11,4,0,30-40,31.333333333333332,2.0,0.0,0.0,-1,88,9085.3,0.03,0.5,0.0,0.0,0.0,0,0,0.0,0.0,0,0,0.0,4888.34,1,0,0.0,18170.6,2,0,0.0,0
LGS2ORD0041003,C016660,2025-11-21 17:00:00,Male,36,Bronze,Web,Bangkok,1737,TV_Show,COD,17,11,4,0,30-40,57.9,3.0,0.0,0.0,-1,137,14439.150000000001,0.18,0.0,0.0,0.0,0.0,0,0,0.0,0.0,0,0,0.0,0.0,0,0,0.0,43317.450000000004,3,0,0.0,1
LGS2ORD0041004,C013258,2025-11-21 17:00:00,Female,37,Bronze,Lazada,Chonburi,1409,Web,COD,17,11,4,0,30-40,46.96666666666667,8.0,1.0,0.125,295,103,7474.259999999999,0.28,0.875,0.25,0.0,0.0,0,0,0.0,0.0,0,0,0.0,0.0,0,0,0.0,59794.079999999994,8,1,0.125,0
LGS2ORD0041005,C012346,2025-11-21 17:00:00,Male,24,Bronze,TV,Chiang Mai,1153,Lazada,COD,17,11,4,0,20-30,38.43333333333333,9.0,4.0,0.4444444444444444,9,15,5660.66,0.23,0.7777777777777778,0.1111111111111111,0.0,0.0,0,0,0.0,18794.73,3,1,0.3333333333333333,18794.73,3,1,0.3333333333333333,50945.94,9,4,0.4444444444444444,1
LGS2ORD0041006,C010896,2025-11-21 18:00:00,Female,58,Bronze,TV,Remote_Area,1704,Shopee,PromptPay,18,11,4,0,>50,56.8,7.0,3.0,0.42857142857142855,12,16,5355.2242857142855,0.28,0.8571428571428571,0.2857142857142857,0.0,0.0,0,0,0.0,21343.559999999998,3,1,0.3333333333333333,29611.469999999998,5,1,0.2,37486.57,7,3,0.42857142857142855,0
LGS2ORD0041007,C013403,2025-11-21 18:00:00,Female,38,Platinum,Web,Bangkok,1345,TV_Show,COD,18,11,4,0,30-40,44.833333333333336,3.0,1.0,0.3333333333333333,310,226,5394.366666666667,0.35,0.6666666666666666,0.6666666666666666,0.0,0.0,0,0,0.0,0.0,0,0,0.0,0.0,0,0,0.0,16183.1,3,1,0.3333333333333333,0
LGS2ORD0041008,C013367,2025-11-21 18:00:00,Male,53,Bronze,TV,Phuket,1353,Web,PromptPay,18,11,4,0,>50,45.1,4.0,1.0,0.25,47,61,4768.625,0.23,1.0,0.25,0.0,0.0,0,0,0.0,0.0,0,0,0.0,7823.6,1,1,1.0,19074.5,4,1,0.25,0
LGS2ORD0041009,C013438,2025-11-21 18:00:00,Male,49,Gold,Shopee,Chonburi,371,Shopee,COD,18,11,4,0,40-50,12.366666666666667,2.0,0.0,0.0,-1,316,5020.34,0.2299999999999999,1.0,0.5,0.0,0.0,0,0,0.0,0.0,0,0,0.0,0.0,0,0,0.0,10040.68,2,0,0.0,0
LGS2ORD0041010,C016657,2025-11-21 18:00:00,Male,32,Silver,CallCenter,Bangkok,1723,TV_Show,PromptPay,18,11,4,0,30-40,57.43333333333333,5.0,0.0,0.0,-1,97,3814.714,0.25,0.8,0.2,0.0,0.0,0,0,0.0,0.0,0,0,0.0,0.0,0,0,0.0,19073.57,5,0,0.0,0
LGS2ORD0041011,C017065,2025-11-21 19:00:00,Male,50,Bronze,Lazada,Bangkok,876,Shopee,PromptPay,19,11,4,0,40-50,29.2,0.0,0.0,0.0,-1,-1,0.0,0.0,0.0,0.0,0.0,0.0,0,0,0.0,0.0,0,0,0.0,0.0,0,0,0.0,0.0,0,0,0.0,0
LGS2ORD0041012,C013480,2025-11-21 19:00:00,Male,45,Bronze,Shopee,Chiang Mai,1542,Shopee,Credit_Card,19,11,4,0,40-50,51.4,3.0,1.0,0.3333333333333333,231,43,17679.153333333332,0.23,0.3333333333333333,0.3333333333333333,0.0,0.0,0,0,0.0,0.0,0,0,0.0,9997.53,1,0,0.0,53037.46,3,1,0.3333333333333333,0
LGS2ORD0041013,C011899,2025-11-21 19:00:00,Female,27,Silver,Web,Chiang Mai,900,CallCenter,Credit_Card,19,11,4,0,20-30,30.0,5.0,2.0,0.4,189,7,9129.694,0.3,0.6,0.2,0.0,0.0,0,0,0.0,15706.16,1,0,0.0,15706.16,1,0,0.0,45648.47,5,2,0.4,0
LGS2ORD0041014,C016585,2025-11-21 19:00:00,Male,49,Bronze,Lazada,Songkhla,1242,CallCenter,COD,19,11,4,0,40-50,41.4,4.0,1.0,0.25,244,38,7396.43,0.23,0.25,0.25,0.0,0.0,0,0,0.0,0.0,0,0,0.0,11822.95,2,0,0.0,29585.72,4,1,0.25,1
LGS2ORD0041015,C015818,2025-11-21 19:00:00,Male,39,Bronze,Shopee,Nakhon Ratchasima,1494,Shopee,Bank_Transfer,19,11,4,0,30-40,49.8,2.0,0.0,0.0,-1,10,2607.42,0.08,1.0,0.0,0.0,0.0,0,0,0.0,915.1,1,0,0.0,915.1,1,0,0.0,5214.84,2,0,0.0,1
LGS2ORD0041016,C012410,2025-11-21 19:00:00,Female,53,Bronze,TV,Bangkok,1553,Web,Credit_Card,19,11,4,0,>50,51.766666666666666,5.0,1.0,0.2,229,98,4359.0199999999995,0.23,0.4,0.2,0.0,0.0,0,0,0.0,0.0,0,0,0.0,0.0,0,0,0.0,21795.1,5,1,0.2,0
LGS2ORD0041017,C011113,2025-11-21 20:00:00,Female,44,Bronze,TV,Nakhon Ratchasima,1658,Web,Credit_Card,20,11,4,0,40-50,55.266666666666666,5.0,1.0,0.2,197,38,5288.754,0.23,0.6,0.2,0.0,0.0,0,0,0.0,0.0,0,0,0.0,10714.08,1,0,0.0,26443.77,5,1,0.2,0
LGS2ORD0041018,C017048,2025-11-21 20:00:00,Male,46,Bronze,Lazada,Khon Kaen,1346,TV_Show,COD,20,11,4,0,40-50,44.86666666666667,7.0,0.0,0.0,-1,130,3585.027142857143,0.28,0.8571428571428571,0.14285714285714285,0.0,0.0,0,0,0.0,0.0,0,0,0.0,0.0,0,0,0.0,25095.190000000002,7,0,0.0,1
LGS2ORD0041019,C017949,2025-11-21 20:00:00,Female,41,Gold,Web,Khon Kaen,758,TV_Show,COD,20,11,4,0,40-50,25.266666666666666,8.0,1.0,0.125,304,17,3196.20125,0.28,0.5,0.5,0.0,0.0,0,0,0.0,1265.21,1,0,0.0,1265.21,1,0,0.0,25569.61,8,1,0.125,1
LGS2ORD0041020,C017008,2025-11-21 20:00:00,Female,46,Bronze,Web,Bangkok,1352,TV_Show,COD,20,11,4,0,40-50,45.06666666666667,6.0,3.0,0.5,16,27,6113.805,0.28,0.5,0.16666666666666666,0.0,0.0,0,0,0.0,6104.61,1,1,1.0,6104.61,1,1,1.0,36682.83,6,3,0.5,1
LGS2ORD0041021,C014369,2025-11-21 20:00:00,Female,33,Bronze,Web,Chonburi,877,CallCenter,COD,20,11,4,0,30-40,29.233333333333334,3.0,0.0,0.0,-1,283,3785.5500000000006,0.28,0.6666666666666666,0.3333333333333333,0.0,0.0,0,0,0.0,0.0,0,0,0.0,0.0,0,0,0.0,11356.650000000001,3,0,0.0,0
LGS2ORD0041022,C010828,2025-11-21 21:00:00,Male,39,Bronze,Shopee,Remote_Area,1350,TV_Show,PromptPay,21,11,4,0,30-40,45.0,6.0,2.0,0.3333333333333333,116,28,7691.764999999999,0.28,0.3333333333333333,0.5,0.0,0.0,0,0,0.0,7018.55,1,0,0.0,7018.55,1,0,0.0,46150.59,6,2,0.3333333333333333,1
LGS2ORD0041023,C012352,2025-11-21 21:00:00,Female,41,Gold,TV,Chiang Mai,595,TV_Show,Credit_Card,21,11,4,0,40-50,19.833333333333332,4.0,0.0,0.0,-1,24,3527.495,0.33,1.0,0.25,0.0,0.0,0,0,0.0,9997.04,1,0,0.0,12807.630000000001,3,0,0.0,14109.98,4,0,0.0,1
LGS2ORD0041024,C011819,2025-11-21 21:00:00,Female,48,Bronze,Web,Chonburi,1565,Shopee,Credit_Card,21,11,4,0,40-50,52.166666666666664,2.0,0.0,0.0,-1,24,4674.8150000000005,0.18,0.0,0.0,0.0,0.0,0,0,0.0,2051.04,1,0,0.0,2051.04,1,0,0.0,9349.630000000001,2,0,0.0,0
LGS2ORD0041025,C016432,2025-11-21 21:00:00,Male,60,Bronze,Shopee,Phuket,1711,Lazada,PromptPay,21,11,4,0,>50,57.03333333333333,3.0,0.0,0.0,-1,212,1451.9800000000002,0.08,0.6666666666666666,0.0,0.0,0.0,0,0,0.0,0.0,0,0,0.0,0.0,0,0,0.0,4355.9400000000005,3,0,0.0,0
LGS2ORD0041026,C017437,2025-11-21 21:00:00,Female,36,Platinum,CallCenter,Chiang Mai,992,CallCenter,COD,21,11,4,0,30-40,33.06666666666667,4.0,0.0,0.0,-1,8,4179.9275,0.35,0.5,0.75,0.0,0.0,0,0,0.0,4613.41,1,0,0.0,4613.41,1,0,0.0,16719.71,4,0,0.0,1
LGS2ORD0041027,C014718,2025-11-21 22:00:00,Male,18,Gold,Web,Nakhon Ratchasima,1731,Shopee,COD,22,11,4,0,<20,57.7,7.0,3.0,0.42857142857142855,44,51,6036.517142857142,0.28,0.42857142857142855,0.2857142857142857,0.0,0.0,0,0,0.0,0.0,0,0,0.0,20348.06,2,2,1.0,42255.619999999995,7,3,0.42857142857142855,0
LGS2ORD0041028,C015465,2025-11-21 22:00:00,Male,35,Bronze,Web,Chiang Mai,1432,TV_Show,COD,22,11,4,0,30-40,47.733333333333334,7.0,1.0,0.14285714285714285,64,79,5023.757142857144,0.28,0.2857142857142857,0.8571428571428571,0.0,0.0,0,0,0.0,0.0,0,0,0.0,320.14,1,1,1.0,35166.3,7,1,0.14285714285714285,1
LGS2ORD0041029,C013037,2025-11-21 22:00:00,Female,51,Gold,TV,Chiang Mai,950,TV_Show,COD,22,11,4,0,>50,31.666666666666668,6.0,0.0,0.0,-1,175,4441.91,0.33,0.6666666666666666,0.5,0.0,0.0,0,0,0.0,0.0,0,0,0.0,0.0,0,0,0.0,26651.46,6,0,0.0,0
LGS2ORD0041030,C013831,2025-11-21 22:00:00,Male,27,Silver,TV,Nakhon Ratchasima,383,Shopee,COD,22,11,4,0,20-30,12.766666666666667,8.0,3.0,0.375,13,20,9026.861249999998,0.15,0.5,0.0,0.0,0.0,0,0,0.0,23601.87,1,1,1.0,24894.489999999998,2,2,1.0,72214.88999999998,8,3,0.375,0
LGS2ORD0041031,C014685,2025-11-21 22:00:00,Other,52,Bronze,Shopee,Songkhla,1070,TV_Show,Credit_Card,22,11,4,0,>50,35.666666666666664,5.0,1.0,0.2,233,88,5519.5560000000005,0.18,1.0,0.0,0.0,0.0,0,0,0.0,0.0,0,0,0.0,3750.15,1,0,0.0,27597.780000000002,5,1,0.2,0
LGS2ORD0041032,C016517,2025-11-21 23:00:00,Male,58,Bronze,TV,Bangkok,1503,TV_Show,PromptPay,23,11,4,0,>50,50.1,6.0,2.0,0.3333333333333333,218,9,4255.745,0.23,0.3333333333333333,0.3333333333333333,0.0,0.0,0,0,0.0,2267.84,2,0,0.0,2267.84,2,0,0.0,25534.47,6,2,0.3333333333333333,0
LGS2ORD0041033,C016728,2025-11-21 23:00:00,Female,44,Bronze,TV,Khon Kaen,965,Lazada,Credit_Card,23,11,4,0,40-50,32.166666666666664,5.0,0.0,0.0,-1,65,2565.996,0.23,0.8,0.4,0.0,0.0,0,0,0.0,0.0,0,0,0.0,2829.17,1,0,0.0,12829.98,5,0,0.0,0
LGS2ORD0041034,C012483,2025-11-21 23:00:00,Male,36,Silver,TV,Khon Kaen,1774,TV_Show,COD,23,11,4,0,30-40,59.13333333333333,9.0,4.0,0.4444444444444444,-7,4,2042.3499999999997,0.3,0.4444444444444444,0.3333333333333333,0.0,3721.96,1,1,1.0,3721.96,1,1,1.0,5875.01,2,1,0.5,18381.149999999998,9,4,0.4444444444444444,1
LGS2ORD0041035,C011372,2025-11-21 23:00:00,Male,72,Bronze,TV,Chiang Mai,399,CallCenter,PromptPay,23,11,4,0,>50,13.3,9.0,2.0,0.2222222222222222,161,62,2690.742222222222,0.28,0.4444444444444444,0.6666666666666666,0.0,0.0,0,0,0.0,0.0,0,0,0.0,4561.93,3,0,0.0,24216.68,9,2,0.2222222222222222,1
LGS2ORD0041036,C016400,2025-11-21 23:00:00,Male,39,Silver,Lazada,Bangkok,826,CallCenter,Credit_Card,23,11,4,0,30-40,27.533333333333335,6.0,0.0,0.0,-1,55,3141.865,0.25,0.3333333333333333,0.3333333333333333,0.0,0.0,0,0,0.0,0.0,0,0,0.0,6411.54,1,0,0.0,18851.19,6,0,0.0,0
LGS2ORD0041037,C012319,2025-11-21 23:00:00,Male,40,Bronze,TV,Remote_Area,512,Shopee,COD,23,11,4,0,30-40,17.066666666666666,10.0,4.0,0.4,226,38,2891.3720000000003,0.28,0.6,0.4,0.0,0.0,0,0,0.0,0.0,0,0,0.0,14432.19,1,0,0.0,28913.72,10,4,0.4,1
LGS2ORD0041038,C014059,2025-11-22 00:00:00,Male,31,Silver,Web,Bangkok,521,CallCenter,COD,0,11,5,1,30-40,17.366666666666667,6.0,2.0,0.3333333333333333,161,79,7239.701666666665,0.25,0.5,0.3333333333333333,0.0,0.0,0,0,0.0,0.0,0,0,0.0,781.17,1,0,0.0,43438.20999999999,6,2,0.3333333333333333,0
LGS2ORD0041039,C011573,2025-11-22 00:00:00,Female,53,Platinum,Web,Chonburi,437,TV_Show,Bank_Transfer,0,11,5,1,>50,14.566666666666666,4.0,1.0,0.25,281,163,2738.3025000000002,0.35,0.75,1.0,0.0,0.0,0,0,0.0,0.0,0,0,0.0,0.0,0,0,0.0,10953.210000000001,4,1,0.25,0
LGS2ORD0041040,C014069,2025-11-22 00:00:00,Female,55,Silver,Web,Bangkok,1780,Shopee,Bank_Transfer,0,11,5,1,>50,59.333333333333336,6.0,2.0,0.3333333333333333,0,1,1968.5133333333335,0.3,0.6666666666666666,0.5,0.0,2280.02,2,1,0.5,2280.02,2,1,0.5,4718.07,3,2,0.6666666666666666,11811.080000000002,6,2,0.3333333333333333,0
LGS2ORD0041041,C016953,2025-11-22 00:00:00,Male,30,Gold,Shopee,Remote_Area,1196,Web,COD,0,11,5,1,20-30,39.86666666666667,5.0,2.0,0.4,100,112,1726.9940000000001,0.33,1.0,0.8,0.0,0.0,0,0,0.0,0.0,0,0,0.0,0.0,0,0,0.0,8634.970000000001,5,2,0.4,1
LGS2ORD0041042,C015317,2025-11-22 00:00:00,Female,56,Bronze,TV,Songkhla,529,TV_Show,COD,0,11,5,1,>50,17.633333333333333,8.0,3.0,0.375,30,38,3606.6150000000002,0.28,1.0,0.125,0.0,0.0,0,0,0.0,0.0,0,0,0.0,19480.04,4,3,0.75,28852.920000000002,8,3,0.375,0
LGS2ORD0041043,C016631,2025-11-22 01:00:00,Female,40,Bronze,TV,Remote_Area,366,Lazada,Credit_Card,1,11,5,1,30-40,12.2,7.0,1.0,0.14285714285714285,191,76,3390.407142857143,0.28,0.42857142857142855,0.5714285714285714,0.0,0.0,0,0,0.0,0.0,0,0,0.0,3021.5,1,0,0.0,23732.85,7,1,0.14285714285714285,0
LGS2ORD0041044,C015243,2025-11-22 01:00:00,Male,45,Bronze,TV,Songkhla,515,TV_Show,Bank_Transfer,1,11,5,1,40-50,17.166666666666668,7.0,5.0,0.7142857142857143,4,13,2040.2557142857142,0.23,0.7142857142857143,0.14285714285714285,0.0,0.0,0,0,0.0,1357.41,1,1,1.0,7235.919999999999,3,2,0.6666666666666666,14281.789999999999,7,5,0.7142857142857143,0
LGS2ORD0041045,C012840,2025-11-22 01:00:00,Female,55,Bronze,Shopee,Songkhla,406,Shopee,COD,1,11,5,1,>50,13.533333333333333,5.0,0.0,0.0,-1,37,3503.326,0.28,0.2,0.4,0.0,0.0,0,0,0.0,0.0,0,0,0.0,11654.55,3,0,0.0,17516.63,5,0,0.0,1
LGS2ORD0041046,C015110,2025-11-22 01:00:00,Male,35,Bronze,Lazada,Remote_Area,530,Lazada,COD,1,11,5,1,30-40,17.666666666666668,5.0,3.0,0.6,43,53,2821.202,0.23,0.6,0.2,0.2,0.0,0,0,0.0,0.0,0,0,0.0,2832.62,1,1,1.0,14106.010000000002,5,3,0.6,1
LGS2ORD0041047,C015265,2025-11-22 01:00:00,Female,33,Gold,Web,Chonburi,691,TV_Show,Bank_Transfer,1,11,5,1,30-40,23.033333333333335,1.0,1.0,1.0,47,58,4185.83,0.28,1.0,1.0,0.0,0.0,0,0,0.0,0.0,0,0,0.0,4185.83,1,1,1.0,4185.83,1,1,1.0,0
LGS2ORD0041048,C010843,2025-11-22 02:00:00,Female,23,Gold,Web,Songkhla,586,CallCenter,COD,2,11,5,1,20-30,19.533333333333335,2.0,0.0,0.0,-1,86,14880.94,0.18,0.0,0.0,0.0,0.0,0,0,0.0,0.0,0,0,0.0,21946.72,1,0,0.0,29761.88,2,0,0.0,0
LGS2ORD0041049,C017199,2025-11-22 02:00:00,Female,48,Gold,Shopee,Bangkok,403,Shopee,COD,2,11,5,1,40-50,13.433333333333334,3.0,1.0,0.3333333333333333,178,118,5667.496666666667,0.33,0.3333333333333333,0.3333333333333333,0.0,0.0,0,0,0.0,0.0,0,0,0.0,0.0,0,0,0.0,17002.49,3,1,0.3333333333333333,0
LGS2ORD0041050,C016273,2025-11-22 02:00:00,Female,55,Gold,TV,Phuket,364,Lazada,COD,2,11,5,1,>50,12.133333333333333,7.0,3.0,0.42857142857142855,99,16,5153.3042857142855,0.33,0.7142857142857143,0.7142857142857143,0.0,0.0,0,0,0.0,3374.5699999999997,2,0,0.0,3374.5699999999997,2,0,0.0,36073.13,7,3,0.42857142857142855,1
LGS2ORD0041051,C012399,2025-11-22 02:00:00,Male,47,Bronze,TV,Phuket,1293,CallCenter,COD,2,11,5,1,40-50,43.1,5.0,2.0,0.4,234,174,4951.612000000001,0.18,0.2,0.0,0.0,0.0,0,0,0.0,0.0,0,0,0.0,0.0,0,0,0.0,24758.060000000005,5,2,0.4,0
LGS2ORD0041052,C016447,2025-11-22 02:00:00,Female,53,Platinum,Shopee,Khon Kaen,493,CallCenter,PromptPay,2,11,5,1,>50,16.433333333333334,1.0,0.0,0.0,-1,282,8833.84,0.2,0.0,0.0,0.0,0.0,0,0,0.0,0.0,0,0,0.0,0.0,0,0,0.0,8833.84,1,0,0.0,0
LGS2ORD0041053,C010773,2025-11-22 02:00:00,Female,57,Bronze,TV,Chiang Mai,358,Web,COD,2,11,5,1,>50,11.933333333333334,4.0,2.0,0.5,-6,2,4255.157499999999,0.28,0.75,0.5,0.0,6585.58,1,1,1.0,6585.58,1,1,1.0,7221.37,2,1,0.5,17020.629999999997,4,2,0.5,0
LGS2ORD0041054,C010952,2025-11-22 03:00:00,Female,30,Gold,Web,Chiang Mai,1345,Shopee,COD,3,11,5,1,20-30,44.833333333333336,2.0,0.0,0.0,-1,11,5051.53,0.2299999999999999,1.0,0.5,0.0,0.0,0,0,0.0,1251.05,1,0,0.0,1251.05,1,0,0.0,10103.06,2,0,0.0,1
LGS2ORD0041055,C013144,2025-11-22 03:00:00,Female,57,Silver,Lazada,Phuket,505,Web,COD,3,11,5,1,>50,16.833333333333332,12.0,4.0,0.3333333333333333,27,43,9836.639166666666,0.25,0.6666666666666666,0.08333333333333333,0.0,0.0,0,0,0.0,0.0,0,0,0.0,40709.82,2,1,0.5,118039.67,12,4,0.3333333333333333,0
LGS2ORD0041056,C012310,2025-11-22 03:00:00,Male,31,Bronze,Lazada,Nakhon Ratchasima,1315,Lazada,PromptPay,3,11,5,1,30-40,43.833333333333336,7.0,2.0,0.2857142857142857,44,54,2973.5914285714284,0.28,0.42857142857142855,0.2857142857142857,0.0,0.0,0,0,0.0,0.0,0,0,0.0,9782.1,2,1,0.5,20815.14,7,2,0.2857142857142857,0
LGS2ORD0041057,C012029,2025-11-22 03:00:00,Male,35,Bronze,Web,Bangkok,364,Lazada,Credit_Card,3,11,5,1,30-40,12.133333333333333,4.0,0.0,0.0,-1,4,3476.4325000000003,0.28,0.25,0.25,0.0,5254.01,1,0,0.0,5254.01,1,0,0.0,9949.18,2,0,0.0,13905.730000000001,4,0,0.0,1
LGS2ORD0041058,C016438,2025-11-22 03:00:00,Female,44,Bronze,CallCenter,Khon Kaen,1230,Shopee,COD,3,11,5,1,40-50,41.0,2.0,1.0,0.5,303,283,2449.635,0.13,1.0,0.0,0.0,0.0,0,0,0.0,0.0,0,0,0.0,0.0,0,0,0.0,4899.27,2,1,0.5,1
LGS2ORD0041059,C013265,2025-11-22 04:00:00,Male,52,Bronze,TV,Songkhla,1110,Shopee,Bank_Transfer,4,11,5,1,>50,37.0,8.0,1.0,0.125,18,26,9464.6875,0.23,0.625,0.125,0.0,0.0,0,0,0.0,3388.01,1,1,1.0,42252.97,3,1,0.3333333333333333,75717.5,8,1,0.125,0
LGS2ORD0041060,C011449,2025-11-22 04:00:00,Male,23,Gold,Lazada,Chiang Mai,1460,TV_Show,PromptPay,4,11,5,1,20-30,48.666666666666664,7.0,1.0,0.14285714285714285,251,37,6241.184285714286,0.33,0.5714285714285714,0.8571428571428571,0.0,0.0,0,0,0.0,0.0,0,0,0.0,33997.49,4,0,0.0,43688.29,7,1,0.14285714285714285,0
LGS2ORD0041061,C010396,2025-11-22 04:00:00,Female,40,Bronze,Shopee,Phuket,891,Web,COD,4,11,5,1,30-40,29.7,12.0,4.0,0.3333333333333333,91,16,2316.443333333333,0.28,0.5,0.5833333333333334,0.0,0.0,0,0,0.0,6922.12,2,0,0.0,10855.09,5,0,0.0,27797.319999999996,12,4,0.3333333333333333,1
LGS2ORD0041062,C014141,2025-11-22 04:00:00,Male,25,Bronze,Lazada,Nakhon Ratchasima,914,Web,PromptPay,4,11,5,1,20-30,30.466666666666665,10.0,1.0,0.1,240,101,5579.378999999999,0.18,0.6,0.0,0.0,0.0,0,0,0.0,0.0,0,0,0.0,0.0,0,0,0.0,55793.78999999999,10,1,0.1,0
LGS2ORD0041063,C014140,2025-11-22 04:00:00,Female,26,Bronze,TV,Remote_Area,1767,Lazada,COD,4,11,5,1,20-30,58.9,5.0,1.0,0.2,188,107,3351.5840000000003,0.23,0.4,0.2,0.0,0.0,0,0,0.0,0.0,0,0,0.0,0.0,0,0,0.0,16757.920000000002,5,1,0.2,0
LGS2ORD0041064,C012540,2025-11-22 05:00:00,Female,52,Silver,Web,Songkhla,614,TV_Show,Bank_Transfer,5,11,5,1,>50,20.466666666666665,8.0,2.0,0.25,38,0,5890.6775,0.3,0.5,0.5,0.0,7385.01,1,0,0.0,16560.72,2,0,0.0,17805.839999999997,3,1,0.3333333333333333,47125.42,8,2,0.25,0
LGS2ORD0041065,C012800,2025-11-22 05:00:00,Female,36,Bronze,Web,Remote_Area,762,Shopee,Credit_Card,5,11,5,1,30-40,25.4,5.0,1.0,0.2,95,113,10766.586,0.13,0.4,0.0,0.0,0.0,0,0,0.0,0.0,0,0,0.0,0.0,0,0,0.0,53832.93,5,1,0.2,0
LGS2ORD0041066,C012541,2025-11-22 05:00:00,Female,45,Platinum,Lazada,Nakhon Ratchasima,892,TV_Show,Credit_Card,5,11,5,1,40-50,29.733333333333334,2.0,0.0,0.0,-1,270,634.0450000000001,0.3,0.0,0.5,0.0,0.0,0,0,0.0,0.0,0,0,0.0,0.0,0,0,0.0,1268.0900000000001,2,0,0.0,0
LGS2ORD0041067,C017195,2025-11-22 05:00:00,Male,59,Bronze,Lazada,Phuket,1277,TV_Show,Credit_Card,5,11,5,1,>50,42.56666666666667,4.0,0.0,0.0,-1,65,6814.590000000001,0.18,0.5,0.0,0.0,0.0,0,0,0.0,0.0,0,0,0.0,9143.1,2,0,0.0,27258.360000000004,4,0,0.0,1
LGS2ORD0041068,C017784,2025-11-22 05:00:00,Female,47,Bronze,TV,Remote_Area,407,Lazada,COD,5,11,5,1,40-50,13.566666666666666,9.0,5.0,0.5555555555555556,120,60,3140.9033333333336,0.23,0.4444444444444444,0.2222222222222222,0.0,0.0,0,0,0.0,0.0,0,0,0.0,3687.9,1,0,0.0,28268.13,9,5,0.5555555555555556,0
LGS2ORD0041069,C015159,2025-11-22 06:00:00,Male,43,Bronze,Web,Khon Kaen,1597,CallCenter,PromptPay,6,11,5,1,40-50,53.233333333333334,7.0,0.0,0.0,-1,10,8302.755714285715,0.23,0.2857142857142857,0.2857142857142857,0.0,0.0,0,0,0.0,36874.48,2,0,0.0,44349.28,4,0,0.0,58119.29000000001,7,0,0.0,0
LGS2ORD0041070,C016328,2025-11-22 06:00:00,Female,72,Silver,CallCenter,Remote_Area,575,Web,PromptPay,6,11,5,1,>50,19.166666666666668,9.0,3.0,0.3333333333333333,119,5,6891.071111111111,0.25,0.2222222222222222,0.1111111111111111,0.0,308.94,1,0,0.0,308.94,1,0,0.0,308.94,1,0,0.0,62019.64,9,3,0.3333333333333333,0
LGS2ORD0041071,C017539,2025-11-22 06:00:00,Male,37,Gold,Web,Chiang Mai,1532,TV_Show,COD,6,11,5,1,30-40,51.06666666666667,2.0,1.0,0.5,74,76,5135.639999999999,0.18,0.0,0.0,0.0,0.0,0,0,0.0,0.0,0,0,0.0,2762.55,1,1,1.0,10271.279999999999,2,1,0.5,0
LGS2ORD0041072,C014762,2025-11-22 06:00:00,Male,42,Bronze,TV,Chiang Mai,679,Shopee,Credit_Card,6,11,5,1,40-50,22.633333333333333,6.0,0.0,0.0,-1,2,6973.366666666666,0.23,0.16666666666666666,0.16666666666666666,0.0,13672.57,1,0,0.0,13672.57,1,0,0.0,30547.629999999997,3,0,0.0,41840.2,6,0,0.0,0
LGS2ORD0041073,C017430,2025-11-22 06:00:00,Female,51,Silver,CallCenter,Remote_Area,1349,Lazada,Credit_Card,6,11,5,1,>50,44.96666666666667,5.0,2.0,0.4,44,56,3687.8119999999994,0.15,0.6,0.0,0.0,0.0,0,0,0.0,0.0,0,0,0.0,9951.63,1,1,1.0,18439.059999999998,5,2,0.4,0
LGS2ORD0041074,C011202,2025-11-22 06:00:00,Other,58,Bronze,Web,Khon Kaen,1054,CallCenter,PromptPay,6,11,5,1,>50,35.13333333333333,8.0,1.0,0.125,145,13,4699.34,0.28,0.5,0.375,0.0,0.0,0,0,0.0,857.67,1,0,0.0,13441.2,3,0,0.0,37594.72,8,1,0.125,1
LGS2ORD0041075,C013137,2025-11-22 07:00:00,Female,31,Gold,TV,Songkhla,761,Lazada,Credit_Card,7,11,5,1,30-40,25.366666666666667,5.0,2.0,0.4,161,163,5670.138,0.28,0.6,0.4,0.0,0.0,0,0,0.0,0.0,0,0,0.0,0.0,0,0,0.0,28350.69,5,2,0.4,0
LGS2ORD0041076,C012088,2025-11-22 07:00:00,Female,37,Gold,Web,Bangkok,1222,Web,Credit_Card,7,11,5,1,30-40,40.733333333333334,2.0,1.0,0.5,298,293,11585.015,0.2299999999999999,1.0,0.5,0.0,0.0,0,0,0.0,0.0,0,0,0.0,0.0,0,0,0.0,23170.03,2,1,0.5,0
LGS2ORD0041077,C013426,2025-11-22 07:00:00,Female,55,Gold,Lazada,Phuket,781,Web,COD,7,11,5,1,>50,26.033333333333335,4.0,0.0,0.0,-1,24,2860.8025,0.18,0.25,0.0,0.0,0.0,0,0,0.0,6521.15,1,0,0.0,6521.15,1,0,0.0,11443.21,4,0,0.0,0
LGS2ORD0041078,C016644,2025-11-22 07:00:00,Female,32,Platinum,TV,Bangkok,1717,TV_Show,Credit_Card,7,11,5,1,30-40,57.233333333333334,8.0,0.0,0.0,-1,16,10056.48625,0.25,0.5,0.125,0.0,0.0,0,0,0.0,10967.18,1,0,0.0,10967.18,1,0,0.0,80451.89,8,0,0.0,0
LGS2ORD0041079,C012494,2025-11-22 07:00:00,Male,56,Bronze,Web,Songkhla,1671,Web,PromptPay,7,11,5,1,>50,55.7,8.0,3.0,0.375,243,43,6229.35125,0.28,0.625,0.375,0.0,0.0,0,0,0.0,0.0,0,0,0.0,8340.529999999999,2,0,0.0,49834.81,8,3,0.375,0
LGS2ORD0041080,C017786,2025-11-22 08:00:00,Other,50,Silver,Shopee,Bangkok,781,TV_Show,COD,8,11,5,1,40-50,26.033333333333335,5.0,0.0,0.0,-1,63,5326.978,0.3,0.6,0.6,0.0,0.0,0,0,0.0,0.0,0,0,0.0,2268.14,1,0,0.0,26634.89,5,0,0.0,0
LGS2ORD0041081,C013812,2025-11-22 08:00:00,Male,32,Bronze,TV,Nakhon Ratchasima,387,Lazada,Credit_Card,8,11,5,1,30-40,12.9,4.0,0.0,0.0,-1,92,11453.7325,0.18,0.25,0.0,0.0,0.0,0,0,0.0,0.0,0,0,0.0,0.0,0,0,0.0,45814.93,4,0,0.0,0
LGS2ORD0041082,C012999,2025-11-22 08:00:00,Male,35,Silver,Lazada,Chiang Mai,1720,Shopee,COD,8,11,5,1,30-40,57.333333333333336,6.0,1.0,0.16666666666666666,39,6,3047.5383333333334,0.3,0.6666666666666666,0.5,0.0,7708.53,1,0,0.0,7708.53,1,0,0.0,12940.369999999999,3,1,0.3333333333333333,18285.23,6,1,0.16666666666666666,1
LGS2ORD0041083,C016126,2025-11-22 08:00:00,Female,47,Gold,TV,Chonburi,1613,Shopee,COD,8,11,5,1,40-50,53.766666666666666,7.0,2.0,0.2857142857142857,32,37,10237.905714285716,0.28,0.42857142857142855,0.42857142857142855,0.0,0.0,0,0,0.0,0.0,0,0,0.0,4150.77,1,1,1.0,71665.34000000001,7,2,0.2857142857142857,0
LGS2ORD0041084,C015811,2025-11-22 08:00:00,Male,29,Bronze,TV,Nakhon Ratchasima,540,Shopee,PromptPay,8,11,5,1,20-30,18.0,3.0,1.0,0.3333333333333333,103,39,5028.076666666667,0.13,0.3333333333333333,0.0,0.0,0.0,0,0,0.0,0.0,0,0,0.0,10267.52,2,0,0.0,15084.23,3,1,0.3333333333333333,0
LGS2ORD0041085,C013209,2025-11-22 09:00:00,Female,47,Silver,CallCenter,Nakhon Ratchasima,1335,TV_Show,COD,9,11,5,1,40-50,44.5,4.0,0.0,0.0,-1,18,7433.95,0.3,0.5,0.25,0.0,0.0,0,0,0.0,15929.46,1,0,0.0,15929.46,1,0,0.0,29735.8,4,0,0.0,0
LGS2ORD0041086,C017083,2025-11-22 09:00:00,Male,31,Bronze,Web,Chiang Mai,1312,Shopee,COD,9,11,5,1,30-40,43.733333333333334,12.0,4.0,0.3333333333333333,4,15,5861.198333333334,0.28,0.5,0.3333333333333333,0.0,0.0,0,0,0.0,6102.62,1,1,1.0,50110.64000000001,4,2,0.5,70334.38,12,4,0.3333333333333333,0
LGS2ORD0041087,C016922,2025-11-22 09:00:00,Male,47,Gold,Shopee,Bangkok,510,TV_Show,Bank_Transfer,9,11,5,1,40-50,17.0,5.0,1.0,0.2,195,85,3574.678,0.33,0.4,0.6,0.0,0.0,0,0,0.0,0.0,0,0,0.0,484.45,1,0,0.0,17873.39,5,1,0.2,0
LGS2ORD0041088,C015965,2025-11-22 09:00:00,Female,29,Bronze,Shopee,Chonburi,1558,Shopee,COD,9,11,5,1,20-30,51.93333333333333,3.0,1.0,0.3333333333333333,117,91,10535.686666666666,0.18,0.3333333333333333,0.0,0.0,0.0,0,0,0.0,0.0,0,0,0.0,0.0,0,0,0.0,31607.06,3,1,0.3333333333333333,0
LGS2ORD0041089,C012494,2025-11-22 09:00:00,Male,56,Bronze,Web,Songkhla,1671,Web,COD,9,11,5,1,>50,55.7,9.0,3.0,0.3333333333333333,243,0,5776.235555555555,0.28,0.5555555555555556,0.4444444444444444,0.0,2151.31,1,0,0.0,2151.31,1,0,0.0,10491.839999999998,3,0,0.0,51986.119999999995,9,3,0.3333333333333333,0
LGS2ORD0041090,C017824,2025-11-22 10:00:00,Female,54,Bronze,TV,Phuket,811,Web,COD,10,11,5,1,>50,27.033333333333335,11.0,4.0,0.36363636363636365,13,6,5394.140909090908,0.23,0.7272727272727273,0.09090909090909091,0.0,1903.27,1,0,0.0,5411.32,3,1,0.3333333333333333,39636.73,6,2,0.3333333333333333,59335.549999999996,11,4,0.36363636363636365,1
LGS2ORD0041091,C013292,2025-11-22 10:00:00,Female,43,Silver,TV,Bangkok,425,Lazada,Credit_Card,10,11,5,1,40-50,14.166666666666666,2.0,0.0,0.0,-1,237,3101.05,0.25,0.0,0.5,0.0,0.0,0,0,0.0,0.0,0,0,0.0,0.0,0,0,0.0,6202.1,2,0,0.0,0
LGS2ORD0041092,C016937,2025-11-22 10:00:00,Female,44,Bronze,Shopee,Chiang Mai,442,Shopee,Credit_Card,10,11,5,1,40-50,14.733333333333333,5.0,0.0,0.0,-1,18,6266.5199999999995,0.18,0.6,0.0,0.0,0.0,0,0,0.0,8455.6,1,0,0.0,8455.6,1,0,0.0,31332.6,5,0,0.0,0
LGS2ORD0041093,C010752,2025-11-22 10:00:00,Female,41,Silver,TV,Bangkok,1248,Web,COD,10,11,5,1,40-50,41.6,7.0,1.0,0.14285714285714285,72,23,6546.047142857143,0.3,0.42857142857142855,0.42857142857142855,0.0,0.0,0,0,0.0,4016.28,1,0,0.0,16712.28,3,1,0.3333333333333333,45822.33,7,1,0.14285714285714285,1
LGS2ORD0041094,C010902,2025-11-22 10:00:00,Male,41,Silver,Lazada,Songkhla,1221,Web,Bank_Transfer,10,11,5,1,40-50,40.7,5.0,3.0,0.6,129,95,8290.158,0.25,0.6,0.2,0.0,0.0,0,0,0.0,0.0,0,0,0.0,0.0,0,0,0.0,41450.79,5,3,0.6,0
LGS2ORD0041095,C011545,2025-11-22 10:00:00,Male,26,Gold,Web,Khon Kaen,1390,CallCenter,COD,10,11,5,1,20-30,46.333333333333336,3.0,1.0,0.3333333333333333,180,152,8215.659999999998,0.28,0.6666666666666666,0.6666666666666666,0.0,0.0,0,0,0.0,0.0,0,0,0.0,0.0,0,0,0.0,24646.979999999996,3,1,0.3333333333333333,0
LGS2ORD0041096,C015308,2025-11-22 11:00:00,Female,33,Bronze,Lazada,Bangkok,1708,TV_Show,COD,11,11,5,1,30-40,56.93333333333333,5.0,1.0,0.2,140,32,2814.182,0.18,0.4,0.0,0.0,0.0,0,0,0.0,0.0,0,0,0.0,7620.93,2,0,0.0,14070.91,5,1,0.2,0
LGS2ORD0041097,C017499,2025-11-22 11:00:00,Female,41,Bronze,Shopee,Chonburi,1358,TV_Show,COD,11,11,5,1,40-50,45.266666666666666,11.0,4.0,0.36363636363636365,72,4,4089.979999999999,0.23,0.6363636363636364,0.2727272727272727,0.0,7924.88,1,0,0.0,7924.88,1,0,0.0,10688.880000000001,3,1,0.3333333333333333,44989.77999999999,11,4,0.36363636363636365,0
LGS2ORD0041098,C014236,2025-11-22 11:00:00,Male,37,Silver,TV,Songkhla,1721,CallCenter,COD,11,11,5,1,30-40,57.36666666666667,5.0,2.0,0.4,61,20,4491.688,0.1,0.6,0.0,0.0,0.0,0,0,0.0,545.39,1,0,0.0,6402.700000000001,2,1,0.5,22458.44,5,2,0.4,1
LGS2ORD0041099,C012800,2025-11-22 11:00:00,Female,36,Bronze,Web,Remote_Area,762,Lazada,Credit_Card,11,11,5,1,30-40,25.4,6.0,1.0,0.16666666666666666,95,0,9607.516666666666,0.13,0.3333333333333333,0.0,0.0,3812.17,1,0,0.0,3812.17,1,0,0.0,3812.17,1,0,0.0,57645.1,6,1,0.16666666666666666,1
LGS2ORD0041100,C017968,2025-11-22 11:00:00,Male,51,Bronze,Lazada,Songkhla,1691,CallCenter,Credit_Card,11,11,5,1,>50,56.36666666666667,7.0,2.0,0.2857142857142857,16,15,3481.402857142857,0.23,0.5714285714285714,0.14285714285714285,0.0,0.0,0,0,0.0,3070.14,1,0,0.0,5123.32,2,1,0.5,24369.82,7,2,0.2857142857142857,0
LGS2ORD0041101,C016739,2025-11-22 12:00:00,Male,41,Platinum,Lazada,Bangkok,1129,Web,COD,12,11,5,1,40-50,37.63333333333333,3.0,0.0,0.0,-1,77,1322.1466666666668,0.35,0.0,0.6666666666666666,0.0,0.0,0,0,0.0,0.0,0,0,0.0,1870.23,1,0,0.0,3966.44,3,0,0.0,0
LGS2ORD0041102,C010539,2025-11-22 12:00:00,Male,50,Platinum,CallCenter,Khon Kaen,1235,Shopee,COD,12,11,5,1,40-50,41.166666666666664,2.0,0.0,0.0,-1,63,7679.61,0.25,0.5,0.5,0.0,0.0,0,0,0.0,0.0,0,0,0.0,1075.92,1,0,0.0,15359.22,2,0,0.0,0
LGS2ORD0041103,C014424,2025-11-22 12:00:00,Male,18,Bronze,CallCenter,Chiang Mai,963,Shopee,COD,12,11,5,1,<20,32.1,3.0,1.0,0.3333333333333333,93,15,4641.839999999999,0.28,0.6666666666666666,0.6666666666666666,0.0,0.0,0,0,0.0,742.15,1,0,0.0,742.15,1,0,0.0,13925.519999999999,3,1,0.3333333333333333,0
LGS2ORD0041104,C013131,2025-11-22 12:00:00,Female,55,Silver,TV,Chiang Mai,855,CallCenter,PromptPay,12,11,5,1,>50,28.5,6.0,0.0,0.0,-1,60,6002.301666666666,0.3,0.3333333333333333,0.5,0.0,0.0,0,0,0.0,0.0,0,0,0.0,14603.0,3,0,0.0,36013.81,6,0,0.0,0
LGS2ORD0041105,C014582,2025-11-22 12:00:00,Male,33,Silver,CallCenter,Bangkok,727,CallCenter,COD,12,11,5,1,30-40,24.233333333333334,5.0,1.0,0.2,138,107,1253.304,0.3,0.2,0.6,0.0,0.0,0,0,0.0,0.0,0,0,0.0,0.0,0,0,0.0,6266.52,5,1,0.2,1
LGS2ORD0041106,C012667,2025-11-22 13:00:00,Female,43,Bronze,Shopee,Phuket,611,Web,COD,13,11,5,1,40-50,20.366666666666667,6.0,1.0,0.16666666666666666,-7,4,5313.794999999999,0.28,0.5,0.3333333333333333,0.0,4142.39,1,1,1.0,17461.37,2,1,0.5,17461.37,2,1,0.5,31882.769999999997,6,1,0.16666666666666666,0
LGS2ORD0041107,C016580,2025-11-22 13:00:00,Female,32,Bronze,Web,Bangkok,734,Shopee,Credit_Card,13,11,5,1,30-40,24.466666666666665,8.0,3.0,0.375,76,55,5392.0824999999995,0.28,0.875,0.75,0.0,0.0,0,0,0.0,0.0,0,0,0.0,23678.719999999998,2,0,0.0,43136.659999999996,8,3,0.375,0
LGS2ORD0041108,C011801,2025-11-22 13:00:00,Female,30,Bronze,CallCenter,Nakhon Ratchasima,903,Lazada,COD,13,11,5,1,20-30,30.1,2.0,1.0,0.5,70,79,4522.155,0.13,1.0,0.0,0.0,0.0,0,0,0.0,0.0,0,0,0.0,1834.35,1,1,1.0,9044.31,2,1,0.5,0
LGS2ORD0041109,C012301,2025-11-22 13:00:00,Male,48,Bronze,TV,Songkhla,658,CallCenter,COD,13,11,5,1,40-50,21.933333333333334,5.0,2.0,0.4,152,27,2939.388,0.18,0.6,0.0,0.0,0.0,0,0,0.0,1909.73,1,0,0.0,1909.73,1,0,0.0,14696.94,5,2,0.4,1
LGS2ORD0041110,C014092,2025-11-22 13:00:00,Other,54,Bronze,Lazada,Bangkok,689,CallCenter,COD,13,11,5,1,>50,22.966666666666665,4.0,2.0,0.5,18,31,12879.580000000002,0.28,0.75,0.5,0.0,0.0,0,0,0.0,0.0,0,0,0.0,7994.52,1,1,1.0,51518.32000000001,4,2,0.5,0
LGS2ORD0041111,C010047,2025-11-22 14:00:00,Male,51,Bronze,CallCenter,Chonburi,1676,CallCenter,Credit_Card,14,11,5,1,>50,55.86666666666667,8.0,1.0,0.125,139,9,4629.9712500000005,0.28,0.25,0.125,0.0,0.0,0,0,0.0,5456.52,2,0,0.0,14559.89,3,0,0.0,37039.770000000004,8,1,0.125,1
LGS2ORD0041112,C015241,2025-11-22 14:00:00,Male,54,Gold,Web,Chonburi,1160,Shopee,COD,14,11,5,1,>50,38.666666666666664,3.0,0.0,0.0,-1,13,5085.143333333333,0.2299999999999999,0.6666666666666666,0.6666666666666666,0.0,0.0,0,0,0.0,10816.53,1,0,0.0,10816.53,1,0,0.0,15255.43,3,0,0.0,1
LGS2ORD0041113,C014129,2025-11-22 14:00:00,Female,52,Gold,Web,Songkhla,666,CallCenter,PromptPay,14,11,5,1,>50,22.2,2.0,0.0,0.0,-1,145,9884.259999999998,0.28,0.5,1.0,0.0,0.0,0,0,0.0,0.0,0,0,0.0,0.0,0,0,0.0,19768.519999999997,2,0,0.0,0
LGS2ORD0041114,C011664,2025-11-22 14:00:00,Female,18,Gold,Web,Bangkok,1605,Web,COD,14,11,5,1,<20,53.5,8.0,1.0,0.125,57,15,5465.1975,0.28,0.5,0.5,0.0,0.0,0,0,0.0,9168.56,1,0,0.0,28806.42,4,1,0.25,43721.58,8,1,0.125,0
LGS2ORD0041115,C015854,2025-11-22 14:00:00,Male,55,Bronze,TV,Phuket,1577,TV_Show,Credit_Card,14,11,5,1,>50,52.56666666666667,1.0,1.0,1.0,247,256,1525.92,0.03,1.0,0.0,0.0,0.0,0,0,0.0,0.0,0,0,0.0,0.0,0,0,0.0,1525.92,1,1,1.0,1
LGS2ORD0041116,C011473,2025-11-22 14:00:00,Female,43,Bronze,Lazada,Songkhla,1390,Shopee,Bank_Transfer,14,11,5,1,40-50,46.333333333333336,1.0,0.0,0.0,-1,209,5843.81,0.13,1.0,0.0,0.0,0.0,0,0,0.0,0.0,0,0,0.0,0.0,0,0,0.0,5843.81,1,0,0.0,0
LGS2ORD0041117,C017313,2025-11-22 15:00:00,Male,48,Gold,CallCenter,Songkhla,650,CallCenter,Bank_Transfer,15,11,5,1,40-50,21.666666666666668,3.0,2.0,0.6666666666666666,238,223,4314.713333333333,0.28,1.0,0.6666666666666666,0.0,0.0,0,0,0.0,0.0,0,0,0.0,0.0,0,0,0.0,12944.14,3,2,0.6666666666666666,1
LGS2ORD0041118,C014243,2025-11-22 15:00:00,Male,51,Gold,TV,Bangkok,485,Web,Credit_Card,15,11,5,1,>50,16.166666666666668,2.0,1.0,0.5,-2,7,5584.445,0.28,1.0,0.5,0.0,0.0,0,0,0.0,6849.43,1,1,1.0,6849.43,1,1,1.0,11168.89,2,1,0.5,0
LGS2ORD0041119,C010906,2025-11-22 15:00:00,Female,18,Silver,CallCenter,Songkhla,847,Lazada,COD,15,11,5,1,<20,28.233333333333334,7.0,2.0,0.2857142857142857,28,35,8517.99142857143,0.25,0.2857142857142857,0.42857142857142855,0.0,0.0,0,0,0.0,0.0,0,0,0.0,5645.54,1,1,1.0,59625.94,7,2,0.2857142857142857,1
LGS2ORD0041120,C014720,2025-11-22 15:00:00,Male,35,Bronze,Shopee,Chonburi,1305,Lazada,COD,15,11,5,1,30-40,43.5,5.0,0.0,0.0,-1,83,5706.8679999999995,0.18,0.6,0.0,0.0,0.0,0,0,0.0,0.0,0,0,0.0,6825.69,1,0,0.0,28534.339999999997,5,0,0.0,0
LGS2ORD0041121,C015987,2025-11-22 15:00:00,Female,61,Bronze,Web,Phuket,712,TV_Show,PromptPay,15,11,5,1,>50,23.733333333333334,4.0,1.0,0.25,110,21,6126.297500000001,0.28,0.75,0.25,0.0,0.0,0,0,0.0,7018.51,1,0,0.0,7018.51,1,0,0.0,24505.190000000002,4,1,0.25,0
LGS2ORD0041122,C011269,2025-11-22 16:00:00,Male,45,Bronze,TV,Nakhon Ratchasima,709,CallCenter,Credit_Card,16,11,5,1,40-50,23.633333333333333,7.0,1.0,0.14285714285714285,310,2,8987.782857142856,0.28,0.42857142857142855,0.2857142857142857,0.0,4833.29,1,0,0.0,22757.22,2,0,0.0,22757.22,2,0,0.0,62914.479999999996,7,1,0.14285714285714285,1
LGS2ORD0041123,C010137,2025-11-22 16:00:00,Female,43,Gold,Lazada,Chiang Mai,977,Shopee,Credit_Card,16,11,5,1,40-50,32.56666666666667,17.0,5.0,0.29411764705882354,80,28,6318.197058823529,0.33,0.6470588235294118,0.6470588235294118,0.0,0.0,0,0,0.0,882.05,1,0,0.0,17249.12,5,1,0.2,107409.34999999999,17,5,0.29411764705882354,0
LGS2ORD0041124,C010004,2025-11-22 16:00:00,Male,42,Platinum,Shopee,Chonburi,655,TV_Show,PromptPay,16,11,5,1,40-50,21.833333333333332,7.0,1.0,0.14285714285714285,94,85,3157.6814285714286,0.35,1.0,0.5714285714285714,0.0,0.0,0,0,0.0,0.0,0,0,0.0,1406.68,1,0,0.0,22103.77,7,1,0.14285714285714285,1
LGS2ORD0041125,C014792,2025-11-22 16:00:00,Male,43,Gold,Lazada,Bangkok,1365,Shopee,COD,16,11,5,1,40-50,45.5,6.0,0.0,0.0,-1,113,5577.959999999999,0.18,0.3333333333333333,0.0,0.0,0.0,0,0,0.0,0.0,0,0,0.0,0.0,0,0,0.0,33467.759999999995,6,0,0.0,0
LGS2ORD0041126,C015987,2025-11-22 16:00:00,Female,61,Bronze,Web,Phuket,712,Web,COD,16,11,5,1,>50,23.733333333333334,5.0,1.0,0.2,111,0,5525.252,0.28,0.6,0.2,0.0,3121.07,1,0,0.0,10139.58,2,0,0.0,10139.58,2,0,0.0,27626.260000000002,5,1,0.2,1
LGS2ORD0041127,C014037,2025-11-22 17:00:00,Other,51,Gold,Web,Remote_Area,340,Lazada,COD,17,11,5,1,>50,11.333333333333334,2.0,2.0,1.0,152,165,2747.3599999999997,0.28,1.0,0.5,0.0,0.0,0,0,0.0,0.0,0,0,0.0,0.0,0,0,0.0,5494.719999999999,2,2,1.0,1
LGS2ORD0041128,C013430,2025-11-22 17:00:00,Male,46,Bronze,Web,Phuket,1235,TV_Show,COD,17,11,5,1,40-50,41.166666666666664,3.0,3.0,1.0,-9,4,5717.110000000001,0.18,0.0,0.0,0.0,8805.64,1,1,1.0,8805.64,1,1,1.0,8805.64,1,1,1.0,17151.33,3,3,1.0,0
LGS2ORD0041129,C017236,2025-11-22 17:00:00,Male,51,Bronze,CallCenter,Chonburi,455,CallCenter,COD,17,11,5,1,>50,15.166666666666666,7.0,1.0,0.14285714285714285,282,9,4102.714285714285,0.28,0.8571428571428571,0.42857142857142855,0.0,0.0,0,0,0.0,12740.34,3,0,0.0,12740.34,3,0,0.0,28719.0,7,1,0.14285714285714285,1
LGS2ORD0041130,C017421,2025-11-22 17:00:00,Female,49,Gold,CallCenter,Bangkok,474,Lazada,COD,17,11,5,1,40-50,15.8,3.0,2.0,0.6666666666666666,9,19,7018.153333333333,0.18,0.6666666666666666,0.0,0.0,0.0,0,0,0.0,17858.02,2,1,0.5,17858.02,2,1,0.5,21054.46,3,2,0.6666666666666666,0
LGS2ORD0041131,C010518,2025-11-22 17:00:00,Male,31,Gold,Web,Chonburi,835,TV_Show,COD,17,11,5,1,30-40,27.833333333333332,4.0,2.0,0.5,14,2,3967.9700000000003,0.33,0.5,1.0,0.0,2861.05,1,0,0.0,5507.860000000001,2,1,0.5,12784.16,3,1,0.3333333333333333,15871.880000000001,4,2,0.5,1
LGS2ORD0041132,C013543,2025-11-22 18:00:00,Female,38,Gold,Shopee,Bangkok,1689,Shopee,COD,18,11,5,1,30-40,56.3,8.0,2.0,0.25,43,49,4145.59,0.33,0.375,0.25,0.0,0.0,0,0,0.0,0.0,0,0,0.0,6497.7699999999995,3,1,0.3333333333333333,33164.72,8,2,0.25,0
LGS2ORD0041133,C014233,2025-11-22 18:00:00,Female,41,Gold,TV,Bangkok,1333,Web,COD,18,11,5,1,40-50,44.43333333333333,6.0,2.0,0.3333333333333333,73,7,3735.2866666666664,0.2299999999999999,0.5,0.5,0.0,1588.44,1,0,0.0,5865.4,2,0,0.0,9160.06,3,1,0.3333333333333333,22411.719999999998,6,2,0.3333333333333333,0
LGS2ORD0041134,C014101,2025-11-22 18:00:00,Female,56,Bronze,TV,Nakhon Ratchasima,723,TV_Show,PromptPay,18,11,5,1,>50,24.1,2.0,1.0,0.5,216,147,4698.32,0.18,0.5,0.0,0.0,0.0,0,0,0.0,0.0,0,0,0.0,0.0,0,0,0.0,9396.64,2,1,0.5,0
LGS2ORD0041135,C014619,2025-11-22 18:00:00,Female,65,Silver,Web,Chonburi,1291,CallCenter,PromptPay,18,11,5,1,>50,43.03333333333333,1.0,0.0,0.0,-1,17,989.91,0.3,1.0,1.0,0.0,0.0,0,0,0.0,989.91,1,0,0.0,989.91,1,0,0.0,989.91,1,0,0.0,0
LGS2ORD0041136,C013089,2025-11-22 18:00:00,Male,25,Bronze,Web,Songkhla,372,TV_Show,COD,18,11,5,1,20-30,12.4,7.0,3.0,0.42857142857142855,33,47,4917.515714285714,0.23,0.42857142857142855,0.14285714285714285,0.0,0.0,0,0,0.0,0.0,0,0,0.0,5795.86,2,1,0.5,34422.61,7,3,0.42857142857142855,0
LGS2ORD0041137,C015065,2025-11-22 18:00:00,Female,59,Silver,CallCenter,Chiang Mai,1683,Web,COD,18,11,5,1,>50,56.1,3.0,1.0,0.3333333333333333,129,134,10249.966666666665,0.3,0.0,0.3333333333333333,0.0,0.0,0,0,0.0,0.0,0,0,0.0,0.0,0,0,0.0,30749.899999999998,3,1,0.3333333333333333,0
LGS2ORD0041138,C017766,2025-11-22 19:00:00,Male,42,Bronze,TV,Chiang Mai,1003,Shopee,Credit_Card,19,11,5,1,40-50,33.43333333333333,6.0,2.0,0.3333333333333333,21,24,7253.3,0.28,0.6666666666666666,0.5,0.0,0.0,0,0,0.0,13517.87,1,1,1.0,15060.41,2,1,0.5,43519.8,6,2,0.3333333333333333,0
LGS2ORD0041139,C013677,2025-11-22 19:00:00,Female,46,Silver,Web,Bangkok,913,TV_Show,Credit_Card,19,11,5,1,40-50,30.433333333333334,4.0,1.0,0.25,98,23,2618.9725000000003,0.3,0.25,0.5,0.0,0.0,0,0,0.0,2185.43,1,0,0.0,2185.43,1,0,0.0,10475.890000000001,4,1,0.25,0
LGS2ORD0041140,C015967,2025-11-22 19:00:00,Female,67,Gold,Shopee,Phuket,1068,Lazada,COD,19,11,5,1,>50,35.6,3.0,1.0,0.3333333333333333,103,110,6222.403333333333,0.28,0.3333333333333333,0.3333333333333333,0.0,0.0,0,0,0.0,0.0,0,0,0.0,0.0,0,0,0.0,18667.21,3,1,0.3333333333333333,0
LGS2ORD0041141,C017949,2025-11-22 19:00:00,Female,41,Gold,Web,Khon Kaen,759,Web,Credit_Card,19,11,5,1,40-50,25.3,9.0,2.0,0.2222222222222222,-12,0,3126.2411111111114,0.28,0.5555555555555556,0.5555555555555556,0.0,2566.56,1,1,1.0,3831.77,2,1,0.5,3831.77,2,1,0.5,28136.170000000002,9,2,0.2222222222222222,0
LGS2ORD0041142,C012283,2025-11-22 19:00:00,Female,45,Bronze,TV,Bangkok,475,Lazada,Credit_Card,19,11,5,1,40-50,15.833333333333334,7.0,1.0,0.14285714285714285,136,63,7652.515714285714,0.28,0.7142857142857143,0.14285714285714285,0.0,0.0,0,0,0.0,0.0,0,0,0.0,36179.55,2,0,0.0,53567.61,7,1,0.14285714285714285,0
LGS2ORD0041143,C010143,2025-11-22 20:00:00,Male,37,Silver,CallCenter,Bangkok,1675,Shopee,Bank_Transfer,20,11,5,1,30-40,55.833333333333336,8.0,1.0,0.125,121,22,4500.45,0.2,0.375,0.0,0.0,0.0,0,0,0.0,601.69,1,0,0.0,9813.41,3,0,0.0,36003.6,8,1,0.125,0
LGS2ORD0041144,C016703,2025-11-22 20:00:00,Female,34,Bronze,Lazada,Bangkok,1228,Lazada,COD,20,11,5,1,30-40,40.93333333333333,10.0,4.0,0.4,-9,4,3019.543,0.28,0.7,0.3,0.0,9301.79,1,1,1.0,9301.79,1,1,1.0,13844.970000000001,4,3,0.75,30195.43,10,4,0.4,0
LGS2ORD0041145,C013851,2025-11-22 20:00:00,Male,42,Bronze,TV,Chiang Mai,946,Lazada,PromptPay,20,11,5,1,40-50,31.533333333333335,4.0,1.0,0.25,1,11,3553.7225000000003,0.23,0.5,0.25,0.0,0.0,0,0,0.0,1723.44,1,1,1.0,1723.44,1,1,1.0,14214.890000000001,4,1,0.25,0
LGS2ORD0041146,C017900,2025-11-22 20:00:00,Other,41,Bronze,Lazada,Remote_Area,741,Shopee,Credit_Card,20,11,5,1,40-50,24.7,7.0,3.0,0.42857142857142855,19,20,4027.111428571429,0.28,0.7142857142857143,0.14285714285714285,0.0,0.0,0,0,0.0,18420.78,2,1,0.5,18420.78,2,1,0.5,28189.780000000002,7,3,0.42857142857142855,0
LGS2ORD0041147,C017420,2025-11-22 20:00:00,Male,54,Gold,Lazada,Bangkok,1391,TV_Show,Credit_Card,20,11,5,1,>50,46.36666666666667,0.0,0.0,0.0,-1,-1,0.0,0.0,0.0,0.0,0.0,0.0,0,0,0.0,0.0,0,0,0.0,0.0,0,0,0.0,0.0,0,0,0.0,1
LGS2ORD0041148,C011983,2025-11-22 21:00:00,Female,50,Silver,Lazada,Chonburi,1104,TV_Show,COD,21,11,5,1,40-50,36.8,10.0,1.0,0.1,304,14,5084.62,0.3,0.4,0.3,0.0,0.0,0,0,0.0,14588.34,1,0,0.0,23163.34,2,0,0.0,50846.2,10,1,0.1,0
LGS2ORD0041149,C016856,2025-11-22 21:00:00,Female,27,Silver,Web,Chiang Mai,697,TV_Show,COD,21,11,5,1,20-30,23.233333333333334,2.0,0.0,0.0,-1,41,8039.29,0.1,0.0,0.0,0.0,0.0,0,0,0.0,0.0,0,0,0.0,3298.39,1,0,0.0,16078.58,2,0,0.0,0
LGS2ORD0041150,C013070,2025-11-22 21:00:00,Female,68,Bronze,TV,Songkhla,357,Shopee,COD,21,11,5,1,>50,11.9,9.0,5.0,0.5555555555555556,7,16,7061.829999999999,0.23,0.5555555555555556,0.2222222222222222,0.0,0.0,0,0,0.0,6874.51,1,1,1.0,19357.82,2,1,0.5,63556.469999999994,9,5,0.5555555555555556,0
LGS2ORD0041151,C011885,2025-11-22 21:00:00,Male,49,Silver,Shopee,Khon Kaen,377,Web,PromptPay,21,11,5,1,40-50,12.566666666666666,4.0,0.0,0.0,-1,22,6414.66,0.25,0.5,0.5,0.0,0.0,0,0,0.0,14921.21,1,0,0.0,14921.21,1,0,0.0,25658.64,4,0,0.0,0
LGS2ORD0041152,C016579,2025-11-22 21:00:00,Male,29,Bronze,TV,Chiang Mai,1333,Lazada,COD,21,11,5,1,20-30,44.43333333333333,4.0,0.0,0.0,-1,3,6632.870000000001,0.28,0.75,0.25,0.0,12768.980000000001,2,0,0.0,12768.980000000001,2,0,0.0,21223.46,3,0,0.0,26531.480000000003,4,0,0.0,0
LGS2ORD0041153,C010787,2025-11-22 22:00:00,Female,51,Gold,CallCenter,Songkhla,513,Web,COD,22,11,5,1,>50,17.1,4.0,2.0,0.5,68,22,1815.8625,0.28,0.25,0.5,0.0,0.0,0,0,0.0,3695.77,1,0,0.0,4905.3099999999995,2,1,0.5,7263.45,4,2,0.5,0
LGS2ORD0041154,C013754,2025-11-22 22:00:00,Female,49,Bronze,TV,Chiang Mai,512,Web,Bank_Transfer,22,11,5,1,40-50,17.066666666666666,9.0,1.0,0.1111111111111111,239,5,7950.371111111111,0.23,0.4444444444444444,0.1111111111111111,0.0,27606.89,1,0,0.0,34903.02,2,0,0.0,53891.9,3,0,0.0,71553.34,9,1,0.1111111111111111,1
LGS2ORD0041155,C015090,2025-11-22 22:00:00,Male,58,Bronze,Web,Remote_Area,447,CallCenter,COD,22,11,5,1,>50,14.9,5.0,2.0,0.4,86,42,5118.875999999999,0.28,0.4,0.4,0.0,0.0,0,0,0.0,0.0,0,0,0.0,6584.91,1,0,0.0,25594.379999999997,5,2,0.4,1
LGS2ORD0041156,C017642,2025-11-22 22:00:00,Male,42,Gold,TV,Remote_Area,1063,TV_Show,COD,22,11,5,1,40-50,35.43333333333333,12.0,3.0,0.25,53,54,3616.848333333334,0.28,0.5,0.16666666666666666,0.0,0.0,0,0,0.0,0.0,0,0,0.0,17476.36,5,1,0.2,43402.18000000001,12,3,0.25,0
LGS2ORD0041157,C017181,2025-11-22 22:00:00,Female,25,Silver,TV,Bangkok,1781,Lazada,Credit_Card,22,11,5,1,20-30,59.36666666666667,5.0,1.0,0.2,134,71,3359.7960000000007,0.3,0.4,0.4,0.0,0.0,0,0,0.0,0.0,0,0,0.0,9359.53,2,0,0.0,16798.980000000003,5,1,0.2,0
LGS2ORD0041158,C017175,2025-11-22 22:00:00,Male,57,Bronze,Web,Chiang Mai,399,CallCenter,COD,22,11,5,1,>50,13.3,3.0,2.0,0.6666666666666666,290,138,13415.533333333335,0.28,1.0,0.6666666666666666,0.0,0.0,0,0,0.0,0.0,0,0,0.0,0.0,0,0,0.0,40246.600000000006,3,2,0.6666666666666666,0
LGS2ORD0041159,C010834,2025-11-22 23:00:00,Female,54,Gold,TV,Remote_Area,1782,Shopee,Credit_Card,23,11,5,1,>50,59.4,4.0,2.0,0.5,54,57,3368.8875000000003,0.33,0.75,0.5,0.0,0.0,0,0,0.0,0.0,0,0,0.0,11725.109999999999,3,2,0.6666666666666666,13475.550000000001,4,2,0.5,0
LGS2ORD0041160,C012961,2025-11-22 23:00:00,Female,55,Silver,Web,Phuket,1692,TV_Show,COD,23,11,5,1,>50,56.4,11.0,2.0,0.18181818181818182,120,44,4146.364545454546,0.3,0.7272727272727273,0.18181818181818182,0.0,0.0,0,0,0.0,0.0,0,0,0.0,5245.59,2,0,0.0,45610.01,11,2,0.18181818181818182,1
LGS2ORD0041161,C012778,2025-11-22 23:00:00,Male,42,Bronze,TV,Bangkok,511,Shopee,COD,23,11,5,1,40-50,17.033333333333335,2.0,0.0,0.0,-1,63,1526.35,0.18,1.0,0.0,0.0,0.0,0,0,0.0,0.0,0,0,0.0,1863.18,1,0,0.0,3052.7,2,0,0.0,1
LGS2ORD0041162,C013670,2025-11-22 23:00:00,Female,29,Silver,CallCenter,Chiang Mai,949,TV_Show,COD,23,11,5,1,20-30,31.633333333333333,10.0,3.0,0.3,-4,9,6951.017,0.3,0.6,0.2,0.0,0.0,0,0,0.0,2204.42,2,1,0.5,4411.4,3,1,0.3333333333333333,69510.17,10,3,0.3,0
LGS2ORD0041163,C010125,2025-11-22 23:00:00,Female,25,Silver,TV,Phuket,1760,CallCenter,Bank_Transfer,23,11,5,1,20-30,58.666666666666664,5.0,3.0,0.6,42,51,8295.056,0.25,0.4,0.4,0.0,0.0,0,0,0.0,0.0,0,0,0.0,19175.66,2,1,0.5,41475.28,5,3,0.6,0
LGS2ORD0041164,C010163,2025-11-23 00:00:00,Female,26,Platinum,TV,Phuket,1000,TV_Show,COD,0,11,6,1,20-30,33.333333333333336,4.0,2.0,0.5,47,58,8053.6475,0.35,0.5,0.25,0.0,0.0,0,0,0.0,0.0,0,0,0.0,2541.77,1,1,1.0,32214.59,4,2,0.5,0
LGS2ORD0041165,C012668,2025-11-23 00:00:00,Female,53,Bronze,TV,Songkhla,513,Shopee,Bank_Transfer,0,11,6,1,>50,17.1,7.0,1.0,0.14285714285714285,165,23,4108.807142857143,0.23,0.8571428571428571,0.14285714285714285,0.0,0.0,0,0,0.0,1510.43,1,0,0.0,4559.4400000000005,2,0,0.0,28761.65,7,1,0.14285714285714285,0
LGS2ORD0041166,C017752,2025-11-23 00:00:00,Male,34,Silver,TV,Bangkok,1493,TV_Show,Credit_Card,0,11,6,1,30-40,49.766666666666666,5.0,1.0,0.2,276,65,4721.338,0.25,0.6,0.4,0.0,0.0,0,0,0.0,0.0,0,0,0.0,1033.61,1,0,0.0,23606.69,5,1,0.2,0
LGS2ORD0041167,C016412,2025-11-23 00:00:00,Female,50,Silver,Web,Khon Kaen,961,TV_Show,PromptPay,0,11,6,1,40-50,32.03333333333333,5.0,0.0,0.0,-1,26,1273.886,0.3,0.6,0.2,0.0,0.0,0,0,0.0,693.2,1,0,0.0,2705.8900000000003,2,0,0.0,6369.43,5,0,0.0,0
LGS2ORD0041168,C013121,2025-11-23 00:00:00,Male,52,Silver,Shopee,Chonburi,479,Lazada,COD,0,11,6,1,>50,15.966666666666667,9.0,1.0,0.1111111111111111,130,16,5776.198888888889,0.3,0.4444444444444444,0.4444444444444444,0.0,0.0,0,0,0.0,237.43,1,0,0.0,1005.26,2,0,0.0,51985.79,9,1,0.1111111111111111,0
LGS2ORD0041169,C015045,2025-11-23 01:00:00,Male,39,Bronze,Shopee,Phuket,868,Lazada,Credit_Card,1,11,6,1,30-40,28.933333333333334,8.0,5.0,0.625,107,29,4917.92,0.23,0.625,0.125,0.0,0.0,0,0,0.0,7501.34,1,0,0.0,7501.34,1,0,0.0,39343.36,8,5,0.625,0
LGS2ORD0041170,C016897,2025-11-23 01:00:00,Male,56,Silver,TV,Chiang Mai,1176,Web,COD,1,11,6,1,>50,39.2,8.0,1.0,0.125,74,59,2397.3975,0.25,0.375,0.25,0.0,0.0,0,0,0.0,0.0,0,0,0.0,5580.9,2,1,0.5,19179.18,8,1,0.125,1
LGS2ORD0041171,C011827,2025-11-23 01:00:00,Female,62,Bronze,Lazada,Bangkok,1165,Web,COD,1,11,6,1,>50,38.833333333333336,5.0,2.0,0.4,90,34,4196.544,0.28,0.4,0.4,0.0,0.0,0,0,0.0,0.0,0,0,0.0,3294.27,1,0,0.0,20982.72,5,2,0.4,0
LGS2ORD0041172,C011090,2025-11-23 01:00:00,Female,33,Gold,Shopee,Phuket,459,TV_Show,Bank_Transfer,1,11,6,1,30-40,15.3,4.0,0.0,0.0,-1,20,3745.3900000000003,0.28,0.75,0.5,0.0,0.0,0,0,0.0,6753.34,1,0,0.0,8926.85,2,0,0.0,14981.560000000001,4,0,0.0,0
LGS2ORD0041173,C017803,2025-11-23 01:00:00,Female,52,Bronze,Web,Bangkok,349,Shopee,Credit_Card,1,11,6,1,>50,11.633333333333333,2.0,0.0,0.0,-1,214,9326.02,0.28,0.5,0.5,0.0,0.0,0,0,0.0,0.0,0,0,0.0,0.0,0,0,0.0,18652.04,2,0,0.0,0
LGS2ORD0041174,C016013,2025-11-23 01:00:00,Male,55,Bronze,Lazada,Khon Kaen,571,TV_Show,COD,1,11,6,1,>50,19.033333333333335,5.0,0.0,0.0,-1,10,7623.848,0.28,0.6,0.2,0.0,0.0,0,0,0.0,13622.33,1,0,0.0,27404.64,2,0,0.0,38119.24,5,0,0.0,0
LGS2ORD0041175,C017215,2025-11-23 02:00:00,Female,43,Bronze,Lazada,Bangkok,1470,Shopee,COD,2,11,6,1,40-50,49.0,2.0,1.0,0.5,250,34,908.75,0.18,0.5,0.0,0.0,0.0,0,0,0.0,0.0,0,0,0.0,456.93,1,0,0.0,1817.5,2,1,0.5,1
LGS2ORD0041176,C011081,2025-11-23 02:00:00,Female,41,Bronze,TV,Phuket,1421,Web,Credit_Card,2,11,6,1,40-50,47.36666666666667,4.0,1.0,0.25,200,204,7517.6825,0.23,0.25,0.5,0.0,0.0,0,0,0.0,0.0,0,0,0.0,0.0,0,0,0.0,30070.73,4,1,0.25,0
LGS2ORD0041177,C017207,2025-11-23 02:00:00,Male,56,Bronze,CallCenter,Chonburi,1011,TV_Show,Credit_Card,2,11,6,1,>50,33.7,5.0,0.0,0.0,-1,101,1423.3259999999998,0.23,0.6,0.4,0.0,0.0,0,0,0.0,0.0,0,0,0.0,0.0,0,0,0.0,7116.629999999999,5,0,0.0,0
LGS2ORD0041178,C016073,2025-11-23 02:00:00,Female,32,Bronze,Shopee,Bangkok,834,Lazada,COD,2,11,6,1,30-40,27.8,13.0,1.0,0.07692307692307693,179,98,6594.601538461539,0.23,0.5384615384615384,0.23076923076923078,0.0,0.0,0,0,0.0,0.0,0,0,0.0,0.0,0,0,0.0,85729.82,13,1,0.07692307692307693,1
LGS2ORD0041179,C014512,2025-11-23 02:00:00,Male,38,Bronze,Lazada,Bangkok,796,Lazada,PromptPay,2,11,6,1,30-40,26.533333333333335,2.0,1.0,0.5,286,104,5021.125,0.28,1.0,0.5,0.0,0.0,0,0,0.0,0.0,0,0,0.0,0.0,0,0,0.0,10042.25,2,1,0.5,0
LGS2ORD0041180,C011969,2025-11-23 03:00:00,Female,32,Bronze,TV,Bangkok,1732,CallCenter,COD,3,11,6,1,30-40,57.733333333333334,12.0,2.0,0.16666666666666666,218,13,3187.2158333333336,0.23,0.3333333333333333,0.3333333333333333,0.0,0.0,0,0,0.0,1911.32,1,0,0.0,12174.169999999998,4,0,0.0,38246.590000000004,12,2,0.16666666666666666,0
LGS2ORD0041181,C016619,2025-11-23 03:00:00,Female,41,Silver,Shopee,Khon Kaen,990,Shopee,PromptPay,3,11,6,1,40-50,33.0,7.0,1.0,0.14285714285714285,98,59,5306.75,0.3,0.2857142857142857,0.2857142857142857,0.0,0.0,0,0,0.0,0.0,0,0,0.0,15242.39,1,0,0.0,37147.25,7,1,0.14285714285714285,0
LGS2ORD0041182,C014599,2025-11-23 03:00:00,Male,34,Gold,Shopee,Nakhon Ratchasima,1561,Shopee,Credit_Card,3,11,6,1,30-40,52.03333333333333,3.0,0.0,0.0,-1,4,5545.150000000001,0.28,0.3333333333333333,1.0,0.0,325.02,1,0,0.0,325.02,1,0,0.0,999.72,2,0,0.0,16635.45,3,0,0.0,0
LGS2ORD0041183,C017631,2025-11-23 03:00:00,Female,30,Bronze,Lazada,Chiang Mai,1493,Web,COD,3,11,6,1,20-30,49.766666666666666,4.0,0.0,0.0,-1,93,4060.4775000000004,0.18,0.75,0.0,0.0,0.0,0,0,0.0,0.0,0,0,0.0,0.0,0,0,0.0,16241.910000000002,4,0,0.0,0
LGS2ORD0041184,C013585,2025-11-23 03:00:00,Male,35,Bronze,TV,Bangkok,688,Shopee,COD,3,11,6,1,30-40,22.933333333333334,3.0,1.0,0.3333333333333333,16,23,9978.473333333333,0.23,0.6666666666666666,0.3333333333333333,0.0,0.0,0,0,0.0,8410.62,1,0,0.0,25919.870000000003,2,1,0.5,29935.42,3,1,0.3333333333333333,1
LGS2ORD0041185,C012288,2025-11-23 04:00:00,Male,38,Silver,Shopee,Chiang Mai,1080,Web,PromptPay,4,11,6,1,30-40,36.0,2.0,0.0,0.0,-1,186,12017.085,0.05,1.0,0.0,0.0,0.0,0,0,0.0,0.0,0,0,0.0,0.0,0,0,0.0,24034.17,2,0,0.0,0
LGS2ORD0041186,C012567,2025-11-23 04:00:00,Male,18,Bronze,Lazada,Bangkok,829,Lazada,Bank_Transfer,4,11,6,1,<20,27.633333333333333,2.0,0.0,0.0,-1,97,4600.355,0.13,0.5,0.0,0.0,0.0,0,0,0.0,0.0,0,0,0.0,0.0,0,0,0.0,9200.71,2,0,0.0,0
LGS2ORD0041187,C014943,2025-11-23 04:00:00,Female,32,Bronze,Shopee,Songkhla,1683,Lazada,COD,4,11,6,1,30-40,56.1,6.0,1.0,0.16666666666666666,10,23,2923.47,0.23,0.5,0.16666666666666666,0.0,0.0,0,0,0.0,7173.62,1,1,1.0,7173.62,1,1,1.0,17540.82,6,1,0.16666666666666666,1
LGS2ORD0041188,C016933,2025-11-23 04:00:00,Female,36,Silver,Web,Songkhla,1543,Web,Credit_Card,4,11,6,1,30-40,51.43333333333333,5.0,1.0,0.2,43,47,7732.854000000001,0.3,0.2,0.2,0.0,0.0,0,0,0.0,0.0,0,0,0.0,3316.08,1,1,1.0,38664.270000000004,5,1,0.2,1
LGS2ORD0041189,C013261,2025-11-23 04:00:00,Female,40,Bronze,Shopee,Chonburi,472,Lazada,COD,4,11,6,1,30-40,15.733333333333333,5.0,0.0,0.0,-1,100,3091.1459999999997,0.23,0.2,0.6,0.0,0.0,0,0,0.0,0.0,0,0,0.0,0.0,0,0,0.0,15455.73,5,0,0.0,0
LGS2ORD0041190,C014041,2025-11-23 05:00:00,Male,47,Silver,CallCenter,Phuket,1731,Lazada,Credit_Card,5,11,6,1,40-50,57.7,3.0,0.0,0.0,-1,89,8889.533333333333,0.25,1.0,0.3333333333333333,0.0,0.0,0,0,0.0,0.0,0,0,0.0,2937.55,1,0,0.0,26668.6,3,0,0.0,0
LGS2ORD0041191,C010062,2025-11-23 05:00:00,Male,48,Silver,TV,Remote_Area,1723,Lazada,COD,5,11,6,1,40-50,57.43333333333333,8.0,2.0,0.25,9,13,5259.1725,0.3,0.5,0.375,0.0,0.0,0,0,0.0,7569.099999999999,2,1,0.5,7569.099999999999,2,1,0.5,42073.38,8,2,0.25,1
LGS2ORD0041192,C017021,2025-11-23 05:00:00,Male,45,Bronze,Lazada,Bangkok,1462,CallCenter,Credit_Card,5,11,6,1,40-50,48.733333333333334,8.0,1.0,0.125,102,104,4200.280000000001,0.23,0.625,0.125,0.0,0.0,0,0,0.0,0.0,0,0,0.0,0.0,0,0,0.0,33602.240000000005,8,1,0.125,0
LGS2ORD0041193,C017908,2025-11-23 05:00:00,Female,41,Bronze,Lazada,Remote_Area,831,CallCenter,Credit_Card,5,11,6,1,40-50,27.7,4.0,0.0,0.0,-1,16,4861.7375,0.23,0.75,0.25,0.0,0.0,0,0,0.0,2820.0,1,0,0.0,2820.0,1,0,0.0,19446.95,4,0,0.0,0
LGS2ORD0041194,C015576,2025-11-23 05:00:00,Female,44,Platinum,Shopee,Bangkok,1191,CallCenter,COD,5,11,6,1,40-50,39.7,2.0,1.0,0.5,4,6,3747.755,0.3,0.0,1.0,0.0,5923.77,1,1,1.0,5923.77,1,1,1.0,5923.77,1,1,1.0,7495.51,2,1,0.5,0
LGS2ORD0041195,C012820,2025-11-23 05:00:00,Female,49,Silver,TV,Remote_Area,1770,Shopee,COD,5,11,6,1,40-50,59.0,9.0,3.0,0.3333333333333333,48,22,3865.565555555555,0.3,0.4444444444444444,0.2222222222222222,0.0,0.0,0,0,0.0,4112.23,1,0,0.0,18694.66,5,1,0.2,34790.09,9,3,0.3333333333333333,0
LGS2ORD0041196,C012044,2025-11-23 06:00:00,Female,66,Bronze,Shopee,Chonburi,1556,Shopee,Credit_Card,6,11,6,1,>50,51.86666666666667,8.0,1.0,0.125,26,34,3354.705,0.28,0.625,0.375,0.0,0.0,0,0,0.0,0.0,0,0,0.0,15449.119999999999,3,1,0.3333333333333333,26837.64,8,1,0.125,0
LGS2ORD0041197,C015576,2025-11-23 06:00:00,Female,44,Platinum,Shopee,Bangkok,1191,TV_Show,Bank_Transfer,6,11,6,1,40-50,39.7,3.0,1.0,0.3333333333333333,4,0,3428.5633333333335,0.3,0.3333333333333333,0.6666666666666666,0.0,8713.95,2,1,0.5,8713.95,2,1,0.5,8713.95,2,1,0.5,10285.69,3,1,0.3333333333333333,0
LGS2ORD0041198,C015298,2025-11-23 06:00:00,Female,42,Silver,Web,Bangkok,734,Shopee,PromptPay,6,11,6,1,40-50,24.466666666666665,9.0,3.0,0.3333333333333333,65,7,6076.392222222222,0.3,0.4444444444444444,0.2222222222222222,0.0,0.0,0,0,0.0,8570.16,1,0,0.0,16658.97,3,1,0.3333333333333333,54687.53,9,3,0.3333333333333333,0
LGS2ORD0041199,C010155,2025-11-23 06:00:00,Male,37,Bronze,Shopee,Bangkok,738,CallCenter,COD,6,11,6,1,30-40,24.6,10.0,0.0,0.0,-1,29,3046.6279999999997,0.28,0.4,0.2,0.0,0.0,0,0,0.0,2318.08,1,0,0.0,3593.62,2,0,0.0,30466.28,10,0,0.0,0
LGS2ORD0041200,C016001,2025-11-23 06:00:00,Female,37,Bronze,TV,Khon Kaen,776,TV_Show,COD,6,11,6,1,30-40,25.866666666666667,8.0,1.0,0.125,123,69,3892.19875,0.28,0.375,0.25,0.0,0.0,0,0,0.0,0.0,0,0,0.0,7460.41,2,0,0.0,31137.59,8,1,0.125,1
LGS2ORD0041201,C015258,2025-11-23 07:00:00,Male,40,Silver,Web,Khon Kaen,1702,TV_Show,PromptPay,7,11,6,1,30-40,56.733333333333334,8.0,0.0,0.0,-1,27,3800.1337500000004,0.3,0.625,0.25,0.0,0.0,0,0,0.0,3081.87,1,0,0.0,5238.29,3,0,0.0,30401.070000000003,8,0,0.0,0
LGS2ORD0041202,C013623,2025-11-23 07:00:00,Female,47,Bronze,TV,Chonburi,1759,TV_Show,COD,7,11,6,1,40-50,58.63333333333333,11.0,4.0,0.36363636363636365,87,25,8109.870000000001,0.28,0.6363636363636364,0.45454545454545453,0.0,0.0,0,0,0.0,2339.25,1,0,0.0,3195.11,2,0,0.0,89208.57,11,4,0.36363636363636365,0
LGS2ORD0041203,C016622,2025-11-23 07:00:00,Male,18,Silver,TV,Chonburi,1523,Web,COD,7,11,6,1,<20,50.766666666666666,2.0,0.0,0.0,-1,18,3832.37,0.25,0.5,0.5,0.0,0.0,0,0,0.0,5756.09,1,0,0.0,7664.74,2,0,0.0,7664.74,2,0,0.0,0
LGS2ORD0041204,C012440,2025-11-23 07:00:00,Female,48,Silver,TV,Khon Kaen,936,Shopee,Credit_Card,7,11,6,1,40-50,31.2,9.0,0.0,0.0,-1,13,3566.012222222222,0.3,0.3333333333333333,0.3333333333333333,0.0,0.0,0,0,0.0,11435.71,2,0,0.0,11874.3,3,0,0.0,32094.11,9,0,0.0,0
LGS2ORD0041205,C014552,2025-11-23 07:00:00,Female,26,Silver,TV,Bangkok,686,CallCenter,Credit_Card,7,11,6,1,20-30,22.866666666666667,5.0,1.0,0.2,295,44,7651.990000000001,0.3,0.6,0.2,0.0,0.0,0,0,0.0,0.0,0,0,0.0,7791.67,2,0,0.0,38259.950000000004,5,1,0.2,0
LGS2ORD0041206,C012532,2025-11-23 08:00:00,Female,35,Bronze,CallCenter,Phuket,1368,Web,PromptPay,8,11,6,1,30-40,45.6,8.0,3.0,0.375,24,31,5055.85,0.28,0.375,0.375,0.0,0.0,0,0,0.0,0.0,0,0,0.0,30373.050000000003,3,2,0.6666666666666666,40446.8,8,3,0.375,0
LGS2ORD0041207,C011426,2025-11-23 08:00:00,Male,48,Silver,TV,Nakhon Ratchasima,901,Lazada,Credit_Card,8,11,6,1,40-50,30.033333333333335,6.0,1.0,0.16666666666666666,181,65,4088.263333333333,0.25,0.3333333333333333,0.16666666666666666,0.0,0.0,0,0,0.0,0.0,0,0,0.0,2369.6,1,0,0.0,24529.579999999998,6,1,0.16666666666666666,0
LGS2ORD0041208,C011442,2025-11-23 08:00:00,Female,59,Silver,TV,Phuket,604,Web,Bank_Transfer,8,11,6,1,>50,20.133333333333333,4.0,2.0,0.5,44,11,4307.1875,0.3,0.75,0.25,0.0,0.0,0,0,0.0,8091.16,1,0,0.0,15936.39,3,2,0.6666666666666666,17228.75,4,2,0.5,0
LGS2ORD0041209,C017481,2025-11-23 08:00:00,Male,54,Bronze,Shopee,Nakhon Ratchasima,536,Lazada,Bank_Transfer,8,11,6,1,>50,17.866666666666667,8.0,2.0,0.25,9,20,6484.561250000001,0.28,0.5,0.125,0.0,0.0,0,0,0.0,1316.55,1,1,1.0,2518.67,2,2,1.0,51876.490000000005,8,2,0.25,0
LGS2ORD0041210,C010401,2025-11-23 08:00:00,Female,37,Bronze,Lazada,Phuket,1445,Shopee,PromptPay,8,11,6,1,30-40,48.166666666666664,5.0,4.0,0.8,124,132,5787.026000000001,0.23,0.6,0.4,0.0,0.0,0,0,0.0,0.0,0,0,0.0,0.0,0,0,0.0,28935.130000000005,5,4,0.8,0
LGS2ORD0041211,C011010,2025-11-23 09:00:00,Female,40,Silver,CallCenter,Songkhla,1174,Shopee,COD,9,11,6,1,30-40,39.13333333333333,3.0,1.0,0.3333333333333333,228,111,1634.6899999999998,0.25,0.6666666666666666,0.3333333333333333,0.0,0.0,0,0,0.0,0.0,0,0,0.0,0.0,0,0,0.0,4904.07,3,1,0.3333333333333333,0
LGS2ORD0041212,C013530,2025-11-23 09:00:00,Other,62,Bronze,TV,Bangkok,1044,Web,COD,9,11,6,1,>50,34.8,4.0,3.0,0.75,154,27,3436.8125000000005,0.28,0.25,1.0,0.0,0.0,0,0,0.0,918.42,1,0,0.0,918.42,1,0,0.0,13747.250000000002,4,3,0.75,1
LGS2ORD0041213,C015970,2025-11-23 09:00:00,Male,31,Gold,Web,Bangkok,1242,Shopee,Credit_Card,9,11,6,1,30-40,41.4,7.0,2.0,0.2857142857142857,41,5,5884.544285714285,0.28,0.5714285714285714,0.2857142857142857,0.0,20327.04,1,0,0.0,20327.04,1,0,0.0,26282.620000000003,2,1,0.5,41191.81,7,2,0.2857142857142857,0
LGS2ORD0041214,C014724,2025-11-23 09:00:00,Female,59,Silver,Shopee,Bangkok,880,CallCenter,Credit_Card,9,11,6,1,>50,29.333333333333332,3.0,0.0,0.0,-1,66,4485.926666666667,0.15,0.3333333333333333,0.0,0.0,0.0,0,0,0.0,0.0,0,0,0.0,1952.1,1,0,0.0,13457.78,3,0,0.0,0
LGS2ORD0041215,C015236,2025-11-23 09:00:00,Female,18,Bronze,Web,Khon Kaen,1761,Shopee,COD,9,11,6,1,<20,58.7,9.0,4.0,0.4444444444444444,225,33,6844.393333333333,0.28,0.2222222222222222,0.2222222222222222,0.0,0.0,0,0,0.0,0.0,0,0,0.0,1999.27,1,0,0.0,61599.54,9,4,0.4444444444444444,1
LGS2ORD0041216,C017399,2025-11-23 09:00:00,Female,50,Gold,Lazada,Phuket,1243,CallCenter,COD,9,11,6,1,40-50,41.43333333333333,1.0,0.0,0.0,-1,120,2376.71,0.08,0.0,0.0,0.0,0.0,0,0,0.0,0.0,0,0,0.0,0.0,0,0,0.0,2376.71,1,0,0.0,0
LGS2ORD0041217,C015468,2025-11-23 10:00:00,Female,45,Gold,Web,Songkhla,668,Lazada,COD,10,11,6,1,40-50,22.266666666666666,3.0,0.0,0.0,-1,48,2845.8366666666666,0.28,0.0,0.3333333333333333,0.0,0.0,0,0,0.0,0.0,0,0,0.0,2916.26,1,0,0.0,8537.51,3,0,0.0,0
LGS2ORD0041218,C017614,2025-11-23 10:00:00,Female,24,Silver,TV,Chiang Mai,1173,Lazada,PromptPay,10,11,6,1,20-30,39.1,5.0,0.0,0.0,-1,41,7302.848000000001,0.2,0.6,0.0,0.0,0.0,0,0,0.0,0.0,0,0,0.0,7623.18,1,0,0.0,36514.240000000005,5,0,0.0,0
LGS2ORD0041219,C016920,2025-11-23 10:00:00,Male,55,Silver,Shopee,Chonburi,718,Web,Bank_Transfer,10,11,6,1,>50,23.933333333333334,7.0,2.0,0.2857142857142857,90,25,7092.674285714286,0.25,0.42857142857142855,0.2857142857142857,0.0,0.0,0,0,0.0,3007.84,1,0,0.0,4297.18,2,0,0.0,49648.72,7,2,0.2857142857142857,1
LGS2ORD0041220,C010022,2025-11-23 10:00:00,Other,38,Bronze,Web,Remote_Area,1360,Shopee,COD,10,11,6,1,30-40,45.333333333333336,4.0,3.0,0.75,48,57,6426.295,0.28,0.75,0.75,0.0,0.0,0,0,0.0,0.0,0,0,0.0,8219.81,2,2,1.0,25705.18,4,3,0.75,0
LGS2ORD0041221,C014672,2025-11-23 10:00:00,Female,39,Bronze,Shopee,Chiang Mai,1752,Shopee,COD,10,11,6,1,30-40,58.4,11.0,2.0,0.18181818181818182,215,79,7082.51818181818,0.23,0.6363636363636364,0.09090909090909091,0.09090909090909091,0.0,0,0,0.0,0.0,0,0,0.0,1361.59,1,0,0.0,77907.69999999998,11,2,0.18181818181818182,1
LGS2ORD0041222,C011252,2025-11-23 11:00:00,Female,32,Silver,TV,Bangkok,567,Web,Credit_Card,11,11,6,1,30-40,18.9,9.0,4.0,0.4444444444444444,116,4,5661.768888888889,0.25,0.6666666666666666,0.4444444444444444,0.0,1242.47,1,0,0.0,1242.47,1,0,0.0,12406.269999999999,3,0,0.0,50955.92,9,4,0.4444444444444444,0
LGS2ORD0041223,C015733,2025-11-23 11:00:00,Female,23,Silver,Lazada,Chiang Mai,748,CallCenter,COD,11,11,6,1,20-30,24.933333333333334,5.0,0.0,0.0,-1,59,3756.28,0.3,0.6,0.2,0.0,0.0,0,0,0.0,0.0,0,0,0.0,5748.65,2,0,0.0,18781.4,5,0,0.0,0
LGS2ORD0041224,C016349,2025-11-23 11:00:00,Female,52,Gold,CallCenter,Remote_Area,1684,Web,COD,11,11,6,1,>50,56.13333333333333,3.0,0.0,0.0,-1,65,6209.936666666666,0.2299999999999999,0.3333333333333333,0.6666666666666666,0.0,0.0,0,0,0.0,0.0,0,0,0.0,16262.55,1,0,0.0,18629.809999999998,3,0,0.0,1
LGS2ORD0041225,C013831,2025-11-23 11:00:00,Male,27,Silver,TV,Nakhon Ratchasima,385,Shopee,COD,11,11,6,1,20-30,12.833333333333334,9.0,3.0,0.3333333333333333,15,1,8190.383333333331,0.25,0.5555555555555556,0.1111111111111111,0.0,1498.56,1,0,0.0,25100.43,2,1,0.5,26393.05,3,2,0.6666666666666666,73713.44999999998,9,3,0.3333333333333333,0
LGS2ORD0041226,C016651,2025-11-23 11:00:00,Female,38,Bronze,CallCenter,Phuket,949,Shopee,Credit_Card,11,11,6,1,30-40,31.633333333333333,4.0,1.0,0.25,178,116,6322.1525,0.28,0.5,0.5,0.0,0.0,0,0,0.0,0.0,0,0,0.0,0.0,0,0,0.0,25288.61,4,1,0.25,0
LGS2ORD0041227,C013207,2025-11-23 12:00:00,Female,68,Silver,Shopee,Bangkok,591,Lazada,COD,12,11,6,1,>50,19.7,5.0,1.0,0.2,287,14,7380.652,0.3,0.4,0.8,0.0,0.0,0,0,0.0,10090.03,1,0,0.0,10090.03,1,0,0.0,36903.26,5,1,0.2,0
LGS2ORD0041228,C015232,2025-11-23 12:00:00,Female,46,Bronze,TV,Bangkok,1042,TV_Show,Credit_Card,12,11,6,1,40-50,34.733333333333334,6.0,2.0,0.3333333333333333,39,46,4106.076666666667,0.23,0.3333333333333333,0.16666666666666666,0.0,0.0,0,0,0.0,0.0,0,0,0.0,7488.53,2,1,0.5,24636.46,6,2,0.3333333333333333,0
LGS2ORD0041229,C013533,2025-11-23 12:00:00,Male,39,Silver,Shopee,Chonburi,1594,TV_Show,Credit_Card,12,11,6,1,30-40,53.13333333333333,1.0,0.0,0.0,-1,12,13219.69,0.05,0.0,0.0,0.0,0.0,0,0,0.0,13219.69,1,0,0.0,13219.69,1,0,0.0,13219.69,1,0,0.0,0
LGS2ORD0041230,C016703,2025-11-23 12:00:00,Female,34,Bronze,Lazada,Bangkok,1229,Web,COD,12,11,6,1,30-40,40.96666666666667,11.0,4.0,0.36363636363636365,-8,0,3733.818181818182,0.28,0.7272727272727273,0.36363636363636365,0.0,20178.36,2,1,0.5,20178.36,2,1,0.5,24721.54,5,3,0.6,41072.0,11,4,0.36363636363636365,0
LGS2ORD0041231,C011367,2025-11-23 12:00:00,Male,50,Bronze,TV,Bangkok,1346,Web,COD,12,11,6,1,40-50,44.86666666666667,7.0,1.0,0.14285714285714285,238,71,5680.961428571429,0.23,0.2857142857142857,0.42857142857142855,0.0,0.0,0,0,0.0,0.0,0,0,0.0,20605.65,3,0,0.0,39766.73,7,1,0.14285714285714285,0
LGS2ORD0041232,C015917,2025-11-23 13:00:00,Female,50,Gold,CallCenter,Nakhon Ratchasima,1701,Web,COD,13,11,6,1,40-50,56.7,4.0,0.0,0.0,-1,71,3143.9125000000004,0.33,1.0,0.25,0.0,0.0,0,0,0.0,0.0,0,0,0.0,2292.95,2,0,0.0,12575.650000000001,4,0,0.0,0
LGS2ORD0041233,C012685,2025-11-23 13:00:00,Male,53,Bronze,TV,Remote_Area,439,Lazada,COD,13,11,6,1,>50,14.633333333333333,3.0,0.0,0.0,-1,67,1748.4866666666667,0.13,0.3333333333333333,0.0,0.0,0.0,0,0,0.0,0.0,0,0,0.0,4126.2,1,0,0.0,5245.46,3,0,0.0,1
LGS2ORD0041234,C011572,2025-11-23 13:00:00,Male,39,Platinum,TV,Songkhla,395,TV_Show,Credit_Card,13,11,6,1,30-40,13.166666666666666,3.0,2.0,0.6666666666666666,107,123,6883.740000000001,0.2,0.0,0.0,0.0,0.0,0,0,0.0,0.0,0,0,0.0,0.0,0,0,0.0,20651.22,3,2,0.6666666666666666,1
LGS2ORD0041235,C010709,2025-11-23 13:00:00,Female,41,Bronze,CallCenter,Remote_Area,873,TV_Show,COD,13,11,6,1,40-50,29.1,9.0,4.0,0.4444444444444444,-5,4,6564.614444444444,0.28,0.3333333333333333,0.3333333333333333,0.0,2485.9,1,1,1.0,2485.9,1,1,1.0,7355.880000000001,3,2,0.6666666666666666,59081.53,9,4,0.4444444444444444,1
LGS2ORD0041236,C015761,2025-11-23 13:00:00,Female,25,Bronze,Shopee,Remote_Area,1072,Web,PromptPay,13,11,6,1,20-30,35.733333333333334,5.0,3.0,0.6,147,3,2311.964,0.28,0.6,0.2,0.0,878.17,1,0,0.0,878.17,1,0,0.0,878.17,1,0,0.0,11559.82,5,3,0.6,0
LGS2ORD0041237,C010877,2025-11-23 13:00:00,Male,40,Gold,Lazada,Chonburi,882,Web,PromptPay,13,11,6,1,30-40,29.4,2.0,1.0,0.5,131,88,2520.11,0.28,0.5,1.0,0.0,0.0,0,0,0.0,0.0,0,0,0.0,1029.55,1,0,0.0,5040.22,2,1,0.5,0
LGS2ORD0041238,C011397,2025-11-23 14:00:00,Male,51,Silver,Web,Songkhla,707,Web,Credit_Card,14,11,6,1,>50,23.566666666666666,4.0,0.0,0.0,-1,5,2200.36,0.2,0.5,0.0,0.0,2055.36,1,0,0.0,2055.36,1,0,0.0,5436.85,3,0,0.0,8801.44,4,0,0.0,0
LGS2ORD0041239,C011423,2025-11-23 14:00:00,Other,60,Bronze,Shopee,Bangkok,1740,Web,COD,14,11,6,1,>50,58.0,11.0,2.0,0.18181818181818182,126,4,5286.414545454545,0.18,0.5454545454545454,0.0,0.0,7783.64,1,0,0.0,7783.64,1,0,0.0,8899.92,2,0,0.0,58150.56,11,2,0.18181818181818182,0
LGS2ORD0041240,C011559,2025-11-23 14:00:00,Female,24,Bronze,Shopee,Phuket,1482,Web,COD,14,11,6,1,20-30,49.4,4.0,0.0,0.0,-1,19,2603.2,0.23,0.0,0.25,0.0,0.0,0,0,0.0,3065.19,1,0,0.0,3065.19,1,0,0.0,10412.8,4,0,0.0,1
LGS2ORD0041241,C017986,2025-11-23 14:00:00,Male,58,Silver,TV,Bangkok,711,TV_Show,COD,14,11,6,1,>50,23.7,0.0,0.0,0.0,-1,-1,0.0,0.0,0.0,0.0,0.0,0.0,0,0,0.0,0.0,0,0,0.0,0.0,0,0,0.0,0.0,0,0,0.0,0
LGS2ORD0041242,C015527,2025-11-23 14:00:00,Male,58,Bronze,Lazada,Bangkok,511,Lazada,Credit_Card,14,11,6,1,>50,17.033333333333335,7.0,1.0,0.14285714285714285,95,5,4853.729999999999,0.28,0.42857142857142855,0.2857142857142857,0.0,1013.67,1,0,0.0,1745.87,2,0,0.0,22706.059999999998,4,0,0.0,33976.10999999999,7,1,0.14285714285714285,0
LGS2ORD0041243,C015732,2025-11-23 15:00:00,Female,47,Bronze,Shopee,Remote_Area,793,TV_Show,COD,15,11,6,1,40-50,26.433333333333334,1.0,0.0,0.0,-1,184,10662.71,0.13,0.0,0.0,0.0,0.0,0,0,0.0,0.0,0,0,0.0,0.0,0,0,0.0,10662.71,1,0,0.0,1
LGS2ORD0041244,C017966,2025-11-23 15:00:00,Male,36,Silver,Web,Phuket,832,Lazada,COD,15,11,6,1,30-40,27.733333333333334,1.0,0.0,0.0,-1,107,4642.75,0.2,1.0,0.0,0.0,0.0,0,0,0.0,0.0,0,0,0.0,0.0,0,0,0.0,4642.75,1,0,0.0,0
LGS2ORD0041245,C017779,2025-11-23 15:00:00,Female,42,Silver,Web,Nakhon Ratchasima,1079,Lazada,COD,15,11,6,1,40-50,35.96666666666667,5.0,3.0,0.6,17,32,5205.762,0.3,0.4,0.8,0.0,0.0,0,0,0.0,0.0,0,0,0.0,7593.59,2,1,0.5,26028.809999999998,5,3,0.6,0
LGS2ORD0041246,C017298,2025-11-23 15:00:00,Female,36,Silver,Lazada,Nakhon Ratchasima,1037,Web,Credit_Card,15,11,6,1,30-40,34.56666666666667,10.0,1.0,0.1,209,22,6063.1359999999995,0.25,0.9,0.2,0.0,0.0,0,0,0.0,833.82,1,0,0.0,1940.77,2,0,0.0,60631.35999999999,10,1,0.1,0
LGS2ORD0041247,C017788,2025-11-23 15:00:00,Male,52,Gold,Web,Bangkok,1501,Lazada,PromptPay,15,11,6,1,>50,50.03333333333333,6.0,1.0,0.16666666666666666,305,164,2354.9983333333334,0.2299999999999999,0.5,0.5,0.0,0.0,0,0,0.0,0.0,0,0,0.0,0.0,0,0,0.0,14129.99,6,1,0.16666666666666666,0
LGS2ORD0041248,C012528,2025-11-23 16:00:00,Male,45,Gold,TV,Remote_Area,375,Lazada,COD,16,11,6,1,40-50,12.5,4.0,1.0,0.25,66,83,9073.7625,0.2299999999999999,0.25,0.25,0.0,0.0,0,0,0.0,0.0,0,0,0.0,1389.91,1,1,1.0,36295.05,4,1,0.25,0
LGS2ORD0041249,C010464,2025-11-23 16:00:00,Female,45,Gold,CallCenter,Bangkok,501,Shopee,Credit_Card,16,11,6,1,40-50,16.7,9.0,1.0,0.1111111111111111,47,35,2092.221111111111,0.28,0.4444444444444444,0.6666666666666666,0.0,0.0,0,0,0.0,0.0,0,0,0.0,8807.71,4,1,0.25,18829.989999999998,9,1,0.1111111111111111,1
LGS2ORD0041250,C010819,2025-11-23 16:00:00,Female,30,Silver,Shopee,Bangkok,1319,Shopee,Credit_Card,16,11,6,1,20-30,43.96666666666667,13.0,3.0,0.23076923076923078,212,5,3978.574615384615,0.25,0.5384615384615384,0.23076923076923078,0.0,6724.58,1,0,0.0,6724.58,1,0,0.0,17508.2,4,0,0.0,51721.469999999994,13,3,0.23076923076923078,0
LGS2ORD0041251,C010903,2025-11-23 16:00:00,Male,18,Bronze,TV,Remote_Area,1545,CallCenter,PromptPay,16,11,6,1,<20,51.5,4.0,1.0,0.25,311,26,3646.6375000000003,0.28,0.5,0.75,0.0,0.0,0,0,0.0,1639.26,1,0,0.0,1639.26,1,0,0.0,14586.550000000001,4,1,0.25,1
LGS2ORD0041252,C017622,2025-11-23 16:00:00,Female,49,Silver,TV,Chiang Mai,1221,CallCenter,PromptPay,16,11,6,1,40-50,40.7,9.0,2.0,0.2222222222222222,55,6,2966.158888888889,0.3,0.3333333333333333,0.3333333333333333,0.0,2074.88,1,0,0.0,2074.88,1,0,0.0,10066.14,4,1,0.25,26695.43,9,2,0.2222222222222222,0
LGS2ORD0041253,C012730,2025-11-23 17:00:00,Female,22,Bronze,TV,Chonburi,471,Shopee,Bank_Transfer,17,11,6,1,20-30,15.7,13.0,1.0,0.07692307692307693,247,100,5556.971538461539,0.28,0.38461538461538464,0.3076923076923077,0.0,0.0,0,0,0.0,0.0,0,0,0.0,0.0,0,0,0.0,72240.63,13,1,0.07692307692307693,0
LGS2ORD0041254,C015935,2025-11-23 17:00:00,Female,38,Bronze,TV,Songkhla,649,CallCenter,PromptPay,17,11,6,1,30-40,21.633333333333333,5.0,1.0,0.2,289,124,6458.451999999999,0.18,0.6,0.0,0.0,0.0,0,0,0.0,0.0,0,0,0.0,0.0,0,0,0.0,32292.26,5,1,0.2,1
LGS2ORD0041255,C013883,2025-11-23 17:00:00,Female,40,Platinum,Lazada,Bangkok,1214,Web,Credit_Card,17,11,6,1,30-40,40.46666666666667,0.0,0.0,0.0,-1,-1,0.0,0.0,0.0,0.0,0.0,0.0,0,0,0.0,0.0,0,0,0.0,0.0,0,0,0.0,0.0,0,0,0.0,0
LGS2ORD0041256,C010093,2025-11-23 17:00:00,Male,20,Bronze,Web,Chonburi,566,CallCenter,COD,17,11,6,1,<20,18.866666666666667,6.0,1.0,0.16666666666666666,0,13,6149.916666666667,0.23,0.8333333333333334,0.16666666666666666,0.0,0.0,0,0,0.0,16668.74,2,1,0.5,16668.74,2,1,0.5,36899.5,6,1,0.16666666666666666,0
LGS2ORD0041257,C016918,2025-11-23 17:00:00,Male,51,Gold,Lazada,Nakhon Ratchasima,1527,Shopee,Credit_Card,17,11,6,1,>50,50.9,9.0,1.0,0.1111111111111111,209,40,3725.1355555555556,0.33,0.4444444444444444,0.5555555555555556,0.0,0.0,0,0,0.0,0.0,0,0,0.0,10913.57,3,0,0.0,33526.22,9,1,0.1111111111111111,0
LGS2ORD0041258,C013355,2025-11-23 17:00:00,Female,41,Silver,Web,Phuket,1363,CallCenter,Credit_Card,17,11,6,1,40-50,45.43333333333333,5.0,3.0,0.6,100,40,5520.134,0.3,0.8,0.6,0.0,0.0,0,0,0.0,0.0,0,0,0.0,11807.55,1,0,0.0,27600.67,5,3,0.6,1
LGS2ORD0041259,C015433,2025-11-23 18:00:00,Other,24,Bronze,Shopee,Chiang Mai,1196,TV_Show,COD,18,11,6,1,20-30,39.86666666666667,1.0,0.0,0.0,-1,20,15452.13,0.23,0.0,1.0,0.0,0.0,0,0,0.0,15452.13,1,0,0.0,15452.13,1,0,0.0,15452.13,1,0,0.0,1
LGS2ORD0041260,C014878,2025-11-23 18:00:00,Male,29,Silver,Lazada,Songkhla,345,Web,COD,18,11,6,1,20-30,11.5,7.0,3.0,0.42857142857142855,37,11,2775.484285714286,0.25,0.42857142857142855,0.2857142857142857,0.0,0.0,0,0,0.0,787.58,1,0,0.0,4245.72,3,1,0.3333333333333333,19428.390000000003,7,3,0.42857142857142855,0
LGS2ORD0041261,C011165,2025-11-23 18:00:00,Female,58,Silver,Web,Remote_Area,1014,Web,Bank_Transfer,18,11,6,1,>50,33.8,11.0,2.0,0.18181818181818182,18,26,6003.847272727272,0.3,0.5454545454545454,0.18181818181818182,0.0,0.0,0,0,0.0,13325.15,2,1,0.5,31989.21,4,1,0.25,66042.31999999999,11,2,0.18181818181818182,0
LGS2ORD0041262,C017151,2025-11-23 18:00:00,Female,29,Bronze,TV,Songkhla,1659,TV_Show,Bank_Transfer,18,11,6,1,20-30,55.3,9.0,3.0,0.3333333333333333,78,38,9111.087777777779,0.28,0.5555555555555556,0.1111111111111111,0.0,0.0,0,0,0.0,0.0,0,0,0.0,1880.16,1,0,0.0,81999.79000000001,9,3,0.3333333333333333,0
LGS2ORD0041263,C011133,2025-11-23 18:00:00,Male,37,Bronze,CallCenter,Remote_Area,1258,Lazada,COD,18,11,6,1,30-40,41.93333333333333,9.0,3.0,0.3333333333333333,38,26,6117.402222222223,0.23,0.4444444444444444,0.1111111111111111,0.0,0.0,0,0,0.0,13069.51,1,0,0.0,31117.190000000002,3,2,0.6666666666666666,55056.62,9,3,0.3333333333333333,1
LGS2ORD0041264,C016752,2025-11-23 19:00:00,Male,35,Bronze,TV,Remote_Area,1400,TV_Show,Bank_Transfer,19,11,6,1,30-40,46.666666666666664,7.0,2.0,0.2857142857142857,13,23,1727.0914285714287,0.28,0.8571428571428571,0.42857142857142855,0.0,0.0,0,0,0.0,4703.62,2,1,0.5,8651.0,5,2,0.4,12089.640000000001,7,2,0.2857142857142857,0
LGS2ORD0041265,C010162,2025-11-23 19:00:00,Male,34,Silver,Lazada,Chonburi,1358,Shopee,COD,19,11,6,1,30-40,45.266666666666666,5.0,2.0,0.4,234,21,7744.8279999999995,0.15,0.6,0.0,0.0,0.0,0,0,0.0,3549.1,1,0,0.0,3549.1,1,0,0.0,38724.14,5,2,0.4,1
LGS2ORD0041266,C011090,2025-11-23 19:00:00,Female,33,Gold,Shopee,Phuket,459,TV_Show,COD,19,11,6,1,30-40,15.3,5.0,0.0,0.0,-1,0,3230.0280000000002,0.28,0.6,0.4,0.0,1168.58,1,0,0.0,7921.92,2,0,0.0,10095.43,3,0,0.0,16150.140000000001,5,0,0.0,1
LGS2ORD0041267,C011303,2025-11-23 19:00:00,Male,62,Silver,TV,Khon Kaen,1161,Web,PromptPay,19,11,6,1,>50,38.7,4.0,1.0,0.25,305,50,13920.1575,0.3,0.25,0.25,0.0,0.0,0,0,0.0,0.0,0,0,0.0,9177.56,1,0,0.0,55680.63,4,1,0.25,0
LGS2ORD0041268,C016131,2025-11-23 19:00:00,Male,37,Bronze,Web,Bangkok,987,TV_Show,Bank_Transfer,19,11,6,1,30-40,32.9,4.0,1.0,0.25,193,104,10900.69,0.23,1.0,0.25,0.0,0.0,0,0,0.0,0.0,0,0,0.0,0.0,0,0,0.0,43602.76,4,1,0.25,0
LGS2ORD0041269,C015260,2025-11-23 20:00:00,Male,25,Silver,Lazada,Chiang Mai,600,TV_Show,Credit_Card,20,11,6,1,20-30,20.0,1.0,0.0,0.0,-1,149,3143.7,0.2,1.0,0.0,0.0,0.0,0,0,0.0,0.0,0,0,0.0,0.0,0,0,0.0,3143.7,1,0,0.0,1
LGS2ORD0041270,C013056,2025-11-23 20:00:00,Female,35,Platinum,Web,Songkhla,1742,Lazada,COD,20,11,6,1,30-40,58.06666666666667,6.0,2.0,0.3333333333333333,47,15,5166.291666666667,0.3,0.16666666666666666,0.16666666666666666,0.0,0.0,0,0,0.0,1819.57,1,0,0.0,3737.6,2,1,0.5,30997.75,6,2,0.3333333333333333,0
LGS2ORD0041271,C016038,2025-11-23 20:00:00,Female,41,Gold,TV,Khon Kaen,963,Web,COD,20,11,6,1,40-50,32.1,4.0,1.0,0.25,23,28,5331.715,0.13,0.75,0.0,0.0,0.0,0,0,0.0,5858.07,1,1,1.0,14298.22,2,1,0.5,21326.86,4,1,0.25,0
LGS2ORD0041272,C017467,2025-11-23 20:00:00,Female,60,Bronze,TV,Phuket,708,Web,Credit_Card,20,11,6,1,>50,23.6,5.0,1.0,0.2,29,26,5123.092,0.28,0.4,0.6,0.0,0.0,0,0,0.0,4788.81,1,0,0.0,9278.75,2,1,0.5,25615.46,5,1,0.2,0
LGS2ORD0041273,C016467,2025-11-23 20:00:00,Female,29,Gold,Shopee,Khon Kaen,1737,Lazada,COD,20,11,6,1,20-30,57.9,11.0,2.0,0.18181818181818182,79,57,2139.6063636363638,0.33,0.5454545454545454,0.36363636363636365,0.0,0.0,0,0,0.0,0.0,0,0,0.0,2672.6,2,1,0.5,23535.670000000002,11,2,0.18181818181818182,0
LGS2ORD0041274,C011625,2025-11-23 21:00:00,Female,36,Bronze,TV,Remote_Area,1766,TV_Show,COD,21,11,6,1,30-40,58.86666666666667,3.0,0.0,0.0,-1,24,3735.7166666666667,0.28,0.6666666666666666,0.3333333333333333,0.0,0.0,0,0,0.0,779.84,1,0,0.0,3030.6200000000003,2,0,0.0,11207.15,3,0,0.0,1
LGS2ORD0041275,C017281,2025-11-23 21:00:00,Female,51,Silver,Web,Chonburi,1780,TV_Show,COD,21,11,6,1,>50,59.333333333333336,7.0,3.0,0.42857142857142855,30,39,4410.435714285713,0.3,0.2857142857142857,0.2857142857142857,0.0,0.0,0,0,0.0,0.0,0,0,0.0,9086.449999999999,2,1,0.5,30873.049999999996,7,3,0.42857142857142855,0
LGS2ORD0041276,C015569,2025-11-23 21:00:00,Male,49,Gold,CallCenter,Remote_Area,1064,Shopee,COD,21,11,6,1,40-50,35.46666666666667,3.0,1.0,0.3333333333333333,253,65,12455.816666666666,0.2299999999999999,0.3333333333333333,0.3333333333333333,0.0,0.0,0,0,0.0,0.0,0,0,0.0,35628.27,2,0,0.0,37367.45,3,1,0.3333333333333333,1
LGS2ORD0041277,C013919,2025-11-23 21:00:00,Female,33,Silver,Shopee,Khon Kaen,1449,CallCenter,Credit_Card,21,11,6,1,30-40,48.3,6.0,1.0,0.16666666666666666,135,6,2036.835,0.25,0.5,0.16666666666666666,0.0,1348.17,1,0,0.0,1348.17,1,0,0.0,5840.42,2,0,0.0,12221.01,6,1,0.16666666666666666,0
LGS2ORD0041278,C013213,2025-11-23 21:00:00,Female,53,Bronze,Web,Songkhla,1588,Shopee,Credit_Card,21,11,6,1,>50,52.93333333333333,8.0,5.0,0.625,32,42,7056.145,0.28,0.625,0.5,0.0,0.0,0,0,0.0,0.0,0,0,0.0,10008.380000000001,2,1,0.5,56449.16,8,5,0.625,1
LGS2ORD0041279,C010666,2025-11-23 21:00:00,Female,24,Silver,TV,Chiang Mai,791,TV_Show,COD,21,11,6,1,20-30,26.366666666666667,6.0,0.0,0.0,-1,3,10146.803333333335,0.25,0.5,0.16666666666666666,0.0,10350.59,1,0,0.0,13951.19,2,0,0.0,41955.729999999996,3,0,0.0,60880.82000000001,6,0,0.0,1
LGS2ORD0041280,C012163,2025-11-23 22:00:00,Female,45,Gold,Web,Bangkok,673,Lazada,COD,22,11,6,1,40-50,22.433333333333334,3.0,1.0,0.3333333333333333,161,166,3069.726666666667,0.08,0.3333333333333333,0.0,0.0,0.0,0,0,0.0,0.0,0,0,0.0,0.0,0,0,0.0,9209.18,3,1,0.3333333333333333,0
LGS2ORD0041281,C013070,2025-11-23 22:00:00,Female,68,Bronze,TV,Songkhla,358,Shopee,COD,22,11,6,1,>50,11.933333333333334,10.0,5.0,0.5,9,1,6874.947,0.23,0.6,0.2,0.0,5193.0,1,0,0.0,12067.51,2,1,0.5,24550.82,3,1,0.3333333333333333,68749.47,10,5,0.5,0
LGS2ORD0041282,C017271,2025-11-23 22:00:00,Male,41,Bronze,TV,Nakhon Ratchasima,1426,Web,Bank_Transfer,22,11,6,1,40-50,47.53333333333333,6.0,2.0,0.3333333333333333,-2,13,1759.8466666666666,0.28,0.6666666666666666,0.3333333333333333,0.0,0.0,0,0,0.0,3255.09,2,1,0.5,3255.09,2,1,0.5,10559.08,6,2,0.3333333333333333,0
LGS2ORD0041283,C013714,2025-11-23 22:00:00,Male,59,Silver,Web,Khon Kaen,1044,CallCenter,COD,22,11,6,1,>50,34.8,3.0,1.0,0.3333333333333333,57,63,3866.9933333333333,0.3,0.3333333333333333,0.6666666666666666,0.0,0.0,0,0,0.0,0.0,0,0,0.0,11037.16,2,1,0.5,11600.98,3,1,0.3333333333333333,0
LGS2ORD0041284,C013050,2025-11-23 22:00:00,Female,31,Bronze,TV,Chiang Mai,832,Shopee,COD,22,11,6,1,30-40,27.733333333333334,4.0,1.0,0.25,149,98,7367.392499999999,0.18,0.25,0.0,0.0,0.0,0,0,0.0,0.0,0,0,0.0,0.0,0,0,0.0,29469.569999999996,4,1,0.25,1
LGS2ORD0041285,C012244,2025-11-23 23:00:00,Female,34,Silver,TV,Bangkok,1043,Shopee,COD,23,11,6,1,30-40,34.766666666666666,4.0,1.0,0.25,86,23,7062.822499999999,0.25,0.5,0.25,0.0,0.0,0,0,0.0,4004.35,1,0,0.0,4004.35,1,0,0.0,28251.289999999997,4,1,0.25,0
LGS2ORD0041286,C014043,2025-11-23 23:00:00,Female,40,Silver,Shopee,Chonburi,1769,Lazada,COD,23,11,6,1,30-40,58.96666666666667,5.0,3.0,0.6,84,95,6085.894,0.3,0.4,0.8,0.0,0.0,0,0,0.0,0.0,0,0,0.0,0.0,0,0,0.0,30429.47,5,3,0.6,1
LGS2ORD0041287,C017028,2025-11-23 23:00:00,Female,55,Bronze,TV,Khon Kaen,714,Shopee,COD,23,11,6,1,>50,23.8,7.0,0.0,0.0,-1,83,3546.2685714285717,0.28,0.14285714285714285,0.42857142857142855,0.0,0.0,0,0,0.0,0.0,0,0,0.0,11054.25,2,0,0.0,24823.88,7,0,0.0,0
LGS2ORD0041288,C014735,2025-11-23 23:00:00,Male,53,Bronze,Shopee,Songkhla,786,Web,COD,23,11,6,1,>50,26.2,3.0,3.0,1.0,165,171,13293.786666666667,0.18,1.0,0.0,0.0,0.0,0,0,0.0,0.0,0,0,0.0,0.0,0,0,0.0,39881.36,3,3,1.0,1
LGS2ORD0041289,C011832,2025-11-23 23:00:00,Female,33,Silver,CallCenter,Songkhla,1436,Shopee,Bank_Transfer,23,11,6,1,30-40,47.86666666666667,5.0,4.0,0.8,39,47,2316.766,0.25,1.0,0.2,0.0,0.0,0,0,0.0,0.0,0,0,0.0,1267.25,1,1,1.0,11583.83,5,4,0.8,0
LGS2ORD0041290,C017379,2025-11-24 00:00:00,Male,51,Bronze,TV,Bangkok,1513,TV_Show,COD,0,11,0,0,>50,50.43333333333333,6.0,1.0,0.16666666666666666,54,61,3776.1866666666665,0.28,0.8333333333333334,0.6666666666666666,0.0,0.0,0,0,0.0,0.0,0,0,0.0,8384.72,1,1,1.0,22657.12,6,1,0.16666666666666666,1
LGS2ORD0041291,C014667,2025-11-24 00:00:00,Female,58,Silver,Shopee,Songkhla,857,Web,COD,0,11,0,0,>50,28.566666666666666,13.0,9.0,0.6923076923076923,2,19,4681.545384615385,0.3,0.8461538461538461,0.23076923076923078,0.0,0.0,0,0,0.0,774.9,1,1,1.0,17959.510000000002,4,2,0.5,60860.090000000004,13,9,0.6923076923076923,1
LGS2ORD0041292,C013379,2025-11-24 00:00:00,Female,53,Silver,Web,Bangkok,700,TV_Show,COD,0,11,0,0,>50,23.333333333333332,3.0,1.0,0.3333333333333333,296,57,3206.9366666666665,0.1,0.3333333333333333,0.0,0.0,0.0,0,0,0.0,0.0,0,0,0.0,3422.62,1,0,0.0,9620.81,3,1,0.3333333333333333,1
LGS2ORD0041293,C011693,2025-11-24 00:00:00,Male,47,Silver,Web,Chiang Mai,736,TV_Show,COD,0,11,0,0,40-50,24.533333333333335,2.0,0.0,0.0,-1,243,2644.84,0.25,0.5,0.5,0.0,0.0,0,0,0.0,0.0,0,0,0.0,0.0,0,0,0.0,5289.68,2,0,0.0,0
LGS2ORD0041294,C011536,2025-11-24 00:00:00,Male,34,Bronze,Lazada,Bangkok,1585,TV_Show,COD,0,11,0,0,30-40,52.833333333333336,8.0,1.0,0.125,280,33,5760.28375,0.23,0.375,0.125,0.0,0.0,0,0,0.0,0.0,0,0,0.0,31881.61,6,0,0.0,46082.27,8,1,0.125,0
LGS2ORD0041295,C014128,2025-11-24 00:00:00,Male,40,Platinum,CallCenter,Remote_Area,1333,TV_Show,Credit_Card,0,11,0,0,30-40,44.43333333333333,4.0,1.0,0.25,1,6,3906.8125,0.15,0.0,0.0,0.0,7486.8,1,1,1.0,7486.8,1,1,1.0,10675.62,3,1,0.3333333333333333,15627.25,4,1,0.25,0
LGS2ORD0041296,C015816,2025-11-24 01:00:00,Female,32,Gold,Shopee,Phuket,1478,Web,Credit_Card,1,11,0,0,30-40,49.266666666666666,2.0,1.0,0.5,12,14,6835.215,0.13,0.0,0.0,0.0,0.0,0,0,0.0,10806.77,1,1,1.0,13670.43,2,1,0.5,13670.43,2,1,0.5,0
LGS2ORD0041297,C013267,2025-11-24 01:00:00,Female,34,Silver,Shopee,Remote_Area,572,CallCenter,COD,1,11,0,0,30-40,19.066666666666666,10.0,3.0,0.3,81,30,5769.622,0.25,0.8,0.2,0.0,0.0,0,0,0.0,697.28,1,0,0.0,1419.85,2,1,0.5,57696.22,10,3,0.3,1
LGS2ORD0041298,C013801,2025-11-24 01:00:00,Female,44,Bronze,Lazada,Bangkok,1183,Lazada,Credit_Card,1,11,0,0,40-50,39.43333333333333,2.0,0.0,0.0,-1,54,7649.42,0.03,0.5,0.0,0.0,0.0,0,0,0.0,0.0,0,0,0.0,8188.78,1,0,0.0,15298.84,2,0,0.0,0
LGS2ORD0041299,C013960,2025-11-24 01:00:00,Male,40,Gold,Shopee,Chonburi,1247,Web,COD,1,11,0,0,30-40,41.56666666666667,1.0,0.0,0.0,-1,196,1422.06,0.18,0.0,0.0,0.0,0.0,0,0,0.0,0.0,0,0,0.0,0.0,0,0,0.0,1422.06,1,0,0.0,0
LGS2ORD0041300,C016776,2025-11-24 01:00:00,Female,20,Gold,Lazada,Nakhon Ratchasima,988,Shopee,PromptPay,1,11,0,0,<20,32.93333333333333,5.0,1.0,0.2,207,47,9841.478,0.28,0.4,0.4,0.0,0.0,0,0,0.0,0.0,0,0,0.0,26185.49,1,0,0.0,49207.39,5,1,0.2,0
LGS2ORD0041301,C017727,2025-11-24 02:00:00,Other,68,Bronze,CallCenter,Bangkok,1164,Web,COD,2,11,0,0,>50,38.8,3.0,1.0,0.3333333333333333,235,82,2223.6966666666667,0.28,1.0,0.6666666666666666,0.0,0.0,0,0,0.0,0.0,0,0,0.0,4376.78,1,0,0.0,6671.09,3,1,0.3333333333333333,0
LGS2ORD0041302,C012752,2025-11-24 02:00:00,Male,71,Bronze,TV,Nakhon Ratchasima,1378,Web,COD,2,11,0,0,>50,45.93333333333333,6.0,1.0,0.16666666666666666,242,56,6321.66,0.18,0.6666666666666666,0.0,0.0,0.0,0,0,0.0,0.0,0,0,0.0,23838.14,3,0,0.0,37929.96,6,1,0.16666666666666666,0
LGS2ORD0041303,C017935,2025-11-24 02:00:00,Female,54,Bronze,Web,Phuket,1137,TV_Show,COD,2,11,0,0,>50,37.9,9.0,4.0,0.4444444444444444,48,2,4984.125555555555,0.23,0.7777777777777778,0.1111111111111111,0.0,7456.71,1,0,0.0,11099.65,2,0,0.0,25749.039999999997,4,1,0.25,44857.13,9,4,0.4444444444444444,1
LGS2ORD0041304,C014522,2025-11-24 02:00:00,Female,51,Silver,Lazada,Nakhon Ratchasima,769,TV_Show,COD,2,11,0,0,>50,25.633333333333333,1.0,0.0,0.0,-1,139,12899.62,0.05,1.0,0.0,0.0,0.0,0,0,0.0,0.0,0,0,0.0,0.0,0,0,0.0,12899.62,1,0,0.0,1
LGS2ORD0041305,C015245,2025-11-24 02:00:00,Male,42,Gold,TV,Songkhla,1212,CallCenter,Credit_Card,2,11,0,0,40-50,40.4,6.0,2.0,0.3333333333333333,99,102,5722.028333333335,0.2299999999999999,0.3333333333333333,0.16666666666666666,0.0,0.0,0,0,0.0,0.0,0,0,0.0,0.0,0,0,0.0,34332.170000000006,6,2,0.3333333333333333,0
LGS2ORD0041306,C012677,2025-11-24 03:00:00,Female,20,Bronze,Shopee,Songkhla,1418,TV_Show,COD,3,11,0,0,<20,47.266666666666666,7.0,1.0,0.14285714285714285,26,31,3703.191428571429,0.28,0.7142857142857143,0.14285714285714285,0.0,0.0,0,0,0.0,0.0,0,0,0.0,6280.17,2,1,0.5,25922.34,7,1,0.14285714285714285,0
LGS2ORD0041307,C011616,2025-11-24 03:00:00,Male,57,Silver,Shopee,Remote_Area,664,TV_Show,PromptPay,3,11,0,0,>50,22.133333333333333,6.0,1.0,0.16666666666666666,74,22,2037.3633333333335,0.25,1.0,0.5,0.0,0.0,0,0,0.0,1956.27,1,0,0.0,5806.48,3,1,0.3333333333333333,12224.18,6,1,0.16666666666666666,0
LGS2ORD0041308,C011128,2025-11-24 03:00:00,Female,59,Gold,Lazada,Bangkok,1040,Shopee,Credit_Card,3,11,0,0,>50,34.666666666666664,9.0,3.0,0.3333333333333333,50,36,3805.1577777777775,0.28,0.6666666666666666,0.4444444444444444,0.0,0.0,0,0,0.0,0.0,0,0,0.0,6686.9,2,1,0.5,34246.42,9,3,0.3333333333333333,0
LGS2ORD0041309,C016090,2025-11-24 03:00:00,Female,48,Silver,Shopee,Chonburi,655,CallCenter,Credit_Card,3,11,0,0,40-50,21.833333333333332,6.0,2.0,0.3333333333333333,9,17,5326.483333333334,0.25,0.3333333333333333,0.16666666666666666,0.0,0.0,0,0,0.0,18647.65,2,2,1.0,28460.45,4,2,0.5,31958.9,6,2,0.3333333333333333,0
LGS2ORD0041310,C015803,2025-11-24 03:00:00,Male,39,Gold,Shopee,Bangkok,1572,Lazada,COD,3,11,0,0,30-40,52.4,8.0,1.0,0.125,98,14,4116.575,0.28,0.5,0.375,0.0,0.0,0,0,0.0,1469.93,1,0,0.0,9969.03,3,0,0.0,32932.6,8,1,0.125,0
LGS2ORD0041311,C015599,2025-11-24 04:00:00,Male,36,Bronze,Shopee,Bangkok,1713,Web,COD,4,11,0,0,30-40,57.1,9.0,2.0,0.2222222222222222,191,9,4084.0499999999997,0.28,0.5555555555555556,0.4444444444444444,0.0,0.0,0,0,0.0,8696.89,1,0,0.0,8696.89,1,0,0.0,36756.45,9,2,0.2222222222222222,0
LGS2ORD0041312,C013860,2025-11-24 04:00:00,Female,30,Gold,Shopee,Bangkok,1418,Shopee,PromptPay,4,11,0,0,20-30,47.266666666666666,5.0,1.0,0.2,161,121,3065.67,0.33,0.4,0.6,0.0,0.0,0,0,0.0,0.0,0,0,0.0,0.0,0,0,0.0,15328.35,5,1,0.2,0
LGS2ORD0041313,C011507,2025-11-24 04:00:00,Male,35,Gold,Lazada,Bangkok,630,TV_Show,COD,4,11,0,0,30-40,21.0,7.0,0.0,0.0,-1,73,3415.8771428571426,0.2299999999999999,0.7142857142857143,0.14285714285714285,0.0,0.0,0,0,0.0,0.0,0,0,0.0,4545.35,1,0,0.0,23911.14,7,0,0.0,0
LGS2ORD0041314,C011054,2025-11-24 04:00:00,Male,47,Silver,Web,Bangkok,992,TV_Show,COD,4,11,0,0,40-50,33.06666666666667,2.0,0.0,0.0,-1,36,10016.555,0.2,1.0,0.0,0.0,0.0,0,0,0.0,0.0,0,0,0.0,20033.11,2,0,0.0,20033.11,2,0,0.0,0
LGS2ORD0041315,C012941,2025-11-24 04:00:00,Female,56,Silver,Shopee,Bangkok,727,Lazada,Bank_Transfer,4,11,0,0,>50,24.233333333333334,4.0,0.0,0.0,-1,150,2101.26,0.3,0.0,0.75,0.0,0.0,0,0,0.0,0.0,0,0,0.0,0.0,0,0,0.0,8405.04,4,0,0.0,0
LGS2ORD0041316,C014326,2025-11-24 04:00:00,Female,39,Bronze,TV,Phuket,1624,Web,COD,4,11,0,0,30-40,54.13333333333333,3.0,1.0,0.3333333333333333,97,68,5270.933333333333,0.18,0.6666666666666666,0.0,0.0,0.0,0,0,0.0,0.0,0,0,0.0,1115.04,1,0,0.0,15812.8,3,1,0.3333333333333333,1
LGS2ORD0041317,C016117,2025-11-24 05:00:00,Female,55,Bronze,TV,Nakhon Ratchasima,1326,CallCenter,Credit_Card,5,11,0,0,>50,44.2,7.0,4.0,0.5714285714285714,116,88,4828.111428571429,0.23,0.5714285714285714,0.2857142857142857,0.0,0.0,0,0,0.0,0.0,0,0,0.0,192.58,1,0,0.0,33796.780000000006,7,4,0.5714285714285714,1
LGS2ORD0041318,C010641,2025-11-24 05:00:00,Male,18,Bronze,Shopee,Chiang Mai,726,Lazada,COD,5,11,0,0,<20,24.2,3.0,0.0,0.0,-1,58,8485.42,0.28,0.3333333333333333,0.6666666666666666,0.0,0.0,0,0,0.0,0.0,0,0,0.0,15392.42,1,0,0.0,25456.260000000002,3,0,0.0,0
LGS2ORD0041319,C013718,2025-11-24 05:00:00,Female,50,Silver,Lazada,Chiang Mai,1616,Web,Credit_Card,5,11,0,0,40-50,53.86666666666667,1.0,0.0,0.0,-1,110,860.65,0.2,0.0,0.0,0.0,0.0,0,0,0.0,0.0,0,0,0.0,0.0,0,0,0.0,860.65,1,0,0.0,1
LGS2ORD0041320,C011026,2025-11-24 05:00:00,Male,31,Bronze,Web,Bangkok,1230,Lazada,COD,5,11,0,0,30-40,41.0,9.0,1.0,0.1111111111111111,95,27,5944.042222222222,0.18,0.6666666666666666,0.0,0.0,0.0,0,0,0.0,1522.72,1,0,0.0,1522.72,1,0,0.0,53496.38,9,1,0.1111111111111111,0
LGS2ORD0041321,C011936,2025-11-24 05:00:00,Male,58,Bronze,Web,Chiang Mai,1080,Web,COD,5,11,0,0,>50,36.0,7.0,1.0,0.14285714285714285,60,70,5367.147142857143,0.28,0.42857142857142855,0.14285714285714285,0.0,0.0,0,0,0.0,0.0,0,0,0.0,1095.4,1,1,1.0,37570.03,7,1,0.14285714285714285,0
LGS2ORD0041322,C012189,2025-11-24 06:00:00,Female,40,Silver,Lazada,Chiang Mai,873,Web,PromptPay,6,11,0,0,30-40,29.1,3.0,1.0,0.3333333333333333,150,91,1817.6833333333334,0.3,1.0,1.0,0.0,0.0,0,0,0.0,0.0,0,0,0.0,0.0,0,0,0.0,5453.05,3,1,0.3333333333333333,0
LGS2ORD0041323,C015300,2025-11-24 06:00:00,Female,39,Silver,Web,Chonburi,1732,CallCenter,COD,6,11,0,0,30-40,57.733333333333334,4.0,0.0,0.0,-1,56,3917.2675,0.3,0.25,0.5,0.0,0.0,0,0,0.0,0.0,0,0,0.0,1487.9,1,0,0.0,15669.07,4,0,0.0,0
LGS2ORD0041324,C016900,2025-11-24 06:00:00,Female,45,Bronze,Lazada,Remote_Area,1434,Web,PromptPay,6,11,0,0,40-50,47.8,6.0,2.0,0.3333333333333333,256,64,3574.786666666667,0.28,0.5,0.5,0.0,0.0,0,0,0.0,0.0,0,0,0.0,4546.77,1,0,0.0,21448.72,6,2,0.3333333333333333,0
LGS2ORD0041325,C010632,2025-11-24 06:00:00,Female,66,Bronze,TV,Remote_Area,1233,Web,COD,6,11,0,0,>50,41.1,8.0,2.0,0.25,18,21,6570.610000000001,0.28,0.625,0.25,0.0,0.0,0,0,0.0,3918.02,1,1,1.0,38280.76,4,2,0.5,52564.880000000005,8,2,0.25,1
LGS2ORD0041326,C016577,2025-11-24 06:00:00,Female,33,Silver,Web,Khon Kaen,1490,Lazada,PromptPay,6,11,0,0,30-40,49.666666666666664,8.0,0.0,0.0,-1,13,6403.22625,0.25,0.5,0.125,0.0,0.0,0,0,0.0,16558.43,1,0,0.0,16558.43,1,0,0.0,51225.81,8,0,0.0,0
LGS2ORD0041327,C016671,2025-11-24 07:00:00,Female,43,Bronze,Shopee,Phuket,1543,Web,Bank_Transfer,7,11,0,0,40-50,51.43333333333333,2.0,0.0,0.0,-1,17,5670.570000000001,0.08,0.0,0.0,0.0,0.0,0,0,0.0,1916.77,1,0,0.0,1916.77,1,0,0.0,11341.140000000001,2,0,0.0,0
LGS2ORD0041328,C013005,2025-11-24 07:00:00,Female,39,Gold,Lazada,Chiang Mai,960,Shopee,Bank_Transfer,7,11,0,0,30-40,32.0,8.0,0.0,0.0,-1,41,4330.5225,0.28,0.375,0.625,0.0,0.0,0,0,0.0,0.0,0,0,0.0,3765.23,2,0,0.0,34644.18,8,0,0.0,0
LGS2ORD0041329,C015681,2025-11-24 07:00:00,Female,33,Silver,Lazada,Chonburi,1689,TV_Show,COD,7,11,0,0,30-40,56.3,2.0,0.0,0.0,-1,102,2103.4750000000004,0.15,1.0,0.0,0.0,0.0,0,0,0.0,0.0,0,0,0.0,0.0,0,0,0.0,4206.950000000001,2,0,0.0,0
LGS2ORD0041330,C015085,2025-11-24 07:00:00,Female,39,Bronze,Shopee,Remote_Area,1409,TV_Show,Bank_Transfer,7,11,0,0,30-40,46.96666666666667,10.0,3.0,0.3,14,29,5490.414,0.28,0.6,0.2,0.0,0.0,0,0,0.0,7299.65,1,1,1.0,12650.99,3,1,0.3333333333333333,54904.14,10,3,0.3,0
LGS2ORD0041331,C017410,2025-11-24 07:00:00,Female,30,Gold,Lazada,Bangkok,391,Shopee,Credit_Card,7,11,0,0,20-30,13.033333333333333,7.0,2.0,0.2857142857142857,133,20,2945.2614285714285,0.33,0.42857142857142855,0.14285714285714285,0.0,0.0,0,0,0.0,2884.19,1,0,0.0,4492.35,2,0,0.0,20616.829999999998,7,2,0.2857142857142857,0
LGS2ORD0041332,C011538,2025-11-24 08:00:00,Female,55,Bronze,TV,Phuket,597,CallCenter,COD,8,11,0,0,>50,19.9,11.0,5.0,0.45454545454545453,27,35,5139.29,0.28,0.5454545454545454,0.18181818181818182,0.0,0.0,0,0,0.0,0.0,0,0,0.0,9378.49,3,2,0.6666666666666666,56532.189999999995,11,5,0.45454545454545453,1
LGS2ORD0041333,C010197,2025-11-24 08:00:00,Male,57,Silver,TV,Khon Kaen,959,Web,COD,8,11,0,0,>50,31.966666666666665,7.0,1.0,0.14285714285714285,7,13,3960.4871428571428,0.3,0.7142857142857143,0.42857142857142855,0.0,0.0,0,0,0.0,17308.95,2,1,0.5,19285.0,3,1,0.3333333333333333,27723.41,7,1,0.14285714285714285,0
LGS2ORD0041334,C011626,2025-11-24 08:00:00,Male,36,Bronze,Web,Songkhla,1305,Web,Credit_Card,8,11,0,0,30-40,43.5,4.0,3.0,0.75,57,57,4758.969999999999,0.18,0.5,0.0,0.0,0.0,0,0,0.0,0.0,0,0,0.0,8419.74,2,1,0.5,19035.879999999997,4,3,0.75,0
LGS2ORD0041335,C010735,2025-11-24 08:00:00,Female,34,Bronze,Web,Bangkok,849,Shopee,Credit_Card,8,11,0,0,30-40,28.3,6.0,1.0,0.16666666666666666,251,50,1504.7466666666667,0.28,0.3333333333333333,0.3333333333333333,0.0,0.0,0,0,0.0,0.0,0,0,0.0,3968.96,1,0,0.0,9028.48,6,1,0.16666666666666666,0
LGS2ORD0041336,C017062,2025-11-24 08:00:00,Female,18,Gold,CallCenter,Nakhon Ratchasima,1307,TV_Show,Bank_Transfer,8,11,0,0,<20,43.56666666666667,4.0,0.0,0.0,-1,13,10327.727499999999,0.2299999999999999,0.5,0.25,0.0,0.0,0,0,0.0,2420.03,1,0,0.0,38872.31,2,0,0.0,41310.909999999996,4,0,0.0,0
LGS2ORD0041337,C013021,2025-11-24 08:00:00,Male,65,Gold,TV,Khon Kaen,1426,CallCenter,COD,8,11,0,0,>50,47.53333333333333,9.0,0.0,0.0,-1,12,6658.567777777777,0.33,0.5555555555555556,0.5555555555555556,0.0,0.0,0,0,0.0,11417.0,2,0,0.0,18264.62,3,0,0.0,59927.10999999999,9,0,0.0,0
LGS2ORD0041338,C010765,2025-11-24 09:00:00,Female,42,Gold,Web,Bangkok,891,Shopee,COD,9,11,0,0,40-50,29.7,3.0,0.0,0.0,-1,32,2826.056666666667,0.33,0.3333333333333333,0.6666666666666666,0.0,0.0,0,0,0.0,0.0,0,0,0.0,3899.54,1,0,0.0,8478.17,3,0,0.0,0
LGS2ORD0041339,C012285,2025-11-24 09:00:00,Female,49,Bronze,Lazada,Nakhon Ratchasima,812,Lazada,COD,9,11,0,0,40-50,27.066666666666666,3.0,1.0,0.3333333333333333,192,177,9646.800000000001,0.23,0.3333333333333333,0.3333333333333333,0.0,0.0,0,0,0.0,0.0,0,0,0.0,0.0,0,0,0.0,28940.4,3,1,0.3333333333333333,1
LGS2ORD0041340,C017097,2025-11-24 09:00:00,Male,42,Silver,Shopee,Chiang Mai,563,Lazada,Bank_Transfer,9,11,0,0,40-50,18.766666666666666,11.0,1.0,0.09090909090909091,317,98,5328.954545454545,0.3,0.7272727272727273,0.36363636363636365,0.09090909090909091,0.0,0,0,0.0,0.0,0,0,0.0,0.0,0,0,0.0,58618.5,11,1,0.09090909090909091,0
LGS2ORD0041341,C011400,2025-11-24 09:00:00,Male,56,Bronze,TV,Khon Kaen,549,CallCenter,PromptPay,9,11,0,0,>50,18.3,3.0,0.0,0.0,-1,19,4737.31,0.08,0.3333333333333333,0.0,0.0,0.0,0,0,0.0,12824.4,1,0,0.0,12824.4,1,0,0.0,14211.93,3,0,0.0,0
LGS2ORD0041342,C015078,2025-11-24 09:00:00,Male,32,Bronze,Shopee,Khon Kaen,599,Shopee,COD,9,11,0,0,30-40,19.966666666666665,4.0,2.0,0.5,166,33,10567.1925,0.23,0.5,0.5,0.0,0.0,0,0,0.0,0.0,0,0,0.0,1030.99,1,0,0.0,42268.77,4,2,0.5,0
LGS2ORD0041343,C015376,2025-11-24 10:00:00,Female,56,Silver,Shopee,Bangkok,979,Web,COD,10,11,0,0,>50,32.63333333333333,6.0,2.0,0.3333333333333333,141,41,4877.668333333334,0.3,0.5,0.3333333333333333,0.0,0.0,0,0,0.0,0.0,0,0,0.0,708.43,1,0,0.0,29266.010000000002,6,2,0.3333333333333333,0
LGS2ORD0041344,C012867,2025-11-24 10:00:00,Other,30,Silver,Shopee,Songkhla,1546,Web,COD,10,11,0,0,20-30,51.53333333333333,4.0,1.0,0.25,175,91,3497.4125000000004,0.3,0.75,0.25,0.0,0.0,0,0,0.0,0.0,0,0,0.0,0.0,0,0,0.0,13989.650000000001,4,1,0.25,1
LGS2ORD0041345,C010381,2025-11-24 10:00:00,Female,28,Silver,CallCenter,Chonburi,994,Lazada,COD,10,11,0,0,20-30,33.13333333333333,7.0,1.0,0.14285714285714285,205,126,4740.7871428571425,0.3,0.42857142857142855,0.5714285714285714,0.0,0.0,0,0,0.0,0.0,0,0,0.0,0.0,0,0,0.0,33185.509999999995,7,1,0.14285714285714285,0
LGS2ORD0041346,C014792,2025-11-24 10:00:00,Male,43,Gold,Lazada,Bangkok,1367,TV_Show,COD,10,11,0,0,40-50,45.56666666666667,7.0,0.0,0.0,-1,1,6004.685714285713,0.33,0.42857142857142855,0.14285714285714285,0.0,8565.04,1,0,0.0,8565.04,1,0,0.0,8565.04,1,0,0.0,42032.799999999996,7,0,0.0,0
LGS2ORD0041347,C015492,2025-11-24 10:00:00,Male,67,Bronze,Shopee,Bangkok,1140,Web,COD,10,11,0,0,>50,38.0,6.0,2.0,0.3333333333333333,83,77,10785.56,0.28,0.3333333333333333,0.5,0.0,0.0,0,0,0.0,0.0,0,0,0.0,9849.28,2,1,0.5,64713.36,6,2,0.3333333333333333,0
LGS2ORD0041348,C016330,2025-11-24 11:00:00,Female,23,Bronze,Shopee,Remote_Area,1216,Web,Bank_Transfer,11,11,0,0,20-30,40.53333333333333,3.0,2.0,0.6666666666666666,102,91,6172.426666666666,0.23,0.3333333333333333,0.3333333333333333,0.0,0.0,0,0,0.0,0.0,0,0,0.0,0.0,0,0,0.0,18517.28,3,2,0.6666666666666666,1
LGS2ORD0041349,C011334,2025-11-24 11:00:00,Female,52,Gold,Web,Songkhla,1454,Lazada,COD,11,11,0,0,>50,48.46666666666667,1.0,1.0,1.0,52,67,1481.18,0.2299999999999999,1.0,1.0,0.0,0.0,0,0,0.0,0.0,0,0,0.0,1481.18,1,1,1.0,1481.18,1,1,1.0,1
LGS2ORD0041350,C013565,2025-11-24 11:00:00,Male,32,Bronze,Web,Bangkok,1409,CallCenter,COD,11,11,0,0,30-40,46.96666666666667,5.0,0.0,0.0,-1,4,4855.11,0.28,0.6,0.6,0.0,2918.2,1,0,0.0,2918.2,1,0,0.0,2918.2,1,0,0.0,24275.55,5,0,0.0,0
LGS2ORD0041351,C011005,2025-11-24 11:00:00,Male,30,Bronze,Web,Nakhon Ratchasima,1782,CallCenter,Credit_Card,11,11,0,0,20-30,59.4,5.0,2.0,0.4,293,68,3651.404,0.23,0.8,0.2,0.0,0.0,0,0,0.0,0.0,0,0,0.0,3763.55,1,0,0.0,18257.02,5,2,0.4,0
LGS2ORD0041352,C014999,2025-11-24 11:00:00,Female,49,Bronze,TV,Bangkok,1213,Shopee,Credit_Card,11,11,0,0,40-50,40.43333333333333,5.0,1.0,0.2,106,25,3752.19,0.23,0.6,0.4,0.0,0.0,0,0,0.0,3328.62,1,0,0.0,3328.62,1,0,0.0,18760.95,5,1,0.2,1
LGS2ORD0041353,C015680,2025-11-24 12:00:00,Male,66,Bronze,Shopee,Remote_Area,1341,Shopee,COD,12,11,0,0,>50,44.7,10.0,2.0,0.2,91,6,6233.161999999999,0.28,0.7,0.4,0.0,1765.47,1,0,0.0,24940.45,2,0,0.0,26336.63,3,0,0.0,62331.619999999995,10,2,0.2,0
LGS2ORD0041354,C014329,2025-11-24 12:00:00,Female,40,Bronze,Web,Songkhla,760,Shopee,COD,12,11,0,0,30-40,25.333333333333332,2.0,1.0,0.5,20,29,5999.385,0.23,0.5,0.5,0.0,0.0,0,0,0.0,2256.28,1,1,1.0,2256.28,1,1,1.0,11998.77,2,1,0.5,1
LGS2ORD0041355,C011869,2025-11-24 12:00:00,Male,49,Platinum,Web,Bangkok,1688,CallCenter,COD,12,11,0,0,40-50,56.266666666666666,3.0,1.0,0.3333333333333333,134,149,3105.0433333333335,0.25,1.0,0.3333333333333333,0.0,0.0,0,0,0.0,0.0,0,0,0.0,0.0,0,0,0.0,9315.130000000001,3,1,0.3333333333333333,1
LGS2ORD0041356,C015299,2025-11-24 12:00:00,Male,41,Bronze,CallCenter,Bangkok,1782,Lazada,COD,12,11,0,0,40-50,59.4,9.0,0.0,0.0,-1,16,7189.515555555556,0.28,0.6666666666666666,0.4444444444444444,0.0,0.0,0,0,0.0,12272.0,2,0,0.0,46017.770000000004,4,0,0.0,64705.64,9,0,0.0,0
LGS2ORD0041357,C012098,2025-11-24 12:00:00,Female,27,Gold,CallCenter,Chiang Mai,994,Lazada,Bank_Transfer,12,11,0,0,20-30,33.13333333333333,6.0,1.0,0.16666666666666666,26,2,5217.208333333333,0.28,0.6666666666666666,0.16666666666666666,0.0,3072.61,1,0,0.0,6454.030000000001,2,0,0.0,16378.130000000001,4,1,0.25,31303.25,6,1,0.16666666666666666,0
LGS2ORD0041358,C012278,2025-11-24 12:00:00,Male,31,Bronze,Shopee,Remote_Area,1352,Shopee,COD,12,11,0,0,30-40,45.06666666666667,7.0,3.0,0.42857142857142855,92,21,4459.938571428572,0.28,0.2857142857142857,0.42857142857142855,0.0,0.0,0,0,0.0,1087.33,1,0,0.0,9037.779999999999,3,0,0.0,31219.57,7,3,0.42857142857142855,1
LGS2ORD0041359,C017766,2025-11-24 13:00:00,Male,42,Bronze,TV,Chiang Mai,1005,TV_Show,COD,13,11,0,0,40-50,33.5,7.0,2.0,0.2857142857142857,23,1,7299.734285714286,0.28,0.5714285714285714,0.42857142857142855,0.0,7578.34,1,0,0.0,21096.21,2,1,0.5,22638.75,3,1,0.3333333333333333,51098.14,7,2,0.2857142857142857,1
LGS2ORD0041360,C012769,2025-11-24 13:00:00,Male,57,Bronze,TV,Remote_Area,1635,Web,COD,13,11,0,0,>50,54.5,7.0,5.0,0.7142857142857143,29,41,11387.214285714286,0.28,1.0,0.2857142857142857,0.0,0.0,0,0,0.0,0.0,0,0,0.0,38822.17,3,2,0.6666666666666666,79710.5,7,5,0.7142857142857143,0
LGS2ORD0041361,C011997,2025-11-24 13:00:00,Male,50,Silver,TV,Khon Kaen,1089,TV_Show,Credit_Card,13,11,0,0,40-50,36.3,7.0,3.0,0.42857142857142855,179,107,4878.194285714286,0.3,0.7142857142857143,0.2857142857142857,0.0,0.0,0,0,0.0,0.0,0,0,0.0,0.0,0,0,0.0,34147.36,7,3,0.42857142857142855,0
LGS2ORD0041362,C013309,2025-11-24 13:00:00,Male,47,Silver,TV,Songkhla,508,Shopee,Credit_Card,13,11,0,0,40-50,16.933333333333334,5.0,0.0,0.0,-1,48,4176.446,0.25,0.2,0.2,0.0,0.0,0,0,0.0,0.0,0,0,0.0,1820.46,1,0,0.0,20882.23,5,0,0.0,1
LGS2ORD0041363,C011000,2025-11-24 13:00:00,Female,31,Bronze,Shopee,Bangkok,547,Shopee,COD,13,11,0,0,30-40,18.233333333333334,14.0,5.0,0.35714285714285715,37,48,5541.062857142859,0.28,0.7142857142857143,0.42857142857142855,0.0,0.0,0,0,0.0,0.0,0,0,0.0,5766.29,1,1,1.0,77574.88000000002,14,5,0.35714285714285715,0
LGS2ORD0041364,C015779,2025-11-24 14:00:00,Male,44,Bronze,Lazada,Bangkok,972,Shopee,PromptPay,14,11,0,0,40-50,32.4,4.0,0.0,0.0,-1,4,3020.3175,0.23,0.25,0.5,0.0,7229.65,1,0,0.0,7229.65,1,0,0.0,7229.65,1,0,0.0,12081.27,4,0,0.0,0
LGS2ORD0041365,C015788,2025-11-24 14:00:00,Female,36,Bronze,Shopee,Phuket,937,TV_Show,COD,14,11,0,0,30-40,31.233333333333334,4.0,2.0,0.5,80,89,6902.085000000001,0.28,0.5,0.25,0.0,0.0,0,0,0.0,0.0,0,0,0.0,938.29,1,1,1.0,27608.340000000004,4,2,0.5,0
LGS2ORD0041366,C011479,2025-11-24 14:00:00,Male,43,Bronze,Shopee,Songkhla,557,TV_Show,COD,14,11,0,0,40-50,18.566666666666666,7.0,5.0,0.7142857142857143,29,20,8536.387142857142,0.23,0.5714285714285714,0.2857142857142857,0.0,0.0,0,0,0.0,4210.55,1,0,0.0,10870.89,3,2,0.6666666666666666,59754.71,7,5,0.7142857142857143,0
LGS2ORD0041367,C015984,2025-11-24 14:00:00,Male,50,Silver,Shopee,Bangkok,1733,Lazada,Bank_Transfer,14,11,0,0,40-50,57.766666666666666,6.0,2.0,0.3333333333333333,213,113,3388.5699999999997,0.3,0.5,0.3333333333333333,0.0,0.0,0,0,0.0,0.0,0,0,0.0,0.0,0,0,0.0,20331.42,6,2,0.3333333333333333,0
LGS2ORD0041368,C011096,2025-11-24 14:00:00,Female,45,Bronze,TV,Chiang Mai,374,Lazada,COD,14,11,0,0,40-50,12.466666666666667,3.0,0.0,0.0,-1,42,2687.353333333333,0.28,0.3333333333333333,0.6666666666666666,0.0,0.0,0,0,0.0,0.0,0,0,0.0,5102.4,1,0,0.0,8062.0599999999995,3,0,0.0,1
LGS2ORD0041369,C014037,2025-11-24 15:00:00,Other,51,Gold,Web,Remote_Area,342,Shopee,Bank_Transfer,15,11,0,0,>50,11.4,3.0,3.0,1.0,-15,1,1999.013333333333,0.28,1.0,0.6666666666666666,0.0,502.32,1,1,1.0,502.32,1,1,1.0,502.32,1,1,1.0,5997.039999999999,3,3,1.0,0
LGS2ORD0041370,C016718,2025-11-24 15:00:00,Male,72,Silver,Lazada,Songkhla,1644,Lazada,Credit_Card,15,11,0,0,>50,54.8,8.0,1.0,0.125,176,46,4920.41375,0.25,0.625,0.125,0.0,0.0,0,0,0.0,0.0,0,0,0.0,14111.59,2,0,0.0,39363.31,8,1,0.125,1
LGS2ORD0041371,C016786,2025-11-24 15:00:00,Female,24,Silver,Shopee,Bangkok,632,Lazada,Credit_Card,15,11,0,0,20-30,21.066666666666666,4.0,1.0,0.25,95,101,9062.307499999999,0.3,0.5,0.25,0.0,0.0,0,0,0.0,0.0,0,0,0.0,0.0,0,0,0.0,36249.229999999996,4,1,0.25,0
LGS2ORD0041372,C011966,2025-11-24 15:00:00,Female,18,Gold,CallCenter,Chonburi,815,TV_Show,COD,15,11,0,0,<20,27.166666666666668,4.0,1.0,0.25,123,18,3705.5200000000004,0.28,0.75,0.5,0.0,0.0,0,0,0.0,5408.14,1,0,0.0,9317.95,2,0,0.0,14822.080000000002,4,1,0.25,0
LGS2ORD0041373,C017186,2025-11-24 15:00:00,Male,48,Gold,Web,Bangkok,930,Shopee,Credit_Card,15,11,0,0,40-50,31.0,3.0,0.0,0.0,-1,12,13258.163333333332,0.2299999999999999,0.3333333333333333,0.3333333333333333,0.0,0.0,0,0,0.0,5955.85,1,0,0.0,30281.22,2,0,0.0,39774.49,3,0,0.0,0
LGS2ORD0041374,C013614,2025-11-24 16:00:00,Female,24,Silver,Shopee,Nakhon Ratchasima,415,Lazada,Credit_Card,16,11,0,0,20-30,13.833333333333334,2.0,2.0,1.0,72,80,11483.195,0.2,1.0,0.0,0.0,0.0,0,0,0.0,0.0,0,0,0.0,20501.87,1,1,1.0,22966.39,2,2,1.0,0
LGS2ORD0041375,C015827,2025-11-24 16:00:00,Female,32,Bronze,TV,Chiang Mai,956,Web,PromptPay,16,11,0,0,30-40,31.866666666666667,9.0,1.0,0.1111111111111111,43,34,7290.797777777779,0.23,0.4444444444444444,0.1111111111111111,0.0,0.0,0,0,0.0,0.0,0,0,0.0,43878.44,4,1,0.25,65617.18000000001,9,1,0.1111111111111111,0
LGS2ORD0041376,C016989,2025-11-24 16:00:00,Female,55,Platinum,Shopee,Chonburi,810,Shopee,PromptPay,16,11,0,0,>50,27.0,2.0,0.0,0.0,-1,315,1493.1,0.1,0.0,0.0,0.0,0.0,0,0,0.0,0.0,0,0,0.0,0.0,0,0,0.0,2986.2,2,0,0.0,0
LGS2ORD0041377,C016597,2025-11-24 16:00:00,Female,46,Silver,Shopee,Phuket,379,Lazada,COD,16,11,0,0,40-50,12.633333333333333,3.0,1.0,0.3333333333333333,84,92,12859.863333333333,0.2,0.0,0.0,0.0,0.0,0,0,0.0,0.0,0,0,0.0,0.0,0,0,0.0,38579.59,3,1,0.3333333333333333,1
LGS2ORD0041378,C012422,2025-11-24 16:00:00,Female,43,Silver,TV,Chiang Mai,1451,Web,Bank_Transfer,16,11,0,0,40-50,48.36666666666667,7.0,2.0,0.2857142857142857,142,121,7759.195714285714,0.3,1.0,0.42857142857142855,0.0,0.0,0,0,0.0,0.0,0,0,0.0,0.0,0,0,0.0,54314.369999999995,7,2,0.2857142857142857,0
LGS2ORD0041379,C015680,2025-11-24 16:00:00,Male,66,Bronze,Shopee,Remote_Area,1341,Lazada,COD,16,11,0,0,>50,44.7,11.0,2.0,0.18181818181818182,92,0,5686.120909090909,0.28,0.7272727272727273,0.36363636363636365,0.0,1981.18,2,0,0.0,25156.16,3,0,0.0,26552.34,4,0,0.0,62547.329999999994,11,2,0.18181818181818182,1
LGS2ORD0041380,C010100,2025-11-24 17:00:00,Female,30,Silver,Shopee,Songkhla,427,Web,Bank_Transfer,17,11,0,0,20-30,14.233333333333333,6.0,5.0,0.8333333333333334,79,61,5706.776666666668,0.3,0.3333333333333333,0.6666666666666666,0.0,0.0,0,0,0.0,0.0,0,0,0.0,5215.47,1,0,0.0,34240.66,6,5,0.8333333333333334,0
LGS2ORD0041381,C011300,2025-11-24 17:00:00,Female,29,Bronze,TV,Nakhon Ratchasima,1160,Web,COD,17,11,0,0,20-30,38.666666666666664,8.0,1.0,0.125,22,21,4667.52625,0.28,0.375,0.125,0.0,0.0,0,0,0.0,7594.29,1,0,0.0,28370.58,3,1,0.3333333333333333,37340.21,8,1,0.125,1
LGS2ORD0041382,C012397,2025-11-24 17:00:00,Male,49,Bronze,TV,Nakhon Ratchasima,1456,CallCenter,COD,17,11,0,0,40-50,48.53333333333333,7.0,1.0,0.14285714285714285,258,15,5038.558571428571,0.23,0.5714285714285714,0.2857142857142857,0.0,0.0,0,0,0.0,3364.44,2,0,0.0,3364.44,2,0,0.0,35269.909999999996,7,1,0.14285714285714285,0
LGS2ORD0041383,C016811,2025-11-24 17:00:00,Female,38,Gold,Web,Chonburi,1054,Shopee,Bank_Transfer,17,11,0,0,30-40,35.13333333333333,3.0,0.0,0.0,-1,80,11544.223333333333,0.2299999999999999,0.6666666666666666,0.3333333333333333,0.0,0.0,0,0,0.0,0.0,0,0,0.0,8587.81,1,0,0.0,34632.67,3,0,0.0,0
LGS2ORD0041384,C011255,2025-11-24 17:00:00,Male,36,Silver,TV,Nakhon Ratchasima,514,Lazada,COD,17,11,0,0,30-40,17.133333333333333,8.0,1.0,0.125,96,26,14287.23625,0.25,0.25,0.125,0.0,0.0,0,0,0.0,15520.64,1,0,0.0,51743.56,4,0,0.0,114297.89,8,1,0.125,0
LGS2ORD0041385,C012918,2025-11-24 18:00:00,Female,58,Gold,Web,Bangkok,1182,CallCenter,Credit_Card,18,11,0,0,>50,39.4,4.0,2.0,0.5,96,84,8162.26,0.33,0.25,0.25,0.0,0.0,0,0,0.0,0.0,0,0,0.0,1734.96,1,0,0.0,32649.04,4,2,0.5,0
LGS2ORD0041386,C015178,2025-11-24 18:00:00,Female,28,Gold,CallCenter,Songkhla,1408,Web,PromptPay,18,11,0,0,20-30,46.93333333333333,4.0,3.0,0.75,39,47,2899.115,0.28,0.75,1.0,0.0,0.0,0,0,0.0,0.0,0,0,0.0,1415.07,1,1,1.0,11596.46,4,3,0.75,0
LGS2ORD0041387,C013674,2025-11-24 18:00:00,Male,47,Gold,TV,Remote_Area,766,Web,Credit_Card,18,11,0,0,40-50,25.533333333333335,4.0,2.0,0.5,31,42,2898.1175000000003,0.2299999999999999,0.5,0.5,0.0,0.0,0,0,0.0,0.0,0,0,0.0,2450.09,1,1,1.0,11592.470000000001,4,2,0.5,0
LGS2ORD0041388,C014922,2025-11-24 18:00:00,Female,49,Bronze,Shopee,Chiang Mai,746,CallCenter,Bank_Transfer,18,11,0,0,40-50,24.866666666666667,7.0,0.0,0.0,-1,92,7186.327142857143,0.28,0.42857142857142855,0.2857142857142857,0.0,0.0,0,0,0.0,0.0,0,0,0.0,0.0,0,0,0.0,50304.29,7,0,0.0,0
LGS2ORD0041389,C014446,2025-11-24 18:00:00,Female,59,Silver,Web,Nakhon Ratchasima,799,Web,COD,18,11,0,0,>50,26.633333333333333,2.0,0.0,0.0,-1,35,4175.51,0.25,0.5,0.5,0.0,0.0,0,0,0.0,0.0,0,0,0.0,4909.67,1,0,0.0,8351.02,2,0,0.0,0
LGS2ORD0041390,C016089,2025-11-24 19:00:00,Female,40,Silver,TV,Chiang Mai,698,TV_Show,Credit_Card,19,11,0,0,30-40,23.266666666666666,3.0,1.0,0.3333333333333333,221,101,9398.336666666668,0.25,0.3333333333333333,0.3333333333333333,0.0,0.0,0,0,0.0,0.0,0,0,0.0,0.0,0,0,0.0,28195.010000000002,3,1,0.3333333333333333,0
LGS2ORD0041391,C016381,2025-11-24 19:00:00,Male,26,Silver,Web,Songkhla,1064,Lazada,Credit_Card,19,11,0,0,20-30,35.46666666666667,5.0,1.0,0.2,288,19,3411.2120000000004,0.3,0.2,0.6,0.0,0.0,0,0,0.0,5752.97,1,0,0.0,5752.97,1,0,0.0,17056.06,5,1,0.2,0
LGS2ORD0041392,C010008,2025-11-24 19:00:00,Female,51,Platinum,Lazada,Chonburi,910,Lazada,COD,19,11,0,0,>50,30.333333333333332,0.0,0.0,0.0,-1,-1,0.0,0.0,0.0,0.0,0.0,0.0,0,0,0.0,0.0,0,0,0.0,0.0,0,0,0.0,0.0,0,0,0.0,1
LGS2ORD0041393,C010663,2025-11-24 19:00:00,Male,32,Bronze,TV,Songkhla,1324,Lazada,COD,19,11,0,0,30-40,44.13333333333333,12.0,5.0,0.4166666666666667,12,22,2532.9674999999997,0.28,0.5833333333333334,0.5,0.0,0.0,0,0,0.0,338.0,1,1,1.0,338.0,1,1,1.0,30395.609999999997,12,5,0.4166666666666667,0
LGS2ORD0041394,C010028,2025-11-24 19:00:00,Male,32,Bronze,TV,Phuket,1037,Web,COD,19,11,0,0,30-40,34.56666666666667,9.0,5.0,0.5555555555555556,119,130,6960.9222222222215,0.28,0.4444444444444444,0.3333333333333333,0.0,0.0,0,0,0.0,0.0,0,0,0.0,0.0,0,0,0.0,62648.299999999996,9,5,0.5555555555555556,1
LGS2ORD0041395,C015931,2025-11-24 20:00:00,Male,37,Silver,Web,Nakhon Ratchasima,957,Web,Credit_Card,20,11,0,0,30-40,31.9,7.0,0.0,0.0,-1,5,2645.362857142857,0.25,1.0,0.2857142857142857,0.0,1980.13,1,0,0.0,4240.58,2,0,0.0,13979.02,4,0,0.0,18517.54,7,0,0.0,1
LGS2ORD0041396,C010229,2025-11-24 20:00:00,Male,42,Bronze,TV,Nakhon Ratchasima,1069,TV_Show,COD,20,11,0,0,40-50,35.63333333333333,6.0,3.0,0.5,129,27,8061.426666666666,0.28,0.5,0.16666666666666666,0.16666666666666666,0.0,0,0,0.0,10343.48,1,0,0.0,10343.48,1,0,0.0,48368.56,6,3,0.5,1
LGS2ORD0041397,C014762,2025-11-24 20:00:00,Male,42,Bronze,TV,Chiang Mai,681,Shopee,COD,20,11,0,0,40-50,22.7,7.0,0.0,0.0,-1,2,8291.167142857143,0.23,0.14285714285714285,0.14285714285714285,0.0,29870.54,2,0,0.0,29870.54,2,0,0.0,46745.6,4,0,0.0,58038.17,7,0,0.0,1
LGS2ORD0041398,C014322,2025-11-24 20:00:00,Male,45,Bronze,Shopee,Nakhon Ratchasima,792,Shopee,Bank_Transfer,20,11,0,0,40-50,26.4,5.0,2.0,0.4,81,17,4762.658,0.28,1.0,0.4,0.0,0.0,0,0,0.0,2655.52,1,0,0.0,2655.52,1,0,0.0,23813.29,5,2,0.4,0
LGS2ORD0041399,C011531,2025-11-24 20:00:00,Male,53,Silver,TV,Remote_Area,1607,TV_Show,COD,20,11,0,0,>50,53.56666666666667,5.0,2.0,0.4,57,67,3535.9420000000005,0.2,0.2,0.0,0.0,0.0,0,0,0.0,0.0,0,0,0.0,1662.06,1,1,1.0,17679.710000000003,5,2,0.4,0
LGS2ORD0041400,C011354,2025-11-24 20:00:00,Female,39,Bronze,Shopee,Remote_Area,1171,Lazada,COD,20,11,0,0,30-40,39.03333333333333,5.0,1.0,0.2,43,50,6512.982,0.13,0.8,0.0,0.0,0.0,0,0,0.0,0.0,0,0,0.0,3688.69,1,1,1.0,32564.91,5,1,0.2,1
LGS2ORD0041401,C010347,2025-11-24 21:00:00,Female,31,Gold,Shopee,Bangkok,1752,Web,PromptPay,21,11,0,0,30-40,58.4,7.0,1.0,0.14285714285714285,27,33,4497.285714285715,0.33,0.2857142857142857,0.5714285714285714,0.14285714285714285,0.0,0,0,0.0,0.0,0,0,0.0,8272.2,1,1,1.0,31481.0,7,1,0.14285714285714285,0
LGS2ORD0041402,C015593,2025-11-24 21:00:00,Female,38,Silver,Shopee,Chiang Mai,892,Shopee,COD,21,11,0,0,30-40,29.733333333333334,5.0,1.0,0.2,284,134,6978.4259999999995,0.25,0.6,0.2,0.0,0.0,0,0,0.0,0.0,0,0,0.0,0.0,0,0,0.0,34892.13,5,1,0.2,0
LGS2ORD0041403,C017890,2025-11-24 21:00:00,Female,27,Bronze,TV,Remote_Area,344,CallCenter,COD,21,11,0,0,20-30,11.466666666666667,3.0,1.0,0.3333333333333333,57,69,3634.5733333333337,0.18,0.3333333333333333,0.0,0.0,0.0,0,0,0.0,0.0,0,0,0.0,9026.189999999999,2,1,0.5,10903.720000000001,3,1,0.3333333333333333,0
LGS2ORD0041404,C017924,2025-11-24 21:00:00,Male,39,Gold,Shopee,Chiang Mai,457,TV_Show,Bank_Transfer,21,11,0,0,30-40,15.233333333333333,12.0,3.0,0.25,34,24,5157.0825,0.33,0.4166666666666667,0.4166666666666667,0.0,0.0,0,0,0.0,441.0,1,0,0.0,28131.84,4,2,0.5,61884.990000000005,12,3,0.25,0
LGS2ORD0041405,C012506,2025-11-24 21:00:00,Female,54,Bronze,CallCenter,Bangkok,881,CallCenter,COD,21,11,0,0,>50,29.366666666666667,8.0,2.0,0.25,219,142,3187.05375,0.28,0.625,0.375,0.0,0.0,0,0,0.0,0.0,0,0,0.0,0.0,0,0,0.0,25496.43,8,2,0.25,0
LGS2ORD0041406,C010474,2025-11-24 22:00:00,Female,27,Silver,Lazada,Khon Kaen,479,Lazada,Credit_Card,22,11,0,0,20-30,15.966666666666667,6.0,1.0,0.16666666666666666,46,50,2654.476666666667,0.3,0.6666666666666666,0.16666666666666666,0.0,0.0,0,0,0.0,0.0,0,0,0.0,5584.72,2,1,0.5,15926.86,6,1,0.16666666666666666,0
LGS2ORD0041407,C011970,2025-11-24 22:00:00,Male,43,Platinum,Web,Bangkok,1512,TV_Show,Credit_Card,22,11,0,0,40-50,50.4,3.0,0.0,0.0,-1,25,3583.476666666667,0.35,0.0,0.6666666666666666,0.0,0.0,0,0,0.0,244.29,1,0,0.0,6397.37,2,0,0.0,10750.43,3,0,0.0,0
LGS2ORD0041408,C017666,2025-11-24 22:00:00,Male,72,Gold,Web,Bangkok,597,Shopee,PromptPay,22,11,0,0,>50,19.9,2.0,1.0,0.5,308,229,2682.9,0.33,0.0,0.5,0.0,0.0,0,0,0.0,0.0,0,0,0.0,0.0,0,0,0.0,5365.8,2,1,0.5,0
LGS2ORD0041409,C013247,2025-11-24 22:00:00,Female,37,Silver,TV,Remote_Area,866,Shopee,Credit_Card,22,11,0,0,30-40,28.866666666666667,4.0,1.0,0.25,165,142,7152.9825,0.15,0.5,0.0,0.0,0.0,0,0,0.0,0.0,0,0,0.0,0.0,0,0,0.0,28611.93,4,1,0.25,1
LGS2ORD0041410,C013412,2025-11-24 22:00:00,Male,48,Silver,Web,Songkhla,897,CallCenter,PromptPay,22,11,0,0,40-50,29.9,6.0,4.0,0.6666666666666666,163,56,5616.785000000001,0.2,0.16666666666666666,0.0,0.0,0.0,0,0,0.0,0.0,0,0,0.0,13041.2,1,0,0.0,33700.71000000001,6,4,0.6666666666666666,0
LGS2ORD0041411,C016883,2025-11-24 23:00:00,Male,28,Silver,Web,Bangkok,621,Lazada,PromptPay,23,11,0,0,20-30,20.7,5.0,2.0,0.4,185,65,3537.1400000000003,0.25,0.2,0.2,0.0,0.0,0,0,0.0,0.0,0,0,0.0,3808.78,1,0,0.0,17685.7,5,2,0.4,1
LGS2ORD0041412,C015781,2025-11-24 23:00:00,Female,45,Bronze,Shopee,Songkhla,1605,Web,COD,23,11,0,0,40-50,53.5,8.0,2.0,0.25,220,13,4358.1725,0.23,0.375,0.125,0.0,0.0,0,0,0.0,1625.4599999999998,2,0,0.0,14203.919999999998,4,0,0.0,34865.38,8,2,0.25,1
LGS2ORD0041413,C011526,2025-11-24 23:00:00,Female,42,Bronze,TV,Bangkok,1787,TV_Show,PromptPay,23,11,0,0,40-50,59.56666666666667,2.0,0.0,0.0,-1,104,3795.62,0.13,1.0,0.0,0.0,0.0,0,0,0.0,0.0,0,0,0.0,0.0,0,0,0.0,7591.24,2,0,0.0,0
LGS2ORD0041414,C017297,2025-11-24 23:00:00,Male,38,Gold,TV,Nakhon Ratchasima,628,Shopee,COD,23,11,0,0,30-40,20.933333333333334,5.0,1.0,0.2,44,57,6514.3,0.28,0.4,0.6,0.0,0.0,0,0,0.0,0.0,0,0,0.0,19229.27,2,1,0.5,32571.5,5,1,0.2,0
LGS2ORD0041415,C014617,2025-11-24 23:00:00,Male,45,Bronze,TV,Bangkok,1157,Lazada,COD,23,11,0,0,40-50,38.56666666666667,7.0,3.0,0.42857142857142855,-7,6,8955.895714285714,0.23,0.7142857142857143,0.2857142857142857,0.0,3181.53,1,1,1.0,3181.53,1,1,1.0,8071.15,2,2,1.0,62691.27,7,3,0.42857142857142855,0
LGS2ORD0041416,C012570,2025-11-24 23:00:00,Male,44,Bronze,Lazada,Bangkok,1631,TV_Show,COD,23,11,0,0,40-50,54.36666666666667,2.0,1.0,0.5,126,139,5456.89,0.18,1.0,0.0,0.0,0.0,0,0,0.0,0.0,0,0,0.0,0.0,0,0,0.0,10913.78,2,1,0.5,0
LGS2ORD0041417,C013372,2025-11-25 00:00:00,Female,67,Gold,Web,Phuket,1617,Web,Bank_Transfer,0,11,1,0,>50,53.9,5.0,1.0,0.2,86,16,3452.5440000000003,0.28,0.6,0.2,0.0,0.0,0,0,0.0,7483.93,1,0,0.0,7959.650000000001,2,0,0.0,17262.72,5,1,0.2,0
LGS2ORD0041418,C017113,2025-11-25 00:00:00,Female,50,Bronze,TV,Khon Kaen,538,Shopee,Bank_Transfer,0,11,1,0,40-50,17.933333333333334,7.0,2.0,0.2857142857142857,37,46,5424.381428571428,0.28,0.5714285714285714,0.2857142857142857,0.0,0.0,0,0,0.0,0.0,0,0,0.0,11302.970000000001,3,1,0.3333333333333333,37970.67,7,2,0.2857142857142857,0
LGS2ORD0041419,C013298,2025-11-25 00:00:00,Male,59,Bronze,CallCenter,Phuket,1470,Shopee,Credit_Card,0,11,1,0,>50,49.0,6.0,3.0,0.5,112,16,2926.465,0.23,0.6666666666666666,0.16666666666666666,0.0,0.0,0,0,0.0,924.45,1,0,0.0,924.45,1,0,0.0,17558.79,6,3,0.5,0
LGS2ORD0041420,C016604,2025-11-25 00:00:00,Female,49,Silver,TV,Chiang Mai,1011,Lazada,COD,0,11,1,0,40-50,33.7,3.0,1.0,0.3333333333333333,255,143,2645.4266666666667,0.3,1.0,0.3333333333333333,0.0,0.0,0,0,0.0,0.0,0,0,0.0,0.0,0,0,0.0,7936.280000000001,3,1,0.3333333333333333,0
LGS2ORD0041421,C010363,2025-11-25 00:00:00,Male,33,Bronze,TV,Bangkok,704,CallCenter,Credit_Card,0,11,1,0,30-40,23.466666666666665,3.0,0.0,0.0,-1,56,2464.1800000000003,0.18,0.6666666666666666,0.0,0.0,0.0,0,0,0.0,0.0,0,0,0.0,500.68,1,0,0.0,7392.540000000001,3,0,0.0,0
LGS2ORD0041422,C014648,2025-11-25 01:00:00,Female,63,Bronze,TV,Songkhla,1548,TV_Show,COD,1,11,1,0,>50,51.6,5.0,2.0,0.4,81,91,7639.262,0.18,0.0,0.0,0.0,0.0,0,0,0.0,0.0,0,0,0.0,0.0,0,0,0.0,38196.31,5,2,0.4,0
LGS2ORD0041423,C015786,2025-11-25 01:00:00,Male,52,Bronze,TV,Chiang Mai,1638,Web,Credit_Card,1,11,1,0,>50,54.6,2.0,0.0,0.0,-1,135,5314.53,0.18,0.5,0.0,0.0,0.0,0,0,0.0,0.0,0,0,0.0,0.0,0,0,0.0,10629.06,2,0,0.0,0
LGS2ORD0041424,C017875,2025-11-25 01:00:00,Female,41,Bronze,TV,Songkhla,585,TV_Show,Bank_Transfer,1,11,1,0,40-50,19.5,4.0,2.0,0.5,87,93,3469.54,0.23,0.5,0.25,0.0,0.0,0,0,0.0,0.0,0,0,0.0,0.0,0,0,0.0,13878.16,4,2,0.5,0
LGS2ORD0041425,C015486,2025-11-25 01:00:00,Female,21,Bronze,Shopee,Khon Kaen,1381,TV_Show,Credit_Card,1,11,1,0,20-30,46.03333333333333,7.0,2.0,0.2857142857142857,224,75,6788.425714285714,0.28,0.5714285714285714,0.14285714285714285,0.0,0.0,0,0,0.0,0.0,0,0,0.0,20041.76,1,0,0.0,47518.979999999996,7,2,0.2857142857142857,1
LGS2ORD0041426,C015771,2025-11-25 01:00:00,Male,26,Silver,Shopee,Songkhla,871,Shopee,COD,1,11,1,0,20-30,29.033333333333335,4.0,0.0,0.0,-1,83,3837.5325,0.3,0.25,0.5,0.0,0.0,0,0,0.0,0.0,0,0,0.0,3072.58,1,0,0.0,15350.13,4,0,0.0,0
LGS2ORD0041427,C012446,2025-11-25 02:00:00,Female,46,Platinum,TV,Chiang Mai,849,Lazada,PromptPay,2,11,1,0,40-50,28.3,2.0,0.0,0.0,-1,50,20173.105,0.3,1.0,0.5,0.0,0.0,0,0,0.0,0.0,0,0,0.0,24880.44,1,0,0.0,40346.21,2,0,0.0,0
LGS2ORD0041428,C011279,2025-11-25 02:00:00,Male,43,Silver,TV,Bangkok,774,Web,Credit_Card,2,11,1,0,40-50,25.8,5.0,1.0,0.2,214,5,7501.656,0.3,0.6,0.2,0.0,26743.89,1,0,0.0,26743.89,1,0,0.0,28847.55,2,0,0.0,37508.28,5,1,0.2,0
LGS2ORD0041429,C016108,2025-11-25 02:00:00,Male,38,Bronze,Web,Chonburi,1340,TV_Show,Credit_Card,2,11,1,0,30-40,44.666666666666664,2.0,0.0,0.0,-1,233,4376.76,0.08,0.5,0.0,0.0,0.0,0,0,0.0,0.0,0,0,0.0,0.0,0,0,0.0,8753.52,2,0,0.0,0
LGS2ORD0041430,C016196,2025-11-25 02:00:00,Female,53,Silver,Shopee,Phuket,1553,Shopee,Credit_Card,2,11,1,0,>50,51.766666666666666,8.0,2.0,0.25,135,64,8073.7925,0.3,0.625,0.5,0.0,0.0,0,0,0.0,0.0,0,0,0.0,26075.52,1,0,0.0,64590.34,8,2,0.25,0
LGS2ORD0041431,C012976,2025-11-25 02:00:00,Female,51,Gold,TV,Remote_Area,390,Shopee,COD,2,11,1,0,>50,13.0,9.0,4.0,0.4444444444444444,53,68,3609.062222222222,0.33,0.5555555555555556,0.4444444444444444,0.0,0.0,0,0,0.0,0.0,0,0,0.0,6935.35,2,2,1.0,32481.559999999998,9,4,0.4444444444444444,1
LGS2ORD0041432,C011921,2025-11-25 03:00:00,Other,39,Bronze,Web,Remote_Area,1284,CallCenter,COD,3,11,1,0,30-40,42.8,8.0,4.0,0.5,165,9,6165.361250000001,0.23,0.625,0.25,0.0,0.0,0,0,0.0,1619.35,1,0,0.0,2231.91,2,0,0.0,49322.89000000001,8,4,0.5,1
LGS2ORD0041433,C011842,2025-11-25 03:00:00,Other,36,Bronze,TV,Khon Kaen,1714,TV_Show,COD,3,11,1,0,30-40,57.13333333333333,3.0,0.0,0.0,-1,85,9547.56,0.28,0.6666666666666666,0.3333333333333333,0.0,0.0,0,0,0.0,0.0,0,0,0.0,7284.75,1,0,0.0,28642.68,3,0,0.0,1
LGS2ORD0041434,C014359,2025-11-25 03:00:00,Female,25,Bronze,Shopee,Bangkok,1608,CallCenter,COD,3,11,1,0,20-30,53.6,4.0,1.0,0.25,281,136,10365.6225,0.28,1.0,0.5,0.0,0.0,0,0,0.0,0.0,0,0,0.0,0.0,0,0,0.0,41462.49,4,1,0.25,0
LGS2ORD0041435,C015299,2025-11-25 03:00:00,Male,41,Bronze,CallCenter,Bangkok,1783,TV_Show,PromptPay,3,11,1,0,40-50,59.43333333333333,10.0,0.0,0.0,-1,0,7193.117,0.28,0.7,0.4,0.0,7225.53,1,0,0.0,19497.53,3,0,0.0,53243.3,5,0,0.0,71931.17,10,0,0.0,0
LGS2ORD0041436,C011714,2025-11-25 03:00:00,Female,35,Silver,Web,Bangkok,1269,TV_Show,COD,3,11,1,0,30-40,42.3,6.0,2.0,0.3333333333333333,207,58,4654.85,0.25,0.16666666666666666,0.3333333333333333,0.16666666666666666,0.0,0,0,0.0,0.0,0,0,0.0,4730.8099999999995,2,0,0.0,27929.100000000002,6,2,0.3333333333333333,1
LGS2ORD0041437,C016462,2025-11-25 03:00:00,Male,34,Silver,Web,Nakhon Ratchasima,934,Web,COD,3,11,1,0,30-40,31.133333333333333,7.0,0.0,0.0,-1,146,3575.0,0.25,0.42857142857142855,0.14285714285714285,0.0,0.0,0,0,0.0,0.0,0,0,0.0,0.0,0,0,0.0,25025.0,7,0,0.0,0
LGS2ORD0041438,C011627,2025-11-25 04:00:00,Female,40,Gold,Web,Bangkok,1073,TV_Show,Credit_Card,4,11,1,0,30-40,35.766666666666666,3.0,2.0,0.6666666666666666,18,30,3512.153333333333,0.28,0.0,0.6666666666666666,0.0,0.0,0,0,0.0,0.0,0,0,0.0,5114.53,1,1,1.0,10536.46,3,2,0.6666666666666666,0
LGS2ORD0041439,C013122,2025-11-25 04:00:00,Female,41,Bronze,Lazada,Bangkok,340,TV_Show,PromptPay,4,11,1,0,40-50,11.333333333333334,5.0,1.0,0.2,244,55,7941.245999999999,0.23,0.2,0.4,0.2,0.0,0,0,0.0,0.0,0,0,0.0,9782.71,1,0,0.0,39706.229999999996,5,1,0.2,0
LGS2ORD0041440,C015420,2025-11-25 04:00:00,Male,43,Bronze,Shopee,Songkhla,1747,TV_Show,COD,4,11,1,0,40-50,58.233333333333334,5.0,1.0,0.2,40,53,4248.174000000001,0.28,0.8,0.8,0.0,0.0,0,0,0.0,0.0,0,0,0.0,2910.14,2,1,0.5,21240.870000000003,5,1,0.2,0
LGS2ORD0041441,C016171,2025-11-25 04:00:00,Male,25,Silver,TV,Bangkok,444,Shopee,COD,4,11,1,0,20-30,14.8,7.0,1.0,0.14285714285714285,173,10,6446.0657142857135,0.15,0.8571428571428571,0.0,0.0,0.0,0,0,0.0,5982.7,2,0,0.0,5982.7,2,0,0.0,45122.45999999999,7,1,0.14285714285714285,0
LGS2ORD0041442,C013935,2025-11-25 04:00:00,Female,69,Bronze,Shopee,Chonburi,1458,Lazada,COD,4,11,1,0,>50,48.6,4.0,1.0,0.25,97,110,5850.3025,0.23,0.25,0.25,0.0,0.0,0,0,0.0,0.0,0,0,0.0,0.0,0,0,0.0,23401.21,4,1,0.25,1
LGS2ORD0041443,C016405,2025-11-25 05:00:00,Male,50,Bronze,TV,Phuket,895,Web,COD,5,11,1,0,40-50,29.833333333333332,2.0,1.0,0.5,47,56,3885.5,0.18,0.5,0.0,0.0,0.0,0,0,0.0,0.0,0,0,0.0,1767.06,1,1,1.0,7771.0,2,1,0.5,0
LGS2ORD0041444,C016681,2025-11-25 05:00:00,Male,43,Gold,TV,Bangkok,1512,Shopee,COD,5,11,1,0,40-50,50.4,4.0,1.0,0.25,150,62,3784.6500000000005,0.33,0.25,0.25,0.0,0.0,0,0,0.0,0.0,0,0,0.0,1159.69,1,0,0.0,15138.600000000002,4,1,0.25,0
LGS2ORD0041445,C015532,2025-11-25 05:00:00,Male,58,Bronze,Web,Remote_Area,643,TV_Show,COD,5,11,1,0,>50,21.433333333333334,8.0,3.0,0.375,212,35,4265.311250000001,0.28,0.375,0.25,0.0,0.0,0,0,0.0,0.0,0,0,0.0,1949.2,1,0,0.0,34122.490000000005,8,3,0.375,0
LGS2ORD0041446,C010428,2025-11-25 05:00:00,Female,23,Silver,Lazada,Bangkok,1376,Shopee,Bank_Transfer,5,11,1,0,20-30,45.86666666666667,5.0,1.0,0.2,182,75,3215.162,0.3,0.8,0.2,0.0,0.0,0,0,0.0,0.0,0,0,0.0,3464.9,1,0,0.0,16075.81,5,1,0.2,0
LGS2ORD0041447,C016656,2025-11-25 05:00:00,Female,43,Bronze,TV,Remote_Area,502,Shopee,COD,5,11,1,0,40-50,16.733333333333334,7.0,2.0,0.2857142857142857,42,25,4633.297142857142,0.28,0.8571428571428571,0.42857142857142855,0.0,0.0,0,0,0.0,8816.81,1,0,0.0,16784.51,3,1,0.3333333333333333,32433.079999999994,7,2,0.2857142857142857,0
LGS2ORD0041448,C016803,2025-11-25 06:00:00,Male,23,Silver,TV,Chiang Mai,491,Lazada,Credit_Card,6,11,1,0,20-30,16.366666666666667,4.0,1.0,0.25,284,138,4399.255,0.3,0.5,0.25,0.0,0.0,0,0,0.0,0.0,0,0,0.0,0.0,0,0,0.0,17597.02,4,1,0.25,1
LGS2ORD0041449,C013496,2025-11-25 06:00:00,Male,53,Platinum,Web,Phuket,567,Web,Credit_Card,6,11,1,0,>50,18.9,5.0,1.0,0.2,164,47,2120.484,0.3,0.6,0.6,0.0,0.0,0,0,0.0,0.0,0,0,0.0,1820.55,1,0,0.0,10602.42,5,1,0.2,0
LGS2ORD0041450,C014107,2025-11-25 06:00:00,Male,42,Platinum,TV,Chiang Mai,733,TV_Show,Credit_Card,6,11,1,0,40-50,24.433333333333334,7.0,2.0,0.2857142857142857,178,31,4845.921428571428,0.35,0.42857142857142855,0.7142857142857143,0.0,0.0,0,0,0.0,0.0,0,0,0.0,1506.56,1,0,0.0,33921.45,7,2,0.2857142857142857,0
LGS2ORD0041451,C015828,2025-11-25 06:00:00,Male,42,Bronze,TV,Khon Kaen,1561,Shopee,COD,6,11,1,0,40-50,52.03333333333333,11.0,5.0,0.45454545454545453,213,40,6936.607272727273,0.28,0.7272727272727273,0.2727272727272727,0.0,0.0,0,0,0.0,0.0,0,0,0.0,5403.14,1,0,0.0,76302.68000000001,11,5,0.45454545454545453,0
LGS2ORD0041452,C013245,2025-11-25 06:00:00,Male,43,Bronze,TV,Songkhla,1472,Lazada,COD,6,11,1,0,40-50,49.06666666666667,6.0,3.0,0.5,117,15,4443.565,0.23,0.8333333333333334,0.16666666666666666,0.0,0.0,0,0,0.0,8871.32,1,0,0.0,8871.32,1,0,0.0,26661.39,6,3,0.5,0
LGS2ORD0041453,C011210,2025-11-25 07:00:00,Other,35,Bronze,TV,Songkhla,710,Lazada,Credit_Card,7,11,1,0,30-40,23.666666666666668,5.0,1.0,0.2,98,13,6183.414,0.28,0.6,0.2,0.0,0.0,0,0,0.0,5681.16,1,0,0.0,15084.14,2,0,0.0,30917.07,5,1,0.2,0
LGS2ORD0041454,C014084,2025-11-25 07:00:00,Female,40,Bronze,TV,Nakhon Ratchasima,1365,TV_Show,COD,7,11,1,0,30-40,45.5,5.0,0.0,0.0,-1,244,3253.198,0.23,0.2,0.2,0.0,0.0,0,0,0.0,0.0,0,0,0.0,0.0,0,0,0.0,16265.99,5,0,0.0,0
LGS2ORD0041455,C013432,2025-11-25 07:00:00,Male,57,Bronze,Shopee,Chonburi,1152,Web,Bank_Transfer,7,11,1,0,>50,38.4,5.0,0.0,0.0,-1,81,4804.992,0.23,0.4,0.2,0.0,0.0,0,0,0.0,0.0,0,0,0.0,12039.76,1,0,0.0,24024.96,5,0,0.0,0
LGS2ORD0041456,C013060,2025-11-25 07:00:00,Male,42,Bronze,TV,Remote_Area,948,Shopee,PromptPay,7,11,1,0,40-50,31.6,3.0,2.0,0.6666666666666666,209,96,7765.903333333333,0.23,1.0,0.3333333333333333,0.0,0.0,0,0,0.0,0.0,0,0,0.0,0.0,0,0,0.0,23297.71,3,2,0.6666666666666666,0
LGS2ORD0041457,C017121,2025-11-25 07:00:00,Female,44,Bronze,Lazada,Remote_Area,629,Web,COD,7,11,1,0,40-50,20.966666666666665,1.0,1.0,1.0,281,292,1173.24,0.13,1.0,0.0,0.0,0.0,0,0,0.0,0.0,0,0,0.0,0.0,0,0,0.0,1173.24,1,1,1.0,1
LGS2ORD0041458,C012301,2025-11-25 07:00:00,Male,48,Bronze,TV,Songkhla,661,Shopee,PromptPay,7,11,1,0,40-50,22.033333333333335,6.0,3.0,0.5,-10,2,3731.7016666666664,0.23,0.6666666666666666,0.16666666666666666,0.0,7693.27,1,1,1.0,7693.27,1,1,1.0,9603.0,2,1,0.5,22390.21,6,3,0.5,0
LGS2ORD0041459,C016493,2025-11-25 08:00:00,Female,48,Silver,Web,Bangkok,539,TV_Show,COD,8,11,1,0,40-50,17.966666666666665,2.0,0.0,0.0,-1,96,12770.735,0.2,0.0,0.0,0.0,0.0,0,0,0.0,0.0,0,0,0.0,0.0,0,0,0.0,25541.47,2,0,0.0,0
LGS2ORD0041460,C011187,2025-11-25 08:00:00,Male,50,Bronze,Shopee,Nakhon Ratchasima,1241,Shopee,COD,8,11,1,0,40-50,41.36666666666667,6.0,1.0,0.16666666666666666,152,108,5231.385000000001,0.28,0.6666666666666666,0.5,0.0,0.0,0,0,0.0,0.0,0,0,0.0,0.0,0,0,0.0,31388.310000000005,6,1,0.16666666666666666,0
LGS2ORD0041461,C011911,2025-11-25 08:00:00,Male,26,Bronze,TV,Bangkok,1127,Shopee,Credit_Card,8,11,1,0,20-30,37.56666666666667,3.0,0.0,0.0,-1,90,3520.0,0.13,0.3333333333333333,0.0,0.0,0.0,0,0,0.0,0.0,0,0,0.0,0.0,0,0,0.0,10560.0,3,0,0.0,0
LGS2ORD0041462,C013425,2025-11-25 08:00:00,Male,51,Bronze,Lazada,Khon Kaen,1258,TV_Show,COD,8,11,1,0,>50,41.93333333333333,2.0,0.0,0.0,-1,51,3755.0099999999998,0.28,0.0,0.5,0.0,0.0,0,0,0.0,0.0,0,0,0.0,6084.82,1,0,0.0,7510.0199999999995,2,0,0.0,0
LGS2ORD0041463,C016539,2025-11-25 08:00:00,Female,42,Bronze,Shopee,Bangkok,529,Lazada,PromptPay,8,11,1,0,40-50,17.633333333333333,4.0,2.0,0.5,42,55,10089.05,0.28,0.25,0.5,0.0,0.0,0,0,0.0,0.0,0,0,0.0,2394.24,2,1,0.5,40356.2,4,2,0.5,0
LGS2ORD0041464,C015941,2025-11-25 09:00:00,Female,46,Bronze,Lazada,Songkhla,584,Shopee,COD,9,11,1,0,40-50,19.466666666666665,7.0,4.0,0.5714285714285714,147,33,13212.347142857145,0.28,0.42857142857142855,0.14285714285714285,0.0,0.0,0,0,0.0,0.0,0,0,0.0,9969.82,2,0,0.0,92486.43000000001,7,4,0.5714285714285714,1
LGS2ORD0041465,C013340,2025-11-25 09:00:00,Male,37,Bronze,Shopee,Chonburi,1395,TV_Show,PromptPay,9,11,1,0,30-40,46.5,3.0,0.0,0.0,-1,89,6392.836666666666,0.23,0.3333333333333333,0.3333333333333333,0.0,0.0,0,0,0.0,0.0,0,0,0.0,4998.39,1,0,0.0,19178.51,3,0,0.0,0
LGS2ORD0041466,C010137,2025-11-25 09:00:00,Female,43,Gold,Lazada,Chiang Mai,980,Shopee,COD,9,11,1,0,40-50,32.666666666666664,18.0,5.0,0.2777777777777778,83,2,6085.43611111111,0.33,0.6111111111111112,0.6666666666666666,0.0,2128.5,1,0,0.0,2128.5,1,0,0.0,12838.55,4,0,0.0,109537.84999999999,18,5,0.2777777777777778,0
LGS2ORD0041467,C015655,2025-11-25 09:00:00,Male,40,Silver,Shopee,Songkhla,1488,Lazada,Credit_Card,9,11,1,0,30-40,49.6,4.0,2.0,0.5,189,36,4410.782499999999,0.3,0.75,0.5,0.0,0.0,0,0,0.0,0.0,0,0,0.0,616.85,1,0,0.0,17643.129999999997,4,2,0.5,0
LGS2ORD0041468,C014917,2025-11-25 09:00:00,Female,56,Gold,TV,Songkhla,980,Web,COD,9,11,1,0,>50,32.666666666666664,8.0,0.0,0.0,-1,14,6564.84375,0.28,0.5,0.375,0.0,0.0,0,0,0.0,13258.59,1,0,0.0,21245.8,4,0,0.0,52518.75,8,0,0.0,0
LGS2ORD0041469,C011655,2025-11-25 10:00:00,Female,37,Gold,Web,Chonburi,783,TV_Show,Credit_Card,10,11,1,0,30-40,26.1,1.0,1.0,1.0,171,179,15602.82,0.08,0.0,0.0,0.0,0.0,0,0,0.0,0.0,0,0,0.0,0.0,0,0,0.0,15602.82,1,1,1.0,0
LGS2ORD0041470,C011394,2025-11-25 10:00:00,Male,49,Silver,Web,Chiang Mai,1758,Shopee,COD,10,11,1,0,40-50,58.6,5.0,1.0,0.2,85,66,5073.818000000001,0.3,0.4,0.6,0.0,0.0,0,0,0.0,0.0,0,0,0.0,5699.35,1,0,0.0,25369.090000000004,5,1,0.2,0
LGS2ORD0041471,C011731,2025-11-25 10:00:00,Male,41,Bronze,Lazada,Bangkok,608,Shopee,COD,10,11,1,0,40-50,20.266666666666666,6.0,1.0,0.16666666666666666,0,9,7681.07,0.13,0.5,0.0,0.0,0.0,0,0,0.0,2014.67,1,1,1.0,7402.95,2,1,0.5,46086.42,6,1,0.16666666666666666,1
LGS2ORD0041472,C017496,2025-11-25 10:00:00,Female,54,Gold,Shopee,Chiang Mai,689,Lazada,COD,10,11,1,0,>50,22.966666666666665,6.0,3.0,0.5,131,92,8694.131666666666,0.28,0.5,0.6666666666666666,0.0,0.0,0,0,0.0,0.0,0,0,0.0,0.0,0,0,0.0,52164.79,6,3,0.5,0
LGS2ORD0041473,C014411,2025-11-25 10:00:00,Female,44,Silver,Lazada,Chonburi,602,Lazada,COD,10,11,1,0,40-50,20.066666666666666,7.0,3.0,0.42857142857142855,55,70,6842.952857142858,0.25,0.42857142857142855,0.2857142857142857,0.0,0.0,0,0,0.0,0.0,0,0,0.0,3526.69,2,1,0.5,47900.670000000006,7,3,0.42857142857142855,0
LGS2ORD0041474,C011952,2025-11-25 11:00:00,Female,48,Bronze,Web,Bangkok,1352,Lazada,COD,11,11,1,0,40-50,45.06666666666667,4.0,1.0,0.25,25,44,3137.8574999999996,0.28,0.5,0.25,0.0,0.0,0,0,0.0,0.0,0,0,0.0,7812.66,2,1,0.5,12551.429999999998,4,1,0.25,0
LGS2ORD0041475,C016375,2025-11-25 11:00:00,Female,46,Bronze,TV,Khon Kaen,1566,Web,Credit_Card,11,11,1,0,40-50,52.2,4.0,0.0,0.0,-1,45,3551.64,0.23,0.5,0.25,0.0,0.0,0,0,0.0,0.0,0,0,0.0,1655.28,1,0,0.0,14206.56,4,0,0.0,0
LGS2ORD0041476,C016767,2025-11-25 11:00:00,Female,54,Bronze,TV,Remote_Area,411,Web,PromptPay,11,11,1,0,>50,13.7,6.0,3.0,0.5,128,133,4289.721666666667,0.28,0.16666666666666666,0.3333333333333333,0.0,0.0,0,0,0.0,0.0,0,0,0.0,0.0,0,0,0.0,25738.33,6,3,0.5,0
LGS2ORD0041477,C014860,2025-11-25 11:00:00,Male,33,Bronze,TV,Songkhla,1409,Shopee,PromptPay,11,11,1,0,30-40,46.96666666666667,10.0,0.0,0.0,-1,102,5491.813,0.28,0.6,0.3,0.0,0.0,0,0,0.0,0.0,0,0,0.0,0.0,0,0,0.0,54918.130000000005,10,0,0.0,0
LGS2ORD0041478,C010267,2025-11-25 11:00:00,Female,34,Bronze,Shopee,Remote_Area,447,Lazada,COD,11,11,1,0,30-40,14.9,7.0,4.0,0.5714285714285714,72,80,7214.1,0.28,0.8571428571428571,0.7142857142857143,0.0,0.0,0,0,0.0,0.0,0,0,0.0,3319.31,2,1,0.5,50498.700000000004,7,4,0.5714285714285714,0
LGS2ORD0041479,C011773,2025-11-25 11:00:00,Female,32,Bronze,Web,Songkhla,701,TV_Show,COD,11,11,1,0,30-40,23.366666666666667,2.0,1.0,0.5,196,204,5874.69,0.23,0.5,0.5,0.0,0.0,0,0,0.0,0.0,0,0,0.0,0.0,0,0,0.0,11749.38,2,1,0.5,0
LGS2ORD0041480,C015503,2025-11-25 12:00:00,Female,46,Bronze,Lazada,Remote_Area,994,Shopee,PromptPay,12,11,1,0,40-50,33.13333333333333,3.0,2.0,0.6666666666666666,1,9,6593.106666666667,0.18,1.0,0.0,0.0,0.0,0,0,0.0,11808.37,1,1,1.0,12804.480000000001,2,2,1.0,19779.32,3,2,0.6666666666666666,1
LGS2ORD0041481,C013790,2025-11-25 12:00:00,Female,65,Bronze,Shopee,Songkhla,1769,TV_Show,Credit_Card,12,11,1,0,>50,58.96666666666667,6.0,2.0,0.3333333333333333,128,26,9078.418333333333,0.18,0.5,0.0,0.0,0.0,0,0,0.0,656.56,1,0,0.0,12742.73,3,0,0.0,54470.509999999995,6,2,0.3333333333333333,0
LGS2ORD0041482,C017481,2025-11-25 12:00:00,Male,54,Bronze,Shopee,Nakhon Ratchasima,538,Shopee,COD,12,11,1,0,>50,17.933333333333334,9.0,2.0,0.2222222222222222,11,2,6047.110000000001,0.28,0.4444444444444444,0.2222222222222222,0.0,2547.5,1,0,0.0,3864.05,2,1,0.5,5066.17,3,2,0.6666666666666666,54423.990000000005,9,2,0.2222222222222222,1
LGS2ORD0041483,C011059,2025-11-25 12:00:00,Male,64,Gold,TV,Chonburi,1322,TV_Show,COD,12,11,1,0,>50,44.06666666666667,9.0,2.0,0.2222222222222222,277,105,3940.684444444445,0.33,0.6666666666666666,0.6666666666666666,0.0,0.0,0,0,0.0,0.0,0,0,0.0,0.0,0,0,0.0,35466.16,9,2,0.2222222222222222,0
LGS2ORD0041484,C012058,2025-11-25 12:00:00,Female,28,Silver,Shopee,Nakhon Ratchasima,1538,Lazada,Credit_Card,12,11,1,0,20-30,51.266666666666666,5.0,3.0,0.6,54,59,6158.410000000001,0.3,0.6,0.4,0.0,0.0,0,0,0.0,0.0,0,0,0.0,1641.96,1,1,1.0,30792.050000000003,5,3,0.6,0
LGS2ORD0041485,C010275,2025-11-25 13:00:00,Female,27,Platinum,TV,Nakhon Ratchasima,910,Shopee,COD,13,11,1,0,20-30,30.333333333333332,5.0,0.0,0.0,-1,26,3806.988,0.25,1.0,0.4,0.0,0.0,0,0,0.0,358.61,1,0,0.0,358.61,1,0,0.0,19034.94,5,0,0.0,0
LGS2ORD0041486,C017003,2025-11-25 13:00:00,Female,39,Silver,TV,Remote_Area,714,TV_Show,COD,13,11,1,0,30-40,23.8,7.0,4.0,0.5714285714285714,41,52,5255.844285714286,0.3,0.42857142857142855,0.14285714285714285,0.0,0.0,0,0,0.0,0.0,0,0,0.0,10424.85,3,1,0.3333333333333333,36790.91,7,4,0.5714285714285714,0
LGS2ORD0041487,C014186,2025-11-25 13:00:00,Male,44,Gold,TV,Bangkok,1023,CallCenter,Credit_Card,13,11,1,0,40-50,34.1,5.0,2.0,0.4,118,55,4943.612,0.2299999999999999,0.8,0.2,0.0,0.0,0,0,0.0,0.0,0,0,0.0,6687.73,1,0,0.0,24718.06,5,2,0.4,0
LGS2ORD0041488,C016391,2025-11-25 13:00:00,Male,37,Bronze,CallCenter,Bangkok,520,TV_Show,Bank_Transfer,13,11,1,0,30-40,17.333333333333332,12.0,2.0,0.16666666666666666,174,37,2149.3241666666668,0.23,0.5833333333333334,0.16666666666666666,0.0,0.0,0,0,0.0,0.0,0,0,0.0,3035.12,1,0,0.0,25791.890000000003,12,2,0.16666666666666666,1
LGS2ORD0041489,C016353,2025-11-25 13:00:00,Male,44,Silver,TV,Bangkok,656,Shopee,Bank_Transfer,13,11,1,0,40-50,21.866666666666667,2.0,0.0,0.0,-1,53,5815.245,0.15,0.5,0.0,0.0,0.0,0,0,0.0,0.0,0,0,0.0,11630.49,2,0,0.0,11630.49,2,0,0.0,0
LGS2ORD0041490,C015867,2025-11-25 14:00:00,Male,46,Silver,Lazada,Bangkok,1135,Web,Bank_Transfer,14,11,1,0,40-50,37.833333333333336,5.0,2.0,0.4,161,161,4275.2339999999995,0.3,1.0,0.4,0.0,0.0,0,0,0.0,0.0,0,0,0.0,0.0,0,0,0.0,21376.17,5,2,0.4,0
LGS2ORD0041491,C010369,2025-11-25 14:00:00,Male,49,Bronze,CallCenter,Bangkok,1099,TV_Show,COD,14,11,1,0,40-50,36.63333333333333,3.0,2.0,0.6666666666666666,40,49,10882.636666666667,0.18,0.6666666666666666,0.0,0.0,0.0,0,0,0.0,0.0,0,0,0.0,18390.13,1,1,1.0,32647.910000000003,3,2,0.6666666666666666,0
LGS2ORD0041492,C016666,2025-11-25 14:00:00,Male,37,Bronze,Lazada,Bangkok,568,Web,COD,14,11,1,0,30-40,18.933333333333334,6.0,0.0,0.0,-1,71,5365.12,0.28,0.3333333333333333,0.16666666666666666,0.0,0.0,0,0,0.0,0.0,0,0,0.0,3622.51,1,0,0.0,32190.72,6,0,0.0,0
LGS2ORD0041493,C011331,2025-11-25 14:00:00,Female,41,Silver,Shopee,Nakhon Ratchasima,1684,Web,COD,14,11,1,0,40-50,56.13333333333333,2.0,0.0,0.0,-1,14,6564.1849999999995,0.15,0.5,0.0,0.0,0.0,0,0,0.0,1294.64,1,0,0.0,1294.64,1,0,0.0,13128.369999999999,2,0,0.0,0
LGS2ORD0041494,C016871,2025-11-25 14:00:00,Male,61,Gold,CallCenter,Bangkok,1241,Shopee,PromptPay,14,11,1,0,>50,41.36666666666667,8.0,1.0,0.125,59,40,2692.5937499999995,0.33,0.125,0.5,0.0,0.0,0,0,0.0,0.0,0,0,0.0,7333.0,3,1,0.3333333333333333,21540.749999999996,8,1,0.125,1
LGS2ORD0041495,C017860,2025-11-25 15:00:00,Male,48,Bronze,Shopee,Chiang Mai,1250,TV_Show,Credit_Card,15,11,1,0,40-50,41.666666666666664,8.0,1.0,0.125,19,25,7217.51,0.28,0.375,0.5,0.0,0.0,0,0,0.0,5775.35,2,1,0.5,44152.909999999996,6,1,0.16666666666666666,57740.08,8,1,0.125,0
LGS2ORD0041496,C013649,2025-11-25 15:00:00,Female,46,Bronze,TV,Chonburi,1281,TV_Show,COD,15,11,1,0,40-50,42.7,8.0,1.0,0.125,183,23,3901.73875,0.23,0.75,0.25,0.0,0.0,0,0,0.0,10602.07,1,0,0.0,12397.22,2,0,0.0,31213.91,8,1,0.125,1
LGS2ORD0041497,C016501,2025-11-25 15:00:00,Female,51,Bronze,Shopee,Khon Kaen,376,Shopee,Credit_Card,15,11,1,0,>50,12.533333333333333,2.0,1.0,0.5,273,98,10197.825,0.23,1.0,0.5,0.0,0.0,0,0,0.0,0.0,0,0,0.0,0.0,0,0,0.0,20395.65,2,1,0.5,0
LGS2ORD0041498,C017052,2025-11-25 15:00:00,Male,35,Silver,TV,Songkhla,1639,Web,COD,15,11,1,0,30-40,54.63333333333333,4.0,2.0,0.5,117,132,1969.2000000000003,0.2,0.0,0.0,0.0,0.0,0,0,0.0,0.0,0,0,0.0,0.0,0,0,0.0,7876.800000000001,4,2,0.5,1
LGS2ORD0041499,C017407,2025-11-25 15:00:00,Male,48,Bronze,TV,Chiang Mai,1112,Lazada,COD,15,11,1,0,40-50,37.06666666666667,7.0,1.0,0.14285714285714285,99,44,4527.85,0.28,0.42857142857142855,0.42857142857142855,0.0,0.0,0,0,0.0,0.0,0,0,0.0,13790.289999999999,3,0,0.0,31694.95,7,1,0.14285714285714285,1
LGS2ORD0041500,C012990,2025-11-25 15:00:00,Male,64,Bronze,CallCenter,Khon Kaen,806,Lazada,COD,15,11,1,0,>50,26.866666666666667,7.0,1.0,0.14285714285714285,193,88,7349.0085714285715,0.23,0.7142857142857143,0.2857142857142857,0.0,0.0,0,0,0.0,0.0,0,0,0.0,6772.36,1,0,0.0,51443.06,7,1,0.14285714285714285,0
LGS2ORD0041501,C014297,2025-11-25 16:00:00,Female,44,Silver,Web,Bangkok,1538,CallCenter,PromptPay,16,11,1,0,40-50,51.266666666666666,8.0,3.0,0.375,60,60,4735.76625,0.2,0.375,0.0,0.0,0.0,0,0,0.0,0.0,0,0,0.0,17086.16,2,1,0.5,37886.13,8,3,0.375,0
LGS2ORD0041502,C015459,2025-11-25 16:00:00,Female,39,Bronze,Shopee,Bangkok,1085,Lazada,COD,16,11,1,0,30-40,36.166666666666664,8.0,2.0,0.25,197,4,5653.44375,0.23,0.75,0.375,0.0,10325.74,1,0,0.0,10325.74,1,0,0.0,10325.74,1,0,0.0,45227.55,8,2,0.25,0
LGS2ORD0041503,C013230,2025-11-25 16:00:00,Male,54,Bronze,TV,Nakhon Ratchasima,1328,TV_Show,Bank_Transfer,16,11,1,0,>50,44.266666666666666,6.0,1.0,0.16666666666666666,81,49,3574.609999999999,0.28,0.3333333333333333,0.16666666666666666,0.0,0.0,0,0,0.0,0.0,0,0,0.0,5310.49,1,0,0.0,21447.659999999996,6,1,0.16666666666666666,0
LGS2ORD0041504,C017521,2025-11-25 16:00:00,Male,30,Gold,CallCenter,Phuket,939,Shopee,COD,16,11,1,0,20-30,31.3,2.0,1.0,0.5,298,6,1543.5349999999999,0.33,1.0,1.0,0.0,1304.53,1,0,0.0,1304.53,1,0,0.0,1304.53,1,0,0.0,3087.0699999999997,2,1,0.5,0
LGS2ORD0041505,C017345,2025-11-25 16:00:00,Male,47,Bronze,Lazada,Nakhon Ratchasima,1247,TV_Show,COD,16,11,1,0,40-50,41.56666666666667,7.0,2.0,0.2857142857142857,37,52,6488.339999999998,0.28,0.5714285714285714,0.2857142857142857,0.0,0.0,0,0,0.0,0.0,0,0,0.0,14357.91,1,1,1.0,45418.37999999999,7,2,0.2857142857142857,1
LGS2ORD0041506,C015079,2025-11-25 17:00:00,Male,33,Bronze,TV,Phuket,930,CallCenter,Bank_Transfer,17,11,1,0,30-40,31.0,8.0,2.0,0.25,118,4,4294.45375,0.23,0.625,0.125,0.0,1839.06,1,0,0.0,1839.06,1,0,0.0,6615.58,3,0,0.0,34355.63,8,2,0.25,0
LGS2ORD0041507,C012598,2025-11-25 17:00:00,Female,50,Bronze,Lazada,Chonburi,1202,Web,COD,17,11,1,0,40-50,40.06666666666667,4.0,2.0,0.5,164,55,7165.1224999999995,0.23,0.25,0.5,0.0,0.0,0,0,0.0,0.0,0,0,0.0,19522.21,1,0,0.0,28660.489999999998,4,2,0.5,0
LGS2ORD0041508,C014861,2025-11-25 17:00:00,Male,39,Gold,Lazada,Songkhla,1588,Web,Credit_Card,17,11,1,0,30-40,52.93333333333333,2.0,0.0,0.0,-1,102,1475.1799999999998,0.33,0.0,1.0,0.0,0.0,0,0,0.0,0.0,0,0,0.0,0.0,0,0,0.0,2950.3599999999997,2,0,0.0,0
LGS2ORD0041509,C011572,2025-11-25 17:00:00,Male,39,Platinum,TV,Songkhla,397,Shopee,COD,17,11,1,0,30-40,13.233333333333333,4.0,3.0,0.75,-3,2,5921.045,0.2,0.0,0.0,0.0,3032.96,1,1,1.0,3032.96,1,1,1.0,3032.96,1,1,1.0,23684.18,4,3,0.75,1
LGS2ORD0041510,C011384,2025-11-25 17:00:00,Female,52,Platinum,Web,Nakhon Ratchasima,1518,Lazada,Credit_Card,17,11,1,0,>50,50.6,4.0,0.0,0.0,-1,59,13001.0125,0.3,0.25,0.25,0.0,0.0,0,0,0.0,0.0,0,0,0.0,41509.72,2,0,0.0,52004.05,4,0,0.0,0
LGS2ORD0041511,C015500,2025-11-25 18:00:00,Female,48,Bronze,Shopee,Bangkok,724,Lazada,Bank_Transfer,18,11,1,0,40-50,24.133333333333333,2.0,0.0,0.0,-1,287,3148.02,0.23,0.5,0.5,0.0,0.0,0,0,0.0,0.0,0,0,0.0,0.0,0,0,0.0,6296.04,2,0,0.0,0
LGS2ORD0041512,C016066,2025-11-25 18:00:00,Male,60,Silver,Web,Songkhla,1629,TV_Show,Credit_Card,18,11,1,0,>50,54.3,4.0,3.0,0.75,178,187,1969.27,0.2,0.75,0.0,0.0,0.0,0,0,0.0,0.0,0,0,0.0,0.0,0,0,0.0,7877.08,4,3,0.75,1
LGS2ORD0041513,C012289,2025-11-25 18:00:00,Male,45,Bronze,TV,Songkhla,1510,TV_Show,COD,18,11,1,0,40-50,50.333333333333336,10.0,6.0,0.6,101,50,6015.746999999999,0.23,0.7,0.4,0.0,0.0,0,0,0.0,0.0,0,0,0.0,1083.31,1,0,0.0,60157.469999999994,10,6,0.6,1
LGS2ORD0041514,C017930,2025-11-25 18:00:00,Other,67,Bronze,TV,Khon Kaen,1595,Lazada,Bank_Transfer,18,11,1,0,>50,53.166666666666664,3.0,2.0,0.6666666666666666,215,99,13139.133333333333,0.18,1.0,0.0,0.0,0.0,0,0,0.0,0.0,0,0,0.0,0.0,0,0,0.0,39417.4,3,2,0.6666666666666666,0
LGS2ORD0041515,C017723,2025-11-25 18:00:00,Male,43,Bronze,CallCenter,Chonburi,1676,TV_Show,PromptPay,18,11,1,0,40-50,55.86666666666667,5.0,0.0,0.0,-1,43,3108.6400000000003,0.23,0.4,0.2,0.0,0.0,0,0,0.0,0.0,0,0,0.0,7177.89,1,0,0.0,15543.2,5,0,0.0,0
LGS2ORD0041516,C015650,2025-11-25 18:00:00,Female,49,Silver,Shopee,Nakhon Ratchasima,428,CallCenter,COD,18,11,1,0,40-50,14.266666666666667,3.0,0.0,0.0,-1,195,9083.220000000001,0.15,0.3333333333333333,0.0,0.0,0.0,0,0,0.0,0.0,0,0,0.0,0.0,0,0,0.0,27249.660000000003,3,0,0.0,0
LGS2ORD0041517,C016997,2025-11-25 19:00:00,Male,23,Bronze,TV,Nakhon Ratchasima,1281,Shopee,Credit_Card,19,11,1,0,20-30,42.7,9.0,1.0,0.1111111111111111,105,18,7758.864444444444,0.28,0.4444444444444444,0.3333333333333333,0.0,0.0,0,0,0.0,8472.66,2,0,0.0,36381.7,5,0,0.0,69829.78,9,1,0.1111111111111111,0
LGS2ORD0041518,C015682,2025-11-25 19:00:00,Male,33,Silver,Shopee,Songkhla,1014,Web,Credit_Card,19,11,1,0,30-40,33.8,5.0,1.0,0.2,135,128,5587.924000000001,0.2,0.6,0.0,0.0,0.0,0,0,0.0,0.0,0,0,0.0,0.0,0,0,0.0,27939.620000000003,5,1,0.2,1
LGS2ORD0041519,C017604,2025-11-25 19:00:00,Male,42,Bronze,Shopee,Bangkok,465,Lazada,Credit_Card,19,11,1,0,40-50,15.5,5.0,4.0,0.8,23,36,8117.942,0.28,0.4,0.6,0.0,0.0,0,0,0.0,0.0,0,0,0.0,1079.78,1,1,1.0,40589.71,5,4,0.8,0
LGS2ORD0041520,C010716,2025-11-25 19:00:00,Female,44,Platinum,Lazada,Chiang Mai,838,TV_Show,Credit_Card,19,11,1,0,40-50,27.933333333333334,4.0,1.0,0.25,53,68,1244.83,0.35,0.25,0.75,0.0,0.0,0,0,0.0,0.0,0,0,0.0,728.01,1,1,1.0,4979.32,4,1,0.25,0
LGS2ORD0041521,C015879,2025-11-25 19:00:00,Female,46,Silver,CallCenter,Khon Kaen,639,Shopee,COD,19,11,1,0,40-50,21.3,7.0,1.0,0.14285714285714285,210,81,6629.37,0.2,0.5714285714285714,0.0,0.0,0.0,0,0,0.0,0.0,0,0,0.0,13417.59,1,0,0.0,46405.59,7,1,0.14285714285714285,1
LGS2ORD0041522,C010562,2025-11-25 20:00:00,Male,72,Silver,TV,Chonburi,1318,Web,COD,20,11,1,0,>50,43.93333333333333,4.0,3.0,0.75,-5,7,2390.555,0.25,0.75,0.5,0.0,0.0,0,0,0.0,933.06,1,1,1.0,3582.81,2,1,0.5,9562.22,4,3,0.75,0
LGS2ORD0041523,C015982,2025-11-25 20:00:00,Male,29,Gold,CallCenter,Songkhla,818,TV_Show,PromptPay,20,11,1,0,20-30,27.266666666666666,4.0,4.0,1.0,-3,12,4416.55,0.28,0.5,0.75,0.0,0.0,0,0,0.0,5130.43,1,1,1.0,16638.370000000003,3,3,1.0,17666.2,4,4,1.0,0
LGS2ORD0041524,C017032,2025-11-25 20:00:00,Female,36,Bronze,CallCenter,Nakhon Ratchasima,992,Shopee,COD,20,11,1,0,30-40,33.06666666666667,10.0,3.0,0.3,78,24,6101.25,0.28,0.9,0.3,0.0,0.0,0,0,0.0,1140.13,1,0,0.0,22313.600000000002,3,0,0.0,61012.5,10,3,0.3,1
LGS2ORD0041525,C012729,2025-11-25 20:00:00,Female,38,Silver,TV,Bangkok,1561,Shopee,Bank_Transfer,20,11,1,0,30-40,52.03333333333333,4.0,1.0,0.25,281,47,5852.07,0.2,0.0,0.0,0.0,0.0,0,0,0.0,0.0,0,0,0.0,731.15,1,0,0.0,23408.28,4,1,0.25,0
LGS2ORD0041526,C015515,2025-11-25 20:00:00,Male,58,Bronze,TV,Phuket,1463,Shopee,COD,20,11,1,0,>50,48.766666666666666,4.0,0.0,0.0,-1,87,9501.3725,0.18,0.5,0.0,0.0,0.0,0,0,0.0,0.0,0,0,0.0,3383.68,1,0,0.0,38005.49,4,0,0.0,0
LGS2ORD0041527,C011473,2025-11-25 21:00:00,Female,43,Bronze,Lazada,Songkhla,1393,Shopee,COD,21,11,1,0,40-50,46.43333333333333,2.0,0.0,0.0,-1,3,9372.08,0.18,0.5,0.0,0.0,12900.35,1,0,0.0,12900.35,1,0,0.0,12900.35,1,0,0.0,18744.16,2,0,0.0,0
LGS2ORD0041528,C010138,2025-11-25 21:00:00,Female,26,Silver,Shopee,Bangkok,1707,Lazada,COD,21,11,1,0,20-30,56.9,10.0,1.0,0.1,67,73,5316.740000000001,0.25,0.8,0.2,0.0,0.0,0,0,0.0,0.0,0,0,0.0,14580.390000000001,2,1,0.5,53167.40000000001,10,1,0.1,0
LGS2ORD0041529,C016182,2025-11-25 21:00:00,Male,27,Silver,Web,Khon Kaen,1618,Web,PromptPay,21,11,1,0,20-30,53.93333333333333,4.0,1.0,0.25,308,11,8306.94,0.2,0.5,0.0,0.0,0.0,0,0,0.0,1396.33,1,0,0.0,10955.37,2,0,0.0,33227.76,4,1,0.25,0
LGS2ORD0041530,C010989,2025-11-25 21:00:00,Male,42,Bronze,Lazada,Nakhon Ratchasima,1058,Web,COD,21,11,1,0,40-50,35.266666666666666,3.0,2.0,0.6666666666666666,-3,9,8196.316666666668,0.08,0.3333333333333333,0.0,0.0,0.0,0,0,0.0,1342.82,1,1,1.0,1342.82,1,1,1.0,24588.95,3,2,0.6666666666666666,0
LGS2ORD0041531,C010768,2025-11-25 21:00:00,Female,59,Silver,Shopee,Bangkok,629,Web,Bank_Transfer,21,11,1,0,>50,20.966666666666665,5.0,0.0,0.0,-1,186,1798.3899999999999,0.3,0.6,0.6,0.0,0.0,0,0,0.0,0.0,0,0,0.0,0.0,0,0,0.0,8991.949999999999,5,0,0.0,1
LGS2ORD0041532,C017183,2025-11-25 22:00:00,Male,53,Bronze,Web,Chiang Mai,1201,Web,COD,22,11,1,0,>50,40.03333333333333,3.0,1.0,0.3333333333333333,216,13,6379.139999999999,0.23,0.6666666666666666,0.3333333333333333,0.0,0.0,0,0,0.0,5245.86,1,0,0.0,15770.7,2,0,0.0,19137.42,3,1,0.3333333333333333,0
LGS2ORD0041533,C013184,2025-11-25 22:00:00,Male,37,Bronze,CallCenter,Khon Kaen,1600,CallCenter,COD,22,11,1,0,30-40,53.333333333333336,1.0,0.0,0.0,-1,56,1945.0,0.23,1.0,1.0,0.0,0.0,0,0,0.0,0.0,0,0,0.0,1945.0,1,0,0.0,1945.0,1,0,0.0,0
LGS2ORD0041534,C014988,2025-11-25 22:00:00,Male,35,Bronze,TV,Nakhon Ratchasima,1002,TV_Show,COD,22,11,1,0,30-40,33.4,1.0,0.0,0.0,-1,132,8528.72,0.13,0.0,0.0,0.0,0.0,0,0,0.0,0.0,0,0,0.0,0.0,0,0,0.0,8528.72,1,0,0.0,0
LGS2ORD0041535,C017614,2025-11-25 22:00:00,Female,24,Silver,TV,Chiang Mai,1175,Lazada,COD,22,11,1,0,20-30,39.166666666666664,6.0,0.0,0.0,-1,2,6491.111666666668,0.2,0.5,0.0,0.0,2432.43,1,0,0.0,2432.43,1,0,0.0,10055.61,2,0,0.0,38946.670000000006,6,0,0.0,0
LGS2ORD0041536,C010231,2025-11-25 22:00:00,Female,57,Silver,TV,Songkhla,709,CallCenter,Credit_Card,22,11,1,0,>50,23.633333333333333,9.0,3.0,0.3333333333333333,35,42,4328.7555555555555,0.3,0.3333333333333333,0.4444444444444444,0.0,0.0,0,0,0.0,0.0,0,0,0.0,23543.84,2,1,0.5,38958.8,9,3,0.3333333333333333,0
LGS2ORD0041537,C013608,2025-11-25 22:00:00,Female,56,Gold,Web,Bangkok,1426,Web,Bank_Transfer,22,11,1,0,>50,47.53333333333333,0.0,0.0,0.0,-1,-1,0.0,0.0,0.0,0.0,0.0,0.0,0,0,0.0,0.0,0,0,0.0,0.0,0,0,0.0,0.0,0,0,0.0,0
LGS2ORD0041538,C016047,2025-11-25 23:00:00,Male,25,Bronze,Shopee,Nakhon Ratchasima,1193,Web,COD,23,11,1,0,20-30,39.766666666666666,5.0,3.0,0.6,29,33,1746.586,0.23,0.4,0.6,0.0,0.0,0,0,0.0,0.0,0,0,0.0,1263.45,1,1,1.0,8732.93,5,3,0.6,0
LGS2ORD0041539,C011465,2025-11-25 23:00:00,Female,69,Silver,Web,Phuket,532,Lazada,Credit_Card,23,11,1,0,>50,17.733333333333334,3.0,1.0,0.3333333333333333,79,83,7104.8966666666665,0.25,0.0,0.3333333333333333,0.0,0.0,0,0,0.0,0.0,0,0,0.0,583.3,1,1,1.0,21314.69,3,1,0.3333333333333333,0
LGS2ORD0041540,C014559,2025-11-25 23:00:00,Female,34,Bronze,Web,Khon Kaen,1473,Web,PromptPay,23,11,1,0,30-40,49.1,4.0,1.0,0.25,171,52,12092.795,0.08,0.75,0.0,0.0,0.0,0,0,0.0,0.0,0,0,0.0,2894.03,1,0,0.0,48371.18,4,1,0.25,0
LGS2ORD0041541,C014123,2025-11-25 23:00:00,Female,53,Gold,Shopee,Bangkok,676,Web,COD,23,11,1,0,>50,22.533333333333335,2.0,1.0,0.5,177,158,4161.555,0.2299999999999999,0.5,1.0,0.0,0.0,0,0,0.0,0.0,0,0,0.0,0.0,0,0,0.0,8323.11,2,1,0.5,0
LGS2ORD0041542,C011257,2025-11-25 23:00:00,Male,23,Silver,CallCenter,Remote_Area,414,Lazada,COD,23,11,1,0,20-30,13.8,5.0,1.0,0.2,11,22,4732.342,0.25,0.6,0.2,0.0,0.0,0,0,0.0,4631.12,1,1,1.0,4631.12,1,1,1.0,23661.71,5,1,0.2,1
LGS2ORD0041543,C017196,2025-11-26 00:00:00,Male,45,Bronze,TV,Remote_Area,429,Web,COD,0,11,2,0,40-50,14.3,6.0,2.0,0.3333333333333333,85,92,4433.321666666667,0.23,0.3333333333333333,0.16666666666666666,0.0,0.0,0,0,0.0,0.0,0,0,0.0,0.0,0,0,0.0,26599.93,6,2,0.3333333333333333,1
LGS2ORD0041544,C015891,2025-11-26 00:00:00,Female,40,Bronze,TV,Phuket,763,Shopee,Bank_Transfer,0,11,2,0,30-40,25.433333333333334,10.0,3.0,0.3,123,55,8725.52,0.23,0.6,0.1,0.0,0.0,0,0,0.0,0.0,0,0,0.0,4555.879999999999,3,0,0.0,87255.20000000001,10,3,0.3,0
LGS2ORD0041545,C011447,2025-11-26 00:00:00,Male,39,Gold,TV,Chonburi,443,TV_Show,PromptPay,0,11,2,0,30-40,14.766666666666667,12.0,1.0,0.08333333333333333,215,40,5324.7,0.33,0.75,0.5,0.0,0.0,0,0,0.0,0.0,0,0,0.0,8125.16,2,0,0.0,63896.4,12,1,0.08333333333333333,0
LGS2ORD0041546,C010577,2025-11-26 00:00:00,Female,27,Gold,Web,Bangkok,446,Web,COD,0,11,2,0,20-30,14.866666666666667,2.0,0.0,0.0,-1,195,2290.87,0.18,0.5,0.0,0.0,0.0,0,0,0.0,0.0,0,0,0.0,0.0,0,0,0.0,4581.74,2,0,0.0,1
LGS2ORD0041547,C015945,2025-11-26 00:00:00,Male,44,Bronze,TV,Chonburi,1782,Lazada,Credit_Card,0,11,2,0,40-50,59.4,5.0,2.0,0.4,56,68,3133.982,0.23,0.2,0.2,0.0,0.0,0,0,0.0,0.0,0,0,0.0,2802.88,1,1,1.0,15669.91,5,2,0.4,0
LGS2ORD0041548,C011059,2025-11-26 01:00:00,Male,64,Gold,TV,Chonburi,1323,Lazada,COD,1,11,2,0,>50,44.1,10.0,2.0,0.2,278,0,3875.904,0.33,0.7,0.6,0.0,3292.88,1,0,0.0,3292.88,1,0,0.0,3292.88,1,0,0.0,38759.04,10,2,0.2,1
LGS2ORD0041549,C014972,2025-11-26 01:00:00,Male,30,Bronze,CallCenter,Nakhon Ratchasima,1607,TV_Show,Bank_Transfer,1,11,2,0,20-30,53.56666666666667,7.0,0.0,0.0,-1,23,12702.724285714285,0.28,0.2857142857142857,0.2857142857142857,0.0,0.0,0,0,0.0,2926.3,1,0,0.0,9987.95,2,0,0.0,88919.06999999999,7,0,0.0,0
LGS2ORD0041550,C010249,2025-11-26 01:00:00,Female,49,Platinum,Web,Bangkok,418,CallCenter,COD,1,11,2,0,40-50,13.933333333333334,3.0,1.0,0.3333333333333333,32,41,13266.976666666667,0.35,0.0,0.3333333333333333,0.0,0.0,0,0,0.0,0.0,0,0,0.0,37881.65,2,1,0.5,39800.93,3,1,0.3333333333333333,1
LGS2ORD0041551,C014857,2025-11-26 01:00:00,Female,69,Bronze,TV,Nakhon Ratchasima,1322,Web,Bank_Transfer,1,11,2,0,>50,44.06666666666667,9.0,2.0,0.2222222222222222,19,5,3811.1522222222216,0.28,0.4444444444444444,0.2222222222222222,0.0,1022.92,1,0,0.0,3486.94,2,1,0.5,3486.94,2,1,0.5,34300.369999999995,9,2,0.2222222222222222,1
LGS2ORD0041552,C013439,2025-11-26 01:00:00,Male,42,Silver,Web,Chonburi,512,CallCenter,COD,1,11,2,0,40-50,17.066666666666666,3.0,0.0,0.0,-1,21,6147.54,0.2,0.0,0.0,0.0,0.0,0,0,0.0,10149.06,2,0,0.0,10149.06,2,0,0.0,18442.62,3,0,0.0,0
LGS2ORD0041553,C012030,2025-11-26 02:00:00,Male,52,Bronze,TV,Bangkok,411,TV_Show,PromptPay,2,11,2,0,>50,13.7,4.0,0.0,0.0,-1,15,6218.125,0.23,0.25,0.25,0.0,0.0,0,0,0.0,10916.91,1,0,0.0,10916.91,1,0,0.0,24872.5,4,0,0.0,0
LGS2ORD0041554,C016928,2025-11-26 02:00:00,Female,36,Gold,Lazada,Nakhon Ratchasima,757,TV_Show,COD,2,11,2,0,30-40,25.233333333333334,3.0,1.0,0.3333333333333333,172,128,1700.03,0.33,1.0,1.0,0.0,0.0,0,0,0.0,0.0,0,0,0.0,0.0,0,0,0.0,5100.09,3,1,0.3333333333333333,0
LGS2ORD0041555,C017347,2025-11-26 02:00:00,Female,38,Gold,Web,Chiang Mai,371,Web,PromptPay,2,11,2,0,30-40,12.366666666666667,4.0,0.0,0.0,-1,88,2483.1675,0.18,0.25,0.0,0.0,0.0,0,0,0.0,0.0,0,0,0.0,765.11,1,0,0.0,9932.67,4,0,0.0,0
LGS2ORD0041556,C017160,2025-11-26 02:00:00,Male,65,Silver,Lazada,Phuket,1325,Shopee,PromptPay,2,11,2,0,>50,44.166666666666664,3.0,1.0,0.3333333333333333,39,21,3299.536666666667,0.25,0.3333333333333333,0.3333333333333333,0.0,0.0,0,0,0.0,4410.23,1,0,0.0,6032.719999999999,2,1,0.5,9898.61,3,1,0.3333333333333333,1
LGS2ORD0041557,C015328,2025-11-26 02:00:00,Female,72,Bronze,Lazada,Chonburi,1073,Lazada,Credit_Card,2,11,2,0,>50,35.766666666666666,3.0,1.0,0.3333333333333333,244,69,5529.296666666666,0.23,1.0,0.3333333333333333,0.0,0.0,0,0,0.0,0.0,0,0,0.0,4629.09,1,0,0.0,16587.89,3,1,0.3333333333333333,0
LGS2ORD0041558,C017111,2025-11-26 02:00:00,Male,26,Bronze,CallCenter,Bangkok,1470,Lazada,COD,2,11,2,0,20-30,49.0,10.0,2.0,0.2,99,12,9115.702,0.28,0.5,0.4,0.0,0.0,0,0,0.0,2499.59,1,0,0.0,18065.72,3,0,0.0,91157.01999999999,10,2,0.2,1
LGS2ORD0041559,C015856,2025-11-26 03:00:00,Female,63,Bronze,Shopee,Bangkok,784,Web,COD,3,11,2,0,>50,26.133333333333333,4.0,1.0,0.25,59,65,3598.125,0.23,0.75,0.25,0.0,0.0,0,0,0.0,0.0,0,0,0.0,9228.060000000001,2,1,0.5,14392.5,4,1,0.25,1
LGS2ORD0041560,C010056,2025-11-26 03:00:00,Male,42,Gold,Web,Bangkok,804,TV_Show,COD,3,11,2,0,40-50,26.8,1.0,0.0,0.0,-1,78,1800.45,0.13,0.0,0.0,0.0,0.0,0,0,0.0,0.0,0,0,0.0,1800.45,1,0,0.0,1800.45,1,0,0.0,0
LGS2ORD0041561,C012028,2025-11-26 03:00:00,Other,31,Bronze,TV,Chiang Mai,1519,TV_Show,COD,3,11,2,0,30-40,50.63333333333333,3.0,1.0,0.3333333333333333,-3,9,21031.25,0.28,0.0,0.3333333333333333,0.0,0.0,0,0,0.0,22375.98,2,1,0.5,63093.75,3,1,0.3333333333333333,63093.75,3,1,0.3333333333333333,0
LGS2ORD0041562,C017746,2025-11-26 03:00:00,Male,65,Silver,TV,Chonburi,449,CallCenter,Credit_Card,3,11,2,0,>50,14.966666666666667,10.0,3.0,0.3,76,10,5033.262000000001,0.3,0.5,0.4,0.0,0.0,0,0,0.0,14993.009999999998,2,0,0.0,26186.969999999998,4,1,0.25,50332.62,10,3,0.3,0
LGS2ORD0041563,C014191,2025-11-26 03:00:00,Male,29,Bronze,TV,Nakhon Ratchasima,1473,Lazada,COD,3,11,2,0,20-30,49.1,9.0,2.0,0.2222222222222222,36,46,7060.131111111111,0.28,0.7777777777777778,0.2222222222222222,0.0,0.0,0,0,0.0,0.0,0,0,0.0,26301.76,3,2,0.6666666666666666,63541.18,9,2,0.2222222222222222,1
LGS2ORD0041564,C017065,2025-11-26 04:00:00,Male,50,Bronze,Lazada,Bangkok,881,Lazada,Credit_Card,4,11,2,0,40-50,29.366666666666667,1.0,0.0,0.0,-1,4,12498.76,0.03,0.0,0.0,0.0,12498.76,1,0,0.0,12498.76,1,0,0.0,12498.76,1,0,0.0,12498.76,1,0,0.0,0
LGS2ORD0041565,C011282,2025-11-26 04:00:00,Male,52,Bronze,Web,Chiang Mai,1214,Shopee,Credit_Card,4,11,2,0,>50,40.46666666666667,7.0,1.0,0.14285714285714285,239,51,2807.894285714286,0.28,0.7142857142857143,0.42857142857142855,0.0,0.0,0,0,0.0,0.0,0,0,0.0,4802.3099999999995,2,0,0.0,19655.260000000002,7,1,0.14285714285714285,0
LGS2ORD0041566,C010211,2025-11-26 04:00:00,Male,29,Bronze,Web,Nakhon Ratchasima,460,Shopee,PromptPay,4,11,2,0,20-30,15.333333333333334,7.0,3.0,0.42857142857142855,177,79,2249.2714285714287,0.28,0.5714285714285714,0.2857142857142857,0.0,0.0,0,0,0.0,0.0,0,0,0.0,1930.61,1,0,0.0,15744.900000000001,7,3,0.42857142857142855,1
LGS2ORD0041567,C011087,2025-11-26 04:00:00,Female,50,Bronze,TV,Bangkok,1152,TV_Show,COD,4,11,2,0,40-50,38.4,7.0,0.0,0.0,-1,25,4388.338571428571,0.28,0.2857142857142857,0.2857142857142857,0.0,0.0,0,0,0.0,2301.73,1,0,0.0,12771.57,2,0,0.0,30718.37,7,0,0.0,0
LGS2ORD0041568,C016898,2025-11-26 04:00:00,Female,49,Bronze,Shopee,Phuket,1596,Lazada,Bank_Transfer,4,11,2,0,40-50,53.2,15.0,4.0,0.26666666666666666,80,58,7101.299333333333,0.28,0.4,0.26666666666666666,0.0,0.0,0,0,0.0,0.0,0,0,0.0,3976.39,1,0,0.0,106519.49,15,4,0.26666666666666666,0
LGS2ORD0041569,C015779,2025-11-26 05:00:00,Male,44,Bronze,Lazada,Bangkok,974,TV_Show,COD,5,11,2,0,40-50,32.46666666666667,5.0,0.0,0.0,-1,1,2584.096,0.23,0.2,0.4,0.0,8068.86,2,0,0.0,8068.86,2,0,0.0,8068.86,2,0,0.0,12920.48,5,0,0.0,0
LGS2ORD0041570,C010447,2025-11-26 05:00:00,Male,40,Bronze,TV,Bangkok,1376,CallCenter,COD,5,11,2,0,30-40,45.86666666666667,1.0,0.0,0.0,-1,26,5217.84,0.13,0.0,0.0,0.0,0.0,0,0,0.0,5217.84,1,0,0.0,5217.84,1,0,0.0,5217.84,1,0,0.0,1
LGS2ORD0041571,C012031,2025-11-26 05:00:00,Female,27,Silver,Web,Khon Kaen,1145,Web,Credit_Card,5,11,2,0,20-30,38.166666666666664,11.0,2.0,0.18181818181818182,14,21,5333.397272727273,0.25,0.5454545454545454,0.2727272727272727,0.0,0.0,0,0,0.0,7380.9,2,1,0.5,21565.29,4,1,0.25,58667.37,11,2,0.18181818181818182,0
LGS2ORD0041572,C011867,2025-11-26 05:00:00,Female,42,Silver,Shopee,Bangkok,1297,Shopee,COD,5,11,2,0,40-50,43.233333333333334,5.0,2.0,0.4,130,79,3259.746,0.25,1.0,0.4,0.0,0.0,0,0,0.0,0.0,0,0,0.0,7305.32,1,0,0.0,16298.73,5,2,0.4,0
LGS2ORD0041573,C011915,2025-11-26 05:00:00,Female,40,Platinum,Shopee,Bangkok,1530,Lazada,Credit_Card,5,11,2,0,30-40,51.0,3.0,0.0,0.0,-1,155,7644.563333333333,0.15,0.3333333333333333,0.0,0.0,0.0,0,0,0.0,0.0,0,0,0.0,0.0,0,0,0.0,22933.69,3,0,0.0,0
LGS2ORD0041574,C012208,2025-11-26 06:00:00,Female,39,Bronze,Lazada,Bangkok,1455,CallCenter,Credit_Card,6,11,2,0,30-40,48.5,1.0,0.0,0.0,-1,114,4097.38,0.08,1.0,0.0,0.0,0.0,0,0,0.0,0.0,0,0,0.0,0.0,0,0,0.0,4097.38,1,0,0.0,0
LGS2ORD0041575,C012383,2025-11-26 06:00:00,Female,48,Gold,Shopee,Bangkok,1599,TV_Show,COD,6,11,2,0,40-50,53.3,5.0,0.0,0.0,-1,114,5272.718,0.28,0.6,0.8,0.0,0.0,0,0,0.0,0.0,0,0,0.0,0.0,0,0,0.0,26363.59,5,0,0.0,1
LGS2ORD0041576,C013739,2025-11-26 06:00:00,Female,50,Silver,Lazada,Nakhon Ratchasima,605,Web,COD,6,11,2,0,40-50,20.166666666666668,7.0,1.0,0.14285714285714285,70,6,7128.910000000001,0.25,0.42857142857142855,0.2857142857142857,0.0,1492.1,1,0,0.0,9501.83,2,0,0.0,32185.26,4,1,0.25,49902.37,7,1,0.14285714285714285,0
LGS2ORD0041577,C013891,2025-11-26 06:00:00,Female,35,Silver,Lazada,Remote_Area,1171,Shopee,COD,6,11,2,0,30-40,39.03333333333333,2.0,0.0,0.0,-1,15,2041.05,0.2,1.0,0.0,0.0,0.0,0,0,0.0,2512.91,1,0,0.0,2512.91,1,0,0.0,4082.1,2,0,0.0,0
LGS2ORD0041578,C011229,2025-11-26 06:00:00,Male,42,Silver,Web,Bangkok,1680,TV_Show,COD,6,11,2,0,40-50,56.0,6.0,2.0,0.3333333333333333,23,21,6838.95,0.3,0.5,0.16666666666666666,0.0,0.0,0,0,0.0,25394.64,2,1,0.5,28968.629999999997,3,1,0.3333333333333333,41033.7,6,2,0.3333333333333333,0
LGS2ORD0041579,C016108,2025-11-26 06:00:00,Male,38,Bronze,Web,Chonburi,1341,Web,PromptPay,6,11,2,0,30-40,44.7,3.0,0.0,0.0,-1,1,4290.426666666667,0.23,0.3333333333333333,0.3333333333333333,0.0,4117.76,1,0,0.0,4117.76,1,0,0.0,4117.76,1,0,0.0,12871.28,3,0,0.0,0
LGS2ORD0041580,C010949,2025-11-26 07:00:00,Female,34,Silver,Shopee,Bangkok,695,TV_Show,COD,7,11,2,0,30-40,23.166666666666668,7.0,2.0,0.2857142857142857,102,10,3018.6385714285716,0.3,0.7142857142857143,0.2857142857142857,0.0,0.0,0,0,0.0,2733.18,1,0,0.0,2733.18,1,0,0.0,21130.47,7,2,0.2857142857142857,1
LGS2ORD0041581,C015705,2025-11-26 07:00:00,Female,62,Bronze,TV,Phuket,1582,Shopee,Credit_Card,7,11,2,0,>50,52.733333333333334,2.0,0.0,0.0,-1,75,2022.9900000000002,0.18,0.0,0.0,0.0,0.0,0,0,0.0,0.0,0,0,0.0,716.95,1,0,0.0,4045.9800000000005,2,0,0.0,0
LGS2ORD0041582,C011380,2025-11-26 07:00:00,Female,26,Bronze,Shopee,Khon Kaen,1591,Lazada,COD,7,11,2,0,20-30,53.03333333333333,5.0,2.0,0.4,179,87,4903.8240000000005,0.28,0.6,0.6,0.0,0.0,0,0,0.0,0.0,0,0,0.0,9643.91,1,0,0.0,24519.120000000003,5,2,0.4,0
LGS2ORD0041583,C014538,2025-11-26 07:00:00,Male,57,Bronze,Shopee,Bangkok,923,Web,COD,7,11,2,0,>50,30.766666666666666,3.0,2.0,0.6666666666666666,216,19,4267.283333333334,0.13,0.3333333333333333,0.0,0.0,0.0,0,0,0.0,2248.36,1,0,0.0,2248.36,1,0,0.0,12801.85,3,2,0.6666666666666666,1
LGS2ORD0041584,C015681,2025-11-26 07:00:00,Female,33,Silver,Lazada,Chonburi,1691,Web,COD,7,11,2,0,30-40,56.36666666666667,3.0,0.0,0.0,-1,2,11007.49,0.15,1.0,0.0,0.0,28815.52,1,0,0.0,28815.52,1,0,0.0,28815.52,1,0,0.0,33022.47,3,0,0.0,0
LGS2ORD0041585,C017972,2025-11-26 08:00:00,Female,50,Gold,CallCenter,Chiang Mai,767,TV_Show,COD,8,11,2,0,40-50,25.566666666666666,2.0,0.0,0.0,-1,186,1189.045,0.28,0.5,0.5,0.0,0.0,0,0,0.0,0.0,0,0,0.0,0.0,0,0,0.0,2378.09,2,0,0.0,0
LGS2ORD0041586,C015471,2025-11-26 08:00:00,Male,27,Silver,Web,Chiang Mai,855,CallCenter,COD,8,11,2,0,20-30,28.5,9.0,2.0,0.2222222222222222,102,4,2585.69,0.3,0.5555555555555556,0.3333333333333333,0.0,5171.01,1,0,0.0,7660.83,2,0,0.0,13789.78,3,0,0.0,23271.21,9,2,0.2222222222222222,0
LGS2ORD0041587,C011935,2025-11-26 08:00:00,Female,45,Bronze,TV,Remote_Area,1440,TV_Show,Bank_Transfer,8,11,2,0,40-50,48.0,5.0,3.0,0.6,42,51,9294.039999999999,0.18,0.2,0.0,0.0,0.0,0,0,0.0,0.0,0,0,0.0,4895.139999999999,2,1,0.5,46470.2,5,3,0.6,0
LGS2ORD0041588,C011006,2025-11-26 08:00:00,Female,30,Bronze,Shopee,Remote_Area,1193,Shopee,COD,8,11,2,0,20-30,39.766666666666666,8.0,1.0,0.125,234,21,4780.6675,0.23,0.5,0.25,0.0,0.0,0,0,0.0,8676.27,2,0,0.0,16587.67,4,0,0.0,38245.34,8,1,0.125,0
LGS2ORD0041589,C015207,2025-11-26 08:00:00,Female,49,Gold,TV,Bangkok,588,TV_Show,COD,8,11,2,0,40-50,19.6,4.0,0.0,0.0,-1,58,5460.25,0.28,0.0,0.75,0.0,0.0,0,0,0.0,0.0,0,0,0.0,11972.27,2,0,0.0,21841.0,4,0,0.0,0
LGS2ORD0041590,C010285,2025-11-26 09:00:00,Female,38,Silver,Shopee,Khon Kaen,530,Web,COD,9,11,2,0,30-40,17.666666666666668,2.0,0.0,0.0,-1,112,787.8,0.1,1.0,0.0,0.0,0.0,0,0,0.0,0.0,0,0,0.0,0.0,0,0,0.0,1575.6,2,0,0.0,1
LGS2ORD0041591,C016882,2025-11-26 09:00:00,Female,25,Silver,Web,Bangkok,713,CallCenter,COD,9,11,2,0,20-30,23.766666666666666,1.0,1.0,1.0,265,275,1043.72,0.1,1.0,0.0,0.0,0.0,0,0,0.0,0.0,0,0,0.0,0.0,0,0,0.0,1043.72,1,1,1.0,1
LGS2ORD0041592,C011231,2025-11-26 09:00:00,Female,49,Platinum,TV,Khon Kaen,1711,CallCenter,Bank_Transfer,9,11,2,0,40-50,57.03333333333333,3.0,0.0,0.0,-1,173,2418.7599999999998,0.25,0.6666666666666666,0.6666666666666666,0.0,0.0,0,0,0.0,0.0,0,0,0.0,0.0,0,0,0.0,7256.28,3,0,0.0,0
LGS2ORD0041593,C013701,2025-11-26 09:00:00,Other,66,Gold,CallCenter,Khon Kaen,1500,Web,COD,9,11,2,0,>50,50.0,7.0,1.0,0.14285714285714285,244,28,4277.905714285714,0.28,0.42857142857142855,0.42857142857142855,0.0,0.0,0,0,0.0,4568.8,1,0,0.0,6645.24,2,0,0.0,29945.339999999997,7,1,0.14285714285714285,0
LGS2ORD0041594,C015645,2025-11-26 09:00:00,Male,24,Bronze,Lazada,Remote_Area,1516,Shopee,PromptPay,9,11,2,0,20-30,50.53333333333333,3.0,1.0,0.3333333333333333,148,158,3782.56,0.23,0.6666666666666666,0.3333333333333333,0.0,0.0,0,0,0.0,0.0,0,0,0.0,0.0,0,0,0.0,11347.68,3,1,0.3333333333333333,0
LGS2ORD0041595,C011236,2025-11-26 10:00:00,Female,49,Silver,CallCenter,Bangkok,1238,Web,PromptPay,10,11,2,0,40-50,41.266666666666666,6.0,3.0,0.5,47,65,4698.276666666668,0.3,0.8333333333333334,0.6666666666666666,0.0,0.0,0,0,0.0,0.0,0,0,0.0,2949.04,1,1,1.0,28189.660000000003,6,3,0.5,1
LGS2ORD0041596,C010694,2025-11-26 10:00:00,Male,54,Gold,TV,Bangkok,520,Web,Bank_Transfer,10,11,2,0,>50,17.333333333333332,5.0,0.0,0.0,-1,20,2722.288,0.33,0.0,0.6,0.0,0.0,0,0,0.0,10054.93,2,0,0.0,11806.01,3,0,0.0,13611.44,5,0,0.0,0
LGS2ORD0041597,C015413,2025-11-26 10:00:00,Male,25,Silver,Shopee,Phuket,565,TV_Show,COD,10,11,2,0,20-30,18.833333333333332,3.0,3.0,1.0,42,49,5338.303333333333,0.3,0.6666666666666666,0.3333333333333333,0.0,0.0,0,0,0.0,0.0,0,0,0.0,4975.62,1,1,1.0,16014.91,3,3,1.0,1
LGS2ORD0041598,C015201,2025-11-26 10:00:00,Female,38,Silver,TV,Bangkok,1179,Web,COD,10,11,2,0,30-40,39.3,5.0,1.0,0.2,55,64,2135.638,0.3,0.4,0.4,0.0,0.0,0,0,0.0,0.0,0,0,0.0,1822.53,1,1,1.0,10678.19,5,1,0.2,0
LGS2ORD0041599,C016854,2025-11-26 10:00:00,Female,41,Silver,TV,Khon Kaen,356,CallCenter,COD,10,11,2,0,40-50,11.866666666666667,4.0,1.0,0.25,170,112,10729.94,0.3,0.5,0.5,0.0,0.0,0,0,0.0,0.0,0,0,0.0,0.0,0,0,0.0,42919.76,4,1,0.25,0
LGS2ORD0041600,C013452,2025-11-26 10:00:00,Male,43,Bronze,Web,Chiang Mai,1269,TV_Show,PromptPay,10,11,2,0,40-50,42.3,5.0,2.0,0.4,7,13,7601.795999999999,0.23,0.4,0.2,0.0,0.0,0,0,0.0,24110.55,1,1,1.0,24110.55,1,1,1.0,38008.979999999996,5,2,0.4,0
LGS2ORD0041601,C016443,2025-11-26 11:00:00,Male,44,Silver,Web,Bangkok,1768,Web,Bank_Transfer,11,11,2,0,40-50,58.93333333333333,13.0,5.0,0.38461538461538464,124,59,8451.736153846154,0.25,0.6923076923076923,0.15384615384615385,0.0,0.0,0,0,0.0,0.0,0,0,0.0,14392.73,1,0,0.0,109872.56999999999,13,5,0.38461538461538464,0
LGS2ORD0041602,C010675,2025-11-26 11:00:00,Female,44,Gold,Web,Chiang Mai,669,Lazada,PromptPay,11,11,2,0,40-50,22.3,6.0,0.0,0.0,-1,26,4383.421666666666,0.33,0.3333333333333333,0.3333333333333333,0.0,0.0,0,0,0.0,602.25,1,0,0.0,4157.54,2,0,0.0,26300.53,6,0,0.0,0
LGS2ORD0041603,C016393,2025-11-26 11:00:00,Other,36,Silver,Lazada,Songkhla,1033,TV_Show,Credit_Card,11,11,2,0,30-40,34.43333333333333,4.0,0.0,0.0,-1,72,2505.3,0.25,0.75,0.25,0.0,0.0,0,0,0.0,0.0,0,0,0.0,365.89,1,0,0.0,10021.2,4,0,0.0,1
LGS2ORD0041604,C012139,2025-11-26 11:00:00,Male,54,Bronze,Shopee,Khon Kaen,1335,TV_Show,COD,11,11,2,0,>50,44.5,1.0,0.0,0.0,-1,60,500.09,0.18,0.0,0.0,0.0,0.0,0,0,0.0,0.0,0,0,0.0,500.09,1,0,0.0,500.09,1,0,0.0,0
LGS2ORD0041605,C014476,2025-11-26 11:00:00,Other,25,Silver,TV,Bangkok,970,TV_Show,COD,11,11,2,0,20-30,32.333333333333336,6.0,4.0,0.6666666666666666,39,51,6495.07,0.25,0.5,0.16666666666666666,0.0,0.0,0,0,0.0,0.0,0,0,0.0,27994.11,2,2,1.0,38970.42,6,4,0.6666666666666666,0
LGS2ORD0041606,C011519,2025-11-26 12:00:00,Male,59,Bronze,CallCenter,Remote_Area,685,Shopee,COD,12,11,2,0,>50,22.833333333333332,9.0,2.0,0.2222222222222222,220,29,6297.176666666666,0.23,0.3333333333333333,0.4444444444444444,0.0,0.0,0,0,0.0,5795.64,1,0,0.0,5795.64,1,0,0.0,56674.59,9,2,0.2222222222222222,0
LGS2ORD0041607,C012445,2025-11-26 12:00:00,Male,42,Bronze,CallCenter,Chonburi,471,Shopee,COD,12,11,2,0,40-50,15.7,4.0,3.0,0.75,101,113,1532.105,0.23,0.5,0.25,0.0,0.0,0,0,0.0,0.0,0,0,0.0,0.0,0,0,0.0,6128.42,4,3,0.75,0
LGS2ORD0041608,C013466,2025-11-26 12:00:00,Female,49,Bronze,Web,Songkhla,440,CallCenter,PromptPay,12,11,2,0,40-50,14.666666666666666,5.0,0.0,0.0,-1,29,11804.024,0.23,0.6,0.2,0.0,0.0,0,0,0.0,29410.49,1,0,0.0,29410.49,1,0,0.0,59020.119999999995,5,0,0.0,0
LGS2ORD0041609,C014473,2025-11-26 12:00:00,Female,47,Gold,Shopee,Bangkok,682,TV_Show,Credit_Card,12,11,2,0,40-50,22.733333333333334,4.0,1.0,0.25,77,80,4292.145,0.33,0.0,0.5,0.0,0.0,0,0,0.0,0.0,0,0,0.0,4987.84,1,1,1.0,17168.58,4,1,0.25,0
LGS2ORD0041610,C013035,2025-11-26 12:00:00,Female,46,Gold,CallCenter,Chiang Mai,389,Lazada,Credit_Card,12,11,2,0,40-50,12.966666666666667,4.0,0.0,0.0,-1,51,1117.6575,0.33,0.25,0.5,0.0,0.0,0,0,0.0,0.0,0,0,0.0,889.98,1,0,0.0,4470.63,4,0,0.0,0
LGS2ORD0041611,C016604,2025-11-26 13:00:00,Female,49,Silver,TV,Chiang Mai,1012,Lazada,PromptPay,13,11,2,0,40-50,33.733333333333334,4.0,1.0,0.25,257,1,2163.0975000000003,0.3,1.0,0.5,0.0,716.11,1,0,0.0,716.11,1,0,0.0,716.11,1,0,0.0,8652.390000000001,4,1,0.25,0
LGS2ORD0041612,C016800,2025-11-26 13:00:00,Female,34,Bronze,TV,Bangkok,942,TV_Show,COD,13,11,2,0,30-40,31.4,5.0,2.0,0.4,38,41,5848.306,0.23,0.4,0.6,0.0,0.0,0,0,0.0,0.0,0,0,0.0,2498.57,1,1,1.0,29241.53,5,2,0.4,0
LGS2ORD0041613,C016716,2025-11-26 13:00:00,Female,48,Silver,Lazada,Bangkok,552,Shopee,COD,13,11,2,0,40-50,18.4,8.0,2.0,0.25,17,26,4831.855,0.3,0.625,0.375,0.0,0.0,0,0,0.0,5569.76,1,1,1.0,7846.950000000001,2,2,1.0,38654.84,8,2,0.25,0
LGS2ORD0041614,C013777,2025-11-26 13:00:00,Female,42,Bronze,Shopee,Nakhon Ratchasima,734,Lazada,COD,13,11,2,0,40-50,24.466666666666665,2.0,1.0,0.5,217,64,2643.335,0.18,0.5,0.0,0.0,0.0,0,0,0.0,0.0,0,0,0.0,2147.19,1,0,0.0,5286.67,2,1,0.5,1
LGS2ORD0041615,C014022,2025-11-26 13:00:00,Female,45,Silver,Web,Nakhon Ratchasima,1553,CallCenter,PromptPay,13,11,2,0,40-50,51.766666666666666,5.0,3.0,0.6,161,124,3268.18,0.25,0.8,0.2,0.0,0.0,0,0,0.0,0.0,0,0,0.0,0.0,0,0,0.0,16340.9,5,3,0.6,0
LGS2ORD0041616,C014547,2025-11-26 14:00:00,Female,30,Bronze,TV,Chonburi,953,Web,Credit_Card,14,11,2,0,20-30,31.766666666666666,6.0,3.0,0.5,43,60,3419.8866666666668,0.28,0.8333333333333334,0.16666666666666666,0.0,0.0,0,0,0.0,0.0,0,0,0.0,3330.11,1,1,1.0,20519.32,6,3,0.5,0
LGS2ORD0041617,C017949,2025-11-26 14:00:00,Female,41,Gold,Web,Khon Kaen,763,Lazada,COD,14,11,2,0,40-50,25.433333333333334,10.0,2.0,0.2,-8,3,3231.6690000000003,0.28,0.5,0.5,0.0,6747.08,2,1,0.5,8012.290000000001,3,1,0.3333333333333333,8012.290000000001,3,1,0.3333333333333333,32316.690000000002,10,2,0.2,0
LGS2ORD0041618,C011786,2025-11-26 14:00:00,Male,58,Bronze,CallCenter,Bangkok,913,Lazada,COD,14,11,2,0,>50,30.433333333333334,7.0,2.0,0.2857142857142857,-6,8,7516.137142857143,0.23,0.5714285714285714,0.14285714285714285,0.0,0.0,0,0,0.0,5511.38,1,1,1.0,24639.5,2,1,0.5,52612.96,7,2,0.2857142857142857,0
LGS2ORD0041619,C013270,2025-11-26 14:00:00,Female,38,Bronze,TV,Khon Kaen,1377,Shopee,COD,14,11,2,0,30-40,45.9,8.0,2.0,0.25,128,136,7793.514999999999,0.28,0.75,0.375,0.0,0.0,0,0,0.0,0.0,0,0,0.0,0.0,0,0,0.0,62348.119999999995,8,2,0.25,0
LGS2ORD0041620,C017898,2025-11-26 14:00:00,Female,45,Bronze,TV,Bangkok,1177,Web,COD,14,11,2,0,40-50,39.233333333333334,8.0,2.0,0.25,163,67,5115.19375,0.23,0.75,0.125,0.0,0.0,0,0,0.0,0.0,0,0,0.0,18516.83,1,0,0.0,40921.55,8,2,0.25,1
LGS2ORD0041621,C010683,2025-11-26 14:00:00,Male,50,Silver,Shopee,Khon Kaen,595,Shopee,COD,14,11,2,0,40-50,19.833333333333332,10.0,1.0,0.1,147,15,6492.744000000001,0.2,0.4,0.0,0.0,0.0,0,0,0.0,2268.85,1,0,0.0,16755.87,3,0,0.0,64927.44,10,1,0.1,0
LGS2ORD0041622,C011312,2025-11-26 15:00:00,Male,66,Silver,Web,Bangkok,1030,Lazada,PromptPay,15,11,2,0,>50,34.333333333333336,4.0,1.0,0.25,260,58,7877.557499999999,0.25,0.25,0.25,0.0,0.0,0,0,0.0,0.0,0,0,0.0,10077.56,1,0,0.0,31510.229999999996,4,1,0.25,0
LGS2ORD0041623,C013435,2025-11-26 15:00:00,Other,35,Bronze,Shopee,Phuket,1246,Lazada,COD,15,11,2,0,30-40,41.53333333333333,4.0,2.0,0.5,149,155,8639.0425,0.18,0.5,0.0,0.0,0.0,0,0,0.0,0.0,0,0,0.0,0.0,0,0,0.0,34556.17,4,2,0.5,1
LGS2ORD0041624,C016203,2025-11-26 15:00:00,Male,46,Bronze,Shopee,Remote_Area,1566,Shopee,PromptPay,15,11,2,0,40-50,52.2,8.0,1.0,0.125,68,11,3359.8762500000003,0.28,0.75,0.5,0.0,0.0,0,0,0.0,5368.25,1,0,0.0,9029.31,3,1,0.3333333333333333,26879.010000000002,8,1,0.125,0
LGS2ORD0041625,C012078,2025-11-26 15:00:00,Male,36,Silver,Web,Chiang Mai,882,Shopee,PromptPay,15,11,2,0,30-40,29.4,3.0,0.0,0.0,-1,85,5176.97,0.15,0.3333333333333333,0.0,0.0,0.0,0,0,0.0,0.0,0,0,0.0,5997.85,1,0,0.0,15530.910000000002,3,0,0.0,0
LGS2ORD0041626,C015243,2025-11-26 15:00:00,Male,45,Bronze,TV,Songkhla,519,Shopee,COD,15,11,2,0,40-50,17.3,8.0,5.0,0.625,9,4,3016.5537499999996,0.23,0.625,0.125,0.0,9850.64,1,0,0.0,11208.05,2,1,0.5,17086.559999999998,4,2,0.5,24132.429999999997,8,5,0.625,1
LGS2ORD0041627,C010884,2025-11-26 16:00:00,Female,33,Gold,CallCenter,Nakhon Ratchasima,632,TV_Show,COD,16,11,2,0,30-40,21.066666666666666,6.0,3.0,0.5,22,32,5005.506666666667,0.33,0.6666666666666666,0.8333333333333334,0.0,0.0,0,0,0.0,0.0,0,0,0.0,15687.95,1,1,1.0,30033.04,6,3,0.5,1
LGS2ORD0041628,C013146,2025-11-26 16:00:00,Male,31,Bronze,TV,Songkhla,620,TV_Show,COD,16,11,2,0,30-40,20.666666666666668,5.0,3.0,0.6,62,76,5565.094,0.23,0.6,0.2,0.0,0.0,0,0,0.0,0.0,0,0,0.0,973.98,1,1,1.0,27825.47,5,3,0.6,1
LGS2ORD0041629,C011676,2025-11-26 16:00:00,Male,28,Gold,Shopee,Nakhon Ratchasima,1236,Shopee,COD,16,11,2,0,20-30,41.2,9.0,1.0,0.1111111111111111,30,47,3476.177777777778,0.33,0.4444444444444444,0.4444444444444444,0.0,0.0,0,0,0.0,0.0,0,0,0.0,7534.96,2,1,0.5,31285.600000000002,9,1,0.1111111111111111,1
LGS2ORD0041630,C014615,2025-11-26 16:00:00,Male,41,Silver,Web,Chiang Mai,1143,CallCenter,Credit_Card,16,11,2,0,40-50,38.1,1.0,0.0,0.0,-1,269,1681.22,0.2,1.0,0.0,0.0,0.0,0,0,0.0,0.0,0,0,0.0,0.0,0,0,0.0,1681.22,1,0,0.0,0
LGS2ORD0041631,C015798,2025-11-26 16:00:00,Female,18,Bronze,Shopee,Bangkok,977,Web,COD,16,11,2,0,<20,32.56666666666667,4.0,0.0,0.0,-1,88,4228.26,0.18,0.5,0.0,0.0,0.0,0,0,0.0,0.0,0,0,0.0,342.39,1,0,0.0,16913.04,4,0,0.0,0
LGS2ORD0041632,C013170,2025-11-26 17:00:00,Other,30,Silver,Web,Chonburi,1556,Shopee,COD,17,11,2,0,20-30,51.86666666666667,3.0,1.0,0.3333333333333333,159,33,15159.460000000001,0.2,0.6666666666666666,0.0,0.0,0.0,0,0,0.0,0.0,0,0,0.0,10666.76,1,0,0.0,45478.380000000005,3,1,0.3333333333333333,1
LGS2ORD0041633,C016471,2025-11-26 17:00:00,Female,28,Gold,Web,Bangkok,878,Shopee,COD,17,11,2,0,20-30,29.266666666666666,3.0,1.0,0.3333333333333333,172,178,5887.633333333332,0.33,0.3333333333333333,0.6666666666666666,0.0,0.0,0,0,0.0,0.0,0,0,0.0,0.0,0,0,0.0,17662.899999999998,3,1,0.3333333333333333,0
LGS2ORD0041634,C016823,2025-11-26 17:00:00,Other,45,Bronze,TV,Phuket,643,Shopee,COD,17,11,2,0,40-50,21.433333333333334,8.0,4.0,0.5,51,11,4098.844999999999,0.23,0.875,0.25,0.0,0.0,0,0,0.0,1261.79,1,0,0.0,7253.04,2,1,0.5,32790.759999999995,8,4,0.5,0
LGS2ORD0041635,C012063,2025-11-26 17:00:00,Female,59,Silver,Shopee,Chiang Mai,1556,Lazada,COD,17,11,2,0,>50,51.86666666666667,7.0,0.0,0.0,-1,8,4969.115714285715,0.3,0.5714285714285714,0.42857142857142855,0.0,0.0,0,0,0.0,8472.24,1,0,0.0,19115.91,4,0,0.0,34783.810000000005,7,0,0.0,0
LGS2ORD0041636,C012382,2025-11-26 17:00:00,Female,44,Silver,TV,Songkhla,1311,Shopee,Credit_Card,17,11,2,0,40-50,43.7,3.0,1.0,0.3333333333333333,152,95,12878.79,0.15,0.3333333333333333,0.0,0.0,0.0,0,0,0.0,0.0,0,0,0.0,0.0,0,0,0.0,38636.37,3,1,0.3333333333333333,0
LGS2ORD0041637,C013103,2025-11-26 17:00:00,Female,67,Gold,Lazada,Bangkok,469,Web,Bank_Transfer,17,11,2,0,>50,15.633333333333333,4.0,1.0,0.25,37,14,6353.727499999999,0.33,0.5,0.75,0.0,0.0,0,0,0.0,5472.01,1,0,0.0,6293.22,2,1,0.5,25414.909999999996,4,1,0.25,1
LGS2ORD0041638,C014992,2025-11-26 18:00:00,Other,48,Platinum,Web,Chiang Mai,1112,Shopee,COD,18,11,2,0,40-50,37.06666666666667,5.0,0.0,0.0,-1,53,4545.59,0.35,0.2,0.6,0.0,0.0,0,0,0.0,0.0,0,0,0.0,2565.39,1,0,0.0,22727.95,5,0,0.0,0
LGS2ORD0041639,C012751,2025-11-26 18:00:00,Other,34,Silver,Web,Chiang Mai,544,Web,COD,18,11,2,0,30-40,18.133333333333333,3.0,0.0,0.0,-1,107,3713.0099999999998,0.2,0.6666666666666666,0.0,0.0,0.0,0,0,0.0,0.0,0,0,0.0,0.0,0,0,0.0,11139.029999999999,3,0,0.0,0
LGS2ORD0041640,C010755,2025-11-26 18:00:00,Male,29,Gold,CallCenter,Bangkok,485,Lazada,COD,18,11,2,0,20-30,16.166666666666668,4.0,0.0,0.0,-1,24,10951.7925,0.28,1.0,0.5,0.0,0.0,0,0,0.0,5292.97,1,0,0.0,36226.47,3,0,0.0,43807.17,4,0,0.0,0
LGS2ORD0041641,C011789,2025-11-26 18:00:00,Other,40,Bronze,Shopee,Khon Kaen,1075,TV_Show,Credit_Card,18,11,2,0,30-40,35.833333333333336,6.0,0.0,0.0,-1,20,8298.041666666666,0.23,0.6666666666666666,0.16666666666666666,0.0,0.0,0,0,0.0,5226.27,1,0,0.0,8692.29,2,0,0.0,49788.25,6,0,0.0,0
LGS2ORD0041642,C015888,2025-11-26 18:00:00,Male,34,Gold,Shopee,Khon Kaen,987,Web,Credit_Card,18,11,2,0,30-40,32.9,8.0,1.0,0.125,102,34,4291.08125,0.28,0.125,0.625,0.0,0.0,0,0,0.0,0.0,0,0,0.0,3366.24,1,0,0.0,34328.65,8,1,0.125,0
LGS2ORD0041643,C014954,2025-11-26 19:00:00,Female,57,Bronze,CallCenter,Phuket,1040,Web,Credit_Card,19,11,2,0,>50,34.666666666666664,3.0,1.0,0.3333333333333333,309,88,3787.306666666667,0.13,0.3333333333333333,0.0,0.0,0.0,0,0,0.0,0.0,0,0,0.0,1292.99,1,0,0.0,11361.92,3,1,0.3333333333333333,0
LGS2ORD0041644,C010795,2025-11-26 19:00:00,Female,67,Bronze,TV,Bangkok,1622,Shopee,COD,19,11,2,0,>50,54.06666666666667,4.0,1.0,0.25,11,23,4364.06,0.23,0.75,0.25,0.0,0.0,0,0,0.0,1428.57,1,1,1.0,1428.57,1,1,1.0,17456.24,4,1,0.25,0
LGS2ORD0041645,C017237,2025-11-26 19:00:00,Female,59,Silver,Lazada,Bangkok,1263,Web,PromptPay,19,11,2,0,>50,42.1,8.0,2.0,0.25,0,10,5877.48,0.25,0.625,0.25,0.0,0.0,0,0,0.0,13058.85,1,1,1.0,14587.85,2,1,0.5,47019.84,8,2,0.25,0
LGS2ORD0041646,C017373,2025-11-26 19:00:00,Male,39,Gold,Lazada,Phuket,893,Shopee,COD,19,11,2,0,30-40,29.766666666666666,8.0,2.0,0.25,94,42,4904.50375,0.2299999999999999,0.125,0.25,0.0,0.0,0,0,0.0,0.0,0,0,0.0,6557.6,1,0,0.0,39236.03,8,2,0.25,1
LGS2ORD0041647,C011153,2025-11-26 19:00:00,Female,29,Silver,Web,Bangkok,1722,Shopee,COD,19,11,2,0,20-30,57.4,1.0,0.0,0.0,-1,165,1664.18,0.25,1.0,1.0,0.0,0.0,0,0,0.0,0.0,0,0,0.0,0.0,0,0,0.0,1664.18,1,0,0.0,0
LGS2ORD0041648,C011135,2025-11-26 20:00:00,Male,41,Silver,Shopee,Khon Kaen,499,CallCenter,PromptPay,20,11,2,0,40-50,16.633333333333333,4.0,2.0,0.5,157,48,4850.46,0.2,0.25,0.0,0.0,0.0,0,0,0.0,0.0,0,0,0.0,5472.32,1,0,0.0,19401.84,4,2,0.5,0
LGS2ORD0041649,C013612,2025-11-26 20:00:00,Female,27,Gold,Lazada,Bangkok,1036,Shopee,COD,20,11,2,0,20-30,34.53333333333333,5.0,0.0,0.0,-1,28,12989.045999999998,0.2299999999999999,0.2,0.2,0.0,0.0,0,0,0.0,9660.08,1,0,0.0,9660.08,1,0,0.0,64945.229999999996,5,0,0.0,1
LGS2ORD0041650,C014686,2025-11-26 20:00:00,Female,42,Silver,Web,Khon Kaen,1211,CallCenter,PromptPay,20,11,2,0,40-50,40.36666666666667,5.0,1.0,0.2,106,122,7089.549999999998,0.1,0.4,0.0,0.0,0.0,0,0,0.0,0.0,0,0,0.0,0.0,0,0,0.0,35447.74999999999,5,1,0.2,0
LGS2ORD0041651,C017759,2025-11-26 20:00:00,Male,45,Bronze,CallCenter,Chonburi,910,TV_Show,COD,20,11,2,0,40-50,30.333333333333332,6.0,1.0,0.16666666666666666,117,8,6189.264999999999,0.23,0.6666666666666666,0.16666666666666666,0.0,0.0,0,0,0.0,5443.01,1,0,0.0,6588.7300000000005,2,0,0.0,37135.59,6,1,0.16666666666666666,0
LGS2ORD0041652,C011405,2025-11-26 20:00:00,Male,54,Platinum,TV,Bangkok,1769,Web,COD,20,11,2,0,>50,58.96666666666667,2.0,0.0,0.0,-1,75,3410.49,0.35,0.0,0.5,0.0,0.0,0,0,0.0,0.0,0,0,0.0,1832.77,1,0,0.0,6820.98,2,0,0.0,0
LGS2ORD0041653,C010868,2025-11-26 21:00:00,Female,35,Gold,Lazada,Bangkok,682,Shopee,COD,21,11,2,0,30-40,22.733333333333334,7.0,0.0,0.0,-1,18,3122.2885714285717,0.2299999999999999,0.42857142857142855,0.2857142857142857,0.0,0.0,0,0,0.0,8472.849999999999,3,0,0.0,16638.13,5,0,0.0,21856.02,7,0,0.0,0
LGS2ORD0041654,C017391,2025-11-26 21:00:00,Male,61,Platinum,Web,Bangkok,788,TV_Show,PromptPay,21,11,2,0,>50,26.266666666666666,0.0,0.0,0.0,-1,-1,0.0,0.0,0.0,0.0,0.0,0.0,0,0,0.0,0.0,0,0,0.0,0.0,0,0,0.0,0.0,0,0,0.0,0
LGS2ORD0041655,C016955,2025-11-26 21:00:00,Female,43,Bronze,TV,Chiang Mai,624,Lazada,COD,21,11,2,0,40-50,20.8,5.0,0.0,0.0,-1,12,7851.276,0.23,0.6,0.2,0.0,0.0,0,0,0.0,5130.17,1,0,0.0,5130.17,1,0,0.0,39256.38,5,0,0.0,1
LGS2ORD0041656,C016022,2025-11-26 21:00:00,Male,43,Silver,Lazada,Chonburi,420,TV_Show,PromptPay,21,11,2,0,40-50,14.0,4.0,0.0,0.0,-1,148,4650.83,0.3,0.25,0.5,0.0,0.0,0,0,0.0,0.0,0,0,0.0,0.0,0,0,0.0,18603.32,4,0,0.0,0
LGS2ORD0041657,C013669,2025-11-26 21:00:00,Female,54,Bronze,Shopee,Phuket,795,Lazada,COD,21,11,2,0,>50,26.5,8.0,3.0,0.375,80,59,3651.2225,0.23,0.625,0.125,0.0,0.0,0,0,0.0,0.0,0,0,0.0,17562.44,2,0,0.0,29209.78,8,3,0.375,1
LGS2ORD0041658,C014148,2025-11-26 21:00:00,Male,33,Platinum,TV,Remote_Area,1433,Lazada,COD,21,11,2,0,30-40,47.766666666666666,4.0,1.0,0.25,77,14,3637.235,0.3,0.5,0.5,0.0,0.0,0,0,0.0,3448.76,1,0,0.0,5686.27,2,1,0.5,14548.94,4,1,0.25,0
LGS2ORD0041659,C015557,2025-11-26 22:00:00,Female,44,Bronze,TV,Nakhon Ratchasima,414,TV_Show,COD,22,11,2,0,40-50,13.8,8.0,1.0,0.125,149,27,3375.515,0.28,0.5,0.5,0.0,0.0,0,0,0.0,1054.45,1,0,0.0,17947.670000000002,5,0,0.0,27004.12,8,1,0.125,0
LGS2ORD0041660,C017274,2025-11-26 22:00:00,Male,18,Silver,Lazada,Bangkok,486,Web,COD,22,11,2,0,<20,16.2,6.0,1.0,0.16666666666666666,291,14,3383.933333333333,0.3,0.6666666666666666,0.5,0.0,0.0,0,0,0.0,4136.68,1,0,0.0,6268.56,3,0,0.0,20303.6,6,1,0.16666666666666666,1
LGS2ORD0041661,C014163,2025-11-26 22:00:00,Male,44,Gold,Web,Chonburi,642,CallCenter,COD,22,11,2,0,40-50,21.4,4.0,1.0,0.25,-7,6,7755.645,0.28,0.0,0.75,0.0,6095.09,1,1,1.0,6095.09,1,1,1.0,9920.96,2,1,0.5,31022.58,4,1,0.25,0
LGS2ORD0041662,C011152,2025-11-26 22:00:00,Female,18,Silver,Web,Bangkok,576,Shopee,PromptPay,22,11,2,0,<20,19.2,5.0,0.0,0.0,-1,132,4010.6799999999994,0.3,0.0,0.2,0.0,0.0,0,0,0.0,0.0,0,0,0.0,0.0,0,0,0.0,20053.399999999998,5,0,0.0,0
LGS2ORD0041663,C010101,2025-11-26 22:00:00,Male,18,Bronze,CallCenter,Chonburi,1699,TV_Show,Credit_Card,22,11,2,0,<20,56.63333333333333,6.0,1.0,0.16666666666666666,102,86,6138.496666666666,0.28,0.3333333333333333,0.3333333333333333,0.0,0.0,0,0,0.0,0.0,0,0,0.0,5434.5,1,0,0.0,36830.979999999996,6,1,0.16666666666666666,0
LGS2ORD0041664,C012025,2025-11-26 23:00:00,Male,49,Bronze,TV,Chonburi,1386,Web,Credit_Card,23,11,2,0,40-50,46.2,6.0,0.0,0.0,-1,77,7670.131666666665,0.28,0.5,0.5,0.0,0.0,0,0,0.0,0.0,0,0,0.0,4670.56,1,0,0.0,46020.78999999999,6,0,0.0,0
LGS2ORD0041665,C017979,2025-11-26 23:00:00,Male,51,Silver,Shopee,Nakhon Ratchasima,1344,Shopee,Credit_Card,23,11,2,0,>50,44.8,5.0,3.0,0.6,130,108,6454.593999999999,0.25,0.4,0.4,0.0,0.0,0,0,0.0,0.0,0,0,0.0,0.0,0,0,0.0,32272.969999999994,5,3,0.6,0
LGS2ORD0041666,C011912,2025-11-26 23:00:00,Female,46,Gold,Shopee,Chiang Mai,1080,Lazada,Credit_Card,23,11,2,0,40-50,36.0,8.0,0.0,0.0,-1,89,3051.8875,0.28,0.5,0.375,0.0,0.0,0,0,0.0,0.0,0,0,0.0,2050.33,1,0,0.0,24415.1,8,0,0.0,0
LGS2ORD0041667,C017296,2025-11-26 23:00:00,Female,41,Gold,Lazada,Bangkok,410,Lazada,Credit_Card,23,11,2,0,40-50,13.666666666666666,6.0,0.0,0.0,-1,32,3293.865,0.2299999999999999,0.6666666666666666,0.3333333333333333,0.0,0.0,0,0,0.0,0.0,0,0,0.0,13391.630000000001,3,0,0.0,19763.19,6,0,0.0,0
LGS2ORD0041668,C011234,2025-11-26 23:00:00,Female,44,Bronze,TV,Nakhon Ratchasima,890,Web,COD,23,11,2,0,40-50,29.666666666666668,4.0,1.0,0.25,24,19,1459.2475000000002,0.23,0.0,0.25,0.0,0.0,0,0,0.0,1427.72,1,0,0.0,3534.8100000000004,3,1,0.3333333333333333,5836.990000000001,4,1,0.25,0
LGS2ORD0041669,C011352,2025-11-27 00:00:00,Male,71,Gold,TV,Songkhla,1325,CallCenter,Bank_Transfer,0,11,3,0,>50,44.166666666666664,5.0,1.0,0.2,79,65,10260.519999999999,0.28,0.6,0.6,0.0,0.0,0,0,0.0,0.0,0,0,0.0,21088.899999999998,2,1,0.5,51302.59999999999,5,1,0.2,0
LGS2ORD0041670,C011255,2025-11-27 00:00:00,Male,36,Silver,TV,Nakhon Ratchasima,517,Web,Credit_Card,0,11,3,0,30-40,17.233333333333334,9.0,1.0,0.1111111111111111,99,2,13115.424444444443,0.25,0.3333333333333333,0.1111111111111111,0.0,3740.93,1,0,0.0,19261.57,2,0,0.0,55484.49,5,0,0.0,118038.81999999999,9,1,0.1111111111111111,0
LGS2ORD0041671,C015354,2025-11-27 00:00:00,Female,34,Bronze,Lazada,Phuket,1183,Web,COD,0,11,3,0,30-40,39.43333333333333,1.0,0.0,0.0,-1,296,1043.8,0.18,0.0,0.0,0.0,0.0,0,0,0.0,0.0,0,0,0.0,0.0,0,0,0.0,1043.8,1,0,0.0,0
LGS2ORD0041672,C014991,2025-11-27 00:00:00,Female,57,Gold,Lazada,Chonburi,1699,Web,COD,0,11,3,0,>50,56.63333333333333,3.0,0.0,0.0,-1,107,6137.259999999999,0.28,0.6666666666666666,0.6666666666666666,0.0,0.0,0,0,0.0,0.0,0,0,0.0,0.0,0,0,0.0,18411.78,3,0,0.0,1
LGS2ORD0041673,C015638,2025-11-27 00:00:00,Male,41,Bronze,CallCenter,Nakhon Ratchasima,1097,Web,PromptPay,0,11,3,0,40-50,36.56666666666667,4.0,1.0,0.25,205,69,6783.065,0.08,0.25,0.0,0.0,0.0,0,0,0.0,0.0,0,0,0.0,15208.3,1,0,0.0,27132.26,4,1,0.25,0
LGS2ORD0041674,C012671,2025-11-27 01:00:00,Female,46,Silver,Lazada,Chonburi,1523,Web,PromptPay,1,11,3,0,40-50,50.766666666666666,3.0,1.0,0.3333333333333333,277,66,9666.606666666667,0.25,0.0,0.6666666666666666,0.0,0.0,0,0,0.0,0.0,0,0,0.0,2174.26,1,0,0.0,28999.82,3,1,0.3333333333333333,0
LGS2ORD0041675,C016794,2025-11-27 01:00:00,Female,33,Bronze,Web,Chonburi,1583,CallCenter,Credit_Card,1,11,3,0,30-40,52.766666666666666,7.0,3.0,0.42857142857142855,-6,6,8844.898571428572,0.18,0.42857142857142855,0.0,0.0,9883.46,1,1,1.0,12005.449999999999,2,2,1.0,38394.75,4,3,0.75,61914.29,7,3,0.42857142857142855,0
LGS2ORD0041676,C010597,2025-11-27 01:00:00,Male,65,Bronze,Shopee,Bangkok,365,Web,COD,1,11,3,0,>50,12.166666666666666,13.0,3.0,0.23076923076923078,24,34,6409.393846153847,0.28,0.46153846153846156,0.5384615384615384,0.07692307692307693,0.0,0,0,0.0,0.0,0,0,0.0,10503.23,3,1,0.3333333333333333,83322.12000000001,13,3,0.23076923076923078,0
LGS2ORD0041677,C010468,2025-11-27 01:00:00,Male,44,Bronze,Shopee,Chiang Mai,1606,Web,Credit_Card,1,11,3,0,40-50,53.53333333333333,9.0,1.0,0.1111111111111111,297,17,8431.153333333332,0.28,0.6666666666666666,0.2222222222222222,0.0,0.0,0,0,0.0,2367.52,1,0,0.0,12796.89,3,0,0.0,75880.37999999999,9,1,0.1111111111111111,0
LGS2ORD0041678,C014312,2025-11-27 01:00:00,Female,41,Silver,CallCenter,Bangkok,374,Lazada,PromptPay,1,11,3,0,40-50,12.466666666666667,9.0,1.0,0.1111111111111111,310,82,3177.28,0.3,0.3333333333333333,0.2222222222222222,0.0,0.0,0,0,0.0,0.0,0,0,0.0,634.08,1,0,0.0,28595.52,9,1,0.1111111111111111,0
LGS2ORD0041679,C015738,2025-11-27 01:00:00,Male,30,Platinum,Shopee,Khon Kaen,1672,CallCenter,COD,1,11,3,0,20-30,55.733333333333334,9.0,3.0,0.3333333333333333,79,42,4069.5988888888887,0.35,0.5555555555555556,0.7777777777777778,0.0,0.0,0,0,0.0,0.0,0,0,0.0,21169.5,4,1,0.25,36626.39,9,3,0.3333333333333333,0
LGS2ORD0041680,C010053,2025-11-27 02:00:00,Female,47,Platinum,Shopee,Nakhon Ratchasima,1237,TV_Show,COD,2,11,3,0,40-50,41.233333333333334,6.0,1.0,0.16666666666666666,20,16,3764.01,0.3,0.5,0.3333333333333333,0.0,0.0,0,0,0.0,10878.29,2,1,0.5,10878.29,2,1,0.5,22584.06,6,1,0.16666666666666666,0
LGS2ORD0041681,C012509,2025-11-27 02:00:00,Female,25,Platinum,Web,Nakhon Ratchasima,1053,TV_Show,Bank_Transfer,2,11,3,0,20-30,35.1,5.0,2.0,0.4,139,103,4477.914,0.35,0.4,0.6,0.0,0.0,0,0,0.0,0.0,0,0,0.0,0.0,0,0,0.0,22389.57,5,2,0.4,0
LGS2ORD0041682,C010788,2025-11-27 02:00:00,Male,35,Gold,Shopee,Bangkok,1150,TV_Show,COD,2,11,3,0,30-40,38.333333333333336,5.0,1.0,0.2,312,109,7907.63,0.28,0.2,0.2,0.0,0.0,0,0,0.0,0.0,0,0,0.0,0.0,0,0,0.0,39538.15,5,1,0.2,0
LGS2ORD0041683,C010084,2025-11-27 02:00:00,Male,28,Gold,TV,Songkhla,1332,Web,COD,2,11,3,0,20-30,44.4,6.0,2.0,0.3333333333333333,145,18,4388.198333333333,0.28,0.5,0.3333333333333333,0.0,0.0,0,0,0.0,1483.64,1,0,0.0,1483.64,1,0,0.0,26329.19,6,2,0.3333333333333333,1
LGS2ORD0041684,C011201,2025-11-27 02:00:00,Female,41,Silver,Web,Chonburi,806,Lazada,COD,2,11,3,0,40-50,26.866666666666667,4.0,1.0,0.25,183,9,5948.405,0.2,0.25,0.0,0.0,0.0,0,0,0.0,11067.93,1,0,0.0,11067.93,1,0,0.0,23793.62,4,1,0.25,1
LGS2ORD0041685,C012460,2025-11-27 03:00:00,Male,40,Platinum,TV,Bangkok,976,Shopee,COD,3,11,3,0,30-40,32.53333333333333,6.0,1.0,0.16666666666666666,191,26,10159.551666666666,0.25,0.5,0.16666666666666666,0.0,0.0,0,0,0.0,3770.43,1,0,0.0,5051.61,2,0,0.0,60957.31,6,1,0.16666666666666666,0
LGS2ORD0041686,C016594,2025-11-27 03:00:00,Female,43,Bronze,Lazada,Nakhon Ratchasima,1622,Shopee,Bank_Transfer,3,11,3,0,40-50,54.06666666666667,7.0,1.0,0.14285714285714285,157,116,8953.652857142857,0.28,0.7142857142857143,0.42857142857142855,0.0,0.0,0,0,0.0,0.0,0,0,0.0,0.0,0,0,0.0,62675.57,7,1,0.14285714285714285,0
LGS2ORD0041687,C010856,2025-11-27 03:00:00,Male,44,Silver,Shopee,Nakhon Ratchasima,1123,Web,COD,3,11,3,0,40-50,37.43333333333333,4.0,3.0,0.75,25,36,6001.9974999999995,0.3,0.75,0.25,0.0,0.0,0,0,0.0,0.0,0,0,0.0,18642.03,2,2,1.0,24007.989999999998,4,3,0.75,0
LGS2ORD0041688,C012160,2025-11-27 03:00:00,Female,48,Bronze,Lazada,Songkhla,609,TV_Show,PromptPay,3,11,3,0,40-50,20.3,4.0,1.0,0.25,35,42,949.9325,0.18,0.25,0.0,0.0,0.0,0,0,0.0,0.0,0,0,0.0,940.61,2,1,0.5,3799.73,4,1,0.25,0
LGS2ORD0041689,C017934,2025-11-27 03:00:00,Male,57,Silver,Shopee,Phuket,546,CallCenter,COD,3,11,3,0,>50,18.2,2.0,0.0,0.0,-1,183,7367.995000000001,0.2,0.5,0.0,0.0,0.0,0,0,0.0,0.0,0,0,0.0,0.0,0,0,0.0,14735.990000000002,2,0,0.0,0
LGS2ORD0041690,C011391,2025-11-27 04:00:00,Male,50,Bronze,Web,Bangkok,735,Web,COD,4,11,3,0,40-50,24.5,8.0,1.0,0.125,184,8,4076.94125,0.18,0.75,0.0,0.0,0.0,0,0,0.0,11848.02,2,0,0.0,15752.6,3,0,0.0,32615.53,8,1,0.125,0
LGS2ORD0041691,C016820,2025-11-27 04:00:00,Female,38,Silver,Shopee,Phuket,1192,TV_Show,COD,4,11,3,0,30-40,39.733333333333334,5.0,1.0,0.2,289,149,3737.726,0.25,0.6,0.2,0.0,0.0,0,0,0.0,0.0,0,0,0.0,0.0,0,0,0.0,18688.63,5,1,0.2,1
LGS2ORD0041692,C017087,2025-11-27 04:00:00,Other,53,Silver,TV,Remote_Area,1409,Lazada,PromptPay,4,11,3,0,>50,46.96666666666667,4.0,1.0,0.25,201,129,5916.5725,0.2,0.5,0.0,0.0,0.0,0,0,0.0,0.0,0,0,0.0,0.0,0,0,0.0,23666.29,4,1,0.25,0
LGS2ORD0041693,C015015,2025-11-27 04:00:00,Female,44,Bronze,Web,Bangkok,364,CallCenter,Credit_Card,4,11,3,0,40-50,12.133333333333333,7.0,0.0,0.0,-1,74,4415.192857142857,0.28,0.5714285714285714,0.2857142857142857,0.0,0.0,0,0,0.0,0.0,0,0,0.0,10066.24,1,0,0.0,30906.35,7,0,0.0,0
LGS2ORD0041694,C017022,2025-11-27 04:00:00,Female,60,Bronze,Shopee,Chonburi,865,Web,COD,4,11,3,0,>50,28.833333333333332,7.0,3.0,0.42857142857142855,5,12,13865.88857142857,0.23,0.5714285714285714,0.2857142857142857,0.0,0.0,0,0,0.0,2210.93,1,1,1.0,2210.93,1,1,1.0,97061.21999999999,7,3,0.42857142857142855,1
LGS2ORD0041695,C017172,2025-11-27 05:00:00,Male,62,Gold,TV,Bangkok,1376,Lazada,COD,5,11,3,0,>50,45.86666666666667,4.0,1.0,0.25,139,11,2977.3,0.28,0.25,0.5,0.0,0.0,0,0,0.0,1473.73,1,0,0.0,1473.73,1,0,0.0,11909.2,4,1,0.25,0
LGS2ORD0041696,C013465,2025-11-27 05:00:00,Female,51,Bronze,TV,Chiang Mai,912,Shopee,COD,5,11,3,0,>50,30.4,6.0,1.0,0.16666666666666666,20,36,2752.601666666667,0.23,0.16666666666666666,0.16666666666666666,0.0,0.0,0,0,0.0,0.0,0,0,0.0,5868.78,2,1,0.5,16515.61,6,1,0.16666666666666666,0
LGS2ORD0041697,C016408,2025-11-27 05:00:00,Female,57,Bronze,Web,Bangkok,1617,Web,COD,5,11,3,0,>50,53.9,7.0,3.0,0.42857142857142855,68,79,8043.587142857142,0.23,0.7142857142857143,0.42857142857142855,0.14285714285714285,0.0,0,0,0.0,0.0,0,0,0.0,28500.87,1,1,1.0,56305.10999999999,7,3,0.42857142857142855,0
LGS2ORD0041698,C011279,2025-11-27 05:00:00,Male,43,Silver,TV,Bangkok,776,Web,Credit_Card,5,11,3,0,40-50,25.866666666666667,6.0,1.0,0.16666666666666666,216,2,6390.223333333332,0.3,0.5,0.16666666666666666,0.0,833.06,1,0,0.0,27576.95,2,0,0.0,29680.61,3,0,0.0,38341.34,6,1,0.16666666666666666,0
LGS2ORD0041699,C015490,2025-11-27 05:00:00,Female,58,Gold,TV,Khon Kaen,621,TV_Show,COD,5,11,3,0,>50,20.7,2.0,1.0,0.5,61,18,5794.72,0.2299999999999999,0.5,0.5,0.0,0.0,0,0,0.0,8033.85,1,0,0.0,11589.44,2,1,0.5,11589.44,2,1,0.5,0
LGS2ORD0041700,C013401,2025-11-27 05:00:00,Male,42,Silver,TV,Chiang Mai,438,Shopee,Bank_Transfer,5,11,3,0,40-50,14.6,3.0,0.0,0.0,-1,17,2561.33,0.25,0.0,0.3333333333333333,0.0,0.0,0,0,0.0,1250.81,1,0,0.0,5443.32,2,0,0.0,7683.99,3,0,0.0,0
LGS2ORD0041701,C015219,2025-11-27 06:00:00,Male,38,Platinum,Web,Bangkok,1368,Shopee,COD,6,11,3,0,30-40,45.6,4.0,0.0,0.0,-1,56,4261.6725,0.2,0.25,0.0,0.0,0.0,0,0,0.0,0.0,0,0,0.0,8980.36,1,0,0.0,17046.69,4,0,0.0,0
LGS2ORD0041702,C017751,2025-11-27 06:00:00,Female,50,Platinum,Lazada,Phuket,1222,CallCenter,COD,6,11,3,0,40-50,40.733333333333334,1.0,1.0,1.0,91,99,20575.87,0.15,1.0,0.0,0.0,0.0,0,0,0.0,0.0,0,0,0.0,0.0,0,0,0.0,20575.87,1,1,1.0,0
LGS2ORD0041703,C012391,2025-11-27 06:00:00,Female,50,Bronze,TV,Bangkok,1472,TV_Show,Credit_Card,6,11,3,0,40-50,49.06666666666667,4.0,2.0,0.5,159,84,4634.032499999999,0.28,0.75,0.5,0.0,0.0,0,0,0.0,0.0,0,0,0.0,4805.83,1,0,0.0,18536.129999999997,4,2,0.5,0
LGS2ORD0041704,C016461,2025-11-27 06:00:00,Female,40,Silver,CallCenter,Chonburi,789,Lazada,COD,6,11,3,0,30-40,26.3,1.0,1.0,1.0,97,101,11273.68,0.05,1.0,0.0,0.0,0.0,0,0,0.0,0.0,0,0,0.0,0.0,0,0,0.0,11273.68,1,1,1.0,0
LGS2ORD0041705,C017622,2025-11-27 06:00:00,Female,49,Silver,TV,Chiang Mai,1225,TV_Show,Bank_Transfer,6,11,3,0,40-50,40.833333333333336,10.0,2.0,0.2,59,3,2806.998,0.3,0.3,0.3,0.0,1374.55,1,0,0.0,3449.4300000000003,2,0,0.0,11440.689999999999,5,1,0.2,28069.98,10,2,0.2,0
LGS2ORD0041706,C010430,2025-11-27 07:00:00,Female,23,Platinum,Lazada,Bangkok,1777,TV_Show,COD,7,11,3,0,20-30,59.233333333333334,2.0,0.0,0.0,-1,110,1786.085,0.25,1.0,1.0,0.0,0.0,0,0,0.0,0.0,0,0,0.0,0.0,0,0,0.0,3572.17,2,0,0.0,0
LGS2ORD0041707,C012427,2025-11-27 07:00:00,Female,57,Bronze,Shopee,Songkhla,344,Lazada,COD,7,11,3,0,>50,11.466666666666667,9.0,1.0,0.1111111111111111,111,20,5820.9655555555555,0.28,0.4444444444444444,0.4444444444444444,0.0,0.0,0,0,0.0,962.03,1,0,0.0,5279.84,2,0,0.0,52388.69,9,1,0.1111111111111111,0
LGS2ORD0041708,C012177,2025-11-27 07:00:00,Female,34,Bronze,Web,Nakhon Ratchasima,1367,Shopee,COD,7,11,3,0,30-40,45.56666666666667,8.0,3.0,0.375,132,99,1507.59125,0.23,0.75,0.25,0.125,0.0,0,0,0.0,0.0,0,0,0.0,0.0,0,0,0.0,12060.73,8,3,0.375,0
LGS2ORD0041709,C012151,2025-11-27 07:00:00,Female,36,Silver,Shopee,Remote_Area,1241,Web,Credit_Card,7,11,3,0,30-40,41.36666666666667,7.0,2.0,0.2857142857142857,30,39,6599.22,0.3,0.5714285714285714,0.42857142857142855,0.0,0.0,0,0,0.0,0.0,0,0,0.0,21518.57,2,1,0.5,46194.54,7,2,0.2857142857142857,0
LGS2ORD0041710,C015332,2025-11-27 07:00:00,Male,38,Silver,Lazada,Songkhla,1732,Web,PromptPay,7,11,3,0,30-40,57.733333333333334,2.0,0.0,0.0,-1,78,1263.255,0.25,0.5,0.5,0.0,0.0,0,0,0.0,0.0,0,0,0.0,1140.1,1,0,0.0,2526.51,2,0,0.0,0
LGS2ORD0041711,C016730,2025-11-27 08:00:00,Male,26,Platinum,Web,Nakhon Ratchasima,836,Shopee,COD,8,11,3,0,20-30,27.866666666666667,1.0,0.0,0.0,-1,41,645.81,0.15,0.0,0.0,0.0,0.0,0,0,0.0,0.0,0,0,0.0,645.81,1,0,0.0,645.81,1,0,0.0,0
LGS2ORD0041712,C013981,2025-11-27 08:00:00,Female,24,Silver,Web,Remote_Area,1121,Web,COD,8,11,3,0,20-30,37.36666666666667,5.0,2.0,0.4,215,148,14423.291999999998,0.25,0.4,0.2,0.0,0.0,0,0,0.0,0.0,0,0,0.0,0.0,0,0,0.0,72116.45999999999,5,2,0.4,1
LGS2ORD0041713,C013664,2025-11-27 08:00:00,Female,45,Silver,CallCenter,Remote_Area,710,TV_Show,COD,8,11,3,0,40-50,23.666666666666668,4.0,3.0,0.75,117,129,7728.6325,0.2,0.5,0.0,0.0,0.0,0,0,0.0,0.0,0,0,0.0,0.0,0,0,0.0,30914.53,4,3,0.75,1
LGS2ORD0041714,C011108,2025-11-27 08:00:00,Female,42,Bronze,TV,Phuket,1461,Lazada,Credit_Card,8,11,3,0,40-50,48.7,5.0,2.0,0.4,51,13,9601.202000000001,0.23,0.2,0.4,0.0,0.0,0,0,0.0,4547.42,1,0,0.0,6085.58,2,1,0.5,48006.01,5,2,0.4,0
LGS2ORD0041715,C014450,2025-11-27 08:00:00,Male,40,Bronze,Web,Phuket,912,Shopee,COD,8,11,3,0,30-40,30.4,6.0,2.0,0.3333333333333333,157,96,3487.2666666666664,0.28,0.5,0.16666666666666666,0.0,0.0,0,0,0.0,0.0,0,0,0.0,0.0,0,0,0.0,20923.6,6,2,0.3333333333333333,0
LGS2ORD0041716,C017747,2025-11-27 09:00:00,Female,32,Bronze,Shopee,Khon Kaen,1772,TV_Show,COD,9,11,3,0,30-40,59.06666666666667,6.0,1.0,0.16666666666666666,287,54,7186.958333333333,0.28,0.5,0.5,0.0,0.0,0,0,0.0,0.0,0,0,0.0,15385.3,1,0,0.0,43121.75,6,1,0.16666666666666666,0
LGS2ORD0041717,C015737,2025-11-27 09:00:00,Female,41,Silver,Shopee,Phuket,1395,TV_Show,PromptPay,9,11,3,0,40-50,46.5,0.0,0.0,0.0,-1,-1,0.0,0.0,0.0,0.0,0.0,0.0,0,0,0.0,0.0,0,0,0.0,0.0,0,0,0.0,0.0,0,0,0.0,1
LGS2ORD0041718,C011678,2025-11-27 09:00:00,Female,51,Bronze,TV,Bangkok,1404,Lazada,COD,9,11,3,0,>50,46.8,3.0,1.0,0.3333333333333333,95,20,7436.693333333334,0.23,1.0,0.3333333333333333,0.0,0.0,0,0,0.0,1332.45,1,0,0.0,1332.45,1,0,0.0,22310.08,3,1,0.3333333333333333,0
LGS2ORD0041719,C017284,2025-11-27 09:00:00,Female,49,Bronze,Shopee,Songkhla,826,TV_Show,Bank_Transfer,9,11,3,0,40-50,27.533333333333335,7.0,3.0,0.42857142857142855,89,104,6084.187142857142,0.23,0.5714285714285714,0.14285714285714285,0.0,0.0,0,0,0.0,0.0,0,0,0.0,0.0,0,0,0.0,42589.31,7,3,0.42857142857142855,0
LGS2ORD0041720,C016800,2025-11-27 09:00:00,Female,34,Bronze,TV,Bangkok,943,Lazada,COD,9,11,3,0,30-40,31.433333333333334,6.0,2.0,0.3333333333333333,39,0,7564.285,0.23,0.5,0.6666666666666666,0.0,16144.18,1,0,0.0,16144.18,1,0,0.0,18642.75,2,1,0.5,45385.71,6,2,0.3333333333333333,0
LGS2ORD0041721,C012199,2025-11-27 09:00:00,Female,56,Silver,TV,Phuket,1662,Shopee,COD,9,11,3,0,>50,55.4,8.0,2.0,0.25,69,81,3728.045,0.3,0.625,0.25,0.0,0.0,0,0,0.0,0.0,0,0,0.0,2801.22,1,1,1.0,29824.36,8,2,0.25,0
LGS2ORD0041722,C014258,2025-11-27 10:00:00,Female,39,Gold,Web,Nakhon Ratchasima,1269,TV_Show,COD,10,11,3,0,30-40,42.3,6.0,1.0,0.16666666666666666,22,21,6716.364999999999,0.33,0.6666666666666666,0.3333333333333333,0.0,0.0,0,0,0.0,2711.72,1,0,0.0,25447.72,3,1,0.3333333333333333,40298.189999999995,6,1,0.16666666666666666,1
LGS2ORD0041723,C016141,2025-11-27 10:00:00,Male,55,Silver,Lazada,Bangkok,929,Lazada,Credit_Card,10,11,3,0,>50,30.966666666666665,5.0,1.0,0.2,127,141,3023.752,0.2,0.6,0.0,0.0,0.0,0,0,0.0,0.0,0,0,0.0,0.0,0,0,0.0,15118.76,5,1,0.2,0
LGS2ORD0041724,C016801,2025-11-27 10:00:00,Female,30,Gold,Web,Nakhon Ratchasima,788,Lazada,COD,10,11,3,0,20-30,26.266666666666666,7.0,3.0,0.42857142857142855,151,77,3360.6485714285714,0.18,0.42857142857142855,0.0,0.0,0.0,0,0,0.0,0.0,0,0,0.0,394.38,1,0,0.0,23524.54,7,3,0.42857142857142855,1
LGS2ORD0041725,C017855,2025-11-27 10:00:00,Male,44,Platinum,Web,Chonburi,1693,Lazada,COD,10,11,3,0,40-50,56.43333333333333,11.0,3.0,0.2727272727272727,28,43,7234.518181818183,0.3,0.45454545454545453,0.7272727272727273,0.0,0.0,0,0,0.0,0.0,0,0,0.0,11382.220000000001,4,1,0.25,79579.70000000001,11,3,0.2727272727272727,1
LGS2ORD0041726,C011096,2025-11-27 10:00:00,Female,45,Bronze,TV,Chiang Mai,377,Web,COD,10,11,3,0,40-50,12.566666666666666,4.0,1.0,0.25,-9,2,4530.827499999999,0.28,0.5,0.75,0.0,10061.25,1,1,1.0,10061.25,1,1,1.0,15163.65,2,1,0.5,18123.309999999998,4,1,0.25,0
LGS2ORD0041727,C013895,2025-11-27 11:00:00,Female,40,Bronze,CallCenter,Bangkok,872,Web,Credit_Card,11,11,3,0,30-40,29.066666666666666,4.0,1.0,0.25,292,86,2948.2549999999997,0.18,0.5,0.0,0.0,0.0,0,0,0.0,0.0,0,0,0.0,535.8,1,0,0.0,11793.019999999999,4,1,0.25,0
LGS2ORD0041728,C016358,2025-11-27 11:00:00,Male,48,Bronze,TV,Khon Kaen,466,Web,COD,11,11,3,0,40-50,15.533333333333333,11.0,6.0,0.5454545454545454,72,70,4272.854545454546,0.23,0.6363636363636364,0.09090909090909091,0.0,0.0,0,0,0.0,0.0,0,0,0.0,3650.3399999999997,3,1,0.3333333333333333,47001.4,11,6,0.5454545454545454,1
LGS2ORD0041729,C016331,2025-11-27 11:00:00,Female,50,Bronze,Web,Phuket,933,Lazada,PromptPay,11,11,3,0,40-50,31.1,3.0,3.0,1.0,94,101,2853.0833333333335,0.23,0.6666666666666666,0.3333333333333333,0.0,0.0,0,0,0.0,0.0,0,0,0.0,0.0,0,0,0.0,8559.25,3,3,1.0,0
LGS2ORD0041730,C010593,2025-11-27 11:00:00,Male,26,Bronze,TV,Phuket,1294,Web,COD,11,11,3,0,20-30,43.13333333333333,6.0,3.0,0.5,22,31,5714.803333333333,0.23,0.3333333333333333,0.5,0.16666666666666666,0.0,0,0,0.0,0.0,0,0,0.0,11079.720000000001,2,2,1.0,34288.82,6,3,0.5,0
LGS2ORD0041731,C016181,2025-11-27 11:00:00,Male,64,Gold,Shopee,Bangkok,1178,TV_Show,COD,11,11,3,0,>50,39.266666666666666,1.0,0.0,0.0,-1,128,3923.48,0.08,1.0,0.0,0.0,0.0,0,0,0.0,0.0,0,0,0.0,0.0,0,0,0.0,3923.48,1,0,0.0,0
LGS2ORD0041732,C015374,2025-11-27 12:00:00,Male,38,Bronze,TV,Chiang Mai,425,Web,COD,12,11,3,0,30-40,14.166666666666666,7.0,4.0,0.5714285714285714,7,20,2917.1985714285715,0.28,0.42857142857142855,0.14285714285714285,0.0,0.0,0,0,0.0,4170.96,2,2,1.0,17853.52,5,3,0.6,20420.39,7,4,0.5714285714285714,1
LGS2ORD0041733,C011875,2025-11-27 12:00:00,Male,43,Bronze,Lazada,Remote_Area,1470,Shopee,COD,12,11,3,0,40-50,49.0,6.0,3.0,0.5,209,52,4483.28,0.28,0.3333333333333333,0.3333333333333333,0.0,0.0,0,0,0.0,0.0,0,0,0.0,1454.07,2,0,0.0,26899.68,6,3,0.5,1
LGS2ORD0041734,C017992,2025-11-27 12:00:00,Male,67,Bronze,Web,Songkhla,1522,Shopee,COD,12,11,3,0,>50,50.733333333333334,14.0,6.0,0.42857142857142855,73,9,4791.297857142857,0.23,0.42857142857142855,0.14285714285714285,0.0,0.0,0,0,0.0,937.89,1,0,0.0,20569.45,2,1,0.5,67078.17,14,6,0.42857142857142855,0
LGS2ORD0041735,C012917,2025-11-27 12:00:00,Female,54,Gold,Lazada,Chiang Mai,845,Lazada,Bank_Transfer,12,11,3,0,>50,28.166666666666668,4.0,1.0,0.25,62,67,4064.1575000000003,0.2299999999999999,0.25,0.25,0.0,0.0,0,0,0.0,0.0,0,0,0.0,3892.63,1,1,1.0,16256.630000000001,4,1,0.25,0
LGS2ORD0041736,C012162,2025-11-27 12:00:00,Male,61,Bronze,Lazada,Phuket,1601,TV_Show,PromptPay,12,11,3,0,>50,53.36666666666667,3.0,1.0,0.3333333333333333,95,14,9523.486666666666,0.28,0.6666666666666666,0.3333333333333333,0.0,0.0,0,0,0.0,14561.93,1,0,0.0,14561.93,1,0,0.0,28570.46,3,1,0.3333333333333333,1
LGS2ORD0041737,C017451,2025-11-27 13:00:00,Male,34,Bronze,TV,Songkhla,568,Shopee,COD,13,11,3,0,30-40,18.933333333333334,5.0,3.0,0.6,26,34,5533.098,0.23,0.4,0.4,0.0,0.0,0,0,0.0,0.0,0,0,0.0,7966.849999999999,2,2,1.0,27665.489999999998,5,3,0.6,0
LGS2ORD0041738,C016779,2025-11-27 13:00:00,Male,24,Silver,TV,Chonburi,1780,Lazada,COD,13,11,3,0,20-30,59.333333333333336,5.0,0.0,0.0,-1,36,5961.156,0.25,0.4,0.2,0.0,0.0,0,0,0.0,0.0,0,0,0.0,1016.32,1,0,0.0,29805.78,5,0,0.0,0
LGS2ORD0041739,C011344,2025-11-27 13:00:00,Female,44,Bronze,Web,Nakhon Ratchasima,427,Web,COD,13,11,3,0,40-50,14.233333333333333,5.0,1.0,0.2,19,29,3648.3679999999995,0.28,0.6,0.2,0.0,0.0,0,0,0.0,4752.4,1,1,1.0,10558.01,3,1,0.3333333333333333,18241.839999999997,5,1,0.2,0
LGS2ORD0041740,C013276,2025-11-27 13:00:00,Female,35,Bronze,Web,Phuket,1220,CallCenter,COD,13,11,3,0,30-40,40.666666666666664,8.0,2.0,0.25,29,40,7117.4725,0.28,0.125,0.375,0.0,0.0,0,0,0.0,0.0,0,0,0.0,4687.6,1,1,1.0,56939.78,8,2,0.25,1
LGS2ORD0041741,C013796,2025-11-27 13:00:00,Male,53,Bronze,Shopee,Khon Kaen,389,Shopee,Bank_Transfer,13,11,3,0,>50,12.966666666666667,5.0,1.0,0.2,177,75,6441.932,0.18,0.4,0.0,0.0,0.0,0,0,0.0,0.0,0,0,0.0,545.98,1,0,0.0,32209.66,5,1,0.2,0
LGS2ORD0041742,C013074,2025-11-27 13:00:00,Male,72,Bronze,Lazada,Chonburi,618,Shopee,Bank_Transfer,13,11,3,0,>50,20.6,1.0,0.0,0.0,-1,212,678.6,0.18,0.0,0.0,0.0,0.0,0,0,0.0,0.0,0,0,0.0,0.0,0,0,0.0,678.6,1,0,0.0,0
LGS2ORD0041743,C015850,2025-11-27 14:00:00,Female,58,Bronze,TV,Nakhon Ratchasima,789,Lazada,Credit_Card,14,11,3,0,>50,26.3,4.0,0.0,0.0,-1,72,3559.8325,0.23,0.5,0.25,0.0,0.0,0,0,0.0,0.0,0,0,0.0,12666.03,2,0,0.0,14239.33,4,0,0.0,1
LGS2ORD0041744,C015472,2025-11-27 14:00:00,Female,63,Bronze,Web,Nakhon Ratchasima,376,Lazada,COD,14,11,3,0,>50,12.533333333333333,7.0,1.0,0.14285714285714285,169,52,12262.018571428573,0.18,0.42857142857142855,0.0,0.0,0.0,0,0,0.0,0.0,0,0,0.0,13258.650000000001,3,0,0.0,85834.13,7,1,0.14285714285714285,0
LGS2ORD0041745,C016849,2025-11-27 14:00:00,Other,48,Silver,Shopee,Bangkok,559,Lazada,PromptPay,14,11,3,0,40-50,18.633333333333333,6.0,0.0,0.0,-1,84,3969.4233333333327,0.25,0.16666666666666666,0.16666666666666666,0.0,0.0,0,0,0.0,0.0,0,0,0.0,3852.87,1,0,0.0,23816.539999999997,6,0,0.0,0
LGS2ORD0041746,C011933,2025-11-27 14:00:00,Male,43,Bronze,TV,Bangkok,1754,CallCenter,COD,14,11,3,0,40-50,58.46666666666667,7.0,1.0,0.14285714285714285,222,22,10886.141428571429,0.28,0.5714285714285714,0.5714285714285714,0.0,0.0,0,0,0.0,30184.75,1,0,0.0,30184.75,1,0,0.0,76202.99,7,1,0.14285714285714285,1
LGS2ORD0041747,C012592,2025-11-27 14:00:00,Female,31,Bronze,TV,Bangkok,648,Shopee,COD,14,11,3,0,30-40,21.6,7.0,1.0,0.14285714285714285,118,16,6784.625714285714,0.18,0.5714285714285714,0.0,0.0,0.0,0,0,0.0,21995.739999999998,2,0,0.0,21995.739999999998,2,0,0.0,47492.38,7,1,0.14285714285714285,0
LGS2ORD0041748,C014251,2025-11-27 15:00:00,Female,48,Gold,TV,Bangkok,1710,Web,COD,15,11,3,0,40-50,57.0,5.0,1.0,0.2,117,124,7122.645999999999,0.28,0.8,0.6,0.0,0.0,0,0,0.0,0.0,0,0,0.0,0.0,0,0,0.0,35613.229999999996,5,1,0.2,0
LGS2ORD0041749,C014399,2025-11-27 15:00:00,Male,48,Silver,CallCenter,Chiang Mai,649,Lazada,COD,15,11,3,0,40-50,21.633333333333333,2.0,0.0,0.0,-1,86,7038.055,0.25,0.5,0.5,0.0,0.0,0,0,0.0,0.0,0,0,0.0,1067.59,1,0,0.0,14076.11,2,0,0.0,0
LGS2ORD0041750,C016563,2025-11-27 15:00:00,Female,47,Silver,Web,Remote_Area,494,Lazada,COD,15,11,3,0,40-50,16.466666666666665,4.0,2.0,0.5,154,83,3378.7025,0.3,1.0,0.5,0.0,0.0,0,0,0.0,0.0,0,0,0.0,480.82,1,0,0.0,13514.81,4,2,0.5,1
LGS2ORD0041751,C010348,2025-11-27 15:00:00,Male,33,Bronze,TV,Bangkok,392,Shopee,Credit_Card,15,11,3,0,30-40,13.066666666666666,3.0,2.0,0.6666666666666666,203,208,1770.95,0.28,1.0,0.6666666666666666,0.0,0.0,0,0,0.0,0.0,0,0,0.0,0.0,0,0,0.0,5312.85,3,2,0.6666666666666666,0
LGS2ORD0041752,C014482,2025-11-27 15:00:00,Female,55,Bronze,Web,Songkhla,574,Lazada,COD,15,11,3,0,>50,19.133333333333333,10.0,4.0,0.4,98,18,2446.1369999999997,0.28,0.7,0.5,0.0,0.0,0,0,0.0,1522.0,1,0,0.0,1522.0,1,0,0.0,24461.37,10,4,0.4,0
LGS2ORD0041753,C015761,2025-11-27 16:00:00,Female,25,Bronze,Shopee,Remote_Area,1076,Shopee,COD,16,11,3,0,20-30,35.86666666666667,6.0,3.0,0.5,151,4,2589.476666666667,0.28,0.5,0.16666666666666666,0.0,3977.04,1,0,0.0,4855.21,2,0,0.0,4855.21,2,0,0.0,15536.86,6,3,0.5,1
LGS2ORD0041754,C014230,2025-11-27 16:00:00,Male,35,Platinum,Lazada,Khon Kaen,800,Shopee,COD,16,11,3,0,30-40,26.666666666666668,6.0,2.0,0.3333333333333333,264,58,5340.675,0.2,0.5,0.0,0.16666666666666666,0.0,0,0,0.0,0.0,0,0,0.0,8068.129999999999,2,0,0.0,32044.050000000003,6,2,0.3333333333333333,0
LGS2ORD0041755,C016614,2025-11-27 16:00:00,Male,21,Bronze,Web,Bangkok,834,TV_Show,PromptPay,16,11,3,0,20-30,27.8,8.0,3.0,0.375,137,66,7230.795,0.18,0.5,0.0,0.0,0.0,0,0,0.0,0.0,0,0,0.0,2676.39,1,0,0.0,57846.36,8,3,0.375,0
LGS2ORD0041756,C010631,2025-11-27 16:00:00,Female,29,Silver,Shopee,Bangkok,1772,Shopee,COD,16,11,3,0,20-30,59.06666666666667,3.0,0.0,0.0,-1,38,4384.6866666666665,0.2,0.6666666666666666,0.0,0.0,0.0,0,0,0.0,0.0,0,0,0.0,3862.89,1,0,0.0,13154.06,3,0,0.0,0
LGS2ORD0041757,C011013,2025-11-27 16:00:00,Male,69,Platinum,TV,Nakhon Ratchasima,1279,Web,Credit_Card,16,11,3,0,>50,42.63333333333333,5.0,1.0,0.2,101,111,4323.738,0.25,0.2,0.2,0.0,0.0,0,0,0.0,0.0,0,0,0.0,0.0,0,0,0.0,21618.690000000002,5,1,0.2,0
LGS2ORD0041758,C016886,2025-11-27 16:00:00,Male,27,Silver,Web,Nakhon Ratchasima,1786,Web,COD,16,11,3,0,20-30,59.53333333333333,2.0,0.0,0.0,-1,52,4977.6050000000005,0.1,0.5,0.0,0.0,0.0,0,0,0.0,0.0,0,0,0.0,1298.17,1,0,0.0,9955.210000000001,2,0,0.0,0
LGS2ORD0041759,C010922,2025-11-27 17:00:00,Male,37,Gold,TV,Phuket,1218,Lazada,COD,17,11,3,0,30-40,40.6,2.0,1.0,0.5,53,61,4985.17,0.33,0.5,1.0,0.0,0.0,0,0,0.0,0.0,0,0,0.0,3249.11,1,1,1.0,9970.34,2,1,0.5,0
LGS2ORD0041760,C011681,2025-11-27 17:00:00,Male,42,Bronze,Shopee,Bangkok,356,Lazada,PromptPay,17,11,3,0,40-50,11.866666666666667,11.0,2.0,0.18181818181818182,82,8,8704.938181818183,0.18,0.7272727272727273,0.0,0.0,0.0,0,0,0.0,4989.96,1,0,0.0,46013.07,3,1,0.3333333333333333,95754.32,11,2,0.18181818181818182,0
LGS2ORD0041761,C017353,2025-11-27 17:00:00,Male,54,Silver,Web,Bangkok,730,Web,COD,17,11,3,0,>50,24.333333333333332,3.0,1.0,0.3333333333333333,312,298,5551.923333333333,0.2,0.6666666666666666,0.0,0.0,0.0,0,0,0.0,0.0,0,0,0.0,0.0,0,0,0.0,16655.77,3,1,0.3333333333333333,0
LGS2ORD0041762,C016520,2025-11-27 17:00:00,Male,61,Bronze,CallCenter,Khon Kaen,1148,CallCenter,COD,17,11,3,0,>50,38.266666666666666,5.0,3.0,0.6,173,105,9025.926000000001,0.28,0.6,0.2,0.0,0.0,0,0,0.0,0.0,0,0,0.0,0.0,0,0,0.0,45129.630000000005,5,3,0.6,0
LGS2ORD0041763,C010173,2025-11-27 17:00:00,Male,29,Gold,Web,Nakhon Ratchasima,931,TV_Show,PromptPay,17,11,3,0,20-30,31.033333333333335,4.0,0.0,0.0,-1,36,3188.5225,0.33,0.25,1.0,0.0,0.0,0,0,0.0,0.0,0,0,0.0,2862.01,1,0,0.0,12754.09,4,0,0.0,0
LGS2ORD0041764,C013058,2025-11-27 18:00:00,Female,24,Bronze,CallCenter,Chonburi,1737,Shopee,PromptPay,18,11,3,0,20-30,57.9,9.0,1.0,0.1111111111111111,190,25,5796.2,0.23,0.5555555555555556,0.1111111111111111,0.0,0.0,0,0,0.0,10494.89,2,0,0.0,31422.87,4,0,0.0,52165.799999999996,9,1,0.1111111111111111,0
LGS2ORD0041765,C014863,2025-11-27 18:00:00,Male,21,Gold,Lazada,Bangkok,1572,Shopee,Credit_Card,18,11,3,0,20-30,52.4,1.0,0.0,0.0,-1,257,11437.14,0.13,0.0,0.0,0.0,0.0,0,0,0.0,0.0,0,0,0.0,0.0,0,0,0.0,11437.14,1,0,0.0,0
LGS2ORD0041766,C016400,2025-11-27 18:00:00,Male,39,Silver,Lazada,Bangkok,832,Shopee,PromptPay,18,11,3,0,30-40,27.733333333333334,7.0,0.0,0.0,-1,5,3469.9714285714285,0.25,0.2857142857142857,0.2857142857142857,0.0,5438.61,1,0,0.0,5438.61,1,0,0.0,11850.15,2,0,0.0,24289.8,7,0,0.0,0
LGS2ORD0041767,C011268,2025-11-27 18:00:00,Female,43,Gold,Lazada,Khon Kaen,1678,Web,COD,18,11,3,0,40-50,55.93333333333333,9.0,1.0,0.1111111111111111,195,13,3173.741111111111,0.28,0.5555555555555556,0.7777777777777778,0.0,0.0,0,0,0.0,4590.07,2,0,0.0,4590.07,2,0,0.0,28563.67,9,1,0.1111111111111111,0
LGS2ORD0041768,C015923,2025-11-27 18:00:00,Male,59,Bronze,TV,Phuket,959,Lazada,Bank_Transfer,18,11,3,0,>50,31.966666666666665,7.0,5.0,0.7142857142857143,35,40,2303.2042857142856,0.23,0.5714285714285714,0.2857142857142857,0.0,0.0,0,0,0.0,0.0,0,0,0.0,11395.220000000001,2,1,0.5,16122.43,7,5,0.7142857142857143,1
LGS2ORD0041769,C010255,2025-11-27 19:00:00,Female,66,Silver,CallCenter,Khon Kaen,1605,TV_Show,COD,19,11,3,0,>50,53.5,10.0,3.0,0.3,63,41,7969.320999999999,0.25,0.9,0.1,0.0,0.0,0,0,0.0,0.0,0,0,0.0,35552.619999999995,4,1,0.25,79693.20999999999,10,3,0.3,0
LGS2ORD0041770,C011956,2025-11-27 19:00:00,Female,31,Bronze,Lazada,Phuket,446,Shopee,COD,19,11,3,0,30-40,14.866666666666667,3.0,2.0,0.6666666666666666,167,181,3632.683333333333,0.23,0.6666666666666666,0.6666666666666666,0.0,0.0,0,0,0.0,0.0,0,0,0.0,0.0,0,0,0.0,10898.05,3,2,0.6666666666666666,0
LGS2ORD0041771,C017856,2025-11-27 19:00:00,Female,48,Bronze,Web,Bangkok,552,Lazada,Credit_Card,19,11,3,0,40-50,18.4,8.0,3.0,0.375,14,26,3018.18125,0.28,0.75,0.375,0.0,0.0,0,0,0.0,4503.709999999999,2,1,0.5,5566.639999999999,3,1,0.3333333333333333,24145.45,8,3,0.375,1
LGS2ORD0041772,C015652,2025-11-27 19:00:00,Female,34,Silver,Web,Remote_Area,1546,CallCenter,COD,19,11,3,0,30-40,51.53333333333333,6.0,3.0,0.5,58,69,7719.021666666667,0.3,0.6666666666666666,0.3333333333333333,0.0,0.0,0,0,0.0,0.0,0,0,0.0,7690.65,2,2,1.0,46314.130000000005,6,3,0.5,1
LGS2ORD0041773,C014968,2025-11-27 19:00:00,Male,24,Silver,Shopee,Chonburi,1064,CallCenter,COD,19,11,3,0,20-30,35.46666666666667,4.0,0.0,0.0,-1,147,4174.8075,0.25,0.5,0.25,0.0,0.0,0,0,0.0,0.0,0,0,0.0,0.0,0,0,0.0,16699.23,4,0,0.0,1
LGS2ORD0041774,C016097,2025-11-27 20:00:00,Female,67,Silver,TV,Remote_Area,1334,TV_Show,Credit_Card,20,11,3,0,>50,44.46666666666667,7.0,0.0,0.0,-1,35,3828.2228571428573,0.25,0.7142857142857143,0.14285714285714285,0.0,0.0,0,0,0.0,0.0,0,0,0.0,6183.22,2,0,0.0,26797.56,7,0,0.0,0
LGS2ORD0041775,C010302,2025-11-27 20:00:00,Female,35,Bronze,Shopee,Remote_Area,1554,Lazada,COD,20,11,3,0,30-40,51.8,9.0,4.0,0.4444444444444444,10,15,4691.200000000001,0.23,0.5555555555555556,0.4444444444444444,0.0,0.0,0,0,0.0,10718.81,2,2,1.0,10718.81,2,2,1.0,42220.8,9,4,0.4444444444444444,0
LGS2ORD0041776,C015926,2025-11-27 20:00:00,Female,57,Silver,CallCenter,Phuket,742,TV_Show,COD,20,11,3,0,>50,24.733333333333334,4.0,1.0,0.25,307,78,3323.1775,0.2,0.75,0.0,0.0,0.0,0,0,0.0,0.0,0,0,0.0,1602.79,1,0,0.0,13292.71,4,1,0.25,1
LGS2ORD0041777,C012960,2025-11-27 20:00:00,Female,50,Gold,TV,Chiang Mai,693,Web,COD,20,11,3,0,40-50,23.1,5.0,0.0,0.0,-1,36,5698.4220000000005,0.28,0.8,0.4,0.0,0.0,0,0,0.0,0.0,0,0,0.0,26240.06,4,0,0.0,28492.11,5,0,0.0,0
LGS2ORD0041778,C011479,2025-11-27 20:00:00,Male,43,Bronze,Shopee,Songkhla,560,Lazada,Credit_Card,20,11,3,0,40-50,18.666666666666668,8.0,5.0,0.625,32,3,8187.8675,0.23,0.625,0.25,0.0,5748.23,1,0,0.0,9958.779999999999,2,0,0.0,16619.12,4,2,0.5,65502.94,8,5,0.625,1
LGS2ORD0041779,C017102,2025-11-27 20:00:00,Female,18,Gold,TV,Remote_Area,1581,Web,COD,20,11,3,0,<20,52.7,8.0,5.0,0.625,20,29,7237.36375,0.28,0.75,0.5,0.0,0.0,0,0,0.0,23072.64,1,1,1.0,23072.64,1,1,1.0,57898.91,8,5,0.625,0
LGS2ORD0041780,C011251,2025-11-27 21:00:00,Male,33,Silver,TV,Chonburi,833,TV_Show,PromptPay,21,11,3,0,30-40,27.766666666666666,4.0,1.0,0.25,87,31,4577.3075,0.25,0.5,0.25,0.0,0.0,0,0,0.0,0.0,0,0,0.0,1235.94,1,0,0.0,18309.23,4,1,0.25,0
LGS2ORD0041781,C010525,2025-11-27 21:00:00,Female,37,Gold,TV,Chiang Mai,808,Lazada,COD,21,11,3,0,30-40,26.933333333333334,5.0,1.0,0.2,256,118,3928.406,0.2299999999999999,0.6,0.4,0.0,0.0,0,0,0.0,0.0,0,0,0.0,0.0,0,0,0.0,19642.03,5,1,0.2,0
LGS2ORD0041782,C014004,2025-11-27 21:00:00,Male,53,Silver,CallCenter,Bangkok,1137,Shopee,COD,21,11,3,0,>50,37.9,4.0,1.0,0.25,198,77,3588.7075000000004,0.1,0.5,0.0,0.0,0.0,0,0,0.0,0.0,0,0,0.0,9500.44,1,0,0.0,14354.830000000002,4,1,0.25,1
LGS2ORD0041783,C011298,2025-11-27 21:00:00,Female,49,Silver,TV,Chiang Mai,1774,Lazada,Bank_Transfer,21,11,3,0,40-50,59.13333333333333,3.0,0.0,0.0,-1,97,3869.126666666667,0.25,0.0,0.3333333333333333,0.0,0.0,0,0,0.0,0.0,0,0,0.0,0.0,0,0,0.0,11607.380000000001,3,0,0.0,0
LGS2ORD0041784,C014404,2025-11-27 21:00:00,Male,51,Bronze,TV,Chiang Mai,475,TV_Show,COD,21,11,3,0,>50,15.833333333333334,6.0,0.0,0.0,-1,52,5132.68,0.18,0.8333333333333334,0.0,0.0,0.0,0,0,0.0,0.0,0,0,0.0,2092.21,2,0,0.0,30796.08,6,0,0.0,0
LGS2ORD0041785,C014919,2025-11-27 22:00:00,Male,40,Bronze,TV,Songkhla,1602,Web,COD,22,11,3,0,30-40,53.4,10.0,1.0,0.1,20,8,7224.039,0.28,0.5,0.3,0.0,0.0,0,0,0.0,8969.26,2,1,0.5,40361.62,4,1,0.25,72240.39,10,1,0.1,0
LGS2ORD0041786,C011128,2025-11-27 22:00:00,Female,59,Gold,Lazada,Bangkok,1043,Web,COD,22,11,3,0,>50,34.766666666666666,10.0,3.0,0.3,54,3,4045.957,0.28,0.6,0.5,0.0,6213.15,1,0,0.0,6213.15,1,0,0.0,12900.05,3,1,0.3333333333333333,40459.57,10,3,0.3,0
LGS2ORD0041787,C015550,2025-11-27 22:00:00,Female,35,Bronze,Shopee,Chiang Mai,987,TV_Show,Credit_Card,22,11,3,0,30-40,32.9,11.0,1.0,0.09090909090909091,241,20,6093.124545454546,0.28,0.2727272727272727,0.36363636363636365,0.0,0.0,0,0,0.0,2695.49,1,0,0.0,2695.49,1,0,0.0,67024.37000000001,11,1,0.09090909090909091,0
LGS2ORD0041788,C011002,2025-11-27 22:00:00,Female,53,Gold,TV,Remote_Area,1277,Lazada,PromptPay,22,11,3,0,>50,42.56666666666667,10.0,3.0,0.3,178,22,2483.4219999999996,0.33,0.5,0.5,0.0,0.0,0,0,0.0,3829.63,2,0,0.0,7823.74,4,0,0.0,24834.219999999998,10,3,0.3,0
LGS2ORD0041789,C016216,2025-11-27 22:00:00,Female,61,Bronze,Shopee,Remote_Area,735,Shopee,COD,22,11,3,0,>50,24.5,8.0,2.0,0.25,13,26,8161.746249999999,0.28,0.5,0.375,0.0,0.0,0,0,0.0,13012.9,1,1,1.0,13012.9,1,1,1.0,65293.969999999994,8,2,0.25,0
LGS2ORD0041790,C012606,2025-11-27 23:00:00,Male,43,Bronze,TV,Bangkok,993,Web,COD,23,11,3,0,40-50,33.1,8.0,2.0,0.25,48,34,6427.26375,0.28,0.5,0.375,0.0,0.0,0,0,0.0,0.0,0,0,0.0,31362.57,3,1,0.3333333333333333,51418.11,8,2,0.25,0
LGS2ORD0041791,C014867,2025-11-27 23:00:00,Female,41,Bronze,TV,Remote_Area,1075,TV_Show,COD,23,11,3,0,40-50,35.833333333333336,6.0,1.0,0.16666666666666666,-7,7,4601.91,0.23,0.5,0.3333333333333333,0.0,0.0,0,0,0.0,2198.57,1,1,1.0,2520.9100000000003,2,1,0.5,27611.46,6,1,0.16666666666666666,1
LGS2ORD0041792,C012815,2025-11-27 23:00:00,Female,59,Bronze,Lazada,Bangkok,1734,TV_Show,Credit_Card,23,11,3,0,>50,57.8,7.0,1.0,0.14285714285714285,279,93,7819.208571428571,0.18,0.7142857142857143,0.0,0.0,0.0,0,0,0.0,0.0,0,0,0.0,0.0,0,0,0.0,54734.46,7,1,0.14285714285714285,0
LGS2ORD0041793,C010026,2025-11-27 23:00:00,Female,51,Bronze,Web,Bangkok,857,Shopee,COD,23,11,3,0,>50,28.566666666666666,14.0,3.0,0.21428571428571427,3,12,5600.845714285715,0.28,0.5714285714285714,0.2857142857142857,0.0,0.0,0,0,0.0,5704.67,2,1,0.5,22362.989999999998,4,1,0.25,78411.84000000001,14,3,0.21428571428571427,1
LGS2ORD0041794,C017490,2025-11-27 23:00:00,Male,63,Bronze,CallCenter,Bangkok,1703,Web,COD,23,11,3,0,>50,56.766666666666666,1.0,0.0,0.0,-1,57,34042.17,0.03,0.0,0.0,0.0,0.0,0,0,0.0,0.0,0,0,0.0,34042.17,1,0,0.0,34042.17,1,0,0.0,1
LGS2ORD0041795,C010085,2025-11-28 00:00:00,Male,33,Bronze,Web,Chonburi,1112,Shopee,Credit_Card,0,11,4,0,30-40,37.06666666666667,3.0,1.0,0.3333333333333333,194,24,7700.196666666666,0.18,0.6666666666666666,0.0,0.0,0.0,0,0,0.0,17897.28,1,0,0.0,18818.6,2,0,0.0,23100.589999999997,3,1,0.3333333333333333,0
LGS2ORD0041796,C017438,2025-11-28 00:00:00,Female,40,Bronze,Lazada,Songkhla,448,Web,COD,0,11,4,0,30-40,14.933333333333334,5.0,2.0,0.4,137,56,5193.3099999999995,0.23,0.8,0.4,0.0,0.0,0,0,0.0,0.0,0,0,0.0,3043.14,1,0,0.0,25966.55,5,2,0.4,1
LGS2ORD0041797,C011971,2025-11-28 00:00:00,Female,28,Bronze,TV,Songkhla,1477,Shopee,Bank_Transfer,0,11,4,0,20-30,49.233333333333334,8.0,4.0,0.5,101,72,5511.77625,0.28,0.625,0.375,0.0,0.0,0,0,0.0,0.0,0,0,0.0,376.57,1,0,0.0,44094.21,8,4,0.5,0
LGS2ORD0041798,C014426,2025-11-28 00:00:00,Female,67,Bronze,Shopee,Bangkok,1388,Web,Bank_Transfer,0,11,4,0,>50,46.266666666666666,11.0,2.0,0.18181818181818182,180,39,3929.914545454545,0.28,0.7272727272727273,0.2727272727272727,0.0,0.0,0,0,0.0,0.0,0,0,0.0,10851.91,3,0,0.0,43229.06,11,2,0.18181818181818182,0
LGS2ORD0041799,C013880,2025-11-28 00:00:00,Female,47,Silver,TV,Chonburi,1599,Shopee,COD,0,11,4,0,40-50,53.3,5.0,0.0,0.0,-1,113,9680.906,0.25,0.4,0.4,0.0,0.0,0,0,0.0,0.0,0,0,0.0,0.0,0,0,0.0,48404.530000000006,5,0,0.0,0
LGS2ORD0041800,C013046,2025-11-28 00:00:00,Male,72,Bronze,TV,Remote_Area,967,TV_Show,COD,0,11,4,0,>50,32.233333333333334,5.0,2.0,0.4,128,67,3011.4120000000003,0.23,0.8,0.2,0.0,0.0,0,0,0.0,0.0,0,0,0.0,4635.22,2,0,0.0,15057.060000000001,5,2,0.4,1
LGS2ORD0041801,C017758,2025-11-28 01:00:00,Other,33,Gold,Web,Bangkok,1092,TV_Show,COD,1,11,4,0,30-40,36.4,8.0,2.0,0.25,35,27,3562.0924999999997,0.2299999999999999,0.5,0.125,0.0,0.0,0,0,0.0,994.46,1,0,0.0,3064.67,2,1,0.5,28496.739999999998,8,2,0.25,0
LGS2ORD0041802,C011197,2025-11-28 01:00:00,Male,32,Gold,Shopee,Remote_Area,1438,CallCenter,COD,1,11,4,0,30-40,47.93333333333333,6.0,3.0,0.5,3,11,3544.133333333333,0.33,0.8333333333333334,0.3333333333333333,0.0,0.0,0,0,0.0,1185.02,1,1,1.0,5586.709999999999,2,1,0.5,21264.8,6,3,0.5,1
LGS2ORD0041803,C014359,2025-11-28 01:00:00,Female,25,Bronze,Shopee,Bangkok,1611,Shopee,COD,1,11,4,0,20-30,53.7,5.0,1.0,0.2,283,2,8928.3,0.28,1.0,0.4,0.0,3179.01,1,0,0.0,3179.01,1,0,0.0,3179.01,1,0,0.0,44641.5,5,1,0.2,0
LGS2ORD0041804,C016441,2025-11-28 01:00:00,Female,68,Bronze,Lazada,Nakhon Ratchasima,762,Shopee,COD,1,11,4,0,>50,25.4,2.0,2.0,1.0,43,51,1784.12,0.18,0.0,0.0,0.0,0.0,0,0,0.0,0.0,0,0,0.0,3568.24,2,2,1.0,3568.24,2,2,1.0,0
LGS2ORD0041805,C012741,2025-11-28 01:00:00,Other,19,Gold,Web,Khon Kaen,484,TV_Show,PromptPay,1,11,4,0,<20,16.133333333333333,3.0,1.0,0.3333333333333333,86,94,911.8000000000001,0.13,0.3333333333333333,0.0,0.0,0.0,0,0,0.0,0.0,0,0,0.0,0.0,0,0,0.0,2735.4,3,1,0.3333333333333333,0
LGS2ORD0041806,C014781,2025-11-28 02:00:00,Male,39,Platinum,Web,Phuket,1446,Web,Credit_Card,2,11,4,0,30-40,48.2,5.0,2.0,0.4,215,220,9848.668,0.25,1.0,0.2,0.0,0.0,0,0,0.0,0.0,0,0,0.0,0.0,0,0,0.0,49243.34,5,2,0.4,1
LGS2ORD0041807,C012538,2025-11-28 02:00:00,Male,33,Silver,Shopee,Khon Kaen,1366,TV_Show,Credit_Card,2,11,4,0,30-40,45.53333333333333,4.0,1.0,0.25,162,142,4287.0875,0.3,0.25,0.5,0.0,0.0,0,0,0.0,0.0,0,0,0.0,0.0,0,0,0.0,17148.35,4,1,0.25,0
LGS2ORD0041808,C012496,2025-11-28 02:00:00,Female,42,Bronze,Shopee,Songkhla,520,Lazada,COD,2,11,4,0,40-50,17.333333333333332,6.0,2.0,0.3333333333333333,131,71,3196.8833333333328,0.28,1.0,0.3333333333333333,0.0,0.0,0,0,0.0,0.0,0,0,0.0,5643.57,1,0,0.0,19181.299999999996,6,2,0.3333333333333333,0
LGS2ORD0041809,C017236,2025-11-28 02:00:00,Male,51,Bronze,CallCenter,Chonburi,461,Web,COD,2,11,4,0,>50,15.366666666666667,8.0,2.0,0.25,0,5,3740.60375,0.28,0.875,0.375,0.0,1205.83,1,1,1.0,13946.17,4,1,0.25,13946.17,4,1,0.25,29924.83,8,2,0.25,0
LGS2ORD0041810,C010278,2025-11-28 02:00:00,Male,36,Bronze,TV,Khon Kaen,1459,Shopee,COD,2,11,4,0,30-40,48.63333333333333,7.0,3.0,0.42857142857142855,15,11,2671.825714285714,0.23,0.42857142857142855,0.2857142857142857,0.0,0.0,0,0,0.0,1596.3,1,0,0.0,3382.16,3,2,0.6666666666666666,18702.78,7,3,0.42857142857142855,0
LGS2ORD0041811,C017801,2025-11-28 03:00:00,Female,50,Bronze,Shopee,Phuket,680,Lazada,Bank_Transfer,3,11,4,0,40-50,22.666666666666668,11.0,4.0,0.36363636363636365,94,35,7516.017272727273,0.28,0.45454545454545453,0.18181818181818182,0.0,0.0,0,0,0.0,0.0,0,0,0.0,10558.86,1,0,0.0,82676.19,11,4,0.36363636363636365,0
LGS2ORD0041812,C015736,2025-11-28 03:00:00,Female,33,Bronze,TV,Bangkok,795,Lazada,COD,3,11,4,0,30-40,26.5,3.0,0.0,0.0,-1,44,5573.856666666667,0.23,0.0,0.3333333333333333,0.0,0.0,0,0,0.0,0.0,0,0,0.0,15512.38,2,0,0.0,16721.57,3,0,0.0,1
LGS2ORD0041813,C012699,2025-11-28 03:00:00,Female,34,Gold,TV,Bangkok,609,Shopee,COD,3,11,4,0,30-40,20.3,3.0,0.0,0.0,-1,10,1496.4733333333334,0.2299999999999999,0.3333333333333333,0.3333333333333333,0.0,0.0,0,0,0.0,1628.49,1,0,0.0,1628.49,1,0,0.0,4489.42,3,0,0.0,1
LGS2ORD0041814,C014669,2025-11-28 03:00:00,Female,23,Silver,TV,Chiang Mai,1170,Web,PromptPay,3,11,4,0,20-30,39.0,2.0,0.0,0.0,-1,49,5410.835,0.2,0.0,0.0,0.0,0.0,0,0,0.0,0.0,0,0,0.0,7123.65,1,0,0.0,10821.67,2,0,0.0,0
LGS2ORD0041815,C013283,2025-11-28 03:00:00,Female,40,Bronze,Shopee,Bangkok,1153,Shopee,Credit_Card,3,11,4,0,30-40,38.43333333333333,3.0,0.0,0.0,-1,19,2870.67,0.28,0.3333333333333333,0.3333333333333333,0.0,0.0,0,0,0.0,4035.84,1,0,0.0,6672.98,2,0,0.0,8612.01,3,0,0.0,1
LGS2ORD0041816,C015817,2025-11-28 04:00:00,Male,36,Silver,Shopee,Chonburi,1303,Shopee,PromptPay,4,11,4,0,30-40,43.43333333333333,0.0,0.0,0.0,-1,-1,0.0,0.0,0.0,0.0,0.0,0.0,0,0,0.0,0.0,0,0,0.0,0.0,0,0,0.0,0.0,0,0,0.0,0
LGS2ORD0041817,C012648,2025-11-28 04:00:00,Male,47,Silver,TV,Khon Kaen,668,Lazada,COD,4,11,4,0,40-50,22.266666666666666,9.0,1.0,0.1111111111111111,283,57,3301.0355555555557,0.25,0.7777777777777778,0.2222222222222222,0.0,0.0,0,0,0.0,0.0,0,0,0.0,2153.91,2,0,0.0,29709.32,9,1,0.1111111111111111,0
LGS2ORD0041818,C014319,2025-11-28 04:00:00,Female,43,Bronze,Shopee,Bangkok,1439,TV_Show,COD,4,11,4,0,40-50,47.96666666666667,6.0,2.0,0.3333333333333333,246,71,5972.264999999999,0.23,0.6666666666666666,0.16666666666666666,0.0,0.0,0,0,0.0,0.0,0,0,0.0,9628.09,1,0,0.0,35833.59,6,2,0.3333333333333333,0
LGS2ORD0041819,C015993,2025-11-28 04:00:00,Female,39,Silver,TV,Phuket,880,TV_Show,COD,4,11,4,0,30-40,29.333333333333332,8.0,4.0,0.5,5,12,6435.3925,0.3,0.5,0.25,0.0,0.0,0,0,0.0,4051.84,2,2,1.0,4051.84,2,2,1.0,51483.14,8,4,0.5,1
LGS2ORD0041820,C013517,2025-11-28 04:00:00,Female,36,Silver,TV,Bangkok,686,Shopee,Bank_Transfer,4,11,4,0,30-40,22.866666666666667,7.0,0.0,0.0,-1,8,4787.747142857143,0.3,0.42857142857142855,0.42857142857142855,0.0,0.0,0,0,0.0,3551.83,1,0,0.0,13884.09,3,0,0.0,33514.23,7,0,0.0,0
LGS2ORD0041821,C012203,2025-11-28 04:00:00,Male,54,Bronze,Shopee,Chonburi,1731,Shopee,COD,4,11,4,0,>50,57.7,6.0,1.0,0.16666666666666666,93,16,6572.941666666667,0.28,0.3333333333333333,0.5,0.0,0.0,0,0,0.0,9330.85,1,0,0.0,19430.68,2,0,0.0,39437.65,6,1,0.16666666666666666,0
LGS2ORD0041822,C011146,2025-11-28 05:00:00,Male,38,Gold,Lazada,Chiang Mai,636,CallCenter,COD,5,11,4,0,30-40,21.2,4.0,1.0,0.25,190,183,1851.9775000000002,0.2299999999999999,0.5,0.25,0.0,0.0,0,0,0.0,0.0,0,0,0.0,0.0,0,0,0.0,7407.910000000001,4,1,0.25,0
LGS2ORD0041823,C016794,2025-11-28 05:00:00,Female,33,Bronze,Web,Chonburi,1584,Shopee,COD,5,11,4,0,30-40,52.8,8.0,3.0,0.375,-5,1,8043.6475,0.18,0.375,0.0,0.0,2434.89,1,0,0.0,14440.339999999998,3,2,0.6666666666666666,40829.64,5,3,0.6,64349.18,8,3,0.375,0
LGS2ORD0041824,C015867,2025-11-28 05:00:00,Male,46,Silver,Lazada,Bangkok,1138,Lazada,Credit_Card,5,11,4,0,40-50,37.93333333333333,6.0,2.0,0.3333333333333333,164,2,5035.038333333333,0.3,0.8333333333333334,0.5,0.0,8834.06,1,0,0.0,8834.06,1,0,0.0,8834.06,1,0,0.0,30210.229999999996,6,2,0.3333333333333333,0
LGS2ORD0041825,C010849,2025-11-28 05:00:00,Female,32,Bronze,CallCenter,Chiang Mai,1323,CallCenter,Credit_Card,5,11,4,0,30-40,44.1,7.0,1.0,0.14285714285714285,14,21,3113.6242857142856,0.23,0.42857142857142855,0.2857142857142857,0.14285714285714285,0.0,0,0,0.0,1986.85,1,1,1.0,18988.199999999997,5,1,0.2,21795.37,7,1,0.14285714285714285,0
LGS2ORD0041826,C011598,2025-11-28 05:00:00,Female,29,Silver,TV,Remote_Area,534,Web,PromptPay,5,11,4,0,20-30,17.8,3.0,0.0,0.0,-1,141,8034.333333333333,0.25,0.3333333333333333,0.3333333333333333,0.0,0.0,0,0,0.0,0.0,0,0,0.0,0.0,0,0,0.0,24103.0,3,0,0.0,1
LGS2ORD0041827,C010717,2025-11-28 06:00:00,Male,42,Bronze,Shopee,Chonburi,1590,Lazada,Credit_Card,6,11,4,0,40-50,53.0,3.0,0.0,0.0,-1,16,2846.16,0.08,0.0,0.0,0.0,0.0,0,0,0.0,3836.45,1,0,0.0,5163.61,2,0,0.0,8538.48,3,0,0.0,0
LGS2ORD0041828,C016821,2025-11-28 06:00:00,Other,57,Bronze,Shopee,Chonburi,833,TV_Show,COD,6,11,4,0,>50,27.766666666666666,8.0,1.0,0.125,57,20,10442.56625,0.23,0.625,0.125,0.0,0.0,0,0,0.0,4138.04,1,0,0.0,24464.97,3,1,0.3333333333333333,83540.53,8,1,0.125,0
LGS2ORD0041829,C014147,2025-11-28 06:00:00,Female,18,Silver,Web,Nakhon Ratchasima,1705,Lazada,Credit_Card,6,11,4,0,<20,56.833333333333336,6.0,2.0,0.3333333333333333,117,19,5537.091666666666,0.25,0.5,0.3333333333333333,0.0,0.0,0,0,0.0,2415.3,1,0,0.0,7041.78,2,0,0.0,33222.549999999996,6,2,0.3333333333333333,0
LGS2ORD0041830,C016263,2025-11-28 06:00:00,Male,40,Silver,Lazada,Chonburi,1286,Shopee,Credit_Card,6,11,4,0,30-40,42.86666666666667,1.0,0.0,0.0,-1,129,143.17,0.25,0.0,1.0,0.0,0.0,0,0,0.0,0.0,0,0,0.0,0.0,0,0,0.0,143.17,1,0,0.0,0
LGS2ORD0041831,C012953,2025-11-28 06:00:00,Male,54,Bronze,TV,Nakhon Ratchasima,1236,CallCenter,Credit_Card,6,11,4,0,>50,41.2,2.0,0.0,0.0,-1,119,12103.525000000001,0.13,1.0,0.0,0.0,0.0,0,0,0.0,0.0,0,0,0.0,0.0,0,0,0.0,24207.050000000003,2,0,0.0,0
LGS2ORD0041832,C015979,2025-11-28 07:00:00,Male,49,Silver,Lazada,Phuket,1612,Lazada,COD,7,11,4,0,40-50,53.733333333333334,8.0,1.0,0.125,143,58,5130.66,0.3,0.625,0.375,0.0,0.0,0,0,0.0,0.0,0,0,0.0,2166.26,2,0,0.0,41045.28,8,1,0.125,0
LGS2ORD0041833,C013409,2025-11-28 07:00:00,Male,38,Silver,CallCenter,Bangkok,1082,TV_Show,Bank_Transfer,7,11,4,0,30-40,36.06666666666667,5.0,0.0,0.0,-1,45,1997.2040000000002,0.3,0.2,0.6,0.0,0.0,0,0,0.0,0.0,0,0,0.0,7780.97,3,0,0.0,9986.02,5,0,0.0,0
LGS2ORD0041834,C017929,2025-11-28 07:00:00,Female,64,Bronze,TV,Chonburi,1272,CallCenter,COD,7,11,4,0,>50,42.4,5.0,2.0,0.4,51,59,5601.378,0.28,0.8,0.2,0.0,0.0,0,0,0.0,0.0,0,0,0.0,1668.42,1,1,1.0,28006.89,5,2,0.4,0
LGS2ORD0041835,C016160,2025-11-28 07:00:00,Female,46,Bronze,Web,Chonburi,1074,Lazada,PromptPay,7,11,4,0,40-50,35.8,6.0,2.0,0.3333333333333333,6,18,8464.158333333333,0.23,0.3333333333333333,0.3333333333333333,0.0,0.0,0,0,0.0,1984.22,1,1,1.0,12175.019999999999,2,1,0.5,50784.95,6,2,0.3333333333333333,0
LGS2ORD0041836,C014885,2025-11-28 07:00:00,Male,57,Silver,Shopee,Bangkok,666,Web,Credit_Card,7,11,4,0,>50,22.2,4.0,0.0,0.0,-1,56,5863.1275,0.25,0.75,0.25,0.0,0.0,0,0,0.0,0.0,0,0,0.0,20797.329999999998,2,0,0.0,23452.51,4,0,0.0,0
LGS2ORD0041837,C012690,2025-11-28 08:00:00,Male,34,Platinum,Web,Bangkok,1078,Shopee,COD,8,11,4,0,30-40,35.93333333333333,5.0,1.0,0.2,294,145,4792.094,0.25,0.0,0.6,0.0,0.0,0,0,0.0,0.0,0,0,0.0,0.0,0,0,0.0,23960.47,5,1,0.2,0
LGS2ORD0041838,C013044,2025-11-28 08:00:00,Female,34,Bronze,Web,Remote_Area,1297,TV_Show,COD,8,11,4,0,30-40,43.233333333333334,8.0,2.0,0.25,192,23,8864.70875,0.28,0.25,0.375,0.0,0.0,0,0,0.0,5560.5199999999995,2,0,0.0,5560.5199999999995,2,0,0.0,70917.67,8,2,0.25,0
LGS2ORD0041839,C017858,2025-11-28 08:00:00,Male,30,Silver,TV,Remote_Area,523,Shopee,Bank_Transfer,8,11,4,0,20-30,17.433333333333334,11.0,4.0,0.36363636363636365,35,28,5567.529090909091,0.3,0.6363636363636364,0.09090909090909091,0.0,0.0,0,0,0.0,629.9,1,0,0.0,33541.48,5,2,0.4,61242.82,11,4,0.36363636363636365,0
LGS2ORD0041840,C012876,2025-11-28 08:00:00,Other,36,Silver,CallCenter,Khon Kaen,556,Lazada,PromptPay,8,11,4,0,30-40,18.533333333333335,8.0,1.0,0.125,200,63,7603.5275,0.25,0.5,0.125,0.0,0.0,0,0,0.0,0.0,0,0,0.0,6206.88,1,0,0.0,60828.22,8,1,0.125,0
LGS2ORD0041841,C012554,2025-11-28 08:00:00,Female,54,Bronze,Shopee,Chonburi,1685,Lazada,COD,8,11,4,0,>50,56.166666666666664,7.0,4.0,0.5714285714285714,50,53,3879.2071428571435,0.23,0.7142857142857143,0.2857142857142857,0.0,0.0,0,0,0.0,0.0,0,0,0.0,9036.52,2,2,1.0,27154.450000000004,7,4,0.5714285714285714,1
LGS2ORD0041842,C015834,2025-11-28 08:00:00,Female,18,Silver,Lazada,Songkhla,425,Web,Bank_Transfer,8,11,4,0,<20,14.166666666666666,2.0,0.0,0.0,-1,139,1232.35,0.25,0.0,1.0,0.0,0.0,0,0,0.0,0.0,0,0,0.0,0.0,0,0,0.0,2464.7,2,0,0.0,0
LGS2ORD0041843,C016382,2025-11-28 09:00:00,Female,72,Bronze,CallCenter,Chonburi,1043,Lazada,COD,9,11,4,0,>50,34.766666666666666,9.0,2.0,0.2222222222222222,242,9,3669.49,0.23,0.6666666666666666,0.3333333333333333,0.0,0.0,0,0,0.0,1172.86,1,0,0.0,10748.04,3,0,0.0,33025.409999999996,9,2,0.2222222222222222,0
LGS2ORD0041844,C016891,2025-11-28 09:00:00,Female,49,Bronze,TV,Khon Kaen,1061,Web,COD,9,11,4,0,40-50,35.36666666666667,9.0,2.0,0.2222222222222222,12,18,9330.144444444444,0.23,0.5555555555555556,0.2222222222222222,0.0,0.0,0,0,0.0,31576.12,1,1,1.0,51767.31,3,1,0.3333333333333333,83971.3,9,2,0.2222222222222222,1
LGS2ORD0041845,C017960,2025-11-28 09:00:00,Male,70,Gold,TV,Phuket,1063,Web,COD,9,11,4,0,>50,35.43333333333333,0.0,0.0,0.0,-1,-1,0.0,0.0,0.0,0.0,0.0,0.0,0,0,0.0,0.0,0,0,0.0,0.0,0,0,0.0,0.0,0,0,0.0,1
LGS2ORD0041846,C014148,2025-11-28 09:00:00,Male,33,Platinum,TV,Remote_Area,1435,TV_Show,Credit_Card,9,11,4,0,30-40,47.833333333333336,5.0,1.0,0.2,79,1,4723.822,0.3,0.6,0.6,0.0,9070.17,1,0,0.0,12518.93,2,0,0.0,14756.44,3,1,0.3333333333333333,23619.11,5,1,0.2,0
LGS2ORD0041847,C010098,2025-11-28 09:00:00,Male,50,Bronze,Shopee,Chiang Mai,1139,Lazada,COD,9,11,4,0,40-50,37.96666666666667,3.0,0.0,0.0,-1,16,1812.756666666667,0.08,0.6666666666666666,0.0,0.0,0.0,0,0,0.0,1459.32,1,0,0.0,4204.83,2,0,0.0,5438.27,3,0,0.0,0
LGS2ORD0041848,C011870,2025-11-28 10:00:00,Male,40,Silver,CallCenter,Bangkok,1754,TV_Show,COD,10,11,4,0,30-40,58.46666666666667,4.0,2.0,0.5,94,103,3188.4625,0.3,0.5,0.25,0.0,0.0,0,0,0.0,0.0,0,0,0.0,0.0,0,0,0.0,12753.85,4,2,0.5,1
LGS2ORD0041849,C011580,2025-11-28 10:00:00,Male,36,Gold,Shopee,Nakhon Ratchasima,734,Shopee,PromptPay,10,11,4,0,30-40,24.466666666666665,2.0,0.0,0.0,-1,100,2864.8,0.28,0.0,0.5,0.0,0.0,0,0,0.0,0.0,0,0,0.0,0.0,0,0,0.0,5729.6,2,0,0.0,0
LGS2ORD0041850,C010922,2025-11-28 10:00:00,Male,37,Gold,TV,Phuket,1219,TV_Show,COD,10,11,4,0,30-40,40.63333333333333,3.0,1.0,0.3333333333333333,54,0,5614.526666666668,0.33,0.6666666666666666,0.6666666666666666,0.0,6873.24,1,0,0.0,6873.24,1,0,0.0,10122.35,2,1,0.5,16843.58,3,1,0.3333333333333333,1
LGS2ORD0041851,C013284,2025-11-28 10:00:00,Female,39,Gold,Lazada,Bangkok,637,CallCenter,COD,10,11,4,0,30-40,21.233333333333334,6.0,2.0,0.3333333333333333,93,81,5149.636666666666,0.2299999999999999,0.3333333333333333,0.16666666666666666,0.0,0.0,0,0,0.0,0.0,0,0,0.0,5543.96,1,0,0.0,30897.82,6,2,0.3333333333333333,1
LGS2ORD0041852,C017895,2025-11-28 10:00:00,Female,30,Bronze,Shopee,Chiang Mai,1553,Lazada,PromptPay,10,11,4,0,20-30,51.766666666666666,5.0,2.0,0.4,4,20,6210.568,0.28,0.4,0.6,0.0,0.0,0,0,0.0,5516.97,1,1,1.0,5516.97,1,1,1.0,31052.84,5,2,0.4,0
LGS2ORD0041853,C015209,2025-11-28 11:00:00,Female,43,Bronze,Web,Nakhon Ratchasima,1351,TV_Show,Bank_Transfer,11,11,4,0,40-50,45.03333333333333,7.0,2.0,0.2857142857142857,236,39,6288.908571428571,0.28,0.7142857142857143,0.2857142857142857,0.0,0.0,0,0,0.0,0.0,0,0,0.0,3359.97,1,0,0.0,44022.36,7,2,0.2857142857142857,0
LGS2ORD0041854,C016385,2025-11-28 11:00:00,Male,53,Gold,Web,Phuket,378,Lazada,Credit_Card,11,11,4,0,>50,12.6,9.0,1.0,0.1111111111111111,142,16,8611.527777777777,0.28,0.4444444444444444,0.3333333333333333,0.0,0.0,0,0,0.0,29546.88,2,0,0.0,32003.550000000003,3,0,0.0,77503.75,9,1,0.1111111111111111,0
LGS2ORD0041855,C016295,2025-11-28 11:00:00,Female,25,Silver,TV,Bangkok,573,Lazada,COD,11,11,4,0,20-30,19.1,5.0,1.0,0.2,195,210,4180.0599999999995,0.3,0.2,0.8,0.0,0.0,0,0,0.0,0.0,0,0,0.0,0.0,0,0,0.0,20900.3,5,1,0.2,1
LGS2ORD0041856,C017882,2025-11-28 11:00:00,Female,46,Bronze,CallCenter,Khon Kaen,511,Web,Bank_Transfer,11,11,4,0,40-50,17.033333333333335,6.0,0.0,0.0,-1,10,7160.256666666667,0.18,0.5,0.0,0.0,0.0,0,0,0.0,1306.4,1,0,0.0,8360.72,2,0,0.0,42961.54,6,0,0.0,0
LGS2ORD0041857,C014977,2025-11-28 11:00:00,Female,60,Gold,Shopee,Khon Kaen,1445,TV_Show,Credit_Card,11,11,4,0,>50,48.166666666666664,4.0,0.0,0.0,-1,25,8050.7125,0.28,0.5,0.75,0.0,0.0,0,0,0.0,20291.88,1,0,0.0,29583.77,2,0,0.0,32202.85,4,0,0.0,0
LGS2ORD0041858,C016247,2025-11-28 12:00:00,Female,33,Silver,TV,Phuket,1239,TV_Show,COD,12,11,4,0,30-40,41.3,2.0,2.0,1.0,75,83,14030.26,0.2,0.5,0.0,0.0,0.0,0,0,0.0,0.0,0,0,0.0,6952.71,1,1,1.0,28060.52,2,2,1.0,0
LGS2ORD0041859,C012091,2025-11-28 12:00:00,Female,18,Silver,Shopee,Khon Kaen,811,Shopee,COD,12,11,4,0,<20,27.033333333333335,3.0,0.0,0.0,-1,163,3138.8233333333337,0.3,0.0,0.3333333333333333,0.0,0.0,0,0,0.0,0.0,0,0,0.0,0.0,0,0,0.0,9416.470000000001,3,0,0.0,0
LGS2ORD0041860,C016249,2025-11-28 12:00:00,Female,41,Gold,Web,Khon Kaen,1095,TV_Show,COD,12,11,4,0,40-50,36.5,5.0,0.0,0.0,-1,29,5383.904,0.28,0.2,0.2,0.0,0.0,0,0,0.0,2767.13,1,0,0.0,23288.07,3,0,0.0,26919.52,5,0,0.0,0
LGS2ORD0041861,C010734,2025-11-28 12:00:00,Male,35,Bronze,TV,Chonburi,1139,Lazada,Bank_Transfer,12,11,4,0,30-40,37.96666666666667,3.0,0.0,0.0,-1,55,7750.779999999999,0.18,0.3333333333333333,0.0,0.0,0.0,0,0,0.0,0.0,0,0,0.0,7313.67,1,0,0.0,23252.339999999997,3,0,0.0,0
LGS2ORD0041862,C010225,2025-11-28 12:00:00,Female,70,Bronze,Shopee,Songkhla,1609,TV_Show,COD,12,11,4,0,>50,53.63333333333333,8.0,5.0,0.625,44,52,4625.36375,0.28,0.375,0.25,0.0,0.0,0,0,0.0,0.0,0,0,0.0,2886.96,2,2,1.0,37002.91,8,5,0.625,1
LGS2ORD0041863,C010509,2025-11-28 12:00:00,Female,31,Gold,Shopee,Songkhla,1312,Web,PromptPay,12,11,4,0,30-40,43.733333333333334,5.0,3.0,0.6,56,66,5997.632,0.28,0.8,0.2,0.0,0.0,0,0,0.0,0.0,0,0,0.0,18372.98,2,1,0.5,29988.16,5,3,0.6,0
LGS2ORD0041864,C014255,2025-11-28 13:00:00,Male,39,Bronze,Web,Nakhon Ratchasima,898,CallCenter,PromptPay,13,11,4,0,30-40,29.933333333333334,3.0,0.0,0.0,-1,59,4409.243333333333,0.18,0.3333333333333333,0.0,0.0,0.0,0,0,0.0,0.0,0,0,0.0,6998.73,1,0,0.0,13227.73,3,0,0.0,0
LGS2ORD0041865,C015803,2025-11-28 13:00:00,Male,39,Gold,Shopee,Bangkok,1576,Web,PromptPay,13,11,4,0,30-40,52.53333333333333,9.0,1.0,0.1111111111111111,102,4,5137.538888888888,0.28,0.5555555555555556,0.4444444444444444,0.0,13305.25,1,0,0.0,14775.18,2,0,0.0,23274.28,4,0,0.0,46237.85,9,1,0.1111111111111111,0
LGS2ORD0041866,C013535,2025-11-28 13:00:00,Male,35,Bronze,Shopee,Bangkok,865,CallCenter,Bank_Transfer,13,11,4,0,30-40,28.833333333333332,5.0,0.0,0.0,-1,59,13464.378,0.08,0.0,0.0,0.0,0.0,0,0,0.0,0.0,0,0,0.0,31615.68,1,0,0.0,67321.89,5,0,0.0,0
LGS2ORD0041867,C013622,2025-11-28 13:00:00,Female,48,Bronze,Shopee,Nakhon Ratchasima,553,TV_Show,COD,13,11,4,0,40-50,18.433333333333334,7.0,3.0,0.42857142857142855,14,20,2184.0057142857145,0.28,0.7142857142857143,0.2857142857142857,0.0,0.0,0,0,0.0,3245.86,1,1,1.0,3245.86,1,1,1.0,15288.04,7,3,0.42857142857142855,0
LGS2ORD0041868,C012524,2025-11-28 13:00:00,Female,62,Bronze,CallCenter,Phuket,649,Web,Credit_Card,13,11,4,0,>50,21.633333333333333,3.0,1.0,0.3333333333333333,122,133,7048.373333333334,0.23,0.6666666666666666,0.3333333333333333,0.0,0.0,0,0,0.0,0.0,0,0,0.0,0.0,0,0,0.0,21145.120000000003,3,1,0.3333333333333333,0
LGS2ORD0041869,C015171,2025-11-28 14:00:00,Male,45,Bronze,TV,Bangkok,538,Shopee,COD,14,11,4,0,40-50,17.933333333333334,4.0,2.0,0.5,108,48,1789.565,0.23,0.5,0.25,0.0,0.0,0,0,0.0,0.0,0,0,0.0,1284.8,1,0,0.0,7158.26,4,2,0.5,0
LGS2ORD0041870,C011459,2025-11-28 14:00:00,Male,33,Platinum,CallCenter,Chiang Mai,514,Shopee,Credit_Card,14,11,4,0,30-40,17.133333333333333,4.0,0.0,0.0,-1,30,4012.52,0.25,0.25,0.5,0.0,0.0,0,0,0.0,0.0,0,0,0.0,972.97,1,0,0.0,16050.08,4,0,0.0,0
LGS2ORD0041871,C016824,2025-11-28 14:00:00,Male,53,Bronze,Lazada,Bangkok,1009,Lazada,PromptPay,14,11,4,0,>50,33.63333333333333,2.0,1.0,0.5,264,208,7003.82,0.23,0.5,0.5,0.0,0.0,0,0,0.0,0.0,0,0,0.0,0.0,0,0,0.0,14007.64,2,1,0.5,0
LGS2ORD0041872,C013808,2025-11-28 14:00:00,Female,34,Bronze,Shopee,Bangkok,1185,Shopee,COD,14,11,4,0,30-40,39.5,9.0,1.0,0.1111111111111111,71,74,4377.8566666666675,0.28,0.4444444444444444,0.3333333333333333,0.0,0.0,0,0,0.0,0.0,0,0,0.0,6418.34,1,1,1.0,39400.71000000001,9,1,0.1111111111111111,0
LGS2ORD0041873,C012035,2025-11-28 14:00:00,Male,37,Bronze,TV,Chonburi,357,TV_Show,COD,14,11,4,0,30-40,11.9,8.0,0.0,0.0,-1,35,6346.115,0.28,0.625,0.125,0.0,0.0,0,0,0.0,0.0,0,0,0.0,16298.820000000002,3,0,0.0,50768.92,8,0,0.0,0
LGS2ORD0041874,C015650,2025-11-28 15:00:00,Female,49,Silver,Shopee,Nakhon Ratchasima,431,Web,Credit_Card,15,11,4,0,40-50,14.366666666666667,4.0,0.0,0.0,-1,2,8072.167500000001,0.15,0.5,0.0,0.0,5039.01,1,0,0.0,5039.01,1,0,0.0,5039.01,1,0,0.0,32288.670000000006,4,0,0.0,0
LGS2ORD0041875,C011333,2025-11-28 15:00:00,Female,39,Silver,Lazada,Songkhla,430,Web,Credit_Card,15,11,4,0,30-40,14.333333333333334,2.0,1.0,0.5,269,47,6838.33,0.1,0.0,0.0,0.0,0.0,0,0,0.0,0.0,0,0,0.0,4251.87,1,0,0.0,13676.66,2,1,0.5,0
LGS2ORD0041876,C011086,2025-11-28 15:00:00,Male,35,Bronze,Web,Chiang Mai,863,Shopee,PromptPay,15,11,4,0,30-40,28.766666666666666,5.0,2.0,0.4,163,14,7830.4259999999995,0.23,0.8,0.2,0.0,0.0,0,0,0.0,1027.07,1,0,0.0,1027.07,1,0,0.0,39152.13,5,2,0.4,0
LGS2ORD0041877,C016178,2025-11-28 15:00:00,Male,45,Bronze,Web,Chiang Mai,692,Web,COD,15,11,4,0,40-50,23.066666666666666,6.0,0.0,0.0,-1,62,10160.786666666667,0.18,0.5,0.0,0.0,0.0,0,0,0.0,0.0,0,0,0.0,1172.9,1,0,0.0,60964.72,6,0,0.0,1
LGS2ORD0041878,C010859,2025-11-28 15:00:00,Female,47,Silver,TV,Songkhla,415,TV_Show,COD,15,11,4,0,40-50,13.833333333333334,4.0,1.0,0.25,84,41,6965.014999999999,0.3,0.5,0.25,0.0,0.0,0,0,0.0,0.0,0,0,0.0,6967.67,2,0,0.0,27860.059999999998,4,1,0.25,0
LGS2ORD0041879,C012197,2025-11-28 15:00:00,Female,37,Silver,TV,Songkhla,861,CallCenter,COD,15,11,4,0,30-40,28.7,6.0,3.0,0.5,22,34,5929.686666666666,0.25,0.5,0.16666666666666666,0.0,0.0,0,0,0.0,0.0,0,0,0.0,2084.16,1,1,1.0,35578.119999999995,6,3,0.5,0
LGS2ORD0041880,C016157,2025-11-28 16:00:00,Male,34,Bronze,Shopee,Bangkok,1249,Shopee,PromptPay,16,11,4,0,30-40,41.63333333333333,6.0,1.0,0.16666666666666666,60,68,5918.338333333334,0.28,0.3333333333333333,0.3333333333333333,0.0,0.0,0,0,0.0,0.0,0,0,0.0,22800.020000000004,3,1,0.3333333333333333,35510.030000000006,6,1,0.16666666666666666,0
LGS2ORD0041881,C010751,2025-11-28 16:00:00,Male,62,Silver,TV,Bangkok,646,Shopee,Bank_Transfer,16,11,4,0,>50,21.533333333333335,2.0,1.0,0.5,63,72,9567.98,0.2,0.5,0.0,0.0,0.0,0,0,0.0,0.0,0,0,0.0,18246.09,1,1,1.0,19135.96,2,1,0.5,0
LGS2ORD0041882,C011822,2025-11-28 16:00:00,Female,48,Bronze,Web,Chonburi,769,TV_Show,Credit_Card,16,11,4,0,40-50,25.633333333333333,5.0,1.0,0.2,0,10,5499.868,0.28,0.6,0.6,0.0,0.0,0,0,0.0,14524.670000000002,2,1,0.5,23656.11,3,1,0.3333333333333333,27499.34,5,1,0.2,0
LGS2ORD0041883,C013766,2025-11-28 16:00:00,Male,37,Bronze,TV,Remote_Area,1198,CallCenter,COD,16,11,4,0,30-40,39.93333333333333,9.0,3.0,0.3333333333333333,20,25,5957.545555555556,0.28,0.4444444444444444,0.5555555555555556,0.0,0.0,0,0,0.0,2997.79,1,1,1.0,3667.92,2,1,0.5,53617.91,9,3,0.3333333333333333,0
LGS2ORD0041884,C014089,2025-11-28 16:00:00,Female,29,Gold,TV,Bangkok,1544,CallCenter,Bank_Transfer,16,11,4,0,20-30,51.46666666666667,5.0,1.0,0.2,251,220,4065.75,0.28,0.6,0.4,0.0,0.0,0,0,0.0,0.0,0,0,0.0,0.0,0,0,0.0,20328.75,5,1,0.2,0
LGS2ORD0041885,C011238,2025-11-28 17:00:00,Male,45,Bronze,TV,Songkhla,606,TV_Show,PromptPay,17,11,4,0,40-50,20.2,3.0,2.0,0.6666666666666666,105,115,3337.7066666666665,0.23,0.6666666666666666,0.3333333333333333,0.0,0.0,0,0,0.0,0.0,0,0,0.0,0.0,0,0,0.0,10013.119999999999,3,2,0.6666666666666666,0
LGS2ORD0041886,C017947,2025-11-28 17:00:00,Other,28,Bronze,CallCenter,Phuket,911,Shopee,COD,17,11,4,0,20-30,30.366666666666667,12.0,4.0,0.3333333333333333,135,7,7989.324166666666,0.28,0.5,0.3333333333333333,0.0,0.0,0,0,0.0,2731.34,1,0,0.0,32026.95,3,0,0.0,95871.89,12,4,0.3333333333333333,0
LGS2ORD0041887,C013512,2025-11-28 17:00:00,Male,32,Platinum,Web,Bangkok,781,TV_Show,Bank_Transfer,17,11,4,0,30-40,26.033333333333335,4.0,0.0,0.0,-1,9,1997.4775,0.2,0.25,0.0,0.0,0.0,0,0,0.0,4992.93,2,0,0.0,4992.93,2,0,0.0,7989.91,4,0,0.0,0
LGS2ORD0041888,C010288,2025-11-28 17:00:00,Female,35,Bronze,Shopee,Chiang Mai,1778,Lazada,Credit_Card,17,11,4,0,30-40,59.266666666666666,6.0,3.0,0.5,43,43,4420.611666666667,0.28,0.3333333333333333,0.5,0.0,0.0,0,0,0.0,0.0,0,0,0.0,11281.13,3,2,0.6666666666666666,26523.670000000002,6,3,0.5,0
LGS2ORD0041889,C013017,2025-11-28 17:00:00,Female,45,Bronze,TV,Remote_Area,789,Web,COD,17,11,4,0,40-50,26.3,3.0,1.0,0.3333333333333333,167,83,6109.056666666667,0.18,0.6666666666666666,0.0,0.0,0.0,0,0,0.0,0.0,0,0,0.0,4888.47,1,0,0.0,18327.170000000002,3,1,0.3333333333333333,1
LGS2ORD0041890,C011595,2025-11-28 18:00:00,Female,64,Bronze,TV,Bangkok,379,Web,COD,18,11,4,0,>50,12.633333333333333,6.0,1.0,0.16666666666666666,168,46,5047.108333333334,0.28,0.0,0.5,0.0,0.0,0,0,0.0,0.0,0,0,0.0,9268.72,1,0,0.0,30282.65,6,1,0.16666666666666666,0
LGS2ORD0041891,C016743,2025-11-28 18:00:00,Male,34,Silver,Web,Chiang Mai,599,CallCenter,COD,18,11,4,0,30-40,19.966666666666665,8.0,4.0,0.5,22,31,4558.67875,0.3,0.5,0.375,0.0,0.0,0,0,0.0,0.0,0,0,0.0,11818.35,2,1,0.5,36469.43,8,4,0.5,1
LGS2ORD0041892,C016012,2025-11-28 18:00:00,Male,47,Silver,Shopee,Nakhon Ratchasima,1289,CallCenter,Bank_Transfer,18,11,4,0,40-50,42.96666666666667,4.0,1.0,0.25,33,39,3841.4725,0.25,0.25,0.25,0.0,0.0,0,0,0.0,0.0,0,0,0.0,7268.4400000000005,2,1,0.5,15365.89,4,1,0.25,0
LGS2ORD0041893,C011684,2025-11-28 18:00:00,Male,31,Bronze,Web,Khon Kaen,910,CallCenter,COD,18,11,4,0,30-40,30.333333333333332,5.0,0.0,0.0,-1,53,5800.906,0.28,0.6,0.4,0.0,0.0,0,0,0.0,0.0,0,0,0.0,4540.68,2,0,0.0,29004.53,5,0,0.0,1
LGS2ORD0041894,C010746,2025-11-28 18:00:00,Male,51,Bronze,Web,Songkhla,1132,CallCenter,Credit_Card,18,11,4,0,>50,37.733333333333334,6.0,3.0,0.5,189,147,4653.361666666666,0.23,0.5,0.16666666666666666,0.0,0.0,0,0,0.0,0.0,0,0,0.0,0.0,0,0,0.0,27920.169999999995,6,3,0.5,0
LGS2ORD0041895,C017767,2025-11-28 19:00:00,Male,60,Bronze,Lazada,Phuket,653,Shopee,Bank_Transfer,19,11,4,0,>50,21.766666666666666,7.0,4.0,0.5714285714285714,21,30,5420.661428571429,0.18,0.5714285714285714,0.0,0.0,0.0,0,0,0.0,0.0,0,0,0.0,14952.969999999998,3,2,0.6666666666666666,37944.63,7,4,0.5714285714285714,0
LGS2ORD0041896,C016885,2025-11-28 19:00:00,Male,51,Bronze,TV,Bangkok,1614,TV_Show,Bank_Transfer,19,11,4,0,>50,53.8,4.0,1.0,0.25,236,175,8532.4025,0.23,0.5,0.25,0.0,0.0,0,0,0.0,0.0,0,0,0.0,0.0,0,0,0.0,34129.61,4,1,0.25,0
LGS2ORD0041897,C016876,2025-11-28 19:00:00,Female,34,Platinum,TV,Phuket,1783,CallCenter,Credit_Card,19,11,4,0,30-40,59.43333333333333,6.0,1.0,0.16666666666666666,137,40,6019.096666666665,0.25,0.5,0.16666666666666666,0.0,0.0,0,0,0.0,0.0,0,0,0.0,2130.24,1,0,0.0,36114.579999999994,6,1,0.16666666666666666,0
LGS2ORD0041898,C014789,2025-11-28 19:00:00,Female,43,Silver,TV,Remote_Area,492,Lazada,COD,19,11,4,0,40-50,16.4,6.0,1.0,0.16666666666666666,172,37,9503.988333333333,0.25,0.6666666666666666,0.16666666666666666,0.0,0.0,0,0,0.0,0.0,0,0,0.0,50936.35,4,0,0.0,57023.93,6,1,0.16666666666666666,0
LGS2ORD0041899,C015404,2025-11-28 19:00:00,Female,60,Bronze,Shopee,Songkhla,1259,Shopee,COD,19,11,4,0,>50,41.96666666666667,14.0,7.0,0.5,11,19,4883.378571428571,0.28,0.7142857142857143,0.21428571428571427,0.0,0.0,0,0,0.0,592.13,1,1,1.0,11654.72,2,2,1.0,68367.3,14,7,0.5,1
LGS2ORD0041900,C013263,2025-11-28 19:00:00,Female,30,Bronze,TV,Remote_Area,1442,TV_Show,Credit_Card,19,11,4,0,20-30,48.06666666666667,4.0,1.0,0.25,180,14,4219.537499999999,0.28,0.25,0.25,0.0,0.0,0,0,0.0,7769.69,1,0,0.0,7769.69,1,0,0.0,16878.149999999998,4,1,0.25,0
LGS2ORD0041901,C017924,2025-11-28 20:00:00,Male,39,Gold,Shopee,Chiang Mai,461,Web,Credit_Card,20,11,4,0,30-40,15.366666666666667,13.0,3.0,0.23076923076923078,38,3,5199.039230769232,0.33,0.38461538461538464,0.46153846153846156,0.0,5702.52,1,0,0.0,6143.52,2,0,0.0,21831.61,4,2,0.5,67587.51000000001,13,3,0.23076923076923078,0
LGS2ORD0041902,C011509,2025-11-28 20:00:00,Male,47,Bronze,TV,Phuket,668,Shopee,COD,20,11,4,0,40-50,22.266666666666666,5.0,3.0,0.6,124,47,2879.388,0.23,0.6,0.4,0.0,0.0,0,0,0.0,0.0,0,0,0.0,2156.72,1,0,0.0,14396.94,5,3,0.6,0
LGS2ORD0041903,C013622,2025-11-28 20:00:00,Female,48,Bronze,Shopee,Nakhon Ratchasima,553,TV_Show,COD,20,11,4,0,40-50,18.433333333333334,8.0,3.0,0.375,14,0,5859.3125,0.28,0.75,0.25,0.0,31586.46,1,0,0.0,34832.32,2,1,0.5,34832.32,2,1,0.5,46874.5,8,3,0.375,0
LGS2ORD0041904,C011360,2025-11-28 20:00:00,Female,48,Gold,Web,Bangkok,1309,Shopee,COD,20,11,4,0,40-50,43.63333333333333,1.0,0.0,0.0,-1,252,765.4,0.33,1.0,1.0,0.0,0.0,0,0,0.0,0.0,0,0,0.0,0.0,0,0,0.0,765.4,1,0,0.0,1
LGS2ORD0041905,C012469,2025-11-28 20:00:00,Female,48,Silver,CallCenter,Bangkok,728,Web,COD,20,11,4,0,40-50,24.266666666666666,2.0,0.0,0.0,-1,119,13085.855,0.05,1.0,0.0,0.0,0.0,0,0,0.0,0.0,0,0,0.0,0.0,0,0,0.0,26171.71,2,0,0.0,0
LGS2ORD0041906,C017179,2025-11-28 21:00:00,Other,29,Bronze,TV,Khon Kaen,393,TV_Show,COD,21,11,4,0,20-30,13.1,1.0,0.0,0.0,-1,233,1884.14,0.08,0.0,0.0,0.0,0.0,0,0,0.0,0.0,0,0,0.0,0.0,0,0,0.0,1884.14,1,0,0.0,0
LGS2ORD0041907,C014630,2025-11-28 21:00:00,Male,49,Bronze,TV,Chiang Mai,1528,Lazada,COD,21,11,4,0,40-50,50.93333333333333,3.0,2.0,0.6666666666666666,232,50,7316.4800000000005,0.18,0.3333333333333333,0.0,0.0,0.0,0,0,0.0,0.0,0,0,0.0,11048.76,1,0,0.0,21949.440000000002,3,2,0.6666666666666666,0
LGS2ORD0041908,C012615,2025-11-28 21:00:00,Female,43,Platinum,TV,Songkhla,1537,Lazada,Credit_Card,21,11,4,0,40-50,51.233333333333334,6.0,2.0,0.3333333333333333,22,27,10457.453333333333,0.35,0.3333333333333333,0.5,0.0,0.0,0,0,0.0,1430.4,1,1,1.0,13155.65,3,2,0.6666666666666666,62744.719999999994,6,2,0.3333333333333333,1
LGS2ORD0041909,C017884,2025-11-28 21:00:00,Female,58,Gold,Shopee,Bangkok,1478,Shopee,COD,21,11,4,0,>50,49.266666666666666,4.0,1.0,0.25,93,72,4599.99,0.28,1.0,0.25,0.0,0.0,0,0,0.0,0.0,0,0,0.0,12931.869999999999,2,0,0.0,18399.96,4,1,0.25,1
LGS2ORD0041910,C013941,2025-11-28 21:00:00,Male,53,Gold,Lazada,Bangkok,676,Shopee,COD,21,11,4,0,>50,22.533333333333335,2.0,0.0,0.0,-1,89,5807.255,0.28,1.0,0.5,0.0,0.0,0,0,0.0,0.0,0,0,0.0,2824.02,1,0,0.0,11614.51,2,0,0.0,0
LGS2ORD0041911,C013234,2025-11-28 22:00:00,Female,31,Silver,Lazada,Bangkok,1598,Shopee,Credit_Card,22,11,4,0,30-40,53.266666666666666,3.0,1.0,0.3333333333333333,91,93,1276.6633333333332,0.25,0.3333333333333333,0.3333333333333333,0.0,0.0,0,0,0.0,0.0,0,0,0.0,0.0,0,0,0.0,3829.99,3,1,0.3333333333333333,0
LGS2ORD0041912,C013579,2025-11-28 22:00:00,Male,36,Silver,CallCenter,Nakhon Ratchasima,1375,TV_Show,Credit_Card,22,11,4,0,30-40,45.833333333333336,4.0,1.0,0.25,285,90,11541.2625,0.2,0.25,0.0,0.0,0.0,0,0,0.0,0.0,0,0,0.0,0.0,0,0,0.0,46165.05,4,1,0.25,0
LGS2ORD0041913,C013488,2025-11-28 22:00:00,Other,34,Platinum,Lazada,Bangkok,711,CallCenter,COD,22,11,4,0,30-40,23.7,6.0,1.0,0.16666666666666666,297,8,4920.248333333333,0.3,0.6666666666666666,0.3333333333333333,0.0,0.0,0,0,0.0,19004.84,2,0,0.0,21210.199999999997,5,0,0.0,29521.489999999998,6,1,0.16666666666666666,1
LGS2ORD0041914,C014940,2025-11-28 22:00:00,Female,40,Gold,Web,Nakhon Ratchasima,1571,Lazada,Bank_Transfer,22,11,4,0,30-40,52.36666666666667,3.0,0.0,0.0,-1,124,3170.213333333333,0.33,0.0,1.0,0.0,0.0,0,0,0.0,0.0,0,0,0.0,0.0,0,0,0.0,9510.64,3,0,0.0,0
LGS2ORD0041915,C017822,2025-11-28 22:00:00,Female,40,Bronze,Web,Phuket,1643,Web,COD,22,11,4,0,30-40,54.766666666666666,6.0,2.0,0.3333333333333333,55,69,4520.555,0.28,0.3333333333333333,0.3333333333333333,0.0,0.0,0,0,0.0,0.0,0,0,0.0,9260.52,1,1,1.0,27123.33,6,2,0.3333333333333333,0
LGS2ORD0041916,C017054,2025-11-28 23:00:00,Male,29,Bronze,Shopee,Nakhon Ratchasima,698,Web,COD,23,11,4,0,20-30,23.266666666666666,3.0,1.0,0.3333333333333333,243,148,1973.2699999999998,0.18,0.3333333333333333,0.0,0.0,0.0,0,0,0.0,0.0,0,0,0.0,0.0,0,0,0.0,5919.8099999999995,3,1,0.3333333333333333,0
LGS2ORD0041917,C013665,2025-11-28 23:00:00,Female,38,Gold,TV,Bangkok,1569,TV_Show,Credit_Card,23,11,4,0,30-40,52.3,6.0,0.0,0.0,-1,43,2889.6716666666666,0.33,0.5,1.0,0.0,0.0,0,0,0.0,0.0,0,0,0.0,1691.08,1,0,0.0,17338.03,6,0,0.0,0
LGS2ORD0041918,C010283,2025-11-28 23:00:00,Female,72,Bronze,Lazada,Khon Kaen,785,Shopee,COD,23,11,4,0,>50,26.166666666666668,6.0,2.0,0.3333333333333333,43,34,16323.163333333332,0.13,0.8333333333333334,0.0,0.0,0.0,0,0,0.0,0.0,0,0,0.0,63057.33,3,1,0.3333333333333333,97938.98,6,2,0.3333333333333333,0
LGS2ORD0041919,C017873,2025-11-28 23:00:00,Male,65,Gold,Shopee,Bangkok,1152,TV_Show,COD,23,11,4,0,>50,38.4,6.0,0.0,0.0,-1,45,7571.960000000002,0.28,0.5,0.16666666666666666,0.0,0.0,0,0,0.0,0.0,0,0,0.0,9995.02,1,0,0.0,45431.76000000001,6,0,0.0,0
LGS2ORD0041920,C015627,2025-11-28 23:00:00,Female,35,Bronze,TV,Bangkok,965,Web,COD,23,11,4,0,30-40,32.166666666666664,8.0,1.0,0.125,149,36,4622.4575,0.23,0.75,0.125,0.0,0.0,0,0,0.0,0.0,0,0,0.0,6551.1,1,0,0.0,36979.66,8,1,0.125,0
LGS2ORD0041921,C012665,2025-11-28 23:00:00,Male,23,Silver,TV,Chiang Mai,1095,CallCenter,Credit_Card,23,11,4,0,20-30,36.5,2.0,0.0,0.0,-1,35,3315.95,0.15,0.0,0.0,0.0,0.0,0,0,0.0,0.0,0,0,0.0,4722.23,1,0,0.0,6631.9,2,0,0.0,1
LGS2ORD0041922,C016391,2025-11-29 00:00:00,Male,37,Bronze,CallCenter,Bangkok,524,TV_Show,COD,0,11,5,1,30-40,17.466666666666665,13.0,3.0,0.23076923076923078,-10,3,2563.8,0.23,0.5384615384615384,0.15384615384615385,0.0,7537.51,1,1,1.0,7537.51,1,1,1.0,10572.630000000001,2,1,0.5,33329.4,13,3,0.23076923076923078,0
LGS2ORD0041923,C016168,2025-11-29 00:00:00,Female,58,Silver,TV,Songkhla,1499,Web,COD,0,11,5,1,>50,49.96666666666667,5.0,1.0,0.2,316,97,2481.326,0.2,0.6,0.0,0.0,0.0,0,0,0.0,0.0,0,0,0.0,0.0,0,0,0.0,12406.630000000001,5,1,0.2,1
LGS2ORD0041924,C015601,2025-11-29 00:00:00,Female,61,Bronze,TV,Bangkok,1644,Lazada,COD,0,11,5,1,>50,54.8,7.0,2.0,0.2857142857142857,61,18,6320.727142857142,0.28,0.8571428571428571,0.2857142857142857,0.0,0.0,0,0,0.0,1219.92,1,0,0.0,8500.08,2,1,0.5,44245.09,7,2,0.2857142857142857,1
LGS2ORD0041925,C014125,2025-11-29 00:00:00,Female,45,Gold,CallCenter,Khon Kaen,566,TV_Show,Bank_Transfer,0,11,5,1,40-50,18.866666666666667,8.0,1.0,0.125,7,16,5196.59875,0.33,0.875,0.25,0.0,0.0,0,0,0.0,906.57,1,1,1.0,21851.41,3,1,0.3333333333333333,41572.79,8,1,0.125,0
LGS2ORD0041926,C013366,2025-11-29 00:00:00,Female,54,Platinum,TV,Chonburi,859,Web,COD,0,11,5,1,>50,28.633333333333333,5.0,0.0,0.0,-1,102,12755.05,0.3,0.6,0.6,0.0,0.0,0,0,0.0,0.0,0,0,0.0,0.0,0,0,0.0,63775.24999999999,5,0,0.0,0
LGS2ORD0041927,C015743,2025-11-29 01:00:00,Male,32,Platinum,Web,Remote_Area,1301,TV_Show,COD,1,11,5,1,30-40,43.36666666666667,1.0,0.0,0.0,-1,282,5533.97,0.1,1.0,0.0,0.0,0.0,0,0,0.0,0.0,0,0,0.0,0.0,0,0,0.0,5533.97,1,0,0.0,1
LGS2ORD0041928,C013470,2025-11-29 01:00:00,Other,54,Silver,Web,Bangkok,435,Lazada,COD,1,11,5,1,>50,14.5,5.0,2.0,0.4,37,48,6946.662000000001,0.25,0.6,0.2,0.0,0.0,0,0,0.0,0.0,0,0,0.0,1180.51,1,1,1.0,34733.310000000005,5,2,0.4,0
LGS2ORD0041929,C014589,2025-11-29 01:00:00,Female,26,Bronze,Web,Bangkok,1483,Lazada,COD,1,11,5,1,20-30,49.43333333333333,7.0,1.0,0.14285714285714285,-5,8,2690.1957142857145,0.28,0.14285714285714285,0.42857142857142855,0.0,0.0,0,0,0.0,280.97,1,1,1.0,6409.47,2,1,0.5,18831.370000000003,7,1,0.14285714285714285,0
LGS2ORD0041930,C013905,2025-11-29 01:00:00,Female,50,Bronze,Web,Chiang Mai,600,Shopee,COD,1,11,5,1,40-50,20.0,0.0,0.0,0.0,-1,-1,0.0,0.0,0.0,0.0,0.0,0.0,0,0,0.0,0.0,0,0,0.0,0.0,0,0,0.0,0.0,0,0,0.0,1
LGS2ORD0041931,C015624,2025-11-29 01:00:00,Male,39,Gold,Lazada,Chonburi,800,TV_Show,COD,1,11,5,1,30-40,26.666666666666668,7.0,1.0,0.14285714285714285,213,46,3781.504285714286,0.28,0.2857142857142857,0.5714285714285714,0.0,0.0,0,0,0.0,0.0,0,0,0.0,5404.58,2,0,0.0,26470.530000000002,7,1,0.14285714285714285,0
LGS2ORD0041932,C017111,2025-11-29 02:00:00,Male,26,Bronze,CallCenter,Bangkok,1473,Lazada,COD,2,11,5,1,20-30,49.1,11.0,3.0,0.2727272727272727,-9,3,9400.876363636362,0.28,0.5454545454545454,0.45454545454545453,0.0,12252.62,1,1,1.0,14752.210000000001,2,1,0.5,30318.340000000004,4,1,0.25,103409.63999999998,11,3,0.2727272727272727,0
LGS2ORD0041933,C014127,2025-11-29 02:00:00,Female,40,Silver,TV,Phuket,677,Lazada,COD,2,11,5,1,30-40,22.566666666666666,9.0,3.0,0.3333333333333333,133,23,2304.415555555556,0.2,0.4444444444444444,0.0,0.0,0.0,0,0,0.0,3177.2,2,0,0.0,3177.2,2,0,0.0,20739.74,9,3,0.3333333333333333,0
LGS2ORD0041934,C012691,2025-11-29 02:00:00,Other,31,Bronze,TV,Nakhon Ratchasima,1055,TV_Show,Credit_Card,2,11,5,1,30-40,35.166666666666664,7.0,2.0,0.2857142857142857,142,130,9696.277142857143,0.28,0.7142857142857143,0.2857142857142857,0.0,0.0,0,0,0.0,0.0,0,0,0.0,0.0,0,0,0.0,67873.94,7,2,0.2857142857142857,0
LGS2ORD0041935,C017074,2025-11-29 02:00:00,Male,68,Gold,Shopee,Bangkok,1623,CallCenter,COD,2,11,5,1,>50,54.1,4.0,2.0,0.5,7,21,9418.4,0.33,0.5,0.75,0.0,0.0,0,0,0.0,1466.77,1,1,1.0,21085.13,2,2,1.0,37673.6,4,2,0.5,0
LGS2ORD0041936,C016546,2025-11-29 02:00:00,Female,40,Gold,TV,Khon Kaen,376,Shopee,COD,2,11,5,1,30-40,12.533333333333333,6.0,0.0,0.0,-1,88,4344.646666666667,0.18,0.16666666666666666,0.0,0.0,0.0,0,0,0.0,0.0,0,0,0.0,5850.1,1,0,0.0,26067.880000000005,6,0,0.0,0
LGS2ORD0041937,C011742,2025-11-29 03:00:00,Female,53,Bronze,Web,Phuket,1099,TV_Show,Bank_Transfer,3,11,5,1,>50,36.63333333333333,2.0,1.0,0.5,116,130,13652.619999999999,0.08,1.0,0.0,0.0,0.0,0,0,0.0,0.0,0,0,0.0,0.0,0,0,0.0,27305.239999999998,2,1,0.5,1
LGS2ORD0041938,C017660,2025-11-29 03:00:00,Male,42,Gold,Lazada,Nakhon Ratchasima,433,Shopee,PromptPay,3,11,5,1,40-50,14.433333333333334,4.0,1.0,0.25,10,19,4923.1050000000005,0.28,0.25,0.25,0.0,0.0,0,0,0.0,1316.99,1,1,1.0,4248.13,2,1,0.5,19692.420000000002,4,1,0.25,0
LGS2ORD0041939,C011359,2025-11-29 03:00:00,Male,23,Silver,Web,Chonburi,1608,TV_Show,COD,3,11,5,1,20-30,53.6,9.0,2.0,0.2222222222222222,133,117,3070.1888888888893,0.25,0.3333333333333333,0.1111111111111111,0.0,0.0,0,0,0.0,0.0,0,0,0.0,0.0,0,0,0.0,27631.700000000004,9,2,0.2222222222222222,1
LGS2ORD0041940,C015042,2025-11-29 03:00:00,Female,38,Silver,Web,Bangkok,1549,Shopee,PromptPay,3,11,5,1,30-40,51.63333333333333,1.0,0.0,0.0,-1,254,4055.26,0.05,1.0,0.0,0.0,0.0,0,0,0.0,0.0,0,0,0.0,0.0,0,0,0.0,4055.26,1,0,0.0,0
LGS2ORD0041941,C013790,2025-11-29 03:00:00,Female,65,Bronze,Shopee,Songkhla,1773,Lazada,COD,3,11,5,1,>50,59.1,7.0,2.0,0.2857142857142857,132,3,12935.322857142857,0.18,0.42857142857142855,0.0,0.0,36076.75,1,0,0.0,36076.75,1,0,0.0,48819.479999999996,4,0,0.0,90547.26,7,2,0.2857142857142857,1
LGS2ORD0041942,C010059,2025-11-29 03:00:00,Female,30,Gold,Shopee,Bangkok,1386,Lazada,Credit_Card,3,11,5,1,20-30,46.2,3.0,1.0,0.3333333333333333,76,82,5716.299999999999,0.13,0.0,0.0,0.0,0.0,0,0,0.0,0.0,0,0,0.0,4837.94,1,1,1.0,17148.899999999998,3,1,0.3333333333333333,0
LGS2ORD0041943,C015215,2025-11-29 04:00:00,Female,24,Platinum,Web,Chonburi,1654,Web,Credit_Card,4,11,5,1,20-30,55.13333333333333,2.0,1.0,0.5,153,68,8556.39,0.25,0.0,0.5,0.0,0.0,0,0,0.0,0.0,0,0,0.0,13375.31,1,0,0.0,17112.78,2,1,0.5,0
LGS2ORD0041944,C010558,2025-11-29 04:00:00,Male,35,Bronze,Shopee,Bangkok,400,Lazada,COD,4,11,5,1,30-40,13.333333333333334,8.0,0.0,0.0,-1,11,7240.1225,0.28,0.25,0.375,0.0,0.0,0,0,0.0,17445.66,3,0,0.0,21138.190000000002,4,0,0.0,57920.98,8,0,0.0,0
LGS2ORD0041945,C014437,2025-11-29 04:00:00,Male,51,Silver,Lazada,Bangkok,1271,TV_Show,COD,4,11,5,1,>50,42.36666666666667,3.0,0.0,0.0,-1,51,7422.256666666667,0.2,0.6666666666666666,0.0,0.0,0.0,0,0,0.0,0.0,0,0,0.0,7402.02,1,0,0.0,22266.77,3,0,0.0,0
LGS2ORD0041946,C014561,2025-11-29 04:00:00,Female,26,Platinum,Web,Chonburi,1703,Web,Bank_Transfer,4,11,5,1,20-30,56.766666666666666,8.0,3.0,0.375,16,26,3932.36,0.3,0.875,0.625,0.0,0.0,0,0,0.0,1282.14,1,0,0.0,24239.87,5,2,0.4,31458.88,8,3,0.375,0
LGS2ORD0041947,C016985,2025-11-29 04:00:00,Male,30,Bronze,TV,Phuket,1643,Shopee,COD,4,11,5,1,20-30,54.766666666666666,5.0,1.0,0.2,89,93,5707.91,0.18,0.4,0.0,0.0,0.0,0,0,0.0,0.0,0,0,0.0,0.0,0,0,0.0,28539.55,5,1,0.2,0
LGS2ORD0041948,C015742,2025-11-29 05:00:00,Male,72,Gold,TV,Nakhon Ratchasima,551,Lazada,COD,5,11,5,1,>50,18.366666666666667,3.0,1.0,0.3333333333333333,294,85,4240.743333333333,0.28,0.6666666666666666,0.6666666666666666,0.0,0.0,0,0,0.0,0.0,0,0,0.0,2771.22,1,0,0.0,12722.23,3,1,0.3333333333333333,1
LGS2ORD0041949,C013962,2025-11-29 05:00:00,Male,35,Bronze,Shopee,Chiang Mai,775,Shopee,COD,5,11,5,1,30-40,25.833333333333332,7.0,1.0,0.14285714285714285,289,78,8007.78,0.28,0.5714285714285714,0.14285714285714285,0.0,0.0,0,0,0.0,0.0,0,0,0.0,32302.54,1,0,0.0,56054.46,7,1,0.14285714285714285,0
LGS2ORD0041950,C017272,2025-11-29 05:00:00,Male,42,Silver,TV,Songkhla,1383,TV_Show,COD,5,11,5,1,40-50,46.1,8.0,3.0,0.375,160,49,6355.1525,0.3,0.625,0.125,0.0,0.0,0,0,0.0,0.0,0,0,0.0,3396.8,1,0,0.0,50841.22,8,3,0.375,1
LGS2ORD0041951,C015198,2025-11-29 05:00:00,Female,33,Bronze,Web,Chiang Mai,1231,CallCenter,PromptPay,5,11,5,1,30-40,41.03333333333333,6.0,1.0,0.16666666666666666,271,14,4272.830000000001,0.23,0.8333333333333334,0.16666666666666666,0.0,0.0,0,0,0.0,11308.94,1,0,0.0,19413.98,3,0,0.0,25636.980000000003,6,1,0.16666666666666666,0
LGS2ORD0041952,C016858,2025-11-29 05:00:00,Male,40,Bronze,TV,Songkhla,718,Lazada,PromptPay,5,11,5,1,30-40,23.933333333333334,9.0,3.0,0.3333333333333333,50,9,4291.97,0.28,0.7777777777777778,0.5555555555555556,0.0,0.0,0,0,0.0,5031.19,1,0,0.0,9891.529999999999,2,1,0.5,38627.73,9,3,0.3333333333333333,0
LGS2ORD0041953,C013102,2025-11-29 06:00:00,Female,48,Silver,Lazada,Khon Kaen,1406,Web,Credit_Card,6,11,5,1,40-50,46.86666666666667,8.0,1.0,0.125,132,41,6685.97875,0.3,0.625,0.5,0.0,0.0,0,0,0.0,0.0,0,0,0.0,35966.36,3,0,0.0,53487.83,8,1,0.125,0
LGS2ORD0041954,C014745,2025-11-29 06:00:00,Female,30,Silver,TV,Chiang Mai,1456,TV_Show,COD,6,11,5,1,20-30,48.53333333333333,5.0,1.0,0.2,294,114,2249.382,0.3,0.6,0.4,0.0,0.0,0,0,0.0,0.0,0,0,0.0,0.0,0,0,0.0,11246.91,5,1,0.2,0
LGS2ORD0041955,C011884,2025-11-29 06:00:00,Male,52,Bronze,Shopee,Nakhon Ratchasima,1689,Shopee,COD,6,11,5,1,>50,56.3,3.0,0.0,0.0,-1,130,5086.223333333332,0.18,0.3333333333333333,0.0,0.0,0.0,0,0,0.0,0.0,0,0,0.0,0.0,0,0,0.0,15258.669999999998,3,0,0.0,0
LGS2ORD0041956,C011014,2025-11-29 06:00:00,Male,48,Bronze,TV,Bangkok,1033,TV_Show,Bank_Transfer,6,11,5,1,40-50,34.43333333333333,8.0,4.0,0.5,11,20,8173.93875,0.23,0.625,0.25,0.0,0.0,0,0,0.0,18464.47,1,1,1.0,18464.47,1,1,1.0,65391.51,8,4,0.5,0
LGS2ORD0041957,C011087,2025-11-29 06:00:00,Female,50,Bronze,TV,Bangkok,1155,Lazada,COD,6,11,5,1,40-50,38.5,8.0,0.0,0.0,-1,3,4011.0287499999995,0.28,0.375,0.25,0.0,1369.86,1,0,0.0,3671.59,2,0,0.0,14141.43,3,0,0.0,32088.229999999996,8,0,0.0,0
LGS2ORD0041958,C014664,2025-11-29 07:00:00,Female,55,Silver,TV,Khon Kaen,887,Lazada,Credit_Card,7,11,5,1,>50,29.566666666666666,8.0,1.0,0.125,119,57,4818.48,0.2,0.875,0.0,0.0,0.0,0,0,0.0,0.0,0,0,0.0,5472.36,2,0,0.0,38547.84,8,1,0.125,0
LGS2ORD0041959,C013109,2025-11-29 07:00:00,Male,46,Bronze,Shopee,Khon Kaen,1495,CallCenter,Credit_Card,7,11,5,1,40-50,49.833333333333336,9.0,1.0,0.1111111111111111,116,20,6308.6033333333335,0.28,0.7777777777777778,0.3333333333333333,0.0,0.0,0,0,0.0,3570.0,1,0,0.0,6388.71,2,0,0.0,56777.43,9,1,0.1111111111111111,1
LGS2ORD0041960,C011844,2025-11-29 07:00:00,Female,41,Silver,TV,Bangkok,1138,Shopee,COD,7,11,5,1,40-50,37.93333333333333,6.0,1.0,0.16666666666666666,11,15,3575.2916666666674,0.25,0.5,0.5,0.0,0.0,0,0,0.0,13839.89,2,1,0.5,15406.630000000001,3,1,0.3333333333333333,21451.750000000004,6,1,0.16666666666666666,0
LGS2ORD0041961,C016531,2025-11-29 07:00:00,Male,28,Gold,Web,Khon Kaen,1415,Lazada,PromptPay,7,11,5,1,20-30,47.166666666666664,7.0,0.0,0.0,-1,8,5338.722857142857,0.33,0.14285714285714285,0.2857142857142857,0.0,0.0,0,0,0.0,10441.79,1,0,0.0,12155.710000000001,2,0,0.0,37371.06,7,0,0.0,0
LGS2ORD0041962,C015920,2025-11-29 07:00:00,Male,54,Silver,TV,Songkhla,1213,TV_Show,COD,7,11,5,1,>50,40.43333333333333,6.0,4.0,0.6666666666666666,13,18,5065.900000000001,0.25,0.8333333333333334,0.3333333333333333,0.0,0.0,0,0,0.0,19308.57,1,1,1.0,20222.34,2,1,0.5,30395.4,6,4,0.6666666666666666,0
LGS2ORD0041963,C013291,2025-11-29 07:00:00,Male,60,Silver,Lazada,Khon Kaen,657,Lazada,COD,7,11,5,1,>50,21.9,3.0,0.0,0.0,-1,135,2940.3300000000004,0.1,0.6666666666666666,0.0,0.0,0.0,0,0,0.0,0.0,0,0,0.0,0.0,0,0,0.0,8820.990000000002,3,0,0.0,0
LGS2ORD0041964,C010181,2025-11-29 08:00:00,Male,51,Bronze,Shopee,Phuket,1336,CallCenter,PromptPay,8,11,5,1,>50,44.53333333333333,8.0,1.0,0.125,159,53,5372.27625,0.28,0.5,0.25,0.0,0.0,0,0,0.0,0.0,0,0,0.0,16577.15,3,0,0.0,42978.21,8,1,0.125,0
LGS2ORD0041965,C017954,2025-11-29 08:00:00,Female,26,Bronze,Lazada,Remote_Area,1588,Web,COD,8,11,5,1,20-30,52.93333333333333,5.0,3.0,0.6,56,66,6685.392,0.28,0.4,0.4,0.0,0.0,0,0,0.0,0.0,0,0,0.0,12017.900000000001,2,2,1.0,33426.96,5,3,0.6,1
LGS2ORD0041966,C016822,2025-11-29 08:00:00,Female,31,Bronze,Web,Remote_Area,452,Shopee,Credit_Card,8,11,5,1,30-40,15.066666666666666,10.0,4.0,0.4,83,25,4145.305,0.28,0.6,0.2,0.0,0.0,0,0,0.0,911.77,1,0,0.0,6573.139999999999,2,0,0.0,41453.05,10,4,0.4,1
LGS2ORD0041967,C017881,2025-11-29 08:00:00,Female,48,Platinum,Web,Chiang Mai,1771,CallCenter,Bank_Transfer,8,11,5,1,40-50,59.03333333333333,6.0,2.0,0.3333333333333333,191,52,6904.103333333333,0.3,0.6666666666666666,0.8333333333333334,0.0,0.0,0,0,0.0,0.0,0,0,0.0,2670.46,1,0,0.0,41424.619999999995,6,2,0.3333333333333333,0
LGS2ORD0041968,C015782,2025-11-29 08:00:00,Female,51,Bronze,Shopee,Chiang Mai,1126,Web,Credit_Card,8,11,5,1,>50,37.53333333333333,8.0,3.0,0.375,19,29,3388.03375,0.28,0.625,0.25,0.0,0.0,0,0,0.0,1447.66,1,1,1.0,4101.27,3,2,0.6666666666666666,27104.27,8,3,0.375,1
LGS2ORD0041969,C013550,2025-11-29 09:00:00,Female,42,Silver,TV,Bangkok,539,Web,COD,9,11,5,1,40-50,17.966666666666665,3.0,0.0,0.0,-1,38,5602.86,0.3,0.6666666666666666,0.3333333333333333,0.0,0.0,0,0,0.0,0.0,0,0,0.0,1912.52,1,0,0.0,16808.579999999998,3,0,0.0,1
LGS2ORD0041970,C010585,2025-11-29 09:00:00,Female,66,Platinum,Shopee,Bangkok,898,Lazada,Credit_Card,9,11,5,1,>50,29.933333333333334,1.0,0.0,0.0,-1,26,364.15,0.35,0.0,1.0,0.0,0.0,0,0,0.0,364.15,1,0,0.0,364.15,1,0,0.0,364.15,1,0,0.0,0
LGS2ORD0041971,C015390,2025-11-29 09:00:00,Male,32,Silver,TV,Chonburi,364,Shopee,Credit_Card,9,11,5,1,30-40,12.133333333333333,3.0,0.0,0.0,-1,88,9882.736666666666,0.25,0.0,0.3333333333333333,0.0,0.0,0,0,0.0,0.0,0,0,0.0,2120.56,1,0,0.0,29648.21,3,0,0.0,0
LGS2ORD0041972,C014674,2025-11-29 09:00:00,Male,49,Gold,Web,Bangkok,695,TV_Show,PromptPay,9,11,5,1,40-50,23.166666666666668,5.0,0.0,0.0,-1,163,5260.01,0.28,0.4,0.2,0.0,0.0,0,0,0.0,0.0,0,0,0.0,0.0,0,0,0.0,26300.05,5,0,0.0,0
LGS2ORD0041973,C014084,2025-11-29 09:00:00,Female,40,Bronze,TV,Nakhon Ratchasima,1369,Web,COD,9,11,5,1,30-40,45.63333333333333,6.0,0.0,0.0,-1,4,2994.0116666666668,0.23,0.3333333333333333,0.16666666666666666,0.0,1698.08,1,0,0.0,1698.08,1,0,0.0,1698.08,1,0,0.0,17964.07,6,0,0.0,0
LGS2ORD0041974,C016880,2025-11-29 10:00:00,Female,26,Bronze,Lazada,Songkhla,1111,CallCenter,COD,10,11,5,1,20-30,37.03333333333333,4.0,3.0,0.75,33,43,9149.197499999998,0.23,0.75,0.25,0.0,0.0,0,0,0.0,0.0,0,0,0.0,4767.07,1,1,1.0,36596.78999999999,4,3,0.75,0
LGS2ORD0041975,C012310,2025-11-29 10:00:00,Male,31,Bronze,Lazada,Nakhon Ratchasima,1322,Lazada,COD,10,11,5,1,30-40,44.06666666666667,8.0,2.0,0.25,51,7,3196.37625,0.28,0.375,0.25,0.0,0.0,0,0,0.0,4755.87,1,0,0.0,14537.970000000001,3,1,0.3333333333333333,25571.01,8,2,0.25,0
LGS2ORD0041976,C014854,2025-11-29 10:00:00,Male,41,Bronze,Shopee,Songkhla,710,Shopee,PromptPay,10,11,5,1,40-50,23.666666666666668,5.0,0.0,0.0,-1,69,5785.036,0.18,0.6,0.0,0.0,0.0,0,0,0.0,0.0,0,0,0.0,9239.439999999999,2,0,0.0,28925.18,5,0,0.0,1
LGS2ORD0041977,C014617,2025-11-29 10:00:00,Male,45,Bronze,TV,Bangkok,1162,TV_Show,Credit_Card,10,11,5,1,40-50,38.733333333333334,8.0,3.0,0.375,-3,4,8673.82875,0.28,0.75,0.375,0.0,6699.36,1,0,0.0,9880.89,2,1,0.5,14770.509999999998,3,2,0.6666666666666666,69390.63,8,3,0.375,0
LGS2ORD0041978,C017690,2025-11-29 10:00:00,Female,39,Silver,Web,Bangkok,529,Shopee,COD,10,11,5,1,30-40,17.633333333333333,5.0,2.0,0.4,209,72,7998.816000000001,0.1,0.2,0.0,0.0,0.0,0,0,0.0,0.0,0,0,0.0,29017.72,2,0,0.0,39994.08,5,2,0.4,0
LGS2ORD0041979,C015006,2025-11-29 10:00:00,Male,48,Silver,CallCenter,Nakhon Ratchasima,651,CallCenter,COD,10,11,5,1,40-50,21.7,8.0,2.0,0.25,88,59,7983.983749999999,0.3,0.625,0.25,0.0,0.0,0,0,0.0,0.0,0,0,0.0,9519.88,1,0,0.0,63871.869999999995,8,2,0.25,1
LGS2ORD0041980,C017365,2025-11-29 11:00:00,Female,42,Gold,Shopee,Bangkok,529,Shopee,Credit_Card,11,11,5,1,40-50,17.633333333333333,5.0,2.0,0.4,108,119,16484.368,0.28,0.6,0.8,0.0,0.0,0,0,0.0,0.0,0,0,0.0,0.0,0,0,0.0,82421.84,5,2,0.4,1
LGS2ORD0041981,C014994,2025-11-29 11:00:00,Male,63,Bronze,CallCenter,Khon Kaen,747,CallCenter,PromptPay,11,11,5,1,>50,24.9,4.0,1.0,0.25,92,87,5259.09,0.28,0.25,0.25,0.0,0.0,0,0,0.0,0.0,0,0,0.0,4828.8,1,0,0.0,21036.36,4,1,0.25,0
LGS2ORD0041982,C011407,2025-11-29 11:00:00,Female,24,Silver,Lazada,Chiang Mai,636,Lazada,PromptPay,11,11,5,1,20-30,21.2,3.0,2.0,0.6666666666666666,19,25,10121.173333333334,0.25,0.6666666666666666,0.3333333333333333,0.0,0.0,0,0,0.0,25961.64,1,1,1.0,29403.51,2,1,0.5,30363.52,3,2,0.6666666666666666,0
LGS2ORD0041983,C017298,2025-11-29 11:00:00,Female,36,Silver,Lazada,Nakhon Ratchasima,1043,Web,COD,11,11,5,1,30-40,34.766666666666666,11.0,1.0,0.09090909090909091,215,5,6065.70909090909,0.25,0.8181818181818182,0.18181818181818182,0.0,6091.44,1,0,0.0,6925.259999999999,2,0,0.0,8032.209999999999,3,0,0.0,66722.79999999999,11,1,0.09090909090909091,1
LGS2ORD0041984,C016635,2025-11-29 11:00:00,Male,28,Silver,TV,Chonburi,1273,Web,Credit_Card,11,11,5,1,20-30,42.43333333333333,4.0,1.0,0.25,34,44,9756.0325,0.2,0.5,0.0,0.0,0.0,0,0,0.0,0.0,0,0,0.0,8437.88,1,1,1.0,39024.13,4,1,0.25,0
LGS2ORD0041985,C014225,2025-11-29 12:00:00,Male,32,Gold,Web,Chonburi,1556,TV_Show,Credit_Card,12,11,5,1,30-40,51.86666666666667,3.0,0.0,0.0,-1,63,5080.06,0.33,0.6666666666666666,0.6666666666666666,0.0,0.0,0,0,0.0,0.0,0,0,0.0,2934.91,1,0,0.0,15240.18,3,0,0.0,0
LGS2ORD0041986,C012955,2025-11-29 12:00:00,Male,35,Silver,TV,Nakhon Ratchasima,1358,TV_Show,PromptPay,12,11,5,1,30-40,45.266666666666666,8.0,2.0,0.25,118,48,6205.651249999999,0.3,0.5,0.25,0.0,0.0,0,0,0.0,0.0,0,0,0.0,27211.92,2,0,0.0,49645.20999999999,8,2,0.25,0
LGS2ORD0041987,C013899,2025-11-29 12:00:00,Female,37,Bronze,CallCenter,Chiang Mai,1340,Lazada,Credit_Card,12,11,5,1,30-40,44.666666666666664,1.0,0.0,0.0,-1,100,11329.18,0.18,1.0,0.0,0.0,0.0,0,0,0.0,0.0,0,0,0.0,0.0,0,0,0.0,11329.18,1,0,0.0,0
LGS2ORD0041988,C011856,2025-11-29 12:00:00,Female,43,Bronze,Web,Khon Kaen,847,Lazada,COD,12,11,5,1,40-50,28.233333333333334,5.0,3.0,0.6,0,9,1535.0439999999999,0.18,0.6,0.0,0.0,0.0,0,0,0.0,1687.2599999999998,2,1,0.5,1687.2599999999998,2,1,0.5,7675.219999999999,5,3,0.6,1
LGS2ORD0041989,C016554,2025-11-29 12:00:00,Female,39,Bronze,TV,Chiang Mai,1088,TV_Show,COD,12,11,5,1,30-40,36.266666666666666,11.0,3.0,0.2727272727272727,18,11,9652.149090909092,0.28,0.7272727272727273,0.2727272727272727,0.0,0.0,0,0,0.0,6546.19,1,0,0.0,22504.67,4,2,0.5,106173.64,11,3,0.2727272727272727,1
LGS2ORD0041990,C017675,2025-11-29 13:00:00,Male,30,Bronze,Web,Nakhon Ratchasima,1682,Lazada,PromptPay,13,11,5,1,20-30,56.06666666666667,4.0,1.0,0.25,172,48,2753.82,0.18,0.0,0.0,0.0,0.0,0,0,0.0,0.0,0,0,0.0,3073.5,1,0,0.0,11015.28,4,1,0.25,0
LGS2ORD0041991,C015618,2025-11-29 13:00:00,Female,53,Bronze,Lazada,Bangkok,1148,TV_Show,COD,13,11,5,1,>50,38.266666666666666,3.0,0.0,0.0,-1,188,1482.37,0.23,1.0,0.3333333333333333,0.0,0.0,0,0,0.0,0.0,0,0,0.0,0.0,0,0,0.0,4447.11,3,0,0.0,0
LGS2ORD0041992,C014689,2025-11-29 13:00:00,Male,37,Silver,Shopee,Chiang Mai,587,Lazada,Bank_Transfer,13,11,5,1,30-40,19.566666666666666,7.0,1.0,0.14285714285714285,43,24,3228.884285714286,0.25,0.7142857142857143,0.2857142857142857,0.0,0.0,0,0,0.0,6450.0,1,0,0.0,8890.44,2,1,0.5,22602.190000000002,7,1,0.14285714285714285,0
LGS2ORD0041993,C017787,2025-11-29 13:00:00,Female,45,Silver,Lazada,Remote_Area,1754,Shopee,COD,13,11,5,1,40-50,58.46666666666667,4.0,1.0,0.25,90,51,5108.8150000000005,0.3,0.75,0.25,0.0,0.0,0,0,0.0,0.0,0,0,0.0,9069.36,1,0,0.0,20435.260000000002,4,1,0.25,0
LGS2ORD0041994,C011742,2025-11-29 13:00:00,Female,53,Bronze,Web,Phuket,1099,Web,Bank_Transfer,13,11,5,1,>50,36.63333333333333,3.0,2.0,0.6666666666666666,-12,0,9311.463333333333,0.08,0.6666666666666666,0.0,0.0,629.15,1,1,1.0,629.15,1,1,1.0,629.15,1,1,1.0,27934.39,3,2,0.6666666666666666,0
LGS2ORD0041995,C015552,2025-11-29 14:00:00,Female,44,Gold,Shopee,Remote_Area,815,Lazada,PromptPay,14,11,5,1,40-50,27.166666666666668,7.0,4.0,0.5714285714285714,118,10,4642.467142857143,0.33,0.7142857142857143,0.42857142857142855,0.0,0.0,0,0,0.0,5913.24,1,0,0.0,5913.24,1,0,0.0,32497.269999999997,7,4,0.5714285714285714,0
LGS2ORD0041996,C011382,2025-11-29 14:00:00,Male,30,Bronze,Lazada,Chonburi,1617,TV_Show,COD,14,11,5,1,20-30,53.9,8.0,0.0,0.0,-1,34,11418.0775,0.23,0.5,0.125,0.0,0.0,0,0,0.0,0.0,0,0,0.0,65400.28,4,0,0.0,91344.62,8,0,0.0,1
LGS2ORD0041997,C015990,2025-11-29 14:00:00,Female,47,Platinum,Web,Bangkok,1509,TV_Show,PromptPay,14,11,5,1,40-50,50.3,2.0,0.0,0.0,-1,62,1649.2800000000002,0.2,0.5,0.0,0.0,0.0,0,0,0.0,0.0,0,0,0.0,2723.53,1,0,0.0,3298.5600000000004,2,0,0.0,0
LGS2ORD0041998,C017184,2025-11-29 14:00:00,Male,37,Silver,Shopee,Bangkok,1449,Web,COD,14,11,5,1,30-40,48.3,4.0,0.0,0.0,-1,14,3366.9925,0.3,0.25,0.25,0.0,0.0,0,0,0.0,3377.25,2,0,0.0,3377.25,2,0,0.0,13467.97,4,0,0.0,0
LGS2ORD0041999,C012636,2025-11-29 14:00:00,Female,53,Bronze,TV,Nakhon Ratchasima,634,Lazada,PromptPay,14,11,5,1,>50,21.133333333333333,9.0,2.0,0.2222222222222222,16,15,3986.1188888888896,0.18,0.4444444444444444,0.0,0.0,0.0,0,0,0.0,9054.1,2,1,0.5,16508.39,3,1,0.3333333333333333,35875.07000000001,9,2,0.2222222222222222,1
LGS2ORD0042000,C014958,2025-11-29 14:00:00,Male,41,Bronze,Lazada,Nakhon Ratchasima,368,Lazada,COD,14,11,5,1,40-50,12.266666666666667,5.0,2.0,0.4,51,34,8333.002,0.23,0.4,0.2,0.0,0.0,0,0,0.0,0.0,0,0,0.0,31187.15,4,2,0.5,41665.01,5,2,0.4,0
LGS2ORD0042001,C012448,2025-11-29 15:00:00,Female,72,Gold,Web,Remote_Area,386,TV_Show,Credit_Card,15,11,5,1,>50,12.866666666666667,2.0,1.0,0.5,0,18,11597.619999999999,0.28,1.0,0.5,0.0,0.0,0,0,0.0,16219.21,1,1,1.0,16219.21,1,1,1.0,23195.239999999998,2,1,0.5,0
LGS2ORD0042002,C011922,2025-11-29 15:00:00,Female,25,Gold,Shopee,Chonburi,1473,Web,COD,15,11,5,1,20-30,49.1,8.0,1.0,0.125,197,12,3546.395,0.2299999999999999,0.375,0.125,0.0,0.0,0,0,0.0,3251.99,1,0,0.0,3251.99,1,0,0.0,28371.16,8,1,0.125,1
LGS2ORD0042003,C012488,2025-11-29 15:00:00,Male,26,Gold,Web,Songkhla,989,Web,COD,15,11,5,1,20-30,32.96666666666667,4.0,2.0,0.5,121,111,3509.9050000000007,0.33,0.0,0.25,0.0,0.0,0,0,0.0,0.0,0,0,0.0,0.0,0,0,0.0,14039.620000000003,4,2,0.5,1
LGS2ORD0042004,C016659,2025-11-29 15:00:00,Female,52,Gold,Web,Songkhla,570,Lazada,Credit_Card,15,11,5,1,>50,19.0,6.0,4.0,0.6666666666666666,82,21,1679.115,0.33,0.6666666666666666,0.5,0.0,0.0,0,0,0.0,923.36,1,0,0.0,923.36,1,0,0.0,10074.69,6,4,0.6666666666666666,0
LGS2ORD0042005,C017095,2025-11-29 15:00:00,Female,29,Bronze,Web,Khon Kaen,1471,Shopee,COD,15,11,5,1,20-30,49.03333333333333,6.0,1.0,0.16666666666666666,122,47,7147.995,0.23,0.5,0.16666666666666666,0.0,0.0,0,0,0.0,0.0,0,0,0.0,5061.23,1,0,0.0,42887.97,6,1,0.16666666666666666,0
LGS2ORD0042006,C017968,2025-11-29 16:00:00,Male,51,Bronze,Lazada,Songkhla,1698,TV_Show,Credit_Card,16,11,5,1,>50,56.6,8.0,2.0,0.25,23,7,3492.52375,0.23,0.5,0.125,0.0,0.0,0,0,0.0,6640.51,2,0,0.0,8693.689999999999,3,1,0.3333333333333333,27940.19,8,2,0.25,0
LGS2ORD0042007,C016203,2025-11-29 16:00:00,Male,46,Bronze,Shopee,Remote_Area,1569,TV_Show,PromptPay,16,11,5,1,40-50,52.3,9.0,1.0,0.1111111111111111,71,3,3032.7777777777783,0.28,0.6666666666666666,0.4444444444444444,0.0,415.99,1,0,0.0,5784.24,2,0,0.0,9445.3,4,1,0.25,27295.000000000004,9,1,0.1111111111111111,0
LGS2ORD0042008,C012454,2025-11-29 16:00:00,Male,25,Silver,Web,Remote_Area,931,TV_Show,COD,16,11,5,1,20-30,31.033333333333335,2.0,1.0,0.5,100,10,1726.6550000000002,0.3,0.0,0.5,0.0,0.0,0,0,0.0,2286.32,1,0,0.0,2286.32,1,0,0.0,3453.3100000000004,2,1,0.5,1
LGS2ORD0042009,C012164,2025-11-29 16:00:00,Female,53,Silver,Shopee,Khon Kaen,762,TV_Show,COD,16,11,5,1,>50,25.4,8.0,1.0,0.125,-1,14,3509.3975,0.3,0.375,0.375,0.0,0.0,0,0,0.0,7534.879999999999,2,1,0.5,18536.24,3,1,0.3333333333333333,28075.18,8,1,0.125,0
LGS2ORD0042010,C012556,2025-11-29 16:00:00,Female,38,Silver,CallCenter,Remote_Area,1588,TV_Show,PromptPay,16,11,5,1,30-40,52.93333333333333,9.0,1.0,0.1111111111111111,46,48,3322.202222222222,0.3,0.5555555555555556,0.3333333333333333,0.0,0.0,0,0,0.0,0.0,0,0,0.0,6096.789999999999,2,1,0.5,29899.82,9,1,0.1111111111111111,0
LGS2ORD0042011,C010509,2025-11-29 17:00:00,Female,31,Gold,Shopee,Songkhla,1313,Shopee,Credit_Card,17,11,5,1,30-40,43.766666666666666,6.0,3.0,0.5,57,1,5497.535,0.33,0.6666666666666666,0.3333333333333333,0.0,2997.05,1,0,0.0,2997.05,1,0,0.0,10739.69,2,1,0.5,32985.21,6,3,0.5,1
LGS2ORD0042012,C014468,2025-11-29 17:00:00,Male,52,Gold,Web,Chonburi,1682,CallCenter,PromptPay,17,11,5,1,>50,56.06666666666667,3.0,0.0,0.0,-1,107,1586.2933333333333,0.2299999999999999,0.3333333333333333,0.3333333333333333,0.0,0.0,0,0,0.0,0.0,0,0,0.0,0.0,0,0,0.0,4758.88,3,0,0.0,0
LGS2ORD0042013,C010973,2025-11-29 17:00:00,Female,35,Silver,TV,Songkhla,1465,Shopee,PromptPay,17,11,5,1,30-40,48.833333333333336,5.0,1.0,0.2,317,32,4066.0019999999995,0.3,0.6,0.2,0.0,0.0,0,0,0.0,0.0,0,0,0.0,5811.36,1,0,0.0,20330.01,5,1,0.2,0
LGS2ORD0042014,C015914,2025-11-29 17:00:00,Male,18,Bronze,Shopee,Songkhla,466,Shopee,COD,17,11,5,1,<20,15.533333333333333,12.0,4.0,0.3333333333333333,152,58,5197.390833333334,0.23,0.75,0.08333333333333333,0.0,0.0,0,0,0.0,0.0,0,0,0.0,13626.2,2,0,0.0,62368.69,12,4,0.3333333333333333,1
LGS2ORD0042015,C013268,2025-11-29 17:00:00,Female,19,Gold,Web,Chonburi,1439,Lazada,COD,17,11,5,1,<20,47.96666666666667,4.0,0.0,0.0,-1,78,1557.17,0.28,0.0,0.25,0.0,0.0,0,0,0.0,0.0,0,0,0.0,419.07,1,0,0.0,6228.68,4,0,0.0,0
LGS2ORD0042016,C010228,2025-11-29 18:00:00,Male,43,Bronze,TV,Songkhla,1748,Web,Bank_Transfer,18,11,5,1,40-50,58.266666666666666,9.0,2.0,0.2222222222222222,-5,11,5325.432222222223,0.23,0.4444444444444444,0.1111111111111111,0.0,0.0,0,0,0.0,16037.87,3,1,0.3333333333333333,16037.87,3,1,0.3333333333333333,47928.89000000001,9,2,0.2222222222222222,1
LGS2ORD0042017,C010577,2025-11-29 18:00:00,Female,27,Gold,Web,Bangkok,449,Shopee,PromptPay,18,11,5,1,20-30,14.966666666666667,3.0,1.0,0.3333333333333333,-4,3,5926.906666666667,0.18,0.6666666666666666,0.0,0.0,13198.98,1,1,1.0,13198.98,1,1,1.0,13198.98,1,1,1.0,17780.72,3,1,0.3333333333333333,0
LGS2ORD0042018,C011485,2025-11-29 18:00:00,Male,37,Gold,Lazada,Nakhon Ratchasima,732,CallCenter,Bank_Transfer,18,11,5,1,30-40,24.4,10.0,1.0,0.1,11,21,2450.553,0.28,0.2,0.5,0.0,0.0,0,0,0.0,468.66,1,1,1.0,3778.47,2,1,0.5,24505.53,10,1,0.1,0
LGS2ORD0042019,C017927,2025-11-29 18:00:00,Male,46,Bronze,Lazada,Bangkok,1068,Web,COD,18,11,5,1,40-50,35.6,5.0,3.0,0.6,15,28,5143.576,0.23,0.4,0.2,0.0,0.0,0,0,0.0,1846.15,1,1,1.0,1846.15,1,1,1.0,25717.88,5,3,0.6,1
LGS2ORD0042020,C010950,2025-11-29 18:00:00,Female,45,Gold,Lazada,Chonburi,952,TV_Show,COD,18,11,5,1,40-50,31.733333333333334,3.0,0.0,0.0,-1,122,1715.3733333333332,0.2299999999999999,0.3333333333333333,0.6666666666666666,0.0,0.0,0,0,0.0,0.0,0,0,0.0,0.0,0,0,0.0,5146.12,3,0,0.0,1
LGS2ORD0042021,C014271,2025-11-29 18:00:00,Female,38,Bronze,Shopee,Chonburi,850,Web,COD,18,11,5,1,30-40,28.333333333333332,12.0,2.0,0.16666666666666666,70,59,3704.800833333334,0.28,0.25,0.25,0.0,0.0,0,0,0.0,0.0,0,0,0.0,22777.09,5,1,0.2,44457.61000000001,12,2,0.16666666666666666,1
LGS2ORD0042022,C015840,2025-11-29 19:00:00,Male,30,Silver,Lazada,Bangkok,1255,CallCenter,Credit_Card,19,11,5,1,20-30,41.833333333333336,8.0,0.0,0.0,-1,85,2996.52875,0.25,0.375,0.125,0.0,0.0,0,0,0.0,0.0,0,0,0.0,3924.91,1,0,0.0,23972.23,8,0,0.0,0
LGS2ORD0042023,C012640,2025-11-29 19:00:00,Female,33,Bronze,Shopee,Chiang Mai,392,Web,Credit_Card,19,11,5,1,30-40,13.066666666666666,5.0,1.0,0.2,139,23,4526.518,0.18,0.4,0.0,0.0,0.0,0,0,0.0,851.42,1,0,0.0,851.42,1,0,0.0,22632.59,5,1,0.2,0
LGS2ORD0042024,C015085,2025-11-29 19:00:00,Female,39,Bronze,Shopee,Remote_Area,1414,Web,COD,19,11,5,1,30-40,47.13333333333333,11.0,3.0,0.2727272727272727,19,5,5265.044545454545,0.28,0.5454545454545454,0.2727272727272727,0.0,3011.35,1,0,0.0,3011.35,1,0,0.0,15662.34,4,1,0.25,57915.49,11,3,0.2727272727272727,0
LGS2ORD0042025,C010937,2025-11-29 19:00:00,Male,37,Silver,TV,Chonburi,1171,Lazada,COD,19,11,5,1,30-40,39.03333333333333,6.0,3.0,0.5,177,124,5053.058333333333,0.3,0.5,0.16666666666666666,0.0,0.0,0,0,0.0,0.0,0,0,0.0,0.0,0,0,0.0,30318.35,6,3,0.5,1
LGS2ORD0042026,C015849,2025-11-29 19:00:00,Female,43,Bronze,CallCenter,Khon Kaen,926,Shopee,Credit_Card,19,11,5,1,40-50,30.866666666666667,7.0,3.0,0.42857142857142855,31,41,6168.152857142857,0.28,0.42857142857142855,0.5714285714285714,0.0,0.0,0,0,0.0,0.0,0,0,0.0,14033.100000000002,3,2,0.6666666666666666,43177.07,7,3,0.42857142857142855,0
LGS2ORD0042027,C014287,2025-11-29 20:00:00,Male,43,Bronze,Lazada,Bangkok,1545,CallCenter,COD,20,11,5,1,40-50,51.5,5.0,0.0,0.0,-1,22,6966.9800000000005,0.28,0.2,0.4,0.0,0.0,0,0,0.0,5716.94,1,0,0.0,33297.990000000005,4,0,0.0,34834.9,5,0,0.0,0
LGS2ORD0042028,C016794,2025-11-29 20:00:00,Female,33,Bronze,Web,Chonburi,1585,CallCenter,COD,20,11,5,1,30-40,52.833333333333336,9.0,3.0,0.3333333333333333,-3,1,7414.168888888889,0.18,0.4444444444444444,0.0,0.0,4813.23,2,0,0.0,16818.68,4,2,0.5,43207.979999999996,6,3,0.5,66727.52,9,3,0.3333333333333333,1
LGS2ORD0042029,C017180,2025-11-29 20:00:00,Male,45,Silver,Shopee,Khon Kaen,755,TV_Show,COD,20,11,5,1,40-50,25.166666666666668,3.0,0.0,0.0,-1,94,6284.526666666666,0.3,0.3333333333333333,0.3333333333333333,0.0,0.0,0,0,0.0,0.0,0,0,0.0,0.0,0,0,0.0,18853.579999999998,3,0,0.0,0
LGS2ORD0042030,C011390,2025-11-29 20:00:00,Female,34,Gold,Web,Bangkok,1613,Shopee,Bank_Transfer,20,11,5,1,30-40,53.766666666666666,4.0,1.0,0.25,78,16,3741.73,0.2299999999999999,0.25,0.25,0.0,0.0,0,0,0.0,4067.58,1,0,0.0,7404.0599999999995,2,1,0.5,14966.92,4,1,0.25,1
LGS2ORD0042031,C017631,2025-11-29 20:00:00,Female,30,Bronze,Lazada,Chiang Mai,1499,Shopee,Bank_Transfer,20,11,5,1,20-30,49.96666666666667,5.0,0.0,0.0,-1,6,4265.39,0.18,0.8,0.0,0.0,5085.04,1,0,0.0,5085.04,1,0,0.0,5085.04,1,0,0.0,21326.95,5,0,0.0,0
LGS2ORD0042032,C012165,2025-11-29 21:00:00,Male,29,Bronze,Shopee,Phuket,961,Lazada,COD,21,11,5,1,20-30,32.03333333333333,3.0,1.0,0.3333333333333333,311,303,5258.95,0.28,0.6666666666666666,0.3333333333333333,0.0,0.0,0,0,0.0,0.0,0,0,0.0,0.0,0,0,0.0,15776.85,3,1,0.3333333333333333,0
LGS2ORD0042033,C010298,2025-11-29 21:00:00,Male,61,Platinum,Web,Bangkok,1494,Shopee,COD,21,11,5,1,>50,49.8,5.0,0.0,0.0,-1,70,3878.578,0.3,0.6,0.6,0.0,0.0,0,0,0.0,0.0,0,0,0.0,4639.39,1,0,0.0,19392.89,5,0,0.0,1
LGS2ORD0042034,C016163,2025-11-29 21:00:00,Male,32,Bronze,Shopee,Phuket,479,Lazada,PromptPay,21,11,5,1,30-40,15.966666666666667,8.0,5.0,0.625,18,30,6800.2775,0.28,0.5,0.5,0.0,0.0,0,0,0.0,0.0,0,0,0.0,8932.94,1,1,1.0,54402.22,8,5,0.625,0
LGS2ORD0042035,C012874,2025-11-29 21:00:00,Male,45,Bronze,Lazada,Songkhla,1297,Lazada,COD,21,11,5,1,40-50,43.233333333333334,3.0,3.0,1.0,77,84,6992.653333333333,0.28,1.0,1.0,0.0,0.0,0,0,0.0,0.0,0,0,0.0,8745.14,1,1,1.0,20977.96,3,3,1.0,0
LGS2ORD0042036,C015994,2025-11-29 21:00:00,Male,23,Bronze,Shopee,Khon Kaen,1780,TV_Show,PromptPay,21,11,5,1,20-30,59.333333333333336,4.0,1.0,0.25,76,35,7705.455,0.28,0.5,0.75,0.0,0.0,0,0,0.0,0.0,0,0,0.0,20131.36,2,1,0.5,30821.82,4,1,0.25,0
LGS2ORD0042037,C012745,2025-11-29 22:00:00,Male,43,Silver,Lazada,Songkhla,434,Lazada,Credit_Card,22,11,5,1,40-50,14.466666666666667,6.0,4.0,0.6666666666666666,80,94,6429.666666666667,0.3,0.5,0.3333333333333333,0.0,0.0,0,0,0.0,0.0,0,0,0.0,0.0,0,0,0.0,38578.0,6,4,0.6666666666666666,1
LGS2ORD0042038,C014276,2025-11-29 22:00:00,Male,43,Bronze,Lazada,Khon Kaen,1736,Shopee,COD,22,11,5,1,40-50,57.86666666666667,10.0,2.0,0.2,194,8,2269.7780000000002,0.28,0.3,0.4,0.0,0.0,0,0,0.0,4808.54,3,0,0.0,4808.54,3,0,0.0,22697.780000000002,10,2,0.2,0
LGS2ORD0042039,C012879,2025-11-29 22:00:00,Male,56,Gold,Web,Chonburi,1177,CallCenter,PromptPay,22,11,5,1,>50,39.233333333333334,2.0,1.0,0.5,267,272,2744.855,0.33,1.0,0.5,0.0,0.0,0,0,0.0,0.0,0,0,0.0,0.0,0,0,0.0,5489.71,2,1,0.5,0
LGS2ORD0042040,C010498,2025-11-29 22:00:00,Female,53,Bronze,Shopee,Bangkok,1450,Lazada,Credit_Card,22,11,5,1,>50,48.333333333333336,7.0,2.0,0.2857142857142857,18,22,5333.398571428572,0.23,0.14285714285714285,0.2857142857142857,0.0,0.0,0,0,0.0,6670.25,1,1,1.0,14105.49,2,1,0.5,37333.79,7,2,0.2857142857142857,0
LGS2ORD0042041,C012015,2025-11-29 22:00:00,Male,57,Bronze,CallCenter,Phuket,1371,Shopee,COD,22,11,5,1,>50,45.7,11.0,3.0,0.2727272727272727,133,21,4903.070909090909,0.28,0.8181818181818182,0.2727272727272727,0.0,0.0,0,0,0.0,6970.74,1,0,0.0,8617.15,2,0,0.0,53933.78,11,3,0.2727272727272727,0
LGS2ORD0042042,C014038,2025-11-29 22:00:00,Male,48,Bronze,TV,Bangkok,643,Lazada,Credit_Card,22,11,5,1,40-50,21.433333333333334,2.0,0.0,0.0,-1,199,1273.2649999999999,0.28,0.5,0.5,0.0,0.0,0,0,0.0,0.0,0,0,0.0,0.0,0,0,0.0,2546.5299999999997,2,0,0.0,0
LGS2ORD0042043,C016088,2025-11-29 23:00:00,Female,28,Gold,Shopee,Bangkok,395,Lazada,Credit_Card,23,11,5,1,20-30,13.166666666666666,4.0,0.0,0.0,-1,147,5409.8775000000005,0.28,0.5,0.25,0.0,0.0,0,0,0.0,0.0,0,0,0.0,0.0,0,0,0.0,21639.510000000002,4,0,0.0,0
LGS2ORD0042044,C014279,2025-11-29 23:00:00,Female,52,Bronze,TV,Phuket,363,Web,COD,23,11,5,1,>50,12.1,4.0,2.0,0.5,72,77,3145.79,0.13,0.75,0.0,0.0,0.0,0,0,0.0,0.0,0,0,0.0,2059.2799999999997,2,1,0.5,12583.16,4,2,0.5,1
LGS2ORD0042045,C011587,2025-11-29 23:00:00,Female,22,Gold,Web,Bangkok,1544,Shopee,COD,23,11,5,1,20-30,51.46666666666667,9.0,0.0,0.0,-1,72,2986.318888888889,0.33,0.7777777777777778,0.5555555555555556,0.0,0.0,0,0,0.0,0.0,0,0,0.0,921.42,1,0,0.0,26876.87,9,0,0.0,0
LGS2ORD0042046,C011144,2025-11-29 23:00:00,Female,44,Gold,TV,Nakhon Ratchasima,1007,Lazada,COD,23,11,5,1,40-50,33.56666666666667,0.0,0.0,0.0,-1,-1,0.0,0.0,0.0,0.0,0.0,0.0,0,0,0.0,0.0,0,0,0.0,0.0,0,0,0.0,0.0,0,0,0.0,0
LGS2ORD0042047,C012392,2025-11-29 23:00:00,Female,44,Bronze,CallCenter,Songkhla,1222,Web,Credit_Card,23,11,5,1,40-50,40.733333333333334,7.0,4.0,0.5714285714285714,41,53,2762.2157142857145,0.23,0.8571428571428571,0.2857142857142857,0.0,0.0,0,0,0.0,0.0,0,0,0.0,6167.15,2,2,1.0,19335.510000000002,7,4,0.5714285714285714,1
LGS2ORD0042048,C017805,2025-11-30 00:00:00,Female,31,Bronze,TV,Songkhla,903,Web,COD,0,11,6,1,30-40,30.1,5.0,0.0,0.0,-1,27,3240.99,0.28,0.2,0.4,0.0,0.0,0,0,0.0,2035.75,1,0,0.0,10652.14,2,0,0.0,16204.949999999999,5,0,0.0,0
LGS2ORD0042049,C014451,2025-11-30 00:00:00,Female,58,Silver,Web,Chonburi,1665,TV_Show,Credit_Card,0,11,6,1,>50,55.5,6.0,1.0,0.16666666666666666,94,21,4318.240000000001,0.25,0.3333333333333333,0.16666666666666666,0.0,0.0,0,0,0.0,2110.29,1,0,0.0,2110.29,1,0,0.0,25909.440000000002,6,1,0.16666666666666666,0
LGS2ORD0042050,C011857,2025-11-30 00:00:00,Male,37,Bronze,Web,Songkhla,1696,TV_Show,COD,0,11,6,1,30-40,56.53333333333333,11.0,4.0,0.36363636363636365,49,63,6850.683636363636,0.28,0.7272727272727273,0.2727272727272727,0.0,0.0,0,0,0.0,0.0,0,0,0.0,1493.87,1,1,1.0,75357.51999999999,11,4,0.36363636363636365,1
LGS2ORD0042051,C011656,2025-11-30 00:00:00,Female,52,Bronze,Shopee,Remote_Area,1343,Web,Credit_Card,0,11,6,1,>50,44.766666666666666,6.0,3.0,0.5,14,29,3225.59,0.28,1.0,0.3333333333333333,0.0,0.0,0,0,0.0,6315.61,1,1,1.0,8618.61,2,1,0.5,19353.54,6,3,0.5,0
LGS2ORD0042052,C013172,2025-11-30 00:00:00,Male,43,Platinum,Lazada,Bangkok,1006,CallCenter,PromptPay,0,11,6,1,40-50,33.53333333333333,2.0,0.0,0.0,-1,57,2762.16,0.25,0.0,0.5,0.0,0.0,0,0,0.0,0.0,0,0,0.0,2471.37,1,0,0.0,5524.32,2,0,0.0,1
LGS2ORD0042053,C010109,2025-11-30 01:00:00,Female,19,Bronze,TV,Bangkok,947,TV_Show,COD,1,11,6,1,<20,31.566666666666666,6.0,4.0,0.6666666666666666,104,46,6610.875,0.28,0.6666666666666666,0.16666666666666666,0.0,0.0,0,0,0.0,0.0,0,0,0.0,4095.82,1,0,0.0,39665.25,6,4,0.6666666666666666,0
LGS2ORD0042054,C010110,2025-11-30 01:00:00,Male,22,Bronze,Web,Chiang Mai,1024,TV_Show,COD,1,11,6,1,20-30,34.13333333333333,1.0,0.0,0.0,-1,272,612.91,0.18,1.0,0.0,0.0,0.0,0,0,0.0,0.0,0,0,0.0,0.0,0,0,0.0,612.91,1,0,0.0,0
LGS2ORD0042055,C017829,2025-11-30 01:00:00,Female,72,Bronze,TV,Phuket,643,TV_Show,COD,1,11,6,1,>50,21.433333333333334,3.0,1.0,0.3333333333333333,181,189,5095.216666666666,0.08,0.3333333333333333,0.0,0.0,0.0,0,0,0.0,0.0,0,0,0.0,0.0,0,0,0.0,15285.649999999998,3,1,0.3333333333333333,0
LGS2ORD0042056,C013928,2025-11-30 01:00:00,Female,31,Gold,Web,Nakhon Ratchasima,1082,Shopee,COD,1,11,6,1,30-40,36.06666666666667,3.0,2.0,0.6666666666666666,114,44,4133.8966666666665,0.2299999999999999,0.3333333333333333,0.3333333333333333,0.0,0.0,0,0,0.0,0.0,0,0,0.0,1935.57,1,0,0.0,12401.69,3,2,0.6666666666666666,0
LGS2ORD0042057,C010466,2025-11-30 01:00:00,Other,29,Silver,Shopee,Chonburi,1317,TV_Show,COD,1,11,6,1,20-30,43.9,7.0,0.0,0.0,-1,173,3919.5585714285708,0.3,0.42857142857142855,0.42857142857142855,0.0,0.0,0,0,0.0,0.0,0,0,0.0,0.0,0,0,0.0,27436.909999999996,7,0,0.0,0
LGS2ORD0042058,C014143,2025-11-30 02:00:00,Male,25,Silver,Shopee,Bangkok,1275,Shopee,PromptPay,2,11,6,1,20-30,42.5,4.0,0.0,0.0,-1,96,8038.1475,0.2,0.5,0.0,0.0,0.0,0,0,0.0,0.0,0,0,0.0,0.0,0,0,0.0,32152.59,4,0,0.0,0
LGS2ORD0042059,C016839,2025-11-30 02:00:00,Female,32,Silver,TV,Phuket,978,Shopee,COD,2,11,6,1,30-40,32.6,6.0,1.0,0.16666666666666666,216,32,6875.941666666667,0.2,0.3333333333333333,0.0,0.0,0.0,0,0,0.0,0.0,0,0,0.0,29832.16,2,0,0.0,41255.65,6,1,0.16666666666666666,0
LGS2ORD0042060,C015282,2025-11-30 02:00:00,Male,31,Silver,CallCenter,Bangkok,585,Shopee,COD,2,11,6,1,30-40,19.5,5.0,1.0,0.2,110,25,7854.2660000000005,0.25,0.4,0.2,0.0,0.0,0,0,0.0,6607.1,1,0,0.0,6607.1,1,0,0.0,39271.33,5,1,0.2,0
LGS2ORD0042061,C011709,2025-11-30 02:00:00,Other,33,Silver,CallCenter,Nakhon Ratchasima,486,Shopee,COD,2,11,6,1,30-40,16.2,3.0,1.0,0.3333333333333333,140,38,3089.066666666666,0.2,0.3333333333333333,0.0,0.0,0.0,0,0,0.0,0.0,0,0,0.0,3041.97,1,0,0.0,9267.199999999999,3,1,0.3333333333333333,1
LGS2ORD0042062,C016983,2025-11-30 02:00:00,Female,59,Silver,Shopee,Remote_Area,1326,Lazada,Credit_Card,2,11,6,1,>50,44.2,5.0,1.0,0.2,318,56,7593.924000000001,0.3,0.8,0.6,0.0,0.0,0,0,0.0,0.0,0,0,0.0,5409.15,1,0,0.0,37969.62,5,1,0.2,1
LGS2ORD0042063,C011707,2025-11-30 02:00:00,Male,18,Platinum,Web,Bangkok,1289,Shopee,Credit_Card,2,11,6,1,<20,42.96666666666667,2.0,0.0,0.0,-1,97,8660.49,0.15,0.0,0.0,0.0,0.0,0,0,0.0,0.0,0,0,0.0,0.0,0,0,0.0,17320.98,2,0,0.0,0
LGS2ORD0042064,C017664,2025-11-30 03:00:00,Other,20,Bronze,Web,Bangkok,1420,Shopee,PromptPay,3,11,6,1,<20,47.333333333333336,4.0,1.0,0.25,324,9,4627.17,0.23,0.75,0.25,0.0,0.0,0,0,0.0,8196.43,2,0,0.0,8196.43,2,0,0.0,18508.68,4,1,0.25,0
LGS2ORD0042065,C011000,2025-11-30 03:00:00,Female,31,Bronze,Shopee,Bangkok,553,Web,COD,3,11,6,1,30-40,18.433333333333334,15.0,5.0,0.3333333333333333,43,5,5232.384666666668,0.28,0.7333333333333333,0.4,0.0,910.89,1,0,0.0,910.89,1,0,0.0,6677.18,2,1,0.5,78485.77000000002,15,5,0.3333333333333333,1
LGS2ORD0042066,C014523,2025-11-30 03:00:00,Male,50,Silver,TV,Remote_Area,370,TV_Show,COD,3,11,6,1,40-50,12.333333333333334,7.0,2.0,0.2857142857142857,91,72,6487.288571428571,0.25,0.5714285714285714,0.14285714285714285,0.0,0.0,0,0,0.0,0.0,0,0,0.0,6964.13,1,0,0.0,45411.02,7,2,0.2857142857142857,1
LGS2ORD0042067,C014313,2025-11-30 03:00:00,Female,49,Bronze,Shopee,Chiang Mai,414,CallCenter,Bank_Transfer,3,11,6,1,40-50,13.8,6.0,1.0,0.16666666666666666,225,34,5998.595,0.23,0.6666666666666666,0.3333333333333333,0.0,0.0,0,0,0.0,0.0,0,0,0.0,1888.36,1,0,0.0,35991.57,6,1,0.16666666666666666,0
LGS2ORD0042068,C017622,2025-11-30 03:00:00,Female,49,Silver,TV,Chiang Mai,1228,Web,Credit_Card,3,11,6,1,40-50,40.93333333333333,11.0,2.0,0.18181818181818182,61,2,2810.4172727272726,0.3,0.2727272727272727,0.2727272727272727,0.0,4219.16,2,0,0.0,6294.040000000001,3,0,0.0,14285.3,6,1,0.16666666666666666,30914.59,11,2,0.18181818181818182,0
LGS2ORD0042069,C014202,2025-11-30 04:00:00,Other,39,Platinum,Web,Bangkok,796,Shopee,Bank_Transfer,4,11,6,1,30-40,26.533333333333335,6.0,0.0,0.0,-1,24,2839.3283333333334,0.35,0.5,0.16666666666666666,0.0,0.0,0,0,0.0,1827.25,1,0,0.0,1827.25,1,0,0.0,17035.97,6,0,0.0,1
LGS2ORD0042070,C016547,2025-11-30 04:00:00,Male,31,Silver,Lazada,Bangkok,623,Shopee,COD,4,11,6,1,30-40,20.766666666666666,7.0,0.0,0.0,-1,44,3095.0614285714287,0.3,0.7142857142857143,0.14285714285714285,0.0,0.0,0,0,0.0,0.0,0,0,0.0,7944.25,2,0,0.0,21665.43,7,0,0.0,1
LGS2ORD0042071,C017043,2025-11-30 04:00:00,Male,20,Platinum,Shopee,Bangkok,1305,Web,COD,4,11,6,1,<20,43.5,3.0,1.0,0.3333333333333333,12,22,2022.0266666666666,0.25,0.6666666666666666,0.3333333333333333,0.0,0.0,0,0,0.0,2643.5,1,1,1.0,2643.5,1,1,1.0,6066.08,3,1,0.3333333333333333,0
LGS2ORD0042072,C010855,2025-11-30 04:00:00,Male,63,Bronze,CallCenter,Phuket,1622,TV_Show,COD,4,11,6,1,>50,54.06666666666667,8.0,4.0,0.5,22,30,8479.92625,0.28,0.75,0.125,0.0,0.0,0,0,0.0,0.0,0,0,0.0,13742.599999999999,3,2,0.6666666666666666,67839.41,8,4,0.5,1
LGS2ORD0042073,C017008,2025-11-30 04:00:00,Female,46,Bronze,Web,Bangkok,1361,Web,PromptPay,4,11,6,1,40-50,45.36666666666667,7.0,4.0,0.5714285714285714,1,8,5355.418571428571,0.28,0.5714285714285714,0.14285714285714285,0.0,0.0,0,0,0.0,805.1,1,1,1.0,6909.71,2,2,1.0,37487.93,7,4,0.5714285714285714,1
LGS2ORD0042074,C012985,2025-11-30 05:00:00,Female,53,Platinum,Shopee,Remote_Area,470,TV_Show,COD,5,11,6,1,>50,15.666666666666666,4.0,0.0,0.0,-1,119,2483.3025,0.3,1.0,0.75,0.0,0.0,0,0,0.0,0.0,0,0,0.0,0.0,0,0,0.0,9933.21,4,0,0.0,1
LGS2ORD0042075,C011391,2025-11-30 05:00:00,Male,50,Bronze,Web,Bangkok,738,Shopee,COD,5,11,6,1,40-50,24.6,9.0,1.0,0.1111111111111111,187,3,3763.271111111111,0.18,0.7777777777777778,0.0,0.0,1253.91,1,0,0.0,13101.93,3,0,0.0,13101.93,3,0,0.0,33869.44,9,1,0.1111111111111111,0
LGS2ORD0042076,C014994,2025-11-30 05:00:00,Male,63,Bronze,CallCenter,Khon Kaen,748,Lazada,COD,5,11,6,1,>50,24.933333333333334,5.0,1.0,0.2,93,0,4688.716,0.28,0.2,0.2,0.0,2407.22,1,0,0.0,2407.22,1,0,0.0,7236.02,2,0,0.0,23443.58,5,1,0.2,1
LGS2ORD0042077,C011990,2025-11-30 05:00:00,Female,51,Bronze,TV,Songkhla,949,Lazada,Bank_Transfer,5,11,6,1,>50,31.633333333333333,5.0,1.0,0.2,95,42,2688.6639999999998,0.28,0.4,0.4,0.0,0.0,0,0,0.0,0.0,0,0,0.0,1113.43,1,0,0.0,13443.32,5,1,0.2,0
LGS2ORD0042078,C011555,2025-11-30 05:00:00,Female,31,Silver,Web,Phuket,1004,TV_Show,COD,5,11,6,1,30-40,33.46666666666667,12.0,6.0,0.5,51,11,5635.048333333333,0.3,0.5,0.4166666666666667,0.0,0.0,0,0,0.0,10107.09,2,0,0.0,29940.25,4,2,0.5,67620.58,12,6,0.5,1
LGS2ORD0042079,C012685,2025-11-30 06:00:00,Male,53,Bronze,TV,Remote_Area,446,TV_Show,COD,6,11,6,1,>50,14.866666666666667,4.0,1.0,0.25,-3,6,1657.46,0.18,0.5,0.0,0.0,1384.38,1,1,1.0,1384.38,1,1,1.0,5510.58,2,1,0.5,6629.84,4,1,0.25,0
LGS2ORD0042080,C013729,2025-11-30 06:00:00,Female,51,Bronze,TV,Phuket,440,Web,COD,6,11,6,1,>50,14.666666666666666,2.0,0.0,0.0,-1,32,2095.1150000000002,0.13,0.5,0.0,0.0,0.0,0,0,0.0,0.0,0,0,0.0,3814.88,1,0,0.0,4190.2300000000005,2,0,0.0,1
LGS2ORD0042081,C015075,2025-11-30 06:00:00,Male,40,Bronze,Shopee,Chonburi,800,Lazada,COD,6,11,6,1,30-40,26.666666666666668,11.0,3.0,0.2727272727272727,47,28,4841.776363636363,0.28,0.5454545454545454,0.09090909090909091,0.0,0.0,0,0,0.0,1350.15,1,0,0.0,4541.530000000001,3,2,0.6666666666666666,53259.53999999999,11,3,0.2727272727272727,0
LGS2ORD0042082,C014474,2025-11-30 06:00:00,Female,52,Bronze,TV,Khon Kaen,1573,TV_Show,Credit_Card,6,11,6,1,>50,52.43333333333333,17.0,2.0,0.11764705882352941,208,29,3852.299411764706,0.28,0.7058823529411765,0.35294117647058826,0.058823529411764705,0.0,0,0,0.0,3847.5,1,0,0.0,6078.72,4,0,0.0,65489.09,17,2,0.11764705882352941,0
LGS2ORD0042083,C010561,2025-11-30 06:00:00,Male,24,Bronze,Web,Phuket,611,Lazada,COD,6,11,6,1,20-30,20.366666666666667,3.0,2.0,0.6666666666666666,57,71,5198.086666666667,0.08,0.3333333333333333,0.0,0.0,0.0,0,0,0.0,0.0,0,0,0.0,9533.15,1,1,1.0,15594.26,3,2,0.6666666666666666,1
LGS2ORD0042084,C016368,2025-11-30 06:00:00,Female,39,Silver,Web,Khon Kaen,1736,Lazada,PromptPay,6,11,6,1,30-40,57.86666666666667,8.0,5.0,0.625,14,27,5986.008750000001,0.3,0.5,0.25,0.0,0.0,0,0,0.0,23576.510000000002,2,2,1.0,25504.05,3,3,1.0,47888.07000000001,8,5,0.625,0
LGS2ORD0042085,C015828,2025-11-30 07:00:00,Male,42,Bronze,TV,Khon Kaen,1566,Shopee,PromptPay,7,11,6,1,40-50,52.2,12.0,5.0,0.4166666666666667,219,5,6642.185,0.28,0.75,0.25,0.0,3403.54,1,0,0.0,3403.54,1,0,0.0,8806.68,2,0,0.0,79706.22,12,5,0.4166666666666667,0
LGS2ORD0042086,C010818,2025-11-30 07:00:00,Male,36,Bronze,Web,Nakhon Ratchasima,519,Web,PromptPay,7,11,6,1,30-40,17.3,6.0,2.0,0.3333333333333333,92,100,2705.1183333333333,0.28,0.6666666666666666,0.5,0.0,0.0,0,0,0.0,0.0,0,0,0.0,0.0,0,0,0.0,16230.71,6,2,0.3333333333333333,0
LGS2ORD0042087,C012216,2025-11-30 07:00:00,Female,51,Silver,TV,Remote_Area,1403,Shopee,COD,7,11,6,1,>50,46.766666666666666,3.0,2.0,0.6666666666666666,9,16,2935.0833333333335,0.25,0.6666666666666666,0.3333333333333333,0.0,0.0,0,0,0.0,2830.82,1,1,1.0,2830.82,1,1,1.0,8805.25,3,2,0.6666666666666666,0
LGS2ORD0042088,C017090,2025-11-30 07:00:00,Female,31,Gold,Lazada,Remote_Area,1085,TV_Show,Credit_Card,7,11,6,1,30-40,36.166666666666664,1.0,0.0,0.0,-1,120,5327.76,0.2299999999999999,0.0,1.0,0.0,0.0,0,0,0.0,0.0,0,0,0.0,0.0,0,0,0.0,5327.76,1,0,0.0,1
LGS2ORD0042089,C014073,2025-11-30 07:00:00,Female,46,Silver,Web,Khon Kaen,865,Shopee,PromptPay,7,11,6,1,40-50,28.833333333333332,7.0,2.0,0.2857142857142857,62,21,6488.860000000001,0.3,0.5714285714285714,0.14285714285714285,0.0,0.0,0,0,0.0,8297.85,1,0,0.0,12231.36,2,1,0.5,45422.020000000004,7,2,0.2857142857142857,0
LGS2ORD0042090,C014716,2025-11-30 08:00:00,Female,60,Gold,TV,Bangkok,1677,Lazada,Credit_Card,8,11,6,1,>50,55.9,4.0,0.0,0.0,-1,27,2999.1850000000004,0.33,0.25,0.5,0.0,0.0,0,0,0.0,2628.8,1,0,0.0,4620.08,3,0,0.0,11996.740000000002,4,0,0.0,0
LGS2ORD0042091,C017001,2025-11-30 08:00:00,Male,60,Silver,TV,Bangkok,411,Web,COD,8,11,6,1,>50,13.7,6.0,2.0,0.3333333333333333,82,89,7194.415000000001,0.25,0.6666666666666666,0.16666666666666666,0.0,0.0,0,0,0.0,0.0,0,0,0.0,23057.39,1,0,0.0,43166.490000000005,6,2,0.3333333333333333,0
LGS2ORD0042092,C013563,2025-11-30 08:00:00,Female,31,Bronze,Lazada,Khon Kaen,1228,Shopee,COD,8,11,6,1,30-40,40.93333333333333,4.0,2.0,0.5,63,73,10542.074999999999,0.28,0.5,0.25,0.0,0.0,0,0,0.0,0.0,0,0,0.0,2580.2,1,1,1.0,42168.299999999996,4,2,0.5,0
LGS2ORD0042093,C010624,2025-11-30 08:00:00,Female,64,Bronze,Shopee,Songkhla,1302,Web,COD,8,11,6,1,>50,43.4,5.0,1.0,0.2,258,81,1799.384,0.18,0.8,0.0,0.0,0.0,0,0,0.0,0.0,0,0,0.0,273.3,1,0,0.0,8996.92,5,1,0.2,1
LGS2ORD0042094,C014269,2025-11-30 08:00:00,Male,44,Bronze,Lazada,Bangkok,1570,CallCenter,COD,8,11,6,1,40-50,52.333333333333336,2.0,0.0,0.0,-1,32,4822.425,0.18,1.0,0.0,0.0,0.0,0,0,0.0,0.0,0,0,0.0,3517.23,1,0,0.0,9644.85,2,0,0.0,1
LGS2ORD0042095,C015730,2025-11-30 09:00:00,Male,57,Bronze,CallCenter,Chonburi,1315,TV_Show,COD,9,11,6,1,>50,43.833333333333336,4.0,0.0,0.0,-1,59,7524.932500000001,0.28,0.25,0.25,0.0,0.0,0,0,0.0,0.0,0,0,0.0,1150.08,1,0,0.0,30099.730000000003,4,0,0.0,1
LGS2ORD0042096,C014143,2025-11-30 09:00:00,Male,25,Silver,Shopee,Bangkok,1275,Shopee,Bank_Transfer,9,11,6,1,20-30,42.5,5.0,0.0,0.0,-1,0,6987.039999999999,0.2,0.4,0.0,0.0,2782.61,1,0,0.0,2782.61,1,0,0.0,2782.61,1,0,0.0,34935.2,5,0,0.0,1
LGS2ORD0042097,C010396,2025-11-30 09:00:00,Female,40,Bronze,Shopee,Phuket,899,Lazada,Bank_Transfer,9,11,6,1,30-40,29.966666666666665,13.0,5.0,0.38461538461538464,2,8,2547.332307692307,0.28,0.5384615384615384,0.5384615384615384,0.0,0.0,0,0,0.0,11375.73,2,1,0.5,16173.09,6,1,0.16666666666666666,33115.31999999999,13,5,0.38461538461538464,0
LGS2ORD0042098,C017882,2025-11-30 09:00:00,Female,46,Bronze,CallCenter,Khon Kaen,513,Shopee,COD,9,11,6,1,40-50,17.1,7.0,0.0,0.0,-1,1,6249.635714285715,0.18,0.42857142857142855,0.0,0.0,785.91,1,0,0.0,2092.31,2,0,0.0,9146.63,3,0,0.0,43747.450000000004,7,0,0.0,1
LGS2ORD0042099,C017662,2025-11-30 09:00:00,Female,57,Platinum,Web,Chiang Mai,1546,Shopee,COD,9,11,6,1,>50,51.53333333333333,3.0,1.0,0.3333333333333333,133,146,6198.97,0.15,0.6666666666666666,0.0,0.0,0.0,0,0,0.0,0.0,0,0,0.0,0.0,0,0,0.0,18596.91,3,1,0.3333333333333333,0
LGS2ORD0042100,C011912,2025-11-30 09:00:00,Female,46,Gold,Shopee,Chiang Mai,1084,Web,COD,9,11,6,1,40-50,36.13333333333333,9.0,0.0,0.0,-1,3,2887.662222222222,0.33,0.4444444444444444,0.4444444444444444,0.0,1573.86,1,0,0.0,1573.86,1,0,0.0,1573.86,1,0,0.0,25988.96,9,0,0.0,0
LGS2ORD0042101,C015819,2025-11-30 10:00:00,Female,29,Bronze,TV,Bangkok,664,Lazada,COD,10,11,6,1,20-30,22.133333333333333,9.0,1.0,0.1111111111111111,6,17,2705.2444444444445,0.18,0.3333333333333333,0.0,0.0,0.0,0,0,0.0,3005.12,1,1,1.0,7539.7699999999995,2,1,0.5,24347.2,9,1,0.1111111111111111,0
LGS2ORD0042102,C014455,2025-11-30 10:00:00,Male,31,Gold,Web,Chiang Mai,1538,Lazada,COD,10,11,6,1,30-40,51.266666666666666,7.0,3.0,0.42857142857142855,146,160,3103.9785714285717,0.28,0.8571428571428571,0.5714285714285714,0.0,0.0,0,0,0.0,0.0,0,0,0.0,0.0,0,0,0.0,21727.850000000002,7,3,0.42857142857142855,0
LGS2ORD0042103,C015960,2025-11-30 10:00:00,Male,49,Bronze,Shopee,Khon Kaen,560,Web,Credit_Card,10,11,6,1,40-50,18.666666666666668,10.0,4.0,0.4,53,17,4170.408,0.28,0.3,0.5,0.0,0.0,0,0,0.0,6531.780000000001,2,0,0.0,31855.37,6,2,0.3333333333333333,41704.08,10,4,0.4,0
LGS2ORD0042104,C011339,2025-11-30 10:00:00,Male,41,Bronze,Lazada,Remote_Area,896,Web,Credit_Card,10,11,6,1,40-50,29.866666666666667,3.0,0.0,0.0,-1,55,24460.890000000003,0.28,0.3333333333333333,0.6666666666666666,0.0,0.0,0,0,0.0,0.0,0,0,0.0,28033.93,1,0,0.0,73382.67000000001,3,0,0.0,0
LGS2ORD0042105,C015582,2025-11-30 10:00:00,Female,29,Bronze,Web,Chonburi,415,Web,COD,10,11,6,1,20-30,13.833333333333334,4.0,0.0,0.0,-1,212,4589.7225,0.28,0.5,0.5,0.0,0.0,0,0,0.0,0.0,0,0,0.0,0.0,0,0,0.0,18358.89,4,0,0.0,0
LGS2ORD0042106,C012765,2025-11-30 11:00:00,Female,36,Bronze,TV,Chiang Mai,1485,Web,Credit_Card,11,11,6,1,30-40,49.5,4.0,1.0,0.25,252,73,6227.882500000001,0.28,0.5,0.5,0.0,0.0,0,0,0.0,0.0,0,0,0.0,18225.99,1,0,0.0,24911.530000000002,4,1,0.25,0
LGS2ORD0042107,C010921,2025-11-30 11:00:00,Female,39,Gold,Shopee,Remote_Area,1095,Shopee,COD,11,11,6,1,30-40,36.5,6.0,1.0,0.16666666666666666,7,12,5892.8949999999995,0.33,0.5,0.5,0.0,0.0,0,0,0.0,3221.09,1,1,1.0,3221.09,1,1,1.0,35357.369999999995,6,1,0.16666666666666666,0
LGS2ORD0042108,C016303,2025-11-30 11:00:00,Female,34,Bronze,Shopee,Bangkok,1638,CallCenter,COD,11,11,6,1,30-40,54.6,3.0,1.0,0.3333333333333333,270,158,2420.866666666667,0.18,0.0,0.0,0.0,0.0,0,0,0.0,0.0,0,0,0.0,0.0,0,0,0.0,7262.6,3,1,0.3333333333333333,0
LGS2ORD0042109,C012513,2025-11-30 11:00:00,Female,43,Silver,Lazada,Bangkok,996,Lazada,COD,11,11,6,1,40-50,33.2,6.0,1.0,0.16666666666666666,205,24,6593.5233333333335,0.25,0.3333333333333333,0.16666666666666666,0.0,0.0,0,0,0.0,3053.02,1,0,0.0,3053.02,1,0,0.0,39561.14,6,1,0.16666666666666666,0
LGS2ORD0042110,C014404,2025-11-30 11:00:00,Male,51,Bronze,TV,Chiang Mai,478,Web,Credit_Card,11,11,6,1,>50,15.933333333333334,7.0,0.0,0.0,-1,2,5658.71,0.18,0.8571428571428571,0.0,0.0,8814.89,1,0,0.0,8814.89,1,0,0.0,10907.099999999999,3,0,0.0,39610.97,7,0,0.0,0
LGS2ORD0042111,C014756,2025-11-30 12:00:00,Male,43,Bronze,Lazada,Bangkok,980,Web,Bank_Transfer,12,11,6,1,40-50,32.666666666666664,7.0,1.0,0.14285714285714285,3,12,5302.494285714286,0.18,0.0,0.0,0.0,0.0,0,0,0.0,20534.21,2,1,0.5,26391.17,3,1,0.3333333333333333,37117.46,7,1,0.14285714285714285,0
LGS2ORD0042112,C012090,2025-11-30 12:00:00,Female,23,Gold,TV,Chonburi,1739,Web,COD,12,11,6,1,20-30,57.96666666666667,2.0,1.0,0.5,183,69,14238.025000000001,0.28,0.5,0.5,0.0,0.0,0,0,0.0,0.0,0,0,0.0,17149.47,1,0,0.0,28476.050000000003,2,1,0.5,0
LGS2ORD0042113,C015294,2025-11-30 12:00:00,Female,37,Gold,Lazada,Bangkok,1065,Lazada,Credit_Card,12,11,6,1,30-40,35.5,2.0,0.0,0.0,-1,77,4879.855,0.33,0.5,0.5,0.0,0.0,0,0,0.0,0.0,0,0,0.0,8201.15,1,0,0.0,9759.71,2,0,0.0,0
LGS2ORD0042114,C014292,2025-11-30 12:00:00,Male,41,Bronze,CallCenter,Bangkok,416,Lazada,COD,12,11,6,1,40-50,13.866666666666667,4.0,3.0,0.75,82,93,2690.5525,0.18,0.75,0.0,0.0,0.0,0,0,0.0,0.0,0,0,0.0,0.0,0,0,0.0,10762.21,4,3,0.75,1
LGS2ORD0042115,C012101,2025-11-30 12:00:00,Female,62,Bronze,CallCenter,Songkhla,357,TV_Show,COD,12,11,6,1,>50,11.9,5.0,2.0,0.4,52,58,5753.866,0.18,0.4,0.0,0.0,0.0,0,0,0.0,0.0,0,0,0.0,3700.24,2,1,0.5,28769.329999999998,5,2,0.4,1
LGS2ORD0042116,C011620,2025-11-30 13:00:00,Female,39,Gold,Web,Bangkok,415,TV_Show,COD,13,11,6,1,30-40,13.833333333333334,2.0,0.0,0.0,-1,16,780.5550000000001,0.33,0.5,0.5,0.0,0.0,0,0,0.0,1063.15,1,0,0.0,1063.15,1,0,0.0,1561.1100000000001,2,0,0.0,0
LGS2ORD0042117,C012283,2025-11-30 13:00:00,Female,45,Bronze,TV,Bangkok,483,Web,PromptPay,13,11,6,1,40-50,16.1,8.0,1.0,0.125,144,7,8066.671249999999,0.28,0.625,0.125,0.0,0.0,0,0,0.0,10965.76,1,0,0.0,40298.88,2,0,0.0,64533.369999999995,8,1,0.125,0
LGS2ORD0042118,C012948,2025-11-30 13:00:00,Female,46,Bronze,TV,Bangkok,1415,Lazada,COD,13,11,6,1,40-50,47.166666666666664,4.0,1.0,0.25,251,66,8020.9775,0.18,0.75,0.0,0.0,0.0,0,0,0.0,0.0,0,0,0.0,1213.13,1,0,0.0,32083.91,4,1,0.25,0
LGS2ORD0042119,C014036,2025-11-30 13:00:00,Male,52,Gold,TV,Bangkok,454,TV_Show,COD,13,11,6,1,>50,15.133333333333333,3.0,0.0,0.0,-1,73,2087.58,0.2299999999999999,0.3333333333333333,0.6666666666666666,0.0,0.0,0,0,0.0,0.0,0,0,0.0,3671.12,1,0,0.0,6262.74,3,0,0.0,0
LGS2ORD0042120,C016159,2025-11-30 13:00:00,Female,48,Bronze,CallCenter,Bangkok,445,Shopee,COD,13,11,6,1,40-50,14.833333333333334,5.0,2.0,0.4,8,13,8569.104,0.28,0.4,0.2,0.0,0.0,0,0,0.0,12405.07,2,2,1.0,15366.78,3,2,0.6666666666666666,42845.52,5,2,0.4,0
LGS2ORD0042121,C016093,2025-11-30 13:00:00,Male,58,Bronze,CallCenter,Bangkok,514,TV_Show,COD,13,11,6,1,>50,17.133333333333333,10.0,3.0,0.3,135,30,7193.748000000001,0.28,0.6,0.4,0.0,0.0,0,0,0.0,0.0,0,0,0.0,861.77,1,0,0.0,71937.48000000001,10,3,0.3,0
LGS2ORD0042122,C010528,2025-11-30 14:00:00,Male,56,Bronze,Web,Bangkok,801,Shopee,Credit_Card,14,11,6,1,>50,26.7,6.0,3.0,0.5,270,125,6199.765,0.18,0.6666666666666666,0.0,0.0,0.0,0,0,0.0,0.0,0,0,0.0,0.0,0,0,0.0,37198.590000000004,6,3,0.5,0
LGS2ORD0042123,C010979,2025-11-30 14:00:00,Male,60,Bronze,Lazada,Khon Kaen,667,Shopee,Credit_Card,14,11,6,1,>50,22.233333333333334,9.0,1.0,0.1111111111111111,-1,13,2707.8655555555556,0.28,0.2222222222222222,0.3333333333333333,0.0,0.0,0,0,0.0,4048.72,1,1,1.0,4048.72,1,1,1.0,24370.79,9,1,0.1111111111111111,0
LGS2ORD0042124,C011574,2025-11-30 14:00:00,Female,46,Silver,Lazada,Nakhon Ratchasima,1705,Web,COD,14,11,6,1,40-50,56.833333333333336,4.0,1.0,0.25,318,175,2061.0,0.3,0.25,0.75,0.0,0.0,0,0,0.0,0.0,0,0,0.0,0.0,0,0,0.0,8244.0,4,1,0.25,0
LGS2ORD0042125,C016085,2025-11-30 14:00:00,Male,58,Silver,Shopee,Songkhla,555,CallCenter,COD,14,11,6,1,>50,18.5,5.0,0.0,0.0,-1,29,5013.174,0.25,0.6,0.4,0.0,0.0,0,0,0.0,11183.56,1,0,0.0,11183.56,1,0,0.0,25065.87,5,0,0.0,0
LGS2ORD0042126,C010527,2025-11-30 14:00:00,Female,33,Gold,TV,Chiang Mai,1013,CallCenter,Credit_Card,14,11,6,1,30-40,33.766666666666666,3.0,1.0,0.3333333333333333,66,67,7135.323333333334,0.08,0.6666666666666666,0.0,0.0,0.0,0,0,0.0,0.0,0,0,0.0,20684.48,2,1,0.5,21405.97,3,1,0.3333333333333333,0
LGS2ORD0042127,C016244,2025-11-30 15:00:00,Female,72,Gold,Shopee,Bangkok,440,TV_Show,COD,15,11,6,1,>50,14.666666666666666,6.0,1.0,0.16666666666666666,109,85,6905.026666666666,0.18,0.16666666666666666,0.0,0.0,0.0,0,0,0.0,0.0,0,0,0.0,6322.13,1,0,0.0,41430.159999999996,6,1,0.16666666666666666,0
LGS2ORD0042128,C013650,2025-11-30 15:00:00,Male,37,Bronze,Lazada,Khon Kaen,1601,CallCenter,COD,15,11,6,1,30-40,53.36666666666667,9.0,3.0,0.3333333333333333,48,58,7899.446666666667,0.23,0.6666666666666666,0.3333333333333333,0.0,0.0,0,0,0.0,0.0,0,0,0.0,8495.75,2,1,0.5,71095.02,9,3,0.3333333333333333,0
LGS2ORD0042129,C011061,2025-11-30 15:00:00,Female,39,Bronze,CallCenter,Bangkok,711,Shopee,Credit_Card,15,11,6,1,30-40,23.7,4.0,1.0,0.25,169,123,9758.4425,0.08,0.25,0.0,0.0,0.0,0,0,0.0,0.0,0,0,0.0,0.0,0,0,0.0,39033.77,4,1,0.25,0
LGS2ORD0042130,C011020,2025-11-30 15:00:00,Female,47,Bronze,Lazada,Chiang Mai,1694,Lazada,COD,15,11,6,1,40-50,56.46666666666667,3.0,0.0,0.0,-1,79,1309.92,0.13,0.0,0.0,0.0,0.0,0,0,0.0,0.0,0,0,0.0,962.72,1,0,0.0,3929.76,3,0,0.0,0
LGS2ORD0042131,C014791,2025-11-30 15:00:00,Male,26,Bronze,Lazada,Remote_Area,966,TV_Show,PromptPay,15,11,6,1,20-30,32.2,9.0,3.0,0.3333333333333333,86,38,9880.555555555555,0.23,0.5555555555555556,0.2222222222222222,0.0,0.0,0,0,0.0,0.0,0,0,0.0,5668.13,2,0,0.0,88925.0,9,3,0.3333333333333333,0
LGS2ORD0042132,C017703,2025-11-30 16:00:00,Female,54,Bronze,TV,Chiang Mai,1127,TV_Show,COD,16,11,6,1,>50,37.56666666666667,7.0,1.0,0.14285714285714285,184,31,4287.438571428572,0.28,0.42857142857142855,0.14285714285714285,0.0,0.0,0,0,0.0,0.0,0,0,0.0,12003.0,2,0,0.0,30012.070000000003,7,1,0.14285714285714285,0
LGS2ORD0042133,C013656,2025-11-30 16:00:00,Female,26,Silver,Web,Chonburi,1669,Lazada,COD,16,11,6,1,20-30,55.63333333333333,4.0,1.0,0.25,296,99,9386.7675,0.3,0.5,0.5,0.0,0.0,0,0,0.0,0.0,0,0,0.0,0.0,0,0,0.0,37547.07,4,1,0.25,0
LGS2ORD0042134,C016666,2025-11-30 16:00:00,Male,37,Bronze,Lazada,Bangkok,573,Shopee,COD,16,11,6,1,30-40,19.1,7.0,0.0,0.0,-1,5,4840.335714285714,0.28,0.42857142857142855,0.2857142857142857,0.0,1691.63,1,0,0.0,1691.63,1,0,0.0,5314.14,2,0,0.0,33882.35,7,0,0.0,0
LGS2ORD0042135,C012799,2025-11-30 16:00:00,Male,38,Gold,TV,Chonburi,787,Web,COD,16,11,6,1,30-40,26.233333333333334,2.0,0.0,0.0,-1,116,5211.91,0.28,0.5,1.0,0.0,0.0,0,0,0.0,0.0,0,0,0.0,0.0,0,0,0.0,10423.82,2,0,0.0,0
LGS2ORD0042136,C014415,2025-11-30 16:00:00,Female,56,Gold,Web,Nakhon Ratchasima,1216,CallCenter,COD,16,11,6,1,>50,40.53333333333333,6.0,4.0,0.6666666666666666,53,57,2643.1666666666665,0.2299999999999999,0.5,0.3333333333333333,0.0,0.0,0,0,0.0,0.0,0,0,0.0,6318.01,2,1,0.5,15859.0,6,4,0.6666666666666666,0
LGS2ORD0042137,C014345,2025-11-30 17:00:00,Male,56,Bronze,Shopee,Khon Kaen,1778,Web,COD,17,11,6,1,>50,59.266666666666666,4.0,1.0,0.25,317,64,3169.415,0.23,0.25,0.25,0.0,0.0,0,0,0.0,0.0,0,0,0.0,2012.11,1,0,0.0,12677.66,4,1,0.25,0
LGS2ORD0042138,C013378,2025-11-30 17:00:00,Female,50,Bronze,Lazada,Bangkok,1000,Web,COD,17,11,6,1,40-50,33.333333333333336,8.0,3.0,0.375,4,16,10217.994999999999,0.23,0.625,0.125,0.0,0.0,0,0,0.0,12696.14,2,1,0.5,12696.14,2,1,0.5,81743.95999999999,8,3,0.375,0
LGS2ORD0042139,C010498,2025-11-30 17:00:00,Female,53,Bronze,Shopee,Bangkok,1451,Lazada,COD,17,11,6,1,>50,48.36666666666667,8.0,2.0,0.25,19,0,5317.331249999999,0.28,0.125,0.375,0.0,5204.86,1,0,0.0,11875.11,2,1,0.5,19310.35,3,1,0.3333333333333333,42538.649999999994,8,2,0.25,0
LGS2ORD0042140,C010763,2025-11-30 17:00:00,Female,46,Platinum,Web,Chiang Mai,1506,TV_Show,COD,17,11,6,1,40-50,50.2,4.0,1.0,0.25,-1,13,7886.3225,0.2,0.5,0.0,0.0,0.0,0,0,0.0,12892.15,1,1,1.0,12892.15,1,1,1.0,31545.29,4,1,0.25,0
LGS2ORD0042141,C016508,2025-11-30 17:00:00,Female,66,Silver,Shopee,Chonburi,525,TV_Show,COD,17,11,6,1,>50,17.5,6.0,1.0,0.16666666666666666,30,48,3375.5066666666667,0.3,0.16666666666666666,0.3333333333333333,0.0,0.0,0,0,0.0,0.0,0,0,0.0,4798.83,2,1,0.5,20253.04,6,1,0.16666666666666666,0
LGS2ORD0042142,C016053,2025-11-30 17:00:00,Male,29,Gold,Shopee,Chonburi,817,Web,COD,17,11,6,1,20-30,27.233333333333334,8.0,2.0,0.25,264,160,3366.81875,0.28,0.625,0.375,0.0,0.0,0,0,0.0,0.0,0,0,0.0,0.0,0,0,0.0,26934.55,8,2,0.25,0
LGS2ORD0042143,C017663,2025-11-30 18:00:00,Female,41,Silver,Web,Remote_Area,1110,Shopee,COD,18,11,6,1,40-50,37.0,8.0,3.0,0.375,122,25,3974.1087499999994,0.3,0.875,0.25,0.0,0.0,0,0,0.0,2056.33,1,0,0.0,3376.8599999999997,2,0,0.0,31792.869999999995,8,3,0.375,0
LGS2ORD0042144,C011510,2025-11-30 18:00:00,Male,47,Platinum,Shopee,Khon Kaen,1442,Web,PromptPay,18,11,6,1,40-50,48.06666666666667,3.0,1.0,0.3333333333333333,160,47,9286.796666666665,0.3,0.3333333333333333,0.6666666666666666,0.0,0.0,0,0,0.0,0.0,0,0,0.0,3053.6,1,0,0.0,27860.389999999996,3,1,0.3333333333333333,0
LGS2ORD0042145,C017266,2025-11-30 18:00:00,Male,37,Bronze,TV,Chonburi,1368,TV_Show,COD,18,11,6,1,30-40,45.6,2.0,0.0,0.0,-1,150,1362.49,0.23,1.0,1.0,0.0,0.0,0,0,0.0,0.0,0,0,0.0,0.0,0,0,0.0,2724.98,2,0,0.0,0
LGS2ORD0042146,C016400,2025-11-30 18:00:00,Male,39,Silver,Lazada,Bangkok,835,Shopee,Credit_Card,18,11,6,1,30-40,27.833333333333332,8.0,0.0,0.0,-1,3,3767.67875,0.25,0.25,0.375,0.0,5851.63,1,0,0.0,11290.24,2,0,0.0,17701.78,3,0,0.0,30141.43,8,0,0.0,0
LGS2ORD0042147,C013233,2025-11-30 18:00:00,Female,32,Platinum,Lazada,Bangkok,1534,Web,Bank_Transfer,18,11,6,1,30-40,51.13333333333333,3.0,1.0,0.3333333333333333,248,203,2180.986666666666,0.25,0.3333333333333333,0.6666666666666666,0.0,0.0,0,0,0.0,0.0,0,0,0.0,0.0,0,0,0.0,6542.959999999999,3,1,0.3333333333333333,0
LGS2ORD0042148,C011390,2025-11-30 19:00:00,Female,34,Gold,Web,Bangkok,1614,TV_Show,PromptPay,19,11,6,1,30-40,53.8,5.0,2.0,0.4,-9,0,3473.314,0.2299999999999999,0.2,0.2,0.0,2399.65,1,1,1.0,6467.23,2,1,0.5,9803.71,3,2,0.6666666666666666,17366.57,5,2,0.4,0
LGS2ORD0042149,C013955,2025-11-30 19:00:00,Male,34,Silver,TV,Chiang Mai,1368,Web,Credit_Card,19,11,6,1,30-40,45.6,8.0,2.0,0.25,143,100,3179.4437500000004,0.2,0.375,0.0,0.0,0.0,0,0,0.0,0.0,0,0,0.0,0.0,0,0,0.0,25435.550000000003,8,2,0.25,0
LGS2ORD0042150,C011064,2025-11-30 19:00:00,Female,61,Bronze,Web,Songkhla,431,Web,COD,19,11,6,1,>50,14.366666666666667,6.0,0.0,0.0,-1,25,6209.421666666666,0.28,0.3333333333333333,0.3333333333333333,0.0,0.0,0,0,0.0,1692.46,1,0,0.0,3053.8500000000004,2,0,0.0,37256.53,6,0,0.0,1
LGS2ORD0042151,C011004,2025-11-30 19:00:00,Female,50,Bronze,TV,Chonburi,1251,TV_Show,COD,19,11,6,1,40-50,41.7,5.0,1.0,0.2,80,23,4932.6359999999995,0.18,0.8,0.0,0.0,0.0,0,0,0.0,932.98,1,0,0.0,932.98,1,0,0.0,24663.179999999997,5,1,0.2,0
LGS2ORD0042152,C011986,2025-11-30 19:00:00,Male,26,Gold,TV,Bangkok,1314,Shopee,Credit_Card,19,11,6,1,20-30,43.8,2.0,0.0,0.0,-1,108,3433.7799999999997,0.2299999999999999,1.0,0.5,0.0,0.0,0,0,0.0,0.0,0,0,0.0,0.0,0,0,0.0,6867.5599999999995,2,0,0.0,0
LGS2ORD0042153,C014556,2025-11-30 20:00:00,Female,54,Silver,TV,Bangkok,1317,TV_Show,Credit_Card,20,11,6,1,>50,43.9,2.0,0.0,0.0,-1,51,1126.06,0.25,1.0,0.5,0.0,0.0,0,0,0.0,0.0,0,0,0.0,486.77,1,0,0.0,2252.12,2,0,0.0,0
LGS2ORD0042154,C017508,2025-11-30 20:00:00,Male,42,Bronze,Shopee,Khon Kaen,1707,Lazada,COD,20,11,6,1,40-50,56.9,5.0,0.0,0.0,-1,26,9037.045999999998,0.18,0.8,0.0,0.0,0.0,0,0,0.0,4354.68,1,0,0.0,4354.68,1,0,0.0,45185.229999999996,5,0,0.0,1
LGS2ORD0042155,C010441,2025-11-30 20:00:00,Female,37,Gold,Lazada,Chonburi,853,CallCenter,COD,20,11,6,1,30-40,28.433333333333334,4.0,0.0,0.0,-1,16,4374.3099999999995,0.28,0.25,0.75,0.0,0.0,0,0,0.0,5211.83,1,0,0.0,11400.05,2,0,0.0,17497.239999999998,4,0,0.0,1
LGS2ORD0042156,C010867,2025-11-30 20:00:00,Male,68,Gold,Web,Bangkok,631,Shopee,Credit_Card,20,11,6,1,>50,21.033333333333335,2.0,0.0,0.0,-1,11,2285.865,0.28,0.0,1.0,0.0,0.0,0,0,0.0,3878.54,1,0,0.0,4571.73,2,0,0.0,4571.73,2,0,0.0,0
LGS2ORD0042157,C014086,2025-11-30 20:00:00,Male,50,Bronze,Web,Chonburi,1247,Lazada,Credit_Card,20,11,6,1,40-50,41.56666666666667,9.0,2.0,0.2222222222222222,107,77,5685.055555555556,0.28,0.4444444444444444,0.1111111111111111,0.0,0.0,0,0,0.0,0.0,0,0,0.0,11817.13,3,0,0.0,51165.5,9,2,0.2222222222222222,0
LGS2ORD0042158,C014709,2025-11-30 21:00:00,Male,40,Silver,Shopee,Khon Kaen,442,CallCenter,COD,21,11,6,1,30-40,14.733333333333333,7.0,1.0,0.14285714285714285,220,155,10214.81714285714,0.25,0.14285714285714285,0.14285714285714285,0.0,0.0,0,0,0.0,0.0,0,0,0.0,0.0,0,0,0.0,71503.71999999999,7,1,0.14285714285714285,0
LGS2ORD0042159,C013540,2025-11-30 21:00:00,Other,40,Silver,CallCenter,Bangkok,1563,CallCenter,COD,21,11,6,1,30-40,52.1,6.0,0.0,0.0,-1,96,3257.1199999999994,0.3,0.16666666666666666,0.3333333333333333,0.0,0.0,0,0,0.0,0.0,0,0,0.0,0.0,0,0,0.0,19542.719999999998,6,0,0.0,0
LGS2ORD0042160,C016222,2025-11-30 21:00:00,Female,43,Gold,Web,Chiang Mai,1719,Shopee,Credit_Card,21,11,6,1,40-50,57.3,0.0,0.0,0.0,-1,-1,0.0,0.0,0.0,0.0,0.0,0.0,0,0,0.0,0.0,0,0,0.0,0.0,0,0,0.0,0.0,0,0,0.0,1
LGS2ORD0042161,C015814,2025-11-30 21:00:00,Male,30,Bronze,Lazada,Phuket,1379,Shopee,PromptPay,21,11,6,1,20-30,45.96666666666667,4.0,0.0,0.0,-1,30,5032.97,0.28,0.75,0.5,0.0,0.0,0,0,0.0,0.0,0,0,0.0,3903.07,1,0,0.0,20131.88,4,0,0.0,0
LGS2ORD0042162,C014939,2025-11-30 21:00:00,Male,26,Bronze,Shopee,Bangkok,1643,Shopee,PromptPay,21,11,6,1,20-30,54.766666666666666,7.0,3.0,0.42857142857142855,177,27,3736.6757142857145,0.28,0.7142857142857143,0.42857142857142855,0.0,0.0,0,0,0.0,13833.01,1,0,0.0,21034.15,3,0,0.0,26156.730000000003,7,3,0.42857142857142855,0
LGS2ORD0042163,C016729,2025-11-30 21:00:00,Male,43,Silver,Web,Bangkok,521,Lazada,Credit_Card,21,11,6,1,40-50,17.366666666666667,7.0,0.0,0.0,-1,63,5146.464285714285,0.3,0.42857142857142855,0.5714285714285714,0.0,0.0,0,0,0.0,0.0,0,0,0.0,6381.92,1,0,0.0,36025.25,7,0,0.0,0
LGS2ORD0042164,C011780,2025-11-30 22:00:00,Male,38,Silver,TV,Phuket,1715,TV_Show,COD,22,11,6,1,30-40,57.166666666666664,8.0,4.0,0.5,40,55,6823.70125,0.25,0.375,0.25,0.0,0.0,0,0,0.0,0.0,0,0,0.0,9299.36,1,1,1.0,54589.61,8,4,0.5,0
LGS2ORD0042165,C010358,2025-11-30 22:00:00,Other,32,Bronze,Web,Bangkok,1684,Shopee,PromptPay,22,11,6,1,30-40,56.13333333333333,3.0,0.0,0.0,-1,57,2757.8633333333332,0.28,0.3333333333333333,0.3333333333333333,0.0,0.0,0,0,0.0,0.0,0,0,0.0,4778.05,1,0,0.0,8273.59,3,0,0.0,0
LGS2ORD0042166,C014049,2025-11-30 22:00:00,Female,34,Bronze,TV,Nakhon Ratchasima,396,Web,COD,22,11,6,1,30-40,13.2,6.0,0.0,0.0,-1,42,7430.87,0.18,0.8333333333333334,0.0,0.0,0.0,0,0,0.0,0.0,0,0,0.0,567.36,1,0,0.0,44585.22,6,0,0.0,1
LGS2ORD0042167,C010373,2025-11-30 22:00:00,Female,61,Silver,Shopee,Remote_Area,638,TV_Show,PromptPay,22,11,6,1,>50,21.266666666666666,1.0,0.0,0.0,-1,221,8540.02,0.2,0.0,0.0,0.0,0.0,0,0,0.0,0.0,0,0,0.0,0.0,0,0,0.0,8540.02,1,0,0.0,0
LGS2ORD0042168,C013232,2025-11-30 22:00:00,Male,59,Silver,Shopee,Chiang Mai,1176,Web,COD,22,11,6,1,>50,39.2,5.0,0.0,0.0,-1,60,8682.939999999999,0.25,0.8,0.2,0.0,0.0,0,0,0.0,0.0,0,0,0.0,16868.97,1,0,0.0,43414.7,5,0,0.0,0
LGS2ORD0042169,C016666,2025-11-30 23:00:00,Male,37,Bronze,Lazada,Bangkok,573,Lazada,COD,23,11,6,1,30-40,19.1,8.0,0.0,0.0,-1,0,4720.7162499999995,0.28,0.5,0.25,0.0,5575.01,2,0,0.0,5575.01,2,0,0.0,9197.52,3,0,0.0,37765.729999999996,8,0,0.0,0
LGS2ORD0042170,C011692,2025-11-30 23:00:00,Male,40,Bronze,Shopee,Remote_Area,1135,CallCenter,PromptPay,23,11,6,1,30-40,37.833333333333336,4.0,4.0,1.0,75,81,6593.530000000001,0.28,0.75,0.75,0.0,0.0,0,0,0.0,0.0,0,0,0.0,1750.58,1,1,1.0,26374.120000000003,4,4,1.0,1
LGS2ORD0042171,C012797,2025-11-30 23:00:00,Female,26,Bronze,Web,Bangkok,646,Shopee,COD,23,11,6,1,20-30,21.533333333333335,1.0,1.0,1.0,180,187,50132.55,0.03,1.0,0.0,0.0,0.0,0,0,0.0,0.0,0,0,0.0,0.0,0,0,0.0,50132.55,1,1,1.0,1
LGS2ORD0042172,C010425,2025-11-30 23:00:00,Female,42,Silver,TV,Nakhon Ratchasima,449,TV_Show,COD,23,11,6,1,40-50,14.966666666666667,5.0,1.0,0.2,78,86,5347.3460000000005,0.3,0.2,0.4,0.0,0.0,0,0,0.0,0.0,0,0,0.0,4700.37,2,1,0.5,26736.730000000003,5,1,0.2,0
LGS2ORD0042173,C013792,2025-11-30 23:00:00,Female,48,Silver,Web,Bangkok,1586,Lazada,COD,23,11,6,1,40-50,52.86666666666667,5.0,0.0,0.0,-1,18,4054.3059999999996,0.25,0.4,0.2,0.0,0.0,0,0,0.0,11373.36,1,0,0.0,15867.970000000001,2,0,0.0,20271.53,5,0,0.0,1
LGS2ORD0042174,C017271,2025-12-01 00:00:00,Male,41,Bronze,TV,Nakhon Ratchasima,1434,Lazada,COD,0,12,0,0,40-50,47.8,7.0,2.0,0.2857142857142857,4,7,2609.2257142857147,0.28,0.5714285714285714,0.2857142857142857,0.0,0.0,0,0,0.0,10960.59,3,1,0.3333333333333333,10960.59,3,1,0.3333333333333333,18264.58,7,2,0.2857142857142857,1
LGS2ORD0042175,C015726,2025-12-01 00:00:00,Male,38,Bronze,Shopee,Chonburi,522,Lazada,PromptPay,0,12,0,0,30-40,17.4,7.0,3.0,0.42857142857142855,13,22,7421.348571428572,0.18,0.5714285714285714,0.0,0.0,0.0,0,0,0.0,8848.32,2,2,1.0,8848.32,2,2,1.0,51949.44,7,3,0.42857142857142855,1
LGS2ORD0042176,C014613,2025-12-01 00:00:00,Female,35,Gold,CallCenter,Bangkok,1154,TV_Show,PromptPay,0,12,0,0,30-40,38.46666666666667,11.0,4.0,0.36363636363636365,26,18,7102.870909090911,0.33,0.2727272727272727,0.36363636363636365,0.0,0.0,0,0,0.0,4751.72,1,0,0.0,57850.57,7,1,0.14285714285714285,78131.58000000002,11,4,0.36363636363636365,0
LGS2ORD0042177,C015174,2025-12-01 00:00:00,Male,47,Silver,Lazada,Bangkok,967,Shopee,COD,0,12,0,0,40-50,32.233333333333334,8.0,4.0,0.5,51,66,9796.08875,0.25,0.5,0.25,0.0,0.0,0,0,0.0,0.0,0,0,0.0,20645.079999999998,2,2,1.0,78368.71,8,4,0.5,0
LGS2ORD0042178,C013396,2025-12-01 00:00:00,Female,49,Gold,Shopee,Phuket,1786,Web,COD,0,12,0,0,40-50,59.53333333333333,8.0,3.0,0.375,7,19,6697.39625,0.28,0.75,0.625,0.0,0.0,0,0,0.0,4446.5,1,1,1.0,8751.45,2,2,1.0,53579.17,8,3,0.375,0
LGS2ORD0042179,C012149,2025-12-01 01:00:00,Male,52,Gold,Lazada,Bangkok,1025,TV_Show,Credit_Card,1,12,0,0,>50,34.166666666666664,4.0,2.0,0.5,277,41,4405.6425,0.33,0.5,0.5,0.0,0.0,0,0,0.0,0.0,0,0,0.0,8011.02,1,0,0.0,17622.57,4,2,0.5,0
LGS2ORD0042180,C015682,2025-12-01 01:00:00,Male,33,Silver,Shopee,Songkhla,1020,Web,Credit_Card,1,12,0,0,30-40,34.0,6.0,2.0,0.3333333333333333,1,5,4765.186666666667,0.3,0.5,0.16666666666666666,0.0,651.5,1,1,1.0,651.5,1,1,1.0,651.5,1,1,1.0,28591.120000000003,6,2,0.3333333333333333,0
LGS2ORD0042181,C013218,2025-12-01 01:00:00,Male,50,Silver,Web,Bangkok,566,Lazada,COD,1,12,0,0,40-50,18.866666666666667,8.0,3.0,0.375,130,39,4193.485,0.3,0.75,0.5,0.0,0.0,0,0,0.0,0.0,0,0,0.0,1452.38,1,0,0.0,33547.88,8,3,0.375,0
LGS2ORD0042182,C014035,2025-12-01 01:00:00,Female,62,Platinum,Web,Chonburi,1062,TV_Show,COD,1,12,0,0,>50,35.4,3.0,1.0,0.3333333333333333,13,20,3477.7066666666665,0.3,0.3333333333333333,0.3333333333333333,0.0,0.0,0,0,0.0,2339.04,1,1,1.0,2339.04,1,1,1.0,10433.119999999999,3,1,0.3333333333333333,0
LGS2ORD0042183,C012097,2025-12-01 01:00:00,Female,49,Gold,TV,Chiang Mai,1529,TV_Show,PromptPay,1,12,0,0,40-50,50.96666666666667,5.0,2.0,0.4,164,50,2883.638,0.2299999999999999,0.8,0.4,0.0,0.0,0,0,0.0,0.0,0,0,0.0,916.74,1,0,0.0,14418.189999999999,5,2,0.4,1
LGS2ORD0042184,C010140,2025-12-01 01:00:00,Female,26,Gold,CallCenter,Songkhla,612,Shopee,Bank_Transfer,1,12,0,0,20-30,20.4,4.0,1.0,0.25,281,12,6506.55,0.28,1.0,0.5,0.0,0.0,0,0,0.0,7008.7,1,0,0.0,12980.65,2,0,0.0,26026.2,4,1,0.25,0
LGS2ORD0042185,C012822,2025-12-01 02:00:00,Male,52,Bronze,TV,Remote_Area,1107,TV_Show,COD,2,12,0,0,>50,36.9,5.0,2.0,0.4,222,10,9546.344000000001,0.28,0.8,0.4,0.0,0.0,0,0,0.0,9206.87,1,0,0.0,35472.8,2,0,0.0,47731.72,5,2,0.4,0
LGS2ORD0042186,C010704,2025-12-01 02:00:00,Male,38,Gold,CallCenter,Bangkok,1665,Shopee,COD,2,12,0,0,30-40,55.5,5.0,1.0,0.2,191,195,2877.8199999999997,0.18,0.6,0.0,0.0,0.0,0,0,0.0,0.0,0,0,0.0,0.0,0,0,0.0,14389.099999999999,5,1,0.2,0
LGS2ORD0042187,C014075,2025-12-01 02:00:00,Male,51,Bronze,Shopee,Remote_Area,623,Shopee,PromptPay,2,12,0,0,>50,20.766666666666666,4.0,2.0,0.5,65,71,5095.02,0.18,0.5,0.0,0.0,0.0,0,0,0.0,0.0,0,0,0.0,17018.03,3,2,0.6666666666666666,20380.08,4,2,0.5,0
LGS2ORD0042188,C015732,2025-12-01 02:00:00,Female,47,Bronze,Shopee,Remote_Area,801,Lazada,COD,2,12,0,0,40-50,26.7,2.0,1.0,0.5,0,7,5619.78,0.23,0.5,0.5,0.0,0.0,0,0,0.0,576.85,1,1,1.0,576.85,1,1,1.0,11239.56,2,1,0.5,0
LGS2ORD0042189,C012504,2025-12-01 02:00:00,Other,44,Bronze,CallCenter,Bangkok,444,Shopee,COD,2,12,0,0,40-50,14.8,3.0,2.0,0.6666666666666666,9,16,1742.1499999999999,0.28,0.6666666666666666,0.3333333333333333,0.0,0.0,0,0,0.0,1318.89,1,1,1.0,1318.89,1,1,1.0,5226.45,3,2,0.6666666666666666,0
LGS2ORD0042190,C015663,2025-12-01 03:00:00,Female,54,Bronze,CallCenter,Chiang Mai,1370,Web,COD,3,12,0,0,>50,45.666666666666664,7.0,3.0,0.42857142857142855,25,20,6019.024285714286,0.28,0.5714285714285714,0.14285714285714285,0.0,0.0,0,0,0.0,3393.95,1,0,0.0,9716.97,3,1,0.3333333333333333,42133.17,7,3,0.42857142857142855,0
LGS2ORD0042191,C015589,2025-12-01 03:00:00,Female,42,Bronze,Web,Chonburi,1184,Lazada,PromptPay,3,12,0,0,40-50,39.46666666666667,3.0,1.0,0.3333333333333333,230,172,4117.043333333334,0.13,0.6666666666666666,0.0,0.0,0.0,0,0,0.0,0.0,0,0,0.0,0.0,0,0,0.0,12351.130000000001,3,1,0.3333333333333333,0
LGS2ORD0042192,C014279,2025-12-01 03:00:00,Female,52,Bronze,TV,Phuket,365,TV_Show,Credit_Card,3,12,0,0,>50,12.166666666666666,5.0,3.0,0.6,-10,1,2649.7619999999997,0.13,0.8,0.0,0.0,665.65,1,1,1.0,665.65,1,1,1.0,2724.93,3,2,0.6666666666666666,13248.81,5,3,0.6,0
LGS2ORD0042193,C013199,2025-12-01 03:00:00,Female,39,Silver,Shopee,Chonburi,1160,Lazada,Credit_Card,3,12,0,0,30-40,38.666666666666664,3.0,0.0,0.0,-1,43,2677.73,0.1,0.0,0.0,0.0,0.0,0,0,0.0,0.0,0,0,0.0,5391.46,2,0,0.0,8033.19,3,0,0.0,0
LGS2ORD0042194,C012803,2025-12-01 03:00:00,Female,32,Bronze,Lazada,Songkhla,475,CallCenter,COD,3,12,0,0,30-40,15.833333333333334,6.0,3.0,0.5,204,172,2805.661666666667,0.23,0.5,0.16666666666666666,0.0,0.0,0,0,0.0,0.0,0,0,0.0,0.0,0,0,0.0,16833.97,6,3,0.5,0
LGS2ORD0042195,C012622,2025-12-01 04:00:00,Female,22,Silver,Web,Bangkok,1645,Web,Credit_Card,4,12,0,0,20-30,54.833333333333336,7.0,1.0,0.14285714285714285,137,66,2847.2328571428575,0.3,0.42857142857142855,0.14285714285714285,0.0,0.0,0,0,0.0,0.0,0,0,0.0,5314.71,1,0,0.0,19930.63,7,1,0.14285714285714285,0
LGS2ORD0042196,C012188,2025-12-01 04:00:00,Female,50,Bronze,Web,Songkhla,1619,Web,COD,4,12,0,0,40-50,53.96666666666667,5.0,0.0,0.0,-1,40,2582.556,0.18,0.4,0.0,0.0,0.0,0,0,0.0,0.0,0,0,0.0,11081.62,3,0,0.0,12912.78,5,0,0.0,0
LGS2ORD0042197,C014875,2025-12-01 04:00:00,Male,18,Silver,Shopee,Chonburi,580,TV_Show,COD,4,12,0,0,<20,19.333333333333332,6.0,2.0,0.3333333333333333,32,39,3625.8849999999998,0.3,0.6666666666666666,0.16666666666666666,0.0,0.0,0,0,0.0,0.0,0,0,0.0,2561.64,1,1,1.0,21755.309999999998,6,2,0.3333333333333333,0
LGS2ORD0042198,C016838,2025-12-01 04:00:00,Female,39,Bronze,TV,Chonburi,1292,Lazada,Credit_Card,4,12,0,0,30-40,43.06666666666667,5.0,2.0,0.4,114,97,4243.416,0.28,0.4,0.2,0.0,0.0,0,0,0.0,0.0,0,0,0.0,0.0,0,0,0.0,21217.08,5,2,0.4,0
LGS2ORD0042199,C013883,2025-12-01 04:00:00,Female,40,Platinum,Lazada,Bangkok,1222,CallCenter,Credit_Card,4,12,0,0,30-40,40.733333333333334,1.0,0.0,0.0,-1,7,2979.04,0.2,0.0,0.0,0.0,0.0,0,0,0.0,2979.04,1,0,0.0,2979.04,1,0,0.0,2979.04,1,0,0.0,1
LGS2ORD0042200,C014875,2025-12-01 05:00:00,Male,18,Silver,Shopee,Chonburi,580,Lazada,COD,5,12,0,0,<20,19.333333333333332,7.0,2.0,0.2857142857142857,32,0,3273.9271428571424,0.3,0.7142857142857143,0.14285714285714285,0.0,1162.18,1,0,0.0,1162.18,1,0,0.0,3723.8199999999997,2,1,0.5,22917.489999999998,7,2,0.2857142857142857,1
LGS2ORD0042201,C011254,2025-12-01 05:00:00,Female,35,Bronze,TV,Khon Kaen,1641,Web,COD,5,12,0,0,30-40,54.7,3.0,1.0,0.3333333333333333,42,46,4343.276666666668,0.18,0.6666666666666666,0.0,0.0,0.0,0,0,0.0,0.0,0,0,0.0,2007.38,1,1,1.0,13029.830000000002,3,1,0.3333333333333333,0
LGS2ORD0042202,C014931,2025-12-01 05:00:00,Female,40,Silver,Lazada,Remote_Area,664,CallCenter,Bank_Transfer,5,12,0,0,30-40,22.133333333333333,7.0,3.0,0.42857142857142855,127,103,3663.914285714286,0.2,0.7142857142857143,0.0,0.0,0.0,0,0,0.0,0.0,0,0,0.0,0.0,0,0,0.0,25647.4,7,3,0.42857142857142855,0
LGS2ORD0042203,C014206,2025-12-01 05:00:00,Female,43,Bronze,Shopee,Bangkok,1548,Web,Credit_Card,5,12,0,0,40-50,51.6,6.0,0.0,0.0,-1,97,6053.655,0.28,0.5,0.5,0.0,0.0,0,0,0.0,0.0,0,0,0.0,0.0,0,0,0.0,36321.93,6,0,0.0,0
LGS2ORD0042204,C016317,2025-12-01 05:00:00,Male,45,Bronze,Shopee,Bangkok,389,Shopee,COD,5,12,0,0,40-50,12.966666666666667,6.0,3.0,0.5,270,62,1602.7116666666664,0.23,0.8333333333333334,0.3333333333333333,0.0,0.0,0,0,0.0,0.0,0,0,0.0,1576.85,1,0,0.0,9616.269999999999,6,3,0.5,0
LGS2ORD0042205,C011560,2025-12-01 05:00:00,Female,52,Gold,TV,Nakhon Ratchasima,364,TV_Show,PromptPay,5,12,0,0,>50,12.133333333333333,9.0,4.0,0.4444444444444444,109,24,4357.727777777777,0.33,0.4444444444444444,0.4444444444444444,0.0,0.0,0,0,0.0,2514.88,1,0,0.0,5540.74,2,0,0.0,39219.549999999996,9,4,0.4444444444444444,1
LGS2ORD0042206,C013283,2025-12-01 06:00:00,Female,40,Bronze,Shopee,Bangkok,1156,Lazada,Credit_Card,6,12,0,0,30-40,38.53333333333333,4.0,1.0,0.25,-11,3,2795.98,0.28,0.25,0.25,0.0,2571.91,1,1,1.0,6607.75,2,1,0.5,9244.89,3,1,0.3333333333333333,11183.92,4,1,0.25,0
LGS2ORD0042207,C014014,2025-12-01 06:00:00,Female,34,Bronze,Lazada,Chonburi,1063,Shopee,COD,6,12,0,0,30-40,35.43333333333333,1.0,0.0,0.0,-1,30,3408.76,0.18,1.0,0.0,0.0,0.0,0,0,0.0,0.0,0,0,0.0,3408.76,1,0,0.0,3408.76,1,0,0.0,0
LGS2ORD0042208,C011035,2025-12-01 06:00:00,Male,65,Bronze,Shopee,Nakhon Ratchasima,754,Shopee,COD,6,12,0,0,>50,25.133333333333333,6.0,2.0,0.3333333333333333,87,75,5196.014999999999,0.23,0.5,0.16666666666666666,0.0,0.0,0,0,0.0,0.0,0,0,0.0,5039.24,1,0,0.0,31176.089999999997,6,2,0.3333333333333333,0
LGS2ORD0042209,C014071,2025-12-01 06:00:00,Male,44,Bronze,CallCenter,Remote_Area,1737,Lazada,Bank_Transfer,6,12,0,0,40-50,57.9,4.0,1.0,0.25,251,23,7287.842500000001,0.23,0.5,0.25,0.0,0.0,0,0,0.0,3201.15,1,0,0.0,3201.15,1,0,0.0,29151.370000000003,4,1,0.25,1
LGS2ORD0042210,C011881,2025-12-01 06:00:00,Male,36,Silver,Web,Nakhon Ratchasima,1545,TV_Show,COD,6,12,0,0,30-40,51.5,7.0,0.0,0.0,-1,72,5978.678571428572,0.25,0.42857142857142855,0.42857142857142855,0.0,0.0,0,0,0.0,0.0,0,0,0.0,3484.23,1,0,0.0,41850.75,7,0,0.0,0
LGS2ORD0042211,C017030,2025-12-01 07:00:00,Male,46,Gold,Lazada,Chiang Mai,418,Lazada,COD,7,12,0,0,40-50,13.933333333333334,2.0,0.0,0.0,-1,166,9215.585,0.28,0.5,0.5,0.0,0.0,0,0,0.0,0.0,0,0,0.0,0.0,0,0,0.0,18431.17,2,0,0.0,0
LGS2ORD0042212,C013500,2025-12-01 07:00:00,Male,35,Silver,TV,Chonburi,925,Shopee,COD,7,12,0,0,30-40,30.833333333333332,2.0,0.0,0.0,-1,165,720.675,0.25,0.5,1.0,0.0,0.0,0,0,0.0,0.0,0,0,0.0,0.0,0,0,0.0,1441.35,2,0,0.0,0
LGS2ORD0042213,C015212,2025-12-01 07:00:00,Female,53,Bronze,Lazada,Khon Kaen,601,Web,COD,7,12,0,0,>50,20.033333333333335,5.0,3.0,0.6,70,77,2564.546,0.28,0.8,0.4,0.0,0.0,0,0,0.0,0.0,0,0,0.0,450.43,1,1,1.0,12822.73,5,3,0.6,0
LGS2ORD0042214,C013174,2025-12-01 07:00:00,Female,40,Bronze,Web,Chiang Mai,1061,TV_Show,Credit_Card,7,12,0,0,30-40,35.36666666666667,4.0,1.0,0.25,145,50,3067.6924999999997,0.18,0.25,0.0,0.0,0.0,0,0,0.0,0.0,0,0,0.0,2440.72,1,0,0.0,12270.769999999999,4,1,0.25,0
LGS2ORD0042215,C011487,2025-12-01 07:00:00,Female,31,Silver,Web,Remote_Area,1485,Lazada,COD,7,12,0,0,30-40,49.5,11.0,4.0,0.36363636363636365,147,32,4965.311818181817,0.25,0.45454545454545453,0.18181818181818182,0.0,0.0,0,0,0.0,0.0,0,0,0.0,17144.22,4,0,0.0,54618.42999999999,11,4,0.36363636363636365,1
LGS2ORD0042216,C014370,2025-12-01 08:00:00,Female,32,Bronze,CallCenter,Nakhon Ratchasima,1107,Lazada,COD,8,12,0,0,30-40,36.9,4.0,1.0,0.25,213,33,10271.812499999998,0.28,0.75,0.5,0.0,0.0,0,0,0.0,0.0,0,0,0.0,288.1,1,0,0.0,41087.24999999999,4,1,0.25,0
LGS2ORD0042217,C013236,2025-12-01 08:00:00,Female,54,Bronze,TV,Bangkok,1417,TV_Show,Credit_Card,8,12,0,0,>50,47.233333333333334,2.0,0.0,0.0,-1,27,1233.48,0.28,1.0,0.5,0.0,0.0,0,0,0.0,522.23,1,0,0.0,522.23,1,0,0.0,2466.96,2,0,0.0,0
LGS2ORD0042218,C010067,2025-12-01 08:00:00,Male,27,Bronze,Shopee,Phuket,461,Shopee,Credit_Card,8,12,0,0,20-30,15.366666666666667,5.0,3.0,0.6,38,48,2896.786,0.18,0.6,0.0,0.0,0.0,0,0,0.0,0.0,0,0,0.0,1205.6100000000001,2,1,0.5,14483.93,5,3,0.6,0
LGS2ORD0042219,C010766,2025-12-01 08:00:00,Female,42,Bronze,Shopee,Chiang Mai,928,Shopee,PromptPay,8,12,0,0,40-50,30.933333333333334,7.0,3.0,0.42857142857142855,82,40,5838.918571428571,0.23,0.8571428571428571,0.14285714285714285,0.0,0.0,0,0,0.0,0.0,0,0,0.0,12118.59,2,1,0.5,40872.43,7,3,0.42857142857142855,0
LGS2ORD0042220,C016205,2025-12-01 08:00:00,Other,55,Bronze,Shopee,Bangkok,1497,Lazada,COD,8,12,0,0,>50,49.9,7.0,2.0,0.2857142857142857,84,90,9726.591428571428,0.23,0.5714285714285714,0.14285714285714285,0.0,0.0,0,0,0.0,0.0,0,0,0.0,0.0,0,0,0.0,68086.14,7,2,0.2857142857142857,0
LGS2ORD0042221,C014918,2025-12-01 08:00:00,Female,34,Gold,TV,Khon Kaen,1087,Shopee,PromptPay,8,12,0,0,30-40,36.233333333333334,8.0,3.0,0.375,107,114,2070.27375,0.33,0.625,0.5,0.0,0.0,0,0,0.0,0.0,0,0,0.0,0.0,0,0,0.0,16562.19,8,3,0.375,0
LGS2ORD0042222,C015922,2025-12-01 09:00:00,Male,50,Bronze,Lazada,Bangkok,1358,Lazada,Credit_Card,9,12,0,0,40-50,45.266666666666666,5.0,2.0,0.4,57,34,5595.020000000001,0.23,1.0,0.4,0.0,0.0,0,0,0.0,0.0,0,0,0.0,14364.02,3,1,0.3333333333333333,27975.100000000006,5,2,0.4,0
LGS2ORD0042223,C011070,2025-12-01 09:00:00,Male,38,Gold,TV,Bangkok,1524,Web,Credit_Card,9,12,0,0,30-40,50.8,5.0,1.0,0.2,151,29,4069.172,0.28,0.4,0.6,0.0,0.0,0,0,0.0,14273.17,1,0,0.0,14273.17,1,0,0.0,20345.86,5,1,0.2,1
LGS2ORD0042224,C016676,2025-12-01 09:00:00,Male,50,Gold,TV,Nakhon Ratchasima,1767,Shopee,COD,9,12,0,0,40-50,58.9,5.0,1.0,0.2,256,53,3641.3120000000004,0.2299999999999999,0.4,0.2,0.0,0.0,0,0,0.0,0.0,0,0,0.0,1387.82,1,0,0.0,18206.56,5,1,0.2,1
LGS2ORD0042225,C016789,2025-12-01 09:00:00,Other,35,Gold,Shopee,Chonburi,1260,Lazada,PromptPay,9,12,0,0,30-40,42.0,3.0,0.0,0.0,-1,84,6702.240000000001,0.13,0.3333333333333333,0.0,0.0,0.0,0,0,0.0,0.0,0,0,0.0,13487.42,1,0,0.0,20106.72,3,0,0.0,0
LGS2ORD0042226,C013367,2025-12-01 09:00:00,Male,53,Bronze,TV,Phuket,1363,TV_Show,Bank_Transfer,9,12,0,0,>50,45.43333333333333,5.0,1.0,0.2,57,9,4075.4199999999996,0.23,0.8,0.2,0.0,0.0,0,0,0.0,1302.6,1,0,0.0,9126.2,2,1,0.5,20377.1,5,1,0.2,0
LGS2ORD0042227,C015599,2025-12-01 10:00:00,Male,36,Bronze,Shopee,Bangkok,1720,Web,COD,10,12,0,0,30-40,57.333333333333336,10.0,2.0,0.2,198,7,3811.3649999999993,0.28,0.6,0.5,0.0,0.0,0,0,0.0,10054.09,2,0,0.0,10054.09,2,0,0.0,38113.649999999994,10,2,0.2,0
LGS2ORD0042228,C017812,2025-12-01 10:00:00,Female,32,Gold,Shopee,Bangkok,1431,Web,Bank_Transfer,10,12,0,0,30-40,47.7,4.0,1.0,0.25,188,27,3400.745,0.33,0.5,0.25,0.0,0.0,0,0,0.0,5666.82,1,0,0.0,7536.179999999999,2,0,0.0,13602.98,4,1,0.25,0
LGS2ORD0042229,C013750,2025-12-01 10:00:00,Female,38,Gold,CallCenter,Nakhon Ratchasima,945,Lazada,Credit_Card,10,12,0,0,30-40,31.5,5.0,0.0,0.0,-1,58,5539.785999999999,0.33,0.4,0.8,0.0,0.0,0,0,0.0,0.0,0,0,0.0,5579.62,1,0,0.0,27698.929999999997,5,0,0.0,1
LGS2ORD0042230,C016648,2025-12-01 10:00:00,Female,48,Bronze,Lazada,Chiang Mai,1070,Web,COD,10,12,0,0,40-50,35.666666666666664,8.0,1.0,0.125,55,20,5996.782499999999,0.28,0.75,0.375,0.0,0.0,0,0,0.0,17528.41,3,0,0.0,33489.659999999996,5,1,0.2,47974.259999999995,8,1,0.125,0
LGS2ORD0042231,C016751,2025-12-01 10:00:00,Male,18,Bronze,TV,Nakhon Ratchasima,679,TV_Show,COD,10,12,0,0,<20,22.633333333333333,5.0,0.0,0.0,-1,30,1855.0240000000001,0.28,0.4,0.6,0.0,0.0,0,0,0.0,0.0,0,0,0.0,3613.43,1,0,0.0,9275.12,5,0,0.0,0
LGS2ORD0042232,C017671,2025-12-01 11:00:00,Male,42,Silver,TV,Remote_Area,1423,Web,Bank_Transfer,11,12,0,0,40-50,47.43333333333333,4.0,1.0,0.25,261,65,3163.37,0.2,0.25,0.0,0.0,0.0,0,0,0.0,0.0,0,0,0.0,1437.4,1,0,0.0,12653.48,4,1,0.25,0
LGS2ORD0042233,C010174,2025-12-01 11:00:00,Female,41,Bronze,TV,Chonburi,998,Shopee,PromptPay,11,12,0,0,40-50,33.266666666666666,8.0,0.0,0.0,-1,23,6527.8975,0.28,0.5,0.25,0.0,0.0,0,0,0.0,3260.68,1,0,0.0,26504.09,4,0,0.0,52223.18,8,0,0.0,0
LGS2ORD0042234,C016704,2025-12-01 11:00:00,Male,39,Silver,TV,Remote_Area,561,Lazada,Credit_Card,11,12,0,0,30-40,18.7,3.0,1.0,0.3333333333333333,161,116,3469.5466666666666,0.3,0.6666666666666666,0.3333333333333333,0.0,0.0,0,0,0.0,0.0,0,0,0.0,0.0,0,0,0.0,10408.64,3,1,0.3333333333333333,0
LGS2ORD0042235,C013318,2025-12-01 11:00:00,Male,47,Bronze,Lazada,Bangkok,538,TV_Show,COD,11,12,0,0,40-50,17.933333333333334,3.0,1.0,0.3333333333333333,269,167,3995.9233333333336,0.28,0.6666666666666666,0.6666666666666666,0.0,0.0,0,0,0.0,0.0,0,0,0.0,0.0,0,0,0.0,11987.77,3,1,0.3333333333333333,1
LGS2ORD0042236,C014893,2025-12-01 11:00:00,Female,29,Bronze,Shopee,Phuket,876,Web,PromptPay,11,12,0,0,20-30,29.2,9.0,0.0,0.0,-1,15,4629.295555555555,0.28,0.2222222222222222,0.3333333333333333,0.0,0.0,0,0,0.0,500.07,1,0,0.0,1328.09,2,0,0.0,41663.659999999996,9,0,0.0,0
LGS2ORD0042237,C013178,2025-12-01 12:00:00,Female,37,Silver,CallCenter,Remote_Area,398,Web,COD,12,12,0,0,30-40,13.266666666666667,6.0,0.0,0.0,-1,118,5307.506666666666,0.1,0.3333333333333333,0.0,0.0,0.0,0,0,0.0,0.0,0,0,0.0,0.0,0,0,0.0,31845.039999999997,6,0,0.0,1
LGS2ORD0042238,C011189,2025-12-01 12:00:00,Male,34,Bronze,TV,Khon Kaen,1776,Shopee,COD,12,12,0,0,30-40,59.2,8.0,1.0,0.125,51,15,6042.75625,0.23,0.75,0.125,0.0,0.0,0,0,0.0,20807.74,1,0,0.0,24492.99,3,1,0.3333333333333333,48342.05,8,1,0.125,0
LGS2ORD0042239,C013895,2025-12-01 12:00:00,Female,40,Bronze,CallCenter,Bangkok,876,Web,Credit_Card,12,12,0,0,30-40,29.2,5.0,1.0,0.2,296,4,4673.4039999999995,0.18,0.4,0.0,0.0,11574.0,1,0,0.0,11574.0,1,0,0.0,11574.0,1,0,0.0,23367.019999999997,5,1,0.2,0
LGS2ORD0042240,C012007,2025-12-01 12:00:00,Male,42,Silver,TV,Bangkok,1057,TV_Show,COD,12,12,0,0,40-50,35.233333333333334,3.0,1.0,0.3333333333333333,317,158,4871.2699999999995,0.2,0.6666666666666666,0.0,0.0,0.0,0,0,0.0,0.0,0,0,0.0,0.0,0,0,0.0,14613.81,3,1,0.3333333333333333,0
LGS2ORD0042241,C016619,2025-12-01 12:00:00,Female,41,Silver,Shopee,Khon Kaen,998,Lazada,COD,12,12,0,0,40-50,33.266666666666666,8.0,1.0,0.125,107,8,4924.860000000001,0.3,0.25,0.25,0.0,0.0,0,0,0.0,2251.63,1,0,0.0,17494.02,2,0,0.0,39398.880000000005,8,1,0.125,0
LGS2ORD0042242,C012916,2025-12-01 12:00:00,Male,59,Silver,Web,Bangkok,931,Lazada,PromptPay,12,12,0,0,>50,31.033333333333335,4.0,1.0,0.25,186,80,2474.1925,0.25,0.25,0.25,0.0,0.0,0,0,0.0,0.0,0,0,0.0,4408.15,1,0,0.0,9896.77,4,1,0.25,0
LGS2ORD0042243,C013277,2025-12-01 13:00:00,Female,41,Bronze,TV,Chonburi,869,TV_Show,COD,13,12,0,0,40-50,28.966666666666665,8.0,2.0,0.25,25,27,1812.3975,0.23,0.625,0.25,0.0,0.0,0,0,0.0,1606.54,1,0,0.0,8237.84,3,2,0.6666666666666666,14499.18,8,2,0.25,1
LGS2ORD0042244,C010124,2025-12-01 13:00:00,Female,42,Bronze,Web,Chonburi,1031,CallCenter,Credit_Card,13,12,0,0,40-50,34.36666666666667,3.0,0.0,0.0,-1,144,2488.68,0.18,0.6666666666666666,0.0,0.0,0.0,0,0,0.0,0.0,0,0,0.0,0.0,0,0,0.0,7466.04,3,0,0.0,0
LGS2ORD0042245,C013251,2025-12-01 13:00:00,Male,30,Silver,Web,Phuket,694,TV_Show,Credit_Card,13,12,0,0,20-30,23.133333333333333,4.0,0.0,0.0,-1,109,2202.4475,0.3,0.25,0.5,0.0,0.0,0,0,0.0,0.0,0,0,0.0,0.0,0,0,0.0,8809.79,4,0,0.0,1
LGS2ORD0042246,C016952,2025-12-01 13:00:00,Female,45,Gold,Web,Bangkok,1138,Web,Bank_Transfer,13,12,0,0,40-50,37.93333333333333,0.0,0.0,0.0,-1,-1,0.0,0.0,0.0,0.0,0.0,0.0,0,0,0.0,0.0,0,0,0.0,0.0,0,0,0.0,0.0,0,0,0.0,0
LGS2ORD0042247,C017216,2025-12-01 13:00:00,Other,45,Bronze,Lazada,Songkhla,969,TV_Show,COD,13,12,0,0,40-50,32.3,8.0,2.0,0.25,200,56,3527.6412499999997,0.23,0.375,0.25,0.0,0.0,0,0,0.0,0.0,0,0,0.0,2075.48,1,0,0.0,28221.129999999997,8,2,0.25,0
LGS2ORD0042248,C011742,2025-12-01 14:00:00,Female,53,Bronze,Web,Phuket,1101,TV_Show,COD,14,12,0,0,>50,36.7,4.0,2.0,0.5,-10,2,8589.6875,0.08,0.5,0.0,0.0,7053.509999999999,2,1,0.5,7053.509999999999,2,1,0.5,7053.509999999999,2,1,0.5,34358.75,4,2,0.5,0
LGS2ORD0042249,C013282,2025-12-01 14:00:00,Female,56,Gold,TV,Remote_Area,1139,TV_Show,COD,14,12,0,0,>50,37.96666666666667,11.0,3.0,0.2727272727272727,100,11,4142.87,0.28,0.6363636363636364,0.45454545454545453,0.0,0.0,0,0,0.0,3658.71,2,0,0.0,18140.25,4,0,0.0,45571.57,11,3,0.2727272727272727,0
LGS2ORD0042250,C014782,2025-12-01 14:00:00,Female,42,Bronze,Web,Bangkok,1504,Lazada,COD,14,12,0,0,40-50,50.13333333333333,2.0,2.0,1.0,75,85,1602.085,0.18,0.0,0.0,0.0,0.0,0,0,0.0,0.0,0,0,0.0,1582.95,1,1,1.0,3204.17,2,2,1.0,0
LGS2ORD0042251,C015073,2025-12-01 14:00:00,Male,22,Bronze,Web,Nakhon Ratchasima,851,TV_Show,PromptPay,14,12,0,0,20-30,28.366666666666667,3.0,1.0,0.3333333333333333,127,139,2162.223333333334,0.08,0.3333333333333333,0.0,0.0,0.0,0,0,0.0,0.0,0,0,0.0,0.0,0,0,0.0,6486.670000000001,3,1,0.3333333333333333,0
LGS2ORD0042252,C013208,2025-12-01 14:00:00,Male,40,Silver,TV,Chiang Mai,925,Shopee,COD,14,12,0,0,30-40,30.833333333333332,6.0,3.0,0.5,276,19,4552.721666666666,0.25,0.6666666666666666,0.16666666666666666,0.0,0.0,0,0,0.0,11912.39,1,0,0.0,11912.39,1,0,0.0,27316.329999999998,6,3,0.5,0
LGS2ORD0042253,C014382,2025-12-01 15:00:00,Male,35,Silver,Lazada,Bangkok,1006,Web,Bank_Transfer,15,12,0,0,30-40,33.53333333333333,1.0,0.0,0.0,-1,319,11731.45,0.05,1.0,0.0,0.0,0.0,0,0,0.0,0.0,0,0,0.0,0.0,0,0,0.0,11731.45,1,0,0.0,0
LGS2ORD0042254,C016132,2025-12-01 15:00:00,Female,61,Bronze,Shopee,Khon Kaen,973,Lazada,Credit_Card,15,12,0,0,>50,32.43333333333333,1.0,0.0,0.0,-1,270,1585.3,0.03,0.0,0.0,0.0,0.0,0,0,0.0,0.0,0,0,0.0,0.0,0,0,0.0,1585.3,1,0,0.0,0
LGS2ORD0042255,C015752,2025-12-01 15:00:00,Female,57,Bronze,CallCenter,Remote_Area,1215,Shopee,COD,15,12,0,0,>50,40.5,10.0,3.0,0.3,186,109,10151.51,0.18,0.5,0.0,0.0,0.0,0,0,0.0,0.0,0,0,0.0,0.0,0,0,0.0,101515.1,10,3,0.3,0
LGS2ORD0042256,C014636,2025-12-01 15:00:00,Female,29,Bronze,TV,Remote_Area,1412,Shopee,COD,15,12,0,0,20-30,47.06666666666667,9.0,3.0,0.3333333333333333,5,14,9942.6,0.28,0.7777777777777778,0.4444444444444444,0.0,0.0,0,0,0.0,18142.02,1,1,1.0,18142.02,1,1,1.0,89483.40000000001,9,3,0.3333333333333333,1
LGS2ORD0042257,C017600,2025-12-01 15:00:00,Female,48,Bronze,Web,Chiang Mai,825,Web,COD,15,12,0,0,40-50,27.5,9.0,4.0,0.4444444444444444,92,28,7122.233333333334,0.23,0.3333333333333333,0.2222222222222222,0.0,0.0,0,0,0.0,1604.28,1,0,0.0,6331.9,2,0,0.0,64100.100000000006,9,4,0.4444444444444444,0
LGS2ORD0042258,C012862,2025-12-01 16:00:00,Female,63,Silver,TV,Bangkok,794,CallCenter,COD,16,12,0,0,>50,26.466666666666665,4.0,0.0,0.0,-1,33,3904.3200000000006,0.2,0.5,0.0,0.0,0.0,0,0,0.0,0.0,0,0,0.0,5073.56,1,0,0.0,15617.280000000002,4,0,0.0,0
LGS2ORD0042259,C012280,2025-12-01 16:00:00,Female,31,Bronze,TV,Khon Kaen,476,Shopee,Bank_Transfer,16,12,0,0,30-40,15.866666666666667,7.0,0.0,0.0,-1,26,3861.4785714285713,0.23,0.2857142857142857,0.2857142857142857,0.0,0.0,0,0,0.0,9174.88,1,0,0.0,12175.609999999999,2,0,0.0,27030.35,7,0,0.0,0
LGS2ORD0042260,C013718,2025-12-01 16:00:00,Female,50,Silver,Lazada,Chiang Mai,1623,Lazada,PromptPay,16,12,0,0,40-50,54.1,2.0,1.0,0.5,-8,7,1851.835,0.2,0.0,0.0,0.0,0.0,0,0,0.0,2843.02,1,1,1.0,2843.02,1,1,1.0,3703.67,2,1,0.5,0
LGS2ORD0042261,C010200,2025-12-01 16:00:00,Male,25,Gold,TV,Bangkok,1352,Lazada,PromptPay,16,12,0,0,20-30,45.06666666666667,4.0,1.0,0.25,237,32,3152.3975,0.33,0.75,0.25,0.0,0.0,0,0,0.0,0.0,0,0,0.0,2578.68,1,0,0.0,12609.59,4,1,0.25,0
LGS2ORD0042262,C014569,2025-12-01 16:00:00,Male,34,Bronze,TV,Remote_Area,656,Lazada,COD,16,12,0,0,30-40,21.866666666666667,4.0,1.0,0.25,7,12,3927.9700000000003,0.28,0.25,0.25,0.0,0.0,0,0,0.0,8390.01,1,1,1.0,9717.12,2,1,0.5,15711.880000000001,4,1,0.25,0
LGS2ORD0042263,C011126,2025-12-01 16:00:00,Female,36,Bronze,Web,Remote_Area,1503,TV_Show,COD,16,12,0,0,30-40,50.1,0.0,0.0,0.0,-1,-1,0.0,0.0,0.0,0.0,0.0,0.0,0,0,0.0,0.0,0,0,0.0,0.0,0,0,0.0,0.0,0,0,0.0,1
LGS2ORD0042264,C017180,2025-12-01 17:00:00,Male,45,Silver,Shopee,Khon Kaen,757,Web,Credit_Card,17,12,0,0,40-50,25.233333333333334,4.0,0.0,0.0,-1,1,4957.7,0.3,0.5,0.25,0.0,977.22,1,0,0.0,977.22,1,0,0.0,977.22,1,0,0.0,19830.8,4,0,0.0,1
LGS2ORD0042265,C015769,2025-12-01 17:00:00,Male,25,Bronze,TV,Chonburi,991,TV_Show,Bank_Transfer,17,12,0,0,20-30,33.03333333333333,7.0,3.0,0.42857142857142855,191,15,3408.6928571428575,0.28,0.7142857142857143,0.2857142857142857,0.0,0.0,0,0,0.0,2979.29,1,0,0.0,13233.190000000002,3,0,0.0,23860.850000000002,7,3,0.42857142857142855,0
LGS2ORD0042266,C012991,2025-12-01 17:00:00,Male,48,Platinum,Shopee,Phuket,1237,CallCenter,Bank_Transfer,17,12,0,0,40-50,41.233333333333334,7.0,3.0,0.42857142857142855,11,20,4794.331428571429,0.3,0.7142857142857143,0.2857142857142857,0.0,0.0,0,0,0.0,5828.78,1,1,1.0,6503.71,2,1,0.5,33560.32,7,3,0.42857142857142855,0
LGS2ORD0042267,C011848,2025-12-01 17:00:00,Male,27,Gold,CallCenter,Chiang Mai,639,Lazada,COD,17,12,0,0,20-30,21.3,1.0,1.0,1.0,150,160,819.7,0.28,1.0,1.0,0.0,0.0,0,0,0.0,0.0,0,0,0.0,0.0,0,0,0.0,819.7,1,1,1.0,0
LGS2ORD0042268,C012688,2025-12-01 17:00:00,Male,55,Silver,TV,Remote_Area,602,Web,COD,17,12,0,0,>50,20.066666666666666,5.0,2.0,0.4,157,172,2059.672,0.2,0.4,0.0,0.0,0.0,0,0,0.0,0.0,0,0,0.0,0.0,0,0,0.0,10298.36,5,2,0.4,0
LGS2ORD0042269,C014659,2025-12-01 18:00:00,Female,50,Gold,TV,Khon Kaen,1572,Lazada,COD,18,12,0,0,40-50,52.4,11.0,2.0,0.18181818181818182,103,73,5057.97,0.33,0.36363636363636365,0.45454545454545453,0.0,0.0,0,0,0.0,0.0,0,0,0.0,487.48,1,0,0.0,55637.670000000006,11,2,0.18181818181818182,1
LGS2ORD0042270,C010457,2025-12-01 18:00:00,Male,42,Gold,TV,Bangkok,511,CallCenter,COD,18,12,0,0,40-50,17.033333333333335,9.0,1.0,0.1111111111111111,50,53,9300.321111111109,0.33,0.5555555555555556,0.4444444444444444,0.0,0.0,0,0,0.0,0.0,0,0,0.0,17555.12,1,1,1.0,83702.88999999998,9,1,0.1111111111111111,0
LGS2ORD0042271,C011338,2025-12-01 18:00:00,Female,39,Bronze,TV,Chonburi,1644,Shopee,Credit_Card,18,12,0,0,30-40,54.8,7.0,1.0,0.14285714285714285,220,72,10820.27,0.18,0.5714285714285714,0.0,0.0,0.0,0,0,0.0,0.0,0,0,0.0,10823.3,1,0,0.0,75741.89,7,1,0.14285714285714285,0
LGS2ORD0042272,C013876,2025-12-01 18:00:00,Female,37,Bronze,Shopee,Songkhla,1296,Shopee,COD,18,12,0,0,30-40,43.2,5.0,3.0,0.6,102,111,5637.981999999999,0.28,0.8,0.2,0.0,0.0,0,0,0.0,0.0,0,0,0.0,0.0,0,0,0.0,28189.909999999996,5,3,0.6,0
LGS2ORD0042273,C012864,2025-12-01 18:00:00,Female,56,Bronze,Web,Bangkok,1587,Shopee,COD,18,12,0,0,>50,52.9,4.0,0.0,0.0,-1,57,2837.0200000000004,0.23,0.75,0.25,0.0,0.0,0,0,0.0,0.0,0,0,0.0,8077.16,2,0,0.0,11348.080000000002,4,0,0.0,0
LGS2ORD0042274,C014778,2025-12-01 19:00:00,Male,36,Gold,TV,Songkhla,1551,CallCenter,COD,19,12,0,0,30-40,51.7,1.0,0.0,0.0,-1,200,1828.55,0.18,1.0,0.0,0.0,0.0,0,0,0.0,0.0,0,0,0.0,0.0,0,0,0.0,1828.55,1,0,0.0,1
LGS2ORD0042275,C015868,2025-12-01 19:00:00,Female,29,Bronze,Lazada,Bangkok,1076,Web,COD,19,12,0,0,20-30,35.86666666666667,4.0,0.0,0.0,-1,32,9404.06,0.18,0.75,0.0,0.0,0.0,0,0,0.0,0.0,0,0,0.0,23946.289999999997,2,0,0.0,37616.24,4,0,0.0,0
LGS2ORD0042276,C014308,2025-12-01 19:00:00,Male,48,Bronze,TV,Remote_Area,1359,Lazada,COD,19,12,0,0,40-50,45.3,8.0,2.0,0.25,79,23,8725.151249999999,0.23,0.375,0.375,0.0,0.0,0,0,0.0,9028.54,1,0,0.0,18960.34,3,1,0.3333333333333333,69801.20999999999,8,2,0.25,0
LGS2ORD0042277,C013277,2025-12-01 19:00:00,Female,41,Bronze,TV,Chonburi,869,Web,COD,19,12,0,0,40-50,28.966666666666665,9.0,3.0,0.3333333333333333,-11,0,1724.971111111111,0.23,0.6666666666666666,0.3333333333333333,0.0,1025.56,1,1,1.0,2632.1,2,1,0.5,9263.4,4,3,0.75,15524.74,9,3,0.3333333333333333,1
LGS2ORD0042278,C017374,2025-12-01 19:00:00,Male,48,Bronze,Shopee,Chiang Mai,1630,TV_Show,Bank_Transfer,19,12,0,0,40-50,54.333333333333336,6.0,0.0,0.0,-1,23,3091.6983333333333,0.28,0.16666666666666666,0.5,0.0,0.0,0,0,0.0,13511.880000000001,3,0,0.0,15210.140000000001,4,0,0.0,18550.19,6,0,0.0,1
LGS2ORD0042279,C010265,2025-12-01 20:00:00,Female,48,Silver,Shopee,Nakhon Ratchasima,1179,TV_Show,PromptPay,20,12,0,0,40-50,39.3,1.0,0.0,0.0,-1,92,8561.83,0.05,1.0,0.0,0.0,0.0,0,0,0.0,0.0,0,0,0.0,0.0,0,0,0.0,8561.83,1,0,0.0,0
LGS2ORD0042280,C013526,2025-12-01 20:00:00,Male,39,Gold,CallCenter,Bangkok,406,CallCenter,Credit_Card,20,12,0,0,30-40,13.533333333333333,8.0,2.0,0.25,170,25,2904.1287500000003,0.28,0.375,0.5,0.0,0.0,0,0,0.0,7138.86,1,0,0.0,14042.97,4,0,0.0,23233.030000000002,8,2,0.25,0
LGS2ORD0042281,C014426,2025-12-01 20:00:00,Female,67,Bronze,Shopee,Bangkok,1391,TV_Show,COD,20,12,0,0,>50,46.36666666666667,12.0,2.0,0.16666666666666666,184,3,4168.980833333333,0.28,0.6666666666666666,0.25,0.0,6798.71,1,0,0.0,6798.71,1,0,0.0,17650.62,4,0,0.0,50027.77,12,2,0.16666666666666666,1
LGS2ORD0042282,C017766,2025-12-01 20:00:00,Male,42,Bronze,TV,Chiang Mai,1012,Web,COD,20,12,0,0,40-50,33.733333333333334,8.0,3.0,0.375,0,7,6658.215,0.28,0.625,0.375,0.0,0.0,0,0,0.0,9745.92,2,1,0.5,24806.33,4,2,0.5,53265.72,8,3,0.375,0
LGS2ORD0042283,C013883,2025-12-01 20:00:00,Female,40,Platinum,Lazada,Bangkok,1222,Shopee,COD,20,12,0,0,30-40,40.733333333333334,2.0,1.0,0.5,-7,0,3905.255,0.25,0.0,0.5,0.0,4831.47,1,1,1.0,7810.51,2,1,0.5,7810.51,2,1,0.5,7810.51,2,1,0.5,0
LGS2ORD0042284,C014086,2025-12-01 20:00:00,Male,50,Bronze,Web,Chonburi,1248,TV_Show,Credit_Card,20,12,0,0,40-50,41.6,10.0,2.0,0.2,108,1,5478.081,0.28,0.4,0.1,0.0,3615.31,1,0,0.0,3615.31,1,0,0.0,15432.439999999999,4,0,0.0,54780.81,10,2,0.2,0
LGS2ORD0042285,C016203,2025-12-01 21:00:00,Male,46,Bronze,Shopee,Remote_Area,1571,TV_Show,Credit_Card,21,12,0,0,40-50,52.36666666666667,10.0,1.0,0.1,73,2,2864.01,0.28,0.6,0.4,0.0,1761.09,2,0,0.0,7129.34,3,0,0.0,10790.4,5,1,0.2,28640.100000000002,10,1,0.1,1
LGS2ORD0042286,C011198,2025-12-01 21:00:00,Male,46,Bronze,Shopee,Chonburi,1747,Shopee,PromptPay,21,12,0,0,40-50,58.233333333333334,6.0,2.0,0.3333333333333333,107,27,7836.795000000001,0.18,0.8333333333333334,0.0,0.0,0.0,0,0,0.0,5479.72,1,0,0.0,13727.36,2,0,0.0,47020.770000000004,6,2,0.3333333333333333,1
LGS2ORD0042287,C015899,2025-12-01 21:00:00,Female,62,Bronze,Lazada,Nakhon Ratchasima,1207,Shopee,Credit_Card,21,12,0,0,>50,40.233333333333334,10.0,1.0,0.1,178,50,7370.526999999999,0.28,0.6,0.5,0.0,0.0,0,0,0.0,0.0,0,0,0.0,27136.700000000004,3,0,0.0,73705.26999999999,10,1,0.1,1
LGS2ORD0042288,C017927,2025-12-01 21:00:00,Male,46,Bronze,Lazada,Bangkok,1070,TV_Show,PromptPay,21,12,0,0,40-50,35.666666666666664,6.0,4.0,0.6666666666666666,-5,2,4582.18,0.23,0.5,0.3333333333333333,0.0,1775.2,1,1,1.0,1775.2,1,1,1.0,3621.3500000000004,2,2,1.0,27493.08,6,4,0.6666666666666666,0
LGS2ORD0042289,C013071,2025-12-01 21:00:00,Male,23,Bronze,Lazada,Khon Kaen,1316,TV_Show,COD,21,12,0,0,20-30,43.86666666666667,7.0,3.0,0.42857142857142855,77,34,6533.441428571428,0.28,0.42857142857142855,0.2857142857142857,0.0,0.0,0,0,0.0,0.0,0,0,0.0,28678.16,3,1,0.3333333333333333,45734.09,7,3,0.42857142857142855,1
LGS2ORD0042290,C013901,2025-12-01 22:00:00,Female,21,Bronze,TV,Khon Kaen,1670,Shopee,PromptPay,22,12,0,0,20-30,55.666666666666664,6.0,0.0,0.0,-1,19,3304.5416666666665,0.28,0.6666666666666666,0.3333333333333333,0.0,0.0,0,0,0.0,5187.3,1,0,0.0,12618.25,2,0,0.0,19827.25,6,0,0.0,0
LGS2ORD0042291,C014430,2025-12-01 22:00:00,Male,37,Silver,TV,Bangkok,1576,Web,Credit_Card,22,12,0,0,30-40,52.53333333333333,2.0,0.0,0.0,-1,119,12404.135,0.2,0.0,0.0,0.0,0.0,0,0,0.0,0.0,0,0,0.0,0.0,0,0,0.0,24808.27,2,0,0.0,0
LGS2ORD0042292,C015724,2025-12-01 22:00:00,Female,50,Silver,Shopee,Bangkok,1212,Shopee,Credit_Card,22,12,0,0,40-50,40.4,2.0,0.0,0.0,-1,50,6995.185,0.15,0.0,0.0,0.0,0.0,0,0,0.0,0.0,0,0,0.0,667.09,1,0,0.0,13990.37,2,0,0.0,0
LGS2ORD0042293,C011960,2025-12-01 22:00:00,Male,18,Bronze,Shopee,Chiang Mai,855,TV_Show,Credit_Card,22,12,0,0,<20,28.5,9.0,2.0,0.2222222222222222,67,18,4836.825555555555,0.28,0.2222222222222222,0.2222222222222222,0.0,0.0,0,0,0.0,5117.29,1,0,0.0,6504.7,2,1,0.5,43531.43,9,2,0.2222222222222222,0
LGS2ORD0042294,C013186,2025-12-01 22:00:00,Female,40,Silver,Web,Chonburi,1049,TV_Show,Credit_Card,22,12,0,0,30-40,34.96666666666667,5.0,2.0,0.4,169,14,14288.281999999997,0.2,0.2,0.0,0.0,0.0,0,0,0.0,1718.14,1,0,0.0,2776.87,2,0,0.0,71441.40999999999,5,2,0.4,0
LGS2ORD0042295,C011597,2025-12-01 23:00:00,Female,50,Bronze,Web,Khon Kaen,1697,TV_Show,COD,23,12,0,0,40-50,56.56666666666667,8.0,2.0,0.25,50,30,3156.88625,0.23,0.375,0.125,0.0,0.0,0,0,0.0,0.0,0,0,0.0,7728.61,2,1,0.5,25255.09,8,2,0.25,0
LGS2ORD0042296,C012916,2025-12-01 23:00:00,Male,59,Silver,Web,Bangkok,931,Shopee,COD,23,12,0,0,>50,31.033333333333335,5.0,1.0,0.2,186,0,2652.748,0.25,0.2,0.2,0.0,3366.97,1,0,0.0,3366.97,1,0,0.0,7775.119999999999,2,0,0.0,13263.74,5,1,0.2,0
LGS2ORD0042297,C015331,2025-12-01 23:00:00,Female,30,Bronze,Shopee,Bangkok,626,TV_Show,COD,23,12,0,0,20-30,20.866666666666667,4.0,0.0,0.0,-1,42,6542.99,0.08,0.75,0.0,0.0,0.0,0,0,0.0,0.0,0,0,0.0,3560.75,1,0,0.0,26171.96,4,0,0.0,0
LGS2ORD0042298,C016392,2025-12-01 23:00:00,Female,46,Bronze,Shopee,Bangkok,714,TV_Show,COD,23,12,0,0,40-50,23.8,7.0,0.0,0.0,-1,45,9806.374285714288,0.28,0.7142857142857143,0.42857142857142855,0.0,0.0,0,0,0.0,0.0,0,0,0.0,43450.770000000004,3,0,0.0,68644.62000000001,7,0,0.0,1
LGS2ORD0042299,C014496,2025-12-01 23:00:00,Female,57,Gold,Lazada,Khon Kaen,683,Web,Credit_Card,23,12,0,0,>50,22.766666666666666,7.0,1.0,0.14285714285714285,308,99,8116.702857142857,0.2299999999999999,0.42857142857142855,0.2857142857142857,0.0,0.0,0,0,0.0,0.0,0,0,0.0,0.0,0,0,0.0,56816.92,7,1,0.14285714285714285,0
LGS2ORD0042300,C017071,2025-12-02 00:00:00,Female,47,Bronze,Lazada,Chonburi,360,Lazada,Credit_Card,0,12,1,0,40-50,12.0,7.0,1.0,0.14285714285714285,64,40,9691.271428571428,0.18,0.7142857142857143,0.0,0.0,0.0,0,0,0.0,0.0,0,0,0.0,57333.07000000001,4,1,0.25,67838.9,7,1,0.14285714285714285,0
LGS2ORD0042301,C017551,2025-12-02 00:00:00,Female,32,Silver,Web,Khon Kaen,1574,Lazada,PromptPay,0,12,1,0,30-40,52.46666666666667,2.0,0.0,0.0,-1,53,6017.43,0.1,0.5,0.0,0.0,0.0,0,0,0.0,0.0,0,0,0.0,12034.86,2,0,0.0,12034.86,2,0,0.0,0
LGS2ORD0042302,C016770,2025-12-02 00:00:00,Female,38,Bronze,Shopee,Bangkok,732,Lazada,Bank_Transfer,0,12,1,0,30-40,24.4,4.0,0.0,0.0,-1,125,4236.01,0.23,0.25,0.25,0.0,0.0,0,0,0.0,0.0,0,0,0.0,0.0,0,0,0.0,16944.04,4,0,0.0,0
LGS2ORD0042303,C017456,2025-12-02 00:00:00,Female,28,Gold,Web,Chonburi,1120,Web,Credit_Card,0,12,1,0,20-30,37.333333333333336,3.0,0.0,0.0,-1,31,5305.926666666666,0.28,0.0,1.0,0.0,0.0,0,0,0.0,0.0,0,0,0.0,3308.2799999999997,2,0,0.0,15917.779999999999,3,0,0.0,0
LGS2ORD0042304,C012628,2025-12-02 00:00:00,Male,34,Platinum,Shopee,Bangkok,1033,CallCenter,COD,0,12,1,0,30-40,34.43333333333333,13.0,3.0,0.23076923076923078,0,13,3962.906923076923,0.35,0.46153846153846156,0.6153846153846154,0.0,0.0,0,0,0.0,4249.95,2,2,1.0,11763.11,4,2,0.5,51517.78999999999,13,3,0.23076923076923078,1
LGS2ORD0042305,C011687,2025-12-02 00:00:00,Male,55,Bronze,TV,Chonburi,1186,Lazada,Credit_Card,0,12,1,0,>50,39.53333333333333,5.0,2.0,0.4,5,17,10172.115999999998,0.28,0.2,0.4,0.0,0.0,0,0,0.0,6413.53,1,1,1.0,16900.77,2,1,0.5,50860.579999999994,5,2,0.4,0
LGS2ORD0042306,C010888,2025-12-02 01:00:00,Other,36,Bronze,TV,Bangkok,1378,Lazada,Bank_Transfer,1,12,1,0,30-40,45.93333333333333,10.0,4.0,0.4,121,11,3921.303,0.28,0.7,0.3,0.0,0.0,0,0,0.0,13886.14,3,0,0.0,15302.83,4,0,0.0,39213.03,10,4,0.4,0
LGS2ORD0042307,C015137,2025-12-02 01:00:00,Male,28,Bronze,TV,Bangkok,721,CallCenter,COD,1,12,1,0,20-30,24.033333333333335,1.0,1.0,1.0,141,149,8359.62,0.08,1.0,0.0,0.0,0.0,0,0,0.0,0.0,0,0,0.0,0.0,0,0,0.0,8359.62,1,1,1.0,0
LGS2ORD0042308,C012867,2025-12-02 01:00:00,Other,30,Silver,Shopee,Songkhla,1554,Web,COD,1,12,1,0,20-30,51.8,5.0,2.0,0.4,-3,7,3106.53,0.3,0.8,0.4,0.0,0.0,0,0,0.0,1543.0,1,1,1.0,1543.0,1,1,1.0,15532.650000000001,5,2,0.4,0
LGS2ORD0042309,C016252,2025-12-02 01:00:00,Male,62,Bronze,Shopee,Nakhon Ratchasima,1642,Lazada,COD,1,12,1,0,>50,54.733333333333334,6.0,1.0,0.16666666666666666,249,71,5033.743333333333,0.23,0.6666666666666666,0.5,0.0,0.0,0,0,0.0,0.0,0,0,0.0,3919.11,1,0,0.0,30202.46,6,1,0.16666666666666666,0
LGS2ORD0042310,C015252,2025-12-02 01:00:00,Female,48,Bronze,Web,Chiang Mai,1117,Shopee,COD,1,12,1,0,40-50,37.233333333333334,3.0,1.0,0.3333333333333333,187,132,1969.83,0.28,0.0,0.3333333333333333,0.0,0.0,0,0,0.0,0.0,0,0,0.0,0.0,0,0,0.0,5909.49,3,1,0.3333333333333333,1
LGS2ORD0042311,C016911,2025-12-02 02:00:00,Male,41,Silver,Shopee,Chonburi,1217,Web,Credit_Card,2,12,1,0,40-50,40.56666666666667,7.0,2.0,0.2857142857142857,59,62,13755.395714285714,0.25,0.42857142857142855,0.14285714285714285,0.0,0.0,0,0,0.0,0.0,0,0,0.0,32815.3,1,1,1.0,96287.77,7,2,0.2857142857142857,0
LGS2ORD0042312,C016328,2025-12-02 02:00:00,Female,72,Silver,CallCenter,Remote_Area,585,TV_Show,Bank_Transfer,2,12,1,0,>50,19.5,10.0,3.0,0.3,129,9,6759.485000000001,0.25,0.2,0.1,0.0,0.0,0,0,0.0,5884.15,2,0,0.0,5884.15,2,0,0.0,67594.85,10,3,0.3,0
LGS2ORD0042313,C016138,2025-12-02 02:00:00,Female,66,Silver,TV,Bangkok,1529,CallCenter,Credit_Card,2,12,1,0,>50,50.96666666666667,8.0,2.0,0.25,77,64,4518.83375,0.25,0.625,0.125,0.0,0.0,0,0,0.0,0.0,0,0,0.0,8847.369999999999,3,1,0.3333333333333333,36150.67,8,2,0.25,0
LGS2ORD0042314,C014646,2025-12-02 02:00:00,Male,54,Bronze,TV,Bangkok,524,Lazada,COD,2,12,1,0,>50,17.466666666666665,6.0,2.0,0.3333333333333333,206,33,8317.976666666667,0.18,0.6666666666666666,0.0,0.0,0.0,0,0,0.0,0.0,0,0,0.0,40609.130000000005,2,0,0.0,49907.86,6,2,0.3333333333333333,1
LGS2ORD0042315,C012548,2025-12-02 02:00:00,Female,49,Bronze,Lazada,Bangkok,672,Web,Bank_Transfer,2,12,1,0,40-50,22.4,5.0,1.0,0.2,8,17,1782.22,0.18,0.4,0.0,0.0,0.0,0,0,0.0,2582.48,2,1,0.5,3616.63,4,1,0.25,8911.1,5,1,0.2,0
LGS2ORD0042316,C014096,2025-12-02 03:00:00,Male,26,Silver,TV,Khon Kaen,732,TV_Show,COD,3,12,1,0,20-30,24.4,3.0,1.0,0.3333333333333333,285,187,12228.14,0.3,0.3333333333333333,0.3333333333333333,0.0,0.0,0,0,0.0,0.0,0,0,0.0,0.0,0,0,0.0,36684.42,3,1,0.3333333333333333,1
LGS2ORD0042317,C017591,2025-12-02 03:00:00,Male,49,Bronze,Lazada,Remote_Area,1190,Web,COD,3,12,1,0,40-50,39.666666666666664,8.0,2.0,0.25,6,15,5141.595,0.28,0.125,0.375,0.0,0.0,0,0,0.0,5871.06,1,1,1.0,7056.38,2,1,0.5,41132.76,8,2,0.25,1
LGS2ORD0042318,C011898,2025-12-02 03:00:00,Female,22,Platinum,TV,Bangkok,655,Shopee,PromptPay,3,12,1,0,20-30,21.833333333333332,2.0,0.0,0.0,-1,97,11150.235,0.1,0.5,0.0,0.0,0.0,0,0,0.0,0.0,0,0,0.0,0.0,0,0,0.0,22300.47,2,0,0.0,0
LGS2ORD0042319,C017475,2025-12-02 03:00:00,Female,22,Silver,Shopee,Bangkok,1217,Shopee,COD,3,12,1,0,20-30,40.56666666666667,7.0,0.0,0.0,-1,48,7267.772857142858,0.3,0.42857142857142855,0.14285714285714285,0.0,0.0,0,0,0.0,0.0,0,0,0.0,28719.620000000003,3,0,0.0,50874.41,7,0,0.0,0
LGS2ORD0042320,C010484,2025-12-02 03:00:00,Male,32,Silver,Lazada,Chonburi,1746,TV_Show,COD,3,12,1,0,30-40,58.2,2.0,1.0,0.5,140,145,2671.255,0.25,0.5,0.5,0.0,0.0,0,0,0.0,0.0,0,0,0.0,0.0,0,0,0.0,5342.51,2,1,0.5,0
LGS2ORD0042321,C010223,2025-12-02 04:00:00,Male,43,Bronze,TV,Remote_Area,1244,Web,Credit_Card,4,12,1,0,40-50,41.46666666666667,8.0,6.0,0.75,96,102,9882.61375,0.23,0.875,0.125,0.0,0.0,0,0,0.0,0.0,0,0,0.0,0.0,0,0,0.0,79060.91,8,6,0.75,1
LGS2ORD0042322,C017875,2025-12-02 04:00:00,Female,41,Bronze,TV,Songkhla,592,TV_Show,COD,4,12,1,0,40-50,19.733333333333334,5.0,2.0,0.4,94,7,3874.1520000000005,0.23,0.4,0.4,0.0,0.0,0,0,0.0,5492.6,1,0,0.0,5492.6,1,0,0.0,19370.760000000002,5,2,0.4,0
LGS2ORD0042323,C010397,2025-12-02 04:00:00,Male,34,Bronze,Web,Nakhon Ratchasima,400,Web,Bank_Transfer,4,12,1,0,30-40,13.333333333333334,8.0,1.0,0.125,100,68,2706.54625,0.28,0.5,0.25,0.0,0.0,0,0,0.0,0.0,0,0,0.0,3886.77,1,0,0.0,21652.37,8,1,0.125,0
LGS2ORD0042324,C011077,2025-12-02 04:00:00,Female,71,Bronze,Shopee,Chonburi,1281,Lazada,COD,4,12,1,0,>50,42.7,10.0,0.0,0.0,-1,41,2929.7519999999995,0.28,0.9,0.1,0.0,0.0,0,0,0.0,0.0,0,0,0.0,11201.169999999998,2,0,0.0,29297.519999999997,10,0,0.0,0
LGS2ORD0042325,C010956,2025-12-02 04:00:00,Female,27,Gold,Web,Phuket,577,Shopee,Credit_Card,4,12,1,0,20-30,19.233333333333334,6.0,4.0,0.6666666666666666,0,12,3214.228333333333,0.33,0.5,0.5,0.0,0.0,0,0,0.0,1900.19,1,1,1.0,5156.610000000001,2,1,0.5,19285.37,6,4,0.6666666666666666,0
LGS2ORD0042326,C016433,2025-12-02 04:00:00,Male,51,Gold,Shopee,Chiang Mai,923,CallCenter,COD,4,12,1,0,>50,30.766666666666666,5.0,3.0,0.6,94,102,9306.210000000001,0.33,0.2,0.8,0.0,0.0,0,0,0.0,0.0,0,0,0.0,0.0,0,0,0.0,46531.05,5,3,0.6,0
LGS2ORD0042327,C011348,2025-12-02 05:00:00,Female,41,Platinum,Shopee,Chiang Mai,1717,Web,COD,5,12,1,0,40-50,57.233333333333334,4.0,1.0,0.25,254,96,3260.36,0.25,0.5,0.25,0.0,0.0,0,0,0.0,0.0,0,0,0.0,0.0,0,0,0.0,13041.44,4,1,0.25,0
LGS2ORD0042328,C012998,2025-12-02 05:00:00,Male,40,Silver,CallCenter,Bangkok,932,Web,Bank_Transfer,5,12,1,0,30-40,31.066666666666666,4.0,0.0,0.0,-1,41,1428.965,0.25,0.5,0.5,0.0,0.0,0,0,0.0,0.0,0,0,0.0,1470.69,2,0,0.0,5715.86,4,0,0.0,1
LGS2ORD0042329,C015714,2025-12-02 05:00:00,Male,35,Platinum,Web,Khon Kaen,1195,Shopee,COD,5,12,1,0,30-40,39.833333333333336,4.0,1.0,0.25,266,104,7572.162499999999,0.3,0.75,0.5,0.0,0.0,0,0,0.0,0.0,0,0,0.0,0.0,0,0,0.0,30288.649999999998,4,1,0.25,0
LGS2ORD0042330,C015180,2025-12-02 05:00:00,Male,44,Platinum,Shopee,Remote_Area,1094,TV_Show,COD,5,12,1,0,40-50,36.46666666666667,5.0,3.0,0.6,33,38,5798.4839999999995,0.3,0.6,0.6,0.0,0.0,0,0,0.0,0.0,0,0,0.0,772.11,1,1,1.0,28992.42,5,3,0.6,1
LGS2ORD0042331,C012287,2025-12-02 05:00:00,Female,27,Bronze,Web,Bangkok,1337,TV_Show,Credit_Card,5,12,1,0,20-30,44.56666666666667,3.0,0.0,0.0,-1,41,5385.786666666666,0.23,0.0,0.3333333333333333,0.0,0.0,0,0,0.0,0.0,0,0,0.0,1211.31,1,0,0.0,16157.359999999999,3,0,0.0,0
LGS2ORD0042332,C013623,2025-12-02 06:00:00,Female,47,Bronze,TV,Chonburi,1768,Shopee,COD,6,12,1,0,40-50,58.93333333333333,12.0,4.0,0.3333333333333333,96,8,8077.714166666668,0.28,0.6666666666666666,0.4166666666666667,0.0,0.0,0,0,0.0,7724.0,1,0,0.0,10919.11,3,0,0.0,96932.57,12,4,0.3333333333333333,1
LGS2ORD0042333,C012761,2025-12-02 06:00:00,Male,46,Bronze,Web,Chiang Mai,946,Shopee,Credit_Card,6,12,1,0,40-50,31.533333333333335,2.0,1.0,0.5,202,53,1012.77,0.13,0.5,0.0,0.0,0.0,0,0,0.0,0.0,0,0,0.0,1240.13,1,0,0.0,2025.54,2,1,0.5,0
LGS2ORD0042334,C013148,2025-12-02 06:00:00,Female,28,Bronze,TV,Khon Kaen,440,Web,COD,6,12,1,0,20-30,14.666666666666666,7.0,0.0,0.0,-1,69,5509.817142857143,0.23,0.5714285714285714,0.14285714285714285,0.0,0.0,0,0,0.0,0.0,0,0,0.0,1253.08,1,0,0.0,38568.72,7,0,0.0,0
LGS2ORD0042335,C014647,2025-12-02 06:00:00,Male,38,Silver,Lazada,Remote_Area,1228,Web,PromptPay,6,12,1,0,30-40,40.93333333333333,6.0,1.0,0.16666666666666666,209,10,6578.215,0.3,0.8333333333333334,0.3333333333333333,0.0,0.0,0,0,0.0,1677.0,1,0,0.0,1677.0,1,0,0.0,39469.29,6,1,0.16666666666666666,0
LGS2ORD0042336,C013564,2025-12-02 06:00:00,Female,47,Gold,TV,Chiang Mai,771,Web,COD,6,12,1,0,40-50,25.7,2.0,1.0,0.5,76,87,877.54,0.28,0.0,1.0,0.0,0.0,0,0,0.0,0.0,0,0,0.0,1354.78,1,1,1.0,1755.08,2,1,0.5,0
LGS2ORD0042337,C010624,2025-12-02 07:00:00,Female,64,Bronze,Shopee,Songkhla,1304,Shopee,COD,7,12,1,0,>50,43.46666666666667,6.0,2.0,0.3333333333333333,-11,1,1838.705,0.23,0.8333333333333334,0.16666666666666666,0.0,2035.31,1,1,1.0,2035.31,1,1,1.0,2308.61,2,1,0.5,11032.23,6,2,0.3333333333333333,0
LGS2ORD0042338,C015824,2025-12-02 07:00:00,Male,51,Bronze,Shopee,Nakhon Ratchasima,1156,Shopee,COD,7,12,1,0,>50,38.53333333333333,9.0,5.0,0.5555555555555556,139,95,3812.3055555555557,0.23,0.5555555555555556,0.1111111111111111,0.0,0.0,0,0,0.0,0.0,0,0,0.0,0.0,0,0,0.0,34310.75,9,5,0.5555555555555556,0
LGS2ORD0042339,C010704,2025-12-02 07:00:00,Male,38,Gold,CallCenter,Bangkok,1666,CallCenter,Bank_Transfer,7,12,1,0,30-40,55.53333333333333,6.0,1.0,0.16666666666666666,192,1,2986.593333333333,0.18,0.6666666666666666,0.0,0.0,3530.46,1,0,0.0,3530.46,1,0,0.0,3530.46,1,0,0.0,17919.559999999998,6,1,0.16666666666666666,0
LGS2ORD0042340,C010141,2025-12-02 07:00:00,Female,30,Bronze,Web,Bangkok,457,TV_Show,COD,7,12,1,0,20-30,15.233333333333333,9.0,1.0,0.1111111111111111,263,63,4873.115555555555,0.28,0.4444444444444444,0.4444444444444444,0.0,0.0,0,0,0.0,0.0,0,0,0.0,9952.369999999999,2,0,0.0,43858.03999999999,9,1,0.1111111111111111,1
LGS2ORD0042341,C013416,2025-12-02 07:00:00,Male,43,Bronze,CallCenter,Songkhla,820,Shopee,Bank_Transfer,7,12,1,0,40-50,27.333333333333332,5.0,0.0,0.0,-1,37,2597.09,0.23,0.2,0.2,0.0,0.0,0,0,0.0,0.0,0,0,0.0,5195.99,1,0,0.0,12985.45,5,0,0.0,0
LGS2ORD0042342,C010398,2025-12-02 07:00:00,Female,48,Gold,Web,Chiang Mai,347,Web,PromptPay,7,12,1,0,40-50,11.566666666666666,1.0,0.0,0.0,-1,238,3232.55,0.33,0.0,1.0,0.0,0.0,0,0,0.0,0.0,0,0,0.0,0.0,0,0,0.0,3232.55,1,0,0.0,0
LGS2ORD0042343,C017149,2025-12-02 08:00:00,Female,48,Silver,Web,Bangkok,1284,Lazada,Credit_Card,8,12,1,0,40-50,42.8,6.0,3.0,0.5,96,21,4190.97,0.3,0.5,0.5,0.0,0.0,0,0,0.0,3288.74,1,0,0.0,7985.33,2,0,0.0,25145.82,6,3,0.5,0
LGS2ORD0042344,C012923,2025-12-02 08:00:00,Male,38,Bronze,TV,Chiang Mai,1015,Web,COD,8,12,1,0,30-40,33.833333333333336,5.0,1.0,0.2,59,22,4540.992,0.28,0.4,0.6,0.0,0.0,0,0,0.0,1475.76,1,0,0.0,8933.27,2,1,0.5,22704.96,5,1,0.2,1
LGS2ORD0042345,C011077,2025-12-02 08:00:00,Female,71,Bronze,Shopee,Chonburi,1281,Shopee,COD,8,12,1,0,>50,42.7,11.0,0.0,0.0,-1,0,3805.7218181818175,0.28,0.9090909090909091,0.18181818181818182,0.09090909090909091,12565.42,1,0,0.0,12565.42,1,0,0.0,23766.589999999997,3,0,0.0,41862.939999999995,11,0,0.0,0
LGS2ORD0042346,C012558,2025-12-02 08:00:00,Male,39,Bronze,Lazada,Songkhla,1527,Lazada,COD,8,12,1,0,30-40,50.9,6.0,2.0,0.3333333333333333,147,41,7246.223333333334,0.23,0.3333333333333333,0.3333333333333333,0.0,0.0,0,0,0.0,0.0,0,0,0.0,1820.64,1,0,0.0,43477.340000000004,6,2,0.3333333333333333,0
LGS2ORD0042347,C012495,2025-12-02 08:00:00,Female,38,Silver,Shopee,Nakhon Ratchasima,971,TV_Show,PromptPay,8,12,1,0,30-40,32.36666666666667,5.0,1.0,0.2,202,43,6044.634,0.25,0.8,0.4,0.0,0.0,0,0,0.0,0.0,0,0,0.0,21083.83,2,0,0.0,30223.17,5,1,0.2,0
LGS2ORD0042348,C011898,2025-12-02 09:00:00,Female,22,Platinum,TV,Bangkok,655,CallCenter,COD,9,12,1,0,20-30,21.833333333333332,3.0,0.0,0.0,-1,0,8001.860000000001,0.15,0.3333333333333333,0.0,0.0,1705.11,1,0,0.0,1705.11,1,0,0.0,1705.11,1,0,0.0,24005.58,3,0,0.0,0
LGS2ORD0042349,C014962,2025-12-02 09:00:00,Male,44,Bronze,Shopee,Chiang Mai,1039,Shopee,COD,9,12,1,0,40-50,34.63333333333333,2.0,0.0,0.0,-1,43,1110.955,0.28,0.5,0.5,0.0,0.0,0,0,0.0,0.0,0,0,0.0,1848.26,1,0,0.0,2221.91,2,0,0.0,0
LGS2ORD0042350,C016645,2025-12-02 09:00:00,Male,32,Silver,Lazada,Nakhon Ratchasima,402,Web,PromptPay,9,12,1,0,30-40,13.4,1.0,0.0,0.0,-1,23,16275.4,0.25,1.0,1.0,0.0,0.0,0,0,0.0,16275.4,1,0,0.0,16275.4,1,0,0.0,16275.4,1,0,0.0,0
LGS2ORD0042351,C013806,2025-12-02 09:00:00,Male,41,Silver,Shopee,Bangkok,1541,Shopee,PromptPay,9,12,1,0,40-50,51.36666666666667,4.0,0.0,0.0,-1,121,2845.2275,0.25,0.5,0.5,0.0,0.0,0,0,0.0,0.0,0,0,0.0,0.0,0,0,0.0,11380.91,4,0,0.0,0
LGS2ORD0042352,C017962,2025-12-02 09:00:00,Female,35,Bronze,CallCenter,Khon Kaen,1385,Shopee,Credit_Card,9,12,1,0,30-40,46.166666666666664,8.0,1.0,0.125,208,21,4590.9662499999995,0.28,0.75,0.25,0.0,0.0,0,0,0.0,563.3,1,0,0.0,563.3,1,0,0.0,36727.729999999996,8,1,0.125,0
LGS2ORD0042353,C015593,2025-12-02 10:00:00,Female,38,Silver,Shopee,Chiang Mai,900,TV_Show,COD,10,12,1,0,30-40,30.0,6.0,1.0,0.16666666666666666,291,7,8357.326666666666,0.25,0.6666666666666666,0.16666666666666666,0.0,0.0,0,0,0.0,15251.83,1,0,0.0,15251.83,1,0,0.0,50143.96,6,1,0.16666666666666666,1
LGS2ORD0042354,C011617,2025-12-02 10:00:00,Female,31,Gold,Shopee,Bangkok,1053,TV_Show,PromptPay,10,12,1,0,30-40,35.1,1.0,1.0,1.0,216,230,2460.5,0.13,1.0,0.0,0.0,0.0,0,0,0.0,0.0,0,0,0.0,0.0,0,0,0.0,2460.5,1,1,1.0,0
LGS2ORD0042355,C015047,2025-12-02 10:00:00,Male,33,Silver,CallCenter,Phuket,692,Web,COD,10,12,1,0,30-40,23.066666666666666,7.0,3.0,0.42857142857142855,200,56,3564.6814285714286,0.3,0.7142857142857143,0.5714285714285714,0.0,0.0,0,0,0.0,0.0,0,0,0.0,5521.89,1,0,0.0,24952.77,7,3,0.42857142857142855,0
LGS2ORD0042356,C017486,2025-12-02 10:00:00,Other,54,Bronze,TV,Remote_Area,1425,TV_Show,PromptPay,10,12,1,0,>50,47.5,3.0,1.0,0.3333333333333333,290,19,1725.9766666666667,0.18,0.3333333333333333,0.0,0.0,0.0,0,0,0.0,813.88,1,0,0.0,813.88,1,0,0.0,5177.93,3,1,0.3333333333333333,0
LGS2ORD0042357,C011742,2025-12-02 10:00:00,Female,53,Bronze,Web,Phuket,1102,Shopee,COD,10,12,1,0,>50,36.733333333333334,5.0,2.0,0.4,-9,0,7130.9619999999995,0.08,0.6,0.0,0.0,8349.57,3,1,0.3333333333333333,8349.57,3,1,0.3333333333333333,8349.57,3,1,0.3333333333333333,35654.81,5,2,0.4,0
LGS2ORD0042358,C011063,2025-12-02 11:00:00,Male,18,Gold,Shopee,Nakhon Ratchasima,949,Shopee,COD,11,12,1,0,<20,31.633333333333333,5.0,1.0,0.2,102,110,2315.286,0.28,0.6,0.6,0.0,0.0,0,0,0.0,0.0,0,0,0.0,0.0,0,0,0.0,11576.43,5,1,0.2,0
LGS2ORD0042359,C015134,2025-12-02 11:00:00,Female,37,Bronze,CallCenter,Khon Kaen,679,CallCenter,COD,11,12,1,0,30-40,22.633333333333333,6.0,2.0,0.3333333333333333,12,24,8677.146666666666,0.28,0.8333333333333334,0.3333333333333333,0.0,0.0,0,0,0.0,15551.0,1,1,1.0,27449.309999999998,3,1,0.3333333333333333,52062.88,6,2,0.3333333333333333,1
LGS2ORD0042360,C015782,2025-12-02 11:00:00,Female,51,Bronze,Shopee,Chiang Mai,1129,Shopee,COD,11,12,1,0,>50,37.63333333333333,9.0,4.0,0.4444444444444444,-9,3,3524.485555555556,0.28,0.5555555555555556,0.2222222222222222,0.0,4616.1,1,1,1.0,4616.1,1,1,1.0,8717.37,4,3,0.75,31720.370000000003,9,4,0.4444444444444444,0
LGS2ORD0042361,C010410,2025-12-02 11:00:00,Female,38,Bronze,Lazada,Nakhon Ratchasima,826,Web,COD,11,12,1,0,30-40,27.533333333333335,3.0,1.0,0.3333333333333333,93,103,3146.6633333333334,0.28,0.6666666666666666,0.6666666666666666,0.0,0.0,0,0,0.0,0.0,0,0,0.0,0.0,0,0,0.0,9439.99,3,1,0.3333333333333333,0
LGS2ORD0042362,C013222,2025-12-02 11:00:00,Male,59,Bronze,Web,Chonburi,1541,TV_Show,PromptPay,11,12,1,0,>50,51.36666666666667,4.0,1.0,0.25,315,119,4570.077499999999,0.08,0.0,0.0,0.0,0.0,0,0,0.0,0.0,0,0,0.0,0.0,0,0,0.0,18280.309999999998,4,1,0.25,0
LGS2ORD0042363,C012107,2025-12-02 11:00:00,Female,47,Silver,TV,Remote_Area,1031,Shopee,COD,11,12,1,0,40-50,34.36666666666667,8.0,5.0,0.625,7,12,6850.443749999999,0.2,0.625,0.0,0.0,0.0,0,0,0.0,17637.13,3,2,0.6666666666666666,17637.13,3,2,0.6666666666666666,54803.549999999996,8,5,0.625,0
LGS2ORD0042364,C015413,2025-12-02 12:00:00,Male,25,Silver,Shopee,Phuket,571,CallCenter,Credit_Card,12,12,1,0,20-30,19.033333333333335,4.0,4.0,1.0,-6,6,4204.1325,0.3,0.75,0.5,0.0,801.62,1,1,1.0,801.62,1,1,1.0,5777.24,2,2,1.0,16816.53,4,4,1.0,0
LGS2ORD0042365,C012417,2025-12-02 12:00:00,Female,43,Silver,Web,Bangkok,495,Lazada,COD,12,12,1,0,40-50,16.5,2.0,1.0,0.5,51,62,1286.35,0.2,1.0,0.0,0.0,0.0,0,0,0.0,0.0,0,0,0.0,1608.93,1,1,1.0,2572.7,2,1,0.5,0
LGS2ORD0042366,C013243,2025-12-02 12:00:00,Male,21,Bronze,TV,Bangkok,1526,Lazada,PromptPay,12,12,1,0,20-30,50.86666666666667,5.0,0.0,0.0,-1,17,5261.728,0.23,1.0,0.2,0.0,0.0,0,0,0.0,3817.5,1,0,0.0,3817.5,1,0,0.0,26308.64,5,0,0.0,0
LGS2ORD0042367,C012995,2025-12-02 12:00:00,Male,38,Silver,Lazada,Bangkok,1572,TV_Show,COD,12,12,1,0,30-40,52.4,2.0,1.0,0.5,302,183,6743.27,0.3,0.5,0.5,0.0,0.0,0,0,0.0,0.0,0,0,0.0,0.0,0,0,0.0,13486.54,2,1,0.5,0
LGS2ORD0042368,C015047,2025-12-02 12:00:00,Male,33,Silver,CallCenter,Phuket,692,Web,COD,12,12,1,0,30-40,23.066666666666666,8.0,3.0,0.375,200,0,3223.88625,0.3,0.75,0.625,0.0,838.32,1,0,0.0,838.32,1,0,0.0,6360.21,2,0,0.0,25791.09,8,3,0.375,1
LGS2ORD0042369,C016696,2025-12-02 13:00:00,Female,30,Platinum,Shopee,Phuket,1339,TV_Show,COD,13,12,1,0,20-30,44.63333333333333,7.0,1.0,0.14285714285714285,312,32,3909.3885714285716,0.3,0.2857142857142857,0.5714285714285714,0.0,0.0,0,0,0.0,0.0,0,0,0.0,1707.64,1,0,0.0,27365.72,7,1,0.14285714285714285,0
LGS2ORD0042370,C013727,2025-12-02 13:00:00,Male,41,Bronze,Web,Phuket,1040,Shopee,Credit_Card,13,12,1,0,40-50,34.666666666666664,10.0,6.0,0.6,41,28,3498.0439999999994,0.23,0.9,0.2,0.0,0.0,0,0,0.0,962.66,1,0,0.0,12377.37,4,2,0.5,34980.439999999995,10,6,0.6,0
LGS2ORD0042371,C014590,2025-12-02 13:00:00,Male,53,Silver,Web,Bangkok,1371,TV_Show,COD,13,12,1,0,>50,45.7,3.0,1.0,0.3333333333333333,121,133,3057.7899999999995,0.2,0.6666666666666666,0.0,0.0,0.0,0,0,0.0,0.0,0,0,0.0,0.0,0,0,0.0,9173.369999999999,3,1,0.3333333333333333,1
LGS2ORD0042372,C011887,2025-12-02 13:00:00,Female,56,Gold,CallCenter,Bangkok,1471,Shopee,Bank_Transfer,13,12,1,0,>50,49.03333333333333,9.0,4.0,0.4444444444444444,24,36,6196.240000000001,0.33,0.4444444444444444,0.5555555555555556,0.0,0.0,0,0,0.0,0.0,0,0,0.0,4840.57,3,2,0.6666666666666666,55766.16,9,4,0.4444444444444444,0
LGS2ORD0042373,C015038,2025-12-02 13:00:00,Female,72,Silver,Shopee,Nakhon Ratchasima,1317,Web,PromptPay,13,12,1,0,>50,43.9,8.0,3.0,0.375,5,11,7870.9425,0.25,0.625,0.125,0.0,0.0,0,0,0.0,30969.26,1,1,1.0,42220.509999999995,3,1,0.3333333333333333,62967.54,8,3,0.375,0
LGS2ORD0042374,C016348,2025-12-02 14:00:00,Female,60,Gold,TV,Phuket,1336,Web,Bank_Transfer,14,12,1,0,>50,44.53333333333333,5.0,0.0,0.0,-1,23,4917.552000000001,0.33,0.4,0.6,0.0,0.0,0,0,0.0,887.24,1,0,0.0,887.24,1,0,0.0,24587.760000000002,5,0,0.0,0
LGS2ORD0042375,C014096,2025-12-02 14:00:00,Male,26,Silver,TV,Khon Kaen,732,TV_Show,COD,14,12,1,0,20-30,24.4,4.0,2.0,0.5,-16,0,9875.9475,0.3,0.5,0.5,0.0,2819.37,1,1,1.0,2819.37,1,1,1.0,2819.37,1,1,1.0,39503.79,4,2,0.5,0
LGS2ORD0042376,C016233,2025-12-02 14:00:00,Female,58,Silver,Lazada,Khon Kaen,1608,Web,COD,14,12,1,0,>50,53.6,7.0,1.0,0.14285714285714285,312,66,3132.5385714285717,0.25,0.5714285714285714,0.42857142857142855,0.0,0.0,0,0,0.0,0.0,0,0,0.0,8154.51,2,0,0.0,21927.77,7,1,0.14285714285714285,1
LGS2ORD0042377,C011200,2025-12-02 14:00:00,Male,58,Silver,TV,Chiang Mai,1539,Shopee,Credit_Card,14,12,1,0,>50,51.3,6.0,1.0,0.16666666666666666,67,79,5822.948333333333,0.25,0.5,0.16666666666666666,0.0,0.0,0,0,0.0,0.0,0,0,0.0,3019.58,1,1,1.0,34937.689999999995,6,1,0.16666666666666666,0
LGS2ORD0042378,C015983,2025-12-02 14:00:00,Female,40,Gold,Lazada,Bangkok,1471,Shopee,Credit_Card,14,12,1,0,30-40,49.03333333333333,3.0,1.0,0.3333333333333333,30,14,3772.8300000000004,0.33,0.0,0.3333333333333333,0.0,0.0,0,0,0.0,6855.97,1,0,0.0,10599.560000000001,2,1,0.5,11318.490000000002,3,1,0.3333333333333333,0
LGS2ORD0042379,C017285,2025-12-02 15:00:00,Male,33,Gold,TV,Chiang Mai,741,Lazada,Bank_Transfer,15,12,1,0,30-40,24.7,4.0,0.0,0.0,-1,136,7660.985000000001,0.13,0.75,0.0,0.0,0.0,0,0,0.0,0.0,0,0,0.0,0.0,0,0,0.0,30643.940000000002,4,0,0.0,0
LGS2ORD0042380,C011282,2025-12-02 15:00:00,Male,52,Bronze,Web,Chiang Mai,1220,TV_Show,COD,15,12,1,0,>50,40.666666666666664,8.0,1.0,0.125,245,6,3069.10875,0.28,0.625,0.375,0.0,4897.61,1,0,0.0,4897.61,1,0,0.0,9699.919999999998,3,0,0.0,24552.87,8,1,0.125,0
LGS2ORD0042381,C013512,2025-12-02 15:00:00,Male,32,Platinum,Web,Bangkok,785,TV_Show,COD,15,12,1,0,30-40,26.166666666666668,5.0,0.0,0.0,-1,3,1685.3579999999997,0.25,0.2,0.2,0.0,436.88,1,0,0.0,5429.81,3,0,0.0,5429.81,3,0,0.0,8426.789999999999,5,0,0.0,1
LGS2ORD0042382,C017138,2025-12-02 15:00:00,Female,44,Gold,Shopee,Phuket,1568,CallCenter,Credit_Card,15,12,1,0,40-50,52.266666666666666,3.0,0.0,0.0,-1,281,5256.62,0.28,0.6666666666666666,0.6666666666666666,0.0,0.0,0,0,0.0,0.0,0,0,0.0,0.0,0,0,0.0,15769.86,3,0,0.0,0
LGS2ORD0042383,C011032,2025-12-02 15:00:00,Female,35,Bronze,Shopee,Bangkok,440,Shopee,PromptPay,15,12,1,0,30-40,14.666666666666666,3.0,0.0,0.0,-1,40,3044.1433333333334,0.08,0.0,0.0,0.0,0.0,0,0,0.0,0.0,0,0,0.0,2320.05,1,0,0.0,9132.43,3,0,0.0,0
LGS2ORD0042384,C014384,2025-12-02 15:00:00,Male,49,Silver,Web,Remote_Area,1410,Web,Credit_Card,15,12,1,0,40-50,47.0,4.0,1.0,0.25,123,126,6520.710000000001,0.15,0.75,0.0,0.0,0.0,0,0,0.0,0.0,0,0,0.0,0.0,0,0,0.0,26082.840000000004,4,1,0.25,0
LGS2ORD0042385,C014202,2025-12-02 16:00:00,Other,39,Platinum,Web,Bangkok,798,CallCenter,Credit_Card,16,12,1,0,30-40,26.6,7.0,1.0,0.14285714285714285,-13,2,2665.412857142857,0.35,0.42857142857142855,0.2857142857142857,0.0,1621.92,1,1,1.0,3449.17,2,1,0.5,3449.17,2,1,0.5,18657.89,7,1,0.14285714285714285,0
LGS2ORD0042386,C016029,2025-12-02 16:00:00,Male,43,Silver,Shopee,Khon Kaen,728,Web,COD,16,12,1,0,40-50,24.266666666666666,12.0,3.0,0.25,72,66,2564.1341666666663,0.3,0.75,0.16666666666666666,0.0,0.0,0,0,0.0,0.0,0,0,0.0,8850.93,3,1,0.3333333333333333,30769.609999999997,12,3,0.25,0
LGS2ORD0042387,C010103,2025-12-02 16:00:00,Female,28,Gold,Shopee,Bangkok,760,Web,PromptPay,16,12,1,0,20-30,25.333333333333332,6.0,2.0,0.3333333333333333,34,42,4207.378333333333,0.28,0.5,0.5,0.0,0.0,0,0,0.0,0.0,0,0,0.0,8100.860000000001,2,1,0.5,25244.27,6,2,0.3333333333333333,0
LGS2ORD0042388,C010691,2025-12-02 16:00:00,Female,49,Silver,Web,Nakhon Ratchasima,728,Shopee,COD,16,12,1,0,40-50,24.266666666666666,1.0,0.0,0.0,-1,137,3616.91,0.1,0.0,0.0,0.0,0.0,0,0,0.0,0.0,0,0,0.0,0.0,0,0,0.0,3616.91,1,0,0.0,0
LGS2ORD0042389,C017598,2025-12-02 16:00:00,Male,46,Silver,CallCenter,Chiang Mai,1758,TV_Show,COD,16,12,1,0,40-50,58.6,3.0,1.0,0.3333333333333333,85,98,3473.0733333333333,0.3,0.3333333333333333,0.3333333333333333,0.0,0.0,0,0,0.0,0.0,0,0,0.0,0.0,0,0,0.0,10419.22,3,1,0.3333333333333333,0
LGS2ORD0042390,C014498,2025-12-02 17:00:00,Female,53,Silver,Web,Khon Kaen,770,Web,PromptPay,17,12,1,0,>50,25.666666666666668,5.0,1.0,0.2,70,76,8642.748,0.25,0.6,0.4,0.0,0.0,0,0,0.0,0.0,0,0,0.0,10389.28,1,1,1.0,43213.74,5,1,0.2,1
LGS2ORD0042391,C013213,2025-12-02 17:00:00,Female,53,Bronze,Web,Songkhla,1597,Web,COD,17,12,1,0,>50,53.233333333333334,9.0,6.0,0.6666666666666666,4,8,6557.205555555556,0.28,0.5555555555555556,0.4444444444444444,0.0,0.0,0,0,0.0,2565.69,1,1,1.0,11926.61,2,2,1.0,59014.850000000006,9,6,0.6666666666666666,0
LGS2ORD0042392,C010054,2025-12-02 17:00:00,Female,24,Silver,Web,Chonburi,677,TV_Show,COD,17,12,1,0,20-30,22.566666666666666,9.0,1.0,0.1111111111111111,202,47,3121.1133333333332,0.3,0.5555555555555556,0.3333333333333333,0.0,0.0,0,0,0.0,0.0,0,0,0.0,4102.89,2,0,0.0,28090.02,9,1,0.1111111111111111,0
LGS2ORD0042393,C017015,2025-12-02 17:00:00,Male,47,Bronze,Web,Bangkok,1032,TV_Show,Credit_Card,17,12,1,0,40-50,34.4,6.0,3.0,0.5,12,20,3834.9133333333334,0.28,0.5,0.16666666666666666,0.0,0.0,0,0,0.0,6587.11,1,1,1.0,10918.4,2,1,0.5,23009.48,6,3,0.5,1
LGS2ORD0042394,C015661,2025-12-02 17:00:00,Female,54,Bronze,Shopee,Nakhon Ratchasima,1184,Shopee,COD,17,12,1,0,>50,39.46666666666667,7.0,1.0,0.14285714285714285,8,17,2610.638571428571,0.28,0.8571428571428571,0.2857142857142857,0.0,0.0,0,0,0.0,1302.26,1,1,1.0,4249.6,2,1,0.5,18274.469999999998,7,1,0.14285714285714285,1
LGS2ORD0042395,C011789,2025-12-02 18:00:00,Other,40,Bronze,Shopee,Khon Kaen,1081,Web,Credit_Card,18,12,1,0,30-40,36.03333333333333,7.0,0.0,0.0,-1,6,7193.228571428571,0.23,0.5714285714285714,0.2857142857142857,0.0,564.35,1,0,0.0,5790.620000000001,2,0,0.0,9256.640000000001,3,0,0.0,50352.6,7,0,0.0,1
LGS2ORD0042396,C016038,2025-12-02 18:00:00,Female,41,Gold,TV,Khon Kaen,972,Lazada,Credit_Card,18,12,1,0,40-50,32.4,5.0,1.0,0.2,32,8,4510.486,0.13,0.8,0.0,0.0,0.0,0,0,0.0,1225.57,1,0,0.0,15523.789999999999,3,1,0.3333333333333333,22552.43,5,1,0.2,0
LGS2ORD0042397,C014728,2025-12-02 18:00:00,Male,34,Bronze,TV,Remote_Area,559,Lazada,Credit_Card,18,12,1,0,30-40,18.633333333333333,12.0,3.0,0.25,110,39,7322.174166666668,0.18,0.4166666666666667,0.0,0.0,0.0,0,0,0.0,0.0,0,0,0.0,3912.09,1,0,0.0,87866.09000000001,12,3,0.25,0
LGS2ORD0042398,C010164,2025-12-02 18:00:00,Female,33,Platinum,TV,Chiang Mai,685,Lazada,COD,18,12,1,0,30-40,22.833333333333332,5.0,3.0,0.6,98,38,1597.67,0.25,0.6,0.6,0.0,0.0,0,0,0.0,0.0,0,0,0.0,1102.52,1,0,0.0,7988.35,5,3,0.6,0
LGS2ORD0042399,C011652,2025-12-02 18:00:00,Male,63,Bronze,Lazada,Chonburi,1756,Lazada,PromptPay,18,12,1,0,>50,58.53333333333333,2.0,2.0,1.0,147,161,5181.4,0.08,0.5,0.0,0.0,0.0,0,0,0.0,0.0,0,0,0.0,0.0,0,0,0.0,10362.8,2,2,1.0,0
LGS2ORD0042400,C015421,2025-12-02 19:00:00,Other,32,Platinum,Shopee,Phuket,1180,TV_Show,Bank_Transfer,19,12,1,0,30-40,39.333333333333336,9.0,4.0,0.4444444444444444,138,94,2670.375555555556,0.35,0.7777777777777778,0.8888888888888888,0.0,0.0,0,0,0.0,0.0,0,0,0.0,0.0,0,0,0.0,24033.38,9,4,0.4444444444444444,0
LGS2ORD0042401,C013080,2025-12-02 19:00:00,Male,69,Bronze,Web,Chonburi,1047,Web,COD,19,12,1,0,>50,34.9,7.0,2.0,0.2857142857142857,108,27,2902.52,0.23,0.7142857142857143,0.2857142857142857,0.0,0.0,0,0,0.0,1318.37,1,0,0.0,1318.37,1,0,0.0,20317.64,7,2,0.2857142857142857,0
LGS2ORD0042402,C013335,2025-12-02 19:00:00,Male,45,Platinum,Lazada,Remote_Area,1368,Web,COD,19,12,1,0,40-50,45.6,8.0,3.0,0.375,55,60,5187.157499999999,0.35,0.625,0.25,0.0,0.0,0,0,0.0,0.0,0,0,0.0,12313.06,2,2,1.0,41497.259999999995,8,3,0.375,0
LGS2ORD0042403,C011006,2025-12-02 19:00:00,Female,30,Bronze,Shopee,Remote_Area,1199,TV_Show,COD,19,12,1,0,20-30,39.96666666666667,9.0,1.0,0.1111111111111111,240,6,4352.457777777778,0.23,0.5555555555555556,0.3333333333333333,0.0,926.78,1,0,0.0,7820.25,2,0,0.0,10711.000000000002,4,0,0.0,39172.119999999995,9,1,0.1111111111111111,0
LGS2ORD0042404,C012053,2025-12-02 19:00:00,Male,28,Gold,Web,Bangkok,416,Web,Credit_Card,19,12,1,0,20-30,13.866666666666667,1.0,1.0,1.0,140,146,4503.98,0.13,0.0,0.0,0.0,0.0,0,0,0.0,0.0,0,0,0.0,0.0,0,0,0.0,4503.98,1,1,1.0,0
LGS2ORD0042405,C016169,2025-12-02 19:00:00,Female,59,Bronze,TV,Bangkok,991,Web,COD,19,12,1,0,>50,33.03333333333333,6.0,1.0,0.16666666666666666,13,15,4367.721666666666,0.28,0.6666666666666666,0.16666666666666666,0.0,0.0,0,0,0.0,14782.3,2,1,0.5,17110.96,3,1,0.3333333333333333,26206.329999999998,6,1,0.16666666666666666,0
LGS2ORD0042406,C015595,2025-12-02 20:00:00,Female,30,Bronze,CallCenter,Bangkok,604,Web,COD,20,12,1,0,20-30,20.133333333333333,3.0,1.0,0.3333333333333333,178,91,9323.486666666666,0.18,0.6666666666666666,0.0,0.0,0.0,0,0,0.0,0.0,0,0,0.0,0.0,0,0,0.0,27970.46,3,1,0.3333333333333333,0
LGS2ORD0042407,C017879,2025-12-02 20:00:00,Female,39,Bronze,Shopee,Chiang Mai,583,CallCenter,COD,20,12,1,0,30-40,19.433333333333334,7.0,0.0,0.0,-1,27,6194.5314285714285,0.23,0.5714285714285714,0.42857142857142855,0.0,0.0,0,0,0.0,7967.89,1,0,0.0,23159.73,4,0,0.0,43361.72,7,0,0.0,0
LGS2ORD0042408,C017804,2025-12-02 20:00:00,Female,46,Silver,Shopee,Phuket,507,CallCenter,COD,20,12,1,0,40-50,16.9,3.0,2.0,0.6666666666666666,146,158,2208.99,0.25,0.0,0.3333333333333333,0.0,0.0,0,0,0.0,0.0,0,0,0.0,0.0,0,0,0.0,6626.969999999999,3,2,0.6666666666666666,1
LGS2ORD0042409,C015843,2025-12-02 20:00:00,Male,48,Bronze,Shopee,Songkhla,981,Shopee,Bank_Transfer,20,12,1,0,40-50,32.7,6.0,4.0,0.6666666666666666,96,108,5838.661666666667,0.28,0.3333333333333333,0.16666666666666666,0.0,0.0,0,0,0.0,0.0,0,0,0.0,0.0,0,0,0.0,35031.97,6,4,0.6666666666666666,0
LGS2ORD0042410,C015682,2025-12-02 20:00:00,Male,33,Silver,Shopee,Songkhla,1021,TV_Show,Bank_Transfer,20,12,1,0,30-40,34.03333333333333,7.0,2.0,0.2857142857142857,3,1,4841.594285714286,0.3,0.42857142857142855,0.2857142857142857,0.0,5300.04,1,0,0.0,5951.54,2,1,0.5,5951.54,2,1,0.5,33891.16,7,2,0.2857142857142857,0
LGS2ORD0042411,C013682,2025-12-02 21:00:00,Other,30,Silver,Web,Songkhla,1110,Shopee,COD,21,12,1,0,20-30,37.0,8.0,2.0,0.25,101,61,8109.366250000001,0.25,0.625,0.125,0.0,0.0,0,0,0.0,0.0,0,0,0.0,28945.300000000003,3,0,0.0,64874.93000000001,8,2,0.25,1
LGS2ORD0042412,C016603,2025-12-02 21:00:00,Female,36,Bronze,Web,Remote_Area,999,Lazada,COD,21,12,1,0,30-40,33.3,7.0,1.0,0.14285714285714285,66,81,9690.20857142857,0.23,0.42857142857142855,0.14285714285714285,0.0,0.0,0,0,0.0,0.0,0,0,0.0,498.29,1,1,1.0,67831.45999999999,7,1,0.14285714285714285,0
LGS2ORD0042413,C017029,2025-12-02 21:00:00,Female,56,Silver,Shopee,Remote_Area,1073,TV_Show,COD,21,12,1,0,>50,35.766666666666666,8.0,5.0,0.625,3,11,7513.8375,0.3,0.625,0.25,0.0,0.0,0,0,0.0,13569.09,3,2,0.6666666666666666,15514.970000000001,5,4,0.8,60110.7,8,5,0.625,0
LGS2ORD0042414,C015584,2025-12-02 21:00:00,Other,31,Silver,Shopee,Bangkok,1327,Shopee,COD,21,12,1,0,30-40,44.233333333333334,4.0,2.0,0.5,33,42,2375.5825,0.3,0.5,0.5,0.0,0.0,0,0,0.0,0.0,0,0,0.0,3943.91,1,1,1.0,9502.33,4,2,0.5,0
LGS2ORD0042415,C017823,2025-12-02 21:00:00,Male,44,Gold,Lazada,Khon Kaen,801,Lazada,COD,21,12,1,0,40-50,26.7,7.0,0.0,0.0,-1,21,6439.5199999999995,0.33,0.2857142857142857,0.2857142857142857,0.0,0.0,0,0,0.0,1751.59,1,0,0.0,1751.59,1,0,0.0,45076.64,7,0,0.0,1
LGS2ORD0042416,C017672,2025-12-02 22:00:00,Male,50,Silver,Shopee,Songkhla,789,Web,Credit_Card,22,12,1,0,40-50,26.3,3.0,2.0,0.6666666666666666,164,171,2276.3866666666668,0.3,0.6666666666666666,0.6666666666666666,0.0,0.0,0,0,0.0,0.0,0,0,0.0,0.0,0,0,0.0,6829.16,3,2,0.6666666666666666,0
LGS2ORD0042417,C010012,2025-12-02 22:00:00,Male,54,Bronze,Web,Songkhla,407,TV_Show,COD,22,12,1,0,>50,13.566666666666666,5.0,0.0,0.0,-1,21,11420.98,0.18,0.4,0.0,0.0,0.0,0,0,0.0,10784.15,1,0,0.0,10784.15,1,0,0.0,57104.9,5,0,0.0,1
LGS2ORD0042418,C010166,2025-12-02 22:00:00,Female,33,Gold,Shopee,Phuket,1053,Web,PromptPay,22,12,1,0,30-40,35.1,4.0,1.0,0.25,219,57,9125.7875,0.28,0.5,0.5,0.0,0.0,0,0,0.0,0.0,0,0,0.0,2486.0,1,0,0.0,36503.15,4,1,0.25,0
LGS2ORD0042419,C011768,2025-12-02 22:00:00,Male,31,Bronze,Lazada,Songkhla,1394,CallCenter,PromptPay,22,12,1,0,30-40,46.46666666666667,10.0,2.0,0.2,139,34,4229.579,0.28,0.6,0.3,0.0,0.0,0,0,0.0,0.0,0,0,0.0,980.52,1,0,0.0,42295.79,10,2,0.2,1
LGS2ORD0042420,C011871,2025-12-02 22:00:00,Male,35,Bronze,Web,Remote_Area,869,Shopee,COD,22,12,1,0,30-40,28.966666666666665,3.0,1.0,0.3333333333333333,78,91,1553.0600000000002,0.28,0.0,0.3333333333333333,0.0,0.0,0,0,0.0,0.0,0,0,0.0,0.0,0,0,0.0,4659.18,3,1,0.3333333333333333,1
LGS2ORD0042421,C015585,2025-12-02 23:00:00,Female,60,Bronze,TV,Bangkok,814,Lazada,COD,23,12,1,0,>50,27.133333333333333,8.0,2.0,0.25,42,23,6315.41625,0.23,0.625,0.125,0.0,0.0,0,0,0.0,7465.31,1,0,0.0,17821.0,4,1,0.25,50523.33,8,2,0.25,0
LGS2ORD0042422,C016889,2025-12-02 23:00:00,Male,47,Bronze,Shopee,Chonburi,908,Web,COD,23,12,1,0,40-50,30.266666666666666,8.0,0.0,0.0,-1,98,2093.89125,0.18,0.25,0.0,0.0,0.0,0,0,0.0,0.0,0,0,0.0,0.0,0,0,0.0,16751.13,8,0,0.0,0
LGS2ORD0042423,C016947,2025-12-02 23:00:00,Female,39,Bronze,CallCenter,Bangkok,1307,TV_Show,COD,23,12,1,0,30-40,43.56666666666667,11.0,3.0,0.2727272727272727,101,37,5843.3781818181815,0.23,0.6363636363636364,0.45454545454545453,0.0,0.0,0,0,0.0,0.0,0,0,0.0,6353.46,1,0,0.0,64277.159999999996,11,3,0.2727272727272727,0
LGS2ORD0042424,C011349,2025-12-02 23:00:00,Male,32,Bronze,TV,Bangkok,1550,Web,COD,23,12,1,0,30-40,51.666666666666664,7.0,2.0,0.2857142857142857,8,23,3881.434285714286,0.23,0.42857142857142855,0.2857142857142857,0.0,0.0,0,0,0.0,11740.66,1,1,1.0,15089.13,2,1,0.5,27170.04,7,2,0.2857142857142857,0
LGS2ORD0042425,C016472,2025-12-02 23:00:00,Male,33,Platinum,Web,Bangkok,925,TV_Show,Credit_Card,23,12,1,0,30-40,30.833333333333332,5.0,0.0,0.0,-1,193,5723.682,0.25,0.2,0.6,0.0,0.0,0,0,0.0,0.0,0,0,0.0,0.0,0,0,0.0,28618.41,5,0,0.0,0
LGS2ORD0042426,C013029,2025-12-02 23:00:00,Male,44,Platinum,Lazada,Bangkok,506,Web,COD,23,12,1,0,40-50,16.866666666666667,3.0,0.0,0.0,-1,31,3782.4033333333336,0.3,0.3333333333333333,0.3333333333333333,0.0,0.0,0,0,0.0,0.0,0,0,0.0,756.92,1,0,0.0,11347.210000000001,3,0,0.0,0
LGS2ORD0042427,C010404,2025-12-03 00:00:00,Male,27,Silver,CallCenter,Phuket,1717,TV_Show,COD,0,12,2,0,20-30,57.233333333333334,4.0,3.0,0.75,82,87,8212.380000000001,0.3,0.5,0.5,0.0,0.0,0,0,0.0,0.0,0,0,0.0,1907.55,1,1,1.0,32849.520000000004,4,3,0.75,1
LGS2ORD0042428,C014883,2025-12-03 00:00:00,Female,42,Platinum,TV,Chiang Mai,587,Shopee,PromptPay,0,12,2,0,40-50,19.566666666666666,3.0,1.0,0.3333333333333333,203,200,1099.0833333333333,0.3,0.3333333333333333,0.6666666666666666,0.0,0.0,0,0,0.0,0.0,0,0,0.0,0.0,0,0,0.0,3297.25,3,1,0.3333333333333333,0
LGS2ORD0042429,C016594,2025-12-03 00:00:00,Female,43,Bronze,Lazada,Nakhon Ratchasima,1628,TV_Show,COD,0,12,2,0,40-50,54.266666666666666,8.0,1.0,0.125,163,5,8153.585,0.28,0.625,0.375,0.0,2553.11,1,0,0.0,2553.11,1,0,0.0,2553.11,1,0,0.0,65228.68,8,1,0.125,0
LGS2ORD0042430,C015974,2025-12-03 00:00:00,Male,41,Platinum,Web,Chonburi,980,Web,COD,0,12,2,0,40-50,32.666666666666664,4.0,1.0,0.25,226,153,14571.01,0.35,0.25,1.0,0.0,0.0,0,0,0.0,0.0,0,0,0.0,0.0,0,0,0.0,58284.04,4,1,0.25,0
LGS2ORD0042431,C015473,2025-12-03 00:00:00,Male,31,Bronze,Web,Chonburi,1004,TV_Show,COD,0,12,2,0,30-40,33.46666666666667,5.0,2.0,0.4,253,74,7796.086,0.28,0.6,0.4,0.0,0.0,0,0,0.0,0.0,0,0,0.0,6137.37,1,0,0.0,38980.43,5,2,0.4,0
LGS2ORD0042432,C014190,2025-12-03 01:00:00,Female,39,Silver,CallCenter,Chiang Mai,1170,Shopee,COD,1,12,2,0,30-40,39.0,1.0,0.0,0.0,-1,220,1433.0,0.2,0.0,0.0,0.0,0.0,0,0,0.0,0.0,0,0,0.0,0.0,0,0,0.0,1433.0,1,0,0.0,0
LGS2ORD0042433,C013214,2025-12-03 01:00:00,Male,41,Platinum,Web,Songkhla,1513,Lazada,COD,1,12,2,0,40-50,50.43333333333333,7.0,2.0,0.2857142857142857,107,27,13897.06857142857,0.3,0.7142857142857143,0.2857142857142857,0.0,0.0,0,0,0.0,21346.52,1,0,0.0,34286.18,2,0,0.0,97279.48,7,2,0.2857142857142857,1
LGS2ORD0042434,C011675,2025-12-03 01:00:00,Male,46,Bronze,Lazada,Nakhon Ratchasima,1507,CallCenter,Credit_Card,1,12,2,0,40-50,50.233333333333334,5.0,2.0,0.4,63,77,8636.577999999998,0.18,0.8,0.0,0.0,0.0,0,0,0.0,0.0,0,0,0.0,1430.34,1,1,1.0,43182.88999999999,5,2,0.4,0
LGS2ORD0042435,C011552,2025-12-03 01:00:00,Female,45,Gold,TV,Nakhon Ratchasima,1090,CallCenter,Credit_Card,1,12,2,0,40-50,36.333333333333336,3.0,0.0,0.0,-1,25,5056.1033333333335,0.2299999999999999,0.3333333333333333,0.3333333333333333,0.0,0.0,0,0,0.0,308.67,1,0,0.0,308.67,1,0,0.0,15168.31,3,0,0.0,0
LGS2ORD0042436,C014556,2025-12-03 01:00:00,Female,54,Silver,TV,Bangkok,1320,Shopee,COD,1,12,2,0,>50,44.0,3.0,0.0,0.0,-1,2,2479.9733333333334,0.25,0.6666666666666666,0.3333333333333333,0.0,5187.8,1,0,0.0,5187.8,1,0,0.0,5674.57,2,0,0.0,7439.92,3,0,0.0,0
LGS2ORD0042437,C013359,2025-12-03 02:00:00,Female,30,Platinum,Web,Songkhla,1100,CallCenter,PromptPay,2,12,2,0,20-30,36.666666666666664,3.0,0.0,0.0,-1,24,4244.623333333334,0.25,0.3333333333333333,0.3333333333333333,0.0,0.0,0,0,0.0,3718.19,1,0,0.0,3718.19,1,0,0.0,12733.87,3,0,0.0,0
LGS2ORD0042438,C017802,2025-12-03 02:00:00,Female,42,Bronze,TV,Remote_Area,1755,Shopee,Bank_Transfer,2,12,2,0,40-50,58.5,11.0,4.0,0.36363636363636365,35,37,7693.77,0.28,0.8181818181818182,0.2727272727272727,0.0,0.0,0,0,0.0,0.0,0,0,0.0,35361.45,3,1,0.3333333333333333,84631.47,11,4,0.36363636363636365,0
LGS2ORD0042439,C016712,2025-12-03 02:00:00,Male,30,Platinum,Web,Chiang Mai,1631,Web,PromptPay,2,12,2,0,20-30,54.36666666666667,5.0,3.0,0.6,39,51,8237.045999999998,0.3,0.6,0.4,0.0,0.0,0,0,0.0,0.0,0,0,0.0,16985.66,1,1,1.0,41185.229999999996,5,3,0.6,0
LGS2ORD0042440,C011169,2025-12-03 02:00:00,Female,53,Bronze,TV,Chiang Mai,953,Lazada,COD,2,12,2,0,>50,31.766666666666666,10.0,2.0,0.2,204,41,5214.032999999999,0.23,0.6,0.2,0.0,0.0,0,0,0.0,0.0,0,0,0.0,2101.31,1,0,0.0,52140.329999999994,10,2,0.2,0
LGS2ORD0042441,C016587,2025-12-03 02:00:00,Male,47,Bronze,Shopee,Chiang Mai,853,CallCenter,Credit_Card,2,12,2,0,40-50,28.433333333333334,8.0,1.0,0.125,205,42,2805.53875,0.23,0.75,0.125,0.0,0.0,0,0,0.0,0.0,0,0,0.0,6147.37,3,0,0.0,22444.31,8,1,0.125,0
LGS2ORD0042442,C017018,2025-12-03 02:00:00,Male,27,Gold,Lazada,Chonburi,1122,Shopee,COD,2,12,2,0,20-30,37.4,4.0,1.0,0.25,123,133,3594.4024999999997,0.33,0.5,1.0,0.0,0.0,0,0,0.0,0.0,0,0,0.0,0.0,0,0,0.0,14377.609999999999,4,1,0.25,0
LGS2ORD0042443,C011281,2025-12-03 03:00:00,Male,53,Silver,Shopee,Bangkok,1473,Lazada,Credit_Card,3,12,2,0,>50,49.1,4.0,0.0,0.0,-1,244,5897.389999999999,0.1,0.5,0.0,0.0,0.0,0,0,0.0,0.0,0,0,0.0,0.0,0,0,0.0,23589.559999999998,4,0,0.0,0
LGS2ORD0042444,C017266,2025-12-03 03:00:00,Male,37,Bronze,TV,Chonburi,1371,Shopee,Credit_Card,3,12,2,0,30-40,45.7,3.0,0.0,0.0,-1,2,1408.2966666666669,0.23,1.0,0.6666666666666666,0.0,1499.91,1,0,0.0,1499.91,1,0,0.0,1499.91,1,0,0.0,4224.89,3,0,0.0,0
LGS2ORD0042445,C017973,2025-12-03 03:00:00,Female,50,Bronze,CallCenter,Bangkok,1719,Shopee,Credit_Card,3,12,2,0,40-50,57.3,5.0,2.0,0.4,169,29,3457.078,0.23,0.6,0.2,0.0,0.0,0,0,0.0,6875.88,1,0,0.0,6875.88,1,0,0.0,17285.39,5,2,0.4,0
LGS2ORD0042446,C014842,2025-12-03 03:00:00,Male,54,Bronze,Web,Remote_Area,782,Shopee,COD,3,12,2,0,>50,26.066666666666666,4.0,1.0,0.25,112,71,2480.6124999999997,0.18,0.75,0.0,0.0,0.0,0,0,0.0,0.0,0,0,0.0,1664.97,1,0,0.0,9922.449999999999,4,1,0.25,1
LGS2ORD0042447,C014564,2025-12-03 03:00:00,Male,33,Silver,TV,Bangkok,1325,CallCenter,COD,3,12,2,0,30-40,44.166666666666664,7.0,2.0,0.2857142857142857,12,26,6719.924285714286,0.3,1.0,0.42857142857142855,0.0,0.0,0,0,0.0,2157.64,1,1,1.0,2157.64,1,1,1.0,47039.47,7,2,0.2857142857142857,1
LGS2ORD0042448,C013477,2025-12-03 04:00:00,Female,44,Bronze,Lazada,Chonburi,984,TV_Show,COD,4,12,2,0,40-50,32.8,6.0,0.0,0.0,-1,44,4168.525000000001,0.28,0.3333333333333333,0.3333333333333333,0.0,0.0,0,0,0.0,0.0,0,0,0.0,16528.73,3,0,0.0,25011.150000000005,6,0,0.0,1
LGS2ORD0042449,C017215,2025-12-03 04:00:00,Female,43,Bronze,Lazada,Bangkok,1480,Lazada,Bank_Transfer,4,12,2,0,40-50,49.333333333333336,3.0,2.0,0.6666666666666666,4,10,1005.4633333333335,0.18,0.6666666666666666,0.0,0.0,0.0,0,0,0.0,1198.89,1,1,1.0,1655.8200000000002,2,1,0.5,3016.3900000000003,3,2,0.6666666666666666,0
LGS2ORD0042450,C014060,2025-12-03 04:00:00,Female,51,Bronze,Web,Phuket,1434,Web,COD,4,12,2,0,>50,47.8,5.0,2.0,0.4,158,73,3915.6200000000003,0.28,0.0,0.4,0.2,0.0,0,0,0.0,0.0,0,0,0.0,660.47,1,0,0.0,19578.100000000002,5,2,0.4,1
LGS2ORD0042451,C015809,2025-12-03 04:00:00,Female,20,Bronze,Shopee,Bangkok,885,TV_Show,COD,4,12,2,0,<20,29.5,3.0,1.0,0.3333333333333333,220,202,13294.723333333333,0.18,0.3333333333333333,0.0,0.0,0.0,0,0,0.0,0.0,0,0,0.0,0.0,0,0,0.0,39884.17,3,1,0.3333333333333333,0
LGS2ORD0042452,C011667,2025-12-03 04:00:00,Male,41,Bronze,Shopee,Remote_Area,694,Lazada,COD,4,12,2,0,40-50,23.133333333333333,8.0,4.0,0.5,95,72,5324.03875,0.28,0.75,0.375,0.0,0.0,0,0,0.0,0.0,0,0,0.0,1023.9,1,0,0.0,42592.31,8,4,0.5,1
LGS2ORD0042453,C010300,2025-12-03 05:00:00,Female,41,Bronze,TV,Bangkok,1039,Shopee,COD,5,12,2,0,40-50,34.63333333333333,6.0,0.0,0.0,-1,15,3948.283333333333,0.23,0.3333333333333333,0.16666666666666666,0.0,0.0,0,0,0.0,4957.85,2,0,0.0,4957.85,2,0,0.0,23689.699999999997,6,0,0.0,1
LGS2ORD0042454,C015717,2025-12-03 05:00:00,Male,18,Silver,TV,Nakhon Ratchasima,1189,Lazada,Credit_Card,5,12,2,0,<20,39.63333333333333,6.0,1.0,0.16666666666666666,320,23,5077.308333333333,0.25,0.3333333333333333,0.3333333333333333,0.0,0.0,0,0,0.0,24789.710000000003,2,0,0.0,24789.710000000003,2,0,0.0,30463.850000000002,6,1,0.16666666666666666,1
LGS2ORD0042455,C010140,2025-12-03 05:00:00,Female,26,Gold,CallCenter,Songkhla,614,CallCenter,COD,5,12,2,0,20-30,20.466666666666665,5.0,1.0,0.2,283,2,5328.284000000001,0.28,0.8,0.6,0.0,615.22,1,0,0.0,7623.92,2,0,0.0,13595.869999999999,3,0,0.0,26641.420000000002,5,1,0.2,1
LGS2ORD0042456,C016077,2025-12-03 05:00:00,Male,40,Bronze,Web,Bangkok,478,Lazada,COD,5,12,2,0,30-40,15.933333333333334,5.0,2.0,0.4,257,29,7180.6759999999995,0.23,0.2,0.2,0.0,0.0,0,0,0.0,527.11,1,0,0.0,527.11,1,0,0.0,35903.38,5,2,0.4,1
LGS2ORD0042457,C016653,2025-12-03 05:00:00,Female,38,Bronze,CallCenter,Songkhla,443,TV_Show,COD,5,12,2,0,30-40,14.766666666666667,8.0,1.0,0.125,81,53,6839.615000000001,0.28,0.375,0.125,0.0,0.0,0,0,0.0,0.0,0,0,0.0,2485.43,1,0,0.0,54716.920000000006,8,1,0.125,0
LGS2ORD0042458,C011454,2025-12-03 06:00:00,Male,25,Silver,TV,Phuket,1221,CallCenter,Credit_Card,6,12,2,0,20-30,40.7,4.0,1.0,0.25,258,74,3644.925,0.1,0.5,0.0,0.0,0.0,0,0,0.0,0.0,0,0,0.0,8822.52,1,0,0.0,14579.7,4,1,0.25,1
LGS2ORD0042459,C014388,2025-12-03 06:00:00,Female,20,Silver,TV,Nakhon Ratchasima,860,Shopee,Credit_Card,6,12,2,0,<20,28.666666666666668,9.0,2.0,0.2222222222222222,149,53,6425.857777777778,0.3,0.6666666666666666,0.4444444444444444,0.0,0.0,0,0,0.0,0.0,0,0,0.0,6836.35,2,0,0.0,57832.72,9,2,0.2222222222222222,0
LGS2ORD0042460,C016230,2025-12-03 06:00:00,Male,33,Bronze,Shopee,Bangkok,862,CallCenter,Bank_Transfer,6,12,2,0,30-40,28.733333333333334,8.0,0.0,0.0,-1,53,7419.635,0.23,0.5,0.125,0.0,0.0,0,0,0.0,0.0,0,0,0.0,10793.45,2,0,0.0,59357.08,8,0,0.0,1
LGS2ORD0042461,C016537,2025-12-03 06:00:00,Male,56,Bronze,Web,Chonburi,1433,TV_Show,COD,6,12,2,0,>50,47.766666666666666,5.0,0.0,0.0,-1,42,7986.606000000002,0.28,0.4,0.2,0.0,0.0,0,0,0.0,0.0,0,0,0.0,24567.98,2,0,0.0,39933.030000000006,5,0,0.0,1
LGS2ORD0042462,C015151,2025-12-03 06:00:00,Female,43,Gold,TV,Nakhon Ratchasima,449,TV_Show,COD,6,12,2,0,40-50,14.966666666666667,12.0,1.0,0.08333333333333333,254,20,4732.4783333333335,0.28,0.5833333333333334,0.4166666666666667,0.0,0.0,0,0,0.0,9639.92,1,0,0.0,18398.870000000003,2,0,0.0,56789.740000000005,12,1,0.08333333333333333,0
LGS2ORD0042463,C014482,2025-12-03 06:00:00,Female,55,Bronze,Web,Songkhla,580,Web,COD,6,12,2,0,>50,19.333333333333332,11.0,4.0,0.36363636363636365,103,5,2363.8399999999997,0.28,0.7272727272727273,0.45454545454545453,0.0,1540.87,1,0,0.0,3062.87,2,0,0.0,3062.87,2,0,0.0,26002.239999999998,11,4,0.36363636363636365,0
LGS2ORD0042464,C017834,2025-12-03 07:00:00,Male,36,Platinum,Web,Khon Kaen,571,Lazada,Bank_Transfer,7,12,2,0,30-40,19.033333333333335,1.0,0.0,0.0,-1,236,1042.11,0.1,1.0,0.0,0.0,0.0,0,0,0.0,0.0,0,0,0.0,0.0,0,0,0.0,1042.11,1,0,0.0,1
LGS2ORD0042465,C015775,2025-12-03 07:00:00,Female,49,Gold,Web,Chonburi,1373,Web,Credit_Card,7,12,2,0,40-50,45.766666666666666,2.0,1.0,0.5,296,298,1340.5349999999999,0.28,1.0,0.5,0.0,0.0,0,0,0.0,0.0,0,0,0.0,0.0,0,0,0.0,2681.0699999999997,2,1,0.5,0
LGS2ORD0042466,C011412,2025-12-03 07:00:00,Female,18,Silver,TV,Chiang Mai,1282,TV_Show,PromptPay,7,12,2,0,<20,42.733333333333334,4.0,1.0,0.25,203,33,1869.7225,0.3,0.5,0.5,0.0,0.0,0,0,0.0,0.0,0,0,0.0,930.0,2,0,0.0,7478.89,4,1,0.25,0
LGS2ORD0042467,C013908,2025-12-03 07:00:00,Male,42,Silver,Web,Khon Kaen,651,Shopee,Credit_Card,7,12,2,0,40-50,21.7,3.0,0.0,0.0,-1,81,2450.07,0.3,0.6666666666666666,0.3333333333333333,0.0,0.0,0,0,0.0,0.0,0,0,0.0,6418.35,2,0,0.0,7350.21,3,0,0.0,0
LGS2ORD0042468,C011531,2025-12-03 07:00:00,Male,53,Silver,TV,Remote_Area,1616,TV_Show,COD,7,12,2,0,>50,53.86666666666667,6.0,2.0,0.3333333333333333,66,8,3319.4966666666674,0.2,0.3333333333333333,0.0,0.0,0.0,0,0,0.0,2237.27,1,0,0.0,3899.33,2,1,0.5,19916.980000000003,6,2,0.3333333333333333,1
LGS2ORD0042469,C016729,2025-12-03 08:00:00,Male,43,Silver,Web,Bangkok,524,Shopee,PromptPay,8,12,2,0,40-50,17.466666666666665,8.0,0.0,0.0,-1,2,5690.8925,0.3,0.375,0.5,0.0,9501.89,1,0,0.0,9501.89,1,0,0.0,15883.81,2,0,0.0,45527.14,8,0,0.0,0
LGS2ORD0042470,C013953,2025-12-03 08:00:00,Female,36,Gold,Web,Chiang Mai,972,Shopee,COD,8,12,2,0,30-40,32.4,6.0,1.0,0.16666666666666666,203,99,4653.166666666666,0.33,0.5,0.3333333333333333,0.0,0.0,0,0,0.0,0.0,0,0,0.0,0.0,0,0,0.0,27918.999999999996,6,1,0.16666666666666666,0
LGS2ORD0042471,C012549,2025-12-03 08:00:00,Female,50,Platinum,Lazada,Chiang Mai,1394,Web,COD,8,12,2,0,40-50,46.46666666666667,8.0,1.0,0.125,324,17,4372.84,0.35,0.5,0.625,0.0,0.0,0,0,0.0,3559.33,1,0,0.0,3559.33,1,0,0.0,34982.72,8,1,0.125,0
LGS2ORD0042472,C014635,2025-12-03 08:00:00,Female,62,Bronze,TV,Nakhon Ratchasima,392,CallCenter,COD,8,12,2,0,>50,13.066666666666666,8.0,2.0,0.25,164,98,5036.07375,0.23,0.5,0.25,0.0,0.0,0,0,0.0,0.0,0,0,0.0,0.0,0,0,0.0,40288.59,8,2,0.25,0
LGS2ORD0042473,C012367,2025-12-03 08:00:00,Male,42,Bronze,TV,Remote_Area,868,TV_Show,COD,8,12,2,0,40-50,28.933333333333334,7.0,3.0,0.42857142857142855,43,23,5620.295714285714,0.28,0.42857142857142855,0.5714285714285714,0.0,0.0,0,0,0.0,12383.36,1,0,0.0,23990.33,3,1,0.3333333333333333,39342.07,7,3,0.42857142857142855,0
LGS2ORD0042474,C014216,2025-12-03 09:00:00,Male,59,Bronze,TV,Chiang Mai,598,Web,Credit_Card,9,12,2,0,>50,19.933333333333334,7.0,2.0,0.2857142857142857,58,39,9587.490000000002,0.23,0.7142857142857143,0.2857142857142857,0.0,0.0,0,0,0.0,0.0,0,0,0.0,59895.41,5,1,0.2,67112.43000000001,7,2,0.2857142857142857,0
LGS2ORD0042475,C016677,2025-12-03 09:00:00,Female,37,Silver,Web,Chiang Mai,432,Shopee,Bank_Transfer,9,12,2,0,30-40,14.4,4.0,0.0,0.0,-1,38,4057.58,0.1,0.25,0.0,0.0,0.0,0,0,0.0,0.0,0,0,0.0,8615.05,1,0,0.0,16230.32,4,0,0.0,0
LGS2ORD0042476,C013752,2025-12-03 09:00:00,Male,26,Bronze,Web,Songkhla,1597,TV_Show,COD,9,12,2,0,20-30,53.233333333333334,5.0,1.0,0.2,103,52,7280.728,0.23,0.2,0.2,0.0,0.0,0,0,0.0,0.0,0,0,0.0,26447.969999999998,2,0,0.0,36403.64,5,1,0.2,0
LGS2ORD0042477,C015105,2025-12-03 09:00:00,Male,63,Bronze,Lazada,Chonburi,1194,TV_Show,Credit_Card,9,12,2,0,>50,39.8,8.0,4.0,0.5,72,78,5449.498750000001,0.23,0.5,0.375,0.0,0.0,0,0,0.0,0.0,0,0,0.0,1593.72,1,1,1.0,43595.990000000005,8,4,0.5,1
LGS2ORD0042478,C012517,2025-12-03 09:00:00,Female,38,Bronze,CallCenter,Nakhon Ratchasima,531,Lazada,Credit_Card,9,12,2,0,30-40,17.7,4.0,1.0,0.25,139,24,6464.5599999999995,0.23,0.25,0.25,0.0,0.0,0,0,0.0,11870.4,1,0,0.0,11870.4,1,0,0.0,25858.239999999998,4,1,0.25,0
LGS2ORD0042479,C015234,2025-12-03 10:00:00,Female,42,Bronze,TV,Chonburi,675,Web,COD,10,12,2,0,40-50,22.5,9.0,1.0,0.1111111111111111,280,69,6964.493333333333,0.28,0.5555555555555556,0.4444444444444444,0.0,0.0,0,0,0.0,0.0,0,0,0.0,432.14,1,0,0.0,62680.439999999995,9,1,0.1111111111111111,0
LGS2ORD0042480,C014303,2025-12-03 10:00:00,Male,41,Bronze,Web,Chonburi,955,Shopee,Credit_Card,10,12,2,0,40-50,31.833333333333332,4.0,1.0,0.25,269,78,4189.865,0.23,0.75,0.25,0.0,0.0,0,0,0.0,0.0,0,0,0.0,911.93,1,0,0.0,16759.46,4,1,0.25,0
LGS2ORD0042481,C014359,2025-12-03 10:00:00,Female,25,Bronze,Shopee,Bangkok,1616,Shopee,COD,10,12,2,0,20-30,53.86666666666667,6.0,1.0,0.16666666666666666,289,5,8858.666666666666,0.28,1.0,0.3333333333333333,0.0,8510.5,1,0,0.0,11689.51,2,0,0.0,11689.51,2,0,0.0,53152.0,6,1,0.16666666666666666,1
LGS2ORD0042482,C015148,2025-12-03 10:00:00,Female,35,Bronze,TV,Phuket,1604,Shopee,COD,10,12,2,0,30-40,53.46666666666667,6.0,1.0,0.16666666666666666,264,192,3934.381666666666,0.23,0.6666666666666666,0.16666666666666666,0.0,0.0,0,0,0.0,0.0,0,0,0.0,0.0,0,0,0.0,23606.289999999997,6,1,0.16666666666666666,0
LGS2ORD0042483,C017708,2025-12-03 10:00:00,Male,59,Bronze,Lazada,Nakhon Ratchasima,1713,TV_Show,Credit_Card,10,12,2,0,>50,57.1,6.0,2.0,0.3333333333333333,42,47,2638.07,0.28,0.6666666666666666,0.5,0.0,0.0,0,0,0.0,0.0,0,0,0.0,2497.09,2,1,0.5,15828.420000000002,6,2,0.3333333333333333,0
LGS2ORD0042484,C011598,2025-12-03 10:00:00,Female,29,Silver,TV,Remote_Area,539,Web,Credit_Card,10,12,2,0,20-30,17.966666666666665,4.0,1.0,0.25,-11,5,7249.7375,0.25,0.25,0.25,0.0,4895.95,1,1,1.0,4895.95,1,1,1.0,4895.95,1,1,1.0,28998.95,4,1,0.25,0
LGS2ORD0042485,C010159,2025-12-03 11:00:00,Male,18,Silver,TV,Bangkok,899,TV_Show,PromptPay,11,12,2,0,<20,29.966666666666665,2.0,0.0,0.0,-1,198,5046.8099999999995,0.2,0.0,0.0,0.0,0.0,0,0,0.0,0.0,0,0,0.0,0.0,0,0,0.0,10093.619999999999,2,0,0.0,0
LGS2ORD0042486,C014864,2025-12-03 11:00:00,Male,42,Gold,TV,Khon Kaen,646,Web,COD,11,12,2,0,40-50,21.533333333333335,6.0,1.0,0.16666666666666666,52,46,6590.363333333334,0.28,0.6666666666666666,0.6666666666666666,0.0,0.0,0,0,0.0,0.0,0,0,0.0,7047.41,2,1,0.5,39542.18,6,1,0.16666666666666666,0
LGS2ORD0042487,C014014,2025-12-03 11:00:00,Female,34,Bronze,Lazada,Chonburi,1065,Web,Bank_Transfer,11,12,2,0,30-40,35.5,2.0,0.0,0.0,-1,2,2749.775,0.18,1.0,0.0,0.0,2090.79,1,0,0.0,2090.79,1,0,0.0,5499.55,2,0,0.0,5499.55,2,0,0.0,0
LGS2ORD0042488,C012177,2025-12-03 11:00:00,Female,34,Bronze,Web,Nakhon Ratchasima,1373,Lazada,Credit_Card,11,12,2,0,30-40,45.766666666666666,9.0,3.0,0.3333333333333333,139,6,1433.1822222222222,0.23,0.7777777777777778,0.2222222222222222,0.1111111111111111,837.91,1,0,0.0,837.91,1,0,0.0,837.91,1,0,0.0,12898.64,9,3,0.3333333333333333,1
LGS2ORD0042489,C013751,2025-12-03 11:00:00,Male,30,Silver,CallCenter,Remote_Area,829,Lazada,PromptPay,11,12,2,0,20-30,27.633333333333333,5.0,0.0,0.0,-1,84,3836.1699999999996,0.3,0.6,0.8,0.0,0.0,0,0,0.0,0.0,0,0,0.0,12338.39,1,0,0.0,19180.85,5,0,0.0,0
LGS2ORD0042490,C014951,2025-12-03 12:00:00,Male,36,Gold,Web,Nakhon Ratchasima,1282,TV_Show,COD,12,12,2,0,30-40,42.733333333333334,2.0,2.0,1.0,281,291,6567.505,0.08,0.5,0.0,0.0,0.0,0,0,0.0,0.0,0,0,0.0,0.0,0,0,0.0,13135.01,2,2,1.0,1
LGS2ORD0042491,C013146,2025-12-03 12:00:00,Male,31,Bronze,TV,Songkhla,627,Shopee,Credit_Card,12,12,2,0,30-40,20.9,6.0,4.0,0.6666666666666666,-3,6,4745.68,0.23,0.6666666666666666,0.16666666666666666,0.0,648.61,1,1,1.0,648.61,1,1,1.0,1622.5900000000001,2,2,1.0,28474.08,6,4,0.6666666666666666,0
LGS2ORD0042492,C012796,2025-12-03 12:00:00,Female,44,Bronze,TV,Songkhla,579,Shopee,Credit_Card,12,12,2,0,40-50,19.3,3.0,1.0,0.3333333333333333,202,52,2790.3199999999997,0.18,0.3333333333333333,0.0,0.0,0.0,0,0,0.0,0.0,0,0,0.0,1736.29,1,0,0.0,8370.96,3,1,0.3333333333333333,1
LGS2ORD0042493,C016479,2025-12-03 12:00:00,Female,46,Gold,TV,Bangkok,1060,TV_Show,PromptPay,12,12,2,0,40-50,35.333333333333336,6.0,1.0,0.16666666666666666,270,41,6251.056666666667,0.18,0.8333333333333334,0.0,0.0,0.0,0,0,0.0,0.0,0,0,0.0,11938.42,3,0,0.0,37506.340000000004,6,1,0.16666666666666666,0
LGS2ORD0042494,C016528,2025-12-03 12:00:00,Male,47,Bronze,TV,Remote_Area,1301,Shopee,COD,12,12,2,0,40-50,43.36666666666667,10.0,5.0,0.5,10,15,3369.9219999999996,0.28,0.7,0.4,0.0,0.0,0,0,0.0,16787.16,2,1,0.5,25443.680000000004,5,2,0.4,33699.219999999994,10,5,0.5,0
LGS2ORD0042495,C013701,2025-12-03 13:00:00,Other,66,Gold,CallCenter,Khon Kaen,1507,Lazada,Credit_Card,13,12,2,0,>50,50.233333333333334,8.0,1.0,0.125,251,7,4591.62,0.28,0.5,0.375,0.0,0.0,0,0,0.0,6787.62,1,0,0.0,13432.86,3,0,0.0,36732.96,8,1,0.125,0
LGS2ORD0042496,C013202,2025-12-03 13:00:00,Male,30,Bronze,Web,Khon Kaen,1215,Web,COD,13,12,2,0,20-30,40.5,5.0,1.0,0.2,278,97,6689.15,0.28,0.8,0.2,0.0,0.0,0,0,0.0,0.0,0,0,0.0,0.0,0,0,0.0,33445.75,5,1,0.2,0
LGS2ORD0042497,C010447,2025-12-03 13:00:00,Male,40,Bronze,TV,Bangkok,1383,TV_Show,COD,13,12,2,0,30-40,46.1,2.0,1.0,0.5,-3,7,4623.025,0.13,0.5,0.0,0.0,0.0,0,0,0.0,4028.21,1,1,1.0,9246.05,2,1,0.5,9246.05,2,1,0.5,0
LGS2ORD0042498,C010771,2025-12-03 13:00:00,Other,50,Bronze,Shopee,Chonburi,1677,Web,COD,13,12,2,0,40-50,55.9,10.0,3.0,0.3,234,13,4780.691999999999,0.28,0.6,0.4,0.0,0.0,0,0,0.0,1804.45,1,0,0.0,3448.15,2,0,0.0,47806.91999999999,10,3,0.3,1
LGS2ORD0042499,C011870,2025-12-03 13:00:00,Male,40,Silver,CallCenter,Bangkok,1759,Lazada,PromptPay,13,12,2,0,30-40,58.63333333333333,5.0,3.0,0.6,-5,5,9750.926,0.3,0.6,0.2,0.0,36000.78,1,1,1.0,36000.78,1,1,1.0,36000.78,1,1,1.0,48754.63,5,3,0.6,0
LGS2ORD0042500,C010779,2025-12-03 14:00:00,Male,27,Silver,Web,Bangkok,786,Lazada,Credit_Card,14,12,2,0,20-30,26.2,2.0,1.0,0.5,4,13,1537.315,0.2,1.0,0.0,0.0,0.0,0,0,0.0,1887.55,1,1,1.0,1887.55,1,1,1.0,3074.63,2,1,0.5,0
LGS2ORD0042501,C015461,2025-12-03 14:00:00,Female,29,Bronze,CallCenter,Bangkok,765,Shopee,COD,14,12,2,0,20-30,25.5,4.0,0.0,0.0,-1,140,3296.9700000000003,0.28,0.25,0.25,0.0,0.0,0,0,0.0,0.0,0,0,0.0,0.0,0,0,0.0,13187.880000000001,4,0,0.0,0
LGS2ORD0042502,C017042,2025-12-03 14:00:00,Male,43,Bronze,Web,Bangkok,368,TV_Show,Credit_Card,14,12,2,0,40-50,12.266666666666667,4.0,0.0,0.0,-1,82,11253.699999999999,0.28,0.0,0.5,0.0,0.0,0,0,0.0,0.0,0,0,0.0,506.43,1,0,0.0,45014.799999999996,4,0,0.0,1
LGS2ORD0042503,C013506,2025-12-03 14:00:00,Female,41,Bronze,Shopee,Chiang Mai,560,Lazada,Credit_Card,14,12,2,0,40-50,18.666666666666668,2.0,0.0,0.0,-1,43,14403.555,0.28,1.0,1.0,0.0,0.0,0,0,0.0,0.0,0,0,0.0,12170.5,1,0,0.0,28807.11,2,0,0.0,1
LGS2ORD0042504,C013241,2025-12-03 14:00:00,Female,46,Bronze,Lazada,Khon Kaen,1641,TV_Show,COD,14,12,2,0,40-50,54.7,7.0,1.0,0.14285714285714285,77,46,9268.544285714286,0.28,0.42857142857142855,0.2857142857142857,0.0,0.0,0,0,0.0,0.0,0,0,0.0,2710.13,2,0,0.0,64879.810000000005,7,1,0.14285714285714285,0
LGS2ORD0042505,C013725,2025-12-03 14:00:00,Other,31,Silver,TV,Phuket,1438,CallCenter,Credit_Card,14,12,2,0,30-40,47.93333333333333,5.0,1.0,0.2,125,30,12556.982,0.2,0.6,0.0,0.0,0.0,0,0,0.0,0.0,0,0,0.0,23195.52,2,0,0.0,62784.91,5,1,0.2,0
LGS2ORD0042506,C017871,2025-12-03 15:00:00,Male,45,Silver,TV,Chiang Mai,1438,Shopee,Credit_Card,15,12,2,0,40-50,47.93333333333333,6.0,1.0,0.16666666666666666,317,45,6782.695,0.25,0.5,0.3333333333333333,0.0,0.0,0,0,0.0,0.0,0,0,0.0,10729.019999999999,2,0,0.0,40696.17,6,1,0.16666666666666666,0
LGS2ORD0042507,C010333,2025-12-03 15:00:00,Male,40,Silver,Web,Songkhla,786,TV_Show,Bank_Transfer,15,12,2,0,30-40,26.2,10.0,4.0,0.4,129,92,4886.3330000000005,0.25,0.6,0.2,0.0,0.0,0,0,0.0,0.0,0,0,0.0,0.0,0,0,0.0,48863.33,10,4,0.4,0
LGS2ORD0042508,C013442,2025-12-03 15:00:00,Male,39,Gold,Web,Songkhla,1391,TV_Show,COD,15,12,2,0,30-40,46.36666666666667,4.0,0.0,0.0,-1,195,1593.6249999999998,0.18,0.5,0.0,0.0,0.0,0,0,0.0,0.0,0,0,0.0,0.0,0,0,0.0,6374.499999999999,4,0,0.0,0
LGS2ORD0042509,C014182,2025-12-03 15:00:00,Female,60,Bronze,Lazada,Khon Kaen,672,CallCenter,COD,15,12,2,0,>50,22.4,6.0,3.0,0.5,2,14,12880.685,0.23,0.6666666666666666,0.16666666666666666,0.0,0.0,0,0,0.0,25986.09,3,2,0.6666666666666666,62913.340000000004,5,3,0.6,77284.11,6,3,0.5,0
LGS2ORD0042510,C010492,2025-12-03 15:00:00,Female,18,Bronze,TV,Nakhon Ratchasima,583,Shopee,COD,15,12,2,0,<20,19.433333333333334,3.0,0.0,0.0,-1,25,9078.15,0.18,0.3333333333333333,0.0,0.0,0.0,0,0,0.0,23038.67,1,0,0.0,23038.67,1,0,0.0,27234.449999999997,3,0,0.0,0
LGS2ORD0042511,C016737,2025-12-03 16:00:00,Female,44,Silver,Shopee,Khon Kaen,1390,TV_Show,COD,16,12,2,0,40-50,46.333333333333336,2.0,1.0,0.5,171,183,3157.38,0.1,0.5,0.0,0.0,0.0,0,0,0.0,0.0,0,0,0.0,0.0,0,0,0.0,6314.76,2,1,0.5,0
LGS2ORD0042512,C014192,2025-12-03 16:00:00,Male,38,Silver,CallCenter,Phuket,1775,TV_Show,COD,16,12,2,0,30-40,59.166666666666664,6.0,0.0,0.0,-1,35,11683.376666666665,0.2,0.16666666666666666,0.0,0.0,0.0,0,0,0.0,0.0,0,0,0.0,4123.16,2,0,0.0,70100.26,6,0,0.0,1
LGS2ORD0042513,C011946,2025-12-03 16:00:00,Female,48,Platinum,Web,Chiang Mai,1160,Lazada,COD,16,12,2,0,40-50,38.666666666666664,7.0,1.0,0.14285714285714285,64,69,4465.492857142857,0.35,0.14285714285714285,0.7142857142857143,0.0,0.0,0,0,0.0,0.0,0,0,0.0,5593.77,2,1,0.5,31258.45,7,1,0.14285714285714285,1
LGS2ORD0042514,C012204,2025-12-03 16:00:00,Male,41,Platinum,Lazada,Bangkok,1032,TV_Show,PromptPay,16,12,2,0,40-50,34.4,4.0,2.0,0.5,143,22,1394.0124999999998,0.35,0.5,0.5,0.0,0.0,0,0,0.0,843.65,1,0,0.0,843.65,1,0,0.0,5576.049999999999,4,2,0.5,0
LGS2ORD0042515,C014319,2025-12-03 16:00:00,Female,43,Bronze,Shopee,Bangkok,1444,Shopee,Credit_Card,16,12,2,0,40-50,48.13333333333333,7.0,2.0,0.2857142857142857,252,5,6586.312857142856,0.23,0.7142857142857143,0.2857142857142857,0.0,10270.6,1,0,0.0,10270.6,1,0,0.0,19898.690000000002,2,0,0.0,46104.189999999995,7,2,0.2857142857142857,0
LGS2ORD0042516,C016732,2025-12-03 17:00:00,Male,63,Platinum,Web,Chiang Mai,1240,TV_Show,COD,17,12,2,0,>50,41.333333333333336,9.0,3.0,0.3333333333333333,81,38,7149.887777777778,0.3,0.6666666666666666,0.1111111111111111,0.0,0.0,0,0,0.0,0.0,0,0,0.0,27204.100000000002,4,1,0.25,64348.99,9,3,0.3333333333333333,1
LGS2ORD0042517,C014829,2025-12-03 17:00:00,Male,37,Silver,TV,Chonburi,1063,Lazada,COD,17,12,2,0,30-40,35.43333333333333,5.0,0.0,0.0,-1,167,1864.6200000000001,0.3,0.6,0.2,0.0,0.0,0,0,0.0,0.0,0,0,0.0,0.0,0,0,0.0,9323.1,5,0,0.0,0
LGS2ORD0042518,C012983,2025-12-03 17:00:00,Male,59,Bronze,Web,Chonburi,851,Shopee,COD,17,12,2,0,>50,28.366666666666667,1.0,0.0,0.0,-1,218,5346.85,0.23,1.0,1.0,0.0,0.0,0,0,0.0,0.0,0,0,0.0,0.0,0,0,0.0,5346.85,1,0,0.0,1
LGS2ORD0042519,C011848,2025-12-03 17:00:00,Male,27,Gold,CallCenter,Chiang Mai,641,Lazada,Credit_Card,17,12,2,0,20-30,21.366666666666667,2.0,1.0,0.5,152,2,1361.7,0.28,1.0,1.0,0.0,1903.7,1,0,0.0,1903.7,1,0,0.0,1903.7,1,0,0.0,2723.4,2,1,0.5,0
LGS2ORD0042520,C014040,2025-12-03 17:00:00,Female,56,Bronze,Lazada,Bangkok,1593,TV_Show,COD,17,12,2,0,>50,53.1,4.0,0.0,0.0,-1,78,9563.4925,0.23,1.0,0.25,0.0,0.0,0,0,0.0,0.0,0,0,0.0,21979.54,1,0,0.0,38253.97,4,0,0.0,0
LGS2ORD0042521,C016125,2025-12-03 18:00:00,Male,31,Bronze,TV,Songkhla,764,Web,COD,18,12,2,0,30-40,25.466666666666665,6.0,2.0,0.3333333333333333,228,20,7042.889999999999,0.28,0.6666666666666666,0.3333333333333333,0.0,0.0,0,0,0.0,7900.2,1,0,0.0,7900.2,1,0,0.0,42257.34,6,2,0.3333333333333333,0
LGS2ORD0042522,C012496,2025-12-03 18:00:00,Female,42,Bronze,Shopee,Songkhla,525,TV_Show,COD,18,12,2,0,40-50,17.5,7.0,2.0,0.2857142857142857,136,5,3119.267142857142,0.28,1.0,0.2857142857142857,0.0,2653.57,1,0,0.0,2653.57,1,0,0.0,8297.14,2,0,0.0,21834.869999999995,7,2,0.2857142857142857,0
LGS2ORD0042523,C010453,2025-12-03 18:00:00,Female,42,Gold,TV,Bangkok,1633,TV_Show,Credit_Card,18,12,2,0,40-50,54.43333333333333,5.0,0.0,0.0,-1,54,9915.798,0.33,0.6,0.6,0.0,0.0,0,0,0.0,0.0,0,0,0.0,6937.0,2,0,0.0,49578.990000000005,5,0,0.0,0
LGS2ORD0042524,C017510,2025-12-03 18:00:00,Male,32,Gold,CallCenter,Khon Kaen,1638,Web,COD,18,12,2,0,30-40,54.6,5.0,2.0,0.4,224,71,4187.838000000001,0.33,0.4,0.4,0.0,0.0,0,0,0.0,0.0,0,0,0.0,1034.93,1,0,0.0,20939.190000000002,5,2,0.4,0
LGS2ORD0042525,C013849,2025-12-03 18:00:00,Female,38,Platinum,CallCenter,Bangkok,942,TV_Show,COD,18,12,2,0,30-40,31.4,1.0,0.0,0.0,-1,77,6285.67,0.1,0.0,0.0,0.0,0.0,0,0,0.0,0.0,0,0,0.0,6285.67,1,0,0.0,6285.67,1,0,0.0,0
LGS2ORD0042526,C011504,2025-12-03 18:00:00,Male,37,Bronze,TV,Bangkok,794,Web,Bank_Transfer,18,12,2,0,30-40,26.466666666666665,4.0,2.0,0.5,118,133,3368.1949999999997,0.23,0.75,0.5,0.0,0.0,0,0,0.0,0.0,0,0,0.0,0.0,0,0,0.0,13472.779999999999,4,2,0.5,0
LGS2ORD0042527,C016229,2025-12-03 19:00:00,Female,37,Bronze,Web,Bangkok,542,CallCenter,COD,19,12,2,0,30-40,18.066666666666666,5.0,2.0,0.4,191,17,8786.331999999999,0.18,0.2,0.0,0.0,0.0,0,0,0.0,13281.74,1,0,0.0,36354.409999999996,2,0,0.0,43931.659999999996,5,2,0.4,0
LGS2ORD0042528,C015624,2025-12-03 19:00:00,Male,39,Gold,Lazada,Chonburi,804,CallCenter,COD,19,12,2,0,30-40,26.8,8.0,1.0,0.125,218,4,4621.59125,0.28,0.375,0.5,0.0,10502.2,1,0,0.0,10502.2,1,0,0.0,15906.78,3,0,0.0,36972.73,8,1,0.125,0
LGS2ORD0042529,C017819,2025-12-03 19:00:00,Female,44,Bronze,Shopee,Bangkok,1249,Lazada,PromptPay,19,12,2,0,40-50,41.63333333333333,7.0,0.0,0.0,-1,87,2797.032857142857,0.28,0.5714285714285714,0.42857142857142855,0.0,0.0,0,0,0.0,0.0,0,0,0.0,1313.63,1,0,0.0,19579.23,7,0,0.0,0
LGS2ORD0042530,C012214,2025-12-03 19:00:00,Female,48,Bronze,Shopee,Remote_Area,1719,CallCenter,Credit_Card,19,12,2,0,40-50,57.3,8.0,3.0,0.375,25,21,6636.0975,0.28,0.5,0.25,0.0,0.0,0,0,0.0,2340.15,2,1,0.5,22700.85,4,2,0.5,53088.78,8,3,0.375,0
LGS2ORD0042531,C012894,2025-12-03 19:00:00,Female,53,Bronze,Web,Khon Kaen,686,Lazada,COD,19,12,2,0,>50,22.866666666666667,11.0,3.0,0.2727272727272727,249,25,3702.5327272727272,0.28,0.2727272727272727,0.36363636363636365,0.0,0.0,0,0,0.0,5962.07,1,0,0.0,21434.34,4,0,0.0,40727.86,11,3,0.2727272727272727,0
LGS2ORD0042532,C012164,2025-12-03 20:00:00,Female,53,Silver,Shopee,Khon Kaen,766,TV_Show,COD,20,12,2,0,>50,25.533333333333335,9.0,1.0,0.1111111111111111,2,4,4750.526666666667,0.3,0.4444444444444444,0.3333333333333333,0.0,14679.56,1,0,0.0,19566.0,2,1,0.5,33215.8,4,1,0.25,42754.74,9,1,0.1111111111111111,0
LGS2ORD0042533,C016722,2025-12-03 20:00:00,Male,53,Bronze,TV,Khon Kaen,1315,CallCenter,PromptPay,20,12,2,0,>50,43.833333333333336,4.0,2.0,0.5,18,31,1299.2475,0.28,0.25,0.25,0.0,0.0,0,0,0.0,0.0,0,0,0.0,1444.33,1,1,1.0,5196.99,4,2,0.5,0
LGS2ORD0042534,C010528,2025-12-03 20:00:00,Male,56,Bronze,Web,Bangkok,804,Web,Credit_Card,20,12,2,0,>50,26.8,7.0,3.0,0.42857142857142855,273,3,5411.527142857143,0.18,0.5714285714285714,0.0,0.0,682.1,1,0,0.0,682.1,1,0,0.0,682.1,1,0,0.0,37880.69,7,3,0.42857142857142855,0
LGS2ORD0042535,C013043,2025-12-03 20:00:00,Male,57,Bronze,TV,Bangkok,1023,Web,COD,20,12,2,0,>50,34.1,2.0,2.0,1.0,7,20,2166.17,0.18,0.5,0.0,0.0,0.0,0,0,0.0,3486.08,1,1,1.0,3486.08,1,1,1.0,4332.34,2,2,1.0,1
LGS2ORD0042536,C013456,2025-12-03 20:00:00,Female,44,Bronze,TV,Nakhon Ratchasima,542,Web,COD,20,12,2,0,40-50,18.066666666666666,0.0,0.0,0.0,-1,-1,0.0,0.0,0.0,0.0,0.0,0.0,0,0,0.0,0.0,0,0,0.0,0.0,0,0,0.0,0.0,0,0,0.0,0
LGS2ORD0042537,C012981,2025-12-03 21:00:00,Female,39,Silver,Web,Chiang Mai,1603,Web,COD,21,12,2,0,30-40,53.43333333333333,3.0,2.0,0.6666666666666666,292,235,2503.2633333333333,0.15,0.6666666666666666,0.0,0.0,0.0,0,0,0.0,0.0,0,0,0.0,0.0,0,0,0.0,7509.79,3,2,0.6666666666666666,0
LGS2ORD0042538,C017496,2025-12-03 21:00:00,Female,54,Gold,Shopee,Chiang Mai,697,Shopee,PromptPay,21,12,2,0,>50,23.233333333333334,7.0,3.0,0.42857142857142855,139,8,8383.011428571428,0.28,0.5714285714285714,0.5714285714285714,0.14285714285714285,0.0,0,0,0.0,6516.29,1,0,0.0,6516.29,1,0,0.0,58681.08,7,3,0.42857142857142855,0
LGS2ORD0042539,C013349,2025-12-03 21:00:00,Female,37,Bronze,TV,Khon Kaen,681,CallCenter,PromptPay,21,12,2,0,30-40,22.7,5.0,0.0,0.0,-1,28,1429.368,0.28,0.8,0.2,0.0,0.0,0,0,0.0,1742.38,1,0,0.0,1742.38,1,0,0.0,7146.84,5,0,0.0,0
LGS2ORD0042540,C013347,2025-12-03 21:00:00,Female,53,Bronze,TV,Khon Kaen,475,Web,Credit_Card,21,12,2,0,>50,15.833333333333334,4.0,1.0,0.25,100,115,2464.3725,0.23,0.5,0.25,0.0,0.0,0,0,0.0,0.0,0,0,0.0,0.0,0,0,0.0,9857.49,4,1,0.25,0
LGS2ORD0042541,C015404,2025-12-03 21:00:00,Female,60,Bronze,Shopee,Songkhla,1264,Web,COD,21,12,2,0,>50,42.13333333333333,15.0,8.0,0.5333333333333333,0,5,4659.960000000001,0.28,0.7333333333333333,0.2,0.0,1532.1,1,1,1.0,2124.23,2,2,1.0,13186.82,3,3,1.0,69899.40000000001,15,8,0.5333333333333333,1
LGS2ORD0042542,C016574,2025-12-03 22:00:00,Female,33,Bronze,Web,Khon Kaen,374,CallCenter,COD,22,12,2,0,30-40,12.466666666666667,7.0,0.0,0.0,-1,49,10641.70857142857,0.23,0.7142857142857143,0.2857142857142857,0.0,0.0,0,0,0.0,0.0,0,0,0.0,65958.47,2,0,0.0,74491.95999999999,7,0,0.0,0
LGS2ORD0042543,C016418,2025-12-03 22:00:00,Male,38,Bronze,Shopee,Bangkok,651,Lazada,COD,22,12,2,0,30-40,21.7,4.0,2.0,0.5,151,62,3646.9975,0.23,0.5,0.5,0.0,0.0,0,0,0.0,0.0,0,0,0.0,1718.83,1,0,0.0,14587.99,4,2,0.5,0
LGS2ORD0042544,C013060,2025-12-03 22:00:00,Male,42,Bronze,TV,Remote_Area,956,Web,PromptPay,22,12,2,0,40-50,31.866666666666667,4.0,2.0,0.5,217,8,9269.665,0.23,0.75,0.25,0.0,0.0,0,0,0.0,13780.95,1,0,0.0,13780.95,1,0,0.0,37078.66,4,2,0.5,0
LGS2ORD0042545,C016269,2025-12-03 22:00:00,Female,42,Bronze,Shopee,Khon Kaen,1427,Web,PromptPay,22,12,2,0,40-50,47.56666666666667,8.0,2.0,0.25,61,32,4718.790000000001,0.28,0.375,0.25,0.0,0.0,0,0,0.0,0.0,0,0,0.0,12804.03,2,1,0.5,37750.32000000001,8,2,0.25,0
LGS2ORD0042546,C015334,2025-12-03 22:00:00,Male,39,Silver,Web,Phuket,1153,Lazada,Bank_Transfer,22,12,2,0,30-40,38.43333333333333,5.0,1.0,0.2,104,15,7502.35,0.3,0.6,0.4,0.0,0.0,0,0,0.0,16604.6,2,0,0.0,16604.6,2,0,0.0,37511.75,5,1,0.2,0
LGS2ORD0042547,C011841,2025-12-03 22:00:00,Female,59,Gold,Shopee,Songkhla,1765,TV_Show,COD,22,12,2,0,>50,58.833333333333336,7.0,0.0,0.0,-1,66,3264.682857142857,0.2299999999999999,0.7142857142857143,0.2857142857142857,0.0,0.0,0,0,0.0,0.0,0,0,0.0,11823.02,2,0,0.0,22852.78,7,0,0.0,0
LGS2ORD0042548,C011355,2025-12-03 23:00:00,Male,49,Bronze,TV,Bangkok,1036,Shopee,PromptPay,23,12,2,0,40-50,34.53333333333333,4.0,1.0,0.25,72,82,7949.2775,0.23,0.5,0.25,0.0,0.0,0,0,0.0,0.0,0,0,0.0,8203.77,1,1,1.0,31797.11,4,1,0.25,0
LGS2ORD0042549,C017400,2025-12-03 23:00:00,Male,45,Silver,Web,Bangkok,701,CallCenter,Bank_Transfer,23,12,2,0,40-50,23.366666666666667,5.0,0.0,0.0,-1,117,906.7360000000001,0.25,0.2,0.2,0.0,0.0,0,0,0.0,0.0,0,0,0.0,0.0,0,0,0.0,4533.68,5,0,0.0,0
LGS2ORD0042550,C017169,2025-12-03 23:00:00,Male,33,Gold,TV,Bangkok,363,CallCenter,COD,23,12,2,0,30-40,12.1,6.0,2.0,0.3333333333333333,276,42,5478.365000000001,0.33,0.3333333333333333,0.6666666666666666,0.0,0.0,0,0,0.0,0.0,0,0,0.0,19115.760000000002,4,0,0.0,32870.19,6,2,0.3333333333333333,0
LGS2ORD0042551,C014352,2025-12-03 23:00:00,Female,40,Silver,Lazada,Nakhon Ratchasima,527,Lazada,PromptPay,23,12,2,0,30-40,17.566666666666666,5.0,2.0,0.4,93,55,6215.026,0.2,0.2,0.0,0.0,0.0,0,0,0.0,0.0,0,0,0.0,3668.83,1,0,0.0,31075.129999999997,5,2,0.4,0
LGS2ORD0042552,C012742,2025-12-03 23:00:00,Female,48,Gold,Web,Chiang Mai,1292,Web,PromptPay,23,12,2,0,40-50,43.06666666666667,2.0,0.0,0.0,-1,107,4495.015,0.13,0.0,0.0,0.0,0.0,0,0,0.0,0.0,0,0,0.0,0.0,0,0,0.0,8990.03,2,0,0.0,1
LGS2ORD0042553,C016573,2025-12-04 00:00:00,Female,52,Gold,Shopee,Khon Kaen,841,Lazada,Credit_Card,0,12,3,0,>50,28.033333333333335,5.0,0.0,0.0,-1,67,2239.018,0.2299999999999999,0.8,0.4,0.0,0.0,0,0,0.0,0.0,0,0,0.0,3586.65,2,0,0.0,11195.09,5,0,0.0,0
LGS2ORD0042554,C012469,2025-12-04 00:00:00,Female,48,Silver,CallCenter,Bangkok,734,Shopee,Bank_Transfer,0,12,3,0,40-50,24.466666666666665,3.0,0.0,0.0,-1,5,9606.769999999999,0.05,1.0,0.0,0.0,2648.6,1,0,0.0,2648.6,1,0,0.0,2648.6,1,0,0.0,28820.309999999998,3,0,0.0,0
LGS2ORD0042555,C011727,2025-12-04 00:00:00,Female,34,Bronze,Web,Phuket,1751,TV_Show,Bank_Transfer,0,12,3,0,30-40,58.36666666666667,10.0,4.0,0.4,104,39,5847.006,0.28,0.6,0.2,0.0,0.0,0,0,0.0,0.0,0,0,0.0,785.01,1,0,0.0,58470.060000000005,10,4,0.4,1
LGS2ORD0042556,C011865,2025-12-04 00:00:00,Female,43,Silver,Web,Chonburi,761,TV_Show,PromptPay,0,12,3,0,40-50,25.366666666666667,4.0,0.0,0.0,-1,25,3760.075,0.3,0.25,0.5,0.0,0.0,0,0,0.0,3857.5,1,0,0.0,14259.06,3,0,0.0,15040.3,4,0,0.0,0
LGS2ORD0042557,C012460,2025-12-04 00:00:00,Male,40,Platinum,TV,Bangkok,983,Lazada,Credit_Card,0,12,3,0,30-40,32.766666666666666,7.0,1.0,0.14285714285714285,198,6,10584.332857142857,0.25,0.5714285714285714,0.14285714285714285,0.0,13133.02,1,0,0.0,13133.02,1,0,0.0,16903.45,2,0,0.0,74090.33,7,1,0.14285714285714285,0
LGS2ORD0042558,C012468,2025-12-04 01:00:00,Male,50,Gold,Lazada,Chiang Mai,525,Lazada,PromptPay,1,12,3,0,40-50,17.5,6.0,3.0,0.5,3,14,5396.598333333334,0.33,0.6666666666666666,0.3333333333333333,0.0,0.0,0,0,0.0,12583.13,1,1,1.0,15617.259999999998,2,1,0.5,32379.590000000004,6,3,0.5,0
LGS2ORD0042559,C012719,2025-12-04 01:00:00,Male,62,Silver,Shopee,Chiang Mai,1460,Lazada,COD,1,12,3,0,>50,48.666666666666664,7.0,0.0,0.0,-1,37,7392.035714285713,0.25,0.7142857142857143,0.42857142857142855,0.0,0.0,0,0,0.0,0.0,0,0,0.0,15708.02,3,0,0.0,51744.24999999999,7,0,0.0,0
LGS2ORD0042560,C010966,2025-12-04 01:00:00,Male,33,Gold,Web,Bangkok,1696,Shopee,COD,1,12,3,0,30-40,56.53333333333333,5.0,1.0,0.2,254,14,13779.072,0.13,0.6,0.0,0.0,0.0,0,0,0.0,2419.9300000000003,2,0,0.0,2960.75,3,0,0.0,68895.36,5,1,0.2,0
LGS2ORD0042561,C015281,2025-12-04 01:00:00,Male,42,Bronze,TV,Chonburi,447,CallCenter,Credit_Card,1,12,3,0,40-50,14.9,6.0,4.0,0.6666666666666666,81,89,2285.9466666666667,0.23,0.5,0.5,0.0,0.0,0,0,0.0,0.0,0,0,0.0,1083.91,1,1,1.0,13715.68,6,4,0.6666666666666666,0
LGS2ORD0042562,C016007,2025-12-04 01:00:00,Female,43,Silver,TV,Phuket,1296,TV_Show,Credit_Card,1,12,3,0,40-50,43.2,7.0,2.0,0.2857142857142857,211,86,8335.735714285713,0.25,0.42857142857142855,0.14285714285714285,0.0,0.0,0,0,0.0,0.0,0,0,0.0,20459.77,2,0,0.0,58350.149999999994,7,2,0.2857142857142857,1
LGS2ORD0042563,C017629,2025-12-04 01:00:00,Male,36,Platinum,Shopee,Chonburi,1115,Web,PromptPay,1,12,3,0,30-40,37.166666666666664,1.0,0.0,0.0,-1,151,1799.04,0.15,0.0,0.0,0.0,0.0,0,0,0.0,0.0,0,0,0.0,0.0,0,0,0.0,1799.04,1,0,0.0,0
LGS2ORD0042564,C013982,2025-12-04 02:00:00,Female,39,Silver,Shopee,Nakhon Ratchasima,1719,Shopee,COD,2,12,3,0,30-40,57.3,7.0,4.0,0.5714285714285714,0,16,6610.098571428571,0.3,0.7142857142857143,0.2857142857142857,0.0,0.0,0,0,0.0,5508.45,1,1,1.0,13841.689999999999,2,1,0.5,46270.689999999995,7,4,0.5714285714285714,0
LGS2ORD0042565,C011447,2025-12-04 02:00:00,Male,39,Gold,TV,Chonburi,451,Lazada,COD,2,12,3,0,30-40,15.033333333333333,13.0,1.0,0.07692307692307693,223,8,5010.399230769231,0.33,0.6923076923076923,0.5384615384615384,0.0,0.0,0,0,0.0,1238.79,1,0,0.0,9363.95,3,0,0.0,65135.19,13,1,0.07692307692307693,1
LGS2ORD0042566,C012431,2025-12-04 02:00:00,Female,31,Platinum,TV,Chonburi,605,TV_Show,PromptPay,2,12,3,0,30-40,20.166666666666668,4.0,1.0,0.25,29,39,8558.4375,0.35,0.75,0.5,0.0,0.0,0,0,0.0,0.0,0,0,0.0,27074.86,2,1,0.5,34233.75,4,1,0.25,0
LGS2ORD0042567,C016237,2025-12-04 02:00:00,Female,40,Silver,CallCenter,Bangkok,1763,Lazada,COD,2,12,3,0,30-40,58.766666666666666,7.0,0.0,0.0,-1,50,3612.997142857143,0.3,0.14285714285714285,0.14285714285714285,0.0,0.0,0,0,0.0,0.0,0,0,0.0,7924.12,2,0,0.0,25290.98,7,0,0.0,0
LGS2ORD0042568,C015067,2025-12-04 02:00:00,Male,50,Bronze,Web,Remote_Area,1410,Lazada,Bank_Transfer,2,12,3,0,40-50,47.0,10.0,4.0,0.4,55,24,7702.1669999999995,0.23,0.4,0.2,0.0,0.0,0,0,0.0,23284.19,1,0,0.0,39662.02,3,1,0.3333333333333333,77021.67,10,4,0.4,1
LGS2ORD0042569,C016603,2025-12-04 03:00:00,Female,36,Bronze,Web,Remote_Area,1001,TV_Show,COD,3,12,3,0,30-40,33.36666666666667,8.0,1.0,0.125,67,1,8776.44625,0.23,0.5,0.125,0.0,2380.11,1,0,0.0,2380.11,1,0,0.0,2878.4,2,1,0.5,70211.57,8,1,0.125,1
LGS2ORD0042570,C017273,2025-12-04 03:00:00,Male,26,Bronze,Lazada,Bangkok,1545,TV_Show,Bank_Transfer,3,12,3,0,20-30,51.5,11.0,4.0,0.36363636363636365,47,62,8961.264545454544,0.28,0.6363636363636364,0.2727272727272727,0.0,0.0,0,0,0.0,0.0,0,0,0.0,4394.52,2,1,0.5,98573.90999999999,11,4,0.36363636363636365,0
LGS2ORD0042571,C015803,2025-12-04 03:00:00,Male,39,Gold,Shopee,Bangkok,1582,Web,Credit_Card,3,12,3,0,30-40,52.733333333333334,10.0,1.0,0.1,108,5,4700.665,0.28,0.5,0.4,0.0,768.8,1,0,0.0,15543.98,3,0,0.0,24043.079999999998,5,0,0.0,47006.65,10,1,0.1,0
LGS2ORD0042572,C013794,2025-12-04 03:00:00,Female,46,Silver,Web,Khon Kaen,1696,Lazada,PromptPay,3,12,3,0,40-50,56.53333333333333,7.0,1.0,0.14285714285714285,127,28,4405.644285714286,0.2,0.42857142857142855,0.0,0.0,0.0,0,0,0.0,579.88,1,0,0.0,3981.91,3,0,0.0,30839.510000000002,7,1,0.14285714285714285,0
LGS2ORD0042573,C010699,2025-12-04 03:00:00,Female,34,Platinum,Shopee,Bangkok,849,TV_Show,Credit_Card,3,12,3,0,30-40,28.3,8.0,1.0,0.125,285,20,8488.39125,0.35,0.5,0.375,0.0,0.0,0,0,0.0,23085.22,1,0,0.0,35103.29,4,0,0.0,67907.13,8,1,0.125,0
LGS2ORD0042574,C011503,2025-12-04 04:00:00,Female,72,Bronze,Shopee,Khon Kaen,1668,CallCenter,COD,4,12,3,0,>50,55.6,8.0,2.0,0.25,24,35,5287.42125,0.28,0.25,0.625,0.0,0.0,0,0,0.0,0.0,0,0,0.0,11895.98,3,2,0.6666666666666666,42299.37,8,2,0.25,0
LGS2ORD0042575,C012598,2025-12-04 04:00:00,Female,50,Bronze,Lazada,Chonburi,1211,TV_Show,Bank_Transfer,4,12,3,0,40-50,40.36666666666667,5.0,2.0,0.4,172,8,6812.132,0.23,0.4,0.4,0.0,0.0,0,0,0.0,5400.17,1,0,0.0,24922.379999999997,2,0,0.0,34060.659999999996,5,2,0.4,0
LGS2ORD0042576,C013653,2025-12-04 04:00:00,Female,56,Bronze,CallCenter,Remote_Area,1774,Lazada,Credit_Card,4,12,3,0,>50,59.13333333333333,8.0,3.0,0.375,0,13,2781.30375,0.23,0.75,0.125,0.0,0.0,0,0,0.0,4954.72,2,1,0.5,6734.61,3,2,0.6666666666666666,22250.43,8,3,0.375,1
LGS2ORD0042577,C014190,2025-12-04 04:00:00,Female,39,Silver,CallCenter,Chiang Mai,1171,TV_Show,COD,4,12,3,0,30-40,39.03333333333333,2.0,0.0,0.0,-1,1,1760.045,0.2,0.5,0.0,0.0,2087.09,1,0,0.0,2087.09,1,0,0.0,2087.09,1,0,0.0,3520.09,2,0,0.0,0
LGS2ORD0042578,C017985,2025-12-04 04:00:00,Female,48,Gold,Shopee,Phuket,1410,TV_Show,COD,4,12,3,0,40-50,47.0,3.0,2.0,0.6666666666666666,173,179,14613.87,0.28,0.3333333333333333,1.0,0.0,0.0,0,0,0.0,0.0,0,0,0.0,0.0,0,0,0.0,43841.61,3,2,0.6666666666666666,0
LGS2ORD0042579,C015410,2025-12-04 05:00:00,Male,46,Bronze,TV,Bangkok,1219,CallCenter,COD,5,12,3,0,40-50,40.63333333333333,7.0,0.0,0.0,-1,145,4720.145714285715,0.23,0.7142857142857143,0.14285714285714285,0.0,0.0,0,0,0.0,0.0,0,0,0.0,0.0,0,0,0.0,33041.020000000004,7,0,0.0,0
LGS2ORD0042580,C011220,2025-12-04 05:00:00,Male,71,Bronze,CallCenter,Bangkok,958,Shopee,COD,5,12,3,0,>50,31.933333333333334,11.0,2.0,0.18181818181818182,72,35,3385.863636363637,0.28,0.5454545454545454,0.2727272727272727,0.09090909090909091,0.0,0,0,0.0,0.0,0,0,0.0,25273.300000000003,7,1,0.14285714285714285,37244.50000000001,11,2,0.18181818181818182,0
LGS2ORD0042581,C010365,2025-12-04 05:00:00,Female,18,Bronze,Web,Chonburi,1486,Shopee,PromptPay,5,12,3,0,<20,49.53333333333333,4.0,1.0,0.25,277,139,4088.7925000000005,0.18,0.5,0.0,0.0,0.0,0,0,0.0,0.0,0,0,0.0,0.0,0,0,0.0,16355.170000000002,4,1,0.25,0
LGS2ORD0042582,C012564,2025-12-04 05:00:00,Female,46,Bronze,TV,Bangkok,710,Shopee,Credit_Card,5,12,3,0,40-50,23.666666666666668,6.0,2.0,0.3333333333333333,116,124,2523.6866666666665,0.28,0.6666666666666666,0.3333333333333333,0.0,0.0,0,0,0.0,0.0,0,0,0.0,0.0,0,0,0.0,15142.119999999999,6,2,0.3333333333333333,0
LGS2ORD0042583,C014033,2025-12-04 05:00:00,Female,69,Silver,TV,Nakhon Ratchasima,692,Lazada,COD,5,12,3,0,>50,23.066666666666666,9.0,1.0,0.1111111111111111,145,41,8402.366666666667,0.25,0.6666666666666666,0.6666666666666666,0.0,0.0,0,0,0.0,0.0,0,0,0.0,34481.299999999996,2,0,0.0,75621.3,9,1,0.1111111111111111,0
LGS2ORD0042584,C015771,2025-12-04 05:00:00,Male,26,Silver,Shopee,Songkhla,880,Web,COD,5,12,3,0,20-30,29.333333333333332,5.0,0.0,0.0,-1,9,4073.4339999999997,0.3,0.4,0.6,0.0,0.0,0,0,0.0,5017.04,1,0,0.0,5017.04,1,0,0.0,20367.17,5,0,0.0,0
LGS2ORD0042585,C013625,2025-12-04 06:00:00,Male,43,Bronze,Web,Bangkok,1739,Web,COD,6,12,3,0,40-50,57.96666666666667,5.0,2.0,0.4,72,43,3180.32,0.28,0.6,0.2,0.0,0.0,0,0,0.0,0.0,0,0,0.0,11430.03,2,1,0.5,15901.6,5,2,0.4,1
LGS2ORD0042586,C017376,2025-12-04 06:00:00,Female,48,Gold,Shopee,Bangkok,1179,Web,Credit_Card,6,12,3,0,40-50,39.3,5.0,2.0,0.4,157,70,3899.308,0.28,1.0,0.2,0.0,0.0,0,0,0.0,0.0,0,0,0.0,16894.64,2,0,0.0,19496.54,5,2,0.4,1
LGS2ORD0042587,C012371,2025-12-04 06:00:00,Female,46,Bronze,TV,Khon Kaen,1767,Web,COD,6,12,3,0,40-50,58.9,7.0,3.0,0.42857142857142855,76,21,5170.030000000001,0.28,0.7142857142857143,0.2857142857142857,0.0,0.0,0,0,0.0,6196.09,1,0,0.0,11393.2,2,1,0.5,36190.21000000001,7,3,0.42857142857142855,0
LGS2ORD0042588,C013590,2025-12-04 06:00:00,Female,30,Bronze,Web,Bangkok,770,Lazada,COD,6,12,3,0,20-30,25.666666666666668,6.0,1.0,0.16666666666666666,68,21,3590.961666666666,0.28,0.3333333333333333,0.5,0.0,0.0,0,0,0.0,3408.14,1,0,0.0,14862.43,4,1,0.25,21545.769999999997,6,1,0.16666666666666666,1
LGS2ORD0042589,C017801,2025-12-04 06:00:00,Female,50,Bronze,Shopee,Phuket,686,TV_Show,COD,6,12,3,0,40-50,22.866666666666667,12.0,4.0,0.3333333333333333,100,6,7149.260833333334,0.28,0.4166666666666667,0.16666666666666666,0.0,3114.94,1,0,0.0,3114.94,1,0,0.0,13673.800000000001,2,0,0.0,85791.13,12,4,0.3333333333333333,1
LGS2ORD0042590,C012442,2025-12-04 07:00:00,Female,48,Bronze,Web,Phuket,500,Lazada,Credit_Card,7,12,3,0,40-50,16.666666666666668,3.0,1.0,0.3333333333333333,207,76,3300.616666666667,0.18,0.3333333333333333,0.0,0.0,0.0,0,0,0.0,0.0,0,0,0.0,3423.06,1,0,0.0,9901.85,3,1,0.3333333333333333,0
LGS2ORD0042591,C016171,2025-12-04 07:00:00,Male,25,Silver,TV,Bangkok,453,Web,COD,7,12,3,0,20-30,15.1,8.0,1.0,0.125,182,9,5760.86875,0.15,0.875,0.0,0.0,0.0,0,0,0.0,4787.4,2,0,0.0,6947.19,3,0,0.0,46086.95,8,1,0.125,1
LGS2ORD0042592,C016317,2025-12-04 07:00:00,Male,45,Bronze,Shopee,Bangkok,392,TV_Show,Credit_Card,7,12,3,0,40-50,13.066666666666666,7.0,3.0,0.42857142857142855,273,3,1712.0742857142855,0.23,0.8571428571428571,0.42857142857142855,0.0,2368.25,1,0,0.0,2368.25,1,0,0.0,3945.1,2,0,0.0,11984.519999999999,7,3,0.42857142857142855,0
LGS2ORD0042593,C010508,2025-12-04 07:00:00,Male,57,Bronze,TV,Chiang Mai,763,Web,COD,7,12,3,0,>50,25.433333333333334,5.0,1.0,0.2,240,46,2086.186,0.28,0.2,0.2,0.0,0.0,0,0,0.0,0.0,0,0,0.0,556.48,1,0,0.0,10430.93,5,1,0.2,0
LGS2ORD0042594,C017728,2025-12-04 07:00:00,Female,34,Platinum,Lazada,Khon Kaen,608,Lazada,Bank_Transfer,7,12,3,0,30-40,20.266666666666666,5.0,1.0,0.2,281,56,4292.375999999999,0.3,0.4,0.4,0.0,0.0,0,0,0.0,0.0,0,0,0.0,4796.25,2,0,0.0,21461.879999999997,5,1,0.2,0
LGS2ORD0042595,C015646,2025-12-04 08:00:00,Male,54,Bronze,Web,Bangkok,1763,CallCenter,Credit_Card,8,12,3,0,>50,58.766666666666666,4.0,0.0,0.0,-1,62,3806.3975,0.28,0.75,0.5,0.0,0.0,0,0,0.0,0.0,0,0,0.0,4475.38,1,0,0.0,15225.59,4,0,0.0,0
LGS2ORD0042596,C012698,2025-12-04 08:00:00,Male,38,Gold,Web,Bangkok,435,Shopee,COD,8,12,3,0,30-40,14.5,1.0,0.0,0.0,-1,257,761.25,0.33,0.0,1.0,0.0,0.0,0,0,0.0,0.0,0,0,0.0,0.0,0,0,0.0,761.25,1,0,0.0,0
LGS2ORD0042597,C014760,2025-12-04 08:00:00,Female,44,Gold,TV,Chiang Mai,519,Shopee,COD,8,12,3,0,40-50,17.3,4.0,0.0,0.0,-1,123,5839.032499999999,0.28,0.5,0.25,0.0,0.0,0,0,0.0,0.0,0,0,0.0,0.0,0,0,0.0,23356.129999999997,4,0,0.0,0
LGS2ORD0042598,C011722,2025-12-04 08:00:00,Female,43,Silver,TV,Khon Kaen,1408,TV_Show,COD,8,12,3,0,40-50,46.93333333333333,6.0,1.0,0.16666666666666666,279,49,3014.805,0.3,0.5,0.3333333333333333,0.0,0.0,0,0,0.0,0.0,0,0,0.0,1297.69,1,0,0.0,18088.829999999998,6,1,0.16666666666666666,1
LGS2ORD0042599,C010340,2025-12-04 08:00:00,Male,53,Platinum,Shopee,Khon Kaen,1528,Shopee,COD,8,12,3,0,>50,50.93333333333333,11.0,1.0,0.09090909090909091,258,106,1853.1718181818185,0.3,0.7272727272727273,0.36363636363636365,0.0,0.0,0,0,0.0,0.0,0,0,0.0,0.0,0,0,0.0,20384.890000000003,11,1,0.09090909090909091,0
LGS2ORD0042600,C015750,2025-12-04 09:00:00,Female,46,Gold,Lazada,Bangkok,1014,Lazada,Credit_Card,9,12,3,0,40-50,33.8,11.0,2.0,0.18181818181818182,275,46,4969.480909090908,0.28,0.5454545454545454,0.18181818181818182,0.0,0.0,0,0,0.0,0.0,0,0,0.0,15588.72,2,0,0.0,54664.28999999999,11,2,0.18181818181818182,0
LGS2ORD0042601,C011168,2025-12-04 09:00:00,Male,45,Bronze,Lazada,Bangkok,364,Shopee,COD,9,12,3,0,40-50,12.133333333333333,7.0,2.0,0.2857142857142857,21,33,4598.447142857143,0.23,0.5714285714285714,0.14285714285714285,0.0,0.0,0,0,0.0,0.0,0,0,0.0,372.95,1,1,1.0,32189.13,7,2,0.2857142857142857,1
LGS2ORD0042602,C015779,2025-12-04 09:00:00,Male,44,Bronze,Lazada,Bangkok,982,TV_Show,COD,9,12,3,0,40-50,32.733333333333334,6.0,0.0,0.0,-1,8,2442.5899999999997,0.28,0.3333333333333333,0.5,0.0,0.0,0,0,0.0,9803.92,3,0,0.0,9803.92,3,0,0.0,14655.539999999999,6,0,0.0,0
LGS2ORD0042603,C013952,2025-12-04 09:00:00,Female,32,Silver,Shopee,Bangkok,1099,Shopee,COD,9,12,3,0,30-40,36.63333333333333,12.0,4.0,0.3333333333333333,77,54,3733.52,0.25,0.75,0.25,0.0,0.0,0,0,0.0,0.0,0,0,0.0,17002.23,4,1,0.25,44802.24,12,4,0.3333333333333333,0
LGS2ORD0042604,C015616,2025-12-04 09:00:00,Female,41,Bronze,Shopee,Phuket,369,Shopee,COD,9,12,3,0,40-50,12.3,4.0,1.0,0.25,50,33,3889.0675,0.18,0.5,0.0,0.0,0.0,0,0,0.0,0.0,0,0,0.0,5933.48,2,1,0.5,15556.27,4,1,0.25,0
LGS2ORD0042605,C017481,2025-12-04 09:00:00,Male,54,Bronze,Shopee,Nakhon Ratchasima,547,Web,COD,9,12,3,0,>50,18.233333333333334,10.0,3.0,0.3,6,8,5541.082,0.28,0.5,0.2,0.0,0.0,0,0,0.0,3534.33,2,1,0.5,6053.0,4,3,0.75,55410.82000000001,10,3,0.3,0
LGS2ORD0042606,C015521,2025-12-04 10:00:00,Male,34,Gold,Shopee,Chiang Mai,1497,CallCenter,COD,10,12,3,0,30-40,49.9,5.0,2.0,0.4,18,24,5201.582,0.28,0.6,0.2,0.0,0.0,0,0,0.0,1281.79,1,1,1.0,3624.56,3,1,0.3333333333333333,26007.910000000003,5,2,0.4,0
LGS2ORD0042607,C010330,2025-12-04 10:00:00,Female,43,Bronze,TV,Bangkok,382,Web,Bank_Transfer,10,12,3,0,40-50,12.733333333333333,6.0,2.0,0.3333333333333333,138,126,3096.6533333333336,0.28,0.8333333333333334,0.3333333333333333,0.0,0.0,0,0,0.0,0.0,0,0,0.0,0.0,0,0,0.0,18579.920000000002,6,2,0.3333333333333333,0
LGS2ORD0042608,C013546,2025-12-04 10:00:00,Female,60,Gold,Shopee,Chonburi,1582,Shopee,COD,10,12,3,0,>50,52.733333333333334,6.0,1.0,0.16666666666666666,200,71,3440.3199999999997,0.33,0.5,0.6666666666666666,0.0,0.0,0,0,0.0,0.0,0,0,0.0,2776.25,1,0,0.0,20641.92,6,1,0.16666666666666666,0
LGS2ORD0042609,C013536,2025-12-04 10:00:00,Female,52,Silver,Web,Bangkok,1069,TV_Show,Credit_Card,10,12,3,0,>50,35.63333333333333,5.0,1.0,0.2,92,101,3798.828,0.25,0.6,0.2,0.0,0.0,0,0,0.0,0.0,0,0,0.0,0.0,0,0,0.0,18994.14,5,1,0.2,0
LGS2ORD0042610,C010994,2025-12-04 10:00:00,Female,35,Silver,Lazada,Bangkok,1354,TV_Show,COD,10,12,3,0,30-40,45.13333333333333,6.0,2.0,0.3333333333333333,22,38,9537.93,0.25,0.16666666666666666,0.16666666666666666,0.0,0.0,0,0,0.0,0.0,0,0,0.0,32720.01,2,1,0.5,57227.58,6,2,0.3333333333333333,1
LGS2ORD0042611,C017037,2025-12-04 11:00:00,Female,41,Bronze,Web,Bangkok,1472,CallCenter,PromptPay,11,12,3,0,40-50,49.06666666666667,10.0,1.0,0.1,34,44,5799.750999999999,0.28,0.5,0.3,0.0,0.0,0,0,0.0,0.0,0,0,0.0,16676.97,3,1,0.3333333333333333,57997.509999999995,10,1,0.1,0
LGS2ORD0042612,C012977,2025-12-04 11:00:00,Male,19,Gold,Web,Songkhla,1653,Shopee,COD,11,12,3,0,<20,55.1,2.0,0.0,0.0,-1,23,2460.635,0.08,1.0,0.0,0.0,0.0,0,0,0.0,959.99,1,0,0.0,959.99,1,0,0.0,4921.27,2,0,0.0,0
LGS2ORD0042613,C012182,2025-12-04 11:00:00,Male,41,Silver,Shopee,Bangkok,689,Web,PromptPay,11,12,3,0,40-50,22.966666666666665,2.0,0.0,0.0,-1,81,1713.84,0.1,1.0,0.0,0.0,0.0,0,0,0.0,0.0,0,0,0.0,2172.97,1,0,0.0,3427.68,2,0,0.0,0
LGS2ORD0042614,C017553,2025-12-04 11:00:00,Female,43,Gold,TV,Chiang Mai,1304,TV_Show,COD,11,12,3,0,40-50,43.46666666666667,3.0,0.0,0.0,-1,172,1474.7300000000002,0.28,0.3333333333333333,0.3333333333333333,0.0,0.0,0,0,0.0,0.0,0,0,0.0,0.0,0,0,0.0,4424.1900000000005,3,0,0.0,0
LGS2ORD0042615,C014327,2025-12-04 11:00:00,Male,29,Silver,Lazada,Bangkok,1704,Lazada,PromptPay,11,12,3,0,20-30,56.8,2.0,0.0,0.0,-1,77,6742.965,0.1,1.0,0.0,0.0,0.0,0,0,0.0,0.0,0,0,0.0,9032.13,1,0,0.0,13485.93,2,0,0.0,1
LGS2ORD0042616,C011700,2025-12-04 12:00:00,Female,30,Bronze,Lazada,Bangkok,1581,Web,COD,12,12,3,0,20-30,52.7,4.0,1.0,0.25,298,49,5010.17,0.08,0.25,0.0,0.0,0.0,0,0,0.0,0.0,0,0,0.0,11456.05,1,0,0.0,20040.68,4,1,0.25,0
LGS2ORD0042617,C010600,2025-12-04 12:00:00,Female,35,Silver,Lazada,Bangkok,469,Web,COD,12,12,3,0,30-40,15.633333333333333,3.0,1.0,0.3333333333333333,39,24,4723.25,0.2,0.6666666666666666,0.0,0.0,0.0,0,0,0.0,5825.08,1,0,0.0,10481.35,2,1,0.5,14169.75,3,1,0.3333333333333333,0
LGS2ORD0042618,C016881,2025-12-04 12:00:00,Male,23,Bronze,Shopee,Bangkok,1011,Shopee,Credit_Card,12,12,3,0,20-30,33.7,3.0,0.0,0.0,-1,58,3518.78,0.23,0.0,0.3333333333333333,0.0,0.0,0,0,0.0,0.0,0,0,0.0,4179.88,2,0,0.0,10556.34,3,0,0.0,1
LGS2ORD0042619,C010626,2025-12-04 12:00:00,Female,49,Bronze,CallCenter,Remote_Area,1789,CallCenter,PromptPay,12,12,3,0,40-50,59.63333333333333,5.0,2.0,0.4,49,57,8799.7,0.23,0.4,0.2,0.0,0.0,0,0,0.0,0.0,0,0,0.0,883.32,1,1,1.0,43998.5,5,2,0.4,1
LGS2ORD0042620,C017617,2025-12-04 12:00:00,Female,44,Bronze,TV,Remote_Area,1463,CallCenter,Bank_Transfer,12,12,3,0,40-50,48.766666666666666,7.0,5.0,0.7142857142857143,8,21,6721.590000000001,0.23,0.8571428571428571,0.2857142857142857,0.0,0.0,0,0,0.0,11170.05,1,1,1.0,13716.91,2,2,1.0,47051.130000000005,7,5,0.7142857142857143,0
LGS2ORD0042621,C014278,2025-12-04 13:00:00,Female,45,Bronze,CallCenter,Chiang Mai,1039,TV_Show,COD,13,12,3,0,40-50,34.63333333333333,4.0,1.0,0.25,114,120,5080.695,0.28,0.5,0.25,0.0,0.0,0,0,0.0,0.0,0,0,0.0,0.0,0,0,0.0,20322.78,4,1,0.25,1
LGS2ORD0042622,C012277,2025-12-04 13:00:00,Male,34,Gold,Shopee,Bangkok,551,CallCenter,COD,13,12,3,0,30-40,18.366666666666667,4.0,1.0,0.25,4,13,4131.3,0.33,0.0,0.5,0.0,0.0,0,0,0.0,5860.93,1,1,1.0,12195.84,2,1,0.5,16525.2,4,1,0.25,1
LGS2ORD0042623,C014302,2025-12-04 13:00:00,Male,42,Silver,Web,Bangkok,513,TV_Show,PromptPay,13,12,3,0,40-50,17.1,3.0,0.0,0.0,-1,81,8916.63,0.2,0.3333333333333333,0.0,0.0,0.0,0,0,0.0,0.0,0,0,0.0,21990.35,1,0,0.0,26749.89,3,0,0.0,0
LGS2ORD0042624,C017120,2025-12-04 13:00:00,Female,42,Silver,Web,Bangkok,1650,TV_Show,PromptPay,13,12,3,0,40-50,55.0,2.0,0.0,0.0,-1,147,12635.744999999999,0.1,1.0,0.0,0.0,0.0,0,0,0.0,0.0,0,0,0.0,0.0,0,0,0.0,25271.489999999998,2,0,0.0,0
LGS2ORD0042625,C016389,2025-12-04 13:00:00,Male,49,Bronze,Lazada,Remote_Area,842,Shopee,Bank_Transfer,13,12,3,0,40-50,28.066666666666666,8.0,3.0,0.375,47,31,10548.7225,0.18,0.625,0.0,0.0,0.0,0,0,0.0,0.0,0,0,0.0,18161.47,2,1,0.5,84389.78,8,3,0.375,0
LGS2ORD0042626,C015018,2025-12-04 13:00:00,Male,37,Gold,TV,Phuket,1720,Lazada,COD,13,12,3,0,30-40,57.333333333333336,6.0,0.0,0.0,-1,184,2294.6516666666666,0.28,0.5,0.16666666666666666,0.0,0.0,0,0,0.0,0.0,0,0,0.0,0.0,0,0,0.0,13767.91,6,0,0.0,0
LGS2ORD0042627,C014636,2025-12-04 14:00:00,Female,29,Bronze,TV,Remote_Area,1415,Web,Credit_Card,14,12,3,0,20-30,47.166666666666664,10.0,4.0,0.4,-10,2,10125.848000000002,0.28,0.8,0.4,0.0,11775.08,1,1,1.0,29917.1,2,2,1.0,29917.1,2,2,1.0,101258.48000000001,10,4,0.4,0
LGS2ORD0042628,C011187,2025-12-04 14:00:00,Male,50,Bronze,Shopee,Nakhon Ratchasima,1250,Web,COD,14,12,3,0,40-50,41.666666666666664,7.0,1.0,0.14285714285714285,161,9,4764.43,0.28,0.7142857142857143,0.42857142857142855,0.0,0.0,0,0,0.0,1962.7,1,0,0.0,1962.7,1,0,0.0,33351.01,7,1,0.14285714285714285,1
LGS2ORD0042629,C011344,2025-12-04 14:00:00,Female,44,Bronze,Web,Nakhon Ratchasima,434,Lazada,Bank_Transfer,14,12,3,0,40-50,14.466666666666667,6.0,1.0,0.16666666666666666,26,7,6172.799999999999,0.28,0.6666666666666666,0.3333333333333333,0.0,0.0,0,0,0.0,18794.96,1,0,0.0,25486.739999999998,3,1,0.3333333333333333,37036.799999999996,6,1,0.16666666666666666,0
LGS2ORD0042630,C013756,2025-12-04 14:00:00,Female,33,Bronze,TV,Chonburi,724,Shopee,COD,14,12,3,0,30-40,24.133333333333333,7.0,0.0,0.0,-1,58,7271.665714285715,0.23,0.2857142857142857,0.14285714285714285,0.0,0.0,0,0,0.0,0.0,0,0,0.0,696.26,1,0,0.0,50901.66,7,0,0.0,1
LGS2ORD0042631,C017356,2025-12-04 14:00:00,Male,37,Bronze,TV,Phuket,1662,TV_Show,Credit_Card,14,12,3,0,30-40,55.4,9.0,2.0,0.2222222222222222,104,94,10373.993333333332,0.23,0.4444444444444444,0.1111111111111111,0.0,0.0,0,0,0.0,0.0,0,0,0.0,0.0,0,0,0.0,93365.93999999999,9,2,0.2222222222222222,0
LGS2ORD0042632,C015931,2025-12-04 15:00:00,Male,37,Silver,Web,Nakhon Ratchasima,967,Shopee,COD,15,12,3,0,30-40,32.233333333333334,8.0,1.0,0.125,-5,9,2576.0562500000005,0.25,0.875,0.25,0.0,0.0,0,0,0.0,6331.49,3,1,0.3333333333333333,16069.93,5,1,0.2,20608.450000000004,8,1,0.125,1
LGS2ORD0042633,C017580,2025-12-04 15:00:00,Male,35,Bronze,TV,Bangkok,1526,Lazada,Credit_Card,15,12,3,0,30-40,50.86666666666667,5.0,1.0,0.2,156,15,10302.426,0.28,0.4,0.2,0.0,0.0,0,0,0.0,1088.29,1,0,0.0,1088.29,1,0,0.0,51512.13,5,1,0.2,0
LGS2ORD0042634,C010028,2025-12-04 15:00:00,Male,32,Bronze,TV,Phuket,1047,TV_Show,PromptPay,15,12,3,0,30-40,34.9,10.0,6.0,0.6,1,9,6399.5199999999995,0.28,0.5,0.4,0.0,0.0,0,0,0.0,1346.9,1,1,1.0,1346.9,1,1,1.0,63995.2,10,6,0.6,0
LGS2ORD0042635,C012745,2025-12-04 15:00:00,Male,43,Silver,Lazada,Songkhla,439,Shopee,COD,15,12,3,0,40-50,14.633333333333333,7.0,5.0,0.7142857142857143,-10,4,6083.068571428572,0.3,0.42857142857142855,0.2857142857142857,0.0,4003.48,1,1,1.0,4003.48,1,1,1.0,4003.48,1,1,1.0,42581.48,7,5,0.7142857142857143,0
LGS2ORD0042636,C013427,2025-12-04 15:00:00,Male,53,Bronze,Shopee,Phuket,1707,Shopee,COD,15,12,3,0,>50,56.9,8.0,4.0,0.5,20,16,4164.68875,0.28,0.75,0.375,0.0,0.0,0,0,0.0,1859.22,1,0,0.0,2408.01,2,1,0.5,33317.51,8,4,0.5,0
LGS2ORD0042637,C011146,2025-12-04 16:00:00,Male,38,Gold,Lazada,Chiang Mai,642,CallCenter,COD,16,12,3,0,30-40,21.4,5.0,1.0,0.2,196,6,1539.7920000000001,0.2299999999999999,0.6,0.2,0.0,291.05,1,0,0.0,291.05,1,0,0.0,291.05,1,0,0.0,7698.960000000001,5,1,0.2,1
LGS2ORD0042638,C014860,2025-12-04 16:00:00,Male,33,Bronze,TV,Songkhla,1418,Lazada,PromptPay,16,12,3,0,30-40,47.266666666666666,11.0,0.0,0.0,-1,9,5077.991818181818,0.28,0.5454545454545454,0.36363636363636365,0.0,0.0,0,0,0.0,939.78,1,0,0.0,939.78,1,0,0.0,55857.91,11,0,0.0,0
LGS2ORD0042639,C012999,2025-12-04 16:00:00,Male,35,Silver,Lazada,Chiang Mai,1732,TV_Show,Credit_Card,16,12,3,0,30-40,57.733333333333334,7.0,2.0,0.2857142857142857,0,12,2748.058571428571,0.3,0.7142857142857143,0.5714285714285714,0.0,0.0,0,0,0.0,8659.71,2,1,0.5,13891.55,4,2,0.5,19236.41,7,2,0.2857142857142857,0
LGS2ORD0042640,C012666,2025-12-04 16:00:00,Female,44,Bronze,TV,Chonburi,1504,Shopee,Bank_Transfer,16,12,3,0,40-50,50.13333333333333,4.0,0.0,0.0,-1,27,6212.617499999999,0.13,0.5,0.0,0.0,0.0,0,0,0.0,1725.06,1,0,0.0,4592.66,2,0,0.0,24850.469999999998,4,0,0.0,0
LGS2ORD0042641,C015968,2025-12-04 16:00:00,Female,30,Silver,Shopee,Chiang Mai,1676,Shopee,COD,16,12,3,0,20-30,55.86666666666667,3.0,2.0,0.6666666666666666,210,96,4371.163333333333,0.1,0.6666666666666666,0.0,0.0,0.0,0,0,0.0,0.0,0,0,0.0,0.0,0,0,0.0,13113.49,3,2,0.6666666666666666,0
LGS2ORD0042642,C015272,2025-12-04 17:00:00,Female,39,Bronze,TV,Khon Kaen,975,Shopee,COD,17,12,3,0,30-40,32.5,6.0,0.0,0.0,-1,56,3026.1083333333336,0.23,0.16666666666666666,0.16666666666666666,0.0,0.0,0,0,0.0,0.0,0,0,0.0,4998.29,1,0,0.0,18156.65,6,0,0.0,0
LGS2ORD0042643,C014249,2025-12-04 17:00:00,Female,41,Gold,Web,Remote_Area,1408,Lazada,Credit_Card,17,12,3,0,40-50,46.93333333333333,6.0,2.0,0.3333333333333333,44,38,3659.2550000000006,0.33,0.5,0.5,0.0,0.0,0,0,0.0,0.0,0,0,0.0,6076.4,2,1,0.5,21955.530000000002,6,2,0.3333333333333333,1
LGS2ORD0042644,C017144,2025-12-04 17:00:00,Female,51,Platinum,Web,Bangkok,879,Lazada,COD,17,12,3,0,>50,29.3,3.0,0.0,0.0,-1,141,4863.696666666667,0.25,0.3333333333333333,0.3333333333333333,0.0,0.0,0,0,0.0,0.0,0,0,0.0,0.0,0,0,0.0,14591.09,3,0,0.0,0
LGS2ORD0042645,C016111,2025-12-04 17:00:00,Female,47,Bronze,Shopee,Nakhon Ratchasima,513,TV_Show,COD,17,12,3,0,40-50,17.1,6.0,1.0,0.16666666666666666,254,40,5430.5199999999995,0.28,0.5,0.3333333333333333,0.0,0.0,0,0,0.0,0.0,0,0,0.0,8454.73,2,0,0.0,32583.12,6,1,0.16666666666666666,0
LGS2ORD0042646,C012790,2025-12-04 17:00:00,Female,18,Silver,TV,Bangkok,1731,TV_Show,Credit_Card,17,12,3,0,<20,57.7,6.0,2.0,0.3333333333333333,93,19,6871.826666666667,0.2,0.16666666666666666,0.0,0.0,0.0,0,0,0.0,1530.29,1,0,0.0,1530.29,1,0,0.0,41230.96,6,2,0.3333333333333333,0
LGS2ORD0042647,C016273,2025-12-04 17:00:00,Female,55,Gold,TV,Phuket,376,CallCenter,COD,17,12,3,0,>50,12.533333333333333,8.0,4.0,0.5,5,12,4743.17375,0.33,0.75,0.625,0.0,0.0,0,0,0.0,3533.63,2,1,0.5,5246.83,3,1,0.3333333333333333,37945.39,8,4,0.5,0
LGS2ORD0042648,C015506,2025-12-04 18:00:00,Male,37,Silver,Shopee,Khon Kaen,406,Shopee,Credit_Card,18,12,3,0,30-40,13.533333333333333,5.0,1.0,0.2,3,16,6816.473999999999,0.25,0.2,0.2,0.0,0.0,0,0,0.0,8684.97,2,1,0.5,8684.97,2,1,0.5,34082.369999999995,5,1,0.2,0
LGS2ORD0042649,C014490,2025-12-04 18:00:00,Female,33,Gold,Web,Remote_Area,651,CallCenter,COD,18,12,3,0,30-40,21.7,5.0,3.0,0.6,12,25,8746.079999999998,0.28,0.8,0.2,0.0,0.0,0,0,0.0,24931.51,2,2,1.0,24931.51,2,2,1.0,43730.399999999994,5,3,0.6,1
LGS2ORD0042650,C010815,2025-12-04 18:00:00,Female,40,Gold,Web,Nakhon Ratchasima,1617,Shopee,COD,18,12,3,0,30-40,53.9,1.0,0.0,0.0,-1,77,901.17,0.08,0.0,0.0,0.0,0.0,0,0,0.0,0.0,0,0,0.0,901.17,1,0,0.0,901.17,1,0,0.0,0
LGS2ORD0042651,C014071,2025-12-04 18:00:00,Male,44,Bronze,CallCenter,Remote_Area,1740,Lazada,PromptPay,18,12,3,0,40-50,58.0,5.0,2.0,0.4,-4,3,6411.398,0.23,0.4,0.2,0.0,2905.62,1,1,1.0,6106.77,2,1,0.5,6106.77,2,1,0.5,32056.99,5,2,0.4,0
LGS2ORD0042652,C017289,2025-12-04 18:00:00,Female,38,Platinum,TV,Khon Kaen,1633,TV_Show,Credit_Card,18,12,3,0,30-40,54.43333333333333,10.0,1.0,0.1,91,23,3493.428,0.35,0.6,0.5,0.0,0.0,0,0,0.0,1654.82,1,0,0.0,13025.82,3,0,0.0,34934.28,10,1,0.1,0
LGS2ORD0042653,C016115,2025-12-04 19:00:00,Female,37,Bronze,Shopee,Remote_Area,785,Web,COD,19,12,3,0,30-40,26.166666666666668,7.0,2.0,0.2857142857142857,25,35,6394.585714285715,0.28,0.5714285714285714,0.5714285714285714,0.0,0.0,0,0,0.0,0.0,0,0,0.0,3289.68,1,1,1.0,44762.100000000006,7,2,0.2857142857142857,1
LGS2ORD0042654,C017062,2025-12-04 19:00:00,Female,18,Gold,CallCenter,Nakhon Ratchasima,1317,CallCenter,COD,19,12,3,0,<20,43.9,5.0,0.0,0.0,-1,10,8864.168,0.2299999999999999,0.4,0.2,0.0,0.0,0,0,0.0,5429.96,2,0,0.0,41882.24,3,0,0.0,44320.84,5,0,0.0,0
LGS2ORD0042655,C012311,2025-12-04 19:00:00,Other,39,Bronze,TV,Phuket,884,Shopee,Credit_Card,19,12,3,0,30-40,29.466666666666665,9.0,3.0,0.3333333333333333,77,70,5554.025555555555,0.28,0.3333333333333333,0.3333333333333333,0.0,0.0,0,0,0.0,0.0,0,0,0.0,22970.07,2,1,0.5,49986.229999999996,9,3,0.3333333333333333,0
LGS2ORD0042656,C014394,2025-12-04 19:00:00,Male,42,Platinum,TV,Nakhon Ratchasima,1413,Shopee,COD,19,12,3,0,40-50,47.1,11.0,2.0,0.18181818181818182,27,38,3000.3254545454547,0.35,0.6363636363636364,0.2727272727272727,0.0,0.0,0,0,0.0,0.0,0,0,0.0,3133.01,1,1,1.0,33003.58,11,2,0.18181818181818182,0
LGS2ORD0042657,C016095,2025-12-04 19:00:00,Male,53,Gold,CallCenter,Nakhon Ratchasima,994,Web,Credit_Card,19,12,3,0,>50,33.13333333333333,1.0,0.0,0.0,-1,92,755.58,0.2299999999999999,0.0,1.0,0.0,0.0,0,0,0.0,0.0,0,0,0.0,0.0,0,0,0.0,755.58,1,0,0.0,0
LGS2ORD0042658,C014179,2025-12-04 20:00:00,Male,18,Silver,Lazada,Songkhla,648,Web,Bank_Transfer,20,12,3,0,<20,21.6,11.0,1.0,0.09090909090909091,233,24,8258.43090909091,0.25,0.36363636363636365,0.09090909090909091,0.0,0.0,0,0,0.0,4780.72,1,0,0.0,4780.72,1,0,0.0,90842.74,11,1,0.09090909090909091,0
LGS2ORD0042659,C012517,2025-12-04 20:00:00,Female,38,Bronze,CallCenter,Nakhon Ratchasima,532,TV_Show,COD,20,12,3,0,30-40,17.733333333333334,5.0,1.0,0.2,141,1,5358.48,0.23,0.2,0.2,0.0,934.16,1,0,0.0,12804.56,2,0,0.0,12804.56,2,0,0.0,26792.399999999998,5,1,0.2,0
LGS2ORD0042660,C010123,2025-12-04 20:00:00,Female,45,Bronze,CallCenter,Khon Kaen,621,CallCenter,COD,20,12,3,0,40-50,20.7,4.0,2.0,0.5,78,90,8300.87,0.28,0.25,0.5,0.0,0.0,0,0,0.0,0.0,0,0,0.0,0.0,0,0,0.0,33203.48,4,2,0.5,1
LGS2ORD0042661,C013828,2025-12-04 20:00:00,Female,39,Silver,Lazada,Khon Kaen,1518,Lazada,PromptPay,20,12,3,0,30-40,50.6,4.0,0.0,0.0,-1,30,3502.16,0.3,0.25,0.25,0.0,0.0,0,0,0.0,0.0,0,0,0.0,9513.949999999999,2,0,0.0,14008.64,4,0,0.0,0
LGS2ORD0042662,C014304,2025-12-04 20:00:00,Female,40,Platinum,Shopee,Bangkok,874,Web,Credit_Card,20,12,3,0,30-40,29.133333333333333,4.0,1.0,0.25,215,188,2993.465,0.25,0.5,0.75,0.0,0.0,0,0,0.0,0.0,0,0,0.0,0.0,0,0,0.0,11973.86,4,1,0.25,0
LGS2ORD0042663,C016854,2025-12-04 21:00:00,Female,41,Silver,TV,Khon Kaen,364,TV_Show,PromptPay,21,12,3,0,40-50,12.133333333333333,5.0,1.0,0.2,179,8,9037.454000000002,0.3,0.6,0.4,0.0,0.0,0,0,0.0,2267.51,1,0,0.0,2267.51,1,0,0.0,45187.270000000004,5,1,0.2,0
LGS2ORD0042664,C017840,2025-12-04 21:00:00,Male,39,Bronze,Shopee,Chiang Mai,400,TV_Show,COD,21,12,3,0,30-40,13.333333333333334,7.0,2.0,0.2857142857142857,49,65,5588.482857142857,0.23,0.42857142857142855,0.14285714285714285,0.0,0.0,0,0,0.0,0.0,0,0,0.0,12023.98,2,1,0.5,39119.38,7,2,0.2857142857142857,1
LGS2ORD0042665,C017555,2025-12-04 21:00:00,Female,72,Gold,Web,Phuket,1537,TV_Show,Bank_Transfer,21,12,3,0,>50,51.233333333333334,5.0,1.0,0.2,214,62,2476.63,0.28,0.4,0.4,0.0,0.0,0,0,0.0,0.0,0,0,0.0,8291.28,1,0,0.0,12383.150000000001,5,1,0.2,0
LGS2ORD0042666,C012211,2025-12-04 21:00:00,Female,37,Platinum,CallCenter,Phuket,1390,TV_Show,Bank_Transfer,21,12,3,0,30-40,46.333333333333336,4.0,0.0,0.0,-1,85,8201.592499999999,0.2,0.5,0.0,0.0,0.0,0,0,0.0,0.0,0,0,0.0,11870.64,1,0,0.0,32806.369999999995,4,0,0.0,0
LGS2ORD0042667,C015484,2025-12-04 21:00:00,Female,47,Silver,TV,Chonburi,1026,Shopee,Credit_Card,21,12,3,0,40-50,34.2,9.0,3.0,0.3333333333333333,42,48,2215.0344444444445,0.3,0.6666666666666666,0.3333333333333333,0.0,0.0,0,0,0.0,0.0,0,0,0.0,3441.21,2,1,0.5,19935.31,9,3,0.3333333333333333,0
LGS2ORD0042668,C013792,2025-12-04 21:00:00,Female,48,Silver,Web,Bangkok,1590,Web,Credit_Card,21,12,3,0,40-50,53.0,6.0,1.0,0.16666666666666666,-10,3,3852.8316666666665,0.25,0.5,0.3333333333333333,0.0,2845.46,1,1,1.0,14218.82,2,1,0.5,18713.43,3,1,0.3333333333333333,23116.989999999998,6,1,0.16666666666666666,1
LGS2ORD0042669,C012191,2025-12-04 22:00:00,Female,58,Gold,Shopee,Bangkok,1563,TV_Show,Credit_Card,22,12,3,0,>50,52.1,7.0,2.0,0.2857142857142857,269,15,6714.312857142858,0.2299999999999999,0.5714285714285714,0.42857142857142855,0.14285714285714285,0.0,0,0,0.0,1395.7,1,0,0.0,6786.79,2,0,0.0,47000.19,7,2,0.2857142857142857,0
LGS2ORD0042670,C012888,2025-12-04 22:00:00,Female,45,Silver,TV,Bangkok,574,Web,PromptPay,22,12,3,0,40-50,19.133333333333333,7.0,1.0,0.14285714285714285,49,55,3722.2557142857145,0.3,0.5714285714285714,0.5714285714285714,0.14285714285714285,0.0,0,0,0.0,0.0,0,0,0.0,3118.7200000000003,2,1,0.5,26055.79,7,1,0.14285714285714285,0
LGS2ORD0042671,C010271,2025-12-04 22:00:00,Male,27,Gold,CallCenter,Chonburi,1196,Shopee,COD,22,12,3,0,20-30,39.86666666666667,5.0,0.0,0.0,-1,16,1979.8220000000001,0.18,0.2,0.0,0.0,0.0,0,0,0.0,1772.88,1,0,0.0,2912.21,2,0,0.0,9899.11,5,0,0.0,0
LGS2ORD0042672,C017880,2025-12-04 22:00:00,Female,32,Platinum,TV,Chonburi,700,TV_Show,COD,22,12,3,0,30-40,23.333333333333332,5.0,2.0,0.4,222,43,3896.374,0.3,0.2,0.2,0.0,0.0,0,0,0.0,0.0,0,0,0.0,9399.98,1,0,0.0,19481.87,5,2,0.4,0
LGS2ORD0042673,C011974,2025-12-04 22:00:00,Male,37,Silver,TV,Khon Kaen,1033,Lazada,Credit_Card,22,12,3,0,30-40,34.43333333333333,6.0,1.0,0.16666666666666666,250,116,8611.348333333333,0.2,0.16666666666666666,0.0,0.0,0.0,0,0,0.0,0.0,0,0,0.0,0.0,0,0,0.0,51668.090000000004,6,1,0.16666666666666666,1
LGS2ORD0042674,C017167,2025-12-04 23:00:00,Female,35,Bronze,Shopee,Remote_Area,720,Web,COD,23,12,3,0,30-40,24.0,5.0,2.0,0.4,2,15,10718.391999999998,0.28,0.0,0.2,0.0,0.0,0,0,0.0,451.17,1,1,1.0,8481.359999999999,3,2,0.6666666666666666,53591.95999999999,5,2,0.4,0
LGS2ORD0042675,C011388,2025-12-04 23:00:00,Female,57,Silver,Lazada,Nakhon Ratchasima,511,TV_Show,PromptPay,23,12,3,0,>50,17.033333333333335,4.0,1.0,0.25,153,158,5678.78,0.2,0.5,0.0,0.0,0.0,0,0,0.0,0.0,0,0,0.0,0.0,0,0,0.0,22715.12,4,1,0.25,0
LGS2ORD0042676,C016290,2025-12-04 23:00:00,Female,49,Bronze,Shopee,Chonburi,1331,Lazada,PromptPay,23,12,3,0,40-50,44.36666666666667,6.0,2.0,0.3333333333333333,47,53,4514.611666666667,0.18,0.5,0.0,0.0,0.0,0,0,0.0,0.0,0,0,0.0,4292.08,1,1,1.0,27087.67,6,2,0.3333333333333333,0
LGS2ORD0042677,C016264,2025-12-04 23:00:00,Female,45,Gold,TV,Chonburi,1088,CallCenter,COD,23,12,3,0,40-50,36.266666666666666,8.0,0.0,0.0,-1,17,5478.50125,0.28,0.625,0.375,0.0,0.0,0,0,0.0,4906.42,2,0,0.0,4906.42,2,0,0.0,43828.01,8,0,0.0,0
LGS2ORD0042678,C015504,2025-12-04 23:00:00,Female,28,Bronze,Lazada,Nakhon Ratchasima,1365,Web,COD,23,12,3,0,20-30,45.5,4.0,2.0,0.5,228,236,3321.255,0.28,0.75,0.25,0.0,0.0,0,0,0.0,0.0,0,0,0.0,0.0,0,0,0.0,13285.02,4,2,0.5,0
LGS2ORD0042679,C015947,2025-12-05 00:00:00,Female,42,Bronze,Shopee,Songkhla,1782,Shopee,Credit_Card,0,12,4,0,40-50,59.4,2.0,2.0,1.0,217,234,1233.01,0.18,0.5,0.0,0.0,0.0,0,0,0.0,0.0,0,0,0.0,0.0,0,0,0.0,2466.02,2,2,1.0,0
LGS2ORD0042680,C014926,2025-12-05 00:00:00,Female,50,Silver,Lazada,Songkhla,1196,Shopee,COD,0,12,4,0,40-50,39.86666666666667,7.0,0.0,0.0,-1,13,7147.515714285715,0.2,0.5714285714285714,0.0,0.0,0.0,0,0,0.0,4054.51,1,0,0.0,8143.92,3,0,0.0,50032.61000000001,7,0,0.0,0
LGS2ORD0042681,C010933,2025-12-05 00:00:00,Female,32,Platinum,Web,Nakhon Ratchasima,707,Shopee,Credit_Card,0,12,4,0,30-40,23.566666666666666,3.0,1.0,0.3333333333333333,179,176,1254.7633333333333,0.3,0.3333333333333333,1.0,0.0,0.0,0,0,0.0,0.0,0,0,0.0,0.0,0,0,0.0,3764.29,3,1,0.3333333333333333,0
LGS2ORD0042682,C011598,2025-12-05 00:00:00,Female,29,Silver,TV,Remote_Area,541,Web,PromptPay,0,12,4,0,20-30,18.033333333333335,5.0,1.0,0.2,-10,1,8396.068,0.25,0.2,0.4,0.0,17877.34,2,1,0.5,17877.34,2,1,0.5,17877.34,2,1,0.5,41980.34,5,1,0.2,0
LGS2ORD0042683,C010470,2025-12-05 00:00:00,Male,34,Bronze,TV,Phuket,368,TV_Show,COD,0,12,4,0,30-40,12.266666666666667,4.0,2.0,0.5,15,21,5555.7625,0.23,0.5,0.25,0.0,0.0,0,0,0.0,10509.78,2,1,0.5,10509.78,2,1,0.5,22223.05,4,2,0.5,1
LGS2ORD0042684,C012303,2025-12-05 00:00:00,Male,39,Silver,TV,Nakhon Ratchasima,1537,TV_Show,PromptPay,0,12,4,0,30-40,51.233333333333334,9.0,1.0,0.1111111111111111,216,29,4243.947777777777,0.3,0.3333333333333333,0.4444444444444444,0.0,0.0,0,0,0.0,1450.55,1,0,0.0,1450.55,1,0,0.0,38195.53,9,1,0.1111111111111111,0
LGS2ORD0042685,C015503,2025-12-05 01:00:00,Female,46,Bronze,Lazada,Remote_Area,1004,Lazada,COD,1,12,4,0,40-50,33.46666666666667,4.0,3.0,0.75,0,9,5132.1475,0.23,0.75,0.25,0.0,0.0,0,0,0.0,12557.640000000001,2,2,1.0,13553.750000000002,3,3,1.0,20528.59,4,3,0.75,1
LGS2ORD0042686,C014442,2025-12-05 01:00:00,Male,18,Bronze,Web,Bangkok,1242,Shopee,COD,1,12,4,0,<20,41.4,5.0,3.0,0.6,117,131,4359.1900000000005,0.18,0.4,0.0,0.0,0.0,0,0,0.0,0.0,0,0,0.0,0.0,0,0,0.0,21795.95,5,3,0.6,1
LGS2ORD0042687,C013031,2025-12-05 01:00:00,Female,40,Silver,TV,Phuket,1407,Shopee,COD,1,12,4,0,30-40,46.9,12.0,0.0,0.0,-1,22,4531.841666666666,0.25,0.4166666666666667,0.25,0.0,0.0,0,0,0.0,4763.24,1,0,0.0,26020.479999999996,3,0,0.0,54382.1,12,0,0.0,1
LGS2ORD0042688,C013608,2025-12-05 01:00:00,Female,56,Gold,Web,Bangkok,1436,Lazada,COD,1,12,4,0,>50,47.86666666666667,1.0,0.0,0.0,-1,9,7913.45,0.2299999999999999,0.0,1.0,0.0,0.0,0,0,0.0,7913.45,1,0,0.0,7913.45,1,0,0.0,7913.45,1,0,0.0,0
LGS2ORD0042689,C012730,2025-12-05 01:00:00,Female,22,Bronze,TV,Chonburi,483,TV_Show,Bank_Transfer,1,12,4,0,20-30,16.1,14.0,1.0,0.07142857142857142,258,11,6109.720714285714,0.28,0.35714285714285715,0.2857142857142857,0.0,0.0,0,0,0.0,13295.46,1,0,0.0,13295.46,1,0,0.0,85536.09,14,1,0.07142857142857142,0
LGS2ORD0042690,C015692,2025-12-05 02:00:00,Female,40,Bronze,TV,Bangkok,1252,Web,COD,2,12,4,0,30-40,41.733333333333334,8.0,1.0,0.125,263,42,2509.795,0.28,0.25,0.25,0.0,0.0,0,0,0.0,0.0,0,0,0.0,5034.09,2,0,0.0,20078.36,8,1,0.125,0
LGS2ORD0042691,C011711,2025-12-05 02:00:00,Male,50,Bronze,Shopee,Bangkok,674,Lazada,COD,2,12,4,0,40-50,22.466666666666665,2.0,1.0,0.5,283,250,7747.905,0.23,0.5,0.5,0.0,0.0,0,0,0.0,0.0,0,0,0.0,0.0,0,0,0.0,15495.81,2,1,0.5,0
LGS2ORD0042692,C011834,2025-12-05 02:00:00,Male,50,Silver,TV,Bangkok,1177,CallCenter,COD,2,12,4,0,40-50,39.233333333333334,4.0,1.0,0.25,327,91,6296.7975,0.2,0.25,0.0,0.0,0.0,0,0,0.0,0.0,0,0,0.0,0.0,0,0,0.0,25187.19,4,1,0.25,0
LGS2ORD0042693,C010501,2025-12-05 02:00:00,Male,46,Bronze,Web,Chiang Mai,1552,Shopee,COD,2,12,4,0,40-50,51.733333333333334,10.0,6.0,0.6,14,19,4904.05,0.23,0.5,0.3,0.0,0.0,0,0,0.0,4610.46,2,1,0.5,19041.71,3,1,0.3333333333333333,49040.5,10,6,0.6,0
LGS2ORD0042694,C016899,2025-12-05 02:00:00,Male,46,Bronze,Shopee,Remote_Area,575,Web,PromptPay,2,12,4,0,40-50,19.166666666666668,3.0,1.0,0.3333333333333333,120,60,2663.2433333333333,0.28,0.3333333333333333,0.3333333333333333,0.0,0.0,0,0,0.0,0.0,0,0,0.0,1249.86,1,0,0.0,7989.73,3,1,0.3333333333333333,0
LGS2ORD0042695,C015640,2025-12-05 03:00:00,Female,52,Silver,TV,Remote_Area,589,Web,COD,3,12,4,0,>50,19.633333333333333,5.0,2.0,0.4,97,110,9548.802,0.2,0.8,0.0,0.0,0.0,0,0,0.0,0.0,0,0,0.0,0.0,0,0,0.0,47744.009999999995,5,2,0.4,0
LGS2ORD0042696,C013497,2025-12-05 03:00:00,Male,36,Bronze,Shopee,Chiang Mai,365,Shopee,COD,3,12,4,0,30-40,12.166666666666666,3.0,0.0,0.0,-1,130,6447.44,0.18,1.0,0.0,0.0,0.0,0,0,0.0,0.0,0,0,0.0,0.0,0,0,0.0,19342.32,3,0,0.0,0
LGS2ORD0042697,C013203,2025-12-05 03:00:00,Male,42,Gold,Lazada,Chonburi,1117,Web,COD,3,12,4,0,40-50,37.233333333333334,3.0,0.0,0.0,-1,64,6032.856666666667,0.28,0.6666666666666666,0.3333333333333333,0.0,0.0,0,0,0.0,0.0,0,0,0.0,8651.2,1,0,0.0,18098.57,3,0,0.0,1
LGS2ORD0042698,C011776,2025-12-05 03:00:00,Female,40,Silver,CallCenter,Songkhla,1780,TV_Show,COD,3,12,4,0,30-40,59.333333333333336,2.0,2.0,1.0,11,19,2058.655,0.2,1.0,0.0,0.0,0.0,0,0,0.0,3674.4,1,1,1.0,4117.31,2,2,1.0,4117.31,2,2,1.0,1
LGS2ORD0042699,C016023,2025-12-05 03:00:00,Male,28,Silver,TV,Remote_Area,1281,Shopee,COD,3,12,4,0,20-30,42.7,5.0,2.0,0.4,162,15,4899.36,0.25,0.6,0.2,0.0,0.0,0,0,0.0,2793.81,1,0,0.0,4845.17,2,0,0.0,24496.8,5,2,0.4,0
LGS2ORD0042700,C011879,2025-12-05 04:00:00,Male,52,Gold,Shopee,Bangkok,1251,Shopee,COD,4,12,4,0,>50,41.7,5.0,0.0,0.0,-1,94,2458.1800000000003,0.33,0.2,0.4,0.0,0.0,0,0,0.0,0.0,0,0,0.0,0.0,0,0,0.0,12290.900000000001,5,0,0.0,1
LGS2ORD0042701,C012153,2025-12-05 04:00:00,Female,56,Platinum,Lazada,Bangkok,1620,Lazada,PromptPay,4,12,4,0,>50,54.0,1.0,0.0,0.0,-1,78,22012.4,0.1,0.0,0.0,0.0,0.0,0,0,0.0,0.0,0,0,0.0,22012.4,1,0,0.0,22012.4,1,0,0.0,0
LGS2ORD0042702,C017429,2025-12-05 04:00:00,Male,42,Silver,TV,Nakhon Ratchasima,1086,Shopee,Credit_Card,4,12,4,0,40-50,36.2,5.0,0.0,0.0,-1,120,3165.114,0.25,0.4,0.2,0.0,0.0,0,0,0.0,0.0,0,0,0.0,0.0,0,0,0.0,15825.57,5,0,0.0,1
LGS2ORD0042703,C017356,2025-12-05 04:00:00,Male,37,Bronze,TV,Phuket,1663,CallCenter,COD,4,12,4,0,30-40,55.43333333333333,10.0,2.0,0.2,105,0,10058.990999999998,0.23,0.4,0.1,0.0,7223.97,1,0,0.0,7223.97,1,0,0.0,7223.97,1,0,0.0,100589.90999999999,10,2,0.2,1
LGS2ORD0042704,C013661,2025-12-05 04:00:00,Male,25,Silver,Shopee,Khon Kaen,792,TV_Show,COD,4,12,4,0,20-30,26.4,2.0,1.0,0.5,34,43,7244.74,0.2,0.5,0.0,0.0,0.0,0,0,0.0,0.0,0,0,0.0,8899.77,1,1,1.0,14489.48,2,1,0.5,0
LGS2ORD0042705,C010196,2025-12-05 04:00:00,Female,61,Gold,Web,Bangkok,1246,Lazada,COD,4,12,4,0,>50,41.53333333333333,10.0,3.0,0.3,64,71,2839.202,0.33,0.2,0.5,0.0,0.0,0,0,0.0,0.0,0,0,0.0,1952.06,1,1,1.0,28392.02,10,3,0.3,0
LGS2ORD0042706,C011196,2025-12-05 05:00:00,Male,57,Bronze,Lazada,Bangkok,648,Web,Credit_Card,5,12,4,0,>50,21.6,10.0,1.0,0.1,99,101,6788.064,0.28,0.4,0.1,0.0,0.0,0,0,0.0,0.0,0,0,0.0,0.0,0,0,0.0,67880.64,10,1,0.1,0
LGS2ORD0042707,C016021,2025-12-05 05:00:00,Male,36,Platinum,TV,Nakhon Ratchasima,1628,Shopee,Bank_Transfer,5,12,4,0,30-40,54.266666666666666,3.0,1.0,0.3333333333333333,178,132,6559.793333333332,0.25,0.3333333333333333,0.3333333333333333,0.0,0.0,0,0,0.0,0.0,0,0,0.0,0.0,0,0,0.0,19679.379999999997,3,1,0.3333333333333333,0
LGS2ORD0042708,C017059,2025-12-05 05:00:00,Male,47,Bronze,CallCenter,Nakhon Ratchasima,1298,Web,Bank_Transfer,5,12,4,0,40-50,43.266666666666666,8.0,2.0,0.25,19,26,2692.9,0.23,0.625,0.125,0.0,0.0,0,0,0.0,2027.18,1,0,0.0,2808.52,2,1,0.5,21543.2,8,2,0.25,0
LGS2ORD0042709,C012171,2025-12-05 05:00:00,Female,51,Silver,Lazada,Chonburi,526,Lazada,COD,5,12,4,0,>50,17.533333333333335,6.0,1.0,0.16666666666666666,175,17,3392.876666666667,0.3,0.5,0.3333333333333333,0.0,0.0,0,0,0.0,10004.98,1,0,0.0,11953.66,2,0,0.0,20357.260000000002,6,1,0.16666666666666666,0
LGS2ORD0042710,C016089,2025-12-05 05:00:00,Female,40,Silver,TV,Chiang Mai,709,Lazada,Credit_Card,5,12,4,0,30-40,23.633333333333333,4.0,1.0,0.25,231,10,7216.517500000001,0.25,0.25,0.5,0.0,0.0,0,0,0.0,671.06,1,0,0.0,671.06,1,0,0.0,28866.070000000003,4,1,0.25,0
LGS2ORD0042711,C010710,2025-12-05 06:00:00,Female,23,Silver,Lazada,Khon Kaen,796,Web,COD,6,12,4,0,20-30,26.533333333333335,3.0,2.0,0.6666666666666666,83,100,4693.863333333334,0.25,0.0,0.3333333333333333,0.0,0.0,0,0,0.0,0.0,0,0,0.0,0.0,0,0,0.0,14081.59,3,2,0.6666666666666666,0
LGS2ORD0042712,C011924,2025-12-05 06:00:00,Female,32,Bronze,TV,Chonburi,613,TV_Show,COD,6,12,4,0,30-40,20.433333333333334,9.0,4.0,0.4444444444444444,30,18,7454.275555555555,0.28,0.4444444444444444,0.4444444444444444,0.0,0.0,0,0,0.0,6864.9,1,0,0.0,7448.58,2,1,0.5,67088.48,9,4,0.4444444444444444,0
LGS2ORD0042713,C015376,2025-12-05 06:00:00,Female,56,Silver,Shopee,Bangkok,990,Web,COD,6,12,4,0,>50,33.0,7.0,2.0,0.2857142857142857,152,10,5194.912857142857,0.3,0.5714285714285714,0.2857142857142857,0.0,0.0,0,0,0.0,7098.38,1,0,0.0,7806.81,2,0,0.0,36364.39,7,2,0.2857142857142857,1
LGS2ORD0042714,C017624,2025-12-05 06:00:00,Female,47,Bronze,TV,Nakhon Ratchasima,1756,CallCenter,PromptPay,6,12,4,0,40-50,58.53333333333333,7.0,1.0,0.14285714285714285,49,29,5359.555714285714,0.18,0.42857142857142855,0.0,0.0,0.0,0,0,0.0,6195.14,1,0,0.0,18538.95,4,1,0.25,37516.89,7,1,0.14285714285714285,1
LGS2ORD0042715,C014336,2025-12-05 06:00:00,Male,56,Gold,Web,Chonburi,827,Shopee,PromptPay,6,12,4,0,>50,27.566666666666666,7.0,2.0,0.2857142857142857,47,34,6582.421428571429,0.28,0.7142857142857143,0.42857142857142855,0.0,0.0,0,0,0.0,0.0,0,0,0.0,33082.15,4,1,0.25,46076.950000000004,7,2,0.2857142857142857,0
LGS2ORD0042716,C016380,2025-12-05 07:00:00,Female,60,Bronze,Web,Khon Kaen,868,TV_Show,Credit_Card,7,12,4,0,>50,28.933333333333334,8.0,3.0,0.375,94,84,3953.19,0.28,0.625,0.25,0.0,0.0,0,0,0.0,0.0,0,0,0.0,3477.92,1,0,0.0,31625.52,8,3,0.375,0
LGS2ORD0042717,C014311,2025-12-05 07:00:00,Female,46,Bronze,Web,Chiang Mai,1068,Lazada,COD,7,12,4,0,40-50,35.6,8.0,2.0,0.25,160,23,6789.952499999999,0.28,0.375,0.5,0.0,0.0,0,0,0.0,1804.88,1,0,0.0,3661.3,2,0,0.0,54319.619999999995,8,2,0.25,0
LGS2ORD0042718,C012162,2025-12-05 07:00:00,Male,61,Bronze,Lazada,Phuket,1609,TV_Show,COD,7,12,4,0,>50,53.63333333333333,4.0,2.0,0.5,-3,7,13435.130000000001,0.28,0.5,0.25,0.0,0.0,0,0,0.0,39731.990000000005,2,1,0.5,39731.990000000005,2,1,0.5,53740.520000000004,4,2,0.5,0
LGS2ORD0042719,C014043,2025-12-05 07:00:00,Female,40,Silver,Shopee,Chonburi,1781,Web,COD,7,12,4,0,30-40,59.36666666666667,6.0,4.0,0.6666666666666666,5,11,5371.533333333334,0.3,0.5,0.8333333333333334,0.0,0.0,0,0,0.0,1799.73,1,1,1.0,1799.73,1,1,1.0,32229.2,6,4,0.6666666666666666,0
LGS2ORD0042720,C015473,2025-12-05 07:00:00,Male,31,Bronze,Web,Chonburi,1006,Web,COD,7,12,4,0,30-40,33.53333333333333,6.0,2.0,0.3333333333333333,255,2,7144.911666666667,0.28,0.6666666666666666,0.3333333333333333,0.0,3889.04,1,0,0.0,3889.04,1,0,0.0,10026.41,2,0,0.0,42869.47,6,2,0.3333333333333333,0
LGS2ORD0042721,C017969,2025-12-05 08:00:00,Male,50,Silver,TV,Remote_Area,1386,Lazada,COD,8,12,4,0,40-50,46.2,4.0,1.0,0.25,47,19,4587.9349999999995,0.3,0.5,0.25,0.0,0.0,0,0,0.0,4134.68,1,0,0.0,15131.56,2,1,0.5,18351.739999999998,4,1,0.25,1
LGS2ORD0042722,C012644,2025-12-05 08:00:00,Male,32,Bronze,Web,Bangkok,1693,Web,COD,8,12,4,0,30-40,56.43333333333333,6.0,1.0,0.16666666666666666,284,70,6421.511666666666,0.18,0.3333333333333333,0.0,0.0,0.0,0,0,0.0,0.0,0,0,0.0,694.19,1,0,0.0,38529.07,6,1,0.16666666666666666,1
LGS2ORD0042723,C015084,2025-12-05 08:00:00,Female,30,Bronze,Shopee,Bangkok,480,TV_Show,COD,8,12,4,0,20-30,16.0,3.0,0.0,0.0,-1,48,5688.77,0.23,0.0,0.3333333333333333,0.0,0.0,0,0,0.0,0.0,0,0,0.0,14112.869999999999,2,0,0.0,17066.31,3,0,0.0,0
LGS2ORD0042724,C017168,2025-12-05 08:00:00,Male,53,Gold,Web,Bangkok,538,Shopee,COD,8,12,4,0,>50,17.933333333333334,8.0,3.0,0.375,40,14,4312.58,0.33,0.625,0.5,0.0,0.0,0,0,0.0,840.06,1,0,0.0,10419.81,4,1,0.25,34500.64,8,3,0.375,0
LGS2ORD0042725,C010965,2025-12-05 08:00:00,Male,34,Bronze,TV,Bangkok,470,Shopee,PromptPay,8,12,4,0,30-40,15.666666666666666,3.0,0.0,0.0,-1,150,7243.206666666668,0.18,0.0,0.0,0.0,0.0,0,0,0.0,0.0,0,0,0.0,0.0,0,0,0.0,21729.620000000003,3,0,0.0,0
LGS2ORD0042726,C014115,2025-12-05 08:00:00,Male,39,Bronze,Web,Remote_Area,894,Lazada,COD,8,12,4,0,30-40,29.8,9.0,2.0,0.2222222222222222,103,53,3513.8244444444445,0.28,0.6666666666666666,0.3333333333333333,0.0,0.0,0,0,0.0,0.0,0,0,0.0,2486.84,1,0,0.0,31624.420000000002,9,2,0.2222222222222222,0
LGS2ORD0042727,C016708,2025-12-05 09:00:00,Female,54,Bronze,CallCenter,Khon Kaen,1047,TV_Show,COD,9,12,4,0,>50,34.9,2.0,0.0,0.0,-1,26,5277.415000000001,0.28,0.5,0.5,0.0,0.0,0,0,0.0,9483.2,1,0,0.0,9483.2,1,0,0.0,10554.830000000002,2,0,0.0,0
LGS2ORD0042728,C015190,2025-12-05 09:00:00,Male,45,Gold,Lazada,Songkhla,1377,TV_Show,Credit_Card,9,12,4,0,40-50,45.9,1.0,0.0,0.0,-1,218,7306.63,0.28,0.0,1.0,0.0,0.0,0,0,0.0,0.0,0,0,0.0,0.0,0,0,0.0,7306.63,1,0,0.0,0
LGS2ORD0042729,C013577,2025-12-05 09:00:00,Male,51,Bronze,TV,Chiang Mai,902,Web,COD,9,12,4,0,>50,30.066666666666666,7.0,4.0,0.5714285714285714,15,26,6781.435714285714,0.28,0.5714285714285714,0.14285714285714285,0.0,0.0,0,0,0.0,432.93,1,1,1.0,9138.150000000001,3,1,0.3333333333333333,47470.05,7,4,0.5714285714285714,0
LGS2ORD0042730,C017916,2025-12-05 09:00:00,Male,40,Gold,Shopee,Chonburi,1784,Web,COD,9,12,4,0,30-40,59.46666666666667,4.0,1.0,0.25,21,35,6040.79,0.33,0.5,0.5,0.0,0.0,0,0,0.0,0.0,0,0,0.0,7536.71,2,1,0.5,24163.16,4,1,0.25,1
LGS2ORD0042731,C016731,2025-12-05 09:00:00,Female,48,Gold,Shopee,Songkhla,474,Shopee,Credit_Card,9,12,4,0,40-50,15.8,9.0,2.0,0.2222222222222222,65,23,6513.542222222222,0.33,0.5555555555555556,0.4444444444444444,0.0,0.0,0,0,0.0,6102.91,1,0,0.0,12322.68,3,1,0.3333333333333333,58621.880000000005,9,2,0.2222222222222222,0
LGS2ORD0042732,C011084,2025-12-05 10:00:00,Male,66,Platinum,Lazada,Phuket,1155,TV_Show,Credit_Card,10,12,4,0,>50,38.5,2.0,0.0,0.0,-1,148,2730.59,0.25,0.5,0.5,0.0,0.0,0,0,0.0,0.0,0,0,0.0,0.0,0,0,0.0,5461.18,2,0,0.0,0
LGS2ORD0042733,C014936,2025-12-05 10:00:00,Female,32,Silver,CallCenter,Nakhon Ratchasima,1624,CallCenter,COD,10,12,4,0,30-40,54.13333333333333,4.0,1.0,0.25,136,47,7809.8,0.25,0.25,0.25,0.0,0.0,0,0,0.0,0.0,0,0,0.0,4745.06,1,0,0.0,31239.2,4,1,0.25,0
LGS2ORD0042734,C010505,2025-12-05 10:00:00,Male,45,Bronze,Web,Bangkok,1421,Lazada,COD,10,12,4,0,40-50,47.36666666666667,6.0,1.0,0.16666666666666666,289,81,2886.8816666666667,0.28,0.6666666666666666,0.16666666666666666,0.0,0.0,0,0,0.0,0.0,0,0,0.0,748.97,1,0,0.0,17321.29,6,1,0.16666666666666666,0
LGS2ORD0042735,C011976,2025-12-05 10:00:00,Male,64,Bronze,Shopee,Remote_Area,898,TV_Show,COD,10,12,4,0,>50,29.933333333333334,5.0,2.0,0.4,48,56,4469.4039999999995,0.28,0.8,0.2,0.0,0.0,0,0,0.0,0.0,0,0,0.0,5432.03,1,1,1.0,22347.019999999997,5,2,0.4,1
LGS2ORD0042736,C011455,2025-12-05 10:00:00,Female,45,Gold,Web,Phuket,1381,Web,COD,10,12,4,0,40-50,46.03333333333333,9.0,3.0,0.3333333333333333,35,45,5808.516666666666,0.33,0.5555555555555556,0.3333333333333333,0.0,0.0,0,0,0.0,0.0,0,0,0.0,19153.53,4,2,0.5,52276.65,9,3,0.3333333333333333,0
LGS2ORD0042737,C015044,2025-12-05 11:00:00,Female,40,Bronze,TV,Songkhla,994,CallCenter,COD,11,12,4,0,30-40,33.13333333333333,9.0,3.0,0.3333333333333333,106,14,2878.401111111111,0.28,0.5555555555555556,0.3333333333333333,0.0,0.0,0,0,0.0,4272.12,2,0,0.0,4272.12,2,0,0.0,25905.609999999997,9,3,0.3333333333333333,1
LGS2ORD0042738,C014782,2025-12-05 11:00:00,Female,42,Bronze,Web,Bangkok,1508,TV_Show,PromptPay,11,12,4,0,40-50,50.266666666666666,3.0,2.0,0.6666666666666666,79,3,1567.3366666666668,0.18,0.3333333333333333,0.0,0.0,1497.84,1,0,0.0,1497.84,1,0,0.0,3080.79,2,1,0.5,4702.01,3,2,0.6666666666666666,0
LGS2ORD0042739,C015590,2025-12-05 11:00:00,Male,46,Bronze,Web,Chonburi,1753,TV_Show,COD,11,12,4,0,40-50,58.43333333333333,7.0,2.0,0.2857142857142857,47,57,3983.008571428571,0.23,0.5714285714285714,0.14285714285714285,0.0,0.0,0,0,0.0,0.0,0,0,0.0,10887.96,2,1,0.5,27881.059999999998,7,2,0.2857142857142857,1
LGS2ORD0042740,C010262,2025-12-05 11:00:00,Female,49,Bronze,TV,Chiang Mai,1000,Lazada,PromptPay,11,12,4,0,40-50,33.333333333333336,7.0,1.0,0.14285714285714285,252,17,3056.2999999999993,0.28,0.5714285714285714,0.2857142857142857,0.0,0.0,0,0,0.0,1608.12,1,0,0.0,4378.26,2,0,0.0,21394.099999999995,7,1,0.14285714285714285,0
LGS2ORD0042741,C014007,2025-12-05 11:00:00,Male,57,Bronze,Web,Chonburi,1287,Lazada,COD,11,12,4,0,>50,42.9,3.0,0.0,0.0,-1,119,1277.1366666666665,0.28,0.0,0.6666666666666666,0.0,0.0,0,0,0.0,0.0,0,0,0.0,0.0,0,0,0.0,3831.41,3,0,0.0,0
LGS2ORD0042742,C015486,2025-12-05 12:00:00,Female,21,Bronze,Shopee,Khon Kaen,1391,TV_Show,COD,12,12,4,0,20-30,46.36666666666667,8.0,3.0,0.375,2,10,5983.376249999999,0.28,0.5,0.125,0.0,0.0,0,0,0.0,348.03,1,1,1.0,20389.789999999997,2,1,0.5,47867.009999999995,8,3,0.375,1
LGS2ORD0042743,C014505,2025-12-05 12:00:00,Female,30,Gold,Lazada,Bangkok,1337,TV_Show,PromptPay,12,12,4,0,20-30,44.56666666666667,8.0,1.0,0.125,219,23,3406.99125,0.33,0.625,0.375,0.0,0.0,0,0,0.0,1036.37,1,0,0.0,4318.0,2,0,0.0,27255.93,8,1,0.125,0
LGS2ORD0042744,C010763,2025-12-05 12:00:00,Female,46,Platinum,Web,Chiang Mai,1511,TV_Show,Credit_Card,12,12,4,0,40-50,50.36666666666667,5.0,1.0,0.2,3,4,9258.648000000001,0.2,0.6,0.0,0.0,14747.95,1,0,0.0,27640.1,2,1,0.5,27640.1,2,1,0.5,46293.240000000005,5,1,0.2,0
LGS2ORD0042745,C017625,2025-12-05 12:00:00,Female,47,Bronze,Web,Chiang Mai,1199,Web,COD,12,12,4,0,40-50,39.96666666666667,2.0,1.0,0.5,82,87,4691.5650000000005,0.08,0.0,0.0,0.0,0.0,0,0,0.0,0.0,0,0,0.0,8648.34,1,1,1.0,9383.130000000001,2,1,0.5,0
LGS2ORD0042746,C010087,2025-12-05 12:00:00,Female,41,Bronze,Shopee,Chiang Mai,1279,Shopee,COD,12,12,4,0,40-50,42.63333333333333,9.0,3.0,0.3333333333333333,121,28,4045.26,0.23,0.7777777777777778,0.3333333333333333,0.0,0.0,0,0,0.0,4947.29,1,0,0.0,9983.34,2,0,0.0,36407.340000000004,9,3,0.3333333333333333,0
LGS2ORD0042747,C014594,2025-12-05 12:00:00,Female,41,Silver,CallCenter,Nakhon Ratchasima,1559,Lazada,Credit_Card,12,12,4,0,40-50,51.96666666666667,8.0,2.0,0.25,39,25,3583.82125,0.2,0.625,0.0,0.0,0.0,0,0,0.0,1592.76,1,0,0.0,9364.48,3,1,0.3333333333333333,28670.57,8,2,0.25,0
LGS2ORD0042748,C014215,2025-12-05 13:00:00,Female,68,Bronze,TV,Phuket,807,Shopee,COD,13,12,4,0,>50,26.9,9.0,6.0,0.6666666666666666,92,46,7864.7344444444425,0.28,0.7777777777777778,0.3333333333333333,0.0,0.0,0,0,0.0,0.0,0,0,0.0,1414.29,1,0,0.0,70782.60999999999,9,6,0.6666666666666666,1
LGS2ORD0042749,C010902,2025-12-05 13:00:00,Male,41,Silver,Lazada,Songkhla,1234,CallCenter,Credit_Card,13,12,4,0,40-50,41.13333333333333,6.0,3.0,0.5,142,13,6937.815,0.25,0.5,0.16666666666666666,0.0,0.0,0,0,0.0,176.1,1,0,0.0,176.1,1,0,0.0,41626.89,6,3,0.5,0
LGS2ORD0042750,C014956,2025-12-05 13:00:00,Female,27,Bronze,TV,Phuket,519,Web,COD,13,12,4,0,20-30,17.3,8.0,2.0,0.25,139,57,10240.32,0.28,0.75,0.25,0.0,0.0,0,0,0.0,0.0,0,0,0.0,32645.0,2,0,0.0,81922.56,8,2,0.25,0
LGS2ORD0042751,C013383,2025-12-05 13:00:00,Female,31,Bronze,Shopee,Phuket,1083,Web,PromptPay,13,12,4,0,30-40,36.1,5.0,0.0,0.0,-1,104,10045.696,0.13,0.8,0.0,0.0,0.0,0,0,0.0,0.0,0,0,0.0,0.0,0,0,0.0,50228.48,5,0,0.0,0
LGS2ORD0042752,C015983,2025-12-05 13:00:00,Female,40,Gold,Lazada,Bangkok,1474,Shopee,Credit_Card,13,12,4,0,30-40,49.13333333333333,4.0,1.0,0.25,33,2,3578.9075000000003,0.33,0.0,0.5,0.0,2997.14,1,0,0.0,9853.11,2,0,0.0,13596.7,3,1,0.3333333333333333,14315.630000000001,4,1,0.25,0
LGS2ORD0042753,C014604,2025-12-05 14:00:00,Female,34,Bronze,TV,Remote_Area,661,Web,COD,14,12,4,0,30-40,22.033333333333335,5.0,2.0,0.4,192,96,2801.488,0.23,0.4,0.2,0.0,0.0,0,0,0.0,0.0,0,0,0.0,0.0,0,0,0.0,14007.439999999999,5,2,0.4,1
LGS2ORD0042754,C013848,2025-12-05 14:00:00,Female,38,Silver,CallCenter,Bangkok,1120,Web,Credit_Card,14,12,4,0,30-40,37.333333333333336,6.0,3.0,0.5,73,50,3030.693333333333,0.3,0.3333333333333333,0.3333333333333333,0.0,0.0,0,0,0.0,0.0,0,0,0.0,3046.87,2,1,0.5,18184.16,6,3,0.5,1
LGS2ORD0042755,C010934,2025-12-05 14:00:00,Male,41,Platinum,TV,Chonburi,546,Shopee,COD,14,12,4,0,40-50,18.2,7.0,1.0,0.14285714285714285,142,97,6305.45,0.35,0.42857142857142855,0.5714285714285714,0.0,0.0,0,0,0.0,0.0,0,0,0.0,0.0,0,0,0.0,44138.15,7,1,0.14285714285714285,1
LGS2ORD0042756,C015428,2025-12-05 14:00:00,Male,58,Bronze,TV,Remote_Area,1415,TV_Show,Credit_Card,14,12,4,0,>50,47.166666666666664,9.0,3.0,0.3333333333333333,51,63,4249.027777777777,0.28,0.6666666666666666,0.4444444444444444,0.0,0.0,0,0,0.0,0.0,0,0,0.0,14152.81,4,2,0.5,38241.25,9,3,0.3333333333333333,1
LGS2ORD0042757,C014145,2025-12-05 14:00:00,Female,37,Gold,TV,Khon Kaen,506,Web,COD,14,12,4,0,30-40,16.866666666666667,6.0,1.0,0.16666666666666666,60,25,4875.205000000001,0.33,0.6666666666666666,0.5,0.0,0.0,0,0,0.0,3247.86,1,0,0.0,11689.12,2,1,0.5,29251.230000000003,6,1,0.16666666666666666,0
LGS2ORD0042758,C014361,2025-12-05 15:00:00,Male,49,Gold,TV,Chiang Mai,557,Web,COD,15,12,4,0,40-50,18.566666666666666,7.0,0.0,0.0,-1,66,1715.6028571428571,0.33,0.14285714285714285,0.42857142857142855,0.0,0.0,0,0,0.0,0.0,0,0,0.0,1792.8,1,0,0.0,12009.22,7,0,0.0,0
LGS2ORD0042759,C015009,2025-12-05 15:00:00,Female,58,Bronze,Lazada,Bangkok,1104,TV_Show,COD,15,12,4,0,>50,36.8,6.0,1.0,0.16666666666666666,298,18,5917.328333333334,0.23,0.6666666666666666,0.16666666666666666,0.0,0.0,0,0,0.0,10803.38,1,0,0.0,24499.879999999997,2,0,0.0,35503.97,6,1,0.16666666666666666,1
LGS2ORD0042760,C011698,2025-12-05 15:00:00,Female,32,Bronze,Lazada,Bangkok,1003,TV_Show,Bank_Transfer,15,12,4,0,30-40,33.43333333333333,5.0,0.0,0.0,-1,65,4283.93,0.28,0.4,0.2,0.0,0.0,0,0,0.0,0.0,0,0,0.0,3852.34,1,0,0.0,21419.65,5,0,0.0,0
LGS2ORD0042761,C011218,2025-12-05 15:00:00,Male,43,Gold,Lazada,Chonburi,554,CallCenter,Bank_Transfer,15,12,4,0,40-50,18.466666666666665,2.0,0.0,0.0,-1,89,1593.315,0.13,0.0,0.0,0.0,0.0,0,0,0.0,0.0,0,0,0.0,1452.84,1,0,0.0,3186.63,2,0,0.0,0
LGS2ORD0042762,C015214,2025-12-05 15:00:00,Male,52,Silver,Lazada,Khon Kaen,1703,Web,PromptPay,15,12,4,0,>50,56.766666666666666,3.0,1.0,0.3333333333333333,313,51,1502.8166666666668,0.3,0.6666666666666666,0.3333333333333333,0.0,0.0,0,0,0.0,0.0,0,0,0.0,2427.44,1,0,0.0,4508.450000000001,3,1,0.3333333333333333,0
LGS2ORD0042763,C017845,2025-12-05 16:00:00,Male,25,Gold,Web,Chiang Mai,405,Shopee,Credit_Card,16,12,4,0,20-30,13.5,5.0,2.0,0.4,133,23,9385.0,0.2299999999999999,0.6,0.2,0.0,0.0,0,0,0.0,6939.54,1,0,0.0,6939.54,1,0,0.0,46925.0,5,2,0.4,0
LGS2ORD0042764,C016509,2025-12-05 16:00:00,Male,45,Gold,Shopee,Bangkok,725,TV_Show,COD,16,12,4,0,40-50,24.166666666666668,4.0,2.0,0.5,39,43,2646.665,0.2299999999999999,0.25,0.25,0.0,0.0,0,0,0.0,0.0,0,0,0.0,860.66,1,1,1.0,10586.66,4,2,0.5,0
LGS2ORD0042765,C011301,2025-12-05 16:00:00,Female,35,Gold,TV,Nakhon Ratchasima,468,Shopee,COD,16,12,4,0,30-40,15.6,5.0,0.0,0.0,-1,57,3213.448,0.28,0.6,1.0,0.0,0.0,0,0,0.0,0.0,0,0,0.0,1067.66,1,0,0.0,16067.24,5,0,0.0,0
LGS2ORD0042766,C015132,2025-12-05 16:00:00,Female,46,Gold,TV,Nakhon Ratchasima,1725,Shopee,Credit_Card,16,12,4,0,40-50,57.5,6.0,1.0,0.16666666666666666,224,27,3933.5316666666663,0.28,0.3333333333333333,0.3333333333333333,0.0,0.0,0,0,0.0,5968.52,1,0,0.0,12351.710000000001,3,0,0.0,23601.19,6,1,0.16666666666666666,0
LGS2ORD0042767,C016534,2025-12-05 16:00:00,Female,51,Bronze,TV,Remote_Area,363,TV_Show,COD,16,12,4,0,>50,12.1,10.0,0.0,0.0,-1,69,5623.232999999998,0.28,0.4,0.5,0.0,0.0,0,0,0.0,0.0,0,0,0.0,2490.14,1,0,0.0,56232.32999999999,10,0,0.0,0
LGS2ORD0042768,C012816,2025-12-05 16:00:00,Male,56,Silver,Web,Bangkok,1476,Web,Credit_Card,16,12,4,0,>50,49.2,2.0,1.0,0.5,254,48,3986.2650000000003,0.2,0.5,0.0,0.0,0.0,0,0,0.0,0.0,0,0,0.0,4523.01,1,0,0.0,7972.530000000001,2,1,0.5,0
LGS2ORD0042769,C017962,2025-12-05 17:00:00,Female,35,Bronze,CallCenter,Khon Kaen,1388,TV_Show,COD,17,12,4,0,30-40,46.266666666666666,9.0,1.0,0.1111111111111111,212,3,4416.951111111111,0.28,0.6666666666666666,0.3333333333333333,0.0,3024.83,1,0,0.0,3588.13,2,0,0.0,3588.13,2,0,0.0,39752.56,9,1,0.1111111111111111,1
LGS2ORD0042770,C016062,2025-12-05 17:00:00,Female,37,Bronze,Web,Songkhla,1731,TV_Show,Bank_Transfer,17,12,4,0,30-40,57.7,13.0,4.0,0.3076923076923077,191,71,3952.871538461538,0.28,0.6153846153846154,0.3076923076923077,0.0,0.0,0,0,0.0,0.0,0,0,0.0,5104.24,2,0,0.0,51387.329999999994,13,4,0.3076923076923077,0
LGS2ORD0042771,C012808,2025-12-05 17:00:00,Male,34,Bronze,Shopee,Songkhla,1210,TV_Show,COD,17,12,4,0,30-40,40.333333333333336,6.0,6.0,1.0,185,191,1839.2716666666668,0.28,0.3333333333333333,0.3333333333333333,0.0,0.0,0,0,0.0,0.0,0,0,0.0,0.0,0,0,0.0,11035.630000000001,6,6,1.0,0
LGS2ORD0042772,C017508,2025-12-05 17:00:00,Male,42,Bronze,Shopee,Khon Kaen,1712,Web,Credit_Card,17,12,4,0,40-50,57.06666666666667,6.0,1.0,0.16666666666666666,-7,4,8035.128333333333,0.23,0.8333333333333334,0.16666666666666666,0.0,3025.54,1,1,1.0,3025.54,1,1,1.0,7380.22,2,1,0.5,48210.77,6,1,0.16666666666666666,0
LGS2ORD0042773,C011928,2025-12-05 17:00:00,Female,41,Bronze,Shopee,Chonburi,1492,Web,Credit_Card,17,12,4,0,40-50,49.733333333333334,5.0,2.0,0.4,131,121,2803.286,0.23,0.8,0.2,0.0,0.0,0,0,0.0,0.0,0,0,0.0,0.0,0,0,0.0,14016.43,5,2,0.4,0
LGS2ORD0042774,C015503,2025-12-05 18:00:00,Female,46,Bronze,Lazada,Remote_Area,1004,Shopee,Credit_Card,18,12,4,0,40-50,33.46666666666667,5.0,4.0,0.8,-11,0,4192.406,0.23,0.8,0.2,0.0,433.44,1,1,1.0,12991.080000000002,3,3,1.0,13987.190000000002,4,4,1.0,20962.03,5,4,0.8,0
LGS2ORD0042775,C011947,2025-12-05 18:00:00,Female,50,Silver,Shopee,Remote_Area,862,Web,PromptPay,18,12,4,0,40-50,28.733333333333334,4.0,0.0,0.0,-1,68,2435.9625,0.3,0.0,0.5,0.0,0.0,0,0,0.0,0.0,0,0,0.0,2536.32,1,0,0.0,9743.85,4,0,0.0,0
LGS2ORD0042776,C012192,2025-12-05 18:00:00,Female,60,Bronze,Lazada,Chiang Mai,355,CallCenter,Bank_Transfer,18,12,4,0,>50,11.833333333333334,3.0,1.0,0.3333333333333333,24,34,5563.78,0.03,0.6666666666666666,0.0,0.0,0.0,0,0,0.0,0.0,0,0,0.0,15016.82,2,1,0.5,16691.34,3,1,0.3333333333333333,0
LGS2ORD0042777,C013216,2025-12-05 18:00:00,Female,20,Bronze,TV,Bangkok,1694,CallCenter,PromptPay,18,12,4,0,<20,56.46666666666667,4.0,1.0,0.25,252,21,12039.67,0.28,0.0,0.5,0.0,0.0,0,0,0.0,15901.59,1,0,0.0,15901.59,1,0,0.0,48158.68,4,1,0.25,1
LGS2ORD0042778,C011650,2025-12-05 18:00:00,Male,54,Gold,Web,Phuket,1178,Lazada,Credit_Card,18,12,4,0,>50,39.266666666666666,5.0,0.0,0.0,-1,102,2857.688,0.18,0.4,0.0,0.0,0.0,0,0,0.0,0.0,0,0,0.0,0.0,0,0,0.0,14288.44,5,0,0.0,1
LGS2ORD0042779,C012379,2025-12-05 19:00:00,Female,42,Silver,Shopee,Phuket,1149,CallCenter,PromptPay,19,12,4,0,40-50,38.3,7.0,2.0,0.2857142857142857,85,21,1686.418571428571,0.25,0.2857142857142857,0.42857142857142855,0.0,0.0,0,0,0.0,443.06,1,0,0.0,5600.7300000000005,3,0,0.0,11804.929999999998,7,2,0.2857142857142857,0
LGS2ORD0042780,C015979,2025-12-05 19:00:00,Male,49,Silver,Lazada,Phuket,1619,TV_Show,Credit_Card,19,12,4,0,40-50,53.96666666666667,9.0,1.0,0.1111111111111111,151,7,5575.321111111111,0.3,0.6666666666666666,0.3333333333333333,0.0,0.0,0,0,0.0,9132.61,1,0,0.0,11298.87,3,0,0.0,50177.89,9,1,0.1111111111111111,0
LGS2ORD0042781,C010262,2025-12-05 19:00:00,Female,49,Bronze,TV,Chiang Mai,1000,Lazada,Credit_Card,19,12,4,0,40-50,33.333333333333336,8.0,1.0,0.125,253,0,2777.9399999999996,0.28,0.5,0.25,0.0,829.42,1,0,0.0,2437.54,2,0,0.0,5207.68,3,0,0.0,22223.519999999997,8,1,0.125,0
LGS2ORD0042782,C017677,2025-12-05 19:00:00,Female,38,Gold,TV,Chonburi,1541,Lazada,Credit_Card,19,12,4,0,30-40,51.36666666666667,3.0,1.0,0.3333333333333333,320,258,9728.966666666665,0.28,0.3333333333333333,1.0,0.0,0.0,0,0,0.0,0.0,0,0,0.0,0.0,0,0,0.0,29186.899999999998,3,1,0.3333333333333333,0
LGS2ORD0042783,C014735,2025-12-05 19:00:00,Male,53,Bronze,Shopee,Songkhla,798,CallCenter,PromptPay,19,12,4,0,>50,26.6,4.0,4.0,1.0,-1,11,10365.915,0.23,1.0,0.25,0.0,0.0,0,0,0.0,1582.3,1,1,1.0,1582.3,1,1,1.0,41463.66,4,4,1.0,0
LGS2ORD0042784,C016362,2025-12-05 19:00:00,Female,21,Platinum,TV,Bangkok,789,Web,PromptPay,19,12,4,0,20-30,26.3,9.0,2.0,0.2222222222222222,12,16,2825.4166666666665,0.35,0.4444444444444444,0.7777777777777778,0.0,0.0,0,0,0.0,2342.09,1,1,1.0,12513.699999999999,4,2,0.5,25428.75,9,2,0.2222222222222222,0
LGS2ORD0042785,C010341,2025-12-05 20:00:00,Male,38,Bronze,TV,Remote_Area,550,Web,Credit_Card,20,12,4,0,30-40,18.333333333333332,8.0,4.0,0.5,34,47,12489.1125,0.28,0.5,0.375,0.0,0.0,0,0,0.0,0.0,0,0,0.0,21216.87,2,1,0.5,99912.9,8,4,0.5,1
LGS2ORD0042786,C014460,2025-12-05 20:00:00,Male,38,Platinum,TV,Phuket,457,Shopee,COD,20,12,4,0,30-40,15.233333333333333,8.0,3.0,0.375,31,27,2834.42125,0.3,0.5,0.375,0.0,0.0,0,0,0.0,6099.33,1,0,0.0,14703.48,4,2,0.5,22675.37,8,3,0.375,1
LGS2ORD0042787,C014671,2025-12-05 20:00:00,Male,37,Bronze,CallCenter,Chonburi,1483,Lazada,PromptPay,20,12,4,0,30-40,49.43333333333333,7.0,0.0,0.0,-1,156,3253.855714285714,0.28,0.5714285714285714,0.14285714285714285,0.0,0.0,0,0,0.0,0.0,0,0,0.0,0.0,0,0,0.0,22776.989999999998,7,0,0.0,1
LGS2ORD0042788,C017714,2025-12-05 20:00:00,Female,32,Silver,TV,Songkhla,1427,TV_Show,PromptPay,20,12,4,0,30-40,47.56666666666667,3.0,0.0,0.0,-1,14,12017.24,0.3,0.0,1.0,0.0,0.0,0,0,0.0,6825.0,1,0,0.0,7089.87,2,0,0.0,36051.72,3,0,0.0,0
LGS2ORD0042789,C011342,2025-12-05 20:00:00,Female,34,Platinum,Lazada,Nakhon Ratchasima,1347,Lazada,COD,20,12,4,0,30-40,44.9,9.0,3.0,0.3333333333333333,157,17,5561.894444444445,0.35,0.6666666666666666,0.4444444444444444,0.0,0.0,0,0,0.0,15336.45,1,0,0.0,16971.13,2,0,0.0,50057.05,9,3,0.3333333333333333,0
LGS2ORD0042790,C016629,2025-12-05 21:00:00,Male,29,Gold,Web,Bangkok,817,Shopee,COD,21,12,4,0,20-30,27.233333333333334,8.0,1.0,0.125,264,46,10664.432499999999,0.2299999999999999,0.375,0.125,0.0,0.0,0,0,0.0,0.0,0,0,0.0,3219.36,1,0,0.0,85315.45999999999,8,1,0.125,0
LGS2ORD0042791,C011305,2025-12-05 21:00:00,Female,40,Silver,Web,Bangkok,354,Lazada,Credit_Card,21,12,4,0,30-40,11.8,9.0,1.0,0.1111111111111111,37,39,6158.986666666668,0.3,0.7777777777777778,0.4444444444444444,0.0,0.0,0,0,0.0,0.0,0,0,0.0,9057.44,2,1,0.5,55430.880000000005,9,1,0.1111111111111111,0
LGS2ORD0042792,C010283,2025-12-05 21:00:00,Female,72,Bronze,Lazada,Khon Kaen,792,Web,COD,21,12,4,0,>50,26.4,7.0,2.0,0.2857142857142857,50,6,14132.839999999998,0.13,0.8571428571428571,0.0,0.0,990.9,1,0,0.0,990.9,1,0,0.0,64048.23,4,1,0.25,98929.87999999999,7,2,0.2857142857142857,0
LGS2ORD0042793,C010670,2025-12-05 21:00:00,Female,48,Bronze,TV,Khon Kaen,1631,Shopee,COD,21,12,4,0,40-50,54.36666666666667,2.0,0.0,0.0,-1,49,2350.085,0.13,1.0,0.0,0.0,0.0,0,0,0.0,0.0,0,0,0.0,3409.55,1,0,0.0,4700.17,2,0,0.0,1
LGS2ORD0042794,C014672,2025-12-05 21:00:00,Female,39,Bronze,Shopee,Chiang Mai,1764,Shopee,COD,21,12,4,0,30-40,58.8,12.0,3.0,0.25,4,12,6579.429166666665,0.23,0.6666666666666666,0.16666666666666666,0.08333333333333333,0.0,0,0,0.0,1045.45,1,1,1.0,1045.45,1,1,1.0,78953.14999999998,12,3,0.25,0
LGS2ORD0042795,C016109,2025-12-05 22:00:00,Female,35,Bronze,Shopee,Chonburi,1009,Shopee,COD,22,12,4,0,30-40,33.63333333333333,4.0,0.0,0.0,-1,62,7428.8375,0.23,0.25,0.25,0.0,0.0,0,0,0.0,0.0,0,0,0.0,18631.7,2,0,0.0,29715.35,4,0,0.0,0
LGS2ORD0042796,C016273,2025-12-05 22:00:00,Female,55,Gold,TV,Phuket,377,Web,COD,22,12,4,0,>50,12.566666666666666,9.0,4.0,0.4444444444444444,6,1,4589.891111111111,0.33,0.7777777777777778,0.6666666666666666,0.0,3363.63,1,0,0.0,5235.89,2,1,0.5,8610.46,4,1,0.25,41309.02,9,4,0.4444444444444444,0
LGS2ORD0042797,C016573,2025-12-05 22:00:00,Female,52,Gold,Shopee,Khon Kaen,842,Lazada,Credit_Card,22,12,4,0,>50,28.066666666666666,6.0,0.0,0.0,-1,1,3782.968333333333,0.2299999999999999,0.6666666666666666,0.3333333333333333,0.0,11502.72,1,0,0.0,11502.72,1,0,0.0,15089.369999999999,3,0,0.0,22697.809999999998,6,0,0.0,1
LGS2ORD0042798,C012161,2025-12-05 22:00:00,Male,23,Gold,TV,Phuket,561,Shopee,Credit_Card,22,12,4,0,20-30,18.7,4.0,2.0,0.5,161,100,8974.517500000002,0.13,0.25,0.0,0.0,0.0,0,0,0.0,0.0,0,0,0.0,0.0,0,0,0.0,35898.07000000001,4,2,0.5,0
LGS2ORD0042799,C010327,2025-12-05 22:00:00,Other,44,Gold,Web,Nakhon Ratchasima,592,Web,COD,22,12,4,0,40-50,19.733333333333334,2.0,0.0,0.0,-1,75,3223.3,0.2299999999999999,0.0,0.5,0.0,0.0,0,0,0.0,0.0,0,0,0.0,1475.73,1,0,0.0,6446.6,2,0,0.0,1
LGS2ORD0042800,C010674,2025-12-05 23:00:00,Female,47,Gold,Shopee,Bangkok,742,Lazada,COD,23,12,4,0,40-50,24.733333333333334,2.0,1.0,0.5,160,163,3570.95,0.13,1.0,0.0,0.0,0.0,0,0,0.0,0.0,0,0,0.0,0.0,0,0,0.0,7141.9,2,1,0.5,0
LGS2ORD0042801,C014629,2025-12-05 23:00:00,Female,45,Bronze,Shopee,Bangkok,389,Shopee,Credit_Card,23,12,4,0,40-50,12.966666666666667,5.0,1.0,0.2,296,81,7069.942,0.23,0.6,0.2,0.0,0.0,0,0,0.0,0.0,0,0,0.0,2986.45,1,0,0.0,35349.71,5,1,0.2,1
LGS2ORD0042802,C016696,2025-12-05 23:00:00,Female,30,Platinum,Shopee,Phuket,1342,Shopee,Bank_Transfer,23,12,4,0,20-30,44.733333333333334,8.0,1.0,0.125,315,3,3835.3125,0.3,0.375,0.5,0.0,3316.78,1,0,0.0,3316.78,1,0,0.0,5024.42,2,0,0.0,30682.5,8,1,0.125,0
LGS2ORD0042803,C011258,2025-12-05 23:00:00,Female,41,Silver,Web,Chonburi,1719,Lazada,COD,23,12,4,0,40-50,57.3,5.0,1.0,0.2,102,52,3747.7039999999993,0.3,0.0,0.4,0.0,0.0,0,0,0.0,0.0,0,0,0.0,1594.5300000000002,2,0,0.0,18738.519999999997,5,1,0.2,0
LGS2ORD0042804,C010576,2025-12-05 23:00:00,Female,25,Bronze,TV,Remote_Area,677,TV_Show,Credit_Card,23,12,4,0,20-30,22.566666666666666,12.0,5.0,0.4166666666666667,7,20,3480.9583333333335,0.28,0.5833333333333334,0.25,0.0,0.0,0,0,0.0,558.91,1,1,1.0,9742.66,4,2,0.5,41771.5,12,5,0.4166666666666667,0
LGS2ORD0042805,C017198,2025-12-05 23:00:00,Male,51,Bronze,Shopee,Chonburi,1614,CallCenter,Credit_Card,23,12,4,0,>50,53.8,9.0,0.0,0.0,-1,52,4684.503333333334,0.28,0.5555555555555556,0.1111111111111111,0.0,0.0,0,0,0.0,0.0,0,0,0.0,7709.79,1,0,0.0,42160.530000000006,9,0,0.0,0
LGS2ORD0042806,C010662,2025-12-06 00:00:00,Male,50,Bronze,TV,Songkhla,641,Web,Credit_Card,0,12,5,1,40-50,21.366666666666667,4.0,3.0,0.75,165,178,4146.9974999999995,0.28,0.5,0.5,0.0,0.0,0,0,0.0,0.0,0,0,0.0,0.0,0,0,0.0,16587.989999999998,4,3,0.75,0
LGS2ORD0042807,C016725,2025-12-06 00:00:00,Female,45,Bronze,Web,Songkhla,1433,Shopee,PromptPay,0,12,5,1,40-50,47.766666666666666,8.0,1.0,0.125,152,41,6883.865,0.28,0.25,0.125,0.0,0.0,0,0,0.0,0.0,0,0,0.0,1982.82,1,0,0.0,55070.92,8,1,0.125,0
LGS2ORD0042808,C012935,2025-12-06 00:00:00,Female,33,Bronze,TV,Bangkok,1417,Lazada,COD,0,12,5,1,30-40,47.233333333333334,7.0,3.0,0.42857142857142855,57,63,5605.21,0.18,0.5714285714285714,0.0,0.0,0.0,0,0,0.0,0.0,0,0,0.0,3889.24,2,2,1.0,39236.47,7,3,0.42857142857142855,0
LGS2ORD0042809,C017454,2025-12-06 00:00:00,Male,62,Platinum,Lazada,Chonburi,1251,Web,COD,0,12,5,1,>50,41.7,0.0,0.0,0.0,-1,-1,0.0,0.0,0.0,0.0,0.0,0.0,0,0,0.0,0.0,0,0,0.0,0.0,0,0,0.0,0.0,0,0,0.0,1
LGS2ORD0042810,C012236,2025-12-06 00:00:00,Male,25,Bronze,Shopee,Nakhon Ratchasima,744,Web,COD,0,12,5,1,20-30,24.8,12.0,1.0,0.08333333333333333,108,46,6126.139166666667,0.28,0.16666666666666666,0.25,0.0,0.0,0,0,0.0,0.0,0,0,0.0,3503.75,2,0,0.0,73513.67,12,1,0.08333333333333333,0
LGS2ORD0042811,C014775,2025-12-06 01:00:00,Male,62,Silver,TV,Phuket,1502,TV_Show,COD,1,12,5,1,>50,50.06666666666667,8.0,3.0,0.375,28,33,4659.94875,0.3,0.75,0.125,0.0,0.0,0,0,0.0,0.0,0,0,0.0,4271.08,3,2,0.6666666666666666,37279.59,8,3,0.375,1
LGS2ORD0042812,C010385,2025-12-06 01:00:00,Male,48,Silver,CallCenter,Bangkok,606,TV_Show,Credit_Card,1,12,5,1,40-50,20.2,5.0,0.0,0.0,-1,209,7116.544,0.1,0.4,0.0,0.0,0.0,0,0,0.0,0.0,0,0,0.0,0.0,0,0,0.0,35582.72,5,0,0.0,0
LGS2ORD0042813,C011123,2025-12-06 01:00:00,Female,45,Bronze,TV,Chiang Mai,404,Web,COD,1,12,5,1,40-50,13.466666666666667,8.0,1.0,0.125,240,45,7935.78875,0.23,0.375,0.25,0.0,0.0,0,0,0.0,0.0,0,0,0.0,26102.42,3,0,0.0,63486.31,8,1,0.125,0
LGS2ORD0042814,C016263,2025-12-06 01:00:00,Male,40,Silver,Lazada,Chonburi,1294,Web,Credit_Card,1,12,5,1,30-40,43.13333333333333,2.0,0.0,0.0,-1,7,601.63,0.25,0.0,0.5,0.0,0.0,0,0,0.0,1060.09,1,0,0.0,1060.09,1,0,0.0,1203.26,2,0,0.0,0
LGS2ORD0042815,C010384,2025-12-06 01:00:00,Male,25,Platinum,TV,Khon Kaen,1530,Shopee,COD,1,12,5,1,20-30,51.0,5.0,2.0,0.4,12,25,9664.514000000001,0.35,0.4,0.6,0.0,0.0,0,0,0.0,1599.41,1,1,1.0,24416.8,4,2,0.5,48322.57000000001,5,2,0.4,0
LGS2ORD0042816,C011949,2025-12-06 02:00:00,Female,33,Gold,Web,Khon Kaen,396,TV_Show,COD,2,12,5,1,30-40,13.2,9.0,1.0,0.1111111111111111,156,95,6556.643333333334,0.28,0.7777777777777778,0.3333333333333333,0.0,0.0,0,0,0.0,0.0,0,0,0.0,0.0,0,0,0.0,59009.79000000001,9,1,0.1111111111111111,0
LGS2ORD0042817,C016504,2025-12-06 02:00:00,Male,51,Platinum,Shopee,Chonburi,1039,Shopee,Bank_Transfer,2,12,5,1,>50,34.63333333333333,4.0,0.0,0.0,-1,97,1826.7275,0.25,0.25,0.75,0.0,0.0,0,0,0.0,0.0,0,0,0.0,0.0,0,0,0.0,7306.91,4,0,0.0,0
LGS2ORD0042818,C013482,2025-12-06 02:00:00,Female,51,Gold,Shopee,Chiang Mai,877,Lazada,Credit_Card,2,12,5,1,>50,29.233333333333334,9.0,3.0,0.3333333333333333,39,43,8471.615555555554,0.28,0.4444444444444444,0.3333333333333333,0.0,0.0,0,0,0.0,0.0,0,0,0.0,2625.61,2,1,0.5,76244.54,9,3,0.3333333333333333,0
LGS2ORD0042819,C011004,2025-12-06 02:00:00,Female,50,Bronze,TV,Chonburi,1257,Shopee,Credit_Card,2,12,5,1,40-50,41.9,6.0,1.0,0.16666666666666666,85,5,4398.251666666666,0.18,0.8333333333333334,0.0,0.0,1726.33,1,0,0.0,2659.31,2,0,0.0,2659.31,2,0,0.0,26389.509999999995,6,1,0.16666666666666666,0
LGS2ORD0042820,C011430,2025-12-06 02:00:00,Female,45,Silver,Lazada,Chiang Mai,1602,Lazada,Credit_Card,2,12,5,1,40-50,53.4,5.0,0.0,0.0,-1,42,3679.8839999999996,0.3,0.6,0.4,0.0,0.0,0,0,0.0,0.0,0,0,0.0,14371.380000000001,2,0,0.0,18399.42,5,0,0.0,0
LGS2ORD0042821,C012058,2025-12-06 03:00:00,Female,28,Silver,Shopee,Nakhon Ratchasima,1549,TV_Show,Bank_Transfer,3,12,5,1,20-30,51.63333333333333,6.0,3.0,0.5,65,10,5428.951666666667,0.3,0.5,0.3333333333333333,0.0,0.0,0,0,0.0,1781.66,1,0,0.0,3423.62,2,1,0.5,32573.710000000003,6,3,0.5,0
LGS2ORD0042822,C013811,2025-12-06 03:00:00,Male,54,Gold,Web,Nakhon Ratchasima,813,TV_Show,PromptPay,3,12,5,1,>50,27.1,2.0,0.0,0.0,-1,60,7124.45,0.13,0.0,0.0,0.0,0.0,0,0,0.0,0.0,0,0,0.0,9398.57,1,0,0.0,14248.9,2,0,0.0,0
LGS2ORD0042823,C013898,2025-12-06 03:00:00,Female,32,Bronze,Shopee,Chonburi,483,Lazada,Credit_Card,3,12,5,1,30-40,16.1,5.0,4.0,0.8,29,40,5419.376000000001,0.23,0.6,0.2,0.0,0.0,0,0,0.0,0.0,0,0,0.0,3129.0099999999998,2,2,1.0,27096.880000000005,5,4,0.8,0
LGS2ORD0042824,C017175,2025-12-06 03:00:00,Male,57,Bronze,Web,Chiang Mai,413,Lazada,COD,3,12,5,1,>50,13.766666666666667,4.0,2.0,0.5,303,13,10443.12,0.28,1.0,0.75,0.0,0.0,0,0,0.0,1525.88,1,0,0.0,1525.88,1,0,0.0,41772.48,4,2,0.5,0
LGS2ORD0042825,C016525,2025-12-06 03:00:00,Female,45,Silver,Shopee,Bangkok,1670,Lazada,COD,3,12,5,1,40-50,55.666666666666664,4.0,1.0,0.25,254,80,3369.4674999999997,0.25,0.25,0.25,0.0,0.0,0,0,0.0,0.0,0,0,0.0,6807.69,1,0,0.0,13477.869999999999,4,1,0.25,0
LGS2ORD0042826,C014276,2025-12-06 03:00:00,Male,43,Bronze,Lazada,Khon Kaen,1743,Web,COD,3,12,5,1,40-50,58.1,11.0,2.0,0.18181818181818182,200,6,2146.948181818182,0.28,0.36363636363636365,0.36363636363636365,0.0,918.65,1,0,0.0,4592.48,3,0,0.0,5727.19,4,0,0.0,23616.430000000004,11,2,0.18181818181818182,0
LGS2ORD0042827,C016992,2025-12-06 04:00:00,Other,36,Bronze,Web,Chonburi,492,TV_Show,COD,4,12,5,1,30-40,16.4,6.0,1.0,0.16666666666666666,299,122,4283.946666666667,0.23,0.5,0.3333333333333333,0.0,0.0,0,0,0.0,0.0,0,0,0.0,0.0,0,0,0.0,25703.68,6,1,0.16666666666666666,0
LGS2ORD0042828,C013072,2025-12-06 04:00:00,Female,23,Bronze,CallCenter,Khon Kaen,1458,TV_Show,COD,4,12,5,1,20-30,48.6,7.0,2.0,0.2857142857142857,233,14,4768.7014285714295,0.28,0.42857142857142855,0.2857142857142857,0.0,0.0,0,0,0.0,6670.22,1,0,0.0,6670.22,1,0,0.0,33380.91,7,2,0.2857142857142857,1
LGS2ORD0042829,C012916,2025-12-06 04:00:00,Male,59,Silver,Web,Bangkok,936,Web,Bank_Transfer,4,12,5,1,>50,31.2,6.0,1.0,0.16666666666666666,190,4,2917.655,0.25,0.3333333333333333,0.16666666666666666,0.0,7609.16,2,0,0.0,7609.16,2,0,0.0,12017.309999999998,3,0,0.0,17505.93,6,1,0.16666666666666666,0
LGS2ORD0042830,C017079,2025-12-06 04:00:00,Female,49,Bronze,Shopee,Phuket,1554,Shopee,COD,4,12,5,1,40-50,51.8,3.0,2.0,0.6666666666666666,152,57,4249.343333333333,0.28,0.6666666666666666,0.6666666666666666,0.0,0.0,0,0,0.0,0.0,0,0,0.0,2015.24,1,0,0.0,12748.03,3,2,0.6666666666666666,1
LGS2ORD0042831,C010090,2025-12-06 04:00:00,Female,47,Silver,TV,Songkhla,997,Web,Credit_Card,4,12,5,1,40-50,33.233333333333334,7.0,3.0,0.42857142857142855,131,50,4690.978571428573,0.3,0.7142857142857143,0.42857142857142855,0.0,0.0,0,0,0.0,0.0,0,0,0.0,6630.77,1,0,0.0,32836.850000000006,7,3,0.42857142857142855,0
LGS2ORD0042832,C014446,2025-12-06 05:00:00,Female,59,Silver,Web,Nakhon Ratchasima,811,Shopee,COD,5,12,5,1,>50,27.033333333333335,3.0,0.0,0.0,-1,11,3376.353333333334,0.25,0.6666666666666666,0.3333333333333333,0.0,0.0,0,0,0.0,1778.04,1,0,0.0,6687.71,2,0,0.0,10129.060000000001,3,0,0.0,0
LGS2ORD0042833,C012668,2025-12-06 05:00:00,Female,53,Bronze,TV,Songkhla,526,Lazada,Credit_Card,5,12,5,1,>50,17.533333333333335,8.0,1.0,0.125,179,13,3893.09875,0.23,0.75,0.125,0.0,0.0,0,0,0.0,2383.14,1,0,0.0,6942.58,3,0,0.0,31144.79,8,1,0.125,1
LGS2ORD0042834,C014914,2025-12-06 05:00:00,Male,38,Silver,TV,Chiang Mai,942,CallCenter,COD,5,12,5,1,30-40,31.4,4.0,0.0,0.0,-1,32,10022.895,0.25,0.25,0.5,0.0,0.0,0,0,0.0,0.0,0,0,0.0,38944.630000000005,2,0,0.0,40091.58,4,0,0.0,0
LGS2ORD0042835,C010554,2025-12-06 05:00:00,Female,44,Bronze,TV,Songkhla,1077,TV_Show,PromptPay,5,12,5,1,40-50,35.9,9.0,2.0,0.2222222222222222,23,37,3811.9588888888884,0.28,0.5555555555555556,0.2222222222222222,0.0,0.0,0,0,0.0,0.0,0,0,0.0,21862.58,4,1,0.25,34307.63,9,2,0.2222222222222222,0
LGS2ORD0042836,C013712,2025-12-06 05:00:00,Female,51,Bronze,CallCenter,Remote_Area,758,Web,Credit_Card,5,12,5,1,>50,25.266666666666666,4.0,2.0,0.5,53,59,4308.0425000000005,0.18,0.5,0.0,0.0,0.0,0,0,0.0,0.0,0,0,0.0,1285.93,1,1,1.0,17232.170000000002,4,2,0.5,0
LGS2ORD0042837,C010184,2025-12-06 06:00:00,Female,54,Silver,Shopee,Chiang Mai,1721,CallCenter,Bank_Transfer,6,12,5,1,>50,57.36666666666667,2.0,0.0,0.0,-1,84,9033.125,0.1,0.5,0.0,0.0,0.0,0,0,0.0,0.0,0,0,0.0,3948.06,1,0,0.0,18066.25,2,0,0.0,0
LGS2ORD0042838,C011657,2025-12-06 06:00:00,Female,30,Silver,Web,Chonburi,1706,Shopee,COD,6,12,5,1,20-30,56.86666666666667,2.0,0.0,0.0,-1,106,5378.12,0.2,0.5,0.0,0.0,0.0,0,0,0.0,0.0,0,0,0.0,0.0,0,0,0.0,10756.24,2,0,0.0,1
LGS2ORD0042839,C011784,2025-12-06 06:00:00,Female,18,Silver,Web,Remote_Area,1519,CallCenter,Bank_Transfer,6,12,5,1,<20,50.63333333333333,3.0,0.0,0.0,-1,97,1437.9333333333332,0.25,0.0,0.6666666666666666,0.0,0.0,0,0,0.0,0.0,0,0,0.0,0.0,0,0,0.0,4313.799999999999,3,0,0.0,0
LGS2ORD0042840,C014433,2025-12-06 06:00:00,Female,69,Bronze,TV,Bangkok,609,Shopee,PromptPay,6,12,5,1,>50,20.3,7.0,3.0,0.42857142857142855,102,15,2561.137142857143,0.28,0.42857142857142855,0.14285714285714285,0.0,0.0,0,0,0.0,1241.92,1,0,0.0,1241.92,1,0,0.0,17927.96,7,3,0.42857142857142855,0
LGS2ORD0042841,C015973,2025-12-06 06:00:00,Male,46,Bronze,TV,Remote_Area,1300,Shopee,PromptPay,6,12,5,1,40-50,43.333333333333336,5.0,3.0,0.6,212,41,4440.558,0.28,0.8,0.2,0.0,0.0,0,0,0.0,0.0,0,0,0.0,12501.06,1,0,0.0,22202.79,5,3,0.6,1
LGS2ORD0042842,C016416,2025-12-06 07:00:00,Female,42,Silver,CallCenter,Bangkok,1058,Web,COD,7,12,5,1,40-50,35.266666666666666,2.0,0.0,0.0,-1,83,2697.665,0.1,0.5,0.0,0.0,0.0,0,0,0.0,0.0,0,0,0.0,4032.94,1,0,0.0,5395.33,2,0,0.0,0
LGS2ORD0042843,C013119,2025-12-06 07:00:00,Male,38,Bronze,Lazada,Chiang Mai,1397,Lazada,COD,7,12,5,1,30-40,46.56666666666667,4.0,0.0,0.0,-1,40,7257.084999999999,0.23,0.25,0.25,0.0,0.0,0,0,0.0,0.0,0,0,0.0,1329.33,1,0,0.0,29028.339999999997,4,0,0.0,0
LGS2ORD0042844,C013194,2025-12-06 07:00:00,Male,22,Bronze,TV,Bangkok,751,TV_Show,PromptPay,7,12,5,1,20-30,25.033333333333335,8.0,2.0,0.25,115,69,3429.60625,0.28,0.625,0.375,0.0,0.0,0,0,0.0,0.0,0,0,0.0,831.06,1,0,0.0,27436.85,8,2,0.25,1
LGS2ORD0042845,C013894,2025-12-06 07:00:00,Female,52,Silver,TV,Remote_Area,1205,CallCenter,COD,7,12,5,1,>50,40.166666666666664,4.0,1.0,0.25,104,45,13353.905,0.25,0.75,0.25,0.25,0.0,0,0,0.0,0.0,0,0,0.0,9582.94,1,0,0.0,53415.62,4,1,0.25,0
LGS2ORD0042846,C013636,2025-12-06 07:00:00,Female,45,Bronze,Shopee,Khon Kaen,1238,Lazada,COD,7,12,5,1,40-50,41.266666666666666,3.0,0.0,0.0,-1,56,1877.6666666666667,0.23,0.3333333333333333,0.3333333333333333,0.0,0.0,0,0,0.0,0.0,0,0,0.0,2396.51,1,0,0.0,5633.0,3,0,0.0,0
LGS2ORD0042847,C010881,2025-12-06 07:00:00,Female,42,Silver,TV,Remote_Area,1706,Lazada,COD,7,12,5,1,40-50,56.86666666666667,5.0,2.0,0.4,5,19,5222.138,0.25,0.6,0.2,0.0,0.0,0,0,0.0,2655.65,1,1,1.0,7648.950000000001,2,1,0.5,26110.69,5,2,0.4,1
LGS2ORD0042848,C015596,2025-12-06 08:00:00,Female,29,Bronze,CallCenter,Bangkok,788,Lazada,COD,8,12,5,1,20-30,26.266666666666666,6.0,1.0,0.16666666666666666,324,117,10086.061666666666,0.28,0.16666666666666666,0.5,0.0,0.0,0,0,0.0,0.0,0,0,0.0,0.0,0,0,0.0,60516.369999999995,6,1,0.16666666666666666,0
LGS2ORD0042849,C010902,2025-12-06 08:00:00,Male,41,Silver,Lazada,Songkhla,1235,Web,PromptPay,8,12,5,1,40-50,41.166666666666664,7.0,3.0,0.42857142857142855,143,0,6520.211428571428,0.25,0.42857142857142855,0.14285714285714285,0.0,4014.59,1,0,0.0,4190.6900000000005,2,0,0.0,4190.6900000000005,2,0,0.0,45641.479999999996,7,3,0.42857142857142855,1
LGS2ORD0042850,C016631,2025-12-06 08:00:00,Female,40,Bronze,TV,Remote_Area,380,Shopee,COD,8,12,5,1,30-40,12.666666666666666,8.0,1.0,0.125,205,14,3122.0162499999997,0.28,0.375,0.5,0.0,0.0,0,0,0.0,1243.28,1,0,0.0,1243.28,1,0,0.0,24976.129999999997,8,1,0.125,0
LGS2ORD0042851,C014477,2025-12-06 08:00:00,Male,43,Gold,TV,Remote_Area,353,Web,COD,8,12,5,1,40-50,11.766666666666667,5.0,2.0,0.4,241,27,1330.714,0.33,0.6,0.4,0.0,0.0,0,0,0.0,1555.22,1,0,0.0,1555.22,1,0,0.0,6653.57,5,2,0.4,0
LGS2ORD0042852,C017600,2025-12-06 08:00:00,Female,48,Bronze,Web,Chiang Mai,830,CallCenter,COD,8,12,5,1,40-50,27.666666666666668,10.0,4.0,0.4,97,4,6779.9,0.28,0.4,0.3,0.0,3698.9,1,0,0.0,3698.9,1,0,0.0,10030.8,3,0,0.0,67799.0,10,4,0.4,0
LGS2ORD0042853,C010015,2025-12-06 09:00:00,Female,46,Silver,Web,Songkhla,616,Shopee,COD,9,12,5,1,40-50,20.533333333333335,8.0,2.0,0.25,196,93,5404.77,0.3,0.375,0.5,0.0,0.0,0,0,0.0,0.0,0,0,0.0,0.0,0,0,0.0,43238.16,8,2,0.25,1
LGS2ORD0042854,C013557,2025-12-06 09:00:00,Male,31,Gold,TV,Chiang Mai,1550,TV_Show,COD,9,12,5,1,30-40,51.666666666666664,4.0,0.0,0.0,-1,100,2559.2775,0.33,0.5,0.5,0.0,0.0,0,0,0.0,0.0,0,0,0.0,0.0,0,0,0.0,10237.11,4,0,0.0,0
LGS2ORD0042855,C016851,2025-12-06 09:00:00,Female,45,Bronze,Shopee,Phuket,606,Web,Credit_Card,9,12,5,1,40-50,20.2,1.0,0.0,0.0,-1,39,13987.48,0.23,0.0,1.0,0.0,0.0,0,0,0.0,0.0,0,0,0.0,13987.48,1,0,0.0,13987.48,1,0,0.0,0
LGS2ORD0042856,C013468,2025-12-06 09:00:00,Male,34,Bronze,TV,Bangkok,1111,CallCenter,Credit_Card,9,12,5,1,30-40,37.03333333333333,4.0,1.0,0.25,52,60,8126.25,0.28,0.75,0.75,0.0,0.0,0,0,0.0,0.0,0,0,0.0,31599.33,3,1,0.3333333333333333,32505.0,4,1,0.25,0
LGS2ORD0042857,C011365,2025-12-06 09:00:00,Female,35,Silver,TV,Chiang Mai,968,CallCenter,COD,9,12,5,1,30-40,32.266666666666666,4.0,1.0,0.25,243,160,2423.5325,0.3,0.25,1.0,0.0,0.0,0,0,0.0,0.0,0,0,0.0,0.0,0,0,0.0,9694.13,4,1,0.25,0
LGS2ORD0042858,C012478,2025-12-06 10:00:00,Female,34,Silver,Lazada,Bangkok,831,TV_Show,COD,10,12,5,1,30-40,27.7,2.0,1.0,0.5,316,202,3463.8849999999998,0.3,0.5,1.0,0.0,0.0,0,0,0.0,0.0,0,0,0.0,0.0,0,0,0.0,6927.7699999999995,2,1,0.5,0
LGS2ORD0042859,C014616,2025-12-06 10:00:00,Female,52,Gold,Shopee,Remote_Area,1104,CallCenter,PromptPay,10,12,5,1,>50,36.8,6.0,2.0,0.3333333333333333,8,17,3409.2049999999995,0.28,0.5,0.6666666666666666,0.0,0.0,0,0,0.0,9605.88,2,1,0.5,9605.88,2,1,0.5,20455.229999999996,6,2,0.3333333333333333,0
LGS2ORD0042860,C015899,2025-12-06 10:00:00,Female,62,Bronze,Lazada,Nakhon Ratchasima,1212,Shopee,COD,10,12,5,1,>50,40.4,11.0,2.0,0.18181818181818182,-8,4,7127.238181818181,0.28,0.5454545454545454,0.45454545454545453,0.0,4694.35,1,1,1.0,4694.35,1,1,1.0,31831.050000000003,4,1,0.25,78399.62,11,2,0.18181818181818182,0
LGS2ORD0042861,C017342,2025-12-06 10:00:00,Female,39,Gold,Web,Bangkok,981,TV_Show,COD,10,12,5,1,30-40,32.7,1.0,1.0,1.0,224,237,2146.28,0.33,1.0,1.0,0.0,0.0,0,0,0.0,0.0,0,0,0.0,0.0,0,0,0.0,2146.28,1,1,1.0,1
LGS2ORD0042862,C015411,2025-12-06 10:00:00,Female,36,Platinum,Shopee,Nakhon Ratchasima,1236,Web,Bank_Transfer,10,12,5,1,30-40,41.2,6.0,2.0,0.3333333333333333,197,86,5457.033333333334,0.3,0.8333333333333334,0.5,0.0,0.0,0,0,0.0,0.0,0,0,0.0,3460.76,1,0,0.0,32742.200000000004,6,2,0.3333333333333333,0
LGS2ORD0042863,C015966,2025-12-06 11:00:00,Male,67,Bronze,TV,Bangkok,1719,CallCenter,COD,11,12,5,1,>50,57.3,4.0,0.0,0.0,-1,131,12908.435,0.18,1.0,0.0,0.0,0.0,0,0,0.0,0.0,0,0,0.0,0.0,0,0,0.0,51633.74,4,0,0.0,0
LGS2ORD0042864,C012113,2025-12-06 11:00:00,Male,35,Bronze,Web,Songkhla,408,Lazada,PromptPay,11,12,5,1,30-40,13.6,8.0,4.0,0.5,128,86,4955.87625,0.28,0.125,0.125,0.0,0.0,0,0,0.0,0.0,0,0,0.0,10348.62,1,0,0.0,39647.01,8,4,0.5,1
LGS2ORD0042865,C010688,2025-12-06 11:00:00,Male,58,Gold,CallCenter,Bangkok,415,TV_Show,Credit_Card,11,12,5,1,>50,13.833333333333334,3.0,1.0,0.3333333333333333,30,35,3431.596666666667,0.28,0.0,1.0,0.0,0.0,0,0,0.0,0.0,0,0,0.0,3623.1499999999996,2,1,0.5,10294.79,3,1,0.3333333333333333,0
LGS2ORD0042866,C013190,2025-12-06 11:00:00,Female,35,Silver,TV,Bangkok,1138,Web,COD,11,12,5,1,30-40,37.93333333333333,8.0,1.0,0.125,251,24,4484.81625,0.3,0.5,0.25,0.0,0.0,0,0,0.0,16538.52,3,0,0.0,25380.489999999998,4,0,0.0,35878.53,8,1,0.125,0
LGS2ORD0042867,C013635,2025-12-06 11:00:00,Female,22,Platinum,CallCenter,Bangkok,370,CallCenter,COD,11,12,5,1,20-30,12.333333333333334,7.0,1.0,0.14285714285714285,48,54,4178.860000000001,0.2,0.7142857142857143,0.0,0.0,0.0,0,0,0.0,0.0,0,0,0.0,10204.89,2,1,0.5,29252.020000000004,7,1,0.14285714285714285,0
LGS2ORD0042868,C013803,2025-12-06 11:00:00,Male,54,Bronze,TV,Chonburi,1511,Shopee,PromptPay,11,12,5,1,>50,50.36666666666667,6.0,1.0,0.16666666666666666,305,49,8136.543333333334,0.23,0.6666666666666666,0.16666666666666666,0.0,0.0,0,0,0.0,0.0,0,0,0.0,35347.02,2,0,0.0,48819.26,6,1,0.16666666666666666,0
LGS2ORD0042869,C012608,2025-12-06 12:00:00,Female,62,Platinum,Shopee,Chiang Mai,1496,TV_Show,COD,12,12,5,1,>50,49.86666666666667,5.0,0.0,0.0,-1,75,9948.003999999999,0.3,0.4,0.4,0.0,0.0,0,0,0.0,0.0,0,0,0.0,982.51,1,0,0.0,49740.02,5,0,0.0,1
LGS2ORD0042870,C013189,2025-12-06 12:00:00,Female,42,Bronze,Web,Bangkok,1569,Web,COD,12,12,5,1,40-50,52.3,8.0,0.0,0.0,-1,109,4482.7325,0.28,0.625,0.25,0.0,0.0,0,0,0.0,0.0,0,0,0.0,0.0,0,0,0.0,35861.86,8,0,0.0,0
LGS2ORD0042871,C010717,2025-12-06 12:00:00,Male,42,Bronze,Shopee,Chonburi,1598,TV_Show,COD,12,12,5,1,40-50,53.266666666666666,4.0,0.0,0.0,-1,8,2636.255,0.28,0.0,0.25,0.0,0.0,0,0,0.0,5842.99,2,0,0.0,7170.15,3,0,0.0,10545.02,4,0,0.0,0
LGS2ORD0042872,C016844,2025-12-06 12:00:00,Male,23,Silver,Lazada,Bangkok,1184,TV_Show,Credit_Card,12,12,5,1,20-30,39.46666666666667,5.0,1.0,0.2,196,124,5182.122,0.3,0.4,0.2,0.0,0.0,0,0,0.0,0.0,0,0,0.0,0.0,0,0,0.0,25910.61,5,1,0.2,0
LGS2ORD0042873,C017246,2025-12-06 12:00:00,Female,29,Bronze,TV,Bangkok,717,Shopee,PromptPay,12,12,5,1,20-30,23.9,8.0,3.0,0.375,96,16,2942.2725,0.23,1.0,0.5,0.0,0.0,0,0,0.0,3995.84,1,0,0.0,8930.39,3,0,0.0,23538.18,8,3,0.375,0
LGS2ORD0042874,C015095,2025-12-06 13:00:00,Male,45,Platinum,CallCenter,Songkhla,1629,Lazada,COD,13,12,5,1,40-50,54.3,1.0,1.0,1.0,220,228,6933.25,0.25,0.0,1.0,0.0,0.0,0,0,0.0,0.0,0,0,0.0,0.0,0,0,0.0,6933.25,1,1,1.0,0
LGS2ORD0042875,C016513,2025-12-06 13:00:00,Female,30,Bronze,TV,Bangkok,883,Lazada,COD,13,12,5,1,20-30,29.433333333333334,3.0,0.0,0.0,-1,83,515.26,0.18,0.6666666666666666,0.0,0.0,0.0,0,0,0.0,0.0,0,0,0.0,633.52,1,0,0.0,1545.78,3,0,0.0,0
LGS2ORD0042876,C012983,2025-12-06 13:00:00,Male,59,Bronze,Web,Chonburi,854,Lazada,COD,13,12,5,1,>50,28.466666666666665,2.0,1.0,0.5,-7,2,2883.4100000000003,0.23,1.0,1.0,0.0,419.97,1,1,1.0,419.97,1,1,1.0,419.97,1,1,1.0,5766.820000000001,2,1,0.5,0
LGS2ORD0042877,C017631,2025-12-06 13:00:00,Female,30,Bronze,Lazada,Chiang Mai,1506,Web,COD,13,12,5,1,20-30,50.2,6.0,0.0,0.0,-1,6,5430.735,0.18,0.6666666666666666,0.0,0.0,11257.46,1,0,0.0,16342.5,2,0,0.0,16342.5,2,0,0.0,32584.41,6,0,0.0,0
LGS2ORD0042878,C011568,2025-12-06 13:00:00,Female,43,Bronze,Web,Remote_Area,582,TV_Show,Bank_Transfer,13,12,5,1,40-50,19.4,8.0,2.0,0.25,20,20,6957.94875,0.28,0.5,0.375,0.0,0.0,0,0,0.0,8243.65,1,0,0.0,10483.71,2,1,0.5,55663.59,8,2,0.25,0
LGS2ORD0042879,C015777,2025-12-06 14:00:00,Male,48,Bronze,TV,Khon Kaen,1148,CallCenter,COD,14,12,5,1,40-50,38.266666666666666,6.0,2.0,0.3333333333333333,58,27,4370.401666666667,0.28,0.8333333333333334,0.5,0.0,0.0,0,0,0.0,4108.2,1,0,0.0,9245.5,4,1,0.25,26222.41,6,2,0.3333333333333333,0
LGS2ORD0042880,C010679,2025-12-06 14:00:00,Male,42,Silver,TV,Phuket,949,Lazada,Credit_Card,14,12,5,1,40-50,31.633333333333333,5.0,1.0,0.2,310,23,3095.276,0.3,0.2,0.2,0.0,0.0,0,0,0.0,1190.34,1,0,0.0,3007.04,2,0,0.0,15476.38,5,1,0.2,0
LGS2ORD0042881,C015121,2025-12-06 14:00:00,Male,40,Silver,CallCenter,Bangkok,1784,TV_Show,Bank_Transfer,14,12,5,1,30-40,59.46666666666667,4.0,2.0,0.5,101,37,1702.415,0.3,0.75,0.75,0.0,0.0,0,0,0.0,0.0,0,0,0.0,1498.75,1,0,0.0,6809.66,4,2,0.5,1
LGS2ORD0042882,C010076,2025-12-06 14:00:00,Male,39,Bronze,TV,Chonburi,1725,Shopee,COD,14,12,5,1,30-40,57.5,4.0,0.0,0.0,-1,23,3982.85,0.28,0.5,0.25,0.0,0.0,0,0,0.0,1772.24,1,0,0.0,1772.24,1,0,0.0,15931.4,4,0,0.0,0
LGS2ORD0042883,C016585,2025-12-06 14:00:00,Male,49,Bronze,Lazada,Songkhla,1257,TV_Show,PromptPay,14,12,5,1,40-50,41.9,5.0,2.0,0.4,2,14,6490.906000000001,0.23,0.4,0.2,0.0,0.0,0,0,0.0,2868.81,1,1,1.0,14691.76,3,1,0.3333333333333333,32454.530000000002,5,2,0.4,0
LGS2ORD0042884,C012810,2025-12-06 15:00:00,Female,49,Bronze,CallCenter,Chonburi,542,Web,COD,15,12,5,1,40-50,18.066666666666666,7.0,2.0,0.2857142857142857,32,50,5088.667142857143,0.18,0.7142857142857143,0.0,0.0,0.0,0,0,0.0,0.0,0,0,0.0,2582.58,1,1,1.0,35620.67,7,2,0.2857142857142857,0
LGS2ORD0042885,C014344,2025-12-06 15:00:00,Female,46,Bronze,Lazada,Bangkok,1645,Shopee,PromptPay,15,12,5,1,40-50,54.833333333333336,4.0,1.0,0.25,215,41,2171.9325,0.28,0.5,0.5,0.0,0.0,0,0,0.0,0.0,0,0,0.0,900.63,1,0,0.0,8687.73,4,1,0.25,0
LGS2ORD0042886,C015184,2025-12-06 15:00:00,Female,47,Bronze,TV,Songkhla,1629,Shopee,Credit_Card,15,12,5,1,40-50,54.3,8.0,5.0,0.625,24,39,5023.70875,0.23,0.625,0.625,0.0,0.0,0,0,0.0,0.0,0,0,0.0,2833.88,2,2,1.0,40189.67,8,5,0.625,1
LGS2ORD0042887,C010918,2025-12-06 15:00:00,Male,62,Bronze,Lazada,Remote_Area,751,Web,COD,15,12,5,1,>50,25.033333333333335,5.0,1.0,0.2,192,104,4792.766,0.28,0.8,0.2,0.0,0.0,0,0,0.0,0.0,0,0,0.0,0.0,0,0,0.0,23963.829999999998,5,1,0.2,1
LGS2ORD0042888,C014448,2025-12-06 15:00:00,Male,67,Bronze,TV,Bangkok,1219,Shopee,COD,15,12,5,1,>50,40.63333333333333,3.0,1.0,0.3333333333333333,271,121,9026.65,0.23,0.3333333333333333,0.3333333333333333,0.0,0.0,0,0,0.0,0.0,0,0,0.0,0.0,0,0,0.0,27079.95,3,1,0.3333333333333333,1
LGS2ORD0042889,C015726,2025-12-06 15:00:00,Male,38,Bronze,Shopee,Chonburi,527,TV_Show,COD,15,12,5,1,30-40,17.566666666666666,8.0,4.0,0.5,-6,5,6651.735000000001,0.18,0.5,0.0,0.0,1264.44,1,1,1.0,2520.75,2,2,1.0,10112.76,3,3,1.0,53213.880000000005,8,4,0.5,1
LGS2ORD0042890,C010471,2025-12-06 16:00:00,Female,56,Gold,TV,Nakhon Ratchasima,1087,Shopee,Credit_Card,16,12,5,1,>50,36.233333333333334,6.0,1.0,0.16666666666666666,290,26,6170.141666666666,0.28,0.5,0.5,0.0,0.0,0,0,0.0,1666.13,1,0,0.0,1666.13,1,0,0.0,37020.85,6,1,0.16666666666666666,0
LGS2ORD0042891,C014338,2025-12-06 16:00:00,Male,42,Gold,Web,Khon Kaen,1619,Web,COD,16,12,5,1,40-50,53.96666666666667,2.0,2.0,1.0,148,164,2704.465,0.2299999999999999,0.5,0.5,0.0,0.0,0,0,0.0,0.0,0,0,0.0,0.0,0,0,0.0,5408.93,2,2,1.0,0
LGS2ORD0042892,C013041,2025-12-06 16:00:00,Female,45,Silver,TV,Bangkok,1502,Lazada,COD,16,12,5,1,40-50,50.06666666666667,2.0,0.0,0.0,-1,21,6298.91,0.2,0.0,0.0,0.0,0.0,0,0,0.0,11896.31,1,0,0.0,11896.31,1,0,0.0,12597.82,2,0,0.0,1
LGS2ORD0042893,C011643,2025-12-06 16:00:00,Female,39,Platinum,Shopee,Bangkok,930,Web,Credit_Card,16,12,5,1,30-40,31.0,4.0,0.0,0.0,-1,196,4923.085,0.3,0.0,0.5,0.0,0.0,0,0,0.0,0.0,0,0,0.0,0.0,0,0,0.0,19692.34,4,0,0.0,0
LGS2ORD0042894,C013769,2025-12-06 16:00:00,Male,41,Platinum,CallCenter,Nakhon Ratchasima,1075,TV_Show,PromptPay,16,12,5,1,40-50,35.833333333333336,4.0,0.0,0.0,-1,42,5066.279999999999,0.35,0.5,0.5,0.0,0.0,0,0,0.0,0.0,0,0,0.0,3731.59,2,0,0.0,20265.119999999995,4,0,0.0,0
LGS2ORD0042895,C011151,2025-12-06 17:00:00,Male,22,Gold,Web,Bangkok,1322,Lazada,COD,17,12,5,1,20-30,44.06666666666667,3.0,1.0,0.3333333333333333,151,97,3546.9533333333334,0.33,0.3333333333333333,0.6666666666666666,0.0,0.0,0,0,0.0,0.0,0,0,0.0,0.0,0,0,0.0,10640.86,3,1,0.3333333333333333,0
LGS2ORD0042896,C013804,2025-12-06 17:00:00,Male,61,Bronze,TV,Bangkok,714,Shopee,Credit_Card,17,12,5,1,>50,23.8,11.0,6.0,0.5454545454545454,109,45,3842.7227272727264,0.28,0.7272727272727273,0.45454545454545453,0.0,0.0,0,0,0.0,0.0,0,0,0.0,763.25,1,0,0.0,42269.94999999999,11,6,0.5454545454545454,0
LGS2ORD0042897,C012098,2025-12-06 17:00:00,Female,27,Gold,CallCenter,Chiang Mai,1006,TV_Show,PromptPay,17,12,5,1,20-30,33.53333333333333,7.0,1.0,0.14285714285714285,38,12,4709.958571428571,0.28,0.5714285714285714,0.14285714285714285,0.0,0.0,0,0,0.0,4739.07,2,0,0.0,18044.59,5,1,0.2,32969.71,7,1,0.14285714285714285,0
LGS2ORD0042898,C014573,2025-12-06 17:00:00,Female,40,Bronze,TV,Khon Kaen,1478,Shopee,COD,17,12,5,1,30-40,49.266666666666666,2.0,0.0,0.0,-1,73,4197.255,0.08,0.5,0.0,0.0,0.0,0,0,0.0,0.0,0,0,0.0,2891.39,1,0,0.0,8394.51,2,0,0.0,0
LGS2ORD0042899,C015752,2025-12-06 17:00:00,Female,57,Bronze,CallCenter,Remote_Area,1220,Web,COD,17,12,5,1,>50,40.666666666666664,11.0,3.0,0.2727272727272727,191,5,9333.130000000001,0.18,0.5454545454545454,0.0,0.0,1149.33,1,0,0.0,1149.33,1,0,0.0,1149.33,1,0,0.0,102664.43000000001,11,3,0.2727272727272727,0
LGS2ORD0042900,C016835,2025-12-06 18:00:00,Male,46,Bronze,CallCenter,Bangkok,813,Shopee,PromptPay,18,12,5,1,40-50,27.1,5.0,1.0,0.2,183,135,8063.466,0.23,0.0,0.4,0.0,0.0,0,0,0.0,0.0,0,0,0.0,0.0,0,0,0.0,40317.33,5,1,0.2,0
LGS2ORD0042901,C014729,2025-12-06 18:00:00,Female,57,Bronze,CallCenter,Bangkok,1717,Shopee,Credit_Card,18,12,5,1,>50,57.233333333333334,11.0,1.0,0.09090909090909091,178,18,3626.9154545454544,0.28,0.6363636363636364,0.36363636363636365,0.0,0.0,0,0,0.0,8087.83,2,0,0.0,19566.09,4,0,0.0,39896.07,11,1,0.09090909090909091,0
LGS2ORD0042902,C014266,2025-12-06 18:00:00,Male,34,Silver,CallCenter,Bangkok,390,Lazada,COD,18,12,5,1,30-40,13.0,6.0,3.0,0.5,19,35,4508.233333333334,0.25,0.16666666666666666,0.16666666666666666,0.0,0.0,0,0,0.0,0.0,0,0,0.0,5901.9,2,2,1.0,27049.4,6,3,0.5,1
LGS2ORD0042903,C016390,2025-12-06 18:00:00,Male,28,Silver,Lazada,Bangkok,950,Lazada,Credit_Card,18,12,5,1,20-30,31.666666666666668,6.0,2.0,0.3333333333333333,243,18,3090.1133333333332,0.25,0.5,0.6666666666666666,0.0,0.0,0,0,0.0,7786.1,1,0,0.0,11689.61,3,0,0.0,18540.68,6,2,0.3333333333333333,0
LGS2ORD0042904,C011744,2025-12-06 18:00:00,Male,37,Silver,Shopee,Bangkok,835,Shopee,COD,18,12,5,1,30-40,27.833333333333332,2.0,0.0,0.0,-1,95,11141.48,0.25,0.0,0.5,0.0,0.0,0,0,0.0,0.0,0,0,0.0,0.0,0,0,0.0,22282.96,2,0,0.0,0
LGS2ORD0042905,C014841,2025-12-06 18:00:00,Male,67,Bronze,Shopee,Remote_Area,493,Web,COD,18,12,5,1,>50,16.433333333333334,9.0,1.0,0.1111111111111111,175,50,4142.248888888888,0.23,0.4444444444444444,0.1111111111111111,0.0,0.0,0,0,0.0,0.0,0,0,0.0,1141.04,1,0,0.0,37280.24,9,1,0.1111111111111111,0
LGS2ORD0042906,C011497,2025-12-06 19:00:00,Female,50,Silver,Lazada,Chonburi,1673,Lazada,COD,19,12,5,1,40-50,55.766666666666666,5.0,1.0,0.2,57,60,5978.773999999999,0.2,0.6,0.0,0.0,0.0,0,0,0.0,0.0,0,0,0.0,2345.87,1,1,1.0,29893.87,5,1,0.2,1
LGS2ORD0042907,C012305,2025-12-06 19:00:00,Female,43,Gold,Web,Khon Kaen,1734,CallCenter,PromptPay,19,12,5,1,40-50,57.8,9.0,2.0,0.2222222222222222,28,32,5992.834444444444,0.33,0.6666666666666666,0.4444444444444444,0.1111111111111111,0.0,0,0,0.0,0.0,0,0,0.0,4624.5,2,1,0.5,53935.509999999995,9,2,0.2222222222222222,1
LGS2ORD0042908,C014434,2025-12-06 19:00:00,Female,56,Bronze,Web,Khon Kaen,606,Web,Credit_Card,19,12,5,1,>50,20.2,8.0,2.0,0.25,184,42,9442.605,0.28,0.5,0.125,0.0,0.0,0,0,0.0,0.0,0,0,0.0,7531.15,1,0,0.0,75540.84,8,2,0.25,1
LGS2ORD0042909,C015294,2025-12-06 19:00:00,Female,37,Gold,Lazada,Bangkok,1071,Web,COD,19,12,5,1,30-40,35.7,3.0,0.0,0.0,-1,6,4007.3699999999994,0.33,0.3333333333333333,0.3333333333333333,0.0,2262.4,1,0,0.0,2262.4,1,0,0.0,10463.55,2,0,0.0,12022.109999999999,3,0,0.0,0
LGS2ORD0042910,C016819,2025-12-06 19:00:00,Female,62,Bronze,TV,Bangkok,508,Web,COD,19,12,5,1,>50,16.933333333333334,11.0,4.0,0.36363636363636365,88,64,8027.968181818182,0.28,0.5454545454545454,0.36363636363636365,0.0,0.0,0,0,0.0,0.0,0,0,0.0,30977.21,2,0,0.0,88307.65,11,4,0.36363636363636365,1
LGS2ORD0042911,C015765,2025-12-06 20:00:00,Female,28,Bronze,Shopee,Bangkok,373,Shopee,COD,20,12,5,1,20-30,12.433333333333334,10.0,0.0,0.0,-1,20,8678.329000000002,0.28,0.4,0.2,0.0,0.0,0,0,0.0,5207.44,1,0,0.0,31137.769999999997,3,0,0.0,86783.29000000001,10,0,0.0,0
LGS2ORD0042912,C011043,2025-12-06 20:00:00,Male,38,Silver,TV,Songkhla,1447,Shopee,COD,20,12,5,1,30-40,48.233333333333334,5.0,2.0,0.4,210,155,1045.392,0.3,0.6,0.2,0.0,0.0,0,0,0.0,0.0,0,0,0.0,0.0,0,0,0.0,5226.96,5,2,0.4,0
LGS2ORD0042913,C017103,2025-12-06 20:00:00,Male,38,Bronze,Lazada,Nakhon Ratchasima,773,Shopee,PromptPay,20,12,5,1,30-40,25.766666666666666,8.0,5.0,0.625,77,67,5541.10375,0.28,0.625,0.125,0.0,0.0,0,0,0.0,0.0,0,0,0.0,966.51,1,0,0.0,44328.83,8,5,0.625,0
LGS2ORD0042914,C014332,2025-12-06 20:00:00,Female,36,Bronze,Web,Remote_Area,1243,TV_Show,COD,20,12,5,1,30-40,41.43333333333333,9.0,3.0,0.3333333333333333,50,56,8997.704444444444,0.28,0.4444444444444444,0.2222222222222222,0.0,0.0,0,0,0.0,0.0,0,0,0.0,36606.91,2,1,0.5,80979.34,9,3,0.3333333333333333,0
LGS2ORD0042915,C010962,2025-12-06 20:00:00,Female,39,Bronze,Shopee,Chonburi,1054,Web,Bank_Transfer,20,12,5,1,30-40,35.13333333333333,6.0,2.0,0.3333333333333333,190,36,7463.7699999999995,0.28,1.0,0.16666666666666666,0.0,0.0,0,0,0.0,0.0,0,0,0.0,19447.760000000002,2,0,0.0,44782.619999999995,6,2,0.3333333333333333,0
LGS2ORD0042916,C016359,2025-12-06 21:00:00,Male,39,Gold,TV,Bangkok,898,CallCenter,Credit_Card,21,12,5,1,30-40,29.933333333333334,1.0,0.0,0.0,-1,169,1326.33,0.18,0.0,0.0,0.0,0.0,0,0,0.0,0.0,0,0,0.0,0.0,0,0,0.0,1326.33,1,0,0.0,1
LGS2ORD0042917,C014986,2025-12-06 21:00:00,Male,49,Silver,Shopee,Bangkok,839,TV_Show,COD,21,12,5,1,40-50,27.966666666666665,8.0,1.0,0.125,178,108,3393.1862499999997,0.3,0.375,0.375,0.0,0.0,0,0,0.0,0.0,0,0,0.0,0.0,0,0,0.0,27145.489999999998,8,1,0.125,0
LGS2ORD0042918,C016229,2025-12-06 21:00:00,Female,37,Bronze,Web,Bangkok,545,Shopee,COD,21,12,5,1,30-40,18.166666666666668,6.0,2.0,0.3333333333333333,194,3,8676.94,0.18,0.3333333333333333,0.0,0.0,8129.98,1,0,0.0,21411.72,2,0,0.0,44484.39,3,0,0.0,52061.64,6,2,0.3333333333333333,0
LGS2ORD0042919,C017401,2025-12-06 21:00:00,Male,36,Bronze,TV,Nakhon Ratchasima,1758,Lazada,COD,21,12,5,1,30-40,58.6,7.0,3.0,0.42857142857142855,89,63,6642.9971428571425,0.28,0.5714285714285714,0.42857142857142855,0.0,0.0,0,0,0.0,0.0,0,0,0.0,31095.01,2,0,0.0,46500.979999999996,7,3,0.42857142857142855,0
LGS2ORD0042920,C016394,2025-12-06 21:00:00,Male,34,Silver,Web,Remote_Area,1338,Web,PromptPay,21,12,5,1,30-40,44.6,8.0,2.0,0.25,40,45,3946.47125,0.3,0.5,0.25,0.0,0.0,0,0,0.0,0.0,0,0,0.0,8487.34,3,1,0.3333333333333333,31571.77,8,2,0.25,1
LGS2ORD0042921,C015372,2025-12-06 22:00:00,Male,39,Bronze,Web,Remote_Area,897,TV_Show,COD,22,12,5,1,30-40,29.9,7.0,2.0,0.2857142857142857,178,85,8447.565714285713,0.28,0.42857142857142855,0.14285714285714285,0.0,0.0,0,0,0.0,0.0,0,0,0.0,10404.23,1,0,0.0,59132.95999999999,7,2,0.2857142857142857,0
LGS2ORD0042922,C014007,2025-12-06 22:00:00,Male,57,Bronze,Web,Chonburi,1288,Shopee,COD,22,12,5,1,>50,42.93333333333333,4.0,0.0,0.0,-1,1,1253.0475,0.28,0.25,0.5,0.0,1180.78,1,0,0.0,1180.78,1,0,0.0,1180.78,1,0,0.0,5012.19,4,0,0.0,1
LGS2ORD0042923,C012188,2025-12-06 22:00:00,Female,50,Bronze,Web,Songkhla,1624,TV_Show,COD,22,12,5,1,40-50,54.13333333333333,6.0,0.0,0.0,-1,5,2433.345,0.23,0.5,0.16666666666666666,0.0,1687.29,1,0,0.0,1687.29,1,0,0.0,12768.91,4,0,0.0,14600.07,6,0,0.0,0
LGS2ORD0042924,C010418,2025-12-06 22:00:00,Female,55,Bronze,TV,Bangkok,1217,Web,PromptPay,22,12,5,1,>50,40.56666666666667,3.0,0.0,0.0,-1,27,4284.513333333333,0.08,0.3333333333333333,0.0,0.0,0.0,0,0,0.0,3022.69,1,0,0.0,3022.69,1,0,0.0,12853.54,3,0,0.0,0
LGS2ORD0042925,C015542,2025-12-06 22:00:00,Female,38,Silver,Shopee,Chonburi,598,Lazada,PromptPay,22,12,5,1,30-40,19.933333333333334,7.0,0.0,0.0,-1,26,6682.677142857143,0.3,0.42857142857142855,0.2857142857142857,0.0,0.0,0,0,0.0,17915.87,1,0,0.0,28431.82,2,0,0.0,46778.74,7,0,0.0,0
LGS2ORD0042926,C016616,2025-12-06 22:00:00,Male,47,Bronze,CallCenter,Bangkok,999,Shopee,COD,22,12,5,1,40-50,33.3,11.0,3.0,0.2727272727272727,22,31,2413.664545454545,0.28,0.6363636363636364,0.36363636363636365,0.0,0.0,0,0,0.0,0.0,0,0,0.0,13030.74,3,2,0.6666666666666666,26550.309999999998,11,3,0.2727272727272727,0
LGS2ORD0042927,C013087,2025-12-06 23:00:00,Female,60,Bronze,Lazada,Bangkok,632,CallCenter,Bank_Transfer,23,12,5,1,>50,21.066666666666666,6.0,1.0,0.16666666666666666,128,76,4868.361666666667,0.23,0.5,0.3333333333333333,0.0,0.0,0,0,0.0,0.0,0,0,0.0,2731.15,1,0,0.0,29210.170000000002,6,1,0.16666666666666666,1
LGS2ORD0042928,C016050,2025-12-06 23:00:00,Female,24,Silver,Shopee,Chiang Mai,1143,Shopee,Credit_Card,23,12,5,1,20-30,38.1,2.0,0.0,0.0,-1,127,6174.424999999999,0.3,0.0,1.0,0.0,0.0,0,0,0.0,0.0,0,0,0.0,0.0,0,0,0.0,12348.849999999999,2,0,0.0,0
LGS2ORD0042929,C015393,2025-12-06 23:00:00,Female,47,Gold,Web,Nakhon Ratchasima,1772,TV_Show,COD,23,12,5,1,40-50,59.06666666666667,1.0,1.0,1.0,111,120,2235.8,0.08,1.0,0.0,0.0,0.0,0,0,0.0,0.0,0,0,0.0,0.0,0,0,0.0,2235.8,1,1,1.0,0
LGS2ORD0042930,C010220,2025-12-06 23:00:00,Female,42,Silver,Shopee,Nakhon Ratchasima,535,Web,COD,23,12,5,1,40-50,17.833333333333332,6.0,0.0,0.0,-1,104,5962.283333333333,0.2,0.3333333333333333,0.0,0.0,0.0,0,0,0.0,0.0,0,0,0.0,0.0,0,0,0.0,35773.7,6,0,0.0,0
LGS2ORD0042931,C012855,2025-12-06 23:00:00,Male,35,Bronze,Shopee,Chiang Mai,1103,Lazada,COD,23,12,5,1,30-40,36.766666666666666,6.0,0.0,0.0,-1,31,8170.633333333332,0.23,0.5,0.3333333333333333,0.0,0.0,0,0,0.0,0.0,0,0,0.0,5390.599999999999,2,0,0.0,49023.799999999996,6,0,0.0,1
LGS2ORD0042932,C011410,2025-12-07 00:00:00,Male,37,Bronze,Shopee,Bangkok,967,Web,COD,0,12,6,1,30-40,32.233333333333334,2.0,1.0,0.5,97,25,1149.2,0.23,0.0,0.5,0.0,0.0,0,0,0.0,320.33,1,0,0.0,320.33,1,0,0.0,2298.4,2,1,0.5,0
LGS2ORD0042933,C012828,2025-12-07 00:00:00,Female,66,Gold,Lazada,Chiang Mai,1684,Web,PromptPay,0,12,6,1,>50,56.13333333333333,4.0,0.0,0.0,-1,109,4871.74,0.2299999999999999,0.0,0.25,0.0,0.0,0,0,0.0,0.0,0,0,0.0,0.0,0,0,0.0,19486.96,4,0,0.0,1
LGS2ORD0042934,C010940,2025-12-07 00:00:00,Female,45,Gold,Shopee,Chonburi,504,Lazada,Credit_Card,0,12,6,1,40-50,16.8,6.0,3.0,0.5,103,118,5061.258333333333,0.2299999999999999,0.6666666666666666,0.3333333333333333,0.0,0.0,0,0,0.0,0.0,0,0,0.0,0.0,0,0,0.0,30367.55,6,3,0.5,0
LGS2ORD0042935,C010378,2025-12-07 00:00:00,Female,26,Gold,Lazada,Bangkok,1274,Shopee,Credit_Card,0,12,6,1,20-30,42.46666666666667,1.0,0.0,0.0,-1,294,2417.45,0.28,0.0,1.0,0.0,0.0,0,0,0.0,0.0,0,0,0.0,0.0,0,0,0.0,2417.45,1,0,0.0,0
LGS2ORD0042936,C013645,2025-12-07 00:00:00,Male,64,Silver,TV,Khon Kaen,1516,TV_Show,Credit_Card,0,12,6,1,>50,50.53333333333333,12.0,4.0,0.3333333333333333,2,16,6607.119166666666,0.25,0.5,0.08333333333333333,0.0,0.0,0,0,0.0,6929.95,1,1,1.0,10962.73,2,1,0.5,79285.43,12,4,0.3333333333333333,0
LGS2ORD0042937,C013137,2025-12-07 01:00:00,Female,31,Gold,TV,Songkhla,776,TV_Show,COD,1,12,6,1,30-40,25.866666666666667,6.0,2.0,0.3333333333333333,176,14,4910.6449999999995,0.28,0.5,0.3333333333333333,0.0,0.0,0,0,0.0,1113.18,1,0,0.0,1113.18,1,0,0.0,29463.87,6,2,0.3333333333333333,1
LGS2ORD0042938,C013683,2025-12-07 01:00:00,Female,36,Platinum,Web,Nakhon Ratchasima,1425,Shopee,PromptPay,1,12,6,1,30-40,47.5,3.0,0.0,0.0,-1,43,3190.6866666666665,0.35,0.0,1.0,0.0,0.0,0,0,0.0,0.0,0,0,0.0,1639.12,1,0,0.0,9572.06,3,0,0.0,0
LGS2ORD0042939,C013707,2025-12-07 01:00:00,Other,32,Gold,CallCenter,Nakhon Ratchasima,1712,CallCenter,COD,1,12,6,1,30-40,57.06666666666667,5.0,0.0,0.0,-1,73,5288.282000000001,0.33,0.0,0.6,0.0,0.0,0,0,0.0,0.0,0,0,0.0,1016.08,1,0,0.0,26441.410000000003,5,0,0.0,0
LGS2ORD0042940,C013134,2025-12-07 01:00:00,Female,64,Bronze,TV,Remote_Area,1280,TV_Show,COD,1,12,6,1,>50,42.666666666666664,4.0,0.0,0.0,-1,28,7481.0275,0.18,0.5,0.0,0.0,0.0,0,0,0.0,7238.75,1,0,0.0,7238.75,1,0,0.0,29924.11,4,0,0.0,0
LGS2ORD0042941,C017284,2025-12-07 01:00:00,Female,49,Bronze,Shopee,Songkhla,836,Lazada,Bank_Transfer,1,12,6,1,40-50,27.866666666666667,8.0,3.0,0.375,98,9,6048.885,0.23,0.5,0.125,0.0,0.0,0,0,0.0,5801.77,1,0,0.0,5801.77,1,0,0.0,48391.08,8,3,0.375,0
LGS2ORD0042942,C012513,2025-12-07 02:00:00,Female,43,Silver,Lazada,Bangkok,1003,TV_Show,COD,2,12,6,1,40-50,33.43333333333333,7.0,1.0,0.14285714285714285,212,6,10312.844285714285,0.25,0.42857142857142855,0.14285714285714285,0.0,32628.77,1,0,0.0,32628.77,1,0,0.0,35681.79,2,0,0.0,72189.91,7,1,0.14285714285714285,0
LGS2ORD0042943,C016930,2025-12-07 02:00:00,Female,62,Bronze,Web,Songkhla,716,Shopee,COD,2,12,6,1,>50,23.866666666666667,3.0,1.0,0.3333333333333333,26,34,5974.54,0.13,0.6666666666666666,0.0,0.0,0.0,0,0,0.0,0.0,0,0,0.0,15014.720000000001,2,1,0.5,17923.62,3,1,0.3333333333333333,1
LGS2ORD0042944,C012328,2025-12-07 02:00:00,Female,63,Bronze,Web,Chiang Mai,673,CallCenter,COD,2,12,6,1,>50,22.433333333333334,6.0,2.0,0.3333333333333333,7,24,3089.9216666666666,0.28,0.6666666666666666,0.16666666666666666,0.0,0.0,0,0,0.0,3106.26,1,1,1.0,3106.26,1,1,1.0,18539.53,6,2,0.3333333333333333,0
LGS2ORD0042945,C011968,2025-12-07 02:00:00,Male,41,Silver,Shopee,Bangkok,1790,TV_Show,Credit_Card,2,12,6,1,40-50,59.666666666666664,6.0,2.0,0.3333333333333333,167,58,6255.081666666666,0.3,0.3333333333333333,0.5,0.0,0.0,0,0,0.0,0.0,0,0,0.0,3758.32,1,0,0.0,37530.49,6,2,0.3333333333333333,0
LGS2ORD0042946,C011955,2025-12-07 02:00:00,Male,20,Silver,Lazada,Nakhon Ratchasima,1437,Web,COD,2,12,6,1,<20,47.9,9.0,3.0,0.3333333333333333,23,29,5643.466666666666,0.3,0.6666666666666666,0.2222222222222222,0.0,0.0,0,0,0.0,1666.56,1,1,1.0,9430.47,3,2,0.6666666666666666,50791.2,9,3,0.3333333333333333,1
LGS2ORD0042947,C010244,2025-12-07 02:00:00,Male,35,Gold,Shopee,Songkhla,585,Shopee,COD,2,12,6,1,30-40,19.5,8.0,3.0,0.375,69,40,4730.06875,0.28,0.25,0.5,0.0,0.0,0,0,0.0,0.0,0,0,0.0,9823.25,4,1,0.25,37840.55,8,3,0.375,1
LGS2ORD0042948,C013712,2025-12-07 03:00:00,Female,51,Bronze,CallCenter,Remote_Area,759,TV_Show,COD,3,12,6,1,>50,25.3,5.0,2.0,0.4,53,0,4005.6440000000002,0.18,0.4,0.0,0.0,2796.05,1,0,0.0,2796.05,1,0,0.0,4081.9800000000005,2,1,0.5,20028.22,5,2,0.4,1
LGS2ORD0042949,C017683,2025-12-07 03:00:00,Male,42,Silver,TV,Nakhon Ratchasima,1492,TV_Show,COD,3,12,6,1,40-50,49.733333333333334,2.0,0.0,0.0,-1,47,3505.465,0.1,1.0,0.0,0.0,0.0,0,0,0.0,0.0,0,0,0.0,5268.18,1,0,0.0,7010.93,2,0,0.0,1
LGS2ORD0042950,C012948,2025-12-07 03:00:00,Female,46,Bronze,TV,Bangkok,1422,TV_Show,COD,3,12,6,1,40-50,47.4,5.0,1.0,0.2,257,6,7129.197999999999,0.23,0.8,0.2,0.0,3562.08,1,0,0.0,3562.08,1,0,0.0,4775.21,2,0,0.0,35645.99,5,1,0.2,0
LGS2ORD0042951,C011051,2025-12-07 03:00:00,Female,40,Bronze,TV,Phuket,893,TV_Show,Credit_Card,3,12,6,1,30-40,29.766666666666666,9.0,3.0,0.3333333333333333,59,24,3437.6966666666667,0.28,0.5555555555555556,0.4444444444444444,0.0,0.0,0,0,0.0,936.76,1,0,0.0,12660.92,5,1,0.2,30939.27,9,3,0.3333333333333333,0
LGS2ORD0042952,C016850,2025-12-07 03:00:00,Female,37,Bronze,TV,Phuket,1406,Web,COD,3,12,6,1,30-40,46.86666666666667,3.0,1.0,0.3333333333333333,207,115,8517.543333333333,0.23,0.3333333333333333,0.3333333333333333,0.0,0.0,0,0,0.0,0.0,0,0,0.0,0.0,0,0,0.0,25552.63,3,1,0.3333333333333333,0
LGS2ORD0042953,C012573,2025-12-07 04:00:00,Female,35,Platinum,TV,Chonburi,695,CallCenter,Credit_Card,4,12,6,1,30-40,23.166666666666668,3.0,0.0,0.0,-1,229,6921.849999999999,0.25,0.3333333333333333,0.3333333333333333,0.0,0.0,0,0,0.0,0.0,0,0,0.0,0.0,0,0,0.0,20765.55,3,0,0.0,0
LGS2ORD0042954,C013745,2025-12-07 04:00:00,Female,59,Bronze,Web,Bangkok,1033,Web,COD,4,12,6,1,>50,34.43333333333333,6.0,1.0,0.16666666666666666,194,54,3546.7099999999996,0.28,0.5,0.5,0.0,0.0,0,0,0.0,0.0,0,0,0.0,5298.87,1,0,0.0,21280.26,6,1,0.16666666666666666,1
LGS2ORD0042955,C014761,2025-12-07 04:00:00,Male,49,Bronze,TV,Remote_Area,1416,Lazada,COD,4,12,6,1,40-50,47.2,5.0,2.0,0.4,71,47,5431.26,0.18,0.8,0.0,0.0,0.0,0,0,0.0,0.0,0,0,0.0,6937.15,2,1,0.5,27156.3,5,2,0.4,1
LGS2ORD0042956,C012722,2025-12-07 04:00:00,Male,53,Gold,Shopee,Songkhla,1037,CallCenter,Credit_Card,4,12,6,1,>50,34.56666666666667,5.0,3.0,0.6,133,48,3749.8259999999996,0.28,0.6,1.0,0.0,0.0,0,0,0.0,0.0,0,0,0.0,5829.07,1,0,0.0,18749.129999999997,5,3,0.6,0
LGS2ORD0042957,C016200,2025-12-07 04:00:00,Female,48,Gold,TV,Bangkok,423,Shopee,COD,4,12,6,1,40-50,14.1,5.0,0.0,0.0,-1,83,6252.624000000001,0.28,0.2,0.4,0.0,0.0,0,0,0.0,0.0,0,0,0.0,10422.08,1,0,0.0,31263.120000000003,5,0,0.0,0
LGS2ORD0042958,C014666,2025-12-07 05:00:00,Male,37,Gold,Shopee,Khon Kaen,998,Shopee,COD,5,12,6,1,30-40,33.266666666666666,2.0,0.0,0.0,-1,174,7389.525,0.13,0.0,0.0,0.0,0.0,0,0,0.0,0.0,0,0,0.0,0.0,0,0,0.0,14779.05,2,0,0.0,1
LGS2ORD0042959,C012174,2025-12-07 05:00:00,Female,32,Bronze,TV,Remote_Area,675,Web,COD,5,12,6,1,30-40,22.5,7.0,0.0,0.0,-1,59,7413.8157142857135,0.28,0.5714285714285714,0.2857142857142857,0.0,0.0,0,0,0.0,0.0,0,0,0.0,8735.29,1,0,0.0,51896.70999999999,7,0,0.0,1
LGS2ORD0042960,C016672,2025-12-07 05:00:00,Female,48,Bronze,Lazada,Chonburi,888,CallCenter,Credit_Card,5,12,6,1,40-50,29.6,6.0,3.0,0.5,64,33,4830.785,0.23,0.6666666666666666,0.3333333333333333,0.0,0.0,0,0,0.0,0.0,0,0,0.0,21108.379999999997,2,1,0.5,28984.71,6,3,0.5,0
LGS2ORD0042961,C014118,2025-12-07 05:00:00,Female,36,Silver,Shopee,Bangkok,1701,TV_Show,COD,5,12,6,1,30-40,56.7,1.0,0.0,0.0,-1,186,3265.37,0.25,1.0,1.0,0.0,0.0,0,0,0.0,0.0,0,0,0.0,0.0,0,0,0.0,3265.37,1,0,0.0,0
LGS2ORD0042962,C016462,2025-12-07 05:00:00,Male,34,Silver,Web,Nakhon Ratchasima,946,CallCenter,Credit_Card,5,12,6,1,30-40,31.533333333333335,8.0,0.0,0.0,-1,12,3276.9550000000004,0.25,0.5,0.125,0.0,0.0,0,0,0.0,1190.64,1,0,0.0,1190.64,1,0,0.0,26215.640000000003,8,0,0.0,0
LGS2ORD0042963,C014366,2025-12-07 06:00:00,Other,44,Gold,TV,Khon Kaen,1241,Shopee,COD,6,12,6,1,40-50,41.36666666666667,4.0,1.0,0.25,184,130,6545.4575,0.28,0.5,1.0,0.0,0.0,0,0,0.0,0.0,0,0,0.0,0.0,0,0,0.0,26181.83,4,1,0.25,0
LGS2ORD0042964,C015834,2025-12-07 06:00:00,Female,18,Silver,Lazada,Songkhla,434,TV_Show,COD,6,12,6,1,<20,14.466666666666667,3.0,0.0,0.0,-1,8,1082.4199999999998,0.3,0.0,1.0,0.0,0.0,0,0,0.0,782.56,1,0,0.0,782.56,1,0,0.0,3247.2599999999998,3,0,0.0,1
LGS2ORD0042965,C013122,2025-12-07 06:00:00,Female,41,Bronze,Lazada,Bangkok,352,Web,COD,6,12,6,1,40-50,11.733333333333333,6.0,1.0,0.16666666666666666,256,12,7857.526666666666,0.23,0.16666666666666666,0.3333333333333333,0.16666666666666666,0.0,0,0,0.0,7438.93,1,0,0.0,17221.64,2,0,0.0,47145.159999999996,6,1,0.16666666666666666,0
LGS2ORD0042966,C013657,2025-12-07 06:00:00,Female,46,Silver,Lazada,Remote_Area,1246,Shopee,COD,6,12,6,1,40-50,41.53333333333333,5.0,3.0,0.6,67,62,6660.5599999999995,0.2,0.6,0.0,0.0,0.0,0,0,0.0,0.0,0,0,0.0,14217.04,2,1,0.5,33302.799999999996,5,3,0.6,1
LGS2ORD0042967,C016357,2025-12-07 06:00:00,Female,52,Bronze,Web,Bangkok,636,Lazada,COD,6,12,6,1,>50,21.2,4.0,0.0,0.0,-1,40,12113.895,0.28,0.5,0.25,0.0,0.0,0,0,0.0,0.0,0,0,0.0,25582.05,1,0,0.0,48455.58,4,0,0.0,0
LGS2ORD0042968,C014191,2025-12-07 06:00:00,Male,29,Bronze,TV,Nakhon Ratchasima,1484,TV_Show,COD,6,12,6,1,20-30,49.46666666666667,10.0,3.0,0.3,-3,11,6566.780000000001,0.28,0.8,0.2,0.0,0.0,0,0,0.0,2126.62,1,1,1.0,25954.249999999996,3,2,0.6666666666666666,65667.8,10,3,0.3,0
LGS2ORD0042969,C015088,2025-12-07 07:00:00,Female,72,Platinum,Lazada,Bangkok,637,TV_Show,PromptPay,7,12,6,1,>50,21.233333333333334,2.0,0.0,0.0,-1,85,978.68,0.3,0.5,1.0,0.0,0.0,0,0,0.0,0.0,0,0,0.0,1038.83,1,0,0.0,1957.36,2,0,0.0,0
LGS2ORD0042970,C012248,2025-12-07 07:00:00,Female,41,Silver,Lazada,Songkhla,520,Web,PromptPay,7,12,6,1,40-50,17.333333333333332,3.0,1.0,0.3333333333333333,255,244,4822.623333333333,0.2,0.3333333333333333,0.0,0.0,0.0,0,0,0.0,0.0,0,0,0.0,0.0,0,0,0.0,14467.869999999999,3,1,0.3333333333333333,1
LGS2ORD0042971,C012832,2025-12-07 07:00:00,Female,43,Bronze,Shopee,Bangkok,688,Lazada,PromptPay,7,12,6,1,40-50,22.933333333333334,3.0,0.0,0.0,-1,101,8650.303333333333,0.18,0.3333333333333333,0.0,0.0,0.0,0,0,0.0,0.0,0,0,0.0,0.0,0,0,0.0,25950.91,3,0,0.0,0
LGS2ORD0042972,C015327,2025-12-07 07:00:00,Male,58,Platinum,TV,Phuket,1440,Lazada,COD,7,12,6,1,>50,48.0,11.0,5.0,0.45454545454545453,27,39,3980.43,0.35,0.5454545454545454,0.45454545454545453,0.0,0.0,0,0,0.0,0.0,0,0,0.0,29594.22,6,3,0.5,43784.729999999996,11,5,0.45454545454545453,1
LGS2ORD0042973,C014104,2025-12-07 07:00:00,Female,37,Platinum,Web,Bangkok,406,Lazada,PromptPay,7,12,6,1,30-40,13.533333333333333,4.0,2.0,0.5,40,51,3580.1325,0.35,0.5,0.5,0.0,0.0,0,0,0.0,0.0,0,0,0.0,385.26,1,1,1.0,14320.53,4,2,0.5,0
LGS2ORD0042974,C015119,2025-12-07 08:00:00,Female,38,Bronze,Shopee,Remote_Area,1524,TV_Show,COD,8,12,6,1,30-40,50.8,4.0,3.0,0.75,97,105,2594.5775000000003,0.23,1.0,0.25,0.0,0.0,0,0,0.0,0.0,0,0,0.0,0.0,0,0,0.0,10378.310000000001,4,3,0.75,1
LGS2ORD0042975,C010336,2025-12-07 08:00:00,Female,40,Silver,TV,Khon Kaen,973,Lazada,COD,8,12,6,1,30-40,32.43333333333333,4.0,2.0,0.5,17,27,2000.1699999999998,0.25,0.75,0.5,0.0,0.0,0,0,0.0,2640.37,1,1,1.0,6382.87,3,1,0.3333333333333333,8000.679999999999,4,2,0.5,0
LGS2ORD0042976,C017194,2025-12-07 08:00:00,Male,43,Silver,TV,Bangkok,1214,CallCenter,COD,8,12,6,1,40-50,40.46666666666667,6.0,0.0,0.0,-1,38,2408.6883333333335,0.3,0.5,0.16666666666666666,0.0,0.0,0,0,0.0,0.0,0,0,0.0,2046.23,1,0,0.0,14452.130000000001,6,0,0.0,0
LGS2ORD0042977,C015824,2025-12-07 08:00:00,Male,51,Bronze,Shopee,Nakhon Ratchasima,1161,Web,COD,8,12,6,1,>50,38.7,10.0,5.0,0.5,144,5,3836.4410000000003,0.23,0.6,0.2,0.0,4053.66,1,0,0.0,4053.66,1,0,0.0,4053.66,1,0,0.0,38364.41,10,5,0.5,0
LGS2ORD0042978,C012495,2025-12-07 08:00:00,Female,38,Silver,Shopee,Nakhon Ratchasima,976,Shopee,COD,8,12,6,1,30-40,32.53333333333333,6.0,1.0,0.16666666666666666,207,5,6052.334999999999,0.25,0.6666666666666666,0.3333333333333333,0.0,6090.84,1,0,0.0,6090.84,1,0,0.0,27174.670000000002,3,0,0.0,36314.009999999995,6,1,0.16666666666666666,0
LGS2ORD0042979,C014650,2025-12-07 09:00:00,Female,52,Bronze,Lazada,Phuket,1782,Lazada,COD,9,12,6,1,>50,59.4,7.0,4.0,0.5714285714285714,79,28,2583.5185714285717,0.23,0.42857142857142855,0.14285714285714285,0.0,0.0,0,0,0.0,1918.1,1,0,0.0,4767.43,2,1,0.5,18084.63,7,4,0.5714285714285714,1
LGS2ORD0042980,C013471,2025-12-07 09:00:00,Female,36,Bronze,Lazada,Bangkok,559,CallCenter,PromptPay,9,12,6,1,30-40,18.633333333333333,5.0,1.0,0.2,267,24,2173.674,0.28,0.6,0.4,0.0,0.0,0,0,0.0,5475.01,1,0,0.0,6383.7300000000005,2,0,0.0,10868.369999999999,5,1,0.2,0
LGS2ORD0042981,C016946,2025-12-07 09:00:00,Male,54,Silver,TV,Phuket,514,Shopee,Credit_Card,9,12,6,1,>50,17.133333333333333,11.0,6.0,0.5454545454545454,18,23,3200.5636363636363,0.3,0.5454545454545454,0.2727272727272727,0.0,0.0,0,0,0.0,6228.81,2,2,1.0,10595.76,4,3,0.75,35206.2,11,6,0.5454545454545454,0
LGS2ORD0042982,C015883,2025-12-07 09:00:00,Female,26,Bronze,Web,Chonburi,1516,CallCenter,COD,9,12,6,1,20-30,50.53333333333333,4.0,0.0,0.0,-1,239,4807.29,0.23,0.5,0.25,0.0,0.0,0,0,0.0,0.0,0,0,0.0,0.0,0,0,0.0,19229.16,4,0,0.0,0
LGS2ORD0042983,C017184,2025-12-07 09:00:00,Male,37,Silver,Shopee,Bangkok,1457,Web,COD,9,12,6,1,30-40,48.56666666666667,5.0,0.0,0.0,-1,7,2763.018,0.3,0.4,0.2,0.0,0.0,0,0,0.0,2089.28,2,0,0.0,3724.37,3,0,0.0,13815.09,5,0,0.0,0
LGS2ORD0042984,C011804,2025-12-07 10:00:00,Male,45,Bronze,TV,Khon Kaen,937,TV_Show,COD,10,12,6,1,40-50,31.233333333333334,7.0,0.0,0.0,-1,23,2083.324285714286,0.23,0.42857142857142855,0.14285714285714285,0.0,0.0,0,0,0.0,836.62,1,0,0.0,7212.990000000001,3,0,0.0,14583.270000000002,7,0,0.0,1
LGS2ORD0042985,C011455,2025-12-07 10:00:00,Female,45,Gold,Web,Phuket,1383,TV_Show,COD,10,12,6,1,40-50,46.1,10.0,3.0,0.3,37,2,6253.503,0.33,0.6,0.3,0.0,10258.38,1,0,0.0,10258.38,1,0,0.0,29411.909999999996,5,2,0.4,62535.03,10,3,0.3,1
LGS2ORD0042986,C012945,2025-12-07 10:00:00,Male,26,Silver,Lazada,Nakhon Ratchasima,1649,Web,COD,10,12,6,1,20-30,54.96666666666667,2.0,2.0,1.0,208,223,798.3050000000001,0.3,1.0,0.5,0.0,0.0,0,0,0.0,0.0,0,0,0.0,0.0,0,0,0.0,1596.6100000000001,2,2,1.0,0
LGS2ORD0042987,C016034,2025-12-07 10:00:00,Female,40,Bronze,Web,Songkhla,1301,Lazada,COD,10,12,6,1,30-40,43.36666666666667,10.0,6.0,0.6,6,17,5727.3949999999995,0.23,0.7,0.4,0.0,0.0,0,0,0.0,7114.719999999999,2,1,0.5,25104.23,3,1,0.3333333333333333,57273.95,10,6,0.6,0
LGS2ORD0042988,C016674,2025-12-07 10:00:00,Female,53,Bronze,Lazada,Phuket,1180,CallCenter,Credit_Card,10,12,6,1,>50,39.333333333333336,5.0,2.0,0.4,75,80,2121.876,0.28,0.2,0.4,0.0,0.0,0,0,0.0,0.0,0,0,0.0,8132.55,3,1,0.3333333333333333,10609.380000000001,5,2,0.4,0
LGS2ORD0042989,C015168,2025-12-07 10:00:00,Male,38,Bronze,TV,Bangkok,1129,Web,Bank_Transfer,10,12,6,1,30-40,37.63333333333333,2.0,1.0,0.5,217,109,18069.96,0.23,0.5,0.5,0.0,0.0,0,0,0.0,0.0,0,0,0.0,0.0,0,0,0.0,36139.92,2,1,0.5,0
LGS2ORD0042990,C013794,2025-12-07 11:00:00,Female,46,Silver,Web,Khon Kaen,1699,TV_Show,Credit_Card,11,12,6,1,40-50,56.63333333333333,8.0,1.0,0.125,130,3,5206.793750000001,0.2,0.375,0.0,0.0,10814.84,1,0,0.0,10814.84,1,0,0.0,12749.41,3,0,0.0,41654.350000000006,8,1,0.125,0
LGS2ORD0042991,C012323,2025-12-07 11:00:00,Female,37,Gold,TV,Chonburi,1542,CallCenter,COD,11,12,6,1,30-40,51.4,0.0,0.0,0.0,-1,-1,0.0,0.0,0.0,0.0,0.0,0.0,0,0,0.0,0.0,0,0,0.0,0.0,0,0,0.0,0.0,0,0,0.0,0
LGS2ORD0042992,C012543,2025-12-07 11:00:00,Male,51,Bronze,Lazada,Chiang Mai,765,Shopee,COD,11,12,6,1,>50,25.5,6.0,1.0,0.16666666666666666,115,114,3793.808333333334,0.28,0.3333333333333333,0.16666666666666666,0.0,0.0,0,0,0.0,0.0,0,0,0.0,0.0,0,0,0.0,22762.850000000002,6,1,0.16666666666666666,0
LGS2ORD0042993,C014089,2025-12-07 11:00:00,Female,29,Gold,TV,Bangkok,1553,Shopee,COD,11,12,6,1,20-30,51.766666666666666,6.0,1.0,0.16666666666666666,260,8,3463.155,0.28,0.5,0.3333333333333333,0.0,0.0,0,0,0.0,450.18,1,0,0.0,450.18,1,0,0.0,20778.93,6,1,0.16666666666666666,0
LGS2ORD0042994,C011594,2025-12-07 11:00:00,Female,27,Gold,CallCenter,Bangkok,1679,Lazada,Credit_Card,11,12,6,1,20-30,55.96666666666667,6.0,0.0,0.0,-1,209,6090.8983333333335,0.28,0.5,0.5,0.0,0.0,0,0,0.0,0.0,0,0,0.0,0.0,0,0,0.0,36545.39,6,0,0.0,0
LGS2ORD0042995,C014384,2025-12-07 12:00:00,Male,49,Silver,Web,Remote_Area,1415,Lazada,Bank_Transfer,12,12,6,1,40-50,47.166666666666664,5.0,1.0,0.2,128,4,9538.492000000002,0.15,0.6,0.0,0.0,21609.62,1,0,0.0,21609.62,1,0,0.0,21609.62,1,0,0.0,47692.46000000001,5,1,0.2,0
LGS2ORD0042996,C011907,2025-12-07 12:00:00,Male,41,Gold,TV,Phuket,1551,Shopee,Credit_Card,12,12,6,1,40-50,51.7,5.0,1.0,0.2,63,69,4678.382,0.18,0.6,0.0,0.0,0.0,0,0,0.0,0.0,0,0,0.0,2244.43,1,1,1.0,23391.91,5,1,0.2,1
LGS2ORD0042997,C011345,2025-12-07 12:00:00,Male,34,Silver,Shopee,Khon Kaen,1316,Shopee,PromptPay,12,12,6,1,30-40,43.86666666666667,3.0,0.0,0.0,-1,61,4369.206666666667,0.3,0.6666666666666666,0.6666666666666666,0.0,0.0,0,0,0.0,0.0,0,0,0.0,3693.26,1,0,0.0,13107.62,3,0,0.0,0
LGS2ORD0042998,C012845,2025-12-07 12:00:00,Female,18,Bronze,Web,Remote_Area,406,Web,COD,12,12,6,1,<20,13.533333333333333,5.0,4.0,0.8,26,40,2751.084,0.23,0.8,0.4,0.0,0.0,0,0,0.0,0.0,0,0,0.0,2019.88,1,1,1.0,13755.419999999998,5,4,0.8,0
LGS2ORD0042999,C014471,2025-12-07 12:00:00,Male,44,Gold,Web,Bangkok,1466,Lazada,COD,12,12,6,1,40-50,48.86666666666667,3.0,2.0,0.6666666666666666,116,27,2494.023333333333,0.2299999999999999,0.3333333333333333,0.6666666666666666,0.0,0.0,0,0,0.0,2717.95,1,0,0.0,2717.95,1,0,0.0,7482.07,3,2,0.6666666666666666,0
LGS2ORD0043000,C013562,2025-12-07 13:00:00,Male,56,Bronze,Lazada,Remote_Area,1064,TV_Show,Credit_Card,13,12,6,1,>50,35.46666666666667,7.0,1.0,0.14285714285714285,303,30,8901.715714285714,0.23,0.5714285714285714,0.14285714285714285,0.0,0.0,0,0,0.0,0.0,0,0,0.0,24233.300000000003,3,0,0.0,62312.01,7,1,0.14285714285714285,0
LGS2ORD0043001,C014729,2025-12-07 13:00:00,Female,57,Bronze,CallCenter,Bangkok,1718,CallCenter,Bank_Transfer,13,12,6,1,>50,57.266666666666666,12.0,1.0,0.08333333333333333,178,0,3631.4933333333333,0.28,0.5833333333333334,0.4166666666666667,0.0,3681.85,1,0,0.0,11769.68,3,0,0.0,23247.94,5,0,0.0,43577.92,12,1,0.08333333333333333,0
LGS2ORD0043002,C016859,2025-12-07 13:00:00,Male,50,Silver,Shopee,Phuket,1342,Shopee,PromptPay,13,12,6,1,40-50,44.733333333333334,7.0,3.0,0.42857142857142855,17,26,4642.4857142857145,0.25,0.5714285714285714,0.42857142857142855,0.0,0.0,0,0,0.0,1689.18,1,1,1.0,1689.18,1,1,1.0,32497.4,7,3,0.42857142857142855,1
LGS2ORD0043003,C015826,2025-12-07 13:00:00,Male,50,Silver,Shopee,Bangkok,816,Lazada,COD,13,12,6,1,40-50,27.2,1.0,0.0,0.0,-1,90,4574.7,0.05,1.0,0.0,0.0,0.0,0,0,0.0,0.0,0,0,0.0,0.0,0,0,0.0,4574.7,1,0,0.0,0
LGS2ORD0043004,C011700,2025-12-07 13:00:00,Female,30,Bronze,Lazada,Bangkok,1584,TV_Show,Credit_Card,13,12,6,1,20-30,52.8,5.0,1.0,0.2,301,3,4179.308,0.08,0.4,0.0,0.0,855.86,1,0,0.0,855.86,1,0,0.0,12311.91,2,0,0.0,20896.54,5,1,0.2,0
LGS2ORD0043005,C016799,2025-12-07 14:00:00,Male,53,Silver,TV,Chonburi,1141,Lazada,COD,14,12,6,1,>50,38.03333333333333,3.0,2.0,0.6666666666666666,19,24,12474.566666666668,0.3,0.6666666666666666,0.3333333333333333,0.0,0.0,0,0,0.0,24516.22,1,1,1.0,25795.5,2,2,1.0,37423.700000000004,3,2,0.6666666666666666,0
LGS2ORD0043006,C013635,2025-12-07 14:00:00,Female,22,Platinum,CallCenter,Bangkok,371,TV_Show,COD,14,12,6,1,20-30,12.366666666666667,8.0,1.0,0.125,49,1,6895.51375,0.2,0.75,0.0,0.0,25912.09,1,0,0.0,25912.09,1,0,0.0,36116.979999999996,3,1,0.3333333333333333,55164.11,8,1,0.125,0
LGS2ORD0043007,C013000,2025-12-07 14:00:00,Female,43,Silver,TV,Chiang Mai,1505,TV_Show,COD,14,12,6,1,40-50,50.166666666666664,6.0,1.0,0.16666666666666666,202,114,3834.4283333333333,0.2,0.0,0.0,0.0,0.0,0,0,0.0,0.0,0,0,0.0,0.0,0,0,0.0,23006.57,6,1,0.16666666666666666,0
LGS2ORD0043008,C014409,2025-12-07 14:00:00,Female,50,Bronze,Web,Nakhon Ratchasima,563,Lazada,Credit_Card,14,12,6,1,40-50,18.766666666666666,6.0,1.0,0.16666666666666666,276,23,3940.276666666667,0.23,0.8333333333333334,0.3333333333333333,0.0,0.0,0,0,0.0,8928.53,1,0,0.0,13816.210000000001,2,0,0.0,23641.660000000003,6,1,0.16666666666666666,1
LGS2ORD0043009,C012328,2025-12-07 14:00:00,Female,63,Bronze,Web,Chiang Mai,673,Lazada,Credit_Card,14,12,6,1,>50,22.433333333333334,7.0,2.0,0.2857142857142857,8,0,2989.157142857143,0.28,0.7142857142857143,0.14285714285714285,0.0,2384.57,1,0,0.0,5490.83,2,1,0.5,5490.83,2,1,0.5,20924.1,7,2,0.2857142857142857,0
LGS2ORD0043010,C013235,2025-12-07 14:00:00,Male,43,Gold,Web,Nakhon Ratchasima,1320,Lazada,COD,14,12,6,1,40-50,44.0,4.0,0.0,0.0,-1,50,4181.78,0.18,0.0,0.0,0.0,0.0,0,0,0.0,0.0,0,0,0.0,9417.24,1,0,0.0,16727.12,4,0,0.0,0
LGS2ORD0043011,C011540,2025-12-07 15:00:00,Female,27,Silver,Web,Bangkok,741,CallCenter,PromptPay,15,12,6,1,20-30,24.7,5.0,0.0,0.0,-1,16,2873.494,0.2,0.2,0.0,0.0,0.0,0,0,0.0,1063.69,1,0,0.0,1703.5500000000002,2,0,0.0,14367.470000000001,5,0,0.0,0
LGS2ORD0043012,C015852,2025-12-07 15:00:00,Male,51,Silver,CallCenter,Phuket,483,TV_Show,Credit_Card,15,12,6,1,>50,16.1,7.0,2.0,0.2857142857142857,270,130,7113.168571428571,0.3,0.42857142857142855,0.2857142857142857,0.0,0.0,0,0,0.0,0.0,0,0,0.0,0.0,0,0,0.0,49792.18,7,2,0.2857142857142857,1
LGS2ORD0043013,C016846,2025-12-07 15:00:00,Male,29,Bronze,TV,Remote_Area,1229,TV_Show,Bank_Transfer,15,12,6,1,20-30,40.96666666666667,6.0,0.0,0.0,-1,61,3475.6416666666664,0.23,0.3333333333333333,0.16666666666666666,0.0,0.0,0,0,0.0,0.0,0,0,0.0,8597.93,2,0,0.0,20853.85,6,0,0.0,0
LGS2ORD0043014,C016161,2025-12-07 15:00:00,Female,37,Silver,Web,Songkhla,936,Web,PromptPay,15,12,6,1,30-40,31.2,7.0,2.0,0.2857142857142857,248,63,1423.5342857142857,0.3,0.5714285714285714,0.2857142857142857,0.0,0.0,0,0,0.0,0.0,0,0,0.0,179.94,1,0,0.0,9964.74,7,2,0.2857142857142857,0
LGS2ORD0043015,C010796,2025-12-07 15:00:00,Male,53,Bronze,Web,Bangkok,1614,TV_Show,COD,15,12,6,1,>50,53.8,8.0,1.0,0.125,202,69,4482.02125,0.23,0.375,0.125,0.0,0.0,0,0,0.0,0.0,0,0,0.0,21309.14,2,0,0.0,35856.17,8,1,0.125,0
LGS2ORD0043016,C012112,2025-12-07 16:00:00,Female,56,Bronze,TV,Chiang Mai,889,Shopee,Bank_Transfer,16,12,6,1,>50,29.633333333333333,3.0,0.0,0.0,-1,87,6157.663333333334,0.08,0.0,0.0,0.0,0.0,0,0,0.0,0.0,0,0,0.0,5017.86,1,0,0.0,18472.99,3,0,0.0,0
LGS2ORD0043017,C015604,2025-12-07 16:00:00,Female,47,Bronze,Web,Nakhon Ratchasima,656,Web,COD,16,12,6,1,40-50,21.866666666666667,6.0,2.0,0.3333333333333333,150,27,4737.738333333334,0.23,0.3333333333333333,0.16666666666666666,0.0,0.0,0,0,0.0,3994.29,1,0,0.0,6558.389999999999,2,0,0.0,28426.43,6,2,0.3333333333333333,0
LGS2ORD0043018,C011457,2025-12-07 16:00:00,Female,47,Silver,TV,Khon Kaen,452,CallCenter,COD,16,12,6,1,40-50,15.066666666666666,7.0,0.0,0.0,-1,24,6235.318571428572,0.25,0.7142857142857143,0.14285714285714285,0.0,0.0,0,0,0.0,2020.85,1,0,0.0,33638.05,4,0,0.0,43647.23,7,0,0.0,0
LGS2ORD0043019,C014947,2025-12-07 16:00:00,Female,44,Bronze,Lazada,Chonburi,1006,Lazada,Credit_Card,16,12,6,1,40-50,33.53333333333333,6.0,2.0,0.3333333333333333,28,37,6324.815,0.28,0.5,0.5,0.0,0.0,0,0,0.0,0.0,0,0,0.0,31110.57,2,1,0.5,37948.89,6,2,0.3333333333333333,0
LGS2ORD0043020,C011356,2025-12-07 16:00:00,Female,58,Bronze,Shopee,Chiang Mai,435,Web,COD,16,12,6,1,>50,14.5,9.0,3.0,0.3333333333333333,164,101,4575.495555555556,0.28,0.4444444444444444,0.3333333333333333,0.0,0.0,0,0,0.0,0.0,0,0,0.0,0.0,0,0,0.0,41179.46000000001,9,3,0.3333333333333333,0
LGS2ORD0043021,C011195,2025-12-07 17:00:00,Female,39,Bronze,Lazada,Phuket,1001,Web,COD,17,12,6,1,30-40,33.36666666666667,7.0,5.0,0.7142857142857143,13,24,6052.351428571429,0.23,0.5714285714285714,0.14285714285714285,0.0,0.0,0,0,0.0,1530.58,1,1,1.0,7860.8099999999995,2,2,1.0,42366.46000000001,7,5,0.7142857142857143,0
LGS2ORD0043022,C015603,2025-12-07 17:00:00,Female,52,Gold,Shopee,Chonburi,408,Web,Credit_Card,17,12,6,1,>50,13.6,3.0,1.0,0.3333333333333333,299,172,4116.516666666666,0.28,0.3333333333333333,0.6666666666666666,0.0,0.0,0,0,0.0,0.0,0,0,0.0,0.0,0,0,0.0,12349.55,3,1,0.3333333333333333,0
LGS2ORD0043023,C015841,2025-12-07 17:00:00,Female,43,Bronze,TV,Remote_Area,545,Shopee,Credit_Card,17,12,6,1,40-50,18.166666666666668,4.0,0.0,0.0,-1,147,21682.2725,0.28,0.25,0.25,0.0,0.0,0,0,0.0,0.0,0,0,0.0,0.0,0,0,0.0,86729.09,4,0,0.0,0
LGS2ORD0043024,C015781,2025-12-07 17:00:00,Female,45,Bronze,Shopee,Songkhla,1618,TV_Show,PromptPay,17,12,6,1,40-50,53.93333333333333,9.0,3.0,0.3333333333333333,-3,12,4202.5233333333335,0.23,0.4444444444444444,0.1111111111111111,0.0,0.0,0,0,0.0,4582.79,3,1,0.3333333333333333,17161.25,5,1,0.2,37822.71,9,3,0.3333333333333333,0
LGS2ORD0043025,C017334,2025-12-07 17:00:00,Male,45,Silver,Web,Remote_Area,664,Web,COD,17,12,6,1,40-50,22.133333333333333,9.0,3.0,0.3333333333333333,20,31,4616.356666666667,0.2,0.5555555555555556,0.0,0.0,0.0,0,0,0.0,0.0,0,0,0.0,12629.02,3,2,0.6666666666666666,41547.21,9,3,0.3333333333333333,0
LGS2ORD0043026,C012437,2025-12-07 17:00:00,Male,44,Gold,Web,Chiang Mai,380,TV_Show,Credit_Card,17,12,6,1,40-50,12.666666666666666,3.0,0.0,0.0,-1,55,4050.9300000000003,0.28,0.6666666666666666,0.6666666666666666,0.0,0.0,0,0,0.0,0.0,0,0,0.0,6162.43,1,0,0.0,12152.79,3,0,0.0,0
LGS2ORD0043027,C017693,2025-12-07 18:00:00,Female,44,Bronze,CallCenter,Phuket,633,TV_Show,COD,18,12,6,1,40-50,21.1,4.0,1.0,0.25,253,103,2427.5625,0.23,0.5,0.25,0.0,0.0,0,0,0.0,0.0,0,0,0.0,0.0,0,0,0.0,9710.25,4,1,0.25,0
LGS2ORD0043028,C014279,2025-12-07 18:00:00,Female,52,Bronze,TV,Phuket,371,TV_Show,COD,18,12,6,1,>50,12.366666666666667,6.0,3.0,0.5,-4,6,3615.771666666666,0.18,0.6666666666666666,0.0,0.0,8445.82,1,0,0.0,9111.47,2,1,0.5,11170.75,4,2,0.5,21694.629999999997,6,3,0.5,1
LGS2ORD0043029,C013339,2025-12-07 18:00:00,Male,48,Silver,Web,Nakhon Ratchasima,645,TV_Show,COD,18,12,6,1,40-50,21.5,2.0,1.0,0.5,16,24,1363.75,0.25,0.5,0.5,0.0,0.0,0,0,0.0,1423.75,1,1,1.0,1423.75,1,1,1.0,2727.5,2,1,0.5,0
LGS2ORD0043030,C011081,2025-12-07 18:00:00,Female,41,Bronze,TV,Phuket,1435,Lazada,COD,18,12,6,1,40-50,47.833333333333336,5.0,1.0,0.2,215,14,6457.764,0.23,0.2,0.4,0.0,0.0,0,0,0.0,2218.09,1,0,0.0,2218.09,1,0,0.0,32288.82,5,1,0.2,0
LGS2ORD0043031,C013755,2025-12-07 18:00:00,Female,34,Silver,Shopee,Chiang Mai,919,CallCenter,PromptPay,18,12,6,1,30-40,30.633333333333333,7.0,1.0,0.14285714285714285,274,75,10337.20857142857,0.3,0.2857142857142857,0.5714285714285714,0.0,0.0,0,0,0.0,0.0,0,0,0.0,23248.33,2,0,0.0,72360.45999999999,7,1,0.14285714285714285,0
LGS2ORD0043032,C015090,2025-12-07 19:00:00,Male,58,Bronze,Web,Remote_Area,462,Lazada,COD,19,12,6,1,>50,15.4,6.0,3.0,0.5,6,14,4522.236666666667,0.28,0.5,0.3333333333333333,0.0,0.0,0,0,0.0,1539.04,1,1,1.0,8123.95,2,1,0.5,27133.42,6,3,0.5,0
LGS2ORD0043033,C012343,2025-12-07 19:00:00,Male,50,Silver,TV,Nakhon Ratchasima,815,TV_Show,Credit_Card,19,12,6,1,40-50,27.166666666666668,2.0,1.0,0.5,268,212,2581.54,0.1,1.0,0.0,0.0,0.0,0,0,0.0,0.0,0,0,0.0,0.0,0,0,0.0,5163.08,2,1,0.5,0
LGS2ORD0043034,C015317,2025-12-07 19:00:00,Female,56,Bronze,TV,Songkhla,544,Lazada,PromptPay,19,12,6,1,>50,18.133333333333333,9.0,3.0,0.3333333333333333,45,15,3284.847777777778,0.28,1.0,0.1111111111111111,0.0,0.0,0,0,0.0,710.71,1,0,0.0,20190.75,5,3,0.6,29563.63,9,3,0.3333333333333333,1
LGS2ORD0043035,C014694,2025-12-07 19:00:00,Female,40,Bronze,TV,Songkhla,1091,Shopee,PromptPay,19,12,6,1,30-40,36.36666666666667,6.0,4.0,0.6666666666666666,38,43,1182.9633333333334,0.23,0.8333333333333334,0.16666666666666666,0.0,0.0,0,0,0.0,0.0,0,0,0.0,2553.0499999999997,3,3,1.0,7097.78,6,4,0.6666666666666666,0
LGS2ORD0043036,C011570,2025-12-07 19:00:00,Male,36,Silver,Web,Chonburi,1775,Web,Credit_Card,19,12,6,1,30-40,59.166666666666664,5.0,1.0,0.2,89,58,9280.368,0.25,0.6,0.2,0.0,0.0,0,0,0.0,0.0,0,0,0.0,14883.98,2,0,0.0,46401.840000000004,5,1,0.2,0
LGS2ORD0043037,C016547,2025-12-07 20:00:00,Male,31,Silver,Lazada,Bangkok,630,Lazada,COD,20,12,6,1,30-40,21.0,8.0,1.0,0.125,-2,7,2887.37875,0.3,0.75,0.125,0.0,0.0,0,0,0.0,1433.6,1,1,1.0,2858.31,2,1,0.5,23099.03,8,1,0.125,0
LGS2ORD0043038,C011181,2025-12-07 20:00:00,Female,40,Bronze,TV,Bangkok,687,Web,Bank_Transfer,20,12,6,1,30-40,22.9,4.0,1.0,0.25,89,64,5249.0599999999995,0.23,0.75,0.25,0.0,0.0,0,0,0.0,0.0,0,0,0.0,1845.01,1,0,0.0,20996.239999999998,4,1,0.25,0
LGS2ORD0043039,C014728,2025-12-07 20:00:00,Male,34,Bronze,TV,Remote_Area,564,Shopee,Credit_Card,20,12,6,1,30-40,18.8,13.0,3.0,0.23076923076923078,115,5,6909.123846153847,0.18,0.38461538461538464,0.0,0.0,1952.52,1,0,0.0,1952.52,1,0,0.0,5864.610000000001,2,0,0.0,89818.61000000002,13,3,0.23076923076923078,0
LGS2ORD0043040,C014443,2025-12-07 20:00:00,Male,47,Silver,TV,Remote_Area,1697,Web,PromptPay,20,12,6,1,40-50,56.56666666666667,11.0,4.0,0.36363636363636365,190,114,7439.398181818181,0.3,0.6363636363636364,0.5454545454545454,0.0,0.0,0,0,0.0,0.0,0,0,0.0,0.0,0,0,0.0,81833.37999999999,11,4,0.36363636363636365,0
LGS2ORD0043041,C012774,2025-12-07 20:00:00,Female,37,Silver,Shopee,Chiang Mai,415,TV_Show,COD,20,12,6,1,30-40,13.833333333333334,2.0,0.0,0.0,-1,68,7214.73,0.15,0.5,0.0,0.0,0.0,0,0,0.0,0.0,0,0,0.0,2979.4,1,0,0.0,14429.46,2,0,0.0,0
LGS2ORD0043042,C015600,2025-12-07 21:00:00,Male,18,Silver,Web,Nakhon Ratchasima,880,Web,Bank_Transfer,21,12,6,1,<20,29.333333333333332,9.0,1.0,0.1111111111111111,241,89,8353.864444444444,0.3,0.6666666666666666,0.3333333333333333,0.0,0.0,0,0,0.0,0.0,0,0,0.0,1826.39,1,0,0.0,75184.78,9,1,0.1111111111111111,0
LGS2ORD0043043,C014771,2025-12-07 21:00:00,Female,40,Gold,TV,Khon Kaen,1530,TV_Show,Credit_Card,21,12,6,1,30-40,51.0,5.0,0.0,0.0,-1,89,9850.539999999999,0.18,0.6,0.0,0.0,0.0,0,0,0.0,0.0,0,0,0.0,33682.38,1,0,0.0,49252.7,5,0,0.0,0
LGS2ORD0043044,C017992,2025-12-07 21:00:00,Male,67,Bronze,Web,Songkhla,1532,TV_Show,PromptPay,21,12,6,1,>50,51.06666666666667,15.0,6.0,0.4,83,10,5007.546666666666,0.23,0.4666666666666667,0.2,0.0,0.0,0,0,0.0,8972.92,2,0,0.0,8972.92,2,0,0.0,75113.2,15,6,0.4,0
LGS2ORD0043045,C011587,2025-12-07 21:00:00,Female,22,Gold,Web,Bangkok,1552,Web,Bank_Transfer,21,12,6,1,20-30,51.733333333333334,10.0,0.0,0.0,-1,7,4731.191000000001,0.33,0.8,0.5,0.0,0.0,0,0,0.0,20435.04,1,0,0.0,21356.46,2,0,0.0,47311.91,10,0,0.0,0
LGS2ORD0043046,C014603,2025-12-07 21:00:00,Male,46,Gold,TV,Chonburi,380,CallCenter,PromptPay,21,12,6,1,40-50,12.666666666666666,1.0,1.0,1.0,190,199,16400.04,0.13,0.0,0.0,0.0,0.0,0,0,0.0,0.0,0,0,0.0,0.0,0,0,0.0,16400.04,1,1,1.0,0
LGS2ORD0043047,C010025,2025-12-07 21:00:00,Female,41,Bronze,Lazada,Chiang Mai,675,Shopee,COD,21,12,6,1,40-50,22.5,5.0,2.0,0.4,275,19,2967.618,0.18,0.4,0.0,0.0,0.0,0,0,0.0,9743.29,1,0,0.0,9743.29,1,0,0.0,14838.09,5,2,0.4,0
LGS2ORD0043048,C010221,2025-12-07 22:00:00,Female,21,Bronze,TV,Chiang Mai,894,Shopee,COD,22,12,6,1,20-30,29.8,3.0,0.0,0.0,-1,74,7519.676666666666,0.18,0.3333333333333333,0.0,0.0,0.0,0,0,0.0,0.0,0,0,0.0,2057.37,1,0,0.0,22559.03,3,0,0.0,0
LGS2ORD0043049,C010448,2025-12-07 22:00:00,Male,27,Bronze,TV,Bangkok,1074,Shopee,COD,22,12,6,1,20-30,35.8,4.0,1.0,0.25,154,94,3271.6099999999997,0.23,0.75,0.25,0.0,0.0,0,0,0.0,0.0,0,0,0.0,0.0,0,0,0.0,13086.439999999999,4,1,0.25,0
LGS2ORD0043050,C017213,2025-12-07 22:00:00,Female,18,Silver,Web,Chiang Mai,464,Web,PromptPay,22,12,6,1,<20,15.466666666666667,4.0,0.0,0.0,-1,42,2018.385,0.2,0.5,0.0,0.0,0.0,0,0,0.0,0.0,0,0,0.0,4817.71,2,0,0.0,8073.54,4,0,0.0,0
LGS2ORD0043051,C015440,2025-12-07 22:00:00,Other,57,Bronze,Web,Phuket,1034,TV_Show,COD,22,12,6,1,>50,34.46666666666667,5.0,0.0,0.0,-1,108,5025.424,0.28,0.2,0.4,0.0,0.0,0,0,0.0,0.0,0,0,0.0,0.0,0,0,0.0,25127.12,5,0,0.0,1
LGS2ORD0043052,C013704,2025-12-07 22:00:00,Male,42,Bronze,TV,Khon Kaen,1544,CallCenter,COD,22,12,6,1,40-50,51.46666666666667,4.0,0.0,0.0,-1,117,5390.84,0.28,0.5,0.25,0.0,0.0,0,0,0.0,0.0,0,0,0.0,0.0,0,0,0.0,21563.36,4,0,0.0,0
LGS2ORD0043053,C014725,2025-12-07 23:00:00,Female,56,Silver,TV,Bangkok,509,Web,Bank_Transfer,23,12,6,1,>50,16.966666666666665,5.0,2.0,0.4,223,89,4283.360000000001,0.25,1.0,0.2,0.0,0.0,0,0,0.0,0.0,0,0,0.0,8091.65,1,0,0.0,21416.800000000003,5,2,0.4,1
LGS2ORD0043054,C014584,2025-12-07 23:00:00,Female,67,Bronze,Web,Bangkok,1457,CallCenter,COD,23,12,6,1,>50,48.56666666666667,3.0,2.0,0.6666666666666666,131,144,5665.526666666668,0.28,0.6666666666666666,0.3333333333333333,0.0,0.0,0,0,0.0,0.0,0,0,0.0,0.0,0,0,0.0,16996.58,3,2,0.6666666666666666,0
LGS2ORD0043055,C012498,2025-12-07 23:00:00,Male,46,Silver,TV,Nakhon Ratchasima,1070,Shopee,PromptPay,23,12,6,1,40-50,35.666666666666664,1.0,0.0,0.0,-1,92,14938.75,0.05,1.0,0.0,0.0,0.0,0,0,0.0,0.0,0,0,0.0,0.0,0,0,0.0,14938.75,1,0,0.0,0
LGS2ORD0043056,C011685,2025-12-07 23:00:00,Female,53,Gold,TV,Bangkok,1526,Web,COD,23,12,6,1,>50,50.86666666666667,7.0,3.0,0.42857142857142855,139,20,6294.825714285714,0.33,0.5714285714285714,0.5714285714285714,0.0,0.0,0,0,0.0,598.34,1,0,0.0,598.34,1,0,0.0,44063.78,7,3,0.42857142857142855,0
LGS2ORD0043057,C015293,2025-12-07 23:00:00,Female,61,Silver,CallCenter,Nakhon Ratchasima,692,Web,COD,23,12,6,1,>50,23.066666666666666,1.0,1.0,1.0,288,293,1250.41,0.25,1.0,1.0,0.0,0.0,0,0,0.0,0.0,0,0,0.0,0.0,0,0,0.0,1250.41,1,1,1.0,0
LGS2ORD0043058,C016580,2025-12-08 00:00:00,Female,32,Bronze,Web,Bangkok,750,Web,PromptPay,0,12,0,0,30-40,25.0,9.0,3.0,0.3333333333333333,91,15,4865.1833333333325,0.28,0.7777777777777778,0.6666666666666666,0.0,0.0,0,0,0.0,649.99,1,0,0.0,24328.71,3,0,0.0,43786.649999999994,9,3,0.3333333333333333,0
LGS2ORD0043059,C013209,2025-12-08 00:00:00,Female,47,Silver,CallCenter,Nakhon Ratchasima,1351,CallCenter,Credit_Card,0,12,0,0,40-50,45.03333333333333,5.0,0.0,0.0,-1,15,8046.832,0.3,0.6,0.2,0.0,0.0,0,0,0.0,10498.36,1,0,0.0,26427.82,2,0,0.0,40234.16,5,0,0.0,0
LGS2ORD0043060,C010337,2025-12-08 00:00:00,Male,56,Bronze,TV,Chonburi,1595,TV_Show,COD,0,12,0,0,>50,53.166666666666664,6.0,2.0,0.3333333333333333,93,62,6103.336666666666,0.23,0.5,0.3333333333333333,0.0,0.0,0,0,0.0,0.0,0,0,0.0,4889.31,1,0,0.0,36620.02,6,2,0.3333333333333333,0
LGS2ORD0043061,C012630,2025-12-08 00:00:00,Male,54,Platinum,Web,Chonburi,418,Shopee,COD,0,12,0,0,>50,13.933333333333334,4.0,2.0,0.5,44,52,3015.1275,0.35,0.75,0.75,0.0,0.0,0,0,0.0,0.0,0,0,0.0,600.24,1,1,1.0,12060.51,4,2,0.5,0
LGS2ORD0043062,C010625,2025-12-08 00:00:00,Female,25,Platinum,Web,Bangkok,1004,Shopee,Credit_Card,0,12,0,0,20-30,33.46666666666667,4.0,0.0,0.0,-1,133,5404.705000000001,0.25,0.0,0.25,0.0,0.0,0,0,0.0,0.0,0,0,0.0,0.0,0,0,0.0,21618.820000000003,4,0,0.0,0
LGS2ORD0043063,C012536,2025-12-08 01:00:00,Male,39,Silver,CallCenter,Bangkok,1737,TV_Show,COD,1,12,0,0,30-40,57.9,3.0,1.0,0.3333333333333333,178,24,8472.026666666667,0.25,0.6666666666666666,0.3333333333333333,0.0,0.0,0,0,0.0,1134.81,1,0,0.0,8116.780000000001,2,0,0.0,25416.08,3,1,0.3333333333333333,1
LGS2ORD0043064,C015275,2025-12-08 01:00:00,Female,45,Silver,Web,Bangkok,644,Shopee,COD,1,12,0,0,40-50,21.466666666666665,5.0,1.0,0.2,183,51,4575.154,0.25,0.4,0.2,0.0,0.0,0,0,0.0,0.0,0,0,0.0,5342.53,1,0,0.0,22875.77,5,1,0.2,0
LGS2ORD0043065,C015794,2025-12-08 01:00:00,Female,18,Silver,Web,Khon Kaen,1638,Lazada,COD,1,12,0,0,<20,54.6,3.0,1.0,0.3333333333333333,46,59,6920.0,0.15,0.3333333333333333,0.0,0.0,0.0,0,0,0.0,0.0,0,0,0.0,19315.09,2,1,0.5,20760.0,3,1,0.3333333333333333,0
LGS2ORD0043066,C014180,2025-12-08 01:00:00,Female,33,Silver,Web,Bangkok,1499,Web,Credit_Card,1,12,0,0,30-40,49.96666666666667,1.0,0.0,0.0,-1,294,2567.91,0.15,0.0,0.0,0.0,0.0,0,0,0.0,0.0,0,0,0.0,0.0,0,0,0.0,2567.91,1,0,0.0,0
LGS2ORD0043067,C017811,2025-12-08 01:00:00,Female,26,Silver,Shopee,Songkhla,810,TV_Show,COD,1,12,0,0,20-30,27.0,8.0,3.0,0.375,66,43,9854.11,0.3,0.75,0.5,0.0,0.0,0,0,0.0,0.0,0,0,0.0,14775.54,3,1,0.3333333333333333,78832.88,8,3,0.375,0
LGS2ORD0043068,C015394,2025-12-08 01:00:00,Male,72,Bronze,Shopee,Remote_Area,407,CallCenter,Credit_Card,1,12,0,0,>50,13.566666666666666,9.0,1.0,0.1111111111111111,69,34,4233.685555555556,0.23,0.5555555555555556,0.1111111111111111,0.0,0.0,0,0,0.0,0.0,0,0,0.0,11554.990000000002,3,1,0.3333333333333333,38103.17,9,1,0.1111111111111111,0
LGS2ORD0043069,C014564,2025-12-08 02:00:00,Male,33,Silver,TV,Bangkok,1330,Web,PromptPay,2,12,0,0,30-40,44.333333333333336,8.0,3.0,0.375,1,4,5932.7837500000005,0.3,1.0,0.375,0.0,422.8,1,1,1.0,422.8,1,1,1.0,2580.44,2,2,1.0,47462.270000000004,8,3,0.375,1
LGS2ORD0043070,C017068,2025-12-08 02:00:00,Male,57,Bronze,TV,Khon Kaen,496,TV_Show,PromptPay,2,12,0,0,>50,16.533333333333335,4.0,0.0,0.0,-1,25,4243.2775,0.28,0.25,0.5,0.0,0.0,0,0,0.0,3000.11,1,0,0.0,3000.11,1,0,0.0,16973.11,4,0,0.0,0
LGS2ORD0043071,C017331,2025-12-08 02:00:00,Female,50,Gold,TV,Chiang Mai,713,TV_Show,COD,2,12,0,0,40-50,23.766666666666666,6.0,1.0,0.16666666666666666,33,17,4246.321666666668,0.28,0.6666666666666666,0.5,0.0,0.0,0,0,0.0,3365.45,1,0,0.0,5224.42,2,1,0.5,25477.930000000004,6,1,0.16666666666666666,0
LGS2ORD0043072,C011888,2025-12-08 02:00:00,Female,43,Gold,Web,Remote_Area,1719,Web,COD,2,12,0,0,40-50,57.3,2.0,0.0,0.0,-1,93,2189.97,0.2299999999999999,1.0,0.5,0.0,0.0,0,0,0.0,0.0,0,0,0.0,0.0,0,0,0.0,4379.94,2,0,0.0,0
LGS2ORD0043073,C017621,2025-12-08 02:00:00,Female,51,Gold,Web,Chonburi,1437,Shopee,PromptPay,2,12,0,0,>50,47.9,2.0,0.0,0.0,-1,116,6071.78,0.28,0.0,0.5,0.0,0.0,0,0,0.0,0.0,0,0,0.0,0.0,0,0,0.0,12143.56,2,0,0.0,0
LGS2ORD0043074,C013019,2025-12-08 03:00:00,Female,34,Bronze,TV,Chiang Mai,502,TV_Show,Credit_Card,3,12,0,0,30-40,16.733333333333334,7.0,2.0,0.2857142857142857,169,59,4286.7642857142855,0.28,0.7142857142857143,0.2857142857142857,0.0,0.0,0,0,0.0,0.0,0,0,0.0,11454.43,2,0,0.0,30007.35,7,2,0.2857142857142857,0
LGS2ORD0043075,C011032,2025-12-08 03:00:00,Female,35,Bronze,Shopee,Bangkok,446,Web,Bank_Transfer,3,12,0,0,30-40,14.866666666666667,4.0,0.0,0.0,-1,5,2517.9375,0.08,0.0,0.0,0.0,939.32,1,0,0.0,939.32,1,0,0.0,3259.3700000000003,2,0,0.0,10071.75,4,0,0.0,0
LGS2ORD0043076,C015596,2025-12-08 03:00:00,Female,29,Bronze,CallCenter,Bangkok,790,Shopee,Credit_Card,3,12,0,0,20-30,26.333333333333332,7.0,1.0,0.14285714285714285,326,1,8891.705714285714,0.28,0.2857142857142857,0.42857142857142855,0.0,1725.57,1,0,0.0,1725.57,1,0,0.0,1725.57,1,0,0.0,62241.939999999995,7,1,0.14285714285714285,0
LGS2ORD0043077,C017755,2025-12-08 03:00:00,Male,46,Silver,Lazada,Chonburi,362,CallCenter,Credit_Card,3,12,0,0,40-50,12.066666666666666,6.0,2.0,0.3333333333333333,28,18,3705.0716666666667,0.3,0.5,0.5,0.0,0.0,0,0,0.0,7404.99,1,0,0.0,12549.41,3,1,0.3333333333333333,22230.43,6,2,0.3333333333333333,0
LGS2ORD0043078,C017781,2025-12-08 03:00:00,Male,38,Platinum,Web,Khon Kaen,968,Shopee,COD,3,12,0,0,30-40,32.266666666666666,9.0,1.0,0.1111111111111111,99,28,4385.836666666666,0.3,0.4444444444444444,0.3333333333333333,0.0,0.0,0,0,0.0,1790.2,1,0,0.0,24704.56,4,0,0.0,39472.53,9,1,0.1111111111111111,0
LGS2ORD0043079,C013889,2025-12-08 04:00:00,Female,24,Silver,TV,Chiang Mai,1194,Web,COD,4,12,0,0,20-30,39.8,4.0,1.0,0.25,256,186,10549.61,0.3,0.5,0.25,0.0,0.0,0,0,0.0,0.0,0,0,0.0,0.0,0,0,0.0,42198.44,4,1,0.25,1
LGS2ORD0043080,C012328,2025-12-08 04:00:00,Female,63,Bronze,Web,Chiang Mai,674,Web,COD,4,12,0,0,>50,22.466666666666665,8.0,2.0,0.25,8,0,2915.6937500000004,0.28,0.625,0.25,0.0,4786.02,2,0,0.0,7892.28,3,1,0.3333333333333333,7892.28,3,1,0.3333333333333333,23325.550000000003,8,2,0.25,0
LGS2ORD0043081,C011118,2025-12-08 04:00:00,Female,29,Silver,CallCenter,Khon Kaen,1761,Web,COD,4,12,0,0,20-30,58.7,3.0,1.0,0.3333333333333333,261,165,14507.553333333331,0.3,0.0,0.3333333333333333,0.0,0.0,0,0,0.0,0.0,0,0,0.0,0.0,0,0,0.0,43522.659999999996,3,1,0.3333333333333333,0
LGS2ORD0043082,C017660,2025-12-08 04:00:00,Male,42,Gold,Lazada,Nakhon Ratchasima,442,Shopee,PromptPay,4,12,0,0,40-50,14.733333333333333,5.0,1.0,0.2,19,9,4208.3060000000005,0.28,0.2,0.2,0.0,0.0,0,0,0.0,2666.1,2,1,0.5,2666.1,2,1,0.5,21041.530000000002,5,1,0.2,0
LGS2ORD0043083,C012393,2025-12-08 04:00:00,Male,56,Bronze,TV,Nakhon Ratchasima,1451,Web,COD,4,12,0,0,>50,48.36666666666667,8.0,4.0,0.5,132,20,4056.49375,0.28,0.625,0.375,0.0,0.0,0,0,0.0,1961.59,1,0,0.0,1961.59,1,0,0.0,32451.95,8,4,0.5,0
LGS2ORD0043084,C012751,2025-12-08 05:00:00,Other,34,Silver,Web,Chiang Mai,556,TV_Show,COD,5,12,0,0,30-40,18.533333333333335,4.0,0.0,0.0,-1,11,3606.2574999999997,0.25,0.75,0.25,0.0,0.0,0,0,0.0,3286.0,1,0,0.0,3286.0,1,0,0.0,14425.029999999999,4,0,0.0,1
LGS2ORD0043085,C015601,2025-12-08 05:00:00,Female,61,Bronze,TV,Bangkok,1653,Web,Bank_Transfer,5,12,0,0,>50,55.1,8.0,3.0,0.375,0,9,6206.91375,0.28,0.875,0.25,0.0,0.0,0,0,0.0,6630.14,2,1,0.5,13910.3,3,2,0.6666666666666666,49655.31,8,3,0.375,0
LGS2ORD0043086,C010127,2025-12-08 05:00:00,Female,57,Bronze,Web,Songkhla,443,Lazada,PromptPay,5,12,0,0,>50,14.766666666666667,6.0,2.0,0.3333333333333333,43,37,3497.431666666667,0.28,0.6666666666666666,0.5,0.0,0.0,0,0,0.0,0.0,0,0,0.0,11451.46,2,1,0.5,20984.59,6,2,0.3333333333333333,0
LGS2ORD0043087,C010595,2025-12-08 05:00:00,Female,62,Bronze,Web,Phuket,983,TV_Show,Credit_Card,5,12,0,0,>50,32.766666666666666,11.0,7.0,0.6363636363636364,8,20,9625.266363636365,0.23,0.5454545454545454,0.18181818181818182,0.0,0.0,0,0,0.0,12528.6,2,2,1.0,67775.11000000002,6,4,0.6666666666666666,105877.93000000001,11,7,0.6363636363636364,0
LGS2ORD0043088,C016254,2025-12-08 05:00:00,Male,29,Silver,TV,Chiang Mai,1092,Shopee,Credit_Card,5,12,0,0,20-30,36.4,4.0,1.0,0.25,73,24,3757.0474999999997,0.3,0.25,0.25,0.0,0.0,0,0,0.0,2261.51,1,0,0.0,14143.779999999999,3,1,0.3333333333333333,15028.189999999999,4,1,0.25,0
LGS2ORD0043089,C017158,2025-12-08 05:00:00,Male,60,Bronze,CallCenter,Chiang Mai,545,Web,COD,5,12,0,0,>50,18.166666666666668,5.0,0.0,0.0,-1,23,5260.028,0.18,0.4,0.0,0.0,0.0,0,0,0.0,1623.26,1,0,0.0,21145.51,3,0,0.0,26300.14,5,0,0.0,0
LGS2ORD0043090,C014954,2025-12-08 06:00:00,Female,57,Bronze,CallCenter,Phuket,1052,Web,COD,6,12,0,0,>50,35.06666666666667,4.0,1.0,0.25,320,11,2950.9575,0.13,0.25,0.0,0.0,0.0,0,0,0.0,441.91,1,0,0.0,441.91,1,0,0.0,11803.83,4,1,0.25,1
LGS2ORD0043091,C015868,2025-12-08 06:00:00,Female,29,Bronze,Lazada,Bangkok,1083,TV_Show,Credit_Card,6,12,0,0,20-30,36.1,5.0,0.0,0.0,-1,6,13414.403999999999,0.18,0.8,0.0,0.0,29455.78,1,0,0.0,29455.78,1,0,0.0,53402.06999999999,3,0,0.0,67072.01999999999,5,0,0.0,0
LGS2ORD0043092,C015087,2025-12-08 06:00:00,Female,31,Gold,Lazada,Remote_Area,1709,Web,COD,6,12,0,0,30-40,56.96666666666667,8.0,3.0,0.375,20,26,4761.205,0.28,0.75,0.375,0.0,0.0,0,0,0.0,667.27,1,1,1.0,667.27,1,1,1.0,38089.64,8,3,0.375,0
LGS2ORD0043093,C014682,2025-12-08 06:00:00,Female,47,Gold,TV,Bangkok,1699,CallCenter,Credit_Card,6,12,0,0,40-50,56.63333333333333,3.0,0.0,0.0,-1,61,2567.483333333333,0.33,0.0,0.3333333333333333,0.0,0.0,0,0,0.0,0.0,0,0,0.0,865.54,1,0,0.0,7702.45,3,0,0.0,0
LGS2ORD0043094,C014501,2025-12-08 06:00:00,Female,51,Platinum,Web,Bangkok,566,Shopee,COD,6,12,0,0,>50,18.866666666666667,3.0,0.0,0.0,-1,106,10118.816666666668,0.35,0.3333333333333333,0.6666666666666666,0.0,0.0,0,0,0.0,0.0,0,0,0.0,0.0,0,0,0.0,30356.45,3,0,0.0,0
LGS2ORD0043095,C015263,2025-12-08 07:00:00,Male,32,Platinum,Web,Bangkok,687,Shopee,COD,7,12,0,0,30-40,22.9,1.0,1.0,1.0,58,71,1400.0,0.25,0.0,1.0,0.0,0.0,0,0,0.0,0.0,0,0,0.0,1400.0,1,1,1.0,1400.0,1,1,1.0,0
LGS2ORD0043096,C018000,2025-12-08 07:00:00,Female,45,Bronze,CallCenter,Chonburi,1775,Shopee,PromptPay,7,12,0,0,40-50,59.166666666666664,9.0,0.0,0.0,-1,47,5629.126666666667,0.28,0.6666666666666666,0.2222222222222222,0.0,0.0,0,0,0.0,0.0,0,0,0.0,27483.35,3,0,0.0,50662.14,9,0,0.0,1
LGS2ORD0043097,C014616,2025-12-08 07:00:00,Female,52,Gold,Shopee,Remote_Area,1106,TV_Show,COD,7,12,0,0,>50,36.86666666666667,7.0,2.0,0.2857142857142857,10,1,3261.1014285714277,0.28,0.42857142857142855,0.7142857142857143,0.0,2372.48,1,0,0.0,11978.359999999999,3,1,0.3333333333333333,11978.359999999999,3,1,0.3333333333333333,22827.709999999995,7,2,0.2857142857142857,1
LGS2ORD0043098,C016656,2025-12-08 07:00:00,Female,43,Bronze,TV,Remote_Area,515,TV_Show,COD,7,12,0,0,40-50,17.166666666666668,8.0,2.0,0.25,55,13,6502.15,0.28,0.875,0.375,0.125,0.0,0,0,0.0,19584.12,1,0,0.0,36368.63,4,1,0.25,52017.2,8,2,0.25,1
LGS2ORD0043099,C013431,2025-12-08 07:00:00,Female,39,Bronze,Lazada,Remote_Area,1554,TV_Show,COD,7,12,0,0,30-40,51.8,6.0,5.0,0.8333333333333334,46,53,4113.24,0.28,0.3333333333333333,0.16666666666666666,0.0,0.0,0,0,0.0,0.0,0,0,0.0,13719.72,1,1,1.0,24679.44,6,5,0.8333333333333334,1
LGS2ORD0043100,C012397,2025-12-08 08:00:00,Male,49,Bronze,TV,Nakhon Ratchasima,1470,TV_Show,COD,8,12,0,0,40-50,49.0,8.0,1.0,0.125,271,13,6144.1975,0.23,0.625,0.25,0.0,0.0,0,0,0.0,16308.02,2,0,0.0,17248.11,3,0,0.0,49153.58,8,1,0.125,0
LGS2ORD0043101,C015906,2025-12-08 08:00:00,Female,64,Bronze,CallCenter,Chiang Mai,513,Web,PromptPay,8,12,0,0,>50,17.1,4.0,2.0,0.5,204,61,1513.3575,0.23,1.0,0.25,0.0,0.0,0,0,0.0,0.0,0,0,0.0,1282.3,1,0,0.0,6053.43,4,2,0.5,0
LGS2ORD0043102,C017448,2025-12-08 08:00:00,Female,41,Bronze,Shopee,Khon Kaen,506,Lazada,COD,8,12,0,0,40-50,16.866666666666667,2.0,1.0,0.5,23,34,4910.475,0.28,1.0,0.5,0.0,0.0,0,0,0.0,0.0,0,0,0.0,6904.91,1,1,1.0,9820.95,2,1,0.5,0
LGS2ORD0043103,C014468,2025-12-08 08:00:00,Male,52,Gold,Web,Chonburi,1691,CallCenter,Bank_Transfer,8,12,0,0,>50,56.36666666666667,4.0,0.0,0.0,-1,8,1262.4425,0.2299999999999999,0.25,0.25,0.0,0.0,0,0,0.0,290.89,1,0,0.0,290.89,1,0,0.0,5049.77,4,0,0.0,0
LGS2ORD0043104,C011785,2025-12-08 08:00:00,Male,23,Silver,Shopee,Songkhla,1755,Shopee,PromptPay,8,12,0,0,20-30,58.5,9.0,3.0,0.3333333333333333,147,22,3733.5533333333337,0.3,0.2222222222222222,0.2222222222222222,0.0,0.0,0,0,0.0,2943.6,1,0,0.0,6772.98,3,0,0.0,33601.98,9,3,0.3333333333333333,0
LGS2ORD0043105,C016019,2025-12-08 09:00:00,Female,50,Platinum,Web,Nakhon Ratchasima,399,TV_Show,COD,9,12,0,0,40-50,13.3,5.0,2.0,0.4,167,167,6941.364,0.25,0.6,0.2,0.0,0.0,0,0,0.0,0.0,0,0,0.0,0.0,0,0,0.0,34706.82,5,2,0.4,1
LGS2ORD0043106,C016779,2025-12-08 09:00:00,Male,24,Silver,TV,Chonburi,1791,Lazada,COD,9,12,0,0,20-30,59.7,6.0,0.0,0.0,-1,10,6016.041666666667,0.25,0.5,0.3333333333333333,0.0,0.0,0,0,0.0,6290.47,1,0,0.0,7306.79,2,0,0.0,36096.25,6,0,0.0,1
LGS2ORD0043107,C014776,2025-12-08 09:00:00,Female,41,Bronze,Lazada,Khon Kaen,1042,CallCenter,COD,9,12,0,0,40-50,34.733333333333334,8.0,3.0,0.375,126,113,6578.84375,0.23,0.5,0.125,0.0,0.0,0,0,0.0,0.0,0,0,0.0,0.0,0,0,0.0,52630.75,8,3,0.375,0
LGS2ORD0043108,C012271,2025-12-08 09:00:00,Female,42,Bronze,CallCenter,Chonburi,632,TV_Show,Credit_Card,9,12,0,0,40-50,21.066666666666666,8.0,1.0,0.125,246,86,8511.5775,0.23,0.625,0.125,0.0,0.0,0,0,0.0,0.0,0,0,0.0,5964.17,1,0,0.0,68092.62,8,1,0.125,0
LGS2ORD0043109,C017153,2025-12-08 09:00:00,Female,36,Bronze,Web,Bangkok,1437,Web,Credit_Card,9,12,0,0,30-40,47.9,6.0,1.0,0.16666666666666666,315,24,5303.21,0.23,0.0,0.16666666666666666,0.0,0.0,0,0,0.0,1632.59,1,0,0.0,7457.95,2,0,0.0,31819.260000000002,6,1,0.16666666666666666,0
LGS2ORD0043110,C011190,2025-12-08 09:00:00,Female,43,Silver,Shopee,Chonburi,952,Shopee,COD,9,12,0,0,40-50,31.733333333333334,5.0,0.0,0.0,-1,68,6186.092000000001,0.3,0.8,0.2,0.0,0.0,0,0,0.0,0.0,0,0,0.0,364.87,1,0,0.0,30930.460000000003,5,0,0.0,1
LGS2ORD0043111,C014264,2025-12-08 10:00:00,Female,41,Bronze,Shopee,Chiang Mai,1038,CallCenter,Bank_Transfer,10,12,0,0,40-50,34.6,7.0,1.0,0.14285714285714285,178,42,7910.292857142857,0.28,0.5714285714285714,0.42857142857142855,0.0,0.0,0,0,0.0,0.0,0,0,0.0,4312.5199999999995,2,0,0.0,55372.05,7,1,0.14285714285714285,0
LGS2ORD0043112,C012089,2025-12-08 10:00:00,Female,26,Bronze,Web,Chonburi,655,Lazada,PromptPay,10,12,0,0,20-30,21.833333333333332,7.0,3.0,0.42857142857142855,32,47,4570.42,0.18,0.5714285714285714,0.0,0.0,0.0,0,0,0.0,0.0,0,0,0.0,23778.75,4,2,0.5,31992.94,7,3,0.42857142857142855,0
LGS2ORD0043113,C013538,2025-12-08 10:00:00,Female,18,Gold,Lazada,Bangkok,1566,Shopee,COD,10,12,0,0,<20,52.2,3.0,1.0,0.3333333333333333,291,253,5573.003333333333,0.2299999999999999,0.3333333333333333,0.6666666666666666,0.0,0.0,0,0,0.0,0.0,0,0,0.0,0.0,0,0,0.0,16719.01,3,1,0.3333333333333333,1
LGS2ORD0043114,C010294,2025-12-08 10:00:00,Female,46,Silver,Lazada,Phuket,654,TV_Show,COD,10,12,0,0,40-50,21.8,5.0,2.0,0.4,111,118,3303.022,0.15,0.4,0.0,0.0,0.0,0,0,0.0,0.0,0,0,0.0,0.0,0,0,0.0,16515.11,5,2,0.4,1
LGS2ORD0043115,C017554,2025-12-08 10:00:00,Male,33,Bronze,TV,Bangkok,551,CallCenter,COD,10,12,0,0,30-40,18.366666666666667,5.0,1.0,0.2,311,104,3607.928,0.23,1.0,0.2,0.0,0.0,0,0,0.0,0.0,0,0,0.0,0.0,0,0,0.0,18039.64,5,1,0.2,1
LGS2ORD0043116,C017870,2025-12-08 11:00:00,Male,43,Bronze,TV,Chiang Mai,961,Shopee,COD,11,12,0,0,40-50,32.03333333333333,8.0,1.0,0.125,76,49,4662.05,0.28,0.375,0.375,0.0,0.0,0,0,0.0,0.0,0,0,0.0,6740.610000000001,2,1,0.5,37296.4,8,1,0.125,1
LGS2ORD0043117,C017140,2025-12-08 11:00:00,Male,34,Silver,CallCenter,Chiang Mai,1379,Shopee,COD,11,12,0,0,30-40,45.96666666666667,6.0,1.0,0.16666666666666666,197,177,8442.375000000002,0.3,0.3333333333333333,0.16666666666666666,0.0,0.0,0,0,0.0,0.0,0,0,0.0,0.0,0,0,0.0,50654.25000000001,6,1,0.16666666666666666,0
LGS2ORD0043118,C015288,2025-12-08 11:00:00,Female,39,Silver,TV,Chiang Mai,1620,Web,COD,11,12,0,0,30-40,54.0,4.0,0.0,0.0,-1,33,6038.7125,0.2,0.25,0.0,0.0,0.0,0,0,0.0,0.0,0,0,0.0,756.98,1,0,0.0,24154.85,4,0,0.0,0
LGS2ORD0043119,C011848,2025-12-08 11:00:00,Male,27,Gold,CallCenter,Chiang Mai,646,CallCenter,Credit_Card,11,12,0,0,20-30,21.533333333333335,3.0,1.0,0.3333333333333333,157,4,1659.0199999999998,0.28,0.6666666666666666,1.0,0.0,4157.36,2,0,0.0,4157.36,2,0,0.0,4157.36,2,0,0.0,4977.0599999999995,3,1,0.3333333333333333,0
LGS2ORD0043120,C017383,2025-12-08 11:00:00,Female,46,Gold,CallCenter,Chonburi,1752,Lazada,PromptPay,11,12,0,0,40-50,58.4,2.0,1.0,0.5,152,165,4685.585,0.13,0.0,0.0,0.0,0.0,0,0,0.0,0.0,0,0,0.0,0.0,0,0,0.0,9371.17,2,1,0.5,0
LGS2ORD0043121,C016221,2025-12-08 12:00:00,Female,28,Bronze,TV,Remote_Area,1604,Shopee,Bank_Transfer,12,12,0,0,20-30,53.46666666666667,7.0,4.0,0.5714285714285714,35,44,7476.622857142857,0.28,0.42857142857142855,0.42857142857142855,0.0,0.0,0,0,0.0,0.0,0,0,0.0,1041.26,1,1,1.0,52336.36,7,4,0.5714285714285714,0
LGS2ORD0043122,C010517,2025-12-08 12:00:00,Female,55,Bronze,Lazada,Songkhla,1765,Web,COD,12,12,0,0,>50,58.833333333333336,6.0,2.0,0.3333333333333333,22,31,5475.186666666666,0.23,0.8333333333333334,0.16666666666666666,0.0,0.0,0,0,0.0,0.0,0,0,0.0,4980.86,1,1,1.0,32851.119999999995,6,2,0.3333333333333333,1
LGS2ORD0043123,C017950,2025-12-08 12:00:00,Male,63,Bronze,Shopee,Chiang Mai,628,TV_Show,Bank_Transfer,12,12,0,0,>50,20.933333333333334,11.0,4.0,0.36363636363636365,17,25,3306.75,0.28,0.45454545454545453,0.36363636363636365,0.0,0.0,0,0,0.0,8125.119999999999,2,1,0.5,16970.19,4,1,0.25,36374.25,11,4,0.36363636363636365,0
LGS2ORD0043124,C011027,2025-12-08 12:00:00,Female,46,Bronze,CallCenter,Phuket,1188,Web,COD,12,12,0,0,40-50,39.6,5.0,2.0,0.4,76,82,5006.36,0.18,0.4,0.0,0.0,0.0,0,0,0.0,0.0,0,0,0.0,8897.09,1,1,1.0,25031.8,5,2,0.4,1
LGS2ORD0043125,C015210,2025-12-08 12:00:00,Male,49,Silver,Shopee,Chonburi,1384,TV_Show,COD,12,12,0,0,40-50,46.13333333333333,1.0,0.0,0.0,-1,267,4066.15,0.1,0.0,0.0,0.0,0.0,0,0,0.0,0.0,0,0,0.0,0.0,0,0,0.0,4066.15,1,0,0.0,0
LGS2ORD0043126,C011406,2025-12-08 13:00:00,Female,60,Gold,TV,Phuket,801,Web,COD,13,12,0,0,>50,26.7,2.0,0.0,0.0,-1,183,1968.92,0.2299999999999999,0.0,0.5,0.0,0.0,0,0,0.0,0.0,0,0,0.0,0.0,0,0,0.0,3937.84,2,0,0.0,0
LGS2ORD0043127,C013650,2025-12-08 13:00:00,Male,37,Bronze,Lazada,Khon Kaen,1609,Lazada,COD,13,12,0,0,30-40,53.63333333333333,10.0,3.0,0.3,56,7,7156.692,0.28,0.7,0.4,0.0,0.0,0,0,0.0,471.9,1,0,0.0,8967.65,3,1,0.3333333333333333,71566.92,10,3,0.3,0
LGS2ORD0043128,C012687,2025-12-08 13:00:00,Male,28,Gold,Lazada,Chonburi,1489,TV_Show,COD,13,12,0,0,20-30,49.63333333333333,4.0,1.0,0.25,191,131,2210.4325,0.2299999999999999,0.5,0.25,0.0,0.0,0,0,0.0,0.0,0,0,0.0,0.0,0,0,0.0,8841.73,4,1,0.25,0
LGS2ORD0043129,C014858,2025-12-08 13:00:00,Male,30,Gold,Shopee,Remote_Area,1463,TV_Show,COD,13,12,0,0,20-30,48.766666666666666,6.0,2.0,0.3333333333333333,98,86,4592.598333333332,0.28,0.5,0.5,0.0,0.0,0,0,0.0,0.0,0,0,0.0,658.73,1,0,0.0,27555.589999999997,6,2,0.3333333333333333,0
LGS2ORD0043130,C013451,2025-12-08 13:00:00,Female,47,Bronze,Lazada,Phuket,925,Web,COD,13,12,0,0,40-50,30.833333333333332,7.0,4.0,0.5714285714285714,115,92,4942.001428571428,0.18,0.7142857142857143,0.0,0.0,0.0,0,0,0.0,0.0,0,0,0.0,0.0,0,0,0.0,34594.009999999995,7,4,0.5714285714285714,1
LGS2ORD0043131,C012353,2025-12-08 13:00:00,Female,72,Bronze,Shopee,Remote_Area,1483,Lazada,COD,13,12,0,0,>50,49.43333333333333,6.0,1.0,0.16666666666666666,328,234,4441.0,0.18,0.5,0.0,0.0,0.0,0,0,0.0,0.0,0,0,0.0,0.0,0,0,0.0,26646.0,6,1,0.16666666666666666,0
LGS2ORD0043132,C013920,2025-12-08 14:00:00,Male,38,Platinum,CallCenter,Bangkok,877,TV_Show,Credit_Card,14,12,0,0,30-40,29.233333333333334,4.0,1.0,0.25,273,41,13433.602499999999,0.2,0.25,0.0,0.0,0.0,0,0,0.0,0.0,0,0,0.0,32917.39,1,0,0.0,53734.409999999996,4,1,0.25,1
LGS2ORD0043133,C014025,2025-12-08 14:00:00,Male,47,Bronze,TV,Nakhon Ratchasima,1092,TV_Show,COD,14,12,0,0,40-50,36.4,8.0,3.0,0.375,25,22,3719.3075,0.23,0.25,0.25,0.0,0.0,0,0,0.0,5175.56,1,0,0.0,16543.170000000002,3,1,0.3333333333333333,29754.46,8,3,0.375,0
LGS2ORD0043134,C014808,2025-12-08 14:00:00,Male,41,Bronze,Web,Chonburi,1100,Shopee,COD,14,12,0,0,40-50,36.666666666666664,2.0,0.0,0.0,-1,86,20550.715,0.28,0.0,0.5,0.0,0.0,0,0,0.0,0.0,0,0,0.0,1859.31,1,0,0.0,41101.43,2,0,0.0,0
LGS2ORD0043135,C013456,2025-12-08 14:00:00,Female,44,Bronze,TV,Nakhon Ratchasima,547,Web,COD,14,12,0,0,40-50,18.233333333333334,1.0,0.0,0.0,-1,4,2084.02,0.08,1.0,0.0,0.0,2084.02,1,0,0.0,2084.02,1,0,0.0,2084.02,1,0,0.0,2084.02,1,0,0.0,0
LGS2ORD0043136,C016527,2025-12-08 14:00:00,Female,55,Gold,Web,Khon Kaen,1040,Lazada,Bank_Transfer,14,12,0,0,>50,34.666666666666664,9.0,1.0,0.1111111111111111,314,43,5860.812222222223,0.33,0.2222222222222222,0.4444444444444444,0.0,0.0,0,0,0.0,0.0,0,0,0.0,5750.06,2,0,0.0,52747.310000000005,9,1,0.1111111111111111,0
LGS2ORD0043137,C017800,2025-12-08 15:00:00,Female,38,Silver,Lazada,Bangkok,1695,Web,Credit_Card,15,12,0,0,30-40,56.5,10.0,1.0,0.1,39,47,6880.204000000001,0.25,0.5,0.2,0.0,0.0,0,0,0.0,0.0,0,0,0.0,5055.97,2,1,0.5,68802.04000000001,10,1,0.1,0
LGS2ORD0043138,C014560,2025-12-08 15:00:00,Female,67,Bronze,TV,Khon Kaen,942,Shopee,COD,15,12,0,0,>50,31.4,5.0,2.0,0.4,139,117,3580.1400000000003,0.28,0.6,0.4,0.0,0.0,0,0,0.0,0.0,0,0,0.0,0.0,0,0,0.0,17900.7,5,2,0.4,1
LGS2ORD0043139,C013076,2025-12-08 15:00:00,Female,43,Bronze,CallCenter,Bangkok,518,CallCenter,Bank_Transfer,15,12,0,0,40-50,17.266666666666666,11.0,1.0,0.09090909090909091,253,42,7885.823636363638,0.28,0.45454545454545453,0.45454545454545453,0.0,0.0,0,0,0.0,0.0,0,0,0.0,16183.6,4,0,0.0,86744.06000000001,11,1,0.09090909090909091,0
LGS2ORD0043140,C012250,2025-12-08 15:00:00,Other,38,Bronze,Shopee,Remote_Area,1644,Web,Bank_Transfer,15,12,0,0,30-40,54.8,11.0,4.0,0.36363636363636365,19,31,3748.9045454545453,0.28,0.6363636363636364,0.09090909090909091,0.0,0.0,0,0,0.0,0.0,0,0,0.0,7132.63,2,1,0.5,41237.95,11,4,0.36363636363636365,0
LGS2ORD0043141,C017648,2025-12-08 15:00:00,Male,25,Platinum,Lazada,Nakhon Ratchasima,1413,TV_Show,COD,15,12,0,0,20-30,47.1,8.0,2.0,0.25,86,36,3329.5362499999997,0.35,0.5,0.625,0.0,0.0,0,0,0.0,0.0,0,0,0.0,10428.38,2,0,0.0,26636.289999999997,8,2,0.25,0
LGS2ORD0043142,C015980,2025-12-08 16:00:00,Other,36,Bronze,Web,Bangkok,377,Shopee,Credit_Card,16,12,0,0,30-40,12.566666666666666,5.0,0.0,0.0,-1,26,4966.255999999999,0.23,0.4,0.2,0.0,0.0,0,0,0.0,8685.59,1,0,0.0,9120.19,2,0,0.0,24831.28,5,0,0.0,0
LGS2ORD0043143,C010900,2025-12-08 16:00:00,Female,58,Bronze,Web,Songkhla,371,TV_Show,COD,16,12,0,0,>50,12.366666666666667,13.0,5.0,0.38461538461538464,37,47,8842.415384615386,0.28,0.5384615384615384,0.15384615384615385,0.0,0.0,0,0,0.0,0.0,0,0,0.0,7085.3,2,1,0.5,114951.40000000001,13,5,0.38461538461538464,1
LGS2ORD0043144,C014675,2025-12-08 16:00:00,Male,32,Silver,TV,Phuket,1240,Shopee,COD,16,12,0,0,30-40,41.333333333333336,8.0,2.0,0.25,107,80,3271.4500000000003,0.3,0.5,0.625,0.0,0.0,0,0,0.0,0.0,0,0,0.0,3075.92,1,0,0.0,26171.600000000002,8,2,0.25,0
LGS2ORD0043145,C012561,2025-12-08 16:00:00,Female,61,Platinum,Shopee,Phuket,863,Web,COD,16,12,0,0,>50,28.766666666666666,7.0,2.0,0.2857142857142857,193,34,10632.365714285714,0.35,0.5714285714285714,0.7142857142857143,0.0,0.0,0,0,0.0,0.0,0,0,0.0,7501.44,1,0,0.0,74426.56,7,2,0.2857142857142857,0
LGS2ORD0043146,C013359,2025-12-08 16:00:00,Female,30,Platinum,Web,Songkhla,1105,Web,PromptPay,16,12,0,0,20-30,36.833333333333336,4.0,0.0,0.0,-1,5,3948.9825,0.25,0.25,0.25,0.0,3062.06,1,0,0.0,6780.25,2,0,0.0,6780.25,2,0,0.0,15795.93,4,0,0.0,1
LGS2ORD0043147,C013337,2025-12-08 16:00:00,Male,21,Silver,Shopee,Nakhon Ratchasima,1717,TV_Show,PromptPay,16,12,0,0,20-30,57.233333333333334,4.0,1.0,0.25,76,60,5388.18,0.25,0.75,0.25,0.0,0.0,0,0,0.0,0.0,0,0,0.0,18171.26,2,1,0.5,21552.72,4,1,0.25,0
LGS2ORD0043148,C015234,2025-12-08 17:00:00,Female,42,Bronze,TV,Chonburi,680,Web,PromptPay,17,12,0,0,40-50,22.666666666666668,10.0,1.0,0.1,285,5,6453.688999999999,0.28,0.6,0.4,0.0,1856.45,1,0,0.0,1856.45,1,0,0.0,2288.59,2,0,0.0,64536.88999999999,10,1,0.1,0
LGS2ORD0043149,C011147,2025-12-08 17:00:00,Male,54,Bronze,Shopee,Bangkok,1530,Web,COD,17,12,0,0,>50,51.0,2.0,1.0,0.5,286,260,4203.495,0.23,0.5,0.5,0.0,0.0,0,0,0.0,0.0,0,0,0.0,0.0,0,0,0.0,8406.99,2,1,0.5,1
LGS2ORD0043150,C010051,2025-12-08 17:00:00,Female,47,Silver,Web,Khon Kaen,781,TV_Show,COD,17,12,0,0,40-50,26.033333333333335,6.0,0.0,0.0,-1,49,4951.471666666666,0.3,0.3333333333333333,0.3333333333333333,0.0,0.0,0,0,0.0,0.0,0,0,0.0,20376.57,3,0,0.0,29708.829999999998,6,0,0.0,1
LGS2ORD0043151,C011993,2025-12-08 17:00:00,Male,54,Silver,TV,Nakhon Ratchasima,1570,TV_Show,COD,17,12,0,0,>50,52.333333333333336,7.0,1.0,0.14285714285714285,97,50,3929.7642857142855,0.3,0.42857142857142855,0.42857142857142855,0.0,0.0,0,0,0.0,0.0,0,0,0.0,867.87,1,0,0.0,27508.35,7,1,0.14285714285714285,0
LGS2ORD0043152,C011469,2025-12-08 17:00:00,Male,27,Silver,Web,Songkhla,863,TV_Show,Bank_Transfer,17,12,0,0,20-30,28.766666666666666,9.0,2.0,0.2222222222222222,77,64,9424.330000000002,0.3,0.5555555555555556,0.2222222222222222,0.0,0.0,0,0,0.0,0.0,0,0,0.0,918.74,1,0,0.0,84818.97000000002,9,2,0.2222222222222222,1
LGS2ORD0043153,C014273,2025-12-08 18:00:00,Male,56,Gold,Shopee,Bangkok,1289,Shopee,Credit_Card,18,12,0,0,>50,42.96666666666667,7.0,1.0,0.14285714285714285,76,88,7226.967142857144,0.33,0.2857142857142857,0.42857142857142855,0.0,0.0,0,0,0.0,0.0,0,0,0.0,2747.23,1,1,1.0,50588.770000000004,7,1,0.14285714285714285,0
LGS2ORD0043154,C011875,2025-12-08 18:00:00,Male,43,Bronze,Lazada,Remote_Area,1481,Shopee,Bank_Transfer,18,12,0,0,40-50,49.36666666666667,7.0,4.0,0.5714285714285714,1,11,4192.604285714286,0.28,0.42857142857142855,0.2857142857142857,0.0,0.0,0,0,0.0,2448.55,1,1,1.0,3902.62,3,1,0.3333333333333333,29348.23,7,4,0.5714285714285714,0
LGS2ORD0043155,C012833,2025-12-08 18:00:00,Female,54,Bronze,Web,Nakhon Ratchasima,1013,CallCenter,PromptPay,18,12,0,0,>50,33.766666666666666,7.0,0.0,0.0,-1,22,5254.967142857144,0.28,0.5714285714285714,0.42857142857142855,0.0,0.0,0,0,0.0,15851.41,1,0,0.0,19241.01,3,0,0.0,36784.770000000004,7,0,0.0,0
LGS2ORD0043156,C017361,2025-12-08 18:00:00,Female,43,Bronze,TV,Khon Kaen,1721,Shopee,COD,18,12,0,0,40-50,57.36666666666667,4.0,0.0,0.0,-1,82,3281.0474999999997,0.23,0.25,0.25,0.0,0.0,0,0,0.0,0.0,0,0,0.0,7737.46,2,0,0.0,13124.189999999999,4,0,0.0,0
LGS2ORD0043157,C016190,2025-12-08 18:00:00,Male,37,Platinum,Web,Chiang Mai,1472,TV_Show,PromptPay,18,12,0,0,30-40,49.06666666666667,5.0,0.0,0.0,-1,23,2320.784,0.25,0.8,0.2,0.0,0.0,0,0,0.0,3230.35,1,0,0.0,6745.88,2,0,0.0,11603.92,5,0,0.0,0
LGS2ORD0043158,C013138,2025-12-08 19:00:00,Male,48,Bronze,TV,Khon Kaen,1392,TV_Show,Credit_Card,19,12,0,0,40-50,46.4,4.0,1.0,0.25,46,55,8885.050000000001,0.28,0.5,0.25,0.0,0.0,0,0,0.0,0.0,0,0,0.0,30350.090000000004,2,1,0.5,35540.200000000004,4,1,0.25,1
LGS2ORD0043159,C017208,2025-12-08 19:00:00,Male,53,Silver,Shopee,Bangkok,876,Lazada,Credit_Card,19,12,0,0,>50,29.2,8.0,3.0,0.375,34,49,10500.95125,0.25,0.75,0.25,0.0,0.0,0,0,0.0,0.0,0,0,0.0,2799.0,1,1,1.0,84007.61,8,3,0.375,0
LGS2ORD0043160,C014946,2025-12-08 19:00:00,Male,36,Bronze,TV,Khon Kaen,1397,CallCenter,COD,19,12,0,0,30-40,46.56666666666667,10.0,5.0,0.5,164,90,3194.565,0.18,0.6,0.0,0.0,0.0,0,0,0.0,0.0,0,0,0.0,0.0,0,0,0.0,31945.65,10,5,0.5,0
LGS2ORD0043161,C011938,2025-12-08 19:00:00,Male,36,Silver,Shopee,Bangkok,1313,Web,COD,19,12,0,0,30-40,43.766666666666666,5.0,2.0,0.4,136,144,7500.138000000001,0.25,0.4,0.2,0.0,0.0,0,0,0.0,0.0,0,0,0.0,0.0,0,0,0.0,37500.69,5,2,0.4,0
LGS2ORD0043162,C011841,2025-12-08 19:00:00,Female,59,Gold,Shopee,Songkhla,1770,Lazada,COD,19,12,0,0,>50,59.0,8.0,0.0,0.0,-1,4,3105.80625,0.2299999999999999,0.75,0.25,0.0,1993.67,1,0,0.0,1993.67,1,0,0.0,10373.67,2,0,0.0,24846.45,8,0,0.0,1
LGS2ORD0043163,C015992,2025-12-08 20:00:00,Male,53,Silver,Lazada,Nakhon Ratchasima,1681,TV_Show,Credit_Card,20,12,0,0,>50,56.03333333333333,5.0,1.0,0.2,217,19,8696.780000000002,0.25,1.0,0.2,0.0,0.0,0,0,0.0,4086.59,1,0,0.0,4086.59,1,0,0.0,43483.90000000001,5,1,0.2,1
LGS2ORD0043164,C011732,2025-12-08 20:00:00,Male,39,Bronze,Web,Chiang Mai,1135,Web,COD,20,12,0,0,30-40,37.833333333333336,14.0,5.0,0.35714285714285715,116,52,3592.164285714286,0.28,0.6428571428571429,0.21428571428571427,0.0,0.0,0,0,0.0,0.0,0,0,0.0,14637.08,4,0,0.0,50290.3,14,5,0.35714285714285715,0
LGS2ORD0043165,C013547,2025-12-08 20:00:00,Male,51,Gold,Web,Khon Kaen,1381,Web,COD,20,12,0,0,>50,46.03333333333333,3.0,1.0,0.3333333333333333,84,90,3396.03,0.28,0.6666666666666666,0.6666666666666666,0.0,0.0,0,0,0.0,0.0,0,0,0.0,0.0,0,0,0.0,10188.09,3,1,0.3333333333333333,1
LGS2ORD0043166,C011960,2025-12-08 20:00:00,Male,18,Bronze,Shopee,Chiang Mai,862,Shopee,COD,20,12,0,0,<20,28.733333333333334,10.0,2.0,0.2,73,6,4562.264,0.28,0.2,0.2,0.0,2091.21,1,0,0.0,7208.5,2,0,0.0,8595.91,3,1,0.3333333333333333,45622.64,10,2,0.2,0
LGS2ORD0043167,C017811,2025-12-08 20:00:00,Female,26,Silver,Shopee,Songkhla,810,TV_Show,COD,20,12,0,0,20-30,27.0,9.0,3.0,0.3333333333333333,67,0,8959.640000000001,0.3,0.7777777777777778,0.4444444444444444,0.0,1803.88,1,0,0.0,1803.88,1,0,0.0,16579.420000000002,4,1,0.25,80636.76000000001,9,3,0.3333333333333333,0
LGS2ORD0043168,C011566,2025-12-08 20:00:00,Male,38,Gold,Shopee,Khon Kaen,1553,CallCenter,COD,20,12,0,0,30-40,51.766666666666666,8.0,3.0,0.375,94,107,3092.08875,0.33,0.5,0.5,0.0,0.0,0,0,0.0,0.0,0,0,0.0,0.0,0,0,0.0,24736.71,8,3,0.375,0
LGS2ORD0043169,C013860,2025-12-08 21:00:00,Female,30,Gold,Shopee,Bangkok,1432,Shopee,COD,21,12,0,0,20-30,47.733333333333334,6.0,1.0,0.16666666666666666,176,14,2636.06,0.33,0.3333333333333333,0.6666666666666666,0.0,0.0,0,0,0.0,488.01,1,0,0.0,488.01,1,0,0.0,15816.36,6,1,0.16666666666666666,0
LGS2ORD0043170,C016181,2025-12-08 21:00:00,Male,64,Gold,Shopee,Bangkok,1189,CallCenter,Credit_Card,21,12,0,0,>50,39.63333333333333,2.0,0.0,0.0,-1,11,2764.295,0.33,1.0,0.5,0.0,0.0,0,0,0.0,1605.11,1,0,0.0,1605.11,1,0,0.0,5528.59,2,0,0.0,0
LGS2ORD0043171,C016414,2025-12-08 21:00:00,Female,49,Bronze,Lazada,Nakhon Ratchasima,364,TV_Show,COD,21,12,0,0,40-50,12.133333333333333,6.0,1.0,0.16666666666666666,22,24,7172.176666666667,0.23,0.3333333333333333,0.3333333333333333,0.0,0.0,0,0,0.0,659.03,1,0,0.0,9022.04,2,1,0.5,43033.060000000005,6,1,0.16666666666666666,0
LGS2ORD0043172,C015050,2025-12-08 21:00:00,Female,37,Silver,TV,Songkhla,923,TV_Show,Credit_Card,21,12,0,0,30-40,30.766666666666666,6.0,2.0,0.3333333333333333,74,79,3663.776666666666,0.25,0.5,0.3333333333333333,0.0,0.0,0,0,0.0,0.0,0,0,0.0,4844.21,2,1,0.5,21982.659999999996,6,2,0.3333333333333333,1
LGS2ORD0043173,C011019,2025-12-08 21:00:00,Male,43,Bronze,TV,Songkhla,622,Web,Credit_Card,21,12,0,0,40-50,20.733333333333334,3.0,2.0,0.6666666666666666,132,139,4601.75,0.08,1.0,0.0,0.0,0.0,0,0,0.0,0.0,0,0,0.0,0.0,0,0,0.0,13805.25,3,2,0.6666666666666666,1
LGS2ORD0043174,C016910,2025-12-08 22:00:00,Other,47,Gold,TV,Khon Kaen,519,Web,COD,22,12,0,0,40-50,17.3,4.0,2.0,0.5,45,60,3445.7250000000004,0.2299999999999999,0.5,0.25,0.0,0.0,0,0,0.0,0.0,0,0,0.0,1296.41,1,1,1.0,13782.900000000001,4,2,0.5,0
LGS2ORD0043175,C010341,2025-12-08 22:00:00,Male,38,Bronze,TV,Remote_Area,553,CallCenter,COD,22,12,0,0,30-40,18.433333333333334,9.0,5.0,0.5555555555555556,-3,3,11360.425555555554,0.28,0.4444444444444444,0.3333333333333333,0.0,2330.93,1,1,1.0,2330.93,1,1,1.0,23547.8,3,2,0.6666666666666666,102243.82999999999,9,5,0.5555555555555556,0
LGS2ORD0043176,C014626,2025-12-08 22:00:00,Male,43,Bronze,Shopee,Khon Kaen,1218,CallCenter,Credit_Card,22,12,0,0,40-50,40.6,8.0,2.0,0.25,261,73,9341.69125,0.23,0.125,0.375,0.0,0.0,0,0,0.0,0.0,0,0,0.0,1835.55,1,0,0.0,74733.53,8,2,0.25,0
LGS2ORD0043177,C016112,2025-12-08 22:00:00,Male,37,Silver,TV,Bangkok,1265,CallCenter,COD,22,12,0,0,30-40,42.166666666666664,5.0,0.0,0.0,-1,27,3804.2980000000002,0.3,0.0,0.4,0.0,0.0,0,0,0.0,507.27,1,0,0.0,507.27,1,0,0.0,19021.49,5,0,0.0,0
LGS2ORD0043178,C015470,2025-12-08 22:00:00,Male,23,Gold,Lazada,Phuket,1122,Shopee,COD,22,12,0,0,20-30,37.4,1.0,0.0,0.0,-1,156,5222.45,0.08,1.0,0.0,0.0,0.0,0,0,0.0,0.0,0,0,0.0,0.0,0,0,0.0,5222.45,1,0,0.0,0
LGS2ORD0043179,C012460,2025-12-08 23:00:00,Male,40,Platinum,TV,Bangkok,987,Web,COD,23,12,0,0,30-40,32.9,8.0,1.0,0.125,203,4,9338.73875,0.25,0.5,0.125,0.0,619.58,1,0,0.0,13752.6,2,0,0.0,17523.030000000002,3,0,0.0,74709.91,8,1,0.125,1
LGS2ORD0043180,C017876,2025-12-08 23:00:00,Female,18,Platinum,Web,Chonburi,1671,Shopee,Credit_Card,23,12,0,0,<20,55.7,4.0,1.0,0.25,92,73,2404.9275,0.25,0.5,0.5,0.0,0.0,0,0,0.0,0.0,0,0,0.0,1173.88,1,0,0.0,9619.71,4,1,0.25,0
LGS2ORD0043181,C013874,2025-12-08 23:00:00,Female,47,Gold,Shopee,Khon Kaen,1108,CallCenter,PromptPay,23,12,0,0,40-50,36.93333333333333,2.0,1.0,0.5,102,64,5554.295,0.33,0.5,1.0,0.0,0.0,0,0,0.0,0.0,0,0,0.0,2940.63,1,0,0.0,11108.59,2,1,0.5,0
LGS2ORD0043182,C014049,2025-12-08 23:00:00,Female,34,Bronze,TV,Nakhon Ratchasima,404,Shopee,COD,23,12,0,0,30-40,13.466666666666667,7.0,1.0,0.14285714285714285,-1,8,6574.921428571429,0.18,0.8571428571428571,0.0,0.0,0.0,0,0,0.0,1439.23,1,1,1.0,2006.5900000000001,2,1,0.5,46024.450000000004,7,1,0.14285714285714285,0
LGS2ORD0043183,C014535,2025-12-08 23:00:00,Female,49,Bronze,Lazada,Bangkok,1128,Lazada,COD,23,12,0,0,40-50,37.6,2.0,0.0,0.0,-1,245,2130.95,0.18,0.0,0.0,0.0,0.0,0,0,0.0,0.0,0,0,0.0,0.0,0,0,0.0,4261.9,2,0,0.0,0
LGS2ORD0043184,C015823,2025-12-09 00:00:00,Female,35,Silver,TV,Bangkok,1796,TV_Show,Credit_Card,0,12,1,0,30-40,59.86666666666667,3.0,0.0,0.0,-1,19,9608.699999999999,0.2,0.6666666666666666,0.0,0.0,0.0,0,0,0.0,3642.64,1,0,0.0,3642.64,1,0,0.0,28826.1,3,0,0.0,0
LGS2ORD0043185,C012663,2025-12-09 00:00:00,Male,59,Bronze,Shopee,Bangkok,1251,Web,COD,0,12,1,0,>50,41.7,5.0,0.0,0.0,-1,31,5538.568,0.28,0.2,0.2,0.0,0.0,0,0,0.0,0.0,0,0,0.0,23675.6,4,0,0.0,27692.84,5,0,0.0,0
LGS2ORD0043186,C015906,2025-12-09 00:00:00,Female,64,Bronze,CallCenter,Chiang Mai,514,Lazada,COD,0,12,1,0,>50,17.133333333333333,5.0,2.0,0.4,204,0,3270.7920000000004,0.23,0.8,0.4,0.0,10300.53,1,0,0.0,10300.53,1,0,0.0,11582.83,2,0,0.0,16353.960000000001,5,2,0.4,0
LGS2ORD0043187,C016935,2025-12-09 00:00:00,Male,39,Silver,Web,Nakhon Ratchasima,696,Web,COD,0,12,1,0,30-40,23.2,4.0,1.0,0.25,232,139,7707.5875,0.3,0.5,0.25,0.0,0.0,0,0,0.0,0.0,0,0,0.0,0.0,0,0,0.0,30830.35,4,1,0.25,0
LGS2ORD0043188,C010626,2025-12-09 00:00:00,Female,49,Bronze,CallCenter,Remote_Area,1794,Lazada,COD,0,12,1,0,40-50,59.8,6.0,3.0,0.5,-2,4,10140.096666666666,0.23,0.3333333333333333,0.16666666666666666,0.0,16842.08,1,1,1.0,16842.08,1,1,1.0,17725.4,2,2,1.0,60840.58,6,3,0.5,0
LGS2ORD0043189,C015881,2025-12-09 00:00:00,Male,54,Bronze,Lazada,Nakhon Ratchasima,1788,Web,Credit_Card,0,12,1,0,>50,59.6,5.0,2.0,0.4,107,119,5822.548,0.18,0.4,0.0,0.0,0.0,0,0,0.0,0.0,0,0,0.0,0.0,0,0,0.0,29112.739999999998,5,2,0.4,0
LGS2ORD0043190,C014650,2025-12-09 01:00:00,Female,52,Bronze,Lazada,Phuket,1784,TV_Show,Credit_Card,1,12,1,0,>50,59.46666666666667,8.0,5.0,0.625,-11,1,3607.18625,0.23,0.5,0.125,0.0,10772.86,1,1,1.0,10772.86,1,1,1.0,15540.29,3,2,0.6666666666666666,28857.49,8,5,0.625,0
LGS2ORD0043191,C012986,2025-12-09 01:00:00,Female,38,Silver,TV,Bangkok,1689,Shopee,COD,1,12,1,0,30-40,56.3,8.0,1.0,0.125,232,27,6314.623750000001,0.25,0.125,0.25,0.0,0.0,0,0,0.0,4309.54,1,0,0.0,18856.52,2,0,0.0,50516.990000000005,8,1,0.125,0
LGS2ORD0043192,C012844,2025-12-09 01:00:00,Female,24,Bronze,TV,Chonburi,1196,Web,COD,1,12,1,0,20-30,39.86666666666667,4.0,0.0,0.0,-1,108,12104.925000000001,0.13,0.0,0.0,0.0,0.0,0,0,0.0,0.0,0,0,0.0,0.0,0,0,0.0,48419.700000000004,4,0,0.0,0
LGS2ORD0043193,C011483,2025-12-09 01:00:00,Female,28,Gold,TV,Songkhla,851,Web,PromptPay,1,12,1,0,20-30,28.366666666666667,3.0,0.0,0.0,-1,74,4991.413333333333,0.2299999999999999,0.3333333333333333,0.3333333333333333,0.0,0.0,0,0,0.0,0.0,0,0,0.0,6700.99,1,0,0.0,14974.24,3,0,0.0,0
LGS2ORD0043194,C012488,2025-12-09 01:00:00,Male,26,Gold,Web,Songkhla,999,Lazada,COD,1,12,1,0,20-30,33.3,5.0,3.0,0.6,5,9,4058.1340000000005,0.33,0.2,0.2,0.0,0.0,0,0,0.0,6251.05,1,1,1.0,6251.05,1,1,1.0,20290.670000000002,5,3,0.6,0
LGS2ORD0043195,C012966,2025-12-09 02:00:00,Male,52,Platinum,Lazada,Bangkok,1375,Shopee,PromptPay,2,12,1,0,>50,45.833333333333336,1.0,1.0,1.0,146,156,8145.3,0.15,1.0,0.0,0.0,0.0,0,0,0.0,0.0,0,0,0.0,0.0,0,0,0.0,8145.3,1,1,1.0,0
LGS2ORD0043196,C013465,2025-12-09 02:00:00,Female,51,Bronze,TV,Chiang Mai,924,CallCenter,COD,2,12,1,0,>50,30.8,7.0,1.0,0.14285714285714285,31,11,2416.674285714286,0.23,0.2857142857142857,0.14285714285714285,0.0,0.0,0,0,0.0,401.11,1,0,0.0,6269.889999999999,3,1,0.3333333333333333,16916.72,7,1,0.14285714285714285,0
LGS2ORD0043197,C017423,2025-12-09 02:00:00,Male,48,Gold,Web,Chonburi,792,Shopee,COD,2,12,1,0,40-50,26.4,1.0,0.0,0.0,-1,108,6683.56,0.13,0.0,0.0,0.0,0.0,0,0,0.0,0.0,0,0,0.0,0.0,0,0,0.0,6683.56,1,0,0.0,0
LGS2ORD0043198,C010054,2025-12-09 02:00:00,Female,24,Silver,Web,Chonburi,684,Lazada,COD,2,12,1,0,20-30,22.8,10.0,1.0,0.1,209,6,3121.469,0.3,0.6,0.4,0.0,3124.67,1,0,0.0,3124.67,1,0,0.0,7227.56,3,0,0.0,31214.690000000002,10,1,0.1,0
LGS2ORD0043199,C017046,2025-12-09 02:00:00,Female,51,Platinum,Shopee,Bangkok,1783,Web,COD,2,12,1,0,>50,59.43333333333333,2.0,0.0,0.0,-1,29,2227.46,0.3,0.5,0.5,0.0,0.0,0,0,0.0,1053.87,1,0,0.0,4454.92,2,0,0.0,4454.92,2,0,0.0,0
LGS2ORD0043200,C010752,2025-12-09 03:00:00,Female,41,Silver,TV,Bangkok,1265,CallCenter,Bank_Transfer,3,12,1,0,40-50,42.166666666666664,8.0,2.0,0.25,0,16,5975.803750000001,0.3,0.5,0.375,0.0,0.0,0,0,0.0,1984.1,1,1,1.0,11462.1,3,1,0.3333333333333333,47806.43000000001,8,2,0.25,1
LGS2ORD0043201,C012753,2025-12-09 03:00:00,Female,38,Silver,TV,Songkhla,1346,Web,COD,3,12,1,0,30-40,44.86666666666667,4.0,0.0,0.0,-1,22,3615.7125000000005,0.25,0.25,0.25,0.0,0.0,0,0,0.0,3619.13,1,0,0.0,3619.13,1,0,0.0,14462.850000000002,4,0,0.0,0
LGS2ORD0043202,C012953,2025-12-09 03:00:00,Male,54,Bronze,TV,Nakhon Ratchasima,1247,Web,COD,3,12,1,0,>50,41.56666666666667,3.0,0.0,0.0,-1,10,8937.223333333333,0.18,0.6666666666666666,0.0,0.0,0.0,0,0,0.0,2604.62,1,0,0.0,2604.62,1,0,0.0,26811.670000000002,3,0,0.0,0
LGS2ORD0043203,C010936,2025-12-09 03:00:00,Other,51,Bronze,TV,Bangkok,880,Lazada,COD,3,12,1,0,>50,29.333333333333332,6.0,1.0,0.16666666666666666,278,75,5796.341666666667,0.23,0.6666666666666666,0.16666666666666666,0.0,0.0,0,0,0.0,0.0,0,0,0.0,1002.58,1,0,0.0,34778.05,6,1,0.16666666666666666,0
LGS2ORD0043204,C014866,2025-12-09 03:00:00,Male,50,Bronze,Lazada,Bangkok,1162,CallCenter,Credit_Card,3,12,1,0,40-50,38.733333333333334,3.0,0.0,0.0,-1,65,3872.0099999999998,0.18,0.6666666666666666,0.0,0.0,0.0,0,0,0.0,0.0,0,0,0.0,10514.96,2,0,0.0,11616.029999999999,3,0,0.0,0
LGS2ORD0043205,C013913,2025-12-09 04:00:00,Male,41,Silver,TV,Bangkok,1757,Shopee,Credit_Card,4,12,1,0,40-50,58.56666666666667,5.0,0.0,0.0,-1,95,3456.9259999999995,0.3,0.6,0.2,0.0,0.0,0,0,0.0,0.0,0,0,0.0,0.0,0,0,0.0,17284.629999999997,5,0,0.0,1
LGS2ORD0043206,C011728,2025-12-09 04:00:00,Male,65,Bronze,Shopee,Bangkok,801,TV_Show,PromptPay,4,12,1,0,>50,26.7,9.0,2.0,0.2222222222222222,127,98,4392.208888888888,0.28,0.4444444444444444,0.1111111111111111,0.0,0.0,0,0,0.0,0.0,0,0,0.0,0.0,0,0,0.0,39529.88,9,2,0.2222222222222222,0
LGS2ORD0043207,C014005,2025-12-09 04:00:00,Male,27,Gold,TV,Bangkok,1263,TV_Show,COD,4,12,1,0,20-30,42.1,3.0,1.0,0.3333333333333333,242,41,5370.986666666667,0.2299999999999999,0.0,0.3333333333333333,0.0,0.0,0,0,0.0,0.0,0,0,0.0,14399.23,2,0,0.0,16112.96,3,1,0.3333333333333333,0
LGS2ORD0043208,C011482,2025-12-09 04:00:00,Male,54,Silver,Web,Nakhon Ratchasima,530,Web,COD,4,12,1,0,>50,17.666666666666668,4.0,0.0,0.0,-1,18,7440.3,0.15,0.75,0.0,0.0,0.0,0,0,0.0,3641.22,1,0,0.0,3641.22,1,0,0.0,29761.2,4,0,0.0,0
LGS2ORD0043209,C017654,2025-12-09 04:00:00,Female,44,Bronze,TV,Bangkok,729,Shopee,COD,4,12,1,0,40-50,24.3,4.0,3.0,0.75,20,31,3938.7074999999995,0.23,0.75,0.5,0.0,0.0,0,0,0.0,0.0,0,0,0.0,7591.89,2,2,1.0,15754.829999999998,4,3,0.75,0
LGS2ORD0043210,C017310,2025-12-09 04:00:00,Male,46,Bronze,Lazada,Nakhon Ratchasima,660,TV_Show,Bank_Transfer,4,12,1,0,40-50,22.0,3.0,0.0,0.0,-1,58,7845.983333333334,0.18,0.3333333333333333,0.0,0.0,0.0,0,0,0.0,0.0,0,0,0.0,14699.4,1,0,0.0,23537.95,3,0,0.0,0
LGS2ORD0043211,C014943,2025-12-09 05:00:00,Female,32,Bronze,Shopee,Songkhla,1699,Shopee,PromptPay,5,12,1,0,30-40,56.63333333333333,7.0,2.0,0.2857142857142857,14,16,3788.8728571428574,0.23,0.5714285714285714,0.14285714285714285,0.0,0.0,0,0,0.0,8981.29,1,1,1.0,16154.91,2,2,1.0,26522.11,7,2,0.2857142857142857,0
LGS2ORD0043212,C013448,2025-12-09 05:00:00,Male,40,Gold,Web,Songkhla,1184,Web,Bank_Transfer,5,12,1,0,30-40,39.46666666666667,4.0,0.0,0.0,-1,92,1346.665,0.13,0.0,0.0,0.0,0.0,0,0,0.0,0.0,0,0,0.0,0.0,0,0,0.0,5386.66,4,0,0.0,0
LGS2ORD0043213,C012028,2025-12-09 05:00:00,Other,31,Bronze,TV,Chiang Mai,1532,TV_Show,Credit_Card,5,12,1,0,30-40,51.06666666666667,4.0,1.0,0.25,9,13,21458.2375,0.28,0.25,0.25,0.0,0.0,0,0,0.0,40919.93,2,1,0.5,85832.95,4,1,0.25,85832.95,4,1,0.25,0
LGS2ORD0043214,C011238,2025-12-09 05:00:00,Male,45,Bronze,TV,Songkhla,617,CallCenter,COD,5,12,1,0,40-50,20.566666666666666,4.0,2.0,0.5,116,10,15422.970000000001,0.23,0.5,0.25,0.0,0.0,0,0,0.0,51678.76,1,0,0.0,51678.76,1,0,0.0,61691.880000000005,4,2,0.5,1
LGS2ORD0043215,C011430,2025-12-09 05:00:00,Female,45,Silver,Lazada,Chiang Mai,1605,Shopee,COD,5,12,1,0,40-50,53.5,6.0,0.0,0.0,-1,3,3380.733333333333,0.3,0.5,0.3333333333333333,0.0,1884.98,1,0,0.0,1884.98,1,0,0.0,16256.36,3,0,0.0,20284.399999999998,6,0,0.0,1
LGS2ORD0043216,C011113,2025-12-09 06:00:00,Female,44,Bronze,TV,Nakhon Ratchasima,1676,Web,Bank_Transfer,6,12,1,0,40-50,55.86666666666667,6.0,1.0,0.16666666666666666,215,17,4782.6866666666665,0.23,0.5,0.16666666666666666,0.0,0.0,0,0,0.0,2252.35,1,0,0.0,12966.43,2,0,0.0,28696.12,6,1,0.16666666666666666,0
LGS2ORD0043217,C014499,2025-12-09 06:00:00,Male,25,Silver,Shopee,Khon Kaen,695,CallCenter,COD,6,12,1,0,20-30,23.166666666666668,6.0,0.0,0.0,-1,56,2583.621666666667,0.25,0.3333333333333333,0.16666666666666666,0.0,0.0,0,0,0.0,0.0,0,0,0.0,1621.85,1,0,0.0,15501.730000000001,6,0,0.0,0
LGS2ORD0043218,C015627,2025-12-09 06:00:00,Female,35,Bronze,TV,Bangkok,976,Web,COD,6,12,1,0,30-40,32.53333333333333,9.0,1.0,0.1111111111111111,159,10,4164.3822222222225,0.23,0.7777777777777778,0.1111111111111111,0.0,0.0,0,0,0.0,499.78,1,0,0.0,7050.88,2,0,0.0,37479.44,9,1,0.1111111111111111,0
LGS2ORD0043219,C015164,2025-12-09 06:00:00,Female,56,Silver,Web,Bangkok,521,Lazada,COD,6,12,1,0,>50,17.366666666666667,3.0,1.0,0.3333333333333333,171,22,3364.4600000000005,0.2,0.3333333333333333,0.0,0.0,0.0,0,0,0.0,3547.36,1,0,0.0,3547.36,1,0,0.0,10093.380000000001,3,1,0.3333333333333333,1
LGS2ORD0043220,C012215,2025-12-09 06:00:00,Male,61,Bronze,Shopee,Nakhon Ratchasima,1380,Shopee,COD,6,12,1,0,>50,46.0,3.0,0.0,0.0,-1,24,3193.1966666666667,0.28,0.3333333333333333,0.3333333333333333,0.0,0.0,0,0,0.0,8230.33,2,0,0.0,8230.33,2,0,0.0,9579.59,3,0,0.0,1
LGS2ORD0043221,C014198,2025-12-09 07:00:00,Male,37,Gold,Shopee,Khon Kaen,803,Lazada,PromptPay,7,12,1,0,30-40,26.766666666666666,9.0,2.0,0.2222222222222222,14,18,5882.524444444443,0.33,0.5555555555555556,0.4444444444444444,0.0,0.0,0,0,0.0,5450.21,1,1,1.0,5450.21,1,1,1.0,52942.719999999994,9,2,0.2222222222222222,0
LGS2ORD0043222,C010834,2025-12-09 07:00:00,Female,54,Gold,TV,Remote_Area,1799,Lazada,COD,7,12,1,0,>50,59.96666666666667,5.0,2.0,0.4,70,16,3396.3,0.33,0.6,0.6,0.0,0.0,0,0,0.0,3505.95,1,0,0.0,15231.059999999998,4,2,0.5,16981.5,5,2,0.4,0
LGS2ORD0043223,C015707,2025-12-09 07:00:00,Male,35,Silver,Web,Phuket,892,Web,Credit_Card,7,12,1,0,30-40,29.733333333333334,7.0,1.0,0.14285714285714285,199,54,12221.562857142855,0.2,0.5714285714285714,0.0,0.0,0.0,0,0,0.0,0.0,0,0,0.0,1133.15,1,0,0.0,85550.93999999999,7,1,0.14285714285714285,0
LGS2ORD0043224,C017226,2025-12-09 07:00:00,Female,25,Silver,Lazada,Chonburi,1158,CallCenter,PromptPay,7,12,1,0,20-30,38.6,6.0,1.0,0.16666666666666666,13,18,6037.836666666667,0.3,0.3333333333333333,0.16666666666666666,0.0,0.0,0,0,0.0,2076.15,2,1,0.5,5512.530000000001,3,1,0.3333333333333333,36227.020000000004,6,1,0.16666666666666666,0
LGS2ORD0043225,C010478,2025-12-09 07:00:00,Other,44,Gold,Lazada,Khon Kaen,959,TV_Show,PromptPay,7,12,1,0,40-50,31.966666666666665,2.0,1.0,0.5,189,197,9601.885,0.33,0.5,1.0,0.0,0.0,0,0,0.0,0.0,0,0,0.0,0.0,0,0,0.0,19203.77,2,1,0.5,0
LGS2ORD0043226,C010387,2025-12-09 08:00:00,Male,47,Bronze,Shopee,Phuket,1090,Web,Bank_Transfer,8,12,1,0,40-50,36.333333333333336,6.0,2.0,0.3333333333333333,222,39,4967.360000000001,0.23,0.6666666666666666,0.3333333333333333,0.0,0.0,0,0,0.0,0.0,0,0,0.0,19146.57,3,0,0.0,29804.160000000003,6,2,0.3333333333333333,0
LGS2ORD0043227,C010680,2025-12-09 08:00:00,Male,47,Bronze,Lazada,Nakhon Ratchasima,626,Lazada,COD,8,12,1,0,40-50,20.866666666666667,7.0,2.0,0.2857142857142857,94,45,6556.22,0.18,0.5714285714285714,0.0,0.0,0.0,0,0,0.0,0.0,0,0,0.0,7755.5,1,0,0.0,45893.54,7,2,0.2857142857142857,0
LGS2ORD0043228,C015083,2025-12-09 08:00:00,Female,26,Bronze,TV,Bangkok,949,TV_Show,COD,8,12,1,0,20-30,31.633333333333333,5.0,1.0,0.2,229,58,6279.14,0.28,0.2,0.2,0.0,0.0,0,0,0.0,0.0,0,0,0.0,3141.79,1,0,0.0,31395.7,5,1,0.2,0
LGS2ORD0043229,C015652,2025-12-09 08:00:00,Female,34,Silver,Web,Remote_Area,1558,Web,PromptPay,8,12,1,0,30-40,51.93333333333333,7.0,4.0,0.5714285714285714,0,11,7575.6900000000005,0.3,0.7142857142857143,0.2857142857142857,0.0,0.0,0,0,0.0,6715.7,1,1,1.0,14406.349999999999,3,3,1.0,53029.83,7,4,0.5714285714285714,0
LGS2ORD0043230,C016215,2025-12-09 08:00:00,Male,37,Bronze,Lazada,Chonburi,903,Web,Bank_Transfer,8,12,1,0,30-40,30.1,6.0,1.0,0.16666666666666666,239,19,4766.636666666666,0.28,0.3333333333333333,0.3333333333333333,0.0,0.0,0,0,0.0,3483.39,1,0,0.0,26909.190000000002,4,0,0.0,28599.82,6,1,0.16666666666666666,1
LGS2ORD0043231,C014948,2025-12-09 08:00:00,Male,29,Silver,Web,Bangkok,1219,Shopee,COD,8,12,1,0,20-30,40.63333333333333,6.0,1.0,0.16666666666666666,133,73,1186.815,0.3,0.6666666666666666,0.3333333333333333,0.0,0.0,0,0,0.0,0.0,0,0,0.0,3354.52,3,0,0.0,7120.89,6,1,0.16666666666666666,0
LGS2ORD0043232,C017428,2025-12-09 09:00:00,Male,35,Gold,Lazada,Phuket,1642,CallCenter,COD,9,12,1,0,30-40,54.733333333333334,6.0,2.0,0.3333333333333333,23,35,4124.455,0.28,0.6666666666666666,0.3333333333333333,0.0,0.0,0,0,0.0,0.0,0,0,0.0,4955.09,1,1,1.0,24746.73,6,2,0.3333333333333333,0
LGS2ORD0043233,C013959,2025-12-09 09:00:00,Female,60,Silver,Shopee,Khon Kaen,1010,Web,Credit_Card,9,12,1,0,>50,33.666666666666664,5.0,1.0,0.2,280,71,8561.466,0.25,1.0,0.4,0.0,0.0,0,0,0.0,0.0,0,0,0.0,12375.51,1,0,0.0,42807.33,5,1,0.2,0
LGS2ORD0043234,C012424,2025-12-09 09:00:00,Female,45,Bronze,Web,Bangkok,701,Lazada,PromptPay,9,12,1,0,40-50,23.366666666666667,4.0,0.0,0.0,-1,17,3388.725,0.18,0.0,0.0,0.0,0.0,0,0,0.0,614.41,1,0,0.0,614.41,1,0,0.0,13554.9,4,0,0.0,1
LGS2ORD0043235,C017470,2025-12-09 09:00:00,Female,33,Bronze,Web,Bangkok,721,TV_Show,Credit_Card,9,12,1,0,30-40,24.033333333333335,0.0,0.0,0.0,-1,-1,0.0,0.0,0.0,0.0,0.0,0.0,0,0,0.0,0.0,0,0,0.0,0.0,0,0,0.0,0.0,0,0,0.0,0
LGS2ORD0043236,C012537,2025-12-09 09:00:00,Other,33,Bronze,TV,Bangkok,1152,Web,Credit_Card,9,12,1,0,30-40,38.4,6.0,3.0,0.5,105,115,7443.461666666667,0.23,0.6666666666666666,0.16666666666666666,0.0,0.0,0,0,0.0,0.0,0,0,0.0,0.0,0,0,0.0,44660.770000000004,6,3,0.5,0
LGS2ORD0043237,C012570,2025-12-09 10:00:00,Male,44,Bronze,Lazada,Bangkok,1646,CallCenter,COD,10,12,1,0,40-50,54.86666666666667,3.0,1.0,0.3333333333333333,141,14,6093.046666666666,0.18,1.0,0.0,0.0,0.0,0,0,0.0,7365.36,1,0,0.0,7365.36,1,0,0.0,18279.14,3,1,0.3333333333333333,1
LGS2ORD0043238,C013379,2025-12-09 10:00:00,Female,53,Silver,Web,Bangkok,715,Web,COD,10,12,1,0,>50,23.833333333333332,4.0,2.0,0.5,3,15,7236.369999999999,0.25,0.5,0.25,0.0,0.0,0,0,0.0,19324.67,1,1,1.0,22747.289999999997,2,1,0.5,28945.479999999996,4,2,0.5,0
LGS2ORD0043239,C011111,2025-12-09 10:00:00,Female,48,Bronze,Web,Remote_Area,1740,Shopee,COD,10,12,1,0,40-50,58.0,6.0,4.0,0.6666666666666666,145,151,8922.696666666667,0.28,0.8333333333333334,0.16666666666666666,0.16666666666666666,0.0,0,0,0.0,0.0,0,0,0.0,0.0,0,0,0.0,53536.18,6,4,0.6666666666666666,0
LGS2ORD0043240,C015843,2025-12-09 10:00:00,Male,48,Bronze,Shopee,Songkhla,988,TV_Show,PromptPay,10,12,1,0,40-50,32.93333333333333,7.0,4.0,0.5714285714285714,103,6,5733.04,0.28,0.2857142857142857,0.14285714285714285,0.0,5099.31,1,0,0.0,5099.31,1,0,0.0,5099.31,1,0,0.0,40131.28,7,4,0.5714285714285714,0
LGS2ORD0043241,C016630,2025-12-09 10:00:00,Male,23,Bronze,TV,Phuket,1388,TV_Show,COD,10,12,1,0,20-30,46.266666666666666,7.0,1.0,0.14285714285714285,55,41,3788.342857142858,0.23,0.8571428571428571,0.2857142857142857,0.0,0.0,0,0,0.0,0.0,0,0,0.0,5394.35,2,1,0.5,26518.400000000005,7,1,0.14285714285714285,0
LGS2ORD0043242,C011985,2025-12-09 11:00:00,Male,64,Silver,TV,Bangkok,1623,Shopee,COD,11,12,1,0,>50,54.1,4.0,0.0,0.0,-1,139,6196.47,0.2,0.75,0.0,0.0,0.0,0,0,0.0,0.0,0,0,0.0,0.0,0,0,0.0,24785.88,4,0,0.0,1
LGS2ORD0043243,C017705,2025-12-09 11:00:00,Female,49,Gold,Lazada,Chiang Mai,1040,TV_Show,COD,11,12,1,0,40-50,34.666666666666664,6.0,0.0,0.0,-1,155,5569.3533333333335,0.2299999999999999,0.3333333333333333,0.3333333333333333,0.0,0.0,0,0,0.0,0.0,0,0,0.0,0.0,0,0,0.0,33416.12,6,0,0.0,0
LGS2ORD0043244,C014249,2025-12-09 11:00:00,Female,41,Gold,Web,Remote_Area,1413,TV_Show,COD,11,12,1,0,40-50,47.1,7.0,3.0,0.42857142857142855,-2,4,3421.142857142858,0.33,0.42857142857142855,0.42857142857142855,0.0,1992.47,1,1,1.0,1992.47,1,1,1.0,8068.87,3,2,0.6666666666666666,23948.000000000004,7,3,0.42857142857142855,1
LGS2ORD0043245,C012819,2025-12-09 11:00:00,Male,41,Bronze,Shopee,Remote_Area,1074,Web,COD,11,12,1,0,40-50,35.8,5.0,1.0,0.2,213,31,6488.032,0.18,0.6,0.0,0.0,0.0,0,0,0.0,0.0,0,0,0.0,3558.94,1,0,0.0,32440.16,5,1,0.2,1
LGS2ORD0043246,C015822,2025-12-09 11:00:00,Male,50,Bronze,Shopee,Chiang Mai,1796,CallCenter,Credit_Card,11,12,1,0,40-50,59.86666666666667,1.0,0.0,0.0,-1,321,1046.36,0.23,0.0,1.0,0.0,0.0,0,0,0.0,0.0,0,0,0.0,0.0,0,0,0.0,1046.36,1,0,0.0,0
LGS2ORD0043247,C014892,2025-12-09 11:00:00,Male,48,Gold,TV,Nakhon Ratchasima,649,Web,COD,11,12,1,0,40-50,21.633333333333333,4.0,1.0,0.25,322,204,11668.86,0.28,1.0,0.25,0.0,0.0,0,0,0.0,0.0,0,0,0.0,0.0,0,0,0.0,46675.44,4,1,0.25,0
LGS2ORD0043248,C013260,2025-12-09 12:00:00,Male,35,Silver,TV,Phuket,1095,Shopee,PromptPay,12,12,1,0,30-40,36.5,2.0,1.0,0.5,169,178,3861.38,0.2,0.0,0.0,0.0,0.0,0,0,0.0,0.0,0,0,0.0,0.0,0,0,0.0,7722.76,2,1,0.5,1
LGS2ORD0043249,C012448,2025-12-09 12:00:00,Female,72,Gold,Web,Remote_Area,396,Lazada,COD,12,12,1,0,>50,13.2,3.0,1.0,0.3333333333333333,10,9,10581.873333333331,0.28,0.6666666666666666,0.3333333333333333,0.0,0.0,0,0,0.0,24769.589999999997,2,1,0.5,24769.589999999997,2,1,0.5,31745.619999999995,3,1,0.3333333333333333,0
LGS2ORD0043250,C017991,2025-12-09 12:00:00,Other,62,Bronze,Web,Songkhla,1208,TV_Show,COD,12,12,1,0,>50,40.266666666666666,6.0,0.0,0.0,-1,57,3353.5500000000006,0.28,0.5,0.16666666666666666,0.0,0.0,0,0,0.0,0.0,0,0,0.0,346.97,1,0,0.0,20121.300000000003,6,0,0.0,1
LGS2ORD0043251,C015522,2025-12-09 12:00:00,Female,31,Bronze,TV,Bangkok,578,Shopee,COD,12,12,1,0,30-40,19.266666666666666,9.0,1.0,0.1111111111111111,121,31,4842.700000000001,0.28,0.6666666666666666,0.1111111111111111,0.0,0.0,0,0,0.0,0.0,0,0,0.0,17511.7,3,0,0.0,43584.3,9,1,0.1111111111111111,0
LGS2ORD0043252,C011848,2025-12-09 12:00:00,Male,27,Gold,CallCenter,Chiang Mai,647,TV_Show,PromptPay,12,12,1,0,20-30,21.566666666666666,4.0,1.0,0.25,158,1,3140.1825,0.28,0.5,0.75,0.0,9837.33,2,0,0.0,11741.029999999999,3,0,0.0,11741.029999999999,3,0,0.0,12560.73,4,1,0.25,0
LGS2ORD0043253,C014084,2025-12-09 13:00:00,Female,40,Bronze,TV,Nakhon Ratchasima,1379,Web,COD,13,12,1,0,30-40,45.96666666666667,7.0,0.0,0.0,-1,10,3632.2985714285714,0.23,0.42857142857142855,0.14285714285714285,0.0,0.0,0,0,0.0,9160.1,2,0,0.0,9160.1,2,0,0.0,25426.09,7,0,0.0,1
LGS2ORD0043254,C017841,2025-12-09 13:00:00,Female,72,Silver,TV,Phuket,612,Web,COD,13,12,1,0,>50,20.4,8.0,5.0,0.625,81,51,3692.74375,0.3,0.875,0.375,0.125,0.0,0,0,0.0,0.0,0,0,0.0,637.35,1,0,0.0,29541.95,8,5,0.625,1
LGS2ORD0043255,C017613,2025-12-09 13:00:00,Female,38,Silver,CallCenter,Bangkok,1177,Lazada,COD,13,12,1,0,30-40,39.233333333333334,3.0,0.0,0.0,-1,87,2378.2066666666665,0.3,0.6666666666666666,0.3333333333333333,0.0,0.0,0,0,0.0,0.0,0,0,0.0,1986.16,1,0,0.0,7134.62,3,0,0.0,0
LGS2ORD0043256,C012215,2025-12-09 13:00:00,Male,61,Bronze,Shopee,Nakhon Ratchasima,1380,TV_Show,COD,13,12,1,0,>50,46.0,4.0,1.0,0.25,-5,0,3550.7525,0.28,0.5,0.25,0.0,4623.42,1,1,1.0,12853.75,3,1,0.3333333333333333,12853.75,3,1,0.3333333333333333,14203.01,4,1,0.25,0
LGS2ORD0043257,C012983,2025-12-09 13:00:00,Male,59,Bronze,Web,Chonburi,857,Web,Bank_Transfer,13,12,1,0,>50,28.566666666666666,3.0,1.0,0.3333333333333333,-4,3,2430.64,0.23,1.0,1.0,0.0,1945.07,2,1,0.5,1945.07,2,1,0.5,1945.07,2,1,0.5,7291.92,3,1,0.3333333333333333,0
LGS2ORD0043258,C016170,2025-12-09 14:00:00,Male,37,Silver,Web,Nakhon Ratchasima,1533,Shopee,Credit_Card,14,12,1,0,30-40,51.1,2.0,1.0,0.5,146,153,18469.275,0.3,0.5,0.5,0.0,0.0,0,0,0.0,0.0,0,0,0.0,0.0,0,0,0.0,36938.55,2,1,0.5,0
LGS2ORD0043259,C013515,2025-12-09 14:00:00,Male,32,Bronze,TV,Remote_Area,563,Web,Bank_Transfer,14,12,1,0,30-40,18.766666666666666,15.0,7.0,0.4666666666666667,6,20,4521.721333333333,0.28,0.5333333333333333,0.06666666666666667,0.0,0.0,0,0,0.0,17772.37,2,1,0.5,49036.5,7,2,0.2857142857142857,67825.81999999999,15,7,0.4666666666666667,0
LGS2ORD0043260,C013452,2025-12-09 14:00:00,Male,43,Bronze,Web,Chiang Mai,1282,Lazada,COD,14,12,1,0,40-50,42.733333333333334,6.0,2.0,0.3333333333333333,20,13,6521.19,0.23,0.3333333333333333,0.16666666666666666,0.0,0.0,0,0,0.0,25228.71,2,1,0.5,25228.71,2,1,0.5,39127.14,6,2,0.3333333333333333,1
LGS2ORD0043261,C016848,2025-12-09 14:00:00,Male,39,Gold,Lazada,Bangkok,425,TV_Show,COD,14,12,1,0,30-40,14.166666666666666,6.0,0.0,0.0,-1,86,3614.9283333333333,0.33,0.3333333333333333,0.3333333333333333,0.0,0.0,0,0,0.0,0.0,0,0,0.0,1921.43,1,0,0.0,21689.57,6,0,0.0,0
LGS2ORD0043262,C011394,2025-12-09 14:00:00,Male,49,Silver,Web,Chiang Mai,1772,Lazada,Credit_Card,14,12,1,0,40-50,59.06666666666667,6.0,1.0,0.16666666666666666,99,14,4552.3166666666675,0.3,0.5,0.5,0.0,0.0,0,0,0.0,1944.81,1,0,0.0,7644.16,2,0,0.0,27313.900000000005,6,1,0.16666666666666666,0
LGS2ORD0043263,C016618,2025-12-09 15:00:00,Male,67,Bronze,TV,Khon Kaen,495,CallCenter,COD,15,12,1,0,>50,16.5,7.0,2.0,0.2857142857142857,25,23,3633.912857142857,0.28,0.7142857142857143,0.2857142857142857,0.0,0.0,0,0,0.0,1677.67,1,0,0.0,13646.01,4,2,0.5,25437.39,7,2,0.2857142857142857,1
LGS2ORD0043264,C010308,2025-12-09 15:00:00,Female,53,Bronze,TV,Bangkok,1509,Web,PromptPay,15,12,1,0,>50,50.3,9.0,1.0,0.1111111111111111,164,87,4543.752222222222,0.28,0.5555555555555556,0.4444444444444444,0.0,0.0,0,0,0.0,0.0,0,0,0.0,7144.0,1,0,0.0,40893.770000000004,9,1,0.1111111111111111,0
LGS2ORD0043265,C012669,2025-12-09 15:00:00,Male,26,Silver,Web,Chonburi,973,Shopee,COD,15,12,1,0,20-30,32.43333333333333,4.0,0.0,0.0,-1,18,7192.72,0.3,0.5,0.25,0.0,0.0,0,0,0.0,12865.71,1,0,0.0,17598.35,2,0,0.0,28770.88,4,0,0.0,0
LGS2ORD0043266,C011166,2025-12-09 15:00:00,Male,46,Platinum,CallCenter,Bangkok,911,Web,Credit_Card,15,12,1,0,40-50,30.366666666666667,2.0,0.0,0.0,-1,97,739.685,0.35,1.0,0.5,0.0,0.0,0,0,0.0,0.0,0,0,0.0,0.0,0,0,0.0,1479.37,2,0,0.0,0
LGS2ORD0043267,C010262,2025-12-09 15:00:00,Female,49,Bronze,TV,Chiang Mai,1004,TV_Show,COD,15,12,1,0,40-50,33.46666666666667,9.0,1.0,0.1111111111111111,256,3,2608.511111111111,0.28,0.4444444444444444,0.2222222222222222,0.0,2082.5,2,0,0.0,3690.62,3,0,0.0,6460.76,4,0,0.0,23476.6,9,1,0.1111111111111111,1
LGS2ORD0043268,C010511,2025-12-09 15:00:00,Male,61,Bronze,TV,Songkhla,530,Lazada,COD,15,12,1,0,>50,17.666666666666668,4.0,1.0,0.25,105,80,13246.517500000002,0.28,0.25,0.25,0.0,0.0,0,0,0.0,0.0,0,0,0.0,4590.19,1,0,0.0,52986.07000000001,4,1,0.25,0
LGS2ORD0043269,C016564,2025-12-09 16:00:00,Male,55,Bronze,Web,Nakhon Ratchasima,1157,TV_Show,COD,16,12,1,0,>50,38.56666666666667,6.0,2.0,0.3333333333333333,122,60,10724.658333333333,0.23,0.8333333333333334,0.16666666666666666,0.0,0.0,0,0,0.0,0.0,0,0,0.0,7309.03,1,0,0.0,64347.95,6,2,0.3333333333333333,1
LGS2ORD0043270,C010129,2025-12-09 16:00:00,Male,21,Bronze,TV,Remote_Area,1482,Lazada,Bank_Transfer,16,12,1,0,20-30,49.4,4.0,1.0,0.25,243,157,6573.1375,0.18,0.75,0.0,0.0,0.0,0,0,0.0,0.0,0,0,0.0,0.0,0,0,0.0,26292.55,4,1,0.25,0
LGS2ORD0043271,C011134,2025-12-09 16:00:00,Male,36,Silver,Lazada,Chonburi,1360,CallCenter,COD,16,12,1,0,30-40,45.333333333333336,4.0,1.0,0.25,178,61,4352.412499999999,0.2,0.75,0.0,0.0,0.0,0,0,0.0,0.0,0,0,0.0,1459.37,1,0,0.0,17409.649999999998,4,1,0.25,0
LGS2ORD0043272,C017188,2025-12-09 16:00:00,Female,37,Bronze,Web,Chiang Mai,708,CallCenter,COD,16,12,1,0,30-40,23.6,5.0,1.0,0.2,249,50,5646.986,0.23,0.8,0.4,0.0,0.0,0,0,0.0,0.0,0,0,0.0,2092.46,1,0,0.0,28234.93,5,1,0.2,0
LGS2ORD0043273,C013738,2025-12-09 16:00:00,Female,49,Silver,Lazada,Phuket,1638,TV_Show,PromptPay,16,12,1,0,40-50,54.6,6.0,2.0,0.3333333333333333,13,27,7624.971666666667,0.3,0.5,0.5,0.0,0.0,0,0,0.0,2071.78,1,1,1.0,9183.01,3,2,0.6666666666666666,45749.83,6,2,0.3333333333333333,1
LGS2ORD0043274,C011895,2025-12-09 17:00:00,Female,48,Bronze,Lazada,Remote_Area,1289,TV_Show,COD,17,12,1,0,40-50,42.96666666666667,3.0,2.0,0.6666666666666666,34,47,3318.17,0.28,0.3333333333333333,0.3333333333333333,0.0,0.0,0,0,0.0,0.0,0,0,0.0,1661.14,1,1,1.0,9954.51,3,2,0.6666666666666666,1
LGS2ORD0043275,C015077,2025-12-09 17:00:00,Male,60,Bronze,Shopee,Chonburi,1154,Shopee,COD,17,12,1,0,>50,38.46666666666667,6.0,0.0,0.0,-1,72,6233.153333333335,0.23,0.8333333333333334,0.3333333333333333,0.0,0.0,0,0,0.0,0.0,0,0,0.0,2748.05,1,0,0.0,37398.920000000006,6,0,0.0,0
LGS2ORD0043276,C015856,2025-12-09 17:00:00,Female,63,Bronze,Shopee,Bangkok,797,Web,PromptPay,17,12,1,0,>50,26.566666666666666,5.0,2.0,0.4,2,13,4403.104,0.23,0.8,0.2,0.0,0.0,0,0,0.0,7623.02,1,1,1.0,16851.08,3,2,0.6666666666666666,22015.52,5,2,0.4,0
LGS2ORD0043277,C016025,2025-12-09 17:00:00,Male,32,Bronze,TV,Chiang Mai,1273,Web,Credit_Card,17,12,1,0,30-40,42.43333333333333,5.0,1.0,0.2,27,38,7876.1500000000015,0.28,0.6,0.2,0.0,0.0,0,0,0.0,0.0,0,0,0.0,2191.54,1,1,1.0,39380.75000000001,5,1,0.2,0
LGS2ORD0043278,C013245,2025-12-09 17:00:00,Male,43,Bronze,TV,Songkhla,1486,TV_Show,COD,17,12,1,0,40-50,49.53333333333333,7.0,3.0,0.42857142857142855,132,14,4452.871428571429,0.23,0.8571428571428571,0.14285714285714285,0.0,0.0,0,0,0.0,4508.71,1,0,0.0,13380.029999999999,2,0,0.0,31170.1,7,3,0.42857142857142855,1
LGS2ORD0043279,C012965,2025-12-09 18:00:00,Male,61,Bronze,TV,Bangkok,1275,Lazada,COD,18,12,1,0,>50,42.5,12.0,1.0,0.08333333333333333,219,19,4693.756666666667,0.28,0.75,0.25,0.0,0.0,0,0,0.0,2060.18,1,0,0.0,14950.11,3,0,0.0,56325.08,12,1,0.08333333333333333,0
LGS2ORD0043280,C013994,2025-12-09 18:00:00,Male,43,Bronze,Web,Chonburi,850,Web,COD,18,12,1,0,40-50,28.333333333333332,4.0,1.0,0.25,137,84,5440.27,0.28,0.0,0.25,0.0,0.0,0,0,0.0,0.0,0,0,0.0,11047.54,1,0,0.0,21761.08,4,1,0.25,0
LGS2ORD0043281,C011202,2025-12-09 18:00:00,Other,58,Bronze,Web,Khon Kaen,1071,Web,COD,18,12,1,0,>50,35.7,9.0,2.0,0.2222222222222222,5,17,4591.531111111111,0.28,0.4444444444444444,0.3333333333333333,0.0,0.0,0,0,0.0,3729.06,1,1,1.0,4586.73,2,1,0.5,41323.78,9,2,0.2222222222222222,0
LGS2ORD0043282,C015677,2025-12-09 18:00:00,Male,24,Bronze,Lazada,Chonburi,558,CallCenter,Credit_Card,18,12,1,0,20-30,18.6,3.0,0.0,0.0,-1,51,10877.616666666667,0.18,0.3333333333333333,0.0,0.0,0.0,0,0,0.0,0.0,0,0,0.0,31963.329999999998,2,0,0.0,32632.85,3,0,0.0,0
LGS2ORD0043283,C015727,2025-12-09 18:00:00,Female,42,Silver,Shopee,Phuket,1369,Web,COD,18,12,1,0,40-50,45.63333333333333,4.0,2.0,0.5,70,86,5497.8975,0.25,0.5,0.25,0.0,0.0,0,0,0.0,0.0,0,0,0.0,7260.0,1,1,1.0,21991.59,4,2,0.5,0
LGS2ORD0043284,C016284,2025-12-09 19:00:00,Male,67,Bronze,CallCenter,Bangkok,1346,Lazada,COD,19,12,1,0,>50,44.86666666666667,5.0,2.0,0.4,5,19,8558.164,0.23,0.6,0.2,0.0,0.0,0,0,0.0,30379.88,1,1,1.0,30379.88,1,1,1.0,42790.82,5,2,0.4,0
LGS2ORD0043285,C016349,2025-12-09 19:00:00,Female,52,Gold,CallCenter,Remote_Area,1700,CallCenter,Credit_Card,19,12,1,0,>50,56.666666666666664,4.0,1.0,0.25,1,16,5044.754999999999,0.28,0.5,0.75,0.0,0.0,0,0,0.0,1549.21,1,1,1.0,17811.76,2,1,0.5,20179.019999999997,4,1,0.25,0
LGS2ORD0043286,C015140,2025-12-09 19:00:00,Female,62,Bronze,CallCenter,Songkhla,1741,Web,COD,19,12,1,0,>50,58.03333333333333,8.0,4.0,0.5,22,34,1624.41,0.28,0.875,0.375,0.0,0.0,0,0,0.0,0.0,0,0,0.0,2401.94,2,2,1.0,12995.28,8,4,0.5,0
LGS2ORD0043287,C017672,2025-12-09 19:00:00,Male,50,Silver,Shopee,Songkhla,796,TV_Show,Credit_Card,19,12,1,0,40-50,26.533333333333335,4.0,2.0,0.5,171,6,2086.505,0.3,0.5,0.5,0.0,1516.86,1,0,0.0,1516.86,1,0,0.0,1516.86,1,0,0.0,8346.02,4,2,0.5,0
LGS2ORD0043288,C014157,2025-12-09 19:00:00,Male,59,Gold,TV,Khon Kaen,1789,Web,Credit_Card,19,12,1,0,>50,59.63333333333333,5.0,0.0,0.0,-1,61,7424.023999999999,0.28,0.0,0.6,0.0,0.0,0,0,0.0,0.0,0,0,0.0,28021.65,2,0,0.0,37120.119999999995,5,0,0.0,0
LGS2ORD0043289,C014054,2025-12-09 19:00:00,Male,55,Bronze,TV,Phuket,853,TV_Show,COD,19,12,1,0,>50,28.433333333333334,2.0,0.0,0.0,-1,316,1436.3400000000001,0.28,0.0,0.5,0.0,0.0,0,0,0.0,0.0,0,0,0.0,0.0,0,0,0.0,2872.6800000000003,2,0,0.0,1
LGS2ORD0043290,C013090,2025-12-09 20:00:00,Female,32,Gold,Shopee,Chiang Mai,1280,Shopee,COD,20,12,1,0,30-40,42.666666666666664,1.0,0.0,0.0,-1,223,6962.26,0.13,0.0,0.0,0.0,0.0,0,0,0.0,0.0,0,0,0.0,0.0,0,0,0.0,6962.26,1,0,0.0,0
LGS2ORD0043291,C016444,2025-12-09 20:00:00,Female,21,Platinum,TV,Bangkok,521,Web,Bank_Transfer,20,12,1,0,20-30,17.366666666666667,5.0,0.0,0.0,-1,88,2946.548,0.3,0.8,0.2,0.0,0.0,0,0,0.0,0.0,0,0,0.0,809.7,1,0,0.0,14732.74,5,0,0.0,0
LGS2ORD0043292,C011429,2025-12-09 20:00:00,Male,30,Bronze,TV,Bangkok,670,Shopee,Bank_Transfer,20,12,1,0,20-30,22.333333333333332,6.0,0.0,0.0,-1,110,3893.7683333333334,0.28,0.6666666666666666,0.3333333333333333,0.0,0.0,0,0,0.0,0.0,0,0,0.0,0.0,0,0,0.0,23362.61,6,0,0.0,0
LGS2ORD0043293,C016306,2025-12-09 20:00:00,Male,28,Bronze,TV,Phuket,1167,Lazada,COD,20,12,1,0,20-30,38.9,5.0,1.0,0.2,107,41,4238.528,0.28,0.8,0.6,0.0,0.0,0,0,0.0,0.0,0,0,0.0,11452.34,2,0,0.0,21192.640000000003,5,1,0.2,0
LGS2ORD0043294,C011300,2025-12-09 20:00:00,Female,29,Bronze,TV,Nakhon Ratchasima,1175,TV_Show,COD,20,12,1,0,20-30,39.166666666666664,9.0,2.0,0.2222222222222222,2,15,4736.548888888889,0.28,0.4444444444444444,0.1111111111111111,0.0,0.0,0,0,0.0,5288.73,1,1,1.0,33659.31,4,2,0.5,42628.94,9,2,0.2222222222222222,1
LGS2ORD0043295,C014733,2025-12-09 21:00:00,Other,59,Bronze,CallCenter,Songkhla,432,Lazada,Credit_Card,21,12,1,0,>50,14.4,3.0,2.0,0.6666666666666666,31,40,6492.876666666667,0.23,0.3333333333333333,0.3333333333333333,0.0,0.0,0,0,0.0,0.0,0,0,0.0,1687.73,1,1,1.0,19478.63,3,2,0.6666666666666666,0
LGS2ORD0043296,C010914,2025-12-09 21:00:00,Female,36,Silver,Shopee,Khon Kaen,451,Lazada,COD,21,12,1,0,30-40,15.033333333333333,6.0,2.0,0.3333333333333333,151,42,5032.25,0.25,0.5,0.3333333333333333,0.16666666666666666,0.0,0,0,0.0,0.0,0,0,0.0,7193.78,1,0,0.0,30193.5,6,2,0.3333333333333333,0
LGS2ORD0043297,C014002,2025-12-09 21:00:00,Male,36,Bronze,TV,Bangkok,757,Web,COD,21,12,1,0,30-40,25.233333333333334,8.0,3.0,0.375,121,31,3914.65875,0.23,0.875,0.25,0.0,0.0,0,0,0.0,0.0,0,0,0.0,13511.79,2,0,0.0,31317.27,8,3,0.375,0
LGS2ORD0043298,C011366,2025-12-09 21:00:00,Female,63,Silver,CallCenter,Chonburi,1526,Shopee,Credit_Card,21,12,1,0,>50,50.86666666666667,6.0,2.0,0.3333333333333333,44,52,6532.036666666667,0.3,0.3333333333333333,0.6666666666666666,0.0,0.0,0,0,0.0,0.0,0,0,0.0,18338.920000000002,3,1,0.3333333333333333,39192.22,6,2,0.3333333333333333,0
LGS2ORD0043299,C010723,2025-12-09 21:00:00,Male,38,Gold,Shopee,Khon Kaen,704,Shopee,COD,21,12,1,0,30-40,23.466666666666665,3.0,0.0,0.0,-1,99,12829.083333333334,0.2299999999999999,0.3333333333333333,0.6666666666666666,0.0,0.0,0,0,0.0,0.0,0,0,0.0,0.0,0,0,0.0,38487.25,3,0,0.0,1
LGS2ORD0043300,C012662,2025-12-09 22:00:00,Female,31,Silver,CallCenter,Chonburi,514,TV_Show,Credit_Card,22,12,1,0,30-40,17.133333333333333,4.0,0.0,0.0,-1,89,2046.9425,0.25,0.5,0.5,0.0,0.0,0,0,0.0,0.0,0,0,0.0,5086.92,1,0,0.0,8187.77,4,0,0.0,0
LGS2ORD0043301,C017772,2025-12-09 22:00:00,Female,72,Gold,Shopee,Phuket,1513,Shopee,COD,22,12,1,0,>50,50.43333333333333,1.0,0.0,0.0,-1,31,4195.01,0.08,0.0,0.0,0.0,0.0,0,0,0.0,0.0,0,0,0.0,4195.01,1,0,0.0,4195.01,1,0,0.0,0
LGS2ORD0043302,C010266,2025-12-09 22:00:00,Male,64,Bronze,TV,Songkhla,714,Web,COD,22,12,1,0,>50,23.8,9.0,2.0,0.2222222222222222,125,45,5208.078888888889,0.28,0.3333333333333333,0.1111111111111111,0.0,0.0,0,0,0.0,0.0,0,0,0.0,16178.96,1,0,0.0,46872.71,9,2,0.2222222222222222,1
LGS2ORD0043303,C015878,2025-12-09 22:00:00,Female,30,Platinum,Shopee,Bangkok,1599,CallCenter,COD,22,12,1,0,20-30,53.3,5.0,2.0,0.4,50,57,5043.798000000001,0.35,0.0,0.4,0.0,0.0,0,0,0.0,0.0,0,0,0.0,4078.55,3,2,0.6666666666666666,25218.99,5,2,0.4,0
LGS2ORD0043304,C016966,2025-12-09 22:00:00,Male,49,Silver,CallCenter,Bangkok,693,TV_Show,PromptPay,22,12,1,0,40-50,23.1,3.0,1.0,0.3333333333333333,311,48,6070.696666666667,0.3,0.3333333333333333,0.6666666666666666,0.0,0.0,0,0,0.0,0.0,0,0,0.0,7174.24,1,0,0.0,18212.09,3,1,0.3333333333333333,0
LGS2ORD0043305,C016555,2025-12-09 23:00:00,Female,62,Silver,Web,Chiang Mai,1420,Web,COD,23,12,1,0,>50,47.333333333333336,8.0,0.0,0.0,-1,118,8217.880000000001,0.3,0.625,0.25,0.0,0.0,0,0,0.0,0.0,0,0,0.0,0.0,0,0,0.0,65743.04000000001,8,0,0.0,0
LGS2ORD0043306,C010374,2025-12-09 23:00:00,Female,40,Bronze,CallCenter,Bangkok,1272,Web,Credit_Card,23,12,1,0,30-40,42.4,3.0,0.0,0.0,-1,255,11810.216666666667,0.23,0.6666666666666666,0.3333333333333333,0.0,0.0,0,0,0.0,0.0,0,0,0.0,0.0,0,0,0.0,35430.65,3,0,0.0,0
LGS2ORD0043307,C015556,2025-12-09 23:00:00,Female,47,Silver,Lazada,Nakhon Ratchasima,1425,Shopee,COD,23,12,1,0,40-50,47.5,7.0,4.0,0.5714285714285714,13,21,2787.4457142857136,0.3,0.7142857142857143,0.2857142857142857,0.0,0.0,0,0,0.0,1424.26,1,1,1.0,3000.31,2,2,1.0,19512.119999999995,7,4,0.5714285714285714,0
LGS2ORD0043308,C017559,2025-12-09 23:00:00,Female,37,Gold,Web,Bangkok,424,Web,COD,23,12,1,0,30-40,14.133333333333333,5.0,2.0,0.4,77,92,10319.011999999999,0.2299999999999999,0.6,0.2,0.0,0.0,0,0,0.0,0.0,0,0,0.0,0.0,0,0,0.0,51595.06,5,2,0.4,1
LGS2ORD0043309,C013406,2025-12-09 23:00:00,Female,57,Bronze,Lazada,Chiang Mai,1252,CallCenter,Credit_Card,23,12,1,0,>50,41.733333333333334,5.0,1.0,0.2,126,77,5685.796,0.28,1.0,0.6,0.0,0.0,0,0,0.0,0.0,0,0,0.0,2346.08,1,0,0.0,28428.980000000003,5,1,0.2,0
LGS2ORD0043310,C017911,2025-12-09 23:00:00,Male,50,Bronze,Web,Chonburi,1546,Shopee,Credit_Card,23,12,1,0,40-50,51.53333333333333,9.0,2.0,0.2222222222222222,111,51,3583.201111111111,0.23,0.4444444444444444,0.5555555555555556,0.0,0.0,0,0,0.0,0.0,0,0,0.0,2326.12,1,0,0.0,32248.809999999998,9,2,0.2222222222222222,0
LGS2ORD0043311,C014696,2025-12-10 00:00:00,Female,44,Bronze,TV,Chiang Mai,1052,Web,COD,0,12,2,0,40-50,35.06666666666667,3.0,0.0,0.0,-1,119,12079.11,0.23,0.3333333333333333,0.3333333333333333,0.0,0.0,0,0,0.0,0.0,0,0,0.0,0.0,0,0,0.0,36237.33,3,0,0.0,1
LGS2ORD0043312,C013028,2025-12-10 00:00:00,Female,67,Silver,Lazada,Khon Kaen,445,Web,COD,0,12,2,0,>50,14.833333333333334,6.0,2.0,0.3333333333333333,162,132,5757.679999999999,0.3,0.5,0.3333333333333333,0.0,0.0,0,0,0.0,0.0,0,0,0.0,0.0,0,0,0.0,34546.079999999994,6,2,0.3333333333333333,0
LGS2ORD0043313,C013304,2025-12-10 00:00:00,Female,45,Bronze,Lazada,Chonburi,615,Shopee,COD,0,12,2,0,40-50,20.5,6.0,0.0,0.0,-1,36,4184.670000000001,0.23,0.5,0.16666666666666666,0.0,0.0,0,0,0.0,0.0,0,0,0.0,2398.55,2,0,0.0,25108.020000000004,6,0,0.0,0
LGS2ORD0043314,C017028,2025-12-10 00:00:00,Female,55,Bronze,TV,Khon Kaen,731,Web,Credit_Card,0,12,2,0,>50,24.366666666666667,8.0,0.0,0.0,-1,16,3295.7475000000004,0.28,0.25,0.375,0.0,0.0,0,0,0.0,1542.1,1,0,0.0,1542.1,1,0,0.0,26365.980000000003,8,0,0.0,0
LGS2ORD0043315,C011985,2025-12-10 00:00:00,Male,64,Silver,TV,Bangkok,1624,Lazada,PromptPay,0,12,2,0,>50,54.13333333333333,5.0,1.0,0.2,-10,0,5725.868,0.2,0.8,0.0,0.0,3843.46,1,1,1.0,3843.46,1,1,1.0,3843.46,1,1,1.0,28629.34,5,1,0.2,0
LGS2ORD0043316,C014916,2025-12-10 01:00:00,Male,40,Bronze,Web,Chiang Mai,1507,CallCenter,Credit_Card,1,12,2,0,30-40,50.233333333333334,5.0,1.0,0.2,81,86,2591.098,0.28,0.6,0.4,0.0,0.0,0,0,0.0,0.0,0,0,0.0,1698.01,1,0,0.0,12955.49,5,1,0.2,0
LGS2ORD0043317,C015407,2025-12-10 01:00:00,Female,56,Gold,Lazada,Songkhla,907,Shopee,Credit_Card,1,12,2,0,>50,30.233333333333334,8.0,3.0,0.375,104,38,3645.9175000000005,0.28,0.625,0.5,0.0,0.0,0,0,0.0,0.0,0,0,0.0,10010.75,1,0,0.0,29167.340000000004,8,3,0.375,0
LGS2ORD0043318,C013386,2025-12-10 01:00:00,Male,49,Gold,TV,Chiang Mai,623,Web,COD,1,12,2,0,40-50,20.766666666666666,8.0,0.0,0.0,-1,34,6056.6362500000005,0.33,0.375,0.375,0.0,0.0,0,0,0.0,0.0,0,0,0.0,6215.63,2,0,0.0,48453.090000000004,8,0,0.0,0
LGS2ORD0043319,C016007,2025-12-10 01:00:00,Female,43,Silver,TV,Phuket,1302,Lazada,COD,1,12,2,0,40-50,43.4,8.0,3.0,0.375,-4,6,7634.7025,0.25,0.375,0.125,0.0,2727.47,1,1,1.0,2727.47,1,1,1.0,2727.47,1,1,1.0,61077.62,8,3,0.375,0
LGS2ORD0043320,C016267,2025-12-10 01:00:00,Female,49,Silver,TV,Bangkok,1286,TV_Show,COD,1,12,2,0,40-50,42.86666666666667,4.0,0.0,0.0,-1,45,10256.2525,0.15,0.0,0.0,0.0,0.0,0,0,0.0,0.0,0,0,0.0,2125.4,1,0,0.0,41025.01,4,0,0.0,0
LGS2ORD0043321,C016852,2025-12-10 02:00:00,Male,19,Silver,TV,Nakhon Ratchasima,871,Lazada,PromptPay,2,12,2,0,<20,29.033333333333335,2.0,0.0,0.0,-1,213,10500.369999999999,0.2,0.0,0.0,0.0,0.0,0,0,0.0,0.0,0,0,0.0,0.0,0,0,0.0,21000.739999999998,2,0,0.0,0
LGS2ORD0043322,C014366,2025-12-10 02:00:00,Other,44,Gold,TV,Khon Kaen,1244,Web,COD,2,12,2,0,40-50,41.46666666666667,5.0,1.0,0.2,187,2,5357.312,0.28,0.6,1.0,0.0,604.73,1,0,0.0,604.73,1,0,0.0,604.73,1,0,0.0,26786.56,5,1,0.2,0
LGS2ORD0043323,C013196,2025-12-10 02:00:00,Female,32,Silver,Lazada,Songkhla,925,Shopee,COD,2,12,2,0,30-40,30.833333333333332,7.0,4.0,0.5714285714285714,62,55,3434.9542857142856,0.3,0.7142857142857143,0.42857142857142855,0.0,0.0,0,0,0.0,0.0,0,0,0.0,4295.97,2,1,0.5,24044.68,7,4,0.5714285714285714,1
LGS2ORD0043324,C014621,2025-12-10 02:00:00,Female,42,Silver,TV,Nakhon Ratchasima,1476,Lazada,COD,2,12,2,0,40-50,49.2,2.0,1.0,0.5,128,136,6367.004999999999,0.25,1.0,0.5,0.0,0.0,0,0,0.0,0.0,0,0,0.0,0.0,0,0,0.0,12734.009999999998,2,1,0.5,0
LGS2ORD0043325,C015684,2025-12-10 02:00:00,Female,45,Gold,Shopee,Chiang Mai,1092,Lazada,COD,2,12,2,0,40-50,36.4,4.0,1.0,0.25,190,22,2453.36,0.28,0.25,0.25,0.0,0.0,0,0,0.0,565.38,1,0,0.0,565.38,1,0,0.0,9813.44,4,1,0.25,0
LGS2ORD0043326,C010079,2025-12-10 03:00:00,Male,41,Bronze,Web,Khon Kaen,1311,Web,PromptPay,3,12,2,0,40-50,43.7,8.0,2.0,0.25,95,76,17033.49875,0.23,0.5,0.125,0.0,0.0,0,0,0.0,0.0,0,0,0.0,910.89,1,0,0.0,136267.99,8,2,0.25,0
LGS2ORD0043327,C010607,2025-12-10 03:00:00,Female,33,Gold,Lazada,Bangkok,1411,Shopee,COD,3,12,2,0,30-40,47.03333333333333,4.0,0.0,0.0,-1,143,3727.7400000000002,0.18,0.25,0.0,0.0,0.0,0,0,0.0,0.0,0,0,0.0,0.0,0,0,0.0,14910.960000000001,4,0,0.0,0
LGS2ORD0043328,C011269,2025-12-10 03:00:00,Male,45,Bronze,TV,Nakhon Ratchasima,727,Web,COD,3,12,2,0,40-50,24.233333333333334,8.0,2.0,0.25,0,17,8071.9525,0.28,0.375,0.375,0.0,0.0,0,0,0.0,6494.43,2,1,0.5,24418.36,3,1,0.3333333333333333,64575.62,8,2,0.25,0
LGS2ORD0043329,C015588,2025-12-10 03:00:00,Male,51,Bronze,TV,Songkhla,424,Shopee,Bank_Transfer,3,12,2,0,>50,14.133333333333333,9.0,2.0,0.2222222222222222,219,24,4309.958888888888,0.28,0.8888888888888888,0.3333333333333333,0.0,0.0,0,0,0.0,1735.46,1,0,0.0,6007.36,3,0,0.0,38789.63,9,2,0.2222222222222222,0
LGS2ORD0043330,C017443,2025-12-10 03:00:00,Male,33,Gold,Lazada,Bangkok,1180,Web,Credit_Card,3,12,2,0,30-40,39.333333333333336,2.0,0.0,0.0,-1,29,2365.265,0.33,0.0,1.0,0.0,0.0,0,0,0.0,432.11,1,0,0.0,4730.53,2,0,0.0,4730.53,2,0,0.0,0
LGS2ORD0043331,C015324,2025-12-10 03:00:00,Female,42,Gold,Web,Remote_Area,798,Shopee,Credit_Card,3,12,2,0,40-50,26.6,5.0,1.0,0.2,198,138,2425.63,0.33,0.2,0.4,0.0,0.0,0,0,0.0,0.0,0,0,0.0,0.0,0,0,0.0,12128.15,5,1,0.2,0
LGS2ORD0043332,C013985,2025-12-10 04:00:00,Female,36,Silver,TV,Chonburi,1416,CallCenter,COD,4,12,2,0,30-40,47.2,1.0,0.0,0.0,-1,211,1733.82,0.2,1.0,0.0,0.0,0.0,0,0,0.0,0.0,0,0,0.0,0.0,0,0,0.0,1733.82,1,0,0.0,0
LGS2ORD0043333,C010064,2025-12-10 04:00:00,Female,42,Platinum,Shopee,Bangkok,1437,TV_Show,COD,4,12,2,0,40-50,47.9,2.0,0.0,0.0,-1,178,4284.08,0.2,0.0,0.0,0.0,0.0,0,0,0.0,0.0,0,0,0.0,0.0,0,0,0.0,8568.16,2,0,0.0,0
LGS2ORD0043334,C014750,2025-12-10 04:00:00,Male,39,Bronze,Lazada,Bangkok,1667,TV_Show,COD,4,12,2,0,30-40,55.56666666666667,7.0,1.0,0.14285714285714285,225,49,2904.09,0.28,0.5714285714285714,0.2857142857142857,0.0,0.0,0,0,0.0,0.0,0,0,0.0,915.16,1,0,0.0,20328.63,7,1,0.14285714285714285,0
LGS2ORD0043335,C017387,2025-12-10 04:00:00,Male,54,Bronze,TV,Nakhon Ratchasima,891,CallCenter,Bank_Transfer,4,12,2,0,>50,29.7,4.0,0.0,0.0,-1,23,2595.0125000000003,0.28,0.5,0.5,0.0,0.0,0,0,0.0,7961.02,1,0,0.0,10380.050000000001,4,0,0.0,10380.050000000001,4,0,0.0,0
LGS2ORD0043336,C015021,2025-12-10 04:00:00,Female,58,Bronze,CallCenter,Chonburi,1377,CallCenter,COD,4,12,2,0,>50,45.9,6.0,2.0,0.3333333333333333,219,44,3917.183333333334,0.28,0.6666666666666666,0.3333333333333333,0.0,0.0,0,0,0.0,0.0,0,0,0.0,1585.2,1,0,0.0,23503.100000000002,6,2,0.3333333333333333,1
LGS2ORD0043337,C011472,2025-12-10 05:00:00,Male,22,Bronze,Lazada,Chonburi,473,TV_Show,Credit_Card,5,12,2,0,20-30,15.766666666666667,7.0,1.0,0.14285714285714285,106,57,5715.5542857142855,0.23,0.42857142857142855,0.14285714285714285,0.0,0.0,0,0,0.0,0.0,0,0,0.0,8087.78,2,0,0.0,40008.88,7,1,0.14285714285714285,1
LGS2ORD0043338,C017681,2025-12-10 05:00:00,Female,41,Silver,Shopee,Phuket,1558,Lazada,COD,5,12,2,0,40-50,51.93333333333333,7.0,3.0,0.42857142857142855,40,52,5936.744285714287,0.3,0.2857142857142857,0.42857142857142855,0.0,0.0,0,0,0.0,0.0,0,0,0.0,23684.27,3,2,0.6666666666666666,41557.21000000001,7,3,0.42857142857142855,1
LGS2ORD0043339,C017283,2025-12-10 05:00:00,Male,23,Bronze,TV,Remote_Area,1276,TV_Show,COD,5,12,2,0,20-30,42.53333333333333,5.0,1.0,0.2,37,23,3872.3200000000006,0.08,0.6,0.0,0.0,0.0,0,0,0.0,2739.29,1,0,0.0,10697.380000000001,2,1,0.5,19361.600000000002,5,1,0.2,1
LGS2ORD0043340,C011476,2025-12-10 05:00:00,Female,39,Gold,Shopee,Khon Kaen,463,CallCenter,Bank_Transfer,5,12,2,0,30-40,15.433333333333334,1.0,1.0,1.0,262,274,1834.41,0.08,1.0,0.0,0.0,0.0,0,0,0.0,0.0,0,0,0.0,0.0,0,0,0.0,1834.41,1,1,1.0,0
LGS2ORD0043341,C014074,2025-12-10 05:00:00,Male,37,Gold,CallCenter,Bangkok,363,Web,COD,5,12,2,0,30-40,12.1,6.0,2.0,0.3333333333333333,16,21,7120.6016666666665,0.33,0.8333333333333334,0.5,0.0,0.0,0,0,0.0,3511.61,1,1,1.0,7205.870000000001,2,1,0.5,42723.61,6,2,0.3333333333333333,1
LGS2ORD0043342,C017785,2025-12-10 06:00:00,Female,58,Silver,Lazada,Khon Kaen,1150,Lazada,COD,6,12,2,0,>50,38.333333333333336,5.0,0.0,0.0,-1,78,10255.586,0.25,0.8,0.2,0.0,0.0,0,0,0.0,0.0,0,0,0.0,346.22,1,0,0.0,51277.93,5,0,0.0,0
LGS2ORD0043343,C011739,2025-12-10 06:00:00,Male,18,Bronze,Web,Bangkok,1485,Web,COD,6,12,2,0,<20,49.5,3.0,0.0,0.0,-1,54,2429.33,0.18,0.6666666666666666,0.0,0.0,0.0,0,0,0.0,0.0,0,0,0.0,4324.19,1,0,0.0,7287.99,3,0,0.0,1
LGS2ORD0043344,C011843,2025-12-10 06:00:00,Female,34,Silver,Shopee,Chiang Mai,766,TV_Show,Bank_Transfer,6,12,2,0,30-40,25.533333333333335,5.0,2.0,0.4,160,40,4011.964,0.25,0.4,0.2,0.0,0.0,0,0,0.0,0.0,0,0,0.0,9525.98,1,0,0.0,20059.82,5,2,0.4,1
LGS2ORD0043345,C014452,2025-12-10 06:00:00,Male,43,Bronze,Web,Nakhon Ratchasima,1075,CallCenter,COD,6,12,2,0,40-50,35.833333333333336,4.0,1.0,0.25,255,55,4469.799999999999,0.28,0.25,0.25,0.0,0.0,0,0,0.0,0.0,0,0,0.0,12727.01,2,0,0.0,17879.199999999997,4,1,0.25,1
LGS2ORD0043346,C013628,2025-12-10 06:00:00,Female,66,Bronze,Shopee,Chonburi,1289,TV_Show,COD,6,12,2,0,>50,42.96666666666667,0.0,0.0,0.0,-1,-1,0.0,0.0,0.0,0.0,0.0,0.0,0,0,0.0,0.0,0,0,0.0,0.0,0,0,0.0,0.0,0,0,0.0,0
LGS2ORD0043347,C013008,2025-12-10 07:00:00,Female,70,Bronze,TV,Songkhla,1610,CallCenter,PromptPay,7,12,2,0,>50,53.666666666666664,3.0,1.0,0.3333333333333333,65,77,9839.776666666667,0.23,0.6666666666666666,0.3333333333333333,0.0,0.0,0,0,0.0,0.0,0,0,0.0,2969.67,1,1,1.0,29519.33,3,1,0.3333333333333333,0
LGS2ORD0043348,C011590,2025-12-10 07:00:00,Male,70,Silver,CallCenter,Phuket,817,TV_Show,COD,7,12,2,0,>50,27.233333333333334,9.0,2.0,0.2222222222222222,107,24,4969.4222222222215,0.25,0.8888888888888888,0.2222222222222222,0.0,0.0,0,0,0.0,9690.3,2,0,0.0,17507.56,4,0,0.0,44724.799999999996,9,2,0.2222222222222222,0
LGS2ORD0043349,C013246,2025-12-10 07:00:00,Male,31,Bronze,TV,Phuket,1254,Web,COD,7,12,2,0,30-40,41.8,5.0,3.0,0.6,70,53,2789.6639999999998,0.28,0.8,0.2,0.0,0.0,0,0,0.0,0.0,0,0,0.0,4287.54,2,1,0.5,13948.319999999998,5,3,0.6,0
LGS2ORD0043350,C017749,2025-12-10 07:00:00,Male,40,Gold,Web,Khon Kaen,1643,TV_Show,Credit_Card,7,12,2,0,30-40,54.766666666666666,5.0,0.0,0.0,-1,146,5792.424,0.28,0.2,0.6,0.0,0.0,0,0,0.0,0.0,0,0,0.0,0.0,0,0,0.0,28962.12,5,0,0.0,0
LGS2ORD0043351,C015550,2025-12-10 07:00:00,Female,35,Bronze,Shopee,Chiang Mai,1000,Web,COD,7,12,2,0,30-40,33.333333333333336,12.0,1.0,0.08333333333333333,253,12,5896.808333333334,0.28,0.25,0.3333333333333333,0.0,0.0,0,0,0.0,3737.33,1,0,0.0,6432.82,2,0,0.0,70761.70000000001,12,1,0.08333333333333333,1
LGS2ORD0043352,C017028,2025-12-10 07:00:00,Female,55,Bronze,TV,Khon Kaen,731,Shopee,COD,7,12,2,0,>50,24.366666666666667,9.0,0.0,0.0,-1,0,3555.333333333334,0.28,0.2222222222222222,0.4444444444444444,0.0,5632.02,1,0,0.0,7174.120000000001,2,0,0.0,7174.120000000001,2,0,0.0,31998.000000000004,9,0,0.0,0
LGS2ORD0043353,C010667,2025-12-10 08:00:00,Other,72,Bronze,Shopee,Remote_Area,994,Web,Bank_Transfer,8,12,2,0,>50,33.13333333333333,7.0,3.0,0.42857142857142855,143,105,8157.101428571428,0.23,0.42857142857142855,0.2857142857142857,0.14285714285714285,0.0,0,0,0.0,0.0,0,0,0.0,0.0,0,0,0.0,57099.71,7,3,0.42857142857142855,0
LGS2ORD0043354,C016285,2025-12-10 08:00:00,Male,71,Bronze,Shopee,Bangkok,1695,Web,COD,8,12,2,0,>50,56.5,10.0,4.0,0.4,94,106,6438.946,0.28,0.6,0.4,0.0,0.0,0,0,0.0,0.0,0,0,0.0,0.0,0,0,0.0,64389.46,10,4,0.4,0
LGS2ORD0043355,C017619,2025-12-10 08:00:00,Female,32,Bronze,CallCenter,Chonburi,1581,Lazada,Bank_Transfer,8,12,2,0,30-40,52.7,5.0,1.0,0.2,87,82,8164.293999999999,0.18,1.0,0.0,0.0,0.0,0,0,0.0,0.0,0,0,0.0,1898.31,1,0,0.0,40821.469999999994,5,1,0.2,0
LGS2ORD0043356,C012833,2025-12-10 08:00:00,Female,54,Bronze,Web,Nakhon Ratchasima,1015,Lazada,COD,8,12,2,0,>50,33.833333333333336,8.0,0.0,0.0,-1,1,5070.12,0.28,0.5,0.375,0.0,3776.19,1,0,0.0,19627.6,2,0,0.0,23017.199999999997,4,0,0.0,40560.96,8,0,0.0,0
LGS2ORD0043357,C015890,2025-12-10 08:00:00,Male,43,Bronze,Shopee,Phuket,925,Web,COD,8,12,2,0,40-50,30.833333333333332,5.0,0.0,0.0,-1,42,8716.578,0.28,0.6,0.4,0.0,0.0,0,0,0.0,0.0,0,0,0.0,3747.56,1,0,0.0,43582.89,5,0,0.0,0
LGS2ORD0043358,C011482,2025-12-10 09:00:00,Male,54,Silver,Web,Nakhon Ratchasima,531,Lazada,PromptPay,9,12,2,0,>50,17.7,5.0,0.0,0.0,-1,1,6970.754000000001,0.2,0.8,0.0,0.0,5092.57,1,0,0.0,8733.789999999999,2,0,0.0,8733.789999999999,2,0,0.0,34853.770000000004,5,0,0.0,1
LGS2ORD0043359,C017246,2025-12-10 09:00:00,Female,29,Bronze,TV,Bangkok,721,Lazada,COD,9,12,2,0,20-30,24.033333333333335,9.0,3.0,0.3333333333333333,99,3,2797.1744444444444,0.28,0.8888888888888888,0.5555555555555556,0.0,1636.39,1,0,0.0,5632.2300000000005,2,0,0.0,10566.779999999999,4,0,0.0,25174.57,9,3,0.3333333333333333,1
LGS2ORD0043360,C012108,2025-12-10 09:00:00,Female,61,Gold,TV,Khon Kaen,910,CallCenter,COD,9,12,2,0,>50,30.333333333333332,5.0,1.0,0.2,82,30,5891.098,0.28,0.6,0.6,0.0,0.0,0,0,0.0,0.0,0,0,0.0,10089.23,1,0,0.0,29455.49,5,1,0.2,0
LGS2ORD0043361,C013888,2025-12-10 09:00:00,Male,57,Silver,TV,Khon Kaen,936,Lazada,COD,9,12,2,0,>50,31.2,8.0,0.0,0.0,-1,34,4711.28875,0.3,0.25,0.5,0.0,0.0,0,0,0.0,0.0,0,0,0.0,12076.95,3,0,0.0,37690.31,8,0,0.0,0
LGS2ORD0043362,C017811,2025-12-10 09:00:00,Female,26,Silver,Shopee,Songkhla,812,Web,COD,9,12,2,0,20-30,27.066666666666666,10.0,3.0,0.3,68,1,8487.027,0.3,0.8,0.4,0.0,6037.39,2,0,0.0,6037.39,2,0,0.0,20812.93,5,1,0.2,84870.27,10,3,0.3,1
LGS2ORD0043363,C016009,2025-12-10 10:00:00,Male,45,Bronze,TV,Chiang Mai,1738,TV_Show,COD,10,12,2,0,40-50,57.93333333333333,5.0,0.0,0.0,-1,89,3522.458,0.08,0.6,0.0,0.0,0.0,0,0,0.0,0.0,0,0,0.0,11409.03,1,0,0.0,17612.29,5,0,0.0,0
LGS2ORD0043364,C016777,2025-12-10 10:00:00,Male,20,Bronze,CallCenter,Bangkok,1802,Shopee,COD,10,12,2,0,<20,60.06666666666667,1.0,0.0,0.0,-1,240,15479.74,0.03,1.0,0.0,0.0,0.0,0,0,0.0,0.0,0,0,0.0,0.0,0,0,0.0,15479.74,1,0,0.0,0
LGS2ORD0043365,C014521,2025-12-10 10:00:00,Female,61,Bronze,Lazada,Bangkok,894,TV_Show,COD,10,12,2,0,>50,29.8,11.0,4.0,0.36363636363636365,42,49,6930.300909090909,0.23,0.6363636363636364,0.09090909090909091,0.0,0.0,0,0,0.0,0.0,0,0,0.0,15466.71,2,1,0.5,76233.31,11,4,0.36363636363636365,0
LGS2ORD0043366,C016326,2025-12-10 10:00:00,Female,44,Silver,Shopee,Phuket,1606,CallCenter,COD,10,12,2,0,40-50,53.53333333333333,5.0,1.0,0.2,41,53,7636.101999999999,0.25,0.8,0.4,0.0,0.0,0,0,0.0,0.0,0,0,0.0,960.27,1,1,1.0,38180.509999999995,5,1,0.2,0
LGS2ORD0043367,C011090,2025-12-10 10:00:00,Female,33,Gold,Shopee,Phuket,476,Web,Bank_Transfer,10,12,2,0,30-40,15.866666666666667,6.0,1.0,0.16666666666666666,5,16,2988.7466666666664,0.28,0.6666666666666666,0.5,0.0,0.0,0,0,0.0,2950.92,2,1,0.5,11877.77,4,1,0.25,17932.48,6,1,0.16666666666666666,1
LGS2ORD0043368,C015978,2025-12-10 10:00:00,Female,40,Bronze,Web,Bangkok,1182,Lazada,Credit_Card,10,12,2,0,30-40,39.4,5.0,0.0,0.0,-1,115,2552.3,0.18,0.4,0.0,0.0,0.0,0,0,0.0,0.0,0,0,0.0,0.0,0,0,0.0,12761.5,5,0,0.0,1
LGS2ORD0043369,C017081,2025-12-10 11:00:00,Female,18,Silver,Lazada,Bangkok,1622,Web,COD,11,12,2,0,<20,54.06666666666667,6.0,1.0,0.16666666666666666,52,63,7796.825,0.15,0.16666666666666666,0.0,0.0,0.0,0,0,0.0,0.0,0,0,0.0,3567.21,1,1,1.0,46780.95,6,1,0.16666666666666666,1
LGS2ORD0043370,C010347,2025-12-10 11:00:00,Female,31,Gold,Shopee,Bangkok,1768,Web,PromptPay,11,12,2,0,30-40,58.93333333333333,8.0,1.0,0.125,42,15,4277.68125,0.33,0.25,0.5,0.125,0.0,0,0,0.0,2740.45,1,0,0.0,11012.650000000001,2,1,0.5,34221.45,8,1,0.125,0
LGS2ORD0043371,C013808,2025-12-10 11:00:00,Female,34,Bronze,Shopee,Bangkok,1197,TV_Show,COD,11,12,2,0,30-40,39.9,10.0,1.0,0.1,83,11,4113.452,0.28,0.5,0.3,0.0,0.0,0,0,0.0,1733.81,1,0,0.0,8152.15,2,1,0.5,41134.520000000004,10,1,0.1,0
LGS2ORD0043372,C015641,2025-12-10 11:00:00,Female,52,Gold,TV,Nakhon Ratchasima,364,TV_Show,Credit_Card,11,12,2,0,>50,12.133333333333333,6.0,0.0,0.0,-1,42,4983.873333333334,0.33,0.5,0.5,0.0,0.0,0,0,0.0,0.0,0,0,0.0,10412.89,2,0,0.0,29903.24,6,0,0.0,0
LGS2ORD0043373,C015502,2025-12-10 11:00:00,Male,31,Platinum,Shopee,Phuket,580,Web,Credit_Card,11,12,2,0,30-40,19.333333333333332,4.0,1.0,0.25,185,166,6470.555,0.3,0.75,0.25,0.0,0.0,0,0,0.0,0.0,0,0,0.0,0.0,0,0,0.0,25882.22,4,1,0.25,0
LGS2ORD0043374,C014813,2025-12-10 12:00:00,Male,51,Silver,Shopee,Khon Kaen,1667,CallCenter,COD,12,12,2,0,>50,55.56666666666667,7.0,3.0,0.42857142857142855,54,20,6969.712857142857,0.3,1.0,0.7142857142857143,0.0,0.0,0,0,0.0,1165.13,1,0,0.0,20419.54,2,1,0.5,48787.99,7,3,0.42857142857142855,0
LGS2ORD0043375,C013208,2025-12-10 12:00:00,Male,40,Silver,TV,Chiang Mai,934,Shopee,COD,12,12,2,0,30-40,31.133333333333333,7.0,3.0,0.42857142857142855,285,8,4454.284285714285,0.25,0.7142857142857143,0.14285714285714285,0.0,0.0,0,0,0.0,15776.05,2,0,0.0,15776.05,2,0,0.0,31179.989999999998,7,3,0.42857142857142855,0
LGS2ORD0043376,C010176,2025-12-10 12:00:00,Female,50,Gold,Web,Chiang Mai,413,Lazada,Credit_Card,12,12,2,0,40-50,13.766666666666667,3.0,0.0,0.0,-1,64,4626.393333333333,0.2299999999999999,0.0,0.6666666666666666,0.0,0.0,0,0,0.0,0.0,0,0,0.0,257.77,1,0,0.0,13879.18,3,0,0.0,0
LGS2ORD0043377,C012310,2025-12-10 12:00:00,Male,31,Bronze,Lazada,Nakhon Ratchasima,1333,Lazada,Credit_Card,12,12,2,0,30-40,44.43333333333333,9.0,2.0,0.2222222222222222,62,11,7930.724444444445,0.28,0.4444444444444444,0.2222222222222222,0.0,0.0,0,0,0.0,50561.380000000005,2,0,0.0,60343.48,4,1,0.25,71376.52,9,2,0.2222222222222222,0
LGS2ORD0043378,C012602,2025-12-10 12:00:00,Female,49,Bronze,CallCenter,Bangkok,592,Lazada,COD,12,12,2,0,40-50,19.733333333333334,3.0,2.0,0.6666666666666666,31,40,2382.57,0.28,0.3333333333333333,0.3333333333333333,0.0,0.0,0,0,0.0,0.0,0,0,0.0,2704.3500000000004,2,1,0.5,7147.71,3,2,0.6666666666666666,0
LGS2ORD0043379,C012331,2025-12-10 13:00:00,Female,55,Bronze,TV,Remote_Area,465,Lazada,Bank_Transfer,13,12,2,0,>50,15.5,5.0,1.0,0.2,294,35,1016.9440000000001,0.28,0.4,0.2,0.0,0.0,0,0,0.0,0.0,0,0,0.0,443.64,1,0,0.0,5084.72,5,1,0.2,0
LGS2ORD0043380,C014319,2025-12-10 13:00:00,Female,43,Bronze,Shopee,Bangkok,1451,TV_Show,Credit_Card,13,12,2,0,40-50,48.36666666666667,8.0,2.0,0.25,258,6,6146.6537499999995,0.23,0.625,0.25,0.0,3069.04,1,0,0.0,13339.64,2,0,0.0,22967.730000000003,3,0,0.0,49173.229999999996,8,2,0.25,0
LGS2ORD0043381,C012970,2025-12-10 13:00:00,Female,31,Platinum,Shopee,Chiang Mai,1105,CallCenter,COD,13,12,2,0,30-40,36.833333333333336,3.0,2.0,0.6666666666666666,145,158,12361.603333333334,0.3,0.6666666666666666,0.3333333333333333,0.0,0.0,0,0,0.0,0.0,0,0,0.0,0.0,0,0,0.0,37084.810000000005,3,2,0.6666666666666666,0
LGS2ORD0043382,C011213,2025-12-10 13:00:00,Female,43,Platinum,TV,Bangkok,1792,Lazada,COD,13,12,2,0,40-50,59.733333333333334,5.0,0.0,0.0,-1,29,3567.3360000000002,0.2,0.6,0.0,0.0,0.0,0,0,0.0,4413.0,1,0,0.0,5646.22,2,0,0.0,17836.68,5,0,0.0,0
LGS2ORD0043383,C013577,2025-12-10 13:00:00,Male,51,Bronze,TV,Chiang Mai,907,TV_Show,Bank_Transfer,13,12,2,0,>50,30.233333333333334,8.0,4.0,0.5,20,5,6599.3,0.28,0.625,0.125,0.0,5324.35,1,0,0.0,5324.35,1,0,0.0,14462.500000000002,4,1,0.25,52794.4,8,4,0.5,0
LGS2ORD0043384,C016867,2025-12-10 14:00:00,Female,50,Silver,TV,Bangkok,1708,CallCenter,PromptPay,14,12,2,0,40-50,56.93333333333333,8.0,3.0,0.375,26,35,5979.7575,0.25,0.75,0.25,0.0,0.0,0,0,0.0,0.0,0,0,0.0,16040.960000000001,2,1,0.5,47838.06,8,3,0.375,0
LGS2ORD0043385,C013349,2025-12-10 14:00:00,Female,37,Bronze,TV,Khon Kaen,688,Web,COD,14,12,2,0,30-40,22.933333333333334,6.0,0.0,0.0,-1,6,1463.6216666666667,0.28,0.6666666666666666,0.16666666666666666,0.0,1634.89,1,0,0.0,1634.89,1,0,0.0,3377.2700000000004,2,0,0.0,8781.73,6,0,0.0,0
LGS2ORD0043386,C014889,2025-12-10 14:00:00,Female,48,Silver,Web,Chiang Mai,1396,CallCenter,Credit_Card,14,12,2,0,40-50,46.53333333333333,5.0,2.0,0.4,15,21,3640.718,0.3,0.4,0.4,0.0,0.0,0,0,0.0,3603.06,1,1,1.0,3603.06,1,1,1.0,18203.59,5,2,0.4,0
LGS2ORD0043387,C015846,2025-12-10 14:00:00,Male,42,Bronze,TV,Songkhla,1770,TV_Show,PromptPay,14,12,2,0,40-50,59.0,10.0,3.0,0.3,58,26,3992.5210000000006,0.28,0.2,0.4,0.0,0.0,0,0,0.0,9847.52,1,0,0.0,21938.010000000002,6,1,0.16666666666666666,39925.21000000001,10,3,0.3,1
LGS2ORD0043388,C013155,2025-12-10 14:00:00,Female,72,Silver,Lazada,Khon Kaen,536,CallCenter,COD,14,12,2,0,>50,17.866666666666667,10.0,3.0,0.3,159,21,3556.386,0.3,0.2,0.4,0.0,0.0,0,0,0.0,2571.54,1,0,0.0,10542.920000000002,4,0,0.0,35563.86,10,3,0.3,0
LGS2ORD0043389,C016914,2025-12-10 14:00:00,Female,39,Bronze,Shopee,Phuket,1656,TV_Show,Credit_Card,14,12,2,0,30-40,55.2,15.0,8.0,0.5333333333333333,16,31,6198.488666666667,0.28,0.6666666666666666,0.13333333333333333,0.0,0.0,0,0,0.0,0.0,0,0,0.0,11109.36,4,4,1.0,92977.33,15,8,0.5333333333333333,0
LGS2ORD0043390,C011220,2025-12-10 15:00:00,Male,71,Bronze,CallCenter,Bangkok,964,CallCenter,Credit_Card,15,12,2,0,>50,32.13333333333333,12.0,2.0,0.16666666666666666,79,6,3783.327500000001,0.28,0.5833333333333334,0.25,0.08333333333333333,8155.43,1,0,0.0,8155.43,1,0,0.0,30957.59,7,1,0.14285714285714285,45399.93000000001,12,2,0.16666666666666666,0
LGS2ORD0043391,C012914,2025-12-10 15:00:00,Female,34,Bronze,Web,Bangkok,789,Lazada,COD,15,12,2,0,30-40,26.3,6.0,2.0,0.3333333333333333,25,37,6246.456666666666,0.23,0.3333333333333333,0.16666666666666666,0.0,0.0,0,0,0.0,0.0,0,0,0.0,6075.05,2,2,1.0,37478.74,6,2,0.3333333333333333,0
LGS2ORD0043392,C016797,2025-12-10 15:00:00,Male,59,Silver,TV,Bangkok,378,CallCenter,Bank_Transfer,15,12,2,0,>50,12.6,2.0,1.0,0.5,288,60,5412.675,0.2,1.0,0.0,0.0,0.0,0,0,0.0,0.0,0,0,0.0,3132.96,1,0,0.0,10825.35,2,1,0.5,0
LGS2ORD0043393,C014536,2025-12-10 15:00:00,Male,19,Bronze,Lazada,Chiang Mai,1222,Shopee,COD,15,12,2,0,<20,40.733333333333334,6.0,0.0,0.0,-1,210,5512.963333333333,0.23,0.0,0.3333333333333333,0.0,0.0,0,0,0.0,0.0,0,0,0.0,0.0,0,0,0.0,33077.78,6,0,0.0,1
LGS2ORD0043394,C016554,2025-12-10 15:00:00,Female,39,Bronze,TV,Chiang Mai,1099,Web,COD,15,12,2,0,30-40,36.63333333333333,12.0,4.0,0.3333333333333333,0,11,8974.366666666667,0.28,0.75,0.25,0.0,0.0,0,0,0.0,8064.95,2,1,0.5,24023.429999999997,5,3,0.6,107692.4,12,4,0.3333333333333333,0
LGS2ORD0043395,C015954,2025-12-10 16:00:00,Female,58,Bronze,TV,Remote_Area,999,Lazada,COD,16,12,2,0,>50,33.3,7.0,2.0,0.2857142857142857,57,21,5386.938571428572,0.23,0.7142857142857143,0.5714285714285714,0.0,0.0,0,0,0.0,1538.99,1,0,0.0,6395.1,3,1,0.3333333333333333,37708.57,7,2,0.2857142857142857,1
LGS2ORD0043396,C014748,2025-12-10 16:00:00,Female,44,Silver,TV,Bangkok,1215,CallCenter,COD,16,12,2,0,40-50,40.5,6.0,3.0,0.5,36,33,3328.381666666666,0.3,0.6666666666666666,0.5,0.0,0.0,0,0,0.0,0.0,0,0,0.0,5946.969999999999,2,1,0.5,19970.289999999997,6,3,0.5,1
LGS2ORD0043397,C016325,2025-12-10 16:00:00,Female,52,Bronze,TV,Remote_Area,1446,CallCenter,PromptPay,16,12,2,0,>50,48.2,10.0,3.0,0.3,66,36,3398.011,0.28,0.5,0.4,0.0,0.0,0,0,0.0,0.0,0,0,0.0,5819.33,3,1,0.3333333333333333,33980.11,10,3,0.3,0
LGS2ORD0043398,C012233,2025-12-10 16:00:00,Male,39,Gold,Lazada,Bangkok,983,Web,COD,16,12,2,0,30-40,32.766666666666666,1.0,1.0,1.0,150,164,1055.63,0.2299999999999999,1.0,1.0,0.0,0.0,0,0,0.0,0.0,0,0,0.0,0.0,0,0,0.0,1055.63,1,1,1.0,0
LGS2ORD0043399,C014123,2025-12-10 16:00:00,Female,53,Gold,Shopee,Bangkok,691,CallCenter,PromptPay,16,12,2,0,>50,23.033333333333335,3.0,1.0,0.3333333333333333,192,14,5858.873333333334,0.2299999999999999,0.6666666666666666,0.6666666666666666,0.0,0.0,0,0,0.0,9253.51,1,0,0.0,9253.51,1,0,0.0,17576.620000000003,3,1,0.3333333333333333,0
LGS2ORD0043400,C010187,2025-12-10 17:00:00,Female,48,Silver,TV,Phuket,773,Web,COD,17,12,2,0,40-50,25.766666666666666,2.0,1.0,0.5,149,22,867.275,0.3,0.0,0.5,0.0,0.0,0,0,0.0,117.59,1,0,0.0,117.59,1,0,0.0,1734.55,2,1,0.5,0
LGS2ORD0043401,C015394,2025-12-10 17:00:00,Male,72,Bronze,Shopee,Remote_Area,409,TV_Show,COD,17,12,2,0,>50,13.633333333333333,10.0,1.0,0.1,71,2,4209.949,0.23,0.5,0.2,0.0,3996.32,1,0,0.0,3996.32,1,0,0.0,15551.310000000001,4,1,0.25,42099.49,10,1,0.1,0
LGS2ORD0043402,C010247,2025-12-10 17:00:00,Male,67,Bronze,TV,Remote_Area,1376,Lazada,Bank_Transfer,17,12,2,0,>50,45.86666666666667,6.0,2.0,0.3333333333333333,87,99,1546.7766666666666,0.23,0.5,0.3333333333333333,0.0,0.0,0,0,0.0,0.0,0,0,0.0,0.0,0,0,0.0,9280.66,6,2,0.3333333333333333,1
LGS2ORD0043403,C015706,2025-12-10 17:00:00,Male,32,Silver,Web,Chonburi,627,Web,Credit_Card,17,12,2,0,30-40,20.9,7.0,1.0,0.14285714285714285,165,47,8340.115714285716,0.25,0.2857142857142857,0.14285714285714285,0.0,0.0,0,0,0.0,0.0,0,0,0.0,12804.869999999999,2,0,0.0,58380.810000000005,7,1,0.14285714285714285,0
LGS2ORD0043404,C016561,2025-12-10 17:00:00,Female,48,Bronze,Lazada,Remote_Area,942,Shopee,COD,17,12,2,0,40-50,31.4,6.0,2.0,0.3333333333333333,25,20,7508.2266666666665,0.28,0.3333333333333333,0.3333333333333333,0.0,0.0,0,0,0.0,834.74,1,0,0.0,8193.93,2,1,0.5,45049.36,6,2,0.3333333333333333,0
LGS2ORD0043405,C014343,2025-12-10 18:00:00,Female,50,Silver,CallCenter,Remote_Area,1355,Web,Credit_Card,18,12,2,0,40-50,45.166666666666664,5.0,1.0,0.2,205,78,3048.484,0.25,0.4,0.4,0.0,0.0,0,0,0.0,0.0,0,0,0.0,7956.75,1,0,0.0,15242.42,5,1,0.2,0
LGS2ORD0043406,C014266,2025-12-10 18:00:00,Male,34,Silver,CallCenter,Bangkok,394,Shopee,COD,18,12,2,0,30-40,13.133333333333333,7.0,4.0,0.5714285714285714,-5,4,4046.6685714285713,0.25,0.2857142857142857,0.2857142857142857,0.0,1277.28,1,1,1.0,1277.28,1,1,1.0,7179.179999999999,3,3,1.0,28326.68,7,4,0.5714285714285714,1
LGS2ORD0043407,C017039,2025-12-10 18:00:00,Female,25,Bronze,TV,Songkhla,1281,TV_Show,COD,18,12,2,0,20-30,42.7,6.0,1.0,0.16666666666666666,166,41,6893.258333333332,0.23,0.3333333333333333,0.16666666666666666,0.0,0.0,0,0,0.0,0.0,0,0,0.0,12352.38,1,0,0.0,41359.549999999996,6,1,0.16666666666666666,1
LGS2ORD0043408,C016244,2025-12-10 18:00:00,Female,72,Gold,Shopee,Bangkok,450,Shopee,COD,18,12,2,0,>50,15.0,7.0,1.0,0.14285714285714285,119,10,6119.357142857142,0.18,0.2857142857142857,0.0,0.0,0.0,0,0,0.0,1405.34,1,0,0.0,1405.34,1,0,0.0,42835.49999999999,7,1,0.14285714285714285,0
LGS2ORD0043409,C014988,2025-12-10 18:00:00,Male,35,Bronze,TV,Nakhon Ratchasima,1017,Shopee,COD,18,12,2,0,30-40,33.9,2.0,0.0,0.0,-1,14,5511.799999999999,0.28,0.5,0.5,0.0,0.0,0,0,0.0,2494.88,1,0,0.0,2494.88,1,0,0.0,11023.599999999999,2,0,0.0,1
LGS2ORD0043410,C010033,2025-12-10 18:00:00,Female,50,Silver,Shopee,Khon Kaen,1544,Lazada,Credit_Card,18,12,2,0,40-50,51.46666666666667,8.0,2.0,0.25,5,20,4815.5525,0.2,0.5,0.0,0.0,0.0,0,0,0.0,12408.92,1,1,1.0,17135.36,3,1,0.3333333333333333,38524.42,8,2,0.25,0
LGS2ORD0043411,C011557,2025-12-10 19:00:00,Male,33,Bronze,CallCenter,Remote_Area,1169,Lazada,COD,19,12,2,0,30-40,38.96666666666667,3.0,1.0,0.3333333333333333,54,56,2193.0266666666666,0.18,0.3333333333333333,0.0,0.0,0.0,0,0,0.0,0.0,0,0,0.0,898.75,1,1,1.0,6579.08,3,1,0.3333333333333333,0
LGS2ORD0043412,C017871,2025-12-10 19:00:00,Male,45,Silver,TV,Chiang Mai,1445,Shopee,COD,19,12,2,0,40-50,48.166666666666664,7.0,1.0,0.14285714285714285,324,7,8357.704285714284,0.3,0.42857142857142855,0.42857142857142855,0.0,0.0,0,0,0.0,17807.76,1,0,0.0,28536.78,3,0,0.0,58503.92999999999,7,1,0.14285714285714285,0
LGS2ORD0043413,C017656,2025-12-10 19:00:00,Male,59,Bronze,TV,Nakhon Ratchasima,1748,TV_Show,Credit_Card,19,12,2,0,>50,58.266666666666666,5.0,1.0,0.2,91,89,3296.0800000000004,0.28,1.0,0.2,0.0,0.0,0,0,0.0,0.0,0,0,0.0,7825.46,1,0,0.0,16480.4,5,1,0.2,1
LGS2ORD0043414,C010832,2025-12-10 19:00:00,Female,37,Gold,TV,Songkhla,639,Shopee,PromptPay,19,12,2,0,30-40,21.3,7.0,0.0,0.0,-1,50,9056.57142857143,0.2299999999999999,0.42857142857142855,0.2857142857142857,0.0,0.0,0,0,0.0,0.0,0,0,0.0,12076.85,1,0,0.0,63396.0,7,0,0.0,0
LGS2ORD0043415,C011020,2025-12-10 19:00:00,Female,47,Bronze,Lazada,Chiang Mai,1704,TV_Show,Credit_Card,19,12,2,0,40-50,56.8,4.0,0.0,0.0,-1,10,1672.7775000000001,0.13,0.25,0.0,0.0,0.0,0,0,0.0,2761.35,1,0,0.0,3724.0699999999997,2,0,0.0,6691.110000000001,4,0,0.0,0
LGS2ORD0043416,C017162,2025-12-10 20:00:00,Female,30,Silver,Shopee,Bangkok,742,TV_Show,COD,20,12,2,0,20-30,24.733333333333334,5.0,1.0,0.2,145,50,4401.17,0.3,0.6,0.6,0.0,0.0,0,0,0.0,0.0,0,0,0.0,4043.91,1,0,0.0,22005.85,5,1,0.2,0
LGS2ORD0043417,C010333,2025-12-10 20:00:00,Male,40,Silver,Web,Songkhla,793,Shopee,COD,20,12,2,0,30-40,26.433333333333334,11.0,4.0,0.36363636363636365,136,7,5247.840909090909,0.25,0.5454545454545454,0.18181818181818182,0.0,0.0,0,0,0.0,8862.92,1,0,0.0,8862.92,1,0,0.0,57726.25,11,4,0.36363636363636365,1
LGS2ORD0043418,C012564,2025-12-10 20:00:00,Female,46,Bronze,TV,Bangkok,716,Shopee,COD,20,12,2,0,40-50,23.866666666666667,7.0,2.0,0.2857142857142857,122,6,2272.6114285714284,0.28,0.5714285714285714,0.2857142857142857,0.0,766.16,1,0,0.0,766.16,1,0,0.0,766.16,1,0,0.0,15908.279999999999,7,2,0.2857142857142857,0
LGS2ORD0043419,C015745,2025-12-10 20:00:00,Male,39,Bronze,Web,Phuket,1138,Web,PromptPay,20,12,2,0,30-40,37.93333333333333,7.0,0.0,0.0,-1,175,4922.455714285715,0.23,0.2857142857142857,0.14285714285714285,0.0,0.0,0,0,0.0,0.0,0,0,0.0,0.0,0,0,0.0,34457.19,7,0,0.0,0
LGS2ORD0043420,C017556,2025-12-10 20:00:00,Male,41,Bronze,Web,Chiang Mai,765,Web,PromptPay,20,12,2,0,40-50,25.5,4.0,0.0,0.0,-1,84,3845.0825000000004,0.23,0.75,0.5,0.0,0.0,0,0,0.0,0.0,0,0,0.0,1141.09,1,0,0.0,15380.330000000002,4,0,0.0,0
LGS2ORD0043421,C011954,2025-12-10 21:00:00,Female,46,Platinum,TV,Phuket,1458,TV_Show,COD,21,12,2,0,40-50,48.6,5.0,3.0,0.6,25,30,4129.33,0.3,0.4,0.4,0.0,0.0,0,0,0.0,5187.56,1,1,1.0,6294.370000000001,2,1,0.5,20646.65,5,3,0.6,0
LGS2ORD0043422,C012458,2025-12-10 21:00:00,Male,49,Bronze,TV,Bangkok,1583,Web,COD,21,12,2,0,40-50,52.766666666666666,5.0,0.0,0.0,-1,29,5841.861999999999,0.18,0.4,0.0,0.0,0.0,0,0,0.0,9274.13,1,0,0.0,9274.13,1,0,0.0,29209.309999999998,5,0,0.0,1
LGS2ORD0043423,C010229,2025-12-10 21:00:00,Male,42,Bronze,TV,Nakhon Ratchasima,1085,Web,COD,21,12,2,0,40-50,36.166666666666664,7.0,4.0,0.5714285714285714,0,16,7430.027142857142,0.28,0.5714285714285714,0.14285714285714285,0.14285714285714285,0.0,0,0,0.0,3641.63,1,1,1.0,13985.11,2,1,0.5,52010.189999999995,7,4,0.5714285714285714,1
LGS2ORD0043424,C015113,2025-12-10 21:00:00,Male,48,Silver,TV,Chiang Mai,1355,Lazada,COD,21,12,2,0,40-50,45.166666666666664,7.0,3.0,0.42857142857142855,92,97,3850.871428571428,0.25,0.7142857142857143,0.14285714285714285,0.0,0.0,0,0,0.0,0.0,0,0,0.0,0.0,0,0,0.0,26956.1,7,3,0.42857142857142855,0
LGS2ORD0043425,C017944,2025-12-10 21:00:00,Male,38,Bronze,Lazada,Chonburi,448,Lazada,Credit_Card,21,12,2,0,30-40,14.933333333333334,3.0,1.0,0.3333333333333333,115,24,2868.2566666666667,0.18,0.3333333333333333,0.0,0.0,0.0,0,0,0.0,739.51,1,0,0.0,739.51,1,0,0.0,8604.77,3,1,0.3333333333333333,1
LGS2ORD0043426,C015894,2025-12-10 22:00:00,Male,41,Bronze,TV,Remote_Area,1308,TV_Show,COD,22,12,2,0,40-50,43.6,7.0,4.0,0.5714285714285714,64,68,3633.0542857142855,0.28,0.5714285714285714,0.14285714285714285,0.0,0.0,0,0,0.0,0.0,0,0,0.0,2335.0,2,2,1.0,25431.379999999997,7,4,0.5714285714285714,0
LGS2ORD0043427,C017761,2025-12-10 22:00:00,Female,39,Bronze,Shopee,Nakhon Ratchasima,656,CallCenter,Credit_Card,22,12,2,0,30-40,21.866666666666667,3.0,1.0,0.3333333333333333,319,255,1037.6866666666667,0.28,0.6666666666666666,0.3333333333333333,0.0,0.0,0,0,0.0,0.0,0,0,0.0,0.0,0,0,0.0,3113.06,3,1,0.3333333333333333,0
LGS2ORD0043428,C016840,2025-12-10 22:00:00,Male,55,Silver,Web,Bangkok,1314,TV_Show,COD,22,12,2,0,>50,43.8,1.0,1.0,1.0,240,252,1697.52,0.2,0.0,0.0,0.0,0.0,0,0,0.0,0.0,0,0,0.0,0.0,0,0,0.0,1697.52,1,1,1.0,1
LGS2ORD0043429,C010635,2025-12-10 22:00:00,Female,32,Bronze,TV,Remote_Area,1023,Web,PromptPay,22,12,2,0,30-40,34.1,3.0,2.0,0.6666666666666666,61,73,4533.283333333334,0.23,0.6666666666666666,0.3333333333333333,0.0,0.0,0,0,0.0,0.0,0,0,0.0,3524.36,1,1,1.0,13599.85,3,2,0.6666666666666666,0
LGS2ORD0043430,C017653,2025-12-10 22:00:00,Female,33,Gold,Shopee,Songkhla,1296,TV_Show,Credit_Card,22,12,2,0,30-40,43.2,2.0,0.0,0.0,-1,78,6835.599999999999,0.08,1.0,0.0,0.0,0.0,0,0,0.0,0.0,0,0,0.0,9399.05,1,0,0.0,13671.199999999999,2,0,0.0,0
LGS2ORD0043431,C016299,2025-12-10 22:00:00,Male,42,Platinum,Web,Bangkok,813,Web,COD,22,12,2,0,40-50,27.1,6.0,2.0,0.3333333333333333,113,75,6449.218333333333,0.3,0.8333333333333334,0.8333333333333334,0.0,0.0,0,0,0.0,0.0,0,0,0.0,5992.15,1,0,0.0,38695.31,6,2,0.3333333333333333,0
LGS2ORD0043432,C017620,2025-12-10 23:00:00,Female,49,Platinum,CallCenter,Songkhla,812,Shopee,Credit_Card,23,12,2,0,40-50,27.066666666666666,3.0,0.0,0.0,-1,128,5124.57,0.25,0.6666666666666666,0.3333333333333333,0.0,0.0,0,0,0.0,0.0,0,0,0.0,0.0,0,0,0.0,15373.71,3,0,0.0,0
LGS2ORD0043433,C011619,2025-12-10 23:00:00,Female,35,Gold,TV,Bangkok,555,TV_Show,PromptPay,23,12,2,0,30-40,18.5,3.0,1.0,0.3333333333333333,306,33,3244.66,0.33,0.3333333333333333,0.6666666666666666,0.0,0.0,0,0,0.0,0.0,0,0,0.0,360.43,1,0,0.0,9733.98,3,1,0.3333333333333333,0
LGS2ORD0043434,C013407,2025-12-10 23:00:00,Male,54,Gold,Web,Chiang Mai,1347,CallCenter,COD,23,12,2,0,>50,44.9,1.0,0.0,0.0,-1,297,929.28,0.28,1.0,1.0,0.0,0.0,0,0,0.0,0.0,0,0,0.0,0.0,0,0,0.0,929.28,1,0,0.0,0
LGS2ORD0043435,C012033,2025-12-10 23:00:00,Male,32,Silver,TV,Khon Kaen,1799,Shopee,Credit_Card,23,12,2,0,30-40,59.96666666666667,8.0,4.0,0.5,43,48,5364.84375,0.3,0.625,0.625,0.0,0.0,0,0,0.0,0.0,0,0,0.0,11210.04,1,1,1.0,42918.75,8,4,0.5,1
LGS2ORD0043436,C016165,2025-12-10 23:00:00,Female,51,Gold,TV,Nakhon Ratchasima,1643,CallCenter,COD,23,12,2,0,>50,54.766666666666666,4.0,0.0,0.0,-1,153,3882.4375,0.2299999999999999,1.0,0.5,0.0,0.0,0,0,0.0,0.0,0,0,0.0,0.0,0,0,0.0,15529.75,4,0,0.0,1
LGS2ORD0043437,C015938,2025-12-11 00:00:00,Female,18,Bronze,CallCenter,Bangkok,1154,Web,COD,0,12,3,0,<20,38.46666666666667,3.0,1.0,0.3333333333333333,93,20,2507.5433333333335,0.18,0.3333333333333333,0.0,0.0,0.0,0,0,0.0,3148.58,1,0,0.0,3148.58,1,0,0.0,7522.63,3,1,0.3333333333333333,0
LGS2ORD0043438,C016572,2025-12-11 00:00:00,Female,39,Silver,Shopee,Bangkok,1619,TV_Show,COD,0,12,3,0,30-40,53.96666666666667,6.0,3.0,0.5,124,49,9109.263333333334,0.3,0.5,0.3333333333333333,0.0,0.0,0,0,0.0,0.0,0,0,0.0,947.23,1,0,0.0,54655.58000000001,6,3,0.5,0
LGS2ORD0043439,C017902,2025-12-11 00:00:00,Female,43,Gold,TV,Bangkok,1067,CallCenter,COD,0,12,3,0,40-50,35.56666666666667,7.0,2.0,0.2857142857142857,102,47,3446.3285714285716,0.33,0.8571428571428571,0.7142857142857143,0.14285714285714285,0.0,0,0,0.0,0.0,0,0,0.0,3740.42,1,0,0.0,24124.300000000003,7,2,0.2857142857142857,0
LGS2ORD0043440,C014365,2025-12-11 00:00:00,Female,55,Silver,TV,Chiang Mai,1761,TV_Show,COD,0,12,3,0,>50,58.7,5.0,1.0,0.2,266,70,3849.5600000000004,0.3,0.2,0.2,0.0,0.0,0,0,0.0,0.0,0,0,0.0,12967.369999999999,2,0,0.0,19247.800000000003,5,1,0.2,1
LGS2ORD0043441,C017488,2025-12-11 00:00:00,Male,18,Gold,TV,Remote_Area,842,Shopee,Credit_Card,0,12,3,0,<20,28.066666666666666,2.0,1.0,0.5,129,96,9729.574999999999,0.33,0.5,0.5,0.0,0.0,0,0,0.0,0.0,0,0,0.0,0.0,0,0,0.0,19459.149999999998,2,1,0.5,1
LGS2ORD0043442,C012129,2025-12-11 01:00:00,Male,56,Silver,TV,Khon Kaen,1272,CallCenter,COD,1,12,3,0,>50,42.4,9.0,0.0,0.0,-1,26,4094.056666666667,0.3,0.6666666666666666,0.3333333333333333,0.0,0.0,0,0,0.0,1058.66,1,0,0.0,3224.7799999999997,2,0,0.0,36846.51,9,0,0.0,0
LGS2ORD0043443,C014137,2025-12-11 01:00:00,Female,41,Bronze,Shopee,Songkhla,1062,Lazada,Bank_Transfer,1,12,3,0,40-50,35.4,3.0,1.0,0.3333333333333333,113,63,5714.573333333334,0.18,1.0,0.0,0.0,0.0,0,0,0.0,0.0,0,0,0.0,6949.69,1,0,0.0,17143.72,3,1,0.3333333333333333,0
LGS2ORD0043444,C016600,2025-12-11 01:00:00,Female,58,Platinum,TV,Chonburi,548,TV_Show,Bank_Transfer,1,12,3,0,>50,18.266666666666666,4.0,2.0,0.5,227,234,6143.317499999999,0.3,0.5,0.25,0.0,0.0,0,0,0.0,0.0,0,0,0.0,0.0,0,0,0.0,24573.269999999997,4,2,0.5,0
LGS2ORD0043445,C016977,2025-12-11 01:00:00,Male,28,Silver,TV,Bangkok,1756,Lazada,Credit_Card,1,12,3,0,20-30,58.53333333333333,2.0,0.0,0.0,-1,224,8522.779999999999,0.15,1.0,0.0,0.0,0.0,0,0,0.0,0.0,0,0,0.0,0.0,0,0,0.0,17045.559999999998,2,0,0.0,0
LGS2ORD0043446,C011931,2025-12-11 01:00:00,Other,45,Silver,Web,Bangkok,1724,Web,COD,1,12,3,0,40-50,57.46666666666667,10.0,2.0,0.2,42,56,7533.691000000001,0.3,0.3,0.5,0.0,0.0,0,0,0.0,0.0,0,0,0.0,2803.85,1,1,1.0,75336.91,10,2,0.2,0
LGS2ORD0043447,C012309,2025-12-11 02:00:00,Male,38,Gold,Web,Bangkok,843,TV_Show,COD,2,12,3,0,30-40,28.1,3.0,0.0,0.0,-1,101,513.57,0.33,0.3333333333333333,0.3333333333333333,0.0,0.0,0,0,0.0,0.0,0,0,0.0,0.0,0,0,0.0,1540.71,3,0,0.0,0
LGS2ORD0043448,C017479,2025-12-11 02:00:00,Male,60,Bronze,Lazada,Bangkok,435,TV_Show,Credit_Card,2,12,3,0,>50,14.5,0.0,0.0,0.0,-1,-1,0.0,0.0,0.0,0.0,0.0,0.0,0,0,0.0,0.0,0,0,0.0,0.0,0,0,0.0,0.0,0,0,0.0,0
LGS2ORD0043449,C017989,2025-12-11 02:00:00,Female,28,Bronze,Lazada,Chiang Mai,482,Shopee,PromptPay,2,12,3,0,20-30,16.066666666666666,2.0,0.0,0.0,-1,54,2683.16,0.28,1.0,0.5,0.0,0.0,0,0,0.0,0.0,0,0,0.0,2816.81,1,0,0.0,5366.32,2,0,0.0,0
LGS2ORD0043450,C012982,2025-12-11 02:00:00,Female,51,Silver,TV,Songkhla,1410,Lazada,COD,2,12,3,0,>50,47.0,8.0,2.0,0.25,36,26,4321.06625,0.3,0.5,0.375,0.0,0.0,0,0,0.0,9757.6,1,0,0.0,16792.07,2,1,0.5,34568.53,8,2,0.25,1
LGS2ORD0043451,C017958,2025-12-11 02:00:00,Female,18,Gold,Shopee,Bangkok,1718,Web,COD,2,12,3,0,<20,57.266666666666666,0.0,0.0,0.0,-1,-1,0.0,0.0,0.0,0.0,0.0,0.0,0,0,0.0,0.0,0,0,0.0,0.0,0,0,0.0,0.0,0,0,0.0,1
LGS2ORD0043452,C016434,2025-12-11 02:00:00,Male,64,Bronze,Lazada,Chonburi,649,Web,COD,2,12,3,0,>50,21.633333333333333,5.0,0.0,0.0,-1,187,2527.898,0.18,0.8,0.0,0.0,0.0,0,0,0.0,0.0,0,0,0.0,0.0,0,0,0.0,12639.49,5,0,0.0,0
LGS2ORD0043453,C014940,2025-12-11 03:00:00,Female,40,Gold,Web,Nakhon Ratchasima,1584,TV_Show,Bank_Transfer,3,12,3,0,30-40,52.8,4.0,0.0,0.0,-1,12,5010.4225,0.33,0.0,0.75,0.0,0.0,0,0,0.0,10531.05,1,0,0.0,10531.05,1,0,0.0,20041.69,4,0,0.0,0
LGS2ORD0043454,C015768,2025-12-11 03:00:00,Female,18,Bronze,CallCenter,Nakhon Ratchasima,1688,Lazada,COD,3,12,3,0,<20,56.266666666666666,7.0,4.0,0.5714285714285714,131,125,5031.847142857143,0.23,0.5714285714285714,0.2857142857142857,0.0,0.0,0,0,0.0,0.0,0,0,0.0,0.0,0,0,0.0,35222.93,7,4,0.5714285714285714,0
LGS2ORD0043455,C011796,2025-12-11 03:00:00,Female,49,Bronze,Lazada,Nakhon Ratchasima,1186,Lazada,COD,3,12,3,0,40-50,39.53333333333333,6.0,2.0,0.3333333333333333,83,68,3030.3833333333328,0.28,0.5,0.16666666666666666,0.0,0.0,0,0,0.0,0.0,0,0,0.0,3738.24,2,0,0.0,18182.299999999996,6,2,0.3333333333333333,0
LGS2ORD0043456,C012826,2025-12-11 03:00:00,Male,55,Bronze,Shopee,Chiang Mai,614,Web,COD,3,12,3,0,>50,20.466666666666665,7.0,0.0,0.0,-1,87,7479.199999999999,0.23,0.14285714285714285,0.14285714285714285,0.0,0.0,0,0,0.0,0.0,0,0,0.0,27430.37,1,0,0.0,52354.399999999994,7,0,0.0,0
LGS2ORD0043457,C014117,2025-12-11 03:00:00,Male,28,Silver,Shopee,Remote_Area,1115,TV_Show,Bank_Transfer,3,12,3,0,20-30,37.166666666666664,6.0,3.0,0.5,63,67,3774.7116666666666,0.3,0.6666666666666666,0.16666666666666666,0.0,0.0,0,0,0.0,0.0,0,0,0.0,9823.68,1,1,1.0,22648.27,6,3,0.5,0
LGS2ORD0043458,C012981,2025-12-11 04:00:00,Female,39,Silver,Web,Chiang Mai,1611,Lazada,Credit_Card,4,12,3,0,30-40,53.7,4.0,2.0,0.5,299,7,2018.01,0.15,0.75,0.0,0.0,0.0,0,0,0.0,562.25,1,0,0.0,562.25,1,0,0.0,8072.04,4,2,0.5,0
LGS2ORD0043459,C012678,2025-12-11 04:00:00,Female,42,Silver,Web,Remote_Area,583,TV_Show,COD,4,12,3,0,40-50,19.433333333333334,4.0,0.0,0.0,-1,240,4539.862499999999,0.25,0.75,0.25,0.0,0.0,0,0,0.0,0.0,0,0,0.0,0.0,0,0,0.0,18159.449999999997,4,0,0.0,1
LGS2ORD0043460,C010100,2025-12-11 04:00:00,Female,30,Silver,Shopee,Songkhla,444,TV_Show,Credit_Card,4,12,3,0,20-30,14.8,7.0,5.0,0.7142857142857143,95,16,6502.851428571429,0.3,0.2857142857142857,0.5714285714285714,0.0,0.0,0,0,0.0,11279.3,1,0,0.0,16494.77,2,0,0.0,45519.96000000001,7,5,0.7142857142857143,1
LGS2ORD0043461,C013592,2025-12-11 04:00:00,Male,63,Gold,TV,Nakhon Ratchasima,1791,CallCenter,COD,4,12,3,0,>50,59.7,2.0,0.0,0.0,-1,63,7325.185,0.2299999999999999,0.0,0.5,0.0,0.0,0,0,0.0,0.0,0,0,0.0,8802.29,1,0,0.0,14650.37,2,0,0.0,1
LGS2ORD0043462,C012276,2025-12-11 04:00:00,Male,45,Bronze,Shopee,Bangkok,1253,Shopee,PromptPay,4,12,3,0,40-50,41.766666666666666,3.0,0.0,0.0,-1,82,3807.556666666667,0.28,0.3333333333333333,0.3333333333333333,0.0,0.0,0,0,0.0,0.0,0,0,0.0,8218.18,2,0,0.0,11422.67,3,0,0.0,0
LGS2ORD0043463,C014296,2025-12-11 05:00:00,Female,37,Gold,Web,Chonburi,359,Web,PromptPay,5,12,3,0,30-40,11.966666666666667,3.0,1.0,0.3333333333333333,171,54,5326.0233333333335,0.28,0.3333333333333333,0.3333333333333333,0.0,0.0,0,0,0.0,0.0,0,0,0.0,4061.92,1,0,0.0,15978.070000000002,3,1,0.3333333333333333,0
LGS2ORD0043464,C017492,2025-12-11 05:00:00,Other,56,Silver,Web,Nakhon Ratchasima,390,TV_Show,Credit_Card,5,12,3,0,>50,13.0,10.0,1.0,0.1,237,82,6905.109999999999,0.3,0.8,0.2,0.0,0.0,0,0,0.0,0.0,0,0,0.0,9315.05,1,0,0.0,69051.09999999999,10,1,0.1,0
LGS2ORD0043465,C014815,2025-12-11 05:00:00,Female,61,Bronze,TV,Songkhla,1284,TV_Show,Bank_Transfer,5,12,3,0,>50,42.8,2.0,0.0,0.0,-1,33,4614.005,0.23,0.0,0.5,0.0,0.0,0,0,0.0,0.0,0,0,0.0,9228.01,2,0,0.0,9228.01,2,0,0.0,0
LGS2ORD0043466,C013386,2025-12-11 05:00:00,Male,49,Gold,TV,Chiang Mai,624,Shopee,COD,5,12,3,0,40-50,20.8,9.0,0.0,0.0,-1,1,8080.583333333333,0.33,0.4444444444444444,0.3333333333333333,0.0,24272.16,1,0,0.0,24272.16,1,0,0.0,30487.79,3,0,0.0,72725.25,9,0,0.0,0
LGS2ORD0043467,C017260,2025-12-11 05:00:00,Female,27,Bronze,CallCenter,Bangkok,1279,Lazada,PromptPay,5,12,3,0,20-30,42.63333333333333,5.0,1.0,0.2,132,136,2483.042,0.28,0.4,0.2,0.0,0.0,0,0,0.0,0.0,0,0,0.0,0.0,0,0,0.0,12415.21,5,1,0.2,0
LGS2ORD0043468,C012428,2025-12-11 06:00:00,Male,45,Silver,Shopee,Remote_Area,809,TV_Show,COD,6,12,3,0,40-50,26.966666666666665,4.0,0.0,0.0,-1,109,4026.6225000000004,0.3,0.0,0.25,0.0,0.0,0,0,0.0,0.0,0,0,0.0,0.0,0,0,0.0,16106.490000000002,4,0,0.0,1
LGS2ORD0043469,C014073,2025-12-11 06:00:00,Female,46,Silver,Web,Khon Kaen,876,Web,COD,6,12,3,0,40-50,29.2,8.0,2.0,0.25,73,10,5806.77,0.3,0.5,0.125,0.0,0.0,0,0,0.0,1032.14,1,0,0.0,13263.5,3,1,0.3333333333333333,46454.16,8,2,0.25,0
LGS2ORD0043470,C011570,2025-12-11 06:00:00,Male,36,Silver,Web,Chonburi,1779,CallCenter,COD,6,12,3,0,30-40,59.3,6.0,1.0,0.16666666666666666,92,3,8041.828333333334,0.3,0.5,0.3333333333333333,0.0,1849.13,1,0,0.0,1849.13,1,0,0.0,16733.11,3,0,0.0,48250.97,6,1,0.16666666666666666,0
LGS2ORD0043471,C012638,2025-12-11 06:00:00,Female,52,Bronze,Lazada,Chonburi,493,CallCenter,COD,6,12,3,0,>50,16.433333333333334,4.0,0.0,0.0,-1,39,5470.24,0.28,0.5,0.25,0.0,0.0,0,0,0.0,0.0,0,0,0.0,1156.08,1,0,0.0,21880.96,4,0,0.0,0
LGS2ORD0043472,C017978,2025-12-11 06:00:00,Female,48,Bronze,Shopee,Bangkok,712,Web,Credit_Card,6,12,3,0,40-50,23.733333333333334,3.0,1.0,0.3333333333333333,30,38,6071.323333333334,0.18,1.0,0.0,0.0,0.0,0,0,0.0,0.0,0,0,0.0,17021.010000000002,2,1,0.5,18213.97,3,1,0.3333333333333333,0
LGS2ORD0043473,C015886,2025-12-11 06:00:00,Female,44,Silver,Web,Khon Kaen,1463,TV_Show,Credit_Card,6,12,3,0,40-50,48.766666666666666,2.0,1.0,0.5,87,96,6741.91,0.2,0.0,0.0,0.0,0.0,0,0,0.0,0.0,0,0,0.0,0.0,0,0,0.0,13483.82,2,1,0.5,0
LGS2ORD0043474,C016191,2025-12-11 07:00:00,Male,25,Silver,Web,Chonburi,526,Shopee,PromptPay,7,12,3,0,20-30,17.533333333333335,2.0,0.0,0.0,-1,113,6658.945000000001,0.2,0.5,0.0,0.0,0.0,0,0,0.0,0.0,0,0,0.0,0.0,0,0,0.0,13317.890000000001,2,0,0.0,0
LGS2ORD0043475,C013463,2025-12-11 07:00:00,Female,36,Bronze,Web,Khon Kaen,1264,Shopee,Bank_Transfer,7,12,3,0,30-40,42.13333333333333,2.0,1.0,0.5,233,248,6493.54,0.18,1.0,0.0,0.0,0.0,0,0,0.0,0.0,0,0,0.0,0.0,0,0,0.0,12987.08,2,1,0.5,1
LGS2ORD0043476,C013348,2025-12-11 07:00:00,Female,52,Silver,Lazada,Bangkok,471,Web,Credit_Card,7,12,3,0,>50,15.7,6.0,2.0,0.3333333333333333,266,145,4002.0733333333337,0.25,0.5,0.16666666666666666,0.0,0.0,0,0,0.0,0.0,0,0,0.0,0.0,0,0,0.0,24012.440000000002,6,2,0.3333333333333333,0
LGS2ORD0043477,C010940,2025-12-11 07:00:00,Female,45,Gold,Shopee,Chonburi,508,TV_Show,COD,7,12,3,0,40-50,16.933333333333334,7.0,3.0,0.42857142857142855,108,4,4647.807142857143,0.2299999999999999,0.5714285714285714,0.2857142857142857,0.0,2167.1,1,0,0.0,2167.1,1,0,0.0,2167.1,1,0,0.0,32534.649999999998,7,3,0.42857142857142855,0
LGS2ORD0043478,C010541,2025-12-11 07:00:00,Male,49,Bronze,TV,Remote_Area,1527,TV_Show,COD,7,12,3,0,40-50,50.9,9.0,4.0,0.4444444444444444,56,46,3383.0011111111107,0.23,0.6666666666666666,0.2222222222222222,0.0,0.0,0,0,0.0,0.0,0,0,0.0,6213.58,4,1,0.25,30447.01,9,4,0.4444444444444444,0
LGS2ORD0043479,C010252,2025-12-11 08:00:00,Female,64,Bronze,Shopee,Khon Kaen,835,Lazada,COD,8,12,3,0,>50,27.833333333333332,2.0,1.0,0.5,90,77,11397.585,0.08,1.0,0.0,0.0,0.0,0,0,0.0,0.0,0,0,0.0,21255.35,1,0,0.0,22795.17,2,1,0.5,0
LGS2ORD0043480,C013876,2025-12-11 08:00:00,Female,37,Bronze,Shopee,Songkhla,1306,Shopee,COD,8,12,3,0,30-40,43.53333333333333,6.0,3.0,0.5,111,9,6016.66,0.28,0.8333333333333334,0.16666666666666666,0.0,0.0,0,0,0.0,7910.05,1,0,0.0,7910.05,1,0,0.0,36099.96,6,3,0.5,0
LGS2ORD0043481,C017476,2025-12-11 08:00:00,Female,61,Silver,TV,Nakhon Ratchasima,629,Lazada,PromptPay,8,12,3,0,>50,20.966666666666665,6.0,0.0,0.0,-1,151,7409.875,0.3,0.5,0.16666666666666666,0.0,0.0,0,0,0.0,0.0,0,0,0.0,0.0,0,0,0.0,44459.25,6,0,0.0,0
LGS2ORD0043482,C014048,2025-12-11 08:00:00,Female,37,Bronze,CallCenter,Phuket,1032,Shopee,PromptPay,8,12,3,0,30-40,34.4,4.0,1.0,0.25,53,37,4046.0,0.28,1.0,0.5,0.0,0.0,0,0,0.0,0.0,0,0,0.0,12312.05,2,1,0.5,16184.0,4,1,0.25,1
LGS2ORD0043483,C011990,2025-12-11 08:00:00,Female,51,Bronze,TV,Songkhla,960,Web,COD,8,12,3,0,>50,32.0,6.0,1.0,0.16666666666666666,106,11,3895.031666666667,0.28,0.3333333333333333,0.3333333333333333,0.0,0.0,0,0,0.0,9926.87,1,0,0.0,11040.300000000001,2,0,0.0,23370.190000000002,6,1,0.16666666666666666,1
LGS2ORD0043484,C015483,2025-12-11 09:00:00,Female,36,Bronze,CallCenter,Bangkok,1528,TV_Show,PromptPay,9,12,3,0,30-40,50.93333333333333,6.0,1.0,0.16666666666666666,85,77,9719.046666666667,0.18,0.8333333333333334,0.0,0.0,0.0,0,0,0.0,0.0,0,0,0.0,9024.08,2,1,0.5,58314.28,6,1,0.16666666666666666,1
LGS2ORD0043485,C010406,2025-12-11 09:00:00,Male,49,Platinum,CallCenter,Phuket,387,TV_Show,COD,9,12,3,0,40-50,12.9,6.0,4.0,0.6666666666666666,91,99,5038.74,0.25,1.0,0.3333333333333333,0.0,0.0,0,0,0.0,0.0,0,0,0.0,0.0,0,0,0.0,30232.44,6,4,0.6666666666666666,0
LGS2ORD0043486,C013791,2025-12-11 09:00:00,Female,54,Silver,Shopee,Bangkok,814,Web,COD,9,12,3,0,>50,27.133333333333333,5.0,1.0,0.2,314,39,10123.686000000002,0.2,0.0,0.0,0.0,0.0,0,0,0.0,0.0,0,0,0.0,8786.55,1,0,0.0,50618.43000000001,5,1,0.2,0
LGS2ORD0043487,C016006,2025-12-11 09:00:00,Female,35,Bronze,Lazada,Songkhla,1724,TV_Show,PromptPay,9,12,3,0,30-40,57.46666666666667,4.0,1.0,0.25,183,121,1636.4425000000003,0.28,0.5,0.75,0.0,0.0,0,0,0.0,0.0,0,0,0.0,0.0,0,0,0.0,6545.770000000001,4,1,0.25,0
LGS2ORD0043488,C017705,2025-12-11 09:00:00,Female,49,Gold,Lazada,Chiang Mai,1042,Web,COD,9,12,3,0,40-50,34.733333333333334,7.0,0.0,0.0,-1,1,5324.4571428571435,0.28,0.42857142857142855,0.42857142857142855,0.0,3855.08,1,0,0.0,3855.08,1,0,0.0,3855.08,1,0,0.0,37271.200000000004,7,0,0.0,0
LGS2ORD0043489,C013374,2025-12-11 09:00:00,Male,52,Bronze,Shopee,Nakhon Ratchasima,1477,TV_Show,Credit_Card,9,12,3,0,>50,49.233333333333334,4.0,2.0,0.5,99,113,3857.9125000000004,0.23,0.75,0.25,0.0,0.0,0,0,0.0,0.0,0,0,0.0,0.0,0,0,0.0,15431.650000000001,4,2,0.5,0
LGS2ORD0043490,C013406,2025-12-11 10:00:00,Female,57,Bronze,Lazada,Chiang Mai,1254,CallCenter,PromptPay,10,12,3,0,>50,41.8,6.0,1.0,0.16666666666666666,127,1,5604.630000000001,0.28,0.8333333333333334,0.5,0.0,5198.8,1,0,0.0,5198.8,1,0,0.0,7544.88,2,0,0.0,33627.780000000006,6,1,0.16666666666666666,0
LGS2ORD0043491,C016497,2025-12-11 10:00:00,Female,53,Silver,Shopee,Bangkok,1560,Web,Credit_Card,10,12,3,0,>50,52.0,5.0,2.0,0.4,162,37,4453.566000000001,0.3,0.4,0.2,0.0,0.0,0,0,0.0,0.0,0,0,0.0,4227.38,1,0,0.0,22267.83,5,2,0.4,1
LGS2ORD0043492,C015033,2025-12-11 10:00:00,Male,39,Gold,TV,Bangkok,1186,CallCenter,Bank_Transfer,10,12,3,0,30-40,39.53333333333333,4.0,0.0,0.0,-1,48,6681.3025,0.28,0.25,0.5,0.0,0.0,0,0,0.0,0.0,0,0,0.0,20397.800000000003,2,0,0.0,26725.21,4,0,0.0,0
LGS2ORD0043493,C013841,2025-12-11 10:00:00,Female,52,Platinum,Lazada,Bangkok,1278,Shopee,Bank_Transfer,10,12,3,0,>50,42.6,0.0,0.0,0.0,-1,-1,0.0,0.0,0.0,0.0,0.0,0.0,0,0,0.0,0.0,0,0,0.0,0.0,0,0,0.0,0.0,0,0,0.0,0
LGS2ORD0043494,C010541,2025-12-11 10:00:00,Male,49,Bronze,TV,Remote_Area,1527,Lazada,COD,10,12,3,0,40-50,50.9,10.0,4.0,0.4,56,0,3095.391,0.23,0.7,0.2,0.0,506.9,1,0,0.0,506.9,1,0,0.0,6720.48,5,1,0.2,30953.91,10,4,0.4,0
LGS2ORD0043495,C011876,2025-12-11 11:00:00,Male,72,Bronze,CallCenter,Chonburi,584,CallCenter,COD,11,12,3,0,>50,19.466666666666665,10.0,0.0,0.0,-1,95,6153.027,0.28,0.4,0.5,0.0,0.0,0,0,0.0,0.0,0,0,0.0,0.0,0,0,0.0,61530.270000000004,10,0,0.0,0
LGS2ORD0043496,C014488,2025-12-11 11:00:00,Male,26,Bronze,TV,Khon Kaen,673,Shopee,Bank_Transfer,11,12,3,0,20-30,22.433333333333334,3.0,0.0,0.0,-1,28,7071.766666666666,0.18,0.3333333333333333,0.0,0.0,0.0,0,0,0.0,5525.87,1,0,0.0,17754.079999999998,2,0,0.0,21215.3,3,0,0.0,1
LGS2ORD0043497,C012078,2025-12-11 11:00:00,Male,36,Silver,Web,Chiang Mai,897,CallCenter,Credit_Card,11,12,3,0,30-40,29.9,4.0,0.0,0.0,-1,14,6733.495000000001,0.15,0.25,0.0,0.0,0.0,0,0,0.0,11403.07,1,0,0.0,11403.07,1,0,0.0,26933.980000000003,4,0,0.0,0
LGS2ORD0043498,C010156,2025-12-11 11:00:00,Female,28,Gold,Lazada,Khon Kaen,952,Lazada,Bank_Transfer,11,12,3,0,20-30,31.733333333333334,1.0,1.0,1.0,137,145,6621.96,0.2299999999999999,0.0,1.0,0.0,0.0,0,0,0.0,0.0,0,0,0.0,0.0,0,0,0.0,6621.96,1,1,1.0,0
LGS2ORD0043499,C011494,2025-12-11 11:00:00,Female,23,Platinum,Lazada,Bangkok,463,Shopee,Credit_Card,11,12,3,0,20-30,15.433333333333334,8.0,3.0,0.375,211,41,7079.1575,0.3,0.375,0.125,0.0,0.0,0,0,0.0,0.0,0,0,0.0,2815.0,1,0,0.0,56633.26,8,3,0.375,0
LGS2ORD0043500,C011475,2025-12-11 12:00:00,Male,34,Bronze,TV,Bangkok,1519,Web,COD,12,12,3,0,30-40,50.63333333333333,9.0,2.0,0.2222222222222222,17,20,6585.014444444444,0.28,0.8888888888888888,0.3333333333333333,0.0,0.0,0,0,0.0,1165.04,1,1,1.0,1165.04,1,1,1.0,59265.13,9,2,0.2222222222222222,0
LGS2ORD0043501,C012399,2025-12-11 12:00:00,Male,47,Bronze,TV,Phuket,1312,TV_Show,COD,12,12,3,0,40-50,43.733333333333334,6.0,2.0,0.3333333333333333,254,19,4225.056666666667,0.18,0.3333333333333333,0.0,0.0,0.0,0,0,0.0,592.28,1,0,0.0,592.28,1,0,0.0,25350.340000000004,6,2,0.3333333333333333,0
LGS2ORD0043502,C016168,2025-12-11 12:00:00,Female,58,Silver,TV,Songkhla,1511,Web,Bank_Transfer,12,12,3,0,>50,50.36666666666667,6.0,2.0,0.3333333333333333,1,12,2320.356666666667,0.25,0.6666666666666666,0.16666666666666666,0.0,0.0,0,0,0.0,1515.51,1,1,1.0,1515.51,1,1,1.0,13922.140000000001,6,2,0.3333333333333333,0
LGS2ORD0043503,C014776,2025-12-11 12:00:00,Female,41,Bronze,Lazada,Khon Kaen,1045,Shopee,Credit_Card,12,12,3,0,40-50,34.833333333333336,9.0,3.0,0.3333333333333333,129,3,6837.561111111111,0.23,0.5555555555555556,0.1111111111111111,0.0,8907.3,1,0,0.0,8907.3,1,0,0.0,8907.3,1,0,0.0,61538.05,9,3,0.3333333333333333,0
LGS2ORD0043504,C012400,2025-12-11 12:00:00,Female,38,Bronze,TV,Phuket,1780,Lazada,PromptPay,12,12,3,0,30-40,59.333333333333336,11.0,3.0,0.2727272727272727,100,111,6509.026363636364,0.28,0.5454545454545454,0.09090909090909091,0.0,0.0,0,0,0.0,0.0,0,0,0.0,0.0,0,0,0.0,71599.29000000001,11,3,0.2727272727272727,1
LGS2ORD0043505,C011066,2025-12-11 13:00:00,Male,56,Silver,Web,Songkhla,1773,TV_Show,COD,13,12,3,0,>50,59.1,3.0,1.0,0.3333333333333333,188,166,19117.640000000003,0.25,0.6666666666666666,0.6666666666666666,0.0,0.0,0,0,0.0,0.0,0,0,0.0,0.0,0,0,0.0,57352.920000000006,3,1,0.3333333333333333,0
LGS2ORD0043506,C010861,2025-12-11 13:00:00,Male,24,Bronze,Web,Nakhon Ratchasima,708,Shopee,Bank_Transfer,13,12,3,0,20-30,23.6,7.0,1.0,0.14285714285714285,226,58,4431.957142857143,0.28,0.42857142857142855,0.2857142857142857,0.0,0.0,0,0,0.0,0.0,0,0,0.0,4229.34,1,0,0.0,31023.7,7,1,0.14285714285714285,0
LGS2ORD0043507,C011711,2025-12-11 13:00:00,Male,50,Bronze,Shopee,Bangkok,680,Shopee,COD,13,12,3,0,40-50,22.666666666666668,3.0,1.0,0.3333333333333333,290,6,7126.703333333334,0.23,0.6666666666666666,0.3333333333333333,0.0,5884.3,1,0,0.0,5884.3,1,0,0.0,5884.3,1,0,0.0,21380.11,3,1,0.3333333333333333,1
LGS2ORD0043508,C010352,2025-12-11 13:00:00,Female,48,Gold,Web,Bangkok,1421,Web,COD,13,12,3,0,40-50,47.36666666666667,5.0,1.0,0.2,155,49,4716.064,0.33,0.8,0.4,0.0,0.0,0,0,0.0,0.0,0,0,0.0,6296.18,1,0,0.0,23580.32,5,1,0.2,0
LGS2ORD0043509,C014637,2025-12-11 13:00:00,Female,44,Bronze,Web,Bangkok,1392,TV_Show,Bank_Transfer,13,12,3,0,40-50,46.4,3.0,0.0,0.0,-1,278,8315.736666666666,0.13,0.3333333333333333,0.0,0.0,0.0,0,0,0.0,0.0,0,0,0.0,0.0,0,0,0.0,24947.21,3,0,0.0,0
LGS2ORD0043510,C012611,2025-12-11 13:00:00,Male,55,Gold,Web,Remote_Area,868,CallCenter,Credit_Card,13,12,3,0,>50,28.933333333333334,7.0,2.0,0.2857142857142857,211,50,3855.9585714285718,0.33,0.5714285714285714,0.7142857142857143,0.0,0.0,0,0,0.0,0.0,0,0,0.0,13430.76,3,0,0.0,26991.710000000003,7,2,0.2857142857142857,0
LGS2ORD0043511,C011201,2025-12-11 14:00:00,Female,41,Silver,Web,Chonburi,820,Shopee,COD,14,12,3,0,40-50,27.333333333333332,5.0,2.0,0.4,9,14,5104.656,0.2,0.4,0.0,0.0,0.0,0,0,0.0,12797.59,2,1,0.5,12797.59,2,1,0.5,25523.28,5,2,0.4,0
LGS2ORD0043512,C015100,2025-12-11 14:00:00,Female,41,Bronze,Web,Chiang Mai,1732,Lazada,COD,14,12,3,0,40-50,57.733333333333334,6.0,0.0,0.0,-1,132,1858.6483333333335,0.28,0.3333333333333333,0.3333333333333333,0.0,0.0,0,0,0.0,0.0,0,0,0.0,0.0,0,0,0.0,11151.890000000001,6,0,0.0,0
LGS2ORD0043513,C015725,2025-12-11 14:00:00,Male,45,Silver,Lazada,Bangkok,868,TV_Show,COD,14,12,3,0,40-50,28.933333333333334,1.0,0.0,0.0,-1,126,12813.3,0.1,0.0,0.0,0.0,0.0,0,0,0.0,0.0,0,0,0.0,0.0,0,0,0.0,12813.3,1,0,0.0,0
LGS2ORD0043514,C015844,2025-12-11 14:00:00,Male,35,Bronze,TV,Bangkok,709,Web,COD,14,12,3,0,30-40,23.633333333333333,5.0,1.0,0.2,320,117,10193.702,0.23,0.6,0.2,0.0,0.0,0,0,0.0,0.0,0,0,0.0,0.0,0,0,0.0,50968.509999999995,5,1,0.2,0
LGS2ORD0043515,C015566,2025-12-11 14:00:00,Male,47,Bronze,TV,Bangkok,1121,Shopee,COD,14,12,3,0,40-50,37.36666666666667,6.0,1.0,0.16666666666666666,11,23,6058.708333333333,0.23,0.6666666666666666,0.3333333333333333,0.0,0.0,0,0,0.0,8420.54,1,1,1.0,20942.92,2,1,0.5,36352.25,6,1,0.16666666666666666,0
LGS2ORD0043516,C010496,2025-12-11 15:00:00,Female,46,Gold,Lazada,Chonburi,1293,Web,Credit_Card,15,12,3,0,40-50,43.1,3.0,0.0,0.0,-1,170,2150.12,0.28,1.0,0.3333333333333333,0.0,0.0,0,0,0.0,0.0,0,0,0.0,0.0,0,0,0.0,6450.36,3,0,0.0,0
LGS2ORD0043517,C011869,2025-12-11 15:00:00,Male,49,Platinum,Web,Bangkok,1705,Web,COD,15,12,3,0,40-50,56.833333333333336,4.0,2.0,0.5,7,17,2668.9575000000004,0.35,1.0,0.5,0.0,0.0,0,0,0.0,1360.7,1,1,1.0,1360.7,1,1,1.0,10675.830000000002,4,2,0.5,0
LGS2ORD0043518,C017712,2025-12-11 15:00:00,Female,37,Platinum,Lazada,Bangkok,521,Lazada,COD,15,12,3,0,30-40,17.366666666666667,5.0,0.0,0.0,-1,35,9036.022,0.3,0.6,0.4,0.0,0.0,0,0,0.0,0.0,0,0,0.0,6725.75,2,0,0.0,45180.11,5,0,0.0,1
LGS2ORD0043519,C010326,2025-12-11 15:00:00,Female,41,Silver,TV,Nakhon Ratchasima,1289,CallCenter,COD,15,12,3,0,40-50,42.96666666666667,2.0,1.0,0.5,320,35,3413.06,0.3,0.5,0.5,0.0,0.0,0,0,0.0,0.0,0,0,0.0,6011.98,1,0,0.0,6826.12,2,1,0.5,0
LGS2ORD0043520,C011343,2025-12-11 15:00:00,Male,45,Gold,CallCenter,Phuket,1679,Shopee,Credit_Card,15,12,3,0,40-50,55.96666666666667,3.0,1.0,0.3333333333333333,73,88,6805.186666666667,0.2299999999999999,0.3333333333333333,0.3333333333333333,0.0,0.0,0,0,0.0,0.0,0,0,0.0,4016.63,1,1,1.0,20415.56,3,1,0.3333333333333333,0
LGS2ORD0043521,C011699,2025-12-11 16:00:00,Male,47,Bronze,TV,Khon Kaen,1360,Lazada,COD,16,12,3,0,40-50,45.333333333333336,8.0,1.0,0.125,175,22,1475.8474999999999,0.23,0.625,0.375,0.0,0.0,0,0,0.0,1792.28,1,0,0.0,1792.28,1,0,0.0,11806.779999999999,8,1,0.125,0
LGS2ORD0043522,C014049,2025-12-11 16:00:00,Female,34,Bronze,TV,Nakhon Ratchasima,407,Lazada,COD,16,12,3,0,30-40,13.566666666666666,8.0,1.0,0.125,0,2,5961.056250000001,0.23,0.875,0.125,0.0,1664.0,1,0,0.0,3103.23,2,1,0.5,3670.59,3,1,0.3333333333333333,47688.450000000004,8,1,0.125,0
LGS2ORD0043523,C013639,2025-12-11 16:00:00,Female,56,Silver,TV,Songkhla,726,CallCenter,Credit_Card,16,12,3,0,>50,24.2,4.0,0.0,0.0,-1,202,10012.345,0.2,0.75,0.0,0.0,0.0,0,0,0.0,0.0,0,0,0.0,0.0,0,0,0.0,40049.38,4,0,0.0,0
LGS2ORD0043524,C015979,2025-12-11 16:00:00,Male,49,Silver,Lazada,Phuket,1625,TV_Show,COD,16,12,3,0,40-50,54.166666666666664,10.0,1.0,0.1,156,5,5065.811,0.3,0.6,0.3,0.0,480.22,1,0,0.0,9612.83,2,0,0.0,11779.09,4,0,0.0,50658.11,10,1,0.1,0
LGS2ORD0043525,C017715,2025-12-11 16:00:00,Male,18,Bronze,TV,Chiang Mai,1577,Shopee,COD,16,12,3,0,<20,52.56666666666667,2.0,1.0,0.5,230,160,11431.154999999999,0.28,0.5,0.5,0.0,0.0,0,0,0.0,0.0,0,0,0.0,0.0,0,0,0.0,22862.309999999998,2,1,0.5,1
LGS2ORD0043526,C012617,2025-12-11 17:00:00,Female,48,Silver,TV,Chonburi,937,Shopee,COD,17,12,3,0,40-50,31.233333333333334,5.0,1.0,0.2,158,35,4102.008,0.3,0.8,0.2,0.0,0.0,0,0,0.0,0.0,0,0,0.0,2355.11,1,0,0.0,20510.04,5,1,0.2,1
LGS2ORD0043527,C014598,2025-12-11 17:00:00,Male,54,Bronze,TV,Bangkok,1721,Shopee,PromptPay,17,12,3,0,>50,57.36666666666667,7.0,4.0,0.5714285714285714,74,88,5608.504285714285,0.23,0.8571428571428571,0.14285714285714285,0.0,0.0,0,0,0.0,0.0,0,0,0.0,2063.19,1,1,1.0,39259.53,7,4,0.5714285714285714,0
LGS2ORD0043528,C012870,2025-12-11 17:00:00,Male,55,Silver,Web,Bangkok,963,Lazada,COD,17,12,3,0,>50,32.1,11.0,2.0,0.18181818181818182,149,54,4462.87,0.3,0.36363636363636365,0.36363636363636365,0.0,0.0,0,0,0.0,0.0,0,0,0.0,13576.12,1,0,0.0,49091.57,11,2,0.18181818181818182,1
LGS2ORD0043529,C010485,2025-12-11 17:00:00,Female,41,Silver,Shopee,Bangkok,1331,TV_Show,PromptPay,17,12,3,0,40-50,44.36666666666667,4.0,1.0,0.25,141,119,7653.82,0.3,0.5,0.5,0.0,0.0,0,0,0.0,0.0,0,0,0.0,0.0,0,0,0.0,30615.28,4,1,0.25,0
LGS2ORD0043530,C011591,2025-12-11 17:00:00,Male,38,Silver,Lazada,Khon Kaen,1019,TV_Show,PromptPay,17,12,3,0,30-40,33.96666666666667,4.0,0.0,0.0,-1,31,2074.085,0.2,0.5,0.0,0.0,0.0,0,0,0.0,0.0,0,0,0.0,1641.75,2,0,0.0,8296.34,4,0,0.0,0
LGS2ORD0043531,C012310,2025-12-11 17:00:00,Male,31,Bronze,Lazada,Nakhon Ratchasima,1334,Web,PromptPay,17,12,3,0,30-40,44.46666666666667,10.0,2.0,0.2,63,1,7310.263000000001,0.28,0.4,0.2,0.0,1726.11,1,0,0.0,52287.490000000005,3,0,0.0,60188.4,4,1,0.25,73102.63,10,2,0.2,1
LGS2ORD0043532,C010584,2025-12-11 18:00:00,Male,44,Bronze,CallCenter,Bangkok,871,Shopee,COD,18,12,3,0,40-50,29.033333333333335,7.0,0.0,0.0,-1,50,2845.2700000000004,0.23,0.2857142857142857,0.14285714285714285,0.0,0.0,0,0,0.0,0.0,0,0,0.0,6961.6,2,0,0.0,19916.890000000003,7,0,0.0,0
LGS2ORD0043533,C013453,2025-12-11 18:00:00,Female,41,Bronze,CallCenter,Bangkok,1621,TV_Show,COD,18,12,3,0,40-50,54.03333333333333,5.0,3.0,0.6,158,71,6994.773999999999,0.28,0.6,0.2,0.0,0.0,0,0,0.0,0.0,0,0,0.0,801.46,1,0,0.0,34973.869999999995,5,3,0.6,0
LGS2ORD0043534,C016843,2025-12-11 18:00:00,Male,24,Silver,TV,Songkhla,1789,Shopee,Credit_Card,18,12,3,0,20-30,59.63333333333333,3.0,1.0,0.3333333333333333,241,82,9504.73,0.3,0.6666666666666666,0.6666666666666666,0.0,0.0,0,0,0.0,0.0,0,0,0.0,1759.46,1,0,0.0,28514.19,3,1,0.3333333333333333,0
LGS2ORD0043535,C016546,2025-12-11 18:00:00,Female,40,Gold,TV,Khon Kaen,388,Shopee,COD,18,12,3,0,30-40,12.933333333333334,7.0,0.0,0.0,-1,12,4487.960000000001,0.18,0.2857142857142857,0.0,0.0,0.0,0,0,0.0,5347.84,1,0,0.0,5347.84,1,0,0.0,31415.720000000005,7,0,0.0,0
LGS2ORD0043536,C015418,2025-12-11 18:00:00,Male,50,Silver,Web,Remote_Area,574,Lazada,Bank_Transfer,18,12,3,0,40-50,19.133333333333333,11.0,4.0,0.36363636363636365,112,33,4319.216363636363,0.3,0.45454545454545453,0.36363636363636365,0.0,0.0,0,0,0.0,0.0,0,0,0.0,23571.82,3,0,0.0,47511.38,11,4,0.36363636363636365,1
LGS2ORD0043537,C010580,2025-12-11 19:00:00,Male,38,Silver,Web,Nakhon Ratchasima,945,TV_Show,COD,19,12,3,0,30-40,31.5,3.0,0.0,0.0,-1,242,1566.176666666667,0.25,0.6666666666666666,0.3333333333333333,0.0,0.0,0,0,0.0,0.0,0,0,0.0,0.0,0,0,0.0,4698.530000000001,3,0,0.0,0
LGS2ORD0043538,C014509,2025-12-11 19:00:00,Male,53,Bronze,Lazada,Songkhla,988,TV_Show,PromptPay,19,12,3,0,>50,32.93333333333333,2.0,2.0,1.0,231,239,2733.0,0.18,0.5,0.0,0.0,0.0,0,0,0.0,0.0,0,0,0.0,0.0,0,0,0.0,5466.0,2,2,1.0,0
LGS2ORD0043539,C016257,2025-12-11 19:00:00,Female,20,Bronze,TV,Remote_Area,1566,TV_Show,COD,19,12,3,0,<20,52.2,7.0,1.0,0.14285714285714285,74,31,6287.812857142856,0.23,0.8571428571428571,0.5714285714285714,0.0,0.0,0,0,0.0,0.0,0,0,0.0,28048.41,4,1,0.25,44014.689999999995,7,1,0.14285714285714285,1
LGS2ORD0043540,C014086,2025-12-11 19:00:00,Male,50,Bronze,Web,Chonburi,1258,TV_Show,Bank_Transfer,19,12,3,0,40-50,41.93333333333333,11.0,2.0,0.18181818181818182,118,9,5142.158181818181,0.28,0.36363636363636365,0.09090909090909091,0.0,0.0,0,0,0.0,5398.24,2,0,0.0,17215.37,5,0,0.0,56563.74,11,2,0.18181818181818182,0
LGS2ORD0043541,C012788,2025-12-11 19:00:00,Male,32,Gold,Web,Phuket,1555,TV_Show,Bank_Transfer,19,12,3,0,30-40,51.833333333333336,2.0,0.0,0.0,-1,187,12033.345,0.28,0.5,0.5,0.0,0.0,0,0,0.0,0.0,0,0,0.0,0.0,0,0,0.0,24066.69,2,0,0.0,0
LGS2ORD0043542,C011400,2025-12-11 20:00:00,Male,56,Bronze,TV,Khon Kaen,566,CallCenter,COD,20,12,3,0,>50,18.866666666666667,4.0,0.0,0.0,-1,17,4734.547500000001,0.23,0.25,0.25,0.0,0.0,0,0,0.0,4726.26,1,0,0.0,17550.66,2,0,0.0,18938.190000000002,4,0,0.0,1
LGS2ORD0043543,C017369,2025-12-11 20:00:00,Female,51,Silver,Web,Bangkok,1734,TV_Show,COD,20,12,3,0,>50,57.8,5.0,1.0,0.2,224,116,4107.674000000001,0.2,0.8,0.0,0.0,0.0,0,0,0.0,0.0,0,0,0.0,0.0,0,0,0.0,20538.370000000003,5,1,0.2,0
LGS2ORD0043544,C014137,2025-12-11 20:00:00,Female,41,Bronze,Shopee,Songkhla,1062,CallCenter,COD,20,12,3,0,40-50,35.4,4.0,1.0,0.25,114,0,6035.1025,0.28,0.75,0.25,0.0,6996.69,1,0,0.0,6996.69,1,0,0.0,13946.38,2,0,0.0,24140.41,4,1,0.25,1
LGS2ORD0043545,C017080,2025-12-11 20:00:00,Other,40,Gold,Shopee,Remote_Area,399,CallCenter,COD,20,12,3,0,30-40,13.3,4.0,1.0,0.25,184,26,5943.6275000000005,0.28,0.5,0.5,0.0,0.0,0,0,0.0,8349.67,1,0,0.0,8349.67,1,0,0.0,23774.510000000002,4,1,0.25,1
LGS2ORD0043546,C014337,2025-12-11 20:00:00,Male,46,Silver,CallCenter,Chonburi,1472,Web,COD,20,12,3,0,40-50,49.06666666666667,4.0,0.0,0.0,-1,182,1446.57,0.1,0.25,0.0,0.0,0.0,0,0,0.0,0.0,0,0,0.0,0.0,0,0,0.0,5786.28,4,0,0.0,1
LGS2ORD0043547,C011307,2025-12-11 21:00:00,Female,55,Gold,Web,Remote_Area,1607,TV_Show,Credit_Card,21,12,3,0,>50,53.56666666666667,3.0,1.0,0.3333333333333333,273,106,1584.6666666666667,0.28,0.0,0.6666666666666666,0.3333333333333333,0.0,0,0,0.0,0.0,0,0,0.0,0.0,0,0,0.0,4754.0,3,1,0.3333333333333333,0
LGS2ORD0043548,C010023,2025-12-11 21:00:00,Male,41,Silver,CallCenter,Nakhon Ratchasima,389,Lazada,COD,21,12,3,0,40-50,12.966666666666667,3.0,1.0,0.3333333333333333,161,172,6314.803333333333,0.1,0.3333333333333333,0.0,0.0,0.0,0,0,0.0,0.0,0,0,0.0,0.0,0,0,0.0,18944.41,3,1,0.3333333333333333,0
LGS2ORD0043549,C010472,2025-12-11 21:00:00,Female,35,Silver,Lazada,Bangkok,1798,CallCenter,COD,21,12,3,0,30-40,59.93333333333333,4.0,0.0,0.0,-1,118,7538.3775,0.15,0.25,0.0,0.0,0.0,0,0,0.0,0.0,0,0,0.0,0.0,0,0,0.0,30153.51,4,0,0.0,0
LGS2ORD0043550,C016020,2025-12-11 21:00:00,Other,32,Platinum,Web,Bangkok,483,CallCenter,Credit_Card,21,12,3,0,30-40,16.1,1.0,1.0,1.0,39,47,656.14,0.35,1.0,1.0,0.0,0.0,0,0,0.0,0.0,0,0,0.0,656.14,1,1,1.0,656.14,1,1,1.0,0
LGS2ORD0043551,C012479,2025-12-11 21:00:00,Female,35,Gold,Web,Bangkok,944,Shopee,PromptPay,21,12,3,0,30-40,31.466666666666665,3.0,2.0,0.6666666666666666,170,186,4193.513333333333,0.33,0.6666666666666666,0.3333333333333333,0.0,0.0,0,0,0.0,0.0,0,0,0.0,0.0,0,0,0.0,12580.54,3,2,0.6666666666666666,0
LGS2ORD0043552,C011271,2025-12-11 21:00:00,Male,67,Bronze,Shopee,Bangkok,1754,TV_Show,COD,21,12,3,0,>50,58.46666666666667,0.0,0.0,0.0,-1,-1,0.0,0.0,0.0,0.0,0.0,0.0,0,0,0.0,0.0,0,0,0.0,0.0,0,0,0.0,0.0,0,0,0.0,0
LGS2ORD0043553,C015557,2025-12-11 22:00:00,Female,44,Bronze,TV,Nakhon Ratchasima,429,TV_Show,Credit_Card,22,12,3,0,40-50,14.3,9.0,1.0,0.1111111111111111,164,15,3634.04,0.28,0.5555555555555556,0.4444444444444444,0.0,0.0,0,0,0.0,5702.24,1,0,0.0,23649.910000000003,6,0,0.0,32706.36,9,1,0.1111111111111111,0
LGS2ORD0043554,C010381,2025-12-11 22:00:00,Female,28,Silver,CallCenter,Chonburi,1011,TV_Show,Credit_Card,22,12,3,0,20-30,33.7,8.0,1.0,0.125,222,17,4654.735,0.3,0.5,0.5,0.0,0.0,0,0,0.0,4052.37,1,0,0.0,4052.37,1,0,0.0,37237.88,8,1,0.125,0
LGS2ORD0043555,C015605,2025-12-11 22:00:00,Male,19,Silver,TV,Remote_Area,1709,Lazada,COD,22,12,3,0,<20,56.96666666666667,2.0,2.0,1.0,22,25,6952.5650000000005,0.25,1.0,0.5,0.0,0.0,0,0,0.0,7761.53,1,1,1.0,7761.53,1,1,1.0,13905.130000000001,2,2,1.0,0
LGS2ORD0043556,C013073,2025-12-11 22:00:00,Female,31,Bronze,TV,Khon Kaen,1053,CallCenter,Credit_Card,22,12,3,0,30-40,35.1,7.0,2.0,0.2857142857142857,109,53,10023.451428571429,0.28,0.7142857142857143,0.42857142857142855,0.0,0.0,0,0,0.0,0.0,0,0,0.0,3187.37,1,0,0.0,70164.16,7,2,0.2857142857142857,0
LGS2ORD0043557,C013743,2025-12-11 22:00:00,Female,26,Bronze,Lazada,Bangkok,1324,TV_Show,Credit_Card,22,12,3,0,20-30,44.13333333333333,1.0,0.0,0.0,-1,161,3538.96,0.18,0.0,0.0,0.0,0.0,0,0,0.0,0.0,0,0,0.0,0.0,0,0,0.0,3538.96,1,0,0.0,0
LGS2ORD0043558,C015454,2025-12-11 23:00:00,Female,30,Platinum,TV,Nakhon Ratchasima,1415,Shopee,COD,23,12,3,0,20-30,47.166666666666664,8.0,2.0,0.25,241,49,5492.05375,0.3,0.25,0.375,0.0,0.0,0,0,0.0,0.0,0,0,0.0,1548.23,1,0,0.0,43936.43,8,2,0.25,1
LGS2ORD0043559,C013373,2025-12-11 23:00:00,Female,52,Bronze,Lazada,Songkhla,841,TV_Show,PromptPay,23,12,3,0,>50,28.033333333333335,5.0,1.0,0.2,61,51,3526.278,0.18,0.2,0.0,0.0,0.0,0,0,0.0,0.0,0,0,0.0,8786.27,2,1,0.5,17631.39,5,1,0.2,0
LGS2ORD0043560,C011582,2025-12-11 23:00:00,Female,36,Bronze,Web,Khon Kaen,565,Shopee,COD,23,12,3,0,30-40,18.833333333333332,9.0,1.0,0.1111111111111111,170,86,4804.271111111111,0.28,0.5555555555555556,0.2222222222222222,0.0,0.0,0,0,0.0,0.0,0,0,0.0,9669.44,1,0,0.0,43238.44,9,1,0.1111111111111111,0
LGS2ORD0043561,C012810,2025-12-11 23:00:00,Female,49,Bronze,CallCenter,Chonburi,547,TV_Show,COD,23,12,3,0,40-50,18.233333333333334,8.0,2.0,0.25,37,5,4708.297500000001,0.18,0.75,0.0,0.0,2045.71,1,0,0.0,2045.71,1,0,0.0,4628.29,2,1,0.5,37666.380000000005,8,2,0.25,0
LGS2ORD0043562,C015306,2025-12-11 23:00:00,Male,42,Bronze,TV,Chiang Mai,1169,Shopee,COD,23,12,3,0,40-50,38.96666666666667,5.0,0.0,0.0,-1,54,4437.284,0.28,0.2,0.2,0.0,0.0,0,0,0.0,0.0,0,0,0.0,4125.23,1,0,0.0,22186.42,5,0,0.0,0
LGS2ORD0043563,C011989,2025-12-12 00:00:00,Male,32,Bronze,TV,Phuket,1391,Web,Bank_Transfer,0,12,4,0,30-40,46.36666666666667,11.0,3.0,0.2727272727272727,36,42,6656.569090909092,0.28,0.5454545454545454,0.18181818181818182,0.0,0.0,0,0,0.0,0.0,0,0,0.0,3325.88,1,1,1.0,73222.26000000001,11,3,0.2727272727272727,0
LGS2ORD0043564,C011988,2025-12-12 00:00:00,Male,52,Gold,Lazada,Chonburi,810,Shopee,COD,0,12,4,0,>50,27.0,2.0,0.0,0.0,-1,114,13245.765,0.33,0.0,0.5,0.0,0.0,0,0,0.0,0.0,0,0,0.0,0.0,0,0,0.0,26491.53,2,0,0.0,0
LGS2ORD0043565,C010997,2025-12-12 00:00:00,Male,18,Bronze,Lazada,Nakhon Ratchasima,405,Lazada,PromptPay,0,12,4,0,<20,13.5,4.0,1.0,0.25,205,215,3136.11,0.28,0.75,0.5,0.0,0.0,0,0,0.0,0.0,0,0,0.0,0.0,0,0,0.0,12544.44,4,1,0.25,0
LGS2ORD0043566,C011486,2025-12-12 00:00:00,Male,42,Gold,Web,Songkhla,480,Shopee,COD,0,12,4,0,40-50,16.0,3.0,1.0,0.3333333333333333,134,145,11120.5,0.28,0.6666666666666666,0.6666666666666666,0.0,0.0,0,0,0.0,0.0,0,0,0.0,0.0,0,0,0.0,33361.5,3,1,0.3333333333333333,0
LGS2ORD0043567,C015168,2025-12-12 00:00:00,Male,38,Bronze,TV,Bangkok,1134,TV_Show,Credit_Card,0,12,4,0,30-40,37.8,3.0,1.0,0.3333333333333333,221,4,19408.649999999998,0.23,0.3333333333333333,0.3333333333333333,0.0,22086.03,1,0,0.0,22086.03,1,0,0.0,22086.03,1,0,0.0,58225.95,3,1,0.3333333333333333,0
LGS2ORD0043568,C017068,2025-12-12 01:00:00,Male,57,Bronze,TV,Khon Kaen,500,Lazada,COD,1,12,4,0,>50,16.666666666666668,5.0,0.0,0.0,-1,3,3834.166,0.28,0.2,0.4,0.0,2197.72,1,0,0.0,5197.83,2,0,0.0,5197.83,2,0,0.0,19170.83,5,0,0.0,1
LGS2ORD0043569,C010529,2025-12-12 01:00:00,Female,50,Bronze,CallCenter,Bangkok,1703,Shopee,COD,1,12,4,0,40-50,56.766666666666666,4.0,0.0,0.0,-1,121,4504.015,0.23,0.5,0.25,0.0,0.0,0,0,0.0,0.0,0,0,0.0,0.0,0,0,0.0,18016.06,4,0,0.0,1
LGS2ORD0043570,C014519,2025-12-12 01:00:00,Female,48,Bronze,Shopee,Bangkok,381,CallCenter,COD,1,12,4,0,40-50,12.7,5.0,0.0,0.0,-1,85,3368.1980000000003,0.18,0.2,0.0,0.0,0.0,0,0,0.0,0.0,0,0,0.0,7695.63,1,0,0.0,16840.99,5,0,0.0,0
LGS2ORD0043571,C016861,2025-12-12 01:00:00,Female,31,Bronze,TV,Phuket,1788,Web,COD,1,12,4,0,30-40,59.6,3.0,0.0,0.0,-1,40,1859.0199999999998,0.28,0.6666666666666666,0.3333333333333333,0.0,0.0,0,0,0.0,0.0,0,0,0.0,4618.16,2,0,0.0,5577.0599999999995,3,0,0.0,1
LGS2ORD0043572,C014019,2025-12-12 01:00:00,Female,41,Gold,Web,Chonburi,460,CallCenter,COD,1,12,4,0,40-50,15.333333333333334,3.0,2.0,0.6666666666666666,250,258,2829.1133333333332,0.2299999999999999,0.6666666666666666,0.3333333333333333,0.0,0.0,0,0,0.0,0.0,0,0,0.0,0.0,0,0,0.0,8487.34,3,2,0.6666666666666666,0
LGS2ORD0043573,C014279,2025-12-12 01:00:00,Female,52,Bronze,TV,Phuket,376,TV_Show,COD,1,12,4,0,>50,12.533333333333333,7.0,4.0,0.5714285714285714,-3,4,3195.1542857142854,0.18,0.7142857142857143,0.0,0.0,671.45,1,1,1.0,9782.92,3,2,0.6666666666666666,10074.93,4,3,0.75,22366.079999999998,7,4,0.5714285714285714,1
LGS2ORD0043574,C012998,2025-12-12 02:00:00,Male,40,Silver,CallCenter,Bangkok,942,Web,Credit_Card,2,12,4,0,30-40,31.4,5.0,1.0,0.2,6,9,1454.386,0.25,0.4,0.6,0.0,0.0,0,0,0.0,1556.07,1,1,1.0,3026.76,3,1,0.3333333333333333,7271.929999999999,5,1,0.2,0
LGS2ORD0043575,C017132,2025-12-12 02:00:00,Male,61,Silver,TV,Bangkok,874,Web,Bank_Transfer,2,12,4,0,>50,29.133333333333333,9.0,2.0,0.2222222222222222,311,66,5590.336666666666,0.3,0.2222222222222222,0.1111111111111111,0.0,0.0,0,0,0.0,0.0,0,0,0.0,1036.89,1,0,0.0,50313.03,9,2,0.2222222222222222,0
LGS2ORD0043576,C010921,2025-12-12 02:00:00,Female,39,Gold,Shopee,Remote_Area,1107,Web,PromptPay,2,12,4,0,30-40,36.9,7.0,1.0,0.14285714285714285,18,11,6058.227142857142,0.33,0.5714285714285714,0.42857142857142855,0.0,0.0,0,0,0.0,10271.310000000001,2,1,0.5,10271.310000000001,2,1,0.5,42407.59,7,1,0.14285714285714285,1
LGS2ORD0043577,C015681,2025-12-12 02:00:00,Female,33,Silver,Lazada,Chonburi,1707,Lazada,COD,2,12,4,0,30-40,56.9,4.0,0.0,0.0,-1,15,9132.575,0.2,1.0,0.0,0.0,0.0,0,0,0.0,32323.35,2,0,0.0,32323.35,2,0,0.0,36530.3,4,0,0.0,0
LGS2ORD0043578,C017785,2025-12-12 02:00:00,Female,58,Silver,Lazada,Khon Kaen,1152,Web,Credit_Card,2,12,4,0,>50,38.4,6.0,0.0,0.0,-1,1,8845.37,0.25,0.8333333333333334,0.16666666666666666,0.0,1794.29,1,0,0.0,1794.29,1,0,0.0,2140.51,2,0,0.0,53072.22,6,0,0.0,0
LGS2ORD0043579,C016345,2025-12-12 03:00:00,Female,49,Platinum,CallCenter,Nakhon Ratchasima,1284,TV_Show,PromptPay,3,12,4,0,40-50,42.8,3.0,2.0,0.6666666666666666,158,165,4397.44,0.25,0.6666666666666666,0.3333333333333333,0.0,0.0,0,0,0.0,0.0,0,0,0.0,0.0,0,0,0.0,13192.32,3,2,0.6666666666666666,0
LGS2ORD0043580,C013011,2025-12-12 03:00:00,Female,24,Silver,TV,Chonburi,1298,CallCenter,Credit_Card,3,12,4,0,20-30,43.266666666666666,3.0,0.0,0.0,-1,79,4197.223333333333,0.25,0.0,0.3333333333333333,0.0,0.0,0,0,0.0,0.0,0,0,0.0,4964.04,1,0,0.0,12591.67,3,0,0.0,0
LGS2ORD0043581,C011380,2025-12-12 03:00:00,Female,26,Bronze,Shopee,Khon Kaen,1607,Web,COD,3,12,4,0,20-30,53.56666666666667,6.0,2.0,0.3333333333333333,195,15,4960.098333333334,0.28,0.6666666666666666,0.5,0.0,0.0,0,0,0.0,5241.47,1,0,0.0,5241.47,1,0,0.0,29760.590000000004,6,2,0.3333333333333333,0
LGS2ORD0043582,C012450,2025-12-12 03:00:00,Female,36,Gold,TV,Chiang Mai,1632,Lazada,Credit_Card,3,12,4,0,30-40,54.4,5.0,1.0,0.2,233,171,3805.124,0.33,0.6,0.6,0.0,0.0,0,0,0.0,0.0,0,0,0.0,0.0,0,0,0.0,19025.62,5,1,0.2,0
LGS2ORD0043583,C014900,2025-12-12 03:00:00,Male,51,Gold,Web,Phuket,1261,Lazada,Credit_Card,3,12,4,0,>50,42.03333333333333,4.0,2.0,0.5,54,62,8149.77,0.18,0.75,0.0,0.0,0.0,0,0,0.0,0.0,0,0,0.0,9796.18,2,1,0.5,32599.08,4,2,0.5,0
LGS2ORD0043584,C011814,2025-12-12 04:00:00,Female,44,Gold,Web,Chonburi,1327,Lazada,Credit_Card,4,12,4,0,40-50,44.233333333333334,6.0,1.0,0.16666666666666666,173,49,3864.25,0.33,0.8333333333333334,0.6666666666666666,0.0,0.0,0,0,0.0,0.0,0,0,0.0,681.04,1,0,0.0,23185.5,6,1,0.16666666666666666,0
LGS2ORD0043585,C016370,2025-12-12 04:00:00,Male,46,Bronze,Shopee,Nakhon Ratchasima,532,CallCenter,PromptPay,4,12,4,0,40-50,17.733333333333334,6.0,0.0,0.0,-1,40,4084.2883333333334,0.18,0.3333333333333333,0.0,0.0,0.0,0,0,0.0,0.0,0,0,0.0,16739.8,3,0,0.0,24505.73,6,0,0.0,0
LGS2ORD0043586,C016543,2025-12-12 04:00:00,Female,63,Silver,Lazada,Bangkok,527,Shopee,Credit_Card,4,12,4,0,>50,17.566666666666666,3.0,1.0,0.3333333333333333,252,246,891.7766666666666,0.15,0.3333333333333333,0.0,0.0,0.0,0,0,0.0,0.0,0,0,0.0,0.0,0,0,0.0,2675.33,3,1,0.3333333333333333,0
LGS2ORD0043587,C017569,2025-12-12 04:00:00,Male,53,Silver,TV,Chonburi,939,Lazada,COD,4,12,4,0,>50,31.3,5.0,0.0,0.0,-1,68,5673.046,0.3,0.6,0.6,0.0,0.0,0,0,0.0,0.0,0,0,0.0,23895.83,2,0,0.0,28365.230000000003,5,0,0.0,0
LGS2ORD0043588,C017378,2025-12-12 04:00:00,Male,36,Bronze,CallCenter,Chonburi,1008,Lazada,COD,4,12,4,0,30-40,33.6,9.0,1.0,0.1111111111111111,116,126,6388.043333333332,0.28,0.5555555555555556,0.2222222222222222,0.0,0.0,0,0,0.0,0.0,0,0,0.0,0.0,0,0,0.0,57492.38999999999,9,1,0.1111111111111111,0
LGS2ORD0043589,C011892,2025-12-12 05:00:00,Female,38,Gold,Lazada,Bangkok,450,Shopee,Credit_Card,5,12,4,0,30-40,15.0,4.0,0.0,0.0,-1,47,2542.2475,0.28,0.5,0.25,0.0,0.0,0,0,0.0,0.0,0,0,0.0,2998.47,1,0,0.0,10168.99,4,0,0.0,0
LGS2ORD0043590,C010299,2025-12-12 05:00:00,Female,18,Bronze,TV,Chonburi,563,Shopee,PromptPay,5,12,4,0,<20,18.766666666666666,10.0,3.0,0.3,21,28,7039.411000000002,0.28,0.4,0.2,0.0,0.0,0,0,0.0,1762.38,1,1,1.0,21193.93,5,2,0.4,70394.11000000002,10,3,0.3,0
LGS2ORD0043591,C012353,2025-12-12 05:00:00,Female,72,Bronze,Shopee,Remote_Area,1487,Shopee,COD,5,12,4,0,>50,49.56666666666667,7.0,1.0,0.14285714285714285,331,3,4025.077142857143,0.18,0.5714285714285714,0.0,0.0,1529.54,1,0,0.0,1529.54,1,0,0.0,1529.54,1,0,0.0,28175.54,7,1,0.14285714285714285,0
LGS2ORD0043592,C015858,2025-12-12 05:00:00,Female,41,Gold,Web,Bangkok,1457,Web,Credit_Card,5,12,4,0,40-50,48.56666666666667,7.0,1.0,0.14285714285714285,306,40,4130.471428571428,0.2299999999999999,0.2857142857142857,0.2857142857142857,0.0,0.0,0,0,0.0,0.0,0,0,0.0,5421.61,1,0,0.0,28913.3,7,1,0.14285714285714285,0
LGS2ORD0043593,C015973,2025-12-12 05:00:00,Male,46,Bronze,TV,Remote_Area,1306,Shopee,Bank_Transfer,5,12,4,0,40-50,43.53333333333333,6.0,4.0,0.6666666666666666,-4,5,3988.4900000000002,0.28,0.6666666666666666,0.16666666666666666,0.16666666666666666,1728.15,1,1,1.0,1728.15,1,1,1.0,14229.21,2,1,0.5,23930.940000000002,6,4,0.6666666666666666,0
LGS2ORD0043594,C014541,2025-12-12 05:00:00,Female,48,Bronze,Lazada,Phuket,991,TV_Show,PromptPay,5,12,4,0,40-50,33.03333333333333,8.0,3.0,0.375,72,24,5897.9075,0.23,0.625,0.625,0.0,0.0,0,0,0.0,16543.79,1,0,0.0,25794.010000000002,4,2,0.5,47183.26,8,3,0.375,0
LGS2ORD0043595,C014952,2025-12-12 06:00:00,Female,52,Bronze,TV,Bangkok,442,CallCenter,PromptPay,6,12,4,0,>50,14.733333333333333,3.0,1.0,0.3333333333333333,197,37,5107.653333333334,0.28,1.0,0.3333333333333333,0.0,0.0,0,0,0.0,0.0,0,0,0.0,1879.58,1,0,0.0,15322.960000000001,3,1,0.3333333333333333,0
LGS2ORD0043596,C013687,2025-12-12 06:00:00,Male,30,Silver,Lazada,Chonburi,1274,Web,Bank_Transfer,6,12,4,0,20-30,42.46666666666667,2.0,0.0,0.0,-1,83,6392.715,0.05,0.5,0.0,0.0,0.0,0,0,0.0,0.0,0,0,0.0,10563.14,1,0,0.0,12785.43,2,0,0.0,0
LGS2ORD0043597,C011710,2025-12-12 06:00:00,Female,18,Platinum,CallCenter,Khon Kaen,1121,TV_Show,COD,6,12,4,0,<20,37.36666666666667,6.0,2.0,0.3333333333333333,75,89,4657.9383333333335,0.25,0.3333333333333333,0.16666666666666666,0.0,0.0,0,0,0.0,0.0,0,0,0.0,1669.14,1,1,1.0,27947.63,6,2,0.3333333333333333,1
LGS2ORD0043598,C015906,2025-12-12 06:00:00,Female,64,Bronze,CallCenter,Chiang Mai,517,Lazada,COD,6,12,4,0,>50,17.233333333333334,6.0,2.0,0.3333333333333333,207,3,4464.611666666667,0.23,0.8333333333333334,0.3333333333333333,0.0,20734.239999999998,2,0,0.0,20734.239999999998,2,0,0.0,22016.54,3,0,0.0,26787.67,6,2,0.3333333333333333,1
LGS2ORD0043599,C012873,2025-12-12 06:00:00,Female,33,Bronze,Shopee,Songkhla,638,CallCenter,COD,6,12,4,0,30-40,21.266666666666666,8.0,2.0,0.25,23,22,3811.52,0.28,0.375,0.375,0.0,0.0,0,0,0.0,10200.789999999999,2,1,0.5,11992.31,3,2,0.6666666666666666,30492.16,8,2,0.25,1
LGS2ORD0043600,C013115,2025-12-12 07:00:00,Female,37,Gold,Shopee,Chonburi,1747,CallCenter,PromptPay,7,12,4,0,30-40,58.233333333333334,7.0,3.0,0.42857142857142855,40,49,7219.198571428572,0.28,0.42857142857142855,0.5714285714285714,0.0,0.0,0,0,0.0,0.0,0,0,0.0,22726.6,3,1,0.3333333333333333,50534.39000000001,7,3,0.42857142857142855,0
LGS2ORD0043601,C011015,2025-12-12 07:00:00,Female,41,Silver,CallCenter,Bangkok,1228,Shopee,PromptPay,7,12,4,0,40-50,40.93333333333333,3.0,0.0,0.0,-1,117,1750.83,0.1,1.0,0.0,0.0,0.0,0,0,0.0,0.0,0,0,0.0,0.0,0,0,0.0,5252.49,3,0,0.0,1
LGS2ORD0043602,C017925,2025-12-12 07:00:00,Male,46,Gold,CallCenter,Nakhon Ratchasima,632,CallCenter,Credit_Card,7,12,4,0,40-50,21.066666666666666,5.0,1.0,0.2,276,58,3705.232,0.28,0.4,0.4,0.0,0.0,0,0,0.0,0.0,0,0,0.0,4976.35,2,0,0.0,18526.16,5,1,0.2,0
LGS2ORD0043603,C015577,2025-12-12 07:00:00,Male,29,Silver,CallCenter,Nakhon Ratchasima,1482,Lazada,Credit_Card,7,12,4,0,20-30,49.4,5.0,1.0,0.2,268,37,5249.562,0.2,0.6,0.0,0.0,0.0,0,0,0.0,0.0,0,0,0.0,11922.5,1,0,0.0,26247.809999999998,5,1,0.2,0
LGS2ORD0043604,C017941,2025-12-12 07:00:00,Female,50,Platinum,Web,Bangkok,898,Lazada,COD,7,12,4,0,40-50,29.933333333333334,3.0,1.0,0.3333333333333333,33,44,4385.98,0.3,0.0,0.3333333333333333,0.0,0.0,0,0,0.0,0.0,0,0,0.0,8486.71,1,1,1.0,13157.939999999999,3,1,0.3333333333333333,0
LGS2ORD0043605,C017518,2025-12-12 08:00:00,Female,24,Silver,Lazada,Khon Kaen,1323,Web,COD,8,12,4,0,20-30,44.1,5.0,2.0,0.4,144,73,5854.83,0.2,1.0,0.0,0.0,0.0,0,0,0.0,0.0,0,0,0.0,1915.2,1,0,0.0,29274.15,5,2,0.4,0
LGS2ORD0043606,C012195,2025-12-12 08:00:00,Male,49,Platinum,Shopee,Khon Kaen,812,Web,Credit_Card,8,12,4,0,40-50,27.066666666666666,3.0,1.0,0.3333333333333333,123,60,3453.9566666666665,0.25,0.3333333333333333,1.0,0.0,0.0,0,0,0.0,0.0,0,0,0.0,5472.73,1,0,0.0,10361.869999999999,3,1,0.3333333333333333,0
LGS2ORD0043607,C010239,2025-12-12 08:00:00,Female,33,Gold,Shopee,Chiang Mai,896,TV_Show,COD,8,12,4,0,30-40,29.866666666666667,2.0,1.0,0.5,59,66,4687.715,0.18,1.0,0.0,0.0,0.0,0,0,0.0,0.0,0,0,0.0,1162.14,1,1,1.0,9375.43,2,1,0.5,0
LGS2ORD0043608,C013973,2025-12-12 08:00:00,Female,35,Bronze,TV,Phuket,1683,Shopee,COD,8,12,4,0,30-40,56.1,5.0,2.0,0.4,217,173,7642.24,0.23,0.8,0.2,0.0,0.0,0,0,0.0,0.0,0,0,0.0,0.0,0,0,0.0,38211.2,5,2,0.4,1
LGS2ORD0043609,C017590,2025-12-12 08:00:00,Female,51,Bronze,Shopee,Chonburi,819,TV_Show,COD,8,12,4,0,>50,27.3,4.0,1.0,0.25,199,36,4008.1724999999997,0.28,0.75,0.25,0.0,0.0,0,0,0.0,0.0,0,0,0.0,1406.54,1,0,0.0,16032.689999999999,4,1,0.25,0
LGS2ORD0043610,C013491,2025-12-12 08:00:00,Male,55,Gold,TV,Khon Kaen,589,Shopee,COD,8,12,4,0,>50,19.633333333333333,9.0,4.0,0.4444444444444444,34,39,3520.1299999999997,0.28,0.7777777777777778,0.3333333333333333,0.1111111111111111,0.0,0,0,0.0,0.0,0,0,0.0,2854.29,1,1,1.0,31681.17,9,4,0.4444444444444444,0
LGS2ORD0043611,C012566,2025-12-12 09:00:00,Female,34,Gold,Web,Bangkok,442,TV_Show,Credit_Card,9,12,4,0,30-40,14.733333333333333,6.0,3.0,0.5,31,37,3581.2383333333332,0.28,0.5,0.5,0.0,0.0,0,0,0.0,0.0,0,0,0.0,1629.24,1,1,1.0,21487.43,6,3,0.5,0
LGS2ORD0043612,C015444,2025-12-12 09:00:00,Male,51,Bronze,TV,Bangkok,788,Web,COD,9,12,4,0,>50,26.266666666666666,3.0,1.0,0.3333333333333333,259,232,7447.86,0.18,0.6666666666666666,0.0,0.0,0.0,0,0,0.0,0.0,0,0,0.0,0.0,0,0,0.0,22343.579999999998,3,1,0.3333333333333333,0
LGS2ORD0043613,C015048,2025-12-12 09:00:00,Male,62,Silver,Shopee,Nakhon Ratchasima,1331,TV_Show,COD,9,12,4,0,>50,44.36666666666667,1.0,0.0,0.0,-1,308,1881.54,0.3,0.0,1.0,0.0,0.0,0,0,0.0,0.0,0,0,0.0,0.0,0,0,0.0,1881.54,1,0,0.0,0
LGS2ORD0043614,C017101,2025-12-12 09:00:00,Female,38,Bronze,Web,Bangkok,1090,TV_Show,COD,9,12,4,0,30-40,36.333333333333336,5.0,1.0,0.2,151,25,5089.262000000001,0.28,0.6,0.2,0.0,0.0,0,0,0.0,1255.55,1,0,0.0,1255.55,1,0,0.0,25446.31,5,1,0.2,1
LGS2ORD0043615,C014467,2025-12-12 09:00:00,Female,36,Bronze,Lazada,Bangkok,801,CallCenter,Credit_Card,9,12,4,0,30-40,26.7,3.0,1.0,0.3333333333333333,328,93,13723.11,0.18,0.3333333333333333,0.0,0.0,0.0,0,0,0.0,0.0,0,0,0.0,0.0,0,0,0.0,41169.33,3,1,0.3333333333333333,0
LGS2ORD0043616,C011000,2025-12-12 10:00:00,Female,31,Bronze,Shopee,Bangkok,565,Shopee,COD,10,12,4,0,30-40,18.833333333333332,16.0,6.0,0.375,0,12,7122.831875,0.28,0.75,0.375,0.0,0.0,0,0,0.0,36390.43,2,1,0.5,42156.72,3,2,0.6666666666666666,113965.31,16,6,0.375,0
LGS2ORD0043617,C015617,2025-12-12 10:00:00,Male,38,Silver,TV,Chiang Mai,1546,Shopee,Credit_Card,10,12,4,0,30-40,51.53333333333333,5.0,1.0,0.2,177,69,5378.046,0.25,0.4,0.2,0.0,0.0,0,0,0.0,0.0,0,0,0.0,21555.2,2,0,0.0,26890.23,5,1,0.2,0
LGS2ORD0043618,C010932,2025-12-12 10:00:00,Female,54,Silver,Web,Songkhla,811,CallCenter,COD,10,12,4,0,>50,27.033333333333335,8.0,0.0,0.0,-1,28,6599.632500000001,0.25,0.375,0.125,0.0,0.0,0,0,0.0,1533.69,1,0,0.0,13248.320000000002,4,0,0.0,52797.060000000005,8,0,0.0,0
LGS2ORD0043619,C015586,2025-12-12 10:00:00,Male,25,Gold,Web,Bangkok,1576,Shopee,COD,10,12,4,0,20-30,52.53333333333333,4.0,2.0,0.5,86,96,4370.1625,0.28,0.5,0.5,0.0,0.0,0,0,0.0,0.0,0,0,0.0,0.0,0,0,0.0,17480.65,4,2,0.5,0
LGS2ORD0043620,C013486,2025-12-12 10:00:00,Male,61,Bronze,TV,Bangkok,674,Web,Credit_Card,10,12,4,0,>50,22.466666666666665,4.0,1.0,0.25,90,41,5934.6925,0.18,0.75,0.0,0.0,0.0,0,0,0.0,0.0,0,0,0.0,14466.19,2,0,0.0,23738.77,4,1,0.25,0
LGS2ORD0043621,C013845,2025-12-12 11:00:00,Male,36,Platinum,TV,Bangkok,955,Web,Bank_Transfer,11,12,4,0,30-40,31.833333333333332,3.0,1.0,0.3333333333333333,50,57,2274.4333333333334,0.3,0.3333333333333333,0.3333333333333333,0.0,0.0,0,0,0.0,0.0,0,0,0.0,4171.79,1,1,1.0,6823.3,3,1,0.3333333333333333,0
LGS2ORD0043622,C010721,2025-12-12 11:00:00,Female,59,Bronze,TV,Remote_Area,780,Web,COD,11,12,4,0,>50,26.0,2.0,1.0,0.5,215,100,2035.5,0.18,0.5,0.0,0.0,0.0,0,0,0.0,0.0,0,0,0.0,0.0,0,0,0.0,4071.0,2,1,0.5,0
LGS2ORD0043623,C015629,2025-12-12 11:00:00,Female,18,Bronze,Web,Bangkok,410,Lazada,COD,11,12,4,0,<20,13.666666666666666,2.0,0.0,0.0,-1,201,12712.585,0.03,0.0,0.0,0.0,0.0,0,0,0.0,0.0,0,0,0.0,0.0,0,0,0.0,25425.17,2,0,0.0,1
LGS2ORD0043624,C017378,2025-12-12 11:00:00,Male,36,Bronze,CallCenter,Chonburi,1008,Web,COD,11,12,4,0,30-40,33.6,10.0,1.0,0.1,116,0,5815.119,0.28,0.6,0.2,0.0,658.8,1,0,0.0,658.8,1,0,0.0,658.8,1,0,0.0,58151.189999999995,10,1,0.1,0
LGS2ORD0043625,C011001,2025-12-12 11:00:00,Male,57,Silver,TV,Nakhon Ratchasima,1483,CallCenter,Credit_Card,11,12,4,0,>50,49.43333333333333,7.0,1.0,0.14285714285714285,172,44,7507.854285714285,0.25,0.42857142857142855,0.14285714285714285,0.0,0.0,0,0,0.0,0.0,0,0,0.0,28570.120000000003,2,0,0.0,52554.979999999996,7,1,0.14285714285714285,1
LGS2ORD0043626,C016912,2025-12-12 12:00:00,Male,22,Bronze,TV,Nakhon Ratchasima,1262,TV_Show,PromptPay,12,12,4,0,20-30,42.06666666666667,6.0,0.0,0.0,-1,52,12681.561666666666,0.08,0.5,0.0,0.0,0.0,0,0,0.0,0.0,0,0,0.0,16915.68,2,0,0.0,76089.37,6,0,0.0,0
LGS2ORD0043627,C011275,2025-12-12 12:00:00,Female,46,Platinum,Shopee,Bangkok,1383,Shopee,COD,12,12,4,0,40-50,46.1,5.0,1.0,0.2,273,47,5084.996,0.3,0.4,0.4,0.0,0.0,0,0,0.0,0.0,0,0,0.0,5649.76,2,0,0.0,25424.98,5,1,0.2,0
LGS2ORD0043628,C010772,2025-12-12 12:00:00,Female,62,Gold,CallCenter,Songkhla,493,TV_Show,COD,12,12,4,0,>50,16.433333333333334,2.0,1.0,0.5,177,189,2091.945,0.2299999999999999,0.5,1.0,0.0,0.0,0,0,0.0,0.0,0,0,0.0,0.0,0,0,0.0,4183.89,2,1,0.5,0
LGS2ORD0043629,C012402,2025-12-12 12:00:00,Male,41,Silver,Shopee,Chonburi,1175,Web,Credit_Card,12,12,4,0,40-50,39.166666666666664,3.0,3.0,1.0,31,40,3459.1133333333332,0.15,0.6666666666666666,0.0,0.0,0.0,0,0,0.0,0.0,0,0,0.0,1613.2,1,1,1.0,10377.34,3,3,1.0,0
LGS2ORD0043630,C012917,2025-12-12 12:00:00,Female,54,Gold,Lazada,Chiang Mai,860,TV_Show,COD,12,12,4,0,>50,28.666666666666668,5.0,1.0,0.2,77,15,6092.884,0.2299999999999999,0.2,0.2,0.0,0.0,0,0,0.0,14207.79,1,0,0.0,18100.420000000002,2,1,0.5,30464.420000000002,5,1,0.2,0
LGS2ORD0043631,C014770,2025-12-12 12:00:00,Female,30,Bronze,Web,Bangkok,693,Web,Credit_Card,12,12,4,0,20-30,23.1,5.0,0.0,0.0,-1,105,11130.136000000002,0.23,1.0,0.2,0.0,0.0,0,0,0.0,0.0,0,0,0.0,0.0,0,0,0.0,55650.68000000001,5,0,0.0,0
LGS2ORD0043632,C015839,2025-12-12 13:00:00,Female,30,Silver,Shopee,Chiang Mai,611,Web,Credit_Card,13,12,4,0,20-30,20.366666666666667,4.0,0.0,0.0,-1,41,11822.2675,0.25,0.75,0.25,0.0,0.0,0,0,0.0,0.0,0,0,0.0,35955.149999999994,3,0,0.0,47289.07,4,0,0.0,0
LGS2ORD0043633,C015119,2025-12-12 13:00:00,Female,38,Bronze,Shopee,Remote_Area,1529,TV_Show,COD,13,12,4,0,30-40,50.96666666666667,5.0,4.0,0.8,-7,5,2332.396,0.23,1.0,0.2,0.0,1283.67,1,1,1.0,1283.67,1,1,1.0,1283.67,1,1,1.0,11661.980000000001,5,4,0.8,0
LGS2ORD0043634,C016823,2025-12-12 13:00:00,Other,45,Bronze,TV,Phuket,659,CallCenter,Credit_Card,13,12,4,0,40-50,21.966666666666665,9.0,4.0,0.4444444444444444,67,15,3841.53111111111,0.23,0.8888888888888888,0.2222222222222222,0.0,0.0,0,0,0.0,3044.81,2,0,0.0,9036.06,3,1,0.3333333333333333,34573.77999999999,9,4,0.4444444444444444,1
LGS2ORD0043635,C014550,2025-12-12 13:00:00,Female,18,Bronze,Lazada,Bangkok,1742,CallCenter,COD,13,12,4,0,<20,58.06666666666667,4.0,0.0,0.0,-1,39,3095.12,0.28,0.5,1.0,0.0,0.0,0,0,0.0,0.0,0,0,0.0,11165.690000000002,3,0,0.0,12380.48,4,0,0.0,1
LGS2ORD0043636,C016576,2025-12-12 13:00:00,Female,18,Bronze,Web,Chonburi,1114,Lazada,COD,13,12,4,0,<20,37.13333333333333,8.0,4.0,0.5,97,106,3904.8812500000004,0.23,0.625,0.25,0.0,0.0,0,0,0.0,0.0,0,0,0.0,0.0,0,0,0.0,31239.050000000003,8,4,0.5,1
LGS2ORD0043637,C010118,2025-12-12 14:00:00,Male,33,Silver,Lazada,Songkhla,1599,Shopee,PromptPay,14,12,4,0,30-40,53.3,8.0,2.0,0.25,40,32,6527.72875,0.3,0.375,0.25,0.0,0.0,0,0,0.0,0.0,0,0,0.0,5514.65,2,1,0.5,52221.83,8,2,0.25,1
LGS2ORD0043638,C010407,2025-12-12 14:00:00,Other,43,Gold,TV,Phuket,1082,Web,COD,14,12,4,0,40-50,36.06666666666667,5.0,1.0,0.2,20,32,2246.164,0.33,0.2,0.2,0.0,0.0,0,0,0.0,0.0,0,0,0.0,2680.33,2,1,0.5,11230.820000000002,5,1,0.2,0
LGS2ORD0043639,C017934,2025-12-12 14:00:00,Male,57,Silver,Shopee,Phuket,561,Shopee,PromptPay,14,12,4,0,>50,18.7,3.0,0.0,0.0,-1,15,5414.993333333334,0.2,0.6666666666666666,0.0,0.0,0.0,0,0,0.0,1508.99,1,0,0.0,1508.99,1,0,0.0,16244.980000000001,3,0,0.0,0
LGS2ORD0043640,C016489,2025-12-12 14:00:00,Female,28,Silver,TV,Bangkok,859,Web,Credit_Card,14,12,4,0,20-30,28.633333333333333,3.0,0.0,0.0,-1,207,8769.47,0.25,0.3333333333333333,0.3333333333333333,0.0,0.0,0,0,0.0,0.0,0,0,0.0,0.0,0,0,0.0,26308.41,3,0,0.0,0
LGS2ORD0043641,C017922,2025-12-12 14:00:00,Male,42,Bronze,CallCenter,Khon Kaen,1197,CallCenter,COD,14,12,4,0,40-50,39.9,15.0,4.0,0.26666666666666666,44,44,3105.101999999999,0.23,0.5333333333333333,0.13333333333333333,0.0,0.0,0,0,0.0,0.0,0,0,0.0,10818.25,4,1,0.25,46576.529999999984,15,4,0.26666666666666666,0
LGS2ORD0043642,C011769,2025-12-12 15:00:00,Female,46,Gold,Shopee,Chiang Mai,1012,TV_Show,COD,15,12,4,0,40-50,33.733333333333334,5.0,1.0,0.2,159,99,4845.536,0.13,0.8,0.0,0.0,0.0,0,0,0.0,0.0,0,0,0.0,0.0,0,0,0.0,24227.68,5,1,0.2,0
LGS2ORD0043643,C016537,2025-12-12 15:00:00,Male,56,Bronze,Web,Chonburi,1442,TV_Show,Credit_Card,15,12,4,0,>50,48.06666666666667,6.0,1.0,0.16666666666666666,-4,9,7069.7316666666675,0.28,0.5,0.16666666666666666,0.0,0.0,0,0,0.0,2485.36,1,1,1.0,27053.34,3,1,0.3333333333333333,42418.39000000001,6,1,0.16666666666666666,0
LGS2ORD0043644,C010755,2025-12-12 15:00:00,Male,29,Gold,CallCenter,Bangkok,501,Shopee,COD,15,12,4,0,20-30,16.7,5.0,0.0,0.0,-1,15,9492.244,0.28,1.0,0.6,0.0,0.0,0,0,0.0,3654.05,1,0,0.0,24737.489999999998,3,0,0.0,47461.22,5,0,0.0,1
LGS2ORD0043645,C010766,2025-12-12 15:00:00,Female,42,Bronze,Shopee,Chiang Mai,939,Shopee,Credit_Card,15,12,4,0,40-50,31.3,8.0,3.0,0.375,93,11,5214.337500000001,0.23,0.75,0.25,0.0,0.0,0,0,0.0,842.27,1,0,0.0,9502.720000000001,2,0,0.0,41714.700000000004,8,3,0.375,0
LGS2ORD0043646,C011661,2025-12-12 15:00:00,Male,43,Bronze,TV,Bangkok,1485,Lazada,COD,15,12,4,0,40-50,49.5,5.0,3.0,0.6,176,75,6260.978000000001,0.28,0.8,0.6,0.0,0.0,0,0,0.0,0.0,0,0,0.0,754.74,1,0,0.0,31304.890000000003,5,3,0.6,0
LGS2ORD0043647,C014055,2025-12-12 16:00:00,Female,29,Bronze,Web,Bangkok,1331,TV_Show,PromptPay,16,12,4,0,20-30,44.36666666666667,7.0,1.0,0.14285714285714285,16,27,4080.5999999999995,0.18,0.42857142857142855,0.0,0.0,0.0,0,0,0.0,1375.35,1,1,1.0,13633.22,3,1,0.3333333333333333,28564.199999999997,7,1,0.14285714285714285,0
LGS2ORD0043648,C013262,2025-12-12 16:00:00,Female,57,Bronze,Lazada,Bangkok,820,Web,Credit_Card,16,12,4,0,>50,27.333333333333332,2.0,2.0,1.0,160,174,3972.3999999999996,0.18,1.0,0.0,0.0,0.0,0,0,0.0,0.0,0,0,0.0,0.0,0,0,0.0,7944.799999999999,2,2,1.0,0
LGS2ORD0043649,C013723,2025-12-12 16:00:00,Male,23,Bronze,TV,Songkhla,773,TV_Show,COD,16,12,4,0,20-30,25.766666666666666,11.0,2.0,0.18181818181818182,153,46,3862.864545454546,0.28,0.5454545454545454,0.2727272727272727,0.0,0.0,0,0,0.0,0.0,0,0,0.0,1063.29,1,0,0.0,42491.51,11,2,0.18181818181818182,0
LGS2ORD0043650,C015548,2025-12-12 16:00:00,Male,50,Silver,Web,Chiang Mai,717,Lazada,COD,16,12,4,0,40-50,23.9,4.0,1.0,0.25,257,139,5086.8099999999995,0.2,0.75,0.0,0.0,0.0,0,0,0.0,0.0,0,0,0.0,0.0,0,0,0.0,20347.239999999998,4,1,0.25,0
LGS2ORD0043651,C016113,2025-12-12 16:00:00,Female,37,Bronze,TV,Chiang Mai,1515,TV_Show,Credit_Card,16,12,4,0,30-40,50.5,7.0,2.0,0.2857142857142857,55,48,9767.228571428572,0.28,0.5714285714285714,0.2857142857142857,0.0,0.0,0,0,0.0,0.0,0,0,0.0,15842.44,3,1,0.3333333333333333,68370.6,7,2,0.2857142857142857,0
LGS2ORD0043652,C010478,2025-12-12 16:00:00,Other,44,Gold,Lazada,Khon Kaen,962,TV_Show,COD,16,12,4,0,40-50,32.06666666666667,3.0,1.0,0.3333333333333333,192,3,9453.199999999999,0.33,0.3333333333333333,0.6666666666666666,0.0,9155.83,1,0,0.0,9155.83,1,0,0.0,9155.83,1,0,0.0,28359.6,3,1,0.3333333333333333,0
LGS2ORD0043653,C013229,2025-12-12 17:00:00,Male,50,Gold,Shopee,Remote_Area,1051,Lazada,Credit_Card,17,12,4,0,40-50,35.03333333333333,4.0,1.0,0.25,144,155,7818.3775,0.28,0.75,0.25,0.0,0.0,0,0,0.0,0.0,0,0,0.0,0.0,0,0,0.0,31273.51,4,1,0.25,0
LGS2ORD0043654,C013355,2025-12-12 17:00:00,Female,41,Silver,Web,Phuket,1382,Web,Credit_Card,17,12,4,0,40-50,46.06666666666667,6.0,4.0,0.6666666666666666,9,19,4803.333333333333,0.3,0.6666666666666666,0.6666666666666666,0.0,0.0,0,0,0.0,1219.33,1,1,1.0,13026.88,2,1,0.5,28820.0,6,4,0.6666666666666666,0
LGS2ORD0043655,C014132,2025-12-12 17:00:00,Other,46,Silver,Web,Songkhla,1378,TV_Show,COD,17,12,4,0,40-50,45.93333333333333,4.0,0.0,0.0,-1,32,7591.407500000001,0.2,0.25,0.0,0.0,0.0,0,0,0.0,0.0,0,0,0.0,9967.95,2,0,0.0,30365.630000000005,4,0,0.0,1
LGS2ORD0043656,C011259,2025-12-12 17:00:00,Other,40,Gold,Lazada,Khon Kaen,1419,Shopee,Bank_Transfer,17,12,4,0,30-40,47.3,3.0,0.0,0.0,-1,152,1916.82,0.33,0.0,0.3333333333333333,0.0,0.0,0,0,0.0,0.0,0,0,0.0,0.0,0,0,0.0,5750.46,3,0,0.0,0
LGS2ORD0043657,C017412,2025-12-12 17:00:00,Female,34,Silver,Lazada,Remote_Area,547,Web,COD,17,12,4,0,30-40,18.233333333333334,8.0,1.0,0.125,140,46,6912.05875,0.3,0.5,0.25,0.0,0.0,0,0,0.0,0.0,0,0,0.0,11021.22,3,0,0.0,55296.47,8,1,0.125,1
LGS2ORD0043658,C014108,2025-12-12 18:00:00,Male,66,Silver,TV,Khon Kaen,750,Lazada,Bank_Transfer,18,12,4,0,>50,25.0,7.0,2.0,0.2857142857142857,15,22,7189.74,0.3,0.5714285714285714,0.42857142857142855,0.0,0.0,0,0,0.0,1919.8,1,1,1.0,3424.42,2,1,0.5,50328.18,7,2,0.2857142857142857,0
LGS2ORD0043659,C015387,2025-12-12 18:00:00,Male,47,Bronze,Shopee,Bangkok,628,CallCenter,Credit_Card,18,12,4,0,40-50,20.933333333333334,9.0,3.0,0.3333333333333333,72,38,3446.417777777778,0.23,0.6666666666666666,0.1111111111111111,0.0,0.0,0,0,0.0,0.0,0,0,0.0,17743.190000000002,6,2,0.3333333333333333,31017.760000000002,9,3,0.3333333333333333,0
LGS2ORD0043660,C011762,2025-12-12 18:00:00,Female,72,Bronze,Shopee,Songkhla,1396,TV_Show,COD,18,12,4,0,>50,46.53333333333333,8.0,3.0,0.375,46,50,3800.45125,0.28,0.625,0.5,0.0,0.0,0,0,0.0,0.0,0,0,0.0,4337.96,1,1,1.0,30403.61,8,3,0.375,1
LGS2ORD0043661,C017450,2025-12-12 18:00:00,Female,50,Bronze,TV,Remote_Area,542,Web,COD,18,12,4,0,40-50,18.066666666666666,4.0,1.0,0.25,180,182,3110.05,0.23,0.25,0.25,0.0,0.0,0,0,0.0,0.0,0,0,0.0,0.0,0,0,0.0,12440.2,4,1,0.25,0
LGS2ORD0043662,C013078,2025-12-12 18:00:00,Female,45,Gold,Lazada,Remote_Area,1147,Shopee,COD,18,12,4,0,40-50,38.233333333333334,10.0,3.0,0.3,40,49,6599.373999999999,0.33,0.3,0.6,0.0,0.0,0,0,0.0,0.0,0,0,0.0,6330.47,1,1,1.0,65993.73999999999,10,3,0.3,0
LGS2ORD0043663,C017615,2025-12-12 19:00:00,Female,51,Bronze,Web,Chonburi,955,CallCenter,Credit_Card,19,12,4,0,>50,31.833333333333332,6.0,3.0,0.5,19,27,11673.9,0.18,0.6666666666666666,0.0,0.0,0.0,0,0,0.0,14380.14,1,1,1.0,14380.14,1,1,1.0,70043.4,6,3,0.5,0
LGS2ORD0043664,C017368,2025-12-12 19:00:00,Male,41,Silver,Web,Nakhon Ratchasima,1750,Lazada,Bank_Transfer,19,12,4,0,40-50,58.333333333333336,2.0,1.0,0.5,276,91,12574.11,0.2,1.0,0.0,0.0,0.0,0,0,0.0,0.0,0,0,0.0,0.0,0,0,0.0,25148.22,2,1,0.5,1
LGS2ORD0043665,C015054,2025-12-12 19:00:00,Female,36,Bronze,Web,Khon Kaen,1640,Lazada,COD,19,12,4,0,30-40,54.666666666666664,4.0,1.0,0.25,87,93,3145.2650000000003,0.23,1.0,0.25,0.0,0.0,0,0,0.0,0.0,0,0,0.0,0.0,0,0,0.0,12581.060000000001,4,1,0.25,0
LGS2ORD0043666,C016856,2025-12-12 19:00:00,Female,27,Silver,Web,Chiang Mai,717,TV_Show,Credit_Card,19,12,4,0,20-30,23.9,3.0,0.0,0.0,-1,19,8135.34,0.3,0.3333333333333333,0.3333333333333333,0.0,0.0,0,0,0.0,8327.44,1,0,0.0,11625.83,2,0,0.0,24406.02,3,0,0.0,0
LGS2ORD0043667,C011626,2025-12-12 19:00:00,Male,36,Bronze,Web,Songkhla,1323,Shopee,Credit_Card,19,12,4,0,30-40,44.1,5.0,3.0,0.6,75,18,4067.4579999999996,0.18,0.4,0.0,0.0,0.0,0,0,0.0,1301.41,1,0,0.0,4119.17,2,0,0.0,20337.289999999997,5,3,0.6,0
LGS2ORD0043668,C010829,2025-12-12 20:00:00,Male,34,Platinum,CallCenter,Chonburi,501,Shopee,Credit_Card,20,12,4,0,30-40,16.7,1.0,0.0,0.0,-1,327,2033.44,0.25,0.0,1.0,0.0,0.0,0,0,0.0,0.0,0,0,0.0,0.0,0,0,0.0,2033.44,1,0,0.0,0
LGS2ORD0043669,C015426,2025-12-12 20:00:00,Male,51,Bronze,Shopee,Songkhla,833,Web,COD,20,12,4,0,>50,27.766666666666666,6.0,3.0,0.5,28,38,10552.125,0.23,0.6666666666666666,0.3333333333333333,0.0,0.0,0,0,0.0,0.0,0,0,0.0,6813.83,2,1,0.5,63312.75,6,3,0.5,0
LGS2ORD0043670,C015468,2025-12-12 20:00:00,Female,45,Gold,Web,Songkhla,687,Lazada,PromptPay,20,12,4,0,40-50,22.9,4.0,0.0,0.0,-1,19,2842.405,0.28,0.25,0.25,0.0,0.0,0,0,0.0,2832.11,1,0,0.0,5748.370000000001,2,0,0.0,11369.62,4,0,0.0,0
LGS2ORD0043671,C017221,2025-12-12 20:00:00,Female,29,Gold,Shopee,Bangkok,1692,Shopee,COD,20,12,4,0,20-30,56.4,7.0,1.0,0.14285714285714285,183,92,8550.32714285714,0.28,0.14285714285714285,0.42857142857142855,0.0,0.0,0,0,0.0,0.0,0,0,0.0,0.0,0,0,0.0,59852.289999999986,7,1,0.14285714285714285,0
LGS2ORD0043672,C011716,2025-12-12 20:00:00,Female,48,Bronze,Shopee,Remote_Area,1355,TV_Show,Credit_Card,20,12,4,0,40-50,45.166666666666664,7.0,2.0,0.2857142857142857,44,55,6145.9514285714295,0.23,0.2857142857142857,0.2857142857142857,0.0,0.0,0,0,0.0,0.0,0,0,0.0,20844.010000000002,2,1,0.5,43021.66,7,2,0.2857142857142857,0
LGS2ORD0043673,C015814,2025-12-12 20:00:00,Male,30,Bronze,Lazada,Phuket,1391,Lazada,Credit_Card,20,12,4,0,20-30,46.36666666666667,5.0,0.0,0.0,-1,11,6443.3460000000005,0.28,0.6,0.4,0.0,0.0,0,0,0.0,12084.85,1,0,0.0,15987.92,2,0,0.0,32216.730000000003,5,0,0.0,0
LGS2ORD0043674,C017421,2025-12-12 21:00:00,Female,49,Gold,CallCenter,Bangkok,494,Shopee,COD,21,12,4,0,40-50,16.466666666666665,4.0,2.0,0.5,30,20,5686.155,0.33,0.75,0.25,0.0,0.0,0,0,0.0,1690.16,1,0,0.0,19548.18,3,1,0.3333333333333333,22744.62,4,2,0.5,0
LGS2ORD0043675,C013503,2025-12-12 21:00:00,Female,50,Gold,Lazada,Phuket,503,TV_Show,Credit_Card,21,12,4,0,40-50,16.766666666666666,8.0,2.0,0.25,204,53,6395.60625,0.28,0.375,0.75,0.0,0.0,0,0,0.0,0.0,0,0,0.0,10510.89,2,0,0.0,51164.85,8,2,0.25,0
LGS2ORD0043676,C016011,2025-12-12 21:00:00,Male,47,Platinum,Web,Bangkok,588,Web,Credit_Card,21,12,4,0,40-50,19.6,5.0,1.0,0.2,154,38,1065.114,0.25,0.2,0.2,0.0,0.0,0,0,0.0,0.0,0,0,0.0,379.01,1,0,0.0,5325.570000000001,5,1,0.2,0
LGS2ORD0043677,C010924,2025-12-12 21:00:00,Female,47,Silver,TV,Remote_Area,1789,Lazada,COD,21,12,4,0,40-50,59.63333333333333,8.0,0.0,0.0,-1,74,3310.77,0.3,0.375,0.25,0.0,0.0,0,0,0.0,0.0,0,0,0.0,6073.84,2,0,0.0,26486.16,8,0,0.0,0
LGS2ORD0043678,C011690,2025-12-12 21:00:00,Male,30,Platinum,Web,Bangkok,514,Web,COD,21,12,4,0,20-30,17.133333333333333,1.0,0.0,0.0,-1,111,4280.04,0.3,0.0,1.0,0.0,0.0,0,0,0.0,0.0,0,0,0.0,0.0,0,0,0.0,4280.04,1,0,0.0,0
LGS2ORD0043679,C017269,2025-12-12 22:00:00,Female,51,Bronze,Web,Bangkok,1785,Lazada,Bank_Transfer,22,12,4,0,>50,59.5,15.0,4.0,0.26666666666666666,60,26,7266.909999999999,0.28,0.6666666666666666,0.13333333333333333,0.0,0.0,0,0,0.0,14538.31,1,0,0.0,19498.4,4,2,0.5,109003.64999999998,15,4,0.26666666666666666,0
LGS2ORD0043680,C014527,2025-12-12 22:00:00,Female,26,Bronze,Shopee,Chiang Mai,1297,TV_Show,Credit_Card,22,12,4,0,20-30,43.233333333333334,9.0,1.0,0.1111111111111111,38,54,3174.4422222222224,0.28,0.3333333333333333,0.1111111111111111,0.0,0.0,0,0,0.0,0.0,0,0,0.0,9340.31,3,1,0.3333333333333333,28569.980000000003,9,1,0.1111111111111111,0
LGS2ORD0043681,C014639,2025-12-12 22:00:00,Male,64,Bronze,TV,Remote_Area,1217,Lazada,COD,22,12,4,0,>50,40.56666666666667,11.0,6.0,0.5454545454545454,33,45,3553.05,0.23,0.5454545454545454,0.2727272727272727,0.0,0.0,0,0,0.0,0.0,0,0,0.0,12120.550000000001,3,2,0.6666666666666666,39083.55,11,6,0.5454545454545454,1
LGS2ORD0043682,C016127,2025-12-12 22:00:00,Male,44,Silver,TV,Bangkok,615,Web,COD,22,12,4,0,40-50,20.5,8.0,2.0,0.25,15,24,3957.55875,0.3,0.625,0.5,0.0,0.0,0,0,0.0,8891.98,1,1,1.0,13021.82,2,2,1.0,31660.47,8,2,0.25,0
LGS2ORD0043683,C010204,2025-12-12 22:00:00,Male,18,Bronze,Shopee,Bangkok,1430,Lazada,PromptPay,22,12,4,0,<20,47.666666666666664,2.0,0.0,0.0,-1,127,999.295,0.28,0.5,0.5,0.0,0.0,0,0,0.0,0.0,0,0,0.0,0.0,0,0,0.0,1998.59,2,0,0.0,0
LGS2ORD0043684,C012499,2025-12-12 23:00:00,Male,44,Bronze,Shopee,Bangkok,761,CallCenter,Credit_Card,23,12,4,0,40-50,25.366666666666667,6.0,2.0,0.3333333333333333,201,90,5593.650000000001,0.28,0.6666666666666666,0.3333333333333333,0.0,0.0,0,0,0.0,0.0,0,0,0.0,0.0,0,0,0.0,33561.9,6,2,0.3333333333333333,0
LGS2ORD0043685,C017630,2025-12-12 23:00:00,Female,68,Gold,TV,Nakhon Ratchasima,456,Shopee,COD,23,12,4,0,>50,15.2,4.0,0.0,0.0,-1,36,4930.1075,0.28,0.5,1.0,0.0,0.0,0,0,0.0,0.0,0,0,0.0,6802.5,1,0,0.0,19720.43,4,0,0.0,0
LGS2ORD0043686,C010439,2025-12-12 23:00:00,Female,48,Bronze,TV,Bangkok,1328,TV_Show,Credit_Card,23,12,4,0,40-50,44.266666666666666,15.0,3.0,0.2,122,50,4296.013333333333,0.23,0.6666666666666666,0.06666666666666667,0.0,0.0,0,0,0.0,0.0,0,0,0.0,38099.65,5,0,0.0,64440.200000000004,15,3,0.2,1
LGS2ORD0043687,C017622,2025-12-12 23:00:00,Female,49,Silver,TV,Chiang Mai,1240,TV_Show,COD,23,12,4,0,40-50,41.333333333333336,12.0,2.0,0.16666666666666666,74,12,2671.62,0.3,0.25,0.3333333333333333,0.0,0.0,0,0,0.0,7438.890000000001,4,0,0.0,12343.75,5,0,0.0,32059.44,12,2,0.16666666666666666,0
LGS2ORD0043688,C011465,2025-12-12 23:00:00,Female,69,Silver,Web,Phuket,549,TV_Show,PromptPay,23,12,4,0,>50,18.3,4.0,1.0,0.25,96,17,6299.0824999999995,0.25,0.0,0.25,0.0,0.0,0,0,0.0,3881.64,1,0,0.0,3881.64,1,0,0.0,25196.329999999998,4,1,0.25,0
LGS2ORD0043689,C014024,2025-12-13 00:00:00,Male,36,Gold,CallCenter,Chiang Mai,411,TV_Show,PromptPay,0,12,5,1,30-40,13.7,6.0,2.0,0.3333333333333333,62,75,14191.433333333334,0.28,0.5,0.6666666666666666,0.0,0.0,0,0,0.0,0.0,0,0,0.0,30963.47,1,1,1.0,85148.6,6,2,0.3333333333333333,0
LGS2ORD0043690,C011809,2025-12-13 00:00:00,Female,37,Bronze,TV,Songkhla,823,Shopee,COD,0,12,5,1,30-40,27.433333333333334,7.0,4.0,0.5714285714285714,60,67,4491.465714285714,0.28,0.7142857142857143,0.14285714285714285,0.14285714285714285,0.0,0,0,0.0,0.0,0,0,0.0,8415.96,1,1,1.0,31440.26,7,4,0.5714285714285714,0
LGS2ORD0043691,C013054,2025-12-13 00:00:00,Female,64,Silver,Web,Khon Kaen,1781,Web,PromptPay,0,12,5,1,>50,59.36666666666667,4.0,1.0,0.25,318,165,14912.525,0.25,0.5,0.25,0.0,0.0,0,0,0.0,0.0,0,0,0.0,0.0,0,0,0.0,59650.1,4,1,0.25,0
LGS2ORD0043692,C010721,2025-12-13 00:00:00,Female,59,Bronze,TV,Remote_Area,781,Lazada,COD,0,12,5,1,>50,26.033333333333335,3.0,1.0,0.3333333333333333,215,0,1829.96,0.18,0.6666666666666666,0.0,0.0,1418.88,1,0,0.0,1418.88,1,0,0.0,1418.88,1,0,0.0,5489.88,3,1,0.3333333333333333,0
LGS2ORD0043693,C013202,2025-12-13 00:00:00,Male,30,Bronze,Web,Khon Kaen,1225,Shopee,COD,0,12,5,1,20-30,40.833333333333336,6.0,1.0,0.16666666666666666,287,9,5670.544999999999,0.28,0.8333333333333334,0.16666666666666666,0.0,0.0,0,0,0.0,577.52,1,0,0.0,577.52,1,0,0.0,34023.27,6,1,0.16666666666666666,0
LGS2ORD0043694,C015955,2025-12-13 00:00:00,Female,52,Bronze,TV,Chonburi,928,TV_Show,COD,0,12,5,1,>50,30.933333333333334,3.0,0.0,0.0,-1,58,3034.1499999999996,0.23,0.0,0.3333333333333333,0.0,0.0,0,0,0.0,0.0,0,0,0.0,841.56,1,0,0.0,9102.449999999999,3,0,0.0,0
LGS2ORD0043695,C013407,2025-12-13 01:00:00,Male,54,Gold,Web,Chiang Mai,1350,Shopee,COD,1,12,5,1,>50,45.0,2.0,0.0,0.0,-1,2,13898.625,0.28,1.0,0.5,0.0,26867.97,1,0,0.0,26867.97,1,0,0.0,26867.97,1,0,0.0,27797.25,2,0,0.0,0
LGS2ORD0043696,C013388,2025-12-13 01:00:00,Other,58,Silver,Web,Bangkok,1251,CallCenter,COD,1,12,5,1,>50,41.7,8.0,1.0,0.125,283,37,2311.88875,0.3,0.625,0.25,0.0,0.0,0,0,0.0,0.0,0,0,0.0,5203.71,3,0,0.0,18495.11,8,1,0.125,0
LGS2ORD0043697,C014968,2025-12-13 01:00:00,Male,24,Silver,Shopee,Chonburi,1080,Shopee,Bank_Transfer,1,12,5,1,20-30,36.0,5.0,1.0,0.2,9,15,4724.564,0.25,0.6,0.2,0.0,0.0,0,0,0.0,6923.59,1,1,1.0,6923.59,1,1,1.0,23622.82,5,1,0.2,0
LGS2ORD0043698,C017870,2025-12-13 01:00:00,Male,43,Bronze,TV,Chiang Mai,966,CallCenter,COD,1,12,5,1,40-50,32.2,9.0,2.0,0.2222222222222222,-4,4,5142.184444444445,0.28,0.4444444444444444,0.3333333333333333,0.0,8983.26,1,1,1.0,8983.26,1,1,1.0,15723.87,3,2,0.6666666666666666,46279.66,9,2,0.2222222222222222,0
LGS2ORD0043699,C014255,2025-12-13 01:00:00,Male,39,Bronze,Web,Nakhon Ratchasima,913,Shopee,COD,1,12,5,1,30-40,30.433333333333334,4.0,0.0,0.0,-1,14,4713.969999999999,0.18,0.25,0.0,0.0,0.0,0,0,0.0,5628.15,1,0,0.0,12626.88,2,0,0.0,18855.879999999997,4,0,0.0,0
LGS2ORD0043700,C014468,2025-12-13 02:00:00,Male,52,Gold,Web,Chonburi,1696,TV_Show,Credit_Card,2,12,5,1,>50,56.53333333333333,5.0,0.0,0.0,-1,4,1342.3080000000002,0.28,0.2,0.4,0.0,1661.77,1,0,0.0,1952.6599999999999,2,0,0.0,1952.6599999999999,2,0,0.0,6711.540000000001,5,0,0.0,0
LGS2ORD0043701,C016112,2025-12-13 02:00:00,Male,37,Silver,TV,Bangkok,1270,TV_Show,COD,2,12,5,1,30-40,42.333333333333336,6.0,0.0,0.0,-1,4,3394.625,0.3,0.16666666666666666,0.3333333333333333,0.0,1346.26,1,0,0.0,1346.26,1,0,0.0,1853.53,2,0,0.0,20367.75,6,0,0.0,0
LGS2ORD0043702,C017734,2025-12-13 02:00:00,Female,37,Silver,CallCenter,Bangkok,1426,Shopee,PromptPay,2,12,5,1,30-40,47.53333333333333,2.0,1.0,0.5,203,211,6286.025000000001,0.15,0.5,0.0,0.0,0.0,0,0,0.0,0.0,0,0,0.0,0.0,0,0,0.0,12572.050000000001,2,1,0.5,0
LGS2ORD0043703,C014163,2025-12-13 02:00:00,Male,44,Gold,Web,Chonburi,659,TV_Show,COD,2,12,5,1,40-50,21.966666666666665,5.0,1.0,0.2,8,16,6600.758,0.28,0.2,0.8,0.0,0.0,0,0,0.0,8076.3,2,1,0.5,11902.169999999998,3,1,0.3333333333333333,33003.79,5,1,0.2,0
LGS2ORD0043704,C011547,2025-12-13 02:00:00,Male,50,Bronze,CallCenter,Bangkok,1781,Web,COD,2,12,5,1,40-50,59.36666666666667,10.0,2.0,0.2,25,39,3007.9120000000003,0.28,0.7,0.5,0.0,0.0,0,0,0.0,0.0,0,0,0.0,5788.8,3,2,0.6666666666666666,30079.120000000003,10,2,0.2,0
LGS2ORD0043705,C016424,2025-12-13 03:00:00,Female,62,Silver,TV,Bangkok,1595,TV_Show,COD,3,12,5,1,>50,53.166666666666664,4.0,2.0,0.5,58,64,9582.4525,0.2,0.75,0.0,0.0,0.0,0,0,0.0,0.0,0,0,0.0,13941.67,1,1,1.0,38329.81,4,2,0.5,1
LGS2ORD0043706,C016239,2025-12-13 03:00:00,Female,25,Bronze,Lazada,Bangkok,1707,Shopee,Bank_Transfer,3,12,5,1,20-30,56.9,2.0,1.0,0.5,175,146,1535.675,0.18,0.5,0.0,0.0,0.0,0,0,0.0,0.0,0,0,0.0,0.0,0,0,0.0,3071.35,2,1,0.5,0
LGS2ORD0043707,C012484,2025-12-13 03:00:00,Male,52,Silver,CallCenter,Phuket,566,Shopee,PromptPay,3,12,5,1,>50,18.866666666666667,5.0,1.0,0.2,212,86,5951.936,0.3,0.6,0.2,0.0,0.0,0,0,0.0,0.0,0,0,0.0,730.28,1,0,0.0,29759.68,5,1,0.2,0
LGS2ORD0043708,C017842,2025-12-13 03:00:00,Male,20,Silver,Shopee,Bangkok,482,Web,PromptPay,3,12,5,1,<20,16.066666666666666,5.0,0.0,0.0,-1,33,5868.688,0.3,0.8,0.2,0.0,0.0,0,0,0.0,0.0,0,0,0.0,16779.04,2,0,0.0,29343.440000000002,5,0,0.0,0
LGS2ORD0043709,C010551,2025-12-13 03:00:00,Male,56,Bronze,Shopee,Chiang Mai,1380,Lazada,Credit_Card,3,12,5,1,>50,46.0,7.0,3.0,0.42857142857142855,43,53,4087.39,0.28,0.7142857142857143,0.14285714285714285,0.0,0.0,0,0,0.0,0.0,0,0,0.0,10339.11,3,1,0.3333333333333333,28611.73,7,3,0.42857142857142855,1
LGS2ORD0043710,C014227,2025-12-13 03:00:00,Female,42,Gold,Shopee,Bangkok,1552,Lazada,Credit_Card,3,12,5,1,40-50,51.733333333333334,1.0,0.0,0.0,-1,170,455.67,0.28,0.0,1.0,0.0,0.0,0,0,0.0,0.0,0,0,0.0,0.0,0,0,0.0,455.67,1,0,0.0,0
LGS2ORD0043711,C010487,2025-12-13 04:00:00,Male,63,Bronze,TV,Remote_Area,1357,Lazada,Credit_Card,4,12,5,1,>50,45.233333333333334,9.0,1.0,0.1111111111111111,139,73,5544.6900000000005,0.28,0.4444444444444444,0.4444444444444444,0.0,0.0,0,0,0.0,0.0,0,0,0.0,4807.66,1,0,0.0,49902.21000000001,9,1,0.1111111111111111,1
LGS2ORD0043712,C016199,2025-12-13 04:00:00,Female,51,Gold,Shopee,Nakhon Ratchasima,424,TV_Show,COD,4,12,5,1,>50,14.133333333333333,8.0,0.0,0.0,-1,60,6242.06875,0.33,0.5,0.375,0.0,0.0,0,0,0.0,0.0,0,0,0.0,6208.16,1,0,0.0,49936.55,8,0,0.0,0
LGS2ORD0043713,C011868,2025-12-13 04:00:00,Female,25,Gold,Shopee,Chonburi,1187,TV_Show,PromptPay,4,12,5,1,20-30,39.56666666666667,3.0,0.0,0.0,-1,143,4665.72,0.28,0.3333333333333333,1.0,0.0,0.0,0,0,0.0,0.0,0,0,0.0,0.0,0,0,0.0,13997.16,3,0,0.0,0
LGS2ORD0043714,C017468,2025-12-13 04:00:00,Female,53,Bronze,Web,Remote_Area,662,Web,COD,4,12,5,1,>50,22.066666666666666,3.0,1.0,0.3333333333333333,274,28,5917.04,0.18,0.3333333333333333,0.0,0.0,0.0,0,0,0.0,9150.3,1,0,0.0,9150.3,1,0,0.0,17751.12,3,1,0.3333333333333333,0
LGS2ORD0043715,C010491,2025-12-13 04:00:00,Male,49,Platinum,Web,Bangkok,447,TV_Show,COD,4,12,5,1,40-50,14.9,2.0,0.0,0.0,-1,78,5397.295,0.15,0.5,0.0,0.0,0.0,0,0,0.0,0.0,0,0,0.0,1604.91,1,0,0.0,10794.59,2,0,0.0,0
LGS2ORD0043716,C011907,2025-12-13 05:00:00,Male,41,Gold,TV,Phuket,1557,Web,Bank_Transfer,5,12,5,1,40-50,51.9,6.0,2.0,0.3333333333333333,-5,5,4021.0866666666666,0.2299999999999999,0.5,0.16666666666666666,0.0,734.61,1,1,1.0,734.61,1,1,1.0,2979.04,2,2,1.0,24126.52,6,2,0.3333333333333333,0
LGS2ORD0043717,C012209,2025-12-13 05:00:00,Male,59,Silver,Web,Songkhla,968,Web,PromptPay,5,12,5,1,>50,32.266666666666666,2.0,1.0,0.5,230,146,6144.214999999999,0.25,0.0,0.5,0.0,0.0,0,0,0.0,0.0,0,0,0.0,0.0,0,0,0.0,12288.429999999998,2,1,0.5,0
LGS2ORD0043718,C017505,2025-12-13 05:00:00,Female,27,Bronze,Web,Khon Kaen,765,TV_Show,COD,5,12,5,1,20-30,25.5,5.0,1.0,0.2,16,26,3341.614,0.28,0.8,0.4,0.0,0.0,0,0,0.0,4123.35,1,1,1.0,7436.700000000001,3,1,0.3333333333333333,16708.07,5,1,0.2,1
LGS2ORD0043719,C012498,2025-12-13 05:00:00,Male,46,Silver,TV,Nakhon Ratchasima,1076,Lazada,Credit_Card,5,12,5,1,40-50,35.86666666666667,2.0,0.0,0.0,-1,5,9666.869999999999,0.1,0.5,0.0,0.0,4394.99,1,0,0.0,4394.99,1,0,0.0,4394.99,1,0,0.0,19333.739999999998,2,0,0.0,1
LGS2ORD0043720,C016810,2025-12-13 05:00:00,Female,46,Bronze,Shopee,Nakhon Ratchasima,1803,CallCenter,COD,5,12,5,1,40-50,60.1,6.0,0.0,0.0,-1,45,6647.796666666666,0.13,0.5,0.0,0.0,0.0,0,0,0.0,0.0,0,0,0.0,11059.63,2,0,0.0,39886.78,6,0,0.0,0
LGS2ORD0043721,C017524,2025-12-13 06:00:00,Male,48,Bronze,Shopee,Remote_Area,1439,Shopee,PromptPay,6,12,5,1,40-50,47.96666666666667,11.0,7.0,0.6363636363636364,93,41,5334.897272727272,0.23,0.36363636363636365,0.18181818181818182,0.0,0.0,0,0,0.0,0.0,0,0,0.0,1555.71,1,0,0.0,58683.869999999995,11,7,0.6363636363636364,0
LGS2ORD0043722,C016525,2025-12-13 06:00:00,Female,45,Silver,Shopee,Bangkok,1677,Shopee,COD,6,12,5,1,40-50,55.9,5.0,1.0,0.2,261,7,3676.8940000000002,0.25,0.4,0.2,0.0,0.0,0,0,0.0,4906.6,1,0,0.0,11714.29,2,0,0.0,18384.47,5,1,0.2,0
LGS2ORD0043723,C010111,2025-12-13 06:00:00,Female,48,Silver,Lazada,Nakhon Ratchasima,797,Web,Bank_Transfer,6,12,5,1,40-50,26.566666666666666,3.0,0.0,0.0,-1,105,1436.4400000000003,0.2,1.0,0.0,0.0,0.0,0,0,0.0,0.0,0,0,0.0,0.0,0,0,0.0,4309.320000000001,3,0,0.0,0
LGS2ORD0043724,C014895,2025-12-13 06:00:00,Male,58,Bronze,Web,Songkhla,455,Web,PromptPay,6,12,5,1,>50,15.166666666666666,3.0,1.0,0.3333333333333333,132,108,3315.2766666666666,0.28,0.3333333333333333,0.3333333333333333,0.0,0.0,0,0,0.0,0.0,0,0,0.0,0.0,0,0,0.0,9945.83,3,1,0.3333333333333333,0
LGS2ORD0043725,C016131,2025-12-13 06:00:00,Male,37,Bronze,Web,Bangkok,1007,Lazada,COD,6,12,5,1,30-40,33.56666666666667,5.0,1.0,0.2,213,19,12663.046,0.23,0.8,0.2,0.0,0.0,0,0,0.0,19712.47,1,0,0.0,19712.47,1,0,0.0,63315.23,5,1,0.2,0
LGS2ORD0043726,C012744,2025-12-13 07:00:00,Female,34,Silver,Lazada,Chonburi,1592,Web,Credit_Card,7,12,5,1,30-40,53.06666666666667,4.0,2.0,0.5,71,80,7487.335,0.3,0.25,0.25,0.0,0.0,0,0,0.0,0.0,0,0,0.0,391.34,1,1,1.0,29949.34,4,2,0.5,1
LGS2ORD0043727,C013400,2025-12-13 07:00:00,Male,46,Gold,Web,Nakhon Ratchasima,1742,TV_Show,PromptPay,7,12,5,1,40-50,58.06666666666667,1.0,0.0,0.0,-1,278,7175.73,0.18,1.0,0.0,0.0,0.0,0,0,0.0,0.0,0,0,0.0,0.0,0,0,0.0,7175.73,1,0,0.0,0
LGS2ORD0043728,C011450,2025-12-13 07:00:00,Male,38,Bronze,Shopee,Remote_Area,1002,Lazada,Bank_Transfer,7,12,5,1,30-40,33.4,2.0,1.0,0.5,161,73,19911.530000000002,0.23,0.5,0.5,0.0,0.0,0,0,0.0,0.0,0,0,0.0,38158.9,1,0,0.0,39823.060000000005,2,1,0.5,0
LGS2ORD0043729,C017265,2025-12-13 07:00:00,Male,37,Bronze,TV,Phuket,1589,Shopee,COD,7,12,5,1,30-40,52.96666666666667,4.0,0.0,0.0,-1,24,3883.41,0.08,0.25,0.0,0.0,0.0,0,0,0.0,2019.11,1,0,0.0,11603.42,2,0,0.0,15533.64,4,0,0.0,0
LGS2ORD0043730,C014496,2025-12-13 07:00:00,Female,57,Gold,Lazada,Khon Kaen,695,TV_Show,Bank_Transfer,7,12,5,1,>50,23.166666666666668,8.0,1.0,0.125,319,11,10889.8,0.2299999999999999,0.375,0.25,0.0,0.0,0,0,0.0,30301.48,1,0,0.0,30301.48,1,0,0.0,87118.4,8,1,0.125,0
LGS2ORD0043731,C017232,2025-12-13 07:00:00,Male,24,Silver,Shopee,Bangkok,519,Web,COD,7,12,5,1,20-30,17.3,5.0,0.0,0.0,-1,89,2464.7400000000002,0.25,0.4,0.2,0.0,0.0,0,0,0.0,0.0,0,0,0.0,1476.93,1,0,0.0,12323.7,5,0,0.0,1
LGS2ORD0043732,C017827,2025-12-13 08:00:00,Female,44,Silver,Lazada,Bangkok,446,Lazada,Credit_Card,8,12,5,1,40-50,14.866666666666667,1.0,0.0,0.0,-1,146,5513.37,0.15,1.0,0.0,0.0,0.0,0,0,0.0,0.0,0,0,0.0,0.0,0,0,0.0,5513.37,1,0,0.0,0
LGS2ORD0043733,C015498,2025-12-13 08:00:00,Female,54,Bronze,TV,Songkhla,1757,Shopee,COD,8,12,5,1,>50,58.56666666666667,3.0,0.0,0.0,-1,140,1799.6733333333334,0.13,1.0,0.0,0.0,0.0,0,0,0.0,0.0,0,0,0.0,0.0,0,0,0.0,5399.02,3,0,0.0,1
LGS2ORD0043734,C016569,2025-12-13 08:00:00,Male,44,Gold,Web,Bangkok,850,Web,PromptPay,8,12,5,1,40-50,28.333333333333332,8.0,0.0,0.0,-1,104,5309.18875,0.2299999999999999,0.625,0.375,0.0,0.0,0,0,0.0,0.0,0,0,0.0,0.0,0,0,0.0,42473.51,8,0,0.0,0
LGS2ORD0043735,C017071,2025-12-13 08:00:00,Female,47,Bronze,Lazada,Chonburi,371,Lazada,PromptPay,8,12,5,1,40-50,12.366666666666667,8.0,1.0,0.125,75,11,8965.16,0.18,0.625,0.0,0.0,0.0,0,0,0.0,3882.38,1,0,0.0,58835.94,4,1,0.25,71721.28,8,1,0.125,0
LGS2ORD0043736,C014817,2025-12-13 08:00:00,Female,47,Gold,Shopee,Nakhon Ratchasima,1621,TV_Show,COD,8,12,5,1,40-50,54.03333333333333,2.0,1.0,0.5,133,147,5323.985,0.33,0.0,0.5,0.0,0.0,0,0,0.0,0.0,0,0,0.0,0.0,0,0,0.0,10647.97,2,1,0.5,0
LGS2ORD0043737,C010159,2025-12-13 09:00:00,Male,18,Silver,TV,Bangkok,909,Web,COD,9,12,5,1,<20,30.3,3.0,0.0,0.0,-1,9,3787.5,0.2,0.0,0.0,0.0,0.0,0,0,0.0,1268.88,1,0,0.0,1268.88,1,0,0.0,11362.5,3,0,0.0,0
LGS2ORD0043738,C015731,2025-12-13 09:00:00,Female,48,Bronze,Lazada,Phuket,1738,Web,Credit_Card,9,12,5,1,40-50,57.93333333333333,5.0,1.0,0.2,98,90,7551.378,0.23,0.6,0.2,0.0,0.0,0,0,0.0,0.0,0,0,0.0,0.0,0,0,0.0,37756.89,5,1,0.2,0
LGS2ORD0043739,C012294,2025-12-13 09:00:00,Male,40,Silver,Shopee,Khon Kaen,590,Shopee,COD,9,12,5,1,30-40,19.666666666666668,4.0,1.0,0.25,62,73,6838.6,0.3,0.25,0.25,0.0,0.0,0,0,0.0,0.0,0,0,0.0,19717.63,2,1,0.5,27354.4,4,1,0.25,0
LGS2ORD0043740,C015277,2025-12-13 09:00:00,Male,42,Bronze,Web,Bangkok,1614,Lazada,COD,9,12,5,1,40-50,53.8,7.0,1.0,0.14285714285714285,119,75,9359.347142857143,0.28,0.7142857142857143,0.14285714285714285,0.0,0.0,0,0,0.0,0.0,0,0,0.0,306.41,1,0,0.0,65515.43,7,1,0.14285714285714285,0
LGS2ORD0043741,C014243,2025-12-13 09:00:00,Male,51,Gold,TV,Bangkok,506,TV_Show,PromptPay,9,12,5,1,>50,16.866666666666667,3.0,1.0,0.3333333333333333,17,20,4018.16,0.28,0.6666666666666666,0.3333333333333333,0.0,0.0,0,0,0.0,7735.02,2,1,0.5,7735.02,2,1,0.5,12054.48,3,1,0.3333333333333333,0
LGS2ORD0043742,C013625,2025-12-13 10:00:00,Male,43,Bronze,Web,Bangkok,1748,Shopee,COD,10,12,5,1,40-50,58.266666666666666,6.0,3.0,0.5,-6,9,2887.4933333333333,0.28,0.6666666666666666,0.3333333333333333,0.0,0.0,0,0,0.0,1423.36,1,1,1.0,7981.96,2,1,0.5,17324.96,6,3,0.5,1
LGS2ORD0043743,C017487,2025-12-13 10:00:00,Male,36,Bronze,TV,Chiang Mai,546,Web,PromptPay,10,12,5,1,30-40,18.2,5.0,0.0,0.0,-1,96,2492.124,0.13,0.6,0.0,0.0,0.0,0,0,0.0,0.0,0,0,0.0,0.0,0,0,0.0,12460.619999999999,5,0,0.0,0
LGS2ORD0043744,C016647,2025-12-13 10:00:00,Male,39,Bronze,TV,Remote_Area,687,TV_Show,COD,10,12,5,1,30-40,22.9,5.0,3.0,0.6,19,26,8870.243999999999,0.23,0.8,0.2,0.0,0.0,0,0,0.0,3187.77,1,1,1.0,3187.77,1,1,1.0,44351.219999999994,5,3,0.6,1
LGS2ORD0043745,C011439,2025-12-13 10:00:00,Female,45,Silver,TV,Bangkok,1543,Lazada,Credit_Card,10,12,5,1,40-50,51.43333333333333,5.0,2.0,0.4,282,68,3333.1580000000004,0.3,0.6,0.4,0.0,0.0,0,0,0.0,0.0,0,0,0.0,8740.12,2,0,0.0,16665.79,5,2,0.4,0
LGS2ORD0043746,C017598,2025-12-13 10:00:00,Male,46,Silver,CallCenter,Chiang Mai,1769,TV_Show,COD,10,12,5,1,40-50,58.96666666666667,4.0,1.0,0.25,96,10,3733.2999999999997,0.3,0.5,0.25,0.0,0.0,0,0,0.0,4513.98,1,0,0.0,4513.98,1,0,0.0,14933.199999999999,4,1,0.25,0
LGS2ORD0043747,C016893,2025-12-13 11:00:00,Other,37,Gold,Shopee,Bangkok,420,Shopee,COD,11,12,5,1,30-40,14.0,5.0,1.0,0.2,170,27,3910.5199999999995,0.33,0.4,0.2,0.0,0.0,0,0,0.0,3805.62,1,0,0.0,3805.62,1,0,0.0,19552.6,5,1,0.2,0
LGS2ORD0043748,C015516,2025-12-13 11:00:00,Male,46,Silver,TV,Nakhon Ratchasima,765,Shopee,Credit_Card,11,12,5,1,40-50,25.5,4.0,0.0,0.0,-1,51,10647.0075,0.2,0.5,0.0,0.0,0.0,0,0,0.0,0.0,0,0,0.0,1352.24,1,0,0.0,42588.03,4,0,0.0,0
LGS2ORD0043749,C010047,2025-12-13 11:00:00,Male,51,Bronze,CallCenter,Chonburi,1697,Lazada,COD,11,12,5,1,>50,56.56666666666667,9.0,2.0,0.2222222222222222,13,20,5533.656666666667,0.28,0.2222222222222222,0.1111111111111111,0.0,0.0,0,0,0.0,12763.14,1,1,1.0,18219.66,3,1,0.3333333333333333,49802.91,9,2,0.2222222222222222,0
LGS2ORD0043750,C014729,2025-12-13 11:00:00,Female,57,Bronze,CallCenter,Bangkok,1724,Shopee,COD,11,12,5,1,>50,57.46666666666667,13.0,1.0,0.07692307692307693,184,5,4862.4361538461535,0.28,0.5384615384615384,0.38461538461538464,0.0,23315.6,2,0,0.0,26488.83,3,0,0.0,42881.69,6,0,0.0,63211.67,13,1,0.07692307692307693,0
LGS2ORD0043751,C016395,2025-12-13 11:00:00,Male,45,Bronze,Shopee,Nakhon Ratchasima,1242,TV_Show,PromptPay,11,12,5,1,40-50,41.4,12.0,3.0,0.25,222,47,4532.492499999999,0.28,0.4166666666666667,0.4166666666666667,0.0,0.0,0,0,0.0,0.0,0,0,0.0,27150.250000000004,5,0,0.0,54389.90999999999,12,3,0.25,0
LGS2ORD0043752,C015564,2025-12-13 11:00:00,Female,44,Bronze,TV,Bangkok,1263,Lazada,COD,11,12,5,1,40-50,42.1,3.0,1.0,0.3333333333333333,220,49,8941.316666666668,0.18,0.6666666666666666,0.0,0.0,0.0,0,0,0.0,0.0,0,0,0.0,21349.0,1,0,0.0,26823.95,3,1,0.3333333333333333,0
LGS2ORD0043753,C013296,2025-12-13 12:00:00,Female,46,Silver,Web,Khon Kaen,1325,Web,PromptPay,12,12,5,1,40-50,44.166666666666664,3.0,1.0,0.3333333333333333,32,37,4538.110000000001,0.3,0.6666666666666666,0.3333333333333333,0.0,0.0,0,0,0.0,0.0,0,0,0.0,2774.79,1,1,1.0,13614.330000000002,3,1,0.3333333333333333,0
LGS2ORD0043754,C012214,2025-12-13 12:00:00,Female,48,Bronze,Shopee,Remote_Area,1729,TV_Show,Credit_Card,12,12,5,1,40-50,57.63333333333333,9.0,3.0,0.3333333333333333,35,9,6559.1466666666665,0.28,0.4444444444444444,0.3333333333333333,0.0,0.0,0,0,0.0,5943.54,1,0,0.0,28644.39,5,2,0.4,59032.32,9,3,0.3333333333333333,0
LGS2ORD0043755,C012405,2025-12-13 12:00:00,Male,40,Gold,TV,Chonburi,881,Web,PromptPay,12,12,5,1,30-40,29.366666666666667,4.0,1.0,0.25,12,23,10438.137499999999,0.33,0.25,0.5,0.0,0.0,0,0,0.0,2759.23,2,1,0.5,2759.23,2,1,0.5,41752.549999999996,4,1,0.25,0
LGS2ORD0043756,C012343,2025-12-13 12:00:00,Male,50,Silver,TV,Nakhon Ratchasima,821,Web,COD,12,12,5,1,40-50,27.366666666666667,3.0,1.0,0.3333333333333333,273,5,2913.24,0.2,0.6666666666666666,0.0,0.0,3576.64,1,0,0.0,3576.64,1,0,0.0,3576.64,1,0,0.0,8739.72,3,1,0.3333333333333333,0
LGS2ORD0043757,C012135,2025-12-13 12:00:00,Female,60,Silver,Web,Bangkok,968,TV_Show,COD,12,12,5,1,>50,32.266666666666666,5.0,1.0,0.2,258,47,3001.8540000000003,0.3,0.6,0.2,0.0,0.0,0,0,0.0,0.0,0,0,0.0,9025.07,1,0,0.0,15009.27,5,1,0.2,0
LGS2ORD0043758,C017789,2025-12-13 13:00:00,Male,41,Platinum,Shopee,Songkhla,1023,TV_Show,COD,13,12,5,1,40-50,34.1,4.0,1.0,0.25,219,66,3052.1099999999997,0.25,0.25,0.25,0.0,0.0,0,0,0.0,0.0,0,0,0.0,2681.37,1,0,0.0,12208.439999999999,4,1,0.25,1
LGS2ORD0043759,C016346,2025-12-13 13:00:00,Female,24,Bronze,Shopee,Songkhla,859,Web,PromptPay,13,12,5,1,20-30,28.633333333333333,4.0,1.0,0.25,141,133,3982.85,0.18,0.75,0.0,0.0,0.0,0,0,0.0,0.0,0,0,0.0,0.0,0,0,0.0,15931.4,4,1,0.25,1
LGS2ORD0043760,C010155,2025-12-13 13:00:00,Male,37,Bronze,Shopee,Bangkok,758,TV_Show,COD,13,12,5,1,30-40,25.266666666666666,11.0,0.0,0.0,-1,20,3094.1463636363637,0.28,0.45454545454545453,0.18181818181818182,0.0,0.0,0,0,0.0,3569.33,1,0,0.0,7162.95,3,0,0.0,34035.61,11,0,0.0,1
LGS2ORD0043761,C016267,2025-12-13 13:00:00,Female,49,Silver,TV,Bangkok,1289,Web,Credit_Card,13,12,5,1,40-50,42.96666666666667,5.0,0.0,0.0,-1,3,8841.898000000001,0.15,0.2,0.0,0.0,3184.48,1,0,0.0,3184.48,1,0,0.0,5309.88,2,0,0.0,44209.490000000005,5,0,0.0,0
LGS2ORD0043762,C015135,2025-12-13 13:00:00,Female,40,Gold,Shopee,Khon Kaen,1566,TV_Show,PromptPay,13,12,5,1,30-40,52.2,7.0,0.0,0.0,-1,48,3371.2500000000005,0.33,0.42857142857142855,0.14285714285714285,0.0,0.0,0,0,0.0,0.0,0,0,0.0,673.05,1,0,0.0,23598.750000000004,7,0,0.0,0
LGS2ORD0043763,C017154,2025-12-13 14:00:00,Male,54,Bronze,TV,Nakhon Ratchasima,1686,Web,COD,14,12,5,1,>50,56.2,5.0,2.0,0.4,160,164,4858.532000000001,0.13,0.6,0.0,0.0,0.0,0,0,0.0,0.0,0,0,0.0,0.0,0,0,0.0,24292.660000000003,5,2,0.4,0
LGS2ORD0043764,C013910,2025-12-13 14:00:00,Male,33,Silver,Lazada,Chiang Mai,1023,Web,Bank_Transfer,14,12,5,1,30-40,34.1,6.0,0.0,0.0,-1,79,6648.691666666666,0.3,0.3333333333333333,0.16666666666666666,0.0,0.0,0,0,0.0,0.0,0,0,0.0,22597.57,2,0,0.0,39892.149999999994,6,0,0.0,1
LGS2ORD0043765,C016809,2025-12-13 14:00:00,Female,72,Bronze,TV,Chonburi,915,TV_Show,PromptPay,14,12,5,1,>50,30.5,5.0,2.0,0.4,175,64,9341.155999999999,0.28,0.6,0.2,0.0,0.0,0,0,0.0,0.0,0,0,0.0,37102.43,1,0,0.0,46705.78,5,2,0.4,0
LGS2ORD0043766,C014689,2025-12-13 14:00:00,Male,37,Silver,Shopee,Chiang Mai,601,Lazada,COD,14,12,5,1,30-40,20.033333333333335,8.0,1.0,0.125,57,14,3083.8949999999995,0.25,0.625,0.25,0.0,0.0,0,0,0.0,2068.97,1,0,0.0,10959.41,3,1,0.3333333333333333,24671.159999999996,8,1,0.125,1
LGS2ORD0043767,C010002,2025-12-13 14:00:00,Male,34,Platinum,Lazada,Bangkok,651,Lazada,Bank_Transfer,14,12,5,1,30-40,21.7,5.0,2.0,0.4,122,94,3268.964,0.3,0.4,0.6,0.0,0.0,0,0,0.0,0.0,0,0,0.0,0.0,0,0,0.0,16344.82,5,2,0.4,1
LGS2ORD0043768,C015696,2025-12-13 15:00:00,Female,54,Bronze,Shopee,Songkhla,933,Shopee,Credit_Card,15,12,5,1,>50,31.1,2.0,2.0,1.0,182,190,3806.875,0.23,0.5,0.5,0.0,0.0,0,0,0.0,0.0,0,0,0.0,0.0,0,0,0.0,7613.75,2,2,1.0,0
LGS2ORD0043769,C014590,2025-12-13 15:00:00,Male,53,Silver,Web,Bangkok,1382,TV_Show,COD,15,12,5,1,>50,46.06666666666667,4.0,2.0,0.5,1,11,7487.0875,0.2,0.75,0.0,0.0,0.0,0,0,0.0,20774.98,1,1,1.0,20774.98,1,1,1.0,29948.35,4,2,0.5,0
LGS2ORD0043770,C013192,2025-12-13 15:00:00,Male,53,Gold,Shopee,Khon Kaen,774,CallCenter,COD,15,12,5,1,>50,25.8,8.0,1.0,0.125,326,81,4090.6049999999996,0.2299999999999999,0.75,0.25,0.0,0.0,0,0,0.0,0.0,0,0,0.0,2763.06,1,0,0.0,32724.839999999997,8,1,0.125,0
LGS2ORD0043771,C013579,2025-12-13 15:00:00,Male,36,Silver,CallCenter,Nakhon Ratchasima,1390,Web,Bank_Transfer,15,12,5,1,30-40,46.333333333333336,5.0,1.0,0.2,299,14,10540.272,0.2,0.2,0.0,0.0,0.0,0,0,0.0,6536.31,1,0,0.0,6536.31,1,0,0.0,52701.36,5,1,0.2,0
LGS2ORD0043772,C013883,2025-12-13 15:00:00,Female,40,Platinum,Lazada,Bangkok,1234,Shopee,COD,15,12,5,1,30-40,41.13333333333333,3.0,1.0,0.3333333333333333,4,11,4354.78,0.25,0.3333333333333333,0.6666666666666666,0.0,0.0,0,0,0.0,13064.34,3,1,0.3333333333333333,13064.34,3,1,0.3333333333333333,13064.34,3,1,0.3333333333333333,0
LGS2ORD0043773,C014238,2025-12-13 15:00:00,Female,66,Silver,TV,Khon Kaen,1369,Shopee,PromptPay,15,12,5,1,>50,45.63333333333333,11.0,3.0,0.2727272727272727,129,35,5790.368181818182,0.3,0.45454545454545453,0.36363636363636365,0.0,0.0,0,0,0.0,0.0,0,0,0.0,5724.8,2,0,0.0,63694.05,11,3,0.2727272727272727,0
LGS2ORD0043774,C010307,2025-12-13 16:00:00,Male,54,Bronze,Shopee,Chonburi,621,Web,Bank_Transfer,16,12,5,1,>50,20.7,5.0,2.0,0.4,93,98,4851.76,0.23,1.0,0.2,0.0,0.0,0,0,0.0,0.0,0,0,0.0,0.0,0,0,0.0,24258.8,5,2,0.4,0
LGS2ORD0043775,C016496,2025-12-13 16:00:00,Female,62,Bronze,TV,Bangkok,372,CallCenter,COD,16,12,5,1,>50,12.4,6.0,0.0,0.0,-1,70,4755.451666666667,0.23,0.3333333333333333,0.16666666666666666,0.0,0.0,0,0,0.0,0.0,0,0,0.0,4124.22,2,0,0.0,28532.71,6,0,0.0,1
LGS2ORD0043776,C017591,2025-12-13 16:00:00,Male,49,Bronze,Lazada,Remote_Area,1201,TV_Show,COD,16,12,5,1,40-50,40.03333333333333,9.0,3.0,0.3333333333333333,6,11,5417.778888888889,0.28,0.2222222222222222,0.3333333333333333,0.0,0.0,0,0,0.0,13498.310000000001,2,2,1.0,13498.310000000001,2,2,1.0,48760.01,9,3,0.3333333333333333,0
LGS2ORD0043777,C011099,2025-12-13 16:00:00,Female,42,Bronze,Web,Chonburi,607,TV_Show,PromptPay,16,12,5,1,40-50,20.233333333333334,3.0,0.0,0.0,-1,91,14147.503333333334,0.13,1.0,0.0,0.0,0.0,0,0,0.0,0.0,0,0,0.0,0.0,0,0,0.0,42442.51,3,0,0.0,0
LGS2ORD0043778,C017202,2025-12-13 16:00:00,Female,41,Bronze,Shopee,Chonburi,922,TV_Show,PromptPay,16,12,5,1,40-50,30.733333333333334,6.0,3.0,0.5,84,95,7025.825,0.28,0.8333333333333334,0.5,0.0,0.0,0,0,0.0,0.0,0,0,0.0,0.0,0,0,0.0,42154.95,6,3,0.5,0
LGS2ORD0043779,C016053,2025-12-13 17:00:00,Male,29,Gold,Shopee,Chonburi,830,CallCenter,PromptPay,17,12,5,1,20-30,27.666666666666668,9.0,2.0,0.2222222222222222,277,13,3577.3266666666664,0.28,0.6666666666666666,0.3333333333333333,0.0,0.0,0,0,0.0,5261.39,1,0,0.0,5261.39,1,0,0.0,32195.94,9,2,0.2222222222222222,0
LGS2ORD0043780,C017989,2025-12-13 17:00:00,Female,28,Bronze,Lazada,Chiang Mai,484,CallCenter,Bank_Transfer,17,12,5,1,20-30,16.133333333333333,3.0,0.0,0.0,-1,2,2737.89,0.28,0.6666666666666666,0.6666666666666666,0.0,2847.35,1,0,0.0,2847.35,1,0,0.0,5664.16,2,0,0.0,8213.67,3,0,0.0,0
LGS2ORD0043781,C015456,2025-12-13 17:00:00,Female,47,Bronze,TV,Songkhla,529,Web,COD,17,12,5,1,40-50,17.633333333333333,9.0,4.0,0.4444444444444444,103,29,3034.3777777777777,0.28,0.6666666666666666,0.2222222222222222,0.0,0.0,0,0,0.0,1758.13,1,0,0.0,15816.61,2,0,0.0,27309.4,9,4,0.4444444444444444,0
LGS2ORD0043782,C014915,2025-12-13 17:00:00,Female,33,Gold,Shopee,Nakhon Ratchasima,1244,Shopee,PromptPay,17,12,5,1,30-40,41.46666666666667,6.0,0.0,0.0,-1,82,7286.501666666666,0.2299999999999999,0.5,0.16666666666666666,0.0,0.0,0,0,0.0,0.0,0,0,0.0,2988.64,1,0,0.0,43719.009999999995,6,0,0.0,0
LGS2ORD0043783,C016175,2025-12-13 17:00:00,Female,51,Platinum,Shopee,Chiang Mai,506,TV_Show,Credit_Card,17,12,5,1,>50,16.866666666666667,5.0,1.0,0.2,310,222,2193.3399999999997,0.35,0.2,0.4,0.0,0.0,0,0,0.0,0.0,0,0,0.0,0.0,0,0,0.0,10966.699999999999,5,1,0.2,0
LGS2ORD0043784,C013741,2025-12-13 18:00:00,Female,43,Bronze,Lazada,Remote_Area,1801,Shopee,COD,18,12,5,1,40-50,60.03333333333333,7.0,3.0,0.42857142857142855,172,149,5169.6900000000005,0.23,0.5714285714285714,0.42857142857142855,0.0,0.0,0,0,0.0,0.0,0,0,0.0,0.0,0,0,0.0,36187.83,7,3,0.42857142857142855,1
LGS2ORD0043785,C011395,2025-12-13 18:00:00,Female,56,Silver,Lazada,Bangkok,634,Shopee,Bank_Transfer,18,12,5,1,>50,21.133333333333333,5.0,1.0,0.2,41,51,3429.228,0.3,0.6,0.4,0.0,0.0,0,0,0.0,0.0,0,0,0.0,1091.41,1,1,1.0,17146.14,5,1,0.2,0
LGS2ORD0043786,C015157,2025-12-13 18:00:00,Male,25,Bronze,Shopee,Chonburi,1350,Lazada,PromptPay,18,12,5,1,20-30,45.0,8.0,2.0,0.25,203,61,6352.7474999999995,0.28,0.75,0.5,0.0,0.0,0,0,0.0,0.0,0,0,0.0,8381.42,2,0,0.0,50821.979999999996,8,2,0.25,0
LGS2ORD0043787,C012314,2025-12-13 18:00:00,Female,43,Bronze,TV,Chiang Mai,1045,CallCenter,COD,18,12,5,1,40-50,34.833333333333336,6.0,1.0,0.16666666666666666,44,51,5321.205,0.23,0.6666666666666666,0.5,0.0,0.0,0,0,0.0,0.0,0,0,0.0,23881.02,3,1,0.3333333333333333,31927.23,6,1,0.16666666666666666,0
LGS2ORD0043788,C017009,2025-12-13 18:00:00,Male,20,Gold,Lazada,Chiang Mai,1093,Shopee,Credit_Card,18,12,5,1,<20,36.43333333333333,5.0,1.0,0.2,283,113,2654.192,0.28,0.6,0.6,0.0,0.0,0,0,0.0,0.0,0,0,0.0,0.0,0,0,0.0,13270.960000000001,5,1,0.2,0
LGS2ORD0043789,C014029,2025-12-13 19:00:00,Female,50,Platinum,Shopee,Bangkok,1284,Shopee,COD,19,12,5,1,40-50,42.8,5.0,1.0,0.2,108,22,7827.4299999999985,0.3,0.4,0.8,0.0,0.0,0,0,0.0,13762.53,1,0,0.0,13762.53,1,0,0.0,39137.149999999994,5,1,0.2,0
LGS2ORD0043790,C012882,2025-12-13 19:00:00,Male,57,Silver,Shopee,Chiang Mai,383,TV_Show,PromptPay,19,12,5,1,>50,12.766666666666667,7.0,1.0,0.14285714285714285,53,63,5657.864285714286,0.3,0.14285714285714285,0.2857142857142857,0.14285714285714285,0.0,0,0,0.0,0.0,0,0,0.0,8495.96,2,1,0.5,39605.05,7,1,0.14285714285714285,1
LGS2ORD0043791,C012166,2025-12-13 19:00:00,Female,64,Bronze,TV,Remote_Area,1584,Lazada,COD,19,12,5,1,>50,52.8,7.0,3.0,0.42857142857142855,163,34,6554.275714285714,0.23,0.5714285714285714,0.14285714285714285,0.0,0.0,0,0,0.0,0.0,0,0,0.0,4693.49,1,0,0.0,45879.92999999999,7,3,0.42857142857142855,0
LGS2ORD0043792,C012260,2025-12-13 19:00:00,Female,51,Bronze,Lazada,Bangkok,1061,TV_Show,PromptPay,19,12,5,1,>50,35.36666666666667,10.0,1.0,0.1,220,30,4440.356000000001,0.28,0.5,0.3,0.0,0.0,0,0,0.0,0.0,0,0,0.0,6814.77,2,0,0.0,44403.560000000005,10,1,0.1,0
LGS2ORD0043793,C013156,2025-12-13 19:00:00,Male,64,Gold,Shopee,Bangkok,1774,Lazada,PromptPay,19,12,5,1,>50,59.13333333333333,5.0,0.0,0.0,-1,142,10144.194,0.28,0.2,0.6,0.0,0.0,0,0,0.0,0.0,0,0,0.0,0.0,0,0,0.0,50720.969999999994,5,0,0.0,0
LGS2ORD0043794,C011480,2025-12-13 19:00:00,Female,61,Bronze,Lazada,Phuket,1664,Web,Credit_Card,19,12,5,1,>50,55.46666666666667,5.0,2.0,0.4,39,48,3208.782,0.28,0.8,0.6,0.0,0.0,0,0,0.0,0.0,0,0,0.0,3285.38,3,1,0.3333333333333333,16043.910000000002,5,2,0.4,0
LGS2ORD0043795,C013792,2025-12-13 20:00:00,Female,48,Silver,Web,Bangkok,1599,TV_Show,Credit_Card,20,12,5,1,40-50,53.3,7.0,2.0,0.2857142857142857,-1,8,3593.1357142857137,0.25,0.42857142857142855,0.42857142857142855,0.0,0.0,0,0,0.0,4880.42,2,2,1.0,16253.779999999999,3,2,0.6666666666666666,25151.949999999997,7,2,0.2857142857142857,0
LGS2ORD0043796,C017462,2025-12-13 20:00:00,Male,18,Bronze,Shopee,Khon Kaen,1585,CallCenter,COD,20,12,5,1,<20,52.833333333333336,3.0,0.0,0.0,-1,59,2758.9300000000003,0.23,0.3333333333333333,0.3333333333333333,0.0,0.0,0,0,0.0,0.0,0,0,0.0,6032.030000000001,2,0,0.0,8276.79,3,0,0.0,1
LGS2ORD0043797,C017306,2025-12-13 20:00:00,Female,22,Silver,Shopee,Chiang Mai,1030,CallCenter,COD,20,12,5,1,20-30,34.333333333333336,7.0,3.0,0.42857142857142855,9,22,4824.627142857143,0.25,0.2857142857142857,0.14285714285714285,0.0,0.0,0,0,0.0,2049.6,1,1,1.0,8157.01,2,1,0.5,33772.39,7,3,0.42857142857142855,0
LGS2ORD0043798,C014456,2025-12-13 20:00:00,Female,54,Platinum,Shopee,Chiang Mai,832,TV_Show,Credit_Card,20,12,5,1,>50,27.733333333333334,1.0,0.0,0.0,-1,237,6528.31,0.15,0.0,0.0,0.0,0.0,0,0,0.0,0.0,0,0,0.0,0.0,0,0,0.0,6528.31,1,0,0.0,0
LGS2ORD0043799,C013003,2025-12-13 20:00:00,Female,42,Bronze,Lazada,Chiang Mai,1124,TV_Show,Credit_Card,20,12,5,1,40-50,37.46666666666667,12.0,4.0,0.3333333333333333,31,25,3766.875,0.28,0.25,0.4166666666666667,0.0,0.0,0,0,0.0,473.08,1,0,0.0,12062.88,5,4,0.8,45202.5,12,4,0.3333333333333333,0
LGS2ORD0043800,C014467,2025-12-13 21:00:00,Female,36,Bronze,Lazada,Bangkok,802,Shopee,COD,21,12,5,1,30-40,26.733333333333334,4.0,1.0,0.25,329,1,11757.6425,0.18,0.25,0.0,0.0,5861.24,1,0,0.0,5861.24,1,0,0.0,5861.24,1,0,0.0,47030.57,4,1,0.25,1
LGS2ORD0043801,C013683,2025-12-13 21:00:00,Female,36,Platinum,Web,Nakhon Ratchasima,1431,Web,PromptPay,21,12,5,1,30-40,47.7,4.0,0.0,0.0,-1,6,3872.005,0.35,0.0,1.0,0.0,5915.96,1,0,0.0,5915.96,1,0,0.0,7555.08,2,0,0.0,15488.02,4,0,0.0,0
LGS2ORD0043802,C015582,2025-12-13 21:00:00,Female,29,Bronze,Web,Chonburi,428,CallCenter,COD,21,12,5,1,20-30,14.266666666666667,5.0,0.0,0.0,-1,13,4393.742,0.28,0.6,0.6,0.0,0.0,0,0,0.0,3609.82,1,0,0.0,3609.82,1,0,0.0,21968.71,5,0,0.0,0
LGS2ORD0043803,C014440,2025-12-13 21:00:00,Male,53,Bronze,Lazada,Nakhon Ratchasima,644,Web,Credit_Card,21,12,5,1,>50,21.466666666666665,6.0,3.0,0.5,17,29,3658.3116666666665,0.28,0.16666666666666666,0.16666666666666666,0.0,0.0,0,0,0.0,2231.18,1,1,1.0,2231.18,1,1,1.0,21949.87,6,3,0.5,0
LGS2ORD0043804,C017424,2025-12-13 21:00:00,Female,51,Bronze,TV,Bangkok,1688,Shopee,Credit_Card,21,12,5,1,>50,56.266666666666666,4.0,0.0,0.0,-1,71,7723.4375,0.28,0.75,0.25,0.0,0.0,0,0,0.0,0.0,0,0,0.0,3652.08,1,0,0.0,30893.75,4,0,0.0,0
LGS2ORD0043805,C017902,2025-12-13 22:00:00,Female,43,Gold,TV,Bangkok,1069,Shopee,COD,22,12,5,1,40-50,35.63333333333333,8.0,2.0,0.25,105,2,3854.8949999999995,0.33,0.875,0.75,0.125,6714.86,1,0,0.0,6714.86,1,0,0.0,10455.279999999999,2,0,0.0,30839.159999999996,8,2,0.25,0
LGS2ORD0043806,C017379,2025-12-13 22:00:00,Male,51,Bronze,TV,Bangkok,1532,Shopee,COD,22,12,5,1,>50,51.06666666666667,7.0,2.0,0.2857142857142857,6,19,6305.178571428572,0.28,0.8571428571428571,0.5714285714285714,0.0,0.0,0,0,0.0,21479.13,1,1,1.0,29863.85,2,2,1.0,44136.25,7,2,0.2857142857142857,0
LGS2ORD0043807,C014733,2025-12-13 22:00:00,Other,59,Bronze,CallCenter,Songkhla,436,Lazada,Credit_Card,22,12,5,1,>50,14.533333333333333,4.0,2.0,0.5,35,4,5471.8075,0.23,0.25,0.25,0.0,2408.6,1,0,0.0,2408.6,1,0,0.0,4096.33,2,1,0.5,21887.23,4,2,0.5,0
LGS2ORD0043808,C012506,2025-12-13 22:00:00,Female,54,Bronze,CallCenter,Bangkok,900,CallCenter,PromptPay,22,12,5,1,>50,30.0,9.0,2.0,0.2222222222222222,238,19,3031.2244444444445,0.28,0.6666666666666666,0.3333333333333333,0.0,0.0,0,0,0.0,1784.59,1,0,0.0,1784.59,1,0,0.0,27281.02,9,2,0.2222222222222222,0
LGS2ORD0043809,C016507,2025-12-13 22:00:00,Female,41,Bronze,TV,Chonburi,692,Lazada,PromptPay,22,12,5,1,40-50,23.066666666666666,11.0,7.0,0.6363636363636364,21,28,2903.1918181818182,0.28,0.7272727272727273,0.45454545454545453,0.0,0.0,0,0,0.0,9271.67,1,1,1.0,13095.43,2,1,0.5,31935.11,11,7,0.6363636363636364,0
LGS2ORD0043810,C016624,2025-12-13 23:00:00,Female,32,Gold,TV,Remote_Area,715,CallCenter,PromptPay,23,12,5,1,30-40,23.833333333333332,5.0,4.0,0.8,202,193,6821.18,0.33,0.6,0.8,0.0,0.0,0,0,0.0,0.0,0,0,0.0,0.0,0,0,0.0,34105.9,5,4,0.8,0
LGS2ORD0043811,C015256,2025-12-13 23:00:00,Male,25,Gold,Lazada,Chonburi,1239,CallCenter,COD,23,12,5,1,20-30,41.3,4.0,0.0,0.0,-1,102,6159.91,0.13,0.5,0.0,0.0,0.0,0,0,0.0,0.0,0,0,0.0,0.0,0,0,0.0,24639.64,4,0,0.0,1
LGS2ORD0043812,C010097,2025-12-13 23:00:00,Male,39,Silver,Lazada,Chonburi,1729,Web,COD,23,12,5,1,30-40,57.63333333333333,7.0,0.0,0.0,-1,70,5530.2585714285715,0.3,0.14285714285714285,0.42857142857142855,0.0,0.0,0,0,0.0,0.0,0,0,0.0,8846.3,1,0,0.0,38711.81,7,0,0.0,0
LGS2ORD0043813,C012924,2025-12-13 23:00:00,Female,61,Bronze,Lazada,Remote_Area,484,Lazada,Credit_Card,23,12,5,1,>50,16.133333333333333,4.0,2.0,0.5,273,55,4929.0599999999995,0.18,0.5,0.0,0.0,0.0,0,0,0.0,0.0,0,0,0.0,3155.64,1,0,0.0,19716.239999999998,4,2,0.5,0
LGS2ORD0043814,C010359,2025-12-13 23:00:00,Male,54,Bronze,TV,Nakhon Ratchasima,1050,CallCenter,COD,23,12,5,1,>50,35.0,10.0,2.0,0.2,230,35,5614.648,0.23,0.8,0.2,0.0,0.0,0,0,0.0,0.0,0,0,0.0,19493.29,4,0,0.0,56146.48,10,2,0.2,1
LGS2ORD0043815,C014099,2025-12-13 23:00:00,Male,35,Platinum,Lazada,Bangkok,1149,Lazada,PromptPay,23,12,5,1,30-40,38.3,5.0,1.0,0.2,68,63,7596.908,0.35,0.6,0.4,0.0,0.0,0,0,0.0,0.0,0,0,0.0,22571.530000000002,3,1,0.3333333333333333,37984.54,5,1,0.2,0
LGS2ORD0043816,C017270,2025-12-14 00:00:00,Female,40,Bronze,TV,Bangkok,557,TV_Show,Credit_Card,0,12,6,1,30-40,18.566666666666666,8.0,4.0,0.5,18,32,3284.2699999999995,0.28,0.75,0.375,0.0,0.0,0,0,0.0,0.0,0,0,0.0,7467.129999999999,2,1,0.5,26274.159999999996,8,4,0.5,0
LGS2ORD0043817,C010927,2025-12-14 00:00:00,Female,42,Bronze,TV,Chonburi,1454,Lazada,COD,0,12,6,1,40-50,48.46666666666667,5.0,2.0,0.4,31,43,3503.9979999999996,0.23,0.8,0.2,0.0,0.0,0,0,0.0,0.0,0,0,0.0,3618.5699999999997,2,1,0.5,17519.989999999998,5,2,0.4,1
LGS2ORD0043818,C010474,2025-12-14 00:00:00,Female,27,Silver,Lazada,Khon Kaen,499,CallCenter,Credit_Card,0,12,6,1,20-30,16.633333333333333,7.0,1.0,0.14285714285714285,66,19,2605.8485714285716,0.3,0.5714285714285714,0.14285714285714285,0.0,0.0,0,0,0.0,2314.08,1,0,0.0,7898.8,3,1,0.3333333333333333,18240.940000000002,7,1,0.14285714285714285,0
LGS2ORD0043819,C012568,2025-12-14 00:00:00,Female,54,Bronze,Shopee,Khon Kaen,1216,Web,COD,0,12,6,1,>50,40.53333333333333,8.0,4.0,0.5,49,53,7599.825,0.23,0.5,0.25,0.0,0.0,0,0,0.0,0.0,0,0,0.0,37331.84,2,1,0.5,60798.6,8,4,0.5,0
LGS2ORD0043820,C012264,2025-12-14 00:00:00,Male,49,Silver,TV,Phuket,1444,TV_Show,Credit_Card,0,12,6,1,40-50,48.13333333333333,4.0,2.0,0.5,72,77,1125.1200000000001,0.3,0.75,0.25,0.0,0.0,0,0,0.0,0.0,0,0,0.0,481.04,1,1,1.0,4500.4800000000005,4,2,0.5,0
LGS2ORD0043821,C016978,2025-12-14 01:00:00,Male,42,Platinum,Web,Bangkok,864,Web,PromptPay,1,12,6,1,40-50,28.8,0.0,0.0,0.0,-1,-1,0.0,0.0,0.0,0.0,0.0,0.0,0,0,0.0,0.0,0,0,0.0,0.0,0,0,0.0,0.0,0,0,0.0,0
LGS2ORD0043822,C016565,2025-12-14 01:00:00,Male,49,Bronze,TV,Phuket,529,TV_Show,COD,1,12,6,1,40-50,17.633333333333333,4.0,1.0,0.25,23,33,16398.712499999998,0.23,0.25,0.25,0.0,0.0,0,0,0.0,0.0,0,0,0.0,30875.62,1,1,1.0,65594.84999999999,4,1,0.25,0
LGS2ORD0043823,C013404,2025-12-14 01:00:00,Female,42,Bronze,Web,Chonburi,1179,TV_Show,Credit_Card,1,12,6,1,40-50,39.3,10.0,3.0,0.3,81,27,6333.082,0.23,0.2,0.1,0.0,0.0,0,0,0.0,1862.86,1,0,0.0,10155.25,3,1,0.3333333333333333,63330.82,10,3,0.3,1
LGS2ORD0043824,C010331,2025-12-14 01:00:00,Female,54,Silver,TV,Bangkok,720,Lazada,Bank_Transfer,1,12,6,1,>50,24.0,6.0,0.0,0.0,-1,26,3947.4950000000003,0.3,0.5,0.5,0.0,0.0,0,0,0.0,5907.67,1,0,0.0,5907.67,1,0,0.0,23684.97,6,0,0.0,0
LGS2ORD0043825,C011785,2025-12-14 01:00:00,Male,23,Silver,Shopee,Songkhla,1761,Lazada,COD,1,12,6,1,20-30,58.7,10.0,3.0,0.3,153,5,3457.2110000000002,0.3,0.2,0.2,0.0,970.13,1,0,0.0,3913.73,2,0,0.0,7743.11,4,0,0.0,34572.11,10,3,0.3,1
LGS2ORD0043826,C011180,2025-12-14 02:00:00,Male,55,Bronze,Web,Nakhon Ratchasima,1053,Web,COD,2,12,6,1,>50,35.1,5.0,2.0,0.4,78,82,9744.869999999999,0.28,0.8,0.6,0.0,0.0,0,0,0.0,0.0,0,0,0.0,20983.37,1,1,1.0,48724.35,5,2,0.4,0
LGS2ORD0043827,C017534,2025-12-14 02:00:00,Female,51,Bronze,Shopee,Chonburi,367,Lazada,Credit_Card,2,12,6,1,>50,12.233333333333333,7.0,3.0,0.42857142857142855,226,90,3709.5099999999998,0.28,0.8571428571428571,0.42857142857142855,0.0,0.0,0,0,0.0,0.0,0,0,0.0,0.0,0,0,0.0,25966.57,7,3,0.42857142857142855,0
LGS2ORD0043828,C011180,2025-12-14 02:00:00,Male,55,Bronze,Web,Nakhon Ratchasima,1053,TV_Show,Credit_Card,2,12,6,1,>50,35.1,5.0,2.0,0.4,78,82,9744.869999999999,0.28,0.8,0.6,0.0,0.0,0,0,0.0,0.0,0,0,0.0,20983.37,1,1,1.0,48724.35,5,2,0.4,0
LGS2ORD0043829,C014386,2025-12-14 02:00:00,Male,64,Bronze,TV,Chiang Mai,1139,TV_Show,COD,2,12,6,1,>50,37.96666666666667,10.0,2.0,0.2,157,73,7255.375,0.23,0.8,0.3,0.0,0.0,0,0,0.0,0.0,0,0,0.0,20538.98,2,0,0.0,72553.75,10,2,0.2,0
LGS2ORD0043830,C011494,2025-12-14 02:00:00,Female,23,Platinum,Lazada,Bangkok,466,Shopee,COD,2,12,6,1,20-30,15.533333333333333,9.0,3.0,0.3333333333333333,214,2,6456.211111111112,0.3,0.3333333333333333,0.2222222222222222,0.0,1472.64,1,0,0.0,1472.64,1,0,0.0,4287.64,2,0,0.0,58105.9,9,3,0.3333333333333333,0
LGS2ORD0043831,C017216,2025-12-14 02:00:00,Other,45,Bronze,Lazada,Songkhla,982,Web,COD,2,12,6,1,40-50,32.733333333333334,9.0,2.0,0.2222222222222222,212,12,3426.8199999999997,0.28,0.4444444444444444,0.3333333333333333,0.0,0.0,0,0,0.0,2620.25,1,0,0.0,4695.73,2,0,0.0,30841.379999999997,9,2,0.2222222222222222,0
LGS2ORD0043832,C013382,2025-12-14 03:00:00,Female,48,Platinum,Shopee,Chonburi,1757,Lazada,COD,3,12,6,1,40-50,58.56666666666667,9.0,1.0,0.1111111111111111,319,41,3535.8888888888887,0.25,0.6666666666666666,0.2222222222222222,0.0,0.0,0,0,0.0,0.0,0,0,0.0,7157.29,2,0,0.0,31823.0,9,1,0.1111111111111111,0
LGS2ORD0043833,C013136,2025-12-14 03:00:00,Female,50,Bronze,CallCenter,Bangkok,589,CallCenter,COD,3,12,6,1,40-50,19.633333333333333,4.0,0.0,0.0,-1,81,2035.3725000000002,0.18,0.0,0.0,0.0,0.0,0,0,0.0,0.0,0,0,0.0,2553.25,1,0,0.0,8141.490000000001,4,0,0.0,0
LGS2ORD0043834,C013788,2025-12-14 03:00:00,Female,45,Bronze,TV,Songkhla,840,TV_Show,COD,3,12,6,1,40-50,28.0,4.0,1.0,0.25,94,28,1135.25,0.28,0.25,0.25,0.0,0.0,0,0,0.0,2008.89,1,0,0.0,2008.89,1,0,0.0,4541.0,4,1,0.25,1
LGS2ORD0043835,C010209,2025-12-14 03:00:00,Female,38,Silver,Shopee,Phuket,591,Lazada,COD,3,12,6,1,30-40,19.7,4.0,3.0,0.75,7,24,7021.8025,0.25,0.5,0.25,0.0,0.0,0,0,0.0,2773.92,1,1,1.0,2773.92,1,1,1.0,28087.21,4,3,0.75,0
LGS2ORD0043836,C010054,2025-12-14 03:00:00,Female,24,Silver,Web,Chonburi,689,TV_Show,COD,3,12,6,1,20-30,22.966666666666665,11.0,1.0,0.09090909090909091,214,5,2904.6227272727274,0.3,0.6363636363636364,0.36363636363636365,0.0,736.16,1,0,0.0,3860.83,2,0,0.0,5272.4,3,0,0.0,31950.850000000002,11,1,0.09090909090909091,0
LGS2ORD0043837,C015337,2025-12-14 04:00:00,Female,41,Bronze,TV,Chonburi,562,Shopee,COD,4,12,6,1,40-50,18.733333333333334,6.0,1.0,0.16666666666666666,141,154,8657.39666666667,0.28,0.5,0.3333333333333333,0.0,0.0,0,0,0.0,0.0,0,0,0.0,0.0,0,0,0.0,51944.38000000001,6,1,0.16666666666666666,0
LGS2ORD0043838,C011493,2025-12-14 04:00:00,Female,40,Gold,TV,Chiang Mai,1306,TV_Show,Credit_Card,4,12,6,1,30-40,43.53333333333333,6.0,0.0,0.0,-1,76,12631.526666666667,0.33,0.8333333333333334,0.3333333333333333,0.0,0.0,0,0,0.0,0.0,0,0,0.0,15059.75,1,0,0.0,75789.16,6,0,0.0,0
LGS2ORD0043839,C012107,2025-12-14 04:00:00,Female,47,Silver,TV,Remote_Area,1043,TV_Show,COD,4,12,6,1,40-50,34.766666666666666,9.0,5.0,0.5555555555555556,19,11,6321.17,0.2,0.6666666666666666,0.0,0.0,0.0,0,0,0.0,5611.27,3,1,0.3333333333333333,19724.11,4,2,0.5,56890.53,9,5,0.5555555555555556,1
LGS2ORD0043840,C010613,2025-12-14 04:00:00,Male,47,Silver,Lazada,Remote_Area,1122,Web,Credit_Card,4,12,6,1,40-50,37.4,7.0,3.0,0.42857142857142855,276,135,9257.105714285715,0.25,0.5714285714285714,0.2857142857142857,0.0,0.0,0,0,0.0,0.0,0,0,0.0,0.0,0,0,0.0,64799.740000000005,7,3,0.42857142857142855,0
LGS2ORD0043841,C013854,2025-12-14 04:00:00,Male,47,Bronze,TV,Khon Kaen,680,Shopee,PromptPay,4,12,6,1,40-50,22.666666666666668,5.0,2.0,0.4,44,35,1918.4959999999999,0.28,0.6,0.6,0.0,0.0,0,0,0.0,0.0,0,0,0.0,6577.599999999999,3,1,0.3333333333333333,9592.48,5,2,0.4,0
LGS2ORD0043842,C014173,2025-12-14 05:00:00,Female,57,Silver,CallCenter,Khon Kaen,1306,CallCenter,Credit_Card,5,12,6,1,>50,43.53333333333333,13.0,2.0,0.15384615384615385,73,22,6443.363846153846,0.25,0.6153846153846154,0.38461538461538464,0.0,0.0,0,0,0.0,21666.3,1,0,0.0,38026.34,5,1,0.2,83763.73,13,2,0.15384615384615385,0
LGS2ORD0043843,C016612,2025-12-14 05:00:00,Male,28,Platinum,CallCenter,Remote_Area,656,TV_Show,COD,5,12,6,1,20-30,21.866666666666667,5.0,1.0,0.2,53,61,3195.982,0.3,0.6,0.2,0.0,0.0,0,0,0.0,0.0,0,0,0.0,3242.32,1,1,1.0,15979.91,5,1,0.2,0
LGS2ORD0043844,C010687,2025-12-14 05:00:00,Other,43,Silver,TV,Nakhon Ratchasima,1361,TV_Show,COD,5,12,6,1,40-50,45.36666666666667,7.0,1.0,0.14285714285714285,111,59,5657.830000000001,0.25,0.8571428571428571,0.14285714285714285,0.0,0.0,0,0,0.0,0.0,0,0,0.0,1720.94,1,0,0.0,39604.810000000005,7,1,0.14285714285714285,1
LGS2ORD0043845,C015063,2025-12-14 05:00:00,Female,18,Silver,Web,Bangkok,814,CallCenter,COD,5,12,6,1,<20,27.133333333333333,5.0,0.0,0.0,-1,24,4124.984,0.25,0.4,0.2,0.0,0.0,0,0,0.0,3472.86,1,0,0.0,18992.89,3,0,0.0,20624.920000000002,5,0,0.0,1
LGS2ORD0043846,C015363,2025-12-14 05:00:00,Female,65,Bronze,TV,Remote_Area,1476,Lazada,COD,5,12,6,1,>50,49.2,3.0,0.0,0.0,-1,37,10397.516666666666,0.28,0.3333333333333333,0.3333333333333333,0.0,0.0,0,0,0.0,0.0,0,0,0.0,1545.98,1,0,0.0,31192.55,3,0,0.0,1
LGS2ORD0043847,C010732,2025-12-14 06:00:00,Male,51,Gold,TV,Songkhla,718,Shopee,COD,6,12,6,1,>50,23.933333333333334,5.0,0.0,0.0,-1,26,5626.030000000001,0.18,0.2,0.0,0.0,0.0,0,0,0.0,5678.61,1,0,0.0,16433.53,2,0,0.0,28130.15,5,0,0.0,1
LGS2ORD0043848,C015455,2025-12-14 06:00:00,Female,47,Bronze,TV,Phuket,1679,Lazada,COD,6,12,6,1,40-50,55.96666666666667,6.0,2.0,0.3333333333333333,15,22,10007.115,0.13,1.0,0.0,0.0,0.0,0,0,0.0,2515.92,1,1,1.0,2515.92,1,1,1.0,60042.689999999995,6,2,0.3333333333333333,1
LGS2ORD0043849,C017473,2025-12-14 06:00:00,Female,39,Platinum,Web,Chonburi,1354,TV_Show,Credit_Card,6,12,6,1,30-40,45.13333333333333,1.0,1.0,1.0,233,246,5970.95,0.2,0.0,0.0,0.0,0.0,0,0,0.0,0.0,0,0,0.0,0.0,0,0,0.0,5970.95,1,1,1.0,0
LGS2ORD0043850,C010262,2025-12-14 06:00:00,Female,49,Bronze,TV,Chiang Mai,1009,CallCenter,COD,6,12,6,1,40-50,33.63333333333333,10.0,2.0,0.2,-10,4,2960.782,0.28,0.5,0.3,0.0,6131.22,1,1,1.0,9821.84,4,1,0.25,12591.98,5,1,0.2,29607.82,10,2,0.2,0
LGS2ORD0043851,C014867,2025-12-14 06:00:00,Female,41,Bronze,TV,Remote_Area,1092,TV_Show,COD,6,12,6,1,40-50,36.4,7.0,2.0,0.2857142857142857,8,16,4345.255714285714,0.23,0.5714285714285714,0.42857142857142855,0.0,0.0,0,0,0.0,5003.9,2,2,1.0,5003.9,2,2,1.0,30416.79,7,2,0.2857142857142857,0
LGS2ORD0043852,C013759,2025-12-14 06:00:00,Female,72,Bronze,Lazada,Nakhon Ratchasima,491,Shopee,COD,6,12,6,1,>50,16.366666666666667,7.0,4.0,0.5714285714285714,40,52,6512.694285714285,0.28,0.5714285714285714,0.2857142857142857,0.0,0.0,0,0,0.0,0.0,0,0,0.0,7473.38,1,1,1.0,45588.85999999999,7,4,0.5714285714285714,0
LGS2ORD0043853,C011030,2025-12-14 07:00:00,Female,28,Silver,Web,Bangkok,1808,Lazada,Credit_Card,7,12,6,1,20-30,60.266666666666666,1.0,0.0,0.0,-1,342,1054.65,0.05,0.0,0.0,0.0,0.0,0,0,0.0,0.0,0,0,0.0,0.0,0,0,0.0,1054.65,1,0,0.0,0
LGS2ORD0043854,C011125,2025-12-14 07:00:00,Other,64,Bronze,TV,Remote_Area,1551,Lazada,Bank_Transfer,7,12,6,1,>50,51.7,6.0,3.0,0.5,53,63,7188.616666666668,0.28,0.5,0.6666666666666666,0.0,0.0,0,0,0.0,0.0,0,0,0.0,9798.93,2,1,0.5,43131.700000000004,6,3,0.5,1
LGS2ORD0043855,C012751,2025-12-14 07:00:00,Other,34,Silver,Web,Chiang Mai,562,CallCenter,Bank_Transfer,7,12,6,1,30-40,18.733333333333334,5.0,1.0,0.2,-8,6,2948.7479999999996,0.25,0.8,0.2,0.0,318.71,1,1,1.0,3604.71,2,1,0.5,3604.71,2,1,0.5,14743.739999999998,5,1,0.2,0
LGS2ORD0043856,C010178,2025-12-14 07:00:00,Male,46,Bronze,Lazada,Songkhla,715,Web,COD,7,12,6,1,40-50,23.833333333333332,4.0,1.0,0.25,178,59,4326.8775000000005,0.28,0.75,0.5,0.0,0.0,0,0,0.0,0.0,0,0,0.0,7652.5,1,0,0.0,17307.510000000002,4,1,0.25,1
LGS2ORD0043857,C012615,2025-12-14 07:00:00,Female,43,Platinum,TV,Songkhla,1553,CallCenter,COD,7,12,6,1,40-50,51.766666666666666,7.0,3.0,0.42857142857142855,4,15,10240.381428571429,0.35,0.2857142857142857,0.5714285714285714,0.0,0.0,0,0,0.0,8937.95,1,1,1.0,22093.6,4,3,0.75,71682.67,7,3,0.42857142857142855,0
LGS2ORD0043858,C010362,2025-12-14 08:00:00,Male,45,Bronze,Shopee,Remote_Area,994,Web,Credit_Card,8,12,6,1,40-50,33.13333333333333,10.0,5.0,0.5,74,86,4964.349,0.28,0.6,0.4,0.0,0.0,0,0,0.0,0.0,0,0,0.0,9836.53,1,1,1.0,49643.49,10,5,0.5,1
LGS2ORD0043859,C012119,2025-12-14 08:00:00,Female,43,Silver,Web,Bangkok,701,Shopee,COD,8,12,6,1,40-50,23.366666666666667,3.0,1.0,0.3333333333333333,177,188,2638.8333333333335,0.25,0.3333333333333333,0.3333333333333333,0.0,0.0,0,0,0.0,0.0,0,0,0.0,0.0,0,0,0.0,7916.5,3,1,0.3333333333333333,1
LGS2ORD0043860,C014069,2025-12-14 08:00:00,Female,55,Silver,Web,Bangkok,1802,Shopee,COD,8,12,6,1,>50,60.06666666666667,7.0,2.0,0.2857142857142857,21,22,2014.5471428571432,0.3,0.5714285714285714,0.5714285714285714,0.0,0.0,0,0,0.0,4570.77,3,1,0.3333333333333333,4570.77,3,1,0.3333333333333333,14101.830000000002,7,2,0.2857142857142857,0
LGS2ORD0043861,C017978,2025-12-14 08:00:00,Female,48,Bronze,Shopee,Bangkok,715,TV_Show,Credit_Card,8,12,6,1,40-50,23.833333333333332,4.0,1.0,0.25,33,3,4967.125,0.18,0.75,0.0,0.0,1654.53,1,0,0.0,1654.53,1,0,0.0,18675.54,3,1,0.3333333333333333,19868.5,4,1,0.25,0
LGS2ORD0043862,C013026,2025-12-14 08:00:00,Male,63,Bronze,Shopee,Bangkok,1787,Web,Credit_Card,8,12,6,1,>50,59.56666666666667,6.0,3.0,0.5,38,44,13462.003333333332,0.23,0.5,0.3333333333333333,0.0,0.0,0,0,0.0,0.0,0,0,0.0,22671.629999999997,2,2,1.0,80772.01999999999,6,3,0.5,0
LGS2ORD0043863,C015828,2025-12-14 09:00:00,Male,42,Bronze,TV,Khon Kaen,1580,CallCenter,COD,9,12,6,1,40-50,52.666666666666664,13.0,5.0,0.38461538461538464,233,14,6547.640769230769,0.28,0.6923076923076923,0.23076923076923078,0.0,0.0,0,0,0.0,8816.65,2,0,0.0,14219.79,3,0,0.0,85119.33,13,5,0.38461538461538464,0
LGS2ORD0043864,C012838,2025-12-14 09:00:00,Female,40,Silver,TV,Bangkok,427,Web,Credit_Card,9,12,6,1,30-40,14.233333333333333,10.0,5.0,0.5,119,125,2659.887,0.3,0.4,0.4,0.0,0.0,0,0,0.0,0.0,0,0,0.0,0.0,0,0,0.0,26598.870000000003,10,5,0.5,0
LGS2ORD0043865,C012815,2025-12-14 09:00:00,Female,59,Bronze,Lazada,Bangkok,1751,Lazada,PromptPay,9,12,6,1,>50,58.36666666666667,8.0,1.0,0.125,295,16,7319.995,0.18,0.625,0.0,0.0,0.0,0,0,0.0,3825.5,1,0,0.0,3825.5,1,0,0.0,58559.96,8,1,0.125,0
LGS2ORD0043866,C017786,2025-12-14 09:00:00,Other,50,Silver,Shopee,Bangkok,803,Shopee,Credit_Card,9,12,6,1,40-50,26.766666666666666,6.0,0.0,0.0,-1,22,8518.051666666666,0.3,0.6666666666666666,0.5,0.0,0.0,0,0,0.0,24473.42,1,0,0.0,26741.559999999998,2,0,0.0,51108.31,6,0,0.0,0
LGS2ORD0043867,C011439,2025-12-14 09:00:00,Female,45,Silver,TV,Bangkok,1544,TV_Show,PromptPay,9,12,6,1,40-50,51.46666666666667,6.0,2.0,0.3333333333333333,283,0,3318.8583333333336,0.3,0.5,0.3333333333333333,0.0,3247.36,1,0,0.0,3247.36,1,0,0.0,11987.480000000001,3,0,0.0,19913.15,6,2,0.3333333333333333,0
LGS2ORD0043868,C015609,2025-12-14 10:00:00,Female,53,Silver,Shopee,Songkhla,1505,Web,COD,10,12,6,1,>50,50.166666666666664,4.0,0.0,0.0,-1,38,3584.545,0.15,0.5,0.0,0.0,0.0,0,0,0.0,0.0,0,0,0.0,9692.88,1,0,0.0,14338.18,4,0,0.0,0
LGS2ORD0043869,C014834,2025-12-14 10:00:00,Male,46,Silver,Shopee,Nakhon Ratchasima,746,CallCenter,Bank_Transfer,10,12,6,1,40-50,24.866666666666667,4.0,0.0,0.0,-1,162,4682.014999999999,0.05,0.5,0.0,0.0,0.0,0,0,0.0,0.0,0,0,0.0,0.0,0,0,0.0,18728.059999999998,4,0,0.0,0
LGS2ORD0043870,C013608,2025-12-14 10:00:00,Female,56,Gold,Web,Bangkok,1445,Shopee,COD,10,12,6,1,>50,48.166666666666664,2.0,0.0,0.0,-1,9,5716.35,0.2299999999999999,0.5,0.5,0.0,0.0,0,0,0.0,11432.7,2,0,0.0,11432.7,2,0,0.0,11432.7,2,0,0.0,1
LGS2ORD0043871,C010520,2025-12-14 10:00:00,Female,31,Gold,TV,Nakhon Ratchasima,1581,Shopee,COD,10,12,6,1,30-40,52.7,4.0,0.0,0.0,-1,107,6085.42,0.28,0.5,0.5,0.0,0.0,0,0,0.0,0.0,0,0,0.0,0.0,0,0,0.0,24341.68,4,0,0.0,0
LGS2ORD0043872,C013204,2025-12-14 10:00:00,Male,60,Silver,TV,Nakhon Ratchasima,1617,Lazada,COD,10,12,6,1,>50,53.9,3.0,1.0,0.3333333333333333,253,71,4936.533333333334,0.15,0.3333333333333333,0.0,0.0,0.0,0,0,0.0,0.0,0,0,0.0,1420.84,1,0,0.0,14809.6,3,1,0.3333333333333333,1
LGS2ORD0043873,C017086,2025-12-14 10:00:00,Male,26,Silver,Web,Chonburi,1545,Lazada,Credit_Card,10,12,6,1,20-30,51.5,3.0,0.0,0.0,-1,81,6428.696666666666,0.25,0.3333333333333333,0.6666666666666666,0.0,0.0,0,0,0.0,0.0,0,0,0.0,1751.82,1,0,0.0,19286.089999999997,3,0,0.0,0
LGS2ORD0043874,C015577,2025-12-14 11:00:00,Male,29,Silver,CallCenter,Nakhon Ratchasima,1484,Lazada,Bank_Transfer,11,12,6,1,20-30,49.46666666666667,6.0,1.0,0.16666666666666666,270,2,4760.463333333333,0.2,0.5,0.0,0.0,2314.97,1,0,0.0,2314.97,1,0,0.0,14237.47,2,0,0.0,28562.78,6,1,0.16666666666666666,1
LGS2ORD0043875,C017285,2025-12-14 11:00:00,Male,33,Gold,TV,Chiang Mai,753,TV_Show,COD,11,12,6,1,30-40,25.1,5.0,0.0,0.0,-1,11,6404.4980000000005,0.28,0.6,0.2,0.0,0.0,0,0,0.0,1378.55,1,0,0.0,1378.55,1,0,0.0,32022.49,5,0,0.0,0
LGS2ORD0043876,C010452,2025-12-14 11:00:00,Female,52,Bronze,Shopee,Bangkok,1378,Shopee,COD,11,12,6,1,>50,45.93333333333333,2.0,1.0,0.5,251,89,7088.69,0.13,0.5,0.0,0.0,0.0,0,0,0.0,0.0,0,0,0.0,2692.08,1,0,0.0,14177.38,2,1,0.5,1
LGS2ORD0043877,C017940,2025-12-14 11:00:00,Female,30,Silver,Shopee,Nakhon Ratchasima,1610,TV_Show,Credit_Card,11,12,6,1,20-30,53.666666666666664,5.0,0.0,0.0,-1,33,6162.062000000001,0.3,0.4,0.6,0.0,0.0,0,0,0.0,0.0,0,0,0.0,2294.26,1,0,0.0,30810.310000000005,5,0,0.0,0
LGS2ORD0043878,C011671,2025-12-14 11:00:00,Female,51,Bronze,TV,Remote_Area,1018,TV_Show,Bank_Transfer,11,12,6,1,>50,33.93333333333333,6.0,2.0,0.3333333333333333,192,116,5727.498333333333,0.28,0.5,0.3333333333333333,0.0,0.0,0,0,0.0,0.0,0,0,0.0,0.0,0,0,0.0,34364.99,6,2,0.3333333333333333,0
LGS2ORD0043879,C013123,2025-12-14 12:00:00,Male,40,Silver,TV,Bangkok,1386,CallCenter,COD,12,12,6,1,30-40,46.2,3.0,1.0,0.3333333333333333,289,29,2498.0766666666664,0.25,0.6666666666666666,0.3333333333333333,0.0,0.0,0,0,0.0,3543.87,1,0,0.0,3543.87,1,0,0.0,7494.23,3,1,0.3333333333333333,0
LGS2ORD0043880,C017131,2025-12-14 12:00:00,Male,45,Silver,Shopee,Nakhon Ratchasima,890,TV_Show,COD,12,12,6,1,40-50,29.666666666666668,11.0,4.0,0.36363636363636365,81,47,3013.6663636363637,0.3,0.45454545454545453,0.2727272727272727,0.0,0.0,0,0,0.0,0.0,0,0,0.0,3648.98,1,0,0.0,33150.33,11,4,0.36363636363636365,0
LGS2ORD0043881,C017669,2025-12-14 12:00:00,Female,33,Bronze,TV,Remote_Area,825,TV_Show,Credit_Card,12,12,6,1,30-40,27.5,11.0,4.0,0.36363636363636365,112,27,4940.485454545455,0.23,0.36363636363636365,0.2727272727272727,0.0,0.0,0,0,0.0,1197.47,1,0,0.0,1197.47,1,0,0.0,54345.34,11,4,0.36363636363636365,0
LGS2ORD0043882,C016220,2025-12-14 12:00:00,Male,56,Gold,TV,Phuket,982,Shopee,PromptPay,12,12,6,1,>50,32.733333333333334,2.0,1.0,0.5,317,208,3275.64,0.2299999999999999,0.5,0.5,0.0,0.0,0,0,0.0,0.0,0,0,0.0,0.0,0,0,0.0,6551.28,2,1,0.5,0
LGS2ORD0043883,C011067,2025-12-14 12:00:00,Male,24,Bronze,Web,Songkhla,804,Web,COD,12,12,6,1,20-30,26.8,2.0,2.0,1.0,250,255,16453.815,0.23,1.0,0.5,0.0,0.0,0,0,0.0,0.0,0,0,0.0,0.0,0,0,0.0,32907.63,2,2,1.0,1
LGS2ORD0043884,C013151,2025-12-14 13:00:00,Female,40,Platinum,Lazada,Bangkok,1530,Web,PromptPay,13,12,6,1,30-40,51.0,1.0,0.0,0.0,-1,177,1114.72,0.15,1.0,0.0,0.0,0.0,0,0,0.0,0.0,0,0,0.0,0.0,0,0,0.0,1114.72,1,0,0.0,0
LGS2ORD0043885,C010197,2025-12-14 13:00:00,Male,57,Silver,TV,Khon Kaen,979,Web,COD,13,12,6,1,>50,32.63333333333333,8.0,1.0,0.125,27,20,3576.3025,0.3,0.75,0.375,0.0,0.0,0,0,0.0,887.01,1,0,0.0,18195.96,3,1,0.3333333333333333,28610.42,8,1,0.125,0
LGS2ORD0043886,C012745,2025-12-14 13:00:00,Male,43,Silver,Lazada,Songkhla,449,Shopee,PromptPay,13,12,6,1,40-50,14.966666666666667,8.0,5.0,0.625,0,9,5477.825,0.3,0.5,0.25,0.0,0.0,0,0,0.0,5244.6,2,1,0.5,5244.6,2,1,0.5,43822.6,8,5,0.625,0
LGS2ORD0043887,C013796,2025-12-14 13:00:00,Male,53,Bronze,Shopee,Khon Kaen,406,Web,COD,13,12,6,1,>50,13.533333333333333,6.0,1.0,0.16666666666666666,194,17,5717.03,0.18,0.3333333333333333,0.0,0.0,0.0,0,0,0.0,2092.52,1,0,0.0,2092.52,1,0,0.0,34302.18,6,1,0.16666666666666666,0
LGS2ORD0043888,C012638,2025-12-14 13:00:00,Female,52,Bronze,Lazada,Chonburi,496,Shopee,COD,13,12,6,1,>50,16.533333333333335,5.0,0.0,0.0,-1,3,5040.302,0.28,0.6,0.2,0.0,3320.55,1,0,0.0,3320.55,1,0,0.0,4476.63,2,0,0.0,25201.51,5,0,0.0,0
LGS2ORD0043889,C011111,2025-12-14 14:00:00,Female,48,Bronze,Web,Remote_Area,1745,TV_Show,COD,14,12,6,1,40-50,58.166666666666664,7.0,4.0,0.5714285714285714,150,5,8949.612857142858,0.28,0.8571428571428571,0.14285714285714285,0.14285714285714285,9111.11,1,0,0.0,9111.11,1,0,0.0,9111.11,1,0,0.0,62647.29,7,4,0.5714285714285714,1
LGS2ORD0043890,C012481,2025-12-14 14:00:00,Female,49,Platinum,TV,Phuket,1397,TV_Show,PromptPay,14,12,6,1,40-50,46.56666666666667,11.0,6.0,0.5454545454545454,52,57,4971.108181818182,0.35,0.6363636363636364,0.8181818181818182,0.0,0.0,0,0,0.0,0.0,0,0,0.0,11277.64,4,3,0.75,54682.19,11,6,0.5454545454545454,0
LGS2ORD0043891,C012308,2025-12-14 14:00:00,Male,22,Bronze,TV,Songkhla,1305,Shopee,COD,14,12,6,1,20-30,43.5,14.0,7.0,0.5,35,49,4933.194285714285,0.28,0.6428571428571429,0.35714285714285715,0.0,0.0,0,0,0.0,0.0,0,0,0.0,22282.39,4,3,0.75,69064.71999999999,14,7,0.5,0
LGS2ORD0043892,C012600,2025-12-14 14:00:00,Male,33,Silver,TV,Bangkok,1656,Web,COD,14,12,6,1,30-40,55.2,5.0,1.0,0.2,90,64,9497.08,0.3,0.4,0.8,0.0,0.0,0,0,0.0,0.0,0,0,0.0,13848.35,2,0,0.0,47485.4,5,1,0.2,1
LGS2ORD0043893,C014446,2025-12-14 14:00:00,Female,59,Silver,Web,Nakhon Ratchasima,819,Lazada,PromptPay,14,12,6,1,>50,27.3,4.0,0.0,0.0,-1,8,2827.7075000000004,0.25,0.75,0.25,0.0,0.0,0,0,0.0,2959.81,2,0,0.0,7869.48,3,0,0.0,11310.830000000002,4,0,0.0,0
LGS2ORD0043894,C012415,2025-12-14 14:00:00,Female,54,Gold,TV,Phuket,745,Shopee,PromptPay,14,12,6,1,>50,24.833333333333332,6.0,4.0,0.6666666666666666,149,87,5350.525000000001,0.28,0.6666666666666666,0.16666666666666666,0.0,0.0,0,0,0.0,0.0,0,0,0.0,8494.56,1,0,0.0,32103.15,6,4,0.6666666666666666,0
LGS2ORD0043895,C014130,2025-12-14 15:00:00,Male,38,Bronze,Shopee,Chiang Mai,1125,Web,COD,15,12,6,1,30-40,37.5,2.0,0.0,0.0,-1,144,9055.89,0.13,0.5,0.0,0.0,0.0,0,0,0.0,0.0,0,0,0.0,0.0,0,0,0.0,18111.78,2,0,0.0,0
LGS2ORD0043896,C010824,2025-12-14 15:00:00,Male,34,Silver,TV,Khon Kaen,1322,CallCenter,COD,15,12,6,1,30-40,44.06666666666667,8.0,2.0,0.25,41,54,6002.5975,0.3,0.75,0.25,0.0,0.0,0,0,0.0,0.0,0,0,0.0,2600.91,2,1,0.5,48020.78,8,2,0.25,0
LGS2ORD0043897,C017300,2025-12-14 15:00:00,Female,43,Bronze,TV,Songkhla,399,TV_Show,Credit_Card,15,12,6,1,40-50,13.3,2.0,0.0,0.0,-1,131,2788.295,0.23,0.0,0.5,0.0,0.0,0,0,0.0,0.0,0,0,0.0,0.0,0,0,0.0,5576.59,2,0,0.0,1
LGS2ORD0043898,C015671,2025-12-14 15:00:00,Female,49,Platinum,Web,Khon Kaen,1464,TV_Show,COD,15,12,6,1,40-50,48.8,3.0,1.0,0.3333333333333333,37,48,2108.963333333333,0.35,0.0,0.6666666666666666,0.0,0.0,0,0,0.0,0.0,0,0,0.0,3364.58,2,1,0.5,6326.889999999999,3,1,0.3333333333333333,0
LGS2ORD0043899,C010146,2025-12-14 15:00:00,Male,41,Gold,Shopee,Bangkok,1002,TV_Show,COD,15,12,6,1,40-50,33.4,3.0,1.0,0.3333333333333333,332,275,7605.419999999999,0.18,1.0,0.0,0.0,0.0,0,0,0.0,0.0,0,0,0.0,0.0,0,0,0.0,22816.26,3,1,0.3333333333333333,0
LGS2ORD0043900,C013086,2025-12-14 16:00:00,Female,54,Silver,Lazada,Remote_Area,1321,TV_Show,COD,16,12,6,1,>50,44.03333333333333,4.0,2.0,0.5,75,92,2305.31,0.3,0.5,0.25,0.0,0.0,0,0,0.0,0.0,0,0,0.0,0.0,0,0,0.0,9221.24,4,2,0.5,0
LGS2ORD0043901,C013383,2025-12-14 16:00:00,Female,31,Bronze,Shopee,Phuket,1092,CallCenter,Credit_Card,16,12,6,1,30-40,36.4,6.0,0.0,0.0,-1,9,8624.466666666667,0.23,0.6666666666666666,0.16666666666666666,0.0,0.0,0,0,0.0,1518.32,1,0,0.0,1518.32,1,0,0.0,51746.8,6,0,0.0,0
LGS2ORD0043902,C014613,2025-12-14 16:00:00,Female,35,Gold,CallCenter,Bangkok,1167,Shopee,Credit_Card,16,12,6,1,30-40,38.9,12.0,4.0,0.3333333333333333,40,13,6701.796666666668,0.33,0.25,0.4166666666666667,0.0,0.0,0,0,0.0,2289.98,1,0,0.0,60140.55,8,1,0.125,80421.56000000001,12,4,0.3333333333333333,1
LGS2ORD0043903,C016332,2025-12-14 16:00:00,Female,39,Bronze,TV,Nakhon Ratchasima,457,Shopee,COD,16,12,6,1,30-40,15.233333333333333,5.0,1.0,0.2,95,73,7755.7119999999995,0.23,0.0,0.2,0.0,0.0,0,0,0.0,0.0,0,0,0.0,8066.2,1,0,0.0,38778.56,5,1,0.2,0
LGS2ORD0043904,C014654,2025-12-14 16:00:00,Female,42,Gold,TV,Nakhon Ratchasima,1061,Lazada,PromptPay,16,12,6,1,40-50,35.36666666666667,7.0,1.0,0.14285714285714285,301,25,5193.547142857143,0.33,0.5714285714285714,0.42857142857142855,0.0,0.0,0,0,0.0,12018.69,1,0,0.0,13693.800000000001,2,0,0.0,36354.83,7,1,0.14285714285714285,0
LGS2ORD0043905,C013298,2025-12-14 17:00:00,Male,59,Bronze,CallCenter,Phuket,1489,Shopee,COD,17,12,6,1,>50,49.63333333333333,7.0,3.0,0.42857142857142855,132,19,3622.7342857142858,0.23,0.5714285714285714,0.14285714285714285,0.0,0.0,0,0,0.0,7800.35,1,0,0.0,8724.800000000001,2,0,0.0,25359.14,7,3,0.42857142857142855,0
LGS2ORD0043906,C014628,2025-12-14 17:00:00,Female,49,Gold,Web,Songkhla,1188,Web,PromptPay,17,12,6,1,40-50,39.6,3.0,1.0,0.3333333333333333,32,47,9374.856666666667,0.33,0.6666666666666666,0.3333333333333333,0.0,0.0,0,0,0.0,0.0,0,0,0.0,23873.07,2,1,0.5,28124.57,3,1,0.3333333333333333,1
LGS2ORD0043907,C012054,2025-12-14 17:00:00,Female,36,Bronze,Web,Remote_Area,492,Shopee,COD,17,12,6,1,30-40,16.4,7.0,2.0,0.2857142857142857,38,47,4335.78,0.23,1.0,0.2857142857142857,0.0,0.0,0,0,0.0,0.0,0,0,0.0,6159.11,1,1,1.0,30350.46,7,2,0.2857142857142857,1
LGS2ORD0043908,C016743,2025-12-14 17:00:00,Male,34,Silver,Web,Chiang Mai,615,CallCenter,Credit_Card,17,12,6,1,30-40,20.5,9.0,5.0,0.5555555555555556,12,15,4327.404444444444,0.3,0.5555555555555556,0.4444444444444444,0.0,0.0,0,0,0.0,2477.21,1,1,1.0,8694.060000000001,2,2,1.0,38946.64,9,5,0.5555555555555556,0
LGS2ORD0043909,C016370,2025-12-14 17:00:00,Male,46,Bronze,Shopee,Nakhon Ratchasima,534,TV_Show,COD,17,12,6,1,40-50,17.8,7.0,0.0,0.0,-1,2,7362.74,0.23,0.2857142857142857,0.14285714285714285,0.0,27033.45,1,0,0.0,27033.45,1,0,0.0,43773.25,4,0,0.0,51539.18,7,0,0.0,0
LGS2ORD0043910,C015089,2025-12-14 18:00:00,Female,46,Gold,TV,Khon Kaen,1696,TV_Show,COD,18,12,6,1,40-50,56.53333333333333,11.0,1.0,0.09090909090909091,139,38,3047.414545454545,0.33,0.2727272727272727,0.45454545454545453,0.0,0.0,0,0,0.0,0.0,0,0,0.0,957.22,1,0,0.0,33521.56,11,1,0.09090909090909091,0
LGS2ORD0043911,C015506,2025-12-14 18:00:00,Male,37,Silver,Shopee,Khon Kaen,416,Lazada,COD,18,12,6,1,30-40,13.866666666666667,6.0,1.0,0.16666666666666666,13,10,5909.513333333332,0.25,0.16666666666666666,0.16666666666666666,0.0,0.0,0,0,0.0,9214.59,2,1,0.5,10059.68,3,1,0.3333333333333333,35457.079999999994,6,1,0.16666666666666666,0
LGS2ORD0043912,C016930,2025-12-14 18:00:00,Female,62,Bronze,Web,Songkhla,723,Web,COD,18,12,6,1,>50,24.1,4.0,2.0,0.5,-6,7,6211.0025,0.13,0.75,0.0,0.0,0.0,0,0,0.0,6920.39,1,1,1.0,21935.11,3,2,0.6666666666666666,24844.01,4,2,0.5,0
LGS2ORD0043913,C010352,2025-12-14 18:00:00,Female,48,Gold,Web,Bangkok,1424,Shopee,Credit_Card,18,12,6,1,40-50,47.46666666666667,6.0,1.0,0.16666666666666666,159,3,4039.6783333333333,0.33,0.8333333333333334,0.3333333333333333,0.0,657.75,1,0,0.0,657.75,1,0,0.0,6953.93,2,0,0.0,24238.07,6,1,0.16666666666666666,0
LGS2ORD0043914,C012240,2025-12-14 18:00:00,Female,39,Gold,Shopee,Bangkok,1792,CallCenter,COD,18,12,6,1,30-40,59.733333333333334,4.0,2.0,0.5,77,75,2500.0924999999997,0.33,0.75,0.25,0.0,0.0,0,0,0.0,0.0,0,0,0.0,8236.95,2,1,0.5,10000.369999999999,4,2,0.5,0
LGS2ORD0043915,C012026,2025-12-14 18:00:00,Male,53,Silver,Web,Bangkok,1525,Lazada,Credit_Card,18,12,6,1,>50,50.833333333333336,3.0,2.0,0.6666666666666666,35,47,7346.506666666667,0.1,0.3333333333333333,0.0,0.0,0.0,0,0,0.0,0.0,0,0,0.0,3033.16,1,1,1.0,22039.52,3,2,0.6666666666666666,0
LGS2ORD0043916,C017952,2025-12-14 19:00:00,Female,39,Bronze,Shopee,Bangkok,521,CallCenter,Credit_Card,19,12,6,1,30-40,17.366666666666667,8.0,1.0,0.125,143,65,4641.493750000001,0.28,0.375,0.375,0.0,0.0,0,0,0.0,0.0,0,0,0.0,7401.16,2,0,0.0,37131.950000000004,8,1,0.125,0
LGS2ORD0043917,C012431,2025-12-14 19:00:00,Female,31,Platinum,TV,Chonburi,615,Web,Credit_Card,19,12,6,1,30-40,20.5,5.0,1.0,0.2,40,10,7216.5,0.35,0.6,0.4,0.0,0.0,0,0,0.0,1848.75,1,0,0.0,28923.61,3,1,0.3333333333333333,36082.5,5,1,0.2,0
LGS2ORD0043918,C013956,2025-12-14 19:00:00,Other,41,Platinum,Lazada,Songkhla,1734,TV_Show,COD,19,12,6,1,40-50,57.8,6.0,1.0,0.16666666666666666,166,90,3870.503333333334,0.25,0.6666666666666666,0.16666666666666666,0.0,0.0,0,0,0.0,0.0,0,0,0.0,0.0,0,0,0.0,23223.020000000004,6,1,0.16666666666666666,0
LGS2ORD0043919,C013480,2025-12-14 19:00:00,Male,45,Bronze,Shopee,Chiang Mai,1565,Shopee,COD,19,12,6,1,40-50,52.166666666666664,4.0,1.0,0.25,254,23,13756.345,0.23,0.25,0.25,0.0,0.0,0,0,0.0,1987.92,1,0,0.0,11985.45,2,0,0.0,55025.38,4,1,0.25,1
LGS2ORD0043920,C015022,2025-12-14 19:00:00,Male,43,Gold,Web,Bangkok,1740,CallCenter,Credit_Card,19,12,6,1,40-50,58.0,5.0,1.0,0.2,180,29,5107.43,0.33,0.4,0.6,0.0,0.0,0,0,0.0,12396.89,1,0,0.0,23736.3,4,0,0.0,25537.15,5,1,0.2,0
LGS2ORD0043921,C013060,2025-12-14 20:00:00,Male,42,Bronze,TV,Remote_Area,967,Lazada,COD,20,12,6,1,40-50,32.233333333333334,5.0,2.0,0.4,228,10,8110.08,0.23,0.6,0.2,0.0,0.0,0,0,0.0,17252.690000000002,2,0,0.0,17252.690000000002,2,0,0.0,40550.4,5,2,0.4,1
LGS2ORD0043922,C010293,2025-12-14 20:00:00,Female,34,Gold,Shopee,Bangkok,462,TV_Show,COD,20,12,6,1,30-40,15.4,9.0,0.0,0.0,-1,68,10046.453333333335,0.28,0.4444444444444444,0.5555555555555556,0.1111111111111111,0.0,0,0,0.0,0.0,0,0,0.0,200.25,1,0,0.0,90418.08000000002,9,0,0.0,0
LGS2ORD0043923,C010393,2025-12-14 20:00:00,Male,51,Bronze,Web,Remote_Area,1292,Shopee,Credit_Card,20,12,6,1,>50,43.06666666666667,7.0,3.0,0.42857142857142855,159,171,4049.8214285714284,0.28,0.2857142857142857,0.42857142857142855,0.0,0.0,0,0,0.0,0.0,0,0,0.0,0.0,0,0,0.0,28348.75,7,3,0.42857142857142855,0
LGS2ORD0043924,C017962,2025-12-14 20:00:00,Female,35,Bronze,CallCenter,Khon Kaen,1397,Lazada,COD,20,12,6,1,30-40,46.56666666666667,10.0,2.0,0.2,-4,9,4175.008,0.28,0.7,0.3,0.0,0.0,0,0,0.0,5022.35,2,1,0.5,5585.65,3,1,0.3333333333333333,41750.079999999994,10,2,0.2,0
LGS2ORD0043925,C014082,2025-12-14 20:00:00,Male,72,Bronze,CallCenter,Remote_Area,1291,TV_Show,COD,20,12,6,1,>50,43.03333333333333,4.0,0.0,0.0,-1,162,4350.98,0.13,0.0,0.0,0.0,0.0,0,0,0.0,0.0,0,0,0.0,0.0,0,0,0.0,17403.92,4,0,0.0,1
LGS2ORD0043926,C011574,2025-12-14 21:00:00,Female,46,Silver,Lazada,Nakhon Ratchasima,1719,CallCenter,Bank_Transfer,21,12,6,1,40-50,57.3,5.0,1.0,0.2,333,14,1984.188,0.3,0.4,0.6,0.0,0.0,0,0,0.0,1676.94,1,0,0.0,1676.94,1,0,0.0,9920.94,5,1,0.2,0
LGS2ORD0043927,C015586,2025-12-14 21:00:00,Male,25,Gold,Web,Bangkok,1578,Lazada,COD,21,12,6,1,20-30,52.6,5.0,2.0,0.4,88,2,3817.9660000000003,0.28,0.6,0.4,0.0,1609.18,1,0,0.0,1609.18,1,0,0.0,1609.18,1,0,0.0,19089.83,5,2,0.4,1
LGS2ORD0043928,C014552,2025-12-14 21:00:00,Female,26,Silver,TV,Bangkok,707,Shopee,PromptPay,21,12,6,1,20-30,23.566666666666666,6.0,1.0,0.16666666666666666,316,21,7461.631666666668,0.3,0.5,0.3333333333333333,0.0,0.0,0,0,0.0,6509.84,1,0,0.0,14301.51,3,0,0.0,44769.79000000001,6,1,0.16666666666666666,1
LGS2ORD0043929,C015480,2025-12-14 21:00:00,Female,49,Bronze,Web,Remote_Area,590,Web,COD,21,12,6,1,40-50,19.666666666666668,7.0,3.0,0.42857142857142855,98,75,3568.7200000000003,0.18,0.5714285714285714,0.0,0.0,0.0,0,0,0.0,0.0,0,0,0.0,823.4,1,0,0.0,24981.04,7,3,0.42857142857142855,0
LGS2ORD0043930,C010142,2025-12-14 21:00:00,Female,28,Bronze,TV,Chiang Mai,647,Shopee,Bank_Transfer,21,12,6,1,20-30,21.566666666666666,4.0,1.0,0.25,236,31,5773.04,0.13,0.25,0.0,0.0,0.0,0,0,0.0,0.0,0,0,0.0,1754.07,1,0,0.0,23092.16,4,1,0.25,0
LGS2ORD0043931,C014352,2025-12-14 22:00:00,Female,40,Silver,Lazada,Nakhon Ratchasima,538,Shopee,COD,22,12,6,1,30-40,17.933333333333334,6.0,2.0,0.3333333333333333,104,10,7540.923333333332,0.25,0.16666666666666666,0.16666666666666666,0.0,0.0,0,0,0.0,14170.41,1,0,0.0,17839.239999999998,2,0,0.0,45245.53999999999,6,2,0.3333333333333333,0
LGS2ORD0043932,C015271,2025-12-14 22:00:00,Female,37,Bronze,TV,Chonburi,1760,CallCenter,COD,22,12,6,1,30-40,58.666666666666664,7.0,0.0,0.0,-1,69,6111.665714285714,0.23,0.5714285714285714,0.14285714285714285,0.0,0.0,0,0,0.0,0.0,0,0,0.0,5881.52,2,0,0.0,42781.659999999996,7,0,0.0,0
LGS2ORD0043933,C013649,2025-12-14 22:00:00,Female,46,Bronze,TV,Chonburi,1300,Lazada,COD,22,12,6,1,40-50,43.333333333333336,9.0,2.0,0.2222222222222222,15,19,4016.747777777777,0.28,0.7777777777777778,0.3333333333333333,0.0,0.0,0,0,0.0,4936.82,1,1,1.0,17334.04,3,1,0.3333333333333333,36150.729999999996,9,2,0.2222222222222222,0
LGS2ORD0043934,C016427,2025-12-14 22:00:00,Female,45,Bronze,TV,Remote_Area,1524,Lazada,COD,22,12,6,1,40-50,50.8,8.0,2.0,0.25,149,31,4366.7975,0.28,0.375,0.375,0.0,0.0,0,0,0.0,0.0,0,0,0.0,14471.619999999999,3,0,0.0,34934.38,8,2,0.25,1
LGS2ORD0043935,C015558,2025-12-14 22:00:00,Female,43,Gold,TV,Bangkok,415,Web,PromptPay,22,12,6,1,40-50,13.833333333333334,10.0,2.0,0.2,83,39,4759.257,0.33,0.7,0.4,0.0,0.0,0,0,0.0,0.0,0,0,0.0,4938.7,1,0,0.0,47592.57,10,2,0.2,0
LGS2ORD0043936,C014185,2025-12-14 22:00:00,Male,48,Bronze,Web,Bangkok,697,Shopee,COD,22,12,6,1,40-50,23.233333333333334,1.0,0.0,0.0,-1,39,5180.37,0.23,0.0,1.0,0.0,0.0,0,0,0.0,0.0,0,0,0.0,5180.37,1,0,0.0,5180.37,1,0,0.0,0
LGS2ORD0043937,C010262,2025-12-14 23:00:00,Female,49,Bronze,TV,Chiang Mai,1009,TV_Show,COD,23,12,6,1,40-50,33.63333333333333,11.0,2.0,0.18181818181818182,-9,0,3073.1581818181817,0.28,0.5454545454545454,0.2727272727272727,0.0,10328.14,2,1,0.5,14018.76,5,1,0.2,16788.9,6,1,0.16666666666666666,33804.74,11,2,0.18181818181818182,0
LGS2ORD0043938,C016554,2025-12-14 23:00:00,Female,39,Bronze,TV,Chiang Mai,1103,Lazada,Credit_Card,23,12,6,1,30-40,36.766666666666666,13.0,4.0,0.3076923076923077,4,4,8444.856153846153,0.28,0.7692307692307693,0.23076923076923078,0.0,2090.73,1,0,0.0,10155.68,3,1,0.3333333333333333,26114.159999999996,6,3,0.5,109783.12999999999,13,4,0.3076923076923077,0
LGS2ORD0043939,C013837,2025-12-14 23:00:00,Male,40,Silver,TV,Bangkok,985,Web,COD,23,12,6,1,30-40,32.833333333333336,2.0,0.0,0.0,-1,233,8424.265,0.15,0.0,0.0,0.0,0.0,0,0,0.0,0.0,0,0,0.0,0.0,0,0,0.0,16848.53,2,0,0.0,0
LGS2ORD0043940,C015314,2025-12-14 23:00:00,Female,44,Bronze,TV,Chonburi,1009,Lazada,COD,23,12,6,1,40-50,33.63333333333333,2.0,0.0,0.0,-1,67,1976.1550000000002,0.18,0.5,0.0,0.0,0.0,0,0,0.0,0.0,0,0,0.0,1366.45,1,0,0.0,3952.3100000000004,2,0,0.0,0
LGS2ORD0043941,C012478,2025-12-14 23:00:00,Female,34,Silver,Lazada,Bangkok,839,CallCenter,PromptPay,23,12,6,1,30-40,27.966666666666665,3.0,1.0,0.3333333333333333,324,8,7109.88,0.3,0.6666666666666666,0.6666666666666666,0.0,0.0,0,0,0.0,14401.87,1,0,0.0,14401.87,1,0,0.0,21329.64,3,1,0.3333333333333333,0
LGS2ORD0043942,C011873,2025-12-15 00:00:00,Male,40,Platinum,Web,Bangkok,1303,Web,Bank_Transfer,0,12,0,0,30-40,43.43333333333333,3.0,1.0,0.3333333333333333,153,146,591.5766666666667,0.3,0.3333333333333333,0.6666666666666666,0.0,0.0,0,0,0.0,0.0,0,0,0.0,0.0,0,0,0.0,1774.73,3,1,0.3333333333333333,0
LGS2ORD0043943,C012457,2025-12-15 00:00:00,Female,32,Platinum,Lazada,Bangkok,1026,Web,PromptPay,0,12,0,0,30-40,34.2,6.0,0.0,0.0,-1,30,4761.219999999999,0.3,0.3333333333333333,0.3333333333333333,0.0,0.0,0,0,0.0,0.0,0,0,0.0,2442.19,1,0,0.0,28567.319999999996,6,0,0.0,0
LGS2ORD0043944,C010107,2025-12-15 00:00:00,Female,72,Bronze,Shopee,Chiang Mai,497,TV_Show,COD,0,12,0,0,>50,16.566666666666666,8.0,2.0,0.25,151,34,7465.48875,0.13,0.375,0.0,0.0,0.0,0,0,0.0,0.0,0,0,0.0,3391.34,2,0,0.0,59723.91,8,2,0.25,0
LGS2ORD0043945,C014574,2025-12-15 00:00:00,Female,22,Silver,TV,Bangkok,1461,Web,COD,0,12,0,0,20-30,48.7,6.0,1.0,0.16666666666666666,57,68,1891.6616666666662,0.3,0.6666666666666666,0.3333333333333333,0.0,0.0,0,0,0.0,0.0,0,0,0.0,2347.7799999999997,2,1,0.5,11349.969999999998,6,1,0.16666666666666666,1
LGS2ORD0043946,C013078,2025-12-15 00:00:00,Female,45,Gold,Lazada,Remote_Area,1150,TV_Show,COD,0,12,0,0,40-50,38.333333333333336,11.0,3.0,0.2727272727272727,42,2,6029.666363636363,0.33,0.36363636363636365,0.5454545454545454,0.0,332.59,1,0,0.0,332.59,1,0,0.0,6663.06,2,1,0.5,66326.32999999999,11,3,0.2727272727272727,0
LGS2ORD0043947,C017139,2025-12-15 01:00:00,Female,58,Silver,Shopee,Nakhon Ratchasima,1727,Web,COD,1,12,0,0,>50,57.56666666666667,2.0,0.0,0.0,-1,40,6157.115,0.2,0.5,0.0,0.0,0.0,0,0,0.0,0.0,0,0,0.0,1681.97,1,0,0.0,12314.23,2,0,0.0,0
LGS2ORD0043948,C013971,2025-12-15 01:00:00,Male,50,Bronze,Web,Songkhla,707,Lazada,COD,1,12,0,0,40-50,23.566666666666666,4.0,2.0,0.5,105,49,14703.555,0.28,0.5,0.5,0.0,0.0,0,0,0.0,0.0,0,0,0.0,35267.67,2,0,0.0,58814.22,4,2,0.5,1
LGS2ORD0043949,C013702,2025-12-15 01:00:00,Male,32,Silver,Shopee,Bangkok,1030,Web,COD,1,12,0,0,30-40,34.333333333333336,6.0,1.0,0.16666666666666666,189,30,3668.221666666667,0.3,0.5,0.16666666666666666,0.0,0.0,0,0,0.0,0.0,0,0,0.0,6886.1,2,0,0.0,22009.33,6,1,0.16666666666666666,0
LGS2ORD0043950,C017175,2025-12-15 01:00:00,Male,57,Bronze,Web,Chiang Mai,422,Shopee,Bank_Transfer,1,12,0,0,>50,14.066666666666666,5.0,2.0,0.4,312,8,8604.574,0.28,1.0,0.6,0.0,0.0,0,0,0.0,2776.2700000000004,2,0,0.0,2776.2700000000004,2,0,0.0,43022.87,5,2,0.4,0
LGS2ORD0043951,C010081,2025-12-15 01:00:00,Male,46,Bronze,Shopee,Chonburi,970,Shopee,COD,1,12,0,0,40-50,32.333333333333336,3.0,2.0,0.6666666666666666,169,65,1118.4266666666665,0.23,0.6666666666666666,0.3333333333333333,0.0,0.0,0,0,0.0,0.0,0,0,0.0,916.04,1,0,0.0,3355.2799999999997,3,2,0.6666666666666666,0
LGS2ORD0043952,C014092,2025-12-15 01:00:00,Other,54,Bronze,Lazada,Bangkok,712,Lazada,Credit_Card,1,12,0,0,>50,23.733333333333334,5.0,2.0,0.4,41,22,13162.928000000004,0.28,0.8,0.4,0.0,0.0,0,0,0.0,14296.32,1,0,0.0,22290.84,2,1,0.5,65814.64000000001,5,2,0.4,0
LGS2ORD0043953,C016868,2025-12-15 02:00:00,Male,33,Silver,Lazada,Khon Kaen,1783,Shopee,Credit_Card,2,12,0,0,30-40,59.43333333333333,7.0,2.0,0.2857142857142857,117,121,2350.862857142857,0.25,0.42857142857142855,0.2857142857142857,0.0,0.0,0,0,0.0,0.0,0,0,0.0,0.0,0,0,0.0,16456.04,7,2,0.2857142857142857,0
LGS2ORD0043954,C011094,2025-12-15 02:00:00,Male,67,Bronze,CallCenter,Khon Kaen,924,Shopee,PromptPay,2,12,0,0,>50,30.8,5.0,0.0,0.0,-1,60,2070.4,0.23,0.2,0.2,0.0,0.0,0,0,0.0,0.0,0,0,0.0,3679.63,1,0,0.0,10352.0,5,0,0.0,1
LGS2ORD0043955,C017801,2025-12-15 02:00:00,Female,50,Bronze,Shopee,Phuket,697,Lazada,Credit_Card,2,12,0,0,40-50,23.233333333333334,13.0,5.0,0.38461538461538464,5,10,7356.643846153847,0.28,0.46153846153846156,0.15384615384615385,0.0,0.0,0,0,0.0,12960.18,2,1,0.5,23519.04,3,1,0.3333333333333333,95636.37000000001,13,5,0.38461538461538464,0
LGS2ORD0043956,C017141,2025-12-15 02:00:00,Male,44,Gold,Lazada,Bangkok,1335,CallCenter,Bank_Transfer,2,12,0,0,40-50,44.5,9.0,3.0,0.3333333333333333,58,25,10734.457777777778,0.33,0.3333333333333333,0.3333333333333333,0.0,0.0,0,0,0.0,24405.62,1,0,0.0,36102.96,3,1,0.3333333333333333,96610.12,9,3,0.3333333333333333,1
LGS2ORD0043957,C016251,2025-12-15 02:00:00,Other,54,Bronze,TV,Remote_Area,1385,Web,COD,2,12,0,0,>50,46.166666666666664,7.0,1.0,0.14285714285714285,274,115,4903.368571428572,0.23,0.7142857142857143,0.2857142857142857,0.0,0.0,0,0,0.0,0.0,0,0,0.0,0.0,0,0,0.0,34323.58,7,1,0.14285714285714285,1
LGS2ORD0043958,C017654,2025-12-15 03:00:00,Female,44,Bronze,TV,Bangkok,735,Shopee,COD,3,12,0,0,40-50,24.5,5.0,3.0,0.6,26,5,3401.328,0.23,0.8,0.4,0.0,1251.81,1,0,0.0,1251.81,1,0,0.0,8843.7,3,2,0.6666666666666666,17006.64,5,3,0.6,1
LGS2ORD0043959,C016011,2025-12-15 03:00:00,Male,47,Platinum,Web,Bangkok,591,TV_Show,COD,3,12,0,0,40-50,19.7,6.0,1.0,0.16666666666666666,156,2,1538.3883333333335,0.25,0.16666666666666666,0.16666666666666666,0.0,3904.76,1,0,0.0,3904.76,1,0,0.0,4283.77,2,0,0.0,9230.330000000002,6,1,0.16666666666666666,1
LGS2ORD0043960,C013416,2025-12-15 03:00:00,Male,43,Bronze,CallCenter,Songkhla,833,Lazada,Bank_Transfer,3,12,0,0,40-50,27.766666666666666,6.0,0.0,0.0,-1,12,2354.3083333333334,0.23,0.16666666666666666,0.16666666666666666,0.0,0.0,0,0,0.0,1140.4,1,0,0.0,6336.389999999999,2,0,0.0,14125.85,6,0,0.0,0
LGS2ORD0043961,C018000,2025-12-15 03:00:00,Female,45,Bronze,CallCenter,Chonburi,1782,Lazada,Bank_Transfer,3,12,0,0,40-50,59.4,10.0,1.0,0.1,-5,6,5228.338,0.28,0.6,0.2,0.0,1621.24,1,1,1.0,1621.24,1,1,1.0,6199.21,2,1,0.5,52283.38,10,1,0.1,0
LGS2ORD0043962,C011415,2025-12-15 03:00:00,Male,40,Platinum,TV,Bangkok,958,TV_Show,COD,3,12,0,0,30-40,31.933333333333334,7.0,3.0,0.42857142857142855,156,39,4964.044285714285,0.35,0.7142857142857143,0.5714285714285714,0.0,0.0,0,0,0.0,0.0,0,0,0.0,9545.68,1,0,0.0,34748.31,7,3,0.42857142857142855,0
LGS2ORD0043963,C013934,2025-12-15 04:00:00,Female,36,Bronze,CallCenter,Khon Kaen,602,TV_Show,PromptPay,4,12,0,0,30-40,20.066666666666666,8.0,0.0,0.0,-1,34,8283.76125,0.23,0.25,0.5,0.0,0.0,0,0,0.0,0.0,0,0,0.0,9356.39,2,0,0.0,66270.09,8,0,0.0,0
LGS2ORD0043964,C013082,2025-12-15 04:00:00,Male,28,Silver,Web,Chonburi,1706,Web,COD,4,12,0,0,20-30,56.86666666666667,8.0,2.0,0.25,56,69,7790.299999999999,0.25,0.5,0.125,0.0,0.0,0,0,0.0,0.0,0,0,0.0,6286.73,1,1,1.0,62322.399999999994,8,2,0.25,1
LGS2ORD0043965,C010268,2025-12-15 04:00:00,Other,49,Bronze,Lazada,Chiang Mai,779,Lazada,Credit_Card,4,12,0,0,40-50,25.966666666666665,4.0,1.0,0.25,144,134,11364.0175,0.18,1.0,0.0,0.0,0.0,0,0,0.0,0.0,0,0,0.0,0.0,0,0,0.0,45456.07,4,1,0.25,0
LGS2ORD0043966,C017711,2025-12-15 04:00:00,Male,47,Bronze,Shopee,Remote_Area,1001,Shopee,Credit_Card,4,12,0,0,40-50,33.36666666666667,10.0,5.0,0.5,49,33,4092.7579999999994,0.28,0.4,0.2,0.0,0.0,0,0,0.0,0.0,0,0,0.0,20911.43,4,1,0.25,40927.579999999994,10,5,0.5,0
LGS2ORD0043967,C013999,2025-12-15 04:00:00,Female,33,Platinum,Shopee,Khon Kaen,1596,Web,COD,4,12,0,0,30-40,53.2,4.0,1.0,0.25,299,133,5422.375,0.2,0.0,0.0,0.0,0.0,0,0,0.0,0.0,0,0,0.0,0.0,0,0,0.0,21689.5,4,1,0.25,0
LGS2ORD0043968,C015387,2025-12-15 05:00:00,Male,47,Bronze,Shopee,Bangkok,631,TV_Show,COD,5,12,0,0,40-50,21.033333333333335,10.0,3.0,0.3,75,2,4933.867,0.23,0.6,0.1,0.0,18320.91,1,0,0.0,18320.91,1,0,0.0,36064.100000000006,7,2,0.2857142857142857,49338.67,10,3,0.3,1
LGS2ORD0043969,C014271,2025-12-15 05:00:00,Female,38,Bronze,Shopee,Chonburi,866,Lazada,COD,5,12,0,0,30-40,28.866666666666667,13.0,3.0,0.23076923076923078,2,15,5303.7730769230775,0.28,0.3076923076923077,0.23076923076923078,0.0,0.0,0,0,0.0,24491.44,1,1,1.0,33468.21,3,1,0.3333333333333333,68949.05,13,3,0.23076923076923078,1
LGS2ORD0043970,C010913,2025-12-15 05:00:00,Female,48,Bronze,TV,Remote_Area,1062,Shopee,Bank_Transfer,5,12,0,0,40-50,35.4,8.0,2.0,0.25,19,32,7019.366249999999,0.23,0.5,0.25,0.0,0.0,0,0,0.0,0.0,0,0,0.0,11922.159999999998,3,1,0.3333333333333333,56154.92999999999,8,2,0.25,0
LGS2ORD0043971,C015123,2025-12-15 05:00:00,Male,48,Silver,Web,Chiang Mai,1745,Shopee,COD,5,12,0,0,40-50,58.166666666666664,2.0,0.0,0.0,-1,134,4209.67,0.3,0.0,1.0,0.0,0.0,0,0,0.0,0.0,0,0,0.0,0.0,0,0,0.0,8419.34,2,0,0.0,0
LGS2ORD0043972,C017213,2025-12-15 05:00:00,Female,18,Silver,Web,Chiang Mai,472,Shopee,COD,5,12,0,0,<20,15.733333333333333,5.0,0.0,0.0,-1,7,2235.05,0.25,0.4,0.2,0.0,0.0,0,0,0.0,3101.71,1,0,0.0,7919.42,3,0,0.0,11175.25,5,0,0.0,1
LGS2ORD0043973,C016042,2025-12-15 05:00:00,Female,63,Silver,Shopee,Remote_Area,1277,Web,COD,5,12,0,0,>50,42.56666666666667,8.0,0.0,0.0,-1,31,12438.325,0.3,0.25,0.5,0.0,0.0,0,0,0.0,0.0,0,0,0.0,3342.39,1,0,0.0,99506.6,8,0,0.0,0
LGS2ORD0043974,C012093,2025-12-15 06:00:00,Female,53,Bronze,Lazada,Remote_Area,753,Shopee,Credit_Card,6,12,0,0,>50,25.1,7.0,2.0,0.2857142857142857,154,89,4292.169999999999,0.23,0.7142857142857143,0.2857142857142857,0.0,0.0,0,0,0.0,0.0,0,0,0.0,687.88,1,0,0.0,30045.189999999995,7,2,0.2857142857142857,0
LGS2ORD0043975,C015001,2025-12-15 06:00:00,Female,40,Bronze,TV,Bangkok,1259,Shopee,COD,6,12,0,0,30-40,41.96666666666667,8.0,4.0,0.5,29,37,5624.51375,0.28,1.0,0.375,0.0,0.0,0,0,0.0,0.0,0,0,0.0,18922.0,2,1,0.5,44996.11,8,4,0.5,0
LGS2ORD0043976,C012998,2025-12-15 06:00:00,Male,40,Silver,CallCenter,Bangkok,945,Shopee,COD,6,12,0,0,30-40,31.5,6.0,1.0,0.16666666666666666,10,3,1361.0883333333334,0.25,0.3333333333333333,0.5,0.0,894.6,1,0,0.0,2450.67,2,1,0.5,3416.54,3,1,0.3333333333333333,8166.53,6,1,0.16666666666666666,0
LGS2ORD0043977,C011429,2025-12-15 06:00:00,Male,30,Bronze,TV,Bangkok,676,CallCenter,PromptPay,6,12,0,0,20-30,22.533333333333335,7.0,0.0,0.0,-1,5,3690.32,0.28,0.5714285714285714,0.2857142857142857,0.0,2469.63,1,0,0.0,2469.63,1,0,0.0,2469.63,1,0,0.0,25832.24,7,0,0.0,1
LGS2ORD0043978,C010321,2025-12-15 06:00:00,Male,41,Bronze,Web,Bangkok,1338,Shopee,COD,6,12,0,0,40-50,44.6,4.0,0.0,0.0,-1,135,7085.46,0.13,0.25,0.0,0.0,0.0,0,0,0.0,0.0,0,0,0.0,0.0,0,0,0.0,28341.84,4,0,0.0,0
LGS2ORD0043979,C013591,2025-12-15 07:00:00,Male,31,Silver,TV,Remote_Area,740,Shopee,PromptPay,7,12,0,0,30-40,24.666666666666668,6.0,2.0,0.3333333333333333,80,50,4497.73,0.25,0.5,0.3333333333333333,0.0,0.0,0,0,0.0,0.0,0,0,0.0,1781.42,1,0,0.0,26986.379999999997,6,2,0.3333333333333333,1
LGS2ORD0043980,C014497,2025-12-15 07:00:00,Male,44,Bronze,Web,Chiang Mai,1565,Web,COD,7,12,0,0,40-50,52.166666666666664,12.0,1.0,0.08333333333333333,261,70,4832.569166666667,0.28,0.6666666666666666,0.5,0.0,0.0,0,0,0.0,0.0,0,0,0.0,3234.76,2,0,0.0,57990.83,12,1,0.08333333333333333,0
LGS2ORD0043981,C013651,2025-12-15 07:00:00,Female,29,Gold,Web,Bangkok,1266,Web,PromptPay,7,12,0,0,20-30,42.2,6.0,2.0,0.3333333333333333,112,115,5570.893333333333,0.2299999999999999,0.3333333333333333,0.16666666666666666,0.0,0.0,0,0,0.0,0.0,0,0,0.0,0.0,0,0,0.0,33425.36,6,2,0.3333333333333333,1
LGS2ORD0043982,C012598,2025-12-15 07:00:00,Female,50,Bronze,Lazada,Chonburi,1222,Lazada,COD,7,12,0,0,40-50,40.733333333333334,6.0,2.0,0.3333333333333333,183,11,5836.91,0.23,0.3333333333333333,0.3333333333333333,0.0,0.0,0,0,0.0,6360.97,2,0,0.0,25883.179999999997,3,0,0.0,35021.46,6,2,0.3333333333333333,1
LGS2ORD0043983,C010218,2025-12-15 07:00:00,Male,45,Bronze,Shopee,Chiang Mai,937,Shopee,COD,7,12,0,0,40-50,31.233333333333334,5.0,1.0,0.2,287,80,2104.2,0.28,0.4,0.2,0.0,0.0,0,0,0.0,0.0,0,0,0.0,5787.47,1,0,0.0,10521.0,5,1,0.2,1
LGS2ORD0043984,C017516,2025-12-15 08:00:00,Male,60,Gold,TV,Bangkok,850,Web,COD,8,12,0,0,>50,28.333333333333332,15.0,1.0,0.06666666666666667,147,30,6077.947333333333,0.33,0.6,0.3333333333333333,0.0,0.0,0,0,0.0,0.0,0,0,0.0,13686.34,3,0,0.0,91169.20999999999,15,1,0.06666666666666667,1
LGS2ORD0043985,C011347,2025-12-15 08:00:00,Male,55,Bronze,Lazada,Chiang Mai,1643,Web,COD,8,12,0,0,>50,54.766666666666666,1.0,0.0,0.0,-1,40,1794.51,0.18,1.0,0.0,0.0,0.0,0,0,0.0,0.0,0,0,0.0,1794.51,1,0,0.0,1794.51,1,0,0.0,0
LGS2ORD0043986,C015728,2025-12-15 08:00:00,Female,33,Bronze,CallCenter,Remote_Area,526,Lazada,PromptPay,8,12,0,0,30-40,17.533333333333335,9.0,4.0,0.4444444444444444,45,55,7951.54,0.28,0.5555555555555556,0.5555555555555556,0.0,0.0,0,0,0.0,0.0,0,0,0.0,14111.060000000001,3,1,0.3333333333333333,71563.86,9,4,0.4444444444444444,0
LGS2ORD0043987,C010403,2025-12-15 08:00:00,Male,55,Bronze,Shopee,Bangkok,1254,CallCenter,PromptPay,8,12,0,0,>50,41.8,6.0,1.0,0.16666666666666666,299,123,8762.826666666668,0.18,0.8333333333333334,0.0,0.0,0.0,0,0,0.0,0.0,0,0,0.0,0.0,0,0,0.0,52576.96000000001,6,1,0.16666666666666666,0
LGS2ORD0043988,C016249,2025-12-15 08:00:00,Female,41,Gold,Web,Khon Kaen,1112,Web,COD,8,12,0,0,40-50,37.06666666666667,6.0,0.0,0.0,-1,16,6473.91,0.28,0.3333333333333333,0.16666666666666666,0.0,0.0,0,0,0.0,11923.94,1,0,0.0,35212.01,4,0,0.0,38843.46,6,0,0.0,0
LGS2ORD0043989,C010141,2025-12-15 09:00:00,Female,30,Bronze,Web,Bangkok,470,Shopee,COD,9,12,0,0,20-30,15.666666666666666,10.0,2.0,0.2,1,13,5003.771999999999,0.28,0.5,0.4,0.0,0.0,0,0,0.0,6179.68,1,1,1.0,9941.57,2,1,0.5,50037.719999999994,10,2,0.2,1
LGS2ORD0043990,C011451,2025-12-15 09:00:00,Male,38,Silver,CallCenter,Chiang Mai,745,Shopee,Credit_Card,9,12,0,0,30-40,24.833333333333332,3.0,0.0,0.0,-1,109,7595.889999999999,0.25,0.3333333333333333,0.3333333333333333,0.0,0.0,0,0,0.0,0.0,0,0,0.0,0.0,0,0,0.0,22787.67,3,0,0.0,0
LGS2ORD0043991,C012369,2025-12-15 09:00:00,Female,53,Bronze,Shopee,Phuket,506,Lazada,COD,9,12,0,0,>50,16.866666666666667,4.0,1.0,0.25,173,58,4039.0825000000004,0.28,0.5,0.25,0.0,0.0,0,0,0.0,0.0,0,0,0.0,1518.7,1,0,0.0,16156.330000000002,4,1,0.25,0
LGS2ORD0043992,C012201,2025-12-15 09:00:00,Male,49,Gold,Web,Bangkok,1507,Lazada,Credit_Card,9,12,0,0,40-50,50.233333333333334,1.0,0.0,0.0,-1,198,7524.6,0.28,0.0,1.0,0.0,0.0,0,0,0.0,0.0,0,0,0.0,0.0,0,0,0.0,7524.6,1,0,0.0,0
LGS2ORD0043993,C012811,2025-12-15 09:00:00,Male,39,Gold,Web,Bangkok,1553,CallCenter,Credit_Card,9,12,0,0,30-40,51.766666666666666,2.0,1.0,0.5,117,70,5357.4400000000005,0.13,0.0,0.0,0.0,0.0,0,0,0.0,0.0,0,0,0.0,8810.92,1,0,0.0,10714.880000000001,2,1,0.5,0
LGS2ORD0043994,C012676,2025-12-15 09:00:00,Female,59,Bronze,Lazada,Bangkok,697,Shopee,COD,9,12,0,0,>50,23.233333333333334,5.0,1.0,0.2,168,63,6672.784,0.28,0.6,0.2,0.0,0.0,0,0,0.0,0.0,0,0,0.0,9780.58,1,0,0.0,33363.92,5,1,0.2,0
LGS2ORD0043995,C013210,2025-12-15 10:00:00,Female,43,Bronze,TV,Nakhon Ratchasima,1795,Web,Bank_Transfer,10,12,0,0,40-50,59.833333333333336,7.0,1.0,0.14285714285714285,266,32,2256.555714285714,0.18,0.14285714285714285,0.0,0.0,0.0,0,0,0.0,0.0,0,0,0.0,9827.439999999999,3,0,0.0,15795.89,7,1,0.14285714285714285,0
LGS2ORD0043996,C017577,2025-12-15 10:00:00,Female,54,Bronze,Web,Remote_Area,729,CallCenter,Credit_Card,10,12,0,0,>50,24.3,6.0,3.0,0.5,71,72,5803.658333333334,0.23,0.3333333333333333,0.16666666666666666,0.0,0.0,0,0,0.0,0.0,0,0,0.0,5692.29,2,1,0.5,34821.950000000004,6,3,0.5,0
LGS2ORD0043997,C016912,2025-12-15 10:00:00,Male,22,Bronze,TV,Nakhon Ratchasima,1265,TV_Show,COD,10,12,0,0,20-30,42.166666666666664,7.0,0.0,0.0,-1,2,11157.695714285714,0.08,0.42857142857142855,0.0,0.0,2014.5,1,0,0.0,2014.5,1,0,0.0,18930.18,3,0,0.0,78103.87,7,0,0.0,1
LGS2ORD0043998,C012831,2025-12-15 10:00:00,Other,72,Bronze,CallCenter,Bangkok,383,CallCenter,COD,10,12,0,0,>50,12.766666666666667,4.0,0.0,0.0,-1,37,9719.725,0.23,0.5,0.25,0.0,0.0,0,0,0.0,0.0,0,0,0.0,15816.62,1,0,0.0,38878.9,4,0,0.0,1
LGS2ORD0043999,C017020,2025-12-15 10:00:00,Male,55,Silver,TV,Chiang Mai,838,CallCenter,PromptPay,10,12,0,0,>50,27.933333333333334,8.0,3.0,0.375,184,53,2881.01625,0.3,0.875,0.25,0.0,0.0,0,0,0.0,0.0,0,0,0.0,4885.63,3,0,0.0,23048.13,8,3,0.375,0
LGS2ORD0044000,C014898,2025-12-15 11:00:00,Female,30,Bronze,TV,Bangkok,945,Shopee,Bank_Transfer,11,12,0,0,20-30,31.5,7.0,3.0,0.42857142857142855,80,36,4647.625714285714,0.28,0.5714285714285714,0.42857142857142855,0.0,0.0,0,0,0.0,0.0,0,0,0.0,9878.67,2,0,0.0,32533.379999999997,7,3,0.42857142857142855,0
LGS2ORD0044001,C014500,2025-12-15 11:00:00,Male,42,Bronze,Shopee,Bangkok,1604,Lazada,COD,11,12,0,0,40-50,53.46666666666667,5.0,2.0,0.4,227,99,8974.044,0.28,0.6,0.6,0.0,0.0,0,0,0.0,0.0,0,0,0.0,0.0,0,0,0.0,44870.22,5,2,0.4,0
LGS2ORD0044002,C016307,2025-12-15 11:00:00,Male,40,Silver,Shopee,Nakhon Ratchasima,1744,Web,Credit_Card,11,12,0,0,30-40,58.13333333333333,10.0,1.0,0.1,67,75,4084.8130000000006,0.25,0.5,0.2,0.0,0.0,0,0,0.0,0.0,0,0,0.0,6822.17,2,1,0.5,40848.130000000005,10,1,0.1,0
LGS2ORD0044003,C010968,2025-12-15 11:00:00,Female,50,Bronze,CallCenter,Phuket,990,TV_Show,COD,11,12,0,0,40-50,33.0,14.0,5.0,0.35714285714285715,47,44,5164.934285714286,0.28,0.6428571428571429,0.14285714285714285,0.0,0.0,0,0,0.0,0.0,0,0,0.0,28734.28,5,3,0.6,72309.08,14,5,0.35714285714285715,0
LGS2ORD0044004,C012406,2025-12-15 11:00:00,Female,56,Bronze,Web,Khon Kaen,1579,TV_Show,PromptPay,11,12,0,0,>50,52.63333333333333,3.0,3.0,1.0,54,68,5297.26,0.18,0.6666666666666666,0.0,0.0,0.0,0,0,0.0,0.0,0,0,0.0,14194.74,2,2,1.0,15891.78,3,3,1.0,0
LGS2ORD0044005,C017384,2025-12-15 12:00:00,Male,41,Silver,Shopee,Bangkok,1545,Web,Credit_Card,12,12,0,0,40-50,51.5,4.0,1.0,0.25,180,103,5139.455,0.2,0.5,0.0,0.0,0.0,0,0,0.0,0.0,0,0,0.0,0.0,0,0,0.0,20557.82,4,1,0.25,0
LGS2ORD0044006,C014069,2025-12-15 12:00:00,Female,55,Silver,Web,Bangkok,1803,Shopee,COD,12,12,0,0,>50,60.1,8.0,2.0,0.25,22,1,3140.36625,0.3,0.625,0.625,0.0,11021.1,1,0,0.0,15591.87,4,1,0.25,15591.87,4,1,0.25,25122.93,8,2,0.25,0
LGS2ORD0044007,C017852,2025-12-15 12:00:00,Male,55,Bronze,Shopee,Khon Kaen,849,Lazada,PromptPay,12,12,0,0,>50,28.3,10.0,0.0,0.0,-1,28,4485.244000000001,0.28,0.7,0.1,0.0,0.0,0,0,0.0,10231.22,1,0,0.0,22933.73,3,0,0.0,44852.44,10,0,0.0,0
LGS2ORD0044008,C014824,2025-12-15 12:00:00,Female,69,Silver,Shopee,Chiang Mai,1341,TV_Show,Credit_Card,12,12,0,0,>50,44.7,4.0,0.0,0.0,-1,99,11081.4725,0.1,0.25,0.0,0.0,0.0,0,0,0.0,0.0,0,0,0.0,0.0,0,0,0.0,44325.89,4,0,0.0,1
LGS2ORD0044009,C013933,2025-12-15 12:00:00,Other,46,Gold,Shopee,Bangkok,389,Shopee,COD,12,12,0,0,40-50,12.966666666666667,5.0,0.0,0.0,-1,36,4795.778,0.33,0.8,0.4,0.0,0.0,0,0,0.0,0.0,0,0,0.0,8999.539999999999,2,0,0.0,23978.89,5,0,0.0,0
LGS2ORD0044010,C015108,2025-12-15 13:00:00,Male,30,Bronze,Lazada,Nakhon Ratchasima,880,Web,Credit_Card,13,12,0,0,20-30,29.333333333333332,10.0,4.0,0.4,44,49,6896.473999999999,0.18,0.4,0.0,0.0,0.0,0,0,0.0,0.0,0,0,0.0,21048.079999999998,3,2,0.6666666666666666,68964.73999999999,10,4,0.4,1
LGS2ORD0044011,C016342,2025-12-15 13:00:00,Female,27,Gold,TV,Chiang Mai,1279,TV_Show,PromptPay,13,12,0,0,20-30,42.63333333333333,6.0,2.0,0.3333333333333333,197,115,6030.595,0.33,0.6666666666666666,0.5,0.0,0.0,0,0,0.0,0.0,0,0,0.0,0.0,0,0,0.0,36183.57,6,2,0.3333333333333333,0
LGS2ORD0044012,C013760,2025-12-15 13:00:00,Male,27,Bronze,Lazada,Khon Kaen,960,CallCenter,COD,13,12,0,0,20-30,32.0,9.0,2.0,0.2222222222222222,222,85,3555.9988888888893,0.23,0.4444444444444444,0.1111111111111111,0.0,0.0,0,0,0.0,0.0,0,0,0.0,5129.75,1,0,0.0,32003.99,9,2,0.2222222222222222,1
LGS2ORD0044013,C015874,2025-12-15 13:00:00,Other,47,Silver,Web,Nakhon Ratchasima,413,CallCenter,Bank_Transfer,13,12,0,0,40-50,13.766666666666667,3.0,1.0,0.3333333333333333,136,149,7687.803333333333,0.3,1.0,0.6666666666666666,0.0,0.0,0,0,0.0,0.0,0,0,0.0,0.0,0,0,0.0,23063.41,3,1,0.3333333333333333,0
LGS2ORD0044014,C013789,2025-12-15 13:00:00,Female,37,Silver,Lazada,Songkhla,989,Web,Credit_Card,13,12,0,0,30-40,32.96666666666667,6.0,4.0,0.6666666666666666,191,58,4363.6900000000005,0.25,0.8333333333333334,0.3333333333333333,0.0,0.0,0,0,0.0,0.0,0,0,0.0,6641.97,1,0,0.0,26182.140000000003,6,4,0.6666666666666666,0
LGS2ORD0044015,C010809,2025-12-15 13:00:00,Male,38,Platinum,Web,Bangkok,1754,Lazada,Credit_Card,13,12,0,0,30-40,58.46666666666667,6.0,1.0,0.16666666666666666,21,29,5347.836666666667,0.3,0.3333333333333333,0.8333333333333334,0.0,0.0,0,0,0.0,1389.99,1,1,1.0,1389.99,1,1,1.0,32087.02,6,1,0.16666666666666666,0
LGS2ORD0044016,C012245,2025-12-15 14:00:00,Female,22,Bronze,Web,Bangkok,1600,TV_Show,COD,14,12,0,0,20-30,53.333333333333336,6.0,1.0,0.16666666666666666,265,112,5297.8,0.28,0.8333333333333334,0.5,0.0,0.0,0,0,0.0,0.0,0,0,0.0,0.0,0,0,0.0,31786.8,6,1,0.16666666666666666,0
LGS2ORD0044017,C012198,2025-12-15 14:00:00,Male,42,Silver,Shopee,Bangkok,990,TV_Show,COD,14,12,0,0,40-50,33.0,2.0,0.0,0.0,-1,47,842.7450000000001,0.2,0.5,0.0,0.0,0.0,0,0,0.0,0.0,0,0,0.0,574.6,1,0,0.0,1685.4900000000002,2,0,0.0,0
LGS2ORD0044018,C015284,2025-12-15 14:00:00,Male,59,Silver,TV,Bangkok,965,Web,Bank_Transfer,14,12,0,0,>50,32.166666666666664,4.0,1.0,0.25,211,57,8898.712500000001,0.2,0.0,0.0,0.0,0.0,0,0,0.0,0.0,0,0,0.0,10107.79,2,0,0.0,35594.850000000006,4,1,0.25,0
LGS2ORD0044019,C013934,2025-12-15 14:00:00,Female,36,Bronze,CallCenter,Khon Kaen,602,Lazada,Bank_Transfer,14,12,0,0,30-40,20.066666666666666,9.0,0.0,0.0,-1,0,8273.236666666666,0.23,0.2222222222222222,0.4444444444444444,0.0,8189.04,1,0,0.0,8189.04,1,0,0.0,17545.43,3,0,0.0,74459.12999999999,9,0,0.0,0
LGS2ORD0044020,C016694,2025-12-15 14:00:00,Male,47,Bronze,Shopee,Phuket,1757,Shopee,PromptPay,14,12,0,0,40-50,58.56666666666667,4.0,3.0,0.75,94,106,3033.3,0.23,0.5,0.5,0.0,0.0,0,0,0.0,0.0,0,0,0.0,0.0,0,0,0.0,12133.2,4,3,0.75,0
LGS2ORD0044021,C014249,2025-12-15 15:00:00,Female,41,Gold,Web,Remote_Area,1419,CallCenter,PromptPay,15,12,0,0,40-50,47.3,8.0,4.0,0.5,-5,6,3693.7200000000003,0.33,0.5,0.5,0.0,5601.76,1,1,1.0,7594.2300000000005,2,2,1.0,13670.630000000001,4,3,0.75,29549.760000000002,8,4,0.5,0
LGS2ORD0044022,C010062,2025-12-15 15:00:00,Male,48,Silver,TV,Remote_Area,1745,Shopee,COD,15,12,0,0,40-50,58.166666666666664,9.0,3.0,0.3333333333333333,11,22,4797.028888888888,0.3,0.5555555555555556,0.3333333333333333,0.0,0.0,0,0,0.0,1099.88,1,1,1.0,8668.98,3,2,0.6666666666666666,43173.259999999995,9,3,0.3333333333333333,1
LGS2ORD0044023,C011194,2025-12-15 15:00:00,Female,49,Silver,Lazada,Bangkok,379,CallCenter,Credit_Card,15,12,0,0,40-50,12.633333333333333,5.0,1.0,0.2,21,27,8882.676,0.2,1.0,0.0,0.0,0.0,0,0,0.0,16407.989999999998,2,1,0.5,17315.64,3,1,0.3333333333333333,44413.38,5,1,0.2,1
LGS2ORD0044024,C016897,2025-12-15 15:00:00,Male,56,Silver,TV,Chiang Mai,1198,Lazada,Credit_Card,15,12,0,0,>50,39.93333333333333,9.0,2.0,0.2222222222222222,15,22,2278.046666666667,0.25,0.4444444444444444,0.2222222222222222,0.0,0.0,0,0,0.0,1323.24,1,1,1.0,3635.1400000000003,2,1,0.5,20502.420000000002,9,2,0.2222222222222222,0
LGS2ORD0044025,C014854,2025-12-15 15:00:00,Male,41,Bronze,Shopee,Songkhla,726,TV_Show,COD,15,12,0,0,40-50,24.2,6.0,1.0,0.16666666666666666,6,16,5294.1483333333335,0.18,0.5,0.0,0.0,0.0,0,0,0.0,2839.71,1,1,1.0,5103.2,2,1,0.5,31764.89,6,1,0.16666666666666666,0
LGS2ORD0044026,C015446,2025-12-15 16:00:00,Female,38,Bronze,Shopee,Bangkok,1437,Shopee,COD,16,12,0,0,30-40,47.9,11.0,1.0,0.09090909090909091,180,24,7632.521818181817,0.23,0.45454545454545453,0.18181818181818182,0.0,0.0,0,0,0.0,4237.67,1,0,0.0,16097.43,2,0,0.0,83957.73999999999,11,1,0.09090909090909091,0
LGS2ORD0044027,C017240,2025-12-15 16:00:00,Male,37,Bronze,Shopee,Chiang Mai,1677,Web,Credit_Card,16,12,0,0,30-40,55.9,2.0,1.0,0.5,255,96,3248.365,0.28,0.5,0.5,0.0,0.0,0,0,0.0,0.0,0,0,0.0,0.0,0,0,0.0,6496.73,2,1,0.5,0
LGS2ORD0044028,C011340,2025-12-15 16:00:00,Female,57,Bronze,Web,Songkhla,815,Shopee,COD,16,12,0,0,>50,27.166666666666668,7.0,3.0,0.42857142857142855,166,170,3586.0171428571425,0.28,0.7142857142857143,0.7142857142857143,0.0,0.0,0,0,0.0,0.0,0,0,0.0,0.0,0,0,0.0,25102.12,7,3,0.42857142857142855,0
LGS2ORD0044029,C015822,2025-12-15 16:00:00,Male,50,Bronze,Shopee,Chiang Mai,1802,Shopee,COD,16,12,0,0,40-50,60.06666666666667,2.0,0.0,0.0,-1,6,2722.41,0.23,0.0,0.5,0.0,4398.46,1,0,0.0,4398.46,1,0,0.0,4398.46,1,0,0.0,5444.82,2,0,0.0,1
LGS2ORD0044030,C014083,2025-12-15 16:00:00,Male,42,Gold,Web,Chonburi,362,CallCenter,COD,16,12,0,0,40-50,12.066666666666666,5.0,1.0,0.2,250,140,8299.404,0.33,0.4,0.2,0.0,0.0,0,0,0.0,0.0,0,0,0.0,0.0,0,0,0.0,41497.020000000004,5,1,0.2,0
LGS2ORD0044031,C016018,2025-12-15 17:00:00,Female,52,Bronze,Web,Khon Kaen,645,CallCenter,COD,17,12,0,0,>50,21.5,3.0,1.0,0.3333333333333333,26,39,6030.8,0.23,0.6666666666666666,0.3333333333333333,0.0,0.0,0,0,0.0,0.0,0,0,0.0,15007.98,1,1,1.0,18092.4,3,1,0.3333333333333333,0
LGS2ORD0044032,C011401,2025-12-15 17:00:00,Male,37,Platinum,Shopee,Chiang Mai,1330,Shopee,COD,17,12,0,0,30-40,44.333333333333336,2.0,1.0,0.5,83,100,807.845,0.3,0.5,0.5,0.0,0.0,0,0,0.0,0.0,0,0,0.0,0.0,0,0,0.0,1615.69,2,1,0.5,0
LGS2ORD0044033,C011414,2025-12-15 17:00:00,Male,51,Bronze,CallCenter,Chiang Mai,1768,Shopee,COD,17,12,0,0,>50,58.93333333333333,4.0,1.0,0.25,257,174,4927.9475,0.18,0.25,0.0,0.0,0.0,0,0,0.0,0.0,0,0,0.0,0.0,0,0,0.0,19711.79,4,1,0.25,0
LGS2ORD0044034,C010143,2025-12-15 17:00:00,Male,37,Silver,CallCenter,Bangkok,1698,Lazada,PromptPay,17,12,0,0,30-40,56.6,9.0,1.0,0.1111111111111111,144,22,5385.227777777778,0.2,0.3333333333333333,0.0,0.0,0.0,0,0,0.0,12463.45,1,0,0.0,13065.140000000001,2,0,0.0,48467.05,9,1,0.1111111111111111,0
LGS2ORD0044035,C015594,2025-12-15 17:00:00,Male,33,Bronze,Shopee,Chonburi,1308,TV_Show,COD,17,12,0,0,30-40,43.6,2.0,0.0,0.0,-1,96,3622.575,0.08,1.0,0.0,0.0,0.0,0,0,0.0,0.0,0,0,0.0,0.0,0,0,0.0,7245.15,2,0,0.0,0
LGS2ORD0044036,C013508,2025-12-15 17:00:00,Male,44,Bronze,TV,Phuket,1154,TV_Show,PromptPay,17,12,0,0,40-50,38.46666666666667,3.0,2.0,0.6666666666666666,108,115,8731.856666666667,0.23,1.0,0.6666666666666666,0.0,0.0,0,0,0.0,0.0,0,0,0.0,0.0,0,0,0.0,26195.57,3,2,0.6666666666666666,0
LGS2ORD0044037,C011324,2025-12-15 18:00:00,Male,48,Platinum,Lazada,Bangkok,1585,Web,COD,18,12,0,0,40-50,52.833333333333336,4.0,1.0,0.25,27,41,3383.5,0.3,0.0,0.75,0.0,0.0,0,0,0.0,0.0,0,0,0.0,7492.59,2,1,0.5,13534.0,4,1,0.25,1
LGS2ORD0044038,C012823,2025-12-15 18:00:00,Female,56,Bronze,Web,Phuket,1565,Web,COD,18,12,0,0,>50,52.166666666666664,13.0,5.0,0.38461538461538464,73,67,4684.763846153846,0.28,0.6153846153846154,0.15384615384615385,0.0,0.0,0,0,0.0,0.0,0,0,0.0,16645.5,2,1,0.5,60901.93,13,5,0.38461538461538464,1
LGS2ORD0044039,C014437,2025-12-15 18:00:00,Male,51,Silver,Lazada,Bangkok,1287,Web,COD,18,12,0,0,>50,42.9,4.0,0.0,0.0,-1,16,6935.0525,0.2,0.75,0.0,0.0,0.0,0,0,0.0,5473.44,1,0,0.0,12875.46,2,0,0.0,27740.21,4,0,0.0,0
LGS2ORD0044040,C013054,2025-12-15 18:00:00,Female,64,Silver,Web,Khon Kaen,1783,TV_Show,COD,18,12,0,0,>50,59.43333333333333,5.0,1.0,0.2,320,2,13204.274,0.25,0.4,0.2,0.0,6371.27,1,0,0.0,6371.27,1,0,0.0,6371.27,1,0,0.0,66021.37,5,1,0.2,0
LGS2ORD0044041,C013955,2025-12-15 18:00:00,Male,34,Silver,TV,Chiang Mai,1383,CallCenter,PromptPay,18,12,0,0,30-40,46.1,9.0,2.0,0.2222222222222222,158,14,4066.8333333333335,0.25,0.3333333333333333,0.1111111111111111,0.0,0.0,0,0,0.0,11165.95,1,0,0.0,11165.95,1,0,0.0,36601.5,9,2,0.2222222222222222,0
LGS2ORD0044042,C016487,2025-12-15 19:00:00,Male,38,Silver,Web,Songkhla,1120,Web,Credit_Card,19,12,0,0,30-40,37.333333333333336,8.0,2.0,0.25,212,30,6485.1575,0.25,0.25,0.375,0.0,0.0,0,0,0.0,0.0,0,0,0.0,3133.67,2,0,0.0,51881.26,8,2,0.25,0
LGS2ORD0044043,C012443,2025-12-15 19:00:00,Male,63,Bronze,Shopee,Remote_Area,1711,CallCenter,Credit_Card,19,12,0,0,>50,57.03333333333333,6.0,0.0,0.0,-1,47,2346.7166666666667,0.28,0.16666666666666666,0.16666666666666666,0.0,0.0,0,0,0.0,0.0,0,0,0.0,5655.64,3,0,0.0,14080.3,6,0,0.0,0
LGS2ORD0044044,C013816,2025-12-15 19:00:00,Female,44,Bronze,TV,Bangkok,1368,Lazada,COD,19,12,0,0,40-50,45.6,7.0,3.0,0.42857142857142855,59,68,4806.387142857143,0.28,1.0,0.42857142857142855,0.0,0.0,0,0,0.0,0.0,0,0,0.0,7133.73,2,1,0.5,33644.71,7,3,0.42857142857142855,0
LGS2ORD0044045,C014404,2025-12-15 19:00:00,Male,51,Bronze,TV,Chiang Mai,493,CallCenter,Credit_Card,19,12,0,0,>50,16.433333333333334,8.0,0.0,0.0,-1,15,5492.22375,0.18,0.75,0.0,0.0,0.0,0,0,0.0,13141.71,2,0,0.0,15233.919999999998,4,0,0.0,43937.79,8,0,0.0,0
LGS2ORD0044046,C011016,2025-12-15 19:00:00,Male,47,Bronze,CallCenter,Bangkok,1545,Web,Credit_Card,19,12,0,0,40-50,51.5,5.0,1.0,0.2,182,66,1629.848,0.13,0.6,0.0,0.0,0.0,0,0,0.0,0.0,0,0,0.0,3599.13,2,0,0.0,8149.24,5,1,0.2,0
LGS2ORD0044047,C014501,2025-12-15 20:00:00,Female,51,Platinum,Web,Bangkok,573,Web,COD,20,12,0,0,>50,19.1,4.0,0.0,0.0,-1,7,9096.275,0.35,0.5,0.5,0.0,0.0,0,0,0.0,6028.65,1,0,0.0,6028.65,1,0,0.0,36385.1,4,0,0.0,0
LGS2ORD0044048,C011092,2025-12-15 20:00:00,Male,35,Silver,Web,Khon Kaen,1769,Lazada,COD,20,12,0,0,30-40,58.96666666666667,8.0,1.0,0.125,284,48,9015.9725,0.2,0.25,0.0,0.0,0.0,0,0,0.0,0.0,0,0,0.0,7538.77,1,0,0.0,72127.78,8,1,0.125,1
LGS2ORD0044049,C014002,2025-12-15 20:00:00,Male,36,Bronze,TV,Bangkok,763,Web,COD,20,12,0,0,30-40,25.433333333333334,9.0,3.0,0.3333333333333333,127,5,3772.987777777778,0.23,0.8888888888888888,0.3333333333333333,0.0,2639.62,1,0,0.0,2639.62,1,0,0.0,16151.41,3,0,0.0,33956.89,9,3,0.3333333333333333,0
LGS2ORD0044050,C015977,2025-12-15 20:00:00,Male,19,Platinum,TV,Bangkok,472,Web,PromptPay,20,12,0,0,<20,15.733333333333333,2.0,0.0,0.0,-1,210,1186.81,0.35,1.0,1.0,0.0,0.0,0,0,0.0,0.0,0,0,0.0,0.0,0,0,0.0,2373.62,2,0,0.0,1
LGS2ORD0044051,C013278,2025-12-15 20:00:00,Male,34,Silver,TV,Khon Kaen,1624,Lazada,Bank_Transfer,20,12,0,0,30-40,54.13333333333333,6.0,0.0,0.0,-1,31,7425.495,0.3,0.8333333333333334,0.16666666666666666,0.0,0.0,0,0,0.0,0.0,0,0,0.0,25562.489999999998,2,0,0.0,44552.97,6,0,0.0,0
LGS2ORD0044052,C010356,2025-12-15 21:00:00,Male,39,Silver,Shopee,Bangkok,689,Web,Bank_Transfer,21,12,0,0,30-40,22.966666666666665,8.0,0.0,0.0,-1,32,5922.4725,0.3,0.625,0.25,0.125,0.0,0,0,0.0,0.0,0,0,0.0,1099.61,1,0,0.0,47379.78,8,0,0.0,0
LGS2ORD0044053,C014672,2025-12-15 21:00:00,Female,39,Bronze,Shopee,Chiang Mai,1774,Lazada,Credit_Card,21,12,0,0,30-40,59.13333333333333,13.0,3.0,0.23076923076923078,14,10,6172.487692307691,0.23,0.6923076923076923,0.15384615384615385,0.07692307692307693,0.0,0,0,0.0,2334.6400000000003,2,1,0.5,2334.6400000000003,2,1,0.5,80242.33999999998,13,3,0.23076923076923078,0
LGS2ORD0044054,C010693,2025-12-15 21:00:00,Male,60,Gold,Web,Phuket,1354,Web,Bank_Transfer,21,12,0,0,>50,45.13333333333333,7.0,4.0,0.5714285714285714,28,41,8943.038571428571,0.28,0.2857142857142857,0.42857142857142855,0.0,0.0,0,0,0.0,0.0,0,0,0.0,11698.31,1,1,1.0,62601.270000000004,7,4,0.5714285714285714,1
LGS2ORD0044055,C017354,2025-12-15 21:00:00,Male,52,Silver,Web,Songkhla,1491,Shopee,PromptPay,21,12,0,0,>50,49.7,3.0,3.0,1.0,15,24,2018.073333333333,0.3,1.0,0.6666666666666666,0.0,0.0,0,0,0.0,1383.24,1,1,1.0,1383.24,1,1,1.0,6054.219999999999,3,3,1.0,0
LGS2ORD0044056,C015499,2025-12-15 21:00:00,Male,18,Bronze,Shopee,Bangkok,675,Web,COD,21,12,0,0,<20,22.5,4.0,1.0,0.25,44,56,2847.0025,0.23,0.75,0.25,0.0,0.0,0,0,0.0,0.0,0,0,0.0,768.78,1,1,1.0,11388.01,4,1,0.25,1
LGS2ORD0044057,C013583,2025-12-15 21:00:00,Female,39,Gold,Web,Chonburi,1163,CallCenter,Credit_Card,21,12,0,0,30-40,38.766666666666666,2.0,0.0,0.0,-1,139,1675.9299999999998,0.13,0.0,0.0,0.0,0.0,0,0,0.0,0.0,0,0,0.0,0.0,0,0,0.0,3351.8599999999997,2,0,0.0,0
LGS2ORD0044058,C010779,2025-12-15 22:00:00,Male,27,Silver,Web,Bangkok,798,Lazada,COD,22,12,0,0,20-30,26.6,3.0,1.0,0.3333333333333333,16,12,1608.3166666666666,0.2,0.6666666666666666,0.0,0.0,0.0,0,0,0.0,3637.87,2,1,0.5,3637.87,2,1,0.5,4824.95,3,1,0.3333333333333333,0
LGS2ORD0044059,C010956,2025-12-15 22:00:00,Female,27,Gold,Web,Phuket,590,TV_Show,Bank_Transfer,22,12,0,0,20-30,19.666666666666668,7.0,4.0,0.5714285714285714,13,13,9061.134285714286,0.33,0.42857142857142855,0.42857142857142855,0.0,0.0,0,0,0.0,46042.76,2,1,0.5,49299.18,3,1,0.3333333333333333,63427.94,7,4,0.5714285714285714,0
LGS2ORD0044060,C015359,2025-12-15 22:00:00,Male,44,Silver,Lazada,Bangkok,1035,TV_Show,COD,22,12,0,0,40-50,34.5,2.0,1.0,0.5,72,80,13048.134999999998,0.25,0.0,0.5,0.0,0.0,0,0,0.0,0.0,0,0,0.0,17203.19,1,1,1.0,26096.269999999997,2,1,0.5,0
LGS2ORD0044061,C015375,2025-12-15 22:00:00,Male,43,Silver,Web,Chiang Mai,593,Lazada,Bank_Transfer,22,12,0,0,40-50,19.766666666666666,3.0,0.0,0.0,-1,80,2379.24,0.3,0.3333333333333333,0.6666666666666666,0.0,0.0,0,0,0.0,0.0,0,0,0.0,420.07,1,0,0.0,7137.719999999999,3,0,0.0,0
LGS2ORD0044062,C017205,2025-12-15 22:00:00,Female,41,Bronze,Web,Chonburi,731,TV_Show,COD,22,12,0,0,40-50,24.366666666666667,1.0,1.0,1.0,196,207,1348.02,0.08,0.0,0.0,0.0,0.0,0,0,0.0,0.0,0,0,0.0,0.0,0,0,0.0,1348.02,1,1,1.0,0
LGS2ORD0044063,C010189,2025-12-15 23:00:00,Female,48,Bronze,TV,Khon Kaen,893,Web,COD,23,12,0,0,40-50,29.766666666666666,7.0,3.0,0.42857142857142855,59,69,5376.4914285714285,0.28,0.42857142857142855,0.14285714285714285,0.0,0.0,0,0,0.0,0.0,0,0,0.0,2221.09,2,2,1.0,37635.44,7,3,0.42857142857142855,1
LGS2ORD0044064,C010666,2025-12-15 23:00:00,Female,24,Silver,TV,Chiang Mai,813,Web,PromptPay,23,12,0,0,20-30,27.1,7.0,1.0,0.14285714285714285,14,22,10626.398571428572,0.25,0.5714285714285714,0.14285714285714285,0.0,0.0,0,0,0.0,23854.559999999998,2,1,0.5,27455.16,3,1,0.3333333333333333,74384.79000000001,7,1,0.14285714285714285,0
LGS2ORD0044065,C012239,2025-12-15 23:00:00,Male,47,Silver,Shopee,Remote_Area,1809,Shopee,COD,23,12,0,0,40-50,60.3,12.0,5.0,0.4166666666666667,40,45,4702.678333333333,0.3,0.6666666666666666,0.25,0.0,0.0,0,0,0.0,0.0,0,0,0.0,20500.879999999997,3,2,0.6666666666666666,56432.14,12,5,0.4166666666666667,1
LGS2ORD0044066,C015703,2025-12-15 23:00:00,Female,32,Silver,TV,Nakhon Ratchasima,889,Shopee,COD,23,12,0,0,30-40,29.633333333333333,7.0,1.0,0.14285714285714285,189,28,4939.161428571429,0.3,0.7142857142857143,0.2857142857142857,0.0,0.0,0,0,0.0,20479.89,1,0,0.0,22262.36,2,0,0.0,34574.13,7,1,0.14285714285714285,1
LGS2ORD0044067,C015571,2025-12-15 23:00:00,Female,49,Bronze,TV,Nakhon Ratchasima,361,Lazada,COD,23,12,0,0,40-50,12.033333333333333,7.0,2.0,0.2857142857142857,26,30,5503.410000000001,0.18,0.7142857142857143,0.0,0.0,0.0,0,0,0.0,0.0,0,0,0.0,13249.279999999999,2,1,0.5,38523.87,7,2,0.2857142857142857,0
LGS2ORD0044068,C015673,2025-12-16 00:00:00,Female,18,Platinum,Web,Bangkok,1643,Lazada,COD,0,12,1,0,<20,54.766666666666666,1.0,1.0,1.0,49,60,9265.75,0.15,1.0,0.0,0.0,0.0,0,0,0.0,0.0,0,0,0.0,9265.75,1,1,1.0,9265.75,1,1,1.0,0
LGS2ORD0044069,C015133,2025-12-16 00:00:00,Other,72,Bronze,TV,Bangkok,430,Lazada,Credit_Card,0,12,1,0,>50,14.333333333333334,5.0,0.0,0.0,-1,25,3044.9639999999995,0.23,0.4,0.2,0.0,0.0,0,0,0.0,1771.3,1,0,0.0,1771.3,1,0,0.0,15224.819999999998,5,0,0.0,0
LGS2ORD0044070,C014624,2025-12-16 00:00:00,Male,39,Bronze,Shopee,Khon Kaen,1784,Shopee,Bank_Transfer,0,12,1,0,30-40,59.46666666666667,6.0,1.0,0.16666666666666666,281,53,6337.243333333332,0.28,0.5,0.5,0.0,0.0,0,0,0.0,0.0,0,0,0.0,8336.38,2,0,0.0,38023.45999999999,6,1,0.16666666666666666,1
LGS2ORD0044071,C013353,2025-12-16 00:00:00,Male,46,Bronze,CallCenter,Khon Kaen,1676,TV_Show,COD,0,12,1,0,40-50,55.86666666666667,4.0,1.0,0.25,168,91,2744.285,0.23,0.5,0.25,0.0,0.0,0,0,0.0,0.0,0,0,0.0,0.0,0,0,0.0,10977.14,4,1,0.25,0
LGS2ORD0044072,C014417,2025-12-16 00:00:00,Male,54,Silver,Shopee,Chonburi,1486,Lazada,Credit_Card,0,12,1,0,>50,49.53333333333333,12.0,2.0,0.16666666666666666,18,29,5329.7525000000005,0.3,0.6666666666666666,0.4166666666666667,0.0,0.0,0,0,0.0,5204.51,1,1,1.0,15763.5,2,1,0.5,63957.030000000006,12,2,0.16666666666666666,1
LGS2ORD0044073,C016554,2025-12-16 00:00:00,Female,39,Bronze,TV,Chiang Mai,1105,Web,PromptPay,0,12,1,0,30-40,36.833333333333336,14.0,4.0,0.2857142857142857,5,1,8039.596428571428,0.28,0.7142857142857143,0.2857142857142857,0.0,4861.95,2,0,0.0,12926.9,4,1,0.25,28885.379999999997,7,3,0.42857142857142855,112554.34999999999,14,4,0.2857142857142857,0
LGS2ORD0044074,C010984,2025-12-16 01:00:00,Female,60,Bronze,Shopee,Bangkok,496,Shopee,Bank_Transfer,1,12,1,0,>50,16.533333333333335,7.0,0.0,0.0,-1,83,7277.910000000001,0.28,0.42857142857142855,0.2857142857142857,0.0,0.0,0,0,0.0,0.0,0,0,0.0,1885.36,1,0,0.0,50945.37,7,0,0.0,0
LGS2ORD0044075,C010626,2025-12-16 01:00:00,Female,49,Bronze,CallCenter,Remote_Area,1801,TV_Show,Credit_Card,1,12,1,0,40-50,60.03333333333333,7.0,3.0,0.42857142857142855,4,7,9436.754285714285,0.23,0.42857142857142855,0.14285714285714285,0.0,0.0,0,0,0.0,22058.780000000002,2,1,0.5,22942.100000000002,3,2,0.6666666666666666,66057.28,7,3,0.42857142857142855,0
LGS2ORD0044076,C012993,2025-12-16 01:00:00,Male,47,Bronze,Lazada,Nakhon Ratchasima,412,TV_Show,COD,1,12,1,0,40-50,13.733333333333333,8.0,2.0,0.25,249,81,8420.98375,0.28,0.625,0.5,0.0,0.0,0,0,0.0,0.0,0,0,0.0,16889.44,1,0,0.0,67367.87,8,2,0.25,1
LGS2ORD0044077,C017438,2025-12-16 01:00:00,Female,40,Bronze,Lazada,Songkhla,466,Shopee,Credit_Card,1,12,1,0,30-40,15.533333333333333,6.0,3.0,0.5,13,18,5735.478333333333,0.23,0.8333333333333334,0.3333333333333333,0.0,0.0,0,0,0.0,8446.32,1,1,1.0,11489.46,2,1,0.5,34412.869999999995,6,3,0.5,0
LGS2ORD0044078,C010007,2025-12-16 01:00:00,Male,48,Gold,Shopee,Remote_Area,491,Lazada,COD,1,12,1,0,40-50,16.366666666666667,9.0,2.0,0.2222222222222222,69,84,6931.553333333333,0.28,0.7777777777777778,0.6666666666666666,0.0,0.0,0,0,0.0,0.0,0,0,0.0,33533.95,2,1,0.5,62383.979999999996,9,2,0.2222222222222222,1
LGS2ORD0044079,C013185,2025-12-16 02:00:00,Female,39,Gold,TV,Bangkok,1522,Web,COD,2,12,1,0,30-40,50.733333333333334,6.0,1.0,0.16666666666666666,29,24,5649.626666666667,0.33,0.5,1.0,0.0,0.0,0,0,0.0,1463.69,1,0,0.0,23558.28,4,1,0.25,33897.76,6,1,0.16666666666666666,0
LGS2ORD0044080,C015507,2025-12-16 02:00:00,Male,23,Platinum,TV,Bangkok,1366,Web,COD,2,12,1,0,20-30,45.53333333333333,6.0,1.0,0.16666666666666666,125,73,4493.086666666667,0.35,0.6666666666666666,0.6666666666666666,0.0,0.0,0,0,0.0,0.0,0,0,0.0,3455.05,1,0,0.0,26958.52,6,1,0.16666666666666666,0
LGS2ORD0044081,C017113,2025-12-16 02:00:00,Female,50,Bronze,TV,Khon Kaen,559,Web,Credit_Card,2,12,1,0,40-50,18.633333333333333,8.0,2.0,0.25,58,21,4960.02875,0.28,0.5,0.25,0.0,0.0,0,0,0.0,1709.56,1,0,0.0,13012.53,4,1,0.25,39680.23,8,2,0.25,0
LGS2ORD0044082,C010650,2025-12-16 02:00:00,Female,63,Gold,Lazada,Phuket,1561,TV_Show,Credit_Card,2,12,1,0,>50,52.03333333333333,9.0,3.0,0.3333333333333333,22,36,5271.531111111111,0.33,0.4444444444444444,0.3333333333333333,0.0,0.0,0,0,0.0,0.0,0,0,0.0,7657.73,2,1,0.5,47443.78,9,3,0.3333333333333333,0
LGS2ORD0044083,C013646,2025-12-16 02:00:00,Female,36,Silver,CallCenter,Bangkok,730,Shopee,COD,2,12,1,0,30-40,24.333333333333332,5.0,1.0,0.2,64,34,6786.697999999999,0.25,0.4,0.2,0.0,0.0,0,0,0.0,0.0,0,0,0.0,21347.28,3,1,0.3333333333333333,33933.49,5,1,0.2,0
LGS2ORD0044084,C017934,2025-12-16 03:00:00,Male,57,Silver,Shopee,Phuket,565,Lazada,COD,3,12,1,0,>50,18.833333333333332,4.0,0.0,0.0,-1,3,4592.3150000000005,0.2,0.5,0.0,0.0,2124.28,1,0,0.0,3633.2700000000004,2,0,0.0,3633.2700000000004,2,0,0.0,18369.260000000002,4,0,0.0,0
LGS2ORD0044085,C016611,2025-12-16 03:00:00,Female,31,Bronze,Shopee,Remote_Area,695,Lazada,Credit_Card,3,12,1,0,30-40,23.166666666666668,4.0,0.0,0.0,-1,77,1288.3874999999998,0.28,0.5,0.5,0.0,0.0,0,0,0.0,0.0,0,0,0.0,765.49,1,0,0.0,5153.549999999999,4,0,0.0,0
LGS2ORD0044086,C011138,2025-12-16 03:00:00,Male,51,Bronze,CallCenter,Phuket,436,Shopee,Credit_Card,3,12,1,0,>50,14.533333333333333,6.0,3.0,0.5,123,138,5668.8983333333335,0.23,0.3333333333333333,0.16666666666666666,0.0,0.0,0,0,0.0,0.0,0,0,0.0,0.0,0,0,0.0,34013.39,6,3,0.5,0
LGS2ORD0044087,C010032,2025-12-16 03:00:00,Male,52,Silver,Shopee,Nakhon Ratchasima,564,TV_Show,COD,3,12,1,0,>50,18.8,10.0,1.0,0.1,257,37,5370.41,0.3,0.3,0.2,0.0,0.0,0,0,0.0,0.0,0,0,0.0,27543.2,4,0,0.0,53704.1,10,1,0.1,0
LGS2ORD0044088,C010975,2025-12-16 03:00:00,Female,51,Gold,Lazada,Chiang Mai,771,Shopee,COD,3,12,1,0,>50,25.7,10.0,2.0,0.2,105,41,5023.749000000001,0.33,0.2,0.6,0.0,0.0,0,0,0.0,0.0,0,0,0.0,18094.95,3,0,0.0,50237.490000000005,10,2,0.2,1
LGS2ORD0044089,C012512,2025-12-16 04:00:00,Male,28,Bronze,TV,Chiang Mai,839,Shopee,Credit_Card,4,12,1,0,20-30,27.966666666666665,6.0,3.0,0.5,25,31,5193.943333333334,0.23,1.0,0.16666666666666666,0.0,0.0,0,0,0.0,0.0,0,0,0.0,7730.12,2,1,0.5,31163.660000000003,6,3,0.5,0
LGS2ORD0044090,C016915,2025-12-16 04:00:00,Female,57,Bronze,TV,Chonburi,516,Web,Credit_Card,4,12,1,0,>50,17.2,12.0,1.0,0.08333333333333333,124,35,3775.2833333333333,0.28,0.5,0.16666666666666666,0.0,0.0,0,0,0.0,0.0,0,0,0.0,718.62,1,0,0.0,45303.4,12,1,0.08333333333333333,0
LGS2ORD0044091,C016816,2025-12-16 04:00:00,Male,39,Bronze,Web,Bangkok,701,Web,COD,4,12,1,0,30-40,23.366666666666667,2.0,1.0,0.5,258,235,1864.545,0.23,0.5,0.5,0.0,0.0,0,0,0.0,0.0,0,0,0.0,0.0,0,0,0.0,3729.09,2,1,0.5,0
LGS2ORD0044092,C010104,2025-12-16 04:00:00,Male,35,Bronze,TV,Remote_Area,655,Lazada,COD,4,12,1,0,30-40,21.833333333333332,6.0,2.0,0.3333333333333333,18,25,9716.491666666667,0.23,0.16666666666666666,0.3333333333333333,0.0,0.0,0,0,0.0,26854.62,1,1,1.0,28134.01,2,1,0.5,58298.95,6,2,0.3333333333333333,0
LGS2ORD0044093,C013877,2025-12-16 04:00:00,Male,23,Gold,Shopee,Chiang Mai,554,TV_Show,COD,4,12,1,0,20-30,18.466666666666665,5.0,3.0,0.6,69,24,5297.642000000001,0.33,0.6,0.4,0.0,0.0,0,0,0.0,1395.99,1,0,0.0,7390.23,4,2,0.5,26488.210000000003,5,3,0.6,0
LGS2ORD0044094,C017834,2025-12-16 04:00:00,Male,36,Platinum,Web,Khon Kaen,584,CallCenter,Bank_Transfer,4,12,1,0,30-40,19.466666666666665,2.0,1.0,0.5,-1,12,3484.6699999999996,0.3,0.5,0.5,0.0,0.0,0,0,0.0,5927.23,1,1,1.0,5927.23,1,1,1.0,6969.339999999999,2,1,0.5,1
LGS2ORD0044095,C011687,2025-12-16 05:00:00,Male,55,Bronze,TV,Chonburi,1200,Shopee,COD,5,12,1,0,>50,40.0,6.0,2.0,0.3333333333333333,19,14,8805.143333333332,0.28,0.16666666666666666,0.3333333333333333,0.0,0.0,0,0,0.0,1970.28,1,0,0.0,18871.05,3,1,0.3333333333333333,52830.85999999999,6,2,0.3333333333333333,1
LGS2ORD0044096,C014947,2025-12-16 05:00:00,Female,44,Bronze,Lazada,Chonburi,1015,Web,Credit_Card,5,12,1,0,40-50,33.833333333333336,7.0,2.0,0.2857142857142857,36,8,5641.411428571429,0.28,0.42857142857142855,0.42857142857142855,0.0,0.0,0,0,0.0,1540.99,1,0,0.0,32651.56,3,1,0.3333333333333333,39489.88,7,2,0.2857142857142857,0
LGS2ORD0044097,C014569,2025-12-16 05:00:00,Male,34,Bronze,TV,Remote_Area,671,TV_Show,COD,5,12,1,0,30-40,22.366666666666667,5.0,1.0,0.2,21,14,4099.848,0.28,0.4,0.2,0.0,0.0,0,0,0.0,13177.369999999999,2,1,0.5,13177.369999999999,2,1,0.5,20499.24,5,1,0.2,1
LGS2ORD0044098,C016900,2025-12-16 05:00:00,Female,45,Bronze,Lazada,Remote_Area,1456,Lazada,COD,5,12,1,0,40-50,48.53333333333333,7.0,2.0,0.2857142857142857,278,21,3826.88,0.28,0.42857142857142855,0.42857142857142855,0.0,0.0,0,0,0.0,5339.44,1,0,0.0,9886.21,2,0,0.0,26788.16,7,2,0.2857142857142857,0
LGS2ORD0044099,C014608,2025-12-16 05:00:00,Female,50,Bronze,Lazada,Nakhon Ratchasima,1648,Web,COD,5,12,1,0,40-50,54.93333333333333,9.0,3.0,0.3333333333333333,200,169,4978.372222222222,0.23,0.5555555555555556,0.2222222222222222,0.0,0.0,0,0,0.0,0.0,0,0,0.0,0.0,0,0,0.0,44805.35,9,3,0.3333333333333333,0
LGS2ORD0044100,C016754,2025-12-16 06:00:00,Female,38,Silver,Lazada,Bangkok,1495,TV_Show,Bank_Transfer,6,12,1,0,30-40,49.833333333333336,9.0,1.0,0.1111111111111111,201,137,3449.99,0.25,0.3333333333333333,0.3333333333333333,0.0,0.0,0,0,0.0,0.0,0,0,0.0,0.0,0,0,0.0,31049.909999999996,9,1,0.1111111111111111,0
LGS2ORD0044101,C010797,2025-12-16 06:00:00,Female,31,Gold,CallCenter,Khon Kaen,1634,Shopee,Bank_Transfer,6,12,1,0,30-40,54.46666666666667,10.0,3.0,0.3,47,51,6204.1849999999995,0.2299999999999999,0.6,0.1,0.0,0.0,0,0,0.0,0.0,0,0,0.0,15536.61,4,1,0.25,62041.85,10,3,0.3,0
LGS2ORD0044102,C011115,2025-12-16 06:00:00,Female,57,Bronze,Lazada,Chonburi,1001,Web,COD,6,12,1,0,>50,33.36666666666667,3.0,1.0,0.3333333333333333,229,241,6756.399999999999,0.23,0.3333333333333333,0.3333333333333333,0.0,0.0,0,0,0.0,0.0,0,0,0.0,0.0,0,0,0.0,20269.199999999997,3,1,0.3333333333333333,0
LGS2ORD0044103,C011382,2025-12-16 06:00:00,Male,30,Bronze,Lazada,Chonburi,1634,Web,Credit_Card,6,12,1,0,20-30,54.46666666666667,9.0,1.0,0.1111111111111111,0,16,10486.027777777777,0.23,0.5555555555555556,0.1111111111111111,0.0,0.0,0,0,0.0,3029.63,1,1,1.0,58842.82,4,1,0.25,94374.25,9,1,0.1111111111111111,0
LGS2ORD0044104,C015965,2025-12-16 06:00:00,Female,29,Bronze,Shopee,Chonburi,1582,Shopee,Credit_Card,6,12,1,0,20-30,52.733333333333334,4.0,1.0,0.25,141,23,9146.24,0.18,0.5,0.0,0.0,0.0,0,0,0.0,4977.9,1,0,0.0,4977.9,1,0,0.0,36584.96,4,1,0.25,0
LGS2ORD0044105,C016660,2025-12-16 07:00:00,Male,36,Bronze,Web,Bangkok,1762,Shopee,PromptPay,7,12,1,0,30-40,58.733333333333334,4.0,1.0,0.25,19,24,11564.962500000001,0.23,0.25,0.25,0.0,0.0,0,0,0.0,2942.4,1,1,1.0,2942.4,1,1,1.0,46259.850000000006,4,1,0.25,0
LGS2ORD0044106,C017169,2025-12-16 07:00:00,Male,33,Gold,TV,Bangkok,376,CallCenter,COD,7,12,1,0,30-40,12.533333333333333,7.0,2.0,0.2857142857142857,288,12,4964.68,0.33,0.42857142857142855,0.5714285714285714,0.0,0.0,0,0,0.0,1882.57,1,0,0.0,20998.33,5,0,0.0,34752.76,7,2,0.2857142857142857,0
LGS2ORD0044107,C011267,2025-12-16 07:00:00,Female,48,Gold,TV,Bangkok,1394,CallCenter,COD,7,12,1,0,40-50,46.46666666666667,7.0,1.0,0.14285714285714285,307,26,4288.254285714286,0.28,0.42857142857142855,0.42857142857142855,0.0,0.0,0,0,0.0,1779.69,1,0,0.0,2699.82,2,0,0.0,30017.780000000002,7,1,0.14285714285714285,0
LGS2ORD0044108,C016150,2025-12-16 07:00:00,Other,72,Silver,Shopee,Bangkok,1527,Web,PromptPay,7,12,1,0,>50,50.9,8.0,2.0,0.25,57,71,11262.997500000001,0.2,0.375,0.0,0.0,0.0,0,0,0.0,0.0,0,0,0.0,18186.329999999998,2,1,0.5,90103.98000000001,8,2,0.25,0
LGS2ORD0044109,C011620,2025-12-16 07:00:00,Female,39,Gold,Web,Bangkok,431,Shopee,PromptPay,7,12,1,0,30-40,14.366666666666667,3.0,0.0,0.0,-1,15,1231.21,0.33,0.6666666666666666,0.6666666666666666,0.0,0.0,0,0,0.0,2132.52,1,0,0.0,3195.67,2,0,0.0,3693.63,3,0,0.0,1
LGS2ORD0044110,C017111,2025-12-16 08:00:00,Male,26,Bronze,CallCenter,Bangkok,1490,Lazada,PromptPay,8,12,1,0,20-30,49.666666666666664,12.0,3.0,0.25,8,17,10747.534166666666,0.28,0.5833333333333334,0.5,0.0,0.0,0,0,0.0,37813.39,2,1,0.5,55879.11,5,1,0.2,128970.40999999999,12,3,0.25,0
LGS2ORD0044111,C016036,2025-12-16 08:00:00,Female,60,Silver,Shopee,Songkhla,1401,TV_Show,Credit_Card,8,12,1,0,>50,46.7,2.0,1.0,0.5,224,130,5835.965,0.15,0.5,0.0,0.0,0.0,0,0,0.0,0.0,0,0,0.0,0.0,0,0,0.0,11671.93,2,1,0.5,0
LGS2ORD0044112,C016940,2025-12-16 08:00:00,Male,41,Bronze,Shopee,Phuket,713,Lazada,COD,8,12,1,0,40-50,23.766666666666666,6.0,1.0,0.16666666666666666,221,87,8112.646666666667,0.18,0.6666666666666666,0.0,0.0,0.0,0,0,0.0,0.0,0,0,0.0,28955.56,1,0,0.0,48675.880000000005,6,1,0.16666666666666666,0
LGS2ORD0044113,C015578,2025-12-16 08:00:00,Female,37,Bronze,TV,Phuket,1475,Web,COD,8,12,1,0,30-40,49.166666666666664,2.0,0.0,0.0,-1,43,6894.125,0.03,0.0,0.0,0.0,0.0,0,0,0.0,0.0,0,0,0.0,2781.73,1,0,0.0,13788.25,2,0,0.0,0
LGS2ORD0044114,C016264,2025-12-16 08:00:00,Female,45,Gold,TV,Chonburi,1100,Shopee,COD,8,12,1,0,40-50,36.666666666666664,9.0,0.0,0.0,-1,11,5126.084444444445,0.28,0.6666666666666666,0.3333333333333333,0.0,0.0,0,0,0.0,4257.1,2,0,0.0,7213.17,3,0,0.0,46134.76,9,0,0.0,0
LGS2ORD0044115,C014504,2025-12-16 08:00:00,Male,47,Bronze,Shopee,Chonburi,1142,Lazada,COD,8,12,1,0,40-50,38.06666666666667,6.0,0.0,0.0,-1,29,3641.2316666666666,0.18,0.3333333333333333,0.0,0.0,0.0,0,0,0.0,667.69,1,0,0.0,7531.66,2,0,0.0,21847.39,6,0,0.0,1
LGS2ORD0044116,C016706,2025-12-16 09:00:00,Female,41,Silver,Web,Chonburi,595,Shopee,COD,9,12,1,0,40-50,19.833333333333332,1.0,0.0,0.0,-1,36,2266.24,0.1,1.0,0.0,0.0,0.0,0,0,0.0,0.0,0,0,0.0,2266.24,1,0,0.0,2266.24,1,0,0.0,0
LGS2ORD0044117,C012354,2025-12-16 09:00:00,Female,49,Bronze,Lazada,Bangkok,382,CallCenter,COD,9,12,1,0,40-50,12.733333333333333,7.0,2.0,0.2857142857142857,190,153,6107.55142857143,0.23,0.5714285714285714,0.14285714285714285,0.0,0.0,0,0,0.0,0.0,0,0,0.0,0.0,0,0,0.0,42752.86000000001,7,2,0.2857142857142857,0
LGS2ORD0044118,C015922,2025-12-16 09:00:00,Male,50,Bronze,Lazada,Bangkok,1373,Web,COD,9,12,1,0,40-50,45.766666666666666,6.0,2.0,0.3333333333333333,72,15,4767.1916666666675,0.23,0.8333333333333334,0.5,0.0,0.0,0,0,0.0,628.05,1,0,0.0,4055.2799999999997,3,0,0.0,28603.150000000005,6,2,0.3333333333333333,0
LGS2ORD0044119,C014326,2025-12-16 09:00:00,Female,39,Bronze,TV,Phuket,1646,Lazada,Bank_Transfer,9,12,1,0,30-40,54.86666666666667,4.0,2.0,0.5,8,22,4151.412499999999,0.28,0.75,0.25,0.0,0.0,0,0,0.0,792.85,1,1,1.0,792.85,1,1,1.0,16605.649999999998,4,2,0.5,1
LGS2ORD0044120,C015451,2025-12-16 09:00:00,Female,56,Silver,Web,Khon Kaen,1574,Lazada,Bank_Transfer,9,12,1,0,>50,52.46666666666667,6.0,3.0,0.5,112,123,4366.2716666666665,0.3,0.3333333333333333,0.16666666666666666,0.0,0.0,0,0,0.0,0.0,0,0,0.0,0.0,0,0,0.0,26197.63,6,3,0.5,1
LGS2ORD0044121,C013309,2025-12-16 10:00:00,Male,47,Silver,TV,Songkhla,530,TV_Show,COD,10,12,1,0,40-50,17.666666666666668,6.0,1.0,0.16666666666666666,10,21,7516.328333333334,0.25,0.16666666666666666,0.16666666666666666,0.0,0.0,0,0,0.0,24215.74,1,1,1.0,26036.2,2,1,0.5,45097.97,6,1,0.16666666666666666,1
LGS2ORD0044122,C016426,2025-12-16 10:00:00,Female,44,Silver,TV,Chonburi,454,CallCenter,Credit_Card,10,12,1,0,40-50,15.133333333333333,1.0,0.0,0.0,-1,68,1297.45,0.05,1.0,0.0,0.0,0.0,0,0,0.0,0.0,0,0,0.0,1297.45,1,0,0.0,1297.45,1,0,0.0,0
LGS2ORD0044123,C012607,2025-12-16 10:00:00,Male,44,Bronze,TV,Chiang Mai,785,Shopee,Credit_Card,10,12,1,0,40-50,26.166666666666668,9.0,0.0,0.0,-1,51,4662.137777777778,0.28,0.3333333333333333,0.3333333333333333,0.0,0.0,0,0,0.0,0.0,0,0,0.0,27816.100000000002,3,0,0.0,41959.240000000005,9,0,0.0,0
LGS2ORD0044124,C017313,2025-12-16 10:00:00,Male,48,Gold,CallCenter,Songkhla,674,Shopee,Credit_Card,10,12,1,0,40-50,22.466666666666665,4.0,3.0,0.75,10,23,3664.8624999999997,0.28,0.75,0.75,0.0,0.0,0,0,0.0,1715.31,1,1,1.0,1715.31,1,1,1.0,14659.449999999999,4,3,0.75,0
LGS2ORD0044125,C017253,2025-12-16 10:00:00,Male,18,Silver,Web,Khon Kaen,603,Lazada,COD,10,12,1,0,<20,20.1,6.0,2.0,0.3333333333333333,73,40,12738.461666666668,0.2,0.3333333333333333,0.0,0.0,0.0,0,0,0.0,0.0,0,0,0.0,16461.91,2,1,0.5,76430.77,6,2,0.3333333333333333,0
LGS2ORD0044126,C016094,2025-12-16 11:00:00,Female,32,Gold,CallCenter,Phuket,398,TV_Show,Credit_Card,11,12,1,0,30-40,13.266666666666667,6.0,0.0,0.0,-1,101,6410.951666666667,0.33,0.6666666666666666,0.5,0.0,0.0,0,0,0.0,0.0,0,0,0.0,0.0,0,0,0.0,38465.71,6,0,0.0,0
LGS2ORD0044127,C017680,2025-12-16 11:00:00,Female,47,Bronze,TV,Chiang Mai,945,CallCenter,PromptPay,11,12,1,0,40-50,31.5,7.0,1.0,0.14285714285714285,192,76,3467.351428571429,0.28,0.5714285714285714,0.14285714285714285,0.0,0.0,0,0,0.0,0.0,0,0,0.0,3446.13,1,0,0.0,24271.460000000003,7,1,0.14285714285714285,0
LGS2ORD0044128,C012373,2025-12-16 11:00:00,Female,55,Bronze,TV,Chonburi,1395,Lazada,Credit_Card,11,12,1,0,>50,46.5,7.0,2.0,0.2857142857142857,57,66,8416.264285714287,0.28,0.7142857142857143,0.5714285714285714,0.0,0.0,0,0,0.0,0.0,0,0,0.0,1154.61,1,1,1.0,58913.850000000006,7,2,0.2857142857142857,0
LGS2ORD0044129,C017327,2025-12-16 11:00:00,Male,25,Bronze,Web,Chonburi,1426,Web,COD,11,12,1,0,20-30,47.53333333333333,4.0,0.0,0.0,-1,75,10138.36,0.28,0.75,0.75,0.0,0.0,0,0,0.0,0.0,0,0,0.0,6413.28,1,0,0.0,40553.44,4,0,0.0,1
LGS2ORD0044130,C010426,2025-12-16 11:00:00,Female,42,Silver,Lazada,Chonburi,430,Web,COD,11,12,1,0,40-50,14.333333333333334,1.0,0.0,0.0,-1,40,11619.65,0.1,1.0,0.0,0.0,0.0,0,0,0.0,0.0,0,0,0.0,11619.65,1,0,0.0,11619.65,1,0,0.0,1
LGS2ORD0044131,C013246,2025-12-16 12:00:00,Male,31,Bronze,TV,Phuket,1260,Shopee,COD,12,12,1,0,30-40,42.0,6.0,3.0,0.5,76,6,3167.723333333333,0.28,0.8333333333333334,0.16666666666666666,0.0,5058.02,1,0,0.0,5058.02,1,0,0.0,9345.560000000001,3,1,0.3333333333333333,19006.339999999997,6,3,0.5,1
LGS2ORD0044132,C012360,2025-12-16 12:00:00,Female,48,Bronze,TV,Khon Kaen,767,Shopee,Credit_Card,12,12,1,0,40-50,25.566666666666666,2.0,0.0,0.0,-1,60,3185.425,0.28,1.0,0.5,0.0,0.0,0,0,0.0,0.0,0,0,0.0,4305.09,1,0,0.0,6370.85,2,0,0.0,0
LGS2ORD0044133,C014663,2025-12-16 12:00:00,Other,30,Bronze,Web,Chonburi,1551,TV_Show,Credit_Card,12,12,1,0,20-30,51.7,3.0,0.0,0.0,-1,67,2952.4033333333336,0.23,0.6666666666666666,1.0,0.0,0.0,0,0,0.0,0.0,0,0,0.0,1031.41,1,0,0.0,8857.210000000001,3,0,0.0,0
LGS2ORD0044134,C011736,2025-12-16 12:00:00,Male,47,Silver,TV,Nakhon Ratchasima,1230,CallCenter,PromptPay,12,12,1,0,40-50,41.0,2.0,0.0,0.0,-1,54,2989.5,0.1,0.0,0.0,0.0,0.0,0,0,0.0,0.0,0,0,0.0,4151.1,1,0,0.0,5979.0,2,0,0.0,0
LGS2ORD0044135,C011570,2025-12-16 12:00:00,Male,36,Silver,Web,Chonburi,1784,Lazada,Credit_Card,12,12,1,0,30-40,59.46666666666667,7.0,1.0,0.14285714285714285,98,5,7678.062857142858,0.3,0.5714285714285714,0.2857142857142857,0.0,5495.47,1,0,0.0,7344.6,2,0,0.0,22228.58,4,0,0.0,53746.44,7,1,0.14285714285714285,0
LGS2ORD0044136,C014698,2025-12-16 12:00:00,Female,38,Gold,Shopee,Songkhla,1616,Shopee,Bank_Transfer,12,12,1,0,30-40,53.86666666666667,4.0,1.0,0.25,231,69,2614.825,0.33,0.75,0.75,0.0,0.0,0,0,0.0,0.0,0,0,0.0,1006.91,1,0,0.0,10459.3,4,1,0.25,0
LGS2ORD0044137,C013765,2025-12-16 13:00:00,Male,50,Bronze,Shopee,Chonburi,558,Web,COD,13,12,1,0,40-50,18.6,4.0,1.0,0.25,68,45,4715.4925,0.28,0.25,0.25,0.0,0.0,0,0,0.0,0.0,0,0,0.0,13764.18,2,1,0.5,18861.97,4,1,0.25,0
LGS2ORD0044138,C012312,2025-12-16 13:00:00,Female,40,Bronze,Lazada,Khon Kaen,1085,Shopee,COD,13,12,1,0,30-40,36.166666666666664,6.0,1.0,0.16666666666666666,86,47,3500.453333333333,0.28,0.6666666666666666,0.3333333333333333,0.0,0.0,0,0,0.0,0.0,0,0,0.0,4601.37,1,0,0.0,21002.719999999998,6,1,0.16666666666666666,0
LGS2ORD0044139,C012023,2025-12-16 13:00:00,Male,24,Gold,Lazada,Bangkok,529,Shopee,Credit_Card,13,12,1,0,20-30,17.633333333333333,3.0,1.0,0.3333333333333333,174,60,2813.7999999999997,0.33,0.3333333333333333,0.6666666666666666,0.0,0.0,0,0,0.0,0.0,0,0,0.0,7416.629999999999,2,0,0.0,8441.4,3,1,0.3333333333333333,0
LGS2ORD0044140,C012703,2025-12-16 13:00:00,Female,33,Bronze,TV,Phuket,1808,CallCenter,PromptPay,13,12,1,0,30-40,60.266666666666666,1.0,0.0,0.0,-1,90,13339.29,0.03,1.0,0.0,0.0,0.0,0,0,0.0,0.0,0,0,0.0,0.0,0,0,0.0,13339.29,1,0,0.0,0
LGS2ORD0044141,C012990,2025-12-16 13:00:00,Male,64,Bronze,CallCenter,Khon Kaen,827,Web,COD,13,12,1,0,>50,27.566666666666666,8.0,1.0,0.125,214,20,7319.34625,0.23,0.75,0.25,0.0,0.0,0,0,0.0,7111.71,1,0,0.0,7111.71,1,0,0.0,58554.77,8,1,0.125,0
LGS2ORD0044142,C014868,2025-12-16 14:00:00,Female,60,Bronze,Lazada,Bangkok,981,Shopee,Credit_Card,14,12,1,0,>50,32.7,4.0,1.0,0.25,31,36,4716.5525,0.28,0.25,0.25,0.0,0.0,0,0,0.0,0.0,0,0,0.0,3918.2,1,1,1.0,18866.21,4,1,0.25,0
LGS2ORD0044143,C014532,2025-12-16 14:00:00,Male,31,Silver,TV,Phuket,1707,Shopee,COD,14,12,1,0,30-40,56.9,7.0,2.0,0.2857142857142857,269,38,3815.9771428571426,0.3,0.5714285714285714,0.14285714285714285,0.0,0.0,0,0,0.0,0.0,0,0,0.0,1398.1,1,0,0.0,26711.839999999997,7,2,0.2857142857142857,1
LGS2ORD0044144,C015538,2025-12-16 14:00:00,Female,47,Silver,TV,Bangkok,1378,CallCenter,COD,14,12,1,0,40-50,45.93333333333333,3.0,0.0,0.0,-1,165,6514.656666666667,0.25,0.6666666666666666,0.6666666666666666,0.0,0.0,0,0,0.0,0.0,0,0,0.0,0.0,0,0,0.0,19543.97,3,0,0.0,0
LGS2ORD0044145,C013622,2025-12-16 14:00:00,Female,48,Bronze,Shopee,Nakhon Ratchasima,571,TV_Show,Credit_Card,14,12,1,0,40-50,19.033333333333335,9.0,3.0,0.3333333333333333,32,17,6352.719999999999,0.28,0.7777777777777778,0.3333333333333333,0.0,0.0,0,0,0.0,41886.44,2,0,0.0,45132.3,3,1,0.3333333333333333,57174.479999999996,9,3,0.3333333333333333,0
LGS2ORD0044146,C013755,2025-12-16 14:00:00,Female,34,Silver,Shopee,Chiang Mai,928,Lazada,PromptPay,14,12,1,0,30-40,30.933333333333334,8.0,1.0,0.125,283,8,9535.57625,0.3,0.25,0.5,0.0,0.0,0,0,0.0,3924.15,1,0,0.0,27172.480000000003,3,0,0.0,76284.61,8,1,0.125,0
LGS2ORD0044147,C016491,2025-12-16 15:00:00,Male,53,Bronze,TV,Chiang Mai,1784,TV_Show,COD,15,12,1,0,>50,59.46666666666667,2.0,2.0,1.0,47,58,14456.995,0.18,1.0,0.0,0.0,0.0,0,0,0.0,0.0,0,0,0.0,791.49,1,1,1.0,28913.99,2,2,1.0,1
LGS2ORD0044148,C014329,2025-12-16 15:00:00,Female,40,Bronze,Web,Songkhla,782,Web,COD,15,12,1,0,30-40,26.066666666666666,3.0,2.0,0.6666666666666666,5,22,4304.863333333334,0.28,0.6666666666666666,0.6666666666666666,0.0,0.0,0,0,0.0,915.82,1,1,1.0,3172.1000000000004,2,2,1.0,12914.59,3,2,0.6666666666666666,1
LGS2ORD0044149,C012340,2025-12-16 15:00:00,Male,63,Bronze,TV,Phuket,643,Shopee,Credit_Card,15,12,1,0,>50,21.433333333333334,4.0,1.0,0.25,158,44,4078.3050000000003,0.23,0.5,0.25,0.0,0.0,0,0,0.0,0.0,0,0,0.0,4111.23,1,0,0.0,16313.220000000001,4,1,0.25,0
LGS2ORD0044150,C011226,2025-12-16 15:00:00,Male,56,Silver,TV,Remote_Area,1511,Lazada,COD,15,12,1,0,>50,50.36666666666667,7.0,2.0,0.2857142857142857,72,52,2754.1042857142857,0.25,0.42857142857142855,0.2857142857142857,0.0,0.0,0,0,0.0,0.0,0,0,0.0,9444.74,3,1,0.3333333333333333,19278.73,7,2,0.2857142857142857,1
LGS2ORD0044151,C013588,2025-12-16 15:00:00,Male,45,Bronze,Web,Remote_Area,577,Web,COD,15,12,1,0,40-50,19.233333333333334,9.0,3.0,0.3333333333333333,82,89,11536.027777777777,0.23,0.8888888888888888,0.1111111111111111,0.0,0.0,0,0,0.0,0.0,0,0,0.0,28216.87,1,0,0.0,103824.25,9,3,0.3333333333333333,0
LGS2ORD0044152,C014337,2025-12-16 16:00:00,Male,46,Silver,CallCenter,Chonburi,1477,CallCenter,COD,16,12,1,0,40-50,49.233333333333334,5.0,1.0,0.2,-2,4,1492.0939999999998,0.3,0.4,0.2,0.0,1674.19,1,1,1.0,1674.19,1,1,1.0,1674.19,1,1,1.0,7460.469999999999,5,1,0.2,0
LGS2ORD0044153,C016177,2025-12-16 16:00:00,Female,59,Gold,CallCenter,Chonburi,1507,Shopee,COD,16,12,1,0,>50,50.233333333333334,7.0,2.0,0.2857142857142857,67,76,2512.6857142857143,0.28,0.5714285714285714,0.42857142857142855,0.0,0.0,0,0,0.0,0.0,0,0,0.0,5286.64,1,1,1.0,17588.8,7,2,0.2857142857142857,0
LGS2ORD0044154,C013242,2025-12-16 16:00:00,Male,59,Bronze,Lazada,Bangkok,1096,Shopee,PromptPay,16,12,1,0,>50,36.53333333333333,2.0,1.0,0.5,201,213,4303.17,0.28,0.0,0.5,0.0,0.0,0,0,0.0,0.0,0,0,0.0,0.0,0,0,0.0,8606.34,2,1,0.5,0
LGS2ORD0044155,C010764,2025-12-16 16:00:00,Male,37,Silver,Lazada,Remote_Area,629,Shopee,COD,16,12,1,0,30-40,20.966666666666665,7.0,1.0,0.14285714285714285,296,114,7611.72,0.3,0.7142857142857143,0.14285714285714285,0.0,0.0,0,0,0.0,0.0,0,0,0.0,0.0,0,0,0.0,53282.04,7,1,0.14285714285714285,0
LGS2ORD0044156,C013432,2025-12-16 16:00:00,Male,57,Bronze,Shopee,Chonburi,1173,Lazada,COD,16,12,1,0,>50,39.1,6.0,0.0,0.0,-1,21,4954.873333333333,0.23,0.3333333333333333,0.16666666666666666,0.0,0.0,0,0,0.0,5704.28,1,0,0.0,5704.28,1,0,0.0,29729.239999999998,6,0,0.0,0
LGS2ORD0044157,C014773,2025-12-16 16:00:00,Female,49,Bronze,Shopee,Bangkok,1631,Web,Credit_Card,16,12,1,0,40-50,54.36666666666667,3.0,0.0,0.0,-1,74,6095.503333333333,0.08,0.3333333333333333,0.0,0.0,0.0,0,0,0.0,0.0,0,0,0.0,16203.539999999999,2,0,0.0,18286.51,3,0,0.0,0
LGS2ORD0044158,C015199,2025-12-16 17:00:00,Male,52,Bronze,Shopee,Bangkok,686,Shopee,COD,17,12,1,0,>50,22.866666666666667,9.0,2.0,0.2222222222222222,26,37,4383.785555555556,0.23,0.4444444444444444,0.3333333333333333,0.0,0.0,0,0,0.0,0.0,0,0,0.0,8625.93,2,1,0.5,39454.07000000001,9,2,0.2222222222222222,0
LGS2ORD0044159,C012346,2025-12-16 17:00:00,Male,24,Bronze,TV,Chiang Mai,1178,Web,COD,17,12,1,0,20-30,39.266666666666666,10.0,5.0,0.5,12,25,5206.923000000001,0.23,0.8,0.1,0.1,0.0,0,0,0.0,1123.29,1,1,1.0,19918.02,4,2,0.5,52069.23,10,5,0.5,1
LGS2ORD0044160,C016332,2025-12-16 17:00:00,Female,39,Bronze,TV,Nakhon Ratchasima,459,Lazada,PromptPay,17,12,1,0,30-40,15.3,6.0,1.0,0.16666666666666666,98,2,6722.628333333333,0.23,0.16666666666666666,0.3333333333333333,0.0,1557.21,1,0,0.0,1557.21,1,0,0.0,9623.41,2,0,0.0,40335.77,6,1,0.16666666666666666,0
LGS2ORD0044161,C014390,2025-12-16 17:00:00,Male,39,Bronze,Lazada,Bangkok,783,Shopee,Bank_Transfer,17,12,1,0,30-40,26.1,3.0,2.0,0.6666666666666666,254,164,6261.316666666667,0.23,0.6666666666666666,0.3333333333333333,0.0,0.0,0,0,0.0,0.0,0,0,0.0,0.0,0,0,0.0,18783.95,3,2,0.6666666666666666,0
LGS2ORD0044162,C010938,2025-12-16 17:00:00,Female,54,Silver,TV,Bangkok,1782,TV_Show,Credit_Card,17,12,1,0,>50,59.4,6.0,0.0,0.0,-1,113,4352.81,0.25,0.16666666666666666,0.3333333333333333,0.0,0.0,0,0,0.0,0.0,0,0,0.0,0.0,0,0,0.0,26116.86,6,0,0.0,0
LGS2ORD0044163,C016648,2025-12-16 18:00:00,Female,48,Bronze,Lazada,Chiang Mai,1085,Lazada,COD,18,12,1,0,40-50,36.166666666666664,9.0,1.0,0.1111111111111111,71,15,7273.355555555555,0.28,0.7777777777777778,0.3333333333333333,0.0,0.0,0,0,0.0,17485.94,1,0,0.0,50975.59999999999,6,1,0.16666666666666666,65460.2,9,1,0.1111111111111111,1
LGS2ORD0044164,C010619,2025-12-16 18:00:00,Male,44,Silver,Web,Bangkok,1363,Web,COD,18,12,1,0,40-50,45.43333333333333,5.0,0.0,0.0,-1,37,3181.394,0.3,0.4,0.4,0.0,0.0,0,0,0.0,0.0,0,0,0.0,2110.17,1,0,0.0,15906.97,5,0,0.0,0
LGS2ORD0044165,C014161,2025-12-16 18:00:00,Female,40,Gold,Shopee,Bangkok,806,Lazada,PromptPay,18,12,1,0,30-40,26.866666666666667,4.0,0.0,0.0,-1,41,2259.785,0.2299999999999999,0.5,0.25,0.0,0.0,0,0,0.0,0.0,0,0,0.0,2217.56,1,0,0.0,9039.14,4,0,0.0,0
LGS2ORD0044166,C010861,2025-12-16 18:00:00,Male,24,Bronze,Web,Nakhon Ratchasima,713,TV_Show,COD,18,12,1,0,20-30,23.766666666666666,8.0,1.0,0.125,231,5,3910.89875,0.28,0.375,0.25,0.0,263.49,1,0,0.0,263.49,1,0,0.0,4492.83,2,0,0.0,31287.19,8,1,0.125,0
LGS2ORD0044167,C010281,2025-12-16 18:00:00,Female,40,Silver,Web,Bangkok,686,Web,COD,18,12,1,0,30-40,22.866666666666667,4.0,2.0,0.5,222,187,2398.525,0.25,0.0,0.25,0.0,0.0,0,0,0.0,0.0,0,0,0.0,0.0,0,0,0.0,9594.1,4,2,0.5,0
LGS2ORD0044168,C017314,2025-12-16 19:00:00,Male,41,Bronze,Web,Remote_Area,1801,Web,Bank_Transfer,19,12,1,0,40-50,60.03333333333333,8.0,3.0,0.375,22,32,2345.125,0.28,0.375,0.5,0.0,0.0,0,0,0.0,0.0,0,0,0.0,9461.070000000002,3,1,0.3333333333333333,18761.0,8,3,0.375,0
LGS2ORD0044169,C010186,2025-12-16 19:00:00,Male,21,Bronze,CallCenter,Bangkok,641,TV_Show,COD,19,12,1,0,20-30,21.366666666666667,3.0,1.0,0.3333333333333333,101,111,7720.336666666666,0.28,0.3333333333333333,0.3333333333333333,0.0,0.0,0,0,0.0,0.0,0,0,0.0,0.0,0,0,0.0,23161.01,3,1,0.3333333333333333,1
LGS2ORD0044170,C016710,2025-12-16 19:00:00,Male,40,Bronze,TV,Chiang Mai,382,Shopee,Credit_Card,19,12,1,0,30-40,12.733333333333333,7.0,0.0,0.0,-1,103,4262.372857142857,0.23,0.7142857142857143,0.2857142857142857,0.0,0.0,0,0,0.0,0.0,0,0,0.0,0.0,0,0,0.0,29836.61,7,0,0.0,0
LGS2ORD0044171,C010814,2025-12-16 19:00:00,Female,44,Bronze,TV,Chiang Mai,1108,TV_Show,COD,19,12,1,0,40-50,36.93333333333333,4.0,1.0,0.25,201,76,3104.4325,0.28,0.5,0.25,0.0,0.0,0,0,0.0,0.0,0,0,0.0,7406.27,1,0,0.0,12417.73,4,1,0.25,1
LGS2ORD0044172,C013454,2025-12-16 19:00:00,Male,49,Gold,TV,Bangkok,1286,TV_Show,COD,19,12,1,0,40-50,42.86666666666667,1.0,0.0,0.0,-1,57,11710.76,0.08,1.0,0.0,0.0,0.0,0,0,0.0,0.0,0,0,0.0,11710.76,1,0,0.0,11710.76,1,0,0.0,0
LGS2ORD0044173,C015211,2025-12-16 19:00:00,Other,41,Platinum,Shopee,Phuket,739,TV_Show,Credit_Card,19,12,1,0,40-50,24.633333333333333,6.0,2.0,0.3333333333333333,46,58,7052.888333333332,0.35,0.5,0.16666666666666666,0.0,0.0,0,0,0.0,0.0,0,0,0.0,5179.72,1,1,1.0,42317.329999999994,6,2,0.3333333333333333,0
LGS2ORD0044174,C011035,2025-12-16 20:00:00,Male,65,Bronze,Shopee,Nakhon Ratchasima,769,Web,PromptPay,20,12,1,0,>50,25.633333333333333,7.0,2.0,0.2857142857142857,103,15,4621.2871428571425,0.23,0.5714285714285714,0.14285714285714285,0.0,0.0,0,0,0.0,1172.92,1,0,0.0,1172.92,1,0,0.0,32349.009999999995,7,2,0.2857142857142857,0
LGS2ORD0044175,C012379,2025-12-16 20:00:00,Female,42,Silver,Shopee,Phuket,1160,Lazada,COD,20,12,1,0,40-50,38.666666666666664,8.0,2.0,0.25,96,11,1695.9562500000002,0.25,0.25,0.375,0.0,0.0,0,0,0.0,1762.72,1,0,0.0,3925.5,3,0,0.0,13567.650000000001,8,2,0.25,0
LGS2ORD0044176,C011077,2025-12-16 20:00:00,Female,71,Bronze,Shopee,Chonburi,1295,Lazada,PromptPay,20,12,1,0,>50,43.166666666666664,12.0,0.0,0.0,-1,14,3551.1049999999996,0.28,0.9166666666666666,0.16666666666666666,0.08333333333333333,0.0,0,0,0.0,13315.74,2,0,0.0,24516.909999999996,4,0,0.0,42613.259999999995,12,0,0.0,0
LGS2ORD0044177,C015056,2025-12-16 20:00:00,Female,44,Silver,Lazada,Chiang Mai,400,Web,COD,20,12,1,0,40-50,13.333333333333334,1.0,0.0,0.0,-1,249,2703.29,0.1,1.0,0.0,0.0,0.0,0,0,0.0,0.0,0,0,0.0,0.0,0,0,0.0,2703.29,1,0,0.0,0
LGS2ORD0044178,C016009,2025-12-16 20:00:00,Male,45,Bronze,TV,Chiang Mai,1744,Shopee,PromptPay,20,12,1,0,40-50,58.13333333333333,6.0,0.0,0.0,-1,6,3200.6300000000006,0.23,0.6666666666666666,0.16666666666666666,0.0,1591.49,1,0,0.0,1591.49,1,0,0.0,1591.49,1,0,0.0,19203.780000000002,6,0,0.0,0
LGS2ORD0044179,C015299,2025-12-16 21:00:00,Male,41,Bronze,CallCenter,Bangkok,1804,Shopee,COD,21,12,1,0,40-50,60.13333333333333,11.0,0.0,0.0,-1,21,6622.6163636363635,0.28,0.6363636363636364,0.36363636363636365,0.0,0.0,0,0,0.0,8143.139999999999,2,0,0.0,30741.84,5,0,0.0,72848.78,11,0,0.0,1
LGS2ORD0044180,C012933,2025-12-16 21:00:00,Female,40,Bronze,Shopee,Phuket,524,Shopee,COD,21,12,1,0,30-40,17.466666666666665,7.0,3.0,0.42857142857142855,39,46,9569.587142857143,0.28,0.7142857142857143,0.42857142857142855,0.0,0.0,0,0,0.0,0.0,0,0,0.0,6181.22,1,1,1.0,66987.11,7,3,0.42857142857142855,1
LGS2ORD0044181,C011987,2025-12-16 21:00:00,Female,37,Platinum,Shopee,Bangkok,1174,Shopee,COD,21,12,1,0,30-40,39.13333333333333,1.0,1.0,1.0,279,284,1548.57,0.25,1.0,1.0,0.0,0.0,0,0,0.0,0.0,0,0,0.0,0.0,0,0,0.0,1548.57,1,1,1.0,0
LGS2ORD0044182,C015598,2025-12-16 21:00:00,Male,34,Bronze,Shopee,Bangkok,1159,Web,COD,21,12,1,0,30-40,38.63333333333333,6.0,3.0,0.5,183,190,8271.070000000002,0.28,0.8333333333333334,0.5,0.0,0.0,0,0,0.0,0.0,0,0,0.0,0.0,0,0,0.0,49626.420000000006,6,3,0.5,1
LGS2ORD0044183,C012422,2025-12-16 21:00:00,Female,43,Silver,TV,Chiang Mai,1473,Lazada,PromptPay,21,12,1,0,40-50,49.1,8.0,2.0,0.25,164,22,7342.679999999999,0.3,0.875,0.375,0.0,0.0,0,0,0.0,4427.07,1,0,0.0,4427.07,1,0,0.0,58741.439999999995,8,2,0.25,0
LGS2ORD0044184,C015901,2025-12-16 22:00:00,Female,54,Gold,Shopee,Khon Kaen,416,CallCenter,COD,22,12,1,0,>50,13.866666666666667,8.0,1.0,0.125,40,47,3061.8137500000003,0.33,0.75,0.5,0.0,0.0,0,0,0.0,0.0,0,0,0.0,13850.34,2,1,0.5,24494.510000000002,8,1,0.125,0
LGS2ORD0044185,C016417,2025-12-16 22:00:00,Male,46,Bronze,Lazada,Songkhla,446,Shopee,PromptPay,22,12,1,0,40-50,14.866666666666667,5.0,4.0,0.8,113,126,11273.098,0.23,0.8,0.2,0.0,0.0,0,0,0.0,0.0,0,0,0.0,0.0,0,0,0.0,56365.49,5,4,0.8,0
LGS2ORD0044186,C015007,2025-12-16 22:00:00,Female,35,Silver,TV,Chonburi,960,Web,PromptPay,22,12,1,0,30-40,32.0,4.0,0.0,0.0,-1,34,3456.7350000000006,0.25,0.0,0.25,0.0,0.0,0,0,0.0,0.0,0,0,0.0,2265.79,1,0,0.0,13826.940000000002,4,0,0.0,1
LGS2ORD0044187,C016652,2025-12-16 22:00:00,Female,68,Bronze,TV,Phuket,1402,Shopee,COD,22,12,1,0,>50,46.733333333333334,2.0,0.0,0.0,-1,30,1532.25,0.08,1.0,0.0,0.0,0.0,0,0,0.0,0.0,0,0,0.0,1908.68,1,0,0.0,3064.5,2,0,0.0,0
LGS2ORD0044188,C014902,2025-12-16 22:00:00,Male,41,Silver,TV,Phuket,864,TV_Show,Credit_Card,22,12,1,0,40-50,28.8,10.0,1.0,0.1,26,37,5978.9,0.3,0.3,0.5,0.0,0.0,0,0,0.0,0.0,0,0,0.0,10882.49,1,1,1.0,59789.0,10,1,0.1,0
LGS2ORD0044189,C014648,2025-12-16 23:00:00,Female,63,Bronze,TV,Songkhla,1569,Lazada,Credit_Card,23,12,1,0,>50,52.3,6.0,2.0,0.3333333333333333,103,21,7892.306666666666,0.18,0.16666666666666666,0.0,0.0,0.0,0,0,0.0,9157.53,1,0,0.0,9157.53,1,0,0.0,47353.84,6,2,0.3333333333333333,0
LGS2ORD0044190,C017145,2025-12-16 23:00:00,Female,28,Gold,Web,Bangkok,651,Web,Credit_Card,23,12,1,0,20-30,21.7,4.0,1.0,0.25,197,50,3871.78,0.33,0.25,0.5,0.0,0.0,0,0,0.0,0.0,0,0,0.0,1472.51,1,0,0.0,15487.12,4,1,0.25,0
LGS2ORD0044191,C010097,2025-12-16 23:00:00,Male,39,Silver,Lazada,Chonburi,1732,Web,Bank_Transfer,23,12,1,0,30-40,57.733333333333334,8.0,0.0,0.0,-1,3,5485.1425,0.3,0.25,0.5,0.0,5169.33,1,0,0.0,5169.33,1,0,0.0,14015.63,2,0,0.0,43881.14,8,0,0.0,0
LGS2ORD0044192,C014580,2025-12-16 23:00:00,Male,63,Gold,Lazada,Bangkok,782,Lazada,PromptPay,23,12,1,0,>50,26.066666666666666,5.0,1.0,0.2,99,110,6129.798,0.33,0.6,0.2,0.0,0.0,0,0,0.0,0.0,0,0,0.0,0.0,0,0,0.0,30648.989999999998,5,1,0.2,0
LGS2ORD0044193,C016591,2025-12-16 23:00:00,Male,34,Bronze,Shopee,Remote_Area,1079,CallCenter,COD,23,12,1,0,30-40,35.96666666666667,7.0,3.0,0.42857142857142855,62,72,5560.355714285714,0.18,0.42857142857142855,0.0,0.0,0.0,0,0,0.0,0.0,0,0,0.0,3780.99,1,1,1.0,38922.49,7,3,0.42857142857142855,1
LGS2ORD0044194,C013080,2025-12-16 23:00:00,Male,69,Bronze,Web,Chonburi,1061,Shopee,COD,23,12,1,0,>50,35.36666666666667,8.0,2.0,0.25,122,14,2727.4362499999997,0.23,0.75,0.375,0.0,0.0,0,0,0.0,1501.85,1,0,0.0,2820.22,2,0,0.0,21819.489999999998,8,2,0.25,0
LGS2ORD0044195,C016504,2025-12-17 00:00:00,Male,51,Platinum,Shopee,Chonburi,1050,CallCenter,COD,0,12,2,0,>50,35.0,5.0,0.0,0.0,-1,10,3735.9919999999997,0.25,0.2,0.6,0.0,0.0,0,0,0.0,11373.05,1,0,0.0,11373.05,1,0,0.0,18679.96,5,0,0.0,0
LGS2ORD0044196,C011495,2025-12-17 00:00:00,Female,42,Bronze,Shopee,Bangkok,1349,CallCenter,COD,0,12,2,0,40-50,44.96666666666667,2.0,1.0,0.5,299,170,3106.1899999999996,0.13,1.0,0.0,0.0,0.0,0,0,0.0,0.0,0,0,0.0,0.0,0,0,0.0,6212.379999999999,2,1,0.5,1
LGS2ORD0044197,C014055,2025-12-17 00:00:00,Female,29,Bronze,Web,Bangkok,1336,TV_Show,COD,0,12,2,0,20-30,44.53333333333333,8.0,1.0,0.125,20,4,4289.365,0.18,0.375,0.0,0.0,5750.72,1,0,0.0,5750.72,1,0,0.0,19383.94,4,1,0.25,34314.92,8,1,0.125,0
LGS2ORD0044198,C016820,2025-12-17 00:00:00,Female,38,Silver,Shopee,Phuket,1212,TV_Show,COD,0,12,2,0,30-40,40.4,6.0,2.0,0.3333333333333333,5,19,3374.6433333333334,0.25,0.6666666666666666,0.16666666666666666,0.0,0.0,0,0,0.0,1559.23,1,1,1.0,1559.23,1,1,1.0,20247.86,6,2,0.3333333333333333,0
LGS2ORD0044199,C013520,2025-12-17 00:00:00,Female,29,Bronze,Web,Remote_Area,1243,CallCenter,PromptPay,0,12,2,0,20-30,41.43333333333333,4.0,1.0,0.25,141,142,4855.8275,0.18,0.5,0.0,0.0,0.0,0,0,0.0,0.0,0,0,0.0,0.0,0,0,0.0,19423.31,4,1,0.25,0
LGS2ORD0044200,C013772,2025-12-17 01:00:00,Female,43,Bronze,TV,Khon Kaen,497,Shopee,COD,1,12,2,0,40-50,16.566666666666666,4.0,2.0,0.5,52,60,3234.6375000000003,0.28,0.25,0.5,0.0,0.0,0,0,0.0,0.0,0,0,0.0,829.75,1,1,1.0,12938.550000000001,4,2,0.5,0
LGS2ORD0044201,C012917,2025-12-17 01:00:00,Female,54,Gold,Lazada,Chiang Mai,865,Shopee,COD,1,12,2,0,>50,28.833333333333332,6.0,1.0,0.16666666666666666,82,4,5695.71,0.33,0.3333333333333333,0.3333333333333333,0.0,3709.84,1,0,0.0,17917.63,2,0,0.0,21810.260000000002,3,1,0.3333333333333333,34174.26,6,1,0.16666666666666666,1
LGS2ORD0044202,C012844,2025-12-17 01:00:00,Female,24,Bronze,TV,Chonburi,1204,Web,COD,1,12,2,0,20-30,40.13333333333333,5.0,0.0,0.0,-1,8,9842.850000000002,0.23,0.2,0.2,0.0,0.0,0,0,0.0,794.55,1,0,0.0,794.55,1,0,0.0,49214.25000000001,5,0,0.0,0
LGS2ORD0044203,C016561,2025-12-17 01:00:00,Female,48,Bronze,Lazada,Remote_Area,949,CallCenter,COD,1,12,2,0,40-50,31.633333333333333,7.0,2.0,0.2857142857142857,31,6,8235.117142857143,0.28,0.42857142857142855,0.2857142857142857,0.0,12596.46,1,0,0.0,13431.199999999999,2,0,0.0,20790.39,3,1,0.3333333333333333,57645.82,7,2,0.2857142857142857,1
LGS2ORD0044204,C016716,2025-12-17 01:00:00,Female,48,Silver,Lazada,Bangkok,573,Web,Credit_Card,1,12,2,0,40-50,19.1,9.0,2.0,0.2222222222222222,38,20,4489.388888888889,0.3,0.6666666666666666,0.3333333333333333,0.0,0.0,0,0,0.0,1749.66,1,0,0.0,9596.61,3,2,0.6666666666666666,40404.5,9,2,0.2222222222222222,1
LGS2ORD0044205,C016019,2025-12-17 02:00:00,Female,50,Platinum,Web,Nakhon Ratchasima,408,Lazada,PromptPay,2,12,2,0,40-50,13.6,6.0,3.0,0.5,-3,8,5993.131666666667,0.3,0.6666666666666666,0.3333333333333333,0.0,0.0,0,0,0.0,1251.97,1,1,1.0,1251.97,1,1,1.0,35958.79,6,3,0.5,0
LGS2ORD0044206,C016900,2025-12-17 02:00:00,Female,45,Bronze,Lazada,Remote_Area,1457,Shopee,COD,2,12,2,0,40-50,48.56666666666667,8.0,2.0,0.25,279,0,3645.94125,0.28,0.5,0.375,0.0,2379.37,1,0,0.0,7718.8099999999995,2,0,0.0,12265.579999999998,3,0,0.0,29167.53,8,2,0.25,1
LGS2ORD0044207,C011923,2025-12-17 02:00:00,Female,50,Silver,Web,Khon Kaen,1650,TV_Show,PromptPay,2,12,2,0,40-50,55.0,3.0,1.0,0.3333333333333333,70,83,3862.6366666666668,0.25,0.3333333333333333,0.6666666666666666,0.0,0.0,0,0,0.0,0.0,0,0,0.0,1446.96,1,1,1.0,11587.91,3,1,0.3333333333333333,0
LGS2ORD0044208,C010435,2025-12-17 02:00:00,Female,31,Silver,Lazada,Nakhon Ratchasima,1174,CallCenter,COD,2,12,2,0,30-40,39.13333333333333,7.0,1.0,0.14285714285714285,270,56,6785.879999999999,0.3,0.42857142857142855,0.5714285714285714,0.0,0.0,0,0,0.0,0.0,0,0,0.0,815.45,1,0,0.0,47501.159999999996,7,1,0.14285714285714285,0
LGS2ORD0044209,C017466,2025-12-17 02:00:00,Female,34,Silver,Web,Songkhla,693,Lazada,COD,2,12,2,0,30-40,23.1,6.0,3.0,0.5,48,58,3850.59,0.25,0.6666666666666666,0.3333333333333333,0.0,0.0,0,0,0.0,0.0,0,0,0.0,7534.31,1,1,1.0,23103.54,6,3,0.5,1
LGS2ORD0044210,C017535,2025-12-17 03:00:00,Male,52,Gold,Web,Bangkok,1082,Shopee,COD,3,12,2,0,>50,36.06666666666667,8.0,0.0,0.0,-1,40,6916.55375,0.33,0.5,0.5,0.0,0.0,0,0,0.0,0.0,0,0,0.0,17536.89,2,0,0.0,55332.43,8,0,0.0,0
LGS2ORD0044211,C015484,2025-12-17 03:00:00,Female,47,Silver,TV,Chonburi,1039,TV_Show,COD,3,12,2,0,40-50,34.63333333333333,10.0,3.0,0.3,55,12,2352.25,0.3,0.6,0.3,0.0,0.0,0,0,0.0,3587.19,1,0,0.0,7028.4,3,1,0.3333333333333333,23522.5,10,3,0.3,0
LGS2ORD0044212,C013062,2025-12-17 03:00:00,Female,30,Platinum,Lazada,Khon Kaen,1380,CallCenter,Credit_Card,3,12,2,0,20-30,46.0,3.0,0.0,0.0,-1,197,1324.4366666666667,0.3,0.3333333333333333,0.3333333333333333,0.0,0.0,0,0,0.0,0.0,0,0,0.0,0.0,0,0,0.0,3973.3100000000004,3,0,0.0,0
LGS2ORD0044213,C016484,2025-12-17 03:00:00,Female,29,Silver,Lazada,Bangkok,1542,TV_Show,COD,3,12,2,0,20-30,51.4,4.0,0.0,0.0,-1,73,3919.5074999999997,0.3,0.75,0.5,0.0,0.0,0,0,0.0,0.0,0,0,0.0,5772.45,1,0,0.0,15678.029999999999,4,0,0.0,0
LGS2ORD0044214,C014076,2025-12-17 03:00:00,Female,31,Bronze,CallCenter,Bangkok,1261,TV_Show,COD,3,12,2,0,30-40,42.03333333333333,3.0,0.0,0.0,-1,105,7804.816666666667,0.13,0.6666666666666666,0.0,0.0,0.0,0,0,0.0,0.0,0,0,0.0,0.0,0,0,0.0,23414.45,3,0,0.0,0
LGS2ORD0044215,C011841,2025-12-17 03:00:00,Female,59,Gold,Shopee,Songkhla,1779,Lazada,COD,3,12,2,0,>50,59.3,9.0,1.0,0.1111111111111111,3,8,4359.815555555555,0.28,0.7777777777777778,0.3333333333333333,0.0,0.0,0,0,0.0,16385.559999999998,2,1,0.5,24765.559999999998,3,1,0.3333333333333333,39238.34,9,1,0.1111111111111111,0
LGS2ORD0044216,C011486,2025-12-17 04:00:00,Male,42,Gold,Web,Songkhla,485,Shopee,PromptPay,4,12,2,0,40-50,16.166666666666668,4.0,1.0,0.25,139,5,9795.8025,0.28,0.75,0.5,0.0,5821.71,1,0,0.0,5821.71,1,0,0.0,5821.71,1,0,0.0,39183.21,4,1,0.25,0
LGS2ORD0044217,C017596,2025-12-17 04:00:00,Female,32,Bronze,Shopee,Chonburi,1282,CallCenter,PromptPay,4,12,2,0,30-40,42.733333333333334,6.0,2.0,0.3333333333333333,55,28,4685.173333333333,0.23,0.3333333333333333,0.5,0.0,0.0,0,0,0.0,1234.17,1,0,0.0,7914.79,2,1,0.5,28111.04,6,2,0.3333333333333333,0
LGS2ORD0044218,C017253,2025-12-17 04:00:00,Male,18,Silver,Web,Khon Kaen,604,Shopee,COD,4,12,2,0,<20,20.133333333333333,7.0,2.0,0.2857142857142857,74,0,10998.21142857143,0.2,0.42857142857142855,0.0,0.0,556.71,1,0,0.0,556.71,1,0,0.0,17018.62,3,1,0.3333333333333333,76987.48000000001,7,2,0.2857142857142857,1
LGS2ORD0044219,C014133,2025-12-17 04:00:00,Female,29,Silver,Web,Khon Kaen,473,Shopee,PromptPay,4,12,2,0,20-30,15.766666666666667,3.0,0.0,0.0,-1,267,4361.953333333334,0.3,0.0,0.6666666666666666,0.0,0.0,0,0,0.0,0.0,0,0,0.0,0.0,0,0,0.0,13085.86,3,0,0.0,0
LGS2ORD0044220,C016494,2025-12-17 04:00:00,Male,33,Silver,Shopee,Khon Kaen,1284,TV_Show,COD,4,12,2,0,30-40,42.8,5.0,1.0,0.2,231,35,8480.492000000002,0.25,0.2,0.4,0.0,0.0,0,0,0.0,0.0,0,0,0.0,14586.93,1,0,0.0,42402.46000000001,5,1,0.2,0
LGS2ORD0044221,C013555,2025-12-17 05:00:00,Female,38,Platinum,CallCenter,Bangkok,1634,Web,COD,5,12,2,0,30-40,54.46666666666667,6.0,3.0,0.5,21,29,9217.938333333334,0.35,0.5,0.3333333333333333,0.0,0.0,0,0,0.0,15354.26,1,0,0.0,33616.8,3,1,0.3333333333333333,55307.630000000005,6,3,0.5,0
LGS2ORD0044222,C011352,2025-12-17 05:00:00,Male,71,Gold,TV,Songkhla,1345,Shopee,Credit_Card,5,12,2,0,>50,44.833333333333336,6.0,1.0,0.16666666666666666,99,20,9027.894999999999,0.28,0.5,0.5,0.0,0.0,0,0,0.0,2864.77,1,0,0.0,23014.53,2,0,0.0,54167.36999999999,6,1,0.16666666666666666,0
LGS2ORD0044223,C017660,2025-12-17 05:00:00,Male,42,Gold,Lazada,Nakhon Ratchasima,451,Lazada,COD,5,12,2,0,40-50,15.033333333333333,6.0,1.0,0.16666666666666666,28,9,4885.785000000001,0.28,0.16666666666666666,0.16666666666666666,0.0,0.0,0,0,0.0,9622.29,2,0,0.0,10939.28,3,1,0.3333333333333333,29314.710000000003,6,1,0.16666666666666666,1
LGS2ORD0044224,C015645,2025-12-17 05:00:00,Male,24,Bronze,Lazada,Remote_Area,1537,TV_Show,PromptPay,5,12,2,0,20-30,51.233333333333334,4.0,1.0,0.25,169,20,4133.8425,0.23,0.5,0.25,0.0,0.0,0,0,0.0,5187.69,1,0,0.0,5187.69,1,0,0.0,16535.37,4,1,0.25,0
LGS2ORD0044225,C013208,2025-12-17 05:00:00,Male,40,Silver,TV,Chiang Mai,941,Shopee,PromptPay,5,12,2,0,30-40,31.366666666666667,8.0,3.0,0.375,292,6,4053.2887499999997,0.25,0.75,0.125,0.0,1246.32,1,0,0.0,5109.98,2,0,0.0,17022.37,3,0,0.0,32426.309999999998,8,3,0.375,0
LGS2ORD0044226,C013289,2025-12-17 06:00:00,Female,37,Platinum,Shopee,Bangkok,1500,CallCenter,PromptPay,6,12,2,0,30-40,50.0,2.0,0.0,0.0,-1,60,4005.715,0.25,0.5,1.0,0.0,0.0,0,0,0.0,0.0,0,0,0.0,3326.67,1,0,0.0,8011.43,2,0,0.0,0
LGS2ORD0044227,C011635,2025-12-17 06:00:00,Female,18,Silver,Lazada,Phuket,431,Shopee,COD,6,12,2,0,<20,14.366666666666667,6.0,2.0,0.3333333333333333,81,86,5535.306666666666,0.25,0.6666666666666666,0.16666666666666666,0.0,0.0,0,0,0.0,0.0,0,0,0.0,5061.48,1,1,1.0,33211.84,6,2,0.3333333333333333,0
LGS2ORD0044228,C016107,2025-12-17 06:00:00,Male,40,Platinum,Lazada,Chiang Mai,1436,TV_Show,PromptPay,6,12,2,0,30-40,47.86666666666667,5.0,2.0,0.4,70,80,3762.126,0.35,0.4,0.6,0.0,0.0,0,0,0.0,0.0,0,0,0.0,744.56,1,1,1.0,18810.63,5,2,0.4,0
LGS2ORD0044229,C017383,2025-12-17 06:00:00,Female,46,Gold,CallCenter,Chonburi,1761,Web,Credit_Card,6,12,2,0,40-50,58.7,3.0,1.0,0.3333333333333333,161,8,6098.099999999999,0.28,0.0,0.3333333333333333,0.0,0.0,0,0,0.0,8923.13,1,0,0.0,8923.13,1,0,0.0,18294.3,3,1,0.3333333333333333,0
LGS2ORD0044230,C016001,2025-12-17 06:00:00,Female,37,Bronze,TV,Khon Kaen,800,Shopee,COD,6,12,2,0,30-40,26.666666666666668,9.0,2.0,0.2222222222222222,15,24,5322.31,0.28,0.4444444444444444,0.2222222222222222,0.0,0.0,0,0,0.0,16763.2,1,1,1.0,16763.2,1,1,1.0,47900.79,9,2,0.2222222222222222,1
LGS2ORD0044231,C017398,2025-12-17 07:00:00,Male,18,Gold,TV,Chiang Mai,1464,Web,Credit_Card,7,12,2,0,<20,48.8,8.0,1.0,0.125,119,54,5526.40625,0.28,0.125,0.125,0.0,0.0,0,0,0.0,0.0,0,0,0.0,30368.53,2,0,0.0,44211.25,8,1,0.125,0
LGS2ORD0044232,C016257,2025-12-17 07:00:00,Female,20,Bronze,TV,Remote_Area,1572,TV_Show,PromptPay,7,12,2,0,<20,52.4,8.0,2.0,0.25,-3,5,5746.224999999999,0.23,0.875,0.625,0.0,1955.11,1,1,1.0,1955.11,1,1,1.0,6620.349999999999,4,1,0.25,45969.799999999996,8,2,0.25,1
LGS2ORD0044233,C016425,2025-12-17 07:00:00,Male,47,Bronze,Lazada,Songkhla,850,TV_Show,COD,7,12,2,0,40-50,28.333333333333332,2.0,0.0,0.0,-1,183,1320.505,0.18,0.5,0.0,0.0,0.0,0,0,0.0,0.0,0,0,0.0,0.0,0,0,0.0,2641.01,2,0,0.0,0
LGS2ORD0044234,C012939,2025-12-17 07:00:00,Female,43,Gold,TV,Phuket,1198,Lazada,Bank_Transfer,7,12,2,0,40-50,39.93333333333333,3.0,0.0,0.0,-1,104,7387.62,0.28,0.3333333333333333,0.3333333333333333,0.0,0.0,0,0,0.0,0.0,0,0,0.0,0.0,0,0,0.0,22162.86,3,0,0.0,0
LGS2ORD0044235,C015039,2025-12-17 07:00:00,Male,40,Bronze,TV,Phuket,634,Shopee,COD,7,12,2,0,30-40,21.133333333333333,8.0,2.0,0.25,93,34,9646.35125,0.23,0.5,0.375,0.0,0.0,0,0,0.0,0.0,0,0,0.0,11045.42,1,0,0.0,77170.81,8,2,0.25,1
LGS2ORD0044236,C012965,2025-12-17 07:00:00,Male,61,Bronze,TV,Bangkok,1283,Web,PromptPay,7,12,2,0,>50,42.766666666666666,13.0,1.0,0.07692307692307693,226,7,4718.719230769231,0.28,0.7692307692307693,0.23076923076923078,0.0,0.0,0,0,0.0,7078.450000000001,2,0,0.0,19968.38,4,0,0.0,61343.350000000006,13,1,0.07692307692307693,1
LGS2ORD0044237,C017403,2025-12-17 08:00:00,Female,72,Silver,CallCenter,Chiang Mai,1497,Web,Credit_Card,8,12,2,0,>50,49.9,5.0,0.0,0.0,-1,33,5067.071999999999,0.25,0.0,0.4,0.0,0.0,0,0,0.0,0.0,0,0,0.0,1457.16,1,0,0.0,25335.359999999997,5,0,0.0,0
LGS2ORD0044238,C011339,2025-12-17 08:00:00,Male,41,Bronze,Lazada,Remote_Area,913,Lazada,COD,8,12,2,0,40-50,30.433333333333334,4.0,0.0,0.0,-1,16,19495.49,0.28,0.25,0.5,0.0,0.0,0,0,0.0,4599.29,1,0,0.0,32633.22,2,0,0.0,77981.96,4,0,0.0,0
LGS2ORD0044239,C011131,2025-12-17 08:00:00,Female,42,Bronze,TV,Remote_Area,1567,CallCenter,Bank_Transfer,8,12,2,0,40-50,52.233333333333334,10.0,1.0,0.1,77,60,4134.45,0.28,0.8,0.2,0.1,0.0,0,0,0.0,0.0,0,0,0.0,15858.91,3,1,0.3333333333333333,41344.5,10,1,0.1,0
LGS2ORD0044240,C013377,2025-12-17 08:00:00,Female,28,Bronze,CallCenter,Khon Kaen,1770,Lazada,Credit_Card,8,12,2,0,20-30,59.0,4.0,0.0,0.0,-1,105,15936.19,0.23,0.5,0.25,0.0,0.0,0,0,0.0,0.0,0,0,0.0,0.0,0,0,0.0,63744.76,4,0,0.0,0
LGS2ORD0044241,C012516,2025-12-17 08:00:00,Male,27,Bronze,Web,Nakhon Ratchasima,789,CallCenter,COD,8,12,2,0,20-30,26.3,6.0,1.0,0.16666666666666666,89,39,7497.751666666667,0.28,0.3333333333333333,0.3333333333333333,0.0,0.0,0,0,0.0,0.0,0,0,0.0,11362.58,1,0,0.0,44986.51,6,1,0.16666666666666666,0
LGS2ORD0044242,C011074,2025-12-17 09:00:00,Other,44,Silver,Web,Bangkok,472,TV_Show,COD,9,12,2,0,40-50,15.733333333333333,6.0,2.0,0.3333333333333333,58,67,4870.19,0.3,0.16666666666666666,0.3333333333333333,0.0,0.0,0,0,0.0,0.0,0,0,0.0,6132.94,1,1,1.0,29221.139999999996,6,2,0.3333333333333333,0
LGS2ORD0044243,C016710,2025-12-17 09:00:00,Male,40,Bronze,TV,Chiang Mai,383,Shopee,COD,9,12,2,0,30-40,12.766666666666667,8.0,0.0,0.0,-1,0,4486.33375,0.23,0.625,0.25,0.0,6054.06,1,0,0.0,6054.06,1,0,0.0,6054.06,1,0,0.0,35890.67,8,0,0.0,1
LGS2ORD0044244,C016638,2025-12-17 09:00:00,Male,46,Silver,CallCenter,Phuket,478,Shopee,Credit_Card,9,12,2,0,40-50,15.933333333333334,9.0,2.0,0.2222222222222222,149,84,2885.5866666666666,0.3,0.2222222222222222,0.4444444444444444,0.0,0.0,0,0,0.0,0.0,0,0,0.0,883.86,1,0,0.0,25970.28,9,2,0.2222222222222222,1
LGS2ORD0044245,C012578,2025-12-17 09:00:00,Female,41,Bronze,Web,Chiang Mai,914,CallCenter,Bank_Transfer,9,12,2,0,40-50,30.466666666666665,9.0,1.0,0.1111111111111111,252,59,9792.454444444445,0.28,0.4444444444444444,0.2222222222222222,0.0,0.0,0,0,0.0,0.0,0,0,0.0,15737.05,1,0,0.0,88132.09000000001,9,1,0.1111111111111111,0
LGS2ORD0044246,C011927,2025-12-17 09:00:00,Female,31,Bronze,CallCenter,Remote_Area,790,Web,COD,9,12,2,0,30-40,26.333333333333332,8.0,1.0,0.125,298,61,3924.0187499999997,0.28,0.625,0.125,0.0,0.0,0,0,0.0,0.0,0,0,0.0,10187.83,1,0,0.0,31392.149999999998,8,1,0.125,0
LGS2ORD0044247,C016560,2025-12-17 10:00:00,Male,71,Bronze,Lazada,Bangkok,1647,Web,Bank_Transfer,10,12,2,0,>50,54.9,9.0,3.0,0.3333333333333333,180,91,4173.831111111112,0.28,0.7777777777777778,0.2222222222222222,0.0,0.0,0,0,0.0,0.0,0,0,0.0,0.0,0,0,0.0,37564.48,9,3,0.3333333333333333,0
LGS2ORD0044248,C015610,2025-12-17 10:00:00,Male,52,Platinum,Shopee,Chonburi,734,Shopee,PromptPay,10,12,2,0,>50,24.466666666666665,3.0,0.0,0.0,-1,104,1385.1633333333332,0.3,0.0,0.6666666666666666,0.0,0.0,0,0,0.0,0.0,0,0,0.0,0.0,0,0,0.0,4155.49,3,0,0.0,0
LGS2ORD0044249,C013481,2025-12-17 10:00:00,Male,39,Bronze,Shopee,Chonburi,1033,Web,PromptPay,10,12,2,0,30-40,34.43333333333333,6.0,2.0,0.3333333333333333,43,50,10612.133333333333,0.23,0.5,0.16666666666666666,0.0,0.0,0,0,0.0,0.0,0,0,0.0,30151.23,1,1,1.0,63672.8,6,2,0.3333333333333333,0
LGS2ORD0044250,C012141,2025-12-17 10:00:00,Female,41,Platinum,Shopee,Chiang Mai,700,Web,Credit_Card,10,12,2,0,40-50,23.333333333333332,3.0,0.0,0.0,-1,91,1043.96,0.25,0.6666666666666666,0.3333333333333333,0.0,0.0,0,0,0.0,0.0,0,0,0.0,0.0,0,0,0.0,3131.88,3,0,0.0,0
LGS2ORD0044251,C017542,2025-12-17 10:00:00,Female,45,Bronze,TV,Chiang Mai,422,Lazada,COD,10,12,2,0,40-50,14.066666666666666,7.0,2.0,0.2857142857142857,81,57,7075.034285714287,0.28,0.8571428571428571,0.2857142857142857,0.0,0.0,0,0,0.0,0.0,0,0,0.0,4087.79,1,0,0.0,49525.240000000005,7,2,0.2857142857142857,0
LGS2ORD0044252,C013314,2025-12-17 11:00:00,Male,42,Gold,Shopee,Chonburi,834,Web,COD,11,12,2,0,40-50,27.8,3.0,1.0,0.3333333333333333,126,108,2133.103333333333,0.2299999999999999,1.0,0.6666666666666666,0.0,0.0,0,0,0.0,0.0,0,0,0.0,0.0,0,0,0.0,6399.3099999999995,3,1,0.3333333333333333,0
LGS2ORD0044253,C011636,2025-12-17 11:00:00,Female,38,Gold,Lazada,Phuket,844,TV_Show,Bank_Transfer,11,12,2,0,30-40,28.133333333333333,4.0,0.0,0.0,-1,54,7475.075,0.2299999999999999,0.75,0.5,0.0,0.0,0,0,0.0,0.0,0,0,0.0,9482.05,2,0,0.0,29900.3,4,0,0.0,0
LGS2ORD0044254,C011463,2025-12-17 11:00:00,Female,51,Bronze,TV,Bangkok,1647,TV_Show,Credit_Card,11,12,2,0,>50,54.9,6.0,1.0,0.16666666666666666,150,40,4649.001666666666,0.28,0.8333333333333334,0.3333333333333333,0.0,0.0,0,0,0.0,0.0,0,0,0.0,1398.35,1,0,0.0,27894.01,6,1,0.16666666666666666,0
LGS2ORD0044255,C013573,2025-12-17 11:00:00,Male,41,Silver,Web,Chonburi,1716,Lazada,PromptPay,11,12,2,0,40-50,57.2,2.0,1.0,0.5,248,117,950.4950000000001,0.3,0.0,1.0,0.0,0.0,0,0,0.0,0.0,0,0,0.0,0.0,0,0,0.0,1900.9900000000002,2,1,0.5,0
LGS2ORD0044256,C015447,2025-12-17 11:00:00,Female,53,Bronze,Web,Nakhon Ratchasima,1793,Web,COD,11,12,2,0,>50,59.766666666666666,6.0,2.0,0.3333333333333333,17,31,8705.97,0.23,0.6666666666666666,0.3333333333333333,0.0,0.0,0,0,0.0,0.0,0,0,0.0,3668.11,1,1,1.0,52235.82,6,2,0.3333333333333333,0
LGS2ORD0044257,C014644,2025-12-17 11:00:00,Female,47,Bronze,TV,Chonburi,985,Shopee,PromptPay,11,12,2,0,40-50,32.833333333333336,8.0,1.0,0.125,61,32,9341.86125,0.23,0.625,0.125,0.0,0.0,0,0,0.0,0.0,0,0,0.0,35298.55,5,1,0.2,74734.89,8,1,0.125,0
LGS2ORD0044258,C014058,2025-12-17 12:00:00,Female,57,Platinum,Web,Bangkok,689,Web,COD,12,12,2,0,>50,22.966666666666665,6.0,0.0,0.0,-1,52,4652.89,0.25,0.3333333333333333,0.5,0.0,0.0,0,0,0.0,0.0,0,0,0.0,14007.970000000001,3,0,0.0,27917.34,6,0,0.0,0
LGS2ORD0044259,C017305,2025-12-17 12:00:00,Male,38,Gold,Web,Khon Kaen,468,TV_Show,COD,12,12,2,0,30-40,15.6,4.0,2.0,0.5,80,31,6409.42,0.33,0.5,0.75,0.0,0.0,0,0,0.0,0.0,0,0,0.0,14835.23,2,1,0.5,25637.68,4,2,0.5,0
LGS2ORD0044260,C017294,2025-12-17 12:00:00,Male,51,Bronze,Shopee,Songkhla,1803,Lazada,PromptPay,12,12,2,0,>50,60.1,5.0,3.0,0.6,81,89,5417.738,0.28,0.2,0.2,0.0,0.0,0,0,0.0,0.0,0,0,0.0,12740.23,1,1,1.0,27088.690000000002,5,3,0.6,0
LGS2ORD0044261,C011470,2025-12-17 12:00:00,Female,51,Gold,CallCenter,Phuket,1538,Web,COD,12,12,2,0,>50,51.266666666666666,3.0,0.0,0.0,-1,85,2716.97,0.18,0.6666666666666666,0.0,0.0,0.0,0,0,0.0,0.0,0,0,0.0,2915.1,1,0,0.0,8150.91,3,0,0.0,0
LGS2ORD0044262,C015030,2025-12-17 12:00:00,Female,69,Silver,Web,Bangkok,715,Web,COD,12,12,2,0,>50,23.833333333333332,4.0,0.0,0.0,-1,40,4495.7125,0.25,0.5,0.25,0.0,0.0,0,0,0.0,0.0,0,0,0.0,3376.27,1,0,0.0,17982.85,4,0,0.0,1
LGS2ORD0044263,C011178,2025-12-17 13:00:00,Male,27,Silver,TV,Chonburi,381,TV_Show,Credit_Card,13,12,2,0,20-30,12.7,3.0,2.0,0.6666666666666666,277,286,1563.8166666666666,0.2,0.3333333333333333,0.0,0.0,0.0,0,0,0.0,0.0,0,0,0.0,0.0,0,0,0.0,4691.45,3,2,0.6666666666666666,0
LGS2ORD0044264,C017973,2025-12-17 13:00:00,Female,50,Bronze,CallCenter,Bangkok,1733,TV_Show,COD,13,12,2,0,40-50,57.766666666666666,6.0,2.0,0.3333333333333333,183,14,3463.478333333333,0.23,0.5,0.16666666666666666,0.0,0.0,0,0,0.0,3495.48,1,0,0.0,10371.36,2,0,0.0,20780.87,6,2,0.3333333333333333,1
LGS2ORD0044265,C015350,2025-12-17 13:00:00,Male,45,Bronze,Web,Remote_Area,1439,TV_Show,COD,13,12,2,0,40-50,47.96666666666667,11.0,7.0,0.6363636363636364,21,32,8952.172727272728,0.28,0.6363636363636364,0.36363636363636365,0.0,0.0,0,0,0.0,0.0,0,0,0.0,54603.03,3,1,0.3333333333333333,98473.9,11,7,0.6363636363636364,0
LGS2ORD0044266,C010663,2025-12-17 13:00:00,Male,32,Bronze,TV,Songkhla,1347,Shopee,COD,13,12,2,0,30-40,44.9,13.0,5.0,0.38461538461538464,35,22,2436.701538461538,0.28,0.6153846153846154,0.46153846153846156,0.0,0.0,0,0,0.0,1281.51,1,0,0.0,1619.51,2,1,0.5,31677.119999999995,13,5,0.38461538461538464,0
LGS2ORD0044267,C016867,2025-12-17 13:00:00,Female,50,Silver,TV,Bangkok,1715,TV_Show,Credit_Card,13,12,2,0,40-50,57.166666666666664,9.0,3.0,0.3333333333333333,33,6,9284.953333333331,0.25,0.6666666666666666,0.3333333333333333,0.0,35726.52,1,0,0.0,35726.52,1,0,0.0,51767.479999999996,3,1,0.3333333333333333,83564.57999999999,9,3,0.3333333333333333,0
LGS2ORD0044268,C013832,2025-12-17 14:00:00,Female,32,Bronze,Web,Songkhla,608,CallCenter,COD,14,12,2,0,30-40,20.266666666666666,4.0,3.0,0.75,88,81,4409.797500000001,0.23,0.0,0.5,0.0,0.0,0,0,0.0,0.0,0,0,0.0,4787.38,1,0,0.0,17639.190000000002,4,3,0.75,0
LGS2ORD0044269,C015737,2025-12-17 14:00:00,Female,41,Silver,Shopee,Phuket,1415,Web,COD,14,12,2,0,40-50,47.166666666666664,1.0,1.0,1.0,7,20,1581.4,0.05,0.0,0.0,0.0,0.0,0,0,0.0,1581.4,1,1,1.0,1581.4,1,1,1.0,1581.4,1,1,1.0,0
LGS2ORD0044270,C017499,2025-12-17 14:00:00,Female,41,Bronze,Shopee,Chonburi,1383,Lazada,Credit_Card,14,12,2,0,40-50,46.1,12.0,4.0,0.3333333333333333,98,25,4085.254999999999,0.23,0.6666666666666666,0.25,0.0,0.0,0,0,0.0,4033.28,1,0,0.0,11958.16,2,0,0.0,49023.05999999999,12,4,0.3333333333333333,0
LGS2ORD0044271,C016788,2025-12-17 14:00:00,Female,18,Bronze,Lazada,Songkhla,1232,Web,COD,14,12,2,0,<20,41.06666666666667,4.0,0.0,0.0,-1,70,5816.070000000001,0.23,0.5,0.25,0.0,0.0,0,0,0.0,0.0,0,0,0.0,3821.25,1,0,0.0,23264.280000000002,4,0,0.0,0
LGS2ORD0044272,C010458,2025-12-17 14:00:00,Male,41,Silver,CallCenter,Bangkok,718,CallCenter,Credit_Card,14,12,2,0,40-50,23.933333333333334,7.0,3.0,0.42857142857142855,174,30,5840.655714285715,0.3,0.7142857142857143,0.42857142857142855,0.0,0.0,0,0,0.0,0.0,0,0,0.0,3821.5699999999997,2,0,0.0,40884.590000000004,7,3,0.42857142857142855,0
LGS2ORD0044273,C013855,2025-12-17 15:00:00,Male,33,Bronze,Web,Bangkok,1403,Web,COD,15,12,2,0,30-40,46.766666666666666,2.0,0.0,0.0,-1,187,1637.27,0.23,0.0,0.5,0.0,0.0,0,0,0.0,0.0,0,0,0.0,0.0,0,0,0.0,3274.54,2,0,0.0,0
LGS2ORD0044274,C013280,2025-12-17 15:00:00,Female,29,Silver,TV,Remote_Area,1217,CallCenter,COD,15,12,2,0,20-30,40.56666666666667,5.0,2.0,0.4,235,73,4482.4580000000005,0.25,0.4,0.2,0.0,0.0,0,0,0.0,0.0,0,0,0.0,9978.03,1,0,0.0,22412.29,5,2,0.4,1
LGS2ORD0044275,C011851,2025-12-17 15:00:00,Female,27,Silver,Lazada,Khon Kaen,1363,Web,COD,15,12,2,0,20-30,45.43333333333333,8.0,2.0,0.25,86,49,4460.04,0.3,0.5,0.5,0.0,0.0,0,0,0.0,0.0,0,0,0.0,6232.76,2,0,0.0,35680.32,8,2,0.25,1
LGS2ORD0044276,C011171,2025-12-17 15:00:00,Female,25,Platinum,Shopee,Chiang Mai,1723,Web,COD,15,12,2,0,20-30,57.43333333333333,3.0,1.0,0.3333333333333333,120,92,973.0766666666667,0.35,0.3333333333333333,1.0,0.0,0.0,0,0,0.0,0.0,0,0,0.0,0.0,0,0,0.0,2919.23,3,1,0.3333333333333333,1
LGS2ORD0044277,C010267,2025-12-17 15:00:00,Female,34,Bronze,Shopee,Remote_Area,469,TV_Show,Credit_Card,15,12,2,0,30-40,15.633333333333333,8.0,4.0,0.5,94,22,6397.5599999999995,0.28,0.875,0.75,0.0,0.0,0,0,0.0,681.78,1,0,0.0,681.78,1,0,0.0,51180.479999999996,8,4,0.5,0
LGS2ORD0044278,C012749,2025-12-17 15:00:00,Male,51,Silver,Shopee,Chonburi,1391,Shopee,Credit_Card,15,12,2,0,>50,46.36666666666667,3.0,0.0,0.0,-1,142,1298.95,0.25,1.0,0.3333333333333333,0.0,0.0,0,0,0.0,0.0,0,0,0.0,0.0,0,0,0.0,3896.85,3,0,0.0,0
LGS2ORD0044279,C010878,2025-12-17 16:00:00,Male,65,Silver,Lazada,Khon Kaen,685,TV_Show,COD,16,12,2,0,>50,22.833333333333332,9.0,2.0,0.2222222222222222,25,33,4252.515555555556,0.25,0.5555555555555556,0.1111111111111111,0.0,0.0,0,0,0.0,0.0,0,0,0.0,17165.64,3,1,0.3333333333333333,38272.64,9,2,0.2222222222222222,0
LGS2ORD0044280,C014942,2025-12-17 16:00:00,Female,42,Bronze,CallCenter,Songkhla,850,TV_Show,COD,16,12,2,0,40-50,28.333333333333332,6.0,1.0,0.16666666666666666,49,27,3756.908333333333,0.23,0.3333333333333333,0.16666666666666666,0.0,0.0,0,0,0.0,3510.64,1,0,0.0,12050.47,3,1,0.3333333333333333,22541.449999999997,6,1,0.16666666666666666,0
LGS2ORD0044281,C016954,2025-12-17 16:00:00,Male,51,Bronze,Web,Chonburi,1124,Shopee,PromptPay,16,12,2,0,>50,37.46666666666667,7.0,3.0,0.42857142857142855,47,31,4287.370000000001,0.23,0.5714285714285714,0.14285714285714285,0.0,0.0,0,0,0.0,0.0,0,0,0.0,15124.32,3,1,0.3333333333333333,30011.590000000004,7,3,0.42857142857142855,0
LGS2ORD0044282,C013306,2025-12-17 16:00:00,Female,18,Silver,Lazada,Songkhla,662,Lazada,COD,16,12,2,0,<20,22.066666666666666,6.0,2.0,0.3333333333333333,56,71,1798.4783333333332,0.2,0.3333333333333333,0.0,0.0,0.0,0,0,0.0,0.0,0,0,0.0,5336.009999999999,2,1,0.5,10790.869999999999,6,2,0.3333333333333333,0
LGS2ORD0044283,C012962,2025-12-17 16:00:00,Male,35,Gold,Web,Khon Kaen,1161,Web,PromptPay,16,12,2,0,30-40,38.7,8.0,2.0,0.25,213,57,6848.36875,0.2299999999999999,0.375,0.125,0.0,0.0,0,0,0.0,0.0,0,0,0.0,7041.179999999999,3,0,0.0,54786.95,8,2,0.25,0
LGS2ORD0044284,C014557,2025-12-17 17:00:00,Female,58,Platinum,Lazada,Phuket,1783,Lazada,Credit_Card,17,12,2,0,>50,59.43333333333333,6.0,1.0,0.16666666666666666,27,40,8317.546666666667,0.3,0.16666666666666666,0.6666666666666666,0.0,0.0,0,0,0.0,0.0,0,0,0.0,41487.89,3,1,0.3333333333333333,49905.28,6,1,0.16666666666666666,1
LGS2ORD0044285,C011440,2025-12-17 17:00:00,Female,41,Bronze,Web,Khon Kaen,1091,Web,PromptPay,17,12,2,0,40-50,36.36666666666667,6.0,0.0,0.0,-1,72,6170.421666666668,0.23,0.3333333333333333,0.16666666666666666,0.0,0.0,0,0,0.0,0.0,0,0,0.0,612.98,1,0,0.0,37022.530000000006,6,0,0.0,0
LGS2ORD0044286,C010719,2025-12-17 17:00:00,Male,60,Bronze,TV,Khon Kaen,399,Web,COD,17,12,2,0,>50,13.3,3.0,0.0,0.0,-1,69,7846.490000000001,0.23,0.0,0.3333333333333333,0.0,0.0,0,0,0.0,0.0,0,0,0.0,17704.11,1,0,0.0,23539.47,3,0,0.0,0
LGS2ORD0044287,C010721,2025-12-17 17:00:00,Female,59,Bronze,TV,Remote_Area,785,Web,COD,17,12,2,0,>50,26.166666666666668,4.0,1.0,0.25,220,4,3158.6275,0.18,0.75,0.0,0.0,8563.51,2,0,0.0,8563.51,2,0,0.0,8563.51,2,0,0.0,12634.51,4,1,0.25,1
LGS2ORD0044288,C015547,2025-12-17 17:00:00,Male,54,Bronze,Web,Bangkok,378,Web,COD,17,12,2,0,>50,12.6,2.0,1.0,0.5,31,46,3077.1200000000003,0.08,0.5,0.0,0.0,0.0,0,0,0.0,0.0,0,0,0.0,1364.22,1,1,1.0,6154.240000000001,2,1,0.5,0
LGS2ORD0044289,C011314,2025-12-17 18:00:00,Male,34,Bronze,Web,Bangkok,566,Shopee,COD,18,12,2,0,30-40,18.866666666666667,3.0,1.0,0.3333333333333333,314,139,4799.76,0.18,0.0,0.0,0.0,0.0,0,0,0.0,0.0,0,0,0.0,0.0,0,0,0.0,14399.28,3,1,0.3333333333333333,0
LGS2ORD0044290,C015113,2025-12-17 18:00:00,Male,48,Silver,TV,Chiang Mai,1362,Lazada,PromptPay,18,12,2,0,40-50,45.4,8.0,3.0,0.375,99,6,3832.11,0.25,0.75,0.125,0.0,3700.78,1,0,0.0,3700.78,1,0,0.0,3700.78,1,0,0.0,30656.88,8,3,0.375,0
LGS2ORD0044291,C014356,2025-12-17 18:00:00,Male,24,Bronze,CallCenter,Remote_Area,571,TV_Show,COD,18,12,2,0,20-30,19.033333333333335,2.0,2.0,1.0,52,60,4756.22,0.23,1.0,0.5,0.0,0.0,0,0,0.0,0.0,0,0,0.0,1918.64,1,1,1.0,9512.44,2,2,1.0,1
LGS2ORD0044292,C010925,2025-12-17 18:00:00,Male,39,Bronze,TV,Chiang Mai,1274,CallCenter,Credit_Card,18,12,2,0,30-40,42.46666666666667,6.0,2.0,0.3333333333333333,105,113,12170.326666666666,0.23,0.6666666666666666,0.16666666666666666,0.0,0.0,0,0,0.0,0.0,0,0,0.0,0.0,0,0,0.0,73021.95999999999,6,2,0.3333333333333333,0
LGS2ORD0044293,C014662,2025-12-17 18:00:00,Female,57,Bronze,Lazada,Remote_Area,1670,TV_Show,PromptPay,18,12,2,0,>50,55.666666666666664,5.0,1.0,0.2,60,76,5736.127999999999,0.23,0.4,0.2,0.0,0.0,0,0,0.0,0.0,0,0,0.0,845.42,1,1,1.0,28680.639999999996,5,1,0.2,0
LGS2ORD0044294,C010833,2025-12-17 18:00:00,Female,46,Silver,TV,Remote_Area,1524,CallCenter,COD,18,12,2,0,40-50,50.8,4.0,3.0,0.75,105,37,3139.055,0.3,0.75,0.25,0.0,0.0,0,0,0.0,0.0,0,0,0.0,4034.42,1,0,0.0,12556.22,4,3,0.75,1
LGS2ORD0044295,C010787,2025-12-17 19:00:00,Female,51,Gold,CallCenter,Songkhla,538,Web,Credit_Card,19,12,2,0,>50,17.933333333333334,5.0,2.0,0.4,93,24,1654.3220000000001,0.28,0.4,0.4,0.0,0.0,0,0,0.0,1008.16,1,0,0.0,4703.93,2,0,0.0,8271.61,5,2,0.4,0
LGS2ORD0044296,C014466,2025-12-17 19:00:00,Female,49,Bronze,TV,Chonburi,1408,TV_Show,COD,19,12,2,0,40-50,46.93333333333333,7.0,1.0,0.14285714285714285,77,82,2845.7042857142856,0.23,0.42857142857142855,0.5714285714285714,0.0,0.0,0,0,0.0,0.0,0,0,0.0,3879.98,1,1,1.0,19919.93,7,1,0.14285714285714285,1
LGS2ORD0044297,C014868,2025-12-17 19:00:00,Female,60,Bronze,Lazada,Bangkok,982,TV_Show,COD,19,12,2,0,>50,32.733333333333334,5.0,1.0,0.2,33,1,3877.9,0.28,0.2,0.2,0.0,523.29,1,0,0.0,523.29,1,0,0.0,4441.49,2,1,0.5,19389.5,5,1,0.2,0
LGS2ORD0044298,C013750,2025-12-17 19:00:00,Female,38,Gold,CallCenter,Nakhon Ratchasima,961,Lazada,COD,19,12,2,0,30-40,32.03333333333333,6.0,1.0,0.16666666666666666,7,16,4781.804999999999,0.33,0.3333333333333333,0.8333333333333334,0.0,0.0,0,0,0.0,991.9,1,1,1.0,6571.5199999999995,2,1,0.5,28690.829999999998,6,1,0.16666666666666666,0
LGS2ORD0044299,C017907,2025-12-17 19:00:00,Female,54,Silver,Lazada,Nakhon Ratchasima,1363,TV_Show,COD,19,12,2,0,>50,45.43333333333333,6.0,2.0,0.3333333333333333,90,81,3519.7466666666664,0.25,0.0,0.16666666666666666,0.0,0.0,0,0,0.0,0.0,0,0,0.0,4555.71,2,0,0.0,21118.48,6,2,0.3333333333333333,0
LGS2ORD0044300,C015378,2025-12-17 20:00:00,Female,32,Silver,Web,Chonburi,1223,Shopee,Credit_Card,20,12,2,0,30-40,40.766666666666666,5.0,0.0,0.0,-1,152,6482.314,0.25,0.4,0.2,0.0,0.0,0,0,0.0,0.0,0,0,0.0,0.0,0,0,0.0,32411.570000000003,5,0,0.0,0
LGS2ORD0044301,C013774,2025-12-17 20:00:00,Female,52,Bronze,CallCenter,Songkhla,1021,TV_Show,Credit_Card,20,12,2,0,>50,34.03333333333333,7.0,5.0,0.7142857142857143,39,48,6375.0085714285715,0.23,0.7142857142857143,0.14285714285714285,0.0,0.0,0,0,0.0,0.0,0,0,0.0,2250.05,2,2,1.0,44625.06,7,5,0.7142857142857143,0
LGS2ORD0044302,C015169,2025-12-17 20:00:00,Female,44,Bronze,TV,Bangkok,1446,TV_Show,COD,20,12,2,0,40-50,48.2,6.0,2.0,0.3333333333333333,159,49,5766.204999999999,0.23,0.5,0.3333333333333333,0.0,0.0,0,0,0.0,0.0,0,0,0.0,4070.47,1,0,0.0,34597.229999999996,6,2,0.3333333333333333,0
LGS2ORD0044303,C017246,2025-12-17 20:00:00,Female,29,Bronze,TV,Bangkok,728,CallCenter,COD,20,12,2,0,20-30,24.266666666666666,10.0,4.0,0.4,3,7,4301.785,0.28,0.9,0.5,0.1,0.0,0,0,0.0,23475.51,3,1,0.3333333333333333,27280.199999999997,4,1,0.25,43017.85,10,4,0.4,0
LGS2ORD0044304,C012955,2025-12-17 20:00:00,Male,35,Silver,TV,Nakhon Ratchasima,1376,TV_Show,COD,20,12,2,0,30-40,45.86666666666667,9.0,2.0,0.2222222222222222,137,18,5785.246666666666,0.3,0.4444444444444444,0.2222222222222222,0.0,0.0,0,0,0.0,2422.01,1,0,0.0,29633.93,3,0,0.0,52067.219999999994,9,2,0.2222222222222222,1
LGS2ORD0044305,C015803,2025-12-17 21:00:00,Male,39,Gold,Shopee,Bangkok,1595,Shopee,COD,21,12,2,0,30-40,53.166666666666664,11.0,1.0,0.09090909090909091,122,13,5266.545454545455,0.33,0.45454545454545453,0.45454545454545453,0.0,0.0,0,0,0.0,24999.4,3,0,0.0,34968.43,6,0,0.0,57932.0,11,1,0.09090909090909091,0
LGS2ORD0044306,C013942,2025-12-17 21:00:00,Female,50,Platinum,Lazada,Bangkok,1067,Lazada,COD,21,12,2,0,40-50,35.56666666666667,4.0,1.0,0.25,263,35,3446.24,0.25,0.25,0.25,0.0,0.0,0,0,0.0,0.0,0,0,0.0,3212.41,2,0,0.0,13784.96,4,1,0.25,0
LGS2ORD0044307,C011733,2025-12-17 21:00:00,Female,50,Silver,TV,Nakhon Ratchasima,1032,Lazada,COD,21,12,2,0,40-50,34.4,4.0,1.0,0.25,111,123,6320.735,0.15,0.5,0.0,0.0,0.0,0,0,0.0,0.0,0,0,0.0,0.0,0,0,0.0,25282.94,4,1,0.25,0
LGS2ORD0044308,C015020,2025-12-17 21:00:00,Female,33,Bronze,TV,Bangkok,1585,TV_Show,Bank_Transfer,21,12,2,0,30-40,52.833333333333336,6.0,2.0,0.3333333333333333,202,55,3803.686666666667,0.23,0.6666666666666666,0.3333333333333333,0.0,0.0,0,0,0.0,0.0,0,0,0.0,10142.04,1,0,0.0,22822.120000000003,6,2,0.3333333333333333,0
LGS2ORD0044309,C017286,2025-12-17 21:00:00,Male,43,Silver,CallCenter,Chonburi,1596,Web,Credit_Card,21,12,2,0,40-50,53.2,7.0,1.0,0.14285714285714285,52,36,7865.965714285713,0.2,0.2857142857142857,0.0,0.0,0.0,0,0,0.0,0.0,0,0,0.0,27291.04,3,1,0.3333333333333333,55061.759999999995,7,1,0.14285714285714285,0
LGS2ORD0044310,C015381,2025-12-17 22:00:00,Male,31,Bronze,TV,Nakhon Ratchasima,1621,TV_Show,COD,22,12,2,0,30-40,54.03333333333333,4.0,0.0,0.0,-1,105,2063.9,0.23,0.5,0.25,0.0,0.0,0,0,0.0,0.0,0,0,0.0,0.0,0,0,0.0,8255.6,4,0,0.0,1
LGS2ORD0044311,C016687,2025-12-17 22:00:00,Female,52,Gold,CallCenter,Chiang Mai,742,Shopee,COD,22,12,2,0,>50,24.733333333333334,0.0,0.0,0.0,-1,-1,0.0,0.0,0.0,0.0,0.0,0.0,0,0,0.0,0.0,0,0,0.0,0.0,0,0,0.0,0.0,0,0,0.0,0
LGS2ORD0044312,C015676,2025-12-17 22:00:00,Female,41,Platinum,CallCenter,Chiang Mai,1277,Shopee,Bank_Transfer,22,12,2,0,40-50,42.56666666666667,4.0,1.0,0.25,288,273,11243.705,0.3,0.25,0.5,0.0,0.0,0,0,0.0,0.0,0,0,0.0,0.0,0,0,0.0,44974.82,4,1,0.25,1
LGS2ORD0044313,C011264,2025-12-17 22:00:00,Female,33,Gold,TV,Nakhon Ratchasima,763,Web,Credit_Card,22,12,2,0,30-40,25.433333333333334,3.0,0.0,0.0,-1,59,1813.256666666667,0.18,0.6666666666666666,0.0,0.0,0.0,0,0,0.0,0.0,0,0,0.0,1460.14,2,0,0.0,5439.77,3,0,0.0,0
LGS2ORD0044314,C014729,2025-12-17 22:00:00,Female,57,Bronze,CallCenter,Bangkok,1728,CallCenter,PromptPay,22,12,2,0,>50,57.6,14.0,1.0,0.07142857142857142,189,4,4977.539285714286,0.28,0.5714285714285714,0.35714285714285715,0.0,6473.88,1,0,0.0,32962.71,4,0,0.0,49355.57,7,0,0.0,69685.55,14,1,0.07142857142857142,0
LGS2ORD0044315,C014746,2025-12-17 22:00:00,Male,39,Bronze,TV,Khon Kaen,757,TV_Show,Credit_Card,22,12,2,0,30-40,25.233333333333334,3.0,1.0,0.3333333333333333,228,104,3615.7100000000005,0.23,0.6666666666666666,0.3333333333333333,0.0,0.0,0,0,0.0,0.0,0,0,0.0,0.0,0,0,0.0,10847.130000000001,3,1,0.3333333333333333,0
LGS2ORD0044316,C010600,2025-12-17 23:00:00,Female,35,Silver,Lazada,Bangkok,482,Lazada,COD,23,12,2,0,30-40,16.066666666666666,4.0,1.0,0.25,53,13,4398.1900000000005,0.2,0.75,0.0,0.0,0.0,0,0,0.0,3423.01,1,0,0.0,13904.36,3,1,0.3333333333333333,17592.760000000002,4,1,0.25,1
LGS2ORD0044317,C012040,2025-12-17 23:00:00,Male,42,Bronze,Shopee,Songkhla,1481,Shopee,PromptPay,23,12,2,0,40-50,49.36666666666667,9.0,1.0,0.1111111111111111,238,59,4968.31111111111,0.23,0.5555555555555556,0.3333333333333333,0.0,0.0,0,0,0.0,0.0,0,0,0.0,5943.74,1,0,0.0,44714.799999999996,9,1,0.1111111111111111,0
LGS2ORD0044318,C016285,2025-12-17 23:00:00,Male,71,Bronze,Shopee,Bangkok,1702,Web,COD,23,12,2,0,>50,56.733333333333334,11.0,4.0,0.36363636363636365,101,7,6784.171818181818,0.28,0.6363636363636364,0.36363636363636365,0.0,0.0,0,0,0.0,10236.43,1,0,0.0,10236.43,1,0,0.0,74625.89,11,4,0.36363636363636365,0
LGS2ORD0044319,C016412,2025-12-17 23:00:00,Female,50,Silver,Web,Khon Kaen,985,Web,COD,23,12,2,0,40-50,32.833333333333336,6.0,0.0,0.0,-1,24,1112.7466666666667,0.3,0.5,0.16666666666666666,0.0,0.0,0,0,0.0,307.05,1,0,0.0,3012.9400000000005,3,0,0.0,6676.4800000000005,6,0,0.0,0
LGS2ORD0044320,C013804,2025-12-17 23:00:00,Male,61,Bronze,TV,Bangkok,725,TV_Show,COD,23,12,2,0,>50,24.166666666666668,12.0,6.0,0.5,120,11,4021.147499999999,0.28,0.6666666666666666,0.4166666666666667,0.0,0.0,0,0,0.0,5983.82,1,0,0.0,6747.07,2,0,0.0,48253.76999999999,12,6,0.5,0
LGS2ORD0044321,C012167,2025-12-18 00:00:00,Male,35,Gold,Lazada,Bangkok,876,Web,Credit_Card,0,12,3,0,30-40,29.2,5.0,0.0,0.0,-1,175,8566.916000000001,0.2299999999999999,0.2,0.6,0.0,0.0,0,0,0.0,0.0,0,0,0.0,0.0,0,0,0.0,42834.58,5,0,0.0,0
LGS2ORD0044322,C010045,2025-12-18 00:00:00,Female,38,Platinum,Web,Phuket,1314,Shopee,PromptPay,0,12,3,0,30-40,43.8,1.0,1.0,1.0,222,231,1898.64,0.3,1.0,1.0,0.0,0.0,0,0,0.0,0.0,0,0,0.0,0.0,0,0,0.0,1898.64,1,1,1.0,1
LGS2ORD0044323,C016521,2025-12-18 00:00:00,Female,47,Silver,TV,Chonburi,764,Lazada,COD,0,12,3,0,40-50,25.466666666666665,2.0,1.0,0.5,94,49,3430.56,0.05,1.0,0.0,0.0,0.0,0,0,0.0,0.0,0,0,0.0,1603.08,1,0,0.0,6861.12,2,1,0.5,1
LGS2ORD0044324,C017352,2025-12-18 00:00:00,Female,50,Bronze,Shopee,Songkhla,1044,Web,Bank_Transfer,0,12,3,0,40-50,34.8,5.0,2.0,0.4,49,37,3433.2660000000005,0.23,0.6,0.2,0.0,0.0,0,0,0.0,0.0,0,0,0.0,8530.34,3,1,0.3333333333333333,17166.33,5,2,0.4,1
LGS2ORD0044325,C015514,2025-12-18 00:00:00,Female,27,Bronze,Lazada,Bangkok,1051,CallCenter,Credit_Card,0,12,3,0,20-30,35.03333333333333,7.0,1.0,0.14285714285714285,216,109,5244.242857142856,0.28,0.14285714285714285,0.2857142857142857,0.0,0.0,0,0,0.0,0.0,0,0,0.0,0.0,0,0,0.0,36709.7,7,1,0.14285714285714285,0
LGS2ORD0044326,C014241,2025-12-18 01:00:00,Male,52,Silver,Lazada,Bangkok,811,Shopee,Bank_Transfer,1,12,3,0,>50,27.033333333333335,3.0,0.0,0.0,-1,161,5748.433333333333,0.2,0.6666666666666666,0.0,0.0,0.0,0,0,0.0,0.0,0,0,0.0,0.0,0,0,0.0,17245.3,3,0,0.0,0
LGS2ORD0044327,C013079,2025-12-18 01:00:00,Male,35,Platinum,Shopee,Chiang Mai,698,Shopee,Credit_Card,1,12,3,0,30-40,23.266666666666666,3.0,0.0,0.0,-1,122,1500.4066666666668,0.35,0.0,0.6666666666666666,0.0,0.0,0,0,0.0,0.0,0,0,0.0,0.0,0,0,0.0,4501.22,3,0,0.0,0
LGS2ORD0044328,C012468,2025-12-18 01:00:00,Male,50,Gold,Lazada,Chiang Mai,539,TV_Show,COD,1,12,3,0,40-50,17.966666666666665,7.0,3.0,0.42857142857142855,17,14,5106.662857142858,0.33,0.5714285714285714,0.42857142857142855,0.0,0.0,0,0,0.0,15950.18,2,1,0.5,18984.309999999998,3,1,0.3333333333333333,35746.64000000001,7,3,0.42857142857142855,1
LGS2ORD0044329,C011367,2025-12-18 01:00:00,Male,50,Bronze,TV,Bangkok,1371,TV_Show,Credit_Card,1,12,3,0,40-50,45.7,8.0,1.0,0.125,263,24,6022.700000000001,0.23,0.375,0.375,0.0,0.0,0,0,0.0,8414.87,1,0,0.0,8414.87,1,0,0.0,48181.600000000006,8,1,0.125,0
LGS2ORD0044330,C013595,2025-12-18 01:00:00,Female,52,Gold,Lazada,Nakhon Ratchasima,632,Shopee,Bank_Transfer,1,12,3,0,>50,21.066666666666666,3.0,0.0,0.0,-1,207,4191.526666666668,0.28,0.3333333333333333,0.6666666666666666,0.0,0.0,0,0,0.0,0.0,0,0,0.0,0.0,0,0,0.0,12574.580000000002,3,0,0.0,0
LGS2ORD0044331,C014860,2025-12-18 02:00:00,Male,33,Bronze,TV,Songkhla,1432,Lazada,COD,2,12,3,0,30-40,47.733333333333334,12.0,0.0,0.0,-1,13,5467.945,0.28,0.5,0.3333333333333333,0.0,0.0,0,0,0.0,10697.210000000001,2,0,0.0,10697.210000000001,2,0,0.0,65615.34,12,0,0.0,1
LGS2ORD0044332,C010712,2025-12-18 02:00:00,Male,28,Silver,TV,Bangkok,422,TV_Show,Credit_Card,2,12,3,0,20-30,14.066666666666666,2.0,0.0,0.0,-1,132,2477.46,0.1,0.0,0.0,0.0,0.0,0,0,0.0,0.0,0,0,0.0,0.0,0,0,0.0,4954.92,2,0,0.0,0
LGS2ORD0044333,C017996,2025-12-18 02:00:00,Male,48,Gold,TV,Chonburi,1413,Lazada,COD,2,12,3,0,40-50,47.1,6.0,1.0,0.16666666666666666,73,61,6720.966666666666,0.28,0.3333333333333333,0.3333333333333333,0.0,0.0,0,0,0.0,0.0,0,0,0.0,15267.44,3,1,0.3333333333333333,40325.799999999996,6,1,0.16666666666666666,1
LGS2ORD0044334,C015226,2025-12-18 02:00:00,Female,46,Bronze,TV,Songkhla,689,TV_Show,PromptPay,2,12,3,0,40-50,22.966666666666665,9.0,2.0,0.2222222222222222,71,79,10083.897777777778,0.23,0.5555555555555556,0.2222222222222222,0.0,0.0,0,0,0.0,0.0,0,0,0.0,1552.64,1,1,1.0,90755.08,9,2,0.2222222222222222,0
LGS2ORD0044335,C016708,2025-12-18 02:00:00,Female,54,Bronze,CallCenter,Khon Kaen,1060,Shopee,Credit_Card,2,12,3,0,>50,35.333333333333336,3.0,0.0,0.0,-1,12,4713.883333333334,0.28,0.6666666666666666,0.3333333333333333,0.0,0.0,0,0,0.0,3586.82,1,0,0.0,13070.02,2,0,0.0,14141.650000000001,3,0,0.0,0
LGS2ORD0044336,C013740,2025-12-18 02:00:00,Male,42,Bronze,Shopee,Bangkok,1246,Lazada,Bank_Transfer,2,12,3,0,40-50,41.53333333333333,9.0,2.0,0.2222222222222222,39,47,5014.541111111111,0.23,0.4444444444444444,0.3333333333333333,0.0,0.0,0,0,0.0,0.0,0,0,0.0,6685.63,2,2,1.0,45130.869999999995,9,2,0.2222222222222222,0
LGS2ORD0044337,C014233,2025-12-18 03:00:00,Female,41,Gold,TV,Bangkok,1359,CallCenter,Bank_Transfer,3,12,3,0,40-50,45.3,7.0,2.0,0.2857142857142857,98,25,3621.422857142857,0.28,0.5714285714285714,0.5714285714285714,0.0,0.0,0,0,0.0,2938.24,1,0,0.0,8803.64,3,0,0.0,25349.96,7,2,0.2857142857142857,0
LGS2ORD0044338,C010367,2025-12-18 03:00:00,Female,47,Bronze,Lazada,Nakhon Ratchasima,1152,CallCenter,COD,3,12,3,0,40-50,38.4,5.0,1.0,0.2,232,59,6254.088,0.23,0.6,0.2,0.0,0.0,0,0,0.0,0.0,0,0,0.0,4356.69,1,0,0.0,31270.44,5,1,0.2,0
LGS2ORD0044339,C010356,2025-12-18 03:00:00,Male,39,Silver,Shopee,Bangkok,692,TV_Show,COD,3,12,3,0,30-40,23.066666666666666,9.0,0.0,0.0,-1,2,5412.756666666666,0.3,0.5555555555555556,0.2222222222222222,0.1111111111111111,1335.03,1,0,0.0,1335.03,1,0,0.0,2434.64,2,0,0.0,48714.81,9,0,0.0,0
LGS2ORD0044340,C013246,2025-12-18 03:00:00,Male,31,Bronze,TV,Phuket,1262,Web,PromptPay,3,12,3,0,30-40,42.06666666666667,7.0,4.0,0.5714285714285714,-11,1,3030.602857142857,0.28,0.8571428571428571,0.14285714285714285,0.0,2207.88,1,1,1.0,7265.900000000001,2,1,0.5,8083.700000000001,3,1,0.3333333333333333,21214.219999999998,7,4,0.5714285714285714,0
LGS2ORD0044341,C017411,2025-12-18 03:00:00,Female,59,Gold,Web,Remote_Area,1106,TV_Show,COD,3,12,3,0,>50,36.86666666666667,3.0,0.0,0.0,-1,81,2945.273333333333,0.2299999999999999,0.3333333333333333,0.3333333333333333,0.0,0.0,0,0,0.0,0.0,0,0,0.0,5717.95,1,0,0.0,8835.82,3,0,0.0,0
LGS2ORD0044342,C010097,2025-12-18 04:00:00,Male,39,Silver,Lazada,Chonburi,1734,CallCenter,COD,4,12,3,0,30-40,57.8,9.0,0.0,0.0,-1,1,5371.661111111111,0.3,0.2222222222222222,0.4444444444444444,0.0,9633.14,2,0,0.0,9633.14,2,0,0.0,18479.44,3,0,0.0,48344.95,9,0,0.0,0
LGS2ORD0044343,C012565,2025-12-18 04:00:00,Male,58,Platinum,Web,Remote_Area,1608,Shopee,PromptPay,4,12,3,0,>50,53.6,3.0,1.0,0.3333333333333333,133,138,7396.376666666667,0.25,0.6666666666666666,0.3333333333333333,0.0,0.0,0,0,0.0,0.0,0,0,0.0,0.0,0,0,0.0,22189.13,3,1,0.3333333333333333,0
LGS2ORD0044344,C012252,2025-12-18 04:00:00,Female,35,Bronze,TV,Bangkok,1103,Lazada,COD,4,12,3,0,30-40,36.766666666666666,4.0,1.0,0.25,235,244,3641.3775,0.23,0.75,0.25,0.0,0.0,0,0,0.0,0.0,0,0,0.0,0.0,0,0,0.0,14565.51,4,1,0.25,0
LGS2ORD0044345,C014196,2025-12-18 04:00:00,Female,21,Bronze,Web,Remote_Area,1556,Lazada,PromptPay,4,12,3,0,20-30,51.86666666666667,5.0,1.0,0.2,131,42,3847.368000000001,0.18,0.6,0.0,0.0,0.0,0,0,0.0,0.0,0,0,0.0,1553.58,1,0,0.0,19236.840000000004,5,1,0.2,0
LGS2ORD0044346,C014737,2025-12-18 04:00:00,Male,24,Silver,TV,Chonburi,986,Lazada,PromptPay,4,12,3,0,20-30,32.86666666666667,5.0,1.0,0.2,275,101,7077.934000000001,0.25,0.6,0.2,0.0,0.0,0,0,0.0,0.0,0,0,0.0,0.0,0,0,0.0,35389.670000000006,5,1,0.2,0
LGS2ORD0044347,C014438,2025-12-18 05:00:00,Female,34,Silver,Shopee,Chonburi,1663,Web,PromptPay,5,12,3,0,30-40,55.43333333333333,6.0,1.0,0.16666666666666666,130,98,6739.838333333333,0.3,0.5,0.3333333333333333,0.0,0.0,0,0,0.0,0.0,0,0,0.0,0.0,0,0,0.0,40439.03,6,1,0.16666666666666666,0
LGS2ORD0044348,C016836,2025-12-18 05:00:00,Male,21,Silver,Web,Khon Kaen,438,Web,Credit_Card,5,12,3,0,20-30,14.6,5.0,2.0,0.4,201,29,5600.662000000001,0.3,0.4,0.6,0.0,0.0,0,0,0.0,3191.08,1,0,0.0,3191.08,1,0,0.0,28003.310000000005,5,2,0.4,0
LGS2ORD0044349,C010312,2025-12-18 05:00:00,Male,39,Platinum,Web,Chiang Mai,1302,TV_Show,COD,5,12,3,0,30-40,43.4,4.0,0.0,0.0,-1,102,4014.25,0.3,0.5,0.5,0.0,0.0,0,0,0.0,0.0,0,0,0.0,0.0,0,0,0.0,16057.0,4,0,0.0,0
LGS2ORD0044350,C012430,2025-12-18 05:00:00,Male,33,Silver,Web,Bangkok,573,Lazada,Credit_Card,5,12,3,0,30-40,19.1,4.0,1.0,0.25,136,69,2620.4025,0.25,0.5,0.25,0.0,0.0,0,0,0.0,0.0,0,0,0.0,6310.52,1,0,0.0,10481.61,4,1,0.25,0
LGS2ORD0044351,C017188,2025-12-18 05:00:00,Female,37,Bronze,Web,Chiang Mai,717,Web,COD,5,12,3,0,30-40,23.9,6.0,1.0,0.16666666666666666,257,8,6099.596666666667,0.23,0.8333333333333334,0.3333333333333333,0.0,0.0,0,0,0.0,8362.65,1,0,0.0,10455.11,2,0,0.0,36597.58,6,1,0.16666666666666666,0
LGS2ORD0044352,C011220,2025-12-18 06:00:00,Male,71,Bronze,CallCenter,Bangkok,972,Web,COD,6,12,3,0,>50,32.4,13.0,2.0,0.15384615384615385,86,7,3590.088461538462,0.28,0.5384615384615384,0.23076923076923078,0.07692307692307693,0.0,0,0,0.0,9426.65,2,0,0.0,19201.71,6,0,0.0,46671.15000000001,13,2,0.15384615384615385,0
LGS2ORD0044353,C011852,2025-12-18 06:00:00,Male,55,Bronze,Shopee,Bangkok,1351,Shopee,COD,6,12,3,0,>50,45.03333333333333,7.0,3.0,0.42857142857142855,137,37,4167.4228571428575,0.28,0.5714285714285714,0.2857142857142857,0.0,0.0,0,0,0.0,0.0,0,0,0.0,752.9,1,0,0.0,29171.960000000003,7,3,0.42857142857142855,0
LGS2ORD0044354,C013650,2025-12-18 06:00:00,Male,37,Bronze,Lazada,Khon Kaen,1619,Shopee,PromptPay,6,12,3,0,30-40,53.96666666666667,11.0,3.0,0.2727272727272727,66,9,6575.478181818181,0.28,0.7272727272727273,0.36363636363636365,0.0,0.0,0,0,0.0,1235.24,2,0,0.0,9730.99,4,1,0.25,72330.26,11,3,0.2727272727272727,0
LGS2ORD0044355,C015017,2025-12-18 06:00:00,Male,50,Bronze,CallCenter,Remote_Area,489,TV_Show,PromptPay,6,12,3,0,40-50,16.3,5.0,1.0,0.2,288,188,3267.4739999999997,0.23,0.2,0.2,0.0,0.0,0,0,0.0,0.0,0,0,0.0,0.0,0,0,0.0,16337.369999999999,5,1,0.2,1
LGS2ORD0044356,C013695,2025-12-18 06:00:00,Female,49,Gold,Shopee,Remote_Area,367,TV_Show,COD,6,12,3,0,40-50,12.233333333333333,4.0,2.0,0.5,250,263,5219.727500000001,0.33,0.5,0.5,0.0,0.0,0,0,0.0,0.0,0,0,0.0,0.0,0,0,0.0,20878.910000000003,4,2,0.5,0
LGS2ORD0044357,C012300,2025-12-18 06:00:00,Male,19,Gold,Web,Bangkok,943,CallCenter,PromptPay,6,12,3,0,<20,31.433333333333334,4.0,2.0,0.5,31,41,5566.077499999999,0.18,1.0,0.0,0.0,0.0,0,0,0.0,0.0,0,0,0.0,4525.83,1,1,1.0,22264.309999999998,4,2,0.5,0
LGS2ORD0044358,C015570,2025-12-18 07:00:00,Other,38,Platinum,Web,Bangkok,653,CallCenter,PromptPay,7,12,3,0,30-40,21.766666666666666,3.0,0.0,0.0,-1,153,7254.68,0.25,0.3333333333333333,0.3333333333333333,0.0,0.0,0,0,0.0,0.0,0,0,0.0,0.0,0,0,0.0,21764.04,3,0,0.0,0
LGS2ORD0044359,C017864,2025-12-18 07:00:00,Female,34,Bronze,TV,Phuket,389,Shopee,COD,7,12,3,0,30-40,12.966666666666667,2.0,1.0,0.5,133,145,2754.64,0.08,0.0,0.0,0.0,0.0,0,0,0.0,0.0,0,0,0.0,0.0,0,0,0.0,5509.28,2,1,0.5,0
LGS2ORD0044360,C017158,2025-12-18 07:00:00,Male,60,Bronze,CallCenter,Chiang Mai,555,Shopee,COD,7,12,3,0,>50,18.5,6.0,0.0,0.0,-1,10,4974.781666666667,0.23,0.5,0.16666666666666666,0.0,0.0,0,0,0.0,3548.55,1,0,0.0,9037.220000000001,3,0,0.0,29848.69,6,0,0.0,1
LGS2ORD0044361,C012976,2025-12-18 07:00:00,Female,51,Gold,TV,Remote_Area,413,Web,Credit_Card,7,12,3,0,>50,13.766666666666667,10.0,5.0,0.5,10,23,4606.23,0.33,0.6,0.5,0.0,0.0,0,0,0.0,13580.74,1,1,1.0,13580.74,1,1,1.0,46062.299999999996,10,5,0.5,0
LGS2ORD0044362,C016003,2025-12-18 07:00:00,Female,33,Bronze,TV,Bangkok,1127,Web,COD,7,12,3,0,30-40,37.56666666666667,5.0,2.0,0.4,238,164,5130.934,0.18,0.2,0.0,0.0,0.0,0,0,0.0,0.0,0,0,0.0,0.0,0,0,0.0,25654.670000000002,5,2,0.4,0
LGS2ORD0044363,C013209,2025-12-18 08:00:00,Female,47,Silver,CallCenter,Nakhon Ratchasima,1361,Shopee,COD,8,12,3,0,40-50,45.36666666666667,6.0,0.0,0.0,-1,10,7043.681666666667,0.3,0.5,0.16666666666666666,0.0,0.0,0,0,0.0,12526.29,2,0,0.0,28455.75,3,0,0.0,42262.090000000004,6,0,0.0,1
LGS2ORD0044364,C016153,2025-12-18 08:00:00,Female,50,Bronze,Shopee,Bangkok,583,TV_Show,COD,8,12,3,0,40-50,19.433333333333334,4.0,0.0,0.0,-1,194,2139.64,0.23,0.75,0.25,0.0,0.0,0,0,0.0,0.0,0,0,0.0,0.0,0,0,0.0,8558.56,4,0,0.0,1
LGS2ORD0044365,C012919,2025-12-18 08:00:00,Female,43,Bronze,Lazada,Chiang Mai,916,TV_Show,Credit_Card,8,12,3,0,40-50,30.533333333333335,6.0,1.0,0.16666666666666666,79,40,3821.1266666666666,0.23,1.0,0.16666666666666666,0.0,0.0,0,0,0.0,0.0,0,0,0.0,11239.0,4,1,0.25,22926.76,6,1,0.16666666666666666,0
LGS2ORD0044366,C015869,2025-12-18 08:00:00,Female,56,Bronze,Lazada,Phuket,1537,Web,COD,8,12,3,0,>50,51.233333333333334,6.0,4.0,0.6666666666666666,77,45,6086.786666666666,0.28,0.16666666666666666,0.16666666666666666,0.0,0.0,0,0,0.0,0.0,0,0,0.0,3098.45,2,1,0.5,36520.719999999994,6,4,0.6666666666666666,0
LGS2ORD0044367,C013194,2025-12-18 08:00:00,Male,22,Bronze,TV,Bangkok,763,Web,Credit_Card,8,12,3,0,20-30,25.433333333333334,9.0,3.0,0.3333333333333333,3,12,3287.27,0.28,0.5555555555555556,0.3333333333333333,0.0,0.0,0,0,0.0,2148.58,1,1,1.0,2979.64,2,1,0.5,29585.43,9,3,0.3333333333333333,0
LGS2ORD0044368,C012309,2025-12-18 09:00:00,Male,38,Gold,Web,Bangkok,850,TV_Show,COD,9,12,3,0,30-40,28.333333333333332,4.0,0.0,0.0,-1,7,2498.135,0.33,0.5,0.5,0.0,0.0,0,0,0.0,8451.83,1,0,0.0,8451.83,1,0,0.0,9992.54,4,0,0.0,0
LGS2ORD0044369,C011949,2025-12-18 09:00:00,Female,33,Gold,Web,Khon Kaen,408,TV_Show,Bank_Transfer,9,12,3,0,30-40,13.6,10.0,1.0,0.1,169,12,8058.0,0.28,0.8,0.4,0.0,0.0,0,0,0.0,21570.21,1,0,0.0,21570.21,1,0,0.0,80580.0,10,1,0.1,0
LGS2ORD0044370,C013412,2025-12-18 09:00:00,Male,48,Silver,Web,Songkhla,921,Lazada,COD,9,12,3,0,40-50,30.7,7.0,4.0,0.5714285714285714,187,23,6093.992857142858,0.2,0.14285714285714285,0.0,0.0,0.0,0,0,0.0,8957.24,1,0,0.0,21998.440000000002,2,0,0.0,42657.950000000004,7,4,0.5714285714285714,1
LGS2ORD0044371,C012276,2025-12-18 09:00:00,Male,45,Bronze,Shopee,Bangkok,1260,Lazada,Credit_Card,9,12,3,0,40-50,42.0,4.0,0.0,0.0,-1,7,3038.8875,0.28,0.25,0.25,0.0,0.0,0,0,0.0,732.88,1,0,0.0,8951.06,3,0,0.0,12155.55,4,0,0.0,0
LGS2ORD0044372,C017076,2025-12-18 09:00:00,Female,49,Silver,Web,Nakhon Ratchasima,1547,Shopee,COD,9,12,3,0,40-50,51.56666666666667,7.0,1.0,0.14285714285714285,257,143,5905.545714285715,0.2,0.5714285714285714,0.0,0.0,0.0,0,0,0.0,0.0,0,0,0.0,0.0,0,0,0.0,41338.82000000001,7,1,0.14285714285714285,0
LGS2ORD0044373,C010645,2025-12-18 10:00:00,Male,45,Bronze,TV,Chonburi,1645,Shopee,Credit_Card,10,12,3,0,40-50,54.833333333333336,14.0,6.0,0.42857142857142855,53,55,6311.104285714284,0.28,0.42857142857142855,0.14285714285714285,0.0,0.0,0,0,0.0,0.0,0,0,0.0,21656.92,4,2,0.5,88355.45999999998,14,6,0.42857142857142855,0
LGS2ORD0044374,C015824,2025-12-18 10:00:00,Male,51,Bronze,Shopee,Nakhon Ratchasima,1172,Web,COD,10,12,3,0,>50,39.06666666666667,11.0,5.0,0.45454545454545453,156,11,4434.956363636364,0.23,0.6363636363636364,0.18181818181818182,0.0,0.0,0,0,0.0,14473.77,2,0,0.0,14473.77,2,0,0.0,48784.520000000004,11,5,0.45454545454545453,1
LGS2ORD0044375,C016112,2025-12-18 10:00:00,Male,37,Silver,TV,Bangkok,1275,TV_Show,COD,10,12,3,0,30-40,42.5,7.0,0.0,0.0,-1,5,4528.174285714286,0.3,0.2857142857142857,0.2857142857142857,0.0,11329.47,1,0,0.0,12675.73,2,0,0.0,13183.0,3,0,0.0,31697.22,7,0,0.0,0
LGS2ORD0044376,C012908,2025-12-18 10:00:00,Male,47,Bronze,TV,Remote_Area,1180,Shopee,COD,10,12,3,0,40-50,39.333333333333336,9.0,5.0,0.5555555555555556,62,59,2566.0988888888887,0.28,0.2222222222222222,0.2222222222222222,0.0,0.0,0,0,0.0,0.0,0,0,0.0,4467.79,3,1,0.3333333333333333,23094.89,9,5,0.5555555555555556,1
LGS2ORD0044377,C012736,2025-12-18 10:00:00,Female,40,Bronze,Lazada,Phuket,872,TV_Show,COD,10,12,3,0,30-40,29.066666666666666,2.0,0.0,0.0,-1,54,21787.774999999998,0.28,0.0,0.5,0.0,0.0,0,0,0.0,0.0,0,0,0.0,43575.549999999996,2,0,0.0,43575.549999999996,2,0,0.0,1
LGS2ORD0044378,C015969,2025-12-18 10:00:00,Female,38,Platinum,Shopee,Khon Kaen,1189,TV_Show,COD,10,12,3,0,30-40,39.63333333333333,5.0,1.0,0.2,32,40,6945.506000000001,0.3,0.6,0.4,0.0,0.0,0,0,0.0,0.0,0,0,0.0,1694.12,1,1,1.0,34727.530000000006,5,1,0.2,1
LGS2ORD0044379,C012605,2025-12-18 11:00:00,Female,29,Platinum,TV,Khon Kaen,1467,Shopee,COD,11,12,3,0,20-30,48.9,2.0,0.0,0.0,-1,105,19037.04,0.15,0.5,0.0,0.0,0.0,0,0,0.0,0.0,0,0,0.0,0.0,0,0,0.0,38074.08,2,0,0.0,0
LGS2ORD0044380,C016857,2025-12-18 11:00:00,Female,43,Bronze,TV,Songkhla,983,Lazada,Credit_Card,11,12,3,0,40-50,32.766666666666666,2.0,2.0,1.0,112,119,4380.22,0.28,0.0,0.5,0.0,0.0,0,0,0.0,0.0,0,0,0.0,0.0,0,0,0.0,8760.44,2,2,1.0,0
LGS2ORD0044381,C017768,2025-12-18 11:00:00,Female,50,Platinum,Shopee,Bangkok,1608,Web,Credit_Card,11,12,3,0,40-50,53.6,4.0,0.0,0.0,-1,106,11704.1775,0.15,0.5,0.0,0.0,0.0,0,0,0.0,0.0,0,0,0.0,0.0,0,0,0.0,46816.71,4,0,0.0,0
LGS2ORD0044382,C015638,2025-12-18 11:00:00,Male,41,Bronze,CallCenter,Nakhon Ratchasima,1118,CallCenter,COD,11,12,3,0,40-50,37.266666666666666,5.0,1.0,0.2,227,21,8083.8679999999995,0.28,0.2,0.2,0.0,0.0,0,0,0.0,13287.08,1,0,0.0,13287.08,1,0,0.0,40419.34,5,1,0.2,0
LGS2ORD0044383,C015690,2025-12-18 11:00:00,Other,42,Gold,Lazada,Bangkok,1536,Lazada,Credit_Card,11,12,3,0,40-50,51.2,0.0,0.0,0.0,-1,-1,0.0,0.0,0.0,0.0,0.0,0.0,0,0,0.0,0.0,0,0,0.0,0.0,0,0,0.0,0.0,0,0,0.0,0
LGS2ORD0044384,C012832,2025-12-18 12:00:00,Female,43,Bronze,Shopee,Bangkok,699,Web,COD,12,12,3,0,40-50,23.3,4.0,0.0,0.0,-1,11,7542.0175,0.18,0.25,0.0,0.0,0.0,0,0,0.0,4217.16,1,0,0.0,4217.16,1,0,0.0,30168.07,4,0,0.0,0
LGS2ORD0044385,C017040,2025-12-18 12:00:00,Female,28,Platinum,CallCenter,Bangkok,1404,Web,COD,12,12,3,0,20-30,46.8,7.0,1.0,0.14285714285714285,328,218,1934.8057142857144,0.35,0.5714285714285714,0.5714285714285714,0.0,0.0,0,0,0.0,0.0,0,0,0.0,0.0,0,0,0.0,13543.640000000001,7,1,0.14285714285714285,0
LGS2ORD0044386,C012216,2025-12-18 12:00:00,Female,51,Silver,TV,Remote_Area,1421,CallCenter,Bank_Transfer,12,12,3,0,>50,47.36666666666667,4.0,2.0,0.5,27,18,2705.3475,0.3,0.75,0.5,0.0,0.0,0,0,0.0,2016.14,1,0,0.0,4846.96,2,1,0.5,10821.39,4,2,0.5,0
LGS2ORD0044387,C014070,2025-12-18 12:00:00,Male,42,Bronze,CallCenter,Nakhon Ratchasima,959,TV_Show,PromptPay,12,12,3,0,40-50,31.966666666666665,12.0,3.0,0.25,25,39,3578.820833333333,0.23,0.5,0.25,0.0,0.0,0,0,0.0,0.0,0,0,0.0,17283.48,2,1,0.5,42945.85,12,3,0.25,0
LGS2ORD0044388,C015008,2025-12-18 12:00:00,Male,51,Bronze,Lazada,Songkhla,1152,TV_Show,Credit_Card,12,12,3,0,>50,38.4,11.0,3.0,0.2727272727272727,157,83,4561.12,0.23,0.6363636363636364,0.2727272727272727,0.0,0.0,0,0,0.0,0.0,0,0,0.0,2005.78,1,0,0.0,50172.32,11,3,0.2727272727272727,0
LGS2ORD0044389,C013367,2025-12-18 13:00:00,Male,53,Bronze,TV,Phuket,1380,Web,PromptPay,13,12,3,0,>50,46.0,6.0,1.0,0.16666666666666666,74,17,3729.108333333333,0.28,0.6666666666666666,0.3333333333333333,0.0,0.0,0,0,0.0,3300.1499999999996,2,0,0.0,11123.75,3,1,0.3333333333333333,22374.649999999998,6,1,0.16666666666666666,1
LGS2ORD0044390,C013423,2025-12-18 13:00:00,Female,44,Gold,TV,Songkhla,1776,Lazada,COD,13,12,3,0,40-50,59.2,5.0,1.0,0.2,91,45,7805.274,0.28,0.6,0.6,0.0,0.0,0,0,0.0,0.0,0,0,0.0,16087.81,1,0,0.0,39026.37,5,1,0.2,1
LGS2ORD0044391,C015793,2025-12-18 13:00:00,Male,51,Gold,TV,Chiang Mai,1241,Shopee,Credit_Card,13,12,3,0,>50,41.36666666666667,6.0,2.0,0.3333333333333333,187,75,3972.81,0.2299999999999999,0.16666666666666666,0.3333333333333333,0.0,0.0,0,0,0.0,0.0,0,0,0.0,1533.26,2,0,0.0,23836.86,6,2,0.3333333333333333,0
LGS2ORD0044392,C016482,2025-12-18 13:00:00,Female,70,Bronze,CallCenter,Chonburi,1190,TV_Show,COD,13,12,3,0,>50,39.666666666666664,7.0,0.0,0.0,-1,105,5530.7014285714295,0.28,0.42857142857142855,0.5714285714285714,0.0,0.0,0,0,0.0,0.0,0,0,0.0,0.0,0,0,0.0,38714.91,7,0,0.0,0
LGS2ORD0044393,C013904,2025-12-18 13:00:00,Male,22,Gold,CallCenter,Khon Kaen,1479,Shopee,COD,13,12,3,0,20-30,49.3,3.0,1.0,0.3333333333333333,167,171,8475.933333333332,0.33,0.3333333333333333,0.3333333333333333,0.0,0.0,0,0,0.0,0.0,0,0,0.0,0.0,0,0,0.0,25427.8,3,1,0.3333333333333333,0
LGS2ORD0044394,C013343,2025-12-18 14:00:00,Female,41,Bronze,CallCenter,Chonburi,1048,TV_Show,COD,14,12,3,0,40-50,34.93333333333333,7.0,2.0,0.2857142857142857,261,119,3145.2671428571434,0.28,0.7142857142857143,0.2857142857142857,0.0,0.0,0,0,0.0,0.0,0,0,0.0,0.0,0,0,0.0,22016.870000000003,7,2,0.2857142857142857,1
LGS2ORD0044395,C010074,2025-12-18 14:00:00,Female,61,Platinum,TV,Chiang Mai,1241,CallCenter,COD,14,12,3,0,>50,41.36666666666667,7.0,1.0,0.14285714285714285,138,112,4563.97,0.3,0.7142857142857143,0.5714285714285714,0.0,0.0,0,0,0.0,0.0,0,0,0.0,0.0,0,0,0.0,31947.79,7,1,0.14285714285714285,0
LGS2ORD0044396,C016873,2025-12-18 14:00:00,Male,40,Bronze,TV,Chiang Mai,451,Web,COD,14,12,3,0,30-40,15.033333333333333,6.0,3.0,0.5,209,105,4268.826666666667,0.28,0.5,0.5,0.0,0.0,0,0,0.0,0.0,0,0,0.0,0.0,0,0,0.0,25612.96,6,3,0.5,0
LGS2ORD0044397,C012002,2025-12-18 14:00:00,Female,38,Silver,TV,Chiang Mai,372,Shopee,COD,14,12,3,0,30-40,12.4,2.0,0.0,0.0,-1,60,5839.455,0.15,0.0,0.0,0.0,0.0,0,0,0.0,0.0,0,0,0.0,4055.99,1,0,0.0,11678.91,2,0,0.0,1
LGS2ORD0044398,C017266,2025-12-18 14:00:00,Male,37,Bronze,TV,Chonburi,1386,Web,Credit_Card,14,12,3,0,30-40,46.2,4.0,0.0,0.0,-1,15,1572.65,0.23,0.75,0.5,0.0,0.0,0,0,0.0,3565.62,2,0,0.0,3565.62,2,0,0.0,6290.6,4,0,0.0,0
LGS2ORD0044399,C017203,2025-12-18 14:00:00,Female,46,Bronze,Web,Bangkok,441,Shopee,Bank_Transfer,14,12,3,0,40-50,14.7,3.0,0.0,0.0,-1,145,3783.013333333333,0.28,0.6666666666666666,0.6666666666666666,0.0,0.0,0,0,0.0,0.0,0,0,0.0,0.0,0,0,0.0,11349.039999999999,3,0,0.0,1
LGS2ORD0044400,C010378,2025-12-18 15:00:00,Female,26,Gold,Lazada,Bangkok,1285,Shopee,COD,15,12,3,0,20-30,42.833333333333336,2.0,0.0,0.0,-1,11,3339.67,0.28,0.0,1.0,0.0,0.0,0,0,0.0,4261.89,1,0,0.0,4261.89,1,0,0.0,6679.34,2,0,0.0,0
LGS2ORD0044401,C012830,2025-12-18 15:00:00,Male,42,Bronze,TV,Khon Kaen,1357,CallCenter,Credit_Card,15,12,3,0,40-50,45.233333333333334,8.0,3.0,0.375,110,121,3871.8625,0.23,0.75,0.125,0.0,0.0,0,0,0.0,0.0,0,0,0.0,0.0,0,0,0.0,30974.9,8,3,0.375,0
LGS2ORD0044402,C014078,2025-12-18 15:00:00,Female,42,Gold,TV,Khon Kaen,1421,CallCenter,COD,15,12,3,0,40-50,47.36666666666667,4.0,3.0,0.75,55,69,3880.2425000000003,0.33,0.25,0.5,0.0,0.0,0,0,0.0,0.0,0,0,0.0,6842.45,1,1,1.0,15520.970000000001,4,3,0.75,0
LGS2ORD0044403,C014384,2025-12-18 15:00:00,Male,49,Silver,Web,Remote_Area,1426,Shopee,COD,15,12,3,0,40-50,47.53333333333333,6.0,1.0,0.16666666666666666,139,11,8282.616666666667,0.2,0.5,0.0,0.0,0.0,0,0,0.0,23612.86,2,0,0.0,23612.86,2,0,0.0,49695.700000000004,6,1,0.16666666666666666,1
LGS2ORD0044404,C015788,2025-12-18 15:00:00,Female,36,Bronze,Shopee,Phuket,961,Web,COD,15,12,3,0,30-40,32.03333333333333,5.0,2.0,0.4,104,24,5754.518000000001,0.28,0.6,0.2,0.0,0.0,0,0,0.0,1164.25,1,0,0.0,1164.25,1,0,0.0,28772.590000000004,5,2,0.4,1
LGS2ORD0044405,C011850,2025-12-18 16:00:00,Male,57,Bronze,Shopee,Remote_Area,653,Web,COD,16,12,3,0,>50,21.766666666666666,12.0,3.0,0.25,88,37,6982.990833333333,0.18,0.75,0.0,0.0,0.0,0,0,0.0,0.0,0,0,0.0,23725.72,2,0,0.0,83795.89,12,3,0.25,0
LGS2ORD0044406,C014939,2025-12-18 16:00:00,Male,26,Bronze,Shopee,Bangkok,1661,Web,COD,16,12,3,0,20-30,55.36666666666667,8.0,3.0,0.375,195,17,4481.45125,0.28,0.625,0.375,0.0,0.0,0,0,0.0,9694.88,1,0,0.0,23527.89,2,0,0.0,35851.61,8,3,0.375,0
LGS2ORD0044407,C015479,2025-12-18 16:00:00,Female,47,Gold,Web,Nakhon Ratchasima,899,TV_Show,COD,16,12,3,0,40-50,29.966666666666665,2.0,0.0,0.0,-1,219,2245.8199999999997,0.2299999999999999,0.5,0.5,0.0,0.0,0,0,0.0,0.0,0,0,0.0,0.0,0,0,0.0,4491.639999999999,2,0,0.0,0
LGS2ORD0044408,C010076,2025-12-18 16:00:00,Male,39,Bronze,TV,Chonburi,1737,Shopee,Bank_Transfer,16,12,3,0,30-40,57.9,5.0,0.0,0.0,-1,12,3316.482,0.28,0.6,0.2,0.0,0.0,0,0,0.0,651.01,1,0,0.0,2423.25,2,0,0.0,16582.41,5,0,0.0,0
LGS2ORD0044409,C013273,2025-12-18 16:00:00,Female,27,Gold,Web,Songkhla,540,Lazada,COD,16,12,3,0,20-30,18.0,4.0,2.0,0.5,105,120,6955.365,0.33,0.75,0.5,0.0,0.0,0,0,0.0,0.0,0,0,0.0,0.0,0,0,0.0,27821.46,4,2,0.5,0
LGS2ORD0044410,C015439,2025-12-18 17:00:00,Male,37,Bronze,Lazada,Remote_Area,403,CallCenter,Credit_Card,17,12,3,0,30-40,13.433333333333334,7.0,2.0,0.2857142857142857,220,93,6614.478571428571,0.28,0.2857142857142857,0.2857142857142857,0.0,0.0,0,0,0.0,0.0,0,0,0.0,0.0,0,0,0.0,46301.35,7,2,0.2857142857142857,0
LGS2ORD0044411,C011541,2025-12-18 17:00:00,Female,18,Silver,Web,Bangkok,698,Web,COD,17,12,3,0,<20,23.266666666666666,7.0,0.0,0.0,-1,36,5373.165714285714,0.25,0.42857142857142855,0.2857142857142857,0.0,0.0,0,0,0.0,0.0,0,0,0.0,352.53,1,0,0.0,37612.159999999996,7,0,0.0,0
LGS2ORD0044412,C015511,2025-12-18 17:00:00,Male,57,Silver,CallCenter,Bangkok,668,Web,PromptPay,17,12,3,0,>50,22.266666666666666,6.0,1.0,0.16666666666666666,60,69,12744.156666666668,0.2,0.3333333333333333,0.0,0.16666666666666666,0.0,0,0,0.0,0.0,0,0,0.0,7175.41,1,1,1.0,76464.94,6,1,0.16666666666666666,0
LGS2ORD0044413,C013150,2025-12-18 17:00:00,Male,42,Platinum,Web,Chiang Mai,1810,Lazada,Bank_Transfer,17,12,3,0,40-50,60.333333333333336,1.0,0.0,0.0,-1,321,33093.76,0.1,0.0,0.0,0.0,0.0,0,0,0.0,0.0,0,0,0.0,0.0,0,0,0.0,33093.76,1,0,0.0,0
LGS2ORD0044414,C011738,2025-12-18 17:00:00,Female,40,Bronze,Lazada,Remote_Area,374,Lazada,COD,17,12,3,0,30-40,12.466666666666667,1.0,0.0,0.0,-1,335,5883.1,0.18,1.0,0.0,0.0,0.0,0,0,0.0,0.0,0,0,0.0,0.0,0,0,0.0,5883.1,1,0,0.0,1
LGS2ORD0044415,C010027,2025-12-18 17:00:00,Female,23,Bronze,Shopee,Khon Kaen,1555,Web,COD,17,12,3,0,20-30,51.833333333333336,5.0,1.0,0.2,320,77,5067.174000000001,0.23,0.8,0.4,0.0,0.0,0,0,0.0,0.0,0,0,0.0,8251.380000000001,2,0,0.0,25335.870000000003,5,1,0.2,1
LGS2ORD0044416,C017084,2025-12-18 18:00:00,Female,49,Bronze,Web,Songkhla,367,Shopee,COD,18,12,3,0,40-50,12.233333333333333,5.0,2.0,0.4,90,95,4923.568,0.23,0.2,0.2,0.0,0.0,0,0,0.0,0.0,0,0,0.0,0.0,0,0,0.0,24617.84,5,2,0.4,1
LGS2ORD0044417,C012289,2025-12-18 18:00:00,Male,45,Bronze,TV,Songkhla,1533,Web,COD,18,12,3,0,40-50,51.1,11.0,7.0,0.6363636363636364,10,23,7005.839999999999,0.23,0.7272727272727273,0.36363636363636365,0.0,0.0,0,0,0.0,16906.77,1,1,1.0,17990.08,2,1,0.5,77064.23999999999,11,7,0.6363636363636364,0
LGS2ORD0044418,C012219,2025-12-18 18:00:00,Female,42,Silver,TV,Bangkok,1221,Shopee,COD,18,12,3,0,40-50,40.7,6.0,2.0,0.3333333333333333,68,73,5908.278333333333,0.3,0.8333333333333334,0.3333333333333333,0.0,0.0,0,0,0.0,0.0,0,0,0.0,3601.75,2,1,0.5,35449.67,6,2,0.3333333333333333,1
LGS2ORD0044419,C010708,2025-12-18 18:00:00,Male,37,Gold,Web,Bangkok,1396,TV_Show,Credit_Card,18,12,3,0,30-40,46.53333333333333,2.0,0.0,0.0,-1,50,2675.19,0.2299999999999999,0.5,0.5,0.0,0.0,0,0,0.0,0.0,0,0,0.0,4136.13,1,0,0.0,5350.38,2,0,0.0,0
LGS2ORD0044420,C016971,2025-12-18 18:00:00,Male,46,Bronze,TV,Songkhla,728,TV_Show,COD,18,12,3,0,40-50,24.266666666666666,4.0,1.0,0.25,76,43,3348.465,0.23,0.5,0.5,0.0,0.0,0,0,0.0,0.0,0,0,0.0,9718.85,2,1,0.5,13393.86,4,1,0.25,0
LGS2ORD0044421,C015157,2025-12-18 19:00:00,Male,25,Bronze,Shopee,Chonburi,1355,TV_Show,Bank_Transfer,19,12,3,0,20-30,45.166666666666664,9.0,2.0,0.2222222222222222,208,5,9367.087777777777,0.28,0.6666666666666666,0.4444444444444444,0.0,33481.81,1,0,0.0,33481.81,1,0,0.0,41863.229999999996,3,0,0.0,84303.79,9,2,0.2222222222222222,1
LGS2ORD0044422,C013964,2025-12-18 19:00:00,Female,59,Gold,Shopee,Chiang Mai,602,Web,COD,19,12,3,0,>50,20.066666666666666,5.0,0.0,0.0,-1,30,3484.7,0.28,0.4,0.4,0.0,0.0,0,0,0.0,2844.86,1,0,0.0,4956.450000000001,2,0,0.0,17423.5,5,0,0.0,0
LGS2ORD0044423,C010518,2025-12-18 19:00:00,Male,31,Gold,Web,Chonburi,861,TV_Show,COD,19,12,3,0,30-40,28.7,5.0,3.0,0.6,13,26,3970.452,0.33,0.6,0.8,0.0,0.0,0,0,0.0,6841.43,2,1,0.5,9488.240000000002,3,2,0.6666666666666666,19852.260000000002,5,3,0.6,0
LGS2ORD0044424,C010831,2025-12-18 19:00:00,Female,38,Silver,Web,Bangkok,1345,Web,COD,19,12,3,0,30-40,44.833333333333336,2.0,0.0,0.0,-1,182,1769.4850000000001,0.05,0.5,0.0,0.0,0.0,0,0,0.0,0.0,0,0,0.0,0.0,0,0,0.0,3538.9700000000003,2,0,0.0,0
LGS2ORD0044425,C014528,2025-12-18 19:00:00,Male,35,Bronze,Web,Bangkok,794,Lazada,COD,19,12,3,0,30-40,26.466666666666665,2.0,0.0,0.0,-1,54,1877.93,0.03,0.5,0.0,0.0,0.0,0,0,0.0,0.0,0,0,0.0,539.79,1,0,0.0,3755.86,2,0,0.0,0
LGS2ORD0044426,C015858,2025-12-18 20:00:00,Female,41,Gold,Web,Bangkok,1463,TV_Show,COD,20,12,3,0,40-50,48.766666666666666,8.0,1.0,0.125,313,6,4014.2837499999996,0.2299999999999999,0.25,0.25,0.0,3200.97,1,0,0.0,3200.97,1,0,0.0,8622.58,2,0,0.0,32114.269999999997,8,1,0.125,0
LGS2ORD0044427,C014542,2025-12-18 20:00:00,Female,38,Bronze,TV,Remote_Area,1472,Lazada,COD,20,12,3,0,30-40,49.06666666666667,5.0,0.0,0.0,-1,42,1489.218,0.23,0.8,0.6,0.0,0.0,0,0,0.0,0.0,0,0,0.0,1928.81,1,0,0.0,7446.09,5,0,0.0,0
LGS2ORD0044428,C011479,2025-12-18 20:00:00,Male,43,Bronze,Shopee,Songkhla,581,Web,COD,20,12,3,0,40-50,19.366666666666667,9.0,6.0,0.6666666666666666,7,21,7401.323333333334,0.23,0.5555555555555556,0.2222222222222222,0.0,0.0,0,0,0.0,6857.2,2,1,0.5,17728.09,5,3,0.6,66611.91,9,6,0.6666666666666666,0
LGS2ORD0044429,C013335,2025-12-18 20:00:00,Male,45,Platinum,Lazada,Remote_Area,1384,Shopee,Bank_Transfer,20,12,3,0,40-50,46.13333333333333,9.0,3.0,0.3333333333333333,71,16,4642.287777777778,0.35,0.6666666666666666,0.3333333333333333,0.0,0.0,0,0,0.0,283.33,1,0,0.0,8782.13,2,1,0.5,41780.59,9,3,0.3333333333333333,0
LGS2ORD0044430,C010090,2025-12-18 20:00:00,Female,47,Silver,TV,Songkhla,1009,Lazada,Credit_Card,20,12,3,0,40-50,33.63333333333333,8.0,3.0,0.375,144,12,4642.78625,0.3,0.625,0.375,0.0,0.0,0,0,0.0,4305.44,1,0,0.0,10936.21,2,0,0.0,37142.29,8,3,0.375,1
LGS2ORD0044431,C010130,2025-12-18 21:00:00,Female,53,Silver,Shopee,Chonburi,426,TV_Show,PromptPay,21,12,3,0,>50,14.2,6.0,3.0,0.5,53,58,4698.455,0.25,0.8333333333333334,0.3333333333333333,0.0,0.0,0,0,0.0,0.0,0,0,0.0,10757.109999999999,2,1,0.5,28190.73,6,3,0.5,0
LGS2ORD0044432,C016030,2025-12-18 21:00:00,Female,36,Gold,TV,Bangkok,767,TV_Show,PromptPay,21,12,3,0,30-40,25.566666666666666,4.0,0.0,0.0,-1,72,8053.317499999999,0.28,0.25,0.25,0.0,0.0,0,0,0.0,0.0,0,0,0.0,3808.24,1,0,0.0,32213.269999999997,4,0,0.0,0
LGS2ORD0044433,C014816,2025-12-18 21:00:00,Male,40,Silver,Lazada,Khon Kaen,1231,TV_Show,Credit_Card,21,12,3,0,30-40,41.03333333333333,4.0,0.0,0.0,-1,94,1395.375,0.3,0.5,0.25,0.0,0.0,0,0,0.0,0.0,0,0,0.0,0.0,0,0,0.0,5581.5,4,0,0.0,0
LGS2ORD0044434,C012685,2025-12-18 21:00:00,Male,53,Bronze,TV,Remote_Area,464,Lazada,COD,21,12,3,0,>50,15.466666666666667,5.0,1.0,0.2,15,18,5881.582,0.18,0.6,0.0,0.0,0.0,0,0,0.0,24162.45,2,1,0.5,24162.45,2,1,0.5,29407.91,5,1,0.2,0
LGS2ORD0044435,C016648,2025-12-18 21:00:00,Female,48,Bronze,Lazada,Chiang Mai,1087,TV_Show,COD,21,12,3,0,40-50,36.233333333333334,10.0,2.0,0.2,-16,2,6774.452,0.28,0.8,0.4,0.0,2284.32,1,1,1.0,19770.26,2,1,0.5,53259.91999999999,7,2,0.2857142857142857,67744.52,10,2,0.2,0
LGS2ORD0044436,C012678,2025-12-18 21:00:00,Female,42,Silver,Web,Remote_Area,590,Shopee,COD,21,12,3,0,40-50,19.666666666666668,5.0,1.0,0.2,0,7,4479.213999999999,0.25,0.8,0.2,0.0,0.0,0,0,0.0,4236.62,1,1,1.0,4236.62,1,1,1.0,22396.069999999996,5,1,0.2,1
LGS2ORD0044437,C015497,2025-12-18 22:00:00,Male,55,Silver,Lazada,Nakhon Ratchasima,694,Web,Credit_Card,22,12,3,0,>50,23.133333333333333,7.0,3.0,0.42857142857142855,31,38,2956.727142857143,0.3,0.8571428571428571,0.2857142857142857,0.0,0.0,0,0,0.0,0.0,0,0,0.0,1222.3600000000001,2,2,1.0,20697.09,7,3,0.42857142857142855,0
LGS2ORD0044438,C016674,2025-12-18 22:00:00,Female,53,Bronze,Lazada,Phuket,1191,TV_Show,PromptPay,22,12,3,0,>50,39.7,6.0,2.0,0.3333333333333333,86,11,1941.38,0.28,0.16666666666666666,0.3333333333333333,0.0,0.0,0,0,0.0,1038.9,1,0,0.0,1038.9,1,0,0.0,11648.28,6,2,0.3333333333333333,1
LGS2ORD0044439,C014103,2025-12-18 22:00:00,Female,54,Gold,Lazada,Chonburi,1743,TV_Show,PromptPay,22,12,3,0,>50,58.1,4.0,0.0,0.0,-1,41,5515.9725,0.13,0.75,0.0,0.0,0.0,0,0,0.0,0.0,0,0,0.0,3951.79,1,0,0.0,22063.89,4,0,0.0,0
LGS2ORD0044440,C015795,2025-12-18 22:00:00,Female,18,Bronze,TV,Nakhon Ratchasima,587,Shopee,COD,22,12,3,0,<20,19.566666666666666,10.0,2.0,0.2,55,43,3857.828,0.23,0.3,0.1,0.0,0.0,0,0,0.0,0.0,0,0,0.0,14969.04,3,1,0.3333333333333333,38578.28,10,2,0.2,0
LGS2ORD0044441,C010787,2025-12-18 22:00:00,Female,51,Gold,CallCenter,Songkhla,539,Lazada,COD,22,12,3,0,>50,17.966666666666665,6.0,2.0,0.3333333333333333,94,1,2074.273333333333,0.28,0.3333333333333333,0.3333333333333333,0.0,4174.03,1,0,0.0,5182.19,2,0,0.0,8877.96,3,0,0.0,12445.64,6,2,0.3333333333333333,0
LGS2ORD0044442,C014911,2025-12-18 23:00:00,Male,39,Bronze,Web,Bangkok,788,TV_Show,COD,23,12,3,0,30-40,26.266666666666666,12.0,5.0,0.4166666666666667,101,34,6365.348333333332,0.28,0.16666666666666666,0.3333333333333333,0.0,0.0,0,0,0.0,0.0,0,0,0.0,10305.48,2,0,0.0,76384.18,12,5,0.4166666666666667,0
LGS2ORD0044443,C012028,2025-12-18 23:00:00,Other,31,Bronze,TV,Chiang Mai,1541,Shopee,COD,23,12,3,0,30-40,51.36666666666667,5.0,1.0,0.2,19,9,18000.4,0.28,0.2,0.2,0.0,0.0,0,0,0.0,26908.25,2,0,0.0,49284.23,4,1,0.25,90002.0,5,1,0.2,0
LGS2ORD0044444,C010426,2025-12-18 23:00:00,Female,42,Silver,Lazada,Chonburi,432,Web,COD,23,12,3,0,40-50,14.4,2.0,1.0,0.5,-2,2,7019.9,0.1,1.0,0.0,0.0,2420.15,1,1,1.0,2420.15,1,1,1.0,14039.8,2,1,0.5,14039.8,2,1,0.5,1
LGS2ORD0044445,C011567,2025-12-18 23:00:00,Female,40,Bronze,TV,Bangkok,1253,Web,Credit_Card,23,12,3,0,30-40,41.766666666666666,9.0,2.0,0.2222222222222222,38,44,5463.214444444445,0.28,0.3333333333333333,0.3333333333333333,0.0,0.0,0,0,0.0,0.0,0,0,0.0,11668.14,3,1,0.3333333333333333,49168.93,9,2,0.2222222222222222,0
LGS2ORD0044446,C016670,2025-12-18 23:00:00,Female,27,Bronze,Shopee,Nakhon Ratchasima,1408,Shopee,Credit_Card,23,12,3,0,20-30,46.93333333333333,8.0,1.0,0.125,330,35,3704.6575,0.18,0.375,0.0,0.0,0.0,0,0,0.0,0.0,0,0,0.0,11387.359999999999,2,0,0.0,29637.26,8,1,0.125,0
LGS2ORD0044447,C012742,2025-12-19 00:00:00,Female,48,Gold,Web,Chiang Mai,1308,Shopee,Credit_Card,0,12,4,0,40-50,43.6,3.0,1.0,0.3333333333333333,7,15,6883.196666666667,0.2299999999999999,0.0,0.3333333333333333,0.0,0.0,0,0,0.0,11659.56,1,1,1.0,11659.56,1,1,1.0,20649.59,3,1,0.3333333333333333,0
LGS2ORD0044448,C016686,2025-12-19 00:00:00,Male,48,Bronze,Shopee,Nakhon Ratchasima,987,Shopee,COD,0,12,4,0,40-50,32.9,2.0,0.0,0.0,-1,89,3187.4249999999997,0.03,0.5,0.0,0.0,0.0,0,0,0.0,0.0,0,0,0.0,2021.62,1,0,0.0,6374.849999999999,2,0,0.0,0
LGS2ORD0044449,C016110,2025-12-19 00:00:00,Female,49,Silver,Web,Phuket,1760,TV_Show,Credit_Card,0,12,4,0,40-50,58.666666666666664,3.0,0.0,0.0,-1,195,11205.65,0.2,0.0,0.0,0.0,0.0,0,0,0.0,0.0,0,0,0.0,0.0,0,0,0.0,33616.95,3,0,0.0,0
LGS2ORD0044450,C010566,2025-12-19 00:00:00,Male,32,Bronze,TV,Chiang Mai,601,Shopee,COD,0,12,4,0,30-40,20.033333333333335,5.0,1.0,0.2,136,54,7820.645999999999,0.18,0.6,0.0,0.0,0.0,0,0,0.0,0.0,0,0,0.0,4708.82,2,0,0.0,39103.229999999996,5,1,0.2,1
LGS2ORD0044451,C014154,2025-12-19 00:00:00,Male,50,Bronze,Lazada,Bangkok,1117,Lazada,COD,0,12,4,0,40-50,37.233333333333334,1.0,0.0,0.0,-1,272,2213.03,0.08,0.0,0.0,0.0,0.0,0,0,0.0,0.0,0,0,0.0,0.0,0,0,0.0,2213.03,1,0,0.0,0
LGS2ORD0044452,C013448,2025-12-19 01:00:00,Male,40,Gold,Web,Songkhla,1194,TV_Show,Credit_Card,1,12,4,0,30-40,39.8,5.0,0.0,0.0,-1,9,2536.8,0.33,0.0,0.2,0.0,0.0,0,0,0.0,7297.34,1,0,0.0,7297.34,1,0,0.0,12684.0,5,0,0.0,0
LGS2ORD0044453,C014884,2025-12-19 01:00:00,Female,32,Bronze,TV,Phuket,589,TV_Show,Credit_Card,1,12,4,0,30-40,19.633333333333333,6.0,1.0,0.16666666666666666,281,93,3760.6616666666664,0.28,0.8333333333333334,0.16666666666666666,0.0,0.0,0,0,0.0,0.0,0,0,0.0,0.0,0,0,0.0,22563.969999999998,6,1,0.16666666666666666,0
LGS2ORD0044454,C016113,2025-12-19 01:00:00,Female,37,Bronze,TV,Chiang Mai,1522,TV_Show,COD,1,12,4,0,30-40,50.733333333333334,8.0,2.0,0.25,61,6,9256.677500000002,0.28,0.5,0.25,0.0,5682.82,1,0,0.0,5682.82,1,0,0.0,21525.260000000002,4,1,0.25,74053.42000000001,8,2,0.25,0
LGS2ORD0044455,C010971,2025-12-19 01:00:00,Male,50,Bronze,Shopee,Bangkok,1194,Web,COD,1,12,4,0,40-50,39.8,8.0,4.0,0.5,36,42,5112.4925,0.23,0.5,0.375,0.0,0.0,0,0,0.0,0.0,0,0,0.0,8351.14,1,1,1.0,40899.94,8,4,0.5,0
LGS2ORD0044456,C013119,2025-12-19 01:00:00,Male,38,Bronze,Lazada,Chiang Mai,1410,TV_Show,COD,1,12,4,0,30-40,47.0,5.0,0.0,0.0,-1,12,7515.823999999999,0.28,0.4,0.4,0.0,0.0,0,0,0.0,8550.78,1,0,0.0,9880.11,2,0,0.0,37579.119999999995,5,0,0.0,0
LGS2ORD0044457,C015098,2025-12-19 01:00:00,Female,51,Bronze,Shopee,Bangkok,452,Lazada,COD,1,12,4,0,>50,15.066666666666666,6.0,0.0,0.0,-1,28,7427.183333333333,0.23,0.3333333333333333,0.16666666666666666,0.0,0.0,0,0,0.0,1541.69,1,0,0.0,1541.69,1,0,0.0,44563.1,6,0,0.0,0
LGS2ORD0044458,C012027,2025-12-19 02:00:00,Female,41,Bronze,Shopee,Bangkok,1508,TV_Show,COD,2,12,4,0,40-50,50.266666666666666,13.0,5.0,0.38461538461538464,146,35,7342.882307692308,0.28,0.46153846153846156,0.38461538461538464,0.0,0.0,0,0,0.0,0.0,0,0,0.0,29305.789999999997,3,0,0.0,95457.47,13,5,0.38461538461538464,0
LGS2ORD0044459,C017824,2025-12-19 02:00:00,Female,54,Bronze,TV,Phuket,838,Web,COD,2,12,4,0,>50,27.933333333333334,12.0,5.0,0.4166666666666667,12,26,5694.524166666666,0.23,0.75,0.16666666666666666,0.0,0.0,0,0,0.0,8998.74,1,1,1.0,47402.53,6,2,0.3333333333333333,68334.29,12,5,0.4166666666666667,1
LGS2ORD0044460,C012144,2025-12-19 02:00:00,Male,53,Gold,Lazada,Phuket,1302,Shopee,PromptPay,2,12,4,0,>50,43.4,4.0,0.0,0.0,-1,86,1094.94,0.2299999999999999,0.0,0.5,0.0,0.0,0,0,0.0,0.0,0,0,0.0,1039.41,1,0,0.0,4379.76,4,0,0.0,0
LGS2ORD0044461,C014253,2025-12-19 02:00:00,Female,44,Bronze,Lazada,Phuket,1653,CallCenter,COD,2,12,4,0,40-50,55.1,6.0,1.0,0.16666666666666666,16,33,3472.721666666667,0.23,0.3333333333333333,0.16666666666666666,0.16666666666666666,0.0,0,0,0.0,0.0,0,0,0.0,17610.440000000002,4,1,0.25,20836.33,6,1,0.16666666666666666,0
LGS2ORD0044462,C017732,2025-12-19 02:00:00,Male,49,Silver,Lazada,Bangkok,1679,Web,Credit_Card,2,12,4,0,40-50,55.96666666666667,11.0,3.0,0.2727272727272727,209,62,6307.79090909091,0.25,0.45454545454545453,0.18181818181818182,0.0,0.0,0,0,0.0,0.0,0,0,0.0,24518.68,1,0,0.0,69385.70000000001,11,3,0.2727272727272727,1
LGS2ORD0044463,C012200,2025-12-19 03:00:00,Female,41,Silver,Lazada,Khon Kaen,848,Shopee,Credit_Card,3,12,4,0,40-50,28.266666666666666,5.0,1.0,0.2,118,43,4475.397999999999,0.25,0.2,0.2,0.0,0.0,0,0,0.0,0.0,0,0,0.0,15194.58,3,0,0.0,22376.989999999998,5,1,0.2,0
LGS2ORD0044464,C015583,2025-12-19 03:00:00,Male,18,Silver,TV,Nakhon Ratchasima,817,TV_Show,PromptPay,3,12,4,0,<20,27.233333333333334,8.0,2.0,0.25,106,115,6661.5650000000005,0.25,0.375,0.125,0.0,0.0,0,0,0.0,0.0,0,0,0.0,0.0,0,0,0.0,53292.520000000004,8,2,0.25,0
LGS2ORD0044465,C015228,2025-12-19 03:00:00,Male,50,Bronze,TV,Phuket,1525,CallCenter,COD,3,12,4,0,40-50,50.833333333333336,8.0,3.0,0.375,128,37,7547.3,0.28,0.625,0.125,0.0,0.0,0,0,0.0,0.0,0,0,0.0,7070.34,1,0,0.0,60378.4,8,3,0.375,0
LGS2ORD0044466,C013537,2025-12-19 03:00:00,Female,57,Gold,Web,Bangkok,498,TV_Show,COD,3,12,4,0,>50,16.6,4.0,0.0,0.0,-1,49,1787.935,0.2299999999999999,0.25,0.25,0.0,0.0,0,0,0.0,0.0,0,0,0.0,1751.07,1,0,0.0,7151.74,4,0,0.0,0
LGS2ORD0044467,C012292,2025-12-19 03:00:00,Female,37,Gold,TV,Nakhon Ratchasima,1603,TV_Show,COD,3,12,4,0,30-40,53.43333333333333,7.0,4.0,0.5714285714285714,76,83,5802.492857142856,0.33,0.42857142857142855,0.2857142857142857,0.0,0.0,0,0,0.0,0.0,0,0,0.0,8464.17,1,1,1.0,40617.45,7,4,0.5714285714285714,0
LGS2ORD0044468,C014331,2025-12-19 04:00:00,Male,22,Bronze,Web,Bangkok,1077,Shopee,COD,4,12,4,0,20-30,35.9,1.0,0.0,0.0,-1,225,32646.45,0.03,1.0,0.0,0.0,0.0,0,0,0.0,0.0,0,0,0.0,0.0,0,0,0.0,32646.45,1,0,0.0,0
LGS2ORD0044469,C012709,2025-12-19 04:00:00,Male,24,Bronze,CallCenter,Phuket,393,TV_Show,Bank_Transfer,4,12,4,0,20-30,13.1,7.0,2.0,0.2857142857142857,71,77,5203.728571428571,0.23,0.42857142857142855,0.14285714285714285,0.0,0.0,0,0,0.0,0.0,0,0,0.0,1693.03,1,1,1.0,36426.1,7,2,0.2857142857142857,1
LGS2ORD0044470,C011871,2025-12-19 04:00:00,Male,35,Bronze,Web,Remote_Area,886,Web,Credit_Card,4,12,4,0,30-40,29.533333333333335,4.0,2.0,0.5,6,16,1605.015,0.28,0.25,0.25,0.0,0.0,0,0,0.0,1760.88,1,1,1.0,1760.88,1,1,1.0,6420.06,4,2,0.5,0
LGS2ORD0044471,C012948,2025-12-19 04:00:00,Female,46,Bronze,TV,Bangkok,1434,Web,COD,4,12,4,0,40-50,47.8,6.0,1.0,0.16666666666666666,269,12,6229.871666666666,0.23,0.8333333333333334,0.16666666666666666,0.0,0.0,0,0,0.0,5295.32,2,0,0.0,6508.45,3,0,0.0,37379.229999999996,6,1,0.16666666666666666,1
LGS2ORD0044472,C011945,2025-12-19 04:00:00,Female,44,Bronze,CallCenter,Bangkok,876,Web,COD,4,12,4,0,40-50,29.2,8.0,4.0,0.5,81,93,4867.9712500000005,0.23,0.625,0.25,0.0,0.0,0,0,0.0,0.0,0,0,0.0,0.0,0,0,0.0,38943.770000000004,8,4,0.5,0
LGS2ORD0044473,C011799,2025-12-19 05:00:00,Female,30,Bronze,Shopee,Khon Kaen,1426,Shopee,COD,5,12,4,0,20-30,47.53333333333333,8.0,1.0,0.125,268,33,3906.535,0.23,0.625,0.125,0.0,0.0,0,0,0.0,0.0,0,0,0.0,5934.64,3,0,0.0,31252.28,8,1,0.125,0
LGS2ORD0044474,C012263,2025-12-19 05:00:00,Female,33,Gold,Shopee,Chiang Mai,641,Shopee,Credit_Card,5,12,4,0,30-40,21.366666666666667,4.0,0.0,0.0,-1,56,4030.4225,0.28,0.25,0.25,0.0,0.0,0,0,0.0,0.0,0,0,0.0,3452.35,1,0,0.0,16121.69,4,0,0.0,0
LGS2ORD0044475,C011786,2025-12-19 05:00:00,Male,58,Bronze,CallCenter,Bangkok,936,TV_Show,PromptPay,5,12,4,0,>50,31.2,8.0,2.0,0.25,15,22,7473.0875,0.23,0.625,0.125,0.0,0.0,0,0,0.0,7171.74,1,0,0.0,31811.239999999998,3,1,0.3333333333333333,59784.7,8,2,0.25,1
LGS2ORD0044476,C013357,2025-12-19 05:00:00,Female,33,Bronze,Shopee,Chonburi,1700,TV_Show,PromptPay,5,12,4,0,30-40,56.666666666666664,4.0,0.0,0.0,-1,201,1876.5925000000002,0.28,0.25,0.5,0.0,0.0,0,0,0.0,0.0,0,0,0.0,0.0,0,0,0.0,7506.370000000001,4,0,0.0,1
LGS2ORD0044477,C011973,2025-12-19 05:00:00,Female,72,Bronze,Web,Phuket,596,TV_Show,COD,5,12,4,0,>50,19.866666666666667,7.0,4.0,0.5714285714285714,50,28,5752.078571428571,0.28,0.7142857142857143,0.2857142857142857,0.0,0.0,0,0,0.0,10022.42,1,0,0.0,14663.380000000001,2,1,0.5,40264.549999999996,7,4,0.5714285714285714,1
LGS2ORD0044478,C012675,2025-12-19 05:00:00,Male,64,Bronze,TV,Phuket,854,TV_Show,COD,5,12,4,0,>50,28.466666666666665,6.0,1.0,0.16666666666666666,296,81,1993.6266666666663,0.28,0.8333333333333334,0.3333333333333333,0.0,0.0,0,0,0.0,0.0,0,0,0.0,5578.08,2,0,0.0,11961.759999999998,6,1,0.16666666666666666,0
LGS2ORD0044479,C016755,2025-12-19 06:00:00,Female,19,Bronze,TV,Songkhla,1768,Web,PromptPay,6,12,4,0,<20,58.93333333333333,3.0,1.0,0.3333333333333333,325,79,3138.4166666666665,0.08,0.0,0.0,0.0,0.0,0,0,0.0,0.0,0,0,0.0,1255.8,1,0,0.0,9415.25,3,1,0.3333333333333333,1
LGS2ORD0044480,C013273,2025-12-19 06:00:00,Female,27,Gold,Web,Songkhla,541,TV_Show,COD,6,12,4,0,20-30,18.033333333333335,5.0,2.0,0.4,105,0,5663.784,0.33,0.8,0.6,0.0,497.46,1,0,0.0,497.46,1,0,0.0,497.46,1,0,0.0,28318.92,5,2,0.4,0
LGS2ORD0044481,C010814,2025-12-19 06:00:00,Female,44,Bronze,TV,Chiang Mai,1111,Lazada,PromptPay,6,12,4,0,40-50,37.03333333333333,5.0,2.0,0.4,-4,2,2943.532,0.28,0.6,0.2,0.2,2299.93,1,1,1.0,2299.93,1,1,1.0,9706.2,2,1,0.5,14717.66,5,2,0.4,0
LGS2ORD0044482,C014390,2025-12-19 06:00:00,Male,39,Bronze,Lazada,Bangkok,786,Shopee,COD,6,12,4,0,30-40,26.2,4.0,2.0,0.5,256,2,6217.99,0.23,0.5,0.25,0.0,6088.01,1,0,0.0,6088.01,1,0,0.0,6088.01,1,0,0.0,24871.96,4,2,0.5,0
LGS2ORD0044483,C016453,2025-12-19 06:00:00,Male,54,Gold,Lazada,Chonburi,1151,Lazada,COD,6,12,4,0,>50,38.36666666666667,4.0,0.0,0.0,-1,86,4613.92,0.33,0.5,0.5,0.0,0.0,0,0,0.0,0.0,0,0,0.0,233.2,1,0,0.0,18455.68,4,0,0.0,0
LGS2ORD0044484,C010849,2025-12-19 07:00:00,Female,32,Bronze,CallCenter,Chiang Mai,1344,Lazada,COD,7,12,4,0,30-40,44.8,8.0,1.0,0.125,35,21,3375.2675,0.28,0.375,0.375,0.125,0.0,0,0,0.0,5206.77,1,0,0.0,24194.969999999998,6,1,0.16666666666666666,27002.14,8,1,0.125,0
LGS2ORD0044485,C014086,2025-12-19 07:00:00,Male,50,Bronze,Web,Chonburi,1266,Lazada,COD,7,12,4,0,40-50,42.2,12.0,2.0,0.16666666666666666,125,7,4756.063333333333,0.28,0.3333333333333333,0.08333333333333333,0.0,0.0,0,0,0.0,5907.26,3,0,0.0,5907.26,3,0,0.0,57072.759999999995,12,2,0.16666666666666666,0
LGS2ORD0044486,C013816,2025-12-19 07:00:00,Female,44,Bronze,TV,Bangkok,1372,Lazada,Credit_Card,7,12,4,0,40-50,45.733333333333334,8.0,3.0,0.375,63,3,4582.328750000001,0.28,1.0,0.5,0.0,3013.92,1,0,0.0,3013.92,1,0,0.0,10147.65,3,1,0.3333333333333333,36658.630000000005,8,3,0.375,0
LGS2ORD0044487,C015745,2025-12-19 07:00:00,Male,39,Bronze,Web,Phuket,1147,Lazada,COD,7,12,4,0,30-40,38.233333333333334,8.0,0.0,0.0,-1,8,6057.20875,0.23,0.25,0.125,0.0,0.0,0,0,0.0,14000.48,1,0,0.0,14000.48,1,0,0.0,48457.67,8,0,0.0,0
LGS2ORD0044488,C017363,2025-12-19 07:00:00,Female,40,Silver,CallCenter,Khon Kaen,555,TV_Show,Credit_Card,7,12,4,0,30-40,18.5,5.0,1.0,0.2,313,74,8432.554,0.2,0.4,0.0,0.0,0.0,0,0,0.0,0.0,0,0,0.0,6693.2,1,0,0.0,42162.77,5,1,0.2,0
LGS2ORD0044489,C013550,2025-12-19 08:00:00,Female,42,Silver,TV,Bangkok,559,Web,Credit_Card,8,12,4,0,40-50,18.633333333333333,4.0,1.0,0.25,11,19,4959.907499999999,0.3,0.75,0.25,0.0,0.0,0,0,0.0,3031.05,1,1,1.0,4943.57,2,1,0.5,19839.629999999997,4,1,0.25,0
LGS2ORD0044490,C015787,2025-12-19 08:00:00,Female,39,Gold,TV,Phuket,667,TV_Show,COD,8,12,4,0,30-40,22.233333333333334,4.0,1.0,0.25,336,111,8293.1025,0.33,0.5,0.25,0.0,0.0,0,0,0.0,0.0,0,0,0.0,0.0,0,0,0.0,33172.41,4,1,0.25,0
LGS2ORD0044491,C015289,2025-12-19 08:00:00,Male,43,Bronze,Web,Khon Kaen,1277,TV_Show,Bank_Transfer,8,12,4,0,40-50,42.56666666666667,5.0,1.0,0.2,264,148,4113.1,0.23,0.6,0.2,0.0,0.0,0,0,0.0,0.0,0,0,0.0,0.0,0,0,0.0,20565.5,5,1,0.2,0
LGS2ORD0044492,C015118,2025-12-19 08:00:00,Male,42,Gold,TV,Bangkok,658,Web,COD,8,12,4,0,40-50,21.933333333333334,3.0,1.0,0.3333333333333333,320,53,19036.36,0.28,0.6666666666666666,0.6666666666666666,0.0,0.0,0,0,0.0,0.0,0,0,0.0,3200.97,1,0,0.0,57109.08,3,1,0.3333333333333333,0
LGS2ORD0044493,C013080,2025-12-19 08:00:00,Male,69,Bronze,Web,Chonburi,1064,TV_Show,COD,8,12,4,0,>50,35.46666666666667,9.0,2.0,0.2222222222222222,125,2,2780.2977777777774,0.23,0.7777777777777778,0.4444444444444444,0.0,3203.19,1,0,0.0,4705.04,2,0,0.0,6023.41,3,0,0.0,25022.679999999997,9,2,0.2222222222222222,0
LGS2ORD0044494,C010531,2025-12-19 09:00:00,Male,42,Bronze,Shopee,Bangkok,1728,Web,COD,9,12,4,0,40-50,57.6,11.0,1.0,0.09090909090909091,330,39,7263.119999999999,0.28,0.7272727272727273,0.18181818181818182,0.0,0.0,0,0,0.0,0.0,0,0,0.0,8421.0,2,0,0.0,79894.31999999999,11,1,0.09090909090909091,0
LGS2ORD0044495,C013326,2025-12-19 09:00:00,Female,42,Silver,Web,Chiang Mai,1374,Web,Credit_Card,9,12,4,0,40-50,45.8,1.0,0.0,0.0,-1,51,4086.93,0.2,0.0,0.0,0.0,0.0,0,0,0.0,0.0,0,0,0.0,4086.93,1,0,0.0,4086.93,1,0,0.0,0
LGS2ORD0044496,C011833,2025-12-19 09:00:00,Female,37,Bronze,Lazada,Remote_Area,1210,Lazada,PromptPay,9,12,4,0,30-40,40.333333333333336,9.0,1.0,0.1111111111111111,321,31,3910.4188888888884,0.23,0.5555555555555556,0.1111111111111111,0.0,0.0,0,0,0.0,0.0,0,0,0.0,25619.679999999997,5,0,0.0,35193.77,9,1,0.1111111111111111,1
LGS2ORD0044497,C011457,2025-12-19 09:00:00,Female,47,Silver,TV,Khon Kaen,464,Web,COD,9,12,4,0,40-50,15.466666666666667,8.0,0.0,0.0,-1,11,5749.535,0.25,0.75,0.125,0.0,0.0,0,0,0.0,2349.05,1,0,0.0,4369.9,2,0,0.0,45996.28,8,0,0.0,0
LGS2ORD0044498,C013927,2025-12-19 09:00:00,Female,71,Gold,TV,Khon Kaen,1687,TV_Show,COD,9,12,4,0,>50,56.233333333333334,1.0,0.0,0.0,-1,79,3409.21,0.2299999999999999,1.0,1.0,0.0,0.0,0,0,0.0,0.0,0,0,0.0,3409.21,1,0,0.0,3409.21,1,0,0.0,0
LGS2ORD0044499,C014379,2025-12-19 09:00:00,Female,49,Platinum,TV,Bangkok,507,TV_Show,Credit_Card,9,12,4,0,40-50,16.9,7.0,0.0,0.0,-1,55,4315.837142857144,0.3,0.8571428571428571,0.42857142857142855,0.0,0.0,0,0,0.0,0.0,0,0,0.0,2493.66,1,0,0.0,30210.860000000004,7,0,0.0,0
LGS2ORD0044500,C013220,2025-12-19 10:00:00,Female,30,Silver,CallCenter,Bangkok,1649,TV_Show,COD,10,12,4,0,20-30,54.96666666666667,5.0,1.0,0.2,147,123,2243.424,0.2,0.2,0.0,0.0,0.0,0,0,0.0,0.0,0,0,0.0,0.0,0,0,0.0,11217.119999999999,5,1,0.2,0
LGS2ORD0044501,C012982,2025-12-19 10:00:00,Female,51,Silver,TV,Songkhla,1418,Web,Credit_Card,10,12,4,0,>50,47.266666666666666,9.0,3.0,0.3333333333333333,-2,8,6210.336666666666,0.3,0.5555555555555556,0.3333333333333333,0.0,0.0,0,0,0.0,21324.5,1,1,1.0,38116.57,3,2,0.6666666666666666,55893.03,9,3,0.3333333333333333,0
LGS2ORD0044502,C011256,2025-12-19 10:00:00,Male,54,Bronze,TV,Chiang Mai,1266,TV_Show,COD,10,12,4,0,>50,42.2,4.0,2.0,0.5,308,243,9212.885,0.28,0.5,0.5,0.0,0.0,0,0,0.0,0.0,0,0,0.0,0.0,0,0,0.0,36851.54,4,2,0.5,1
LGS2ORD0044503,C015370,2025-12-19 10:00:00,Female,31,Gold,CallCenter,Khon Kaen,643,TV_Show,COD,10,12,4,0,30-40,21.433333333333334,3.0,0.0,0.0,-1,52,3027.59,0.13,0.6666666666666666,0.0,0.0,0.0,0,0,0.0,0.0,0,0,0.0,3081.41,1,0,0.0,9082.77,3,0,0.0,0
LGS2ORD0044504,C010361,2025-12-19 10:00:00,Female,29,Silver,Lazada,Bangkok,899,Shopee,PromptPay,10,12,4,0,20-30,29.966666666666665,2.0,1.0,0.5,208,199,9845.195,0.2,1.0,0.0,0.0,0.0,0,0,0.0,0.0,0,0,0.0,0.0,0,0,0.0,19690.39,2,1,0.5,0
LGS2ORD0044505,C013645,2025-12-19 11:00:00,Male,64,Silver,TV,Khon Kaen,1528,TV_Show,COD,11,12,4,0,>50,50.93333333333333,13.0,4.0,0.3076923076923077,14,12,6387.861538461539,0.25,0.46153846153846156,0.07692307692307693,0.0,0.0,0,0,0.0,10686.72,2,1,0.5,14719.5,3,1,0.3333333333333333,83042.2,13,4,0.3076923076923077,0
LGS2ORD0044506,C010800,2025-12-19 11:00:00,Female,46,Bronze,Web,Nakhon Ratchasima,733,Web,Bank_Transfer,11,12,4,0,40-50,24.433333333333334,6.0,0.0,0.0,-1,45,5844.94,0.18,0.5,0.0,0.0,0.0,0,0,0.0,0.0,0,0,0.0,7166.22,1,0,0.0,35069.64,6,0,0.0,0
LGS2ORD0044507,C016858,2025-12-19 11:00:00,Male,40,Bronze,TV,Songkhla,738,TV_Show,COD,11,12,4,0,30-40,24.6,10.0,3.0,0.3,70,20,4041.4990000000007,0.28,0.7,0.5,0.0,0.0,0,0,0.0,6818.45,2,0,0.0,11678.789999999999,3,1,0.3333333333333333,40414.990000000005,10,3,0.3,0
LGS2ORD0044508,C015239,2025-12-19 11:00:00,Female,51,Silver,TV,Khon Kaen,1233,TV_Show,Bank_Transfer,11,12,4,0,>50,41.1,5.0,0.0,0.0,-1,126,6818.323999999999,0.2,0.2,0.0,0.0,0.0,0,0,0.0,0.0,0,0,0.0,0.0,0,0,0.0,34091.619999999995,5,0,0.0,1
LGS2ORD0044509,C015981,2025-12-19 11:00:00,Female,37,Silver,Lazada,Bangkok,1538,CallCenter,PromptPay,11,12,4,0,30-40,51.266666666666666,3.0,0.0,0.0,-1,71,8531.14,0.15,0.6666666666666666,0.0,0.0,0.0,0,0,0.0,0.0,0,0,0.0,14705.57,1,0,0.0,25593.42,3,0,0.0,0
LGS2ORD0044510,C010604,2025-12-19 12:00:00,Female,50,Silver,Shopee,Chonburi,787,Lazada,COD,12,12,4,0,40-50,26.233333333333334,11.0,2.0,0.18181818181818182,60,27,9294.211818181819,0.3,0.6363636363636364,0.45454545454545453,0.09090909090909091,0.0,0,0,0.0,12721.27,1,0,0.0,32450.79,3,1,0.3333333333333333,102236.33,11,2,0.18181818181818182,0
LGS2ORD0044511,C010984,2025-12-19 12:00:00,Female,60,Bronze,Shopee,Bangkok,499,Shopee,COD,12,12,4,0,>50,16.633333333333333,8.0,0.0,0.0,-1,3,6487.6425,0.28,0.375,0.25,0.0,955.77,1,0,0.0,955.77,1,0,0.0,2841.13,2,0,0.0,51901.14,8,0,0.0,0
LGS2ORD0044512,C017795,2025-12-19 12:00:00,Male,50,Bronze,Shopee,Bangkok,1100,Web,Bank_Transfer,12,12,4,0,40-50,36.666666666666664,2.0,2.0,1.0,78,85,3477.145,0.23,0.5,0.5,0.0,0.0,0,0,0.0,0.0,0,0,0.0,2944.06,1,1,1.0,6954.29,2,2,1.0,0
LGS2ORD0044513,C013533,2025-12-19 12:00:00,Male,39,Silver,Shopee,Chonburi,1620,CallCenter,Bank_Transfer,12,12,4,0,30-40,54.0,2.0,0.0,0.0,-1,26,7987.9800000000005,0.2,0.0,0.0,0.0,0.0,0,0,0.0,2756.27,1,0,0.0,15975.960000000001,2,0,0.0,15975.960000000001,2,0,0.0,0
LGS2ORD0044514,C017119,2025-12-19 12:00:00,Female,46,Silver,Shopee,Chonburi,992,CallCenter,COD,12,12,4,0,40-50,33.06666666666667,8.0,2.0,0.25,62,71,11563.221249999999,0.25,0.625,0.125,0.0,0.0,0,0,0.0,0.0,0,0,0.0,30764.33,3,1,0.3333333333333333,92505.76999999999,8,2,0.25,0
LGS2ORD0044515,C013562,2025-12-19 13:00:00,Male,56,Bronze,Lazada,Remote_Area,1076,Web,Credit_Card,13,12,4,0,>50,35.86666666666667,8.0,1.0,0.125,315,12,11998.778750000001,0.23,0.5,0.125,0.0,0.0,0,0,0.0,33678.22,1,0,0.0,55125.020000000004,3,0,0.0,95990.23000000001,8,1,0.125,0
LGS2ORD0044516,C014773,2025-12-19 13:00:00,Female,49,Bronze,Shopee,Bangkok,1634,Web,COD,13,12,4,0,40-50,54.46666666666667,4.0,0.0,0.0,-1,2,5780.58,0.08,0.25,0.0,0.0,4835.81,1,0,0.0,4835.81,1,0,0.0,21039.35,3,0,0.0,23122.32,4,0,0.0,0
LGS2ORD0044517,C015859,2025-12-19 13:00:00,Male,51,Bronze,Web,Bangkok,1644,Shopee,PromptPay,13,12,4,0,>50,54.8,5.0,0.0,0.0,-1,128,11213.55,0.28,0.6,0.4,0.0,0.0,0,0,0.0,0.0,0,0,0.0,0.0,0,0,0.0,56067.75,5,0,0.0,1
LGS2ORD0044518,C017922,2025-12-19 13:00:00,Male,42,Bronze,CallCenter,Khon Kaen,1204,TV_Show,PromptPay,13,12,4,0,40-50,40.13333333333333,16.0,4.0,0.25,51,6,2974.271875,0.23,0.5625,0.125,0.0,1011.82,1,0,0.0,1011.82,1,0,0.0,11830.07,5,1,0.2,47588.35,16,4,0.25,0
LGS2ORD0044519,C014532,2025-12-19 13:00:00,Male,31,Silver,TV,Phuket,1710,TV_Show,COD,13,12,4,0,30-40,57.0,8.0,3.0,0.375,-8,2,3688.6575000000003,0.3,0.625,0.125,0.0,2797.42,1,1,1.0,2797.42,1,1,1.0,4195.52,2,1,0.5,29509.260000000002,8,3,0.375,1
LGS2ORD0044520,C015594,2025-12-19 13:00:00,Male,33,Bronze,Shopee,Chonburi,1312,Shopee,COD,13,12,4,0,30-40,43.733333333333334,3.0,0.0,0.0,-1,3,3786.4466666666667,0.18,1.0,0.0,0.0,4114.19,1,0,0.0,4114.19,1,0,0.0,4114.19,1,0,0.0,11359.34,3,0,0.0,0
LGS2ORD0044521,C017693,2025-12-19 14:00:00,Female,44,Bronze,CallCenter,Phuket,645,Lazada,COD,14,12,4,0,40-50,21.5,5.0,1.0,0.2,265,11,3401.274,0.23,0.6,0.2,0.0,0.0,0,0,0.0,7296.12,1,0,0.0,7296.12,1,0,0.0,17006.37,5,1,0.2,0
LGS2ORD0044522,C012751,2025-12-19 14:00:00,Other,34,Silver,Web,Chiang Mai,567,CallCenter,Credit_Card,14,12,4,0,30-40,18.9,6.0,1.0,0.16666666666666666,-3,5,2772.853333333333,0.25,0.6666666666666666,0.16666666666666666,0.0,1893.38,1,0,0.0,5498.09,3,1,0.3333333333333333,5498.09,3,1,0.3333333333333333,16637.12,6,1,0.16666666666666666,0
LGS2ORD0044523,C015340,2025-12-19 14:00:00,Female,42,Silver,TV,Chiang Mai,1443,Shopee,Bank_Transfer,14,12,4,0,40-50,48.1,10.0,0.0,0.0,-1,29,5564.119,0.3,0.5,0.3,0.0,0.0,0,0,0.0,2088.78,1,0,0.0,5563.84,3,0,0.0,55641.189999999995,10,0,0.0,0
LGS2ORD0044524,C013327,2025-12-19 14:00:00,Male,28,Bronze,Shopee,Nakhon Ratchasima,1426,Lazada,Credit_Card,14,12,4,0,20-30,47.53333333333333,3.0,0.0,0.0,-1,63,1650.9800000000002,0.23,0.3333333333333333,0.3333333333333333,0.0,0.0,0,0,0.0,0.0,0,0,0.0,1606.16,1,0,0.0,4952.9400000000005,3,0,0.0,0
LGS2ORD0044525,C015322,2025-12-19 14:00:00,Male,32,Bronze,Web,Khon Kaen,767,Shopee,Credit_Card,14,12,4,0,30-40,25.566666666666666,2.0,0.0,0.0,-1,110,7164.515,0.18,0.0,0.0,0.0,0.0,0,0,0.0,0.0,0,0,0.0,0.0,0,0,0.0,14329.03,2,0,0.0,0
LGS2ORD0044526,C014704,2025-12-19 15:00:00,Other,52,Bronze,Lazada,Bangkok,1809,Web,Credit_Card,15,12,4,0,>50,60.3,3.0,1.0,0.3333333333333333,270,115,7485.41,0.13,0.0,0.0,0.0,0.0,0,0,0.0,0.0,0,0,0.0,0.0,0,0,0.0,22456.23,3,1,0.3333333333333333,0
LGS2ORD0044527,C015021,2025-12-19 15:00:00,Female,58,Bronze,CallCenter,Chonburi,1386,TV_Show,PromptPay,15,12,4,0,>50,46.2,7.0,3.0,0.42857142857142855,6,9,3530.5400000000004,0.28,0.7142857142857143,0.42857142857142855,0.0,0.0,0,0,0.0,1210.68,1,1,1.0,2795.88,2,1,0.5,24713.780000000002,7,3,0.42857142857142855,0
LGS2ORD0044528,C013771,2025-12-19 15:00:00,Male,39,Platinum,Web,Bangkok,890,Shopee,COD,15,12,4,0,30-40,29.666666666666668,7.0,3.0,0.42857142857142855,102,115,7902.808571428572,0.35,0.2857142857142857,0.7142857142857143,0.0,0.0,0,0,0.0,0.0,0,0,0.0,0.0,0,0,0.0,55319.66,7,3,0.42857142857142855,0
LGS2ORD0044529,C017486,2025-12-19 15:00:00,Other,54,Bronze,TV,Remote_Area,1442,CallCenter,COD,15,12,4,0,>50,48.06666666666667,4.0,1.0,0.25,308,17,2124.0075,0.28,0.25,0.25,0.0,0.0,0,0,0.0,3318.1,1,0,0.0,4131.98,2,0,0.0,8496.03,4,1,0.25,1
LGS2ORD0044530,C011685,2025-12-19 15:00:00,Female,53,Gold,TV,Bangkok,1538,CallCenter,COD,15,12,4,0,>50,51.266666666666666,8.0,3.0,0.375,150,11,6049.275,0.33,0.625,0.5,0.0,0.0,0,0,0.0,4330.42,1,0,0.0,4928.76,2,0,0.0,48394.2,8,3,0.375,0
LGS2ORD0044531,C013901,2025-12-19 16:00:00,Female,21,Bronze,TV,Khon Kaen,1688,TV_Show,PromptPay,16,12,4,0,20-30,56.266666666666666,7.0,0.0,0.0,-1,17,4331.4971428571425,0.28,0.5714285714285714,0.2857142857142857,0.0,0.0,0,0,0.0,10493.23,1,0,0.0,15680.529999999999,2,0,0.0,30320.48,7,0,0.0,0
LGS2ORD0044532,C013930,2025-12-19 16:00:00,Male,34,Bronze,Shopee,Songkhla,1358,TV_Show,COD,16,12,4,0,30-40,45.266666666666666,6.0,3.0,0.5,146,106,3976.7000000000003,0.23,0.6666666666666666,0.3333333333333333,0.0,0.0,0,0,0.0,0.0,0,0,0.0,0.0,0,0,0.0,23860.2,6,3,0.5,1
LGS2ORD0044533,C015177,2025-12-19 16:00:00,Male,37,Silver,Web,Remote_Area,1279,Shopee,PromptPay,16,12,4,0,30-40,42.63333333333333,3.0,2.0,0.6666666666666666,89,95,12004.053333333335,0.25,0.6666666666666666,0.3333333333333333,0.0,0.0,0,0,0.0,0.0,0,0,0.0,0.0,0,0,0.0,36012.16,3,2,0.6666666666666666,0
LGS2ORD0044534,C015614,2025-12-19 16:00:00,Male,56,Bronze,TV,Khon Kaen,1313,Shopee,COD,16,12,4,0,>50,43.766666666666666,10.0,3.0,0.3,193,43,4849.543000000001,0.23,0.5,0.4,0.0,0.0,0,0,0.0,0.0,0,0,0.0,4361.52,1,0,0.0,48495.43000000001,10,3,0.3,0
LGS2ORD0044535,C017321,2025-12-19 16:00:00,Male,62,Silver,Lazada,Khon Kaen,1174,Web,Credit_Card,16,12,4,0,>50,39.13333333333333,2.0,0.0,0.0,-1,71,4177.43,0.25,0.5,0.5,0.0,0.0,0,0,0.0,0.0,0,0,0.0,3765.87,1,0,0.0,8354.86,2,0,0.0,0
LGS2ORD0044536,C010033,2025-12-19 16:00:00,Female,50,Silver,Shopee,Khon Kaen,1553,TV_Show,COD,16,12,4,0,40-50,51.766666666666666,9.0,2.0,0.2222222222222222,14,8,4341.7266666666665,0.25,0.4444444444444444,0.1111111111111111,0.0,0.0,0,0,0.0,12960.04,2,1,0.5,17686.48,4,1,0.25,39075.54,9,2,0.2222222222222222,0
LGS2ORD0044537,C011840,2025-12-19 17:00:00,Female,48,Platinum,Lazada,Bangkok,1324,CallCenter,Bank_Transfer,17,12,4,0,40-50,44.13333333333333,2.0,0.0,0.0,-1,115,5796.105,0.2,0.0,0.0,0.0,0.0,0,0,0.0,0.0,0,0,0.0,0.0,0,0,0.0,11592.21,2,0,0.0,0
LGS2ORD0044538,C011670,2025-12-19 17:00:00,Male,51,Bronze,Shopee,Chonburi,1257,Web,PromptPay,17,12,4,0,>50,41.9,3.0,1.0,0.3333333333333333,305,282,4795.653333333334,0.23,0.0,0.3333333333333333,0.0,0.0,0,0,0.0,0.0,0,0,0.0,0.0,0,0,0.0,14386.960000000001,3,1,0.3333333333333333,0
LGS2ORD0044539,C015194,2025-12-19 17:00:00,Female,34,Bronze,Web,Nakhon Ratchasima,411,Lazada,COD,17,12,4,0,30-40,13.7,9.0,1.0,0.1111111111111111,62,66,6654.337777777778,0.23,0.4444444444444444,0.1111111111111111,0.0,0.0,0,0,0.0,0.0,0,0,0.0,3059.5299999999997,2,1,0.5,59889.04,9,1,0.1111111111111111,0
LGS2ORD0044540,C014470,2025-12-19 17:00:00,Male,35,Gold,Shopee,Khon Kaen,1413,Shopee,PromptPay,17,12,4,0,30-40,47.1,1.0,1.0,1.0,298,307,780.07,0.13,0.0,0.0,0.0,0.0,0,0,0.0,0.0,0,0,0.0,0.0,0,0,0.0,780.07,1,1,1.0,0
LGS2ORD0044541,C017205,2025-12-19 17:00:00,Female,41,Bronze,Web,Chonburi,735,TV_Show,COD,17,12,4,0,40-50,24.5,2.0,1.0,0.5,200,3,1260.3,0.28,0.5,0.5,0.0,1172.58,1,0,0.0,1172.58,1,0,0.0,1172.58,1,0,0.0,2520.6,2,1,0.5,1
LGS2ORD0044542,C014333,2025-12-19 18:00:00,Female,38,Bronze,Shopee,Remote_Area,440,TV_Show,PromptPay,18,12,4,0,30-40,14.666666666666666,6.0,0.0,0.0,-1,88,5042.503333333333,0.28,0.5,0.3333333333333333,0.0,0.0,0,0,0.0,0.0,0,0,0.0,3233.5,1,0,0.0,30255.019999999997,6,0,0.0,0
LGS2ORD0044543,C012666,2025-12-19 18:00:00,Female,44,Bronze,TV,Chonburi,1519,TV_Show,PromptPay,18,12,4,0,40-50,50.63333333333333,5.0,0.0,0.0,-1,15,7195.562,0.13,0.4,0.0,0.0,0.0,0,0,0.0,11127.34,1,0,0.0,15720.0,3,0,0.0,35977.81,5,0,0.0,0
LGS2ORD0044544,C012092,2025-12-19 18:00:00,Female,33,Silver,Lazada,Bangkok,475,Lazada,COD,18,12,4,0,30-40,15.833333333333334,6.0,1.0,0.16666666666666666,178,116,7500.406666666666,0.3,0.3333333333333333,0.3333333333333333,0.0,0.0,0,0,0.0,0.0,0,0,0.0,0.0,0,0,0.0,45002.439999999995,6,1,0.16666666666666666,0
LGS2ORD0044545,C015036,2025-12-19 18:00:00,Female,45,Bronze,Web,Chonburi,1657,Web,COD,18,12,4,0,40-50,55.233333333333334,9.0,2.0,0.2222222222222222,195,58,5502.276666666668,0.28,0.4444444444444444,0.1111111111111111,0.0,0.0,0,0,0.0,0.0,0,0,0.0,17603.800000000003,2,0,0.0,49520.490000000005,9,2,0.2222222222222222,0
LGS2ORD0044546,C010778,2025-12-19 18:00:00,Female,31,Bronze,TV,Bangkok,1791,TV_Show,COD,18,12,4,0,30-40,59.7,6.0,2.0,0.3333333333333333,273,30,7931.316666666668,0.23,0.6666666666666666,0.16666666666666666,0.0,0.0,0,0,0.0,0.0,0,0,0.0,1534.83,1,0,0.0,47587.90000000001,6,2,0.3333333333333333,0
LGS2ORD0044547,C014828,2025-12-19 19:00:00,Male,47,Bronze,TV,Remote_Area,625,Shopee,Credit_Card,19,12,4,0,40-50,20.833333333333332,2.0,1.0,0.5,163,133,420.735,0.18,0.0,0.0,0.0,0.0,0,0,0.0,0.0,0,0,0.0,0.0,0,0,0.0,841.47,2,1,0.5,1
LGS2ORD0044548,C011959,2025-12-19 19:00:00,Male,18,Platinum,Web,Phuket,918,TV_Show,COD,19,12,4,0,<20,30.6,6.0,3.0,0.5,154,163,10834.968333333334,0.3,0.5,0.3333333333333333,0.0,0.0,0,0,0.0,0.0,0,0,0.0,0.0,0,0,0.0,65009.810000000005,6,3,0.5,0
LGS2ORD0044549,C017661,2025-12-19 19:00:00,Male,44,Bronze,TV,Khon Kaen,1377,Web,PromptPay,19,12,4,0,40-50,45.9,8.0,1.0,0.125,119,95,3450.5475,0.28,0.5,0.25,0.0,0.0,0,0,0.0,0.0,0,0,0.0,0.0,0,0,0.0,27604.38,8,1,0.125,0
LGS2ORD0044550,C015557,2025-12-19 19:00:00,Female,44,Bronze,TV,Nakhon Ratchasima,437,CallCenter,PromptPay,19,12,4,0,40-50,14.566666666666666,10.0,1.0,0.1,172,7,3694.6040000000003,0.28,0.5,0.4,0.0,0.0,0,0,0.0,9941.92,2,0,0.0,27889.590000000004,7,0,0.0,36946.04,10,1,0.1,0
LGS2ORD0044551,C017912,2025-12-19 19:00:00,Male,53,Gold,CallCenter,Bangkok,565,CallCenter,COD,19,12,4,0,>50,18.833333333333332,5.0,1.0,0.2,239,93,7119.772,0.28,0.4,0.6,0.0,0.0,0,0,0.0,0.0,0,0,0.0,0.0,0,0,0.0,35598.86,5,1,0.2,0
LGS2ORD0044552,C010400,2025-12-19 20:00:00,Male,34,Silver,TV,Bangkok,437,Web,Credit_Card,20,12,4,0,30-40,14.566666666666666,3.0,2.0,0.6666666666666666,40,44,5468.823333333334,0.05,0.6666666666666666,0.0,0.0,0.0,0,0,0.0,0.0,0,0,0.0,16406.47,3,2,0.6666666666666666,16406.47,3,2,0.6666666666666666,0
LGS2ORD0044553,C014436,2025-12-19 20:00:00,Female,41,Silver,Web,Khon Kaen,1338,Shopee,COD,20,12,4,0,40-50,44.6,10.0,2.0,0.2,32,44,4764.538000000001,0.3,0.7,0.4,0.0,0.0,0,0,0.0,0.0,0,0,0.0,7494.59,3,1,0.3333333333333333,47645.38000000001,10,2,0.2,0
LGS2ORD0044554,C013459,2025-12-19 20:00:00,Female,56,Bronze,TV,Remote_Area,1061,Lazada,Credit_Card,20,12,4,0,>50,35.36666666666667,3.0,1.0,0.3333333333333333,236,48,2142.1766666666667,0.28,0.3333333333333333,0.3333333333333333,0.0,0.0,0,0,0.0,0.0,0,0,0.0,4395.84,2,0,0.0,6426.530000000001,3,1,0.3333333333333333,0
LGS2ORD0044555,C014853,2025-12-19 20:00:00,Male,60,Platinum,Shopee,Chiang Mai,1126,Lazada,COD,20,12,4,0,>50,37.53333333333333,8.0,1.0,0.125,40,53,4542.63,0.35,0.5,0.625,0.0,0.0,0,0,0.0,0.0,0,0,0.0,3971.8,1,1,1.0,36341.04,8,1,0.125,0
LGS2ORD0044556,C017537,2025-12-19 20:00:00,Male,21,Bronze,TV,Khon Kaen,1598,Shopee,Credit_Card,20,12,4,0,20-30,53.266666666666666,7.0,3.0,0.42857142857142855,115,130,6499.092857142858,0.23,0.7142857142857143,0.42857142857142855,0.0,0.0,0,0,0.0,0.0,0,0,0.0,0.0,0,0,0.0,45493.65,7,3,0.42857142857142855,0
LGS2ORD0044557,C011300,2025-12-19 20:00:00,Female,29,Bronze,TV,Nakhon Ratchasima,1185,Lazada,PromptPay,20,12,4,0,20-30,39.5,10.0,3.0,0.3,0,10,4516.003,0.28,0.5,0.2,0.0,0.0,0,0,0.0,7819.82,2,2,1.0,36190.399999999994,5,3,0.6,45160.03,10,3,0.3,0
LGS2ORD0044558,C010818,2025-12-19 21:00:00,Male,36,Bronze,Web,Nakhon Ratchasima,538,Shopee,Credit_Card,21,12,4,0,30-40,17.933333333333334,7.0,2.0,0.2857142857142857,112,19,2562.6899999999996,0.28,0.5714285714285714,0.5714285714285714,0.0,0.0,0,0,0.0,1708.12,1,0,0.0,1708.12,1,0,0.0,17938.829999999998,7,2,0.2857142857142857,0
LGS2ORD0044559,C016014,2025-12-19 21:00:00,Male,36,Silver,Lazada,Khon Kaen,949,Web,Credit_Card,21,12,4,0,30-40,31.633333333333333,5.0,3.0,0.6,74,92,2682.5860000000002,0.2,0.6,0.0,0.0,0.0,0,0,0.0,0.0,0,0,0.0,0.0,0,0,0.0,13412.93,5,3,0.6,0
LGS2ORD0044560,C010530,2025-12-19 21:00:00,Female,50,Silver,TV,Chonburi,1548,Lazada,COD,21,12,4,0,40-50,51.6,5.0,0.0,0.0,-1,53,3510.0440000000003,0.3,0.6,0.4,0.0,0.0,0,0,0.0,0.0,0,0,0.0,6724.73,3,0,0.0,17550.22,5,0,0.0,1
LGS2ORD0044561,C017978,2025-12-19 21:00:00,Female,48,Bronze,Shopee,Bangkok,720,Lazada,PromptPay,21,12,4,0,40-50,24.0,5.0,1.0,0.2,38,5,8424.867999999999,0.18,0.6,0.0,0.0,22255.84,1,0,0.0,23910.37,2,0,0.0,40931.380000000005,4,1,0.25,42124.34,5,1,0.2,0
LGS2ORD0044562,C017660,2025-12-19 21:00:00,Male,42,Gold,Lazada,Nakhon Ratchasima,453,Web,Credit_Card,21,12,4,0,40-50,15.1,7.0,2.0,0.2857142857142857,-7,2,5170.488571428572,0.28,0.2857142857142857,0.2857142857142857,0.0,6878.71,1,1,1.0,16501.0,3,1,0.3333333333333333,17817.99,4,2,0.5,36193.420000000006,7,2,0.2857142857142857,0
LGS2ORD0044563,C012019,2025-12-19 22:00:00,Male,36,Bronze,TV,Khon Kaen,1713,Web,COD,22,12,4,0,30-40,57.1,5.0,1.0,0.2,160,49,6192.186,0.28,0.8,0.2,0.0,0.0,0,0,0.0,0.0,0,0,0.0,1736.33,1,0,0.0,30960.93,5,1,0.2,0
LGS2ORD0044564,C017458,2025-12-19 22:00:00,Female,53,Bronze,Web,Nakhon Ratchasima,1200,Shopee,Bank_Transfer,22,12,4,0,>50,40.0,5.0,1.0,0.2,231,175,2818.8839999999996,0.28,0.0,0.8,0.0,0.0,0,0,0.0,0.0,0,0,0.0,0.0,0,0,0.0,14094.419999999998,5,1,0.2,0
LGS2ORD0044565,C010920,2025-12-19 22:00:00,Male,21,Gold,CallCenter,Bangkok,1465,Shopee,Credit_Card,22,12,4,0,20-30,48.833333333333336,6.0,2.0,0.3333333333333333,237,166,1612.9633333333334,0.28,0.16666666666666666,0.6666666666666666,0.0,0.0,0,0,0.0,0.0,0,0,0.0,0.0,0,0,0.0,9677.78,6,2,0.3333333333333333,0
LGS2ORD0044566,C013517,2025-12-19 22:00:00,Female,36,Silver,TV,Bangkok,707,Web,Bank_Transfer,22,12,4,0,30-40,23.566666666666666,8.0,0.0,0.0,-1,21,4671.62625,0.3,0.375,0.5,0.0,0.0,0,0,0.0,3858.78,1,0,0.0,17742.87,4,0,0.0,37373.01,8,0,0.0,0
LGS2ORD0044567,C017497,2025-12-19 22:00:00,Female,43,Bronze,Lazada,Khon Kaen,1209,Web,COD,22,12,4,0,40-50,40.3,7.0,2.0,0.2857142857142857,66,78,3141.305714285714,0.23,0.7142857142857143,0.42857142857142855,0.0,0.0,0,0,0.0,0.0,0,0,0.0,9323.45,2,1,0.5,21989.14,7,2,0.2857142857142857,0
LGS2ORD0044568,C016367,2025-12-19 23:00:00,Male,41,Gold,CallCenter,Nakhon Ratchasima,611,TV_Show,COD,23,12,4,0,40-50,20.366666666666667,4.0,1.0,0.25,57,68,5169.805,0.2299999999999999,0.25,0.5,0.0,0.0,0,0,0.0,0.0,0,0,0.0,669.84,1,1,1.0,20679.22,4,1,0.25,1
LGS2ORD0044569,C011325,2025-12-19 23:00:00,Female,22,Silver,Web,Bangkok,931,Web,PromptPay,23,12,4,0,20-30,31.033333333333335,4.0,0.0,0.0,-1,140,4920.0125,0.25,0.25,0.25,0.0,0.0,0,0,0.0,0.0,0,0,0.0,0.0,0,0,0.0,19680.05,4,0,0.0,1
LGS2ORD0044570,C014969,2025-12-19 23:00:00,Female,30,Platinum,Shopee,Bangkok,411,Lazada,PromptPay,23,12,4,0,20-30,13.7,4.0,0.0,0.0,-1,145,5973.5599999999995,0.35,0.0,0.5,0.0,0.0,0,0,0.0,0.0,0,0,0.0,0.0,0,0,0.0,23894.239999999998,4,0,0.0,0
LGS2ORD0044571,C011217,2025-12-19 23:00:00,Male,39,Bronze,CallCenter,Songkhla,1178,Lazada,PromptPay,23,12,4,0,30-40,39.266666666666666,3.0,2.0,0.6666666666666666,136,142,4806.783333333333,0.23,1.0,0.3333333333333333,0.0,0.0,0,0,0.0,0.0,0,0,0.0,0.0,0,0,0.0,14420.349999999999,3,2,0.6666666666666666,0
LGS2ORD0044572,C014051,2025-12-19 23:00:00,Female,19,Gold,Shopee,Chonburi,1142,Lazada,COD,23,12,4,0,<20,38.06666666666667,4.0,0.0,0.0,-1,102,3113.44,0.33,0.75,0.5,0.0,0.0,0,0,0.0,0.0,0,0,0.0,0.0,0,0,0.0,12453.76,4,0,0.0,0
LGS2ORD0044573,C016053,2025-12-20 00:00:00,Male,29,Gold,Shopee,Chonburi,837,Web,COD,0,12,5,1,20-30,27.9,10.0,2.0,0.2,283,6,3595.2729999999997,0.28,0.6,0.3,0.0,3756.79,1,0,0.0,9018.18,2,0,0.0,9018.18,2,0,0.0,35952.729999999996,10,2,0.2,0
LGS2ORD0044574,C010594,2025-12-20 00:00:00,Male,24,Silver,Lazada,Chonburi,1596,TV_Show,COD,0,12,5,1,20-30,53.2,6.0,2.0,0.3333333333333333,145,83,3846.9600000000005,0.3,0.6666666666666666,0.16666666666666666,0.0,0.0,0,0,0.0,0.0,0,0,0.0,4402.23,1,0,0.0,23081.760000000002,6,2,0.3333333333333333,0
LGS2ORD0044575,C011494,2025-12-20 00:00:00,Female,23,Platinum,Lazada,Bangkok,472,Shopee,Bank_Transfer,0,12,5,1,20-30,15.733333333333333,10.0,3.0,0.3,220,5,6049.765,0.3,0.4,0.2,0.0,2391.75,1,0,0.0,3864.3900000000003,2,0,0.0,6679.39,3,0,0.0,60497.65,10,3,0.3,0
LGS2ORD0044576,C010477,2025-12-20 00:00:00,Female,52,Gold,Shopee,Khon Kaen,442,TV_Show,Bank_Transfer,0,12,5,1,>50,14.733333333333333,4.0,2.0,0.5,180,120,5639.06,0.33,0.75,0.5,0.0,0.0,0,0,0.0,0.0,0,0,0.0,0.0,0,0,0.0,22556.24,4,2,0.5,0
LGS2ORD0044577,C015068,2025-12-20 00:00:00,Male,48,Bronze,TV,Chiang Mai,1341,Web,Credit_Card,0,12,5,1,40-50,44.7,6.0,1.0,0.16666666666666666,343,34,3511.515,0.23,0.8333333333333334,0.16666666666666666,0.0,0.0,0,0,0.0,0.0,0,0,0.0,646.64,1,0,0.0,21069.09,6,1,0.16666666666666666,0
LGS2ORD0044578,C017109,2025-12-20 00:00:00,Female,60,Bronze,TV,Khon Kaen,1789,Lazada,COD,0,12,5,1,>50,59.63333333333333,6.0,2.0,0.3333333333333333,69,57,2563.2283333333335,0.23,0.6666666666666666,0.3333333333333333,0.0,0.0,0,0,0.0,0.0,0,0,0.0,4921.6,2,1,0.5,15379.37,6,2,0.3333333333333333,0
LGS2ORD0044579,C010711,2025-12-20 01:00:00,Female,53,Silver,Web,Nakhon Ratchasima,1362,Lazada,COD,1,12,5,1,>50,45.4,2.0,1.0,0.5,194,201,10418.08,0.15,0.5,0.0,0.0,0.0,0,0,0.0,0.0,0,0,0.0,0.0,0,0,0.0,20836.16,2,1,0.5,0
LGS2ORD0044580,C011586,2025-12-20 01:00:00,Female,51,Gold,Shopee,Remote_Area,608,Shopee,COD,1,12,5,1,>50,20.266666666666666,8.0,1.0,0.125,312,128,2671.925,0.33,0.125,0.5,0.0,0.0,0,0,0.0,0.0,0,0,0.0,0.0,0,0,0.0,21375.4,8,1,0.125,0
LGS2ORD0044581,C011865,2025-12-20 01:00:00,Female,43,Silver,Web,Chonburi,777,CallCenter,COD,1,12,5,1,40-50,25.9,5.0,0.0,0.0,-1,16,3264.0019999999995,0.3,0.2,0.4,0.0,0.0,0,0,0.0,1279.71,1,0,0.0,15538.77,4,0,0.0,16320.009999999998,5,0,0.0,0
LGS2ORD0044582,C011879,2025-12-20 01:00:00,Male,52,Gold,Shopee,Bangkok,1266,Lazada,Credit_Card,1,12,5,1,>50,42.2,6.0,1.0,0.16666666666666666,11,14,2933.8266666666673,0.33,0.3333333333333333,0.5,0.0,0.0,0,0,0.0,5312.06,1,1,1.0,5312.06,1,1,1.0,17602.960000000003,6,1,0.16666666666666666,0
LGS2ORD0044583,C010776,2025-12-20 01:00:00,Female,67,Platinum,Lazada,Phuket,790,Web,COD,1,12,5,1,>50,26.333333333333332,3.0,0.0,0.0,-1,135,10615.196666666667,0.3,0.3333333333333333,0.3333333333333333,0.0,0.0,0,0,0.0,0.0,0,0,0.0,0.0,0,0,0.0,31845.59,3,0,0.0,1
LGS2ORD0044584,C013130,2025-12-20 02:00:00,Other,56,Gold,CallCenter,Chiang Mai,1166,Shopee,Credit_Card,2,12,5,1,>50,38.86666666666667,7.0,0.0,0.0,-1,109,4211.858571428571,0.33,0.42857142857142855,0.2857142857142857,0.0,0.0,0,0,0.0,0.0,0,0,0.0,0.0,0,0,0.0,29483.01,7,0,0.0,0
LGS2ORD0044585,C014096,2025-12-20 02:00:00,Male,26,Silver,TV,Khon Kaen,750,TV_Show,COD,2,12,5,1,20-30,25.0,5.0,2.0,0.4,0,17,9710.716,0.3,0.6,0.6,0.0,0.0,0,0,0.0,11869.16,2,1,0.5,11869.16,2,1,0.5,48553.58,5,2,0.4,0
LGS2ORD0044586,C017840,2025-12-20 02:00:00,Male,39,Bronze,Shopee,Chiang Mai,416,Web,COD,2,12,5,1,30-40,13.866666666666667,8.0,3.0,0.375,7,15,5355.49625,0.23,0.5,0.25,0.0,0.0,0,0,0.0,3724.59,1,1,1.0,7911.400000000001,2,2,1.0,42843.97,8,3,0.375,1
LGS2ORD0044587,C016015,2025-12-20 02:00:00,Female,35,Platinum,TV,Chonburi,679,Web,COD,2,12,5,1,30-40,22.633333333333333,7.0,1.0,0.14285714285714285,50,56,5525.961428571428,0.25,0.42857142857142855,0.2857142857142857,0.0,0.0,0,0,0.0,0.0,0,0,0.0,5672.95,1,1,1.0,38681.729999999996,7,1,0.14285714285714285,0
LGS2ORD0044588,C014680,2025-12-20 02:00:00,Female,50,Gold,TV,Bangkok,935,Web,COD,2,12,5,1,40-50,31.166666666666668,3.0,0.0,0.0,-1,46,5617.253333333333,0.13,0.6666666666666666,0.0,0.0,0.0,0,0,0.0,0.0,0,0,0.0,1076.38,1,0,0.0,16851.76,3,0,0.0,0
LGS2ORD0044589,C011872,2025-12-20 03:00:00,Female,53,Silver,Lazada,Chonburi,991,TV_Show,Credit_Card,3,12,5,1,>50,33.03333333333333,2.0,0.0,0.0,-1,64,7559.785,0.2,0.0,0.0,0.0,0.0,0,0,0.0,0.0,0,0,0.0,2517.71,1,0,0.0,15119.57,2,0,0.0,0
LGS2ORD0044590,C017438,2025-12-20 03:00:00,Female,40,Bronze,Lazada,Songkhla,470,Lazada,Credit_Card,3,12,5,1,30-40,15.666666666666666,7.0,3.0,0.42857142857142855,17,4,5951.017142857142,0.23,0.7142857142857143,0.2857142857142857,0.0,7244.25,1,0,0.0,15690.57,2,1,0.5,18733.71,3,1,0.3333333333333333,41657.119999999995,7,3,0.42857142857142855,1
LGS2ORD0044591,C013265,2025-12-20 03:00:00,Male,52,Bronze,TV,Songkhla,1138,CallCenter,COD,3,12,5,1,>50,37.93333333333333,9.0,1.0,0.1111111111111111,46,27,8795.83888888889,0.23,0.5555555555555556,0.2222222222222222,0.0,0.0,0,0,0.0,3445.05,1,0,0.0,34837.01,3,1,0.3333333333333333,79162.55,9,1,0.1111111111111111,1
LGS2ORD0044592,C011435,2025-12-20 03:00:00,Female,48,Silver,Web,Bangkok,1244,CallCenter,COD,3,12,5,1,40-50,41.46666666666667,4.0,1.0,0.25,152,93,2515.0125,0.25,0.75,0.25,0.0,0.0,0,0,0.0,0.0,0,0,0.0,0.0,0,0,0.0,10060.05,4,1,0.25,1
LGS2ORD0044593,C013269,2025-12-20 03:00:00,Male,38,Silver,Lazada,Bangkok,1482,Shopee,COD,3,12,5,1,30-40,49.4,7.0,2.0,0.2857142857142857,78,71,3829.835714285714,0.25,0.42857142857142855,0.2857142857142857,0.0,0.0,0,0,0.0,0.0,0,0,0.0,9987.03,2,1,0.5,26808.85,7,2,0.2857142857142857,1
LGS2ORD0044594,C011975,2025-12-20 04:00:00,Male,59,Bronze,TV,Khon Kaen,1116,Lazada,PromptPay,4,12,5,1,>50,37.2,2.0,0.0,0.0,-1,126,2208.595,0.18,0.0,0.0,0.0,0.0,0,0,0.0,0.0,0,0,0.0,0.0,0,0,0.0,4417.19,2,0,0.0,0
LGS2ORD0044595,C016487,2025-12-20 04:00:00,Male,38,Silver,Web,Songkhla,1125,TV_Show,PromptPay,4,12,5,1,30-40,37.5,9.0,2.0,0.2222222222222222,216,4,6153.363333333334,0.25,0.2222222222222222,0.3333333333333333,0.0,3499.01,1,0,0.0,3499.01,1,0,0.0,6632.68,3,0,0.0,55380.270000000004,9,2,0.2222222222222222,0
LGS2ORD0044596,C014389,2025-12-20 04:00:00,Other,31,Gold,CallCenter,Bangkok,1369,Shopee,Credit_Card,4,12,5,1,30-40,45.63333333333333,1.0,0.0,0.0,-1,104,11861.89,0.08,0.0,0.0,0.0,0.0,0,0,0.0,0.0,0,0,0.0,0.0,0,0,0.0,11861.89,1,0,0.0,0
LGS2ORD0044597,C013940,2025-12-20 04:00:00,Other,45,Gold,Shopee,Nakhon Ratchasima,632,TV_Show,COD,4,12,5,1,40-50,21.066666666666666,7.0,1.0,0.14285714285714285,258,129,6532.0028571428575,0.33,0.7142857142857143,0.5714285714285714,0.0,0.0,0,0,0.0,0.0,0,0,0.0,0.0,0,0,0.0,45724.020000000004,7,1,0.14285714285714285,0
LGS2ORD0044598,C016674,2025-12-20 04:00:00,Female,53,Bronze,Lazada,Phuket,1193,Shopee,COD,4,12,5,1,>50,39.766666666666666,7.0,3.0,0.42857142857142855,-3,1,2147.382857142857,0.28,0.14285714285714285,0.2857142857142857,0.0,3383.4,1,1,1.0,4422.3,2,1,0.5,4422.3,2,1,0.5,15031.68,7,3,0.42857142857142855,0
LGS2ORD0044599,C014871,2025-12-20 04:00:00,Male,31,Bronze,TV,Nakhon Ratchasima,606,Web,PromptPay,4,12,5,1,30-40,20.2,8.0,3.0,0.375,121,121,3165.48875,0.28,0.75,0.5,0.0,0.0,0,0,0.0,0.0,0,0,0.0,0.0,0,0,0.0,25323.91,8,3,0.375,0
LGS2ORD0044600,C011497,2025-12-20 05:00:00,Female,50,Silver,Lazada,Chonburi,1687,Shopee,COD,5,12,5,1,40-50,56.233333333333334,6.0,2.0,0.3333333333333333,0,13,6179.801666666666,0.2,0.6666666666666666,0.0,0.0,0.0,0,0,0.0,7184.94,1,1,1.0,9530.81,2,2,1.0,37078.81,6,2,0.3333333333333333,0
LGS2ORD0044601,C012410,2025-12-20 05:00:00,Female,53,Bronze,TV,Bangkok,1582,Shopee,Credit_Card,5,12,5,1,>50,52.733333333333334,6.0,1.0,0.16666666666666666,257,28,3917.2899999999995,0.23,0.3333333333333333,0.16666666666666666,0.0,0.0,0,0,0.0,1708.64,1,0,0.0,1708.64,1,0,0.0,23503.739999999998,6,1,0.16666666666666666,0
LGS2ORD0044602,C017599,2025-12-20 05:00:00,Other,48,Gold,Lazada,Bangkok,1478,TV_Show,COD,5,12,5,1,40-50,49.266666666666666,4.0,1.0,0.25,98,107,1312.205,0.33,0.25,0.25,0.0,0.0,0,0,0.0,0.0,0,0,0.0,0.0,0,0,0.0,5248.82,4,1,0.25,1
LGS2ORD0044603,C017115,2025-12-20 05:00:00,Female,36,Platinum,Web,Bangkok,499,Lazada,Bank_Transfer,5,12,5,1,30-40,16.633333333333333,4.0,1.0,0.25,101,103,5149.7225,0.35,0.25,0.5,0.0,0.0,0,0,0.0,0.0,0,0,0.0,0.0,0,0,0.0,20598.89,4,1,0.25,0
LGS2ORD0044604,C015973,2025-12-20 05:00:00,Male,46,Bronze,TV,Remote_Area,1314,CallCenter,COD,5,12,5,1,40-50,43.8,7.0,4.0,0.5714285714285714,3,8,5187.582857142857,0.28,0.5714285714285714,0.14285714285714285,0.14285714285714285,0.0,0,0,0.0,14110.289999999999,2,1,0.5,26611.35,3,1,0.3333333333333333,36313.08,7,4,0.5714285714285714,0
LGS2ORD0044605,C014378,2025-12-20 06:00:00,Male,47,Bronze,Lazada,Chiang Mai,867,Shopee,PromptPay,6,12,5,1,40-50,28.9,6.0,1.0,0.16666666666666666,73,90,3668.805,0.23,0.8333333333333334,0.16666666666666666,0.0,0.0,0,0,0.0,0.0,0,0,0.0,0.0,0,0,0.0,22012.829999999998,6,1,0.16666666666666666,0
LGS2ORD0044606,C010801,2025-12-20 06:00:00,Female,65,Gold,TV,Nakhon Ratchasima,1470,TV_Show,COD,6,12,5,1,>50,49.0,8.0,2.0,0.25,19,28,3294.6875,0.33,0.75,0.625,0.0,0.0,0,0,0.0,6147.68,1,1,1.0,6147.68,1,1,1.0,26357.5,8,2,0.25,1
LGS2ORD0044607,C013884,2025-12-20 06:00:00,Female,33,Gold,Lazada,Chonburi,1643,Web,COD,6,12,5,1,30-40,54.766666666666666,4.0,0.0,0.0,-1,42,2671.7999999999997,0.13,0.25,0.0,0.0,0.0,0,0,0.0,0.0,0,0,0.0,5186.57,1,0,0.0,10687.199999999999,4,0,0.0,1
LGS2ORD0044608,C015906,2025-12-20 06:00:00,Female,64,Bronze,CallCenter,Chiang Mai,525,Lazada,Bank_Transfer,6,12,5,1,>50,17.5,7.0,3.0,0.42857142857142855,-1,8,6833.025714285714,0.28,0.8571428571428571,0.42857142857142855,0.0,0.0,0,0,0.0,41777.75,3,1,0.3333333333333333,43060.05,4,1,0.25,47831.17999999999,7,3,0.42857142857142855,0
LGS2ORD0044609,C016532,2025-12-20 06:00:00,Male,70,Platinum,Shopee,Bangkok,1385,CallCenter,PromptPay,6,12,5,1,>50,46.166666666666664,8.0,1.0,0.125,113,33,6074.383750000001,0.35,0.0,0.25,0.0,0.0,0,0,0.0,0.0,0,0,0.0,7947.52,1,0,0.0,48595.07000000001,8,1,0.125,0
LGS2ORD0044610,C010032,2025-12-20 07:00:00,Male,52,Silver,Shopee,Nakhon Ratchasima,568,Web,PromptPay,7,12,5,1,>50,18.933333333333334,11.0,1.0,0.09090909090909091,261,4,5210.449090909091,0.3,0.36363636363636365,0.18181818181818182,0.0,3610.84,1,0,0.0,3610.84,1,0,0.0,15498.89,4,0,0.0,57314.94,11,1,0.09090909090909091,0
LGS2ORD0044611,C010144,2025-12-20 07:00:00,Female,51,Bronze,CallCenter,Nakhon Ratchasima,1188,Web,PromptPay,7,12,5,1,>50,39.6,6.0,3.0,0.5,178,187,4794.973333333333,0.23,1.0,0.3333333333333333,0.0,0.0,0,0,0.0,0.0,0,0,0.0,0.0,0,0,0.0,28769.84,6,3,0.5,0
LGS2ORD0044612,C015333,2025-12-20 07:00:00,Male,58,Bronze,TV,Khon Kaen,1212,Web,COD,7,12,5,1,>50,40.4,5.0,2.0,0.4,223,224,7082.664,0.28,0.6,0.4,0.0,0.0,0,0,0.0,0.0,0,0,0.0,0.0,0,0,0.0,35413.32,5,2,0.4,0
LGS2ORD0044613,C015331,2025-12-20 07:00:00,Female,30,Bronze,Shopee,Bangkok,645,TV_Show,COD,7,12,5,1,20-30,21.5,5.0,0.0,0.0,-1,18,7222.128,0.13,0.8,0.0,0.0,0.0,0,0,0.0,9938.68,1,0,0.0,13499.43,2,0,0.0,36110.64,5,0,0.0,0
LGS2ORD0044614,C010499,2025-12-20 07:00:00,Female,47,Bronze,CallCenter,Phuket,996,Shopee,Bank_Transfer,7,12,5,1,40-50,33.2,8.0,6.0,0.75,67,73,3916.37125,0.23,0.625,0.25,0.0,0.0,0,0,0.0,0.0,0,0,0.0,8631.74,1,1,1.0,31330.97,8,6,0.75,1
LGS2ORD0044615,C011369,2025-12-20 08:00:00,Female,38,Bronze,Shopee,Nakhon Ratchasima,1308,TV_Show,Bank_Transfer,8,12,5,1,30-40,43.6,3.0,1.0,0.3333333333333333,322,57,10256.386666666667,0.08,0.6666666666666666,0.0,0.0,0.0,0,0,0.0,0.0,0,0,0.0,29061.22,2,0,0.0,30769.16,3,1,0.3333333333333333,0
LGS2ORD0044616,C010888,2025-12-20 08:00:00,Other,36,Bronze,TV,Bangkok,1396,CallCenter,COD,8,12,5,1,30-40,46.53333333333333,11.0,4.0,0.36363636363636365,140,18,4149.300909090909,0.28,0.6363636363636364,0.2727272727272727,0.0,0.0,0,0,0.0,9287.92,2,0,0.0,21732.11,5,0,0.0,45642.31,11,4,0.36363636363636365,0
LGS2ORD0044617,C015402,2025-12-20 08:00:00,Male,68,Gold,Shopee,Chonburi,1351,Web,COD,8,12,5,1,>50,45.03333333333333,4.0,0.0,0.0,-1,49,2197.335,0.28,0.25,0.5,0.0,0.0,0,0,0.0,0.0,0,0,0.0,3437.75,2,0,0.0,8789.34,4,0,0.0,0
LGS2ORD0044618,C014262,2025-12-20 08:00:00,Female,27,Bronze,Lazada,Bangkok,1183,Web,Bank_Transfer,8,12,5,1,20-30,39.43333333333333,3.0,0.0,0.0,-1,31,1604.676666666667,0.18,0.3333333333333333,0.0,0.0,0.0,0,0,0.0,0.0,0,0,0.0,2656.56,1,0,0.0,4814.030000000001,3,0,0.0,0
LGS2ORD0044619,C013378,2025-12-20 08:00:00,Female,50,Bronze,Lazada,Bangkok,1020,Web,PromptPay,8,12,5,1,40-50,34.0,9.0,3.0,0.3333333333333333,24,19,9266.945555555554,0.28,0.6666666666666666,0.2222222222222222,0.0,0.0,0,0,0.0,1658.55,1,0,0.0,14354.689999999999,3,1,0.3333333333333333,83402.51,9,3,0.3333333333333333,0
LGS2ORD0044620,C010256,2025-12-20 08:00:00,Female,60,Bronze,Lazada,Chiang Mai,577,TV_Show,COD,8,12,5,1,>50,19.233333333333334,4.0,1.0,0.25,136,151,5731.6449999999995,0.28,0.25,0.25,0.0,0.0,0,0,0.0,0.0,0,0,0.0,0.0,0,0,0.0,22926.579999999998,4,1,0.25,0
LGS2ORD0044621,C015590,2025-12-20 09:00:00,Male,46,Bronze,Web,Chonburi,1768,Shopee,COD,9,12,5,1,40-50,58.93333333333333,8.0,3.0,0.375,0,14,3526.94125,0.23,0.625,0.25,0.0,0.0,0,0,0.0,334.47,1,1,1.0,11222.429999999998,3,2,0.6666666666666666,28215.53,8,3,0.375,1
LGS2ORD0044622,C011742,2025-12-20 09:00:00,Female,53,Bronze,Web,Phuket,1120,Shopee,COD,9,12,5,1,>50,37.333333333333336,6.0,2.0,0.3333333333333333,8,17,6312.54,0.18,0.6666666666666666,0.0,0.0,0.0,0,0,0.0,10570.0,4,1,0.25,10570.0,4,1,0.25,37875.24,6,2,0.3333333333333333,1
LGS2ORD0044623,C012187,2025-12-20 09:00:00,Female,59,Silver,Shopee,Khon Kaen,936,TV_Show,COD,9,12,5,1,>50,31.2,6.0,1.0,0.16666666666666666,174,71,11575.311666666666,0.3,0.16666666666666666,0.16666666666666666,0.0,0.0,0,0,0.0,0.0,0,0,0.0,15221.77,1,0,0.0,69451.87,6,1,0.16666666666666666,0
LGS2ORD0044624,C016224,2025-12-20 09:00:00,Female,46,Platinum,CallCenter,Songkhla,1142,Shopee,COD,9,12,5,1,40-50,38.06666666666667,2.0,1.0,0.5,207,40,2603.4700000000003,0.15,1.0,0.0,0.0,0.0,0,0,0.0,0.0,0,0,0.0,3827.32,1,0,0.0,5206.9400000000005,2,1,0.5,0
LGS2ORD0044625,C015274,2025-12-20 09:00:00,Female,32,Bronze,Web,Chiang Mai,499,Lazada,COD,9,12,5,1,30-40,16.633333333333333,3.0,0.0,0.0,-1,137,2940.123333333333,0.18,0.3333333333333333,0.0,0.0,0.0,0,0,0.0,0.0,0,0,0.0,0.0,0,0,0.0,8820.369999999999,3,0,0.0,1
LGS2ORD0044626,C011527,2025-12-20 10:00:00,Male,34,Platinum,Shopee,Phuket,905,Web,COD,10,12,5,1,30-40,30.166666666666668,2.0,0.0,0.0,-1,268,15456.435,0.35,0.5,0.5,0.0,0.0,0,0,0.0,0.0,0,0,0.0,0.0,0,0,0.0,30912.87,2,0,0.0,0
LGS2ORD0044627,C016387,2025-12-20 10:00:00,Female,56,Gold,CallCenter,Songkhla,814,TV_Show,Credit_Card,10,12,5,1,>50,27.133333333333333,2.0,1.0,0.5,273,285,4236.635,0.2299999999999999,0.0,0.5,0.0,0.0,0,0,0.0,0.0,0,0,0.0,0.0,0,0,0.0,8473.27,2,1,0.5,0
LGS2ORD0044628,C011704,2025-12-20 10:00:00,Female,56,Silver,Web,Chonburi,1465,TV_Show,Bank_Transfer,10,12,5,1,>50,48.833333333333336,3.0,1.0,0.3333333333333333,92,109,3202.103333333333,0.25,0.0,0.3333333333333333,0.0,0.0,0,0,0.0,0.0,0,0,0.0,0.0,0,0,0.0,9606.31,3,1,0.3333333333333333,0
LGS2ORD0044629,C014616,2025-12-20 10:00:00,Female,52,Gold,Shopee,Remote_Area,1118,Lazada,PromptPay,10,12,5,1,>50,37.266666666666666,8.0,3.0,0.375,0,12,3012.3774999999996,0.28,0.5,0.625,0.0,0.0,0,0,0.0,3643.79,2,1,0.5,13249.669999999998,4,2,0.5,24099.019999999997,8,3,0.375,0
LGS2ORD0044630,C014598,2025-12-20 10:00:00,Male,54,Bronze,TV,Bangkok,1730,Web,COD,10,12,5,1,>50,57.666666666666664,8.0,4.0,0.5,83,8,6117.7525000000005,0.23,0.75,0.125,0.0,0.0,0,0,0.0,9682.49,1,0,0.0,9682.49,1,0,0.0,48942.020000000004,8,4,0.5,0
LGS2ORD0044631,C012991,2025-12-20 11:00:00,Male,48,Platinum,Shopee,Phuket,1256,Lazada,Credit_Card,11,12,5,1,40-50,41.86666666666667,8.0,3.0,0.375,30,18,5275.31,0.3,0.625,0.25,0.0,0.0,0,0,0.0,8642.16,1,0,0.0,15145.869999999999,3,1,0.3333333333333333,42202.48,8,3,0.375,0
LGS2ORD0044632,C015414,2025-12-20 11:00:00,Female,35,Bronze,CallCenter,Chiang Mai,885,Shopee,COD,11,12,5,1,30-40,29.5,7.0,2.0,0.2857142857142857,159,30,6720.412857142857,0.28,0.2857142857142857,0.2857142857142857,0.0,0.0,0,0,0.0,0.0,0,0,0.0,26052.93,2,0,0.0,47042.89,7,2,0.2857142857142857,0
LGS2ORD0044633,C013593,2025-12-20 11:00:00,Male,71,Bronze,CallCenter,Phuket,1435,Lazada,COD,11,12,5,1,>50,47.833333333333336,8.0,4.0,0.5,106,79,2152.4825,0.28,0.375,0.25,0.0,0.0,0,0,0.0,0.0,0,0,0.0,808.52,1,0,0.0,17219.86,8,4,0.5,0
LGS2ORD0044634,C013869,2025-12-20 11:00:00,Female,51,Bronze,TV,Bangkok,1009,Shopee,COD,11,12,5,1,>50,33.63333333333333,5.0,2.0,0.4,58,73,5275.93,0.23,0.8,0.2,0.0,0.0,0,0,0.0,0.0,0,0,0.0,12904.31,2,1,0.5,26379.65,5,2,0.4,1
LGS2ORD0044635,C010590,2025-12-20 11:00:00,Male,32,Silver,Web,Chiang Mai,1631,CallCenter,Bank_Transfer,11,12,5,1,30-40,54.36666666666667,4.0,1.0,0.25,57,50,3709.99,0.2,0.25,0.0,0.0,0.0,0,0,0.0,0.0,0,0,0.0,8107.67,2,1,0.5,14839.96,4,1,0.25,0
LGS2ORD0044636,C014639,2025-12-20 11:00:00,Male,64,Bronze,TV,Remote_Area,1225,CallCenter,COD,11,12,5,1,>50,40.833333333333336,12.0,7.0,0.5833333333333334,-1,7,3446.7408333333333,0.28,0.5833333333333334,0.3333333333333333,0.0,0.0,0,0,0.0,2277.34,1,1,1.0,14397.890000000001,4,3,0.75,41360.89,12,7,0.5833333333333334,0
LGS2ORD0044637,C014075,2025-12-20 12:00:00,Male,51,Bronze,Shopee,Remote_Area,642,Lazada,COD,12,12,5,1,>50,21.4,5.0,2.0,0.4,84,19,4752.628000000001,0.23,0.4,0.2,0.0,0.0,0,0,0.0,3383.06,1,0,0.0,3383.06,1,0,0.0,23763.140000000003,5,2,0.4,0
LGS2ORD0044638,C017669,2025-12-20 12:00:00,Female,33,Bronze,TV,Remote_Area,831,TV_Show,Credit_Card,12,12,5,1,30-40,27.7,12.0,4.0,0.3333333333333333,118,6,5000.259999999999,0.23,0.3333333333333333,0.25,0.0,5657.78,1,0,0.0,5657.78,1,0,0.0,6855.25,2,0,0.0,60003.119999999995,12,4,0.3333333333333333,1
LGS2ORD0044639,C012987,2025-12-20 12:00:00,Female,39,Silver,Web,Bangkok,981,CallCenter,Bank_Transfer,12,12,5,1,30-40,32.7,4.0,0.0,0.0,-1,33,3461.875,0.25,0.25,0.25,0.0,0.0,0,0,0.0,0.0,0,0,0.0,7681.7,1,0,0.0,13847.5,4,0,0.0,0
LGS2ORD0044640,C014838,2025-12-20 12:00:00,Male,54,Bronze,TV,Bangkok,1552,Shopee,COD,12,12,5,1,>50,51.733333333333334,6.0,3.0,0.5,37,47,3669.7316666666666,0.28,0.5,0.5,0.0,0.0,0,0,0.0,0.0,0,0,0.0,4846.92,1,1,1.0,22018.39,6,3,0.5,0
LGS2ORD0044641,C010221,2025-12-20 12:00:00,Female,21,Bronze,TV,Chiang Mai,907,TV_Show,COD,12,12,5,1,20-30,30.233333333333334,4.0,0.0,0.0,-1,12,6518.7,0.18,0.5,0.0,0.0,0.0,0,0,0.0,3515.77,1,0,0.0,5573.139999999999,2,0,0.0,26074.8,4,0,0.0,0
LGS2ORD0044642,C015185,2025-12-20 13:00:00,Female,50,Gold,TV,Chonburi,674,Shopee,COD,13,12,5,1,40-50,22.466666666666665,7.0,2.0,0.2857142857142857,242,44,2635.4842857142858,0.28,0.7142857142857143,0.7142857142857143,0.0,0.0,0,0,0.0,0.0,0,0,0.0,3723.27,1,0,0.0,18448.39,7,2,0.2857142857142857,0
LGS2ORD0044643,C010276,2025-12-20 13:00:00,Female,18,Bronze,TV,Chonburi,1166,CallCenter,COD,13,12,5,1,<20,38.86666666666667,7.0,4.0,0.5714285714285714,84,91,4206.185714285714,0.23,0.42857142857142855,0.2857142857142857,0.0,0.0,0,0,0.0,0.0,0,0,0.0,0.0,0,0,0.0,29443.300000000003,7,4,0.5714285714285714,0
LGS2ORD0044644,C012331,2025-12-20 13:00:00,Female,55,Bronze,TV,Remote_Area,475,Web,Credit_Card,13,12,5,1,>50,15.833333333333334,6.0,1.0,0.16666666666666666,304,10,1839.3783333333333,0.28,0.3333333333333333,0.3333333333333333,0.0,0.0,0,0,0.0,5951.55,1,0,0.0,6395.1900000000005,2,0,0.0,11036.27,6,1,0.16666666666666666,0
LGS2ORD0044645,C015695,2025-12-20 13:00:00,Female,45,Gold,TV,Chonburi,737,CallCenter,COD,13,12,5,1,40-50,24.566666666666666,3.0,0.0,0.0,-1,101,11897.339999999998,0.28,1.0,0.3333333333333333,0.0,0.0,0,0,0.0,0.0,0,0,0.0,0.0,0,0,0.0,35692.02,3,0,0.0,0
LGS2ORD0044646,C014735,2025-12-20 13:00:00,Male,53,Bronze,Shopee,Songkhla,813,TV_Show,COD,13,12,5,1,>50,27.1,5.0,4.0,0.8,13,14,8590.170000000002,0.23,0.8,0.4,0.0,0.0,0,0,0.0,3069.49,2,1,0.5,3069.49,2,1,0.5,42950.850000000006,5,4,0.8,0
LGS2ORD0044647,C012849,2025-12-20 14:00:00,Male,54,Platinum,Lazada,Chiang Mai,979,Lazada,COD,14,12,5,1,>50,32.63333333333333,9.0,0.0,0.0,-1,52,3273.762222222222,0.3,0.6666666666666666,0.6666666666666666,0.0,0.0,0,0,0.0,0.0,0,0,0.0,14324.79,4,0,0.0,29463.86,9,0,0.0,0
LGS2ORD0044648,C015163,2025-12-20 14:00:00,Male,56,Gold,CallCenter,Chiang Mai,830,Web,Credit_Card,14,12,5,1,>50,27.666666666666668,3.0,1.0,0.3333333333333333,339,142,4826.116666666667,0.13,0.6666666666666666,0.0,0.0,0.0,0,0,0.0,0.0,0,0,0.0,0.0,0,0,0.0,14478.35,3,1,0.3333333333333333,0
LGS2ORD0044649,C016891,2025-12-20 14:00:00,Female,49,Bronze,TV,Khon Kaen,1083,Shopee,Credit_Card,14,12,5,1,40-50,36.1,10.0,3.0,0.3,7,22,8607.140000000001,0.23,0.6,0.2,0.0,0.0,0,0,0.0,2100.1,1,1,1.0,51764.62,3,2,0.6666666666666666,86071.40000000001,10,3,0.3,1
LGS2ORD0044650,C011673,2025-12-20 14:00:00,Female,32,Gold,Web,Bangkok,1364,Web,COD,14,12,5,1,30-40,45.46666666666667,4.0,1.0,0.25,170,181,5482.327500000001,0.28,0.75,0.25,0.0,0.0,0,0,0.0,0.0,0,0,0.0,0.0,0,0,0.0,21929.310000000005,4,1,0.25,0
LGS2ORD0044651,C012130,2025-12-20 14:00:00,Male,32,Bronze,Lazada,Chiang Mai,751,Shopee,COD,14,12,5,1,30-40,25.033333333333335,3.0,0.0,0.0,-1,182,8660.526666666667,0.18,0.3333333333333333,0.0,0.0,0.0,0,0,0.0,0.0,0,0,0.0,0.0,0,0,0.0,25981.58,3,0,0.0,0
LGS2ORD0044652,C017953,2025-12-20 15:00:00,Male,53,Bronze,TV,Chonburi,898,Web,COD,15,12,5,1,>50,29.933333333333334,5.0,0.0,0.0,-1,89,4811.668,0.28,0.2,0.2,0.0,0.0,0,0,0.0,0.0,0,0,0.0,4234.11,1,0,0.0,24058.34,5,0,0.0,0
LGS2ORD0044653,C011980,2025-12-20 15:00:00,Male,30,Silver,Shopee,Bangkok,1360,TV_Show,Bank_Transfer,15,12,5,1,20-30,45.333333333333336,4.0,0.0,0.0,-1,119,2249.0025,0.25,0.75,0.25,0.0,0.0,0,0,0.0,0.0,0,0,0.0,0.0,0,0,0.0,8996.01,4,0,0.0,0
LGS2ORD0044654,C014250,2025-12-20 15:00:00,Male,36,Silver,TV,Chonburi,1805,TV_Show,COD,15,12,5,1,30-40,60.166666666666664,2.0,1.0,0.5,327,144,1423.7350000000001,0.25,0.5,0.5,0.0,0.0,0,0,0.0,0.0,0,0,0.0,0.0,0,0,0.0,2847.4700000000003,2,1,0.5,0
LGS2ORD0044655,C012032,2025-12-20 15:00:00,Male,47,Bronze,Lazada,Nakhon Ratchasima,1173,TV_Show,COD,15,12,5,1,40-50,39.1,4.0,0.0,0.0,-1,110,2640.8725,0.23,0.75,0.5,0.0,0.0,0,0,0.0,0.0,0,0,0.0,0.0,0,0,0.0,10563.49,4,0,0.0,1
LGS2ORD0044656,C013265,2025-12-20 15:00:00,Male,52,Bronze,TV,Songkhla,1138,TV_Show,Credit_Card,15,12,5,1,>50,37.93333333333333,10.0,2.0,0.2,-4,0,8050.35,0.23,0.6,0.2,0.0,1340.95,1,1,1.0,4786.0,2,1,0.5,36177.96,4,2,0.5,80503.5,10,2,0.2,1
LGS2ORD0044657,C015647,2025-12-20 15:00:00,Other,46,Bronze,TV,Remote_Area,1104,CallCenter,COD,15,12,5,1,40-50,36.8,9.0,4.0,0.4444444444444444,96,57,5541.698888888889,0.28,0.5555555555555556,0.3333333333333333,0.0,0.0,0,0,0.0,0.0,0,0,0.0,8538.42,1,0,0.0,49875.29,9,4,0.4444444444444444,0
LGS2ORD0044658,C016408,2025-12-20 16:00:00,Female,57,Bronze,Web,Bangkok,1640,CallCenter,COD,16,12,5,1,>50,54.666666666666664,8.0,3.0,0.375,91,23,7120.498750000001,0.23,0.75,0.375,0.125,0.0,0,0,0.0,658.88,1,0,0.0,658.88,1,0,0.0,56963.990000000005,8,3,0.375,0
LGS2ORD0044659,C015942,2025-12-20 16:00:00,Male,63,Bronze,Lazada,Khon Kaen,406,Web,COD,16,12,5,1,>50,13.533333333333333,1.0,0.0,0.0,-1,249,1180.27,0.18,1.0,0.0,0.0,0.0,0,0,0.0,0.0,0,0,0.0,0.0,0,0,0.0,1180.27,1,0,0.0,0
LGS2ORD0044660,C015302,2025-12-20 16:00:00,Male,20,Bronze,Web,Songkhla,1627,TV_Show,PromptPay,16,12,5,1,<20,54.233333333333334,7.0,2.0,0.2857142857142857,105,113,6566.811428571428,0.28,0.42857142857142855,0.2857142857142857,0.0,0.0,0,0,0.0,0.0,0,0,0.0,0.0,0,0,0.0,45967.68,7,2,0.2857142857142857,0
LGS2ORD0044661,C016302,2025-12-20 16:00:00,Male,59,Silver,CallCenter,Chonburi,879,TV_Show,COD,16,12,5,1,>50,29.3,8.0,2.0,0.25,202,63,6963.389999999999,0.3,0.375,0.375,0.0,0.0,0,0,0.0,0.0,0,0,0.0,2143.26,2,0,0.0,55707.119999999995,8,2,0.25,0
LGS2ORD0044662,C015757,2025-12-20 16:00:00,Female,68,Silver,Web,Bangkok,931,TV_Show,COD,16,12,5,1,>50,31.033333333333335,8.0,1.0,0.125,191,75,2572.5074999999997,0.15,0.25,0.0,0.0,0.0,0,0,0.0,0.0,0,0,0.0,4626.16,1,0,0.0,20580.059999999998,8,1,0.125,0
LGS2ORD0044663,C015890,2025-12-20 17:00:00,Male,43,Bronze,Shopee,Phuket,935,CallCenter,Credit_Card,17,12,5,1,40-50,31.166666666666668,6.0,0.0,0.0,-1,10,7591.031666666667,0.28,0.6666666666666666,0.3333333333333333,0.0,0.0,0,0,0.0,1963.3,1,0,0.0,5710.86,2,0,0.0,45546.19,6,0,0.0,1
LGS2ORD0044664,C011280,2025-12-20 17:00:00,Male,29,Silver,Web,Bangkok,752,TV_Show,Credit_Card,17,12,5,1,20-30,25.066666666666666,4.0,1.0,0.25,338,98,1692.695,0.2,0.5,0.0,0.0,0.0,0,0,0.0,0.0,0,0,0.0,0.0,0,0,0.0,6770.78,4,1,0.25,0
LGS2ORD0044665,C013062,2025-12-20 17:00:00,Female,30,Platinum,Lazada,Khon Kaen,1383,Lazada,PromptPay,17,12,5,1,20-30,46.1,4.0,0.0,0.0,-1,3,6303.8575,0.3,0.25,0.25,0.0,21242.12,1,0,0.0,21242.12,1,0,0.0,21242.12,1,0,0.0,25215.43,4,0,0.0,0
LGS2ORD0044666,C012564,2025-12-20 17:00:00,Female,46,Bronze,TV,Bangkok,726,CallCenter,Credit_Card,17,12,5,1,40-50,24.2,8.0,2.0,0.25,132,9,2254.83,0.28,0.625,0.25,0.0,0.0,0,0,0.0,2896.52,2,0,0.0,2896.52,2,0,0.0,18038.64,8,2,0.25,0
LGS2ORD0044667,C010970,2025-12-20 17:00:00,Male,30,Bronze,Shopee,Remote_Area,1458,Web,COD,17,12,5,1,20-30,48.6,2.0,0.0,0.0,-1,227,6209.175,0.03,0.5,0.0,0.0,0.0,0,0,0.0,0.0,0,0,0.0,0.0,0,0,0.0,12418.35,2,0,0.0,0
LGS2ORD0044668,C016606,2025-12-20 18:00:00,Female,50,Bronze,TV,Chiang Mai,1669,TV_Show,Credit_Card,18,12,5,1,40-50,55.63333333333333,6.0,2.0,0.3333333333333333,88,102,6606.790000000001,0.23,0.8333333333333334,0.3333333333333333,0.0,0.0,0,0,0.0,0.0,0,0,0.0,0.0,0,0,0.0,39640.740000000005,6,2,0.3333333333333333,0
LGS2ORD0044669,C013346,2025-12-20 18:00:00,Male,55,Silver,Shopee,Chonburi,883,Shopee,COD,18,12,5,1,>50,29.433333333333334,5.0,1.0,0.2,261,94,6948.742,0.3,0.6,0.6,0.0,0.0,0,0,0.0,0.0,0,0,0.0,0.0,0,0,0.0,34743.71,5,1,0.2,0
LGS2ORD0044670,C016391,2025-12-20 18:00:00,Male,37,Bronze,CallCenter,Bangkok,545,CallCenter,Credit_Card,18,12,5,1,30-40,18.166666666666668,14.0,3.0,0.21428571428571427,11,21,2489.717142857143,0.28,0.5714285714285714,0.21428571428571427,0.0,0.0,0,0,0.0,9064.15,2,1,0.5,12099.27,3,1,0.3333333333333333,34856.04,14,3,0.21428571428571427,0
LGS2ORD0044671,C014186,2025-12-20 18:00:00,Male,44,Gold,TV,Bangkok,1048,Lazada,Credit_Card,18,12,5,1,40-50,34.93333333333333,6.0,2.0,0.3333333333333333,144,25,4633.486666666667,0.2299999999999999,0.6666666666666666,0.3333333333333333,0.0,0.0,0,0,0.0,3082.86,1,0,0.0,9770.59,2,0,0.0,27800.920000000002,6,2,0.3333333333333333,0
LGS2ORD0044672,C014513,2025-12-20 18:00:00,Male,47,Silver,CallCenter,Chonburi,1266,Shopee,COD,18,12,5,1,40-50,42.2,5.0,1.0,0.2,311,147,3970.1639999999998,0.2,0.6,0.0,0.0,0.0,0,0,0.0,0.0,0,0,0.0,0.0,0,0,0.0,19850.82,5,1,0.2,0
LGS2ORD0044673,C017160,2025-12-20 19:00:00,Male,65,Silver,Lazada,Phuket,1349,Web,Credit_Card,19,12,5,1,>50,44.96666666666667,4.0,2.0,0.5,11,24,3057.4525000000003,0.25,0.25,0.25,0.0,0.0,0,0,0.0,2331.2,1,1,1.0,8363.919999999998,3,2,0.6666666666666666,12229.810000000001,4,2,0.5,0
LGS2ORD0044674,C010616,2025-12-20 19:00:00,Female,43,Platinum,Shopee,Remote_Area,820,TV_Show,Credit_Card,19,12,5,1,40-50,27.333333333333332,4.0,3.0,0.75,16,30,9743.8675,0.3,0.25,0.25,0.0,0.0,0,0,0.0,0.0,0,0,0.0,33805.75,3,3,1.0,38975.47,4,3,0.75,0
LGS2ORD0044675,C016736,2025-12-20 19:00:00,Female,62,Silver,TV,Chonburi,1763,Web,COD,19,12,5,1,>50,58.766666666666666,6.0,3.0,0.5,123,112,6061.183333333334,0.25,0.6666666666666666,0.16666666666666666,0.0,0.0,0,0,0.0,0.0,0,0,0.0,0.0,0,0,0.0,36367.100000000006,6,3,0.5,0
LGS2ORD0044676,C017463,2025-12-20 19:00:00,Male,43,Silver,Web,Phuket,528,Web,PromptPay,19,12,5,1,40-50,17.6,5.0,2.0,0.4,110,126,2753.986,0.25,0.2,0.4,0.0,0.0,0,0,0.0,0.0,0,0,0.0,0.0,0,0,0.0,13769.93,5,2,0.4,0
LGS2ORD0044677,C014621,2025-12-20 19:00:00,Female,42,Silver,TV,Nakhon Ratchasima,1486,TV_Show,COD,19,12,5,1,40-50,49.53333333333333,3.0,1.0,0.3333333333333333,139,10,13965.429999999998,0.25,1.0,0.6666666666666666,0.0,0.0,0,0,0.0,29162.28,1,0,0.0,29162.28,1,0,0.0,41896.28999999999,3,1,0.3333333333333333,0
LGS2ORD0044678,C014740,2025-12-20 19:00:00,Female,43,Bronze,CallCenter,Khon Kaen,794,Lazada,PromptPay,19,12,5,1,40-50,26.466666666666665,9.0,1.0,0.1111111111111111,225,50,5124.774444444444,0.23,0.6666666666666666,0.3333333333333333,0.0,0.0,0,0,0.0,0.0,0,0,0.0,16171.68,2,0,0.0,46122.97,9,1,0.1111111111111111,0
LGS2ORD0044679,C015805,2025-12-20 20:00:00,Male,41,Gold,TV,Chiang Mai,1302,Lazada,PromptPay,20,12,5,1,40-50,43.4,9.0,2.0,0.2222222222222222,25,30,7996.37,0.33,0.7777777777777778,0.3333333333333333,0.1111111111111111,0.0,0,0,0.0,0.0,0,0,0.0,21632.05,4,2,0.5,71967.33,9,2,0.2222222222222222,0
LGS2ORD0044680,C014199,2025-12-20 20:00:00,Other,58,Silver,TV,Khon Kaen,441,Web,Credit_Card,20,12,5,1,>50,14.7,6.0,0.0,0.0,-1,35,3284.2166666666667,0.25,0.3333333333333333,0.16666666666666666,0.0,0.0,0,0,0.0,0.0,0,0,0.0,6382.52,2,0,0.0,19705.3,6,0,0.0,0
LGS2ORD0044681,C015562,2025-12-20 20:00:00,Male,42,Bronze,TV,Bangkok,1766,Web,COD,20,12,5,1,40-50,58.86666666666667,5.0,0.0,0.0,-1,93,9059.238000000001,0.28,0.4,0.4,0.0,0.0,0,0,0.0,0.0,0,0,0.0,0.0,0,0,0.0,45296.19,5,0,0.0,0
LGS2ORD0044682,C014511,2025-12-20 20:00:00,Male,36,Silver,Lazada,Remote_Area,1482,Shopee,PromptPay,20,12,5,1,30-40,49.4,3.0,1.0,0.3333333333333333,275,225,7283.276666666668,0.3,0.0,0.3333333333333333,0.0,0.0,0,0,0.0,0.0,0,0,0.0,0.0,0,0,0.0,21849.83,3,1,0.3333333333333333,0
LGS2ORD0044683,C014634,2025-12-20 20:00:00,Female,43,Silver,Shopee,Songkhla,789,TV_Show,COD,20,12,5,1,40-50,26.3,2.0,1.0,0.5,167,177,11580.025000000001,0.2,1.0,0.0,0.0,0.0,0,0,0.0,0.0,0,0,0.0,0.0,0,0,0.0,23160.050000000003,2,1,0.5,1
LGS2ORD0044684,C012146,2025-12-20 21:00:00,Female,37,Bronze,Lazada,Bangkok,673,CallCenter,COD,21,12,5,1,30-40,22.433333333333334,6.0,0.0,0.0,-1,83,4054.513333333334,0.28,0.8333333333333334,0.16666666666666666,0.0,0.0,0,0,0.0,0.0,0,0,0.0,12535.06,2,0,0.0,24327.08,6,0,0.0,0
LGS2ORD0044685,C013492,2025-12-20 21:00:00,Female,51,Silver,Web,Nakhon Ratchasima,1276,TV_Show,COD,21,12,5,1,>50,42.53333333333333,4.0,1.0,0.25,110,30,8355.8025,0.25,0.25,0.5,0.0,0.0,0,0,0.0,2406.2,1,0,0.0,2406.2,1,0,0.0,33423.21,4,1,0.25,0
LGS2ORD0044686,C017249,2025-12-20 21:00:00,Female,24,Bronze,Lazada,Bangkok,1057,Web,COD,21,12,5,1,20-30,35.233333333333334,6.0,1.0,0.16666666666666666,195,36,3034.795,0.23,0.3333333333333333,0.16666666666666666,0.0,0.0,0,0,0.0,0.0,0,0,0.0,1014.45,1,0,0.0,18208.77,6,1,0.16666666666666666,1
LGS2ORD0044687,C013919,2025-12-20 21:00:00,Female,33,Silver,Shopee,Khon Kaen,1476,TV_Show,COD,21,12,5,1,30-40,49.2,7.0,1.0,0.14285714285714285,162,27,1873.637142857143,0.25,0.42857142857142855,0.14285714285714285,0.0,0.0,0,0,0.0,894.45,1,0,0.0,6734.87,3,0,0.0,13115.460000000001,7,1,0.14285714285714285,1
LGS2ORD0044688,C011633,2025-12-20 21:00:00,Male,36,Silver,TV,Phuket,529,Lazada,COD,21,12,5,1,30-40,17.633333333333333,15.0,5.0,0.3333333333333333,70,64,7064.713333333333,0.3,0.6666666666666666,0.4666666666666667,0.06666666666666667,0.0,0,0,0.0,0.0,0,0,0.0,14549.25,5,1,0.2,105970.7,15,5,0.3333333333333333,1
LGS2ORD0044689,C010497,2025-12-20 22:00:00,Female,56,Silver,Lazada,Khon Kaen,442,Lazada,COD,22,12,5,1,>50,14.733333333333333,6.0,2.0,0.3333333333333333,243,86,12918.708333333334,0.25,0.5,0.3333333333333333,0.0,0.0,0,0,0.0,0.0,0,0,0.0,23600.62,1,0,0.0,77512.25,6,2,0.3333333333333333,1
LGS2ORD0044690,C012630,2025-12-20 22:00:00,Male,54,Platinum,Web,Chonburi,430,Shopee,COD,22,12,5,1,>50,14.333333333333334,5.0,2.0,0.4,57,12,3268.542,0.35,0.8,0.6,0.0,0.0,0,0,0.0,4282.2,1,0,0.0,4882.44,2,1,0.5,16342.71,5,2,0.4,0
LGS2ORD0044691,C013747,2025-12-20 22:00:00,Male,39,Bronze,TV,Bangkok,1124,Web,COD,22,12,5,1,30-40,37.46666666666667,4.0,1.0,0.25,186,133,7200.02,0.18,0.5,0.0,0.0,0.0,0,0,0.0,0.0,0,0,0.0,0.0,0,0,0.0,28800.08,4,1,0.25,1
LGS2ORD0044692,C010022,2025-12-20 22:00:00,Other,38,Bronze,Web,Remote_Area,1387,CallCenter,Credit_Card,22,12,5,1,30-40,46.233333333333334,5.0,3.0,0.6,75,27,7666.108,0.28,0.8,0.6,0.0,0.0,0,0,0.0,12625.36,1,0,0.0,16563.04,2,1,0.5,38330.54,5,3,0.6,0
LGS2ORD0044693,C012716,2025-12-20 22:00:00,Male,54,Bronze,Lazada,Songkhla,1024,Web,Credit_Card,22,12,5,1,>50,34.13333333333333,11.0,7.0,0.6363636363636364,53,66,3382.0345454545454,0.28,0.7272727272727273,0.2727272727272727,0.0,0.0,0,0,0.0,0.0,0,0,0.0,3639.2699999999995,3,2,0.6666666666666666,37202.38,11,7,0.6363636363636364,1
LGS2ORD0044694,C015982,2025-12-20 23:00:00,Male,29,Gold,CallCenter,Songkhla,843,Web,COD,23,12,5,1,20-30,28.1,5.0,4.0,0.8,21,25,3704.75,0.28,0.4,0.6,0.0,0.0,0,0,0.0,857.55,1,0,0.0,17495.920000000002,4,3,0.75,18523.75,5,4,0.8,1
LGS2ORD0044695,C012870,2025-12-20 23:00:00,Male,55,Silver,Web,Bangkok,972,CallCenter,COD,23,12,5,1,>50,32.4,12.0,3.0,0.25,0,9,5496.014999999999,0.3,0.4166666666666667,0.3333333333333333,0.0,0.0,0,0,0.0,16860.61,1,1,1.0,30436.730000000003,2,1,0.5,65952.18,12,3,0.25,0
LGS2ORD0044696,C011182,2025-12-20 23:00:00,Female,31,Silver,Lazada,Remote_Area,1620,TV_Show,Credit_Card,23,12,5,1,30-40,54.0,9.0,0.0,0.0,-1,30,8517.18,0.3,0.4444444444444444,0.1111111111111111,0.0,0.0,0,0,0.0,0.0,0,0,0.0,28035.85,3,0,0.0,76654.62000000001,9,0,0.0,0
LGS2ORD0044697,C017684,2025-12-20 23:00:00,Female,57,Platinum,Web,Khon Kaen,796,TV_Show,PromptPay,23,12,5,1,>50,26.533333333333335,7.0,1.0,0.14285714285714285,326,37,3874.37,0.3,0.42857142857142855,0.5714285714285714,0.14285714285714285,0.0,0,0,0.0,0.0,0,0,0.0,11625.61,3,0,0.0,27120.59,7,1,0.14285714285714285,0
LGS2ORD0044698,C013346,2025-12-20 23:00:00,Male,55,Silver,Shopee,Chonburi,883,Shopee,COD,23,12,5,1,>50,29.433333333333334,6.0,1.0,0.16666666666666666,261,0,6222.831666666666,0.3,0.6666666666666666,0.5,0.0,2593.28,1,0,0.0,2593.28,1,0,0.0,2593.28,1,0,0.0,37336.99,6,1,0.16666666666666666,0
LGS2ORD0044699,C015595,2025-12-20 23:00:00,Female,30,Bronze,CallCenter,Bangkok,622,Shopee,COD,23,12,5,1,20-30,20.733333333333334,4.0,1.0,0.25,197,18,8310.02,0.18,0.75,0.0,0.0,0.0,0,0,0.0,5269.62,1,0,0.0,5269.62,1,0,0.0,33240.08,4,1,0.25,0
LGS2ORD0044700,C011839,2025-12-21 00:00:00,Female,52,Silver,TV,Chonburi,805,TV_Show,COD,0,12,6,1,>50,26.833333333333332,7.0,2.0,0.2857142857142857,212,106,6173.937142857142,0.25,0.42857142857142855,0.14285714285714285,0.0,0.0,0,0,0.0,0.0,0,0,0.0,0.0,0,0,0.0,43217.56,7,2,0.2857142857142857,0
LGS2ORD0044701,C012639,2025-12-21 00:00:00,Female,33,Bronze,CallCenter,Bangkok,1715,TV_Show,COD,0,12,6,1,30-40,57.166666666666664,4.0,2.0,0.5,24,33,1646.5625,0.23,0.5,0.25,0.0,0.0,0,0,0.0,0.0,0,0,0.0,2284.41,1,1,1.0,6586.25,4,2,0.5,0
LGS2ORD0044702,C015463,2025-12-21 00:00:00,Male,51,Silver,Shopee,Khon Kaen,1056,Web,Credit_Card,0,12,6,1,>50,35.2,2.0,1.0,0.5,170,95,624.73,0.25,1.0,0.5,0.0,0.0,0,0,0.0,0.0,0,0,0.0,0.0,0,0,0.0,1249.46,2,1,0.5,0
LGS2ORD0044703,C010180,2025-12-21 00:00:00,Female,43,Gold,Lazada,Bangkok,1669,Shopee,COD,0,12,6,1,40-50,55.63333333333333,7.0,3.0,0.42857142857142855,87,57,3987.0099999999998,0.33,0.14285714285714285,0.42857142857142855,0.0,0.0,0,0,0.0,0.0,0,0,0.0,2469.91,2,0,0.0,27909.07,7,3,0.42857142857142855,0
LGS2ORD0044704,C017994,2025-12-21 00:00:00,Male,43,Silver,Lazada,Khon Kaen,1554,Lazada,PromptPay,0,12,6,1,40-50,51.8,2.0,1.0,0.5,341,73,12521.565,0.05,0.0,0.0,0.0,0.0,0,0,0.0,0.0,0,0,0.0,21947.58,1,0,0.0,25043.13,2,1,0.5,0
LGS2ORD0044705,C017229,2025-12-21 01:00:00,Female,27,Silver,Lazada,Bangkok,755,Web,PromptPay,1,12,6,1,20-30,25.166666666666668,3.0,1.0,0.3333333333333333,215,120,2486.3133333333335,0.25,0.6666666666666666,0.3333333333333333,0.0,0.0,0,0,0.0,0.0,0,0,0.0,0.0,0,0,0.0,7458.9400000000005,3,1,0.3333333333333333,0
LGS2ORD0044706,C010918,2025-12-21 01:00:00,Male,62,Bronze,Lazada,Remote_Area,766,Lazada,COD,1,12,6,1,>50,25.533333333333335,6.0,2.0,0.3333333333333333,2,14,4286.8983333333335,0.28,0.8333333333333334,0.16666666666666666,0.0,0.0,0,0,0.0,1757.56,1,1,1.0,1757.56,1,1,1.0,25721.39,6,2,0.3333333333333333,1
LGS2ORD0044707,C011273,2025-12-21 01:00:00,Female,45,Silver,Web,Bangkok,1529,TV_Show,PromptPay,1,12,6,1,40-50,50.96666666666667,4.0,1.0,0.25,256,109,9140.91,0.3,0.5,0.25,0.0,0.0,0,0,0.0,0.0,0,0,0.0,0.0,0,0,0.0,36563.64,4,1,0.25,1
LGS2ORD0044708,C012579,2025-12-21 01:00:00,Female,41,Gold,Shopee,Khon Kaen,468,Shopee,Credit_Card,1,12,6,1,40-50,15.6,3.0,0.0,0.0,-1,48,2794.47,0.13,0.3333333333333333,0.0,0.0,0.0,0,0,0.0,0.0,0,0,0.0,8383.41,3,0,0.0,8383.41,3,0,0.0,0
LGS2ORD0044709,C014979,2025-12-21 01:00:00,Female,59,Bronze,TV,Chiang Mai,1589,Shopee,Credit_Card,1,12,6,1,>50,52.96666666666667,9.0,1.0,0.1111111111111111,193,93,2776.6066666666666,0.28,0.4444444444444444,0.3333333333333333,0.0,0.0,0,0,0.0,0.0,0,0,0.0,0.0,0,0,0.0,24989.46,9,1,0.1111111111111111,0
LGS2ORD0044710,C010728,2025-12-21 02:00:00,Female,53,Gold,Shopee,Songkhla,1804,Lazada,PromptPay,2,12,6,1,>50,60.13333333333333,6.0,0.0,0.0,-1,81,6855.23,0.28,0.5,0.5,0.0,0.0,0,0,0.0,0.0,0,0,0.0,6241.57,1,0,0.0,41131.38,6,0,0.0,0
LGS2ORD0044711,C013655,2025-12-21 02:00:00,Female,23,Silver,TV,Khon Kaen,1681,Shopee,PromptPay,2,12,6,1,20-30,56.03333333333333,5.0,2.0,0.4,47,57,5347.586,0.3,0.4,0.2,0.0,0.0,0,0,0.0,0.0,0,0,0.0,19870.75,3,2,0.6666666666666666,26737.93,5,2,0.4,0
LGS2ORD0044712,C016610,2025-12-21 02:00:00,Female,43,Silver,Shopee,Bangkok,705,CallCenter,Bank_Transfer,2,12,6,1,40-50,23.5,5.0,3.0,0.6,112,123,3750.1600000000008,0.25,0.6,0.2,0.0,0.0,0,0,0.0,0.0,0,0,0.0,0.0,0,0,0.0,18750.800000000003,5,3,0.6,0
LGS2ORD0044713,C015794,2025-12-21 02:00:00,Female,18,Silver,Web,Khon Kaen,1651,TV_Show,COD,2,12,6,1,<20,55.03333333333333,4.0,1.0,0.25,59,13,5490.6725,0.15,0.5,0.0,0.0,0.0,0,0,0.0,1202.69,1,0,0.0,20023.21,2,1,0.5,21962.69,4,1,0.25,0
LGS2ORD0044714,C013112,2025-12-21 02:00:00,Male,29,Silver,Lazada,Khon Kaen,423,Shopee,Bank_Transfer,2,12,6,1,20-30,14.1,3.0,0.0,0.0,-1,191,4132.06,0.2,0.6666666666666666,0.0,0.0,0.0,0,0,0.0,0.0,0,0,0.0,0.0,0,0,0.0,12396.18,3,0,0.0,0
LGS2ORD0044715,C013178,2025-12-21 03:00:00,Female,37,Silver,CallCenter,Remote_Area,418,Web,COD,3,12,6,1,30-40,13.933333333333334,7.0,1.0,0.14285714285714285,9,19,8668.201428571429,0.25,0.42857142857142855,0.14285714285714285,0.0,0.0,0,0,0.0,28832.37,1,1,1.0,28832.37,1,1,1.0,60677.409999999996,7,1,0.14285714285714285,0
LGS2ORD0044716,C012392,2025-12-21 03:00:00,Female,44,Bronze,CallCenter,Songkhla,1244,Lazada,COD,3,12,6,1,40-50,41.46666666666667,8.0,5.0,0.625,11,21,2549.56625,0.28,0.75,0.375,0.0,0.0,0,0,0.0,1061.02,1,1,1.0,7228.17,3,3,1.0,20396.53,8,5,0.625,1
LGS2ORD0044717,C017376,2025-12-21 03:00:00,Female,48,Gold,Shopee,Bangkok,1196,Lazada,Bank_Transfer,3,12,6,1,40-50,39.86666666666667,6.0,3.0,0.5,2,16,3449.4249999999997,0.33,0.8333333333333334,0.3333333333333333,0.0,0.0,0,0,0.0,1200.01,1,1,1.0,18094.649999999998,3,1,0.3333333333333333,20696.55,6,3,0.5,0
LGS2ORD0044718,C016799,2025-12-21 03:00:00,Male,53,Silver,TV,Chonburi,1155,CallCenter,Credit_Card,3,12,6,1,>50,38.5,4.0,2.0,0.5,33,13,10708.892500000002,0.3,0.75,0.25,0.0,0.0,0,0,0.0,5411.87,1,0,0.0,29928.09,2,1,0.5,42835.57000000001,4,2,0.5,0
LGS2ORD0044719,C017571,2025-12-21 03:00:00,Male,55,Bronze,Lazada,Songkhla,1330,Lazada,COD,3,12,6,1,>50,44.333333333333336,7.0,3.0,0.42857142857142855,116,93,1955.3642857142856,0.18,0.2857142857142857,0.0,0.0,0.0,0,0,0.0,0.0,0,0,0.0,0.0,0,0,0.0,13687.55,7,3,0.42857142857142855,1
LGS2ORD0044720,C010546,2025-12-21 03:00:00,Male,30,Silver,Shopee,Chiang Mai,1103,Lazada,COD,3,12,6,1,20-30,36.766666666666666,8.0,0.0,0.0,-1,63,3253.1450000000004,0.2,0.125,0.0,0.0,0.0,0,0,0.0,0.0,0,0,0.0,6648.09,1,0,0.0,26025.160000000003,8,0,0.0,0
LGS2ORD0044721,C017935,2025-12-21 04:00:00,Female,54,Bronze,Web,Phuket,1164,Web,Credit_Card,4,12,6,1,>50,38.8,10.0,5.0,0.5,17,27,4851.084,0.23,0.8,0.2,0.0,0.0,0,0,0.0,11110.42,2,1,0.5,18877.239999999998,4,1,0.25,48510.84,10,5,0.5,0
LGS2ORD0044722,C012240,2025-12-21 04:00:00,Female,39,Gold,Shopee,Bangkok,1799,Web,Credit_Card,4,12,6,1,30-40,59.96666666666667,5.0,2.0,0.4,84,6,3174.278,0.33,0.8,0.2,0.0,5871.02,1,0,0.0,5871.02,1,0,0.0,9637.94,2,0,0.0,15871.39,5,2,0.4,0
LGS2ORD0044723,C013193,2025-12-21 04:00:00,Male,58,Bronze,Shopee,Phuket,653,Lazada,Credit_Card,4,12,6,1,>50,21.766666666666666,8.0,5.0,0.625,33,36,10227.4975,0.23,0.375,0.125,0.0,0.0,0,0,0.0,0.0,0,0,0.0,55951.920000000006,3,2,0.6666666666666666,81819.98,8,5,0.625,0
LGS2ORD0044724,C016764,2025-12-21 04:00:00,Male,40,Bronze,TV,Khon Kaen,397,Web,Credit_Card,4,12,6,1,30-40,13.233333333333333,2.0,1.0,0.5,35,47,7092.105,0.18,0.0,0.0,0.0,0.0,0,0,0.0,0.0,0,0,0.0,12400.58,1,1,1.0,14184.21,2,1,0.5,0
LGS2ORD0044725,C016525,2025-12-21 04:00:00,Female,45,Silver,Shopee,Bangkok,1685,CallCenter,COD,4,12,6,1,40-50,56.166666666666664,6.0,1.0,0.16666666666666666,269,7,4765.768333333333,0.25,0.5,0.16666666666666666,0.0,0.0,0,0,0.0,15116.74,2,0,0.0,15116.74,2,0,0.0,28594.61,6,1,0.16666666666666666,0
LGS2ORD0044726,C010206,2025-12-21 05:00:00,Other,46,Silver,Web,Chiang Mai,899,TV_Show,Credit_Card,5,12,6,1,40-50,29.966666666666665,8.0,3.0,0.375,85,59,2586.7075,0.3,0.75,0.375,0.0,0.0,0,0,0.0,0.0,0,0,0.0,6448.4,2,0,0.0,20693.66,8,3,0.375,0
LGS2ORD0044727,C013454,2025-12-21 05:00:00,Male,49,Gold,TV,Bangkok,1291,CallCenter,COD,5,12,6,1,40-50,43.03333333333333,2.0,0.0,0.0,-1,4,6147.715,0.08,1.0,0.0,0.0,584.67,1,0,0.0,584.67,1,0,0.0,12295.43,2,0,0.0,12295.43,2,0,0.0,1
LGS2ORD0044728,C012672,2025-12-21 05:00:00,Male,50,Silver,Shopee,Bangkok,1173,Shopee,COD,5,12,6,1,40-50,39.1,4.0,1.0,0.25,137,95,5609.735,0.25,0.5,0.5,0.0,0.0,0,0,0.0,0.0,0,0,0.0,0.0,0,0,0.0,22438.94,4,1,0.25,0
LGS2ORD0044729,C016862,2025-12-21 05:00:00,Female,54,Bronze,CallCenter,Remote_Area,474,TV_Show,COD,5,12,6,1,>50,15.8,4.0,2.0,0.5,159,40,3341.0625,0.28,0.25,0.75,0.0,0.0,0,0,0.0,0.0,0,0,0.0,718.77,1,0,0.0,13364.25,4,2,0.5,0
LGS2ORD0044730,C017640,2025-12-21 05:00:00,Female,54,Platinum,Lazada,Chonburi,1247,Web,Credit_Card,5,12,6,1,>50,41.56666666666667,3.0,1.0,0.3333333333333333,56,66,4099.2300000000005,0.25,0.6666666666666666,0.3333333333333333,0.0,0.0,0,0,0.0,0.0,0,0,0.0,3930.69,2,1,0.5,12297.69,3,1,0.3333333333333333,0
LGS2ORD0044731,C014044,2025-12-21 06:00:00,Male,33,Bronze,CallCenter,Bangkok,1124,Web,Bank_Transfer,6,12,6,1,30-40,37.46666666666667,6.0,1.0,0.16666666666666666,214,90,2536.763333333334,0.28,0.5,0.3333333333333333,0.0,0.0,0,0,0.0,0.0,0,0,0.0,0.0,0,0,0.0,15220.580000000002,6,1,0.16666666666666666,0
LGS2ORD0044732,C015661,2025-12-21 06:00:00,Female,54,Bronze,Shopee,Nakhon Ratchasima,1203,TV_Show,PromptPay,6,12,6,1,>50,40.1,8.0,2.0,0.25,10,18,2336.6225,0.28,0.875,0.25,0.0,0.0,0,0,0.0,418.51,1,1,1.0,1720.77,2,2,1.0,18692.98,8,2,0.25,1
LGS2ORD0044733,C015917,2025-12-21 06:00:00,Female,50,Gold,CallCenter,Nakhon Ratchasima,1729,CallCenter,COD,6,12,6,1,40-50,57.63333333333333,5.0,0.0,0.0,-1,27,2740.5700000000006,0.33,1.0,0.2,0.0,0.0,0,0,0.0,1127.2,1,0,0.0,1127.2,1,0,0.0,13702.850000000002,5,0,0.0,0
LGS2ORD0044734,C014594,2025-12-21 06:00:00,Female,41,Silver,CallCenter,Nakhon Ratchasima,1575,TV_Show,COD,6,12,6,1,40-50,52.5,9.0,2.0,0.2222222222222222,54,15,4482.2444444444445,0.2,0.5555555555555556,0.0,0.0,0.0,0,0,0.0,11669.63,1,0,0.0,13558.34,3,1,0.3333333333333333,40340.2,9,2,0.2222222222222222,0
LGS2ORD0044735,C014502,2025-12-21 06:00:00,Male,40,Gold,Shopee,Chiang Mai,1795,TV_Show,COD,6,12,6,1,30-40,59.833333333333336,5.0,0.0,0.0,-1,37,4669.336,0.33,0.6,0.6,0.0,0.0,0,0,0.0,0.0,0,0,0.0,13592.68,3,0,0.0,23346.68,5,0,0.0,1
LGS2ORD0044736,C010512,2025-12-21 07:00:00,Male,38,Gold,TV,Chonburi,1287,CallCenter,Credit_Card,7,12,6,1,30-40,42.9,4.0,0.0,0.0,-1,55,3167.4049999999997,0.33,0.5,0.75,0.0,0.0,0,0,0.0,0.0,0,0,0.0,5158.22,2,0,0.0,12669.619999999999,4,0,0.0,0
LGS2ORD0044737,C015208,2025-12-21 07:00:00,Female,39,Bronze,TV,Chiang Mai,632,Shopee,COD,7,12,6,1,30-40,21.066666666666666,1.0,1.0,1.0,327,337,759.95,0.18,0.0,0.0,0.0,0.0,0,0,0.0,0.0,0,0,0.0,0.0,0,0,0.0,759.95,1,1,1.0,1
LGS2ORD0044738,C012848,2025-12-21 07:00:00,Male,48,Bronze,TV,Songkhla,1483,TV_Show,PromptPay,7,12,6,1,40-50,49.43333333333333,5.0,2.0,0.4,144,46,6848.505999999999,0.28,0.8,0.4,0.0,0.0,0,0,0.0,0.0,0,0,0.0,7771.9,1,0,0.0,34242.53,5,2,0.4,1
LGS2ORD0044739,C014326,2025-12-21 07:00:00,Female,39,Bronze,TV,Phuket,1651,TV_Show,PromptPay,7,12,6,1,30-40,55.03333333333333,5.0,3.0,0.6,-3,4,3548.7339999999995,0.28,0.6,0.4,0.0,1138.02,1,1,1.0,1930.87,2,2,1.0,1930.87,2,2,1.0,17743.67,5,3,0.6,0
LGS2ORD0044740,C010161,2025-12-21 07:00:00,Male,37,Gold,Web,Khon Kaen,1467,Shopee,COD,7,12,6,1,30-40,48.9,5.0,0.0,0.0,-1,56,9014.485999999999,0.18,0.6,0.0,0.0,0.0,0,0,0.0,0.0,0,0,0.0,17783.66,1,0,0.0,45072.42999999999,5,0,0.0,0
LGS2ORD0044741,C017731,2025-12-21 07:00:00,Male,51,Bronze,Web,Bangkok,1339,TV_Show,COD,7,12,6,1,>50,44.63333333333333,5.0,2.0,0.4,270,154,8477.384,0.28,0.6,0.4,0.0,0.0,0,0,0.0,0.0,0,0,0.0,0.0,0,0,0.0,42386.92,5,2,0.4,1
LGS2ORD0044742,C012033,2025-12-21 08:00:00,Male,32,Silver,TV,Khon Kaen,1810,Lazada,Bank_Transfer,8,12,6,1,30-40,60.333333333333336,9.0,5.0,0.5555555555555556,2,10,6244.127777777778,0.3,0.5555555555555556,0.6666666666666666,0.0,0.0,0,0,0.0,13278.4,1,1,1.0,24488.440000000002,2,2,1.0,56197.15,9,5,0.5555555555555556,0
LGS2ORD0044743,C014962,2025-12-21 08:00:00,Male,44,Bronze,Shopee,Chiang Mai,1058,CallCenter,PromptPay,8,12,6,1,40-50,35.266666666666666,3.0,0.0,0.0,-1,18,1835.2033333333331,0.28,0.6666666666666666,0.3333333333333333,0.0,0.0,0,0,0.0,3283.7,1,0,0.0,5131.96,2,0,0.0,5505.61,3,0,0.0,0
LGS2ORD0044744,C014356,2025-12-21 08:00:00,Male,24,Bronze,CallCenter,Remote_Area,575,Shopee,PromptPay,8,12,6,1,20-30,19.166666666666668,3.0,3.0,1.0,-9,3,5188.580000000001,0.28,1.0,0.6666666666666666,0.0,6053.3,1,1,1.0,6053.3,1,1,1.0,7971.9400000000005,2,2,1.0,15565.740000000002,3,3,1.0,1
LGS2ORD0044745,C016440,2025-12-21 08:00:00,Female,32,Gold,Lazada,Chiang Mai,1296,Lazada,Credit_Card,8,12,6,1,30-40,43.2,2.0,0.0,0.0,-1,204,10999.655,0.18,0.5,0.0,0.0,0.0,0,0,0.0,0.0,0,0,0.0,0.0,0,0,0.0,21999.31,2,0,0.0,0
LGS2ORD0044746,C015355,2025-12-21 08:00:00,Male,24,Gold,TV,Chiang Mai,1163,Lazada,COD,8,12,6,1,20-30,38.766666666666666,7.0,1.0,0.14285714285714285,316,37,2793.8771428571426,0.33,0.5714285714285714,0.5714285714285714,0.0,0.0,0,0,0.0,0.0,0,0,0.0,7976.49,2,0,0.0,19557.14,7,1,0.14285714285714285,0
LGS2ORD0044747,C013998,2025-12-21 09:00:00,Female,26,Gold,CallCenter,Remote_Area,679,Lazada,COD,9,12,6,1,20-30,22.633333333333333,4.0,1.0,0.25,94,106,4882.2,0.28,0.5,0.25,0.0,0.0,0,0,0.0,0.0,0,0,0.0,0.0,0,0,0.0,19528.8,4,1,0.25,0
LGS2ORD0044748,C017114,2025-12-21 09:00:00,Female,38,Silver,Web,Songkhla,549,TV_Show,Credit_Card,9,12,6,1,30-40,18.3,3.0,1.0,0.3333333333333333,283,207,9833.183333333332,0.25,0.6666666666666666,0.3333333333333333,0.0,0.0,0,0,0.0,0.0,0,0,0.0,0.0,0,0,0.0,29499.55,3,1,0.3333333333333333,0
LGS2ORD0044749,C014719,2025-12-21 09:00:00,Female,56,Bronze,Shopee,Chonburi,1104,Web,Credit_Card,9,12,6,1,>50,36.8,11.0,2.0,0.18181818181818182,154,71,3207.5954545454547,0.28,0.2727272727272727,0.18181818181818182,0.0,0.0,0,0,0.0,0.0,0,0,0.0,6881.97,2,0,0.0,35283.55,11,2,0.18181818181818182,0
LGS2ORD0044750,C015207,2025-12-21 09:00:00,Female,49,Gold,TV,Bangkok,613,Shopee,Credit_Card,9,12,6,1,40-50,20.433333333333334,5.0,0.0,0.0,-1,25,4907.826,0.28,0.2,0.6,0.0,0.0,0,0,0.0,2698.13,1,0,0.0,8251.36,2,0,0.0,24539.13,5,0,0.0,0
LGS2ORD0044751,C014852,2025-12-21 09:00:00,Male,31,Bronze,TV,Bangkok,1065,Web,COD,9,12,6,1,30-40,35.5,4.0,0.0,0.0,-1,148,6456.9725,0.13,0.25,0.0,0.0,0.0,0,0,0.0,0.0,0,0,0.0,0.0,0,0,0.0,25827.89,4,0,0.0,0
LGS2ORD0044752,C012021,2025-12-21 10:00:00,Male,41,Gold,Web,Songkhla,1320,Lazada,COD,10,12,6,1,40-50,44.0,3.0,0.0,0.0,-1,108,3697.2999999999997,0.2299999999999999,0.3333333333333333,0.6666666666666666,0.0,0.0,0,0,0.0,0.0,0,0,0.0,0.0,0,0,0.0,11091.9,3,0,0.0,0
LGS2ORD0044753,C014610,2025-12-21 10:00:00,Male,40,Bronze,Lazada,Nakhon Ratchasima,1041,Web,Credit_Card,10,12,6,1,30-40,34.7,8.0,2.0,0.25,195,79,6989.775,0.23,0.75,0.125,0.0,0.0,0,0,0.0,0.0,0,0,0.0,14987.96,1,0,0.0,55918.2,8,2,0.25,0
LGS2ORD0044754,C012982,2025-12-21 10:00:00,Female,51,Silver,TV,Songkhla,1420,Web,Bank_Transfer,10,12,6,1,>50,47.333333333333336,10.0,3.0,0.3,0,2,6075.923,0.3,0.5,0.3,0.0,4866.2,1,0,0.0,26190.7,2,1,0.5,42982.77,4,2,0.5,60759.229999999996,10,3,0.3,0
LGS2ORD0044755,C012122,2025-12-21 10:00:00,Female,30,Platinum,Lazada,Chonburi,952,Web,Credit_Card,10,12,6,1,20-30,31.733333333333334,2.0,0.0,0.0,-1,34,10455.425000000001,0.2,1.0,0.0,0.0,0.0,0,0,0.0,0.0,0,0,0.0,622.02,1,0,0.0,20910.850000000002,2,0,0.0,0
LGS2ORD0044756,C010801,2025-12-21 10:00:00,Female,65,Gold,TV,Nakhon Ratchasima,1471,Web,Credit_Card,10,12,6,1,>50,49.03333333333333,9.0,3.0,0.3333333333333333,-4,1,3364.26,0.33,0.7777777777777778,0.5555555555555556,0.0,3920.84,1,1,1.0,10068.52,2,2,1.0,10068.52,2,2,1.0,30278.34,9,3,0.3333333333333333,0
LGS2ORD0044757,C015175,2025-12-21 10:00:00,Female,26,Bronze,Web,Remote_Area,777,Web,COD,10,12,6,1,20-30,25.9,4.0,0.0,0.0,-1,130,2110.3824999999997,0.23,1.0,0.25,0.0,0.0,0,0,0.0,0.0,0,0,0.0,0.0,0,0,0.0,8441.529999999999,4,0,0.0,0
LGS2ORD0044758,C014933,2025-12-21 11:00:00,Male,58,Bronze,TV,Remote_Area,719,Shopee,Bank_Transfer,11,12,6,1,>50,23.966666666666665,5.0,3.0,0.6,138,147,1084.596,0.28,0.4,0.2,0.0,0.0,0,0,0.0,0.0,0,0,0.0,0.0,0,0,0.0,5422.98,5,3,0.6,0
LGS2ORD0044759,C016124,2025-12-21 11:00:00,Male,27,Gold,Lazada,Chiang Mai,1566,Web,COD,11,12,6,1,20-30,52.2,5.0,2.0,0.4,168,117,7627.722,0.33,0.4,0.8,0.0,0.0,0,0,0.0,0.0,0,0,0.0,0.0,0,0,0.0,38138.61,5,2,0.4,0
LGS2ORD0044760,C017796,2025-12-21 11:00:00,Female,59,Silver,Web,Phuket,991,TV_Show,Credit_Card,11,12,6,1,>50,33.03333333333333,7.0,2.0,0.2857142857142857,173,125,6160.058571428572,0.25,0.7142857142857143,0.2857142857142857,0.0,0.0,0,0,0.0,0.0,0,0,0.0,0.0,0,0,0.0,43120.41,7,2,0.2857142857142857,1
LGS2ORD0044761,C012029,2025-12-21 11:00:00,Male,35,Bronze,Web,Bangkok,393,TV_Show,Credit_Card,11,12,6,1,30-40,13.1,5.0,1.0,0.2,23,29,4859.108,0.28,0.2,0.2,0.0,0.0,0,0,0.0,10389.81,1,1,1.0,15643.82,2,1,0.5,24295.54,5,1,0.2,1
LGS2ORD0044762,C010032,2025-12-21 11:00:00,Male,52,Silver,Shopee,Nakhon Ratchasima,569,TV_Show,PromptPay,11,12,6,1,>50,18.966666666666665,12.0,1.0,0.08333333333333333,262,1,4929.781666666667,0.3,0.3333333333333333,0.16666666666666666,0.0,5453.280000000001,2,0,0.0,5453.280000000001,2,0,0.0,10227.570000000002,4,0,0.0,59157.380000000005,12,1,0.08333333333333333,1
LGS2ORD0044763,C012248,2025-12-21 12:00:00,Female,41,Silver,Lazada,Songkhla,534,Shopee,Credit_Card,12,12,6,1,40-50,17.8,4.0,2.0,0.5,6,14,4906.25,0.2,0.25,0.0,0.0,0.0,0,0,0.0,5157.13,1,1,1.0,5157.13,1,1,1.0,19625.0,4,2,0.5,0
LGS2ORD0044764,C011374,2025-12-21 12:00:00,Female,31,Silver,CallCenter,Chonburi,1089,Shopee,PromptPay,12,12,6,1,30-40,36.3,4.0,2.0,0.5,231,90,2542.99,0.25,0.25,0.25,0.0,0.0,0,0,0.0,0.0,0,0,0.0,0.0,0,0,0.0,10171.96,4,2,0.5,0
LGS2ORD0044765,C011379,2025-12-21 12:00:00,Female,33,Bronze,CallCenter,Nakhon Ratchasima,1433,TV_Show,COD,12,12,6,1,30-40,47.766666666666666,12.0,4.0,0.3333333333333333,31,35,4211.4425,0.28,0.5,0.4166666666666667,0.08333333333333333,0.0,0,0,0.0,0.0,0,0,0.0,4435.03,2,1,0.5,50537.310000000005,12,4,0.3333333333333333,1
LGS2ORD0044766,C015428,2025-12-21 12:00:00,Male,58,Bronze,TV,Remote_Area,1431,Shopee,PromptPay,12,12,6,1,>50,47.7,10.0,4.0,0.4,3,15,5193.949,0.28,0.6,0.4,0.0,0.0,0,0,0.0,13698.24,1,1,1.0,21586.07,3,2,0.6666666666666666,51939.49,10,4,0.4,0
LGS2ORD0044767,C016165,2025-12-21 12:00:00,Female,51,Gold,TV,Nakhon Ratchasima,1654,CallCenter,Credit_Card,12,12,6,1,>50,55.13333333333333,5.0,1.0,0.2,3,10,6318.2919999999995,0.2299999999999999,1.0,0.4,0.0,0.0,0,0,0.0,16061.71,1,1,1.0,16061.71,1,1,1.0,31591.46,5,1,0.2,0
LGS2ORD0044768,C014145,2025-12-21 13:00:00,Female,37,Gold,TV,Khon Kaen,522,Shopee,COD,13,12,6,1,30-40,17.4,7.0,1.0,0.14285714285714285,76,15,4376.404285714286,0.33,0.7142857142857143,0.42857142857142855,0.0,0.0,0,0,0.0,1383.6,1,0,0.0,13072.720000000001,3,1,0.3333333333333333,30634.83,7,1,0.14285714285714285,0
LGS2ORD0044769,C015509,2025-12-21 13:00:00,Female,52,Gold,Shopee,Phuket,1010,TV_Show,PromptPay,13,12,6,1,>50,33.666666666666664,8.0,1.0,0.125,221,117,1447.2275,0.33,0.25,0.875,0.0,0.0,0,0,0.0,0.0,0,0,0.0,0.0,0,0,0.0,11577.82,8,1,0.125,0
LGS2ORD0044770,C014486,2025-12-21 13:00:00,Male,38,Bronze,TV,Khon Kaen,858,Web,COD,13,12,6,1,30-40,28.6,5.0,2.0,0.4,104,111,2344.268,0.23,0.8,0.2,0.0,0.0,0,0,0.0,0.0,0,0,0.0,0.0,0,0,0.0,11721.34,5,2,0.4,0
LGS2ORD0044771,C015369,2025-12-21 13:00:00,Female,34,Bronze,Web,Remote_Area,1547,TV_Show,COD,13,12,6,1,30-40,51.56666666666667,2.0,1.0,0.5,211,222,3717.545,0.28,0.5,0.5,0.0,0.0,0,0,0.0,0.0,0,0,0.0,0.0,0,0,0.0,7435.09,2,1,0.5,0
LGS2ORD0044772,C011725,2025-12-21 13:00:00,Male,50,Bronze,TV,Chiang Mai,1239,Lazada,PromptPay,13,12,6,1,40-50,41.3,2.0,0.0,0.0,-1,235,7417.13,0.18,1.0,0.0,0.0,0.0,0,0,0.0,0.0,0,0,0.0,0.0,0,0,0.0,14834.26,2,0,0.0,0
LGS2ORD0044773,C014476,2025-12-21 14:00:00,Other,25,Silver,TV,Bangkok,995,TV_Show,COD,14,12,6,1,20-30,33.166666666666664,7.0,4.0,0.5714285714285714,64,25,8826.925714285713,0.25,0.5714285714285714,0.14285714285714285,0.0,0.0,0,0,0.0,22818.06,1,0,0.0,50812.17,3,2,0.6666666666666666,61788.479999999996,7,4,0.5714285714285714,1
LGS2ORD0044774,C010797,2025-12-21 14:00:00,Female,31,Gold,CallCenter,Khon Kaen,1639,Lazada,COD,14,12,6,1,30-40,54.63333333333333,11.0,3.0,0.2727272727272727,52,5,6309.295454545455,0.2299999999999999,0.5454545454545454,0.09090909090909091,0.0,7360.4,1,0,0.0,7360.4,1,0,0.0,22897.010000000002,5,1,0.2,69402.25,11,3,0.2727272727272727,0
LGS2ORD0044775,C011480,2025-12-21 14:00:00,Female,61,Bronze,Lazada,Phuket,1672,TV_Show,Credit_Card,14,12,6,1,>50,55.733333333333334,6.0,2.0,0.3333333333333333,47,7,3841.7383333333332,0.28,0.6666666666666666,0.5,0.0,0.0,0,0,0.0,7006.52,1,0,0.0,10291.900000000001,4,1,0.25,23050.43,6,2,0.3333333333333333,0
LGS2ORD0044776,C010715,2025-12-21 14:00:00,Male,66,Silver,Lazada,Bangkok,571,TV_Show,COD,14,12,6,1,>50,19.033333333333335,5.0,1.0,0.2,106,69,4951.904,0.25,0.6,0.2,0.0,0.0,0,0,0.0,0.0,0,0,0.0,12013.2,2,0,0.0,24759.52,5,1,0.2,1
LGS2ORD0044777,C016660,2025-12-21 14:00:00,Male,36,Bronze,Web,Bangkok,1767,Web,Credit_Card,14,12,6,1,30-40,58.9,5.0,1.0,0.2,24,5,9506.716000000002,0.23,0.2,0.2,0.0,1273.73,1,0,0.0,4216.13,2,1,0.5,4216.13,2,1,0.5,47533.58000000001,5,1,0.2,0
LGS2ORD0044778,C010583,2025-12-21 14:00:00,Female,56,Bronze,Shopee,Bangkok,1075,Lazada,PromptPay,14,12,6,1,>50,35.833333333333336,8.0,2.0,0.25,80,54,4293.6,0.23,0.5,0.25,0.0,0.0,0,0,0.0,0.0,0,0,0.0,1260.06,1,0,0.0,34348.8,8,2,0.25,1
LGS2ORD0044779,C017417,2025-12-21 15:00:00,Female,41,Bronze,TV,Remote_Area,1526,TV_Show,COD,15,12,6,1,40-50,50.86666666666667,2.0,2.0,1.0,233,246,3719.475,0.23,0.5,0.5,0.0,0.0,0,0,0.0,0.0,0,0,0.0,0.0,0,0,0.0,7438.95,2,2,1.0,1
LGS2ORD0044780,C016328,2025-12-21 15:00:00,Female,72,Silver,CallCenter,Remote_Area,604,Shopee,Credit_Card,15,12,6,1,>50,20.133333333333333,11.0,3.0,0.2727272727272727,149,19,6398.183636363637,0.25,0.18181818181818182,0.09090909090909091,0.0,0.0,0,0,0.0,8360.380000000001,2,0,0.0,8669.32,3,0,0.0,70380.02,11,3,0.2727272727272727,0
LGS2ORD0044781,C010693,2025-12-21 15:00:00,Male,60,Gold,Web,Phuket,1360,Shopee,Credit_Card,15,12,6,1,>50,45.333333333333336,8.0,5.0,0.625,-4,5,9979.17625,0.28,0.25,0.375,0.0,17232.14,1,1,1.0,17232.14,1,1,1.0,28930.449999999997,2,2,1.0,79833.41,8,5,0.625,0
LGS2ORD0044782,C010251,2025-12-21 15:00:00,Male,56,Gold,Web,Khon Kaen,1585,Lazada,PromptPay,15,12,6,1,>50,52.833333333333336,5.0,0.0,0.0,-1,122,2623.884,0.33,0.8,0.6,0.0,0.0,0,0,0.0,0.0,0,0,0.0,0.0,0,0,0.0,13119.42,5,0,0.0,0
LGS2ORD0044783,C014609,2025-12-21 15:00:00,Female,42,Bronze,Web,Khon Kaen,1192,Web,COD,15,12,6,1,40-50,39.733333333333334,3.0,0.0,0.0,-1,150,2475.486666666666,0.23,0.3333333333333333,0.3333333333333333,0.0,0.0,0,0,0.0,0.0,0,0,0.0,0.0,0,0,0.0,7426.459999999999,3,0,0.0,0
LGS2ORD0044784,C015508,2025-12-21 16:00:00,Female,45,Gold,Lazada,Bangkok,468,Web,Bank_Transfer,16,12,6,1,40-50,15.6,3.0,0.0,0.0,-1,63,3564.49,0.28,0.6666666666666666,0.3333333333333333,0.0,0.0,0,0,0.0,0.0,0,0,0.0,2266.51,1,0,0.0,10693.47,3,0,0.0,0
LGS2ORD0044785,C016588,2025-12-21 16:00:00,Female,43,Silver,Web,Khon Kaen,988,Web,COD,16,12,6,1,40-50,32.93333333333333,7.0,3.0,0.42857142857142855,63,73,6449.624285714286,0.3,0.7142857142857143,0.7142857142857143,0.0,0.0,0,0,0.0,0.0,0,0,0.0,5936.92,2,2,1.0,45147.37,7,3,0.42857142857142855,0
LGS2ORD0044786,C013825,2025-12-21 16:00:00,Male,46,Gold,Lazada,Bangkok,1645,Web,Bank_Transfer,16,12,6,1,40-50,54.833333333333336,2.0,1.0,0.5,196,209,21818.565,0.2299999999999999,0.5,0.5,0.0,0.0,0,0,0.0,0.0,0,0,0.0,0.0,0,0,0.0,43637.13,2,1,0.5,1
LGS2ORD0044787,C013179,2025-12-21 16:00:00,Male,42,Gold,Shopee,Songkhla,1519,Lazada,Credit_Card,16,12,6,1,40-50,50.63333333333333,4.0,2.0,0.5,70,79,6617.355,0.33,0.5,0.75,0.0,0.0,0,0,0.0,0.0,0,0,0.0,13689.22,1,1,1.0,26469.42,4,2,0.5,0
LGS2ORD0044788,C017727,2025-12-21 16:00:00,Other,68,Bronze,CallCenter,Bangkok,1191,Web,Credit_Card,16,12,6,1,>50,39.7,4.0,1.0,0.25,263,27,1762.405,0.28,1.0,0.5,0.0,0.0,0,0,0.0,378.53,1,0,0.0,378.53,1,0,0.0,7049.62,4,1,0.25,0
LGS2ORD0044789,C010564,2025-12-21 17:00:00,Female,32,Gold,Web,Phuket,1725,Web,Bank_Transfer,17,12,6,1,30-40,57.5,0.0,0.0,0.0,-1,-1,0.0,0.0,0.0,0.0,0.0,0.0,0,0,0.0,0.0,0,0,0.0,0.0,0,0,0.0,0.0,0,0,0.0,0
LGS2ORD0044790,C017485,2025-12-21 17:00:00,Male,50,Bronze,TV,Nakhon Ratchasima,618,Lazada,Credit_Card,17,12,6,1,40-50,20.6,3.0,0.0,0.0,-1,67,1948.4166666666667,0.28,0.6666666666666666,0.6666666666666666,0.0,0.0,0,0,0.0,0.0,0,0,0.0,1660.37,1,0,0.0,5845.25,3,0,0.0,0
LGS2ORD0044791,C016768,2025-12-21 17:00:00,Male,24,Gold,Lazada,Bangkok,1295,Lazada,COD,17,12,6,1,20-30,43.166666666666664,3.0,1.0,0.3333333333333333,98,112,4116.24,0.28,0.6666666666666666,0.6666666666666666,0.0,0.0,0,0,0.0,0.0,0,0,0.0,0.0,0,0,0.0,12348.72,3,1,0.3333333333333333,0
LGS2ORD0044792,C011258,2025-12-21 17:00:00,Female,41,Silver,Web,Chonburi,1735,Web,Bank_Transfer,17,12,6,1,40-50,57.833333333333336,6.0,1.0,0.16666666666666666,118,15,3942.303333333333,0.3,0.16666666666666666,0.3333333333333333,0.0,0.0,0,0,0.0,4915.3,1,0,0.0,6509.83,3,0,0.0,23653.819999999996,6,1,0.16666666666666666,0
LGS2ORD0044793,C012944,2025-12-21 17:00:00,Male,56,Bronze,TV,Khon Kaen,1745,CallCenter,COD,17,12,6,1,>50,58.166666666666664,3.0,0.0,0.0,-1,159,7194.306666666667,0.18,0.6666666666666666,0.0,0.0,0.0,0,0,0.0,0.0,0,0,0.0,0.0,0,0,0.0,21582.920000000002,3,0,0.0,0
LGS2ORD0044794,C017940,2025-12-21 18:00:00,Female,30,Silver,Shopee,Nakhon Ratchasima,1617,Web,Credit_Card,18,12,6,1,20-30,53.9,6.0,0.0,0.0,-1,7,6768.420000000001,0.3,0.3333333333333333,0.5,0.0,0.0,0,0,0.0,9800.21,1,0,0.0,12094.47,2,0,0.0,40610.520000000004,6,0,0.0,0
LGS2ORD0044795,C011493,2025-12-21 18:00:00,Female,40,Gold,TV,Chiang Mai,1313,TV_Show,COD,18,12,6,1,30-40,43.766666666666666,7.0,0.0,0.0,-1,7,11069.378571428573,0.33,0.7142857142857143,0.2857142857142857,0.0,0.0,0,0,0.0,1696.49,1,0,0.0,16756.24,2,0,0.0,77485.65000000001,7,0,0.0,0
LGS2ORD0044796,C013465,2025-12-21 18:00:00,Female,51,Bronze,TV,Chiang Mai,936,Shopee,COD,18,12,6,1,>50,31.2,8.0,1.0,0.125,44,12,3380.9937499999996,0.23,0.375,0.125,0.0,0.0,0,0,0.0,10532.34,2,0,0.0,15365.0,3,1,0.3333333333333333,27047.949999999997,8,1,0.125,0
LGS2ORD0044797,C013745,2025-12-21 18:00:00,Female,59,Bronze,Web,Bangkok,1047,TV_Show,COD,18,12,6,1,>50,34.9,7.0,2.0,0.2857142857142857,2,14,3078.5071428571428,0.28,0.5714285714285714,0.5714285714285714,0.0,0.0,0,0,0.0,269.29,1,1,1.0,5568.16,2,1,0.5,21549.55,7,2,0.2857142857142857,1
LGS2ORD0044798,C013739,2025-12-21 18:00:00,Female,50,Silver,Lazada,Nakhon Ratchasima,630,Shopee,COD,18,12,6,1,40-50,21.0,8.0,1.0,0.125,95,25,7440.165000000001,0.25,0.5,0.25,0.0,0.0,0,0,0.0,9618.95,1,0,0.0,27341.12,4,0,0.0,59521.32000000001,8,1,0.125,1
LGS2ORD0044799,C014212,2025-12-21 18:00:00,Female,51,Silver,TV,Bangkok,395,Web,COD,18,12,6,1,>50,13.166666666666666,4.0,1.0,0.25,333,60,2480.41,0.3,0.25,0.5,0.0,0.0,0,0,0.0,0.0,0,0,0.0,466.38,1,0,0.0,9921.64,4,1,0.25,0
LGS2ORD0044800,C011491,2025-12-21 19:00:00,Female,58,Bronze,TV,Phuket,1405,CallCenter,COD,19,12,6,1,>50,46.833333333333336,4.0,2.0,0.5,123,117,2613.9049999999997,0.18,0.0,0.0,0.0,0.0,0,0,0.0,0.0,0,0,0.0,0.0,0,0,0.0,10455.619999999999,4,2,0.5,0
LGS2ORD0044801,C012550,2025-12-21 19:00:00,Female,41,Bronze,Shopee,Songkhla,1359,TV_Show,Credit_Card,19,12,6,1,40-50,45.3,4.0,1.0,0.25,244,32,4213.202499999999,0.23,0.5,0.25,0.0,0.0,0,0,0.0,0.0,0,0,0.0,1970.14,1,0,0.0,16852.809999999998,4,1,0.25,0
LGS2ORD0044802,C016229,2025-12-21 19:00:00,Female,37,Bronze,Web,Bangkok,560,Shopee,COD,19,12,6,1,30-40,18.666666666666668,7.0,2.0,0.2857142857142857,209,14,8758.221428571429,0.23,0.42857142857142855,0.14285714285714285,0.0,0.0,0,0,0.0,17375.89,2,0,0.0,53730.3,4,0,0.0,61307.55,7,2,0.2857142857142857,1
LGS2ORD0044803,C011637,2025-12-21 19:00:00,Male,36,Gold,Shopee,Nakhon Ratchasima,1291,Web,PromptPay,19,12,6,1,30-40,43.03333333333333,6.0,0.0,0.0,-1,38,3896.0166666666664,0.2299999999999999,0.3333333333333333,0.5,0.0,0.0,0,0,0.0,0.0,0,0,0.0,3758.3,1,0,0.0,23376.1,6,0,0.0,0
LGS2ORD0044804,C017489,2025-12-21 19:00:00,Male,57,Bronze,TV,Bangkok,1349,TV_Show,COD,19,12,6,1,>50,44.96666666666667,1.0,0.0,0.0,-1,186,12182.0,0.03,1.0,0.0,0.0,0.0,0,0,0.0,0.0,0,0,0.0,0.0,0,0,0.0,12182.0,1,0,0.0,0
LGS2ORD0044805,C011058,2025-12-21 20:00:00,Male,32,Bronze,Web,Phuket,749,Lazada,COD,20,12,6,1,30-40,24.966666666666665,6.0,3.0,0.5,82,68,8120.481666666667,0.23,0.6666666666666666,0.5,0.0,0.0,0,0,0.0,0.0,0,0,0.0,6427.5599999999995,2,1,0.5,48722.89,6,3,0.5,1
LGS2ORD0044806,C014607,2025-12-21 20:00:00,Male,37,Bronze,Web,Phuket,588,Web,COD,20,12,6,1,30-40,19.6,4.0,0.0,0.0,-1,80,3354.18,0.18,0.0,0.0,0.0,0.0,0,0,0.0,0.0,0,0,0.0,5181.58,1,0,0.0,13416.72,4,0,0.0,0
LGS2ORD0044807,C016442,2025-12-21 20:00:00,Male,51,Silver,Web,Remote_Area,527,Web,COD,20,12,6,1,>50,17.566666666666666,7.0,2.0,0.2857142857142857,54,62,4555.191428571428,0.3,0.42857142857142855,0.14285714285714285,0.0,0.0,0,0,0.0,0.0,0,0,0.0,2584.25,2,1,0.5,31886.34,7,2,0.2857142857142857,1
LGS2ORD0044808,C014026,2025-12-21 20:00:00,Female,60,Silver,Lazada,Remote_Area,461,Lazada,COD,20,12,6,1,>50,15.366666666666667,11.0,2.0,0.18181818181818182,174,81,3540.3081818181818,0.25,0.6363636363636364,0.18181818181818182,0.0,0.0,0,0,0.0,0.0,0,0,0.0,471.01,1,0,0.0,38943.39,11,2,0.18181818181818182,1
LGS2ORD0044809,C011618,2025-12-21 20:00:00,Female,28,Bronze,TV,Remote_Area,733,Web,Bank_Transfer,20,12,6,1,20-30,24.433333333333334,7.0,2.0,0.2857142857142857,277,130,4430.539999999999,0.28,0.5714285714285714,0.14285714285714285,0.0,0.0,0,0,0.0,0.0,0,0,0.0,0.0,0,0,0.0,31013.779999999995,7,2,0.2857142857142857,0
LGS2ORD0044810,C014806,2025-12-21 21:00:00,Female,65,Gold,Shopee,Chiang Mai,781,Shopee,Credit_Card,21,12,6,1,>50,26.033333333333335,8.0,1.0,0.125,269,45,6683.62125,0.33,0.5,0.375,0.0,0.0,0,0,0.0,0.0,0,0,0.0,26934.67,2,0,0.0,53468.97,8,1,0.125,0
LGS2ORD0044811,C010230,2025-12-21 21:00:00,Female,43,Bronze,Web,Chonburi,454,Web,COD,21,12,6,1,40-50,15.133333333333333,5.0,2.0,0.4,60,68,5298.086,0.23,0.8,0.6,0.0,0.0,0,0,0.0,0.0,0,0,0.0,1628.31,1,1,1.0,26490.43,5,2,0.4,0
LGS2ORD0044812,C011519,2025-12-21 21:00:00,Male,59,Bronze,CallCenter,Remote_Area,710,Lazada,COD,21,12,6,1,>50,23.666666666666668,10.0,2.0,0.2,245,25,6795.628999999999,0.23,0.4,0.4,0.0,0.0,0,0,0.0,11281.7,1,0,0.0,17077.34,2,0,0.0,67956.29,10,2,0.2,0
LGS2ORD0044813,C011303,2025-12-21 21:00:00,Male,62,Silver,TV,Khon Kaen,1189,CallCenter,COD,21,12,6,1,>50,39.63333333333333,5.0,1.0,0.2,333,28,16325.655999999999,0.3,0.2,0.4,0.0,0.0,0,0,0.0,25947.65,1,0,0.0,35125.21,2,0,0.0,81628.28,5,1,0.2,0
LGS2ORD0044814,C010301,2025-12-21 21:00:00,Male,53,Bronze,CallCenter,Bangkok,824,Shopee,COD,21,12,6,1,>50,27.466666666666665,6.0,1.0,0.16666666666666666,295,175,2661.1283333333336,0.23,0.5,0.16666666666666666,0.0,0.0,0,0,0.0,0.0,0,0,0.0,0.0,0,0,0.0,15966.77,6,1,0.16666666666666666,1
LGS2ORD0044815,C017414,2025-12-21 22:00:00,Male,35,Bronze,TV,Khon Kaen,1457,Web,Credit_Card,22,12,6,1,30-40,48.56666666666667,11.0,6.0,0.5454545454545454,67,77,2968.199090909091,0.28,0.5454545454545454,0.6363636363636364,0.0,0.0,0,0,0.0,0.0,0,0,0.0,5604.380000000001,3,2,0.6666666666666666,32650.190000000002,11,6,0.5454545454545454,0
LGS2ORD0044816,C015191,2025-12-21 22:00:00,Male,47,Silver,Lazada,Bangkok,1038,TV_Show,Credit_Card,22,12,6,1,40-50,34.6,5.0,2.0,0.4,76,89,2954.118,0.3,0.6,0.2,0.0,0.0,0,0,0.0,0.0,0,0,0.0,5987.64,1,1,1.0,14770.59,5,2,0.4,0
LGS2ORD0044817,C014983,2025-12-21 22:00:00,Female,58,Bronze,Lazada,Remote_Area,1097,Shopee,COD,22,12,6,1,>50,36.56666666666667,4.0,0.0,0.0,-1,81,3035.1749999999997,0.18,0.5,0.0,0.0,0.0,0,0,0.0,0.0,0,0,0.0,1089.97,1,0,0.0,12140.699999999999,4,0,0.0,0
LGS2ORD0044818,C017107,2025-12-21 22:00:00,Female,54,Silver,CallCenter,Bangkok,1758,CallCenter,COD,22,12,6,1,>50,58.6,7.0,2.0,0.2857142857142857,51,48,3431.7285714285713,0.2,0.42857142857142855,0.0,0.14285714285714285,0.0,0,0,0.0,0.0,0,0,0.0,11037.01,4,1,0.25,24022.1,7,2,0.2857142857142857,0
LGS2ORD0044819,C011788,2025-12-21 22:00:00,Male,66,Platinum,Lazada,Bangkok,890,Web,Credit_Card,22,12,6,1,>50,29.666666666666668,2.0,0.0,0.0,-1,91,3078.35,0.3,1.0,1.0,0.0,0.0,0,0,0.0,0.0,0,0,0.0,0.0,0,0,0.0,6156.7,2,0,0.0,0
LGS2ORD0044820,C010878,2025-12-21 22:00:00,Male,65,Silver,Lazada,Khon Kaen,689,CallCenter,COD,22,12,6,1,>50,22.966666666666665,10.0,2.0,0.2,29,4,4626.854,0.25,0.6,0.1,0.0,7995.9,1,0,0.0,7995.9,1,0,0.0,23424.5,3,1,0.3333333333333333,46268.54,10,2,0.2,0
LGS2ORD0044821,C016324,2025-12-21 23:00:00,Female,48,Bronze,TV,Remote_Area,370,Web,COD,23,12,6,1,40-50,12.333333333333334,7.0,3.0,0.42857142857142855,147,122,3632.218571428571,0.28,0.5714285714285714,0.42857142857142855,0.0,0.0,0,0,0.0,0.0,0,0,0.0,0.0,0,0,0.0,25425.53,7,3,0.42857142857142855,1
LGS2ORD0044822,C017038,2025-12-21 23:00:00,Male,39,Gold,CallCenter,Phuket,872,Lazada,Credit_Card,23,12,6,1,30-40,29.066666666666666,5.0,2.0,0.4,86,100,6364.686,0.33,0.4,0.4,0.0,0.0,0,0,0.0,0.0,0,0,0.0,0.0,0,0,0.0,31823.43,5,2,0.4,0
LGS2ORD0044823,C012001,2025-12-21 23:00:00,Female,39,Silver,Web,Remote_Area,1240,CallCenter,PromptPay,23,12,6,1,30-40,41.333333333333336,4.0,3.0,0.75,90,103,2262.8999999999996,0.3,0.5,0.5,0.0,0.0,0,0,0.0,0.0,0,0,0.0,0.0,0,0,0.0,9051.599999999999,4,3,0.75,0
LGS2ORD0044824,C010993,2025-12-21 23:00:00,Female,50,Bronze,TV,Remote_Area,754,TV_Show,COD,23,12,6,1,40-50,25.133333333333333,6.0,2.0,0.3333333333333333,152,41,5462.265,0.23,0.6666666666666666,0.16666666666666666,0.0,0.0,0,0,0.0,0.0,0,0,0.0,11659.74,2,0,0.0,32773.590000000004,6,2,0.3333333333333333,1
LGS2ORD0044825,C010811,2025-12-21 23:00:00,Male,44,Bronze,TV,Chonburi,1137,Shopee,COD,23,12,6,1,40-50,37.9,6.0,3.0,0.5,119,71,4447.763333333333,0.28,0.5,0.3333333333333333,0.0,0.0,0,0,0.0,0.0,0,0,0.0,3465.03,1,0,0.0,26686.58,6,3,0.5,1
LGS2ORD0044826,C017327,2025-12-22 00:00:00,Male,25,Bronze,Web,Chonburi,1432,Web,COD,0,12,0,0,20-30,47.733333333333334,5.0,1.0,0.2,-8,5,10282.296,0.28,0.8,0.8,0.0,10858.04,1,1,1.0,10858.04,1,1,1.0,17271.32,2,1,0.5,51411.48,5,1,0.2,0
LGS2ORD0044827,C010027,2025-12-22 00:00:00,Female,23,Bronze,Shopee,Khon Kaen,1559,Web,PromptPay,0,12,0,0,20-30,51.96666666666667,6.0,2.0,0.3333333333333333,-8,3,4686.611666666667,0.23,0.8333333333333334,0.5,0.0,2783.8,1,1,1.0,2783.8,1,1,1.0,11035.18,3,1,0.3333333333333333,28119.670000000002,6,2,0.3333333333333333,0
LGS2ORD0044828,C010225,2025-12-22 00:00:00,Female,70,Bronze,Shopee,Songkhla,1633,Shopee,COD,0,12,0,0,>50,54.43333333333333,9.0,6.0,0.6666666666666666,13,23,4212.588888888889,0.28,0.4444444444444444,0.3333333333333333,0.0,0.0,0,0,0.0,910.39,1,1,1.0,3797.35,3,3,1.0,37913.3,9,6,0.6666666666666666,0
LGS2ORD0044829,C013114,2025-12-22 00:00:00,Female,33,Gold,Shopee,Khon Kaen,971,CallCenter,COD,0,12,0,0,30-40,32.36666666666667,6.0,2.0,0.3333333333333333,45,55,5532.385000000001,0.33,0.3333333333333333,0.5,0.0,0.0,0,0,0.0,0.0,0,0,0.0,3886.21,1,1,1.0,33194.310000000005,6,2,0.3333333333333333,0
LGS2ORD0044830,C012007,2025-12-22 00:00:00,Male,42,Silver,TV,Bangkok,1078,Shopee,Credit_Card,0,12,0,0,40-50,35.93333333333333,4.0,1.0,0.25,337,20,3863.74,0.25,0.75,0.25,0.0,0.0,0,0,0.0,841.15,1,0,0.0,841.15,1,0,0.0,15454.96,4,1,0.25,0
LGS2ORD0044831,C014918,2025-12-22 01:00:00,Female,34,Gold,TV,Khon Kaen,1108,Lazada,PromptPay,1,12,0,0,30-40,36.93333333333333,9.0,3.0,0.3333333333333333,128,20,1928.2277777777776,0.33,0.5555555555555556,0.5555555555555556,0.0,0.0,0,0,0.0,791.86,1,0,0.0,791.86,1,0,0.0,17354.05,9,3,0.3333333333333333,0
LGS2ORD0044832,C011148,2025-12-22 01:00:00,Male,28,Silver,Lazada,Nakhon Ratchasima,1577,Shopee,COD,1,12,0,0,20-30,52.56666666666667,7.0,1.0,0.14285714285714285,24,31,6194.627142857143,0.3,0.5714285714285714,0.2857142857142857,0.0,0.0,0,0,0.0,0.0,0,0,0.0,7394.58,2,1,0.5,43362.39,7,1,0.14285714285714285,1
LGS2ORD0044833,C014389,2025-12-22 01:00:00,Other,31,Gold,CallCenter,Bangkok,1371,Shopee,COD,1,12,0,0,30-40,45.7,2.0,0.0,0.0,-1,1,6977.855,0.33,0.0,0.5,0.0,2093.82,1,0,0.0,2093.82,1,0,0.0,2093.82,1,0,0.0,13955.71,2,0,0.0,1
LGS2ORD0044834,C016659,2025-12-22 01:00:00,Female,52,Gold,Web,Songkhla,593,Shopee,Credit_Card,1,12,0,0,>50,19.766666666666666,7.0,4.0,0.5714285714285714,105,22,1724.9285714285713,0.33,0.5714285714285714,0.42857142857142855,0.0,0.0,0,0,0.0,1999.81,1,0,0.0,2923.17,2,0,0.0,12074.5,7,4,0.5714285714285714,0
LGS2ORD0044835,C011994,2025-12-22 01:00:00,Male,47,Silver,TV,Chonburi,1163,TV_Show,COD,1,12,0,0,40-50,38.766666666666666,12.0,4.0,0.3333333333333333,21,32,3430.2191666666663,0.3,0.8333333333333334,0.4166666666666667,0.0,0.0,0,0,0.0,0.0,0,0,0.0,13281.830000000002,3,3,1.0,41162.63,12,4,0.3333333333333333,1
LGS2ORD0044836,C013204,2025-12-22 02:00:00,Male,60,Silver,TV,Nakhon Ratchasima,1625,Shopee,PromptPay,2,12,0,0,>50,54.166666666666664,4.0,2.0,0.5,-5,7,4331.1025,0.3,0.5,0.25,0.0,0.0,0,0,0.0,2514.81,1,1,1.0,3935.6499999999996,2,1,0.5,17324.41,4,2,0.5,0
LGS2ORD0044837,C011143,2025-12-22 02:00:00,Male,55,Gold,Shopee,Nakhon Ratchasima,1020,TV_Show,COD,2,12,0,0,>50,34.0,8.0,1.0,0.125,182,42,5249.1525,0.28,0.375,0.375,0.0,0.0,0,0,0.0,0.0,0,0,0.0,1560.94,1,0,0.0,41993.22,8,1,0.125,0
LGS2ORD0044838,C014272,2025-12-22 02:00:00,Male,42,Silver,Lazada,Chiang Mai,481,Shopee,Credit_Card,2,12,0,0,40-50,16.033333333333335,7.0,2.0,0.2857142857142857,95,42,5193.762857142857,0.3,0.5714285714285714,0.14285714285714285,0.0,0.0,0,0,0.0,0.0,0,0,0.0,8880.95,1,0,0.0,36356.34,7,2,0.2857142857142857,0
LGS2ORD0044839,C011371,2025-12-22 02:00:00,Female,44,Silver,Web,Chonburi,1500,Lazada,COD,2,12,0,0,40-50,50.0,1.0,0.0,0.0,-1,179,4571.8,0.05,0.0,0.0,0.0,0.0,0,0,0.0,0.0,0,0,0.0,0.0,0,0,0.0,4571.8,1,0,0.0,1
LGS2ORD0044840,C013535,2025-12-22 02:00:00,Male,35,Bronze,Shopee,Bangkok,889,TV_Show,Credit_Card,2,12,0,0,30-40,29.633333333333333,6.0,0.0,0.0,-1,23,11414.961666666668,0.28,0.0,0.16666666666666666,0.0,0.0,0,0,0.0,1167.88,1,0,0.0,32783.56,2,0,0.0,68489.77,6,0,0.0,0
LGS2ORD0044841,C013556,2025-12-22 02:00:00,Male,32,Silver,Shopee,Khon Kaen,752,Shopee,COD,2,12,0,0,30-40,25.066666666666666,5.0,0.0,0.0,-1,53,1612.3700000000001,0.3,0.0,0.2,0.0,0.0,0,0,0.0,0.0,0,0,0.0,3048.75,2,0,0.0,8061.85,5,0,0.0,1
LGS2ORD0044842,C012504,2025-12-22 03:00:00,Other,44,Bronze,CallCenter,Bangkok,465,TV_Show,COD,3,12,0,0,40-50,15.5,4.0,2.0,0.5,30,21,1889.0774999999999,0.28,0.75,0.25,0.0,0.0,0,0,0.0,2329.86,1,0,0.0,3648.75,2,1,0.5,7556.3099999999995,4,2,0.5,0
LGS2ORD0044843,C010784,2025-12-22 03:00:00,Female,51,Silver,Lazada,Khon Kaen,1454,CallCenter,COD,3,12,0,0,>50,48.46666666666667,8.0,2.0,0.25,294,145,4874.812499999999,0.25,0.25,0.125,0.0,0.0,0,0,0.0,0.0,0,0,0.0,0.0,0,0,0.0,38998.49999999999,8,2,0.25,0
LGS2ORD0044844,C014797,2025-12-22 03:00:00,Male,18,Bronze,Lazada,Phuket,507,Lazada,Bank_Transfer,3,12,0,0,<20,16.9,4.0,1.0,0.25,334,146,3974.9624999999996,0.28,0.25,0.25,0.0,0.0,0,0,0.0,0.0,0,0,0.0,0.0,0,0,0.0,15899.849999999999,4,1,0.25,0
LGS2ORD0044845,C011549,2025-12-22 03:00:00,Other,51,Gold,TV,Nakhon Ratchasima,1168,Web,COD,3,12,0,0,>50,38.93333333333333,6.0,2.0,0.3333333333333333,102,36,1579.426666666667,0.33,0.5,0.3333333333333333,0.0,0.0,0,0,0.0,0.0,0,0,0.0,492.75,1,0,0.0,9476.560000000001,6,2,0.3333333333333333,0
LGS2ORD0044846,C013584,2025-12-22 03:00:00,Female,55,Gold,CallCenter,Bangkok,1814,Shopee,Bank_Transfer,3,12,0,0,>50,60.46666666666667,5.0,0.0,0.0,-1,31,9796.924,0.18,0.6,0.0,0.0,0.0,0,0,0.0,0.0,0,0,0.0,6869.02,2,0,0.0,48984.62,5,0,0.0,0
LGS2ORD0044847,C015250,2025-12-22 04:00:00,Male,52,Gold,TV,Bangkok,955,TV_Show,Credit_Card,4,12,0,0,>50,31.833333333333332,8.0,0.0,0.0,-1,50,4384.188749999999,0.28,0.25,0.625,0.0,0.0,0,0,0.0,0.0,0,0,0.0,8976.6,2,0,0.0,35073.509999999995,8,0,0.0,0
LGS2ORD0044848,C014095,2025-12-22 04:00:00,Female,21,Silver,Web,Chiang Mai,1446,TV_Show,Bank_Transfer,4,12,0,0,20-30,48.2,1.0,0.0,0.0,-1,137,6586.94,0.05,0.0,0.0,0.0,0.0,0,0,0.0,0.0,0,0,0.0,0.0,0,0,0.0,6586.94,1,0,0.0,0
LGS2ORD0044849,C015453,2025-12-22 04:00:00,Female,22,Gold,Web,Phuket,817,TV_Show,Credit_Card,4,12,0,0,20-30,27.233333333333334,6.0,2.0,0.3333333333333333,161,74,2305.491666666667,0.33,0.16666666666666666,0.6666666666666666,0.0,0.0,0,0,0.0,0.0,0,0,0.0,3756.53,1,0,0.0,13832.95,6,2,0.3333333333333333,1
LGS2ORD0044850,C015711,2025-12-22 04:00:00,Female,45,Gold,Web,Khon Kaen,1728,Lazada,Credit_Card,4,12,0,0,40-50,57.6,7.0,1.0,0.14285714285714285,272,57,3216.462857142857,0.28,0.42857142857142855,0.42857142857142855,0.0,0.0,0,0,0.0,0.0,0,0,0.0,8886.3,2,0,0.0,22515.239999999998,7,1,0.14285714285714285,0
LGS2ORD0044851,C011649,2025-12-22 04:00:00,Male,53,Bronze,CallCenter,Remote_Area,978,TV_Show,COD,4,12,0,0,>50,32.6,4.0,1.0,0.25,94,99,3127.6575000000003,0.18,0.25,0.0,0.0,0.0,0,0,0.0,0.0,0,0,0.0,0.0,0,0,0.0,12510.630000000001,4,1,0.25,1
LGS2ORD0044852,C017403,2025-12-22 05:00:00,Female,72,Silver,CallCenter,Chiang Mai,1502,CallCenter,Bank_Transfer,5,12,0,0,>50,50.06666666666667,6.0,0.0,0.0,-1,4,5381.133333333332,0.3,0.0,0.5,0.0,6951.44,1,0,0.0,6951.44,1,0,0.0,8408.6,2,0,0.0,32286.799999999996,6,0,0.0,0
LGS2ORD0044853,C010687,2025-12-22 05:00:00,Other,43,Silver,TV,Nakhon Ratchasima,1369,TV_Show,COD,5,12,0,0,40-50,45.63333333333333,8.0,2.0,0.25,-5,8,5002.77125,0.25,0.875,0.25,0.0,0.0,0,0,0.0,417.36,1,1,1.0,2138.3,2,1,0.5,40022.17,8,2,0.25,0
LGS2ORD0044854,C014926,2025-12-22 05:00:00,Female,50,Silver,Lazada,Songkhla,1213,Shopee,COD,5,12,0,0,40-50,40.43333333333333,8.0,0.0,0.0,-1,17,6784.81625,0.2,0.625,0.0,0.0,0.0,0,0,0.0,4245.92,1,0,0.0,12389.84,4,0,0.0,54278.53,8,0,0.0,0
LGS2ORD0044855,C016476,2025-12-22 05:00:00,Female,46,Silver,Web,Remote_Area,1073,TV_Show,COD,5,12,0,0,40-50,35.766666666666666,6.0,2.0,0.3333333333333333,23,33,3892.3549999999996,0.3,0.8333333333333334,0.3333333333333333,0.0,0.0,0,0,0.0,0.0,0,0,0.0,13294.93,2,1,0.5,23354.129999999997,6,2,0.3333333333333333,1
LGS2ORD0044856,C015116,2025-12-22 05:00:00,Male,37,Silver,Web,Bangkok,477,Lazada,PromptPay,5,12,0,0,30-40,15.9,5.0,1.0,0.2,214,41,6637.794,0.1,0.6,0.0,0.0,0.0,0,0,0.0,0.0,0,0,0.0,10598.85,2,0,0.0,33188.97,5,1,0.2,1
LGS2ORD0044857,C010235,2025-12-22 06:00:00,Female,42,Bronze,TV,Remote_Area,768,Shopee,COD,6,12,0,0,40-50,25.6,4.0,2.0,0.5,106,115,2451.105,0.28,1.0,0.25,0.0,0.0,0,0,0.0,0.0,0,0,0.0,0.0,0,0,0.0,9804.42,4,2,0.5,0
LGS2ORD0044858,C017971,2025-12-22 06:00:00,Male,38,Silver,Web,Songkhla,573,Shopee,PromptPay,6,12,0,0,30-40,19.1,1.0,1.0,1.0,46,58,2199.39,0.1,0.0,0.0,0.0,0.0,0,0,0.0,0.0,0,0,0.0,2199.39,1,1,1.0,2199.39,1,1,1.0,0
LGS2ORD0044859,C015981,2025-12-22 06:00:00,Female,37,Silver,Lazada,Bangkok,1541,CallCenter,COD,6,12,0,0,30-40,51.36666666666667,4.0,0.0,0.0,-1,2,11168.0325,0.2,0.5,0.0,0.0,19078.71,1,0,0.0,19078.71,1,0,0.0,33784.28,2,0,0.0,44672.13,4,0,0.0,1
LGS2ORD0044860,C010929,2025-12-22 06:00:00,Female,46,Silver,Web,Khon Kaen,1473,Web,Credit_Card,6,12,0,0,40-50,49.1,8.0,4.0,0.5,178,111,8633.05625,0.25,0.5,0.25,0.0,0.0,0,0,0.0,0.0,0,0,0.0,0.0,0,0,0.0,69064.45,8,4,0.5,0
LGS2ORD0044861,C010285,2025-12-22 06:00:00,Female,38,Silver,Shopee,Khon Kaen,556,Shopee,COD,6,12,0,0,30-40,18.533333333333335,3.0,1.0,0.3333333333333333,12,25,1272.98,0.15,1.0,0.0,0.0,0.0,0,0,0.0,2243.34,1,1,1.0,2243.34,1,1,1.0,3818.94,3,1,0.3333333333333333,0
LGS2ORD0044862,C015026,2025-12-22 06:00:00,Female,27,Silver,CallCenter,Chiang Mai,1075,Lazada,PromptPay,6,12,0,0,20-30,35.833333333333336,3.0,2.0,0.6666666666666666,189,128,8560.856666666667,0.25,0.6666666666666666,0.3333333333333333,0.0,0.0,0,0,0.0,0.0,0,0,0.0,0.0,0,0,0.0,25682.57,3,2,0.6666666666666666,0
LGS2ORD0044863,C016199,2025-12-22 07:00:00,Female,51,Gold,Shopee,Nakhon Ratchasima,433,TV_Show,Credit_Card,7,12,0,0,>50,14.433333333333334,9.0,0.0,0.0,-1,9,5643.773333333334,0.33,0.5555555555555556,0.4444444444444444,0.0,0.0,0,0,0.0,857.41,1,0,0.0,7065.57,2,0,0.0,50793.96000000001,9,0,0.0,0
LGS2ORD0044864,C013617,2025-12-22 07:00:00,Female,56,Bronze,TV,Phuket,841,Shopee,Credit_Card,7,12,0,0,>50,28.033333333333335,9.0,3.0,0.3333333333333333,91,58,4589.366666666667,0.28,0.6666666666666666,0.3333333333333333,0.0,0.0,0,0,0.0,0.0,0,0,0.0,8117.5199999999995,2,0,0.0,41304.3,9,3,0.3333333333333333,0
LGS2ORD0044865,C013992,2025-12-22 07:00:00,Male,36,Bronze,CallCenter,Bangkok,1570,CallCenter,PromptPay,7,12,0,0,30-40,52.333333333333336,3.0,0.0,0.0,-1,192,2072.923333333333,0.18,0.6666666666666666,0.0,0.0,0.0,0,0,0.0,0.0,0,0,0.0,0.0,0,0,0.0,6218.7699999999995,3,0,0.0,0
LGS2ORD0044866,C013259,2025-12-22 07:00:00,Female,58,Silver,TV,Chonburi,679,Shopee,Credit_Card,7,12,0,0,>50,22.633333333333333,5.0,1.0,0.2,302,85,2252.0699999999997,0.3,0.2,0.4,0.0,0.0,0,0,0.0,0.0,0,0,0.0,233.88,1,0,0.0,11260.349999999999,5,1,0.2,1
LGS2ORD0044867,C014372,2025-12-22 07:00:00,Female,40,Silver,Web,Songkhla,627,Web,COD,7,12,0,0,30-40,20.9,11.0,2.0,0.18181818181818182,68,58,4992.444545454546,0.3,0.7272727272727273,0.18181818181818182,0.0,0.0,0,0,0.0,0.0,0,0,0.0,10585.05,2,1,0.5,54916.89,11,2,0.18181818181818182,1
LGS2ORD0044868,C017050,2025-12-22 08:00:00,Male,36,Platinum,TV,Nakhon Ratchasima,1061,Web,Credit_Card,8,12,0,0,30-40,35.36666666666667,7.0,1.0,0.14285714285714285,63,76,3070.065714285714,0.3,0.7142857142857143,0.7142857142857143,0.14285714285714285,0.0,0,0,0.0,0.0,0,0,0.0,816.16,1,1,1.0,21490.46,7,1,0.14285714285714285,0
LGS2ORD0044869,C014002,2025-12-22 08:00:00,Male,36,Bronze,TV,Bangkok,770,Web,COD,8,12,0,0,30-40,25.666666666666668,10.0,3.0,0.3,133,6,3649.38,0.23,0.9,0.3,0.0,2536.91,1,0,0.0,5176.53,2,0,0.0,18688.32,4,0,0.0,36493.8,10,3,0.3,1
LGS2ORD0044870,C015517,2025-12-22 08:00:00,Male,57,Gold,Shopee,Bangkok,1576,Web,Bank_Transfer,8,12,0,0,>50,52.53333333333333,7.0,2.0,0.2857142857142857,203,70,2163.4557142857143,0.28,0.5714285714285714,0.42857142857142855,0.0,0.0,0,0,0.0,0.0,0,0,0.0,4335.62,1,0,0.0,15144.189999999999,7,2,0.2857142857142857,0
LGS2ORD0044871,C014392,2025-12-22 08:00:00,Female,39,Bronze,TV,Nakhon Ratchasima,595,Lazada,COD,8,12,0,0,30-40,19.833333333333332,4.0,1.0,0.25,127,135,4376.755,0.18,0.25,0.0,0.0,0.0,0,0,0.0,0.0,0,0,0.0,0.0,0,0,0.0,17507.02,4,1,0.25,1
LGS2ORD0044872,C013545,2025-12-22 08:00:00,Female,39,Gold,TV,Bangkok,1165,TV_Show,Credit_Card,8,12,0,0,30-40,38.833333333333336,0.0,0.0,0.0,-1,-1,0.0,0.0,0.0,0.0,0.0,0.0,0,0,0.0,0.0,0,0,0.0,0.0,0,0,0.0,0.0,0,0,0.0,0
LGS2ORD0044873,C015890,2025-12-22 09:00:00,Male,43,Bronze,Shopee,Phuket,937,Shopee,COD,9,12,0,0,40-50,31.233333333333334,7.0,1.0,0.14285714285714285,-13,1,7427.7528571428575,0.28,0.5714285714285714,0.2857142857142857,0.0,6448.08,1,1,1.0,8411.38,2,1,0.5,12158.939999999999,3,1,0.3333333333333333,51994.270000000004,7,1,0.14285714285714285,1
LGS2ORD0044874,C016643,2025-12-22 09:00:00,Female,50,Bronze,CallCenter,Bangkok,1113,Lazada,COD,9,12,0,0,40-50,37.1,9.0,1.0,0.1111111111111111,261,63,7057.457777777778,0.28,0.3333333333333333,0.5555555555555556,0.0,0.0,0,0,0.0,0.0,0,0,0.0,5220.59,2,0,0.0,63517.119999999995,9,1,0.1111111111111111,0
LGS2ORD0044875,C012799,2025-12-22 09:00:00,Male,38,Gold,TV,Chonburi,809,TV_Show,COD,9,12,0,0,30-40,26.966666666666665,3.0,0.0,0.0,-1,21,4792.1466666666665,0.28,0.6666666666666666,0.6666666666666666,0.0,0.0,0,0,0.0,3952.62,1,0,0.0,3952.62,1,0,0.0,14376.439999999999,3,0,0.0,0
LGS2ORD0044876,C012507,2025-12-22 09:00:00,Female,43,Gold,Shopee,Bangkok,692,Web,Bank_Transfer,9,12,0,0,40-50,23.066666666666666,1.0,1.0,1.0,338,343,3382.06,0.2299999999999999,1.0,1.0,0.0,0.0,0,0,0.0,0.0,0,0,0.0,0.0,0,0,0.0,3382.06,1,1,1.0,0
LGS2ORD0044877,C017450,2025-12-22 09:00:00,Female,50,Bronze,TV,Remote_Area,552,TV_Show,COD,9,12,0,0,40-50,18.4,5.0,1.0,0.2,190,9,3694.38,0.23,0.4,0.4,0.0,0.0,0,0,0.0,6031.7,1,0,0.0,6031.7,1,0,0.0,18471.9,5,1,0.2,1
LGS2ORD0044878,C017027,2025-12-22 09:00:00,Female,48,Platinum,Web,Bangkok,1346,Lazada,Credit_Card,9,12,0,0,40-50,44.86666666666667,5.0,0.0,0.0,-1,40,4011.2059999999997,0.35,0.2,0.4,0.0,0.0,0,0,0.0,0.0,0,0,0.0,8500.21,1,0,0.0,20056.03,5,0,0.0,0
LGS2ORD0044879,C014494,2025-12-22 10:00:00,Female,26,Bronze,Web,Bangkok,677,Shopee,PromptPay,10,12,0,0,20-30,22.566666666666666,4.0,2.0,0.5,150,164,2635.335,0.18,0.5,0.0,0.0,0.0,0,0,0.0,0.0,0,0,0.0,0.0,0,0,0.0,10541.34,4,2,0.5,0
LGS2ORD0044880,C011575,2025-12-22 10:00:00,Female,36,Bronze,TV,Chiang Mai,1467,Web,PromptPay,10,12,0,0,30-40,48.9,8.0,2.0,0.25,254,56,5374.82625,0.23,0.625,0.375,0.0,0.0,0,0,0.0,0.0,0,0,0.0,18696.4,3,0,0.0,42998.61,8,2,0.25,0
LGS2ORD0044881,C014404,2025-12-22 10:00:00,Male,51,Bronze,TV,Chiang Mai,500,TV_Show,Credit_Card,10,12,0,0,>50,16.666666666666668,9.0,0.0,0.0,-1,6,5331.271111111111,0.18,0.6666666666666666,0.0,0.0,4043.65,1,0,0.0,17185.36,3,0,0.0,19277.57,5,0,0.0,47981.44,9,0,0.0,0
LGS2ORD0044882,C014444,2025-12-22 10:00:00,Male,39,Bronze,Shopee,Chonburi,1352,CallCenter,COD,10,12,0,0,30-40,45.06666666666667,6.0,1.0,0.16666666666666666,216,50,3931.0116666666668,0.23,0.16666666666666666,0.16666666666666666,0.0,0.0,0,0,0.0,0.0,0,0,0.0,1721.7,1,0,0.0,23586.07,6,1,0.16666666666666666,1
LGS2ORD0044883,C017776,2025-12-22 10:00:00,Female,36,Silver,Web,Bangkok,579,TV_Show,COD,10,12,0,0,30-40,19.3,4.0,1.0,0.25,294,157,5146.87,0.3,0.75,0.25,0.0,0.0,0,0,0.0,0.0,0,0,0.0,0.0,0,0,0.0,20587.48,4,1,0.25,1
LGS2ORD0044884,C014252,2025-12-22 11:00:00,Male,30,Silver,Lazada,Chonburi,1120,CallCenter,COD,11,12,0,0,20-30,37.333333333333336,6.0,0.0,0.0,-1,35,4040.210000000001,0.3,0.5,0.16666666666666666,0.0,0.0,0,0,0.0,0.0,0,0,0.0,5370.28,2,0,0.0,24241.260000000006,6,0,0.0,0
LGS2ORD0044885,C015738,2025-12-22 11:00:00,Male,30,Platinum,Shopee,Khon Kaen,1697,Lazada,COD,11,12,0,0,20-30,56.56666666666667,10.0,3.0,0.3,104,25,4602.054,0.35,0.6,0.7,0.0,0.0,0,0,0.0,9394.15,1,0,0.0,30072.42,4,0,0.0,46020.54,10,3,0.3,0
LGS2ORD0044886,C010755,2025-12-22 11:00:00,Male,29,Gold,CallCenter,Bangkok,511,Shopee,COD,11,12,0,0,20-30,17.033333333333335,6.0,1.0,0.16666666666666666,5,9,8686.311666666666,0.28,1.0,0.5,0.0,0.0,0,0,0.0,8310.7,2,1,0.5,29394.14,4,1,0.25,52117.87,6,1,0.16666666666666666,0
LGS2ORD0044887,C017586,2025-12-22 11:00:00,Male,52,Bronze,Shopee,Bangkok,975,Lazada,Bank_Transfer,11,12,0,0,>50,32.5,6.0,4.0,0.6666666666666666,97,103,6461.586666666667,0.28,0.3333333333333333,0.16666666666666666,0.0,0.0,0,0,0.0,0.0,0,0,0.0,0.0,0,0,0.0,38769.520000000004,6,4,0.6666666666666666,0
LGS2ORD0044888,C013582,2025-12-22 11:00:00,Male,52,Gold,TV,Remote_Area,1574,Web,Credit_Card,11,12,0,0,>50,52.46666666666667,3.0,1.0,0.3333333333333333,136,55,4372.303333333333,0.18,0.3333333333333333,0.0,0.0,0.0,0,0,0.0,0.0,0,0,0.0,5097.02,1,0,0.0,13116.91,3,1,0.3333333333333333,0
LGS2ORD0044889,C011474,2025-12-22 12:00:00,Female,23,Silver,Web,Remote_Area,636,Web,PromptPay,12,12,0,0,20-30,21.2,5.0,2.0,0.4,174,43,5443.774,0.3,0.8,0.2,0.0,0.0,0,0,0.0,0.0,0,0,0.0,14913.79,2,0,0.0,27218.870000000003,5,2,0.4,0
LGS2ORD0044890,C011190,2025-12-22 12:00:00,Female,43,Silver,Shopee,Chonburi,966,TV_Show,COD,12,12,0,0,40-50,32.2,6.0,1.0,0.16666666666666666,3,14,5739.75,0.3,0.8333333333333334,0.16666666666666666,0.0,0.0,0,0,0.0,3508.04,1,1,1.0,3872.91,2,1,0.5,34438.5,6,1,0.16666666666666666,1
LGS2ORD0044891,C017467,2025-12-22 12:00:00,Female,60,Bronze,TV,Phuket,737,TV_Show,COD,12,12,0,0,>50,24.566666666666666,6.0,1.0,0.16666666666666666,58,28,4532.988333333334,0.28,0.3333333333333333,0.5,0.0,0.0,0,0,0.0,1582.47,1,0,0.0,10861.22,3,1,0.3333333333333333,27197.93,6,1,0.16666666666666666,1
LGS2ORD0044892,C016946,2025-12-22 12:00:00,Male,54,Silver,TV,Phuket,529,Lazada,COD,12,12,0,0,>50,17.633333333333333,12.0,6.0,0.5,33,15,3008.209166666666,0.3,0.5,0.25,0.0,0.0,0,0,0.0,892.31,1,0,0.0,8777.26,4,2,0.5,36098.509999999995,12,6,0.5,0
LGS2ORD0044893,C011082,2025-12-22 12:00:00,Female,55,Bronze,TV,Chonburi,603,TV_Show,COD,12,12,0,0,>50,20.1,8.0,2.0,0.25,214,34,4643.2925,0.28,0.375,0.375,0.0,0.0,0,0,0.0,0.0,0,0,0.0,21858.26,3,0,0.0,37146.34,8,2,0.25,1
LGS2ORD0044894,C010815,2025-12-22 13:00:00,Female,40,Gold,Web,Nakhon Ratchasima,1635,Shopee,COD,13,12,0,0,30-40,54.5,2.0,0.0,0.0,-1,17,1403.445,0.13,0.5,0.0,0.0,0.0,0,0,0.0,1905.72,1,0,0.0,1905.72,1,0,0.0,2806.89,2,0,0.0,0
LGS2ORD0044895,C013610,2025-12-22 13:00:00,Female,48,Gold,Shopee,Nakhon Ratchasima,1715,Web,Bank_Transfer,13,12,0,0,40-50,57.166666666666664,5.0,1.0,0.2,109,99,4668.784000000001,0.33,0.2,0.6,0.0,0.0,0,0,0.0,0.0,0,0,0.0,0.0,0,0,0.0,23343.920000000002,5,1,0.2,0
LGS2ORD0044896,C017056,2025-12-22 13:00:00,Female,43,Silver,Shopee,Khon Kaen,1568,Web,COD,13,12,0,0,40-50,52.266666666666666,3.0,2.0,0.6666666666666666,251,262,2954.236666666667,0.2,1.0,0.0,0.0,0.0,0,0,0.0,0.0,0,0,0.0,0.0,0,0,0.0,8862.710000000001,3,2,0.6666666666666666,0
LGS2ORD0044897,C015280,2025-12-22 13:00:00,Female,57,Bronze,Web,Chiang Mai,531,Web,COD,13,12,0,0,>50,17.7,2.0,0.0,0.0,-1,137,3874.98,0.28,1.0,0.5,0.0,0.0,0,0,0.0,0.0,0,0,0.0,0.0,0,0,0.0,7749.96,2,0,0.0,0
LGS2ORD0044898,C011775,2025-12-22 13:00:00,Female,18,Silver,Shopee,Chiang Mai,1145,Shopee,Credit_Card,13,12,0,0,<20,38.166666666666664,2.0,0.0,0.0,-1,106,4216.375,0.2,1.0,0.0,0.0,0.0,0,0,0.0,0.0,0,0,0.0,0.0,0,0,0.0,8432.75,2,0,0.0,0
LGS2ORD0044899,C014703,2025-12-22 13:00:00,Female,41,Silver,TV,Nakhon Ratchasima,1787,Lazada,Bank_Transfer,13,12,0,0,40-50,59.56666666666667,8.0,2.0,0.25,44,55,5118.93125,0.3,0.5,0.125,0.0,0.0,0,0,0.0,0.0,0,0,0.0,3707.35,1,1,1.0,40951.45,8,2,0.25,0
LGS2ORD0044900,C017663,2025-12-22 14:00:00,Female,41,Silver,Web,Remote_Area,1132,CallCenter,PromptPay,14,12,0,0,40-50,37.733333333333334,9.0,3.0,0.3333333333333333,144,21,5559.93111111111,0.3,0.8888888888888888,0.2222222222222222,0.0,0.0,0,0,0.0,18246.51,1,0,0.0,21623.37,3,0,0.0,50039.37999999999,9,3,0.3333333333333333,0
LGS2ORD0044901,C017936,2025-12-22 14:00:00,Female,45,Gold,TV,Chonburi,901,Lazada,COD,14,12,0,0,40-50,30.033333333333335,3.0,0.0,0.0,-1,223,5869.826666666667,0.13,0.3333333333333333,0.0,0.0,0.0,0,0,0.0,0.0,0,0,0.0,0.0,0,0,0.0,17609.48,3,0,0.0,0
LGS2ORD0044902,C015619,2025-12-22 14:00:00,Female,36,Bronze,Web,Chiang Mai,459,Shopee,COD,14,12,0,0,30-40,15.3,9.0,3.0,0.3333333333333333,98,106,7038.447777777777,0.18,0.5555555555555556,0.0,0.0,0.0,0,0,0.0,0.0,0,0,0.0,0.0,0,0,0.0,63346.03,9,3,0.3333333333333333,0
LGS2ORD0044903,C010215,2025-12-22 14:00:00,Female,53,Bronze,TV,Bangkok,856,Shopee,COD,14,12,0,0,>50,28.533333333333335,4.0,2.0,0.5,299,215,6106.170000000001,0.23,0.0,0.5,0.0,0.0,0,0,0.0,0.0,0,0,0.0,0.0,0,0,0.0,24424.680000000004,4,2,0.5,1
LGS2ORD0044904,C015119,2025-12-22 14:00:00,Female,38,Bronze,Shopee,Remote_Area,1539,CallCenter,COD,14,12,0,0,30-40,51.3,6.0,4.0,0.6666666666666666,2,10,3531.7433333333333,0.23,1.0,0.16666666666666666,0.0,0.0,0,0,0.0,10812.15,2,1,0.5,10812.15,2,1,0.5,21190.46,6,4,0.6666666666666666,1
LGS2ORD0044905,C014739,2025-12-22 15:00:00,Female,54,Platinum,Lazada,Phuket,1224,Lazada,Credit_Card,15,12,0,0,>50,40.8,3.0,1.0,0.3333333333333333,284,49,10477.410000000002,0.1,0.3333333333333333,0.0,0.0,0.0,0,0,0.0,0.0,0,0,0.0,1412.67,1,0,0.0,31432.230000000003,3,1,0.3333333333333333,0
LGS2ORD0044906,C012589,2025-12-22 15:00:00,Female,39,Bronze,TV,Chonburi,1266,Web,COD,15,12,0,0,30-40,42.2,8.0,0.0,0.0,-1,52,8262.7175,0.28,0.25,0.375,0.0,0.0,0,0,0.0,0.0,0,0,0.0,30376.61,2,0,0.0,66101.74,8,0,0.0,0
LGS2ORD0044907,C015879,2025-12-22 15:00:00,Female,46,Silver,CallCenter,Khon Kaen,666,Shopee,Credit_Card,15,12,0,0,40-50,22.2,8.0,2.0,0.25,14,26,6050.58625,0.2,0.625,0.0,0.0,0.0,0,0,0.0,1999.1,1,1,1.0,1999.1,1,1,1.0,48404.69,8,2,0.25,0
LGS2ORD0044908,C012674,2025-12-22 15:00:00,Female,50,Bronze,Web,Khon Kaen,1051,TV_Show,Credit_Card,15,12,0,0,40-50,35.03333333333333,6.0,1.0,0.16666666666666666,146,85,4870.54,0.28,0.16666666666666666,0.16666666666666666,0.0,0.0,0,0,0.0,0.0,0,0,0.0,3232.28,1,0,0.0,29223.239999999998,6,1,0.16666666666666666,0
LGS2ORD0044909,C015421,2025-12-22 15:00:00,Other,32,Platinum,Shopee,Phuket,1200,CallCenter,COD,15,12,0,0,30-40,40.0,10.0,4.0,0.4,158,19,2548.59,0.35,0.7,0.8,0.0,0.0,0,0,0.0,1452.52,1,0,0.0,1452.52,1,0,0.0,25485.9,10,4,0.4,0
LGS2ORD0044910,C010367,2025-12-22 16:00:00,Female,47,Bronze,Lazada,Nakhon Ratchasima,1156,Lazada,Credit_Card,16,12,0,0,40-50,38.53333333333333,6.0,1.0,0.16666666666666666,237,4,5512.208333333333,0.23,0.6666666666666666,0.16666666666666666,0.0,1802.81,1,0,0.0,1802.81,1,0,0.0,6159.5,2,0,0.0,33073.25,6,1,0.16666666666666666,0
LGS2ORD0044911,C017758,2025-12-22 16:00:00,Other,33,Gold,Web,Bangkok,1116,TV_Show,Credit_Card,16,12,0,0,30-40,37.2,9.0,2.0,0.2222222222222222,60,24,3286.6777777777775,0.2299999999999999,0.5555555555555556,0.1111111111111111,0.0,0.0,0,0,0.0,1083.36,1,0,0.0,4148.03,3,1,0.3333333333333333,29580.1,9,2,0.2222222222222222,0
LGS2ORD0044912,C017263,2025-12-22 16:00:00,Female,31,Silver,Shopee,Chonburi,1490,Web,PromptPay,16,12,0,0,30-40,49.666666666666664,4.0,0.0,0.0,-1,276,5247.724999999999,0.3,0.75,0.25,0.0,0.0,0,0,0.0,0.0,0,0,0.0,0.0,0,0,0.0,20990.899999999998,4,0,0.0,0
LGS2ORD0044913,C013935,2025-12-22 16:00:00,Female,69,Bronze,Shopee,Chonburi,1485,TV_Show,PromptPay,16,12,0,0,>50,49.5,5.0,2.0,0.4,11,27,4905.158,0.23,0.4,0.2,0.0,0.0,0,0,0.0,1124.58,1,1,1.0,1124.58,1,1,1.0,24525.79,5,2,0.4,0
LGS2ORD0044914,C011715,2025-12-22 16:00:00,Female,60,Platinum,Web,Songkhla,755,Web,Credit_Card,16,12,0,0,>50,25.166666666666668,4.0,1.0,0.25,69,76,6175.9375,0.3,0.25,0.75,0.0,0.0,0,0,0.0,0.0,0,0,0.0,10332.8,1,1,1.0,24703.75,4,1,0.25,1
LGS2ORD0044915,C013458,2025-12-22 17:00:00,Female,18,Silver,Shopee,Songkhla,1412,TV_Show,Bank_Transfer,17,12,0,0,<20,47.06666666666667,9.0,3.0,0.3333333333333333,38,48,3884.4411111111112,0.3,0.7777777777777778,0.2222222222222222,0.0,0.0,0,0,0.0,0.0,0,0,0.0,16784.35,3,2,0.6666666666666666,34959.97,9,3,0.3333333333333333,0
LGS2ORD0044916,C017746,2025-12-22 17:00:00,Male,65,Silver,TV,Chonburi,475,Shopee,Credit_Card,17,12,0,0,>50,15.833333333333334,11.0,3.0,0.2727272727272727,102,26,5235.901818181818,0.3,0.45454545454545453,0.36363636363636365,0.0,0.0,0,0,0.0,7262.3,1,0,0.0,32080.219999999998,4,0,0.0,57594.920000000006,11,3,0.2727272727272727,0
LGS2ORD0044917,C016782,2025-12-22 17:00:00,Female,28,Silver,Web,Nakhon Ratchasima,559,Web,Bank_Transfer,17,12,0,0,20-30,18.633333333333333,3.0,2.0,0.6666666666666666,201,124,632.0,0.3,0.6666666666666666,0.3333333333333333,0.0,0.0,0,0,0.0,0.0,0,0,0.0,0.0,0,0,0.0,1896.0,3,2,0.6666666666666666,1
LGS2ORD0044918,C014775,2025-12-22 17:00:00,Male,62,Silver,TV,Phuket,1518,TV_Show,Credit_Card,17,12,0,0,>50,50.6,9.0,4.0,0.4444444444444444,9,16,4293.318888888888,0.3,0.7777777777777778,0.1111111111111111,0.0,0.0,0,0,0.0,1360.28,1,1,1.0,5631.36,4,3,0.75,38639.869999999995,9,4,0.4444444444444444,0
LGS2ORD0044919,C017382,2025-12-22 17:00:00,Female,18,Bronze,Shopee,Chonburi,1118,Lazada,COD,17,12,0,0,<20,37.266666666666666,8.0,4.0,0.5,91,55,6585.555,0.23,0.5,0.125,0.0,0.0,0,0,0.0,0.0,0,0,0.0,7289.74,1,0,0.0,52684.44,8,4,0.5,0
LGS2ORD0044920,C015916,2025-12-22 17:00:00,Female,54,Bronze,TV,Bangkok,1726,Web,PromptPay,17,12,0,0,>50,57.53333333333333,2.0,0.0,0.0,-1,251,2427.84,0.28,0.0,0.5,0.0,0.0,0,0,0.0,0.0,0,0,0.0,0.0,0,0,0.0,4855.68,2,0,0.0,0
LGS2ORD0044921,C015282,2025-12-22 18:00:00,Male,31,Silver,CallCenter,Bangkok,607,TV_Show,PromptPay,18,12,0,0,30-40,20.233333333333334,6.0,1.0,0.16666666666666666,133,22,9627.75,0.3,0.5,0.3333333333333333,0.0,0.0,0,0,0.0,18495.17,1,0,0.0,25102.269999999997,2,0,0.0,57766.5,6,1,0.16666666666666666,0
LGS2ORD0044922,C014899,2025-12-22 18:00:00,Male,63,Silver,Web,Phuket,1167,Web,COD,18,12,0,0,>50,38.9,8.0,4.0,0.5,54,62,3990.1099999999997,0.3,0.5,0.5,0.0,0.0,0,0,0.0,0.0,0,0,0.0,3870.25,1,1,1.0,31920.879999999997,8,4,0.5,1
LGS2ORD0044923,C012696,2025-12-22 18:00:00,Male,46,Bronze,Web,Remote_Area,1007,Web,Bank_Transfer,18,12,0,0,40-50,33.56666666666667,4.0,0.0,0.0,-1,130,1976.975,0.08,0.25,0.0,0.0,0.0,0,0,0.0,0.0,0,0,0.0,0.0,0,0,0.0,7907.9,4,0,0.0,0
LGS2ORD0044924,C013858,2025-12-22 18:00:00,Male,48,Bronze,Shopee,Nakhon Ratchasima,1051,TV_Show,COD,18,12,0,0,40-50,35.03333333333333,2.0,1.0,0.5,274,89,5374.679999999999,0.23,0.5,1.0,0.0,0.0,0,0,0.0,0.0,0,0,0.0,608.98,1,0,0.0,10749.359999999999,2,1,0.5,0
LGS2ORD0044925,C013447,2025-12-22 18:00:00,Male,60,Bronze,Shopee,Bangkok,1262,Web,Credit_Card,18,12,0,0,>50,42.06666666666667,4.0,1.0,0.25,67,80,6721.895,0.23,0.75,0.25,0.0,0.0,0,0,0.0,0.0,0,0,0.0,3907.41,2,1,0.5,26887.58,4,1,0.25,0
LGS2ORD0044926,C015776,2025-12-22 19:00:00,Female,56,Bronze,Shopee,Songkhla,1293,Shopee,Bank_Transfer,19,12,0,0,>50,43.1,6.0,3.0,0.5,113,52,6024.973333333334,0.28,0.6666666666666666,0.3333333333333333,0.0,0.0,0,0,0.0,0.0,0,0,0.0,3062.24,1,0,0.0,36149.840000000004,6,3,0.5,1
LGS2ORD0044927,C016445,2025-12-22 19:00:00,Male,50,Bronze,TV,Remote_Area,864,Shopee,COD,19,12,0,0,40-50,28.8,9.0,3.0,0.3333333333333333,73,89,11014.352222222222,0.28,0.7777777777777778,0.4444444444444444,0.0,0.0,0,0,0.0,0.0,0,0,0.0,23651.24,1,1,1.0,99129.17,9,3,0.3333333333333333,0
LGS2ORD0044928,C012076,2025-12-22 19:00:00,Male,68,Gold,Shopee,Chiang Mai,1699,Web,Credit_Card,19,12,0,0,>50,56.63333333333333,4.0,2.0,0.5,282,37,13967.23,0.33,0.75,1.0,0.0,0.0,0,0,0.0,0.0,0,0,0.0,31547.44,1,0,0.0,55868.92,4,2,0.5,0
LGS2ORD0044929,C012359,2025-12-22 19:00:00,Female,72,Silver,Lazada,Bangkok,1790,Shopee,COD,19,12,0,0,>50,59.666666666666664,5.0,2.0,0.4,61,74,3980.7400000000007,0.2,0.6,0.0,0.0,0.0,0,0,0.0,0.0,0,0,0.0,9448.23,2,2,1.0,19903.700000000004,5,2,0.4,0
LGS2ORD0044930,C015937,2025-12-22 19:00:00,Male,61,Gold,TV,Bangkok,477,Web,Bank_Transfer,19,12,0,0,>50,15.9,3.0,0.0,0.0,-1,68,1825.1633333333332,0.33,0.3333333333333333,0.6666666666666666,0.0,0.0,0,0,0.0,0.0,0,0,0.0,1012.01,1,0,0.0,5475.49,3,0,0.0,0
LGS2ORD0044931,C011390,2025-12-22 20:00:00,Female,34,Gold,Web,Bangkok,1636,Shopee,PromptPay,20,12,0,0,30-40,54.53333333333333,6.0,2.0,0.3333333333333333,13,22,3148.181666666667,0.2299999999999999,0.16666666666666666,0.16666666666666666,0.0,0.0,0,0,0.0,3922.17,2,1,0.5,7989.75,3,1,0.3333333333333333,18889.09,6,2,0.3333333333333333,0
LGS2ORD0044932,C015515,2025-12-22 20:00:00,Male,58,Bronze,TV,Phuket,1490,Lazada,Credit_Card,20,12,0,0,>50,49.666666666666664,5.0,0.0,0.0,-1,27,8560.795999999998,0.18,0.6,0.0,0.0,0.0,0,0,0.0,4798.49,1,0,0.0,4798.49,1,0,0.0,42803.979999999996,5,0,0.0,0
LGS2ORD0044933,C012597,2025-12-22 20:00:00,Other,38,Bronze,Shopee,Chiang Mai,1242,Shopee,Bank_Transfer,20,12,0,0,30-40,41.4,5.0,0.0,0.0,-1,45,8542.789999999999,0.28,0.6,0.2,0.0,0.0,0,0,0.0,0.0,0,0,0.0,4014.44,2,0,0.0,42713.95,5,0,0.0,0
LGS2ORD0044934,C010618,2025-12-22 20:00:00,Other,45,Bronze,Shopee,Nakhon Ratchasima,1287,CallCenter,Credit_Card,20,12,0,0,40-50,42.9,6.0,0.0,0.0,-1,91,6144.103333333335,0.28,0.3333333333333333,0.5,0.0,0.0,0,0,0.0,0.0,0,0,0.0,0.0,0,0,0.0,36864.62000000001,6,0,0.0,0
LGS2ORD0044935,C012962,2025-12-22 20:00:00,Male,35,Gold,Web,Khon Kaen,1166,CallCenter,Credit_Card,20,12,0,0,30-40,38.86666666666667,9.0,2.0,0.2222222222222222,218,5,6190.224444444444,0.28,0.3333333333333333,0.2222222222222222,0.0,925.07,1,0,0.0,925.07,1,0,0.0,7966.249999999999,4,0,0.0,55712.02,9,2,0.2222222222222222,0
LGS2ORD0044936,C012131,2025-12-22 21:00:00,Male,53,Bronze,Lazada,Remote_Area,1736,Shopee,COD,21,12,0,0,>50,57.86666666666667,7.0,3.0,0.42857142857142855,143,83,6400.392857142857,0.23,0.7142857142857143,0.14285714285714285,0.0,0.0,0,0,0.0,0.0,0,0,0.0,7336.78,1,0,0.0,44802.75,7,3,0.42857142857142855,0
LGS2ORD0044937,C010936,2025-12-22 21:00:00,Other,51,Bronze,TV,Bangkok,893,TV_Show,PromptPay,21,12,0,0,>50,29.766666666666666,7.0,1.0,0.14285714285714285,291,13,6039.615714285715,0.23,0.7142857142857143,0.14285714285714285,0.0,0.0,0,0,0.0,7499.26,1,0,0.0,8501.84,2,0,0.0,42277.310000000005,7,1,0.14285714285714285,0
LGS2ORD0044938,C011217,2025-12-22 21:00:00,Male,39,Bronze,CallCenter,Songkhla,1181,Shopee,COD,21,12,0,0,30-40,39.36666666666667,4.0,2.0,0.5,139,2,6517.34,0.23,0.75,0.5,0.0,11649.01,1,0,0.0,11649.01,1,0,0.0,11649.01,1,0,0.0,26069.36,4,2,0.5,0
LGS2ORD0044939,C014703,2025-12-22 21:00:00,Female,41,Silver,TV,Nakhon Ratchasima,1787,CallCenter,Credit_Card,21,12,0,0,40-50,59.56666666666667,9.0,2.0,0.2222222222222222,45,0,5482.904444444444,0.3,0.4444444444444444,0.1111111111111111,0.0,8394.69,1,0,0.0,8394.69,1,0,0.0,12102.04,2,1,0.5,49346.14,9,2,0.2222222222222222,0
LGS2ORD0044940,C016491,2025-12-22 21:00:00,Male,53,Bronze,TV,Chiang Mai,1790,CallCenter,COD,21,12,0,0,>50,59.666666666666664,3.0,3.0,1.0,0,6,15206.68,0.18,1.0,0.0,0.0,16706.05,1,1,1.0,16706.05,1,1,1.0,17497.54,2,2,1.0,45620.04,3,3,1.0,0
LGS2ORD0044941,C015661,2025-12-22 21:00:00,Female,54,Bronze,Shopee,Nakhon Ratchasima,1204,Lazada,Credit_Card,21,12,0,0,>50,40.13333333333333,9.0,3.0,0.3333333333333333,-5,1,2353.0444444444447,0.28,0.7777777777777778,0.2222222222222222,0.0,2484.42,1,1,1.0,2902.9300000000003,2,2,1.0,4205.1900000000005,3,3,1.0,21177.4,9,3,0.3333333333333333,0
LGS2ORD0044942,C011656,2025-12-22 22:00:00,Female,52,Bronze,Shopee,Remote_Area,1365,CallCenter,COD,22,12,0,0,>50,45.5,7.0,3.0,0.42857142857142855,37,22,2854.2671428571434,0.28,0.8571428571428571,0.2857142857142857,0.0,0.0,0,0,0.0,626.33,1,0,0.0,9244.94,3,1,0.3333333333333333,19979.870000000003,7,3,0.42857142857142855,1
LGS2ORD0044943,C015768,2025-12-22 22:00:00,Female,18,Bronze,CallCenter,Nakhon Ratchasima,1699,Web,COD,22,12,0,0,<20,56.63333333333333,8.0,4.0,0.5,142,11,4666.47375,0.23,0.625,0.25,0.0,0.0,0,0,0.0,2108.86,1,0,0.0,2108.86,1,0,0.0,37331.79,8,4,0.5,0
LGS2ORD0044944,C010277,2025-12-22 22:00:00,Female,62,Platinum,TV,Chiang Mai,641,TV_Show,PromptPay,22,12,0,0,>50,21.366666666666667,2.0,0.0,0.0,-1,33,1842.38,0.2,0.0,0.0,0.0,0.0,0,0,0.0,0.0,0,0,0.0,724.0,1,0,0.0,3684.76,2,0,0.0,0
LGS2ORD0044945,C010081,2025-12-22 22:00:00,Male,46,Bronze,Shopee,Chonburi,977,Web,COD,22,12,0,0,40-50,32.56666666666667,4.0,2.0,0.5,177,7,2010.1475,0.23,0.75,0.5,0.0,0.0,0,0,0.0,4685.31,1,0,0.0,5601.35,2,0,0.0,8040.59,4,2,0.5,0
LGS2ORD0044946,C015541,2025-12-22 22:00:00,Female,62,Silver,TV,Chiang Mai,709,Lazada,PromptPay,22,12,0,0,>50,23.633333333333333,5.0,1.0,0.2,300,92,3756.852,0.3,1.0,0.2,0.0,0.0,0,0,0.0,0.0,0,0,0.0,0.0,0,0,0.0,18784.26,5,1,0.2,0
LGS2ORD0044947,C016930,2025-12-22 23:00:00,Female,62,Bronze,Web,Songkhla,731,Lazada,COD,23,12,0,0,>50,24.366666666666667,5.0,2.0,0.4,1,8,5249.886,0.28,0.8,0.2,0.0,0.0,0,0,0.0,8325.810000000001,2,1,0.5,11289.26,3,2,0.6666666666666666,26249.43,5,2,0.4,0
LGS2ORD0044948,C013890,2025-12-22 23:00:00,Other,47,Bronze,Shopee,Chiang Mai,1527,CallCenter,COD,23,12,0,0,40-50,50.9,13.0,2.0,0.15384615384615385,132,31,6436.065384615386,0.28,0.8461538461538461,0.15384615384615385,0.0,0.0,0,0,0.0,0.0,0,0,0.0,1871.55,1,0,0.0,83668.85000000002,13,2,0.15384615384615385,1
LGS2ORD0044949,C016200,2025-12-22 23:00:00,Female,48,Gold,TV,Bangkok,438,Shopee,COD,23,12,0,0,40-50,14.6,6.0,0.0,0.0,-1,15,5413.776666666668,0.28,0.3333333333333333,0.3333333333333333,0.0,0.0,0,0,0.0,1219.54,1,0,0.0,1219.54,1,0,0.0,32482.660000000003,6,0,0.0,1
LGS2ORD0044950,C013910,2025-12-22 23:00:00,Male,33,Silver,Lazada,Chiang Mai,1032,Shopee,COD,23,12,0,0,30-40,34.4,7.0,1.0,0.14285714285714285,-1,9,6223.881428571427,0.3,0.2857142857142857,0.2857142857142857,0.0,0.0,0,0,0.0,3675.02,1,1,1.0,21938.07,2,1,0.5,43567.16999999999,7,1,0.14285714285714285,0
LGS2ORD0044951,C011688,2025-12-22 23:00:00,Female,27,Gold,Web,Chonburi,1020,Web,PromptPay,23,12,0,0,20-30,34.0,4.0,1.0,0.25,310,128,1402.455,0.28,0.25,0.5,0.0,0.0,0,0,0.0,0.0,0,0,0.0,0.0,0,0,0.0,5609.82,4,1,0.25,0
LGS2ORD0044952,C017837,2025-12-23 00:00:00,Female,55,Platinum,TV,Songkhla,718,Shopee,COD,0,12,1,0,>50,23.933333333333334,4.0,0.0,0.0,-1,31,1012.1850000000001,0.35,0.5,0.5,0.0,0.0,0,0,0.0,0.0,0,0,0.0,1037.52,1,0,0.0,4048.7400000000002,4,0,0.0,0
LGS2ORD0044953,C012443,2025-12-23 00:00:00,Male,63,Bronze,Shopee,Remote_Area,1719,Lazada,COD,0,12,1,0,>50,57.3,7.0,0.0,0.0,-1,7,2255.18,0.28,0.14285714285714285,0.14285714285714285,0.0,0.0,0,0,0.0,1705.96,1,0,0.0,5582.4,3,0,0.0,15786.259999999998,7,0,0.0,0
LGS2ORD0044954,C014994,2025-12-23 00:00:00,Male,63,Bronze,CallCenter,Khon Kaen,771,Web,COD,0,12,1,0,>50,25.7,6.0,2.0,0.3333333333333333,17,22,5311.738333333334,0.28,0.3333333333333333,0.16666666666666666,0.0,0.0,0,0,0.0,10834.07,2,1,0.5,10834.07,2,1,0.5,31870.43,6,2,0.3333333333333333,0
LGS2ORD0044955,C015972,2025-12-23 00:00:00,Male,46,Gold,CallCenter,Bangkok,1757,Shopee,COD,0,12,1,0,40-50,58.56666666666667,7.0,0.0,0.0,-1,146,6201.178571428572,0.28,0.5714285714285714,0.5714285714285714,0.0,0.0,0,0,0.0,0.0,0,0,0.0,0.0,0,0,0.0,43408.25,7,0,0.0,0
LGS2ORD0044956,C015461,2025-12-23 00:00:00,Female,29,Bronze,CallCenter,Bangkok,785,TV_Show,Credit_Card,0,12,1,0,20-30,26.166666666666668,5.0,0.0,0.0,-1,19,2927.12,0.28,0.4,0.2,0.0,0.0,0,0,0.0,1447.72,1,0,0.0,1447.72,1,0,0.0,14635.6,5,0,0.0,0
LGS2ORD0044957,C010651,2025-12-23 01:00:00,Male,58,Gold,Shopee,Bangkok,1638,CallCenter,Bank_Transfer,1,12,1,0,>50,54.6,4.0,0.0,0.0,-1,53,5381.9675,0.13,0.75,0.0,0.0,0.0,0,0,0.0,0.0,0,0,0.0,7954.67,1,0,0.0,21527.87,4,0,0.0,0
LGS2ORD0044958,C010352,2025-12-23 01:00:00,Female,48,Gold,Web,Bangkok,1433,Lazada,PromptPay,1,12,1,0,40-50,47.766666666666666,7.0,1.0,0.14285714285714285,167,8,5398.797142857143,0.33,0.7142857142857143,0.2857142857142857,0.0,0.0,0,0,0.0,14211.26,2,0,0.0,20507.440000000002,3,0,0.0,37791.58,7,1,0.14285714285714285,0
LGS2ORD0044959,C011544,2025-12-23 01:00:00,Female,58,Bronze,Web,Bangkok,1056,Web,COD,1,12,1,0,>50,35.2,4.0,1.0,0.25,239,84,4321.4825,0.23,0.75,0.5,0.0,0.0,0,0,0.0,0.0,0,0,0.0,6265.51,1,0,0.0,17285.93,4,1,0.25,0
LGS2ORD0044960,C016236,2025-12-23 01:00:00,Female,18,Bronze,Lazada,Khon Kaen,470,Shopee,Credit_Card,1,12,1,0,<20,15.666666666666666,6.0,0.0,0.0,-1,53,7150.576666666667,0.23,0.8333333333333334,0.16666666666666666,0.0,0.0,0,0,0.0,0.0,0,0,0.0,1578.26,1,0,0.0,42903.46,6,0,0.0,1
LGS2ORD0044961,C016640,2025-12-23 01:00:00,Female,43,Silver,Shopee,Phuket,1772,TV_Show,Bank_Transfer,1,12,1,0,40-50,59.06666666666667,5.0,0.0,0.0,-1,167,12895.642000000002,0.25,0.6,0.2,0.0,0.0,0,0,0.0,0.0,0,0,0.0,0.0,0,0,0.0,64478.21000000001,5,0,0.0,1
LGS2ORD0044962,C014742,2025-12-23 01:00:00,Male,44,Platinum,Lazada,Chonburi,984,TV_Show,COD,1,12,1,0,40-50,32.8,3.0,0.0,0.0,-1,133,3853.153333333333,0.3,1.0,0.6666666666666666,0.0,0.0,0,0,0.0,0.0,0,0,0.0,0.0,0,0,0.0,11559.46,3,0,0.0,0
LGS2ORD0044963,C012570,2025-12-23 02:00:00,Male,44,Bronze,Lazada,Bangkok,1660,Web,PromptPay,2,12,1,0,40-50,55.333333333333336,4.0,2.0,0.5,3,13,7372.004999999999,0.18,1.0,0.0,0.0,0.0,0,0,0.0,18574.239999999998,2,1,0.5,18574.239999999998,2,1,0.5,29488.019999999997,4,2,0.5,0
LGS2ORD0044964,C015895,2025-12-23 02:00:00,Female,40,Silver,Shopee,Chiang Mai,956,Lazada,Bank_Transfer,2,12,1,0,30-40,31.866666666666667,2.0,1.0,0.5,315,132,3421.08,0.1,0.5,0.0,0.0,0.0,0,0,0.0,0.0,0,0,0.0,0.0,0,0,0.0,6842.16,2,1,0.5,0
LGS2ORD0044965,C015102,2025-12-23 02:00:00,Female,38,Gold,TV,Nakhon Ratchasima,1385,TV_Show,COD,2,12,1,0,30-40,46.166666666666664,4.0,1.0,0.25,236,147,5832.8475,0.13,0.5,0.0,0.0,0.0,0,0,0.0,0.0,0,0,0.0,0.0,0,0,0.0,23331.39,4,1,0.25,0
LGS2ORD0044966,C016918,2025-12-23 02:00:00,Male,51,Gold,Lazada,Nakhon Ratchasima,1557,TV_Show,COD,2,12,1,0,>50,51.9,10.0,1.0,0.1,239,29,3494.791,0.33,0.4,0.6,0.0,0.0,0,0,0.0,1421.69,1,0,0.0,4734.57,2,0,0.0,34947.91,10,1,0.1,0
LGS2ORD0044967,C015451,2025-12-23 02:00:00,Female,56,Silver,Web,Khon Kaen,1581,TV_Show,COD,2,12,1,0,>50,52.7,7.0,4.0,0.5714285714285714,-5,6,3890.6071428571427,0.3,0.2857142857142857,0.2857142857142857,0.0,1036.62,1,1,1.0,1036.62,1,1,1.0,1036.62,1,1,1.0,27234.25,7,4,0.5714285714285714,0
LGS2ORD0044968,C011533,2025-12-23 03:00:00,Female,46,Bronze,Lazada,Khon Kaen,539,Lazada,COD,3,12,1,0,40-50,17.966666666666665,2.0,0.0,0.0,-1,61,5123.59,0.13,0.5,0.0,0.0,0.0,0,0,0.0,0.0,0,0,0.0,8164.85,1,0,0.0,10247.18,2,0,0.0,1
LGS2ORD0044969,C010965,2025-12-23 03:00:00,Male,34,Bronze,TV,Bangkok,488,Web,PromptPay,3,12,1,0,30-40,16.266666666666666,4.0,0.0,0.0,-1,17,6133.592500000001,0.18,0.0,0.0,0.0,0.0,0,0,0.0,2804.75,1,0,0.0,2804.75,1,0,0.0,24534.370000000003,4,0,0.0,0
LGS2ORD0044970,C013593,2025-12-23 03:00:00,Male,71,Bronze,CallCenter,Phuket,1438,Shopee,COD,3,12,1,0,>50,47.93333333333333,9.0,4.0,0.4444444444444444,109,2,2364.2166666666667,0.28,0.4444444444444444,0.2222222222222222,0.0,4058.09,1,0,0.0,4058.09,1,0,0.0,4866.610000000001,2,0,0.0,21277.95,9,4,0.4444444444444444,0
LGS2ORD0044971,C010584,2025-12-23 03:00:00,Male,44,Bronze,CallCenter,Bangkok,883,Lazada,PromptPay,3,12,1,0,40-50,29.433333333333334,8.0,0.0,0.0,-1,11,3319.08,0.23,0.375,0.125,0.0,0.0,0,0,0.0,6635.75,1,0,0.0,7456.38,2,0,0.0,26552.64,8,0,0.0,0
LGS2ORD0044972,C010295,2025-12-23 03:00:00,Male,24,Platinum,Shopee,Khon Kaen,1454,Lazada,Credit_Card,3,12,1,0,20-30,48.46666666666667,1.0,0.0,0.0,-1,72,8314.21,0.3,0.0,1.0,0.0,0.0,0,0,0.0,0.0,0,0,0.0,8314.21,1,0,0.0,8314.21,1,0,0.0,1
LGS2ORD0044973,C016308,2025-12-23 04:00:00,Female,25,Bronze,TV,Chonburi,1415,Shopee,COD,4,12,1,0,20-30,47.166666666666664,10.0,1.0,0.1,210,36,3200.797,0.23,0.8,0.3,0.0,0.0,0,0,0.0,0.0,0,0,0.0,1100.58,2,0,0.0,32007.97,10,1,0.1,0
LGS2ORD0044974,C012316,2025-12-23 04:00:00,Male,49,Bronze,Shopee,Bangkok,471,TV_Show,PromptPay,4,12,1,0,40-50,15.7,3.0,1.0,0.3333333333333333,143,156,2654.5499999999997,0.23,0.6666666666666666,0.3333333333333333,0.0,0.0,0,0,0.0,0.0,0,0,0.0,0.0,0,0,0.0,7963.65,3,1,0.3333333333333333,0
LGS2ORD0044975,C010272,2025-12-23 04:00:00,Female,34,Gold,TV,Songkhla,1356,Lazada,COD,4,12,1,0,30-40,45.2,6.0,1.0,0.16666666666666666,216,150,5672.535,0.28,0.0,0.5,0.0,0.0,0,0,0.0,0.0,0,0,0.0,0.0,0,0,0.0,34035.21,6,1,0.16666666666666666,1
LGS2ORD0044976,C016248,2025-12-23 04:00:00,Female,44,Silver,TV,Nakhon Ratchasima,1056,CallCenter,Credit_Card,4,12,1,0,40-50,35.2,11.0,1.0,0.09090909090909091,215,77,5116.6963636363635,0.3,0.36363636363636365,0.18181818181818182,0.0,0.0,0,0,0.0,0.0,0,0,0.0,6485.38,1,0,0.0,56283.659999999996,11,1,0.09090909090909091,0
LGS2ORD0044977,C017504,2025-12-23 04:00:00,Male,38,Bronze,TV,Nakhon Ratchasima,703,Lazada,Bank_Transfer,4,12,1,0,30-40,23.433333333333334,5.0,0.0,0.0,-1,45,3449.996,0.23,0.4,0.2,0.0,0.0,0,0,0.0,0.0,0,0,0.0,4263.01,2,0,0.0,17249.98,5,0,0.0,0
LGS2ORD0044978,C012000,2025-12-23 04:00:00,Female,27,Bronze,TV,Songkhla,1537,Lazada,Credit_Card,4,12,1,0,20-30,51.233333333333334,5.0,2.0,0.4,212,69,6795.243999999999,0.18,0.8,0.0,0.0,0.0,0,0,0.0,0.0,0,0,0.0,6127.95,1,0,0.0,33976.219999999994,5,2,0.4,1
LGS2ORD0044979,C017500,2025-12-23 05:00:00,Female,62,Bronze,TV,Bangkok,918,Shopee,COD,5,12,1,0,>50,30.6,5.0,0.0,0.0,-1,43,5673.72,0.28,0.6,0.2,0.0,0.0,0,0,0.0,0.0,0,0,0.0,19320.12,3,0,0.0,28368.600000000002,5,0,0.0,0
LGS2ORD0044980,C015178,2025-12-23 05:00:00,Female,28,Gold,CallCenter,Songkhla,1437,Shopee,PromptPay,5,12,1,0,20-30,47.9,5.0,3.0,0.6,67,28,3775.4399999999996,0.28,0.6,1.0,0.0,0.0,0,0,0.0,7280.74,1,0,0.0,8695.81,2,1,0.5,18877.199999999997,5,3,0.6,0
LGS2ORD0044981,C011741,2025-12-23 05:00:00,Female,69,Bronze,TV,Songkhla,1423,Lazada,COD,5,12,1,0,>50,47.43333333333333,7.0,4.0,0.5714285714285714,57,67,5126.187142857142,0.28,0.7142857142857143,0.2857142857142857,0.0,0.0,0,0,0.0,0.0,0,0,0.0,2539.61,1,1,1.0,35883.31,7,4,0.5714285714285714,1
LGS2ORD0044982,C010434,2025-12-23 05:00:00,Male,21,Bronze,Web,Khon Kaen,1425,TV_Show,Credit_Card,5,12,1,0,20-30,47.5,1.0,1.0,1.0,144,147,1609.75,0.08,0.0,0.0,0.0,0.0,0,0,0.0,0.0,0,0,0.0,0.0,0,0,0.0,1609.75,1,1,1.0,0
LGS2ORD0044983,C011844,2025-12-23 05:00:00,Female,41,Silver,TV,Bangkok,1162,TV_Show,COD,5,12,1,0,40-50,38.733333333333334,7.0,1.0,0.14285714285714285,35,23,3983.2385714285724,0.25,0.5714285714285714,0.5714285714285714,0.0,0.0,0,0,0.0,6430.92,1,0,0.0,20270.809999999998,3,1,0.3333333333333333,27882.670000000006,7,1,0.14285714285714285,0
LGS2ORD0044984,C011535,2025-12-23 06:00:00,Female,65,Bronze,Shopee,Chonburi,612,Web,Bank_Transfer,6,12,1,0,>50,20.4,4.0,1.0,0.25,214,79,2815.1225000000004,0.28,0.25,0.5,0.0,0.0,0,0,0.0,0.0,0,0,0.0,499.52,1,0,0.0,11260.490000000002,4,1,0.25,0
LGS2ORD0044985,C013301,2025-12-23 06:00:00,Female,42,Bronze,Web,Nakhon Ratchasima,1371,Shopee,COD,6,12,1,0,40-50,45.7,11.0,4.0,0.36363636363636365,24,34,5270.686363636364,0.28,0.5454545454545454,0.09090909090909091,0.0,0.0,0,0,0.0,0.0,0,0,0.0,30254.16,4,2,0.5,57977.55,11,4,0.36363636363636365,0
LGS2ORD0044986,C011226,2025-12-23 06:00:00,Male,56,Silver,TV,Remote_Area,1518,TV_Show,Bank_Transfer,6,12,1,0,>50,50.6,8.0,3.0,0.375,-3,6,2741.5725,0.25,0.5,0.25,0.0,2653.85,1,1,1.0,2653.85,1,1,1.0,9179.47,3,1,0.3333333333333333,21932.58,8,3,0.375,0
LGS2ORD0044987,C015144,2025-12-23 06:00:00,Male,56,Gold,Shopee,Chiang Mai,434,TV_Show,COD,6,12,1,0,>50,14.466666666666667,8.0,1.0,0.125,137,35,5714.9375,0.33,0.625,0.375,0.0,0.0,0,0,0.0,0.0,0,0,0.0,8773.27,1,0,0.0,45719.5,8,1,0.125,1
LGS2ORD0044988,C016405,2025-12-23 06:00:00,Male,50,Bronze,TV,Phuket,923,CallCenter,Credit_Card,6,12,1,0,40-50,30.766666666666666,3.0,1.0,0.3333333333333333,75,28,3311.693333333333,0.18,0.6666666666666666,0.0,0.0,0.0,0,0,0.0,2164.08,1,0,0.0,3931.14,2,1,0.5,9935.08,3,1,0.3333333333333333,0
LGS2ORD0044989,C014108,2025-12-23 07:00:00,Male,66,Silver,TV,Khon Kaen,761,Web,COD,7,12,1,0,>50,25.366666666666667,8.0,2.0,0.25,25,10,6739.4925,0.3,0.5,0.375,0.0,0.0,0,0,0.0,3587.76,1,0,0.0,7012.18,3,1,0.3333333333333333,53915.94,8,2,0.25,0
LGS2ORD0044990,C013368,2025-12-23 07:00:00,Male,54,Gold,TV,Bangkok,772,Web,COD,7,12,1,0,>50,25.733333333333334,4.0,2.0,0.5,168,163,9723.7225,0.28,0.75,1.0,0.0,0.0,0,0,0.0,0.0,0,0,0.0,0.0,0,0,0.0,38894.89,4,2,0.5,1
LGS2ORD0044991,C013516,2025-12-23 07:00:00,Male,18,Bronze,TV,Khon Kaen,1616,Shopee,COD,7,12,1,0,<20,53.86666666666667,8.0,1.0,0.125,221,90,5337.0675,0.28,0.625,0.25,0.0,0.0,0,0,0.0,0.0,0,0,0.0,0.0,0,0,0.0,42696.54,8,1,0.125,0
LGS2ORD0044992,C015507,2025-12-23 07:00:00,Male,23,Platinum,TV,Bangkok,1373,Shopee,Credit_Card,7,12,1,0,20-30,45.766666666666666,7.0,1.0,0.14285714285714285,133,7,6736.128571428571,0.35,0.7142857142857143,0.5714285714285714,0.0,0.0,0,0,0.0,20194.38,1,0,0.0,23649.43,2,0,0.0,47152.9,7,1,0.14285714285714285,0
LGS2ORD0044993,C015692,2025-12-23 07:00:00,Female,40,Bronze,TV,Bangkok,1270,Lazada,Credit_Card,7,12,1,0,30-40,42.333333333333336,9.0,1.0,0.1111111111111111,281,18,2319.124444444444,0.28,0.3333333333333333,0.2222222222222222,0.0,0.0,0,0,0.0,793.76,1,0,0.0,5827.85,3,0,0.0,20872.12,9,1,0.1111111111111111,0
LGS2ORD0044994,C016524,2025-12-23 08:00:00,Female,64,Platinum,CallCenter,Bangkok,1706,CallCenter,COD,8,12,1,0,>50,56.86666666666667,7.0,2.0,0.2857142857142857,321,78,6477.002857142857,0.3,0.7142857142857143,0.42857142857142855,0.0,0.0,0,0,0.0,0.0,0,0,0.0,4024.63,1,0,0.0,45339.02,7,2,0.2857142857142857,0
LGS2ORD0044995,C015670,2025-12-23 08:00:00,Male,31,Platinum,TV,Songkhla,1613,TV_Show,COD,8,12,1,0,30-40,53.766666666666666,3.0,1.0,0.3333333333333333,178,127,5192.68,0.35,0.3333333333333333,0.3333333333333333,0.0,0.0,0,0,0.0,0.0,0,0,0.0,0.0,0,0,0.0,15578.04,3,1,0.3333333333333333,0
LGS2ORD0044996,C012684,2025-12-23 08:00:00,Female,39,Bronze,Web,Songkhla,1748,CallCenter,Bank_Transfer,8,12,1,0,30-40,58.266666666666666,5.0,1.0,0.2,252,66,7582.022,0.18,0.8,0.0,0.0,0.0,0,0,0.0,0.0,0,0,0.0,21063.99,1,0,0.0,37910.11,5,1,0.2,0
LGS2ORD0044997,C013759,2025-12-23 08:00:00,Female,72,Bronze,Lazada,Nakhon Ratchasima,500,Shopee,Bank_Transfer,8,12,1,0,>50,16.666666666666668,8.0,4.0,0.5,49,9,6337.0875,0.28,0.625,0.25,0.0,0.0,0,0,0.0,5107.84,1,0,0.0,12581.220000000001,2,1,0.5,50696.7,8,4,0.5,0
LGS2ORD0044998,C012359,2025-12-23 08:00:00,Female,72,Silver,Lazada,Bangkok,1791,Shopee,Credit_Card,8,12,1,0,>50,59.7,6.0,2.0,0.3333333333333333,61,0,3422.386666666667,0.2,0.6666666666666666,0.0,0.0,630.62,1,0,0.0,630.62,1,0,0.0,10078.85,3,2,0.6666666666666666,20534.320000000003,6,2,0.3333333333333333,0
LGS2ORD0044999,C014876,2025-12-23 08:00:00,Male,41,Gold,Shopee,Remote_Area,1731,CallCenter,COD,8,12,1,0,40-50,57.7,5.0,1.0,0.2,183,85,5735.116,0.33,0.2,0.6,0.0,0.0,0,0,0.0,0.0,0,0,0.0,21745.2,1,0,0.0,28675.58,5,1,0.2,0
LGS2ORD0045000,C010328,2025-12-23 09:00:00,Female,33,Silver,TV,Chiang Mai,388,TV_Show,Credit_Card,9,12,1,0,30-40,12.933333333333334,5.0,2.0,0.4,244,45,5169.088000000001,0.2,0.4,0.0,0.0,0.0,0,0,0.0,0.0,0,0,0.0,1095.25,1,0,0.0,25845.440000000002,5,2,0.4,0
LGS2ORD0045001,C012489,2025-12-23 09:00:00,Male,45,Gold,TV,Phuket,1248,Lazada,Credit_Card,9,12,1,0,40-50,41.6,4.0,0.0,0.0,-1,49,2151.5575,0.28,0.25,0.25,0.0,0.0,0,0,0.0,0.0,0,0,0.0,2902.36,1,0,0.0,8606.23,4,0,0.0,0
LGS2ORD0045002,C012081,2025-12-23 09:00:00,Male,62,Bronze,Web,Phuket,1716,TV_Show,COD,9,12,1,0,>50,57.2,7.0,2.0,0.2857142857142857,32,47,3556.9742857142855,0.23,0.42857142857142855,0.42857142857142855,0.0,0.0,0,0,0.0,0.0,0,0,0.0,16418.13,5,2,0.4,24898.82,7,2,0.2857142857142857,1
LGS2ORD0045003,C014572,2025-12-23 09:00:00,Male,58,Platinum,Web,Bangkok,1427,Web,COD,9,12,1,0,>50,47.56666666666667,5.0,1.0,0.2,124,54,5636.125999999999,0.3,0.2,0.2,0.0,0.0,0,0,0.0,0.0,0,0,0.0,19608.61,3,0,0.0,28180.629999999997,5,1,0.2,1
LGS2ORD0045004,C015323,2025-12-23 09:00:00,Female,40,Bronze,TV,Songkhla,1228,Lazada,COD,9,12,1,0,30-40,40.93333333333333,16.0,7.0,0.4375,66,39,3523.6743750000005,0.28,0.625,0.5,0.0,0.0,0,0,0.0,0.0,0,0,0.0,14036.86,5,2,0.4,56378.79000000001,16,7,0.4375,1
LGS2ORD0045005,C016284,2025-12-23 10:00:00,Male,67,Bronze,CallCenter,Bangkok,1360,Shopee,PromptPay,10,12,1,0,>50,45.333333333333336,6.0,2.0,0.3333333333333333,18,13,7790.483333333334,0.23,0.6666666666666666,0.16666666666666666,0.0,0.0,0,0,0.0,3952.08,1,0,0.0,34331.96,2,1,0.5,46742.9,6,2,0.3333333333333333,0
LGS2ORD0045006,C013510,2025-12-23 10:00:00,Male,48,Silver,Shopee,Bangkok,1201,CallCenter,PromptPay,10,12,1,0,40-50,40.03333333333333,4.0,0.0,0.0,-1,98,8299.845,0.25,0.25,0.5,0.0,0.0,0,0,0.0,0.0,0,0,0.0,0.0,0,0,0.0,33199.38,4,0,0.0,0
LGS2ORD0045007,C015385,2025-12-23 10:00:00,Male,46,Gold,Lazada,Nakhon Ratchasima,606,Shopee,PromptPay,10,12,1,0,40-50,20.2,6.0,0.0,0.0,-1,50,3673.9449999999997,0.33,0.6666666666666666,0.3333333333333333,0.0,0.0,0,0,0.0,0.0,0,0,0.0,8178.710000000001,3,0,0.0,22043.67,6,0,0.0,0
LGS2ORD0045008,C015595,2025-12-23 10:00:00,Female,30,Bronze,CallCenter,Bangkok,625,TV_Show,Credit_Card,10,12,1,0,20-30,20.833333333333332,5.0,1.0,0.2,199,2,6812.058,0.18,0.8,0.0,0.0,820.21,1,0,0.0,6089.83,2,0,0.0,6089.83,2,0,0.0,34060.29,5,1,0.2,0
LGS2ORD0045009,C016155,2025-12-23 10:00:00,Female,54,Bronze,TV,Chiang Mai,1412,TV_Show,Credit_Card,10,12,1,0,>50,47.06666666666667,5.0,0.0,0.0,-1,123,5768.0599999999995,0.28,0.8,0.2,0.0,0.0,0,0,0.0,0.0,0,0,0.0,0.0,0,0,0.0,28840.3,5,0,0.0,0
LGS2ORD0045010,C017821,2025-12-23 11:00:00,Female,46,Silver,Shopee,Nakhon Ratchasima,994,CallCenter,COD,11,12,1,0,40-50,33.13333333333333,5.0,2.0,0.4,121,87,10629.752,0.3,0.6,0.2,0.0,0.0,0,0,0.0,0.0,0,0,0.0,21201.45,1,0,0.0,53148.76,5,2,0.4,0
LGS2ORD0045011,C016374,2025-12-23 11:00:00,Female,48,Platinum,Shopee,Khon Kaen,739,Web,Bank_Transfer,11,12,1,0,40-50,24.633333333333333,5.0,0.0,0.0,-1,51,7538.7339999999995,0.35,0.2,0.8,0.0,0.0,0,0,0.0,0.0,0,0,0.0,20698.98,1,0,0.0,37693.67,5,0,0.0,0
LGS2ORD0045012,C016635,2025-12-23 11:00:00,Male,28,Silver,TV,Chonburi,1297,TV_Show,COD,11,12,1,0,20-30,43.233333333333334,5.0,1.0,0.2,58,24,8528.176,0.2,0.4,0.0,0.0,0.0,0,0,0.0,3616.75,1,0,0.0,12054.63,2,1,0.5,42640.88,5,1,0.2,0
LGS2ORD0045013,C017488,2025-12-23 11:00:00,Male,18,Gold,TV,Remote_Area,854,Web,COD,11,12,1,0,<20,28.466666666666665,3.0,2.0,0.6666666666666666,0,12,6940.976666666666,0.33,0.3333333333333333,0.6666666666666666,0.0,0.0,0,0,0.0,1363.78,1,1,1.0,1363.78,1,1,1.0,20822.929999999997,3,2,0.6666666666666666,1
LGS2ORD0045014,C013952,2025-12-23 11:00:00,Female,32,Silver,Shopee,Bangkok,1118,TV_Show,COD,11,12,1,0,30-40,37.266666666666666,13.0,4.0,0.3076923076923077,96,19,3680.001538461538,0.25,0.7692307692307693,0.23076923076923078,0.0,0.0,0,0,0.0,3037.78,1,0,0.0,4777.17,2,0,0.0,47840.02,13,4,0.3076923076923077,0
LGS2ORD0045015,C014713,2025-12-23 12:00:00,Female,54,Bronze,Lazada,Remote_Area,1087,TV_Show,PromptPay,12,12,1,0,>50,36.233333333333334,5.0,1.0,0.2,237,55,2191.12,0.18,0.6,0.0,0.0,0.0,0,0,0.0,0.0,0,0,0.0,5034.38,1,0,0.0,10955.599999999999,5,1,0.2,0
LGS2ORD0045016,C011306,2025-12-23 12:00:00,Female,40,Silver,CallCenter,Bangkok,735,TV_Show,Credit_Card,12,12,1,0,30-40,24.5,5.0,2.0,0.4,46,44,5663.551999999999,0.25,0.4,0.2,0.0,0.0,0,0,0.0,0.0,0,0,0.0,9018.61,2,1,0.5,28317.759999999995,5,2,0.4,0
LGS2ORD0045017,C015346,2025-12-23 12:00:00,Female,36,Bronze,Web,Bangkok,1347,Shopee,COD,12,12,1,0,30-40,44.9,5.0,1.0,0.2,330,107,4876.272,0.28,0.8,0.2,0.0,0.0,0,0,0.0,0.0,0,0,0.0,0.0,0,0,0.0,24381.36,5,1,0.2,1
LGS2ORD0045018,C016440,2025-12-23 12:00:00,Female,32,Gold,Lazada,Chiang Mai,1298,CallCenter,COD,12,12,1,0,30-40,43.266666666666666,3.0,0.0,0.0,-1,2,8434.29,0.28,0.3333333333333333,0.3333333333333333,0.0,3303.56,1,0,0.0,3303.56,1,0,0.0,3303.56,1,0,0.0,25302.870000000003,3,0,0.0,0
LGS2ORD0045019,C016454,2025-12-23 12:00:00,Male,43,Gold,Web,Chiang Mai,523,CallCenter,Credit_Card,12,12,1,0,40-50,17.433333333333334,2.0,0.0,0.0,-1,111,19679.93,0.13,0.5,0.0,0.0,0.0,0,0,0.0,0.0,0,0,0.0,0.0,0,0,0.0,39359.86,2,0,0.0,0
LGS2ORD0045020,C013611,2025-12-23 12:00:00,Male,42,Gold,Lazada,Chiang Mai,1078,Web,Bank_Transfer,12,12,1,0,40-50,35.93333333333333,4.0,1.0,0.25,337,113,2232.9675,0.33,0.75,1.0,0.0,0.0,0,0,0.0,0.0,0,0,0.0,0.0,0,0,0.0,8931.87,4,1,0.25,0
LGS2ORD0045021,C014656,2025-12-23 13:00:00,Male,39,Silver,Shopee,Bangkok,473,CallCenter,PromptPay,13,12,1,0,30-40,15.766666666666667,3.0,2.0,0.6666666666666666,152,165,6136.56,0.25,1.0,0.6666666666666666,0.0,0.0,0,0,0.0,0.0,0,0,0.0,0.0,0,0,0.0,18409.68,3,2,0.6666666666666666,0
LGS2ORD0045022,C011795,2025-12-23 13:00:00,Female,42,Platinum,Web,Chonburi,1450,Web,COD,13,12,1,0,40-50,48.333333333333336,5.0,1.0,0.2,66,75,6179.704,0.3,0.4,0.2,0.0,0.0,0,0,0.0,0.0,0,0,0.0,18379.88,2,1,0.5,30898.52,5,1,0.2,0
LGS2ORD0045023,C015323,2025-12-23 13:00:00,Female,40,Bronze,TV,Songkhla,1228,TV_Show,COD,13,12,1,0,30-40,40.93333333333333,17.0,8.0,0.47058823529411764,-11,0,3861.2264705882358,0.28,0.6470588235294118,0.47058823529411764,0.0,9262.06,1,1,1.0,9262.06,1,1,1.0,23298.92,6,3,0.5,65640.85,17,8,0.47058823529411764,1
LGS2ORD0045024,C010270,2025-12-23 13:00:00,Male,58,Bronze,Web,Khon Kaen,1116,Web,PromptPay,13,12,1,0,>50,37.2,4.0,1.0,0.25,328,108,1215.1425,0.28,0.25,0.75,0.0,0.0,0,0,0.0,0.0,0,0,0.0,0.0,0,0,0.0,4860.57,4,1,0.25,0
LGS2ORD0045025,C014198,2025-12-23 13:00:00,Male,37,Gold,Shopee,Khon Kaen,817,CallCenter,Credit_Card,13,12,1,0,30-40,27.233333333333334,10.0,2.0,0.2,29,14,5335.609999999999,0.33,0.5,0.5,0.0,0.0,0,0,0.0,413.38,1,0,0.0,5863.59,2,1,0.5,53356.09999999999,10,2,0.2,0
LGS2ORD0045026,C014853,2025-12-23 14:00:00,Male,60,Platinum,Shopee,Chiang Mai,1130,Shopee,Credit_Card,14,12,1,0,>50,37.666666666666664,9.0,1.0,0.1111111111111111,43,3,5210.128888888889,0.35,0.5555555555555556,0.5555555555555556,0.0,10550.12,1,0,0.0,10550.12,1,0,0.0,14521.920000000002,2,1,0.5,46891.16,9,1,0.1111111111111111,0
LGS2ORD0045027,C012222,2025-12-23 14:00:00,Female,53,Bronze,Shopee,Chiang Mai,793,CallCenter,COD,14,12,1,0,>50,26.433333333333334,6.0,0.0,0.0,-1,70,3933.135,0.28,0.5,0.16666666666666666,0.0,0.0,0,0,0.0,0.0,0,0,0.0,7390.3099999999995,2,0,0.0,23598.81,6,0,0.0,0
LGS2ORD0045028,C014169,2025-12-23 14:00:00,Male,39,Bronze,Web,Bangkok,1645,Web,COD,14,12,1,0,30-40,54.833333333333336,12.0,2.0,0.16666666666666666,102,81,6511.142500000001,0.28,0.75,0.16666666666666666,0.08333333333333333,0.0,0,0,0.0,0.0,0,0,0.0,7513.81,1,0,0.0,78133.71,12,2,0.16666666666666666,0
LGS2ORD0045029,C016193,2025-12-23 14:00:00,Male,43,Bronze,Lazada,Bangkok,608,TV_Show,Credit_Card,14,12,1,0,40-50,20.266666666666666,5.0,1.0,0.2,120,134,2055.958,0.28,0.2,0.2,0.0,0.0,0,0,0.0,0.0,0,0,0.0,0.0,0,0,0.0,10279.79,5,1,0.2,0
LGS2ORD0045030,C012126,2025-12-23 14:00:00,Female,45,Gold,TV,Phuket,1525,Web,PromptPay,14,12,1,0,40-50,50.833333333333336,7.0,1.0,0.14285714285714285,85,40,7363.525714285715,0.28,0.7142857142857143,0.2857142857142857,0.0,0.0,0,0,0.0,0.0,0,0,0.0,12657.32,3,1,0.3333333333333333,51544.68000000001,7,1,0.14285714285714285,0
LGS2ORD0045031,C011919,2025-12-23 15:00:00,Female,43,Bronze,TV,Nakhon Ratchasima,590,TV_Show,PromptPay,15,12,1,0,40-50,19.666666666666668,1.0,0.0,0.0,-1,158,2068.02,0.23,0.0,1.0,0.0,0.0,0,0,0.0,0.0,0,0,0.0,0.0,0,0,0.0,2068.02,1,0,0.0,0
LGS2ORD0045032,C010315,2025-12-23 15:00:00,Female,32,Platinum,Web,Chonburi,948,Lazada,COD,15,12,1,0,30-40,31.6,7.0,1.0,0.14285714285714285,256,71,6700.9914285714285,0.35,0.2857142857142857,0.2857142857142857,0.0,0.0,0,0,0.0,0.0,0,0,0.0,25872.68,1,0,0.0,46906.94,7,1,0.14285714285714285,0
LGS2ORD0045033,C017159,2025-12-23 15:00:00,Male,33,Bronze,TV,Remote_Area,756,Lazada,COD,15,12,1,0,30-40,25.2,3.0,0.0,0.0,-1,69,7254.873333333333,0.28,0.6666666666666666,0.3333333333333333,0.0,0.0,0,0,0.0,0.0,0,0,0.0,16206.31,1,0,0.0,21764.62,3,0,0.0,0
LGS2ORD0045034,C013642,2025-12-23 15:00:00,Other,26,Bronze,Lazada,Phuket,1187,Web,COD,15,12,1,0,20-30,39.56666666666667,2.0,0.0,0.0,-1,32,1797.62,0.18,0.5,0.0,0.0,0.0,0,0,0.0,0.0,0,0,0.0,1565.67,1,0,0.0,3595.24,2,0,0.0,0
LGS2ORD0045035,C014890,2025-12-23 15:00:00,Male,45,Silver,TV,Chonburi,1116,Web,COD,15,12,1,0,40-50,37.2,3.0,2.0,0.6666666666666666,178,185,3044.726666666667,0.15,0.6666666666666666,0.0,0.0,0.0,0,0,0.0,0.0,0,0,0.0,0.0,0,0,0.0,9134.18,3,2,0.6666666666666666,0
LGS2ORD0045036,C017731,2025-12-23 16:00:00,Male,51,Bronze,Web,Bangkok,1341,Shopee,Credit_Card,16,12,1,0,>50,44.7,6.0,3.0,0.5,-13,2,7442.953333333334,0.28,0.6666666666666666,0.3333333333333333,0.0,2270.8,1,1,1.0,2270.8,1,1,1.0,2270.8,1,1,1.0,44657.72,6,3,0.5,0
LGS2ORD0045037,C015435,2025-12-23 16:00:00,Female,36,Silver,TV,Phuket,476,Lazada,COD,16,12,1,0,30-40,15.866666666666667,6.0,1.0,0.16666666666666666,287,189,4450.77,0.25,0.5,0.16666666666666666,0.0,0.0,0,0,0.0,0.0,0,0,0.0,0.0,0,0,0.0,26704.620000000003,6,1,0.16666666666666666,1
LGS2ORD0045038,C012632,2025-12-23 16:00:00,Female,40,Bronze,CallCenter,Bangkok,1235,Shopee,COD,16,12,1,0,30-40,41.166666666666664,3.0,0.0,0.0,-1,202,2203.81,0.23,0.3333333333333333,0.6666666666666666,0.0,0.0,0,0,0.0,0.0,0,0,0.0,0.0,0,0,0.0,6611.43,3,0,0.0,0
LGS2ORD0045039,C017569,2025-12-23 16:00:00,Male,53,Silver,TV,Chonburi,950,Shopee,COD,16,12,1,0,>50,31.666666666666668,6.0,0.0,0.0,-1,11,7014.443333333334,0.3,0.6666666666666666,0.5,0.0,0.0,0,0,0.0,13721.43,1,0,0.0,32661.13,2,0,0.0,42086.66,6,0,0.0,0
LGS2ORD0045040,C011315,2025-12-23 16:00:00,Female,37,Silver,Shopee,Bangkok,386,TV_Show,PromptPay,16,12,1,0,30-40,12.866666666666667,9.0,2.0,0.2222222222222222,169,99,1831.1911111111112,0.3,0.2222222222222222,0.6666666666666666,0.0,0.0,0,0,0.0,0.0,0,0,0.0,0.0,0,0,0.0,16480.72,9,2,0.2222222222222222,1
LGS2ORD0045041,C013535,2025-12-23 16:00:00,Male,35,Bronze,Shopee,Bangkok,890,CallCenter,PromptPay,16,12,1,0,30-40,29.666666666666668,7.0,0.0,0.0,-1,1,10188.462857142858,0.28,0.0,0.14285714285714285,0.0,2829.47,1,0,0.0,3997.35,2,0,0.0,35613.03,3,0,0.0,71319.24,7,0,0.0,0
LGS2ORD0045042,C015612,2025-12-23 17:00:00,Female,36,Silver,Web,Khon Kaen,1677,Web,Bank_Transfer,17,12,1,0,30-40,55.9,9.0,1.0,0.1111111111111111,175,49,2651.556666666667,0.2,0.3333333333333333,0.0,0.0,0.0,0,0,0.0,0.0,0,0,0.0,3359.04,1,0,0.0,23864.010000000002,9,1,0.1111111111111111,0
LGS2ORD0045043,C012265,2025-12-23 17:00:00,Female,58,Gold,Lazada,Bangkok,1072,Shopee,COD,17,12,1,0,>50,35.733333333333334,2.0,0.0,0.0,-1,53,10864.66,0.28,0.0,0.5,0.0,0.0,0,0,0.0,0.0,0,0,0.0,21729.32,2,0,0.0,21729.32,2,0,0.0,0
LGS2ORD0045044,C017549,2025-12-23 17:00:00,Male,48,Bronze,Shopee,Remote_Area,1083,CallCenter,COD,17,12,1,0,40-50,36.1,5.0,3.0,0.6,132,65,5662.702000000001,0.28,0.6,0.4,0.0,0.0,0,0,0.0,0.0,0,0,0.0,2820.8500000000004,2,0,0.0,28313.510000000006,5,3,0.6,0
LGS2ORD0045045,C015606,2025-12-23 17:00:00,Male,37,Silver,Shopee,Remote_Area,911,CallCenter,COD,17,12,1,0,30-40,30.366666666666667,4.0,0.0,0.0,-1,83,6987.4275,0.15,0.5,0.0,0.0,0.0,0,0,0.0,0.0,0,0,0.0,8388.44,1,0,0.0,27949.71,4,0,0.0,0
LGS2ORD0045046,C010347,2025-12-23 17:00:00,Female,31,Gold,Shopee,Bangkok,1781,TV_Show,Bank_Transfer,17,12,1,0,30-40,59.36666666666667,9.0,1.0,0.1111111111111111,56,13,3912.982222222222,0.33,0.2222222222222222,0.5555555555555556,0.1111111111111111,0.0,0,0,0.0,3735.8399999999997,2,0,0.0,12008.04,3,1,0.3333333333333333,35216.84,9,1,0.1111111111111111,0
LGS2ORD0045047,C011054,2025-12-23 18:00:00,Male,47,Silver,Web,Bangkok,1021,Shopee,COD,18,12,1,0,40-50,34.03333333333333,3.0,0.0,0.0,-1,29,8191.003333333334,0.2,1.0,0.0,0.0,0.0,0,0,0.0,4539.9,1,0,0.0,24573.010000000002,3,0,0.0,24573.010000000002,3,0,0.0,0
LGS2ORD0045048,C016282,2025-12-23 18:00:00,Male,28,Silver,Lazada,Khon Kaen,1511,TV_Show,COD,18,12,1,0,20-30,50.36666666666667,3.0,1.0,0.3333333333333333,186,71,5695.240000000001,0.3,0.6666666666666666,0.6666666666666666,0.0,0.0,0,0,0.0,0.0,0,0,0.0,11762.91,2,0,0.0,17085.72,3,1,0.3333333333333333,0
LGS2ORD0045049,C017921,2025-12-23 18:00:00,Other,60,Bronze,Web,Nakhon Ratchasima,1100,Web,PromptPay,18,12,1,0,>50,36.666666666666664,6.0,2.0,0.3333333333333333,142,51,5816.388333333333,0.18,0.5,0.0,0.0,0.0,0,0,0.0,0.0,0,0,0.0,6564.52,1,0,0.0,34898.33,6,2,0.3333333333333333,1
LGS2ORD0045050,C015842,2025-12-23 18:00:00,Male,31,Gold,Web,Bangkok,1392,Lazada,Credit_Card,18,12,1,0,30-40,46.4,6.0,1.0,0.16666666666666666,314,102,3268.5933333333337,0.28,0.5,0.6666666666666666,0.0,0.0,0,0,0.0,0.0,0,0,0.0,0.0,0,0,0.0,19611.56,6,1,0.16666666666666666,0
LGS2ORD0045051,C016978,2025-12-23 18:00:00,Male,42,Platinum,Web,Bangkok,873,TV_Show,PromptPay,18,12,1,0,40-50,29.1,1.0,0.0,0.0,-1,9,3115.43,0.15,0.0,0.0,0.0,0.0,0,0,0.0,3115.43,1,0,0.0,3115.43,1,0,0.0,3115.43,1,0,0.0,0
LGS2ORD0045052,C017507,2025-12-23 19:00:00,Male,26,Silver,Web,Phuket,1155,CallCenter,Credit_Card,19,12,1,0,20-30,38.5,7.0,1.0,0.14285714285714285,210,60,4286.168571428571,0.25,0.2857142857142857,0.2857142857142857,0.0,0.0,0,0,0.0,0.0,0,0,0.0,8787.53,2,0,0.0,30003.18,7,1,0.14285714285714285,0
LGS2ORD0045053,C015978,2025-12-23 19:00:00,Female,40,Bronze,Web,Bangkok,1195,Web,COD,19,12,1,0,30-40,39.833333333333336,6.0,1.0,0.16666666666666666,1,13,2588.8433333333332,0.18,0.3333333333333333,0.0,0.0,0.0,0,0,0.0,2771.56,1,1,1.0,2771.56,1,1,1.0,15533.06,6,1,0.16666666666666666,0
LGS2ORD0045054,C010507,2025-12-23 19:00:00,Female,48,Gold,Web,Chonburi,1536,Lazada,COD,19,12,1,0,40-50,51.2,5.0,2.0,0.4,238,83,3944.3240000000005,0.2299999999999999,0.6,0.4,0.0,0.0,0,0,0.0,0.0,0,0,0.0,2166.61,1,0,0.0,19721.620000000003,5,2,0.4,0
LGS2ORD0045055,C012093,2025-12-23 19:00:00,Female,53,Bronze,Lazada,Remote_Area,761,TV_Show,COD,19,12,1,0,>50,25.366666666666667,8.0,2.0,0.25,163,8,4333.4037499999995,0.23,0.625,0.25,0.0,0.0,0,0,0.0,4622.04,1,0,0.0,4622.04,1,0,0.0,34667.229999999996,8,2,0.25,1
LGS2ORD0045056,C014311,2025-12-23 19:00:00,Female,46,Bronze,Web,Chiang Mai,1086,Web,Credit_Card,19,12,1,0,40-50,36.2,9.0,2.0,0.2222222222222222,178,18,7068.31111111111,0.28,0.4444444444444444,0.4444444444444444,0.0,0.0,0,0,0.0,9295.18,1,0,0.0,12956.48,3,0,0.0,63614.799999999996,9,2,0.2222222222222222,0
LGS2ORD0045057,C017259,2025-12-23 20:00:00,Male,57,Bronze,Shopee,Khon Kaen,794,TV_Show,Credit_Card,20,12,1,0,>50,26.466666666666665,5.0,1.0,0.2,126,92,4206.296,0.28,0.8,0.4,0.0,0.0,0,0,0.0,0.0,0,0,0.0,0.0,0,0,0.0,21031.480000000003,5,1,0.2,0
LGS2ORD0045058,C014160,2025-12-23 20:00:00,Male,31,Bronze,Shopee,Phuket,1378,Shopee,Credit_Card,20,12,1,0,30-40,45.93333333333333,8.0,3.0,0.375,169,178,5007.7725,0.23,0.5,0.375,0.0,0.0,0,0,0.0,0.0,0,0,0.0,0.0,0,0,0.0,40062.18,8,3,0.375,0
LGS2ORD0045059,C011974,2025-12-23 20:00:00,Male,37,Silver,TV,Khon Kaen,1052,Shopee,PromptPay,20,12,1,0,30-40,35.06666666666667,7.0,2.0,0.2857142857142857,11,18,9137.41,0.2,0.14285714285714285,0.0,0.0,0.0,0,0,0.0,12293.78,1,1,1.0,12293.78,1,1,1.0,63961.87,7,2,0.2857142857142857,0
LGS2ORD0045060,C010928,2025-12-23 20:00:00,Female,36,Silver,Web,Bangkok,579,Shopee,PromptPay,20,12,1,0,30-40,19.3,4.0,0.0,0.0,-1,154,5460.2300000000005,0.2,0.25,0.0,0.0,0.0,0,0,0.0,0.0,0,0,0.0,0.0,0,0,0.0,21840.920000000002,4,0,0.0,0
LGS2ORD0045061,C010739,2025-12-23 20:00:00,Male,34,Bronze,CallCenter,Bangkok,592,Shopee,COD,20,12,1,0,30-40,19.733333333333334,9.0,3.0,0.3333333333333333,47,55,7630.526666666668,0.28,0.5555555555555556,0.2222222222222222,0.0,0.0,0,0,0.0,0.0,0,0,0.0,50049.61,3,1,0.3333333333333333,68674.74,9,3,0.3333333333333333,0
LGS2ORD0045062,C014198,2025-12-23 20:00:00,Male,37,Gold,Shopee,Khon Kaen,817,Shopee,COD,20,12,1,0,30-40,27.233333333333334,11.0,2.0,0.18181818181818182,29,0,4900.535454545454,0.33,0.45454545454545453,0.45454545454545453,0.0,549.79,1,0,0.0,963.17,2,0,0.0,6413.38,3,1,0.3333333333333333,53905.88999999999,11,2,0.18181818181818182,0
LGS2ORD0045063,C015273,2025-12-23 21:00:00,Male,57,Gold,Web,Chonburi,1388,Shopee,COD,21,12,1,0,>50,46.266666666666666,5.0,0.0,0.0,-1,244,7748.764,0.28,0.2,0.4,0.0,0.0,0,0,0.0,0.0,0,0,0.0,0.0,0,0,0.0,38743.82,5,0,0.0,0
LGS2ORD0045064,C014253,2025-12-23 21:00:00,Female,44,Bronze,Lazada,Phuket,1657,Web,COD,21,12,1,0,40-50,55.233333333333334,7.0,1.0,0.14285714285714285,21,4,4227.72,0.23,0.42857142857142855,0.14285714285714285,0.14285714285714285,8757.71,1,0,0.0,8757.71,1,0,0.0,26368.15,5,1,0.2,29594.04,7,1,0.14285714285714285,0
LGS2ORD0045065,C010751,2025-12-23 21:00:00,Male,62,Silver,TV,Bangkok,671,Shopee,COD,21,12,1,0,>50,22.366666666666667,3.0,1.0,0.3333333333333333,88,25,6515.803333333333,0.25,0.3333333333333333,0.3333333333333333,0.0,0.0,0,0,0.0,411.45,1,0,0.0,411.45,1,0,0.0,19547.41,3,1,0.3333333333333333,1
LGS2ORD0045066,C012381,2025-12-23 21:00:00,Male,48,Gold,CallCenter,Remote_Area,1749,Web,COD,21,12,1,0,40-50,58.3,7.0,1.0,0.14285714285714285,102,71,3337.9900000000002,0.33,0.14285714285714285,0.42857142857142855,0.0,0.0,0,0,0.0,0.0,0,0,0.0,3973.34,2,0,0.0,23365.93,7,1,0.14285714285714285,0
LGS2ORD0045067,C016858,2025-12-23 21:00:00,Male,40,Bronze,TV,Songkhla,742,Web,COD,21,12,1,0,30-40,24.733333333333334,11.0,3.0,0.2727272727272727,75,4,4132.260000000001,0.28,0.7272727272727273,0.45454545454545453,0.0,5039.87,1,0,0.0,6827.13,2,0,0.0,11858.32,3,0,0.0,45454.86000000001,11,3,0.2727272727272727,1
LGS2ORD0045068,C016490,2025-12-23 22:00:00,Female,33,Bronze,Web,Nakhon Ratchasima,715,Lazada,COD,22,12,1,0,30-40,23.833333333333332,4.0,0.0,0.0,-1,53,15262.440000000002,0.23,0.0,0.25,0.0,0.0,0,0,0.0,0.0,0,0,0.0,12961.36,1,0,0.0,61049.76000000001,4,0,0.0,0
LGS2ORD0045069,C012043,2025-12-23 22:00:00,Female,30,Silver,Shopee,Remote_Area,572,TV_Show,Credit_Card,22,12,1,0,20-30,19.066666666666666,6.0,2.0,0.3333333333333333,91,100,2187.3883333333333,0.2,0.5,0.0,0.0,0.0,0,0,0.0,0.0,0,0,0.0,0.0,0,0,0.0,13124.33,6,2,0.3333333333333333,1
LGS2ORD0045070,C012457,2025-12-23 22:00:00,Female,32,Platinum,Lazada,Bangkok,1034,Shopee,PromptPay,22,12,1,0,30-40,34.46666666666667,7.0,0.0,0.0,-1,8,4593.345714285713,0.3,0.2857142857142857,0.2857142857142857,0.0,0.0,0,0,0.0,3586.1,1,0,0.0,6028.29,2,0,0.0,32153.419999999995,7,0,0.0,1
LGS2ORD0045071,C012137,2025-12-23 22:00:00,Female,39,Silver,Lazada,Chiang Mai,1116,TV_Show,COD,22,12,1,0,30-40,37.2,5.0,0.0,0.0,-1,53,3715.168,0.15,0.4,0.0,0.0,0.0,0,0,0.0,0.0,0,0,0.0,3466.83,2,0,0.0,18575.84,5,0,0.0,1
LGS2ORD0045072,C010782,2025-12-23 22:00:00,Female,46,Gold,Shopee,Remote_Area,790,Lazada,COD,22,12,1,0,40-50,26.333333333333332,6.0,1.0,0.16666666666666666,226,85,2001.195,0.33,0.16666666666666666,0.5,0.0,0.0,0,0,0.0,0.0,0,0,0.0,4336.96,1,0,0.0,12007.17,6,1,0.16666666666666666,0
LGS2ORD0045073,C013239,2025-12-23 23:00:00,Male,29,Bronze,Shopee,Khon Kaen,845,Shopee,COD,23,12,1,0,20-30,28.166666666666668,15.0,5.0,0.3333333333333333,88,33,5468.236,0.28,0.4666666666666667,0.3333333333333333,0.0,0.0,0,0,0.0,0.0,0,0,0.0,5970.79,1,0,0.0,82023.54,15,5,0.3333333333333333,1
LGS2ORD0045074,C015046,2025-12-23 23:00:00,Male,64,Silver,Lazada,Songkhla,647,Lazada,COD,23,12,1,0,>50,21.566666666666666,4.0,1.0,0.25,235,102,3445.8875,0.2,0.0,0.0,0.0,0.0,0,0,0.0,0.0,0,0,0.0,0.0,0,0,0.0,13783.55,4,1,0.25,1
LGS2ORD0045075,C015219,2025-12-23 23:00:00,Male,38,Platinum,Web,Bangkok,1394,Web,COD,23,12,1,0,30-40,46.46666666666667,5.0,0.0,0.0,-1,26,3681.968,0.2,0.4,0.0,0.0,0.0,0,0,0.0,1363.15,1,0,0.0,10343.51,2,0,0.0,18409.84,5,0,0.0,0
LGS2ORD0045076,C016424,2025-12-23 23:00:00,Female,62,Silver,TV,Bangkok,1605,Web,COD,23,12,1,0,>50,53.5,5.0,3.0,0.6,3,10,8061.248,0.2,0.8,0.0,0.0,0.0,0,0,0.0,1976.43,1,1,1.0,15918.1,2,2,1.0,40306.24,5,3,0.6,0
LGS2ORD0045077,C015392,2025-12-23 23:00:00,Male,41,Bronze,TV,Bangkok,531,Lazada,Credit_Card,23,12,1,0,40-50,17.7,8.0,0.0,0.0,-1,63,3446.32875,0.23,0.75,0.25,0.0,0.0,0,0,0.0,0.0,0,0,0.0,1964.65,2,0,0.0,27570.63,8,0,0.0,0
LGS2ORD0045078,C015320,2025-12-24 00:00:00,Female,43,Bronze,TV,Phuket,1251,Shopee,PromptPay,0,12,2,0,40-50,41.7,2.0,2.0,1.0,85,90,2238.205,0.28,0.0,1.0,0.0,0.0,0,0,0.0,0.0,0,0,0.0,0.0,0,0,0.0,4476.41,2,2,1.0,0
LGS2ORD0045079,C011879,2025-12-24 00:00:00,Male,52,Gold,Shopee,Bangkok,1270,Shopee,COD,0,12,2,0,>50,42.333333333333336,7.0,1.0,0.14285714285714285,15,3,5907.251428571429,0.33,0.2857142857142857,0.42857142857142855,0.0,23747.8,1,0,0.0,29059.86,2,1,0.5,29059.86,2,1,0.5,41350.76,7,1,0.14285714285714285,0
LGS2ORD0045080,C013279,2025-12-24 00:00:00,Male,67,Gold,TV,Songkhla,1401,Lazada,COD,0,12,2,0,>50,46.7,4.0,3.0,0.75,66,79,3629.4300000000003,0.28,0.25,0.75,0.0,0.0,0,0,0.0,0.0,0,0,0.0,1115.54,1,1,1.0,14517.720000000001,4,3,0.75,0
LGS2ORD0045081,C013899,2025-12-24 00:00:00,Female,37,Bronze,CallCenter,Chiang Mai,1365,Shopee,Bank_Transfer,0,12,2,0,30-40,45.5,2.0,0.0,0.0,-1,24,6552.925,0.18,0.5,0.0,0.0,0.0,0,0,0.0,1776.67,1,0,0.0,1776.67,1,0,0.0,13105.85,2,0,0.0,0
LGS2ORD0045082,C013113,2025-12-24 00:00:00,Male,30,Silver,Lazada,Khon Kaen,887,Web,Bank_Transfer,0,12,2,0,20-30,29.566666666666666,3.0,2.0,0.6666666666666666,159,125,3502.463333333333,0.3,0.6666666666666666,1.0,0.0,0.0,0,0,0.0,0.0,0,0,0.0,0.0,0,0,0.0,10507.39,3,2,0.6666666666666666,1
LGS2ORD0045083,C013059,2025-12-24 00:00:00,Other,37,Platinum,Shopee,Khon Kaen,555,Lazada,COD,0,12,2,0,30-40,18.5,5.0,0.0,0.0,-1,37,5441.508,0.3,0.6,0.8,0.0,0.0,0,0,0.0,0.0,0,0,0.0,2109.27,2,0,0.0,27207.539999999997,5,0,0.0,0
LGS2ORD0045084,C013998,2025-12-24 01:00:00,Female,26,Gold,CallCenter,Remote_Area,682,TV_Show,Credit_Card,1,12,2,0,20-30,22.733333333333334,5.0,1.0,0.2,96,2,4806.406,0.28,0.6,0.2,0.0,4503.23,1,0,0.0,4503.23,1,0,0.0,4503.23,1,0,0.0,24032.03,5,1,0.2,0
LGS2ORD0045085,C015512,2025-12-24 01:00:00,Female,66,Gold,Lazada,Songkhla,1026,Lazada,COD,1,12,2,0,>50,34.2,5.0,0.0,0.0,-1,111,7077.134,0.33,0.6,0.4,0.0,0.0,0,0,0.0,0.0,0,0,0.0,0.0,0,0,0.0,35385.67,5,0,0.0,0
LGS2ORD0045086,C012226,2025-12-24 01:00:00,Male,41,Bronze,Web,Songkhla,1796,Shopee,COD,1,12,2,0,40-50,59.86666666666667,6.0,1.0,0.16666666666666666,188,99,4055.1716666666666,0.28,0.6666666666666666,0.5,0.0,0.0,0,0,0.0,0.0,0,0,0.0,0.0,0,0,0.0,24331.03,6,1,0.16666666666666666,0
LGS2ORD0045087,C014158,2025-12-24 01:00:00,Female,35,Platinum,Web,Chiang Mai,1326,Shopee,PromptPay,1,12,2,0,30-40,44.2,4.0,1.0,0.25,46,51,6893.21,0.35,0.5,0.25,0.0,0.0,0,0,0.0,0.0,0,0,0.0,10889.380000000001,3,1,0.3333333333333333,27572.84,4,1,0.25,0
LGS2ORD0045088,C012079,2025-12-24 01:00:00,Female,39,Silver,Lazada,Remote_Area,496,Web,COD,1,12,2,0,30-40,16.533333333333335,6.0,2.0,0.3333333333333333,193,53,5596.221666666667,0.25,0.3333333333333333,0.3333333333333333,0.0,0.0,0,0,0.0,0.0,0,0,0.0,15055.03,1,0,0.0,33577.33,6,2,0.3333333333333333,0
LGS2ORD0045089,C011180,2025-12-24 02:00:00,Male,55,Bronze,Web,Nakhon Ratchasima,1063,CallCenter,Credit_Card,2,12,2,0,>50,35.43333333333333,7.0,2.0,0.2857142857142857,88,10,12082.75142857143,0.28,0.7142857142857143,0.42857142857142855,0.0,0.0,0,0,0.0,35854.91,2,0,0.0,35854.91,2,0,0.0,84579.26000000001,7,2,0.2857142857142857,0
LGS2ORD0045090,C012152,2025-12-24 02:00:00,Male,47,Bronze,Shopee,Phuket,1093,CallCenter,Credit_Card,2,12,2,0,40-50,36.43333333333333,2.0,1.0,0.5,38,47,3893.64,0.03,0.0,0.0,0.0,0.0,0,0,0.0,0.0,0,0,0.0,7127.92,1,1,1.0,7787.28,2,1,0.5,0
LGS2ORD0045091,C014330,2025-12-24 02:00:00,Male,19,Silver,TV,Phuket,1633,Web,COD,2,12,2,0,<20,54.43333333333333,7.0,4.0,0.5714285714285714,24,33,4237.602857142857,0.25,0.8571428571428571,0.14285714285714285,0.0,0.0,0,0,0.0,0.0,0,0,0.0,14059.34,2,2,1.0,29663.22,7,4,0.5714285714285714,0
LGS2ORD0045092,C014797,2025-12-24 02:00:00,Male,18,Bronze,Lazada,Phuket,509,Shopee,COD,2,12,2,0,<20,16.966666666666665,5.0,1.0,0.2,336,1,6188.088,0.28,0.2,0.4,0.0,15040.59,1,0,0.0,15040.59,1,0,0.0,15040.59,1,0,0.0,30940.44,5,1,0.2,1
LGS2ORD0045093,C011699,2025-12-24 02:00:00,Male,47,Bronze,TV,Khon Kaen,1373,CallCenter,Credit_Card,2,12,2,0,40-50,45.766666666666666,9.0,1.0,0.1111111111111111,187,12,1666.9988888888886,0.23,0.6666666666666666,0.3333333333333333,0.0,0.0,0,0,0.0,3196.21,1,0,0.0,4988.49,2,0,0.0,15002.989999999998,9,1,0.1111111111111111,0
LGS2ORD0045094,C014080,2025-12-24 03:00:00,Male,29,Bronze,Shopee,Songkhla,1706,Lazada,COD,3,12,2,0,20-30,56.86666666666667,9.0,1.0,0.1111111111111111,247,114,10443.753333333334,0.23,0.5555555555555556,0.1111111111111111,0.0,0.0,0,0,0.0,0.0,0,0,0.0,0.0,0,0,0.0,93993.78,9,1,0.1111111111111111,0
LGS2ORD0045095,C010725,2025-12-24 03:00:00,Female,41,Gold,TV,Bangkok,1659,TV_Show,Credit_Card,3,12,2,0,40-50,55.3,6.0,0.0,0.0,-1,111,5196.513333333333,0.28,0.3333333333333333,0.3333333333333333,0.0,0.0,0,0,0.0,0.0,0,0,0.0,0.0,0,0,0.0,31179.08,6,0,0.0,0
LGS2ORD0045096,C012622,2025-12-24 03:00:00,Female,22,Silver,Web,Bangkok,1668,Lazada,Bank_Transfer,3,12,2,0,20-30,55.6,8.0,1.0,0.125,160,22,4191.4375,0.3,0.375,0.125,0.0,0.0,0,0,0.0,13600.87,1,0,0.0,18915.58,2,0,0.0,33531.5,8,1,0.125,0
LGS2ORD0045097,C013243,2025-12-24 03:00:00,Male,21,Bronze,TV,Bangkok,1548,Shopee,PromptPay,3,12,2,0,20-30,51.6,6.0,0.0,0.0,-1,21,5046.265,0.23,0.8333333333333334,0.16666666666666666,0.16666666666666666,0.0,0,0,0.0,3968.95,1,0,0.0,7786.45,2,0,0.0,30277.59,6,0,0.0,0
LGS2ORD0045098,C014485,2025-12-24 03:00:00,Female,44,Bronze,TV,Khon Kaen,901,Shopee,Credit_Card,3,12,2,0,40-50,30.033333333333335,8.0,2.0,0.25,100,36,6674.4175000000005,0.28,0.625,0.25,0.0,0.0,0,0,0.0,0.0,0,0,0.0,8144.38,1,0,0.0,53395.340000000004,8,2,0.25,0
LGS2ORD0045099,C014869,2025-12-24 03:00:00,Female,50,Bronze,Lazada,Chonburi,472,Web,Bank_Transfer,3,12,2,0,40-50,15.733333333333333,6.0,1.0,0.16666666666666666,293,99,3101.7450000000003,0.18,0.6666666666666666,0.0,0.0,0.0,0,0,0.0,0.0,0,0,0.0,0.0,0,0,0.0,18610.47,6,1,0.16666666666666666,0
LGS2ORD0045100,C014922,2025-12-24 04:00:00,Female,49,Bronze,Shopee,Chiang Mai,776,Web,COD,4,12,2,0,40-50,25.866666666666667,8.0,0.0,0.0,-1,29,7013.01,0.28,0.375,0.25,0.0,0.0,0,0,0.0,5799.79,1,0,0.0,5799.79,1,0,0.0,56104.08,8,0,0.0,0
LGS2ORD0045101,C012953,2025-12-24 04:00:00,Male,54,Bronze,TV,Nakhon Ratchasima,1262,Web,PromptPay,4,12,2,0,>50,42.06666666666667,4.0,0.0,0.0,-1,15,6979.955000000001,0.18,0.75,0.0,0.0,0.0,0,0,0.0,3712.77,2,0,0.0,3712.77,2,0,0.0,27919.820000000003,4,0,0.0,0
LGS2ORD0045102,C013318,2025-12-24 04:00:00,Male,47,Bronze,Lazada,Bangkok,561,Web,PromptPay,4,12,2,0,40-50,18.7,4.0,2.0,0.5,13,22,4799.5025000000005,0.28,0.75,0.5,0.0,0.0,0,0,0.0,7210.24,1,1,1.0,7210.24,1,1,1.0,19198.010000000002,4,2,0.5,0
LGS2ORD0045103,C010105,2025-12-24 04:00:00,Female,43,Gold,Lazada,Bangkok,1606,CallCenter,COD,4,12,2,0,40-50,53.53333333333333,5.0,1.0,0.2,313,172,11489.69,0.33,0.6,0.8,0.0,0.0,0,0,0.0,0.0,0,0,0.0,0.0,0,0,0.0,57448.450000000004,5,1,0.2,0
LGS2ORD0045104,C013718,2025-12-24 04:00:00,Female,50,Silver,Lazada,Chiang Mai,1646,Web,Credit_Card,4,12,2,0,40-50,54.86666666666667,3.0,1.0,0.3333333333333333,13,22,8886.949999999999,0.2,0.0,0.0,0.0,0.0,0,0,0.0,25800.2,2,1,0.5,25800.2,2,1,0.5,26660.85,3,1,0.3333333333333333,0
LGS2ORD0045105,C016859,2025-12-24 05:00:00,Male,50,Silver,Shopee,Phuket,1359,TV_Show,COD,5,12,2,0,40-50,45.3,8.0,4.0,0.5,11,16,4259.51875,0.3,0.5,0.5,0.0,0.0,0,0,0.0,1578.75,1,1,1.0,3267.9300000000003,2,2,1.0,34076.15,8,4,0.5,0
LGS2ORD0045106,C017615,2025-12-24 05:00:00,Female,51,Bronze,Web,Chonburi,967,Lazada,COD,5,12,2,0,>50,32.233333333333334,7.0,3.0,0.42857142857142855,31,11,10549.354285714286,0.18,0.5714285714285714,0.0,0.0,0.0,0,0,0.0,3802.08,1,0,0.0,18182.22,2,1,0.5,73845.48,7,3,0.42857142857142855,0
LGS2ORD0045107,C015981,2025-12-24 05:00:00,Female,37,Silver,Lazada,Bangkok,1543,TV_Show,COD,5,12,2,0,30-40,51.43333333333333,5.0,1.0,0.2,-7,1,10684.094000000001,0.2,0.6,0.0,0.0,27827.05,2,1,0.5,27827.05,2,1,0.5,42532.619999999995,3,1,0.3333333333333333,53420.47,5,1,0.2,0
LGS2ORD0045108,C017288,2025-12-24 05:00:00,Male,34,Bronze,Shopee,Khon Kaen,1548,Shopee,Credit_Card,5,12,2,0,30-40,51.6,7.0,2.0,0.2857142857142857,130,142,8297.90142857143,0.23,0.42857142857142855,0.2857142857142857,0.0,0.0,0,0,0.0,0.0,0,0,0.0,0.0,0,0,0.0,58085.310000000005,7,2,0.2857142857142857,0
LGS2ORD0045109,C016293,2025-12-24 05:00:00,Female,44,Silver,Web,Bangkok,892,TV_Show,Credit_Card,5,12,2,0,40-50,29.733333333333334,2.0,0.0,0.0,-1,188,5255.285,0.3,0.5,1.0,0.0,0.0,0,0,0.0,0.0,0,0,0.0,0.0,0,0,0.0,10510.57,2,0,0.0,1
LGS2ORD0045110,C010125,2025-12-24 06:00:00,Female,25,Silver,TV,Phuket,1792,Lazada,Credit_Card,6,12,2,0,20-30,59.733333333333334,6.0,3.0,0.5,73,31,8699.296666666667,0.25,0.3333333333333333,0.3333333333333333,0.0,0.0,0,0,0.0,0.0,0,0,0.0,29896.16,3,1,0.3333333333333333,52195.78,6,3,0.5,0
LGS2ORD0045111,C014259,2025-12-24 06:00:00,Male,52,Silver,Shopee,Chiang Mai,1157,TV_Show,COD,6,12,2,0,>50,38.56666666666667,3.0,1.0,0.3333333333333333,198,68,9472.526666666667,0.2,1.0,0.0,0.0,0.0,0,0,0.0,0.0,0,0,0.0,26005.18,2,0,0.0,28417.579999999998,3,1,0.3333333333333333,0
LGS2ORD0045112,C011369,2025-12-24 06:00:00,Female,38,Bronze,Shopee,Nakhon Ratchasima,1312,Shopee,COD,6,12,2,0,30-40,43.733333333333334,4.0,1.0,0.25,326,3,8653.5125,0.08,0.5,0.0,0.0,3844.89,1,0,0.0,3844.89,1,0,0.0,32906.11,3,0,0.0,34614.05,4,1,0.25,1
LGS2ORD0045113,C013465,2025-12-24 06:00:00,Female,51,Bronze,TV,Chiang Mai,939,Web,COD,6,12,2,0,>50,31.3,9.0,1.0,0.1111111111111111,47,2,3930.488888888888,0.23,0.4444444444444444,0.2222222222222222,0.0,8326.45,1,0,0.0,18858.79,3,0,0.0,23691.45,4,1,0.25,35374.399999999994,9,1,0.1111111111111111,0
LGS2ORD0045114,C017373,2025-12-24 06:00:00,Male,39,Gold,Lazada,Phuket,921,Shopee,PromptPay,6,12,2,0,30-40,30.7,9.0,3.0,0.3333333333333333,13,27,5821.575555555555,0.2299999999999999,0.2222222222222222,0.2222222222222222,0.0,0.0,0,0,0.0,13158.15,1,1,1.0,19715.75,2,1,0.5,52394.18,9,3,0.3333333333333333,0
LGS2ORD0045115,C014414,2025-12-24 07:00:00,Male,46,Bronze,TV,Chiang Mai,1556,CallCenter,COD,7,12,2,0,40-50,51.86666666666667,7.0,3.0,0.42857142857142855,97,110,1664.7828571428568,0.28,0.5714285714285714,0.42857142857142855,0.0,0.0,0,0,0.0,0.0,0,0,0.0,0.0,0,0,0.0,11653.479999999998,7,3,0.42857142857142855,0
LGS2ORD0045116,C017561,2025-12-24 07:00:00,Female,24,Gold,TV,Phuket,1007,Shopee,PromptPay,7,12,2,0,20-30,33.56666666666667,5.0,2.0,0.4,187,64,6305.442,0.28,0.4,0.6,0.0,0.0,0,0,0.0,0.0,0,0,0.0,6310.97,1,0,0.0,31527.21,5,2,0.4,1
LGS2ORD0045117,C013134,2025-12-24 07:00:00,Female,64,Bronze,TV,Remote_Area,1297,Lazada,PromptPay,7,12,2,0,>50,43.233333333333334,5.0,0.0,0.0,-1,17,6950.4,0.18,0.6,0.0,0.0,0.0,0,0,0.0,4827.89,1,0,0.0,12066.64,2,0,0.0,34752.0,5,0,0.0,0
LGS2ORD0045118,C013343,2025-12-24 07:00:00,Female,41,Bronze,CallCenter,Chonburi,1054,Web,Credit_Card,7,12,2,0,40-50,35.13333333333333,8.0,3.0,0.375,-6,5,3579.7387500000004,0.28,0.75,0.375,0.0,6621.04,1,1,1.0,6621.04,1,1,1.0,6621.04,1,1,1.0,28637.910000000003,8,3,0.375,0
LGS2ORD0045119,C010078,2025-12-24 07:00:00,Female,55,Bronze,CallCenter,Songkhla,836,Lazada,COD,7,12,2,0,>50,27.866666666666667,8.0,4.0,0.5,238,99,5924.57625,0.18,0.5,0.0,0.0,0.0,0,0,0.0,0.0,0,0,0.0,0.0,0,0,0.0,47396.61,8,4,0.5,0
LGS2ORD0045120,C016222,2025-12-24 07:00:00,Female,43,Gold,Web,Chiang Mai,1743,TV_Show,COD,7,12,2,0,40-50,58.1,1.0,1.0,1.0,18,23,1417.4,0.13,0.0,0.0,0.0,0.0,0,0,0.0,1417.4,1,1,1.0,1417.4,1,1,1.0,1417.4,1,1,1.0,0
LGS2ORD0045121,C017657,2025-12-24 08:00:00,Female,58,Gold,TV,Nakhon Ratchasima,960,Lazada,COD,8,12,2,0,>50,32.0,7.0,2.0,0.2857142857142857,137,45,1917.3985714285714,0.33,0.42857142857142855,0.5714285714285714,0.0,0.0,0,0,0.0,0.0,0,0,0.0,742.07,1,0,0.0,13421.789999999999,7,2,0.2857142857142857,0
LGS2ORD0045122,C013162,2025-12-24 08:00:00,Female,48,Silver,Web,Chiang Mai,468,Lazada,Credit_Card,8,12,2,0,40-50,15.6,5.0,0.0,0.0,-1,35,2063.12,0.25,0.2,0.2,0.0,0.0,0,0,0.0,0.0,0,0,0.0,4295.37,1,0,0.0,10315.599999999999,5,0,0.0,0
LGS2ORD0045123,C011026,2025-12-24 08:00:00,Male,31,Bronze,Web,Bangkok,1260,Lazada,Credit_Card,8,12,2,0,30-40,42.0,10.0,1.0,0.1,125,30,5786.831,0.18,0.7,0.0,0.0,0.0,0,0,0.0,0.0,0,0,0.0,5894.650000000001,2,0,0.0,57868.31,10,1,0.1,0
LGS2ORD0045124,C011118,2025-12-24 08:00:00,Female,29,Silver,CallCenter,Khon Kaen,1777,TV_Show,Bank_Transfer,8,12,2,0,20-30,59.233333333333334,4.0,1.0,0.25,277,16,13490.2775,0.3,0.25,0.25,0.0,0.0,0,0,0.0,10438.45,1,0,0.0,10438.45,1,0,0.0,53961.11,4,1,0.25,0
LGS2ORD0045125,C012085,2025-12-24 08:00:00,Female,52,Gold,Web,Bangkok,1233,Lazada,COD,8,12,2,0,>50,41.1,4.0,1.0,0.25,103,114,4755.3,0.28,0.5,0.75,0.0,0.0,0,0,0.0,0.0,0,0,0.0,0.0,0,0,0.0,19021.2,4,1,0.25,0
LGS2ORD0045126,C014878,2025-12-24 09:00:00,Male,29,Silver,Lazada,Songkhla,376,TV_Show,COD,9,12,2,0,20-30,12.533333333333333,8.0,3.0,0.375,68,30,4757.24625,0.25,0.5,0.25,0.0,0.0,0,0,0.0,0.0,0,0,0.0,21560.72,3,1,0.3333333333333333,38057.97,8,3,0.375,0
LGS2ORD0045127,C013493,2025-12-24 09:00:00,Female,34,Bronze,Shopee,Bangkok,1795,Shopee,Credit_Card,9,12,2,0,30-40,59.833333333333336,3.0,2.0,0.6666666666666666,59,75,5055.053333333333,0.18,1.0,0.0,0.0,0.0,0,0,0.0,0.0,0,0,0.0,3986.87,1,1,1.0,15165.16,3,2,0.6666666666666666,0
LGS2ORD0045128,C015302,2025-12-24 09:00:00,Male,20,Bronze,Web,Songkhla,1631,Web,Credit_Card,9,12,2,0,<20,54.36666666666667,8.0,2.0,0.25,108,3,5957.53125,0.28,0.375,0.25,0.0,1692.57,1,0,0.0,1692.57,1,0,0.0,1692.57,1,0,0.0,47660.25,8,2,0.25,0
LGS2ORD0045129,C012358,2025-12-24 09:00:00,Male,63,Bronze,TV,Nakhon Ratchasima,1322,Shopee,COD,9,12,2,0,>50,44.06666666666667,8.0,2.0,0.25,109,38,5595.032499999999,0.28,0.75,0.5,0.0,0.0,0,0,0.0,0.0,0,0,0.0,3735.96,2,0,0.0,44760.259999999995,8,2,0.25,0
LGS2ORD0045130,C010694,2025-12-24 09:00:00,Male,54,Gold,TV,Bangkok,548,TV_Show,Credit_Card,9,12,2,0,>50,18.266666666666666,6.0,0.0,0.0,-1,27,3489.9266666666667,0.33,0.0,0.5,0.0,0.0,0,0,0.0,7328.12,1,0,0.0,17383.05,3,0,0.0,20939.56,6,0,0.0,0
LGS2ORD0045131,C014711,2025-12-24 10:00:00,Female,49,Silver,Web,Songkhla,991,Web,COD,10,12,2,0,40-50,33.03333333333333,5.0,4.0,0.8,104,110,5580.638000000001,0.3,0.6,0.4,0.0,0.0,0,0,0.0,0.0,0,0,0.0,0.0,0,0,0.0,27903.190000000002,5,4,0.8,1
LGS2ORD0045132,C012528,2025-12-24 10:00:00,Male,45,Gold,TV,Remote_Area,406,TV_Show,COD,10,12,2,0,40-50,13.533333333333333,5.0,1.0,0.2,97,30,9047.29,0.2299999999999999,0.4,0.2,0.0,0.0,0,0,0.0,0.0,0,0,0.0,8941.4,1,0,0.0,45236.450000000004,5,1,0.2,0
LGS2ORD0045133,C011340,2025-12-24 10:00:00,Female,57,Bronze,Web,Songkhla,824,Shopee,COD,10,12,2,0,>50,27.466666666666665,8.0,3.0,0.375,174,8,7080.650000000001,0.28,0.75,0.75,0.0,0.0,0,0,0.0,31543.08,1,0,0.0,31543.08,1,0,0.0,56645.200000000004,8,3,0.375,0
LGS2ORD0045134,C011777,2025-12-24 10:00:00,Male,25,Bronze,Web,Bangkok,1562,Web,COD,10,12,2,0,20-30,52.06666666666667,4.0,1.0,0.25,246,99,4621.0975,0.23,0.25,0.25,0.0,0.0,0,0,0.0,0.0,0,0,0.0,0.0,0,0,0.0,18484.39,4,1,0.25,0
LGS2ORD0045135,C010934,2025-12-24 10:00:00,Male,41,Platinum,TV,Chonburi,565,TV_Show,Credit_Card,10,12,2,0,40-50,18.833333333333332,8.0,2.0,0.25,9,18,5708.8012499999995,0.35,0.5,0.625,0.0,0.0,0,0,0.0,1532.26,1,1,1.0,1532.26,1,1,1.0,45670.409999999996,8,2,0.25,0
LGS2ORD0045136,C011549,2025-12-24 11:00:00,Other,51,Gold,TV,Nakhon Ratchasima,1170,Lazada,PromptPay,11,12,2,0,>50,39.0,7.0,2.0,0.2857142857142857,104,2,1472.8814285714288,0.33,0.5714285714285714,0.2857142857142857,0.0,833.61,1,0,0.0,833.61,1,0,0.0,1326.3600000000001,2,0,0.0,10310.170000000002,7,2,0.2857142857142857,0
LGS2ORD0045137,C014987,2025-12-24 11:00:00,Female,27,Gold,TV,Bangkok,1321,TV_Show,Bank_Transfer,11,12,2,0,20-30,44.03333333333333,3.0,1.0,0.3333333333333333,80,40,3064.7000000000003,0.2299999999999999,0.0,0.3333333333333333,0.0,0.0,0,0,0.0,0.0,0,0,0.0,1197.19,1,0,0.0,9194.1,3,1,0.3333333333333333,0
LGS2ORD0045138,C014692,2025-12-24 11:00:00,Female,56,Bronze,CallCenter,Bangkok,489,Lazada,PromptPay,11,12,2,0,>50,16.3,2.0,0.0,0.0,-1,92,5347.55,0.03,0.5,0.0,0.0,0.0,0,0,0.0,0.0,0,0,0.0,0.0,0,0,0.0,10695.1,2,0,0.0,1
LGS2ORD0045139,C015631,2025-12-24 11:00:00,Other,52,Bronze,TV,Khon Kaen,433,Shopee,COD,11,12,2,0,>50,14.433333333333334,4.0,2.0,0.5,52,59,5174.9175,0.23,0.5,0.25,0.0,0.0,0,0,0.0,0.0,0,0,0.0,11887.0,1,1,1.0,20699.67,4,2,0.5,1
LGS2ORD0045140,C010984,2025-12-24 11:00:00,Female,60,Bronze,Shopee,Bangkok,504,CallCenter,COD,11,12,2,0,>50,16.8,9.0,0.0,0.0,-1,4,5866.696666666667,0.28,0.4444444444444444,0.2222222222222222,0.0,899.13,1,0,0.0,1854.9,2,0,0.0,1854.9,2,0,0.0,52800.27,9,0,0.0,0
LGS2ORD0045141,C014377,2025-12-24 11:00:00,Female,37,Bronze,Web,Bangkok,1571,CallCenter,PromptPay,11,12,2,0,30-40,52.36666666666667,3.0,1.0,0.3333333333333333,105,42,11252.833333333334,0.23,0.3333333333333333,0.6666666666666666,0.0,0.0,0,0,0.0,0.0,0,0,0.0,12243.970000000001,2,0,0.0,33758.5,3,1,0.3333333333333333,0
LGS2ORD0045142,C010622,2025-12-24 12:00:00,Male,30,Gold,Lazada,Bangkok,933,CallCenter,Credit_Card,12,12,2,0,20-30,31.1,2.0,1.0,0.5,182,173,1750.63,0.28,0.5,0.5,0.0,0.0,0,0,0.0,0.0,0,0,0.0,0.0,0,0,0.0,3501.26,2,1,0.5,0
LGS2ORD0045143,C016689,2025-12-24 12:00:00,Female,42,Silver,TV,Chiang Mai,1782,TV_Show,COD,12,12,2,0,40-50,59.4,7.0,3.0,0.42857142857142855,99,114,7750.9800000000005,0.2,0.8571428571428571,0.0,0.0,0.0,0,0,0.0,0.0,0,0,0.0,0.0,0,0,0.0,54256.86,7,3,0.42857142857142855,1
LGS2ORD0045144,C014533,2025-12-24 12:00:00,Female,47,Bronze,TV,Songkhla,1720,Lazada,COD,12,12,2,0,40-50,57.333333333333336,8.0,2.0,0.25,106,43,9830.724999999999,0.23,0.625,0.125,0.0,0.0,0,0,0.0,0.0,0,0,0.0,53717.36,2,0,0.0,78645.79999999999,8,2,0.25,0
LGS2ORD0045145,C012647,2025-12-24 12:00:00,Male,36,Bronze,Shopee,Bangkok,1395,Lazada,Credit_Card,12,12,2,0,30-40,46.5,0.0,0.0,0.0,-1,-1,0.0,0.0,0.0,0.0,0.0,0.0,0,0,0.0,0.0,0,0,0.0,0.0,0,0,0.0,0.0,0,0,0.0,0
LGS2ORD0045146,C016518,2025-12-24 12:00:00,Female,30,Bronze,TV,Phuket,1328,Shopee,COD,12,12,2,0,20-30,44.266666666666666,10.0,3.0,0.3,161,157,5722.936,0.23,0.3,0.1,0.0,0.0,0,0,0.0,0.0,0,0,0.0,0.0,0,0,0.0,57229.36,10,3,0.3,1
LGS2ORD0045147,C017440,2025-12-24 13:00:00,Male,40,Bronze,Web,Bangkok,611,Web,COD,13,12,2,0,30-40,20.366666666666667,5.0,1.0,0.2,251,118,4372.316,0.28,0.2,0.4,0.0,0.0,0,0,0.0,0.0,0,0,0.0,0.0,0,0,0.0,21861.579999999998,5,1,0.2,1
LGS2ORD0045148,C011806,2025-12-24 13:00:00,Male,37,Bronze,TV,Chonburi,388,Shopee,PromptPay,13,12,2,0,30-40,12.933333333333334,4.0,1.0,0.25,136,55,5533.3099999999995,0.23,0.75,0.25,0.0,0.0,0,0,0.0,0.0,0,0,0.0,10540.28,1,0,0.0,22133.239999999998,4,1,0.25,1
LGS2ORD0045149,C011709,2025-12-24 13:00:00,Other,33,Silver,CallCenter,Nakhon Ratchasima,510,Shopee,COD,13,12,2,0,30-40,17.0,4.0,2.0,0.5,9,24,2863.47,0.2,0.5,0.0,0.0,0.0,0,0,0.0,2186.68,1,1,1.0,5228.65,2,1,0.5,11453.88,4,2,0.5,0
LGS2ORD0045150,C016765,2025-12-24 13:00:00,Female,44,Platinum,Shopee,Khon Kaen,1139,Web,PromptPay,13,12,2,0,40-50,37.96666666666667,2.0,1.0,0.5,297,103,4661.7300000000005,0.15,0.0,0.0,0.0,0.0,0,0,0.0,0.0,0,0,0.0,0.0,0,0,0.0,9323.460000000001,2,1,0.5,0
LGS2ORD0045151,C016028,2025-12-24 13:00:00,Female,39,Silver,TV,Nakhon Ratchasima,1037,TV_Show,COD,13,12,2,0,30-40,34.56666666666667,6.0,2.0,0.3333333333333333,97,103,3338.115,0.3,0.5,0.16666666666666666,0.0,0.0,0,0,0.0,0.0,0,0,0.0,0.0,0,0,0.0,20028.69,6,2,0.3333333333333333,0
LGS2ORD0045152,C017865,2025-12-24 14:00:00,Male,42,Gold,Web,Nakhon Ratchasima,1710,Web,COD,14,12,2,0,40-50,57.0,1.0,0.0,0.0,-1,51,9344.28,0.08,1.0,0.0,0.0,0.0,0,0,0.0,0.0,0,0,0.0,9344.28,1,0,0.0,9344.28,1,0,0.0,0
LGS2ORD0045153,C017129,2025-12-24 14:00:00,Male,38,Platinum,CallCenter,Nakhon Ratchasima,903,Shopee,COD,14,12,2,0,30-40,30.1,6.0,1.0,0.16666666666666666,266,112,3623.9583333333335,0.35,0.6666666666666666,0.6666666666666666,0.0,0.0,0,0,0.0,0.0,0,0,0.0,0.0,0,0,0.0,21743.75,6,1,0.16666666666666666,0
LGS2ORD0045154,C012644,2025-12-24 14:00:00,Male,32,Bronze,Web,Bangkok,1712,TV_Show,Credit_Card,14,12,2,0,30-40,57.06666666666667,7.0,2.0,0.2857142857142857,13,19,5538.24,0.23,0.42857142857142855,0.14285714285714285,0.0,0.0,0,0,0.0,238.61,1,1,1.0,932.8000000000001,2,1,0.5,38767.68,7,2,0.2857142857142857,1
LGS2ORD0045155,C013636,2025-12-24 14:00:00,Female,45,Bronze,Shopee,Khon Kaen,1256,Shopee,PromptPay,14,12,2,0,40-50,41.86666666666667,4.0,0.0,0.0,-1,18,1823.7825,0.23,0.5,0.25,0.0,0.0,0,0,0.0,1662.13,1,0,0.0,4058.6400000000003,2,0,0.0,7295.13,4,0,0.0,0
LGS2ORD0045156,C017405,2025-12-24 14:00:00,Female,49,Bronze,TV,Chiang Mai,462,TV_Show,PromptPay,14,12,2,0,40-50,15.4,4.0,2.0,0.5,67,81,5921.835,0.28,0.25,0.5,0.0,0.0,0,0,0.0,0.0,0,0,0.0,5139.64,1,1,1.0,23687.34,4,2,0.5,0
LGS2ORD0045157,C010223,2025-12-24 15:00:00,Male,43,Bronze,TV,Remote_Area,1266,TV_Show,PromptPay,15,12,2,0,40-50,42.2,9.0,7.0,0.7777777777777778,11,22,10368.865555555556,0.23,0.7777777777777778,0.1111111111111111,0.0,0.0,0,0,0.0,14258.88,1,1,1.0,14258.88,1,1,1.0,93319.79000000001,9,7,0.7777777777777778,0
LGS2ORD0045158,C013604,2025-12-24 15:00:00,Female,40,Bronze,TV,Khon Kaen,501,Lazada,COD,15,12,2,0,30-40,16.7,6.0,4.0,0.6666666666666666,61,70,3292.77,0.23,0.6666666666666666,0.5,0.0,0.0,0,0,0.0,0.0,0,0,0.0,572.01,1,1,1.0,19756.62,6,4,0.6666666666666666,0
LGS2ORD0045159,C011012,2025-12-24 15:00:00,Male,44,Bronze,Web,Bangkok,747,TV_Show,Credit_Card,15,12,2,0,40-50,24.9,5.0,1.0,0.2,177,53,4781.69,0.18,0.6,0.0,0.0,0.0,0,0,0.0,0.0,0,0,0.0,3315.21,1,0,0.0,23908.449999999997,5,1,0.2,0
LGS2ORD0045160,C010291,2025-12-24 15:00:00,Female,53,Bronze,Lazada,Khon Kaen,1202,TV_Show,Credit_Card,15,12,2,0,>50,40.06666666666667,5.0,2.0,0.4,72,86,15993.447999999999,0.18,0.4,0.0,0.0,0.0,0,0,0.0,0.0,0,0,0.0,7278.48,1,1,1.0,79967.23999999999,5,2,0.4,0
LGS2ORD0045161,C015468,2025-12-24 15:00:00,Female,45,Gold,Web,Songkhla,699,TV_Show,Bank_Transfer,15,12,2,0,40-50,23.3,5.0,0.0,0.0,-1,11,2515.984,0.33,0.2,0.4,0.0,0.0,0,0,0.0,1210.3,1,0,0.0,6958.670000000001,3,0,0.0,12579.92,5,0,0.0,0
LGS2ORD0045162,C013474,2025-12-24 15:00:00,Male,67,Bronze,TV,Nakhon Ratchasima,726,Lazada,COD,15,12,2,0,>50,24.2,4.0,0.0,0.0,-1,41,4933.6075,0.28,0.75,0.25,0.0,0.0,0,0,0.0,0.0,0,0,0.0,5814.22,2,0,0.0,19734.43,4,0,0.0,0
LGS2ORD0045163,C014338,2025-12-24 16:00:00,Male,42,Gold,Web,Khon Kaen,1637,Shopee,PromptPay,16,12,2,0,40-50,54.56666666666667,3.0,2.0,0.6666666666666666,166,18,2344.6233333333334,0.2299999999999999,0.6666666666666666,0.3333333333333333,0.0,0.0,0,0,0.0,1624.94,1,0,0.0,1624.94,1,0,0.0,7033.870000000001,3,2,0.6666666666666666,0
LGS2ORD0045164,C016312,2025-12-24 16:00:00,Male,38,Bronze,Shopee,Bangkok,1637,TV_Show,COD,16,12,2,0,30-40,54.56666666666667,7.0,1.0,0.14285714285714285,229,82,7048.1900000000005,0.28,0.42857142857142855,0.42857142857142855,0.0,0.0,0,0,0.0,0.0,0,0,0.0,9216.07,2,0,0.0,49337.33,7,1,0.14285714285714285,0
LGS2ORD0045165,C014438,2025-12-24 16:00:00,Female,34,Silver,Shopee,Chonburi,1669,Shopee,COD,16,12,2,0,30-40,55.63333333333333,7.0,1.0,0.14285714285714285,136,6,6330.752857142857,0.3,0.42857142857142855,0.42857142857142855,0.0,3876.24,1,0,0.0,3876.24,1,0,0.0,3876.24,1,0,0.0,44315.27,7,1,0.14285714285714285,0
LGS2ORD0045166,C010132,2025-12-24 16:00:00,Female,37,Silver,Shopee,Bangkok,1312,TV_Show,COD,16,12,2,0,30-40,43.733333333333334,1.0,0.0,0.0,-1,248,1215.48,0.25,0.0,1.0,0.0,0.0,0,0,0.0,0.0,0,0,0.0,0.0,0,0,0.0,1215.48,1,0,0.0,0
LGS2ORD0045167,C015219,2025-12-24 16:00:00,Male,38,Platinum,Web,Bangkok,1395,TV_Show,COD,16,12,2,0,30-40,46.5,6.0,0.0,0.0,-1,0,6329.075,0.25,0.5,0.16666666666666666,0.0,19564.61,1,0,0.0,20927.760000000002,2,0,0.0,29908.120000000003,3,0,0.0,37974.45,6,0,0.0,1
LGS2ORD0045168,C015528,2025-12-24 17:00:00,Male,29,Gold,Web,Khon Kaen,1094,Lazada,Credit_Card,17,12,2,0,20-30,36.46666666666667,1.0,0.0,0.0,-1,152,8460.25,0.08,1.0,0.0,0.0,0.0,0,0,0.0,0.0,0,0,0.0,0.0,0,0,0.0,8460.25,1,0,0.0,1
LGS2ORD0045169,C013646,2025-12-24 17:00:00,Female,36,Silver,CallCenter,Bangkok,738,Shopee,Credit_Card,17,12,2,0,30-40,24.6,6.0,1.0,0.16666666666666666,72,8,6127.001666666666,0.25,0.5,0.3333333333333333,0.0,0.0,0,0,0.0,2828.52,1,0,0.0,24175.8,4,1,0.25,36762.009999999995,6,1,0.16666666666666666,0
LGS2ORD0045170,C017309,2025-12-24 17:00:00,Female,51,Silver,TV,Chonburi,429,Lazada,Credit_Card,17,12,2,0,>50,14.3,3.0,0.0,0.0,-1,52,5884.990000000001,0.3,0.0,0.3333333333333333,0.0,0.0,0,0,0.0,0.0,0,0,0.0,833.47,1,0,0.0,17654.97,3,0,0.0,1
LGS2ORD0045171,C017637,2025-12-24 17:00:00,Female,34,Bronze,Web,Phuket,525,CallCenter,Bank_Transfer,17,12,2,0,30-40,17.5,5.0,4.0,0.8,78,91,3723.674,0.23,1.0,0.2,0.0,0.0,0,0,0.0,0.0,0,0,0.0,0.0,0,0,0.0,18618.37,5,4,0.8,0
LGS2ORD0045172,C014339,2025-12-24 17:00:00,Female,48,Bronze,CallCenter,Bangkok,766,TV_Show,COD,17,12,2,0,40-50,25.533333333333335,5.0,2.0,0.4,82,94,7401.7339999999995,0.28,0.8,0.2,0.0,0.0,0,0,0.0,0.0,0,0,0.0,0.0,0,0,0.0,37008.67,5,2,0.4,1
LGS2ORD0045173,C012644,2025-12-24 18:00:00,Male,32,Bronze,Web,Bangkok,1712,Web,PromptPay,18,12,2,0,30-40,57.06666666666667,8.0,3.0,0.375,-7,0,5875.18625,0.23,0.375,0.125,0.0,8233.81,1,1,1.0,8472.42,2,2,1.0,9166.609999999999,3,2,0.6666666666666666,47001.49,8,3,0.375,1
LGS2ORD0045174,C015374,2025-12-24 18:00:00,Male,38,Bronze,TV,Chiang Mai,452,Lazada,COD,18,12,2,0,30-40,15.066666666666666,8.0,5.0,0.625,13,27,2727.27625,0.28,0.5,0.125,0.0,0.0,0,0,0.0,1397.82,1,1,1.0,6197.08,4,3,0.75,21818.21,8,5,0.625,0
LGS2ORD0045175,C015917,2025-12-24 18:00:00,Female,50,Gold,CallCenter,Nakhon Ratchasima,1732,Shopee,Credit_Card,18,12,2,0,40-50,57.733333333333334,6.0,0.0,0.0,-1,3,2623.905,0.33,1.0,0.16666666666666666,0.0,2040.58,1,0,0.0,2040.58,1,0,0.0,3167.7799999999997,2,0,0.0,15743.430000000002,6,0,0.0,0
LGS2ORD0045176,C012863,2025-12-24 18:00:00,Female,41,Bronze,TV,Songkhla,1365,Lazada,COD,18,12,2,0,40-50,45.5,5.0,2.0,0.4,128,110,11008.622,0.28,0.6,0.4,0.0,0.0,0,0,0.0,0.0,0,0,0.0,0.0,0,0,0.0,55043.11,5,2,0.4,0
LGS2ORD0045177,C017864,2025-12-24 18:00:00,Female,34,Bronze,TV,Phuket,395,Shopee,Credit_Card,18,12,2,0,30-40,13.166666666666666,3.0,1.0,0.3333333333333333,139,6,4780.903333333333,0.08,0.3333333333333333,0.0,0.0,8833.43,1,0,0.0,8833.43,1,0,0.0,8833.43,1,0,0.0,14342.71,3,1,0.3333333333333333,0
LGS2ORD0045178,C013559,2025-12-24 19:00:00,Male,44,Silver,TV,Songkhla,469,Lazada,COD,19,12,2,0,40-50,15.633333333333333,10.0,4.0,0.4,137,46,6291.2660000000005,0.3,0.6,0.3,0.0,0.0,0,0,0.0,0.0,0,0,0.0,2228.0699999999997,2,0,0.0,62912.66,10,4,0.4,1
LGS2ORD0045179,C011836,2025-12-24 19:00:00,Female,40,Gold,Shopee,Bangkok,482,Shopee,Bank_Transfer,19,12,2,0,30-40,16.066666666666666,5.0,0.0,0.0,-1,129,4744.608,0.33,0.4,0.8,0.0,0.0,0,0,0.0,0.0,0,0,0.0,0.0,0,0,0.0,23723.04,5,0,0.0,0
LGS2ORD0045180,C010419,2025-12-24 19:00:00,Male,37,Bronze,CallCenter,Songkhla,1536,Shopee,COD,19,12,2,0,30-40,51.2,8.0,4.0,0.5,143,104,10056.6,0.23,0.5,0.25,0.0,0.0,0,0,0.0,0.0,0,0,0.0,0.0,0,0,0.0,80452.8,8,4,0.5,0
LGS2ORD0045181,C015469,2025-12-24 19:00:00,Female,44,Gold,Lazada,Chonburi,1447,Shopee,COD,19,12,2,0,40-50,48.233333333333334,1.0,0.0,0.0,-1,206,2186.34,0.13,0.0,0.0,0.0,0.0,0,0,0.0,0.0,0,0,0.0,0.0,0,0,0.0,2186.34,1,0,0.0,1
LGS2ORD0045182,C015682,2025-12-24 19:00:00,Male,33,Silver,Shopee,Songkhla,1043,Shopee,COD,19,12,2,0,30-40,34.766666666666666,8.0,2.0,0.25,25,21,4492.13,0.3,0.375,0.375,0.0,0.0,0,0,0.0,7997.42,3,1,0.3333333333333333,7997.42,3,1,0.3333333333333333,35937.04,8,2,0.25,0
LGS2ORD0045183,C010393,2025-12-24 19:00:00,Male,51,Bronze,Web,Remote_Area,1302,CallCenter,COD,19,12,2,0,>50,43.4,8.0,3.0,0.375,169,9,3969.1349999999998,0.28,0.25,0.5,0.0,0.0,0,0,0.0,3404.33,1,0,0.0,3404.33,1,0,0.0,31753.079999999998,8,3,0.375,0
LGS2ORD0045184,C012973,2025-12-24 20:00:00,Female,32,Silver,Lazada,Nakhon Ratchasima,812,Lazada,COD,20,12,2,0,30-40,27.066666666666666,3.0,1.0,0.3333333333333333,184,58,5138.06,0.3,0.6666666666666666,0.3333333333333333,0.0,0.0,0,0,0.0,0.0,0,0,0.0,4322.3,1,0,0.0,15414.18,3,1,0.3333333333333333,0
LGS2ORD0045185,C010695,2025-12-24 20:00:00,Male,55,Bronze,Web,Songkhla,391,Web,Credit_Card,20,12,2,0,>50,13.033333333333333,10.0,4.0,0.4,51,68,8195.864,0.28,0.5,0.3,0.0,0.0,0,0,0.0,0.0,0,0,0.0,27330.28,1,1,1.0,81958.64,10,4,0.4,0
LGS2ORD0045186,C012505,2025-12-24 20:00:00,Female,62,Silver,TV,Nakhon Ratchasima,533,Lazada,COD,20,12,2,0,>50,17.766666666666666,4.0,0.0,0.0,-1,71,1977.2974999999997,0.25,0.5,0.25,0.0,0.0,0,0,0.0,0.0,0,0,0.0,2263.39,1,0,0.0,7909.189999999999,4,0,0.0,0
LGS2ORD0045187,C016378,2025-12-24 20:00:00,Male,35,Bronze,TV,Phuket,1618,Lazada,PromptPay,20,12,2,0,30-40,53.93333333333333,7.0,3.0,0.42857142857142855,103,99,4179.222857142858,0.23,0.7142857142857143,0.14285714285714285,0.0,0.0,0,0,0.0,0.0,0,0,0.0,0.0,0,0,0.0,29254.56,7,3,0.42857142857142855,0
LGS2ORD0045188,C011164,2025-12-24 20:00:00,Female,51,Bronze,Lazada,Songkhla,414,TV_Show,COD,20,12,2,0,>50,13.8,6.0,2.0,0.3333333333333333,76,90,5520.105,0.23,0.5,0.16666666666666666,0.0,0.0,0,0,0.0,0.0,0,0,0.0,0.0,0,0,0.0,33120.63,6,2,0.3333333333333333,0
LGS2ORD0045189,C014649,2025-12-24 21:00:00,Female,30,Bronze,TV,Chonburi,1714,Shopee,COD,21,12,2,0,20-30,57.13333333333333,6.0,2.0,0.3333333333333333,42,44,4143.958333333334,0.08,0.5,0.0,0.0,0.0,0,0,0.0,0.0,0,0,0.0,15871.240000000002,2,1,0.5,24863.750000000004,6,2,0.3333333333333333,0
LGS2ORD0045190,C011412,2025-12-24 21:00:00,Female,18,Silver,TV,Chiang Mai,1303,Web,COD,21,12,2,0,<20,43.43333333333333,5.0,1.0,0.2,225,21,2519.6580000000004,0.3,0.4,0.4,0.0,0.0,0,0,0.0,5119.4,1,0,0.0,6049.4,3,0,0.0,12598.29,5,1,0.2,0
LGS2ORD0045191,C014311,2025-12-24 21:00:00,Female,46,Bronze,Web,Chiang Mai,1087,Shopee,COD,21,12,2,0,40-50,36.233333333333334,10.0,2.0,0.2,179,1,7156.336,0.28,0.4,0.5,0.0,7948.56,1,0,0.0,17243.74,2,0,0.0,20905.04,4,0,0.0,71563.36,10,2,0.2,0
LGS2ORD0045192,C014573,2025-12-24 21:00:00,Female,40,Bronze,TV,Khon Kaen,1496,Lazada,COD,21,12,2,0,30-40,49.86666666666667,3.0,0.0,0.0,-1,18,3243.713333333333,0.28,0.6666666666666666,0.3333333333333333,0.0,0.0,0,0,0.0,1336.63,1,0,0.0,1336.63,1,0,0.0,9731.14,3,0,0.0,0
LGS2ORD0045193,C016779,2025-12-24 21:00:00,Male,24,Silver,TV,Chonburi,1807,CallCenter,Credit_Card,21,12,2,0,20-30,60.233333333333334,7.0,1.0,0.14285714285714285,8,16,6265.604285714285,0.25,0.5714285714285714,0.2857142857142857,0.0,0.0,0,0,0.0,14053.45,2,1,0.5,15069.77,3,1,0.3333333333333333,43859.229999999996,7,1,0.14285714285714285,0
LGS2ORD0045194,C013781,2025-12-24 22:00:00,Female,40,Bronze,TV,Remote_Area,1013,CallCenter,COD,22,12,2,0,30-40,33.766666666666666,4.0,1.0,0.25,106,112,2105.515,0.18,0.75,0.0,0.0,0.0,0,0,0.0,0.0,0,0,0.0,0.0,0,0,0.0,8422.06,4,1,0.25,1
LGS2ORD0045195,C011842,2025-12-24 22:00:00,Other,36,Bronze,TV,Khon Kaen,1743,Shopee,COD,22,12,2,0,30-40,58.1,4.0,1.0,0.25,21,29,8952.6075,0.28,0.75,0.25,0.0,0.0,0,0,0.0,7167.75,1,1,1.0,7167.75,1,1,1.0,35810.43,4,1,0.25,0
LGS2ORD0045196,C013966,2025-12-24 22:00:00,Male,25,Bronze,Shopee,Chiang Mai,545,TV_Show,COD,22,12,2,0,20-30,18.166666666666668,7.0,1.0,0.14285714285714285,278,136,4943.558571428571,0.28,0.2857142857142857,0.2857142857142857,0.0,0.0,0,0,0.0,0.0,0,0,0.0,0.0,0,0,0.0,34604.909999999996,7,1,0.14285714285714285,0
LGS2ORD0045197,C012302,2025-12-24 22:00:00,Female,42,Silver,Lazada,Bangkok,524,Lazada,PromptPay,22,12,2,0,40-50,17.466666666666665,1.0,0.0,0.0,-1,69,1728.35,0.05,0.0,0.0,0.0,0.0,0,0,0.0,0.0,0,0,0.0,1728.35,1,0,0.0,1728.35,1,0,0.0,0
LGS2ORD0045198,C010222,2025-12-24 22:00:00,Female,63,Gold,TV,Chonburi,791,Shopee,COD,22,12,2,0,>50,26.366666666666667,3.0,0.0,0.0,-1,178,5358.026666666667,0.2299999999999999,0.0,0.3333333333333333,0.0,0.0,0,0,0.0,0.0,0,0,0.0,0.0,0,0,0.0,16074.08,3,0,0.0,0
LGS2ORD0045199,C016654,2025-12-24 23:00:00,Male,52,Bronze,TV,Khon Kaen,463,CallCenter,COD,23,12,2,0,>50,15.433333333333334,6.0,0.0,0.0,-1,89,8998.816666666668,0.28,0.5,0.16666666666666666,0.0,0.0,0,0,0.0,0.0,0,0,0.0,3402.29,1,0,0.0,53992.90000000001,6,0,0.0,0
LGS2ORD0045200,C012036,2025-12-24 23:00:00,Male,40,Bronze,Lazada,Nakhon Ratchasima,1265,Web,COD,23,12,2,0,30-40,42.166666666666664,6.0,0.0,0.0,-1,38,4420.595,0.18,0.3333333333333333,0.0,0.0,0.0,0,0,0.0,0.0,0,0,0.0,14588.990000000002,3,0,0.0,26523.570000000003,6,0,0.0,0
LGS2ORD0045201,C011180,2025-12-24 23:00:00,Male,55,Bronze,Web,Nakhon Ratchasima,1063,CallCenter,PromptPay,23,12,2,0,>50,35.43333333333333,8.0,2.0,0.25,89,0,11014.78125,0.28,0.625,0.375,0.0,3538.99,1,0,0.0,39393.9,3,0,0.0,39393.9,3,0,0.0,88118.25,8,2,0.25,0
LGS2ORD0045202,C010215,2025-12-24 23:00:00,Female,53,Bronze,TV,Bangkok,858,Shopee,COD,23,12,2,0,>50,28.6,5.0,3.0,0.6,-8,2,6208.212000000001,0.23,0.2,0.4,0.0,6616.38,1,1,1.0,6616.38,1,1,1.0,6616.38,1,1,1.0,31041.060000000005,5,3,0.6,1
LGS2ORD0045203,C014266,2025-12-24 23:00:00,Male,34,Silver,CallCenter,Bangkok,408,Shopee,Credit_Card,23,12,2,0,30-40,13.6,8.0,5.0,0.625,9,14,4053.4674999999997,0.25,0.375,0.25,0.0,0.0,0,0,0.0,5378.34,2,2,1.0,8028.740000000001,3,3,1.0,32427.739999999998,8,5,0.625,0
LGS2ORD0045204,C016366,2025-12-24 23:00:00,Male,43,Bronze,Shopee,Bangkok,1658,Lazada,COD,23,12,2,0,40-50,55.266666666666666,2.0,0.0,0.0,-1,116,4000.1349999999998,0.18,0.0,0.0,0.0,0.0,0,0,0.0,0.0,0,0,0.0,0.0,0,0,0.0,8000.2699999999995,2,0,0.0,0
LGS2ORD0045205,C013579,2025-12-25 00:00:00,Male,36,Silver,CallCenter,Nakhon Ratchasima,1402,Lazada,PromptPay,0,12,3,0,30-40,46.733333333333334,6.0,1.0,0.16666666666666666,311,11,9656.006666666666,0.2,0.16666666666666666,0.0,0.0,0.0,0,0,0.0,11770.990000000002,2,0,0.0,11770.990000000002,2,0,0.0,57936.04,6,1,0.16666666666666666,0
LGS2ORD0045206,C014999,2025-12-25 00:00:00,Female,49,Bronze,TV,Bangkok,1244,CallCenter,COD,0,12,3,0,40-50,41.46666666666667,6.0,2.0,0.3333333333333333,16,30,3433.2683333333334,0.23,0.5,0.3333333333333333,0.0,0.0,0,0,0.0,0.0,0,0,0.0,5167.28,2,1,0.5,20599.61,6,2,0.3333333333333333,0
LGS2ORD0045207,C017764,2025-12-25 00:00:00,Male,21,Bronze,TV,Chonburi,1513,Web,COD,0,12,3,0,20-30,50.43333333333333,6.0,1.0,0.16666666666666666,45,34,5502.403333333333,0.23,0.5,0.3333333333333333,0.0,0.0,0,0,0.0,0.0,0,0,0.0,18772.9,3,1,0.3333333333333333,33014.42,6,1,0.16666666666666666,0
LGS2ORD0045208,C017314,2025-12-25 00:00:00,Male,41,Bronze,Web,Remote_Area,1810,Shopee,PromptPay,0,12,3,0,40-50,60.333333333333336,9.0,3.0,0.3333333333333333,30,8,2957.5066666666667,0.28,0.3333333333333333,0.4444444444444444,0.0,0.0,0,0,0.0,7856.56,1,0,0.0,12530.960000000001,3,1,0.3333333333333333,26617.56,9,3,0.3333333333333333,0
LGS2ORD0045209,C011433,2025-12-25 00:00:00,Male,61,Bronze,Shopee,Chonburi,1568,CallCenter,COD,0,12,3,0,>50,52.266666666666666,12.0,3.0,0.25,93,48,3898.535833333333,0.28,0.3333333333333333,0.25,0.0,0.0,0,0,0.0,0.0,0,0,0.0,10318.420000000002,3,0,0.0,46782.42999999999,12,3,0.25,0
LGS2ORD0045210,C012329,2025-12-25 01:00:00,Male,37,Bronze,Shopee,Remote_Area,389,CallCenter,COD,1,12,3,0,30-40,12.966666666666667,5.0,3.0,0.6,89,62,4385.4839999999995,0.28,0.6,0.4,0.0,0.0,0,0,0.0,0.0,0,0,0.0,4149.23,1,0,0.0,21927.42,5,3,0.6,1
LGS2ORD0045211,C013932,2025-12-25 01:00:00,Female,46,Bronze,Web,Chiang Mai,1113,TV_Show,COD,1,12,3,0,40-50,37.1,5.0,0.0,0.0,-1,117,9561.367999999999,0.23,0.6,0.2,0.0,0.0,0,0,0.0,0.0,0,0,0.0,0.0,0,0,0.0,47806.84,5,0,0.0,1
LGS2ORD0045212,C017144,2025-12-25 01:00:00,Female,51,Platinum,Web,Bangkok,900,Lazada,Credit_Card,1,12,3,0,>50,30.0,4.0,0.0,0.0,-1,20,4904.9475,0.25,0.5,0.25,0.0,0.0,0,0,0.0,5028.7,1,0,0.0,5028.7,1,0,0.0,19619.79,4,0,0.0,0
LGS2ORD0045213,C011387,2025-12-25 01:00:00,Male,59,Silver,TV,Phuket,914,Web,Bank_Transfer,1,12,3,0,>50,30.466666666666665,6.0,2.0,0.3333333333333333,282,88,8158.868333333335,0.25,0.5,0.16666666666666666,0.0,0.0,0,0,0.0,0.0,0,0,0.0,3957.3,1,0,0.0,48953.21000000001,6,2,0.3333333333333333,0
LGS2ORD0045214,C011900,2025-12-25 01:00:00,Male,52,Gold,Lazada,Songkhla,1230,Shopee,Bank_Transfer,1,12,3,0,>50,41.0,1.0,0.0,0.0,-1,304,3600.11,0.08,1.0,0.0,0.0,0.0,0,0,0.0,0.0,0,0,0.0,0.0,0,0,0.0,3600.11,1,0,0.0,0
LGS2ORD0045215,C013738,2025-12-25 02:00:00,Female,49,Silver,Lazada,Phuket,1654,TV_Show,Bank_Transfer,2,12,3,0,40-50,55.13333333333333,7.0,3.0,0.42857142857142855,4,15,6952.537142857143,0.3,0.42857142857142855,0.5714285714285714,0.0,0.0,0,0,0.0,2917.93,1,1,1.0,12100.94,4,3,0.75,48667.76,7,3,0.42857142857142855,0
LGS2ORD0045216,C015691,2025-12-25 02:00:00,Female,46,Gold,Shopee,Chonburi,735,Web,Credit_Card,2,12,3,0,40-50,24.5,4.0,2.0,0.5,62,61,5488.100000000001,0.28,0.5,0.75,0.0,0.0,0,0,0.0,0.0,0,0,0.0,3796.71,2,1,0.5,21952.400000000005,4,2,0.5,0
LGS2ORD0045217,C017438,2025-12-25 02:00:00,Female,40,Bronze,Lazada,Songkhla,475,Lazada,COD,2,12,3,0,30-40,15.833333333333334,8.0,4.0,0.5,-4,4,5373.01125,0.23,0.625,0.25,0.0,1326.97,1,1,1.0,17017.54,3,2,0.6666666666666666,20060.68,4,2,0.5,42984.09,8,4,0.5,1
LGS2ORD0045218,C011506,2025-12-25 02:00:00,Male,35,Bronze,Web,Khon Kaen,804,Lazada,COD,2,12,3,0,30-40,26.8,4.0,1.0,0.25,65,80,4299.905,0.23,0.75,0.5,0.0,0.0,0,0,0.0,0.0,0,0,0.0,2810.49,1,1,1.0,17199.62,4,1,0.25,0
LGS2ORD0045219,C013089,2025-12-25 02:00:00,Male,25,Bronze,Web,Songkhla,405,Lazada,COD,2,12,3,0,20-30,13.5,8.0,3.0,0.375,66,32,4527.28125,0.23,0.5,0.125,0.0,0.0,0,0,0.0,0.0,0,0,0.0,3771.26,2,1,0.5,36218.25,8,3,0.375,1
LGS2ORD0045220,C017147,2025-12-25 02:00:00,Female,61,Silver,TV,Phuket,1581,TV_Show,PromptPay,2,12,3,0,>50,52.7,10.0,4.0,0.4,156,153,2242.502,0.3,0.3,0.3,0.0,0.0,0,0,0.0,0.0,0,0,0.0,0.0,0,0,0.0,22425.02,10,4,0.4,1
LGS2ORD0045221,C010787,2025-12-25 03:00:00,Female,51,Gold,CallCenter,Songkhla,546,Shopee,Credit_Card,3,12,3,0,>50,18.2,7.0,2.0,0.2857142857142857,100,6,2057.191428571429,0.28,0.42857142857142855,0.42857142857142855,0.0,1954.7,1,0,0.0,6128.73,2,0,0.0,10832.66,4,0,0.0,14400.34,7,2,0.2857142857142857,0
LGS2ORD0045222,C012043,2025-12-25 03:00:00,Female,30,Silver,Shopee,Remote_Area,574,Web,Bank_Transfer,3,12,3,0,20-30,19.133333333333333,7.0,3.0,0.42857142857142855,-7,1,2621.968571428571,0.2,0.42857142857142855,0.0,0.0,5229.45,1,1,1.0,5229.45,1,1,1.0,5229.45,1,1,1.0,18353.78,7,3,0.42857142857142855,1
LGS2ORD0045223,C013941,2025-12-25 03:00:00,Male,53,Gold,Lazada,Bangkok,703,Lazada,PromptPay,3,12,3,0,>50,23.433333333333334,3.0,0.0,0.0,-1,26,9830.76,0.28,1.0,0.3333333333333333,0.0,0.0,0,0,0.0,17877.77,1,0,0.0,17877.77,1,0,0.0,29492.28,3,0,0.0,0
LGS2ORD0045224,C013521,2025-12-25 03:00:00,Female,32,Bronze,CallCenter,Khon Kaen,1017,Shopee,PromptPay,3,12,3,0,30-40,33.9,4.0,0.0,0.0,-1,35,2276.6725,0.18,0.25,0.0,0.0,0.0,0,0,0.0,0.0,0,0,0.0,7108.07,2,0,0.0,9106.69,4,0,0.0,0
LGS2ORD0045225,C017804,2025-12-25 03:00:00,Female,46,Silver,Shopee,Phuket,530,TV_Show,COD,3,12,3,0,40-50,17.666666666666668,4.0,3.0,0.75,16,22,1812.9999999999998,0.25,0.25,0.25,0.0,0.0,0,0,0.0,625.03,1,1,1.0,625.03,1,1,1.0,7251.999999999999,4,3,0.75,1
LGS2ORD0045226,C016302,2025-12-25 04:00:00,Male,59,Silver,CallCenter,Chonburi,884,Shopee,COD,4,12,3,0,>50,29.466666666666665,9.0,2.0,0.2222222222222222,207,4,6350.181111111111,0.3,0.4444444444444444,0.3333333333333333,0.0,1444.51,1,0,0.0,1444.51,1,0,0.0,3587.7700000000004,3,0,0.0,57151.63,9,2,0.2222222222222222,0
LGS2ORD0045227,C010527,2025-12-25 04:00:00,Female,33,Gold,TV,Chiang Mai,1038,TV_Show,Bank_Transfer,4,12,3,0,30-40,34.6,4.0,1.0,0.25,91,24,8497.93,0.13,0.5,0.0,0.0,0.0,0,0,0.0,12585.75,1,0,0.0,12585.75,1,0,0.0,33991.72,4,1,0.25,0
LGS2ORD0045228,C010398,2025-12-25 04:00:00,Female,48,Gold,Web,Chiang Mai,370,TV_Show,PromptPay,4,12,3,0,40-50,12.333333333333334,2.0,0.0,0.0,-1,22,2371.42,0.33,0.0,0.5,0.0,0.0,0,0,0.0,1510.29,1,0,0.0,1510.29,1,0,0.0,4742.84,2,0,0.0,0
LGS2ORD0045229,C011963,2025-12-25 04:00:00,Male,35,Silver,TV,Chonburi,1113,TV_Show,Credit_Card,4,12,3,0,30-40,37.1,5.0,2.0,0.4,160,76,4131.198,0.2,0.8,0.0,0.0,0.0,0,0,0.0,0.0,0,0,0.0,8712.43,1,0,0.0,20655.99,5,2,0.4,1
LGS2ORD0045230,C014056,2025-12-25 04:00:00,Male,51,Gold,TV,Songkhla,1038,TV_Show,PromptPay,4,12,3,0,>50,34.6,2.0,0.0,0.0,-1,35,1251.02,0.2299999999999999,0.5,0.5,0.0,0.0,0,0,0.0,0.0,0,0,0.0,2064.21,1,0,0.0,2502.04,2,0,0.0,0
LGS2ORD0045231,C014846,2025-12-25 05:00:00,Female,37,Gold,Web,Chiang Mai,371,CallCenter,PromptPay,5,12,3,0,30-40,12.366666666666667,7.0,2.0,0.2857142857142857,43,52,7075.982857142857,0.33,0.42857142857142855,0.5714285714285714,0.0,0.0,0,0,0.0,0.0,0,0,0.0,3894.13,2,1,0.5,49531.88,7,2,0.2857142857142857,0
LGS2ORD0045232,C017809,2025-12-25 05:00:00,Female,47,Bronze,Lazada,Bangkok,430,Shopee,Bank_Transfer,5,12,3,0,40-50,14.333333333333334,10.0,1.0,0.1,42,50,4527.232,0.28,0.4,0.1,0.0,0.0,0,0,0.0,0.0,0,0,0.0,4589.97,1,1,1.0,45272.32,10,1,0.1,0
LGS2ORD0045233,C015594,2025-12-25 05:00:00,Male,33,Bronze,Shopee,Chonburi,1318,TV_Show,COD,5,12,3,0,30-40,43.93333333333333,4.0,0.0,0.0,-1,5,3080.07,0.18,1.0,0.0,0.0,960.94,1,0,0.0,5075.129999999999,2,0,0.0,5075.129999999999,2,0,0.0,12320.28,4,0,0.0,0
LGS2ORD0045234,C013607,2025-12-25 05:00:00,Female,34,Silver,Lazada,Nakhon Ratchasima,1232,TV_Show,Credit_Card,5,12,3,0,30-40,41.06666666666667,3.0,0.0,0.0,-1,250,580.1633333333334,0.3,0.3333333333333333,0.6666666666666666,0.0,0.0,0,0,0.0,0.0,0,0,0.0,0.0,0,0,0.0,1740.4900000000002,3,0,0.0,0
LGS2ORD0045235,C013424,2025-12-25 05:00:00,Male,62,Bronze,Web,Chonburi,1154,TV_Show,COD,5,12,3,0,>50,38.46666666666667,10.0,1.0,0.1,310,81,8643.359999999999,0.23,0.6,0.2,0.0,0.0,0,0,0.0,0.0,0,0,0.0,3862.58,1,0,0.0,86433.59999999999,10,1,0.1,0
LGS2ORD0045236,C014899,2025-12-25 06:00:00,Male,63,Silver,Web,Phuket,1170,Lazada,PromptPay,6,12,3,0,>50,39.0,9.0,5.0,0.5555555555555556,-8,2,4177.024444444444,0.3,0.5555555555555556,0.5555555555555556,0.0,5672.34,1,1,1.0,5672.34,1,1,1.0,9542.59,2,2,1.0,37593.22,9,5,0.5555555555555556,1
LGS2ORD0045237,C018000,2025-12-25 06:00:00,Female,45,Bronze,CallCenter,Chonburi,1792,Shopee,Credit_Card,6,12,3,0,40-50,59.733333333333334,11.0,1.0,0.09090909090909091,4,10,4898.309090909091,0.28,0.5454545454545454,0.18181818181818182,0.0,0.0,0,0,0.0,3219.26,2,1,0.5,7797.23,3,1,0.3333333333333333,53881.399999999994,11,1,0.09090909090909091,0
LGS2ORD0045238,C012623,2025-12-25 06:00:00,Male,63,Bronze,TV,Bangkok,1287,Shopee,COD,6,12,3,0,>50,42.9,6.0,1.0,0.16666666666666666,139,86,6460.533333333333,0.28,0.8333333333333334,0.16666666666666666,0.0,0.0,0,0,0.0,0.0,0,0,0.0,2241.23,1,0,0.0,38763.2,6,1,0.16666666666666666,0
LGS2ORD0045239,C015990,2025-12-25 06:00:00,Female,47,Platinum,Web,Bangkok,1535,Shopee,PromptPay,6,12,3,0,40-50,51.166666666666664,3.0,0.0,0.0,-1,25,2127.6966666666667,0.35,0.3333333333333333,0.3333333333333333,0.0,0.0,0,0,0.0,3084.53,1,0,0.0,5808.06,2,0,0.0,6383.09,3,0,0.0,1
LGS2ORD0045240,C010421,2025-12-25 06:00:00,Female,42,Bronze,Lazada,Songkhla,878,TV_Show,COD,6,12,3,0,40-50,29.266666666666666,4.0,1.0,0.25,246,120,4339.0475,0.23,0.0,0.5,0.0,0.0,0,0,0.0,0.0,0,0,0.0,0.0,0,0,0.0,17356.19,4,1,0.25,0
LGS2ORD0045241,C012092,2025-12-25 06:00:00,Female,33,Silver,Lazada,Bangkok,481,Web,Credit_Card,6,12,3,0,30-40,16.033333333333335,7.0,1.0,0.14285714285714285,184,5,9733.06,0.3,0.42857142857142855,0.2857142857142857,0.0,23128.98,1,0,0.0,23128.98,1,0,0.0,23128.98,1,0,0.0,68131.42,7,1,0.14285714285714285,0
LGS2ORD0045242,C010331,2025-12-25 07:00:00,Female,54,Silver,TV,Bangkok,731,TV_Show,Credit_Card,7,12,3,0,>50,24.366666666666667,7.0,0.0,0.0,-1,11,3481.0814285714287,0.3,0.42857142857142855,0.5714285714285714,0.0,0.0,0,0,0.0,682.6,1,0,0.0,6590.27,2,0,0.0,24367.57,7,0,0.0,0
LGS2ORD0045243,C011959,2025-12-25 07:00:00,Male,18,Platinum,Web,Phuket,924,Shopee,COD,7,12,3,0,<20,30.8,7.0,3.0,0.42857142857142855,159,5,10915.475714285714,0.3,0.5714285714285714,0.2857142857142857,0.0,11398.52,1,0,0.0,11398.52,1,0,0.0,11398.52,1,0,0.0,76408.33,7,3,0.42857142857142855,1
LGS2ORD0045244,C013853,2025-12-25 07:00:00,Female,41,Bronze,TV,Khon Kaen,494,Shopee,COD,7,12,3,0,40-50,16.466666666666665,4.0,1.0,0.25,306,137,18214.285000000003,0.23,0.25,0.25,0.0,0.0,0,0,0.0,0.0,0,0,0.0,0.0,0,0,0.0,72857.14000000001,4,1,0.25,0
LGS2ORD0045245,C015195,2025-12-25 07:00:00,Male,48,Gold,TV,Chonburi,632,Lazada,Credit_Card,7,12,3,0,40-50,21.066666666666666,6.0,1.0,0.16666666666666666,52,43,4829.156666666667,0.33,0.16666666666666666,0.16666666666666666,0.0,0.0,0,0,0.0,0.0,0,0,0.0,14198.4,2,1,0.5,28974.94,6,1,0.16666666666666666,0
LGS2ORD0045246,C012551,2025-12-25 07:00:00,Male,43,Silver,Lazada,Bangkok,1478,Shopee,COD,7,12,3,0,40-50,49.266666666666666,5.0,0.0,0.0,-1,117,2382.59,0.25,0.6,0.2,0.0,0.0,0,0,0.0,0.0,0,0,0.0,0.0,0,0,0.0,11912.95,5,0,0.0,0
LGS2ORD0045247,C015803,2025-12-25 08:00:00,Male,39,Gold,Shopee,Bangkok,1603,Lazada,PromptPay,8,12,3,0,30-40,53.43333333333333,12.0,1.0,0.08333333333333333,129,7,5122.260833333333,0.33,0.5,0.4166666666666667,0.0,0.0,0,0,0.0,15229.279999999999,3,0,0.0,36460.04,6,0,0.0,61467.13,12,1,0.08333333333333333,0
LGS2ORD0045248,C010206,2025-12-25 08:00:00,Other,46,Silver,Web,Chiang Mai,903,Lazada,Credit_Card,8,12,3,0,40-50,30.1,9.0,3.0,0.3333333333333333,89,4,3443.211111111111,0.3,0.6666666666666666,0.3333333333333333,0.0,10295.24,1,0,0.0,10295.24,1,0,0.0,16743.64,3,0,0.0,30988.9,9,3,0.3333333333333333,0
LGS2ORD0045249,C017433,2025-12-25 08:00:00,Female,44,Gold,TV,Chonburi,803,Web,PromptPay,8,12,3,0,40-50,26.766666666666666,10.0,3.0,0.3,66,74,3148.6990000000005,0.33,0.5,0.5,0.0,0.0,0,0,0.0,0.0,0,0,0.0,9184.130000000001,3,1,0.3333333333333333,31486.990000000005,10,3,0.3,1
LGS2ORD0045250,C010766,2025-12-25 08:00:00,Female,42,Bronze,Shopee,Chiang Mai,952,Lazada,Bank_Transfer,8,12,3,0,40-50,31.733333333333334,9.0,3.0,0.3333333333333333,106,12,6871.752222222222,0.23,0.6666666666666666,0.2222222222222222,0.0,0.0,0,0,0.0,20973.34,2,0,0.0,29633.79,3,0,0.0,61845.770000000004,9,3,0.3333333333333333,0
LGS2ORD0045251,C014847,2025-12-25 08:00:00,Male,28,Silver,Web,Remote_Area,1487,Web,Bank_Transfer,8,12,3,0,20-30,49.56666666666667,6.0,1.0,0.16666666666666666,72,72,10100.433333333332,0.25,0.16666666666666666,0.16666666666666666,0.0,0.0,0,0,0.0,0.0,0,0,0.0,54438.969999999994,3,1,0.3333333333333333,60602.6,6,1,0.16666666666666666,0
LGS2ORD0045252,C015484,2025-12-25 09:00:00,Female,47,Silver,TV,Chonburi,1047,Shopee,Bank_Transfer,9,12,3,0,40-50,34.9,11.0,3.0,0.2727272727272727,63,8,2571.961818181818,0.3,0.6363636363636364,0.2727272727272727,0.0,0.0,0,0,0.0,8356.27,2,0,0.0,11797.48,4,1,0.25,28291.58,11,3,0.2727272727272727,0
LGS2ORD0045253,C013774,2025-12-25 09:00:00,Female,52,Bronze,CallCenter,Songkhla,1029,TV_Show,COD,9,12,3,0,>50,34.3,8.0,5.0,0.625,46,7,5819.855,0.23,0.625,0.125,0.0,0.0,0,0,0.0,1933.78,1,0,0.0,4183.83,3,2,0.6666666666666666,46558.84,8,5,0.625,0
LGS2ORD0045254,C017065,2025-12-25 09:00:00,Male,50,Bronze,Lazada,Bangkok,910,Shopee,COD,9,12,3,0,40-50,30.333333333333332,2.0,0.0,0.0,-1,29,7225.06,0.23,0.0,0.5,0.0,0.0,0,0,0.0,1951.36,1,0,0.0,14450.12,2,0,0.0,14450.12,2,0,0.0,1
LGS2ORD0045255,C015221,2025-12-25 09:00:00,Male,42,Bronze,Web,Songkhla,933,Web,COD,9,12,3,0,40-50,31.1,4.0,2.0,0.5,99,105,3578.895,0.28,0.25,0.25,0.0,0.0,0,0,0.0,0.0,0,0,0.0,0.0,0,0,0.0,14315.58,4,2,0.5,0
LGS2ORD0045256,C010852,2025-12-25 09:00:00,Male,49,Gold,Web,Chiang Mai,1618,Web,COD,9,12,3,0,40-50,53.93333333333333,5.0,0.0,0.0,-1,78,5792.51,0.28,0.6,0.2,0.0,0.0,0,0,0.0,0.0,0,0,0.0,11529.42,1,0,0.0,28962.550000000003,5,0,0.0,1
LGS2ORD0045257,C017038,2025-12-25 10:00:00,Male,39,Gold,CallCenter,Phuket,876,Web,COD,10,12,3,0,30-40,29.2,6.0,2.0,0.3333333333333333,90,3,5384.8966666666665,0.33,0.3333333333333333,0.5,0.0,485.95,1,0,0.0,485.95,1,0,0.0,485.95,1,0,0.0,32309.38,6,2,0.3333333333333333,1
LGS2ORD0045258,C015624,2025-12-25 10:00:00,Male,39,Gold,Lazada,Chonburi,826,Lazada,COD,10,12,3,0,30-40,27.533333333333335,9.0,1.0,0.1111111111111111,239,21,4473.855555555556,0.28,0.4444444444444444,0.4444444444444444,0.0,0.0,0,0,0.0,13794.17,2,0,0.0,19198.75,4,0,0.0,40264.700000000004,9,1,0.1111111111111111,0
LGS2ORD0045259,C011420,2025-12-25 10:00:00,Male,32,Gold,Lazada,Chiang Mai,1799,CallCenter,Credit_Card,10,12,3,0,30-40,59.96666666666667,5.0,1.0,0.2,45,43,2609.42,0.33,0.8,0.4,0.0,0.0,0,0,0.0,0.0,0,0,0.0,5248.47,3,1,0.3333333333333333,13047.1,5,1,0.2,0
LGS2ORD0045260,C014236,2025-12-25 10:00:00,Male,37,Silver,TV,Songkhla,1754,TV_Show,Bank_Transfer,10,12,3,0,30-40,58.46666666666667,6.0,3.0,0.5,25,32,4869.216666666666,0.25,0.6666666666666666,0.16666666666666666,0.0,0.0,0,0,0.0,0.0,0,0,0.0,7302.25,2,1,0.5,29215.3,6,3,0.5,0
LGS2ORD0045261,C013962,2025-12-25 10:00:00,Male,35,Bronze,Shopee,Chiang Mai,801,Shopee,Bank_Transfer,10,12,3,0,30-40,26.7,8.0,1.0,0.125,315,26,7582.522500000001,0.28,0.625,0.25,0.0,0.0,0,0,0.0,4605.72,1,0,0.0,4605.72,1,0,0.0,60660.18000000001,8,1,0.125,0
LGS2ORD0045262,C017436,2025-12-25 10:00:00,Female,41,Bronze,Web,Phuket,1330,TV_Show,Credit_Card,10,12,3,0,40-50,44.333333333333336,8.0,5.0,0.625,38,47,2897.985,0.23,0.0,0.125,0.0,0.0,0,0,0.0,0.0,0,0,0.0,8077.360000000001,2,1,0.5,23183.88,8,5,0.625,1
LGS2ORD0045263,C013200,2025-12-25 11:00:00,Male,41,Silver,Lazada,Bangkok,1356,TV_Show,Credit_Card,11,12,3,0,40-50,45.2,7.0,1.0,0.14285714285714285,212,149,9195.338571428572,0.2,0.7142857142857143,0.0,0.0,0.0,0,0,0.0,0.0,0,0,0.0,0.0,0,0,0.0,64367.37,7,1,0.14285714285714285,0
LGS2ORD0045264,C017452,2025-12-25 11:00:00,Male,41,Bronze,Web,Chonburi,573,Shopee,COD,11,12,3,0,40-50,19.1,5.0,1.0,0.2,338,155,5662.412,0.18,0.4,0.0,0.0,0.0,0,0,0.0,0.0,0,0,0.0,0.0,0,0,0.0,28312.06,5,1,0.2,0
LGS2ORD0045265,C010474,2025-12-25 11:00:00,Female,27,Silver,Lazada,Khon Kaen,510,TV_Show,COD,11,12,3,0,20-30,17.0,8.0,1.0,0.125,77,11,2489.75125,0.3,0.5,0.125,0.0,0.0,0,0,0.0,1677.07,1,0,0.0,9575.87,4,1,0.25,19918.01,8,1,0.125,1
LGS2ORD0045266,C010732,2025-12-25 11:00:00,Male,51,Gold,TV,Songkhla,729,Shopee,COD,11,12,3,0,>50,24.3,6.0,1.0,0.16666666666666666,1,11,5495.860000000001,0.33,0.3333333333333333,0.16666666666666666,0.0,0.0,0,0,0.0,4845.01,1,1,1.0,21278.54,3,1,0.3333333333333333,32975.16,6,1,0.16666666666666666,1
LGS2ORD0045267,C015698,2025-12-25 11:00:00,Male,35,Bronze,Web,Remote_Area,499,Shopee,Credit_Card,11,12,3,0,30-40,16.633333333333333,3.0,1.0,0.3333333333333333,37,43,4260.913333333334,0.23,0.3333333333333333,0.3333333333333333,0.0,0.0,0,0,0.0,0.0,0,0,0.0,6061.18,1,1,1.0,12782.740000000002,3,1,0.3333333333333333,0
LGS2ORD0045268,C010248,2025-12-25 12:00:00,Female,63,Platinum,Shopee,Bangkok,585,TV_Show,COD,12,12,3,0,>50,19.5,9.0,1.0,0.1111111111111111,305,101,2146.2588888888886,0.3,0.4444444444444444,0.5555555555555556,0.0,0.0,0,0,0.0,0.0,0,0,0.0,0.0,0,0,0.0,19316.329999999998,9,1,0.1111111111111111,0
LGS2ORD0045269,C010692,2025-12-25 12:00:00,Female,35,Bronze,TV,Phuket,1274,Web,COD,12,12,3,0,30-40,42.46666666666667,7.0,2.0,0.2857142857142857,127,97,3154.0085714285715,0.23,0.42857142857142855,0.14285714285714285,0.0,0.0,0,0,0.0,0.0,0,0,0.0,0.0,0,0,0.0,22078.06,7,2,0.2857142857142857,1
LGS2ORD0045270,C016989,2025-12-25 12:00:00,Female,55,Platinum,Shopee,Chonburi,841,CallCenter,PromptPay,12,12,3,0,>50,28.033333333333335,3.0,0.0,0.0,-1,30,3633.0733333333337,0.1,0.0,0.0,0.0,0.0,0,0,0.0,0.0,0,0,0.0,7913.02,1,0,0.0,10899.220000000001,3,0,0.0,0
LGS2ORD0045271,C014798,2025-12-25 12:00:00,Female,36,Silver,Lazada,Phuket,1499,CallCenter,COD,12,12,3,0,30-40,49.96666666666667,7.0,1.0,0.14285714285714285,341,81,5977.058571428571,0.3,0.2857142857142857,0.2857142857142857,0.0,0.0,0,0,0.0,0.0,0,0,0.0,5353.74,1,0,0.0,41839.409999999996,7,1,0.14285714285714285,1
LGS2ORD0045272,C016240,2025-12-25 12:00:00,Female,42,Bronze,TV,Bangkok,1060,CallCenter,COD,12,12,3,0,40-50,35.333333333333336,12.0,2.0,0.16666666666666666,61,67,5393.725833333334,0.28,0.5833333333333334,0.25,0.0,0.0,0,0,0.0,0.0,0,0,0.0,15179.52,2,1,0.5,64724.71000000001,12,2,0.16666666666666666,0
LGS2ORD0045273,C017333,2025-12-25 13:00:00,Male,18,Silver,Lazada,Songkhla,623,CallCenter,PromptPay,13,12,3,0,<20,20.766666666666666,3.0,0.0,0.0,-1,36,1512.3933333333334,0.15,1.0,0.0,0.0,0.0,0,0,0.0,0.0,0,0,0.0,616.51,1,0,0.0,4537.18,3,0,0.0,0
LGS2ORD0045274,C016694,2025-12-25 13:00:00,Male,47,Bronze,Shopee,Phuket,1767,Web,PromptPay,13,12,3,0,40-50,58.9,5.0,3.0,0.6,104,9,2859.504,0.23,0.4,0.4,0.0,0.0,0,0,0.0,2164.32,1,0,0.0,2164.32,1,0,0.0,14297.52,5,3,0.6,0
LGS2ORD0045275,C016376,2025-12-25 13:00:00,Female,61,Bronze,Shopee,Nakhon Ratchasima,554,CallCenter,COD,13,12,3,0,>50,18.466666666666665,3.0,1.0,0.3333333333333333,209,213,1931.6433333333334,0.23,0.0,0.3333333333333333,0.0,0.0,0,0,0.0,0.0,0,0,0.0,0.0,0,0,0.0,5794.93,3,1,0.3333333333333333,0
LGS2ORD0045276,C012934,2025-12-25 13:00:00,Female,42,Bronze,Lazada,Phuket,1175,TV_Show,Credit_Card,13,12,3,0,40-50,39.166666666666664,6.0,3.0,0.5,271,86,3601.441666666667,0.23,0.16666666666666666,0.5,0.0,0.0,0,0,0.0,0.0,0,0,0.0,11763.93,1,0,0.0,21608.65,6,3,0.5,0
LGS2ORD0045277,C013888,2025-12-25 13:00:00,Male,57,Silver,TV,Khon Kaen,951,CallCenter,COD,13,12,3,0,>50,31.7,9.0,0.0,0.0,-1,15,8000.906666666667,0.3,0.3333333333333333,0.4444444444444444,0.0,0.0,0,0,0.0,34317.85,1,0,0.0,46394.8,4,0,0.0,72008.16,9,0,0.0,0
LGS2ORD0045278,C013404,2025-12-25 14:00:00,Female,42,Bronze,Web,Chonburi,1190,TV_Show,PromptPay,14,12,3,0,40-50,39.666666666666664,11.0,4.0,0.36363636363636365,4,11,5922.9690909090905,0.23,0.18181818181818182,0.09090909090909091,0.0,0.0,0,0,0.0,1821.84,1,1,1.0,7846.67,3,1,0.3333333333333333,65152.659999999996,11,4,0.36363636363636365,0
LGS2ORD0045279,C014765,2025-12-25 14:00:00,Male,37,Bronze,Lazada,Chonburi,1213,Shopee,COD,14,12,3,0,30-40,40.43333333333333,5.0,0.0,0.0,-1,48,3462.3779999999997,0.28,0.6,0.2,0.0,0.0,0,0,0.0,0.0,0,0,0.0,7447.87,1,0,0.0,17311.89,5,0,0.0,0
LGS2ORD0045280,C014529,2025-12-25 14:00:00,Male,31,Silver,TV,Chonburi,1492,Shopee,COD,14,12,3,0,30-40,49.733333333333334,3.0,1.0,0.3333333333333333,285,88,12660.01,0.1,0.3333333333333333,0.0,0.0,0.0,0,0,0.0,0.0,0,0,0.0,5361.92,1,0,0.0,37980.03,3,1,0.3333333333333333,0
LGS2ORD0045281,C013798,2025-12-25 14:00:00,Male,59,Silver,Shopee,Chiang Mai,1314,CallCenter,Credit_Card,14,12,3,0,>50,43.8,5.0,2.0,0.4,75,90,5405.118,0.3,0.2,0.6,0.0,0.0,0,0,0.0,0.0,0,0,0.0,0.0,0,0,0.0,27025.590000000004,5,2,0.4,0
LGS2ORD0045282,C016225,2025-12-25 14:00:00,Male,39,Bronze,TV,Chonburi,679,Shopee,PromptPay,14,12,3,0,30-40,22.633333333333333,7.0,2.0,0.2857142857142857,64,70,4374.067142857142,0.28,0.5714285714285714,0.5714285714285714,0.0,0.0,0,0,0.0,0.0,0,0,0.0,14943.93,3,1,0.3333333333333333,30618.469999999998,7,2,0.2857142857142857,0
LGS2ORD0045283,C015577,2025-12-25 14:00:00,Male,29,Silver,CallCenter,Nakhon Ratchasima,1495,CallCenter,COD,14,12,3,0,20-30,49.833333333333336,7.0,2.0,0.2857142857142857,-1,11,4715.811428571428,0.2,0.42857142857142855,0.0,0.0,0.0,0,0,0.0,6762.869999999999,2,1,0.5,18685.37,3,1,0.3333333333333333,33010.68,7,2,0.2857142857142857,0
LGS2ORD0045284,C017356,2025-12-25 15:00:00,Male,37,Bronze,TV,Phuket,1683,TV_Show,COD,15,12,3,0,30-40,56.1,11.0,3.0,0.2727272727272727,6,20,9699.584545454545,0.23,0.45454545454545453,0.09090909090909091,0.0,0.0,0,0,0.0,13329.490000000002,2,1,0.5,13329.490000000002,2,1,0.5,106695.43,11,3,0.2727272727272727,0
LGS2ORD0045285,C013890,2025-12-25 15:00:00,Other,47,Bronze,Shopee,Chiang Mai,1530,Shopee,COD,15,12,3,0,40-50,51.0,14.0,3.0,0.21428571428571427,-13,2,6386.0985714285725,0.28,0.8571428571428571,0.21428571428571427,0.0,5736.53,1,1,1.0,5736.53,1,1,1.0,7608.08,2,1,0.5,89405.38000000002,14,3,0.21428571428571427,0
LGS2ORD0045286,C013716,2025-12-25 15:00:00,Female,50,Gold,Lazada,Nakhon Ratchasima,1714,Lazada,COD,15,12,3,0,40-50,57.13333333333333,5.0,3.0,0.6,109,92,8127.911999999999,0.28,0.4,0.6,0.0,0.0,0,0,0.0,0.0,0,0,0.0,0.0,0,0,0.0,40639.56,5,3,0.6,0
LGS2ORD0045287,C015663,2025-12-25 15:00:00,Female,54,Bronze,CallCenter,Chiang Mai,1394,TV_Show,COD,15,12,3,0,>50,46.46666666666667,8.0,3.0,0.375,49,24,5447.2375,0.28,0.625,0.25,0.0,0.0,0,0,0.0,1444.73,1,0,0.0,5297.87,3,1,0.3333333333333333,43577.9,8,3,0.375,0
LGS2ORD0045288,C011814,2025-12-25 15:00:00,Female,44,Gold,Web,Chonburi,1340,Shopee,PromptPay,15,12,3,0,40-50,44.666666666666664,7.0,1.0,0.14285714285714285,187,13,3497.6342857142854,0.33,0.7142857142857143,0.5714285714285714,0.0,0.0,0,0,0.0,1297.94,1,0,0.0,1978.98,2,0,0.0,24483.44,7,1,0.14285714285714285,0
LGS2ORD0045289,C014134,2025-12-25 16:00:00,Male,37,Silver,Lazada,Phuket,488,CallCenter,Bank_Transfer,16,12,3,0,30-40,16.266666666666666,2.0,0.0,0.0,-1,152,3648.005,0.05,0.0,0.0,0.0,0.0,0,0,0.0,0.0,0,0,0.0,0.0,0,0,0.0,7296.01,2,0,0.0,1
LGS2ORD0045290,C010615,2025-12-25 16:00:00,Female,40,Platinum,TV,Nakhon Ratchasima,632,TV_Show,COD,16,12,3,0,30-40,21.066666666666666,3.0,0.0,0.0,-1,210,10967.266666666668,0.35,0.6666666666666666,0.6666666666666666,0.0,0.0,0,0,0.0,0.0,0,0,0.0,0.0,0,0,0.0,32901.8,3,0,0.0,0
LGS2ORD0045291,C017638,2025-12-25 16:00:00,Female,61,Silver,TV,Bangkok,1606,Lazada,COD,16,12,3,0,>50,53.53333333333333,6.0,1.0,0.16666666666666666,308,169,8419.168333333333,0.3,0.6666666666666666,0.3333333333333333,0.0,0.0,0,0,0.0,0.0,0,0,0.0,0.0,0,0,0.0,50515.01,6,1,0.16666666666666666,0
LGS2ORD0045292,C017265,2025-12-25 16:00:00,Male,37,Bronze,TV,Phuket,1601,CallCenter,PromptPay,16,12,3,0,30-40,53.36666666666667,5.0,0.0,0.0,-1,12,5544.496,0.13,0.4,0.0,0.0,0.0,0,0,0.0,12188.84,1,0,0.0,23792.260000000002,3,0,0.0,27722.48,5,0,0.0,0
LGS2ORD0045293,C011537,2025-12-25 16:00:00,Female,60,Silver,TV,Remote_Area,685,TV_Show,COD,16,12,3,0,>50,22.833333333333332,3.0,0.0,0.0,-1,65,3845.0800000000004,0.2,1.0,0.0,0.0,0.0,0,0,0.0,0.0,0,0,0.0,2182.88,1,0,0.0,11535.240000000002,3,0,0.0,0
LGS2ORD0045294,C013683,2025-12-25 17:00:00,Female,36,Platinum,Web,Nakhon Ratchasima,1443,Web,COD,17,12,3,0,30-40,48.1,5.0,0.0,0.0,-1,11,3209.474,0.35,0.0,1.0,0.0,0.0,0,0,0.0,6475.31,2,0,0.0,8114.43,3,0,0.0,16047.37,5,0,0.0,0
LGS2ORD0045295,C015282,2025-12-25 17:00:00,Male,31,Silver,CallCenter,Bangkok,610,Lazada,COD,17,12,3,0,30-40,20.333333333333332,7.0,1.0,0.14285714285714285,136,2,8361.901428571427,0.3,0.42857142857142855,0.2857142857142857,0.0,766.81,1,0,0.0,19261.98,2,0,0.0,25869.079999999998,3,0,0.0,58533.31,7,1,0.14285714285714285,0
LGS2ORD0045296,C013888,2025-12-25 17:00:00,Male,57,Silver,TV,Khon Kaen,951,TV_Show,PromptPay,17,12,3,0,>50,31.7,10.0,0.0,0.0,-1,0,7687.611,0.3,0.4,0.4,0.0,4867.95,1,0,0.0,39185.799999999996,2,0,0.0,51262.75,5,0,0.0,76876.11,10,0,0.0,0
LGS2ORD0045297,C012065,2025-12-25 17:00:00,Female,57,Bronze,Shopee,Bangkok,381,TV_Show,PromptPay,17,12,3,0,>50,12.7,2.0,0.0,0.0,-1,147,2133.855,0.08,0.5,0.0,0.0,0.0,0,0,0.0,0.0,0,0,0.0,0.0,0,0,0.0,4267.71,2,0,0.0,0
LGS2ORD0045298,C011035,2025-12-25 17:00:00,Male,65,Bronze,Shopee,Nakhon Ratchasima,778,Shopee,COD,17,12,3,0,>50,25.933333333333334,8.0,2.0,0.25,111,8,4297.1775,0.28,0.5,0.25,0.0,0.0,0,0,0.0,3201.33,2,0,0.0,3201.33,2,0,0.0,34377.42,8,2,0.25,0
LGS2ORD0045299,C010319,2025-12-25 18:00:00,Male,29,Bronze,Web,Khon Kaen,1358,Web,COD,18,12,3,0,20-30,45.266666666666666,5.0,1.0,0.2,73,61,3426.8359999999993,0.28,0.2,0.2,0.0,0.0,0,0,0.0,0.0,0,0,0.0,12548.019999999999,3,1,0.3333333333333333,17134.179999999997,5,1,0.2,0
LGS2ORD0045300,C011018,2025-12-25 18:00:00,Female,27,Platinum,Lazada,Chiang Mai,1814,CallCenter,PromptPay,18,12,3,0,20-30,60.46666666666667,0.0,0.0,0.0,-1,-1,0.0,0.0,0.0,0.0,0.0,0.0,0,0,0.0,0.0,0,0,0.0,0.0,0,0,0.0,0.0,0,0,0.0,0
LGS2ORD0045301,C014004,2025-12-25 18:00:00,Male,53,Silver,CallCenter,Bangkok,1165,TV_Show,COD,18,12,3,0,>50,38.833333333333336,5.0,2.0,0.4,12,27,3428.2740000000003,0.1,0.6,0.0,0.0,0.0,0,0,0.0,2786.54,1,1,1.0,2786.54,1,1,1.0,17141.370000000003,5,2,0.4,0
LGS2ORD0045302,C011560,2025-12-25 18:00:00,Female,52,Gold,TV,Nakhon Ratchasima,388,Lazada,Credit_Card,18,12,3,0,>50,12.933333333333334,10.0,5.0,0.5,8,24,3988.8949999999995,0.33,0.4,0.4,0.0,0.0,0,0,0.0,669.4,1,1,1.0,6210.139999999999,3,1,0.3333333333333333,39888.95,10,5,0.5,0
LGS2ORD0045303,C016038,2025-12-25 18:00:00,Female,41,Gold,TV,Khon Kaen,995,Lazada,PromptPay,18,12,3,0,40-50,33.166666666666664,6.0,1.0,0.16666666666666666,55,23,6025.493333333333,0.13,0.6666666666666666,0.0,0.0,0.0,0,0,0.0,13600.53,1,0,0.0,20684.17,3,1,0.3333333333333333,36152.96,6,1,0.16666666666666666,0
LGS2ORD0045304,C013635,2025-12-25 18:00:00,Female,22,Platinum,CallCenter,Bangkok,389,Web,Bank_Transfer,18,12,3,0,20-30,12.966666666666667,9.0,1.0,0.1111111111111111,68,18,6888.666666666667,0.2,0.7777777777777778,0.0,0.0,0.0,0,0,0.0,32745.98,2,0,0.0,40048.88,3,1,0.3333333333333333,61998.0,9,1,0.1111111111111111,0
LGS2ORD0045305,C015299,2025-12-25 19:00:00,Male,41,Bronze,CallCenter,Bangkok,1813,Web,COD,19,12,3,0,40-50,60.43333333333333,12.0,1.0,0.08333333333333333,-5,8,6257.511666666666,0.28,0.6666666666666666,0.3333333333333333,0.0,0.0,0,0,0.0,2241.36,1,1,1.0,22656.5,5,1,0.2,75090.14,12,1,0.08333333333333333,0
LGS2ORD0045306,C016754,2025-12-25 19:00:00,Female,38,Silver,Lazada,Bangkok,1504,Web,Credit_Card,19,12,3,0,30-40,50.13333333333333,10.0,1.0,0.1,210,9,3559.1369999999997,0.25,0.3,0.3,0.0,0.0,0,0,0.0,4541.46,1,0,0.0,4541.46,1,0,0.0,35591.369999999995,10,1,0.1,0
LGS2ORD0045307,C010464,2025-12-25 19:00:00,Female,45,Gold,CallCenter,Bangkok,533,Web,PromptPay,19,12,3,0,40-50,17.766666666666666,10.0,2.0,0.2,25,32,3236.543,0.28,0.4,0.6,0.0,0.0,0,0,0.0,0.0,0,0,0.0,17031.25,3,1,0.3333333333333333,32365.43,10,2,0.2,0
LGS2ORD0045308,C012271,2025-12-25 19:00:00,Female,42,Bronze,CallCenter,Chonburi,649,Lazada,Credit_Card,19,12,3,0,40-50,21.633333333333333,9.0,1.0,0.1111111111111111,263,17,7689.712222222221,0.23,0.5555555555555556,0.1111111111111111,0.0,0.0,0,0,0.0,1114.79,1,0,0.0,1114.79,1,0,0.0,69207.40999999999,9,1,0.1111111111111111,1
LGS2ORD0045309,C015113,2025-12-25 19:00:00,Male,48,Silver,TV,Chiang Mai,1370,CallCenter,Bank_Transfer,19,12,3,0,40-50,45.666666666666664,9.0,3.0,0.3333333333333333,107,8,3712.271111111111,0.25,0.6666666666666666,0.2222222222222222,0.0,0.0,0,0,0.0,6454.34,2,0,0.0,6454.34,2,0,0.0,33410.44,9,3,0.3333333333333333,0
LGS2ORD0045310,C014827,2025-12-25 20:00:00,Other,48,Gold,Web,Chiang Mai,391,Web,COD,20,12,3,0,40-50,13.033333333333333,9.0,4.0,0.4444444444444444,36,43,4779.192222222223,0.33,0.5555555555555556,0.3333333333333333,0.0,0.0,0,0,0.0,0.0,0,0,0.0,31577.64,4,2,0.5,43012.73,9,4,0.4444444444444444,0
LGS2ORD0045311,C011393,2025-12-25 20:00:00,Male,49,Platinum,Shopee,Bangkok,1696,Lazada,PromptPay,20,12,3,0,40-50,56.53333333333333,5.0,1.0,0.2,80,60,5946.026,0.3,0.2,1.0,0.0,0.0,0,0,0.0,0.0,0,0,0.0,19444.39,2,1,0.5,29730.13,5,1,0.2,0
LGS2ORD0045312,C012498,2025-12-25 20:00:00,Male,46,Silver,TV,Nakhon Ratchasima,1088,Lazada,COD,20,12,3,0,40-50,36.266666666666666,3.0,1.0,0.3333333333333333,10,12,10687.393333333333,0.1,0.3333333333333333,0.0,0.0,0.0,0,0,0.0,17123.43,2,1,0.5,17123.43,2,1,0.5,32062.18,3,1,0.3333333333333333,0
LGS2ORD0045313,C013472,2025-12-25 20:00:00,Female,43,Gold,TV,Remote_Area,1183,TV_Show,Credit_Card,20,12,3,0,40-50,39.43333333333333,1.0,0.0,0.0,-1,317,1612.31,0.13,0.0,0.0,0.0,0.0,0,0,0.0,0.0,0,0,0.0,0.0,0,0,0.0,1612.31,1,0,0.0,1
LGS2ORD0045314,C010007,2025-12-25 20:00:00,Male,48,Gold,Shopee,Remote_Area,500,Web,COD,20,12,3,0,40-50,16.666666666666668,10.0,3.0,0.3,-3,9,6352.450999999999,0.28,0.8,0.7,0.0,0.0,0,0,0.0,1140.53,1,1,1.0,1140.53,1,1,1.0,63524.509999999995,10,3,0.3,0
LGS2ORD0045315,C012663,2025-12-25 21:00:00,Male,59,Bronze,Shopee,Bangkok,1267,TV_Show,PromptPay,21,12,3,0,>50,42.233333333333334,6.0,0.0,0.0,-1,16,5206.4766666666665,0.28,0.3333333333333333,0.16666666666666666,0.0,0.0,0,0,0.0,3546.02,1,0,0.0,27221.62,5,0,0.0,31238.86,6,0,0.0,1
LGS2ORD0045316,C011671,2025-12-25 21:00:00,Female,51,Bronze,TV,Remote_Area,1029,TV_Show,COD,21,12,3,0,>50,34.3,7.0,2.0,0.2857142857142857,203,11,8202.238571428572,0.28,0.42857142857142855,0.2857142857142857,0.0,0.0,0,0,0.0,23050.68,1,0,0.0,23050.68,1,0,0.0,57415.67,7,2,0.2857142857142857,0
LGS2ORD0045317,C016412,2025-12-25 21:00:00,Female,50,Silver,Web,Khon Kaen,993,Web,COD,21,12,3,0,40-50,33.1,7.0,0.0,0.0,-1,7,1939.4457142857143,0.3,0.5714285714285714,0.14285714285714285,0.0,0.0,0,0,0.0,6899.64,1,0,0.0,7899.89,3,0,0.0,13576.12,7,0,0.0,0
LGS2ORD0045318,C017079,2025-12-25 21:00:00,Female,49,Bronze,Shopee,Phuket,1573,Web,Credit_Card,21,12,3,0,40-50,52.43333333333333,4.0,3.0,0.75,9,19,4126.115,0.28,0.75,0.5,0.0,0.0,0,0,0.0,3756.43,1,1,1.0,5771.67,2,1,0.5,16504.46,4,3,0.75,0
LGS2ORD0045319,C015437,2025-12-25 21:00:00,Female,41,Gold,Web,Bangkok,897,TV_Show,Credit_Card,21,12,3,0,40-50,29.9,7.0,2.0,0.2857142857142857,128,137,6851.785714285716,0.33,0.5714285714285714,0.2857142857142857,0.0,0.0,0,0,0.0,0.0,0,0,0.0,0.0,0,0,0.0,47962.50000000001,7,2,0.2857142857142857,0
LGS2ORD0045320,C011947,2025-12-25 22:00:00,Female,50,Silver,Shopee,Remote_Area,882,CallCenter,Credit_Card,22,12,3,0,40-50,29.4,5.0,0.0,0.0,-1,20,2950.398,0.3,0.0,0.4,0.0,0.0,0,0,0.0,5008.14,1,0,0.0,7544.460000000001,2,0,0.0,14751.990000000002,5,0,0.0,1
LGS2ORD0045321,C017827,2025-12-25 22:00:00,Female,44,Silver,Lazada,Bangkok,458,Lazada,Bank_Transfer,22,12,3,0,40-50,15.266666666666667,2.0,0.0,0.0,-1,12,3690.3,0.15,0.5,0.0,0.0,0.0,0,0,0.0,1867.23,1,0,0.0,1867.23,1,0,0.0,7380.6,2,0,0.0,0
LGS2ORD0045322,C014115,2025-12-25 22:00:00,Male,39,Bronze,Web,Remote_Area,914,TV_Show,COD,22,12,3,0,30-40,30.466666666666665,10.0,2.0,0.2,124,20,5623.994000000001,0.28,0.7,0.3,0.0,0.0,0,0,0.0,24615.52,1,0,0.0,27102.36,2,0,0.0,56239.94,10,2,0.2,1
LGS2ORD0045323,C017546,2025-12-25 22:00:00,Male,34,Gold,Shopee,Bangkok,1681,Web,PromptPay,22,12,3,0,30-40,56.03333333333333,4.0,0.0,0.0,-1,55,1660.2200000000003,0.2299999999999999,0.75,0.25,0.0,0.0,0,0,0.0,0.0,0,0,0.0,1927.85,1,0,0.0,6640.880000000001,4,0,0.0,0
LGS2ORD0045324,C014326,2025-12-25 22:00:00,Female,39,Bronze,TV,Phuket,1655,Lazada,COD,22,12,3,0,30-40,55.166666666666664,6.0,3.0,0.5,1,4,4924.453333333333,0.28,0.5,0.3333333333333333,0.0,11803.05,1,0,0.0,12941.07,2,1,0.5,13733.919999999998,3,2,0.6666666666666666,29546.719999999998,6,3,0.5,1
LGS2ORD0045325,C010840,2025-12-25 22:00:00,Female,29,Bronze,Web,Chiang Mai,1157,TV_Show,COD,22,12,3,0,20-30,38.56666666666667,4.0,0.0,0.0,-1,141,9623.0425,0.13,0.5,0.0,0.0,0.0,0,0,0.0,0.0,0,0,0.0,0.0,0,0,0.0,38492.17,4,0,0.0,0
LGS2ORD0045326,C015518,2025-12-25 23:00:00,Male,57,Silver,Shopee,Bangkok,1426,TV_Show,Credit_Card,23,12,3,0,>50,47.53333333333333,4.0,0.0,0.0,-1,43,2304.6925,0.3,0.5,0.5,0.0,0.0,0,0,0.0,0.0,0,0,0.0,2723.4300000000003,2,0,0.0,9218.77,4,0,0.0,0
LGS2ORD0045327,C017156,2025-12-25 23:00:00,Male,21,Bronze,TV,Nakhon Ratchasima,474,Shopee,Bank_Transfer,23,12,3,0,20-30,15.8,7.0,1.0,0.14285714285714285,310,76,5442.320000000001,0.18,0.5714285714285714,0.0,0.0,0.0,0,0,0.0,0.0,0,0,0.0,20982.13,2,0,0.0,38096.240000000005,7,1,0.14285714285714285,1
LGS2ORD0045328,C016803,2025-12-25 23:00:00,Male,23,Silver,TV,Chiang Mai,521,Web,PromptPay,23,12,3,0,20-30,17.366666666666667,5.0,2.0,0.4,23,30,4429.018,0.3,0.4,0.4,0.0,0.0,0,0,0.0,0.0,0,0,0.0,4548.07,1,1,1.0,22145.09,5,2,0.4,1
LGS2ORD0045329,C010403,2025-12-25 23:00:00,Male,55,Bronze,Shopee,Bangkok,1264,CallCenter,Credit_Card,23,12,3,0,>50,42.13333333333333,7.0,1.0,0.14285714285714285,310,10,8547.395714285714,0.23,0.7142857142857143,0.14285714285714285,0.0,0.0,0,0,0.0,7254.81,1,0,0.0,7254.81,1,0,0.0,59831.770000000004,7,1,0.14285714285714285,0
LGS2ORD0045330,C014068,2025-12-25 23:00:00,Female,33,Silver,TV,Bangkok,464,Lazada,PromptPay,23,12,3,0,30-40,15.466666666666667,9.0,2.0,0.2222222222222222,61,71,10417.602222222224,0.25,0.4444444444444444,0.1111111111111111,0.0,0.0,0,0,0.0,0.0,0,0,0.0,10326.27,1,1,1.0,93758.42000000001,9,2,0.2222222222222222,0
LGS2ORD0045331,C011981,2025-12-26 00:00:00,Male,59,Bronze,Web,Remote_Area,1393,Web,COD,0,12,4,0,>50,46.43333333333333,10.0,3.0,0.3,164,50,9092.455,0.28,0.5,0.4,0.0,0.0,0,0,0.0,0.0,0,0,0.0,10058.810000000001,3,0,0.0,90924.55,10,3,0.3,0
LGS2ORD0045332,C013167,2025-12-26 00:00:00,Female,30,Gold,CallCenter,Bangkok,1629,Shopee,COD,0,12,4,0,20-30,54.3,6.0,0.0,0.0,-1,41,6001.018333333333,0.33,0.16666666666666666,0.5,0.0,0.0,0,0,0.0,0.0,0,0,0.0,12269.859999999999,2,0,0.0,36006.11,6,0,0.0,0
LGS2ORD0045333,C015961,2025-12-26 00:00:00,Female,39,Bronze,Web,Bangkok,1013,Web,Bank_Transfer,0,12,4,0,30-40,33.766666666666666,10.0,2.0,0.2,182,97,5814.894,0.23,0.2,0.2,0.0,0.0,0,0,0.0,0.0,0,0,0.0,0.0,0,0,0.0,58148.94,10,2,0.2,0
LGS2ORD0045334,C011816,2025-12-26 00:00:00,Female,43,Bronze,Lazada,Bangkok,1154,Lazada,COD,0,12,4,0,40-50,38.46666666666667,6.0,2.0,0.3333333333333333,142,42,5241.868333333334,0.18,0.6666666666666666,0.0,0.0,0.0,0,0,0.0,0.0,0,0,0.0,945.22,1,0,0.0,31451.210000000003,6,2,0.3333333333333333,0
LGS2ORD0045335,C016635,2025-12-26 00:00:00,Male,28,Silver,TV,Chonburi,1300,TV_Show,COD,0,12,4,0,20-30,43.333333333333336,6.0,1.0,0.16666666666666666,61,2,7817.024999999999,0.2,0.5,0.0,0.0,4261.27,1,0,0.0,7878.02,2,0,0.0,16315.9,3,1,0.3333333333333333,46902.149999999994,6,1,0.16666666666666666,0
LGS2ORD0045336,C017720,2025-12-26 01:00:00,Female,39,Silver,Lazada,Bangkok,1176,Shopee,COD,1,12,4,0,30-40,39.2,5.0,1.0,0.2,281,78,2086.15,0.3,0.0,0.4,0.0,0.0,0,0,0.0,0.0,0,0,0.0,2018.1,1,0,0.0,10430.75,5,1,0.2,0
LGS2ORD0045337,C010013,2025-12-26 01:00:00,Female,62,Gold,TV,Bangkok,1425,CallCenter,COD,1,12,4,0,>50,47.5,2.0,1.0,0.5,50,64,4483.885,0.18,1.0,0.0,0.0,0.0,0,0,0.0,0.0,0,0,0.0,1691.35,1,1,1.0,8967.77,2,1,0.5,1
LGS2ORD0045338,C014215,2025-12-26 01:00:00,Female,68,Bronze,TV,Phuket,828,Web,Credit_Card,1,12,4,0,>50,27.6,10.0,7.0,0.7,9,20,7350.612999999999,0.28,0.8,0.3,0.0,0.0,0,0,0.0,2723.52,1,1,1.0,4137.8099999999995,2,1,0.5,73506.12999999999,10,7,0.7,0
LGS2ORD0045339,C013762,2025-12-26 01:00:00,Male,29,Silver,TV,Remote_Area,1737,Web,COD,1,12,4,0,20-30,57.9,5.0,2.0,0.4,215,183,5904.872,0.2,0.4,0.0,0.0,0.0,0,0,0.0,0.0,0,0,0.0,0.0,0,0,0.0,29524.36,5,2,0.4,0
LGS2ORD0045340,C015738,2025-12-26 01:00:00,Male,30,Platinum,Shopee,Khon Kaen,1701,Web,COD,1,12,4,0,20-30,56.7,11.0,3.0,0.2727272727272727,108,3,4487.852727272728,0.35,0.6363636363636364,0.6363636363636364,0.0,3345.84,1,0,0.0,12739.99,2,0,0.0,33418.259999999995,5,0,0.0,49366.380000000005,11,3,0.2727272727272727,0
LGS2ORD0045341,C013706,2025-12-26 01:00:00,Female,45,Gold,CallCenter,Chonburi,1534,Shopee,Credit_Card,1,12,4,0,40-50,51.13333333333333,3.0,0.0,0.0,-1,93,7802.233333333333,0.2299999999999999,0.3333333333333333,0.3333333333333333,0.0,0.0,0,0,0.0,0.0,0,0,0.0,0.0,0,0,0.0,23406.699999999997,3,0,0.0,0
LGS2ORD0045342,C016793,2025-12-26 02:00:00,Male,47,Silver,Lazada,Bangkok,517,Shopee,COD,2,12,4,0,40-50,17.233333333333334,4.0,0.0,0.0,-1,104,7341.514999999999,0.15,0.25,0.0,0.0,0.0,0,0,0.0,0.0,0,0,0.0,0.0,0,0,0.0,29366.059999999998,4,0,0.0,0
LGS2ORD0045343,C016543,2025-12-26 02:00:00,Female,63,Silver,Lazada,Bangkok,541,Lazada,COD,2,12,4,0,>50,18.033333333333335,4.0,1.0,0.25,266,13,4261.3075,0.15,0.25,0.0,0.0,0.0,0,0,0.0,14369.9,1,0,0.0,14369.9,1,0,0.0,17045.23,4,1,0.25,1
LGS2ORD0045344,C013195,2025-12-26 02:00:00,Female,37,Gold,Web,Khon Kaen,1353,Lazada,COD,2,12,4,0,30-40,45.1,7.0,0.0,0.0,-1,74,6719.117142857144,0.33,0.42857142857142855,0.42857142857142855,0.0,0.0,0,0,0.0,0.0,0,0,0.0,5095.58,1,0,0.0,47033.82000000001,7,0,0.0,1
LGS2ORD0045345,C015626,2025-12-26 02:00:00,Male,72,Bronze,Lazada,Bangkok,1604,TV_Show,COD,2,12,4,0,>50,53.46666666666667,5.0,1.0,0.2,312,86,4038.6340000000005,0.28,0.8,0.6,0.0,0.0,0,0,0.0,0.0,0,0,0.0,4518.8,1,0,0.0,20193.170000000002,5,1,0.2,0
LGS2ORD0045346,C016279,2025-12-26 02:00:00,Female,39,Bronze,Web,Bangkok,1321,Shopee,COD,2,12,4,0,30-40,44.03333333333333,6.0,3.0,0.5,187,102,6658.565,0.28,0.3333333333333333,0.3333333333333333,0.0,0.0,0,0,0.0,0.0,0,0,0.0,0.0,0,0,0.0,39951.39,6,3,0.5,1
LGS2ORD0045347,C010549,2025-12-26 03:00:00,Male,62,Gold,Shopee,Nakhon Ratchasima,1436,Web,Credit_Card,3,12,4,0,>50,47.86666666666667,9.0,1.0,0.1111111111111111,46,36,5603.517777777778,0.33,0.6666666666666666,0.6666666666666666,0.0,0.0,0,0,0.0,0.0,0,0,0.0,8402.81,3,1,0.3333333333333333,50431.66,9,1,0.1111111111111111,0
LGS2ORD0045348,C016802,2025-12-26 03:00:00,Female,44,Bronze,Shopee,Bangkok,1561,TV_Show,PromptPay,3,12,4,0,40-50,52.03333333333333,6.0,2.0,0.3333333333333333,312,226,10048.390000000001,0.18,0.8333333333333334,0.0,0.0,0.0,0,0,0.0,0.0,0,0,0.0,0.0,0,0,0.0,60290.340000000004,6,2,0.3333333333333333,0
LGS2ORD0045349,C012670,2025-12-26 03:00:00,Male,34,Bronze,TV,Chonburi,559,CallCenter,COD,3,12,4,0,30-40,18.633333333333333,6.0,2.0,0.3333333333333333,99,97,3292.52,0.28,0.6666666666666666,0.3333333333333333,0.0,0.0,0,0,0.0,0.0,0,0,0.0,0.0,0,0,0.0,19755.12,6,2,0.3333333333333333,1
LGS2ORD0045350,C013934,2025-12-26 03:00:00,Female,36,Bronze,CallCenter,Khon Kaen,613,Shopee,Credit_Card,3,12,4,0,30-40,20.433333333333334,10.0,0.0,0.0,-1,10,7626.428999999999,0.23,0.2,0.4,0.0,0.0,0,0,0.0,9994.2,2,0,0.0,15139.21,3,0,0.0,76264.29,10,0,0.0,0
LGS2ORD0045351,C017058,2025-12-26 03:00:00,Female,45,Bronze,CallCenter,Chiang Mai,1355,Lazada,COD,3,12,4,0,40-50,45.166666666666664,10.0,3.0,0.3,57,66,8535.337,0.23,0.5,0.2,0.0,0.0,0,0,0.0,0.0,0,0,0.0,6947.0,2,2,1.0,85353.37,10,3,0.3,0
LGS2ORD0045352,C015192,2025-12-26 04:00:00,Female,30,Silver,Lazada,Phuket,685,Web,Credit_Card,4,12,4,0,20-30,22.833333333333332,6.0,2.0,0.3333333333333333,92,39,1384.015,0.3,0.16666666666666666,0.3333333333333333,0.0,0.0,0,0,0.0,0.0,0,0,0.0,1021.22,1,0,0.0,8304.09,6,2,0.3333333333333333,0
LGS2ORD0045353,C011842,2025-12-26 04:00:00,Other,36,Bronze,TV,Khon Kaen,1745,CallCenter,Credit_Card,4,12,4,0,30-40,58.166666666666664,5.0,1.0,0.2,23,1,9302.132000000001,0.28,0.8,0.2,0.0,10700.23,1,0,0.0,10700.23,1,0,0.0,17867.98,2,1,0.5,46510.66,5,1,0.2,1
LGS2ORD0045354,C013429,2025-12-26 04:00:00,Female,53,Platinum,Web,Songkhla,657,CallCenter,Bank_Transfer,4,12,4,0,>50,21.9,1.0,1.0,1.0,83,85,10968.7,0.3,0.0,1.0,0.0,0.0,0,0,0.0,0.0,0,0,0.0,10968.7,1,1,1.0,10968.7,1,1,1.0,0
LGS2ORD0045355,C010768,2025-12-26 04:00:00,Female,59,Silver,Shopee,Bangkok,660,Web,Credit_Card,4,12,4,0,>50,22.0,6.0,1.0,0.16666666666666666,14,30,2347.345,0.3,0.5,0.5,0.0,0.0,0,0,0.0,0.0,0,0,0.0,5092.12,1,1,1.0,14084.07,6,1,0.16666666666666666,1
LGS2ORD0045356,C017093,2025-12-26 04:00:00,Female,38,Bronze,TV,Bangkok,460,Web,Credit_Card,4,12,4,0,30-40,15.333333333333334,3.0,1.0,0.3333333333333333,327,75,1060.0166666666667,0.23,0.0,0.3333333333333333,0.0,0.0,0,0,0.0,0.0,0,0,0.0,1659.74,1,0,0.0,3180.05,3,1,0.3333333333333333,0
LGS2ORD0045357,C014367,2025-12-26 05:00:00,Female,29,Bronze,TV,Remote_Area,847,CallCenter,Credit_Card,5,12,4,0,20-30,28.233333333333334,8.0,2.0,0.25,68,39,5433.95375,0.28,0.625,0.375,0.0,0.0,0,0,0.0,0.0,0,0,0.0,10819.36,2,1,0.5,43471.63,8,2,0.25,0
LGS2ORD0045358,C012262,2025-12-26 05:00:00,Male,43,Platinum,TV,Bangkok,1003,TV_Show,COD,5,12,4,0,40-50,33.43333333333333,4.0,0.0,0.0,-1,57,3977.5075,0.3,0.5,0.25,0.0,0.0,0,0,0.0,0.0,0,0,0.0,2362.86,1,0,0.0,15910.03,4,0,0.0,0
LGS2ORD0045359,C016312,2025-12-26 05:00:00,Male,38,Bronze,Shopee,Bangkok,1639,CallCenter,COD,5,12,4,0,30-40,54.63333333333333,8.0,1.0,0.125,231,1,6230.605,0.28,0.5,0.375,0.0,507.51,1,0,0.0,507.51,1,0,0.0,9723.58,3,0,0.0,49844.84,8,1,0.125,0
LGS2ORD0045360,C016954,2025-12-26 05:00:00,Male,51,Bronze,Web,Chonburi,1133,Lazada,Credit_Card,5,12,4,0,>50,37.766666666666666,8.0,3.0,0.375,55,8,3771.36375,0.23,0.5,0.25,0.0,0.0,0,0,0.0,159.32,1,0,0.0,15283.64,4,1,0.25,30170.91,8,3,0.375,0
LGS2ORD0045361,C011574,2025-12-26 05:00:00,Female,46,Silver,Lazada,Nakhon Ratchasima,1731,Web,COD,5,12,4,0,40-50,57.7,6.0,1.0,0.16666666666666666,344,11,1910.7716666666668,0.3,0.3333333333333333,0.5,0.0,0.0,0,0,0.0,3220.63,2,0,0.0,3220.63,2,0,0.0,11464.630000000001,6,1,0.16666666666666666,0
LGS2ORD0045362,C012514,2025-12-26 05:00:00,Male,47,Silver,TV,Nakhon Ratchasima,1722,Lazada,Credit_Card,5,12,4,0,40-50,57.4,6.0,2.0,0.3333333333333333,135,65,13239.71,0.25,1.0,0.16666666666666666,0.0,0.0,0,0,0.0,0.0,0,0,0.0,402.26,1,0,0.0,79438.26,6,2,0.3333333333333333,0
LGS2ORD0045363,C016158,2025-12-26 06:00:00,Male,52,Bronze,Web,Phuket,1483,Web,COD,6,12,4,0,>50,49.43333333333333,9.0,1.0,0.1111111111111111,64,56,5989.076666666666,0.28,0.4444444444444444,0.2222222222222222,0.0,0.0,0,0,0.0,0.0,0,0,0.0,35985.63,5,1,0.2,53901.689999999995,9,1,0.1111111111111111,0
LGS2ORD0045364,C017362,2025-12-26 06:00:00,Female,39,Gold,CallCenter,Bangkok,1498,Shopee,COD,6,12,4,0,30-40,49.93333333333333,7.0,0.0,0.0,-1,46,10303.289999999999,0.28,0.2857142857142857,0.42857142857142855,0.0,0.0,0,0,0.0,0.0,0,0,0.0,29484.329999999998,2,0,0.0,72123.03,7,0,0.0,0
LGS2ORD0045365,C011293,2025-12-26 06:00:00,Female,47,Gold,Lazada,Bangkok,1689,TV_Show,COD,6,12,4,0,40-50,56.3,7.0,3.0,0.42857142857142855,139,63,2847.694285714286,0.28,0.42857142857142855,0.7142857142857143,0.0,0.0,0,0,0.0,0.0,0,0,0.0,2152.38,1,0,0.0,19933.86,7,3,0.42857142857142855,0
LGS2ORD0045366,C010183,2025-12-26 06:00:00,Male,38,Bronze,Lazada,Chiang Mai,850,TV_Show,PromptPay,6,12,4,0,30-40,28.333333333333332,7.0,1.0,0.14285714285714285,294,45,2421.597142857143,0.23,0.2857142857142857,0.14285714285714285,0.0,0.0,0,0,0.0,0.0,0,0,0.0,8722.06,2,0,0.0,16951.18,7,1,0.14285714285714285,0
LGS2ORD0045367,C016485,2025-12-26 06:00:00,Male,38,Silver,Shopee,Songkhla,1615,Web,COD,6,12,4,0,30-40,53.833333333333336,6.0,2.0,0.3333333333333333,282,96,2745.8583333333336,0.3,0.3333333333333333,0.3333333333333333,0.0,0.0,0,0,0.0,0.0,0,0,0.0,0.0,0,0,0.0,16475.15,6,2,0.3333333333333333,1
LGS2ORD0045368,C015039,2025-12-26 07:00:00,Male,40,Bronze,TV,Phuket,643,Web,COD,7,12,4,0,30-40,21.433333333333334,9.0,3.0,0.3333333333333333,-4,9,9444.642222222223,0.23,0.5555555555555556,0.3333333333333333,0.0,0.0,0,0,0.0,7830.97,1,1,1.0,18876.39,2,1,0.5,85001.78,9,3,0.3333333333333333,1
LGS2ORD0045369,C016975,2025-12-26 07:00:00,Male,54,Gold,Shopee,Chonburi,549,Shopee,PromptPay,7,12,4,0,>50,18.3,2.0,0.0,0.0,-1,97,4657.47,0.18,0.0,0.0,0.0,0.0,0,0,0.0,0.0,0,0,0.0,0.0,0,0,0.0,9314.94,2,0,0.0,0
LGS2ORD0045370,C011524,2025-12-26 07:00:00,Male,49,Bronze,Shopee,Bangkok,1517,Web,Credit_Card,7,12,4,0,40-50,50.56666666666667,5.0,0.0,0.0,-1,71,4334.346,0.13,0.6,0.0,0.0,0.0,0,0,0.0,0.0,0,0,0.0,2721.45,1,0,0.0,21671.73,5,0,0.0,0
LGS2ORD0045371,C010292,2025-12-26 07:00:00,Male,31,Bronze,Lazada,Songkhla,516,Web,COD,7,12,4,0,30-40,17.2,0.0,0.0,0.0,-1,-1,0.0,0.0,0.0,0.0,0.0,0.0,0,0,0.0,0.0,0,0,0.0,0.0,0,0,0.0,0.0,0,0,0.0,0
LGS2ORD0045372,C015951,2025-12-26 07:00:00,Male,30,Gold,Lazada,Chonburi,1501,TV_Show,Bank_Transfer,7,12,4,0,20-30,50.03333333333333,8.0,0.0,0.0,-1,73,2861.0150000000003,0.2299999999999999,0.625,0.375,0.0,0.0,0,0,0.0,0.0,0,0,0.0,8698.7,1,0,0.0,22888.120000000003,8,0,0.0,0
LGS2ORD0045373,C017792,2025-12-26 08:00:00,Female,43,Platinum,TV,Chonburi,960,Lazada,Bank_Transfer,8,12,4,0,40-50,32.0,5.0,1.0,0.2,110,125,9700.122,0.25,0.4,0.6,0.0,0.0,0,0,0.0,0.0,0,0,0.0,0.0,0,0,0.0,48500.61,5,1,0.2,0
LGS2ORD0045374,C017267,2025-12-26 08:00:00,Female,23,Platinum,CallCenter,Bangkok,694,TV_Show,PromptPay,8,12,4,0,20-30,23.133333333333333,4.0,1.0,0.25,301,180,14415.5375,0.3,0.75,0.5,0.0,0.0,0,0,0.0,0.0,0,0,0.0,0.0,0,0,0.0,57662.15,4,1,0.25,0
LGS2ORD0045375,C014662,2025-12-26 08:00:00,Female,57,Bronze,Lazada,Remote_Area,1679,Lazada,COD,8,12,4,0,>50,55.96666666666667,6.0,1.0,0.16666666666666666,69,8,5072.656666666666,0.28,0.3333333333333333,0.3333333333333333,0.0,0.0,0,0,0.0,1755.3,1,0,0.0,2600.72,2,1,0.5,30435.939999999995,6,1,0.16666666666666666,0
LGS2ORD0045376,C016762,2025-12-26 08:00:00,Female,40,Gold,CallCenter,Nakhon Ratchasima,1684,Shopee,Credit_Card,8,12,4,0,30-40,56.13333333333333,3.0,1.0,0.3333333333333333,297,42,6117.616666666666,0.33,0.6666666666666666,0.6666666666666666,0.0,0.0,0,0,0.0,0.0,0,0,0.0,2914.04,1,0,0.0,18352.85,3,1,0.3333333333333333,0
LGS2ORD0045377,C016990,2025-12-26 08:00:00,Male,47,Platinum,Shopee,Bangkok,675,TV_Show,PromptPay,8,12,4,0,40-50,22.5,3.0,0.0,0.0,-1,181,5193.756666666667,0.3,0.0,0.3333333333333333,0.0,0.0,0,0,0.0,0.0,0,0,0.0,0.0,0,0,0.0,15581.27,3,0,0.0,0
LGS2ORD0045378,C017213,2025-12-26 09:00:00,Female,18,Silver,Web,Chiang Mai,483,Shopee,COD,9,12,4,0,<20,16.1,6.0,1.0,0.16666666666666666,4,11,3199.94,0.25,0.5,0.3333333333333333,0.0,0.0,0,0,0.0,11126.1,2,1,0.5,13053.060000000001,3,1,0.3333333333333333,19199.64,6,1,0.16666666666666666,0
LGS2ORD0045379,C012864,2025-12-26 09:00:00,Female,56,Bronze,Web,Bangkok,1612,Web,COD,9,12,4,0,>50,53.733333333333334,5.0,0.0,0.0,-1,24,3595.4180000000006,0.23,0.8,0.4,0.0,0.0,0,0,0.0,6629.01,1,0,0.0,8141.37,2,0,0.0,17977.090000000004,5,0,0.0,0
LGS2ORD0045380,C012970,2025-12-26 09:00:00,Female,31,Platinum,Shopee,Chiang Mai,1121,CallCenter,Credit_Card,9,12,4,0,30-40,37.36666666666667,4.0,2.0,0.5,161,15,9577.985,0.3,0.75,0.25,0.0,0.0,0,0,0.0,1227.13,1,0,0.0,1227.13,1,0,0.0,38311.94,4,2,0.5,0
LGS2ORD0045381,C011496,2025-12-26 09:00:00,Male,24,Bronze,CallCenter,Songkhla,1471,TV_Show,COD,9,12,4,0,20-30,49.03333333333333,2.0,1.0,0.5,52,37,6972.03,0.18,0.0,0.0,0.0,0.0,0,0,0.0,0.0,0,0,0.0,13944.06,2,1,0.5,13944.06,2,1,0.5,1
LGS2ORD0045382,C011994,2025-12-26 09:00:00,Male,47,Silver,TV,Chonburi,1167,Web,Credit_Card,9,12,4,0,40-50,38.9,13.0,5.0,0.38461538461538464,-10,4,3279.9292307692303,0.3,0.8461538461538461,0.38461538461538464,0.0,1476.45,1,1,1.0,1476.45,1,1,1.0,14758.280000000002,4,4,1.0,42639.079999999994,13,5,0.38461538461538464,0
LGS2ORD0045383,C011220,2025-12-26 09:00:00,Male,71,Bronze,CallCenter,Bangkok,980,Shopee,COD,9,12,4,0,>50,32.666666666666664,14.0,2.0,0.14285714285714285,94,8,4347.585000000001,0.28,0.5714285714285714,0.21428571428571427,0.07142857142857142,0.0,0,0,0.0,23621.690000000002,3,0,0.0,33396.75,7,0,0.0,60866.19000000001,14,2,0.14285714285714285,0
LGS2ORD0045384,C010558,2025-12-26 10:00:00,Male,35,Bronze,Shopee,Bangkok,427,Web,Credit_Card,10,12,4,0,30-40,14.233333333333333,9.0,0.0,0.0,-1,27,8431.231111111112,0.28,0.3333333333333333,0.4444444444444444,0.0,0.0,0,0,0.0,17960.1,1,0,0.0,39098.29,5,0,0.0,75881.08,9,0,0.0,0
LGS2ORD0045385,C016106,2025-12-26 10:00:00,Male,27,Bronze,CallCenter,Remote_Area,799,CallCenter,COD,10,12,4,0,20-30,26.633333333333333,5.0,1.0,0.2,35,49,1511.432,0.28,0.4,0.2,0.0,0.0,0,0,0.0,0.0,0,0,0.0,3070.0299999999997,2,1,0.5,7557.16,5,1,0.2,0
LGS2ORD0045386,C012079,2025-12-26 10:00:00,Female,39,Silver,Lazada,Remote_Area,498,Lazada,COD,10,12,4,0,30-40,16.6,7.0,2.0,0.2857142857142857,195,2,5749.167142857143,0.25,0.42857142857142855,0.42857142857142855,0.0,6666.84,1,0,0.0,6666.84,1,0,0.0,21721.870000000003,2,0,0.0,40244.17,7,2,0.2857142857142857,0
LGS2ORD0045387,C012717,2025-12-26 10:00:00,Male,58,Bronze,Shopee,Chonburi,1617,Lazada,PromptPay,10,12,4,0,>50,53.9,13.0,3.0,0.23076923076923078,121,41,4171.413846153846,0.23,0.46153846153846156,0.23076923076923078,0.0,0.0,0,0,0.0,0.0,0,0,0.0,5931.06,1,0,0.0,54228.38,13,3,0.23076923076923078,0
LGS2ORD0045388,C014920,2025-12-26 10:00:00,Male,68,Bronze,CallCenter,Chiang Mai,1184,TV_Show,COD,10,12,4,0,>50,39.46666666666667,5.0,2.0,0.4,188,105,3393.34,0.23,0.4,0.6,0.0,0.0,0,0,0.0,0.0,0,0,0.0,0.0,0,0,0.0,16966.7,5,2,0.4,0
LGS2ORD0045389,C011914,2025-12-26 11:00:00,Female,56,Gold,CallCenter,Chiang Mai,701,Shopee,COD,11,12,4,0,>50,23.366666666666667,7.0,2.0,0.2857142857142857,108,35,4564.848571428572,0.28,0.5714285714285714,0.14285714285714285,0.0,0.0,0,0,0.0,0.0,0,0,0.0,14765.84,2,0,0.0,31953.940000000002,7,2,0.2857142857142857,1
LGS2ORD0045390,C012428,2025-12-26 11:00:00,Male,45,Silver,Shopee,Remote_Area,824,Shopee,Credit_Card,11,12,4,0,40-50,27.466666666666665,5.0,1.0,0.2,12,15,3465.6440000000002,0.3,0.2,0.4,0.0,0.0,0,0,0.0,1221.73,1,1,1.0,1221.73,1,1,1.0,17328.22,5,1,0.2,0
LGS2ORD0045391,C016085,2025-12-26 11:00:00,Male,58,Silver,Shopee,Songkhla,581,Web,COD,11,12,4,0,>50,19.366666666666667,6.0,0.0,0.0,-1,25,5268.968333333333,0.25,0.6666666666666666,0.3333333333333333,0.0,0.0,0,0,0.0,6547.94,1,0,0.0,17731.5,2,0,0.0,31613.809999999998,6,0,0.0,1
LGS2ORD0045392,C013562,2025-12-26 11:00:00,Male,56,Bronze,Lazada,Remote_Area,1083,Lazada,COD,11,12,4,0,>50,36.1,9.0,1.0,0.1111111111111111,322,6,10789.626666666669,0.23,0.4444444444444444,0.1111111111111111,0.0,1116.41,1,0,0.0,34794.630000000005,2,0,0.0,56241.43000000001,4,0,0.0,97106.64000000001,9,1,0.1111111111111111,0
LGS2ORD0045393,C011500,2025-12-26 11:00:00,Female,28,Gold,Web,Nakhon Ratchasima,1472,TV_Show,COD,11,12,4,0,20-30,49.06666666666667,7.0,0.0,0.0,-1,68,7240.572857142857,0.2299999999999999,0.5714285714285714,0.2857142857142857,0.0,0.0,0,0,0.0,0.0,0,0,0.0,3286.32,1,0,0.0,50684.01,7,0,0.0,0
LGS2ORD0045394,C012521,2025-12-26 12:00:00,Female,40,Bronze,TV,Phuket,612,Shopee,Credit_Card,12,12,4,0,30-40,20.4,7.0,1.0,0.14285714285714285,141,150,6381.471428571429,0.28,0.8571428571428571,0.14285714285714285,0.0,0.0,0,0,0.0,0.0,0,0,0.0,0.0,0,0,0.0,44670.3,7,1,0.14285714285714285,0
LGS2ORD0045395,C010034,2025-12-26 12:00:00,Male,31,Platinum,Lazada,Songkhla,484,TV_Show,COD,12,12,4,0,30-40,16.133333333333333,5.0,1.0,0.2,330,42,5157.594,0.25,0.6,0.2,0.0,0.0,0,0,0.0,0.0,0,0,0.0,2292.72,1,0,0.0,25787.97,5,1,0.2,1
LGS2ORD0045396,C013021,2025-12-26 12:00:00,Male,65,Gold,TV,Khon Kaen,1458,TV_Show,COD,12,12,4,0,>50,48.6,10.0,0.0,0.0,-1,32,6411.8589999999995,0.33,0.6,0.5,0.0,0.0,0,0,0.0,0.0,0,0,0.0,22456.1,4,0,0.0,64118.59,10,0,0.0,1
LGS2ORD0045397,C017626,2025-12-26 12:00:00,Female,47,Gold,Web,Chiang Mai,862,Shopee,PromptPay,12,12,4,0,40-50,28.733333333333334,6.0,1.0,0.16666666666666666,326,41,7861.988333333335,0.28,0.6666666666666666,0.6666666666666666,0.0,0.0,0,0,0.0,0.0,0,0,0.0,14548.060000000001,3,0,0.0,47171.93000000001,6,1,0.16666666666666666,0
LGS2ORD0045398,C013097,2025-12-26 12:00:00,Male,65,Bronze,Web,Songkhla,630,Web,Bank_Transfer,12,12,4,0,>50,21.0,2.0,1.0,0.5,280,285,1750.025,0.23,0.5,0.5,0.0,0.0,0,0,0.0,0.0,0,0,0.0,0.0,0,0,0.0,3500.05,2,1,0.5,1
LGS2ORD0045399,C012197,2025-12-26 13:00:00,Female,37,Silver,TV,Songkhla,889,TV_Show,COD,13,12,4,0,30-40,29.633333333333333,7.0,3.0,0.42857142857142855,50,27,5489.052857142857,0.25,0.5714285714285714,0.14285714285714285,0.0,0.0,0,0,0.0,2845.25,1,0,0.0,4929.41,2,1,0.5,38423.369999999995,7,3,0.42857142857142855,0
LGS2ORD0045400,C012421,2025-12-26 13:00:00,Male,66,Silver,CallCenter,Songkhla,1028,Lazada,Bank_Transfer,13,12,4,0,>50,34.266666666666666,6.0,3.0,0.5,37,41,2075.2033333333334,0.3,0.5,0.3333333333333333,0.0,0.0,0,0,0.0,0.0,0,0,0.0,3034.9,2,2,1.0,12451.22,6,3,0.5,0
LGS2ORD0045401,C016514,2025-12-26 13:00:00,Female,43,Platinum,Shopee,Bangkok,914,Shopee,COD,13,12,4,0,40-50,30.466666666666665,7.0,1.0,0.14285714285714285,201,51,3966.52,0.35,0.8571428571428571,0.42857142857142855,0.0,0.0,0,0,0.0,0.0,0,0,0.0,5925.42,2,0,0.0,27765.64,7,1,0.14285714285714285,1
LGS2ORD0045402,C016515,2025-12-26 13:00:00,Male,23,Silver,Web,Bangkok,1729,Shopee,COD,13,12,4,0,20-30,57.63333333333333,3.0,1.0,0.3333333333333333,244,79,9640.61,0.3,0.3333333333333333,0.3333333333333333,0.0,0.0,0,0,0.0,0.0,0,0,0.0,8276.54,1,0,0.0,28921.83,3,1,0.3333333333333333,0
LGS2ORD0045403,C015812,2025-12-26 13:00:00,Male,46,Platinum,TV,Bangkok,1131,CallCenter,COD,13,12,4,0,40-50,37.7,5.0,1.0,0.2,292,127,4142.426,0.2,0.4,0.0,0.0,0.0,0,0,0.0,0.0,0,0,0.0,0.0,0,0,0.0,20712.13,5,1,0.2,0
LGS2ORD0045404,C010262,2025-12-26 13:00:00,Female,49,Bronze,TV,Chiang Mai,1021,Lazada,Credit_Card,13,12,4,0,40-50,34.03333333333333,12.0,2.0,0.16666666666666666,1,11,2958.983333333333,0.28,0.5833333333333334,0.25,0.0,0.0,0,0,0.0,14113.7,5,1,0.2,18491.960000000003,7,1,0.14285714285714285,35507.799999999996,12,2,0.16666666666666666,0
LGS2ORD0045405,C014940,2025-12-26 14:00:00,Female,40,Gold,Web,Nakhon Ratchasima,1599,Shopee,COD,14,12,4,0,30-40,53.3,5.0,0.0,0.0,-1,15,5419.806,0.33,0.0,0.6,0.0,0.0,0,0,0.0,17588.39,2,0,0.0,17588.39,2,0,0.0,27099.03,5,0,0.0,0
LGS2ORD0045406,C015261,2025-12-26 14:00:00,Male,54,Silver,CallCenter,Chiang Mai,1706,TV_Show,COD,14,12,4,0,>50,56.86666666666667,5.0,1.0,0.2,123,93,7893.332,0.25,0.2,0.2,0.0,0.0,0,0,0.0,0.0,0,0,0.0,0.0,0,0,0.0,39466.66,5,1,0.2,0
LGS2ORD0045407,C016749,2025-12-26 14:00:00,Male,22,Bronze,TV,Songkhla,621,TV_Show,COD,14,12,4,0,20-30,20.7,5.0,1.0,0.2,224,156,3613.084,0.28,0.4,0.6,0.0,0.0,0,0,0.0,0.0,0,0,0.0,0.0,0,0,0.0,18065.42,5,1,0.2,1
LGS2ORD0045408,C012815,2025-12-26 14:00:00,Female,59,Bronze,Lazada,Bangkok,1763,CallCenter,PromptPay,14,12,4,0,>50,58.766666666666666,9.0,1.0,0.1111111111111111,307,12,6652.876666666667,0.18,0.5555555555555556,0.0,0.0,0.0,0,0,0.0,5141.43,2,0,0.0,5141.43,2,0,0.0,59875.89,9,1,0.1111111111111111,0
LGS2ORD0045409,C012090,2025-12-26 14:00:00,Female,23,Gold,TV,Chonburi,1765,Web,COD,14,12,4,0,20-30,58.833333333333336,3.0,1.0,0.3333333333333333,209,26,13148.783333333335,0.28,0.6666666666666666,0.3333333333333333,0.0,0.0,0,0,0.0,10970.3,1,0,0.0,10970.3,1,0,0.0,39446.350000000006,3,1,0.3333333333333333,0
LGS2ORD0045410,C014102,2025-12-26 15:00:00,Male,59,Platinum,Web,Bangkok,1627,Web,PromptPay,15,12,4,0,>50,54.233333333333334,4.0,1.0,0.25,51,58,4599.227500000001,0.35,0.5,0.5,0.0,0.0,0,0,0.0,0.0,0,0,0.0,1842.18,1,1,1.0,18396.910000000003,4,1,0.25,0
LGS2ORD0045411,C016783,2025-12-26 15:00:00,Female,36,Bronze,Shopee,Bangkok,852,Web,COD,15,12,4,0,30-40,28.4,6.0,2.0,0.3333333333333333,19,35,3219.8233333333337,0.28,0.5,0.5,0.0,0.0,0,0,0.0,0.0,0,0,0.0,3505.36,2,2,1.0,19318.940000000002,6,2,0.3333333333333333,1
LGS2ORD0045412,C012841,2025-12-26 15:00:00,Female,34,Bronze,Web,Bangkok,534,Web,COD,15,12,4,0,30-40,17.8,3.0,1.0,0.3333333333333333,262,80,12852.199999999999,0.28,0.3333333333333333,0.6666666666666666,0.0,0.0,0,0,0.0,0.0,0,0,0.0,1260.77,1,0,0.0,38556.6,3,1,0.3333333333333333,0
LGS2ORD0045413,C015795,2025-12-26 15:00:00,Female,18,Bronze,TV,Nakhon Ratchasima,595,TV_Show,COD,15,12,4,0,<20,19.833333333333332,11.0,2.0,0.18181818181818182,63,7,3828.7654545454543,0.23,0.36363636363636365,0.09090909090909091,0.0,0.0,0,0,0.0,3538.14,1,0,0.0,18507.18,4,1,0.25,42116.42,11,2,0.18181818181818182,1
LGS2ORD0045414,C016442,2025-12-26 15:00:00,Male,51,Silver,Web,Remote_Area,532,TV_Show,PromptPay,15,12,4,0,>50,17.733333333333334,8.0,3.0,0.375,-12,4,4150.0,0.3,0.5,0.125,0.0,1313.66,1,1,1.0,1313.66,1,1,1.0,3897.91,3,2,0.6666666666666666,33200.0,8,3,0.375,1
LGS2ORD0045415,C016881,2025-12-26 16:00:00,Male,23,Bronze,Shopee,Bangkok,1033,Shopee,COD,16,12,4,0,20-30,34.43333333333333,4.0,1.0,0.25,11,22,3198.8450000000003,0.23,0.0,0.25,0.0,0.0,0,0,0.0,2239.04,1,1,1.0,5619.219999999999,2,1,0.5,12795.380000000001,4,1,0.25,0
LGS2ORD0045416,C010227,2025-12-26 16:00:00,Female,52,Gold,Shopee,Chiang Mai,878,Lazada,Credit_Card,16,12,4,0,>50,29.266666666666666,1.0,0.0,0.0,-1,210,1819.86,0.33,0.0,1.0,0.0,0.0,0,0,0.0,0.0,0,0,0.0,0.0,0,0,0.0,1819.86,1,0,0.0,0
LGS2ORD0045417,C013711,2025-12-26 16:00:00,Female,39,Bronze,TV,Remote_Area,1564,Lazada,COD,16,12,4,0,30-40,52.13333333333333,10.0,3.0,0.3,47,47,9102.465,0.28,0.6,0.4,0.0,0.0,0,0,0.0,0.0,0,0,0.0,76601.40000000001,5,2,0.4,91024.65000000001,10,3,0.3,0
LGS2ORD0045418,C011025,2025-12-26 16:00:00,Male,42,Bronze,Lazada,Phuket,1662,Web,Credit_Card,16,12,4,0,40-50,55.4,4.0,3.0,0.75,194,103,4248.5325,0.28,1.0,0.25,0.0,0.0,0,0,0.0,0.0,0,0,0.0,0.0,0,0,0.0,16994.13,4,3,0.75,0
LGS2ORD0045419,C016774,2025-12-26 16:00:00,Male,45,Silver,Shopee,Songkhla,1617,Lazada,Credit_Card,16,12,4,0,40-50,53.9,5.0,3.0,0.6,41,52,4901.5,0.3,0.2,0.2,0.0,0.0,0,0,0.0,0.0,0,0,0.0,7907.36,1,1,1.0,24507.5,5,3,0.6,1
LGS2ORD0045420,C013466,2025-12-26 17:00:00,Female,49,Bronze,Web,Songkhla,470,Shopee,COD,17,12,4,0,40-50,15.666666666666666,6.0,0.0,0.0,-1,30,10339.445,0.23,0.5,0.16666666666666666,0.0,0.0,0,0,0.0,0.0,0,0,0.0,32427.04,2,0,0.0,62036.67,6,0,0.0,0
LGS2ORD0045421,C014319,2025-12-26 17:00:00,Female,43,Bronze,Shopee,Bangkok,1467,Lazada,COD,17,12,4,0,40-50,48.9,9.0,2.0,0.2222222222222222,275,16,6239.619999999999,0.23,0.5555555555555556,0.2222222222222222,0.0,0.0,0,0,0.0,20322.989999999998,3,0,0.0,20322.989999999998,3,0,0.0,56156.579999999994,9,2,0.2222222222222222,0
LGS2ORD0045422,C014079,2025-12-26 17:00:00,Female,54,Bronze,Shopee,Remote_Area,1706,Shopee,PromptPay,17,12,4,0,>50,56.86666666666667,4.0,0.0,0.0,-1,53,3719.7525,0.28,0.5,0.25,0.0,0.0,0,0,0.0,0.0,0,0,0.0,1643.59,1,0,0.0,14879.01,4,0,0.0,0
LGS2ORD0045423,C011231,2025-12-26 17:00:00,Female,49,Platinum,TV,Khon Kaen,1741,Web,COD,17,12,4,0,40-50,58.03333333333333,4.0,0.0,0.0,-1,30,3505.9925,0.25,0.5,0.5,0.0,0.0,0,0,0.0,0.0,0,0,0.0,6767.69,1,0,0.0,14023.97,4,0,0.0,0
LGS2ORD0045424,C012810,2025-12-26 17:00:00,Female,49,Bronze,CallCenter,Chonburi,562,Web,PromptPay,17,12,4,0,40-50,18.733333333333334,9.0,2.0,0.2222222222222222,52,14,4662.495555555556,0.18,0.7777777777777778,0.0,0.0,0.0,0,0,0.0,6341.79,2,0,0.0,8924.369999999999,3,1,0.3333333333333333,41962.46000000001,9,2,0.2222222222222222,0
LGS2ORD0045425,C013414,2025-12-26 17:00:00,Male,39,Silver,Lazada,Nakhon Ratchasima,685,Lazada,PromptPay,17,12,4,0,30-40,22.833333333333332,8.0,0.0,0.0,-1,121,3257.05875,0.3,0.125,0.25,0.0,0.0,0,0,0.0,0.0,0,0,0.0,0.0,0,0,0.0,26056.47,8,0,0.0,0
LGS2ORD0045426,C012624,2025-12-26 18:00:00,Male,47,Silver,Shopee,Remote_Area,1153,Shopee,COD,18,12,4,0,40-50,38.43333333333333,10.0,4.0,0.4,53,57,5254.1720000000005,0.25,0.6,0.1,0.0,0.0,0,0,0.0,0.0,0,0,0.0,28057.25,5,2,0.4,52541.72,10,4,0.4,0
LGS2ORD0045427,C010982,2025-12-26 18:00:00,Other,46,Bronze,TV,Khon Kaen,1249,Lazada,Credit_Card,18,12,4,0,40-50,41.63333333333333,6.0,1.0,0.16666666666666666,25,39,4405.571666666666,0.18,0.3333333333333333,0.0,0.0,0.0,0,0,0.0,0.0,0,0,0.0,15993.259999999998,2,1,0.5,26433.429999999997,6,1,0.16666666666666666,1
LGS2ORD0045428,C010262,2025-12-26 18:00:00,Female,49,Bronze,TV,Chiang Mai,1021,CallCenter,COD,18,12,4,0,40-50,34.03333333333333,13.0,2.0,0.15384615384615385,2,0,3816.6923076923076,0.28,0.5384615384615384,0.23076923076923078,0.0,14109.2,1,0,0.0,28222.9,6,1,0.16666666666666666,32601.160000000003,8,1,0.125,49617.0,13,2,0.15384615384615385,0
LGS2ORD0045429,C017909,2025-12-26 18:00:00,Female,35,Platinum,Web,Bangkok,656,Shopee,Credit_Card,18,12,4,0,30-40,21.866666666666667,5.0,1.0,0.2,71,88,1425.244,0.3,0.8,0.8,0.0,0.0,0,0,0.0,0.0,0,0,0.0,705.99,1,1,1.0,7126.219999999999,5,1,0.2,0
LGS2ORD0045430,C013336,2025-12-26 18:00:00,Female,63,Silver,TV,Chonburi,1503,CallCenter,PromptPay,18,12,4,0,>50,50.1,6.0,0.0,0.0,-1,86,4924.903333333333,0.3,0.5,0.5,0.0,0.0,0,0,0.0,0.0,0,0,0.0,13191.630000000001,2,0,0.0,29549.42,6,0,0.0,0
LGS2ORD0045431,C014678,2025-12-26 19:00:00,Male,62,Bronze,Shopee,Remote_Area,1752,Shopee,COD,19,12,4,0,>50,58.4,3.0,0.0,0.0,-1,49,7960.203333333334,0.13,0.0,0.0,0.0,0.0,0,0,0.0,0.0,0,0,0.0,4325.95,1,0,0.0,23880.61,3,0,0.0,0
LGS2ORD0045432,C015404,2025-12-26 19:00:00,Female,60,Bronze,Shopee,Songkhla,1287,TV_Show,PromptPay,19,12,4,0,>50,42.9,16.0,9.0,0.5625,8,22,4628.081875,0.28,0.75,0.1875,0.0625,0.0,0,0,0.0,5682.01,2,2,1.0,6274.139999999999,3,3,1.0,74049.31,16,9,0.5625,0
LGS2ORD0045433,C013833,2025-12-26 19:00:00,Female,55,Bronze,Web,Nakhon Ratchasima,1383,Shopee,Credit_Card,19,12,4,0,>50,46.1,4.0,2.0,0.5,155,161,2936.1225,0.23,0.5,0.25,0.0,0.0,0,0,0.0,0.0,0,0,0.0,0.0,0,0,0.0,11744.49,4,2,0.5,0
LGS2ORD0045434,C011952,2025-12-26 19:00:00,Female,48,Bronze,Web,Bangkok,1383,TV_Show,Credit_Card,19,12,4,0,40-50,46.1,5.0,1.0,0.2,56,31,2993.96,0.28,0.6,0.2,0.0,0.0,0,0,0.0,0.0,0,0,0.0,10231.029999999999,3,1,0.3333333333333333,14969.8,5,1,0.2,0
LGS2ORD0045435,C013883,2025-12-26 19:00:00,Female,40,Platinum,Lazada,Bangkok,1247,Lazada,Credit_Card,19,12,4,0,30-40,41.56666666666667,4.0,1.0,0.25,17,13,5803.5025000000005,0.3,0.5,0.75,0.0,0.0,0,0,0.0,20234.97,3,1,0.3333333333333333,23214.010000000002,4,1,0.25,23214.010000000002,4,1,0.25,0
LGS2ORD0045436,C017365,2025-12-26 20:00:00,Female,42,Gold,Shopee,Bangkok,556,TV_Show,Credit_Card,20,12,4,0,40-50,18.533333333333335,6.0,3.0,0.5,12,27,14039.115,0.28,0.5,0.8333333333333334,0.0,0.0,0,0,0.0,1812.85,1,1,1.0,1812.85,1,1,1.0,84234.69,6,3,0.5,0
LGS2ORD0045437,C011924,2025-12-26 20:00:00,Female,32,Bronze,TV,Chonburi,634,CallCenter,COD,20,12,4,0,30-40,21.133333333333333,10.0,4.0,0.4,51,21,6786.865999999999,0.28,0.5,0.4,0.0,0.0,0,0,0.0,780.18,1,0,0.0,8228.76,3,1,0.3333333333333333,67868.65999999999,10,4,0.4,0
LGS2ORD0045438,C012446,2025-12-26 20:00:00,Female,46,Platinum,TV,Chiang Mai,880,Lazada,PromptPay,20,12,4,0,40-50,29.333333333333332,3.0,0.0,0.0,-1,31,13875.08,0.3,0.6666666666666666,0.3333333333333333,0.0,0.0,0,0,0.0,0.0,0,0,0.0,26159.469999999998,2,0,0.0,41625.24,3,0,0.0,0
LGS2ORD0045439,C014991,2025-12-26 20:00:00,Female,57,Gold,Lazada,Chonburi,1728,Web,Bank_Transfer,20,12,4,0,>50,57.6,4.0,1.0,0.25,26,29,5689.335,0.28,0.75,0.75,0.0,0.0,0,0,0.0,4345.56,1,1,1.0,4345.56,1,1,1.0,22757.34,4,1,0.25,0
LGS2ORD0045440,C011292,2025-12-26 20:00:00,Male,39,Bronze,TV,Nakhon Ratchasima,743,Shopee,PromptPay,20,12,4,0,30-40,24.766666666666666,5.0,0.0,0.0,-1,94,6786.8820000000005,0.13,0.6,0.0,0.0,0.0,0,0,0.0,0.0,0,0,0.0,0.0,0,0,0.0,33934.41,5,0,0.0,0
LGS2ORD0045441,C010166,2025-12-26 20:00:00,Female,33,Gold,Shopee,Phuket,1077,Lazada,COD,20,12,4,0,30-40,35.9,5.0,1.0,0.2,243,23,7464.45,0.33,0.4,0.6,0.0,0.0,0,0,0.0,819.1,1,0,0.0,3305.1,2,0,0.0,37322.25,5,1,0.2,0
LGS2ORD0045442,C015306,2025-12-26 21:00:00,Male,42,Bronze,TV,Chiang Mai,1184,TV_Show,COD,21,12,4,0,40-50,39.46666666666667,6.0,0.0,0.0,-1,14,3753.1166666666663,0.28,0.3333333333333333,0.16666666666666666,0.0,0.0,0,0,0.0,332.28,1,0,0.0,4457.509999999999,2,0,0.0,22518.699999999997,6,0,0.0,0
LGS2ORD0045443,C017334,2025-12-26 21:00:00,Male,45,Silver,Web,Remote_Area,683,TV_Show,COD,21,12,4,0,40-50,22.766666666666666,10.0,3.0,0.3,40,19,4804.679,0.2,0.6,0.0,0.0,0.0,0,0,0.0,6499.58,1,0,0.0,19128.6,4,2,0.5,48046.79,10,3,0.3,0
LGS2ORD0045444,C017447,2025-12-26 21:00:00,Female,36,Gold,Lazada,Chonburi,1454,CallCenter,Credit_Card,21,12,4,0,30-40,48.46666666666667,5.0,2.0,0.4,80,90,8308.954,0.2299999999999999,0.6,0.2,0.0,0.0,0,0,0.0,0.0,0,0,0.0,0.0,0,0,0.0,41544.77,5,2,0.4,0
LGS2ORD0045445,C010890,2025-12-26 21:00:00,Female,34,Bronze,TV,Bangkok,723,TV_Show,COD,21,12,4,0,30-40,24.1,5.0,2.0,0.4,220,35,9010.864000000001,0.23,0.6,0.4,0.0,0.0,0,0,0.0,0.0,0,0,0.0,7472.15,1,0,0.0,45054.32000000001,5,2,0.4,1
LGS2ORD0045446,C012463,2025-12-26 21:00:00,Female,44,Platinum,TV,Khon Kaen,513,Shopee,COD,21,12,4,0,40-50,17.1,11.0,1.0,0.09090909090909091,63,64,4846.711818181819,0.35,0.5454545454545454,0.18181818181818182,0.0,0.0,0,0,0.0,0.0,0,0,0.0,4826.42,3,1,0.3333333333333333,53313.83,11,1,0.09090909090909091,1
LGS2ORD0045447,C011184,2025-12-26 22:00:00,Female,25,Bronze,TV,Phuket,994,Shopee,Credit_Card,22,12,4,0,20-30,33.13333333333333,6.0,0.0,0.0,-1,42,7936.8533333333335,0.23,0.16666666666666666,0.3333333333333333,0.0,0.0,0,0,0.0,0.0,0,0,0.0,13197.04,2,0,0.0,47621.12,6,0,0.0,0
LGS2ORD0045448,C010541,2025-12-26 22:00:00,Male,49,Bronze,TV,Remote_Area,1542,Lazada,COD,22,12,4,0,40-50,51.4,11.0,4.0,0.36363636363636365,72,15,3037.5718181818183,0.23,0.7272727272727273,0.18181818181818182,0.0,0.0,0,0,0.0,2966.28,2,0,0.0,6983.09,4,1,0.25,33413.29,11,4,0.36363636363636365,0
LGS2ORD0045449,C015759,2025-12-26 22:00:00,Female,25,Platinum,Web,Bangkok,1219,TV_Show,PromptPay,22,12,4,0,20-30,40.63333333333333,8.0,0.0,0.0,-1,90,6430.047500000001,0.35,0.375,0.5,0.0,0.0,0,0,0.0,0.0,0,0,0.0,0.0,0,0,0.0,51440.380000000005,8,0,0.0,0
LGS2ORD0045450,C016514,2025-12-26 22:00:00,Female,43,Platinum,Shopee,Bangkok,914,Shopee,COD,22,12,4,0,40-50,30.466666666666665,8.0,2.0,0.25,-2,0,3833.68,0.35,0.875,0.5,0.0,2903.8,1,1,1.0,2903.8,1,1,1.0,8829.220000000001,3,1,0.3333333333333333,30669.44,8,2,0.25,1
LGS2ORD0045451,C016329,2025-12-26 22:00:00,Female,41,Bronze,Shopee,Khon Kaen,799,Shopee,Credit_Card,22,12,4,0,40-50,26.633333333333333,11.0,3.0,0.2727272727272727,77,57,4692.0772727272715,0.28,0.7272727272727273,0.45454545454545453,0.0,0.0,0,0,0.0,0.0,0,0,0.0,3970.34,1,0,0.0,51612.84999999999,11,3,0.2727272727272727,0
LGS2ORD0045452,C010053,2025-12-26 23:00:00,Female,47,Platinum,Shopee,Nakhon Ratchasima,1266,Lazada,COD,23,12,4,0,40-50,42.2,7.0,1.0,0.14285714285714285,50,29,3271.7385714285715,0.3,0.5714285714285714,0.42857142857142855,0.0,0.0,0,0,0.0,318.11,1,0,0.0,11196.400000000001,3,1,0.3333333333333333,22902.170000000002,7,1,0.14285714285714285,0
LGS2ORD0045453,C017650,2025-12-26 23:00:00,Female,26,Gold,TV,Phuket,1372,TV_Show,COD,23,12,4,0,20-30,45.733333333333334,6.0,3.0,0.5,38,44,7914.826666666667,0.33,0.8333333333333334,0.5,0.0,0.0,0,0,0.0,0.0,0,0,0.0,7184.36,1,1,1.0,47488.96,6,3,0.5,0
LGS2ORD0045454,C014318,2025-12-26 23:00:00,Male,46,Platinum,Lazada,Khon Kaen,1358,Lazada,Bank_Transfer,23,12,4,0,40-50,45.266666666666666,4.0,2.0,0.5,88,93,1799.5025,0.35,0.5,1.0,0.0,0.0,0,0,0.0,0.0,0,0,0.0,0.0,0,0,0.0,7198.01,4,2,0.5,1
LGS2ORD0045455,C015752,2025-12-26 23:00:00,Female,57,Bronze,CallCenter,Remote_Area,1240,Web,COD,23,12,4,0,>50,41.333333333333336,12.0,3.0,0.25,212,20,8782.189166666667,0.18,0.5833333333333334,0.0,0.0,0.0,0,0,0.0,3871.17,2,0,0.0,3871.17,2,0,0.0,105386.27,12,3,0.25,0
LGS2ORD0045456,C015212,2025-12-26 23:00:00,Female,53,Bronze,Lazada,Khon Kaen,626,Web,Credit_Card,23,12,4,0,>50,20.866666666666667,6.0,3.0,0.5,96,25,2366.423333333333,0.28,0.8333333333333334,0.3333333333333333,0.0,0.0,0,0,0.0,1375.81,1,0,0.0,1375.81,1,0,0.0,14198.539999999999,6,3,0.5,0
LGS2ORD0045457,C011145,2025-12-27 00:00:00,Male,68,Gold,Web,Chonburi,638,TV_Show,Bank_Transfer,0,12,5,1,>50,21.266666666666666,4.0,0.0,0.0,-1,52,1145.1325000000002,0.28,0.25,0.5,0.0,0.0,0,0,0.0,0.0,0,0,0.0,565.59,1,0,0.0,4580.530000000001,4,0,0.0,0
LGS2ORD0045458,C014965,2025-12-27 00:00:00,Female,48,Bronze,TV,Nakhon Ratchasima,1034,Shopee,COD,0,12,5,1,40-50,34.46666666666667,5.0,2.0,0.4,249,80,5769.798,0.18,0.0,0.0,0.0,0.0,0,0,0.0,0.0,0,0,0.0,924.73,1,0,0.0,28848.989999999998,5,2,0.4,0
LGS2ORD0045459,C010845,2025-12-27 00:00:00,Male,44,Silver,Web,Bangkok,1160,Web,Credit_Card,0,12,5,1,40-50,38.666666666666664,4.0,1.0,0.25,196,79,3315.22,0.3,0.5,0.25,0.0,0.0,0,0,0.0,0.0,0,0,0.0,1856.08,1,0,0.0,13260.88,4,1,0.25,0
LGS2ORD0045460,C011586,2025-12-27 00:00:00,Female,51,Gold,Shopee,Remote_Area,615,CallCenter,Credit_Card,0,12,5,1,>50,20.5,9.0,1.0,0.1111111111111111,319,6,2707.3577777777778,0.33,0.2222222222222222,0.4444444444444444,0.0,2990.82,1,0,0.0,2990.82,1,0,0.0,2990.82,1,0,0.0,24366.22,9,1,0.1111111111111111,0
LGS2ORD0045461,C014269,2025-12-27 00:00:00,Male,44,Bronze,Lazada,Bangkok,1597,Web,COD,0,12,5,1,40-50,53.233333333333334,3.0,1.0,0.3333333333333333,18,26,4161.94,0.28,1.0,0.3333333333333333,0.0,0.0,0,0,0.0,2840.97,1,1,1.0,6358.2,2,1,0.5,12485.82,3,1,0.3333333333333333,1
LGS2ORD0045462,C012966,2025-12-27 00:00:00,Male,52,Platinum,Lazada,Bangkok,1393,TV_Show,COD,0,12,5,1,>50,46.43333333333333,2.0,1.0,0.5,164,17,6771.25,0.25,0.5,0.5,0.0,0.0,0,0,0.0,5397.2,1,0,0.0,5397.2,1,0,0.0,13542.5,2,1,0.5,1
LGS2ORD0045463,C010383,2025-12-27 01:00:00,Female,48,Silver,TV,Nakhon Ratchasima,1195,TV_Show,PromptPay,1,12,5,1,40-50,39.833333333333336,11.0,4.0,0.36363636363636365,75,83,4206.569090909091,0.3,0.5454545454545454,0.09090909090909091,0.09090909090909091,0.0,0,0,0.0,0.0,0,0,0.0,1685.46,1,1,1.0,46272.26,11,4,0.36363636363636365,0
LGS2ORD0045464,C012237,2025-12-27 01:00:00,Female,34,Bronze,TV,Remote_Area,1762,TV_Show,COD,1,12,5,1,30-40,58.733333333333334,4.0,1.0,0.25,147,36,5481.6225,0.23,0.25,0.5,0.0,0.0,0,0,0.0,0.0,0,0,0.0,7235.2,1,0,0.0,21926.49,4,1,0.25,0
LGS2ORD0045465,C012715,2025-12-27 01:00:00,Female,47,Gold,TV,Phuket,960,TV_Show,Credit_Card,1,12,5,1,40-50,32.0,1.0,1.0,1.0,142,149,7326.93,0.28,0.0,1.0,0.0,0.0,0,0,0.0,0.0,0,0,0.0,0.0,0,0,0.0,7326.93,1,1,1.0,1
LGS2ORD0045466,C014323,2025-12-27 01:00:00,Male,34,Silver,TV,Nakhon Ratchasima,1488,Shopee,Credit_Card,1,12,5,1,30-40,49.6,4.0,0.0,0.0,-1,41,3027.8650000000002,0.2,0.5,0.0,0.0,0.0,0,0,0.0,0.0,0,0,0.0,2008.1,1,0,0.0,12111.460000000001,4,0,0.0,0
LGS2ORD0045467,C015522,2025-12-27 01:00:00,Female,31,Bronze,TV,Bangkok,596,Shopee,Credit_Card,1,12,5,1,30-40,19.866666666666667,10.0,1.0,0.1,138,17,4383.27,0.28,0.7,0.2,0.0,0.0,0,0,0.0,248.4,1,0,0.0,17760.100000000002,4,0,0.0,43832.700000000004,10,1,0.1,0
LGS2ORD0045468,C011356,2025-12-27 02:00:00,Female,58,Bronze,Shopee,Chiang Mai,455,Shopee,COD,2,12,5,1,>50,15.166666666666666,10.0,3.0,0.3,183,19,5004.409000000001,0.28,0.5,0.3,0.0,0.0,0,0,0.0,8864.63,1,0,0.0,8864.63,1,0,0.0,50044.090000000004,10,3,0.3,1
LGS2ORD0045469,C011393,2025-12-27 02:00:00,Male,49,Platinum,Shopee,Bangkok,1698,Web,COD,2,12,5,1,40-50,56.6,6.0,1.0,0.16666666666666666,81,1,6531.366666666666,0.3,0.16666666666666666,0.8333333333333334,0.0,9458.07,1,0,0.0,9458.07,1,0,0.0,28902.46,3,1,0.3333333333333333,39188.2,6,1,0.16666666666666666,1
LGS2ORD0045470,C014259,2025-12-27 02:00:00,Male,52,Silver,Shopee,Chiang Mai,1160,Shopee,COD,2,12,5,1,>50,38.666666666666664,4.0,1.0,0.25,201,2,11935.825,0.25,1.0,0.25,0.0,19325.72,1,0,0.0,19325.72,1,0,0.0,45330.9,3,0,0.0,47743.3,4,1,0.25,0
LGS2ORD0045471,C016879,2025-12-27 02:00:00,Male,34,Gold,Web,Phuket,903,Lazada,PromptPay,2,12,5,1,30-40,30.1,3.0,0.0,0.0,-1,42,3123.7833333333333,0.28,0.0,0.3333333333333333,0.0,0.0,0,0,0.0,0.0,0,0,0.0,278.1,1,0,0.0,9371.35,3,0,0.0,0
LGS2ORD0045472,C014876,2025-12-27 02:00:00,Male,41,Gold,Shopee,Remote_Area,1735,Shopee,PromptPay,2,12,5,1,40-50,57.833333333333336,6.0,1.0,0.16666666666666666,187,3,6195.565,0.33,0.3333333333333333,0.6666666666666666,0.0,8497.81,1,0,0.0,8497.81,1,0,0.0,30243.010000000002,2,0,0.0,37173.39,6,1,0.16666666666666666,0
LGS2ORD0045473,C017902,2025-12-27 03:00:00,Female,43,Gold,TV,Bangkok,1083,Lazada,Credit_Card,3,12,5,1,40-50,36.1,9.0,2.0,0.2222222222222222,118,13,3551.876666666666,0.33,0.8888888888888888,0.6666666666666666,0.1111111111111111,0.0,0,0,0.0,7842.59,2,0,0.0,11583.009999999998,3,0,0.0,31966.889999999996,9,2,0.2222222222222222,0
LGS2ORD0045474,C016743,2025-12-27 03:00:00,Male,34,Silver,Web,Chiang Mai,628,TV_Show,Bank_Transfer,3,12,5,1,30-40,20.933333333333334,10.0,5.0,0.5,25,12,4640.972,0.3,0.5,0.4,0.0,0.0,0,0,0.0,9940.29,2,1,0.5,16157.140000000001,3,2,0.6666666666666666,46409.72,10,5,0.5,0
LGS2ORD0045475,C011287,2025-12-27 03:00:00,Male,41,Silver,Web,Bangkok,401,Web,COD,3,12,5,1,40-50,13.366666666666667,4.0,2.0,0.5,159,172,4255.0125,0.3,0.25,0.5,0.0,0.0,0,0,0.0,0.0,0,0,0.0,0.0,0,0,0.0,17020.05,4,2,0.5,0
LGS2ORD0045476,C010382,2025-12-27 03:00:00,Other,37,Bronze,Shopee,Bangkok,987,Shopee,Credit_Card,3,12,5,1,30-40,32.9,5.0,0.0,0.0,-1,92,5451.072,0.28,0.2,0.2,0.0,0.0,0,0,0.0,0.0,0,0,0.0,0.0,0,0,0.0,27255.36,5,0,0.0,0
LGS2ORD0045477,C015158,2025-12-27 03:00:00,Female,46,Gold,Lazada,Bangkok,686,Lazada,COD,3,12,5,1,40-50,22.866666666666667,1.0,0.0,0.0,-1,315,6320.95,0.2299999999999999,0.0,1.0,0.0,0.0,0,0,0.0,0.0,0,0,0.0,0.0,0,0,0.0,6320.95,1,0,0.0,1
LGS2ORD0045478,C017135,2025-12-27 04:00:00,Female,30,Bronze,TV,Bangkok,1766,Web,COD,4,12,5,1,20-30,58.86666666666667,6.0,0.0,0.0,-1,110,6720.543333333332,0.28,0.6666666666666666,0.3333333333333333,0.0,0.0,0,0,0.0,0.0,0,0,0.0,0.0,0,0,0.0,40323.259999999995,6,0,0.0,0
LGS2ORD0045479,C014454,2025-12-27 04:00:00,Male,46,Bronze,Lazada,Songkhla,1737,Web,COD,4,12,5,1,40-50,57.9,4.0,1.0,0.25,124,49,5849.34,0.28,1.0,0.25,0.0,0.0,0,0,0.0,0.0,0,0,0.0,3131.41,1,0,0.0,23397.36,4,1,0.25,0
LGS2ORD0045480,C013494,2025-12-27 04:00:00,Male,45,Bronze,Web,Bangkok,1103,CallCenter,COD,4,12,5,1,40-50,36.766666666666666,6.0,3.0,0.5,144,61,3811.861666666667,0.23,0.3333333333333333,0.5,0.0,0.0,0,0,0.0,0.0,0,0,0.0,4828.95,1,0,0.0,22871.170000000002,6,3,0.5,1
LGS2ORD0045481,C012660,2025-12-27 04:00:00,Female,58,Bronze,TV,Songkhla,977,Web,COD,4,12,5,1,>50,32.56666666666667,5.0,2.0,0.4,234,40,5184.824,0.18,0.6,0.0,0.0,0.0,0,0,0.0,0.0,0,0,0.0,3237.02,1,0,0.0,25924.12,5,2,0.4,0
LGS2ORD0045482,C017491,2025-12-27 04:00:00,Female,60,Gold,Shopee,Khon Kaen,1814,Shopee,COD,4,12,5,1,>50,60.46666666666667,2.0,0.0,0.0,-1,54,3597.745,0.13,1.0,0.0,0.0,0.0,0,0,0.0,0.0,0,0,0.0,5954.32,1,0,0.0,7195.49,2,0,0.0,0
LGS2ORD0045483,C014041,2025-12-27 04:00:00,Male,47,Silver,CallCenter,Phuket,1765,TV_Show,COD,4,12,5,1,40-50,58.833333333333336,4.0,0.0,0.0,-1,33,7891.254999999999,0.25,0.75,0.25,0.0,0.0,0,0,0.0,0.0,0,0,0.0,4896.42,1,0,0.0,31565.019999999997,4,0,0.0,0
LGS2ORD0045484,C011912,2025-12-27 05:00:00,Female,46,Gold,Shopee,Chiang Mai,1111,Web,COD,5,12,5,1,40-50,37.03333333333333,10.0,0.0,0.0,-1,26,2760.9,0.33,0.5,0.4,0.0,0.0,0,0,0.0,1620.04,1,0,0.0,3193.8999999999996,2,0,0.0,27609.0,10,0,0.0,1
LGS2ORD0045485,C011203,2025-12-27 05:00:00,Female,46,Bronze,TV,Songkhla,1530,Web,Bank_Transfer,5,12,5,1,40-50,51.0,6.0,3.0,0.5,199,48,8571.678333333333,0.23,0.6666666666666666,0.16666666666666666,0.0,0.0,0,0,0.0,0.0,0,0,0.0,38487.78,2,0,0.0,51430.07,6,3,0.5,0
LGS2ORD0045486,C010288,2025-12-27 05:00:00,Female,35,Bronze,Shopee,Chiang Mai,1807,Lazada,PromptPay,5,12,5,1,30-40,60.233333333333334,7.0,3.0,0.42857142857142855,72,28,5059.461428571429,0.28,0.2857142857142857,0.42857142857142855,0.0,0.0,0,0,0.0,8892.56,1,0,0.0,18972.79,3,1,0.3333333333333333,35416.23,7,3,0.42857142857142855,0
LGS2ORD0045487,C011004,2025-12-27 05:00:00,Female,50,Bronze,TV,Chonburi,1278,Web,COD,5,12,5,1,40-50,42.6,7.0,1.0,0.14285714285714285,106,21,4353.502857142857,0.18,0.7142857142857143,0.0,0.0,0.0,0,0,0.0,5811.34,2,0,0.0,6744.32,3,0,0.0,30474.519999999997,7,1,0.14285714285714285,0
LGS2ORD0045488,C017437,2025-12-27 05:00:00,Female,36,Platinum,CallCenter,Chiang Mai,1028,Lazada,COD,5,12,5,1,30-40,34.266666666666666,5.0,1.0,0.2,29,35,3765.3259999999996,0.35,0.6,0.8,0.0,0.0,0,0,0.0,0.0,0,0,0.0,6720.33,2,1,0.5,18826.629999999997,5,1,0.2,0
LGS2ORD0045489,C015389,2025-12-27 06:00:00,Male,25,Bronze,Web,Khon Kaen,1177,Lazada,Credit_Card,6,12,5,1,20-30,39.233333333333334,3.0,1.0,0.3333333333333333,59,73,18058.37,0.28,0.6666666666666666,0.3333333333333333,0.0,0.0,0,0,0.0,0.0,0,0,0.0,1102.07,1,1,1.0,54175.10999999999,3,1,0.3333333333333333,1
LGS2ORD0045490,C011614,2025-12-27 06:00:00,Female,50,Bronze,Shopee,Bangkok,636,Lazada,Bank_Transfer,6,12,5,1,40-50,21.2,3.0,1.0,0.3333333333333333,234,70,13870.796666666667,0.23,0.0,1.0,0.3333333333333333,0.0,0,0,0.0,0.0,0,0,0.0,5353.98,1,0,0.0,41612.39,3,1,0.3333333333333333,0
LGS2ORD0045491,C016900,2025-12-27 06:00:00,Female,45,Bronze,Lazada,Remote_Area,1467,Shopee,COD,6,12,5,1,40-50,48.9,9.0,3.0,0.3333333333333333,2,10,3653.983333333333,0.28,0.5555555555555556,0.3333333333333333,0.0,0.0,0,0,0.0,6097.6900000000005,2,1,0.5,11437.13,3,1,0.3333333333333333,32885.85,9,3,0.3333333333333333,0
LGS2ORD0045492,C017294,2025-12-27 06:00:00,Male,51,Bronze,Shopee,Songkhla,1813,Web,Bank_Transfer,6,12,5,1,>50,60.43333333333333,6.0,3.0,0.5,91,9,4810.388333333333,0.28,0.16666666666666666,0.16666666666666666,0.0,0.0,0,0,0.0,1773.64,1,0,0.0,1773.64,1,0,0.0,28862.33,6,3,0.5,0
LGS2ORD0045493,C017381,2025-12-27 06:00:00,Male,35,Bronze,CallCenter,Khon Kaen,391,TV_Show,COD,6,12,5,1,30-40,13.033333333333333,11.0,3.0,0.2727272727272727,46,49,6319.419090909091,0.23,0.5454545454545454,0.09090909090909091,0.0,0.0,0,0,0.0,0.0,0,0,0.0,30800.019999999997,4,1,0.25,69513.61,11,3,0.2727272727272727,0
LGS2ORD0045494,C016103,2025-12-27 07:00:00,Male,55,Gold,CallCenter,Remote_Area,1411,TV_Show,Credit_Card,7,12,5,1,>50,47.03333333333333,6.0,1.0,0.16666666666666666,273,59,6446.240000000001,0.33,0.3333333333333333,0.3333333333333333,0.0,0.0,0,0,0.0,0.0,0,0,0.0,11167.79,1,0,0.0,38677.44,6,1,0.16666666666666666,0
LGS2ORD0045495,C012935,2025-12-27 07:00:00,Female,33,Bronze,TV,Bangkok,1438,Web,COD,7,12,5,1,30-40,47.93333333333333,8.0,3.0,0.375,78,21,7763.18,0.18,0.625,0.0,0.0,0.0,0,0,0.0,22868.97,1,0,0.0,26189.13,2,1,0.5,62105.44,8,3,0.375,0
LGS2ORD0045496,C011507,2025-12-27 07:00:00,Male,35,Gold,Lazada,Bangkok,663,Web,COD,7,12,5,1,30-40,22.1,8.0,0.0,0.0,-1,33,6045.42625,0.2299999999999999,0.75,0.125,0.0,0.0,0,0,0.0,0.0,0,0,0.0,24452.27,1,0,0.0,48363.41,8,0,0.0,0
LGS2ORD0045497,C014705,2025-12-27 07:00:00,Male,32,Platinum,Lazada,Bangkok,1807,Shopee,Bank_Transfer,7,12,5,1,30-40,60.233333333333334,5.0,0.0,0.0,-1,56,9767.673999999999,0.3,0.4,0.6,0.0,0.0,0,0,0.0,0.0,0,0,0.0,28780.72,2,0,0.0,48838.369999999995,5,0,0.0,0
LGS2ORD0045498,C017623,2025-12-27 07:00:00,Female,41,Silver,Web,Chiang Mai,1548,Web,COD,7,12,5,1,40-50,51.6,5.0,0.0,0.0,-1,95,3590.564,0.3,0.4,0.4,0.0,0.0,0,0,0.0,0.0,0,0,0.0,0.0,0,0,0.0,17952.82,5,0,0.0,0
LGS2ORD0045499,C012890,2025-12-27 08:00:00,Male,41,Silver,Shopee,Khon Kaen,536,Shopee,COD,8,12,5,1,40-50,17.866666666666667,7.0,1.0,0.14285714285714285,96,102,5731.648571428573,0.3,0.2857142857142857,0.14285714285714285,0.0,0.0,0,0,0.0,0.0,0,0,0.0,0.0,0,0,0.0,40121.54000000001,7,1,0.14285714285714285,0
LGS2ORD0045500,C017367,2025-12-27 08:00:00,Female,41,Silver,Web,Khon Kaen,1762,Lazada,Credit_Card,8,12,5,1,40-50,58.733333333333334,3.0,1.0,0.3333333333333333,254,74,3755.3000000000006,0.25,0.3333333333333333,0.6666666666666666,0.0,0.0,0,0,0.0,0.0,0,0,0.0,3628.53,1,0,0.0,11265.900000000001,3,1,0.3333333333333333,0
LGS2ORD0045501,C015015,2025-12-27 08:00:00,Female,44,Bronze,Web,Bangkok,394,TV_Show,COD,8,12,5,1,40-50,13.133333333333333,8.0,0.0,0.0,-1,30,4158.498750000001,0.28,0.5,0.375,0.0,0.0,0,0,0.0,0.0,0,0,0.0,2361.64,1,0,0.0,33267.990000000005,8,0,0.0,0
LGS2ORD0045502,C014455,2025-12-27 08:00:00,Male,31,Gold,Web,Chiang Mai,1565,Lazada,COD,8,12,5,1,30-40,52.166666666666664,8.0,3.0,0.375,173,26,2819.9425,0.28,0.875,0.5,0.0,0.0,0,0,0.0,831.69,1,0,0.0,831.69,1,0,0.0,22559.54,8,3,0.375,0
LGS2ORD0045503,C015700,2025-12-27 08:00:00,Female,43,Gold,Web,Khon Kaen,1754,TV_Show,Credit_Card,8,12,5,1,40-50,58.46666666666667,5.0,0.0,0.0,-1,126,3150.206,0.28,0.2,0.6,0.0,0.0,0,0,0.0,0.0,0,0,0.0,0.0,0,0,0.0,15751.03,5,0,0.0,0
LGS2ORD0045504,C012368,2025-12-27 08:00:00,Male,45,Platinum,TV,Bangkok,1453,Web,PromptPay,8,12,5,1,40-50,48.43333333333333,5.0,2.0,0.4,30,44,3915.006,0.25,0.6,0.4,0.0,0.0,0,0,0.0,0.0,0,0,0.0,8722.4,3,2,0.6666666666666666,19575.03,5,2,0.4,0
LGS2ORD0045505,C013265,2025-12-27 09:00:00,Male,52,Bronze,TV,Songkhla,1145,Shopee,Credit_Card,9,12,5,1,>50,38.166666666666664,11.0,3.0,0.2727272727272727,-6,6,8703.73090909091,0.23,0.5454545454545454,0.2727272727272727,0.0,15237.54,1,1,1.0,16578.49,2,2,1.0,51415.5,5,3,0.6,95741.04000000001,11,3,0.2727272727272727,0
LGS2ORD0045506,C010352,2025-12-27 09:00:00,Female,48,Gold,Web,Bangkok,1437,CallCenter,Credit_Card,9,12,5,1,40-50,47.9,8.0,1.0,0.125,171,4,5990.73625,0.33,0.625,0.25,0.0,10134.31,1,0,0.0,24345.57,3,0,0.0,30641.75,4,0,0.0,47925.89,8,1,0.125,0
LGS2ORD0045507,C012654,2025-12-27 09:00:00,Female,63,Bronze,Lazada,Remote_Area,1462,TV_Show,Credit_Card,9,12,5,1,>50,48.733333333333334,5.0,1.0,0.2,320,71,3070.39,0.23,0.2,0.2,0.0,0.0,0,0,0.0,0.0,0,0,0.0,1681.22,1,0,0.0,15351.949999999999,5,1,0.2,0
LGS2ORD0045508,C012508,2025-12-27 09:00:00,Male,53,Bronze,Lazada,Songkhla,971,Lazada,COD,9,12,5,1,>50,32.36666666666667,7.0,2.0,0.2857142857142857,276,124,2881.3971428571426,0.28,0.42857142857142855,0.42857142857142855,0.0,0.0,0,0,0.0,0.0,0,0,0.0,0.0,0,0,0.0,20169.78,7,2,0.2857142857142857,1
LGS2ORD0045509,C014269,2025-12-27 09:00:00,Male,44,Bronze,Lazada,Bangkok,1597,TV_Show,COD,9,12,5,1,40-50,53.233333333333334,4.0,2.0,0.5,-12,0,4037.0724999999998,0.28,1.0,0.25,0.0,3662.47,1,1,1.0,6503.44,2,2,1.0,10020.67,3,2,0.6666666666666666,16148.289999999999,4,2,0.5,0
LGS2ORD0045510,C014818,2025-12-27 10:00:00,Female,35,Bronze,TV,Bangkok,1406,TV_Show,COD,10,12,5,1,30-40,46.86666666666667,5.0,1.0,0.2,303,187,6524.11,0.28,0.4,0.2,0.0,0.0,0,0,0.0,0.0,0,0,0.0,0.0,0,0,0.0,32620.55,5,1,0.2,0
LGS2ORD0045511,C016889,2025-12-27 10:00:00,Male,47,Bronze,Shopee,Chonburi,933,Web,COD,10,12,5,1,40-50,31.1,9.0,0.0,0.0,-1,24,5552.228888888889,0.18,0.3333333333333333,0.0,0.0,0.0,0,0,0.0,33218.93,1,0,0.0,33218.93,1,0,0.0,49970.06,9,0,0.0,1
LGS2ORD0045512,C015580,2025-12-27 10:00:00,Female,60,Bronze,Lazada,Phuket,1680,TV_Show,PromptPay,10,12,5,1,>50,56.0,7.0,2.0,0.2857142857142857,163,73,8594.174285714287,0.28,0.8571428571428571,0.2857142857142857,0.0,0.0,0,0,0.0,0.0,0,0,0.0,9868.119999999999,2,0,0.0,60159.22000000001,7,2,0.2857142857142857,0
LGS2ORD0045513,C015357,2025-12-27 10:00:00,Male,48,Gold,TV,Nakhon Ratchasima,880,Web,COD,10,12,5,1,40-50,29.333333333333332,4.0,2.0,0.5,204,88,7070.2325,0.28,0.5,0.25,0.0,0.0,0,0,0.0,0.0,0,0,0.0,7957.85,1,0,0.0,28280.93,4,2,0.5,0
LGS2ORD0045514,C015777,2025-12-27 10:00:00,Male,48,Bronze,TV,Khon Kaen,1169,TV_Show,COD,10,12,5,1,40-50,38.96666666666667,7.0,2.0,0.2857142857142857,79,20,4042.9914285714285,0.28,0.8571428571428571,0.42857142857142855,0.0,0.0,0,0,0.0,2078.53,1,0,0.0,10060.76,4,1,0.25,28300.94,7,2,0.2857142857142857,0
LGS2ORD0045515,C013332,2025-12-27 11:00:00,Male,28,Silver,Shopee,Phuket,521,Shopee,COD,11,12,5,1,20-30,17.366666666666667,3.0,2.0,0.6666666666666666,292,121,6012.400000000001,0.05,0.3333333333333333,0.0,0.0,0.0,0,0,0.0,0.0,0,0,0.0,0.0,0,0,0.0,18037.2,3,2,0.6666666666666666,0
LGS2ORD0045516,C017662,2025-12-27 11:00:00,Female,57,Platinum,Web,Chiang Mai,1573,Web,Bank_Transfer,11,12,5,1,>50,52.43333333333333,4.0,1.0,0.25,160,27,4962.59,0.15,0.75,0.0,0.0,0.0,0,0,0.0,1253.45,1,0,0.0,1253.45,1,0,0.0,19850.36,4,1,0.25,0
LGS2ORD0045517,C011221,2025-12-27 11:00:00,Male,44,Gold,Shopee,Phuket,737,Lazada,COD,11,12,5,1,40-50,24.566666666666666,2.0,1.0,0.5,322,87,4073.9700000000003,0.08,0.0,0.0,0.0,0.0,0,0,0.0,0.0,0,0,0.0,3541.67,1,0,0.0,8147.9400000000005,2,1,0.5,0
LGS2ORD0045518,C016644,2025-12-27 11:00:00,Female,32,Platinum,TV,Bangkok,1752,CallCenter,Credit_Card,11,12,5,1,30-40,58.4,9.0,0.0,0.0,-1,35,9510.474444444444,0.25,0.4444444444444444,0.2222222222222222,0.0,0.0,0,0,0.0,0.0,0,0,0.0,16109.560000000001,2,0,0.0,85594.27,9,0,0.0,0
LGS2ORD0045519,C013212,2025-12-27 11:00:00,Female,31,Silver,Shopee,Songkhla,1172,Lazada,COD,11,12,5,1,30-40,39.06666666666667,4.0,2.0,0.5,28,42,1492.8625000000002,0.3,1.0,0.25,0.0,0.0,0,0,0.0,0.0,0,0,0.0,511.84,1,1,1.0,5971.450000000001,4,2,0.5,1
LGS2ORD0045520,C017880,2025-12-27 12:00:00,Female,32,Platinum,TV,Chonburi,723,CallCenter,COD,12,12,5,1,30-40,24.1,6.0,2.0,0.3333333333333333,245,22,5899.671666666666,0.3,0.3333333333333333,0.16666666666666666,0.0,0.0,0,0,0.0,15916.16,1,0,0.0,25316.14,2,0,0.0,35398.03,6,2,0.3333333333333333,1
LGS2ORD0045521,C012498,2025-12-27 12:00:00,Male,46,Silver,TV,Nakhon Ratchasima,1090,TV_Show,COD,12,12,5,1,40-50,36.333333333333336,4.0,1.0,0.25,12,1,11944.994999999999,0.2,0.5,0.0,0.0,15717.8,1,0,0.0,32841.229999999996,3,1,0.3333333333333333,32841.229999999996,3,1,0.3333333333333333,47779.979999999996,4,1,0.25,1
LGS2ORD0045522,C012620,2025-12-27 12:00:00,Male,27,Silver,TV,Bangkok,1778,Shopee,COD,12,12,5,1,20-30,59.266666666666666,5.0,1.0,0.2,74,55,6203.732,0.3,0.4,0.4,0.0,0.0,0,0,0.0,0.0,0,0,0.0,2226.22,1,0,0.0,31018.66,5,1,0.2,0
LGS2ORD0045523,C010982,2025-12-27 12:00:00,Other,46,Bronze,TV,Khon Kaen,1250,Shopee,Bank_Transfer,12,12,5,1,40-50,41.666666666666664,7.0,2.0,0.2857142857142857,-5,0,4088.0671428571427,0.18,0.2857142857142857,0.0,0.0,2183.04,1,1,1.0,2183.04,1,1,1.0,18176.3,3,2,0.6666666666666666,28616.469999999998,7,2,0.2857142857142857,1
LGS2ORD0045524,C016798,2025-12-27 12:00:00,Male,37,Gold,Web,Phuket,911,Lazada,Credit_Card,12,12,5,1,30-40,30.366666666666667,7.0,1.0,0.14285714285714285,222,53,5563.342857142857,0.33,0.42857142857142855,0.7142857142857143,0.0,0.0,0,0,0.0,0.0,0,0,0.0,13617.64,1,0,0.0,38943.399999999994,7,1,0.14285714285714285,0
LGS2ORD0045525,C014005,2025-12-27 12:00:00,Male,27,Gold,TV,Bangkok,1281,Shopee,Bank_Transfer,12,12,5,1,20-30,42.7,4.0,1.0,0.25,260,18,6084.0975,0.2299999999999999,0.25,0.5,0.0,0.0,0,0,0.0,8223.43,1,0,0.0,22622.66,3,0,0.0,24336.39,4,1,0.25,0
LGS2ORD0045526,C013035,2025-12-27 13:00:00,Female,46,Gold,CallCenter,Chiang Mai,420,Web,COD,13,12,5,1,40-50,14.0,5.0,0.0,0.0,-1,31,2078.466,0.33,0.2,0.6,0.0,0.0,0,0,0.0,0.0,0,0,0.0,6811.68,2,0,0.0,10392.33,5,0,0.0,1
LGS2ORD0045527,C016395,2025-12-27 13:00:00,Male,45,Bronze,Shopee,Nakhon Ratchasima,1256,Web,PromptPay,13,12,5,1,40-50,41.86666666666667,13.0,3.0,0.23076923076923078,236,14,4303.7684615384605,0.28,0.38461538461538464,0.38461538461538464,0.0,0.0,0,0,0.0,1559.08,1,0,0.0,3776.24,2,0,0.0,55948.98999999999,13,3,0.23076923076923078,0
LGS2ORD0045528,C012740,2025-12-27 13:00:00,Female,44,Bronze,TV,Bangkok,512,TV_Show,COD,13,12,5,1,40-50,17.066666666666666,3.0,2.0,0.6666666666666666,33,38,4281.110000000001,0.23,0.6666666666666666,0.3333333333333333,0.0,0.0,0,0,0.0,0.0,0,0,0.0,11396.05,2,1,0.5,12843.330000000002,3,2,0.6666666666666666,0
LGS2ORD0045529,C015564,2025-12-27 13:00:00,Female,44,Bronze,TV,Bangkok,1277,CallCenter,COD,13,12,5,1,40-50,42.56666666666667,4.0,1.0,0.25,234,14,6790.79,0.18,0.75,0.0,0.0,0.0,0,0,0.0,339.21,1,0,0.0,21688.21,2,0,0.0,27163.16,4,1,0.25,0
LGS2ORD0045530,C017277,2025-12-27 13:00:00,Female,59,Bronze,Web,Khon Kaen,572,Web,COD,13,12,5,1,>50,19.066666666666666,7.0,0.0,0.0,-1,99,5968.610000000001,0.28,0.42857142857142855,0.2857142857142857,0.0,0.0,0,0,0.0,0.0,0,0,0.0,0.0,0,0,0.0,41780.270000000004,7,0,0.0,1
LGS2ORD0045531,C014499,2025-12-27 14:00:00,Male,25,Silver,Shopee,Khon Kaen,713,TV_Show,Credit_Card,14,12,5,1,20-30,23.766666666666666,7.0,0.0,0.0,-1,18,3266.2085714285713,0.25,0.42857142857142855,0.14285714285714285,0.0,0.0,0,0,0.0,7361.73,1,0,0.0,8983.58,2,0,0.0,22863.46,7,0,0.0,0
LGS2ORD0045532,C015869,2025-12-27 14:00:00,Female,56,Bronze,Lazada,Phuket,1546,Lazada,Bank_Transfer,14,12,5,1,>50,51.53333333333333,7.0,4.0,0.5714285714285714,86,9,5565.594285714285,0.28,0.2857142857142857,0.14285714285714285,0.0,0.0,0,0,0.0,2438.44,1,0,0.0,4262.05,2,0,0.0,38959.159999999996,7,4,0.5714285714285714,0
LGS2ORD0045533,C010581,2025-12-27 14:00:00,Male,41,Platinum,Lazada,Chiang Mai,936,Lazada,PromptPay,14,12,5,1,40-50,31.2,7.0,0.0,0.0,-1,48,6284.318571428572,0.35,0.2857142857142857,0.14285714285714285,0.14285714285714285,0.0,0,0,0.0,0.0,0,0,0.0,8471.71,1,0,0.0,43990.23,7,0,0.0,1
LGS2ORD0045534,C013332,2025-12-27 14:00:00,Male,28,Silver,Shopee,Phuket,521,Lazada,COD,14,12,5,1,20-30,17.366666666666667,4.0,2.0,0.5,292,0,5789.9325,0.05,0.5,0.0,0.0,5122.53,1,0,0.0,5122.53,1,0,0.0,5122.53,1,0,0.0,23159.73,4,2,0.5,0
LGS2ORD0045535,C010312,2025-12-27 14:00:00,Male,39,Platinum,Web,Chiang Mai,1311,Web,PromptPay,14,12,5,1,30-40,43.7,5.0,0.0,0.0,-1,9,3327.4139999999998,0.3,0.6,0.6,0.0,0.0,0,0,0.0,580.07,1,0,0.0,580.07,1,0,0.0,16637.07,5,0,0.0,0
LGS2ORD0045536,C016817,2025-12-27 15:00:00,Female,45,Bronze,Shopee,Bangkok,1154,Shopee,Credit_Card,15,12,5,1,40-50,38.46666666666667,3.0,0.0,0.0,-1,169,6258.12,0.23,0.3333333333333333,0.3333333333333333,0.0,0.0,0,0,0.0,0.0,0,0,0.0,0.0,0,0,0.0,18774.36,3,0,0.0,0
LGS2ORD0045537,C013924,2025-12-27 15:00:00,Male,46,Bronze,CallCenter,Bangkok,1237,Lazada,Bank_Transfer,15,12,5,1,40-50,41.233333333333334,7.0,3.0,0.42857142857142855,74,89,2159.7757142857145,0.28,0.5714285714285714,0.42857142857142855,0.0,0.0,0,0,0.0,0.0,0,0,0.0,4701.49,1,1,1.0,15118.43,7,3,0.42857142857142855,0
LGS2ORD0045538,C015921,2025-12-27 15:00:00,Male,47,Bronze,TV,Khon Kaen,1793,CallCenter,Credit_Card,15,12,5,1,40-50,59.766666666666666,9.0,2.0,0.2222222222222222,26,37,5237.16,0.28,0.5555555555555556,0.4444444444444444,0.0,0.0,0,0,0.0,0.0,0,0,0.0,4011.15,1,1,1.0,47134.439999999995,9,2,0.2222222222222222,0
LGS2ORD0045539,C011246,2025-12-27 15:00:00,Male,60,Silver,TV,Bangkok,1507,Shopee,Credit_Card,15,12,5,1,>50,50.233333333333334,5.0,2.0,0.4,23,38,4449.545999999999,0.25,0.4,0.4,0.0,0.0,0,0,0.0,0.0,0,0,0.0,7522.85,2,1,0.5,22247.729999999996,5,2,0.4,0
LGS2ORD0045540,C014670,2025-12-27 15:00:00,Male,29,Silver,CallCenter,Chiang Mai,1016,Shopee,Bank_Transfer,15,12,5,1,20-30,33.86666666666667,4.0,1.0,0.25,207,112,2313.9700000000003,0.2,0.25,0.0,0.0,0.0,0,0,0.0,0.0,0,0,0.0,0.0,0,0,0.0,9255.880000000001,4,1,0.25,0
LGS2ORD0045541,C017447,2025-12-27 16:00:00,Female,36,Gold,Lazada,Chonburi,1455,TV_Show,COD,16,12,5,1,30-40,48.5,6.0,2.0,0.3333333333333333,80,0,7801.5,0.2299999999999999,0.5,0.3333333333333333,0.0,5264.23,1,0,0.0,5264.23,1,0,0.0,5264.23,1,0,0.0,46809.0,6,2,0.3333333333333333,1
LGS2ORD0045542,C013600,2025-12-27 16:00:00,Female,57,Bronze,Shopee,Chiang Mai,1690,Lazada,COD,16,12,5,1,>50,56.333333333333336,2.0,0.0,0.0,-1,125,2465.715,0.28,0.0,1.0,0.0,0.0,0,0,0.0,0.0,0,0,0.0,0.0,0,0,0.0,4931.43,2,0,0.0,0
LGS2ORD0045543,C012625,2025-12-27 16:00:00,Female,42,Silver,Shopee,Songkhla,460,Shopee,PromptPay,16,12,5,1,40-50,15.333333333333334,8.0,2.0,0.25,116,103,6833.355,0.25,0.375,0.125,0.0,0.0,0,0,0.0,0.0,0,0,0.0,0.0,0,0,0.0,54666.84,8,2,0.25,0
LGS2ORD0045544,C010672,2025-12-27 16:00:00,Female,40,Gold,Web,Bangkok,657,Lazada,COD,16,12,5,1,30-40,21.9,3.0,1.0,0.3333333333333333,241,108,4339.266666666667,0.28,1.0,1.0,0.0,0.0,0,0,0.0,0.0,0,0,0.0,0.0,0,0,0.0,13017.800000000001,3,1,0.3333333333333333,1
LGS2ORD0045545,C015558,2025-12-27 16:00:00,Female,43,Gold,TV,Bangkok,428,Lazada,COD,16,12,5,1,40-50,14.266666666666667,11.0,2.0,0.18181818181818182,96,12,4564.586363636364,0.33,0.6363636363636364,0.36363636363636365,0.0,0.0,0,0,0.0,2617.88,1,0,0.0,7556.58,2,0,0.0,50210.45,11,2,0.18181818181818182,0
LGS2ORD0045546,C010640,2025-12-27 16:00:00,Male,44,Gold,Web,Khon Kaen,1380,Web,COD,16,12,5,1,40-50,46.0,4.0,2.0,0.5,75,53,3698.4974999999995,0.2299999999999999,0.0,0.5,0.0,0.0,0,0,0.0,0.0,0,0,0.0,8676.189999999999,2,1,0.5,14793.989999999998,4,2,0.5,0
LGS2ORD0045547,C015473,2025-12-27 17:00:00,Male,31,Bronze,Web,Chonburi,1028,Lazada,COD,17,12,5,1,30-40,34.266666666666666,7.0,2.0,0.2857142857142857,277,22,6723.122857142857,0.28,0.7142857142857143,0.2857142857142857,0.0,0.0,0,0,0.0,8081.43,2,0,0.0,8081.43,2,0,0.0,47061.86,7,2,0.2857142857142857,1
LGS2ORD0045548,C014279,2025-12-27 17:00:00,Female,52,Bronze,TV,Phuket,391,Shopee,COD,17,12,5,1,>50,13.033333333333333,8.0,5.0,0.625,0,15,3235.17875,0.23,0.75,0.125,0.0,0.0,0,0,0.0,13298.27,4,3,0.75,13298.27,4,3,0.75,25881.43,8,5,0.625,1
LGS2ORD0045549,C014712,2025-12-27 17:00:00,Male,21,Gold,CallCenter,Remote_Area,607,CallCenter,COD,17,12,5,1,20-30,20.233333333333334,3.0,1.0,0.3333333333333333,307,223,3499.396666666667,0.28,0.6666666666666666,0.3333333333333333,0.0,0.0,0,0,0.0,0.0,0,0,0.0,0.0,0,0,0.0,10498.19,3,1,0.3333333333333333,0
LGS2ORD0045550,C011673,2025-12-27 17:00:00,Female,32,Gold,Web,Bangkok,1371,Lazada,COD,17,12,5,1,30-40,45.7,5.0,1.0,0.2,177,7,4595.896000000001,0.28,0.8,0.2,0.0,0.0,0,0,0.0,1050.17,1,0,0.0,1050.17,1,0,0.0,22979.480000000003,5,1,0.2,0
LGS2ORD0045551,C011819,2025-12-27 17:00:00,Female,48,Bronze,Web,Chonburi,1601,TV_Show,Bank_Transfer,17,12,5,1,40-50,53.36666666666667,3.0,0.0,0.0,-1,35,4775.213333333334,0.18,0.0,0.0,0.0,0.0,0,0,0.0,0.0,0,0,0.0,7027.05,2,0,0.0,14325.640000000001,3,0,0.0,0
LGS2ORD0045552,C012766,2025-12-27 18:00:00,Male,33,Platinum,Shopee,Chiang Mai,375,Shopee,COD,18,12,5,1,30-40,12.5,10.0,1.0,0.1,209,37,4507.360000000001,0.25,0.7,0.2,0.0,0.0,0,0,0.0,0.0,0,0,0.0,7168.530000000001,4,0,0.0,45073.600000000006,10,1,0.1,1
LGS2ORD0045553,C017176,2025-12-27 18:00:00,Female,43,Bronze,Shopee,Remote_Area,736,Lazada,COD,18,12,5,1,40-50,24.533333333333335,5.0,1.0,0.2,163,163,5210.644,0.18,0.4,0.0,0.0,0.0,0,0,0.0,0.0,0,0,0.0,0.0,0,0,0.0,26053.22,5,1,0.2,0
LGS2ORD0045554,C010095,2025-12-27 18:00:00,Male,29,Gold,TV,Khon Kaen,1317,Web,COD,18,12,5,1,20-30,43.9,6.0,1.0,0.16666666666666666,141,88,3845.265000000001,0.33,0.6666666666666666,0.3333333333333333,0.0,0.0,0,0,0.0,0.0,0,0,0.0,561.5,1,0,0.0,23071.590000000004,6,1,0.16666666666666666,0
LGS2ORD0045555,C017353,2025-12-27 18:00:00,Male,54,Silver,Web,Bangkok,760,TV_Show,Credit_Card,18,12,5,1,>50,25.333333333333332,4.0,1.0,0.25,342,30,4587.42,0.2,0.75,0.0,0.0,0.0,0,0,0.0,0.0,0,0,0.0,1693.91,1,0,0.0,18349.68,4,1,0.25,0
LGS2ORD0045556,C016131,2025-12-27 18:00:00,Male,37,Bronze,Web,Bangkok,1021,TV_Show,COD,18,12,5,1,30-40,34.03333333333333,6.0,1.0,0.16666666666666666,227,14,11492.966666666667,0.23,0.8333333333333334,0.16666666666666666,0.0,0.0,0,0,0.0,5642.57,1,0,0.0,25355.04,2,0,0.0,68957.8,6,1,0.16666666666666666,0
LGS2ORD0045557,C012873,2025-12-27 19:00:00,Female,33,Bronze,Shopee,Songkhla,653,Shopee,PromptPay,19,12,5,1,30-40,21.766666666666666,9.0,3.0,0.3333333333333333,0,15,4607.815555555555,0.28,0.4444444444444444,0.4444444444444444,0.0,0.0,0,0,0.0,10978.18,1,1,1.0,22970.489999999998,4,3,0.75,41470.34,9,3,0.3333333333333333,1
LGS2ORD0045558,C016750,2025-12-27 19:00:00,Male,41,Bronze,TV,Bangkok,1254,Shopee,COD,19,12,5,1,40-50,41.8,8.0,3.0,0.375,122,114,7383.495000000001,0.28,0.25,0.25,0.0,0.0,0,0,0.0,0.0,0,0,0.0,0.0,0,0,0.0,59067.96000000001,8,3,0.375,1
LGS2ORD0045559,C012645,2025-12-27 19:00:00,Female,45,Silver,Web,Nakhon Ratchasima,799,CallCenter,COD,19,12,5,1,40-50,26.633333333333333,10.0,4.0,0.4,109,121,6122.013,0.25,0.5,0.1,0.0,0.0,0,0,0.0,0.0,0,0,0.0,0.0,0,0,0.0,61220.13,10,4,0.4,0
LGS2ORD0045560,C011972,2025-12-27 19:00:00,Male,47,Silver,TV,Bangkok,648,Lazada,Credit_Card,19,12,5,1,40-50,21.6,6.0,0.0,0.0,-1,119,7844.616666666666,0.3,0.8333333333333334,0.16666666666666666,0.0,0.0,0,0,0.0,0.0,0,0,0.0,0.0,0,0,0.0,47067.7,6,0,0.0,0
LGS2ORD0045561,C014923,2025-12-27 19:00:00,Female,22,Silver,Lazada,Songkhla,580,Lazada,Credit_Card,19,12,5,1,20-30,19.333333333333332,6.0,3.0,0.5,115,125,7829.848333333332,0.3,0.5,0.3333333333333333,0.0,0.0,0,0,0.0,0.0,0,0,0.0,0.0,0,0,0.0,46979.09,6,3,0.5,0
LGS2ORD0045562,C017997,2025-12-27 19:00:00,Male,42,Platinum,Lazada,Chonburi,1747,Lazada,Credit_Card,19,12,5,1,40-50,58.233333333333334,4.0,0.0,0.0,-1,102,4255.5675,0.3,0.5,0.25,0.0,0.0,0,0,0.0,0.0,0,0,0.0,0.0,0,0,0.0,17022.27,4,0,0.0,0
LGS2ORD0045563,C010004,2025-12-27 20:00:00,Male,42,Platinum,Shopee,Chonburi,690,Shopee,PromptPay,20,12,5,1,40-50,23.0,8.0,2.0,0.25,27,35,2924.63875,0.35,0.875,0.625,0.0,0.0,0,0,0.0,0.0,0,0,0.0,1293.34,1,1,1.0,23397.11,8,2,0.25,1
LGS2ORD0045564,C016154,2025-12-27 20:00:00,Other,58,Bronze,Shopee,Songkhla,407,Lazada,Credit_Card,20,12,5,1,>50,13.566666666666666,9.0,2.0,0.2222222222222222,323,80,8221.903333333332,0.28,0.4444444444444444,0.2222222222222222,0.0,0.0,0,0,0.0,0.0,0,0,0.0,31962.95,1,0,0.0,73997.12999999999,9,2,0.2222222222222222,0
LGS2ORD0045565,C011850,2025-12-27 20:00:00,Male,57,Bronze,Shopee,Remote_Area,662,TV_Show,Credit_Card,20,12,5,1,>50,22.066666666666666,13.0,3.0,0.23076923076923078,98,9,6606.753846153846,0.18,0.7692307692307693,0.0,0.0,0.0,0,0,0.0,2091.91,1,0,0.0,25817.63,3,0,0.0,85887.8,13,3,0.23076923076923078,1
LGS2ORD0045566,C011066,2025-12-27 20:00:00,Male,56,Silver,Web,Songkhla,1789,Shopee,COD,20,12,5,1,>50,59.63333333333333,4.0,1.0,0.25,205,16,14599.362500000001,0.25,0.75,0.75,0.0,0.0,0,0,0.0,1044.53,1,0,0.0,1044.53,1,0,0.0,58397.450000000004,4,1,0.25,1
LGS2ORD0045567,C017724,2025-12-27 20:00:00,Male,46,Platinum,TV,Nakhon Ratchasima,1190,Lazada,PromptPay,20,12,5,1,40-50,39.666666666666664,8.0,5.0,0.625,27,39,4267.5875,0.35,0.375,0.625,0.0,0.0,0,0,0.0,0.0,0,0,0.0,16160.02,1,1,1.0,34140.7,8,5,0.625,0
LGS2ORD0045568,C016026,2025-12-27 21:00:00,Male,63,Silver,Shopee,Nakhon Ratchasima,1126,Web,COD,21,12,5,1,>50,37.53333333333333,3.0,0.0,0.0,-1,176,9034.07,0.2,0.6666666666666666,0.0,0.0,0.0,0,0,0.0,0.0,0,0,0.0,0.0,0,0,0.0,27102.21,3,0,0.0,1
LGS2ORD0045569,C010831,2025-12-27 21:00:00,Female,38,Silver,Web,Bangkok,1354,Web,PromptPay,21,12,5,1,30-40,45.13333333333333,3.0,0.0,0.0,-1,9,2082.39,0.2,0.6666666666666666,0.0,0.0,0.0,0,0,0.0,2708.2,1,0,0.0,2708.2,1,0,0.0,6247.17,3,0,0.0,0
LGS2ORD0045570,C017199,2025-12-27 21:00:00,Female,48,Gold,Shopee,Bangkok,438,Lazada,Credit_Card,21,12,5,1,40-50,14.6,4.0,1.0,0.25,213,35,4503.222500000001,0.33,0.5,0.5,0.0,0.0,0,0,0.0,0.0,0,0,0.0,1010.4,1,0,0.0,18012.890000000003,4,1,0.25,0
LGS2ORD0045571,C012015,2025-12-27 21:00:00,Male,57,Bronze,CallCenter,Phuket,1399,CallCenter,Bank_Transfer,21,12,5,1,>50,46.63333333333333,12.0,3.0,0.25,161,27,4510.408333333334,0.28,0.8333333333333334,0.25,0.0,0.0,0,0,0.0,191.12,1,0,0.0,8808.27,3,0,0.0,54124.9,12,3,0.25,0
LGS2ORD0045572,C012732,2025-12-27 21:00:00,Female,59,Silver,Lazada,Bangkok,864,Web,PromptPay,21,12,5,1,>50,28.8,6.0,0.0,0.0,-1,178,8442.266666666666,0.1,0.16666666666666666,0.0,0.0,0.0,0,0,0.0,0.0,0,0,0.0,0.0,0,0,0.0,50653.6,6,0,0.0,0
LGS2ORD0045573,C017403,2025-12-27 22:00:00,Female,72,Silver,CallCenter,Chiang Mai,1507,Shopee,Credit_Card,22,12,5,1,>50,50.233333333333334,7.0,0.0,0.0,-1,5,5283.318571428571,0.3,0.0,0.5714285714285714,0.0,4696.43,1,0,0.0,11647.869999999999,2,0,0.0,13105.03,3,0,0.0,36983.229999999996,7,0,0.0,0
LGS2ORD0045574,C015937,2025-12-27 22:00:00,Male,61,Gold,TV,Bangkok,482,Web,COD,22,12,5,1,>50,16.066666666666666,4.0,0.0,0.0,-1,5,1881.9,0.33,0.25,0.5,0.0,2052.11,1,0,0.0,2052.11,1,0,0.0,3064.12,2,0,0.0,7527.6,4,0,0.0,0
LGS2ORD0045575,C014800,2025-12-27 22:00:00,Male,45,Silver,Web,Phuket,1753,TV_Show,PromptPay,22,12,5,1,40-50,58.43333333333333,4.0,1.0,0.25,231,42,2268.88,0.3,0.5,0.75,0.0,0.0,0,0,0.0,0.0,0,0,0.0,1467.58,1,0,0.0,9075.52,4,1,0.25,1
LGS2ORD0045576,C013939,2025-12-27 22:00:00,Female,42,Bronze,TV,Remote_Area,826,Shopee,COD,22,12,5,1,40-50,27.533333333333335,4.0,2.0,0.5,150,162,5325.1275,0.23,1.0,0.25,0.0,0.0,0,0,0.0,0.0,0,0,0.0,0.0,0,0,0.0,21300.51,4,2,0.5,0
LGS2ORD0045577,C015230,2025-12-27 22:00:00,Female,28,Bronze,TV,Bangkok,1566,Shopee,Bank_Transfer,22,12,5,1,20-30,52.2,3.0,2.0,0.6666666666666666,116,119,11829.763333333334,0.18,0.6666666666666666,0.0,0.0,0.0,0,0,0.0,0.0,0,0,0.0,0.0,0,0,0.0,35489.29,3,2,0.6666666666666666,1
LGS2ORD0045578,C012052,2025-12-27 23:00:00,Male,51,Gold,TV,Bangkok,1158,TV_Show,COD,23,12,5,1,>50,38.6,3.0,0.0,0.0,-1,40,9124.403333333334,0.33,0.6666666666666666,0.3333333333333333,0.0,0.0,0,0,0.0,0.0,0,0,0.0,10749.78,1,0,0.0,27373.21,3,0,0.0,1
LGS2ORD0045579,C013144,2025-12-27 23:00:00,Female,57,Silver,Lazada,Phuket,540,Web,Credit_Card,23,12,5,1,>50,18.0,13.0,4.0,0.3076923076923077,63,35,9188.66923076923,0.25,0.6923076923076923,0.15384615384615385,0.0,0.0,0,0,0.0,0.0,0,0,0.0,42122.85,3,1,0.3333333333333333,119452.7,13,4,0.3076923076923077,0
LGS2ORD0045580,C012687,2025-12-27 23:00:00,Male,28,Gold,Lazada,Chonburi,1508,Shopee,Credit_Card,23,12,5,1,20-30,50.266666666666666,5.0,1.0,0.2,211,19,2762.13,0.33,0.6,0.4,0.0,0.0,0,0,0.0,4968.92,1,0,0.0,4968.92,1,0,0.0,13810.65,5,1,0.2,0
LGS2ORD0045581,C011302,2025-12-27 23:00:00,Female,59,Platinum,Lazada,Bangkok,716,Web,Credit_Card,23,12,5,1,>50,23.866666666666667,4.0,0.0,0.0,-1,103,3867.655,0.2,0.5,0.0,0.0,0.0,0,0,0.0,0.0,0,0,0.0,0.0,0,0,0.0,15470.62,4,0,0.0,1
LGS2ORD0045582,C015318,2025-12-27 23:00:00,Female,44,Gold,Shopee,Bangkok,1676,CallCenter,PromptPay,23,12,5,1,40-50,55.86666666666667,9.0,2.0,0.2222222222222222,330,49,2972.6122222222225,0.28,0.4444444444444444,0.2222222222222222,0.0,0.0,0,0,0.0,0.0,0,0,0.0,8211.2,1,0,0.0,26753.510000000002,9,2,0.2222222222222222,0
LGS2ORD0045583,C016987,2025-12-27 23:00:00,Male,64,Bronze,TV,Songkhla,712,Lazada,PromptPay,23,12,5,1,>50,23.733333333333334,7.0,3.0,0.42857142857142855,153,79,10971.201428571429,0.28,0.7142857142857143,0.14285714285714285,0.0,0.0,0,0,0.0,0.0,0,0,0.0,5846.46,1,0,0.0,76798.41,7,3,0.42857142857142855,0
LGS2ORD0045584,C010020,2025-12-28 00:00:00,Male,34,Bronze,TV,Chiang Mai,1747,Web,COD,0,12,6,1,30-40,58.233333333333334,5.0,1.0,0.2,71,83,7431.432000000001,0.28,0.6,0.8,0.0,0.0,0,0,0.0,0.0,0,0,0.0,11120.2,1,1,1.0,37157.16,5,1,0.2,0
LGS2ORD0045585,C016386,2025-12-28 00:00:00,Female,51,Gold,Web,Chonburi,1565,CallCenter,Bank_Transfer,0,12,6,1,>50,52.166666666666664,3.0,0.0,0.0,-1,60,11054.660000000002,0.33,0.3333333333333333,0.6666666666666666,0.0,0.0,0,0,0.0,0.0,0,0,0.0,16069.44,1,0,0.0,33163.98,3,0,0.0,0
LGS2ORD0045586,C015556,2025-12-28 00:00:00,Female,47,Silver,Lazada,Nakhon Ratchasima,1444,TV_Show,COD,0,12,6,1,40-50,48.13333333333333,8.0,4.0,0.5,31,18,4020.5975,0.3,0.75,0.375,0.0,0.0,0,0,0.0,12652.66,1,0,0.0,15652.97,3,2,0.6666666666666666,32164.78,8,4,0.5,0
LGS2ORD0045587,C011929,2025-12-28 00:00:00,Female,63,Bronze,Lazada,Phuket,909,CallCenter,PromptPay,0,12,6,1,>50,30.3,4.0,2.0,0.5,48,54,11229.415,0.18,0.75,0.0,0.0,0.0,0,0,0.0,0.0,0,0,0.0,19339.559999999998,2,1,0.5,44917.66,4,2,0.5,0
LGS2ORD0045588,C010527,2025-12-28 00:00:00,Female,33,Gold,TV,Chiang Mai,1041,Lazada,Credit_Card,0,12,6,1,30-40,34.7,5.0,1.0,0.2,94,2,7084.526000000001,0.33,0.4,0.2,0.0,1430.91,1,0,0.0,14016.66,2,0,0.0,14016.66,2,0,0.0,35422.630000000005,5,1,0.2,0
LGS2ORD0045589,C015348,2025-12-28 01:00:00,Male,27,Platinum,Shopee,Bangkok,674,TV_Show,COD,1,12,6,1,20-30,22.466666666666665,4.0,1.0,0.25,237,201,886.4475,0.25,0.0,0.5,0.0,0.0,0,0,0.0,0.0,0,0,0.0,0.0,0,0,0.0,3545.79,4,1,0.25,0
LGS2ORD0045590,C011965,2025-12-28 01:00:00,Male,58,Bronze,Lazada,Bangkok,790,CallCenter,COD,1,12,6,1,>50,26.333333333333332,4.0,0.0,0.0,-1,130,4360.885,0.08,0.75,0.0,0.0,0.0,0,0,0.0,0.0,0,0,0.0,0.0,0,0,0.0,17443.54,4,0,0.0,0
LGS2ORD0045591,C014984,2025-12-28 01:00:00,Female,29,Silver,Web,Bangkok,1245,Shopee,COD,1,12,6,1,20-30,41.5,2.0,1.0,0.5,263,272,2985.55,0.25,0.5,0.5,0.0,0.0,0,0,0.0,0.0,0,0,0.0,0.0,0,0,0.0,5971.1,2,1,0.5,0
LGS2ORD0045592,C017768,2025-12-28 01:00:00,Female,50,Platinum,Shopee,Bangkok,1618,Shopee,PromptPay,1,12,6,1,40-50,53.93333333333333,5.0,0.0,0.0,-1,9,10000.984,0.2,0.4,0.0,0.0,0.0,0,0,0.0,3188.21,1,0,0.0,3188.21,1,0,0.0,50004.92,5,0,0.0,0
LGS2ORD0045593,C014102,2025-12-28 01:00:00,Male,59,Platinum,Web,Bangkok,1629,Lazada,COD,1,12,6,1,>50,54.3,5.0,1.0,0.2,53,1,3736.426000000001,0.35,0.4,0.6,0.0,285.22,1,0,0.0,285.22,1,0,0.0,2127.4,2,1,0.5,18682.130000000005,5,1,0.2,0
LGS2ORD0045594,C017710,2025-12-28 02:00:00,Female,50,Bronze,CallCenter,Bangkok,938,Web,COD,2,12,6,1,40-50,31.266666666666666,6.0,1.0,0.16666666666666666,301,96,4285.588333333333,0.28,0.3333333333333333,0.3333333333333333,0.0,0.0,0,0,0.0,0.0,0,0,0.0,0.0,0,0,0.0,25713.53,6,1,0.16666666666666666,0
LGS2ORD0045595,C012384,2025-12-28 02:00:00,Female,43,Silver,TV,Khon Kaen,604,Lazada,Credit_Card,2,12,6,1,40-50,20.133333333333333,5.0,0.0,0.0,-1,116,3242.514,0.3,0.6,0.2,0.0,0.0,0,0,0.0,0.0,0,0,0.0,0.0,0,0,0.0,16212.57,5,0,0.0,1
LGS2ORD0045596,C014392,2025-12-28 02:00:00,Female,39,Bronze,TV,Nakhon Ratchasima,601,Lazada,Credit_Card,2,12,6,1,30-40,20.033333333333335,5.0,2.0,0.4,-4,5,3804.8419999999996,0.18,0.4,0.0,0.0,1517.19,1,1,1.0,1517.19,1,1,1.0,1517.19,1,1,1.0,19024.21,5,2,0.4,0
LGS2ORD0045597,C016894,2025-12-28 02:00:00,Other,53,Bronze,Shopee,Bangkok,1752,Web,PromptPay,2,12,6,1,>50,58.4,9.0,2.0,0.2222222222222222,162,117,5694.476666666666,0.18,0.6666666666666666,0.0,0.0,0.0,0,0,0.0,0.0,0,0,0.0,0.0,0,0,0.0,51250.28999999999,9,2,0.2222222222222222,0
LGS2ORD0045598,C011166,2025-12-28 02:00:00,Male,46,Platinum,CallCenter,Bangkok,930,TV_Show,Credit_Card,2,12,6,1,40-50,31.0,3.0,0.0,0.0,-1,18,1267.1633333333332,0.35,0.6666666666666666,0.3333333333333333,0.0,0.0,0,0,0.0,2322.12,1,0,0.0,2322.12,1,0,0.0,3801.49,3,0,0.0,0
LGS2ORD0045599,C014530,2025-12-28 03:00:00,Female,61,Bronze,TV,Remote_Area,1560,Web,COD,3,12,6,1,>50,52.0,5.0,1.0,0.2,60,70,9362.874,0.18,0.8,0.0,0.0,0.0,0,0,0.0,0.0,0,0,0.0,31748.72,3,1,0.3333333333333333,46814.369999999995,5,1,0.2,0
LGS2ORD0045600,C014624,2025-12-28 03:00:00,Male,39,Bronze,Shopee,Khon Kaen,1796,Lazada,COD,3,12,6,1,30-40,59.86666666666667,7.0,2.0,0.2857142857142857,1,12,5696.527142857142,0.28,0.42857142857142855,0.42857142857142855,0.0,0.0,0,0,0.0,1852.23,1,1,1.0,9352.67,2,1,0.5,39875.689999999995,7,2,0.2857142857142857,0
LGS2ORD0045601,C015106,2025-12-28 03:00:00,Female,32,Bronze,Shopee,Bangkok,1144,Lazada,COD,3,12,6,1,30-40,38.13333333333333,8.0,3.0,0.375,69,82,3916.9975,0.28,0.625,0.5,0.0,0.0,0,0,0.0,0.0,0,0,0.0,2351.61,1,1,1.0,31335.98,8,3,0.375,1
LGS2ORD0045602,C016736,2025-12-28 03:00:00,Female,62,Silver,TV,Chonburi,1771,Shopee,COD,3,12,6,1,>50,59.03333333333333,7.0,3.0,0.42857142857142855,130,7,5417.930000000001,0.25,0.7142857142857143,0.14285714285714285,0.0,0.0,0,0,0.0,1558.41,1,0,0.0,1558.41,1,0,0.0,37925.51000000001,7,3,0.42857142857142855,0
LGS2ORD0045603,C017914,2025-12-28 03:00:00,Male,32,Bronze,Web,Remote_Area,1683,Shopee,COD,3,12,6,1,30-40,56.1,9.0,3.0,0.3333333333333333,151,71,6735.981111111111,0.23,0.5555555555555556,0.1111111111111111,0.0,0.0,0,0,0.0,0.0,0,0,0.0,1264.02,1,0,0.0,60623.83,9,3,0.3333333333333333,0
LGS2ORD0045604,C016194,2025-12-28 03:00:00,Male,44,Bronze,Web,Chonburi,978,Shopee,PromptPay,3,12,6,1,40-50,32.6,6.0,2.0,0.3333333333333333,202,81,2630.47,0.23,0.6666666666666666,0.5,0.0,0.0,0,0,0.0,0.0,0,0,0.0,1550.47,1,0,0.0,15782.82,6,2,0.3333333333333333,0
LGS2ORD0045605,C015139,2025-12-28 04:00:00,Female,57,Bronze,Lazada,Bangkok,980,CallCenter,COD,4,12,6,1,>50,32.666666666666664,6.0,0.0,0.0,-1,87,1389.7783333333334,0.23,0.3333333333333333,0.16666666666666666,0.0,0.0,0,0,0.0,0.0,0,0,0.0,648.76,1,0,0.0,8338.67,6,0,0.0,0
LGS2ORD0045606,C010588,2025-12-28 04:00:00,Male,40,Bronze,Shopee,Remote_Area,1458,Web,COD,4,12,6,1,30-40,48.6,8.0,2.0,0.25,28,39,5643.53625,0.28,0.375,0.625,0.0,0.0,0,0,0.0,0.0,0,0,0.0,17680.37,2,2,1.0,45148.29,8,2,0.25,0
LGS2ORD0045607,C017741,2025-12-28 04:00:00,Male,34,Silver,Lazada,Chiang Mai,1768,Web,Credit_Card,4,12,6,1,30-40,58.93333333333333,6.0,2.0,0.3333333333333333,150,88,4615.133333333334,0.3,0.6666666666666666,0.16666666666666666,0.0,0.0,0,0,0.0,0.0,0,0,0.0,1028.38,1,0,0.0,27690.800000000007,6,2,0.3333333333333333,0
LGS2ORD0045608,C017303,2025-12-28 04:00:00,Female,72,Bronze,Shopee,Nakhon Ratchasima,859,Lazada,Bank_Transfer,4,12,6,1,>50,28.633333333333333,4.0,0.0,0.0,-1,94,9872.895,0.23,0.25,0.25,0.0,0.0,0,0,0.0,0.0,0,0,0.0,0.0,0,0,0.0,39491.58,4,0,0.0,1
LGS2ORD0045609,C010154,2025-12-28 04:00:00,Female,41,Bronze,Shopee,Bangkok,650,CallCenter,Credit_Card,4,12,6,1,40-50,21.666666666666668,3.0,1.0,0.3333333333333333,329,254,5506.38,0.18,0.3333333333333333,0.0,0.0,0.0,0,0,0.0,0.0,0,0,0.0,0.0,0,0,0.0,16519.14,3,1,0.3333333333333333,0
LGS2ORD0045610,C016224,2025-12-28 05:00:00,Female,46,Platinum,CallCenter,Songkhla,1150,Web,PromptPay,5,12,6,1,40-50,38.333333333333336,3.0,1.0,0.3333333333333333,215,7,3882.5466666666666,0.3,1.0,0.3333333333333333,0.0,0.0,0,0,0.0,6440.7,1,0,0.0,10268.02,2,0,0.0,11647.64,3,1,0.3333333333333333,0
LGS2ORD0045611,C013121,2025-12-28 05:00:00,Male,52,Silver,Shopee,Chonburi,514,Web,COD,5,12,6,1,>50,17.133333333333333,10.0,1.0,0.1,165,35,7342.464999999999,0.3,0.5,0.4,0.0,0.0,0,0,0.0,0.0,0,0,0.0,21676.29,2,0,0.0,73424.65,10,1,0.1,0
LGS2ORD0045612,C016360,2025-12-28 05:00:00,Female,38,Bronze,CallCenter,Bangkok,838,Shopee,PromptPay,5,12,6,1,30-40,27.933333333333334,5.0,0.0,0.0,-1,165,2424.982,0.23,0.4,0.2,0.0,0.0,0,0,0.0,0.0,0,0,0.0,0.0,0,0,0.0,12124.91,5,0,0.0,0
LGS2ORD0045613,C010518,2025-12-28 05:00:00,Male,31,Gold,Web,Chonburi,871,CallCenter,COD,5,12,6,1,30-40,29.033333333333335,6.0,3.0,0.5,22,9,3910.558333333334,0.33,0.6666666666666666,0.8333333333333334,0.0,0.0,0,0,0.0,3611.09,1,0,0.0,13099.330000000002,4,2,0.5,23463.350000000002,6,3,0.5,0
LGS2ORD0045614,C017131,2025-12-28 05:00:00,Male,45,Silver,Shopee,Nakhon Ratchasima,904,Shopee,COD,5,12,6,1,40-50,30.133333333333333,12.0,4.0,0.3333333333333333,95,13,4412.135,0.3,0.5,0.25,0.0,0.0,0,0,0.0,19795.29,1,0,0.0,23444.27,2,0,0.0,52945.62,12,4,0.3333333333333333,0
LGS2ORD0045615,C014486,2025-12-28 06:00:00,Male,38,Bronze,TV,Khon Kaen,865,Web,PromptPay,6,12,6,1,30-40,28.833333333333332,6.0,2.0,0.3333333333333333,111,6,2879.2916666666665,0.23,0.8333333333333334,0.16666666666666666,0.0,5554.41,1,0,0.0,5554.41,1,0,0.0,5554.41,1,0,0.0,17275.75,6,2,0.3333333333333333,0
LGS2ORD0045616,C017550,2025-12-28 06:00:00,Female,57,Silver,TV,Bangkok,1383,Lazada,COD,6,12,6,1,>50,46.1,6.0,0.0,0.0,-1,106,10274.451666666666,0.3,0.8333333333333334,0.16666666666666666,0.0,0.0,0,0,0.0,0.0,0,0,0.0,0.0,0,0,0.0,61646.70999999999,6,0,0.0,0
LGS2ORD0045617,C016607,2025-12-28 06:00:00,Male,46,Bronze,TV,Songkhla,1390,Shopee,COD,6,12,6,1,40-50,46.333333333333336,5.0,3.0,0.6,137,149,3508.4620000000004,0.28,0.4,0.4,0.0,0.0,0,0,0.0,0.0,0,0,0.0,0.0,0,0,0.0,17542.31,5,3,0.6,1
LGS2ORD0045618,C014436,2025-12-28 06:00:00,Female,41,Silver,Web,Khon Kaen,1347,TV_Show,COD,6,12,6,1,40-50,44.9,11.0,2.0,0.18181818181818182,40,8,5342.365454545456,0.3,0.7272727272727273,0.36363636363636365,0.0,0.0,0,0,0.0,11120.64,1,0,0.0,18615.23,4,1,0.25,58766.02000000001,11,2,0.18181818181818182,1
LGS2ORD0045619,C015353,2025-12-28 06:00:00,Female,43,Bronze,TV,Chonburi,1239,Shopee,COD,6,12,6,1,40-50,41.3,4.0,2.0,0.5,128,137,4917.6050000000005,0.18,0.75,0.0,0.0,0.0,0,0,0.0,0.0,0,0,0.0,0.0,0,0,0.0,19670.420000000002,4,2,0.5,0
LGS2ORD0045620,C015912,2025-12-28 07:00:00,Male,44,Silver,Lazada,Khon Kaen,1610,Web,COD,7,12,6,1,40-50,53.666666666666664,5.0,1.0,0.2,260,95,4241.496,0.3,0.6,0.4,0.0,0.0,0,0,0.0,0.0,0,0,0.0,0.0,0,0,0.0,21207.48,5,1,0.2,1
LGS2ORD0045621,C010246,2025-12-28 07:00:00,Female,30,Gold,Lazada,Bangkok,1419,TV_Show,Bank_Transfer,7,12,6,1,20-30,47.3,3.0,0.0,0.0,-1,88,3682.5733333333337,0.33,0.3333333333333333,0.6666666666666666,0.0,0.0,0,0,0.0,0.0,0,0,0.0,1450.87,1,0,0.0,11047.720000000001,3,0,0.0,0
LGS2ORD0045622,C012034,2025-12-28 07:00:00,Female,25,Bronze,TV,Bangkok,829,Shopee,PromptPay,7,12,6,1,20-30,27.633333333333333,6.0,2.0,0.3333333333333333,269,42,13588.513333333334,0.23,0.3333333333333333,0.16666666666666666,0.0,0.0,0,0,0.0,0.0,0,0,0.0,30597.63,1,0,0.0,81531.08,6,2,0.3333333333333333,0
LGS2ORD0045623,C013358,2025-12-28 07:00:00,Female,71,Bronze,TV,Bangkok,541,Web,COD,7,12,6,1,>50,18.033333333333335,5.0,0.0,0.0,-1,215,3752.31,0.08,0.8,0.0,0.0,0.0,0,0,0.0,0.0,0,0,0.0,0.0,0,0,0.0,18761.55,5,0,0.0,0
LGS2ORD0045624,C013452,2025-12-28 07:00:00,Male,43,Bronze,Web,Chiang Mai,1301,TV_Show,COD,7,12,6,1,40-50,43.36666666666667,7.0,3.0,0.42857142857142855,7,18,5853.438571428572,0.23,0.42857142857142855,0.2857142857142857,0.0,0.0,0,0,0.0,1846.93,1,1,1.0,27075.64,3,2,0.6666666666666666,40974.07,7,3,0.42857142857142855,0
LGS2ORD0045625,C014583,2025-12-28 07:00:00,Female,46,Silver,TV,Songkhla,1567,Shopee,COD,7,12,6,1,40-50,52.233333333333334,6.0,4.0,0.6666666666666666,80,91,7175.191666666667,0.25,0.8333333333333334,0.5,0.0,0.0,0,0,0.0,0.0,0,0,0.0,0.0,0,0,0.0,43051.15,6,4,0.6666666666666666,1
LGS2ORD0045626,C012491,2025-12-28 08:00:00,Male,67,Gold,Lazada,Remote_Area,1773,TV_Show,PromptPay,8,12,6,1,>50,59.1,8.0,5.0,0.625,32,44,3441.9525000000003,0.33,0.75,0.5,0.0,0.0,0,0,0.0,0.0,0,0,0.0,4177.4,2,2,1.0,27535.620000000003,8,5,0.625,0
LGS2ORD0045627,C015556,2025-12-28 08:00:00,Female,47,Silver,Lazada,Nakhon Ratchasima,1444,Web,Bank_Transfer,8,12,6,1,40-50,48.13333333333333,9.0,4.0,0.4444444444444444,31,0,3631.4555555555553,0.3,0.7777777777777778,0.3333333333333333,0.0,518.32,1,0,0.0,13170.98,2,0,0.0,16171.289999999999,4,2,0.5,32683.1,9,4,0.4444444444444444,1
LGS2ORD0045628,C011710,2025-12-28 08:00:00,Female,18,Platinum,CallCenter,Khon Kaen,1137,CallCenter,COD,8,12,6,1,<20,37.9,7.0,3.0,0.42857142857142855,13,16,4434.85,0.35,0.42857142857142855,0.2857142857142857,0.0,0.0,0,0,0.0,3096.32,1,1,1.0,3096.32,1,1,1.0,31043.95,7,3,0.42857142857142855,0
LGS2ORD0045629,C013710,2025-12-28 08:00:00,Male,37,Gold,Web,Chiang Mai,1134,Lazada,Bank_Transfer,8,12,6,1,30-40,37.8,1.0,0.0,0.0,-1,266,4543.91,0.08,0.0,0.0,0.0,0.0,0,0,0.0,0.0,0,0,0.0,0.0,0,0,0.0,4543.91,1,0,0.0,0
LGS2ORD0045630,C013177,2025-12-28 08:00:00,Other,26,Silver,CallCenter,Nakhon Ratchasima,1458,Shopee,Credit_Card,8,12,6,1,20-30,48.6,4.0,1.0,0.25,125,138,2127.6475,0.3,0.5,0.75,0.0,0.0,0,0,0.0,0.0,0,0,0.0,0.0,0,0,0.0,8510.59,4,1,0.25,0
LGS2ORD0045631,C016322,2025-12-28 09:00:00,Female,19,Silver,Lazada,Bangkok,1591,Web,Credit_Card,9,12,6,1,<20,53.03333333333333,2.0,0.0,0.0,-1,126,5855.805,0.25,0.0,0.5,0.0,0.0,0,0,0.0,0.0,0,0,0.0,0.0,0,0,0.0,11711.61,2,0,0.0,0
LGS2ORD0045632,C010182,2025-12-28 09:00:00,Female,53,Silver,TV,Songkhla,1101,Shopee,PromptPay,9,12,6,1,>50,36.7,4.0,1.0,0.25,109,117,4434.6125,0.3,0.25,0.5,0.0,0.0,0,0,0.0,0.0,0,0,0.0,0.0,0,0,0.0,17738.45,4,1,0.25,0
LGS2ORD0045633,C010671,2025-12-28 09:00:00,Male,39,Silver,TV,Bangkok,1276,Web,COD,9,12,6,1,30-40,42.53333333333333,4.0,0.0,0.0,-1,47,4055.5400000000004,0.25,0.0,0.25,0.0,0.0,0,0,0.0,0.0,0,0,0.0,7843.68,2,0,0.0,16222.160000000002,4,0,0.0,1
LGS2ORD0045634,C014588,2025-12-28 09:00:00,Female,29,Silver,Web,Chonburi,1670,CallCenter,Bank_Transfer,9,12,6,1,20-30,55.666666666666664,9.0,2.0,0.2222222222222222,65,82,9269.471111111112,0.3,0.4444444444444444,0.4444444444444444,0.1111111111111111,0.0,0,0,0.0,0.0,0,0,0.0,1049.03,1,1,1.0,83425.24,9,2,0.2222222222222222,0
LGS2ORD0045635,C011133,2025-12-28 09:00:00,Male,37,Bronze,CallCenter,Remote_Area,1293,CallCenter,Credit_Card,9,12,6,1,30-40,43.1,10.0,4.0,0.4,23,34,5986.8150000000005,0.23,0.5,0.1,0.0,0.0,0,0,0.0,0.0,0,0,0.0,23323.17,3,2,0.6666666666666666,59868.15,10,4,0.4,0
LGS2ORD0045636,C012503,2025-12-28 10:00:00,Female,42,Bronze,TV,Bangkok,1656,Shopee,COD,10,12,6,1,40-50,55.2,3.0,1.0,0.3333333333333333,232,120,10675.913333333332,0.18,0.6666666666666666,0.0,0.0,0.0,0,0,0.0,0.0,0,0,0.0,0.0,0,0,0.0,32027.739999999998,3,1,0.3333333333333333,0
LGS2ORD0045637,C012381,2025-12-28 10:00:00,Male,48,Gold,CallCenter,Remote_Area,1754,Web,COD,10,12,6,1,40-50,58.46666666666667,8.0,1.0,0.125,107,4,3404.1899999999996,0.33,0.25,0.5,0.0,3867.59,1,0,0.0,3867.59,1,0,0.0,7840.93,3,0,0.0,27233.519999999997,8,1,0.125,0
LGS2ORD0045638,C011989,2025-12-28 10:00:00,Male,32,Bronze,TV,Phuket,1407,Lazada,Bank_Transfer,10,12,6,1,30-40,46.9,12.0,3.0,0.25,53,16,8815.938333333334,0.28,0.5,0.16666666666666666,0.0,0.0,0,0,0.0,32569.0,1,0,0.0,35894.88,2,1,0.5,105791.26000000001,12,3,0.25,0
LGS2ORD0045639,C015411,2025-12-28 10:00:00,Female,36,Platinum,Shopee,Nakhon Ratchasima,1258,TV_Show,PromptPay,10,12,6,1,30-40,41.93333333333333,7.0,2.0,0.2857142857142857,219,22,5388.688571428573,0.3,0.7142857142857143,0.42857142857142855,0.0,0.0,0,0,0.0,4978.62,1,0,0.0,4978.62,1,0,0.0,37720.82000000001,7,2,0.2857142857142857,0
LGS2ORD0045640,C011457,2025-12-28 10:00:00,Female,47,Silver,TV,Khon Kaen,473,Lazada,COD,10,12,6,1,40-50,15.766666666666667,9.0,0.0,0.0,-1,9,5169.31111111111,0.25,0.7777777777777778,0.1111111111111111,0.0,0.0,0,0,0.0,2876.57,2,0,0.0,4897.42,3,0,0.0,46523.799999999996,9,0,0.0,0
LGS2ORD0045641,C013084,2025-12-28 11:00:00,Male,18,Bronze,TV,Phuket,1438,CallCenter,PromptPay,11,12,6,1,<20,47.93333333333333,4.0,1.0,0.25,243,41,3814.295,0.18,1.0,0.0,0.0,0.0,0,0,0.0,0.0,0,0,0.0,1491.39,1,0,0.0,15257.18,4,1,0.25,0
LGS2ORD0045642,C012426,2025-12-28 11:00:00,Female,53,Bronze,TV,Chonburi,506,TV_Show,Credit_Card,11,12,6,1,>50,16.866666666666667,11.0,3.0,0.2727272727272727,96,36,3443.460909090909,0.28,0.6363636363636364,0.2727272727272727,0.0,0.0,0,0,0.0,0.0,0,0,0.0,5669.2,1,0,0.0,37878.07,11,3,0.2727272727272727,0
LGS2ORD0045643,C013305,2025-12-28 11:00:00,Female,38,Bronze,Shopee,Chonburi,1633,TV_Show,Credit_Card,11,12,6,1,30-40,54.43333333333333,9.0,3.0,0.3333333333333333,127,94,4747.3133333333335,0.23,0.4444444444444444,0.3333333333333333,0.0,0.0,0,0,0.0,0.0,0,0,0.0,0.0,0,0,0.0,42725.82,9,3,0.3333333333333333,0
LGS2ORD0045644,C010501,2025-12-28 11:00:00,Male,46,Bronze,Web,Chiang Mai,1575,Web,COD,11,12,6,1,40-50,52.5,11.0,6.0,0.5454545454545454,38,23,4862.74090909091,0.23,0.5454545454545454,0.2727272727272727,0.0,0.0,0,0,0.0,4449.65,1,0,0.0,23491.36,4,1,0.25,53490.15,11,6,0.5454545454545454,0
LGS2ORD0045645,C014648,2025-12-28 11:00:00,Female,63,Bronze,TV,Songkhla,1581,Lazada,PromptPay,11,12,6,1,>50,52.7,7.0,2.0,0.2857142857142857,115,11,8076.234285714286,0.23,0.14285714285714285,0.14285714285714285,0.0,0.0,0,0,0.0,9179.8,1,0,0.0,18337.33,2,0,0.0,56533.64,7,2,0.2857142857142857,1
LGS2ORD0045646,C010622,2025-12-28 11:00:00,Male,30,Gold,Lazada,Bangkok,937,Web,COD,11,12,6,1,20-30,31.233333333333334,3.0,1.0,0.3333333333333333,186,3,1693.6866666666667,0.28,0.3333333333333333,0.3333333333333333,0.0,1579.8,1,0,0.0,1579.8,1,0,0.0,1579.8,1,0,0.0,5081.06,3,1,0.3333333333333333,0
LGS2ORD0045647,C015649,2025-12-28 12:00:00,Female,38,Bronze,TV,Bangkok,1093,TV_Show,COD,12,12,6,1,30-40,36.43333333333333,8.0,3.0,0.375,188,56,8476.57875,0.28,0.875,0.25,0.0,0.0,0,0,0.0,0.0,0,0,0.0,27012.71,1,0,0.0,67812.63,8,3,0.375,1
LGS2ORD0045648,C015662,2025-12-28 12:00:00,Female,42,Silver,Web,Chonburi,514,Shopee,COD,12,12,6,1,40-50,17.133333333333333,8.0,1.0,0.125,210,40,1785.26125,0.25,0.75,0.25,0.0,0.0,0,0,0.0,0.0,0,0,0.0,3102.98,2,0,0.0,14282.09,8,1,0.125,1
LGS2ORD0045649,C014938,2025-12-28 12:00:00,Male,47,Silver,Lazada,Chonburi,957,Shopee,COD,12,12,6,1,40-50,31.9,3.0,0.0,0.0,-1,154,11041.086666666668,0.2,0.6666666666666666,0.0,0.0,0.0,0,0,0.0,0.0,0,0,0.0,0.0,0,0,0.0,33123.26,3,0,0.0,0
LGS2ORD0045650,C012514,2025-12-28 12:00:00,Male,47,Silver,TV,Nakhon Ratchasima,1724,CallCenter,Bank_Transfer,12,12,6,1,40-50,57.46666666666667,7.0,2.0,0.2857142857142857,137,2,11511.275714285714,0.25,0.8571428571428571,0.2857142857142857,0.0,1140.67,1,0,0.0,1140.67,1,0,0.0,1542.93,2,0,0.0,80578.93,7,2,0.2857142857142857,1
LGS2ORD0045651,C016432,2025-12-28 12:00:00,Male,60,Bronze,Shopee,Phuket,1748,Web,COD,12,12,6,1,>50,58.266666666666666,4.0,0.0,0.0,-1,36,1367.7725,0.08,0.5,0.0,0.0,0.0,0,0,0.0,0.0,0,0,0.0,1115.15,1,0,0.0,5471.09,4,0,0.0,0
LGS2ORD0045652,C015299,2025-12-28 13:00:00,Male,41,Bronze,CallCenter,Bangkok,1816,Lazada,Credit_Card,13,12,6,1,40-50,60.53333333333333,13.0,1.0,0.07692307692307693,-2,2,5863.2284615384615,0.28,0.6923076923076923,0.3076923076923077,0.0,1131.83,1,0,0.0,3373.19,2,1,0.5,23788.33,6,1,0.16666666666666666,76221.97,13,1,0.07692307692307693,0
LGS2ORD0045653,C013570,2025-12-28 13:00:00,Male,33,Bronze,TV,Bangkok,467,Shopee,PromptPay,13,12,6,1,30-40,15.566666666666666,2.0,0.0,0.0,-1,80,1170.03,0.13,0.5,0.0,0.0,0.0,0,0,0.0,0.0,0,0,0.0,1607.12,1,0,0.0,2340.06,2,0,0.0,0
LGS2ORD0045654,C014937,2025-12-28 13:00:00,Male,42,Bronze,Shopee,Phuket,1434,CallCenter,COD,13,12,6,1,40-50,47.8,6.0,3.0,0.5,103,119,5396.956666666666,0.18,0.8333333333333334,0.0,0.0,0.0,0,0,0.0,0.0,0,0,0.0,0.0,0,0,0.0,32381.739999999998,6,3,0.5,0
LGS2ORD0045655,C010844,2025-12-28 13:00:00,Male,44,Silver,TV,Remote_Area,421,TV_Show,Credit_Card,13,12,6,1,40-50,14.033333333333333,7.0,3.0,0.42857142857142855,64,70,12503.048571428571,0.3,0.5714285714285714,0.2857142857142857,0.0,0.0,0,0,0.0,0.0,0,0,0.0,1134.78,1,1,1.0,87521.34,7,3,0.42857142857142855,0
LGS2ORD0045656,C012099,2025-12-28 13:00:00,Female,33,Bronze,TV,Bangkok,1765,Web,Credit_Card,13,12,6,1,30-40,58.833333333333336,4.0,1.0,0.25,336,104,10824.8825,0.13,0.75,0.0,0.0,0.0,0,0,0.0,0.0,0,0,0.0,0.0,0,0,0.0,43299.53,4,1,0.25,1
LGS2ORD0045657,C013755,2025-12-28 14:00:00,Female,34,Silver,Shopee,Chiang Mai,940,TV_Show,COD,14,12,6,1,30-40,31.333333333333332,9.0,1.0,0.1111111111111111,295,12,8635.565555555555,0.3,0.2222222222222222,0.4444444444444444,0.0,0.0,0,0,0.0,5359.63,2,0,0.0,5359.63,2,0,0.0,77720.09,9,1,0.1111111111111111,0
LGS2ORD0045658,C015203,2025-12-28 14:00:00,Female,44,Gold,TV,Bangkok,870,Web,Credit_Card,14,12,6,1,40-50,29.0,8.0,2.0,0.25,177,65,2940.7625000000003,0.33,0.5,0.5,0.0,0.0,0,0,0.0,0.0,0,0,0.0,5712.46,1,0,0.0,23526.100000000002,8,2,0.25,0
LGS2ORD0045659,C012587,2025-12-28 14:00:00,Female,41,Silver,Lazada,Phuket,1358,TV_Show,COD,14,12,6,1,40-50,45.266666666666666,9.0,3.0,0.3333333333333333,56,45,5791.096666666666,0.25,0.4444444444444444,0.4444444444444444,0.0,0.0,0,0,0.0,0.0,0,0,0.0,11310.01,3,1,0.3333333333333333,52119.869999999995,9,3,0.3333333333333333,1
LGS2ORD0045660,C014491,2025-12-28 14:00:00,Other,26,Bronze,Web,Songkhla,1813,CallCenter,COD,14,12,6,1,20-30,60.43333333333333,6.0,4.0,0.6666666666666666,112,101,5880.786666666667,0.23,0.5,0.16666666666666666,0.0,0.0,0,0,0.0,0.0,0,0,0.0,0.0,0,0,0.0,35284.72,6,4,0.6666666666666666,0
LGS2ORD0045661,C014766,2025-12-28 14:00:00,Female,55,Bronze,TV,Songkhla,1707,Web,COD,14,12,6,1,>50,56.9,4.0,1.0,0.25,170,176,11403.605000000001,0.28,0.25,0.25,0.0,0.0,0,0,0.0,0.0,0,0,0.0,0.0,0,0,0.0,45614.420000000006,4,1,0.25,0
LGS2ORD0045662,C010261,2025-12-28 15:00:00,Female,48,Bronze,Web,Bangkok,684,Web,Bank_Transfer,15,12,6,1,40-50,22.8,1.0,0.0,0.0,-1,359,955.09,0.23,1.0,1.0,0.0,0.0,0,0,0.0,0.0,0,0,0.0,0.0,0,0,0.0,955.09,1,0,0.0,0
LGS2ORD0045663,C014530,2025-12-28 15:00:00,Female,61,Bronze,TV,Remote_Area,1560,TV_Show,Bank_Transfer,15,12,6,1,>50,52.0,6.0,1.0,0.16666666666666666,61,0,8016.608333333333,0.23,0.8333333333333334,0.16666666666666666,0.0,1285.28,1,0,0.0,1285.28,1,0,0.0,33034.0,4,1,0.25,48099.649999999994,6,1,0.16666666666666666,0
LGS2ORD0045664,C016281,2025-12-28 15:00:00,Female,45,Platinum,Web,Chonburi,1478,Web,COD,15,12,6,1,40-50,49.266666666666666,2.0,1.0,0.5,100,114,3864.6600000000003,0.3,1.0,0.5,0.0,0.0,0,0,0.0,0.0,0,0,0.0,0.0,0,0,0.0,7729.320000000001,2,1,0.5,1
LGS2ORD0045665,C017362,2025-12-28 15:00:00,Female,39,Gold,CallCenter,Bangkok,1500,Shopee,Credit_Card,15,12,6,1,30-40,50.0,8.0,0.0,0.0,-1,2,10393.63625,0.28,0.375,0.375,0.0,11026.06,1,0,0.0,11026.06,1,0,0.0,40510.39,3,0,0.0,83149.09,8,0,0.0,1
LGS2ORD0045666,C015249,2025-12-28 15:00:00,Male,61,Silver,Lazada,Khon Kaen,1623,Lazada,COD,15,12,6,1,>50,54.1,7.0,1.0,0.14285714285714285,241,156,2736.867142857143,0.3,0.2857142857142857,0.2857142857142857,0.0,0.0,0,0,0.0,0.0,0,0,0.0,0.0,0,0,0.0,19158.07,7,1,0.14285714285714285,0
LGS2ORD0045667,C012502,2025-12-28 15:00:00,Male,57,Bronze,CallCenter,Bangkok,1332,Shopee,COD,15,12,6,1,>50,44.4,3.0,0.0,0.0,-1,68,1702.7600000000002,0.28,0.6666666666666666,0.6666666666666666,0.0,0.0,0,0,0.0,0.0,0,0,0.0,730.93,1,0,0.0,5108.280000000001,3,0,0.0,0
LGS2ORD0045668,C012210,2025-12-28 16:00:00,Female,59,Silver,CallCenter,Chiang Mai,1783,Lazada,Bank_Transfer,16,12,6,1,>50,59.43333333333333,2.0,1.0,0.5,226,62,674.73,0.1,0.5,0.0,0.0,0.0,0,0,0.0,0.0,0,0,0.0,257.26,1,0,0.0,1349.46,2,1,0.5,0
LGS2ORD0045669,C014979,2025-12-28 16:00:00,Female,59,Bronze,TV,Chiang Mai,1596,Web,Credit_Card,16,12,6,1,>50,53.2,10.0,1.0,0.1,201,7,2642.582,0.28,0.4,0.3,0.0,0.0,0,0,0.0,1436.36,1,0,0.0,1436.36,1,0,0.0,26425.82,10,1,0.1,0
LGS2ORD0045670,C014451,2025-12-28 16:00:00,Female,58,Silver,Web,Chonburi,1693,TV_Show,COD,16,12,6,1,>50,56.43333333333333,7.0,1.0,0.14285714285714285,123,28,3989.797142857143,0.25,0.2857142857142857,0.14285714285714285,0.0,0.0,0,0,0.0,2019.14,1,0,0.0,4129.43,2,0,0.0,27928.58,7,1,0.14285714285714285,0
LGS2ORD0045671,C011035,2025-12-28 16:00:00,Male,65,Bronze,Shopee,Nakhon Ratchasima,781,Web,COD,16,12,6,1,>50,26.033333333333335,9.0,2.0,0.2222222222222222,114,2,4055.707777777777,0.28,0.5555555555555556,0.2222222222222222,0.0,2123.95,1,0,0.0,5325.28,3,0,0.0,5325.28,3,0,0.0,36501.369999999995,9,2,0.2222222222222222,0
LGS2ORD0045672,C010919,2025-12-28 16:00:00,Male,56,Bronze,TV,Chiang Mai,479,Lazada,Bank_Transfer,16,12,6,1,>50,15.966666666666667,3.0,0.0,0.0,-1,119,2619.9566666666665,0.23,1.0,0.3333333333333333,0.0,0.0,0,0,0.0,0.0,0,0,0.0,0.0,0,0,0.0,7859.87,3,0,0.0,0
LGS2ORD0045673,C011558,2025-12-28 17:00:00,Female,29,Platinum,Lazada,Bangkok,1041,TV_Show,PromptPay,17,12,6,1,20-30,34.7,3.0,0.0,0.0,-1,144,4177.223333333333,0.25,0.6666666666666666,0.6666666666666666,0.0,0.0,0,0,0.0,0.0,0,0,0.0,0.0,0,0,0.0,12531.67,3,0,0.0,0
LGS2ORD0045674,C013153,2025-12-28 17:00:00,Female,49,Silver,Web,Phuket,1369,Shopee,COD,17,12,6,1,40-50,45.63333333333333,3.0,1.0,0.3333333333333333,247,70,11339.293333333333,0.25,1.0,0.6666666666666666,0.0,0.0,0,0,0.0,0.0,0,0,0.0,1756.56,1,0,0.0,34017.88,3,1,0.3333333333333333,0
LGS2ORD0045675,C017845,2025-12-28 17:00:00,Male,25,Gold,Web,Chiang Mai,428,Shopee,Bank_Transfer,17,12,6,1,20-30,14.266666666666667,6.0,2.0,0.3333333333333333,156,23,8176.9783333333335,0.2299999999999999,0.5,0.3333333333333333,0.0,0.0,0,0,0.0,2136.87,1,0,0.0,9076.41,2,0,0.0,49061.87,6,2,0.3333333333333333,0
LGS2ORD0045676,C012959,2025-12-28 17:00:00,Male,34,Bronze,Web,Bangkok,684,Lazada,Credit_Card,17,12,6,1,30-40,22.8,1.0,1.0,1.0,150,159,697.1,0.28,1.0,1.0,0.0,0.0,0,0,0.0,0.0,0,0,0.0,0.0,0,0,0.0,697.1,1,1,1.0,0
LGS2ORD0045677,C010069,2025-12-28 17:00:00,Male,26,Platinum,Lazada,Khon Kaen,1193,Web,COD,17,12,6,1,20-30,39.766666666666666,0.0,0.0,0.0,-1,-1,0.0,0.0,0.0,0.0,0.0,0.0,0,0,0.0,0.0,0,0,0.0,0.0,0,0,0.0,0.0,0,0,0.0,0
LGS2ORD0045678,C015029,2025-12-28 18:00:00,Female,42,Platinum,Lazada,Phuket,1577,TV_Show,Credit_Card,18,12,6,1,40-50,52.56666666666667,6.0,2.0,0.3333333333333333,114,94,2636.535,0.35,0.3333333333333333,0.5,0.16666666666666666,0.0,0,0,0.0,0.0,0,0,0.0,0.0,0,0,0.0,15819.21,6,2,0.3333333333333333,0
LGS2ORD0045679,C014156,2025-12-28 18:00:00,Male,42,Bronze,Web,Chonburi,1490,Web,Credit_Card,18,12,6,1,40-50,49.666666666666664,7.0,1.0,0.14285714285714285,306,56,1725.9057142857143,0.28,0.42857142857142855,0.2857142857142857,0.0,0.0,0,0,0.0,0.0,0,0,0.0,2407.64,1,0,0.0,12081.34,7,1,0.14285714285714285,0
LGS2ORD0045680,C015160,2025-12-28 18:00:00,Female,39,Gold,Web,Bangkok,1097,Shopee,Credit_Card,18,12,6,1,30-40,36.56666666666667,5.0,1.0,0.2,129,74,5923.436,0.33,0.4,0.2,0.0,0.0,0,0,0.0,0.0,0,0,0.0,1827.39,1,0,0.0,29617.179999999997,5,1,0.2,0
LGS2ORD0045681,C011678,2025-12-28 18:00:00,Female,51,Bronze,TV,Bangkok,1435,Web,Credit_Card,18,12,6,1,>50,47.833333333333336,4.0,1.0,0.25,126,31,7219.8,0.23,1.0,0.25,0.0,0.0,0,0,0.0,0.0,0,0,0.0,7901.57,2,0,0.0,28879.2,4,1,0.25,1
LGS2ORD0045682,C012634,2025-12-28 18:00:00,Male,26,Bronze,CallCenter,Chiang Mai,1147,Shopee,COD,18,12,6,1,20-30,38.233333333333334,9.0,2.0,0.2222222222222222,48,58,4294.21,0.23,0.3333333333333333,0.1111111111111111,0.0,0.0,0,0,0.0,0.0,0,0,0.0,757.14,1,1,1.0,38647.89,9,2,0.2222222222222222,1
LGS2ORD0045683,C017842,2025-12-28 18:00:00,Male,20,Silver,Shopee,Bangkok,497,CallCenter,COD,18,12,6,1,<20,16.566666666666666,6.0,0.0,0.0,-1,15,5256.761666666667,0.3,0.6666666666666666,0.16666666666666666,0.0,0.0,0,0,0.0,2197.13,1,0,0.0,4844.85,2,0,0.0,31540.570000000003,6,0,0.0,0
LGS2ORD0045684,C011054,2025-12-28 19:00:00,Male,47,Silver,Web,Bangkok,1026,CallCenter,COD,19,12,6,1,40-50,34.2,4.0,0.0,0.0,-1,5,7426.725,0.2,1.0,0.0,0.0,5133.89,1,0,0.0,5133.89,1,0,0.0,29706.9,4,0,0.0,29706.9,4,0,0.0,0
LGS2ORD0045685,C011975,2025-12-28 19:00:00,Male,59,Bronze,TV,Khon Kaen,1124,CallCenter,COD,19,12,6,1,>50,37.46666666666667,3.0,0.0,0.0,-1,8,2161.5533333333333,0.18,0.0,0.0,0.0,0.0,0,0,0.0,2067.47,1,0,0.0,2067.47,1,0,0.0,6484.66,3,0,0.0,1
LGS2ORD0045686,C015668,2025-12-28 19:00:00,Male,57,Gold,Shopee,Chonburi,1408,Shopee,COD,19,12,6,1,>50,46.93333333333333,3.0,0.0,0.0,-1,229,2579.883333333333,0.33,0.0,0.6666666666666666,0.0,0.0,0,0,0.0,0.0,0,0,0.0,0.0,0,0,0.0,7739.65,3,0,0.0,0
LGS2ORD0045687,C016844,2025-12-28 19:00:00,Male,23,Silver,Lazada,Bangkok,1206,Lazada,Credit_Card,19,12,6,1,20-30,40.2,6.0,1.0,0.16666666666666666,219,22,4550.828333333334,0.3,0.3333333333333333,0.16666666666666666,0.0,0.0,0,0,0.0,1394.36,1,0,0.0,1394.36,1,0,0.0,27304.97,6,1,0.16666666666666666,0
LGS2ORD0045688,C017530,2025-12-28 19:00:00,Female,40,Silver,Shopee,Chiang Mai,1645,Lazada,PromptPay,19,12,6,1,30-40,54.833333333333336,2.0,1.0,0.5,147,128,6581.605,0.25,0.0,0.5,0.0,0.0,0,0,0.0,0.0,0,0,0.0,0.0,0,0,0.0,13163.21,2,1,0.5,0
LGS2ORD0045689,C011020,2025-12-28 20:00:00,Female,47,Bronze,Lazada,Chiang Mai,1722,Web,COD,20,12,6,1,40-50,57.4,5.0,0.0,0.0,-1,18,1939.6100000000001,0.13,0.2,0.0,0.0,0.0,0,0,0.0,5768.29,2,0,0.0,5768.29,2,0,0.0,9698.050000000001,5,0,0.0,0
LGS2ORD0045690,C016712,2025-12-28 20:00:00,Male,30,Platinum,Web,Chiang Mai,1656,Shopee,Bank_Transfer,20,12,6,1,20-30,55.2,6.0,3.0,0.5,64,25,10356.081666666665,0.3,0.5,0.3333333333333333,0.0,0.0,0,0,0.0,20951.26,1,0,0.0,37936.92,2,1,0.5,62136.48999999999,6,3,0.5,0
LGS2ORD0045691,C017533,2025-12-28 20:00:00,Female,37,Bronze,Web,Remote_Area,1295,Web,COD,20,12,6,1,30-40,43.166666666666664,4.0,2.0,0.5,227,59,3900.13,0.23,0.5,0.25,0.0,0.0,0,0,0.0,0.0,0,0,0.0,5351.87,1,0,0.0,15600.52,4,2,0.5,0
LGS2ORD0045692,C010378,2025-12-28 20:00:00,Female,26,Gold,Lazada,Bangkok,1295,TV_Show,Credit_Card,20,12,6,1,20-30,43.166666666666664,3.0,0.0,0.0,-1,10,11022.0,0.28,0.3333333333333333,0.6666666666666666,0.0,0.0,0,0,0.0,30648.55,2,0,0.0,30648.55,2,0,0.0,33066.0,3,0,0.0,0
LGS2ORD0045693,C011215,2025-12-28 20:00:00,Female,43,Bronze,TV,Bangkok,1759,CallCenter,COD,20,12,6,1,40-50,58.63333333333333,4.0,0.0,0.0,-1,51,2704.2000000000003,0.28,0.25,0.5,0.0,0.0,0,0,0.0,0.0,0,0,0.0,1218.84,2,0,0.0,10816.800000000001,4,0,0.0,0
LGS2ORD0045694,C017856,2025-12-28 21:00:00,Female,48,Bronze,Web,Bangkok,583,TV_Show,PromptPay,21,12,6,1,40-50,19.433333333333334,9.0,4.0,0.4444444444444444,19,31,3003.344444444445,0.28,0.6666666666666666,0.4444444444444444,0.0,0.0,0,0,0.0,0.0,0,0,0.0,8451.289999999999,4,2,0.5,27030.100000000002,9,4,0.4444444444444444,0
LGS2ORD0045695,C015035,2025-12-28 21:00:00,Male,37,Bronze,Lazada,Chiang Mai,503,TV_Show,Bank_Transfer,21,12,6,1,30-40,16.766666666666666,3.0,0.0,0.0,-1,38,1391.1533333333334,0.18,0.6666666666666666,0.0,0.0,0.0,0,0,0.0,0.0,0,0,0.0,1359.7,1,0,0.0,4173.46,3,0,0.0,0
LGS2ORD0045696,C010381,2025-12-28 21:00:00,Female,28,Silver,CallCenter,Chonburi,1028,Shopee,COD,21,12,6,1,20-30,34.266666666666666,9.0,1.0,0.1111111111111111,239,16,4713.5599999999995,0.3,0.4444444444444444,0.5555555555555556,0.0,0.0,0,0,0.0,5184.16,1,0,0.0,9236.529999999999,2,0,0.0,42422.03999999999,9,1,0.1111111111111111,0
LGS2ORD0045697,C014982,2025-12-28 21:00:00,Male,44,Silver,Lazada,Bangkok,1804,CallCenter,COD,21,12,6,1,40-50,60.13333333333333,7.0,4.0,0.5714285714285714,76,51,3606.285714285714,0.25,0.7142857142857143,0.5714285714285714,0.0,0.0,0,0,0.0,0.0,0,0,0.0,17860.37,3,1,0.3333333333333333,25244.0,7,4,0.5714285714285714,0
LGS2ORD0045698,C017336,2025-12-28 21:00:00,Male,59,Bronze,TV,Bangkok,1036,CallCenter,COD,21,12,6,1,>50,34.53333333333333,4.0,2.0,0.5,334,103,6136.82,0.28,0.75,0.75,0.0,0.0,0,0,0.0,0.0,0,0,0.0,0.0,0,0,0.0,24547.28,4,2,0.5,0
LGS2ORD0045699,C017343,2025-12-28 22:00:00,Female,30,Bronze,CallCenter,Bangkok,617,TV_Show,Credit_Card,22,12,6,1,20-30,20.566666666666666,4.0,3.0,0.75,61,72,3115.88,0.28,0.5,0.5,0.0,0.0,0,0,0.0,0.0,0,0,0.0,6551.92,2,2,1.0,12463.52,4,3,0.75,0
LGS2ORD0045700,C016522,2025-12-28 22:00:00,Female,46,Bronze,Shopee,Bangkok,1331,CallCenter,Bank_Transfer,22,12,6,1,40-50,44.36666666666667,10.0,3.0,0.3,81,49,5106.553999999999,0.28,0.6,0.1,0.0,0.0,0,0,0.0,0.0,0,0,0.0,5251.99,3,1,0.3333333333333333,51065.53999999999,10,3,0.3,0
LGS2ORD0045701,C013919,2025-12-28 22:00:00,Female,33,Silver,Shopee,Khon Kaen,1484,CallCenter,Credit_Card,22,12,6,1,30-40,49.46666666666667,8.0,2.0,0.25,-5,8,1698.5175,0.25,0.5,0.125,0.0,0.0,0,0,0.0,472.68,1,1,1.0,7207.55,4,1,0.25,13588.14,8,2,0.25,0
LGS2ORD0045702,C011620,2025-12-28 22:00:00,Female,39,Gold,Web,Bangkok,443,Web,Credit_Card,22,12,6,1,30-40,14.766666666666667,4.0,1.0,0.25,1,12,1613.185,0.33,0.5,0.75,0.0,0.0,0,0,0.0,4891.63,2,1,0.5,5954.780000000001,3,1,0.3333333333333333,6452.74,4,1,0.25,0
LGS2ORD0045703,C014312,2025-12-28 22:00:00,Female,41,Silver,CallCenter,Bangkok,405,Web,COD,22,12,6,1,40-50,13.5,10.0,1.0,0.1,342,31,3254.643,0.3,0.3,0.2,0.0,0.0,0,0,0.0,0.0,0,0,0.0,3950.91,1,0,0.0,32546.43,10,1,0.1,0
LGS2ORD0045704,C013330,2025-12-28 22:00:00,Male,37,Gold,Shopee,Bangkok,867,Web,Credit_Card,22,12,6,1,30-40,28.9,4.0,1.0,0.25,43,49,4505.45,0.33,0.5,0.5,0.0,0.0,0,0,0.0,0.0,0,0,0.0,8535.02,2,1,0.5,18021.8,4,1,0.25,0
LGS2ORD0045705,C016790,2025-12-28 23:00:00,Male,30,Bronze,Web,Nakhon Ratchasima,1473,TV_Show,PromptPay,23,12,6,1,20-30,49.1,2.0,0.0,0.0,-1,50,10489.055,0.08,0.5,0.0,0.0,0.0,0,0,0.0,0.0,0,0,0.0,3207.39,1,0,0.0,20978.11,2,0,0.0,0
LGS2ORD0045706,C013697,2025-12-28 23:00:00,Male,66,Bronze,Lazada,Songkhla,1787,CallCenter,Credit_Card,23,12,6,1,>50,59.56666666666667,4.0,2.0,0.5,95,42,7002.845,0.23,0.75,0.25,0.0,0.0,0,0,0.0,0.0,0,0,0.0,7692.06,1,0,0.0,28011.38,4,2,0.5,1
LGS2ORD0045707,C013607,2025-12-28 23:00:00,Female,34,Silver,Lazada,Nakhon Ratchasima,1235,Shopee,COD,23,12,6,1,30-40,41.166666666666664,4.0,0.0,0.0,-1,3,888.115,0.3,0.25,0.5,0.0,1811.97,1,0,0.0,1811.97,1,0,0.0,1811.97,1,0,0.0,3552.46,4,0,0.0,0
LGS2ORD0045708,C010912,2025-12-28 23:00:00,Male,40,Silver,Lazada,Khon Kaen,968,Web,COD,23,12,6,1,30-40,32.266666666666666,8.0,1.0,0.125,264,95,8494.58125,0.3,0.25,0.25,0.0,0.0,0,0,0.0,0.0,0,0,0.0,0.0,0,0,0.0,67956.65,8,1,0.125,1
LGS2ORD0045709,C011594,2025-12-28 23:00:00,Female,27,Gold,CallCenter,Bangkok,1700,Web,COD,23,12,6,1,20-30,56.666666666666664,7.0,0.0,0.0,-1,21,5925.898571428572,0.28,0.42857142857142855,0.42857142857142855,0.0,0.0,0,0,0.0,4935.9,1,0,0.0,4935.9,1,0,0.0,41481.29,7,0,0.0,0
LGS2ORD0045710,C014136,2025-12-29 00:00:00,Other,57,Bronze,CallCenter,Khon Kaen,504,Lazada,COD,0,12,0,0,>50,16.8,7.0,2.0,0.2857142857142857,163,126,7503.847142857144,0.28,0.8571428571428571,0.2857142857142857,0.0,0.0,0,0,0.0,0.0,0,0,0.0,0.0,0,0,0.0,52526.93000000001,7,2,0.2857142857142857,0
LGS2ORD0045711,C012578,2025-12-29 00:00:00,Female,41,Bronze,Web,Chiang Mai,926,Shopee,Bank_Transfer,0,12,0,0,40-50,30.866666666666667,10.0,1.0,0.1,264,11,9498.552000000001,0.28,0.4,0.2,0.0,0.0,0,0,0.0,6853.43,1,0,0.0,22590.48,2,0,0.0,94985.52000000002,10,1,0.1,0
LGS2ORD0045712,C016692,2025-12-29 00:00:00,Female,60,Gold,Lazada,Chiang Mai,649,Web,COD,0,12,0,0,>50,21.633333333333333,6.0,2.0,0.3333333333333333,245,95,7596.795000000002,0.33,0.6666666666666666,0.5,0.0,0.0,0,0,0.0,0.0,0,0,0.0,0.0,0,0,0.0,45580.77000000001,6,2,0.3333333333333333,0
LGS2ORD0045713,C017544,2025-12-29 00:00:00,Female,51,Bronze,CallCenter,Bangkok,1037,CallCenter,Bank_Transfer,0,12,0,0,>50,34.56666666666667,10.0,4.0,0.4,113,117,7575.959999999999,0.23,0.5,0.3,0.0,0.0,0,0,0.0,0.0,0,0,0.0,0.0,0,0,0.0,75759.59999999999,10,4,0.4,1
LGS2ORD0045714,C015614,2025-12-29 00:00:00,Male,56,Bronze,TV,Khon Kaen,1323,TV_Show,COD,0,12,0,0,>50,44.1,11.0,3.0,0.2727272727272727,203,9,4689.190000000001,0.28,0.5454545454545454,0.45454545454545453,0.0,0.0,0,0,0.0,3085.66,1,0,0.0,7447.18,2,0,0.0,51581.09000000001,11,3,0.2727272727272727,0
LGS2ORD0045715,C012528,2025-12-29 01:00:00,Male,45,Gold,TV,Remote_Area,411,TV_Show,Credit_Card,1,12,0,0,40-50,13.7,6.0,1.0,0.16666666666666666,102,4,8263.336666666668,0.2299999999999999,0.5,0.16666666666666666,0.0,4343.57,1,0,0.0,4343.57,1,0,0.0,13284.97,2,0,0.0,49580.020000000004,6,1,0.16666666666666666,0
LGS2ORD0045716,C011442,2025-12-29 01:00:00,Female,59,Silver,TV,Phuket,640,Web,COD,1,12,0,0,>50,21.333333333333332,5.0,2.0,0.4,80,35,5517.822,0.3,0.6,0.4,0.0,0.0,0,0,0.0,0.0,0,0,0.0,18451.52,2,0,0.0,27589.11,5,2,0.4,0
LGS2ORD0045717,C010330,2025-12-29 01:00:00,Female,43,Bronze,TV,Bangkok,407,CallCenter,Bank_Transfer,1,12,0,0,40-50,13.566666666666666,7.0,2.0,0.2857142857142857,162,24,2941.2428571428572,0.28,0.7142857142857143,0.42857142857142855,0.0,0.0,0,0,0.0,2008.78,1,0,0.0,2008.78,1,0,0.0,20588.7,7,2,0.2857142857142857,0
LGS2ORD0045718,C010127,2025-12-29 01:00:00,Female,57,Bronze,Web,Songkhla,464,Lazada,COD,1,12,0,0,>50,15.466666666666667,7.0,2.0,0.2857142857142857,64,20,3081.6042857142857,0.28,0.5714285714285714,0.5714285714285714,0.0,0.0,0,0,0.0,586.64,1,0,0.0,12038.099999999999,3,1,0.3333333333333333,21571.23,7,2,0.2857142857142857,0
LGS2ORD0045719,C016710,2025-12-29 01:00:00,Male,40,Bronze,TV,Chiang Mai,395,CallCenter,COD,1,12,0,0,30-40,13.166666666666666,9.0,1.0,0.1111111111111111,2,11,4490.044444444444,0.28,0.6666666666666666,0.3333333333333333,0.0,0.0,0,0,0.0,10573.79,2,1,0.5,10573.79,2,1,0.5,40410.399999999994,9,1,0.1111111111111111,1
LGS2ORD0045720,C013921,2025-12-29 02:00:00,Female,41,Gold,Shopee,Bangkok,1176,Shopee,Credit_Card,2,12,0,0,40-50,39.2,3.0,0.0,0.0,-1,86,3121.5266666666666,0.28,0.0,0.3333333333333333,0.0,0.0,0,0,0.0,0.0,0,0,0.0,3205.61,1,0,0.0,9364.58,3,0,0.0,0
LGS2ORD0045721,C013195,2025-12-29 02:00:00,Female,37,Gold,Web,Khon Kaen,1356,Shopee,COD,2,12,0,0,30-40,45.2,8.0,1.0,0.125,-8,3,6477.90625,0.33,0.5,0.375,0.0,4789.43,1,1,1.0,4789.43,1,1,1.0,9885.01,2,1,0.5,51823.25,8,1,0.125,0
LGS2ORD0045722,C016278,2025-12-29 02:00:00,Female,59,Bronze,Shopee,Phuket,1472,Shopee,Credit_Card,2,12,0,0,>50,49.06666666666667,4.0,1.0,0.25,267,95,1906.2675000000002,0.28,0.75,0.5,0.0,0.0,0,0,0.0,0.0,0,0,0.0,0.0,0,0,0.0,7625.070000000001,4,1,0.25,1
LGS2ORD0045723,C017238,2025-12-29 02:00:00,Female,35,Bronze,TV,Phuket,385,Lazada,Credit_Card,2,12,0,0,30-40,12.833333333333334,1.0,0.0,0.0,-1,324,10848.23,0.08,0.0,0.0,0.0,0.0,0,0,0.0,0.0,0,0,0.0,0.0,0,0,0.0,10848.23,1,0,0.0,0
LGS2ORD0045724,C015181,2025-12-29 02:00:00,Male,39,Bronze,Shopee,Remote_Area,807,Shopee,Credit_Card,2,12,0,0,30-40,26.9,10.0,3.0,0.3,54,56,7427.346,0.28,0.6,0.3,0.0,0.0,0,0,0.0,0.0,0,0,0.0,7782.49,2,1,0.5,74273.45999999999,10,3,0.3,0
LGS2ORD0045725,C015139,2025-12-29 02:00:00,Female,57,Bronze,Lazada,Bangkok,981,Web,PromptPay,2,12,0,0,>50,32.7,7.0,0.0,0.0,-1,0,1932.2042857142858,0.23,0.42857142857142855,0.14285714285714285,0.0,5186.76,1,0,0.0,5186.76,1,0,0.0,5835.52,2,0,0.0,13525.43,7,0,0.0,0
LGS2ORD0045726,C012388,2025-12-29 03:00:00,Male,43,Bronze,Shopee,Phuket,711,Web,COD,3,12,0,0,40-50,23.7,9.0,2.0,0.2222222222222222,49,55,8369.837777777779,0.18,0.4444444444444444,0.0,0.0,0.0,0,0,0.0,0.0,0,0,0.0,5882.17,2,1,0.5,75328.54000000001,9,2,0.2222222222222222,1
LGS2ORD0045727,C010597,2025-12-29 03:00:00,Male,65,Bronze,Shopee,Bangkok,397,Shopee,COD,3,12,0,0,>50,13.233333333333333,14.0,3.0,0.21428571428571427,56,32,6448.148571428573,0.28,0.5,0.5714285714285714,0.07142857142857142,0.0,0,0,0.0,0.0,0,0,0.0,17455.19,4,1,0.25,90274.08000000002,14,3,0.21428571428571427,0
LGS2ORD0045728,C017468,2025-12-29 03:00:00,Female,53,Bronze,Web,Remote_Area,678,Web,COD,3,12,0,0,>50,22.6,4.0,1.0,0.25,290,15,5031.965,0.18,0.5,0.0,0.0,0.0,0,0,0.0,2376.74,1,0,0.0,11527.039999999999,2,0,0.0,20127.86,4,1,0.25,1
LGS2ORD0045729,C013318,2025-12-29 03:00:00,Male,47,Bronze,Lazada,Bangkok,566,TV_Show,COD,3,12,0,0,40-50,18.866666666666667,5.0,2.0,0.4,18,4,4504.076,0.28,0.6,0.4,0.0,3322.37,1,0,0.0,10532.61,2,1,0.5,10532.61,2,1,0.5,22520.38,5,2,0.4,0
LGS2ORD0045730,C012793,2025-12-29 03:00:00,Female,51,Bronze,Shopee,Bangkok,1753,TV_Show,COD,3,12,0,0,>50,58.43333333333333,2.0,1.0,0.5,191,198,1518.4299999999998,0.28,0.5,0.5,0.0,0.0,0,0,0.0,0.0,0,0,0.0,0.0,0,0,0.0,3036.8599999999997,2,1,0.5,0
LGS2ORD0045731,C012031,2025-12-29 04:00:00,Female,27,Silver,Web,Khon Kaen,1178,TV_Show,PromptPay,4,12,0,0,20-30,39.266666666666666,12.0,2.0,0.16666666666666666,47,32,7344.388333333333,0.25,0.5,0.25,0.0,0.0,0,0,0.0,0.0,0,0,0.0,38170.78,4,1,0.25,88132.66,12,2,0.16666666666666666,0
LGS2ORD0045732,C016283,2025-12-29 04:00:00,Male,42,Gold,CallCenter,Phuket,1707,Shopee,Credit_Card,4,12,0,0,40-50,56.9,4.0,0.0,0.0,-1,132,3790.6625,0.2299999999999999,0.75,0.25,0.0,0.0,0,0,0.0,0.0,0,0,0.0,0.0,0,0,0.0,15162.65,4,0,0.0,1
LGS2ORD0045733,C010174,2025-12-29 04:00:00,Female,41,Bronze,TV,Chonburi,1026,TV_Show,Bank_Transfer,4,12,0,0,40-50,34.2,9.0,0.0,0.0,-1,27,6872.664444444444,0.28,0.4444444444444444,0.2222222222222222,0.0,0.0,0,0,0.0,9630.8,1,0,0.0,36134.89,5,0,0.0,61853.979999999996,9,0,0.0,0
LGS2ORD0045734,C013111,2025-12-29 04:00:00,Female,46,Platinum,TV,Bangkok,1630,Web,Credit_Card,4,12,0,0,40-50,54.333333333333336,3.0,0.0,0.0,-1,42,10989.506666666668,0.3,0.3333333333333333,0.6666666666666666,0.0,0.0,0,0,0.0,0.0,0,0,0.0,5334.03,2,0,0.0,32968.520000000004,3,0,0.0,0
LGS2ORD0045735,C015997,2025-12-29 04:00:00,Male,49,Gold,Lazada,Bangkok,597,TV_Show,Credit_Card,4,12,0,0,40-50,19.9,2.0,0.0,0.0,-1,171,2861.605,0.33,0.0,0.5,0.0,0.0,0,0,0.0,0.0,0,0,0.0,0.0,0,0,0.0,5723.21,2,0,0.0,0
LGS2ORD0045736,C012985,2025-12-29 05:00:00,Female,53,Platinum,Shopee,Remote_Area,499,TV_Show,PromptPay,5,12,0,0,>50,16.633333333333333,5.0,1.0,0.2,18,29,2678.3659999999995,0.3,1.0,0.8,0.0,0.0,0,0,0.0,3458.62,1,1,1.0,3458.62,1,1,1.0,13391.829999999998,5,1,0.2,0
LGS2ORD0045737,C010163,2025-12-29 05:00:00,Female,26,Platinum,TV,Phuket,1036,Web,COD,5,12,0,0,20-30,34.53333333333333,5.0,2.0,0.4,83,36,6477.746,0.35,0.6,0.2,0.0,0.0,0,0,0.0,0.0,0,0,0.0,174.14,1,0,0.0,32388.73,5,2,0.4,0
LGS2ORD0045738,C012620,2025-12-29 05:00:00,Male,27,Silver,TV,Bangkok,1780,Lazada,COD,5,12,0,0,20-30,59.333333333333336,6.0,1.0,0.16666666666666666,76,1,6001.0233333333335,0.3,0.5,0.5,0.0,4987.48,1,0,0.0,4987.48,1,0,0.0,7213.699999999999,2,0,0.0,36006.14,6,1,0.16666666666666666,1
LGS2ORD0045739,C016689,2025-12-29 05:00:00,Female,42,Silver,TV,Chiang Mai,1787,Shopee,COD,5,12,0,0,40-50,59.56666666666667,8.0,4.0,0.5,-10,4,6882.66625,0.25,0.875,0.125,0.0,804.47,1,1,1.0,804.47,1,1,1.0,804.47,1,1,1.0,55061.33,8,4,0.5,0
LGS2ORD0045740,C016895,2025-12-29 05:00:00,Female,34,Bronze,TV,Bangkok,1556,Shopee,COD,5,12,0,0,30-40,51.86666666666667,6.0,1.0,0.16666666666666666,95,105,8112.553333333333,0.28,0.3333333333333333,0.3333333333333333,0.0,0.0,0,0,0.0,0.0,0,0,0.0,0.0,0,0,0.0,48675.32,6,1,0.16666666666666666,0
LGS2ORD0045741,C012522,2025-12-29 06:00:00,Male,39,Bronze,TV,Songkhla,1673,Shopee,Bank_Transfer,6,12,0,0,30-40,55.766666666666666,4.0,1.0,0.25,182,183,5256.9675,0.23,0.25,0.5,0.0,0.0,0,0,0.0,0.0,0,0,0.0,0.0,0,0,0.0,21027.87,4,1,0.25,0
LGS2ORD0045742,C016613,2025-12-29 06:00:00,Female,33,Silver,Web,Chiang Mai,560,Shopee,Credit_Card,6,12,0,0,30-40,18.666666666666668,4.0,0.0,0.0,-1,108,7475.6675,0.2,0.75,0.0,0.0,0.0,0,0,0.0,0.0,0,0,0.0,0.0,0,0,0.0,29902.67,4,0,0.0,0
LGS2ORD0045743,C014750,2025-12-29 06:00:00,Male,39,Bronze,Lazada,Bangkok,1686,Web,COD,6,12,0,0,30-40,56.2,8.0,1.0,0.125,244,19,2958.4987499999997,0.28,0.625,0.25,0.0,0.0,0,0,0.0,3339.36,1,0,0.0,4254.52,2,0,0.0,23667.989999999998,8,1,0.125,0
LGS2ORD0045744,C017008,2025-12-29 06:00:00,Female,46,Bronze,Web,Bangkok,1390,TV_Show,Bank_Transfer,6,12,0,0,40-50,46.333333333333336,8.0,5.0,0.625,15,29,4891.612500000001,0.28,0.5,0.125,0.0,0.0,0,0,0.0,1644.97,1,1,1.0,8554.68,3,3,1.0,39132.90000000001,8,5,0.625,0
LGS2ORD0045745,C013136,2025-12-29 06:00:00,Female,50,Bronze,CallCenter,Bangkok,604,Shopee,PromptPay,6,12,0,0,40-50,20.133333333333333,5.0,0.0,0.0,-1,15,1773.134,0.18,0.2,0.0,0.0,0.0,0,0,0.0,724.18,1,0,0.0,724.18,1,0,0.0,8865.67,5,0,0.0,0
LGS2ORD0045746,C014311,2025-12-29 06:00:00,Female,46,Bronze,Web,Chiang Mai,1092,CallCenter,COD,6,12,0,0,40-50,36.4,11.0,2.0,0.18181818181818182,184,4,7515.067272727273,0.28,0.45454545454545453,0.45454545454545453,0.0,19050.94,2,0,0.0,28346.120000000003,3,0,0.0,32007.42,5,0,0.0,82665.74,11,2,0.18181818181818182,0
LGS2ORD0045747,C012719,2025-12-29 07:00:00,Male,62,Silver,Shopee,Chiang Mai,1485,Shopee,COD,7,12,0,0,>50,49.5,8.0,0.0,0.0,-1,25,6709.60125,0.25,0.75,0.375,0.0,0.0,0,0,0.0,1932.56,1,0,0.0,5896.76,2,0,0.0,53676.81,8,0,0.0,0
LGS2ORD0045748,C010714,2025-12-29 07:00:00,Female,49,Bronze,TV,Remote_Area,1242,Web,COD,7,12,0,0,40-50,41.4,8.0,2.0,0.25,250,61,5415.251249999999,0.28,0.375,0.5,0.0,0.0,0,0,0.0,0.0,0,0,0.0,9678.23,1,0,0.0,43322.009999999995,8,2,0.25,1
LGS2ORD0045749,C011924,2025-12-29 07:00:00,Female,32,Bronze,TV,Chonburi,637,Shopee,COD,7,12,0,0,30-40,21.233333333333334,11.0,4.0,0.36363636363636365,54,2,6241.58909090909,0.28,0.5454545454545454,0.36363636363636365,0.0,788.82,1,0,0.0,1569.0,2,0,0.0,9017.58,4,1,0.25,68657.48,11,4,0.36363636363636365,0
LGS2ORD0045750,C014676,2025-12-29 07:00:00,Female,43,Bronze,TV,Nakhon Ratchasima,720,Web,Credit_Card,7,12,0,0,40-50,24.0,7.0,2.0,0.2857142857142857,150,58,5160.5485714285705,0.23,0.7142857142857143,0.14285714285714285,0.0,0.0,0,0,0.0,0.0,0,0,0.0,4430.1,1,0,0.0,36123.84,7,2,0.2857142857142857,0
LGS2ORD0045751,C011267,2025-12-29 07:00:00,Female,48,Gold,TV,Bangkok,1407,TV_Show,COD,7,12,0,0,40-50,46.9,8.0,1.0,0.125,320,13,4135.82,0.28,0.5,0.375,0.0,0.0,0,0,0.0,3068.78,1,0,0.0,5768.6,3,0,0.0,33086.56,8,1,0.125,0
LGS2ORD0045752,C010028,2025-12-29 08:00:00,Male,32,Bronze,TV,Phuket,1072,Shopee,Credit_Card,8,12,0,0,30-40,35.733333333333334,11.0,6.0,0.5454545454545454,26,24,6054.6336363636365,0.28,0.45454545454545453,0.36363636363636365,0.0,0.0,0,0,0.0,2605.77,1,0,0.0,3952.67,2,1,0.5,66600.97,11,6,0.5454545454545454,1
LGS2ORD0045753,C010835,2025-12-29 08:00:00,Female,43,Bronze,Lazada,Nakhon Ratchasima,1670,Lazada,Bank_Transfer,8,12,0,0,40-50,55.666666666666664,4.0,1.0,0.25,212,90,1750.4,0.28,0.5,0.5,0.0,0.0,0,0,0.0,0.0,0,0,0.0,0.0,0,0,0.0,7001.6,4,1,0.25,0
LGS2ORD0045754,C014568,2025-12-29 08:00:00,Male,36,Bronze,Shopee,Bangkok,1492,Lazada,COD,8,12,0,0,30-40,49.733333333333334,3.0,0.0,0.0,-1,123,9978.433333333332,0.28,1.0,0.3333333333333333,0.0,0.0,0,0,0.0,0.0,0,0,0.0,0.0,0,0,0.0,29935.3,3,0,0.0,0
LGS2ORD0045755,C015250,2025-12-29 08:00:00,Male,52,Gold,TV,Bangkok,962,Web,COD,8,12,0,0,>50,32.06666666666667,9.0,0.0,0.0,-1,7,5330.297777777777,0.28,0.2222222222222222,0.6666666666666666,0.0,0.0,0,0,0.0,12899.17,1,0,0.0,21875.77,3,0,0.0,47972.67999999999,9,0,0.0,0
LGS2ORD0045756,C013604,2025-12-29 08:00:00,Female,40,Bronze,TV,Khon Kaen,506,Web,Credit_Card,8,12,0,0,30-40,16.866666666666667,7.0,4.0,0.5714285714285714,66,4,4163.154285714286,0.23,0.7142857142857143,0.42857142857142855,0.0,9385.46,1,0,0.0,9385.46,1,0,0.0,9957.47,2,1,0.5,29142.079999999998,7,4,0.5714285714285714,1
LGS2ORD0045757,C012498,2025-12-29 09:00:00,Male,46,Silver,TV,Nakhon Ratchasima,1092,Shopee,COD,9,12,0,0,40-50,36.4,5.0,2.0,0.4,-7,1,9952.63,0.2,0.6,0.0,0.0,17700.97,2,1,0.5,34824.399999999994,4,2,0.5,34824.399999999994,4,2,0.5,49763.149999999994,5,2,0.4,1
LGS2ORD0045758,C010879,2025-12-29 09:00:00,Male,44,Bronze,Web,Bangkok,1686,Web,COD,9,12,0,0,40-50,56.2,11.0,2.0,0.18181818181818182,47,57,6258.966363636364,0.28,0.2727272727272727,0.36363636363636365,0.0,0.0,0,0,0.0,0.0,0,0,0.0,3975.46,2,1,0.5,68848.63,11,2,0.18181818181818182,1
LGS2ORD0045759,C017321,2025-12-29 09:00:00,Male,62,Silver,Lazada,Khon Kaen,1184,TV_Show,Credit_Card,9,12,0,0,>50,39.46666666666667,3.0,0.0,0.0,-1,9,9123.826666666666,0.25,0.3333333333333333,0.3333333333333333,0.0,0.0,0,0,0.0,19016.62,1,0,0.0,22782.489999999998,2,0,0.0,27371.48,3,0,0.0,0
LGS2ORD0045760,C014424,2025-12-29 09:00:00,Male,18,Bronze,CallCenter,Chiang Mai,1000,Shopee,COD,9,12,0,0,<20,33.333333333333336,4.0,1.0,0.25,130,36,5946.327499999999,0.28,0.75,0.5,0.0,0.0,0,0,0.0,0.0,0,0,0.0,10601.94,2,0,0.0,23785.309999999998,4,1,0.25,0
LGS2ORD0045761,C015030,2025-12-29 09:00:00,Female,69,Silver,Web,Bangkok,727,Web,COD,9,12,0,0,>50,24.233333333333334,5.0,1.0,0.2,-3,11,4073.8079999999995,0.3,0.6,0.4,0.0,0.0,0,0,0.0,2386.19,1,1,1.0,5762.46,2,1,0.5,20369.039999999997,5,1,0.2,0
LGS2ORD0045762,C012700,2025-12-29 10:00:00,Male,34,Platinum,TV,Chiang Mai,717,TV_Show,Credit_Card,10,12,0,0,30-40,23.9,8.0,3.0,0.375,141,69,3247.79,0.35,0.625,0.875,0.0,0.0,0,0,0.0,0.0,0,0,0.0,4607.52,1,0,0.0,25982.32,8,3,0.375,0
LGS2ORD0045763,C017922,2025-12-29 10:00:00,Male,42,Bronze,CallCenter,Khon Kaen,1214,Shopee,Bank_Transfer,10,12,0,0,40-50,40.46666666666667,17.0,4.0,0.23529411764705882,61,9,2944.52,0.23,0.5294117647058824,0.11764705882352941,0.0,0.0,0,0,0.0,3480.31,2,0,0.0,14298.56,6,1,0.16666666666666666,50056.84,17,4,0.23529411764705882,0
LGS2ORD0045764,C016917,2025-12-29 10:00:00,Female,48,Bronze,TV,Chonburi,1410,Web,COD,10,12,0,0,40-50,47.0,9.0,2.0,0.2222222222222222,70,77,6108.134444444445,0.28,0.5555555555555556,0.4444444444444444,0.0,0.0,0,0,0.0,0.0,0,0,0.0,3002.94,1,1,1.0,54973.21000000001,9,2,0.2222222222222222,0
LGS2ORD0045765,C013743,2025-12-29 10:00:00,Female,26,Bronze,Lazada,Bangkok,1342,CallCenter,COD,10,12,0,0,20-30,44.733333333333334,2.0,0.0,0.0,-1,17,2320.0,0.28,0.0,0.5,0.0,0.0,0,0,0.0,1101.04,1,0,0.0,1101.04,1,0,0.0,4640.0,2,0,0.0,0
LGS2ORD0045766,C014972,2025-12-29 10:00:00,Male,30,Bronze,CallCenter,Nakhon Ratchasima,1640,Lazada,Bank_Transfer,10,12,0,0,20-30,54.666666666666664,8.0,0.0,0.0,-1,33,11307.36,0.28,0.25,0.375,0.0,0.0,0,0,0.0,0.0,0,0,0.0,4466.110000000001,2,0,0.0,90458.88,8,0,0.0,0
LGS2ORD0045767,C017886,2025-12-29 10:00:00,Female,54,Silver,TV,Chiang Mai,766,Lazada,Credit_Card,10,12,0,0,>50,25.533333333333335,12.0,3.0,0.25,104,39,4923.1658333333335,0.3,0.5833333333333334,0.3333333333333333,0.0,0.0,0,0,0.0,0.0,0,0,0.0,10702.880000000001,3,0,0.0,59077.990000000005,12,3,0.25,0
LGS2ORD0045768,C016286,2025-12-29 11:00:00,Male,47,Gold,CallCenter,Nakhon Ratchasima,1560,Lazada,Bank_Transfer,11,12,0,0,40-50,52.0,6.0,1.0,0.16666666666666666,163,168,7654.298333333333,0.33,0.16666666666666666,0.6666666666666666,0.0,0.0,0,0,0.0,0.0,0,0,0.0,0.0,0,0,0.0,45925.79,6,1,0.16666666666666666,0
LGS2ORD0045769,C013703,2025-12-29 11:00:00,Female,60,Bronze,TV,Remote_Area,696,Lazada,COD,11,12,0,0,>50,23.2,4.0,0.0,0.0,-1,46,783.315,0.13,0.5,0.0,0.0,0.0,0,0,0.0,0.0,0,0,0.0,1034.43,1,0,0.0,3133.26,4,0,0.0,0
LGS2ORD0045770,C014766,2025-12-29 11:00:00,Female,55,Bronze,TV,Songkhla,1708,Shopee,Credit_Card,11,12,0,0,>50,56.93333333333333,5.0,1.0,0.2,171,0,9250.278000000002,0.28,0.4,0.4,0.0,636.97,1,0,0.0,636.97,1,0,0.0,636.97,1,0,0.0,46251.39000000001,5,1,0.2,0
LGS2ORD0045771,C015068,2025-12-29 11:00:00,Male,48,Bronze,TV,Chiang Mai,1350,Shopee,COD,11,12,0,0,40-50,45.0,7.0,1.0,0.14285714285714285,352,9,6400.857142857143,0.23,0.7142857142857143,0.14285714285714285,0.0,0.0,0,0,0.0,23736.91,1,0,0.0,24383.55,2,0,0.0,44806.0,7,1,0.14285714285714285,0
LGS2ORD0045772,C012160,2025-12-29 11:00:00,Female,48,Bronze,Lazada,Songkhla,641,TV_Show,COD,11,12,0,0,40-50,21.366666666666667,5.0,1.0,0.2,68,32,1541.874,0.23,0.2,0.2,0.0,0.0,0,0,0.0,0.0,0,0,0.0,4850.25,3,1,0.3333333333333333,7709.37,5,1,0.2,0
LGS2ORD0045773,C014003,2025-12-29 12:00:00,Female,46,Bronze,Shopee,Chiang Mai,395,Shopee,COD,12,12,0,0,40-50,13.166666666666666,4.0,0.0,0.0,-1,44,6205.08,0.18,0.75,0.0,0.0,0.0,0,0,0.0,0.0,0,0,0.0,6179.94,1,0,0.0,24820.32,4,0,0.0,0
LGS2ORD0045774,C013499,2025-12-29 12:00:00,Male,36,Bronze,Web,Khon Kaen,1023,TV_Show,COD,12,12,0,0,30-40,34.1,10.0,2.0,0.2,207,91,2936.0170000000003,0.28,0.5,0.3,0.0,0.0,0,0,0.0,0.0,0,0,0.0,0.0,0,0,0.0,29360.170000000002,10,2,0.2,1
LGS2ORD0045775,C011955,2025-12-29 12:00:00,Male,20,Silver,Lazada,Nakhon Ratchasima,1459,Lazada,PromptPay,12,12,0,0,<20,48.63333333333333,10.0,4.0,0.4,6,22,5364.794,0.3,0.7,0.2,0.0,0.0,0,0,0.0,2856.74,1,1,1.0,5389.76,3,3,1.0,53647.939999999995,10,4,0.4,1
LGS2ORD0045776,C017227,2025-12-29 12:00:00,Male,47,Platinum,Shopee,Bangkok,517,Web,COD,12,12,0,0,40-50,17.233333333333334,6.0,1.0,0.16666666666666666,169,112,2460.52,0.35,0.5,0.6666666666666666,0.0,0.0,0,0,0.0,0.0,0,0,0.0,0.0,0,0,0.0,14763.119999999999,6,1,0.16666666666666666,0
LGS2ORD0045777,C010690,2025-12-29 12:00:00,Male,52,Gold,Lazada,Songkhla,1355,Web,COD,12,12,0,0,>50,45.166666666666664,2.0,0.0,0.0,-1,320,1473.1100000000001,0.33,0.5,1.0,0.0,0.0,0,0,0.0,0.0,0,0,0.0,0.0,0,0,0.0,2946.2200000000003,2,0,0.0,0
LGS2ORD0045778,C014504,2025-12-29 13:00:00,Male,47,Bronze,Shopee,Chonburi,1155,TV_Show,PromptPay,13,12,0,0,40-50,38.5,7.0,1.0,0.14285714285714285,0,13,6811.012857142857,0.23,0.42857142857142855,0.14285714285714285,0.0,0.0,0,0,0.0,25829.7,1,1,1.0,33361.36,3,1,0.3333333333333333,47677.09,7,1,0.14285714285714285,0
LGS2ORD0045779,C013541,2025-12-29 13:00:00,Female,35,Gold,TV,Khon Kaen,733,Web,Credit_Card,13,12,0,0,30-40,24.433333333333334,3.0,0.0,0.0,-1,74,3498.316666666667,0.18,0.0,0.0,0.0,0.0,0,0,0.0,0.0,0,0,0.0,2314.19,1,0,0.0,10494.95,3,0,0.0,0
LGS2ORD0045780,C015529,2025-12-29 13:00:00,Male,30,Gold,Web,Chonburi,1128,Shopee,COD,13,12,0,0,20-30,37.6,1.0,0.0,0.0,-1,147,1646.24,0.28,0.0,1.0,0.0,0.0,0,0,0.0,0.0,0,0,0.0,0.0,0,0,0.0,1646.24,1,0,0.0,0
LGS2ORD0045781,C010046,2025-12-29 13:00:00,Female,53,Silver,TV,Chonburi,840,Web,Credit_Card,13,12,0,0,>50,28.0,6.0,1.0,0.16666666666666666,106,60,3737.713333333333,0.3,0.5,0.16666666666666666,0.0,0.0,0,0,0.0,0.0,0,0,0.0,9597.83,2,0,0.0,22426.28,6,1,0.16666666666666666,1
LGS2ORD0045782,C015120,2025-12-29 13:00:00,Female,22,Silver,Web,Bangkok,1483,TV_Show,COD,13,12,0,0,20-30,49.43333333333333,7.0,1.0,0.14285714285714285,71,78,5633.04,0.3,0.5714285714285714,0.2857142857142857,0.0,0.0,0,0,0.0,0.0,0,0,0.0,855.07,1,1,1.0,39431.28,7,1,0.14285714285714285,1
LGS2ORD0045783,C015257,2025-12-29 14:00:00,Female,36,Gold,Shopee,Khon Kaen,1018,TV_Show,COD,14,12,0,0,30-40,33.93333333333333,2.0,0.0,0.0,-1,54,8197.36,0.2299999999999999,0.5,0.5,0.0,0.0,0,0,0.0,0.0,0,0,0.0,2339.22,1,0,0.0,16394.72,2,0,0.0,0
LGS2ORD0045784,C016847,2025-12-29 14:00:00,Male,38,Platinum,Web,Bangkok,445,TV_Show,PromptPay,14,12,0,0,30-40,14.833333333333334,4.0,1.0,0.25,65,69,3424.8325000000004,0.3,1.0,0.5,0.0,0.0,0,0,0.0,0.0,0,0,0.0,2666.4500000000003,2,1,0.5,13699.330000000002,4,1,0.25,0
LGS2ORD0045785,C015558,2025-12-29 14:00:00,Female,43,Gold,TV,Bangkok,430,TV_Show,Credit_Card,14,12,0,0,40-50,14.333333333333334,12.0,2.0,0.16666666666666666,98,1,4544.23,0.33,0.6666666666666666,0.3333333333333333,0.0,4320.31,1,0,0.0,6938.1900000000005,2,0,0.0,11876.89,3,0,0.0,54530.759999999995,12,2,0.16666666666666666,0
LGS2ORD0045786,C011886,2025-12-29 14:00:00,Male,56,Bronze,Lazada,Khon Kaen,1113,TV_Show,COD,14,12,0,0,>50,37.1,10.0,1.0,0.1,256,47,6845.414999999999,0.28,0.4,0.3,0.0,0.0,0,0,0.0,0.0,0,0,0.0,4479.01,1,0,0.0,68454.15,10,1,0.1,0
LGS2ORD0045787,C011073,2025-12-29 14:00:00,Other,32,Silver,Web,Songkhla,829,TV_Show,Credit_Card,14,12,0,0,30-40,27.633333333333333,5.0,3.0,0.6,97,111,2073.4880000000003,0.2,0.4,0.0,0.0,0.0,0,0,0.0,0.0,0,0,0.0,0.0,0,0,0.0,10367.44,5,3,0.6,0
LGS2ORD0045788,C011596,2025-12-29 14:00:00,Female,44,Bronze,Web,Chonburi,1410,Web,Credit_Card,14,12,0,0,40-50,47.0,6.0,1.0,0.16666666666666666,237,66,5526.453333333334,0.23,0.5,0.16666666666666666,0.0,0.0,0,0,0.0,0.0,0,0,0.0,9423.44,1,0,0.0,33158.72,6,1,0.16666666666666666,0
LGS2ORD0045789,C014889,2025-12-29 15:00:00,Female,48,Silver,Web,Chiang Mai,1415,Shopee,PromptPay,15,12,0,0,40-50,47.166666666666664,6.0,2.0,0.3333333333333333,34,19,3316.775,0.3,0.3333333333333333,0.5,0.0,0.0,0,0,0.0,1697.06,1,0,0.0,5300.12,2,1,0.5,19900.65,6,2,0.3333333333333333,0
LGS2ORD0045790,C016259,2025-12-29 15:00:00,Female,53,Silver,TV,Bangkok,1238,TV_Show,Bank_Transfer,15,12,0,0,>50,41.266666666666666,9.0,2.0,0.2222222222222222,176,42,5577.42888888889,0.3,0.5555555555555556,0.1111111111111111,0.0,0.0,0,0,0.0,0.0,0,0,0.0,2907.87,1,0,0.0,50196.86000000001,9,2,0.2222222222222222,0
LGS2ORD0045791,C017509,2025-12-29 15:00:00,Female,54,Silver,Lazada,Bangkok,1672,Shopee,COD,15,12,0,0,>50,55.733333333333334,1.0,0.0,0.0,-1,329,5887.49,0.25,0.0,1.0,0.0,0.0,0,0,0.0,0.0,0,0,0.0,0.0,0,0,0.0,5887.49,1,0,0.0,0
LGS2ORD0045792,C016388,2025-12-29 15:00:00,Male,41,Gold,Web,Bangkok,461,Lazada,PromptPay,15,12,0,0,40-50,15.366666666666667,1.0,0.0,0.0,-1,75,1683.9,0.2299999999999999,1.0,1.0,0.0,0.0,0,0,0.0,0.0,0,0,0.0,1683.9,1,0,0.0,1683.9,1,0,0.0,0
LGS2ORD0045793,C017083,2025-12-29 15:00:00,Male,31,Bronze,Web,Chiang Mai,1349,Shopee,COD,15,12,0,0,30-40,44.96666666666667,13.0,4.0,0.3076923076923077,41,37,5925.504615384615,0.28,0.5384615384615384,0.3076923076923077,0.0,0.0,0,0,0.0,0.0,0,0,0.0,43618.69,3,2,0.6666666666666666,77031.56,13,4,0.3076923076923077,0
LGS2ORD0045794,C010915,2025-12-29 16:00:00,Male,47,Bronze,Lazada,Bangkok,1432,Lazada,COD,16,12,0,0,40-50,47.733333333333334,9.0,1.0,0.1111111111111111,315,60,5991.268888888889,0.23,0.5555555555555556,0.2222222222222222,0.0,0.0,0,0,0.0,0.0,0,0,0.0,4998.2300000000005,2,0,0.0,53921.42,9,1,0.1111111111111111,1
LGS2ORD0045795,C014195,2025-12-29 16:00:00,Male,29,Silver,Shopee,Bangkok,1798,Shopee,Bank_Transfer,16,12,0,0,20-30,59.93333333333333,3.0,1.0,0.3333333333333333,340,208,7082.516666666666,0.25,0.3333333333333333,0.3333333333333333,0.0,0.0,0,0,0.0,0.0,0,0,0.0,0.0,0,0,0.0,21247.55,3,1,0.3333333333333333,0
LGS2ORD0045796,C010618,2025-12-29 16:00:00,Other,45,Bronze,Shopee,Nakhon Ratchasima,1294,TV_Show,COD,16,12,0,0,40-50,43.13333333333333,7.0,0.0,0.0,-1,6,5996.837142857144,0.28,0.2857142857142857,0.42857142857142855,0.0,5113.24,1,0,0.0,5113.24,1,0,0.0,5113.24,1,0,0.0,41977.86000000001,7,0,0.0,0
LGS2ORD0045797,C016969,2025-12-29 16:00:00,Female,33,Silver,Lazada,Chiang Mai,1335,Web,COD,16,12,0,0,30-40,44.5,5.0,0.0,0.0,-1,80,2129.684,0.3,0.4,0.4,0.0,0.0,0,0,0.0,0.0,0,0,0.0,529.77,1,0,0.0,10648.42,5,0,0.0,0
LGS2ORD0045798,C012775,2025-12-29 16:00:00,Male,43,Gold,TV,Khon Kaen,1412,Shopee,COD,16,12,0,0,40-50,47.06666666666667,5.0,2.0,0.4,159,119,4554.99,0.33,0.2,0.8,0.0,0.0,0,0,0.0,0.0,0,0,0.0,0.0,0,0,0.0,22774.95,5,2,0.4,0
LGS2ORD0045799,C011860,2025-12-29 17:00:00,Female,48,Bronze,TV,Bangkok,760,Lazada,PromptPay,17,12,0,0,40-50,25.333333333333332,5.0,1.0,0.2,357,52,5600.616,0.13,0.4,0.0,0.0,0.0,0,0,0.0,0.0,0,0,0.0,3424.05,1,0,0.0,28003.079999999998,5,1,0.2,0
LGS2ORD0045800,C010020,2025-12-29 17:00:00,Male,34,Bronze,TV,Chiang Mai,1748,Web,COD,17,12,0,0,30-40,58.266666666666666,6.0,1.0,0.16666666666666666,72,1,6446.175,0.28,0.6666666666666666,0.8333333333333334,0.0,1519.89,1,0,0.0,1519.89,1,0,0.0,12640.09,2,1,0.5,38677.05,6,1,0.16666666666666666,0
LGS2ORD0045801,C015290,2025-12-29 17:00:00,Female,39,Bronze,Lazada,Chiang Mai,1609,Web,COD,17,12,0,0,30-40,53.63333333333333,6.0,0.0,0.0,-1,134,2662.8416666666667,0.28,0.5,0.16666666666666666,0.0,0.0,0,0,0.0,0.0,0,0,0.0,0.0,0,0,0.0,15977.050000000001,6,0,0.0,1
LGS2ORD0045802,C015948,2025-12-29 17:00:00,Female,43,Silver,Lazada,Chiang Mai,531,CallCenter,COD,17,12,0,0,40-50,17.7,10.0,5.0,0.5,45,55,4038.446999999999,0.25,0.7,0.1,0.0,0.0,0,0,0.0,0.0,0,0,0.0,1810.24,1,1,1.0,40384.469999999994,10,5,0.5,0
LGS2ORD0045803,C015585,2025-12-29 17:00:00,Female,60,Bronze,TV,Bangkok,841,Web,COD,17,12,0,0,>50,28.033333333333335,9.0,2.0,0.2222222222222222,68,26,6503.144444444445,0.28,0.6666666666666666,0.2222222222222222,0.0,0.0,0,0,0.0,8004.97,1,0,0.0,19568.34,3,1,0.3333333333333333,58528.3,9,2,0.2222222222222222,0
LGS2ORD0045804,C012314,2025-12-29 17:00:00,Female,43,Bronze,TV,Chiang Mai,1061,TV_Show,PromptPay,17,12,0,0,40-50,35.36666666666667,7.0,1.0,0.14285714285714285,60,15,4812.9857142857145,0.23,0.7142857142857143,0.42857142857142855,0.0,0.0,0,0,0.0,1763.67,1,0,0.0,19321.010000000002,3,1,0.3333333333333333,33690.9,7,1,0.14285714285714285,0
LGS2ORD0045805,C016584,2025-12-29 18:00:00,Male,62,Gold,Web,Bangkok,764,Web,COD,18,12,0,0,>50,25.466666666666665,9.0,2.0,0.2222222222222222,146,46,4919.721111111111,0.28,0.3333333333333333,0.1111111111111111,0.0,0.0,0,0,0.0,0.0,0,0,0.0,2605.64,1,0,0.0,44277.49,9,2,0.2222222222222222,0
LGS2ORD0045806,C012081,2025-12-29 18:00:00,Male,62,Bronze,Web,Phuket,1722,Web,PromptPay,18,12,0,0,>50,57.4,8.0,3.0,0.375,-1,6,3197.19125,0.28,0.5,0.5,0.0,678.71,1,1,1.0,678.71,1,1,1.0,17096.84,6,3,0.5,25577.53,8,3,0.375,0
LGS2ORD0045807,C016173,2025-12-29 18:00:00,Female,45,Gold,TV,Remote_Area,1372,Web,Credit_Card,18,12,0,0,40-50,45.733333333333334,11.0,1.0,0.09090909090909091,256,87,3888.4772727272725,0.28,0.45454545454545453,0.2727272727272727,0.0,0.0,0,0,0.0,0.0,0,0,0.0,4308.08,1,0,0.0,42773.25,11,1,0.09090909090909091,0
LGS2ORD0045808,C016500,2025-12-29 18:00:00,Male,55,Bronze,TV,Chonburi,1206,Lazada,PromptPay,18,12,0,0,>50,40.2,4.0,1.0,0.25,257,166,1320.4150000000002,0.23,0.5,0.5,0.0,0.0,0,0,0.0,0.0,0,0,0.0,0.0,0,0,0.0,5281.660000000001,4,1,0.25,0
LGS2ORD0045809,C010878,2025-12-29 18:00:00,Male,65,Silver,Lazada,Khon Kaen,697,Web,Credit_Card,18,12,0,0,>50,23.233333333333334,11.0,2.0,0.18181818181818182,37,7,4428.441818181818,0.25,0.6363636363636364,0.09090909090909091,0.0,0.0,0,0,0.0,10440.22,2,0,0.0,25868.82,4,1,0.25,48712.86,11,2,0.18181818181818182,0
LGS2ORD0045810,C015506,2025-12-29 19:00:00,Male,37,Silver,Shopee,Khon Kaen,431,TV_Show,Bank_Transfer,19,12,0,0,30-40,14.366666666666667,7.0,1.0,0.14285714285714285,28,15,5300.581428571428,0.25,0.2857142857142857,0.14285714285714285,0.0,0.0,0,0,0.0,3021.7,2,0,0.0,11706.67,4,1,0.25,37104.06999999999,7,1,0.14285714285714285,0
LGS2ORD0045811,C013851,2025-12-29 19:00:00,Male,42,Bronze,TV,Chiang Mai,983,Shopee,COD,19,12,0,0,40-50,32.766666666666666,5.0,1.0,0.2,38,36,3317.1760000000004,0.23,0.4,0.2,0.0,0.0,0,0,0.0,0.0,0,0,0.0,4094.43,2,1,0.5,16585.88,5,1,0.2,1
LGS2ORD0045812,C014234,2025-12-29 19:00:00,Male,46,Bronze,TV,Chiang Mai,1124,Shopee,COD,19,12,0,0,40-50,37.46666666666667,3.0,1.0,0.3333333333333333,77,89,1889.6166666666668,0.18,0.3333333333333333,0.0,0.0,0.0,0,0,0.0,0.0,0,0,0.0,2373.62,1,1,1.0,5668.85,3,1,0.3333333333333333,0
LGS2ORD0045813,C012208,2025-12-29 19:00:00,Female,39,Bronze,Lazada,Bangkok,1488,Lazada,Credit_Card,19,12,0,0,30-40,49.6,2.0,0.0,0.0,-1,33,3723.6549999999997,0.08,0.5,0.0,0.0,0.0,0,0,0.0,0.0,0,0,0.0,3349.93,1,0,0.0,7447.3099999999995,2,0,0.0,0
LGS2ORD0045814,C011472,2025-12-29 19:00:00,Male,22,Bronze,Lazada,Chonburi,492,TV_Show,Bank_Transfer,19,12,0,0,20-30,16.4,8.0,2.0,0.25,5,19,5221.2675,0.28,0.375,0.25,0.0,0.0,0,0,0.0,1761.26,1,1,1.0,3309.62,2,1,0.5,41770.14,8,2,0.25,1
LGS2ORD0045815,C017315,2025-12-29 20:00:00,Male,42,Bronze,TV,Songkhla,1087,Lazada,PromptPay,20,12,0,0,40-50,36.233333333333334,3.0,1.0,0.3333333333333333,151,158,2783.2033333333334,0.18,0.3333333333333333,0.0,0.0,0.0,0,0,0.0,0.0,0,0,0.0,0.0,0,0,0.0,8349.61,3,1,0.3333333333333333,0
LGS2ORD0045816,C014063,2025-12-29 20:00:00,Male,40,Gold,TV,Chonburi,1420,Lazada,COD,20,12,0,0,30-40,47.333333333333336,3.0,0.0,0.0,-1,295,4498.693333333333,0.2299999999999999,0.3333333333333333,0.6666666666666666,0.0,0.0,0,0,0.0,0.0,0,0,0.0,0.0,0,0,0.0,13496.079999999998,3,0,0.0,1
LGS2ORD0045817,C012495,2025-12-29 20:00:00,Female,38,Silver,Shopee,Nakhon Ratchasima,998,Lazada,Bank_Transfer,20,12,0,0,30-40,33.266666666666666,7.0,1.0,0.14285714285714285,230,22,9606.824285714285,0.25,0.7142857142857143,0.2857142857142857,0.0,0.0,0,0,0.0,37024.6,2,0,0.0,49005.81,3,0,0.0,67247.76999999999,7,1,0.14285714285714285,0
LGS2ORD0045818,C014233,2025-12-29 20:00:00,Female,41,Gold,TV,Bangkok,1370,Web,PromptPay,20,12,0,0,40-50,45.666666666666664,8.0,2.0,0.25,110,11,7117.37625,0.28,0.5,0.5,0.0,0.0,0,0,0.0,31589.05,1,0,0.0,40392.69,4,0,0.0,56939.01,8,2,0.25,0
LGS2ORD0045819,C015337,2025-12-29 20:00:00,Female,41,Bronze,TV,Chonburi,577,TV_Show,COD,20,12,0,0,40-50,19.233333333333334,7.0,1.0,0.14285714285714285,157,15,7498.700000000002,0.28,0.5714285714285714,0.2857142857142857,0.0,0.0,0,0,0.0,546.52,1,0,0.0,546.52,1,0,0.0,52490.90000000001,7,1,0.14285714285714285,0
LGS2ORD0045820,C014540,2025-12-29 21:00:00,Female,47,Bronze,TV,Chiang Mai,494,Lazada,PromptPay,21,12,0,0,40-50,16.466666666666665,6.0,2.0,0.3333333333333333,220,233,3532.2666666666664,0.23,0.5,0.16666666666666666,0.0,0.0,0,0,0.0,0.0,0,0,0.0,0.0,0,0,0.0,21193.6,6,2,0.3333333333333333,0
LGS2ORD0045821,C013639,2025-12-29 21:00:00,Female,56,Silver,TV,Songkhla,744,TV_Show,Bank_Transfer,21,12,0,0,>50,24.8,5.0,0.0,0.0,-1,18,8174.331999999999,0.2,0.6,0.0,0.0,0.0,0,0,0.0,822.28,1,0,0.0,822.28,1,0,0.0,40871.659999999996,5,0,0.0,0
LGS2ORD0045822,C010110,2025-12-29 21:00:00,Male,22,Bronze,Web,Chiang Mai,1053,TV_Show,COD,21,12,0,0,20-30,35.1,2.0,0.0,0.0,-1,29,5978.0,0.18,1.0,0.0,0.0,0.0,0,0,0.0,11343.09,1,0,0.0,11343.09,1,0,0.0,11956.0,2,0,0.0,0
LGS2ORD0045823,C017695,2025-12-29 21:00:00,Male,38,Gold,Lazada,Chiang Mai,580,Lazada,Bank_Transfer,21,12,0,0,30-40,19.333333333333332,4.0,2.0,0.5,101,114,7879.4349999999995,0.33,0.5,0.5,0.0,0.0,0,0,0.0,0.0,0,0,0.0,0.0,0,0,0.0,31517.739999999998,4,2,0.5,0
LGS2ORD0045824,C015230,2025-12-29 21:00:00,Female,28,Bronze,TV,Bangkok,1568,TV_Show,Credit_Card,21,12,0,0,20-30,52.266666666666666,4.0,3.0,0.75,-7,1,9090.2525,0.18,0.5,0.0,0.0,871.72,1,1,1.0,871.72,1,1,1.0,871.72,1,1,1.0,36361.01,4,3,0.75,0
LGS2ORD0045825,C016223,2025-12-29 21:00:00,Female,30,Bronze,Web,Bangkok,1813,Shopee,Bank_Transfer,21,12,0,0,20-30,60.43333333333333,3.0,0.0,0.0,-1,74,4042.7233333333334,0.03,0.6666666666666666,0.0,0.0,0.0,0,0,0.0,0.0,0,0,0.0,7926.07,1,0,0.0,12128.17,3,0,0.0,0
LGS2ORD0045826,C013129,2025-12-29 22:00:00,Male,32,Bronze,TV,Remote_Area,909,TV_Show,COD,22,12,0,0,30-40,30.3,8.0,1.0,0.125,176,39,7230.55125,0.28,0.75,0.5,0.0,0.0,0,0,0.0,0.0,0,0,0.0,11967.93,1,0,0.0,57844.41,8,1,0.125,0
LGS2ORD0045827,C017396,2025-12-29 22:00:00,Male,28,Bronze,TV,Remote_Area,1348,Lazada,COD,22,12,0,0,20-30,44.93333333333333,10.0,5.0,0.5,46,58,3533.061,0.28,0.4,0.1,0.0,0.0,0,0,0.0,0.0,0,0,0.0,4542.93,2,1,0.5,35330.61,10,5,0.5,0
LGS2ORD0045828,C011737,2025-12-29 22:00:00,Male,40,Gold,TV,Bangkok,1726,Web,Credit_Card,22,12,0,0,30-40,57.53333333333333,4.0,1.0,0.25,212,72,3374.855,0.28,0.5,0.75,0.0,0.0,0,0,0.0,0.0,0,0,0.0,1171.15,1,0,0.0,13499.42,4,1,0.25,0
LGS2ORD0045829,C014228,2025-12-29 22:00:00,Female,35,Gold,Web,Chonburi,1294,TV_Show,PromptPay,22,12,0,0,30-40,43.13333333333333,2.0,0.0,0.0,-1,88,5633.16,0.2299999999999999,0.5,0.5,0.0,0.0,0,0,0.0,0.0,0,0,0.0,9798.88,1,0,0.0,11266.32,2,0,0.0,0
LGS2ORD0045830,C015792,2025-12-29 22:00:00,Female,26,Silver,CallCenter,Bangkok,1163,Web,COD,22,12,0,0,20-30,38.766666666666666,8.0,3.0,0.375,156,101,4779.1125,0.3,0.625,0.375,0.0,0.0,0,0,0.0,0.0,0,0,0.0,0.0,0,0,0.0,38232.9,8,3,0.375,0
LGS2ORD0045831,C011536,2025-12-29 23:00:00,Male,34,Bronze,Lazada,Bangkok,1620,Shopee,PromptPay,23,12,0,0,30-40,54.0,9.0,1.0,0.1111111111111111,316,35,5162.014444444444,0.23,0.4444444444444444,0.2222222222222222,0.0,0.0,0,0,0.0,0.0,0,0,0.0,25925.06,4,0,0.0,46458.13,9,1,0.1111111111111111,0
LGS2ORD0045832,C010159,2025-12-29 23:00:00,Male,18,Silver,TV,Bangkok,925,TV_Show,Credit_Card,23,12,0,0,<20,30.833333333333332,4.0,0.0,0.0,-1,16,2887.495,0.2,0.25,0.0,0.0,0.0,0,0,0.0,1456.3600000000001,2,0,0.0,1456.3600000000001,2,0,0.0,11549.98,4,0,0.0,0
LGS2ORD0045833,C012520,2025-12-29 23:00:00,Female,44,Silver,Lazada,Remote_Area,1558,TV_Show,Bank_Transfer,23,12,0,0,40-50,51.93333333333333,4.0,2.0,0.5,48,54,3014.2025000000003,0.2,0.5,0.0,0.0,0.0,0,0,0.0,0.0,0,0,0.0,5834.950000000001,2,1,0.5,12056.810000000001,4,2,0.5,0
LGS2ORD0045834,C015191,2025-12-29 23:00:00,Male,47,Silver,Lazada,Bangkok,1046,TV_Show,Credit_Card,23,12,0,0,40-50,34.86666666666667,6.0,2.0,0.3333333333333333,84,8,3557.226666666667,0.3,0.5,0.16666666666666666,0.0,0.0,0,0,0.0,6572.77,1,0,0.0,6572.77,1,0,0.0,21343.36,6,2,0.3333333333333333,0
LGS2ORD0045835,C015184,2025-12-29 23:00:00,Female,47,Bronze,TV,Songkhla,1652,Lazada,PromptPay,23,12,0,0,40-50,55.06666666666667,9.0,6.0,0.6666666666666666,8,23,4703.392222222222,0.23,0.5555555555555556,0.5555555555555556,0.0,0.0,0,0,0.0,2140.86,1,1,1.0,4974.74,3,3,1.0,42330.53,9,6,0.6666666666666666,0
LGS2ORD0045836,C014039,2025-12-30 00:00:00,Female,32,Bronze,TV,Bangkok,1631,Web,COD,0,12,1,0,30-40,54.36666666666667,4.0,1.0,0.25,273,49,4763.145,0.28,0.5,0.25,0.0,0.0,0,0,0.0,0.0,0,0,0.0,9394.789999999999,2,0,0.0,19052.58,4,1,0.25,0
LGS2ORD0045837,C015157,2025-12-30 00:00:00,Male,25,Bronze,Shopee,Chonburi,1367,Web,Credit_Card,0,12,1,0,20-30,45.56666666666667,10.0,3.0,0.3,-1,11,8582.981,0.28,0.6,0.5,0.0,0.0,0,0,0.0,35007.829999999994,2,1,0.5,36590.219999999994,3,1,0.3333333333333333,85829.81,10,3,0.3,0
LGS2ORD0045838,C012352,2025-12-30 00:00:00,Female,41,Gold,TV,Chiang Mai,634,Lazada,COD,0,12,1,0,40-50,21.133333333333333,5.0,1.0,0.2,32,38,3495.8119999999994,0.33,0.8,0.4,0.0,0.0,0,0,0.0,0.0,0,0,0.0,14307.92,3,1,0.3333333333333333,17479.059999999998,5,1,0.2,0
LGS2ORD0045839,C013476,2025-12-30 00:00:00,Male,65,Silver,Web,Phuket,1201,Web,Credit_Card,0,12,1,0,>50,40.03333333333333,7.0,1.0,0.14285714285714285,208,87,8139.848571428572,0.2,0.5714285714285714,0.0,0.0,0.0,0,0,0.0,0.0,0,0,0.0,1205.32,1,0,0.0,56978.94,7,1,0.14285714285714285,1
LGS2ORD0045840,C011501,2025-12-30 00:00:00,Female,56,Bronze,TV,Remote_Area,1273,Lazada,COD,0,12,1,0,>50,42.43333333333333,10.0,2.0,0.2,102,53,6295.196,0.28,0.6,0.2,0.0,0.0,0,0,0.0,0.0,0,0,0.0,1375.4,1,0,0.0,62951.96,10,2,0.2,0
LGS2ORD0045841,C012196,2025-12-30 01:00:00,Male,48,Silver,Web,Khon Kaen,1475,CallCenter,COD,1,12,1,0,40-50,49.166666666666664,5.0,0.0,0.0,-1,39,4712.062,0.25,0.6,0.2,0.0,0.0,0,0,0.0,0.0,0,0,0.0,674.84,1,0,0.0,23560.31,5,0,0.0,0
LGS2ORD0045842,C011405,2025-12-30 01:00:00,Male,54,Platinum,TV,Bangkok,1803,Web,Credit_Card,1,12,1,0,>50,60.1,3.0,0.0,0.0,-1,33,2578.963333333333,0.35,0.3333333333333333,0.3333333333333333,0.0,0.0,0,0,0.0,0.0,0,0,0.0,915.91,1,0,0.0,7736.889999999999,3,0,0.0,0
LGS2ORD0045843,C010861,2025-12-30 01:00:00,Male,24,Bronze,Web,Nakhon Ratchasima,727,Web,COD,1,12,1,0,20-30,24.233333333333334,9.0,1.0,0.1111111111111111,245,13,3623.0655555555554,0.28,0.4444444444444444,0.2222222222222222,0.0,0.0,0,0,0.0,1583.89,2,0,0.0,5813.23,3,0,0.0,32607.59,9,1,0.1111111111111111,0
LGS2ORD0045844,C016141,2025-12-30 01:00:00,Male,55,Silver,Lazada,Bangkok,962,Lazada,COD,1,12,1,0,>50,32.06666666666667,6.0,1.0,0.16666666666666666,160,32,3329.3133333333335,0.25,0.5,0.16666666666666666,0.0,0.0,0,0,0.0,0.0,0,0,0.0,4857.12,1,0,0.0,19975.88,6,1,0.16666666666666666,0
LGS2ORD0045845,C015464,2025-12-30 01:00:00,Female,37,Bronze,Web,Bangkok,1406,Shopee,PromptPay,1,12,1,0,30-40,46.86666666666667,3.0,0.0,0.0,-1,86,17481.499999999996,0.28,0.3333333333333333,0.3333333333333333,0.0,0.0,0,0,0.0,0.0,0,0,0.0,8016.49,1,0,0.0,52444.49999999999,3,0,0.0,0
LGS2ORD0045846,C010413,2025-12-30 01:00:00,Female,28,Gold,Shopee,Bangkok,1321,Web,PromptPay,1,12,1,0,20-30,44.03333333333333,3.0,0.0,0.0,-1,133,6956.973333333334,0.2299999999999999,0.0,0.3333333333333333,0.0,0.0,0,0,0.0,0.0,0,0,0.0,0.0,0,0,0.0,20870.920000000002,3,0,0.0,0
LGS2ORD0045847,C012539,2025-12-30 02:00:00,Male,61,Silver,Lazada,Chiang Mai,1638,Web,COD,2,12,1,0,>50,54.6,7.0,1.0,0.14285714285714285,191,83,4356.302857142857,0.3,0.5714285714285714,0.2857142857142857,0.0,0.0,0,0,0.0,0.0,0,0,0.0,10629.55,1,0,0.0,30494.12,7,1,0.14285714285714285,0
LGS2ORD0045848,C015723,2025-12-30 02:00:00,Male,27,Platinum,Lazada,Songkhla,1561,Shopee,COD,2,12,1,0,20-30,52.03333333333333,5.0,2.0,0.4,46,55,6249.656,0.35,0.8,0.4,0.0,0.0,0,0,0.0,0.0,0,0,0.0,4425.51,1,1,1.0,31248.28,5,2,0.4,0
LGS2ORD0045849,C010071,2025-12-30 02:00:00,Female,51,Bronze,TV,Remote_Area,735,TV_Show,COD,2,12,1,0,>50,24.5,8.0,2.0,0.25,132,40,5663.05125,0.28,0.5,0.75,0.125,0.0,0,0,0.0,0.0,0,0,0.0,10717.01,3,0,0.0,45304.41,8,2,0.25,1
LGS2ORD0045850,C016116,2025-12-30 02:00:00,Male,41,Silver,Web,Bangkok,1320,Web,Credit_Card,2,12,1,0,40-50,44.0,2.0,1.0,0.5,256,210,5386.05,0.1,0.0,0.0,0.0,0.0,0,0,0.0,0.0,0,0,0.0,0.0,0,0,0.0,10772.1,2,1,0.5,1
LGS2ORD0045851,C013746,2025-12-30 02:00:00,Female,49,Gold,Shopee,Bangkok,500,TV_Show,COD,2,12,1,0,40-50,16.666666666666668,7.0,1.0,0.14285714285714285,173,55,3710.4042857142854,0.28,0.42857142857142855,0.42857142857142855,0.0,0.0,0,0,0.0,0.0,0,0,0.0,338.55,1,0,0.0,25972.829999999998,7,1,0.14285714285714285,0
LGS2ORD0045852,C017577,2025-12-30 03:00:00,Female,54,Bronze,Web,Remote_Area,744,TV_Show,Credit_Card,3,12,1,0,>50,24.8,7.0,3.0,0.42857142857142855,86,14,5555.95,0.23,0.2857142857142857,0.14285714285714285,0.0,0.0,0,0,0.0,4069.7,1,0,0.0,8002.36,2,0,0.0,38891.65,7,3,0.42857142857142855,0
LGS2ORD0045853,C013711,2025-12-30 03:00:00,Female,39,Bronze,TV,Remote_Area,1568,Shopee,PromptPay,3,12,1,0,30-40,52.266666666666666,11.0,3.0,0.2727272727272727,51,3,8331.6,0.28,0.6363636363636364,0.36363636363636365,0.0,622.95,1,0,0.0,622.95,1,0,0.0,67667.56999999999,5,1,0.2,91647.6,11,3,0.2727272727272727,0
LGS2ORD0045854,C017256,2025-12-30 03:00:00,Other,47,Silver,Shopee,Bangkok,1412,CallCenter,Credit_Card,3,12,1,0,40-50,47.06666666666667,3.0,0.0,0.0,-1,195,4670.9800000000005,0.2,1.0,0.0,0.0,0.0,0,0,0.0,0.0,0,0,0.0,0.0,0,0,0.0,14012.94,3,0,0.0,0
LGS2ORD0045855,C011672,2025-12-30 03:00:00,Female,35,Bronze,Web,Chonburi,1369,Lazada,PromptPay,3,12,1,0,30-40,45.63333333333333,3.0,0.0,0.0,-1,224,7858.363333333334,0.23,1.0,0.3333333333333333,0.0,0.0,0,0,0.0,0.0,0,0,0.0,0.0,0,0,0.0,23575.09,3,0,0.0,0
LGS2ORD0045856,C015424,2025-12-30 03:00:00,Male,37,Gold,Web,Khon Kaen,409,CallCenter,COD,3,12,1,0,30-40,13.633333333333333,6.0,1.0,0.16666666666666666,191,132,4339.871666666667,0.28,0.5,0.3333333333333333,0.0,0.0,0,0,0.0,0.0,0,0,0.0,0.0,0,0,0.0,26039.23,6,1,0.16666666666666666,0
LGS2ORD0045857,C017874,2025-12-30 04:00:00,Female,57,Bronze,Shopee,Bangkok,1612,Lazada,Credit_Card,4,12,1,0,>50,53.733333333333334,7.0,1.0,0.14285714285714285,138,139,2320.7414285714285,0.18,0.2857142857142857,0.0,0.0,0.0,0,0,0.0,0.0,0,0,0.0,0.0,0,0,0.0,16245.189999999999,7,1,0.14285714285714285,1
LGS2ORD0045858,C010735,2025-12-30 04:00:00,Female,34,Bronze,Web,Bangkok,885,Shopee,COD,4,12,1,0,30-40,29.5,7.0,1.0,0.14285714285714285,286,35,1444.7842857142857,0.28,0.2857142857142857,0.42857142857142855,0.0,0.0,0,0,0.0,0.0,0,0,0.0,5053.97,2,0,0.0,10113.49,7,1,0.14285714285714285,0
LGS2ORD0045859,C016122,2025-12-30 04:00:00,Female,21,Platinum,Shopee,Bangkok,933,Lazada,COD,4,12,1,0,20-30,31.1,6.0,1.0,0.16666666666666666,146,47,10456.433333333332,0.25,0.16666666666666666,0.16666666666666666,0.0,0.0,0,0,0.0,0.0,0,0,0.0,23010.170000000002,2,0,0.0,62738.6,6,1,0.16666666666666666,1
LGS2ORD0045860,C015169,2025-12-30 04:00:00,Female,44,Bronze,TV,Bangkok,1459,Lazada,COD,4,12,1,0,40-50,48.63333333333333,7.0,2.0,0.2857142857142857,172,12,6356.522857142857,0.23,0.5714285714285714,0.42857142857142855,0.0,0.0,0,0,0.0,9898.43,1,0,0.0,13968.9,2,0,0.0,44495.659999999996,7,2,0.2857142857142857,0
LGS2ORD0045861,C016246,2025-12-30 04:00:00,Female,59,Silver,Shopee,Khon Kaen,1145,Shopee,COD,4,12,1,0,>50,38.166666666666664,9.0,1.0,0.1111111111111111,317,83,9856.823333333334,0.3,0.5555555555555556,0.1111111111111111,0.1111111111111111,0.0,0,0,0.0,0.0,0,0,0.0,1192.0,1,0,0.0,88711.41,9,1,0.1111111111111111,0
LGS2ORD0045862,C013774,2025-12-30 05:00:00,Female,52,Bronze,CallCenter,Songkhla,1034,Web,COD,5,12,1,0,>50,34.46666666666667,9.0,5.0,0.5555555555555556,51,4,5330.314444444444,0.23,0.6666666666666666,0.1111111111111111,0.0,1413.99,1,0,0.0,3347.77,2,0,0.0,5597.82,4,2,0.5,47972.829999999994,9,5,0.5555555555555556,0
LGS2ORD0045863,C011470,2025-12-30 05:00:00,Female,51,Gold,CallCenter,Phuket,1551,TV_Show,Credit_Card,5,12,1,0,>50,51.7,4.0,0.0,0.0,-1,12,2384.43,0.2299999999999999,0.75,0.25,0.0,0.0,0,0,0.0,1386.81,1,0,0.0,1386.81,1,0,0.0,9537.72,4,0,0.0,0
LGS2ORD0045864,C013818,2025-12-30 05:00:00,Female,37,Gold,Web,Nakhon Ratchasima,1116,Web,COD,5,12,1,0,30-40,37.2,2.0,0.0,0.0,-1,179,2486.9449999999997,0.28,0.0,0.5,0.0,0.0,0,0,0.0,0.0,0,0,0.0,0.0,0,0,0.0,4973.889999999999,2,0,0.0,0
LGS2ORD0045865,C012551,2025-12-30 05:00:00,Male,43,Silver,Lazada,Bangkok,1483,CallCenter,COD,5,12,1,0,40-50,49.43333333333333,6.0,0.0,0.0,-1,4,2323.9533333333334,0.3,0.6666666666666666,0.3333333333333333,0.0,2030.77,1,0,0.0,2030.77,1,0,0.0,2030.77,1,0,0.0,13943.720000000001,6,0,0.0,0
LGS2ORD0045866,C013831,2025-12-30 05:00:00,Male,27,Silver,TV,Nakhon Ratchasima,422,Web,COD,5,12,1,0,20-30,14.066666666666666,10.0,3.0,0.3,52,36,7554.945999999998,0.3,0.6,0.2,0.0,0.0,0,0,0.0,0.0,0,0,0.0,26936.44,3,1,0.3333333333333333,75549.45999999998,10,3,0.3,0
LGS2ORD0045867,C017129,2025-12-30 05:00:00,Male,38,Platinum,CallCenter,Nakhon Ratchasima,909,TV_Show,Credit_Card,5,12,1,0,30-40,30.3,7.0,1.0,0.14285714285714285,272,5,6427.242857142856,0.35,0.7142857142857143,0.5714285714285714,0.0,23246.95,1,0,0.0,23246.95,1,0,0.0,23246.95,1,0,0.0,44990.7,7,1,0.14285714285714285,0
LGS2ORD0045868,C017754,2025-12-30 06:00:00,Female,54,Silver,TV,Bangkok,1046,Shopee,Credit_Card,6,12,1,0,>50,34.86666666666667,5.0,0.0,0.0,-1,72,4684.714,0.3,0.4,0.4,0.0,0.0,0,0,0.0,0.0,0,0,0.0,8593.86,1,0,0.0,23423.57,5,0,0.0,0
LGS2ORD0045869,C011525,2025-12-30 06:00:00,Male,47,Silver,CallCenter,Nakhon Ratchasima,811,Web,COD,6,12,1,0,40-50,27.033333333333335,8.0,3.0,0.375,102,110,7172.275,0.3,0.25,0.25,0.0,0.0,0,0,0.0,0.0,0,0,0.0,0.0,0,0,0.0,57378.2,8,3,0.375,1
LGS2ORD0045870,C010097,2025-12-30 06:00:00,Male,39,Silver,Lazada,Chonburi,1746,TV_Show,PromptPay,6,12,1,0,30-40,58.2,10.0,0.0,0.0,-1,12,4889.853999999999,0.3,0.3,0.4,0.0,0.0,0,0,0.0,10186.73,3,0,0.0,19033.03,4,0,0.0,48898.53999999999,10,0,0.0,1
LGS2ORD0045871,C016042,2025-12-30 06:00:00,Female,63,Silver,Shopee,Remote_Area,1292,Lazada,Credit_Card,6,12,1,0,>50,43.06666666666667,9.0,0.0,0.0,-1,15,11463.337777777779,0.3,0.3333333333333333,0.4444444444444444,0.0,0.0,0,0,0.0,3663.44,1,0,0.0,7005.83,2,0,0.0,103170.04000000001,9,0,0.0,0
LGS2ORD0045872,C014628,2025-12-30 06:00:00,Female,49,Gold,Web,Songkhla,1204,Shopee,COD,6,12,1,0,40-50,40.13333333333333,4.0,2.0,0.5,7,15,7713.285,0.33,0.5,0.25,0.0,0.0,0,0,0.0,2728.57,1,1,1.0,25370.29,2,2,1.0,30853.14,4,2,0.5,0
LGS2ORD0045873,C016955,2025-12-30 07:00:00,Female,43,Bronze,TV,Chiang Mai,658,TV_Show,COD,7,12,1,0,40-50,21.933333333333334,6.0,1.0,0.16666666666666666,20,33,6886.466666666666,0.23,0.6666666666666666,0.16666666666666666,0.0,0.0,0,0,0.0,0.0,0,0,0.0,7192.59,2,1,0.5,41318.799999999996,6,1,0.16666666666666666,0
LGS2ORD0045874,C013514,2025-12-30 07:00:00,Male,18,Platinum,Web,Chonburi,1796,Lazada,Credit_Card,7,12,1,0,<20,59.86666666666667,2.0,0.0,0.0,-1,147,6686.92,0.25,0.0,0.5,0.0,0.0,0,0,0.0,0.0,0,0,0.0,0.0,0,0,0.0,13373.84,2,0,0.0,0
LGS2ORD0045875,C013199,2025-12-30 07:00:00,Female,39,Silver,Shopee,Chonburi,1189,Lazada,COD,7,12,1,0,30-40,39.63333333333333,4.0,0.0,0.0,-1,29,2347.1775,0.2,0.0,0.0,0.0,0.0,0,0,0.0,1355.52,1,0,0.0,2477.66,2,0,0.0,9388.71,4,0,0.0,0
LGS2ORD0045876,C017244,2025-12-30 07:00:00,Female,61,Platinum,TV,Bangkok,1720,TV_Show,Credit_Card,7,12,1,0,>50,57.333333333333336,3.0,0.0,0.0,-1,280,3032.86,0.3,0.6666666666666666,0.6666666666666666,0.0,0.0,0,0,0.0,0.0,0,0,0.0,0.0,0,0,0.0,9098.58,3,0,0.0,0
LGS2ORD0045877,C013570,2025-12-30 07:00:00,Male,33,Bronze,TV,Bangkok,469,TV_Show,Credit_Card,7,12,1,0,30-40,15.633333333333333,3.0,0.0,0.0,-1,1,3921.18,0.13,0.3333333333333333,0.0,0.0,9423.48,1,0,0.0,9423.48,1,0,0.0,11030.599999999999,2,0,0.0,11763.539999999999,3,0,0.0,0
LGS2ORD0045878,C015649,2025-12-30 08:00:00,Female,38,Bronze,TV,Bangkok,1095,TV_Show,Credit_Card,8,12,1,0,30-40,36.5,9.0,4.0,0.4444444444444444,-12,1,8552.463333333335,0.28,0.8888888888888888,0.2222222222222222,0.0,9159.54,1,1,1.0,9159.54,1,1,1.0,36172.25,2,1,0.5,76972.17000000001,9,4,0.4444444444444444,0
LGS2ORD0045879,C013391,2025-12-30 08:00:00,Male,37,Platinum,Web,Bangkok,1543,CallCenter,COD,8,12,1,0,30-40,51.43333333333333,4.0,1.0,0.25,215,65,1983.9525,0.25,0.0,0.5,0.0,0.0,0,0,0.0,0.0,0,0,0.0,1083.88,1,0,0.0,7935.81,4,1,0.25,1
LGS2ORD0045880,C017369,2025-12-30 08:00:00,Female,51,Silver,Web,Bangkok,1753,Shopee,COD,8,12,1,0,>50,58.43333333333333,6.0,1.0,0.16666666666666666,243,18,5259.281666666667,0.2,0.8333333333333334,0.0,0.0,0.0,0,0,0.0,11017.32,1,0,0.0,11017.32,1,0,0.0,31555.690000000002,6,1,0.16666666666666666,0
LGS2ORD0045881,C017946,2025-12-30 08:00:00,Male,40,Bronze,Web,Chonburi,790,Web,COD,8,12,1,0,30-40,26.333333333333332,2.0,0.0,0.0,-1,85,5385.155,0.28,0.0,1.0,0.0,0.0,0,0,0.0,0.0,0,0,0.0,2612.19,1,0,0.0,10770.31,2,0,0.0,1
LGS2ORD0045882,C011662,2025-12-30 08:00:00,Other,37,Bronze,Shopee,Chonburi,591,CallCenter,Credit_Card,8,12,1,0,30-40,19.7,9.0,1.0,0.1111111111111111,260,50,6186.081111111111,0.18,0.6666666666666666,0.0,0.0,0.0,0,0,0.0,0.0,0,0,0.0,15416.0,2,0,0.0,55674.729999999996,9,1,0.1111111111111111,0
LGS2ORD0045883,C016233,2025-12-30 09:00:00,Female,58,Silver,Lazada,Khon Kaen,1636,Web,COD,9,12,1,0,>50,54.53333333333333,8.0,2.0,0.25,14,27,2914.00875,0.25,0.625,0.375,0.0,0.0,0,0,0.0,1384.3,1,1,1.0,1384.3,1,1,1.0,23312.07,8,2,0.25,0
LGS2ORD0045884,C017786,2025-12-30 09:00:00,Other,50,Silver,Shopee,Bangkok,819,CallCenter,COD,9,12,1,0,40-50,27.3,7.0,0.0,0.0,-1,16,8790.194285714286,0.3,0.5714285714285714,0.5714285714285714,0.0,0.0,0,0,0.0,10423.05,1,0,0.0,34896.47,2,0,0.0,61531.36,7,0,0.0,0
LGS2ORD0045885,C017352,2025-12-30 09:00:00,Female,50,Bronze,Shopee,Songkhla,1056,Shopee,COD,9,12,1,0,40-50,35.2,6.0,3.0,0.5,-1,12,5409.306666666667,0.28,0.5,0.3333333333333333,0.0,0.0,0,0,0.0,15289.51,1,1,1.0,23819.85,4,2,0.5,32455.840000000004,6,3,0.5,0
LGS2ORD0045886,C014213,2025-12-30 09:00:00,Male,50,Silver,Shopee,Chonburi,1718,CallCenter,COD,9,12,1,0,40-50,57.266666666666666,4.0,2.0,0.5,40,50,2383.8525,0.25,0.5,0.5,0.0,0.0,0,0,0.0,0.0,0,0,0.0,603.4,1,1,1.0,9535.41,4,2,0.5,1
LGS2ORD0045887,C012894,2025-12-30 09:00:00,Female,53,Bronze,Web,Khon Kaen,713,TV_Show,COD,9,12,1,0,>50,23.766666666666666,12.0,3.0,0.25,275,26,7153.498333333334,0.28,0.3333333333333333,0.3333333333333333,0.0,0.0,0,0,0.0,45114.12,1,0,0.0,60422.810000000005,3,0,0.0,85841.98000000001,12,3,0.25,0
LGS2ORD0045888,C013898,2025-12-30 09:00:00,Female,32,Bronze,Shopee,Chonburi,507,Lazada,COD,9,12,1,0,30-40,16.9,6.0,4.0,0.6666666666666666,53,24,5714.516666666667,0.23,0.5,0.16666666666666666,0.0,0.0,0,0,0.0,7190.22,1,0,0.0,9299.21,2,1,0.5,34287.100000000006,6,4,0.6666666666666666,0
LGS2ORD0045889,C013318,2025-12-30 10:00:00,Male,47,Bronze,Lazada,Bangkok,567,Lazada,Credit_Card,10,12,1,0,40-50,18.9,6.0,2.0,0.3333333333333333,19,1,3910.2000000000003,0.28,0.6666666666666666,0.3333333333333333,0.0,4263.19,2,0,0.0,11473.43,3,1,0.3333333333333333,11473.43,3,1,0.3333333333333333,23461.2,6,2,0.3333333333333333,0
LGS2ORD0045890,C016406,2025-12-30 10:00:00,Female,29,Gold,TV,Bangkok,1336,Shopee,COD,10,12,1,0,20-30,44.53333333333333,5.0,1.0,0.2,282,61,1708.47,0.33,0.2,0.8,0.0,0.0,0,0,0.0,0.0,0,0,0.0,2840.78,1,0,0.0,8542.35,5,1,0.2,0
LGS2ORD0045891,C013995,2025-12-30 10:00:00,Female,56,Silver,Shopee,Khon Kaen,1660,TV_Show,COD,10,12,1,0,>50,55.333333333333336,4.0,2.0,0.5,76,88,10112.67,0.25,0.75,0.25,0.0,0.0,0,0,0.0,0.0,0,0,0.0,10169.72,1,1,1.0,40450.68,4,2,0.5,0
LGS2ORD0045892,C013130,2025-12-30 10:00:00,Other,56,Gold,CallCenter,Chiang Mai,1176,Web,COD,10,12,1,0,>50,39.2,8.0,0.0,0.0,-1,10,3819.8425,0.33,0.375,0.375,0.0,0.0,0,0,0.0,1075.73,1,0,0.0,1075.73,1,0,0.0,30558.74,8,0,0.0,0
LGS2ORD0045893,C014902,2025-12-30 10:00:00,Male,41,Silver,TV,Phuket,878,Shopee,PromptPay,10,12,1,0,40-50,29.266666666666666,11.0,1.0,0.09090909090909091,39,13,5764.962727272727,0.3,0.2727272727272727,0.5454545454545454,0.0,0.0,0,0,0.0,3625.59,1,0,0.0,14508.08,2,1,0.5,63414.59,11,1,0.09090909090909091,1
LGS2ORD0045894,C010578,2025-12-30 11:00:00,Female,52,Bronze,TV,Chiang Mai,978,TV_Show,Credit_Card,11,12,1,0,>50,32.6,5.0,3.0,0.6,72,78,3260.54,0.18,0.6,0.0,0.0,0.0,0,0,0.0,0.0,0,0,0.0,1893.63,1,1,1.0,16302.7,5,3,0.6,0
LGS2ORD0045895,C017784,2025-12-30 11:00:00,Female,47,Bronze,TV,Remote_Area,445,Web,COD,11,12,1,0,40-50,14.833333333333334,10.0,5.0,0.5,158,38,2973.708,0.23,0.5,0.2,0.0,0.0,0,0,0.0,0.0,0,0,0.0,1468.95,1,0,0.0,29737.08,10,5,0.5,1
LGS2ORD0045896,C013441,2025-12-30 11:00:00,Male,21,Gold,TV,Remote_Area,744,TV_Show,PromptPay,11,12,1,0,20-30,24.8,4.0,2.0,0.5,245,198,3132.4125,0.33,0.75,0.5,0.0,0.0,0,0,0.0,0.0,0,0,0.0,0.0,0,0,0.0,12529.65,4,2,0.5,1
LGS2ORD0045897,C017293,2025-12-30 11:00:00,Male,39,Bronze,TV,Khon Kaen,632,Shopee,COD,11,12,1,0,30-40,21.066666666666666,4.0,1.0,0.25,300,74,12065.930000000002,0.18,0.25,0.0,0.0,0.0,0,0,0.0,0.0,0,0,0.0,2823.98,1,0,0.0,48263.72000000001,4,1,0.25,0
LGS2ORD0045898,C017253,2025-12-30 11:00:00,Male,18,Silver,Web,Khon Kaen,617,Lazada,COD,11,12,1,0,<20,20.566666666666666,8.0,3.0,0.375,11,13,10205.895,0.2,0.5,0.0,0.0,0.0,0,0,0.0,5216.39,2,1,0.5,13631.189999999999,3,1,0.3333333333333333,81647.16,8,3,0.375,0
LGS2ORD0045899,C015981,2025-12-30 12:00:00,Female,37,Silver,Lazada,Bangkok,1549,Lazada,COD,12,12,1,0,30-40,51.63333333333333,6.0,1.0,0.16666666666666666,0,6,16639.313333333335,0.2,0.6666666666666666,0.0,0.0,46415.41,1,0,0.0,74242.46,3,1,0.3333333333333333,88948.03,4,1,0.25,99835.88,6,1,0.16666666666666666,0
LGS2ORD0045900,C015728,2025-12-30 12:00:00,Female,33,Bronze,CallCenter,Remote_Area,541,TV_Show,COD,12,12,1,0,30-40,18.033333333333335,10.0,4.0,0.4,61,15,7387.213000000001,0.28,0.5,0.5,0.0,0.0,0,0,0.0,2308.27,1,0,0.0,16419.33,4,1,0.25,73872.13,10,4,0.4,0
LGS2ORD0045901,C017784,2025-12-30 12:00:00,Female,47,Bronze,TV,Remote_Area,445,TV_Show,COD,12,12,1,0,40-50,14.833333333333334,11.0,6.0,0.5454545454545454,-3,0,4068.637272727273,0.23,0.5454545454545454,0.18181818181818182,0.0,15017.93,1,1,1.0,15017.93,1,1,1.0,16486.88,2,1,0.5,44755.01,11,6,0.5454545454545454,0
LGS2ORD0045902,C015444,2025-12-30 12:00:00,Male,51,Bronze,TV,Bangkok,806,Web,Credit_Card,12,12,1,0,>50,26.866666666666667,4.0,1.0,0.25,277,18,6328.98,0.18,0.75,0.0,0.0,0.0,0,0,0.0,2972.34,1,0,0.0,2972.34,1,0,0.0,25315.92,4,1,0.25,1
LGS2ORD0045903,C012574,2025-12-30 12:00:00,Male,26,Bronze,Shopee,Nakhon Ratchasima,1041,Shopee,COD,12,12,1,0,20-30,34.7,3.0,2.0,0.6666666666666666,49,51,4533.623333333333,0.23,0.6666666666666666,0.3333333333333333,0.0,0.0,0,0,0.0,0.0,0,0,0.0,9464.75,1,1,1.0,13600.869999999999,3,2,0.6666666666666666,0
LGS2ORD0045904,C014689,2025-12-30 12:00:00,Male,37,Silver,Shopee,Chiang Mai,618,Web,Credit_Card,12,12,1,0,30-40,20.6,9.0,2.0,0.2222222222222222,10,16,5837.17,0.25,0.6666666666666666,0.2222222222222222,0.0,0.0,0,0,0.0,27863.37,1,1,1.0,38822.78,4,2,0.5,52534.53,9,2,0.2222222222222222,0
LGS2ORD0045905,C017465,2025-12-30 13:00:00,Male,46,Bronze,Lazada,Songkhla,1447,Shopee,Credit_Card,13,12,1,0,40-50,48.233333333333334,5.0,2.0,0.4,99,56,7998.15,0.28,0.4,0.4,0.0,0.0,0,0,0.0,0.0,0,0,0.0,680.64,1,0,0.0,39990.75,5,2,0.4,0
LGS2ORD0045906,C017705,2025-12-30 13:00:00,Female,49,Gold,Lazada,Chiang Mai,1061,Web,COD,13,12,1,0,40-50,35.36666666666667,8.0,0.0,0.0,-1,19,5172.7725,0.33,0.5,0.5,0.0,0.0,0,0,0.0,7966.0599999999995,2,0,0.0,7966.0599999999995,2,0,0.0,41382.18,8,0,0.0,1
LGS2ORD0045907,C010526,2025-12-30 13:00:00,Male,48,Bronze,Lazada,Khon Kaen,1185,Web,Credit_Card,13,12,1,0,40-50,39.5,7.0,0.0,0.0,-1,73,15778.577142857142,0.18,0.14285714285714285,0.0,0.0,0.0,0,0,0.0,0.0,0,0,0.0,1063.7,1,0,0.0,110450.04,7,0,0.0,0
LGS2ORD0045908,C017168,2025-12-30 13:00:00,Male,53,Gold,Web,Bangkok,563,Web,COD,13,12,1,0,>50,18.766666666666666,9.0,3.0,0.3333333333333333,65,25,4212.821111111111,0.33,0.6666666666666666,0.4444444444444444,0.0,0.0,0,0,0.0,3414.75,1,0,0.0,13834.56,5,1,0.2,37915.39,9,3,0.3333333333333333,0
LGS2ORD0045909,C013224,2025-12-30 13:00:00,Male,37,Bronze,Web,Bangkok,1155,TV_Show,PromptPay,13,12,1,0,30-40,38.5,5.0,1.0,0.2,309,53,3064.2120000000004,0.13,0.6,0.0,0.0,0.0,0,0,0.0,0.0,0,0,0.0,3014.43,1,0,0.0,15321.060000000001,5,1,0.2,0
LGS2ORD0045910,C010832,2025-12-30 14:00:00,Female,37,Gold,TV,Songkhla,659,Shopee,COD,14,12,1,0,30-40,21.966666666666665,8.0,0.0,0.0,-1,19,8305.73,0.2299999999999999,0.375,0.25,0.0,0.0,0,0,0.0,3049.84,1,0,0.0,15126.69,2,0,0.0,66445.84,8,0,0.0,1
LGS2ORD0045911,C013368,2025-12-30 14:00:00,Male,54,Gold,TV,Bangkok,779,CallCenter,COD,14,12,1,0,>50,25.966666666666665,5.0,3.0,0.6,-3,7,9260.138,0.28,0.8,1.0,0.0,0.0,0,0,0.0,7405.8,1,1,1.0,7405.8,1,1,1.0,46300.69,5,3,0.6,1
LGS2ORD0045912,C010194,2025-12-30 14:00:00,Female,51,Gold,TV,Remote_Area,1797,Shopee,Credit_Card,14,12,1,0,>50,59.9,5.0,2.0,0.4,177,110,3977.9260000000004,0.33,0.4,0.2,0.0,0.0,0,0,0.0,0.0,0,0,0.0,0.0,0,0,0.0,19889.63,5,2,0.4,1
LGS2ORD0045913,C011100,2025-12-30 14:00:00,Male,40,Bronze,CallCenter,Nakhon Ratchasima,1071,Web,Bank_Transfer,14,12,1,0,30-40,35.7,6.0,2.0,0.3333333333333333,40,47,4188.983333333334,0.28,0.5,0.5,0.0,0.0,0,0,0.0,0.0,0,0,0.0,13683.42,3,1,0.3333333333333333,25133.9,6,2,0.3333333333333333,0
LGS2ORD0045914,C012722,2025-12-30 14:00:00,Male,53,Gold,Shopee,Songkhla,1060,Shopee,Bank_Transfer,14,12,1,0,>50,35.333333333333336,6.0,3.0,0.5,157,23,3159.313333333333,0.28,0.5,0.8333333333333334,0.0,0.0,0,0,0.0,206.75,1,0,0.0,6035.82,2,0,0.0,18955.879999999997,6,3,0.5,0
LGS2ORD0045915,C012906,2025-12-30 15:00:00,Male,52,Platinum,Lazada,Bangkok,1737,Shopee,COD,15,12,1,0,>50,57.9,1.0,0.0,0.0,-1,88,3605.23,0.25,0.0,1.0,0.0,0.0,0,0,0.0,0.0,0,0,0.0,3605.23,1,0,0.0,3605.23,1,0,0.0,0
LGS2ORD0045916,C013011,2025-12-30 15:00:00,Female,24,Silver,TV,Chonburi,1316,Lazada,PromptPay,15,12,1,0,20-30,43.86666666666667,4.0,0.0,0.0,-1,18,5928.665,0.25,0.0,0.25,0.0,0.0,0,0,0.0,11122.99,1,0,0.0,11122.99,1,0,0.0,23714.66,4,0,0.0,0
LGS2ORD0045917,C017044,2025-12-30 15:00:00,Female,38,Silver,CallCenter,Chiang Mai,1357,Lazada,COD,15,12,1,0,30-40,45.233333333333334,4.0,0.0,0.0,-1,51,2923.0975,0.25,0.25,0.5,0.0,0.0,0,0,0.0,0.0,0,0,0.0,6895.889999999999,2,0,0.0,11692.39,4,0,0.0,0
LGS2ORD0045918,C012598,2025-12-30 15:00:00,Female,50,Bronze,Lazada,Chonburi,1237,Shopee,Bank_Transfer,15,12,1,0,40-50,41.233333333333334,7.0,3.0,0.42857142857142855,10,15,5144.914285714286,0.23,0.42857142857142855,0.42857142857142855,0.0,0.0,0,0,0.0,1953.74,2,1,0.5,26876.119999999995,4,1,0.25,36014.4,7,3,0.42857142857142855,1
LGS2ORD0045919,C014119,2025-12-30 15:00:00,Male,58,Bronze,Shopee,Chiang Mai,1746,Lazada,PromptPay,15,12,1,0,>50,58.2,3.0,0.0,0.0,-1,48,6490.136666666666,0.28,0.3333333333333333,0.3333333333333333,0.0,0.0,0,0,0.0,0.0,0,0,0.0,11896.94,2,0,0.0,19470.41,3,0,0.0,0
LGS2ORD0045920,C017281,2025-12-30 16:00:00,Female,51,Silver,Web,Chonburi,1817,Shopee,PromptPay,16,12,1,0,>50,60.56666666666667,8.0,3.0,0.375,67,36,4033.0962499999996,0.3,0.375,0.375,0.0,0.0,0,0,0.0,0.0,0,0,0.0,3081.73,2,1,0.5,32264.769999999997,8,3,0.375,0
LGS2ORD0045921,C010031,2025-12-30 16:00:00,Male,40,Bronze,TV,Bangkok,1715,Lazada,Credit_Card,16,12,1,0,30-40,57.166666666666664,3.0,1.0,0.3333333333333333,266,281,11044.533333333333,0.18,0.6666666666666666,0.0,0.0,0.0,0,0,0.0,0.0,0,0,0.0,0.0,0,0,0.0,33133.6,3,1,0.3333333333333333,1
LGS2ORD0045922,C016503,2025-12-30 16:00:00,Female,25,Bronze,Shopee,Remote_Area,1805,Web,COD,16,12,1,0,20-30,60.166666666666664,10.0,4.0,0.4,95,85,4030.8799999999997,0.23,0.6,0.1,0.0,0.0,0,0,0.0,0.0,0,0,0.0,2027.49,1,0,0.0,40308.799999999996,10,4,0.4,0
LGS2ORD0045923,C017032,2025-12-30 16:00:00,Female,36,Bronze,CallCenter,Nakhon Ratchasima,1027,Lazada,Bank_Transfer,16,12,1,0,30-40,34.233333333333334,11.0,4.0,0.36363636363636365,18,34,6305.927272727273,0.28,0.9090909090909091,0.2727272727272727,0.0,0.0,0,0,0.0,0.0,0,0,0.0,10271.060000000001,3,1,0.3333333333333333,69365.2,11,4,0.36363636363636365,0
LGS2ORD0045924,C014302,2025-12-30 16:00:00,Male,42,Silver,Web,Bangkok,539,Web,COD,16,12,1,0,40-50,17.966666666666665,4.0,0.0,0.0,-1,26,7102.8875,0.2,0.25,0.0,0.0,0.0,0,0,0.0,1661.66,1,0,0.0,1661.66,1,0,0.0,28411.55,4,0,0.0,0
LGS2ORD0045925,C014829,2025-12-30 16:00:00,Male,37,Silver,TV,Chonburi,1090,Shopee,COD,16,12,1,0,30-40,36.333333333333336,6.0,0.0,0.0,-1,26,2261.016666666667,0.3,0.6666666666666666,0.16666666666666666,0.0,0.0,0,0,0.0,4243.0,1,0,0.0,4243.0,1,0,0.0,13566.1,6,0,0.0,1
LGS2ORD0045926,C010116,2025-12-30 17:00:00,Male,22,Bronze,TV,Phuket,562,Shopee,Credit_Card,17,12,1,0,20-30,18.733333333333334,4.0,1.0,0.25,108,90,14929.59,0.13,0.5,0.0,0.0,0.0,0,0,0.0,0.0,0,0,0.0,0.0,0,0,0.0,59718.36,4,1,0.25,1
LGS2ORD0045927,C012865,2025-12-30 17:00:00,Female,33,Bronze,Shopee,Bangkok,1578,TV_Show,COD,17,12,1,0,30-40,52.6,3.0,1.0,0.3333333333333333,185,193,2677.3266666666664,0.28,0.3333333333333333,0.3333333333333333,0.0,0.0,0,0,0.0,0.0,0,0,0.0,0.0,0,0,0.0,8031.98,3,1,0.3333333333333333,0
LGS2ORD0045928,C017988,2025-12-30 17:00:00,Male,28,Silver,Lazada,Chiang Mai,1180,Web,COD,17,12,1,0,20-30,39.333333333333336,6.0,1.0,0.16666666666666666,225,56,7154.106666666667,0.2,0.5,0.0,0.0,0.0,0,0,0.0,0.0,0,0,0.0,1355.0,2,0,0.0,42924.64,6,1,0.16666666666666666,1
LGS2ORD0045929,C015378,2025-12-30 17:00:00,Female,32,Silver,Web,Chonburi,1236,Shopee,Credit_Card,17,12,1,0,30-40,41.2,6.0,0.0,0.0,-1,12,6009.151666666668,0.25,0.3333333333333333,0.16666666666666666,0.0,0.0,0,0,0.0,3643.34,1,0,0.0,3643.34,1,0,0.0,36054.91,6,0,0.0,0
LGS2ORD0045930,C017428,2025-12-30 17:00:00,Male,35,Gold,Lazada,Phuket,1663,Shopee,COD,17,12,1,0,30-40,55.43333333333333,7.0,2.0,0.2857142857142857,45,21,4589.78,0.28,0.7142857142857143,0.2857142857142857,0.0,0.0,0,0,0.0,7381.73,1,0,0.0,12336.82,2,1,0.5,32128.46,7,2,0.2857142857142857,0
LGS2ORD0045931,C016503,2025-12-30 18:00:00,Female,25,Bronze,Shopee,Remote_Area,1805,Lazada,COD,18,12,1,0,20-30,60.166666666666664,11.0,4.0,0.36363636363636365,96,0,3732.040909090909,0.23,0.6363636363636364,0.18181818181818182,0.0,743.65,1,0,0.0,743.65,1,0,0.0,2771.14,2,0,0.0,41052.45,11,4,0.36363636363636365,0
LGS2ORD0045932,C012962,2025-12-30 18:00:00,Male,35,Gold,Web,Khon Kaen,1174,Shopee,COD,18,12,1,0,30-40,39.13333333333333,10.0,2.0,0.2,226,7,6567.478,0.28,0.3,0.3,0.0,0.0,0,0,0.0,10887.83,2,0,0.0,17929.01,5,0,0.0,65674.78,10,2,0.2,0
LGS2ORD0045933,C014317,2025-12-30 18:00:00,Female,46,Gold,TV,Chonburi,1216,CallCenter,COD,18,12,1,0,40-50,40.53333333333333,5.0,0.0,0.0,-1,53,4387.024,0.33,0.2,0.4,0.0,0.0,0,0,0.0,0.0,0,0,0.0,9349.15,1,0,0.0,21935.120000000003,5,0,0.0,1
LGS2ORD0045934,C014039,2025-12-30 18:00:00,Female,32,Bronze,TV,Bangkok,1631,TV_Show,COD,18,12,1,0,30-40,54.36666666666667,5.0,1.0,0.2,274,0,4008.04,0.28,0.6,0.2,0.0,987.62,1,0,0.0,987.62,1,0,0.0,10382.41,3,0,0.0,20040.2,5,1,0.2,0
LGS2ORD0045935,C010725,2025-12-30 18:00:00,Female,41,Gold,TV,Bangkok,1665,Web,Credit_Card,18,12,1,0,40-50,55.5,7.0,0.0,0.0,-1,6,4983.45,0.28,0.2857142857142857,0.42857142857142855,0.0,3705.07,1,0,0.0,3705.07,1,0,0.0,3705.07,1,0,0.0,34884.15,7,0,0.0,0
LGS2ORD0045936,C013856,2025-12-30 19:00:00,Female,53,Silver,Web,Bangkok,947,Web,COD,19,12,1,0,>50,31.566666666666666,3.0,2.0,0.6666666666666666,230,206,4462.783333333334,0.2,0.6666666666666666,0.0,0.0,0.0,0,0,0.0,0.0,0,0,0.0,0.0,0,0,0.0,13388.35,3,2,0.6666666666666666,0
LGS2ORD0045937,C016068,2025-12-30 19:00:00,Male,37,Platinum,Shopee,Khon Kaen,1742,TV_Show,PromptPay,19,12,1,0,30-40,58.06666666666667,1.0,0.0,0.0,-1,203,1835.66,0.15,0.0,0.0,0.0,0.0,0,0,0.0,0.0,0,0,0.0,0.0,0,0,0.0,1835.66,1,0,0.0,0
LGS2ORD0045938,C014677,2025-12-30 19:00:00,Female,34,Gold,TV,Phuket,1339,TV_Show,COD,19,12,1,0,30-40,44.63333333333333,7.0,5.0,0.7142857142857143,150,84,3361.815714285715,0.33,0.7142857142857143,0.5714285714285714,0.0,0.0,0,0,0.0,0.0,0,0,0.0,6504.47,1,0,0.0,23532.710000000003,7,5,0.7142857142857143,0
LGS2ORD0045939,C013795,2025-12-30 19:00:00,Male,19,Bronze,Shopee,Songkhla,919,Web,Bank_Transfer,19,12,1,0,<20,30.633333333333333,5.0,0.0,0.0,-1,39,12586.865999999998,0.23,0.6,0.4,0.0,0.0,0,0,0.0,0.0,0,0,0.0,48723.27,1,0,0.0,62934.329999999994,5,0,0.0,0
LGS2ORD0045940,C015858,2025-12-30 19:00:00,Female,41,Gold,Web,Bangkok,1475,Web,COD,19,12,1,0,40-50,49.166666666666664,9.0,1.0,0.1111111111111111,325,11,5957.7122222222215,0.2299999999999999,0.3333333333333333,0.3333333333333333,0.0,0.0,0,0,0.0,24706.11,2,0,0.0,30127.72,3,0,0.0,53619.409999999996,9,1,0.1111111111111111,0
LGS2ORD0045941,C010778,2025-12-30 20:00:00,Female,31,Bronze,TV,Bangkok,1802,Lazada,COD,20,12,1,0,30-40,60.06666666666667,7.0,2.0,0.2857142857142857,284,11,7003.637142857144,0.23,0.7142857142857143,0.14285714285714285,0.0,0.0,0,0,0.0,1437.56,1,0,0.0,2972.39,2,0,0.0,49025.46000000001,7,2,0.2857142857142857,0
LGS2ORD0045942,C011298,2025-12-30 20:00:00,Female,49,Silver,TV,Chiang Mai,1807,Lazada,COD,20,12,1,0,40-50,60.233333333333334,4.0,0.0,0.0,-1,32,3591.3775000000005,0.25,0.0,0.25,0.0,0.0,0,0,0.0,0.0,0,0,0.0,2758.13,1,0,0.0,14365.510000000002,4,0,0.0,0
LGS2ORD0045943,C013522,2025-12-30 20:00:00,Male,49,Gold,TV,Bangkok,1590,CallCenter,COD,20,12,1,0,40-50,53.0,7.0,1.0,0.14285714285714285,201,77,7102.851428571428,0.33,0.2857142857142857,0.7142857142857143,0.0,0.0,0,0,0.0,0.0,0,0,0.0,11899.33,1,0,0.0,49719.96,7,1,0.14285714285714285,0
LGS2ORD0045944,C010068,2025-12-30 20:00:00,Male,45,Bronze,Web,Chiang Mai,1080,TV_Show,COD,20,12,1,0,40-50,36.0,4.0,0.0,0.0,-1,124,2173.0274999999997,0.28,0.75,0.25,0.0,0.0,0,0,0.0,0.0,0,0,0.0,0.0,0,0,0.0,8692.109999999999,4,0,0.0,0
LGS2ORD0045945,C016397,2025-12-30 20:00:00,Male,57,Gold,Lazada,Chiang Mai,1416,Lazada,COD,20,12,1,0,>50,47.2,1.0,0.0,0.0,-1,315,909.38,0.2299999999999999,0.0,1.0,0.0,0.0,0,0,0.0,0.0,0,0,0.0,0.0,0,0,0.0,909.38,1,0,0.0,0
LGS2ORD0045946,C012114,2025-12-30 20:00:00,Female,18,Gold,TV,Chonburi,806,Web,COD,20,12,1,0,<20,26.866666666666667,6.0,1.0,0.16666666666666666,186,50,4763.433333333333,0.33,0.3333333333333333,0.6666666666666666,0.0,0.0,0,0,0.0,0.0,0,0,0.0,1843.64,1,0,0.0,28580.6,6,1,0.16666666666666666,0
LGS2ORD0045947,C016413,2025-12-30 21:00:00,Female,66,Bronze,Web,Bangkok,607,Shopee,COD,21,12,1,0,>50,20.233333333333334,6.0,1.0,0.16666666666666666,257,160,3841.32,0.23,0.6666666666666666,0.16666666666666666,0.0,0.0,0,0,0.0,0.0,0,0,0.0,0.0,0,0,0.0,23047.920000000002,6,1,0.16666666666666666,0
LGS2ORD0045948,C016438,2025-12-30 21:00:00,Female,44,Bronze,CallCenter,Khon Kaen,1268,Web,PromptPay,21,12,1,0,40-50,42.266666666666666,3.0,2.0,0.6666666666666666,28,38,1833.1666666666667,0.13,1.0,0.0,0.0,0.0,0,0,0.0,0.0,0,0,0.0,600.23,1,1,1.0,5499.5,3,2,0.6666666666666666,0
LGS2ORD0045949,C015858,2025-12-30 21:00:00,Female,41,Gold,Web,Bangkok,1475,Shopee,Credit_Card,21,12,1,0,40-50,49.166666666666664,10.0,1.0,0.1,325,0,5964.321999999999,0.2299999999999999,0.4,0.3,0.0,6023.81,1,0,0.0,30729.920000000002,3,0,0.0,36151.53,4,0,0.0,59643.219999999994,10,1,0.1,0
LGS2ORD0045950,C017283,2025-12-30 21:00:00,Male,23,Bronze,TV,Remote_Area,1296,Web,Credit_Card,21,12,1,0,20-30,43.2,6.0,2.0,0.3333333333333333,13,20,3517.406666666667,0.18,0.6666666666666666,0.0,0.0,0.0,0,0,0.0,1742.84,1,1,1.0,12440.220000000001,3,2,0.6666666666666666,21104.440000000002,6,2,0.3333333333333333,0
LGS2ORD0045951,C011121,2025-12-30 21:00:00,Male,44,Silver,TV,Bangkok,507,Shopee,PromptPay,21,12,1,0,40-50,16.9,5.0,2.0,0.4,56,68,7280.696000000001,0.3,0.8,0.4,0.0,0.0,0,0,0.0,0.0,0,0,0.0,3082.62,1,1,1.0,36403.48,5,2,0.4,0
LGS2ORD0045952,C016580,2025-12-30 22:00:00,Female,32,Bronze,Web,Bangkok,772,Web,PromptPay,22,12,1,0,30-40,25.733333333333334,10.0,3.0,0.3,114,22,4574.249999999999,0.28,0.7,0.6,0.0,0.0,0,0,0.0,1955.85,1,0,0.0,2605.84,2,0,0.0,45742.49999999999,10,3,0.3,0
LGS2ORD0045953,C013200,2025-12-30 22:00:00,Male,41,Silver,Lazada,Bangkok,1361,Shopee,COD,22,12,1,0,40-50,45.36666666666667,8.0,1.0,0.125,217,5,8759.98625,0.25,0.625,0.125,0.0,5712.52,1,0,0.0,5712.52,1,0,0.0,5712.52,1,0,0.0,70079.89,8,1,0.125,0
LGS2ORD0045954,C016287,2025-12-30 22:00:00,Female,28,Platinum,TV,Bangkok,954,Shopee,Credit_Card,22,12,1,0,20-30,31.8,5.0,0.0,0.0,-1,41,2781.068,0.2,0.4,0.0,0.0,0.0,0,0,0.0,0.0,0,0,0.0,1126.27,2,0,0.0,13905.34,5,0,0.0,0
LGS2ORD0045955,C016697,2025-12-30 22:00:00,Male,37,Bronze,Lazada,Chiang Mai,878,Lazada,Credit_Card,22,12,1,0,30-40,29.266666666666666,4.0,1.0,0.25,225,53,4805.425,0.28,0.5,0.5,0.0,0.0,0,0,0.0,0.0,0,0,0.0,4152.48,2,0,0.0,19221.7,4,1,0.25,0
LGS2ORD0045956,C016961,2025-12-30 22:00:00,Male,49,Platinum,CallCenter,Phuket,1707,Shopee,PromptPay,22,12,1,0,40-50,56.9,6.0,2.0,0.3333333333333333,335,87,4689.288333333334,0.35,0.6666666666666666,0.5,0.0,0.0,0,0,0.0,0.0,0,0,0.0,9872.63,1,0,0.0,28135.730000000003,6,2,0.3333333333333333,0
LGS2ORD0045957,C015994,2025-12-30 23:00:00,Male,23,Bronze,Shopee,Khon Kaen,1811,Shopee,COD,23,12,1,0,20-30,60.36666666666667,5.0,1.0,0.2,107,31,7021.656,0.28,0.4,0.8,0.0,0.0,0,0,0.0,0.0,0,0,0.0,22656.61,2,0,0.0,35108.28,5,1,0.2,0
LGS2ORD0045958,C015523,2025-12-30 23:00:00,Male,64,Silver,Web,Bangkok,1681,Lazada,PromptPay,23,12,1,0,>50,56.03333333333333,5.0,1.0,0.2,64,66,4337.514,0.3,0.6,0.2,0.0,0.0,0,0,0.0,0.0,0,0,0.0,10401.7,2,1,0.5,21687.57,5,1,0.2,0
LGS2ORD0045959,C015217,2025-12-30 23:00:00,Other,41,Bronze,Web,Chonburi,1456,Web,COD,23,12,1,0,40-50,48.53333333333333,7.0,1.0,0.14285714285714285,90,59,3124.095714285714,0.28,0.14285714285714285,0.2857142857142857,0.0,0.0,0,0,0.0,0.0,0,0,0.0,6851.36,1,0,0.0,21868.67,7,1,0.14285714285714285,0
LGS2ORD0045960,C013162,2025-12-30 23:00:00,Female,48,Silver,Web,Chiang Mai,474,Shopee,COD,23,12,1,0,40-50,15.8,6.0,0.0,0.0,-1,6,2033.5049999999999,0.25,0.16666666666666666,0.3333333333333333,0.0,1885.43,1,0,0.0,1885.43,1,0,0.0,6180.8,2,0,0.0,12201.029999999999,6,0,0.0,0
LGS2ORD0045961,C011209,2025-12-30 23:00:00,Female,49,Gold,Web,Phuket,480,TV_Show,Credit_Card,23,12,1,0,40-50,16.0,4.0,1.0,0.25,327,148,2146.775,0.28,0.25,0.5,0.0,0.0,0,0,0.0,0.0,0,0,0.0,0.0,0,0,0.0,8587.1,4,1,0.25,0
LGS2ORD0045962,C014643,2025-12-31 00:00:00,Male,58,Bronze,Lazada,Chonburi,527,CallCenter,COD,0,12,2,0,>50,17.566666666666666,5.0,1.0,0.2,127,52,6316.8,0.23,0.8,0.2,0.0,0.0,0,0,0.0,0.0,0,0,0.0,8091.71,1,0,0.0,31584.0,5,1,0.2,0
LGS2ORD0045963,C011880,2025-12-31 00:00:00,Male,29,Silver,TV,Chiang Mai,946,Shopee,COD,0,12,2,0,20-30,31.533333333333335,12.0,3.0,0.25,137,80,7348.998333333334,0.3,0.5833333333333334,0.6666666666666666,0.0,0.0,0,0,0.0,0.0,0,0,0.0,4162.52,1,0,0.0,88187.98000000001,12,3,0.25,0
LGS2ORD0045964,C013517,2025-12-31 00:00:00,Female,36,Silver,TV,Bangkok,719,TV_Show,COD,0,12,2,0,30-40,23.966666666666665,9.0,0.0,0.0,-1,11,4207.106666666667,0.3,0.3333333333333333,0.4444444444444444,0.0,0.0,0,0,0.0,490.95,1,0,0.0,18233.82,5,0,0.0,37863.96,9,0,0.0,0
LGS2ORD0045965,C016282,2025-12-31 00:00:00,Male,28,Silver,Lazada,Khon Kaen,1519,Lazada,COD,0,12,2,0,20-30,50.63333333333333,4.0,1.0,0.25,193,7,14453.675000000001,0.3,0.75,0.5,0.0,0.0,0,0,0.0,40728.98,1,0,0.0,52491.89,3,0,0.0,57814.700000000004,4,1,0.25,1
LGS2ORD0045966,C014572,2025-12-31 00:00:00,Male,58,Platinum,Web,Bangkok,1435,Shopee,PromptPay,0,12,2,0,>50,47.833333333333336,6.0,2.0,0.3333333333333333,0,7,6083.846666666667,0.3,0.3333333333333333,0.16666666666666666,0.0,0.0,0,0,0.0,8322.45,1,1,1.0,24908.350000000002,3,1,0.3333333333333333,36503.08,6,2,0.3333333333333333,1
LGS2ORD0045967,C014295,2025-12-31 00:00:00,Female,44,Gold,Web,Nakhon Ratchasima,1747,Web,COD,0,12,2,0,40-50,58.233333333333334,2.0,0.0,0.0,-1,163,1521.96,0.2299999999999999,0.0,0.5,0.0,0.0,0,0,0.0,0.0,0,0,0.0,0.0,0,0,0.0,3043.92,2,0,0.0,0
LGS2ORD0045968,C011432,2025-12-31 01:00:00,Female,53,Bronze,CallCenter,Chonburi,775,Web,COD,1,12,2,0,>50,25.833333333333332,9.0,0.0,0.0,-1,83,6734.303333333332,0.28,0.5555555555555556,0.1111111111111111,0.0,0.0,0,0,0.0,0.0,0,0,0.0,980.59,1,0,0.0,60608.72999999999,9,0,0.0,0
LGS2ORD0045969,C013080,2025-12-31 01:00:00,Male,69,Bronze,Web,Chonburi,1076,Lazada,COD,1,12,2,0,>50,35.86666666666667,10.0,2.0,0.2,136,11,3435.386,0.23,0.8,0.4,0.0,0.0,0,0,0.0,14036.220000000001,3,0,0.0,15354.59,4,0,0.0,34353.86,10,2,0.2,0
LGS2ORD0045970,C015720,2025-12-31 01:00:00,Other,37,Bronze,Shopee,Remote_Area,1458,Web,COD,1,12,2,0,30-40,48.6,11.0,3.0,0.2727272727272727,129,42,3209.9927272727277,0.28,0.2727272727272727,0.5454545454545454,0.0,0.0,0,0,0.0,0.0,0,0,0.0,2649.82,1,0,0.0,35309.920000000006,11,3,0.2727272727272727,0
LGS2ORD0045971,C014829,2025-12-31 01:00:00,Male,37,Silver,TV,Chonburi,1091,TV_Show,COD,1,12,2,0,30-40,36.36666666666667,7.0,1.0,0.14285714285714285,-6,0,5161.6957142857145,0.3,0.7142857142857143,0.2857142857142857,0.0,22565.77,1,1,1.0,26808.77,2,1,0.5,26808.77,2,1,0.5,36131.87,7,1,0.14285714285714285,1
LGS2ORD0045972,C011124,2025-12-31 01:00:00,Female,48,Silver,Shopee,Bangkok,1622,TV_Show,COD,1,12,2,0,40-50,54.06666666666667,0.0,0.0,0.0,-1,-1,0.0,0.0,0.0,0.0,0.0,0.0,0,0,0.0,0.0,0,0,0.0,0.0,0,0,0.0,0.0,0,0,0.0,0
LGS2ORD0045973,C016198,2025-12-31 02:00:00,Male,67,Silver,Lazada,Bangkok,1204,CallCenter,PromptPay,2,12,2,0,>50,40.13333333333333,2.0,1.0,0.5,211,115,4007.845,0.25,0.5,0.5,0.0,0.0,0,0,0.0,0.0,0,0,0.0,0.0,0,0,0.0,8015.69,2,1,0.5,0
LGS2ORD0045974,C017251,2025-12-31 02:00:00,Female,51,Gold,Shopee,Khon Kaen,854,TV_Show,COD,2,12,2,0,>50,28.466666666666665,5.0,1.0,0.2,49,60,6557.872,0.2299999999999999,0.8,0.2,0.0,0.0,0,0,0.0,0.0,0,0,0.0,1027.59,1,1,1.0,32789.36,5,1,0.2,0
LGS2ORD0045975,C017817,2025-12-31 02:00:00,Male,18,Gold,Web,Chiang Mai,733,Shopee,Credit_Card,2,12,2,0,<20,24.433333333333334,6.0,2.0,0.3333333333333333,185,170,10689.991666666667,0.08,0.6666666666666666,0.0,0.0,0.0,0,0,0.0,0.0,0,0,0.0,0.0,0,0,0.0,64139.95,6,2,0.3333333333333333,0
LGS2ORD0045976,C010223,2025-12-31 02:00:00,Male,43,Bronze,TV,Remote_Area,1273,Web,COD,2,12,2,0,40-50,42.43333333333333,10.0,7.0,0.7,17,6,10287.631000000001,0.23,0.7,0.1,0.0,9556.52,1,0,0.0,23815.4,2,1,0.5,23815.4,2,1,0.5,102876.31000000001,10,7,0.7,0
LGS2ORD0045977,C012986,2025-12-31 02:00:00,Female,38,Silver,TV,Bangkok,1711,Web,PromptPay,2,12,2,0,30-40,57.03333333333333,9.0,1.0,0.1111111111111111,254,22,5745.538888888889,0.3,0.2222222222222222,0.3333333333333333,0.0,0.0,0,0,0.0,1192.86,1,0,0.0,5502.4,2,0,0.0,51709.850000000006,9,1,0.1111111111111111,0
LGS2ORD0045978,C017169,2025-12-31 03:00:00,Male,33,Gold,TV,Bangkok,391,CallCenter,PromptPay,3,12,2,0,30-40,13.033333333333333,8.0,2.0,0.25,303,14,4521.40625,0.33,0.5,0.625,0.0,0.0,0,0,0.0,3301.06,2,0,0.0,13254.449999999999,4,0,0.0,36171.25,8,2,0.25,0
LGS2ORD0045979,C014008,2025-12-31 03:00:00,Male,54,Bronze,Lazada,Remote_Area,745,Lazada,PromptPay,3,12,2,0,>50,24.833333333333332,6.0,1.0,0.16666666666666666,205,40,4987.411666666667,0.18,0.3333333333333333,0.0,0.0,0.0,0,0,0.0,0.0,0,0,0.0,4592.78,1,0,0.0,29924.47,6,1,0.16666666666666666,0
LGS2ORD0045980,C014692,2025-12-31 03:00:00,Female,56,Bronze,CallCenter,Bangkok,496,Shopee,PromptPay,3,12,2,0,>50,16.533333333333335,3.0,1.0,0.3333333333333333,-3,6,3713.59,0.03,0.3333333333333333,0.0,0.0,445.67,1,1,1.0,445.67,1,1,1.0,445.67,1,1,1.0,11140.77,3,1,0.3333333333333333,0
LGS2ORD0045981,C017945,2025-12-31 03:00:00,Male,38,Platinum,Shopee,Khon Kaen,625,CallCenter,COD,3,12,2,0,30-40,20.833333333333332,7.0,0.0,0.0,-1,54,5232.660000000001,0.3,0.5714285714285714,0.42857142857142855,0.0,0.0,0,0,0.0,0.0,0,0,0.0,563.15,1,0,0.0,36628.62,7,0,0.0,1
LGS2ORD0045982,C014091,2025-12-31 03:00:00,Female,39,Silver,Lazada,Bangkok,633,TV_Show,Bank_Transfer,3,12,2,0,30-40,21.1,6.0,1.0,0.16666666666666666,331,42,2372.186666666667,0.3,0.6666666666666666,0.3333333333333333,0.0,0.0,0,0,0.0,0.0,0,0,0.0,720.76,1,0,0.0,14233.12,6,1,0.16666666666666666,0
LGS2ORD0045983,C017811,2025-12-31 04:00:00,Female,26,Silver,Shopee,Songkhla,833,Lazada,Credit_Card,4,12,2,0,20-30,27.766666666666666,11.0,4.0,0.36363636363636365,9,20,7987.914545454545,0.3,0.8181818181818182,0.45454545454545453,0.0,0.0,0,0,0.0,9034.18,3,1,0.3333333333333333,12780.470000000001,4,1,0.25,87867.06,11,4,0.36363636363636365,1
LGS2ORD0045984,C017867,2025-12-31 04:00:00,Male,32,Bronze,Web,Remote_Area,1650,Shopee,COD,4,12,2,0,30-40,55.0,8.0,1.0,0.125,103,121,7651.3925,0.18,0.625,0.0,0.0,0.0,0,0,0.0,0.0,0,0,0.0,0.0,0,0,0.0,61211.14,8,1,0.125,1
LGS2ORD0045985,C012059,2025-12-31 04:00:00,Male,22,Gold,TV,Bangkok,1365,TV_Show,COD,4,12,2,0,20-30,45.5,9.0,0.0,0.0,-1,51,6445.984444444444,0.28,0.3333333333333333,0.6666666666666666,0.0,0.0,0,0,0.0,0.0,0,0,0.0,26801.5,2,0,0.0,58013.86,9,0,0.0,0
LGS2ORD0045986,C010107,2025-12-31 04:00:00,Female,72,Bronze,Shopee,Chiang Mai,513,Lazada,COD,4,12,2,0,>50,17.1,9.0,2.0,0.2222222222222222,167,16,6700.304444444445,0.28,0.4444444444444444,0.1111111111111111,0.0,0.0,0,0,0.0,578.83,1,0,0.0,3970.17,3,0,0.0,60302.740000000005,9,2,0.2222222222222222,0
LGS2ORD0045987,C011020,2025-12-31 04:00:00,Female,47,Bronze,Lazada,Chiang Mai,1725,TV_Show,Bank_Transfer,4,12,2,0,40-50,57.5,6.0,0.0,0.0,-1,2,1984.8566666666668,0.23,0.3333333333333333,0.16666666666666666,0.0,2211.09,1,0,0.0,5218.030000000001,2,0,0.0,7979.38,3,0,0.0,11909.140000000001,6,0,0.0,0
LGS2ORD0045988,C011017,2025-12-31 04:00:00,Female,45,Gold,TV,Nakhon Ratchasima,437,TV_Show,COD,4,12,2,0,40-50,14.566666666666666,2.0,1.0,0.5,282,154,2009.915,0.13,1.0,0.0,0.0,0.0,0,0,0.0,0.0,0,0,0.0,0.0,0,0,0.0,4019.83,2,1,0.5,0
LGS2ORD0045989,C010160,2025-12-31 05:00:00,Female,61,Bronze,Lazada,Chonburi,1132,TV_Show,PromptPay,5,12,2,0,>50,37.733333333333334,6.0,0.0,0.0,-1,154,4599.825,0.28,0.16666666666666666,0.16666666666666666,0.16666666666666666,0.0,0,0,0.0,0.0,0,0,0.0,0.0,0,0,0.0,27598.95,6,0,0.0,0
LGS2ORD0045990,C010672,2025-12-31 05:00:00,Female,40,Gold,Web,Bangkok,661,TV_Show,Credit_Card,5,12,2,0,30-40,22.033333333333335,4.0,2.0,0.5,-4,3,3667.5750000000003,0.28,1.0,0.75,0.0,1652.5,1,1,1.0,1652.5,1,1,1.0,1652.5,1,1,1.0,14670.300000000001,4,2,0.5,0
LGS2ORD0045991,C017302,2025-12-31 05:00:00,Female,18,Silver,CallCenter,Phuket,702,Shopee,COD,5,12,2,0,<20,23.4,5.0,1.0,0.2,156,63,7773.8460000000005,0.3,0.6,0.2,0.0,0.0,0,0,0.0,0.0,0,0,0.0,6887.21,1,0,0.0,38869.23,5,1,0.2,1
LGS2ORD0045992,C014326,2025-12-31 05:00:00,Female,39,Bronze,TV,Phuket,1661,TV_Show,COD,5,12,2,0,30-40,55.36666666666667,7.0,4.0,0.5714285714285714,-6,5,5096.071428571428,0.28,0.5714285714285714,0.42857142857142855,0.0,6125.78,1,1,1.0,19066.85,3,2,0.6666666666666666,19859.699999999997,4,3,0.75,35672.5,7,4,0.5714285714285714,0
LGS2ORD0045993,C010879,2025-12-31 05:00:00,Male,44,Bronze,Web,Bangkok,1688,CallCenter,Credit_Card,5,12,2,0,40-50,56.266666666666666,12.0,3.0,0.25,-14,1,6014.690833333334,0.28,0.3333333333333333,0.4166666666666667,0.0,3327.66,1,1,1.0,3327.66,1,1,1.0,7303.12,3,2,0.6666666666666666,72176.29000000001,12,3,0.25,0
LGS2ORD0045994,C014138,2025-12-31 06:00:00,Other,30,Silver,Web,Chonburi,1323,TV_Show,PromptPay,6,12,2,0,20-30,44.1,4.0,1.0,0.25,105,87,4734.2725,0.2,0.25,0.0,0.0,0.0,0,0,0.0,0.0,0,0,0.0,14531.28,1,0,0.0,18937.09,4,1,0.25,0
LGS2ORD0045995,C013912,2025-12-31 06:00:00,Female,37,Bronze,CallCenter,Chonburi,1445,Shopee,Credit_Card,6,12,2,0,30-40,48.166666666666664,4.0,0.0,0.0,-1,89,4548.99,0.28,0.75,0.25,0.0,0.0,0,0,0.0,0.0,0,0,0.0,9876.96,1,0,0.0,18195.96,4,0,0.0,0
LGS2ORD0045996,C010125,2025-12-31 06:00:00,Female,25,Silver,TV,Phuket,1799,Lazada,Bank_Transfer,6,12,2,0,20-30,59.96666666666667,7.0,3.0,0.42857142857142855,80,7,8023.252857142857,0.25,0.2857142857142857,0.2857142857142857,0.0,3966.99,1,0,0.0,3966.99,1,0,0.0,29963.589999999997,3,1,0.3333333333333333,56162.77,7,3,0.42857142857142855,0
LGS2ORD0045997,C010951,2025-12-31 06:00:00,Female,51,Platinum,Web,Khon Kaen,601,Web,Credit_Card,6,12,2,0,>50,20.033333333333335,3.0,0.0,0.0,-1,123,4173.086666666667,0.25,0.3333333333333333,0.3333333333333333,0.0,0.0,0,0,0.0,0.0,0,0,0.0,0.0,0,0,0.0,12519.260000000002,3,0,0.0,0
LGS2ORD0045998,C015728,2025-12-31 06:00:00,Female,33,Bronze,CallCenter,Remote_Area,542,Shopee,COD,6,12,2,0,30-40,18.066666666666666,11.0,4.0,0.36363636363636365,61,0,7098.392727272728,0.28,0.5454545454545454,0.5454545454545454,0.0,4210.19,1,0,0.0,6518.459999999999,2,0,0.0,20629.52,5,1,0.2,78082.32,11,4,0.36363636363636365,0
LGS2ORD0045999,C014313,2025-12-31 07:00:00,Female,49,Bronze,Shopee,Chiang Mai,445,CallCenter,PromptPay,7,12,2,0,40-50,14.833333333333334,7.0,1.0,0.14285714285714285,257,31,6386.737142857143,0.23,0.5714285714285714,0.2857142857142857,0.0,0.0,0,0,0.0,0.0,0,0,0.0,10603.95,2,0,0.0,44707.16,7,1,0.14285714285714285,0
LGS2ORD0046000,C017080,2025-12-31 07:00:00,Other,40,Gold,Shopee,Remote_Area,419,TV_Show,COD,7,12,2,0,30-40,13.966666666666667,5.0,2.0,0.4,2,19,5048.904,0.28,0.6,0.4,0.0,0.0,0,0,0.0,1470.01,1,1,1.0,9819.68,2,1,0.5,25244.52,5,2,0.4,1
LGS2ORD0046001,C015609,2025-12-31 07:00:00,Female,53,Silver,Shopee,Songkhla,1522,Web,COD,7,12,2,0,>50,50.733333333333334,5.0,0.0,0.0,-1,16,3080.192,0.15,0.6,0.0,0.0,0.0,0,0,0.0,1062.78,1,0,0.0,10755.66,2,0,0.0,15400.960000000001,5,0,0.0,1
LGS2ORD0046002,C014887,2025-12-31 07:00:00,Female,25,Silver,Shopee,Bangkok,1757,Web,COD,7,12,2,0,20-30,58.56666666666667,7.0,0.0,0.0,-1,115,5981.632857142858,0.3,0.7142857142857143,0.42857142857142855,0.0,0.0,0,0,0.0,0.0,0,0,0.0,0.0,0,0,0.0,41871.43,7,0,0.0,0
LGS2ORD0046003,C012813,2025-12-31 07:00:00,Female,46,Silver,TV,Khon Kaen,872,Web,COD,7,12,2,0,40-50,29.066666666666666,6.0,0.0,0.0,-1,44,6330.195,0.2,0.5,0.0,0.0,0.0,0,0,0.0,0.0,0,0,0.0,4327.49,1,0,0.0,37981.17,6,0,0.0,0
LGS2ORD0046004,C011161,2025-12-31 08:00:00,Female,48,Gold,Web,Chonburi,999,TV_Show,COD,8,12,2,0,40-50,33.3,3.0,1.0,0.3333333333333333,284,91,3094.293333333333,0.28,0.6666666666666666,0.3333333333333333,0.0,0.0,0,0,0.0,0.0,0,0,0.0,0.0,0,0,0.0,9282.88,3,1,0.3333333333333333,0
LGS2ORD0046005,C011519,2025-12-31 08:00:00,Male,59,Bronze,CallCenter,Remote_Area,720,Lazada,COD,8,12,2,0,>50,24.0,11.0,2.0,0.18181818181818182,255,9,6598.794545454544,0.23,0.45454545454545453,0.36363636363636365,0.0,0.0,0,0,0.0,4630.45,1,0,0.0,21707.79,3,0,0.0,72586.73999999999,11,2,0.18181818181818182,0
LGS2ORD0046006,C013798,2025-12-31 08:00:00,Male,59,Silver,Shopee,Chiang Mai,1320,Web,Credit_Card,8,12,2,0,>50,44.0,6.0,2.0,0.3333333333333333,80,5,5047.346666666667,0.3,0.16666666666666666,0.6666666666666666,0.0,3258.49,1,0,0.0,3258.49,1,0,0.0,3258.49,1,0,0.0,30284.08,6,2,0.3333333333333333,1
LGS2ORD0046007,C017370,2025-12-31 08:00:00,Male,46,Silver,TV,Bangkok,1748,TV_Show,COD,8,12,2,0,40-50,58.266666666666666,9.0,3.0,0.3333333333333333,37,41,3778.9100000000003,0.3,0.6666666666666666,0.5555555555555556,0.0,0.0,0,0,0.0,0.0,0,0,0.0,5234.94,1,1,1.0,34010.19,9,3,0.3333333333333333,0
LGS2ORD0046008,C015700,2025-12-31 08:00:00,Female,43,Gold,Web,Khon Kaen,1758,TV_Show,PromptPay,8,12,2,0,40-50,58.6,6.0,0.0,0.0,-1,4,2851.525,0.33,0.16666666666666666,0.6666666666666666,0.0,1358.12,1,0,0.0,1358.12,1,0,0.0,1358.12,1,0,0.0,17109.15,6,0,0.0,0
LGS2ORD0046009,C017048,2025-12-31 08:00:00,Male,46,Bronze,Lazada,Khon Kaen,1386,TV_Show,PromptPay,8,12,2,0,40-50,46.2,8.0,1.0,0.125,28,39,3640.4525000000003,0.28,0.875,0.125,0.0,0.0,0,0,0.0,0.0,0,0,0.0,4028.43,1,1,1.0,29123.620000000003,8,1,0.125,0
LGS2ORD0046010,C013901,2025-12-31 09:00:00,Female,21,Bronze,TV,Khon Kaen,1700,Lazada,COD,9,12,2,0,20-30,56.666666666666664,8.0,0.0,0.0,-1,11,4002.58625,0.28,0.5,0.25,0.0,0.0,0,0,0.0,12193.439999999999,2,0,0.0,17380.739999999998,3,0,0.0,32020.69,8,0,0.0,1
LGS2ORD0046011,C013278,2025-12-31 09:00:00,Male,34,Silver,TV,Khon Kaen,1640,CallCenter,COD,9,12,2,0,30-40,54.666666666666664,7.0,0.0,0.0,-1,15,6615.287142857143,0.3,0.7142857142857143,0.14285714285714285,0.0,0.0,0,0,0.0,1754.04,1,0,0.0,27316.53,3,0,0.0,46307.01,7,0,0.0,0
LGS2ORD0046012,C017462,2025-12-31 09:00:00,Male,18,Bronze,Shopee,Khon Kaen,1603,TV_Show,Bank_Transfer,9,12,2,0,<20,53.43333333333333,4.0,1.0,0.25,5,17,3274.2650000000003,0.23,0.5,0.5,0.0,0.0,0,0,0.0,4820.27,1,1,1.0,6814.4800000000005,2,1,0.5,13097.060000000001,4,1,0.25,0
LGS2ORD0046013,C015218,2025-12-31 09:00:00,Female,65,Silver,TV,Remote_Area,376,Shopee,Credit_Card,9,12,2,0,>50,12.533333333333333,3.0,0.0,0.0,-1,131,4195.07,0.2,0.3333333333333333,0.0,0.0,0.0,0,0,0.0,0.0,0,0,0.0,0.0,0,0,0.0,12585.21,3,0,0.0,0
LGS2ORD0046014,C016907,2025-12-31 09:00:00,Male,43,Gold,Lazada,Chonburi,1146,TV_Show,COD,9,12,2,0,40-50,38.2,6.0,3.0,0.5,164,131,6634.745,0.28,0.6666666666666666,0.5,0.0,0.0,0,0,0.0,0.0,0,0,0.0,0.0,0,0,0.0,39808.47,6,3,0.5,0
LGS2ORD0046015,C014652,2025-12-31 10:00:00,Female,40,Gold,CallCenter,Chonburi,542,Shopee,Bank_Transfer,10,12,2,0,30-40,18.066666666666666,1.0,0.0,0.0,-1,215,2106.72,0.08,0.0,0.0,0.0,0.0,0,0,0.0,0.0,0,0,0.0,0.0,0,0,0.0,2106.72,1,0,0.0,0
LGS2ORD0046016,C011375,2025-12-31 10:00:00,Male,37,Platinum,Shopee,Phuket,1267,Lazada,Credit_Card,10,12,2,0,30-40,42.233333333333334,7.0,2.0,0.2857142857142857,125,55,2302.3928571428573,0.35,0.5714285714285714,0.5714285714285714,0.0,0.0,0,0,0.0,0.0,0,0,0.0,872.23,1,0,0.0,16116.75,7,2,0.2857142857142857,0
LGS2ORD0046017,C010304,2025-12-31 10:00:00,Female,67,Bronze,Shopee,Nakhon Ratchasima,1261,Web,Credit_Card,10,12,2,0,>50,42.03333333333333,9.0,1.0,0.1111111111111111,348,97,3056.271111111111,0.23,0.6666666666666666,0.2222222222222222,0.0,0.0,0,0,0.0,0.0,0,0,0.0,0.0,0,0,0.0,27506.44,9,1,0.1111111111111111,0
LGS2ORD0046018,C013655,2025-12-31 10:00:00,Female,23,Silver,TV,Khon Kaen,1691,Shopee,COD,10,12,2,0,20-30,56.36666666666667,6.0,2.0,0.3333333333333333,58,10,5066.168333333334,0.3,0.3333333333333333,0.16666666666666666,0.0,0.0,0,0,0.0,3659.08,1,0,0.0,23529.83,4,2,0.5,30397.010000000002,6,2,0.3333333333333333,0
LGS2ORD0046019,C011147,2025-12-31 10:00:00,Male,54,Bronze,Shopee,Bangkok,1553,Web,COD,10,12,2,0,>50,51.766666666666666,3.0,2.0,0.6666666666666666,12,22,9064.13,0.23,0.6666666666666666,0.6666666666666666,0.0,0.0,0,0,0.0,18785.4,1,1,1.0,18785.4,1,1,1.0,27192.39,3,2,0.6666666666666666,1
LGS2ORD0046020,C015966,2025-12-31 11:00:00,Male,67,Bronze,TV,Bangkok,1744,Shopee,COD,11,12,2,0,>50,58.13333333333333,5.0,0.0,0.0,-1,25,11521.734,0.23,1.0,0.2,0.0,0.0,0,0,0.0,5974.93,1,0,0.0,5974.93,1,0,0.0,57608.67,5,0,0.0,0
LGS2ORD0046021,C010769,2025-12-31 11:00:00,Male,40,Silver,Lazada,Bangkok,1482,Web,COD,11,12,2,0,30-40,49.4,2.0,0.0,0.0,-1,96,5121.8099999999995,0.25,0.5,0.5,0.0,0.0,0,0,0.0,0.0,0,0,0.0,0.0,0,0,0.0,10243.619999999999,2,0,0.0,0
LGS2ORD0046022,C014669,2025-12-31 11:00:00,Female,23,Silver,TV,Chiang Mai,1203,Web,Bank_Transfer,11,12,2,0,20-30,40.1,3.0,0.0,0.0,-1,33,14816.693333333335,0.2,0.0,0.0,0.0,0.0,0,0,0.0,0.0,0,0,0.0,40752.060000000005,2,0,0.0,44450.08,3,0,0.0,0
LGS2ORD0046023,C015306,2025-12-31 11:00:00,Male,42,Bronze,TV,Chiang Mai,1189,Web,Credit_Card,11,12,2,0,40-50,39.63333333333333,7.0,0.0,0.0,-1,4,3786.3171428571427,0.28,0.42857142857142855,0.14285714285714285,0.0,3985.52,1,0,0.0,4317.8,2,0,0.0,8443.029999999999,3,0,0.0,26504.219999999998,7,0,0.0,0
LGS2ORD0046024,C013302,2025-12-31 11:00:00,Male,56,Silver,TV,Remote_Area,1428,Web,Bank_Transfer,11,12,2,0,>50,47.6,7.0,3.0,0.42857142857142855,138,100,2829.592857142857,0.3,0.2857142857142857,0.7142857142857143,0.0,0.0,0,0,0.0,0.0,0,0,0.0,0.0,0,0,0.0,19807.15,7,3,0.42857142857142855,0
LGS2ORD0046025,C017034,2025-12-31 11:00:00,Female,28,Bronze,Shopee,Songkhla,848,Lazada,Credit_Card,11,12,2,0,20-30,28.266666666666666,12.0,5.0,0.4166666666666667,106,114,3920.3016666666667,0.23,0.5,0.08333333333333333,0.0,0.0,0,0,0.0,0.0,0,0,0.0,0.0,0,0,0.0,47043.62,12,5,0.4166666666666667,0
LGS2ORD0046026,C010653,2025-12-31 12:00:00,Male,45,Gold,Web,Bangkok,718,CallCenter,COD,12,12,2,0,40-50,23.933333333333334,5.0,0.0,0.0,-1,77,2761.02,0.33,0.4,0.6,0.0,0.0,0,0,0.0,0.0,0,0,0.0,3262.83,2,0,0.0,13805.1,5,0,0.0,1
LGS2ORD0046027,C015518,2025-12-31 12:00:00,Male,57,Silver,Shopee,Bangkok,1432,Shopee,COD,12,12,2,0,>50,47.733333333333334,5.0,0.0,0.0,-1,5,3989.75,0.3,0.4,0.6,0.0,10729.98,1,0,0.0,10729.98,1,0,0.0,13453.41,3,0,0.0,19948.75,5,0,0.0,0
LGS2ORD0046028,C010153,2025-12-31 12:00:00,Female,23,Gold,CallCenter,Khon Kaen,1152,CallCenter,Bank_Transfer,12,12,2,0,20-30,38.4,1.0,0.0,0.0,-1,148,14903.32,0.2299999999999999,0.0,1.0,0.0,0.0,0,0,0.0,0.0,0,0,0.0,0.0,0,0,0.0,14903.32,1,0,0.0,0
LGS2ORD0046029,C010014,2025-12-31 12:00:00,Female,38,Bronze,Web,Bangkok,1205,Lazada,Credit_Card,12,12,2,0,30-40,40.166666666666664,7.0,0.0,0.0,-1,40,3455.878571428572,0.23,0.2857142857142857,0.2857142857142857,0.0,0.0,0,0,0.0,0.0,0,0,0.0,6042.58,2,0,0.0,24191.15,7,0,0.0,0
LGS2ORD0046030,C013793,2025-12-31 12:00:00,Female,33,Silver,Lazada,Phuket,817,CallCenter,COD,12,12,2,0,30-40,27.233333333333334,6.0,2.0,0.3333333333333333,269,71,6206.855,0.3,0.3333333333333333,0.5,0.0,0.0,0,0,0.0,0.0,0,0,0.0,4069.67,1,0,0.0,37241.13,6,2,0.3333333333333333,0
LGS2ORD0046031,C013695,2025-12-31 13:00:00,Female,49,Gold,Shopee,Remote_Area,380,Lazada,Credit_Card,13,12,2,0,40-50,12.666666666666666,5.0,2.0,0.4,264,13,4276.328,0.33,0.6,0.4,0.0,0.0,0,0,0.0,502.73,1,0,0.0,502.73,1,0,0.0,21381.640000000003,5,2,0.4,0
LGS2ORD0046032,C011216,2025-12-31 13:00:00,Male,62,Silver,Web,Khon Kaen,963,Shopee,COD,13,12,2,0,>50,32.1,4.0,0.0,0.0,-1,45,8399.2425,0.25,0.75,0.5,0.0,0.0,0,0,0.0,0.0,0,0,0.0,11666.94,1,0,0.0,33596.97,4,0,0.0,0
LGS2ORD0046033,C017674,2025-12-31 13:00:00,Female,50,Gold,Lazada,Chonburi,1655,CallCenter,COD,13,12,2,0,40-50,55.166666666666664,3.0,1.0,0.3333333333333333,194,201,3874.6,0.28,0.6666666666666666,0.3333333333333333,0.0,0.0,0,0,0.0,0.0,0,0,0.0,0.0,0,0,0.0,11623.8,3,1,0.3333333333333333,0
LGS2ORD0046034,C012473,2025-12-31 13:00:00,Female,36,Silver,Web,Bangkok,782,Shopee,COD,13,12,2,0,30-40,26.066666666666666,3.0,0.0,0.0,-1,59,6190.07,0.2,0.3333333333333333,0.0,0.0,0.0,0,0,0.0,0.0,0,0,0.0,3320.11,1,0,0.0,18570.21,3,0,0.0,0
LGS2ORD0046035,C010737,2025-12-31 13:00:00,Male,62,Bronze,Lazada,Chonburi,1635,Web,Credit_Card,13,12,2,0,>50,54.5,3.0,2.0,0.6666666666666666,189,196,3544.2233333333334,0.23,0.3333333333333333,0.3333333333333333,0.0,0.0,0,0,0.0,0.0,0,0,0.0,0.0,0,0,0.0,10632.67,3,2,0.6666666666666666,0
LGS2ORD0046036,C013812,2025-12-31 14:00:00,Male,32,Bronze,TV,Nakhon Ratchasima,426,Shopee,Credit_Card,14,12,2,0,30-40,14.2,5.0,0.0,0.0,-1,39,10467.024000000001,0.18,0.2,0.0,0.0,0.0,0,0,0.0,0.0,0,0,0.0,6520.19,1,0,0.0,52335.12,5,0,0.0,0
LGS2ORD0046037,C013595,2025-12-31 14:00:00,Female,52,Gold,Lazada,Nakhon Ratchasima,645,CallCenter,Bank_Transfer,14,12,2,0,>50,21.5,4.0,0.0,0.0,-1,13,6148.0275,0.28,0.25,0.5,0.0,0.0,0,0,0.0,12017.53,1,0,0.0,12017.53,1,0,0.0,24592.11,4,0,0.0,0
LGS2ORD0046038,C011648,2025-12-31 14:00:00,Female,41,Silver,TV,Bangkok,699,Web,COD,14,12,2,0,40-50,23.3,7.0,0.0,0.0,-1,41,2936.6585714285716,0.3,0.5714285714285714,0.5714285714285714,0.0,0.0,0,0,0.0,0.0,0,0,0.0,13306.66,2,0,0.0,20556.61,7,0,0.0,0
LGS2ORD0046039,C015181,2025-12-31 14:00:00,Male,39,Bronze,Shopee,Remote_Area,809,CallCenter,Credit_Card,14,12,2,0,30-40,26.966666666666665,11.0,3.0,0.2727272727272727,56,2,7641.628181818181,0.28,0.5454545454545454,0.2727272727272727,0.0,9784.45,1,0,0.0,9784.45,1,0,0.0,17566.940000000002,3,1,0.3333333333333333,84057.90999999999,11,3,0.2727272727272727,0
LGS2ORD0046040,C010251,2025-12-31 14:00:00,Male,56,Gold,Web,Khon Kaen,1595,TV_Show,COD,14,12,2,0,>50,53.166666666666664,6.0,0.0,0.0,-1,9,2857.5766666666664,0.33,0.6666666666666666,0.5,0.0,0.0,0,0,0.0,4026.04,1,0,0.0,4026.04,1,0,0.0,17145.46,6,0,0.0,0
LGS2ORD0046041,C013490,2025-12-31 15:00:00,Female,43,Gold,Web,Khon Kaen,1622,Shopee,COD,15,12,2,0,40-50,54.06666666666667,5.0,3.0,0.6,152,160,5344.298000000001,0.28,0.8,0.6,0.0,0.0,0,0,0.0,0.0,0,0,0.0,0.0,0,0,0.0,26721.49,5,3,0.6,0
LGS2ORD0046042,C013867,2025-12-31 15:00:00,Male,56,Silver,Shopee,Chonburi,1068,TV_Show,COD,15,12,2,0,>50,35.6,4.0,1.0,0.25,25,43,5849.209999999999,0.2,0.5,0.0,0.0,0.0,0,0,0.0,0.0,0,0,0.0,1347.85,1,1,1.0,23396.839999999997,4,1,0.25,1
LGS2ORD0046043,C016751,2025-12-31 15:00:00,Male,18,Bronze,TV,Nakhon Ratchasima,709,Web,Credit_Card,15,12,2,0,<20,23.633333333333333,6.0,0.0,0.0,-1,30,1742.3983333333335,0.28,0.5,0.5,0.0,0.0,0,0,0.0,0.0,0,0,0.0,4792.7,2,0,0.0,10454.390000000001,6,0,0.0,0
LGS2ORD0046044,C016455,2025-12-31 15:00:00,Female,20,Bronze,CallCenter,Bangkok,1552,Web,PromptPay,15,12,2,0,<20,51.733333333333334,7.0,1.0,0.14285714285714285,320,43,9643.744285714287,0.18,0.42857142857142855,0.0,0.0,0.0,0,0,0.0,0.0,0,0,0.0,9928.95,1,0,0.0,67506.21,7,1,0.14285714285714285,0
LGS2ORD0046045,C013649,2025-12-31 15:00:00,Female,46,Bronze,TV,Chonburi,1317,Shopee,PromptPay,15,12,2,0,40-50,43.9,10.0,2.0,0.2,32,16,4199.946999999999,0.28,0.8,0.4,0.0,0.0,0,0,0.0,5848.74,1,0,0.0,23182.78,4,1,0.25,41999.469999999994,10,2,0.2,1
LGS2ORD0046046,C012323,2025-12-31 15:00:00,Female,37,Gold,TV,Chonburi,1566,Lazada,PromptPay,15,12,2,0,30-40,52.2,1.0,0.0,0.0,-1,24,1281.01,0.2299999999999999,1.0,1.0,0.0,0.0,0,0,0.0,1281.01,1,0,0.0,1281.01,1,0,0.0,1281.01,1,0,0.0,1
LGS2ORD0046047,C014127,2025-12-31 16:00:00,Female,40,Silver,TV,Phuket,709,Shopee,Bank_Transfer,16,12,2,0,30-40,23.633333333333333,10.0,3.0,0.3,166,32,3729.5980000000004,0.2,0.5,0.0,0.0,0.0,0,0,0.0,0.0,0,0,0.0,19733.440000000002,3,0,0.0,37295.98,10,3,0.3,0
LGS2ORD0046048,C015789,2025-12-31 16:00:00,Male,46,Gold,TV,Chonburi,911,TV_Show,Credit_Card,16,12,2,0,40-50,30.366666666666667,6.0,1.0,0.16666666666666666,40,44,2709.116666666667,0.28,0.3333333333333333,0.5,0.0,0.0,0,0,0.0,0.0,0,0,0.0,3665.39,2,1,0.5,16254.7,6,1,0.16666666666666666,1
LGS2ORD0046049,C017248,2025-12-31 16:00:00,Female,72,Bronze,TV,Phuket,760,Lazada,COD,16,12,2,0,>50,25.333333333333332,10.0,3.0,0.3,80,47,8323.651999999998,0.28,0.8,0.6,0.0,0.0,0,0,0.0,0.0,0,0,0.0,4466.27,2,1,0.5,83236.51999999999,10,3,0.3,0
LGS2ORD0046050,C010789,2025-12-31 16:00:00,Male,63,Gold,TV,Bangkok,820,Lazada,COD,16,12,2,0,>50,27.333333333333332,2.0,1.0,0.5,333,274,6302.25,0.2299999999999999,1.0,0.5,0.0,0.0,0,0,0.0,0.0,0,0,0.0,0.0,0,0,0.0,12604.5,2,1,0.5,0
LGS2ORD0046051,C013263,2025-12-31 16:00:00,Female,30,Bronze,TV,Remote_Area,1475,Shopee,Bank_Transfer,16,12,2,0,20-30,49.166666666666664,5.0,1.0,0.2,213,32,3526.7259999999997,0.28,0.2,0.2,0.0,0.0,0,0,0.0,0.0,0,0,0.0,8525.17,2,0,0.0,17633.629999999997,5,1,0.2,0
LGS2ORD0046052,C015090,2025-12-31 17:00:00,Male,58,Bronze,Web,Remote_Area,486,Shopee,COD,17,12,2,0,>50,16.2,7.0,3.0,0.42857142857142855,30,23,5413.242857142856,0.28,0.5714285714285714,0.2857142857142857,0.0,0.0,0,0,0.0,10759.28,1,0,0.0,18883.23,3,1,0.3333333333333333,37892.7,7,3,0.42857142857142855,0
LGS2ORD0046053,C016505,2025-12-31 17:00:00,Male,30,Gold,Shopee,Chonburi,623,CallCenter,COD,17,12,2,0,20-30,20.766666666666666,4.0,0.0,0.0,-1,200,8458.1325,0.33,0.5,0.5,0.0,0.0,0,0,0.0,0.0,0,0,0.0,0.0,0,0,0.0,33832.53,4,0,0.0,0
LGS2ORD0046054,C013170,2025-12-31 17:00:00,Other,30,Silver,Web,Chonburi,1591,Web,COD,17,12,2,0,20-30,53.03333333333333,4.0,2.0,0.5,26,35,13827.850000000002,0.2,0.75,0.0,0.0,0.0,0,0,0.0,0.0,0,0,0.0,20499.78,2,1,0.5,55311.40000000001,4,2,0.5,0
LGS2ORD0046055,C011215,2025-12-31 17:00:00,Female,43,Bronze,TV,Bangkok,1762,TV_Show,Credit_Card,17,12,2,0,40-50,58.733333333333334,5.0,0.0,0.0,-1,2,2874.5780000000004,0.28,0.4,0.4,0.0,3556.09,1,0,0.0,3556.09,1,0,0.0,4774.93,3,0,0.0,14372.890000000001,5,0,0.0,0
LGS2ORD0046056,C015887,2025-12-31 17:00:00,Female,47,Silver,Lazada,Bangkok,442,TV_Show,Credit_Card,17,12,2,0,40-50,14.733333333333333,12.0,4.0,0.3333333333333333,33,42,8050.090833333335,0.25,0.5833333333333334,0.3333333333333333,0.0,0.0,0,0,0.0,0.0,0,0,0.0,1506.83,1,1,1.0,96601.09000000001,12,4,0.3333333333333333,0
LGS2ORD0046057,C010401,2025-12-31 18:00:00,Female,37,Bronze,Lazada,Phuket,1483,TV_Show,COD,18,12,2,0,30-40,49.43333333333333,6.0,4.0,0.6666666666666666,162,38,5389.966666666667,0.23,0.5,0.5,0.0,0.0,0,0,0.0,0.0,0,0,0.0,3404.67,1,0,0.0,32339.800000000003,6,4,0.6666666666666666,0
LGS2ORD0046058,C017967,2025-12-31 18:00:00,Female,46,Silver,Shopee,Bangkok,540,Shopee,Credit_Card,18,12,2,0,40-50,18.0,3.0,1.0,0.3333333333333333,81,90,3536.486666666666,0.3,0.0,0.3333333333333333,0.0,0.0,0,0,0.0,0.0,0,0,0.0,0.0,0,0,0.0,10609.46,3,1,0.3333333333333333,0
LGS2ORD0046059,C013241,2025-12-31 18:00:00,Female,46,Bronze,Lazada,Khon Kaen,1669,Lazada,PromptPay,18,12,2,0,40-50,55.63333333333333,8.0,1.0,0.125,105,28,8450.490000000002,0.28,0.5,0.375,0.0,0.0,0,0,0.0,2724.11,1,0,0.0,5434.24,3,0,0.0,67603.92000000001,8,1,0.125,0
LGS2ORD0046060,C010011,2025-12-31 18:00:00,Female,50,Gold,Shopee,Bangkok,1593,Web,COD,18,12,2,0,40-50,53.1,4.0,0.0,0.0,-1,48,3953.4474999999998,0.28,0.0,1.0,0.0,0.0,0,0,0.0,0.0,0,0,0.0,297.83,1,0,0.0,15813.789999999999,4,0,0.0,0
LGS2ORD0046061,C017063,2025-12-31 18:00:00,Male,61,Bronze,TV,Remote_Area,1465,Shopee,Credit_Card,18,12,2,0,>50,48.833333333333336,9.0,1.0,0.1111111111111111,94,80,4157.820000000001,0.28,0.6666666666666666,0.2222222222222222,0.0,0.0,0,0,0.0,0.0,0,0,0.0,1717.47,1,0,0.0,37420.380000000005,9,1,0.1111111111111111,0
LGS2ORD0046062,C011114,2025-12-31 19:00:00,Male,30,Gold,Shopee,Bangkok,1122,CallCenter,Credit_Card,19,12,2,0,20-30,37.4,5.0,2.0,0.4,224,98,9421.77,0.28,0.4,0.4,0.0,0.0,0,0,0.0,0.0,0,0,0.0,0.0,0,0,0.0,47108.85,5,2,0.4,1
LGS2ORD0046063,C015975,2025-12-31 19:00:00,Female,36,Bronze,TV,Remote_Area,1216,Web,PromptPay,19,12,2,0,30-40,40.53333333333333,4.0,2.0,0.5,190,59,2516.7225,0.23,0.5,0.5,0.0,0.0,0,0,0.0,0.0,0,0,0.0,1412.02,1,0,0.0,10066.89,4,2,0.5,0
LGS2ORD0046064,C010988,2025-12-31 19:00:00,Female,24,Platinum,Shopee,Bangkok,1233,CallCenter,Bank_Transfer,19,12,2,0,20-30,41.1,5.0,0.0,0.0,-1,66,2369.52,0.3,0.2,0.6,0.0,0.0,0,0,0.0,0.0,0,0,0.0,1724.66,1,0,0.0,11847.6,5,0,0.0,0
LGS2ORD0046065,C010428,2025-12-31 19:00:00,Female,23,Silver,Lazada,Bangkok,1412,CallCenter,COD,19,12,2,0,20-30,47.06666666666667,6.0,1.0,0.16666666666666666,218,36,2804.94,0.3,0.6666666666666666,0.16666666666666666,0.0,0.0,0,0,0.0,0.0,0,0,0.0,753.83,1,0,0.0,16829.64,6,1,0.16666666666666666,0
LGS2ORD0046066,C011324,2025-12-31 19:00:00,Male,48,Platinum,Lazada,Bangkok,1601,Shopee,Credit_Card,19,12,2,0,40-50,53.36666666666667,5.0,2.0,0.4,9,16,2775.334,0.3,0.2,0.8,0.0,0.0,0,0,0.0,342.67,1,1,1.0,727.1500000000001,2,2,1.0,13876.67,5,2,0.4,0
LGS2ORD0046067,C014304,2025-12-31 19:00:00,Female,40,Platinum,Shopee,Bangkok,901,Shopee,COD,19,12,2,0,30-40,30.033333333333335,5.0,1.0,0.2,242,26,2604.84,0.3,0.4,0.8,0.0,0.0,0,0,0.0,1050.34,1,0,0.0,1050.34,1,0,0.0,13024.2,5,1,0.2,0
LGS2ORD0046068,C013815,2025-12-31 20:00:00,Female,18,Bronze,TV,Bangkok,1556,Web,Bank_Transfer,20,12,2,0,<20,51.86666666666667,4.0,0.0,0.0,-1,202,2959.5125,0.28,0.5,0.5,0.0,0.0,0,0,0.0,0.0,0,0,0.0,0.0,0,0,0.0,11838.05,4,0,0.0,0
LGS2ORD0046069,C013903,2025-12-31 20:00:00,Male,49,Bronze,TV,Remote_Area,1656,Lazada,COD,20,12,2,0,40-50,55.2,5.0,1.0,0.2,47,54,4243.258,0.23,0.8,0.4,0.0,0.0,0,0,0.0,0.0,0,0,0.0,985.87,1,1,1.0,21216.289999999997,5,1,0.2,0
LGS2ORD0046070,C011550,2025-12-31 20:00:00,Female,53,Silver,Shopee,Nakhon Ratchasima,734,CallCenter,Credit_Card,20,12,2,0,>50,24.466666666666665,12.0,2.0,0.16666666666666666,81,56,6924.731666666667,0.3,0.5,0.16666666666666666,0.0,0.0,0,0,0.0,0.0,0,0,0.0,1701.51,1,0,0.0,83096.78,12,2,0.16666666666666666,0
LGS2ORD0046071,C010536,2025-12-31 20:00:00,Female,42,Bronze,TV,Remote_Area,1749,Web,Credit_Card,20,12,2,0,40-50,58.3,6.0,0.0,0.0,-1,72,5891.743333333332,0.28,0.3333333333333333,0.16666666666666666,0.0,0.0,0,0,0.0,0.0,0,0,0.0,8614.369999999999,2,0,0.0,35350.45999999999,6,0,0.0,0
LGS2ORD0046072,C016247,2025-12-31 20:00:00,Female,33,Silver,TV,Phuket,1272,Shopee,COD,20,12,2,0,30-40,42.4,3.0,2.0,0.6666666666666666,108,33,12404.176666666666,0.2,0.6666666666666666,0.0,0.0,0.0,0,0,0.0,0.0,0,0,0.0,9152.01,1,0,0.0,37212.53,3,2,0.6666666666666666,1
LGS2ORD0046073,C010526,2025-12-31 21:00:00,Male,48,Bronze,Lazada,Khon Kaen,1186,TV_Show,COD,21,12,2,0,40-50,39.53333333333333,8.0,0.0,0.0,-1,1,14019.064999999999,0.18,0.125,0.0,0.0,1702.48,1,0,0.0,1702.48,1,0,0.0,2766.1800000000003,2,0,0.0,112152.51999999999,8,0,0.0,0
LGS2ORD0046074,C014660,2025-12-31 21:00:00,Female,41,Bronze,Shopee,Khon Kaen,1246,Web,COD,21,12,2,0,40-50,41.53333333333333,7.0,0.0,0.0,-1,42,4944.237142857142,0.23,0.5714285714285714,0.14285714285714285,0.0,0.0,0,0,0.0,0.0,0,0,0.0,1222.38,1,0,0.0,34609.659999999996,7,0,0.0,0
LGS2ORD0046075,C013668,2025-12-31 21:00:00,Female,41,Platinum,TV,Remote_Area,415,TV_Show,Credit_Card,21,12,2,0,40-50,13.833333333333334,3.0,0.0,0.0,-1,96,10638.766666666668,0.35,0.6666666666666666,0.6666666666666666,0.0,0.0,0,0,0.0,0.0,0,0,0.0,0.0,0,0,0.0,31916.300000000003,3,0,0.0,0
LGS2ORD0046076,C017827,2025-12-31 21:00:00,Female,44,Silver,Lazada,Bangkok,464,Lazada,COD,21,12,2,0,40-50,15.466666666666667,3.0,0.0,0.0,-1,5,2996.523333333333,0.2,0.3333333333333333,0.0,0.0,1608.97,1,0,0.0,3476.2,2,0,0.0,3476.2,2,0,0.0,8989.57,3,0,0.0,0
LGS2ORD0046077,C017380,2025-12-31 21:00:00,Female,41,Bronze,Lazada,Bangkok,448,Shopee,Credit_Card,21,12,2,0,40-50,14.933333333333334,4.0,0.0,0.0,-1,107,8983.4475,0.23,0.0,0.25,0.0,0.0,0,0,0.0,0.0,0,0,0.0,0.0,0,0,0.0,35933.79,4,0,0.0,0
LGS2ORD0046078,C011286,2025-12-31 22:00:00,Female,48,Bronze,CallCenter,Khon Kaen,595,CallCenter,COD,22,12,2,0,40-50,19.833333333333332,9.0,1.0,0.1111111111111111,121,76,5318.539999999999,0.23,0.4444444444444444,0.3333333333333333,0.0,0.0,0,0,0.0,0.0,0,0,0.0,20002.57,3,0,0.0,47866.85999999999,9,1,0.1111111111111111,0
LGS2ORD0046079,C016467,2025-12-31 22:00:00,Female,29,Gold,Shopee,Khon Kaen,1775,Shopee,COD,22,12,2,0,20-30,59.166666666666664,12.0,2.0,0.16666666666666666,117,38,2511.451666666667,0.33,0.5833333333333334,0.4166666666666667,0.0,0.0,0,0,0.0,0.0,0,0,0.0,6601.75,1,0,0.0,30137.420000000002,12,2,0.16666666666666666,0
LGS2ORD0046080,C017947,2025-12-31 22:00:00,Other,28,Bronze,CallCenter,Phuket,944,Shopee,COD,22,12,2,0,20-30,31.466666666666665,13.0,4.0,0.3076923076923077,168,33,7443.313076923077,0.28,0.5384615384615384,0.38461538461538464,0.0,0.0,0,0,0.0,0.0,0,0,0.0,3622.52,2,0,0.0,96763.06999999999,13,4,0.3076923076923077,1
LGS2ORD0046081,C016447,2025-12-31 22:00:00,Female,53,Platinum,Shopee,Khon Kaen,532,Web,PromptPay,22,12,2,0,>50,17.733333333333334,2.0,0.0,0.0,-1,39,4743.725,0.2,0.0,0.0,0.0,0.0,0,0,0.0,0.0,0,0,0.0,653.61,1,0,0.0,9487.45,2,0,0.0,0
LGS2ORD0046082,C011248,2025-12-31 22:00:00,Male,41,Gold,Web,Remote_Area,933,TV_Show,Bank_Transfer,22,12,2,0,40-50,31.1,3.0,1.0,0.3333333333333333,34,43,3142.8199999999997,0.28,0.6666666666666666,0.3333333333333333,0.0,0.0,0,0,0.0,0.0,0,0,0.0,4299.39,1,1,1.0,9428.46,3,1,0.3333333333333333,0
LGS2ORD0046083,C014843,2025-12-31 23:00:00,Other,37,Bronze,TV,Remote_Area,821,Shopee,COD,23,12,2,0,30-40,27.366666666666667,7.0,3.0,0.42857142857142855,225,152,3931.1100000000006,0.23,0.2857142857142857,0.14285714285714285,0.0,0.0,0,0,0.0,0.0,0,0,0.0,0.0,0,0,0.0,27517.770000000004,7,3,0.42857142857142855,0
LGS2ORD0046084,C013425,2025-12-31 23:00:00,Male,51,Bronze,Lazada,Khon Kaen,1294,Shopee,COD,23,12,2,0,>50,43.13333333333333,3.0,0.0,0.0,-1,36,3312.11,0.28,0.3333333333333333,0.3333333333333333,0.0,0.0,0,0,0.0,0.0,0,0,0.0,8511.13,2,0,0.0,9936.33,3,0,0.0,1
LGS2ORD0046085,C017827,2025-12-31 23:00:00,Female,44,Silver,Lazada,Bangkok,464,Shopee,PromptPay,23,12,2,0,40-50,15.466666666666667,4.0,0.0,0.0,-1,0,3183.1724999999997,0.2,0.5,0.0,0.0,5352.09,2,0,0.0,7219.32,3,0,0.0,7219.32,3,0,0.0,12732.689999999999,4,0,0.0,1
LGS2ORD0046086,C011808,2025-12-31 23:00:00,Female,28,Platinum,Web,Chonburi,1123,Lazada,COD,23,12,2,0,20-30,37.43333333333333,9.0,2.0,0.2222222222222222,126,67,4385.651111111112,0.35,0.4444444444444444,0.5555555555555556,0.0,0.0,0,0,0.0,0.0,0,0,0.0,1502.62,1,0,0.0,39470.86000000001,9,2,0.2222222222222222,1
LGS2ORD0046087,C014063,2025-12-31 23:00:00,Male,40,Gold,TV,Chonburi,1422,Lazada,COD,23,12,2,0,30-40,47.4,4.0,1.0,0.25,-8,2,7202.674999999999,0.2299999999999999,0.5,0.75,0.0,15314.62,1,1,1.0,15314.62,1,1,1.0,15314.62,1,1,1.0,28810.699999999997,4,1,0.25,0
LGS2ORD0046088,C014073,2025-12-31 23:00:00,Female,46,Silver,Web,Khon Kaen,896,Web,Credit_Card,23,12,2,0,40-50,29.866666666666667,9.0,2.0,0.2222222222222222,93,20,7439.12,0.3,0.5555555555555556,0.1111111111111111,0.0,0.0,0,0,0.0,20497.92,1,0,0.0,29827.909999999996,3,0,0.0,66952.08,9,2,0.2222222222222222,0
LGS2ORD0046089,C010093,2026-01-01 00:00:00,Male,20,Bronze,Web,Chonburi,605,TV_Show,Credit_Card,0,1,3,0,<20,20.166666666666668,7.0,1.0,0.14285714285714285,39,38,5500.387142857143,0.23,0.8571428571428571,0.14285714285714285,0.0,0.0,0,0,0.0,0.0,0,0,0.0,18271.95,3,1,0.3333333333333333,38502.71,7,1,0.14285714285714285,0
LGS2ORD0046090,C013865,2026-01-01 00:00:00,Female,48,Gold,Shopee,Nakhon Ratchasima,1428,Shopee,Bank_Transfer,0,1,3,0,40-50,47.6,3.0,0.0,0.0,-1,150,6939.183333333333,0.2299999999999999,0.0,0.3333333333333333,0.0,0.0,0,0,0.0,0.0,0,0,0.0,0.0,0,0,0.0,20817.55,3,0,0.0,0
LGS2ORD0046091,C010304,2026-01-01 00:00:00,Female,67,Bronze,Shopee,Nakhon Ratchasima,1262,Shopee,COD,0,1,3,0,>50,42.06666666666667,10.0,1.0,0.1,348,0,4664.382,0.23,0.6,0.3,0.0,19137.38,1,0,0.0,19137.38,1,0,0.0,19137.38,1,0,0.0,46643.82,10,1,0.1,0
LGS2ORD0046092,C017811,2026-01-01 00:00:00,Female,26,Silver,Shopee,Songkhla,834,TV_Show,COD,0,1,3,0,20-30,27.8,12.0,5.0,0.4166666666666667,-13,0,7376.1449999999995,0.3,0.75,0.4166666666666667,0.0,646.68,1,1,1.0,9680.86,4,2,0.5,13427.150000000001,5,2,0.4,88513.73999999999,12,5,0.4166666666666667,1
LGS2ORD0046093,C011883,2026-01-01 00:00:00,Male,41,Gold,Lazada,Chiang Mai,1220,Shopee,Credit_Card,0,1,3,0,40-50,40.666666666666664,2.0,0.0,0.0,-1,42,11206.25,0.2299999999999999,0.5,0.5,0.0,0.0,0,0,0.0,0.0,0,0,0.0,5018.27,1,0,0.0,22412.5,2,0,0.0,0
LGS2ORD0046094,C015143,2026-01-01 01:00:00,Female,37,Bronze,TV,Remote_Area,977,CallCenter,PromptPay,1,1,3,0,30-40,32.56666666666667,4.0,3.0,0.75,45,55,5097.225,0.28,0.5,0.25,0.0,0.0,0,0,0.0,0.0,0,0,0.0,6446.04,1,1,1.0,20388.9,4,3,0.75,0
LGS2ORD0046095,C011416,2026-01-01 01:00:00,Female,33,Gold,TV,Songkhla,1612,Web,COD,1,1,3,0,30-40,53.733333333333334,2.0,1.0,0.5,186,169,1718.75,0.13,0.5,0.0,0.0,0.0,0,0,0.0,0.0,0,0,0.0,0.0,0,0,0.0,3437.5,2,1,0.5,0
LGS2ORD0046096,C012668,2026-01-01 01:00:00,Female,53,Bronze,TV,Songkhla,552,Shopee,Bank_Transfer,1,1,3,0,>50,18.4,9.0,2.0,0.2222222222222222,16,25,3571.15,0.23,0.6666666666666666,0.1111111111111111,0.0,0.0,0,0,0.0,995.56,1,1,1.0,7938.139999999999,4,1,0.25,32140.350000000002,9,2,0.2222222222222222,0
LGS2ORD0046097,C015448,2026-01-01 01:00:00,Female,36,Silver,Shopee,Chiang Mai,426,Shopee,Credit_Card,1,1,3,0,30-40,14.2,10.0,2.0,0.2,118,62,6204.627,0.3,0.7,0.4,0.0,0.0,0,0,0.0,0.0,0,0,0.0,2156.02,2,0,0.0,62046.270000000004,10,2,0.2,0
LGS2ORD0046098,C011754,2026-01-01 01:00:00,Female,26,Silver,TV,Bangkok,1587,Lazada,PromptPay,1,1,3,0,20-30,52.9,3.0,0.0,0.0,-1,195,4057.1299999999997,0.25,0.3333333333333333,0.3333333333333333,0.0,0.0,0,0,0.0,0.0,0,0,0.0,0.0,0,0,0.0,12171.39,3,0,0.0,0
LGS2ORD0046099,C012202,2026-01-01 02:00:00,Female,41,Silver,TV,Chiang Mai,1544,TV_Show,COD,2,1,3,0,40-50,51.46666666666667,6.0,1.0,0.16666666666666666,327,82,7787.978333333333,0.3,0.8333333333333334,0.5,0.0,0.0,0,0,0.0,0.0,0,0,0.0,7509.2,1,0,0.0,46727.869999999995,6,1,0.16666666666666666,0
LGS2ORD0046100,C011522,2026-01-01 02:00:00,Male,53,Silver,TV,Khon Kaen,483,Shopee,PromptPay,2,1,3,0,>50,16.1,8.0,2.0,0.25,125,87,8250.20375,0.25,0.25,0.125,0.0,0.0,0,0,0.0,0.0,0,0,0.0,1013.91,1,0,0.0,66001.63,8,2,0.25,0
LGS2ORD0046101,C016658,2026-01-01 02:00:00,Male,47,Silver,Lazada,Chiang Mai,787,Web,COD,2,1,3,0,40-50,26.233333333333334,12.0,4.0,0.3333333333333333,89,66,7947.1875,0.3,0.5,0.4166666666666667,0.0,0.0,0,0,0.0,0.0,0,0,0.0,763.62,1,0,0.0,95366.25,12,4,0.3333333333333333,0
LGS2ORD0046102,C017403,2026-01-01 02:00:00,Female,72,Silver,CallCenter,Chiang Mai,1512,Shopee,COD,2,1,3,0,>50,50.4,8.0,0.0,0.0,-1,4,4806.12375,0.3,0.0,0.5,0.0,1465.76,1,0,0.0,13113.63,3,0,0.0,14570.79,4,0,0.0,38448.99,8,0,0.0,0
LGS2ORD0046103,C016209,2026-01-01 02:00:00,Female,32,Bronze,Lazada,Nakhon Ratchasima,1572,CallCenter,PromptPay,2,1,3,0,30-40,52.4,7.0,2.0,0.2857142857142857,251,41,5202.2414285714285,0.23,0.5714285714285714,0.2857142857142857,0.0,0.0,0,0,0.0,0.0,0,0,0.0,3179.82,1,0,0.0,36415.69,7,2,0.2857142857142857,0
LGS2ORD0046104,C016351,2026-01-01 03:00:00,Female,30,Bronze,TV,Bangkok,655,CallCenter,PromptPay,3,1,3,0,20-30,21.833333333333332,3.0,0.0,0.0,-1,56,5773.486666666667,0.18,0.0,0.0,0.0,0.0,0,0,0.0,0.0,0,0,0.0,14269.75,2,0,0.0,17320.46,3,0,0.0,0
LGS2ORD0046105,C011742,2026-01-01 03:00:00,Female,53,Bronze,Web,Phuket,1132,CallCenter,COD,3,1,3,0,>50,37.733333333333334,7.0,3.0,0.42857142857142855,0,11,6143.321428571428,0.23,0.7142857142857143,0.14285714285714285,0.0,0.0,0,0,0.0,7348.4400000000005,2,1,0.5,15698.01,5,2,0.4,43003.25,7,3,0.42857142857142855,0
LGS2ORD0046106,C015888,2026-01-01 03:00:00,Male,34,Gold,Shopee,Khon Kaen,1023,TV_Show,COD,3,1,3,0,30-40,34.1,9.0,1.0,0.1111111111111111,137,35,4209.422222222222,0.28,0.1111111111111111,0.6666666666666666,0.0,0.0,0,0,0.0,0.0,0,0,0.0,6922.389999999999,2,0,0.0,37884.8,9,1,0.1111111111111111,0
LGS2ORD0046107,C010070,2026-01-01 03:00:00,Female,48,Platinum,Lazada,Chiang Mai,495,CallCenter,Bank_Transfer,3,1,3,0,40-50,16.5,5.0,1.0,0.2,241,100,6398.999999999999,0.35,0.2,0.6,0.0,0.0,0,0,0.0,0.0,0,0,0.0,0.0,0,0,0.0,31994.999999999996,5,1,0.2,0
LGS2ORD0046108,C012576,2026-01-01 03:00:00,Male,36,Silver,Shopee,Phuket,872,Web,COD,3,1,3,0,30-40,29.066666666666666,3.0,3.0,1.0,185,197,2948.41,0.25,1.0,0.3333333333333333,0.0,0.0,0,0,0.0,0.0,0,0,0.0,0.0,0,0,0.0,8845.23,3,3,1.0,0
LGS2ORD0046109,C017346,2026-01-01 03:00:00,Female,32,Silver,Web,Bangkok,978,CallCenter,Bank_Transfer,3,1,3,0,30-40,32.6,3.0,1.0,0.3333333333333333,177,42,12729.353333333333,0.3,0.3333333333333333,0.6666666666666666,0.0,0.0,0,0,0.0,0.0,0,0,0.0,34517.479999999996,2,0,0.0,38188.06,3,1,0.3333333333333333,1
LGS2ORD0046110,C017725,2026-01-01 04:00:00,Female,59,Bronze,Web,Khon Kaen,1304,TV_Show,COD,4,1,3,0,>50,43.46666666666667,10.0,2.0,0.2,115,86,8100.065999999999,0.23,0.5,0.1,0.0,0.0,0,0,0.0,0.0,0,0,0.0,2180.45,1,0,0.0,81000.65999999999,10,2,0.2,1
LGS2ORD0046111,C017554,2026-01-01 04:00:00,Male,33,Bronze,TV,Bangkok,575,Shopee,COD,4,1,3,0,30-40,19.166666666666668,6.0,2.0,0.3333333333333333,20,23,4768.576666666667,0.23,1.0,0.16666666666666666,0.0,0.0,0,0,0.0,10571.82,1,1,1.0,10571.82,1,1,1.0,28611.46,6,2,0.3333333333333333,0
LGS2ORD0046112,C015474,2026-01-01 04:00:00,Female,53,Gold,Shopee,Bangkok,727,Shopee,PromptPay,4,1,3,0,>50,24.233333333333334,2.0,0.0,0.0,-1,54,3490.115,0.28,0.0,0.5,0.0,0.0,0,0,0.0,0.0,0,0,0.0,4984.62,1,0,0.0,6980.23,2,0,0.0,0
LGS2ORD0046113,C013311,2026-01-01 04:00:00,Female,29,Silver,Shopee,Chonburi,1683,CallCenter,COD,4,1,3,0,20-30,56.1,4.0,1.0,0.25,268,135,12319.037499999999,0.15,0.75,0.0,0.0,0.0,0,0,0.0,0.0,0,0,0.0,0.0,0,0,0.0,49276.149999999994,4,1,0.25,0
LGS2ORD0046114,C010209,2026-01-01 04:00:00,Female,38,Silver,Shopee,Phuket,609,TV_Show,COD,4,1,3,0,30-40,20.3,5.0,3.0,0.6,25,18,6682.498,0.25,0.6,0.4,0.0,0.0,0,0,0.0,5325.28,1,0,0.0,8099.2,2,1,0.5,33412.49,5,3,0.6,1
LGS2ORD0046115,C016360,2026-01-01 05:00:00,Female,38,Bronze,CallCenter,Bangkok,842,Lazada,COD,5,1,3,0,30-40,28.066666666666666,6.0,0.0,0.0,-1,4,2174.0366666666664,0.28,0.3333333333333333,0.3333333333333333,0.0,919.31,1,0,0.0,919.31,1,0,0.0,919.31,1,0,0.0,13044.22,6,0,0.0,1
LGS2ORD0046116,C010016,2026-01-01 05:00:00,Male,39,Silver,Web,Chonburi,1135,Web,COD,5,1,3,0,30-40,37.833333333333336,8.0,1.0,0.125,310,127,3716.26625,0.3,0.375,0.25,0.0,0.0,0,0,0.0,0.0,0,0,0.0,0.0,0,0,0.0,29730.13,8,1,0.125,0
LGS2ORD0046117,C014339,2026-01-01 05:00:00,Female,48,Bronze,CallCenter,Bangkok,774,Web,PromptPay,5,1,3,0,40-50,25.8,6.0,3.0,0.5,-4,7,6273.95,0.28,0.8333333333333334,0.16666666666666666,0.0,0.0,0,0,0.0,635.03,1,1,1.0,635.03,1,1,1.0,37643.7,6,3,0.5,0
LGS2ORD0046118,C012581,2026-01-01 05:00:00,Male,43,Bronze,Lazada,Songkhla,1340,Web,Credit_Card,5,1,3,0,40-50,44.666666666666664,3.0,1.0,0.3333333333333333,52,63,8372.93,0.18,0.0,0.0,0.0,0.0,0,0,0.0,0.0,0,0,0.0,1010.14,1,1,1.0,25118.79,3,1,0.3333333333333333,0
LGS2ORD0046119,C017659,2026-01-01 05:00:00,Male,45,Gold,TV,Bangkok,618,TV_Show,Bank_Transfer,5,1,3,0,40-50,20.6,6.0,2.0,0.3333333333333333,257,89,3069.6883333333335,0.28,0.6666666666666666,0.6666666666666666,0.0,0.0,0,0,0.0,0.0,0,0,0.0,2153.86,1,0,0.0,18418.13,6,2,0.3333333333333333,0
LGS2ORD0046120,C010480,2026-01-01 06:00:00,Female,39,Bronze,Web,Nakhon Ratchasima,1530,TV_Show,PromptPay,6,1,3,0,30-40,51.0,2.0,0.0,0.0,-1,61,5458.415,0.28,0.0,0.5,0.0,0.0,0,0,0.0,0.0,0,0,0.0,10916.83,2,0,0.0,10916.83,2,0,0.0,0
LGS2ORD0046121,C015355,2026-01-01 06:00:00,Male,24,Gold,TV,Chiang Mai,1174,Web,PromptPay,6,1,3,0,20-30,39.13333333333333,8.0,1.0,0.125,327,10,2995.24625,0.33,0.625,0.625,0.0,0.0,0,0,0.0,4404.83,1,0,0.0,12381.32,3,0,0.0,23961.97,8,1,0.125,1
LGS2ORD0046122,C015938,2026-01-01 06:00:00,Female,18,Bronze,CallCenter,Bangkok,1175,Web,COD,6,1,3,0,<20,39.166666666666664,4.0,1.0,0.25,114,21,2422.0875,0.18,0.5,0.0,0.0,0.0,0,0,0.0,2165.72,1,0,0.0,5314.299999999999,2,0,0.0,9688.35,4,1,0.25,0
LGS2ORD0046123,C015917,2026-01-01 06:00:00,Female,50,Gold,CallCenter,Nakhon Ratchasima,1740,TV_Show,COD,6,1,3,0,40-50,58.0,7.0,0.0,0.0,-1,7,2491.537142857143,0.33,0.8571428571428571,0.14285714285714285,0.0,0.0,0,0,0.0,3737.91,2,0,0.0,4865.11,3,0,0.0,17440.760000000002,7,0,0.0,1
LGS2ORD0046124,C014847,2026-01-01 06:00:00,Male,28,Silver,Web,Remote_Area,1494,TV_Show,COD,6,1,3,0,20-30,49.8,7.0,1.0,0.14285714285714285,79,6,9223.285714285714,0.25,0.14285714285714285,0.14285714285714285,0.0,3960.4,1,0,0.0,3960.4,1,0,0.0,32523.52,3,0,0.0,64563.0,7,1,0.14285714285714285,0
LGS2ORD0046125,C011403,2026-01-01 07:00:00,Female,59,Gold,TV,Nakhon Ratchasima,772,TV_Show,Credit_Card,7,1,3,0,>50,25.733333333333334,10.0,0.0,0.0,-1,73,9164.667,0.33,0.7,0.5,0.0,0.0,0,0,0.0,0.0,0,0,0.0,50490.97,3,0,0.0,91646.67,10,0,0.0,1
LGS2ORD0046126,C013578,2026-01-01 07:00:00,Male,30,Silver,Lazada,Khon Kaen,1725,Shopee,Credit_Card,7,1,3,0,20-30,57.5,4.0,2.0,0.5,176,184,6470.015000000001,0.25,0.5,0.25,0.0,0.0,0,0,0.0,0.0,0,0,0.0,0.0,0,0,0.0,25880.060000000005,4,2,0.5,0
LGS2ORD0046127,C014566,2026-01-01 07:00:00,Other,38,Bronze,TV,Bangkok,445,TV_Show,Credit_Card,7,1,3,0,30-40,14.833333333333334,9.0,2.0,0.2222222222222222,296,108,10239.05111111111,0.23,0.6666666666666666,0.1111111111111111,0.0,0.0,0,0,0.0,0.0,0,0,0.0,0.0,0,0,0.0,92151.45999999999,9,2,0.2222222222222222,0
LGS2ORD0046128,C015092,2026-01-01 07:00:00,Female,59,Gold,TV,Bangkok,1368,Web,COD,7,1,3,0,>50,45.6,6.0,2.0,0.3333333333333333,26,42,2031.6350000000002,0.28,0.6666666666666666,0.6666666666666666,0.0,0.0,0,0,0.0,0.0,0,0,0.0,3943.9700000000003,2,2,1.0,12189.810000000001,6,2,0.3333333333333333,0
LGS2ORD0046129,C013941,2026-01-01 07:00:00,Male,53,Gold,Lazada,Bangkok,710,TV_Show,Bank_Transfer,7,1,3,0,>50,23.666666666666668,4.0,0.0,0.0,-1,7,7742.6375,0.28,0.75,0.25,0.0,0.0,0,0,0.0,1478.27,1,0,0.0,19356.04,2,0,0.0,30970.55,4,0,0.0,0
LGS2ORD0046130,C017790,2026-01-01 07:00:00,Male,40,Gold,Web,Songkhla,925,TV_Show,COD,7,1,3,0,30-40,30.833333333333332,9.0,3.0,0.3333333333333333,59,69,7420.926666666666,0.28,0.6666666666666666,0.4444444444444444,0.0,0.0,0,0,0.0,0.0,0,0,0.0,16588.54,2,1,0.5,66788.34,9,3,0.3333333333333333,0
LGS2ORD0046131,C016943,2026-01-01 08:00:00,Female,45,Bronze,TV,Bangkok,923,Shopee,COD,8,1,3,0,40-50,30.766666666666666,9.0,1.0,0.1111111111111111,269,65,7114.506666666666,0.28,0.6666666666666666,0.4444444444444444,0.0,0.0,0,0,0.0,0.0,0,0,0.0,4820.35,1,0,0.0,64030.56,9,1,0.1111111111111111,1
LGS2ORD0046132,C015130,2026-01-01 08:00:00,Female,27,Silver,Web,Chiang Mai,419,Web,COD,8,1,3,0,20-30,13.966666666666667,4.0,0.0,0.0,-1,57,11137.7275,0.25,0.75,0.75,0.0,0.0,0,0,0.0,0.0,0,0,0.0,6959.13,1,0,0.0,44550.91,4,0,0.0,0
LGS2ORD0046133,C013475,2026-01-01 08:00:00,Male,46,Silver,Shopee,Khon Kaen,1204,Lazada,COD,8,1,3,0,40-50,40.13333333333333,6.0,2.0,0.3333333333333333,38,51,4900.325,0.3,0.5,0.5,0.0,0.0,0,0,0.0,0.0,0,0,0.0,11215.11,2,1,0.5,29401.95,6,2,0.3333333333333333,1
LGS2ORD0046134,C016138,2026-01-01 08:00:00,Female,66,Silver,TV,Bangkok,1559,Shopee,COD,8,1,3,0,>50,51.96666666666667,9.0,2.0,0.2222222222222222,107,30,5801.166666666667,0.25,0.5555555555555556,0.1111111111111111,0.0,0.0,0,0,0.0,0.0,0,0,0.0,16059.83,1,0,0.0,52210.5,9,2,0.2222222222222222,0
LGS2ORD0046135,C011932,2026-01-01 08:00:00,Female,38,Bronze,Web,Chonburi,1341,TV_Show,COD,8,1,3,0,30-40,44.7,6.0,3.0,0.5,71,70,4551.93,0.28,0.8333333333333334,0.16666666666666666,0.0,0.0,0,0,0.0,0.0,0,0,0.0,4348.9,2,1,0.5,27311.58,6,3,0.5,0
LGS2ORD0046136,C012801,2026-01-01 09:00:00,Female,29,Gold,CallCenter,Chonburi,901,Web,Credit_Card,9,1,3,0,20-30,30.033333333333335,6.0,1.0,0.16666666666666666,83,67,11692.916666666666,0.2299999999999999,0.5,0.6666666666666666,0.0,0.0,0,0,0.0,0.0,0,0,0.0,10626.5,1,0,0.0,70157.5,6,1,0.16666666666666666,1
LGS2ORD0046137,C013939,2026-01-01 09:00:00,Female,42,Bronze,TV,Remote_Area,831,Lazada,COD,9,1,3,0,40-50,27.7,5.0,2.0,0.4,155,4,8676.644,0.23,1.0,0.2,0.0,22082.71,1,0,0.0,22082.71,1,0,0.0,22082.71,1,0,0.0,43383.22,5,2,0.4,1
LGS2ORD0046138,C013293,2026-01-01 09:00:00,Male,46,Bronze,TV,Bangkok,494,Lazada,Credit_Card,9,1,3,0,40-50,16.466666666666665,3.0,1.0,0.3333333333333333,273,257,5290.1033333333335,0.23,0.6666666666666666,0.3333333333333333,0.0,0.0,0,0,0.0,0.0,0,0,0.0,0.0,0,0,0.0,15870.31,3,1,0.3333333333333333,0
LGS2ORD0046139,C011301,2026-01-01 09:00:00,Female,35,Gold,TV,Nakhon Ratchasima,495,TV_Show,PromptPay,9,1,3,0,30-40,16.5,6.0,0.0,0.0,-1,26,3298.7233333333334,0.28,0.6666666666666666,1.0,0.0,0.0,0,0,0.0,3725.1,1,0,0.0,4792.76,2,0,0.0,19792.34,6,0,0.0,0
LGS2ORD0046140,C014189,2026-01-01 09:00:00,Female,27,Bronze,Lazada,Khon Kaen,1004,TV_Show,COD,9,1,3,0,20-30,33.46666666666667,5.0,2.0,0.4,150,112,1922.354,0.23,0.4,0.6,0.0,0.0,0,0,0.0,0.0,0,0,0.0,0.0,0,0,0.0,9611.77,5,2,0.4,0
LGS2ORD0046141,C017519,2026-01-01 10:00:00,Female,43,Silver,Lazada,Nakhon Ratchasima,626,Shopee,COD,10,1,3,0,40-50,20.866666666666667,8.0,1.0,0.125,214,67,4421.6775,0.3,0.875,0.125,0.0,0.0,0,0,0.0,0.0,0,0,0.0,709.17,1,0,0.0,35373.42,8,1,0.125,1
LGS2ORD0046142,C010140,2026-01-01 10:00:00,Female,26,Gold,CallCenter,Songkhla,643,Shopee,COD,10,1,3,0,20-30,21.433333333333334,6.0,2.0,0.3333333333333333,18,29,4690.558333333333,0.28,0.8333333333333334,0.6666666666666666,0.0,0.0,0,0,0.0,1501.93,1,1,1.0,15097.8,4,1,0.25,28143.350000000002,6,2,0.3333333333333333,0
LGS2ORD0046143,C015284,2026-01-01 10:00:00,Male,59,Silver,TV,Bangkok,982,TV_Show,Bank_Transfer,10,1,3,0,>50,32.733333333333334,5.0,1.0,0.2,228,16,9981.364000000001,0.25,0.0,0.2,0.0,0.0,0,0,0.0,14311.97,1,0,0.0,24419.760000000002,3,0,0.0,49906.82000000001,5,1,0.2,0
LGS2ORD0046144,C014737,2026-01-01 10:00:00,Male,24,Silver,TV,Chonburi,1000,TV_Show,COD,10,1,3,0,20-30,33.333333333333336,6.0,1.0,0.16666666666666666,289,14,6152.458333333335,0.25,0.5,0.16666666666666666,0.0,0.0,0,0,0.0,1525.08,1,0,0.0,1525.08,1,0,0.0,36914.75000000001,6,1,0.16666666666666666,1
LGS2ORD0046145,C010623,2026-01-01 10:00:00,Male,52,Silver,CallCenter,Nakhon Ratchasima,1042,Lazada,PromptPay,10,1,3,0,>50,34.733333333333334,10.0,1.0,0.1,276,54,7414.416,0.3,0.4,0.3,0.0,0.0,0,0,0.0,0.0,0,0,0.0,13604.79,1,0,0.0,62899.4,9,1,0.1111111111111111,0
LGS2ORD0046146,C017644,2026-01-01 10:00:00,Female,34,Bronze,Web,Chonburi,393,Shopee,Credit_Card,10,1,3,0,30-40,13.1,1.0,0.0,0.0,-1,343,739.82,0.08,0.0,0.0,0.0,0.0,0,0,0.0,0.0,0,0,0.0,0.0,0,0,0.0,739.82,1,0,0.0,0
LGS2ORD0046147,C015165,2026-01-01 11:00:00,Female,45,Bronze,TV,Bangkok,1763,Lazada,Credit_Card,11,1,3,0,40-50,58.766666666666666,13.0,2.0,0.15384615384615385,158,102,4048.1107692307687,0.28,0.46153846153846156,0.46153846153846156,0.0,0.0,0,0,0.0,0.0,0,0,0.0,0.0,0,0,0.0,52625.439999999995,13,2,0.15384615384615385,0
LGS2ORD0046148,C010863,2026-01-01 11:00:00,Female,35,Bronze,Shopee,Remote_Area,1580,Shopee,PromptPay,11,1,3,0,30-40,52.666666666666664,5.0,3.0,0.6,116,124,2955.698,0.23,0.6,0.2,0.0,0.0,0,0,0.0,0.0,0,0,0.0,0.0,0,0,0.0,14778.49,5,3,0.6,1
LGS2ORD0046149,C015301,2026-01-01 11:00:00,Female,24,Platinum,CallCenter,Khon Kaen,1614,Lazada,Credit_Card,11,1,3,0,20-30,53.8,3.0,0.0,0.0,-1,43,7784.713333333334,0.25,0.0,0.6666666666666666,0.0,0.0,0,0,0.0,0.0,0,0,0.0,1535.47,1,0,0.0,23354.140000000003,3,0,0.0,0
LGS2ORD0046150,C011767,2026-01-01 11:00:00,Female,53,Gold,Lazada,Chiang Mai,415,Web,Bank_Transfer,11,1,3,0,>50,13.833333333333334,3.0,0.0,0.0,-1,140,5863.25,0.28,0.6666666666666666,0.6666666666666666,0.0,0.0,0,0,0.0,0.0,0,0,0.0,0.0,0,0,0.0,17589.75,3,0,0.0,1
LGS2ORD0046151,C012522,2026-01-01 11:00:00,Male,39,Bronze,TV,Songkhla,1676,Shopee,Bank_Transfer,11,1,3,0,30-40,55.86666666666667,5.0,1.0,0.2,185,3,5099.036,0.23,0.2,0.4,0.0,4467.31,1,0,0.0,4467.31,1,0,0.0,4467.31,1,0,0.0,25495.18,5,1,0.2,1
LGS2ORD0046152,C013452,2026-01-01 12:00:00,Male,43,Bronze,Web,Chiang Mai,1305,Lazada,COD,12,1,3,0,40-50,43.5,8.0,3.0,0.375,11,4,5522.61125,0.23,0.5,0.25,0.0,3206.82,1,0,0.0,5053.75,2,1,0.5,30282.46,4,2,0.5,44180.89,8,3,0.375,0
LGS2ORD0046153,C015162,2026-01-01 12:00:00,Female,47,Bronze,Web,Nakhon Ratchasima,837,Shopee,Credit_Card,12,1,3,0,40-50,27.9,5.0,0.0,0.0,-1,132,4817.9,0.28,0.2,0.2,0.0,0.0,0,0,0.0,0.0,0,0,0.0,0.0,0,0,0.0,24089.5,5,0,0.0,1
LGS2ORD0046154,C015009,2026-01-01 12:00:00,Female,58,Bronze,Lazada,Bangkok,1131,Lazada,COD,12,1,3,0,>50,37.7,7.0,2.0,0.2857142857142857,19,26,7756.271428571429,0.23,0.7142857142857143,0.14285714285714285,0.0,0.0,0,0,0.0,18789.93,1,1,1.0,29593.309999999998,2,1,0.5,54293.9,7,2,0.2857142857142857,0
LGS2ORD0046155,C013895,2026-01-01 12:00:00,Female,40,Bronze,CallCenter,Bangkok,907,Shopee,COD,12,1,3,0,30-40,30.233333333333334,6.0,1.0,0.16666666666666666,327,31,5556.526666666666,0.18,0.3333333333333333,0.0,0.0,0.0,0,0,0.0,0.0,0,0,0.0,21546.14,2,0,0.0,33339.159999999996,6,1,0.16666666666666666,1
LGS2ORD0046156,C017700,2026-01-01 12:00:00,Female,35,Bronze,Web,Remote_Area,1504,CallCenter,COD,12,1,3,0,30-40,50.13333333333333,3.0,0.0,0.0,-1,59,3824.2166666666667,0.23,0.3333333333333333,0.3333333333333333,0.0,0.0,0,0,0.0,0.0,0,0,0.0,3959.2,1,0,0.0,11472.65,3,0,0.0,0
LGS2ORD0046157,C010962,2026-01-01 13:00:00,Female,39,Bronze,Shopee,Chonburi,1080,Web,PromptPay,13,1,3,0,30-40,36.0,7.0,2.0,0.2857142857142857,216,25,8207.401428571427,0.28,0.8571428571428571,0.14285714285714285,0.0,0.0,0,0,0.0,12669.19,1,0,0.0,20795.67,2,0,0.0,57451.81,7,2,0.2857142857142857,0
LGS2ORD0046158,C015063,2026-01-01 13:00:00,Female,18,Silver,Web,Bangkok,832,Web,COD,13,1,3,0,<20,27.733333333333334,6.0,1.0,0.16666666666666666,5,18,4394.451666666667,0.25,0.5,0.16666666666666666,0.0,0.0,0,0,0.0,5741.79,1,1,1.0,24734.68,4,1,0.25,26366.710000000003,6,1,0.16666666666666666,0
LGS2ORD0046159,C015111,2026-01-01 13:00:00,Female,54,Bronze,TV,Bangkok,748,Web,PromptPay,13,1,3,0,>50,24.933333333333334,5.0,1.0,0.2,223,102,4082.7619999999997,0.28,0.2,0.2,0.0,0.0,0,0,0.0,0.0,0,0,0.0,0.0,0,0,0.0,20413.809999999998,5,1,0.2,0
LGS2ORD0046160,C014484,2026-01-01 13:00:00,Male,53,Platinum,Lazada,Bangkok,1753,Web,PromptPay,13,1,3,0,>50,58.43333333333333,6.0,1.0,0.16666666666666666,228,112,4394.4383333333335,0.25,0.3333333333333333,0.3333333333333333,0.0,0.0,0,0,0.0,0.0,0,0,0.0,0.0,0,0,0.0,26366.63,6,1,0.16666666666666666,0
LGS2ORD0046161,C011342,2026-01-01 13:00:00,Female,34,Platinum,Lazada,Nakhon Ratchasima,1374,Lazada,COD,13,1,3,0,30-40,45.8,10.0,3.0,0.3,183,26,5296.974,0.35,0.7,0.5,0.0,0.0,0,0,0.0,2912.69,1,0,0.0,19883.82,3,0,0.0,52969.740000000005,10,3,0.3,0
LGS2ORD0046162,C010661,2026-01-01 14:00:00,Female,46,Bronze,Web,Phuket,1499,Lazada,COD,14,1,3,0,40-50,49.96666666666667,11.0,4.0,0.36363636363636365,55,68,6233.129999999999,0.28,0.7272727272727273,0.2727272727272727,0.0,0.0,0,0,0.0,0.0,0,0,0.0,51136.97,3,1,0.3333333333333333,68564.43,11,4,0.36363636363636365,1
LGS2ORD0046163,C014034,2026-01-01 14:00:00,Female,38,Silver,Lazada,Chiang Mai,1693,Web,Credit_Card,14,1,3,0,30-40,56.43333333333333,2.0,0.0,0.0,-1,262,5839.29,0.05,0.5,0.0,0.0,0.0,0,0,0.0,0.0,0,0,0.0,0.0,0,0,0.0,11678.58,2,0,0.0,0
LGS2ORD0046164,C012607,2026-01-01 14:00:00,Male,44,Bronze,TV,Chiang Mai,801,Shopee,Credit_Card,14,1,3,0,40-50,26.7,10.0,0.0,0.0,-1,16,4237.758,0.28,0.3,0.3,0.0,0.0,0,0,0.0,418.34,1,0,0.0,26983.77,3,0,0.0,42377.58,10,0,0.0,1
LGS2ORD0046165,C013292,2026-01-01 14:00:00,Female,43,Silver,TV,Bangkok,465,TV_Show,Credit_Card,14,1,3,0,40-50,15.5,3.0,0.0,0.0,-1,40,2960.273333333333,0.25,0.0,0.3333333333333333,0.0,0.0,0,0,0.0,0.0,0,0,0.0,2678.72,1,0,0.0,8880.82,3,0,0.0,0
LGS2ORD0046166,C015557,2026-01-01 14:00:00,Female,44,Bronze,TV,Nakhon Ratchasima,450,Web,COD,14,1,3,0,40-50,15.0,11.0,1.0,0.09090909090909091,185,12,3579.258181818182,0.28,0.45454545454545453,0.36363636363636365,0.0,0.0,0,0,0.0,6665.4800000000005,2,0,0.0,24774.8,6,0,0.0,39371.840000000004,11,1,0.09090909090909091,0
LGS2ORD0046167,C015792,2026-01-01 14:00:00,Female,26,Silver,CallCenter,Bangkok,1166,Shopee,COD,14,1,3,0,20-30,38.86666666666667,9.0,3.0,0.3333333333333333,158,2,4501.6211111111115,0.3,0.6666666666666666,0.4444444444444444,0.0,2281.69,1,0,0.0,2281.69,1,0,0.0,2281.69,1,0,0.0,40514.590000000004,9,3,0.3333333333333333,0
LGS2ORD0046168,C014878,2026-01-01 15:00:00,Male,29,Silver,Lazada,Songkhla,384,Web,COD,15,1,3,0,20-30,12.8,9.0,3.0,0.3333333333333333,76,8,4364.558888888889,0.25,0.5555555555555556,0.2222222222222222,0.0,0.0,0,0,0.0,1223.06,1,0,0.0,22783.780000000002,4,1,0.25,39281.03,9,3,0.3333333333333333,0
LGS2ORD0046169,C010072,2026-01-01 15:00:00,Female,52,Platinum,Web,Bangkok,463,TV_Show,PromptPay,15,1,3,0,>50,15.433333333333334,3.0,1.0,0.3333333333333333,109,121,17953.95,0.3,1.0,0.6666666666666666,0.0,0.0,0,0,0.0,0.0,0,0,0.0,0.0,0,0,0.0,53861.85,3,1,0.3333333333333333,0
LGS2ORD0046170,C013815,2026-01-01 15:00:00,Female,18,Bronze,TV,Bangkok,1557,Shopee,Credit_Card,15,1,3,0,<20,51.9,5.0,0.0,0.0,-1,0,3312.5399999999995,0.28,0.4,0.4,0.0,4724.65,1,0,0.0,4724.65,1,0,0.0,4724.65,1,0,0.0,16562.699999999997,5,0,0.0,1
LGS2ORD0046171,C012725,2026-01-01 15:00:00,Male,60,Bronze,CallCenter,Songkhla,1589,Web,PromptPay,15,1,3,0,>50,52.96666666666667,7.0,3.0,0.42857142857142855,121,71,6831.302857142858,0.23,0.5714285714285714,0.14285714285714285,0.0,0.0,0,0,0.0,0.0,0,0,0.0,3934.57,1,0,0.0,47819.12,7,3,0.42857142857142855,0
LGS2ORD0046172,C010230,2026-01-01 15:00:00,Female,43,Bronze,Web,Chonburi,465,CallCenter,COD,15,1,3,0,40-50,15.5,6.0,2.0,0.3333333333333333,71,10,5266.743333333333,0.23,0.8333333333333334,0.5,0.0,0.0,0,0,0.0,5110.03,1,0,0.0,6738.34,2,1,0.5,31600.46,6,2,0.3333333333333333,1
LGS2ORD0046173,C016554,2026-01-01 16:00:00,Female,39,Bronze,TV,Chiang Mai,1121,Web,COD,16,1,3,0,30-40,37.36666666666667,15.0,4.0,0.26666666666666666,22,16,7634.196666666667,0.28,0.6666666666666666,0.26666666666666666,0.0,0.0,0,0,0.0,6820.549999999999,3,0,0.0,23057.74,7,3,0.42857142857142855,114512.95,15,4,0.26666666666666666,0
LGS2ORD0046174,C011714,2026-01-01 16:00:00,Female,35,Silver,Web,Bangkok,1306,Web,COD,16,1,3,0,30-40,43.53333333333333,7.0,3.0,0.42857142857142855,29,37,4224.767142857143,0.25,0.2857142857142857,0.2857142857142857,0.14285714285714285,0.0,0,0,0.0,0.0,0,0,0.0,1644.27,1,1,1.0,29573.370000000003,7,3,0.42857142857142855,0
LGS2ORD0046175,C017293,2026-01-01 16:00:00,Male,39,Bronze,TV,Khon Kaen,634,Lazada,Bank_Transfer,16,1,3,0,30-40,21.133333333333333,5.0,1.0,0.2,302,2,9715.964000000002,0.18,0.4,0.0,0.0,316.1,1,0,0.0,316.1,1,0,0.0,3140.08,2,0,0.0,48579.82000000001,5,1,0.2,0
LGS2ORD0046176,C010595,2026-01-01 16:00:00,Female,62,Bronze,Web,Phuket,1007,CallCenter,COD,16,1,3,0,>50,33.56666666666667,12.0,7.0,0.5833333333333334,32,24,9121.571666666667,0.23,0.5,0.16666666666666666,0.0,0.0,0,0,0.0,3580.93,1,0,0.0,21451.45,5,2,0.4,109458.86,12,7,0.5833333333333334,0
LGS2ORD0046177,C015034,2026-01-01 16:00:00,Female,31,Bronze,Shopee,Bangkok,1709,Web,Credit_Card,16,1,3,0,30-40,56.96666666666667,5.0,0.0,0.0,-1,46,4431.816000000001,0.23,0.2,0.2,0.0,0.0,0,0,0.0,0.0,0,0,0.0,8615.01,1,0,0.0,22159.08,5,0,0.0,0
LGS2ORD0046178,C011834,2026-01-01 17:00:00,Male,50,Silver,TV,Bangkok,1204,Web,COD,17,1,3,0,40-50,40.13333333333333,5.0,1.0,0.2,355,27,6476.494,0.2,0.4,0.0,0.0,0.0,0,0,0.0,7195.28,1,0,0.0,7195.28,1,0,0.0,17991.67,4,0,0.0,0
LGS2ORD0046179,C013818,2026-01-01 17:00:00,Female,37,Gold,Web,Nakhon Ratchasima,1118,Shopee,Credit_Card,17,1,3,0,30-40,37.266666666666666,3.0,0.0,0.0,-1,2,2046.47,0.28,0.3333333333333333,0.6666666666666666,0.0,1165.52,1,0,0.0,1165.52,1,0,0.0,1165.52,1,0,0.0,6139.41,3,0,0.0,0
LGS2ORD0046180,C014015,2026-01-01 17:00:00,Female,57,Bronze,TV,Remote_Area,1515,TV_Show,COD,17,1,3,0,>50,50.5,9.0,2.0,0.2222222222222222,53,51,4625.4366666666665,0.23,0.3333333333333333,0.2222222222222222,0.0,0.0,0,0,0.0,0.0,0,0,0.0,11920.859999999999,3,1,0.3333333333333333,41628.93,9,2,0.2222222222222222,0
LGS2ORD0046181,C010179,2026-01-01 17:00:00,Female,33,Bronze,TV,Khon Kaen,828,TV_Show,PromptPay,17,1,3,0,30-40,27.6,5.0,1.0,0.2,256,44,4556.9039999999995,0.18,0.6,0.0,0.0,0.0,0,0,0.0,0.0,0,0,0.0,9471.31,1,0,0.0,22784.519999999997,5,1,0.2,0
LGS2ORD0046182,C014437,2026-01-01 17:00:00,Male,51,Silver,Lazada,Bangkok,1304,Lazada,PromptPay,17,1,3,0,>50,43.46666666666667,5.0,0.0,0.0,-1,16,5870.6900000000005,0.2,0.8,0.0,0.0,0.0,0,0,0.0,1613.24,1,0,0.0,14488.699999999999,3,0,0.0,29353.45,5,0,0.0,0
LGS2ORD0046183,C014983,2026-01-01 18:00:00,Female,58,Bronze,Lazada,Remote_Area,1108,Web,COD,18,1,3,0,>50,36.93333333333333,5.0,0.0,0.0,-1,10,2955.9839999999995,0.23,0.6,0.2,0.0,0.0,0,0,0.0,2639.22,1,0,0.0,2639.22,1,0,0.0,14779.919999999998,5,0,0.0,0
LGS2ORD0046184,C010760,2026-01-01 18:00:00,Female,32,Bronze,Lazada,Khon Kaen,1807,Shopee,COD,18,1,3,0,30-40,60.233333333333334,3.0,0.0,0.0,-1,199,3146.44,0.08,0.6666666666666666,0.0,0.0,0.0,0,0,0.0,0.0,0,0,0.0,0.0,0,0,0.0,9439.32,3,0,0.0,1
LGS2ORD0046185,C017145,2026-01-01 18:00:00,Female,28,Gold,Web,Bangkok,667,Lazada,Bank_Transfer,18,1,3,0,20-30,22.233333333333334,5.0,1.0,0.2,213,15,4673.894,0.33,0.2,0.4,0.0,0.0,0,0,0.0,7882.35,1,0,0.0,9354.86,2,0,0.0,23369.47,5,1,0.2,1
LGS2ORD0046186,C017307,2026-01-01 18:00:00,Female,52,Silver,TV,Chiang Mai,553,TV_Show,COD,18,1,3,0,>50,18.433333333333334,4.0,2.0,0.5,27,41,3071.7125,0.3,0.5,0.5,0.0,0.0,0,0,0.0,0.0,0,0,0.0,1513.5,1,1,1.0,12286.85,4,2,0.5,0
LGS2ORD0046187,C015031,2026-01-01 18:00:00,Female,39,Bronze,Shopee,Chonburi,1249,TV_Show,COD,18,1,3,0,30-40,41.63333333333333,5.0,1.0,0.2,343,87,11133.886000000002,0.28,0.6,0.6,0.0,0.0,0,0,0.0,0.0,0,0,0.0,4037.44,1,0,0.0,55669.43000000001,5,1,0.2,1
LGS2ORD0046188,C011027,2026-01-01 18:00:00,Female,46,Bronze,CallCenter,Phuket,1212,Shopee,Credit_Card,18,1,3,0,40-50,40.4,6.0,3.0,0.5,12,24,4340.806666666666,0.28,0.5,0.16666666666666666,0.0,0.0,0,0,0.0,1013.04,1,1,1.0,1013.04,1,1,1.0,26044.84,6,3,0.5,0
LGS2ORD0046189,C010661,2026-01-01 19:00:00,Female,46,Bronze,Web,Phuket,1499,TV_Show,COD,19,1,3,0,40-50,49.96666666666667,12.0,5.0,0.4166666666666667,-5,0,6067.7108333333335,0.28,0.75,0.3333333333333333,0.0,4248.1,1,1,1.0,4248.1,1,1,1.0,55385.07,4,2,0.5,72812.53,12,5,0.4166666666666667,0
LGS2ORD0046190,C014741,2026-01-01 19:00:00,Female,40,Bronze,Web,Remote_Area,1569,TV_Show,COD,19,1,3,0,30-40,52.3,3.0,2.0,0.6666666666666666,214,225,7593.983333333334,0.23,0.6666666666666666,0.6666666666666666,0.0,0.0,0,0,0.0,0.0,0,0,0.0,0.0,0,0,0.0,22781.95,3,2,0.6666666666666666,0
LGS2ORD0046191,C016465,2026-01-01 19:00:00,Female,56,Platinum,CallCenter,Chonburi,616,Lazada,PromptPay,19,1,3,0,>50,20.533333333333335,5.0,2.0,0.4,124,136,5187.872,0.35,0.4,0.4,0.0,0.0,0,0,0.0,0.0,0,0,0.0,0.0,0,0,0.0,25939.36,5,2,0.4,0
LGS2ORD0046192,C014146,2026-01-01 19:00:00,Female,37,Bronze,Lazada,Khon Kaen,1123,TV_Show,COD,19,1,3,0,30-40,37.43333333333333,10.0,3.0,0.3,53,61,5419.856999999999,0.28,0.7,0.2,0.0,0.0,0,0,0.0,0.0,0,0,0.0,3932.09,1,1,1.0,54198.56999999999,10,3,0.3,0
LGS2ORD0046193,C014829,2026-01-01 19:00:00,Male,37,Silver,TV,Chonburi,1092,Lazada,COD,19,1,3,0,30-40,36.4,8.0,2.0,0.25,-7,1,5820.3525,0.3,0.75,0.25,0.0,32996.72,2,2,1.0,37239.72,3,2,0.6666666666666666,37239.72,3,2,0.6666666666666666,46562.82,8,2,0.25,1
LGS2ORD0046194,C017760,2026-01-01 20:00:00,Female,72,Bronze,Shopee,Phuket,783,Lazada,COD,20,1,3,0,>50,26.1,5.0,2.0,0.4,262,55,7209.378,0.28,0.4,0.4,0.0,0.0,0,0,0.0,0.0,0,0,0.0,3823.58,1,0,0.0,36046.89,5,2,0.4,0
LGS2ORD0046195,C016216,2026-01-01 20:00:00,Female,61,Bronze,Shopee,Remote_Area,770,Lazada,COD,20,1,3,0,>50,25.666666666666668,9.0,2.0,0.2222222222222222,48,34,7361.3355555555545,0.28,0.5555555555555556,0.3333333333333333,0.0,0.0,0,0,0.0,0.0,0,0,0.0,13970.949999999999,2,1,0.5,66252.01999999999,9,2,0.2222222222222222,1
LGS2ORD0046196,C016853,2026-01-01 20:00:00,Female,35,Bronze,Web,Khon Kaen,1220,Shopee,COD,20,1,3,0,30-40,40.666666666666664,6.0,2.0,0.3333333333333333,47,51,3175.5416666666665,0.28,0.6666666666666666,0.5,0.0,0.0,0,0,0.0,0.0,0,0,0.0,1227.14,1,1,1.0,19053.25,6,2,0.3333333333333333,0
LGS2ORD0046197,C012418,2026-01-01 20:00:00,Male,45,Bronze,Web,Songkhla,713,Web,COD,20,1,3,0,40-50,23.766666666666666,9.0,6.0,0.6666666666666666,113,119,8651.81111111111,0.23,0.4444444444444444,0.3333333333333333,0.0,0.0,0,0,0.0,0.0,0,0,0.0,0.0,0,0,0.0,77866.29999999999,9,6,0.6666666666666666,0
LGS2ORD0046198,C015581,2026-01-01 20:00:00,Female,23,Silver,CallCenter,Chonburi,1685,Web,Bank_Transfer,20,1,3,0,20-30,56.166666666666664,2.0,0.0,0.0,-1,119,1455.415,0.25,1.0,0.5,0.0,0.0,0,0,0.0,0.0,0,0,0.0,0.0,0,0,0.0,2910.83,2,0,0.0,0
LGS2ORD0046199,C010661,2026-01-01 21:00:00,Female,46,Bronze,Web,Phuket,1499,CallCenter,COD,21,1,3,0,40-50,49.96666666666667,13.0,5.0,0.38461538461538464,-5,0,5996.333846153846,0.28,0.7692307692307693,0.3076923076923077,0.0,9387.91,2,1,0.5,9387.91,2,1,0.5,60524.88,5,2,0.4,77952.34,13,5,0.38461538461538464,1
LGS2ORD0046200,C015477,2026-01-01 21:00:00,Female,46,Bronze,Shopee,Chonburi,1387,Web,COD,21,1,3,0,40-50,46.233333333333334,10.0,3.0,0.3,135,104,3573.85,0.23,0.6,0.2,0.0,0.0,0,0,0.0,0.0,0,0,0.0,0.0,0,0,0.0,35738.5,10,3,0.3,0
LGS2ORD0046201,C012632,2026-01-01 21:00:00,Female,40,Bronze,CallCenter,Bangkok,1244,TV_Show,COD,21,1,3,0,30-40,41.46666666666667,4.0,0.0,0.0,-1,9,3299.45,0.23,0.5,0.5,0.0,0.0,0,0,0.0,6586.37,1,0,0.0,6586.37,1,0,0.0,13197.8,4,0,0.0,0
LGS2ORD0046202,C014610,2026-01-01 21:00:00,Male,40,Bronze,Lazada,Nakhon Ratchasima,1052,CallCenter,PromptPay,21,1,3,0,30-40,35.06666666666667,9.0,2.0,0.2222222222222222,206,11,7093.469999999999,0.23,0.6666666666666666,0.1111111111111111,0.1111111111111111,0.0,0,0,0.0,7923.03,1,0,0.0,7923.03,1,0,0.0,63841.229999999996,9,2,0.2222222222222222,0
LGS2ORD0046203,C013093,2026-01-01 21:00:00,Male,41,Bronze,Web,Chiang Mai,394,TV_Show,COD,21,1,3,0,40-50,13.133333333333333,5.0,0.0,0.0,-1,44,1944.368,0.28,0.8,0.4,0.0,0.0,0,0,0.0,0.0,0,0,0.0,2428.62,1,0,0.0,9721.84,5,0,0.0,0
LGS2ORD0046204,C012908,2026-01-01 22:00:00,Male,47,Bronze,TV,Remote_Area,1194,CallCenter,COD,22,1,3,0,40-50,39.8,10.0,6.0,0.6,3,14,2912.888,0.28,0.3,0.2,0.0,0.0,0,0,0.0,6033.99,1,1,1.0,9798.349999999999,3,2,0.6666666666666666,29128.879999999997,10,6,0.6,1
LGS2ORD0046205,C017764,2026-01-01 22:00:00,Male,21,Bronze,TV,Chonburi,1520,Lazada,COD,22,1,3,0,20-30,50.666666666666664,7.0,1.0,0.14285714285714285,53,7,4762.211428571428,0.23,0.5714285714285714,0.2857142857142857,0.0,0.0,0,0,0.0,321.06,1,0,0.0,19093.960000000003,4,1,0.25,33335.479999999996,7,1,0.14285714285714285,1
LGS2ORD0046206,C016417,2026-01-01 22:00:00,Male,46,Bronze,Lazada,Songkhla,462,TV_Show,PromptPay,22,1,3,0,40-50,15.4,6.0,4.0,0.6666666666666666,129,16,9706.181666666665,0.23,0.6666666666666666,0.16666666666666666,0.0,0.0,0,0,0.0,1871.6,1,0,0.0,1871.6,1,0,0.0,58237.09,6,4,0.6666666666666666,0
LGS2ORD0046207,C014797,2026-01-01 22:00:00,Male,18,Bronze,Lazada,Phuket,517,Web,COD,22,1,3,0,<20,17.233333333333334,6.0,2.0,0.3333333333333333,0,8,5405.705,0.28,0.3333333333333333,0.3333333333333333,0.0,0.0,0,0,0.0,16534.38,2,1,0.5,16534.38,2,1,0.5,32434.23,6,2,0.3333333333333333,0
LGS2ORD0046208,C010650,2026-01-01 22:00:00,Female,63,Gold,Lazada,Phuket,1577,Shopee,COD,22,1,3,0,>50,52.56666666666667,10.0,3.0,0.3,39,16,4817.157,0.33,0.4,0.3,0.0,0.0,0,0,0.0,727.79,1,0,0.0,3615.12,2,1,0.5,48171.57,10,3,0.3,1
LGS2ORD0046209,C014036,2026-01-01 22:00:00,Male,52,Gold,TV,Bangkok,486,Shopee,COD,22,1,3,0,>50,16.2,4.0,0.0,0.0,-1,32,3035.0575,0.2299999999999999,0.5,0.5,0.0,0.0,0,0,0.0,0.0,0,0,0.0,5877.49,1,0,0.0,12140.23,4,0,0.0,0
LGS2ORD0046210,C013200,2026-01-01 23:00:00,Male,41,Silver,Lazada,Bangkok,1363,Shopee,PromptPay,23,1,3,0,40-50,45.43333333333333,9.0,1.0,0.1111111111111111,219,2,7938.836666666666,0.25,0.6666666666666666,0.1111111111111111,0.0,1369.64,1,0,0.0,7082.160000000001,2,0,0.0,7082.160000000001,2,0,0.0,71449.53,9,1,0.1111111111111111,0
LGS2ORD0046211,C017255,2026-01-01 23:00:00,Male,34,Silver,TV,Chiang Mai,1507,TV_Show,COD,23,1,3,0,30-40,50.233333333333334,2.0,0.0,0.0,-1,95,2477.845,0.1,0.0,0.0,0.0,0.0,0,0,0.0,0.0,0,0,0.0,0.0,0,0,0.0,4955.69,2,0,0.0,0
LGS2ORD0046212,C011284,2026-01-01 23:00:00,Female,46,Bronze,TV,Remote_Area,1603,Web,COD,23,1,3,0,40-50,53.43333333333333,9.0,5.0,0.5555555555555556,35,45,5827.063333333334,0.28,0.3333333333333333,0.3333333333333333,0.0,0.0,0,0,0.0,0.0,0,0,0.0,7321.339999999999,2,2,1.0,52443.57000000001,9,5,0.5555555555555556,1
LGS2ORD0046213,C015158,2026-01-01 23:00:00,Female,46,Gold,Lazada,Bangkok,691,Web,COD,23,1,3,0,40-50,23.033333333333335,2.0,1.0,0.5,0,5,3345.22,0.28,0.5,1.0,0.0,369.49,1,1,1.0,369.49,1,1,1.0,369.49,1,1,1.0,6690.44,2,1,0.5,0
LGS2ORD0046214,C014513,2026-01-01 23:00:00,Male,47,Silver,CallCenter,Chonburi,1278,Web,COD,23,1,3,0,40-50,42.6,6.0,1.0,0.16666666666666666,323,12,3517.6883333333335,0.2,0.6666666666666666,0.0,0.0,0.0,0,0,0.0,1255.31,1,0,0.0,1255.31,1,0,0.0,21106.13,6,1,0.16666666666666666,1
LGS2ORD0046215,C014845,2026-01-02 00:00:00,Female,58,Silver,TV,Bangkok,1032,Shopee,Credit_Card,0,1,4,0,>50,34.4,8.0,0.0,0.0,-1,105,2570.23875,0.25,0.625,0.25,0.0,0.0,0,0,0.0,0.0,0,0,0.0,0.0,0,0,0.0,20561.91,8,0,0.0,0
LGS2ORD0046216,C016416,2026-01-02 00:00:00,Female,42,Silver,CallCenter,Bangkok,1085,Web,COD,0,1,4,0,40-50,36.166666666666664,3.0,0.0,0.0,-1,26,4116.736666666667,0.15,0.6666666666666666,0.0,0.0,0.0,0,0,0.0,6954.88,1,0,0.0,6954.88,1,0,0.0,12350.21,3,0,0.0,0
LGS2ORD0046217,C013094,2026-01-02 00:00:00,Female,37,Gold,Shopee,Bangkok,1619,Lazada,Credit_Card,0,1,4,0,30-40,53.96666666666667,2.0,0.0,0.0,-1,319,1429.25,0.33,0.0,0.5,0.0,0.0,0,0,0.0,0.0,0,0,0.0,0.0,0,0,0.0,2858.5,2,0,0.0,0
LGS2ORD0046218,C013916,2026-01-02 00:00:00,Male,26,Gold,CallCenter,Bangkok,1151,Shopee,COD,0,1,4,0,20-30,38.36666666666667,9.0,2.0,0.2222222222222222,91,81,4915.72888888889,0.33,0.4444444444444444,0.4444444444444444,0.0,0.0,0,0,0.0,0.0,0,0,0.0,812.4,1,0,0.0,44241.560000000005,9,2,0.2222222222222222,0
LGS2ORD0046219,C011870,2026-01-02 00:00:00,Male,40,Silver,CallCenter,Bangkok,1789,Lazada,PromptPay,0,1,4,0,30-40,59.63333333333333,6.0,3.0,0.5,23,29,8361.71,0.3,0.5,0.16666666666666666,0.0,0.0,0,0,0.0,1415.63,1,0,0.0,37416.409999999996,2,1,0.5,50170.259999999995,6,3,0.5,0
LGS2ORD0046220,C014480,2026-01-02 01:00:00,Male,18,Platinum,TV,Chiang Mai,993,TV_Show,COD,1,1,4,0,<20,33.1,3.0,1.0,0.3333333333333333,152,104,1064.0533333333335,0.25,0.3333333333333333,0.3333333333333333,0.0,0.0,0,0,0.0,0.0,0,0,0.0,0.0,0,0,0.0,3192.1600000000003,3,1,0.3333333333333333,0
LGS2ORD0046221,C011836,2026-01-02 01:00:00,Female,40,Gold,Shopee,Bangkok,491,Shopee,COD,1,1,4,0,30-40,16.366666666666667,6.0,0.0,0.0,-1,8,4844.365000000001,0.33,0.3333333333333333,0.6666666666666666,0.0,0.0,0,0,0.0,5343.15,1,0,0.0,5343.15,1,0,0.0,29066.190000000002,6,0,0.0,0
LGS2ORD0046222,C011525,2026-01-02 01:00:00,Male,47,Silver,CallCenter,Nakhon Ratchasima,814,Lazada,Credit_Card,1,1,4,0,40-50,27.133333333333333,9.0,4.0,0.4444444444444444,-4,2,6420.977777777777,0.3,0.3333333333333333,0.3333333333333333,0.0,410.6,1,1,1.0,410.6,1,1,1.0,410.6,1,1,1.0,28587.12,8,3,0.375,0
LGS2ORD0046223,C013010,2026-01-02 01:00:00,Male,51,Gold,CallCenter,Bangkok,1607,Shopee,Credit_Card,1,1,4,0,>50,53.56666666666667,5.0,1.0,0.2,146,80,9803.29,0.28,0.2,0.4,0.0,0.0,0,0,0.0,0.0,0,0,0.0,1472.32,1,0,0.0,49016.450000000004,5,1,0.2,0
LGS2ORD0046224,C014503,2026-01-02 01:00:00,Male,44,Gold,Shopee,Khon Kaen,982,Lazada,Credit_Card,1,1,4,0,40-50,32.733333333333334,5.0,0.0,0.0,-1,214,10384.592,0.28,0.4,0.4,0.0,0.0,0,0,0.0,0.0,0,0,0.0,0.0,0,0,0.0,51922.96000000001,5,0,0.0,0
LGS2ORD0046225,C017355,2026-01-02 02:00:00,Male,64,Bronze,Lazada,Bangkok,1670,CallCenter,Credit_Card,2,1,4,0,>50,55.666666666666664,2.0,0.0,0.0,-1,66,1689.5449999999998,0.18,0.5,0.0,0.0,0.0,0,0,0.0,0.0,0,0,0.0,1264.85,1,0,0.0,3379.0899999999997,2,0,0.0,1
LGS2ORD0046226,C012953,2026-01-02 02:00:00,Male,54,Bronze,TV,Nakhon Ratchasima,1271,Shopee,COD,2,1,4,0,>50,42.36666666666667,5.0,0.0,0.0,-1,8,6165.890000000001,0.23,0.6,0.2,0.0,0.0,0,0,0.0,4017.78,2,0,0.0,6622.4,3,0,0.0,30829.450000000004,5,0,0.0,0
LGS2ORD0046227,C010086,2026-01-02 02:00:00,Male,63,Bronze,CallCenter,Bangkok,435,Shopee,COD,2,1,4,0,>50,14.5,2.0,0.0,0.0,-1,90,1393.075,0.08,0.5,0.0,0.0,0.0,0,0,0.0,0.0,0,0,0.0,0.0,0,0,0.0,2786.15,2,0,0.0,0
LGS2ORD0046228,C014677,2026-01-02 02:00:00,Female,34,Gold,TV,Phuket,1342,Web,COD,2,1,4,0,30-40,44.733333333333334,8.0,5.0,0.625,152,2,3330.20125,0.33,0.75,0.625,0.0,3108.9,1,0,0.0,3108.9,1,0,0.0,9613.37,2,0,0.0,24615.49,7,4,0.5714285714285714,0
LGS2ORD0046229,C016256,2026-01-02 02:00:00,Male,33,Gold,Shopee,Chiang Mai,675,Lazada,COD,2,1,4,0,30-40,22.5,3.0,0.0,0.0,-1,55,3548.35,0.2299999999999999,0.0,0.3333333333333333,0.0,0.0,0,0,0.0,0.0,0,0,0.0,7070.219999999999,2,0,0.0,10645.05,3,0,0.0,1
LGS2ORD0046230,C017277,2026-01-02 02:00:00,Female,59,Bronze,Web,Khon Kaen,578,Lazada,COD,2,1,4,0,>50,19.266666666666666,8.0,1.0,0.125,1,5,6391.94625,0.28,0.5,0.25,0.0,9355.3,1,1,1.0,9355.3,1,1,1.0,9355.3,1,1,1.0,51135.57,8,1,0.125,0
LGS2ORD0046231,C017243,2026-01-02 03:00:00,Male,56,Platinum,Web,Phuket,919,CallCenter,COD,3,1,4,0,>50,30.633333333333333,2.0,1.0,0.5,204,208,2248.15,0.25,0.0,0.5,0.0,0.0,0,0,0.0,0.0,0,0,0.0,0.0,0,0,0.0,4496.3,2,1,0.5,1
LGS2ORD0046232,C015700,2026-01-02 03:00:00,Female,43,Gold,Web,Khon Kaen,1760,Lazada,Bank_Transfer,3,1,4,0,40-50,58.666666666666664,7.0,0.0,0.0,-1,1,4253.0542857142855,0.33,0.14285714285714285,0.5714285714285714,0.0,14020.349999999999,2,0,0.0,14020.349999999999,2,0,0.0,14020.349999999999,2,0,0.0,29451.53,6,0,0.0,1
LGS2ORD0046233,C017038,2026-01-02 03:00:00,Male,39,Gold,CallCenter,Phuket,884,TV_Show,COD,3,1,4,0,30-40,29.466666666666665,7.0,3.0,0.42857142857142855,5,7,4975.561428571428,0.33,0.42857142857142855,0.42857142857142855,0.0,0.0,0,0,0.0,3005.5,2,1,0.5,3005.5,2,1,0.5,34828.93,7,3,0.42857142857142855,0
LGS2ORD0046234,C011086,2026-01-02 03:00:00,Male,35,Bronze,Web,Chiang Mai,898,Shopee,COD,3,1,4,0,30-40,29.933333333333334,6.0,2.0,0.3333333333333333,197,34,7038.733333333333,0.23,0.6666666666666666,0.3333333333333333,0.0,0.0,0,0,0.0,0.0,0,0,0.0,4107.34,2,0,0.0,42232.399999999994,6,2,0.3333333333333333,0
LGS2ORD0046235,C014837,2026-01-02 03:00:00,Female,42,Bronze,Lazada,Bangkok,1465,Web,COD,3,1,4,0,40-50,48.833333333333336,5.0,3.0,0.6,48,56,7830.726000000001,0.23,0.4,0.6,0.0,0.0,0,0,0.0,0.0,0,0,0.0,1255.13,1,1,1.0,39153.630000000005,5,3,0.6,0
LGS2ORD0046236,C017547,2026-01-02 04:00:00,Female,50,Gold,Lazada,Remote_Area,1309,Shopee,Bank_Transfer,4,1,4,0,40-50,43.63333333333333,7.0,4.0,0.5714285714285714,88,98,4024.812857142857,0.2299999999999999,0.5714285714285714,0.14285714285714285,0.0,0.0,0,0,0.0,0.0,0,0,0.0,0.0,0,0,0.0,28173.69,7,4,0.5714285714285714,0
LGS2ORD0046237,C015511,2026-01-02 04:00:00,Male,57,Silver,CallCenter,Bangkok,683,Web,COD,4,1,4,0,>50,22.766666666666666,7.0,1.0,0.14285714285714285,75,14,11813.381428571429,0.25,0.2857142857142857,0.14285714285714285,0.14285714285714285,0.0,0,0,0.0,6228.73,1,0,0.0,13404.14,2,1,0.5,82693.67,7,1,0.14285714285714285,0
LGS2ORD0046238,C014816,2026-01-02 04:00:00,Male,40,Silver,Lazada,Khon Kaen,1246,Shopee,COD,4,1,4,0,30-40,41.53333333333333,5.0,0.0,0.0,-1,14,4201.45,0.3,0.4,0.4,0.0,0.0,0,0,0.0,15425.75,1,0,0.0,15425.75,1,0,0.0,21007.25,5,0,0.0,1
LGS2ORD0046239,C017935,2026-01-02 04:00:00,Female,54,Bronze,Web,Phuket,1176,CallCenter,COD,4,1,4,0,>50,39.2,11.0,5.0,0.45454545454545453,29,12,4613.6109090909085,0.23,0.7272727272727273,0.18181818181818182,0.0,0.0,0,0,0.0,2238.88,1,0,0.0,21116.12,5,1,0.2,50749.719999999994,11,5,0.45454545454545453,1
LGS2ORD0046240,C015018,2026-01-02 04:00:00,Male,37,Gold,TV,Phuket,1749,TV_Show,Credit_Card,4,1,4,0,30-40,58.3,7.0,0.0,0.0,-1,28,2263.865714285714,0.28,0.5714285714285714,0.14285714285714285,0.0,0.0,0,0,0.0,2079.15,1,0,0.0,2079.15,1,0,0.0,15847.06,7,0,0.0,0
LGS2ORD0046241,C016828,2026-01-02 05:00:00,Female,37,Platinum,Web,Bangkok,1706,TV_Show,Credit_Card,5,1,4,0,30-40,56.86666666666667,3.0,0.0,0.0,-1,88,6496.636666666666,0.15,0.0,0.0,0.0,0.0,0,0,0.0,0.0,0,0,0.0,12310.0,1,0,0.0,19489.91,3,0,0.0,0
LGS2ORD0046242,C013209,2026-01-02 05:00:00,Female,47,Silver,CallCenter,Nakhon Ratchasima,1376,Lazada,COD,5,1,4,0,40-50,45.86666666666667,7.0,1.0,0.14285714285714285,11,14,8622.565714285714,0.3,0.5714285714285714,0.2857142857142857,0.0,0.0,0,0,0.0,20123.8,2,1,0.5,46551.619999999995,4,1,0.25,60357.96000000001,7,1,0.14285714285714285,0
LGS2ORD0046243,C014792,2026-01-02 05:00:00,Male,43,Gold,Lazada,Bangkok,1406,Web,COD,5,1,4,0,40-50,46.86666666666667,8.0,0.0,0.0,-1,38,5677.4712500000005,0.33,0.5,0.25,0.0,0.0,0,0,0.0,0.0,0,0,0.0,11952.01,2,0,0.0,45419.770000000004,8,0,0.0,0
LGS2ORD0046244,C013257,2026-01-02 05:00:00,Female,39,Platinum,Web,Remote_Area,641,TV_Show,Credit_Card,5,1,4,0,30-40,21.366666666666667,3.0,1.0,0.3333333333333333,152,66,8248.09,0.35,0.6666666666666666,0.3333333333333333,0.0,0.0,0,0,0.0,0.0,0,0,0.0,6492.0,1,0,0.0,24744.27,3,1,0.3333333333333333,0
LGS2ORD0046245,C015859,2026-01-02 05:00:00,Male,51,Bronze,Web,Bangkok,1658,Web,PromptPay,5,1,4,0,>50,55.266666666666666,6.0,1.0,0.16666666666666666,0,13,9978.08,0.28,0.5,0.3333333333333333,0.0,0.0,0,0,0.0,3800.73,1,1,1.0,3800.73,1,1,1.0,59868.48,6,1,0.16666666666666666,0
LGS2ORD0046246,C012551,2026-01-02 06:00:00,Male,43,Silver,Lazada,Bangkok,1486,Lazada,COD,6,1,4,0,40-50,49.53333333333333,7.0,0.0,0.0,-1,3,2430.0714285714284,0.3,0.7142857142857143,0.42857142857142855,0.0,3066.78,1,0,0.0,5097.55,2,0,0.0,5097.55,2,0,0.0,17010.5,7,0,0.0,0
LGS2ORD0046247,C010671,2026-01-02 06:00:00,Male,39,Silver,TV,Bangkok,1281,CallCenter,COD,6,1,4,0,30-40,42.7,5.0,1.0,0.2,-4,4,4451.974,0.25,0.2,0.4,0.0,6037.71,1,1,1.0,6037.71,1,1,1.0,13881.39,3,1,0.3333333333333333,22259.870000000003,5,1,0.2,0
LGS2ORD0046248,C011300,2026-01-02 06:00:00,Female,29,Bronze,TV,Nakhon Ratchasima,1199,Lazada,COD,6,1,4,0,20-30,39.96666666666667,11.0,3.0,0.2727272727272727,13,13,4918.821818181818,0.28,0.45454545454545453,0.18181818181818182,0.0,0.0,0,0,0.0,11478.1,2,1,0.5,45137.409999999996,6,3,0.5,54107.04,11,3,0.2727272727272727,0
LGS2ORD0046249,C012956,2026-01-02 06:00:00,Female,31,Silver,Shopee,Chiang Mai,558,Shopee,COD,6,1,4,0,30-40,18.6,3.0,0.0,0.0,-1,97,5094.576666666667,0.25,1.0,0.3333333333333333,0.0,0.0,0,0,0.0,0.0,0,0,0.0,0.0,0,0,0.0,15283.73,3,0,0.0,0
LGS2ORD0046250,C010422,2026-01-02 06:00:00,Female,38,Platinum,TV,Khon Kaen,1773,Lazada,COD,6,1,4,0,30-40,59.1,9.0,0.0,0.0,-1,56,7889.427777777777,0.35,0.5555555555555556,0.3333333333333333,0.0,0.0,0,0,0.0,0.0,0,0,0.0,4241.15,1,0,0.0,71004.84999999999,9,0,0.0,0
LGS2ORD0046251,C016154,2026-01-02 06:00:00,Other,58,Bronze,Shopee,Songkhla,413,Shopee,COD,6,1,4,0,>50,13.766666666666667,10.0,2.0,0.2,328,5,8143.632,0.28,0.4,0.2,0.0,7439.19,1,0,0.0,7439.19,1,0,0.0,39402.14,2,0,0.0,65892.3,9,2,0.2222222222222222,1
LGS2ORD0046252,C015756,2026-01-02 07:00:00,Female,42,Bronze,Shopee,Phuket,568,Shopee,COD,7,1,4,0,40-50,18.933333333333334,7.0,4.0,0.5714285714285714,183,72,6600.7871428571425,0.28,0.7142857142857143,0.42857142857142855,0.0,0.0,0,0,0.0,0.0,0,0,0.0,3215.47,1,0,0.0,46205.509999999995,7,4,0.5714285714285714,0
LGS2ORD0046253,C016806,2026-01-02 07:00:00,Female,21,Gold,Web,Khon Kaen,1727,Web,PromptPay,7,1,4,0,20-30,57.56666666666667,5.0,0.0,0.0,-1,99,4521.870000000001,0.2299999999999999,0.4,0.2,0.0,0.0,0,0,0.0,0.0,0,0,0.0,0.0,0,0,0.0,22609.350000000002,5,0,0.0,0
LGS2ORD0046254,C016420,2026-01-02 07:00:00,Female,33,Bronze,TV,Chiang Mai,1113,Web,Credit_Card,7,1,4,0,30-40,37.1,10.0,1.0,0.1,353,51,8244.816,0.28,0.5,0.4,0.0,0.0,0,0,0.0,0.0,0,0,0.0,30566.6,3,0,0.0,81556.49,9,1,0.1111111111111111,0
LGS2ORD0046255,C015920,2026-01-02 07:00:00,Male,54,Silver,TV,Songkhla,1247,Shopee,COD,7,1,4,0,>50,41.56666666666667,7.0,4.0,0.5714285714285714,47,34,4785.577142857143,0.25,0.8571428571428571,0.2857142857142857,0.0,0.0,0,0,0.0,0.0,0,0,0.0,22412.21,2,1,0.5,33499.04,7,4,0.5714285714285714,0
LGS2ORD0046256,C010875,2026-01-02 07:00:00,Male,54,Bronze,CallCenter,Chonburi,1056,Lazada,Bank_Transfer,7,1,4,0,>50,35.2,11.0,3.0,0.2727272727272727,72,76,6016.961818181817,0.28,0.45454545454545453,0.09090909090909091,0.0,0.0,0,0,0.0,0.0,0,0,0.0,554.01,1,1,1.0,66186.57999999999,11,3,0.2727272727272727,0
LGS2ORD0046257,C016372,2026-01-02 08:00:00,Female,57,Gold,CallCenter,Bangkok,690,Web,COD,8,1,4,0,>50,23.0,8.0,1.0,0.125,284,115,3630.0287500000004,0.33,0.25,0.625,0.0,0.0,0,0,0.0,0.0,0,0,0.0,0.0,0,0,0.0,29040.230000000003,8,1,0.125,0
LGS2ORD0046258,C012461,2026-01-02 08:00:00,Male,72,Bronze,TV,Chonburi,751,Lazada,Bank_Transfer,8,1,4,0,>50,25.033333333333335,13.0,0.0,0.0,-1,90,5563.043076923077,0.23,0.46153846153846156,0.15384615384615385,0.0,0.0,0,0,0.0,0.0,0,0,0.0,12533.16,1,0,0.0,72319.56,13,0,0.0,0
LGS2ORD0046259,C011806,2026-01-02 08:00:00,Male,37,Bronze,TV,Chonburi,397,Lazada,Bank_Transfer,8,1,4,0,30-40,13.233333333333333,5.0,2.0,0.4,0,8,5692.096,0.23,0.6,0.2,0.0,0.0,0,0,0.0,6327.24,1,1,1.0,16867.52,2,1,0.5,28460.479999999996,5,2,0.4,1
LGS2ORD0046260,C016716,2026-01-02 08:00:00,Female,48,Silver,Lazada,Bangkok,589,TV_Show,Credit_Card,8,1,4,0,40-50,19.633333333333333,10.0,3.0,0.3,0,16,4123.425,0.3,0.6,0.4,0.0,0.0,0,0,0.0,829.75,1,1,1.0,8149.17,3,2,0.6666666666666666,41234.25,10,3,0.3,1
LGS2ORD0046261,C013598,2026-01-02 08:00:00,Male,27,Bronze,CallCenter,Phuket,1745,Lazada,COD,8,1,4,0,20-30,58.166666666666664,3.0,0.0,0.0,-1,51,4692.256666666667,0.18,0.3333333333333333,0.0,0.0,0.0,0,0,0.0,0.0,0,0,0.0,6794.29,1,0,0.0,14076.77,3,0,0.0,0
LGS2ORD0046262,C015964,2026-01-02 09:00:00,Female,43,Bronze,Shopee,Chonburi,644,Lazada,COD,9,1,4,0,40-50,21.466666666666665,3.0,0.0,0.0,-1,188,2196.8033333333333,0.28,1.0,0.6666666666666666,0.0,0.0,0,0,0.0,0.0,0,0,0.0,0.0,0,0,0.0,6590.41,3,0,0.0,0
LGS2ORD0046263,C012379,2026-01-02 09:00:00,Female,42,Silver,Shopee,Phuket,1177,CallCenter,PromptPay,9,1,4,0,40-50,39.233333333333334,9.0,2.0,0.2222222222222222,112,16,1751.4644444444448,0.25,0.3333333333333333,0.3333333333333333,0.0,0.0,0,0,0.0,3958.25,2,0,0.0,6121.030000000001,4,0,0.0,15763.180000000002,9,2,0.2222222222222222,0
LGS2ORD0046264,C016724,2026-01-02 09:00:00,Female,43,Gold,Shopee,Chiang Mai,943,TV_Show,Credit_Card,9,1,4,0,40-50,31.433333333333334,4.0,0.0,0.0,-1,86,8040.68,0.28,0.25,0.5,0.0,0.0,0,0,0.0,0.0,0,0,0.0,4909.97,1,0,0.0,32162.72,4,0,0.0,0
LGS2ORD0046265,C012632,2026-01-02 09:00:00,Female,40,Bronze,CallCenter,Bangkok,1245,Shopee,Credit_Card,9,1,4,0,30-40,41.5,5.0,0.0,0.0,-1,0,4397.722,0.23,0.6,0.4,0.0,8790.81,1,0,0.0,15377.18,2,0,0.0,15377.18,2,0,0.0,21988.61,5,0,0.0,0
LGS2ORD0046266,C013930,2026-01-02 09:00:00,Male,34,Bronze,Shopee,Songkhla,1372,Web,COD,9,1,4,0,30-40,45.733333333333334,7.0,4.0,0.5714285714285714,0,13,7164.818571428571,0.23,0.7142857142857143,0.42857142857142855,0.0,0.0,0,0,0.0,26293.53,1,1,1.0,26293.53,1,1,1.0,50153.729999999996,7,4,0.5714285714285714,1
LGS2ORD0046267,C015623,2026-01-02 09:00:00,Male,25,Silver,Shopee,Phuket,1510,Lazada,Credit_Card,9,1,4,0,20-30,50.333333333333336,6.0,2.0,0.3333333333333333,95,59,4176.326666666667,0.25,0.5,0.3333333333333333,0.0,0.0,0,0,0.0,0.0,0,0,0.0,12813.84,1,0,0.0,25057.96,6,2,0.3333333333333333,0
LGS2ORD0046268,C011261,2026-01-02 10:00:00,Female,26,Bronze,TV,Bangkok,646,Web,COD,10,1,4,0,20-30,21.533333333333335,6.0,1.0,0.16666666666666666,128,143,3719.7216666666664,0.23,0.5,0.16666666666666666,0.0,0.0,0,0,0.0,0.0,0,0,0.0,0.0,0,0,0.0,22318.329999999998,6,1,0.16666666666666666,0
LGS2ORD0046269,C013187,2026-01-02 10:00:00,Male,55,Silver,TV,Khon Kaen,631,Lazada,PromptPay,10,1,4,0,>50,21.033333333333335,6.0,0.0,0.0,-1,73,8776.588333333333,0.25,0.16666666666666666,0.16666666666666666,0.0,0.0,0,0,0.0,0.0,0,0,0.0,4631.03,1,0,0.0,52659.53,6,0,0.0,0
LGS2ORD0046270,C010773,2026-01-02 10:00:00,Female,57,Bronze,TV,Chiang Mai,399,Shopee,COD,10,1,4,0,>50,13.3,5.0,2.0,0.4,35,41,3470.6579999999994,0.28,0.8,0.6,0.0,0.0,0,0,0.0,0.0,0,0,0.0,6918.24,2,1,0.5,17353.289999999997,5,2,0.4,0
LGS2ORD0046271,C010404,2026-01-02 10:00:00,Male,27,Silver,CallCenter,Phuket,1747,Web,COD,10,1,4,0,20-30,58.233333333333334,5.0,4.0,0.8,26,30,7225.232000000001,0.3,0.6,0.6,0.0,0.0,0,0,0.0,0.0,0,0,0.0,3276.64,1,1,1.0,36126.16,5,4,0.8,0
LGS2ORD0046272,C017109,2026-01-02 10:00:00,Female,60,Bronze,TV,Khon Kaen,1802,TV_Show,COD,10,1,4,0,>50,60.06666666666667,7.0,2.0,0.2857142857142857,82,13,2785.5414285714287,0.23,0.7142857142857143,0.2857142857142857,0.0,0.0,0,0,0.0,4119.42,1,0,0.0,9041.02,3,1,0.3333333333333333,19498.79,7,2,0.2857142857142857,1
LGS2ORD0046273,C013420,2026-01-02 11:00:00,Male,46,Gold,Shopee,Bangkok,900,Lazada,COD,11,1,4,0,40-50,30.0,5.0,0.0,0.0,-1,153,1574.6660000000002,0.33,0.4,0.6,0.0,0.0,0,0,0.0,0.0,0,0,0.0,0.0,0,0,0.0,7873.330000000001,5,0,0.0,1
LGS2ORD0046274,C017130,2026-01-02 11:00:00,Female,52,Gold,CallCenter,Phuket,595,Lazada,Credit_Card,11,1,4,0,>50,19.833333333333332,5.0,2.0,0.4,222,228,7839.9400000000005,0.28,1.0,0.6,0.0,0.0,0,0,0.0,0.0,0,0,0.0,0.0,0,0,0.0,39199.700000000004,5,2,0.4,0
LGS2ORD0046275,C013815,2026-01-02 11:00:00,Female,18,Bronze,TV,Bangkok,1558,Shopee,COD,11,1,4,0,<20,51.93333333333333,6.0,1.0,0.16666666666666666,-6,0,3424.1266666666666,0.28,0.3333333333333333,0.5,0.0,8706.71,2,1,0.5,8706.71,2,1,0.5,8706.71,2,1,0.5,20544.76,6,1,0.16666666666666666,1
LGS2ORD0046276,C012659,2026-01-02 11:00:00,Female,36,Platinum,TV,Remote_Area,491,Lazada,COD,11,1,4,0,30-40,16.366666666666667,6.0,1.0,0.16666666666666666,202,73,7072.160000000001,0.25,0.6666666666666666,0.5,0.0,0.0,0,0,0.0,0.0,0,0,0.0,2761.23,1,0,0.0,42432.96000000001,6,1,0.16666666666666666,0
LGS2ORD0046277,C014453,2026-01-02 11:00:00,Female,40,Platinum,Shopee,Chonburi,1184,Web,Credit_Card,11,1,4,0,30-40,39.46666666666667,3.0,0.0,0.0,-1,82,7801.013333333333,0.3,0.3333333333333333,0.3333333333333333,0.0,0.0,0,0,0.0,0.0,0,0,0.0,1784.44,1,0,0.0,23403.04,3,0,0.0,0
LGS2ORD0046278,C010949,2026-01-02 12:00:00,Female,34,Silver,Shopee,Bangkok,732,CallCenter,PromptPay,12,1,4,0,30-40,24.4,8.0,3.0,0.375,27,37,4991.19625,0.3,0.75,0.25,0.0,0.0,0,0,0.0,0.0,0,0,0.0,21532.28,2,1,0.5,39929.57,8,3,0.375,1
LGS2ORD0046279,C015071,2026-01-02 12:00:00,Female,59,Bronze,Shopee,Chonburi,1715,CallCenter,Bank_Transfer,12,1,4,0,>50,57.166666666666664,7.0,2.0,0.2857142857142857,123,69,2455.8771428571426,0.23,0.5714285714285714,0.2857142857142857,0.0,0.0,0,0,0.0,0.0,0,0,0.0,2663.23,1,0,0.0,17191.14,7,2,0.2857142857142857,0
LGS2ORD0046280,C017465,2026-01-02 12:00:00,Male,46,Bronze,Lazada,Songkhla,1450,Lazada,COD,12,1,4,0,40-50,48.333333333333336,6.0,2.0,0.3333333333333333,102,2,10286.858333333334,0.28,0.3333333333333333,0.3333333333333333,0.0,21730.4,1,0,0.0,21730.4,1,0,0.0,22411.04,2,0,0.0,61721.15,6,2,0.3333333333333333,1
LGS2ORD0046281,C015523,2026-01-02 12:00:00,Male,64,Silver,Web,Bangkok,1684,Lazada,Credit_Card,12,1,4,0,>50,56.13333333333333,6.0,1.0,0.16666666666666666,67,2,3864.1266666666666,0.3,0.5,0.3333333333333333,0.0,1497.19,1,0,0.0,1497.19,1,0,0.0,11898.890000000001,3,1,0.3333333333333333,23184.76,6,1,0.16666666666666666,0
LGS2ORD0046282,C013436,2026-01-02 12:00:00,Male,53,Bronze,TV,Chiang Mai,748,Lazada,COD,12,1,4,0,>50,24.933333333333334,12.0,7.0,0.5833333333333334,35,48,9823.248333333335,0.28,0.5,0.4166666666666667,0.0,0.0,0,0,0.0,0.0,0,0,0.0,2842.83,1,1,1.0,117878.98000000001,12,7,0.5833333333333334,1
LGS2ORD0046283,C012808,2026-01-02 13:00:00,Male,34,Bronze,Shopee,Songkhla,1238,TV_Show,COD,13,1,4,0,30-40,41.266666666666666,7.0,6.0,0.8571428571428571,213,27,2305.3742857142856,0.28,0.42857142857142855,0.2857142857142857,0.0,0.0,0,0,0.0,5101.99,1,0,0.0,5101.99,1,0,0.0,16137.62,7,6,0.8571428571428571,1
LGS2ORD0046284,C017684,2026-01-02 13:00:00,Female,57,Platinum,Web,Khon Kaen,809,Shopee,COD,13,1,4,0,>50,26.966666666666665,8.0,1.0,0.125,339,12,3581.59125,0.35,0.375,0.625,0.125,0.0,0,0,0.0,1532.14,1,0,0.0,13157.75,4,0,0.0,28652.73,8,1,0.125,1
LGS2ORD0046285,C010375,2026-01-02 13:00:00,Female,51,Silver,TV,Chiang Mai,1283,Web,COD,13,1,4,0,>50,42.766666666666666,6.0,2.0,0.3333333333333333,129,60,4369.8533333333335,0.3,0.5,0.16666666666666666,0.0,0.0,0,0,0.0,0.0,0,0,0.0,6531.88,2,0,0.0,26219.12,6,2,0.3333333333333333,1
LGS2ORD0046286,C015600,2026-01-02 13:00:00,Male,18,Silver,Web,Nakhon Ratchasima,906,Web,Bank_Transfer,13,1,4,0,<20,30.2,10.0,1.0,0.1,267,25,7793.378999999999,0.3,0.6,0.3,0.0,0.0,0,0,0.0,2749.01,1,0,0.0,2749.01,1,0,0.0,77933.79,10,1,0.1,0
LGS2ORD0046287,C010536,2026-01-02 13:00:00,Female,42,Bronze,TV,Remote_Area,1751,TV_Show,COD,13,1,4,0,40-50,58.36666666666667,7.0,0.0,0.0,-1,1,5178.595714285713,0.28,0.2857142857142857,0.14285714285714285,0.0,899.71,1,0,0.0,899.71,1,0,0.0,9514.079999999998,3,0,0.0,36250.16999999999,7,0,0.0,0
LGS2ORD0046288,C013880,2026-01-02 13:00:00,Female,47,Silver,TV,Chonburi,1634,Lazada,COD,13,1,4,0,40-50,54.46666666666667,6.0,0.0,0.0,-1,35,8669.85,0.25,0.5,0.3333333333333333,0.0,0.0,0,0,0.0,0.0,0,0,0.0,3614.57,1,0,0.0,52019.100000000006,6,0,0.0,0
LGS2ORD0046289,C011831,2026-01-02 14:00:00,Female,69,Bronze,TV,Songkhla,1254,TV_Show,COD,14,1,4,0,>50,41.8,5.0,2.0,0.4,178,85,10190.774000000001,0.23,0.4,0.4,0.0,0.0,0,0,0.0,0.0,0,0,0.0,16005.54,1,0,0.0,50953.87,5,2,0.4,1
LGS2ORD0046290,C016016,2026-01-02 14:00:00,Male,59,Gold,Web,Chonburi,752,Web,Credit_Card,14,1,4,0,>50,25.066666666666666,4.0,2.0,0.5,158,62,2607.635,0.28,0.5,0.5,0.0,0.0,0,0,0.0,0.0,0,0,0.0,4898.44,1,0,0.0,10430.54,4,2,0.5,0
LGS2ORD0046291,C015747,2026-01-02 14:00:00,Male,55,Silver,CallCenter,Khon Kaen,1769,Web,COD,14,1,4,0,>50,58.96666666666667,2.0,0.0,0.0,-1,158,1110.105,0.3,0.5,1.0,0.0,0.0,0,0,0.0,0.0,0,0,0.0,0.0,0,0,0.0,2220.21,2,0,0.0,1
LGS2ORD0046292,C012283,2026-01-02 14:00:00,Female,45,Bronze,TV,Bangkok,516,CallCenter,COD,14,1,4,0,40-50,17.2,9.0,1.0,0.1111111111111111,177,33,7274.113333333333,0.28,0.5555555555555556,0.2222222222222222,0.0,0.0,0,0,0.0,0.0,0,0,0.0,11899.41,2,0,0.0,65467.02,9,1,0.1111111111111111,0
LGS2ORD0046293,C011216,2026-01-02 14:00:00,Male,62,Silver,Web,Khon Kaen,965,Web,Credit_Card,14,1,4,0,>50,32.166666666666664,5.0,0.0,0.0,-1,2,7079.652,0.25,0.8,0.6,0.0,1801.29,1,0,0.0,1801.29,1,0,0.0,13468.23,2,0,0.0,35398.26,5,0,0.0,0
LGS2ORD0046294,C013490,2026-01-02 15:00:00,Female,43,Gold,Web,Khon Kaen,1624,Shopee,COD,15,1,4,0,40-50,54.13333333333333,6.0,3.0,0.5,154,2,5162.808333333333,0.28,0.8333333333333334,0.5,0.0,4255.36,1,0,0.0,4255.36,1,0,0.0,4255.36,1,0,0.0,30976.850000000002,6,3,0.5,1
LGS2ORD0046295,C010700,2026-01-02 15:00:00,Male,32,Bronze,CallCenter,Chiang Mai,839,Web,COD,15,1,4,0,30-40,27.966666666666665,7.0,2.0,0.2857142857142857,139,67,6885.882857142858,0.23,0.5714285714285714,0.2857142857142857,0.0,0.0,0,0,0.0,0.0,0,0,0.0,10499.0,1,0,0.0,48201.18,7,2,0.2857142857142857,0
LGS2ORD0046296,C012219,2026-01-02 15:00:00,Female,42,Silver,TV,Bangkok,1236,Web,Bank_Transfer,15,1,4,0,40-50,41.2,7.0,3.0,0.42857142857142855,9,14,5301.928571428572,0.3,0.8571428571428571,0.2857142857142857,0.0,0.0,0,0,0.0,1663.83,1,1,1.0,2032.62,2,2,1.0,37113.5,7,3,0.42857142857142855,0
LGS2ORD0046297,C016007,2026-01-02 15:00:00,Female,43,Silver,TV,Phuket,1325,TV_Show,PromptPay,15,1,4,0,40-50,44.166666666666664,9.0,3.0,0.3333333333333333,19,23,8174.097777777778,0.25,0.4444444444444444,0.1111111111111111,0.0,0.0,0,0,0.0,15216.73,2,1,0.5,15216.73,2,1,0.5,73566.88,9,3,0.3333333333333333,0
LGS2ORD0046298,C014821,2026-01-02 15:00:00,Female,38,Bronze,TV,Bangkok,719,CallCenter,COD,15,1,4,0,30-40,23.966666666666665,8.0,3.0,0.375,205,75,6987.4975,0.23,0.875,0.125,0.0,0.0,0,0,0.0,0.0,0,0,0.0,3795.17,1,0,0.0,55899.98,8,3,0.375,0
LGS2ORD0046299,C015275,2026-01-02 16:00:00,Female,45,Silver,Web,Bangkok,669,Lazada,COD,16,1,4,0,40-50,22.3,6.0,1.0,0.16666666666666666,209,25,4252.58,0.25,0.5,0.3333333333333333,0.0,0.0,0,0,0.0,2639.71,1,0,0.0,7982.24,2,0,0.0,25515.48,6,1,0.16666666666666666,1
LGS2ORD0046300,C015059,2026-01-02 16:00:00,Male,26,Silver,TV,Phuket,587,Lazada,Credit_Card,16,1,4,0,20-30,19.566666666666666,5.0,3.0,0.6,54,61,6512.974,0.25,0.2,0.2,0.0,0.0,0,0,0.0,0.0,0,0,0.0,16516.27,1,1,1.0,32564.870000000003,5,3,0.6,1
LGS2ORD0046301,C011424,2026-01-02 16:00:00,Female,46,Bronze,Lazada,Bangkok,755,Shopee,COD,16,1,4,0,40-50,25.166666666666668,6.0,1.0,0.16666666666666666,156,61,10621.51,0.28,0.5,0.6666666666666666,0.0,0.0,0,0,0.0,0.0,0,0,0.0,29359.44,1,0,0.0,63729.06,6,1,0.16666666666666666,1
LGS2ORD0046302,C017304,2026-01-02 16:00:00,Female,31,Silver,Shopee,Chiang Mai,634,Shopee,COD,16,1,4,0,30-40,21.133333333333333,10.0,2.0,0.2,137,66,2747.014,0.3,0.3,0.5,0.1,0.0,0,0,0.0,0.0,0,0,0.0,785.95,2,0,0.0,27470.140000000003,10,2,0.2,0
LGS2ORD0046303,C011765,2026-01-02 16:00:00,Male,37,Silver,Web,Bangkok,1824,CallCenter,Bank_Transfer,16,1,4,0,30-40,60.8,4.0,0.0,0.0,-1,214,1180.88,0.3,0.5,0.5,0.0,0.0,0,0,0.0,0.0,0,0,0.0,0.0,0,0,0.0,4723.52,4,0,0.0,0
LGS2ORD0046304,C016725,2026-01-02 17:00:00,Female,45,Bronze,Web,Songkhla,1460,Shopee,COD,17,1,4,0,40-50,48.666666666666664,9.0,1.0,0.1111111111111111,180,27,6204.214444444445,0.28,0.2222222222222222,0.1111111111111111,0.0,0.0,0,0,0.0,767.01,1,0,0.0,2749.83,2,0,0.0,55837.93,9,1,0.1111111111111111,1
LGS2ORD0046305,C013638,2026-01-02 17:00:00,Male,70,Bronze,Web,Nakhon Ratchasima,660,Shopee,COD,17,1,4,0,>50,22.0,11.0,3.0,0.2727272727272727,70,59,4575.489090909091,0.28,0.6363636363636364,0.36363636363636365,0.0,0.0,0,0,0.0,0.0,0,0,0.0,7532.73,2,1,0.5,50330.38,11,3,0.2727272727272727,1
LGS2ORD0046306,C017946,2026-01-02 17:00:00,Male,40,Bronze,Web,Chonburi,793,Web,COD,17,1,4,0,30-40,26.433333333333334,3.0,1.0,0.3333333333333333,-2,3,4285.009999999999,0.28,0.3333333333333333,0.6666666666666666,0.0,2084.72,1,1,1.0,2084.72,1,1,1.0,4696.91,2,1,0.5,12855.029999999999,3,1,0.3333333333333333,0
LGS2ORD0046307,C010666,2026-01-02 17:00:00,Female,24,Silver,TV,Chiang Mai,831,Web,COD,17,1,4,0,20-30,27.7,8.0,1.0,0.125,31,17,9348.14125,0.25,0.5,0.125,0.0,0.0,0,0,0.0,400.34,1,0,0.0,27855.5,4,1,0.25,74785.13,8,1,0.125,0
LGS2ORD0046308,C011514,2026-01-02 17:00:00,Female,25,Gold,Lazada,Bangkok,717,Lazada,COD,17,1,4,0,20-30,23.9,4.0,1.0,0.25,229,180,4329.145,0.18,0.75,0.0,0.0,0.0,0,0,0.0,0.0,0,0,0.0,0.0,0,0,0.0,17316.58,4,1,0.25,1
LGS2ORD0046309,C017130,2026-01-02 17:00:00,Female,52,Gold,CallCenter,Phuket,595,Shopee,Credit_Card,17,1,4,0,>50,19.833333333333332,6.0,2.0,0.3333333333333333,223,0,7517.616666666668,0.28,0.8333333333333334,0.5,0.0,5906.0,1,0,0.0,5906.0,1,0,0.0,5906.0,1,0,0.0,45105.700000000004,6,2,0.3333333333333333,0
LGS2ORD0046310,C011098,2026-01-02 18:00:00,Female,41,Bronze,Web,Remote_Area,1806,TV_Show,PromptPay,18,1,4,0,40-50,60.2,5.0,0.0,0.0,-1,163,5699.370000000001,0.18,0.6,0.0,0.0,0.0,0,0,0.0,0.0,0,0,0.0,0.0,0,0,0.0,28496.850000000002,5,0,0.0,0
LGS2ORD0046311,C016324,2026-01-02 18:00:00,Female,48,Bronze,TV,Remote_Area,382,Web,COD,18,1,4,0,40-50,12.733333333333333,8.0,4.0,0.5,6,11,3301.5762499999996,0.28,0.625,0.375,0.0,0.0,0,0,0.0,987.08,1,1,1.0,987.08,1,1,1.0,26412.609999999997,8,4,0.5,0
LGS2ORD0046312,C016896,2026-01-02 18:00:00,Male,61,Bronze,TV,Bangkok,1163,Shopee,COD,18,1,4,0,>50,38.766666666666666,7.0,3.0,0.42857142857142855,156,99,9747.201428571429,0.28,0.5714285714285714,0.5714285714285714,0.0,0.0,0,0,0.0,0.0,0,0,0.0,0.0,0,0,0.0,68230.41,7,3,0.42857142857142855,0
LGS2ORD0046313,C011868,2026-01-02 18:00:00,Female,25,Gold,Shopee,Chonburi,1207,Shopee,COD,18,1,4,0,20-30,40.233333333333334,4.0,0.0,0.0,-1,20,7314.2474999999995,0.28,0.25,1.0,0.0,0.0,0,0,0.0,15259.83,1,0,0.0,15259.83,1,0,0.0,29256.989999999998,4,0,0.0,0
LGS2ORD0046314,C014844,2026-01-02 18:00:00,Female,40,Gold,Web,Bangkok,768,TV_Show,COD,18,1,4,0,30-40,25.6,8.0,1.0,0.125,130,48,3995.5337500000005,0.33,0.625,0.375,0.0,0.0,0,0,0.0,0.0,0,0,0.0,10394.53,1,0,0.0,31964.270000000004,8,1,0.125,0
LGS2ORD0046315,C014552,2026-01-02 19:00:00,Female,26,Silver,TV,Bangkok,726,Web,COD,19,1,4,0,20-30,24.2,7.0,2.0,0.2857142857142857,8,18,6639.864285714287,0.3,0.42857142857142855,0.2857142857142857,0.0,0.0,0,0,0.0,1709.26,1,1,1.0,14045.12,3,1,0.3333333333333333,46479.05000000001,7,2,0.2857142857142857,0
LGS2ORD0046316,C011140,2026-01-02 19:00:00,Female,23,Platinum,TV,Chonburi,1304,Lazada,Credit_Card,19,1,4,0,20-30,43.46666666666667,8.0,2.0,0.25,62,68,2975.06375,0.3,0.5,0.25,0.0,0.0,0,0,0.0,0.0,0,0,0.0,414.34,1,1,1.0,23800.51,8,2,0.25,0
LGS2ORD0046317,C011819,2026-01-02 19:00:00,Female,48,Bronze,Web,Chonburi,1607,TV_Show,PromptPay,19,1,4,0,40-50,53.56666666666667,4.0,0.0,0.0,-1,6,4034.2825000000003,0.18,0.0,0.0,0.0,1811.49,1,0,0.0,1811.49,1,0,0.0,8838.54,3,0,0.0,16137.130000000001,4,0,0.0,1
LGS2ORD0046318,C014248,2026-01-02 19:00:00,Female,33,Bronze,Web,Chonburi,1549,CallCenter,Bank_Transfer,19,1,4,0,30-40,51.63333333333333,9.0,2.0,0.2222222222222222,93,77,2829.49,0.28,0.6666666666666666,0.2222222222222222,0.0,0.0,0,0,0.0,0.0,0,0,0.0,4371.38,2,0,0.0,25465.41,9,2,0.2222222222222222,0
LGS2ORD0046319,C010839,2026-01-02 19:00:00,Female,57,Silver,Web,Phuket,460,Lazada,COD,19,1,4,0,>50,15.333333333333334,6.0,1.0,0.16666666666666666,352,243,10926.798333333332,0.25,0.6666666666666666,0.16666666666666666,0.0,0.0,0,0,0.0,0.0,0,0,0.0,0.0,0,0,0.0,65560.79,6,1,0.16666666666666666,0
LGS2ORD0046320,C011131,2026-01-02 20:00:00,Female,42,Bronze,TV,Remote_Area,1583,TV_Show,COD,20,1,4,0,40-50,52.766666666666666,11.0,1.0,0.09090909090909091,94,16,6937.669999999999,0.28,0.7272727272727273,0.18181818181818182,0.09090909090909091,0.0,0,0,0.0,34969.87,1,0,0.0,35614.23,2,0,0.0,76314.37,11,1,0.09090909090909091,1
LGS2ORD0046321,C014626,2026-01-02 20:00:00,Male,43,Bronze,Shopee,Khon Kaen,1243,Lazada,COD,20,1,4,0,40-50,41.43333333333333,9.0,2.0,0.2222222222222222,286,24,8750.337777777777,0.23,0.1111111111111111,0.3333333333333333,0.0,0.0,0,0,0.0,4019.51,1,0,0.0,4019.51,1,0,0.0,78753.04,9,2,0.2222222222222222,0
LGS2ORD0046322,C015546,2026-01-02 20:00:00,Female,37,Silver,Shopee,Chonburi,1209,Lazada,PromptPay,20,1,4,0,30-40,40.3,0.0,0.0,0.0,-1,-1,0.0,0.0,0.0,0.0,0.0,0.0,0,0,0.0,0.0,0,0,0.0,0.0,0,0,0.0,0.0,0,0,0.0,0
LGS2ORD0046323,C012266,2026-01-02 20:00:00,Female,38,Silver,TV,Nakhon Ratchasima,1645,Lazada,COD,20,1,4,0,30-40,54.833333333333336,5.0,2.0,0.4,141,111,2778.7380000000003,0.3,0.6,0.4,0.0,0.0,0,0,0.0,0.0,0,0,0.0,0.0,0,0,0.0,13893.69,5,2,0.4,0
LGS2ORD0046324,C013445,2026-01-02 20:00:00,Female,48,Silver,Shopee,Chonburi,688,TV_Show,COD,20,1,4,0,40-50,22.933333333333334,10.0,3.0,0.3,71,42,3671.4309999999996,0.25,0.5,0.3,0.0,0.0,0,0,0.0,0.0,0,0,0.0,9807.92,2,1,0.5,36714.31,10,3,0.3,0
LGS2ORD0046325,C015063,2026-01-02 21:00:00,Female,18,Silver,Web,Bangkok,833,Lazada,COD,21,1,4,0,<20,27.766666666666666,7.0,1.0,0.14285714285714285,6,1,4162.892857142858,0.25,0.5714285714285714,0.2857142857142857,0.0,2773.54,1,0,0.0,8515.33,2,1,0.5,27508.22,5,1,0.2,29140.250000000004,7,1,0.14285714285714285,1
LGS2ORD0046326,C012072,2026-01-02 21:00:00,Male,28,Silver,Shopee,Bangkok,1329,Lazada,PromptPay,21,1,4,0,20-30,44.3,3.0,1.0,0.3333333333333333,46,60,9047.82,0.2,0.3333333333333333,0.0,0.0,0.0,0,0,0.0,0.0,0,0,0.0,1726.27,1,1,1.0,27143.46,3,1,0.3333333333333333,0
LGS2ORD0046327,C011195,2026-01-02 21:00:00,Female,39,Bronze,Lazada,Phuket,1027,Shopee,COD,21,1,4,0,30-40,34.233333333333334,8.0,5.0,0.625,40,26,5606.39625,0.28,0.625,0.25,0.0,0.0,0,0,0.0,2484.71,1,0,0.0,4015.29,2,1,0.5,44851.17,8,5,0.625,0
LGS2ORD0046328,C016440,2026-01-02 21:00:00,Female,32,Gold,Lazada,Chiang Mai,1308,TV_Show,Credit_Card,21,1,4,0,30-40,43.6,4.0,0.0,0.0,-1,10,7926.725,0.28,0.5,0.25,0.0,0.0,0,0,0.0,9707.59,2,0,0.0,9707.59,2,0,0.0,31706.9,4,0,0.0,0
LGS2ORD0046329,C014141,2026-01-02 21:00:00,Male,25,Bronze,Lazada,Nakhon Ratchasima,955,Shopee,COD,21,1,4,0,20-30,31.833333333333332,11.0,1.0,0.09090909090909091,281,41,5868.597272727272,0.18,0.5454545454545454,0.0,0.0,0.0,0,0,0.0,0.0,0,0,0.0,8760.78,1,0,0.0,64554.56999999999,11,1,0.09090909090909091,0
LGS2ORD0046330,C013243,2026-01-02 21:00:00,Male,21,Bronze,TV,Bangkok,1557,Shopee,COD,21,1,4,0,20-30,51.9,7.0,0.0,0.0,-1,9,6210.117142857142,0.28,0.7142857142857143,0.2857142857142857,0.14285714285714285,0.0,0,0,0.0,13193.23,1,0,0.0,20979.68,3,0,0.0,43470.82,7,0,0.0,0
LGS2ORD0046331,C012231,2026-01-02 22:00:00,Male,23,Bronze,CallCenter,Remote_Area,1823,Shopee,COD,22,1,4,0,20-30,60.766666666666666,9.0,3.0,0.3333333333333333,36,50,7144.034444444445,0.23,0.4444444444444444,0.1111111111111111,0.0,0.0,0,0,0.0,0.0,0,0,0.0,30041.530000000002,4,2,0.5,64296.310000000005,9,3,0.3333333333333333,1
LGS2ORD0046332,C016952,2026-01-02 22:00:00,Female,45,Gold,Web,Bangkok,1170,Web,PromptPay,22,1,4,0,40-50,39.0,1.0,0.0,0.0,-1,32,3947.4,0.08,0.0,0.0,0.0,0.0,0,0,0.0,0.0,0,0,0.0,3947.4,1,0,0.0,3947.4,1,0,0.0,0
LGS2ORD0046333,C011826,2026-01-02 22:00:00,Male,50,Bronze,Lazada,Bangkok,1613,Lazada,PromptPay,22,1,4,0,40-50,53.766666666666666,2.0,0.0,0.0,-1,147,947.9250000000001,0.18,0.5,0.0,0.0,0.0,0,0,0.0,0.0,0,0,0.0,0.0,0,0,0.0,1895.8500000000001,2,0,0.0,1
LGS2ORD0046334,C010193,2026-01-02 22:00:00,Female,50,Silver,TV,Chiang Mai,1146,TV_Show,COD,22,1,4,0,40-50,38.2,7.0,1.0,0.14285714285714285,289,113,2503.198571428572,0.3,0.42857142857142855,0.14285714285714285,0.0,0.0,0,0,0.0,0.0,0,0,0.0,0.0,0,0,0.0,17522.390000000003,7,1,0.14285714285714285,0
LGS2ORD0046335,C010953,2026-01-02 22:00:00,Male,38,Bronze,Web,Chiang Mai,1373,Shopee,Credit_Card,22,1,4,0,30-40,45.766666666666666,5.0,2.0,0.4,166,149,2487.904,0.28,0.6,0.4,0.0,0.0,0,0,0.0,0.0,0,0,0.0,0.0,0,0,0.0,12439.52,5,2,0.4,0
LGS2ORD0046336,C016078,2026-01-02 23:00:00,Female,36,Gold,CallCenter,Khon Kaen,1302,Web,Credit_Card,23,1,4,0,30-40,43.4,4.0,1.0,0.25,122,129,12402.565,0.28,0.0,0.5,0.0,0.0,0,0,0.0,0.0,0,0,0.0,0.0,0,0,0.0,49610.26,4,1,0.25,0
LGS2ORD0046337,C013017,2026-01-02 23:00:00,Female,45,Bronze,TV,Remote_Area,824,TV_Show,Bank_Transfer,23,1,4,0,40-50,27.466666666666665,4.0,2.0,0.5,25,35,5777.317500000001,0.23,0.75,0.25,0.0,0.0,0,0,0.0,0.0,0,0,0.0,4782.1,1,1,1.0,23109.270000000004,4,2,0.5,0
LGS2ORD0046338,C014258,2026-01-02 23:00:00,Female,39,Gold,Web,Nakhon Ratchasima,1305,Lazada,PromptPay,23,1,4,0,30-40,43.5,7.0,2.0,0.2857142857142857,26,36,6892.475714285713,0.33,0.7142857142857143,0.2857142857142857,0.0,0.0,0,0,0.0,0.0,0,0,0.0,12250.880000000001,3,2,0.6666666666666666,48247.329999999994,7,2,0.2857142857142857,0
LGS2ORD0046339,C014819,2026-01-02 23:00:00,Other,41,Bronze,Web,Bangkok,506,Shopee,Bank_Transfer,23,1,4,0,40-50,16.866666666666667,3.0,0.0,0.0,-1,207,2941.2099999999996,0.28,0.6666666666666666,0.3333333333333333,0.0,0.0,0,0,0.0,0.0,0,0,0.0,0.0,0,0,0.0,8823.63,3,0,0.0,0
LGS2ORD0046340,C015204,2026-01-02 23:00:00,Female,53,Gold,CallCenter,Chiang Mai,665,Web,COD,23,1,4,0,>50,22.166666666666668,3.0,2.0,0.6666666666666666,218,223,1824.3766666666663,0.33,0.3333333333333333,1.0,0.0,0.0,0,0,0.0,0.0,0,0,0.0,0.0,0,0,0.0,5473.129999999999,3,2,0.6666666666666666,1
LGS2ORD0046341,C015844,2026-01-03 00:00:00,Male,35,Bronze,TV,Bangkok,732,CallCenter,COD,0,1,5,1,30-40,24.4,6.0,1.0,0.16666666666666666,343,22,8821.493333333332,0.28,0.6666666666666666,0.3333333333333333,0.0,0.0,0,0,0.0,1960.45,1,0,0.0,1960.45,1,0,0.0,52928.95999999999,6,1,0.16666666666666666,0
LGS2ORD0046342,C010721,2026-01-03 00:00:00,Female,59,Bronze,TV,Remote_Area,802,Web,COD,0,1,5,1,>50,26.733333333333334,5.0,2.0,0.4,10,16,5336.544,0.18,0.8,0.0,0.0,0.0,0,0,0.0,22611.72,3,1,0.3333333333333333,22611.72,3,1,0.3333333333333333,26682.72,5,2,0.4,0
LGS2ORD0046343,C013047,2026-01-03 00:00:00,Female,18,Bronze,Shopee,Remote_Area,1700,Lazada,COD,0,1,5,1,<20,56.666666666666664,6.0,4.0,0.6666666666666666,67,77,4724.08,0.28,0.6666666666666666,0.5,0.0,0.0,0,0,0.0,0.0,0,0,0.0,12478.07,2,1,0.5,28344.48,6,4,0.6666666666666666,1
LGS2ORD0046344,C012806,2026-01-03 00:00:00,Male,56,Gold,Shopee,Bangkok,1554,Web,COD,0,1,5,1,>50,51.8,3.0,0.0,0.0,-1,220,5000.893333333333,0.33,0.0,0.3333333333333333,0.0,0.0,0,0,0.0,0.0,0,0,0.0,0.0,0,0,0.0,15002.68,3,0,0.0,1
LGS2ORD0046345,C014819,2026-01-03 00:00:00,Other,41,Bronze,Web,Bangkok,507,CallCenter,PromptPay,0,1,5,1,40-50,16.9,4.0,0.0,0.0,-1,0,3304.6224999999995,0.28,0.5,0.25,0.0,4394.86,1,0,0.0,4394.86,1,0,0.0,4394.86,1,0,0.0,13218.489999999998,4,0,0.0,0
LGS2ORD0046346,C014220,2026-01-03 01:00:00,Female,47,Silver,Shopee,Khon Kaen,401,Web,PromptPay,1,1,5,1,40-50,13.366666666666667,2.0,0.0,0.0,-1,91,1314.97,0.25,0.5,0.5,0.0,0.0,0,0,0.0,0.0,0,0,0.0,0.0,0,0,0.0,2629.94,2,0,0.0,0
LGS2ORD0046347,C010397,2026-01-03 01:00:00,Male,34,Bronze,Web,Nakhon Ratchasima,432,Web,COD,1,1,5,1,30-40,14.4,9.0,1.0,0.1111111111111111,131,31,2658.248888888889,0.28,0.4444444444444444,0.2222222222222222,0.0,0.0,0,0,0.0,0.0,0,0,0.0,2271.87,1,0,0.0,23924.239999999998,9,1,0.1111111111111111,0
LGS2ORD0046348,C010680,2026-01-03 01:00:00,Male,47,Bronze,Lazada,Nakhon Ratchasima,651,TV_Show,COD,1,1,5,1,40-50,21.7,8.0,2.0,0.25,119,24,7445.9175,0.18,0.625,0.0,0.0,0.0,0,0,0.0,13673.8,1,0,0.0,21429.3,2,0,0.0,59567.34,8,2,0.25,0
LGS2ORD0046349,C014590,2026-01-03 01:00:00,Male,53,Silver,Web,Bangkok,1403,Shopee,COD,1,1,5,1,>50,46.766666666666666,5.0,2.0,0.4,21,20,6144.4839999999995,0.2,0.8,0.0,0.0,0.0,0,0,0.0,774.07,1,0,0.0,21549.05,2,1,0.5,30722.42,5,2,0.4,0
LGS2ORD0046350,C017348,2026-01-03 01:00:00,Male,27,Bronze,TV,Phuket,1717,Shopee,Bank_Transfer,1,1,5,1,20-30,57.233333333333334,6.0,1.0,0.16666666666666666,200,54,10984.005,0.23,0.8333333333333334,0.16666666666666666,0.0,0.0,0,0,0.0,0.0,0,0,0.0,2585.24,1,0,0.0,65904.03,6,1,0.16666666666666666,1
LGS2ORD0046351,C010826,2026-01-03 01:00:00,Male,27,Bronze,TV,Nakhon Ratchasima,1369,Lazada,COD,1,1,5,1,20-30,45.63333333333333,4.0,1.0,0.25,96,110,8154.862499999999,0.28,0.0,0.5,0.0,0.0,0,0,0.0,0.0,0,0,0.0,0.0,0,0,0.0,32619.449999999997,4,1,0.25,0
LGS2ORD0046352,C014014,2026-01-03 02:00:00,Female,34,Bronze,Lazada,Chonburi,1096,TV_Show,PromptPay,2,1,5,1,30-40,36.53333333333333,3.0,0.0,0.0,-1,30,2338.2133333333336,0.18,0.6666666666666666,0.0,0.0,0.0,0,0,0.0,0.0,0,0,0.0,7014.64,3,0,0.0,7014.64,3,0,0.0,0
LGS2ORD0046353,C013773,2026-01-03 02:00:00,Male,45,Gold,Web,Bangkok,1699,Web,Credit_Card,2,1,5,1,40-50,56.63333333333333,5.0,2.0,0.4,237,123,2684.394,0.28,0.0,0.2,0.0,0.0,0,0,0.0,0.0,0,0,0.0,0.0,0,0,0.0,13421.97,5,2,0.4,1
LGS2ORD0046354,C017742,2026-01-03 02:00:00,Other,28,Silver,Web,Bangkok,940,Web,Bank_Transfer,2,1,5,1,20-30,31.333333333333332,3.0,0.0,0.0,-1,51,1212.5866666666668,0.25,0.6666666666666666,0.3333333333333333,0.0,0.0,0,0,0.0,0.0,0,0,0.0,410.15,1,0,0.0,3637.76,3,0,0.0,1
LGS2ORD0046355,C012304,2026-01-03 02:00:00,Female,63,Bronze,TV,Bangkok,1356,Web,COD,2,1,5,1,>50,45.2,2.0,1.0,0.5,209,43,3416.695,0.28,0.5,0.5,0.0,0.0,0,0,0.0,0.0,0,0,0.0,3928.09,1,0,0.0,6833.39,2,1,0.5,1
LGS2ORD0046356,C014545,2026-01-03 02:00:00,Male,39,Gold,Lazada,Nakhon Ratchasima,987,CallCenter,PromptPay,2,1,5,1,30-40,32.9,5.0,0.0,0.0,-1,108,8617.496000000001,0.2299999999999999,0.6,0.4,0.0,0.0,0,0,0.0,0.0,0,0,0.0,0.0,0,0,0.0,43087.48,5,0,0.0,0
LGS2ORD0046357,C017890,2026-01-03 03:00:00,Female,27,Bronze,TV,Remote_Area,384,Shopee,COD,3,1,5,1,20-30,12.8,4.0,1.0,0.25,96,39,3716.8375000000005,0.18,0.5,0.0,0.0,0.0,0,0,0.0,0.0,0,0,0.0,3963.63,1,0,0.0,14867.350000000002,4,1,0.25,0
LGS2ORD0046358,C017771,2026-01-03 03:00:00,Female,46,Bronze,CallCenter,Remote_Area,635,Web,Credit_Card,3,1,5,1,40-50,21.166666666666668,13.0,1.0,0.07692307692307693,118,55,4976.299999999999,0.28,0.38461538461538464,0.15384615384615385,0.0,0.0,0,0,0.0,0.0,0,0,0.0,13696.470000000001,3,0,0.0,64691.899999999994,13,1,0.07692307692307693,0
LGS2ORD0046359,C017769,2026-01-03 03:00:00,Female,55,Silver,Lazada,Remote_Area,597,Web,COD,3,1,5,1,>50,19.9,7.0,0.0,0.0,-1,108,3037.2957142857144,0.3,0.42857142857142855,0.2857142857142857,0.0,0.0,0,0,0.0,0.0,0,0,0.0,0.0,0,0,0.0,21261.07,7,0,0.0,0
LGS2ORD0046360,C013120,2026-01-03 03:00:00,Female,43,Silver,Shopee,Phuket,776,Lazada,COD,3,1,5,1,40-50,25.866666666666667,3.0,2.0,0.6666666666666666,206,217,11541.246666666666,0.2,0.3333333333333333,0.0,0.0,0.0,0,0,0.0,0.0,0,0,0.0,0.0,0,0,0.0,34623.74,3,2,0.6666666666666666,1
LGS2ORD0046361,C013438,2026-01-03 03:00:00,Male,49,Gold,Shopee,Chonburi,414,TV_Show,COD,3,1,5,1,40-50,13.8,3.0,0.0,0.0,-1,42,3616.463333333333,0.2299999999999999,1.0,0.3333333333333333,0.0,0.0,0,0,0.0,0.0,0,0,0.0,808.71,1,0,0.0,10849.39,3,0,0.0,1
LGS2ORD0046362,C010790,2026-01-03 04:00:00,Female,36,Silver,Web,Khon Kaen,588,CallCenter,Credit_Card,4,1,5,1,30-40,19.6,7.0,3.0,0.42857142857142855,105,52,2521.7157142857145,0.3,0.42857142857142855,0.42857142857142855,0.0,0.0,0,0,0.0,0.0,0,0,0.0,2056.05,1,0,0.0,17652.010000000002,7,3,0.42857142857142855,0
LGS2ORD0046363,C011667,2026-01-03 04:00:00,Male,41,Bronze,Shopee,Remote_Area,725,TV_Show,Credit_Card,4,1,5,1,40-50,24.166666666666668,9.0,5.0,0.5555555555555556,20,31,6042.843333333333,0.28,0.7777777777777778,0.4444444444444444,0.0,0.0,0,0,0.0,0.0,0,0,0.0,11793.28,1,1,1.0,54385.59,9,5,0.5555555555555556,0
LGS2ORD0046364,C012924,2026-01-03 04:00:00,Female,61,Bronze,Lazada,Remote_Area,505,TV_Show,PromptPay,4,1,5,1,>50,16.833333333333332,5.0,2.0,0.4,293,20,4297.794,0.18,0.4,0.0,0.0,0.0,0,0,0.0,1772.73,1,0,0.0,4928.37,2,0,0.0,21488.969999999998,5,2,0.4,0
LGS2ORD0046365,C013263,2026-01-03 04:00:00,Female,30,Bronze,TV,Remote_Area,1478,Lazada,PromptPay,4,1,5,1,20-30,49.266666666666666,6.0,1.0,0.16666666666666666,216,2,5771.865000000001,0.28,0.16666666666666666,0.16666666666666666,0.0,16997.56,1,0,0.0,16997.56,1,0,0.0,25522.730000000003,3,0,0.0,34631.19,6,1,0.16666666666666666,0
LGS2ORD0046366,C015277,2026-01-03 04:00:00,Male,42,Bronze,Web,Bangkok,1635,Web,COD,4,1,5,1,40-50,54.5,8.0,1.0,0.125,140,20,8501.355,0.28,0.75,0.25,0.0,0.0,0,0,0.0,2495.41,1,0,0.0,2495.41,1,0,0.0,68010.84,8,1,0.125,0
LGS2ORD0046367,C017865,2026-01-03 04:00:00,Male,42,Gold,Web,Nakhon Ratchasima,1720,CallCenter,PromptPay,4,1,5,1,40-50,57.333333333333336,2.0,0.0,0.0,-1,9,4907.320000000001,0.28,1.0,0.5,0.0,0.0,0,0,0.0,470.36,1,0,0.0,9814.640000000001,2,0,0.0,9814.640000000001,2,0,0.0,0
LGS2ORD0046368,C014693,2026-01-03 05:00:00,Female,43,Gold,Lazada,Bangkok,1661,Shopee,COD,5,1,5,1,40-50,55.36666666666667,5.0,1.0,0.2,347,45,5108.318,0.28,0.0,0.4,0.0,0.0,0,0,0.0,0.0,0,0,0.0,13909.01,3,0,0.0,25541.59,5,1,0.2,1
LGS2ORD0046369,C017536,2026-01-03 05:00:00,Male,57,Bronze,TV,Bangkok,1000,Lazada,Credit_Card,5,1,5,1,>50,33.333333333333336,7.0,2.0,0.2857142857142857,215,49,8229.295714285714,0.28,0.5714285714285714,0.42857142857142855,0.0,0.0,0,0,0.0,0.0,0,0,0.0,411.1,1,0,0.0,45114.95,6,2,0.3333333333333333,0
LGS2ORD0046370,C010710,2026-01-03 05:00:00,Female,23,Silver,Lazada,Khon Kaen,825,Lazada,Bank_Transfer,5,1,5,1,20-30,27.5,4.0,2.0,0.5,112,28,3723.88,0.25,0.25,0.25,0.0,0.0,0,0,0.0,813.93,1,0,0.0,813.93,1,0,0.0,14895.52,4,2,0.5,1
LGS2ORD0046371,C017614,2026-01-03 05:00:00,Female,24,Silver,TV,Chiang Mai,1214,Shopee,COD,5,1,5,1,20-30,40.46666666666667,7.0,0.0,0.0,-1,38,5713.317142857144,0.2,0.5714285714285714,0.0,0.0,0.0,0,0,0.0,0.0,0,0,0.0,11102.16,3,0,0.0,39993.22000000001,7,0,0.0,0
LGS2ORD0046372,C013145,2026-01-03 05:00:00,Male,23,Gold,Web,Bangkok,1529,TV_Show,COD,5,1,5,1,20-30,50.96666666666667,1.0,0.0,0.0,-1,126,4607.49,0.2299999999999999,0.0,1.0,0.0,0.0,0,0,0.0,0.0,0,0,0.0,0.0,0,0,0.0,4607.49,1,0,0.0,1
LGS2ORD0046373,C015989,2026-01-03 06:00:00,Female,42,Bronze,Shopee,Chonburi,903,Shopee,COD,6,1,5,1,40-50,30.1,7.0,2.0,0.2857142857142857,130,119,5726.958571428571,0.28,0.42857142857142855,0.2857142857142857,0.0,0.0,0,0,0.0,0.0,0,0,0.0,0.0,0,0,0.0,40088.71,7,2,0.2857142857142857,1
LGS2ORD0046374,C011035,2026-01-03 06:00:00,Male,65,Bronze,Shopee,Nakhon Ratchasima,787,Shopee,COD,6,1,5,1,>50,26.233333333333334,10.0,2.0,0.2,120,5,3827.088999999999,0.28,0.6,0.3,0.0,1769.52,1,0,0.0,5921.879999999999,3,0,0.0,7094.799999999999,4,0,0.0,38270.88999999999,10,2,0.2,1
LGS2ORD0046375,C015402,2026-01-03 06:00:00,Male,68,Gold,Shopee,Chonburi,1365,Shopee,COD,6,1,5,1,>50,45.5,5.0,0.0,0.0,-1,13,2498.322,0.28,0.4,0.6,0.0,0.0,0,0,0.0,3702.27,1,0,0.0,5718.05,2,0,0.0,12491.61,5,0,0.0,0
LGS2ORD0046376,C011294,2026-01-03 06:00:00,Female,29,Silver,TV,Bangkok,1150,TV_Show,COD,6,1,5,1,20-30,38.333333333333336,7.0,2.0,0.2857142857142857,168,58,4655.074285714285,0.3,0.5714285714285714,0.2857142857142857,0.0,0.0,0,0,0.0,0.0,0,0,0.0,4051.33,1,0,0.0,32585.519999999997,7,2,0.2857142857142857,0
LGS2ORD0046377,C017405,2026-01-03 06:00:00,Female,49,Bronze,TV,Chiang Mai,472,TV_Show,COD,6,1,5,1,40-50,15.733333333333333,5.0,2.0,0.4,77,9,6448.048,0.28,0.2,0.4,0.0,0.0,0,0,0.0,8552.9,1,0,0.0,8552.9,1,0,0.0,32240.239999999998,5,2,0.4,1
LGS2ORD0046378,C013027,2026-01-03 07:00:00,Male,55,Platinum,TV,Nakhon Ratchasima,1014,TV_Show,Credit_Card,7,1,5,1,>50,33.8,4.0,0.0,0.0,-1,135,9486.837500000001,0.25,0.25,0.25,0.0,0.0,0,0,0.0,0.0,0,0,0.0,0.0,0,0,0.0,37947.350000000006,4,0,0.0,0
LGS2ORD0046379,C016733,2026-01-03 07:00:00,Female,43,Gold,Web,Bangkok,590,Web,COD,7,1,5,1,40-50,19.666666666666668,8.0,2.0,0.25,79,91,4146.01625,0.28,0.375,0.375,0.0,0.0,0,0,0.0,0.0,0,0,0.0,0.0,0,0,0.0,33168.13,8,2,0.25,1
LGS2ORD0046380,C011662,2026-01-03 07:00:00,Other,37,Bronze,Shopee,Chonburi,595,Lazada,Credit_Card,7,1,5,1,30-40,19.833333333333332,10.0,1.0,0.1,264,3,5740.121999999999,0.18,0.6,0.0,0.0,1726.49,1,0,0.0,1726.49,1,0,0.0,17142.49,3,0,0.0,57401.219999999994,10,1,0.1,0
LGS2ORD0046381,C015009,2026-01-03 07:00:00,Female,58,Bronze,Lazada,Bangkok,1133,CallCenter,COD,7,1,5,1,>50,37.766666666666666,8.0,2.0,0.25,21,1,7671.553749999999,0.23,0.75,0.125,0.0,7078.53,1,0,0.0,25868.46,2,1,0.5,36671.84,3,1,0.3333333333333333,61372.42999999999,8,2,0.25,0
LGS2ORD0046382,C014235,2026-01-03 07:00:00,Male,31,Silver,TV,Bangkok,686,Lazada,PromptPay,7,1,5,1,30-40,22.866666666666667,8.0,1.0,0.125,45,58,7460.0675,0.25,0.75,0.25,0.0,0.0,0,0,0.0,0.0,0,0,0.0,806.0,1,1,1.0,59680.54,8,1,0.125,1
LGS2ORD0046383,C016009,2026-01-03 08:00:00,Male,45,Bronze,TV,Chiang Mai,1762,Shopee,COD,8,1,5,1,40-50,58.733333333333334,7.0,0.0,0.0,-1,17,2964.0100000000007,0.23,0.5714285714285714,0.14285714285714285,0.0,0.0,0,0,0.0,3135.7799999999997,2,0,0.0,3135.7799999999997,2,0,0.0,20748.070000000003,7,0,0.0,0
LGS2ORD0046384,C011185,2026-01-03 08:00:00,Male,31,Gold,Shopee,Chiang Mai,1412,Lazada,COD,8,1,5,1,30-40,47.06666666666667,5.0,1.0,0.2,267,96,11914.942,0.13,0.6,0.0,0.0,0.0,0,0,0.0,0.0,0,0,0.0,0.0,0,0,0.0,59574.71,5,1,0.2,0
LGS2ORD0046385,C014603,2026-01-03 08:00:00,Male,46,Gold,TV,Chonburi,407,Web,COD,8,1,5,1,40-50,13.566666666666666,2.0,1.0,0.5,217,26,12522.12,0.18,0.0,0.0,0.0,0.0,0,0,0.0,8644.2,1,0,0.0,8644.2,1,0,0.0,25044.24,2,1,0.5,0
LGS2ORD0046386,C012120,2026-01-03 08:00:00,Female,38,Silver,Shopee,Bangkok,1435,Web,Credit_Card,8,1,5,1,30-40,47.833333333333336,7.0,1.0,0.14285714285714285,330,167,8120.672857142857,0.3,0.2857142857142857,0.42857142857142855,0.0,0.0,0,0,0.0,0.0,0,0,0.0,0.0,0,0,0.0,56844.71,7,1,0.14285714285714285,0
LGS2ORD0046387,C015264,2026-01-03 08:00:00,Male,61,Silver,TV,Chonburi,1091,Lazada,Credit_Card,8,1,5,1,>50,36.36666666666667,3.0,0.0,0.0,-1,61,4924.9800000000005,0.3,0.6666666666666666,0.3333333333333333,0.0,0.0,0,0,0.0,0.0,0,0,0.0,9566.84,1,0,0.0,14774.94,3,0,0.0,0
LGS2ORD0046388,C010455,2026-01-03 08:00:00,Male,48,Silver,Web,Khon Kaen,843,Web,COD,8,1,5,1,40-50,28.1,4.0,1.0,0.25,174,73,4574.9125,0.25,0.75,0.5,0.0,0.0,0,0,0.0,0.0,0,0,0.0,7816.05,1,0,0.0,18299.65,4,1,0.25,1
LGS2ORD0046389,C017853,2026-01-03 09:00:00,Female,53,Silver,Shopee,Chonburi,1247,CallCenter,Credit_Card,9,1,5,1,>50,41.56666666666667,3.0,0.0,0.0,-1,57,3579.9166666666665,0.25,0.3333333333333333,0.6666666666666666,0.0,0.0,0,0,0.0,0.0,0,0,0.0,6782.94,1,0,0.0,10739.75,3,0,0.0,0
LGS2ORD0046390,C014211,2026-01-03 09:00:00,Female,49,Bronze,Web,Bangkok,1762,Shopee,COD,9,1,5,1,40-50,58.733333333333334,3.0,0.0,0.0,-1,97,9535.47,0.28,1.0,0.3333333333333333,0.0,0.0,0,0,0.0,0.0,0,0,0.0,0.0,0,0,0.0,28606.41,3,0,0.0,0
LGS2ORD0046391,C011957,2026-01-03 09:00:00,Male,53,Gold,Web,Songkhla,766,TV_Show,Credit_Card,9,1,5,1,>50,25.533333333333335,7.0,4.0,0.5714285714285714,73,79,5534.975714285714,0.33,0.42857142857142855,0.2857142857142857,0.0,0.0,0,0,0.0,0.0,0,0,0.0,19404.19,1,1,1.0,38744.83,7,4,0.5714285714285714,0
LGS2ORD0046392,C010240,2026-01-03 09:00:00,Female,36,Bronze,Web,Nakhon Ratchasima,1761,Lazada,COD,9,1,5,1,30-40,58.7,3.0,0.0,0.0,-1,210,9431.066666666666,0.28,0.6666666666666666,0.6666666666666666,0.0,0.0,0,0,0.0,0.0,0,0,0.0,0.0,0,0,0.0,28293.199999999997,3,0,0.0,0
LGS2ORD0046393,C012392,2026-01-03 09:00:00,Female,44,Bronze,CallCenter,Songkhla,1257,Lazada,PromptPay,9,1,5,1,40-50,41.9,9.0,6.0,0.6666666666666666,3,13,2415.6188888888887,0.28,0.7777777777777778,0.3333333333333333,0.0,0.0,0,0,0.0,1344.04,1,1,1.0,6195.679999999999,3,3,1.0,21740.57,9,6,0.6666666666666666,0
LGS2ORD0046394,C017990,2026-01-03 10:00:00,Male,36,Bronze,Shopee,Bangkok,1760,Shopee,PromptPay,10,1,5,1,30-40,58.666666666666664,11.0,2.0,0.18181818181818182,49,55,5797.364545454547,0.28,0.7272727272727273,0.09090909090909091,0.0,0.0,0,0,0.0,0.0,0,0,0.0,5442.91,4,2,0.5,63771.01000000001,11,2,0.18181818181818182,0
LGS2ORD0046395,C010155,2026-01-03 10:00:00,Male,37,Bronze,Shopee,Bangkok,779,Shopee,COD,10,1,5,1,30-40,25.966666666666665,12.0,1.0,0.08333333333333333,17,20,2991.478333333333,0.28,0.5,0.16666666666666666,0.0,0.0,0,0,0.0,1862.13,1,1,1.0,9025.08,4,1,0.25,35897.74,12,1,0.08333333333333333,0
LGS2ORD0046396,C013171,2026-01-03 10:00:00,Female,45,Silver,Web,Chonburi,716,TV_Show,COD,10,1,5,1,40-50,23.866666666666667,4.0,0.0,0.0,-1,82,1671.4475000000002,0.2,0.25,0.0,0.0,0.0,0,0,0.0,0.0,0,0,0.0,1135.55,1,0,0.0,6685.790000000001,4,0,0.0,0
LGS2ORD0046397,C016121,2026-01-03 10:00:00,Male,43,Platinum,TV,Chonburi,1474,Lazada,Bank_Transfer,10,1,5,1,40-50,49.13333333333333,6.0,1.0,0.16666666666666666,300,52,4124.461666666666,0.35,0.5,0.16666666666666666,0.16666666666666666,0.0,0,0,0.0,0.0,0,0,0.0,13160.49,2,0,0.0,24746.769999999997,6,1,0.16666666666666666,0
LGS2ORD0046398,C012642,2026-01-03 10:00:00,Female,26,Silver,Web,Chiang Mai,1052,TV_Show,COD,10,1,5,1,20-30,35.06666666666667,5.0,1.0,0.2,282,175,4643.478,0.25,0.4,0.2,0.0,0.0,0,0,0.0,0.0,0,0,0.0,0.0,0,0,0.0,23217.39,5,1,0.2,0
LGS2ORD0046399,C017263,2026-01-03 11:00:00,Female,31,Silver,Shopee,Chonburi,1502,TV_Show,COD,11,1,5,1,30-40,50.06666666666667,5.0,0.0,0.0,-1,11,4534.003999999999,0.3,0.6,0.2,0.0,0.0,0,0,0.0,1679.12,1,0,0.0,1679.12,1,0,0.0,22670.019999999997,5,0,0.0,0
LGS2ORD0046400,C016262,2026-01-03 11:00:00,Male,51,Silver,CallCenter,Bangkok,565,Lazada,COD,11,1,5,1,>50,18.833333333333332,7.0,1.0,0.14285714285714285,166,65,8089.437142857144,0.25,0.5714285714285714,0.14285714285714285,0.0,0.0,0,0,0.0,0.0,0,0,0.0,10170.32,1,0,0.0,56626.060000000005,7,1,0.14285714285714285,0
LGS2ORD0046401,C014528,2026-01-03 11:00:00,Male,35,Bronze,Web,Bangkok,810,Shopee,PromptPay,11,1,5,1,30-40,27.0,3.0,0.0,0.0,-1,15,2671.7900000000004,0.18,0.6666666666666666,0.0,0.0,0.0,0,0,0.0,4259.51,1,0,0.0,4799.3,2,0,0.0,8015.370000000001,3,0,0.0,0
LGS2ORD0046402,C012865,2026-01-03 11:00:00,Female,33,Bronze,Shopee,Bangkok,1582,Web,Credit_Card,11,1,5,1,30-40,52.733333333333334,4.0,1.0,0.25,189,3,2705.3424999999997,0.28,0.5,0.5,0.0,2789.39,1,0,0.0,2789.39,1,0,0.0,2789.39,1,0,0.0,10821.369999999999,4,1,0.25,0
LGS2ORD0046403,C010613,2026-01-03 11:00:00,Male,47,Silver,Lazada,Remote_Area,1142,Lazada,COD,11,1,5,1,40-50,38.06666666666667,8.0,3.0,0.375,296,20,9071.95875,0.3,0.5,0.375,0.0,0.0,0,0,0.0,7775.93,1,0,0.0,7775.93,1,0,0.0,72575.67,8,3,0.375,0
LGS2ORD0046404,C017611,2026-01-03 12:00:00,Female,37,Gold,Lazada,Bangkok,493,TV_Show,COD,12,1,5,1,30-40,16.433333333333334,5.0,3.0,0.6,194,156,6094.226000000001,0.28,0.2,0.4,0.0,0.0,0,0,0.0,0.0,0,0,0.0,0.0,0,0,0.0,30471.13,5,3,0.6,0
LGS2ORD0046405,C010566,2026-01-03 12:00:00,Male,32,Bronze,TV,Chiang Mai,616,Shopee,COD,12,1,5,1,30-40,20.533333333333335,6.0,2.0,0.3333333333333333,5,15,6637.101666666666,0.18,0.6666666666666666,0.0,0.0,0.0,0,0,0.0,719.38,1,1,1.0,5428.2,3,1,0.3333333333333333,39822.60999999999,6,2,0.3333333333333333,0
LGS2ORD0046406,C011248,2026-01-03 12:00:00,Male,41,Gold,Web,Remote_Area,936,CallCenter,COD,12,1,5,1,40-50,31.2,4.0,1.0,0.25,36,2,3748.2225,0.28,0.5,0.5,0.0,5564.43,1,0,0.0,5564.43,1,0,0.0,9863.82,2,1,0.5,14992.89,4,1,0.25,0
LGS2ORD0046407,C010223,2026-01-03 12:00:00,Male,43,Bronze,TV,Remote_Area,1276,Shopee,COD,12,1,5,1,40-50,42.53333333333333,11.0,7.0,0.6363636363636364,21,3,9663.116363636365,0.23,0.7272727272727273,0.18181818181818182,0.0,3417.97,1,0,0.0,12974.49,2,0,0.0,27233.370000000003,3,1,0.3333333333333333,106294.28000000001,11,7,0.6363636363636364,0
LGS2ORD0046408,C011762,2026-01-03 12:00:00,Female,72,Bronze,Shopee,Songkhla,1418,TV_Show,COD,12,1,5,1,>50,47.266666666666666,9.0,4.0,0.4444444444444444,9,21,4190.173333333333,0.28,0.6666666666666666,0.4444444444444444,0.0,0.0,0,0,0.0,7307.95,1,1,1.0,11645.91,2,2,1.0,37711.56,9,4,0.4444444444444444,0
LGS2ORD0046409,C015161,2026-01-03 12:00:00,Male,51,Silver,TV,Phuket,859,Web,PromptPay,12,1,5,1,>50,28.633333333333333,5.0,3.0,0.6,69,84,1350.596,0.25,0.6,0.2,0.0,0.0,0,0,0.0,0.0,0,0,0.0,840.18,1,1,1.0,6752.9800000000005,5,3,0.6,1
LGS2ORD0046410,C015994,2026-01-03 13:00:00,Male,23,Bronze,Shopee,Khon Kaen,1815,Web,PromptPay,13,1,5,1,20-30,60.5,6.0,1.0,0.16666666666666666,110,3,6623.285,0.28,0.5,0.6666666666666666,0.0,4631.43,1,0,0.0,4631.43,1,0,0.0,27288.04,3,0,0.0,39739.71,6,1,0.16666666666666666,0
LGS2ORD0046411,C012093,2026-01-03 13:00:00,Female,53,Bronze,Lazada,Remote_Area,772,Lazada,COD,13,1,5,1,>50,25.733333333333334,9.0,3.0,0.3333333333333333,1,10,4154.457777777778,0.23,0.6666666666666666,0.2222222222222222,0.0,0.0,0,0,0.0,7344.93,2,1,0.5,7344.93,2,1,0.5,37390.119999999995,9,3,0.3333333333333333,1
LGS2ORD0046412,C015839,2026-01-03 13:00:00,Female,30,Silver,Shopee,Chiang Mai,633,Web,COD,13,1,5,1,20-30,21.1,5.0,0.0,0.0,-1,22,10143.638,0.25,0.6,0.2,0.0,0.0,0,0,0.0,3429.12,1,0,0.0,11788.669999999998,3,0,0.0,50718.19,5,0,0.0,0
LGS2ORD0046413,C012164,2026-01-03 13:00:00,Female,53,Silver,Shopee,Khon Kaen,797,Shopee,COD,13,1,5,1,>50,26.566666666666666,10.0,1.0,0.1,33,30,5040.314,0.3,0.5,0.3,0.0,0.0,0,0,0.0,0.0,0,0,0.0,40864.200000000004,5,1,0.2,50403.14,10,1,0.1,0
LGS2ORD0046414,C014443,2026-01-03 13:00:00,Male,47,Silver,TV,Remote_Area,1724,CallCenter,COD,13,1,5,1,40-50,57.46666666666667,12.0,4.0,0.3333333333333333,217,26,7583.788333333333,0.3,0.5833333333333334,0.5833333333333334,0.0,0.0,0,0,0.0,9172.08,1,0,0.0,9172.08,1,0,0.0,91005.45999999999,12,4,0.3333333333333333,0
LGS2ORD0046415,C015680,2026-01-03 14:00:00,Male,66,Bronze,Shopee,Remote_Area,1381,Shopee,COD,14,1,5,1,>50,46.03333333333333,12.0,3.0,0.25,29,39,5265.534166666666,0.28,0.75,0.3333333333333333,0.0,0.0,0,0,0.0,0.0,0,0,0.0,25795.24,4,1,0.25,63186.409999999996,12,3,0.25,0
LGS2ORD0046416,C016394,2026-01-03 14:00:00,Male,34,Silver,Web,Remote_Area,1366,Shopee,Bank_Transfer,14,1,5,1,30-40,45.53333333333333,9.0,3.0,0.3333333333333333,14,27,4068.1099999999997,0.3,0.4444444444444444,0.3333333333333333,0.0,0.0,0,0,0.0,5041.22,1,1,1.0,9624.29,2,2,1.0,36612.99,9,3,0.3333333333333333,0
LGS2ORD0046417,C017577,2026-01-03 14:00:00,Female,54,Bronze,Web,Remote_Area,748,Lazada,Credit_Card,14,1,5,1,>50,24.933333333333334,8.0,3.0,0.375,90,4,6254.998750000001,0.23,0.25,0.125,0.0,11148.34,1,0,0.0,15218.04,2,0,0.0,15218.04,2,0,0.0,50039.990000000005,8,3,0.375,0
LGS2ORD0046418,C015484,2026-01-03 14:00:00,Female,47,Silver,TV,Chonburi,1056,TV_Show,COD,14,1,5,1,40-50,35.2,12.0,3.0,0.25,72,9,2916.535,0.3,0.5833333333333334,0.25,0.0,0.0,0,0,0.0,15063.11,3,0,0.0,18504.32,5,1,0.2,34998.42,12,3,0.25,0
LGS2ORD0046419,C017928,2026-01-03 14:00:00,Male,38,Gold,Web,Chiang Mai,774,Shopee,COD,14,1,5,1,30-40,25.8,13.0,1.0,0.07692307692307693,328,52,5199.88846153846,0.33,0.6923076923076923,0.3076923076923077,0.0,0.0,0,0,0.0,0.0,0,0,0.0,13049.49,4,0,0.0,67598.54999999999,13,1,0.07692307692307693,0
LGS2ORD0046420,C013006,2026-01-03 15:00:00,Male,20,Bronze,CallCenter,Remote_Area,1054,Web,COD,15,1,5,1,<20,35.13333333333333,6.0,2.0,0.3333333333333333,97,87,4834.490000000001,0.28,0.6666666666666666,0.3333333333333333,0.0,0.0,0,0,0.0,0.0,0,0,0.0,2042.86,1,0,0.0,29006.940000000002,6,2,0.3333333333333333,1
LGS2ORD0046421,C012767,2026-01-03 15:00:00,Male,36,Gold,Web,Chiang Mai,1184,TV_Show,COD,15,1,5,1,30-40,39.46666666666667,3.0,1.0,0.3333333333333333,107,120,1959.7933333333333,0.28,0.6666666666666666,0.6666666666666666,0.0,0.0,0,0,0.0,0.0,0,0,0.0,0.0,0,0,0.0,5879.38,3,1,0.3333333333333333,0
LGS2ORD0046422,C012266,2026-01-03 15:00:00,Female,38,Silver,TV,Nakhon Ratchasima,1646,TV_Show,Bank_Transfer,15,1,5,1,30-40,54.86666666666667,6.0,2.0,0.3333333333333333,141,0,3931.971666666667,0.3,0.6666666666666666,0.3333333333333333,0.0,9698.14,1,0,0.0,9698.14,1,0,0.0,9698.14,1,0,0.0,23591.83,6,2,0.3333333333333333,0
LGS2ORD0046423,C012722,2026-01-03 15:00:00,Male,53,Gold,Shopee,Songkhla,1064,Web,COD,15,1,5,1,>50,35.46666666666667,7.0,3.0,0.42857142857142855,161,4,7252.6171428571415,0.28,0.42857142857142855,0.7142857142857143,0.0,31812.44,1,0,0.0,32019.19,2,0,0.0,37848.259999999995,3,0,0.0,50768.31999999999,7,3,0.42857142857142855,1
LGS2ORD0046424,C016471,2026-01-03 15:00:00,Female,28,Gold,Web,Bangkok,916,Lazada,COD,15,1,5,1,20-30,30.533333333333335,4.0,1.0,0.25,210,37,5728.277499999999,0.33,0.5,0.75,0.0,0.0,0,0,0.0,0.0,0,0,0.0,5250.21,1,0,0.0,22913.109999999997,4,1,0.25,1
LGS2ORD0046425,C012279,2026-01-03 16:00:00,Female,36,Silver,Web,Bangkok,593,Web,COD,16,1,5,1,30-40,19.766666666666666,4.0,0.0,0.0,-1,107,5881.8775000000005,0.3,1.0,0.25,0.0,0.0,0,0,0.0,0.0,0,0,0.0,0.0,0,0,0.0,23527.510000000002,4,0,0.0,0
LGS2ORD0046426,C013624,2026-01-03 16:00:00,Female,42,Bronze,CallCenter,Remote_Area,700,Lazada,COD,16,1,5,1,40-50,23.333333333333332,6.0,2.0,0.3333333333333333,285,106,2774.788333333334,0.23,0.6666666666666666,0.3333333333333333,0.16666666666666666,0.0,0,0,0.0,0.0,0,0,0.0,0.0,0,0,0.0,16648.730000000003,6,2,0.3333333333333333,0
LGS2ORD0046427,C017314,2026-01-03 16:00:00,Male,41,Bronze,Web,Remote_Area,1819,Web,PromptPay,16,1,5,1,40-50,60.63333333333333,10.0,3.0,0.3,40,9,2864.76,0.28,0.3,0.4,0.0,0.0,0,0,0.0,9886.6,2,0,0.0,14561.0,4,1,0.25,28647.600000000002,10,3,0.3,0
LGS2ORD0046428,C010838,2026-01-03 16:00:00,Female,28,Gold,TV,Remote_Area,1034,Shopee,COD,16,1,5,1,20-30,34.46666666666667,5.0,2.0,0.4,275,47,10770.285999999998,0.28,0.6,0.6,0.0,0.0,0,0,0.0,0.0,0,0,0.0,1418.0,1,0,0.0,53851.42999999999,5,2,0.4,1
LGS2ORD0046429,C014524,2026-01-03 16:00:00,Male,36,Silver,Shopee,Chiang Mai,1745,TV_Show,COD,16,1,5,1,30-40,58.166666666666664,5.0,1.0,0.2,119,104,3695.4799999999996,0.3,0.2,0.2,0.0,0.0,0,0,0.0,0.0,0,0,0.0,0.0,0,0,0.0,18477.399999999998,5,1,0.2,0
LGS2ORD0046430,C017196,2026-01-03 16:00:00,Male,45,Bronze,TV,Remote_Area,467,TV_Show,Bank_Transfer,16,1,5,1,40-50,15.566666666666666,7.0,3.0,0.42857142857142855,32,38,3996.0,0.23,0.42857142857142855,0.2857142857142857,0.0,0.0,0,0,0.0,0.0,0,0,0.0,1372.07,1,1,1.0,27972.0,7,3,0.42857142857142855,0
LGS2ORD0046431,C011071,2026-01-03 17:00:00,Female,36,Bronze,Web,Nakhon Ratchasima,1743,Shopee,COD,17,1,5,1,30-40,58.1,6.0,0.0,0.0,-1,43,3202.9466666666667,0.23,0.16666666666666666,0.3333333333333333,0.0,0.0,0,0,0.0,0.0,0,0,0.0,1993.39,1,0,0.0,19217.68,6,0,0.0,0
LGS2ORD0046432,C015870,2026-01-03 17:00:00,Male,28,Bronze,TV,Bangkok,1110,Lazada,COD,17,1,5,1,20-30,37.0,5.0,2.0,0.4,234,199,4502.886,0.28,0.4,0.6,0.0,0.0,0,0,0.0,0.0,0,0,0.0,0.0,0,0,0.0,22514.43,5,2,0.4,0
LGS2ORD0046433,C010726,2026-01-03 17:00:00,Female,33,Silver,TV,Nakhon Ratchasima,1735,Lazada,Credit_Card,17,1,5,1,30-40,57.833333333333336,9.0,3.0,0.3333333333333333,42,51,10326.28888888889,0.25,0.2222222222222222,0.2222222222222222,0.0,0.0,0,0,0.0,0.0,0,0,0.0,21519.65,2,1,0.5,92936.6,9,3,0.3333333333333333,0
LGS2ORD0046434,C016991,2026-01-03 17:00:00,Male,42,Bronze,TV,Remote_Area,736,Shopee,COD,17,1,5,1,40-50,24.533333333333335,5.0,2.0,0.4,58,71,10602.088,0.28,0.8,0.4,0.0,0.0,0,0,0.0,0.0,0,0,0.0,15446.21,1,1,1.0,53010.439999999995,5,2,0.4,1
LGS2ORD0046435,C015287,2026-01-03 17:00:00,Female,28,Silver,TV,Phuket,1246,TV_Show,Credit_Card,17,1,5,1,20-30,41.53333333333333,9.0,3.0,0.3333333333333333,54,60,8950.166666666666,0.2,0.4444444444444444,0.0,0.0,0.0,0,0,0.0,0.0,0,0,0.0,4660.07,1,1,1.0,80551.5,9,3,0.3333333333333333,0
LGS2ORD0046436,C015391,2026-01-03 18:00:00,Male,64,Gold,Web,Bangkok,571,Lazada,COD,18,1,5,1,>50,19.033333333333335,4.0,0.0,0.0,-1,223,4260.4125,0.28,0.25,0.5,0.0,0.0,0,0,0.0,0.0,0,0,0.0,0.0,0,0,0.0,17041.65,4,0,0.0,0
LGS2ORD0046437,C011562,2026-01-03 18:00:00,Female,47,Gold,TV,Bangkok,1676,Web,Bank_Transfer,18,1,5,1,40-50,55.86666666666667,7.0,1.0,0.14285714285714285,227,62,4732.847142857143,0.33,0.5714285714285714,0.42857142857142855,0.0,0.0,0,0,0.0,0.0,0,0,0.0,15522.66,2,0,0.0,33129.93,7,1,0.14285714285714285,0
LGS2ORD0046438,C016985,2026-01-03 18:00:00,Male,30,Bronze,TV,Phuket,1678,Shopee,COD,18,1,5,1,20-30,55.93333333333333,6.0,1.0,0.16666666666666666,124,35,5848.318333333333,0.23,0.5,0.16666666666666666,0.0,0.0,0,0,0.0,0.0,0,0,0.0,6550.36,1,0,0.0,35089.909999999996,6,1,0.16666666666666666,1
LGS2ORD0046439,C017148,2026-01-03 18:00:00,Female,48,Platinum,TV,Chonburi,1481,Shopee,Credit_Card,18,1,5,1,40-50,49.36666666666667,5.0,1.0,0.2,204,152,11781.715999999999,0.3,0.6,0.6,0.0,0.0,0,0,0.0,0.0,0,0,0.0,0.0,0,0,0.0,58908.579999999994,5,1,0.2,0
LGS2ORD0046440,C012668,2026-01-03 18:00:00,Female,53,Bronze,TV,Songkhla,554,Web,PromptPay,18,1,5,1,>50,18.466666666666665,10.0,2.0,0.2,19,2,3307.178,0.23,0.6,0.1,0.0,931.43,1,0,0.0,1926.9899999999998,2,1,0.5,8869.57,5,1,0.2,33071.78,10,2,0.2,0
LGS2ORD0046441,C015171,2026-01-03 19:00:00,Male,45,Bronze,TV,Bangkok,574,CallCenter,PromptPay,19,1,5,1,40-50,19.133333333333333,5.0,2.0,0.4,144,36,4795.0199999999995,0.23,0.6,0.2,0.0,0.0,0,0,0.0,0.0,0,0,0.0,18101.64,2,0,0.0,23975.1,5,2,0.4,1
LGS2ORD0046442,C010507,2026-01-03 19:00:00,Female,48,Gold,Web,Chonburi,1547,Lazada,Credit_Card,19,1,5,1,40-50,51.56666666666667,6.0,2.0,0.3333333333333333,249,11,3609.393333333334,0.2299999999999999,0.6666666666666666,0.3333333333333333,0.0,0.0,0,0,0.0,1934.74,1,0,0.0,1934.74,1,0,0.0,21656.360000000004,6,2,0.3333333333333333,0
LGS2ORD0046443,C014340,2026-01-03 19:00:00,Female,37,Bronze,TV,Chiang Mai,1707,TV_Show,COD,19,1,5,1,30-40,56.9,5.0,1.0,0.2,203,214,6815.537999999999,0.18,0.6,0.0,0.0,0.0,0,0,0.0,0.0,0,0,0.0,0.0,0,0,0.0,34077.689999999995,5,1,0.2,0
LGS2ORD0046444,C017554,2026-01-03 19:00:00,Male,33,Bronze,TV,Bangkok,577,CallCenter,Bank_Transfer,19,1,5,1,30-40,19.233333333333334,7.0,2.0,0.2857142857142857,23,2,6691.625714285714,0.23,1.0,0.14285714285714285,0.0,18229.92,1,0,0.0,28801.739999999998,2,1,0.5,28801.739999999998,2,1,0.5,46841.38,7,2,0.2857142857142857,0
LGS2ORD0046445,C017969,2026-01-03 19:00:00,Male,50,Silver,TV,Remote_Area,1415,TV_Show,COD,19,1,5,1,40-50,47.166666666666664,5.0,2.0,0.4,19,29,3796.0879999999997,0.3,0.6,0.4,0.0,0.0,0,0,0.0,628.7,1,1,1.0,15760.26,3,2,0.6666666666666666,18980.44,5,2,0.4,0
LGS2ORD0046446,C017596,2026-01-03 20:00:00,Female,32,Bronze,Shopee,Chonburi,1299,Web,Bank_Transfer,20,1,5,1,30-40,43.3,7.0,2.0,0.2857142857142857,73,17,5712.102857142857,0.23,0.2857142857142857,0.42857142857142855,0.0,0.0,0,0,0.0,11873.68,1,0,0.0,19788.47,3,1,0.3333333333333333,39984.72,7,2,0.2857142857142857,1
LGS2ORD0046447,C015682,2026-01-03 20:00:00,Male,33,Silver,Shopee,Songkhla,1053,CallCenter,Credit_Card,20,1,5,1,30-40,35.1,9.0,2.0,0.2222222222222222,35,10,4442.984444444444,0.3,0.4444444444444444,0.3333333333333333,0.0,0.0,0,0,0.0,4049.82,1,0,0.0,12047.24,4,1,0.25,39986.86,9,2,0.2222222222222222,1
LGS2ORD0046448,C014448,2026-01-03 20:00:00,Male,67,Bronze,TV,Bangkok,1247,Web,PromptPay,20,1,5,1,>50,41.56666666666667,4.0,2.0,0.5,19,28,10151.7425,0.23,0.5,0.5,0.0,0.0,0,0,0.0,13527.02,1,1,1.0,13527.02,1,1,1.0,40606.97,4,2,0.5,0
LGS2ORD0046449,C010943,2026-01-03 20:00:00,Male,34,Platinum,Lazada,Chiang Mai,506,Lazada,Bank_Transfer,20,1,5,1,30-40,16.866666666666667,4.0,0.0,0.0,-1,95,2091.14,0.3,0.5,0.75,0.0,0.0,0,0,0.0,0.0,0,0,0.0,0.0,0,0,0.0,8364.56,4,0,0.0,1
LGS2ORD0046450,C010033,2026-01-03 20:00:00,Female,50,Silver,Shopee,Khon Kaen,1568,CallCenter,Credit_Card,20,1,5,1,40-50,52.266666666666666,10.0,2.0,0.2,30,15,4052.363,0.25,0.5,0.2,0.0,0.0,0,0,0.0,1999.21,2,0,0.0,19134.57,5,1,0.2,40523.63,10,2,0.2,0
LGS2ORD0046451,C010565,2026-01-03 20:00:00,Female,48,Silver,TV,Bangkok,1494,TV_Show,COD,20,1,5,1,40-50,49.8,1.0,1.0,1.0,77,82,2285.23,0.1,0.0,0.0,0.0,0.0,0,0,0.0,0.0,0,0,0.0,2285.23,1,1,1.0,2285.23,1,1,1.0,0
LGS2ORD0046452,C011695,2026-01-03 21:00:00,Female,49,Platinum,TV,Chiang Mai,1369,TV_Show,Bank_Transfer,21,1,5,1,40-50,45.63333333333333,4.0,2.0,0.5,92,53,1706.945,0.25,0.5,0.25,0.0,0.0,0,0,0.0,0.0,0,0,0.0,1446.5,1,0,0.0,6827.78,4,2,0.5,0
LGS2ORD0046453,C010159,2026-01-03 21:00:00,Male,18,Silver,TV,Bangkok,930,Shopee,COD,21,1,5,1,<20,31.0,5.0,0.0,0.0,-1,4,2626.3779999999997,0.2,0.2,0.0,0.0,1581.91,1,0,0.0,1769.39,2,0,0.0,3038.2700000000004,3,0,0.0,8337.92,4,0,0.0,0
LGS2ORD0046454,C012487,2026-01-03 21:00:00,Female,41,Silver,Web,Chonburi,585,Shopee,COD,21,1,5,1,40-50,19.5,7.0,0.0,0.0,-1,76,5480.967142857143,0.3,0.42857142857142855,0.14285714285714285,0.0,0.0,0,0,0.0,0.0,0,0,0.0,19136.17,1,0,0.0,38366.77,7,0,0.0,1
LGS2ORD0046455,C012819,2026-01-03 21:00:00,Male,41,Bronze,Shopee,Remote_Area,1099,TV_Show,COD,21,1,5,1,40-50,36.63333333333333,6.0,2.0,0.3333333333333333,12,25,6539.281666666667,0.18,0.6666666666666666,0.0,0.0,0.0,0,0,0.0,6795.53,1,1,1.0,10354.47,2,1,0.5,39235.69,6,2,0.3333333333333333,0
LGS2ORD0046456,C012123,2026-01-03 21:00:00,Female,22,Silver,TV,Khon Kaen,1418,Lazada,COD,21,1,5,1,20-30,47.266666666666666,10.0,1.0,0.1,353,104,4658.343999999999,0.2,0.5,0.0,0.0,0.0,0,0,0.0,0.0,0,0,0.0,0.0,0,0,0.0,45865.369999999995,9,0,0.0,0
LGS2ORD0046457,C013634,2026-01-03 22:00:00,Female,50,Gold,Shopee,Nakhon Ratchasima,886,Lazada,PromptPay,22,1,5,1,40-50,29.533333333333335,5.0,1.0,0.2,300,89,3242.524,0.28,0.6,0.4,0.0,0.0,0,0,0.0,0.0,0,0,0.0,3631.41,1,0,0.0,16212.619999999999,5,1,0.2,0
LGS2ORD0046458,C012634,2026-01-03 22:00:00,Male,26,Bronze,CallCenter,Chiang Mai,1153,Shopee,COD,22,1,5,1,20-30,38.43333333333333,10.0,3.0,0.3,-5,6,4160.551,0.23,0.4,0.2,0.0,2957.62,1,1,1.0,2957.62,1,1,1.0,3714.7599999999998,2,2,1.0,41605.51,10,3,0.3,0
LGS2ORD0046459,C012569,2026-01-03 22:00:00,Male,64,Bronze,TV,Khon Kaen,622,Shopee,COD,22,1,5,1,>50,20.733333333333334,4.0,0.0,0.0,-1,143,10725.195,0.18,0.25,0.0,0.0,0.0,0,0,0.0,0.0,0,0,0.0,0.0,0,0,0.0,42900.78,4,0,0.0,1
LGS2ORD0046460,C011532,2026-01-03 22:00:00,Male,56,Bronze,Web,Phuket,1534,Shopee,Credit_Card,22,1,5,1,>50,51.13333333333333,10.0,2.0,0.2,60,72,5242.4890000000005,0.23,0.9,0.2,0.0,0.0,0,0,0.0,0.0,0,0,0.0,11272.44,3,2,0.6666666666666666,52424.89000000001,10,2,0.2,0
LGS2ORD0046461,C015764,2026-01-03 22:00:00,Other,35,Bronze,TV,Phuket,759,TV_Show,COD,22,1,5,1,30-40,25.3,4.0,2.0,0.5,51,56,2401.3025,0.28,0.75,0.25,0.0,0.0,0,0,0.0,0.0,0,0,0.0,404.59,1,1,1.0,9605.21,4,2,0.5,1
LGS2ORD0046462,C014331,2026-01-03 23:00:00,Male,22,Bronze,Web,Bangkok,1092,Shopee,Credit_Card,23,1,5,1,20-30,36.4,2.0,0.0,0.0,-1,15,19380.22,0.03,1.0,0.0,0.0,0.0,0,0,0.0,6113.99,1,0,0.0,6113.99,1,0,0.0,38760.44,2,0,0.0,0
LGS2ORD0046463,C016206,2026-01-03 23:00:00,Female,67,Bronze,Web,Chonburi,1088,TV_Show,Bank_Transfer,23,1,5,1,>50,36.266666666666666,0.0,0.0,0.0,-1,-1,0.0,0.0,0.0,0.0,0.0,0.0,0,0,0.0,0.0,0,0,0.0,0.0,0,0,0.0,0.0,0,0,0.0,0
LGS2ORD0046464,C015865,2026-01-03 23:00:00,Female,57,Gold,Shopee,Nakhon Ratchasima,1330,TV_Show,COD,23,1,5,1,>50,44.333333333333336,10.0,3.0,0.3,124,50,9554.144,0.33,0.2,0.6,0.0,0.0,0,0,0.0,0.0,0,0,0.0,18069.97,2,0,0.0,95541.44,10,3,0.3,0
LGS2ORD0046465,C016955,2026-01-03 23:00:00,Female,43,Bronze,TV,Chiang Mai,662,Lazada,PromptPay,23,1,5,1,40-50,22.066666666666666,7.0,1.0,0.14285714285714285,25,4,6510.55,0.23,0.7142857142857143,0.14285714285714285,0.0,4255.05,1,0,0.0,4255.05,1,0,0.0,11447.64,3,1,0.3333333333333333,45573.85,7,1,0.14285714285714285,0
LGS2ORD0046466,C016772,2026-01-03 23:00:00,Male,70,Silver,Lazada,Phuket,791,Lazada,Bank_Transfer,23,1,5,1,>50,26.366666666666667,6.0,2.0,0.3333333333333333,229,82,5647.366666666666,0.25,0.0,0.3333333333333333,0.0,0.0,0,0,0.0,0.0,0,0,0.0,9917.64,1,0,0.0,33884.2,6,2,0.3333333333333333,0
LGS2ORD0046467,C015533,2026-01-04 00:00:00,Female,22,Silver,CallCenter,Bangkok,1289,Lazada,Bank_Transfer,0,1,6,1,20-30,42.96666666666667,6.0,1.0,0.16666666666666666,88,94,2749.0650000000005,0.25,0.5,0.5,0.0,0.0,0,0,0.0,0.0,0,0,0.0,0.0,0,0,0.0,16494.390000000003,6,1,0.16666666666666666,0
LGS2ORD0046468,C010914,2026-01-04 00:00:00,Female,36,Silver,Shopee,Khon Kaen,477,Shopee,Bank_Transfer,0,1,6,1,30-40,15.9,7.0,2.0,0.2857142857142857,177,25,5881.285714285715,0.25,0.5714285714285714,0.2857142857142857,0.14285714285714285,0.0,0,0,0.0,10975.5,1,0,0.0,18169.28,2,0,0.0,41169.0,7,2,0.2857142857142857,0
LGS2ORD0046469,C012821,2026-01-04 00:00:00,Female,18,Bronze,CallCenter,Chonburi,947,Shopee,PromptPay,0,1,6,1,<20,31.566666666666666,4.0,0.0,0.0,-1,86,7754.3949999999995,0.23,0.5,0.25,0.0,0.0,0,0,0.0,0.0,0,0,0.0,2421.59,1,0,0.0,31017.579999999998,4,0,0.0,0
LGS2ORD0046470,C011713,2026-01-04 00:00:00,Male,57,Platinum,Shopee,Khon Kaen,931,Lazada,Credit_Card,0,1,6,1,>50,31.033333333333335,12.0,4.0,0.3333333333333333,209,76,6809.921666666668,0.25,0.5833333333333334,0.3333333333333333,0.0,0.0,0,0,0.0,0.0,0,0,0.0,2099.52,1,0,0.0,81719.06000000001,12,4,0.3333333333333333,0
LGS2ORD0046471,C017654,2026-01-04 00:00:00,Female,44,Bronze,TV,Bangkok,755,Shopee,COD,0,1,6,1,40-50,25.166666666666668,6.0,4.0,0.6666666666666666,7,19,3040.3333333333335,0.23,0.8333333333333334,0.3333333333333333,0.0,0.0,0,0,0.0,2487.17,2,1,0.5,10079.060000000001,4,3,0.75,18242.0,6,4,0.6666666666666666,0
LGS2ORD0046472,C017338,2026-01-04 00:00:00,Female,51,Bronze,Shopee,Nakhon Ratchasima,905,Lazada,COD,0,1,6,1,>50,30.166666666666668,3.0,1.0,0.3333333333333333,37,51,5190.073333333333,0.28,0.3333333333333333,0.6666666666666666,0.0,0.0,0,0,0.0,0.0,0,0,0.0,15570.22,3,1,0.3333333333333333,15570.22,3,1,0.3333333333333333,0
LGS2ORD0046473,C016629,2026-01-04 01:00:00,Male,29,Gold,Web,Bangkok,847,Lazada,Credit_Card,1,1,6,1,20-30,28.233333333333334,9.0,1.0,0.1111111111111111,293,29,11082.294444444444,0.2299999999999999,0.4444444444444444,0.1111111111111111,0.0,0.0,0,0,0.0,14425.19,1,0,0.0,17644.55,2,0,0.0,93534.56,8,1,0.125,0
LGS2ORD0046474,C017682,2026-01-04 01:00:00,Male,33,Platinum,TV,Chiang Mai,1411,Shopee,COD,1,1,6,1,30-40,47.03333333333333,7.0,0.0,0.0,-1,48,5603.628571428571,0.3,0.2857142857142857,0.42857142857142855,0.0,0.0,0,0,0.0,0.0,0,0,0.0,33078.73,3,0,0.0,39225.4,7,0,0.0,0
LGS2ORD0046475,C014199,2026-01-04 01:00:00,Other,58,Silver,TV,Khon Kaen,456,Lazada,Credit_Card,1,1,6,1,>50,15.2,7.0,0.0,0.0,-1,14,3547.5142857142855,0.25,0.2857142857142857,0.14285714285714285,0.0,0.0,0,0,0.0,5127.3,1,0,0.0,11509.82,3,0,0.0,24832.6,7,0,0.0,0
LGS2ORD0046476,C010700,2026-01-04 01:00:00,Male,32,Bronze,CallCenter,Chiang Mai,841,Shopee,COD,1,1,6,1,30-40,28.033333333333335,8.0,2.0,0.25,140,1,7019.265,0.23,0.625,0.25,0.0,7952.94,1,0,0.0,7952.94,1,0,0.0,18451.94,2,0,0.0,56154.12,8,2,0.25,0
LGS2ORD0046477,C015479,2026-01-04 01:00:00,Female,47,Gold,Web,Nakhon Ratchasima,916,Web,Bank_Transfer,1,1,6,1,40-50,30.533333333333335,3.0,0.0,0.0,-1,16,10491.460000000001,0.2299999999999999,0.6666666666666666,0.3333333333333333,0.0,0.0,0,0,0.0,26982.74,1,0,0.0,26982.74,1,0,0.0,31474.38,3,0,0.0,0
LGS2ORD0046478,C011431,2026-01-04 02:00:00,Male,18,Gold,Lazada,Bangkok,880,TV_Show,COD,2,1,6,1,<20,29.333333333333332,3.0,1.0,0.3333333333333333,106,115,8763.35,0.2299999999999999,0.6666666666666666,1.0,0.0,0.0,0,0,0.0,0.0,0,0,0.0,0.0,0,0,0.0,26290.05,3,1,0.3333333333333333,1
LGS2ORD0046479,C012342,2026-01-04 02:00:00,Other,43,Platinum,Lazada,Bangkok,1516,TV_Show,Credit_Card,2,1,6,1,40-50,50.53333333333333,8.0,1.0,0.125,83,99,9359.30375,0.35,0.5,0.375,0.0,0.0,0,0,0.0,0.0,0,0,0.0,0.0,0,0,0.0,74874.43,8,1,0.125,0
LGS2ORD0046480,C014773,2026-01-04 02:00:00,Female,49,Bronze,Shopee,Bangkok,1650,CallCenter,PromptPay,2,1,6,1,40-50,55.0,5.0,0.0,0.0,-1,15,7439.552000000001,0.08,0.4,0.0,0.0,0.0,0,0,0.0,18911.25,2,0,0.0,18911.25,2,0,0.0,37197.76,5,0,0.0,1
LGS2ORD0046481,C014703,2026-01-04 02:00:00,Female,41,Silver,TV,Nakhon Ratchasima,1800,Web,COD,2,1,6,1,40-50,60.0,10.0,2.0,0.2,57,12,6058.618,0.3,0.4,0.1,0.0,0.0,0,0,0.0,19634.730000000003,2,0,0.0,23342.08,3,1,0.3333333333333333,60586.18,10,2,0.2,0
LGS2ORD0046482,C015354,2026-01-04 02:00:00,Female,34,Bronze,Lazada,Phuket,1221,Shopee,COD,2,1,6,1,30-40,40.7,2.0,0.0,0.0,-1,38,707.285,0.18,0.5,0.0,0.0,0.0,0,0,0.0,0.0,0,0,0.0,370.77,1,0,0.0,1414.57,2,0,0.0,0
LGS2ORD0046483,C015831,2026-01-04 03:00:00,Male,49,Bronze,Shopee,Bangkok,944,TV_Show,COD,3,1,6,1,40-50,31.466666666666665,11.0,2.0,0.18181818181818182,104,64,9184.346363636363,0.18,0.7272727272727273,0.0,0.0,0.0,0,0,0.0,0.0,0,0,0.0,22139.69,2,0,0.0,94428.82999999999,10,2,0.2,1
LGS2ORD0046484,C011473,2026-01-04 03:00:00,Female,43,Bronze,Lazada,Songkhla,1433,CallCenter,Bank_Transfer,3,1,6,1,40-50,47.766666666666666,3.0,0.0,0.0,-1,39,6599.599999999999,0.18,0.6666666666666666,0.0,0.0,0.0,0,0,0.0,0.0,0,0,0.0,13954.99,2,0,0.0,19798.8,3,0,0.0,0
LGS2ORD0046485,C017668,2026-01-04 03:00:00,Male,55,Bronze,Shopee,Remote_Area,700,Shopee,Credit_Card,3,1,6,1,>50,23.333333333333332,5.0,0.0,0.0,-1,90,1888.016,0.28,0.6,0.4,0.0,0.0,0,0,0.0,0.0,0,0,0.0,0.0,0,0,0.0,9440.08,5,0,0.0,1
LGS2ORD0046486,C017561,2026-01-04 03:00:00,Female,24,Gold,TV,Phuket,1018,Lazada,COD,3,1,6,1,20-30,33.93333333333333,6.0,3.0,0.5,4,10,8853.574999999999,0.28,0.3333333333333333,0.6666666666666666,0.0,0.0,0,0,0.0,21594.24,1,1,1.0,27905.210000000003,2,1,0.5,53121.45,6,3,0.5,0
LGS2ORD0046487,C016133,2026-01-04 03:00:00,Female,40,Gold,Lazada,Khon Kaen,733,TV_Show,COD,3,1,6,1,30-40,24.433333333333334,5.0,1.0,0.2,42,50,4720.018,0.2299999999999999,0.0,0.2,0.0,0.0,0,0,0.0,0.0,0,0,0.0,8148.92,1,1,1.0,23600.09,5,1,0.2,0
LGS2ORD0046488,C013408,2026-01-04 03:00:00,Male,58,Bronze,TV,Songkhla,1577,CallCenter,Credit_Card,3,1,6,1,>50,52.56666666666667,7.0,1.0,0.14285714285714285,304,123,4197.837142857143,0.28,0.2857142857142857,0.2857142857142857,0.0,0.0,0,0,0.0,0.0,0,0,0.0,0.0,0,0,0.0,29384.86,7,1,0.14285714285714285,0
LGS2ORD0046489,C012964,2026-01-04 04:00:00,Female,50,Gold,Web,Bangkok,521,CallCenter,COD,4,1,6,1,40-50,17.366666666666667,5.0,1.0,0.2,222,128,7579.952,0.28,0.4,0.6,0.0,0.0,0,0,0.0,0.0,0,0,0.0,0.0,0,0,0.0,37899.76,5,1,0.2,0
LGS2ORD0046490,C014438,2026-01-04 04:00:00,Female,34,Silver,Shopee,Chonburi,1680,Lazada,Credit_Card,4,1,6,1,30-40,56.0,8.0,1.0,0.125,147,10,7964.671249999999,0.3,0.5,0.5,0.0,0.0,0,0,0.0,23278.339999999997,2,0,0.0,23278.339999999997,2,0,0.0,63717.369999999995,8,1,0.125,1
LGS2ORD0046491,C013129,2026-01-04 04:00:00,Male,32,Bronze,TV,Remote_Area,915,Lazada,Credit_Card,4,1,6,1,30-40,30.5,9.0,1.0,0.1111111111111111,181,5,6639.085555555556,0.28,0.7777777777777778,0.4444444444444444,0.0,1907.36,1,0,0.0,1907.36,1,0,0.0,13875.29,2,0,0.0,59751.770000000004,9,1,0.1111111111111111,0
LGS2ORD0046492,C014069,2026-01-04 04:00:00,Female,55,Silver,Web,Bangkok,1823,TV_Show,COD,4,1,6,1,>50,60.766666666666666,9.0,2.0,0.2222222222222222,42,19,2923.147777777778,0.3,0.6666666666666666,0.5555555555555556,0.0,0.0,0,0,0.0,12206.5,2,0,0.0,16777.27,5,1,0.2,26308.33,9,2,0.2222222222222222,0
LGS2ORD0046493,C014326,2026-01-04 04:00:00,Female,39,Bronze,TV,Phuket,1665,Shopee,COD,4,1,6,1,30-40,55.5,8.0,4.0,0.5,-2,3,4711.01375,0.28,0.625,0.375,0.0,2015.61,1,0,0.0,21082.46,4,2,0.5,21875.309999999998,5,3,0.6,37688.11,8,4,0.5,0
LGS2ORD0046494,C017173,2026-01-04 05:00:00,Female,52,Gold,Web,Chonburi,420,Web,Credit_Card,5,1,6,1,>50,14.0,1.0,0.0,0.0,-1,90,2329.14,0.13,1.0,0.0,0.0,0.0,0,0,0.0,0.0,0,0,0.0,0.0,0,0,0.0,2329.14,1,0,0.0,0
LGS2ORD0046495,C012698,2026-01-04 05:00:00,Male,38,Gold,Web,Bangkok,466,Lazada,PromptPay,5,1,6,1,30-40,15.533333333333333,2.0,0.0,0.0,-1,30,2762.82,0.33,0.5,1.0,0.0,0.0,0,0,0.0,0.0,0,0,0.0,4764.39,1,0,0.0,5525.64,2,0,0.0,0
LGS2ORD0046496,C010983,2026-01-04 05:00:00,Female,33,Silver,TV,Bangkok,1121,Web,Bank_Transfer,5,1,6,1,30-40,37.36666666666667,1.0,0.0,0.0,-1,215,2011.26,0.3,0.0,1.0,0.0,0.0,0,0,0.0,0.0,0,0,0.0,0.0,0,0,0.0,2011.26,1,0,0.0,0
LGS2ORD0046497,C014968,2026-01-04 05:00:00,Male,24,Silver,Shopee,Chonburi,1102,TV_Show,PromptPay,5,1,6,1,20-30,36.733333333333334,6.0,1.0,0.16666666666666666,31,22,4136.929999999999,0.25,0.5,0.3333333333333333,0.0,0.0,0,0,0.0,1198.76,1,0,0.0,8122.35,2,1,0.5,24821.579999999998,6,1,0.16666666666666666,1
LGS2ORD0046498,C017559,2026-01-04 05:00:00,Female,37,Gold,Web,Bangkok,450,Shopee,COD,5,1,6,1,30-40,15.0,6.0,3.0,0.5,11,25,9118.528333333334,0.33,0.6666666666666666,0.3333333333333333,0.0,0.0,0,0,0.0,3116.11,1,1,1.0,3116.11,1,1,1.0,54711.17,6,3,0.5,0
LGS2ORD0046499,C010065,2026-01-04 06:00:00,Male,38,Bronze,CallCenter,Khon Kaen,1826,TV_Show,COD,6,1,6,1,30-40,60.86666666666667,12.0,0.0,0.0,-1,59,2948.923333333334,0.28,0.4166666666666667,0.3333333333333333,0.0,0.0,0,0,0.0,0.0,0,0,0.0,8585.67,3,0,0.0,33510.670000000006,11,0,0.0,0
LGS2ORD0046500,C011142,2026-01-04 06:00:00,Male,32,Gold,CallCenter,Bangkok,632,Shopee,COD,6,1,6,1,30-40,21.066666666666666,4.0,0.0,0.0,-1,182,6659.795000000001,0.33,0.25,0.25,0.0,0.0,0,0,0.0,0.0,0,0,0.0,0.0,0,0,0.0,26639.180000000004,4,0,0.0,0
LGS2ORD0046501,C017391,2026-01-04 06:00:00,Male,61,Platinum,Web,Bangkok,827,Web,PromptPay,6,1,6,1,>50,27.566666666666666,1.0,0.0,0.0,-1,38,1059.47,0.2,0.0,0.0,0.0,0.0,0,0,0.0,0.0,0,0,0.0,1059.47,1,0,0.0,1059.47,1,0,0.0,0
LGS2ORD0046502,C012258,2026-01-04 06:00:00,Male,41,Bronze,Shopee,Songkhla,1254,CallCenter,COD,6,1,6,1,40-50,41.8,6.0,4.0,0.6666666666666666,133,145,8149.165,0.23,0.6666666666666666,0.16666666666666666,0.0,0.0,0,0,0.0,0.0,0,0,0.0,0.0,0,0,0.0,48894.99,6,4,0.6666666666666666,0
LGS2ORD0046503,C012542,2026-01-04 06:00:00,Male,52,Gold,Web,Bangkok,1815,TV_Show,PromptPay,6,1,6,1,>50,60.5,1.0,0.0,0.0,-1,200,2474.96,0.08,0.0,0.0,0.0,0.0,0,0,0.0,0.0,0,0,0.0,0.0,0,0,0.0,2474.96,1,0,0.0,0
LGS2ORD0046504,C010409,2026-01-04 07:00:00,Female,57,Platinum,Web,Chiang Mai,1553,Shopee,Bank_Transfer,7,1,6,1,>50,51.766666666666666,1.0,0.0,0.0,-1,286,915.42,0.15,1.0,0.0,0.0,0.0,0,0,0.0,0.0,0,0,0.0,0.0,0,0,0.0,915.42,1,0,0.0,0
LGS2ORD0046505,C012962,2026-01-04 07:00:00,Male,35,Gold,Web,Khon Kaen,1179,Web,PromptPay,7,1,6,1,30-40,39.3,11.0,2.0,0.18181818181818182,230,4,6053.642727272727,0.28,0.36363636363636365,0.36363636363636365,0.0,915.29,1,0,0.0,11803.119999999999,3,0,0.0,18844.3,6,0,0.0,66590.06999999999,11,2,0.18181818181818182,0
LGS2ORD0046506,C012670,2026-01-04 07:00:00,Male,34,Bronze,TV,Chonburi,568,TV_Show,COD,7,1,6,1,30-40,18.933333333333334,7.0,3.0,0.42857142857142855,-4,9,3138.1899999999996,0.28,0.7142857142857143,0.2857142857142857,0.0,0.0,0,0,0.0,2212.21,1,1,1.0,2212.21,1,1,1.0,21967.329999999998,7,3,0.42857142857142855,1
LGS2ORD0046507,C016323,2026-01-04 07:00:00,Female,39,Silver,CallCenter,Remote_Area,1428,CallCenter,Credit_Card,7,1,6,1,30-40,47.6,6.0,2.0,0.3333333333333333,121,57,4163.295,0.3,0.3333333333333333,0.3333333333333333,0.0,0.0,0,0,0.0,0.0,0,0,0.0,10420.27,3,0,0.0,24979.77,6,2,0.3333333333333333,1
LGS2ORD0046508,C014095,2026-01-04 07:00:00,Female,21,Silver,Web,Chiang Mai,1459,TV_Show,COD,7,1,6,1,20-30,48.63333333333333,2.0,0.0,0.0,-1,13,4157.71,0.25,0.0,0.5,0.0,0.0,0,0,0.0,1728.48,1,0,0.0,1728.48,1,0,0.0,8315.42,2,0,0.0,1
LGS2ORD0046509,C011152,2026-01-04 07:00:00,Female,18,Silver,Web,Bangkok,615,Shopee,PromptPay,7,1,6,1,<20,20.5,6.0,0.0,0.0,-1,38,3964.475,0.3,0.0,0.16666666666666666,0.0,0.0,0,0,0.0,0.0,0,0,0.0,3733.45,1,0,0.0,22193.09,5,0,0.0,1
LGS2ORD0046510,C015405,2026-01-04 08:00:00,Female,46,Platinum,Lazada,Bangkok,1344,Web,PromptPay,8,1,6,1,40-50,44.8,5.0,1.0,0.2,52,63,2077.178,0.35,0.8,0.8,0.0,0.0,0,0,0.0,0.0,0,0,0.0,2902.12,3,1,0.3333333333333333,10385.89,5,1,0.2,0
LGS2ORD0046511,C016334,2026-01-04 08:00:00,Male,41,Gold,Shopee,Khon Kaen,424,Web,Credit_Card,8,1,6,1,40-50,14.133333333333333,3.0,1.0,0.3333333333333333,354,99,9768.443333333335,0.28,0.6666666666666666,0.3333333333333333,0.0,0.0,0,0,0.0,0.0,0,0,0.0,0.0,0,0,0.0,29305.33,3,1,0.3333333333333333,0
LGS2ORD0046512,C012107,2026-01-04 08:00:00,Female,47,Silver,TV,Remote_Area,1064,TV_Show,Credit_Card,8,1,6,1,40-50,35.46666666666667,10.0,6.0,0.6,11,21,5801.993,0.2,0.7,0.0,0.0,0.0,0,0,0.0,1129.4,1,1,1.0,20853.510000000002,5,3,0.6,58019.93,10,6,0.6,0
LGS2ORD0046513,C014553,2026-01-04 08:00:00,Male,54,Silver,TV,Bangkok,1483,Shopee,COD,8,1,6,1,>50,49.43333333333333,3.0,1.0,0.3333333333333333,167,135,3858.236666666666,0.25,0.0,0.3333333333333333,0.0,0.0,0,0,0.0,0.0,0,0,0.0,0.0,0,0,0.0,11574.71,3,1,0.3333333333333333,0
LGS2ORD0046514,C012166,2026-01-04 08:00:00,Female,64,Bronze,TV,Remote_Area,1606,Lazada,PromptPay,8,1,6,1,>50,53.53333333333333,8.0,3.0,0.375,184,21,5909.09375,0.23,0.625,0.125,0.0,0.0,0,0,0.0,1392.82,1,0,0.0,6086.3099999999995,2,0,0.0,47272.75,8,3,0.375,0
LGS2ORD0046515,C014233,2026-01-04 09:00:00,Female,41,Gold,TV,Bangkok,1376,Shopee,PromptPay,9,1,6,1,40-50,45.86666666666667,9.0,2.0,0.2222222222222222,115,5,6374.232222222223,0.28,0.4444444444444444,0.4444444444444444,0.0,429.08,1,0,0.0,32018.13,2,0,0.0,40821.770000000004,5,0,0.0,57368.090000000004,9,2,0.2222222222222222,0
LGS2ORD0046516,C011402,2026-01-04 09:00:00,Male,39,Platinum,Shopee,Bangkok,765,CallCenter,COD,9,1,6,1,30-40,25.5,3.0,0.0,0.0,-1,100,15533.416666666666,0.25,0.3333333333333333,0.3333333333333333,0.0,0.0,0,0,0.0,0.0,0,0,0.0,0.0,0,0,0.0,46600.25,3,0,0.0,0
LGS2ORD0046517,C011667,2026-01-04 09:00:00,Male,41,Bronze,Shopee,Remote_Area,726,Web,PromptPay,9,1,6,1,40-50,24.2,10.0,5.0,0.5,21,1,5910.611999999999,0.28,0.7,0.4,0.0,4720.53,1,0,0.0,4720.53,1,0,0.0,16513.81,2,1,0.5,59106.119999999995,10,5,0.5,1
LGS2ORD0046518,C017148,2026-01-04 09:00:00,Female,48,Platinum,TV,Chonburi,1482,Lazada,Credit_Card,9,1,6,1,40-50,49.4,6.0,1.0,0.16666666666666666,204,0,10960.431666666665,0.3,0.5,0.6666666666666666,0.0,6854.01,1,0,0.0,6854.01,1,0,0.0,6854.01,1,0,0.0,65762.59,6,1,0.16666666666666666,0
LGS2ORD0046519,C014720,2026-01-04 09:00:00,Male,35,Bronze,Shopee,Chonburi,1348,TV_Show,COD,9,1,6,1,30-40,44.93333333333333,6.0,0.0,0.0,-1,42,5260.605,0.18,0.6666666666666666,0.0,0.0,0.0,0,0,0.0,0.0,0,0,0.0,3029.29,1,0,0.0,29897.54,5,0,0.0,0
LGS2ORD0046520,C011297,2026-01-04 10:00:00,Female,62,Gold,Shopee,Chiang Mai,595,Web,COD,10,1,6,1,>50,19.833333333333332,7.0,2.0,0.2857142857142857,94,111,3936.912857142857,0.33,0.42857142857142855,0.2857142857142857,0.0,0.0,0,0,0.0,0.0,0,0,0.0,0.0,0,0,0.0,27558.39,7,2,0.2857142857142857,1
LGS2ORD0046521,C011934,2026-01-04 10:00:00,Male,49,Bronze,Lazada,Bangkok,721,Lazada,COD,10,1,6,1,40-50,24.033333333333335,5.0,3.0,0.6,42,51,3012.772,0.18,0.8,0.0,0.0,0.0,0,0,0.0,0.0,0,0,0.0,2046.58,1,1,1.0,15063.86,5,3,0.6,1
LGS2ORD0046522,C015057,2026-01-04 10:00:00,Female,62,Bronze,Shopee,Remote_Area,381,CallCenter,COD,10,1,6,1,>50,12.7,6.0,1.0,0.16666666666666666,189,135,5186.873333333333,0.23,0.6666666666666666,0.3333333333333333,0.0,0.0,0,0,0.0,0.0,0,0,0.0,0.0,0,0,0.0,30173.98,5,1,0.2,1
LGS2ORD0046523,C014313,2026-01-04 10:00:00,Female,49,Bronze,Shopee,Chiang Mai,449,Shopee,Bank_Transfer,10,1,6,1,40-50,14.966666666666667,8.0,1.0,0.125,261,4,5792.54875,0.28,0.5,0.375,0.0,1633.23,1,0,0.0,1633.23,1,0,0.0,12237.18,3,0,0.0,46340.39,8,1,0.125,0
LGS2ORD0046524,C012649,2026-01-04 10:00:00,Male,44,Bronze,Lazada,Bangkok,1588,Shopee,COD,10,1,6,1,40-50,52.93333333333333,13.0,3.0,0.23076923076923078,80,90,7349.528461538463,0.28,0.6923076923076923,0.6153846153846154,0.0,0.0,0,0,0.0,0.0,0,0,0.0,0.0,0,0,0.0,95543.87000000001,13,3,0.23076923076923078,0
LGS2ORD0046525,C010469,2026-01-04 11:00:00,Male,31,Silver,TV,Chiang Mai,827,Web,COD,11,1,6,1,30-40,27.566666666666666,5.0,0.0,0.0,-1,97,8539.117999999999,0.3,0.4,0.2,0.0,0.0,0,0,0.0,0.0,0,0,0.0,0.0,0,0,0.0,42695.59,5,0,0.0,0
LGS2ORD0046526,C016193,2026-01-04 11:00:00,Male,43,Bronze,Lazada,Bangkok,620,TV_Show,Credit_Card,11,1,6,1,40-50,20.666666666666668,6.0,1.0,0.16666666666666666,131,11,2141.7116666666666,0.28,0.16666666666666666,0.16666666666666666,0.0,0.0,0,0,0.0,2570.48,1,0,0.0,2570.48,1,0,0.0,12850.27,6,1,0.16666666666666666,0
LGS2ORD0046527,C011047,2026-01-04 11:00:00,Female,26,Silver,Lazada,Bangkok,1443,Lazada,COD,11,1,6,1,20-30,48.1,4.0,2.0,0.5,201,210,4674.0599999999995,0.2,0.5,0.0,0.0,0.0,0,0,0.0,0.0,0,0,0.0,0.0,0,0,0.0,18696.239999999998,4,2,0.5,0
LGS2ORD0046528,C012738,2026-01-04 11:00:00,Female,27,Silver,Web,Nakhon Ratchasima,1572,Lazada,COD,11,1,6,1,20-30,52.4,11.0,3.0,0.2727272727272727,124,85,5622.183636363637,0.25,0.45454545454545453,0.18181818181818182,0.0,0.0,0,0,0.0,0.0,0,0,0.0,9950.19,2,0,0.0,61844.020000000004,11,3,0.2727272727272727,0
LGS2ORD0046529,C011723,2026-01-04 11:00:00,Male,50,Silver,TV,Chonburi,538,CallCenter,COD,11,1,6,1,40-50,17.933333333333334,4.0,2.0,0.5,160,46,2592.9775,0.3,0.25,0.25,0.0,0.0,0,0,0.0,0.0,0,0,0.0,4025.44,1,0,0.0,10371.91,4,2,0.5,0
LGS2ORD0046530,C012019,2026-01-04 11:00:00,Male,36,Bronze,TV,Khon Kaen,1729,Shopee,Credit_Card,11,1,6,1,30-40,57.63333333333333,6.0,1.0,0.16666666666666666,176,15,5703.325,0.28,0.8333333333333334,0.16666666666666666,0.0,0.0,0,0,0.0,3259.02,1,0,0.0,4995.35,2,0,0.0,34219.95,6,1,0.16666666666666666,0
LGS2ORD0046531,C012772,2026-01-04 12:00:00,Female,25,Gold,Lazada,Bangkok,843,Shopee,Credit_Card,12,1,6,1,20-30,28.1,6.0,1.0,0.16666666666666666,279,46,2062.4733333333334,0.28,0.5,0.3333333333333333,0.0,0.0,0,0,0.0,0.0,0,0,0.0,1518.1699999999998,2,0,0.0,12374.84,6,1,0.16666666666666666,0
LGS2ORD0046532,C010832,2026-01-04 12:00:00,Female,37,Gold,TV,Songkhla,664,CallCenter,COD,12,1,6,1,30-40,22.133333333333333,9.0,1.0,0.1111111111111111,-1,4,8933.315555555555,0.33,0.4444444444444444,0.3333333333333333,0.0,13954.0,1,1,1.0,17003.84,2,1,0.5,29080.690000000002,3,1,0.3333333333333333,80399.84,9,1,0.1111111111111111,0
LGS2ORD0046533,C014645,2026-01-04 12:00:00,Female,53,Gold,Shopee,Bangkok,1501,Lazada,COD,12,1,6,1,>50,50.03333333333333,2.0,1.0,0.5,280,191,1406.095,0.13,0.0,0.0,0.0,0.0,0,0,0.0,0.0,0,0,0.0,0.0,0,0,0.0,2812.19,2,1,0.5,0
LGS2ORD0046534,C015521,2026-01-04 12:00:00,Male,34,Gold,Shopee,Chiang Mai,1528,TV_Show,Credit_Card,12,1,6,1,30-40,50.93333333333333,6.0,2.0,0.3333333333333333,49,31,5079.843333333334,0.28,0.6666666666666666,0.16666666666666666,0.0,0.0,0,0,0.0,0.0,0,0,0.0,8095.709999999999,4,1,0.25,30479.060000000005,6,2,0.3333333333333333,0
LGS2ORD0046535,C014406,2026-01-04 12:00:00,Male,43,Silver,CallCenter,Nakhon Ratchasima,1171,Web,COD,12,1,6,1,40-50,39.03333333333333,4.0,3.0,0.75,71,84,1760.65,0.2,0.5,0.0,0.0,0.0,0,0,0.0,0.0,0,0,0.0,1982.22,1,1,1.0,7042.6,4,3,0.75,1
LGS2ORD0046536,C011829,2026-01-04 13:00:00,Male,44,Bronze,TV,Khon Kaen,1288,TV_Show,Credit_Card,13,1,6,1,40-50,42.93333333333333,5.0,1.0,0.2,216,57,5362.418,0.23,0.4,0.4,0.0,0.0,0,0,0.0,0.0,0,0,0.0,3683.88,1,0,0.0,26812.09,5,1,0.2,0
LGS2ORD0046537,C016832,2026-01-04 13:00:00,Female,29,Silver,Web,Phuket,1682,CallCenter,Credit_Card,13,1,6,1,20-30,56.06666666666667,5.0,2.0,0.4,89,96,3945.382,0.25,0.8,0.2,0.0,0.0,0,0,0.0,0.0,0,0,0.0,0.0,0,0,0.0,19726.91,5,2,0.4,1
LGS2ORD0046538,C012847,2026-01-04 13:00:00,Female,48,Silver,Shopee,Chiang Mai,1753,Shopee,COD,13,1,6,1,40-50,58.43333333333333,4.0,0.0,0.0,-1,96,10090.997500000001,0.25,0.25,0.25,0.0,0.0,0,0,0.0,0.0,0,0,0.0,0.0,0,0,0.0,40363.990000000005,4,0,0.0,0
LGS2ORD0046539,C014569,2026-01-04 13:00:00,Male,34,Bronze,TV,Remote_Area,690,CallCenter,COD,13,1,6,1,30-40,23.0,6.0,2.0,0.3333333333333333,16,19,4856.243333333333,0.28,0.5,0.16666666666666666,0.0,0.0,0,0,0.0,8638.22,1,1,1.0,21815.589999999997,3,2,0.6666666666666666,29137.46,6,2,0.3333333333333333,1
LGS2ORD0046540,C016289,2026-01-04 13:00:00,Male,56,Silver,TV,Bangkok,1415,TV_Show,PromptPay,13,1,6,1,>50,47.166666666666664,4.0,1.0,0.25,239,242,2669.1250000000005,0.2,0.5,0.0,0.0,0.0,0,0,0.0,0.0,0,0,0.0,0.0,0,0,0.0,10676.500000000002,4,1,0.25,0
LGS2ORD0046541,C014559,2026-01-04 14:00:00,Female,34,Bronze,Web,Khon Kaen,1513,CallCenter,PromptPay,14,1,6,1,30-40,50.43333333333333,5.0,1.0,0.2,211,39,10418.86,0.08,0.6,0.0,0.0,0.0,0,0,0.0,0.0,0,0,0.0,3723.12,1,0,0.0,52094.3,5,1,0.2,0
LGS2ORD0046542,C014310,2026-01-04 14:00:00,Female,39,Platinum,TV,Chonburi,1314,TV_Show,COD,14,1,6,1,30-40,43.8,4.0,0.0,0.0,-1,47,2947.785,0.3,1.0,0.25,0.0,0.0,0,0,0.0,0.0,0,0,0.0,722.07,1,0,0.0,11791.14,4,0,0.0,0
LGS2ORD0046543,C014805,2026-01-04 14:00:00,Male,41,Bronze,TV,Chonburi,906,Web,Credit_Card,14,1,6,1,40-50,30.2,7.0,0.0,0.0,-1,74,2091.2200000000003,0.23,0.42857142857142855,0.14285714285714285,0.0,0.0,0,0,0.0,0.0,0,0,0.0,1774.41,1,0,0.0,14638.54,7,0,0.0,0
LGS2ORD0046544,C012653,2026-01-04 14:00:00,Female,42,Bronze,Web,Khon Kaen,1110,Shopee,Credit_Card,14,1,6,1,40-50,37.0,3.0,1.0,0.3333333333333333,346,278,6839.900000000001,0.08,1.0,0.0,0.0,0.0,0,0,0.0,0.0,0,0,0.0,0.0,0,0,0.0,20519.7,3,1,0.3333333333333333,0
LGS2ORD0046545,C011292,2026-01-04 14:00:00,Male,39,Bronze,TV,Nakhon Ratchasima,752,Lazada,COD,14,1,6,1,30-40,25.066666666666666,6.0,0.0,0.0,-1,8,9612.786666666667,0.13,0.5,0.0,0.0,0.0,0,0,0.0,23742.31,1,0,0.0,23742.31,1,0,0.0,57676.72,6,0,0.0,0
LGS2ORD0046546,C013852,2026-01-04 15:00:00,Male,51,Bronze,TV,Chonburi,1719,Shopee,COD,15,1,6,1,>50,57.3,11.0,4.0,0.36363636363636365,141,58,4157.655454545455,0.28,0.45454545454545453,0.2727272727272727,0.0,0.0,0,0,0.0,0.0,0,0,0.0,23858.96,2,0,0.0,45734.21,11,4,0.36363636363636365,1
LGS2ORD0046547,C013017,2026-01-04 15:00:00,Female,45,Bronze,TV,Remote_Area,826,TV_Show,COD,15,1,6,1,40-50,27.533333333333335,5.0,2.0,0.4,26,1,6224.4400000000005,0.23,0.6,0.2,0.0,8012.93,1,0,0.0,8012.93,1,0,0.0,12795.03,2,1,0.5,31122.200000000004,5,2,0.4,1
LGS2ORD0046548,C013255,2026-01-04 15:00:00,Male,45,Silver,Web,Remote_Area,1339,Lazada,COD,15,1,6,1,40-50,44.63333333333333,5.0,1.0,0.2,220,51,2774.4440000000004,0.25,0.6,0.2,0.0,0.0,0,0,0.0,0.0,0,0,0.0,5086.52,1,0,0.0,13872.220000000001,5,1,0.2,0
LGS2ORD0046549,C015823,2026-01-04 15:00:00,Female,35,Silver,TV,Bangkok,1822,Lazada,COD,15,1,6,1,30-40,60.733333333333334,4.0,0.0,0.0,-1,26,8399.1675,0.2,0.5,0.0,0.0,0.0,0,0,0.0,4770.57,1,0,0.0,8413.21,2,0,0.0,33596.67,4,0,0.0,0
LGS2ORD0046550,C010847,2026-01-04 15:00:00,Female,43,Gold,Web,Bangkok,923,Shopee,Credit_Card,15,1,6,1,40-50,30.766666666666666,6.0,2.0,0.3333333333333333,61,77,3065.9966666666664,0.2299999999999999,0.6666666666666666,0.16666666666666666,0.0,0.0,0,0,0.0,0.0,0,0,0.0,1103.54,1,1,1.0,11003.509999999998,5,2,0.4,0
LGS2ORD0046551,C011270,2026-01-04 15:00:00,Female,27,Silver,TV,Chonburi,1646,Lazada,Credit_Card,15,1,6,1,20-30,54.86666666666667,7.0,1.0,0.14285714285714285,74,80,7023.725714285714,0.25,0.14285714285714285,0.2857142857142857,0.0,0.0,0,0,0.0,0.0,0,0,0.0,8671.91,1,1,1.0,49166.08,7,1,0.14285714285714285,0
LGS2ORD0046552,C012273,2026-01-04 16:00:00,Female,20,Gold,Lazada,Bangkok,486,TV_Show,PromptPay,16,1,6,1,<20,16.2,1.0,0.0,0.0,-1,231,1672.02,0.2299999999999999,1.0,1.0,0.0,0.0,0,0,0.0,0.0,0,0,0.0,0.0,0,0,0.0,1672.02,1,0,0.0,0
LGS2ORD0046553,C010863,2026-01-04 16:00:00,Female,35,Bronze,Shopee,Remote_Area,1583,Lazada,COD,16,1,6,1,30-40,52.766666666666666,6.0,4.0,0.6666666666666666,-10,3,2715.6283333333336,0.23,0.5,0.3333333333333333,0.0,1515.28,1,1,1.0,1515.28,1,1,1.0,1515.28,1,1,1.0,16293.77,6,4,0.6666666666666666,1
LGS2ORD0046554,C013110,2026-01-04 16:00:00,Male,42,Gold,Web,Bangkok,805,TV_Show,COD,16,1,6,1,40-50,26.833333333333332,8.0,2.0,0.25,61,46,7784.927500000001,0.33,0.5,0.5,0.0,0.0,0,0,0.0,0.0,0,0,0.0,16814.9,2,1,0.5,62279.420000000006,8,2,0.25,0
LGS2ORD0046555,C014950,2026-01-04 16:00:00,Male,55,Gold,TV,Khon Kaen,1467,Web,Credit_Card,16,1,6,1,>50,48.9,10.0,2.0,0.2,125,66,2573.2120000000004,0.33,0.5,0.6,0.0,0.0,0,0,0.0,0.0,0,0,0.0,1778.08,1,0,0.0,25732.120000000003,10,2,0.2,0
LGS2ORD0046556,C013901,2026-01-04 16:00:00,Female,21,Bronze,TV,Khon Kaen,1704,TV_Show,COD,16,1,6,1,20-30,56.8,9.0,1.0,0.1111111111111111,1,4,3979.5411111111107,0.28,0.5555555555555556,0.2222222222222222,0.0,3795.18,1,1,1.0,5495.389999999999,2,1,0.5,21175.92,4,1,0.25,35815.869999999995,9,1,0.1111111111111111,0
LGS2ORD0046557,C015447,2026-01-04 17:00:00,Female,53,Bronze,Web,Nakhon Ratchasima,1811,Web,PromptPay,17,1,6,1,>50,60.36666666666667,7.0,2.0,0.2857142857142857,36,18,7977.4857142857145,0.23,0.7142857142857143,0.2857142857142857,0.0,0.0,0,0,0.0,3606.58,1,0,0.0,7274.6900000000005,2,1,0.5,55842.4,7,2,0.2857142857142857,0
LGS2ORD0046558,C014855,2026-01-04 17:00:00,Female,49,Gold,Web,Bangkok,662,Web,COD,17,1,6,1,40-50,22.066666666666666,2.0,0.0,0.0,-1,100,2007.86,0.13,1.0,0.0,0.0,0.0,0,0,0.0,0.0,0,0,0.0,0.0,0,0,0.0,4015.72,2,0,0.0,0
LGS2ORD0046559,C010446,2026-01-04 17:00:00,Female,48,Bronze,TV,Phuket,1363,Lazada,Bank_Transfer,17,1,6,1,40-50,45.43333333333333,1.0,1.0,1.0,117,133,996.15,0.18,1.0,0.0,0.0,0.0,0,0,0.0,0.0,0,0,0.0,0.0,0,0,0.0,996.15,1,1,1.0,0
LGS2ORD0046560,C013807,2026-01-04 17:00:00,Female,32,Gold,Shopee,Chiang Mai,766,Web,COD,17,1,6,1,30-40,25.533333333333335,3.0,0.0,0.0,-1,165,6838.263333333333,0.28,0.3333333333333333,0.6666666666666666,0.0,0.0,0,0,0.0,0.0,0,0,0.0,0.0,0,0,0.0,20514.79,3,0,0.0,0
LGS2ORD0046561,C011639,2026-01-04 17:00:00,Male,33,Gold,TV,Nakhon Ratchasima,741,Lazada,COD,17,1,6,1,30-40,24.7,6.0,2.0,0.3333333333333333,72,83,5962.743333333333,0.33,0.5,0.5,0.0,0.0,0,0,0.0,0.0,0,0,0.0,10350.08,1,1,1.0,35776.46,6,2,0.3333333333333333,0
LGS2ORD0046562,C014874,2026-01-04 18:00:00,Female,31,Silver,CallCenter,Chiang Mai,793,Shopee,Credit_Card,18,1,6,1,30-40,26.433333333333334,6.0,1.0,0.16666666666666666,161,67,3623.3033333333333,0.25,0.6666666666666666,0.16666666666666666,0.0,0.0,0,0,0.0,0.0,0,0,0.0,12825.88,1,0,0.0,21739.82,6,1,0.16666666666666666,0
LGS2ORD0046563,C015046,2026-01-04 18:00:00,Male,64,Silver,Lazada,Songkhla,659,Web,COD,18,1,6,1,>50,21.966666666666665,5.0,2.0,0.4,3,11,3131.79,0.25,0.2,0.2,0.0,0.0,0,0,0.0,1875.4,1,1,1.0,1875.4,1,1,1.0,15658.949999999999,5,2,0.4,1
LGS2ORD0046564,C010167,2026-01-04 18:00:00,Male,57,Bronze,TV,Bangkok,1319,CallCenter,COD,18,1,6,1,>50,43.96666666666667,10.0,2.0,0.2,104,44,5306.021999999999,0.28,0.5,0.1,0.0,0.0,0,0,0.0,0.0,0,0,0.0,6845.16,2,0,0.0,53060.219999999994,10,2,0.2,0
LGS2ORD0046565,C017037,2026-01-04 18:00:00,Female,41,Bronze,Web,Bangkok,1503,Web,PromptPay,18,1,6,1,40-50,50.1,11.0,1.0,0.09090909090909091,66,31,5306.572727272727,0.28,0.45454545454545453,0.2727272727272727,0.0,0.0,0,0,0.0,0.0,0,0,0.0,13561.45,3,1,0.3333333333333333,58372.299999999996,11,1,0.09090909090909091,0
LGS2ORD0046566,C010268,2026-01-04 18:00:00,Other,49,Bronze,Lazada,Chiang Mai,799,Web,Credit_Card,18,1,6,1,40-50,26.633333333333333,5.0,1.0,0.2,165,20,12135.432,0.18,0.8,0.0,0.0,0.0,0,0,0.0,15221.09,1,0,0.0,15221.09,1,0,0.0,60677.16,5,1,0.2,0
LGS2ORD0046567,C013057,2026-01-04 19:00:00,Male,35,Platinum,Lazada,Bangkok,646,Web,Bank_Transfer,19,1,6,1,30-40,21.533333333333335,3.0,0.0,0.0,-1,71,5648.57,0.15,0.6666666666666666,0.0,0.0,0.0,0,0,0.0,0.0,0,0,0.0,10408.8,2,0,0.0,16945.71,3,0,0.0,0
LGS2ORD0046568,C016345,2026-01-04 19:00:00,Female,49,Platinum,CallCenter,Nakhon Ratchasima,1307,Web,Credit_Card,19,1,6,1,40-50,43.56666666666667,4.0,2.0,0.5,181,23,3390.225,0.3,0.5,0.5,0.0,0.0,0,0,0.0,368.58,1,0,0.0,368.58,1,0,0.0,13560.9,4,2,0.5,0
LGS2ORD0046569,C011469,2026-01-04 19:00:00,Male,27,Silver,Web,Songkhla,890,TV_Show,Bank_Transfer,19,1,6,1,20-30,29.666666666666668,10.0,3.0,0.3,14,27,8743.528000000002,0.3,0.5,0.2,0.0,0.0,0,0,0.0,2616.31,1,1,1.0,2616.31,1,1,1.0,87435.28000000001,10,3,0.3,1
LGS2ORD0046570,C016974,2026-01-04 19:00:00,Female,40,Bronze,TV,Khon Kaen,751,Shopee,Credit_Card,19,1,6,1,30-40,25.033333333333335,4.0,0.0,0.0,-1,71,10782.567500000001,0.13,0.5,0.0,0.0,0.0,0,0,0.0,0.0,0,0,0.0,10578.42,2,0,0.0,43130.270000000004,4,0,0.0,0
LGS2ORD0046571,C010158,2026-01-04 19:00:00,Male,31,Silver,Web,Remote_Area,1722,Lazada,COD,19,1,6,1,30-40,57.4,6.0,3.0,0.5,60,67,7309.69,0.2,0.8333333333333334,0.0,0.0,0.0,0,0,0.0,0.0,0,0,0.0,1776.21,1,1,1.0,43858.14,6,3,0.5,0
LGS2ORD0046572,C014168,2026-01-04 19:00:00,Female,38,Silver,Web,Khon Kaen,1543,Shopee,COD,19,1,6,1,30-40,51.43333333333333,4.0,1.0,0.25,268,105,2823.3175,0.25,0.75,0.25,0.0,0.0,0,0,0.0,0.0,0,0,0.0,0.0,0,0,0.0,11293.27,4,1,0.25,0
LGS2ORD0046573,C010801,2026-01-04 20:00:00,Female,65,Gold,TV,Nakhon Ratchasima,1485,Lazada,Credit_Card,20,1,6,1,>50,49.5,10.0,3.0,0.3,9,14,3151.803,0.33,0.7,0.6,0.0,0.0,0,0,0.0,5160.530000000001,2,1,0.5,11308.210000000001,3,2,0.6666666666666666,30660.09,9,3,0.3333333333333333,0
LGS2ORD0046574,C016043,2026-01-04 20:00:00,Male,69,Bronze,TV,Chonburi,1131,TV_Show,COD,20,1,6,1,>50,37.7,5.0,0.0,0.0,-1,92,5450.967999999999,0.23,0.2,0.2,0.0,0.0,0,0,0.0,0.0,0,0,0.0,0.0,0,0,0.0,27254.839999999997,5,0,0.0,0
LGS2ORD0046575,C015589,2026-01-04 20:00:00,Female,42,Bronze,Web,Chonburi,1218,Lazada,Credit_Card,20,1,6,1,40-50,40.6,4.0,1.0,0.25,264,34,7998.3475,0.13,0.5,0.0,0.0,0.0,0,0,0.0,0.0,0,0,0.0,19642.26,1,0,0.0,31993.39,4,1,0.25,0
LGS2ORD0046576,C012394,2026-01-04 20:00:00,Female,44,Bronze,TV,Chonburi,551,Web,Bank_Transfer,20,1,6,1,40-50,18.366666666666667,6.0,1.0,0.16666666666666666,189,49,10140.121666666666,0.28,0.6666666666666666,0.3333333333333333,0.0,0.0,0,0,0.0,0.0,0,0,0.0,21237.09,2,0,0.0,60840.729999999996,6,1,0.16666666666666666,1
LGS2ORD0046577,C011342,2026-01-04 20:00:00,Female,34,Platinum,Lazada,Nakhon Ratchasima,1377,TV_Show,Bank_Transfer,20,1,6,1,30-40,45.9,11.0,3.0,0.2727272727272727,187,3,5069.503636363637,0.35,0.7272727272727273,0.45454545454545453,0.0,2794.8,1,0,0.0,5707.49,2,0,0.0,22678.62,4,0,0.0,55764.54000000001,11,3,0.2727272727272727,0
LGS2ORD0046578,C015582,2026-01-04 21:00:00,Female,29,Bronze,Web,Chonburi,450,Lazada,COD,21,1,6,1,20-30,15.0,6.0,0.0,0.0,-1,22,3886.6183333333333,0.28,0.6666666666666666,0.5,0.0,0.0,0,0,0.0,1351.0,1,0,0.0,4960.82,2,0,0.0,23319.71,6,0,0.0,0
LGS2ORD0046579,C010066,2026-01-04 21:00:00,Female,45,Gold,TV,Bangkok,1110,Web,PromptPay,21,1,6,1,40-50,37.0,9.0,0.0,0.0,-1,105,5486.668888888888,0.33,0.3333333333333333,0.5555555555555556,0.0,0.0,0,0,0.0,0.0,0,0,0.0,0.0,0,0,0.0,49380.02,9,0,0.0,0
LGS2ORD0046580,C012140,2026-01-04 21:00:00,Male,52,Gold,Shopee,Songkhla,1142,Web,COD,21,1,6,1,>50,38.06666666666667,7.0,3.0,0.42857142857142855,221,99,5769.114285714286,0.33,0.5714285714285714,0.5714285714285714,0.0,0.0,0,0,0.0,0.0,0,0,0.0,0.0,0,0,0.0,40383.8,7,3,0.42857142857142855,1
LGS2ORD0046581,C011856,2026-01-04 21:00:00,Female,43,Bronze,Web,Khon Kaen,883,Web,Bank_Transfer,21,1,6,1,40-50,29.433333333333334,6.0,4.0,0.6666666666666666,24,36,4349.856666666667,0.18,0.6666666666666666,0.0,0.0,0.0,0,0,0.0,0.0,0,0,0.0,20111.179999999997,3,2,0.6666666666666666,26099.14,6,4,0.6666666666666666,0
LGS2ORD0046582,C017840,2026-01-04 21:00:00,Male,39,Bronze,Shopee,Chiang Mai,431,Lazada,PromptPay,21,1,6,1,30-40,14.366666666666667,9.0,4.0,0.4444444444444444,4,15,5187.746666666667,0.28,0.5555555555555556,0.3333333333333333,0.0,0.0,0,0,0.0,3845.75,1,1,1.0,7570.34,2,2,1.0,32787.84,8,4,0.5,1
LGS2ORD0046583,C012209,2026-01-04 22:00:00,Male,59,Silver,Web,Songkhla,990,Shopee,PromptPay,22,1,6,1,>50,33.0,3.0,1.0,0.3333333333333333,253,22,6669.736666666667,0.25,0.0,0.3333333333333333,0.0,0.0,0,0,0.0,7720.78,1,0,0.0,7720.78,1,0,0.0,20009.21,3,1,0.3333333333333333,1
LGS2ORD0046584,C015173,2026-01-04 22:00:00,Male,50,Bronze,Web,Nakhon Ratchasima,654,Web,Bank_Transfer,22,1,6,1,40-50,21.8,3.0,1.0,0.3333333333333333,246,87,6212.293333333332,0.18,0.3333333333333333,0.0,0.0,0.0,0,0,0.0,0.0,0,0,0.0,1537.55,1,0,0.0,18636.879999999997,3,1,0.3333333333333333,0
LGS2ORD0046585,C012317,2026-01-04 22:00:00,Male,52,Silver,TV,Phuket,514,CallCenter,PromptPay,22,1,6,1,>50,17.133333333333333,5.0,1.0,0.2,53,67,3332.358,0.25,0.2,0.4,0.0,0.0,0,0,0.0,0.0,0,0,0.0,900.4,1,1,1.0,16661.79,5,1,0.2,0
LGS2ORD0046586,C013852,2026-01-04 22:00:00,Male,51,Bronze,TV,Chonburi,1719,Lazada,COD,22,1,6,1,>50,57.3,12.0,5.0,0.4166666666666667,-9,0,3969.5341666666664,0.28,0.5,0.25,0.0,1900.2,1,1,1.0,1900.2,1,1,1.0,25759.16,3,1,0.3333333333333333,47634.409999999996,12,5,0.4166666666666667,0
LGS2ORD0046587,C017799,2026-01-04 22:00:00,Female,43,Gold,Lazada,Khon Kaen,1594,Web,PromptPay,22,1,6,1,40-50,53.13333333333333,5.0,1.0,0.2,184,196,11925.429999999998,0.28,0.2,0.4,0.0,0.0,0,0,0.0,0.0,0,0,0.0,0.0,0,0,0.0,59627.149999999994,5,1,0.2,0
LGS2ORD0046588,C012574,2026-01-04 23:00:00,Male,26,Bronze,Shopee,Nakhon Ratchasima,1046,Web,Bank_Transfer,23,1,6,1,20-30,34.86666666666667,4.0,2.0,0.5,55,5,3512.3725,0.23,0.75,0.25,0.0,448.62,1,0,0.0,448.62,1,0,0.0,9913.37,2,1,0.5,14049.49,4,2,0.5,0
LGS2ORD0046589,C015094,2026-01-04 23:00:00,Female,46,Bronze,TV,Chiang Mai,959,TV_Show,PromptPay,23,1,6,1,40-50,31.966666666666665,9.0,2.0,0.2222222222222222,150,81,6642.735555555555,0.28,0.6666666666666666,0.4444444444444444,0.0,0.0,0,0,0.0,0.0,0,0,0.0,17325.44,1,0,0.0,59784.619999999995,9,2,0.2222222222222222,0
LGS2ORD0046590,C013142,2026-01-04 23:00:00,Female,49,Silver,Shopee,Bangkok,1519,Shopee,Credit_Card,23,1,6,1,40-50,50.63333333333333,8.0,1.0,0.125,279,148,3928.0325000000003,0.3,0.5,0.25,0.0,0.0,0,0,0.0,0.0,0,0,0.0,0.0,0,0,0.0,31424.260000000002,8,1,0.125,0
LGS2ORD0046591,C017579,2026-01-04 23:00:00,Male,41,Bronze,CallCenter,Nakhon Ratchasima,1798,Shopee,COD,23,1,6,1,40-50,59.93333333333333,8.0,3.0,0.375,237,60,5130.5425,0.28,0.25,0.375,0.0,0.0,0,0,0.0,0.0,0,0,0.0,6270.33,2,0,0.0,41044.34,8,3,0.375,0
LGS2ORD0046592,C014451,2026-01-04 23:00:00,Female,58,Silver,Web,Chonburi,1700,Shopee,Credit_Card,23,1,6,1,>50,56.666666666666664,8.0,1.0,0.125,130,7,3705.9425,0.25,0.375,0.125,0.0,0.0,0,0,0.0,1718.96,1,0,0.0,5848.39,3,0,0.0,29647.54,8,1,0.125,0
LGS2ORD0046593,C010630,2026-01-04 23:00:00,Female,31,Silver,CallCenter,Bangkok,988,Shopee,Bank_Transfer,23,1,6,1,30-40,32.93333333333333,4.0,0.0,0.0,-1,122,8065.9825,0.2,0.25,0.0,0.0,0.0,0,0,0.0,0.0,0,0,0.0,0.0,0,0,0.0,32263.93,4,0,0.0,0
LGS2ORD0046594,C013166,2026-01-05 00:00:00,Male,40,Gold,TV,Chiang Mai,1346,Shopee,Credit_Card,0,1,0,0,30-40,44.86666666666667,7.0,1.0,0.14285714285714285,333,181,5205.762857142858,0.28,0.2857142857142857,0.7142857142857143,0.0,0.0,0,0,0.0,0.0,0,0,0.0,0.0,0,0,0.0,23223.410000000003,5,1,0.2,1
LGS2ORD0046595,C016832,2026-01-05 00:00:00,Female,29,Silver,Web,Phuket,1683,Web,COD,0,1,0,0,20-30,56.1,6.0,3.0,0.5,-10,0,3883.0483333333336,0.25,0.6666666666666666,0.16666666666666666,0.0,3571.38,1,1,1.0,3571.38,1,1,1.0,3571.38,1,1,1.0,23298.29,6,3,0.5,0
LGS2ORD0046596,C016064,2026-01-05 00:00:00,Female,43,Bronze,Lazada,Chonburi,790,Lazada,COD,0,1,0,0,40-50,26.333333333333332,3.0,0.0,0.0,-1,75,7327.579999999999,0.28,0.3333333333333333,0.6666666666666666,0.0,0.0,0,0,0.0,0.0,0,0,0.0,17500.32,1,0,0.0,21982.739999999998,3,0,0.0,0
LGS2ORD0046597,C012603,2026-01-05 00:00:00,Male,34,Silver,Web,Bangkok,884,TV_Show,COD,0,1,0,0,30-40,29.466666666666665,6.0,2.0,0.3333333333333333,74,76,6858.731666666667,0.3,0.16666666666666666,0.5,0.0,0.0,0,0,0.0,0.0,0,0,0.0,23421.67,2,1,0.5,41152.39,6,2,0.3333333333333333,0
LGS2ORD0046598,C011532,2026-01-05 00:00:00,Male,56,Bronze,Web,Phuket,1536,TV_Show,COD,0,1,0,0,>50,51.2,11.0,2.0,0.18181818181818182,61,1,4917.356363636364,0.23,0.8181818181818182,0.18181818181818182,0.0,1666.03,1,0,0.0,1666.03,1,0,0.0,12938.470000000001,4,2,0.5,54090.920000000006,11,2,0.18181818181818182,1
LGS2ORD0046599,C010667,2026-01-05 01:00:00,Other,72,Bronze,Shopee,Remote_Area,1020,TV_Show,COD,1,1,0,0,>50,34.0,8.0,3.0,0.375,169,25,7215.35375,0.23,0.375,0.375,0.125,0.0,0,0,0.0,623.12,1,0,0.0,623.12,1,0,0.0,57722.83,8,3,0.375,0
LGS2ORD0046600,C014110,2026-01-05 01:00:00,Male,60,Bronze,Shopee,Chiang Mai,901,Lazada,COD,1,1,0,0,>50,30.033333333333335,11.0,2.0,0.18181818181818182,47,53,3026.372727272728,0.23,0.6363636363636364,0.2727272727272727,0.0,0.0,0,0,0.0,0.0,0,0,0.0,7939.4400000000005,3,1,0.3333333333333333,33290.100000000006,11,2,0.18181818181818182,0
LGS2ORD0046601,C017831,2026-01-05 01:00:00,Male,37,Bronze,Shopee,Chonburi,1295,TV_Show,COD,1,1,0,0,30-40,43.166666666666664,2.0,1.0,0.5,37,44,3642.2650000000003,0.23,1.0,0.5,0.0,0.0,0,0,0.0,0.0,0,0,0.0,5470.06,1,1,1.0,7284.530000000001,2,1,0.5,0
LGS2ORD0046602,C015924,2026-01-05 01:00:00,Male,55,Gold,Shopee,Chiang Mai,642,CallCenter,COD,1,1,0,0,>50,21.4,4.0,1.0,0.25,294,115,3172.8875,0.18,0.25,0.0,0.0,0.0,0,0,0.0,0.0,0,0,0.0,0.0,0,0,0.0,12691.55,4,1,0.25,0
LGS2ORD0046603,C014712,2026-01-05 01:00:00,Male,21,Gold,CallCenter,Remote_Area,616,TV_Show,Credit_Card,1,1,0,0,20-30,20.533333333333335,4.0,1.0,0.25,315,8,4474.0175,0.28,0.75,0.25,0.0,0.0,0,0,0.0,7397.88,1,0,0.0,7397.88,1,0,0.0,17896.07,4,1,0.25,0
LGS2ORD0046604,C010855,2026-01-05 02:00:00,Male,63,Bronze,CallCenter,Phuket,1658,Web,PromptPay,2,1,0,0,>50,55.266666666666666,9.0,5.0,0.5555555555555556,24,35,7609.29,0.28,0.7777777777777778,0.2222222222222222,0.0,0.0,0,0,0.0,0.0,0,0,0.0,14386.8,4,3,0.75,68483.61,9,5,0.5555555555555556,0
LGS2ORD0046605,C013403,2026-01-05 02:00:00,Female,38,Platinum,Web,Bangkok,1390,Lazada,Bank_Transfer,2,1,0,0,30-40,46.333333333333336,4.0,1.0,0.25,354,44,4976.3525,0.35,0.75,0.75,0.0,0.0,0,0,0.0,0.0,0,0,0.0,3722.31,1,0,0.0,19905.41,4,1,0.25,1
LGS2ORD0046606,C012409,2026-01-05 02:00:00,Female,47,Silver,TV,Bangkok,576,Shopee,Bank_Transfer,2,1,0,0,40-50,19.2,5.0,0.0,0.0,-1,72,8026.1759999999995,0.25,0.4,0.4,0.0,0.0,0,0,0.0,0.0,0,0,0.0,1922.93,1,0,0.0,40130.88,5,0,0.0,0
LGS2ORD0046607,C015453,2026-01-05 02:00:00,Female,22,Gold,Web,Phuket,831,Shopee,Credit_Card,2,1,0,0,20-30,27.7,7.0,3.0,0.42857142857142855,8,13,2566.894285714286,0.33,0.14285714285714285,0.7142857142857143,0.0,0.0,0,0,0.0,4135.31,1,1,1.0,7891.84,2,1,0.5,17968.260000000002,7,3,0.42857142857142855,0
LGS2ORD0046608,C011819,2026-01-05 02:00:00,Female,48,Bronze,Web,Chonburi,1610,Lazada,COD,2,1,0,0,40-50,53.666666666666664,5.0,1.0,0.2,-11,2,3574.4620000000004,0.18,0.0,0.0,0.0,1735.18,1,1,1.0,3546.67,2,1,0.5,10573.720000000001,4,1,0.25,17872.31,5,1,0.2,0
LGS2ORD0046609,C015627,2026-01-05 02:00:00,Female,35,Bronze,TV,Bangkok,1003,TV_Show,COD,2,1,0,0,30-40,33.43333333333333,10.0,1.0,0.1,186,26,3821.583,0.28,0.8,0.2,0.0,0.0,0,0,0.0,736.39,1,0,0.0,7787.27,3,0,0.0,38215.83,10,1,0.1,1
LGS2ORD0046610,C014781,2026-01-05 03:00:00,Male,39,Platinum,Web,Phuket,1484,CallCenter,Credit_Card,3,1,0,0,30-40,49.46666666666667,6.0,3.0,0.5,26,38,9117.76,0.35,0.8333333333333334,0.3333333333333333,0.0,0.0,0,0,0.0,0.0,0,0,0.0,5463.22,1,1,1.0,54706.56,6,3,0.5,0
LGS2ORD0046611,C017236,2026-01-05 03:00:00,Male,51,Bronze,CallCenter,Chonburi,499,Shopee,COD,3,1,0,0,>50,16.633333333333333,9.0,2.0,0.2222222222222222,37,38,6066.384444444445,0.28,0.8888888888888888,0.3333333333333333,0.0,0.0,0,0,0.0,0.0,0,0,0.0,38618.8,5,1,0.2,54597.46000000001,9,2,0.2222222222222222,0
LGS2ORD0046612,C010353,2026-01-05 03:00:00,Male,41,Silver,TV,Bangkok,766,Web,Credit_Card,3,1,0,0,40-50,25.533333333333335,3.0,0.0,0.0,-1,149,2311.0533333333333,0.3,0.3333333333333333,0.6666666666666666,0.0,0.0,0,0,0.0,0.0,0,0,0.0,0.0,0,0,0.0,6933.16,3,0,0.0,0
LGS2ORD0046613,C012461,2026-01-05 03:00:00,Male,72,Bronze,TV,Chonburi,754,Shopee,COD,3,1,0,0,>50,25.133333333333333,14.0,0.0,0.0,-1,2,5916.659999999999,0.23,0.42857142857142855,0.14285714285714285,0.0,10513.68,1,0,0.0,10513.68,1,0,0.0,10513.68,1,0,0.0,82833.23999999999,14,0,0.0,0
LGS2ORD0046614,C010026,2026-01-05 03:00:00,Female,51,Bronze,Web,Bangkok,896,TV_Show,COD,3,1,0,0,>50,29.866666666666667,15.0,4.0,0.26666666666666666,36,38,5689.854666666667,0.28,0.6,0.3333333333333333,0.0,0.0,0,0,0.0,0.0,0,0,0.0,12640.65,3,2,0.6666666666666666,85347.82,15,4,0.26666666666666666,0
LGS2ORD0046615,C014145,2026-01-05 04:00:00,Female,37,Gold,TV,Khon Kaen,537,Shopee,PromptPay,4,1,0,0,30-40,17.9,8.0,1.0,0.125,91,14,5371.00875,0.33,0.75,0.375,0.0,0.0,0,0,0.0,12333.24,1,0,0.0,16964.7,3,0,0.0,42968.07,8,1,0.125,0
LGS2ORD0046616,C017649,2026-01-05 04:00:00,Male,21,Bronze,TV,Songkhla,1367,Shopee,Bank_Transfer,4,1,0,0,20-30,45.56666666666667,4.0,2.0,0.5,238,173,4991.2925,0.23,0.25,0.25,0.0,0.0,0,0,0.0,0.0,0,0,0.0,0.0,0,0,0.0,19965.17,4,2,0.5,0
LGS2ORD0046617,C012974,2026-01-05 04:00:00,Female,56,Gold,Web,Songkhla,1116,TV_Show,COD,4,1,0,0,>50,37.2,7.0,3.0,0.42857142857142855,113,73,5403.780000000001,0.33,0.42857142857142855,0.7142857142857143,0.0,0.0,0,0,0.0,0.0,0,0,0.0,1559.91,1,0,0.0,37826.46000000001,7,3,0.42857142857142855,0
LGS2ORD0046618,C011190,2026-01-05 04:00:00,Female,43,Silver,Shopee,Chonburi,980,Shopee,COD,4,1,0,0,40-50,32.666666666666664,7.0,2.0,0.2857142857142857,2,13,7822.865714285714,0.3,0.8571428571428571,0.14285714285714285,0.0,0.0,0,0,0.0,23829.600000000002,2,2,1.0,23829.600000000002,2,2,1.0,54760.06,7,2,0.2857142857142857,1
LGS2ORD0046619,C013076,2026-01-05 04:00:00,Female,43,Bronze,CallCenter,Bangkok,546,Lazada,Credit_Card,4,1,0,0,40-50,18.2,12.0,1.0,0.08333333333333333,280,27,9593.018333333335,0.28,0.4166666666666667,0.4166666666666667,0.0,0.0,0,0,0.0,28372.16,1,0,0.0,29346.32,2,0,0.0,115116.22000000002,12,1,0.08333333333333333,0
LGS2ORD0046620,C012766,2026-01-05 05:00:00,Male,33,Platinum,Shopee,Chiang Mai,384,Shopee,COD,5,1,0,0,30-40,12.8,11.0,2.0,0.18181818181818182,-1,8,6324.918181818182,0.25,0.7272727272727273,0.18181818181818182,0.0,0.0,0,0,0.0,24500.5,1,1,1.0,30418.85,4,1,0.25,69574.1,11,2,0.18181818181818182,0
LGS2ORD0046621,C017831,2026-01-05 05:00:00,Male,37,Bronze,Shopee,Chonburi,1295,TV_Show,Credit_Card,5,1,0,0,30-40,43.166666666666664,3.0,1.0,0.3333333333333333,37,0,3316.546666666667,0.28,1.0,0.6666666666666666,0.0,2665.11,1,0,0.0,2665.11,1,0,0.0,8135.17,2,1,0.5,9949.640000000001,3,1,0.3333333333333333,0
LGS2ORD0046622,C011631,2026-01-05 05:00:00,Female,60,Bronze,Lazada,Bangkok,1577,TV_Show,COD,5,1,0,0,>50,52.56666666666667,6.0,1.0,0.16666666666666666,136,74,3360.846666666667,0.28,0.5,0.16666666666666666,0.16666666666666666,0.0,0,0,0.0,0.0,0,0,0.0,11534.53,2,0,0.0,20165.08,6,1,0.16666666666666666,0
LGS2ORD0046623,C010736,2026-01-05 05:00:00,Male,33,Bronze,Shopee,Remote_Area,1082,Shopee,COD,5,1,0,0,30-40,36.06666666666667,12.0,5.0,0.4166666666666667,85,79,5947.245,0.28,0.6666666666666666,0.5,0.0,0.0,0,0,0.0,0.0,0,0,0.0,5448.889999999999,2,0,0.0,71366.94,12,5,0.4166666666666667,1
LGS2ORD0046624,C013696,2026-01-05 05:00:00,Male,46,Bronze,TV,Chiang Mai,1700,TV_Show,COD,5,1,0,0,40-50,56.666666666666664,9.0,0.0,0.0,-1,65,4758.093333333334,0.28,0.4444444444444444,0.3333333333333333,0.0,0.0,0,0,0.0,0.0,0,0,0.0,2311.15,1,0,0.0,42822.840000000004,9,0,0.0,1
LGS2ORD0046625,C010009,2026-01-05 06:00:00,Female,31,Bronze,Web,Bangkok,1233,Web,Credit_Card,6,1,0,0,30-40,41.1,3.0,0.0,0.0,-1,96,2656.7366666666667,0.28,0.0,0.3333333333333333,0.0,0.0,0,0,0.0,0.0,0,0,0.0,0.0,0,0,0.0,7970.21,3,0,0.0,0
LGS2ORD0046626,C013679,2026-01-05 06:00:00,Female,31,Silver,Web,Bangkok,969,Shopee,Credit_Card,6,1,0,0,30-40,32.3,3.0,0.0,0.0,-1,203,10022.273333333333,0.25,1.0,0.3333333333333333,0.0,0.0,0,0,0.0,0.0,0,0,0.0,0.0,0,0,0.0,30066.82,3,0,0.0,1
LGS2ORD0046627,C013951,2026-01-05 06:00:00,Male,40,Bronze,Lazada,Bangkok,1690,Web,PromptPay,6,1,0,0,30-40,56.333333333333336,4.0,0.0,0.0,-1,87,4855.450000000001,0.23,0.0,0.5,0.0,0.0,0,0,0.0,0.0,0,0,0.0,1594.65,1,0,0.0,19421.800000000003,4,0,0.0,0
LGS2ORD0046628,C013379,2026-01-05 06:00:00,Female,53,Silver,Web,Bangkok,742,CallCenter,PromptPay,6,1,0,0,>50,24.733333333333334,5.0,2.0,0.4,30,26,6227.307999999999,0.25,0.6,0.2,0.0,0.0,0,0,0.0,2191.06,1,0,0.0,21515.73,2,1,0.5,31136.539999999997,5,2,0.4,1
LGS2ORD0046629,C016269,2026-01-05 06:00:00,Female,42,Bronze,Shopee,Khon Kaen,1460,Shopee,COD,6,1,0,0,40-50,48.666666666666664,9.0,2.0,0.2222222222222222,94,32,4415.267777777778,0.28,0.3333333333333333,0.2222222222222222,0.0,0.0,0,0,0.0,0.0,0,0,0.0,11356.76,2,0,0.0,35438.840000000004,8,2,0.25,0
LGS2ORD0046630,C014600,2026-01-05 06:00:00,Male,45,Silver,Web,Bangkok,1626,TV_Show,COD,6,1,0,0,40-50,54.2,3.0,1.0,0.3333333333333333,96,108,6478.386666666666,0.25,1.0,0.6666666666666666,0.0,0.0,0,0,0.0,0.0,0,0,0.0,0.0,0,0,0.0,19435.16,3,1,0.3333333333333333,0
LGS2ORD0046631,C013207,2026-01-05 07:00:00,Female,68,Silver,Shopee,Bangkok,634,CallCenter,COD,7,1,0,0,>50,21.133333333333333,6.0,1.0,0.16666666666666666,330,42,6596.1050000000005,0.3,0.5,0.6666666666666666,0.0,0.0,0,0,0.0,0.0,0,0,0.0,12763.400000000001,2,0,0.0,39576.630000000005,6,1,0.16666666666666666,0
LGS2ORD0046632,C014313,2026-01-05 07:00:00,Female,49,Bronze,Shopee,Chiang Mai,450,TV_Show,COD,7,1,0,0,40-50,15.0,9.0,1.0,0.1111111111111111,262,0,5779.304444444444,0.28,0.4444444444444444,0.3333333333333333,0.0,7306.58,2,0,0.0,7306.58,2,0,0.0,17910.53,4,0,0.0,52013.74,9,1,0.1111111111111111,1
LGS2ORD0046633,C013270,2026-01-05 07:00:00,Female,38,Bronze,TV,Khon Kaen,1417,Web,COD,7,1,0,0,30-40,47.233333333333334,9.0,2.0,0.2222222222222222,167,39,7096.63,0.28,0.7777777777777778,0.3333333333333333,0.0,0.0,0,0,0.0,0.0,0,0,0.0,1521.55,1,0,0.0,62851.19,8,2,0.25,0
LGS2ORD0046634,C012768,2026-01-05 07:00:00,Female,36,Bronze,Shopee,Bangkok,1590,TV_Show,COD,7,1,0,0,30-40,53.0,5.0,0.0,0.0,-1,118,4261.296,0.28,0.8,0.4,0.0,0.0,0,0,0.0,0.0,0,0,0.0,0.0,0,0,0.0,21306.48,5,0,0.0,1
LGS2ORD0046635,C014446,2026-01-05 07:00:00,Female,59,Silver,Web,Nakhon Ratchasima,841,Shopee,PromptPay,7,1,0,0,>50,28.033333333333335,5.0,0.0,0.0,-1,21,2521.0980000000004,0.25,0.6,0.4,0.0,0.0,0,0,0.0,1294.66,1,0,0.0,9164.14,4,0,0.0,12605.490000000002,5,0,0.0,0
LGS2ORD0046636,C011281,2026-01-05 08:00:00,Male,53,Silver,Shopee,Bangkok,1506,CallCenter,Bank_Transfer,8,1,0,0,>50,50.2,5.0,0.0,0.0,-1,33,5129.803999999999,0.1,0.4,0.0,0.0,0.0,0,0,0.0,0.0,0,0,0.0,2059.46,1,0,0.0,25649.019999999997,5,0,0.0,0
LGS2ORD0046637,C016633,2026-01-05 08:00:00,Male,59,Bronze,CallCenter,Khon Kaen,1322,Shopee,Bank_Transfer,8,1,0,0,>50,44.06666666666667,5.0,1.0,0.2,143,149,3316.2980000000002,0.23,0.6,0.4,0.0,0.0,0,0,0.0,0.0,0,0,0.0,0.0,0,0,0.0,16581.49,5,1,0.2,0
LGS2ORD0046638,C016820,2026-01-05 08:00:00,Female,38,Silver,Shopee,Phuket,1231,Shopee,COD,8,1,0,0,30-40,41.03333333333333,7.0,2.0,0.2857142857142857,25,19,3315.09,0.25,0.7142857142857143,0.2857142857142857,0.0,0.0,0,0,0.0,2957.77,1,0,0.0,4517.0,2,1,0.5,23205.63,7,2,0.2857142857142857,0
LGS2ORD0046639,C015308,2026-01-05 08:00:00,Female,33,Bronze,Lazada,Bangkok,1752,Web,COD,8,1,0,0,30-40,58.4,6.0,1.0,0.16666666666666666,184,43,2820.1966666666667,0.18,0.5,0.0,0.0,0.0,0,0,0.0,0.0,0,0,0.0,4725.71,2,0,0.0,16921.18,6,1,0.16666666666666666,0
LGS2ORD0046640,C012816,2026-01-05 08:00:00,Male,56,Silver,Web,Bangkok,1507,TV_Show,COD,8,1,0,0,>50,50.233333333333334,3.0,1.0,0.3333333333333333,285,30,3846.466666666667,0.2,0.3333333333333333,0.0,0.0,0.0,0,0,0.0,0.0,0,0,0.0,8089.88,2,0,0.0,11539.400000000001,3,1,0.3333333333333333,0
LGS2ORD0046641,C017568,2026-01-05 09:00:00,Other,61,Bronze,Shopee,Nakhon Ratchasima,584,Shopee,COD,9,1,0,0,>50,19.466666666666665,3.0,0.0,0.0,-1,184,355.3566666666666,0.23,1.0,0.3333333333333333,0.0,0.0,0,0,0.0,0.0,0,0,0.0,0.0,0,0,0.0,1066.07,3,0,0.0,0
LGS2ORD0046642,C012812,2026-01-05 09:00:00,Female,54,Platinum,CallCenter,Chonburi,1171,TV_Show,Credit_Card,9,1,0,0,>50,39.03333333333333,2.0,0.0,0.0,-1,108,7441.349999999999,0.25,0.5,0.5,0.0,0.0,0,0,0.0,0.0,0,0,0.0,0.0,0,0,0.0,14882.699999999999,2,0,0.0,0
LGS2ORD0046643,C017741,2026-01-05 09:00:00,Male,34,Silver,Lazada,Chiang Mai,1776,TV_Show,COD,9,1,0,0,30-40,59.2,7.0,2.0,0.2857142857142857,159,8,4478.532857142858,0.3,0.5714285714285714,0.14285714285714285,0.0,0.0,0,0,0.0,3658.93,1,0,0.0,3658.93,1,0,0.0,31349.730000000007,7,2,0.2857142857142857,1
LGS2ORD0046644,C012514,2026-01-05 09:00:00,Male,47,Silver,TV,Nakhon Ratchasima,1732,CallCenter,COD,9,1,0,0,40-50,57.733333333333334,8.0,3.0,0.375,0,7,10311.72875,0.25,0.75,0.25,0.0,0.0,0,0,0.0,3055.57,2,1,0.5,3457.83,3,1,0.3333333333333333,82493.83,8,3,0.375,0
LGS2ORD0046645,C016580,2026-01-05 09:00:00,Female,32,Bronze,Web,Bangkok,778,Web,COD,9,1,0,0,30-40,25.933333333333334,11.0,3.0,0.2727272727272727,119,5,4252.867272727272,0.28,0.6363636363636364,0.5454545454545454,0.0,1039.04,1,0,0.0,2994.89,2,0,0.0,3644.88,3,0,0.0,46781.53999999999,11,3,0.2727272727272727,0
LGS2ORD0046646,C012396,2026-01-05 10:00:00,Female,56,Silver,Shopee,Remote_Area,920,Shopee,COD,10,1,0,0,>50,30.666666666666668,10.0,6.0,0.6,78,80,11180.242999999999,0.3,0.7,0.3,0.0,0.0,0,0,0.0,0.0,0,0,0.0,34791.61,2,1,0.5,111802.42999999998,10,6,0.6,1
LGS2ORD0046647,C016180,2026-01-05 10:00:00,Male,23,Gold,Shopee,Chonburi,1062,Web,COD,10,1,0,0,20-30,35.4,2.0,0.0,0.0,-1,54,723.405,0.28,0.0,1.0,0.0,0.0,0,0,0.0,0.0,0,0,0.0,926.54,1,0,0.0,1446.81,2,0,0.0,0
LGS2ORD0046648,C014356,2026-01-05 10:00:00,Male,24,Bronze,CallCenter,Remote_Area,590,CallCenter,COD,10,1,0,0,20-30,19.666666666666668,4.0,4.0,1.0,5,15,4025.2525000000005,0.28,0.75,0.75,0.0,0.0,0,0,0.0,6588.57,2,2,1.0,8507.210000000001,3,3,1.0,16101.010000000002,4,4,1.0,0
LGS2ORD0046649,C014236,2026-01-05 10:00:00,Male,37,Silver,TV,Songkhla,1765,Lazada,COD,10,1,0,0,30-40,58.833333333333336,7.0,3.0,0.42857142857142855,36,11,4837.03,0.25,0.5714285714285714,0.14285714285714285,0.0,0.0,0,0,0.0,4643.91,1,0,0.0,11946.16,3,1,0.3333333333333333,33859.21,7,3,0.42857142857142855,0
LGS2ORD0046650,C012616,2026-01-05 10:00:00,Male,45,Bronze,Shopee,Khon Kaen,1013,CallCenter,Credit_Card,10,1,0,0,40-50,33.766666666666666,3.0,0.0,0.0,-1,61,5088.093333333333,0.23,0.6666666666666666,0.3333333333333333,0.0,0.0,0,0,0.0,0.0,0,0,0.0,1851.81,1,0,0.0,15264.28,3,0,0.0,0
LGS2ORD0046651,C014289,2026-01-05 10:00:00,Male,28,Gold,Lazada,Bangkok,1173,Shopee,PromptPay,10,1,0,0,20-30,39.1,4.0,0.0,0.0,-1,97,7413.514999999999,0.2299999999999999,0.25,0.5,0.0,0.0,0,0,0.0,0.0,0,0,0.0,0.0,0,0,0.0,29654.059999999998,4,0,0.0,0
LGS2ORD0046652,C012173,2026-01-05 11:00:00,Male,40,Bronze,Shopee,Songkhla,638,Shopee,COD,11,1,0,0,30-40,21.266666666666666,9.0,4.0,0.4444444444444444,39,54,3382.3644444444444,0.23,0.7777777777777778,0.3333333333333333,0.0,0.0,0,0,0.0,0.0,0,0,0.0,1443.01,1,1,1.0,30441.28,9,4,0.4444444444444444,0
LGS2ORD0046653,C016232,2026-01-05 11:00:00,Male,29,Platinum,TV,Bangkok,1150,CallCenter,COD,11,1,0,0,20-30,38.333333333333336,8.0,2.0,0.25,137,72,3625.66625,0.25,0.5,0.25,0.0,0.0,0,0,0.0,0.0,0,0,0.0,505.07,1,0,0.0,29005.33,8,2,0.25,0
LGS2ORD0046654,C016295,2026-01-05 11:00:00,Female,25,Silver,TV,Bangkok,611,Web,COD,11,1,0,0,20-30,20.366666666666667,6.0,2.0,0.3333333333333333,27,38,4284.6466666666665,0.3,0.3333333333333333,0.6666666666666666,0.0,0.0,0,0,0.0,0.0,0,0,0.0,4807.58,1,1,1.0,25707.879999999997,6,2,0.3333333333333333,0
LGS2ORD0046655,C010697,2026-01-05 11:00:00,Male,40,Platinum,Lazada,Bangkok,393,Shopee,Credit_Card,11,1,0,0,30-40,13.1,3.0,0.0,0.0,-1,76,2577.2833333333333,0.2,0.3333333333333333,0.0,0.0,0.0,0,0,0.0,0.0,0,0,0.0,1048.26,1,0,0.0,7731.85,3,0,0.0,0
LGS2ORD0046656,C015666,2026-01-05 11:00:00,Female,37,Gold,Shopee,Bangkok,856,Lazada,COD,11,1,0,0,30-40,28.533333333333335,3.0,1.0,0.3333333333333333,271,191,3495.51,0.28,0.3333333333333333,0.3333333333333333,0.0,0.0,0,0,0.0,0.0,0,0,0.0,0.0,0,0,0.0,10486.53,3,1,0.3333333333333333,1
LGS2ORD0046657,C015622,2026-01-05 12:00:00,Female,34,Bronze,TV,Chiang Mai,455,Lazada,COD,12,1,0,0,30-40,15.166666666666666,4.0,2.0,0.5,327,61,2391.335,0.18,0.25,0.0,0.0,0.0,0,0,0.0,0.0,0,0,0.0,3012.8,1,0,0.0,9565.34,4,2,0.5,0
LGS2ORD0046658,C015518,2026-01-05 12:00:00,Male,57,Silver,Shopee,Bangkok,1437,TV_Show,PromptPay,12,1,0,0,>50,47.9,6.0,0.0,0.0,-1,5,4369.346666666667,0.3,0.5,0.5,0.0,6267.33,1,0,0.0,16997.309999999998,2,0,0.0,18151.489999999998,3,0,0.0,26216.08,6,0,0.0,0
LGS2ORD0046659,C011249,2026-01-05 12:00:00,Female,52,Bronze,TV,Remote_Area,1379,Shopee,Credit_Card,12,1,0,0,>50,45.96666666666667,4.0,2.0,0.5,204,114,4571.5275,0.18,0.75,0.0,0.0,0.0,0,0,0.0,0.0,0,0,0.0,0.0,0,0,0.0,18286.11,4,2,0.5,0
LGS2ORD0046660,C012381,2026-01-05 12:00:00,Male,48,Gold,CallCenter,Remote_Area,1762,Shopee,COD,12,1,0,0,40-50,58.733333333333334,9.0,1.0,0.1111111111111111,115,8,3112.841111111111,0.33,0.3333333333333333,0.4444444444444444,0.0,0.0,0,0,0.0,4649.64,2,0,0.0,8622.98,4,0,0.0,28015.569999999996,9,1,0.1111111111111111,0
LGS2ORD0046661,C015251,2026-01-05 12:00:00,Male,25,Platinum,CallCenter,Bangkok,1826,Web,Credit_Card,12,1,0,0,20-30,60.86666666666667,7.0,2.0,0.2857142857142857,69,71,2663.3300000000004,0.35,0.8571428571428571,0.42857142857142855,0.0,0.0,0,0,0.0,0.0,0,0,0.0,1867.13,1,1,1.0,18643.31,7,2,0.2857142857142857,1
LGS2ORD0046662,C016868,2026-01-05 13:00:00,Male,33,Silver,Lazada,Khon Kaen,1804,Web,COD,13,1,0,0,30-40,60.13333333333333,8.0,2.0,0.25,139,21,2483.49,0.25,0.375,0.375,0.0,0.0,0,0,0.0,3411.88,1,0,0.0,3411.88,1,0,0.0,19867.92,8,2,0.25,0
LGS2ORD0046663,C012862,2026-01-05 13:00:00,Female,63,Silver,TV,Bangkok,829,Shopee,Credit_Card,13,1,0,0,>50,27.633333333333333,5.0,0.0,0.0,-1,34,3847.4840000000004,0.2,0.6,0.0,0.0,0.0,0,0,0.0,0.0,0,0,0.0,8693.7,2,0,0.0,19237.420000000002,5,0,0.0,0
LGS2ORD0046664,C016981,2026-01-05 13:00:00,Male,40,Gold,Lazada,Phuket,817,Shopee,COD,13,1,0,0,30-40,27.233333333333334,2.0,1.0,0.5,253,261,4332.65,0.2299999999999999,0.5,0.5,0.0,0.0,0,0,0.0,0.0,0,0,0.0,0.0,0,0,0.0,8665.3,2,1,0.5,1
LGS2ORD0046665,C017114,2026-01-05 13:00:00,Female,38,Silver,Web,Songkhla,564,Web,Credit_Card,13,1,0,0,30-40,18.8,4.0,1.0,0.25,298,15,7417.215,0.25,0.5,0.25,0.0,0.0,0,0,0.0,169.31,1,0,0.0,169.31,1,0,0.0,29668.86,4,1,0.25,1
LGS2ORD0046666,C016453,2026-01-05 13:00:00,Male,54,Gold,Lazada,Chonburi,1168,Shopee,Credit_Card,13,1,0,0,>50,38.93333333333333,5.0,0.0,0.0,-1,17,4141.914,0.33,0.6,0.4,0.0,0.0,0,0,0.0,2253.89,1,0,0.0,2253.89,1,0,0.0,20709.57,5,0,0.0,0
LGS2ORD0046667,C013143,2026-01-05 14:00:00,Male,33,Platinum,Shopee,Khon Kaen,1368,CallCenter,PromptPay,14,1,0,0,30-40,45.6,3.0,1.0,0.3333333333333333,110,126,1398.2733333333333,0.25,0.6666666666666666,0.3333333333333333,0.0,0.0,0,0,0.0,0.0,0,0,0.0,0.0,0,0,0.0,4194.82,3,1,0.3333333333333333,0
LGS2ORD0046668,C012572,2026-01-05 14:00:00,Female,30,Platinum,Lazada,Bangkok,540,Shopee,PromptPay,14,1,0,0,20-30,18.0,2.0,1.0,0.5,270,229,1375.77,0.25,0.5,0.5,0.0,0.0,0,0,0.0,0.0,0,0,0.0,0.0,0,0,0.0,2751.54,2,1,0.5,0
LGS2ORD0046669,C013330,2026-01-05 14:00:00,Male,37,Gold,Shopee,Bangkok,875,Web,COD,14,1,0,0,30-40,29.166666666666668,5.0,1.0,0.2,50,7,3838.322,0.33,0.4,0.6,0.0,0.0,0,0,0.0,1169.81,1,0,0.0,9704.83,3,1,0.3333333333333333,11459.89,4,1,0.25,1
LGS2ORD0046670,C013205,2026-01-05 14:00:00,Male,50,Bronze,TV,Remote_Area,816,TV_Show,COD,14,1,0,0,40-50,27.2,8.0,4.0,0.5,61,70,4243.58625,0.18,0.5,0.0,0.0,0.0,0,0,0.0,0.0,0,0,0.0,6443.27,1,1,1.0,27715.730000000003,7,4,0.5714285714285714,0
LGS2ORD0046671,C014672,2026-01-05 14:00:00,Female,39,Bronze,Shopee,Chiang Mai,1795,Web,COD,14,1,0,0,30-40,59.833333333333336,14.0,3.0,0.21428571428571427,35,20,5886.752857142856,0.23,0.6428571428571429,0.14285714285714285,0.07142857142857142,0.0,0,0,0.0,2172.2,1,0,0.0,4506.84,3,1,0.3333333333333333,82414.53999999998,14,3,0.21428571428571427,1
LGS2ORD0046672,C010967,2026-01-05 14:00:00,Female,31,Silver,Shopee,Nakhon Ratchasima,1541,Lazada,Credit_Card,14,1,0,0,30-40,51.36666666666667,4.0,1.0,0.25,183,175,7297.6425,0.2,0.5,0.0,0.0,0.0,0,0,0.0,0.0,0,0,0.0,0.0,0,0,0.0,29190.57,4,1,0.25,0
LGS2ORD0046673,C012241,2026-01-05 15:00:00,Male,48,Silver,TV,Chonburi,1175,Web,Credit_Card,15,1,0,0,40-50,39.166666666666664,2.0,0.0,0.0,-1,249,5047.63,0.25,0.0,0.5,0.0,0.0,0,0,0.0,0.0,0,0,0.0,0.0,0,0,0.0,10095.26,2,0,0.0,0
LGS2ORD0046674,C012907,2026-01-05 15:00:00,Female,48,Bronze,Web,Bangkok,412,Shopee,COD,15,1,0,0,40-50,13.733333333333333,4.0,0.0,0.0,-1,90,7621.45,0.18,0.75,0.0,0.0,0.0,0,0,0.0,0.0,0,0,0.0,0.0,0,0,0.0,30485.8,4,0,0.0,0
LGS2ORD0046675,C016596,2026-01-05 15:00:00,Female,39,Bronze,Web,Chonburi,872,Shopee,COD,15,1,0,0,30-40,29.066666666666666,7.0,1.0,0.14285714285714285,61,69,4678.215714285715,0.23,0.5714285714285714,0.14285714285714285,0.0,0.0,0,0,0.0,0.0,0,0,0.0,3759.9700000000003,2,1,0.5,32747.510000000002,7,1,0.14285714285714285,0
LGS2ORD0046676,C011850,2026-01-05 15:00:00,Male,57,Bronze,Shopee,Remote_Area,671,Shopee,COD,15,1,0,0,>50,22.366666666666667,14.0,4.0,0.2857142857142857,-5,8,7426.68,0.18,0.7142857142857143,0.0,0.0,0.0,0,0,0.0,20177.63,2,1,0.5,41863.46000000001,3,1,0.3333333333333333,103973.52,14,4,0.2857142857142857,0
LGS2ORD0046677,C017363,2026-01-05 15:00:00,Female,40,Silver,CallCenter,Khon Kaen,572,Web,Credit_Card,15,1,0,0,30-40,19.066666666666666,6.0,1.0,0.16666666666666666,330,17,7569.238333333332,0.2,0.3333333333333333,0.0,0.0,0.0,0,0,0.0,3252.66,1,0,0.0,3252.66,1,0,0.0,45415.42999999999,6,1,0.16666666666666666,0
LGS2ORD0046678,C013431,2026-01-05 16:00:00,Female,39,Bronze,Lazada,Remote_Area,1582,TV_Show,COD,16,1,0,0,30-40,52.733333333333334,7.0,6.0,0.8571428571428571,15,28,3921.6428571428573,0.28,0.42857142857142855,0.2857142857142857,0.0,0.0,0,0,0.0,2772.06,1,1,1.0,16491.78,2,2,1.0,27451.5,7,6,0.8571428571428571,0
LGS2ORD0046679,C014852,2026-01-05 16:00:00,Male,31,Bronze,TV,Bangkok,1080,Shopee,COD,16,1,0,0,30-40,36.0,5.0,0.0,0.0,-1,15,5506.814,0.28,0.4,0.2,0.0,0.0,0,0,0.0,1706.18,1,0,0.0,1706.18,1,0,0.0,27534.07,5,0,0.0,0
LGS2ORD0046680,C015196,2026-01-05 16:00:00,Female,42,Bronze,Lazada,Bangkok,1517,TV_Show,PromptPay,16,1,0,0,40-50,50.56666666666667,6.0,1.0,0.16666666666666666,217,204,6216.161666666667,0.28,0.5,0.16666666666666666,0.0,0.0,0,0,0.0,0.0,0,0,0.0,0.0,0,0,0.0,37296.97,6,1,0.16666666666666666,0
LGS2ORD0046681,C013399,2026-01-05 16:00:00,Other,39,Gold,Web,Nakhon Ratchasima,1335,Web,PromptPay,16,1,0,0,30-40,44.5,3.0,0.0,0.0,-1,86,4923.3,0.33,0.0,0.3333333333333333,0.0,0.0,0,0,0.0,0.0,0,0,0.0,1539.9,1,0,0.0,14769.9,3,0,0.0,0
LGS2ORD0046682,C013071,2026-01-05 16:00:00,Male,23,Bronze,Lazada,Khon Kaen,1351,CallCenter,PromptPay,16,1,0,0,20-30,45.03333333333333,8.0,4.0,0.5,23,34,5822.0075,0.28,0.5,0.375,0.0,0.0,0,0,0.0,0.0,0,0,0.0,9082.859999999999,2,1,0.5,46576.06,8,4,0.5,1
LGS2ORD0046683,C017161,2026-01-05 17:00:00,Female,46,Bronze,Web,Bangkok,1014,Shopee,Credit_Card,17,1,0,0,40-50,33.8,6.0,1.0,0.16666666666666666,69,58,7177.448333333333,0.18,0.3333333333333333,0.0,0.0,0.0,0,0,0.0,0.0,0,0,0.0,2962.8500000000004,2,1,0.5,43064.689999999995,6,1,0.16666666666666666,0
LGS2ORD0046684,C016621,2026-01-05 17:00:00,Male,34,Gold,Web,Chiang Mai,1166,Lazada,PromptPay,17,1,0,0,30-40,38.86666666666667,4.0,1.0,0.25,260,122,3710.6974999999998,0.33,0.25,0.75,0.0,0.0,0,0,0.0,0.0,0,0,0.0,0.0,0,0,0.0,14842.789999999999,4,1,0.25,0
LGS2ORD0046685,C014253,2026-01-05 17:00:00,Female,44,Bronze,Lazada,Phuket,1670,TV_Show,COD,17,1,0,0,40-50,55.666666666666664,8.0,1.0,0.125,34,12,3822.2775,0.23,0.5,0.125,0.125,0.0,0,0,0.0,9741.89,2,0,0.0,27352.33,6,1,0.16666666666666666,30578.22,8,1,0.125,0
LGS2ORD0046686,C017322,2026-01-05 17:00:00,Female,18,Bronze,TV,Chiang Mai,1557,Shopee,Credit_Card,17,1,0,0,<20,51.9,5.0,2.0,0.4,77,79,3545.8020000000006,0.28,0.8,0.4,0.0,0.0,0,0,0.0,0.0,0,0,0.0,7839.83,2,1,0.5,17729.010000000002,5,2,0.4,1
LGS2ORD0046687,C014029,2026-01-05 17:00:00,Female,50,Platinum,Shopee,Bangkok,1307,TV_Show,Credit_Card,17,1,0,0,40-50,43.56666666666667,6.0,1.0,0.16666666666666666,131,22,6815.453333333332,0.3,0.5,0.6666666666666666,0.0,0.0,0,0,0.0,1755.57,1,0,0.0,15518.1,2,0,0.0,40892.719999999994,6,1,0.16666666666666666,0
LGS2ORD0046688,C017715,2026-01-05 18:00:00,Male,18,Bronze,TV,Chiang Mai,1602,Web,COD,18,1,0,0,<20,53.4,3.0,2.0,0.6666666666666666,20,25,7981.909999999999,0.28,0.6666666666666666,0.3333333333333333,0.0,0.0,0,0,0.0,1083.42,1,1,1.0,1083.42,1,1,1.0,23945.729999999996,3,2,0.6666666666666666,0
LGS2ORD0046689,C016576,2026-01-05 18:00:00,Female,18,Bronze,Web,Chonburi,1138,Lazada,PromptPay,18,1,0,0,<20,37.93333333333333,9.0,5.0,0.5555555555555556,13,24,4216.604444444445,0.28,0.6666666666666666,0.3333333333333333,0.0,0.0,0,0,0.0,6710.39,1,1,1.0,6710.39,1,1,1.0,37949.44,9,5,0.5555555555555556,0
LGS2ORD0046690,C010852,2026-01-05 18:00:00,Male,49,Gold,Web,Chiang Mai,1629,Lazada,Bank_Transfer,18,1,0,0,40-50,54.3,6.0,1.0,0.16666666666666666,0,11,4974.651666666668,0.28,0.6666666666666666,0.16666666666666666,0.0,0.0,0,0,0.0,885.36,1,1,1.0,12414.78,2,1,0.5,29847.910000000003,6,1,0.16666666666666666,0
LGS2ORD0046691,C011003,2026-01-05 18:00:00,Male,52,Silver,CallCenter,Khon Kaen,842,TV_Show,Bank_Transfer,18,1,0,0,>50,28.066666666666666,4.0,0.0,0.0,-1,100,2166.8775,0.3,0.25,0.5,0.0,0.0,0,0,0.0,0.0,0,0,0.0,0.0,0,0,0.0,8667.51,4,0,0.0,0
LGS2ORD0046692,C015055,2026-01-05 18:00:00,Male,41,Gold,TV,Bangkok,938,Lazada,COD,18,1,0,0,40-50,31.266666666666666,8.0,4.0,0.5,78,81,2608.37125,0.33,0.5,0.625,0.0,0.0,0,0,0.0,0.0,0,0,0.0,5144.41,2,1,0.5,20866.97,8,4,0.5,0
LGS2ORD0046693,C017863,2026-01-05 18:00:00,Male,39,Silver,Shopee,Phuket,1056,Shopee,COD,18,1,0,0,30-40,35.2,4.0,2.0,0.5,43,54,6326.49,0.25,0.5,0.25,0.0,0.0,0,0,0.0,0.0,0,0,0.0,11572.859999999999,2,2,1.0,25305.96,4,2,0.5,0
LGS2ORD0046694,C010121,2026-01-05 19:00:00,Female,51,Silver,Shopee,Bangkok,823,Shopee,COD,19,1,0,0,>50,27.433333333333334,5.0,0.0,0.0,-1,145,10015.15,0.25,0.0,0.2,0.0,0.0,0,0,0.0,0.0,0,0,0.0,0.0,0,0,0.0,50075.75,5,0,0.0,0
LGS2ORD0046695,C010781,2026-01-05 19:00:00,Male,43,Silver,TV,Khon Kaen,1426,CallCenter,COD,19,1,0,0,40-50,47.53333333333333,5.0,1.0,0.2,298,112,3229.866,0.25,0.8,0.4,0.0,0.0,0,0,0.0,0.0,0,0,0.0,0.0,0,0,0.0,16149.33,5,1,0.2,0
LGS2ORD0046696,C012094,2026-01-05 19:00:00,Male,45,Bronze,Web,Chiang Mai,932,Web,COD,19,1,0,0,40-50,31.066666666666666,5.0,1.0,0.2,296,78,10122.418000000001,0.23,0.6,0.2,0.0,0.0,0,0,0.0,0.0,0,0,0.0,774.41,1,0,0.0,50612.090000000004,5,1,0.2,0
LGS2ORD0046697,C016455,2026-01-05 19:00:00,Female,20,Bronze,CallCenter,Bangkok,1557,Shopee,COD,19,1,0,0,<20,51.9,8.0,1.0,0.125,325,5,8896.73375,0.18,0.375,0.0,0.0,3667.66,1,0,0.0,3667.66,1,0,0.0,13596.61,2,0,0.0,64256.100000000006,7,1,0.14285714285714285,0
LGS2ORD0046698,C016544,2026-01-05 19:00:00,Male,30,Bronze,Shopee,Bangkok,1796,Web,PromptPay,19,1,0,0,20-30,59.86666666666667,3.0,0.0,0.0,-1,279,8974.763333333332,0.18,0.6666666666666666,0.0,0.0,0.0,0,0,0.0,0.0,0,0,0.0,0.0,0,0,0.0,26924.289999999997,3,0,0.0,0
LGS2ORD0046699,C016059,2026-01-05 20:00:00,Female,34,Platinum,Shopee,Bangkok,1220,CallCenter,Credit_Card,20,1,0,0,30-40,40.666666666666664,3.0,1.0,0.3333333333333333,100,116,1939.1499999999999,0.15,0.6666666666666666,0.0,0.0,0.0,0,0,0.0,0.0,0,0,0.0,0.0,0,0,0.0,5817.45,3,1,0.3333333333333333,0
LGS2ORD0046700,C015433,2026-01-05 20:00:00,Other,24,Bronze,Shopee,Chiang Mai,1239,CallCenter,Credit_Card,20,1,0,0,20-30,41.3,2.0,1.0,0.5,29,43,9220.73,0.23,0.5,0.5,0.0,0.0,0,0,0.0,0.0,0,0,0.0,18441.46,2,1,0.5,18441.46,2,1,0.5,0
LGS2ORD0046701,C014841,2026-01-05 20:00:00,Male,67,Bronze,Shopee,Remote_Area,523,Lazada,COD,20,1,0,0,>50,17.433333333333334,10.0,1.0,0.1,205,30,3943.2529999999997,0.23,0.5,0.1,0.0,0.0,0,0,0.0,0.0,0,0,0.0,3293.33,2,0,0.0,33104.39,9,1,0.1111111111111111,0
LGS2ORD0046702,C012927,2026-01-05 20:00:00,Male,24,Silver,TV,Bangkok,715,Shopee,COD,20,1,0,0,20-30,23.833333333333332,2.0,1.0,0.5,74,88,1283.05,0.1,0.5,0.0,0.0,0.0,0,0,0.0,0.0,0,0,0.0,2002.06,1,1,1.0,2566.1,2,1,0.5,1
LGS2ORD0046703,C013583,2026-01-05 20:00:00,Female,39,Gold,Web,Chonburi,1184,Lazada,Credit_Card,20,1,0,0,30-40,39.46666666666667,3.0,0.0,0.0,-1,20,1565.8999999999999,0.13,0.0,0.0,0.0,0.0,0,0,0.0,1345.84,1,0,0.0,1345.84,1,0,0.0,4697.7,3,0,0.0,0
LGS2ORD0046704,C017286,2026-01-05 21:00:00,Male,43,Silver,CallCenter,Chonburi,1615,Shopee,COD,21,1,0,0,40-50,53.833333333333336,8.0,1.0,0.125,71,19,9466.55,0.25,0.25,0.125,0.0,0.0,0,0,0.0,20670.64,1,0,0.0,47961.68,4,1,0.25,75732.4,8,1,0.125,1
LGS2ORD0046705,C017785,2026-01-05 21:00:00,Female,58,Silver,Lazada,Khon Kaen,1176,Web,PromptPay,21,1,0,0,>50,39.2,7.0,0.0,0.0,-1,24,8212.225714285714,0.25,0.7142857142857143,0.14285714285714285,0.0,0.0,0,0,0.0,6207.65,2,0,0.0,6207.65,2,0,0.0,57485.58,7,0,0.0,0
LGS2ORD0046706,C012306,2026-01-05 21:00:00,Male,31,Bronze,Shopee,Bangkok,1781,Lazada,Bank_Transfer,21,1,0,0,30-40,59.36666666666667,5.0,0.0,0.0,-1,155,6987.232000000001,0.18,0.6,0.0,0.0,0.0,0,0,0.0,0.0,0,0,0.0,0.0,0,0,0.0,34936.16,5,0,0.0,0
LGS2ORD0046707,C013461,2026-01-05 21:00:00,Female,47,Bronze,CallCenter,Bangkok,419,Web,COD,21,1,0,0,40-50,13.966666666666667,10.0,1.0,0.1,117,91,3915.541,0.28,0.4,0.4,0.0,0.0,0,0,0.0,0.0,0,0,0.0,0.0,0,0,0.0,36435.45,9,1,0.1111111111111111,1
LGS2ORD0046708,C015965,2026-01-05 21:00:00,Female,29,Bronze,Shopee,Chonburi,1602,TV_Show,Credit_Card,21,1,0,0,20-30,53.4,5.0,1.0,0.2,162,20,8489.612,0.18,0.4,0.0,0.0,0.0,0,0,0.0,5863.1,1,0,0.0,10841.0,2,0,0.0,42448.06,5,1,0.2,0
LGS2ORD0046709,C012323,2026-01-05 22:00:00,Female,37,Gold,TV,Chonburi,1571,TV_Show,Credit_Card,22,1,0,0,30-40,52.36666666666667,2.0,1.0,0.5,-3,5,2472.295,0.2299999999999999,0.5,0.5,0.0,3663.58,1,1,1.0,4944.59,2,1,0.5,4944.59,2,1,0.5,4944.59,2,1,0.5,0
LGS2ORD0046710,C013338,2026-01-05 22:00:00,Male,49,Bronze,TV,Phuket,501,Shopee,COD,22,1,0,0,40-50,16.7,2.0,2.0,1.0,61,76,4378.835,0.08,1.0,0.0,0.0,0.0,0,0,0.0,0.0,0,0,0.0,4310.84,1,1,1.0,8757.67,2,2,1.0,0
LGS2ORD0046711,C014937,2026-01-05 22:00:00,Male,42,Bronze,Shopee,Phuket,1442,Web,COD,22,1,0,0,40-50,48.06666666666667,7.0,3.0,0.42857142857142855,111,8,4744.577142857143,0.18,0.8571428571428571,0.0,0.0,0.0,0,0,0.0,830.3,1,0,0.0,830.3,1,0,0.0,33212.04,7,3,0.42857142857142855,0
LGS2ORD0046712,C013829,2026-01-05 22:00:00,Female,66,Bronze,Lazada,Bangkok,1100,Web,Credit_Card,22,1,0,0,>50,36.666666666666664,6.0,2.0,0.3333333333333333,167,128,7097.435,0.28,0.6666666666666666,0.16666666666666666,0.0,0.0,0,0,0.0,0.0,0,0,0.0,0.0,0,0,0.0,42584.61,6,2,0.3333333333333333,0
LGS2ORD0046713,C013886,2026-01-05 22:00:00,Male,33,Silver,CallCenter,Bangkok,1575,CallCenter,PromptPay,22,1,0,0,30-40,52.5,2.0,1.0,0.5,34,48,867.97,0.3,0.5,0.5,0.0,0.0,0,0,0.0,0.0,0,0,0.0,619.03,1,1,1.0,1735.94,2,1,0.5,0
LGS2ORD0046714,C013742,2026-01-05 22:00:00,Male,46,Platinum,Lazada,Remote_Area,1178,Shopee,Bank_Transfer,22,1,0,0,40-50,39.266666666666666,4.0,0.0,0.0,-1,68,5193.8775,0.3,0.5,0.5,0.0,0.0,0,0,0.0,0.0,0,0,0.0,3115.91,1,0,0.0,20775.51,4,0,0.0,1
LGS2ORD0046715,C016892,2026-01-05 23:00:00,Male,62,Bronze,TV,Songkhla,1661,Web,Bank_Transfer,23,1,0,0,>50,55.36666666666667,6.0,2.0,0.3333333333333333,90,79,2922.0966666666664,0.23,0.5,0.3333333333333333,0.0,0.0,0,0,0.0,0.0,0,0,0.0,1821.21,1,0,0.0,17532.579999999998,6,2,0.3333333333333333,1
LGS2ORD0046716,C010093,2026-01-05 23:00:00,Male,20,Bronze,Web,Chonburi,609,Shopee,COD,23,1,0,0,<20,20.3,8.0,1.0,0.125,44,4,5252.85125,0.23,0.75,0.125,0.0,3520.1,1,0,0.0,3520.1,1,0,0.0,21792.05,4,1,0.25,42022.81,8,1,0.125,1
LGS2ORD0046717,C015353,2026-01-05 23:00:00,Female,43,Bronze,TV,Chonburi,1247,Lazada,Credit_Card,23,1,0,0,40-50,41.56666666666667,5.0,2.0,0.4,137,8,4860.448,0.18,0.8,0.0,0.0,0.0,0,0,0.0,4631.82,1,0,0.0,4631.82,1,0,0.0,24302.24,5,2,0.4,0
LGS2ORD0046718,C011775,2026-01-05 23:00:00,Female,18,Silver,Shopee,Chiang Mai,1159,Shopee,PromptPay,23,1,0,0,<20,38.63333333333333,3.0,0.0,0.0,-1,14,3072.81,0.25,0.6666666666666666,0.3333333333333333,0.0,0.0,0,0,0.0,785.68,1,0,0.0,785.68,1,0,0.0,9218.43,3,0,0.0,1
LGS2ORD0046719,C017939,2026-01-05 23:00:00,Male,69,Silver,CallCenter,Nakhon Ratchasima,689,Web,Credit_Card,23,1,0,0,>50,22.966666666666665,1.0,1.0,1.0,326,328,662.08,0.1,1.0,0.0,0.0,0.0,0,0,0.0,0.0,0,0,0.0,0.0,0,0,0.0,662.08,1,1,1.0,1
LGS2ORD0046720,C016236,2026-01-06 00:00:00,Female,18,Bronze,Lazada,Khon Kaen,484,Shopee,PromptPay,0,1,1,0,<20,16.133333333333333,7.0,1.0,0.14285714285714285,6,13,6939.484285714286,0.23,0.7142857142857143,0.14285714285714285,0.0,0.0,0,0,0.0,5672.93,1,1,1.0,7251.1900000000005,2,1,0.5,48576.39,7,1,0.14285714285714285,0
LGS2ORD0046721,C016221,2026-01-06 00:00:00,Female,28,Bronze,TV,Remote_Area,1633,Shopee,PromptPay,0,1,1,0,20-30,54.43333333333333,8.0,4.0,0.5,63,28,6577.365,0.28,0.375,0.375,0.0,0.0,0,0,0.0,282.56,1,0,0.0,1323.82,2,1,0.5,52618.92,8,4,0.5,0
LGS2ORD0046722,C011703,2026-01-06 00:00:00,Male,23,Silver,Web,Remote_Area,1517,CallCenter,Bank_Transfer,0,1,1,0,20-30,50.56666666666667,3.0,0.0,0.0,-1,65,2310.47,0.3,0.3333333333333333,0.3333333333333333,0.0,0.0,0,0,0.0,0.0,0,0,0.0,3177.94,1,0,0.0,6931.41,3,0,0.0,0
LGS2ORD0046723,C010001,2026-01-06 00:00:00,Male,41,Bronze,TV,Phuket,1268,Shopee,PromptPay,0,1,1,0,40-50,42.266666666666666,5.0,2.0,0.4,147,61,5539.11,0.28,0.6,0.4,0.0,0.0,0,0,0.0,0.0,0,0,0.0,18310.44,1,0,0.0,25166.51,4,2,0.5,0
LGS2ORD0046724,C016578,2026-01-06 00:00:00,Female,42,Gold,Shopee,Phuket,1525,CallCenter,COD,0,1,1,0,40-50,50.833333333333336,5.0,4.0,0.8,58,67,10507.326000000001,0.33,0.4,0.6,0.0,0.0,0,0,0.0,0.0,0,0,0.0,3158.05,1,1,1.0,52536.630000000005,5,4,0.8,1
LGS2ORD0046725,C016075,2026-01-06 01:00:00,Female,51,Bronze,Web,Bangkok,1285,Shopee,COD,1,1,1,0,>50,42.833333333333336,3.0,0.0,0.0,-1,74,4112.426666666666,0.18,0.6666666666666666,0.0,0.0,0.0,0,0,0.0,0.0,0,0,0.0,10697.98,1,0,0.0,12337.279999999999,3,0,0.0,0
LGS2ORD0046726,C016963,2026-01-06 01:00:00,Male,46,Bronze,Shopee,Khon Kaen,1223,CallCenter,COD,1,1,1,0,40-50,40.766666666666666,3.0,1.0,0.3333333333333333,109,114,5865.313333333333,0.23,0.0,0.6666666666666666,0.0,0.0,0,0,0.0,0.0,0,0,0.0,0.0,0,0,0.0,17595.94,3,1,0.3333333333333333,0
LGS2ORD0046727,C014934,2026-01-06 01:00:00,Male,48,Silver,TV,Bangkok,1643,CallCenter,COD,1,1,1,0,40-50,54.766666666666666,5.0,0.0,0.0,-1,55,2390.1880000000006,0.3,0.2,0.6,0.0,0.0,0,0,0.0,0.0,0,0,0.0,2785.88,2,0,0.0,8373.019999999999,4,0,0.0,1
LGS2ORD0046728,C012855,2026-01-06 01:00:00,Male,35,Bronze,Shopee,Chiang Mai,1134,Lazada,Credit_Card,1,1,1,0,30-40,37.8,7.0,1.0,0.14285714285714285,17,30,7580.547142857142,0.23,0.5714285714285714,0.2857142857142857,0.0,0.0,0,0,0.0,0.0,0,0,0.0,9430.63,3,1,0.3333333333333333,53063.829999999994,7,1,0.14285714285714285,1
LGS2ORD0046729,C014897,2026-01-06 01:00:00,Male,20,Bronze,TV,Bangkok,1532,Shopee,COD,1,1,1,0,<20,51.06666666666667,8.0,2.0,0.25,39,52,4770.255000000001,0.28,0.5,0.25,0.0,0.0,0,0,0.0,0.0,0,0,0.0,18170.7,3,1,0.3333333333333333,38162.04000000001,8,2,0.25,1
LGS2ORD0046730,C010195,2026-01-06 01:00:00,Male,56,Platinum,TV,Chonburi,1506,TV_Show,COD,1,1,1,0,>50,50.2,6.0,1.0,0.16666666666666666,331,55,6036.965,0.35,0.16666666666666666,0.16666666666666666,0.0,0.0,0,0,0.0,0.0,0,0,0.0,9478.69,1,0,0.0,36221.79,6,1,0.16666666666666666,0
LGS2ORD0046731,C016549,2026-01-06 02:00:00,Female,34,Platinum,Shopee,Bangkok,385,TV_Show,Credit_Card,2,1,1,0,30-40,12.833333333333334,3.0,1.0,0.3333333333333333,341,162,1518.0533333333333,0.3,0.6666666666666666,0.6666666666666666,0.0,0.0,0,0,0.0,0.0,0,0,0.0,0.0,0,0,0.0,4554.16,3,1,0.3333333333333333,0
LGS2ORD0046732,C010554,2026-01-06 02:00:00,Female,44,Bronze,TV,Songkhla,1108,Web,Credit_Card,2,1,1,0,40-50,36.93333333333333,10.0,2.0,0.2,54,30,3577.928,0.28,0.5,0.3,0.0,0.0,0,0,0.0,0.0,0,0,0.0,9623.3,2,1,0.5,35779.28,10,2,0.2,0
LGS2ORD0046733,C010674,2026-01-06 02:00:00,Female,47,Gold,Shopee,Bangkok,774,CallCenter,Credit_Card,2,1,1,0,40-50,25.8,3.0,1.0,0.3333333333333333,191,31,3037.1733333333336,0.2299999999999999,1.0,0.3333333333333333,0.0,0.0,0,0,0.0,0.0,0,0,0.0,1969.62,1,0,0.0,9111.52,3,1,0.3333333333333333,0
LGS2ORD0046734,C016770,2026-01-06 02:00:00,Female,38,Bronze,Shopee,Bangkok,767,TV_Show,COD,2,1,1,0,30-40,25.566666666666666,5.0,0.0,0.0,-1,35,3501.3660000000004,0.23,0.2,0.2,0.0,0.0,0,0,0.0,0.0,0,0,0.0,562.79,1,0,0.0,17506.83,5,0,0.0,1
LGS2ORD0046735,C013590,2026-01-06 02:00:00,Female,30,Bronze,Web,Bangkok,803,Web,COD,2,1,1,0,20-30,26.766666666666666,7.0,2.0,0.2857142857142857,26,32,5608.078571428571,0.28,0.42857142857142855,0.42857142857142855,0.0,0.0,0,0,0.0,0.0,0,0,0.0,29714.579999999998,3,1,0.3333333333333333,39256.549999999996,7,2,0.2857142857142857,0
LGS2ORD0046736,C013649,2026-01-06 03:00:00,Female,46,Bronze,TV,Chonburi,1323,TV_Show,COD,3,1,1,0,40-50,44.1,11.0,3.0,0.2727272727272727,2,5,3935.4809090909084,0.28,0.7272727272727273,0.36363636363636365,0.0,1290.82,1,1,1.0,7139.5599999999995,2,1,0.5,24473.6,5,2,0.4,43290.28999999999,11,3,0.2727272727272727,0
LGS2ORD0046737,C013062,2026-01-06 03:00:00,Female,30,Platinum,Lazada,Khon Kaen,1400,TV_Show,COD,3,1,1,0,20-30,46.666666666666664,5.0,0.0,0.0,-1,16,6203.933999999999,0.3,0.2,0.2,0.0,0.0,0,0,0.0,27046.36,2,0,0.0,27046.36,2,0,0.0,31019.67,5,0,0.0,0
LGS2ORD0046738,C013830,2026-01-06 03:00:00,Male,61,Gold,Lazada,Bangkok,760,Shopee,Credit_Card,3,1,1,0,>50,25.333333333333332,7.0,2.0,0.2857142857142857,105,114,5276.03,0.28,0.42857142857142855,0.5714285714285714,0.0,0.0,0,0,0.0,0.0,0,0,0.0,0.0,0,0,0.0,36932.21,7,2,0.2857142857142857,0
LGS2ORD0046739,C014579,2026-01-06 03:00:00,Female,46,Gold,Web,Remote_Area,1773,CallCenter,Credit_Card,3,1,1,0,40-50,59.1,4.0,1.0,0.25,293,46,3264.69,0.28,0.5,1.0,0.0,0.0,0,0,0.0,0.0,0,0,0.0,2888.57,1,0,0.0,13058.76,4,1,0.25,0
LGS2ORD0046740,C016647,2026-01-06 03:00:00,Male,39,Bronze,TV,Remote_Area,711,Lazada,PromptPay,3,1,1,0,30-40,23.7,6.0,4.0,0.6666666666666666,14,23,7476.308333333332,0.23,0.8333333333333334,0.16666666666666666,0.0,0.0,0,0,0.0,506.63,1,1,1.0,3694.4,2,2,1.0,44857.84999999999,6,4,0.6666666666666666,0
LGS2ORD0046741,C011071,2026-01-06 04:00:00,Female,36,Bronze,Web,Nakhon Ratchasima,1746,Shopee,Credit_Card,4,1,1,0,30-40,58.2,7.0,0.0,0.0,-1,2,4032.4557142857147,0.23,0.2857142857142857,0.42857142857142855,0.0,9009.51,1,0,0.0,9009.51,1,0,0.0,11002.9,2,0,0.0,28227.190000000002,7,0,0.0,0
LGS2ORD0046742,C012213,2026-01-06 04:00:00,Male,21,Gold,Shopee,Bangkok,701,Shopee,COD,4,1,1,0,20-30,23.366666666666667,3.0,1.0,0.3333333333333333,74,72,2605.0866666666666,0.33,0.3333333333333333,0.6666666666666666,0.0,0.0,0,0,0.0,0.0,0,0,0.0,6987.66,2,1,0.5,7815.26,3,1,0.3333333333333333,0
LGS2ORD0046743,C012582,2026-01-06 04:00:00,Male,38,Silver,TV,Phuket,1481,TV_Show,Credit_Card,4,1,1,0,30-40,49.36666666666667,2.0,0.0,0.0,-1,47,2691.245,0.1,0.0,0.0,0.0,0.0,0,0,0.0,0.0,0,0,0.0,3278.93,1,0,0.0,5382.49,2,0,0.0,0
LGS2ORD0046744,C015086,2026-01-06 04:00:00,Female,35,Bronze,TV,Bangkok,1077,Web,Credit_Card,4,1,1,0,30-40,35.9,3.0,0.0,0.0,-1,81,2997.8433333333337,0.18,0.3333333333333333,0.0,0.0,0.0,0,0,0.0,0.0,0,0,0.0,6202.56,1,0,0.0,8993.53,3,0,0.0,0
LGS2ORD0046745,C014071,2026-01-06 04:00:00,Male,44,Bronze,CallCenter,Remote_Area,1773,TV_Show,Credit_Card,4,1,1,0,40-50,59.1,6.0,2.0,0.3333333333333333,27,32,5660.860000000001,0.23,0.3333333333333333,0.16666666666666666,0.0,0.0,0,0,0.0,0.0,0,0,0.0,8014.9400000000005,3,1,0.3333333333333333,33965.16,6,2,0.3333333333333333,0
LGS2ORD0046746,C014227,2026-01-06 05:00:00,Female,42,Gold,Shopee,Bangkok,1576,Lazada,COD,5,1,1,0,40-50,52.53333333333333,2.0,0.0,0.0,-1,24,1127.99,0.28,0.0,0.5,0.0,0.0,0,0,0.0,1800.31,1,0,0.0,1800.31,1,0,0.0,2255.98,2,0,0.0,1
LGS2ORD0046747,C014328,2026-01-06 05:00:00,Male,39,Bronze,Web,Bangkok,1280,Shopee,COD,5,1,1,0,30-40,42.666666666666664,2.0,0.0,0.0,-1,77,4382.255,0.23,1.0,0.5,0.0,0.0,0,0,0.0,0.0,0,0,0.0,5541.69,1,0,0.0,8764.51,2,0,0.0,0
LGS2ORD0046748,C013629,2026-01-06 05:00:00,Male,62,Platinum,Lazada,Chiang Mai,1601,CallCenter,COD,5,1,1,0,>50,53.36666666666667,3.0,2.0,0.6666666666666666,81,86,7167.326666666665,0.25,0.3333333333333333,0.3333333333333333,0.0,0.0,0,0,0.0,0.0,0,0,0.0,4126.6,1,1,1.0,21501.979999999996,3,2,0.6666666666666666,0
LGS2ORD0046749,C011555,2026-01-06 05:00:00,Female,31,Silver,Web,Phuket,1041,Web,Bank_Transfer,5,1,1,0,30-40,34.7,13.0,7.0,0.5384615384615384,30,37,5359.2699999999995,0.3,0.5384615384615384,0.38461538461538464,0.0,0.0,0,0,0.0,0.0,0,0,0.0,12157.02,3,1,0.3333333333333333,69670.51,13,7,0.5384615384615384,0
LGS2ORD0046750,C013919,2026-01-06 05:00:00,Female,33,Silver,Shopee,Khon Kaen,1493,Lazada,COD,5,1,1,0,30-40,49.766666666666666,9.0,2.0,0.2222222222222222,2,8,2528.0655555555554,0.25,0.4444444444444444,0.1111111111111111,0.0,0.0,0,0,0.0,9637.130000000001,2,1,0.5,16372.0,5,1,0.2,21306.22,8,2,0.25,0
LGS2ORD0046751,C014534,2026-01-06 05:00:00,Male,58,Bronze,TV,Phuket,860,CallCenter,COD,5,1,1,0,>50,28.666666666666668,5.0,3.0,0.6,39,46,6082.674000000001,0.18,0.8,0.0,0.0,0.0,0,0,0.0,0.0,0,0,0.0,19612.08,1,1,1.0,30413.370000000003,5,3,0.6,1
LGS2ORD0046752,C010660,2026-01-06 06:00:00,Male,20,Bronze,Shopee,Chiang Mai,1722,TV_Show,COD,6,1,1,0,<20,57.4,11.0,4.0,0.36363636363636365,146,149,6753.10090909091,0.28,0.36363636363636365,0.5454545454545454,0.0,0.0,0,0,0.0,0.0,0,0,0.0,0.0,0,0,0.0,74284.11000000002,11,4,0.36363636363636365,0
LGS2ORD0046753,C013804,2026-01-06 06:00:00,Male,61,Bronze,TV,Bangkok,745,TV_Show,COD,6,1,1,0,>50,24.833333333333332,13.0,6.0,0.46153846153846156,139,19,4917.31923076923,0.28,0.6923076923076923,0.38461538461538464,0.0,0.0,0,0,0.0,15671.38,1,0,0.0,22418.449999999997,3,0,0.0,63925.14999999999,13,6,0.46153846153846156,0
LGS2ORD0046754,C010532,2026-01-06 06:00:00,Female,56,Bronze,TV,Phuket,394,Shopee,Bank_Transfer,6,1,1,0,>50,13.133333333333333,5.0,2.0,0.4,52,62,7347.358,0.23,0.6,0.2,0.0,0.0,0,0,0.0,0.0,0,0,0.0,6812.429999999999,2,1,0.5,36736.79,5,2,0.4,0
LGS2ORD0046755,C015008,2026-01-06 06:00:00,Male,51,Bronze,Lazada,Songkhla,1171,Lazada,Credit_Card,6,1,1,0,>50,39.03333333333333,12.0,3.0,0.25,175,18,4200.2091666666665,0.23,0.5833333333333334,0.3333333333333333,0.0,0.0,0,0,0.0,230.19,1,0,0.0,230.19,1,0,0.0,42310.24,10,2,0.2,1
LGS2ORD0046756,C013651,2026-01-06 06:00:00,Female,29,Gold,Web,Bangkok,1288,Lazada,Credit_Card,6,1,1,0,20-30,42.93333333333333,7.0,3.0,0.42857142857142855,11,21,4832.410000000001,0.28,0.2857142857142857,0.2857142857142857,0.0,0.0,0,0,0.0,401.51,1,1,1.0,401.51,1,1,1.0,33826.87,7,3,0.42857142857142855,0
LGS2ORD0046757,C014733,2026-01-06 07:00:00,Other,59,Bronze,CallCenter,Songkhla,460,TV_Show,COD,7,1,1,0,>50,15.333333333333334,5.0,2.0,0.4,58,23,4792.254,0.23,0.2,0.2,0.0,0.0,0,0,0.0,4482.639999999999,2,0,0.0,6170.37,3,1,0.3333333333333333,14192.55,4,2,0.5,1
LGS2ORD0046758,C012749,2026-01-06 07:00:00,Male,51,Silver,Shopee,Chonburi,1411,Web,COD,7,1,1,0,>50,47.03333333333333,4.0,0.0,0.0,-1,19,2151.56,0.25,0.75,0.25,0.0,0.0,0,0,0.0,4709.39,1,0,0.0,4709.39,1,0,0.0,8606.24,4,0,0.0,1
LGS2ORD0046759,C011239,2026-01-06 07:00:00,Male,64,Bronze,TV,Phuket,944,Web,PromptPay,7,1,1,0,>50,31.466666666666665,6.0,1.0,0.16666666666666666,266,46,4685.701666666667,0.18,0.5,0.0,0.0,0.0,0,0,0.0,0.0,0,0,0.0,8309.06,2,0,0.0,28114.21,6,1,0.16666666666666666,1
LGS2ORD0046760,C016461,2026-01-06 07:00:00,Female,40,Silver,CallCenter,Chonburi,829,Shopee,COD,7,1,1,0,30-40,27.633333333333333,2.0,1.0,0.5,137,40,8330.595000000001,0.1,1.0,0.0,0.0,0.0,0,0,0.0,0.0,0,0,0.0,5387.51,1,0,0.0,16661.190000000002,2,1,0.5,0
LGS2ORD0046761,C011665,2026-01-06 07:00:00,Female,23,Bronze,TV,Chiang Mai,1155,Shopee,Bank_Transfer,7,1,1,0,20-30,38.5,3.0,0.0,0.0,-1,223,2753.306666666667,0.23,0.3333333333333333,0.3333333333333333,0.0,0.0,0,0,0.0,0.0,0,0,0.0,0.0,0,0,0.0,8259.92,3,0,0.0,0
LGS2ORD0046762,C014460,2026-01-06 08:00:00,Male,38,Platinum,TV,Phuket,489,Web,COD,8,1,1,0,30-40,16.3,9.0,4.0,0.4444444444444444,18,31,2650.3755555555554,0.3,0.5555555555555556,0.4444444444444444,0.0,0.0,0,0,0.0,0.0,0,0,0.0,15246.31,4,2,0.5,23853.379999999997,9,4,0.4444444444444444,0
LGS2ORD0046763,C013934,2026-01-06 08:00:00,Female,36,Bronze,CallCenter,Khon Kaen,624,TV_Show,COD,8,1,1,0,30-40,20.8,11.0,0.0,0.0,-1,11,7990.971818181817,0.23,0.18181818181818182,0.36363636363636365,0.0,0.0,0,0,0.0,21630.6,3,0,0.0,26775.61,4,0,0.0,87900.68999999999,11,0,0.0,1
LGS2ORD0046764,C016539,2026-01-06 08:00:00,Female,42,Bronze,Shopee,Bangkok,571,Web,COD,8,1,1,0,40-50,19.033333333333335,5.0,2.0,0.4,84,42,8410.416,0.28,0.2,0.4,0.0,0.0,0,0,0.0,0.0,0,0,0.0,1695.88,1,0,0.0,42052.079999999994,5,2,0.4,0
LGS2ORD0046765,C014448,2026-01-06 08:00:00,Male,67,Bronze,TV,Bangkok,1250,TV_Show,Credit_Card,8,1,1,0,>50,41.666666666666664,5.0,2.0,0.4,21,2,8384.3,0.23,0.4,0.6,0.0,1314.53,1,0,0.0,1314.53,1,0,0.0,14841.550000000001,2,1,0.5,39340.21,4,2,0.5,0
LGS2ORD0046766,C014388,2026-01-06 08:00:00,Female,20,Silver,TV,Nakhon Ratchasima,894,Lazada,Credit_Card,8,1,1,0,<20,29.8,10.0,2.0,0.2,183,34,5971.439,0.3,0.6,0.4,0.0,0.0,0,0,0.0,0.0,0,0,0.0,7263.25,2,0,0.0,57943.89,9,2,0.2222222222222222,0
LGS2ORD0046767,C013555,2026-01-06 09:00:00,Female,38,Platinum,CallCenter,Bangkok,1654,Web,Bank_Transfer,9,1,1,0,30-40,55.13333333333333,7.0,3.0,0.42857142857142855,41,20,8400.782857142858,0.35,0.5714285714285714,0.42857142857142855,0.0,0.0,0,0,0.0,3497.85,1,0,0.0,37114.65,4,1,0.25,58805.48,7,3,0.42857142857142855,0
LGS2ORD0046768,C017993,2026-01-06 09:00:00,Female,40,Silver,TV,Bangkok,520,Shopee,PromptPay,9,1,1,0,30-40,17.333333333333332,4.0,0.0,0.0,-1,69,4664.1025,0.3,0.25,0.25,0.0,0.0,0,0,0.0,0.0,0,0,0.0,2568.68,1,0,0.0,18656.41,4,0,0.0,0
LGS2ORD0046769,C013255,2026-01-06 09:00:00,Male,45,Silver,Web,Remote_Area,1341,Web,PromptPay,9,1,1,0,40-50,44.7,6.0,1.0,0.16666666666666666,221,1,5780.28,0.25,0.6666666666666666,0.16666666666666666,0.0,20809.46,1,0,0.0,20809.46,1,0,0.0,25895.98,2,0,0.0,34681.68,6,1,0.16666666666666666,1
LGS2ORD0046770,C014402,2026-01-06 09:00:00,Female,57,Bronze,Web,Remote_Area,1089,Shopee,COD,9,1,1,0,>50,36.3,3.0,0.0,0.0,-1,199,12136.580000000002,0.28,0.6666666666666666,0.6666666666666666,0.0,0.0,0,0,0.0,0.0,0,0,0.0,0.0,0,0,0.0,5242.77,2,0,0.0,1
LGS2ORD0046771,C012304,2026-01-06 09:00:00,Female,63,Bronze,TV,Bangkok,1359,Shopee,COD,9,1,1,0,>50,45.3,3.0,2.0,0.6666666666666666,-5,3,4406.17,0.28,0.6666666666666666,0.3333333333333333,0.0,6385.12,1,1,1.0,6385.12,1,1,1.0,10313.21,2,1,0.5,13218.51,3,2,0.6666666666666666,1
LGS2ORD0046772,C015240,2026-01-06 09:00:00,Female,48,Bronze,TV,Bangkok,1466,Web,COD,9,1,1,0,40-50,48.86666666666667,5.0,1.0,0.2,135,72,7161.488,0.28,0.4,0.2,0.0,0.0,0,0,0.0,0.0,0,0,0.0,20841.56,3,0,0.0,35807.44,5,1,0.2,0
LGS2ORD0046773,C015355,2026-01-06 10:00:00,Male,24,Gold,TV,Chiang Mai,1179,Lazada,Credit_Card,10,1,1,0,20-30,39.3,9.0,2.0,0.2222222222222222,0,5,3612.31,0.33,0.5555555555555556,0.6666666666666666,0.0,8548.82,1,1,1.0,12953.65,2,1,0.5,20930.14,4,1,0.25,32510.79,9,2,0.2222222222222222,0
LGS2ORD0046774,C011539,2026-01-06 10:00:00,Male,38,Gold,Web,Phuket,1209,Web,PromptPay,10,1,1,0,30-40,40.3,3.0,0.0,0.0,-1,60,7324.996666666666,0.28,0.3333333333333333,0.6666666666666666,0.0,0.0,0,0,0.0,0.0,0,0,0.0,12969.42,1,0,0.0,21974.989999999998,3,0,0.0,1
LGS2ORD0046775,C014919,2026-01-06 10:00:00,Male,40,Bronze,TV,Songkhla,1642,TV_Show,COD,10,1,1,0,30-40,54.733333333333334,11.0,1.0,0.09090909090909091,60,39,9325.509090909092,0.28,0.5454545454545454,0.2727272727272727,0.0,0.0,0,0,0.0,0.0,0,0,0.0,63974.25,4,1,0.25,92439.0,10,1,0.1,0
LGS2ORD0046776,C011475,2026-01-06 10:00:00,Male,34,Bronze,TV,Bangkok,1545,CallCenter,COD,10,1,1,0,30-40,51.5,10.0,2.0,0.2,43,25,6366.5289999999995,0.28,0.9,0.4,0.0,0.0,0,0,0.0,4400.16,1,0,0.0,5565.2,2,1,0.5,63665.28999999999,10,2,0.2,0
LGS2ORD0046777,C013900,2026-01-06 10:00:00,Female,39,Bronze,Shopee,Khon Kaen,899,Lazada,COD,10,1,1,0,30-40,29.966666666666665,6.0,2.0,0.3333333333333333,169,182,7655.7266666666665,0.28,0.16666666666666666,0.3333333333333333,0.0,0.0,0,0,0.0,0.0,0,0,0.0,0.0,0,0,0.0,45934.36,6,2,0.3333333333333333,1
LGS2ORD0046778,C014127,2026-01-06 11:00:00,Female,40,Silver,TV,Phuket,715,Shopee,Credit_Card,11,1,1,0,30-40,23.833333333333332,11.0,3.0,0.2727272727272727,172,5,3751.823636363637,0.2,0.45454545454545453,0.0,0.0,3974.08,1,0,0.0,3974.08,1,0,0.0,23707.520000000004,4,0,0.0,41270.060000000005,11,3,0.2727272727272727,1
LGS2ORD0046779,C012984,2026-01-06 11:00:00,Male,52,Bronze,TV,Remote_Area,1221,Lazada,PromptPay,11,1,1,0,>50,40.7,5.0,3.0,0.6,167,178,4292.241999999999,0.28,0.6,0.4,0.0,0.0,0,0,0.0,0.0,0,0,0.0,0.0,0,0,0.0,21461.209999999995,5,3,0.6,1
LGS2ORD0046780,C013382,2026-01-06 11:00:00,Female,48,Platinum,Shopee,Chonburi,1780,Lazada,Bank_Transfer,11,1,1,0,40-50,59.333333333333336,10.0,1.0,0.1,342,23,3336.1349999999998,0.25,0.7,0.3,0.0,0.0,0,0,0.0,1538.35,1,0,0.0,5896.52,2,0,0.0,33361.35,10,1,0.1,0
LGS2ORD0046781,C011978,2026-01-06 11:00:00,Male,38,Bronze,Shopee,Khon Kaen,1718,Lazada,Bank_Transfer,11,1,1,0,30-40,57.266666666666666,5.0,0.0,0.0,-1,63,3325.3419999999996,0.28,0.8,0.2,0.0,0.0,0,0,0.0,0.0,0,0,0.0,7828.17,1,0,0.0,16626.71,5,0,0.0,0
LGS2ORD0046782,C011891,2026-01-06 11:00:00,Female,21,Bronze,Web,Bangkok,1413,TV_Show,Bank_Transfer,11,1,1,0,20-30,47.1,8.0,1.0,0.125,250,69,4250.2,0.28,0.375,0.25,0.0,0.0,0,0,0.0,0.0,0,0,0.0,1087.23,1,0,0.0,34001.6,8,1,0.125,0
LGS2ORD0046783,C017380,2026-01-06 12:00:00,Female,41,Bronze,Lazada,Bangkok,454,Shopee,Credit_Card,12,1,1,0,40-50,15.133333333333333,5.0,0.0,0.0,-1,5,7740.544,0.23,0.0,0.2,0.0,2768.93,1,0,0.0,2768.93,1,0,0.0,2768.93,1,0,0.0,38702.72,5,0,0.0,0
LGS2ORD0046784,C010528,2026-01-06 12:00:00,Male,56,Bronze,Web,Bangkok,838,TV_Show,Credit_Card,12,1,1,0,>50,27.933333333333334,8.0,3.0,0.375,307,33,4832.85125,0.18,0.5,0.0,0.0,0.0,0,0,0.0,0.0,0,0,0.0,1464.22,2,0,0.0,38662.81,8,3,0.375,0
LGS2ORD0046785,C013070,2026-01-06 12:00:00,Female,68,Bronze,TV,Songkhla,402,TV_Show,COD,12,1,1,0,>50,13.4,11.0,5.0,0.45454545454545453,52,43,6434.765454545454,0.23,0.6363636363636364,0.18181818181818182,0.0,0.0,0,0,0.0,0.0,0,0,0.0,14100.460000000001,3,1,0.3333333333333333,70782.42,11,5,0.45454545454545453,1
LGS2ORD0046786,C013839,2026-01-06 12:00:00,Female,61,Bronze,TV,Bangkok,576,CallCenter,PromptPay,12,1,1,0,>50,19.2,6.0,2.0,0.3333333333333333,261,129,5070.12,0.28,0.3333333333333333,0.16666666666666666,0.0,0.0,0,0,0.0,0.0,0,0,0.0,0.0,0,0,0.0,21269.0,5,2,0.4,0
LGS2ORD0046787,C014819,2026-01-06 12:00:00,Other,41,Bronze,Web,Bangkok,510,Lazada,Credit_Card,12,1,1,0,40-50,17.0,5.0,0.0,0.0,-1,3,4370.407999999999,0.28,0.4,0.2,0.0,13028.41,2,0,0.0,13028.41,2,0,0.0,13028.41,2,0,0.0,21852.039999999997,5,0,0.0,0
LGS2ORD0046788,C010356,2026-01-06 13:00:00,Male,39,Silver,Shopee,Bangkok,711,TV_Show,Credit_Card,13,1,1,0,30-40,23.7,10.0,0.0,0.0,-1,19,5285.2789999999995,0.3,0.6,0.2,0.1,0.0,0,0,0.0,5473.009999999999,2,0,0.0,6572.619999999999,3,0,0.0,52852.78999999999,10,0,0.0,0
LGS2ORD0046789,C010955,2026-01-06 13:00:00,Female,45,Silver,CallCenter,Phuket,1459,Lazada,COD,13,1,1,0,40-50,48.63333333333333,4.0,2.0,0.5,122,78,2927.69,0.2,0.25,0.0,0.0,0.0,0,0,0.0,0.0,0,0,0.0,1930.02,1,0,0.0,11710.76,4,2,0.5,0
LGS2ORD0046790,C011726,2026-01-06 13:00:00,Male,32,Bronze,Shopee,Khon Kaen,553,Shopee,Credit_Card,13,1,1,0,30-40,18.433333333333334,10.0,2.0,0.2,83,48,5396.703,0.28,0.8,0.1,0.0,0.0,0,0,0.0,0.0,0,0,0.0,27719.18,4,1,0.25,53967.030000000006,10,2,0.2,0
LGS2ORD0046791,C010484,2026-01-06 13:00:00,Male,32,Silver,Lazada,Chonburi,1781,Lazada,Bank_Transfer,13,1,1,0,30-40,59.36666666666667,3.0,1.0,0.3333333333333333,175,35,2569.013333333334,0.25,0.6666666666666666,0.3333333333333333,0.0,0.0,0,0,0.0,0.0,0,0,0.0,2364.53,1,0,0.0,7707.040000000001,3,1,0.3333333333333333,0
LGS2ORD0046792,C013689,2026-01-06 13:00:00,Male,48,Gold,Web,Bangkok,510,TV_Show,PromptPay,13,1,1,0,40-50,17.0,4.0,1.0,0.25,94,80,4596.23,0.33,0.5,0.5,0.0,0.0,0,0,0.0,0.0,0,0,0.0,2271.17,1,0,0.0,18384.92,4,1,0.25,0
LGS2ORD0046793,C017071,2026-01-06 13:00:00,Female,47,Bronze,Lazada,Chonburi,395,Lazada,COD,13,1,1,0,40-50,13.166666666666666,9.0,1.0,0.1111111111111111,100,24,8663.31,0.18,0.5555555555555556,0.0,0.0,0.0,0,0,0.0,6248.51,1,0,0.0,55141.060000000005,4,0,0.0,77969.79,9,1,0.1111111111111111,0
LGS2ORD0046794,C017069,2026-01-06 14:00:00,Female,35,Silver,TV,Chonburi,692,CallCenter,Credit_Card,14,1,1,0,30-40,23.066666666666666,5.0,1.0,0.2,208,194,2242.718,0.25,0.8,0.2,0.0,0.0,0,0,0.0,0.0,0,0,0.0,0.0,0,0,0.0,11213.59,5,1,0.2,0
LGS2ORD0046795,C014859,2026-01-06 14:00:00,Female,36,Gold,CallCenter,Bangkok,811,Web,COD,14,1,1,0,30-40,27.033333333333335,5.0,1.0,0.2,243,145,1841.4260000000002,0.28,0.2,0.2,0.0,0.0,0,0,0.0,0.0,0,0,0.0,0.0,0,0,0.0,9207.130000000001,5,1,0.2,0
LGS2ORD0046796,C017134,2026-01-06 14:00:00,Female,51,Silver,TV,Khon Kaen,1806,Lazada,Bank_Transfer,14,1,1,0,>50,60.2,8.0,1.0,0.125,153,139,3951.41375,0.25,0.625,0.125,0.0,0.0,0,0,0.0,0.0,0,0,0.0,0.0,0,0,0.0,31611.31,8,1,0.125,0
LGS2ORD0046797,C011338,2026-01-06 14:00:00,Female,39,Bronze,TV,Chonburi,1680,Shopee,Bank_Transfer,14,1,1,0,30-40,56.0,8.0,1.0,0.125,256,35,13228.32875,0.18,0.5,0.0,0.125,0.0,0,0,0.0,0.0,0,0,0.0,30084.74,1,0,0.0,105826.63,8,1,0.125,0
LGS2ORD0046798,C016017,2026-01-06 14:00:00,Female,41,Bronze,TV,Bangkok,404,Lazada,PromptPay,14,1,1,0,40-50,13.466666666666667,8.0,3.0,0.375,152,81,8120.0425,0.23,0.25,0.125,0.0,0.0,0,0,0.0,0.0,0,0,0.0,14277.41,1,0,0.0,64960.34,8,3,0.375,0
LGS2ORD0046799,C017962,2026-01-06 15:00:00,Female,35,Bronze,CallCenter,Khon Kaen,1420,TV_Show,COD,15,1,1,0,30-40,47.333333333333336,11.0,2.0,0.18181818181818182,17,22,3986.207272727272,0.28,0.7272727272727273,0.36363636363636365,0.0,0.0,0,0,0.0,2098.2,1,0,0.0,7683.849999999999,4,1,0.25,43848.27999999999,11,2,0.18181818181818182,1
LGS2ORD0046800,C012288,2026-01-06 15:00:00,Male,38,Silver,Shopee,Chiang Mai,1124,Web,PromptPay,15,1,1,0,30-40,37.46666666666667,3.0,0.0,0.0,-1,44,9345.156666666666,0.15,0.6666666666666666,0.0,0.0,0.0,0,0,0.0,0.0,0,0,0.0,4001.3,1,0,0.0,28035.469999999998,3,0,0.0,0
LGS2ORD0046801,C017176,2026-01-06 15:00:00,Female,43,Bronze,Shopee,Remote_Area,746,Shopee,COD,15,1,1,0,40-50,24.866666666666667,6.0,1.0,0.16666666666666666,173,9,4727.663333333334,0.23,0.5,0.16666666666666666,0.0,0.0,0,0,0.0,2312.76,1,0,0.0,2312.76,1,0,0.0,28365.980000000003,6,1,0.16666666666666666,0
LGS2ORD0046802,C012487,2026-01-06 15:00:00,Female,41,Silver,Web,Chonburi,588,TV_Show,PromptPay,15,1,1,0,40-50,19.6,8.0,1.0,0.125,-12,2,5049.2925,0.3,0.5,0.125,0.0,2027.57,1,1,1.0,2027.57,1,1,1.0,21163.739999999998,2,1,0.5,39525.5,7,1,0.14285714285714285,0
LGS2ORD0046803,C011368,2026-01-06 15:00:00,Female,35,Platinum,TV,Chiang Mai,1456,TV_Show,Credit_Card,15,1,1,0,30-40,48.53333333333333,6.0,0.0,0.0,-1,63,4136.925,0.3,0.6666666666666666,0.3333333333333333,0.16666666666666666,0.0,0,0,0.0,0.0,0,0,0.0,3334.39,1,0,0.0,24821.55,6,0,0.0,0
LGS2ORD0046804,C016745,2026-01-06 16:00:00,Female,31,Gold,Shopee,Khon Kaen,741,Web,Bank_Transfer,16,1,1,0,30-40,24.7,6.0,0.0,0.0,-1,92,3108.7533333333336,0.28,0.6666666666666666,0.16666666666666666,0.0,0.0,0,0,0.0,0.0,0,0,0.0,0.0,0,0,0.0,18652.52,6,0,0.0,0
LGS2ORD0046805,C014269,2026-01-06 16:00:00,Male,44,Bronze,Lazada,Bangkok,1607,CallCenter,Credit_Card,16,1,1,0,40-50,53.56666666666667,5.0,2.0,0.4,-2,10,4411.428,0.28,1.0,0.2,0.0,0.0,0,0,0.0,9571.32,2,1,0.5,15929.52,4,2,0.5,22057.14,5,2,0.4,1
LGS2ORD0046806,C013953,2026-01-06 16:00:00,Female,36,Gold,Web,Chiang Mai,1006,Shopee,COD,16,1,1,0,30-40,33.53333333333333,7.0,1.0,0.14285714285714285,237,34,4314.3157142857135,0.33,0.5714285714285714,0.42857142857142855,0.0,0.0,0,0,0.0,0.0,0,0,0.0,2281.21,1,0,0.0,30200.209999999995,7,1,0.14285714285714285,0
LGS2ORD0046807,C015080,2026-01-06 16:00:00,Female,42,Bronze,Shopee,Songkhla,749,Lazada,Bank_Transfer,16,1,1,0,40-50,24.966666666666665,2.0,1.0,0.5,252,87,2257.05,0.18,0.5,0.0,0.0,0.0,0,0,0.0,0.0,0,0,0.0,2295.25,1,0,0.0,4514.1,2,1,0.5,1
LGS2ORD0046808,C011079,2026-01-06 16:00:00,Female,20,Silver,Shopee,Khon Kaen,1023,TV_Show,COD,16,1,1,0,<20,34.1,6.0,1.0,0.16666666666666666,229,48,5702.831666666666,0.3,0.8333333333333334,0.16666666666666666,0.0,0.0,0,0,0.0,0.0,0,0,0.0,2696.24,2,0,0.0,33856.16,5,1,0.2,0
LGS2ORD0046809,C013252,2026-01-06 17:00:00,Female,37,Bronze,Shopee,Bangkok,1335,Lazada,PromptPay,17,1,1,0,30-40,44.5,10.0,3.0,0.3,99,72,6680.826999999999,0.28,0.4,0.3,0.0,0.0,0,0,0.0,0.0,0,0,0.0,2595.35,2,0,0.0,64566.07,9,3,0.3333333333333333,0
LGS2ORD0046810,C015641,2026-01-06 17:00:00,Female,52,Gold,TV,Nakhon Ratchasima,391,CallCenter,COD,17,1,1,0,>50,13.033333333333333,7.0,0.0,0.0,-1,27,4876.052857142858,0.33,0.42857142857142855,0.42857142857142855,0.14285714285714285,0.0,0,0,0.0,4229.13,1,0,0.0,14642.02,3,0,0.0,34132.37,7,0,0.0,0
LGS2ORD0046811,C012116,2026-01-06 17:00:00,Male,44,Silver,Web,Bangkok,1202,Lazada,Credit_Card,17,1,1,0,40-50,40.06666666666667,2.0,1.0,0.5,244,258,12771.945,0.15,0.5,0.0,0.0,0.0,0,0,0.0,0.0,0,0,0.0,0.0,0,0,0.0,25543.89,2,1,0.5,0
LGS2ORD0046812,C010776,2026-01-06 17:00:00,Female,67,Platinum,Lazada,Phuket,807,Web,PromptPay,17,1,1,0,>50,26.9,4.0,1.0,0.25,6,17,8222.385,0.35,0.5,0.5,0.0,0.0,0,0,0.0,1043.95,1,1,1.0,1043.95,1,1,1.0,32889.54,4,1,0.25,0
LGS2ORD0046813,C011692,2026-01-06 17:00:00,Male,40,Bronze,Shopee,Remote_Area,1172,Web,COD,17,1,1,0,30-40,39.06666666666667,5.0,5.0,1.0,26,36,6169.572,0.28,0.6,0.8,0.0,0.0,0,0,0.0,0.0,0,0,0.0,4473.74,1,1,1.0,20718.71,4,4,1.0,0
LGS2ORD0046814,C014324,2026-01-06 17:00:00,Female,33,Silver,TV,Khon Kaen,1761,TV_Show,COD,17,1,1,0,30-40,58.7,11.0,3.0,0.2727272727272727,229,77,4278.84,0.25,0.5454545454545454,0.09090909090909091,0.0,0.0,0,0,0.0,0.0,0,0,0.0,2805.35,1,0,0.0,47067.24,11,3,0.2727272727272727,0
LGS2ORD0046815,C012990,2026-01-06 18:00:00,Male,64,Bronze,CallCenter,Khon Kaen,848,TV_Show,COD,18,1,1,0,>50,28.266666666666666,9.0,1.0,0.1111111111111111,235,21,7701.968888888889,0.23,0.7777777777777778,0.2222222222222222,0.0,0.0,0,0,0.0,10762.95,1,0,0.0,17874.66,2,0,0.0,69317.72,9,1,0.1111111111111111,0
LGS2ORD0046816,C017889,2026-01-06 18:00:00,Female,45,Bronze,Lazada,Chonburi,1672,Lazada,COD,18,1,1,0,40-50,55.733333333333334,4.0,2.0,0.5,124,139,3539.4775,0.28,0.5,0.5,0.0,0.0,0,0,0.0,0.0,0,0,0.0,0.0,0,0,0.0,14157.91,4,2,0.5,1
LGS2ORD0046817,C011907,2026-01-06 18:00:00,Male,41,Gold,TV,Phuket,1581,CallCenter,Bank_Transfer,18,1,1,0,40-50,52.7,7.0,2.0,0.2857142857142857,19,24,3973.2885714285717,0.2299999999999999,0.42857142857142855,0.14285714285714285,0.0,0.0,0,0,0.0,3686.5,1,0,0.0,4421.11,2,1,0.5,27813.02,7,2,0.2857142857142857,1
LGS2ORD0046818,C010958,2026-01-06 18:00:00,Female,28,Bronze,TV,Phuket,1074,TV_Show,PromptPay,18,1,1,0,20-30,35.8,3.0,1.0,0.3333333333333333,295,63,9581.323333333334,0.28,0.6666666666666666,0.6666666666666666,0.0,0.0,0,0,0.0,0.0,0,0,0.0,6992.2,2,0,0.0,28743.97,3,1,0.3333333333333333,0
LGS2ORD0046819,C010230,2026-01-06 18:00:00,Female,43,Bronze,Web,Chonburi,470,Lazada,COD,18,1,1,0,40-50,15.666666666666666,7.0,3.0,0.42857142857142855,-4,5,5793.429999999999,0.23,0.8571428571428571,0.42857142857142855,0.0,8953.55,1,1,1.0,14063.579999999998,2,1,0.5,15691.89,3,2,0.6666666666666666,40554.009999999995,7,3,0.42857142857142855,0
LGS2ORD0046820,C011230,2026-01-06 19:00:00,Female,45,Bronze,TV,Chiang Mai,648,Shopee,COD,19,1,1,0,40-50,21.6,4.0,0.0,0.0,-1,165,2602.0200000000004,0.18,0.75,0.0,0.0,0.0,0,0,0.0,0.0,0,0,0.0,0.0,0,0,0.0,10408.080000000002,4,0,0.0,1
LGS2ORD0046821,C016407,2026-01-06 19:00:00,Male,18,Gold,CallCenter,Bangkok,879,TV_Show,COD,19,1,1,0,<20,29.3,8.0,2.0,0.25,202,76,6807.828750000001,0.28,0.625,0.625,0.0,0.0,0,0,0.0,0.0,0,0,0.0,9557.84,1,0,0.0,54462.630000000005,8,2,0.25,0
LGS2ORD0046822,C016747,2026-01-06 19:00:00,Female,26,Bronze,TV,Bangkok,1793,TV_Show,COD,19,1,1,0,20-30,59.766666666666666,10.0,4.0,0.4,183,120,3528.281,0.23,0.6,0.1,0.0,0.0,0,0,0.0,0.0,0,0,0.0,0.0,0,0,0.0,35282.81,10,4,0.4,1
LGS2ORD0046823,C017131,2026-01-06 19:00:00,Male,45,Silver,Shopee,Nakhon Ratchasima,913,TV_Show,COD,19,1,1,0,40-50,30.433333333333334,13.0,4.0,0.3076923076923077,104,9,4187.113076923077,0.3,0.5384615384615384,0.23076923076923078,0.0,0.0,0,0,0.0,21282.14,2,0,0.0,24931.12,3,0,0.0,54135.81,12,4,0.3333333333333333,1
LGS2ORD0046824,C012646,2026-01-06 19:00:00,Female,61,Silver,Lazada,Phuket,1058,Web,Bank_Transfer,19,1,1,0,>50,35.266666666666666,4.0,2.0,0.5,85,92,4354.7625,0.25,0.75,0.25,0.0,0.0,0,0,0.0,0.0,0,0,0.0,0.0,0,0,0.0,17419.05,4,2,0.5,0
LGS2ORD0046825,C017032,2026-01-06 20:00:00,Female,36,Bronze,CallCenter,Nakhon Ratchasima,1034,Web,PromptPay,20,1,1,0,30-40,34.46666666666667,12.0,4.0,0.3333333333333333,26,7,5927.624166666666,0.28,0.8333333333333334,0.25,0.0,0.0,0,0,0.0,1766.29,1,0,0.0,12037.350000000002,4,1,0.25,71131.48999999999,12,4,0.3333333333333333,0
LGS2ORD0046826,C015846,2026-01-06 20:00:00,Male,42,Bronze,TV,Songkhla,1797,Web,PromptPay,20,1,1,0,40-50,59.9,11.0,4.0,0.36363636363636365,17,27,3726.5890909090913,0.28,0.18181818181818182,0.36363636363636365,0.0,0.0,0,0,0.0,1067.27,1,1,1.0,16987.29,4,1,0.25,40992.48,11,4,0.36363636363636365,0
LGS2ORD0046827,C010448,2026-01-06 20:00:00,Male,27,Bronze,TV,Bangkok,1104,TV_Show,PromptPay,20,1,1,0,20-30,36.8,5.0,1.0,0.2,184,29,2920.6679999999997,0.23,0.8,0.2,0.0,0.0,0,0,0.0,1516.9,1,0,0.0,1516.9,1,0,0.0,14603.339999999998,5,1,0.2,0
LGS2ORD0046828,C010466,2026-01-06 20:00:00,Other,29,Silver,Shopee,Chonburi,1354,Lazada,COD,20,1,1,0,20-30,45.13333333333333,8.0,0.0,0.0,-1,37,3590.41875,0.3,0.5,0.375,0.0,0.0,0,0,0.0,0.0,0,0,0.0,1286.44,1,0,0.0,28723.35,8,0,0.0,0
LGS2ORD0046829,C011091,2026-01-06 20:00:00,Female,45,Silver,TV,Khon Kaen,914,Shopee,COD,20,1,1,0,40-50,30.466666666666665,4.0,0.0,0.0,-1,54,4440.005,0.2,0.25,0.0,0.0,0.0,0,0,0.0,0.0,0,0,0.0,293.94,1,0,0.0,17760.02,4,0,0.0,1
LGS2ORD0046830,C014899,2026-01-06 20:00:00,Male,63,Silver,Web,Phuket,1182,Shopee,PromptPay,20,1,1,0,>50,39.4,10.0,6.0,0.6,0,12,4330.221,0.3,0.5,0.5,0.0,0.0,0,0,0.0,11381.33,2,2,1.0,15251.58,3,3,1.0,43302.21,10,6,0.6,0
LGS2ORD0046831,C014665,2026-01-06 21:00:00,Male,36,Bronze,Web,Nakhon Ratchasima,829,Shopee,COD,21,1,1,0,30-40,27.633333333333333,5.0,2.0,0.4,67,81,7970.9259999999995,0.18,0.6,0.0,0.0,0.0,0,0,0.0,0.0,0,0,0.0,6479.92,1,1,1.0,39854.63,5,2,0.4,1
LGS2ORD0046832,C014942,2026-01-06 21:00:00,Female,42,Bronze,CallCenter,Songkhla,870,Web,COD,21,1,1,0,40-50,29.0,7.0,1.0,0.14285714285714285,69,20,4159.214285714285,0.23,0.42857142857142855,0.14285714285714285,0.0,0.0,0,0,0.0,6573.05,1,0,0.0,18623.52,4,1,0.25,29114.499999999996,7,1,0.14285714285714285,0
LGS2ORD0046833,C013812,2026-01-06 21:00:00,Male,32,Bronze,TV,Nakhon Ratchasima,432,Shopee,COD,21,1,1,0,30-40,14.4,6.0,0.0,0.0,-1,6,9588.845,0.18,0.16666666666666666,0.0,0.0,5197.95,1,0,0.0,5197.95,1,0,0.0,11718.14,2,0,0.0,34315.649999999994,5,0,0.0,0
LGS2ORD0046834,C013984,2026-01-06 21:00:00,Other,65,Silver,TV,Chonburi,899,Web,Credit_Card,21,1,1,0,>50,29.966666666666665,3.0,0.0,0.0,-1,46,5100.063333333333,0.25,0.6666666666666666,0.3333333333333333,0.0,0.0,0,0,0.0,0.0,0,0,0.0,4356.09,1,0,0.0,15300.189999999999,3,0,0.0,0
LGS2ORD0046835,C011586,2026-01-06 21:00:00,Female,51,Gold,Shopee,Remote_Area,625,Shopee,Bank_Transfer,21,1,1,0,>50,20.833333333333332,10.0,1.0,0.1,330,10,2832.457,0.33,0.2,0.4,0.0,0.0,0,0,0.0,6949.17,2,0,0.0,6949.17,2,0,0.0,28324.57,10,1,0.1,0
LGS2ORD0046836,C011211,2026-01-06 22:00:00,Female,26,Bronze,TV,Bangkok,1650,TV_Show,COD,22,1,1,0,20-30,55.0,7.0,3.0,0.42857142857142855,103,56,8152.324285714285,0.23,0.7142857142857143,0.14285714285714285,0.0,0.0,0,0,0.0,0.0,0,0,0.0,2000.82,1,0,0.0,57066.27,7,3,0.42857142857142855,1
LGS2ORD0046837,C013609,2026-01-06 22:00:00,Male,45,Bronze,CallCenter,Songkhla,1568,Web,PromptPay,22,1,1,0,40-50,52.266666666666666,3.0,0.0,0.0,-1,147,2256.92,0.28,0.0,0.3333333333333333,0.0,0.0,0,0,0.0,0.0,0,0,0.0,0.0,0,0,0.0,6770.76,3,0,0.0,1
LGS2ORD0046838,C013209,2026-01-06 22:00:00,Female,47,Silver,CallCenter,Nakhon Ratchasima,1380,CallCenter,Credit_Card,22,1,1,0,40-50,46.0,8.0,1.0,0.125,16,4,7689.387500000001,0.3,0.625,0.25,0.0,1157.14,1,0,0.0,21280.94,3,1,0.3333333333333333,47708.759999999995,5,1,0.2,61515.100000000006,8,1,0.125,0
LGS2ORD0046839,C011138,2026-01-06 22:00:00,Male,51,Bronze,CallCenter,Phuket,457,Lazada,COD,22,1,1,0,>50,15.233333333333333,7.0,3.0,0.42857142857142855,145,21,5115.354285714285,0.23,0.2857142857142857,0.14285714285714285,0.0,0.0,0,0,0.0,1794.09,1,0,0.0,1794.09,1,0,0.0,35807.479999999996,7,3,0.42857142857142855,1
LGS2ORD0046840,C012009,2026-01-06 22:00:00,Female,50,Bronze,Shopee,Bangkok,1154,Shopee,Credit_Card,22,1,1,0,40-50,38.46666666666667,5.0,2.0,0.4,162,75,4542.714000000001,0.28,0.6,0.2,0.0,0.0,0,0,0.0,0.0,0,0,0.0,719.73,1,0,0.0,22713.570000000003,5,2,0.4,0
LGS2ORD0046841,C011628,2026-01-06 23:00:00,Male,51,Bronze,Shopee,Bangkok,1625,Lazada,Credit_Card,23,1,1,0,>50,54.166666666666664,5.0,1.0,0.2,272,83,2458.222,0.28,0.4,0.4,0.0,0.0,0,0,0.0,0.0,0,0,0.0,6510.54,1,0,0.0,12291.11,5,1,0.2,0
LGS2ORD0046842,C011653,2026-01-06 23:00:00,Female,49,Gold,Lazada,Bangkok,402,CallCenter,COD,23,1,1,0,40-50,13.4,7.0,0.0,0.0,-1,65,4649.358571428572,0.28,0.5714285714285714,0.2857142857142857,0.0,0.0,0,0,0.0,0.0,0,0,0.0,3572.99,2,0,0.0,32545.510000000002,7,0,0.0,0
LGS2ORD0046843,C014218,2026-01-06 23:00:00,Female,50,Bronze,TV,Chiang Mai,1380,Lazada,COD,23,1,1,0,40-50,46.0,3.0,1.0,0.3333333333333333,63,77,3535.2533333333336,0.28,0.3333333333333333,0.3333333333333333,0.0,0.0,0,0,0.0,0.0,0,0,0.0,5912.39,1,1,1.0,10605.76,3,1,0.3333333333333333,0
LGS2ORD0046844,C014408,2026-01-06 23:00:00,Female,27,Silver,Shopee,Songkhla,775,Shopee,Credit_Card,23,1,1,0,20-30,25.833333333333332,8.0,2.0,0.25,143,68,4922.1137499999995,0.3,0.25,0.625,0.0,0.0,0,0,0.0,0.0,0,0,0.0,1632.48,1,0,0.0,37662.29,7,2,0.2857142857142857,1
LGS2ORD0046845,C011207,2026-01-06 23:00:00,Female,54,Gold,Shopee,Chonburi,567,TV_Show,COD,23,1,1,0,>50,18.9,3.0,0.0,0.0,-1,71,1701.9566666666667,0.33,0.6666666666666666,0.6666666666666666,0.0,0.0,0,0,0.0,0.0,0,0,0.0,1075.89,1,0,0.0,5105.87,3,0,0.0,1
LGS2ORD0046846,C013492,2026-01-07 00:00:00,Female,51,Silver,Web,Nakhon Ratchasima,1294,TV_Show,COD,0,1,2,0,>50,43.13333333333333,5.0,1.0,0.2,127,17,7067.111999999999,0.25,0.4,0.6,0.0,0.0,0,0,0.0,1912.35,1,0,0.0,4318.549999999999,2,0,0.0,35335.56,5,1,0.2,0
LGS2ORD0046847,C013681,2026-01-07 00:00:00,Female,49,Bronze,Web,Chiang Mai,1576,Lazada,Bank_Transfer,0,1,2,0,40-50,52.53333333333333,8.0,0.0,0.0,-1,80,1728.6625,0.23,0.25,0.125,0.0,0.0,0,0,0.0,0.0,0,0,0.0,609.48,1,0,0.0,13829.3,8,0,0.0,0
LGS2ORD0046848,C017174,2026-01-07 00:00:00,Male,62,Silver,CallCenter,Phuket,1679,Web,COD,0,1,2,0,>50,55.96666666666667,11.0,1.0,0.09090909090909091,221,94,2749.780909090909,0.3,0.5454545454545454,0.45454545454545453,0.0,0.0,0,0,0.0,0.0,0,0,0.0,0.0,0,0,0.0,27182.459999999995,10,1,0.1,0
LGS2ORD0046849,C016414,2026-01-07 00:00:00,Female,49,Bronze,Lazada,Nakhon Ratchasima,394,Web,Credit_Card,0,1,2,0,40-50,13.133333333333333,7.0,1.0,0.14285714285714285,51,29,10180.592857142858,0.23,0.42857142857142855,0.2857142857142857,0.0,0.0,0,0,0.0,28231.09,1,0,0.0,37253.130000000005,3,1,0.3333333333333333,71264.15000000001,7,1,0.14285714285714285,0
LGS2ORD0046850,C014956,2026-01-07 00:00:00,Female,27,Bronze,TV,Phuket,552,TV_Show,COD,0,1,2,0,20-30,18.4,9.0,2.0,0.2222222222222222,172,32,9978.474444444444,0.28,0.7777777777777778,0.3333333333333333,0.0,0.0,0,0,0.0,0.0,0,0,0.0,25913.54,2,0,0.0,87147.45000000001,8,2,0.25,0
LGS2ORD0046851,C012089,2026-01-07 00:00:00,Female,26,Bronze,Web,Chonburi,685,Web,COD,0,1,2,0,20-30,22.833333333333332,8.0,3.0,0.375,62,29,4105.1925,0.18,0.5,0.0,0.0,0.0,0,0,0.0,848.6,1,0,0.0,19510.62,3,2,0.6666666666666666,32841.54,8,3,0.375,0
LGS2ORD0046852,C013053,2026-01-07 01:00:00,Female,50,Platinum,TV,Chonburi,1382,Shopee,COD,1,1,2,0,40-50,46.06666666666667,7.0,1.0,0.14285714285714285,212,60,2401.5914285714284,0.3,0.42857142857142855,0.42857142857142855,0.0,0.0,0,0,0.0,0.0,0,0,0.0,8785.380000000001,2,0,0.0,16811.14,7,1,0.14285714285714285,0
LGS2ORD0046853,C010939,2026-01-07 01:00:00,Female,43,Bronze,Shopee,Chiang Mai,1659,TV_Show,COD,1,1,2,0,40-50,55.3,2.0,0.0,0.0,-1,170,3341.825,0.08,0.5,0.0,0.0,0.0,0,0,0.0,0.0,0,0,0.0,0.0,0,0,0.0,6683.65,2,0,0.0,0
LGS2ORD0046854,C012310,2026-01-07 01:00:00,Male,31,Bronze,Lazada,Nakhon Ratchasima,1361,Lazada,Credit_Card,1,1,2,0,30-40,45.36666666666667,11.0,3.0,0.2727272727272727,12,26,7432.566363636364,0.28,0.36363636363636365,0.18181818181818182,0.0,0.0,0,0,0.0,10381.710000000001,2,1,0.5,60943.090000000004,4,1,0.25,81758.23000000001,11,3,0.2727272727272727,0
LGS2ORD0046855,C015004,2026-01-07 01:00:00,Female,34,Silver,Shopee,Khon Kaen,778,TV_Show,COD,1,1,2,0,30-40,25.933333333333334,7.0,2.0,0.2857142857142857,172,104,5103.49,0.2,0.7142857142857143,0.0,0.0,0.0,0,0,0.0,0.0,0,0,0.0,0.0,0,0,0.0,35724.43,7,2,0.2857142857142857,1
LGS2ORD0046856,C010285,2026-01-07 01:00:00,Female,38,Silver,Shopee,Khon Kaen,572,Shopee,COD,1,1,2,0,30-40,19.066666666666666,4.0,1.0,0.25,28,15,2977.04,0.25,1.0,0.25,0.0,0.0,0,0,0.0,8089.22,1,0,0.0,10332.560000000001,2,1,0.5,11908.16,4,1,0.25,0
LGS2ORD0046857,C017322,2026-01-07 02:00:00,Female,18,Bronze,TV,Chiang Mai,1559,CallCenter,COD,2,1,2,0,<20,51.96666666666667,6.0,3.0,0.5,-9,1,3152.6750000000006,0.28,0.6666666666666666,0.3333333333333333,0.0,1187.04,1,1,1.0,1187.04,1,1,1.0,9026.869999999999,3,2,0.6666666666666666,18916.050000000003,6,3,0.5,0
LGS2ORD0046858,C012042,2026-01-07 02:00:00,Female,33,Gold,Lazada,Chiang Mai,1789,Web,COD,2,1,2,0,30-40,59.63333333333333,2.0,0.0,0.0,-1,87,3842.505,0.13,0.0,0.0,0.0,0.0,0,0,0.0,0.0,0,0,0.0,2495.17,1,0,0.0,7685.01,2,0,0.0,1
LGS2ORD0046859,C015239,2026-01-07 02:00:00,Female,51,Silver,TV,Khon Kaen,1252,TV_Show,COD,2,1,2,0,>50,41.733333333333334,6.0,1.0,0.16666666666666666,14,18,5987.906666666666,0.25,0.16666666666666666,0.16666666666666666,0.0,0.0,0,0,0.0,1835.82,1,1,1.0,1835.82,1,1,1.0,35927.439999999995,6,1,0.16666666666666666,0
LGS2ORD0046860,C017870,2026-01-07 02:00:00,Male,43,Bronze,TV,Chiang Mai,991,Web,COD,2,1,2,0,40-50,33.03333333333333,10.0,2.0,0.2,20,25,5064.703,0.28,0.5,0.3,0.0,0.0,0,0,0.0,13350.630000000001,2,1,0.5,17540.14,3,1,0.3333333333333333,49580.18,9,2,0.2222222222222222,1
LGS2ORD0046861,C014303,2026-01-07 02:00:00,Male,41,Bronze,Web,Chonburi,990,Web,PromptPay,2,1,2,0,40-50,33.0,5.0,1.0,0.2,304,34,5328.402,0.23,0.6,0.2,0.0,0.0,0,0,0.0,0.0,0,0,0.0,9882.55,1,0,0.0,26642.01,5,1,0.2,1
LGS2ORD0046862,C017707,2026-01-07 03:00:00,Female,42,Gold,Shopee,Khon Kaen,1541,Web,COD,3,1,2,0,40-50,51.36666666666667,4.0,0.0,0.0,-1,92,6962.17,0.33,0.5,0.5,0.0,0.0,0,0,0.0,0.0,0,0,0.0,0.0,0,0,0.0,27848.68,4,0,0.0,0
LGS2ORD0046863,C012016,2026-01-07 03:00:00,Male,32,Platinum,Web,Songkhla,1136,Web,COD,3,1,2,0,30-40,37.86666666666667,2.0,1.0,0.5,256,265,2813.585,0.35,1.0,0.5,0.0,0.0,0,0,0.0,0.0,0,0,0.0,0.0,0,0,0.0,5627.17,2,1,0.5,1
LGS2ORD0046864,C010909,2026-01-07 03:00:00,Female,28,Bronze,Shopee,Remote_Area,1121,Lazada,COD,3,1,2,0,20-30,37.36666666666667,7.0,2.0,0.2857142857142857,56,65,2226.1042857142857,0.28,0.7142857142857143,0.14285714285714285,0.0,0.0,0,0,0.0,0.0,0,0,0.0,5136.780000000001,3,1,0.3333333333333333,15582.73,7,2,0.2857142857142857,0
LGS2ORD0046865,C015690,2026-01-07 03:00:00,Other,42,Gold,Lazada,Bangkok,1556,TV_Show,Credit_Card,3,1,2,0,40-50,51.86666666666667,1.0,0.0,0.0,-1,19,3050.0,0.28,0.0,1.0,0.0,0.0,0,0,0.0,3050.0,1,0,0.0,3050.0,1,0,0.0,3050.0,1,0,0.0,1
LGS2ORD0046866,C013452,2026-01-07 03:00:00,Male,43,Bronze,Web,Chiang Mai,1311,TV_Show,Credit_Card,3,1,2,0,40-50,43.7,9.0,3.0,0.3333333333333333,17,5,6998.814444444444,0.28,0.5555555555555556,0.3333333333333333,0.0,18808.44,1,0,0.0,23862.19,3,1,0.3333333333333333,49090.899999999994,5,2,0.4,62989.33,9,3,0.3333333333333333,0
LGS2ORD0046867,C017897,2026-01-07 04:00:00,Female,26,Gold,TV,Bangkok,1501,TV_Show,PromptPay,4,1,2,0,20-30,50.03333333333333,4.0,1.0,0.25,330,80,2882.2075,0.33,0.25,0.25,0.0,0.0,0,0,0.0,0.0,0,0,0.0,1969.61,1,0,0.0,11528.83,4,1,0.25,0
LGS2ORD0046868,C012526,2026-01-07 04:00:00,Female,36,Bronze,TV,Bangkok,1310,CallCenter,COD,4,1,2,0,30-40,43.666666666666664,5.0,1.0,0.2,119,96,5733.76,0.28,0.4,0.4,0.0,0.0,0,0,0.0,0.0,0,0,0.0,0.0,0,0,0.0,28668.8,5,1,0.2,1
LGS2ORD0046869,C013647,2026-01-07 04:00:00,Male,44,Bronze,Web,Remote_Area,1606,Shopee,Bank_Transfer,4,1,2,0,40-50,53.53333333333333,1.0,1.0,1.0,196,201,1518.04,0.03,1.0,0.0,0.0,0.0,0,0,0.0,0.0,0,0,0.0,0.0,0,0,0.0,1518.04,1,1,1.0,1
LGS2ORD0046870,C012654,2026-01-07 04:00:00,Female,63,Bronze,Lazada,Remote_Area,1473,Lazada,Credit_Card,4,1,2,0,>50,49.1,6.0,1.0,0.16666666666666666,331,10,2709.2866666666664,0.23,0.16666666666666666,0.16666666666666666,0.0,0.0,0,0,0.0,903.77,1,0,0.0,2584.99,2,0,0.0,16255.72,6,1,0.16666666666666666,0
LGS2ORD0046871,C014177,2026-01-07 04:00:00,Male,61,Platinum,Shopee,Chiang Mai,1451,Lazada,COD,4,1,2,0,>50,48.36666666666667,9.0,2.0,0.2222222222222222,82,68,6532.694444444444,0.35,0.5555555555555556,0.5555555555555556,0.0,0.0,0,0,0.0,0.0,0,0,0.0,9820.9,1,0,0.0,58794.25,9,2,0.2222222222222222,0
LGS2ORD0046872,C012942,2026-01-07 04:00:00,Male,45,Bronze,Lazada,Chonburi,405,Web,COD,4,1,2,0,40-50,13.5,8.0,1.0,0.125,82,65,8617.591250000001,0.28,0.625,0.25,0.0,0.0,0,0,0.0,0.0,0,0,0.0,36522.93,2,1,0.5,68940.73000000001,8,1,0.125,1
LGS2ORD0046873,C014642,2026-01-07 05:00:00,Male,60,Silver,Shopee,Phuket,1749,TV_Show,PromptPay,5,1,2,0,>50,58.3,11.0,2.0,0.18181818181818182,118,49,4518.000909090909,0.25,0.6363636363636364,0.2727272727272727,0.0,0.0,0,0,0.0,0.0,0,0,0.0,17804.78,3,0,0.0,49698.009999999995,11,2,0.18181818181818182,0
LGS2ORD0046874,C011240,2026-01-07 05:00:00,Female,25,Bronze,Web,Chonburi,736,Lazada,COD,5,1,2,0,20-30,24.533333333333335,6.0,1.0,0.16666666666666666,92,47,5912.915,0.28,0.16666666666666666,0.3333333333333333,0.0,0.0,0,0,0.0,0.0,0,0,0.0,3315.4300000000003,2,0,0.0,35477.49,6,1,0.16666666666666666,0
LGS2ORD0046875,C011599,2026-01-07 05:00:00,Male,18,Silver,Lazada,Chiang Mai,1694,TV_Show,PromptPay,5,1,2,0,<20,56.46666666666667,3.0,1.0,0.3333333333333333,197,126,7952.903333333333,0.2,0.6666666666666666,0.0,0.3333333333333333,0.0,0,0,0.0,0.0,0,0,0.0,0.0,0,0,0.0,23858.71,3,1,0.3333333333333333,0
LGS2ORD0046876,C011317,2026-01-07 05:00:00,Male,22,Gold,Shopee,Phuket,1373,Lazada,PromptPay,5,1,2,0,20-30,45.766666666666666,8.0,3.0,0.375,183,122,2342.95875,0.33,0.875,0.375,0.0,0.0,0,0,0.0,0.0,0,0,0.0,0.0,0,0,0.0,18743.67,8,3,0.375,0
LGS2ORD0046877,C012410,2026-01-07 05:00:00,Female,53,Bronze,TV,Bangkok,1600,Web,COD,5,1,2,0,>50,53.333333333333336,7.0,1.0,0.14285714285714285,275,18,4901.577142857142,0.23,0.2857142857142857,0.14285714285714285,0.0,0.0,0,0,0.0,10807.3,1,0,0.0,12515.939999999999,2,0,0.0,34311.03999999999,7,1,0.14285714285714285,0
LGS2ORD0046878,C015697,2026-01-07 06:00:00,Male,42,Platinum,Web,Khon Kaen,592,Shopee,COD,6,1,2,0,40-50,19.733333333333334,5.0,1.0,0.2,353,54,1530.27,0.3,0.6,0.4,0.0,0.0,0,0,0.0,0.0,0,0,0.0,1467.23,1,0,0.0,7651.35,5,1,0.2,0
LGS2ORD0046879,C015599,2026-01-07 06:00:00,Male,36,Bronze,Shopee,Bangkok,1757,Shopee,COD,6,1,2,0,30-40,58.56666666666667,11.0,2.0,0.18181818181818182,235,36,3524.8854545454537,0.28,0.6363636363636364,0.45454545454545453,0.0,0.0,0,0,0.0,0.0,0,0,0.0,10714.18,3,0,0.0,38773.73999999999,11,2,0.18181818181818182,0
LGS2ORD0046880,C017242,2026-01-07 06:00:00,Female,39,Gold,CallCenter,Chonburi,1475,TV_Show,COD,6,1,2,0,30-40,49.166666666666664,4.0,1.0,0.25,331,67,2213.065,0.28,0.5,0.5,0.0,0.0,0,0,0.0,0.0,0,0,0.0,1049.7,1,0,0.0,8852.26,4,1,0.25,0
LGS2ORD0046881,C015922,2026-01-07 06:00:00,Male,50,Bronze,Lazada,Bangkok,1395,Web,COD,6,1,2,0,40-50,46.5,7.0,2.0,0.2857142857142857,94,21,4343.14,0.23,0.8571428571428571,0.42857142857142855,0.0,0.0,0,0,0.0,1798.83,1,0,0.0,5854.11,4,0,0.0,30401.980000000003,7,2,0.2857142857142857,1
LGS2ORD0046882,C016298,2026-01-07 06:00:00,Female,36,Bronze,CallCenter,Bangkok,463,CallCenter,COD,6,1,2,0,30-40,15.433333333333334,5.0,1.0,0.2,261,55,5473.432,0.23,0.8,0.2,0.0,0.0,0,0,0.0,0.0,0,0,0.0,4078.94,1,0,0.0,27367.16,5,1,0.2,0
LGS2ORD0046883,C010937,2026-01-07 07:00:00,Male,37,Silver,TV,Chonburi,1210,Lazada,COD,7,1,2,0,30-40,40.333333333333336,7.0,4.0,0.5714285714285714,23,38,4797.958571428571,0.3,0.5714285714285714,0.14285714285714285,0.0,0.0,0,0,0.0,0.0,0,0,0.0,3267.36,1,1,1.0,33585.71,7,4,0.5714285714285714,0
LGS2ORD0046884,C014581,2026-01-07 07:00:00,Male,43,Silver,TV,Phuket,1118,Web,PromptPay,7,1,2,0,40-50,37.266666666666666,3.0,0.0,0.0,-1,123,1740.72,0.1,0.3333333333333333,0.0,0.0,0.0,0,0,0.0,0.0,0,0,0.0,0.0,0,0,0.0,2771.12,2,0,0.0,0
LGS2ORD0046885,C012205,2026-01-07 07:00:00,Male,31,Bronze,TV,Remote_Area,1196,Shopee,COD,7,1,2,0,30-40,39.86666666666667,8.0,2.0,0.25,71,82,3096.46375,0.23,0.5,0.25,0.0,0.0,0,0,0.0,0.0,0,0,0.0,1965.25,1,1,1.0,24771.71,8,2,0.25,0
LGS2ORD0046886,C017089,2026-01-07 07:00:00,Male,53,Bronze,Shopee,Songkhla,1722,TV_Show,COD,7,1,2,0,>50,57.4,7.0,1.0,0.14285714285714285,106,56,4860.158571428571,0.28,0.7142857142857143,0.14285714285714285,0.0,0.0,0,0,0.0,0.0,0,0,0.0,2864.08,1,0,0.0,34021.11,7,1,0.14285714285714285,1
LGS2ORD0046887,C012583,2026-01-07 07:00:00,Male,39,Bronze,CallCenter,Chiang Mai,1719,TV_Show,COD,7,1,2,0,30-40,57.3,5.0,0.0,0.0,-1,68,13402.482,0.28,0.8,0.4,0.0,0.0,0,0,0.0,0.0,0,0,0.0,431.54,1,0,0.0,67012.41,5,0,0.0,0
LGS2ORD0046888,C015995,2026-01-07 08:00:00,Female,46,Silver,TV,Bangkok,619,TV_Show,COD,8,1,2,0,40-50,20.633333333333333,7.0,2.0,0.2857142857142857,63,76,4581.982857142857,0.25,0.2857142857142857,0.14285714285714285,0.0,0.0,0,0,0.0,0.0,0,0,0.0,3832.04,1,1,1.0,32073.88,7,2,0.2857142857142857,1
LGS2ORD0046889,C013676,2026-01-07 08:00:00,Female,35,Platinum,TV,Chiang Mai,1640,Web,COD,8,1,2,0,30-40,54.666666666666664,5.0,2.0,0.4,291,123,1914.0240000000001,0.3,0.2,0.6,0.0,0.0,0,0,0.0,0.0,0,0,0.0,0.0,0,0,0.0,9570.12,5,2,0.4,1
LGS2ORD0046890,C011836,2026-01-07 08:00:00,Female,40,Gold,Shopee,Bangkok,496,TV_Show,Credit_Card,8,1,2,0,30-40,16.533333333333335,7.0,0.0,0.0,-1,5,4482.795714285715,0.33,0.42857142857142855,0.5714285714285714,0.0,2313.38,1,0,0.0,7656.53,2,0,0.0,7656.53,2,0,0.0,27772.329999999998,6,0,0.0,0
LGS2ORD0046891,C011509,2026-01-07 08:00:00,Male,47,Bronze,TV,Phuket,708,Web,PromptPay,8,1,2,0,40-50,23.6,6.0,3.0,0.5,163,39,3808.4083333333333,0.23,0.6666666666666666,0.3333333333333333,0.0,0.0,0,0,0.0,0.0,0,0,0.0,10610.23,2,0,0.0,21280.09,5,3,0.6,0
LGS2ORD0046892,C010362,2026-01-07 08:00:00,Male,45,Bronze,Shopee,Remote_Area,1018,Shopee,COD,8,1,2,0,40-50,33.93333333333333,11.0,6.0,0.5454545454545454,14,24,4771.72,0.28,0.5454545454545454,0.45454545454545453,0.0,0.0,0,0,0.0,2845.43,1,1,1.0,2845.43,1,1,1.0,52488.92,11,6,0.5454545454545454,1
LGS2ORD0046893,C011920,2026-01-07 08:00:00,Female,32,Gold,Shopee,Chonburi,760,Shopee,PromptPay,8,1,2,0,30-40,25.333333333333332,2.0,1.0,0.5,230,245,915.465,0.33,0.0,0.5,0.0,0.0,0,0,0.0,0.0,0,0,0.0,0.0,0,0,0.0,1830.93,2,1,0.5,1
LGS2ORD0046894,C016833,2026-01-07 09:00:00,Female,48,Bronze,TV,Chiang Mai,1394,Lazada,COD,9,1,2,0,40-50,46.46666666666667,2.0,1.0,0.5,309,284,4616.11,0.23,0.5,0.5,0.0,0.0,0,0,0.0,0.0,0,0,0.0,0.0,0,0,0.0,9232.22,2,1,0.5,0
LGS2ORD0046895,C014102,2026-01-07 09:00:00,Male,59,Platinum,Web,Bangkok,1639,TV_Show,Credit_Card,9,1,2,0,>50,54.63333333333333,6.0,1.0,0.16666666666666666,63,10,3301.2266666666674,0.35,0.5,0.5,0.0,0.0,0,0,0.0,1410.45,2,0,0.0,3252.63,3,1,0.3333333333333333,19807.360000000004,6,1,0.16666666666666666,0
LGS2ORD0046896,C010364,2026-01-07 09:00:00,Male,41,Silver,TV,Chonburi,1144,Lazada,Bank_Transfer,9,1,2,0,40-50,38.13333333333333,4.0,1.0,0.25,97,106,10223.7375,0.3,0.75,0.5,0.0,0.0,0,0,0.0,0.0,0,0,0.0,0.0,0,0,0.0,40894.95,4,1,0.25,1
LGS2ORD0046897,C012878,2026-01-07 09:00:00,Female,63,Bronze,TV,Chonburi,785,Web,COD,9,1,2,0,>50,26.166666666666668,10.0,2.0,0.2,278,72,3801.78,0.28,0.6,0.4,0.0,0.0,0,0,0.0,0.0,0,0,0.0,993.36,1,0,0.0,38017.8,10,2,0.2,0
LGS2ORD0046898,C017374,2026-01-07 09:00:00,Male,48,Bronze,Shopee,Chiang Mai,1667,Shopee,COD,9,1,2,0,40-50,55.56666666666667,7.0,1.0,0.14285714285714285,32,36,2927.941428571429,0.28,0.14285714285714285,0.42857142857142855,0.0,0.0,0,0,0.0,0.0,0,0,0.0,15457.28,4,1,0.25,20495.59,7,1,0.14285714285714285,0
LGS2ORD0046899,C010346,2026-01-07 10:00:00,Female,25,Bronze,Lazada,Nakhon Ratchasima,1290,Shopee,COD,10,1,2,0,20-30,43.0,7.0,0.0,0.0,-1,51,4500.15,0.23,0.5714285714285714,0.2857142857142857,0.0,0.0,0,0,0.0,0.0,0,0,0.0,1608.16,1,0,0.0,31501.05,7,0,0.0,0
LGS2ORD0046900,C010914,2026-01-07 10:00:00,Female,36,Silver,Shopee,Khon Kaen,480,Shopee,Credit_Card,10,1,2,0,30-40,16.0,8.0,2.0,0.25,180,3,6251.675,0.25,0.5,0.375,0.125,8844.4,1,0,0.0,19819.9,2,0,0.0,27013.68,3,0,0.0,50013.4,8,2,0.25,0
LGS2ORD0046901,C014941,2026-01-07 10:00:00,Male,30,Bronze,TV,Phuket,1382,Lazada,Credit_Card,10,1,2,0,20-30,46.06666666666667,5.0,2.0,0.4,152,167,4055.704,0.28,0.4,0.2,0.0,0.0,0,0,0.0,0.0,0,0,0.0,0.0,0,0,0.0,20278.52,5,2,0.4,0
LGS2ORD0046902,C012802,2026-01-07 10:00:00,Male,34,Gold,TV,Chiang Mai,1156,TV_Show,COD,10,1,2,0,30-40,38.53333333333333,3.0,0.0,0.0,-1,60,1134.0966666666668,0.08,0.6666666666666666,0.0,0.0,0.0,0,0,0.0,0.0,0,0,0.0,399.57,1,0,0.0,3402.2900000000004,3,0,0.0,0
LGS2ORD0046903,C010889,2026-01-07 10:00:00,Male,54,Silver,Shopee,Phuket,1139,Web,Credit_Card,10,1,2,0,>50,37.96666666666667,2.0,1.0,0.5,99,112,2544.1600000000003,0.25,0.5,0.5,0.0,0.0,0,0,0.0,0.0,0,0,0.0,0.0,0,0,0.0,5088.320000000001,2,1,0.5,0
LGS2ORD0046904,C011320,2026-01-07 11:00:00,Male,47,Silver,Shopee,Chonburi,1140,Web,Bank_Transfer,11,1,2,0,40-50,38.0,8.0,1.0,0.125,194,74,3378.3412499999995,0.3,0.75,0.25,0.0,0.0,0,0,0.0,0.0,0,0,0.0,5341.91,1,0,0.0,27026.729999999996,8,1,0.125,0
LGS2ORD0046905,C014483,2026-01-07 11:00:00,Female,37,Bronze,TV,Chonburi,1197,TV_Show,COD,11,1,2,0,30-40,39.9,6.0,1.0,0.16666666666666666,64,60,6239.465,0.28,0.3333333333333333,0.5,0.0,0.0,0,0,0.0,0.0,0,0,0.0,24669.739999999998,2,1,0.5,37436.79,6,1,0.16666666666666666,0
LGS2ORD0046906,C010718,2026-01-07 11:00:00,Male,30,Bronze,TV,Bangkok,1398,CallCenter,COD,11,1,2,0,20-30,46.6,6.0,1.0,0.16666666666666666,148,57,5041.313333333333,0.18,0.6666666666666666,0.0,0.0,0.0,0,0,0.0,0.0,0,0,0.0,3291.41,1,0,0.0,30247.879999999997,6,1,0.16666666666666666,1
LGS2ORD0046907,C010149,2026-01-07 11:00:00,Female,43,Gold,Shopee,Nakhon Ratchasima,1626,TV_Show,PromptPay,11,1,2,0,40-50,54.2,5.0,3.0,0.6,54,65,3056.254,0.28,0.2,0.4,0.0,0.0,0,0,0.0,0.0,0,0,0.0,10958.55,3,2,0.6666666666666666,13904.2,4,3,0.75,0
LGS2ORD0046908,C016549,2026-01-07 11:00:00,Female,34,Platinum,Shopee,Bangkok,386,Lazada,Credit_Card,11,1,2,0,30-40,12.866666666666667,4.0,1.0,0.25,342,1,2637.4624999999996,0.3,0.5,0.5,0.0,5995.69,1,0,0.0,5995.69,1,0,0.0,5995.69,1,0,0.0,10549.849999999999,4,1,0.25,1
LGS2ORD0046909,C015418,2026-01-07 12:00:00,Male,50,Silver,Web,Remote_Area,601,Shopee,COD,12,1,2,0,40-50,20.033333333333335,12.0,5.0,0.4166666666666667,17,26,4777.465,0.3,0.4166666666666667,0.3333333333333333,0.0,0.0,0,0,0.0,9818.2,1,1,1.0,33390.020000000004,4,1,0.25,57329.58,12,5,0.4166666666666667,0
LGS2ORD0046910,C013310,2026-01-07 12:00:00,Male,59,Gold,TV,Nakhon Ratchasima,616,TV_Show,COD,12,1,2,0,>50,20.533333333333335,3.0,0.0,0.0,-1,101,2058.1433333333334,0.28,0.3333333333333333,0.3333333333333333,0.0,0.0,0,0,0.0,0.0,0,0,0.0,0.0,0,0,0.0,6174.43,3,0,0.0,0
LGS2ORD0046911,C010075,2026-01-07 12:00:00,Female,37,Bronze,TV,Bangkok,1093,Web,PromptPay,12,1,2,0,30-40,36.43333333333333,10.0,2.0,0.2,40,50,4396.296,0.18,0.7,0.0,0.0,0.0,0,0,0.0,0.0,0,0,0.0,5542.24,2,1,0.5,43962.96000000001,10,2,0.2,0
LGS2ORD0046912,C014762,2026-01-07 12:00:00,Male,42,Bronze,TV,Chiang Mai,725,CallCenter,COD,12,1,2,0,40-50,24.166666666666668,8.0,1.0,0.125,34,43,7314.032499999999,0.28,0.25,0.25,0.0,0.0,0,0,0.0,0.0,0,0,0.0,30344.63,3,1,0.3333333333333333,58512.259999999995,8,1,0.125,1
LGS2ORD0046913,C012921,2026-01-07 12:00:00,Male,54,Bronze,Lazada,Bangkok,757,TV_Show,PromptPay,12,1,2,0,>50,25.233333333333334,4.0,1.0,0.25,153,139,3261.605,0.08,0.0,0.0,0.0,0.0,0,0,0.0,0.0,0,0,0.0,0.0,0,0,0.0,13046.42,4,1,0.25,0
LGS2ORD0046914,C013985,2026-01-07 12:00:00,Female,36,Silver,TV,Chonburi,1444,Shopee,COD,12,1,2,0,30-40,48.13333333333333,2.0,0.0,0.0,-1,28,1804.62,0.2,1.0,0.0,0.0,0.0,0,0,0.0,1875.42,1,0,0.0,1875.42,1,0,0.0,3609.24,2,0,0.0,1
LGS2ORD0046915,C011516,2026-01-07 13:00:00,Female,28,Bronze,TV,Nakhon Ratchasima,1677,CallCenter,Credit_Card,13,1,2,0,20-30,55.9,12.0,4.0,0.3333333333333333,104,95,7823.762500000001,0.28,0.5833333333333334,0.25,0.0,0.0,0,0,0.0,0.0,0,0,0.0,0.0,0,0,0.0,93885.15000000001,12,4,0.3333333333333333,0
LGS2ORD0046916,C012821,2026-01-07 13:00:00,Female,18,Bronze,CallCenter,Chonburi,950,CallCenter,PromptPay,13,1,2,0,<20,31.666666666666668,5.0,0.0,0.0,-1,3,7888.173999999999,0.23,0.4,0.2,0.0,8423.29,1,0,0.0,8423.29,1,0,0.0,8423.29,1,0,0.0,36475.8,4,0,0.0,1
LGS2ORD0046917,C015714,2026-01-07 13:00:00,Male,35,Platinum,Web,Khon Kaen,1231,Web,Credit_Card,13,1,2,0,30-40,41.03333333333333,5.0,1.0,0.2,302,36,6687.108,0.3,0.8,0.4,0.0,0.0,0,0,0.0,0.0,0,0,0.0,3146.89,1,0,0.0,33435.54,5,1,0.2,0
LGS2ORD0046918,C012561,2026-01-07 13:00:00,Female,61,Platinum,Shopee,Phuket,893,Shopee,COD,13,1,2,0,>50,29.766666666666666,8.0,2.0,0.25,223,29,9448.9575,0.35,0.625,0.75,0.0,0.0,0,0,0.0,1165.1,1,0,0.0,8666.539999999999,2,0,0.0,75591.66,8,2,0.25,0
LGS2ORD0046919,C010983,2026-01-07 13:00:00,Female,33,Silver,TV,Bangkok,1124,TV_Show,Credit_Card,13,1,2,0,30-40,37.46666666666667,2.0,0.0,0.0,-1,3,2694.255,0.3,0.0,0.5,0.0,3377.25,1,0,0.0,3377.25,1,0,0.0,3377.25,1,0,0.0,5388.51,2,0,0.0,0
LGS2ORD0046920,C016552,2026-01-07 14:00:00,Female,18,Bronze,Lazada,Bangkok,824,Web,COD,14,1,2,0,<20,27.466666666666665,7.0,1.0,0.14285714285714285,284,72,5690.702857142858,0.28,0.2857142857142857,0.2857142857142857,0.0,0.0,0,0,0.0,0.0,0,0,0.0,1080.62,1,0,0.0,39834.920000000006,7,1,0.14285714285714285,0
LGS2ORD0046921,C014136,2026-01-07 14:00:00,Other,57,Bronze,CallCenter,Khon Kaen,513,Shopee,COD,14,1,2,0,>50,17.1,8.0,2.0,0.25,172,9,7441.1125,0.28,0.875,0.375,0.0,0.0,0,0,0.0,7001.97,1,0,0.0,7001.97,1,0,0.0,53113.18000000001,7,2,0.2857142857142857,0
LGS2ORD0046922,C012478,2026-01-07 14:00:00,Female,34,Silver,Lazada,Bangkok,863,Web,COD,14,1,2,0,30-40,28.766666666666666,4.0,1.0,0.25,348,23,5589.4325,0.3,0.5,0.5,0.0,0.0,0,0,0.0,1028.09,1,0,0.0,15429.960000000001,2,0,0.0,22357.73,4,1,0.25,1
LGS2ORD0046923,C010810,2026-01-07 14:00:00,Male,56,Gold,Lazada,Chiang Mai,888,Shopee,Credit_Card,14,1,2,0,>50,29.6,3.0,0.0,0.0,-1,166,5407.21,0.28,0.0,0.6666666666666666,0.0,0.0,0,0,0.0,0.0,0,0,0.0,0.0,0,0,0.0,16221.630000000001,3,0,0.0,0
LGS2ORD0046924,C012216,2026-01-07 14:00:00,Female,51,Silver,TV,Remote_Area,1441,Web,Bank_Transfer,14,1,2,0,>50,48.03333333333333,5.0,2.0,0.4,47,20,2234.844,0.3,0.6,0.6,0.0,0.0,0,0,0.0,352.83,1,0,0.0,5199.79,3,1,0.3333333333333333,11174.22,5,2,0.4,0
LGS2ORD0046925,C014837,2026-01-07 15:00:00,Female,42,Bronze,Lazada,Bangkok,1470,Shopee,COD,15,1,2,0,40-50,49.0,6.0,3.0,0.5,54,5,6668.836666666667,0.23,0.5,0.5,0.0,859.39,1,0,0.0,859.39,1,0,0.0,2114.52,2,1,0.5,15458.73,5,3,0.6,0
LGS2ORD0046926,C011451,2026-01-07 15:00:00,Male,38,Silver,CallCenter,Chiang Mai,768,Shopee,Bank_Transfer,15,1,2,0,30-40,25.6,4.0,0.0,0.0,-1,23,6364.402499999999,0.25,0.25,0.25,0.0,0.0,0,0,0.0,2669.94,1,0,0.0,2669.94,1,0,0.0,25457.609999999997,4,0,0.0,1
LGS2ORD0046927,C015538,2026-01-07 15:00:00,Female,47,Silver,TV,Bangkok,1400,Lazada,Credit_Card,15,1,2,0,40-50,46.666666666666664,4.0,0.0,0.0,-1,22,4975.547500000001,0.25,0.75,0.5,0.0,0.0,0,0,0.0,358.22,1,0,0.0,358.22,1,0,0.0,19902.190000000002,4,0,0.0,0
LGS2ORD0046928,C016750,2026-01-07 15:00:00,Male,41,Bronze,TV,Bangkok,1265,TV_Show,Credit_Card,15,1,2,0,40-50,42.166666666666664,9.0,4.0,0.4444444444444444,0,10,6629.186666666667,0.28,0.3333333333333333,0.2222222222222222,0.0,0.0,0,0,0.0,594.72,1,1,1.0,594.72,1,1,1.0,59662.68000000001,9,4,0.4444444444444444,0
LGS2ORD0046929,C010774,2026-01-07 15:00:00,Female,37,Silver,Shopee,Bangkok,1556,TV_Show,Credit_Card,15,1,2,0,30-40,51.86666666666667,3.0,1.0,0.3333333333333333,331,49,8169.93,0.15,1.0,0.0,0.0,0.0,0,0,0.0,0.0,0,0,0.0,12707.02,1,0,0.0,24509.79,3,1,0.3333333333333333,0
LGS2ORD0046930,C014074,2026-01-07 16:00:00,Male,37,Gold,CallCenter,Bangkok,391,TV_Show,PromptPay,16,1,2,0,30-40,13.033333333333333,7.0,3.0,0.42857142857142855,18,28,6661.427142857143,0.33,0.8571428571428571,0.5714285714285714,0.0,0.0,0,0,0.0,3906.38,1,1,1.0,7417.99,2,2,1.0,46629.99,7,3,0.42857142857142855,0
LGS2ORD0046931,C017622,2026-01-07 16:00:00,Female,49,Silver,TV,Chiang Mai,1266,TV_Show,COD,16,1,2,0,40-50,42.2,13.0,2.0,0.15384615384615385,100,25,3870.3846153846152,0.3,0.3076923076923077,0.3076923076923077,0.0,0.0,0,0,0.0,18255.56,1,0,0.0,30599.31,6,0,0.0,49429.32,12,2,0.16666666666666666,1
LGS2ORD0046932,C013550,2026-01-07 16:00:00,Female,42,Silver,TV,Bangkok,578,TV_Show,COD,16,1,2,0,40-50,19.266666666666666,5.0,1.0,0.2,31,19,4344.83,0.3,0.6,0.2,0.0,0.0,0,0,0.0,1884.52,1,0,0.0,6828.09,3,1,0.3333333333333333,21724.149999999998,5,1,0.2,1
LGS2ORD0046933,C014233,2026-01-07 16:00:00,Female,41,Gold,TV,Bangkok,1379,Shopee,Credit_Card,16,1,2,0,40-50,45.96666666666667,10.0,2.0,0.2,119,3,5892.165,0.28,0.4,0.5,0.0,1553.56,1,0,0.0,33571.69,3,0,0.0,42375.33,6,0,0.0,58921.65,10,2,0.2,0
LGS2ORD0046934,C015492,2026-01-07 16:00:00,Male,67,Bronze,Shopee,Bangkok,1184,Lazada,PromptPay,16,1,2,0,>50,39.46666666666667,7.0,2.0,0.2857142857142857,127,44,9339.388571428572,0.28,0.42857142857142855,0.5714285714285714,0.0,0.0,0,0,0.0,0.0,0,0,0.0,662.36,1,0,0.0,65375.72,7,2,0.2857142857142857,1
LGS2ORD0046935,C012678,2026-01-07 16:00:00,Female,42,Silver,Web,Remote_Area,610,Lazada,COD,16,1,2,0,40-50,20.333333333333332,6.0,2.0,0.3333333333333333,3,19,3827.5749999999994,0.25,0.8333333333333334,0.3333333333333333,0.0,0.0,0,0,0.0,4806.0,2,2,1.0,4806.0,2,2,1.0,22011.78,5,2,0.4,0
LGS2ORD0046936,C016555,2026-01-07 17:00:00,Female,62,Silver,Web,Chiang Mai,1449,TV_Show,COD,17,1,2,0,>50,48.3,9.0,0.0,0.0,-1,28,7700.223333333334,0.3,0.6666666666666666,0.2222222222222222,0.0,0.0,0,0,0.0,3558.97,1,0,0.0,3558.97,1,0,0.0,68211.85,8,0,0.0,0
LGS2ORD0046937,C016705,2026-01-07 17:00:00,Male,50,Bronze,Shopee,Bangkok,726,Web,COD,17,1,2,0,40-50,24.2,4.0,1.0,0.25,329,50,7762.99,0.18,0.0,0.0,0.0,0.0,0,0,0.0,0.0,0,0,0.0,1689.08,1,0,0.0,25742.660000000003,3,1,0.3333333333333333,0
LGS2ORD0046938,C016976,2026-01-07 17:00:00,Male,54,Gold,Web,Khon Kaen,780,Shopee,Credit_Card,17,1,2,0,>50,26.0,6.0,2.0,0.3333333333333333,89,105,8705.071666666667,0.33,0.3333333333333333,0.5,0.0,0.0,0,0,0.0,0.0,0,0,0.0,0.0,0,0,0.0,52230.43,6,2,0.3333333333333333,0
LGS2ORD0046939,C011282,2026-01-07 17:00:00,Male,52,Bronze,Web,Chiang Mai,1256,Shopee,Bank_Transfer,17,1,2,0,>50,41.86666666666667,9.0,1.0,0.1111111111111111,281,36,3109.31,0.28,0.6666666666666666,0.4444444444444444,0.0,0.0,0,0,0.0,0.0,0,0,0.0,8328.529999999999,2,0,0.0,27983.79,9,1,0.1111111111111111,0
LGS2ORD0046940,C013815,2026-01-07 17:00:00,Female,18,Bronze,TV,Bangkok,1563,Shopee,COD,17,1,2,0,<20,52.1,7.0,2.0,0.2857142857142857,-6,5,5026.624285714285,0.28,0.42857142857142855,0.5714285714285714,0.0,23348.32,3,2,0.6666666666666666,23348.32,3,2,0.6666666666666666,23348.32,3,2,0.6666666666666666,35186.369999999995,7,2,0.2857142857142857,0
LGS2ORD0046941,C013100,2026-01-07 18:00:00,Male,41,Silver,Lazada,Songkhla,578,TV_Show,PromptPay,18,1,2,0,40-50,19.266666666666666,3.0,2.0,0.6666666666666666,224,235,5918.47,0.25,0.6666666666666666,0.3333333333333333,0.0,0.0,0,0,0.0,0.0,0,0,0.0,0.0,0,0,0.0,17755.41,3,2,0.6666666666666666,1
LGS2ORD0046942,C014005,2026-01-07 18:00:00,Male,27,Gold,TV,Bangkok,1292,Web,Credit_Card,18,1,2,0,20-30,43.06666666666667,5.0,1.0,0.2,272,11,5144.888,0.28,0.2,0.6,0.0,0.0,0,0,0.0,9611.48,2,0,0.0,24010.71,4,0,0.0,25724.44,5,1,0.2,1
LGS2ORD0046943,C012861,2026-01-07 18:00:00,Female,26,Silver,TV,Songkhla,652,TV_Show,Bank_Transfer,18,1,2,0,20-30,21.733333333333334,6.0,2.0,0.3333333333333333,143,49,8170.899999999999,0.3,0.3333333333333333,0.16666666666666666,0.0,0.0,0,0,0.0,0.0,0,0,0.0,34654.28,4,0,0.0,49025.399999999994,6,2,0.3333333333333333,0
LGS2ORD0046944,C011482,2026-01-07 18:00:00,Male,54,Silver,Web,Nakhon Ratchasima,559,Lazada,COD,18,1,2,0,>50,18.633333333333333,6.0,1.0,0.16666666666666666,13,28,5927.241666666668,0.25,0.6666666666666666,0.16666666666666666,0.0,0.0,0,0,0.0,5802.25,2,1,0.5,9443.47,3,1,0.3333333333333333,35563.450000000004,6,1,0.16666666666666666,0
LGS2ORD0046945,C017368,2026-01-07 18:00:00,Male,41,Silver,Web,Nakhon Ratchasima,1776,TV_Show,PromptPay,18,1,2,0,40-50,59.2,3.0,2.0,0.6666666666666666,21,25,9534.31,0.2,0.6666666666666666,0.0,0.0,0.0,0,0,0.0,3454.71,1,1,1.0,3454.71,1,1,1.0,28602.93,3,2,0.6666666666666666,1
LGS2ORD0046946,C010922,2026-01-07 19:00:00,Male,37,Gold,TV,Phuket,1259,Web,Credit_Card,19,1,2,0,30-40,41.96666666666667,4.0,2.0,0.5,27,40,4644.802500000001,0.33,0.75,0.5,0.0,0.0,0,0,0.0,0.0,0,0,0.0,8608.869999999999,2,1,0.5,18579.210000000003,4,2,0.5,0
LGS2ORD0046947,C010758,2026-01-07 19:00:00,Female,45,Gold,CallCenter,Bangkok,969,Web,COD,19,1,2,0,40-50,32.3,6.0,0.0,0.0,-1,67,3848.593333333333,0.28,0.16666666666666666,0.5,0.0,0.0,0,0,0.0,0.0,0,0,0.0,963.25,2,0,0.0,23091.559999999998,6,0,0.0,0
LGS2ORD0046948,C013319,2026-01-07 19:00:00,Female,45,Silver,Lazada,Remote_Area,460,TV_Show,PromptPay,19,1,2,0,40-50,15.333333333333334,3.0,1.0,0.3333333333333333,247,71,3673.646666666667,0.25,0.6666666666666666,0.3333333333333333,0.0,0.0,0,0,0.0,0.0,0,0,0.0,5311.26,1,0,0.0,11020.94,3,1,0.3333333333333333,1
LGS2ORD0046949,C010957,2026-01-07 19:00:00,Female,39,Gold,Shopee,Chiang Mai,384,Shopee,COD,19,1,2,0,30-40,12.8,1.0,1.0,1.0,77,85,2900.62,0.28,0.0,1.0,0.0,0.0,0,0,0.0,0.0,0,0,0.0,2900.62,1,1,1.0,2900.62,1,1,1.0,0
LGS2ORD0046950,C011118,2026-01-07 19:00:00,Female,29,Silver,CallCenter,Khon Kaen,1791,TV_Show,PromptPay,19,1,2,0,20-30,59.7,5.0,1.0,0.2,292,14,10913.152,0.3,0.2,0.4,0.0,0.0,0,0,0.0,604.65,1,0,0.0,11043.1,2,0,0.0,54565.76,5,1,0.2,0
LGS2ORD0046951,C015293,2026-01-07 19:00:00,Female,61,Silver,CallCenter,Nakhon Ratchasima,723,Lazada,Credit_Card,19,1,2,0,>50,24.1,2.0,1.0,0.5,319,30,3538.815,0.25,1.0,0.5,0.0,0.0,0,0,0.0,0.0,0,0,0.0,5827.22,1,0,0.0,7077.63,2,1,0.5,0
LGS2ORD0046952,C013916,2026-01-07 20:00:00,Male,26,Gold,CallCenter,Bangkok,1156,TV_Show,COD,20,1,2,0,20-30,38.53333333333333,10.0,2.0,0.2,97,5,7035.113,0.33,0.5,0.4,0.0,26109.57,1,0,0.0,26109.57,1,0,0.0,26921.97,2,0,0.0,70351.13,10,2,0.2,1
LGS2ORD0046953,C011548,2026-01-07 20:00:00,Male,63,Silver,Web,Chiang Mai,1228,CallCenter,Credit_Card,20,1,2,0,>50,40.93333333333333,3.0,0.0,0.0,-1,80,8364.42,0.15,0.0,0.0,0.0,0.0,0,0,0.0,0.0,0,0,0.0,3119.85,1,0,0.0,25093.26,3,0,0.0,1
LGS2ORD0046954,C014134,2026-01-07 20:00:00,Male,37,Silver,Lazada,Phuket,501,TV_Show,COD,20,1,2,0,30-40,16.7,3.0,1.0,0.3333333333333333,1,13,5260.14,0.2,0.0,0.0,0.0,0.0,0,0,0.0,8484.41,1,1,1.0,8484.41,1,1,1.0,15780.42,3,1,0.3333333333333333,0
LGS2ORD0046955,C016548,2026-01-07 20:00:00,Female,33,Bronze,Lazada,Nakhon Ratchasima,1005,Web,COD,20,1,2,0,30-40,33.5,3.0,0.0,0.0,-1,155,18028.63666666667,0.18,0.6666666666666666,0.0,0.0,0.0,0,0,0.0,0.0,0,0,0.0,0.0,0,0,0.0,54085.91,3,0,0.0,1
LGS2ORD0046956,C013709,2026-01-07 20:00:00,Male,27,Bronze,TV,Phuket,1396,Web,PromptPay,20,1,2,0,20-30,46.53333333333333,7.0,1.0,0.14285714285714285,133,103,4246.354285714285,0.18,0.5714285714285714,0.0,0.0,0.0,0,0,0.0,0.0,0,0,0.0,0.0,0,0,0.0,29724.479999999996,7,1,0.14285714285714285,0
LGS2ORD0046957,C010772,2026-01-07 21:00:00,Female,62,Gold,CallCenter,Songkhla,519,TV_Show,COD,21,1,2,0,>50,17.3,3.0,1.0,0.3333333333333333,204,26,1834.45,0.2299999999999999,0.6666666666666666,0.6666666666666666,0.0,0.0,0,0,0.0,1319.46,1,0,0.0,1319.46,1,0,0.0,5503.35,3,1,0.3333333333333333,1
LGS2ORD0046958,C016181,2026-01-07 21:00:00,Male,64,Gold,Shopee,Bangkok,1219,Web,Bank_Transfer,21,1,2,0,>50,40.63333333333333,3.0,0.0,0.0,-1,30,2299.34,0.33,0.6666666666666666,0.3333333333333333,0.0,0.0,0,0,0.0,1369.43,1,0,0.0,2974.54,2,0,0.0,6898.02,3,0,0.0,0
LGS2ORD0046959,C014672,2026-01-07 21:00:00,Female,39,Bronze,Shopee,Chiang Mai,1797,TV_Show,COD,21,1,2,0,30-40,59.9,15.0,4.0,0.26666666666666666,-11,2,7352.075999999999,0.23,0.6666666666666666,0.13333333333333333,0.06666666666666667,27866.6,1,1,1.0,30038.8,2,1,0.5,32373.44,4,2,0.5,109545.98999999999,14,4,0.2857142857142857,0
LGS2ORD0046960,C010705,2026-01-07 21:00:00,Female,35,Silver,Lazada,Chiang Mai,1179,Lazada,PromptPay,21,1,2,0,30-40,39.3,2.0,1.0,0.5,51,68,3535.3500000000004,0.25,0.0,0.5,0.0,0.0,0,0,0.0,0.0,0,0,0.0,3612.28,1,1,1.0,7070.700000000001,2,1,0.5,0
LGS2ORD0046961,C014421,2026-01-07 21:00:00,Male,36,Gold,TV,Bangkok,911,Lazada,COD,21,1,2,0,30-40,30.366666666666667,2.0,0.0,0.0,-1,131,6547.379999999999,0.2299999999999999,0.5,0.5,0.0,0.0,0,0,0.0,0.0,0,0,0.0,0.0,0,0,0.0,13094.759999999998,2,0,0.0,0
LGS2ORD0046962,C017311,2026-01-07 22:00:00,Female,36,Silver,Web,Chiang Mai,1310,TV_Show,COD,22,1,2,0,30-40,43.666666666666664,10.0,3.0,0.3,226,84,4420.725,0.2,0.5,0.0,0.0,0.0,0,0,0.0,0.0,0,0,0.0,11784.66,1,0,0.0,44207.25,10,3,0.3,0
LGS2ORD0046963,C013682,2026-01-07 22:00:00,Other,30,Silver,Web,Songkhla,1146,Lazada,PromptPay,22,1,2,0,20-30,38.2,9.0,3.0,0.3333333333333333,26,36,7479.470000000001,0.25,0.6666666666666666,0.1111111111111111,0.0,0.0,0,0,0.0,0.0,0,0,0.0,2440.3,1,1,1.0,67315.23000000001,9,3,0.3333333333333333,0
LGS2ORD0046964,C013347,2026-01-07 22:00:00,Female,53,Bronze,TV,Khon Kaen,510,Lazada,COD,22,1,2,0,>50,17.0,5.0,1.0,0.2,135,35,2094.124,0.28,0.4,0.4,0.0,0.0,0,0,0.0,0.0,0,0,0.0,613.13,1,0,0.0,10470.619999999999,5,1,0.2,1
LGS2ORD0046965,C014665,2026-01-07 22:00:00,Male,36,Bronze,Web,Nakhon Ratchasima,830,Web,Credit_Card,22,1,2,0,30-40,27.666666666666668,6.0,3.0,0.5,-9,1,7700.405,0.18,0.6666666666666666,0.0,0.0,6347.8,1,1,1.0,6347.8,1,1,1.0,12827.720000000001,2,2,1.0,46202.43,6,3,0.5,1
LGS2ORD0046966,C013929,2026-01-07 22:00:00,Male,19,Platinum,Web,Bangkok,1192,TV_Show,COD,22,1,2,0,<20,39.733333333333334,4.0,1.0,0.25,218,150,1432.3899999999999,0.35,0.0,0.75,0.0,0.0,0,0,0.0,0.0,0,0,0.0,0.0,0,0,0.0,5729.5599999999995,4,1,0.25,0
LGS2ORD0046967,C016738,2026-01-07 23:00:00,Male,22,Bronze,CallCenter,Bangkok,853,Shopee,PromptPay,23,1,2,0,20-30,28.433333333333334,3.0,1.0,0.3333333333333333,317,77,8844.550000000001,0.28,0.6666666666666666,0.3333333333333333,0.0,0.0,0,0,0.0,0.0,0,0,0.0,23884.34,1,0,0.0,26533.65,3,1,0.3333333333333333,0
LGS2ORD0046968,C011149,2026-01-07 23:00:00,Male,48,Bronze,TV,Chonburi,1818,Shopee,COD,23,1,2,0,40-50,60.6,5.0,0.0,0.0,-1,53,11887.815999999999,0.23,0.6,0.2,0.0,0.0,0,0,0.0,0.0,0,0,0.0,14153.97,1,0,0.0,59439.079999999994,5,0,0.0,0
LGS2ORD0046969,C013466,2026-01-07 23:00:00,Female,49,Bronze,Web,Songkhla,482,TV_Show,COD,23,1,2,0,40-50,16.066666666666666,7.0,0.0,0.0,-1,12,9294.221428571427,0.23,0.5714285714285714,0.2857142857142857,0.0,0.0,0,0,0.0,3022.88,1,0,0.0,35449.92,3,0,0.0,39780.630000000005,6,0,0.0,0
LGS2ORD0046970,C013549,2026-01-07 23:00:00,Male,34,Bronze,TV,Chonburi,1748,CallCenter,Credit_Card,23,1,2,0,30-40,58.266666666666666,6.0,1.0,0.16666666666666666,144,63,4879.458333333333,0.23,0.5,0.16666666666666666,0.0,0.0,0,0,0.0,0.0,0,0,0.0,5672.03,2,0,0.0,29276.749999999996,6,1,0.16666666666666666,0
LGS2ORD0046971,C012117,2026-01-07 23:00:00,Female,18,Silver,Web,Bangkok,482,Shopee,COD,23,1,2,0,<20,16.066666666666666,1.0,0.0,0.0,-1,49,1695.43,0.15,0.0,0.0,0.0,0.0,0,0,0.0,0.0,0,0,0.0,1695.43,1,0,0.0,1695.43,1,0,0.0,0
LGS2ORD0046972,C012604,2026-01-07 23:00:00,Female,55,Bronze,TV,Remote_Area,996,Lazada,COD,23,1,2,0,>50,33.2,8.0,2.0,0.25,36,48,6735.7475,0.28,0.375,0.25,0.0,0.0,0,0,0.0,0.0,0,0,0.0,22762.78,2,1,0.5,53885.98,8,2,0.25,0
LGS2ORD0046973,C016098,2026-01-08 00:00:00,Female,46,Bronze,Lazada,Chiang Mai,687,Web,Credit_Card,0,1,3,0,40-50,22.9,2.0,0.0,0.0,-1,243,7779.07,0.23,0.5,0.5,0.0,0.0,0,0,0.0,0.0,0,0,0.0,0.0,0,0,0.0,15558.14,2,0,0.0,0
LGS2ORD0046974,C011052,2026-01-08 00:00:00,Male,42,Silver,TV,Chonburi,935,Shopee,PromptPay,0,1,3,0,40-50,31.166666666666668,6.0,2.0,0.3333333333333333,252,231,3330.1433333333334,0.2,0.5,0.0,0.0,0.0,0,0,0.0,0.0,0,0,0.0,0.0,0,0,0.0,19980.86,6,2,0.3333333333333333,0
LGS2ORD0046975,C015229,2026-01-08 00:00:00,Female,28,Bronze,Shopee,Bangkok,1689,TV_Show,COD,0,1,3,0,20-30,56.3,17.0,5.0,0.29411764705882354,43,51,4853.221764705882,0.28,0.7647058823529411,0.11764705882352941,0.0,0.0,0,0,0.0,0.0,0,0,0.0,13810.060000000001,5,2,0.4,82504.77,17,5,0.29411764705882354,1
LGS2ORD0046976,C014589,2026-01-08 00:00:00,Female,26,Bronze,Web,Bangkok,1523,Web,Credit_Card,0,1,3,0,20-30,50.766666666666666,8.0,1.0,0.125,34,39,2908.5299999999997,0.28,0.25,0.375,0.0,0.0,0,0,0.0,0.0,0,0,0.0,4717.84,2,1,0.5,23268.239999999998,8,1,0.125,0
LGS2ORD0046977,C010880,2026-01-08 00:00:00,Female,35,Bronze,Web,Chiang Mai,962,Shopee,PromptPay,0,1,3,0,30-40,32.06666666666667,5.0,1.0,0.2,342,92,4695.966,0.28,0.2,0.2,0.0,0.0,0,0,0.0,0.0,0,0,0.0,0.0,0,0,0.0,18465.67,4,1,0.25,0
LGS2ORD0046978,C010302,2026-01-08 01:00:00,Female,35,Bronze,Shopee,Remote_Area,1596,TV_Show,Credit_Card,1,1,3,0,30-40,53.2,10.0,4.0,0.4,51,41,4436.438,0.23,0.6,0.5,0.0,0.0,0,0,0.0,0.0,0,0,0.0,12862.39,3,2,0.6666666666666666,44364.380000000005,10,4,0.4,0
LGS2ORD0046979,C017094,2026-01-08 01:00:00,Female,43,Gold,Web,Phuket,1224,Shopee,COD,1,1,3,0,40-50,40.8,0.0,0.0,0.0,-1,-1,0.0,0.0,0.0,0.0,0.0,0.0,0,0,0.0,0.0,0,0,0.0,0.0,0,0,0.0,0.0,0,0,0.0,0
LGS2ORD0046980,C015021,2026-01-08 01:00:00,Female,58,Bronze,CallCenter,Chonburi,1406,Web,COD,1,1,3,0,>50,46.86666666666667,8.0,3.0,0.375,25,19,7734.17875,0.28,0.625,0.375,0.0,0.0,0,0,0.0,38370.33,2,1,0.5,39955.53,3,1,0.3333333333333333,61873.43,8,3,0.375,0
LGS2ORD0046981,C013085,2026-01-08 01:00:00,Male,66,Bronze,TV,Nakhon Ratchasima,1770,Lazada,Bank_Transfer,1,1,3,0,>50,59.0,6.0,4.0,0.6666666666666666,44,53,6783.571666666667,0.28,0.8333333333333334,0.3333333333333333,0.0,0.0,0,0,0.0,0.0,0,0,0.0,4677.05,2,2,1.0,40701.43,6,4,0.6666666666666666,1
LGS2ORD0046982,C015684,2026-01-08 01:00:00,Female,45,Gold,Shopee,Chiang Mai,1121,Lazada,Credit_Card,1,1,3,0,40-50,37.36666666666667,5.0,1.0,0.2,219,28,2387.132,0.28,0.4,0.2,0.0,0.0,0,0,0.0,2122.22,1,0,0.0,2687.6,2,0,0.0,11935.66,5,1,0.2,0
LGS2ORD0046983,C016619,2026-01-08 02:00:00,Female,41,Silver,Shopee,Khon Kaen,1036,Lazada,COD,2,1,3,0,40-50,34.53333333333333,9.0,1.0,0.1111111111111111,144,37,4897.128888888889,0.3,0.3333333333333333,0.2222222222222222,0.0,0.0,0,0,0.0,0.0,0,0,0.0,6926.91,2,0,0.0,44074.16,9,1,0.1111111111111111,0
LGS2ORD0046984,C017913,2026-01-08 02:00:00,Male,42,Gold,Lazada,Chiang Mai,1095,Shopee,COD,2,1,3,0,40-50,36.5,10.0,3.0,0.3,39,49,4360.367,0.33,0.5,0.5,0.0,0.0,0,0,0.0,0.0,0,0,0.0,3427.77,2,2,1.0,43603.670000000006,10,3,0.3,0
LGS2ORD0046985,C017406,2026-01-08 02:00:00,Female,37,Gold,Shopee,Bangkok,1562,Lazada,COD,2,1,3,0,30-40,52.06666666666667,7.0,1.0,0.14285714285714285,67,80,5680.448571428571,0.33,0.42857142857142855,0.14285714285714285,0.0,0.0,0,0,0.0,0.0,0,0,0.0,6767.52,1,1,1.0,39763.14,7,1,0.14285714285714285,0
LGS2ORD0046986,C016688,2026-01-08 02:00:00,Female,47,Bronze,CallCenter,Remote_Area,780,Web,COD,2,1,3,0,40-50,26.0,7.0,3.0,0.42857142857142855,69,80,4017.891428571428,0.18,0.5714285714285714,0.0,0.0,0.0,0,0,0.0,0.0,0,0,0.0,13061.59,2,1,0.5,23675.760000000002,6,3,0.5,1
LGS2ORD0046987,C010045,2026-01-08 02:00:00,Female,38,Platinum,Web,Phuket,1335,TV_Show,COD,2,1,3,0,30-40,44.5,2.0,2.0,1.0,7,21,2449.9700000000003,0.3,0.5,0.5,0.0,0.0,0,0,0.0,3001.3,1,1,1.0,3001.3,1,1,1.0,4899.9400000000005,2,2,1.0,0
LGS2ORD0046988,C012148,2026-01-08 03:00:00,Female,38,Silver,CallCenter,Nakhon Ratchasima,1825,Shopee,Credit_Card,3,1,3,0,30-40,60.833333333333336,7.0,3.0,0.42857142857142855,69,78,3383.0142857142855,0.25,0.42857142857142855,0.42857142857142855,0.0,0.0,0,0,0.0,0.0,0,0,0.0,8347.05,4,1,0.25,23681.1,7,3,0.42857142857142855,0
LGS2ORD0046989,C016767,2026-01-08 03:00:00,Female,54,Bronze,TV,Remote_Area,455,Web,COD,3,1,3,0,>50,15.166666666666666,7.0,3.0,0.42857142857142855,172,43,4243.091428571429,0.28,0.14285714285714285,0.2857142857142857,0.0,0.0,0,0,0.0,0.0,0,0,0.0,3963.31,1,0,0.0,29701.640000000003,7,3,0.42857142857142855,1
LGS2ORD0046990,C011517,2026-01-08 03:00:00,Male,50,Bronze,Shopee,Nakhon Ratchasima,446,Lazada,Credit_Card,3,1,3,0,40-50,14.866666666666667,4.0,1.0,0.25,88,104,1580.65,0.18,0.25,0.0,0.0,0.0,0,0,0.0,0.0,0,0,0.0,0.0,0,0,0.0,6322.6,4,1,0.25,0
LGS2ORD0046991,C011659,2026-01-08 03:00:00,Male,45,Gold,TV,Chonburi,1460,Lazada,COD,3,1,3,0,40-50,48.666666666666664,7.0,2.0,0.2857142857142857,112,75,4060.2357142857145,0.33,0.7142857142857143,0.5714285714285714,0.0,0.0,0,0,0.0,0.0,0,0,0.0,2801.24,1,0,0.0,28421.65,7,2,0.2857142857142857,1
LGS2ORD0046992,C010438,2026-01-08 03:00:00,Male,46,Silver,TV,Chiang Mai,671,Web,COD,3,1,3,0,40-50,22.366666666666667,2.0,0.0,0.0,-1,191,7038.865,0.2,1.0,0.0,0.0,0.0,0,0,0.0,0.0,0,0,0.0,0.0,0,0,0.0,14077.73,2,0,0.0,0
LGS2ORD0046993,C013843,2026-01-08 03:00:00,Male,27,Bronze,TV,Remote_Area,877,Shopee,COD,3,1,3,0,20-30,29.233333333333334,6.0,4.0,0.6666666666666666,200,47,4428.304999999999,0.23,0.8333333333333334,0.3333333333333333,0.0,0.0,0,0,0.0,0.0,0,0,0.0,8726.81,1,0,0.0,26569.829999999994,6,4,0.6666666666666666,0
LGS2ORD0046994,C016678,2026-01-08 04:00:00,Female,70,Silver,TV,Khon Kaen,1203,TV_Show,Credit_Card,4,1,3,0,>50,40.1,6.0,3.0,0.5,56,65,8844.011666666667,0.3,0.8333333333333334,0.3333333333333333,0.0,0.0,0,0,0.0,0.0,0,0,0.0,6082.39,1,1,1.0,53064.07,6,3,0.5,0
LGS2ORD0046995,C010788,2026-01-08 04:00:00,Male,35,Gold,Shopee,Bangkok,1192,Web,Credit_Card,4,1,3,0,30-40,39.733333333333334,6.0,1.0,0.16666666666666666,354,42,7175.006666666667,0.28,0.3333333333333333,0.16666666666666666,0.0,0.0,0,0,0.0,0.0,0,0,0.0,3511.89,1,0,0.0,40707.99,5,0,0.0,0
LGS2ORD0046996,C011600,2026-01-08 04:00:00,Female,26,Bronze,TV,Phuket,530,Lazada,Bank_Transfer,4,1,3,0,20-30,17.666666666666668,9.0,5.0,0.5555555555555556,98,70,4823.904444444444,0.23,0.6666666666666666,0.1111111111111111,0.0,0.0,0,0,0.0,0.0,0,0,0.0,1910.06,1,0,0.0,43415.14,9,5,0.5555555555555556,0
LGS2ORD0046997,C016557,2026-01-08 04:00:00,Female,46,Bronze,CallCenter,Nakhon Ratchasima,1263,Lazada,Bank_Transfer,4,1,3,0,40-50,42.1,4.0,2.0,0.5,59,69,7546.7675,0.23,0.5,0.5,0.0,0.0,0,0,0.0,0.0,0,0,0.0,2337.05,1,1,1.0,30187.07,4,2,0.5,0
LGS2ORD0046998,C017997,2026-01-08 04:00:00,Male,42,Platinum,Lazada,Chonburi,1759,CallCenter,Credit_Card,4,1,3,0,40-50,58.63333333333333,5.0,0.0,0.0,-1,11,4120.558,0.35,0.4,0.4,0.0,0.0,0,0,0.0,3580.52,1,0,0.0,3580.52,1,0,0.0,20602.79,5,0,0.0,1
LGS2ORD0046999,C010873,2026-01-08 05:00:00,Male,58,Bronze,TV,Chiang Mai,1329,Web,COD,5,1,3,0,>50,44.3,4.0,1.0,0.25,312,90,4096.7025,0.13,0.5,0.0,0.0,0.0,0,0,0.0,0.0,0,0,0.0,0.0,0,0,0.0,16386.81,4,1,0.25,0
LGS2ORD0047000,C012893,2026-01-08 05:00:00,Male,29,Platinum,Shopee,Bangkok,1601,TV_Show,Credit_Card,5,1,3,0,20-30,53.36666666666667,1.0,0.0,0.0,-1,209,6766.17,0.2,1.0,0.0,0.0,0.0,0,0,0.0,0.0,0,0,0.0,0.0,0,0,0.0,6766.17,1,0,0.0,1
LGS2ORD0047001,C014127,2026-01-08 05:00:00,Female,40,Silver,TV,Phuket,717,Shopee,COD,5,1,3,0,30-40,23.9,12.0,4.0,0.3333333333333333,-5,1,3575.1300000000006,0.3,0.4166666666666667,0.08333333333333333,0.0,1631.5,1,1,1.0,5605.58,2,1,0.5,25339.020000000004,5,1,0.2,42901.560000000005,12,4,0.3333333333333333,0
LGS2ORD0047002,C010305,2026-01-08 05:00:00,Female,47,Gold,Web,Chonburi,485,Web,PromptPay,5,1,3,0,40-50,16.166666666666668,4.0,2.0,0.5,59,75,7637.390000000001,0.28,0.5,0.75,0.0,0.0,0,0,0.0,0.0,0,0,0.0,4054.64,1,1,1.0,21743.52,3,2,0.6666666666666666,0
LGS2ORD0047003,C013454,2026-01-08 05:00:00,Male,49,Gold,TV,Bangkok,1309,TV_Show,Credit_Card,5,1,3,0,40-50,43.63333333333333,3.0,1.0,0.3333333333333333,7,18,5318.573333333334,0.33,1.0,0.3333333333333333,0.0,0.0,0,0,0.0,4244.96,2,1,0.5,15955.720000000001,3,1,0.3333333333333333,15955.720000000001,3,1,0.3333333333333333,0
LGS2ORD0047004,C017788,2026-01-08 06:00:00,Male,52,Gold,Web,Bangkok,1547,TV_Show,Credit_Card,6,1,3,0,>50,51.56666666666667,7.0,1.0,0.14285714285714285,350,45,3005.54,0.2299999999999999,0.42857142857142855,0.42857142857142855,0.0,0.0,0,0,0.0,0.0,0,0,0.0,6908.79,1,0,0.0,21038.78,7,1,0.14285714285714285,0
LGS2ORD0047005,C017836,2026-01-08 06:00:00,Male,43,Gold,Lazada,Chiang Mai,990,TV_Show,Credit_Card,6,1,3,0,40-50,33.0,6.0,1.0,0.16666666666666666,269,85,5617.265,0.2299999999999999,0.8333333333333334,0.16666666666666666,0.0,0.0,0,0,0.0,0.0,0,0,0.0,9628.2,1,0,0.0,31629.370000000003,5,1,0.2,0
LGS2ORD0047006,C014518,2026-01-08 06:00:00,Female,21,Bronze,Shopee,Songkhla,455,CallCenter,COD,6,1,3,0,20-30,15.166666666666666,13.0,8.0,0.6153846153846154,75,81,6534.1446153846155,0.28,0.9230769230769231,0.3076923076923077,0.0,0.0,0,0,0.0,0.0,0,0,0.0,20402.47,1,1,1.0,84943.88,13,8,0.6153846153846154,0
LGS2ORD0047007,C012261,2026-01-08 06:00:00,Male,72,Silver,Shopee,Chonburi,1312,Web,Credit_Card,6,1,3,0,>50,43.733333333333334,3.0,1.0,0.3333333333333333,228,112,3835.35,0.2,0.3333333333333333,0.0,0.0,0.0,0,0,0.0,0.0,0,0,0.0,0.0,0,0,0.0,11506.05,3,1,0.3333333333333333,0
LGS2ORD0047008,C017310,2026-01-08 06:00:00,Male,46,Bronze,Lazada,Nakhon Ratchasima,690,Web,Credit_Card,6,1,3,0,40-50,23.0,4.0,0.0,0.0,-1,30,6196.1575,0.28,0.25,0.25,0.0,0.0,0,0,0.0,0.0,0,0,0.0,15946.08,2,0,0.0,24784.63,4,0,0.0,1
LGS2ORD0047009,C010835,2026-01-08 07:00:00,Female,43,Bronze,Lazada,Nakhon Ratchasima,1680,CallCenter,COD,7,1,3,0,40-50,56.0,5.0,1.0,0.2,222,9,3039.398,0.28,0.4,0.4,0.0,0.0,0,0,0.0,8195.39,1,0,0.0,8195.39,1,0,0.0,15196.99,5,1,0.2,1
LGS2ORD0047010,C017396,2026-01-08 07:00:00,Male,28,Bronze,TV,Remote_Area,1358,Shopee,Credit_Card,7,1,3,0,20-30,45.266666666666666,11.0,5.0,0.45454545454545453,55,9,3525.4645454545457,0.28,0.45454545454545453,0.09090909090909091,0.0,0.0,0,0,0.0,3449.5,1,0,0.0,7992.43,3,1,0.3333333333333333,38780.11,11,5,0.45454545454545453,0
LGS2ORD0047011,C011737,2026-01-08 07:00:00,Male,40,Gold,TV,Bangkok,1736,Shopee,COD,7,1,3,0,30-40,57.86666666666667,5.0,1.0,0.2,221,9,2733.1040000000003,0.28,0.4,0.8,0.0,0.0,0,0,0.0,166.1,1,0,0.0,1337.25,2,0,0.0,13665.52,5,1,0.2,1
LGS2ORD0047012,C017438,2026-01-08 07:00:00,Female,40,Bronze,Lazada,Songkhla,489,Lazada,COD,7,1,3,0,30-40,16.3,9.0,5.0,0.5555555555555556,10,14,4955.469999999999,0.23,0.6666666666666666,0.2222222222222222,0.0,0.0,0,0,0.0,10186.359999999999,3,2,0.6666666666666666,18632.68,4,3,0.75,44599.229999999996,9,5,0.5555555555555556,0
LGS2ORD0047013,C017719,2026-01-08 07:00:00,Female,32,Bronze,CallCenter,Chonburi,591,TV_Show,COD,7,1,3,0,30-40,19.7,4.0,2.0,0.5,115,119,5221.0824999999995,0.28,0.75,0.25,0.0,0.0,0,0,0.0,0.0,0,0,0.0,0.0,0,0,0.0,20884.329999999998,4,2,0.5,0
LGS2ORD0047014,C017496,2026-01-08 07:00:00,Female,54,Gold,Shopee,Chiang Mai,733,Shopee,Bank_Transfer,7,1,3,0,>50,24.433333333333334,8.0,3.0,0.375,175,35,7419.5337500000005,0.28,0.5,0.625,0.125,0.0,0,0,0.0,0.0,0,0,0.0,7191.48,2,0,0.0,59356.270000000004,8,3,0.375,0
LGS2ORD0047015,C014359,2026-01-08 08:00:00,Female,25,Bronze,Shopee,Bangkok,1652,Lazada,COD,8,1,3,0,20-30,55.06666666666667,7.0,2.0,0.2857142857142857,23,35,7656.537142857143,0.28,1.0,0.42857142857142855,0.0,0.0,0,0,0.0,0.0,0,0,0.0,12133.27,3,1,0.3333333333333333,50728.420000000006,6,2,0.3333333333333333,0
LGS2ORD0047016,C014546,2026-01-08 08:00:00,Male,39,Bronze,Shopee,Khon Kaen,1264,Shopee,COD,8,1,3,0,30-40,42.13333333333333,5.0,1.0,0.2,313,102,5512.786000000001,0.28,0.2,0.2,0.0,0.0,0,0,0.0,0.0,0,0,0.0,0.0,0,0,0.0,27563.930000000004,5,1,0.2,0
LGS2ORD0047017,C014473,2026-01-08 08:00:00,Female,47,Gold,Shopee,Bangkok,725,Shopee,PromptPay,8,1,3,0,40-50,24.166666666666668,5.0,1.0,0.2,120,42,3752.1560000000004,0.33,0.0,0.4,0.0,0.0,0,0,0.0,0.0,0,0,0.0,1592.2,1,0,0.0,18760.780000000002,5,1,0.2,0
LGS2ORD0047018,C017504,2026-01-08 08:00:00,Male,38,Bronze,TV,Nakhon Ratchasima,719,Lazada,Credit_Card,8,1,3,0,30-40,23.966666666666665,6.0,0.0,0.0,-1,16,3513.47,0.23,0.3333333333333333,0.16666666666666666,0.0,0.0,0,0,0.0,3830.84,1,0,0.0,8093.85,3,0,0.0,21080.82,6,0,0.0,0
LGS2ORD0047019,C011807,2026-01-08 08:00:00,Male,58,Gold,TV,Khon Kaen,495,Lazada,PromptPay,8,1,3,0,>50,16.5,2.0,0.0,0.0,-1,109,3973.0199999999995,0.28,0.5,0.5,0.0,0.0,0,0,0.0,0.0,0,0,0.0,0.0,0,0,0.0,7946.039999999999,2,0,0.0,0
LGS2ORD0047020,C014402,2026-01-08 09:00:00,Female,57,Bronze,Web,Remote_Area,1091,Lazada,COD,9,1,3,0,>50,36.36666666666667,4.0,1.0,0.25,-14,2,14115.212500000001,0.28,0.75,0.5,0.0,20051.11,1,1,1.0,20051.11,1,1,1.0,20051.11,1,1,1.0,25293.88,3,1,0.3333333333333333,1
LGS2ORD0047021,C014823,2026-01-08 09:00:00,Female,42,Bronze,TV,Bangkok,492,Web,COD,9,1,3,0,40-50,16.4,6.0,2.0,0.3333333333333333,164,103,3770.6533333333336,0.23,0.6666666666666666,0.3333333333333333,0.0,0.0,0,0,0.0,0.0,0,0,0.0,0.0,0,0,0.0,20588.350000000002,5,1,0.2,1
LGS2ORD0047022,C011581,2026-01-08 09:00:00,Male,59,Bronze,Lazada,Phuket,849,CallCenter,COD,9,1,3,0,>50,28.3,5.0,1.0,0.2,276,161,3693.2339999999995,0.28,0.8,0.4,0.0,0.0,0,0,0.0,0.0,0,0,0.0,0.0,0,0,0.0,18466.17,5,1,0.2,1
LGS2ORD0047023,C016179,2026-01-08 09:00:00,Female,40,Bronze,Shopee,Phuket,823,Lazada,COD,9,1,3,0,30-40,27.433333333333334,4.0,1.0,0.25,92,105,5812.0125,0.28,0.25,0.25,0.0,0.0,0,0,0.0,0.0,0,0,0.0,0.0,0,0,0.0,23248.05,4,1,0.25,1
LGS2ORD0047024,C013432,2026-01-08 09:00:00,Male,57,Bronze,Shopee,Chonburi,1196,TV_Show,COD,9,1,3,0,>50,39.86666666666667,7.0,0.0,0.0,-1,22,4454.011428571428,0.23,0.42857142857142855,0.2857142857142857,0.0,0.0,0,0,0.0,1448.84,1,0,0.0,7153.12,2,0,0.0,22708.24,6,0,0.0,0
LGS2ORD0047025,C012794,2026-01-08 10:00:00,Male,21,Silver,Shopee,Chiang Mai,1782,TV_Show,COD,10,1,3,0,20-30,59.4,3.0,0.0,0.0,-1,78,7642.856666666667,0.2,0.6666666666666666,0.0,0.0,0.0,0,0,0.0,0.0,0,0,0.0,8595.84,1,0,0.0,22928.57,3,0,0.0,0
LGS2ORD0047026,C016634,2026-01-08 10:00:00,Male,52,Silver,Shopee,Chiang Mai,936,Shopee,PromptPay,10,1,3,0,>50,31.2,4.0,1.0,0.25,344,339,13039.564999999999,0.1,0.5,0.0,0.0,0.0,0,0,0.0,0.0,0,0,0.0,0.0,0,0,0.0,49239.92999999999,3,1,0.3333333333333333,0
LGS2ORD0047027,C014715,2026-01-08 10:00:00,Male,22,Bronze,Shopee,Songkhla,783,Web,COD,10,1,3,0,20-30,26.1,6.0,3.0,0.5,161,128,5935.5,0.23,0.3333333333333333,0.16666666666666666,0.0,0.0,0,0,0.0,0.0,0,0,0.0,0.0,0,0,0.0,35613.0,6,3,0.5,0
LGS2ORD0047028,C012883,2026-01-08 10:00:00,Female,41,Gold,TV,Khon Kaen,927,TV_Show,PromptPay,10,1,3,0,40-50,30.9,6.0,0.0,0.0,-1,58,3353.0483333333327,0.33,0.6666666666666666,0.5,0.0,0.0,0,0,0.0,0.0,0,0,0.0,5845.16,2,0,0.0,20118.289999999997,6,0,0.0,0
LGS2ORD0047029,C010974,2026-01-08 10:00:00,Male,19,Bronze,Lazada,Bangkok,1642,CallCenter,Credit_Card,10,1,3,0,<20,54.733333333333334,2.0,0.0,0.0,-1,185,6871.58,0.08,0.5,0.0,0.0,0.0,0,0,0.0,0.0,0,0,0.0,0.0,0,0,0.0,13743.16,2,0,0.0,0
LGS2ORD0047030,C011834,2026-01-08 11:00:00,Male,50,Silver,TV,Bangkok,1211,Shopee,Bank_Transfer,11,1,3,0,40-50,40.36666666666667,6.0,1.0,0.16666666666666666,361,6,5676.416666666667,0.2,0.5,0.0,0.0,1676.03,1,0,0.0,1676.03,1,0,0.0,8871.31,2,0,0.0,19667.699999999997,5,0,0.0,1
LGS2ORD0047031,C012623,2026-01-08 11:00:00,Male,63,Bronze,TV,Bangkok,1301,Lazada,Bank_Transfer,11,1,3,0,>50,43.36666666666667,7.0,1.0,0.14285714285714285,154,14,5709.512857142857,0.28,0.8571428571428571,0.14285714285714285,0.0,0.0,0,0,0.0,1203.39,1,0,0.0,1203.39,1,0,0.0,39966.59,7,1,0.14285714285714285,0
LGS2ORD0047032,C010440,2026-01-08 11:00:00,Male,36,Gold,Shopee,Chiang Mai,965,Web,COD,11,1,3,0,30-40,32.166666666666664,11.0,1.0,0.09090909090909091,184,65,3256.57,0.28,0.36363636363636365,0.45454545454545453,0.0,0.0,0,0,0.0,0.0,0,0,0.0,9281.470000000001,2,0,0.0,35822.270000000004,11,1,0.09090909090909091,0
LGS2ORD0047033,C017455,2026-01-08 11:00:00,Male,47,Bronze,Web,Remote_Area,1214,Shopee,COD,11,1,3,0,40-50,40.46666666666667,8.0,2.0,0.25,136,84,8672.2475,0.28,0.75,0.25,0.0,0.0,0,0,0.0,0.0,0,0,0.0,12097.19,1,0,0.0,69377.98,8,2,0.25,1
LGS2ORD0047034,C013282,2026-01-08 11:00:00,Female,56,Gold,TV,Remote_Area,1177,TV_Show,COD,11,1,3,0,>50,39.233333333333334,12.0,3.0,0.25,137,37,3976.7433333333333,0.33,0.6666666666666666,0.5,0.0,0.0,0,0,0.0,0.0,0,0,0.0,6943.789999999999,4,0,0.0,47720.92,12,3,0.25,0
LGS2ORD0047035,C012747,2026-01-08 11:00:00,Male,45,Bronze,TV,Remote_Area,1241,Shopee,Credit_Card,11,1,3,0,40-50,41.36666666666667,2.0,0.0,0.0,-1,86,4671.5650000000005,0.28,0.5,1.0,0.0,0.0,0,0,0.0,0.0,0,0,0.0,5403.87,1,0,0.0,9343.130000000001,2,0,0.0,0
LGS2ORD0047036,C015478,2026-01-08 12:00:00,Female,22,Gold,Web,Khon Kaen,977,CallCenter,Credit_Card,12,1,3,0,20-30,32.56666666666667,4.0,0.0,0.0,-1,193,7257.5025000000005,0.28,0.75,0.25,0.0,0.0,0,0,0.0,0.0,0,0,0.0,0.0,0,0,0.0,29030.010000000002,4,0,0.0,1
LGS2ORD0047037,C011371,2026-01-08 12:00:00,Female,44,Silver,Web,Chonburi,1517,TV_Show,Bank_Transfer,12,1,3,0,40-50,50.56666666666667,2.0,1.0,0.5,1,17,2854.045,0.05,0.5,0.0,0.0,0.0,0,0,0.0,1136.29,1,1,1.0,1136.29,1,1,1.0,5708.09,2,1,0.5,0
LGS2ORD0047038,C017049,2026-01-08 12:00:00,Female,42,Bronze,Web,Songkhla,1420,Shopee,Bank_Transfer,12,1,3,0,40-50,47.333333333333336,4.0,1.0,0.25,214,222,4488.245,0.18,0.25,0.0,0.0,0.0,0,0,0.0,0.0,0,0,0.0,0.0,0,0,0.0,17952.98,4,1,0.25,0
LGS2ORD0047039,C010506,2026-01-08 12:00:00,Other,50,Platinum,Shopee,Bangkok,1142,TV_Show,Credit_Card,12,1,3,0,40-50,38.06666666666667,5.0,1.0,0.2,222,64,2738.286,0.3,0.6,0.8,0.0,0.0,0,0,0.0,0.0,0,0,0.0,2345.71,1,0,0.0,13691.43,5,1,0.2,0
LGS2ORD0047040,C010392,2026-01-08 12:00:00,Female,46,Bronze,Shopee,Bangkok,729,Web,COD,12,1,3,0,40-50,24.3,5.0,0.0,0.0,-1,82,4783.024000000001,0.28,0.4,0.4,0.0,0.0,0,0,0.0,0.0,0,0,0.0,1006.65,1,0,0.0,23915.120000000006,5,0,0.0,0
LGS2ORD0047041,C016027,2026-01-08 13:00:00,Male,34,Gold,Web,Bangkok,1599,TV_Show,COD,13,1,3,0,30-40,53.3,10.0,1.0,0.1,354,68,9760.412999999999,0.28,0.7,0.6,0.0,0.0,0,0,0.0,0.0,0,0,0.0,35836.78999999999,3,0,0.0,95712.21,9,0,0.0,0
LGS2ORD0047042,C016629,2026-01-08 13:00:00,Male,29,Gold,Web,Bangkok,851,Lazada,COD,13,1,3,0,20-30,28.366666666666667,10.0,1.0,0.1,298,4,10001.355,0.33,0.4,0.2,0.0,272.9,1,0,0.0,272.9,1,0,0.0,17917.45,3,0,0.0,93807.45999999999,9,1,0.1111111111111111,1
LGS2ORD0047043,C017878,2026-01-08 13:00:00,Male,67,Bronze,TV,Chiang Mai,440,TV_Show,COD,13,1,3,0,>50,14.666666666666666,4.0,0.0,0.0,-1,67,5872.5725,0.08,0.5,0.0,0.0,0.0,0,0,0.0,0.0,0,0,0.0,6333.16,2,0,0.0,23490.29,4,0,0.0,0
LGS2ORD0047044,C012711,2026-01-08 13:00:00,Female,51,Bronze,Shopee,Phuket,754,Lazada,Credit_Card,13,1,3,0,>50,25.133333333333333,4.0,1.0,0.25,278,61,8575.82,0.23,0.5,0.25,0.0,0.0,0,0,0.0,0.0,0,0,0.0,16237.62,1,0,0.0,34303.28,4,1,0.25,0
LGS2ORD0047045,C012181,2026-01-08 13:00:00,Female,47,Silver,Lazada,Bangkok,1198,Web,COD,13,1,3,0,40-50,39.93333333333333,7.0,1.0,0.14285714285714285,117,56,5430.045714285713,0.3,0.2857142857142857,0.42857142857142855,0.14285714285714285,0.0,0,0,0.0,0.0,0,0,0.0,4555.67,1,0,0.0,38010.31999999999,7,1,0.14285714285714285,1
LGS2ORD0047046,C017941,2026-01-08 14:00:00,Female,50,Platinum,Web,Bangkok,925,TV_Show,Bank_Transfer,14,1,3,0,40-50,30.833333333333332,4.0,1.0,0.25,60,27,9755.307499999999,0.35,0.25,0.5,0.0,0.0,0,0,0.0,25863.29,1,0,0.0,34350.0,2,1,0.5,39021.229999999996,4,1,0.25,1
LGS2ORD0047047,C017501,2026-01-08 14:00:00,Female,48,Gold,Web,Phuket,1194,TV_Show,PromptPay,14,1,3,0,40-50,39.8,4.0,1.0,0.25,325,79,3132.5924999999997,0.33,0.25,0.25,0.0,0.0,0,0,0.0,0.0,0,0,0.0,2292.82,1,0,0.0,12530.369999999999,4,1,0.25,0
LGS2ORD0047048,C014713,2026-01-08 14:00:00,Female,54,Bronze,Lazada,Remote_Area,1103,TV_Show,COD,14,1,3,0,>50,36.766666666666666,6.0,1.0,0.16666666666666666,253,16,4453.086666666666,0.18,0.5,0.0,0.0,0.0,0,0,0.0,15762.92,1,0,0.0,20797.3,2,0,0.0,26718.519999999997,6,1,0.16666666666666666,1
LGS2ORD0047049,C017530,2026-01-08 14:00:00,Female,40,Silver,Shopee,Chiang Mai,1656,Web,COD,14,1,3,0,30-40,55.2,3.0,1.0,0.3333333333333333,158,10,5730.653333333333,0.25,0.0,0.3333333333333333,0.0,0.0,0,0,0.0,4028.75,1,0,0.0,4028.75,1,0,0.0,17191.96,3,1,0.3333333333333333,0
LGS2ORD0047050,C016120,2026-01-08 14:00:00,Female,57,Silver,Web,Bangkok,1235,TV_Show,COD,14,1,3,0,>50,41.166666666666664,3.0,2.0,0.6666666666666666,223,196,3864.3133333333335,0.25,0.6666666666666666,0.3333333333333333,0.0,0.0,0,0,0.0,0.0,0,0,0.0,0.0,0,0,0.0,11592.94,3,2,0.6666666666666666,0
LGS2ORD0047051,C012723,2026-01-08 15:00:00,Male,20,Silver,Lazada,Chiang Mai,1372,Shopee,COD,15,1,3,0,<20,45.733333333333334,5.0,0.0,0.0,-1,123,6371.7300000000005,0.25,0.4,0.2,0.0,0.0,0,0,0.0,0.0,0,0,0.0,0.0,0,0,0.0,31858.65,5,0,0.0,0
LGS2ORD0047052,C015393,2026-01-08 15:00:00,Female,47,Gold,Web,Nakhon Ratchasima,1805,Shopee,PromptPay,15,1,3,0,40-50,60.166666666666664,2.0,1.0,0.5,144,32,3128.8500000000004,0.18,1.0,0.0,0.0,0.0,0,0,0.0,0.0,0,0,0.0,4021.9,1,0,0.0,6257.700000000001,2,1,0.5,0
LGS2ORD0047053,C014159,2026-01-08 15:00:00,Male,50,Silver,CallCenter,Songkhla,1148,TV_Show,COD,15,1,3,0,40-50,38.266666666666666,1.0,0.0,0.0,-1,140,25299.32,0.2,1.0,0.0,0.0,0.0,0,0,0.0,0.0,0,0,0.0,0.0,0,0,0.0,25299.32,1,0,0.0,0
LGS2ORD0047054,C014483,2026-01-08 15:00:00,Female,37,Bronze,TV,Chonburi,1198,CallCenter,COD,15,1,3,0,30-40,39.93333333333333,7.0,1.0,0.14285714285714285,65,1,5696.148571428572,0.28,0.42857142857142855,0.42857142857142855,0.0,2436.25,1,0,0.0,2436.25,1,0,0.0,27105.989999999998,3,1,0.3333333333333333,39873.04,7,1,0.14285714285714285,0
LGS2ORD0047055,C010971,2026-01-08 15:00:00,Male,50,Bronze,Shopee,Bangkok,1214,CallCenter,Credit_Card,15,1,3,0,40-50,40.46666666666667,9.0,4.0,0.4444444444444444,56,20,4746.417777777778,0.23,0.5555555555555556,0.3333333333333333,0.0,0.0,0,0,0.0,1817.82,1,0,0.0,10168.96,2,1,0.5,42717.76,9,4,0.4444444444444444,1
LGS2ORD0047056,C017597,2026-01-08 15:00:00,Male,39,Bronze,TV,Remote_Area,1365,CallCenter,COD,15,1,3,0,30-40,45.5,9.0,2.0,0.2222222222222222,200,89,8189.445555555557,0.28,0.5555555555555556,0.4444444444444444,0.0,0.0,0,0,0.0,0.0,0,0,0.0,11547.22,1,0,0.0,73705.01000000001,9,2,0.2222222222222222,0
LGS2ORD0047057,C012908,2026-01-08 16:00:00,Male,47,Bronze,TV,Remote_Area,1201,Lazada,Credit_Card,16,1,3,0,40-50,40.03333333333333,11.0,7.0,0.6363636363636364,-5,6,3042.6981818181816,0.28,0.36363636363636365,0.18181818181818182,0.0,4340.8,1,1,1.0,10374.79,2,2,1.0,14139.149999999998,4,3,0.75,33469.68,11,7,0.6363636363636364,0
LGS2ORD0047058,C012576,2026-01-08 16:00:00,Male,36,Silver,Shopee,Phuket,879,TV_Show,COD,16,1,3,0,30-40,29.3,4.0,3.0,0.75,193,7,2519.49,0.25,1.0,0.5,0.0,0.0,0,0,0.0,1232.73,1,0,0.0,1232.73,1,0,0.0,10077.96,4,3,0.75,1
LGS2ORD0047059,C010330,2026-01-08 16:00:00,Female,43,Bronze,TV,Bangkok,417,TV_Show,PromptPay,16,1,3,0,40-50,13.9,8.0,2.0,0.25,173,10,2785.75625,0.28,0.625,0.375,0.0,0.0,0,0,0.0,1697.35,1,0,0.0,3706.13,2,0,0.0,18769.72,6,2,0.3333333333333333,0
LGS2ORD0047060,C011867,2026-01-08 16:00:00,Female,42,Silver,Shopee,Bangkok,1340,Web,COD,16,1,3,0,40-50,44.666666666666664,6.0,2.0,0.3333333333333333,173,43,3954.068333333333,0.25,1.0,0.3333333333333333,0.0,0.0,0,0,0.0,0.0,0,0,0.0,7425.68,1,0,0.0,23724.41,6,2,0.3333333333333333,0
LGS2ORD0047061,C011296,2026-01-08 16:00:00,Male,40,Bronze,Lazada,Chonburi,1238,Web,PromptPay,16,1,3,0,30-40,41.266666666666666,6.0,1.0,0.16666666666666666,64,76,2276.973333333334,0.23,0.5,0.16666666666666666,0.0,0.0,0,0,0.0,0.0,0,0,0.0,722.65,1,1,1.0,13661.840000000002,6,1,0.16666666666666666,0
LGS2ORD0047062,C011499,2026-01-08 17:00:00,Female,35,Gold,Web,Chonburi,1438,CallCenter,Credit_Card,17,1,3,0,30-40,47.93333333333333,3.0,1.0,0.3333333333333333,76,80,13020.733333333332,0.08,0.6666666666666666,0.0,0.0,0.0,0,0,0.0,0.0,0,0,0.0,15364.91,1,1,1.0,39062.2,3,1,0.3333333333333333,0
LGS2ORD0047063,C014770,2026-01-08 17:00:00,Female,30,Bronze,Web,Bangkok,720,Web,COD,17,1,3,0,20-30,24.0,6.0,0.0,0.0,-1,27,13214.473333333335,0.23,0.8333333333333334,0.16666666666666666,0.0,0.0,0,0,0.0,23636.16,1,0,0.0,23636.16,1,0,0.0,79286.84000000001,6,0,0.0,1
LGS2ORD0047064,C010888,2026-01-08 17:00:00,Other,36,Bronze,TV,Bangkok,1415,Shopee,Credit_Card,17,1,3,0,30-40,47.166666666666664,12.0,4.0,0.3333333333333333,159,19,3932.125833333333,0.28,0.6666666666666666,0.3333333333333333,0.0,0.0,0,0,0.0,1543.2,1,0,0.0,21858.62,5,0,0.0,47185.509999999995,12,4,0.3333333333333333,0
LGS2ORD0047065,C012014,2026-01-08 17:00:00,Male,35,Gold,Web,Bangkok,1458,TV_Show,Bank_Transfer,17,1,3,0,30-40,48.6,4.0,0.0,0.0,-1,71,5918.8150000000005,0.28,0.25,0.5,0.0,0.0,0,0,0.0,0.0,0,0,0.0,2270.43,1,0,0.0,23675.260000000002,4,0,0.0,0
LGS2ORD0047066,C015059,2026-01-08 17:00:00,Male,26,Silver,TV,Phuket,593,Lazada,Credit_Card,17,1,3,0,20-30,19.766666666666666,6.0,4.0,0.6666666666666666,-3,6,6181.033333333334,0.25,0.16666666666666666,0.16666666666666666,0.0,4521.33,1,1,1.0,4521.33,1,1,1.0,21037.6,2,2,1.0,37086.200000000004,6,4,0.6666666666666666,0
LGS2ORD0047067,C013397,2026-01-08 18:00:00,Female,37,Bronze,Web,Khon Kaen,1491,Web,Credit_Card,18,1,3,0,30-40,49.7,6.0,2.0,0.3333333333333333,75,90,5344.321666666666,0.23,0.8333333333333334,0.16666666666666666,0.0,0.0,0,0,0.0,0.0,0,0,0.0,0.0,0,0,0.0,32065.929999999997,6,2,0.3333333333333333,0
LGS2ORD0047068,C010528,2026-01-08 18:00:00,Male,56,Bronze,Web,Bangkok,840,CallCenter,COD,18,1,3,0,>50,28.0,9.0,3.0,0.3333333333333333,309,2,6401.8422222222225,0.28,0.4444444444444444,0.1111111111111111,0.0,18953.77,1,0,0.0,18953.77,1,0,0.0,20417.99,3,0,0.0,57616.58,9,3,0.3333333333333333,0
LGS2ORD0047069,C014560,2026-01-08 18:00:00,Female,67,Bronze,TV,Khon Kaen,973,Shopee,COD,18,1,3,0,>50,32.43333333333333,6.0,3.0,0.5,14,31,5360.406666666667,0.28,0.6666666666666666,0.5,0.0,0.0,0,0,0.0,0.0,0,0,0.0,14261.74,1,1,1.0,32162.440000000002,6,3,0.5,1
LGS2ORD0047070,C017223,2026-01-08 18:00:00,Female,43,Bronze,Lazada,Nakhon Ratchasima,764,Web,COD,18,1,3,0,40-50,25.466666666666665,5.0,1.0,0.2,224,64,8183.237999999999,0.18,0.6,0.0,0.0,0.0,0,0,0.0,0.0,0,0,0.0,1302.13,1,0,0.0,40916.189999999995,5,1,0.2,0
LGS2ORD0047071,C016867,2026-01-08 18:00:00,Female,50,Silver,TV,Bangkok,1737,Shopee,Credit_Card,18,1,3,0,40-50,57.9,10.0,3.0,0.3,55,22,8437.986999999997,0.25,0.6,0.4,0.0,0.0,0,0,0.0,36541.81,2,0,0.0,46909.85,3,1,0.3333333333333333,84379.86999999998,10,3,0.3,0
LGS2ORD0047072,C017389,2026-01-08 18:00:00,Female,39,Bronze,CallCenter,Bangkok,1477,TV_Show,COD,18,1,3,0,30-40,49.233333333333334,4.0,0.0,0.0,-1,83,5521.07,0.23,0.75,0.25,0.0,0.0,0,0,0.0,0.0,0,0,0.0,288.89,1,0,0.0,22084.28,4,0,0.0,1
LGS2ORD0047073,C013439,2026-01-08 19:00:00,Male,42,Silver,Web,Chonburi,555,Shopee,COD,19,1,3,0,40-50,18.5,4.0,0.0,0.0,-1,43,4865.29,0.3,0.25,0.25,0.0,0.0,0,0,0.0,0.0,0,0,0.0,11167.599999999999,3,0,0.0,19461.16,4,0,0.0,0
LGS2ORD0047074,C012765,2026-01-08 19:00:00,Female,36,Bronze,TV,Chiang Mai,1524,Web,Credit_Card,19,1,3,0,30-40,50.8,5.0,1.0,0.2,291,39,9173.298,0.28,0.4,0.4,0.0,0.0,0,0,0.0,0.0,0,0,0.0,20954.96,1,0,0.0,45866.490000000005,5,1,0.2,1
LGS2ORD0047075,C015560,2026-01-08 19:00:00,Female,28,Silver,Web,Phuket,713,TV_Show,PromptPay,19,1,3,0,20-30,23.766666666666666,10.0,3.0,0.3,169,64,7075.85,0.3,0.7,0.3,0.0,0.0,0,0,0.0,0.0,0,0,0.0,262.01,1,0,0.0,70758.5,10,3,0.3,0
LGS2ORD0047076,C013901,2026-01-08 19:00:00,Female,21,Bronze,TV,Khon Kaen,1708,Lazada,Bank_Transfer,19,1,3,0,20-30,56.93333333333333,10.0,1.0,0.1,5,4,3613.035,0.28,0.6,0.2,0.0,314.48,1,0,0.0,5809.869999999999,3,1,0.3333333333333333,21490.399999999998,5,1,0.2,36130.35,10,1,0.1,0
LGS2ORD0047077,C015886,2026-01-08 19:00:00,Female,44,Silver,Web,Khon Kaen,1491,Web,Bank_Transfer,19,1,3,0,40-50,49.7,3.0,1.0,0.3333333333333333,115,28,4775.66,0.2,0.0,0.0,0.0,0.0,0,0,0.0,843.16,1,0,0.0,843.16,1,0,0.0,14326.98,3,1,0.3333333333333333,0
LGS2ORD0047078,C012537,2026-01-08 20:00:00,Other,33,Bronze,TV,Bangkok,1182,CallCenter,COD,20,1,3,0,30-40,39.4,7.0,3.0,0.42857142857142855,136,30,6580.102857142857,0.23,0.5714285714285714,0.2857142857142857,0.0,0.0,0,0,0.0,0.0,0,0,0.0,1399.95,1,0,0.0,46060.72,7,3,0.42857142857142855,0
LGS2ORD0047079,C012818,2026-01-08 20:00:00,Male,37,Silver,Web,Chonburi,925,Web,Credit_Card,20,1,3,0,30-40,30.833333333333332,4.0,1.0,0.25,317,74,4846.33,0.2,0.75,0.0,0.0,0.0,0,0,0.0,0.0,0,0,0.0,9226.79,2,0,0.0,18486.57,3,1,0.3333333333333333,0
LGS2ORD0047080,C015806,2026-01-08 20:00:00,Female,45,Bronze,Shopee,Songkhla,657,Lazada,Credit_Card,20,1,3,0,40-50,21.9,7.0,2.0,0.2857142857142857,85,93,9044.432857142858,0.28,0.2857142857142857,0.2857142857142857,0.0,0.0,0,0,0.0,0.0,0,0,0.0,0.0,0,0,0.0,52403.509999999995,6,2,0.3333333333333333,0
LGS2ORD0047081,C013015,2026-01-08 20:00:00,Female,56,Platinum,TV,Chonburi,1469,TV_Show,COD,20,1,3,0,>50,48.96666666666667,7.0,0.0,0.0,-1,59,4162.711428571429,0.3,0.5714285714285714,0.14285714285714285,0.0,0.0,0,0,0.0,0.0,0,0,0.0,7382.26,2,0,0.0,29138.98,7,0,0.0,1
LGS2ORD0047082,C010341,2026-01-08 20:00:00,Male,38,Bronze,TV,Remote_Area,584,TV_Show,Bank_Transfer,20,1,3,0,30-40,19.466666666666665,10.0,5.0,0.5,27,30,10406.596,0.28,0.5,0.4,0.0,0.0,0,0,0.0,0.0,0,0,0.0,14715.380000000001,3,2,0.6666666666666666,104065.95999999999,10,5,0.5,0
LGS2ORD0047083,C017756,2026-01-08 21:00:00,Male,58,Silver,CallCenter,Bangkok,1106,CallCenter,COD,21,1,3,0,>50,36.86666666666667,5.0,3.0,0.6,241,150,3813.404,0.25,0.6,0.2,0.0,0.0,0,0,0.0,0.0,0,0,0.0,0.0,0,0,0.0,19067.02,5,3,0.6,1
LGS2ORD0047084,C012402,2026-01-08 21:00:00,Male,41,Silver,Shopee,Chonburi,1202,Lazada,PromptPay,21,1,3,0,40-50,40.06666666666667,4.0,3.0,0.75,58,27,3644.2,0.2,0.5,0.0,0.0,0.0,0,0,0.0,4199.46,1,0,0.0,5812.66,2,1,0.5,14576.8,4,3,0.75,0
LGS2ORD0047085,C014905,2026-01-08 21:00:00,Male,42,Bronze,TV,Remote_Area,1522,Shopee,PromptPay,21,1,3,0,40-50,50.733333333333334,6.0,3.0,0.5,217,196,3544.751666666667,0.28,0.6666666666666666,0.5,0.0,0.0,0,0,0.0,0.0,0,0,0.0,0.0,0,0,0.0,21268.510000000002,6,3,0.5,0
LGS2ORD0047086,C014444,2026-01-08 21:00:00,Male,39,Bronze,Shopee,Chonburi,1369,TV_Show,COD,21,1,3,0,30-40,45.63333333333333,7.0,2.0,0.2857142857142857,13,17,3834.1457142857143,0.28,0.2857142857142857,0.2857142857142857,0.0,0.0,0,0,0.0,3252.95,1,1,1.0,4974.65,2,1,0.5,26839.02,7,2,0.2857142857142857,0
LGS2ORD0047087,C016839,2026-01-08 21:00:00,Female,32,Silver,TV,Phuket,1017,TV_Show,COD,21,1,3,0,30-40,33.9,7.0,1.0,0.14285714285714285,256,39,6937.347142857143,0.2,0.42857142857142855,0.0,0.0,0.0,0,0,0.0,0.0,0,0,0.0,34980.58,2,0,0.0,46589.15,6,1,0.16666666666666666,0
LGS2ORD0047088,C010613,2026-01-08 22:00:00,Male,47,Silver,Lazada,Remote_Area,1147,TV_Show,PromptPay,22,1,3,0,40-50,38.233333333333334,9.0,3.0,0.3333333333333333,302,5,8231.698888888888,0.3,0.5555555555555556,0.3333333333333333,0.0,1509.62,1,0,0.0,9285.55,2,0,0.0,9285.55,2,0,0.0,74085.29,9,3,0.3333333333333333,0
LGS2ORD0047089,C017153,2026-01-08 22:00:00,Female,36,Bronze,Web,Bangkok,1468,TV_Show,COD,22,1,3,0,30-40,48.93333333333333,7.0,1.0,0.14285714285714285,347,31,4781.144285714286,0.28,0.0,0.2857142857142857,0.0,0.0,0,0,0.0,0.0,0,0,0.0,3281.34,2,0,0.0,33468.01,7,1,0.14285714285714285,1
LGS2ORD0047090,C012804,2026-01-08 22:00:00,Female,53,Silver,Shopee,Chiang Mai,643,Lazada,COD,22,1,3,0,>50,21.433333333333334,1.0,0.0,0.0,-1,365,5682.86,0.05,0.0,0.0,0.0,0.0,0,0,0.0,0.0,0,0,0.0,0.0,0,0,0.0,0.0,0,0,0.0,0
LGS2ORD0047091,C014943,2026-01-08 22:00:00,Female,32,Bronze,Shopee,Songkhla,1729,Lazada,PromptPay,22,1,3,0,30-40,57.63333333333333,8.0,2.0,0.25,44,30,3537.4200000000005,0.23,0.5,0.125,0.0,0.0,0,0,0.0,0.0,0,0,0.0,17932.16,3,2,0.6666666666666666,28299.360000000004,8,2,0.25,1
LGS2ORD0047092,C013056,2026-01-08 22:00:00,Female,35,Platinum,Web,Songkhla,1788,Web,COD,22,1,3,0,30-40,59.6,7.0,2.0,0.2857142857142857,93,46,4462.617142857142,0.3,0.2857142857142857,0.2857142857142857,0.0,0.0,0,0,0.0,0.0,0,0,0.0,2060.14,2,0,0.0,31238.32,7,2,0.2857142857142857,0
LGS2ORD0047093,C014375,2026-01-08 22:00:00,Male,61,Silver,CallCenter,Bangkok,1396,TV_Show,COD,22,1,3,0,>50,46.53333333333333,6.0,2.0,0.3333333333333333,79,86,9814.518333333332,0.3,0.6666666666666666,0.3333333333333333,0.0,0.0,0,0,0.0,0.0,0,0,0.0,593.17,1,1,1.0,58305.03999999999,5,1,0.2,0
LGS2ORD0047094,C011374,2026-01-08 23:00:00,Female,31,Silver,CallCenter,Chonburi,1107,Web,COD,23,1,3,0,30-40,36.9,5.0,2.0,0.4,250,18,2727.676,0.25,0.2,0.4,0.0,0.0,0,0,0.0,3466.42,1,0,0.0,3466.42,1,0,0.0,13638.38,5,2,0.4,0
LGS2ORD0047095,C013347,2026-01-08 23:00:00,Female,53,Bronze,TV,Khon Kaen,511,Lazada,Bank_Transfer,23,1,3,0,>50,17.033333333333335,6.0,2.0,0.3333333333333333,-4,1,2105.7916666666665,0.28,0.5,0.3333333333333333,0.0,2164.13,1,1,1.0,2164.13,1,1,1.0,2777.26,2,1,0.5,12634.75,6,2,0.3333333333333333,0
LGS2ORD0047096,C016547,2026-01-08 23:00:00,Male,31,Silver,Lazada,Bangkok,662,Web,Bank_Transfer,23,1,3,0,30-40,22.066666666666666,9.0,1.0,0.1111111111111111,29,32,2710.23,0.3,0.7777777777777778,0.1111111111111111,0.0,0.0,0,0,0.0,0.0,0,0,0.0,4151.35,3,1,0.3333333333333333,24392.07,9,1,0.1111111111111111,0
LGS2ORD0047097,C012274,2026-01-08 23:00:00,Male,38,Bronze,Shopee,Nakhon Ratchasima,461,TV_Show,Credit_Card,23,1,3,0,30-40,15.366666666666667,4.0,0.0,0.0,-1,86,5396.865,0.23,0.25,0.5,0.0,0.0,0,0,0.0,0.0,0,0,0.0,1770.3,1,0,0.0,21587.46,4,0,0.0,0
LGS2ORD0047098,C010407,2026-01-08 23:00:00,Other,43,Gold,TV,Phuket,1109,Lazada,Credit_Card,23,1,3,0,40-50,36.96666666666667,6.0,1.0,0.16666666666666666,47,27,2600.9616666666666,0.33,0.3333333333333333,0.16666666666666666,0.0,0.0,0,0,0.0,4374.95,1,0,0.0,5549.37,2,1,0.5,15605.77,6,1,0.16666666666666666,0
LGS2ORD0047099,C010594,2026-01-09 00:00:00,Male,24,Silver,Lazada,Chonburi,1616,Shopee,PromptPay,0,1,4,0,20-30,53.86666666666667,7.0,2.0,0.2857142857142857,165,20,3463.612857142857,0.3,0.7142857142857143,0.14285714285714285,0.0,0.0,0,0,0.0,1163.53,1,0,0.0,1163.53,1,0,0.0,24245.29,7,2,0.2857142857142857,0
LGS2ORD0047100,C012038,2026-01-09 00:00:00,Male,44,Silver,CallCenter,Chonburi,1477,Web,Credit_Card,0,1,4,0,40-50,49.233333333333334,2.0,1.0,0.5,184,194,2300.1,0.2,1.0,0.0,0.0,0.0,0,0,0.0,0.0,0,0,0.0,0.0,0,0,0.0,4600.2,2,1,0.5,0
LGS2ORD0047101,C012180,2026-01-09 00:00:00,Male,57,Bronze,Shopee,Chonburi,1146,TV_Show,PromptPay,0,1,4,0,>50,38.2,2.0,0.0,0.0,-1,78,2679.705,0.08,0.5,0.0,0.0,0.0,0,0,0.0,0.0,0,0,0.0,3740.51,1,0,0.0,5359.41,2,0,0.0,0
LGS2ORD0047102,C015304,2026-01-09 00:00:00,Male,48,Bronze,Shopee,Chiang Mai,1462,TV_Show,COD,0,1,4,0,40-50,48.733333333333334,2.0,1.0,0.5,357,54,1023.6800000000001,0.18,1.0,0.0,0.0,0.0,0,0,0.0,0.0,0,0,0.0,890.38,1,0,0.0,890.38,1,0,0.0,0
LGS2ORD0047103,C015728,2026-01-09 00:00:00,Female,33,Bronze,CallCenter,Remote_Area,551,TV_Show,COD,0,1,4,0,30-40,18.366666666666667,12.0,4.0,0.3333333333333333,70,8,7032.7375,0.28,0.5833333333333334,0.5833333333333334,0.0,0.0,0,0,0.0,12828.989999999998,3,0,0.0,15289.529999999999,4,1,0.25,84392.85,12,4,0.3333333333333333,0
LGS2ORD0047104,C015280,2026-01-09 01:00:00,Female,57,Bronze,Web,Chiang Mai,549,Lazada,Credit_Card,1,1,4,0,>50,18.3,3.0,0.0,0.0,-1,17,4157.606666666667,0.28,1.0,0.3333333333333333,0.0,0.0,0,0,0.0,4722.86,1,0,0.0,4722.86,1,0,0.0,12472.82,3,0,0.0,0
LGS2ORD0047105,C011305,2026-01-09 01:00:00,Female,40,Silver,Web,Bangkok,389,TV_Show,Bank_Transfer,1,1,4,0,30-40,12.966666666666667,10.0,1.0,0.1,71,34,6186.27,0.3,0.7,0.5,0.0,0.0,0,0,0.0,0.0,0,0,0.0,15489.26,3,1,0.3333333333333333,61862.700000000004,10,1,0.1,0
LGS2ORD0047106,C013928,2026-01-09 01:00:00,Female,31,Gold,Web,Nakhon Ratchasima,1122,Web,Credit_Card,1,1,4,0,30-40,37.4,4.0,2.0,0.5,154,40,3324.88,0.28,0.5,0.5,0.0,0.0,0,0,0.0,0.0,0,0,0.0,2833.4,2,0,0.0,13299.52,4,2,0.5,1
LGS2ORD0047107,C010135,2026-01-09 01:00:00,Male,56,Gold,Lazada,Bangkok,1235,TV_Show,Credit_Card,1,1,4,0,>50,41.166666666666664,2.0,0.0,0.0,-1,77,1587.06,0.13,1.0,0.0,0.0,0.0,0,0,0.0,0.0,0,0,0.0,1752.1,1,0,0.0,1752.1,1,0,0.0,0
LGS2ORD0047108,C015811,2026-01-09 01:00:00,Male,29,Bronze,TV,Nakhon Ratchasima,588,Lazada,Bank_Transfer,1,1,4,0,20-30,19.6,4.0,1.0,0.25,151,47,5368.702499999999,0.18,0.25,0.0,0.0,0.0,0,0,0.0,0.0,0,0,0.0,13411.65,2,0,0.0,21474.809999999998,4,1,0.25,0
LGS2ORD0047109,C016371,2026-01-09 02:00:00,Female,38,Silver,TV,Bangkok,1666,Lazada,Credit_Card,2,1,4,0,30-40,55.53333333333333,5.0,1.0,0.2,202,51,6465.628,0.25,0.4,0.2,0.0,0.0,0,0,0.0,0.0,0,0,0.0,525.68,1,0,0.0,32328.14,5,1,0.2,0
LGS2ORD0047110,C016394,2026-01-09 02:00:00,Male,34,Silver,Web,Remote_Area,1372,Shopee,Credit_Card,2,1,4,0,30-40,45.733333333333334,10.0,3.0,0.3,20,5,4130.8009999999995,0.3,0.4,0.3,0.0,4695.02,1,0,0.0,4695.02,1,0,0.0,14319.310000000001,3,2,0.6666666666666666,41308.009999999995,10,3,0.3,1
LGS2ORD0047111,C011775,2026-01-09 02:00:00,Female,18,Silver,Shopee,Chiang Mai,1163,Web,COD,2,1,4,0,<20,38.766666666666666,4.0,1.0,0.25,-4,3,2917.245,0.3,0.5,0.5,0.0,2450.55,1,1,1.0,3236.23,2,1,0.5,3236.23,2,1,0.5,11668.98,4,1,0.25,1
LGS2ORD0047112,C015851,2026-01-09 02:00:00,Female,18,Bronze,Lazada,Chiang Mai,1009,Lazada,COD,2,1,4,0,<20,33.63333333333333,3.0,2.0,0.6666666666666666,115,122,2049.4633333333336,0.28,0.6666666666666666,0.3333333333333333,0.0,0.0,0,0,0.0,0.0,0,0,0.0,0.0,0,0,0.0,6148.39,3,2,0.6666666666666666,0
LGS2ORD0047113,C011495,2026-01-09 02:00:00,Female,42,Bronze,Shopee,Bangkok,1372,TV_Show,Credit_Card,2,1,4,0,40-50,45.733333333333334,3.0,2.0,0.6666666666666666,14,23,3125.0966666666664,0.18,1.0,0.0,0.0,0.0,0,0,0.0,3162.91,1,1,1.0,3162.91,1,1,1.0,9375.289999999999,3,2,0.6666666666666666,1
LGS2ORD0047114,C015077,2026-01-09 02:00:00,Male,60,Bronze,Shopee,Chonburi,1185,Shopee,PromptPay,2,1,4,0,>50,39.5,7.0,0.0,0.0,-1,30,5483.242857142858,0.23,0.8571428571428571,0.2857142857142857,0.0,0.0,0,0,0.0,0.0,0,0,0.0,983.78,1,0,0.0,25771.39,6,0,0.0,0
LGS2ORD0047115,C013121,2026-01-09 03:00:00,Male,52,Silver,Shopee,Chonburi,526,CallCenter,COD,3,1,4,0,>50,17.533333333333335,11.0,1.0,0.09090909090909091,177,11,6758.854545454545,0.3,0.5454545454545454,0.45454545454545453,0.0,0.0,0,0,0.0,922.75,1,0,0.0,22599.04,3,0,0.0,74347.4,11,1,0.09090909090909091,0
LGS2ORD0047116,C013919,2026-01-09 03:00:00,Female,33,Silver,Shopee,Khon Kaen,1496,TV_Show,Credit_Card,3,1,4,0,30-40,49.86666666666667,10.0,2.0,0.2,5,2,2435.675,0.25,0.5,0.1,0.0,1604.16,1,0,0.0,11241.29,3,1,0.3333333333333333,17976.16,6,1,0.16666666666666666,22910.38,9,2,0.2222222222222222,0
LGS2ORD0047117,C011384,2026-01-09 03:00:00,Female,52,Platinum,Web,Nakhon Ratchasima,1563,Lazada,Credit_Card,3,1,4,0,>50,52.1,5.0,0.0,0.0,-1,44,11025.8,0.3,0.2,0.2,0.0,0.0,0,0,0.0,0.0,0,0,0.0,3124.95,1,0,0.0,53471.92999999999,4,0,0.0,0
LGS2ORD0047118,C015976,2026-01-09 03:00:00,Female,40,Bronze,CallCenter,Khon Kaen,756,Shopee,PromptPay,3,1,4,0,30-40,25.2,5.0,1.0,0.2,125,60,4145.68,0.28,0.4,0.6,0.0,0.0,0,0,0.0,0.0,0,0,0.0,17196.579999999998,2,0,0.0,20728.4,5,1,0.2,0
LGS2ORD0047119,C012865,2026-01-09 03:00:00,Female,33,Bronze,Shopee,Bangkok,1588,Shopee,COD,3,1,4,0,30-40,52.93333333333333,5.0,1.0,0.2,195,5,2572.624,0.28,0.4,0.6,0.0,2041.75,1,0,0.0,4831.139999999999,2,0,0.0,4831.139999999999,2,0,0.0,12863.119999999999,5,1,0.2,0
LGS2ORD0047120,C016546,2026-01-09 04:00:00,Female,40,Gold,TV,Khon Kaen,417,Shopee,Credit_Card,4,1,4,0,30-40,13.9,8.0,0.0,0.0,-1,28,4050.1975,0.2299999999999999,0.375,0.125,0.0,0.0,0,0,0.0,985.86,1,0,0.0,6333.7,2,0,0.0,32401.58,8,0,0.0,0
LGS2ORD0047121,C015206,2026-01-09 04:00:00,Female,60,Bronze,Lazada,Chiang Mai,905,Web,Credit_Card,4,1,4,0,>50,30.166666666666668,7.0,2.0,0.2857142857142857,233,93,5532.121428571429,0.18,0.7142857142857143,0.0,0.0,0.0,0,0,0.0,0.0,0,0,0.0,0.0,0,0,0.0,38724.85,7,2,0.2857142857142857,0
LGS2ORD0047122,C015822,2026-01-09 04:00:00,Male,50,Bronze,Shopee,Chiang Mai,1827,Lazada,COD,4,1,4,0,40-50,60.9,3.0,1.0,0.3333333333333333,17,24,2415.0066666666667,0.23,0.3333333333333333,0.3333333333333333,0.0,0.0,0,0,0.0,1800.2,1,1,1.0,6198.66,2,1,0.5,7245.0199999999995,3,1,0.3333333333333333,0
LGS2ORD0047123,C013144,2026-01-09 04:00:00,Female,57,Silver,Lazada,Phuket,553,Web,Credit_Card,4,1,4,0,>50,18.433333333333334,14.0,4.0,0.2857142857142857,75,12,8655.985714285714,0.25,0.6428571428571429,0.14285714285714285,0.0,0.0,0,0,0.0,1731.1,1,0,0.0,3144.13,2,0,0.0,119862.7,13,4,0.3076923076923077,0
LGS2ORD0047124,C014002,2026-01-09 04:00:00,Male,36,Bronze,TV,Bangkok,788,Lazada,Credit_Card,4,1,4,0,30-40,26.266666666666666,11.0,4.0,0.36363636363636365,7,17,3443.5554545454547,0.23,0.9090909090909091,0.2727272727272727,0.0,0.0,0,0,0.0,3922.22,2,1,0.5,20073.63,5,1,0.2,37879.11,11,4,0.36363636363636365,1
LGS2ORD0047125,C014426,2026-01-09 05:00:00,Female,67,Bronze,Shopee,Bangkok,1430,Shopee,COD,5,1,4,0,>50,47.666666666666664,13.0,3.0,0.23076923076923078,33,38,4286.971538461538,0.28,0.6923076923076923,0.3076923076923077,0.0,0.0,0,0,0.0,0.0,0,0,0.0,13086.64,3,1,0.3333333333333333,55730.63,13,3,0.23076923076923078,0
LGS2ORD0047126,C016792,2026-01-09 05:00:00,Male,34,Bronze,TV,Khon Kaen,1502,Lazada,Bank_Transfer,5,1,4,0,30-40,50.06666666666667,6.0,2.0,0.3333333333333333,79,92,9072.181666666667,0.18,0.6666666666666666,0.0,0.0,0.0,0,0,0.0,0.0,0,0,0.0,0.0,0,0,0.0,54433.090000000004,6,2,0.3333333333333333,0
LGS2ORD0047127,C016365,2026-01-09 05:00:00,Male,43,Bronze,TV,Khon Kaen,1548,TV_Show,COD,5,1,4,0,40-50,51.6,6.0,2.0,0.3333333333333333,300,179,5187.596666666667,0.23,0.8333333333333334,0.16666666666666666,0.0,0.0,0,0,0.0,0.0,0,0,0.0,0.0,0,0,0.0,17124.32,5,1,0.2,1
LGS2ORD0047128,C017388,2026-01-09 05:00:00,Female,30,Silver,CallCenter,Bangkok,1820,Shopee,Credit_Card,5,1,4,0,20-30,60.666666666666664,8.0,1.0,0.125,333,116,3462.2774999999997,0.25,0.375,0.25,0.0,0.0,0,0,0.0,0.0,0,0,0.0,0.0,0,0,0.0,27698.219999999998,8,1,0.125,0
LGS2ORD0047129,C011035,2026-01-09 05:00:00,Male,65,Bronze,Shopee,Nakhon Ratchasima,793,Shopee,Credit_Card,5,1,4,0,>50,26.433333333333334,11.0,3.0,0.2727272727272727,-5,5,3595.9999999999995,0.28,0.6363636363636364,0.36363636363636365,0.0,1285.11,1,1,1.0,7206.989999999999,4,1,0.25,8379.91,5,1,0.2,39555.99999999999,11,3,0.2727272727272727,0
LGS2ORD0047130,C016417,2026-01-09 06:00:00,Male,46,Bronze,Lazada,Songkhla,470,Web,COD,6,1,4,0,40-50,15.666666666666666,7.0,4.0,0.5714285714285714,136,7,8544.984285714285,0.23,0.5714285714285714,0.2857142857142857,0.0,0.0,0,0,0.0,3449.3999999999996,2,0,0.0,3449.3999999999996,2,0,0.0,59814.89,7,4,0.5714285714285714,0
LGS2ORD0047131,C016215,2026-01-09 06:00:00,Male,37,Bronze,Lazada,Chonburi,934,Lazada,COD,6,1,4,0,30-40,31.133333333333333,7.0,2.0,0.2857142857142857,23,30,5853.251428571429,0.28,0.2857142857142857,0.42857142857142855,0.0,0.0,0,0,0.0,0.0,0,0,0.0,39282.130000000005,5,1,0.2,40972.76,7,2,0.2857142857142857,1
LGS2ORD0047132,C016354,2026-01-09 06:00:00,Male,59,Bronze,TV,Phuket,668,Shopee,Credit_Card,6,1,4,0,>50,22.266666666666666,7.0,1.0,0.14285714285714285,334,83,4247.961428571429,0.18,0.7142857142857143,0.0,0.0,0.0,0,0,0.0,0.0,0,0,0.0,10264.64,1,0,0.0,29735.73,7,1,0.14285714285714285,0
LGS2ORD0047133,C013107,2026-01-09 06:00:00,Other,37,Silver,TV,Nakhon Ratchasima,1473,Web,COD,6,1,4,0,30-40,49.1,7.0,2.0,0.2857142857142857,204,99,3427.7900000000004,0.3,1.0,0.42857142857142855,0.0,0.0,0,0,0.0,0.0,0,0,0.0,0.0,0,0,0.0,12587.66,6,1,0.16666666666666666,0
LGS2ORD0047134,C016607,2026-01-09 06:00:00,Male,46,Bronze,TV,Songkhla,1402,CallCenter,PromptPay,6,1,4,0,40-50,46.733333333333334,6.0,4.0,0.6666666666666666,6,12,4503.316666666667,0.28,0.5,0.3333333333333333,0.0,0.0,0,0,0.0,9477.59,1,1,1.0,9477.59,1,1,1.0,27019.9,6,4,0.6666666666666666,0
LGS2ORD0047135,C014192,2026-01-09 06:00:00,Male,38,Silver,CallCenter,Phuket,1812,Web,COD,6,1,4,0,30-40,60.4,7.0,1.0,0.14285714285714285,23,36,10774.965714285714,0.2,0.2857142857142857,0.0,0.0,0.0,0,0,0.0,0.0,0,0,0.0,9447.66,3,1,0.3333333333333333,75424.76,7,1,0.14285714285714285,1
LGS2ORD0047136,C015910,2026-01-09 07:00:00,Male,45,Gold,Lazada,Nakhon Ratchasima,973,CallCenter,Credit_Card,7,1,4,0,40-50,32.43333333333333,2.0,1.0,0.5,107,121,15847.795,0.08,0.5,0.0,0.0,0.0,0,0,0.0,0.0,0,0,0.0,0.0,0,0,0.0,31695.59,2,1,0.5,0
LGS2ORD0047137,C017966,2026-01-09 07:00:00,Male,36,Silver,Web,Phuket,879,Shopee,PromptPay,7,1,4,0,30-40,29.3,2.0,0.0,0.0,-1,46,2640.915,0.2,1.0,0.0,0.0,0.0,0,0,0.0,0.0,0,0,0.0,639.08,1,0,0.0,5281.83,2,0,0.0,0
LGS2ORD0047138,C017748,2026-01-09 07:00:00,Female,62,Silver,TV,Nakhon Ratchasima,863,Lazada,COD,7,1,4,0,>50,28.766666666666666,5.0,2.0,0.4,80,88,9469.952000000001,0.25,0.2,0.2,0.0,0.0,0,0,0.0,0.0,0,0,0.0,1302.23,1,1,1.0,47349.76,5,2,0.4,0
LGS2ORD0047139,C013117,2026-01-09 07:00:00,Male,64,Gold,Web,Bangkok,1493,Web,COD,7,1,4,0,>50,49.766666666666666,4.0,2.0,0.5,174,114,2837.975,0.28,0.5,0.75,0.0,0.0,0,0,0.0,0.0,0,0,0.0,0.0,0,0,0.0,11351.9,4,2,0.5,0
LGS2ORD0047140,C011021,2026-01-09 07:00:00,Male,64,Bronze,TV,Bangkok,1708,Lazada,Credit_Card,7,1,4,0,>50,56.93333333333333,6.0,0.0,0.0,-1,70,1797.2716666666665,0.28,0.5,0.16666666666666666,0.0,0.0,0,0,0.0,0.0,0,0,0.0,1143.92,1,0,0.0,10783.63,6,0,0.0,1
LGS2ORD0047141,C016879,2026-01-09 08:00:00,Male,34,Gold,Web,Phuket,916,TV_Show,PromptPay,8,1,4,0,30-40,30.533333333333335,4.0,0.0,0.0,-1,13,3784.0150000000003,0.28,0.0,0.25,0.0,0.0,0,0,0.0,5764.71,1,0,0.0,6042.81,2,0,0.0,15136.060000000001,4,0,0.0,0
LGS2ORD0047142,C011294,2026-01-09 08:00:00,Female,29,Silver,TV,Bangkok,1156,TV_Show,COD,8,1,4,0,20-30,38.53333333333333,8.0,2.0,0.25,174,6,4708.24625,0.3,0.625,0.25,0.0,5080.45,1,0,0.0,5080.45,1,0,0.0,9131.779999999999,2,0,0.0,37665.97,8,2,0.25,0
LGS2ORD0047143,C014920,2026-01-09 08:00:00,Male,68,Bronze,CallCenter,Chiang Mai,1198,TV_Show,Credit_Card,8,1,4,0,>50,39.93333333333333,6.0,2.0,0.3333333333333333,202,13,4499.123333333334,0.23,0.5,0.6666666666666666,0.0,0.0,0,0,0.0,10028.04,1,0,0.0,10028.04,1,0,0.0,26994.74,6,2,0.3333333333333333,1
LGS2ORD0047144,C015252,2026-01-09 08:00:00,Female,48,Bronze,Web,Chiang Mai,1155,CallCenter,Bank_Transfer,8,1,4,0,40-50,38.5,4.0,2.0,0.5,30,38,1694.2675,0.28,0.25,0.5,0.0,0.0,0,0,0.0,0.0,0,0,0.0,867.58,1,1,1.0,6777.07,4,2,0.5,0
LGS2ORD0047145,C014080,2026-01-09 08:00:00,Male,29,Bronze,Shopee,Songkhla,1722,Web,COD,8,1,4,0,20-30,57.4,10.0,1.0,0.1,263,16,9504.907,0.23,0.6,0.1,0.0,0.0,0,0,0.0,1055.29,1,0,0.0,1055.29,1,0,0.0,95049.06999999999,10,1,0.1,1
LGS2ORD0047146,C014917,2026-01-09 09:00:00,Female,56,Gold,TV,Songkhla,1025,TV_Show,COD,9,1,4,0,>50,34.166666666666664,9.0,0.0,0.0,-1,45,6104.486666666667,0.28,0.5555555555555556,0.4444444444444444,0.0,0.0,0,0,0.0,0.0,0,0,0.0,15680.220000000001,2,0,0.0,54940.38,9,0,0.0,0
LGS2ORD0047147,C016664,2026-01-09 09:00:00,Female,45,Gold,TV,Songkhla,919,TV_Show,Credit_Card,9,1,4,0,40-50,30.633333333333333,3.0,1.0,0.3333333333333333,45,54,2500.4233333333336,0.28,0.6666666666666666,0.6666666666666666,0.0,0.0,0,0,0.0,0.0,0,0,0.0,5246.02,1,1,1.0,6854.43,2,1,0.5,0
LGS2ORD0047148,C010198,2026-01-09 09:00:00,Male,72,Silver,Lazada,Bangkok,1752,CallCenter,COD,9,1,4,0,>50,58.4,7.0,1.0,0.14285714285714285,307,61,4203.3557142857135,0.25,0.7142857142857143,0.2857142857142857,0.0,0.0,0,0,0.0,0.0,0,0,0.0,4391.36,2,0,0.0,29423.489999999994,7,1,0.14285714285714285,0
LGS2ORD0047149,C014482,2026-01-09 09:00:00,Female,55,Bronze,Web,Songkhla,617,CallCenter,Bank_Transfer,9,1,4,0,>50,20.566666666666666,12.0,4.0,0.3333333333333333,141,37,2565.2466666666664,0.28,0.75,0.4166666666666667,0.0,0.0,0,0,0.0,0.0,0,0,0.0,7843.59,3,0,0.0,30782.96,12,4,0.3333333333333333,0
LGS2ORD0047150,C012552,2026-01-09 09:00:00,Male,32,Gold,Web,Bangkok,950,TV_Show,Credit_Card,9,1,4,0,30-40,31.666666666666668,3.0,1.0,0.3333333333333333,154,163,1262.33,0.2299999999999999,1.0,0.6666666666666666,0.0,0.0,0,0,0.0,0.0,0,0,0.0,0.0,0,0,0.0,3786.99,3,1,0.3333333333333333,0
LGS2ORD0047151,C012462,2026-01-09 10:00:00,Female,46,Silver,Shopee,Khon Kaen,1644,TV_Show,COD,10,1,4,0,40-50,54.8,5.0,0.0,0.0,-1,49,5617.396,0.3,0.4,0.2,0.0,0.0,0,0,0.0,0.0,0,0,0.0,7893.41,1,0,0.0,28086.98,5,0,0.0,1
LGS2ORD0047152,C014246,2026-01-09 10:00:00,Male,34,Silver,TV,Phuket,1590,TV_Show,Credit_Card,10,1,4,0,30-40,53.0,12.0,6.0,0.5,189,89,5029.78,0.3,0.5,0.25,0.0,0.0,0,0,0.0,0.0,0,0,0.0,320.47,1,0,0.0,60357.36,12,6,0.5,0
LGS2ORD0047153,C015015,2026-01-09 10:00:00,Female,44,Bronze,Web,Bangkok,407,Lazada,Credit_Card,10,1,4,0,40-50,13.566666666666666,9.0,0.0,0.0,-1,13,4126.900000000001,0.28,0.5555555555555556,0.3333333333333333,0.0,0.0,0,0,0.0,3874.11,1,0,0.0,6235.75,2,0,0.0,37142.100000000006,9,0,0.0,0
LGS2ORD0047154,C013504,2026-01-09 10:00:00,Female,37,Bronze,Lazada,Chonburi,1086,Web,COD,10,1,4,0,30-40,36.2,5.0,0.0,0.0,-1,97,3401.376,0.18,0.2,0.0,0.0,0.0,0,0,0.0,0.0,0,0,0.0,0.0,0,0,0.0,17006.88,5,0,0.0,0
LGS2ORD0047155,C010267,2026-01-09 10:00:00,Female,34,Bronze,Shopee,Remote_Area,492,CallCenter,COD,10,1,4,0,30-40,16.4,9.0,4.0,0.4444444444444444,117,22,6443.1722222222215,0.28,0.7777777777777778,0.6666666666666666,0.0,0.0,0,0,0.0,6808.07,1,0,0.0,7489.849999999999,2,0,0.0,57988.549999999996,9,4,0.4444444444444444,1
LGS2ORD0047156,C011300,2026-01-09 10:00:00,Female,29,Bronze,TV,Nakhon Ratchasima,1206,TV_Show,COD,10,1,4,0,20-30,40.2,12.0,3.0,0.25,20,7,5631.445833333334,0.28,0.5,0.16666666666666666,0.0,0.0,0,0,0.0,22417.32,2,0,0.0,58607.719999999994,7,3,0.42857142857142855,67577.35,12,3,0.25,0
LGS2ORD0047157,C012146,2026-01-09 11:00:00,Female,37,Bronze,Lazada,Bangkok,693,Shopee,Credit_Card,11,1,4,0,30-40,23.1,7.0,0.0,0.0,-1,19,3716.065714285715,0.28,0.8571428571428571,0.14285714285714285,0.0,0.0,0,0,0.0,1685.38,1,0,0.0,1685.38,1,0,0.0,26012.460000000003,7,0,0.0,1
LGS2ORD0047158,C015608,2026-01-09 11:00:00,Female,41,Bronze,Shopee,Bangkok,1146,Lazada,COD,11,1,4,0,40-50,38.2,6.0,4.0,0.6666666666666666,87,94,3567.101666666667,0.28,0.6666666666666666,0.16666666666666666,0.0,0.0,0,0,0.0,0.0,0,0,0.0,0.0,0,0,0.0,21402.61,6,4,0.6666666666666666,0
LGS2ORD0047159,C014280,2026-01-09 11:00:00,Male,49,Bronze,TV,Chiang Mai,1473,Web,Credit_Card,11,1,4,0,40-50,49.1,3.0,1.0,0.3333333333333333,165,122,8385.196666666665,0.28,0.3333333333333333,0.3333333333333333,0.0,0.0,0,0,0.0,0.0,0,0,0.0,0.0,0,0,0.0,25155.589999999997,3,1,0.3333333333333333,1
LGS2ORD0047160,C016319,2026-01-09 11:00:00,Female,30,Bronze,Shopee,Chonburi,446,TV_Show,PromptPay,11,1,4,0,20-30,14.866666666666667,7.0,4.0,0.5714285714285714,115,125,7646.384285714285,0.28,0.7142857142857143,0.42857142857142855,0.0,0.0,0,0,0.0,0.0,0,0,0.0,0.0,0,0,0.0,53524.689999999995,7,4,0.5714285714285714,1
LGS2ORD0047161,C015857,2026-01-09 11:00:00,Male,63,Silver,Web,Nakhon Ratchasima,844,Web,COD,11,1,4,0,>50,28.133333333333333,6.0,2.0,0.3333333333333333,65,77,5428.875000000001,0.3,0.5,0.3333333333333333,0.0,0.0,0,0,0.0,0.0,0,0,0.0,931.1,1,1,1.0,16482.07,5,2,0.4,0
LGS2ORD0047162,C015742,2026-01-09 12:00:00,Male,72,Gold,TV,Nakhon Ratchasima,592,TV_Show,COD,12,1,4,0,>50,19.733333333333334,4.0,2.0,0.5,32,41,10502.105,0.28,0.75,0.5,0.0,0.0,0,0,0.0,0.0,0,0,0.0,29286.19,1,1,1.0,42008.42,4,2,0.5,1
LGS2ORD0047163,C013421,2026-01-09 12:00:00,Male,38,Gold,Lazada,Bangkok,1171,TV_Show,COD,12,1,4,0,30-40,39.03333333333333,6.0,2.0,0.3333333333333333,136,93,4954.276666666667,0.28,0.3333333333333333,0.6666666666666666,0.0,0.0,0,0,0.0,0.0,0,0,0.0,0.0,0,0,0.0,29725.66,6,2,0.3333333333333333,1
LGS2ORD0047164,C013409,2026-01-09 12:00:00,Male,38,Silver,CallCenter,Bangkok,1124,Web,PromptPay,12,1,4,0,30-40,37.46666666666667,6.0,0.0,0.0,-1,42,1753.3633333333335,0.3,0.16666666666666666,0.5,0.0,0.0,0,0,0.0,0.0,0,0,0.0,7779.08,3,0,0.0,10520.18,6,0,0.0,0
LGS2ORD0047165,C012153,2026-01-09 12:00:00,Female,56,Platinum,Lazada,Bangkok,1655,TV_Show,PromptPay,12,1,4,0,>50,55.166666666666664,2.0,0.0,0.0,-1,35,13348.895,0.1,0.0,0.0,0.0,0.0,0,0,0.0,0.0,0,0,0.0,4685.39,1,0,0.0,26697.79,2,0,0.0,0
LGS2ORD0047166,C012551,2026-01-09 12:00:00,Male,43,Silver,Lazada,Bangkok,1493,Web,COD,12,1,4,0,40-50,49.766666666666666,8.0,0.0,0.0,-1,7,3516.0387499999997,0.3,0.75,0.5,0.0,0.0,0,0,0.0,16215.36,3,0,0.0,16215.36,3,0,0.0,28128.309999999998,8,0,0.0,0
LGS2ORD0047167,C011522,2026-01-09 13:00:00,Male,53,Silver,TV,Khon Kaen,491,Web,COD,13,1,4,0,>50,16.366666666666667,9.0,2.0,0.2222222222222222,133,8,7469.121111111112,0.25,0.2222222222222222,0.1111111111111111,0.0,0.0,0,0,0.0,1220.46,1,0,0.0,1220.46,1,0,0.0,67222.09000000001,9,2,0.2222222222222222,0
LGS2ORD0047168,C015956,2026-01-09 13:00:00,Female,45,Bronze,Shopee,Bangkok,1187,TV_Show,Bank_Transfer,13,1,4,0,40-50,39.56666666666667,8.0,2.0,0.25,349,63,6993.625,0.23,0.5,0.25,0.0,0.0,0,0,0.0,0.0,0,0,0.0,6164.04,1,0,0.0,44707.25,6,1,0.16666666666666666,0
LGS2ORD0047169,C012994,2026-01-09 13:00:00,Male,28,Bronze,TV,Nakhon Ratchasima,589,CallCenter,COD,13,1,4,0,20-30,19.633333333333333,8.0,2.0,0.25,259,96,4553.84125,0.23,0.5,0.25,0.0,0.0,0,0,0.0,0.0,0,0,0.0,0.0,0,0,0.0,31028.890000000003,7,2,0.2857142857142857,1
LGS2ORD0047170,C011607,2026-01-09 13:00:00,Male,39,Bronze,Shopee,Chonburi,1007,TV_Show,COD,13,1,4,0,30-40,33.56666666666667,6.0,2.0,0.3333333333333333,167,67,3629.6600000000003,0.28,0.3333333333333333,0.3333333333333333,0.0,0.0,0,0,0.0,0.0,0,0,0.0,4189.18,1,0,0.0,21777.960000000003,6,2,0.3333333333333333,0
LGS2ORD0047171,C017280,2026-01-09 13:00:00,Male,50,Bronze,CallCenter,Chonburi,391,TV_Show,Credit_Card,13,1,4,0,40-50,13.033333333333333,8.0,3.0,0.375,151,71,5450.3775000000005,0.23,0.625,0.375,0.0,0.0,0,0,0.0,0.0,0,0,0.0,14874.27,2,0,0.0,27701.97,7,2,0.2857142857142857,1
LGS2ORD0047172,C015029,2026-01-09 13:00:00,Female,42,Platinum,Lazada,Phuket,1589,TV_Show,Credit_Card,13,1,4,0,40-50,52.96666666666667,7.0,2.0,0.2857142857142857,126,11,2917.184285714286,0.35,0.2857142857142857,0.42857142857142855,0.14285714285714285,0.0,0,0,0.0,4601.08,1,0,0.0,4601.08,1,0,0.0,20420.29,7,2,0.2857142857142857,0
LGS2ORD0047173,C017032,2026-01-09 14:00:00,Female,36,Bronze,CallCenter,Nakhon Ratchasima,1037,Lazada,COD,14,1,4,0,30-40,34.56666666666667,13.0,4.0,0.3076923076923077,28,2,5638.689230769231,0.28,0.7692307692307693,0.23076923076923078,0.0,2171.47,1,0,0.0,3937.7599999999998,2,0,0.0,13430.590000000002,4,1,0.25,73302.95999999999,13,4,0.3076923076923077,0
LGS2ORD0047174,C016873,2026-01-09 14:00:00,Male,40,Bronze,TV,Chiang Mai,473,TV_Show,COD,14,1,4,0,30-40,15.766666666666667,7.0,3.0,0.42857142857142855,231,22,5064.144285714285,0.28,0.5714285714285714,0.42857142857142855,0.0,0.0,0,0,0.0,9836.05,1,0,0.0,9836.05,1,0,0.0,32728.879999999997,6,2,0.3333333333333333,1
LGS2ORD0047175,C010088,2026-01-09 14:00:00,Female,42,Bronze,Shopee,Songkhla,563,TV_Show,Credit_Card,14,1,4,0,40-50,18.766666666666666,5.0,4.0,0.8,49,62,9915.774000000001,0.28,0.8,0.2,0.0,0.0,0,0,0.0,0.0,0,0,0.0,2123.29,1,1,1.0,49578.87,5,4,0.8,0
LGS2ORD0047176,C011487,2026-01-09 14:00:00,Female,31,Silver,Web,Remote_Area,1524,Web,COD,14,1,4,0,30-40,50.8,12.0,5.0,0.4166666666666667,27,39,4836.475833333333,0.25,0.5,0.16666666666666666,0.0,0.0,0,0,0.0,0.0,0,0,0.0,11601.48,2,1,0.5,52504.24999999999,11,4,0.36363636363636365,0
LGS2ORD0047177,C015350,2026-01-09 14:00:00,Male,45,Bronze,Web,Remote_Area,1462,Lazada,COD,14,1,4,0,40-50,48.733333333333334,12.0,7.0,0.5833333333333334,44,23,8242.376666666665,0.28,0.6666666666666666,0.3333333333333333,0.0,0.0,0,0,0.0,434.62,1,0,0.0,55037.65,4,1,0.25,98908.51999999999,12,7,0.5833333333333334,0
LGS2ORD0047178,C015098,2026-01-09 15:00:00,Female,51,Bronze,Shopee,Bangkok,473,Lazada,COD,15,1,4,0,>50,15.766666666666667,7.0,0.0,0.0,-1,21,6430.2185714285715,0.23,0.42857142857142855,0.14285714285714285,0.0,0.0,0,0,0.0,448.43,1,0,0.0,1990.1200000000001,2,0,0.0,45011.53,7,0,0.0,1
LGS2ORD0047179,C013125,2026-01-09 15:00:00,Male,37,Platinum,Shopee,Chonburi,1008,Shopee,Credit_Card,15,1,4,0,30-40,33.6,5.0,1.0,0.2,173,54,5262.434000000001,0.25,0.2,0.2,0.0,0.0,0,0,0.0,0.0,0,0,0.0,8996.39,2,0,0.0,26312.170000000006,5,1,0.2,1
LGS2ORD0047180,C016558,2026-01-09 15:00:00,Female,21,Bronze,Web,Bangkok,1024,Shopee,Credit_Card,15,1,4,0,20-30,34.13333333333333,5.0,0.0,0.0,-1,76,5589.434,0.28,0.4,0.2,0.0,0.0,0,0,0.0,0.0,0,0,0.0,17629.47,2,0,0.0,27947.170000000002,5,0,0.0,0
LGS2ORD0047181,C015687,2026-01-09 15:00:00,Other,58,Bronze,TV,Bangkok,1813,TV_Show,COD,15,1,4,0,>50,60.43333333333333,5.0,1.0,0.2,150,87,3218.7400000000002,0.23,0.4,0.2,0.0,0.0,0,0,0.0,0.0,0,0,0.0,4426.41,1,0,0.0,16093.7,5,1,0.2,1
LGS2ORD0047182,C017113,2026-01-09 15:00:00,Female,50,Bronze,TV,Khon Kaen,583,Lazada,COD,15,1,4,0,40-50,19.433333333333334,9.0,2.0,0.2222222222222222,83,24,4825.541111111112,0.28,0.4444444444444444,0.2222222222222222,0.0,0.0,0,0,0.0,3749.64,1,0,0.0,5459.2,2,0,0.0,43429.87,9,2,0.2222222222222222,0
LGS2ORD0047183,C017498,2026-01-09 16:00:00,Other,28,Bronze,CallCenter,Remote_Area,939,Web,PromptPay,16,1,4,0,20-30,31.3,2.0,0.0,0.0,-1,293,1230.56,0.18,0.5,0.0,0.0,0.0,0,0,0.0,0.0,0,0,0.0,0.0,0,0,0.0,2461.12,2,0,0.0,0
LGS2ORD0047184,C010076,2026-01-09 16:00:00,Male,39,Bronze,TV,Chonburi,1759,Shopee,COD,16,1,4,0,30-40,58.63333333333333,6.0,0.0,0.0,-1,22,4075.661666666667,0.28,0.5,0.16666666666666666,0.0,0.0,0,0,0.0,7871.56,1,0,0.0,10294.810000000001,3,0,0.0,24453.97,6,0,0.0,0
LGS2ORD0047185,C017890,2026-01-09 16:00:00,Female,27,Bronze,TV,Remote_Area,390,Lazada,PromptPay,16,1,4,0,20-30,13.0,5.0,1.0,0.2,103,6,3665.572,0.18,0.6,0.0,0.0,3460.51,1,0,0.0,3460.51,1,0,0.0,7424.14,2,0,0.0,18327.86,5,1,0.2,1
LGS2ORD0047186,C014695,2026-01-09 16:00:00,Female,56,Bronze,Shopee,Bangkok,1498,Web,COD,16,1,4,0,>50,49.93333333333333,8.0,1.0,0.125,108,101,5274.745,0.28,0.5,0.375,0.0,0.0,0,0,0.0,0.0,0,0,0.0,0.0,0,0,0.0,42197.96,8,1,0.125,0
LGS2ORD0047187,C014030,2026-01-09 16:00:00,Female,62,Bronze,TV,Khon Kaen,833,Lazada,COD,16,1,4,0,>50,27.766666666666666,10.0,2.0,0.2,157,57,4471.519,0.28,0.7,0.1,0.0,0.0,0,0,0.0,0.0,0,0,0.0,9212.08,1,0,0.0,44715.19,10,2,0.2,0
LGS2ORD0047188,C016419,2026-01-09 17:00:00,Male,33,Gold,Shopee,Nakhon Ratchasima,871,Web,COD,17,1,4,0,30-40,29.033333333333335,6.0,2.0,0.3333333333333333,67,62,4300.765,0.28,0.5,0.5,0.0,0.0,0,0,0.0,0.0,0,0,0.0,5085.1900000000005,2,1,0.5,25233.14,5,2,0.4,0
LGS2ORD0047189,C014960,2026-01-09 17:00:00,Female,25,Bronze,CallCenter,Bangkok,974,CallCenter,PromptPay,17,1,4,0,20-30,32.46666666666667,4.0,1.0,0.25,270,215,1860.685,0.18,0.5,0.0,0.0,0.0,0,0,0.0,0.0,0,0,0.0,0.0,0,0,0.0,7442.74,4,1,0.25,0
LGS2ORD0047190,C012419,2026-01-09 17:00:00,Male,45,Gold,Lazada,Remote_Area,1621,Shopee,COD,17,1,4,0,40-50,54.03333333333333,7.0,2.0,0.2857142857142857,51,64,3841.5685714285714,0.28,0.42857142857142855,0.42857142857142855,0.0,0.0,0,0,0.0,0.0,0,0,0.0,2324.8,1,1,1.0,26890.98,7,2,0.2857142857142857,0
LGS2ORD0047191,C013112,2026-01-09 17:00:00,Male,29,Silver,Lazada,Khon Kaen,442,CallCenter,Credit_Card,17,1,4,0,20-30,14.733333333333333,4.0,0.0,0.0,-1,19,3834.5725,0.2,0.5,0.0,0.0,0.0,0,0,0.0,2942.11,1,0,0.0,2942.11,1,0,0.0,15338.29,4,0,0.0,0
LGS2ORD0047192,C016876,2026-01-09 17:00:00,Female,34,Platinum,TV,Phuket,1825,Lazada,COD,17,1,4,0,30-40,60.833333333333336,7.0,1.0,0.14285714285714285,179,41,6350.205714285714,0.25,0.42857142857142855,0.14285714285714285,0.0,0.0,0,0,0.0,0.0,0,0,0.0,10467.1,2,0,0.0,44451.439999999995,7,1,0.14285714285714285,0
LGS2ORD0047193,C011595,2026-01-09 17:00:00,Female,64,Bronze,TV,Bangkok,421,TV_Show,Credit_Card,17,1,4,0,>50,14.033333333333333,7.0,1.0,0.14285714285714285,210,41,4402.138571428572,0.28,0.14285714285714285,0.42857142857142855,0.0,0.0,0,0,0.0,0.0,0,0,0.0,9801.039999999999,2,0,0.0,30814.97,7,1,0.14285714285714285,0
LGS2ORD0047194,C011583,2026-01-09 18:00:00,Female,64,Silver,Web,Chiang Mai,1750,Shopee,PromptPay,18,1,4,0,>50,58.333333333333336,4.0,1.0,0.25,116,57,9741.7675,0.25,1.0,0.25,0.0,0.0,0,0,0.0,0.0,0,0,0.0,7476.25,1,0,0.0,38967.07,4,1,0.25,1
LGS2ORD0047195,C014265,2026-01-09 18:00:00,Female,32,Silver,Web,Bangkok,1185,Web,Credit_Card,18,1,4,0,30-40,39.5,3.0,1.0,0.3333333333333333,354,88,7071.1033333333335,0.2,0.6666666666666666,0.0,0.0,0.0,0,0,0.0,0.0,0,0,0.0,2922.02,1,0,0.0,12521.87,2,0,0.0,0
LGS2ORD0047196,C013762,2026-01-09 18:00:00,Male,29,Silver,TV,Remote_Area,1751,Lazada,Credit_Card,18,1,4,0,20-30,58.36666666666667,6.0,2.0,0.3333333333333333,229,14,5430.741666666667,0.2,0.5,0.0,0.0,0.0,0,0,0.0,3060.09,1,0,0.0,3060.09,1,0,0.0,32584.45,6,2,0.3333333333333333,0
LGS2ORD0047197,C012461,2026-01-09 18:00:00,Male,72,Bronze,TV,Chonburi,758,Web,Credit_Card,18,1,4,0,>50,25.266666666666666,15.0,0.0,0.0,-1,4,5645.437999999999,0.23,0.4666666666666667,0.13333333333333333,0.0,1848.33,1,0,0.0,12362.01,2,0,0.0,12362.01,2,0,0.0,84681.56999999999,15,0,0.0,0
LGS2ORD0047198,C011839,2026-01-09 18:00:00,Female,52,Silver,TV,Chonburi,824,Shopee,COD,18,1,4,0,>50,27.466666666666665,8.0,2.0,0.25,232,19,5546.245000000001,0.25,0.5,0.125,0.0,0.0,0,0,0.0,1152.4,1,0,0.0,1152.4,1,0,0.0,44369.96000000001,8,2,0.25,1
LGS2ORD0047199,C010308,2026-01-09 19:00:00,Female,53,Bronze,TV,Bangkok,1540,Lazada,COD,19,1,4,0,>50,51.333333333333336,10.0,1.0,0.1,195,31,4269.525000000001,0.28,0.5,0.4,0.0,0.0,0,0,0.0,0.0,0,0,0.0,1801.48,1,0,0.0,42695.25000000001,10,1,0.1,1
LGS2ORD0047200,C013267,2026-01-09 19:00:00,Female,34,Silver,Shopee,Remote_Area,618,CallCenter,Bank_Transfer,19,1,4,0,30-40,20.6,11.0,4.0,0.36363636363636365,33,46,6526.946363636364,0.25,0.8181818181818182,0.18181818181818182,0.0,0.0,0,0,0.0,0.0,0,0,0.0,14797.470000000001,2,1,0.5,71796.41,11,4,0.36363636363636365,0
LGS2ORD0047201,C017555,2026-01-09 19:00:00,Female,72,Gold,Web,Phuket,1573,Shopee,Credit_Card,19,1,4,0,>50,52.43333333333333,6.0,1.0,0.16666666666666666,250,35,4522.996666666667,0.28,0.3333333333333333,0.3333333333333333,0.0,0.0,0,0,0.0,0.0,0,0,0.0,14754.83,1,0,0.0,27137.980000000003,6,1,0.16666666666666666,0
LGS2ORD0047202,C012330,2026-01-09 19:00:00,Female,19,Bronze,TV,Bangkok,1063,Web,COD,19,1,4,0,<20,35.43333333333333,3.0,1.0,0.3333333333333333,109,123,8493.733333333334,0.08,0.3333333333333333,0.0,0.0,0.0,0,0,0.0,0.0,0,0,0.0,0.0,0,0,0.0,25481.2,3,1,0.3333333333333333,0
LGS2ORD0047203,C011459,2026-01-09 19:00:00,Male,33,Platinum,CallCenter,Chiang Mai,556,CallCenter,Credit_Card,19,1,4,0,30-40,18.533333333333335,5.0,0.0,0.0,-1,42,3929.59,0.25,0.2,0.6,0.0,0.0,0,0,0.0,0.0,0,0,0.0,4570.84,2,0,0.0,19647.95,5,0,0.0,0
LGS2ORD0047204,C014278,2026-01-09 20:00:00,Female,45,Bronze,CallCenter,Chiang Mai,1075,CallCenter,COD,20,1,4,0,40-50,35.833333333333336,5.0,2.0,0.4,24,36,4450.67,0.28,0.6,0.2,0.0,0.0,0,0,0.0,0.0,0,0,0.0,1930.57,1,1,1.0,22253.35,5,2,0.4,0
LGS2ORD0047205,C016338,2026-01-09 20:00:00,Female,33,Silver,Web,Chonburi,1491,TV_Show,Credit_Card,20,1,4,0,30-40,49.7,3.0,0.0,0.0,-1,55,3278.5633333333335,0.2,0.3333333333333333,0.0,0.0,0.0,0,0,0.0,0.0,0,0,0.0,425.22,1,0,0.0,9835.69,3,0,0.0,0
LGS2ORD0047206,C016388,2026-01-09 20:00:00,Male,41,Gold,Web,Bangkok,472,Web,PromptPay,20,1,4,0,40-50,15.733333333333333,2.0,0.0,0.0,-1,11,1800.29,0.2299999999999999,0.5,1.0,0.0,0.0,0,0,0.0,1916.68,1,0,0.0,3600.58,2,0,0.0,3600.58,2,0,0.0,0
LGS2ORD0047207,C012240,2026-01-09 20:00:00,Female,39,Gold,Shopee,Bangkok,1818,TV_Show,COD,20,1,4,0,30-40,60.6,6.0,2.0,0.3333333333333333,103,19,3711.1583333333333,0.33,0.6666666666666666,0.16666666666666666,0.0,0.0,0,0,0.0,12266.580000000002,2,0,0.0,12266.580000000002,2,0,0.0,22266.95,6,2,0.3333333333333333,1
LGS2ORD0047208,C016093,2026-01-09 20:00:00,Male,58,Bronze,CallCenter,Bangkok,554,Shopee,COD,20,1,4,0,>50,18.466666666666665,11.0,3.0,0.2727272727272727,175,40,6879.092727272728,0.28,0.6363636363636364,0.36363636363636365,0.0,0.0,0,0,0.0,0.0,0,0,0.0,4594.3099999999995,2,0,0.0,75670.02,11,3,0.2727272727272727,0
LGS2ORD0047209,C013210,2026-01-09 21:00:00,Female,43,Bronze,TV,Nakhon Ratchasima,1820,Lazada,COD,21,1,4,0,40-50,60.666666666666664,8.0,1.0,0.125,291,25,3005.0937500000005,0.23,0.125,0.125,0.0,0.0,0,0,0.0,8244.86,1,0,0.0,16379.51,3,0,0.0,24040.750000000004,8,1,0.125,0
LGS2ORD0047210,C016108,2026-01-09 21:00:00,Male,38,Bronze,Web,Chonburi,1385,CallCenter,Bank_Transfer,21,1,4,0,30-40,46.166666666666664,4.0,0.0,0.0,-1,44,7750.905000000001,0.23,0.25,0.25,0.0,0.0,0,0,0.0,0.0,0,0,0.0,22250.1,2,0,0.0,31003.620000000003,4,0,0.0,0
LGS2ORD0047211,C014449,2026-01-09 21:00:00,Male,32,Silver,TV,Khon Kaen,857,Web,COD,21,1,4,0,30-40,28.566666666666666,8.0,2.0,0.25,186,143,10401.060000000001,0.3,0.75,0.25,0.0,0.0,0,0,0.0,0.0,0,0,0.0,0.0,0,0,0.0,83208.48000000001,8,2,0.25,0
LGS2ORD0047212,C014828,2026-01-09 21:00:00,Male,47,Bronze,TV,Remote_Area,646,Web,Bank_Transfer,21,1,4,0,40-50,21.533333333333335,3.0,2.0,0.6666666666666666,12,21,2163.7733333333335,0.18,0.0,0.0,0.0,0.0,0,0,0.0,5649.85,1,1,1.0,5649.85,1,1,1.0,6491.320000000001,3,2,0.6666666666666666,0
LGS2ORD0047213,C012274,2026-01-09 21:00:00,Male,38,Bronze,Shopee,Nakhon Ratchasima,462,Lazada,COD,21,1,4,0,30-40,15.4,5.0,0.0,0.0,-1,0,5073.778,0.23,0.2,0.6,0.0,3781.43,1,0,0.0,3781.43,1,0,0.0,5551.73,2,0,0.0,25368.89,5,0,0.0,0
LGS2ORD0047214,C010618,2026-01-09 21:00:00,Other,45,Bronze,Shopee,Nakhon Ratchasima,1305,Shopee,COD,21,1,4,0,40-50,43.5,8.0,0.0,0.0,-1,11,5277.94125,0.28,0.375,0.5,0.0,0.0,0,0,0.0,5358.91,2,0,0.0,5358.91,2,0,0.0,42223.53,8,0,0.0,1
LGS2ORD0047215,C013907,2026-01-09 22:00:00,Male,46,Gold,Shopee,Songkhla,1156,Shopee,COD,22,1,4,0,40-50,38.53333333333333,7.0,1.0,0.14285714285714285,322,51,6984.120000000001,0.28,0.2857142857142857,0.5714285714285714,0.0,0.0,0,0,0.0,0.0,0,0,0.0,1958.08,1,0,0.0,48888.840000000004,7,1,0.14285714285714285,0
LGS2ORD0047216,C013576,2026-01-09 22:00:00,Male,57,Platinum,Web,Chonburi,454,Lazada,COD,22,1,4,0,>50,15.133333333333333,4.0,0.0,0.0,-1,69,3917.9875,0.35,0.25,0.75,0.0,0.0,0,0,0.0,0.0,0,0,0.0,1891.5,1,0,0.0,15671.95,4,0,0.0,0
LGS2ORD0047217,C012469,2026-01-09 22:00:00,Female,48,Silver,CallCenter,Bangkok,770,Lazada,Credit_Card,22,1,4,0,40-50,25.666666666666668,4.0,0.0,0.0,-1,36,10401.895,0.05,0.75,0.0,0.0,0.0,0,0,0.0,0.0,0,0,0.0,15435.87,2,0,0.0,41607.58,4,0,0.0,0
LGS2ORD0047218,C013805,2026-01-09 22:00:00,Male,56,Gold,Lazada,Chonburi,1223,TV_Show,Credit_Card,22,1,4,0,>50,40.766666666666666,10.0,1.0,0.1,84,89,3329.518,0.33,0.4,0.5,0.0,0.0,0,0,0.0,0.0,0,0,0.0,1134.65,1,0,0.0,33295.18,10,1,0.1,0
LGS2ORD0047219,C017954,2026-01-09 22:00:00,Female,26,Bronze,Lazada,Remote_Area,1629,TV_Show,Bank_Transfer,22,1,4,0,20-30,54.3,6.0,4.0,0.6666666666666666,33,41,6442.118333333333,0.28,0.5,0.3333333333333333,0.0,0.0,0,0,0.0,0.0,0,0,0.0,5225.75,1,1,1.0,32610.89,5,4,0.8,0
LGS2ORD0047220,C016918,2026-01-09 23:00:00,Male,51,Gold,Lazada,Nakhon Ratchasima,1574,CallCenter,Credit_Card,23,1,4,0,>50,52.46666666666667,11.0,1.0,0.09090909090909091,257,17,3280.3600000000006,0.33,0.45454545454545453,0.5454545454545454,0.0,0.0,0,0,0.0,1136.05,1,0,0.0,5870.62,3,0,0.0,36083.96000000001,11,1,0.09090909090909091,0
LGS2ORD0047221,C010520,2026-01-09 23:00:00,Female,31,Gold,TV,Nakhon Ratchasima,1607,Web,COD,23,1,4,0,30-40,53.56666666666667,5.0,0.0,0.0,-1,26,5052.04,0.33,0.6,0.6,0.0,0.0,0,0,0.0,918.52,1,0,0.0,918.52,1,0,0.0,25260.2,5,0,0.0,0
LGS2ORD0047222,C016737,2026-01-09 23:00:00,Female,44,Silver,Shopee,Khon Kaen,1427,Shopee,Bank_Transfer,23,1,4,0,40-50,47.56666666666667,3.0,1.0,0.3333333333333333,209,37,2188.1633333333334,0.25,0.6666666666666666,0.3333333333333333,0.0,0.0,0,0,0.0,0.0,0,0,0.0,249.73,1,0,0.0,6564.49,3,1,0.3333333333333333,0
LGS2ORD0047223,C017579,2026-01-09 23:00:00,Male,41,Bronze,CallCenter,Nakhon Ratchasima,1803,Shopee,PromptPay,23,1,4,0,40-50,60.1,9.0,3.0,0.3333333333333333,242,5,4716.181111111111,0.28,0.3333333333333333,0.3333333333333333,0.0,1401.29,1,0,0.0,1401.29,1,0,0.0,7671.62,3,0,0.0,22549.02,8,2,0.25,0
LGS2ORD0047224,C014328,2026-01-09 23:00:00,Male,39,Bronze,Web,Bangkok,1283,CallCenter,PromptPay,23,1,4,0,30-40,42.766666666666666,3.0,0.0,0.0,-1,3,3917.5,0.23,1.0,0.3333333333333333,0.0,2987.99,1,0,0.0,2987.99,1,0,0.0,8529.68,2,0,0.0,11752.5,3,0,0.0,0
LGS2ORD0047225,C015733,2026-01-10 00:00:00,Female,23,Silver,Lazada,Chiang Mai,796,TV_Show,COD,0,1,5,1,20-30,26.533333333333335,6.0,0.0,0.0,-1,47,3452.7783333333336,0.3,0.6666666666666666,0.16666666666666666,0.0,0.0,0,0,0.0,0.0,0,0,0.0,1935.27,1,0,0.0,20716.670000000002,6,0,0.0,0
LGS2ORD0047226,C012621,2026-01-10 00:00:00,Male,59,Gold,TV,Bangkok,577,Shopee,PromptPay,0,1,5,1,>50,19.233333333333334,5.0,0.0,0.0,-1,109,5325.424,0.33,0.6,0.4,0.0,0.0,0,0,0.0,0.0,0,0,0.0,0.0,0,0,0.0,26627.12,5,0,0.0,0
LGS2ORD0047227,C011621,2026-01-10 00:00:00,Female,42,Gold,Lazada,Bangkok,1141,Shopee,COD,0,1,5,1,40-50,38.03333333333333,7.0,2.0,0.2857142857142857,171,140,9998.51,0.28,0.5714285714285714,0.42857142857142855,0.0,0.0,0,0,0.0,0.0,0,0,0.0,0.0,0,0,0.0,69989.57,7,2,0.2857142857142857,0
LGS2ORD0047228,C012156,2026-01-10 00:00:00,Male,45,Bronze,TV,Chiang Mai,986,Shopee,COD,0,1,5,1,40-50,32.86666666666667,6.0,0.0,0.0,-1,50,10581.975,0.23,0.5,0.3333333333333333,0.0,0.0,0,0,0.0,0.0,0,0,0.0,2193.95,1,0,0.0,63491.85,6,0,0.0,1
LGS2ORD0047229,C015712,2026-01-10 00:00:00,Female,46,Silver,Web,Songkhla,799,Lazada,COD,0,1,5,1,40-50,26.633333333333333,7.0,1.0,0.14285714285714285,155,161,3851.9485714285715,0.3,1.0,0.42857142857142855,0.0,0.0,0,0,0.0,0.0,0,0,0.0,0.0,0,0,0.0,26963.64,7,1,0.14285714285714285,1
LGS2ORD0047230,C013174,2026-01-10 01:00:00,Female,40,Bronze,Web,Chiang Mai,1101,CallCenter,COD,1,1,5,1,30-40,36.7,5.0,1.0,0.2,185,39,3083.0199999999995,0.18,0.2,0.0,0.0,0.0,0,0,0.0,0.0,0,0,0.0,3144.33,1,0,0.0,15415.099999999999,5,1,0.2,1
LGS2ORD0047231,C016594,2026-01-10 01:00:00,Female,43,Bronze,Lazada,Nakhon Ratchasima,1666,Web,COD,1,1,5,1,40-50,55.53333333333333,9.0,1.0,0.1111111111111111,201,38,9057.172222222223,0.28,0.6666666666666666,0.3333333333333333,0.0,0.0,0,0,0.0,0.0,0,0,0.0,18838.98,2,0,0.0,73281.07999999999,8,1,0.125,0
LGS2ORD0047232,C011457,2026-01-10 01:00:00,Female,47,Silver,TV,Khon Kaen,486,Shopee,COD,1,1,5,1,40-50,16.2,10.0,0.0,0.0,-1,12,5373.806,0.3,0.8,0.2,0.0,0.0,0,0,0.0,7741.780000000001,2,0,0.0,12111.68,4,0,0.0,53738.06,10,0,0.0,0
LGS2ORD0047233,C010642,2026-01-10 01:00:00,Other,44,Gold,Shopee,Chonburi,1295,CallCenter,PromptPay,1,1,5,1,40-50,43.166666666666664,2.0,1.0,0.5,68,75,3431.83,0.2299999999999999,0.0,0.5,0.0,0.0,0,0,0.0,0.0,0,0,0.0,6006.05,1,1,1.0,6863.66,2,1,0.5,1
LGS2ORD0047234,C015575,2026-01-10 01:00:00,Female,58,Silver,TV,Bangkok,1674,Lazada,Credit_Card,1,1,5,1,>50,55.8,7.0,2.0,0.2857142857142857,318,188,5275.714285714285,0.25,0.42857142857142855,0.2857142857142857,0.0,0.0,0,0,0.0,0.0,0,0,0.0,0.0,0,0,0.0,36930.0,7,2,0.2857142857142857,0
LGS2ORD0047235,C017648,2026-01-10 01:00:00,Male,25,Platinum,Lazada,Nakhon Ratchasima,1446,Shopee,COD,1,1,5,1,20-30,48.2,9.0,2.0,0.2222222222222222,119,32,3040.2733333333326,0.35,0.5555555555555556,0.5555555555555556,0.0,0.0,0,0,0.0,0.0,0,0,0.0,11154.55,3,0,0.0,27362.459999999995,9,2,0.2222222222222222,0
LGS2ORD0047236,C013137,2026-01-10 02:00:00,Female,31,Gold,TV,Songkhla,810,TV_Show,Credit_Card,2,1,5,1,30-40,27.0,7.0,3.0,0.42857142857142855,21,34,4296.45,0.28,0.5714285714285714,0.2857142857142857,0.0,0.0,0,0,0.0,0.0,0,0,0.0,1724.46,2,1,0.5,30075.149999999998,7,3,0.42857142857142855,0
LGS2ORD0047237,C014703,2026-01-10 02:00:00,Female,41,Silver,TV,Nakhon Ratchasima,1806,CallCenter,COD,2,1,5,1,40-50,60.2,11.0,2.0,0.18181818181818182,63,6,6022.446363636364,0.3,0.45454545454545453,0.09090909090909091,0.0,5660.73,1,0,0.0,25295.460000000003,3,0,0.0,29002.81,4,1,0.25,66246.91,11,2,0.18181818181818182,0
LGS2ORD0047238,C011725,2026-01-10 02:00:00,Male,50,Bronze,TV,Chiang Mai,1259,TV_Show,PromptPay,2,1,5,1,40-50,41.96666666666667,3.0,0.0,0.0,-1,19,5577.73,0.18,0.6666666666666666,0.0,0.0,0.0,0,0,0.0,1898.93,1,0,0.0,1898.93,1,0,0.0,16733.19,3,0,0.0,0
LGS2ORD0047239,C010944,2026-01-10 02:00:00,Female,41,Bronze,Lazada,Khon Kaen,1266,Web,PromptPay,2,1,5,1,40-50,42.2,9.0,2.0,0.2222222222222222,165,51,2197.8388888888894,0.28,0.4444444444444444,0.2222222222222222,0.0,0.0,0,0,0.0,0.0,0,0,0.0,5963.88,3,0,0.0,19780.550000000003,9,2,0.2222222222222222,0
LGS2ORD0047240,C016809,2026-01-10 02:00:00,Female,72,Bronze,TV,Chonburi,943,TV_Show,COD,2,1,5,1,>50,31.433333333333334,6.0,2.0,0.3333333333333333,202,27,7909.038333333333,0.28,0.5,0.3333333333333333,0.0,0.0,0,0,0.0,748.45,1,0,0.0,748.45,1,0,0.0,47454.229999999996,6,2,0.3333333333333333,0
LGS2ORD0047241,C014992,2026-01-10 03:00:00,Other,48,Platinum,Web,Chiang Mai,1157,TV_Show,Credit_Card,3,1,5,1,40-50,38.56666666666667,6.0,0.0,0.0,-1,44,5478.108333333334,0.35,0.3333333333333333,0.5,0.0,0.0,0,0,0.0,0.0,0,0,0.0,10140.7,1,0,0.0,32868.65,6,0,0.0,0
LGS2ORD0047242,C010728,2026-01-10 03:00:00,Female,53,Gold,Shopee,Songkhla,1824,Shopee,Credit_Card,3,1,5,1,>50,60.8,7.0,0.0,0.0,-1,20,6053.501428571428,0.28,0.42857142857142855,0.42857142857142855,0.0,0.0,0,0,0.0,1243.13,1,0,0.0,1243.13,1,0,0.0,42374.509999999995,7,0,0.0,1
LGS2ORD0047243,C011646,2026-01-10 03:00:00,Male,54,Bronze,TV,Phuket,1228,TV_Show,PromptPay,3,1,5,1,>50,40.93333333333333,6.0,2.0,0.3333333333333333,97,110,11424.871666666666,0.28,0.6666666666666666,0.5,0.0,0.0,0,0,0.0,0.0,0,0,0.0,0.0,0,0,0.0,68549.23,6,2,0.3333333333333333,0
LGS2ORD0047244,C012567,2026-01-10 03:00:00,Male,18,Bronze,Lazada,Bangkok,877,Web,Credit_Card,3,1,5,1,<20,29.233333333333334,3.0,0.0,0.0,-1,47,5163.536666666666,0.23,0.3333333333333333,0.3333333333333333,0.0,0.0,0,0,0.0,0.0,0,0,0.0,6289.9,1,0,0.0,15490.609999999999,3,0,0.0,1
LGS2ORD0047245,C010846,2026-01-10 03:00:00,Male,60,Bronze,Shopee,Songkhla,1260,TV_Show,PromptPay,3,1,5,1,>50,42.0,10.0,2.0,0.2,94,60,5897.617000000001,0.28,0.7,0.2,0.0,0.0,0,0,0.0,0.0,0,0,0.0,8678.45,1,0,0.0,58976.17000000001,10,2,0.2,0
LGS2ORD0047246,C012397,2026-01-10 04:00:00,Male,49,Bronze,TV,Nakhon Ratchasima,1503,Shopee,COD,4,1,5,1,40-50,50.1,9.0,1.0,0.1111111111111111,304,32,5687.937777777778,0.23,0.6666666666666666,0.2222222222222222,0.0,0.0,0,0,0.0,0.0,0,0,0.0,19285.97,4,0,0.0,51191.44,9,1,0.1111111111111111,0
LGS2ORD0047247,C016013,2026-01-10 04:00:00,Male,55,Bronze,Lazada,Khon Kaen,619,Web,COD,4,1,5,1,>50,20.633333333333333,6.0,0.0,0.0,-1,48,7251.696666666667,0.28,0.6666666666666666,0.16666666666666666,0.0,0.0,0,0,0.0,0.0,0,0,0.0,19013.27,2,0,0.0,43510.18,6,0,0.0,0
LGS2ORD0047248,C015356,2026-01-10 04:00:00,Female,37,Bronze,Lazada,Phuket,1665,TV_Show,Credit_Card,4,1,5,1,30-40,55.5,3.0,1.0,0.3333333333333333,181,190,2648.5866666666666,0.13,0.6666666666666666,0.0,0.0,0.0,0,0,0.0,0.0,0,0,0.0,0.0,0,0,0.0,7945.76,3,1,0.3333333333333333,0
LGS2ORD0047249,C011669,2026-01-10 04:00:00,Male,35,Bronze,Lazada,Remote_Area,636,Lazada,Credit_Card,4,1,5,1,30-40,21.2,7.0,0.0,0.0,-1,55,10455.334285714285,0.18,0.42857142857142855,0.0,0.0,0.0,0,0,0.0,0.0,0,0,0.0,23377.67,2,0,0.0,71982.86,6,0,0.0,0
LGS2ORD0047250,C012323,2026-01-10 04:00:00,Female,37,Gold,TV,Chonburi,1576,Web,COD,4,1,5,1,30-40,52.53333333333333,3.0,1.0,0.3333333333333333,0,4,1797.506666666667,0.28,0.3333333333333333,0.6666666666666666,0.0,447.93,1,0,0.0,4111.51,2,1,0.5,5392.52,3,1,0.3333333333333333,5392.52,3,1,0.3333333333333333,0
LGS2ORD0047251,C011643,2026-01-10 05:00:00,Female,39,Platinum,Shopee,Bangkok,965,TV_Show,COD,5,1,5,1,30-40,32.166666666666664,5.0,0.0,0.0,-1,34,4354.602000000001,0.3,0.0,0.4,0.0,0.0,0,0,0.0,0.0,0,0,0.0,2080.67,1,0,0.0,21773.010000000002,5,0,0.0,0
LGS2ORD0047252,C013209,2026-01-10 05:00:00,Female,47,Silver,CallCenter,Nakhon Ratchasima,1384,Web,COD,5,1,5,1,40-50,46.13333333333333,9.0,1.0,0.1111111111111111,19,3,8023.7155555555555,0.3,0.5555555555555556,0.3333333333333333,0.0,10698.34,1,0,0.0,29951.35,3,1,0.3333333333333333,58407.09999999999,6,1,0.16666666666666666,72213.44,9,1,0.1111111111111111,0
LGS2ORD0047253,C015121,2026-01-10 05:00:00,Male,40,Silver,CallCenter,Bangkok,1819,Shopee,PromptPay,5,1,5,1,30-40,60.63333333333333,5.0,3.0,0.6,26,34,3783.8,0.3,0.6,0.8,0.0,0.0,0,0,0.0,0.0,0,0,0.0,13608.09,2,1,0.5,18919.0,5,3,0.6,0
LGS2ORD0047254,C010663,2026-01-10 05:00:00,Male,32,Bronze,TV,Songkhla,1371,Shopee,Credit_Card,5,1,5,1,30-40,45.7,14.0,5.0,0.35714285714285715,59,23,2729.883571428571,0.28,0.6428571428571429,0.42857142857142855,0.0,0.0,0,0,0.0,6541.25,1,0,0.0,8160.76,3,1,0.3333333333333333,38218.369999999995,14,5,0.35714285714285715,1
LGS2ORD0047255,C013518,2026-01-10 05:00:00,Male,31,Platinum,CallCenter,Chiang Mai,977,Web,PromptPay,5,1,5,1,30-40,32.56666666666667,3.0,0.0,0.0,-1,88,3034.0400000000004,0.3,0.6666666666666666,0.6666666666666666,0.0,0.0,0,0,0.0,0.0,0,0,0.0,1129.98,1,0,0.0,9102.12,3,0,0.0,0
LGS2ORD0047256,C015827,2026-01-10 05:00:00,Female,32,Bronze,TV,Chiang Mai,1003,Web,PromptPay,5,1,5,1,30-40,33.43333333333333,10.0,1.0,0.1,89,46,6952.670000000001,0.23,0.4,0.2,0.0,0.0,0,0,0.0,0.0,0,0,0.0,12709.68,2,0,0.0,61558.659999999996,9,1,0.1111111111111111,0
LGS2ORD0047257,C017500,2026-01-10 06:00:00,Female,62,Bronze,TV,Bangkok,936,TV_Show,PromptPay,6,1,5,1,>50,31.2,6.0,0.0,0.0,-1,18,4978.451666666667,0.28,0.6666666666666666,0.3333333333333333,0.0,0.0,0,0,0.0,1502.11,1,0,0.0,3009.68,2,0,0.0,29870.710000000003,6,0,0.0,1
LGS2ORD0047258,C010523,2026-01-10 06:00:00,Female,25,Silver,Web,Phuket,1389,Web,COD,6,1,5,1,20-30,46.3,6.0,3.0,0.5,103,114,4171.080000000001,0.3,0.3333333333333333,0.3333333333333333,0.0,0.0,0,0,0.0,0.0,0,0,0.0,0.0,0,0,0.0,25026.480000000003,6,3,0.5,0
LGS2ORD0047259,C014869,2026-01-10 06:00:00,Female,50,Bronze,Lazada,Chonburi,489,TV_Show,COD,6,1,5,1,40-50,16.3,7.0,1.0,0.14285714285714285,310,17,3076.858571428572,0.18,0.5714285714285714,0.0,0.0,0.0,0,0,0.0,2927.54,1,0,0.0,2927.54,1,0,0.0,14499.21,6,1,0.16666666666666666,0
LGS2ORD0047260,C013000,2026-01-10 06:00:00,Female,43,Silver,TV,Chiang Mai,1539,Shopee,PromptPay,6,1,5,1,40-50,51.3,7.0,1.0,0.14285714285714285,235,33,3885.472857142857,0.2,0.14285714285714285,0.0,0.0,0.0,0,0,0.0,0.0,0,0,0.0,4191.74,1,0,0.0,27198.309999999998,7,1,0.14285714285714285,1
LGS2ORD0047261,C017223,2026-01-10 06:00:00,Female,43,Bronze,Lazada,Nakhon Ratchasima,766,Web,Bank_Transfer,6,1,5,1,40-50,25.533333333333335,6.0,1.0,0.16666666666666666,225,1,7558.036666666666,0.18,0.6666666666666666,0.0,0.0,4432.03,1,0,0.0,4432.03,1,0,0.0,5734.16,2,0,0.0,45348.219999999994,6,1,0.16666666666666666,0
LGS2ORD0047262,C016482,2026-01-10 07:00:00,Female,70,Bronze,CallCenter,Chonburi,1213,Lazada,COD,7,1,5,1,>50,40.43333333333333,8.0,0.0,0.0,-1,22,5037.44625,0.28,0.5,0.625,0.0,0.0,0,0,0.0,1584.66,1,0,0.0,1584.66,1,0,0.0,40299.57,8,0,0.0,0
LGS2ORD0047263,C016789,2026-01-10 07:00:00,Other,35,Gold,Shopee,Chonburi,1300,TV_Show,Credit_Card,7,1,5,1,30-40,43.333333333333336,4.0,0.0,0.0,-1,39,6320.8725,0.13,0.25,0.0,0.0,0.0,0,0,0.0,0.0,0,0,0.0,5176.77,1,0,0.0,25283.49,4,0,0.0,0
LGS2ORD0047264,C012345,2026-01-10 07:00:00,Male,41,Gold,TV,Khon Kaen,926,Lazada,PromptPay,7,1,5,1,40-50,30.866666666666667,6.0,1.0,0.16666666666666666,39,49,12413.210000000001,0.33,0.8333333333333334,0.5,0.0,0.0,0,0,0.0,0.0,0,0,0.0,215.35,1,1,1.0,74479.26000000001,6,1,0.16666666666666666,1
LGS2ORD0047265,C012861,2026-01-10 07:00:00,Female,26,Silver,TV,Songkhla,655,Shopee,COD,7,1,5,1,20-30,21.833333333333332,7.0,2.0,0.2857142857142857,145,2,8334.15857142857,0.3,0.2857142857142857,0.14285714285714285,0.0,9313.71,1,0,0.0,9313.71,1,0,0.0,43967.99,5,0,0.0,58339.10999999999,7,2,0.2857142857142857,1
LGS2ORD0047266,C016971,2026-01-10 07:00:00,Male,46,Bronze,TV,Songkhla,751,CallCenter,COD,7,1,5,1,40-50,25.033333333333335,5.0,1.0,0.2,99,22,2736.4139999999998,0.23,0.6,0.6,0.0,0.0,0,0,0.0,288.21,1,0,0.0,2769.53,2,0,0.0,13682.07,5,1,0.2,0
LGS2ORD0047267,C011030,2026-01-10 08:00:00,Female,28,Silver,Web,Bangkok,1835,Shopee,PromptPay,8,1,5,1,20-30,61.166666666666664,2.0,0.0,0.0,-1,27,2508.1400000000003,0.15,0.0,0.0,0.0,0.0,0,0,0.0,3961.63,1,0,0.0,3961.63,1,0,0.0,3961.63,1,0,0.0,0
LGS2ORD0047268,C017384,2026-01-10 08:00:00,Male,41,Silver,Shopee,Bangkok,1571,TV_Show,Credit_Card,8,1,5,1,40-50,52.36666666666667,5.0,1.0,0.2,206,25,5822.476,0.2,0.4,0.0,0.0,0.0,0,0,0.0,8554.56,1,0,0.0,8554.56,1,0,0.0,29112.379999999997,5,1,0.2,0
LGS2ORD0047269,C016754,2026-01-10 08:00:00,Female,38,Silver,Lazada,Bangkok,1520,TV_Show,Bank_Transfer,8,1,5,1,30-40,50.666666666666664,11.0,1.0,0.09090909090909091,226,15,3457.448181818181,0.25,0.2727272727272727,0.2727272727272727,0.0,0.0,0,0,0.0,6982.02,2,0,0.0,6982.02,2,0,0.0,34987.06999999999,10,1,0.1,0
LGS2ORD0047270,C016391,2026-01-10 08:00:00,Male,37,Bronze,CallCenter,Bangkok,566,Lazada,PromptPay,8,1,5,1,30-40,18.866666666666667,15.0,3.0,0.2,31,20,2730.712,0.28,0.5333333333333333,0.2,0.0,0.0,0,0,0.0,6104.64,1,0,0.0,18203.91,4,1,0.25,40007.31,14,3,0.21428571428571427,0
LGS2ORD0047271,C010157,2026-01-10 08:00:00,Female,47,Silver,Lazada,Khon Kaen,1141,TV_Show,Credit_Card,8,1,5,1,40-50,38.03333333333333,8.0,2.0,0.25,52,63,4340.98375,0.3,0.5,0.375,0.0,0.0,0,0,0.0,0.0,0,0,0.0,5869.05,1,1,1.0,34727.87,8,2,0.25,0
LGS2ORD0047272,C012953,2026-01-10 09:00:00,Male,54,Bronze,TV,Nakhon Ratchasima,1279,Shopee,Credit_Card,9,1,5,1,>50,42.63333333333333,6.0,0.0,0.0,-1,8,6094.438333333334,0.23,0.6666666666666666,0.16666666666666666,0.0,0.0,0,0,0.0,8646.810000000001,2,0,0.0,12359.58,4,0,0.0,36566.630000000005,6,0,0.0,1
LGS2ORD0047273,C014289,2026-01-10 09:00:00,Male,28,Gold,Lazada,Bangkok,1178,Shopee,COD,9,1,5,1,20-30,39.266666666666666,5.0,0.0,0.0,-1,4,6215.062,0.2299999999999999,0.2,0.6,0.0,1421.25,1,0,0.0,1421.25,1,0,0.0,1421.25,1,0,0.0,31075.309999999998,5,0,0.0,0
LGS2ORD0047274,C010482,2026-01-10 09:00:00,Female,58,Bronze,CallCenter,Bangkok,1170,Shopee,COD,9,1,5,1,>50,39.0,6.0,1.0,0.16666666666666666,358,171,5130.165,0.28,0.6666666666666666,0.3333333333333333,0.0,0.0,0,0,0.0,0.0,0,0,0.0,0.0,0,0,0.0,30044.879999999997,5,0,0.0,0
LGS2ORD0047275,C011764,2026-01-10 09:00:00,Female,66,Bronze,TV,Remote_Area,1785,Web,PromptPay,9,1,5,1,>50,59.5,5.0,3.0,0.6,64,74,2469.018,0.28,0.6,0.4,0.0,0.0,0,0,0.0,0.0,0,0,0.0,408.77,1,1,1.0,12345.09,5,3,0.6,0
LGS2ORD0047276,C012661,2026-01-10 09:00:00,Female,40,Bronze,Shopee,Bangkok,1182,Shopee,COD,9,1,5,1,30-40,39.4,6.0,2.0,0.3333333333333333,61,72,4222.089999999999,0.28,1.0,0.3333333333333333,0.0,0.0,0,0,0.0,0.0,0,0,0.0,3270.7,1,1,1.0,25332.539999999997,6,2,0.3333333333333333,0
LGS2ORD0047277,C012646,2026-01-10 09:00:00,Female,61,Silver,Lazada,Phuket,1062,Lazada,PromptPay,9,1,5,1,>50,35.4,5.0,2.0,0.4,89,3,3817.874,0.25,0.6,0.4,0.0,1670.32,1,0,0.0,1670.32,1,0,0.0,1670.32,1,0,0.0,19089.37,5,2,0.4,0
LGS2ORD0047278,C016898,2026-01-10 10:00:00,Female,49,Bronze,Shopee,Phuket,1641,CallCenter,PromptPay,10,1,5,1,40-50,54.7,16.0,4.0,0.25,125,45,6922.055,0.28,0.375,0.25,0.0,0.0,0,0,0.0,0.0,0,0,0.0,4233.39,1,0,0.0,105153.31,15,4,0.26666666666666666,1
LGS2ORD0047279,C015064,2026-01-10 10:00:00,Female,46,Bronze,TV,Remote_Area,1049,TV_Show,COD,10,1,5,1,40-50,34.96666666666667,10.0,4.0,0.4,100,103,4211.174,0.28,0.6,0.4,0.0,0.0,0,0,0.0,0.0,0,0,0.0,0.0,0,0,0.0,42111.74,10,4,0.4,1
LGS2ORD0047280,C014909,2026-01-10 10:00:00,Female,44,Bronze,Shopee,Phuket,627,Shopee,Credit_Card,10,1,5,1,40-50,20.9,8.0,1.0,0.125,178,110,6765.61,0.28,0.375,0.25,0.0,0.0,0,0,0.0,0.0,0,0,0.0,0.0,0,0,0.0,54124.88,8,1,0.125,0
LGS2ORD0047281,C016922,2026-01-10 10:00:00,Male,47,Gold,Shopee,Bangkok,559,Web,COD,10,1,5,1,40-50,18.633333333333333,6.0,1.0,0.16666666666666666,244,49,3530.7666666666664,0.33,0.3333333333333333,0.5,0.0,0.0,0,0,0.0,0.0,0,0,0.0,3311.21,1,0,0.0,21184.6,6,1,0.16666666666666666,0
LGS2ORD0047282,C013536,2026-01-10 10:00:00,Female,52,Silver,Web,Bangkok,1106,Shopee,Credit_Card,10,1,5,1,>50,36.86666666666667,6.0,1.0,0.16666666666666666,129,37,3462.1666666666665,0.3,0.5,0.3333333333333333,0.0,0.0,0,0,0.0,0.0,0,0,0.0,1778.86,1,0,0.0,20773.0,6,1,0.16666666666666666,0
LGS2ORD0047283,C012558,2026-01-10 11:00:00,Male,39,Bronze,Lazada,Songkhla,1566,Web,COD,11,1,5,1,30-40,52.2,7.0,2.0,0.2857142857142857,186,39,6405.84142857143,0.23,0.42857142857142855,0.2857142857142857,0.0,0.0,0,0,0.0,0.0,0,0,0.0,3184.19,2,0,0.0,40304.72,6,2,0.3333333333333333,1
LGS2ORD0047284,C016155,2026-01-10 11:00:00,Female,54,Bronze,TV,Chiang Mai,1430,TV_Show,COD,11,1,5,1,>50,47.666666666666664,6.0,0.0,0.0,-1,18,6099.308333333333,0.28,0.6666666666666666,0.3333333333333333,0.0,0.0,0,0,0.0,7755.55,1,0,0.0,7755.55,1,0,0.0,36595.85,6,0,0.0,0
LGS2ORD0047285,C011001,2026-01-10 11:00:00,Male,57,Silver,TV,Nakhon Ratchasima,1512,Web,COD,11,1,5,1,>50,50.4,8.0,2.0,0.25,20,29,6793.7075,0.25,0.375,0.125,0.0,0.0,0,0,0.0,1794.68,1,1,1.0,10176.710000000001,2,1,0.5,54349.66,8,2,0.25,1
LGS2ORD0047286,C013153,2026-01-10 11:00:00,Female,49,Silver,Web,Phuket,1382,Shopee,Credit_Card,11,1,5,1,40-50,46.06666666666667,4.0,1.0,0.25,260,12,8875.537499999999,0.3,1.0,0.75,0.0,0.0,0,0,0.0,1484.27,1,0,0.0,3240.83,2,0,0.0,35502.149999999994,4,1,0.25,0
LGS2ORD0047287,C017348,2026-01-10 11:00:00,Male,27,Bronze,TV,Phuket,1724,TV_Show,Credit_Card,11,1,5,1,20-30,57.46666666666667,7.0,2.0,0.2857142857142857,-3,7,9623.115714285714,0.23,0.7142857142857143,0.14285714285714285,0.0,0.0,0,0,0.0,1457.78,1,1,1.0,4043.0199999999995,2,1,0.5,12743.59,5,2,0.4,0
LGS2ORD0047288,C013855,2026-01-10 12:00:00,Male,33,Bronze,Web,Bangkok,1427,Lazada,Credit_Card,12,1,5,1,30-40,47.56666666666667,3.0,0.0,0.0,-1,23,1379.7333333333333,0.28,0.3333333333333333,0.6666666666666666,0.0,0.0,0,0,0.0,864.66,1,0,0.0,864.66,1,0,0.0,4139.2,3,0,0.0,0
LGS2ORD0047289,C015329,2026-01-10 12:00:00,Male,52,Bronze,Shopee,Phuket,675,TV_Show,COD,12,1,5,1,>50,22.5,6.0,3.0,0.5,221,213,4793.355,0.18,0.5,0.0,0.0,0.0,0,0,0.0,0.0,0,0,0.0,0.0,0,0,0.0,28760.129999999997,6,3,0.5,0
LGS2ORD0047290,C013492,2026-01-10 12:00:00,Female,51,Silver,Web,Nakhon Ratchasima,1297,Shopee,PromptPay,12,1,5,1,>50,43.233333333333334,6.0,1.0,0.16666666666666666,130,3,6556.471666666665,0.25,0.5,0.5,0.0,4003.27,1,0,0.0,5915.62,2,0,0.0,8321.82,3,0,0.0,39338.829999999994,6,1,0.16666666666666666,0
LGS2ORD0047291,C016589,2026-01-10 12:00:00,Female,38,Gold,Shopee,Bangkok,1426,CallCenter,PromptPay,12,1,5,1,30-40,47.53333333333333,3.0,0.0,0.0,-1,56,4239.93,0.13,0.0,0.0,0.0,0.0,0,0,0.0,0.0,0,0,0.0,1632.96,1,0,0.0,12719.79,3,0,0.0,1
LGS2ORD0047292,C014423,2026-01-10 12:00:00,Female,50,Gold,Lazada,Bangkok,1640,CallCenter,COD,12,1,5,1,40-50,54.666666666666664,5.0,2.0,0.4,64,75,7114.456000000001,0.2299999999999999,0.2,0.2,0.0,0.0,0,0,0.0,0.0,0,0,0.0,465.41,1,1,1.0,35572.280000000006,5,2,0.4,0
LGS2ORD0047293,C010428,2026-01-10 12:00:00,Female,23,Silver,Lazada,Bangkok,1422,Web,COD,12,1,5,1,20-30,47.4,7.0,1.0,0.14285714285714285,228,9,3443.4557142857143,0.3,0.7142857142857143,0.14285714285714285,0.0,0.0,0,0,0.0,7274.55,1,0,0.0,8028.38,2,0,0.0,24104.19,7,1,0.14285714285714285,1
LGS2ORD0047294,C012949,2026-01-10 13:00:00,Female,42,Bronze,TV,Nakhon Ratchasima,472,CallCenter,COD,13,1,5,1,40-50,15.733333333333333,10.0,3.0,0.3,156,51,7504.778,0.28,0.8,0.4,0.0,0.0,0,0,0.0,0.0,0,0,0.0,22172.28,2,0,0.0,75047.78,10,3,0.3,1
LGS2ORD0047295,C011832,2026-01-10 13:00:00,Female,33,Silver,CallCenter,Songkhla,1484,TV_Show,COD,13,1,5,1,30-40,49.46666666666667,6.0,4.0,0.6666666666666666,87,47,2154.995,0.25,0.8333333333333334,0.16666666666666666,0.0,0.0,0,0,0.0,0.0,0,0,0.0,1346.14,1,0,0.0,12929.97,6,4,0.6666666666666666,1
LGS2ORD0047296,C014113,2026-01-10 13:00:00,Female,47,Silver,CallCenter,Khon Kaen,1575,CallCenter,COD,13,1,5,1,40-50,52.5,3.0,1.0,0.3333333333333333,80,84,10594.956666666667,0.25,0.3333333333333333,0.3333333333333333,0.0,0.0,0,0,0.0,0.0,0,0,0.0,5020.66,1,1,1.0,31784.87,3,1,0.3333333333333333,0
LGS2ORD0047297,C016918,2026-01-10 13:00:00,Male,51,Gold,Lazada,Nakhon Ratchasima,1575,Lazada,COD,13,1,5,1,>50,52.5,12.0,1.0,0.08333333333333333,257,0,3101.1058333333335,0.33,0.4166666666666667,0.5833333333333334,0.0,1129.31,1,0,0.0,2265.3599999999997,2,0,0.0,6999.93,4,0,0.0,37213.270000000004,12,1,0.08333333333333333,0
LGS2ORD0047298,C015835,2026-01-10 13:00:00,Other,46,Silver,Web,Chonburi,1272,TV_Show,PromptPay,13,1,5,1,40-50,42.4,9.0,3.0,0.3333333333333333,100,107,5225.08,0.3,0.5555555555555556,0.2222222222222222,0.0,0.0,0,0,0.0,0.0,0,0,0.0,0.0,0,0,0.0,47025.72,9,3,0.3333333333333333,0
LGS2ORD0047299,C010413,2026-01-10 14:00:00,Female,28,Gold,Shopee,Bangkok,1332,TV_Show,Credit_Card,14,1,5,1,20-30,44.4,4.0,0.0,0.0,-1,11,5360.387500000001,0.2299999999999999,0.0,0.25,0.0,0.0,0,0,0.0,570.63,1,0,0.0,570.63,1,0,0.0,21441.550000000003,4,0,0.0,1
LGS2ORD0047300,C011569,2026-01-10 14:00:00,Male,34,Bronze,TV,Remote_Area,901,Web,PromptPay,14,1,5,1,30-40,30.033333333333335,11.0,4.0,0.36363636363636365,143,63,3198.3863636363635,0.28,0.7272727272727273,0.18181818181818182,0.0,0.0,0,0,0.0,0.0,0,0,0.0,3084.0699999999997,2,0,0.0,35182.25,11,4,0.36363636363636365,0
LGS2ORD0047301,C016693,2026-01-10 14:00:00,Male,45,Platinum,Lazada,Bangkok,1754,TV_Show,COD,14,1,5,1,40-50,58.46666666666667,7.0,1.0,0.14285714285714285,122,129,3363.3442857142863,0.3,0.2857142857142857,0.42857142857142855,0.0,0.0,0,0,0.0,0.0,0,0,0.0,0.0,0,0,0.0,23543.410000000003,7,1,0.14285714285714285,0
LGS2ORD0047302,C017302,2026-01-10 14:00:00,Female,18,Silver,CallCenter,Phuket,712,Lazada,Credit_Card,14,1,5,1,<20,23.733333333333334,6.0,2.0,0.3333333333333333,0,10,6759.268333333333,0.3,0.6666666666666666,0.16666666666666666,0.0,0.0,0,0,0.0,1686.38,1,1,1.0,8573.59,2,1,0.5,40555.61,6,2,0.3333333333333333,0
LGS2ORD0047303,C010852,2026-01-10 14:00:00,Male,49,Gold,Web,Chiang Mai,1634,Lazada,COD,14,1,5,1,40-50,54.46666666666667,7.0,1.0,0.14285714285714285,4,4,4335.281428571429,0.28,0.5714285714285714,0.14285714285714285,0.0,499.06,1,0,0.0,1384.42,2,1,0.5,1384.42,2,1,0.5,30346.970000000005,7,1,0.14285714285714285,0
LGS2ORD0047304,C015894,2026-01-10 15:00:00,Male,41,Bronze,TV,Remote_Area,1339,TV_Show,PromptPay,15,1,5,1,40-50,44.63333333333333,8.0,4.0,0.5,95,30,5727.41625,0.28,0.625,0.125,0.0,0.0,0,0,0.0,0.0,0,0,0.0,20387.95,1,0,0.0,45819.33,8,4,0.5,0
LGS2ORD0047305,C015606,2026-01-10 15:00:00,Male,37,Silver,Shopee,Remote_Area,929,TV_Show,COD,15,1,5,1,30-40,30.966666666666665,5.0,0.0,0.0,-1,17,5822.048,0.3,0.6,0.2,0.0,0.0,0,0,0.0,1160.53,1,0,0.0,1160.53,1,0,0.0,29110.239999999998,5,0,0.0,0
LGS2ORD0047306,C012670,2026-01-10 15:00:00,Male,34,Bronze,TV,Chonburi,574,Shopee,COD,15,1,5,1,30-40,19.133333333333333,8.0,4.0,0.5,1,6,2927.40125,0.28,0.75,0.375,0.0,1451.88,1,1,1.0,3664.09,2,2,1.0,3664.09,2,2,1.0,23419.21,8,4,0.5,0
LGS2ORD0047307,C014620,2026-01-10 15:00:00,Female,39,Silver,Shopee,Remote_Area,1375,TV_Show,COD,15,1,5,1,30-40,45.833333333333336,6.0,2.0,0.3333333333333333,50,58,2801.155,0.3,0.5,0.3333333333333333,0.0,0.0,0,0,0.0,0.0,0,0,0.0,5100.41,3,1,0.3333333333333333,16806.93,6,2,0.3333333333333333,1
LGS2ORD0047308,C012958,2026-01-10 15:00:00,Male,40,Silver,Lazada,Bangkok,1718,TV_Show,Bank_Transfer,15,1,5,1,30-40,57.266666666666666,9.0,2.0,0.2222222222222222,163,73,3192.511111111111,0.3,0.5555555555555556,0.2222222222222222,0.0,0.0,0,0,0.0,0.0,0,0,0.0,1878.15,1,0,0.0,26413.23,8,2,0.25,0
LGS2ORD0047309,C017303,2026-01-10 16:00:00,Female,72,Bronze,Shopee,Nakhon Ratchasima,872,TV_Show,COD,16,1,5,1,>50,29.066666666666666,5.0,1.0,0.2,1,13,8831.420000000002,0.23,0.2,0.2,0.0,0.0,0,0,0.0,4665.52,1,1,1.0,4665.52,1,1,1.0,44157.100000000006,5,1,0.2,0
LGS2ORD0047310,C013526,2026-01-10 16:00:00,Male,39,Gold,CallCenter,Bangkok,446,Shopee,COD,16,1,5,1,30-40,14.866666666666667,9.0,2.0,0.2222222222222222,210,39,2985.0511111111114,0.28,0.3333333333333333,0.4444444444444444,0.0,0.0,0,0,0.0,0.0,0,0,0.0,13684.11,4,0,0.0,26865.460000000003,9,2,0.2222222222222222,1
LGS2ORD0047311,C016149,2026-01-10 16:00:00,Other,61,Gold,TV,Bangkok,958,Web,Bank_Transfer,16,1,5,1,>50,31.933333333333334,7.0,0.0,0.0,-1,74,5736.184285714285,0.33,0.42857142857142855,0.42857142857142855,0.0,0.0,0,0,0.0,0.0,0,0,0.0,5108.19,2,0,0.0,40153.28999999999,7,0,0.0,1
LGS2ORD0047312,C015869,2026-01-10 16:00:00,Female,56,Bronze,Lazada,Phuket,1560,Lazada,PromptPay,16,1,5,1,>50,52.0,8.0,4.0,0.5,101,14,9103.515,0.28,0.25,0.125,0.0,0.0,0,0,0.0,36307.4,2,0,0.0,38131.01,3,0,0.0,72828.12,8,4,0.5,0
LGS2ORD0047313,C017183,2026-01-10 16:00:00,Male,53,Bronze,Web,Chiang Mai,1247,Lazada,Credit_Card,16,1,5,1,>50,41.56666666666667,4.0,1.0,0.25,262,45,5678.6675,0.23,0.75,0.5,0.0,0.0,0,0,0.0,0.0,0,0,0.0,19347.95,3,0,0.0,22714.67,4,1,0.25,0
LGS2ORD0047314,C016429,2026-01-10 16:00:00,Female,43,Bronze,TV,Chiang Mai,1051,Web,COD,16,1,5,1,40-50,35.03333333333333,5.0,2.0,0.4,247,60,12257.578,0.18,0.6,0.0,0.0,0.0,0,0,0.0,0.0,0,0,0.0,2182.28,1,0,0.0,61287.89,5,2,0.4,0
LGS2ORD0047315,C014378,2026-01-10 17:00:00,Male,47,Bronze,Lazada,Chiang Mai,888,Lazada,COD,17,1,5,1,40-50,29.6,7.0,1.0,0.14285714285714285,95,21,7042.262857142857,0.23,0.7142857142857143,0.14285714285714285,0.0,0.0,0,0,0.0,27283.01,1,0,0.0,27283.01,1,0,0.0,49295.84,7,1,0.14285714285714285,0
LGS2ORD0047316,C016841,2026-01-10 17:00:00,Male,42,Gold,TV,Remote_Area,1573,Shopee,COD,17,1,5,1,40-50,52.43333333333333,6.0,2.0,0.3333333333333333,154,137,1726.1716666666669,0.33,0.16666666666666666,0.5,0.0,0.0,0,0,0.0,0.0,0,0,0.0,0.0,0,0,0.0,10357.03,6,2,0.3333333333333333,0
LGS2ORD0047317,C013136,2026-01-10 17:00:00,Female,50,Bronze,CallCenter,Bangkok,616,CallCenter,COD,17,1,5,1,40-50,20.533333333333335,6.0,0.0,0.0,-1,12,1632.6366666666665,0.23,0.16666666666666666,0.16666666666666666,0.0,0.0,0,0,0.0,1654.33,2,0,0.0,1654.33,2,0,0.0,7905.19,5,0,0.0,0
LGS2ORD0047318,C017856,2026-01-10 17:00:00,Female,48,Bronze,Web,Bangkok,596,CallCenter,COD,17,1,5,1,40-50,19.866666666666667,10.0,4.0,0.4,31,12,4631.357000000001,0.28,0.6,0.4,0.0,0.0,0,0,0.0,19283.47,1,0,0.0,27734.760000000002,5,2,0.4,46313.57000000001,10,4,0.4,1
LGS2ORD0047319,C012877,2026-01-10 17:00:00,Male,31,Silver,Shopee,Phuket,477,Web,COD,17,1,5,1,30-40,15.9,7.0,1.0,0.14285714285714285,170,71,2521.808571428571,0.3,0.42857142857142855,0.42857142857142855,0.0,0.0,0,0,0.0,0.0,0,0,0.0,11698.83,2,0,0.0,17652.66,7,1,0.14285714285714285,0
LGS2ORD0047320,C016087,2026-01-10 18:00:00,Female,44,Bronze,Lazada,Songkhla,974,TV_Show,Credit_Card,18,1,5,1,40-50,32.46666666666667,9.0,0.0,0.0,-1,72,3254.228888888889,0.28,0.2222222222222222,0.2222222222222222,0.0,0.0,0,0,0.0,0.0,0,0,0.0,2352.82,1,0,0.0,28094.56,8,0,0.0,0
LGS2ORD0047321,C010340,2026-01-10 18:00:00,Male,53,Platinum,Shopee,Khon Kaen,1565,TV_Show,Credit_Card,18,1,5,1,>50,52.166666666666664,12.0,1.0,0.08333333333333333,296,37,2123.7500000000005,0.3,0.75,0.3333333333333333,0.0,0.0,0,0,0.0,0.0,0,0,0.0,5100.11,1,0,0.0,25485.000000000004,12,1,0.08333333333333333,0
LGS2ORD0047322,C014786,2026-01-10 18:00:00,Male,32,Bronze,TV,Remote_Area,1074,TV_Show,COD,18,1,5,1,30-40,35.8,10.0,4.0,0.4,87,74,5720.379999999999,0.23,0.7,0.2,0.0,0.0,0,0,0.0,0.0,0,0,0.0,3731.17,1,0,0.0,57203.799999999996,10,4,0.4,0
LGS2ORD0047323,C015108,2026-01-10 18:00:00,Male,30,Bronze,Lazada,Nakhon Ratchasima,906,Web,COD,18,1,5,1,20-30,30.2,11.0,5.0,0.45454545454545453,12,26,7417.94,0.18,0.36363636363636365,0.0,0.0,0.0,0,0,0.0,12632.6,1,1,1.0,19207.63,3,2,0.6666666666666666,81597.34,11,5,0.45454545454545453,0
LGS2ORD0047324,C015791,2026-01-10 18:00:00,Male,60,Bronze,CallCenter,Bangkok,746,Web,Credit_Card,18,1,5,1,>50,24.866666666666667,3.0,1.0,0.3333333333333333,199,77,2444.016666666667,0.23,0.6666666666666666,0.3333333333333333,0.0,0.0,0,0,0.0,0.0,0,0,0.0,3983.59,1,0,0.0,7332.05,3,1,0.3333333333333333,0
LGS2ORD0047325,C016490,2026-01-10 19:00:00,Female,33,Bronze,Web,Nakhon Ratchasima,733,Lazada,Bank_Transfer,19,1,5,1,30-40,24.433333333333334,5.0,0.0,0.0,-1,17,12831.744000000002,0.23,0.2,0.2,0.0,0.0,0,0,0.0,3108.96,1,0,0.0,16070.32,2,0,0.0,64158.72000000001,5,0,0.0,0
LGS2ORD0047326,C015838,2026-01-10 19:00:00,Male,52,Bronze,Shopee,Remote_Area,1408,Web,COD,19,1,5,1,>50,46.93333333333333,6.0,3.0,0.5,253,67,4342.556666666666,0.28,0.3333333333333333,0.3333333333333333,0.0,0.0,0,0,0.0,0.0,0,0,0.0,6544.64,1,0,0.0,26055.34,6,3,0.5,0
LGS2ORD0047327,C012576,2026-01-10 19:00:00,Male,36,Silver,Shopee,Phuket,881,CallCenter,PromptPay,19,1,5,1,30-40,29.366666666666667,5.0,4.0,0.8,-3,2,2277.374,0.3,1.0,0.6,0.0,1308.91,1,1,1.0,2541.6400000000003,2,1,0.5,2541.6400000000003,2,1,0.5,11386.869999999999,5,4,0.8,0
LGS2ORD0047328,C017508,2026-01-10 19:00:00,Male,42,Bronze,Shopee,Khon Kaen,1748,Web,COD,19,1,5,1,40-50,58.266666666666666,7.0,1.0,0.14285714285714285,28,36,7137.15857142857,0.23,0.7142857142857143,0.14285714285714285,0.0,0.0,0,0,0.0,0.0,0,0,0.0,9129.56,3,1,0.3333333333333333,49960.10999999999,7,1,0.14285714285714285,0
LGS2ORD0047329,C014277,2026-01-10 19:00:00,Female,39,Bronze,Shopee,Bangkok,849,Shopee,Credit_Card,19,1,5,1,30-40,28.3,1.0,0.0,0.0,-1,129,4051.58,0.13,1.0,0.0,0.0,0.0,0,0,0.0,0.0,0,0,0.0,0.0,0,0,0.0,4051.58,1,0,0.0,0
LGS2ORD0047330,C013031,2026-01-10 20:00:00,Female,40,Silver,TV,Phuket,1443,TV_Show,COD,20,1,5,1,30-40,48.1,13.0,1.0,0.07692307692307693,30,36,4367.38,0.25,0.46153846153846156,0.23076923076923078,0.0,0.0,0,0,0.0,0.0,0,0,0.0,26220.539999999997,3,1,0.3333333333333333,56775.94,13,1,0.07692307692307693,0
LGS2ORD0047331,C017862,2026-01-10 20:00:00,Female,42,Bronze,Shopee,Khon Kaen,881,TV_Show,Bank_Transfer,20,1,5,1,40-50,29.366666666666667,8.0,2.0,0.25,354,137,7177.467500000001,0.28,0.625,0.25,0.0,0.0,0,0,0.0,0.0,0,0,0.0,0.0,0,0,0.0,20389.32,5,0,0.0,0
LGS2ORD0047332,C013796,2026-01-10 20:00:00,Male,53,Bronze,Shopee,Khon Kaen,433,Web,COD,20,1,5,1,>50,14.433333333333334,7.0,1.0,0.14285714285714285,221,27,6084.82,0.18,0.42857142857142855,0.0,0.0,0.0,0,0,0.0,8291.56,1,0,0.0,10384.08,2,0,0.0,42593.74,7,1,0.14285714285714285,0
LGS2ORD0047333,C012799,2026-01-10 20:00:00,Male,38,Gold,TV,Chonburi,828,CallCenter,Bank_Transfer,20,1,5,1,30-40,27.6,4.0,0.0,0.0,-1,19,6278.9025,0.28,0.75,0.5,0.0,0.0,0,0,0.0,10739.17,1,0,0.0,14691.79,2,0,0.0,25115.61,4,0,0.0,0
LGS2ORD0047334,C012775,2026-01-10 20:00:00,Male,43,Gold,TV,Khon Kaen,1424,Shopee,COD,20,1,5,1,40-50,47.46666666666667,6.0,2.0,0.3333333333333333,171,12,5980.406666666667,0.33,0.3333333333333333,0.6666666666666666,0.0,0.0,0,0,0.0,13107.49,1,0,0.0,13107.49,1,0,0.0,32647.32,5,2,0.4,1
LGS2ORD0047335,C011768,2026-01-10 20:00:00,Male,31,Bronze,Lazada,Songkhla,1433,TV_Show,Credit_Card,20,1,5,1,30-40,47.766666666666666,11.0,3.0,0.2727272727272727,29,38,4432.248181818182,0.28,0.5454545454545454,0.2727272727272727,0.0,0.0,0,0,0.0,0.0,0,0,0.0,7439.459999999999,2,1,0.5,48754.73,11,3,0.2727272727272727,0
LGS2ORD0047336,C012835,2026-01-10 21:00:00,Male,56,Bronze,Shopee,Remote_Area,1379,Lazada,COD,21,1,5,1,>50,45.96666666666667,6.0,1.0,0.16666666666666666,284,56,2572.0950000000003,0.23,0.16666666666666666,0.5,0.0,0.0,0,0,0.0,0.0,0,0,0.0,5512.15,3,0,0.0,14132.06,5,1,0.2,1
LGS2ORD0047337,C010794,2026-01-10 21:00:00,Other,33,Bronze,TV,Chonburi,1196,TV_Show,COD,21,1,5,1,30-40,39.86666666666667,4.0,2.0,0.5,168,122,7053.562500000001,0.08,0.5,0.0,0.0,0.0,0,0,0.0,0.0,0,0,0.0,0.0,0,0,0.0,28214.250000000004,4,2,0.5,0
LGS2ORD0047338,C014677,2026-01-10 21:00:00,Female,34,Gold,TV,Phuket,1350,Shopee,COD,21,1,5,1,30-40,45.0,9.0,5.0,0.5555555555555556,161,8,3220.711111111111,0.33,0.7777777777777778,0.5555555555555556,0.0,0.0,0,0,0.0,5453.6900000000005,2,0,0.0,5453.6900000000005,2,0,0.0,21614.500000000004,7,3,0.42857142857142855,1
LGS2ORD0047339,C016463,2026-01-10 21:00:00,Female,35,Silver,CallCenter,Khon Kaen,610,CallCenter,PromptPay,21,1,5,1,30-40,20.333333333333332,4.0,0.0,0.0,-1,210,6065.964999999999,0.1,0.0,0.0,0.0,0.0,0,0,0.0,0.0,0,0,0.0,0.0,0,0,0.0,24263.859999999997,4,0,0.0,0
LGS2ORD0047340,C013539,2026-01-10 21:00:00,Male,18,Gold,Lazada,Bangkok,588,Lazada,COD,21,1,5,1,<20,19.6,4.0,0.0,0.0,-1,58,2132.1325,0.33,0.75,0.25,0.0,0.0,0,0,0.0,0.0,0,0,0.0,788.35,1,0,0.0,8528.53,4,0,0.0,0
LGS2ORD0047341,C014442,2026-01-10 22:00:00,Male,18,Bronze,Web,Bangkok,1278,CallCenter,COD,22,1,5,1,<20,42.6,6.0,4.0,0.6666666666666666,29,36,4330.551666666667,0.18,0.5,0.0,0.0,0.0,0,0,0.0,0.0,0,0,0.0,4187.36,1,1,1.0,21476.71,5,3,0.6,1
LGS2ORD0047342,C017029,2026-01-10 22:00:00,Female,56,Silver,Shopee,Remote_Area,1112,Shopee,Bank_Transfer,22,1,5,1,>50,37.06666666666667,9.0,5.0,0.5555555555555556,42,39,7716.172222222222,0.3,0.6666666666666666,0.3333333333333333,0.0,0.0,0,0,0.0,0.0,0,0,0.0,23976.06,5,3,0.6,69445.55,9,5,0.5555555555555556,0
LGS2ORD0047343,C016637,2026-01-10 22:00:00,Male,72,Bronze,Shopee,Bangkok,721,Web,COD,22,1,5,1,>50,24.033333333333335,4.0,2.0,0.5,290,154,9562.1075,0.23,0.75,0.5,0.0,0.0,0,0,0.0,0.0,0,0,0.0,0.0,0,0,0.0,35689.78,3,1,0.3333333333333333,0
LGS2ORD0047344,C015094,2026-01-10 22:00:00,Female,46,Bronze,TV,Chiang Mai,965,CallCenter,COD,22,1,5,1,40-50,32.166666666666664,10.0,2.0,0.2,156,5,6238.222,0.28,0.6,0.5,0.0,2597.6,1,0,0.0,2597.6,1,0,0.0,19923.039999999997,2,0,0.0,62382.219999999994,10,2,0.2,0
LGS2ORD0047345,C014584,2026-01-10 22:00:00,Female,67,Bronze,Web,Bangkok,1491,Shopee,PromptPay,22,1,5,1,>50,49.7,4.0,2.0,0.5,165,33,4996.347500000001,0.28,0.75,0.25,0.0,0.0,0,0,0.0,0.0,0,0,0.0,2988.81,1,0,0.0,19985.390000000003,4,2,0.5,0
LGS2ORD0047346,C015996,2026-01-10 23:00:00,Other,55,Silver,Web,Bangkok,571,TV_Show,COD,23,1,5,1,>50,19.033333333333335,7.0,1.0,0.14285714285714285,366,107,9134.788571428571,0.3,0.2857142857142857,0.2857142857142857,0.0,0.0,0,0,0.0,0.0,0,0,0.0,0.0,0,0,0.0,50320.09,6,0,0.0,0
LGS2ORD0047347,C012805,2026-01-10 23:00:00,Male,35,Silver,Lazada,Khon Kaen,1446,TV_Show,Bank_Transfer,23,1,5,1,30-40,48.2,4.0,1.0,0.25,276,103,1411.6175,0.3,0.5,0.25,0.0,0.0,0,0,0.0,0.0,0,0,0.0,0.0,0,0,0.0,5646.47,4,1,0.25,0
LGS2ORD0047348,C013778,2026-01-10 23:00:00,Female,26,Bronze,CallCenter,Bangkok,1695,CallCenter,COD,23,1,5,1,20-30,56.5,3.0,0.0,0.0,-1,130,2219.943333333333,0.28,1.0,0.3333333333333333,0.0,0.0,0,0,0.0,0.0,0,0,0.0,0.0,0,0,0.0,6659.83,3,0,0.0,0
LGS2ORD0047349,C012142,2026-01-10 23:00:00,Male,40,Silver,Web,Phuket,617,Shopee,Credit_Card,23,1,5,1,30-40,20.566666666666666,6.0,3.0,0.5,133,62,3472.1666666666665,0.25,0.3333333333333333,0.16666666666666666,0.0,0.0,0,0,0.0,0.0,0,0,0.0,7049.64,1,0,0.0,20833.0,6,3,0.5,0
LGS2ORD0047350,C013334,2026-01-10 23:00:00,Female,59,Bronze,Web,Bangkok,618,TV_Show,COD,23,1,5,1,>50,20.6,11.0,4.0,0.36363636363636365,71,66,4560.790909090909,0.28,0.6363636363636364,0.36363636363636365,0.0,0.0,0,0,0.0,0.0,0,0,0.0,2566.68,2,1,0.5,50168.7,11,4,0.36363636363636365,1
LGS2ORD0047351,C015776,2026-01-11 00:00:00,Female,56,Bronze,Shopee,Songkhla,1313,CallCenter,COD,0,1,6,1,>50,43.766666666666666,7.0,4.0,0.5714285714285714,9,19,5535.040000000001,0.28,0.5714285714285714,0.42857142857142855,0.0,0.0,0,0,0.0,2595.44,1,1,1.0,5657.68,2,1,0.5,38745.280000000006,7,4,0.5714285714285714,0
LGS2ORD0047352,C014057,2026-01-11 00:00:00,Male,63,Silver,Web,Chonburi,897,TV_Show,Bank_Transfer,0,1,6,1,>50,29.9,8.0,1.0,0.125,124,82,6936.255,0.25,0.25,0.25,0.0,0.0,0,0,0.0,0.0,0,0,0.0,4098.71,1,0,0.0,55490.04,8,1,0.125,0
LGS2ORD0047353,C016398,2026-01-11 00:00:00,Male,48,Silver,Lazada,Khon Kaen,1296,TV_Show,Credit_Card,0,1,6,1,40-50,43.2,1.0,0.0,0.0,-1,334,776.01,0.2,0.0,0.0,0.0,0.0,0,0,0.0,0.0,0,0,0.0,0.0,0,0,0.0,776.01,1,0,0.0,0
LGS2ORD0047354,C015259,2026-01-11 00:00:00,Male,50,Silver,TV,Songkhla,1303,Web,COD,0,1,6,1,40-50,43.43333333333333,6.0,1.0,0.16666666666666666,227,57,6296.170000000001,0.3,0.5,0.5,0.0,0.0,0,0,0.0,0.0,0,0,0.0,1342.39,1,0,0.0,37777.020000000004,6,1,0.16666666666666666,0
LGS2ORD0047355,C013625,2026-01-11 00:00:00,Male,43,Bronze,Web,Bangkok,1777,Web,COD,0,1,6,1,40-50,59.233333333333334,7.0,4.0,0.5714285714285714,21,28,2890.302857142857,0.28,0.7142857142857143,0.42857142857142855,0.0,0.0,0,0,0.0,2907.16,1,1,1.0,10889.119999999999,3,2,0.6666666666666666,20232.12,7,4,0.5714285714285714,0
LGS2ORD0047356,C013426,2026-01-11 00:00:00,Female,55,Gold,Lazada,Phuket,831,TV_Show,PromptPay,0,1,6,1,>50,27.7,5.0,0.0,0.0,-1,49,8594.578,0.18,0.4,0.0,0.0,0.0,0,0,0.0,0.0,0,0,0.0,38050.83,2,0,0.0,42972.89,5,0,0.0,0
LGS2ORD0047357,C016361,2026-01-11 01:00:00,Female,34,Silver,Web,Bangkok,397,Web,Credit_Card,1,1,6,1,30-40,13.233333333333333,7.0,2.0,0.2857142857142857,66,77,5144.171428571429,0.3,0.2857142857142857,0.42857142857142855,0.0,0.0,0,0,0.0,0.0,0,0,0.0,2297.93,1,1,1.0,36009.200000000004,7,2,0.2857142857142857,0
LGS2ORD0047358,C016032,2026-01-11 01:00:00,Male,41,Bronze,CallCenter,Songkhla,929,Shopee,COD,1,1,6,1,40-50,30.966666666666665,8.0,2.0,0.25,103,109,6564.202499999999,0.28,0.625,0.25,0.0,0.0,0,0,0.0,0.0,0,0,0.0,0.0,0,0,0.0,52513.619999999995,8,2,0.25,0
LGS2ORD0047359,C015501,2026-01-11 01:00:00,Male,44,Bronze,TV,Phuket,1284,CallCenter,PromptPay,1,1,6,1,40-50,42.8,9.0,3.0,0.3333333333333333,48,56,2985.7722222222224,0.28,0.5555555555555556,0.2222222222222222,0.0,0.0,0,0,0.0,0.0,0,0,0.0,11441.8,3,2,0.6666666666666666,26483.65,8,2,0.25,0
LGS2ORD0047360,C014107,2026-01-11 01:00:00,Male,42,Platinum,TV,Chiang Mai,780,CallCenter,COD,1,1,6,1,40-50,26.0,8.0,2.0,0.25,225,46,4480.67125,0.35,0.375,0.625,0.0,0.0,0,0,0.0,0.0,0,0,0.0,3430.48,2,0,0.0,35845.37,8,2,0.25,1
LGS2ORD0047361,C014130,2026-01-11 01:00:00,Male,38,Bronze,Shopee,Chiang Mai,1153,TV_Show,Bank_Transfer,1,1,6,1,30-40,38.43333333333333,3.0,0.0,0.0,-1,27,7246.906666666666,0.23,0.6666666666666666,0.3333333333333333,0.0,0.0,0,0,0.0,3628.94,1,0,0.0,3628.94,1,0,0.0,21740.719999999998,3,0,0.0,0
LGS2ORD0047362,C016543,2026-01-11 02:00:00,Female,63,Silver,Lazada,Bangkok,557,Web,COD,2,1,6,1,>50,18.566666666666666,5.0,2.0,0.4,3,16,3712.9900000000002,0.25,0.4,0.2,0.0,0.0,0,0,0.0,15889.619999999999,2,1,0.5,15889.619999999999,2,1,0.5,18564.95,5,2,0.4,0
LGS2ORD0047363,C014645,2026-01-11 02:00:00,Female,53,Gold,Shopee,Bangkok,1508,Web,COD,2,1,6,1,>50,50.266666666666666,3.0,1.0,0.3333333333333333,287,6,1381.88,0.13,0.3333333333333333,0.0,0.0,1333.45,1,0,0.0,1333.45,1,0,0.0,1333.45,1,0,0.0,4145.64,3,1,0.3333333333333333,0
LGS2ORD0047364,C015885,2026-01-11 02:00:00,Female,46,Platinum,Web,Khon Kaen,1485,Lazada,COD,2,1,6,1,40-50,49.5,5.0,1.0,0.2,353,65,13655.885999999999,0.1,0.2,0.0,0.0,0.0,0,0,0.0,0.0,0,0,0.0,23061.53,1,0,0.0,68279.43,5,1,0.2,0
LGS2ORD0047365,C015081,2026-01-11 02:00:00,Male,46,Gold,Shopee,Bangkok,610,Shopee,PromptPay,2,1,6,1,40-50,20.333333333333332,1.0,0.0,0.0,-1,301,457.3,0.28,0.0,1.0,0.0,0.0,0,0,0.0,0.0,0,0,0.0,0.0,0,0,0.0,457.3,1,0,0.0,0
LGS2ORD0047366,C012421,2026-01-11 02:00:00,Male,66,Silver,CallCenter,Songkhla,1044,CallCenter,PromptPay,2,1,6,1,>50,34.8,7.0,3.0,0.42857142857142855,52,15,4165.7414285714285,0.3,0.42857142857142855,0.2857142857142857,0.0,0.0,0,0,0.0,16708.97,1,0,0.0,18274.45,2,1,0.5,29160.190000000002,7,3,0.42857142857142855,1
LGS2ORD0047367,C016702,2026-01-11 03:00:00,Male,58,Gold,TV,Chiang Mai,1479,Lazada,Bank_Transfer,3,1,6,1,>50,49.3,0.0,0.0,0.0,-1,-1,0.0,0.0,0.0,0.0,0.0,0.0,0,0,0.0,0.0,0,0,0.0,0.0,0,0,0.0,0.0,0,0,0.0,0
LGS2ORD0047368,C015290,2026-01-11 03:00:00,Female,39,Bronze,Lazada,Chiang Mai,1622,Web,Credit_Card,3,1,6,1,30-40,54.06666666666667,7.0,1.0,0.14285714285714285,8,12,2589.094285714286,0.28,0.5714285714285714,0.2857142857142857,0.0,0.0,0,0,0.0,2146.61,1,1,1.0,2146.61,1,1,1.0,18123.66,7,1,0.14285714285714285,0
LGS2ORD0047369,C011484,2026-01-11 03:00:00,Male,36,Silver,Web,Chiang Mai,1349,TV_Show,COD,3,1,6,1,30-40,44.96666666666667,5.0,0.0,0.0,-1,65,9963.528,0.2,0.2,0.0,0.0,0.0,0,0,0.0,0.0,0,0,0.0,19510.04,1,0,0.0,49817.64,5,0,0.0,0
LGS2ORD0047370,C012604,2026-01-11 03:00:00,Female,55,Bronze,TV,Remote_Area,1000,TV_Show,COD,3,1,6,1,>50,33.333333333333336,9.0,2.0,0.2222222222222222,40,3,10695.695555555556,0.28,0.4444444444444444,0.2222222222222222,0.0,42375.28,1,0,0.0,42375.28,1,0,0.0,65138.06,3,1,0.3333333333333333,96261.26000000001,9,2,0.2222222222222222,0
LGS2ORD0047371,C010326,2026-01-11 03:00:00,Female,41,Silver,TV,Nakhon Ratchasima,1320,Web,COD,3,1,6,1,40-50,44.0,3.0,1.0,0.3333333333333333,351,30,3626.8933333333334,0.3,0.6666666666666666,0.3333333333333333,0.0,0.0,0,0,0.0,0.0,0,0,0.0,10066.539999999999,2,0,0.0,10880.68,3,1,0.3333333333333333,1
LGS2ORD0047372,C015476,2026-01-11 04:00:00,Male,50,Silver,TV,Khon Kaen,1295,TV_Show,COD,4,1,6,1,40-50,43.166666666666664,6.0,1.0,0.16666666666666666,239,84,8226.804999999998,0.3,0.3333333333333333,0.5,0.0,0.0,0,0,0.0,0.0,0,0,0.0,33138.33,3,0,0.0,49360.829999999994,6,1,0.16666666666666666,0
LGS2ORD0047373,C012459,2026-01-11 04:00:00,Male,38,Silver,Shopee,Bangkok,839,Shopee,Credit_Card,4,1,6,1,30-40,27.966666666666665,5.0,1.0,0.2,144,82,4313.868,0.25,0.4,0.2,0.0,0.0,0,0,0.0,0.0,0,0,0.0,11843.41,1,0,0.0,21569.34,5,1,0.2,0
LGS2ORD0047374,C013918,2026-01-11 04:00:00,Female,69,Bronze,TV,Chonburi,1540,CallCenter,COD,4,1,6,1,>50,51.333333333333336,4.0,2.0,0.5,141,152,6159.2875,0.18,0.5,0.0,0.0,0.0,0,0,0.0,0.0,0,0,0.0,0.0,0,0,0.0,13171.68,2,1,0.5,0
LGS2ORD0047375,C016355,2026-01-11 04:00:00,Male,44,Bronze,Lazada,Bangkok,550,Shopee,COD,4,1,6,1,40-50,18.333333333333332,4.0,1.0,0.25,305,245,5206.4325,0.23,0.5,0.5,0.0,0.0,0,0,0.0,0.0,0,0,0.0,0.0,0,0,0.0,17284.59,3,1,0.3333333333333333,1
LGS2ORD0047376,C016947,2026-01-11 04:00:00,Female,39,Bronze,CallCenter,Bangkok,1347,CallCenter,PromptPay,4,1,6,1,30-40,44.9,12.0,3.0,0.25,140,39,7691.2733333333335,0.23,0.6666666666666666,0.4166666666666667,0.0,0.0,0,0,0.0,0.0,0,0,0.0,34371.58,2,0,0.0,92295.28,12,3,0.25,0
LGS2ORD0047377,C013107,2026-01-11 04:00:00,Other,37,Silver,TV,Nakhon Ratchasima,1475,Shopee,COD,4,1,6,1,30-40,49.166666666666664,8.0,2.0,0.25,206,1,5690.06,0.3,1.0,0.375,0.0,21525.95,1,0,0.0,21525.95,1,0,0.0,21525.95,1,0,0.0,34113.61,7,1,0.14285714285714285,1
LGS2ORD0047378,C015751,2026-01-11 05:00:00,Male,51,Silver,TV,Remote_Area,520,Shopee,COD,5,1,6,1,>50,17.333333333333332,6.0,2.0,0.3333333333333333,220,52,7048.2716666666665,0.25,0.6666666666666666,0.16666666666666666,0.0,0.0,0,0,0.0,0.0,0,0,0.0,17917.25,1,0,0.0,42289.63,6,2,0.3333333333333333,0
LGS2ORD0047379,C012846,2026-01-11 05:00:00,Male,37,Silver,TV,Chonburi,1036,Lazada,COD,5,1,6,1,30-40,34.53333333333333,7.0,0.0,0.0,-1,54,3207.845714285714,0.15,0.42857142857142855,0.0,0.0,0.0,0,0,0.0,0.0,0,0,0.0,4497.61,2,0,0.0,22454.92,7,0,0.0,0
LGS2ORD0047380,C013980,2026-01-11 05:00:00,Male,54,Bronze,Shopee,Phuket,1135,TV_Show,PromptPay,5,1,6,1,>50,37.833333333333336,6.0,2.0,0.3333333333333333,319,67,10697.636666666667,0.28,0.3333333333333333,0.3333333333333333,0.0,0.0,0,0,0.0,0.0,0,0,0.0,3857.99,1,0,0.0,56506.63,5,2,0.4,0
LGS2ORD0047381,C016819,2026-01-11 05:00:00,Female,62,Bronze,TV,Bangkok,544,TV_Show,Credit_Card,5,1,6,1,>50,18.133333333333333,12.0,5.0,0.4166666666666667,23,35,7441.325833333332,0.28,0.5833333333333334,0.4166666666666667,0.0,0.0,0,0,0.0,0.0,0,0,0.0,988.26,1,1,1.0,89295.90999999999,12,5,0.4166666666666667,0
LGS2ORD0047382,C012009,2026-01-11 05:00:00,Female,50,Bronze,Shopee,Bangkok,1159,Lazada,COD,5,1,6,1,40-50,38.63333333333333,6.0,2.0,0.3333333333333333,167,4,6158.326666666668,0.28,0.5,0.16666666666666666,0.0,14236.39,1,0,0.0,14236.39,1,0,0.0,14956.119999999999,2,0,0.0,36949.96000000001,6,2,0.3333333333333333,1
LGS2ORD0047383,C011471,2026-01-11 06:00:00,Male,22,Gold,Web,Songkhla,639,Web,Credit_Card,6,1,6,1,20-30,21.3,5.0,0.0,0.0,-1,120,11153.202,0.13,0.4,0.0,0.0,0.0,0,0,0.0,0.0,0,0,0.0,0.0,0,0,0.0,55766.009999999995,5,0,0.0,1
LGS2ORD0047384,C014946,2026-01-11 06:00:00,Male,36,Bronze,TV,Khon Kaen,1431,Shopee,Credit_Card,6,1,6,1,30-40,47.7,11.0,5.0,0.45454545454545453,198,33,3032.673636363637,0.18,0.6363636363636364,0.0,0.0,0.0,0,0,0.0,0.0,0,0,0.0,1413.76,1,0,0.0,33359.41,11,5,0.45454545454545453,0
LGS2ORD0047385,C011955,2026-01-11 06:00:00,Male,20,Silver,Lazada,Nakhon Ratchasima,1472,TV_Show,COD,6,1,6,1,<20,49.06666666666667,11.0,5.0,0.45454545454545453,-2,12,4974.422727272727,0.3,0.6363636363636364,0.18181818181818182,0.0,0.0,0,0,0.0,1070.71,1,1,1.0,5594.009999999999,3,3,1.0,54718.649999999994,11,5,0.45454545454545453,0
LGS2ORD0047386,C017667,2026-01-11 06:00:00,Female,41,Bronze,Shopee,Chiang Mai,661,TV_Show,Credit_Card,6,1,6,1,40-50,22.033333333333335,12.0,4.0,0.3333333333333333,63,65,4785.783333333332,0.28,0.5,0.16666666666666666,0.0,0.0,0,0,0.0,0.0,0,0,0.0,12511.6,3,1,0.3333333333333333,57429.39999999999,12,4,0.3333333333333333,1
LGS2ORD0047387,C011480,2026-01-11 06:00:00,Female,61,Bronze,Lazada,Phuket,1693,CallCenter,COD,6,1,6,1,>50,56.43333333333333,7.0,2.0,0.2857142857142857,67,20,4620.254285714285,0.28,0.5714285714285714,0.5714285714285714,0.0,0.0,0,0,0.0,16297.87,2,0,0.0,17131.4,3,1,0.3333333333333333,32341.78,7,2,0.2857142857142857,1
LGS2ORD0047388,C014642,2026-01-11 07:00:00,Male,60,Silver,Shopee,Phuket,1753,TV_Show,COD,7,1,6,1,>50,58.43333333333333,12.0,2.0,0.16666666666666666,122,4,4372.501666666666,0.25,0.5833333333333334,0.25,0.0,2772.01,1,0,0.0,2772.01,1,0,0.0,20576.79,4,0,0.0,52470.02,12,2,0.16666666666666666,1
LGS2ORD0047389,C015339,2026-01-11 07:00:00,Male,60,Bronze,Web,Chonburi,869,Shopee,COD,7,1,6,1,>50,28.966666666666665,7.0,2.0,0.2857142857142857,150,162,3472.3800000000006,0.28,0.42857142857142855,0.7142857142857143,0.0,0.0,0,0,0.0,0.0,0,0,0.0,0.0,0,0,0.0,24306.660000000003,7,2,0.2857142857142857,0
LGS2ORD0047390,C012452,2026-01-11 07:00:00,Female,38,Bronze,TV,Bangkok,1589,Lazada,Bank_Transfer,7,1,6,1,30-40,52.96666666666667,6.0,0.0,0.0,-1,223,2705.58,0.23,0.6666666666666666,0.16666666666666666,0.0,0.0,0,0,0.0,0.0,0,0,0.0,0.0,0,0,0.0,16233.48,6,0,0.0,1
LGS2ORD0047391,C012279,2026-01-11 07:00:00,Female,36,Silver,Web,Bangkok,601,Lazada,COD,7,1,6,1,30-40,20.033333333333335,5.0,0.0,0.0,-1,7,5075.786,0.3,1.0,0.2,0.0,0.0,0,0,0.0,1851.42,1,0,0.0,1851.42,1,0,0.0,23333.97,4,0,0.0,0
LGS2ORD0047392,C010937,2026-01-11 07:00:00,Male,37,Silver,TV,Chonburi,1214,TV_Show,COD,7,1,6,1,30-40,40.46666666666667,8.0,4.0,0.5,27,4,4658.3625,0.3,0.625,0.125,0.0,3681.19,1,0,0.0,3681.19,1,0,0.0,6948.55,2,1,0.5,37266.9,8,4,0.5,1
LGS2ORD0047393,C015087,2026-01-11 08:00:00,Female,31,Gold,Lazada,Remote_Area,1743,CallCenter,PromptPay,8,1,6,1,30-40,58.1,9.0,3.0,0.3333333333333333,54,34,4604.485555555556,0.28,0.7777777777777778,0.4444444444444444,0.0,0.0,0,0,0.0,0.0,0,0,0.0,4018.0,2,1,0.5,32983.34,8,3,0.375,0
LGS2ORD0047394,C011469,2026-01-11 08:00:00,Male,27,Silver,Web,Songkhla,897,TV_Show,COD,8,1,6,1,20-30,29.9,11.0,4.0,0.36363636363636365,1,6,8586.149090909092,0.3,0.45454545454545453,0.18181818181818182,0.0,7012.36,1,1,1.0,7012.36,1,1,1.0,9628.67,2,2,1.0,94447.64000000001,11,4,0.36363636363636365,0
LGS2ORD0047395,C014480,2026-01-11 08:00:00,Male,18,Platinum,TV,Chiang Mai,1002,Lazada,Credit_Card,8,1,6,1,<20,33.4,4.0,1.0,0.25,161,9,4857.3325,0.35,0.5,0.5,0.0,0.0,0,0,0.0,16237.17,1,0,0.0,16237.17,1,0,0.0,19429.33,4,1,0.25,1
LGS2ORD0047396,C012876,2026-01-11 08:00:00,Other,36,Silver,CallCenter,Khon Kaen,600,CallCenter,Credit_Card,8,1,6,1,30-40,20.0,9.0,1.0,0.1111111111111111,244,44,8976.533333333333,0.25,0.4444444444444444,0.1111111111111111,0.0,0.0,0,0,0.0,0.0,0,0,0.0,19960.58,1,0,0.0,80788.8,9,1,0.1111111111111111,0
LGS2ORD0047397,C012982,2026-01-11 08:00:00,Female,51,Silver,TV,Songkhla,1441,TV_Show,COD,8,1,6,1,>50,48.03333333333333,11.0,3.0,0.2727272727272727,20,20,7173.162727272726,0.3,0.45454545454545453,0.36363636363636365,0.0,0.0,0,0,0.0,23011.760000000002,2,0,0.0,61128.33,5,2,0.4,78904.79,11,3,0.2727272727272727,0
LGS2ORD0047398,C011311,2026-01-11 08:00:00,Female,32,Bronze,TV,Songkhla,999,Web,PromptPay,8,1,6,1,30-40,33.3,7.0,1.0,0.14285714285714285,333,69,2711.7514285714283,0.28,0.2857142857142857,0.2857142857142857,0.0,0.0,0,0,0.0,0.0,0,0,0.0,4163.57,1,0,0.0,18982.26,7,1,0.14285714285714285,0
LGS2ORD0047399,C017253,2026-01-11 09:00:00,Male,18,Silver,Web,Khon Kaen,629,Shopee,COD,9,1,6,1,<20,20.966666666666665,9.0,3.0,0.3333333333333333,23,11,11504.282222222224,0.2,0.5555555555555556,0.0,0.0,0.0,0,0,0.0,27107.77,3,1,0.3333333333333333,35522.57,4,1,0.25,103538.54000000001,9,3,0.3333333333333333,1
LGS2ORD0047400,C016056,2026-01-11 09:00:00,Female,31,Bronze,Web,Phuket,498,TV_Show,COD,9,1,6,1,30-40,16.6,4.0,2.0,0.5,224,229,7068.2625,0.28,0.75,0.75,0.0,0.0,0,0,0.0,0.0,0,0,0.0,0.0,0,0,0.0,28273.05,4,2,0.5,0
LGS2ORD0047401,C014660,2026-01-11 09:00:00,Female,41,Bronze,Shopee,Khon Kaen,1257,TV_Show,PromptPay,9,1,6,1,40-50,41.9,8.0,0.0,0.0,-1,10,4494.717500000001,0.23,0.625,0.125,0.0,0.0,0,0,0.0,1348.08,1,0,0.0,2570.46,2,0,0.0,35957.740000000005,8,0,0.0,0
LGS2ORD0047402,C017627,2026-01-11 09:00:00,Male,45,Bronze,Shopee,Bangkok,389,Lazada,COD,9,1,6,1,40-50,12.966666666666667,7.0,2.0,0.2857142857142857,58,76,6857.707142857143,0.28,0.5714285714285714,0.42857142857142855,0.0,0.0,0,0,0.0,0.0,0,0,0.0,344.93,1,1,1.0,48003.95,7,2,0.2857142857142857,0
LGS2ORD0047403,C010447,2026-01-11 09:00:00,Male,40,Bronze,TV,Bangkok,1422,Lazada,Credit_Card,9,1,6,1,30-40,47.4,3.0,1.0,0.3333333333333333,35,38,4169.623333333333,0.13,0.6666666666666666,0.0,0.0,0.0,0,0,0.0,0.0,0,0,0.0,12508.869999999999,3,1,0.3333333333333333,12508.869999999999,3,1,0.3333333333333333,0
LGS2ORD0047404,C014541,2026-01-11 10:00:00,Female,48,Bronze,Lazada,Phuket,1021,Lazada,Bank_Transfer,10,1,6,1,40-50,34.03333333333333,9.0,3.0,0.3333333333333333,103,30,6151.1,0.23,0.5555555555555556,0.5555555555555556,0.0,0.0,0,0,0.0,0.0,0,0,0.0,26279.23,3,0,0.0,55359.9,9,3,0.3333333333333333,0
LGS2ORD0047405,C012410,2026-01-11 10:00:00,Female,53,Bronze,TV,Bangkok,1604,TV_Show,PromptPay,10,1,6,1,>50,53.46666666666667,8.0,1.0,0.125,279,4,4679.2275,0.23,0.375,0.125,0.0,3122.78,1,0,0.0,13930.08,2,0,0.0,15638.72,3,0,0.0,35388.18,7,1,0.14285714285714285,1
LGS2ORD0047406,C014302,2026-01-11 10:00:00,Male,42,Silver,Web,Bangkok,551,TV_Show,COD,10,1,6,1,40-50,18.366666666666667,5.0,0.0,0.0,-1,11,6301.404,0.25,0.4,0.2,0.0,0.0,0,0,0.0,3095.47,1,0,0.0,4757.13,2,0,0.0,31507.02,5,0,0.0,0
LGS2ORD0047407,C013239,2026-01-11 10:00:00,Male,29,Bronze,Shopee,Khon Kaen,864,Web,Credit_Card,10,1,6,1,20-30,28.8,16.0,6.0,0.375,9,18,5262.9868750000005,0.28,0.5,0.3125,0.0,0.0,0,0,0.0,2184.25,1,1,1.0,8155.04,2,1,0.5,84207.79000000001,16,6,0.375,0
LGS2ORD0047408,C014192,2026-01-11 10:00:00,Male,38,Silver,CallCenter,Phuket,1814,Web,COD,10,1,6,1,30-40,60.46666666666667,8.0,2.0,0.25,-7,2,9966.032500000001,0.2,0.375,0.0,0.0,4303.5,1,1,1.0,4303.5,1,1,1.0,13751.16,4,2,0.5,79728.26000000001,8,2,0.25,1
LGS2ORD0047409,C012031,2026-01-11 11:00:00,Female,27,Silver,Web,Khon Kaen,1191,Web,Bank_Transfer,11,1,6,1,20-30,39.7,13.0,2.0,0.15384615384615385,60,13,7019.638461538461,0.25,0.46153846153846156,0.23076923076923078,0.0,0.0,0,0,0.0,3122.64,1,0,0.0,41293.42,5,1,0.2,91255.3,13,2,0.15384615384615385,1
LGS2ORD0047410,C014433,2026-01-11 11:00:00,Female,69,Bronze,TV,Bangkok,645,Lazada,PromptPay,11,1,6,1,>50,21.5,8.0,3.0,0.375,139,36,5345.626249999999,0.28,0.375,0.125,0.0,0.0,0,0,0.0,0.0,0,0,0.0,26078.97,2,0,0.0,38658.05,7,3,0.42857142857142855,0
LGS2ORD0047411,C013134,2026-01-11 11:00:00,Female,64,Bronze,TV,Remote_Area,1315,CallCenter,PromptPay,11,1,6,1,>50,43.833333333333336,6.0,0.0,0.0,-1,18,6073.005,0.18,0.5,0.0,0.0,0.0,0,0,0.0,1686.03,1,0,0.0,13752.67,3,0,0.0,36438.03,6,0,0.0,1
LGS2ORD0047412,C014875,2026-01-11 11:00:00,Male,18,Silver,Shopee,Chonburi,621,Shopee,Credit_Card,11,1,6,1,<20,20.7,8.0,3.0,0.375,27,41,3115.2475,0.3,0.75,0.125,0.0,0.0,0,0,0.0,0.0,0,0,0.0,5728.3099999999995,3,2,0.6666666666666666,24921.98,8,3,0.375,0
LGS2ORD0047413,C014517,2026-01-11 11:00:00,Female,50,Silver,CallCenter,Songkhla,402,CallCenter,COD,11,1,6,1,40-50,13.4,7.0,2.0,0.2857142857142857,288,74,5910.952857142858,0.3,0.5714285714285714,0.2857142857142857,0.0,0.0,0,0,0.0,0.0,0,0,0.0,1985.01,1,0,0.0,37444.4,6,2,0.3333333333333333,0
LGS2ORD0047414,C012353,2026-01-11 11:00:00,Female,72,Bronze,Shopee,Remote_Area,1517,TV_Show,COD,11,1,6,1,>50,50.56666666666667,8.0,1.0,0.125,362,30,3824.57,0.18,0.625,0.0,0.0,0.0,0,0,0.0,0.0,0,0,0.0,3950.56,2,0,0.0,20863.54,5,0,0.0,1
LGS2ORD0047415,C014771,2026-01-11 12:00:00,Female,40,Gold,TV,Khon Kaen,1565,Shopee,COD,12,1,6,1,30-40,52.166666666666664,6.0,0.0,0.0,-1,34,8594.664999999999,0.18,0.5,0.0,0.0,0.0,0,0,0.0,0.0,0,0,0.0,2315.29,1,0,0.0,51567.99,6,0,0.0,1
LGS2ORD0047416,C010899,2026-01-11 12:00:00,Female,29,Bronze,TV,Chiang Mai,1662,TV_Show,COD,12,1,6,1,20-30,55.4,4.0,1.0,0.25,277,160,9935.45,0.23,0.75,0.25,0.0,0.0,0,0,0.0,0.0,0,0,0.0,0.0,0,0,0.0,39741.8,4,1,0.25,0
LGS2ORD0047417,C015085,2026-01-11 12:00:00,Female,39,Bronze,Shopee,Remote_Area,1457,CallCenter,COD,12,1,6,1,30-40,48.56666666666667,12.0,3.0,0.25,62,42,7012.655833333333,0.28,0.5833333333333334,0.25,0.0,0.0,0,0,0.0,0.0,0,0,0.0,36547.380000000005,3,1,0.3333333333333333,84151.87,12,3,0.25,1
LGS2ORD0047418,C011593,2026-01-11 12:00:00,Female,38,Bronze,TV,Chiang Mai,676,Shopee,PromptPay,12,1,6,1,30-40,22.533333333333335,8.0,2.0,0.25,114,60,8129.951250000001,0.23,0.75,0.5,0.0,0.0,0,0,0.0,0.0,0,0,0.0,884.0,1,0,0.0,65039.61000000001,8,2,0.25,0
LGS2ORD0047419,C012006,2026-01-11 12:00:00,Female,33,Gold,Lazada,Bangkok,1445,CallCenter,Bank_Transfer,12,1,6,1,30-40,48.166666666666664,6.0,0.0,0.0,-1,64,9447.753333333332,0.33,0.3333333333333333,0.6666666666666666,0.0,0.0,0,0,0.0,0.0,0,0,0.0,16280.1,1,0,0.0,56686.52,6,0,0.0,0
LGS2ORD0047420,C017204,2026-01-11 13:00:00,Female,45,Bronze,Lazada,Chonburi,670,TV_Show,COD,13,1,6,1,40-50,22.333333333333332,10.0,2.0,0.2,132,130,4305.636,0.28,0.5,0.2,0.0,0.0,0,0,0.0,0.0,0,0,0.0,0.0,0,0,0.0,37382.35,9,2,0.2222222222222222,0
LGS2ORD0047421,C017707,2026-01-11 13:00:00,Female,42,Gold,Shopee,Khon Kaen,1545,Shopee,Bank_Transfer,13,1,6,1,40-50,51.5,5.0,0.0,0.0,-1,4,6200.14,0.33,0.6,0.6,0.0,3152.02,1,0,0.0,3152.02,1,0,0.0,3152.02,1,0,0.0,31000.7,5,0,0.0,0
LGS2ORD0047422,C016505,2026-01-11 13:00:00,Male,30,Gold,Shopee,Chonburi,634,Lazada,COD,13,1,6,1,20-30,21.133333333333333,5.0,0.0,0.0,-1,10,7051.336,0.33,0.6,0.4,0.0,0.0,0,0,0.0,1424.15,1,0,0.0,1424.15,1,0,0.0,35256.68,5,0,0.0,0
LGS2ORD0047423,C010409,2026-01-11 13:00:00,Female,57,Platinum,Web,Chiang Mai,1560,Lazada,Credit_Card,13,1,6,1,>50,52.0,2.0,0.0,0.0,-1,7,3555.59,0.35,0.5,0.5,0.0,0.0,0,0,0.0,6195.76,1,0,0.0,6195.76,1,0,0.0,7111.18,2,0,0.0,0
LGS2ORD0047424,C016165,2026-01-11 13:00:00,Female,51,Gold,TV,Nakhon Ratchasima,1675,Shopee,COD,13,1,6,1,>50,55.833333333333336,6.0,1.0,0.16666666666666666,24,21,5507.596666666667,0.2299999999999999,0.8333333333333334,0.5,0.0,0.0,0,0,0.0,1454.12,1,0,0.0,17515.829999999998,2,1,0.5,33045.58,6,1,0.16666666666666666,0
LGS2ORD0047425,C017246,2026-01-11 14:00:00,Female,29,Bronze,TV,Bangkok,753,Shopee,COD,14,1,6,1,20-30,25.1,11.0,4.0,0.36363636363636365,28,24,4065.5545454545454,0.28,0.9090909090909091,0.45454545454545453,0.09090909090909091,0.0,0,0,0.0,1703.25,1,0,0.0,28983.449999999997,5,1,0.2,42482.29,10,4,0.4,0
LGS2ORD0047426,C017753,2026-01-11 14:00:00,Male,20,Silver,Shopee,Khon Kaen,1383,Shopee,Credit_Card,14,1,6,1,<20,46.1,1.0,0.0,0.0,-1,282,7529.74,0.15,1.0,0.0,0.0,0.0,0,0,0.0,0.0,0,0,0.0,0.0,0,0,0.0,7529.74,1,0,0.0,1
LGS2ORD0047427,C017352,2026-01-11 14:00:00,Female,50,Bronze,Shopee,Songkhla,1068,Shopee,COD,14,1,6,1,40-50,35.6,7.0,3.0,0.42857142857142855,10,12,5126.840000000001,0.28,0.5714285714285714,0.42857142857142855,0.0,0.0,0,0,0.0,18721.55,2,1,0.5,27251.89,5,2,0.4,28682.620000000003,6,2,0.3333333333333333,1
LGS2ORD0047428,C014659,2026-01-11 14:00:00,Female,50,Gold,TV,Khon Kaen,1613,TV_Show,Credit_Card,14,1,6,1,40-50,53.766666666666666,12.0,3.0,0.25,31,40,4709.489166666667,0.33,0.4166666666666667,0.5,0.0,0.0,0,0,0.0,0.0,0,0,0.0,876.2,1,1,1.0,56513.87,12,3,0.25,0
LGS2ORD0047429,C017121,2026-01-11 14:00:00,Female,44,Bronze,Lazada,Remote_Area,676,TV_Show,COD,14,1,6,1,40-50,22.533333333333335,2.0,2.0,1.0,34,47,9394.150000000001,0.23,1.0,0.5,0.0,0.0,0,0,0.0,0.0,0,0,0.0,17615.06,1,1,1.0,18788.300000000003,2,2,1.0,0
LGS2ORD0047430,C017438,2026-01-11 15:00:00,Female,40,Bronze,Lazada,Songkhla,492,CallCenter,COD,15,1,6,1,30-40,16.4,10.0,5.0,0.5,13,3,4768.074,0.23,0.7,0.2,0.0,3081.51,1,0,0.0,13267.869999999999,4,2,0.5,21714.190000000002,5,3,0.6,47680.74,10,5,0.5,1
LGS2ORD0047431,C017069,2026-01-11 15:00:00,Female,35,Silver,TV,Chonburi,697,Web,PromptPay,15,1,6,1,30-40,23.233333333333334,6.0,1.0,0.16666666666666666,213,5,4561.168333333334,0.25,0.6666666666666666,0.16666666666666666,0.0,16153.42,1,0,0.0,16153.42,1,0,0.0,16153.42,1,0,0.0,27367.010000000002,6,1,0.16666666666666666,0
LGS2ORD0047432,C017942,2026-01-11 15:00:00,Female,53,Bronze,Shopee,Phuket,909,Web,Credit_Card,15,1,6,1,>50,30.3,7.0,4.0,0.5714285714285714,245,191,3583.535714285714,0.23,0.2857142857142857,0.14285714285714285,0.0,0.0,0,0,0.0,0.0,0,0,0.0,0.0,0,0,0.0,25084.75,7,4,0.5714285714285714,1
LGS2ORD0047433,C013423,2026-01-11 15:00:00,Female,44,Gold,TV,Songkhla,1800,Shopee,PromptPay,15,1,6,1,40-50,60.0,6.0,2.0,0.3333333333333333,10,24,6639.593333333334,0.28,0.6666666666666666,0.5,0.0,0.0,0,0,0.0,811.19,1,1,1.0,16899.0,2,1,0.5,39837.560000000005,6,2,0.3333333333333333,1
LGS2ORD0047434,C015056,2026-01-11 15:00:00,Female,44,Silver,Lazada,Chiang Mai,426,Shopee,PromptPay,15,1,6,1,40-50,14.2,2.0,0.0,0.0,-1,25,2531.3199999999997,0.25,1.0,0.5,0.0,0.0,0,0,0.0,2359.35,1,0,0.0,2359.35,1,0,0.0,5062.639999999999,2,0,0.0,0
LGS2ORD0047435,C011811,2026-01-11 15:00:00,Female,40,Silver,CallCenter,Bangkok,1673,Web,COD,15,1,6,1,30-40,55.766666666666666,4.0,1.0,0.25,318,89,7096.0525,0.25,0.5,0.25,0.0,0.0,0,0,0.0,0.0,0,0,0.0,12141.66,1,0,0.0,28384.21,4,1,0.25,0
LGS2ORD0047436,C012994,2026-01-11 16:00:00,Male,28,Bronze,TV,Nakhon Ratchasima,591,Shopee,COD,16,1,6,1,20-30,19.7,9.0,3.0,0.3333333333333333,-3,2,4086.8344444444447,0.23,0.5555555555555556,0.2222222222222222,0.0,350.78,1,1,1.0,350.78,1,1,1.0,350.78,1,1,1.0,31379.670000000006,8,3,0.375,0
LGS2ORD0047437,C013203,2026-01-11 16:00:00,Male,42,Gold,Lazada,Chonburi,1154,CallCenter,COD,16,1,6,1,40-50,38.46666666666667,4.0,1.0,0.25,26,37,6135.0375,0.28,0.75,0.5,0.0,0.0,0,0,0.0,0.0,0,0,0.0,6441.58,1,1,1.0,24540.15,4,1,0.25,1
LGS2ORD0047438,C012373,2026-01-11 16:00:00,Female,55,Bronze,TV,Chonburi,1421,Lazada,PromptPay,16,1,6,1,>50,47.36666666666667,8.0,2.0,0.25,83,26,7899.1449999999995,0.28,0.625,0.625,0.0,0.0,0,0,0.0,4279.31,1,0,0.0,4279.31,1,0,0.0,63193.159999999996,8,2,0.25,0
LGS2ORD0047439,C012931,2026-01-11 16:00:00,Female,38,Bronze,Lazada,Bangkok,852,Shopee,Credit_Card,16,1,6,1,30-40,28.4,5.0,1.0,0.2,313,58,7199.348,0.23,0.2,0.2,0.0,0.0,0,0,0.0,0.0,0,0,0.0,9638.64,1,0,0.0,35996.74,5,1,0.2,0
LGS2ORD0047440,C010547,2026-01-11 16:00:00,Male,30,Silver,Lazada,Bangkok,578,Web,Credit_Card,16,1,6,1,20-30,19.266666666666666,7.0,3.0,0.42857142857142855,42,52,1992.342857142857,0.25,0.7142857142857143,0.14285714285714285,0.0,0.0,0,0,0.0,0.0,0,0,0.0,2204.31,2,2,1.0,13946.399999999998,7,3,0.42857142857142855,1
LGS2ORD0047441,C012266,2026-01-11 17:00:00,Female,38,Silver,TV,Nakhon Ratchasima,1654,Shopee,COD,17,1,6,1,30-40,55.13333333333333,7.0,2.0,0.2857142857142857,149,8,3825.4857142857145,0.3,0.5714285714285714,0.42857142857142855,0.0,0.0,0,0,0.0,12884.71,2,0,0.0,12884.71,2,0,0.0,23392.57,6,1,0.16666666666666666,1
LGS2ORD0047442,C012320,2026-01-11 17:00:00,Female,46,Bronze,TV,Bangkok,1005,TV_Show,COD,17,1,6,1,40-50,33.5,6.0,0.0,0.0,-1,95,4195.631666666667,0.28,0.6666666666666666,0.3333333333333333,0.0,0.0,0,0,0.0,0.0,0,0,0.0,0.0,0,0,0.0,25173.79,6,0,0.0,0
LGS2ORD0047443,C014831,2026-01-11 17:00:00,Female,38,Bronze,Shopee,Remote_Area,940,Web,COD,17,1,6,1,30-40,31.333333333333332,8.0,5.0,0.625,91,96,4401.6475,0.28,0.375,0.375,0.0,0.0,0,0,0.0,0.0,0,0,0.0,0.0,0,0,0.0,35213.18,8,5,0.625,0
LGS2ORD0047444,C016783,2026-01-11 17:00:00,Female,36,Bronze,Shopee,Bangkok,868,Shopee,COD,17,1,6,1,30-40,28.933333333333334,7.0,3.0,0.42857142857142855,4,16,3103.9671428571432,0.28,0.5714285714285714,0.42857142857142855,0.0,0.0,0,0,0.0,2408.83,1,1,1.0,5914.1900000000005,3,3,1.0,21727.770000000004,7,3,0.42857142857142855,0
LGS2ORD0047445,C015568,2026-01-11 17:00:00,Male,59,Bronze,Shopee,Khon Kaen,1665,TV_Show,Bank_Transfer,17,1,6,1,>50,55.5,7.0,0.0,0.0,-1,60,11308.118571428571,0.28,0.5714285714285714,0.2857142857142857,0.0,0.0,0,0,0.0,0.0,0,0,0.0,4249.2,1,0,0.0,73827.76,6,0,0.0,0
LGS2ORD0047446,C014113,2026-01-11 18:00:00,Female,47,Silver,CallCenter,Khon Kaen,1576,CallCenter,PromptPay,18,1,6,1,40-50,52.53333333333333,4.0,1.0,0.25,82,1,13669.1075,0.25,0.5,0.5,0.0,22891.56,1,0,0.0,22891.56,1,0,0.0,27912.22,2,1,0.5,54676.43,4,1,0.25,0
LGS2ORD0047447,C012703,2026-01-11 18:00:00,Female,33,Bronze,TV,Phuket,1834,TV_Show,COD,18,1,6,1,30-40,61.13333333333333,2.0,0.0,0.0,-1,26,7893.525000000001,0.23,0.5,0.5,0.0,0.0,0,0,0.0,2447.76,1,0,0.0,2447.76,1,0,0.0,15787.050000000001,2,0,0.0,0
LGS2ORD0047448,C014560,2026-01-11 18:00:00,Female,67,Bronze,TV,Khon Kaen,976,TV_Show,COD,18,1,6,1,>50,32.53333333333333,7.0,4.0,0.5714285714285714,-8,3,5238.228571428573,0.28,0.7142857142857143,0.42857142857142855,0.0,4505.16,1,1,1.0,4505.16,1,1,1.0,18766.9,2,2,1.0,36667.600000000006,7,4,0.5714285714285714,0
LGS2ORD0047449,C016309,2026-01-11 18:00:00,Male,38,Silver,Shopee,Bangkok,1512,TV_Show,COD,18,1,6,1,30-40,50.4,3.0,0.0,0.0,-1,118,4824.723333333332,0.3,0.6666666666666666,0.3333333333333333,0.0,0.0,0,0,0.0,0.0,0,0,0.0,0.0,0,0,0.0,14474.169999999998,3,0,0.0,0
LGS2ORD0047450,C012500,2026-01-11 18:00:00,Female,32,Gold,Web,Chonburi,483,Lazada,Credit_Card,18,1,6,1,30-40,16.1,4.0,0.0,0.0,-1,60,5139.6475,0.2299999999999999,0.5,0.25,0.0,0.0,0,0,0.0,0.0,0,0,0.0,1678.73,1,0,0.0,20558.59,4,0,0.0,0
LGS2ORD0047451,C013392,2026-01-11 19:00:00,Male,51,Silver,Web,Phuket,1714,TV_Show,COD,19,1,6,1,>50,57.13333333333333,7.0,2.0,0.2857142857142857,156,141,8857.355714285713,0.3,0.7142857142857143,0.14285714285714285,0.0,0.0,0,0,0.0,0.0,0,0,0.0,0.0,0,0,0.0,60959.479999999996,6,2,0.3333333333333333,1
LGS2ORD0047452,C014536,2026-01-11 19:00:00,Male,19,Bronze,Lazada,Chiang Mai,1254,Lazada,Credit_Card,19,1,6,1,<20,41.8,7.0,1.0,0.14285714285714285,25,32,5664.2985714285705,0.23,0.14285714285714285,0.2857142857142857,0.0,0.0,0,0,0.0,0.0,0,0,0.0,6572.31,1,1,1.0,39650.09,7,1,0.14285714285714285,0
LGS2ORD0047453,C017324,2026-01-11 19:00:00,Male,50,Silver,Web,Khon Kaen,800,TV_Show,PromptPay,19,1,6,1,40-50,26.666666666666668,1.0,1.0,1.0,280,293,1903.39,0.2,1.0,0.0,0.0,0.0,0,0,0.0,0.0,0,0,0.0,0.0,0,0,0.0,1903.39,1,1,1.0,0
LGS2ORD0047454,C016209,2026-01-11 19:00:00,Female,32,Bronze,Lazada,Nakhon Ratchasima,1582,TV_Show,PromptPay,19,1,6,1,30-40,52.733333333333334,8.0,2.0,0.25,262,10,5677.69125,0.23,0.5,0.25,0.0,0.0,0,0,0.0,9005.84,1,0,0.0,12185.66,2,0,0.0,45421.53,8,2,0.25,0
LGS2ORD0047455,C012269,2026-01-11 19:00:00,Male,32,Gold,Lazada,Bangkok,1655,Shopee,Credit_Card,19,1,6,1,30-40,55.166666666666664,6.0,2.0,0.3333333333333333,163,113,2071.0316666666668,0.28,0.16666666666666666,0.3333333333333333,0.0,0.0,0,0,0.0,0.0,0,0,0.0,0.0,0,0,0.0,12426.19,6,2,0.3333333333333333,0
LGS2ORD0047456,C014714,2026-01-11 19:00:00,Female,66,Gold,CallCenter,Bangkok,956,Lazada,COD,19,1,6,1,>50,31.866666666666667,4.0,2.0,0.5,121,126,4504.82,0.28,0.75,0.75,0.0,0.0,0,0,0.0,0.0,0,0,0.0,0.0,0,0,0.0,18019.28,4,2,0.5,0
LGS2ORD0047457,C011667,2026-01-11 20:00:00,Male,41,Bronze,Shopee,Remote_Area,733,Lazada,Credit_Card,20,1,6,1,40-50,24.433333333333334,11.0,6.0,0.5454545454545454,0,7,5666.84,0.28,0.6363636363636364,0.36363636363636365,0.0,0.0,0,0,0.0,7949.65,2,1,0.5,19742.93,3,2,0.6666666666666666,62335.24,11,6,0.5454545454545454,0
LGS2ORD0047458,C011320,2026-01-11 20:00:00,Male,47,Silver,Shopee,Chonburi,1144,Lazada,COD,20,1,6,1,40-50,38.13333333333333,9.0,1.0,0.1111111111111111,198,4,3694.1433333333325,0.3,0.6666666666666666,0.2222222222222222,0.0,6220.56,1,0,0.0,6220.56,1,0,0.0,11562.470000000001,2,0,0.0,33247.28999999999,9,1,0.1111111111111111,0
LGS2ORD0047459,C012180,2026-01-11 20:00:00,Male,57,Bronze,Shopee,Chonburi,1148,Shopee,Credit_Card,20,1,6,1,>50,38.266666666666666,3.0,0.0,0.0,-1,2,1964.78,0.08,0.3333333333333333,0.0,0.0,534.93,1,0,0.0,534.93,1,0,0.0,4275.4400000000005,2,0,0.0,5894.34,3,0,0.0,1
LGS2ORD0047460,C011054,2026-01-11 20:00:00,Male,47,Silver,Web,Bangkok,1040,Shopee,COD,20,1,6,1,40-50,34.666666666666664,5.0,0.0,0.0,-1,14,6546.424000000001,0.2,1.0,0.0,0.0,0.0,0,0,0.0,8159.110000000001,2,0,0.0,32732.120000000003,5,0,0.0,32732.120000000003,5,0,0.0,0
LGS2ORD0047461,C014121,2026-01-11 20:00:00,Female,46,Silver,CallCenter,Nakhon Ratchasima,1258,Lazada,Credit_Card,20,1,6,1,40-50,41.93333333333333,4.0,0.0,0.0,-1,251,5282.1,0.05,0.5,0.0,0.0,0.0,0,0,0.0,0.0,0,0,0.0,0.0,0,0,0.0,21128.4,4,0,0.0,1
LGS2ORD0047462,C014487,2026-01-11 21:00:00,Other,44,Gold,Web,Bangkok,953,Shopee,PromptPay,21,1,6,1,40-50,31.766666666666666,2.0,0.0,0.0,-1,67,8071.665,0.28,0.5,0.5,0.0,0.0,0,0,0.0,0.0,0,0,0.0,7985.45,1,0,0.0,16143.33,2,0,0.0,0
LGS2ORD0047463,C016261,2026-01-11 21:00:00,Female,50,Bronze,CallCenter,Bangkok,1022,TV_Show,COD,21,1,6,1,40-50,34.06666666666667,5.0,1.0,0.2,271,171,2268.0000000000005,0.18,0.4,0.0,0.0,0.0,0,0,0.0,0.0,0,0,0.0,0.0,0,0,0.0,11340.000000000002,5,1,0.2,1
LGS2ORD0047464,C014642,2026-01-11 21:00:00,Male,60,Silver,Shopee,Phuket,1753,Shopee,COD,21,1,6,1,>50,58.43333333333333,13.0,3.0,0.23076923076923078,-10,0,4305.42,0.3,0.6153846153846154,0.3076923076923077,0.0,6272.450000000001,2,1,0.5,6272.450000000001,2,1,0.5,24077.23,5,1,0.2,55970.46,13,3,0.23076923076923078,1
LGS2ORD0047465,C017275,2026-01-11 21:00:00,Female,19,Silver,Web,Phuket,1497,TV_Show,Credit_Card,21,1,6,1,<20,49.9,3.0,0.0,0.0,-1,69,3835.14,0.25,0.3333333333333333,0.6666666666666666,0.0,0.0,0,0,0.0,0.0,0,0,0.0,1762.18,1,0,0.0,11505.42,3,0,0.0,0
LGS2ORD0047466,C014904,2026-01-11 21:00:00,Female,26,Platinum,CallCenter,Chiang Mai,438,Shopee,Credit_Card,21,1,6,1,20-30,14.6,7.0,0.0,0.0,-1,83,3189.7214285714285,0.25,0.42857142857142855,0.2857142857142857,0.0,0.0,0,0,0.0,0.0,0,0,0.0,2025.15,1,0,0.0,22328.05,7,0,0.0,0
LGS2ORD0047467,C017645,2026-01-11 22:00:00,Female,59,Gold,CallCenter,Bangkok,1267,Shopee,COD,22,1,6,1,>50,42.233333333333334,4.0,1.0,0.25,171,57,7381.455,0.28,0.5,0.25,0.0,0.0,0,0,0.0,0.0,0,0,0.0,14574.65,1,0,0.0,29525.82,4,1,0.25,0
LGS2ORD0047468,C010685,2026-01-11 22:00:00,Female,33,Gold,Web,Chiang Mai,1528,Web,Bank_Transfer,22,1,6,1,30-40,50.93333333333333,5.0,1.0,0.2,72,54,3998.8399999999992,0.2299999999999999,0.2,0.2,0.0,0.0,0,0,0.0,0.0,0,0,0.0,10310.47,2,1,0.5,19994.199999999997,5,1,0.2,0
LGS2ORD0047469,C015768,2026-01-11 22:00:00,Female,18,Bronze,CallCenter,Nakhon Ratchasima,1719,Lazada,PromptPay,22,1,6,1,<20,57.3,9.0,4.0,0.4444444444444444,162,20,4250.337777777778,0.28,0.6666666666666666,0.3333333333333333,0.0,0.0,0,0,0.0,921.25,1,0,0.0,3030.11,2,0,0.0,38253.04,9,4,0.4444444444444444,1
LGS2ORD0047470,C017353,2026-01-11 22:00:00,Male,54,Silver,Web,Bangkok,775,CallCenter,Credit_Card,22,1,6,1,>50,25.833333333333332,5.0,1.0,0.2,358,15,5695.0419999999995,0.2,0.6,0.0,0.0,0.0,0,0,0.0,10125.53,1,0,0.0,11819.44,2,0,0.0,28475.21,5,1,0.2,1
LGS2ORD0047471,C013989,2026-01-11 22:00:00,Female,21,Bronze,Web,Chiang Mai,870,Lazada,PromptPay,22,1,6,1,20-30,29.0,3.0,1.0,0.3333333333333333,275,65,3582.3566666666666,0.23,1.0,0.3333333333333333,0.0,0.0,0,0,0.0,0.0,0,0,0.0,1659.13,1,0,0.0,10747.07,3,1,0.3333333333333333,0
LGS2ORD0047472,C011401,2026-01-11 23:00:00,Male,37,Platinum,Shopee,Chiang Mai,1357,CallCenter,Credit_Card,23,1,6,1,30-40,45.233333333333334,3.0,1.0,0.3333333333333333,110,27,1841.0133333333333,0.3,0.6666666666666666,0.3333333333333333,0.0,0.0,0,0,0.0,3907.35,1,0,0.0,3907.35,1,0,0.0,5523.04,3,1,0.3333333333333333,0
LGS2ORD0047473,C015869,2026-01-11 23:00:00,Female,56,Bronze,Lazada,Phuket,1561,Shopee,Credit_Card,23,1,6,1,>50,52.03333333333333,9.0,4.0,0.4444444444444444,102,1,8768.48,0.28,0.2222222222222222,0.2222222222222222,0.0,6088.2,1,0,0.0,42395.6,3,0,0.0,44219.21,4,0,0.0,78916.31999999999,9,4,0.4444444444444444,1
LGS2ORD0047474,C016504,2026-01-11 23:00:00,Male,51,Platinum,Shopee,Chonburi,1075,TV_Show,COD,23,1,6,1,>50,35.833333333333336,6.0,0.0,0.0,-1,25,3360.328333333333,0.25,0.3333333333333333,0.5,0.0,0.0,0,0,0.0,1482.01,1,0,0.0,12855.06,2,0,0.0,20161.969999999998,6,0,0.0,0
LGS2ORD0047475,C012047,2026-01-11 23:00:00,Female,33,Bronze,TV,Chonburi,1581,TV_Show,Credit_Card,23,1,6,1,30-40,52.7,4.0,1.0,0.25,145,78,3914.4124999999995,0.28,0.25,0.5,0.0,0.0,0,0,0.0,0.0,0,0,0.0,5201.82,1,0,0.0,15657.649999999998,4,1,0.25,1
LGS2ORD0047476,C015392,2026-01-11 23:00:00,Male,41,Bronze,TV,Bangkok,550,Shopee,COD,23,1,6,1,40-50,18.333333333333332,9.0,0.0,0.0,-1,19,6633.17,0.23,0.6666666666666666,0.2222222222222222,0.0,0.0,0,0,0.0,32127.9,1,0,0.0,33677.310000000005,2,0,0.0,59698.53,9,0,0.0,0
LGS2ORD0047477,C011759,2026-01-11 23:00:00,Male,38,Silver,Web,Chonburi,1128,CallCenter,Bank_Transfer,23,1,6,1,30-40,37.6,5.0,0.0,0.0,-1,87,10482.720000000001,0.3,0.2,0.4,0.0,0.0,0,0,0.0,0.0,0,0,0.0,1397.12,1,0,0.0,52413.600000000006,5,0,0.0,0
LGS2ORD0047478,C012525,2026-01-12 00:00:00,Female,50,Bronze,Shopee,Bangkok,1095,CallCenter,COD,0,1,0,0,40-50,36.5,12.0,4.0,0.3333333333333333,53,64,4702.072499999999,0.28,0.75,0.4166666666666667,0.0,0.0,0,0,0.0,0.0,0,0,0.0,486.86,1,1,1.0,56424.869999999995,12,4,0.3333333333333333,0
LGS2ORD0047479,C012890,2026-01-12 00:00:00,Male,41,Silver,Shopee,Khon Kaen,552,Web,Credit_Card,0,1,0,0,40-50,18.4,8.0,1.0,0.125,112,15,5227.141250000001,0.3,0.375,0.125,0.0,0.0,0,0,0.0,1695.59,1,0,0.0,1695.59,1,0,0.0,41817.130000000005,8,1,0.125,1
LGS2ORD0047480,C017474,2026-01-12 00:00:00,Male,42,Gold,TV,Bangkok,1487,CallCenter,COD,0,1,0,0,40-50,49.56666666666667,4.0,1.0,0.25,256,87,1503.21,0.28,0.0,1.0,0.0,0.0,0,0,0.0,0.0,0,0,0.0,1703.4,1,0,0.0,6012.84,4,1,0.25,0
LGS2ORD0047481,C013947,2026-01-12 00:00:00,Female,36,Bronze,Shopee,Phuket,1144,Web,COD,0,1,0,0,30-40,38.13333333333333,6.0,4.0,0.6666666666666666,65,74,3079.24,0.23,0.5,0.6666666666666666,0.0,0.0,0,0,0.0,0.0,0,0,0.0,2545.69,1,1,1.0,17258.14,5,4,0.8,1
LGS2ORD0047482,C015580,2026-01-12 00:00:00,Female,60,Bronze,Lazada,Phuket,1696,Shopee,Bank_Transfer,0,1,0,0,>50,56.53333333333333,8.0,2.0,0.25,179,15,7828.556250000001,0.28,0.75,0.25,0.0,0.0,0,0,0.0,2469.23,1,0,0.0,9430.27,2,0,0.0,21655.329999999998,7,2,0.2857142857142857,0
LGS2ORD0047483,C016413,2026-01-12 01:00:00,Female,66,Bronze,Web,Bangkok,620,Web,Credit_Card,1,1,0,0,>50,20.666666666666668,7.0,1.0,0.14285714285714285,269,12,4455.162857142857,0.23,0.7142857142857143,0.14285714285714285,0.0,0.0,0,0,0.0,8138.22,1,0,0.0,8138.22,1,0,0.0,31186.140000000003,7,1,0.14285714285714285,0
LGS2ORD0047484,C017444,2026-01-12 01:00:00,Male,54,Bronze,TV,Chiang Mai,798,Web,COD,1,1,0,0,>50,26.6,9.0,2.0,0.2222222222222222,309,200,6863.343333333334,0.28,0.6666666666666666,0.2222222222222222,0.0,0.0,0,0,0.0,0.0,0,0,0.0,0.0,0,0,0.0,60873.87,8,1,0.125,0
LGS2ORD0047485,C015810,2026-01-12 01:00:00,Male,53,Gold,TV,Phuket,511,Web,PromptPay,1,1,0,0,>50,17.033333333333335,5.0,1.0,0.2,196,174,4225.278,0.28,0.4,0.6,0.0,0.0,0,0,0.0,0.0,0,0,0.0,0.0,0,0,0.0,21126.39,5,1,0.2,0
LGS2ORD0047486,C015689,2026-01-12 01:00:00,Male,36,Silver,Shopee,Songkhla,1171,TV_Show,COD,1,1,0,0,30-40,39.03333333333333,7.0,3.0,0.42857142857142855,201,136,6907.331428571429,0.3,0.42857142857142855,0.2857142857142857,0.0,0.0,0,0,0.0,0.0,0,0,0.0,0.0,0,0,0.0,48351.32,7,3,0.42857142857142855,0
LGS2ORD0047487,C013816,2026-01-12 01:00:00,Female,44,Bronze,TV,Bangkok,1396,Web,PromptPay,1,1,0,0,40-50,46.53333333333333,9.0,3.0,0.3333333333333333,87,23,5642.886666666667,0.28,0.8888888888888888,0.4444444444444444,0.0,0.0,0,0,0.0,17141.27,2,0,0.0,17141.27,2,0,0.0,41434.67,8,2,0.25,0
LGS2ORD0047488,C016723,2026-01-12 02:00:00,Female,46,Silver,Web,Nakhon Ratchasima,686,TV_Show,COD,2,1,0,0,40-50,22.866666666666667,5.0,0.0,0.0,-1,55,3355.994,0.25,0.0,0.2,0.0,0.0,0,0,0.0,0.0,0,0,0.0,1590.39,1,0,0.0,7629.24,4,0,0.0,1
LGS2ORD0047489,C016947,2026-01-12 02:00:00,Female,39,Bronze,CallCenter,Bangkok,1348,TV_Show,COD,2,1,0,0,30-40,44.93333333333333,13.0,3.0,0.23076923076923078,141,0,7540.133846153846,0.23,0.6153846153846154,0.38461538461538464,0.0,5726.46,1,0,0.0,5726.46,1,0,0.0,40098.04,3,0,0.0,98021.74,13,3,0.23076923076923078,0
LGS2ORD0047490,C014270,2026-01-12 02:00:00,Female,42,Gold,TV,Chiang Mai,1359,Lazada,COD,2,1,0,0,40-50,45.3,7.0,1.0,0.14285714285714285,42,56,5041.164285714286,0.28,0.7142857142857143,0.42857142857142855,0.0,0.0,0,0,0.0,0.0,0,0,0.0,2370.02,1,1,1.0,35288.15,7,1,0.14285714285714285,0
LGS2ORD0047491,C012549,2026-01-12 02:00:00,Female,50,Platinum,Lazada,Chiang Mai,1434,Web,COD,2,1,0,0,40-50,47.8,9.0,1.0,0.1111111111111111,363,39,3946.2966666666666,0.35,0.5555555555555556,0.6666666666666666,0.0,0.0,0,0,0.0,0.0,0,0,0.0,4093.2799999999997,2,0,0.0,30854.890000000003,7,0,0.0,1
LGS2ORD0047492,C011444,2026-01-12 02:00:00,Male,39,Bronze,Lazada,Bangkok,1575,TV_Show,COD,2,1,0,0,30-40,52.5,5.0,1.0,0.2,357,162,2765.8900000000003,0.28,0.2,0.4,0.0,0.0,0,0,0.0,0.0,0,0,0.0,0.0,0,0,0.0,12687.6,4,0,0.0,1
LGS2ORD0047493,C013094,2026-01-12 03:00:00,Female,37,Gold,Shopee,Bangkok,1629,Shopee,Credit_Card,3,1,0,0,30-40,54.3,3.0,0.0,0.0,-1,10,1247.8333333333333,0.33,0.0,0.6666666666666666,0.0,0.0,0,0,0.0,885.0,1,0,0.0,885.0,1,0,0.0,3743.5,3,0,0.0,0
LGS2ORD0047494,C013595,2026-01-12 03:00:00,Female,52,Gold,Lazada,Nakhon Ratchasima,657,Shopee,COD,3,1,0,0,>50,21.9,5.0,0.0,0.0,-1,11,4998.428,0.28,0.2,0.6,0.0,0.0,0,0,0.0,12417.560000000001,2,0,0.0,12417.560000000001,2,0,0.0,24992.14,5,0,0.0,0
LGS2ORD0047495,C013644,2026-01-12 03:00:00,Female,48,Bronze,TV,Chiang Mai,1756,CallCenter,Credit_Card,3,1,0,0,40-50,58.53333333333333,4.0,1.0,0.25,345,62,2543.635,0.28,0.5,0.25,0.0,0.0,0,0,0.0,0.0,0,0,0.0,484.54,1,0,0.0,10174.54,4,1,0.25,1
LGS2ORD0047496,C014927,2026-01-12 03:00:00,Male,47,Bronze,Shopee,Bangkok,584,TV_Show,COD,3,1,0,0,40-50,19.466666666666665,7.0,1.0,0.14285714285714285,153,81,6147.248571428571,0.28,0.8571428571428571,0.2857142857142857,0.0,0.0,0,0,0.0,0.0,0,0,0.0,15538.16,1,0,0.0,43030.74,7,1,0.14285714285714285,1
LGS2ORD0047497,C017872,2026-01-12 03:00:00,Male,31,Bronze,Shopee,Bangkok,593,Web,Credit_Card,3,1,0,0,30-40,19.766666666666666,2.0,0.0,0.0,-1,110,9586.02,0.28,1.0,0.5,0.0,0.0,0,0,0.0,0.0,0,0,0.0,0.0,0,0,0.0,19172.04,2,0,0.0,0
LGS2ORD0047498,C011338,2026-01-12 03:00:00,Female,39,Bronze,TV,Chonburi,1686,Lazada,COD,3,1,0,0,30-40,56.2,9.0,1.0,0.1111111111111111,262,5,11957.273333333334,0.18,0.4444444444444444,0.0,0.1111111111111111,1788.83,1,0,0.0,1788.83,1,0,0.0,31873.57,2,0,0.0,107615.46,9,1,0.1111111111111111,1
LGS2ORD0047499,C016681,2026-01-12 04:00:00,Male,43,Gold,TV,Bangkok,1560,CallCenter,PromptPay,4,1,0,0,40-50,52.0,5.0,1.0,0.2,198,47,3806.1340000000005,0.33,0.4,0.2,0.0,0.0,0,0,0.0,0.0,0,0,0.0,3892.07,1,0,0.0,19030.670000000002,5,1,0.2,0
LGS2ORD0047500,C012996,2026-01-12 04:00:00,Female,35,Platinum,Web,Khon Kaen,1513,Lazada,COD,4,1,0,0,30-40,50.43333333333333,2.0,1.0,0.5,227,239,6516.7,0.2,0.5,0.0,0.0,0.0,0,0,0.0,0.0,0,0,0.0,0.0,0,0,0.0,13033.4,2,1,0.5,0
LGS2ORD0047501,C014431,2026-01-12 04:00:00,Female,52,Bronze,TV,Khon Kaen,990,TV_Show,Credit_Card,4,1,0,0,>50,33.0,5.0,1.0,0.2,317,119,2753.9440000000004,0.28,0.6,0.2,0.0,0.0,0,0,0.0,0.0,0,0,0.0,0.0,0,0,0.0,13769.720000000001,5,1,0.2,0
LGS2ORD0047502,C012510,2026-01-12 04:00:00,Female,51,Bronze,Shopee,Songkhla,1552,Web,Credit_Card,4,1,0,0,>50,51.733333333333334,9.0,4.0,0.4444444444444444,71,68,2794.2966666666666,0.23,0.7777777777777778,0.3333333333333333,0.0,0.0,0,0,0.0,0.0,0,0,0.0,4448.280000000001,2,1,0.5,25148.67,9,4,0.4444444444444444,0
LGS2ORD0047503,C010707,2026-01-12 04:00:00,Male,29,Platinum,Lazada,Bangkok,477,Web,PromptPay,4,1,0,0,20-30,15.9,3.0,1.0,0.3333333333333333,158,146,6992.54,0.3,0.6666666666666666,0.3333333333333333,0.0,0.0,0,0,0.0,0.0,0,0,0.0,0.0,0,0,0.0,20977.62,3,1,0.3333333333333333,0
LGS2ORD0047504,C016048,2026-01-12 05:00:00,Female,34,Silver,Shopee,Chiang Mai,1087,Shopee,Credit_Card,5,1,0,0,30-40,36.233333333333334,8.0,4.0,0.5,64,73,2654.40125,0.25,0.875,0.5,0.125,0.0,0,0,0.0,0.0,0,0,0.0,6875.66,2,1,0.5,17108.260000000002,7,3,0.42857142857142855,0
LGS2ORD0047505,C014503,2026-01-12 05:00:00,Male,44,Gold,Shopee,Khon Kaen,992,TV_Show,PromptPay,5,1,0,0,40-50,33.06666666666667,6.0,0.0,0.0,-1,10,8936.193333333335,0.28,0.3333333333333333,0.3333333333333333,0.0,0.0,0,0,0.0,1694.2,1,0,0.0,1694.2,1,0,0.0,53617.16,6,0,0.0,0
LGS2ORD0047506,C017392,2026-01-12 05:00:00,Female,36,Bronze,Web,Khon Kaen,970,TV_Show,COD,5,1,0,0,30-40,32.333333333333336,7.0,2.0,0.2857142857142857,184,56,6875.254285714285,0.28,0.2857142857142857,0.14285714285714285,0.0,0.0,0,0,0.0,0.0,0,0,0.0,4635.97,1,0,0.0,48126.78,7,2,0.2857142857142857,1
LGS2ORD0047507,C015813,2026-01-12 05:00:00,Male,47,Gold,Web,Bangkok,1216,TV_Show,PromptPay,5,1,0,0,40-50,40.53333333333333,5.0,1.0,0.2,218,89,2223.634,0.33,0.4,0.4,0.0,0.0,0,0,0.0,0.0,0,0,0.0,433.54,1,0,0.0,11118.17,5,1,0.2,1
LGS2ORD0047508,C015730,2026-01-12 05:00:00,Male,57,Bronze,CallCenter,Chonburi,1358,TV_Show,Credit_Card,5,1,0,0,>50,45.266666666666666,5.0,1.0,0.2,31,42,6531.4400000000005,0.28,0.4,0.4,0.0,0.0,0,0,0.0,0.0,0,0,0.0,2557.47,1,1,1.0,32657.200000000004,5,1,0.2,0
LGS2ORD0047509,C010756,2026-01-12 06:00:00,Male,54,Bronze,TV,Phuket,1803,TV_Show,PromptPay,6,1,0,0,>50,60.1,8.0,2.0,0.25,48,52,7463.26875,0.28,0.75,0.5,0.0,0.0,0,0,0.0,0.0,0,0,0.0,8483.17,2,2,1.0,39158.45,7,2,0.2857142857142857,0
LGS2ORD0047510,C015968,2026-01-12 06:00:00,Female,30,Silver,Shopee,Chiang Mai,1715,TV_Show,Credit_Card,6,1,0,0,20-30,57.166666666666664,4.0,2.0,0.5,249,38,3622.7925,0.2,0.75,0.0,0.0,0.0,0,0,0.0,0.0,0,0,0.0,1377.68,1,0,0.0,14491.17,4,2,0.5,0
LGS2ORD0047511,C012170,2026-01-12 06:00:00,Male,38,Bronze,Web,Remote_Area,1032,Shopee,PromptPay,6,1,0,0,30-40,34.4,3.0,0.0,0.0,-1,74,17072.683333333334,0.13,0.3333333333333333,0.0,0.0,0.0,0,0,0.0,0.0,0,0,0.0,29806.16,1,0,0.0,51218.05,3,0,0.0,0
LGS2ORD0047512,C017004,2026-01-12 06:00:00,Male,36,Silver,Web,Bangkok,1678,Shopee,PromptPay,6,1,0,0,30-40,55.93333333333333,2.0,1.0,0.5,79,92,8934.835,0.05,0.5,0.0,0.0,0.0,0,0,0.0,0.0,0,0,0.0,0.0,0,0,0.0,17869.67,2,1,0.5,0
LGS2ORD0047513,C011753,2026-01-12 06:00:00,Female,40,Bronze,TV,Chiang Mai,1725,Web,COD,6,1,0,0,30-40,57.5,13.0,4.0,0.3076923076923077,50,62,4643.068461538462,0.28,0.23076923076923078,0.23076923076923078,0.07692307692307693,0.0,0,0,0.0,0.0,0,0,0.0,1183.15,1,1,1.0,60359.89,13,4,0.3076923076923077,0
LGS2ORD0047514,C014507,2026-01-12 07:00:00,Female,57,Bronze,Shopee,Songkhla,939,Lazada,Bank_Transfer,7,1,0,0,>50,31.3,3.0,1.0,0.3333333333333333,300,240,6228.6466666666665,0.28,0.3333333333333333,0.3333333333333333,0.0,0.0,0,0,0.0,0.0,0,0,0.0,0.0,0,0,0.0,18685.94,3,1,0.3333333333333333,0
LGS2ORD0047515,C010748,2026-01-12 07:00:00,Male,24,Gold,Web,Chonburi,957,Shopee,Credit_Card,7,1,0,0,20-30,31.9,2.0,1.0,0.5,134,71,4041.71,0.2299999999999999,0.5,0.5,0.0,0.0,0,0,0.0,0.0,0,0,0.0,3653.67,1,0,0.0,8083.42,2,1,0.5,0
LGS2ORD0047516,C017711,2026-01-12 07:00:00,Male,47,Bronze,Shopee,Remote_Area,1029,Lazada,PromptPay,7,1,0,0,40-50,34.3,11.0,5.0,0.45454545454545453,77,28,5166.91909090909,0.28,0.36363636363636365,0.18181818181818182,0.0,0.0,0,0,0.0,15908.53,1,0,0.0,28737.48,4,0,0.0,56836.10999999999,11,5,0.45454545454545453,0
LGS2ORD0047517,C010700,2026-01-12 07:00:00,Male,32,Bronze,CallCenter,Chiang Mai,849,TV_Show,COD,7,1,0,0,30-40,28.3,9.0,2.0,0.2222222222222222,149,8,7273.613333333334,0.23,0.6666666666666666,0.2222222222222222,0.0,0.0,0,0,0.0,17261.34,2,0,0.0,27760.339999999997,3,0,0.0,61639.03,8,2,0.25,1
LGS2ORD0047518,C011039,2026-01-12 07:00:00,Female,47,Bronze,Lazada,Chonburi,1414,TV_Show,PromptPay,7,1,0,0,40-50,47.13333333333333,11.0,7.0,0.6363636363636364,68,83,5545.524545454547,0.28,0.7272727272727273,0.36363636363636365,0.0,0.0,0,0,0.0,0.0,0,0,0.0,11942.71,3,2,0.6666666666666666,61000.77000000001,11,7,0.6363636363636364,0
LGS2ORD0047519,C012624,2026-01-12 07:00:00,Male,47,Silver,Shopee,Remote_Area,1170,Web,COD,7,1,0,0,40-50,39.0,11.0,4.0,0.36363636363636365,70,16,4839.309090909091,0.25,0.6363636363636364,0.09090909090909091,0.0,0.0,0,0,0.0,690.68,1,0,0.0,9691.15,3,2,0.6666666666666666,53232.4,11,4,0.36363636363636365,1
LGS2ORD0047520,C014516,2026-01-12 08:00:00,Other,57,Bronze,Lazada,Chonburi,1147,CallCenter,COD,8,1,0,0,>50,38.233333333333334,8.0,2.0,0.25,125,77,3648.7,0.28,0.625,0.625,0.0,0.0,0,0,0.0,0.0,0,0,0.0,7776.96,3,0,0.0,29189.6,8,2,0.25,0
LGS2ORD0047521,C016262,2026-01-12 08:00:00,Male,51,Silver,CallCenter,Bangkok,574,Web,Bank_Transfer,8,1,0,0,>50,19.133333333333333,8.0,1.0,0.125,175,8,8195.0425,0.25,0.625,0.25,0.0,0.0,0,0,0.0,8934.28,1,0,0.0,19104.6,2,0,0.0,65560.34,8,1,0.125,0
LGS2ORD0047522,C013726,2026-01-12 08:00:00,Male,37,Gold,Shopee,Nakhon Ratchasima,638,TV_Show,Credit_Card,8,1,0,0,30-40,21.266666666666666,1.0,0.0,0.0,-1,93,2810.76,0.28,0.0,1.0,0.0,0.0,0,0,0.0,0.0,0,0,0.0,0.0,0,0,0.0,2810.76,1,0,0.0,0
LGS2ORD0047523,C011347,2026-01-12 08:00:00,Male,55,Bronze,Lazada,Chiang Mai,1671,Web,COD,8,1,0,0,>50,55.7,2.0,0.0,0.0,-1,28,2741.74,0.18,1.0,0.0,0.0,0.0,0,0,0.0,3688.97,1,0,0.0,5483.48,2,0,0.0,5483.48,2,0,0.0,0
LGS2ORD0047524,C011050,2026-01-12 08:00:00,Female,28,Platinum,TV,Chiang Mai,1654,Web,PromptPay,8,1,0,0,20-30,55.13333333333333,2.0,0.0,0.0,-1,234,2709.395,0.15,0.5,0.0,0.0,0.0,0,0,0.0,0.0,0,0,0.0,0.0,0,0,0.0,5418.79,2,0,0.0,0
LGS2ORD0047525,C015792,2026-01-12 09:00:00,Female,26,Silver,CallCenter,Bangkok,1177,TV_Show,COD,9,1,0,0,20-30,39.233333333333334,10.0,3.0,0.3,169,10,4113.069,0.3,0.7,0.4,0.0,0.0,0,0,0.0,2897.79,2,0,0.0,2897.79,2,0,0.0,41130.69,10,3,0.3,1
LGS2ORD0047526,C016852,2026-01-12 09:00:00,Male,19,Silver,TV,Nakhon Ratchasima,904,Web,PromptPay,9,1,0,0,<20,30.133333333333333,3.0,0.0,0.0,-1,33,7896.343333333333,0.2,0.0,0.0,0.0,0.0,0,0,0.0,0.0,0,0,0.0,2688.29,1,0,0.0,23689.03,3,0,0.0,0
LGS2ORD0047527,C011149,2026-01-12 09:00:00,Male,48,Bronze,TV,Chonburi,1823,CallCenter,COD,9,1,0,0,40-50,60.766666666666666,6.0,0.0,0.0,-1,4,10575.624999999998,0.23,0.6666666666666666,0.3333333333333333,0.0,4014.67,1,0,0.0,4014.67,1,0,0.0,18168.64,2,0,0.0,63453.74999999999,6,0,0.0,0
LGS2ORD0047528,C014037,2026-01-12 09:00:00,Other,51,Gold,Web,Remote_Area,391,Shopee,COD,9,1,0,0,>50,13.033333333333333,4.0,3.0,0.75,33,48,2870.37,0.28,0.75,0.5,0.0,0.0,0,0,0.0,0.0,0,0,0.0,5986.759999999999,2,1,0.5,11481.48,4,3,0.75,0
LGS2ORD0047529,C015979,2026-01-12 09:00:00,Male,49,Silver,Lazada,Phuket,1657,Web,COD,9,1,0,0,40-50,55.233333333333334,11.0,1.0,0.09090909090909091,188,31,4867.81,0.3,0.6363636363636364,0.2727272727272727,0.0,0.0,0,0,0.0,0.0,0,0,0.0,12500.630000000001,3,0,0.0,53545.91,11,1,0.09090909090909091,0
LGS2ORD0047530,C015074,2026-01-12 10:00:00,Female,55,Silver,Shopee,Nakhon Ratchasima,431,CallCenter,COD,10,1,0,0,>50,14.366666666666667,10.0,2.0,0.2,212,86,6235.763,0.3,0.5,0.5,0.0,0.0,0,0,0.0,0.0,0,0,0.0,12416.5,1,0,0.0,62357.63,10,2,0.2,0
LGS2ORD0047531,C014333,2026-01-12 10:00:00,Female,38,Bronze,Shopee,Remote_Area,464,TV_Show,COD,10,1,0,0,30-40,15.466666666666667,7.0,0.0,0.0,-1,23,4581.868571428571,0.28,0.42857142857142855,0.2857142857142857,0.0,0.0,0,0,0.0,1818.06,1,0,0.0,1818.06,1,0,0.0,32073.079999999998,7,0,0.0,0
LGS2ORD0047532,C010462,2026-01-12 10:00:00,Female,72,Bronze,TV,Chiang Mai,1012,Lazada,Credit_Card,10,1,0,0,>50,33.733333333333334,0.0,0.0,0.0,-1,-1,0.0,0.0,0.0,0.0,0.0,0.0,0,0,0.0,0.0,0,0,0.0,0.0,0,0,0.0,0.0,0,0,0.0,0
LGS2ORD0047533,C017102,2026-01-12 10:00:00,Female,18,Gold,TV,Remote_Area,1627,Web,Credit_Card,10,1,0,0,<20,54.233333333333334,9.0,5.0,0.5555555555555556,66,45,6720.982222222223,0.28,0.7777777777777778,0.5555555555555556,0.0,0.0,0,0,0.0,0.0,0,0,0.0,25662.57,2,1,0.5,60488.840000000004,9,5,0.5555555555555556,0
LGS2ORD0047534,C012541,2026-01-12 10:00:00,Female,45,Platinum,Lazada,Nakhon Ratchasima,943,Web,COD,10,1,0,0,40-50,31.433333333333334,3.0,0.0,0.0,-1,51,3458.096666666667,0.3,0.0,0.3333333333333333,0.0,0.0,0,0,0.0,0.0,0,0,0.0,9106.2,1,0,0.0,10374.29,3,0,0.0,0
LGS2ORD0047535,C013487,2026-01-12 10:00:00,Male,55,Bronze,Web,Bangkok,748,TV_Show,Bank_Transfer,10,1,0,0,>50,24.933333333333334,7.0,2.0,0.2857142857142857,232,163,6131.255714285716,0.28,0.42857142857142855,0.14285714285714285,0.0,0.0,0,0,0.0,0.0,0,0,0.0,0.0,0,0,0.0,42918.79000000001,7,2,0.2857142857142857,0
LGS2ORD0047536,C017774,2026-01-12 11:00:00,Female,37,Silver,Web,Chiang Mai,453,Lazada,Credit_Card,11,1,0,0,30-40,15.1,1.0,0.0,0.0,-1,210,2043.63,0.1,0.0,0.0,0.0,0.0,0,0,0.0,0.0,0,0,0.0,0.0,0,0,0.0,2043.63,1,0,0.0,0
LGS2ORD0047537,C017467,2026-01-12 11:00:00,Female,60,Bronze,TV,Phuket,758,Lazada,Credit_Card,11,1,0,0,>50,25.266666666666666,7.0,2.0,0.2857142857142857,14,20,4180.814285714286,0.28,0.42857142857142855,0.42857142857142855,0.0,0.0,0,0,0.0,2067.77,1,1,1.0,12928.99,4,2,0.5,29265.7,7,2,0.2857142857142857,1
LGS2ORD0047538,C016453,2026-01-12 11:00:00,Male,54,Gold,Lazada,Chonburi,1175,TV_Show,Bank_Transfer,11,1,0,0,>50,39.166666666666664,6.0,0.0,0.0,-1,6,4433.54,0.33,0.5,0.3333333333333333,0.0,5891.67,1,0,0.0,8145.5599999999995,2,0,0.0,8145.5599999999995,2,0,0.0,26601.239999999998,6,0,0.0,0
LGS2ORD0047539,C013152,2026-01-12 11:00:00,Female,46,Bronze,Web,Remote_Area,1351,Shopee,Credit_Card,11,1,0,0,40-50,45.03333333333333,6.0,1.0,0.16666666666666666,272,59,2523.7666666666664,0.23,0.6666666666666666,0.3333333333333333,0.0,0.0,0,0,0.0,0.0,0,0,0.0,158.57,1,0,0.0,15142.599999999999,6,1,0.16666666666666666,0
LGS2ORD0047540,C010986,2026-01-12 11:00:00,Male,37,Bronze,Shopee,Phuket,1397,Shopee,Credit_Card,11,1,0,0,30-40,46.56666666666667,4.0,1.0,0.25,291,65,11103.0625,0.23,0.25,0.25,0.0,0.0,0,0,0.0,0.0,0,0,0.0,2682.44,1,0,0.0,44412.25,4,1,0.25,0
LGS2ORD0047541,C016573,2026-01-12 12:00:00,Female,52,Gold,Shopee,Khon Kaen,880,CallCenter,Credit_Card,12,1,0,0,>50,29.333333333333332,7.0,1.0,0.14285714285714285,23,37,3565.0542857142855,0.28,0.5714285714285714,0.42857142857142855,0.0,0.0,0,0,0.0,0.0,0,0,0.0,13760.289999999999,2,1,0.5,24955.379999999997,7,1,0.14285714285714285,0
LGS2ORD0047542,C011402,2026-01-12 12:00:00,Male,39,Platinum,Shopee,Bangkok,773,Web,COD,12,1,0,0,30-40,25.766666666666666,4.0,0.0,0.0,-1,8,11910.5025,0.35,0.5,0.5,0.0,0.0,0,0,0.0,1041.76,1,0,0.0,1041.76,1,0,0.0,47642.01,4,0,0.0,0
LGS2ORD0047543,C010237,2026-01-12 12:00:00,Female,29,Platinum,Web,Bangkok,1311,Lazada,Credit_Card,12,1,0,0,20-30,43.7,1.0,1.0,1.0,85,87,1577.22,0.1,0.0,0.0,0.0,0.0,0,0,0.0,0.0,0,0,0.0,1577.22,1,1,1.0,1577.22,1,1,1.0,0
LGS2ORD0047544,C014681,2026-01-12 12:00:00,Male,28,Bronze,Web,Chiang Mai,844,Lazada,COD,12,1,0,0,20-30,28.133333333333333,7.0,3.0,0.42857142857142855,77,82,1678.241428571429,0.08,0.42857142857142855,0.0,0.0,0.0,0,0,0.0,0.0,0,0,0.0,1472.62,1,1,1.0,7060.049999999999,6,3,0.5,1
LGS2ORD0047545,C017229,2026-01-12 12:00:00,Female,27,Silver,Lazada,Bangkok,777,Lazada,COD,12,1,0,0,20-30,25.9,4.0,1.0,0.25,238,22,2279.8275000000003,0.25,0.5,0.5,0.0,0.0,0,0,0.0,1660.37,1,0,0.0,1660.37,1,0,0.0,8208.45,3,1,0.3333333333333333,0
LGS2ORD0047546,C015464,2026-01-12 13:00:00,Female,37,Bronze,Web,Bangkok,1419,Shopee,COD,13,1,0,0,30-40,47.3,4.0,0.0,0.0,-1,13,17914.969999999998,0.28,0.25,0.25,0.0,0.0,0,0,0.0,19215.38,1,0,0.0,19215.38,1,0,0.0,71659.87999999999,4,0,0.0,1
LGS2ORD0047547,C016097,2026-01-12 13:00:00,Female,67,Silver,TV,Remote_Area,1380,TV_Show,PromptPay,13,1,0,0,>50,46.0,8.0,0.0,0.0,-1,45,4411.59375,0.25,0.625,0.25,0.0,0.0,0,0,0.0,0.0,0,0,0.0,10240.390000000001,2,0,0.0,35292.75,8,0,0.0,0
LGS2ORD0047548,C010553,2026-01-12 13:00:00,Female,62,Bronze,Shopee,Bangkok,1444,Lazada,COD,13,1,0,0,>50,48.13333333333333,10.0,2.0,0.2,167,52,7022.596,0.23,0.7,0.1,0.0,0.0,0,0,0.0,0.0,0,0,0.0,38429.7,3,0,0.0,65859.82999999999,9,1,0.1111111111111111,1
LGS2ORD0047549,C016835,2026-01-12 13:00:00,Male,46,Bronze,CallCenter,Bangkok,850,Lazada,COD,13,1,0,0,40-50,28.333333333333332,6.0,1.0,0.16666666666666666,220,36,7721.521666666667,0.23,0.0,0.3333333333333333,0.0,0.0,0,0,0.0,0.0,0,0,0.0,6011.8,1,0,0.0,41145.97,4,1,0.25,0
LGS2ORD0047550,C010144,2026-01-12 13:00:00,Female,51,Bronze,CallCenter,Nakhon Ratchasima,1211,Shopee,COD,13,1,0,0,>50,40.36666666666667,7.0,3.0,0.42857142857142855,201,23,4719.102857142857,0.23,0.8571428571428571,0.2857142857142857,0.0,0.0,0,0,0.0,4263.88,1,0,0.0,4263.88,1,0,0.0,33033.72,7,3,0.42857142857142855,0
LGS2ORD0047551,C017552,2026-01-12 14:00:00,Male,39,Platinum,CallCenter,Nakhon Ratchasima,912,Lazada,COD,14,1,0,0,30-40,30.4,1.0,0.0,0.0,-1,262,895.32,0.1,1.0,0.0,0.0,0.0,0,0,0.0,0.0,0,0,0.0,0.0,0,0,0.0,895.32,1,0,0.0,0
LGS2ORD0047552,C017819,2026-01-12 14:00:00,Female,44,Bronze,Shopee,Bangkok,1289,Web,COD,14,1,0,0,40-50,42.96666666666667,8.0,0.0,0.0,-1,39,2969.475,0.28,0.5,0.375,0.0,0.0,0,0,0.0,0.0,0,0,0.0,4176.57,1,0,0.0,21042.2,7,0,0.0,0
LGS2ORD0047553,C016414,2026-01-12 14:00:00,Female,49,Bronze,Lazada,Nakhon Ratchasima,399,TV_Show,COD,14,1,0,0,40-50,13.3,8.0,1.0,0.125,57,5,9101.7275,0.23,0.375,0.25,0.0,1549.67,1,0,0.0,1549.67,1,0,0.0,38802.8,4,1,0.25,72813.82,8,1,0.125,1
LGS2ORD0047554,C013641,2026-01-12 14:00:00,Female,18,Silver,Lazada,Chonburi,626,Web,Credit_Card,14,1,0,0,<20,20.866666666666667,6.0,2.0,0.3333333333333333,162,148,4204.301666666666,0.1,0.3333333333333333,0.0,0.0,0.0,0,0,0.0,0.0,0,0,0.0,0.0,0,0,0.0,25225.809999999998,6,2,0.3333333333333333,0
LGS2ORD0047555,C011588,2026-01-12 14:00:00,Female,38,Gold,Web,Bangkok,1032,Shopee,Bank_Transfer,14,1,0,0,30-40,34.4,2.0,2.0,1.0,157,164,1461.4650000000001,0.13,0.5,0.0,0.0,0.0,0,0,0.0,0.0,0,0,0.0,0.0,0,0,0.0,2922.9300000000003,2,2,1.0,0
LGS2ORD0047556,C011652,2026-01-12 14:00:00,Male,63,Bronze,Lazada,Chonburi,1797,TV_Show,COD,14,1,0,0,>50,59.9,3.0,2.0,0.6666666666666666,187,40,3913.0099999999998,0.23,0.3333333333333333,0.3333333333333333,0.0,0.0,0,0,0.0,0.0,0,0,0.0,1376.23,1,0,0.0,11739.029999999999,3,2,0.6666666666666666,0
LGS2ORD0047557,C015801,2026-01-12 15:00:00,Male,49,Bronze,Shopee,Bangkok,702,TV_Show,COD,15,1,0,0,40-50,23.4,2.0,1.0,0.5,193,79,9436.555,0.18,1.0,0.0,0.0,0.0,0,0,0.0,0.0,0,0,0.0,15201.57,1,0,0.0,18873.11,2,1,0.5,0
LGS2ORD0047558,C012180,2026-01-12 15:00:00,Male,57,Bronze,Shopee,Chonburi,1149,Shopee,PromptPay,15,1,0,0,>50,38.3,4.0,1.0,0.25,-3,0,2543.7725,0.13,0.25,0.0,0.0,4815.68,2,1,0.5,4815.68,2,1,0.5,8556.19,3,1,0.3333333333333333,10175.09,4,1,0.25,0
LGS2ORD0047559,C014901,2026-01-12 15:00:00,Female,28,Bronze,TV,Bangkok,1547,Web,Bank_Transfer,15,1,0,0,20-30,51.56666666666667,6.0,2.0,0.3333333333333333,76,82,3670.138333333333,0.23,0.8333333333333334,0.3333333333333333,0.0,0.0,0,0,0.0,0.0,0,0,0.0,1405.71,1,1,1.0,22020.829999999998,6,2,0.3333333333333333,0
LGS2ORD0047560,C011609,2026-01-12 15:00:00,Male,63,Silver,TV,Bangkok,1562,TV_Show,COD,15,1,0,0,>50,52.06666666666667,7.0,1.0,0.14285714285714285,201,139,5938.820000000001,0.3,0.7142857142857143,0.2857142857142857,0.0,0.0,0,0,0.0,0.0,0,0,0.0,0.0,0,0,0.0,41571.740000000005,7,1,0.14285714285714285,0
LGS2ORD0047561,C015067,2026-01-12 15:00:00,Male,50,Bronze,Web,Remote_Area,1449,Web,Bank_Transfer,15,1,0,0,40-50,48.3,11.0,5.0,0.45454545454545453,32,39,7303.1163636363635,0.28,0.36363636363636365,0.2727272727272727,0.0,0.0,0,0,0.0,0.0,0,0,0.0,26596.8,2,1,0.5,80334.28,11,5,0.45454545454545453,0
LGS2ORD0047562,C014158,2026-01-12 16:00:00,Female,35,Platinum,Web,Chiang Mai,1345,Lazada,COD,16,1,0,0,30-40,44.833333333333336,5.0,1.0,0.2,65,19,5667.742,0.35,0.4,0.2,0.0,0.0,0,0,0.0,765.87,1,0,0.0,11655.250000000002,4,1,0.25,28338.71,5,1,0.2,1
LGS2ORD0047563,C014885,2026-01-12 16:00:00,Male,57,Silver,Shopee,Bangkok,711,Shopee,COD,16,1,0,0,>50,23.7,5.0,0.0,0.0,-1,45,5727.181999999999,0.25,0.6,0.2,0.0,0.0,0,0,0.0,0.0,0,0,0.0,5183.4,1,0,0.0,28635.909999999996,5,0,0.0,0
LGS2ORD0047564,C013465,2026-01-12 16:00:00,Female,51,Bronze,TV,Chiang Mai,958,Shopee,COD,16,1,0,0,>50,31.933333333333334,10.0,1.0,0.1,66,19,3642.6799999999994,0.23,0.5,0.2,0.0,0.0,0,0,0.0,9378.85,2,0,0.0,24743.850000000002,5,1,0.2,36426.799999999996,10,1,0.1,0
LGS2ORD0047565,C016656,2026-01-12 16:00:00,Female,43,Bronze,TV,Remote_Area,550,TV_Show,Credit_Card,16,1,0,0,40-50,18.333333333333332,9.0,3.0,0.3333333333333333,21,35,6380.972222222223,0.28,0.8888888888888888,0.3333333333333333,0.1111111111111111,0.0,0,0,0.0,0.0,0,0,0.0,33812.48,3,1,0.3333333333333333,47220.56,8,3,0.375,1
LGS2ORD0047566,C017430,2026-01-12 16:00:00,Female,51,Silver,CallCenter,Remote_Area,1400,TV_Show,COD,16,1,0,0,>50,46.666666666666664,6.0,2.0,0.3333333333333333,95,51,3775.396666666666,0.2,0.5,0.0,0.0,0.0,0,0,0.0,0.0,0,0,0.0,4213.32,1,0,0.0,19565.1,5,2,0.4,1
LGS2ORD0047567,C015161,2026-01-12 17:00:00,Male,51,Silver,TV,Phuket,868,TV_Show,COD,17,1,0,0,>50,28.933333333333334,6.0,4.0,0.6666666666666666,-5,9,1352.015,0.25,0.5,0.16666666666666666,0.0,0.0,0,0,0.0,1359.11,1,1,1.0,1359.11,1,1,1.0,8112.09,6,4,0.6666666666666666,1
LGS2ORD0047568,C010196,2026-01-12 17:00:00,Female,61,Gold,Web,Bangkok,1284,TV_Show,COD,17,1,0,0,>50,42.8,11.0,3.0,0.2727272727272727,103,38,2633.3754545454544,0.33,0.2727272727272727,0.5454545454545454,0.0,0.0,0,0,0.0,0.0,0,0,0.0,575.11,1,0,0.0,28967.13,11,3,0.2727272727272727,1
LGS2ORD0047569,C017152,2026-01-12 17:00:00,Male,45,Silver,TV,Remote_Area,954,CallCenter,Credit_Card,17,1,0,0,40-50,31.8,4.0,1.0,0.25,137,151,3339.2775,0.25,0.25,0.25,0.0,0.0,0,0,0.0,0.0,0,0,0.0,0.0,0,0,0.0,13357.11,4,1,0.25,0
LGS2ORD0047570,C011290,2026-01-12 17:00:00,Male,20,Platinum,Shopee,Bangkok,856,Web,PromptPay,17,1,0,0,<20,28.533333333333335,2.0,2.0,1.0,130,146,2126.2,0.1,1.0,0.0,0.0,0.0,0,0,0.0,0.0,0,0,0.0,0.0,0,0,0.0,4252.4,2,2,1.0,0
LGS2ORD0047571,C013046,2026-01-12 17:00:00,Male,72,Bronze,TV,Remote_Area,1012,Lazada,COD,17,1,0,0,>50,33.733333333333334,6.0,3.0,0.5,38,45,3233.9833333333336,0.23,0.8333333333333334,0.16666666666666666,0.0,0.0,0,0,0.0,0.0,0,0,0.0,4346.84,1,1,1.0,19403.9,6,3,0.5,0
LGS2ORD0047572,C017485,2026-01-12 18:00:00,Male,50,Bronze,TV,Nakhon Ratchasima,640,TV_Show,COD,18,1,0,0,40-50,21.333333333333332,4.0,0.0,0.0,-1,22,3398.6775,0.28,0.5,0.75,0.0,0.0,0,0,0.0,7749.46,1,0,0.0,9409.83,2,0,0.0,13594.71,4,0,0.0,1
LGS2ORD0047573,C013734,2026-01-12 18:00:00,Other,50,Bronze,TV,Khon Kaen,1760,Shopee,COD,18,1,0,0,40-50,58.666666666666664,4.0,1.0,0.25,65,82,4572.4349999999995,0.18,0.25,0.0,0.0,0.0,0,0,0.0,0.0,0,0,0.0,2561.28,1,1,1.0,18289.739999999998,4,1,0.25,1
LGS2ORD0047574,C011999,2026-01-12 18:00:00,Female,38,Gold,Shopee,Chonburi,760,CallCenter,COD,18,1,0,0,30-40,25.333333333333332,3.0,1.0,0.3333333333333333,142,147,4923.616666666666,0.2299999999999999,0.3333333333333333,0.3333333333333333,0.0,0.0,0,0,0.0,0.0,0,0,0.0,0.0,0,0,0.0,14770.849999999999,3,1,0.3333333333333333,0
LGS2ORD0047575,C014049,2026-01-12 18:00:00,Female,34,Bronze,TV,Nakhon Ratchasima,439,Web,COD,18,1,0,0,30-40,14.633333333333333,9.0,1.0,0.1111111111111111,32,32,5415.692222222223,0.23,0.8888888888888888,0.1111111111111111,0.0,0.0,0,0,0.0,0.0,0,0,0.0,4723.37,4,1,0.25,48741.23,9,1,0.1111111111111111,1
LGS2ORD0047576,C014977,2026-01-12 18:00:00,Female,60,Gold,Shopee,Khon Kaen,1490,TV_Show,COD,18,1,0,0,>50,49.666666666666664,5.0,0.0,0.0,-1,45,7072.647999999999,0.28,0.4,0.6,0.0,0.0,0,0,0.0,0.0,0,0,0.0,32744.16,3,0,0.0,35363.24,5,0,0.0,0
LGS2ORD0047577,C013751,2026-01-12 18:00:00,Male,30,Silver,CallCenter,Remote_Area,869,Lazada,COD,18,1,0,0,20-30,28.966666666666665,6.0,0.0,0.0,-1,40,3309.4666666666667,0.3,0.5,0.8333333333333334,0.0,0.0,0,0,0.0,0.0,0,0,0.0,675.95,1,0,0.0,19856.8,6,0,0.0,1
LGS2ORD0047578,C015237,2026-01-12 19:00:00,Other,30,Bronze,Web,Khon Kaen,1381,Lazada,Bank_Transfer,19,1,0,0,20-30,46.03333333333333,5.0,2.0,0.4,251,254,6110.072,0.23,0.2,0.6,0.0,0.0,0,0,0.0,0.0,0,0,0.0,0.0,0,0,0.0,30550.36,5,2,0.4,0
LGS2ORD0047579,C011828,2026-01-12 19:00:00,Male,29,Silver,Web,Bangkok,1325,Shopee,COD,19,1,0,0,20-30,44.166666666666664,4.0,1.0,0.25,347,130,11683.234999999999,0.3,0.5,0.25,0.0,0.0,0,0,0.0,0.0,0,0,0.0,0.0,0,0,0.0,46732.939999999995,4,1,0.25,0
LGS2ORD0047580,C014819,2026-01-12 19:00:00,Other,41,Bronze,Web,Bangkok,516,TV_Show,Bank_Transfer,19,1,0,0,40-50,17.2,6.0,0.0,0.0,-1,6,3754.4266666666663,0.28,0.3333333333333333,0.16666666666666666,0.0,674.52,1,0,0.0,13702.93,3,0,0.0,13702.93,3,0,0.0,22526.559999999998,6,0,0.0,0
LGS2ORD0047581,C010417,2026-01-12 19:00:00,Female,29,Gold,Shopee,Khon Kaen,478,CallCenter,Bank_Transfer,19,1,0,0,20-30,15.933333333333334,1.0,0.0,0.0,-1,256,7088.27,0.13,0.0,0.0,0.0,0.0,0,0,0.0,0.0,0,0,0.0,0.0,0,0,0.0,7088.27,1,0,0.0,0
LGS2ORD0047582,C017720,2026-01-12 19:00:00,Female,39,Silver,Lazada,Bangkok,1193,TV_Show,Credit_Card,19,1,0,0,30-40,39.766666666666666,6.0,1.0,0.16666666666666666,299,17,1969.8400000000001,0.3,0.16666666666666666,0.3333333333333333,0.0,0.0,0,0,0.0,1388.29,1,0,0.0,1388.29,1,0,0.0,9270.720000000001,4,1,0.25,0
LGS2ORD0047583,C012707,2026-01-12 20:00:00,Male,41,Gold,TV,Phuket,490,Web,PromptPay,20,1,0,0,40-50,16.333333333333332,9.0,6.0,0.6666666666666666,64,80,5454.395555555555,0.33,0.7777777777777778,0.7777777777777778,0.0,0.0,0,0,0.0,0.0,0,0,0.0,8431.79,1,1,1.0,49089.56,9,6,0.6666666666666666,1
LGS2ORD0047584,C010772,2026-01-12 20:00:00,Female,62,Gold,CallCenter,Songkhla,524,Lazada,COD,20,1,0,0,>50,17.466666666666665,4.0,2.0,0.5,0,4,2359.3650000000002,0.2299999999999999,0.75,0.75,0.0,3934.11,1,1,1.0,3934.11,1,1,1.0,5253.57,2,1,0.5,9437.460000000001,4,2,0.5,0
LGS2ORD0047585,C015951,2026-01-12 20:00:00,Male,30,Gold,Lazada,Chonburi,1518,TV_Show,COD,20,1,0,0,20-30,50.6,9.0,0.0,0.0,-1,17,3278.8311111111116,0.2299999999999999,0.5555555555555556,0.3333333333333333,0.0,0.0,0,0,0.0,6621.36,1,0,0.0,6621.36,1,0,0.0,29509.480000000003,9,0,0.0,1
LGS2ORD0047586,C016906,2026-01-12 20:00:00,Male,37,Bronze,Web,Nakhon Ratchasima,1525,Web,COD,20,1,0,0,30-40,50.833333333333336,2.0,1.0,0.5,138,144,7864.92,0.23,0.5,0.5,0.0,0.0,0,0,0.0,0.0,0,0,0.0,0.0,0,0,0.0,15729.84,2,1,0.5,1
LGS2ORD0047587,C015633,2026-01-12 20:00:00,Male,26,Bronze,TV,Nakhon Ratchasima,1164,Web,Credit_Card,20,1,0,0,20-30,38.8,3.0,2.0,0.6666666666666666,227,243,6023.793333333334,0.18,0.6666666666666666,0.0,0.0,0.0,0,0,0.0,0.0,0,0,0.0,0.0,0,0,0.0,18071.38,3,2,0.6666666666666666,0
LGS2ORD0047588,C016073,2026-01-12 21:00:00,Female,32,Bronze,Shopee,Bangkok,884,Web,COD,21,1,0,0,30-40,29.466666666666665,14.0,2.0,0.14285714285714285,40,50,6451.125,0.23,0.5714285714285714,0.21428571428571427,0.0,0.0,0,0,0.0,0.0,0,0,0.0,4585.93,1,1,1.0,90315.75,14,2,0.14285714285714285,0
LGS2ORD0047589,C015221,2026-01-12 21:00:00,Male,42,Bronze,Web,Songkhla,951,Shopee,COD,21,1,0,0,40-50,31.7,5.0,2.0,0.4,117,18,3033.924,0.28,0.4,0.2,0.0,0.0,0,0,0.0,854.04,1,0,0.0,854.04,1,0,0.0,11714.259999999998,4,2,0.5,1
LGS2ORD0047590,C015344,2026-01-12 21:00:00,Male,33,Bronze,TV,Bangkok,1546,CallCenter,COD,21,1,0,0,30-40,51.53333333333333,5.0,1.0,0.2,149,68,6104.798,0.23,0.4,0.4,0.0,0.0,0,0,0.0,0.0,0,0,0.0,5723.14,1,0,0.0,30523.989999999998,5,1,0.2,0
LGS2ORD0047591,C014351,2026-01-12 21:00:00,Male,30,Gold,Shopee,Phuket,1096,Shopee,COD,21,1,0,0,20-30,36.53333333333333,8.0,2.0,0.25,220,72,4214.8375,0.33,0.625,0.25,0.0,0.0,0,0,0.0,0.0,0,0,0.0,12889.44,1,0,0.0,29985.089999999997,7,2,0.2857142857142857,0
LGS2ORD0047592,C010403,2026-01-12 21:00:00,Male,55,Bronze,Shopee,Bangkok,1282,Lazada,Credit_Card,21,1,0,0,>50,42.733333333333334,8.0,1.0,0.125,327,17,7677.7075,0.23,0.625,0.25,0.0,0.0,0,0,0.0,8844.7,2,0,0.0,8844.7,2,0,0.0,61421.66,8,1,0.125,0
LGS2ORD0047593,C010031,2026-01-12 22:00:00,Male,40,Bronze,TV,Bangkok,1728,Web,Bank_Transfer,22,1,0,0,30-40,57.6,4.0,2.0,0.5,8,13,8465.195,0.18,0.5,0.0,0.0,0.0,0,0,0.0,727.18,1,1,1.0,727.18,1,1,1.0,33860.78,4,2,0.5,1
LGS2ORD0047594,C012350,2026-01-12 22:00:00,Female,39,Bronze,TV,Remote_Area,1796,Lazada,COD,22,1,0,0,30-40,59.86666666666667,1.0,0.0,0.0,-1,108,1706.44,0.28,0.0,1.0,0.0,0.0,0,0,0.0,0.0,0,0,0.0,0.0,0,0,0.0,1706.44,1,0,0.0,0
LGS2ORD0047595,C017615,2026-01-12 22:00:00,Female,51,Bronze,Web,Chonburi,986,Shopee,COD,22,1,0,0,>50,32.86666666666667,8.0,3.0,0.375,50,19,9701.342499999999,0.18,0.625,0.0,0.0,0.0,0,0,0.0,3765.26,1,0,0.0,21947.480000000003,3,1,0.3333333333333333,77610.73999999999,8,3,0.375,0
LGS2ORD0047596,C010521,2026-01-12 22:00:00,Male,52,Bronze,TV,Remote_Area,1112,CallCenter,COD,22,1,0,0,>50,37.06666666666667,6.0,4.0,0.6666666666666666,176,98,4943.216666666666,0.23,0.3333333333333333,0.16666666666666666,0.0,0.0,0,0,0.0,0.0,0,0,0.0,0.0,0,0,0.0,29659.299999999996,6,4,0.6666666666666666,1
LGS2ORD0047597,C015784,2026-01-12 22:00:00,Female,35,Gold,Web,Chonburi,1467,Shopee,Credit_Card,22,1,0,0,30-40,48.9,3.0,1.0,0.3333333333333333,268,75,8973.756666666666,0.28,0.0,0.3333333333333333,0.0,0.0,0,0,0.0,0.0,0,0,0.0,4121.16,1,0,0.0,26921.27,3,1,0.3333333333333333,0
LGS2ORD0047598,C017576,2026-01-12 22:00:00,Female,42,Silver,TV,Chonburi,974,CallCenter,COD,22,1,0,0,40-50,32.46666666666667,9.0,1.0,0.1111111111111111,197,82,4815.600000000001,0.25,0.4444444444444444,0.1111111111111111,0.0,0.0,0,0,0.0,0.0,0,0,0.0,8419.4,2,0,0.0,43340.40000000001,9,1,0.1111111111111111,1
LGS2ORD0047599,C017472,2026-01-12 23:00:00,Male,35,Bronze,Web,Bangkok,859,Web,Credit_Card,23,1,0,0,30-40,28.633333333333333,3.0,0.0,0.0,-1,161,17769.940000000002,0.08,0.6666666666666666,0.0,0.0,0.0,0,0,0.0,0.0,0,0,0.0,0.0,0,0,0.0,53309.82000000001,3,0,0.0,1
LGS2ORD0047600,C010758,2026-01-12 23:00:00,Female,45,Gold,CallCenter,Bangkok,974,Lazada,COD,23,1,0,0,40-50,32.46666666666667,7.0,0.0,0.0,-1,5,3785.971428571428,0.28,0.2857142857142857,0.42857142857142855,0.0,3410.24,1,0,0.0,3410.24,1,0,0.0,4373.49,3,0,0.0,26501.799999999996,7,0,0.0,0
LGS2ORD0047601,C014574,2026-01-12 23:00:00,Female,22,Silver,TV,Bangkok,1489,TV_Show,COD,23,1,0,0,20-30,49.63333333333333,7.0,2.0,0.2857142857142857,15,28,1720.6428571428569,0.3,0.7142857142857143,0.42857142857142855,0.0,0.0,0,0,0.0,694.53,1,1,1.0,694.53,1,1,1.0,12044.499999999998,7,2,0.2857142857142857,0
LGS2ORD0047602,C015459,2026-01-12 23:00:00,Female,39,Bronze,Shopee,Bangkok,1133,Shopee,COD,23,1,0,0,30-40,37.766666666666666,9.0,2.0,0.2222222222222222,245,48,5718.736666666668,0.28,0.7777777777777778,0.4444444444444444,0.0,0.0,0,0,0.0,0.0,0,0,0.0,16566.82,2,0,0.0,49034.490000000005,8,2,0.25,0
LGS2ORD0047603,C010553,2026-01-12 23:00:00,Female,62,Bronze,Shopee,Bangkok,1444,Web,COD,23,1,0,0,>50,48.13333333333333,11.0,3.0,0.2727272727272727,-15,0,6836.202727272727,0.23,0.7272727272727273,0.09090909090909091,0.0,4972.27,1,1,1.0,4972.27,1,1,1.0,43401.97,4,1,0.25,70832.09999999999,10,2,0.2,0
LGS2ORD0047604,C010578,2026-01-13 00:00:00,Female,52,Bronze,TV,Chiang Mai,992,Web,COD,0,1,1,0,>50,33.06666666666667,6.0,3.0,0.5,86,13,2818.421666666667,0.18,0.5,0.0,0.0,0.0,0,0,0.0,607.83,1,0,0.0,607.83,1,0,0.0,16910.530000000002,6,3,0.5,1
LGS2ORD0047605,C012598,2026-01-13 00:00:00,Female,50,Bronze,Lazada,Chonburi,1251,Lazada,PromptPay,0,1,1,0,40-50,41.7,8.0,4.0,0.5,-3,13,7014.022499999999,0.23,0.375,0.375,0.0,0.0,0,0,0.0,21090.719999999998,2,2,1.0,27451.69,4,2,0.5,56112.17999999999,8,4,0.5,1
LGS2ORD0047606,C015593,2026-01-13 00:00:00,Female,38,Silver,Shopee,Chiang Mai,942,Web,COD,0,1,1,0,30-40,31.4,7.0,2.0,0.2857142857142857,29,41,8623.19,0.25,0.7142857142857143,0.2857142857142857,0.0,0.0,0,0,0.0,0.0,0,0,0.0,25470.2,2,1,0.5,60362.33,7,2,0.2857142857142857,1
LGS2ORD0047607,C012739,2026-01-13 00:00:00,Male,56,Bronze,TV,Remote_Area,1573,Lazada,COD,0,1,1,0,>50,52.43333333333333,6.0,1.0,0.16666666666666666,178,137,8141.718333333334,0.23,0.6666666666666666,0.16666666666666666,0.0,0.0,0,0,0.0,0.0,0,0,0.0,0.0,0,0,0.0,48850.310000000005,6,1,0.16666666666666666,1
LGS2ORD0047608,C010758,2026-01-13 00:00:00,Female,45,Gold,CallCenter,Bangkok,975,Web,COD,0,1,1,0,40-50,32.5,8.0,0.0,0.0,-1,0,3738.8525,0.28,0.375,0.375,0.0,6819.26,2,0,0.0,6819.26,2,0,0.0,7782.51,4,0,0.0,29910.82,8,0,0.0,0
LGS2ORD0047609,C012965,2026-01-13 01:00:00,Male,61,Bronze,TV,Bangkok,1310,Lazada,COD,1,1,1,0,>50,43.666666666666664,14.0,2.0,0.14285714285714285,15,26,4456.607857142858,0.28,0.7142857142857143,0.2857142857142857,0.0,0.0,0,0,0.0,1049.16,1,1,1.0,18331.68,4,1,0.25,61899.26000000001,13,2,0.15384615384615385,0
LGS2ORD0047610,C010309,2026-01-13 01:00:00,Male,18,Bronze,TV,Chonburi,657,TV_Show,PromptPay,1,1,1,0,<20,21.9,5.0,1.0,0.2,202,141,10276.626,0.23,0.4,0.2,0.0,0.0,0,0,0.0,0.0,0,0,0.0,0.0,0,0,0.0,51383.130000000005,5,1,0.2,0
LGS2ORD0047611,C016627,2026-01-13 01:00:00,Male,38,Silver,Web,Bangkok,929,Shopee,PromptPay,1,1,1,0,30-40,30.966666666666665,4.0,1.0,0.25,263,218,8863.5325,0.1,0.5,0.0,0.0,0.0,0,0,0.0,0.0,0,0,0.0,0.0,0,0,0.0,35454.13,4,1,0.25,0
LGS2ORD0047612,C012515,2026-01-13 01:00:00,Male,60,Silver,Lazada,Phuket,1714,CallCenter,Bank_Transfer,1,1,1,0,>50,57.13333333333333,1.0,0.0,0.0,-1,367,4741.14,0.25,1.0,1.0,0.0,0.0,0,0,0.0,0.0,0,0,0.0,0.0,0,0,0.0,0.0,0,0,0.0,0
LGS2ORD0047613,C013392,2026-01-13 01:00:00,Male,51,Silver,Web,Phuket,1716,Web,COD,1,1,1,0,>50,57.2,8.0,3.0,0.375,-10,1,7984.95875,0.3,0.75,0.125,0.0,1878.18,1,1,1.0,1878.18,1,1,1.0,1878.18,1,1,1.0,62837.659999999996,7,3,0.42857142857142855,0
LGS2ORD0047614,C015083,2026-01-13 02:00:00,Female,26,Bronze,TV,Bangkok,984,Web,COD,2,1,1,0,20-30,32.8,6.0,1.0,0.16666666666666666,263,34,7102.205000000001,0.28,0.3333333333333333,0.16666666666666666,0.0,0.0,0,0,0.0,0.0,0,0,0.0,11217.53,1,0,0.0,26701.78,5,1,0.2,0
LGS2ORD0047615,C011632,2026-01-13 02:00:00,Male,47,Bronze,TV,Bangkok,851,CallCenter,COD,2,1,1,0,40-50,28.366666666666667,2.0,0.0,0.0,-1,132,2300.54,0.23,0.5,0.5,0.0,0.0,0,0,0.0,0.0,0,0,0.0,0.0,0,0,0.0,4601.08,2,0,0.0,1
LGS2ORD0047616,C013400,2026-01-13 02:00:00,Male,46,Gold,Web,Nakhon Ratchasima,1773,Shopee,COD,2,1,1,0,40-50,59.1,2.0,0.0,0.0,-1,30,8441.48,0.2299999999999999,0.5,0.5,0.0,0.0,0,0,0.0,0.0,0,0,0.0,9707.23,1,0,0.0,16882.96,2,0,0.0,0
LGS2ORD0047617,C014068,2026-01-13 02:00:00,Female,33,Silver,TV,Bangkok,483,Shopee,PromptPay,2,1,1,0,30-40,16.1,10.0,2.0,0.2,80,18,9538.194000000001,0.25,0.4,0.1,0.0,0.0,0,0,0.0,1623.52,1,0,0.0,1623.52,1,0,0.0,95381.94000000002,10,2,0.2,0
LGS2ORD0047618,C010664,2026-01-13 02:00:00,Female,47,Gold,TV,Bangkok,996,Lazada,COD,2,1,1,0,40-50,33.2,2.0,0.0,0.0,-1,53,846.51,0.18,1.0,0.0,0.0,0.0,0,0,0.0,0.0,0,0,0.0,562.7,1,0,0.0,1693.02,2,0,0.0,0
LGS2ORD0047619,C010618,2026-01-13 02:00:00,Other,45,Bronze,Shopee,Nakhon Ratchasima,1309,TV_Show,COD,2,1,1,0,40-50,43.63333333333333,9.0,1.0,0.1111111111111111,-8,3,5426.522222222222,0.28,0.4444444444444444,0.5555555555555556,0.0,6615.17,1,1,1.0,11974.08,3,1,0.3333333333333333,11974.08,3,1,0.3333333333333333,48838.7,9,1,0.1111111111111111,0
LGS2ORD0047620,C011076,2026-01-13 03:00:00,Female,33,Silver,TV,Phuket,1172,TV_Show,PromptPay,3,1,1,0,30-40,39.06666666666667,0.0,0.0,0.0,-1,-1,0.0,0.0,0.0,0.0,0.0,0.0,0,0,0.0,0.0,0,0,0.0,0.0,0,0,0.0,0.0,0,0,0.0,0
LGS2ORD0047621,C010781,2026-01-13 03:00:00,Male,43,Silver,TV,Khon Kaen,1434,Web,COD,3,1,1,0,40-50,47.8,6.0,1.0,0.16666666666666666,306,7,3425.388333333334,0.25,0.8333333333333334,0.3333333333333333,0.0,0.0,0,0,0.0,4403.0,1,0,0.0,4403.0,1,0,0.0,20552.33,6,1,0.16666666666666666,0
LGS2ORD0047622,C015815,2026-01-13 03:00:00,Female,47,Bronze,Web,Bangkok,1561,Shopee,Credit_Card,3,1,1,0,40-50,52.03333333333333,4.0,0.0,0.0,-1,105,2292.0775,0.23,0.5,0.25,0.0,0.0,0,0,0.0,0.0,0,0,0.0,0.0,0,0,0.0,7934.18,3,0,0.0,0
LGS2ORD0047623,C013793,2026-01-13 03:00:00,Female,33,Silver,Lazada,Phuket,830,Web,COD,3,1,1,0,30-40,27.666666666666668,7.0,2.0,0.2857142857142857,282,12,5863.448571428571,0.3,0.42857142857142855,0.42857142857142855,0.0,0.0,0,0,0.0,3803.01,1,0,0.0,7872.68,2,0,0.0,37659.96,6,1,0.16666666666666666,0
LGS2ORD0047624,C014468,2026-01-13 03:00:00,Male,52,Gold,Web,Chonburi,1727,TV_Show,Credit_Card,3,1,1,0,>50,57.56666666666667,6.0,0.0,0.0,-1,31,1406.4066666666668,0.28,0.16666666666666666,0.3333333333333333,0.0,0.0,0,0,0.0,0.0,0,0,0.0,3679.56,3,0,0.0,8438.44,6,0,0.0,0
LGS2ORD0047625,C015362,2026-01-13 04:00:00,Female,44,Bronze,Lazada,Bangkok,837,Shopee,Credit_Card,4,1,1,0,40-50,27.9,11.0,2.0,0.18181818181818182,243,62,2322.949090909091,0.28,0.7272727272727273,0.36363636363636365,0.0,0.0,0,0,0.0,0.0,0,0,0.0,870.15,1,0,0.0,25552.440000000002,11,2,0.18181818181818182,0
LGS2ORD0047626,C010088,2026-01-13 04:00:00,Female,42,Bronze,Shopee,Songkhla,567,Shopee,Bank_Transfer,4,1,1,0,40-50,18.9,6.0,4.0,0.6666666666666666,53,3,10033.681666666667,0.28,0.6666666666666666,0.16666666666666666,0.0,10623.22,1,0,0.0,10623.22,1,0,0.0,12746.509999999998,2,1,0.5,60202.090000000004,6,4,0.6666666666666666,1
LGS2ORD0047627,C012236,2026-01-13 04:00:00,Male,25,Bronze,Shopee,Nakhon Ratchasima,782,CallCenter,PromptPay,4,1,1,0,20-30,26.066666666666666,13.0,1.0,0.07692307692307693,146,38,5752.744615384615,0.28,0.23076923076923078,0.23076923076923078,0.0,0.0,0,0,0.0,0.0,0,0,0.0,2309.84,2,0,0.0,74785.68,13,1,0.07692307692307693,1
LGS2ORD0047628,C010090,2026-01-13 04:00:00,Female,47,Silver,TV,Songkhla,1035,Web,COD,4,1,1,0,40-50,34.5,9.0,4.0,0.4444444444444444,9,25,4735.272222222222,0.3,0.5555555555555556,0.4444444444444444,0.0,0.0,0,0,0.0,5475.16,1,1,1.0,16411.37,3,1,0.3333333333333333,42617.45,9,4,0.4444444444444444,0
LGS2ORD0047629,C014966,2026-01-13 04:00:00,Female,54,Platinum,Shopee,Chiang Mai,1062,Shopee,COD,4,1,1,0,>50,35.4,6.0,2.0,0.3333333333333333,194,116,7913.288333333334,0.35,0.16666666666666666,0.5,0.0,0.0,0,0,0.0,0.0,0,0,0.0,0.0,0,0,0.0,46169.36,5,2,0.4,0
LGS2ORD0047630,C011582,2026-01-13 05:00:00,Female,36,Bronze,Web,Khon Kaen,598,TV_Show,COD,5,1,1,0,30-40,19.933333333333334,10.0,1.0,0.1,202,32,5188.019,0.28,0.6,0.2,0.0,0.0,0,0,0.0,0.0,0,0,0.0,8641.75,1,0,0.0,51880.19,10,1,0.1,0
LGS2ORD0047631,C015326,2026-01-13 05:00:00,Male,22,Bronze,Lazada,Chonburi,400,CallCenter,Credit_Card,5,1,1,0,20-30,13.333333333333334,7.0,2.0,0.2857142857142857,48,58,4053.924285714286,0.28,0.42857142857142855,0.14285714285714285,0.0,0.0,0,0,0.0,0.0,0,0,0.0,2321.25,1,1,1.0,28377.47,7,2,0.2857142857142857,0
LGS2ORD0047632,C010517,2026-01-13 05:00:00,Female,55,Bronze,Lazada,Songkhla,1801,TV_Show,COD,5,1,1,0,>50,60.03333333333333,7.0,3.0,0.42857142857142855,32,35,5331.009999999999,0.23,0.8571428571428571,0.14285714285714285,0.0,0.0,0,0,0.0,0.0,0,0,0.0,9446.81,2,2,1.0,37317.06999999999,7,3,0.42857142857142855,0
LGS2ORD0047633,C012486,2026-01-13 05:00:00,Male,56,Platinum,Lazada,Bangkok,560,Lazada,COD,5,1,1,0,>50,18.666666666666668,6.0,1.0,0.16666666666666666,50,64,7584.878333333333,0.2,0.6666666666666666,0.0,0.0,0.0,0,0,0.0,0.0,0,0,0.0,36568.95,2,1,0.5,43470.45,5,1,0.2,0
LGS2ORD0047634,C012891,2026-01-13 05:00:00,Female,42,Bronze,TV,Phuket,864,Shopee,COD,5,1,1,0,40-50,28.8,4.0,3.0,0.75,329,312,3946.0325000000003,0.18,0.25,0.0,0.0,0.0,0,0,0.0,0.0,0,0,0.0,0.0,0,0,0.0,15784.130000000001,4,3,0.75,0
LGS2ORD0047635,C016556,2026-01-13 05:00:00,Female,47,Silver,TV,Remote_Area,856,TV_Show,COD,5,1,1,0,40-50,28.533333333333335,12.0,3.0,0.25,81,87,5116.453333333334,0.3,0.6666666666666666,0.25,0.0,0.0,0,0,0.0,0.0,0,0,0.0,6200.82,1,1,1.0,60124.72,11,3,0.2727272727272727,1
LGS2ORD0047636,C012426,2026-01-13 06:00:00,Female,53,Bronze,TV,Chonburi,522,Web,Credit_Card,6,1,1,0,>50,17.4,12.0,3.0,0.25,111,15,4425.775000000001,0.28,0.5833333333333334,0.3333333333333333,0.0,0.0,0,0,0.0,15231.23,1,0,0.0,20900.43,2,0,0.0,53109.3,12,3,0.25,0
LGS2ORD0047637,C017802,2026-01-13 06:00:00,Female,42,Bronze,TV,Remote_Area,1796,TV_Show,COD,6,1,1,0,40-50,59.86666666666667,12.0,4.0,0.3333333333333333,76,41,7987.908333333333,0.28,0.75,0.25,0.0,0.0,0,0,0.0,0.0,0,0,0.0,26735.95,3,1,0.3333333333333333,86779.28,11,4,0.36363636363636365,0
LGS2ORD0047638,C017011,2026-01-13 06:00:00,Male,18,Silver,Web,Khon Kaen,1441,Web,Credit_Card,6,1,1,0,<20,48.03333333333333,1.0,0.0,0.0,-1,87,2944.53,0.25,1.0,1.0,0.0,0.0,0,0,0.0,0.0,0,0,0.0,2944.53,1,0,0.0,2944.53,1,0,0.0,0
LGS2ORD0047639,C010967,2026-01-13 06:00:00,Female,31,Silver,Shopee,Nakhon Ratchasima,1549,Shopee,PromptPay,6,1,1,0,30-40,51.63333333333333,5.0,1.0,0.2,190,7,7996.267999999999,0.2,0.4,0.0,0.0,0.0,0,0,0.0,10790.77,1,0,0.0,10790.77,1,0,0.0,39981.34,5,1,0.2,0
LGS2ORD0047640,C014417,2026-01-13 06:00:00,Male,54,Silver,Shopee,Chonburi,1514,TV_Show,COD,6,1,1,0,>50,50.46666666666667,13.0,3.0,0.23076923076923078,18,28,5472.136153846154,0.3,0.6153846153846154,0.38461538461538464,0.0,0.0,0,0,0.0,7180.74,1,1,1.0,12385.25,2,2,1.0,71137.77,13,3,0.23076923076923078,0
LGS2ORD0047641,C011852,2026-01-13 07:00:00,Male,55,Bronze,Shopee,Bangkok,1377,Shopee,PromptPay,7,1,1,0,>50,45.9,8.0,3.0,0.375,163,26,4373.2425,0.28,0.625,0.25,0.0,0.0,0,0,0.0,5813.98,1,0,0.0,6566.879999999999,2,0,0.0,34985.94,8,3,0.375,0
LGS2ORD0047642,C014734,2026-01-13 07:00:00,Female,72,Silver,Web,Bangkok,879,Web,Bank_Transfer,7,1,1,0,>50,29.3,8.0,1.0,0.125,350,80,3821.41625,0.25,0.125,0.25,0.125,0.0,0,0,0.0,0.0,0,0,0.0,974.28,1,0,0.0,25647.34,7,1,0.14285714285714285,0
LGS2ORD0047643,C011888,2026-01-13 07:00:00,Female,43,Gold,Web,Remote_Area,1755,CallCenter,COD,7,1,1,0,40-50,58.5,3.0,0.0,0.0,-1,36,3950.52,0.2299999999999999,1.0,0.3333333333333333,0.0,0.0,0,0,0.0,0.0,0,0,0.0,7471.62,1,0,0.0,11851.56,3,0,0.0,0
LGS2ORD0047644,C016582,2026-01-13 07:00:00,Female,52,Gold,Web,Bangkok,764,TV_Show,COD,7,1,1,0,>50,25.466666666666665,10.0,4.0,0.4,91,89,4457.511,0.33,0.6,0.3,0.0,0.0,0,0,0.0,0.0,0,0,0.0,6981.32,1,0,0.0,44145.12,9,4,0.4444444444444444,0
LGS2ORD0047645,C010560,2026-01-13 07:00:00,Female,72,Bronze,Web,Nakhon Ratchasima,1199,Lazada,Credit_Card,7,1,1,0,>50,39.96666666666667,4.0,1.0,0.25,311,125,2925.3675000000003,0.18,0.5,0.0,0.0,0.0,0,0,0.0,0.0,0,0,0.0,0.0,0,0,0.0,11701.470000000001,4,1,0.25,1
LGS2ORD0047646,C012372,2026-01-13 08:00:00,Female,40,Platinum,TV,Chiang Mai,412,TV_Show,COD,8,1,1,0,30-40,13.733333333333333,10.0,3.0,0.3,209,85,6907.25,0.35,0.4,0.5,0.0,0.0,0,0,0.0,0.0,0,0,0.0,1465.18,1,0,0.0,69072.5,10,3,0.3,0
LGS2ORD0047647,C015713,2026-01-13 08:00:00,Male,47,Gold,Shopee,Nakhon Ratchasima,586,CallCenter,Bank_Transfer,8,1,1,0,40-50,19.533333333333335,2.0,1.0,0.5,49,54,2178.085,0.33,1.0,1.0,0.0,0.0,0,0,0.0,0.0,0,0,0.0,1928.51,1,1,1.0,4356.17,2,1,0.5,0
LGS2ORD0047648,C011241,2026-01-13 08:00:00,Female,29,Gold,Web,Bangkok,693,Web,Credit_Card,8,1,1,0,20-30,23.1,4.0,1.0,0.25,299,63,5747.9575,0.2299999999999999,0.75,0.25,0.0,0.0,0,0,0.0,0.0,0,0,0.0,5183.91,1,0,0.0,22991.83,4,1,0.25,0
LGS2ORD0047649,C011222,2026-01-13 08:00:00,Male,48,Bronze,Web,Songkhla,1821,Shopee,COD,8,1,1,0,40-50,60.7,8.0,4.0,0.5,104,113,5910.47875,0.28,0.5,0.25,0.125,0.0,0,0,0.0,0.0,0,0,0.0,0.0,0,0,0.0,47283.83,8,4,0.5,1
LGS2ORD0047650,C010203,2026-01-13 08:00:00,Female,51,Bronze,Web,Remote_Area,991,Lazada,PromptPay,8,1,1,0,>50,33.03333333333333,2.0,1.0,0.5,67,80,14285.705,0.23,1.0,0.5,0.0,0.0,0,0,0.0,0.0,0,0,0.0,21843.59,1,1,1.0,28571.41,2,1,0.5,1
LGS2ORD0047651,C013488,2026-01-13 09:00:00,Other,34,Platinum,Lazada,Bangkok,757,Shopee,PromptPay,9,1,1,0,30-40,25.233333333333334,7.0,2.0,0.2857142857142857,36,45,4644.62,0.3,0.7142857142857143,0.42857142857142855,0.0,0.0,0,0,0.0,0.0,0,0,0.0,21995.69,3,1,0.3333333333333333,32512.339999999997,7,2,0.2857142857142857,0
LGS2ORD0047652,C016960,2026-01-13 09:00:00,Female,36,Silver,TV,Bangkok,940,Lazada,Credit_Card,9,1,1,0,30-40,31.333333333333332,3.0,0.0,0.0,-1,67,2049.4733333333334,0.3,0.0,0.3333333333333333,0.0,0.0,0,0,0.0,0.0,0,0,0.0,2875.15,1,0,0.0,6148.42,3,0,0.0,0
LGS2ORD0047653,C010583,2026-01-13 09:00:00,Female,56,Bronze,Shopee,Bangkok,1098,TV_Show,COD,9,1,1,0,>50,36.6,9.0,3.0,0.3333333333333333,16,22,4458.5088888888895,0.23,0.4444444444444444,0.2222222222222222,0.0,0.0,0,0,0.0,5777.78,1,1,1.0,7037.84,2,1,0.5,39424.17,8,3,0.375,0
LGS2ORD0047654,C014931,2026-01-13 09:00:00,Female,40,Silver,Lazada,Remote_Area,707,TV_Show,PromptPay,9,1,1,0,30-40,23.566666666666666,8.0,3.0,0.375,170,43,4379.13875,0.2,0.625,0.0,0.0,0.0,0,0,0.0,0.0,0,0,0.0,9385.71,1,0,0.0,35033.11,8,3,0.375,0
LGS2ORD0047655,C011897,2026-01-13 09:00:00,Male,60,Platinum,Lazada,Khon Kaen,658,Lazada,COD,9,1,1,0,>50,21.933333333333334,6.0,1.0,0.16666666666666666,247,80,1981.9283333333333,0.2,0.5,0.0,0.0,0.0,0,0,0.0,0.0,0,0,0.0,2170.82,1,0,0.0,11891.57,6,1,0.16666666666666666,0
LGS2ORD0047656,C017585,2026-01-13 09:00:00,Female,29,Silver,Shopee,Bangkok,1000,Shopee,COD,9,1,1,0,20-30,33.333333333333336,3.0,1.0,0.3333333333333333,312,79,4082.6499999999996,0.25,0.3333333333333333,0.3333333333333333,0.0,0.0,0,0,0.0,0.0,0,0,0.0,1500.39,1,0,0.0,12247.949999999999,3,1,0.3333333333333333,1
LGS2ORD0047657,C015212,2026-01-13 10:00:00,Female,53,Bronze,Lazada,Khon Kaen,644,TV_Show,Credit_Card,10,1,1,0,>50,21.466666666666665,7.0,3.0,0.42857142857142855,113,17,2595.6857142857143,0.28,0.7142857142857143,0.42857142857142855,0.0,0.0,0,0,0.0,3971.26,1,0,0.0,5347.07,2,0,0.0,18169.8,7,3,0.42857142857142855,1
LGS2ORD0047658,C015829,2026-01-13 10:00:00,Female,25,Silver,Shopee,Phuket,1574,CallCenter,PromptPay,10,1,1,0,20-30,52.46666666666667,4.0,3.0,0.75,105,120,12378.887499999999,0.25,0.75,0.25,0.0,0.0,0,0,0.0,0.0,0,0,0.0,0.0,0,0,0.0,49515.549999999996,4,3,0.75,0
LGS2ORD0047659,C010543,2026-01-13 10:00:00,Female,71,Gold,Web,Bangkok,400,CallCenter,Credit_Card,10,1,1,0,>50,13.333333333333334,2.0,0.0,0.0,-1,161,3136.59,0.28,0.5,1.0,0.0,0.0,0,0,0.0,0.0,0,0,0.0,0.0,0,0,0.0,6273.18,2,0,0.0,0
LGS2ORD0047660,C011269,2026-01-13 10:00:00,Male,45,Bronze,TV,Nakhon Ratchasima,761,Lazada,COD,10,1,1,0,40-50,25.366666666666667,9.0,2.0,0.2222222222222222,34,34,7346.591111111112,0.28,0.4444444444444444,0.4444444444444444,0.0,0.0,0,0,0.0,0.0,0,0,0.0,25962.06,4,1,0.25,61596.31999999999,8,1,0.125,1
LGS2ORD0047661,C013208,2026-01-13 10:00:00,Male,40,Silver,TV,Chiang Mai,968,Lazada,COD,10,1,1,0,30-40,32.266666666666666,9.0,3.0,0.3333333333333333,319,27,3729.533333333333,0.25,0.6666666666666666,0.1111111111111111,0.0,0.0,0,0,0.0,1139.49,1,0,0.0,18161.86,4,0,0.0,25818.940000000002,8,3,0.375,0
LGS2ORD0047662,C017542,2026-01-13 11:00:00,Female,45,Bronze,TV,Chiang Mai,449,Web,COD,11,1,1,0,40-50,14.966666666666667,8.0,2.0,0.25,108,27,6375.85125,0.28,0.875,0.375,0.0,0.0,0,0,0.0,1481.57,1,0,0.0,5569.36,2,0,0.0,51006.81,8,2,0.25,1
LGS2ORD0047663,C015551,2026-01-13 11:00:00,Female,48,Bronze,CallCenter,Khon Kaen,702,Lazada,PromptPay,11,1,1,0,40-50,23.4,6.0,0.0,0.0,-1,156,2993.105,0.28,0.5,0.3333333333333333,0.0,0.0,0,0,0.0,0.0,0,0,0.0,0.0,0,0,0.0,17958.63,6,0,0.0,0
LGS2ORD0047664,C013959,2026-01-13 11:00:00,Female,60,Silver,Shopee,Khon Kaen,1045,Shopee,COD,11,1,1,0,>50,34.833333333333336,6.0,1.0,0.16666666666666666,315,35,8203.396666666667,0.25,0.8333333333333334,0.3333333333333333,0.0,0.0,0,0,0.0,0.0,0,0,0.0,6413.05,1,0,0.0,49220.380000000005,6,1,0.16666666666666666,0
LGS2ORD0047665,C012890,2026-01-13 11:00:00,Male,41,Silver,Shopee,Khon Kaen,553,Web,PromptPay,11,1,1,0,40-50,18.433333333333334,9.0,2.0,0.2222222222222222,0,1,4866.085555555556,0.3,0.3333333333333333,0.1111111111111111,0.0,1977.64,1,1,1.0,3673.23,2,1,0.5,3673.23,2,1,0.5,43794.770000000004,9,2,0.2222222222222222,0
LGS2ORD0047666,C012071,2026-01-13 11:00:00,Female,40,Silver,Lazada,Bangkok,1217,Lazada,PromptPay,11,1,1,0,30-40,40.56666666666667,2.0,0.0,0.0,-1,270,1599.665,0.3,0.5,0.5,0.0,0.0,0,0,0.0,0.0,0,0,0.0,0.0,0,0,0.0,3199.33,2,0,0.0,0
LGS2ORD0047667,C010078,2026-01-13 12:00:00,Female,55,Bronze,CallCenter,Songkhla,856,Shopee,COD,12,1,1,0,>50,28.533333333333335,9.0,4.0,0.4444444444444444,258,20,6531.872222222222,0.18,0.5555555555555556,0.0,0.0,0.0,0,0,0.0,11390.24,1,0,0.0,11390.24,1,0,0.0,58786.85,9,4,0.4444444444444444,1
LGS2ORD0047668,C014015,2026-01-13 12:00:00,Female,57,Bronze,TV,Remote_Area,1527,Shopee,Credit_Card,12,1,1,0,>50,50.9,10.0,2.0,0.2,65,11,5205.5470000000005,0.23,0.4,0.2,0.0,0.0,0,0,0.0,10426.54,1,0,0.0,22347.4,4,1,0.25,52055.47,10,2,0.2,0
LGS2ORD0047669,C016813,2026-01-13 12:00:00,Female,36,Gold,CallCenter,Chiang Mai,1588,Lazada,Bank_Transfer,12,1,1,0,30-40,52.93333333333333,3.0,0.0,0.0,-1,101,5085.45,0.2299999999999999,0.3333333333333333,0.3333333333333333,0.0,0.0,0,0,0.0,0.0,0,0,0.0,0.0,0,0,0.0,15256.35,3,0,0.0,0
LGS2ORD0047670,C011410,2026-01-13 12:00:00,Male,37,Bronze,Shopee,Bangkok,1004,TV_Show,COD,12,1,1,0,30-40,33.46666666666667,3.0,1.0,0.3333333333333333,135,37,2039.1866666666665,0.23,0.3333333333333333,0.6666666666666666,0.0,0.0,0,0,0.0,0.0,0,0,0.0,4139.49,2,0,0.0,6117.5599999999995,3,1,0.3333333333333333,0
LGS2ORD0047671,C010747,2026-01-13 12:00:00,Female,49,Silver,TV,Bangkok,1177,TV_Show,COD,12,1,1,0,40-50,39.233333333333334,6.0,1.0,0.16666666666666666,245,67,5561.178333333333,0.25,0.8333333333333334,0.5,0.0,0.0,0,0,0.0,0.0,0,0,0.0,728.22,1,0,0.0,33367.07,6,1,0.16666666666666666,1
LGS2ORD0047672,C013024,2026-01-13 13:00:00,Male,37,Bronze,Lazada,Khon Kaen,1676,Lazada,COD,13,1,1,0,30-40,55.86666666666667,5.0,0.0,0.0,-1,121,5194.114,0.28,0.8,0.2,0.0,0.0,0,0,0.0,0.0,0,0,0.0,0.0,0,0,0.0,19835.07,4,0,0.0,0
LGS2ORD0047673,C013310,2026-01-13 13:00:00,Male,59,Gold,TV,Nakhon Ratchasima,622,Web,PromptPay,13,1,1,0,>50,20.733333333333334,4.0,0.0,0.0,-1,6,1942.3525,0.28,0.5,0.25,0.0,1594.98,1,0,0.0,1594.98,1,0,0.0,1594.98,1,0,0.0,7769.41,4,0,0.0,0
LGS2ORD0047674,C013704,2026-01-13 13:00:00,Male,42,Bronze,TV,Khon Kaen,1581,Shopee,COD,13,1,1,0,40-50,52.7,5.0,0.0,0.0,-1,36,4614.644,0.28,0.6,0.2,0.0,0.0,0,0,0.0,0.0,0,0,0.0,1509.86,1,0,0.0,23073.22,5,0,0.0,0
LGS2ORD0047675,C014790,2026-01-13 13:00:00,Female,52,Silver,Lazada,Chonburi,1635,Shopee,PromptPay,13,1,1,0,>50,54.5,5.0,1.0,0.2,219,72,3817.7299999999996,0.25,0.2,0.2,0.0,0.0,0,0,0.0,0.0,0,0,0.0,494.42,1,0,0.0,19088.649999999998,5,1,0.2,0
LGS2ORD0047676,C012385,2026-01-13 13:00:00,Male,52,Gold,Shopee,Bangkok,1611,Web,COD,13,1,1,0,>50,53.7,0.0,0.0,0.0,-1,-1,0.0,0.0,0.0,0.0,0.0,0.0,0,0,0.0,0.0,0,0,0.0,0.0,0,0,0.0,0.0,0,0,0.0,0
LGS2ORD0047677,C012288,2026-01-13 13:00:00,Male,38,Silver,Shopee,Chiang Mai,1131,Lazada,Credit_Card,13,1,1,0,30-40,37.7,4.0,0.0,0.0,-1,6,7528.8949999999995,0.15,0.5,0.0,0.0,2080.11,1,0,0.0,2080.11,1,0,0.0,6081.41,2,0,0.0,30115.579999999998,4,0,0.0,0
LGS2ORD0047678,C010644,2026-01-13 14:00:00,Male,55,Bronze,Lazada,Bangkok,1009,Shopee,COD,14,1,1,0,>50,33.63333333333333,10.0,2.0,0.2,44,56,12006.822,0.28,0.5,0.2,0.0,0.0,0,0,0.0,0.0,0,0,0.0,11109.39,1,1,1.0,117588.64,9,2,0.2222222222222222,1
LGS2ORD0047679,C017360,2026-01-13 14:00:00,Female,38,Bronze,Shopee,Khon Kaen,614,Shopee,Credit_Card,14,1,1,0,30-40,20.466666666666665,11.0,1.0,0.09090909090909091,230,128,1551.8990909090908,0.23,0.36363636363636365,0.09090909090909091,0.0,0.0,0,0,0.0,0.0,0,0,0.0,0.0,0,0,0.0,16146.959999999997,10,1,0.1,0
LGS2ORD0047680,C014376,2026-01-13 14:00:00,Female,51,Bronze,Shopee,Bangkok,1244,Lazada,COD,14,1,1,0,>50,41.46666666666667,6.0,1.0,0.16666666666666666,280,96,5304.825,0.23,0.16666666666666666,0.16666666666666666,0.0,0.0,0,0,0.0,0.0,0,0,0.0,0.0,0,0,0.0,31828.95,6,1,0.16666666666666666,0
LGS2ORD0047681,C014856,2026-01-13 14:00:00,Male,36,Silver,TV,Nakhon Ratchasima,1420,Lazada,COD,14,1,1,0,30-40,47.333333333333336,6.0,2.0,0.3333333333333333,73,82,4070.9500000000003,0.25,0.5,0.16666666666666666,0.0,0.0,0,0,0.0,0.0,0,0,0.0,1689.3000000000002,2,1,0.5,24425.7,6,2,0.3333333333333333,0
LGS2ORD0047682,C012871,2026-01-13 14:00:00,Male,35,Bronze,Web,Chonburi,1048,Web,COD,14,1,1,0,30-40,34.93333333333333,1.0,0.0,0.0,-1,223,8956.28,0.03,0.0,0.0,0.0,0.0,0,0,0.0,0.0,0,0,0.0,0.0,0,0,0.0,8956.28,1,0,0.0,1
LGS2ORD0047683,C011097,2026-01-13 15:00:00,Female,58,Gold,TV,Chiang Mai,1342,Web,COD,15,1,1,0,>50,44.733333333333334,6.0,1.0,0.16666666666666666,337,94,3949.481666666667,0.28,0.3333333333333333,0.8333333333333334,0.0,0.0,0,0,0.0,0.0,0,0,0.0,0.0,0,0,0.0,23696.890000000003,6,1,0.16666666666666666,1
LGS2ORD0047684,C013538,2026-01-13 15:00:00,Female,18,Gold,Lazada,Bangkok,1602,Shopee,Credit_Card,15,1,1,0,<20,53.4,4.0,2.0,0.5,27,36,5472.227499999999,0.2299999999999999,0.5,0.5,0.0,0.0,0,0,0.0,0.0,0,0,0.0,5169.9,1,1,1.0,8656.43,3,2,0.6666666666666666,0
LGS2ORD0047685,C014137,2026-01-13 15:00:00,Female,41,Bronze,Shopee,Songkhla,1095,TV_Show,COD,15,1,1,0,40-50,36.5,5.0,2.0,0.4,18,32,5545.728,0.28,0.8,0.2,0.0,0.0,0,0,0.0,0.0,0,0,0.0,10584.92,2,1,0.5,27728.64,5,2,0.4,0
LGS2ORD0047686,C011458,2026-01-13 15:00:00,Female,47,Silver,TV,Remote_Area,761,Web,COD,15,1,1,0,40-50,25.366666666666667,4.0,0.0,0.0,-1,59,1100.8300000000002,0.2,0.0,0.0,0.0,0.0,0,0,0.0,0.0,0,0,0.0,809.2,1,0,0.0,4403.320000000001,4,0,0.0,1
LGS2ORD0047687,C015420,2026-01-13 15:00:00,Male,43,Bronze,Shopee,Songkhla,1796,Web,COD,15,1,1,0,40-50,59.86666666666667,6.0,1.0,0.16666666666666666,90,49,4104.763333333333,0.28,0.8333333333333334,0.6666666666666666,0.0,0.0,0,0,0.0,0.0,0,0,0.0,3387.71,1,0,0.0,24628.58,6,1,0.16666666666666666,1
LGS2ORD0047688,C016974,2026-01-13 16:00:00,Female,40,Bronze,TV,Khon Kaen,760,Web,Bank_Transfer,16,1,1,0,30-40,25.333333333333332,5.0,0.0,0.0,-1,8,8905.072,0.23,0.4,0.2,0.0,0.0,0,0,0.0,1395.09,1,0,0.0,11973.51,3,0,0.0,44525.36,5,0,0.0,0
LGS2ORD0047689,C016403,2026-01-13 16:00:00,Male,39,Silver,TV,Khon Kaen,1424,CallCenter,COD,16,1,1,0,30-40,47.46666666666667,6.0,2.0,0.3333333333333333,205,118,3392.623333333333,0.25,1.0,0.3333333333333333,0.0,0.0,0,0,0.0,0.0,0,0,0.0,0.0,0,0,0.0,20355.739999999998,6,2,0.3333333333333333,1
LGS2ORD0047690,C017600,2026-01-13 16:00:00,Female,48,Bronze,Web,Chiang Mai,868,Shopee,Bank_Transfer,16,1,1,0,40-50,28.933333333333334,11.0,4.0,0.36363636363636365,135,38,6224.330909090909,0.28,0.45454545454545453,0.2727272727272727,0.0,0.0,0,0,0.0,0.0,0,0,0.0,5971.820000000001,3,0,0.0,68467.64,11,4,0.36363636363636365,0
LGS2ORD0047691,C015130,2026-01-13 16:00:00,Female,27,Silver,Web,Chiang Mai,431,Shopee,PromptPay,16,1,1,0,20-30,14.366666666666667,5.0,0.0,0.0,-1,12,11346.938,0.25,0.8,0.6,0.0,0.0,0,0,0.0,12183.78,1,0,0.0,19142.91,2,0,0.0,56734.69,5,0,0.0,0
LGS2ORD0047692,C015404,2026-01-13 16:00:00,Female,60,Bronze,Shopee,Songkhla,1305,TV_Show,PromptPay,16,1,1,0,>50,43.5,17.0,9.0,0.5294117647058824,26,17,5609.388823529412,0.28,0.7058823529411765,0.17647058823529413,0.058823529411764705,0.0,0,0,0.0,21310.3,1,0,0.0,27584.44,4,3,0.75,87466.88,16,9,0.5625,1
LGS2ORD0047693,C013990,2026-01-13 17:00:00,Female,38,Silver,Lazada,Nakhon Ratchasima,1542,TV_Show,COD,17,1,1,0,30-40,51.4,2.0,0.0,0.0,-1,63,1272.1950000000002,0.15,1.0,0.0,0.0,0.0,0,0,0.0,0.0,0,0,0.0,1762.65,1,0,0.0,2544.3900000000003,2,0,0.0,0
LGS2ORD0047694,C013039,2026-01-13 17:00:00,Female,61,Bronze,Web,Bangkok,1277,TV_Show,COD,17,1,1,0,>50,42.56666666666667,4.0,2.0,0.5,153,142,6849.915000000001,0.23,0.75,0.25,0.0,0.0,0,0,0.0,0.0,0,0,0.0,0.0,0,0,0.0,27399.660000000003,4,2,0.5,1
LGS2ORD0047695,C015117,2026-01-13 17:00:00,Male,55,Bronze,Web,Chonburi,1660,TV_Show,PromptPay,17,1,1,0,>50,55.333333333333336,7.0,1.0,0.14285714285714285,95,63,4782.5257142857145,0.28,0.14285714285714285,0.42857142857142855,0.0,0.0,0,0,0.0,0.0,0,0,0.0,2477.0,1,0,0.0,33477.68,7,1,0.14285714285714285,0
LGS2ORD0047696,C010648,2026-01-13 17:00:00,Male,32,Gold,Web,Chiang Mai,1030,Lazada,Bank_Transfer,17,1,1,0,30-40,34.333333333333336,7.0,1.0,0.14285714285714285,82,82,5253.8714285714295,0.33,0.42857142857142855,0.42857142857142855,0.0,0.0,0,0,0.0,0.0,0,0,0.0,8958.25,1,0,0.0,36777.100000000006,7,1,0.14285714285714285,0
LGS2ORD0047697,C011257,2026-01-13 17:00:00,Male,23,Silver,CallCenter,Remote_Area,463,CallCenter,COD,17,1,1,0,20-30,15.433333333333334,6.0,2.0,0.3333333333333333,35,48,4149.3116666666665,0.25,0.6666666666666666,0.16666666666666666,0.0,0.0,0,0,0.0,0.0,0,0,0.0,5865.28,2,2,1.0,24895.87,6,2,0.3333333333333333,1
LGS2ORD0047698,C011507,2026-01-13 17:00:00,Male,35,Gold,Lazada,Bangkok,680,Shopee,COD,17,1,1,0,30-40,22.666666666666668,9.0,0.0,0.0,-1,17,5621.903333333334,0.2299999999999999,0.7777777777777778,0.1111111111111111,0.0,0.0,0,0,0.0,2233.72,1,0,0.0,26685.99,2,0,0.0,50597.130000000005,9,0,0.0,0
LGS2ORD0047699,C011150,2026-01-13 18:00:00,Male,63,Bronze,Shopee,Bangkok,1511,Web,Credit_Card,18,1,1,0,>50,50.36666666666667,9.0,2.0,0.2222222222222222,169,83,3805.0977777777784,0.28,0.6666666666666666,0.3333333333333333,0.0,0.0,0,0,0.0,0.0,0,0,0.0,942.03,1,0,0.0,34245.880000000005,9,2,0.2222222222222222,0
LGS2ORD0047700,C012955,2026-01-13 18:00:00,Male,35,Silver,TV,Nakhon Ratchasima,1403,Web,Credit_Card,18,1,1,0,30-40,46.766666666666666,10.0,3.0,0.3,17,26,5795.262,0.3,0.5,0.2,0.0,0.0,0,0,0.0,5885.4,1,1,1.0,8307.41,2,1,0.5,57952.619999999995,10,3,0.3,0
LGS2ORD0047701,C010098,2026-01-13 18:00:00,Male,50,Bronze,Shopee,Chiang Mai,1185,TV_Show,COD,18,1,1,0,40-50,39.5,4.0,0.0,0.0,-1,46,1659.63,0.23,0.75,0.25,0.0,0.0,0,0,0.0,0.0,0,0,0.0,2659.5699999999997,2,0,0.0,6638.52,4,0,0.0,1
LGS2ORD0047702,C015487,2026-01-13 18:00:00,Male,54,Bronze,Web,Chonburi,1049,Shopee,COD,18,1,1,0,>50,34.96666666666667,3.0,1.0,0.3333333333333333,207,73,2590.1366666666668,0.18,0.3333333333333333,0.0,0.0,0.0,0,0,0.0,0.0,0,0,0.0,3782.5,1,0,0.0,7770.41,3,1,0.3333333333333333,0
LGS2ORD0047703,C011897,2026-01-13 18:00:00,Male,60,Platinum,Lazada,Khon Kaen,658,TV_Show,Credit_Card,18,1,1,0,>50,21.933333333333334,7.0,1.0,0.14285714285714285,247,0,2072.247142857143,0.35,0.5714285714285714,0.14285714285714285,0.0,2614.16,1,0,0.0,2614.16,1,0,0.0,4784.98,2,0,0.0,14505.73,7,1,0.14285714285714285,0
LGS2ORD0047704,C011071,2026-01-13 19:00:00,Female,36,Bronze,Web,Nakhon Ratchasima,1753,Web,Credit_Card,19,1,1,0,30-40,58.43333333333333,8.0,0.0,0.0,-1,7,3721.8550000000005,0.23,0.25,0.375,0.0,0.0,0,0,0.0,10557.16,2,0,0.0,12550.55,3,0,0.0,29774.840000000004,8,0,0.0,0
LGS2ORD0047705,C017947,2026-01-13 19:00:00,Other,28,Bronze,CallCenter,Phuket,957,Web,Credit_Card,19,1,1,0,20-30,31.9,14.0,5.0,0.35714285714285715,5,12,7885.995714285714,0.28,0.5714285714285714,0.35714285714285715,0.0,0.0,0,0,0.0,13640.87,1,1,1.0,17263.39,3,1,0.3333333333333333,110403.93999999999,14,5,0.35714285714285715,0
LGS2ORD0047706,C015631,2026-01-13 19:00:00,Other,52,Bronze,TV,Khon Kaen,453,TV_Show,Credit_Card,19,1,1,0,>50,15.1,5.0,3.0,0.6,11,20,4658.706,0.23,0.6,0.2,0.0,0.0,0,0,0.0,2593.86,1,1,1.0,14480.86,2,2,1.0,23293.53,5,3,0.6,0
LGS2ORD0047707,C013820,2026-01-13 19:00:00,Male,26,Silver,Lazada,Bangkok,1507,TV_Show,COD,19,1,1,0,20-30,50.233333333333334,4.0,0.0,0.0,-1,55,4623.29,0.25,0.25,0.25,0.0,0.0,0,0,0.0,0.0,0,0,0.0,4653.56,2,0,0.0,18493.16,4,0,0.0,1
LGS2ORD0047708,C015938,2026-01-13 19:00:00,Female,18,Bronze,CallCenter,Bangkok,1187,TV_Show,Credit_Card,19,1,1,0,<20,39.56666666666667,5.0,1.0,0.2,126,12,2622.236,0.18,0.6,0.0,0.0,0.0,0,0,0.0,3422.83,1,0,0.0,8737.13,3,0,0.0,13111.18,5,1,0.2,0
LGS2ORD0047709,C010457,2026-01-13 20:00:00,Male,42,Gold,TV,Bangkok,554,TV_Show,PromptPay,20,1,1,0,40-50,18.466666666666665,10.0,1.0,0.1,93,43,8537.027999999998,0.33,0.6,0.4,0.0,0.0,0,0,0.0,0.0,0,0,0.0,1667.39,1,0,0.0,77230.81999999999,9,1,0.1111111111111111,0
LGS2ORD0047710,C012235,2026-01-13 20:00:00,Female,49,Platinum,Shopee,Phuket,1588,Web,PromptPay,20,1,1,0,40-50,52.93333333333333,7.0,2.0,0.2857142857142857,63,62,4763.707142857143,0.35,0.0,0.2857142857142857,0.0,0.0,0,0,0.0,0.0,0,0,0.0,5192.799999999999,2,1,0.5,33345.95,7,2,0.2857142857142857,0
LGS2ORD0047711,C016006,2026-01-13 20:00:00,Female,35,Bronze,Lazada,Songkhla,1757,TV_Show,Bank_Transfer,20,1,1,0,30-40,58.56666666666667,5.0,1.0,0.2,216,33,1392.9940000000001,0.28,0.4,0.6,0.0,0.0,0,0,0.0,0.0,0,0,0.0,419.2,1,0,0.0,6964.970000000001,5,1,0.2,1
LGS2ORD0047712,C015921,2026-01-13 20:00:00,Male,47,Bronze,TV,Khon Kaen,1810,Web,PromptPay,20,1,1,0,40-50,60.333333333333336,10.0,2.0,0.2,43,17,5531.08,0.28,0.5,0.4,0.0,0.0,0,0,0.0,8176.36,1,0,0.0,12187.51,2,1,0.5,55310.799999999996,10,2,0.2,0
LGS2ORD0047713,C010629,2026-01-13 20:00:00,Male,30,Gold,Shopee,Chiang Mai,1635,Shopee,COD,20,1,1,0,20-30,54.5,3.0,0.0,0.0,-1,107,11539.083333333336,0.2299999999999999,0.6666666666666666,0.6666666666666666,0.0,0.0,0,0,0.0,0.0,0,0,0.0,0.0,0,0,0.0,34617.25000000001,3,0,0.0,0
LGS2ORD0047714,C012900,2026-01-13 21:00:00,Male,41,Gold,CallCenter,Bangkok,875,Web,COD,21,1,1,0,40-50,29.166666666666668,4.0,1.0,0.25,179,119,12673.28,0.2299999999999999,0.5,0.5,0.0,0.0,0,0,0.0,0.0,0,0,0.0,0.0,0,0,0.0,50693.12,4,1,0.25,0
LGS2ORD0047715,C017807,2026-01-13 21:00:00,Male,28,Silver,TV,Songkhla,1398,Lazada,COD,21,1,1,0,20-30,46.6,6.0,4.0,0.6666666666666666,136,152,5127.836666666667,0.3,0.8333333333333334,0.3333333333333333,0.0,0.0,0,0,0.0,0.0,0,0,0.0,0.0,0,0,0.0,30767.020000000004,6,4,0.6666666666666666,1
LGS2ORD0047716,C011671,2026-01-13 21:00:00,Female,51,Bronze,TV,Remote_Area,1048,Lazada,COD,21,1,1,0,>50,34.93333333333333,8.0,2.0,0.25,222,19,8779.81125,0.28,0.5,0.25,0.0,0.0,0,0,0.0,12822.82,1,0,0.0,35873.5,2,0,0.0,70238.49,8,2,0.25,1
LGS2ORD0047717,C014621,2026-01-13 21:00:00,Female,42,Silver,TV,Nakhon Ratchasima,1510,Web,PromptPay,21,1,1,0,40-50,50.333333333333336,4.0,1.0,0.25,163,24,10908.05,0.25,1.0,0.5,0.0,0.0,0,0,0.0,1735.91,1,0,0.0,30898.19,2,0,0.0,43632.2,4,1,0.25,0
LGS2ORD0047718,C011786,2026-01-13 21:00:00,Male,58,Bronze,CallCenter,Bangkok,961,Lazada,PromptPay,21,1,1,0,>50,32.03333333333333,9.0,3.0,0.3333333333333333,14,25,6861.055555555556,0.23,0.5555555555555556,0.1111111111111111,0.0,0.0,0,0,0.0,1964.8,1,1,1.0,33776.04,4,2,0.5,61034.45,8,3,0.375,0
LGS2ORD0047719,C017465,2026-01-13 21:00:00,Male,46,Bronze,Lazada,Songkhla,1461,Lazada,Credit_Card,21,1,1,0,40-50,48.7,7.0,3.0,0.42857142857142855,5,11,9041.718571428572,0.28,0.42857142857142855,0.42857142857142855,0.0,0.0,0,0,0.0,23301.280000000002,2,1,0.5,23981.920000000002,3,1,0.3333333333333333,63292.03,7,3,0.42857142857142855,0
LGS2ORD0047720,C010451,2026-01-13 22:00:00,Male,54,Bronze,Shopee,Bangkok,1497,Web,COD,22,1,1,0,>50,49.9,4.0,2.0,0.5,201,115,6114.8025,0.13,0.5,0.0,0.0,0.0,0,0,0.0,0.0,0,0,0.0,0.0,0,0,0.0,24459.21,4,2,0.5,1
LGS2ORD0047721,C014378,2026-01-13 22:00:00,Male,47,Bronze,Lazada,Chiang Mai,891,Shopee,COD,22,1,1,0,40-50,29.7,8.0,1.0,0.125,98,3,6214.225,0.23,0.75,0.125,0.0,417.96,1,0,0.0,27700.969999999998,2,0,0.0,27700.969999999998,2,0,0.0,45753.299999999996,7,1,0.14285714285714285,1
LGS2ORD0047722,C017014,2026-01-13 22:00:00,Male,39,Bronze,Shopee,Khon Kaen,652,TV_Show,Bank_Transfer,22,1,1,0,30-40,21.733333333333334,8.0,1.0,0.125,305,195,5705.235,0.28,0.375,0.375,0.0,0.0,0,0,0.0,0.0,0,0,0.0,0.0,0,0,0.0,45641.88,8,1,0.125,0
LGS2ORD0047723,C012036,2026-01-13 22:00:00,Male,40,Bronze,Lazada,Nakhon Ratchasima,1285,TV_Show,COD,22,1,1,0,30-40,42.833333333333336,7.0,0.0,0.0,-1,19,4057.982857142858,0.18,0.42857142857142855,0.0,0.0,0.0,0,0,0.0,1882.31,1,0,0.0,4180.1900000000005,2,0,0.0,28405.880000000005,7,0,0.0,0
LGS2ORD0047724,C010198,2026-01-13 22:00:00,Male,72,Silver,Lazada,Bangkok,1756,Web,Credit_Card,22,1,1,0,>50,58.53333333333333,8.0,1.0,0.125,312,4,4099.526250000001,0.25,0.75,0.25,0.0,3372.72,1,0,0.0,3372.72,1,0,0.0,5636.84,2,0,0.0,32796.21000000001,8,1,0.125,0
LGS2ORD0047725,C010127,2026-01-13 23:00:00,Female,57,Bronze,Web,Songkhla,479,TV_Show,COD,23,1,1,0,>50,15.966666666666667,8.0,2.0,0.25,80,15,3559.4974999999995,0.28,0.625,0.5,0.0,0.0,0,0,0.0,6904.75,1,0,0.0,17478.8,3,0,0.0,28475.979999999996,8,2,0.25,1
LGS2ORD0047726,C017448,2026-01-13 23:00:00,Female,41,Bronze,Shopee,Khon Kaen,542,Lazada,PromptPay,23,1,1,0,40-50,18.066666666666666,3.0,1.0,0.3333333333333333,59,36,5124.943333333334,0.28,1.0,0.6666666666666666,0.0,0.0,0,0,0.0,0.0,0,0,0.0,12458.79,2,1,0.5,15374.830000000002,3,1,0.3333333333333333,0
LGS2ORD0047727,C016751,2026-01-13 23:00:00,Male,18,Bronze,TV,Nakhon Ratchasima,722,Lazada,COD,23,1,1,0,<20,24.066666666666666,7.0,0.0,0.0,-1,13,2261.511428571429,0.28,0.42857142857142855,0.42857142857142855,0.0,0.0,0,0,0.0,5376.19,1,0,0.0,10168.89,3,0,0.0,15830.580000000002,7,0,0.0,0
LGS2ORD0047728,C011610,2026-01-13 23:00:00,Male,34,Silver,TV,Remote_Area,1547,TV_Show,PromptPay,23,1,1,0,30-40,51.56666666666667,8.0,2.0,0.25,58,55,4303.50625,0.3,0.75,0.625,0.0,0.0,0,0,0.0,0.0,0,0,0.0,4596.66,2,1,0.5,33346.659999999996,7,2,0.2857142857142857,0
LGS2ORD0047729,C012756,2026-01-13 23:00:00,Female,46,Silver,Lazada,Remote_Area,956,Web,COD,23,1,1,0,40-50,31.866666666666667,3.0,1.0,0.3333333333333333,166,179,4133.413333333334,0.2,0.3333333333333333,0.0,0.0,0.0,0,0,0.0,0.0,0,0,0.0,0.0,0,0,0.0,12400.240000000002,3,1,0.3333333333333333,1
LGS2ORD0047730,C011777,2026-01-14 00:00:00,Male,25,Bronze,Web,Bangkok,1583,Shopee,COD,0,1,2,0,20-30,52.766666666666666,5.0,1.0,0.2,267,20,4148.346,0.23,0.4,0.2,0.0,0.0,0,0,0.0,2257.34,1,0,0.0,2257.34,1,0,0.0,20741.73,5,1,0.2,1
LGS2ORD0047731,C015804,2026-01-14 00:00:00,Female,32,Gold,Lazada,Khon Kaen,1126,CallCenter,Credit_Card,0,1,2,0,30-40,37.53333333333333,9.0,1.0,0.1111111111111111,302,100,5885.73,0.33,0.2222222222222222,0.4444444444444444,0.0,0.0,0,0,0.0,0.0,0,0,0.0,0.0,0,0,0.0,38866.49,8,1,0.125,0
LGS2ORD0047732,C014599,2026-01-14 00:00:00,Male,34,Gold,Shopee,Nakhon Ratchasima,1613,TV_Show,PromptPay,0,1,2,0,30-40,53.766666666666666,4.0,0.0,0.0,-1,51,4601.935,0.28,0.25,1.0,0.0,0.0,0,0,0.0,0.0,0,0,0.0,2097.31,2,0,0.0,18407.74,4,0,0.0,0
LGS2ORD0047733,C011382,2026-01-14 00:00:00,Male,30,Bronze,Lazada,Chonburi,1663,Shopee,COD,0,1,2,0,20-30,55.43333333333333,10.0,1.0,0.1,28,28,9684.61,0.23,0.5,0.1,0.0,0.0,0,0,0.0,2471.85,1,0,0.0,44587.78,4,1,0.25,96846.1,10,1,0.1,1
LGS2ORD0047734,C016952,2026-01-14 00:00:00,Female,45,Gold,Web,Bangkok,1182,CallCenter,COD,0,1,2,0,40-50,39.4,2.0,0.0,0.0,-1,11,2457.46,0.28,0.0,0.5,0.0,0.0,0,0,0.0,967.52,1,0,0.0,4914.92,2,0,0.0,4914.92,2,0,0.0,0
LGS2ORD0047735,C010468,2026-01-14 01:00:00,Male,44,Bronze,Shopee,Chiang Mai,1654,Shopee,Bank_Transfer,1,1,2,0,40-50,55.13333333333333,10.0,1.0,0.1,345,48,7826.843999999999,0.28,0.6,0.3,0.0,0.0,0,0,0.0,0.0,0,0,0.0,15184.949999999999,4,0,0.0,78268.43999999999,10,1,0.1,0
LGS2ORD0047736,C017423,2026-01-14 01:00:00,Male,48,Gold,Web,Chonburi,828,TV_Show,COD,1,1,2,0,40-50,27.6,2.0,0.0,0.0,-1,35,3485.5600000000004,0.28,0.5,0.5,0.0,0.0,0,0,0.0,0.0,0,0,0.0,287.56,1,0,0.0,6971.120000000001,2,0,0.0,0
LGS2ORD0047737,C014479,2026-01-14 01:00:00,Male,55,Gold,Shopee,Bangkok,883,Lazada,COD,1,1,2,0,>50,29.433333333333334,11.0,3.0,0.2727272727272727,97,64,1964.8300000000002,0.33,0.45454545454545453,0.5454545454545454,0.0,0.0,0,0,0.0,0.0,0,0,0.0,3597.03,1,0,0.0,20420.35,10,3,0.3,1
LGS2ORD0047738,C016886,2026-01-14 01:00:00,Male,27,Silver,Web,Nakhon Ratchasima,1834,CallCenter,COD,1,1,2,0,20-30,61.13333333333333,3.0,0.0,0.0,-1,47,4015.0766666666673,0.1,0.6666666666666666,0.0,0.0,0.0,0,0,0.0,0.0,0,0,0.0,2090.02,1,0,0.0,12045.230000000001,3,0,0.0,0
LGS2ORD0047739,C014584,2026-01-14 01:00:00,Female,67,Bronze,Web,Bangkok,1495,Lazada,COD,1,1,2,0,>50,49.833333333333336,5.0,2.0,0.4,168,3,4606.084000000001,0.28,0.6,0.4,0.0,3045.03,1,0,0.0,3045.03,1,0,0.0,6033.84,2,0,0.0,23030.420000000002,5,2,0.4,0
LGS2ORD0047740,C016412,2026-01-14 01:00:00,Female,50,Silver,Web,Khon Kaen,1013,Shopee,PromptPay,1,1,2,0,40-50,33.766666666666666,8.0,0.0,0.0,-1,19,2451.01125,0.3,0.625,0.125,0.0,0.0,0,0,0.0,12931.61,2,0,0.0,13931.86,4,0,0.0,19608.09,8,0,0.0,0
LGS2ORD0047741,C012561,2026-01-14 02:00:00,Female,61,Platinum,Shopee,Phuket,900,TV_Show,PromptPay,2,1,2,0,>50,30.0,9.0,2.0,0.2222222222222222,229,6,8656.531111111111,0.35,0.6666666666666666,0.7777777777777778,0.0,2317.12,1,0,0.0,2317.12,1,0,0.0,10983.66,3,0,0.0,77908.78,9,2,0.2222222222222222,0
LGS2ORD0047742,C010279,2026-01-14 02:00:00,Male,42,Gold,Web,Khon Kaen,1374,Web,PromptPay,2,1,2,0,40-50,45.8,3.0,0.0,0.0,-1,247,18453.453333333335,0.13,0.6666666666666666,0.0,0.0,0.0,0,0,0.0,0.0,0,0,0.0,0.0,0,0,0.0,55360.36000000001,3,0,0.0,0
LGS2ORD0047743,C010319,2026-01-14 02:00:00,Male,29,Bronze,Web,Khon Kaen,1378,Web,COD,2,1,2,0,20-30,45.93333333333333,6.0,1.0,0.16666666666666666,92,19,3188.186666666666,0.28,0.3333333333333333,0.16666666666666666,0.0,0.0,0,0,0.0,1994.94,1,0,0.0,3778.04,2,0,0.0,19129.119999999995,6,1,0.16666666666666666,0
LGS2ORD0047744,C011390,2026-01-14 02:00:00,Female,34,Gold,Web,Bangkok,1659,TV_Show,COD,2,1,2,0,30-40,55.3,7.0,2.0,0.2857142857142857,35,22,2844.2799999999997,0.33,0.14285714285714285,0.2857142857142857,0.0,0.0,0,0,0.0,1020.87,1,0,0.0,9010.62,4,1,0.25,19909.96,7,2,0.2857142857142857,1
LGS2ORD0047745,C011280,2026-01-14 02:00:00,Male,29,Silver,Web,Bangkok,777,TV_Show,Credit_Card,2,1,2,0,20-30,25.9,5.0,1.0,0.2,362,24,5662.868,0.2,0.4,0.0,0.0,0.0,0,0,0.0,21543.56,1,0,0.0,21543.56,1,0,0.0,27222.74,4,0,0.0,0
LGS2ORD0047746,C013499,2026-01-14 03:00:00,Male,36,Bronze,Web,Khon Kaen,1039,TV_Show,Credit_Card,3,1,2,0,30-40,34.63333333333333,11.0,3.0,0.2727272727272727,5,15,2835.296363636364,0.28,0.5454545454545454,0.36363636363636365,0.0,0.0,0,0,0.0,1828.09,1,1,1.0,1828.09,1,1,1.0,31188.260000000002,11,3,0.2727272727272727,0
LGS2ORD0047747,C016736,2026-01-14 03:00:00,Female,62,Silver,TV,Chonburi,1788,Lazada,COD,3,1,2,0,>50,59.6,8.0,3.0,0.375,147,17,4944.0375,0.25,0.75,0.125,0.0,0.0,0,0,0.0,3185.2,2,0,0.0,3185.2,2,0,0.0,39552.3,8,3,0.375,0
LGS2ORD0047748,C017600,2026-01-14 03:00:00,Female,48,Bronze,Web,Chiang Mai,869,Shopee,COD,3,1,2,0,40-50,28.966666666666665,12.0,4.0,0.3333333333333333,135,0,6601.6483333333335,0.28,0.4166666666666667,0.3333333333333333,0.0,10752.14,1,0,0.0,10752.14,1,0,0.0,16723.96,4,0,0.0,79219.78,12,4,0.3333333333333333,0
LGS2ORD0047749,C015169,2026-01-14 03:00:00,Female,44,Bronze,TV,Bangkok,1474,CallCenter,PromptPay,3,1,2,0,40-50,49.13333333333333,8.0,2.0,0.25,186,14,7030.754999999999,0.23,0.625,0.375,0.0,0.0,0,0,0.0,21648.809999999998,2,0,0.0,25719.28,3,0,0.0,55106.479999999996,7,2,0.2857142857142857,0
LGS2ORD0047750,C016184,2026-01-14 03:00:00,Male,40,Bronze,TV,Remote_Area,1233,Shopee,PromptPay,3,1,2,0,30-40,41.1,11.0,3.0,0.2727272727272727,165,91,6547.132727272727,0.23,0.5454545454545454,0.2727272727272727,0.0,0.0,0,0,0.0,0.0,0,0,0.0,0.0,0,0,0.0,72018.45999999999,11,3,0.2727272727272727,0
LGS2ORD0047751,C016531,2026-01-14 04:00:00,Male,28,Gold,Web,Khon Kaen,1461,Web,COD,4,1,2,0,20-30,48.7,8.0,0.0,0.0,-1,45,4923.08375,0.33,0.125,0.25,0.0,0.0,0,0,0.0,0.0,0,0,0.0,12455.400000000001,2,0,0.0,26282.29,7,0,0.0,1
LGS2ORD0047752,C015357,2026-01-14 04:00:00,Male,48,Gold,TV,Nakhon Ratchasima,898,Web,PromptPay,4,1,2,0,40-50,29.933333333333334,5.0,2.0,0.4,221,17,6746.966,0.28,0.6,0.2,0.0,0.0,0,0,0.0,5453.9,1,0,0.0,5453.9,1,0,0.0,33734.83,5,2,0.4,0
LGS2ORD0047753,C013990,2026-01-14 04:00:00,Female,38,Silver,Lazada,Nakhon Ratchasima,1543,TV_Show,COD,4,1,2,0,30-40,51.43333333333333,3.0,0.0,0.0,-1,0,1392.3966666666668,0.3,1.0,0.3333333333333333,0.0,1632.8,1,0,0.0,1632.8,1,0,0.0,3395.45,2,0,0.0,4177.1900000000005,3,0,0.0,1
LGS2ORD0047754,C015922,2026-01-14 04:00:00,Male,50,Bronze,Lazada,Bangkok,1402,Web,COD,4,1,2,0,40-50,46.733333333333334,8.0,3.0,0.375,-1,6,5011.0675,0.28,0.875,0.5,0.0,9686.56,1,1,1.0,11485.39,2,1,0.5,15540.669999999998,5,1,0.2,40088.54,8,3,0.375,0
LGS2ORD0047755,C016635,2026-01-14 04:00:00,Male,28,Silver,TV,Chonburi,1319,TV_Show,Credit_Card,4,1,2,0,20-30,43.96666666666667,7.0,1.0,0.14285714285714285,80,19,7096.291428571428,0.2,0.5714285714285714,0.0,0.0,0.0,0,0,0.0,7033.16,2,0,0.0,10649.91,3,0,0.0,49674.03999999999,7,1,0.14285714285714285,0
LGS2ORD0047756,C010886,2026-01-14 04:00:00,Female,53,Gold,TV,Chonburi,1668,Lazada,COD,4,1,2,0,>50,55.6,7.0,2.0,0.2857142857142857,76,73,4137.571428571428,0.33,0.2857142857142857,0.42857142857142855,0.0,0.0,0,0,0.0,0.0,0,0,0.0,11699.58,1,0,0.0,28963.0,7,2,0.2857142857142857,0
LGS2ORD0047757,C015354,2026-01-14 05:00:00,Female,34,Bronze,Lazada,Phuket,1231,Shopee,PromptPay,5,1,2,0,30-40,41.03333333333333,3.0,0.0,0.0,-1,10,3564.47,0.18,0.6666666666666666,0.0,0.0,0.0,0,0,0.0,9278.84,1,0,0.0,9649.61,2,0,0.0,10693.41,3,0,0.0,0
LGS2ORD0047758,C017955,2026-01-14 05:00:00,Female,39,Platinum,Shopee,Songkhla,1591,Web,Credit_Card,5,1,2,0,30-40,53.03333333333333,4.0,1.0,0.25,311,66,6264.2575,0.35,0.25,0.75,0.0,0.0,0,0,0.0,0.0,0,0,0.0,16808.43,1,0,0.0,25057.03,4,1,0.25,0
LGS2ORD0047759,C012293,2026-01-14 05:00:00,Female,27,Bronze,TV,Phuket,1559,CallCenter,COD,5,1,2,0,20-30,51.96666666666667,4.0,2.0,0.5,210,225,2334.1600000000003,0.28,0.75,0.5,0.0,0.0,0,0,0.0,0.0,0,0,0.0,0.0,0,0,0.0,8163.57,3,2,0.6666666666666666,1
LGS2ORD0047760,C013847,2026-01-14 05:00:00,Female,49,Bronze,Shopee,Chonburi,1467,Shopee,COD,5,1,2,0,40-50,48.9,4.0,1.0,0.25,129,126,3503.6825000000003,0.28,0.5,0.25,0.0,0.0,0,0,0.0,0.0,0,0,0.0,0.0,0,0,0.0,7956.99,3,1,0.3333333333333333,0
LGS2ORD0047761,C015633,2026-01-14 05:00:00,Male,26,Bronze,TV,Nakhon Ratchasima,1166,Lazada,Credit_Card,5,1,2,0,20-30,38.86666666666667,4.0,2.0,0.5,228,1,4703.6575,0.18,0.5,0.0,0.0,743.25,1,0,0.0,743.25,1,0,0.0,743.25,1,0,0.0,18814.63,4,2,0.5,1
LGS2ORD0047762,C013522,2026-01-14 06:00:00,Male,49,Gold,TV,Bangkok,1605,Lazada,Credit_Card,6,1,2,0,40-50,53.5,8.0,1.0,0.125,216,14,6352.82125,0.33,0.375,0.625,0.0,0.0,0,0,0.0,1102.61,1,0,0.0,1102.61,1,0,0.0,49192.270000000004,7,1,0.14285714285714285,0
LGS2ORD0047763,C012519,2026-01-14 06:00:00,Male,31,Bronze,CallCenter,Remote_Area,964,Web,COD,6,1,2,0,30-40,32.13333333333333,4.0,1.0,0.25,363,214,5691.6,0.23,0.75,0.25,0.0,0.0,0,0,0.0,0.0,0,0,0.0,0.0,0,0,0.0,11546.24,3,0,0.0,0
LGS2ORD0047764,C017220,2026-01-14 06:00:00,Female,57,Platinum,TV,Phuket,1699,Web,Bank_Transfer,6,1,2,0,>50,56.63333333333333,5.0,2.0,0.4,131,133,5769.588000000001,0.3,0.4,0.2,0.0,0.0,0,0,0.0,0.0,0,0,0.0,0.0,0,0,0.0,27815.61,4,2,0.5,0
LGS2ORD0047765,C015338,2026-01-14 06:00:00,Female,45,Silver,Web,Chonburi,586,Shopee,PromptPay,6,1,2,0,40-50,19.533333333333335,9.0,2.0,0.2222222222222222,110,83,5193.868888888889,0.2,0.2222222222222222,0.0,0.0,0.0,0,0,0.0,0.0,0,0,0.0,8451.04,1,0,0.0,46744.82,9,2,0.2222222222222222,0
LGS2ORD0047766,C015091,2026-01-14 06:00:00,Female,38,Silver,TV,Chiang Mai,863,Shopee,COD,6,1,2,0,30-40,28.766666666666666,7.0,3.0,0.42857142857142855,48,56,3624.5799999999995,0.3,0.8571428571428571,0.14285714285714285,0.0,0.0,0,0,0.0,0.0,0,0,0.0,2034.82,1,1,1.0,14632.380000000001,6,3,0.5,1
LGS2ORD0047767,C011105,2026-01-14 07:00:00,Female,58,Gold,TV,Bangkok,1386,TV_Show,COD,7,1,2,0,>50,46.2,4.0,0.0,0.0,-1,159,2631.945,0.33,0.75,0.75,0.0,0.0,0,0,0.0,0.0,0,0,0.0,0.0,0,0,0.0,10527.78,4,0,0.0,0
LGS2ORD0047768,C014226,2026-01-14 07:00:00,Male,33,Bronze,TV,Khon Kaen,897,Shopee,Credit_Card,7,1,2,0,30-40,29.9,6.0,0.0,0.0,-1,152,8673.308333333332,0.28,0.3333333333333333,0.16666666666666666,0.0,0.0,0,0,0.0,0.0,0,0,0.0,0.0,0,0,0.0,52039.85,6,0,0.0,0
LGS2ORD0047769,C015516,2026-01-14 07:00:00,Male,46,Silver,TV,Nakhon Ratchasima,797,Shopee,COD,7,1,2,0,40-50,26.566666666666666,5.0,0.0,0.0,-1,31,10077.689999999999,0.3,0.4,0.2,0.0,0.0,0,0,0.0,0.0,0,0,0.0,9152.66,2,0,0.0,49062.31,4,0,0.0,0
LGS2ORD0047770,C017793,2026-01-14 07:00:00,Male,44,Bronze,Lazada,Nakhon Ratchasima,1789,TV_Show,COD,7,1,2,0,40-50,59.63333333333333,5.0,1.0,0.2,149,61,2280.094,0.23,0.2,0.2,0.0,0.0,0,0,0.0,0.0,0,0,0.0,920.42,1,0,0.0,11400.470000000001,5,1,0.2,0
LGS2ORD0047771,C017684,2026-01-14 07:00:00,Female,57,Platinum,Web,Khon Kaen,821,Web,COD,7,1,2,0,>50,27.366666666666667,9.0,2.0,0.2222222222222222,-4,11,3588.2477777777776,0.35,0.4444444444444444,0.6666666666666666,0.1111111111111111,0.0,0,0,0.0,5173.64,2,1,0.5,16799.25,5,1,0.2,28122.92,8,1,0.125,0
LGS2ORD0047772,C010992,2026-01-14 08:00:00,Female,56,Silver,Web,Khon Kaen,841,TV_Show,COD,8,1,2,0,>50,28.033333333333335,2.0,1.0,0.5,364,112,5122.335,0.3,1.0,0.5,0.0,0.0,0,0,0.0,0.0,0,0,0.0,0.0,0,0,0.0,9283.47,1,0,0.0,0
LGS2ORD0047773,C010992,2026-01-14 08:00:00,Female,56,Silver,Web,Khon Kaen,841,Web,PromptPay,8,1,2,0,>50,28.033333333333335,2.0,1.0,0.5,364,112,5122.335,0.3,1.0,0.5,0.0,0.0,0,0,0.0,0.0,0,0,0.0,0.0,0,0,0.0,9283.47,1,0,0.0,0
LGS2ORD0047774,C010437,2026-01-14 08:00:00,Female,29,Silver,Web,Bangkok,1014,Shopee,COD,8,1,2,0,20-30,33.8,3.0,1.0,0.3333333333333333,166,58,6964.376666666667,0.3,0.3333333333333333,0.3333333333333333,0.0,0.0,0,0,0.0,0.0,0,0,0.0,1472.22,1,0,0.0,20893.13,3,1,0.3333333333333333,1
LGS2ORD0047775,C010715,2026-01-14 08:00:00,Male,66,Silver,Lazada,Bangkok,595,Web,Credit_Card,8,1,2,0,>50,19.833333333333332,6.0,2.0,0.3333333333333333,15,23,5515.491666666666,0.25,0.6666666666666666,0.16666666666666666,0.0,0.0,0,0,0.0,8333.43,1,1,1.0,8333.43,1,1,1.0,33092.95,6,2,0.3333333333333333,0
LGS2ORD0047776,C010356,2026-01-14 08:00:00,Male,39,Silver,Shopee,Bangkok,719,TV_Show,COD,8,1,2,0,30-40,23.966666666666665,11.0,0.0,0.0,-1,7,4930.936363636363,0.3,0.5454545454545454,0.2727272727272727,0.09090909090909091,0.0,0,0,0.0,6860.5199999999995,3,0,0.0,7960.129999999999,4,0,0.0,54240.299999999996,11,0,0.0,0
LGS2ORD0047777,C011247,2026-01-14 08:00:00,Female,40,Silver,CallCenter,Chonburi,1630,TV_Show,COD,8,1,2,0,30-40,54.333333333333336,8.0,1.0,0.125,170,71,6599.526249999999,0.3,0.5,0.375,0.0,0.0,0,0,0.0,0.0,0,0,0.0,973.35,1,0,0.0,52796.20999999999,8,1,0.125,0
LGS2ORD0047778,C013891,2026-01-14 09:00:00,Female,35,Silver,Lazada,Remote_Area,1220,TV_Show,Credit_Card,9,1,2,0,30-40,40.666666666666664,3.0,0.0,0.0,-1,49,2096.09,0.25,1.0,0.3333333333333333,0.0,0.0,0,0,0.0,0.0,0,0,0.0,4719.08,2,0,0.0,6288.27,3,0,0.0,1
LGS2ORD0047779,C016818,2026-01-14 09:00:00,Female,38,Bronze,Web,Bangkok,1186,Web,COD,9,1,2,0,30-40,39.53333333333333,3.0,0.0,0.0,-1,179,12975.15,0.18,0.6666666666666666,0.0,0.0,0.0,0,0,0.0,0.0,0,0,0.0,0.0,0,0,0.0,38925.45,3,0,0.0,0
LGS2ORD0047780,C015520,2026-01-14 09:00:00,Female,52,Bronze,TV,Bangkok,857,TV_Show,COD,9,1,2,0,>50,28.566666666666666,3.0,1.0,0.3333333333333333,111,122,16134.526666666667,0.13,0.6666666666666666,0.0,0.0,0.0,0,0,0.0,0.0,0,0,0.0,0.0,0,0,0.0,48403.58,3,1,0.3333333333333333,0
LGS2ORD0047781,C013550,2026-01-14 09:00:00,Female,42,Silver,TV,Bangkok,585,TV_Show,COD,9,1,2,0,40-50,19.5,6.0,2.0,0.3333333333333333,1,6,4826.318333333333,0.3,0.6666666666666666,0.16666666666666666,0.0,7233.76,1,1,1.0,9118.28,2,1,0.5,14061.85,4,2,0.5,28957.909999999996,6,2,0.3333333333333333,0
LGS2ORD0047782,C015404,2026-01-14 09:00:00,Female,60,Bronze,Shopee,Songkhla,1306,TV_Show,COD,9,1,2,0,>50,43.53333333333333,18.0,10.0,0.5555555555555556,-10,0,5440.325555555555,0.28,0.6666666666666666,0.16666666666666666,0.05555555555555555,2566.25,1,1,1.0,23876.55,2,1,0.5,30150.69,5,4,0.8,90033.13,17,10,0.5882352941176471,1
LGS2ORD0047783,C012724,2026-01-14 10:00:00,Female,55,Gold,Web,Khon Kaen,1675,Shopee,Credit_Card,10,1,2,0,>50,55.833333333333336,3.0,1.0,0.3333333333333333,260,142,2418.6133333333332,0.2299999999999999,0.3333333333333333,0.3333333333333333,0.0,0.0,0,0,0.0,0.0,0,0,0.0,0.0,0,0,0.0,7255.84,3,1,0.3333333333333333,0
LGS2ORD0047784,C010781,2026-01-14 10:00:00,Male,43,Silver,TV,Khon Kaen,1435,TV_Show,COD,10,1,2,0,40-50,47.833333333333336,7.0,1.0,0.14285714285714285,307,1,6946.667142857143,0.25,0.8571428571428571,0.2857142857142857,0.0,28074.34,1,0,0.0,32477.34,2,0,0.0,32477.34,2,0,0.0,48626.67,7,1,0.14285714285714285,0
LGS2ORD0047785,C012033,2026-01-14 10:00:00,Male,32,Silver,TV,Khon Kaen,1834,Shopee,COD,10,1,2,0,30-40,61.13333333333333,10.0,5.0,0.5,26,24,6255.239,0.3,0.5,0.6,0.0,0.0,0,0,0.0,6355.24,1,0,0.0,30843.68,3,2,0.6666666666666666,62552.39,10,5,0.5,0
LGS2ORD0047786,C014056,2026-01-14 10:00:00,Male,51,Gold,TV,Songkhla,1058,Web,Credit_Card,10,1,2,0,>50,35.266666666666666,3.0,0.0,0.0,-1,20,1573.51,0.33,0.3333333333333333,0.6666666666666666,0.0,0.0,0,0,0.0,2218.49,1,0,0.0,4282.7,2,0,0.0,4720.53,3,0,0.0,0
LGS2ORD0047787,C011138,2026-01-14 10:00:00,Male,51,Bronze,CallCenter,Phuket,465,Shopee,PromptPay,10,1,2,0,>50,15.5,8.0,4.0,0.5,2,7,5878.7212500000005,0.23,0.375,0.125,0.0,0.0,0,0,0.0,13016.380000000001,2,1,0.5,13016.380000000001,2,1,0.5,47029.770000000004,8,4,0.5,0
LGS2ORD0047788,C010853,2026-01-14 11:00:00,Female,53,Bronze,Shopee,Bangkok,1194,TV_Show,Credit_Card,11,1,2,0,>50,39.8,6.0,1.0,0.16666666666666666,350,155,7858.078333333334,0.28,0.8333333333333334,0.16666666666666666,0.0,0.0,0,0,0.0,0.0,0,0,0.0,0.0,0,0,0.0,47148.47,6,1,0.16666666666666666,0
LGS2ORD0047789,C010695,2026-01-14 11:00:00,Male,55,Bronze,Web,Songkhla,412,CallCenter,COD,11,1,2,0,>50,13.733333333333333,11.0,4.0,0.36363636363636365,72,20,7664.364545454545,0.28,0.45454545454545453,0.2727272727272727,0.0,0.0,0,0,0.0,2349.37,1,0,0.0,29679.649999999998,2,1,0.5,84308.01,11,4,0.36363636363636365,1
LGS2ORD0047790,C010078,2026-01-14 11:00:00,Female,55,Bronze,CallCenter,Songkhla,857,Web,COD,11,1,2,0,>50,28.566666666666666,10.0,5.0,0.5,-9,0,7527.053,0.18,0.6,0.0,0.0,16483.68,1,1,1.0,27873.92,2,1,0.5,27873.92,2,1,0.5,75270.53,10,5,0.5,0
LGS2ORD0047791,C015476,2026-01-14 11:00:00,Male,50,Silver,TV,Khon Kaen,1298,Web,Credit_Card,11,1,2,0,40-50,43.266666666666666,7.0,1.0,0.14285714285714285,243,3,8442.222857142857,0.3,0.42857142857142855,0.42857142857142855,0.0,9734.73,1,0,0.0,9734.73,1,0,0.0,19949.77,2,0,0.0,59095.56,7,1,0.14285714285714285,0
LGS2ORD0047792,C014842,2026-01-14 11:00:00,Male,54,Bronze,Web,Remote_Area,824,Shopee,PromptPay,11,1,2,0,>50,27.466666666666665,5.0,2.0,0.4,29,42,2040.2199999999998,0.18,0.8,0.0,0.0,0.0,0,0,0.0,0.0,0,0,0.0,278.65,1,1,1.0,10201.099999999999,5,2,0.4,0
LGS2ORD0047793,C017283,2026-01-14 12:00:00,Male,23,Bronze,TV,Remote_Area,1311,CallCenter,COD,12,1,2,0,20-30,43.7,7.0,2.0,0.2857142857142857,28,14,3418.244285714286,0.18,0.5714285714285714,0.0,0.0,0.0,0,0,0.0,2823.27,1,0,0.0,15263.490000000002,4,2,0.5,23927.710000000003,7,2,0.2857142857142857,0
LGS2ORD0047794,C017162,2026-01-14 12:00:00,Female,30,Silver,Shopee,Bangkok,777,Web,Bank_Transfer,12,1,2,0,20-30,25.9,6.0,1.0,0.16666666666666666,180,34,5024.79,0.3,0.6666666666666666,0.6666666666666666,0.0,0.0,0,0,0.0,0.0,0,0,0.0,12186.8,2,0,0.0,30148.739999999998,6,1,0.16666666666666666,0
LGS2ORD0047795,C014115,2026-01-14 12:00:00,Male,39,Bronze,Web,Remote_Area,934,Lazada,PromptPay,12,1,2,0,30-40,31.133333333333333,11.0,3.0,0.2727272727272727,10,19,6614.880000000001,0.28,0.7272727272727273,0.2727272727272727,0.0,0.0,0,0,0.0,16523.74,1,1,1.0,41139.26,2,1,0.5,72763.68000000001,11,3,0.2727272727272727,1
LGS2ORD0047796,C011643,2026-01-14 12:00:00,Female,39,Platinum,Shopee,Bangkok,969,Shopee,Credit_Card,12,1,2,0,30-40,32.3,6.0,0.0,0.0,-1,4,7623.623333333334,0.3,0.16666666666666666,0.3333333333333333,0.0,23968.73,1,0,0.0,23968.73,1,0,0.0,26049.4,2,0,0.0,45741.740000000005,6,0,0.0,0
LGS2ORD0047797,C014946,2026-01-14 12:00:00,Male,36,Bronze,TV,Khon Kaen,1434,CallCenter,Credit_Card,12,1,2,0,30-40,47.8,12.0,5.0,0.4166666666666667,201,3,3159.7725000000005,0.18,0.5833333333333334,0.0,0.0,4557.86,1,0,0.0,4557.86,1,0,0.0,5971.62,2,0,0.0,37917.270000000004,12,5,0.4166666666666667,0
LGS2ORD0047798,C013037,2026-01-14 12:00:00,Female,51,Gold,TV,Chiang Mai,1004,TV_Show,Credit_Card,12,1,2,0,>50,33.46666666666667,7.0,0.0,0.0,-1,53,4443.232857142857,0.33,0.7142857142857143,0.5714285714285714,0.0,0.0,0,0,0.0,0.0,0,0,0.0,4451.17,1,0,0.0,31102.629999999997,7,0,0.0,0
LGS2ORD0047799,C017692,2026-01-14 13:00:00,Female,48,Bronze,Web,Chiang Mai,1706,Web,Credit_Card,13,1,2,0,40-50,56.86666666666667,6.0,1.0,0.16666666666666666,232,117,6136.573333333334,0.28,0.5,0.3333333333333333,0.0,0.0,0,0,0.0,0.0,0,0,0.0,0.0,0,0,0.0,36819.44,6,1,0.16666666666666666,0
LGS2ORD0047800,C016609,2026-01-14 13:00:00,Male,49,Platinum,Lazada,Bangkok,1360,TV_Show,COD,13,1,2,0,40-50,45.333333333333336,10.0,1.0,0.1,62,56,4757.911,0.35,0.3,0.5,0.1,0.0,0,0,0.0,0.0,0,0,0.0,7041.17,2,1,0.5,47579.11,10,1,0.1,0
LGS2ORD0047801,C015084,2026-01-14 13:00:00,Female,30,Bronze,Shopee,Bangkok,520,Lazada,COD,13,1,2,0,20-30,17.333333333333332,4.0,0.0,0.0,-1,40,12959.099999999999,0.23,0.25,0.25,0.0,0.0,0,0,0.0,0.0,0,0,0.0,35544.979999999996,2,0,0.0,51836.399999999994,4,0,0.0,0
LGS2ORD0047802,C014229,2026-01-14 13:00:00,Male,46,Bronze,CallCenter,Nakhon Ratchasima,1812,Web,Credit_Card,13,1,2,0,40-50,60.4,4.0,0.0,0.0,-1,130,2552.5025,0.18,0.0,0.0,0.0,0.0,0,0,0.0,0.0,0,0,0.0,0.0,0,0,0.0,5875.91,3,0,0.0,0
LGS2ORD0047803,C017229,2026-01-14 13:00:00,Female,27,Silver,Lazada,Bangkok,779,Shopee,COD,13,1,2,0,20-30,25.966666666666665,5.0,1.0,0.2,240,2,2545.96,0.25,0.6,0.4,0.0,3610.49,1,0,0.0,5270.86,2,0,0.0,5270.86,2,0,0.0,11818.94,4,1,0.25,0
LGS2ORD0047804,C016306,2026-01-14 14:00:00,Male,28,Bronze,TV,Phuket,1203,Lazada,COD,14,1,2,0,20-30,40.1,6.0,1.0,0.16666666666666666,142,35,6976.776666666668,0.28,0.8333333333333334,0.5,0.0,0.0,0,0,0.0,0.0,0,0,0.0,21821.33,2,0,0.0,41860.66,6,1,0.16666666666666666,0
LGS2ORD0047805,C012365,2026-01-14 14:00:00,Female,58,Platinum,Lazada,Khon Kaen,840,TV_Show,PromptPay,14,1,2,0,>50,28.0,4.0,1.0,0.25,328,117,1541.8,0.35,0.5,0.5,0.0,0.0,0,0,0.0,0.0,0,0,0.0,0.0,0,0,0.0,6167.2,4,1,0.25,0
LGS2ORD0047806,C010325,2026-01-14 14:00:00,Female,33,Bronze,CallCenter,Khon Kaen,1824,Shopee,COD,14,1,2,0,30-40,60.8,5.0,0.0,0.0,-1,81,3090.58,0.28,0.6,0.6,0.0,0.0,0,0,0.0,0.0,0,0,0.0,203.07,1,0,0.0,14870.84,4,0,0.0,0
LGS2ORD0047807,C015861,2026-01-14 14:00:00,Female,61,Silver,TV,Khon Kaen,826,Lazada,Bank_Transfer,14,1,2,0,>50,27.533333333333335,12.0,4.0,0.3333333333333333,185,83,7630.570000000001,0.3,0.5833333333333334,0.08333333333333333,0.08333333333333333,0.0,0,0,0.0,0.0,0,0,0.0,9006.56,1,0,0.0,91566.84000000001,12,4,0.3333333333333333,0
LGS2ORD0047808,C010303,2026-01-14 14:00:00,Female,64,Bronze,TV,Chonburi,434,Shopee,COD,14,1,2,0,>50,14.466666666666667,3.0,1.0,0.3333333333333333,228,91,3264.6433333333334,0.28,0.3333333333333333,0.3333333333333333,0.0,0.0,0,0,0.0,0.0,0,0,0.0,0.0,0,0,0.0,8531.91,2,1,0.5,1
LGS2ORD0047809,C013949,2026-01-14 15:00:00,Male,48,Platinum,Lazada,Bangkok,598,TV_Show,PromptPay,15,1,2,0,40-50,19.933333333333334,5.0,0.0,0.0,-1,140,9399.24,0.3,0.8,0.4,0.0,0.0,0,0,0.0,0.0,0,0,0.0,0.0,0,0,0.0,46996.2,5,0,0.0,0
LGS2ORD0047810,C013836,2026-01-14 15:00:00,Female,59,Bronze,Shopee,Songkhla,1511,Lazada,PromptPay,15,1,2,0,>50,50.36666666666667,6.0,3.0,0.5,93,107,3326.991666666667,0.28,0.6666666666666666,0.5,0.0,0.0,0,0,0.0,0.0,0,0,0.0,0.0,0,0,0.0,19961.95,6,3,0.5,0
LGS2ORD0047811,C017467,2026-01-14 15:00:00,Female,60,Bronze,TV,Phuket,760,Lazada,Bank_Transfer,15,1,2,0,>50,25.333333333333332,8.0,3.0,0.375,-6,2,4129.27,0.28,0.375,0.5,0.0,3768.46,1,1,1.0,5836.23,2,2,1.0,12207.510000000002,4,2,0.5,33034.16,8,3,0.375,0
LGS2ORD0047812,C015578,2026-01-14 15:00:00,Female,37,Bronze,TV,Phuket,1504,TV_Show,Credit_Card,15,1,2,0,30-40,50.13333333333333,3.0,0.0,0.0,-1,29,5734.81,0.18,0.3333333333333333,0.0,0.0,0.0,0,0,0.0,3416.18,1,0,0.0,6197.91,2,0,0.0,17204.43,3,0,0.0,0
LGS2ORD0047813,C014184,2026-01-14 15:00:00,Female,43,Bronze,TV,Chiang Mai,521,Web,COD,15,1,2,0,40-50,17.366666666666667,8.0,3.0,0.375,73,77,6057.995,0.23,0.75,0.125,0.0,0.0,0,0,0.0,0.0,0,0,0.0,3454.6,1,1,1.0,48463.96,8,3,0.375,0
LGS2ORD0047814,C012513,2026-01-14 16:00:00,Female,43,Silver,Lazada,Bangkok,1041,Web,COD,16,1,2,0,40-50,34.7,8.0,1.0,0.125,250,38,9920.46875,0.25,0.5,0.125,0.0,0.0,0,0,0.0,0.0,0,0,0.0,42855.630000000005,3,0,0.0,79363.75,8,1,0.125,0
LGS2ORD0047815,C013537,2026-01-14 16:00:00,Female,57,Gold,Web,Bangkok,524,Shopee,PromptPay,16,1,2,0,>50,17.466666666666665,5.0,0.0,0.0,-1,26,1716.926,0.28,0.4,0.4,0.0,0.0,0,0,0.0,1432.89,1,0,0.0,3183.96,2,0,0.0,8584.63,5,0,0.0,0
LGS2ORD0047816,C011911,2026-01-14 16:00:00,Male,26,Bronze,TV,Bangkok,1177,TV_Show,Credit_Card,16,1,2,0,20-30,39.233333333333334,4.0,0.0,0.0,-1,50,3188.7775,0.23,0.25,0.25,0.0,0.0,0,0,0.0,0.0,0,0,0.0,2195.11,1,0,0.0,12755.11,4,0,0.0,0
LGS2ORD0047817,C015972,2026-01-14 16:00:00,Male,46,Gold,CallCenter,Bangkok,1779,Shopee,Credit_Card,16,1,2,0,40-50,59.3,8.0,0.0,0.0,-1,22,10434.8575,0.28,0.625,0.625,0.0,0.0,0,0,0.0,40070.61,1,0,0.0,40070.61,1,0,0.0,83478.86,8,0,0.0,1
LGS2ORD0047818,C015156,2026-01-14 16:00:00,Female,31,Gold,Lazada,Khon Kaen,895,TV_Show,PromptPay,16,1,2,0,30-40,29.833333333333332,4.0,0.0,0.0,-1,128,6651.05,0.33,0.5,0.5,0.0,0.0,0,0,0.0,0.0,0,0,0.0,0.0,0,0,0.0,25899.46,3,0,0.0,1
LGS2ORD0047819,C017490,2026-01-14 16:00:00,Male,63,Bronze,CallCenter,Bangkok,1751,Web,COD,16,1,2,0,>50,58.36666666666667,2.0,1.0,0.5,39,47,18110.42,0.18,0.5,0.0,0.0,0.0,0,0,0.0,0.0,0,0,0.0,2178.67,1,1,1.0,36220.84,2,1,0.5,0
LGS2ORD0047820,C010887,2026-01-14 17:00:00,Other,36,Gold,Web,Khon Kaen,1032,Web,Credit_Card,17,1,2,0,30-40,34.4,5.0,0.0,0.0,-1,63,2262.824,0.28,0.6,0.6,0.0,0.0,0,0,0.0,0.0,0,0,0.0,4083.52,1,0,0.0,11314.12,5,0,0.0,0
LGS2ORD0047821,C012800,2026-01-14 17:00:00,Female,36,Bronze,Web,Remote_Area,815,CallCenter,Credit_Card,17,1,2,0,30-40,27.166666666666668,7.0,2.0,0.2857142857142857,41,53,9541.902857142855,0.23,0.2857142857142857,0.14285714285714285,0.0,0.0,0,0,0.0,0.0,0,0,0.0,12960.39,2,1,0.5,66793.31999999999,7,2,0.2857142857142857,0
LGS2ORD0047822,C015121,2026-01-14 17:00:00,Male,40,Silver,CallCenter,Bangkok,1823,Shopee,Credit_Card,17,1,2,0,30-40,60.766666666666666,6.0,3.0,0.5,31,4,3287.633333333333,0.3,0.5,0.6666666666666666,0.0,806.8,1,0,0.0,806.8,1,0,0.0,14414.89,3,1,0.3333333333333333,19725.8,6,3,0.5,0
LGS2ORD0047823,C012984,2026-01-14 17:00:00,Male,52,Bronze,TV,Remote_Area,1229,TV_Show,COD,17,1,2,0,>50,40.96666666666667,6.0,4.0,0.6666666666666666,-3,8,4279.493333333333,0.28,0.5,0.3333333333333333,0.0,0.0,0,0,0.0,4215.75,1,1,1.0,4215.75,1,1,1.0,25676.959999999995,6,4,0.6666666666666666,1
LGS2ORD0047824,C015199,2026-01-14 17:00:00,Male,52,Bronze,Shopee,Bangkok,715,TV_Show,COD,17,1,2,0,>50,23.833333333333332,10.0,2.0,0.2,55,29,4359.765000000001,0.23,0.5,0.3,0.0,0.0,0,0,0.0,4143.58,1,0,0.0,7896.59,2,1,0.5,43597.65000000001,10,2,0.2,0
LGS2ORD0047825,C015119,2026-01-14 18:00:00,Female,38,Bronze,Shopee,Remote_Area,1562,Lazada,COD,18,1,2,0,30-40,52.06666666666667,7.0,5.0,0.7142857142857143,11,23,3382.7657142857142,0.23,1.0,0.2857142857142857,0.0,0.0,0,0,0.0,2488.9,1,1,1.0,13301.05,3,2,0.6666666666666666,23679.36,7,5,0.7142857142857143,0
LGS2ORD0047826,C012016,2026-01-14 18:00:00,Male,32,Platinum,Web,Songkhla,1143,CallCenter,COD,18,1,2,0,30-40,38.1,3.0,2.0,0.6666666666666666,0,7,3742.72,0.35,1.0,0.3333333333333333,0.0,0.0,0,0,0.0,5600.99,1,1,1.0,5600.99,1,1,1.0,11228.16,3,2,0.6666666666666666,0
LGS2ORD0047827,C013233,2026-01-14 18:00:00,Female,32,Platinum,Lazada,Bangkok,1579,Shopee,COD,18,1,2,0,30-40,52.63333333333333,4.0,1.0,0.25,293,45,7577.0125,0.3,0.25,0.75,0.0,0.0,0,0,0.0,0.0,0,0,0.0,23765.09,1,0,0.0,30308.05,4,1,0.25,0
LGS2ORD0047828,C010684,2026-01-14 18:00:00,Female,31,Gold,Shopee,Chiang Mai,1495,Lazada,Credit_Card,18,1,2,0,30-40,49.833333333333336,4.0,2.0,0.5,157,57,4197.9575,0.2299999999999999,0.25,0.25,0.0,0.0,0,0,0.0,0.0,0,0,0.0,2701.5,1,0,0.0,16791.83,4,2,0.5,0
LGS2ORD0047829,C013952,2026-01-14 18:00:00,Female,32,Silver,Shopee,Bangkok,1140,TV_Show,COD,18,1,2,0,30-40,38.0,14.0,4.0,0.2857142857142857,118,22,3550.993571428571,0.25,0.7857142857142857,0.21428571428571427,0.0,0.0,0,0,0.0,1873.89,1,0,0.0,4911.67,2,0,0.0,49713.909999999996,14,4,0.2857142857142857,0
LGS2ORD0047830,C016603,2026-01-14 19:00:00,Female,36,Bronze,Web,Remote_Area,1042,TV_Show,COD,19,1,2,0,30-40,34.733333333333334,9.0,2.0,0.2222222222222222,32,41,9210.941111111111,0.23,0.5555555555555556,0.1111111111111111,0.0,0.0,0,0,0.0,0.0,0,0,0.0,15067.01,2,1,0.5,82898.47,9,2,0.2222222222222222,1
LGS2ORD0047831,C013736,2026-01-14 19:00:00,Female,48,Silver,Lazada,Khon Kaen,728,TV_Show,Bank_Transfer,19,1,2,0,40-50,24.266666666666666,9.0,3.0,0.3333333333333333,121,73,4566.287777777778,0.3,0.6666666666666666,0.1111111111111111,0.0,0.0,0,0,0.0,0.0,0,0,0.0,13590.41,3,0,0.0,41096.59,9,3,0.3333333333333333,0
LGS2ORD0047832,C015466,2026-01-14 19:00:00,Male,39,Gold,Web,Khon Kaen,1562,Shopee,COD,19,1,2,0,30-40,52.06666666666667,1.0,0.0,0.0,-1,330,609.19,0.2299999999999999,0.0,1.0,0.0,0.0,0,0,0.0,0.0,0,0,0.0,0.0,0,0,0.0,609.19,1,0,0.0,1
LGS2ORD0047833,C016598,2026-01-14 19:00:00,Female,47,Gold,Shopee,Bangkok,1483,Lazada,COD,19,1,2,0,40-50,49.43333333333333,5.0,2.0,0.4,172,70,6469.364,0.28,0.2,0.4,0.0,0.0,0,0,0.0,0.0,0,0,0.0,4757.09,1,0,0.0,32346.82,5,2,0.4,1
LGS2ORD0047834,C016020,2026-01-14 19:00:00,Other,32,Platinum,Web,Bangkok,517,CallCenter,Credit_Card,19,1,2,0,30-40,17.233333333333334,2.0,1.0,0.5,73,33,10615.75,0.35,0.5,0.5,0.0,0.0,0,0,0.0,0.0,0,0,0.0,21231.5,2,1,0.5,21231.5,2,1,0.5,0
LGS2ORD0047835,C010046,2026-01-14 20:00:00,Female,53,Silver,TV,Chonburi,856,TV_Show,PromptPay,20,1,2,0,>50,28.533333333333335,7.0,2.0,0.2857142857142857,2,16,3436.7771428571427,0.3,0.42857142857142855,0.14285714285714285,0.0,0.0,0,0,0.0,1631.16,1,1,1.0,8997.19,2,1,0.5,24057.44,7,2,0.2857142857142857,0
LGS2ORD0047836,C017246,2026-01-14 20:00:00,Female,29,Bronze,TV,Bangkok,756,TV_Show,Credit_Card,20,1,2,0,20-30,25.2,12.0,4.0,0.3333333333333333,31,3,3870.2566666666667,0.28,0.9166666666666666,0.4166666666666667,0.08333333333333333,1721.98,1,0,0.0,3425.23,2,0,0.0,26900.739999999998,5,1,0.2,44204.270000000004,11,4,0.36363636363636365,0
LGS2ORD0047837,C012833,2026-01-14 20:00:00,Female,54,Bronze,Web,Nakhon Ratchasima,1050,TV_Show,Bank_Transfer,20,1,2,0,>50,35.0,9.0,0.0,0.0,-1,35,5564.086666666666,0.28,0.5555555555555556,0.3333333333333333,0.0,0.0,0,0,0.0,0.0,0,0,0.0,29143.42,3,0,0.0,50076.78,9,0,0.0,0
LGS2ORD0047838,C014697,2026-01-14 20:00:00,Male,65,Bronze,TV,Nakhon Ratchasima,788,Web,COD,20,1,2,0,>50,26.266666666666666,8.0,1.0,0.125,308,69,4944.50625,0.18,0.5,0.0,0.0,0.0,0,0,0.0,0.0,0,0,0.0,9419.35,1,0,0.0,39556.05,8,1,0.125,0
LGS2ORD0047839,C017870,2026-01-14 20:00:00,Male,43,Bronze,TV,Chiang Mai,998,Shopee,COD,20,1,2,0,40-50,33.266666666666666,11.0,3.0,0.2727272727272727,0,7,6491.998181818183,0.28,0.5454545454545454,0.2727272727272727,0.0,0.0,0,0,0.0,20764.95,1,1,1.0,38305.09,4,2,0.5,70345.13,10,3,0.3,0
LGS2ORD0047840,C017634,2026-01-14 20:00:00,Male,48,Bronze,Web,Khon Kaen,1236,Lazada,Credit_Card,20,1,2,0,40-50,41.2,3.0,1.0,0.3333333333333333,249,117,4116.426666666666,0.18,1.0,0.0,0.0,0.0,0,0,0.0,0.0,0,0,0.0,0.0,0,0,0.0,12349.279999999999,3,1,0.3333333333333333,0
LGS2ORD0047841,C016176,2026-01-14 21:00:00,Female,44,Platinum,Shopee,Phuket,1453,Web,COD,21,1,2,0,40-50,48.43333333333333,3.0,1.0,0.3333333333333333,81,71,1231.27,0.3,0.3333333333333333,0.6666666666666666,0.0,0.0,0,0,0.0,0.0,0,0,0.0,1229.79,1,0,0.0,3693.81,3,1,0.3333333333333333,0
LGS2ORD0047842,C013134,2026-01-14 21:00:00,Female,64,Bronze,TV,Remote_Area,1318,Shopee,Bank_Transfer,21,1,2,0,>50,43.93333333333333,7.0,1.0,0.14285714285714285,-7,3,5517.53,0.18,0.42857142857142855,0.0,0.0,2184.68,1,1,1.0,3870.71,2,1,0.5,15937.35,4,1,0.25,38622.71,7,1,0.14285714285714285,1
LGS2ORD0047843,C017917,2026-01-14 21:00:00,Male,46,Gold,TV,Khon Kaen,765,Web,COD,21,1,2,0,40-50,25.5,3.0,0.0,0.0,-1,281,9200.293333333333,0.28,0.3333333333333333,0.3333333333333333,0.0,0.0,0,0,0.0,0.0,0,0,0.0,0.0,0,0,0.0,27600.88,3,0,0.0,0
LGS2ORD0047844,C016819,2026-01-14 21:00:00,Female,62,Bronze,TV,Bangkok,547,CallCenter,PromptPay,21,1,2,0,>50,18.233333333333334,13.0,5.0,0.38461538461538464,27,3,8592.341538461538,0.28,0.5384615384615384,0.38461538461538464,0.0,22404.53,1,0,0.0,22404.53,1,0,0.0,23392.789999999997,2,1,0.5,111700.43999999999,13,5,0.38461538461538464,0
LGS2ORD0047845,C013990,2026-01-14 21:00:00,Female,38,Silver,Lazada,Nakhon Ratchasima,1543,Lazada,COD,21,1,2,0,30-40,51.43333333333333,4.0,1.0,0.25,-2,0,1847.94,0.3,1.0,0.5,0.0,4847.37,2,1,0.5,4847.37,2,1,0.5,6610.02,3,1,0.3333333333333333,7391.76,4,1,0.25,0
LGS2ORD0047846,C015686,2026-01-14 22:00:00,Male,61,Bronze,Web,Phuket,421,CallCenter,Bank_Transfer,22,1,2,0,>50,14.033333333333333,6.0,2.0,0.3333333333333333,191,81,3936.0799999999995,0.18,0.3333333333333333,0.0,0.0,0.0,0,0,0.0,0.0,0,0,0.0,960.01,1,0,0.0,14936.74,5,2,0.4,0
LGS2ORD0047847,C017945,2026-01-14 22:00:00,Male,38,Platinum,Shopee,Khon Kaen,639,TV_Show,PromptPay,22,1,2,0,30-40,21.3,8.0,1.0,0.125,7,14,4903.58875,0.35,0.625,0.5,0.0,0.0,0,0,0.0,2600.09,1,1,1.0,3163.2400000000002,2,1,0.5,27214.010000000006,7,1,0.14285714285714285,0
LGS2ORD0047848,C012216,2026-01-14 22:00:00,Female,51,Silver,TV,Remote_Area,1448,TV_Show,COD,22,1,2,0,>50,48.266666666666666,6.0,2.0,0.3333333333333333,55,7,2421.525,0.3,0.5,0.5,0.0,0.0,0,0,0.0,3707.7599999999998,2,0,0.0,8554.72,4,1,0.25,14529.15,6,2,0.3333333333333333,1
LGS2ORD0047849,C017920,2026-01-14 22:00:00,Female,59,Bronze,CallCenter,Nakhon Ratchasima,598,CallCenter,Credit_Card,22,1,2,0,>50,19.933333333333334,4.0,1.0,0.25,217,71,2433.91,0.18,0.5,0.0,0.0,0.0,0,0,0.0,0.0,0,0,0.0,2249.02,1,0,0.0,9735.64,4,1,0.25,0
LGS2ORD0047850,C016318,2026-01-14 22:00:00,Male,42,Bronze,Web,Bangkok,810,TV_Show,PromptPay,22,1,2,0,40-50,27.0,0.0,0.0,0.0,-1,-1,0.0,0.0,0.0,0.0,0.0,0.0,0,0,0.0,0.0,0,0,0.0,0.0,0,0,0.0,0.0,0,0,0.0,0
LGS2ORD0047851,C010143,2026-01-14 23:00:00,Male,37,Silver,CallCenter,Bangkok,1728,Shopee,COD,23,1,2,0,30-40,57.6,10.0,1.0,0.1,174,30,5037.397,0.3,0.3,0.1,0.0,0.0,0,0,0.0,0.0,0,0,0.0,14972.060000000001,3,0,0.0,50373.97,10,1,0.1,1
LGS2ORD0047852,C012044,2026-01-14 23:00:00,Female,66,Bronze,Shopee,Chonburi,1608,Shopee,Credit_Card,23,1,2,0,>50,53.6,9.0,1.0,0.1111111111111111,78,52,3468.83,0.28,0.5555555555555556,0.3333333333333333,0.0,0.0,0,0,0.0,0.0,0,0,0.0,16703.58,2,1,0.5,31219.47,9,1,0.1111111111111111,0
LGS2ORD0047853,C012533,2026-01-14 23:00:00,Female,31,Bronze,Shopee,Bangkok,947,Web,COD,23,1,2,0,30-40,31.566666666666666,10.0,0.0,0.0,-1,64,7571.606,0.28,0.6,0.1,0.0,0.0,0,0,0.0,0.0,0,0,0.0,31018.86,1,0,0.0,75716.06,10,0,0.0,1
LGS2ORD0047854,C017851,2026-01-14 23:00:00,Male,56,Silver,Shopee,Bangkok,910,TV_Show,COD,23,1,2,0,>50,30.333333333333332,4.0,1.0,0.25,325,117,2207.1,0.3,0.0,0.25,0.0,0.0,0,0,0.0,0.0,0,0,0.0,0.0,0,0,0.0,8828.4,4,1,0.25,1
LGS2ORD0047855,C013319,2026-01-14 23:00:00,Female,45,Silver,Lazada,Remote_Area,467,CallCenter,COD,23,1,2,0,40-50,15.566666666666666,4.0,2.0,0.5,-6,7,3186.4375,0.25,0.5,0.25,0.0,0.0,0,0,0.0,1724.81,1,1,1.0,7036.07,2,1,0.5,12745.75,4,2,0.5,1
LGS2ORD0047856,C012863,2026-01-15 00:00:00,Female,41,Bronze,TV,Songkhla,1387,CallCenter,COD,0,1,3,0,40-50,46.233333333333334,6.0,2.0,0.3333333333333333,149,21,13128.19,0.28,0.6666666666666666,0.3333333333333333,0.0,0.0,0,0,0.0,23726.03,1,0,0.0,23726.03,1,0,0.0,78769.14,6,2,0.3333333333333333,0
LGS2ORD0047857,C013060,2026-01-15 00:00:00,Male,42,Bronze,TV,Remote_Area,999,Shopee,Credit_Card,0,1,3,0,40-50,33.3,6.0,3.0,0.5,16,31,9696.705,0.23,0.6666666666666666,0.16666666666666666,0.0,0.0,0,0,0.0,0.0,0,0,0.0,34882.520000000004,3,1,0.3333333333333333,58180.23,6,3,0.5,0
LGS2ORD0047858,C011281,2026-01-15 00:00:00,Male,53,Silver,Shopee,Bangkok,1516,Lazada,Credit_Card,0,1,3,0,>50,50.53333333333333,6.0,0.0,0.0,-1,9,5180.45,0.1,0.3333333333333333,0.0,0.0,0.0,0,0,0.0,5433.68,1,0,0.0,7493.14,2,0,0.0,31082.699999999997,6,0,0.0,0
LGS2ORD0047859,C010763,2026-01-15 00:00:00,Female,46,Platinum,Web,Chiang Mai,1552,TV_Show,Credit_Card,0,1,3,0,40-50,51.733333333333334,6.0,1.0,0.16666666666666666,44,40,8581.015000000001,0.2,0.5,0.0,0.0,0.0,0,0,0.0,0.0,0,0,0.0,32832.95,3,1,0.3333333333333333,51486.090000000004,6,1,0.16666666666666666,0
LGS2ORD0047860,C013741,2026-01-15 00:00:00,Female,43,Bronze,Lazada,Remote_Area,1834,Lazada,COD,0,1,3,0,40-50,61.13333333333333,8.0,4.0,0.5,24,32,4725.9475,0.23,0.625,0.375,0.0,0.0,0,0,0.0,0.0,0,0,0.0,1619.75,1,1,1.0,36324.380000000005,7,3,0.42857142857142855,0
LGS2ORD0047861,C011819,2026-01-15 00:00:00,Female,48,Bronze,Web,Chonburi,1620,Web,COD,0,1,3,0,40-50,54.0,6.0,1.0,0.16666666666666666,-1,9,3724.3283333333334,0.18,0.16666666666666666,0.0,0.0,0.0,0,0,0.0,8020.33,3,1,0.3333333333333333,15047.380000000001,5,1,0.2,22345.97,6,1,0.16666666666666666,0
LGS2ORD0047862,C017669,2026-01-15 01:00:00,Female,33,Bronze,TV,Remote_Area,857,Lazada,COD,1,1,3,0,30-40,28.566666666666666,13.0,5.0,0.38461538461538464,11,25,5268.914615384615,0.23,0.3076923076923077,0.3076923076923077,0.0,0.0,0,0,0.0,8492.77,1,1,1.0,15348.02,3,1,0.3333333333333333,60944.14,12,4,0.3333333333333333,0
LGS2ORD0047863,C017700,2026-01-15 01:00:00,Female,35,Bronze,Web,Remote_Area,1518,TV_Show,COD,1,1,3,0,30-40,50.6,4.0,0.0,0.0,-1,13,8634.539999999999,0.23,0.5,0.25,0.0,0.0,0,0,0.0,23065.51,1,0,0.0,27024.71,2,0,0.0,32106.789999999997,3,0,0.0,1
LGS2ORD0047864,C014357,2026-01-15 01:00:00,Female,39,Silver,TV,Songkhla,1266,TV_Show,COD,1,1,3,0,30-40,42.2,3.0,0.0,0.0,-1,192,10506.78,0.15,0.6666666666666666,0.0,0.0,0.0,0,0,0.0,0.0,0,0,0.0,0.0,0,0,0.0,31520.34,3,0,0.0,1
LGS2ORD0047865,C011801,2026-01-15 01:00:00,Female,30,Bronze,CallCenter,Nakhon Ratchasima,957,Shopee,Bank_Transfer,1,1,3,0,20-30,31.9,3.0,1.0,0.3333333333333333,123,53,10392.76,0.13,1.0,0.0,0.0,0.0,0,0,0.0,0.0,0,0,0.0,22133.97,1,0,0.0,23968.32,2,1,0.5,0
LGS2ORD0047866,C017313,2026-01-15 01:00:00,Male,48,Gold,CallCenter,Songkhla,704,TV_Show,Credit_Card,1,1,3,0,40-50,23.466666666666665,5.0,3.0,0.6,40,29,3414.4080000000004,0.28,0.6,0.6,0.0,0.0,0,0,0.0,2412.59,1,0,0.0,4127.9,2,1,0.5,17072.04,5,3,0.6,1
LGS2ORD0047867,C010795,2026-01-15 02:00:00,Female,67,Bronze,TV,Bangkok,1672,Shopee,COD,2,1,3,0,>50,55.733333333333334,5.0,1.0,0.2,60,49,5711.782000000001,0.23,0.8,0.2,0.0,0.0,0,0,0.0,0.0,0,0,0.0,12531.24,2,1,0.5,28558.910000000003,5,1,0.2,0
LGS2ORD0047868,C017012,2026-01-15 02:00:00,Male,25,Silver,Web,Phuket,764,Shopee,COD,2,1,3,0,20-30,25.466666666666665,4.0,2.0,0.5,123,99,3719.8374999999996,0.25,0.75,0.25,0.0,0.0,0,0,0.0,0.0,0,0,0.0,0.0,0,0,0.0,14879.349999999999,4,2,0.5,0
LGS2ORD0047869,C010670,2026-01-15 02:00:00,Female,48,Bronze,TV,Khon Kaen,1672,CallCenter,COD,2,1,3,0,40-50,55.733333333333334,3.0,1.0,0.3333333333333333,27,40,2088.9633333333336,0.23,1.0,0.3333333333333333,0.0,0.0,0,0,0.0,0.0,0,0,0.0,1566.72,1,1,1.0,6266.89,3,1,0.3333333333333333,1
LGS2ORD0047870,C011128,2026-01-15 02:00:00,Female,59,Gold,Lazada,Bangkok,1092,Web,PromptPay,2,1,3,0,>50,36.4,11.0,3.0,0.2727272727272727,102,48,3917.461818181818,0.28,0.6363636363636364,0.45454545454545453,0.0,0.0,0,0,0.0,0.0,0,0,0.0,11928.53,3,0,0.0,43092.08,11,3,0.2727272727272727,0
LGS2ORD0047871,C015776,2026-01-15 02:00:00,Female,56,Bronze,Shopee,Songkhla,1317,CallCenter,COD,2,1,3,0,>50,43.9,8.0,4.0,0.5,13,4,5232.60375,0.28,0.625,0.375,0.0,3115.55,1,0,0.0,5710.99,2,1,0.5,8773.23,3,1,0.3333333333333333,41860.83,8,4,0.5,0
LGS2ORD0047872,C015831,2026-01-15 03:00:00,Male,49,Bronze,Shopee,Bangkok,955,TV_Show,COD,3,1,3,0,40-50,31.833333333333332,12.0,3.0,0.25,9,11,9185.340833333334,0.18,0.75,0.0,0.0,0.0,0,0,0.0,9196.28,1,1,1.0,31335.97,3,1,0.3333333333333333,103625.10999999999,11,3,0.2727272727272727,0
LGS2ORD0047873,C012706,2026-01-15 03:00:00,Male,25,Bronze,CallCenter,Chiang Mai,1605,Web,Credit_Card,3,1,3,0,20-30,53.5,3.0,1.0,0.3333333333333333,120,135,1321.4966666666667,0.28,0.0,0.3333333333333333,0.0,0.0,0,0,0.0,0.0,0,0,0.0,0.0,0,0,0.0,3964.49,3,1,0.3333333333333333,1
LGS2ORD0047874,C012730,2026-01-15 03:00:00,Female,22,Bronze,TV,Chonburi,524,CallCenter,COD,3,1,3,0,20-30,17.466666666666665,15.0,1.0,0.06666666666666667,300,41,6250.906,0.28,0.3333333333333333,0.26666666666666666,0.0,0.0,0,0,0.0,0.0,0,0,0.0,21522.96,2,0,0.0,93763.59,15,1,0.06666666666666667,0
LGS2ORD0047875,C010658,2026-01-15 03:00:00,Male,67,Gold,CallCenter,Bangkok,1132,Web,Bank_Transfer,3,1,3,0,>50,37.733333333333334,7.0,1.0,0.14285714285714285,125,60,3470.3757142857144,0.33,0.7142857142857143,0.7142857142857143,0.0,0.0,0,0,0.0,0.0,0,0,0.0,2978.66,1,0,0.0,24292.63,7,1,0.14285714285714285,0
LGS2ORD0047876,C016376,2026-01-15 03:00:00,Female,61,Bronze,Shopee,Nakhon Ratchasima,575,Lazada,COD,3,1,3,0,>50,19.166666666666668,4.0,1.0,0.25,230,20,1575.9525,0.23,0.25,0.25,0.0,0.0,0,0,0.0,508.88,1,0,0.0,508.88,1,0,0.0,6303.81,4,1,0.25,1
LGS2ORD0047877,C017609,2026-01-15 03:00:00,Female,68,Gold,Web,Khon Kaen,499,TV_Show,COD,3,1,3,0,>50,16.633333333333333,1.0,0.0,0.0,-1,257,1719.59,0.18,0.0,0.0,0.0,0.0,0,0,0.0,0.0,0,0,0.0,0.0,0,0,0.0,1719.59,1,0,0.0,0
LGS2ORD0047878,C015309,2026-01-15 04:00:00,Male,54,Silver,Lazada,Bangkok,501,TV_Show,Bank_Transfer,4,1,3,0,>50,16.7,5.0,1.0,0.2,54,60,6386.719999999999,0.2,0.2,0.0,0.0,0.0,0,0,0.0,0.0,0,0,0.0,12009.170000000002,3,1,0.3333333333333333,31933.6,5,1,0.2,0
LGS2ORD0047879,C016997,2026-01-15 04:00:00,Male,23,Bronze,TV,Nakhon Ratchasima,1332,Lazada,Bank_Transfer,4,1,3,0,20-30,44.4,10.0,1.0,0.1,156,50,7202.319,0.28,0.4,0.3,0.0,0.0,0,0,0.0,0.0,0,0,0.0,10666.07,3,0,0.0,72023.19,10,1,0.1,0
LGS2ORD0047880,C017918,2026-01-15 04:00:00,Male,33,Bronze,TV,Chiang Mai,1429,CallCenter,Credit_Card,4,1,3,0,30-40,47.63333333333333,5.0,1.0,0.2,211,71,3792.178,0.28,0.4,0.8,0.0,0.0,0,0,0.0,0.0,0,0,0.0,3679.45,1,0,0.0,18960.89,5,1,0.2,0
LGS2ORD0047881,C015817,2026-01-15 04:00:00,Male,36,Silver,Shopee,Chonburi,1351,Shopee,COD,4,1,3,0,30-40,45.03333333333333,1.0,0.0,0.0,-1,48,4754.05,0.25,0.0,1.0,0.0,0.0,0,0,0.0,0.0,0,0,0.0,4754.05,1,0,0.0,4754.05,1,0,0.0,0
LGS2ORD0047882,C015792,2026-01-15 04:00:00,Female,26,Silver,CallCenter,Bangkok,1180,Lazada,Credit_Card,4,1,3,0,20-30,39.333333333333336,11.0,4.0,0.36363636363636365,-12,2,4190.896363636363,0.3,0.7272727272727273,0.36363636363636365,0.0,4969.17,1,1,1.0,7866.96,3,1,0.3333333333333333,7866.96,3,1,0.3333333333333333,46099.86,11,4,0.36363636363636365,0
LGS2ORD0047883,C012513,2026-01-15 05:00:00,Female,43,Silver,Lazada,Bangkok,1042,TV_Show,COD,5,1,3,0,40-50,34.733333333333334,9.0,1.0,0.1111111111111111,251,0,10064.044444444444,0.25,0.5555555555555556,0.1111111111111111,0.0,11212.65,1,0,0.0,11212.65,1,0,0.0,54068.280000000006,4,0,0.0,90576.4,9,1,0.1111111111111111,1
LGS2ORD0047884,C014556,2026-01-15 05:00:00,Female,54,Silver,TV,Bangkok,1363,Shopee,COD,5,1,3,0,>50,45.43333333333333,4.0,0.0,0.0,-1,43,1986.4125,0.25,0.75,0.25,0.0,0.0,0,0,0.0,0.0,0,0,0.0,5693.530000000001,2,0,0.0,7945.65,4,0,0.0,0
LGS2ORD0047885,C017153,2026-01-15 05:00:00,Female,36,Bronze,Web,Bangkok,1475,Lazada,Bank_Transfer,5,1,3,0,30-40,49.166666666666664,8.0,2.0,0.25,-4,6,4239.24,0.28,0.125,0.25,0.0,445.91,1,1,1.0,445.91,1,1,1.0,3727.25,3,1,0.3333333333333333,33913.92,8,2,0.25,0
LGS2ORD0047886,C014687,2026-01-15 05:00:00,Female,60,Silver,TV,Chiang Mai,1424,TV_Show,PromptPay,5,1,3,0,>50,47.46666666666667,7.0,1.0,0.14285714285714285,84,84,13468.017142857145,0.25,0.5714285714285714,0.42857142857142855,0.0,0.0,0,0,0.0,0.0,0,0,0.0,6729.74,1,0,0.0,94276.12000000001,7,1,0.14285714285714285,1
LGS2ORD0047887,C015947,2026-01-15 05:00:00,Female,42,Bronze,Shopee,Songkhla,1823,TV_Show,COD,5,1,3,0,40-50,60.766666666666666,3.0,2.0,0.6666666666666666,258,41,5752.8533333333335,0.23,0.3333333333333333,0.3333333333333333,0.0,0.0,0,0,0.0,0.0,0,0,0.0,14792.54,1,0,0.0,17258.56,3,2,0.6666666666666666,0
LGS2ORD0047888,C012219,2026-01-15 06:00:00,Female,42,Silver,TV,Bangkok,1249,Shopee,PromptPay,6,1,3,0,40-50,41.63333333333333,8.0,3.0,0.375,22,12,5324.6849999999995,0.3,0.75,0.25,0.0,0.0,0,0,0.0,7147.8099999999995,2,1,0.5,7147.8099999999995,2,1,0.5,42597.479999999996,8,3,0.375,1
LGS2ORD0047889,C011568,2026-01-15 06:00:00,Female,43,Bronze,Web,Remote_Area,622,TV_Show,Bank_Transfer,6,1,3,0,40-50,20.733333333333334,9.0,2.0,0.2222222222222222,60,39,6450.748888888888,0.28,0.4444444444444444,0.4444444444444444,0.0,0.0,0,0,0.0,0.0,0,0,0.0,12876.859999999999,3,1,0.3333333333333333,55973.729999999996,8,1,0.125,0
LGS2ORD0047890,C012355,2026-01-15 06:00:00,Male,52,Bronze,Web,Bangkok,1150,Shopee,Credit_Card,6,1,3,0,>50,38.333333333333336,1.0,1.0,1.0,141,150,2873.09,0.18,1.0,0.0,0.0,0.0,0,0,0.0,0.0,0,0,0.0,0.0,0,0,0.0,2873.09,1,1,1.0,0
LGS2ORD0047891,C011581,2026-01-15 06:00:00,Male,59,Bronze,Lazada,Phuket,856,TV_Show,COD,6,1,3,0,>50,28.533333333333335,6.0,2.0,0.3333333333333333,-9,6,3496.776666666666,0.28,0.8333333333333334,0.5,0.0,2514.49,1,1,1.0,2514.49,1,1,1.0,2514.49,1,1,1.0,20980.659999999996,6,2,0.3333333333333333,0
LGS2ORD0047892,C015977,2026-01-15 06:00:00,Male,19,Platinum,TV,Bangkok,503,Web,COD,6,1,3,0,<20,16.766666666666666,3.0,1.0,0.3333333333333333,23,30,3754.4833333333336,0.35,0.6666666666666666,0.6666666666666666,0.0,0.0,0,0,0.0,0.0,0,0,0.0,8889.83,1,1,1.0,11263.45,3,1,0.3333333333333333,0
LGS2ORD0047893,C015537,2026-01-15 07:00:00,Female,36,Platinum,Shopee,Khon Kaen,1323,TV_Show,COD,7,1,3,0,30-40,44.1,4.0,1.0,0.25,278,177,1583.46,0.25,0.5,0.25,0.0,0.0,0,0,0.0,0.0,0,0,0.0,0.0,0,0,0.0,6333.84,4,1,0.25,0
LGS2ORD0047894,C011225,2026-01-15 07:00:00,Female,34,Silver,Web,Chonburi,515,Web,COD,7,1,3,0,30-40,17.166666666666668,7.0,2.0,0.2857142857142857,160,75,8086.9800000000005,0.3,0.5714285714285714,0.42857142857142855,0.0,0.0,0,0,0.0,0.0,0,0,0.0,4886.38,1,0,0.0,38555.17,6,2,0.3333333333333333,0
LGS2ORD0047895,C016186,2026-01-15 07:00:00,Female,48,Silver,Shopee,Bangkok,1243,Web,COD,7,1,3,0,40-50,41.43333333333333,4.0,1.0,0.25,206,215,3899.5975,0.15,0.0,0.0,0.0,0.0,0,0,0.0,0.0,0,0,0.0,0.0,0,0,0.0,15598.39,4,1,0.25,1
LGS2ORD0047896,C016077,2026-01-15 07:00:00,Male,40,Bronze,Web,Bangkok,521,TV_Show,COD,7,1,3,0,30-40,17.366666666666667,6.0,3.0,0.5,38,43,7808.014999999999,0.23,0.3333333333333333,0.16666666666666666,0.0,0.0,0,0,0.0,0.0,0,0,0.0,11471.82,2,1,0.5,46848.09,6,3,0.5,0
LGS2ORD0047897,C016331,2026-01-15 07:00:00,Female,50,Bronze,Web,Phuket,982,CallCenter,COD,7,1,3,0,40-50,32.733333333333334,4.0,3.0,0.75,143,48,3167.615,0.28,0.5,0.5,0.0,0.0,0,0,0.0,0.0,0,0,0.0,4111.21,1,0,0.0,11775.869999999999,3,2,0.6666666666666666,0
LGS2ORD0047898,C017530,2026-01-15 07:00:00,Female,40,Silver,Shopee,Chiang Mai,1663,Lazada,Credit_Card,7,1,3,0,30-40,55.43333333333333,4.0,1.0,0.25,165,6,5292.7775,0.25,0.25,0.5,0.0,3979.15,1,0,0.0,8007.9,2,0,0.0,8007.9,2,0,0.0,21171.11,4,1,0.25,0
LGS2ORD0047899,C016647,2026-01-15 08:00:00,Male,39,Bronze,TV,Remote_Area,720,TV_Show,COD,8,1,3,0,30-40,24.0,7.0,4.0,0.5714285714285714,23,9,7023.358571428571,0.28,0.7142857142857143,0.2857142857142857,0.0,0.0,0,0,0.0,4305.66,1,0,0.0,8000.0599999999995,3,2,0.6666666666666666,49163.509999999995,7,4,0.5714285714285714,1
LGS2ORD0047900,C015968,2026-01-15 08:00:00,Female,30,Silver,Shopee,Chiang Mai,1718,Lazada,COD,8,1,3,0,20-30,57.266666666666666,5.0,2.0,0.4,252,3,4670.5740000000005,0.2,0.6,0.0,0.0,8861.7,1,0,0.0,8861.7,1,0,0.0,10239.380000000001,2,0,0.0,23352.870000000003,5,2,0.4,0
LGS2ORD0047901,C015304,2026-01-15 08:00:00,Male,48,Bronze,Shopee,Chiang Mai,1468,Web,Credit_Card,8,1,3,0,40-50,48.93333333333333,3.0,1.0,0.3333333333333333,363,6,4418.203333333334,0.18,1.0,0.0,0.0,11207.25,1,0,0.0,11207.25,1,0,0.0,12097.63,2,0,0.0,12097.63,2,0,0.0,0
LGS2ORD0047902,C016982,2026-01-15 08:00:00,Male,43,Bronze,Web,Remote_Area,928,Web,COD,8,1,3,0,40-50,30.933333333333334,7.0,2.0,0.2857142857142857,191,126,6370.610000000001,0.28,0.7142857142857143,0.42857142857142855,0.0,0.0,0,0,0.0,0.0,0,0,0.0,0.0,0,0,0.0,44594.270000000004,7,2,0.2857142857142857,1
LGS2ORD0047903,C010309,2026-01-15 08:00:00,Male,18,Bronze,TV,Chonburi,659,Lazada,Credit_Card,8,1,3,0,<20,21.966666666666665,6.0,1.0,0.16666666666666666,205,2,8720.856666666668,0.23,0.3333333333333333,0.3333333333333333,0.0,942.01,1,0,0.0,942.01,1,0,0.0,942.01,1,0,0.0,52325.14000000001,6,1,0.16666666666666666,0
LGS2ORD0047904,C012061,2026-01-15 09:00:00,Male,23,Bronze,CallCenter,Chiang Mai,1692,TV_Show,PromptPay,9,1,3,0,20-30,56.4,3.0,0.0,0.0,-1,152,3537.9599999999996,0.13,0.6666666666666666,0.0,0.0,0.0,0,0,0.0,0.0,0,0,0.0,0.0,0,0,0.0,10613.88,3,0,0.0,0
LGS2ORD0047905,C014178,2026-01-15 09:00:00,Female,37,Bronze,TV,Khon Kaen,1402,TV_Show,Credit_Card,9,1,3,0,30-40,46.733333333333334,5.0,1.0,0.2,333,69,5486.085999999999,0.28,0.4,0.2,0.2,0.0,0,0,0.0,0.0,0,0,0.0,11484.230000000001,2,0,0.0,27430.429999999997,5,1,0.2,1
LGS2ORD0047906,C011481,2026-01-15 09:00:00,Male,39,Gold,Web,Bangkok,824,TV_Show,COD,9,1,3,0,30-40,27.466666666666665,3.0,1.0,0.3333333333333333,281,142,20811.743333333332,0.28,0.6666666666666666,0.6666666666666666,0.0,0.0,0,0,0.0,0.0,0,0,0.0,0.0,0,0,0.0,62435.229999999996,3,1,0.3333333333333333,1
LGS2ORD0047907,C016609,2026-01-15 09:00:00,Male,49,Platinum,Lazada,Bangkok,1361,CallCenter,COD,9,1,3,0,40-50,45.36666666666667,11.0,1.0,0.09090909090909091,63,0,4669.800909090909,0.35,0.36363636363636365,0.5454545454545454,0.09090909090909091,3788.7,1,0,0.0,3788.7,1,0,0.0,10829.869999999999,3,1,0.3333333333333333,51367.81,11,1,0.09090909090909091,0
LGS2ORD0047908,C013220,2026-01-15 09:00:00,Female,30,Silver,CallCenter,Bangkok,1676,Shopee,Credit_Card,9,1,3,0,20-30,55.86666666666667,6.0,1.0,0.16666666666666666,174,26,3897.7066666666665,0.2,0.3333333333333333,0.0,0.0,0.0,0,0,0.0,12169.12,1,0,0.0,12169.12,1,0,0.0,20426.29,5,1,0.2,0
LGS2ORD0047909,C014126,2026-01-15 10:00:00,Male,49,Silver,Web,Chiang Mai,634,Web,Credit_Card,10,1,3,0,40-50,21.133333333333333,2.0,1.0,0.5,80,96,8711.95,0.25,0.5,0.5,0.0,0.0,0,0,0.0,0.0,0,0,0.0,0.0,0,0,0.0,17423.9,2,1,0.5,0
LGS2ORD0047910,C012604,2026-01-15 10:00:00,Female,55,Bronze,TV,Remote_Area,1004,TV_Show,Credit_Card,10,1,3,0,>50,33.46666666666667,10.0,2.0,0.2,44,4,9748.818000000001,0.28,0.5,0.3,0.0,1226.92,1,0,0.0,43602.2,2,0,0.0,66364.98,4,1,0.25,97488.18000000001,10,2,0.2,1
LGS2ORD0047911,C015522,2026-01-15 10:00:00,Female,31,Bronze,TV,Bangkok,615,CallCenter,Credit_Card,10,1,3,0,30-40,20.5,11.0,1.0,0.09090909090909091,158,19,4919.782727272727,0.28,0.6363636363636364,0.18181818181818182,0.0,0.0,0,0,0.0,10284.91,1,0,0.0,25998.299999999996,4,0,0.0,54117.61,11,1,0.09090909090909091,0
LGS2ORD0047912,C015045,2026-01-15 10:00:00,Male,39,Bronze,Shopee,Phuket,921,Shopee,PromptPay,10,1,3,0,30-40,30.7,9.0,5.0,0.5555555555555556,161,53,4815.035555555555,0.23,0.5555555555555556,0.1111111111111111,0.0,0.0,0,0,0.0,0.0,0,0,0.0,11493.3,2,0,0.0,43335.32,9,5,0.5555555555555556,1
LGS2ORD0047913,C014865,2026-01-15 10:00:00,Female,38,Bronze,TV,Chonburi,1083,TV_Show,PromptPay,10,1,3,0,30-40,36.1,5.0,1.0,0.2,152,164,7395.028000000001,0.23,0.6,0.2,0.0,0.0,0,0,0.0,0.0,0,0,0.0,0.0,0,0,0.0,36975.14000000001,5,1,0.2,0
LGS2ORD0047914,C014113,2026-01-15 11:00:00,Female,47,Silver,CallCenter,Khon Kaen,1580,Shopee,COD,11,1,3,0,40-50,52.666666666666664,5.0,1.0,0.2,85,3,14910.388,0.25,0.4,0.6,0.0,42767.07,2,0,0.0,42767.07,2,0,0.0,47787.729999999996,3,1,0.3333333333333333,65941.66,4,1,0.25,0
LGS2ORD0047915,C011241,2026-01-15 11:00:00,Female,29,Gold,Web,Bangkok,695,CallCenter,COD,11,1,3,0,20-30,23.166666666666668,5.0,1.0,0.2,301,2,4839.316000000001,0.2299999999999999,0.6,0.2,0.0,1204.75,1,0,0.0,1204.75,1,0,0.0,6388.66,2,0,0.0,24196.58,5,1,0.2,1
LGS2ORD0047916,C017003,2026-01-15 11:00:00,Female,39,Silver,TV,Remote_Area,765,TV_Show,Bank_Transfer,11,1,3,0,30-40,25.5,8.0,4.0,0.5,92,50,4736.72875,0.3,0.5,0.125,0.0,0.0,0,0,0.0,0.0,0,0,0.0,1102.92,1,0,0.0,31596.239999999998,7,3,0.42857142857142855,0
LGS2ORD0047917,C012213,2026-01-15 11:00:00,Male,21,Gold,Shopee,Bangkok,710,TV_Show,PromptPay,11,1,3,0,20-30,23.666666666666668,4.0,1.0,0.25,83,9,3459.175,0.33,0.5,0.75,0.0,0.0,0,0,0.0,6021.44,1,0,0.0,6773.41,2,0,0.0,13836.7,4,1,0.25,0
LGS2ORD0047918,C016656,2026-01-15 11:00:00,Female,43,Bronze,TV,Remote_Area,553,CallCenter,COD,11,1,3,0,40-50,18.433333333333334,10.0,4.0,0.4,-4,2,6342.2080000000005,0.28,0.8,0.4,0.1,5993.33,1,1,1.0,5993.33,1,1,1.0,39805.810000000005,4,2,0.5,53213.89,9,4,0.4444444444444444,0
LGS2ORD0047919,C012073,2026-01-15 11:00:00,Female,18,Bronze,Shopee,Khon Kaen,1164,Lazada,COD,11,1,3,0,<20,38.8,3.0,1.0,0.3333333333333333,356,129,4168.87,0.18,0.3333333333333333,0.0,0.0,0.0,0,0,0.0,0.0,0,0,0.0,0.0,0,0,0.0,4202.97,2,0,0.0,0
LGS2ORD0047920,C012716,2026-01-15 12:00:00,Male,54,Bronze,Lazada,Songkhla,1050,Shopee,COD,12,1,3,0,>50,35.0,12.0,8.0,0.6666666666666666,18,25,3778.72,0.28,0.6666666666666666,0.3333333333333333,0.0,0.0,0,0,0.0,8142.26,1,1,1.0,8142.26,1,1,1.0,45344.64,12,8,0.6666666666666666,1
LGS2ORD0047921,C015657,2026-01-15 12:00:00,Male,49,Platinum,Web,Chonburi,695,CallCenter,PromptPay,12,1,3,0,40-50,23.166666666666668,5.0,0.0,0.0,-1,84,11805.314000000002,0.3,0.4,0.4,0.0,0.0,0,0,0.0,0.0,0,0,0.0,15107.51,1,0,0.0,57524.090000000004,4,0,0.0,1
LGS2ORD0047922,C013097,2026-01-15 12:00:00,Male,65,Bronze,Web,Songkhla,650,Shopee,COD,12,1,3,0,>50,21.666666666666668,3.0,2.0,0.6666666666666666,11,20,2953.59,0.23,0.3333333333333333,0.6666666666666666,0.0,0.0,0,0,0.0,5360.72,1,1,1.0,5360.72,1,1,1.0,8860.77,3,2,0.6666666666666666,0
LGS2ORD0047923,C011300,2026-01-15 12:00:00,Female,29,Bronze,TV,Nakhon Ratchasima,1212,CallCenter,Credit_Card,12,1,3,0,20-30,40.4,13.0,3.0,0.23076923076923078,26,6,5283.979230769231,0.28,0.5384615384615384,0.15384615384615385,0.0,1114.38,1,0,0.0,23531.7,3,0,0.0,57333.92999999999,7,3,0.42857142857142855,68691.73000000001,13,3,0.23076923076923078,1
LGS2ORD0047924,C011296,2026-01-15 12:00:00,Male,40,Bronze,Lazada,Chonburi,1245,Web,COD,12,1,3,0,30-40,41.5,7.0,1.0,0.14285714285714285,71,6,2526.5785714285716,0.23,0.42857142857142855,0.14285714285714285,0.0,4024.21,1,0,0.0,4024.21,1,0,0.0,4746.86,2,1,0.5,17686.050000000003,7,1,0.14285714285714285,0
LGS2ORD0047925,C011766,2026-01-15 13:00:00,Female,32,Silver,TV,Remote_Area,1644,Lazada,Credit_Card,13,1,3,0,30-40,54.8,8.0,3.0,0.375,60,67,5463.14,0.3,0.375,0.5,0.0,0.0,0,0,0.0,0.0,0,0,0.0,8198.37,2,2,1.0,43705.12,8,3,0.375,0
LGS2ORD0047926,C014927,2026-01-15 13:00:00,Male,47,Bronze,Shopee,Bangkok,587,TV_Show,Credit_Card,13,1,3,0,40-50,19.566666666666666,8.0,2.0,0.25,-8,3,6131.11375,0.28,0.875,0.25,0.0,6018.17,1,1,1.0,6018.17,1,1,1.0,21556.33,2,1,0.5,49048.91,8,2,0.25,0
LGS2ORD0047927,C011327,2026-01-15 13:00:00,Male,46,Gold,TV,Bangkok,1213,TV_Show,Bank_Transfer,13,1,3,0,40-50,40.43333333333333,2.0,0.0,0.0,-1,268,3640.3250000000003,0.13,0.5,0.0,0.0,0.0,0,0,0.0,0.0,0,0,0.0,0.0,0,0,0.0,7280.650000000001,2,0,0.0,0
LGS2ORD0047928,C017373,2026-01-15 13:00:00,Male,39,Gold,Lazada,Phuket,943,Web,PromptPay,13,1,3,0,30-40,31.433333333333334,10.0,3.0,0.3,35,22,5920.903,0.2299999999999999,0.2,0.3,0.0,0.0,0,0,0.0,6814.85,1,0,0.0,19973.0,2,1,0.5,42999.700000000004,9,3,0.3333333333333333,0
LGS2ORD0047929,C017713,2026-01-15 13:00:00,Female,47,Silver,Shopee,Songkhla,601,TV_Show,COD,13,1,3,0,40-50,20.033333333333335,3.0,2.0,0.6666666666666666,275,205,3750.69,0.25,1.0,0.3333333333333333,0.0,0.0,0,0,0.0,0.0,0,0,0.0,0.0,0,0,0.0,11252.07,3,2,0.6666666666666666,1
LGS2ORD0047930,C013550,2026-01-15 14:00:00,Female,42,Silver,TV,Bangkok,586,Shopee,COD,14,1,3,0,40-50,19.533333333333335,7.0,2.0,0.2857142857142857,2,1,5608.5371428571425,0.3,0.7142857142857143,0.14285714285714285,0.0,10301.85,1,0,0.0,19420.13,3,1,0.3333333333333333,24363.7,5,2,0.4,39259.759999999995,7,2,0.2857142857142857,0
LGS2ORD0047931,C013393,2026-01-15 14:00:00,Male,61,Bronze,TV,Chonburi,420,TV_Show,COD,14,1,3,0,>50,14.0,7.0,1.0,0.14285714285714285,192,59,7546.815714285715,0.28,0.42857142857142855,0.2857142857142857,0.0,0.0,0,0,0.0,0.0,0,0,0.0,23280.15,2,0,0.0,52827.71000000001,7,1,0.14285714285714285,0
LGS2ORD0047932,C014014,2026-01-15 14:00:00,Female,34,Bronze,Lazada,Chonburi,1108,Shopee,Bank_Transfer,14,1,3,0,30-40,36.93333333333333,4.0,0.0,0.0,-1,12,2048.75,0.18,0.5,0.0,0.0,0.0,0,0,0.0,1180.36,1,0,0.0,8195.0,4,0,0.0,8195.0,4,0,0.0,0
LGS2ORD0047933,C013380,2026-01-15 14:00:00,Female,34,Gold,Lazada,Khon Kaen,1162,Web,COD,14,1,3,0,30-40,38.733333333333334,9.0,5.0,0.5555555555555556,82,94,4483.081111111112,0.33,0.5555555555555556,0.7777777777777778,0.0,0.0,0,0,0.0,0.0,0,0,0.0,0.0,0,0,0.0,40347.73,9,5,0.5555555555555556,0
LGS2ORD0047934,C013287,2026-01-15 14:00:00,Male,60,Silver,Web,Remote_Area,1649,Shopee,COD,14,1,3,0,>50,54.96666666666667,2.0,1.0,0.5,351,173,3159.28,0.1,1.0,0.0,0.0,0.0,0,0,0.0,0.0,0,0,0.0,0.0,0,0,0.0,6318.56,2,1,0.5,0
LGS2ORD0047935,C011236,2026-01-15 15:00:00,Female,49,Silver,CallCenter,Bangkok,1288,Shopee,COD,15,1,3,0,40-50,42.93333333333333,7.0,4.0,0.5714285714285714,36,50,5037.330000000001,0.3,0.7142857142857143,0.7142857142857143,0.0,0.0,0,0,0.0,0.0,0,0,0.0,7071.65,1,1,1.0,35261.310000000005,7,4,0.5714285714285714,1
LGS2ORD0047936,C010195,2026-01-15 15:00:00,Male,56,Platinum,TV,Chonburi,1515,CallCenter,COD,15,1,3,0,>50,50.5,7.0,1.0,0.14285714285714285,341,9,5419.711428571429,0.35,0.2857142857142857,0.2857142857142857,0.0,0.0,0,0,0.0,1716.19,1,0,0.0,11194.880000000001,2,0,0.0,37937.98,7,1,0.14285714285714285,0
LGS2ORD0047937,C012790,2026-01-15 15:00:00,Female,18,Silver,TV,Bangkok,1773,Shopee,Bank_Transfer,15,1,3,0,<20,59.1,7.0,2.0,0.2857142857142857,135,41,6702.628571428571,0.2,0.14285714285714285,0.0,0.0,0.0,0,0,0.0,0.0,0,0,0.0,7217.73,2,0,0.0,37213.310000000005,6,2,0.3333333333333333,0
LGS2ORD0047938,C015388,2026-01-15 15:00:00,Female,62,Platinum,Web,Bangkok,449,Web,COD,15,1,3,0,>50,14.966666666666667,3.0,2.0,0.6666666666666666,54,56,3773.67,0.25,0.3333333333333333,0.6666666666666666,0.0,0.0,0,0,0.0,0.0,0,0,0.0,8334.87,1,1,1.0,11321.01,3,2,0.6666666666666666,0
LGS2ORD0047939,C016646,2026-01-15 15:00:00,Male,38,Bronze,TV,Chiang Mai,677,Web,Credit_Card,15,1,3,0,30-40,22.566666666666666,16.0,4.0,0.25,85,75,7526.655624999999,0.28,0.5,0.125,0.0625,0.0,0,0,0.0,0.0,0,0,0.0,2853.49,1,0,0.0,120426.48999999999,16,4,0.25,0
LGS2ORD0047940,C011129,2026-01-15 15:00:00,Female,47,Silver,Web,Khon Kaen,1055,Shopee,COD,15,1,3,0,40-50,35.166666666666664,10.0,5.0,0.5,67,73,4802.991,0.25,0.8,0.2,0.0,0.0,0,0,0.0,0.0,0,0,0.0,2157.67,1,1,1.0,48029.91,10,5,0.5,0
LGS2ORD0047941,C016345,2026-01-15 16:00:00,Female,49,Platinum,CallCenter,Nakhon Ratchasima,1318,Web,COD,16,1,3,0,40-50,43.93333333333333,5.0,2.0,0.4,192,10,4161.096,0.3,0.4,0.4,0.0,0.0,0,0,0.0,7244.58,1,0,0.0,7613.16,2,0,0.0,20805.48,5,2,0.4,0
LGS2ORD0047942,C014893,2026-01-15 16:00:00,Female,29,Bronze,Shopee,Phuket,921,Shopee,COD,16,1,3,0,20-30,30.7,10.0,0.0,0.0,-1,45,4550.2609999999995,0.28,0.2,0.4,0.0,0.0,0,0,0.0,0.0,0,0,0.0,4339.0199999999995,2,0,0.0,32607.859999999997,8,0,0.0,1
LGS2ORD0047943,C017012,2026-01-15 16:00:00,Male,25,Silver,Web,Phuket,764,TV_Show,PromptPay,16,1,3,0,20-30,25.466666666666665,5.0,2.0,0.4,124,0,3204.3619999999996,0.25,0.8,0.4,0.0,1142.46,1,0,0.0,1142.46,1,0,0.0,1142.46,1,0,0.0,16021.809999999998,5,2,0.4,0
LGS2ORD0047944,C016110,2026-01-15 16:00:00,Female,49,Silver,Web,Phuket,1787,Web,COD,16,1,3,0,40-50,59.56666666666667,4.0,0.0,0.0,-1,27,9270.9975,0.2,0.0,0.0,0.0,0.0,0,0,0.0,3467.04,1,0,0.0,3467.04,1,0,0.0,37083.99,4,0,0.0,0
LGS2ORD0047945,C016983,2026-01-15 16:00:00,Female,59,Silver,Shopee,Remote_Area,1372,TV_Show,PromptPay,16,1,3,0,>50,45.733333333333334,6.0,2.0,0.3333333333333333,37,46,6866.506666666667,0.3,0.6666666666666666,0.5,0.0,0.0,0,0,0.0,0.0,0,0,0.0,3229.42,1,1,1.0,40715.24,5,1,0.2,1
LGS2ORD0047946,C016995,2026-01-15 17:00:00,Male,43,Bronze,Lazada,Bangkok,1424,Lazada,Bank_Transfer,17,1,3,0,40-50,47.46666666666667,3.0,0.0,0.0,-1,167,2939.6766666666667,0.28,0.0,0.6666666666666666,0.0,0.0,0,0,0.0,0.0,0,0,0.0,0.0,0,0,0.0,8819.03,3,0,0.0,0
LGS2ORD0047947,C015036,2026-01-15 17:00:00,Female,45,Bronze,Web,Chonburi,1684,Web,Credit_Card,17,1,3,0,40-50,56.13333333333333,10.0,2.0,0.2,222,26,5288.863,0.28,0.5,0.1,0.0,0.0,0,0,0.0,3368.14,1,0,0.0,20971.940000000002,3,0,0.0,52888.630000000005,10,2,0.2,0
LGS2ORD0047948,C012436,2026-01-15 17:00:00,Male,49,Bronze,Shopee,Bangkok,598,Web,COD,17,1,3,0,40-50,19.933333333333334,2.0,0.0,0.0,-1,128,2033.21,0.18,0.5,0.0,0.0,0.0,0,0,0.0,0.0,0,0,0.0,0.0,0,0,0.0,4066.42,2,0,0.0,0
LGS2ORD0047949,C011422,2026-01-15 17:00:00,Male,29,Bronze,TV,Bangkok,1029,Web,Credit_Card,17,1,3,0,20-30,34.3,9.0,3.0,0.3333333333333333,87,71,8783.317777777778,0.23,0.4444444444444444,0.2222222222222222,0.0,0.0,0,0,0.0,0.0,0,0,0.0,16945.56,3,0,0.0,79049.86,9,3,0.3333333333333333,0
LGS2ORD0047950,C011822,2026-01-15 17:00:00,Female,48,Bronze,Web,Chonburi,817,CallCenter,PromptPay,17,1,3,0,40-50,27.233333333333334,6.0,1.0,0.16666666666666666,47,48,5455.4366666666665,0.28,0.5,0.5,0.0,0.0,0,0,0.0,0.0,0,0,0.0,19757.95,3,1,0.3333333333333333,32732.62,6,1,0.16666666666666666,0
LGS2ORD0047951,C011993,2026-01-15 18:00:00,Male,54,Silver,TV,Nakhon Ratchasima,1608,Shopee,Bank_Transfer,18,1,3,0,>50,53.6,8.0,1.0,0.125,135,38,3482.53875,0.3,0.5,0.375,0.0,0.0,0,0,0.0,0.0,0,0,0.0,1219.83,2,0,0.0,27860.31,8,1,0.125,0
LGS2ORD0047952,C014974,2026-01-15 18:00:00,Male,52,Silver,Shopee,Phuket,1231,Web,COD,18,1,3,0,>50,41.03333333333333,8.0,6.0,0.75,63,67,2985.8287499999997,0.25,0.625,0.25,0.0,0.0,0,0,0.0,0.0,0,0,0.0,6341.92,2,1,0.5,22566.91,7,5,0.7142857142857143,0
LGS2ORD0047953,C016816,2026-01-15 18:00:00,Male,39,Bronze,Web,Bangkok,731,Web,COD,18,1,3,0,30-40,24.366666666666667,3.0,1.0,0.3333333333333333,288,30,1389.7700000000002,0.23,0.6666666666666666,0.3333333333333333,0.0,0.0,0,0,0.0,0.0,0,0,0.0,440.22,1,0,0.0,4169.31,3,1,0.3333333333333333,0
LGS2ORD0047954,C016128,2026-01-15 18:00:00,Male,44,Platinum,Web,Chonburi,475,TV_Show,COD,18,1,3,0,40-50,15.833333333333334,6.0,1.0,0.16666666666666666,143,104,5617.786666666667,0.25,0.0,0.16666666666666666,0.0,0.0,0,0,0.0,0.0,0,0,0.0,0.0,0,0,0.0,33706.72,6,1,0.16666666666666666,1
LGS2ORD0047955,C015144,2026-01-15 18:00:00,Male,56,Gold,Shopee,Chiang Mai,457,Lazada,PromptPay,18,1,3,0,>50,15.233333333333333,9.0,2.0,0.2222222222222222,15,23,5690.832222222222,0.33,0.6666666666666666,0.3333333333333333,0.0,0.0,0,0,0.0,5497.99,1,1,1.0,14271.26,2,1,0.5,51217.49,9,2,0.2222222222222222,0
LGS2ORD0047956,C012217,2026-01-15 19:00:00,Male,47,Bronze,TV,Bangkok,1666,Web,COD,19,1,3,0,40-50,55.53333333333333,2.0,0.0,0.0,-1,123,3252.89,0.08,0.5,0.0,0.0,0.0,0,0,0.0,0.0,0,0,0.0,0.0,0,0,0.0,4701.65,1,0,0.0,0
LGS2ORD0047957,C010606,2026-01-15 19:00:00,Female,56,Gold,Lazada,Bangkok,973,Web,Credit_Card,19,1,3,0,>50,32.43333333333333,2.0,0.0,0.0,-1,121,5301.295,0.13,0.0,0.0,0.0,0.0,0,0,0.0,0.0,0,0,0.0,0.0,0,0,0.0,10602.59,2,0,0.0,0
LGS2ORD0047958,C010277,2026-01-15 19:00:00,Female,62,Platinum,TV,Chiang Mai,665,Shopee,Credit_Card,19,1,3,0,>50,22.166666666666668,3.0,0.0,0.0,-1,23,7870.19,0.2,0.0,0.0,0.0,0.0,0,0,0.0,19925.81,1,0,0.0,20649.81,2,0,0.0,23610.57,3,0,0.0,0
LGS2ORD0047959,C015876,2026-01-15 19:00:00,Female,37,Bronze,Web,Songkhla,789,Lazada,COD,19,1,3,0,30-40,26.3,6.0,0.0,0.0,-1,171,2243.4216666666666,0.23,0.5,0.16666666666666666,0.0,0.0,0,0,0.0,0.0,0,0,0.0,0.0,0,0,0.0,13460.53,6,0,0.0,1
LGS2ORD0047960,C011837,2026-01-15 19:00:00,Female,45,Gold,Web,Remote_Area,1831,TV_Show,COD,19,1,3,0,40-50,61.03333333333333,5.0,1.0,0.2,216,82,3460.932,0.28,0.6,0.2,0.0,0.0,0,0,0.0,0.0,0,0,0.0,7587.96,1,0,0.0,17304.66,5,1,0.2,0
LGS2ORD0047961,C010875,2026-01-15 19:00:00,Male,54,Bronze,CallCenter,Chonburi,1069,TV_Show,COD,19,1,3,0,>50,35.63333333333333,12.0,3.0,0.25,86,13,5687.843333333331,0.28,0.4166666666666667,0.08333333333333333,0.0,0.0,0,0,0.0,2067.54,1,0,0.0,2067.54,1,0,0.0,64493.19,11,3,0.2727272727272727,0
LGS2ORD0047962,C011345,2026-01-15 20:00:00,Male,34,Silver,Shopee,Khon Kaen,1355,TV_Show,PromptPay,20,1,3,0,30-40,45.166666666666664,4.0,0.0,0.0,-1,39,3539.1375000000003,0.3,0.5,0.5,0.0,0.0,0,0,0.0,0.0,0,0,0.0,1048.93,1,0,0.0,14156.550000000001,4,0,0.0,0
LGS2ORD0047963,C011544,2026-01-15 20:00:00,Female,58,Bronze,Web,Bangkok,1079,Web,Credit_Card,20,1,3,0,>50,35.96666666666667,5.0,1.0,0.2,263,23,4152.376,0.23,0.8,0.4,0.0,0.0,0,0,0.0,3475.95,1,0,0.0,3475.95,1,0,0.0,16953.5,4,1,0.25,0
LGS2ORD0047964,C012366,2026-01-15 20:00:00,Other,24,Gold,Shopee,Bangkok,1272,CallCenter,Bank_Transfer,20,1,3,0,20-30,42.4,4.0,2.0,0.5,186,152,1884.4174999999998,0.28,0.5,0.75,0.0,0.0,0,0,0.0,0.0,0,0,0.0,0.0,0,0,0.0,7537.669999999999,4,2,0.5,0
LGS2ORD0047965,C016008,2026-01-15 20:00:00,Male,30,Bronze,Shopee,Bangkok,809,Shopee,Bank_Transfer,20,1,3,0,20-30,26.966666666666665,2.0,2.0,1.0,242,251,6105.1,0.03,0.0,0.0,0.0,0.0,0,0,0.0,0.0,0,0,0.0,0.0,0,0,0.0,12210.2,2,2,1.0,0
LGS2ORD0047966,C014606,2026-01-15 20:00:00,Female,49,Silver,Web,Nakhon Ratchasima,867,Shopee,Credit_Card,20,1,3,0,40-50,28.9,3.0,0.0,0.0,-1,128,6177.036666666667,0.3,0.3333333333333333,0.6666666666666666,0.0,0.0,0,0,0.0,0.0,0,0,0.0,0.0,0,0,0.0,18531.11,3,0,0.0,0
LGS2ORD0047967,C013386,2026-01-15 21:00:00,Male,49,Gold,TV,Chiang Mai,659,TV_Show,Credit_Card,21,1,3,0,40-50,21.966666666666665,10.0,0.0,0.0,-1,35,10288.264,0.33,0.5,0.3,0.0,0.0,0,0,0.0,0.0,0,0,0.0,60645.18,4,0,0.0,89296.73,8,0,0.0,0
LGS2ORD0047968,C013434,2026-01-15 21:00:00,Female,47,Silver,Lazada,Bangkok,1344,Web,PromptPay,21,1,3,0,40-50,44.8,5.0,2.0,0.4,102,55,5567.780000000001,0.2,0.4,0.0,0.0,0.0,0,0,0.0,0.0,0,0,0.0,7910.89,1,0,0.0,22011.47,4,2,0.5,0
LGS2ORD0047969,C016413,2026-01-15 21:00:00,Female,66,Bronze,Web,Bangkok,623,Web,PromptPay,21,1,3,0,>50,20.766666666666666,8.0,1.0,0.125,273,3,4649.4525,0.23,0.625,0.25,0.0,6009.48,1,0,0.0,14147.7,2,0,0.0,14147.7,2,0,0.0,37195.62,8,1,0.125,0
LGS2ORD0047970,C014139,2026-01-15 21:00:00,Male,46,Bronze,Shopee,Bangkok,1647,Web,COD,21,1,3,0,40-50,54.9,5.0,1.0,0.2,51,56,2778.826,0.18,0.6,0.0,0.0,0.0,0,0,0.0,0.0,0,0,0.0,1413.51,1,1,1.0,13894.13,5,1,0.2,0
LGS2ORD0047971,C013122,2026-01-15 21:00:00,Female,41,Bronze,Lazada,Bangkok,391,Shopee,COD,21,1,3,0,40-50,13.033333333333333,7.0,1.0,0.14285714285714285,295,39,6858.774285714286,0.23,0.2857142857142857,0.2857142857142857,0.14285714285714285,0.0,0,0,0.0,0.0,0,0,0.0,8305.19,2,0,0.0,48011.42,7,1,0.14285714285714285,1
LGS2ORD0047972,C015553,2026-01-15 22:00:00,Female,18,Bronze,Shopee,Chiang Mai,678,CallCenter,Credit_Card,22,1,3,0,<20,22.6,8.0,5.0,0.625,85,98,5060.25375,0.28,0.75,0.375,0.0,0.0,0,0,0.0,0.0,0,0,0.0,0.0,0,0,0.0,34348.83,7,4,0.5714285714285714,0
LGS2ORD0047973,C017694,2026-01-15 22:00:00,Male,50,Silver,Lazada,Chiang Mai,1031,Web,Credit_Card,22,1,3,0,40-50,34.36666666666667,5.0,0.0,0.0,-1,64,3741.808,0.3,0.6,0.4,0.0,0.0,0,0,0.0,0.0,0,0,0.0,9041.99,1,0,0.0,18709.04,5,0,0.0,0
LGS2ORD0047974,C012826,2026-01-15 22:00:00,Male,55,Bronze,Shopee,Chiang Mai,649,TV_Show,Bank_Transfer,22,1,3,0,>50,21.633333333333333,8.0,0.0,0.0,-1,35,7742.065,0.23,0.25,0.125,0.0,0.0,0,0,0.0,0.0,0,0,0.0,9582.12,1,0,0.0,61936.52,8,0,0.0,1
LGS2ORD0047975,C013091,2026-01-15 22:00:00,Female,54,Silver,Web,Bangkok,732,Shopee,COD,22,1,3,0,>50,24.4,5.0,1.0,0.2,327,177,14220.975999999999,0.2,0.4,0.0,0.0,0.0,0,0,0.0,0.0,0,0,0.0,0.0,0,0,0.0,71104.87999999999,5,1,0.2,1
LGS2ORD0047976,C017194,2026-01-15 22:00:00,Male,43,Silver,TV,Bangkok,1253,TV_Show,PromptPay,22,1,3,0,40-50,41.766666666666666,7.0,0.0,0.0,-1,39,2189.4714285714285,0.3,0.5714285714285714,0.14285714285714285,0.0,0.0,0,0,0.0,0.0,0,0,0.0,2920.4,2,0,0.0,15326.300000000001,7,0,0.0,0
LGS2ORD0047977,C012261,2026-01-15 23:00:00,Male,72,Silver,Shopee,Chonburi,1319,Shopee,COD,23,1,3,0,>50,43.96666666666667,4.0,1.0,0.25,236,7,3726.47,0.3,0.25,0.25,0.0,0.0,0,0,0.0,3399.83,1,0,0.0,3399.83,1,0,0.0,14905.88,4,1,0.25,1
LGS2ORD0047978,C017081,2026-01-15 23:00:00,Female,18,Silver,Lazada,Bangkok,1658,Lazada,Credit_Card,23,1,3,0,<20,55.266666666666666,7.0,2.0,0.2857142857142857,30,36,6982.515714285714,0.2,0.2857142857142857,0.0,0.0,0.0,0,0,0.0,0.0,0,0,0.0,2096.66,1,1,1.0,48292.64,6,2,0.3333333333333333,1
LGS2ORD0047979,C010365,2026-01-15 23:00:00,Female,18,Bronze,Web,Chonburi,1528,Lazada,Credit_Card,23,1,3,0,<20,50.93333333333333,5.0,1.0,0.2,319,42,5308.606000000001,0.18,0.4,0.0,0.0,0.0,0,0,0.0,0.0,0,0,0.0,10187.86,1,0,0.0,26543.030000000002,5,1,0.2,0
LGS2ORD0047980,C013827,2026-01-15 23:00:00,Female,59,Bronze,TV,Khon Kaen,1308,Web,Credit_Card,23,1,3,0,>50,43.6,7.0,1.0,0.14285714285714285,330,56,3992.48,0.23,0.5714285714285714,0.14285714285714285,0.0,0.0,0,0,0.0,0.0,0,0,0.0,8148.62,1,0,0.0,27947.36,7,1,0.14285714285714285,0
LGS2ORD0047981,C014669,2026-01-15 23:00:00,Female,23,Silver,TV,Chiang Mai,1218,Web,Credit_Card,23,1,3,0,20-30,40.6,4.0,0.0,0.0,-1,15,12456.720000000001,0.2,0.0,0.0,0.0,0.0,0,0,0.0,5376.8,1,0,0.0,39005.21000000001,2,0,0.0,49826.880000000005,4,0,0.0,0
LGS2ORD0047982,C011784,2026-01-15 23:00:00,Female,18,Silver,Web,Remote_Area,1559,CallCenter,COD,23,1,3,0,<20,51.96666666666667,4.0,0.0,0.0,-1,40,1540.8024999999998,0.25,0.0,0.5,0.0,0.0,0,0,0.0,0.0,0,0,0.0,1849.41,1,0,0.0,6163.209999999999,4,0,0.0,1
LGS2ORD0047983,C016220,2026-01-16 00:00:00,Male,56,Gold,TV,Phuket,1015,Lazada,COD,0,1,4,0,>50,33.833333333333336,3.0,1.0,0.3333333333333333,349,32,6147.156666666667,0.33,0.3333333333333333,0.6666666666666666,0.0,0.0,0,0,0.0,0.0,0,0,0.0,11890.19,1,0,0.0,18441.47,3,1,0.3333333333333333,1
LGS2ORD0047984,C015934,2026-01-16 00:00:00,Male,51,Gold,Shopee,Bangkok,1473,CallCenter,COD,0,1,4,0,>50,49.1,7.0,0.0,0.0,-1,93,6787.07,0.33,0.14285714285714285,0.2857142857142857,0.0,0.0,0,0,0.0,0.0,0,0,0.0,0.0,0,0,0.0,47509.49,7,0,0.0,0
LGS2ORD0047985,C013078,2026-01-16 00:00:00,Female,45,Gold,Lazada,Remote_Area,1182,Shopee,Bank_Transfer,0,1,4,0,40-50,39.4,12.0,3.0,0.25,74,32,5587.477499999998,0.33,0.4166666666666667,0.5,0.0,0.0,0,0,0.0,0.0,0,0,0.0,7386.46,3,1,0.3333333333333333,67049.72999999998,12,3,0.25,0
LGS2ORD0047986,C015744,2026-01-16 00:00:00,Male,58,Silver,Shopee,Khon Kaen,1250,Web,Credit_Card,0,1,4,0,>50,41.666666666666664,4.0,0.0,0.0,-1,169,2943.29,0.3,0.75,0.5,0.0,0.0,0,0,0.0,0.0,0,0,0.0,0.0,0,0,0.0,11773.16,4,0,0.0,0
LGS2ORD0047987,C016242,2026-01-16 00:00:00,Male,36,Silver,Shopee,Bangkok,1209,Web,Bank_Transfer,0,1,4,0,30-40,40.3,7.0,1.0,0.14285714285714285,181,184,5359.938571428572,0.25,0.42857142857142855,0.42857142857142855,0.0,0.0,0,0,0.0,0.0,0,0,0.0,0.0,0,0,0.0,20225.48,5,1,0.2,0
LGS2ORD0047988,C015774,2026-01-16 01:00:00,Female,44,Gold,Shopee,Nakhon Ratchasima,953,Shopee,COD,1,1,4,0,40-50,31.766666666666666,2.0,0.0,0.0,-1,101,8453.664999999999,0.08,0.0,0.0,0.0,0.0,0,0,0.0,0.0,0,0,0.0,0.0,0,0,0.0,16907.329999999998,2,0,0.0,0
LGS2ORD0047989,C013046,2026-01-16 01:00:00,Male,72,Bronze,TV,Remote_Area,1016,CallCenter,Credit_Card,1,1,4,0,>50,33.86666666666667,7.0,3.0,0.42857142857142855,42,3,3031.1571428571433,0.23,0.8571428571428571,0.14285714285714285,0.0,1814.2,1,0,0.0,1814.2,1,0,0.0,6161.04,2,1,0.5,21218.100000000002,7,3,0.42857142857142855,0
LGS2ORD0047990,C016741,2026-01-16 01:00:00,Female,36,Silver,Lazada,Songkhla,415,Shopee,COD,1,1,4,0,30-40,13.833333333333334,9.0,2.0,0.2222222222222222,124,124,4630.604444444445,0.25,0.6666666666666666,0.2222222222222222,0.0,0.0,0,0,0.0,0.0,0,0,0.0,0.0,0,0,0.0,40427.19,8,2,0.25,1
LGS2ORD0047991,C011965,2026-01-16 01:00:00,Male,58,Bronze,Lazada,Bangkok,809,Shopee,COD,1,1,4,0,>50,26.966666666666665,5.0,0.0,0.0,-1,19,4323.738,0.08,0.8,0.0,0.0,0.0,0,0,0.0,4175.15,1,0,0.0,4175.15,1,0,0.0,21618.690000000002,5,0,0.0,0
LGS2ORD0047992,C015881,2026-01-16 01:00:00,Male,54,Bronze,Lazada,Nakhon Ratchasima,1826,Web,PromptPay,1,1,4,0,>50,60.86666666666667,6.0,2.0,0.3333333333333333,145,38,7187.926666666666,0.18,0.3333333333333333,0.0,0.0,0.0,0,0,0.0,0.0,0,0,0.0,14014.82,1,0,0.0,43127.56,6,2,0.3333333333333333,0
LGS2ORD0047993,C016018,2026-01-16 02:00:00,Female,52,Bronze,Web,Khon Kaen,677,CallCenter,COD,2,1,4,0,>50,22.566666666666666,4.0,1.0,0.25,58,31,4808.6125,0.23,0.75,0.25,0.0,0.0,0,0,0.0,0.0,0,0,0.0,16150.029999999999,2,1,0.5,19234.45,4,1,0.25,0
LGS2ORD0047994,C015144,2026-01-16 02:00:00,Male,56,Gold,Shopee,Chiang Mai,458,Lazada,COD,2,1,4,0,>50,15.266666666666667,10.0,2.0,0.2,15,0,6205.286999999999,0.33,0.6,0.4,0.0,10835.38,1,0,0.0,16333.369999999999,2,1,0.5,25106.64,3,1,0.3333333333333333,62052.869999999995,10,2,0.2,0
LGS2ORD0047995,C016507,2026-01-16 02:00:00,Female,41,Bronze,TV,Chonburi,726,Web,COD,2,1,4,0,40-50,24.2,12.0,7.0,0.5833333333333334,54,33,2866.4533333333334,0.28,0.6666666666666666,0.5,0.0,0.0,0,0,0.0,0.0,0,0,0.0,11734.0,2,1,0.5,34397.44,12,7,0.5833333333333334,1
LGS2ORD0047996,C010133,2026-01-16 02:00:00,Other,58,Bronze,Shopee,Nakhon Ratchasima,565,TV_Show,COD,2,1,4,0,>50,18.833333333333332,1.0,0.0,0.0,-1,98,1143.91,0.13,0.0,0.0,0.0,0.0,0,0,0.0,0.0,0,0,0.0,0.0,0,0,0.0,1143.91,1,0,0.0,0
LGS2ORD0047997,C010071,2026-01-16 02:00:00,Female,51,Bronze,TV,Remote_Area,752,TV_Show,PromptPay,2,1,4,0,>50,25.066666666666666,9.0,3.0,0.3333333333333333,14,17,5212.385555555556,0.28,0.5555555555555556,0.6666666666666666,0.1111111111111111,0.0,0,0,0.0,1607.06,1,1,1.0,12324.07,4,1,0.25,46911.47,9,3,0.3333333333333333,0
LGS2ORD0047998,C016987,2026-01-16 02:00:00,Male,64,Bronze,TV,Songkhla,732,TV_Show,COD,2,1,4,0,>50,24.4,8.0,3.0,0.375,172,19,10993.34125,0.28,0.625,0.125,0.0,0.0,0,0,0.0,11148.32,1,0,0.0,11148.32,1,0,0.0,87946.73,8,3,0.375,1
LGS2ORD0047999,C011349,2026-01-16 03:00:00,Male,32,Bronze,TV,Bangkok,1595,Web,COD,3,1,4,0,30-40,53.166666666666664,8.0,2.0,0.25,53,44,4842.9875,0.23,0.5,0.25,0.0,0.0,0,0,0.0,0.0,0,0,0.0,26662.989999999998,3,1,0.3333333333333333,38743.9,8,2,0.25,0
LGS2ORD0048000,C016596,2026-01-16 03:00:00,Female,39,Bronze,Web,Chonburi,883,CallCenter,COD,3,1,4,0,30-40,29.433333333333334,8.0,1.0,0.125,72,10,4177.844999999999,0.23,0.625,0.125,0.0,0.0,0,0,0.0,675.25,1,0,0.0,4435.22,3,1,0.3333333333333333,33422.759999999995,8,1,0.125,0
LGS2ORD0048001,C010453,2026-01-16 03:00:00,Female,42,Gold,TV,Bangkok,1677,Lazada,PromptPay,3,1,4,0,40-50,55.9,6.0,0.0,0.0,-1,43,8642.951666666668,0.33,0.5,0.5,0.0,0.0,0,0,0.0,0.0,0,0,0.0,2278.72,1,0,0.0,51088.26,5,0,0.0,0
LGS2ORD0048002,C012021,2026-01-16 03:00:00,Male,41,Gold,Web,Songkhla,1346,Shopee,Credit_Card,3,1,4,0,40-50,44.86666666666667,4.0,0.0,0.0,-1,25,3050.6825,0.28,0.5,0.75,0.0,0.0,0,0,0.0,1110.83,1,0,0.0,1110.83,1,0,0.0,12202.73,4,0,0.0,1
LGS2ORD0048003,C017764,2026-01-16 03:00:00,Male,21,Bronze,TV,Chonburi,1535,CallCenter,COD,3,1,4,0,20-30,51.166666666666664,8.0,2.0,0.25,5,14,5566.54,0.23,0.625,0.25,0.0,0.0,0,0,0.0,11517.9,2,1,0.5,29351.06,4,2,0.5,44532.32,8,2,0.25,1
LGS2ORD0048004,C014162,2026-01-16 04:00:00,Female,47,Silver,TV,Chonburi,1205,CallCenter,COD,4,1,4,0,40-50,40.166666666666664,3.0,1.0,0.3333333333333333,246,188,4371.506666666667,0.2,0.3333333333333333,0.0,0.0,0.0,0,0,0.0,0.0,0,0,0.0,0.0,0,0,0.0,10163.91,2,1,0.5,1
LGS2ORD0048005,C015028,2026-01-16 04:00:00,Female,53,Bronze,Web,Bangkok,474,Web,COD,4,1,4,0,>50,15.8,6.0,1.0,0.16666666666666666,222,73,3963.805,0.23,0.3333333333333333,0.16666666666666666,0.0,0.0,0,0,0.0,0.0,0,0,0.0,6954.03,1,0,0.0,22183.11,5,1,0.2,1
LGS2ORD0048006,C014337,2026-01-16 04:00:00,Male,46,Silver,CallCenter,Chonburi,1508,Lazada,Bank_Transfer,4,1,4,0,40-50,50.266666666666666,6.0,1.0,0.16666666666666666,28,30,3885.5433333333335,0.3,0.5,0.3333333333333333,0.0,0.0,0,0,0.0,0.0,0,0,0.0,17526.98,2,1,0.5,23313.260000000002,6,1,0.16666666666666666,0
LGS2ORD0048007,C012991,2026-01-16 04:00:00,Male,48,Platinum,Shopee,Phuket,1283,Shopee,PromptPay,4,1,4,0,40-50,42.766666666666666,9.0,3.0,0.3333333333333333,56,26,5083.922222222222,0.3,0.5555555555555556,0.3333333333333333,0.0,0.0,0,0,0.0,3552.82,1,0,0.0,18023.76,3,1,0.3333333333333333,45755.3,9,3,0.3333333333333333,0
LGS2ORD0048008,C014136,2026-01-16 04:00:00,Other,57,Bronze,CallCenter,Khon Kaen,522,Lazada,PromptPay,4,1,4,0,>50,17.4,9.0,2.0,0.2222222222222222,181,8,6937.194444444444,0.28,0.8888888888888888,0.3333333333333333,0.0,0.0,0,0,0.0,9907.82,2,0,0.0,9907.82,2,0,0.0,56019.03,8,2,0.25,0
LGS2ORD0048009,C015971,2026-01-16 05:00:00,Male,18,Silver,Web,Bangkok,1266,TV_Show,Credit_Card,5,1,4,0,<20,42.2,6.0,1.0,0.16666666666666666,78,76,6968.221666666667,0.25,0.6666666666666666,0.5,0.0,0.0,0,0,0.0,0.0,0,0,0.0,38024.450000000004,2,1,0.5,41809.33,6,1,0.16666666666666666,0
LGS2ORD0048010,C012666,2026-01-16 05:00:00,Female,44,Bronze,TV,Chonburi,1547,Shopee,COD,5,1,4,0,40-50,51.56666666666667,6.0,0.0,0.0,-1,27,6027.165,0.23,0.3333333333333333,0.16666666666666666,0.0,0.0,0,0,0.0,185.18,1,0,0.0,15905.18,4,0,0.0,36162.99,6,0,0.0,0
LGS2ORD0048011,C015877,2026-01-16 05:00:00,Female,64,Silver,Web,Chiang Mai,1774,Lazada,COD,5,1,4,0,>50,59.13333333333333,2.0,0.0,0.0,-1,165,789.325,0.15,0.5,0.0,0.0,0.0,0,0,0.0,0.0,0,0,0.0,0.0,0,0,0.0,1578.65,2,0,0.0,0
LGS2ORD0048012,C014160,2026-01-16 05:00:00,Male,31,Bronze,Shopee,Phuket,1402,CallCenter,Bank_Transfer,5,1,4,0,30-40,46.733333333333334,9.0,3.0,0.3333333333333333,193,23,4569.662222222222,0.23,0.4444444444444444,0.3333333333333333,0.0,0.0,0,0,0.0,1064.78,1,0,0.0,1064.78,1,0,0.0,38858.53,8,3,0.375,1
LGS2ORD0048013,C011277,2026-01-16 05:00:00,Other,40,Silver,Lazada,Bangkok,1104,Lazada,COD,5,1,4,0,30-40,36.8,5.0,2.0,0.4,287,107,5786.806,0.2,0.4,0.0,0.0,0.0,0,0,0.0,0.0,0,0,0.0,0.0,0,0,0.0,28934.03,5,2,0.4,0
LGS2ORD0048014,C015823,2026-01-16 06:00:00,Female,35,Silver,TV,Bangkok,1834,Lazada,COD,6,1,4,0,30-40,61.13333333333333,5.0,0.0,0.0,-1,11,12084.573999999999,0.2,0.6,0.0,0.0,0.0,0,0,0.0,26826.2,1,0,0.0,35239.41,3,0,0.0,60422.869999999995,5,0,0.0,0
LGS2ORD0048015,C011189,2026-01-16 06:00:00,Male,34,Bronze,TV,Khon Kaen,1822,Web,COD,6,1,4,0,30-40,60.733333333333334,9.0,1.0,0.1111111111111111,97,45,5483.124444444445,0.23,0.7777777777777778,0.1111111111111111,0.0,0.0,0,0,0.0,0.0,0,0,0.0,21813.81,2,0,0.0,49348.12,9,1,0.1111111111111111,0
LGS2ORD0048016,C012255,2026-01-16 06:00:00,Female,64,Bronze,TV,Songkhla,1829,CallCenter,Credit_Card,6,1,4,0,>50,60.96666666666667,1.0,0.0,0.0,-1,108,7427.1,0.23,1.0,1.0,0.0,0.0,0,0,0.0,0.0,0,0,0.0,0.0,0,0,0.0,7427.1,1,0,0.0,0
LGS2ORD0048017,C013354,2026-01-16 06:00:00,Male,34,Silver,TV,Chonburi,801,TV_Show,Bank_Transfer,6,1,4,0,30-40,26.7,2.0,1.0,0.5,166,178,4707.135,0.2,1.0,0.0,0.0,0.0,0,0,0.0,0.0,0,0,0.0,0.0,0,0,0.0,3158.66,1,1,1.0,0
LGS2ORD0048018,C017596,2026-01-16 06:00:00,Female,32,Bronze,Shopee,Chonburi,1312,TV_Show,Credit_Card,6,1,4,0,30-40,43.733333333333334,8.0,3.0,0.375,4,12,5296.69625,0.28,0.25,0.5,0.0,0.0,0,0,0.0,2388.85,1,1,1.0,15496.7,3,1,0.3333333333333333,42373.57,8,3,0.375,0
LGS2ORD0048019,C010943,2026-01-16 06:00:00,Male,34,Platinum,Lazada,Chiang Mai,519,TV_Show,Credit_Card,6,1,4,0,30-40,17.3,5.0,1.0,0.2,0,12,1893.0379999999998,0.35,0.4,0.8,0.0,0.0,0,0,0.0,1100.63,1,1,1.0,1100.63,1,1,1.0,9090.099999999999,4,1,0.25,0
LGS2ORD0048020,C016599,2026-01-16 07:00:00,Female,71,Bronze,Shopee,Phuket,1548,Lazada,COD,7,1,4,0,>50,51.6,6.0,1.0,0.16666666666666666,305,167,2133.515,0.18,0.3333333333333333,0.0,0.0,0.0,0,0,0.0,0.0,0,0,0.0,0.0,0,0,0.0,8820.48,4,1,0.25,0
LGS2ORD0048021,C014046,2026-01-16 07:00:00,Female,39,Gold,TV,Khon Kaen,1311,TV_Show,Bank_Transfer,7,1,4,0,30-40,43.7,6.0,1.0,0.16666666666666666,102,61,5862.441666666668,0.33,0.3333333333333333,0.8333333333333334,0.0,0.0,0,0,0.0,0.0,0,0,0.0,702.26,1,0,0.0,33828.270000000004,5,1,0.2,0
LGS2ORD0048022,C012481,2026-01-16 07:00:00,Female,49,Platinum,TV,Phuket,1430,TV_Show,COD,7,1,4,0,40-50,47.666666666666664,12.0,6.0,0.5,84,32,4695.590833333334,0.35,0.5833333333333334,0.75,0.0,0.0,0,0,0.0,0.0,0,0,0.0,1664.9,1,0,0.0,56347.090000000004,12,6,0.5,0
LGS2ORD0048023,C014288,2026-01-16 07:00:00,Female,58,Gold,Shopee,Remote_Area,1520,CallCenter,COD,7,1,4,0,>50,50.666666666666664,8.0,1.0,0.125,165,134,5522.0825,0.28,0.375,0.5,0.0,0.0,0,0,0.0,0.0,0,0,0.0,0.0,0,0,0.0,44176.66,8,1,0.125,1
LGS2ORD0048024,C014870,2026-01-16 07:00:00,Male,71,Bronze,Lazada,Bangkok,1833,TV_Show,COD,7,1,4,0,>50,61.1,5.0,0.0,0.0,-1,162,6487.978000000001,0.28,0.2,0.2,0.0,0.0,0,0,0.0,0.0,0,0,0.0,0.0,0,0,0.0,11108.89,4,0,0.0,0
LGS2ORD0048025,C016903,2026-01-16 08:00:00,Female,52,Bronze,TV,Khon Kaen,1149,Web,Credit_Card,8,1,4,0,>50,38.3,6.0,0.0,0.0,-1,64,8287.531666666668,0.23,0.3333333333333333,0.16666666666666666,0.0,0.0,0,0,0.0,0.0,0,0,0.0,2331.01,1,0,0.0,49725.19,6,0,0.0,0
LGS2ORD0048026,C014662,2026-01-16 08:00:00,Female,57,Bronze,Lazada,Remote_Area,1700,Lazada,PromptPay,8,1,4,0,>50,56.666666666666664,7.0,1.0,0.14285714285714285,90,21,4637.911428571428,0.28,0.42857142857142855,0.2857142857142857,0.0,0.0,0,0,0.0,3784.74,2,0,0.0,3784.74,2,0,0.0,32465.379999999994,7,1,0.14285714285714285,0
LGS2ORD0048027,C013663,2026-01-16 08:00:00,Female,65,Bronze,Web,Chiang Mai,1580,CallCenter,PromptPay,8,1,4,0,>50,52.666666666666664,4.0,0.0,0.0,-1,224,2915.29,0.23,0.75,0.25,0.0,0.0,0,0,0.0,0.0,0,0,0.0,0.0,0,0,0.0,11661.16,4,0,0.0,0
LGS2ORD0048028,C010243,2026-01-16 08:00:00,Male,34,Gold,TV,Khon Kaen,1329,Web,Credit_Card,8,1,4,0,30-40,44.3,1.0,1.0,1.0,356,370,4413.8,0.13,0.0,0.0,0.0,0.0,0,0,0.0,0.0,0,0,0.0,0.0,0,0,0.0,0.0,0,0,0.0,0
LGS2ORD0048029,C014080,2026-01-16 08:00:00,Male,29,Bronze,Shopee,Songkhla,1729,Web,COD,8,1,4,0,20-30,57.63333333333333,11.0,2.0,0.18181818181818182,-10,7,9991.672727272728,0.23,0.6363636363636364,0.18181818181818182,0.0,14859.33,1,1,1.0,15914.619999999999,2,1,0.5,15914.619999999999,2,1,0.5,109908.4,11,2,0.18181818181818182,1
LGS2ORD0048030,C014288,2026-01-16 09:00:00,Female,58,Gold,Shopee,Remote_Area,1520,TV_Show,COD,9,1,4,0,>50,50.666666666666664,9.0,2.0,0.2222222222222222,-8,0,5280.530000000001,0.28,0.4444444444444444,0.5555555555555556,0.0,3348.11,1,1,1.0,3348.11,1,1,1.0,3348.11,1,1,1.0,47524.770000000004,9,2,0.2222222222222222,0
LGS2ORD0048031,C011619,2026-01-16 09:00:00,Female,35,Gold,TV,Bangkok,592,Web,Credit_Card,9,1,4,0,30-40,19.733333333333334,4.0,1.0,0.25,343,36,2787.1425,0.33,0.25,0.75,0.0,0.0,0,0,0.0,0.0,0,0,0.0,1775.02,2,0,0.0,11148.57,4,1,0.25,0
LGS2ORD0048032,C015755,2026-01-16 09:00:00,Female,27,Gold,TV,Chonburi,988,TV_Show,COD,9,1,4,0,20-30,32.93333333333333,4.0,1.0,0.25,346,101,5993.675,0.33,0.5,0.5,0.0,0.0,0,0,0.0,0.0,0,0,0.0,0.0,0,0,0.0,23974.7,4,1,0.25,0
LGS2ORD0048033,C010454,2026-01-16 09:00:00,Male,46,Bronze,CallCenter,Khon Kaen,1011,TV_Show,COD,9,1,4,0,40-50,33.7,6.0,2.0,0.3333333333333333,131,118,4003.0849999999996,0.18,0.6666666666666666,0.0,0.0,0.0,0,0,0.0,0.0,0,0,0.0,0.0,0,0,0.0,24018.51,6,2,0.3333333333333333,0
LGS2ORD0048034,C015486,2026-01-16 09:00:00,Female,21,Bronze,Shopee,Khon Kaen,1433,Web,Bank_Transfer,9,1,4,0,20-30,47.766666666666666,9.0,4.0,0.4444444444444444,34,41,6947.488888888888,0.28,0.5555555555555556,0.1111111111111111,0.0,0.0,0,0,0.0,0.0,0,0,0.0,15008.42,2,2,1.0,61240.22,8,3,0.375,0
LGS2ORD0048035,C014795,2026-01-16 10:00:00,Female,49,Silver,Shopee,Khon Kaen,451,CallCenter,Credit_Card,10,1,4,0,40-50,15.033333333333333,3.0,1.0,0.3333333333333333,328,182,5591.766666666666,0.2,0.3333333333333333,0.0,0.0,0.0,0,0,0.0,0.0,0,0,0.0,0.0,0,0,0.0,16775.3,3,1,0.3333333333333333,0
LGS2ORD0048036,C011334,2026-01-16 10:00:00,Female,52,Gold,Web,Songkhla,1507,TV_Show,Credit_Card,10,1,4,0,>50,50.233333333333334,2.0,2.0,1.0,39,52,1196.08,0.28,1.0,1.0,0.0,0.0,0,0,0.0,0.0,0,0,0.0,910.98,1,1,1.0,2392.16,2,2,1.0,1
LGS2ORD0048037,C011703,2026-01-16 10:00:00,Male,23,Silver,Web,Remote_Area,1527,Lazada,Credit_Card,10,1,4,0,20-30,50.9,4.0,0.0,0.0,-1,10,1872.565,0.3,0.25,0.25,0.0,0.0,0,0,0.0,558.85,1,0,0.0,3736.79,2,0,0.0,7490.26,4,0,0.0,0
LGS2ORD0048038,C010975,2026-01-16 10:00:00,Female,51,Gold,Lazada,Chiang Mai,802,Shopee,PromptPay,10,1,4,0,>50,26.733333333333334,11.0,3.0,0.2727272727272727,21,31,5017.0309090909095,0.33,0.2727272727272727,0.6363636363636364,0.0,0.0,0,0,0.0,0.0,0,0,0.0,13770.06,3,1,0.3333333333333333,55187.340000000004,11,3,0.2727272727272727,0
LGS2ORD0048039,C017490,2026-01-16 10:00:00,Male,63,Bronze,CallCenter,Bangkok,1753,Shopee,Credit_Card,10,1,4,0,>50,58.43333333333333,3.0,1.0,0.3333333333333333,41,1,13640.47,0.23,0.6666666666666666,0.3333333333333333,0.0,4700.57,1,0,0.0,4700.57,1,0,0.0,6879.24,2,1,0.5,40921.409999999996,3,1,0.3333333333333333,0
LGS2ORD0048040,C015814,2026-01-16 10:00:00,Male,30,Bronze,Lazada,Phuket,1426,CallCenter,PromptPay,10,1,4,0,20-30,47.53333333333333,6.0,0.0,0.0,-1,34,10253.096666666666,0.28,0.5,0.3333333333333333,0.0,0.0,0,0,0.0,0.0,0,0,0.0,45289.77,3,0,0.0,61518.58,6,0,0.0,1
LGS2ORD0048041,C015051,2026-01-16 11:00:00,Male,46,Gold,Lazada,Bangkok,1814,TV_Show,Credit_Card,11,1,4,0,40-50,60.46666666666667,3.0,0.0,0.0,-1,165,12072.169999999998,0.2299999999999999,1.0,0.3333333333333333,0.0,0.0,0,0,0.0,0.0,0,0,0.0,0.0,0,0,0.0,36216.509999999995,3,0,0.0,0
LGS2ORD0048042,C010858,2026-01-16 11:00:00,Female,61,Platinum,Shopee,Chiang Mai,1810,TV_Show,PromptPay,11,1,4,0,>50,60.333333333333336,4.0,1.0,0.25,307,266,6156.305,0.35,0.5,0.75,0.25,0.0,0,0,0.0,0.0,0,0,0.0,0.0,0,0,0.0,17615.11,3,1,0.3333333333333333,1
LGS2ORD0048043,C011280,2026-01-16 11:00:00,Male,29,Silver,Web,Bangkok,779,TV_Show,COD,11,1,4,0,20-30,25.966666666666665,6.0,1.0,0.16666666666666666,364,2,5775.033333333333,0.25,0.3333333333333333,0.16666666666666666,0.0,6335.86,1,0,0.0,27879.420000000002,2,0,0.0,27879.420000000002,2,0,0.0,33558.6,5,0,0.0,0
LGS2ORD0048044,C012366,2026-01-16 11:00:00,Other,24,Gold,Shopee,Bangkok,1273,Web,COD,11,1,4,0,20-30,42.43333333333333,5.0,2.0,0.4,187,0,1788.5739999999998,0.28,0.4,0.8,0.0,1405.2,1,0,0.0,1405.2,1,0,0.0,1405.2,1,0,0.0,8942.869999999999,5,2,0.4,0
LGS2ORD0048045,C010759,2026-01-16 11:00:00,Female,51,Silver,TV,Nakhon Ratchasima,758,Shopee,COD,11,1,4,0,>50,25.266666666666666,8.0,1.0,0.125,219,71,5360.4825,0.3,0.25,0.125,0.0,0.0,0,0,0.0,0.0,0,0,0.0,2672.91,1,0,0.0,42883.86,8,1,0.125,0
LGS2ORD0048046,C015912,2026-01-16 12:00:00,Male,44,Silver,Lazada,Khon Kaen,1629,Lazada,Credit_Card,12,1,4,0,40-50,54.3,6.0,2.0,0.3333333333333333,7,19,4114.493333333333,0.3,0.6666666666666666,0.3333333333333333,0.0,0.0,0,0,0.0,3479.48,1,1,1.0,3479.48,1,1,1.0,24686.96,6,2,0.3333333333333333,0
LGS2ORD0048047,C017875,2026-01-16 12:00:00,Female,41,Bronze,TV,Songkhla,637,Web,COD,12,1,4,0,40-50,21.233333333333334,6.0,2.0,0.3333333333333333,139,45,3416.148333333334,0.23,0.5,0.3333333333333333,0.0,0.0,0,0,0.0,0.0,0,0,0.0,6618.7300000000005,2,0,0.0,20496.890000000003,6,2,0.3333333333333333,0
LGS2ORD0048048,C017917,2026-01-16 12:00:00,Male,46,Gold,TV,Khon Kaen,767,Lazada,COD,12,1,4,0,40-50,25.566666666666666,4.0,0.0,0.0,-1,1,7311.0650000000005,0.28,0.5,0.5,0.0,1643.38,1,0,0.0,1643.38,1,0,0.0,1643.38,1,0,0.0,29244.260000000002,4,0,0.0,1
LGS2ORD0048049,C016799,2026-01-16 12:00:00,Male,53,Silver,TV,Chonburi,1181,Lazada,COD,12,1,4,0,>50,39.36666666666667,5.0,2.0,0.4,59,26,11868.212000000003,0.3,0.6,0.2,0.0,0.0,0,0,0.0,16505.49,1,0,0.0,46433.58,3,1,0.3333333333333333,59341.06000000001,5,2,0.4,0
LGS2ORD0048050,C013886,2026-01-16 12:00:00,Male,33,Silver,CallCenter,Bangkok,1586,Shopee,Credit_Card,12,1,4,0,30-40,52.86666666666667,3.0,1.0,0.3333333333333333,45,10,3488.15,0.3,0.3333333333333333,0.3333333333333333,0.0,0.0,0,0,0.0,8728.51,1,0,0.0,9347.54,2,1,0.5,10464.45,3,1,0.3333333333333333,0
LGS2ORD0048051,C011518,2026-01-16 13:00:00,Female,50,Bronze,Web,Nakhon Ratchasima,1765,TV_Show,Credit_Card,13,1,4,0,40-50,58.833333333333336,3.0,0.0,0.0,-1,174,4850.216666666666,0.28,0.6666666666666666,0.3333333333333333,0.0,0.0,0,0,0.0,0.0,0,0,0.0,0.0,0,0,0.0,6532.12,2,0,0.0,1
LGS2ORD0048052,C017052,2026-01-16 13:00:00,Male,35,Silver,TV,Songkhla,1691,Lazada,COD,13,1,4,0,30-40,56.36666666666667,5.0,3.0,0.6,42,51,2269.862,0.2,0.2,0.0,0.0,0.0,0,0,0.0,0.0,0,0,0.0,3472.51,1,1,1.0,11349.310000000001,5,3,0.6,0
LGS2ORD0048053,C017596,2026-01-16 13:00:00,Female,32,Bronze,Shopee,Chonburi,1312,TV_Show,Credit_Card,13,1,4,0,30-40,43.733333333333334,9.0,3.0,0.3333333333333333,4,0,4851.774444444444,0.28,0.2222222222222222,0.4444444444444444,0.0,1292.4,1,0,0.0,3681.25,2,1,0.5,16789.100000000002,4,1,0.25,43665.97,9,3,0.3333333333333333,0
LGS2ORD0048054,C013803,2026-01-16 13:00:00,Male,54,Bronze,TV,Chonburi,1552,Lazada,Credit_Card,13,1,4,0,>50,51.733333333333334,7.0,1.0,0.14285714285714285,346,41,7084.624285714286,0.23,0.5714285714285714,0.14285714285714285,0.0,0.0,0,0,0.0,0.0,0,0,0.0,773.11,1,0,0.0,49592.37,7,1,0.14285714285714285,0
LGS2ORD0048055,C015668,2026-01-16 13:00:00,Male,57,Gold,Shopee,Chonburi,1427,Web,PromptPay,13,1,4,0,>50,47.56666666666667,4.0,0.0,0.0,-1,18,2105.3275,0.33,0.25,0.75,0.0,0.0,0,0,0.0,681.66,1,0,0.0,681.66,1,0,0.0,8421.31,4,0,0.0,0
LGS2ORD0048056,C013270,2026-01-16 14:00:00,Female,38,Bronze,TV,Khon Kaen,1428,Lazada,COD,14,1,4,0,30-40,47.6,10.0,2.0,0.2,179,11,8289.695,0.28,0.8,0.4,0.0,0.0,0,0,0.0,19027.28,1,0,0.0,20548.829999999998,2,0,0.0,78023.79,8,1,0.125,1
LGS2ORD0048057,C016646,2026-01-16 14:00:00,Male,38,Bronze,TV,Chiang Mai,678,Lazada,COD,14,1,4,0,30-40,22.6,17.0,4.0,0.23529411764705882,86,0,7661.347647058823,0.28,0.47058823529411764,0.11764705882352941,0.058823529411764705,9816.42,1,0,0.0,9816.42,1,0,0.0,12669.91,2,0,0.0,130242.90999999999,17,4,0.23529411764705882,1
LGS2ORD0048058,C013321,2026-01-16 14:00:00,Male,35,Silver,Web,Bangkok,1757,Shopee,COD,14,1,4,0,30-40,58.56666666666667,4.0,1.0,0.25,271,258,7057.752499999999,0.3,0.25,0.5,0.0,0.0,0,0,0.0,0.0,0,0,0.0,0.0,0,0,0.0,28231.009999999995,4,1,0.25,0
LGS2ORD0048059,C013204,2026-01-16 14:00:00,Male,60,Silver,TV,Nakhon Ratchasima,1650,TV_Show,Credit_Card,14,1,4,0,>50,55.0,5.0,2.0,0.4,20,25,3740.5199999999995,0.3,0.4,0.2,0.0,0.0,0,0,0.0,1378.19,1,0,0.0,3893.0,2,1,0.5,18702.6,5,2,0.4,0
LGS2ORD0048060,C017913,2026-01-16 14:00:00,Male,42,Gold,Lazada,Chiang Mai,1103,Shopee,PromptPay,14,1,4,0,40-50,36.766666666666666,11.0,3.0,0.2727272727272727,48,8,4048.0118181818184,0.33,0.5454545454545454,0.45454545454545453,0.0,0.0,0,0,0.0,924.46,1,0,0.0,2757.26,2,1,0.5,44528.130000000005,11,3,0.2727272727272727,0
LGS2ORD0048061,C010473,2026-01-16 14:00:00,Male,44,Gold,TV,Phuket,434,TV_Show,Bank_Transfer,14,1,4,0,40-50,14.466666666666667,3.0,1.0,0.3333333333333333,252,265,2927.263333333334,0.2299999999999999,0.0,0.3333333333333333,0.0,0.0,0,0,0.0,0.0,0,0,0.0,0.0,0,0,0.0,4047.6099999999997,2,1,0.5,0
LGS2ORD0048062,C017401,2026-01-16 15:00:00,Male,36,Bronze,TV,Nakhon Ratchasima,1799,TV_Show,PromptPay,15,1,4,0,30-40,59.96666666666667,8.0,3.0,0.375,130,40,6153.21125,0.28,0.625,0.375,0.0,0.0,0,0,0.0,0.0,0,0,0.0,2724.71,1,0,0.0,49225.69,8,3,0.375,1
LGS2ORD0048063,C012697,2026-01-16 15:00:00,Male,45,Bronze,CallCenter,Bangkok,437,TV_Show,COD,15,1,4,0,40-50,14.566666666666666,7.0,2.0,0.2857142857142857,117,77,6501.381428571428,0.28,0.7142857142857143,0.2857142857142857,0.0,0.0,0,0,0.0,0.0,0,0,0.0,24993.969999999998,2,0,0.0,45509.67,7,2,0.2857142857142857,1
LGS2ORD0048064,C013250,2026-01-16 15:00:00,Male,57,Silver,TV,Phuket,542,TV_Show,Bank_Transfer,15,1,4,0,>50,18.066666666666666,3.0,1.0,0.3333333333333333,158,61,9060.653333333334,0.3,1.0,0.3333333333333333,0.0,0.0,0,0,0.0,0.0,0,0,0.0,1326.26,1,0,0.0,27181.96,3,1,0.3333333333333333,0
LGS2ORD0048065,C016519,2026-01-16 15:00:00,Male,44,Bronze,TV,Phuket,822,CallCenter,Credit_Card,15,1,4,0,40-50,27.4,4.0,1.0,0.25,355,190,7081.825,0.23,0.0,0.25,0.0,0.0,0,0,0.0,0.0,0,0,0.0,0.0,0,0,0.0,28327.3,4,1,0.25,0
LGS2ORD0048066,C016853,2026-01-16 15:00:00,Female,35,Bronze,Web,Khon Kaen,1235,Web,Bank_Transfer,15,1,4,0,30-40,41.166666666666664,7.0,2.0,0.2857142857142857,62,14,3743.562857142857,0.28,0.7142857142857143,0.42857142857142855,0.0,0.0,0,0,0.0,7151.69,1,0,0.0,8378.83,2,1,0.5,26204.94,7,2,0.2857142857142857,1
LGS2ORD0048067,C016452,2026-01-16 16:00:00,Female,37,Gold,TV,Chiang Mai,1507,TV_Show,Credit_Card,16,1,4,0,30-40,50.233333333333334,6.0,2.0,0.3333333333333333,166,169,6333.213333333333,0.28,0.16666666666666666,0.3333333333333333,0.0,0.0,0,0,0.0,0.0,0,0,0.0,0.0,0,0,0.0,37999.28,6,2,0.3333333333333333,0
LGS2ORD0048068,C015936,2026-01-16 16:00:00,Male,33,Silver,Lazada,Bangkok,408,CallCenter,COD,16,1,4,0,30-40,13.6,5.0,0.0,0.0,-1,59,1365.734,0.3,0.2,0.8,0.0,0.0,0,0,0.0,0.0,0,0,0.0,5529.5,3,0,0.0,6828.67,5,0,0.0,1
LGS2ORD0048069,C013323,2026-01-16 16:00:00,Female,44,Bronze,Shopee,Chonburi,1769,TV_Show,COD,16,1,4,0,40-50,58.96666666666667,3.0,2.0,0.6666666666666666,146,63,2128.173333333333,0.23,0.3333333333333333,0.3333333333333333,0.0,0.0,0,0,0.0,0.0,0,0,0.0,1950.28,1,0,0.0,6384.5199999999995,3,2,0.6666666666666666,0
LGS2ORD0048070,C016703,2026-01-16 16:00:00,Female,34,Bronze,Lazada,Bangkok,1283,TV_Show,PromptPay,16,1,4,0,30-40,42.766666666666666,12.0,4.0,0.3333333333333333,45,54,5053.288333333333,0.28,0.75,0.3333333333333333,0.0,0.0,0,0,0.0,0.0,0,0,0.0,39745.82,3,1,0.3333333333333333,60639.46,12,4,0.3333333333333333,1
LGS2ORD0048071,C010127,2026-01-16 16:00:00,Female,57,Bronze,Web,Songkhla,482,TV_Show,COD,16,1,4,0,>50,16.066666666666666,9.0,3.0,0.3333333333333333,-9,2,3255.653333333333,0.28,0.6666666666666666,0.5555555555555556,0.0,824.9,1,1,1.0,7729.65,2,1,0.5,18303.7,4,1,0.25,29300.879999999997,9,3,0.3333333333333333,1
LGS2ORD0048072,C011398,2026-01-16 17:00:00,Female,47,Bronze,Web,Chiang Mai,1312,TV_Show,Bank_Transfer,17,1,4,0,40-50,43.733333333333334,7.0,4.0,0.5714285714285714,99,64,4837.168571428571,0.28,0.7142857142857143,0.14285714285714285,0.0,0.0,0,0,0.0,0.0,0,0,0.0,9524.83,1,0,0.0,33860.18,7,4,0.5714285714285714,0
LGS2ORD0048073,C012919,2026-01-16 17:00:00,Female,43,Bronze,Lazada,Chiang Mai,945,Web,COD,17,1,4,0,40-50,31.5,7.0,1.0,0.14285714285714285,108,29,4067.8514285714286,0.23,0.8571428571428571,0.14285714285714285,0.0,0.0,0,0,0.0,5548.2,1,0,0.0,10363.99,3,0,0.0,28474.96,7,1,0.14285714285714285,1
LGS2ORD0048074,C017595,2026-01-16 17:00:00,Male,50,Silver,Shopee,Nakhon Ratchasima,661,Shopee,Bank_Transfer,17,1,4,0,40-50,22.033333333333335,2.0,0.0,0.0,-1,254,5712.055,0.25,0.5,0.5,0.0,0.0,0,0,0.0,0.0,0,0,0.0,0.0,0,0,0.0,11424.11,2,0,0.0,0
LGS2ORD0048075,C011155,2026-01-16 17:00:00,Male,33,Silver,Shopee,Songkhla,1148,TV_Show,Credit_Card,17,1,4,0,30-40,38.266666666666666,8.0,2.0,0.25,139,82,8805.69875,0.3,0.75,0.375,0.0,0.0,0,0,0.0,0.0,0,0,0.0,5494.64,1,0,0.0,70445.59,8,2,0.25,0
LGS2ORD0048076,C012704,2026-01-16 17:00:00,Male,41,Platinum,Lazada,Bangkok,1747,Shopee,Credit_Card,17,1,4,0,40-50,58.233333333333334,4.0,2.0,0.5,195,208,1879.2775000000001,0.25,0.5,0.25,0.0,0.0,0,0,0.0,0.0,0,0,0.0,0.0,0,0,0.0,7517.110000000001,4,2,0.5,1
LGS2ORD0048077,C017643,2026-01-16 18:00:00,Male,37,Silver,Web,Songkhla,869,CallCenter,COD,18,1,4,0,30-40,28.966666666666665,5.0,0.0,0.0,-1,108,11206.990000000002,0.3,0.4,0.4,0.0,0.0,0,0,0.0,0.0,0,0,0.0,0.0,0,0,0.0,56034.950000000004,5,0,0.0,0
LGS2ORD0048078,C014186,2026-01-16 18:00:00,Male,44,Gold,TV,Bangkok,1075,CallCenter,PromptPay,18,1,4,0,40-50,35.833333333333336,7.0,2.0,0.2857142857142857,171,27,4089.6257142857144,0.28,0.5714285714285714,0.42857142857142855,0.0,0.0,0,0,0.0,826.46,1,0,0.0,3909.32,2,0,0.0,28627.38,7,2,0.2857142857142857,0
LGS2ORD0048079,C013875,2026-01-16 18:00:00,Male,42,Silver,CallCenter,Bangkok,1471,Web,COD,18,1,4,0,40-50,49.03333333333333,6.0,2.0,0.3333333333333333,88,78,1243.1033333333332,0.3,0.5,0.3333333333333333,0.0,0.0,0,0,0.0,0.0,0,0,0.0,340.91,1,0,0.0,7458.62,6,2,0.3333333333333333,0
LGS2ORD0048080,C014246,2026-01-16 18:00:00,Male,34,Silver,TV,Phuket,1597,Web,Credit_Card,18,1,4,0,30-40,53.233333333333334,13.0,6.0,0.46153846153846156,196,7,4820.116153846154,0.3,0.46153846153846156,0.23076923076923078,0.0,0.0,0,0,0.0,2304.15,1,0,0.0,2304.15,1,0,0.0,62661.51,13,6,0.46153846153846156,0
LGS2ORD0048081,C011262,2026-01-16 18:00:00,Male,58,Platinum,Lazada,Khon Kaen,1726,Shopee,Credit_Card,18,1,4,0,>50,57.53333333333333,4.0,1.0,0.25,78,88,7711.6425,0.3,0.25,0.75,0.0,0.0,0,0,0.0,0.0,0,0,0.0,16787.21,1,1,1.0,30846.57,4,1,0.25,0
LGS2ORD0048082,C013633,2026-01-16 18:00:00,Male,47,Bronze,Shopee,Chonburi,1638,Shopee,COD,18,1,4,0,40-50,54.6,7.0,2.0,0.2857142857142857,73,56,3485.162857142858,0.23,0.5714285714285714,0.14285714285714285,0.0,0.0,0,0,0.0,0.0,0,0,0.0,7666.26,3,1,0.3333333333333333,24396.140000000003,7,2,0.2857142857142857,0
LGS2ORD0048083,C014978,2026-01-16 19:00:00,Female,43,Gold,Web,Phuket,969,Shopee,Credit_Card,19,1,4,0,40-50,32.3,0.0,0.0,0.0,-1,-1,0.0,0.0,0.0,0.0,0.0,0.0,0,0,0.0,0.0,0,0,0.0,0.0,0,0,0.0,0.0,0,0,0.0,0
LGS2ORD0048084,C014492,2026-01-16 19:00:00,Female,49,Gold,Lazada,Remote_Area,1247,CallCenter,COD,19,1,4,0,40-50,41.56666666666667,1.0,0.0,0.0,-1,138,1109.12,0.2299999999999999,0.0,1.0,0.0,0.0,0,0,0.0,0.0,0,0,0.0,0.0,0,0,0.0,1109.12,1,0,0.0,1
LGS2ORD0048085,C012462,2026-01-16 19:00:00,Female,46,Silver,Shopee,Khon Kaen,1651,Lazada,PromptPay,19,1,4,0,40-50,55.03333333333333,6.0,1.0,0.16666666666666666,-1,7,4982.516666666666,0.3,0.5,0.16666666666666666,0.0,0.0,0,0,0.0,1808.12,1,1,1.0,9701.529999999999,2,1,0.5,29895.1,6,1,0.16666666666666666,0
LGS2ORD0048086,C015589,2026-01-16 19:00:00,Female,42,Bronze,Web,Chonburi,1230,Lazada,PromptPay,19,1,4,0,40-50,41.0,5.0,1.0,0.2,276,11,6728.9839999999995,0.18,0.4,0.0,0.0,0.0,0,0,0.0,1651.53,1,0,0.0,21293.789999999997,2,0,0.0,33644.92,5,1,0.2,0
LGS2ORD0048087,C011776,2026-01-16 19:00:00,Female,40,Silver,CallCenter,Songkhla,1822,Shopee,COD,19,1,4,0,30-40,60.733333333333334,3.0,3.0,1.0,31,42,1655.6466666666668,0.2,1.0,0.0,0.0,0.0,0,0,0.0,0.0,0,0,0.0,4524.03,2,2,1.0,4966.9400000000005,3,3,1.0,0
LGS2ORD0048088,C012271,2026-01-16 20:00:00,Female,42,Bronze,CallCenter,Chonburi,671,Shopee,COD,20,1,4,0,40-50,22.366666666666667,10.0,2.0,0.2,7,22,7070.043,0.23,0.5,0.1,0.0,0.0,0,0,0.0,1493.02,1,1,1.0,2607.81,2,1,0.5,70700.43,10,2,0.2,1
LGS2ORD0048089,C014526,2026-01-16 20:00:00,Female,37,Gold,Web,Remote_Area,1751,CallCenter,Bank_Transfer,20,1,4,0,30-40,58.36666666666667,3.0,1.0,0.3333333333333333,253,230,2587.9466666666667,0.2299999999999999,0.6666666666666666,0.6666666666666666,0.0,0.0,0,0,0.0,0.0,0,0,0.0,0.0,0,0,0.0,7763.84,3,1,0.3333333333333333,0
LGS2ORD0048090,C014954,2026-01-16 20:00:00,Female,57,Bronze,CallCenter,Phuket,1091,TV_Show,Bank_Transfer,20,1,4,0,>50,36.36666666666667,5.0,2.0,0.4,35,39,3110.828,0.13,0.4,0.0,0.0,0.0,0,0,0.0,0.0,0,0,0.0,4192.22,2,1,0.5,13434.05,4,1,0.25,1
LGS2ORD0048091,C016369,2026-01-16 20:00:00,Other,22,Silver,Shopee,Bangkok,541,Web,COD,20,1,4,0,20-30,18.033333333333335,7.0,1.0,0.14285714285714285,293,89,7106.64,0.3,0.5714285714285714,0.14285714285714285,0.0,0.0,0,0,0.0,0.0,0,0,0.0,13931.19,1,0,0.0,49746.48,7,1,0.14285714285714285,1
LGS2ORD0048092,C011071,2026-01-16 20:00:00,Female,36,Bronze,Web,Nakhon Ratchasima,1756,Shopee,PromptPay,20,1,4,0,30-40,58.53333333333333,9.0,0.0,0.0,-1,3,3488.925555555556,0.23,0.2222222222222222,0.4444444444444444,0.0,1625.49,1,0,0.0,12182.65,3,0,0.0,14176.039999999999,4,0,0.0,31400.330000000005,9,0,0.0,0
LGS2ORD0048093,C012260,2026-01-16 21:00:00,Female,51,Bronze,Lazada,Bangkok,1095,Lazada,COD,21,1,4,0,>50,36.5,11.0,1.0,0.09090909090909091,254,34,4084.296363636364,0.28,0.45454545454545453,0.2727272727272727,0.0,0.0,0,0,0.0,0.0,0,0,0.0,871.4300000000001,2,0,0.0,44927.26,11,1,0.09090909090909091,0
LGS2ORD0048094,C012235,2026-01-16 21:00:00,Female,49,Platinum,Shopee,Phuket,1591,Web,COD,21,1,4,0,40-50,53.03333333333333,8.0,2.0,0.25,67,3,4424.71,0.35,0.0,0.25,0.0,2051.73,1,0,0.0,2051.73,1,0,0.0,7244.529999999999,3,1,0.3333333333333333,35397.68,8,2,0.25,0
LGS2ORD0048095,C011800,2026-01-16 21:00:00,Female,56,Gold,TV,Chonburi,1313,CallCenter,COD,21,1,4,0,>50,43.766666666666666,7.0,3.0,0.42857142857142855,210,74,4740.382857142858,0.28,0.42857142857142855,0.42857142857142855,0.0,0.0,0,0,0.0,0.0,0,0,0.0,1901.36,1,0,0.0,31704.730000000003,6,3,0.5,0
LGS2ORD0048096,C010307,2026-01-16 21:00:00,Male,54,Bronze,Shopee,Chonburi,655,TV_Show,COD,21,1,4,0,>50,21.833333333333332,6.0,2.0,0.3333333333333333,127,34,6156.401666666668,0.23,0.8333333333333334,0.16666666666666666,0.0,0.0,0,0,0.0,0.0,0,0,0.0,12679.61,1,0,0.0,25970.18,5,2,0.4,0
LGS2ORD0048097,C010871,2026-01-16 21:00:00,Female,34,Bronze,Shopee,Bangkok,1291,TV_Show,Credit_Card,21,1,4,0,30-40,43.03333333333333,4.0,0.0,0.0,-1,67,2623.7325,0.23,0.25,0.25,0.0,0.0,0,0,0.0,0.0,0,0,0.0,4943.13,1,0,0.0,10494.93,4,0,0.0,1
LGS2ORD0048098,C010993,2026-01-16 21:00:00,Female,50,Bronze,TV,Remote_Area,780,Lazada,Credit_Card,21,1,4,0,40-50,26.0,7.0,3.0,0.42857142857142855,20,25,5163.682857142858,0.23,0.7142857142857143,0.14285714285714285,0.0,0.0,0,0,0.0,3372.19,1,1,1.0,6686.42,2,1,0.5,36145.780000000006,7,3,0.42857142857142855,0
LGS2ORD0048099,C013822,2026-01-16 22:00:00,Male,45,Bronze,Lazada,Bangkok,884,Web,COD,22,1,4,0,40-50,29.466666666666665,5.0,0.0,0.0,-1,127,7751.1320000000005,0.28,0.4,0.6,0.0,0.0,0,0,0.0,0.0,0,0,0.0,0.0,0,0,0.0,38755.66,5,0,0.0,0
LGS2ORD0048100,C011251,2026-01-16 22:00:00,Male,33,Silver,TV,Chonburi,883,Shopee,Bank_Transfer,22,1,4,0,30-40,29.433333333333334,5.0,1.0,0.2,137,50,4242.178,0.3,0.4,0.4,0.0,0.0,0,0,0.0,0.0,0,0,0.0,4137.6,2,0,0.0,21210.89,5,1,0.2,0
LGS2ORD0048101,C011998,2026-01-16 22:00:00,Female,53,Silver,TV,Bangkok,1345,TV_Show,COD,22,1,4,0,>50,44.833333333333336,10.0,4.0,0.4,88,91,2166.576,0.3,0.7,0.4,0.0,0.0,0,0,0.0,0.0,0,0,0.0,0.0,0,0,0.0,21665.760000000002,10,4,0.4,0
LGS2ORD0048102,C016409,2026-01-16 22:00:00,Male,26,Bronze,Web,Nakhon Ratchasima,793,Web,COD,22,1,4,0,20-30,26.433333333333334,8.0,0.0,0.0,-1,61,5650.39875,0.23,0.625,0.125,0.0,0.0,0,0,0.0,0.0,0,0,0.0,1718.35,2,0,0.0,45203.19,8,0,0.0,0
LGS2ORD0048103,C010326,2026-01-16 22:00:00,Female,41,Silver,TV,Nakhon Ratchasima,1325,TV_Show,Credit_Card,22,1,4,0,40-50,44.166666666666664,4.0,2.0,0.5,-3,5,3618.17,0.3,0.75,0.5,0.0,3592.0,1,1,1.0,3592.0,1,1,1.0,13658.539999999999,3,1,0.3333333333333333,14472.68,4,2,0.5,0
LGS2ORD0048104,C017597,2026-01-16 23:00:00,Male,39,Bronze,TV,Remote_Area,1373,Lazada,COD,23,1,4,0,30-40,45.766666666666666,10.0,2.0,0.2,208,8,7818.708000000001,0.28,0.6,0.4,0.0,0.0,0,0,0.0,4482.07,1,0,0.0,4482.07,1,0,0.0,78187.08000000002,10,2,0.2,1
LGS2ORD0048105,C016518,2026-01-16 23:00:00,Female,30,Bronze,TV,Phuket,1351,Shopee,Bank_Transfer,23,1,4,0,20-30,45.03333333333333,11.0,4.0,0.36363636363636365,15,23,6217.321818181819,0.23,0.36363636363636365,0.09090909090909091,0.0,0.0,0,0,0.0,11161.18,1,1,1.0,11161.18,1,1,1.0,68390.54000000001,11,4,0.36363636363636365,1
LGS2ORD0048106,C011457,2026-01-16 23:00:00,Female,47,Silver,TV,Khon Kaen,492,Web,Credit_Card,23,1,4,0,40-50,16.4,11.0,0.0,0.0,-1,6,5292.218181818182,0.3,0.8181818181818182,0.18181818181818182,0.0,4476.34,1,0,0.0,12218.12,3,0,0.0,16588.02,5,0,0.0,58214.399999999994,11,0,0.0,0
LGS2ORD0048107,C015666,2026-01-16 23:00:00,Female,37,Gold,Shopee,Bangkok,867,Shopee,COD,23,1,4,0,30-40,28.9,4.0,2.0,0.5,8,11,2900.3675000000003,0.28,0.5,0.5,0.0,0.0,0,0,0.0,1114.94,1,1,1.0,1114.94,1,1,1.0,11601.470000000001,4,2,0.5,0
LGS2ORD0048108,C016989,2026-01-16 23:00:00,Female,55,Platinum,Shopee,Chonburi,863,CallCenter,Bank_Transfer,23,1,4,0,>50,28.766666666666666,4.0,0.0,0.0,-1,22,3286.4775000000004,0.25,0.0,0.25,0.0,0.0,0,0,0.0,2246.69,1,0,0.0,10159.710000000001,2,0,0.0,10159.710000000001,2,0,0.0,0
LGS2ORD0048109,C011491,2026-01-17 00:00:00,Female,58,Bronze,TV,Phuket,1432,Shopee,PromptPay,0,1,5,1,>50,47.733333333333334,5.0,2.0,0.4,149,26,5078.396,0.18,0.2,0.0,0.0,0.0,0,0,0.0,14936.36,1,0,0.0,14936.36,1,0,0.0,25391.98,5,2,0.4,0
LGS2ORD0048110,C012060,2026-01-17 00:00:00,Female,39,Gold,TV,Bangkok,765,TV_Show,Bank_Transfer,0,1,5,1,30-40,25.5,5.0,1.0,0.2,290,111,3215.5899999999997,0.33,0.4,0.4,0.0,0.0,0,0,0.0,0.0,0,0,0.0,0.0,0,0,0.0,16077.949999999999,5,1,0.2,0
LGS2ORD0048111,C013761,2026-01-17 00:00:00,Female,44,Gold,CallCenter,Chiang Mai,421,Lazada,Credit_Card,0,1,5,1,40-50,14.033333333333333,7.0,0.0,0.0,-1,189,4660.182857142857,0.28,0.5714285714285714,0.2857142857142857,0.0,0.0,0,0,0.0,0.0,0,0,0.0,0.0,0,0,0.0,32621.28,7,0,0.0,0
LGS2ORD0048112,C015764,2026-01-17 00:00:00,Other,35,Bronze,TV,Phuket,773,Lazada,PromptPay,0,1,5,1,30-40,25.766666666666666,5.0,3.0,0.6,8,13,3448.608,0.28,0.8,0.2,0.0,0.0,0,0,0.0,7637.83,1,1,1.0,8042.42,2,2,1.0,17243.04,5,3,0.6,0
LGS2ORD0048113,C014715,2026-01-17 00:00:00,Male,22,Bronze,Shopee,Songkhla,792,Web,COD,0,1,5,1,20-30,26.4,7.0,3.0,0.42857142857142855,169,8,5295.034285714285,0.23,0.42857142857142855,0.14285714285714285,0.0,0.0,0,0,0.0,1452.24,1,0,0.0,1452.24,1,0,0.0,37065.24,7,3,0.42857142857142855,0
LGS2ORD0048114,C014335,2026-01-17 01:00:00,Male,43,Bronze,Shopee,Remote_Area,1604,CallCenter,PromptPay,1,1,5,1,40-50,53.46666666666667,8.0,2.0,0.25,147,149,5024.036249999999,0.23,0.875,0.125,0.0,0.0,0,0,0.0,0.0,0,0,0.0,0.0,0,0,0.0,40192.28999999999,8,2,0.25,0
LGS2ORD0048115,C014439,2026-01-17 01:00:00,Male,29,Platinum,TV,Khon Kaen,1764,CallCenter,Credit_Card,1,1,5,1,20-30,58.8,4.0,1.0,0.25,183,150,3940.34,0.35,0.75,1.0,0.0,0.0,0,0,0.0,0.0,0,0,0.0,0.0,0,0,0.0,15761.36,4,1,0.25,0
LGS2ORD0048116,C017879,2026-01-17 01:00:00,Female,39,Bronze,Shopee,Chiang Mai,629,Shopee,PromptPay,1,1,5,1,30-40,20.966666666666665,8.0,0.0,0.0,-1,45,6072.6375,0.28,0.625,0.5,0.0,0.0,0,0,0.0,0.0,0,0,0.0,23003.22,3,0,0.0,48581.1,8,0,0.0,1
LGS2ORD0048117,C012846,2026-01-17 01:00:00,Male,37,Silver,TV,Chonburi,1042,Shopee,COD,1,1,5,1,30-40,34.733333333333334,8.0,0.0,0.0,-1,5,2970.31,0.15,0.5,0.0,0.0,1307.56,1,0,0.0,1307.56,1,0,0.0,5805.17,3,0,0.0,23762.48,8,0,0.0,1
LGS2ORD0048118,C015149,2026-01-17 01:00:00,Female,46,Silver,TV,Phuket,1359,Lazada,COD,1,1,5,1,40-50,45.3,3.0,0.0,0.0,-1,80,6896.816666666666,0.3,0.3333333333333333,0.3333333333333333,0.0,0.0,0,0,0.0,0.0,0,0,0.0,4618.92,1,0,0.0,20690.449999999997,3,0,0.0,1
LGS2ORD0048119,C011770,2026-01-17 01:00:00,Female,37,Bronze,Shopee,Bangkok,999,CallCenter,PromptPay,1,1,5,1,30-40,33.3,4.0,2.0,0.5,63,68,3211.7775,0.18,1.0,0.0,0.0,0.0,0,0,0.0,0.0,0,0,0.0,2540.92,1,1,1.0,12847.11,4,2,0.5,1
LGS2ORD0048120,C010100,2026-01-17 02:00:00,Female,30,Silver,Shopee,Songkhla,481,Web,COD,2,1,5,1,20-30,16.033333333333335,8.0,6.0,0.75,32,36,6550.7612500000005,0.3,0.25,0.5,0.0,0.0,0,0,0.0,0.0,0,0,0.0,18165.43,2,1,0.5,52406.090000000004,8,6,0.75,0
LGS2ORD0048121,C012066,2026-01-17 02:00:00,Male,35,Silver,Lazada,Bangkok,1625,Shopee,Bank_Transfer,2,1,5,1,30-40,54.166666666666664,6.0,0.0,0.0,-1,97,8657.365,0.25,0.3333333333333333,0.16666666666666666,0.0,0.0,0,0,0.0,0.0,0,0,0.0,0.0,0,0,0.0,51944.19,6,0,0.0,0
LGS2ORD0048122,C011007,2026-01-17 02:00:00,Male,28,Gold,TV,Bangkok,1187,Shopee,Credit_Card,2,1,5,1,20-30,39.56666666666667,8.0,3.0,0.375,197,145,6679.9662499999995,0.33,0.625,0.375,0.0,0.0,0,0,0.0,0.0,0,0,0.0,0.0,0,0,0.0,53439.729999999996,8,3,0.375,0
LGS2ORD0048123,C016582,2026-01-17 02:00:00,Female,52,Gold,Web,Bangkok,768,Lazada,COD,2,1,5,1,>50,25.6,11.0,4.0,0.36363636363636365,95,3,5338.809090909091,0.33,0.6363636363636364,0.36363636363636365,0.0,14151.79,1,0,0.0,14151.79,1,0,0.0,14151.79,1,0,0.0,57131.03,9,3,0.3333333333333333,0
LGS2ORD0048124,C011064,2026-01-17 02:00:00,Female,61,Bronze,Web,Songkhla,479,TV_Show,Credit_Card,2,1,5,1,>50,15.966666666666667,7.0,1.0,0.14285714285714285,43,47,5969.542857142857,0.28,0.42857142857142855,0.2857142857142857,0.0,0.0,0,0,0.0,0.0,0,0,0.0,6222.7300000000005,2,1,0.5,41786.8,7,1,0.14285714285714285,1
LGS2ORD0048125,C013176,2026-01-17 03:00:00,Male,56,Bronze,Shopee,Songkhla,1031,Lazada,Bank_Transfer,3,1,5,1,>50,34.36666666666667,4.0,1.0,0.25,302,243,1451.0175,0.18,0.75,0.0,0.0,0.0,0,0,0.0,0.0,0,0,0.0,0.0,0,0,0.0,5804.07,4,1,0.25,0
LGS2ORD0048126,C014852,2026-01-17 03:00:00,Male,31,Bronze,TV,Bangkok,1092,TV_Show,Credit_Card,3,1,5,1,30-40,36.4,6.0,0.0,0.0,-1,11,4864.515,0.28,0.5,0.16666666666666666,0.0,0.0,0,0,0.0,3359.2,2,0,0.0,3359.2,2,0,0.0,29187.09,6,0,0.0,1
LGS2ORD0048127,C010386,2026-01-17 03:00:00,Female,32,Silver,Web,Bangkok,1327,Shopee,Credit_Card,3,1,5,1,30-40,44.233333333333334,8.0,0.0,0.0,-1,71,4315.0962500000005,0.25,0.375,0.25,0.0,0.0,0,0,0.0,0.0,0,0,0.0,3457.72,2,0,0.0,34520.770000000004,8,0,0.0,0
LGS2ORD0048128,C011262,2026-01-17 03:00:00,Male,58,Platinum,Lazada,Khon Kaen,1727,Shopee,Credit_Card,3,1,5,1,>50,57.56666666666667,5.0,1.0,0.2,79,0,6314.586,0.3,0.2,0.8,0.0,726.36,1,0,0.0,726.36,1,0,0.0,17513.57,2,1,0.5,31572.93,5,1,0.2,0
LGS2ORD0048129,C016003,2026-01-17 03:00:00,Female,33,Bronze,TV,Bangkok,1157,Web,Credit_Card,3,1,5,1,30-40,38.56666666666667,6.0,2.0,0.3333333333333333,268,29,8047.981666666667,0.18,0.3333333333333333,0.0,0.0,0.0,0,0,0.0,22633.22,1,0,0.0,22633.22,1,0,0.0,35345.240000000005,4,1,0.25,0
LGS2ORD0048130,C016801,2026-01-17 04:00:00,Female,30,Gold,Web,Nakhon Ratchasima,839,Web,COD,4,1,5,1,20-30,27.966666666666665,8.0,4.0,0.5,47,50,4163.02,0.18,0.5,0.0,0.0,0.0,0,0,0.0,0.0,0,0,0.0,9779.62,1,1,1.0,31563.420000000006,7,4,0.5714285714285714,0
LGS2ORD0048131,C013394,2026-01-17 04:00:00,Female,41,Bronze,TV,Bangkok,1124,TV_Show,PromptPay,4,1,5,1,40-50,37.46666666666667,4.0,0.0,0.0,-1,231,6999.0425000000005,0.13,0.25,0.0,0.0,0.0,0,0,0.0,0.0,0,0,0.0,0.0,0,0,0.0,27996.170000000002,4,0,0.0,1
LGS2ORD0048132,C011956,2026-01-17 04:00:00,Female,31,Bronze,Lazada,Phuket,497,CallCenter,PromptPay,4,1,5,1,30-40,16.566666666666666,4.0,2.0,0.5,217,50,2898.8824999999997,0.28,0.75,0.75,0.0,0.0,0,0,0.0,0.0,0,0,0.0,697.48,1,0,0.0,11595.529999999999,4,2,0.5,0
LGS2ORD0048133,C013104,2026-01-17 04:00:00,Male,29,Bronze,Lazada,Chiang Mai,1787,Lazada,Credit_Card,4,1,5,1,20-30,59.56666666666667,6.0,0.0,0.0,-1,66,3795.021666666667,0.23,0.5,0.16666666666666666,0.0,0.0,0,0,0.0,0.0,0,0,0.0,15409.49,3,0,0.0,22770.13,6,0,0.0,0
LGS2ORD0048134,C011368,2026-01-17 04:00:00,Female,35,Platinum,TV,Chiang Mai,1467,Shopee,COD,4,1,5,1,30-40,48.9,7.0,0.0,0.0,-1,10,5819.155714285714,0.3,0.5714285714285714,0.42857142857142855,0.14285714285714285,0.0,0,0,0.0,15912.54,1,0,0.0,19246.93,2,0,0.0,40734.09,7,0,0.0,1
LGS2ORD0048135,C010771,2026-01-17 05:00:00,Other,50,Bronze,Shopee,Chonburi,1722,CallCenter,COD,5,1,5,1,40-50,57.4,11.0,4.0,0.36363636363636365,42,44,4393.389999999999,0.28,0.6363636363636364,0.36363636363636365,0.0,0.0,0,0,0.0,0.0,0,0,0.0,2324.82,2,1,0.5,48327.28999999999,11,4,0.36363636363636365,1
LGS2ORD0048136,C014216,2026-01-17 05:00:00,Male,59,Bronze,TV,Chiang Mai,643,TV_Show,Credit_Card,5,1,5,1,>50,21.433333333333334,8.0,2.0,0.25,102,44,11196.28,0.23,0.625,0.25,0.0,0.0,0,0,0.0,0.0,0,0,0.0,45801.8,2,0,0.0,84679.19,7,1,0.14285714285714285,0
LGS2ORD0048137,C010598,2026-01-17 05:00:00,Male,24,Gold,Web,Bangkok,1353,Lazada,COD,5,1,5,1,20-30,45.1,4.0,0.0,0.0,-1,106,7583.2699999999995,0.28,0.5,0.75,0.0,0.0,0,0,0.0,0.0,0,0,0.0,0.0,0,0,0.0,30333.079999999998,4,0,0.0,0
LGS2ORD0048138,C015119,2026-01-17 05:00:00,Female,38,Bronze,Shopee,Remote_Area,1565,Shopee,COD,5,1,5,1,30-40,52.166666666666664,8.0,5.0,0.625,13,2,3125.7525,0.28,1.0,0.375,0.0,1326.66,1,0,0.0,3815.5600000000004,2,1,0.5,14627.71,4,2,0.5,25006.02,8,5,0.625,0
LGS2ORD0048139,C016500,2026-01-17 05:00:00,Male,55,Bronze,TV,Chonburi,1225,TV_Show,Credit_Card,5,1,5,1,>50,40.833333333333336,5.0,1.0,0.2,275,18,1896.0700000000002,0.28,0.4,0.6,0.0,0.0,0,0,0.0,4198.69,1,0,0.0,4198.69,1,0,0.0,9480.35,5,1,0.2,1
LGS2ORD0048140,C016825,2026-01-17 05:00:00,Female,49,Bronze,Shopee,Nakhon Ratchasima,848,Shopee,Credit_Card,5,1,5,1,40-50,28.266666666666666,6.0,3.0,0.5,179,153,6763.763333333333,0.23,0.6666666666666666,0.3333333333333333,0.0,0.0,0,0,0.0,0.0,0,0,0.0,0.0,0,0,0.0,40242.4,5,3,0.6,0
LGS2ORD0048141,C017822,2026-01-17 06:00:00,Female,40,Bronze,Web,Phuket,1693,Lazada,PromptPay,6,1,5,1,30-40,56.43333333333333,7.0,2.0,0.2857142857142857,104,49,4065.377142857143,0.28,0.42857142857142855,0.2857142857142857,0.0,0.0,0,0,0.0,0.0,0,0,0.0,1334.31,1,0,0.0,28457.640000000003,7,2,0.2857142857142857,0
LGS2ORD0048142,C016973,2026-01-17 06:00:00,Female,33,Bronze,TV,Chiang Mai,818,Shopee,PromptPay,6,1,5,1,30-40,27.266666666666666,6.0,1.0,0.16666666666666666,221,99,3819.891666666667,0.28,0.5,0.16666666666666666,0.0,0.0,0,0,0.0,0.0,0,0,0.0,0.0,0,0,0.0,22919.350000000002,6,1,0.16666666666666666,0
LGS2ORD0048143,C010127,2026-01-17 06:00:00,Female,57,Bronze,Web,Songkhla,483,TV_Show,Credit_Card,6,1,5,1,>50,16.1,10.0,4.0,0.4,-8,0,3007.7839999999997,0.28,0.7,0.5,0.0,1601.8600000000001,2,2,1.0,8506.61,3,2,0.6666666666666666,19080.66,5,2,0.4,30077.839999999997,10,4,0.4,0
LGS2ORD0048144,C016281,2026-01-17 06:00:00,Female,45,Platinum,Web,Chonburi,1498,TV_Show,Credit_Card,6,1,5,1,40-50,49.93333333333333,3.0,2.0,0.6666666666666666,4,19,2912.8433333333337,0.35,1.0,0.6666666666666666,0.0,0.0,0,0,0.0,1009.21,1,1,1.0,1009.21,1,1,1.0,2668.1800000000003,2,2,1.0,1
LGS2ORD0048145,C012206,2026-01-17 06:00:00,Male,22,Silver,Web,Nakhon Ratchasima,753,Shopee,COD,6,1,5,1,20-30,25.1,1.0,0.0,0.0,-1,310,6409.28,0.25,1.0,1.0,0.0,0.0,0,0,0.0,0.0,0,0,0.0,0.0,0,0,0.0,6409.28,1,0,0.0,0
LGS2ORD0048146,C015184,2026-01-17 07:00:00,Female,47,Bronze,TV,Songkhla,1671,TV_Show,COD,7,1,5,1,40-50,55.7,10.0,6.0,0.6,26,18,4347.533,0.23,0.5,0.5,0.0,0.0,0,0,0.0,1144.8,1,0,0.0,6119.54,4,3,0.75,43475.33,10,6,0.6,0
LGS2ORD0048147,C017992,2026-01-17 07:00:00,Male,67,Bronze,Web,Songkhla,1573,CallCenter,COD,7,1,5,1,>50,52.43333333333333,16.0,6.0,0.375,124,40,4756.6125,0.23,0.4375,0.1875,0.0,0.0,0,0,0.0,0.0,0,0,0.0,9965.52,3,0,0.0,76105.8,16,6,0.375,0
LGS2ORD0048148,C015169,2026-01-17 07:00:00,Female,44,Bronze,TV,Bangkok,1477,Shopee,Bank_Transfer,7,1,5,1,40-50,49.233333333333334,9.0,2.0,0.2222222222222222,190,3,6294.919999999999,0.23,0.5555555555555556,0.3333333333333333,0.0,408.24,1,0,0.0,12158.619999999999,2,0,0.0,26127.52,4,0,0.0,55514.719999999994,8,2,0.25,0
LGS2ORD0048149,C014534,2026-01-17 07:00:00,Male,58,Bronze,TV,Phuket,871,TV_Show,COD,7,1,5,1,>50,29.033333333333335,6.0,4.0,0.6666666666666666,5,11,5528.521666666667,0.18,0.8333333333333334,0.0,0.0,0.0,0,0,0.0,2757.76,1,1,1.0,22369.840000000004,2,2,1.0,30398.270000000004,5,3,0.6,1
LGS2ORD0048150,C012405,2026-01-17 07:00:00,Male,40,Gold,TV,Chonburi,916,TV_Show,Credit_Card,7,1,5,1,30-40,30.533333333333335,5.0,1.0,0.2,47,34,10590.735999999999,0.33,0.2,0.4,0.0,0.0,0,0,0.0,0.0,0,0,0.0,13960.359999999999,3,1,0.3333333333333333,52953.67999999999,5,1,0.2,1
LGS2ORD0048151,C012154,2026-01-17 08:00:00,Male,34,Platinum,Lazada,Songkhla,1293,Lazada,Credit_Card,8,1,5,1,30-40,43.1,2.0,0.0,0.0,-1,189,2225.3450000000003,0.35,1.0,0.5,0.0,0.0,0,0,0.0,0.0,0,0,0.0,0.0,0,0,0.0,4450.6900000000005,2,0,0.0,0
LGS2ORD0048152,C011486,2026-01-17 08:00:00,Male,42,Gold,Web,Songkhla,516,Web,COD,8,1,5,1,40-50,17.2,5.0,1.0,0.2,170,31,7895.272,0.28,0.6,0.4,0.0,0.0,0,0,0.0,0.0,0,0,0.0,6114.86,2,0,0.0,39476.36,5,1,0.2,0
LGS2ORD0048153,C014573,2026-01-17 08:00:00,Female,40,Bronze,TV,Khon Kaen,1520,Shopee,COD,8,1,5,1,30-40,50.666666666666664,4.0,0.0,0.0,-1,23,3132.6875,0.28,0.75,0.25,0.0,0.0,0,0,0.0,2799.61,1,0,0.0,4136.24,2,0,0.0,12530.75,4,0,0.0,0
LGS2ORD0048154,C017511,2026-01-17 08:00:00,Female,28,Gold,CallCenter,Bangkok,742,CallCenter,Credit_Card,8,1,5,1,20-30,24.733333333333334,5.0,0.0,0.0,-1,93,7747.624000000001,0.33,0.8,0.8,0.0,0.0,0,0,0.0,0.0,0,0,0.0,0.0,0,0,0.0,38738.12,5,0,0.0,0
LGS2ORD0048155,C015272,2026-01-17 08:00:00,Female,39,Bronze,TV,Khon Kaen,1019,CallCenter,COD,8,1,5,1,30-40,33.96666666666667,7.0,0.0,0.0,-1,43,3254.447142857143,0.23,0.2857142857142857,0.14285714285714285,0.0,0.0,0,0,0.0,0.0,0,0,0.0,4624.48,1,0,0.0,21663.2,6,0,0.0,0
LGS2ORD0048156,C010082,2026-01-17 09:00:00,Female,42,Gold,Shopee,Remote_Area,1485,Web,PromptPay,9,1,5,1,40-50,49.5,10.0,4.0,0.4,63,69,7495.058,0.33,0.7,0.6,0.0,0.0,0,0,0.0,0.0,0,0,0.0,5061.06,2,2,1.0,37986.06,8,4,0.5,1
LGS2ORD0048157,C016511,2026-01-17 09:00:00,Female,56,Bronze,CallCenter,Chiang Mai,531,TV_Show,Credit_Card,9,1,5,1,>50,17.7,7.0,1.0,0.14285714285714285,247,123,4909.461428571428,0.28,0.7142857142857143,0.2857142857142857,0.0,0.0,0,0,0.0,0.0,0,0,0.0,0.0,0,0,0.0,34366.229999999996,7,1,0.14285714285714285,0
LGS2ORD0048158,C010437,2026-01-17 09:00:00,Female,29,Silver,Web,Bangkok,1017,Shopee,PromptPay,9,1,5,1,20-30,33.9,4.0,2.0,0.5,-3,3,7446.1775,0.3,0.5,0.5,0.0,8891.58,1,1,1.0,8891.58,1,1,1.0,10363.8,2,1,0.5,29784.71,4,2,0.5,0
LGS2ORD0048159,C017003,2026-01-17 09:00:00,Female,39,Silver,TV,Remote_Area,767,TV_Show,COD,9,1,5,1,30-40,25.566666666666666,9.0,4.0,0.4444444444444444,93,1,4324.6322222222225,0.3,0.4444444444444444,0.2222222222222222,0.0,1027.86,1,0,0.0,1027.86,1,0,0.0,2130.7799999999997,2,0,0.0,32624.1,8,3,0.375,0
LGS2ORD0048160,C014618,2026-01-17 09:00:00,Male,43,Platinum,TV,Chonburi,1373,Shopee,Credit_Card,9,1,5,1,40-50,45.766666666666666,6.0,0.0,0.0,-1,61,6280.77,0.25,0.6666666666666666,0.16666666666666666,0.0,0.0,0,0,0.0,0.0,0,0,0.0,9845.69,1,0,0.0,37684.62,6,0,0.0,0
LGS2ORD0048161,C013648,2026-01-17 09:00:00,Female,61,Bronze,TV,Bangkok,796,Web,COD,9,1,5,1,>50,26.533333333333335,7.0,1.0,0.14285714285714285,204,81,9814.922857142858,0.28,0.5714285714285714,0.2857142857142857,0.0,0.0,0,0,0.0,0.0,0,0,0.0,185.55,1,0,0.0,50315.47,6,1,0.16666666666666666,0
LGS2ORD0048162,C014482,2026-01-17 10:00:00,Female,55,Bronze,Web,Songkhla,625,Shopee,COD,10,1,5,1,>50,20.833333333333332,13.0,4.0,0.3076923076923077,149,8,3278.4853846153846,0.28,0.6923076923076923,0.46153846153846156,0.0,0.0,0,0,0.0,11837.35,1,0,0.0,19680.940000000002,4,0,0.0,40681.51,12,4,0.3333333333333333,1
LGS2ORD0048163,C015520,2026-01-17 10:00:00,Female,52,Bronze,TV,Bangkok,860,Lazada,Credit_Card,10,1,5,1,>50,28.666666666666668,4.0,1.0,0.25,114,3,12776.215,0.13,0.75,0.0,0.0,2701.28,1,0,0.0,2701.28,1,0,0.0,2701.28,1,0,0.0,51104.86,4,1,0.25,0
LGS2ORD0048164,C011665,2026-01-17 10:00:00,Female,23,Bronze,TV,Chiang Mai,1166,Shopee,COD,10,1,5,1,20-30,38.86666666666667,4.0,0.0,0.0,-1,11,3233.5225,0.23,0.25,0.25,0.0,0.0,0,0,0.0,4674.17,1,0,0.0,4674.17,1,0,0.0,12934.09,4,0,0.0,0
LGS2ORD0048165,C011297,2026-01-17 10:00:00,Female,62,Gold,Shopee,Chiang Mai,608,Web,COD,10,1,5,1,>50,20.266666666666666,8.0,3.0,0.375,-5,13,3918.575,0.33,0.5,0.25,0.0,0.0,0,0,0.0,3790.21,1,1,1.0,3790.21,1,1,1.0,31348.6,8,3,0.375,1
LGS2ORD0048166,C015447,2026-01-17 10:00:00,Female,53,Bronze,Web,Nakhon Ratchasima,1824,Shopee,COD,10,1,5,1,>50,60.8,8.0,2.0,0.25,48,12,7964.47375,0.23,0.625,0.25,0.0,0.0,0,0,0.0,7873.39,1,0,0.0,15148.080000000002,3,1,0.3333333333333333,61276.44,7,2,0.2857142857142857,0
LGS2ORD0048167,C012673,2026-01-17 11:00:00,Female,29,Platinum,TV,Bangkok,1423,Lazada,COD,11,1,5,1,20-30,47.43333333333333,6.0,0.0,0.0,-1,71,6835.9766666666665,0.35,0.6666666666666666,0.6666666666666666,0.0,0.0,0,0,0.0,0.0,0,0,0.0,2215.39,1,0,0.0,41015.86,6,0,0.0,0
LGS2ORD0048168,C015524,2026-01-17 11:00:00,Other,43,Silver,Lazada,Remote_Area,1542,Web,COD,11,1,5,1,40-50,51.4,5.0,2.0,0.4,58,65,3552.87,0.25,0.4,0.4,0.0,0.0,0,0,0.0,0.0,0,0,0.0,4613.43,1,1,1.0,17202.519999999997,4,1,0.25,0
LGS2ORD0048169,C016241,2026-01-17 11:00:00,Female,38,Bronze,Web,Chiang Mai,619,CallCenter,Credit_Card,11,1,5,1,30-40,20.633333333333333,6.0,1.0,0.16666666666666666,104,118,3008.1716666666666,0.28,0.5,0.16666666666666666,0.0,0.0,0,0,0.0,0.0,0,0,0.0,0.0,0,0,0.0,18049.03,6,1,0.16666666666666666,0
LGS2ORD0048170,C010679,2026-01-17 11:00:00,Male,42,Silver,TV,Phuket,991,Lazada,COD,11,1,5,1,40-50,33.03333333333333,6.0,1.0,0.16666666666666666,351,41,4024.6733333333336,0.3,0.16666666666666666,0.16666666666666666,0.0,0.0,0,0,0.0,0.0,0,0,0.0,9862.0,2,0,0.0,24148.04,6,1,0.16666666666666666,0
LGS2ORD0048171,C010242,2026-01-17 11:00:00,Female,72,Bronze,TV,Chonburi,687,Lazada,COD,11,1,5,1,>50,22.9,9.0,2.0,0.2222222222222222,68,79,2811.6355555555556,0.28,0.6666666666666666,0.2222222222222222,0.0,0.0,0,0,0.0,0.0,0,0,0.0,4041.33,2,1,0.5,25304.72,9,2,0.2222222222222222,0
LGS2ORD0048172,C012604,2026-01-17 12:00:00,Female,55,Bronze,TV,Remote_Area,1006,TV_Show,COD,12,1,5,1,>50,33.53333333333333,11.0,3.0,0.2727272727272727,-11,2,9645.903636363637,0.28,0.45454545454545453,0.36363636363636365,0.09090909090909091,9843.68,2,1,0.5,52218.96,3,1,0.3333333333333333,74981.73999999999,5,2,0.4,106104.94,11,3,0.2727272727272727,1
LGS2ORD0048173,C015278,2026-01-17 12:00:00,Male,28,Gold,TV,Bangkok,1112,Shopee,Credit_Card,12,1,5,1,20-30,37.06666666666667,7.0,0.0,0.0,-1,118,3176.2228571428573,0.33,0.7142857142857143,0.5714285714285714,0.0,0.0,0,0,0.0,0.0,0,0,0.0,0.0,0,0,0.0,22233.56,7,0,0.0,0
LGS2ORD0048174,C016610,2026-01-17 12:00:00,Female,43,Silver,Shopee,Bangkok,732,Shopee,COD,12,1,5,1,40-50,24.4,6.0,3.0,0.5,140,27,3180.605000000001,0.25,0.5,0.16666666666666666,0.0,0.0,0,0,0.0,332.83,1,0,0.0,332.83,1,0,0.0,19083.630000000005,6,3,0.5,1
LGS2ORD0048175,C013108,2026-01-17 12:00:00,Female,42,Bronze,Lazada,Khon Kaen,476,Shopee,Bank_Transfer,12,1,5,1,40-50,15.866666666666667,9.0,2.0,0.2222222222222222,157,107,4821.111111111111,0.28,0.5555555555555556,0.3333333333333333,0.0,0.0,0,0,0.0,0.0,0,0,0.0,0.0,0,0,0.0,43390.0,9,2,0.2222222222222222,1
LGS2ORD0048176,C011847,2026-01-17 12:00:00,Female,50,Bronze,Web,Nakhon Ratchasima,902,TV_Show,COD,12,1,5,1,40-50,30.066666666666666,7.0,1.0,0.14285714285714285,324,65,4936.865714285714,0.23,0.2857142857142857,0.14285714285714285,0.0,0.0,0,0,0.0,0.0,0,0,0.0,3063.17,1,0,0.0,34558.06,7,1,0.14285714285714285,0
LGS2ORD0048177,C017084,2026-01-17 13:00:00,Female,49,Bronze,Web,Songkhla,397,Web,Credit_Card,13,1,5,1,40-50,13.233333333333333,6.0,3.0,0.5,16,29,4741.606666666667,0.28,0.3333333333333333,0.3333333333333333,0.0,0.0,0,0,0.0,3831.8,1,1,1.0,3831.8,1,1,1.0,28449.64,6,3,0.5,0
LGS2ORD0048178,C014531,2026-01-17 13:00:00,Male,47,Silver,TV,Nakhon Ratchasima,984,CallCenter,COD,13,1,5,1,40-50,32.8,2.0,0.0,0.0,-1,101,7142.205,0.1,0.0,0.0,0.0,0.0,0,0,0.0,0.0,0,0,0.0,0.0,0,0,0.0,5083.5,1,0,0.0,0
LGS2ORD0048179,C016596,2026-01-17 13:00:00,Female,39,Bronze,Web,Chonburi,884,Shopee,COD,13,1,5,1,30-40,29.466666666666665,9.0,1.0,0.1111111111111111,73,1,7052.413333333333,0.23,0.6666666666666666,0.2222222222222222,0.0,30048.96,1,0,0.0,30724.21,2,0,0.0,34484.18,4,1,0.25,63471.719999999994,9,1,0.1111111111111111,0
LGS2ORD0048180,C015262,2026-01-17 13:00:00,Female,27,Bronze,Lazada,Nakhon Ratchasima,611,TV_Show,COD,13,1,5,1,20-30,20.366666666666667,5.0,0.0,0.0,-1,89,3428.4700000000003,0.13,0.2,0.0,0.0,0.0,0,0,0.0,0.0,0,0,0.0,2924.48,1,0,0.0,17142.350000000002,5,0,0.0,0
LGS2ORD0048181,C015346,2026-01-17 13:00:00,Female,36,Bronze,Web,Bangkok,1372,Shopee,COD,13,1,5,1,30-40,45.733333333333334,6.0,2.0,0.3333333333333333,20,25,4784.941666666667,0.28,0.8333333333333334,0.3333333333333333,0.0,0.0,0,0,0.0,4328.29,1,1,1.0,4328.29,1,1,1.0,26196.05,4,2,0.5,0
LGS2ORD0048182,C013015,2026-01-17 13:00:00,Female,56,Platinum,TV,Chonburi,1478,Shopee,COD,13,1,5,1,>50,49.266666666666666,8.0,1.0,0.125,3,8,3759.045,0.3,0.625,0.25,0.0,0.0,0,0,0.0,933.38,1,1,1.0,1992.4699999999998,2,1,0.5,30072.36,8,1,0.125,0
LGS2ORD0048183,C014132,2026-01-17 14:00:00,Other,46,Silver,Web,Songkhla,1414,TV_Show,COD,14,1,5,1,40-50,47.13333333333333,5.0,1.0,0.2,29,35,6290.448000000001,0.2,0.4,0.0,0.0,0.0,0,0,0.0,0.0,0,0,0.0,9956.230000000001,2,1,0.5,31452.240000000005,5,1,0.2,0
LGS2ORD0048184,C017693,2026-01-17 14:00:00,Female,44,Bronze,CallCenter,Phuket,674,TV_Show,COD,14,1,5,1,40-50,22.466666666666665,6.0,1.0,0.16666666666666666,294,29,3157.795,0.23,0.6666666666666666,0.16666666666666666,0.0,0.0,0,0,0.0,1940.4,1,0,0.0,9236.52,2,0,0.0,18946.77,6,1,0.16666666666666666,0
LGS2ORD0048185,C010114,2026-01-17 14:00:00,Female,24,Silver,TV,Songkhla,847,TV_Show,COD,14,1,5,1,20-30,28.233333333333334,1.0,1.0,1.0,101,114,15722.82,0.25,1.0,1.0,0.0,0.0,0,0,0.0,0.0,0,0,0.0,0.0,0,0,0.0,15722.82,1,1,1.0,1
LGS2ORD0048186,C010271,2026-01-17 14:00:00,Male,27,Gold,CallCenter,Chonburi,1240,Shopee,PromptPay,14,1,5,1,20-30,41.333333333333336,6.0,0.0,0.0,-1,43,2177.14,0.18,0.3333333333333333,0.0,0.0,0.0,0,0,0.0,0.0,0,0,0.0,4936.610000000001,2,0,0.0,13062.84,6,0,0.0,0
LGS2ORD0048187,C017660,2026-01-17 14:00:00,Male,42,Gold,Lazada,Nakhon Ratchasima,482,Lazada,COD,14,1,5,1,40-50,16.066666666666666,8.0,2.0,0.25,21,28,7293.78875,0.28,0.25,0.25,0.0,0.0,0,0,0.0,22156.89,1,0,0.0,39974.880000000005,5,2,0.4,58350.31,8,2,0.25,0
LGS2ORD0048188,C015500,2026-01-17 15:00:00,Female,48,Bronze,Shopee,Bangkok,777,Shopee,PromptPay,15,1,5,1,40-50,25.9,3.0,0.0,0.0,-1,52,3244.6366666666668,0.23,0.3333333333333333,0.6666666666666666,0.0,0.0,0,0,0.0,0.0,0,0,0.0,3437.87,1,0,0.0,9733.91,3,0,0.0,1
LGS2ORD0048189,C016674,2026-01-17 15:00:00,Female,53,Bronze,Lazada,Phuket,1221,CallCenter,Bank_Transfer,15,1,5,1,>50,40.7,8.0,3.0,0.375,24,28,2303.40125,0.28,0.25,0.25,0.0,0.0,0,0,0.0,6778.93,2,1,0.5,7817.83,3,1,0.3333333333333333,18033.3,7,2,0.2857142857142857,1
LGS2ORD0048190,C015514,2026-01-17 15:00:00,Female,27,Bronze,Lazada,Bangkok,1081,Web,PromptPay,15,1,5,1,20-30,36.03333333333333,8.0,1.0,0.125,246,30,4729.695,0.28,0.125,0.25,0.0,0.0,0,0,0.0,0.0,0,0,0.0,1127.86,1,0,0.0,22635.82,7,1,0.14285714285714285,0
LGS2ORD0048191,C013585,2026-01-17 15:00:00,Male,35,Bronze,TV,Bangkok,743,TV_Show,Credit_Card,15,1,5,1,30-40,24.766666666666666,4.0,2.0,0.5,43,55,7598.652499999999,0.23,0.75,0.25,0.0,0.0,0,0,0.0,0.0,0,0,0.0,26379.06,3,2,0.6666666666666666,30394.609999999997,4,2,0.5,0
LGS2ORD0048192,C010047,2026-01-17 15:00:00,Male,51,Bronze,CallCenter,Chonburi,1732,Shopee,Credit_Card,15,1,5,1,>50,57.733333333333334,10.0,2.0,0.2,49,35,5042.537,0.28,0.3,0.1,0.0,0.0,0,0,0.0,0.0,0,0,0.0,18842.12,4,1,0.25,50425.37,10,2,0.2,1
LGS2ORD0048193,C017836,2026-01-17 16:00:00,Male,43,Gold,Lazada,Chiang Mai,999,TV_Show,Credit_Card,16,1,5,1,40-50,33.3,7.0,1.0,0.14285714285714285,279,9,6201.827142857144,0.2299999999999999,0.7142857142857143,0.14285714285714285,0.0,0.0,0,0,0.0,9709.2,1,0,0.0,9709.2,1,0,0.0,41338.57000000001,6,1,0.16666666666666666,0
LGS2ORD0048194,C014443,2026-01-17 16:00:00,Male,47,Silver,TV,Remote_Area,1738,Lazada,COD,16,1,5,1,40-50,57.93333333333333,13.0,4.0,0.3076923076923077,231,14,7302.487692307692,0.3,0.6153846153846154,0.5384615384615384,0.0,0.0,0,0,0.0,3926.88,1,0,0.0,13098.96,2,0,0.0,94932.34,13,4,0.3076923076923077,1
LGS2ORD0048195,C016358,2026-01-17 16:00:00,Male,48,Bronze,TV,Khon Kaen,517,Shopee,COD,16,1,5,1,40-50,17.233333333333334,12.0,7.0,0.5833333333333334,38,51,4748.661666666667,0.28,0.6666666666666666,0.16666666666666666,0.0,0.0,0,0,0.0,0.0,0,0,0.0,9982.54,1,1,1.0,56079.340000000004,11,6,0.5454545454545454,0
LGS2ORD0048196,C011334,2026-01-17 16:00:00,Female,52,Gold,Web,Songkhla,1508,CallCenter,Credit_Card,16,1,5,1,>50,50.266666666666666,3.0,3.0,1.0,-9,1,3393.273333333333,0.28,0.6666666666666666,0.6666666666666666,0.0,7787.66,1,1,1.0,7787.66,1,1,1.0,8698.64,2,2,1.0,10179.82,3,3,1.0,0
LGS2ORD0048197,C017194,2026-01-17 16:00:00,Male,43,Silver,TV,Bangkok,1255,Lazada,Bank_Transfer,16,1,5,1,40-50,41.833333333333336,8.0,0.0,0.0,-1,1,2058.44625,0.3,0.5,0.125,0.0,1141.27,1,0,0.0,1141.27,1,0,0.0,4061.67,3,0,0.0,16467.57,8,0,0.0,0
LGS2ORD0048198,C015972,2026-01-17 17:00:00,Male,46,Gold,CallCenter,Bangkok,1782,Shopee,COD,17,1,5,1,40-50,59.4,9.0,1.0,0.1111111111111111,-9,3,11486.61,0.28,0.5555555555555556,0.5555555555555556,0.0,19900.63,1,1,1.0,59971.240000000005,2,1,0.5,59971.240000000005,2,1,0.5,103379.49,9,1,0.1111111111111111,0
LGS2ORD0048199,C011523,2026-01-17 17:00:00,Female,31,Silver,TV,Bangkok,589,TV_Show,COD,17,1,5,1,30-40,19.633333333333333,6.0,2.0,0.3333333333333333,141,155,1224.76,0.25,0.5,0.3333333333333333,0.0,0.0,0,0,0.0,0.0,0,0,0.0,0.0,0,0,0.0,6910.370000000001,5,2,0.4,0
LGS2ORD0048200,C017155,2026-01-17 17:00:00,Male,54,Bronze,TV,Remote_Area,1579,TV_Show,COD,17,1,5,1,>50,52.63333333333333,4.0,2.0,0.5,241,187,12126.3475,0.28,0.5,0.75,0.0,0.0,0,0,0.0,0.0,0,0,0.0,0.0,0,0,0.0,19651.190000000002,3,2,0.6666666666666666,0
LGS2ORD0048201,C014817,2026-01-17 17:00:00,Female,47,Gold,Shopee,Nakhon Ratchasima,1656,Web,Credit_Card,17,1,5,1,40-50,55.2,3.0,1.0,0.3333333333333333,168,35,5692.59,0.33,0.3333333333333333,0.3333333333333333,0.0,0.0,0,0,0.0,0.0,0,0,0.0,6429.8,1,0,0.0,17077.77,3,1,0.3333333333333333,0
LGS2ORD0048202,C017915,2026-01-17 17:00:00,Female,31,Silver,Lazada,Nakhon Ratchasima,1153,TV_Show,COD,17,1,5,1,30-40,38.43333333333333,3.0,1.0,0.3333333333333333,128,79,8167.383333333334,0.2,0.3333333333333333,0.0,0.0,0.0,0,0,0.0,0.0,0,0,0.0,21360.61,1,0,0.0,24502.15,3,1,0.3333333333333333,0
LGS2ORD0048203,C013465,2026-01-17 17:00:00,Female,51,Bronze,TV,Chiang Mai,963,TV_Show,COD,17,1,5,1,>50,32.1,11.0,1.0,0.09090909090909091,71,5,4504.814545454545,0.23,0.5454545454545454,0.18181818181818182,0.0,13126.16,1,0,0.0,22505.010000000002,3,0,0.0,37870.01,6,1,0.16666666666666666,49552.95999999999,11,1,0.09090909090909091,0
LGS2ORD0048204,C017830,2026-01-17 18:00:00,Male,50,Bronze,CallCenter,Phuket,1658,TV_Show,COD,18,1,5,1,40-50,55.266666666666666,8.0,4.0,0.5,126,119,7186.45875,0.23,0.75,0.125,0.0,0.0,0,0,0.0,0.0,0,0,0.0,0.0,0,0,0.0,57491.67,8,4,0.5,1
LGS2ORD0048205,C014312,2026-01-17 18:00:00,Female,41,Silver,CallCenter,Bangkok,425,Lazada,PromptPay,18,1,5,1,40-50,14.166666666666666,11.0,1.0,0.09090909090909091,362,19,3272.5190909090907,0.3,0.36363636363636365,0.18181818181818182,0.0,0.0,0,0,0.0,3451.28,1,0,0.0,7402.1900000000005,2,0,0.0,34670.07,10,0,0.0,0
LGS2ORD0048206,C015028,2026-01-17 18:00:00,Female,53,Bronze,Web,Bangkok,475,CallCenter,Credit_Card,18,1,5,1,>50,15.833333333333334,7.0,2.0,0.2857142857142857,-2,1,4613.897142857143,0.23,0.42857142857142855,0.2857142857142857,0.0,8514.45,1,1,1.0,8514.45,1,1,1.0,15468.48,2,1,0.5,30697.56,6,2,0.3333333333333333,0
LGS2ORD0048207,C016499,2026-01-17 18:00:00,Female,27,Bronze,Shopee,Remote_Area,1280,TV_Show,COD,18,1,5,1,20-30,42.666666666666664,5.0,1.0,0.2,212,80,3090.022,0.23,0.4,0.4,0.0,0.0,0,0,0.0,0.0,0,0,0.0,3222.39,1,0,0.0,15450.109999999999,5,1,0.2,1
LGS2ORD0048208,C015187,2026-01-17 18:00:00,Male,41,Silver,Web,Nakhon Ratchasima,1324,Web,COD,18,1,5,1,40-50,44.13333333333333,4.0,0.0,0.0,-1,191,2240.0950000000003,0.2,0.25,0.0,0.0,0.0,0,0,0.0,0.0,0,0,0.0,0.0,0,0,0.0,5893.17,3,0,0.0,0
LGS2ORD0048209,C013797,2026-01-17 19:00:00,Female,45,Platinum,Shopee,Bangkok,1587,Web,COD,19,1,5,1,40-50,52.9,5.0,1.0,0.2,241,100,6050.348,0.15,0.2,0.0,0.0,0.0,0,0,0.0,0.0,0,0,0.0,0.0,0,0,0.0,19926.8,4,1,0.25,0
LGS2ORD0048210,C017950,2026-01-17 19:00:00,Male,63,Bronze,Shopee,Chiang Mai,668,Shopee,COD,19,1,5,1,>50,22.266666666666666,12.0,4.0,0.3333333333333333,57,40,3808.7925,0.28,0.4166666666666667,0.3333333333333333,0.0,0.0,0,0,0.0,0.0,0,0,0.0,19075.5,4,1,0.25,45705.51,12,4,0.3333333333333333,0
LGS2ORD0048211,C016841,2026-01-17 19:00:00,Male,42,Gold,TV,Remote_Area,1580,Web,PromptPay,19,1,5,1,40-50,52.666666666666664,7.0,2.0,0.2857142857142857,161,7,2053.744285714286,0.33,0.2857142857142857,0.5714285714285714,0.0,0.0,0,0,0.0,4019.18,1,0,0.0,4019.18,1,0,0.0,14376.210000000001,7,2,0.2857142857142857,0
LGS2ORD0048212,C015740,2026-01-17 19:00:00,Male,44,Bronze,Shopee,Phuket,1174,CallCenter,COD,19,1,5,1,40-50,39.13333333333333,3.0,1.0,0.3333333333333333,248,257,2131.096666666667,0.28,0.6666666666666666,0.3333333333333333,0.0,0.0,0,0,0.0,0.0,0,0,0.0,0.0,0,0,0.0,6393.290000000001,3,1,0.3333333333333333,1
LGS2ORD0048213,C013653,2026-01-17 19:00:00,Female,56,Bronze,CallCenter,Remote_Area,1818,TV_Show,COD,19,1,5,1,>50,60.6,9.0,4.0,0.4444444444444444,35,44,2580.431111111111,0.23,0.6666666666666666,0.2222222222222222,0.0,0.0,0,0,0.0,0.0,0,0,0.0,5928.17,3,2,0.6666666666666666,23223.88,9,4,0.4444444444444444,0
LGS2ORD0048214,C013329,2026-01-17 20:00:00,Female,63,Silver,TV,Chiang Mai,620,Web,COD,20,1,5,1,>50,20.666666666666668,5.0,0.0,0.0,-1,59,11854.644,0.25,0.4,0.2,0.0,0.0,0,0,0.0,0.0,0,0,0.0,20909.199999999997,2,0,0.0,59273.22,5,0,0.0,0
LGS2ORD0048215,C010499,2026-01-17 20:00:00,Female,47,Bronze,CallCenter,Phuket,1024,Lazada,COD,20,1,5,1,40-50,34.13333333333333,9.0,7.0,0.7777777777777778,17,28,3917.232222222223,0.23,0.5555555555555556,0.2222222222222222,0.0,0.0,0,0,0.0,3924.12,1,1,1.0,3924.12,1,1,1.0,35255.090000000004,9,7,0.7777777777777778,0
LGS2ORD0048216,C012241,2026-01-17 20:00:00,Male,48,Silver,TV,Chonburi,1187,Web,Credit_Card,20,1,5,1,40-50,39.56666666666667,3.0,0.0,0.0,-1,12,3879.706666666667,0.25,0.0,0.3333333333333333,0.0,0.0,0,0,0.0,1543.86,1,0,0.0,1543.86,1,0,0.0,11639.12,3,0,0.0,1
LGS2ORD0048217,C013580,2026-01-17 20:00:00,Male,37,Silver,Web,Khon Kaen,1238,Web,Credit_Card,20,1,5,1,30-40,41.266666666666666,3.0,1.0,0.3333333333333333,284,127,1308.72,0.25,0.3333333333333333,0.3333333333333333,0.0,0.0,0,0,0.0,0.0,0,0,0.0,0.0,0,0,0.0,3926.16,3,1,0.3333333333333333,1
LGS2ORD0048218,C010822,2026-01-17 20:00:00,Male,25,Bronze,Web,Chiang Mai,1510,TV_Show,COD,20,1,5,1,20-30,50.333333333333336,7.0,1.0,0.14285714285714285,133,138,10168.298571428573,0.23,0.14285714285714285,0.14285714285714285,0.0,0.0,0,0,0.0,0.0,0,0,0.0,0.0,0,0,0.0,71178.09000000001,7,1,0.14285714285714285,0
LGS2ORD0048219,C011760,2026-01-17 20:00:00,Male,27,Bronze,TV,Khon Kaen,458,Shopee,COD,20,1,5,1,20-30,15.266666666666667,8.0,0.0,0.0,-1,70,4321.06125,0.28,0.5,0.125,0.0,0.0,0,0,0.0,0.0,0,0,0.0,2109.05,2,0,0.0,34568.49,8,0,0.0,0
LGS2ORD0048220,C011546,2026-01-17 21:00:00,Female,43,Bronze,Lazada,Nakhon Ratchasima,1022,TV_Show,PromptPay,21,1,5,1,40-50,34.06666666666667,8.0,2.0,0.25,293,96,3637.89875,0.28,0.5,0.125,0.0,0.0,0,0,0.0,0.0,0,0,0.0,0.0,0,0,0.0,18346.469999999998,6,1,0.16666666666666666,0
LGS2ORD0048221,C016985,2026-01-17 21:00:00,Male,30,Bronze,TV,Phuket,1692,TV_Show,Credit_Card,21,1,5,1,20-30,56.4,7.0,2.0,0.2857142857142857,9,14,7423.414285714285,0.23,0.5714285714285714,0.14285714285714285,0.0,0.0,0,0,0.0,16873.99,1,1,1.0,23424.350000000002,2,1,0.5,51963.899999999994,7,2,0.2857142857142857,1
LGS2ORD0048222,C013435,2026-01-17 21:00:00,Other,35,Bronze,Shopee,Phuket,1298,Lazada,COD,21,1,5,1,30-40,43.266666666666666,5.0,3.0,0.6,41,52,7286.872,0.23,0.6,0.2,0.0,0.0,0,0,0.0,0.0,0,0,0.0,1878.19,1,1,1.0,36434.36,5,3,0.6,0
LGS2ORD0048223,C011058,2026-01-17 21:00:00,Male,32,Bronze,Web,Phuket,776,CallCenter,Credit_Card,21,1,5,1,30-40,25.866666666666667,7.0,4.0,0.5714285714285714,20,27,8405.25,0.23,0.7142857142857143,0.42857142857142855,0.0,0.0,0,0,0.0,10113.86,1,1,1.0,10113.86,1,1,1.0,58836.75,7,4,0.5714285714285714,0
LGS2ORD0048224,C017750,2026-01-17 21:00:00,Female,23,Silver,TV,Bangkok,1505,Web,COD,21,1,5,1,20-30,50.166666666666664,5.0,1.0,0.2,202,154,5848.789999999999,0.3,0.4,0.4,0.0,0.0,0,0,0.0,0.0,0,0,0.0,0.0,0,0,0.0,29243.949999999997,5,1,0.2,0
LGS2ORD0048225,C014026,2026-01-17 22:00:00,Female,60,Silver,Lazada,Remote_Area,488,CallCenter,COD,22,1,5,1,>50,16.266666666666666,12.0,3.0,0.25,20,27,3839.5008333333335,0.25,0.6666666666666666,0.25,0.0,0.0,0,0,0.0,7130.62,1,1,1.0,7130.62,1,1,1.0,37663.009999999995,11,3,0.2727272727272727,0
LGS2ORD0048226,C011070,2026-01-17 22:00:00,Male,38,Gold,TV,Bangkok,1571,Web,COD,22,1,5,1,30-40,52.36666666666667,6.0,2.0,0.3333333333333333,36,47,7456.031666666667,0.28,0.3333333333333333,0.5,0.0,0.0,0,0,0.0,0.0,0,0,0.0,38663.5,2,1,0.5,44736.19,6,2,0.3333333333333333,1
LGS2ORD0048227,C017688,2026-01-17 22:00:00,Female,30,Platinum,Web,Khon Kaen,1014,CallCenter,COD,22,1,5,1,20-30,33.8,7.0,0.0,0.0,-1,59,10754.558571428572,0.3,0.7142857142857143,0.5714285714285714,0.0,0.0,0,0,0.0,0.0,0,0,0.0,7708.18,1,0,0.0,75281.91,7,0,0.0,0
LGS2ORD0048228,C013702,2026-01-17 22:00:00,Male,32,Silver,Shopee,Bangkok,1063,CallCenter,COD,22,1,5,1,30-40,35.43333333333333,7.0,1.0,0.14285714285714285,223,33,3408.6585714285716,0.3,0.5714285714285714,0.14285714285714285,0.0,0.0,0,0,0.0,0.0,0,0,0.0,8737.380000000001,3,0,0.0,23860.61,7,1,0.14285714285714285,1
LGS2ORD0048229,C015805,2026-01-17 22:00:00,Male,41,Gold,TV,Chiang Mai,1330,Web,COD,22,1,5,1,40-50,44.333333333333336,10.0,2.0,0.2,53,28,7295.1089999999995,0.33,0.7,0.3,0.1,0.0,0,0,0.0,983.76,1,0,0.0,21193.41,4,2,0.5,52020.32,9,2,0.2222222222222222,0
LGS2ORD0048230,C013066,2026-01-17 23:00:00,Female,26,Bronze,Lazada,Remote_Area,1729,Web,PromptPay,23,1,5,1,20-30,57.63333333333333,5.0,3.0,0.6,166,170,2189.2920000000004,0.28,0.4,0.6,0.0,0.0,0,0,0.0,0.0,0,0,0.0,0.0,0,0,0.0,10946.460000000001,5,3,0.6,0
LGS2ORD0048231,C010483,2026-01-17 23:00:00,Female,30,Gold,Lazada,Bangkok,1653,TV_Show,PromptPay,23,1,5,1,20-30,55.1,7.0,1.0,0.14285714285714285,80,58,4231.607142857143,0.33,0.42857142857142855,0.2857142857142857,0.0,0.0,0,0,0.0,0.0,0,0,0.0,9311.56,3,1,0.3333333333333333,25170.58,6,1,0.16666666666666666,0
LGS2ORD0048232,C013127,2026-01-17 23:00:00,Male,47,Silver,Shopee,Khon Kaen,1770,TV_Show,Credit_Card,23,1,5,1,40-50,59.0,5.0,1.0,0.2,187,87,5215.978000000001,0.25,0.4,0.2,0.0,0.0,0,0,0.0,0.0,0,0,0.0,1410.4,1,0,0.0,26079.890000000003,5,1,0.2,0
LGS2ORD0048233,C010493,2026-01-17 23:00:00,Male,25,Silver,Shopee,Chiang Mai,403,Lazada,Credit_Card,23,1,5,1,20-30,13.433333333333334,2.0,1.0,0.5,113,108,4548.610000000001,0.3,0.5,0.5,0.0,0.0,0,0,0.0,0.0,0,0,0.0,0.0,0,0,0.0,9097.220000000001,2,1,0.5,1
LGS2ORD0048234,C015086,2026-01-17 23:00:00,Female,35,Bronze,TV,Bangkok,1088,Shopee,COD,23,1,5,1,30-40,36.266666666666666,4.0,0.0,0.0,-1,11,3341.4825,0.23,0.25,0.25,0.0,0.0,0,0,0.0,4372.4,1,0,0.0,4372.4,1,0,0.0,13365.93,4,0,0.0,0
LGS2ORD0048235,C010954,2026-01-18 00:00:00,Male,39,Silver,Shopee,Songkhla,716,Shopee,Bank_Transfer,0,1,6,1,30-40,23.866666666666667,5.0,2.0,0.4,272,89,2819.6500000000005,0.3,0.8,0.6,0.0,0.0,0,0,0.0,0.0,0,0,0.0,690.99,1,0,0.0,14098.250000000002,5,2,0.4,0
LGS2ORD0048236,C016813,2026-01-18 00:00:00,Female,36,Gold,CallCenter,Chiang Mai,1593,Web,Credit_Card,0,1,6,1,30-40,53.1,4.0,0.0,0.0,-1,4,4182.34,0.2299999999999999,0.25,0.25,0.0,1473.01,1,0,0.0,1473.01,1,0,0.0,1473.01,1,0,0.0,16729.36,4,0,0.0,0
LGS2ORD0048237,C013034,2026-01-18 00:00:00,Male,31,Platinum,Web,Chiang Mai,1247,Shopee,COD,0,1,6,1,30-40,41.56666666666667,1.0,0.0,0.0,-1,245,1321.73,0.25,0.0,1.0,0.0,0.0,0,0,0.0,0.0,0,0,0.0,0.0,0,0,0.0,1321.73,1,0,0.0,0
LGS2ORD0048238,C012907,2026-01-18 00:00:00,Female,48,Bronze,Web,Bangkok,425,Shopee,COD,0,1,6,1,40-50,14.166666666666666,5.0,0.0,0.0,-1,12,6309.24,0.18,0.8,0.0,0.0,0.0,0,0,0.0,1060.4,1,0,0.0,1060.4,1,0,0.0,31546.2,5,0,0.0,0
LGS2ORD0048239,C015647,2026-01-18 00:00:00,Other,46,Bronze,TV,Remote_Area,1133,Web,COD,0,1,6,1,40-50,37.766666666666666,10.0,4.0,0.4,125,28,5186.947,0.28,0.6,0.3,0.0,0.0,0,0,0.0,1994.18,1,0,0.0,10532.6,2,0,0.0,43925.51,9,4,0.4444444444444444,0
LGS2ORD0048240,C015808,2026-01-18 00:00:00,Female,36,Silver,CallCenter,Bangkok,596,Shopee,COD,0,1,6,1,30-40,19.866666666666667,4.0,0.0,0.0,-1,75,11103.0825,0.15,0.75,0.0,0.0,0.0,0,0,0.0,0.0,0,0,0.0,2760.94,1,0,0.0,44412.33,4,0,0.0,0
LGS2ORD0048241,C016906,2026-01-18 01:00:00,Male,37,Bronze,Web,Nakhon Ratchasima,1531,TV_Show,Credit_Card,1,1,6,1,30-40,51.03333333333333,3.0,2.0,0.6666666666666666,-2,5,7210.97,0.23,0.6666666666666666,0.3333333333333333,0.0,5903.07,1,1,1.0,5903.07,1,1,1.0,5903.07,1,1,1.0,21632.91,3,2,0.6666666666666666,0
LGS2ORD0048242,C017077,2026-01-18 01:00:00,Male,48,Silver,Web,Bangkok,1435,Lazada,PromptPay,1,1,6,1,40-50,47.833333333333336,7.0,2.0,0.2857142857142857,299,61,4406.181428571429,0.25,0.7142857142857143,0.14285714285714285,0.0,0.0,0,0,0.0,0.0,0,0,0.0,4195.3,2,0,0.0,30843.27,7,2,0.2857142857142857,0
LGS2ORD0048243,C017724,2026-01-18 01:00:00,Male,46,Platinum,TV,Nakhon Ratchasima,1212,TV_Show,PromptPay,1,1,6,1,40-50,40.4,9.0,5.0,0.5555555555555556,49,21,3965.8511111111106,0.35,0.3333333333333333,0.5555555555555556,0.0,0.0,0,0,0.0,1551.96,1,0,0.0,17711.98,2,1,0.5,35692.659999999996,9,5,0.5555555555555556,0
LGS2ORD0048244,C012809,2026-01-18 01:00:00,Female,34,Silver,TV,Bangkok,623,Lazada,COD,1,1,6,1,30-40,20.766666666666666,1.0,1.0,1.0,329,340,4911.84,0.2,1.0,0.0,0.0,0.0,0,0,0.0,0.0,0,0,0.0,0.0,0,0,0.0,4911.84,1,1,1.0,0
LGS2ORD0048245,C010487,2026-01-18 01:00:00,Male,63,Bronze,TV,Remote_Area,1393,CallCenter,COD,1,1,6,1,>50,46.43333333333333,10.0,2.0,0.2,26,35,5078.175000000001,0.28,0.4,0.5,0.0,0.0,0,0,0.0,0.0,0,0,0.0,879.54,1,1,1.0,50781.75000000001,10,2,0.2,0
LGS2ORD0048246,C011830,2026-01-18 02:00:00,Male,36,Silver,TV,Chiang Mai,1837,TV_Show,PromptPay,2,1,6,1,30-40,61.233333333333334,5.0,1.0,0.2,162,95,5315.654,0.25,0.2,0.4,0.0,0.0,0,0,0.0,0.0,0,0,0.0,0.0,0,0,0.0,26578.27,5,1,0.2,0
LGS2ORD0048247,C011492,2026-01-18 02:00:00,Female,56,Gold,Web,Bangkok,1087,Lazada,COD,2,1,6,1,>50,36.233333333333334,3.0,1.0,0.3333333333333333,225,173,9790.446666666669,0.18,0.6666666666666666,0.0,0.0,0.0,0,0,0.0,0.0,0,0,0.0,0.0,0,0,0.0,29371.340000000004,3,1,0.3333333333333333,1
LGS2ORD0048248,C010031,2026-01-18 02:00:00,Male,40,Bronze,TV,Bangkok,1734,Shopee,COD,2,1,6,1,30-40,57.8,5.0,3.0,0.6,-3,5,8394.202,0.23,0.4,0.2,0.0,8110.23,1,1,1.0,8837.41,2,2,1.0,8837.41,2,2,1.0,41971.009999999995,5,3,0.6,1
LGS2ORD0048249,C016743,2026-01-18 02:00:00,Male,34,Silver,Web,Chiang Mai,650,Shopee,Credit_Card,2,1,6,1,30-40,21.666666666666668,11.0,5.0,0.45454545454545453,47,21,4569.617272727272,0.3,0.45454545454545453,0.36363636363636365,0.0,0.0,0,0,0.0,3856.07,1,0,0.0,20013.210000000003,4,2,0.5,50265.79,11,5,0.45454545454545453,0
LGS2ORD0048250,C010459,2026-01-18 02:00:00,Female,42,Silver,TV,Remote_Area,1523,CallCenter,COD,2,1,6,1,40-50,50.766666666666666,7.0,2.0,0.2857142857142857,93,104,2664.7228571428573,0.25,0.7142857142857143,0.2857142857142857,0.0,0.0,0,0,0.0,0.0,0,0,0.0,0.0,0,0,0.0,17436.49,6,2,0.3333333333333333,1
LGS2ORD0048251,C017388,2026-01-18 03:00:00,Female,30,Silver,CallCenter,Bangkok,1829,Lazada,PromptPay,3,1,6,1,20-30,60.96666666666667,9.0,1.0,0.1111111111111111,342,8,3400.6788888888887,0.25,0.3333333333333333,0.2222222222222222,0.0,0.0,0,0,0.0,2907.89,1,0,0.0,2907.89,1,0,0.0,30606.109999999997,9,1,0.1111111111111111,0
LGS2ORD0048252,C010035,2026-01-18 03:00:00,Male,40,Silver,TV,Songkhla,931,CallCenter,Credit_Card,3,1,6,1,30-40,31.033333333333335,4.0,2.0,0.5,223,133,13558.025,0.3,0.5,0.5,0.0,0.0,0,0,0.0,0.0,0,0,0.0,0.0,0,0,0.0,53022.26,3,1,0.3333333333333333,0
LGS2ORD0048253,C013648,2026-01-18 03:00:00,Female,61,Bronze,TV,Bangkok,797,Web,COD,3,1,6,1,>50,26.566666666666666,8.0,1.0,0.125,205,0,9334.38375,0.28,0.625,0.25,0.0,5970.61,1,0,0.0,5970.61,1,0,0.0,6156.16,2,0,0.0,56286.08,7,1,0.14285714285714285,1
LGS2ORD0048254,C016121,2026-01-18 03:00:00,Male,43,Platinum,TV,Chonburi,1489,Shopee,Credit_Card,3,1,6,1,40-50,49.63333333333333,7.0,1.0,0.14285714285714285,314,14,4391.605714285714,0.35,0.42857142857142855,0.2857142857142857,0.14285714285714285,0.0,0,0,0.0,5994.47,1,0,0.0,19154.96,3,0,0.0,30741.239999999998,7,1,0.14285714285714285,0
LGS2ORD0048255,C014636,2026-01-18 03:00:00,Female,29,Bronze,TV,Remote_Area,1460,Web,Credit_Card,3,1,6,1,20-30,48.666666666666664,11.0,4.0,0.36363636363636365,34,44,9395.724545454546,0.28,0.7272727272727273,0.36363636363636365,0.0,0.0,0,0,0.0,0.0,0,0,0.0,32011.589999999997,3,2,0.6666666666666666,103352.97000000002,11,4,0.36363636363636365,0
LGS2ORD0048256,C010076,2026-01-18 04:00:00,Male,39,Bronze,TV,Chonburi,1768,Web,COD,4,1,6,1,30-40,58.93333333333333,7.0,0.0,0.0,-1,8,4707.182857142857,0.28,0.5714285714285714,0.14285714285714285,0.0,0.0,0,0,0.0,8496.31,1,0,0.0,18791.120000000003,4,0,0.0,32950.28,7,0,0.0,0
LGS2ORD0048257,C017445,2026-01-18 04:00:00,Other,70,Platinum,Web,Chonburi,1511,Lazada,COD,4,1,6,1,>50,50.36666666666667,6.0,1.0,0.16666666666666666,215,174,3831.58,0.35,0.16666666666666666,0.5,0.0,0.0,0,0,0.0,0.0,0,0,0.0,0.0,0,0,0.0,22989.48,6,1,0.16666666666666666,0
LGS2ORD0048258,C015776,2026-01-18 04:00:00,Female,56,Bronze,Shopee,Songkhla,1320,Shopee,COD,4,1,6,1,>50,44.0,9.0,4.0,0.4444444444444444,16,3,5544.194444444444,0.28,0.6666666666666666,0.3333333333333333,0.0,8036.92,1,0,0.0,13747.91,3,1,0.3333333333333333,16810.15,4,1,0.25,49897.75,9,4,0.4444444444444444,0
LGS2ORD0048259,C012602,2026-01-18 04:00:00,Female,49,Bronze,CallCenter,Bangkok,631,CallCenter,PromptPay,4,1,6,1,40-50,21.033333333333335,4.0,2.0,0.5,70,38,2138.1425,0.28,0.5,0.25,0.0,0.0,0,0,0.0,0.0,0,0,0.0,2857.24,2,1,0.5,8552.57,4,2,0.5,0
LGS2ORD0048260,C012340,2026-01-18 04:00:00,Male,63,Bronze,TV,Phuket,676,TV_Show,Bank_Transfer,4,1,6,1,>50,22.533333333333335,5.0,1.0,0.2,191,32,3603.1980000000003,0.23,0.4,0.4,0.0,0.0,0,0,0.0,0.0,0,0,0.0,5814.0,2,0,0.0,18015.99,5,1,0.2,1
LGS2ORD0048261,C013090,2026-01-18 04:00:00,Female,32,Gold,Shopee,Chiang Mai,1320,CallCenter,Credit_Card,4,1,6,1,30-40,44.0,2.0,0.0,0.0,-1,39,10604.220000000001,0.13,0.5,0.0,0.0,0.0,0,0,0.0,0.0,0,0,0.0,14246.18,1,0,0.0,21208.440000000002,2,0,0.0,0
LGS2ORD0048262,C011579,2026-01-18 05:00:00,Female,50,Silver,Lazada,Khon Kaen,1364,Shopee,PromptPay,5,1,6,1,40-50,45.46666666666667,5.0,2.0,0.4,156,165,3596.9900000000002,0.3,0.2,0.2,0.0,0.0,0,0,0.0,0.0,0,0,0.0,0.0,0,0,0.0,17984.95,5,2,0.4,0
LGS2ORD0048263,C014568,2026-01-18 05:00:00,Male,36,Bronze,Shopee,Bangkok,1512,Lazada,Credit_Card,5,1,6,1,30-40,50.4,4.0,0.0,0.0,-1,19,13200.805,0.28,1.0,0.25,0.0,0.0,0,0,0.0,22867.92,1,0,0.0,22867.92,1,0,0.0,52803.22,4,0,0.0,0
LGS2ORD0048264,C016551,2026-01-18 05:00:00,Female,46,Silver,TV,Bangkok,916,Web,PromptPay,5,1,6,1,40-50,30.533333333333335,4.0,1.0,0.25,361,249,5797.6625,0.25,0.25,0.25,0.0,0.0,0,0,0.0,0.0,0,0,0.0,0.0,0,0,0.0,12478.4,2,0,0.0,0
LGS2ORD0048265,C017544,2026-01-18 05:00:00,Female,51,Bronze,CallCenter,Bangkok,1057,Shopee,COD,5,1,6,1,>50,35.233333333333334,11.0,5.0,0.45454545454545453,12,20,7056.036363636363,0.23,0.45454545454545453,0.36363636363636365,0.0,0.0,0,0,0.0,1856.8,1,1,1.0,1856.8,1,1,1.0,77616.4,11,5,0.45454545454545453,0
LGS2ORD0048266,C016371,2026-01-18 05:00:00,Female,38,Silver,TV,Bangkok,1675,TV_Show,COD,5,1,6,1,30-40,55.833333333333336,6.0,1.0,0.16666666666666666,211,9,7334.171666666666,0.3,0.3333333333333333,0.3333333333333333,0.0,0.0,0,0,0.0,11676.89,1,0,0.0,12202.57,2,0,0.0,42477.47,5,1,0.2,1
LGS2ORD0048267,C015103,2026-01-18 06:00:00,Female,34,Bronze,Shopee,Bangkok,1604,Web,COD,6,1,6,1,30-40,53.46666666666667,5.0,2.0,0.4,160,147,4733.168,0.23,0.6,0.2,0.0,0.0,0,0,0.0,0.0,0,0,0.0,0.0,0,0,0.0,23665.84,5,2,0.4,0
LGS2ORD0048268,C014945,2026-01-18 06:00:00,Female,64,Silver,Web,Nakhon Ratchasima,1647,Shopee,COD,6,1,6,1,>50,54.9,3.0,0.0,0.0,-1,103,12983.07,0.2,0.0,0.0,0.0,0.0,0,0,0.0,0.0,0,0,0.0,0.0,0,0,0.0,38949.21,3,0,0.0,0
LGS2ORD0048269,C013285,2026-01-18 06:00:00,Female,37,Platinum,Lazada,Khon Kaen,461,Web,COD,6,1,6,1,30-40,15.366666666666667,5.0,2.0,0.4,115,121,12779.526,0.25,0.8,0.4,0.0,0.0,0,0,0.0,0.0,0,0,0.0,0.0,0,0,0.0,63897.63,5,2,0.4,0
LGS2ORD0048270,C017588,2026-01-18 06:00:00,Female,44,Bronze,CallCenter,Phuket,608,Lazada,Credit_Card,6,1,6,1,40-50,20.266666666666666,8.0,1.0,0.125,269,166,11144.46125,0.23,0.375,0.125,0.0,0.0,0,0,0.0,0.0,0,0,0.0,0.0,0,0,0.0,89155.69,8,1,0.125,0
LGS2ORD0048271,C017026,2026-01-18 06:00:00,Male,27,Bronze,Web,Bangkok,511,CallCenter,PromptPay,6,1,6,1,20-30,17.033333333333335,2.0,0.0,0.0,-1,160,10330.685000000001,0.08,0.5,0.0,0.0,0.0,0,0,0.0,0.0,0,0,0.0,0.0,0,0,0.0,20661.370000000003,2,0,0.0,0
LGS2ORD0048272,C015415,2026-01-18 07:00:00,Female,31,Silver,CallCenter,Nakhon Ratchasima,435,TV_Show,COD,7,1,6,1,30-40,14.5,6.0,2.0,0.3333333333333333,172,134,3038.31,0.3,0.5,0.16666666666666666,0.0,0.0,0,0,0.0,0.0,0,0,0.0,0.0,0,0,0.0,18229.86,6,2,0.3333333333333333,0
LGS2ORD0048273,C013169,2026-01-18 07:00:00,Other,54,Gold,Web,Chiang Mai,1772,Shopee,COD,7,1,6,1,>50,59.06666666666667,3.0,1.0,0.3333333333333333,256,269,13520.056666666665,0.33,0.3333333333333333,0.3333333333333333,0.0,0.0,0,0,0.0,0.0,0,0,0.0,0.0,0,0,0.0,40560.17,3,1,0.3333333333333333,0
LGS2ORD0048274,C015578,2026-01-18 07:00:00,Female,37,Bronze,TV,Phuket,1508,Shopee,Bank_Transfer,7,1,6,1,30-40,50.266666666666666,4.0,0.0,0.0,-1,3,4989.47,0.18,0.25,0.0,0.0,2753.45,1,0,0.0,2753.45,1,0,0.0,8951.36,3,0,0.0,19957.88,4,0,0.0,0
LGS2ORD0048275,C011937,2026-01-18 07:00:00,Female,46,Gold,TV,Bangkok,812,Shopee,PromptPay,7,1,6,1,40-50,27.066666666666666,9.0,3.0,0.3333333333333333,156,149,4082.8999999999996,0.33,0.5555555555555556,0.6666666666666666,0.0,0.0,0,0,0.0,0.0,0,0,0.0,0.0,0,0,0.0,36746.1,9,3,0.3333333333333333,0
LGS2ORD0048276,C012609,2026-01-18 07:00:00,Female,65,Gold,Shopee,Bangkok,934,TV_Show,Bank_Transfer,7,1,6,1,>50,31.133333333333333,5.0,0.0,0.0,-1,146,7110.264,0.2299999999999999,0.2,0.2,0.0,0.0,0,0,0.0,0.0,0,0,0.0,0.0,0,0,0.0,35551.32,5,0,0.0,0
LGS2ORD0048277,C016887,2026-01-18 08:00:00,Male,44,Silver,CallCenter,Bangkok,1386,TV_Show,COD,8,1,6,1,40-50,46.2,6.0,0.0,0.0,-1,105,4179.555,0.3,0.5,0.16666666666666666,0.16666666666666666,0.0,0,0,0.0,0.0,0,0,0.0,0.0,0,0,0.0,23020.77,5,0,0.0,0
LGS2ORD0048278,C016022,2026-01-18 08:00:00,Male,43,Silver,Lazada,Chonburi,473,CallCenter,COD,8,1,6,1,40-50,15.766666666666667,5.0,0.0,0.0,-1,52,4105.273999999999,0.3,0.2,0.4,0.0,0.0,0,0,0.0,0.0,0,0,0.0,1923.05,1,0,0.0,20526.37,5,0,0.0,0
LGS2ORD0048279,C011079,2026-01-18 08:00:00,Female,20,Silver,Shopee,Khon Kaen,1035,TV_Show,COD,8,1,6,1,<20,34.5,7.0,1.0,0.14285714285714285,241,11,6291.587142857143,0.3,0.8571428571428571,0.14285714285714285,0.0,0.0,0,0,0.0,9824.12,1,0,0.0,12520.36,3,0,0.0,43680.280000000006,6,1,0.16666666666666666,0
LGS2ORD0048280,C012590,2026-01-18 08:00:00,Female,59,Platinum,Shopee,Chiang Mai,864,Web,COD,8,1,6,1,>50,28.8,11.0,3.0,0.2727272727272727,250,106,7980.8045454545445,0.3,0.36363636363636365,0.45454545454545453,0.0,0.0,0,0,0.0,0.0,0,0,0.0,0.0,0,0,0.0,81640.01999999999,10,3,0.3,0
LGS2ORD0048281,C011014,2026-01-18 08:00:00,Male,48,Bronze,TV,Bangkok,1083,Shopee,COD,8,1,6,1,40-50,36.1,9.0,4.0,0.4444444444444444,61,50,7444.473333333334,0.23,0.5555555555555556,0.3333333333333333,0.0,0.0,0,0,0.0,0.0,0,0,0.0,20073.22,2,1,0.5,67000.26000000001,9,4,0.4444444444444444,0
LGS2ORD0048282,C013984,2026-01-18 08:00:00,Other,65,Silver,TV,Chonburi,911,Shopee,Bank_Transfer,8,1,6,1,>50,30.366666666666667,4.0,0.0,0.0,-1,11,4084.5999999999995,0.3,0.5,0.5,0.0,0.0,0,0,0.0,1038.21,1,0,0.0,5394.3,2,0,0.0,16338.399999999998,4,0,0.0,0
LGS2ORD0048283,C016133,2026-01-18 09:00:00,Female,40,Gold,Lazada,Khon Kaen,747,TV_Show,COD,9,1,6,1,30-40,24.9,6.0,1.0,0.16666666666666666,56,14,4944.845,0.2299999999999999,0.16666666666666666,0.3333333333333333,0.0,0.0,0,0,0.0,6068.98,1,0,0.0,14217.9,2,1,0.5,28018.02,5,1,0.2,0
LGS2ORD0048284,C016529,2026-01-18 09:00:00,Male,27,Bronze,TV,Songkhla,848,Lazada,Bank_Transfer,9,1,6,1,20-30,28.266666666666666,7.0,1.0,0.14285714285714285,372,63,5568.192857142858,0.28,0.42857142857142855,0.2857142857142857,0.0,0.0,0,0,0.0,0.0,0,0,0.0,1523.8,1,0,0.0,17943.46,5,0,0.0,0
LGS2ORD0048285,C011189,2026-01-18 09:00:00,Male,34,Bronze,TV,Khon Kaen,1824,Lazada,COD,9,1,6,1,30-40,60.8,10.0,1.0,0.1,99,2,5019.482,0.23,0.8,0.1,0.0,846.7,1,0,0.0,846.7,1,0,0.0,22660.510000000002,3,0,0.0,50194.82,10,1,0.1,0
LGS2ORD0048286,C014026,2026-01-18 09:00:00,Female,60,Silver,Lazada,Remote_Area,489,CallCenter,Credit_Card,9,1,6,1,>50,16.3,13.0,3.0,0.23076923076923078,20,0,4224.975384615384,0.25,0.6923076923076923,0.23076923076923078,0.0,8850.67,1,0,0.0,15981.29,2,1,0.5,15981.29,2,1,0.5,46513.67999999999,12,3,0.25,0
LGS2ORD0048287,C012486,2026-01-18 09:00:00,Male,56,Platinum,Lazada,Bangkok,565,Lazada,Bank_Transfer,9,1,6,1,>50,18.833333333333332,7.0,1.0,0.14285714285714285,56,5,7452.669999999999,0.25,0.7142857142857143,0.14285714285714285,0.0,6659.42,1,0,0.0,6659.42,1,0,0.0,43228.369999999995,3,1,0.3333333333333333,50129.869999999995,6,1,0.16666666666666666,1
LGS2ORD0048288,C014110,2026-01-18 10:00:00,Male,60,Bronze,Shopee,Chiang Mai,914,CallCenter,Credit_Card,10,1,6,1,>50,30.466666666666665,12.0,2.0,0.16666666666666666,61,13,2793.9266666666667,0.28,0.6666666666666666,0.3333333333333333,0.0,0.0,0,0,0.0,237.02,1,0,0.0,5663.35,2,1,0.5,33323.87,11,2,0.18181818181818182,0
LGS2ORD0048289,C012503,2026-01-18 10:00:00,Female,42,Bronze,TV,Bangkok,1677,TV_Show,PromptPay,10,1,6,1,40-50,55.9,4.0,1.0,0.25,253,21,17052.635000000002,0.18,0.75,0.0,0.0,0.0,0,0,0.0,36182.8,1,0,0.0,36182.8,1,0,0.0,68210.54000000001,4,1,0.25,1
LGS2ORD0048290,C013037,2026-01-18 10:00:00,Female,51,Gold,TV,Chiang Mai,1008,Shopee,PromptPay,10,1,6,1,>50,33.6,8.0,0.0,0.0,-1,3,6120.79875,0.33,0.625,0.625,0.0,17863.76,1,0,0.0,17863.76,1,0,0.0,22314.93,2,0,0.0,48966.39,8,0,0.0,0
LGS2ORD0048291,C012322,2026-01-18 10:00:00,Male,24,Silver,TV,Nakhon Ratchasima,481,TV_Show,COD,10,1,6,1,20-30,16.033333333333335,8.0,2.0,0.25,75,68,4890.705,0.25,0.75,0.125,0.0,0.0,0,0,0.0,0.0,0,0,0.0,13988.880000000001,3,1,0.3333333333333333,39125.64,8,2,0.25,0
LGS2ORD0048292,C014763,2026-01-18 10:00:00,Female,27,Silver,Shopee,Remote_Area,744,CallCenter,COD,10,1,6,1,20-30,24.8,2.0,0.0,0.0,-1,111,12964.470000000001,0.1,0.0,0.0,0.0,0.0,0,0,0.0,0.0,0,0,0.0,0.0,0,0,0.0,19672.47,1,0,0.0,0
LGS2ORD0048293,C017826,2026-01-18 11:00:00,Female,30,Bronze,CallCenter,Remote_Area,584,CallCenter,COD,11,1,6,1,20-30,19.466666666666665,4.0,3.0,0.75,58,67,3087.705,0.18,0.75,0.0,0.0,0.0,0,0,0.0,0.0,0,0,0.0,9506.79,2,1,0.5,12350.82,4,3,0.75,0
LGS2ORD0048294,C013248,2026-01-18 11:00:00,Female,54,Gold,Web,Songkhla,1519,CallCenter,Credit_Card,11,1,6,1,>50,50.63333333333333,9.0,2.0,0.2222222222222222,239,63,2420.1899999999996,0.33,0.3333333333333333,0.4444444444444444,0.1111111111111111,0.0,0,0,0.0,0.0,0,0,0.0,3842.73,1,0,0.0,18449.14,7,1,0.14285714285714285,0
LGS2ORD0048295,C012635,2026-01-18 11:00:00,Male,62,Gold,Lazada,Bangkok,874,TV_Show,Credit_Card,11,1,6,1,>50,29.133333333333333,1.0,0.0,0.0,-1,87,4851.07,0.08,1.0,0.0,0.0,0.0,0,0,0.0,0.0,0,0,0.0,4851.07,1,0,0.0,4851.07,1,0,0.0,1
LGS2ORD0048296,C011096,2026-01-18 11:00:00,Female,45,Bronze,TV,Chiang Mai,429,Lazada,PromptPay,11,1,6,1,40-50,14.3,5.0,1.0,0.2,42,52,4536.093999999999,0.28,0.6,0.8,0.0,0.0,0,0,0.0,0.0,0,0,0.0,14618.41,2,1,0.5,22680.469999999998,5,1,0.2,0
LGS2ORD0048297,C010897,2026-01-18 11:00:00,Other,72,Bronze,Lazada,Songkhla,1070,Lazada,COD,11,1,6,1,>50,35.666666666666664,7.0,1.0,0.14285714285714285,151,69,4645.481428571428,0.28,0.42857142857142855,0.2857142857142857,0.0,0.0,0,0,0.0,0.0,0,0,0.0,16928.17,2,0,0.0,32518.37,7,1,0.14285714285714285,1
LGS2ORD0048298,C010896,2026-01-18 12:00:00,Female,58,Bronze,TV,Remote_Area,1762,Lazada,Credit_Card,12,1,6,1,>50,58.733333333333334,8.0,3.0,0.375,69,57,4855.77125,0.28,0.75,0.25,0.0,0.0,0,0,0.0,0.0,0,0,0.0,22703.159999999996,4,1,0.25,38846.17,8,3,0.375,0
LGS2ORD0048299,C012851,2026-01-18 12:00:00,Other,37,Bronze,Lazada,Bangkok,1581,Web,COD,12,1,6,1,30-40,52.7,6.0,3.0,0.5,108,119,6446.596666666667,0.28,0.5,0.3333333333333333,0.0,0.0,0,0,0.0,0.0,0,0,0.0,0.0,0,0,0.0,33524.64,5,3,0.6,1
LGS2ORD0048300,C017637,2026-01-18 12:00:00,Female,34,Bronze,Web,Phuket,550,CallCenter,COD,12,1,6,1,30-40,18.333333333333332,6.0,4.0,0.6666666666666666,103,24,3912.278333333333,0.23,0.8333333333333334,0.16666666666666666,0.0,0.0,0,0,0.0,4855.3,1,0,0.0,4855.3,1,0,0.0,19010.16,5,3,0.6,0
LGS2ORD0048301,C015027,2026-01-18 12:00:00,Male,33,Platinum,Web,Bangkok,1466,TV_Show,PromptPay,12,1,6,1,30-40,48.86666666666667,3.0,1.0,0.3333333333333333,47,59,2546.8633333333332,0.35,0.3333333333333333,0.3333333333333333,0.0,0.0,0,0,0.0,0.0,0,0,0.0,4056.18,1,1,1.0,7640.59,3,1,0.3333333333333333,0
LGS2ORD0048302,C014125,2026-01-18 12:00:00,Female,45,Gold,CallCenter,Khon Kaen,616,Shopee,COD,12,1,6,1,40-50,20.533333333333335,9.0,1.0,0.1111111111111111,58,50,4836.224444444445,0.33,0.7777777777777778,0.2222222222222222,0.0,0.0,0,0,0.0,0.0,0,0,0.0,2859.8,2,1,0.5,43526.020000000004,9,1,0.1111111111111111,1
LGS2ORD0048303,C013303,2026-01-18 12:00:00,Female,37,Bronze,CallCenter,Phuket,432,CallCenter,COD,12,1,6,1,30-40,14.4,3.0,0.0,0.0,-1,166,3071.486666666667,0.08,0.0,0.0,0.0,0.0,0,0,0.0,0.0,0,0,0.0,0.0,0,0,0.0,9214.460000000001,3,0,0.0,1
LGS2ORD0048304,C015024,2026-01-18 13:00:00,Male,27,Bronze,Web,Songkhla,1572,Lazada,COD,13,1,6,1,20-30,52.4,11.0,5.0,0.45454545454545453,58,62,3616.2627272727273,0.28,0.7272727272727273,0.45454545454545453,0.0,0.0,0,0,0.0,0.0,0,0,0.0,9523.62,2,1,0.5,39778.89,11,5,0.45454545454545453,0
LGS2ORD0048305,C017614,2026-01-18 13:00:00,Female,24,Silver,TV,Chiang Mai,1229,TV_Show,Credit_Card,13,1,6,1,20-30,40.96666666666667,8.0,0.0,0.0,-1,15,5101.7725,0.3,0.625,0.125,0.0,0.0,0,0,0.0,820.96,1,0,0.0,4299.94,3,0,0.0,40814.18,8,0,0.0,0
LGS2ORD0048306,C015282,2026-01-18 13:00:00,Male,31,Silver,CallCenter,Bangkok,634,Web,PromptPay,13,1,6,1,30-40,21.133333333333333,8.0,1.0,0.125,160,23,7650.5525,0.3,0.5,0.25,0.0,0.0,0,0,0.0,3437.92,2,0,0.0,28540.19,4,0,0.0,61204.42,8,1,0.125,0
LGS2ORD0048307,C013906,2026-01-18 13:00:00,Female,37,Bronze,Shopee,Bangkok,1002,Shopee,PromptPay,13,1,6,1,30-40,33.4,10.0,3.0,0.3,133,63,7018.483,0.23,0.5,0.3,0.0,0.0,0,0,0.0,0.0,0,0,0.0,10581.84,1,0,0.0,70184.83,10,3,0.3,0
LGS2ORD0048308,C014288,2026-01-18 13:00:00,Female,58,Gold,Shopee,Remote_Area,1522,Lazada,Credit_Card,13,1,6,1,>50,50.733333333333334,10.0,2.0,0.2,-6,2,5171.676,0.28,0.5,0.5,0.0,7540.1,2,1,0.5,7540.1,2,1,0.5,7540.1,2,1,0.5,51716.76,10,2,0.2,0
LGS2ORD0048309,C013382,2026-01-18 14:00:00,Female,48,Platinum,Shopee,Chonburi,1792,TV_Show,COD,14,1,6,1,40-50,59.733333333333334,11.0,1.0,0.09090909090909091,354,12,3083.1772727272723,0.25,0.6363636363636364,0.2727272727272727,0.0,0.0,0,0,0.0,553.6,1,0,0.0,6450.120000000001,3,0,0.0,26699.049999999996,10,0,0.0,0
LGS2ORD0048310,C015515,2026-01-18 14:00:00,Male,58,Bronze,TV,Phuket,1517,Shopee,Bank_Transfer,14,1,6,1,>50,50.56666666666667,6.0,0.0,0.0,-1,26,8067.551666666666,0.23,0.5,0.16666666666666666,0.0,0.0,0,0,0.0,5601.33,1,0,0.0,10399.82,2,0,0.0,48405.31,6,0,0.0,0
LGS2ORD0048311,C012712,2026-01-18 14:00:00,Female,47,Bronze,TV,Songkhla,967,Web,Credit_Card,14,1,6,1,40-50,32.233333333333334,13.0,5.0,0.38461538461538464,79,78,3623.308461538462,0.28,0.6153846153846154,0.3076923076923077,0.0,0.0,0,0,0.0,0.0,0,0,0.0,7863.93,3,2,0.6666666666666666,39000.02,11,4,0.36363636363636365,0
LGS2ORD0048312,C015922,2026-01-18 14:00:00,Male,50,Bronze,Lazada,Bangkok,1406,Shopee,Credit_Card,14,1,6,1,40-50,46.86666666666667,9.0,3.0,0.3333333333333333,3,4,5876.354444444445,0.28,0.8888888888888888,0.4444444444444444,0.0,12798.65,1,0,0.0,22485.21,2,1,0.5,26044.92,5,1,0.2,52887.19,9,3,0.3333333333333333,1
LGS2ORD0048313,C017605,2026-01-18 14:00:00,Female,63,Silver,Web,Songkhla,968,TV_Show,COD,14,1,6,1,>50,32.266666666666666,9.0,5.0,0.5555555555555556,54,64,7641.163333333334,0.3,0.5555555555555556,0.2222222222222222,0.1111111111111111,0.0,0,0,0.0,0.0,0,0,0.0,34754.41,2,2,1.0,68770.47,9,5,0.5555555555555556,0
LGS2ORD0048314,C013285,2026-01-18 15:00:00,Female,37,Platinum,Lazada,Khon Kaen,461,Web,Credit_Card,15,1,6,1,30-40,15.366666666666667,6.0,2.0,0.3333333333333333,116,0,12609.096666666666,0.25,0.8333333333333334,0.3333333333333333,0.0,11756.95,1,0,0.0,11756.95,1,0,0.0,11756.95,1,0,0.0,75654.58,6,2,0.3333333333333333,0
LGS2ORD0048315,C017142,2026-01-18 15:00:00,Male,40,Bronze,Shopee,Bangkok,490,TV_Show,Bank_Transfer,15,1,6,1,30-40,16.333333333333332,1.0,0.0,0.0,-1,100,5318.52,0.18,1.0,0.0,0.0,0.0,0,0,0.0,0.0,0,0,0.0,0.0,0,0,0.0,5318.52,1,0,0.0,0
LGS2ORD0048316,C014047,2026-01-18 15:00:00,Male,43,Gold,Web,Nakhon Ratchasima,1507,TV_Show,Credit_Card,15,1,6,1,40-50,50.233333333333334,5.0,0.0,0.0,-1,291,5641.879999999999,0.28,0.6,0.4,0.0,0.0,0,0,0.0,0.0,0,0,0.0,0.0,0,0,0.0,28209.399999999998,5,0,0.0,0
LGS2ORD0048317,C014686,2026-01-18 15:00:00,Female,42,Silver,Web,Khon Kaen,1264,Lazada,Credit_Card,15,1,6,1,40-50,42.13333333333333,6.0,1.0,0.16666666666666666,159,52,7028.149999999999,0.1,0.3333333333333333,0.0,0.0,0.0,0,0,0.0,0.0,0,0,0.0,6721.15,1,0,0.0,40006.51,5,1,0.2,0
LGS2ORD0048318,C016832,2026-01-18 15:00:00,Female,29,Silver,Web,Phuket,1696,Lazada,COD,15,1,6,1,20-30,56.53333333333333,7.0,3.0,0.42857142857142855,3,13,3891.2314285714288,0.25,0.7142857142857143,0.14285714285714285,0.0,0.0,0,0,0.0,7511.71,2,1,0.5,7511.71,2,1,0.5,27238.620000000003,7,3,0.42857142857142855,1
LGS2ORD0048319,C014878,2026-01-18 16:00:00,Male,29,Silver,Lazada,Songkhla,401,Lazada,COD,16,1,6,1,20-30,13.366666666666667,10.0,3.0,0.3,93,17,4046.6059999999998,0.3,0.6,0.3,0.0,0.0,0,0,0.0,2408.09,2,0,0.0,21825.250000000004,4,0,0.0,40466.06,10,3,0.3,1
LGS2ORD0048320,C012142,2026-01-18 16:00:00,Male,40,Silver,Web,Phuket,625,TV_Show,Credit_Card,16,1,6,1,30-40,20.833333333333332,7.0,3.0,0.42857142857142855,140,7,3997.011428571429,0.25,0.2857142857142857,0.14285714285714285,0.0,0.0,0,0,0.0,7146.08,1,0,0.0,14195.720000000001,2,0,0.0,27979.08,7,3,0.42857142857142855,0
LGS2ORD0048321,C013311,2026-01-18 16:00:00,Female,29,Silver,Shopee,Chonburi,1700,TV_Show,COD,16,1,6,1,20-30,56.666666666666664,5.0,1.0,0.2,286,17,10216.397999999997,0.15,0.8,0.0,0.0,0.0,0,0,0.0,1805.84,1,0,0.0,1805.84,1,0,0.0,51081.98999999999,5,1,0.2,0
LGS2ORD0048322,C012769,2026-01-18 16:00:00,Male,57,Bronze,TV,Remote_Area,1690,Lazada,Credit_Card,16,1,6,1,>50,56.333333333333336,8.0,5.0,0.625,85,55,10122.97875,0.28,1.0,0.375,0.0,0.0,0,0,0.0,0.0,0,0,0.0,1273.33,1,0,0.0,80983.83,8,5,0.625,1
LGS2ORD0048323,C015732,2026-01-18 16:00:00,Female,47,Bronze,Shopee,Remote_Area,849,Shopee,Credit_Card,16,1,6,1,40-50,28.3,3.0,1.0,0.3333333333333333,49,48,4285.3533333333335,0.23,0.6666666666666666,0.3333333333333333,0.0,0.0,0,0,0.0,0.0,0,0,0.0,2193.35,2,1,0.5,12856.06,3,1,0.3333333333333333,1
LGS2ORD0048324,C016793,2026-01-18 16:00:00,Male,47,Silver,Lazada,Bangkok,540,Lazada,Credit_Card,16,1,6,1,40-50,18.0,5.0,0.0,0.0,-1,23,6460.678,0.2,0.4,0.0,0.0,0.0,0,0,0.0,2937.33,1,0,0.0,2937.33,1,0,0.0,32303.39,5,0,0.0,0
LGS2ORD0048325,C016405,2026-01-18 17:00:00,Male,50,Bronze,TV,Phuket,949,CallCenter,Credit_Card,17,1,6,1,40-50,31.633333333333333,4.0,1.0,0.25,102,26,2880.2925,0.18,0.5,0.0,0.0,0.0,0,0,0.0,1586.09,1,0,0.0,3750.17,2,0,0.0,11521.17,4,1,0.25,0
LGS2ORD0048326,C011556,2026-01-18 17:00:00,Male,33,Silver,Shopee,Chiang Mai,1632,Web,COD,17,1,6,1,30-40,54.4,8.0,3.0,0.375,59,73,4486.46125,0.2,0.5,0.0,0.0,0.0,0,0,0.0,0.0,0,0,0.0,13066.21,2,1,0.5,35891.69,8,3,0.375,0
LGS2ORD0048327,C013355,2026-01-18 17:00:00,Female,41,Silver,Web,Phuket,1419,CallCenter,COD,17,1,6,1,40-50,47.3,7.0,4.0,0.5714285714285714,46,37,4812.7985714285705,0.3,0.5714285714285714,0.7142857142857143,0.0,0.0,0,0,0.0,0.0,0,0,0.0,6088.92,2,1,0.5,33689.59,7,4,0.5714285714285714,1
LGS2ORD0048328,C013577,2026-01-18 17:00:00,Male,51,Bronze,TV,Chiang Mai,946,CallCenter,COD,17,1,6,1,>50,31.533333333333335,9.0,4.0,0.4444444444444444,59,39,6630.65,0.28,0.5555555555555556,0.1111111111111111,0.0,0.0,0,0,0.0,0.0,0,0,0.0,12638.73,3,1,0.3333333333333333,47783.09,8,3,0.375,0
LGS2ORD0048329,C012860,2026-01-18 17:00:00,Female,29,Silver,Shopee,Chonburi,1669,CallCenter,PromptPay,17,1,6,1,20-30,55.63333333333333,3.0,1.0,0.3333333333333333,121,132,10915.13,0.2,0.3333333333333333,0.0,0.0,0.0,0,0,0.0,0.0,0,0,0.0,0.0,0,0,0.0,32745.39,3,1,0.3333333333333333,1
LGS2ORD0048330,C016218,2026-01-18 18:00:00,Female,24,Silver,Web,Bangkok,843,Web,Credit_Card,18,1,6,1,20-30,28.1,5.0,2.0,0.4,254,123,5241.468,0.3,0.2,0.2,0.0,0.0,0,0,0.0,0.0,0,0,0.0,0.0,0,0,0.0,26207.34,5,2,0.4,0
LGS2ORD0048331,C013075,2026-01-18 18:00:00,Female,51,Silver,TV,Bangkok,1041,TV_Show,COD,18,1,6,1,>50,34.7,4.0,1.0,0.25,264,173,5961.5625,0.25,0.5,0.5,0.0,0.0,0,0,0.0,0.0,0,0,0.0,0.0,0,0,0.0,14044.029999999999,3,1,0.3333333333333333,0
LGS2ORD0048332,C010410,2026-01-18 18:00:00,Female,38,Bronze,Lazada,Nakhon Ratchasima,873,Web,Credit_Card,18,1,6,1,30-40,29.1,4.0,1.0,0.25,141,47,3865.26,0.28,0.75,0.5,0.0,0.0,0,0,0.0,0.0,0,0,0.0,6021.05,1,0,0.0,15461.04,4,1,0.25,1
LGS2ORD0048333,C011795,2026-01-18 18:00:00,Female,42,Platinum,Web,Chonburi,1476,CallCenter,Credit_Card,18,1,6,1,40-50,49.2,6.0,1.0,0.16666666666666666,92,26,5245.125,0.3,0.5,0.3333333333333333,0.0,0.0,0,0,0.0,572.23,1,0,0.0,572.23,1,0,0.0,31470.75,6,1,0.16666666666666666,0
LGS2ORD0048334,C016580,2026-01-18 18:00:00,Female,32,Bronze,Web,Bangkok,791,Lazada,Credit_Card,18,1,6,1,30-40,26.366666666666667,12.0,3.0,0.25,133,13,4833.050833333333,0.28,0.6666666666666666,0.5,0.0,0.0,0,0,0.0,12254.11,2,0,0.0,14859.95,4,0,0.0,57996.60999999999,12,3,0.25,0
LGS2ORD0048335,C010942,2026-01-18 19:00:00,Male,46,Bronze,Shopee,Bangkok,565,CallCenter,COD,19,1,6,1,40-50,18.833333333333332,4.0,0.0,0.0,-1,160,2074.0099999999998,0.28,0.0,0.25,0.0,0.0,0,0,0.0,0.0,0,0,0.0,0.0,0,0,0.0,8296.039999999999,4,0,0.0,0
LGS2ORD0048336,C012291,2026-01-18 19:00:00,Male,47,Bronze,Shopee,Chonburi,1492,Lazada,Credit_Card,19,1,6,1,40-50,49.733333333333334,3.0,1.0,0.3333333333333333,289,133,4489.383333333334,0.18,0.6666666666666666,0.0,0.0,0.0,0,0,0.0,0.0,0,0,0.0,0.0,0,0,0.0,13468.150000000001,3,1,0.3333333333333333,0
LGS2ORD0048337,C010072,2026-01-18 19:00:00,Female,52,Platinum,Web,Bangkok,480,Web,COD,19,1,6,1,>50,16.0,4.0,1.0,0.25,126,17,13640.96,0.3,0.75,0.75,0.0,0.0,0,0,0.0,701.99,1,0,0.0,701.99,1,0,0.0,54563.84,4,1,0.25,0
LGS2ORD0048338,C013603,2026-01-18 19:00:00,Female,50,Silver,TV,Chonburi,605,Shopee,Credit_Card,19,1,6,1,40-50,20.166666666666668,4.0,0.0,0.0,-1,64,6849.670000000001,0.2,0.25,0.0,0.0,0.0,0,0,0.0,0.0,0,0,0.0,3177.13,1,0,0.0,27398.680000000004,4,0,0.0,0
LGS2ORD0048339,C012760,2026-01-18 19:00:00,Male,45,Silver,TV,Khon Kaen,1712,Shopee,COD,19,1,6,1,40-50,57.06666666666667,3.0,0.0,0.0,-1,160,5977.663333333333,0.3,0.3333333333333333,0.6666666666666666,0.0,0.0,0,0,0.0,0.0,0,0,0.0,0.0,0,0,0.0,17932.989999999998,3,0,0.0,0
LGS2ORD0048340,C015674,2026-01-18 19:00:00,Female,46,Platinum,Web,Chiang Mai,1401,Web,Credit_Card,19,1,6,1,40-50,46.7,2.0,1.0,0.5,336,66,2677.27,0.3,0.5,0.5,0.0,0.0,0,0,0.0,0.0,0,0,0.0,1951.9,1,0,0.0,5354.54,2,1,0.5,0
LGS2ORD0048341,C015167,2026-01-18 20:00:00,Female,44,Silver,Web,Remote_Area,1827,Shopee,Bank_Transfer,20,1,6,1,40-50,60.9,2.0,1.0,0.5,190,202,2211.37,0.1,0.5,0.0,0.0,0.0,0,0,0.0,0.0,0,0,0.0,0.0,0,0,0.0,4422.74,2,1,0.5,0
LGS2ORD0048342,C012480,2026-01-18 20:00:00,Male,39,Silver,CallCenter,Bangkok,1785,Lazada,Bank_Transfer,20,1,6,1,30-40,59.5,8.0,0.0,0.0,-1,88,6230.66625,0.25,0.625,0.125,0.0,0.0,0,0,0.0,0.0,0,0,0.0,10915.33,1,0,0.0,49845.33,8,0,0.0,0
LGS2ORD0048343,C014120,2026-01-18 20:00:00,Female,54,Gold,Web,Bangkok,1830,Shopee,Credit_Card,20,1,6,1,>50,61.0,6.0,0.0,0.0,-1,80,3172.433333333333,0.28,0.5,0.3333333333333333,0.0,0.0,0,0,0.0,0.0,0,0,0.0,1112.08,1,0,0.0,17505.410000000003,5,0,0.0,0
LGS2ORD0048344,C014719,2026-01-18 20:00:00,Female,56,Bronze,Shopee,Chonburi,1132,Web,COD,20,1,6,1,>50,37.733333333333334,12.0,2.0,0.16666666666666666,182,28,3033.595,0.28,0.25,0.16666666666666666,0.0,0.0,0,0,0.0,1119.59,1,0,0.0,1119.59,1,0,0.0,33913.719999999994,11,1,0.09090909090909091,1
LGS2ORD0048345,C013878,2026-01-18 20:00:00,Male,31,Gold,TV,Chiang Mai,1266,Web,COD,20,1,6,1,30-40,42.2,8.0,2.0,0.25,75,81,3757.7824999999993,0.33,0.25,0.375,0.0,0.0,0,0,0.0,0.0,0,0,0.0,2958.35,2,2,1.0,30062.259999999995,8,2,0.25,0
LGS2ORD0048346,C016884,2026-01-18 21:00:00,Male,57,Gold,Web,Chonburi,1814,Lazada,PromptPay,21,1,6,1,>50,60.46666666666667,3.0,0.0,0.0,-1,82,10523.25,0.33,0.3333333333333333,0.6666666666666666,0.0,0.0,0,0,0.0,0.0,0,0,0.0,12592.03,1,0,0.0,31569.75,3,0,0.0,0
LGS2ORD0048347,C012739,2026-01-18 21:00:00,Male,56,Bronze,TV,Remote_Area,1578,Shopee,COD,21,1,6,1,>50,52.6,7.0,2.0,0.2857142857142857,2,5,7850.961428571429,0.23,0.7142857142857143,0.2857142857142857,0.0,6106.42,1,1,1.0,6106.42,1,1,1.0,6106.42,1,1,1.0,54956.73,7,2,0.2857142857142857,1
LGS2ORD0048348,C011710,2026-01-18 21:00:00,Female,18,Platinum,CallCenter,Khon Kaen,1158,TV_Show,PromptPay,21,1,6,1,<20,38.6,8.0,3.0,0.375,34,21,5425.22875,0.35,0.5,0.25,0.0,0.0,0,0,0.0,12357.88,1,0,0.0,15454.199999999999,2,1,0.5,43401.83,8,3,0.375,0
LGS2ORD0048349,C016104,2026-01-18 21:00:00,Male,55,Bronze,TV,Phuket,1494,TV_Show,Bank_Transfer,21,1,6,1,>50,49.8,8.0,2.0,0.25,133,108,2731.2825,0.28,0.75,0.375,0.0,0.0,0,0,0.0,0.0,0,0,0.0,0.0,0,0,0.0,18602.579999999998,7,1,0.14285714285714285,0
LGS2ORD0048350,C014959,2026-01-18 21:00:00,Female,50,Gold,TV,Khon Kaen,974,TV_Show,PromptPay,21,1,6,1,40-50,32.46666666666667,8.0,3.0,0.375,265,198,2667.44375,0.28,0.75,0.75,0.0,0.0,0,0,0.0,0.0,0,0,0.0,0.0,0,0,0.0,21188.67,7,3,0.42857142857142855,1
LGS2ORD0048351,C013336,2026-01-18 22:00:00,Female,63,Silver,TV,Chonburi,1526,CallCenter,PromptPay,22,1,6,1,>50,50.86666666666667,7.0,0.0,0.0,-1,23,4396.334285714285,0.3,0.42857142857142855,0.42857142857142855,0.0,0.0,0,0,0.0,1224.92,1,0,0.0,1224.92,1,0,0.0,30774.339999999997,7,0,0.0,0
LGS2ORD0048352,C017887,2026-01-18 22:00:00,Male,34,Bronze,Web,Nakhon Ratchasima,1032,Lazada,COD,22,1,6,1,30-40,34.4,2.0,0.0,0.0,-1,110,7856.72,0.13,0.5,0.0,0.0,0.0,0,0,0.0,0.0,0,0,0.0,0.0,0,0,0.0,15713.44,2,0,0.0,0
LGS2ORD0048353,C010561,2026-01-18 22:00:00,Male,24,Bronze,Web,Phuket,660,Lazada,PromptPay,22,1,6,1,20-30,22.0,4.0,3.0,0.75,46,49,4649.255,0.08,0.5,0.0,0.0,0.0,0,0,0.0,0.0,0,0,0.0,3002.76,1,1,1.0,18597.02,4,3,0.75,0
LGS2ORD0048354,C012962,2026-01-18 22:00:00,Male,35,Gold,Web,Khon Kaen,1193,TV_Show,PromptPay,22,1,6,1,30-40,39.766666666666666,12.0,2.0,0.16666666666666666,245,14,5867.867499999999,0.33,0.3333333333333333,0.4166666666666667,0.0,0.0,0,0,0.0,14702.39,3,0,0.0,15627.46,4,0,0.0,68357.55,11,2,0.18181818181818182,0
LGS2ORD0048355,C017720,2026-01-18 22:00:00,Female,39,Silver,Lazada,Bangkok,1199,Shopee,COD,22,1,6,1,30-40,39.96666666666667,7.0,1.0,0.14285714285714285,305,6,1936.7971428571432,0.3,0.14285714285714285,0.2857142857142857,0.0,1738.54,1,0,0.0,3126.83,2,0,0.0,3126.83,2,0,0.0,11009.260000000002,5,1,0.2,0
LGS2ORD0048356,C012628,2026-01-18 23:00:00,Male,34,Platinum,Shopee,Bangkok,1080,Shopee,COD,23,1,6,1,30-40,36.0,14.0,4.0,0.2857142857142857,33,47,3780.6992857142855,0.35,0.5,0.5714285714285714,0.0,0.0,0,0,0.0,0.0,0,0,0.0,5661.95,3,3,1.0,52929.78999999999,14,4,0.2857142857142857,0
LGS2ORD0048357,C015106,2026-01-18 23:00:00,Female,32,Bronze,Shopee,Bangkok,1165,TV_Show,COD,23,1,6,1,30-40,38.833333333333336,9.0,4.0,0.4444444444444444,9,21,3911.4411111111112,0.28,0.6666666666666666,0.4444444444444444,0.0,0.0,0,0,0.0,3866.99,1,1,1.0,3866.99,1,1,1.0,30772.269999999997,8,4,0.5,0
LGS2ORD0048358,C010373,2026-01-18 23:00:00,Female,61,Silver,Shopee,Remote_Area,687,TV_Show,COD,23,1,6,1,>50,22.9,2.0,0.0,0.0,-1,49,8262.810000000001,0.2,0.0,0.0,0.0,0.0,0,0,0.0,0.0,0,0,0.0,7985.6,1,0,0.0,16525.620000000003,2,0,0.0,1
LGS2ORD0048359,C013152,2026-01-18 23:00:00,Female,46,Bronze,Web,Remote_Area,1357,Web,COD,23,1,6,1,40-50,45.233333333333334,7.0,1.0,0.14285714285714285,279,6,2457.6342857142854,0.23,0.5714285714285714,0.2857142857142857,0.0,2060.84,1,0,0.0,2060.84,1,0,0.0,2219.4100000000003,2,0,0.0,17203.44,7,1,0.14285714285714285,0
LGS2ORD0048360,C016989,2026-01-18 23:00:00,Female,55,Platinum,Shopee,Chonburi,865,Shopee,COD,23,1,6,1,>50,28.833333333333332,5.0,0.0,0.0,-1,2,2734.0220000000004,0.25,0.0,0.2,0.0,524.2,1,0,0.0,2770.8900000000003,2,0,0.0,10683.910000000002,3,0,0.0,10683.910000000002,3,0,0.0,0
LGS2ORD0048361,C011432,2026-01-18 23:00:00,Female,53,Bronze,CallCenter,Chonburi,793,Web,COD,23,1,6,1,>50,26.433333333333334,10.0,0.0,0.0,-1,18,6118.519999999999,0.28,0.6,0.1,0.0,0.0,0,0,0.0,576.47,1,0,0.0,576.47,1,0,0.0,61185.19999999999,10,0,0.0,1
LGS2ORD0048362,C015363,2026-01-19 00:00:00,Female,65,Bronze,TV,Remote_Area,1512,Shopee,PromptPay,0,1,0,0,>50,50.4,4.0,1.0,0.25,32,35,9141.0225,0.28,0.5,0.25,0.0,0.0,0,0,0.0,0.0,0,0,0.0,6917.52,2,1,0.5,36564.09,4,1,0.25,0
LGS2ORD0048363,C012061,2026-01-19 00:00:00,Male,23,Bronze,CallCenter,Chiang Mai,1696,TV_Show,Credit_Card,0,1,0,0,20-30,56.53333333333333,4.0,0.0,0.0,-1,3,5326.415,0.28,0.5,0.25,0.0,10691.78,1,0,0.0,10691.78,1,0,0.0,10691.78,1,0,0.0,21305.66,4,0,0.0,0
LGS2ORD0048364,C011345,2026-01-19 00:00:00,Male,34,Silver,Shopee,Khon Kaen,1359,Lazada,Credit_Card,0,1,0,0,30-40,45.3,5.0,0.0,0.0,-1,3,3184.9080000000004,0.3,0.4,0.4,0.0,1767.99,1,0,0.0,1767.99,1,0,0.0,2816.92,2,0,0.0,15924.54,5,0,0.0,0
LGS2ORD0048365,C011749,2026-01-19 00:00:00,Female,47,Bronze,TV,Khon Kaen,467,CallCenter,COD,0,1,0,0,40-50,15.566666666666666,11.0,3.0,0.2727272727272727,177,87,6261.25,0.28,0.5454545454545454,0.2727272727272727,0.0,0.0,0,0,0.0,0.0,0,0,0.0,7692.84,1,0,0.0,68873.75,11,3,0.2727272727272727,0
LGS2ORD0048366,C015309,2026-01-19 00:00:00,Male,54,Silver,Lazada,Bangkok,505,Shopee,COD,0,1,0,0,>50,16.833333333333332,6.0,1.0,0.16666666666666666,57,3,7263.151666666666,0.2,0.16666666666666666,0.0,0.0,11645.31,1,0,0.0,11645.31,1,0,0.0,23654.480000000003,4,1,0.25,43578.909999999996,6,1,0.16666666666666666,0
LGS2ORD0048367,C010292,2026-01-19 01:00:00,Male,31,Bronze,Lazada,Songkhla,540,TV_Show,Credit_Card,1,1,0,0,30-40,18.0,1.0,0.0,0.0,-1,23,2243.75,0.03,1.0,0.0,0.0,0.0,0,0,0.0,2243.75,1,0,0.0,2243.75,1,0,0.0,2243.75,1,0,0.0,0
LGS2ORD0048368,C016905,2026-01-19 01:00:00,Female,28,Bronze,CallCenter,Bangkok,1060,Web,COD,1,1,0,0,20-30,35.333333333333336,5.0,2.0,0.4,218,110,11829.584,0.08,0.4,0.0,0.0,0.0,0,0,0.0,0.0,0,0,0.0,0.0,0,0,0.0,59147.920000000006,5,2,0.4,0
LGS2ORD0048369,C012480,2026-01-19 01:00:00,Male,39,Silver,CallCenter,Bangkok,1786,TV_Show,COD,1,1,0,0,30-40,59.53333333333333,9.0,0.0,0.0,-1,0,5891.431111111112,0.25,0.5555555555555556,0.1111111111111111,0.0,3177.55,1,0,0.0,3177.55,1,0,0.0,14092.880000000001,2,0,0.0,53022.880000000005,9,0,0.0,1
LGS2ORD0048370,C016858,2026-01-19 01:00:00,Male,40,Bronze,TV,Songkhla,769,Lazada,Bank_Transfer,1,1,0,0,30-40,25.633333333333333,12.0,4.0,0.3333333333333333,17,26,4150.338333333334,0.28,0.75,0.5,0.0,0.0,0,0,0.0,4349.2,1,1,1.0,16207.52,4,1,0.25,49804.060000000005,12,4,0.3333333333333333,0
LGS2ORD0048371,C013709,2026-01-19 01:00:00,Male,27,Bronze,TV,Phuket,1408,TV_Show,COD,1,1,0,0,20-30,46.93333333333333,8.0,1.0,0.125,144,11,4150.5975,0.23,0.5,0.125,0.0,0.0,0,0,0.0,3480.3,1,0,0.0,3480.3,1,0,0.0,33204.78,8,1,0.125,0
LGS2ORD0048372,C015447,2026-01-19 02:00:00,Female,53,Bronze,Web,Nakhon Ratchasima,1826,Web,COD,2,1,0,0,>50,60.86666666666667,9.0,2.0,0.2222222222222222,50,1,7241.021111111111,0.23,0.6666666666666666,0.2222222222222222,0.0,1453.4,1,0,0.0,9326.79,2,0,0.0,16601.480000000003,4,1,0.25,62729.840000000004,8,2,0.25,0
LGS2ORD0048373,C014531,2026-01-19 02:00:00,Male,47,Silver,TV,Nakhon Ratchasima,986,Web,PromptPay,2,1,0,0,40-50,32.86666666666667,3.0,0.0,0.0,-1,1,6328.556666666666,0.1,0.3333333333333333,0.0,0.0,4701.26,1,0,0.0,4701.26,1,0,0.0,4701.26,1,0,0.0,9784.76,2,0,0.0,0
LGS2ORD0048374,C013619,2026-01-19 02:00:00,Female,41,Silver,Shopee,Khon Kaen,1687,Lazada,COD,2,1,0,0,40-50,56.233333333333334,6.0,1.0,0.16666666666666666,326,82,6524.825,0.25,0.16666666666666666,0.16666666666666666,0.0,0.0,0,0,0.0,0.0,0,0,0.0,11170.59,1,0,0.0,39148.95,6,1,0.16666666666666666,1
LGS2ORD0048375,C017334,2026-01-19 02:00:00,Male,45,Silver,Web,Remote_Area,707,Shopee,Credit_Card,2,1,0,0,40-50,23.566666666666666,11.0,3.0,0.2727272727272727,63,23,4646.679090909091,0.25,0.6363636363636364,0.09090909090909091,0.0,0.0,0,0,0.0,3066.68,1,0,0.0,18135.03,4,1,0.25,50327.630000000005,10,3,0.3,0
LGS2ORD0048376,C013937,2026-01-19 02:00:00,Male,40,Silver,Lazada,Khon Kaen,1139,Web,Credit_Card,2,1,0,0,30-40,37.96666666666667,8.0,3.0,0.375,124,132,6606.6975,0.3,0.875,0.125,0.0,0.0,0,0,0.0,0.0,0,0,0.0,0.0,0,0,0.0,52853.58,8,3,0.375,0
LGS2ORD0048377,C014855,2026-01-19 03:00:00,Female,49,Gold,Web,Bangkok,677,CallCenter,Bank_Transfer,3,1,0,0,40-50,22.566666666666666,3.0,0.0,0.0,-1,14,2763.383333333333,0.33,1.0,0.3333333333333333,0.0,0.0,0,0,0.0,4274.43,1,0,0.0,4274.43,1,0,0.0,8290.15,3,0,0.0,1
LGS2ORD0048378,C010356,2026-01-19 03:00:00,Male,39,Silver,Shopee,Bangkok,724,TV_Show,COD,3,1,0,0,30-40,24.133333333333333,12.0,0.0,0.0,-1,4,5340.091666666666,0.3,0.5833333333333334,0.25,0.08333333333333333,9840.8,1,0,0.0,11228.31,2,0,0.0,17800.93,5,0,0.0,64081.09999999999,12,0,0.0,0
LGS2ORD0048379,C012836,2026-01-19 03:00:00,Female,54,Gold,Web,Songkhla,1459,CallCenter,PromptPay,3,1,0,0,>50,48.63333333333333,4.0,0.0,0.0,-1,88,7205.685,0.28,0.0,0.25,0.0,0.0,0,0,0.0,0.0,0,0,0.0,1845.6,1,0,0.0,28822.74,4,0,0.0,0
LGS2ORD0048380,C013437,2026-01-19 03:00:00,Female,39,Silver,Web,Khon Kaen,1186,Shopee,PromptPay,3,1,0,0,30-40,39.53333333333333,6.0,0.0,0.0,-1,115,4182.815,0.15,0.3333333333333333,0.0,0.0,0.0,0,0,0.0,0.0,0,0,0.0,0.0,0,0,0.0,25096.89,6,0,0.0,0
LGS2ORD0048381,C010874,2026-01-19 03:00:00,Male,52,Bronze,Web,Bangkok,413,Shopee,Credit_Card,3,1,0,0,>50,13.766666666666667,5.0,0.0,0.0,-1,62,7643.887999999999,0.28,0.4,0.2,0.0,0.0,0,0,0.0,0.0,0,0,0.0,5030.85,1,0,0.0,38219.439999999995,5,0,0.0,0
LGS2ORD0048382,C016318,2026-01-19 03:00:00,Male,42,Bronze,Web,Bangkok,815,CallCenter,COD,3,1,0,0,40-50,27.166666666666668,1.0,0.0,0.0,-1,4,625.45,0.18,0.0,0.0,0.0,625.45,1,0,0.0,625.45,1,0,0.0,625.45,1,0,0.0,625.45,1,0,0.0,1
LGS2ORD0048383,C015839,2026-01-19 04:00:00,Female,30,Silver,Shopee,Chiang Mai,649,TV_Show,COD,4,1,0,0,20-30,21.633333333333333,6.0,0.0,0.0,-1,15,9685.278333333334,0.25,0.6666666666666666,0.16666666666666666,0.0,0.0,0,0,0.0,7393.48,1,0,0.0,19182.149999999998,4,0,0.0,58111.67,6,0,0.0,0
LGS2ORD0048384,C010672,2026-01-19 04:00:00,Female,40,Gold,Web,Bangkok,680,Shopee,Credit_Card,4,1,0,0,30-40,22.666666666666668,5.0,2.0,0.4,14,18,3105.3,0.28,0.8,0.8,0.0,0.0,0,0,0.0,2508.7,2,1,0.5,2508.7,2,1,0.5,15526.500000000002,5,2,0.4,1
LGS2ORD0048385,C015533,2026-01-19 04:00:00,Female,22,Silver,CallCenter,Bangkok,1304,Web,PromptPay,4,1,0,0,20-30,43.46666666666667,7.0,1.0,0.14285714285714285,103,15,2460.6971428571437,0.25,0.42857142857142855,0.42857142857142855,0.0,0.0,0,0,0.0,730.49,1,0,0.0,730.49,1,0,0.0,17224.880000000005,7,1,0.14285714285714285,0
LGS2ORD0048386,C013349,2026-01-19 04:00:00,Female,37,Bronze,TV,Khon Kaen,728,Lazada,COD,4,1,0,0,30-40,24.266666666666666,7.0,0.0,0.0,-1,39,1565.862857142857,0.28,0.7142857142857143,0.14285714285714285,0.0,0.0,0,0,0.0,0.0,0,0,0.0,5556.58,3,0,0.0,10961.039999999999,7,0,0.0,0
LGS2ORD0048387,C012896,2026-01-19 04:00:00,Female,26,Bronze,CallCenter,Khon Kaen,590,Lazada,COD,4,1,0,0,20-30,19.666666666666668,4.0,1.0,0.25,330,93,6161.9425,0.28,0.25,0.25,0.0,0.0,0,0,0.0,0.0,0,0,0.0,0.0,0,0,0.0,24647.77,4,1,0.25,0
LGS2ORD0048388,C013388,2026-01-19 05:00:00,Other,58,Silver,Web,Bangkok,1288,Lazada,COD,5,1,0,0,>50,42.93333333333333,9.0,1.0,0.1111111111111111,320,37,2125.066666666667,0.3,0.6666666666666666,0.3333333333333333,0.0,0.0,0,0,0.0,0.0,0,0,0.0,4033.17,3,0,0.0,19125.600000000002,9,1,0.1111111111111111,0
LGS2ORD0048389,C015820,2026-01-19 05:00:00,Female,33,Platinum,Shopee,Songkhla,445,TV_Show,PromptPay,5,1,0,0,30-40,14.833333333333334,7.0,2.0,0.2857142857142857,206,124,7075.777142857143,0.3,0.2857142857142857,0.5714285714285714,0.0,0.0,0,0,0.0,0.0,0,0,0.0,0.0,0,0,0.0,34992.86,5,2,0.4,0
LGS2ORD0048390,C016325,2026-01-19 05:00:00,Female,52,Bronze,TV,Remote_Area,1486,Shopee,COD,5,1,0,0,>50,49.53333333333333,11.0,3.0,0.2727272727272727,105,39,3104.3390909090913,0.28,0.45454545454545453,0.36363636363636365,0.0,0.0,0,0,0.0,0.0,0,0,0.0,1126.8400000000001,2,0,0.0,34147.73,11,3,0.2727272727272727,1
LGS2ORD0048391,C010723,2026-01-19 05:00:00,Male,38,Gold,Shopee,Khon Kaen,745,Web,COD,5,1,0,0,30-40,24.833333333333332,4.0,1.0,0.25,33,40,10109.555,0.2299999999999999,0.5,0.75,0.0,0.0,0,0,0.0,0.0,0,0,0.0,1950.97,1,1,1.0,40438.22,4,1,0.25,0
LGS2ORD0048392,C010268,2026-01-19 05:00:00,Other,49,Bronze,Lazada,Chiang Mai,814,Lazada,COD,5,1,0,0,40-50,27.133333333333333,6.0,1.0,0.16666666666666666,179,14,11099.556666666665,0.28,0.6666666666666666,0.16666666666666666,0.0,0.0,0,0,0.0,5920.18,1,0,0.0,21141.27,2,0,0.0,66597.34,6,1,0.16666666666666666,0
LGS2ORD0048393,C014994,2026-01-19 06:00:00,Male,63,Bronze,CallCenter,Khon Kaen,798,Shopee,PromptPay,6,1,0,0,>50,26.6,7.0,2.0,0.2857142857142857,45,27,5408.927142857143,0.28,0.42857142857142855,0.14285714285714285,0.0,0.0,0,0,0.0,5992.06,1,0,0.0,16826.13,3,1,0.3333333333333333,37862.49,7,2,0.2857142857142857,0
LGS2ORD0048394,C012159,2026-01-19 06:00:00,Male,45,Bronze,Shopee,Bangkok,887,Web,COD,6,1,0,0,40-50,29.566666666666666,6.0,2.0,0.3333333333333333,97,89,6419.118333333333,0.18,0.8333333333333334,0.0,0.0,0.0,0,0,0.0,0.0,0,0,0.0,7681.94,1,0,0.0,38514.71,6,2,0.3333333333333333,1
LGS2ORD0048395,C014937,2026-01-19 06:00:00,Male,42,Bronze,Shopee,Phuket,1456,TV_Show,COD,6,1,0,0,40-50,48.53333333333333,8.0,3.0,0.375,124,13,4368.4975,0.23,0.875,0.125,0.0,0.0,0,0,0.0,2566.24,2,0,0.0,2566.24,2,0,0.0,34947.98,8,3,0.375,0
LGS2ORD0048396,C010553,2026-01-19 06:00:00,Female,62,Bronze,Shopee,Bangkok,1451,Shopee,COD,6,1,0,0,>50,48.36666666666667,12.0,3.0,0.25,-9,6,6482.0233333333335,0.23,0.75,0.08333333333333333,0.0,7558.320000000001,2,1,0.5,7558.320000000001,2,1,0.5,45988.020000000004,5,1,0.2,65095.600000000006,10,2,0.2,1
LGS2ORD0048397,C015756,2026-01-19 06:00:00,Female,42,Bronze,Shopee,Phuket,585,TV_Show,Bank_Transfer,6,1,0,0,40-50,19.5,8.0,4.0,0.5,200,16,6472.289999999999,0.28,0.75,0.375,0.0,0.0,0,0,0.0,5572.81,1,0,0.0,8788.28,2,0,0.0,51778.31999999999,8,4,0.5,0
LGS2ORD0048398,C016652,2026-01-19 07:00:00,Female,68,Bronze,TV,Phuket,1436,Web,COD,7,1,0,0,>50,47.86666666666667,3.0,0.0,0.0,-1,33,13097.386666666667,0.08,1.0,0.0,0.0,0.0,0,0,0.0,0.0,0,0,0.0,38136.340000000004,2,0,0.0,39292.16,3,0,0.0,1
LGS2ORD0048399,C012691,2026-01-19 07:00:00,Other,31,Bronze,TV,Nakhon Ratchasima,1106,TV_Show,COD,7,1,0,0,30-40,36.86666666666667,8.0,2.0,0.25,194,51,8720.568749999999,0.28,0.625,0.25,0.0,0.0,0,0,0.0,0.0,0,0,0.0,1890.61,1,0,0.0,69764.54999999999,8,2,0.25,1
LGS2ORD0048400,C012941,2026-01-19 07:00:00,Female,56,Silver,Shopee,Bangkok,783,Web,PromptPay,7,1,0,0,>50,26.1,5.0,0.0,0.0,-1,56,3188.614,0.3,0.0,0.6,0.0,0.0,0,0,0.0,0.0,0,0,0.0,7538.03,1,0,0.0,15943.07,5,0,0.0,0
LGS2ORD0048401,C016257,2026-01-19 07:00:00,Female,20,Bronze,TV,Remote_Area,1605,CallCenter,Bank_Transfer,7,1,0,0,<20,53.5,9.0,3.0,0.3333333333333333,27,33,5505.707777777778,0.23,0.7777777777777778,0.5555555555555556,0.0,0.0,0,0,0.0,0.0,0,0,0.0,6759.18,3,2,0.6666666666666666,49551.369999999995,9,3,0.3333333333333333,0
LGS2ORD0048402,C016902,2026-01-19 07:00:00,Male,45,Bronze,Web,Chiang Mai,1276,Web,COD,7,1,0,0,40-50,42.53333333333333,3.0,1.0,0.3333333333333333,337,148,995.41,0.23,0.6666666666666666,0.6666666666666666,0.0,0.0,0,0,0.0,0.0,0,0,0.0,0.0,0,0,0.0,2986.23,3,1,0.3333333333333333,0
LGS2ORD0048403,C012027,2026-01-19 07:00:00,Female,41,Bronze,Shopee,Bangkok,1539,Web,COD,7,1,0,0,40-50,51.3,14.0,5.0,0.35714285714285715,177,31,6889.589285714285,0.28,0.5,0.35714285714285715,0.0,0.0,0,0,0.0,0.0,0,0,0.0,12700.380000000001,3,0,0.0,96454.25,14,5,0.35714285714285715,1
LGS2ORD0048404,C013448,2026-01-19 08:00:00,Male,40,Gold,Web,Songkhla,1225,Web,Credit_Card,8,1,0,0,30-40,40.833333333333336,6.0,0.0,0.0,-1,31,2412.1516666666666,0.33,0.0,0.16666666666666666,0.0,0.0,0,0,0.0,0.0,0,0,0.0,9086.25,2,0,0.0,14472.91,6,0,0.0,0
LGS2ORD0048405,C014999,2026-01-19 08:00:00,Female,49,Bronze,TV,Bangkok,1269,Web,PromptPay,8,1,0,0,40-50,42.3,7.0,2.0,0.2857142857142857,41,25,3930.2785714285715,0.23,0.5714285714285714,0.42857142857142855,0.0,0.0,0,0,0.0,6912.34,1,0,0.0,12079.619999999999,3,1,0.3333333333333333,27511.95,7,2,0.2857142857142857,0
LGS2ORD0048406,C011964,2026-01-19 08:00:00,Male,68,Bronze,Web,Chiang Mai,490,TV_Show,PromptPay,8,1,0,0,>50,16.333333333333332,8.0,1.0,0.125,233,118,3620.84875,0.28,0.5,0.25,0.0,0.0,0,0,0.0,0.0,0,0,0.0,0.0,0,0,0.0,28966.79,8,1,0.125,0
LGS2ORD0048407,C013880,2026-01-19 08:00:00,Female,47,Silver,TV,Chonburi,1651,TV_Show,COD,8,1,0,0,40-50,55.03333333333333,7.0,0.0,0.0,-1,16,9715.472857142857,0.25,0.5714285714285714,0.2857142857142857,0.0,0.0,0,0,0.0,15989.21,1,0,0.0,19603.78,2,0,0.0,68008.31,7,0,0.0,1
LGS2ORD0048408,C011977,2026-01-19 08:00:00,Male,60,Bronze,Shopee,Bangkok,713,Shopee,PromptPay,8,1,0,0,>50,23.766666666666666,4.0,1.0,0.25,243,117,5704.515,0.23,0.5,0.25,0.0,0.0,0,0,0.0,0.0,0,0,0.0,0.0,0,0,0.0,22818.06,4,1,0.25,1
LGS2ORD0048409,C016667,2026-01-19 09:00:00,Male,18,Bronze,TV,Chiang Mai,1726,Shopee,COD,9,1,0,0,<20,57.53333333333333,2.0,1.0,0.5,254,152,11602.025,0.18,0.0,0.0,0.0,0.0,0,0,0.0,0.0,0,0,0.0,0.0,0,0,0.0,23204.05,2,1,0.5,1
LGS2ORD0048410,C016491,2026-01-19 09:00:00,Male,53,Bronze,TV,Chiang Mai,1818,Web,COD,9,1,0,0,>50,60.6,4.0,3.0,0.75,27,27,11561.19,0.28,1.0,0.25,0.0,0.0,0,0,0.0,624.72,1,0,0.0,17330.77,2,1,0.5,46244.76,4,3,0.75,0
LGS2ORD0048411,C015379,2026-01-19 09:00:00,Female,38,Bronze,Web,Chonburi,811,Shopee,Credit_Card,9,1,0,0,30-40,27.033333333333335,4.0,3.0,0.75,269,191,2051.55,0.28,1.0,0.5,0.0,0.0,0,0,0.0,0.0,0,0,0.0,0.0,0,0,0.0,5197.25,3,2,0.6666666666666666,0
LGS2ORD0048412,C010848,2026-01-19 09:00:00,Male,42,Bronze,Lazada,Chiang Mai,558,Web,Credit_Card,9,1,0,0,40-50,18.6,3.0,0.0,0.0,-1,127,897.1466666666666,0.23,0.6666666666666666,0.3333333333333333,0.0,0.0,0,0,0.0,0.0,0,0,0.0,0.0,0,0,0.0,2691.44,3,0,0.0,0
LGS2ORD0048413,C016817,2026-01-19 09:00:00,Female,45,Bronze,Shopee,Bangkok,1177,CallCenter,COD,9,1,0,0,40-50,39.233333333333334,4.0,0.0,0.0,-1,22,9054.755000000001,0.23,0.25,0.25,0.0,0.0,0,0,0.0,17444.66,1,0,0.0,17444.66,1,0,0.0,36219.020000000004,4,0,0.0,0
LGS2ORD0048414,C011021,2026-01-19 10:00:00,Male,64,Bronze,TV,Bangkok,1718,CallCenter,COD,10,1,0,0,>50,57.266666666666666,7.0,1.0,0.14285714285714285,1,10,1817.5085714285713,0.28,0.42857142857142855,0.2857142857142857,0.0,0.0,0,0,0.0,1938.93,1,1,1.0,3082.8500000000004,2,1,0.5,12722.56,7,1,0.14285714285714285,1
LGS2ORD0048415,C015184,2026-01-19 10:00:00,Female,47,Bronze,TV,Songkhla,1673,Web,Bank_Transfer,10,1,0,0,40-50,55.766666666666666,11.0,6.0,0.5454545454545454,28,2,5073.668181818182,0.23,0.5454545454545454,0.45454545454545453,0.0,12335.02,1,0,0.0,13479.82,2,0,0.0,18454.56,5,3,0.6,55810.350000000006,11,6,0.5454545454545454,1
LGS2ORD0048416,C010476,2026-01-19 10:00:00,Male,50,Bronze,Web,Phuket,395,Shopee,PromptPay,10,1,0,0,40-50,13.166666666666666,6.0,1.0,0.16666666666666666,177,119,4153.766666666666,0.08,0.5,0.0,0.0,0.0,0,0,0.0,0.0,0,0,0.0,0.0,0,0,0.0,24922.6,6,1,0.16666666666666666,0
LGS2ORD0048417,C014870,2026-01-19 10:00:00,Male,71,Bronze,Lazada,Bangkok,1836,CallCenter,Credit_Card,10,1,0,0,>50,61.2,6.0,0.0,0.0,-1,3,5627.041666666667,0.28,0.3333333333333333,0.16666666666666666,0.0,1322.36,1,0,0.0,1322.36,1,0,0.0,1322.36,1,0,0.0,12431.25,5,0,0.0,0
LGS2ORD0048418,C017251,2026-01-19 10:00:00,Female,51,Gold,Shopee,Khon Kaen,873,Web,PromptPay,10,1,0,0,>50,29.1,6.0,1.0,0.16666666666666666,69,19,5863.54,0.2299999999999999,0.8333333333333334,0.16666666666666666,0.0,0.0,0,0,0.0,2391.88,1,0,0.0,3419.4700000000003,2,1,0.5,35181.24,6,1,0.16666666666666666,0
LGS2ORD0048419,C017050,2026-01-19 11:00:00,Male,36,Platinum,TV,Nakhon Ratchasima,1089,Lazada,Credit_Card,11,1,0,0,30-40,36.3,8.0,1.0,0.125,91,28,3765.6775,0.3,0.625,0.625,0.125,0.0,0,0,0.0,8634.96,1,0,0.0,8634.96,1,0,0.0,30125.42,8,1,0.125,0
LGS2ORD0048420,C012882,2026-01-19 11:00:00,Male,57,Silver,Shopee,Chiang Mai,420,Shopee,COD,11,1,0,0,>50,14.0,8.0,2.0,0.25,24,36,5250.22375,0.3,0.125,0.375,0.125,0.0,0,0,0.0,0.0,0,0,0.0,2396.74,1,1,1.0,42001.79,8,2,0.25,0
LGS2ORD0048421,C010491,2026-01-19 11:00:00,Male,49,Platinum,Web,Bangkok,484,Shopee,Bank_Transfer,11,1,0,0,40-50,16.133333333333333,3.0,0.0,0.0,-1,37,6035.833333333333,0.35,0.6666666666666666,0.3333333333333333,0.0,0.0,0,0,0.0,0.0,0,0,0.0,7312.91,1,0,0.0,18107.5,3,0,0.0,1
LGS2ORD0048422,C011625,2026-01-19 11:00:00,Female,36,Bronze,TV,Remote_Area,1823,Web,COD,11,1,0,0,30-40,60.766666666666666,4.0,1.0,0.25,49,56,3816.315,0.28,0.75,0.25,0.0,0.0,0,0,0.0,0.0,0,0,0.0,4837.95,2,1,0.5,15265.26,4,1,0.25,0
LGS2ORD0048423,C015175,2026-01-19 11:00:00,Female,26,Bronze,Web,Remote_Area,806,Web,COD,11,1,0,0,20-30,26.866666666666667,5.0,0.0,0.0,-1,29,1918.4679999999996,0.23,1.0,0.2,0.0,0.0,0,0,0.0,1150.81,1,0,0.0,1150.81,1,0,0.0,9592.339999999998,5,0,0.0,0
LGS2ORD0048424,C013742,2026-01-19 11:00:00,Male,46,Platinum,Lazada,Remote_Area,1192,Web,COD,11,1,0,0,40-50,39.733333333333334,5.0,1.0,0.2,-3,13,6111.24,0.3,0.4,0.6,0.0,0.0,0,0,0.0,9780.69,1,1,1.0,12896.6,2,1,0.5,30556.199999999997,5,1,0.2,1
LGS2ORD0048425,C013976,2026-01-19 12:00:00,Female,46,Bronze,CallCenter,Phuket,1702,TV_Show,COD,12,1,0,0,40-50,56.733333333333334,4.0,1.0,0.25,209,79,3813.5675,0.23,0.5,0.25,0.0,0.0,0,0,0.0,0.0,0,0,0.0,1972.09,1,0,0.0,15254.27,4,1,0.25,1
LGS2ORD0048426,C017734,2026-01-19 12:00:00,Female,37,Silver,CallCenter,Bangkok,1463,Lazada,COD,12,1,0,0,30-40,48.766666666666666,3.0,1.0,0.3333333333333333,240,37,4370.243333333334,0.2,0.3333333333333333,0.0,0.0,0.0,0,0,0.0,0.0,0,0,0.0,538.68,1,0,0.0,13110.730000000001,3,1,0.3333333333333333,0
LGS2ORD0048427,C013897,2026-01-19 12:00:00,Female,62,Bronze,TV,Chonburi,655,Lazada,COD,12,1,0,0,>50,21.833333333333332,3.0,1.0,0.3333333333333333,190,66,12671.076666666666,0.28,0.6666666666666666,0.6666666666666666,0.0,0.0,0,0,0.0,0.0,0,0,0.0,10455.02,1,0,0.0,38013.229999999996,3,1,0.3333333333333333,0
LGS2ORD0048428,C015342,2026-01-19 12:00:00,Male,32,Gold,Lazada,Khon Kaen,416,CallCenter,Bank_Transfer,12,1,0,0,30-40,13.866666666666667,3.0,0.0,0.0,-1,218,4153.4766666666665,0.33,0.6666666666666666,0.6666666666666666,0.0,0.0,0,0,0.0,0.0,0,0,0.0,0.0,0,0,0.0,12460.43,3,0,0.0,0
LGS2ORD0048429,C014678,2026-01-19 12:00:00,Male,62,Bronze,Shopee,Remote_Area,1776,CallCenter,Bank_Transfer,12,1,0,0,>50,59.2,4.0,0.0,0.0,-1,23,6409.962500000001,0.13,0.25,0.0,0.0,0.0,0,0,0.0,1759.24,1,0,0.0,6085.19,2,0,0.0,25639.850000000002,4,0,0.0,1
LGS2ORD0048430,C014517,2026-01-19 13:00:00,Female,50,Silver,CallCenter,Songkhla,410,Lazada,COD,13,1,0,0,40-50,13.666666666666666,8.0,2.0,0.25,296,8,5366.453750000001,0.3,0.625,0.25,0.0,0.0,0,0,0.0,1554.96,1,0,0.0,3539.9700000000003,2,0,0.0,38999.36,7,2,0.2857142857142857,0
LGS2ORD0048431,C014109,2026-01-19 13:00:00,Male,24,Gold,Shopee,Chonburi,597,Shopee,PromptPay,13,1,0,0,20-30,19.9,3.0,0.0,0.0,-1,253,5541.48,0.2299999999999999,0.0,0.3333333333333333,0.0,0.0,0,0,0.0,0.0,0,0,0.0,0.0,0,0,0.0,16624.44,3,0,0.0,1
LGS2ORD0048432,C017402,2026-01-19 13:00:00,Male,18,Gold,Web,Bangkok,910,TV_Show,PromptPay,13,1,0,0,<20,30.333333333333332,3.0,1.0,0.3333333333333333,281,93,5468.686666666667,0.28,1.0,0.3333333333333333,0.0,0.0,0,0,0.0,0.0,0,0,0.0,0.0,0,0,0.0,16406.06,3,1,0.3333333333333333,1
LGS2ORD0048433,C017669,2026-01-19 13:00:00,Female,33,Bronze,TV,Remote_Area,861,Web,COD,13,1,0,0,30-40,28.7,14.0,5.0,0.35714285714285715,16,4,5470.434285714286,0.23,0.35714285714285715,0.2857142857142857,0.0,8090.19,1,0,0.0,8090.19,1,0,0.0,23438.21,4,1,0.25,69034.33,13,4,0.3076923076923077,0
LGS2ORD0048434,C011449,2026-01-19 13:00:00,Male,23,Gold,Lazada,Chiang Mai,1518,Lazada,COD,13,1,0,0,20-30,50.6,8.0,1.0,0.125,310,58,5679.215,0.33,0.5,0.875,0.0,0.0,0,0,0.0,0.0,0,0,0.0,1745.43,1,0,0.0,45433.72,8,1,0.125,0
LGS2ORD0048435,C013523,2026-01-19 14:00:00,Female,45,Gold,TV,Phuket,1076,Web,PromptPay,14,1,0,0,40-50,35.86666666666667,6.0,1.0,0.16666666666666666,174,184,5864.2266666666665,0.33,0.16666666666666666,0.16666666666666666,0.0,0.0,0,0,0.0,0.0,0,0,0.0,0.0,0,0,0.0,35185.36,6,1,0.16666666666666666,0
LGS2ORD0048436,C014726,2026-01-19 14:00:00,Female,38,Gold,TV,Chiang Mai,451,CallCenter,COD,14,1,0,0,30-40,15.033333333333333,13.0,4.0,0.3076923076923077,83,100,6603.404615384616,0.33,0.46153846153846156,0.46153846153846156,0.0,0.0,0,0,0.0,0.0,0,0,0.0,0.0,0,0,0.0,69341.3,11,3,0.2727272727272727,0
LGS2ORD0048437,C015255,2026-01-19 14:00:00,Male,18,Bronze,TV,Chonburi,681,Web,PromptPay,14,1,0,0,<20,22.7,3.0,1.0,0.3333333333333333,72,89,2945.69,0.23,0.6666666666666666,0.6666666666666666,0.0,0.0,0,0,0.0,0.0,0,0,0.0,1938.4,1,1,1.0,8837.07,3,1,0.3333333333333333,0
LGS2ORD0048438,C011901,2026-01-19 14:00:00,Female,68,Gold,Web,Phuket,446,TV_Show,Credit_Card,14,1,0,0,>50,14.866666666666667,6.0,1.0,0.16666666666666666,290,99,3178.226666666667,0.33,0.3333333333333333,0.6666666666666666,0.0,0.0,0,0,0.0,0.0,0,0,0.0,0.0,0,0,0.0,13789.94,5,1,0.2,0
LGS2ORD0048439,C017283,2026-01-19 14:00:00,Male,23,Bronze,TV,Remote_Area,1316,Web,Bank_Transfer,14,1,0,0,20-30,43.86666666666667,8.0,2.0,0.25,33,5,3201.2162500000004,0.18,0.625,0.0,0.0,1682.02,1,0,0.0,4505.29,2,0,0.0,8987.42,4,1,0.25,25609.730000000003,8,2,0.25,0
LGS2ORD0048440,C016374,2026-01-19 15:00:00,Female,48,Platinum,Shopee,Khon Kaen,766,TV_Show,Credit_Card,15,1,0,0,40-50,25.533333333333335,6.0,0.0,0.0,-1,27,7280.315,0.35,0.16666666666666666,0.6666666666666666,0.0,0.0,0,0,0.0,5988.22,1,0,0.0,26687.2,2,0,0.0,40626.57,5,0,0.0,1
LGS2ORD0048441,C010431,2026-01-19 15:00:00,Male,62,Silver,TV,Bangkok,1210,TV_Show,Credit_Card,15,1,0,0,>50,40.333333333333336,8.0,0.0,0.0,-1,109,5718.02,0.25,0.875,0.125,0.0,0.0,0,0,0.0,0.0,0,0,0.0,0.0,0,0,0.0,40767.659999999996,7,0,0.0,0
LGS2ORD0048442,C012039,2026-01-19 15:00:00,Male,53,Bronze,TV,Bangkok,662,Shopee,Bank_Transfer,15,1,0,0,>50,22.066666666666666,3.0,0.0,0.0,-1,142,12263.146666666667,0.18,0.6666666666666666,0.0,0.0,0.0,0,0,0.0,0.0,0,0,0.0,0.0,0,0,0.0,36789.44,3,0,0.0,1
LGS2ORD0048443,C012112,2026-01-19 15:00:00,Female,56,Bronze,TV,Chiang Mai,932,CallCenter,Bank_Transfer,15,1,0,0,>50,31.066666666666666,4.0,0.0,0.0,-1,42,6173.115000000001,0.23,0.0,0.25,0.0,0.0,0,0,0.0,0.0,0,0,0.0,6219.47,1,0,0.0,24692.460000000003,4,0,0.0,0
LGS2ORD0048444,C013612,2026-01-19 15:00:00,Female,27,Gold,Lazada,Bangkok,1090,TV_Show,Credit_Card,15,1,0,0,20-30,36.333333333333336,6.0,1.0,0.16666666666666666,40,53,12461.643333333333,0.2299999999999999,0.3333333333333333,0.16666666666666666,0.0,0.0,0,0,0.0,0.0,0,0,0.0,19484.71,2,1,0.5,74769.86,6,1,0.16666666666666666,0
LGS2ORD0048445,C016584,2026-01-19 15:00:00,Male,62,Gold,Web,Bangkok,785,Lazada,COD,15,1,0,0,>50,26.166666666666668,10.0,2.0,0.2,167,20,4841.893,0.28,0.4,0.1,0.0,0.0,0,0,0.0,4141.44,1,0,0.0,6747.08,2,0,0.0,48418.93,10,2,0.2,0
LGS2ORD0048446,C017545,2026-01-19 16:00:00,Female,61,Platinum,Web,Songkhla,877,TV_Show,COD,16,1,0,0,>50,29.233333333333334,5.0,0.0,0.0,-1,186,2054.9939999999997,0.3,0.4,0.2,0.0,0.0,0,0,0.0,0.0,0,0,0.0,0.0,0,0,0.0,10274.97,5,0,0.0,1
LGS2ORD0048447,C014719,2026-01-19 16:00:00,Female,56,Bronze,Shopee,Chonburi,1133,TV_Show,PromptPay,16,1,0,0,>50,37.766666666666666,13.0,3.0,0.23076923076923078,-10,0,3150.162307692308,0.28,0.3076923076923077,0.15384615384615385,0.0,4548.97,1,1,1.0,5668.56,2,1,0.5,5668.56,2,1,0.5,38462.689999999995,12,2,0.16666666666666666,0
LGS2ORD0048448,C014835,2026-01-19 16:00:00,Male,47,Platinum,TV,Remote_Area,517,Shopee,Bank_Transfer,16,1,0,0,40-50,17.233333333333334,2.0,0.0,0.0,-1,185,2245.5299999999997,0.25,0.0,0.5,0.0,0.0,0,0,0.0,0.0,0,0,0.0,0.0,0,0,0.0,4491.0599999999995,2,0,0.0,0
LGS2ORD0048449,C010392,2026-01-19 16:00:00,Female,46,Bronze,Shopee,Bangkok,740,TV_Show,Bank_Transfer,16,1,0,0,40-50,24.666666666666668,6.0,0.0,0.0,-1,11,4050.980000000001,0.28,0.5,0.3333333333333333,0.0,0.0,0,0,0.0,390.76,1,0,0.0,390.76,1,0,0.0,24305.880000000005,6,0,0.0,0
LGS2ORD0048450,C012712,2026-01-19 16:00:00,Female,47,Bronze,TV,Songkhla,968,Lazada,Credit_Card,16,1,0,0,40-50,32.266666666666666,14.0,5.0,0.35714285714285715,80,1,3668.639285714286,0.28,0.5714285714285714,0.2857142857142857,0.0,4257.94,1,0,0.0,4257.94,1,0,0.0,12121.869999999999,4,2,0.5,43257.96,12,4,0.3333333333333333,0
LGS2ORD0048451,C013097,2026-01-19 17:00:00,Male,65,Bronze,Web,Songkhla,654,Web,COD,17,1,0,0,>50,21.8,4.0,2.0,0.5,15,4,2546.8725,0.23,0.5,0.5,0.0,1326.72,1,0,0.0,6687.4400000000005,2,1,0.5,6687.4400000000005,2,1,0.5,10187.49,4,2,0.5,1
LGS2ORD0048452,C015557,2026-01-19 17:00:00,Female,44,Bronze,TV,Nakhon Ratchasima,468,Web,Credit_Card,17,1,0,0,40-50,15.6,12.0,1.0,0.08333333333333333,203,18,3401.6025000000004,0.28,0.5,0.3333333333333333,0.0,0.0,0,0,0.0,1447.39,1,0,0.0,14869.559999999998,5,0,0.0,40819.23,12,1,0.08333333333333333,0
LGS2ORD0048453,C011068,2026-01-19 17:00:00,Female,42,Silver,Lazada,Bangkok,1120,TV_Show,PromptPay,17,1,0,0,40-50,37.333333333333336,3.0,0.0,0.0,-1,81,5895.046666666666,0.3,0.0,0.6666666666666666,0.0,0.0,0,0,0.0,0.0,0,0,0.0,11885.46,1,0,0.0,17141.5,2,0,0.0,1
LGS2ORD0048454,C015581,2026-01-19 17:00:00,Female,23,Silver,CallCenter,Chonburi,1703,Web,COD,17,1,0,0,20-30,56.766666666666666,3.0,0.0,0.0,-1,17,3757.5,0.25,0.6666666666666666,0.3333333333333333,0.0,0.0,0,0,0.0,8361.67,1,0,0.0,8361.67,1,0,0.0,11272.5,3,0,0.0,1
LGS2ORD0048455,C010872,2026-01-19 17:00:00,Male,23,Gold,Web,Chonburi,770,Lazada,COD,17,1,0,0,20-30,25.666666666666668,7.0,0.0,0.0,-1,194,4289.572857142857,0.28,0.14285714285714285,0.2857142857142857,0.0,0.0,0,0,0.0,0.0,0,0,0.0,0.0,0,0,0.0,30027.010000000002,7,0,0.0,1
LGS2ORD0048456,C017815,2026-01-19 18:00:00,Female,55,Bronze,Shopee,Chiang Mai,1789,TV_Show,Bank_Transfer,18,1,0,0,>50,59.63333333333333,8.0,3.0,0.375,82,70,6509.86125,0.23,0.75,0.25,0.0,0.0,0,0,0.0,0.0,0,0,0.0,24491.58,3,1,0.3333333333333333,52078.89,8,3,0.375,0
LGS2ORD0048457,C015906,2026-01-19 18:00:00,Female,64,Bronze,CallCenter,Chiang Mai,555,Lazada,COD,18,1,0,0,>50,18.5,8.0,3.0,0.375,29,30,6703.884999999999,0.28,0.75,0.375,0.0,0.0,0,0,0.0,0.0,0,0,0.0,47577.65,4,1,0.25,53631.079999999994,8,3,0.375,0
LGS2ORD0048458,C010843,2026-01-19 18:00:00,Female,23,Gold,Web,Songkhla,644,CallCenter,COD,18,1,0,0,20-30,21.466666666666665,3.0,0.0,0.0,-1,58,17066.170000000002,0.18,0.3333333333333333,0.0,0.0,0.0,0,0,0.0,0.0,0,0,0.0,21436.63,1,0,0.0,51198.51,3,0,0.0,0
LGS2ORD0048459,C016236,2026-01-19 18:00:00,Female,18,Bronze,Lazada,Khon Kaen,497,TV_Show,PromptPay,18,1,0,0,<20,16.566666666666666,8.0,1.0,0.125,20,13,6731.780000000001,0.28,0.625,0.25,0.0,0.0,0,0,0.0,10950.78,2,1,0.5,12529.04,3,1,0.3333333333333333,53854.240000000005,8,1,0.125,0
LGS2ORD0048460,C012912,2026-01-19 18:00:00,Female,60,Silver,CallCenter,Khon Kaen,1272,Shopee,PromptPay,18,1,0,0,>50,42.4,6.0,1.0,0.16666666666666666,131,76,5744.866666666666,0.2,0.6666666666666666,0.0,0.0,0.0,0,0,0.0,0.0,0,0,0.0,3388.46,1,0,0.0,34469.2,6,1,0.16666666666666666,0
LGS2ORD0048461,C016434,2026-01-19 18:00:00,Male,64,Bronze,Lazada,Chonburi,688,Shopee,COD,18,1,0,0,>50,22.933333333333334,6.0,0.0,0.0,-1,39,3694.6666666666665,0.18,0.8333333333333334,0.0,0.0,0.0,0,0,0.0,0.0,0,0,0.0,9528.51,1,0,0.0,22168.0,6,0,0.0,0
LGS2ORD0048462,C016392,2026-01-19 19:00:00,Female,46,Bronze,Shopee,Bangkok,763,Shopee,Bank_Transfer,19,1,0,0,40-50,25.433333333333334,8.0,1.0,0.125,39,48,8748.4725,0.28,0.75,0.5,0.0,0.0,0,0,0.0,0.0,0,0,0.0,1343.16,1,1,1.0,69987.78,8,1,0.125,0
LGS2ORD0048463,C012494,2026-01-19 19:00:00,Male,56,Bronze,Web,Songkhla,1729,Shopee,COD,19,1,0,0,>50,57.63333333333333,10.0,3.0,0.3,302,58,5526.313,0.28,0.6,0.4,0.0,0.0,0,0,0.0,0.0,0,0,0.0,5428.32,2,0,0.0,53197.38999999999,9,2,0.2222222222222222,0
LGS2ORD0048464,C017411,2026-01-19 19:00:00,Female,59,Gold,Web,Remote_Area,1138,TV_Show,Credit_Card,19,1,0,0,>50,37.93333333333333,4.0,0.0,0.0,-1,32,3715.7124999999996,0.2299999999999999,0.5,0.25,0.0,0.0,0,0,0.0,0.0,0,0,0.0,6027.03,1,0,0.0,14862.849999999999,4,0,0.0,0
LGS2ORD0048465,C011891,2026-01-19 19:00:00,Female,21,Bronze,Web,Bangkok,1426,CallCenter,Credit_Card,19,1,0,0,20-30,47.53333333333333,9.0,1.0,0.1111111111111111,264,13,4410.058888888889,0.28,0.3333333333333333,0.2222222222222222,0.0,0.0,0,0,0.0,5688.93,1,0,0.0,6776.16,2,0,0.0,34133.41,8,1,0.125,0
LGS2ORD0048466,C014619,2026-01-19 19:00:00,Female,65,Silver,Web,Chonburi,1349,TV_Show,COD,19,1,0,0,>50,44.96666666666667,2.0,0.0,0.0,-1,58,873.56,0.3,0.5,1.0,0.0,0.0,0,0,0.0,0.0,0,0,0.0,1747.12,2,0,0.0,1747.12,2,0,0.0,0
LGS2ORD0048467,C011198,2026-01-19 20:00:00,Male,46,Bronze,Shopee,Chonburi,1796,CallCenter,Credit_Card,20,1,0,0,40-50,59.86666666666667,7.0,3.0,0.42857142857142855,40,48,7229.328571428572,0.18,0.7142857142857143,0.0,0.0,0.0,0,0,0.0,0.0,0,0,0.0,9064.25,2,1,0.5,50605.3,7,3,0.42857142857142855,0
LGS2ORD0048468,C011630,2026-01-19 20:00:00,Male,36,Silver,Web,Chiang Mai,428,Shopee,COD,20,1,0,0,30-40,14.266666666666667,1.0,0.0,0.0,-1,227,14135.79,0.05,1.0,0.0,0.0,0.0,0,0,0.0,0.0,0,0,0.0,0.0,0,0,0.0,14135.79,1,0,0.0,0
LGS2ORD0048469,C017789,2026-01-19 20:00:00,Male,41,Platinum,Shopee,Songkhla,1060,Lazada,COD,20,1,0,0,40-50,35.333333333333336,5.0,2.0,0.4,21,37,3519.7899999999995,0.25,0.4,0.4,0.0,0.0,0,0,0.0,0.0,0,0,0.0,5390.51,1,1,1.0,17598.949999999997,5,2,0.4,1
LGS2ORD0048470,C014363,2026-01-19 20:00:00,Male,49,Gold,Web,Phuket,1307,TV_Show,Bank_Transfer,20,1,0,0,40-50,43.56666666666667,9.0,2.0,0.2222222222222222,67,62,3914.8922222222222,0.28,0.6666666666666666,0.4444444444444444,0.0,0.0,0,0,0.0,0.0,0,0,0.0,21419.02,4,1,0.25,34192.5,8,1,0.125,0
LGS2ORD0048471,C013157,2026-01-19 20:00:00,Male,48,Silver,TV,Khon Kaen,1636,Shopee,Credit_Card,20,1,0,0,40-50,54.53333333333333,7.0,1.0,0.14285714285714285,325,100,5297.938571428572,0.25,0.5714285714285714,0.42857142857142855,0.14285714285714285,0.0,0,0,0.0,0.0,0,0,0.0,0.0,0,0,0.0,34920.770000000004,6,1,0.16666666666666666,0
LGS2ORD0048472,C011873,2026-01-19 21:00:00,Male,40,Platinum,Web,Bangkok,1338,Web,PromptPay,21,1,0,0,30-40,44.6,4.0,1.0,0.25,189,35,1979.185,0.3,0.25,0.75,0.0,0.0,0,0,0.0,0.0,0,0,0.0,6142.01,1,0,0.0,7916.74,4,1,0.25,0
LGS2ORD0048473,C011569,2026-01-19 21:00:00,Male,34,Bronze,TV,Remote_Area,910,Lazada,Credit_Card,21,1,0,0,30-40,30.333333333333332,12.0,4.0,0.3333333333333333,153,9,3149.745833333333,0.28,0.6666666666666666,0.25,0.0,0.0,0,0,0.0,2614.7,1,0,0.0,5698.7699999999995,3,0,0.0,37796.95,12,4,0.3333333333333333,1
LGS2ORD0048474,C016156,2026-01-19 21:00:00,Female,28,Gold,Web,Nakhon Ratchasima,1556,Shopee,Credit_Card,21,1,0,0,20-30,51.86666666666667,3.0,1.0,0.3333333333333333,314,97,2094.2933333333335,0.28,1.0,0.6666666666666666,0.0,0.0,0,0,0.0,0.0,0,0,0.0,0.0,0,0,0.0,6282.88,3,1,0.3333333333333333,0
LGS2ORD0048475,C011690,2026-01-19 21:00:00,Male,30,Platinum,Web,Bangkok,552,Shopee,Credit_Card,21,1,0,0,20-30,18.4,2.0,0.0,0.0,-1,38,3404.14,0.3,0.5,0.5,0.0,0.0,0,0,0.0,0.0,0,0,0.0,2528.24,1,0,0.0,6808.28,2,0,0.0,0
LGS2ORD0048476,C011025,2026-01-19 21:00:00,Male,42,Bronze,Lazada,Phuket,1686,Lazada,COD,21,1,0,0,40-50,56.2,5.0,3.0,0.6,218,24,4035.6240000000007,0.28,0.8,0.2,0.0,0.0,0,0,0.0,3183.99,1,0,0.0,3183.99,1,0,0.0,20178.120000000003,5,3,0.6,1
LGS2ORD0048477,C012887,2026-01-19 22:00:00,Female,57,Bronze,Shopee,Chonburi,1579,Shopee,Bank_Transfer,22,1,0,0,>50,52.63333333333333,9.0,7.0,0.7777777777777778,95,107,5313.947777777778,0.28,1.0,0.3333333333333333,0.0,0.0,0,0,0.0,0.0,0,0,0.0,0.0,0,0,0.0,31720.48,7,6,0.8571428571428571,0
LGS2ORD0048478,C012982,2026-01-19 22:00:00,Female,51,Silver,TV,Songkhla,1449,Shopee,COD,22,1,0,0,>50,48.3,12.0,3.0,0.25,28,8,6724.247499999999,0.3,0.5,0.3333333333333333,0.0,0.0,0,0,0.0,19931.74,2,0,0.0,55880.04,5,1,0.2,80690.96999999999,12,3,0.25,0
LGS2ORD0048479,C012364,2026-01-19 22:00:00,Male,33,Gold,CallCenter,Songkhla,597,Lazada,COD,22,1,0,0,30-40,19.9,4.0,2.0,0.5,333,181,1284.9174999999998,0.33,0.75,0.5,0.0,0.0,0,0,0.0,0.0,0,0,0.0,0.0,0,0,0.0,3150.14,3,1,0.3333333333333333,0
LGS2ORD0048480,C013531,2026-01-19 22:00:00,Female,57,Platinum,TV,Chiang Mai,1509,Lazada,COD,22,1,0,0,>50,50.3,4.0,0.0,0.0,-1,196,7647.92,0.35,0.25,0.25,0.0,0.0,0,0,0.0,0.0,0,0,0.0,0.0,0,0,0.0,30591.68,4,0,0.0,1
LGS2ORD0048481,C010112,2026-01-19 22:00:00,Female,54,Bronze,Lazada,Songkhla,1260,Web,Bank_Transfer,22,1,0,0,>50,42.0,6.0,2.0,0.3333333333333333,55,69,3650.818333333333,0.28,0.8333333333333334,0.5,0.0,0.0,0,0,0.0,0.0,0,0,0.0,1704.16,1,1,1.0,14163.77,4,2,0.5,0
LGS2ORD0048482,C017942,2026-01-19 22:00:00,Female,53,Bronze,Shopee,Phuket,917,TV_Show,Bank_Transfer,22,1,0,0,>50,30.566666666666666,8.0,5.0,0.625,1,8,3236.355,0.23,0.25,0.25,0.0,0.0,0,0,0.0,806.09,1,1,1.0,806.09,1,1,1.0,25890.84,8,5,0.625,0
LGS2ORD0048483,C012156,2026-01-19 23:00:00,Male,45,Bronze,TV,Chiang Mai,995,TV_Show,Credit_Card,23,1,0,0,40-50,33.166666666666664,7.0,1.0,0.14285714285714285,0,9,11018.355714285713,0.23,0.5714285714285714,0.2857142857142857,0.0,0.0,0,0,0.0,13636.64,1,1,1.0,15830.59,2,1,0.5,77128.48999999999,7,1,0.14285714285714285,0
LGS2ORD0048484,C017977,2026-01-19 23:00:00,Female,56,Bronze,Shopee,Bangkok,740,CallCenter,COD,23,1,0,0,>50,24.666666666666668,5.0,1.0,0.2,263,121,3122.6099999999997,0.28,0.4,0.2,0.0,0.0,0,0,0.0,0.0,0,0,0.0,0.0,0,0,0.0,15613.05,5,1,0.2,0
LGS2ORD0048485,C010978,2026-01-19 23:00:00,Male,29,Bronze,CallCenter,Nakhon Ratchasima,571,Lazada,COD,23,1,0,0,20-30,19.033333333333335,6.0,3.0,0.5,111,117,3634.41,0.28,0.3333333333333333,0.5,0.0,0.0,0,0,0.0,0.0,0,0,0.0,0.0,0,0,0.0,21806.46,6,3,0.5,0
LGS2ORD0048486,C012911,2026-01-19 23:00:00,Male,37,Bronze,Lazada,Chonburi,1027,TV_Show,COD,23,1,0,0,30-40,34.233333333333334,10.0,1.0,0.1,163,147,3835.488,0.28,0.6,0.3,0.0,0.0,0,0,0.0,0.0,0,0,0.0,0.0,0,0,0.0,38354.88,10,1,0.1,0
LGS2ORD0048487,C013669,2026-01-19 23:00:00,Female,54,Bronze,Shopee,Phuket,849,Shopee,Bank_Transfer,23,1,0,0,>50,28.3,9.0,4.0,0.4444444444444444,48,54,3469.898888888889,0.23,0.6666666666666666,0.1111111111111111,0.0,0.0,0,0,0.0,0.0,0,0,0.0,2019.31,1,1,1.0,31229.09,9,4,0.4444444444444444,0
LGS2ORD0048488,C014790,2026-01-20 00:00:00,Female,52,Silver,Lazada,Chonburi,1642,CallCenter,Credit_Card,0,1,1,0,>50,54.733333333333334,6.0,1.0,0.16666666666666666,226,6,3317.5766666666664,0.25,0.16666666666666666,0.16666666666666666,0.0,816.81,1,0,0.0,816.81,1,0,0.0,1311.23,2,0,0.0,19905.46,6,1,0.16666666666666666,0
LGS2ORD0048489,C017663,2026-01-20 00:00:00,Female,41,Silver,Web,Remote_Area,1161,Lazada,COD,0,1,1,0,40-50,38.7,10.0,3.0,0.3,173,28,7092.9929999999995,0.3,0.8,0.2,0.0,0.0,0,0,0.0,20890.55,1,0,0.0,41193.39,3,0,0.0,70929.93,10,3,0.3,1
LGS2ORD0048490,C016296,2026-01-20 00:00:00,Male,42,Bronze,Web,Nakhon Ratchasima,706,Shopee,COD,0,1,1,0,40-50,23.533333333333335,5.0,3.0,0.6,123,61,3570.292,0.28,0.4,0.6,0.0,0.0,0,0,0.0,0.0,0,0,0.0,1871.15,1,0,0.0,17851.46,5,3,0.6,0
LGS2ORD0048491,C011349,2026-01-20 00:00:00,Male,32,Bronze,TV,Bangkok,1599,TV_Show,COD,0,1,1,0,30-40,53.3,9.0,2.0,0.2222222222222222,56,3,4714.4766666666665,0.28,0.5555555555555556,0.3333333333333333,0.0,3686.39,1,0,0.0,3686.39,1,0,0.0,30349.379999999997,4,1,0.25,42430.29,9,2,0.2222222222222222,0
LGS2ORD0048492,C014750,2026-01-20 00:00:00,Male,39,Bronze,Lazada,Bangkok,1708,Lazada,PromptPay,0,1,1,0,30-40,56.93333333333333,9.0,1.0,0.1111111111111111,266,21,4449.383333333333,0.28,0.6666666666666666,0.3333333333333333,0.0,0.0,0,0,0.0,16376.46,1,0,0.0,19715.82,2,0,0.0,40044.45,9,1,0.1111111111111111,1
LGS2ORD0048493,C017431,2026-01-20 01:00:00,Female,42,Silver,TV,Khon Kaen,1478,Lazada,COD,1,1,1,0,40-50,49.266666666666666,9.0,1.0,0.1111111111111111,89,88,3402.5266666666666,0.3,0.3333333333333333,0.2222222222222222,0.0,0.0,0,0,0.0,0.0,0,0,0.0,1004.87,1,0,0.0,28085.219999999998,7,1,0.14285714285714285,0
LGS2ORD0048494,C017158,2026-01-20 01:00:00,Male,60,Bronze,CallCenter,Chiang Mai,588,Web,COD,1,1,1,0,>50,19.6,7.0,1.0,0.14285714285714285,23,32,5181.0142857142855,0.23,0.5714285714285714,0.14285714285714285,0.0,0.0,0,0,0.0,0.0,0,0,0.0,15455.630000000001,4,1,0.25,36267.1,7,1,0.14285714285714285,0
LGS2ORD0048495,C012333,2026-01-20 01:00:00,Male,42,Bronze,TV,Songkhla,1259,Shopee,COD,1,1,1,0,40-50,41.96666666666667,6.0,3.0,0.5,142,153,3096.9683333333337,0.28,0.6666666666666666,0.3333333333333333,0.0,0.0,0,0,0.0,0.0,0,0,0.0,0.0,0,0,0.0,18581.81,6,3,0.5,0
LGS2ORD0048496,C012160,2026-01-20 01:00:00,Female,48,Bronze,Lazada,Songkhla,663,Shopee,COD,1,1,1,0,40-50,22.1,6.0,1.0,0.16666666666666666,89,21,1349.515,0.23,0.3333333333333333,0.16666666666666666,0.0,0.0,0,0,0.0,387.72,1,0,0.0,4297.36,2,0,0.0,6920.56,5,1,0.2,1
LGS2ORD0048497,C015212,2026-01-20 01:00:00,Female,53,Bronze,Lazada,Khon Kaen,651,Web,COD,1,1,1,0,>50,21.7,8.0,4.0,0.5,-8,6,2460.625,0.28,0.625,0.375,0.0,1515.2,1,1,1.0,5486.46,2,1,0.5,6862.2699999999995,3,1,0.3333333333333333,19685.0,8,4,0.5,1
LGS2ORD0048498,C014321,2026-01-20 02:00:00,Female,35,Gold,Web,Bangkok,1803,Shopee,PromptPay,2,1,1,0,30-40,60.1,6.0,2.0,0.3333333333333333,75,86,4403.158333333334,0.2299999999999999,0.8333333333333334,0.3333333333333333,0.0,0.0,0,0,0.0,0.0,0,0,0.0,3848.21,1,1,1.0,26418.95,6,2,0.3333333333333333,0
LGS2ORD0048499,C016612,2026-01-20 02:00:00,Male,28,Platinum,CallCenter,Remote_Area,693,Web,COD,2,1,1,0,20-30,23.1,6.0,1.0,0.16666666666666666,90,36,4437.573333333334,0.3,0.6666666666666666,0.16666666666666666,0.0,0.0,0,0,0.0,0.0,0,0,0.0,10645.53,1,0,0.0,26625.440000000002,6,1,0.16666666666666666,0
LGS2ORD0048500,C011912,2026-01-20 02:00:00,Female,46,Gold,Shopee,Chiang Mai,1135,Shopee,COD,2,1,1,0,40-50,37.833333333333336,11.0,1.0,0.09090909090909091,15,23,2858.407272727273,0.33,0.5454545454545454,0.45454545454545453,0.0,0.0,0,0,0.0,3833.48,1,1,1.0,7027.379999999999,3,1,0.3333333333333333,29087.68,10,1,0.1,0
LGS2ORD0048501,C013305,2026-01-20 02:00:00,Female,38,Bronze,Shopee,Chonburi,1656,Shopee,PromptPay,2,1,1,0,30-40,55.2,10.0,3.0,0.3,150,22,4767.165,0.23,0.4,0.3,0.0,0.0,0,0,0.0,4945.83,1,0,0.0,4945.83,1,0,0.0,47671.65,10,3,0.3,0
LGS2ORD0048502,C012218,2026-01-20 02:00:00,Female,57,Gold,Lazada,Chonburi,1415,Lazada,COD,2,1,1,0,>50,47.166666666666664,3.0,0.0,0.0,-1,143,3099.9833333333336,0.2299999999999999,0.3333333333333333,0.3333333333333333,0.0,0.0,0,0,0.0,0.0,0,0,0.0,0.0,0,0,0.0,9299.95,3,0,0.0,1
LGS2ORD0048503,C016107,2026-01-20 02:00:00,Male,40,Platinum,Lazada,Chiang Mai,1470,Shopee,COD,2,1,1,0,30-40,49.0,6.0,2.0,0.3333333333333333,104,33,3359.4516666666664,0.35,0.3333333333333333,0.6666666666666666,0.0,0.0,0,0,0.0,0.0,0,0,0.0,1346.08,1,0,0.0,20156.71,6,2,0.3333333333333333,0
LGS2ORD0048504,C016458,2026-01-20 03:00:00,Male,48,Bronze,Shopee,Chonburi,1746,Shopee,PromptPay,3,1,1,0,40-50,58.2,4.0,1.0,0.25,277,148,2922.54,0.23,0.5,0.25,0.25,0.0,0,0,0.0,0.0,0,0,0.0,0.0,0,0,0.0,11690.16,4,1,0.25,0
LGS2ORD0048505,C011330,2026-01-20 03:00:00,Male,49,Bronze,Web,Bangkok,1095,Web,COD,3,1,1,0,40-50,36.5,6.0,1.0,0.16666666666666666,93,84,10900.298333333332,0.23,0.5,0.16666666666666666,0.0,0.0,0,0,0.0,0.0,0,0,0.0,23712.12,1,0,0.0,65401.78999999999,6,1,0.16666666666666666,0
LGS2ORD0048506,C015302,2026-01-20 03:00:00,Male,20,Bronze,Web,Songkhla,1658,Shopee,COD,3,1,1,0,<20,55.266666666666666,9.0,2.0,0.2222222222222222,135,26,7870.218888888889,0.28,0.3333333333333333,0.2222222222222222,0.0,0.0,0,0,0.0,23171.72,1,0,0.0,24864.29,2,0,0.0,70831.97,9,2,0.2222222222222222,0
LGS2ORD0048507,C011789,2026-01-20 03:00:00,Other,40,Bronze,Shopee,Khon Kaen,1130,Lazada,COD,3,1,1,0,30-40,37.666666666666664,8.0,1.0,0.125,37,48,6516.73625,0.23,0.5,0.25,0.0,0.0,0,0,0.0,0.0,0,0,0.0,7571.910000000001,3,1,0.3333333333333333,47092.14,6,1,0.16666666666666666,0
LGS2ORD0048508,C012724,2026-01-20 03:00:00,Female,55,Gold,Web,Khon Kaen,1681,Shopee,COD,3,1,1,0,>50,56.03333333333333,4.0,1.0,0.25,266,5,3214.7075,0.28,0.25,0.5,0.0,5602.99,1,0,0.0,5602.99,1,0,0.0,5602.99,1,0,0.0,12858.83,4,1,0.25,0
LGS2ORD0048509,C011261,2026-01-20 04:00:00,Female,26,Bronze,TV,Bangkok,664,TV_Show,PromptPay,4,1,1,0,20-30,22.133333333333333,7.0,1.0,0.14285714285714285,146,17,6868.251428571428,0.23,0.5714285714285714,0.14285714285714285,0.0,0.0,0,0,0.0,25759.43,1,0,0.0,25759.43,1,0,0.0,47084.31,6,1,0.16666666666666666,0
LGS2ORD0048510,C015090,2026-01-20 04:00:00,Male,58,Bronze,Web,Remote_Area,506,Shopee,PromptPay,4,1,1,0,>50,16.866666666666667,8.0,3.0,0.375,50,19,6210.811250000001,0.28,0.625,0.25,0.0,0.0,0,0,0.0,11793.79,1,0,0.0,24092.11,3,1,0.3333333333333333,45090.8,7,3,0.42857142857142855,0
LGS2ORD0048511,C011639,2026-01-20 04:00:00,Male,33,Gold,TV,Nakhon Ratchasima,757,Lazada,Credit_Card,4,1,1,0,30-40,25.233333333333334,7.0,2.0,0.2857142857142857,88,15,6051.9400000000005,0.33,0.5714285714285714,0.5714285714285714,0.0,0.0,0,0,0.0,6587.12,1,0,0.0,6587.12,1,0,0.0,42363.58,7,2,0.2857142857142857,0
LGS2ORD0048512,C013469,2026-01-20 04:00:00,Female,35,Bronze,Shopee,Khon Kaen,1392,TV_Show,COD,4,1,1,0,30-40,46.4,2.0,0.0,0.0,-1,97,3144.995,0.13,0.5,0.0,0.0,0.0,0,0,0.0,0.0,0,0,0.0,0.0,0,0,0.0,6289.99,2,0,0.0,1
LGS2ORD0048513,C015411,2026-01-20 04:00:00,Female,36,Platinum,Shopee,Nakhon Ratchasima,1281,Web,COD,4,1,1,0,30-40,42.7,8.0,2.0,0.25,242,22,5493.27375,0.3,0.625,0.5,0.0,0.0,0,0,0.0,6225.37,1,0,0.0,11203.99,2,0,0.0,43946.19,8,2,0.25,1
LGS2ORD0048514,C015269,2026-01-20 05:00:00,Female,18,Bronze,Web,Khon Kaen,1769,Lazada,COD,5,1,1,0,<20,58.96666666666667,10.0,1.0,0.1,303,101,7067.880999999999,0.28,0.5,0.3,0.0,0.0,0,0,0.0,0.0,0,0,0.0,0.0,0,0,0.0,62634.1,8,1,0.125,0
LGS2ORD0048515,C016582,2026-01-20 05:00:00,Female,52,Gold,Web,Bangkok,771,Web,COD,5,1,1,0,>50,25.7,12.0,4.0,0.3333333333333333,98,3,4936.549166666667,0.33,0.6666666666666666,0.4166666666666667,0.0,14663.480000000001,2,0,0.0,14663.480000000001,2,0,0.0,14663.480000000001,2,0,0.0,57642.72,10,3,0.3,0
LGS2ORD0048516,C011912,2026-01-20 05:00:00,Female,46,Gold,Shopee,Chiang Mai,1135,Shopee,COD,5,1,1,0,40-50,37.833333333333336,12.0,1.0,0.08333333333333333,16,0,3143.853333333333,0.33,0.5833333333333334,0.5,0.0,6283.76,1,0,0.0,10117.24,2,1,0.5,13311.14,4,1,0.25,35371.44,11,1,0.09090909090909091,1
LGS2ORD0048517,C013424,2026-01-20 05:00:00,Male,62,Bronze,Web,Chonburi,1180,CallCenter,PromptPay,5,1,1,0,>50,39.333333333333336,11.0,1.0,0.09090909090909091,336,26,7982.387272727272,0.23,0.6363636363636364,0.2727272727272727,0.0,0.0,0,0,0.0,1372.66,1,0,0.0,1372.66,1,0,0.0,87806.26,11,1,0.09090909090909091,0
LGS2ORD0048518,C012934,2026-01-20 05:00:00,Female,42,Bronze,Lazada,Phuket,1201,Shopee,COD,5,1,1,0,40-50,40.03333333333333,7.0,3.0,0.42857142857142855,297,25,3325.0842857142857,0.23,0.14285714285714285,0.42857142857142855,0.0,0.0,0,0,0.0,1666.94,1,0,0.0,1666.94,1,0,0.0,23275.59,7,3,0.42857142857142855,1
LGS2ORD0048519,C010783,2026-01-20 06:00:00,Female,52,Silver,Web,Bangkok,746,Shopee,Credit_Card,6,1,1,0,>50,24.866666666666667,3.0,1.0,0.3333333333333333,318,112,1339.7866666666666,0.2,0.3333333333333333,0.0,0.0,0.0,0,0,0.0,0.0,0,0,0.0,0.0,0,0,0.0,4019.3599999999997,3,1,0.3333333333333333,0
LGS2ORD0048520,C014378,2026-01-20 06:00:00,Male,47,Bronze,Lazada,Chiang Mai,898,CallCenter,COD,6,1,1,0,40-50,29.933333333333334,9.0,2.0,0.2222222222222222,-4,6,10251.563333333334,0.23,0.7777777777777778,0.1111111111111111,0.0,42550.27,1,1,1.0,42968.229999999996,2,1,0.5,70251.23999999999,3,1,0.3333333333333333,88303.56999999999,8,2,0.25,0
LGS2ORD0048521,C010577,2026-01-20 06:00:00,Female,27,Gold,Web,Bangkok,501,Shopee,Credit_Card,6,1,1,0,20-30,16.7,4.0,1.0,0.25,47,51,7393.4800000000005,0.18,0.5,0.0,0.0,0.0,0,0,0.0,0.0,0,0,0.0,24992.18,2,1,0.5,29573.920000000002,4,1,0.25,0
LGS2ORD0048522,C015092,2026-01-20 06:00:00,Female,59,Gold,TV,Bangkok,1387,TV_Show,PromptPay,6,1,1,0,>50,46.233333333333334,7.0,2.0,0.2857142857142857,45,18,1957.4757142857145,0.33,0.7142857142857143,0.7142857142857143,0.0,0.0,0,0,0.0,1512.52,1,0,0.0,5456.49,3,2,0.6666666666666666,12114.87,6,2,0.3333333333333333,1
LGS2ORD0048523,C010835,2026-01-20 06:00:00,Female,43,Bronze,Lazada,Nakhon Ratchasima,1692,Lazada,COD,6,1,1,0,40-50,56.4,6.0,2.0,0.3333333333333333,-1,11,3698.7100000000005,0.28,0.5,0.5,0.0,0.0,0,0,0.0,15190.66,2,1,0.5,15190.66,2,1,0.5,22192.260000000002,6,2,0.3333333333333333,0
LGS2ORD0048524,C011425,2026-01-20 06:00:00,Female,59,Bronze,CallCenter,Nakhon Ratchasima,1737,Shopee,COD,6,1,1,0,>50,57.9,7.0,2.0,0.2857142857142857,61,68,5117.732857142857,0.28,0.5714285714285714,0.2857142857142857,0.0,0.0,0,0,0.0,0.0,0,0,0.0,721.52,1,1,1.0,31777.24,6,2,0.3333333333333333,0
LGS2ORD0048525,C017499,2026-01-20 07:00:00,Female,41,Bronze,Shopee,Chonburi,1417,TV_Show,COD,7,1,1,0,40-50,47.233333333333334,13.0,4.0,0.3076923076923077,131,33,3890.366153846153,0.23,0.6153846153846154,0.23076923076923078,0.0,0.0,0,0,0.0,0.0,0,0,0.0,13509.86,3,0,0.0,44751.1,12,3,0.25,1
LGS2ORD0048526,C016180,2026-01-20 07:00:00,Male,23,Gold,Shopee,Chonburi,1077,Lazada,PromptPay,7,1,1,0,20-30,35.9,3.0,0.0,0.0,-1,14,794.7933333333334,0.28,0.3333333333333333,0.6666666666666666,0.0,0.0,0,0,0.0,937.57,1,0,0.0,1864.1100000000001,2,0,0.0,2384.38,3,0,0.0,0
LGS2ORD0048527,C017018,2026-01-20 07:00:00,Male,27,Gold,Lazada,Chonburi,1170,TV_Show,COD,7,1,1,0,20-30,39.0,5.0,1.0,0.2,171,48,3066.8179999999998,0.33,0.6,0.8,0.0,0.0,0,0,0.0,0.0,0,0,0.0,956.48,1,0,0.0,15334.089999999998,5,1,0.2,1
LGS2ORD0048528,C013132,2026-01-20 07:00:00,Female,31,Gold,Shopee,Bangkok,725,CallCenter,Credit_Card,7,1,1,0,30-40,24.166666666666668,2.0,0.0,0.0,-1,214,3324.4300000000003,0.13,0.5,0.0,0.0,0.0,0,0,0.0,0.0,0,0,0.0,0.0,0,0,0.0,544.52,1,0,0.0,1
LGS2ORD0048529,C011266,2026-01-20 07:00:00,Female,53,Bronze,Web,Remote_Area,1475,Web,Credit_Card,7,1,1,0,>50,49.166666666666664,7.0,3.0,0.42857142857142855,142,98,2310.2314285714283,0.23,0.5714285714285714,0.14285714285714285,0.0,0.0,0,0,0.0,0.0,0,0,0.0,0.0,0,0,0.0,16171.619999999999,7,3,0.42857142857142855,0
LGS2ORD0048530,C015059,2026-01-20 08:00:00,Male,26,Silver,TV,Phuket,605,TV_Show,Bank_Transfer,8,1,1,0,20-30,20.166666666666668,7.0,4.0,0.5714285714285714,7,11,5425.024285714287,0.25,0.14285714285714285,0.14285714285714285,0.0,0.0,0,0,0.0,5410.3,2,1,0.5,21926.57,3,2,0.6666666666666666,32410.940000000002,6,3,0.5,0
LGS2ORD0048531,C017694,2026-01-20 08:00:00,Male,50,Silver,Lazada,Chiang Mai,1036,Web,Credit_Card,8,1,1,0,40-50,34.53333333333333,6.0,0.0,0.0,-1,4,3581.6633333333334,0.3,0.5,0.3333333333333333,0.0,2780.94,1,0,0.0,2780.94,1,0,0.0,11822.93,2,0,0.0,21489.98,6,0,0.0,0
LGS2ORD0048532,C010882,2026-01-20 08:00:00,Female,38,Bronze,TV,Bangkok,564,TV_Show,PromptPay,8,1,1,0,30-40,18.8,7.0,2.0,0.2857142857142857,321,77,2728.4557142857143,0.23,0.42857142857142855,0.2857142857142857,0.0,0.0,0,0,0.0,0.0,0,0,0.0,1045.53,1,0,0.0,17016.07,6,2,0.3333333333333333,0
LGS2ORD0048533,C017954,2026-01-20 08:00:00,Female,26,Bronze,Lazada,Remote_Area,1640,Lazada,Credit_Card,8,1,1,0,20-30,54.666666666666664,7.0,4.0,0.5714285714285714,44,10,9043.657142857142,0.28,0.42857142857142855,0.2857142857142857,0.0,0.0,0,0,0.0,24652.89,1,0,0.0,29878.64,2,1,0.5,57263.78,6,4,0.6666666666666666,0
LGS2ORD0048534,C015214,2026-01-20 08:00:00,Male,52,Silver,Lazada,Khon Kaen,1749,Web,COD,8,1,1,0,>50,58.3,4.0,1.0,0.25,359,45,2481.63,0.3,0.5,0.25,0.0,0.0,0,0,0.0,0.0,0,0,0.0,5418.07,1,0,0.0,9368.49,3,0,0.0,1
LGS2ORD0048535,C012583,2026-01-20 09:00:00,Male,39,Bronze,CallCenter,Chiang Mai,1732,TV_Show,PromptPay,9,1,1,0,30-40,57.733333333333334,6.0,0.0,0.0,-1,13,12900.54,0.28,0.8333333333333334,0.5,0.0,0.0,0,0,0.0,10390.83,1,0,0.0,10822.37,2,0,0.0,77403.24,6,0,0.0,0
LGS2ORD0048536,C017845,2026-01-20 09:00:00,Male,25,Gold,Web,Chiang Mai,451,Web,COD,9,1,1,0,20-30,15.033333333333333,7.0,2.0,0.2857142857142857,179,22,7410.875714285715,0.2299999999999999,0.42857142857142855,0.42857142857142855,0.0,0.0,0,0,0.0,2814.26,1,0,0.0,11890.67,3,0,0.0,51876.130000000005,7,2,0.2857142857142857,0
LGS2ORD0048537,C010492,2026-01-20 09:00:00,Female,18,Bronze,TV,Nakhon Ratchasima,631,Shopee,Credit_Card,9,1,1,0,<20,21.033333333333335,4.0,0.0,0.0,-1,47,8094.999999999999,0.18,0.5,0.0,0.0,0.0,0,0,0.0,0.0,0,0,0.0,28184.219999999998,2,0,0.0,32379.999999999996,4,0,0.0,0
LGS2ORD0048538,C012966,2026-01-20 09:00:00,Male,52,Platinum,Lazada,Bangkok,1417,TV_Show,COD,9,1,1,0,>50,47.233333333333334,3.0,2.0,0.6666666666666666,15,24,8946.65,0.3,0.6666666666666666,0.6666666666666666,0.0,0.0,0,0,0.0,13297.45,1,1,1.0,18694.65,2,1,0.5,26839.95,3,2,0.6666666666666666,0
LGS2ORD0048539,C012979,2026-01-20 09:00:00,Female,63,Bronze,Web,Remote_Area,811,TV_Show,Bank_Transfer,9,1,1,0,>50,27.033333333333335,4.0,0.0,0.0,-1,86,4686.712500000001,0.28,1.0,0.25,0.0,0.0,0,0,0.0,0.0,0,0,0.0,585.45,1,0,0.0,10766.980000000001,3,0,0.0,0
LGS2ORD0048540,C012031,2026-01-20 10:00:00,Female,27,Silver,Web,Khon Kaen,1200,Shopee,COD,10,1,1,0,20-30,40.0,14.0,3.0,0.21428571428571427,-5,8,7370.055,0.25,0.42857142857142855,0.21428571428571427,0.0,0.0,0,0,0.0,15048.109999999999,2,1,0.5,51894.3,5,2,0.4,101120.38,13,3,0.23076923076923078,0
LGS2ORD0048541,C017753,2026-01-20 10:00:00,Male,20,Silver,Shopee,Khon Kaen,1392,Shopee,COD,10,1,1,0,<20,46.4,2.0,1.0,0.5,0,8,4745.325,0.2,0.5,0.0,0.0,0.0,0,0,0.0,1960.91,1,1,1.0,1960.91,1,1,1.0,9490.65,2,1,0.5,0
LGS2ORD0048542,C015382,2026-01-20 10:00:00,Female,32,Silver,Shopee,Chiang Mai,1304,Shopee,COD,10,1,1,0,30-40,43.46666666666667,3.0,2.0,0.6666666666666666,130,145,4438.63,0.25,0.6666666666666666,0.6666666666666666,0.0,0.0,0,0,0.0,0.0,0,0,0.0,0.0,0,0,0.0,13315.89,3,2,0.6666666666666666,0
LGS2ORD0048543,C014737,2026-01-20 10:00:00,Male,24,Silver,TV,Chonburi,1019,Lazada,COD,10,1,1,0,20-30,33.96666666666667,7.0,2.0,0.2857142857142857,12,19,5653.904285714287,0.25,0.5714285714285714,0.14285714285714285,0.0,0.0,0,0,0.0,2662.58,1,1,1.0,4187.66,2,1,0.5,39577.33000000001,7,2,0.2857142857142857,1
LGS2ORD0048544,C017300,2026-01-20 10:00:00,Female,43,Bronze,TV,Songkhla,436,CallCenter,COD,10,1,1,0,40-50,14.533333333333333,3.0,1.0,0.3333333333333333,31,36,3240.536666666667,0.23,0.0,0.3333333333333333,0.0,0.0,0,0,0.0,0.0,0,0,0.0,4145.02,1,1,1.0,9721.61,3,1,0.3333333333333333,1
LGS2ORD0048545,C017164,2026-01-20 10:00:00,Female,41,Bronze,CallCenter,Bangkok,531,TV_Show,Credit_Card,10,1,1,0,40-50,17.7,4.0,1.0,0.25,200,132,3601.03,0.08,0.25,0.0,0.0,0.0,0,0,0.0,0.0,0,0,0.0,0.0,0,0,0.0,10282.08,3,1,0.3333333333333333,0
LGS2ORD0048546,C014478,2026-01-20 11:00:00,Female,59,Platinum,Shopee,Nakhon Ratchasima,475,Web,COD,11,1,1,0,>50,15.833333333333334,7.0,1.0,0.14285714285714285,279,230,10402.304285714285,0.35,0.14285714285714285,0.2857142857142857,0.0,0.0,0,0,0.0,0.0,0,0,0.0,0.0,0,0,0.0,72816.12999999999,7,1,0.14285714285714285,0
LGS2ORD0048547,C010553,2026-01-20 11:00:00,Female,62,Bronze,Shopee,Bangkok,1452,Web,Credit_Card,11,1,1,0,>50,48.4,13.0,4.0,0.3076923076923077,-8,1,6251.223846153846,0.23,0.7692307692307693,0.07692307692307693,0.0,3481.63,1,1,1.0,11039.95,3,2,0.6666666666666666,49469.65,6,2,0.3333333333333333,68577.23000000001,11,3,0.2727272727272727,0
LGS2ORD0048548,C017907,2026-01-20 11:00:00,Female,54,Silver,Lazada,Nakhon Ratchasima,1397,TV_Show,PromptPay,11,1,1,0,>50,46.56666666666667,7.0,2.0,0.2857142857142857,123,33,3259.692857142857,0.25,0.14285714285714285,0.14285714285714285,0.0,0.0,0,0,0.0,0.0,0,0,0.0,1699.37,1,0,0.0,21715.34,6,2,0.3333333333333333,0
LGS2ORD0048549,C014940,2026-01-20 11:00:00,Female,40,Gold,Web,Nakhon Ratchasima,1624,Shopee,COD,11,1,1,0,30-40,54.13333333333333,6.0,0.0,0.0,-1,24,4802.9366666666665,0.33,0.16666666666666666,0.5,0.0,0.0,0,0,0.0,1718.59,1,0,0.0,19306.98,3,0,0.0,28817.62,6,0,0.0,0
LGS2ORD0048550,C015709,2026-01-20 11:00:00,Male,62,Silver,TV,Khon Kaen,1392,TV_Show,COD,11,1,1,0,>50,46.4,6.0,3.0,0.5,146,95,4866.7716666666665,0.3,0.3333333333333333,0.3333333333333333,0.0,0.0,0,0,0.0,0.0,0,0,0.0,0.0,0,0,0.0,29200.629999999997,6,3,0.5,0
LGS2ORD0048551,C013961,2026-01-20 12:00:00,Female,46,Bronze,Shopee,Khon Kaen,1264,Lazada,COD,12,1,1,0,40-50,42.13333333333333,7.0,0.0,0.0,-1,81,5493.652857142857,0.28,0.5714285714285714,0.14285714285714285,0.0,0.0,0,0,0.0,0.0,0,0,0.0,8544.62,1,0,0.0,30475.36,6,0,0.0,0
LGS2ORD0048552,C017465,2026-01-20 12:00:00,Male,46,Bronze,Lazada,Songkhla,1468,Shopee,Credit_Card,12,1,1,0,40-50,48.93333333333333,8.0,3.0,0.375,12,6,9123.76875,0.28,0.375,0.5,0.0,9698.12,1,0,0.0,32999.4,3,1,0.3333333333333333,33680.04,4,1,0.25,72990.15,8,3,0.375,0
LGS2ORD0048553,C014287,2026-01-20 12:00:00,Male,43,Bronze,Lazada,Bangkok,1597,CallCenter,COD,12,1,1,0,40-50,53.233333333333334,6.0,0.0,0.0,-1,51,5903.501666666667,0.28,0.3333333333333333,0.3333333333333333,0.0,0.0,0,0,0.0,0.0,0,0,0.0,6303.049999999999,2,0,0.0,35421.01,6,0,0.0,0
LGS2ORD0048554,C010281,2026-01-20 12:00:00,Female,40,Silver,Web,Bangkok,721,Lazada,COD,12,1,1,0,30-40,24.033333333333335,5.0,2.0,0.4,256,34,2619.3940000000002,0.3,0.2,0.4,0.0,0.0,0,0,0.0,0.0,0,0,0.0,3502.87,1,0,0.0,13096.970000000001,5,2,0.4,0
LGS2ORD0048555,C010630,2026-01-20 12:00:00,Female,31,Silver,CallCenter,Bangkok,1004,Lazada,PromptPay,12,1,1,0,30-40,33.46666666666667,5.0,0.0,0.0,-1,15,7149.76,0.3,0.2,0.2,0.0,0.0,0,0,0.0,3484.87,1,0,0.0,3484.87,1,0,0.0,35748.8,5,0,0.0,1
LGS2ORD0048556,C010681,2026-01-20 13:00:00,Female,41,Bronze,Shopee,Khon Kaen,1622,Lazada,COD,13,1,1,0,40-50,54.06666666666667,4.0,0.0,0.0,-1,99,7648.22,0.23,1.0,0.25,0.0,0.0,0,0,0.0,0.0,0,0,0.0,0.0,0,0,0.0,30592.88,4,0,0.0,1
LGS2ORD0048557,C016481,2026-01-20 13:00:00,Female,47,Silver,Web,Nakhon Ratchasima,1287,TV_Show,COD,13,1,1,0,40-50,42.9,4.0,0.0,0.0,-1,157,1556.1750000000002,0.3,0.0,0.25,0.0,0.0,0,0,0.0,0.0,0,0,0.0,0.0,0,0,0.0,6224.700000000001,4,0,0.0,0
LGS2ORD0048558,C015020,2026-01-20 13:00:00,Female,33,Bronze,TV,Bangkok,1619,Web,PromptPay,13,1,1,0,30-40,53.96666666666667,7.0,2.0,0.2857142857142857,236,33,4153.857142857143,0.23,0.5714285714285714,0.2857142857142857,0.0,0.0,0,0,0.0,0.0,0,0,0.0,16396.920000000002,2,0,0.0,29077.000000000004,7,2,0.2857142857142857,0
LGS2ORD0048559,C017028,2026-01-20 13:00:00,Female,55,Bronze,TV,Khon Kaen,772,TV_Show,Credit_Card,13,1,1,0,>50,25.733333333333334,10.0,0.0,0.0,-1,41,3616.361,0.28,0.3,0.4,0.0,0.0,0,0,0.0,0.0,0,0,0.0,11339.73,3,0,0.0,34815.310000000005,9,0,0.0,1
LGS2ORD0048560,C012107,2026-01-20 13:00:00,Female,47,Silver,TV,Remote_Area,1080,Lazada,COD,13,1,1,0,40-50,36.0,11.0,6.0,0.5454545454545454,27,16,5687.814545454546,0.2,0.6363636363636364,0.0,0.0,0.0,0,0,0.0,4546.03,1,0,0.0,25399.54,6,3,0.5,62565.96,11,6,0.5454545454545454,1
LGS2ORD0048561,C015175,2026-01-20 13:00:00,Female,26,Bronze,Web,Remote_Area,807,CallCenter,COD,13,1,1,0,20-30,26.9,6.0,0.0,0.0,-1,1,2112.6966666666663,0.23,1.0,0.3333333333333333,0.0,3083.84,1,0,0.0,3083.84,1,0,0.0,4234.65,2,0,0.0,12676.179999999998,6,0,0.0,1
LGS2ORD0048562,C014919,2026-01-20 14:00:00,Male,40,Bronze,TV,Songkhla,1656,TV_Show,COD,14,1,1,0,30-40,55.2,12.0,1.0,0.08333333333333333,74,14,9002.673333333334,0.28,0.5833333333333334,0.25,0.0,0.0,0,0,0.0,5451.48,1,0,0.0,44760.95,4,1,0.25,97890.48,11,1,0.09090909090909091,1
LGS2ORD0048563,C013348,2026-01-20 14:00:00,Female,52,Silver,Lazada,Bangkok,511,Shopee,Credit_Card,14,1,1,0,>50,17.033333333333335,7.0,2.0,0.2857142857142857,306,40,5815.054285714286,0.25,0.42857142857142855,0.14285714285714285,0.0,0.0,0,0,0.0,0.0,0,0,0.0,16692.94,1,0,0.0,40705.380000000005,7,2,0.2857142857142857,0
LGS2ORD0048564,C013969,2026-01-20 14:00:00,Female,67,Platinum,Web,Chonburi,1049,Shopee,COD,14,1,1,0,>50,34.96666666666667,3.0,2.0,0.6666666666666666,111,121,5089.443333333333,0.3,0.6666666666666666,0.3333333333333333,0.0,0.0,0,0,0.0,0.0,0,0,0.0,0.0,0,0,0.0,15268.329999999998,3,2,0.6666666666666666,0
LGS2ORD0048565,C017237,2026-01-20 14:00:00,Female,59,Silver,Lazada,Bangkok,1318,Shopee,COD,14,1,1,0,>50,43.93333333333333,9.0,2.0,0.2222222222222222,54,54,5348.976666666666,0.25,0.5555555555555556,0.2222222222222222,0.0,0.0,0,0,0.0,0.0,0,0,0.0,14179.800000000001,2,1,0.5,48140.78999999999,9,2,0.2222222222222222,0
LGS2ORD0048566,C010241,2026-01-20 14:00:00,Male,40,Bronze,Lazada,Bangkok,1114,Lazada,PromptPay,14,1,1,0,30-40,37.13333333333333,6.0,1.0,0.16666666666666666,319,146,3866.765,0.18,0.3333333333333333,0.0,0.0,0.0,0,0,0.0,0.0,0,0,0.0,0.0,0,0,0.0,10510.060000000001,5,1,0.2,0
LGS2ORD0048567,C013162,2026-01-20 15:00:00,Female,48,Silver,Web,Chiang Mai,495,TV_Show,PromptPay,15,1,1,0,40-50,16.5,7.0,0.0,0.0,-1,20,2376.247142857143,0.25,0.2857142857142857,0.2857142857142857,0.0,0.0,0,0,0.0,6318.13,2,0,0.0,10613.5,3,0,0.0,16633.73,7,0,0.0,0
LGS2ORD0048568,C012307,2026-01-20 15:00:00,Male,49,Bronze,TV,Phuket,1672,CallCenter,COD,15,1,1,0,40-50,55.733333333333334,7.0,1.0,0.14285714285714285,169,116,3675.8685714285716,0.23,0.5714285714285714,0.2857142857142857,0.0,0.0,0,0,0.0,0.0,0,0,0.0,0.0,0,0,0.0,25731.08,7,1,0.14285714285714285,0
LGS2ORD0048569,C015837,2026-01-20 15:00:00,Other,62,Silver,TV,Songkhla,526,CallCenter,COD,15,1,1,0,>50,17.533333333333335,6.0,2.0,0.3333333333333333,236,87,6114.808333333334,0.25,0.6666666666666666,0.16666666666666666,0.0,0.0,0,0,0.0,0.0,0,0,0.0,11000.27,1,0,0.0,36688.850000000006,6,2,0.3333333333333333,1
LGS2ORD0048570,C013647,2026-01-20 15:00:00,Male,44,Bronze,Web,Remote_Area,1619,TV_Show,Bank_Transfer,15,1,1,0,40-50,53.96666666666667,2.0,2.0,1.0,5,13,4338.1,0.08,0.5,0.0,0.0,0.0,0,0,0.0,7158.16,1,1,1.0,7158.16,1,1,1.0,8676.2,2,2,1.0,1
LGS2ORD0048571,C010546,2026-01-20 15:00:00,Male,30,Silver,Shopee,Chiang Mai,1133,TV_Show,COD,15,1,1,0,20-30,37.766666666666666,9.0,0.0,0.0,-1,30,3616.714444444445,0.2,0.2222222222222222,0.0,0.0,0.0,0,0,0.0,0.0,0,0,0.0,6525.27,1,0,0.0,30528.579999999998,8,0,0.0,0
LGS2ORD0048572,C016010,2026-01-20 16:00:00,Male,45,Bronze,TV,Nakhon Ratchasima,1075,Shopee,PromptPay,16,1,1,0,40-50,35.833333333333336,12.0,2.0,0.16666666666666666,169,60,8994.235833333334,0.23,0.75,0.25,0.08333333333333333,0.0,0,0,0.0,0.0,0,0,0.0,23224.68,2,0,0.0,107930.83,12,2,0.16666666666666666,1
LGS2ORD0048573,C016810,2026-01-20 16:00:00,Female,46,Bronze,Shopee,Nakhon Ratchasima,1841,CallCenter,Credit_Card,16,1,1,0,40-50,61.36666666666667,7.0,0.0,0.0,-1,38,7435.772857142857,0.13,0.5714285714285714,0.0,0.0,0.0,0,0,0.0,0.0,0,0,0.0,13260.349999999999,2,0,0.0,52050.409999999996,7,0,0.0,0
LGS2ORD0048574,C015323,2026-01-20 16:00:00,Female,40,Bronze,TV,Songkhla,1256,Lazada,COD,16,1,1,0,30-40,41.86666666666667,18.0,9.0,0.5,16,28,4145.528333333334,0.28,0.6666666666666666,0.4444444444444444,0.0,0.0,0,0,0.0,18240.72,2,2,1.0,19032.57,3,2,0.6666666666666666,64462.95,17,9,0.5294117647058824,1
LGS2ORD0048575,C013455,2026-01-20 16:00:00,Female,29,Bronze,Web,Bangkok,1392,TV_Show,PromptPay,16,1,1,0,20-30,46.4,8.0,1.0,0.125,180,65,8065.695,0.13,0.875,0.0,0.0,0.0,0,0,0.0,0.0,0,0,0.0,260.01,1,0,0.0,64525.56,8,1,0.125,0
LGS2ORD0048576,C017060,2026-01-20 16:00:00,Male,40,Silver,Web,Bangkok,718,Lazada,Credit_Card,16,1,1,0,30-40,23.933333333333334,3.0,0.0,0.0,-1,279,17617.813333333335,0.1,0.0,0.0,0.0,0.0,0,0,0.0,0.0,0,0,0.0,0.0,0,0,0.0,39467.32000000001,2,0,0.0,0
LGS2ORD0048577,C017846,2026-01-20 17:00:00,Female,54,Gold,TV,Songkhla,701,Shopee,COD,17,1,1,0,>50,23.366666666666667,9.0,2.0,0.2222222222222222,151,141,6599.145555555555,0.33,0.5555555555555556,0.1111111111111111,0.0,0.0,0,0,0.0,0.0,0,0,0.0,0.0,0,0,0.0,36891.67,6,2,0.3333333333333333,0
LGS2ORD0048578,C011294,2026-01-20 17:00:00,Female,29,Silver,TV,Bangkok,1167,Shopee,Bank_Transfer,17,1,1,0,20-30,38.9,9.0,2.0,0.2222222222222222,185,11,4829.213333333333,0.3,0.6666666666666666,0.3333333333333333,0.0,0.0,0,0,0.0,10877.4,2,0,0.0,14928.73,3,0,0.0,43462.92,9,2,0.2222222222222222,0
LGS2ORD0048579,C012959,2026-01-20 17:00:00,Male,34,Bronze,Web,Bangkok,707,Web,Credit_Card,17,1,1,0,30-40,23.566666666666666,2.0,1.0,0.5,173,23,1456.71,0.28,0.5,0.5,0.0,0.0,0,0,0.0,2216.32,1,0,0.0,2216.32,1,0,0.0,2913.42,2,1,0.5,0
LGS2ORD0048580,C011029,2026-01-20 17:00:00,Male,54,Platinum,Lazada,Bangkok,1158,TV_Show,COD,17,1,1,0,>50,38.6,3.0,2.0,0.6666666666666666,81,97,7833.583333333333,0.3,1.0,0.6666666666666666,0.0,0.0,0,0,0.0,0.0,0,0,0.0,0.0,0,0,0.0,23500.75,3,2,0.6666666666666666,1
LGS2ORD0048581,C014642,2026-01-20 17:00:00,Male,60,Silver,Shopee,Phuket,1762,Shopee,COD,17,1,1,0,>50,58.733333333333334,14.0,4.0,0.2857142857142857,-4,8,4502.501428571429,0.3,0.6428571428571429,0.35714285714285715,0.0,0.0,0,0,0.0,13337.010000000002,3,2,0.6666666666666666,23661.5,5,2,0.4,63035.02,14,4,0.2857142857142857,1
LGS2ORD0048582,C017900,2026-01-20 17:00:00,Other,41,Bronze,Lazada,Remote_Area,800,Lazada,PromptPay,17,1,1,0,40-50,26.666666666666668,8.0,3.0,0.375,78,58,4297.9575,0.28,0.625,0.125,0.0,0.0,0,0,0.0,0.0,0,0,0.0,24614.66,3,1,0.3333333333333333,31814.730000000003,7,2,0.2857142857142857,0
LGS2ORD0048583,C010086,2026-01-20 18:00:00,Male,63,Bronze,CallCenter,Bangkok,453,CallCenter,Credit_Card,18,1,1,0,>50,15.1,3.0,0.0,0.0,-1,18,2418.7166666666667,0.08,0.6666666666666666,0.0,0.0,0.0,0,0,0.0,4470.0,1,0,0.0,4470.0,1,0,0.0,7256.15,3,0,0.0,0
LGS2ORD0048584,C016320,2026-01-20 18:00:00,Female,49,Gold,Web,Chiang Mai,1020,Shopee,Bank_Transfer,18,1,1,0,40-50,34.0,1.0,0.0,0.0,-1,242,1447.24,0.13,1.0,0.0,0.0,0.0,0,0,0.0,0.0,0,0,0.0,0.0,0,0,0.0,1447.24,1,0,0.0,0
LGS2ORD0048585,C014928,2026-01-20 18:00:00,Male,58,Bronze,Shopee,Bangkok,1719,TV_Show,COD,18,1,1,0,>50,57.3,8.0,0.0,0.0,-1,100,3380.455,0.28,0.625,0.5,0.0,0.0,0,0,0.0,0.0,0,0,0.0,0.0,0,0,0.0,26330.44,7,0,0.0,1
LGS2ORD0048586,C017974,2026-01-20 18:00:00,Male,51,Gold,TV,Nakhon Ratchasima,1425,Web,COD,18,1,1,0,>50,47.5,2.0,0.0,0.0,-1,91,2375.105,0.08,1.0,0.0,0.0,0.0,0,0,0.0,0.0,0,0,0.0,0.0,0,0,0.0,4750.21,2,0,0.0,1
LGS2ORD0048587,C015047,2026-01-20 18:00:00,Male,33,Silver,CallCenter,Phuket,741,TV_Show,COD,18,1,1,0,30-40,24.7,9.0,4.0,0.4444444444444444,40,49,3397.9277777777775,0.3,0.7777777777777778,0.6666666666666666,0.0,0.0,0,0,0.0,0.0,0,0,0.0,5628.58,2,1,0.5,30581.35,9,4,0.4444444444444444,1
LGS2ORD0048588,C014978,2026-01-20 19:00:00,Female,43,Gold,Web,Phuket,973,CallCenter,Credit_Card,19,1,1,0,40-50,32.43333333333333,1.0,0.0,0.0,-1,4,1708.3,0.08,0.0,0.0,0.0,1708.3,1,0,0.0,1708.3,1,0,0.0,1708.3,1,0,0.0,1708.3,1,0,0.0,0
LGS2ORD0048589,C013807,2026-01-20 19:00:00,Female,32,Gold,Shopee,Chiang Mai,782,CallCenter,COD,19,1,1,0,30-40,26.066666666666666,4.0,0.0,0.0,-1,16,5662.3575,0.28,0.5,0.5,0.0,0.0,0,0,0.0,2134.64,1,0,0.0,2134.64,1,0,0.0,7706.42,3,0,0.0,0
LGS2ORD0048590,C010912,2026-01-20 19:00:00,Male,40,Silver,Lazada,Khon Kaen,991,Web,COD,19,1,1,0,30-40,33.03333333333333,9.0,2.0,0.2222222222222222,16,22,9761.852222222222,0.3,0.3333333333333333,0.2222222222222222,0.0,0.0,0,0,0.0,19900.02,1,1,1.0,19900.02,1,1,1.0,87856.67,9,2,0.2222222222222222,0
LGS2ORD0048591,C015404,2026-01-20 19:00:00,Female,60,Bronze,Shopee,Songkhla,1312,Web,Credit_Card,19,1,1,0,>50,43.733333333333334,19.0,11.0,0.5789473684210527,-3,6,5264.306315789474,0.28,0.6842105263157895,0.15789473684210525,0.05263157894736842,2095.96,1,1,1.0,25972.51,3,2,0.6666666666666666,32246.649999999998,6,5,0.8333333333333334,92129.09000000001,18,11,0.6111111111111112,1
LGS2ORD0048592,C011998,2026-01-20 19:00:00,Female,53,Silver,TV,Bangkok,1349,Lazada,COD,19,1,1,0,>50,44.96666666666667,11.0,4.0,0.36363636363636365,92,3,2061.3727272727274,0.3,0.7272727272727273,0.36363636363636365,0.0,1009.34,1,0,0.0,1009.34,1,0,0.0,1009.34,1,0,0.0,22675.100000000002,11,4,0.36363636363636365,1
LGS2ORD0048593,C012165,2026-01-20 20:00:00,Male,29,Bronze,Shopee,Phuket,1013,CallCenter,COD,20,1,1,0,20-30,33.766666666666666,4.0,1.0,0.25,363,51,4458.1325,0.28,0.75,0.25,0.0,0.0,0,0,0.0,0.0,0,0,0.0,2055.68,1,0,0.0,14346.630000000001,3,0,0.0,1
LGS2ORD0048594,C012216,2026-01-20 20:00:00,Female,51,Silver,TV,Remote_Area,1454,Lazada,COD,20,1,1,0,>50,48.46666666666667,7.0,3.0,0.42857142857142855,-3,5,2218.2014285714286,0.3,0.5714285714285714,0.42857142857142855,0.0,998.26,1,1,1.0,4353.19,2,1,0.5,9552.98,5,2,0.4,15527.41,7,3,0.42857142857142855,1
LGS2ORD0048595,C010211,2026-01-20 20:00:00,Male,29,Bronze,Web,Nakhon Ratchasima,515,Shopee,COD,20,1,1,0,20-30,17.166666666666668,8.0,4.0,0.5,51,55,2234.56625,0.28,0.5,0.375,0.0,0.0,0,0,0.0,0.0,0,0,0.0,2131.63,1,1,1.0,17876.53,8,4,0.5,1
LGS2ORD0048596,C014734,2026-01-20 20:00:00,Female,72,Silver,Web,Bangkok,886,TV_Show,Credit_Card,20,1,1,0,>50,29.533333333333335,9.0,1.0,0.1111111111111111,357,7,3983.0444444444447,0.3,0.1111111111111111,0.3333333333333333,0.1111111111111111,0.0,0,0,0.0,5276.07,1,0,0.0,6250.349999999999,2,0,0.0,30923.41,8,1,0.125,0
LGS2ORD0048597,C016985,2026-01-20 20:00:00,Male,30,Bronze,TV,Phuket,1695,Shopee,Bank_Transfer,20,1,1,0,20-30,56.5,8.0,3.0,0.375,-3,2,6905.540000000001,0.23,0.5,0.125,0.0,3280.42,1,1,1.0,20154.410000000003,2,2,1.0,26704.770000000004,3,2,0.6666666666666666,55244.32000000001,8,3,0.375,1
LGS2ORD0048598,C013076,2026-01-20 21:00:00,Female,43,Bronze,CallCenter,Bangkok,561,Web,COD,21,1,1,0,40-50,18.7,13.0,1.0,0.07692307692307693,296,15,11739.25153846154,0.28,0.38461538461538464,0.38461538461538464,0.0,0.0,0,0,0.0,37494.05,1,0,0.0,66840.37,3,0,0.0,152610.27000000002,13,1,0.07692307692307693,0
LGS2ORD0048599,C011712,2026-01-20 21:00:00,Other,54,Bronze,Shopee,Phuket,1518,CallCenter,COD,21,1,1,0,>50,50.6,9.0,4.0,0.4444444444444444,140,79,3582.0488888888885,0.28,0.5555555555555556,0.4444444444444444,0.0,0.0,0,0,0.0,0.0,0,0,0.0,4947.28,1,0,0.0,27494.379999999997,8,4,0.5,1
LGS2ORD0048600,C014676,2026-01-20 21:00:00,Female,43,Bronze,TV,Nakhon Ratchasima,742,Web,COD,21,1,1,0,40-50,24.733333333333334,8.0,2.0,0.25,172,22,4936.24,0.23,0.625,0.125,0.0,0.0,0,0,0.0,3366.08,1,0,0.0,7796.18,2,0,0.0,31215.85,7,1,0.14285714285714285,0
LGS2ORD0048601,C010137,2026-01-20 21:00:00,Female,43,Gold,Lazada,Chiang Mai,1036,Lazada,PromptPay,21,1,1,0,40-50,34.53333333333333,19.0,5.0,0.2631578947368421,140,56,6044.237894736842,0.33,0.631578947368421,0.631578947368421,0.0,0.0,0,0,0.0,0.0,0,0,0.0,8313.220000000001,3,0,0.0,114840.51999999999,19,5,0.2631578947368421,0
LGS2ORD0048602,C014934,2026-01-20 21:00:00,Male,48,Silver,TV,Bangkok,1657,Shopee,Credit_Card,21,1,1,0,40-50,55.233333333333334,6.0,1.0,0.16666666666666666,8,14,3461.561666666667,0.3,0.3333333333333333,0.5,0.0,0.0,0,0,0.0,8818.43,1,1,1.0,9843.86,2,1,0.5,17191.449999999997,5,1,0.2,0
LGS2ORD0048603,C012883,2026-01-20 21:00:00,Female,41,Gold,TV,Khon Kaen,939,TV_Show,Credit_Card,21,1,1,0,40-50,31.3,7.0,0.0,0.0,-1,12,3026.1671428571426,0.33,0.5714285714285714,0.42857142857142855,0.0,0.0,0,0,0.0,1064.88,1,0,0.0,6910.04,3,0,0.0,21183.17,7,0,0.0,0
LGS2ORD0048604,C011665,2026-01-20 22:00:00,Female,23,Bronze,TV,Chiang Mai,1169,Lazada,Credit_Card,22,1,1,0,20-30,38.96666666666667,5.0,0.0,0.0,-1,3,3030.4,0.23,0.4,0.2,0.0,2217.91,1,0,0.0,6892.08,2,0,0.0,6892.08,2,0,0.0,15152.0,5,0,0.0,0
LGS2ORD0048605,C013403,2026-01-20 22:00:00,Female,38,Platinum,Web,Bangkok,1405,Shopee,PromptPay,22,1,1,0,30-40,46.833333333333336,5.0,2.0,0.4,0,15,5041.606,0.35,0.6,0.6,0.0,0.0,0,0,0.0,5302.62,1,1,1.0,9024.93,2,1,0.5,23954.03,4,1,0.25,0
LGS2ORD0048606,C012120,2026-01-20 22:00:00,Female,38,Silver,Shopee,Bangkok,1452,TV_Show,Bank_Transfer,22,1,1,0,30-40,48.4,8.0,1.0,0.125,348,17,7250.63,0.3,0.25,0.375,0.0,0.0,0,0,0.0,1160.33,1,0,0.0,1160.33,1,0,0.0,53784.329999999994,7,1,0.14285714285714285,0
LGS2ORD0048607,C015893,2026-01-20 22:00:00,Male,41,Silver,CallCenter,Chonburi,1533,CallCenter,Credit_Card,22,1,1,0,40-50,51.1,4.0,1.0,0.25,372,80,12855.93,0.2,0.5,0.0,0.0,0.0,0,0,0.0,0.0,0,0,0.0,32355.16,1,0,0.0,39785.31,3,0,0.0,1
LGS2ORD0048608,C011099,2026-01-20 22:00:00,Female,42,Bronze,Web,Chonburi,645,Shopee,Credit_Card,22,1,1,0,40-50,21.5,4.0,0.0,0.0,-1,38,10920.925000000001,0.23,0.75,0.25,0.0,0.0,0,0,0.0,0.0,0,0,0.0,1241.19,1,0,0.0,43683.700000000004,4,0,0.0,0
LGS2ORD0048609,C013188,2026-01-20 23:00:00,Female,39,Silver,Web,Bangkok,639,Shopee,Credit_Card,23,1,1,0,30-40,21.3,2.0,0.0,0.0,-1,238,11273.37,0.2,0.5,0.0,0.0,0.0,0,0,0.0,0.0,0,0,0.0,0.0,0,0,0.0,22546.74,2,0,0.0,1
LGS2ORD0048610,C012391,2026-01-20 23:00:00,Female,50,Bronze,TV,Bangkok,1526,Web,COD,23,1,1,0,40-50,50.86666666666667,5.0,2.0,0.4,214,54,3876.7299999999996,0.28,0.6,0.4,0.0,0.0,0,0,0.0,0.0,0,0,0.0,847.52,1,0,0.0,19383.649999999998,5,2,0.4,0
LGS2ORD0048611,C014359,2026-01-20 23:00:00,Female,25,Bronze,Shopee,Bangkok,1664,Shopee,Credit_Card,23,1,1,0,20-30,55.46666666666667,8.0,2.0,0.25,36,12,9368.1275,0.28,1.0,0.375,0.0,0.0,0,0,0.0,21349.26,1,0,0.0,33482.53,4,1,0.25,72077.68000000001,7,2,0.2857142857142857,0
LGS2ORD0048612,C014280,2026-01-20 23:00:00,Male,49,Bronze,TV,Chiang Mai,1484,Lazada,COD,23,1,1,0,40-50,49.46666666666667,4.0,2.0,0.5,-2,11,6642.624999999999,0.28,0.25,0.5,0.0,0.0,0,0,0.0,1414.91,1,1,1.0,1414.91,1,1,1.0,26570.499999999996,4,2,0.5,0
LGS2ORD0048613,C014692,2026-01-20 23:00:00,Female,56,Bronze,CallCenter,Bangkok,516,TV_Show,PromptPay,23,1,1,0,>50,17.2,4.0,1.0,0.25,17,20,3719.8425,0.18,0.25,0.0,0.0,0.0,0,0,0.0,4184.2699999999995,2,1,0.5,4184.2699999999995,2,1,0.5,14879.37,4,1,0.25,1
LGS2ORD0048614,C010868,2026-01-21 00:00:00,Female,35,Gold,Lazada,Bangkok,738,TV_Show,COD,0,1,2,0,30-40,24.6,8.0,0.0,0.0,-1,55,3315.6187500000005,0.2299999999999999,0.5,0.375,0.0,0.0,0,0,0.0,0.0,0,0,0.0,13141.779999999999,4,0,0.0,22796.53,7,0,0.0,0
LGS2ORD0048615,C012786,2026-01-21 00:00:00,Male,26,Gold,Web,Chiang Mai,562,Shopee,COD,0,1,2,0,20-30,18.733333333333334,6.0,1.0,0.16666666666666666,188,123,5016.651666666667,0.33,0.5,0.8333333333333334,0.0,0.0,0,0,0.0,0.0,0,0,0.0,0.0,0,0,0.0,30099.91,6,1,0.16666666666666666,0
LGS2ORD0048616,C011456,2026-01-21 00:00:00,Male,26,Gold,TV,Bangkok,1385,Lazada,PromptPay,0,1,2,0,20-30,46.166666666666664,2.0,1.0,0.5,104,112,7010.255,0.33,0.5,1.0,0.0,0.0,0,0,0.0,0.0,0,0,0.0,0.0,0,0,0.0,14020.51,2,1,0.5,0
LGS2ORD0048617,C017857,2026-01-21 00:00:00,Male,51,Silver,TV,Chiang Mai,1117,Shopee,Credit_Card,0,1,2,0,>50,37.233333333333334,8.0,2.0,0.25,171,70,4293.63,0.2,0.375,0.0,0.0,0.0,0,0,0.0,0.0,0,0,0.0,17722.15,2,0,0.0,34349.04,8,2,0.25,0
LGS2ORD0048618,C014038,2026-01-21 00:00:00,Male,48,Bronze,TV,Bangkok,696,Shopee,COD,0,1,2,0,40-50,23.2,3.0,0.0,0.0,-1,52,1321.5866666666666,0.28,0.3333333333333333,0.3333333333333333,0.0,0.0,0,0,0.0,0.0,0,0,0.0,1418.23,1,0,0.0,3964.7599999999998,3,0,0.0,0
LGS2ORD0048619,C010769,2026-01-21 01:00:00,Male,40,Silver,Lazada,Bangkok,1503,Web,PromptPay,1,1,2,0,30-40,50.1,3.0,0.0,0.0,-1,20,4128.666666666667,0.25,0.6666666666666666,0.3333333333333333,0.0,0.0,0,0,0.0,2142.38,1,0,0.0,2142.38,1,0,0.0,3879.54,2,0,0.0,0
LGS2ORD0048620,C017771,2026-01-21 01:00:00,Female,46,Bronze,CallCenter,Remote_Area,653,Lazada,COD,1,1,2,0,40-50,21.766666666666666,14.0,1.0,0.07142857142857142,136,17,4946.65,0.28,0.35714285714285715,0.21428571428571427,0.0,0.0,0,0,0.0,4561.2,1,0,0.0,6921.3099999999995,2,0,0.0,55883.37999999999,13,1,0.07692307692307693,0
LGS2ORD0048621,C017154,2026-01-21 01:00:00,Male,54,Bronze,TV,Nakhon Ratchasima,1725,Lazada,Credit_Card,1,1,2,0,>50,57.5,6.0,2.0,0.3333333333333333,198,38,5500.080000000001,0.18,0.6666666666666666,0.0,0.0,0.0,0,0,0.0,0.0,0,0,0.0,8707.82,1,0,0.0,33000.48,6,2,0.3333333333333333,1
LGS2ORD0048622,C017935,2026-01-21 01:00:00,Female,54,Bronze,Web,Phuket,1195,Shopee,COD,1,1,2,0,>50,39.833333333333336,12.0,6.0,0.5,15,18,4311.494166666666,0.23,0.75,0.16666666666666666,0.0,0.0,0,0,0.0,988.21,1,1,1.0,17980.45,5,2,0.4,51737.92999999999,12,6,0.5,1
LGS2ORD0048623,C012822,2026-01-21 01:00:00,Male,52,Bronze,TV,Remote_Area,1158,Web,Bank_Transfer,1,1,2,0,>50,38.6,6.0,2.0,0.3333333333333333,273,50,8277.52,0.28,0.8333333333333334,0.3333333333333333,0.0,0.0,0,0,0.0,0.0,0,0,0.0,11140.27,2,0,0.0,49665.12,6,2,0.3333333333333333,0
LGS2ORD0048624,C014378,2026-01-21 01:00:00,Male,47,Bronze,Lazada,Chiang Mai,899,TV_Show,COD,1,1,2,0,40-50,29.966666666666665,10.0,2.0,0.2,-3,0,9403.208,0.23,0.8,0.1,0.0,1768.01,1,0,0.0,44736.24,3,1,0.3333333333333333,72019.24999999999,4,1,0.25,90071.57999999999,9,2,0.2222222222222222,1
LGS2ORD0048625,C016718,2026-01-21 02:00:00,Male,72,Silver,Lazada,Songkhla,1702,TV_Show,Credit_Card,2,1,2,0,>50,56.733333333333334,9.0,2.0,0.2222222222222222,49,57,4873.67,0.25,0.5555555555555556,0.1111111111111111,0.0,0.0,0,0,0.0,0.0,0,0,0.0,4499.72,1,1,1.0,43863.03,9,2,0.2222222222222222,1
LGS2ORD0048626,C011338,2026-01-21 02:00:00,Female,39,Bronze,TV,Chonburi,1695,Lazada,COD,2,1,2,0,30-40,56.5,10.0,2.0,0.2,1,8,11712.163,0.28,0.5,0.1,0.1,0.0,0,0,0.0,11295.0,2,1,0.5,41379.74,3,1,0.3333333333333333,117121.63,10,2,0.2,0
LGS2ORD0048627,C016093,2026-01-21 02:00:00,Male,58,Bronze,CallCenter,Bangkok,566,CallCenter,COD,2,1,2,0,>50,18.866666666666667,12.0,3.0,0.25,187,11,6570.344166666667,0.28,0.6666666666666666,0.3333333333333333,0.0,0.0,0,0,0.0,3174.11,1,0,0.0,7768.42,3,0,0.0,77156.1,11,3,0.2727272727272727,1
LGS2ORD0048628,C014618,2026-01-21 02:00:00,Male,43,Platinum,TV,Chonburi,1377,Web,COD,2,1,2,0,40-50,45.9,7.0,0.0,0.0,-1,3,5684.7071428571435,0.25,0.5714285714285714,0.2857142857142857,0.0,2108.33,1,0,0.0,2108.33,1,0,0.0,11954.02,2,0,0.0,39792.950000000004,7,0,0.0,0
LGS2ORD0048629,C013969,2026-01-21 02:00:00,Female,67,Platinum,Web,Chonburi,1050,CallCenter,COD,2,1,2,0,>50,35.0,4.0,2.0,0.5,111,0,5518.924999999999,0.3,0.75,0.25,0.0,6807.37,1,0,0.0,6807.37,1,0,0.0,6807.37,1,0,0.0,22075.699999999997,4,2,0.5,0
LGS2ORD0048630,C013018,2026-01-21 03:00:00,Male,47,Bronze,TV,Chiang Mai,747,Lazada,COD,3,1,2,0,40-50,24.9,7.0,1.0,0.14285714285714285,214,171,5730.461428571428,0.18,0.2857142857142857,0.0,0.0,0.0,0,0,0.0,0.0,0,0,0.0,0.0,0,0,0.0,40113.229999999996,7,1,0.14285714285714285,0
LGS2ORD0048631,C011131,2026-01-21 03:00:00,Female,42,Bronze,TV,Remote_Area,1602,Web,COD,3,1,2,0,40-50,53.4,12.0,2.0,0.16666666666666666,9,18,6667.831666666666,0.28,0.75,0.16666666666666666,0.08333333333333333,0.0,0,0,0.0,3699.61,1,1,1.0,38669.48,2,1,0.5,80013.98,12,2,0.16666666666666666,1
LGS2ORD0048632,C012387,2026-01-21 03:00:00,Other,31,Bronze,TV,Bangkok,1328,Web,COD,3,1,2,0,30-40,44.266666666666666,3.0,0.0,0.0,-1,111,13940.566666666666,0.28,0.6666666666666666,0.3333333333333333,0.0,0.0,0,0,0.0,0.0,0,0,0.0,0.0,0,0,0.0,17647.47,2,0,0.0,1
LGS2ORD0048633,C015001,2026-01-21 03:00:00,Female,40,Bronze,TV,Bangkok,1296,TV_Show,COD,3,1,2,0,30-40,43.2,9.0,4.0,0.4444444444444444,66,36,5242.752222222222,0.28,1.0,0.3333333333333333,0.0,0.0,0,0,0.0,0.0,0,0,0.0,7893.03,2,1,0.5,47184.770000000004,9,4,0.4444444444444444,0
LGS2ORD0048634,C013147,2026-01-21 03:00:00,Male,65,Bronze,TV,Chiang Mai,904,Web,COD,3,1,2,0,>50,30.133333333333333,7.0,0.0,0.0,-1,61,5582.575714285714,0.23,0.5714285714285714,0.2857142857142857,0.0,0.0,0,0,0.0,0.0,0,0,0.0,8456.6,1,0,0.0,38272.49,6,0,0.0,0
LGS2ORD0048635,C013875,2026-01-21 04:00:00,Male,42,Silver,CallCenter,Bangkok,1476,CallCenter,COD,4,1,2,0,40-50,49.2,7.0,2.0,0.2857142857142857,92,4,1099.2614285714285,0.3,0.5714285714285714,0.2857142857142857,0.0,236.21,1,0,0.0,236.21,1,0,0.0,577.12,2,0,0.0,6830.3099999999995,6,2,0.3333333333333333,0
LGS2ORD0048636,C016621,2026-01-21 04:00:00,Male,34,Gold,Web,Chiang Mai,1182,Lazada,Credit_Card,4,1,2,0,30-40,39.4,5.0,1.0,0.2,275,15,3370.084,0.33,0.2,0.6,0.0,0.0,0,0,0.0,2007.63,1,0,0.0,2007.63,1,0,0.0,16850.42,5,1,0.2,0
LGS2ORD0048637,C015722,2026-01-21 04:00:00,Female,44,Gold,Lazada,Phuket,1519,CallCenter,PromptPay,4,1,2,0,40-50,50.63333333333333,7.0,3.0,0.42857142857142855,61,78,4068.437142857143,0.33,0.42857142857142855,0.14285714285714285,0.0,0.0,0,0,0.0,0.0,0,0,0.0,7297.08,2,1,0.5,28479.06,7,3,0.42857142857142855,0
LGS2ORD0048638,C015137,2026-01-21 04:00:00,Male,28,Bronze,TV,Bangkok,771,TV_Show,PromptPay,4,1,2,0,20-30,25.7,2.0,1.0,0.5,191,50,4845.145,0.08,1.0,0.0,0.0,0.0,0,0,0.0,0.0,0,0,0.0,1330.67,1,0,0.0,9690.29,2,1,0.5,0
LGS2ORD0048639,C012655,2026-01-21 04:00:00,Female,27,Gold,CallCenter,Nakhon Ratchasima,1045,Lazada,Bank_Transfer,4,1,2,0,20-30,34.833333333333336,7.0,1.0,0.14285714285714285,62,67,11555.16,0.33,0.42857142857142855,0.2857142857142857,0.0,0.0,0,0,0.0,0.0,0,0,0.0,23457.86,1,1,1.0,80886.12,7,1,0.14285714285714285,0
LGS2ORD0048640,C014468,2026-01-21 05:00:00,Male,52,Gold,Web,Chonburi,1735,Lazada,Credit_Card,5,1,2,0,>50,57.833333333333336,7.0,0.0,0.0,-1,8,1276.0557142857144,0.28,0.14285714285714285,0.2857142857142857,0.0,0.0,0,0,0.0,493.95,1,0,0.0,4173.51,4,0,0.0,6901.13,6,0,0.0,0
LGS2ORD0048641,C013617,2026-01-21 05:00:00,Female,56,Bronze,TV,Phuket,871,CallCenter,Credit_Card,5,1,2,0,>50,29.033333333333335,10.0,3.0,0.3,121,29,4211.631,0.28,0.6,0.3,0.0,0.0,0,0,0.0,812.01,1,0,0.0,5130.08,2,0,0.0,39057.36,9,2,0.2222222222222222,0
LGS2ORD0048642,C013636,2026-01-21 05:00:00,Female,45,Bronze,Shopee,Khon Kaen,1284,Shopee,COD,5,1,2,0,40-50,42.8,5.0,0.0,0.0,-1,27,9057.448,0.23,0.4,0.2,0.0,0.0,0,0,0.0,37992.11,1,0,0.0,39654.24,2,0,0.0,42734.1,4,0,0.0,1
LGS2ORD0048643,C016895,2026-01-21 05:00:00,Female,34,Bronze,TV,Bangkok,1579,Web,PromptPay,5,1,2,0,30-40,52.63333333333333,7.0,1.0,0.14285714285714285,118,23,7079.618571428572,0.28,0.42857142857142855,0.2857142857142857,0.0,0.0,0,0,0.0,882.01,1,0,0.0,882.01,1,0,0.0,49557.33,7,1,0.14285714285714285,0
LGS2ORD0048644,C011514,2026-01-21 05:00:00,Female,25,Gold,Lazada,Bangkok,736,Lazada,Bank_Transfer,5,1,2,0,20-30,24.533333333333335,5.0,2.0,0.4,13,18,3577.148,0.2299999999999999,0.8,0.2,0.0,0.0,0,0,0.0,569.16,1,1,1.0,569.16,1,1,1.0,17885.74,5,2,0.4,0
LGS2ORD0048645,C011561,2026-01-21 05:00:00,Female,47,Bronze,Web,Songkhla,1310,TV_Show,Bank_Transfer,5,1,2,0,40-50,43.666666666666664,6.0,3.0,0.5,148,153,4568.345,0.28,0.8333333333333334,0.16666666666666666,0.0,0.0,0,0,0.0,0.0,0,0,0.0,0.0,0,0,0.0,27410.07,6,3,0.5,0
LGS2ORD0048646,C016577,2026-01-21 06:00:00,Female,33,Silver,Web,Khon Kaen,1548,Lazada,PromptPay,6,1,2,0,30-40,51.6,9.0,0.0,0.0,-1,58,5820.912222222222,0.25,0.4444444444444444,0.1111111111111111,0.0,0.0,0,0,0.0,0.0,0,0,0.0,17720.83,2,0,0.0,52388.21,9,0,0.0,0
LGS2ORD0048647,C011886,2026-01-21 06:00:00,Male,56,Bronze,Lazada,Khon Kaen,1136,TV_Show,COD,6,1,2,0,>50,37.86666666666667,11.0,1.0,0.09090909090909091,278,22,6549.413636363635,0.28,0.45454545454545453,0.2727272727272727,0.0,0.0,0,0,0.0,3589.4,1,0,0.0,8068.41,2,0,0.0,64035.13,9,1,0.1111111111111111,1
LGS2ORD0048648,C013592,2026-01-21 06:00:00,Male,63,Gold,TV,Nakhon Ratchasima,1832,TV_Show,COD,6,1,2,0,>50,61.06666666666667,3.0,1.0,0.3333333333333333,25,41,5138.266666666667,0.2299999999999999,0.3333333333333333,0.6666666666666666,0.0,0.0,0,0,0.0,0.0,0,0,0.0,764.43,1,1,1.0,9566.720000000001,2,1,0.5,0
LGS2ORD0048649,C016550,2026-01-21 06:00:00,Male,32,Bronze,Shopee,Bangkok,1730,TV_Show,COD,6,1,2,0,30-40,57.666666666666664,11.0,5.0,0.45454545454545453,60,65,2121.854545454545,0.28,0.8181818181818182,0.36363636363636365,0.0,0.0,0,0,0.0,0.0,0,0,0.0,8208.34,3,2,0.6666666666666666,23340.399999999998,11,5,0.45454545454545453,0
LGS2ORD0048650,C011388,2026-01-21 06:00:00,Female,57,Silver,Lazada,Nakhon Ratchasima,559,Web,PromptPay,6,1,2,0,>50,18.633333333333333,5.0,1.0,0.2,200,47,4715.854,0.2,0.4,0.0,0.0,0.0,0,0,0.0,0.0,0,0,0.0,864.15,1,0,0.0,23579.27,5,1,0.2,0
LGS2ORD0048651,C012511,2026-01-21 07:00:00,Female,52,Silver,CallCenter,Bangkok,1491,Lazada,COD,7,1,2,0,>50,49.7,3.0,0.0,0.0,-1,115,8098.613333333334,0.25,0.0,0.3333333333333333,0.0,0.0,0,0,0.0,0.0,0,0,0.0,0.0,0,0,0.0,24295.84,3,0,0.0,1
LGS2ORD0048652,C015299,2026-01-21 07:00:00,Male,41,Bronze,CallCenter,Bangkok,1840,CallCenter,COD,7,1,2,0,40-50,61.333333333333336,14.0,1.0,0.07142857142857142,21,23,5787.077142857143,0.28,0.6428571428571429,0.2857142857142857,0.0,0.0,0,0,0.0,5928.94,2,0,0.0,28585.440000000002,7,1,0.14285714285714285,81019.08,14,1,0.07142857142857142,0
LGS2ORD0048653,C013256,2026-01-21 07:00:00,Male,58,Silver,Lazada,Khon Kaen,1801,CallCenter,COD,7,1,2,0,>50,60.03333333333333,4.0,0.0,0.0,-1,182,6142.9825,0.25,0.5,0.5,0.25,0.0,0,0,0.0,0.0,0,0,0.0,0.0,0,0,0.0,24009.33,3,0,0.0,1
LGS2ORD0048654,C012541,2026-01-21 07:00:00,Female,45,Platinum,Lazada,Nakhon Ratchasima,952,Lazada,Bank_Transfer,7,1,2,0,40-50,31.733333333333334,4.0,0.0,0.0,-1,8,5646.9625,0.3,0.25,0.5,0.0,0.0,0,0,0.0,12213.56,1,0,0.0,21319.760000000002,2,0,0.0,22587.85,4,0,0.0,1
LGS2ORD0048655,C010566,2026-01-21 07:00:00,Male,32,Bronze,TV,Chiang Mai,634,Web,COD,7,1,2,0,30-40,21.133333333333333,7.0,2.0,0.2857142857142857,23,17,5800.032857142856,0.23,0.7142857142857143,0.14285714285714285,0.0,0.0,0,0,0.0,777.62,1,0,0.0,6205.82,4,1,0.25,33401.7,6,2,0.3333333333333333,0
LGS2ORD0048656,C015497,2026-01-21 08:00:00,Male,55,Silver,Lazada,Nakhon Ratchasima,728,CallCenter,Credit_Card,8,1,2,0,>50,24.266666666666666,8.0,3.0,0.375,64,33,3231.51,0.3,0.75,0.25,0.0,0.0,0,0,0.0,0.0,0,0,0.0,6377.35,3,2,0.6666666666666666,25852.08,8,3,0.375,0
LGS2ORD0048657,C013249,2026-01-21 08:00:00,Female,63,Bronze,Web,Bangkok,784,Web,Credit_Card,8,1,2,0,>50,26.133333333333333,8.0,3.0,0.375,132,75,2454.1375,0.18,0.625,0.0,0.0,0.0,0,0,0.0,0.0,0,0,0.0,1043.56,1,0,0.0,18540.050000000003,7,3,0.42857142857142855,0
LGS2ORD0048658,C017148,2026-01-21 08:00:00,Female,48,Platinum,TV,Chonburi,1499,TV_Show,COD,8,1,2,0,40-50,49.96666666666667,7.0,1.0,0.14285714285714285,221,16,12203.679999999998,0.3,0.42857142857142855,0.7142857142857143,0.0,0.0,0,0,0.0,26517.18,2,0,0.0,26517.18,2,0,0.0,47278.29,5,1,0.2,0
LGS2ORD0048659,C010194,2026-01-21 08:00:00,Female,51,Gold,TV,Remote_Area,1819,TV_Show,PromptPay,8,1,2,0,>50,60.63333333333333,6.0,3.0,0.5,16,21,3400.273333333333,0.33,0.3333333333333333,0.3333333333333333,0.0,0.0,0,0,0.0,512.01,1,1,1.0,512.01,1,1,1.0,20401.64,6,3,0.5,0
LGS2ORD0048660,C017041,2026-01-21 08:00:00,Male,62,Bronze,Lazada,Songkhla,989,Web,Credit_Card,8,1,2,0,>50,32.96666666666667,2.0,0.0,0.0,-1,232,6725.655000000001,0.18,0.0,0.0,0.0,0.0,0,0,0.0,0.0,0,0,0.0,0.0,0,0,0.0,13451.310000000001,2,0,0.0,0
LGS2ORD0048661,C011506,2026-01-21 09:00:00,Male,35,Bronze,Web,Khon Kaen,831,Lazada,Credit_Card,9,1,2,0,30-40,27.7,5.0,1.0,0.2,92,27,4218.789999999999,0.23,0.8,0.4,0.0,0.0,0,0,0.0,3894.33,1,0,0.0,3894.33,1,0,0.0,21093.949999999997,5,1,0.2,0
LGS2ORD0048662,C016810,2026-01-21 09:00:00,Female,46,Bronze,Shopee,Nakhon Ratchasima,1842,CallCenter,PromptPay,9,1,2,0,40-50,61.4,8.0,0.0,0.0,-1,0,6895.6825,0.23,0.5,0.125,0.0,3115.05,1,0,0.0,3115.05,1,0,0.0,16375.399999999998,3,0,0.0,55165.46,8,0,0.0,0
LGS2ORD0048663,C016980,2026-01-21 09:00:00,Female,46,Gold,Shopee,Bangkok,795,Shopee,Bank_Transfer,9,1,2,0,40-50,26.5,0.0,0.0,0.0,-1,-1,0.0,0.0,0.0,0.0,0.0,0.0,0,0,0.0,0.0,0,0,0.0,0.0,0,0,0.0,0.0,0,0,0.0,0
LGS2ORD0048664,C015145,2026-01-21 09:00:00,Female,31,Bronze,CallCenter,Remote_Area,1463,TV_Show,COD,9,1,2,0,30-40,48.766666666666666,4.0,3.0,0.75,206,125,5110.915,0.28,0.25,0.5,0.0,0.0,0,0,0.0,0.0,0,0,0.0,0.0,0,0,0.0,6545.43,3,2,0.6666666666666666,1
LGS2ORD0048665,C017166,2026-01-21 09:00:00,Female,25,Bronze,TV,Khon Kaen,936,TV_Show,COD,9,1,2,0,20-30,31.2,5.0,1.0,0.2,294,148,4468.476000000001,0.23,0.4,0.4,0.0,0.0,0,0,0.0,0.0,0,0,0.0,0.0,0,0,0.0,22342.38,5,1,0.2,0
LGS2ORD0048666,C010769,2026-01-21 09:00:00,Male,40,Silver,Lazada,Bangkok,1503,TV_Show,COD,9,1,2,0,30-40,50.1,4.0,0.0,0.0,-1,0,4090.5225,0.25,0.5,0.25,0.0,3976.09,1,0,0.0,6118.47,2,0,0.0,6118.47,2,0,0.0,7855.63,3,0,0.0,1
LGS2ORD0048667,C013251,2026-01-21 10:00:00,Male,30,Silver,Web,Phuket,745,TV_Show,COD,10,1,2,0,20-30,24.833333333333332,5.0,1.0,0.2,43,50,3059.9139999999998,0.3,0.2,0.6,0.0,0.0,0,0,0.0,0.0,0,0,0.0,6489.78,1,1,1.0,13140.45,4,1,0.25,0
LGS2ORD0048668,C011322,2026-01-21 10:00:00,Male,45,Silver,TV,Chonburi,1036,Web,COD,10,1,2,0,40-50,34.53333333333333,4.0,2.0,0.5,117,127,5434.125,0.25,0.75,0.25,0.0,0.0,0,0,0.0,0.0,0,0,0.0,0.0,0,0,0.0,9747.26,3,2,0.6666666666666666,1
LGS2ORD0048669,C012318,2026-01-21 10:00:00,Male,72,Bronze,TV,Chiang Mai,1499,Shopee,COD,10,1,2,0,>50,49.96666666666667,5.0,2.0,0.4,101,113,5868.048000000001,0.28,0.6,0.2,0.0,0.0,0,0,0.0,0.0,0,0,0.0,0.0,0,0,0.0,29340.24,5,2,0.4,0
LGS2ORD0048670,C015024,2026-01-21 10:00:00,Male,27,Bronze,Web,Songkhla,1575,Shopee,COD,10,1,2,0,20-30,52.5,12.0,5.0,0.4166666666666667,61,2,6560.7175,0.28,0.75,0.4166666666666667,0.0,38949.72,1,0,0.0,38949.72,1,0,0.0,48473.340000000004,3,1,0.3333333333333333,78728.61,12,5,0.4166666666666667,1
LGS2ORD0048671,C010641,2026-01-21 10:00:00,Male,18,Bronze,Shopee,Chiang Mai,784,TV_Show,Credit_Card,10,1,2,0,<20,26.133333333333333,4.0,0.0,0.0,-1,58,11530.0425,0.28,0.5,0.5,0.0,0.0,0,0,0.0,0.0,0,0,0.0,20663.91,1,0,0.0,46120.17,4,0,0.0,0
LGS2ORD0048672,C015444,2026-01-21 11:00:00,Male,51,Bronze,TV,Bangkok,828,TV_Show,COD,11,1,2,0,>50,27.6,5.0,2.0,0.4,8,21,10330.464,0.18,0.6,0.0,0.0,0.0,0,0,0.0,26336.4,1,1,1.0,29308.74,2,1,0.5,51652.32,5,2,0.4,0
LGS2ORD0048673,C017365,2026-01-21 11:00:00,Female,42,Gold,Shopee,Bangkok,582,Lazada,COD,11,1,2,0,40-50,19.4,7.0,3.0,0.42857142857142855,38,25,14564.672857142858,0.28,0.42857142857142855,0.7142857142857143,0.0,0.0,0,0,0.0,17718.02,1,0,0.0,19530.87,2,1,0.5,98086.48000000001,6,3,0.5,0
LGS2ORD0048674,C017870,2026-01-21 11:00:00,Male,43,Bronze,TV,Chiang Mai,1005,TV_Show,PromptPay,11,1,2,0,40-50,33.5,12.0,3.0,0.25,6,6,5981.820833333334,0.28,0.5833333333333334,0.3333333333333333,0.0,369.87,1,0,0.0,21134.82,2,1,0.5,34485.450000000004,4,2,0.5,70715.0,11,3,0.2727272727272727,0
LGS2ORD0048675,C012344,2026-01-21 11:00:00,Other,19,Platinum,Web,Chonburi,889,Web,COD,11,1,2,0,<20,29.633333333333333,6.0,1.0,0.16666666666666666,233,123,6657.493333333333,0.3,0.6666666666666666,0.8333333333333334,0.0,0.0,0,0,0.0,0.0,0,0,0.0,0.0,0,0,0.0,38120.51,5,1,0.2,1
LGS2ORD0048676,C012296,2026-01-21 11:00:00,Other,38,Bronze,Web,Remote_Area,759,TV_Show,COD,11,1,2,0,30-40,25.3,4.0,1.0,0.25,66,70,6355.952500000001,0.03,0.5,0.0,0.0,0.0,0,0,0.0,0.0,0,0,0.0,838.08,1,1,1.0,25423.810000000005,4,1,0.25,1
LGS2ORD0048677,C016255,2026-01-21 12:00:00,Female,32,Platinum,Lazada,Bangkok,994,Shopee,Bank_Transfer,12,1,2,0,30-40,33.13333333333333,1.0,0.0,0.0,-1,174,4066.51,0.2,1.0,0.0,0.0,0.0,0,0,0.0,0.0,0,0,0.0,0.0,0,0,0.0,4066.51,1,0,0.0,0
LGS2ORD0048678,C014402,2026-01-21 12:00:00,Female,57,Bronze,Web,Remote_Area,1104,Web,COD,12,1,2,0,>50,36.8,5.0,2.0,0.4,0,13,11475.480000000001,0.28,0.8,0.6,0.0,0.0,0,0,0.0,20967.66,2,2,1.0,20967.66,2,2,1.0,26210.43,4,2,0.5,1
LGS2ORD0048679,C014380,2026-01-21 12:00:00,Male,41,Silver,Shopee,Nakhon Ratchasima,1824,Shopee,PromptPay,12,1,2,0,40-50,60.8,9.0,2.0,0.2222222222222222,189,71,2721.5844444444447,0.25,0.7777777777777778,0.2222222222222222,0.0,0.0,0,0,0.0,0.0,0,0,0.0,4589.22,2,0,0.0,22798.629999999997,7,1,0.14285714285714285,0
LGS2ORD0048680,C011679,2026-01-21 12:00:00,Female,47,Gold,TV,Songkhla,622,TV_Show,COD,12,1,2,0,40-50,20.733333333333334,9.0,2.0,0.2222222222222222,78,67,4778.213333333333,0.28,0.5555555555555556,0.3333333333333333,0.0,0.0,0,0,0.0,0.0,0,0,0.0,6989.54,3,1,0.3333333333333333,42323.78,8,2,0.25,1
LGS2ORD0048681,C012613,2026-01-21 12:00:00,Female,24,Silver,CallCenter,Chonburi,855,Shopee,COD,12,1,2,0,20-30,28.5,4.0,0.0,0.0,-1,122,5323.255,0.3,0.0,0.5,0.0,0.0,0,0,0.0,0.0,0,0,0.0,0.0,0,0,0.0,21293.02,4,0,0.0,0
LGS2ORD0048682,C015054,2026-01-21 12:00:00,Female,36,Bronze,Web,Khon Kaen,1680,CallCenter,COD,12,1,2,0,30-40,56.0,5.0,1.0,0.2,126,39,3011.7840000000006,0.23,1.0,0.2,0.0,0.0,0,0,0.0,0.0,0,0,0.0,2477.86,1,0,0.0,15058.920000000002,5,1,0.2,0
LGS2ORD0048683,C017163,2026-01-21 13:00:00,Female,44,Silver,TV,Khon Kaen,1519,TV_Show,PromptPay,13,1,2,0,40-50,50.63333333333333,2.0,0.0,0.0,-1,244,3370.675,0.2,0.0,0.0,0.0,0.0,0,0,0.0,0.0,0,0,0.0,0.0,0,0,0.0,6741.35,2,0,0.0,0
LGS2ORD0048684,C012519,2026-01-21 13:00:00,Male,31,Bronze,CallCenter,Remote_Area,971,Shopee,COD,13,1,2,0,30-40,32.36666666666667,5.0,1.0,0.2,371,7,4810.326,0.23,0.8,0.2,0.0,0.0,0,0,0.0,1285.23,1,0,0.0,1285.23,1,0,0.0,12831.47,4,0,0.0,0
LGS2ORD0048685,C013715,2026-01-21 13:00:00,Female,41,Silver,Shopee,Bangkok,543,Lazada,COD,13,1,2,0,40-50,18.1,9.0,2.0,0.2222222222222222,157,133,5153.041111111111,0.25,0.6666666666666666,0.2222222222222222,0.0,0.0,0,0,0.0,0.0,0,0,0.0,0.0,0,0,0.0,23179.28,8,1,0.125,1
LGS2ORD0048686,C015922,2026-01-21 13:00:00,Male,50,Bronze,Lazada,Bangkok,1409,TV_Show,PromptPay,13,1,2,0,40-50,46.96666666666667,10.0,4.0,0.4,-6,2,5789.9800000000005,0.28,0.8,0.4,0.0,5012.61,1,1,1.0,27497.82,3,2,0.6666666666666666,31057.53,6,2,0.3333333333333333,57899.8,10,4,0.4,0
LGS2ORD0048687,C016604,2026-01-21 13:00:00,Female,49,Silver,TV,Chiang Mai,1068,Lazada,COD,13,1,2,0,40-50,35.6,5.0,1.0,0.2,313,56,2031.4940000000001,0.3,0.8,0.6,0.0,0.0,0,0,0.0,0.0,0,0,0.0,2221.19,2,0,0.0,10157.470000000001,5,1,0.2,0
LGS2ORD0048688,C014365,2026-01-21 14:00:00,Female,55,Silver,TV,Chiang Mai,1802,Web,COD,14,1,2,0,>50,60.06666666666667,6.0,2.0,0.3333333333333333,36,41,3836.933333333334,0.3,0.3333333333333333,0.16666666666666666,0.0,0.0,0,0,0.0,0.0,0,0,0.0,3773.8,1,1,1.0,23021.600000000002,6,2,0.3333333333333333,0
LGS2ORD0048689,C010065,2026-01-21 14:00:00,Male,38,Bronze,CallCenter,Khon Kaen,1843,Web,PromptPay,14,1,2,0,30-40,61.43333333333333,13.0,0.0,0.0,-1,17,2861.671538461539,0.28,0.46153846153846156,0.3076923076923077,0.0,0.0,0,0,0.0,1814.65,1,0,0.0,7170.85,3,0,0.0,35325.32000000001,12,0,0.0,0
LGS2ORD0048690,C017358,2026-01-21 14:00:00,Female,50,Gold,Web,Chiang Mai,1293,Web,Credit_Card,14,1,2,0,40-50,43.1,8.0,0.0,0.0,-1,65,10511.17875,0.33,0.25,0.625,0.0,0.0,0,0,0.0,0.0,0,0,0.0,11491.69,1,0,0.0,84089.43,8,0,0.0,0
LGS2ORD0048691,C010138,2026-01-21 14:00:00,Female,26,Silver,Shopee,Bangkok,1764,TV_Show,COD,14,1,2,0,20-30,58.8,11.0,1.0,0.09090909090909091,123,56,5038.314545454546,0.25,0.8181818181818182,0.2727272727272727,0.0,0.0,0,0,0.0,0.0,0,0,0.0,2254.06,1,0,0.0,55421.46000000001,11,1,0.09090909090909091,1
LGS2ORD0048692,C015709,2026-01-21 14:00:00,Male,62,Silver,TV,Khon Kaen,1393,Web,COD,14,1,2,0,>50,46.43333333333333,7.0,3.0,0.42857142857142855,147,1,4439.707142857143,0.3,0.42857142857142855,0.2857142857142857,0.0,1877.32,1,0,0.0,1877.32,1,0,0.0,1877.32,1,0,0.0,31077.949999999997,7,3,0.42857142857142855,0
LGS2ORD0048693,C016862,2026-01-21 15:00:00,Female,54,Bronze,CallCenter,Remote_Area,505,Shopee,COD,15,1,2,0,>50,16.833333333333332,5.0,2.0,0.4,190,31,4364.696,0.28,0.4,0.8,0.0,0.0,0,0,0.0,0.0,0,0,0.0,9178.0,2,0,0.0,21823.48,5,2,0.4,0
LGS2ORD0048694,C016368,2026-01-21 15:00:00,Female,39,Silver,Web,Khon Kaen,1788,Lazada,Bank_Transfer,15,1,2,0,30-40,59.6,9.0,5.0,0.5555555555555556,67,52,5665.107777777779,0.3,0.4444444444444444,0.2222222222222222,0.0,0.0,0,0,0.0,0.0,0,0,0.0,26674.410000000003,3,2,0.6666666666666666,49437.8,8,5,0.625,0
LGS2ORD0048695,C017514,2026-01-21 15:00:00,Female,44,Gold,Lazada,Bangkok,549,Shopee,PromptPay,15,1,2,0,40-50,18.3,3.0,1.0,0.3333333333333333,169,148,6505.556666666666,0.18,0.6666666666666666,0.0,0.0,0.0,0,0,0.0,0.0,0,0,0.0,0.0,0,0,0.0,19516.67,3,1,0.3333333333333333,0
LGS2ORD0048696,C014233,2026-01-21 15:00:00,Female,41,Gold,TV,Bangkok,1393,CallCenter,COD,15,1,2,0,40-50,46.43333333333333,11.0,2.0,0.18181818181818182,133,13,7150.135454545455,0.28,0.36363636363636365,0.5454545454545454,0.0,0.0,0,0,0.0,21712.48,3,0,0.0,62105.17,7,0,0.0,78651.49,11,2,0.18181818181818182,0
LGS2ORD0048697,C011439,2026-01-21 15:00:00,Female,45,Silver,TV,Bangkok,1582,Web,COD,15,1,2,0,40-50,52.733333333333334,7.0,2.0,0.2857142857142857,322,38,3920.35,0.3,0.42857142857142855,0.2857142857142857,0.0,0.0,0,0,0.0,0.0,0,0,0.0,10776.66,2,0,0.0,27442.45,7,2,0.2857142857142857,0
LGS2ORD0048698,C012925,2026-01-21 16:00:00,Female,40,Bronze,Shopee,Khon Kaen,1437,Lazada,COD,16,1,2,0,30-40,47.9,8.0,0.0,0.0,-1,98,8274.2625,0.28,0.375,0.375,0.0,0.0,0,0,0.0,0.0,0,0,0.0,0.0,0,0,0.0,61178.880000000005,7,0,0.0,1
LGS2ORD0048699,C016314,2026-01-21 16:00:00,Female,30,Bronze,Shopee,Bangkok,1356,TV_Show,COD,16,1,2,0,20-30,45.2,4.0,1.0,0.25,350,169,5399.162499999999,0.23,0.75,0.25,0.0,0.0,0,0,0.0,0.0,0,0,0.0,0.0,0,0,0.0,21596.649999999998,4,1,0.25,1
LGS2ORD0048700,C013229,2026-01-21 16:00:00,Male,50,Gold,Shopee,Remote_Area,1091,TV_Show,COD,16,1,2,0,40-50,36.36666666666667,5.0,1.0,0.2,184,39,6677.512,0.28,0.6,0.2,0.0,0.0,0,0,0.0,0.0,0,0,0.0,2114.05,1,0,0.0,31036.91,4,1,0.25,1
LGS2ORD0048701,C016945,2026-01-21 16:00:00,Female,35,Bronze,TV,Bangkok,1209,Web,COD,16,1,2,0,30-40,40.3,4.0,0.0,0.0,-1,108,4467.844999999999,0.28,1.0,0.25,0.0,0.0,0,0,0.0,0.0,0,0,0.0,0.0,0,0,0.0,17871.379999999997,4,0,0.0,0
LGS2ORD0048702,C015267,2026-01-21 16:00:00,Male,28,Bronze,TV,Khon Kaen,1294,Shopee,COD,16,1,2,0,20-30,43.13333333333333,1.0,0.0,0.0,-1,322,1224.8,0.08,1.0,0.0,0.0,0.0,0,0,0.0,0.0,0,0,0.0,0.0,0,0,0.0,1224.8,1,0,0.0,0
LGS2ORD0048703,C014091,2026-01-21 16:00:00,Female,39,Silver,Lazada,Bangkok,654,Shopee,COD,16,1,2,0,30-40,21.8,7.0,1.0,0.14285714285714285,352,21,2363.6885714285713,0.3,0.5714285714285714,0.2857142857142857,0.0,0.0,0,0,0.0,2312.7,1,0,0.0,3033.46,2,0,0.0,16545.82,7,1,0.14285714285714285,0
LGS2ORD0048704,C010701,2026-01-21 17:00:00,Male,44,Silver,TV,Bangkok,1014,Shopee,Bank_Transfer,17,1,2,0,40-50,33.8,7.0,2.0,0.2857142857142857,132,137,4329.311428571428,0.25,0.5714285714285714,0.14285714285714285,0.0,0.0,0,0,0.0,0.0,0,0,0.0,0.0,0,0,0.0,30305.18,7,2,0.2857142857142857,0
LGS2ORD0048705,C012739,2026-01-21 17:00:00,Male,56,Bronze,TV,Remote_Area,1581,Web,COD,17,1,2,0,>50,52.7,8.0,3.0,0.375,-10,2,7535.17,0.23,0.75,0.25,0.0,5324.63,1,1,1.0,11431.05,2,2,1.0,11431.05,2,2,1.0,60281.36,8,3,0.375,0
LGS2ORD0048706,C011509,2026-01-21 17:00:00,Male,47,Bronze,TV,Phuket,722,Shopee,PromptPay,17,1,2,0,40-50,24.066666666666666,7.0,3.0,0.42857142857142855,178,14,3861.1600000000003,0.23,0.5714285714285714,0.2857142857142857,0.0,0.0,0,0,0.0,4177.67,1,0,0.0,12631.18,2,0,0.0,25457.760000000002,6,3,0.5,0
LGS2ORD0048707,C014263,2026-01-21 17:00:00,Female,57,Gold,CallCenter,Bangkok,1775,TV_Show,Credit_Card,17,1,2,0,>50,59.166666666666664,5.0,0.0,0.0,-1,82,1559.8380000000002,0.33,0.6,0.4,0.0,0.0,0,0,0.0,0.0,0,0,0.0,896.26,1,0,0.0,4090.0699999999997,4,0,0.0,0
LGS2ORD0048708,C010797,2026-01-21 17:00:00,Female,31,Gold,CallCenter,Khon Kaen,1670,CallCenter,COD,17,1,2,0,30-40,55.666666666666664,12.0,3.0,0.25,83,31,5967.110833333333,0.28,0.5833333333333334,0.16666666666666666,0.0,0.0,0,0,0.0,0.0,0,0,0.0,9882.32,3,0,0.0,71605.33,12,3,0.25,1
LGS2ORD0048709,C015246,2026-01-21 18:00:00,Female,39,Bronze,Shopee,Bangkok,974,Shopee,COD,18,1,2,0,30-40,32.46666666666667,4.0,0.0,0.0,-1,143,5892.43,0.23,0.75,0.5,0.0,0.0,0,0,0.0,0.0,0,0,0.0,0.0,0,0,0.0,23569.72,4,0,0.0,1
LGS2ORD0048710,C014625,2026-01-21 18:00:00,Male,40,Bronze,TV,Khon Kaen,406,Web,Credit_Card,18,1,2,0,30-40,13.533333333333333,4.0,1.0,0.25,114,65,3631.295,0.23,0.5,0.25,0.0,0.0,0,0,0.0,0.0,0,0,0.0,11633.310000000001,2,0,0.0,12560.99,3,1,0.3333333333333333,0
LGS2ORD0048711,C016799,2026-01-21 18:00:00,Male,53,Silver,TV,Chonburi,1186,TV_Show,Credit_Card,18,1,2,0,>50,39.53333333333333,6.0,2.0,0.3333333333333333,65,5,11045.481666666668,0.3,0.6666666666666666,0.16666666666666666,0.0,6931.83,1,0,0.0,6931.83,1,0,0.0,53365.41,4,1,0.25,66272.89000000001,6,2,0.3333333333333333,0
LGS2ORD0048712,C014505,2026-01-21 18:00:00,Female,30,Gold,Lazada,Bangkok,1384,TV_Show,COD,18,1,2,0,20-30,46.13333333333333,9.0,1.0,0.1111111111111111,266,47,3386.7,0.33,0.5555555555555556,0.3333333333333333,0.0,0.0,0,0,0.0,0.0,0,0,0.0,4260.74,2,0,0.0,30480.3,9,1,0.1111111111111111,0
LGS2ORD0048713,C015613,2026-01-21 18:00:00,Male,43,Silver,TV,Chonburi,1433,Lazada,COD,18,1,2,0,40-50,47.766666666666666,4.0,1.0,0.25,98,107,4962.17,0.3,0.5,0.25,0.0,0.0,0,0,0.0,0.0,0,0,0.0,0.0,0,0,0.0,19848.68,4,1,0.25,0
LGS2ORD0048714,C012206,2026-01-21 19:00:00,Male,22,Silver,Web,Nakhon Ratchasima,757,TV_Show,PromptPay,19,1,2,0,20-30,25.233333333333334,2.0,0.0,0.0,-1,4,5504.105,0.25,1.0,0.5,0.0,4598.93,1,0,0.0,4598.93,1,0,0.0,4598.93,1,0,0.0,11008.21,2,0,0.0,0
LGS2ORD0048715,C014719,2026-01-21 19:00:00,Female,56,Bronze,Shopee,Chonburi,1135,Lazada,Credit_Card,19,1,2,0,>50,37.833333333333336,14.0,3.0,0.21428571428571427,-8,2,3772.672857142857,0.28,0.2857142857142857,0.14285714285714285,0.0,16414.28,2,1,0.5,16414.28,2,1,0.5,17533.87,3,1,0.3333333333333333,50327.99999999999,13,2,0.15384615384615385,0
LGS2ORD0048716,C013143,2026-01-21 19:00:00,Male,33,Platinum,Shopee,Khon Kaen,1384,TV_Show,PromptPay,19,1,2,0,30-40,46.13333333333333,4.0,1.0,0.25,126,16,3757.8824999999997,0.25,0.5,0.25,0.0,0.0,0,0,0.0,10836.71,1,0,0.0,10836.71,1,0,0.0,12552.24,3,1,0.3333333333333333,0
LGS2ORD0048717,C017532,2026-01-21 19:00:00,Other,72,Silver,Shopee,Remote_Area,1726,TV_Show,COD,19,1,2,0,>50,57.53333333333333,6.0,1.0,0.16666666666666666,329,161,3348.6433333333334,0.25,0.16666666666666666,0.3333333333333333,0.0,0.0,0,0,0.0,0.0,0,0,0.0,0.0,0,0,0.0,20091.86,6,1,0.16666666666666666,1
LGS2ORD0048718,C017814,2026-01-21 19:00:00,Male,32,Gold,CallCenter,Bangkok,1463,Shopee,COD,19,1,2,0,30-40,48.766666666666666,2.0,0.0,0.0,-1,254,4701.865,0.18,0.5,0.0,0.0,0.0,0,0,0.0,0.0,0,0,0.0,0.0,0,0,0.0,9403.73,2,0,0.0,0
LGS2ORD0048719,C015666,2026-01-21 20:00:00,Female,37,Gold,Shopee,Bangkok,872,CallCenter,COD,20,1,2,0,30-40,29.066666666666666,5.0,2.0,0.4,13,4,2783.204,0.28,0.6,0.4,0.0,2314.55,1,0,0.0,3429.4900000000002,2,1,0.5,3429.4900000000002,2,1,0.5,13916.02,5,2,0.4,1
LGS2ORD0048720,C016692,2026-01-21 20:00:00,Female,60,Gold,Lazada,Chiang Mai,672,Lazada,COD,20,1,2,0,>50,22.4,7.0,2.0,0.2857142857142857,269,23,6983.407142857145,0.33,0.7142857142857143,0.5714285714285714,0.0,0.0,0,0,0.0,3303.08,1,0,0.0,3303.08,1,0,0.0,48883.85000000001,7,2,0.2857142857142857,0
LGS2ORD0048721,C010940,2026-01-21 20:00:00,Female,45,Gold,Shopee,Chonburi,549,Lazada,Bank_Transfer,20,1,2,0,40-50,18.3,8.0,3.0,0.375,149,41,4097.965,0.2299999999999999,0.625,0.375,0.0,0.0,0,0,0.0,0.0,0,0,0.0,2416.17,2,0,0.0,32783.72,8,3,0.375,0
LGS2ORD0048722,C011799,2026-01-21 20:00:00,Female,30,Bronze,Shopee,Khon Kaen,1459,CallCenter,Credit_Card,20,1,2,0,20-30,48.63333333333333,9.0,1.0,0.1111111111111111,302,33,4715.191111111111,0.23,0.6666666666666666,0.1111111111111111,0.0,0.0,0,0,0.0,0.0,0,0,0.0,13247.960000000001,3,0,0.0,42436.72,9,1,0.1111111111111111,0
LGS2ORD0048723,C011762,2026-01-21 20:00:00,Female,72,Bronze,Shopee,Songkhla,1436,TV_Show,PromptPay,20,1,2,0,>50,47.86666666666667,10.0,4.0,0.4,28,18,4195.66,0.28,0.7,0.4,0.0,0.0,0,0,0.0,4245.04,1,0,0.0,11552.99,2,1,0.5,37047.15,9,4,0.4444444444444444,1
LGS2ORD0048724,C017054,2026-01-21 20:00:00,Male,29,Bronze,Shopee,Nakhon Ratchasima,752,CallCenter,COD,20,1,2,0,20-30,25.066666666666666,4.0,1.0,0.25,297,53,2113.435,0.28,0.5,0.25,0.0,0.0,0,0,0.0,0.0,0,0,0.0,2533.93,1,0,0.0,8453.74,4,1,0.25,0
LGS2ORD0048725,C011077,2026-01-21 21:00:00,Female,71,Bronze,Shopee,Chonburi,1331,TV_Show,Bank_Transfer,21,1,2,0,>50,44.36666666666667,13.0,0.0,0.0,-1,36,4158.266153846153,0.28,0.8461538461538461,0.23076923076923078,0.07692307692307693,0.0,0,0,0.0,0.0,0,0,0.0,24759.940000000002,3,0,0.0,49591.03999999999,11,0,0.0,0
LGS2ORD0048726,C017823,2026-01-21 21:00:00,Male,44,Gold,Lazada,Khon Kaen,851,CallCenter,COD,21,1,2,0,40-50,28.366666666666667,8.0,1.0,0.125,40,50,6678.8775000000005,0.33,0.375,0.25,0.0,0.0,0,0,0.0,0.0,0,0,0.0,10105.97,2,1,0.5,48096.09,7,1,0.14285714285714285,1
LGS2ORD0048727,C011146,2026-01-21 21:00:00,Male,38,Gold,Lazada,Chiang Mai,690,Shopee,COD,21,1,2,0,30-40,23.0,6.0,2.0,0.3333333333333333,37,48,2033.126666666667,0.33,0.6666666666666666,0.3333333333333333,0.0,0.0,0,0,0.0,0.0,0,0,0.0,4790.85,2,1,0.5,10983.78,5,2,0.4,0
LGS2ORD0048728,C013657,2026-01-21 21:00:00,Female,46,Silver,Lazada,Remote_Area,1291,TV_Show,PromptPay,21,1,2,0,40-50,43.03333333333333,6.0,4.0,0.6666666666666666,37,45,7846.459999999999,0.3,0.6666666666666666,0.16666666666666666,0.0,0.0,0,0,0.0,0.0,0,0,0.0,13775.96,1,1,1.0,45775.09,5,4,0.8,0
LGS2ORD0048729,C016664,2026-01-21 21:00:00,Female,45,Gold,TV,Songkhla,931,Web,Credit_Card,21,1,2,0,40-50,31.033333333333335,4.0,1.0,0.25,58,12,3012.01,0.28,0.5,0.75,0.0,0.0,0,0,0.0,4546.77,1,0,0.0,9792.79,2,1,0.5,11401.2,3,1,0.3333333333333333,0
LGS2ORD0048730,C011839,2026-01-21 22:00:00,Female,52,Silver,TV,Chonburi,836,CallCenter,COD,22,1,2,0,>50,27.866666666666667,9.0,3.0,0.3333333333333333,0,12,5080.958888888889,0.25,0.5555555555555556,0.1111111111111111,0.0,0.0,0,0,0.0,1358.67,1,1,1.0,2511.07,2,1,0.5,45728.630000000005,9,3,0.3333333333333333,1
LGS2ORD0048731,C010141,2026-01-21 22:00:00,Female,30,Bronze,Web,Bangkok,507,TV_Show,Bank_Transfer,22,1,2,0,20-30,16.9,11.0,3.0,0.2727272727272727,30,37,4676.674545454544,0.28,0.5454545454545454,0.36363636363636365,0.0,0.0,0,0,0.0,0.0,0,0,0.0,7585.38,2,2,1.0,51443.41999999999,11,3,0.2727272727272727,0
LGS2ORD0048732,C012101,2026-01-21 22:00:00,Female,62,Bronze,CallCenter,Songkhla,409,Lazada,Credit_Card,22,1,2,0,>50,13.633333333333333,6.0,3.0,0.5,42,52,4950.5616666666665,0.18,0.5,0.0,0.0,0.0,0,0,0.0,0.0,0,0,0.0,934.04,1,1,1.0,29703.37,6,3,0.5,1
LGS2ORD0048733,C010857,2026-01-21 22:00:00,Female,28,Bronze,Shopee,Chiang Mai,721,CallCenter,Bank_Transfer,22,1,2,0,20-30,24.033333333333335,5.0,0.0,0.0,-1,207,4222.332,0.28,0.6,0.2,0.0,0.0,0,0,0.0,0.0,0,0,0.0,0.0,0,0,0.0,21111.66,5,0,0.0,0
LGS2ORD0048734,C010582,2026-01-21 22:00:00,Male,53,Bronze,Web,Phuket,1027,Shopee,Bank_Transfer,22,1,2,0,>50,34.233333333333334,2.0,1.0,0.5,212,217,5185.235000000001,0.23,0.5,0.5,0.0,0.0,0,0,0.0,0.0,0,0,0.0,0.0,0,0,0.0,10370.470000000001,2,1,0.5,1
LGS2ORD0048735,C011609,2026-01-21 23:00:00,Male,63,Silver,TV,Bangkok,1571,Lazada,Bank_Transfer,23,1,2,0,>50,52.36666666666667,8.0,1.0,0.125,210,9,6254.53,0.3,0.75,0.25,0.0,0.0,0,0,0.0,8464.5,1,0,0.0,8464.5,1,0,0.0,50036.24,8,1,0.125,0
LGS2ORD0048736,C010223,2026-01-21 23:00:00,Male,43,Bronze,TV,Remote_Area,1294,Web,Credit_Card,23,1,2,0,40-50,43.13333333333333,12.0,7.0,0.5833333333333334,39,18,9983.020000000002,0.23,0.75,0.16666666666666666,0.0,0.0,0,0,0.0,26476.449999999997,3,0,0.0,40735.33,4,1,0.25,90128.62,9,5,0.5555555555555556,0
LGS2ORD0048737,C013333,2026-01-21 23:00:00,Male,29,Gold,CallCenter,Bangkok,520,CallCenter,COD,23,1,2,0,20-30,17.333333333333332,3.0,0.0,0.0,-1,66,5906.913333333334,0.2299999999999999,0.6666666666666666,1.0,0.0,0.0,0,0,0.0,0.0,0,0,0.0,3554.31,1,0,0.0,17720.74,3,0,0.0,1
LGS2ORD0048738,C012126,2026-01-21 23:00:00,Female,45,Gold,TV,Phuket,1554,Shopee,COD,23,1,2,0,40-50,51.8,8.0,1.0,0.125,114,29,6552.4325,0.28,0.625,0.375,0.0,0.0,0,0,0.0,874.78,1,0,0.0,11744.050000000001,3,0,0.0,52419.46,8,1,0.125,1
LGS2ORD0048739,C014996,2026-01-21 23:00:00,Female,24,Bronze,Shopee,Bangkok,1541,TV_Show,PromptPay,23,1,2,0,20-30,51.36666666666667,2.0,0.0,0.0,-1,150,2928.3450000000003,0.03,0.5,0.0,0.0,0.0,0,0,0.0,0.0,0,0,0.0,0.0,0,0,0.0,5856.6900000000005,2,0,0.0,0
LGS2ORD0048740,C013464,2026-01-22 00:00:00,Female,36,Bronze,Shopee,Chonburi,910,Shopee,COD,0,1,3,0,30-40,30.333333333333332,9.0,2.0,0.2222222222222222,143,150,4909.1900000000005,0.23,0.2222222222222222,0.1111111111111111,0.0,0.0,0,0,0.0,0.0,0,0,0.0,0.0,0,0,0.0,44182.71000000001,9,2,0.2222222222222222,0
LGS2ORD0048741,C015187,2026-01-22 00:00:00,Male,41,Silver,Web,Nakhon Ratchasima,1329,Shopee,COD,0,1,3,0,40-50,44.3,5.0,0.0,0.0,-1,4,1973.9720000000002,0.2,0.4,0.0,0.0,909.48,1,0,0.0,909.48,1,0,0.0,909.48,1,0,0.0,6802.65,4,0,0.0,0
LGS2ORD0048742,C016140,2026-01-22 00:00:00,Male,27,Silver,Web,Chiang Mai,487,Web,COD,0,1,3,0,20-30,16.233333333333334,6.0,1.0,0.16666666666666666,84,96,6486.438333333333,0.3,0.5,0.3333333333333333,0.0,0.0,0,0,0.0,0.0,0,0,0.0,0.0,0,0,0.0,38918.63,6,1,0.16666666666666666,1
LGS2ORD0048743,C016304,2026-01-22 00:00:00,Male,44,Bronze,TV,Chonburi,966,CallCenter,COD,0,1,3,0,40-50,32.2,5.0,1.0,0.2,183,146,7658.896000000001,0.23,0.6,0.2,0.0,0.0,0,0,0.0,0.0,0,0,0.0,0.0,0,0,0.0,31903.550000000003,4,1,0.25,0
LGS2ORD0048744,C017348,2026-01-22 00:00:00,Male,27,Bronze,TV,Phuket,1736,CallCenter,COD,0,1,3,0,20-30,57.86666666666667,8.0,2.0,0.25,7,11,8803.869999999999,0.23,0.625,0.125,0.0,0.0,0,0,0.0,4526.93,2,1,0.5,7112.17,3,1,0.3333333333333333,15812.74,6,2,0.3333333333333333,1
LGS2ORD0048745,C013086,2026-01-22 00:00:00,Female,54,Silver,Lazada,Remote_Area,1360,Shopee,COD,0,1,3,0,>50,45.333333333333336,5.0,2.0,0.4,113,38,1980.8759999999997,0.3,0.6,0.2,0.0,0.0,0,0,0.0,0.0,0,0,0.0,683.14,1,0,0.0,9904.38,5,2,0.4,1
LGS2ORD0048746,C010470,2026-01-22 01:00:00,Male,34,Bronze,TV,Phuket,416,TV_Show,Credit_Card,1,1,3,0,30-40,13.866666666666667,5.0,3.0,0.6,35,48,6263.518,0.23,0.6,0.2,0.0,0.0,0,0,0.0,0.0,0,0,0.0,19604.32,3,2,0.6666666666666666,30579.890000000003,4,2,0.5,0
LGS2ORD0048747,C010784,2026-01-22 01:00:00,Female,51,Silver,Lazada,Khon Kaen,1485,Shopee,COD,1,1,3,0,>50,49.5,9.0,2.0,0.2222222222222222,325,30,4995.528888888888,0.25,0.3333333333333333,0.1111111111111111,0.0,0.0,0,0,0.0,0.0,0,0,0.0,5961.26,1,0,0.0,44959.759999999995,9,2,0.2222222222222222,1
LGS2ORD0048748,C011184,2026-01-22 01:00:00,Female,25,Bronze,TV,Phuket,1021,TV_Show,COD,1,1,3,0,20-30,34.03333333333333,7.0,0.0,0.0,-1,26,7286.988571428572,0.23,0.14285714285714285,0.42857142857142855,0.0,0.0,0,0,0.0,3387.8,1,0,0.0,16208.580000000002,2,0,0.0,51008.920000000006,7,0,0.0,0
LGS2ORD0048749,C014197,2026-01-22 01:00:00,Female,64,Platinum,Web,Bangkok,1265,CallCenter,COD,1,1,3,0,>50,42.166666666666664,2.0,0.0,0.0,-1,79,4698.965,0.15,0.5,0.0,0.0,0.0,0,0,0.0,0.0,0,0,0.0,5407.79,1,0,0.0,9397.93,2,0,0.0,0
LGS2ORD0048750,C014564,2026-01-22 01:00:00,Male,33,Silver,TV,Bangkok,1375,Lazada,COD,1,1,3,0,30-40,45.833333333333336,9.0,4.0,0.4444444444444444,34,44,5302.254444444445,0.3,0.8888888888888888,0.4444444444444444,0.0,0.0,0,0,0.0,0.0,0,0,0.0,2838.46,3,3,1.0,44582.64,8,4,0.5,1
LGS2ORD0048751,C011871,2026-01-22 02:00:00,Male,35,Bronze,Web,Remote_Area,920,CallCenter,COD,2,1,3,0,30-40,30.666666666666668,5.0,2.0,0.4,40,33,4277.255999999999,0.28,0.2,0.4,0.0,0.0,0,0,0.0,0.0,0,0,0.0,16727.1,2,1,0.5,21386.28,5,2,0.4,1
LGS2ORD0048752,C012076,2026-01-22 02:00:00,Male,68,Gold,Shopee,Chiang Mai,1730,Shopee,PromptPay,2,1,3,0,>50,57.666666666666664,5.0,2.0,0.4,312,30,12149.438,0.33,0.6,0.8,0.0,0.0,0,0,0.0,0.0,0,0,0.0,36425.71,2,0,0.0,60747.19,5,2,0.4,0
LGS2ORD0048753,C016640,2026-01-22 02:00:00,Female,43,Silver,Shopee,Phuket,1802,TV_Show,COD,2,1,3,0,40-50,60.06666666666667,6.0,1.0,0.16666666666666666,28,30,10807.310000000001,0.25,0.5,0.16666666666666666,0.0,0.0,0,0,0.0,0.0,0,0,0.0,365.65,1,1,1.0,55519.62,5,1,0.2,0
LGS2ORD0048754,C012678,2026-01-22 02:00:00,Female,42,Silver,Web,Remote_Area,625,TV_Show,Credit_Card,2,1,3,0,40-50,20.833333333333332,7.0,2.0,0.2857142857142857,18,14,4029.587142857142,0.25,0.8571428571428571,0.2857142857142857,0.0,0.0,0,0,0.0,5241.66,1,0,0.0,10047.66,3,2,0.6666666666666666,27253.44,6,2,0.3333333333333333,0
LGS2ORD0048755,C014645,2026-01-22 02:00:00,Female,53,Gold,Shopee,Bangkok,1519,TV_Show,COD,2,1,3,0,>50,50.63333333333333,4.0,1.0,0.25,298,11,3796.0924999999997,0.13,0.5,0.0,0.0,0.0,0,0,0.0,12372.18,2,0,0.0,12372.18,2,0,0.0,15184.369999999999,4,1,0.25,0
LGS2ORD0048756,C015599,2026-01-22 03:00:00,Male,36,Bronze,Shopee,Bangkok,1772,Web,PromptPay,3,1,3,0,30-40,59.06666666666667,12.0,2.0,0.16666666666666666,250,14,3532.209999999999,0.28,0.6666666666666666,0.5,0.0,0.0,0,0,0.0,3612.78,1,0,0.0,14326.960000000001,4,0,0.0,42386.51999999999,12,2,0.16666666666666666,0
LGS2ORD0048757,C013925,2026-01-22 03:00:00,Male,59,Bronze,TV,Bangkok,1422,Web,COD,3,1,3,0,>50,47.4,8.0,0.0,0.0,-1,68,4901.33875,0.13,0.375,0.0,0.0,0.0,0,0,0.0,0.0,0,0,0.0,13992.79,3,0,0.0,36849.950000000004,7,0,0.0,1
LGS2ORD0048758,C010404,2026-01-22 03:00:00,Male,27,Silver,CallCenter,Phuket,1767,Lazada,COD,3,1,3,0,20-30,58.9,6.0,4.0,0.6666666666666666,46,19,7135.086666666667,0.3,0.6666666666666666,0.6666666666666666,0.0,0.0,0,0,0.0,6684.36,1,0,0.0,9961.0,2,1,0.5,22370.82,5,4,0.8,1
LGS2ORD0048759,C016565,2026-01-22 03:00:00,Male,49,Bronze,TV,Phuket,568,Lazada,COD,3,1,3,0,40-50,18.933333333333334,5.0,1.0,0.2,62,39,15245.913999999999,0.23,0.4,0.2,0.0,0.0,0,0,0.0,0.0,0,0,0.0,41510.34,2,1,0.5,76229.56999999999,5,1,0.2,0
LGS2ORD0048760,C016615,2026-01-22 03:00:00,Female,33,Bronze,Web,Bangkok,1838,Shopee,Credit_Card,3,1,3,0,30-40,61.266666666666666,7.0,2.0,0.2857142857142857,193,71,3855.6342857142854,0.23,0.5714285714285714,0.2857142857142857,0.0,0.0,0,0,0.0,0.0,0,0,0.0,5865.54,1,0,0.0,18515.75,6,2,0.3333333333333333,0
LGS2ORD0048761,C010118,2026-01-22 04:00:00,Male,33,Silver,Lazada,Songkhla,1640,Lazada,COD,4,1,3,0,30-40,54.666666666666664,9.0,3.0,0.3333333333333333,35,40,6183.182222222222,0.3,0.3333333333333333,0.2222222222222222,0.0,0.0,0,0,0.0,0.0,0,0,0.0,5763.21,2,1,0.5,55648.64,9,3,0.3333333333333333,1
LGS2ORD0048762,C011195,2026-01-22 04:00:00,Female,39,Bronze,Lazada,Phuket,1047,TV_Show,COD,4,1,3,0,30-40,34.9,9.0,5.0,0.5555555555555556,59,19,6395.764444444444,0.28,0.6666666666666666,0.2222222222222222,0.0,0.0,0,0,0.0,12710.71,1,0,0.0,16726.0,3,1,0.3333333333333333,57302.78,8,5,0.625,1
LGS2ORD0048763,C011676,2026-01-22 04:00:00,Male,28,Gold,Shopee,Nakhon Ratchasima,1293,Lazada,COD,4,1,3,0,20-30,43.1,10.0,2.0,0.2,44,56,3203.861,0.33,0.5,0.5,0.0,0.0,0,0,0.0,0.0,0,0,0.0,753.01,1,1,1.0,32038.61,10,2,0.2,0
LGS2ORD0048764,C015572,2026-01-22 04:00:00,Male,23,Bronze,Web,Songkhla,429,TV_Show,COD,4,1,3,0,20-30,14.3,3.0,1.0,0.3333333333333333,172,181,1567.5933333333335,0.18,1.0,0.0,0.0,0.0,0,0,0.0,0.0,0,0,0.0,0.0,0,0,0.0,4702.780000000001,3,1,0.3333333333333333,0
LGS2ORD0048765,C012352,2026-01-22 04:00:00,Female,41,Gold,TV,Chiang Mai,657,TV_Show,COD,4,1,3,0,40-50,21.9,6.0,1.0,0.16666666666666666,55,23,4076.778333333333,0.33,0.8333333333333334,0.5,0.0,0.0,0,0,0.0,6981.61,1,0,0.0,20347.73,3,1,0.3333333333333333,24460.67,6,1,0.16666666666666666,1
LGS2ORD0048766,C016790,2026-01-22 04:00:00,Male,30,Bronze,Web,Nakhon Ratchasima,1498,Web,Bank_Transfer,4,1,3,0,20-30,49.93333333333333,3.0,0.0,0.0,-1,24,7994.833333333333,0.08,0.3333333333333333,0.0,0.0,0.0,0,0,0.0,3006.39,1,0,0.0,6213.78,2,0,0.0,23984.5,3,0,0.0,0
LGS2ORD0048767,C016727,2026-01-22 05:00:00,Female,33,Bronze,TV,Chonburi,1193,Lazada,Credit_Card,5,1,3,0,30-40,39.766666666666666,6.0,0.0,0.0,-1,93,3520.626666666667,0.28,0.5,0.6666666666666666,0.0,0.0,0,0,0.0,0.0,0,0,0.0,0.0,0,0,0.0,18600.48,5,0,0.0,0
LGS2ORD0048768,C012067,2026-01-22 05:00:00,Male,42,Platinum,Shopee,Bangkok,714,Web,Bank_Transfer,5,1,3,0,40-50,23.8,5.0,1.0,0.2,264,107,3244.002,0.35,0.6,0.6,0.2,0.0,0,0,0.0,0.0,0,0,0.0,0.0,0,0,0.0,16220.01,5,1,0.2,0
LGS2ORD0048769,C012644,2026-01-22 05:00:00,Male,32,Bronze,Web,Bangkok,1741,Shopee,Credit_Card,5,1,3,0,30-40,58.03333333333333,9.0,4.0,0.4444444444444444,20,28,5931.984444444444,0.23,0.3333333333333333,0.2222222222222222,0.0,0.0,0,0,0.0,14620.18,2,2,1.0,14858.79,3,3,1.0,53387.86,9,4,0.4444444444444444,0
LGS2ORD0048770,C012864,2026-01-22 05:00:00,Female,56,Bronze,Web,Bangkok,1639,CallCenter,COD,5,1,3,0,>50,54.63333333333333,6.0,0.0,0.0,-1,26,3258.8283333333343,0.23,0.8333333333333334,0.3333333333333333,0.0,0.0,0,0,0.0,1575.88,1,0,0.0,8204.89,2,0,0.0,19552.970000000005,6,0,0.0,0
LGS2ORD0048771,C017207,2026-01-22 05:00:00,Male,56,Bronze,CallCenter,Chonburi,1071,CallCenter,COD,5,1,3,0,>50,35.7,6.0,0.0,0.0,-1,60,1782.2316666666666,0.23,0.5,0.3333333333333333,0.0,0.0,0,0,0.0,0.0,0,0,0.0,3576.76,1,0,0.0,6251.06,4,0,0.0,0
LGS2ORD0048772,C011991,2026-01-22 06:00:00,Male,33,Platinum,Web,Bangkok,1705,Web,COD,6,1,3,0,30-40,56.833333333333336,4.0,1.0,0.25,112,106,3013.8650000000002,0.2,0.75,0.0,0.0,0.0,0,0,0.0,0.0,0,0,0.0,0.0,0,0,0.0,10447.99,3,1,0.3333333333333333,0
LGS2ORD0048773,C015476,2026-01-22 06:00:00,Male,50,Silver,TV,Khon Kaen,1306,Web,PromptPay,6,1,3,0,40-50,43.53333333333333,8.0,1.0,0.125,251,7,8310.555,0.3,0.375,0.375,0.0,0.0,0,0,0.0,17123.61,2,0,0.0,17123.61,2,0,0.0,66484.44,8,1,0.125,0
LGS2ORD0048774,C017660,2026-01-22 06:00:00,Male,42,Gold,Lazada,Nakhon Ratchasima,487,CallCenter,Credit_Card,6,1,3,0,40-50,16.233333333333334,9.0,2.0,0.2222222222222222,26,4,6617.026666666667,0.28,0.3333333333333333,0.2222222222222222,0.0,1202.93,1,0,0.0,1202.93,1,0,0.0,41177.810000000005,6,2,0.3333333333333333,59553.24,9,2,0.2222222222222222,1
LGS2ORD0048775,C011625,2026-01-22 06:00:00,Female,36,Bronze,TV,Remote_Area,1826,Web,COD,6,1,3,0,30-40,60.86666666666667,5.0,1.0,0.2,52,2,3218.666,0.28,0.8,0.4,0.0,828.07,1,0,0.0,828.07,1,0,0.0,5666.0199999999995,3,1,0.3333333333333333,16093.33,5,1,0.2,0
LGS2ORD0048776,C014078,2026-01-22 06:00:00,Female,42,Gold,TV,Khon Kaen,1456,CallCenter,PromptPay,6,1,3,0,40-50,48.53333333333333,5.0,3.0,0.6,90,34,4551.31,0.33,0.4,0.6,0.0,0.0,0,0,0.0,0.0,0,0,0.0,7235.58,1,0,0.0,22756.550000000003,5,3,0.6,0
LGS2ORD0048777,C015404,2026-01-22 07:00:00,Female,60,Bronze,Shopee,Songkhla,1314,Shopee,Credit_Card,7,1,3,0,>50,43.8,20.0,12.0,0.6,-9,1,5167.302000000001,0.28,0.65,0.15,0.05,3324.22,1,1,1.0,29296.73,4,3,0.75,35570.869999999995,7,6,0.8571428571428571,95453.31000000001,19,12,0.631578947368421,1
LGS2ORD0048778,C015837,2026-01-22 07:00:00,Other,62,Silver,TV,Songkhla,528,CallCenter,COD,7,1,3,0,>50,17.6,7.0,3.0,0.42857142857142855,-14,1,5537.29142857143,0.25,0.7142857142857143,0.2857142857142857,0.0,2072.19,1,1,1.0,2072.19,1,1,1.0,13072.460000000001,2,1,0.5,38761.04000000001,7,3,0.42857142857142855,0
LGS2ORD0048779,C015521,2026-01-22 07:00:00,Male,34,Gold,Shopee,Chiang Mai,1546,Shopee,PromptPay,7,1,3,0,30-40,51.53333333333333,7.0,2.0,0.2857142857142857,67,17,4516.607142857143,0.28,0.5714285714285714,0.2857142857142857,0.0,0.0,0,0,0.0,1137.19,1,0,0.0,6890.129999999999,3,1,0.3333333333333333,30983.62,6,1,0.16666666666666666,0
LGS2ORD0048780,C015568,2026-01-22 07:00:00,Male,59,Bronze,Shopee,Khon Kaen,1676,TV_Show,Credit_Card,7,1,3,0,>50,55.86666666666667,8.0,0.0,0.0,-1,10,11525.85875,0.28,0.5,0.375,0.0,0.0,0,0,0.0,13050.04,1,0,0.0,17299.24,2,0,0.0,86877.79999999999,7,0,0.0,0
LGS2ORD0048781,C011381,2026-01-22 07:00:00,Female,51,Gold,Lazada,Bangkok,1831,TV_Show,PromptPay,7,1,3,0,>50,61.03333333333333,5.0,0.0,0.0,-1,78,7030.346,0.33,0.2,0.4,0.0,0.0,0,0,0.0,0.0,0,0,0.0,21875.68,1,0,0.0,35151.729999999996,5,0,0.0,0
LGS2ORD0048782,C015266,2026-01-22 08:00:00,Male,52,Bronze,Lazada,Bangkok,952,Shopee,PromptPay,8,1,3,0,>50,31.733333333333334,5.0,1.0,0.2,137,103,2052.934,0.28,0.4,0.4,0.0,0.0,0,0,0.0,0.0,0,0,0.0,0.0,0,0,0.0,6891.949999999999,4,1,0.25,0
LGS2ORD0048783,C014993,2026-01-22 08:00:00,Female,18,Gold,Lazada,Bangkok,1648,TV_Show,PromptPay,8,1,3,0,<20,54.93333333333333,4.0,2.0,0.5,48,62,7153.6125,0.18,0.5,0.0,0.0,0.0,0,0,0.0,0.0,0,0,0.0,10880.39,1,1,1.0,28614.45,4,2,0.5,0
LGS2ORD0048784,C014887,2026-01-22 08:00:00,Female,25,Silver,Shopee,Bangkok,1779,Shopee,Bank_Transfer,8,1,3,0,20-30,59.3,8.0,0.0,0.0,-1,22,5888.2425,0.3,0.75,0.375,0.0,0.0,0,0,0.0,5234.51,1,0,0.0,5234.51,1,0,0.0,27675.5,6,0,0.0,0
LGS2ORD0048785,C010373,2026-01-22 08:00:00,Female,61,Silver,Shopee,Remote_Area,691,Shopee,COD,8,1,3,0,>50,23.033333333333335,3.0,1.0,0.3333333333333333,-7,3,5754.873333333334,0.25,0.3333333333333333,0.3333333333333333,0.0,739.0,1,1,1.0,739.0,1,1,1.0,8724.6,2,1,0.5,17264.620000000003,3,1,0.3333333333333333,1
LGS2ORD0048786,C011306,2026-01-22 08:00:00,Female,40,Silver,CallCenter,Bangkok,765,Lazada,COD,8,1,3,0,30-40,25.5,6.0,2.0,0.3333333333333333,76,29,5199.273333333333,0.25,0.3333333333333333,0.3333333333333333,0.0,0.0,0,0,0.0,2877.88,1,0,0.0,11896.490000000002,3,1,0.3333333333333333,31195.639999999996,6,2,0.3333333333333333,1
LGS2ORD0048787,C010183,2026-01-22 08:00:00,Male,38,Bronze,Lazada,Chiang Mai,877,TV_Show,COD,8,1,3,0,30-40,29.233333333333334,8.0,1.0,0.125,321,27,2394.895,0.23,0.25,0.125,0.0,0.0,0,0,0.0,2207.98,1,0,0.0,3412.08,2,0,0.0,16314.66,7,1,0.14285714285714285,1
LGS2ORD0048788,C010055,2026-01-22 09:00:00,Female,55,Bronze,Lazada,Remote_Area,807,Lazada,Credit_Card,9,1,3,0,>50,26.9,10.0,3.0,0.3,72,79,4376.491,0.28,0.5,0.1,0.0,0.0,0,0,0.0,0.0,0,0,0.0,894.0,1,1,1.0,41518.16,9,3,0.3333333333333333,0
LGS2ORD0048789,C010908,2026-01-22 09:00:00,Male,31,Bronze,TV,Chiang Mai,837,Web,Credit_Card,9,1,3,0,30-40,27.9,3.0,1.0,0.3333333333333333,194,95,11805.686666666666,0.28,0.6666666666666666,0.3333333333333333,0.0,0.0,0,0,0.0,0.0,0,0,0.0,0.0,0,0,0.0,35417.06,3,1,0.3333333333333333,0
LGS2ORD0048790,C016552,2026-01-22 09:00:00,Female,18,Bronze,Lazada,Bangkok,839,TV_Show,PromptPay,9,1,3,0,<20,27.966666666666665,8.0,1.0,0.125,299,14,5119.5375,0.28,0.375,0.25,0.0,0.0,0,0,0.0,1121.38,1,0,0.0,2202.0,2,0,0.0,40956.3,8,1,0.125,0
LGS2ORD0048791,C010022,2026-01-22 09:00:00,Other,38,Bronze,Web,Remote_Area,1420,Web,Credit_Card,9,1,3,0,30-40,47.333333333333336,6.0,3.0,0.5,108,32,6478.706666666666,0.28,0.6666666666666666,0.6666666666666666,0.0,0.0,0,0,0.0,0.0,0,0,0.0,13167.060000000001,2,0,0.0,38872.24,6,3,0.5,0
LGS2ORD0048792,C017741,2026-01-22 09:00:00,Male,34,Silver,Lazada,Chiang Mai,1793,Shopee,COD,9,1,3,0,30-40,59.766666666666666,8.0,3.0,0.375,5,17,4347.673750000001,0.3,0.625,0.125,0.0,0.0,0,0,0.0,7090.59,2,1,0.5,7090.59,2,1,0.5,30138.58,7,2,0.2857142857142857,0
LGS2ORD0048793,C010290,2026-01-22 10:00:00,Male,54,Silver,Web,Bangkok,1408,CallCenter,Credit_Card,10,1,3,0,>50,46.93333333333333,3.0,0.0,0.0,-1,112,3336.1866666666665,0.2,0.6666666666666666,0.0,0.0,0.0,0,0,0.0,0.0,0,0,0.0,0.0,0,0,0.0,10008.56,3,0,0.0,0
LGS2ORD0048794,C013257,2026-01-22 10:00:00,Female,39,Platinum,Web,Remote_Area,661,Lazada,COD,10,1,3,0,30-40,22.033333333333335,4.0,1.0,0.25,172,20,7849.6675,0.35,0.5,0.25,0.0,0.0,0,0,0.0,6654.4,1,0,0.0,13146.4,2,0,0.0,31398.67,4,1,0.25,0
LGS2ORD0048795,C012667,2026-01-22 10:00:00,Female,43,Bronze,Shopee,Phuket,672,Web,COD,10,1,3,0,40-50,22.4,7.0,1.0,0.14285714285714285,53,60,4664.377142857143,0.28,0.5714285714285714,0.42857142857142855,0.0,0.0,0,0,0.0,0.0,0,0,0.0,18229.239999999998,3,1,0.3333333333333333,31341.219999999998,6,1,0.16666666666666666,0
LGS2ORD0048796,C014038,2026-01-22 10:00:00,Male,48,Bronze,TV,Bangkok,697,CallCenter,PromptPay,10,1,3,0,40-50,23.233333333333334,4.0,0.0,0.0,-1,1,1346.1399999999999,0.28,0.5,0.25,0.0,1419.8,1,0,0.0,1419.8,1,0,0.0,2838.0299999999997,2,0,0.0,5384.5599999999995,4,0,0.0,0
LGS2ORD0048797,C012121,2026-01-22 10:00:00,Female,54,Bronze,TV,Songkhla,1363,Lazada,Bank_Transfer,10,1,3,0,>50,45.43333333333333,3.0,1.0,0.3333333333333333,285,209,3603.4733333333334,0.28,1.0,0.3333333333333333,0.0,0.0,0,0,0.0,0.0,0,0,0.0,0.0,0,0,0.0,10810.42,3,1,0.3333333333333333,0
LGS2ORD0048798,C016429,2026-01-22 11:00:00,Female,43,Bronze,TV,Chiang Mai,1063,TV_Show,COD,11,1,3,0,40-50,35.43333333333333,6.0,2.0,0.3333333333333333,258,11,11907.144999999999,0.23,0.6666666666666666,0.16666666666666666,0.0,0.0,0,0,0.0,10154.98,1,0,0.0,12337.26,2,0,0.0,71442.87,6,2,0.3333333333333333,0
LGS2ORD0048799,C010526,2026-01-22 11:00:00,Male,48,Bronze,Lazada,Khon Kaen,1208,CallCenter,Bank_Transfer,11,1,3,0,40-50,40.266666666666666,9.0,0.0,0.0,-1,21,12682.032222222222,0.18,0.2222222222222222,0.0,0.0,0.0,0,0,0.0,3688.25,2,0,0.0,3688.25,2,0,0.0,114138.29,9,0,0.0,1
LGS2ORD0048800,C011779,2026-01-22 11:00:00,Female,24,Bronze,TV,Phuket,1632,Web,COD,11,1,3,0,20-30,54.4,6.0,2.0,0.3333333333333333,50,62,5243.551666666667,0.23,0.16666666666666666,0.3333333333333333,0.0,0.0,0,0,0.0,0.0,0,0,0.0,1898.99,1,1,1.0,30620.610000000004,5,2,0.4,0
LGS2ORD0048801,C010753,2026-01-22 11:00:00,Female,60,Gold,Web,Chiang Mai,1222,TV_Show,PromptPay,11,1,3,0,>50,40.733333333333334,1.0,0.0,0.0,-1,379,7898.2,0.18,0.0,0.0,0.0,0.0,0,0,0.0,0.0,0,0,0.0,0.0,0,0,0.0,0.0,0,0,0.0,0
LGS2ORD0048802,C012392,2026-01-22 11:00:00,Female,44,Bronze,CallCenter,Songkhla,1276,Web,COD,11,1,3,0,40-50,42.53333333333333,10.0,6.0,0.6,22,19,2406.653,0.28,0.7,0.3,0.0,0.0,0,0,0.0,2325.96,1,0,0.0,4731.02,3,2,0.6666666666666666,24066.53,10,6,0.6,0
LGS2ORD0048803,C017280,2026-01-22 11:00:00,Male,50,Bronze,CallCenter,Chonburi,404,TV_Show,COD,11,1,3,0,40-50,13.466666666666667,9.0,4.0,0.4444444444444444,-2,12,8048.037777777778,0.23,0.5555555555555556,0.3333333333333333,0.0,0.0,0,0,0.0,28829.32,1,1,1.0,42738.34,2,1,0.5,53293.770000000004,7,2,0.2857142857142857,0
LGS2ORD0048804,C016454,2026-01-22 12:00:00,Male,43,Gold,Web,Chiang Mai,553,Web,COD,12,1,3,0,40-50,18.433333333333334,3.0,0.0,0.0,-1,30,15580.636666666667,0.13,0.3333333333333333,0.0,0.0,0.0,0,0,0.0,7382.05,1,0,0.0,7382.05,1,0,0.0,46741.91,3,0,0.0,0
LGS2ORD0048805,C010919,2026-01-22 12:00:00,Male,56,Bronze,TV,Chiang Mai,504,CallCenter,Credit_Card,12,1,3,0,>50,16.8,4.0,0.0,0.0,-1,24,5945.36,0.23,0.75,0.25,0.0,0.0,0,0,0.0,15921.57,1,0,0.0,15921.57,1,0,0.0,23781.44,4,0,0.0,0
LGS2ORD0048806,C012816,2026-01-22 12:00:00,Male,56,Silver,Web,Bangkok,1524,Shopee,PromptPay,12,1,3,0,>50,50.8,4.0,1.0,0.25,302,17,3668.8025000000002,0.2,0.5,0.0,0.0,0.0,0,0,0.0,3135.81,1,0,0.0,6702.68,2,0,0.0,14675.210000000001,4,1,0.25,0
LGS2ORD0048807,C016711,2026-01-22 12:00:00,Female,39,Bronze,TV,Bangkok,837,Shopee,COD,12,1,3,0,30-40,27.9,5.0,2.0,0.4,209,216,7422.4259999999995,0.18,0.4,0.0,0.0,0.0,0,0,0.0,0.0,0,0,0.0,0.0,0,0,0.0,37112.13,5,2,0.4,1
LGS2ORD0048808,C010864,2026-01-22 12:00:00,Male,19,Bronze,Shopee,Khon Kaen,943,Lazada,COD,12,1,3,0,<20,31.433333333333334,3.0,1.0,0.3333333333333333,209,126,3319.6066666666666,0.23,0.6666666666666666,0.3333333333333333,0.0,0.0,0,0,0.0,0.0,0,0,0.0,0.0,0,0,0.0,9958.82,3,1,0.3333333333333333,1
LGS2ORD0048809,C011473,2026-01-22 13:00:00,Female,43,Bronze,Lazada,Songkhla,1451,Shopee,Credit_Card,13,1,3,0,40-50,48.36666666666667,4.0,0.0,0.0,-1,18,5071.4275,0.18,0.5,0.0,0.0,0.0,0,0,0.0,486.91,1,0,0.0,14441.9,3,0,0.0,20285.71,4,0,0.0,0
LGS2ORD0048810,C017204,2026-01-22 13:00:00,Female,45,Bronze,Lazada,Chonburi,681,TV_Show,COD,13,1,3,0,40-50,22.7,11.0,2.0,0.18181818181818182,143,11,4214.620000000001,0.28,0.5454545454545454,0.18181818181818182,0.0,0.0,0,0,0.0,3304.46,1,0,0.0,3304.46,1,0,0.0,35194.810000000005,9,1,0.1111111111111111,0
LGS2ORD0048811,C017908,2026-01-22 13:00:00,Female,41,Bronze,Lazada,Remote_Area,891,TV_Show,PromptPay,13,1,3,0,40-50,29.7,5.0,0.0,0.0,-1,60,4987.95,0.23,0.6,0.2,0.0,0.0,0,0,0.0,0.0,0,0,0.0,8312.8,2,0,0.0,20983.69,4,0,0.0,1
LGS2ORD0048812,C011871,2026-01-22 13:00:00,Male,35,Bronze,Web,Remote_Area,920,Lazada,Credit_Card,13,1,3,0,30-40,30.666666666666668,6.0,3.0,0.5,-9,0,4165.075,0.28,0.3333333333333333,0.5,0.0,3604.17,1,1,1.0,3604.17,1,1,1.0,20331.269999999997,3,2,0.6666666666666666,24990.449999999997,6,3,0.5,0
LGS2ORD0048813,C013456,2026-01-22 13:00:00,Female,44,Bronze,TV,Nakhon Ratchasima,592,Lazada,PromptPay,13,1,3,0,40-50,19.733333333333334,2.0,0.0,0.0,-1,44,2104.395,0.23,1.0,0.5,0.0,0.0,0,0,0.0,0.0,0,0,0.0,4208.79,2,0,0.0,4208.79,2,0,0.0,1
LGS2ORD0048814,C015121,2026-01-22 14:00:00,Male,40,Silver,CallCenter,Bangkok,1831,Lazada,COD,14,1,3,0,30-40,61.03333333333333,7.0,3.0,0.42857142857142855,39,7,2952.444285714286,0.3,0.42857142857142855,0.5714285714285714,0.0,0.0,0,0,0.0,1748.11,2,0,0.0,15356.199999999999,4,1,0.25,20667.11,7,3,0.42857142857142855,0
LGS2ORD0048815,C010522,2026-01-22 14:00:00,Male,29,Bronze,TV,Chonburi,880,Lazada,COD,14,1,3,0,20-30,29.333333333333332,6.0,2.0,0.3333333333333333,174,86,4217.04,0.28,0.5,0.3333333333333333,0.0,0.0,0,0,0.0,0.0,0,0,0.0,4902.17,1,0,0.0,25302.239999999998,6,2,0.3333333333333333,0
LGS2ORD0048816,C014639,2026-01-22 14:00:00,Male,64,Bronze,TV,Remote_Area,1258,Shopee,COD,14,1,3,0,>50,41.93333333333333,13.0,7.0,0.5384615384615384,31,33,3390.795384615384,0.28,0.6153846153846154,0.3076923076923077,0.0,0.0,0,0,0.0,0.0,0,0,0.0,15298.23,3,2,0.6666666666666666,41992.81,12,7,0.5833333333333334,1
LGS2ORD0048817,C013463,2026-01-22 14:00:00,Female,36,Bronze,Web,Khon Kaen,1306,Lazada,COD,14,1,3,0,30-40,43.53333333333333,3.0,2.0,0.6666666666666666,39,42,4872.693333333334,0.18,0.6666666666666666,0.0,0.0,0.0,0,0,0.0,0.0,0,0,0.0,1631.0,1,1,1.0,14618.08,3,2,0.6666666666666666,0
LGS2ORD0048818,C013635,2026-01-22 14:00:00,Female,22,Platinum,CallCenter,Bangkok,417,Shopee,COD,14,1,3,0,20-30,13.9,10.0,1.0,0.1,95,27,8416.984,0.2,0.7,0.0,0.0,0.0,0,0,0.0,22171.84,1,0,0.0,54917.82,3,0,0.0,84169.84,10,1,0.1,0
LGS2ORD0048819,C012791,2026-01-22 15:00:00,Male,37,Bronze,Web,Nakhon Ratchasima,1286,TV_Show,COD,15,1,3,0,30-40,42.86666666666667,7.0,2.0,0.2857142857142857,126,94,5130.948571428571,0.28,0.5714285714285714,0.14285714285714285,0.0,0.0,0,0,0.0,0.0,0,0,0.0,0.0,0,0,0.0,35461.31,6,2,0.3333333333333333,0
LGS2ORD0048820,C013588,2026-01-22 15:00:00,Male,45,Bronze,Web,Remote_Area,614,Web,COD,15,1,3,0,40-50,20.466666666666665,10.0,3.0,0.3,119,37,10987.777,0.23,0.9,0.1,0.0,0.0,0,0,0.0,0.0,0,0,0.0,6053.52,1,0,0.0,104448.7,9,3,0.3333333333333333,0
LGS2ORD0048821,C017230,2026-01-22 15:00:00,Male,25,Silver,CallCenter,Bangkok,1218,Shopee,PromptPay,15,1,3,0,20-30,40.6,6.0,0.0,0.0,-1,123,10040.481666666668,0.3,0.6666666666666666,0.16666666666666666,0.0,0.0,0,0,0.0,0.0,0,0,0.0,0.0,0,0,0.0,60242.89000000001,6,0,0.0,0
LGS2ORD0048822,C010595,2026-01-22 15:00:00,Female,62,Bronze,Web,Phuket,1028,Shopee,PromptPay,15,1,3,0,>50,34.266666666666666,13.0,7.0,0.5384615384615384,53,20,8938.466153846153,0.23,0.5384615384615384,0.15384615384615385,0.0,0.0,0,0,0.0,6741.2,1,0,0.0,28192.65,6,2,0.3333333333333333,116200.06,13,7,0.5384615384615384,0
LGS2ORD0048823,C011219,2026-01-22 15:00:00,Male,54,Silver,Web,Chiang Mai,890,TV_Show,Credit_Card,15,1,3,0,>50,29.666666666666668,6.0,1.0,0.16666666666666666,232,134,4591.128333333333,0.3,0.5,0.3333333333333333,0.0,0.0,0,0,0.0,0.0,0,0,0.0,0.0,0,0,0.0,27546.77,6,1,0.16666666666666666,0
LGS2ORD0048824,C011179,2026-01-22 15:00:00,Female,45,Gold,Lazada,Khon Kaen,486,Web,COD,15,1,3,0,40-50,16.2,3.0,0.0,0.0,-1,94,7842.633333333332,0.2299999999999999,1.0,0.3333333333333333,0.0,0.0,0,0,0.0,0.0,0,0,0.0,0.0,0,0,0.0,23527.899999999998,3,0,0.0,1
LGS2ORD0048825,C012038,2026-01-22 16:00:00,Male,44,Silver,CallCenter,Chonburi,1490,Lazada,COD,16,1,3,0,40-50,49.666666666666664,3.0,1.0,0.3333333333333333,197,13,2211.7000000000003,0.2,0.6666666666666666,0.0,0.0,0.0,0,0,0.0,2034.9,1,0,0.0,2034.9,1,0,0.0,6635.1,3,1,0.3333333333333333,0
LGS2ORD0048826,C017948,2026-01-22 16:00:00,Male,42,Bronze,Web,Bangkok,1383,TV_Show,Credit_Card,16,1,3,0,40-50,46.1,3.0,1.0,0.3333333333333333,91,103,3943.5,0.23,0.6666666666666666,0.3333333333333333,0.0,0.0,0,0,0.0,0.0,0,0,0.0,0.0,0,0,0.0,11830.5,3,1,0.3333333333333333,0
LGS2ORD0048827,C010242,2026-01-22 16:00:00,Female,72,Bronze,TV,Chonburi,692,Web,PromptPay,16,1,3,0,>50,23.066666666666666,10.0,2.0,0.2,74,5,3807.483,0.28,0.7,0.3,0.0,12770.11,1,0,0.0,12770.11,1,0,0.0,16073.77,2,0,0.0,38074.83,10,2,0.2,0
LGS2ORD0048828,C011043,2026-01-22 16:00:00,Male,38,Silver,TV,Songkhla,1494,Shopee,Credit_Card,16,1,3,0,30-40,49.8,6.0,2.0,0.3333333333333333,257,46,1092.17,0.3,0.6666666666666666,0.16666666666666666,0.0,0.0,0,0,0.0,0.0,0,0,0.0,1326.06,1,0,0.0,5931.34,5,2,0.4,0
LGS2ORD0048829,C012317,2026-01-22 16:00:00,Male,52,Silver,TV,Phuket,532,Web,COD,16,1,3,0,>50,17.733333333333334,6.0,1.0,0.16666666666666666,71,17,4070.23,0.25,0.16666666666666666,0.3333333333333333,0.0,0.0,0,0,0.0,7759.59,1,0,0.0,8659.99,2,1,0.5,24421.38,6,1,0.16666666666666666,0
LGS2ORD0048830,C017975,2026-01-22 17:00:00,Male,18,Gold,Shopee,Bangkok,1667,TV_Show,COD,17,1,3,0,<20,55.56666666666667,6.0,2.0,0.3333333333333333,255,106,7549.608333333333,0.2299999999999999,0.5,0.16666666666666666,0.0,0.0,0,0,0.0,0.0,0,0,0.0,0.0,0,0,0.0,45297.649999999994,6,2,0.3333333333333333,0
LGS2ORD0048831,C012169,2026-01-22 17:00:00,Female,40,Bronze,Web,Bangkok,402,Shopee,COD,17,1,3,0,30-40,13.4,5.0,0.0,0.0,-1,89,4289.17,0.28,0.6,0.4,0.0,0.0,0,0,0.0,0.0,0,0,0.0,2700.57,1,0,0.0,21445.85,5,0,0.0,0
LGS2ORD0048832,C012684,2026-01-22 17:00:00,Female,39,Bronze,Web,Songkhla,1778,Shopee,Credit_Card,17,1,3,0,30-40,59.266666666666666,6.0,1.0,0.16666666666666666,282,30,7688.54,0.18,0.6666666666666666,0.0,0.0,0.0,0,0,0.0,0.0,0,0,0.0,8221.13,1,0,0.0,46131.24,6,1,0.16666666666666666,0
LGS2ORD0048833,C011537,2026-01-22 17:00:00,Female,60,Silver,TV,Remote_Area,713,Lazada,COD,17,1,3,0,>50,23.766666666666666,4.0,0.0,0.0,-1,28,3200.1950000000006,0.2,1.0,0.0,0.0,0.0,0,0,0.0,1265.54,1,0,0.0,1265.54,1,0,0.0,12800.780000000002,4,0,0.0,0
LGS2ORD0048834,C014245,2026-01-22 17:00:00,Female,36,Bronze,Shopee,Bangkok,1151,TV_Show,COD,17,1,3,0,30-40,38.36666666666667,0.0,0.0,0.0,-1,-1,0.0,0.0,0.0,0.0,0.0,0.0,0,0,0.0,0.0,0,0,0.0,0.0,0,0,0.0,0.0,0,0,0.0,1
LGS2ORD0048835,C015614,2026-01-22 18:00:00,Male,56,Bronze,TV,Khon Kaen,1347,Shopee,Bank_Transfer,18,1,3,0,>50,44.9,12.0,3.0,0.25,227,24,4708.904166666668,0.28,0.5833333333333334,0.5,0.0,0.0,0,0,0.0,4925.76,1,0,0.0,12372.94,3,0,0.0,51296.4,11,2,0.18181818181818182,0
LGS2ORD0048836,C011076,2026-01-22 18:00:00,Female,33,Silver,TV,Phuket,1181,Lazada,Bank_Transfer,18,1,3,0,30-40,39.36666666666667,1.0,0.0,0.0,-1,9,816.82,0.3,0.0,1.0,0.0,0.0,0,0,0.0,816.82,1,0,0.0,816.82,1,0,0.0,816.82,1,0,0.0,0
LGS2ORD0048837,C016991,2026-01-22 18:00:00,Male,42,Bronze,TV,Remote_Area,755,TV_Show,Credit_Card,18,1,3,0,40-50,25.166666666666668,6.0,3.0,0.5,13,19,9997.863333333333,0.28,0.8333333333333334,0.3333333333333333,0.0,0.0,0,0,0.0,6976.74,1,1,1.0,6976.74,1,1,1.0,59987.17999999999,6,3,0.5,0
LGS2ORD0048838,C012763,2026-01-22 18:00:00,Male,27,Bronze,Web,Chonburi,1178,TV_Show,COD,18,1,3,0,20-30,39.266666666666666,8.0,1.0,0.125,129,114,4558.651250000001,0.28,0.25,0.25,0.0,0.0,0,0,0.0,0.0,0,0,0.0,0.0,0,0,0.0,36469.21000000001,8,1,0.125,0
LGS2ORD0048839,C016757,2026-01-22 18:00:00,Male,60,Bronze,Web,Phuket,1523,CallCenter,Bank_Transfer,18,1,3,0,>50,50.766666666666666,6.0,2.0,0.3333333333333333,267,99,3779.0400000000004,0.18,0.8333333333333334,0.0,0.0,0.0,0,0,0.0,0.0,0,0,0.0,0.0,0,0,0.0,22674.24,6,2,0.3333333333333333,0
LGS2ORD0048840,C014826,2026-01-22 19:00:00,Female,67,Silver,TV,Bangkok,504,Shopee,Bank_Transfer,19,1,3,0,>50,16.8,4.0,0.0,0.0,-1,184,19096.6375,0.1,0.25,0.0,0.0,0.0,0,0,0.0,0.0,0,0,0.0,0.0,0,0,0.0,76386.55,4,0,0.0,0
LGS2ORD0048841,C010304,2026-01-22 19:00:00,Female,67,Bronze,Shopee,Nakhon Ratchasima,1283,TV_Show,COD,19,1,3,0,>50,42.766666666666666,11.0,1.0,0.09090909090909091,370,21,4666.936363636364,0.23,0.6363636363636364,0.2727272727272727,0.0,0.0,0,0,0.0,23829.86,2,0,0.0,23829.86,2,0,0.0,45549.69,9,0,0.0,0
LGS2ORD0048842,C014238,2026-01-22 19:00:00,Female,66,Silver,TV,Khon Kaen,1409,Shopee,COD,19,1,3,0,>50,46.96666666666667,12.0,3.0,0.25,169,40,5612.533333333334,0.3,0.4166666666666667,0.3333333333333333,0.0,0.0,0,0,0.0,0.0,0,0,0.0,8915.03,2,0,0.0,67350.40000000001,12,3,0.25,1
LGS2ORD0048843,C017293,2026-01-22 19:00:00,Male,39,Bronze,TV,Khon Kaen,655,TV_Show,Credit_Card,19,1,3,0,30-40,21.833333333333332,6.0,1.0,0.16666666666666666,323,21,8436.846666666668,0.18,0.3333333333333333,0.0,0.0,0.0,0,0,0.0,2357.36,2,0,0.0,2357.36,2,0,0.0,50621.08000000001,6,1,0.16666666666666666,0
LGS2ORD0048844,C011144,2026-01-22 19:00:00,Female,44,Gold,TV,Nakhon Ratchasima,1061,Lazada,Credit_Card,19,1,3,0,40-50,35.36666666666667,1.0,0.0,0.0,-1,53,1594.55,0.33,1.0,1.0,0.0,0.0,0,0,0.0,0.0,0,0,0.0,1594.55,1,0,0.0,1594.55,1,0,0.0,0
LGS2ORD0048845,C015973,2026-01-22 19:00:00,Male,46,Bronze,TV,Remote_Area,1347,Web,PromptPay,19,1,3,0,40-50,44.9,8.0,4.0,0.5,37,33,5068.8875,0.28,0.625,0.125,0.125,0.0,0,0,0.0,0.0,0,0,0.0,30849.37,4,1,0.25,37038.06,7,3,0.42857142857142855,1
LGS2ORD0048846,C016012,2026-01-22 20:00:00,Male,47,Silver,Shopee,Nakhon Ratchasima,1344,TV_Show,COD,20,1,3,0,40-50,44.8,5.0,1.0,0.2,88,55,3726.7580000000003,0.25,0.2,0.2,0.0,0.0,0,0,0.0,0.0,0,0,0.0,3267.9,1,0,0.0,18633.79,5,1,0.2,0
LGS2ORD0048847,C010222,2026-01-22 20:00:00,Female,63,Gold,TV,Chonburi,820,TV_Show,COD,20,1,3,0,>50,27.333333333333332,4.0,0.0,0.0,-1,28,4237.55,0.2299999999999999,0.25,0.25,0.0,0.0,0,0,0.0,876.12,1,0,0.0,876.12,1,0,0.0,16950.2,4,0,0.0,0
LGS2ORD0048848,C010890,2026-01-22 20:00:00,Female,34,Bronze,TV,Bangkok,750,Web,COD,20,1,3,0,30-40,25.0,6.0,3.0,0.5,9,26,8640.596666666668,0.23,0.6666666666666666,0.3333333333333333,0.0,0.0,0,0,0.0,6789.26,1,1,1.0,14261.41,2,1,0.5,51843.58000000001,6,3,0.5,0
LGS2ORD0048849,C012697,2026-01-22 20:00:00,Male,45,Bronze,CallCenter,Bangkok,443,CallCenter,Credit_Card,20,1,3,0,40-50,14.766666666666667,8.0,3.0,0.375,0,6,6284.325,0.28,0.75,0.375,0.0,4764.93,1,1,1.0,4764.93,1,1,1.0,29758.899999999998,3,1,0.3333333333333333,50274.6,8,3,0.375,1
LGS2ORD0048850,C015211,2026-01-22 20:00:00,Other,41,Platinum,Shopee,Phuket,776,Lazada,Credit_Card,20,1,3,0,40-50,25.866666666666667,7.0,2.0,0.2857142857142857,83,37,9087.844285714285,0.35,0.42857142857142855,0.14285714285714285,0.0,0.0,0,0,0.0,0.0,0,0,0.0,21297.58,1,0,0.0,63614.909999999996,7,2,0.2857142857142857,1
LGS2ORD0048851,C011382,2026-01-22 21:00:00,Male,30,Bronze,Lazada,Chonburi,1671,Lazada,Credit_Card,21,1,3,0,20-30,55.7,11.0,2.0,0.18181818181818182,4,8,8990.443636363636,0.23,0.5454545454545454,0.09090909090909091,0.0,0.0,0,0,0.0,2048.78,1,1,1.0,38444.21,4,2,0.5,98894.88,11,2,0.18181818181818182,0
LGS2ORD0048852,C011425,2026-01-22 21:00:00,Female,59,Bronze,CallCenter,Nakhon Ratchasima,1739,Web,COD,21,1,3,0,>50,57.96666666666667,8.0,2.0,0.25,64,2,4876.88125,0.28,0.625,0.25,0.0,3190.92,1,0,0.0,3190.92,1,0,0.0,3912.44,2,1,0.5,34968.16,7,2,0.2857142857142857,0
LGS2ORD0048853,C012510,2026-01-22 21:00:00,Female,51,Bronze,Shopee,Songkhla,1562,Lazada,COD,21,1,3,0,>50,52.06666666666667,10.0,4.0,0.4,81,10,2742.3149999999996,0.28,0.7,0.4,0.0,0.0,0,0,0.0,2274.48,1,0,0.0,6722.76,3,1,0.3333333333333333,19407.76,9,4,0.4444444444444444,0
LGS2ORD0048854,C017988,2026-01-22 21:00:00,Male,28,Silver,Lazada,Chiang Mai,1203,Web,PromptPay,21,1,3,0,20-30,40.1,7.0,2.0,0.2857142857142857,15,23,6172.318571428571,0.2,0.5714285714285714,0.0,0.0,0.0,0,0,0.0,281.59,1,1,1.0,1321.23,2,1,0.5,43206.229999999996,7,2,0.2857142857142857,0
LGS2ORD0048855,C012422,2026-01-22 21:00:00,Female,43,Silver,TV,Chiang Mai,1510,Lazada,Bank_Transfer,21,1,3,0,40-50,50.333333333333336,9.0,2.0,0.2222222222222222,201,37,7323.4944444444445,0.3,0.7777777777777778,0.3333333333333333,0.0,0.0,0,0,0.0,0.0,0,0,0.0,11597.08,2,0,0.0,65323.490000000005,8,1,0.125,1
LGS2ORD0048856,C015750,2026-01-22 22:00:00,Female,46,Gold,Lazada,Bangkok,1063,Shopee,COD,22,1,3,0,40-50,35.43333333333333,12.0,2.0,0.16666666666666666,324,49,4736.356666666666,0.28,0.5,0.25,0.0,0.0,0,0,0.0,0.0,0,0,0.0,2171.99,1,0,0.0,49018.05999999999,11,1,0.09090909090909091,0
LGS2ORD0048857,C015533,2026-01-22 22:00:00,Female,22,Silver,CallCenter,Bangkok,1307,CallCenter,PromptPay,22,1,3,0,20-30,43.56666666666667,8.0,1.0,0.125,107,3,2508.98875,0.25,0.375,0.375,0.0,2847.03,1,0,0.0,3577.5200000000004,2,0,0.0,3577.5200000000004,2,0,0.0,20071.91,8,1,0.125,0
LGS2ORD0048858,C016007,2026-01-22 22:00:00,Female,43,Silver,TV,Phuket,1345,Shopee,COD,22,1,3,0,40-50,44.833333333333336,10.0,3.0,0.3,39,20,7411.712000000001,0.25,0.4,0.1,0.0,0.0,0,0,0.0,550.24,1,0,0.0,15766.97,3,1,0.3333333333333333,71821.74,9,3,0.3333333333333333,0
LGS2ORD0048859,C016554,2026-01-22 22:00:00,Female,39,Bronze,TV,Chiang Mai,1142,TV_Show,Credit_Card,22,1,3,0,30-40,38.06666666666667,16.0,4.0,0.25,43,21,7268.95375,0.28,0.6875,0.25,0.0,0.0,0,0,0.0,1790.31,1,0,0.0,16675.81,6,1,0.16666666666666666,101681.44,15,4,0.26666666666666666,1
LGS2ORD0048860,C013555,2026-01-22 22:00:00,Female,38,Platinum,CallCenter,Bangkok,1670,TV_Show,COD,22,1,3,0,30-40,55.666666666666664,8.0,3.0,0.375,57,16,7437.75125,0.35,0.5,0.5,0.0,0.0,0,0,0.0,696.53,1,0,0.0,34260.43,4,1,0.25,43662.08,7,2,0.2857142857142857,0
LGS2ORD0048861,C010638,2026-01-22 23:00:00,Female,44,Gold,Web,Chonburi,413,CallCenter,COD,23,1,3,0,40-50,13.766666666666667,5.0,2.0,0.4,233,75,3823.0840000000003,0.33,0.2,0.4,0.0,0.0,0,0,0.0,0.0,0,0,0.0,1494.27,1,0,0.0,19115.420000000002,5,2,0.4,1
LGS2ORD0048862,C010253,2026-01-22 23:00:00,Male,52,Bronze,Web,Bangkok,1787,Lazada,Credit_Card,23,1,3,0,>50,59.56666666666667,9.0,1.0,0.1111111111111111,203,151,4464.787777777778,0.23,0.6666666666666666,0.2222222222222222,0.0,0.0,0,0,0.0,0.0,0,0,0.0,0.0,0,0,0.0,27185.66,5,1,0.2,0
LGS2ORD0048863,C010285,2026-01-22 23:00:00,Female,38,Silver,Shopee,Khon Kaen,587,Lazada,Bank_Transfer,23,1,3,0,30-40,19.566666666666666,5.0,1.0,0.2,44,15,2837.392,0.25,1.0,0.2,0.0,0.0,0,0,0.0,2278.8,1,0,0.0,12611.36,3,1,0.3333333333333333,14186.96,5,1,0.2,0
LGS2ORD0048864,C015853,2026-01-22 23:00:00,Male,50,Gold,Lazada,Nakhon Ratchasima,620,TV_Show,Credit_Card,23,1,3,0,40-50,20.666666666666668,0.0,0.0,0.0,-1,-1,0.0,0.0,0.0,0.0,0.0,0.0,0,0,0.0,0.0,0,0,0.0,0.0,0,0,0.0,0.0,0,0,0.0,0
LGS2ORD0048865,C016672,2026-01-22 23:00:00,Female,48,Bronze,Lazada,Chonburi,934,Lazada,Credit_Card,23,1,3,0,40-50,31.133333333333333,7.0,3.0,0.42857142857142855,110,46,4472.71,0.23,0.5714285714285714,0.2857142857142857,0.0,0.0,0,0,0.0,0.0,0,0,0.0,14274.34,2,0,0.0,28521.239999999998,5,2,0.4,0
LGS2ORD0048866,C010932,2026-01-22 23:00:00,Female,54,Silver,Web,Songkhla,852,Web,COD,23,1,3,0,>50,28.4,9.0,0.0,0.0,-1,41,5886.795555555556,0.25,0.4444444444444444,0.1111111111111111,0.0,0.0,0,0,0.0,0.0,0,0,0.0,6519.290000000001,3,0,0.0,52981.16,9,0,0.0,0
LGS2ORD0048867,C016218,2026-01-23 00:00:00,Female,24,Silver,Web,Bangkok,848,TV_Show,Bank_Transfer,0,1,4,0,20-30,28.266666666666666,6.0,2.0,0.3333333333333333,258,4,4653.131666666667,0.3,0.16666666666666666,0.16666666666666666,0.0,1711.45,1,0,0.0,1711.45,1,0,0.0,1711.45,1,0,0.0,27918.79,6,2,0.3333333333333333,0
LGS2ORD0048868,C013363,2026-01-23 00:00:00,Female,45,Gold,CallCenter,Chonburi,1610,Shopee,Credit_Card,0,1,4,0,40-50,53.666666666666664,6.0,2.0,0.3333333333333333,113,112,6345.383333333335,0.2299999999999999,0.6666666666666666,0.3333333333333333,0.0,0.0,0,0,0.0,0.0,0,0,0.0,0.0,0,0,0.0,27589.21,5,2,0.4,0
LGS2ORD0048869,C014776,2026-01-23 00:00:00,Female,41,Bronze,Lazada,Khon Kaen,1088,Shopee,COD,0,1,4,0,40-50,36.266666666666666,10.0,3.0,0.3,172,42,7637.191000000001,0.23,0.5,0.1,0.0,0.0,0,0,0.0,0.0,0,0,0.0,23741.16,2,0,0.0,76371.91,10,3,0.3,1
LGS2ORD0048870,C014580,2026-01-23 00:00:00,Male,63,Gold,Lazada,Bangkok,820,TV_Show,Credit_Card,0,1,4,0,>50,27.333333333333332,6.0,1.0,0.16666666666666666,136,37,5549.016666666666,0.33,0.5,0.3333333333333333,0.0,0.0,0,0,0.0,0.0,0,0,0.0,2645.11,1,0,0.0,33294.1,6,1,0.16666666666666666,0
LGS2ORD0048871,C014934,2026-01-23 00:00:00,Male,48,Silver,TV,Bangkok,1660,Web,PromptPay,0,1,4,0,40-50,55.333333333333336,7.0,1.0,0.14285714285714285,10,2,3105.307142857143,0.3,0.2857142857142857,0.42857142857142855,0.0,967.78,1,0,0.0,9786.210000000001,2,1,0.5,10811.640000000001,3,1,0.3333333333333333,18159.229999999996,6,1,0.16666666666666666,0
LGS2ORD0048872,C010075,2026-01-23 01:00:00,Female,37,Bronze,TV,Bangkok,1109,TV_Show,COD,1,1,4,0,30-40,36.96666666666667,11.0,2.0,0.18181818181818182,55,15,4425.235454545455,0.18,0.6363636363636364,0.0,0.0,0.0,0,0,0.0,4714.63,1,0,0.0,10256.869999999999,3,1,0.3333333333333333,48360.47,10,2,0.2,0
LGS2ORD0048873,C014542,2026-01-23 01:00:00,Female,38,Bronze,TV,Remote_Area,1508,Web,COD,1,1,4,0,30-40,50.266666666666666,6.0,0.0,0.0,-1,35,1757.7616666666665,0.23,0.8333333333333334,0.6666666666666666,0.0,0.0,0,0,0.0,0.0,0,0,0.0,5029.29,2,0,0.0,9305.199999999999,5,0,0.0,0
LGS2ORD0048874,C012377,2026-01-23 01:00:00,Male,36,Silver,Shopee,Remote_Area,431,CallCenter,COD,1,1,4,0,30-40,14.366666666666667,3.0,0.0,0.0,-1,136,4513.733333333334,0.2,0.0,0.0,0.0,0.0,0,0,0.0,0.0,0,0,0.0,0.0,0,0,0.0,13541.2,3,0,0.0,1
LGS2ORD0048875,C014420,2026-01-23 01:00:00,Female,56,Silver,Shopee,Bangkok,735,Web,COD,1,1,4,0,>50,24.5,7.0,3.0,0.42857142857142855,135,85,8355.641428571427,0.3,0.14285714285714285,0.2857142857142857,0.0,0.0,0,0,0.0,0.0,0,0,0.0,392.5,1,0,0.0,58489.48999999999,7,3,0.42857142857142855,0
LGS2ORD0048876,C016248,2026-01-23 01:00:00,Female,44,Silver,TV,Nakhon Ratchasima,1087,Shopee,COD,1,1,4,0,40-50,36.233333333333334,12.0,1.0,0.08333333333333333,245,30,5579.766666666666,0.3,0.3333333333333333,0.16666666666666666,0.0,0.0,0,0,0.0,0.0,0,0,0.0,10673.54,1,0,0.0,64814.4,11,1,0.09090909090909091,0
LGS2ORD0048877,C016119,2026-01-23 02:00:00,Female,32,Silver,Web,Khon Kaen,1563,Web,PromptPay,2,1,4,0,30-40,52.1,5.0,0.0,0.0,-1,115,7176.932000000001,0.3,0.2,0.6,0.0,0.0,0,0,0.0,0.0,0,0,0.0,0.0,0,0,0.0,35884.66,5,0,0.0,1
LGS2ORD0048878,C015103,2026-01-23 02:00:00,Female,34,Bronze,Shopee,Bangkok,1609,TV_Show,PromptPay,2,1,4,0,30-40,53.63333333333333,6.0,2.0,0.3333333333333333,165,4,4189.68,0.23,0.6666666666666666,0.16666666666666666,0.0,1472.24,1,0,0.0,1472.24,1,0,0.0,1472.24,1,0,0.0,25138.08,6,2,0.3333333333333333,0
LGS2ORD0048879,C014645,2026-01-23 02:00:00,Female,53,Gold,Shopee,Bangkok,1520,Lazada,COD,2,1,4,0,>50,50.666666666666664,5.0,1.0,0.2,299,1,3606.3239999999996,0.13,0.6,0.0,0.0,2847.25,1,0,0.0,15219.43,3,0,0.0,15219.43,3,0,0.0,18031.62,5,1,0.2,1
LGS2ORD0048880,C016192,2026-01-23 02:00:00,Female,23,Silver,Web,Phuket,1218,Shopee,PromptPay,2,1,4,0,20-30,40.6,7.0,1.0,0.14285714285714285,334,68,3567.1971428571437,0.3,0.2857142857142857,0.2857142857142857,0.0,0.0,0,0,0.0,0.0,0,0,0.0,3517.08,1,0,0.0,21022.200000000004,6,1,0.16666666666666666,0
LGS2ORD0048881,C012735,2026-01-23 02:00:00,Female,24,Gold,TV,Chonburi,1622,CallCenter,COD,2,1,4,0,20-30,54.06666666666667,3.0,0.0,0.0,-1,128,1909.4133333333332,0.2299999999999999,1.0,0.3333333333333333,0.0,0.0,0,0,0.0,0.0,0,0,0.0,0.0,0,0,0.0,5728.24,3,0,0.0,0
LGS2ORD0048882,C017132,2026-01-23 03:00:00,Male,61,Silver,TV,Bangkok,916,Lazada,COD,3,1,4,0,>50,30.533333333333335,10.0,2.0,0.2,353,42,5201.329,0.3,0.2,0.2,0.0,0.0,0,0,0.0,0.0,0,0,0.0,1700.26,1,0,0.0,46673.310000000005,9,1,0.1111111111111111,0
LGS2ORD0048883,C015201,2026-01-23 03:00:00,Female,38,Silver,TV,Bangkok,1237,TV_Show,COD,3,1,4,0,30-40,41.233333333333334,6.0,1.0,0.16666666666666666,113,57,3209.11,0.3,0.5,0.3333333333333333,0.0,0.0,0,0,0.0,0.0,0,0,0.0,8576.47,1,0,0.0,19254.66,6,1,0.16666666666666666,0
LGS2ORD0048884,C016753,2026-01-23 03:00:00,Female,42,Bronze,TV,Phuket,860,CallCenter,COD,3,1,4,0,40-50,28.666666666666668,3.0,0.0,0.0,-1,150,4794.366666666667,0.28,0.0,0.3333333333333333,0.0,0.0,0,0,0.0,0.0,0,0,0.0,0.0,0,0,0.0,14383.1,3,0,0.0,1
LGS2ORD0048885,C010968,2026-01-23 03:00:00,Female,50,Bronze,CallCenter,Phuket,1029,Shopee,COD,3,1,4,0,40-50,34.3,15.0,5.0,0.3333333333333333,86,38,5203.750666666668,0.28,0.6666666666666666,0.13333333333333333,0.0,0.0,0,0,0.0,0.0,0,0,0.0,7468.370000000001,2,0,0.0,76355.4,14,4,0.2857142857142857,0
LGS2ORD0048886,C013729,2026-01-23 03:00:00,Female,51,Bronze,TV,Phuket,494,TV_Show,COD,3,1,4,0,>50,16.466666666666665,3.0,1.0,0.3333333333333333,45,53,5682.413333333334,0.18,0.6666666666666666,0.0,0.0,0.0,0,0,0.0,0.0,0,0,0.0,16671.89,2,1,0.5,17047.24,3,1,0.3333333333333333,1
LGS2ORD0048887,C011015,2026-01-23 03:00:00,Female,41,Silver,CallCenter,Bangkok,1270,Lazada,COD,3,1,4,0,40-50,42.333333333333336,4.0,1.0,0.25,36,41,1458.7525,0.1,0.75,0.0,0.0,0.0,0,0,0.0,0.0,0,0,0.0,582.52,1,1,1.0,5835.01,4,1,0.25,0
LGS2ORD0048888,C010123,2026-01-23 04:00:00,Female,45,Bronze,CallCenter,Khon Kaen,671,Shopee,Bank_Transfer,4,1,4,0,40-50,22.366666666666667,5.0,3.0,0.6,43,49,6711.622,0.28,0.4,0.6,0.0,0.0,0,0,0.0,0.0,0,0,0.0,354.63,1,1,1.0,33558.11,5,3,0.6,0
LGS2ORD0048889,C010877,2026-01-23 04:00:00,Male,40,Gold,Lazada,Chonburi,943,CallCenter,COD,4,1,4,0,30-40,31.433333333333334,3.0,1.0,0.3333333333333333,191,60,1849.3633333333335,0.28,0.3333333333333333,0.6666666666666666,0.0,0.0,0,0,0.0,0.0,0,0,0.0,507.87,1,0,0.0,5548.09,3,1,0.3333333333333333,0
LGS2ORD0048890,C010249,2026-01-23 04:00:00,Female,49,Platinum,Web,Bangkok,476,Shopee,COD,4,1,4,0,40-50,15.866666666666667,4.0,2.0,0.5,48,58,10046.3025,0.35,0.25,0.5,0.0,0.0,0,0,0.0,0.0,0,0,0.0,384.28,1,1,1.0,40185.21,4,2,0.5,0
LGS2ORD0048891,C010330,2026-01-23 04:00:00,Female,43,Bronze,TV,Bangkok,432,Lazada,Bank_Transfer,4,1,4,0,40-50,14.4,9.0,2.0,0.2222222222222222,188,14,3045.2277777777776,0.28,0.5555555555555556,0.3333333333333333,0.0,0.0,0,0,0.0,6818.35,2,0,0.0,8827.130000000001,3,0,0.0,23890.72,7,2,0.2857142857142857,0
LGS2ORD0048892,C015315,2026-01-23 04:00:00,Male,49,Bronze,TV,Chiang Mai,1547,Shopee,Bank_Transfer,4,1,4,0,40-50,51.56666666666667,7.0,3.0,0.42857142857142855,162,145,3871.745714285714,0.23,0.8571428571428571,0.14285714285714285,0.0,0.0,0,0,0.0,0.0,0,0,0.0,0.0,0,0,0.0,27102.219999999998,7,3,0.42857142857142855,0
LGS2ORD0048893,C012794,2026-01-23 05:00:00,Male,21,Silver,Shopee,Chiang Mai,1797,CallCenter,COD,5,1,4,0,20-30,59.9,4.0,0.0,0.0,-1,14,8201.5625,0.2,0.75,0.0,0.0,0.0,0,0,0.0,9877.68,1,0,0.0,9877.68,1,0,0.0,32806.25,4,0,0.0,1
LGS2ORD0048894,C012966,2026-01-23 05:00:00,Male,52,Platinum,Lazada,Bangkok,1420,TV_Show,COD,5,1,4,0,>50,47.333333333333336,4.0,2.0,0.5,18,2,7285.2525000000005,0.3,0.75,0.75,0.0,2301.06,1,0,0.0,15598.51,2,1,0.5,20995.710000000003,3,1,0.3333333333333333,29141.010000000002,4,2,0.5,0
LGS2ORD0048895,C013138,2026-01-23 05:00:00,Male,48,Bronze,TV,Khon Kaen,1438,Lazada,PromptPay,5,1,4,0,40-50,47.93333333333333,5.0,2.0,0.4,34,45,7237.976000000001,0.28,0.4,0.2,0.0,0.0,0,0,0.0,0.0,0,0,0.0,649.68,1,1,1.0,36189.880000000005,5,2,0.4,0
LGS2ORD0048896,C017719,2026-01-23 05:00:00,Female,32,Bronze,CallCenter,Chonburi,606,Shopee,COD,5,1,4,0,30-40,20.2,5.0,2.0,0.4,130,14,5013.992,0.28,0.8,0.2,0.0,0.0,0,0,0.0,4185.63,1,0,0.0,4185.63,1,0,0.0,16677.39,4,2,0.5,0
LGS2ORD0048897,C012810,2026-01-23 05:00:00,Female,49,Bronze,CallCenter,Chonburi,590,Shopee,COD,5,1,4,0,40-50,19.666666666666668,10.0,2.0,0.2,79,27,4281.071000000001,0.18,0.7,0.0,0.0,0.0,0,0,0.0,848.25,1,0,0.0,7190.04,3,0,0.0,41948.399999999994,9,2,0.2222222222222222,0
LGS2ORD0048898,C010099,2026-01-23 06:00:00,Other,52,Bronze,Web,Khon Kaen,1364,Shopee,COD,6,1,4,0,>50,45.46666666666667,4.0,1.0,0.25,345,123,6790.705,0.18,0.25,0.0,0.0,0.0,0,0,0.0,0.0,0,0,0.0,0.0,0,0,0.0,27162.82,4,1,0.25,0
LGS2ORD0048899,C012809,2026-01-23 06:00:00,Female,34,Silver,TV,Bangkok,628,Shopee,Credit_Card,6,1,4,0,30-40,20.933333333333334,2.0,1.0,0.5,334,5,3891.175,0.2,1.0,0.0,0.0,2870.51,1,0,0.0,2870.51,1,0,0.0,2870.51,1,0,0.0,7782.35,2,1,0.5,1
LGS2ORD0048900,C017091,2026-01-23 06:00:00,Male,56,Silver,Lazada,Bangkok,517,Shopee,PromptPay,6,1,4,0,>50,17.233333333333334,6.0,3.0,0.5,242,93,5680.831666666668,0.3,0.5,0.3333333333333333,0.0,0.0,0,0,0.0,0.0,0,0,0.0,0.0,0,0,0.0,34084.990000000005,6,3,0.5,0
LGS2ORD0048901,C015636,2026-01-23 06:00:00,Male,28,Bronze,Shopee,Phuket,1310,TV_Show,Credit_Card,6,1,4,0,20-30,43.666666666666664,5.0,2.0,0.4,103,111,2839.55,0.28,0.6,0.6,0.0,0.0,0,0,0.0,0.0,0,0,0.0,0.0,0,0,0.0,14197.75,5,2,0.4,0
LGS2ORD0048902,C013084,2026-01-23 06:00:00,Male,18,Bronze,TV,Phuket,1464,Shopee,Credit_Card,6,1,4,0,<20,48.8,5.0,1.0,0.2,268,25,3101.386,0.18,0.8,0.0,0.0,0.0,0,0,0.0,249.75,1,0,0.0,1741.14,2,0,0.0,10511.59,4,1,0.25,1
LGS2ORD0048903,C014042,2026-01-23 07:00:00,Female,35,Silver,Web,Chiang Mai,1230,TV_Show,COD,7,1,4,0,30-40,41.0,3.0,0.0,0.0,-1,162,3144.126666666667,0.3,0.0,0.3333333333333333,0.0,0.0,0,0,0.0,0.0,0,0,0.0,0.0,0,0,0.0,8505.380000000001,2,0,0.0,0
LGS2ORD0048904,C012925,2026-01-23 07:00:00,Female,40,Bronze,Shopee,Khon Kaen,1439,Shopee,COD,7,1,4,0,30-40,47.96666666666667,9.0,1.0,0.1111111111111111,-4,1,7765.481111111111,0.28,0.4444444444444444,0.3333333333333333,0.0,3695.23,1,1,1.0,3695.23,1,1,1.0,3695.23,1,1,1.0,64874.11,8,1,0.125,1
LGS2ORD0048905,C010823,2026-01-23 07:00:00,Female,34,Silver,Web,Chonburi,811,CallCenter,Credit_Card,7,1,4,0,30-40,27.033333333333335,3.0,1.0,0.3333333333333333,295,110,3354.4500000000003,0.3,0.6666666666666666,0.6666666666666666,0.0,0.0,0,0,0.0,0.0,0,0,0.0,0.0,0,0,0.0,10063.35,3,1,0.3333333333333333,0
LGS2ORD0048906,C017127,2026-01-23 07:00:00,Other,28,Gold,Lazada,Bangkok,1344,Shopee,PromptPay,7,1,4,0,20-30,44.8,3.0,0.0,0.0,-1,124,1954.6899999999998,0.2299999999999999,0.0,0.3333333333333333,0.0,0.0,0,0,0.0,0.0,0,0,0.0,0.0,0,0,0.0,5864.07,3,0,0.0,0
LGS2ORD0048907,C013122,2026-01-23 07:00:00,Female,41,Bronze,Lazada,Bangkok,399,Web,COD,7,1,4,0,40-50,13.3,8.0,2.0,0.25,-1,7,6297.9175,0.23,0.375,0.25,0.125,0.0,0,0,0.0,2371.92,1,1,1.0,10677.11,3,1,0.3333333333333333,50383.34,8,2,0.25,1
LGS2ORD0048908,C011400,2026-01-23 07:00:00,Male,56,Bronze,TV,Khon Kaen,609,Lazada,Credit_Card,7,1,4,0,>50,20.3,5.0,1.0,0.2,35,42,4196.086000000001,0.23,0.4,0.4,0.0,0.0,0,0,0.0,0.0,0,0,0.0,19592.9,3,1,0.3333333333333333,20980.430000000004,5,1,0.2,0
LGS2ORD0048909,C015630,2026-01-23 08:00:00,Female,44,Bronze,Web,Bangkok,773,CallCenter,COD,8,1,4,0,40-50,25.766666666666666,5.0,0.0,0.0,-1,81,4464.486,0.18,0.4,0.0,0.0,0.0,0,0,0.0,0.0,0,0,0.0,2844.06,1,0,0.0,22322.43,5,0,0.0,1
LGS2ORD0048910,C014207,2026-01-23 08:00:00,Male,28,Bronze,Lazada,Bangkok,1189,CallCenter,Bank_Transfer,8,1,4,0,20-30,39.63333333333333,3.0,1.0,0.3333333333333333,349,192,6285.099999999999,0.03,0.6666666666666666,0.0,0.0,0.0,0,0,0.0,0.0,0,0,0.0,0.0,0,0,0.0,11114.97,1,0,0.0,0
LGS2ORD0048911,C017012,2026-01-23 08:00:00,Male,25,Silver,Web,Phuket,772,TV_Show,COD,8,1,4,0,20-30,25.733333333333334,6.0,2.0,0.3333333333333333,131,7,2777.893333333333,0.25,0.6666666666666666,0.3333333333333333,0.0,0.0,0,0,0.0,1788.01,2,0,0.0,1788.01,2,0,0.0,16667.359999999997,6,2,0.3333333333333333,0
LGS2ORD0048912,C014179,2026-01-23 08:00:00,Male,18,Silver,Lazada,Songkhla,698,Shopee,PromptPay,8,1,4,0,<20,23.266666666666666,12.0,1.0,0.08333333333333333,283,49,7799.9025,0.25,0.3333333333333333,0.08333333333333333,0.0,0.0,0,0,0.0,0.0,0,0,0.0,7536.81,2,0,0.0,82070.51,10,1,0.1,0
LGS2ORD0048913,C012310,2026-01-23 08:00:00,Male,31,Bronze,Lazada,Nakhon Ratchasima,1377,Web,Credit_Card,8,1,4,0,30-40,45.9,12.0,3.0,0.25,28,16,7543.102500000001,0.28,0.3333333333333333,0.16666666666666666,0.0,0.0,0,0,0.0,8759.0,1,0,0.0,69702.09,5,1,0.2,90517.23000000001,12,3,0.25,1
LGS2ORD0048914,C014888,2026-01-23 09:00:00,Male,35,Silver,Shopee,Bangkok,1229,Web,COD,9,1,4,0,30-40,40.96666666666667,3.0,0.0,0.0,-1,234,2380.7066666666665,0.1,0.3333333333333333,0.0,0.0,0.0,0,0,0.0,0.0,0,0,0.0,0.0,0,0,0.0,7142.12,3,0,0.0,1
LGS2ORD0048915,C015537,2026-01-23 09:00:00,Female,36,Platinum,Shopee,Khon Kaen,1331,Shopee,PromptPay,9,1,4,0,30-40,44.36666666666667,5.0,1.0,0.2,286,8,2436.438,0.25,0.6,0.2,0.0,0.0,0,0,0.0,5848.35,1,0,0.0,5848.35,1,0,0.0,12182.19,5,1,0.2,0
LGS2ORD0048916,C015789,2026-01-23 09:00:00,Male,46,Gold,TV,Chonburi,934,Web,COD,9,1,4,0,40-50,31.133333333333333,7.0,2.0,0.2857142857142857,15,22,2354.1985714285715,0.28,0.2857142857142857,0.5714285714285714,0.0,0.0,0,0,0.0,224.69,1,1,1.0,3890.08,3,2,0.6666666666666666,16479.39,7,2,0.2857142857142857,0
LGS2ORD0048917,C013497,2026-01-23 09:00:00,Male,36,Bronze,Shopee,Chiang Mai,414,Lazada,Credit_Card,9,1,4,0,30-40,13.8,4.0,0.0,0.0,-1,49,5218.79,0.28,1.0,0.25,0.0,0.0,0,0,0.0,0.0,0,0,0.0,1532.84,1,0,0.0,20875.16,4,0,0.0,0
LGS2ORD0048918,C015979,2026-01-23 09:00:00,Male,49,Silver,Lazada,Phuket,1668,Lazada,Credit_Card,9,1,4,0,40-50,55.6,12.0,1.0,0.08333333333333333,199,11,4518.429166666667,0.3,0.6666666666666666,0.25,0.0,0.0,0,0,0.0,675.24,1,0,0.0,13175.87,4,0,0.0,54221.15,12,1,0.08333333333333333,0
LGS2ORD0048919,C015551,2026-01-23 10:00:00,Female,48,Bronze,CallCenter,Khon Kaen,712,Web,Credit_Card,10,1,4,0,40-50,23.733333333333334,7.0,0.0,0.0,-1,9,2669.565714285715,0.28,0.42857142857142855,0.2857142857142857,0.0,0.0,0,0,0.0,728.33,1,0,0.0,728.33,1,0,0.0,18686.960000000003,7,0,0.0,1
LGS2ORD0048920,C015876,2026-01-23 10:00:00,Female,37,Bronze,Web,Songkhla,797,Lazada,COD,10,1,4,0,30-40,26.566666666666666,7.0,1.0,0.14285714285714285,-4,7,2425.7285714285717,0.23,0.5714285714285714,0.14285714285714285,0.0,0.0,0,0,0.0,3519.57,1,1,1.0,3519.57,1,1,1.0,16980.100000000002,7,1,0.14285714285714285,0
LGS2ORD0048921,C010675,2026-01-23 10:00:00,Female,44,Gold,Web,Chiang Mai,727,Web,COD,10,1,4,0,40-50,24.233333333333334,7.0,0.0,0.0,-1,57,3966.3314285714287,0.33,0.2857142857142857,0.42857142857142855,0.0,0.0,0,0,0.0,0.0,0,0,0.0,2066.04,2,0,0.0,27764.32,7,0,0.0,0
LGS2ORD0048922,C010609,2026-01-23 10:00:00,Female,36,Silver,TV,Bangkok,808,Shopee,COD,10,1,4,0,30-40,26.933333333333334,1.0,1.0,1.0,84,96,15173.11,0.05,1.0,0.0,0.0,0.0,0,0,0.0,0.0,0,0,0.0,0.0,0,0,0.0,15173.11,1,1,1.0,0
LGS2ORD0048923,C017008,2026-01-23 10:00:00,Female,46,Bronze,Web,Bangkok,1415,TV_Show,Credit_Card,10,1,4,0,40-50,47.166666666666664,9.0,5.0,0.5555555555555556,40,25,4406.825555555556,0.28,0.4444444444444444,0.1111111111111111,0.0,0.0,0,0,0.0,528.53,1,0,0.0,9083.210000000001,4,3,0.75,31774.02,8,4,0.5,0
LGS2ORD0048924,C010663,2026-01-23 10:00:00,Male,32,Bronze,TV,Songkhla,1384,Shopee,COD,10,1,4,0,30-40,46.13333333333333,15.0,6.0,0.4,3,13,2785.2019999999998,0.28,0.6,0.4,0.0,0.0,0,0,0.0,3559.66,1,1,1.0,11720.42,4,2,0.5,41778.03,15,6,0.4,0
LGS2ORD0048925,C014854,2026-01-23 11:00:00,Male,41,Bronze,Shopee,Songkhla,765,Lazada,COD,11,1,4,0,40-50,25.5,7.0,1.0,0.14285714285714285,45,38,5617.612857142857,0.18,0.5714285714285714,0.0,0.0,0.0,0,0,0.0,0.0,0,0,0.0,10398.11,2,1,0.5,39323.29,7,1,0.14285714285714285,1
LGS2ORD0048926,C016150,2026-01-23 11:00:00,Other,72,Silver,Shopee,Bangkok,1565,TV_Show,Credit_Card,11,1,4,0,>50,52.166666666666664,9.0,2.0,0.2222222222222222,95,38,10183.066666666668,0.25,0.3333333333333333,0.1111111111111111,0.0,0.0,0,0,0.0,0.0,0,0,0.0,1543.62,1,0,0.0,91647.6,9,2,0.2222222222222222,0
LGS2ORD0048927,C015697,2026-01-23 11:00:00,Male,42,Platinum,Web,Khon Kaen,608,TV_Show,Credit_Card,11,1,4,0,40-50,20.266666666666666,6.0,1.0,0.16666666666666666,369,16,1432.54,0.35,0.6666666666666666,0.5,0.0,0.0,0,0,0.0,943.89,1,0,0.0,2411.12,2,0,0.0,7055.56,5,0,0.0,0
LGS2ORD0048928,C015962,2026-01-23 11:00:00,Female,29,Gold,Lazada,Bangkok,436,Lazada,Credit_Card,11,1,4,0,20-30,14.533333333333333,1.0,0.0,0.0,-1,92,2488.3,0.13,1.0,0.0,0.0,0.0,0,0,0.0,0.0,0,0,0.0,0.0,0,0,0.0,2488.3,1,0,0.0,1
LGS2ORD0048929,C012974,2026-01-23 11:00:00,Female,56,Gold,Web,Songkhla,1134,TV_Show,COD,11,1,4,0,>50,37.8,8.0,3.0,0.375,132,18,5608.055,0.33,0.5,0.625,0.0,0.0,0,0,0.0,7037.98,1,0,0.0,7037.98,1,0,0.0,44864.44,8,3,0.375,0
LGS2ORD0048930,C017248,2026-01-23 12:00:00,Female,72,Bronze,TV,Phuket,783,Web,COD,12,1,4,0,>50,26.1,11.0,3.0,0.2727272727272727,103,22,7938.129999999999,0.28,0.8181818181818182,0.5454545454545454,0.0,0.0,0,0,0.0,4082.91,1,0,0.0,7091.28,2,0,0.0,85463.48999999999,10,3,0.3,0
LGS2ORD0048931,C014038,2026-01-23 12:00:00,Male,48,Bronze,TV,Bangkok,698,Web,Credit_Card,12,1,4,0,40-50,23.266666666666666,5.0,0.0,0.0,-1,1,1511.634,0.28,0.4,0.2,0.0,3593.41,2,0,0.0,3593.41,2,0,0.0,5011.639999999999,3,0,0.0,7558.17,5,0,0.0,0
LGS2ORD0048932,C011006,2026-01-23 12:00:00,Female,30,Bronze,Shopee,Remote_Area,1251,Web,COD,12,1,4,0,20-30,41.7,10.0,1.0,0.1,292,51,4582.629999999999,0.23,0.6,0.4,0.0,0.0,0,0,0.0,0.0,0,0,0.0,16257.230000000001,4,0,0.0,45826.299999999996,10,1,0.1,0
LGS2ORD0048933,C012097,2026-01-23 12:00:00,Female,49,Gold,TV,Chiang Mai,1582,Web,COD,12,1,4,0,40-50,52.733333333333334,6.0,3.0,0.5,46,53,2610.515,0.2299999999999999,0.6666666666666666,0.3333333333333333,0.0,0.0,0,0,0.0,0.0,0,0,0.0,1244.9,1,1,1.0,14991.83,5,3,0.6,0
LGS2ORD0048934,C010850,2026-01-23 12:00:00,Other,43,Silver,TV,Chiang Mai,1025,TV_Show,PromptPay,12,1,4,0,40-50,34.166666666666664,8.0,2.0,0.25,152,102,7722.62625,0.3,0.5,0.125,0.0,0.0,0,0,0.0,0.0,0,0,0.0,0.0,0,0,0.0,59780.590000000004,7,2,0.2857142857142857,0
LGS2ORD0048935,C017191,2026-01-23 13:00:00,Male,61,Gold,Web,Bangkok,1556,Lazada,COD,13,1,4,0,>50,51.86666666666667,2.0,1.0,0.5,361,93,5213.465,0.18,0.0,0.0,0.0,0.0,0,0,0.0,0.0,0,0,0.0,0.0,0,0,0.0,7959.14,1,0,0.0,0
LGS2ORD0048936,C011922,2026-01-23 13:00:00,Female,25,Gold,Shopee,Chonburi,1528,CallCenter,COD,13,1,4,0,20-30,50.93333333333333,9.0,2.0,0.2222222222222222,39,54,3545.3355555555554,0.2299999999999999,0.4444444444444444,0.1111111111111111,0.0,0.0,0,0,0.0,0.0,0,0,0.0,6788.85,2,1,0.5,31908.02,9,2,0.2222222222222222,0
LGS2ORD0048937,C017687,2026-01-23 13:00:00,Male,47,Silver,CallCenter,Chonburi,579,Web,COD,13,1,4,0,40-50,19.3,9.0,2.0,0.2222222222222222,334,198,6045.412222222222,0.25,0.4444444444444444,0.3333333333333333,0.0,0.0,0,0,0.0,0.0,0,0,0.0,0.0,0,0,0.0,42254.04,8,2,0.25,0
LGS2ORD0048938,C012435,2026-01-23 13:00:00,Female,36,Bronze,Web,Chonburi,542,Lazada,COD,13,1,4,0,30-40,18.066666666666666,3.0,2.0,0.6666666666666666,181,190,6784.536666666667,0.18,1.0,0.0,0.0,0.0,0,0,0.0,0.0,0,0,0.0,0.0,0,0,0.0,20353.61,3,2,0.6666666666666666,0
LGS2ORD0048939,C017964,2026-01-23 13:00:00,Male,49,Platinum,Shopee,Bangkok,1369,Lazada,Credit_Card,13,1,4,0,40-50,45.63333333333333,7.0,1.0,0.14285714285714285,146,154,5205.931428571428,0.35,0.42857142857142855,0.5714285714285714,0.0,0.0,0,0,0.0,0.0,0,0,0.0,0.0,0,0,0.0,28882.32,6,1,0.16666666666666666,0
LGS2ORD0048940,C014528,2026-01-23 14:00:00,Male,35,Bronze,Web,Bangkok,830,Shopee,Credit_Card,14,1,4,0,30-40,27.666666666666668,4.0,0.0,0.0,-1,20,3840.7400000000002,0.18,0.5,0.0,0.0,0.0,0,0,0.0,7347.59,1,0,0.0,11607.1,2,0,0.0,15362.960000000001,4,0,0.0,0
LGS2ORD0048941,C010062,2026-01-23 14:00:00,Male,48,Silver,TV,Remote_Area,1784,TV_Show,COD,14,1,4,0,40-50,59.46666666666667,10.0,4.0,0.4,26,38,4702.794,0.3,0.6,0.3,0.0,0.0,0,0,0.0,0.0,0,0,0.0,12523.66,4,3,0.75,47027.939999999995,10,4,0.4,0
LGS2ORD0048942,C015039,2026-01-23 14:00:00,Male,40,Bronze,TV,Phuket,671,Shopee,COD,14,1,4,0,30-40,22.366666666666667,10.0,4.0,0.4,17,28,8640.266,0.23,0.6,0.3,0.0,0.0,0,0,0.0,1400.88,1,1,1.0,20277.27,3,2,0.6666666666666666,80684.03,9,3,0.3333333333333333,1
LGS2ORD0048943,C015204,2026-01-23 14:00:00,Female,53,Gold,CallCenter,Chiang Mai,686,Shopee,COD,14,1,4,0,>50,22.866666666666667,4.0,3.0,0.75,14,20,1703.4474999999998,0.33,0.5,1.0,0.0,0.0,0,0,0.0,1340.66,1,1,1.0,1340.66,1,1,1.0,6813.789999999999,4,3,0.75,0
LGS2ORD0048944,C012723,2026-01-23 14:00:00,Male,20,Silver,Lazada,Chiang Mai,1387,Web,Bank_Transfer,14,1,4,0,<20,46.233333333333334,6.0,0.0,0.0,-1,14,5357.115000000001,0.25,0.5,0.3333333333333333,0.0,0.0,0,0,0.0,284.04,1,0,0.0,284.04,1,0,0.0,32142.690000000002,6,0,0.0,0
LGS2ORD0048945,C015287,2026-01-23 14:00:00,Female,28,Silver,TV,Phuket,1266,Lazada,COD,14,1,4,0,20-30,42.2,10.0,3.0,0.3,73,19,8385.207,0.2,0.4,0.0,0.0,0.0,0,0,0.0,3300.57,1,0,0.0,7960.639999999999,2,1,0.5,83852.07,10,3,0.3,0
LGS2ORD0048946,C017024,2026-01-23 15:00:00,Female,29,Bronze,TV,Nakhon Ratchasima,681,Shopee,COD,15,1,4,0,20-30,22.7,7.0,0.0,0.0,-1,156,8611.822857142857,0.23,0.2857142857142857,0.14285714285714285,0.0,0.0,0,0,0.0,0.0,0,0,0.0,0.0,0,0,0.0,60282.76,7,0,0.0,0
LGS2ORD0048947,C015649,2026-01-23 15:00:00,Female,38,Bronze,TV,Bangkok,1119,CallCenter,COD,15,1,4,0,30-40,37.3,10.0,4.0,0.4,12,24,8714.077000000001,0.28,0.8,0.2,0.0,0.0,0,0,0.0,19328.14,2,1,0.5,46340.85,3,1,0.3333333333333333,76618.46,9,4,0.4444444444444444,1
LGS2ORD0048948,C013127,2026-01-23 15:00:00,Male,47,Silver,Shopee,Khon Kaen,1776,Web,COD,15,1,4,0,40-50,59.2,6.0,1.0,0.16666666666666666,193,5,4631.68,0.25,0.3333333333333333,0.16666666666666666,0.0,1710.19,1,0,0.0,1710.19,1,0,0.0,1710.19,1,0,0.0,27790.08,6,1,0.16666666666666666,0
LGS2ORD0048949,C011054,2026-01-23 15:00:00,Male,47,Silver,Web,Bangkok,1052,Shopee,Credit_Card,15,1,4,0,40-50,35.06666666666667,6.0,0.0,0.0,-1,11,6151.285000000001,0.2,1.0,0.0,0.0,0.0,0,0,0.0,7200.8099999999995,2,0,0.0,16874.6,4,0,0.0,36907.71000000001,6,0,0.0,0
LGS2ORD0048950,C017522,2026-01-23 15:00:00,Female,40,Silver,TV,Bangkok,1559,Lazada,PromptPay,15,1,4,0,30-40,51.96666666666667,12.0,3.0,0.25,176,80,2975.9733333333334,0.25,0.5,0.08333333333333333,0.0,0.0,0,0,0.0,0.0,0,0,0.0,1679.58,1,0,0.0,35711.68,12,3,0.25,0
LGS2ORD0048951,C015836,2026-01-23 16:00:00,Female,48,Bronze,Shopee,Songkhla,1782,Web,PromptPay,16,1,4,0,40-50,59.4,5.0,0.0,0.0,-1,81,4740.785999999999,0.18,0.2,0.0,0.0,0.0,0,0,0.0,0.0,0,0,0.0,1553.66,1,0,0.0,23703.929999999997,5,0,0.0,0
LGS2ORD0048952,C012121,2026-01-23 16:00:00,Female,54,Bronze,TV,Songkhla,1364,Shopee,COD,16,1,4,0,>50,45.46666666666667,4.0,1.0,0.25,286,1,2933.2625,0.28,0.75,0.25,0.0,922.63,1,0,0.0,922.63,1,0,0.0,922.63,1,0,0.0,11733.05,4,1,0.25,1
LGS2ORD0048953,C010637,2026-01-23 16:00:00,Female,32,Bronze,Shopee,Chonburi,1791,Shopee,Credit_Card,16,1,4,0,30-40,59.7,5.0,2.0,0.4,206,107,4800.590000000001,0.28,1.0,0.2,0.0,0.0,0,0,0.0,0.0,0,0,0.0,0.0,0,0,0.0,24002.950000000004,5,2,0.4,0
LGS2ORD0048954,C016644,2026-01-23 16:00:00,Female,32,Platinum,TV,Bangkok,1779,TV_Show,PromptPay,16,1,4,0,30-40,59.3,10.0,0.0,0.0,-1,27,9234.447,0.25,0.4,0.3,0.0,0.0,0,0,0.0,6750.2,1,0,0.0,22859.760000000002,3,0,0.0,92344.47,10,0,0.0,0
LGS2ORD0048955,C016723,2026-01-23 16:00:00,Female,46,Silver,Web,Nakhon Ratchasima,697,Web,COD,16,1,4,0,40-50,23.233333333333334,6.0,1.0,0.16666666666666666,-4,11,3306.6450000000004,0.25,0.16666666666666666,0.16666666666666666,0.0,0.0,0,0,0.0,3059.9,1,1,1.0,4650.29,2,1,0.5,10689.14,5,1,0.2,0
LGS2ORD0048956,C016817,2026-01-23 17:00:00,Female,45,Bronze,Shopee,Bangkok,1181,Lazada,Credit_Card,17,1,4,0,40-50,39.36666666666667,5.0,0.0,0.0,-1,4,7608.7880000000005,0.28,0.4,0.4,0.0,1824.92,1,0,0.0,19269.58,2,0,0.0,19269.58,2,0,0.0,38043.94,5,0,0.0,0
LGS2ORD0048957,C013648,2026-01-23 17:00:00,Female,61,Bronze,TV,Bangkok,802,Shopee,COD,17,1,4,0,>50,26.733333333333334,9.0,2.0,0.2222222222222222,-3,5,12794.733333333334,0.28,0.6666666666666666,0.2222222222222222,0.0,46448.14,2,1,0.5,46448.14,2,1,0.5,46633.69,3,1,0.3333333333333333,96763.61,8,2,0.25,0
LGS2ORD0048958,C010074,2026-01-23 17:00:00,Female,61,Platinum,TV,Chiang Mai,1277,Web,PromptPay,17,1,4,0,>50,42.56666666666667,8.0,1.0,0.125,175,36,4247.5175,0.35,0.75,0.625,0.125,0.0,0,0,0.0,0.0,0,0,0.0,2032.35,1,0,0.0,18241.100000000002,6,1,0.16666666666666666,1
LGS2ORD0048959,C012948,2026-01-23 17:00:00,Female,46,Bronze,TV,Bangkok,1469,Lazada,COD,17,1,4,0,40-50,48.96666666666667,7.0,2.0,0.2857142857142857,23,35,5770.54,0.23,0.8571428571428571,0.14285714285714285,0.0,0.0,0,0,0.0,0.0,0,0,0.0,8309.869999999999,3,1,0.3333333333333333,40393.78,7,2,0.2857142857142857,0
LGS2ORD0048960,C016986,2026-01-23 17:00:00,Female,29,Silver,Shopee,Phuket,1800,Web,Bank_Transfer,17,1,4,0,20-30,60.0,3.0,0.0,0.0,-1,65,5543.373333333333,0.25,0.3333333333333333,0.6666666666666666,0.0,0.0,0,0,0.0,0.0,0,0,0.0,8392.55,1,0,0.0,16630.12,3,0,0.0,0
LGS2ORD0048961,C015467,2026-01-23 18:00:00,Male,61,Bronze,TV,Bangkok,1155,Lazada,Credit_Card,18,1,4,0,>50,38.5,4.0,0.0,0.0,-1,66,4168.1975,0.13,0.25,0.0,0.0,0.0,0,0,0.0,0.0,0,0,0.0,8408.5,1,0,0.0,16672.79,4,0,0.0,0
LGS2ORD0048962,C010220,2026-01-23 18:00:00,Female,42,Silver,Shopee,Nakhon Ratchasima,583,Lazada,Credit_Card,18,1,4,0,40-50,19.433333333333334,7.0,0.0,0.0,-1,47,5482.348571428571,0.2,0.42857142857142855,0.0,0.0,0.0,0,0,0.0,0.0,0,0,0.0,2602.74,1,0,0.0,33319.68,6,0,0.0,0
LGS2ORD0048963,C017027,2026-01-23 18:00:00,Female,48,Platinum,Web,Bangkok,1378,Lazada,Bank_Transfer,18,1,4,0,40-50,45.93333333333333,6.0,0.0,0.0,-1,32,3691.898333333333,0.35,0.16666666666666666,0.3333333333333333,0.0,0.0,0,0,0.0,0.0,0,0,0.0,10595.57,2,0,0.0,20621.34,5,0,0.0,0
LGS2ORD0048964,C015812,2026-01-23 18:00:00,Male,46,Platinum,TV,Bangkok,1159,Web,COD,18,1,4,0,40-50,38.63333333333333,6.0,1.0,0.16666666666666666,321,28,4108.288333333333,0.25,0.5,0.16666666666666666,0.0,0.0,0,0,0.0,3937.6,1,0,0.0,3937.6,1,0,0.0,24649.73,6,1,0.16666666666666666,0
LGS2ORD0048965,C017161,2026-01-23 18:00:00,Female,46,Bronze,Web,Bangkok,1032,Web,Credit_Card,18,1,4,0,40-50,34.4,7.0,1.0,0.14285714285714285,87,18,6607.664285714285,0.23,0.2857142857142857,0.14285714285714285,0.0,0.0,0,0,0.0,3188.96,1,0,0.0,4424.85,2,0,0.0,45398.94,6,1,0.16666666666666666,0
LGS2ORD0048966,C014821,2026-01-23 18:00:00,Female,38,Bronze,TV,Bangkok,740,TV_Show,Credit_Card,18,1,4,0,30-40,24.666666666666668,9.0,3.0,0.3333333333333333,227,21,6417.591111111111,0.28,0.8888888888888888,0.2222222222222222,0.0,0.0,0,0,0.0,1858.34,1,0,0.0,1858.34,1,0,0.0,22191.18,8,3,0.375,0
LGS2ORD0048967,C013241,2026-01-23 19:00:00,Female,46,Bronze,Lazada,Khon Kaen,1692,TV_Show,COD,19,1,4,0,40-50,56.4,9.0,1.0,0.1111111111111111,128,23,7728.215555555557,0.28,0.4444444444444444,0.3333333333333333,0.0,0.0,0,0,0.0,1950.02,1,0,0.0,4674.13,2,0,0.0,69553.94000000002,9,1,0.1111111111111111,0
LGS2ORD0048968,C013746,2026-01-23 19:00:00,Female,49,Gold,Shopee,Bangkok,524,Web,PromptPay,19,1,4,0,40-50,17.466666666666665,8.0,1.0,0.125,197,24,3278.3362500000003,0.28,0.5,0.375,0.0,0.0,0,0,0.0,253.86,1,0,0.0,592.4100000000001,2,0,0.0,19918.34,5,1,0.2,0
LGS2ORD0048969,C015381,2026-01-23 19:00:00,Male,31,Bronze,TV,Nakhon Ratchasima,1658,Web,PromptPay,19,1,4,0,30-40,55.266666666666666,5.0,1.0,0.2,29,36,3303.65,0.23,0.6,0.2,0.0,0.0,0,0,0.0,0.0,0,0,0.0,8262.65,1,1,1.0,14428.99,4,1,0.25,0
LGS2ORD0048970,C016693,2026-01-23 19:00:00,Male,45,Platinum,Lazada,Bangkok,1767,Lazada,PromptPay,19,1,4,0,40-50,58.9,8.0,1.0,0.125,135,13,6551.391250000001,0.3,0.375,0.375,0.0,0.0,0,0,0.0,28867.72,1,0,0.0,28867.72,1,0,0.0,51579.73,7,1,0.14285714285714285,1
LGS2ORD0048971,C011721,2026-01-23 19:00:00,Female,46,Gold,Shopee,Bangkok,1286,Web,Credit_Card,19,1,4,0,40-50,42.86666666666667,1.0,0.0,0.0,-1,211,2032.11,0.08,1.0,0.0,0.0,0.0,0,0,0.0,0.0,0,0,0.0,0.0,0,0,0.0,2032.11,1,0,0.0,0
LGS2ORD0048972,C010631,2026-01-23 20:00:00,Female,29,Silver,Shopee,Bangkok,1829,Shopee,COD,20,1,4,0,20-30,60.96666666666667,4.0,0.0,0.0,-1,57,3626.005,0.2,0.75,0.0,0.0,0.0,0,0,0.0,0.0,0,0,0.0,1349.96,1,0,0.0,14504.02,4,0,0.0,1
LGS2ORD0048973,C014327,2026-01-23 20:00:00,Male,29,Silver,Lazada,Bangkok,1754,Shopee,COD,20,1,4,0,20-30,58.46666666666667,3.0,1.0,0.3333333333333333,41,50,12497.61,0.1,0.6666666666666666,0.0,0.0,0.0,0,0,0.0,0.0,0,0,0.0,24006.9,1,1,1.0,37492.83,3,1,0.3333333333333333,1
LGS2ORD0048974,C010150,2026-01-23 20:00:00,Female,36,Bronze,TV,Nakhon Ratchasima,405,Lazada,COD,20,1,4,0,30-40,13.5,4.0,1.0,0.25,120,73,2782.38,0.23,0.5,0.5,0.0,0.0,0,0,0.0,0.0,0,0,0.0,6845.16,2,0,0.0,11129.52,4,1,0.25,1
LGS2ORD0048975,C017481,2026-01-23 20:00:00,Male,54,Bronze,Shopee,Nakhon Ratchasima,597,Shopee,COD,20,1,4,0,>50,19.9,11.0,3.0,0.2727272727272727,57,50,5213.201818181819,0.28,0.5454545454545454,0.18181818181818182,0.0,0.0,0,0,0.0,0.0,0,0,0.0,6785.280000000001,4,2,0.5,57345.22000000001,11,3,0.2727272727272727,0
LGS2ORD0048976,C011687,2026-01-23 20:00:00,Male,55,Bronze,TV,Chonburi,1238,Shopee,PromptPay,20,1,4,0,>50,41.266666666666666,7.0,3.0,0.42857142857142855,33,38,7794.148571428571,0.28,0.2857142857142857,0.2857142857142857,0.0,0.0,0,0,0.0,0.0,0,0,0.0,10111.99,3,2,0.6666666666666666,54559.03999999999,7,3,0.42857142857142855,1
LGS2ORD0048977,C015805,2026-01-23 21:00:00,Male,41,Gold,TV,Chiang Mai,1336,TV_Show,PromptPay,21,1,4,0,40-50,44.53333333333333,11.0,2.0,0.18181818181818182,59,5,6675.428181818181,0.33,0.7272727272727273,0.36363636363636365,0.09090909090909091,478.62,1,0,0.0,478.62,1,0,0.0,21672.03,5,2,0.4,52498.94,10,2,0.2,0
LGS2ORD0048978,C015516,2026-01-23 21:00:00,Male,46,Silver,TV,Nakhon Ratchasima,806,TV_Show,Credit_Card,21,1,4,0,40-50,26.866666666666667,6.0,0.0,0.0,-1,9,11251.916666666666,0.3,0.5,0.3333333333333333,0.0,0.0,0,0,0.0,17123.05,1,0,0.0,24923.47,2,0,0.0,66185.36,5,0,0.0,0
LGS2ORD0048979,C018000,2026-01-23 21:00:00,Female,45,Bronze,CallCenter,Chonburi,1821,TV_Show,COD,21,1,4,0,40-50,60.7,12.0,1.0,0.08333333333333333,34,29,4516.231666666666,0.28,0.5,0.16666666666666666,0.0,0.0,0,0,0.0,313.38,1,0,0.0,3532.6400000000003,3,1,0.3333333333333333,54194.77999999999,12,1,0.08333333333333333,1
LGS2ORD0048980,C013946,2026-01-23 21:00:00,Female,44,Bronze,TV,Bangkok,1342,Lazada,COD,21,1,4,0,40-50,44.733333333333334,4.0,2.0,0.5,56,64,14146.807499999999,0.28,0.75,0.25,0.0,0.0,0,0,0.0,0.0,0,0,0.0,19723.84,2,1,0.5,56587.229999999996,4,2,0.5,0
LGS2ORD0048981,C010777,2026-01-23 21:00:00,Female,36,Platinum,Web,Phuket,811,CallCenter,Bank_Transfer,21,1,4,0,30-40,27.033333333333335,6.0,1.0,0.16666666666666666,201,103,2672.2816666666663,0.3,0.5,0.6666666666666666,0.0,0.0,0,0,0.0,0.0,0,0,0.0,0.0,0,0,0.0,16033.689999999997,6,1,0.16666666666666666,0
LGS2ORD0048982,C013298,2026-01-23 22:00:00,Male,59,Bronze,CallCenter,Phuket,1529,Web,COD,22,1,4,0,>50,50.96666666666667,8.0,3.0,0.375,172,40,3441.53875,0.23,0.625,0.125,0.0,0.0,0,0,0.0,0.0,0,0,0.0,10897.970000000001,3,0,0.0,24709.07,7,3,0.42857142857142855,1
LGS2ORD0048983,C017184,2026-01-23 22:00:00,Male,37,Silver,Shopee,Bangkok,1504,Web,Credit_Card,22,1,4,0,30-40,50.13333333333333,6.0,0.0,0.0,-1,47,2783.846666666667,0.3,0.5,0.16666666666666666,0.0,0.0,0,0,0.0,0.0,0,0,0.0,6612.36,4,0,0.0,14685.44,5,0,0.0,0
LGS2ORD0048984,C015377,2026-01-23 22:00:00,Female,36,Silver,Shopee,Songkhla,420,Web,COD,22,1,4,0,30-40,14.0,6.0,3.0,0.5,91,64,3994.185,0.3,0.3333333333333333,0.3333333333333333,0.0,0.0,0,0,0.0,0.0,0,0,0.0,4794.5599999999995,2,0,0.0,21666.15,5,2,0.4,0
LGS2ORD0048985,C013217,2026-01-23 22:00:00,Male,39,Bronze,Shopee,Chonburi,1158,TV_Show,Credit_Card,22,1,4,0,30-40,38.6,2.0,0.0,0.0,-1,286,6542.98,0.23,0.5,0.5,0.0,0.0,0,0,0.0,0.0,0,0,0.0,0.0,0,0,0.0,13085.96,2,0,0.0,0
LGS2ORD0048986,C011262,2026-01-23 22:00:00,Male,58,Platinum,Lazada,Khon Kaen,1733,Lazada,COD,22,1,4,0,>50,57.766666666666666,6.0,1.0,0.16666666666666666,85,6,5458.423333333333,0.3,0.16666666666666666,0.6666666666666666,0.0,1177.61,1,0,0.0,1903.9699999999998,2,0,0.0,1903.9699999999998,2,0,0.0,32750.54,6,1,0.16666666666666666,1
LGS2ORD0048987,C014135,2026-01-23 22:00:00,Female,38,Gold,Web,Remote_Area,922,TV_Show,Bank_Transfer,22,1,4,0,30-40,30.733333333333334,5.0,1.0,0.2,318,210,7506.25,0.33,0.6,0.4,0.0,0.0,0,0,0.0,0.0,0,0,0.0,0.0,0,0,0.0,21000.63,4,1,0.25,0
LGS2ORD0048988,C016488,2026-01-23 23:00:00,Female,54,Bronze,TV,Songkhla,1276,Lazada,COD,23,1,4,0,>50,42.53333333333333,7.0,2.0,0.2857142857142857,160,106,3418.0899999999997,0.23,0.5714285714285714,0.14285714285714285,0.0,0.0,0,0,0.0,0.0,0,0,0.0,0.0,0,0,0.0,23926.629999999997,7,2,0.2857142857142857,1
LGS2ORD0048989,C012493,2026-01-23 23:00:00,Other,56,Bronze,Shopee,Chiang Mai,1200,Lazada,COD,23,1,4,0,>50,40.0,10.0,5.0,0.5,107,117,4792.753,0.23,0.9,0.1,0.0,0.0,0,0,0.0,0.0,0,0,0.0,0.0,0,0,0.0,47927.53,10,5,0.5,0
LGS2ORD0048990,C016930,2026-01-23 23:00:00,Female,62,Bronze,Web,Songkhla,763,TV_Show,Bank_Transfer,23,1,4,0,>50,25.433333333333334,6.0,2.0,0.3333333333333333,33,32,6305.849999999999,0.28,0.8333333333333334,0.16666666666666666,0.0,0.0,0,0,0.0,0.0,0,0,0.0,22874.93,4,2,0.5,37835.1,6,2,0.3333333333333333,0
LGS2ORD0048991,C012613,2026-01-23 23:00:00,Female,24,Silver,CallCenter,Chonburi,857,Web,Credit_Card,23,1,4,0,20-30,28.566666666666666,5.0,0.0,0.0,-1,2,4508.144,0.3,0.2,0.4,0.0,1247.7,1,0,0.0,1247.7,1,0,0.0,1247.7,1,0,0.0,22540.72,5,0,0.0,0
LGS2ORD0048992,C016585,2026-01-23 23:00:00,Male,49,Bronze,Lazada,Songkhla,1305,TV_Show,PromptPay,23,1,4,0,40-50,43.5,6.0,2.0,0.3333333333333333,51,48,6979.135000000001,0.23,0.3333333333333333,0.16666666666666666,0.0,0.0,0,0,0.0,0.0,0,0,0.0,12289.09,2,1,0.5,41874.810000000005,6,2,0.3333333333333333,1
LGS2ORD0048993,C015090,2026-01-24 00:00:00,Male,58,Bronze,Web,Remote_Area,510,TV_Show,Credit_Card,0,1,5,1,>50,17.0,9.0,3.0,0.3333333333333333,54,3,6482.248888888889,0.28,0.5555555555555556,0.2222222222222222,0.0,8653.75,1,0,0.0,20447.54,2,0,0.0,32745.86,4,1,0.25,53744.55,8,3,0.375,0
LGS2ORD0048994,C011427,2026-01-24 00:00:00,Female,52,Silver,Shopee,Chiang Mai,1522,Shopee,COD,0,1,5,1,>50,50.733333333333334,2.0,0.0,0.0,-1,124,588.35,0.25,0.0,0.5,0.0,0.0,0,0,0.0,0.0,0,0,0.0,0.0,0,0,0.0,1176.7,2,0,0.0,0
LGS2ORD0048995,C012895,2026-01-24 00:00:00,Female,46,Silver,Web,Khon Kaen,924,Lazada,COD,0,1,5,1,40-50,30.8,6.0,4.0,0.6666666666666666,63,70,3633.158333333334,0.2,0.3333333333333333,0.0,0.0,0.0,0,0,0.0,0.0,0,0,0.0,1682.4,1,1,1.0,21798.950000000004,6,4,0.6666666666666666,0
LGS2ORD0048996,C011856,2026-01-24 00:00:00,Female,43,Bronze,Web,Khon Kaen,903,Lazada,Bank_Transfer,0,1,5,1,40-50,30.1,7.0,4.0,0.5714285714285714,43,19,4085.9271428571424,0.18,0.5714285714285714,0.0,0.0,0.0,0,0,0.0,2502.35,1,0,0.0,22613.529999999995,4,2,0.5,28601.489999999998,7,4,0.5714285714285714,0
LGS2ORD0048997,C016042,2026-01-24 00:00:00,Female,63,Silver,Shopee,Remote_Area,1317,Shopee,COD,0,1,5,1,>50,43.9,10.0,0.0,0.0,-1,24,10641.047,0.3,0.3,0.5,0.0,0.0,0,0,0.0,3240.43,1,0,0.0,10246.26,3,0,0.0,86737.37000000001,8,0,0.0,1
LGS2ORD0048998,C012997,2026-01-24 01:00:00,Female,40,Gold,Web,Chonburi,1271,Lazada,COD,1,1,5,1,30-40,42.36666666666667,5.0,0.0,0.0,-1,77,2210.42,0.33,0.4,0.6,0.0,0.0,0,0,0.0,0.0,0,0,0.0,2356.0,1,0,0.0,7477.3,4,0,0.0,0
LGS2ORD0048999,C017351,2026-01-24 01:00:00,Female,31,Gold,Lazada,Bangkok,1661,Shopee,COD,1,1,5,1,30-40,55.36666666666667,5.0,2.0,0.4,139,149,2063.432,0.28,0.2,0.2,0.0,0.0,0,0,0.0,0.0,0,0,0.0,0.0,0,0,0.0,9270.44,4,1,0.25,0
LGS2ORD0049000,C016265,2026-01-24 01:00:00,Male,39,Silver,Lazada,Bangkok,1506,Shopee,COD,1,1,5,1,30-40,50.2,5.0,1.0,0.2,230,240,4920.232,0.3,0.6,0.4,0.0,0.0,0,0,0.0,0.0,0,0,0.0,0.0,0,0,0.0,24601.16,5,1,0.2,0
LGS2ORD0049001,C014251,2026-01-24 01:00:00,Female,48,Gold,TV,Bangkok,1768,Web,PromptPay,1,1,5,1,40-50,58.93333333333333,6.0,1.0,0.16666666666666666,174,57,6278.598333333332,0.28,0.8333333333333334,0.6666666666666666,0.0,0.0,0,0,0.0,0.0,0,0,0.0,2058.36,1,0,0.0,22466.98,5,1,0.2,0
LGS2ORD0049002,C016940,2026-01-24 01:00:00,Male,41,Bronze,Shopee,Phuket,752,Lazada,Credit_Card,1,1,5,1,40-50,25.066666666666666,7.0,1.0,0.14285714285714285,259,38,9305.224285714286,0.18,0.7142857142857143,0.0,0.0,0.0,0,0,0.0,0.0,0,0,0.0,16460.69,1,0,0.0,65136.57000000001,7,1,0.14285714285714285,0
LGS2ORD0049003,C016735,2026-01-24 02:00:00,Male,47,Silver,TV,Khon Kaen,1785,Web,Credit_Card,2,1,5,1,40-50,59.5,5.0,3.0,0.6,62,67,4059.4079999999994,0.25,0.4,0.2,0.0,0.0,0,0,0.0,0.0,0,0,0.0,5807.05,1,1,1.0,20297.039999999997,5,3,0.6,0
LGS2ORD0049004,C015827,2026-01-24 02:00:00,Female,32,Bronze,TV,Chiang Mai,1017,CallCenter,COD,2,1,5,1,30-40,33.9,11.0,1.0,0.09090909090909091,103,13,6364.960000000001,0.23,0.36363636363636365,0.18181818181818182,0.0,0.0,0,0,0.0,487.86,1,0,0.0,4397.38,2,0,0.0,62046.52,10,1,0.1,0
LGS2ORD0049005,C017828,2026-01-24 02:00:00,Male,35,Gold,Shopee,Khon Kaen,1425,TV_Show,Credit_Card,2,1,5,1,30-40,47.5,7.0,1.0,0.14285714285714285,167,73,3662.585714285714,0.33,0.8571428571428571,0.42857142857142855,0.0,0.0,0,0,0.0,0.0,0,0,0.0,1826.64,1,0,0.0,25638.1,7,1,0.14285714285714285,0
LGS2ORD0049006,C011126,2026-01-24 02:00:00,Female,36,Bronze,Web,Remote_Area,1557,Web,COD,2,1,5,1,30-40,51.9,1.0,1.0,1.0,47,53,6563.26,0.03,1.0,0.0,0.0,0.0,0,0,0.0,0.0,0,0,0.0,6563.26,1,1,1.0,6563.26,1,1,1.0,0
LGS2ORD0049007,C016927,2026-01-24 02:00:00,Male,39,Bronze,TV,Chonburi,474,Shopee,COD,2,1,5,1,30-40,15.8,8.0,3.0,0.375,225,146,3880.83375,0.23,0.75,0.25,0.0,0.0,0,0,0.0,0.0,0,0,0.0,0.0,0,0,0.0,31046.67,8,3,0.375,0
LGS2ORD0049008,C010761,2026-01-24 02:00:00,Female,50,Bronze,TV,Bangkok,454,CallCenter,Credit_Card,2,1,5,1,40-50,15.133333333333333,2.0,1.0,0.5,359,173,11130.154999999999,0.23,1.0,0.5,0.0,0.0,0,0,0.0,0.0,0,0,0.0,0.0,0,0,0.0,10085.98,1,0,0.0,0
LGS2ORD0049009,C014066,2026-01-24 03:00:00,Female,37,Platinum,Shopee,Phuket,1333,Shopee,COD,3,1,5,1,30-40,44.43333333333333,9.0,5.0,0.5555555555555556,84,98,4869.016666666666,0.35,0.5555555555555556,0.3333333333333333,0.0,0.0,0,0,0.0,0.0,0,0,0.0,0.0,0,0,0.0,43821.15,9,5,0.5555555555555556,1
LGS2ORD0049010,C012416,2026-01-24 03:00:00,Male,29,Silver,Web,Songkhla,884,Shopee,Bank_Transfer,3,1,5,1,20-30,29.466666666666665,6.0,1.0,0.16666666666666666,346,77,1272.9583333333335,0.25,0.5,0.16666666666666666,0.0,0.0,0,0,0.0,0.0,0,0,0.0,758.46,1,0,0.0,7637.750000000001,6,1,0.16666666666666666,0
LGS2ORD0049011,C011297,2026-01-24 03:00:00,Female,62,Gold,Shopee,Chiang Mai,615,Lazada,Bank_Transfer,3,1,5,1,>50,20.5,9.0,4.0,0.4444444444444444,-1,6,4325.925555555556,0.33,0.5555555555555556,0.3333333333333333,0.0,7584.73,1,1,1.0,11374.939999999999,2,2,1.0,11374.939999999999,2,2,1.0,38933.33,9,4,0.4444444444444444,0
LGS2ORD0049012,C012110,2026-01-24 03:00:00,Male,52,Bronze,Shopee,Chonburi,408,CallCenter,Credit_Card,3,1,5,1,>50,13.6,4.0,1.0,0.25,112,122,2131.5675,0.23,0.5,0.25,0.0,0.0,0,0,0.0,0.0,0,0,0.0,0.0,0,0,0.0,7105.41,3,1,0.3333333333333333,1
LGS2ORD0049013,C015753,2026-01-24 03:00:00,Female,37,Silver,Web,Remote_Area,1578,Web,COD,3,1,5,1,30-40,52.6,4.0,0.0,0.0,-1,127,5382.1925,0.2,0.25,0.0,0.0,0.0,0,0,0.0,0.0,0,0,0.0,0.0,0,0,0.0,21528.77,4,0,0.0,0
LGS2ORD0049014,C016230,2026-01-24 04:00:00,Male,33,Bronze,Shopee,Bangkok,914,CallCenter,Credit_Card,4,1,5,1,30-40,30.466666666666665,9.0,1.0,0.1111111111111111,43,51,7840.678888888889,0.23,0.4444444444444444,0.1111111111111111,0.0,0.0,0,0,0.0,0.0,0,0,0.0,11209.03,1,1,1.0,70566.11,9,1,0.1111111111111111,0
LGS2ORD0049015,C016661,2026-01-24 04:00:00,Female,39,Bronze,TV,Phuket,1403,TV_Show,Credit_Card,4,1,5,1,30-40,46.766666666666666,9.0,2.0,0.2222222222222222,88,64,7743.501111111111,0.28,0.5555555555555556,0.2222222222222222,0.0,0.0,0,0,0.0,0.0,0,0,0.0,16810.09,1,0,0.0,64236.649999999994,8,2,0.25,0
LGS2ORD0049016,C012012,2026-01-24 04:00:00,Male,48,Silver,Lazada,Chonburi,627,CallCenter,COD,4,1,5,1,40-50,20.9,5.0,1.0,0.2,53,64,7466.945999999999,0.2,0.6,0.0,0.0,0.0,0,0,0.0,0.0,0,0,0.0,12082.57,1,1,1.0,19880.32,4,1,0.25,0
LGS2ORD0049017,C013462,2026-01-24 04:00:00,Female,57,Bronze,CallCenter,Chonburi,890,CallCenter,COD,4,1,5,1,>50,29.666666666666668,9.0,4.0,0.4444444444444444,152,158,5662.127777777779,0.23,0.4444444444444444,0.1111111111111111,0.0,0.0,0,0,0.0,0.0,0,0,0.0,0.0,0,0,0.0,48888.829999999994,8,4,0.5,0
LGS2ORD0049018,C016307,2026-01-24 04:00:00,Male,40,Silver,Shopee,Nakhon Ratchasima,1784,Shopee,COD,4,1,5,1,30-40,59.46666666666667,11.0,1.0,0.09090909090909091,106,39,4576.424545454546,0.25,0.45454545454545453,0.18181818181818182,0.0,0.0,0,0,0.0,0.0,0,0,0.0,9492.54,1,0,0.0,46894.62,9,1,0.1111111111111111,1
LGS2ORD0049019,C012342,2026-01-24 05:00:00,Other,43,Platinum,Lazada,Bangkok,1536,Shopee,Credit_Card,5,1,5,1,40-50,51.2,9.0,1.0,0.1111111111111111,103,20,9012.56111111111,0.35,0.4444444444444444,0.4444444444444444,0.0,0.0,0,0,0.0,6238.62,1,0,0.0,6238.62,1,0,0.0,57584.25,7,1,0.14285714285714285,0
LGS2ORD0049020,C016402,2026-01-24 05:00:00,Male,44,Silver,Shopee,Nakhon Ratchasima,1483,Lazada,Credit_Card,5,1,5,1,40-50,49.43333333333333,6.0,2.0,0.3333333333333333,212,159,4499.616666666666,0.3,0.6666666666666666,0.5,0.0,0.0,0,0,0.0,0.0,0,0,0.0,0.0,0,0,0.0,26997.699999999997,6,2,0.3333333333333333,0
LGS2ORD0049021,C016822,2026-01-24 05:00:00,Female,31,Bronze,Web,Remote_Area,508,Lazada,COD,5,1,5,1,30-40,16.933333333333334,11.0,5.0,0.45454545454545453,43,55,3876.8,0.28,0.5454545454545454,0.18181818181818182,0.0,0.0,0,0,0.0,0.0,0,0,0.0,2103.52,2,1,0.5,35099.07,8,3,0.375,0
LGS2ORD0049022,C010785,2026-01-24 05:00:00,Male,48,Silver,Lazada,Bangkok,816,CallCenter,COD,5,1,5,1,40-50,27.2,4.0,1.0,0.25,326,66,4799.1849999999995,0.25,0.75,0.25,0.0,0.0,0,0,0.0,0.0,0,0,0.0,6116.67,1,0,0.0,19196.739999999998,4,1,0.25,0
LGS2ORD0049023,C013901,2026-01-24 05:00:00,Female,21,Bronze,TV,Khon Kaen,1724,Web,COD,5,1,5,1,20-30,57.46666666666667,11.0,1.0,0.09090909090909091,20,15,3512.423636363636,0.28,0.5454545454545454,0.18181818181818182,0.0,0.0,0,0,0.0,6615.969999999999,3,1,0.3333333333333333,23996.71,6,1,0.16666666666666666,38636.659999999996,11,1,0.09090909090909091,0
LGS2ORD0049024,C015833,2026-01-24 05:00:00,Female,41,Gold,Shopee,Bangkok,1640,Web,Credit_Card,5,1,5,1,40-50,54.666666666666664,8.0,3.0,0.375,194,155,3095.58,0.33,0.375,0.25,0.0,0.0,0,0,0.0,0.0,0,0,0.0,0.0,0,0,0.0,24764.64,8,3,0.375,0
LGS2ORD0049025,C016950,2026-01-24 06:00:00,Female,25,Silver,TV,Khon Kaen,661,TV_Show,Credit_Card,6,1,5,1,20-30,22.033333333333335,6.0,3.0,0.5,63,73,5425.208333333334,0.3,0.5,0.5,0.0,0.0,0,0,0.0,0.0,0,0,0.0,6820.72,1,1,1.0,32551.250000000004,6,3,0.5,1
LGS2ORD0049026,C011524,2026-01-24 06:00:00,Male,49,Bronze,Shopee,Bangkok,1546,Lazada,Credit_Card,6,1,5,1,40-50,51.53333333333333,6.0,0.0,0.0,-1,28,3847.9883333333332,0.13,0.5,0.0,0.0,0.0,0,0,0.0,1416.2,1,0,0.0,1416.2,1,0,0.0,23087.93,6,0,0.0,0
LGS2ORD0049027,C014987,2026-01-24 06:00:00,Female,27,Gold,TV,Bangkok,1352,CallCenter,COD,6,1,5,1,20-30,45.06666666666667,4.0,1.0,0.25,111,30,2530.23,0.2299999999999999,0.0,0.25,0.0,0.0,0,0,0.0,0.0,0,0,0.0,2124.01,2,0,0.0,10120.92,4,1,0.25,0
LGS2ORD0049028,C014055,2026-01-24 06:00:00,Female,29,Bronze,Web,Bangkok,1374,TV_Show,PromptPay,6,1,5,1,20-30,45.8,9.0,1.0,0.1111111111111111,58,38,4032.801111111111,0.18,0.4444444444444444,0.0,0.0,0.0,0,0,0.0,0.0,0,0,0.0,17849.100000000002,4,1,0.25,36295.21,9,1,0.1111111111111111,0
LGS2ORD0049029,C013738,2026-01-24 06:00:00,Female,49,Silver,Lazada,Phuket,1684,Shopee,COD,6,1,5,1,40-50,56.13333333333333,8.0,3.0,0.375,34,30,6130.1125,0.3,0.375,0.5,0.0,0.0,0,0,0.0,0.0,0,0,0.0,7947.79,4,3,0.75,49040.9,8,3,0.375,0
LGS2ORD0049030,C012730,2026-01-24 07:00:00,Female,22,Bronze,TV,Chonburi,533,Web,COD,7,1,5,1,20-30,17.766666666666666,16.0,1.0,0.0625,309,9,5997.863125,0.28,0.375,0.3125,0.0,0.0,0,0,0.0,2202.22,1,0,0.0,23725.18,3,0,0.0,95965.81,16,1,0.0625,0
LGS2ORD0049031,C011395,2026-01-24 07:00:00,Female,56,Silver,Lazada,Bangkok,676,TV_Show,Credit_Card,7,1,5,1,>50,22.533333333333335,6.0,1.0,0.16666666666666666,83,41,4281.095,0.3,0.5,0.3333333333333333,0.0,0.0,0,0,0.0,0.0,0,0,0.0,8540.43,1,0,0.0,19303.91,5,1,0.2,0
LGS2ORD0049032,C015507,2026-01-24 07:00:00,Male,23,Platinum,TV,Bangkok,1405,TV_Show,PromptPay,7,1,5,1,20-30,46.833333333333336,8.0,1.0,0.125,165,32,6041.657500000001,0.35,0.625,0.5,0.0,0.0,0,0,0.0,0.0,0,0,0.0,21374.74,2,0,0.0,48333.26000000001,8,1,0.125,0
LGS2ORD0049033,C017454,2026-01-24 07:00:00,Male,62,Platinum,Lazada,Chonburi,1300,Shopee,COD,7,1,5,1,>50,43.333333333333336,1.0,1.0,1.0,41,49,1321.7,0.35,1.0,1.0,0.0,0.0,0,0,0.0,0.0,0,0,0.0,1321.7,1,1,1.0,1321.7,1,1,1.0,0
LGS2ORD0049034,C012054,2026-01-24 07:00:00,Female,36,Bronze,Web,Remote_Area,533,TV_Show,COD,7,1,5,1,30-40,17.766666666666666,8.0,3.0,0.375,26,40,4223.73625,0.23,1.0,0.25,0.0,0.0,0,0,0.0,0.0,0,0,0.0,9598.539999999999,2,2,1.0,33789.89,8,3,0.375,0
LGS2ORD0049035,C012323,2026-01-24 08:00:00,Female,37,Gold,TV,Chonburi,1590,Lazada,Credit_Card,8,1,5,1,30-40,53.0,4.0,1.0,0.25,14,14,1629.9250000000002,0.28,0.5,0.5,0.0,0.0,0,0,0.0,5238.6900000000005,3,1,0.3333333333333333,6519.700000000001,4,1,0.25,6519.700000000001,4,1,0.25,0
LGS2ORD0049036,C014473,2026-01-24 08:00:00,Female,47,Gold,Shopee,Bangkok,741,TV_Show,Bank_Transfer,8,1,5,1,40-50,24.7,6.0,1.0,0.16666666666666666,136,16,3212.3000000000006,0.33,0.0,0.5,0.0,0.0,0,0,0.0,513.02,1,0,0.0,2105.2200000000003,2,0,0.0,19273.800000000003,6,1,0.16666666666666666,0
LGS2ORD0049037,C013537,2026-01-24 08:00:00,Female,57,Gold,Web,Bangkok,534,Lazada,COD,8,1,5,1,>50,17.8,6.0,0.0,0.0,-1,9,2648.9716666666664,0.28,0.3333333333333333,0.3333333333333333,0.0,0.0,0,0,0.0,7309.2,1,0,0.0,10493.16,3,0,0.0,15893.829999999998,6,0,0.0,0
LGS2ORD0049038,C013895,2026-01-24 08:00:00,Female,40,Bronze,CallCenter,Bangkok,930,Web,COD,8,1,5,1,30-40,31.0,7.0,2.0,0.2857142857142857,15,22,7861.691428571428,0.18,0.42857142857142855,0.0,0.0,0.0,0,0,0.0,21692.68,1,1,1.0,43238.82,3,1,0.3333333333333333,55031.84,7,2,0.2857142857142857,0
LGS2ORD0049039,C016336,2026-01-24 08:00:00,Male,24,Silver,Web,Songkhla,1346,Web,COD,8,1,5,1,20-30,44.86666666666667,5.0,3.0,0.6,142,156,4107.358,0.3,0.8,0.4,0.0,0.0,0,0,0.0,0.0,0,0,0.0,0.0,0,0,0.0,17300.190000000002,4,3,0.75,1
LGS2ORD0049040,C010418,2026-01-24 09:00:00,Female,55,Bronze,TV,Bangkok,1266,Lazada,COD,9,1,5,1,>50,42.2,4.0,0.0,0.0,-1,48,6045.67,0.18,0.25,0.0,0.0,0.0,0,0,0.0,0.0,0,0,0.0,14351.83,2,0,0.0,16246.22,3,0,0.0,1
LGS2ORD0049041,C011400,2026-01-24 09:00:00,Male,56,Bronze,TV,Khon Kaen,610,TV_Show,COD,9,1,5,1,>50,20.333333333333332,6.0,1.0,0.16666666666666666,36,1,4190.033333333334,0.23,0.3333333333333333,0.3333333333333333,0.0,4159.77,1,0,0.0,4159.77,1,0,0.0,23752.670000000002,4,1,0.25,25140.200000000004,6,1,0.16666666666666666,1
LGS2ORD0049042,C013323,2026-01-24 09:00:00,Female,44,Bronze,Shopee,Chonburi,1777,Lazada,Bank_Transfer,9,1,5,1,40-50,59.233333333333334,4.0,2.0,0.5,154,7,2407.9849999999997,0.23,0.5,0.25,0.0,0.0,0,0,0.0,3247.42,1,0,0.0,5197.7,2,0,0.0,9631.939999999999,4,2,0.5,0
LGS2ORD0049043,C017690,2026-01-24 09:00:00,Female,39,Silver,Web,Bangkok,585,TV_Show,COD,9,1,5,1,30-40,19.5,6.0,2.0,0.3333333333333333,265,55,9768.436666666666,0.1,0.3333333333333333,0.0,0.0,0.0,0,0,0.0,0.0,0,0,0.0,18616.54,1,0,0.0,58610.62,6,2,0.3333333333333333,0
LGS2ORD0049044,C017517,2026-01-24 09:00:00,Female,56,Silver,CallCenter,Khon Kaen,923,TV_Show,Credit_Card,9,1,5,1,>50,30.766666666666666,8.0,2.0,0.25,148,134,6547.617499999999,0.3,0.625,0.25,0.0,0.0,0,0,0.0,0.0,0,0,0.0,0.0,0,0,0.0,52380.939999999995,8,2,0.25,1
LGS2ORD0049045,C012364,2026-01-24 09:00:00,Male,33,Gold,CallCenter,Songkhla,602,CallCenter,Credit_Card,9,1,5,1,30-40,20.066666666666666,5.0,2.0,0.4,337,4,1111.918,0.33,0.8,0.6,0.0,419.92,1,0,0.0,419.92,1,0,0.0,419.92,1,0,0.0,3570.06,4,1,0.25,0
LGS2ORD0049046,C016786,2026-01-24 10:00:00,Female,24,Silver,Shopee,Bangkok,693,Lazada,Credit_Card,10,1,5,1,20-30,23.1,5.0,1.0,0.2,156,60,8182.1579999999985,0.3,0.4,0.2,0.0,0.0,0,0,0.0,0.0,0,0,0.0,4661.56,1,0,0.0,40910.78999999999,5,1,0.2,1
LGS2ORD0049047,C013487,2026-01-24 10:00:00,Male,55,Bronze,Web,Bangkok,760,Shopee,Credit_Card,10,1,5,1,>50,25.333333333333332,8.0,2.0,0.25,244,12,5841.83625,0.28,0.375,0.125,0.0,0.0,0,0,0.0,3815.9,1,0,0.0,3815.9,1,0,0.0,45209.63,7,2,0.2857142857142857,0
LGS2ORD0049048,C016554,2026-01-24 10:00:00,Female,39,Bronze,TV,Chiang Mai,1144,Shopee,COD,10,1,5,1,30-40,38.13333333333333,17.0,5.0,0.29411764705882354,-12,1,6960.405882352941,0.28,0.6470588235294118,0.23529411764705882,0.0,2023.64,1,1,1.0,3813.95,2,1,0.5,18699.45,7,2,0.2857142857142857,103705.07999999999,16,5,0.3125,0
LGS2ORD0049049,C014339,2026-01-24 10:00:00,Female,48,Bronze,CallCenter,Bangkok,797,Shopee,Credit_Card,10,1,5,1,40-50,26.566666666666666,7.0,3.0,0.42857142857142855,18,23,5539.8,0.28,0.7142857142857143,0.2857142857142857,0.0,0.0,0,0,0.0,1134.9,1,0,0.0,1769.93,2,1,0.5,38778.6,7,3,0.42857142857142855,0
LGS2ORD0049050,C012829,2026-01-24 10:00:00,Female,72,Silver,TV,Bangkok,1219,CallCenter,PromptPay,10,1,5,1,>50,40.63333333333333,13.0,5.0,0.38461538461538464,175,72,6167.793846153847,0.25,0.6923076923076923,0.23076923076923078,0.0,0.0,0,0,0.0,0.0,0,0,0.0,1047.81,1,0,0.0,78073.56,12,5,0.4166666666666667,1
LGS2ORD0049051,C011426,2026-01-24 11:00:00,Male,48,Silver,TV,Nakhon Ratchasima,963,Web,COD,11,1,5,1,40-50,32.1,7.0,1.0,0.14285714285714285,243,62,4043.225714285714,0.25,0.2857142857142857,0.14285714285714285,0.0,0.0,0,0,0.0,0.0,0,0,0.0,3773.0,1,0,0.0,28302.579999999998,7,1,0.14285714285714285,0
LGS2ORD0049052,C012482,2026-01-24 11:00:00,Male,42,Gold,Web,Chiang Mai,1006,CallCenter,PromptPay,11,1,5,1,40-50,33.53333333333333,1.0,0.0,0.0,-1,374,6546.7,0.08,0.0,0.0,0.0,0.0,0,0,0.0,0.0,0,0,0.0,0.0,0,0,0.0,0.0,0,0,0.0,0
LGS2ORD0049053,C013357,2026-01-24 11:00:00,Female,33,Bronze,Shopee,Chonburi,1736,TV_Show,Bank_Transfer,11,1,5,1,30-40,57.86666666666667,5.0,1.0,0.2,28,36,2939.5340000000006,0.28,0.2,0.6,0.0,0.0,0,0,0.0,0.0,0,0,0.0,7191.3,1,1,1.0,11682.1,3,1,0.3333333333333333,1
LGS2ORD0049054,C017105,2026-01-24 11:00:00,Female,35,Gold,Web,Khon Kaen,1509,Web,COD,11,1,5,1,30-40,50.3,6.0,0.0,0.0,-1,84,4599.076666666667,0.33,0.5,0.3333333333333333,0.0,0.0,0,0,0.0,0.0,0,0,0.0,3813.16,1,0,0.0,27594.46,6,0,0.0,0
LGS2ORD0049055,C015277,2026-01-24 11:00:00,Male,42,Bronze,Web,Bangkok,1656,Shopee,PromptPay,11,1,5,1,40-50,55.2,9.0,1.0,0.1111111111111111,161,21,7869.138888888889,0.28,0.7777777777777778,0.2222222222222222,0.0,0.0,0,0,0.0,2811.41,1,0,0.0,5306.82,2,0,0.0,70822.25,9,1,0.1111111111111111,0
LGS2ORD0049056,C011732,2026-01-24 12:00:00,Male,39,Bronze,Web,Chiang Mai,1182,TV_Show,Bank_Transfer,12,1,5,1,30-40,39.4,15.0,5.0,0.3333333333333333,163,46,3920.2920000000004,0.28,0.6666666666666666,0.26666666666666666,0.0,0.0,0,0,0.0,0.0,0,0,0.0,8514.08,1,0,0.0,51177.030000000006,14,4,0.2857142857142857,0
LGS2ORD0049057,C017902,2026-01-24 12:00:00,Female,43,Gold,TV,Bangkok,1111,TV_Show,COD,12,1,5,1,40-50,37.03333333333333,10.0,2.0,0.2,146,28,3409.9619999999995,0.33,0.8,0.6,0.1,0.0,0,0,0.0,2132.73,1,0,0.0,9975.32,3,0,0.0,34099.619999999995,10,2,0.2,0
LGS2ORD0049058,C014029,2026-01-24 12:00:00,Female,50,Platinum,Shopee,Bangkok,1326,Web,COD,12,1,5,1,40-50,44.2,7.0,1.0,0.14285714285714285,150,18,6240.288571428571,0.3,0.42857142857142855,0.5714285714285714,0.0,0.0,0,0,0.0,2789.3,1,0,0.0,18307.4,3,0,0.0,43682.02,7,1,0.14285714285714285,1
LGS2ORD0049059,C012224,2026-01-24 12:00:00,Male,49,Gold,Lazada,Bangkok,440,Shopee,COD,12,1,5,1,40-50,14.666666666666666,2.0,0.0,0.0,-1,80,4879.665,0.28,0.5,1.0,0.0,0.0,0,0,0.0,0.0,0,0,0.0,4276.76,1,0,0.0,9759.33,2,0,0.0,0
LGS2ORD0049060,C013385,2026-01-24 12:00:00,Female,56,Gold,Web,Khon Kaen,579,TV_Show,Bank_Transfer,12,1,5,1,>50,19.3,3.0,2.0,0.6666666666666666,139,147,1632.1599999999999,0.2299999999999999,1.0,1.0,0.0,0.0,0,0,0.0,0.0,0,0,0.0,0.0,0,0,0.0,4896.48,3,2,0.6666666666666666,0
LGS2ORD0049061,C012219,2026-01-24 13:00:00,Female,42,Silver,TV,Bangkok,1258,TV_Show,COD,13,1,5,1,40-50,41.93333333333333,9.0,4.0,0.4444444444444444,-1,9,4922.704444444444,0.3,0.6666666666666666,0.2222222222222222,0.0,0.0,0,0,0.0,7190.839999999999,2,1,0.5,8854.67,3,2,0.6666666666666666,44304.34,9,4,0.4444444444444444,0
LGS2ORD0049062,C017982,2026-01-24 13:00:00,Male,46,Bronze,Web,Nakhon Ratchasima,1460,Shopee,COD,13,1,5,1,40-50,48.666666666666664,2.0,1.0,0.5,344,350,1505.59,0.23,0.0,1.0,0.0,0.0,0,0,0.0,0.0,0,0,0.0,0.0,0,0,0.0,3011.18,2,1,0.5,0
LGS2ORD0049063,C011297,2026-01-24 13:00:00,Female,62,Gold,Shopee,Chiang Mai,615,TV_Show,COD,13,1,5,1,>50,20.5,10.0,4.0,0.4,0,0,4348.173000000001,0.33,0.5,0.3,0.0,4548.4,1,0,0.0,15923.339999999998,3,2,0.6666666666666666,15923.339999999998,3,2,0.6666666666666666,43481.73,10,4,0.4,0
LGS2ORD0049064,C013840,2026-01-24 13:00:00,Male,45,Bronze,TV,Remote_Area,796,Shopee,Credit_Card,13,1,5,1,40-50,26.533333333333335,2.0,0.0,0.0,-1,336,1383.51,0.18,0.0,0.0,0.0,0.0,0,0,0.0,0.0,0,0,0.0,0.0,0,0,0.0,2767.02,2,0,0.0,0
LGS2ORD0049065,C016314,2026-01-24 13:00:00,Female,30,Bronze,Shopee,Bangkok,1359,TV_Show,COD,13,1,5,1,20-30,45.3,5.0,2.0,0.4,-1,2,4639.349999999999,0.23,0.8,0.2,0.0,1600.1,1,1,1.0,1600.1,1,1,1.0,1600.1,1,1,1.0,23196.749999999996,5,2,0.4,0
LGS2ORD0049066,C016501,2026-01-24 13:00:00,Female,51,Bronze,Shopee,Khon Kaen,436,TV_Show,PromptPay,13,1,5,1,>50,14.533333333333333,3.0,1.0,0.3333333333333333,333,59,7766.490000000001,0.23,0.6666666666666666,0.3333333333333333,0.0,0.0,0,0,0.0,0.0,0,0,0.0,2903.82,1,0,0.0,23299.47,3,1,0.3333333333333333,0
LGS2ORD0049067,C017912,2026-01-24 14:00:00,Male,53,Gold,CallCenter,Bangkok,601,Shopee,COD,14,1,5,1,>50,20.033333333333335,6.0,1.0,0.16666666666666666,275,35,6113.990000000001,0.28,0.5,0.5,0.0,0.0,0,0,0.0,0.0,0,0,0.0,1085.08,1,0,0.0,36683.94,6,1,0.16666666666666666,1
LGS2ORD0049068,C011784,2026-01-24 14:00:00,Female,18,Silver,Web,Remote_Area,1568,TV_Show,COD,14,1,5,1,<20,52.266666666666666,5.0,1.0,0.2,6,8,1839.212,0.3,0.2,0.6,0.0,0.0,0,0,0.0,3032.85,1,1,1.0,4882.26,2,1,0.5,9196.06,5,1,0.2,0
LGS2ORD0049069,C012939,2026-01-24 14:00:00,Female,43,Gold,TV,Phuket,1236,TV_Show,COD,14,1,5,1,40-50,41.2,4.0,0.0,0.0,-1,38,14430.43,0.28,0.25,0.5,0.0,0.0,0,0,0.0,0.0,0,0,0.0,35558.86,1,0,0.0,57721.72,4,0,0.0,1
LGS2ORD0049070,C012583,2026-01-24 14:00:00,Male,39,Bronze,CallCenter,Chiang Mai,1736,TV_Show,COD,14,1,5,1,30-40,57.86666666666667,7.0,0.0,0.0,-1,4,11163.631428571429,0.28,0.7142857142857143,0.5714285714285714,0.0,742.18,1,0,0.0,11133.01,2,0,0.0,11564.550000000001,3,0,0.0,78145.42,7,0,0.0,1
LGS2ORD0049071,C012934,2026-01-24 14:00:00,Female,42,Bronze,Lazada,Phuket,1205,Lazada,COD,14,1,5,1,40-50,40.166666666666664,8.0,4.0,0.5,-7,4,3154.58125,0.23,0.25,0.375,0.0,1961.06,1,1,1.0,1961.06,1,1,1.0,3628.0,2,1,0.5,25236.65,8,4,0.5,1
LGS2ORD0049072,C016783,2026-01-24 15:00:00,Female,36,Bronze,Shopee,Bangkok,881,Web,COD,15,1,5,1,30-40,29.366666666666667,8.0,3.0,0.375,17,12,2775.0437500000003,0.28,0.625,0.5,0.0,0.0,0,0,0.0,2881.41,2,1,0.5,6386.77,4,3,0.75,22200.350000000002,8,3,0.375,1
LGS2ORD0049073,C012314,2026-01-24 15:00:00,Female,43,Bronze,TV,Chiang Mai,1087,CallCenter,COD,15,1,5,1,40-50,36.233333333333334,8.0,1.0,0.125,86,25,5530.81125,0.23,0.625,0.375,0.0,0.0,0,0,0.0,10555.59,1,0,0.0,12319.26,2,0,0.0,37753.259999999995,7,1,0.14285714285714285,0
LGS2ORD0049074,C014919,2026-01-24 15:00:00,Male,40,Bronze,TV,Songkhla,1660,Web,COD,15,1,5,1,30-40,55.333333333333336,13.0,2.0,0.15384615384615385,-2,4,8480.076153846154,0.28,0.6153846153846154,0.23076923076923078,0.0,2208.91,1,1,1.0,7660.389999999999,2,1,0.5,46969.86,5,2,0.4,100099.39,12,2,0.16666666666666666,1
LGS2ORD0049075,C012408,2026-01-24 15:00:00,Female,34,Gold,TV,Khon Kaen,1696,Lazada,COD,15,1,5,1,30-40,56.53333333333333,2.0,0.0,0.0,-1,117,5444.795,0.28,0.0,0.5,0.0,0.0,0,0,0.0,0.0,0,0,0.0,0.0,0,0,0.0,10889.59,2,0,0.0,0
LGS2ORD0049076,C012649,2026-01-24 15:00:00,Male,44,Bronze,Lazada,Bangkok,1608,TV_Show,Bank_Transfer,15,1,5,1,40-50,53.6,14.0,3.0,0.21428571428571427,101,20,8267.238571428572,0.28,0.7142857142857143,0.5714285714285714,0.0,0.0,0,0,0.0,20197.47,1,0,0.0,20197.47,1,0,0.0,115741.34000000001,14,3,0.21428571428571427,0
LGS2ORD0049077,C012942,2026-01-24 16:00:00,Male,45,Bronze,Lazada,Chonburi,422,TV_Show,COD,16,1,5,1,40-50,14.066666666666666,9.0,2.0,0.2222222222222222,8,17,7809.208888888889,0.28,0.6666666666666666,0.2222222222222222,0.0,0.0,0,0,0.0,1342.15,1,1,1.0,9403.75,2,1,0.5,70282.88,9,2,0.2222222222222222,0
LGS2ORD0049078,C016165,2026-01-24 16:00:00,Female,51,Gold,TV,Nakhon Ratchasima,1688,Shopee,Bank_Transfer,16,1,5,1,>50,56.266666666666666,7.0,1.0,0.14285714285714285,37,13,5761.932857142857,0.2299999999999999,0.8571428571428571,0.5714285714285714,0.0,0.0,0,0,0.0,7287.95,1,0,0.0,24803.78,3,1,0.3333333333333333,40333.53,7,1,0.14285714285714285,0
LGS2ORD0049079,C010444,2026-01-24 16:00:00,Male,31,Silver,Lazada,Chonburi,1391,Web,COD,16,1,5,1,30-40,46.36666666666667,3.0,0.0,0.0,-1,140,11697.306666666665,0.05,0.6666666666666666,0.0,0.0,0.0,0,0,0.0,0.0,0,0,0.0,0.0,0,0,0.0,35091.92,3,0,0.0,1
LGS2ORD0049080,C013545,2026-01-24 16:00:00,Female,39,Gold,TV,Bangkok,1198,Lazada,COD,16,1,5,1,30-40,39.93333333333333,1.0,0.0,0.0,-1,33,336.76,0.2299999999999999,0.0,1.0,0.0,0.0,0,0,0.0,0.0,0,0,0.0,336.76,1,0,0.0,336.76,1,0,0.0,0
LGS2ORD0049081,C011723,2026-01-24 16:00:00,Male,50,Silver,TV,Chonburi,558,Web,COD,16,1,5,1,40-50,18.6,5.0,2.0,0.4,180,20,2197.556,0.3,0.4,0.2,0.0,0.0,0,0,0.0,615.87,1,0,0.0,4641.31,2,0,0.0,10987.78,5,2,0.4,0
LGS2ORD0049082,C015942,2026-01-24 17:00:00,Male,63,Bronze,Lazada,Khon Kaen,441,Web,Credit_Card,17,1,5,1,>50,14.7,2.0,0.0,0.0,-1,35,5965.995,0.18,1.0,0.0,0.0,0.0,0,0,0.0,0.0,0,0,0.0,10751.72,1,0,0.0,11931.99,2,0,0.0,0
LGS2ORD0049083,C016639,2026-01-24 17:00:00,Male,65,Bronze,TV,Bangkok,1566,Shopee,COD,17,1,5,1,>50,52.2,1.0,0.0,0.0,-1,161,949.23,0.28,0.0,1.0,0.0,0.0,0,0,0.0,0.0,0,0,0.0,0.0,0,0,0.0,949.23,1,0,0.0,0
LGS2ORD0049084,C015089,2026-01-24 17:00:00,Female,46,Gold,TV,Khon Kaen,1737,TV_Show,PromptPay,17,1,5,1,40-50,57.9,12.0,1.0,0.08333333333333333,180,40,3027.530833333333,0.33,0.3333333333333333,0.4166666666666667,0.0,0.0,0,0,0.0,0.0,0,0,0.0,3766.0299999999997,2,0,0.0,35403.799999999996,11,1,0.09090909090909091,0
LGS2ORD0049085,C012942,2026-01-24 17:00:00,Male,45,Bronze,Lazada,Chonburi,422,CallCenter,Credit_Card,17,1,5,1,40-50,14.066666666666666,10.0,2.0,0.2,8,0,7136.022,0.28,0.7,0.2,0.0,1077.34,1,0,0.0,2419.49,2,1,0.5,10481.09,3,1,0.3333333333333333,71360.22,10,2,0.2,1
LGS2ORD0049086,C016511,2026-01-24 17:00:00,Female,56,Bronze,CallCenter,Chiang Mai,538,Shopee,COD,17,1,5,1,>50,17.933333333333334,8.0,1.0,0.125,254,7,5350.50625,0.28,0.625,0.25,0.0,0.0,0,0,0.0,8437.82,1,0,0.0,8437.82,1,0,0.0,42804.05,8,1,0.125,0
LGS2ORD0049087,C010548,2026-01-24 17:00:00,Female,50,Bronze,Lazada,Khon Kaen,1197,CallCenter,Credit_Card,17,1,5,1,40-50,39.9,7.0,2.0,0.2857142857142857,203,102,7438.971428571429,0.28,0.5714285714285714,0.42857142857142855,0.0,0.0,0,0,0.0,0.0,0,0,0.0,0.0,0,0,0.0,51221.490000000005,6,1,0.16666666666666666,0
LGS2ORD0049088,C011727,2026-01-24 18:00:00,Female,34,Bronze,Web,Phuket,1802,CallCenter,COD,18,1,5,1,30-40,60.06666666666667,11.0,5.0,0.45454545454545453,45,51,5396.805454545455,0.28,0.5454545454545454,0.18181818181818182,0.0,0.0,0,0,0.0,0.0,0,0,0.0,894.8,1,1,1.0,57863.51000000001,10,5,0.5,0
LGS2ORD0049089,C015386,2026-01-24 18:00:00,Male,55,Bronze,TV,Bangkok,1729,TV_Show,COD,18,1,5,1,>50,57.63333333333333,7.0,1.0,0.14285714285714285,197,65,3452.352857142858,0.28,0.7142857142857143,0.2857142857142857,0.0,0.0,0,0,0.0,0.0,0,0,0.0,2706.81,1,0,0.0,14294.979999999998,6,1,0.16666666666666666,0
LGS2ORD0049090,C016428,2026-01-24 18:00:00,Female,36,Platinum,Shopee,Chiang Mai,1043,CallCenter,COD,18,1,5,1,30-40,34.766666666666666,7.0,1.0,0.14285714285714285,238,66,4406.222857142858,0.35,0.42857142857142855,0.5714285714285714,0.0,0.0,0,0,0.0,0.0,0,0,0.0,13221.9,2,0,0.0,30291.120000000003,6,1,0.16666666666666666,0
LGS2ORD0049091,C014554,2026-01-24 18:00:00,Female,50,Silver,TV,Chonburi,1385,Web,COD,18,1,5,1,40-50,46.166666666666664,9.0,2.0,0.2222222222222222,163,89,3582.1833333333334,0.25,0.4444444444444444,0.1111111111111111,0.0,0.0,0,0,0.0,0.0,0,0,0.0,5192.01,1,0,0.0,32239.65,9,2,0.2222222222222222,1
LGS2ORD0049092,C010524,2026-01-24 18:00:00,Female,40,Bronze,Lazada,Bangkok,897,TV_Show,COD,18,1,5,1,30-40,29.9,5.0,0.0,0.0,-1,98,11475.924,0.23,0.4,0.4,0.0,0.0,0,0,0.0,0.0,0,0,0.0,0.0,0,0,0.0,57379.62,5,0,0.0,1
LGS2ORD0049093,C011929,2026-01-24 19:00:00,Female,63,Bronze,Lazada,Phuket,936,TV_Show,COD,19,1,5,1,>50,31.2,5.0,2.0,0.4,76,27,10475.088,0.18,0.6,0.0,0.0,0.0,0,0,0.0,7457.78,1,0,0.0,26797.339999999997,3,1,0.3333333333333333,52375.44,5,2,0.4,0
LGS2ORD0049094,C013882,2026-01-24 19:00:00,Female,40,Silver,Lazada,Bangkok,1188,Lazada,Credit_Card,19,1,5,1,30-40,39.6,7.0,3.0,0.42857142857142855,128,139,2614.038571428571,0.3,0.5714285714285714,0.42857142857142855,0.0,0.0,0,0,0.0,0.0,0,0,0.0,0.0,0,0,0.0,18298.269999999997,7,3,0.42857142857142855,0
LGS2ORD0049095,C010868,2026-01-24 19:00:00,Female,35,Gold,Lazada,Bangkok,741,Lazada,PromptPay,19,1,5,1,30-40,24.7,9.0,0.0,0.0,-1,3,3288.362222222223,0.2299999999999999,0.5555555555555556,0.3333333333333333,0.0,3070.31,1,0,0.0,3070.31,1,0,0.0,16212.089999999998,5,0,0.0,24377.370000000003,7,0,0.0,0
LGS2ORD0049096,C016063,2026-01-24 19:00:00,Female,19,Gold,TV,Khon Kaen,1109,Lazada,PromptPay,19,1,5,1,<20,36.96666666666667,2.0,1.0,0.5,122,129,5681.3949999999995,0.33,1.0,1.0,0.0,0.0,0,0,0.0,0.0,0,0,0.0,0.0,0,0,0.0,11362.789999999999,2,1,0.5,0
LGS2ORD0049097,C013504,2026-01-24 19:00:00,Female,37,Bronze,Lazada,Chonburi,1101,Web,Credit_Card,19,1,5,1,30-40,36.7,6.0,0.0,0.0,-1,15,3089.1233333333334,0.23,0.3333333333333333,0.16666666666666666,0.0,0.0,0,0,0.0,1527.86,1,0,0.0,1527.86,1,0,0.0,13070.140000000001,4,0,0.0,0
LGS2ORD0049098,C016737,2026-01-24 20:00:00,Female,44,Silver,Shopee,Khon Kaen,1442,Web,PromptPay,20,1,5,1,40-50,48.06666666666667,4.0,1.0,0.25,223,14,2429.5525,0.25,0.5,0.25,0.0,0.0,0,0,0.0,3153.72,1,0,0.0,3403.45,2,0,0.0,9718.21,4,1,0.25,0
LGS2ORD0049099,C011593,2026-01-24 20:00:00,Female,38,Bronze,TV,Chiang Mai,689,CallCenter,PromptPay,20,1,5,1,30-40,22.966666666666665,9.0,2.0,0.2222222222222222,127,13,7437.093333333334,0.28,0.6666666666666666,0.5555555555555556,0.0,0.0,0,0,0.0,1894.23,1,0,0.0,2778.23,2,0,0.0,66933.84000000001,9,2,0.2222222222222222,1
LGS2ORD0049100,C015061,2026-01-24 20:00:00,Male,40,Gold,Web,Bangkok,1623,Shopee,PromptPay,20,1,5,1,30-40,54.1,6.0,1.0,0.16666666666666666,184,193,3099.81,0.33,0.6666666666666666,0.6666666666666666,0.0,0.0,0,0,0.0,0.0,0,0,0.0,0.0,0,0,0.0,18166.480000000003,5,1,0.2,0
LGS2ORD0049101,C013288,2026-01-24 20:00:00,Female,34,Bronze,Lazada,Bangkok,1608,Web,COD,20,1,5,1,30-40,53.6,9.0,2.0,0.2222222222222222,123,77,6627.518888888889,0.23,0.5555555555555556,0.3333333333333333,0.0,0.0,0,0,0.0,0.0,0,0,0.0,17801.0,1,0,0.0,53601.89,8,2,0.25,0
LGS2ORD0049102,C012982,2026-01-24 20:00:00,Female,51,Silver,TV,Songkhla,1454,Lazada,Bank_Transfer,20,1,5,1,>50,48.46666666666667,13.0,3.0,0.23076923076923078,33,4,6305.068461538461,0.3,0.5384615384615384,0.3076923076923077,0.0,1274.92,1,0,0.0,3061.1000000000004,2,0,0.0,57154.96,6,1,0.16666666666666666,81965.88999999998,13,3,0.23076923076923078,0
LGS2ORD0049103,C011953,2026-01-24 21:00:00,Male,40,Bronze,Lazada,Bangkok,1339,Web,PromptPay,21,1,5,1,30-40,44.63333333333333,4.0,1.0,0.25,312,92,4859.635,0.13,0.5,0.0,0.0,0.0,0,0,0.0,0.0,0,0,0.0,0.0,0,0,0.0,19438.54,4,1,0.25,0
LGS2ORD0049104,C011574,2026-01-24 21:00:00,Female,46,Silver,Lazada,Nakhon Ratchasima,1760,Web,PromptPay,21,1,5,1,40-50,58.666666666666664,7.0,1.0,0.14285714285714285,374,29,1831.6414285714288,0.3,0.42857142857142855,0.42857142857142855,0.0,0.0,0,0,0.0,1356.86,1,0,0.0,4577.49,3,0,0.0,11504.02,6,0,0.0,0
LGS2ORD0049105,C010776,2026-01-24 21:00:00,Female,67,Platinum,Lazada,Phuket,825,Web,Bank_Transfer,21,1,5,1,>50,27.5,5.0,1.0,0.2,24,18,7058.972,0.35,0.4,0.6,0.0,0.0,0,0,0.0,2405.32,1,0,0.0,3449.2700000000004,2,1,0.5,35294.86,5,1,0.2,1
LGS2ORD0049106,C010292,2026-01-24 21:00:00,Male,31,Bronze,Lazada,Songkhla,545,CallCenter,COD,21,1,5,1,30-40,18.166666666666668,2.0,0.0,0.0,-1,5,2480.7650000000003,0.03,0.5,0.0,0.0,2717.78,1,0,0.0,4961.530000000001,2,0,0.0,4961.530000000001,2,0,0.0,4961.530000000001,2,0,0.0,1
LGS2ORD0049107,C012201,2026-01-24 21:00:00,Male,49,Gold,Web,Bangkok,1547,Lazada,Bank_Transfer,21,1,5,1,40-50,51.56666666666667,2.0,0.0,0.0,-1,40,5998.735000000001,0.28,0.0,1.0,0.0,0.0,0,0,0.0,0.0,0,0,0.0,4472.87,1,0,0.0,11997.470000000001,2,0,0.0,0
LGS2ORD0049108,C017649,2026-01-24 21:00:00,Male,21,Bronze,TV,Songkhla,1386,Shopee,Credit_Card,21,1,5,1,20-30,46.2,5.0,2.0,0.4,258,19,5692.906,0.23,0.2,0.2,0.0,0.0,0,0,0.0,8499.36,1,0,0.0,8499.36,1,0,0.0,28464.53,5,2,0.4,1
LGS2ORD0049109,C010384,2026-01-24 22:00:00,Male,25,Platinum,TV,Khon Kaen,1579,Web,COD,22,1,5,1,20-30,52.63333333333333,6.0,2.0,0.3333333333333333,62,49,8415.955000000002,0.35,0.5,0.5,0.0,0.0,0,0,0.0,0.0,0,0,0.0,3772.5699999999997,2,1,0.5,50495.73000000001,6,2,0.3333333333333333,0
LGS2ORD0049110,C015385,2026-01-24 22:00:00,Male,46,Gold,Lazada,Nakhon Ratchasima,638,Shopee,COD,22,1,5,1,40-50,21.266666666666666,7.0,0.0,0.0,-1,32,3959.347142857143,0.33,0.5714285714285714,0.2857142857142857,0.0,0.0,0,0,0.0,0.0,0,0,0.0,10131.69,2,0,0.0,27715.43,7,0,0.0,0
LGS2ORD0049111,C013380,2026-01-24 22:00:00,Female,34,Gold,Lazada,Khon Kaen,1171,Lazada,COD,22,1,5,1,30-40,39.03333333333333,10.0,5.0,0.5,91,9,4282.555,0.33,0.6,0.8,0.0,0.0,0,0,0.0,2477.82,1,0,0.0,2477.82,1,0,0.0,42825.55,10,5,0.5,0
LGS2ORD0049112,C017485,2026-01-24 22:00:00,Male,50,Bronze,TV,Nakhon Ratchasima,652,CallCenter,COD,22,1,5,1,40-50,21.733333333333334,5.0,1.0,0.2,4,12,3602.4299999999994,0.28,0.6,0.6,0.0,0.0,0,0,0.0,4417.44,1,1,1.0,12166.9,2,1,0.5,18012.149999999998,5,1,0.2,0
LGS2ORD0049113,C013322,2026-01-24 22:00:00,Male,52,Bronze,TV,Chiang Mai,1285,Shopee,Bank_Transfer,22,1,5,1,>50,42.833333333333336,6.0,1.0,0.16666666666666666,104,69,4562.776666666666,0.28,0.8333333333333334,0.3333333333333333,0.0,0.0,0,0,0.0,0.0,0,0,0.0,13941.49,2,0,0.0,27376.659999999996,6,1,0.16666666666666666,0
LGS2ORD0049114,C010327,2026-01-24 23:00:00,Other,44,Gold,Web,Nakhon Ratchasima,642,Lazada,Bank_Transfer,23,1,5,1,40-50,21.4,3.0,1.0,0.3333333333333333,32,50,2545.6733333333336,0.33,0.3333333333333333,0.6666666666666666,0.0,0.0,0,0,0.0,0.0,0,0,0.0,1190.42,1,1,1.0,7637.02,3,1,0.3333333333333333,0
LGS2ORD0049115,C017685,2026-01-24 23:00:00,Female,45,Bronze,TV,Khon Kaen,439,TV_Show,Credit_Card,23,1,5,1,40-50,14.633333333333333,4.0,0.0,0.0,-1,194,8507.017500000002,0.18,0.75,0.0,0.0,0.0,0,0,0.0,0.0,0,0,0.0,0.0,0,0,0.0,34028.07000000001,4,0,0.0,0
LGS2ORD0049116,C011559,2026-01-24 23:00:00,Female,24,Bronze,Shopee,Phuket,1544,Web,COD,23,1,5,1,20-30,51.46666666666667,5.0,1.0,0.2,55,62,2868.3219999999997,0.23,0.2,0.2,0.0,0.0,0,0,0.0,0.0,0,0,0.0,6994.0,2,1,0.5,14341.609999999999,5,1,0.2,0
LGS2ORD0049117,C017860,2026-01-24 23:00:00,Male,48,Bronze,Shopee,Chiang Mai,1310,CallCenter,COD,23,1,5,1,40-50,43.666666666666664,9.0,1.0,0.1111111111111111,79,60,6486.295555555556,0.28,0.3333333333333333,0.5555555555555556,0.0,0.0,0,0,0.0,0.0,0,0,0.0,6411.93,3,1,0.3333333333333333,48409.82,8,1,0.125,0
LGS2ORD0049118,C017021,2026-01-24 23:00:00,Male,45,Bronze,Lazada,Bangkok,1524,Web,COD,23,1,5,1,40-50,50.8,9.0,1.0,0.1111111111111111,165,62,3965.266666666668,0.23,0.5555555555555556,0.1111111111111111,0.0,0.0,0,0,0.0,0.0,0,0,0.0,2085.16,1,0,0.0,35687.40000000001,9,1,0.1111111111111111,1
LGS2ORD0049119,C010402,2026-01-25 00:00:00,Female,40,Silver,TV,Bangkok,617,TV_Show,PromptPay,0,1,6,1,30-40,20.566666666666666,6.0,1.0,0.16666666666666666,108,111,4368.201666666667,0.2,0.6666666666666666,0.0,0.0,0.0,0,0,0.0,0.0,0,0,0.0,0.0,0,0,0.0,26209.21,6,1,0.16666666666666666,0
LGS2ORD0049120,C011039,2026-01-25 00:00:00,Female,47,Bronze,Lazada,Chonburi,1427,TV_Show,PromptPay,0,1,6,1,40-50,47.56666666666667,12.0,7.0,0.5833333333333334,81,12,6841.768333333334,0.28,0.6666666666666666,0.4166666666666667,0.0,0.0,0,0,0.0,21100.45,1,0,0.0,21100.45,1,0,0.0,79601.53,11,7,0.6363636363636364,0
LGS2ORD0049121,C012976,2026-01-25 00:00:00,Female,51,Gold,TV,Remote_Area,451,CallCenter,COD,0,1,6,1,>50,15.033333333333333,11.0,5.0,0.45454545454545453,47,37,4432.658181818181,0.33,0.5454545454545454,0.5454545454545454,0.0,0.0,0,0,0.0,0.0,0,0,0.0,16277.68,2,1,0.5,48395.280000000006,10,5,0.5,0
LGS2ORD0049122,C012886,2026-01-25 00:00:00,Female,27,Bronze,Web,Nakhon Ratchasima,1378,Lazada,COD,0,1,6,1,20-30,45.93333333333333,5.0,2.0,0.4,98,103,3430.094,0.28,0.8,0.2,0.0,0.0,0,0,0.0,0.0,0,0,0.0,0.0,0,0,0.0,17150.47,5,2,0.4,0
LGS2ORD0049123,C011601,2026-01-25 00:00:00,Male,41,Gold,TV,Nakhon Ratchasima,1245,Lazada,COD,0,1,6,1,40-50,41.5,5.0,0.0,0.0,-1,189,4847.074,0.33,0.4,0.8,0.0,0.0,0,0,0.0,0.0,0,0,0.0,0.0,0,0,0.0,21455.5,4,0,0.0,0
LGS2ORD0049124,C013556,2026-01-25 01:00:00,Male,32,Silver,Shopee,Khon Kaen,786,TV_Show,Credit_Card,1,1,6,1,30-40,26.2,6.0,1.0,0.16666666666666666,26,33,2658.8266666666664,0.3,0.16666666666666666,0.16666666666666666,0.0,0.0,0,0,0.0,0.0,0,0,0.0,10625.08,2,1,0.5,14913.93,5,1,0.2,0
LGS2ORD0049125,C011655,2026-01-25 01:00:00,Female,37,Gold,Web,Chonburi,844,Lazada,COD,1,1,6,1,30-40,28.133333333333333,2.0,1.0,0.5,232,60,9865.68,0.2299999999999999,0.0,0.5,0.0,0.0,0,0,0.0,0.0,0,0,0.0,4128.54,1,0,0.0,19731.36,2,1,0.5,0
LGS2ORD0049126,C010375,2026-01-25 01:00:00,Female,51,Silver,TV,Chiang Mai,1306,Web,Bank_Transfer,1,1,6,1,>50,43.53333333333333,7.0,3.0,0.42857142857142855,6,22,3844.207142857143,0.3,0.5714285714285714,0.2857142857142857,0.0,0.0,0,0,0.0,690.33,1,1,1.0,4155.35,2,1,0.5,26909.45,7,3,0.42857142857142855,0
LGS2ORD0049127,C010103,2026-01-25 01:00:00,Female,28,Gold,Shopee,Bangkok,814,TV_Show,PromptPay,1,1,6,1,20-30,27.133333333333333,7.0,2.0,0.2857142857142857,87,53,3786.3185714285714,0.28,0.42857142857142855,0.5714285714285714,0.0,0.0,0,0,0.0,0.0,0,0,0.0,1259.96,1,0,0.0,22798.09,6,2,0.3333333333333333,1
LGS2ORD0049128,C017323,2026-01-25 01:00:00,Male,52,Silver,TV,Bangkok,1654,TV_Show,COD,1,1,6,1,>50,55.13333333333333,3.0,1.0,0.3333333333333333,60,77,4558.97,0.3,0.6666666666666666,0.3333333333333333,0.0,0.0,0,0,0.0,0.0,0,0,0.0,1100.46,1,1,1.0,13676.91,3,1,0.3333333333333333,0
LGS2ORD0049129,C014137,2026-01-25 01:00:00,Female,41,Bronze,Shopee,Songkhla,1107,Web,PromptPay,1,1,6,1,40-50,36.9,6.0,2.0,0.3333333333333333,30,11,5228.426666666666,0.28,0.8333333333333334,0.3333333333333333,0.0,0.0,0,0,0.0,3641.92,1,0,0.0,14226.84,3,1,0.3333333333333333,31370.559999999998,6,2,0.3333333333333333,1
LGS2ORD0049130,C014183,2026-01-25 02:00:00,Female,33,Silver,Lazada,Nakhon Ratchasima,714,TV_Show,PromptPay,2,1,6,1,30-40,23.8,8.0,2.0,0.25,73,77,4199.48875,0.3,0.375,0.125,0.0,0.0,0,0,0.0,0.0,0,0,0.0,2027.79,1,1,1.0,33595.91,8,2,0.25,0
LGS2ORD0049131,C011082,2026-01-25 02:00:00,Female,55,Bronze,TV,Chonburi,637,CallCenter,COD,2,1,6,1,>50,21.233333333333334,9.0,3.0,0.3333333333333333,19,33,4285.416666666667,0.28,0.4444444444444444,0.3333333333333333,0.0,0.0,0,0,0.0,0.0,0,0,0.0,2727.46,2,1,0.5,36493.94,8,3,0.375,0
LGS2ORD0049132,C013138,2026-01-25 02:00:00,Male,48,Bronze,TV,Khon Kaen,1440,CallCenter,Credit_Card,2,1,6,1,40-50,48.0,6.0,2.0,0.3333333333333333,36,1,6369.128333333334,0.28,0.3333333333333333,0.16666666666666666,0.0,2024.89,1,0,0.0,2024.89,1,0,0.0,2674.57,2,1,0.5,38214.770000000004,6,2,0.3333333333333333,0
LGS2ORD0049133,C015526,2026-01-25 02:00:00,Female,54,Bronze,Lazada,Chonburi,694,Web,COD,2,1,6,1,>50,23.133333333333333,7.0,0.0,0.0,-1,92,3925.8557142857144,0.23,0.42857142857142855,0.42857142857142855,0.0,0.0,0,0,0.0,0.0,0,0,0.0,0.0,0,0,0.0,27480.99,7,0,0.0,1
LGS2ORD0049134,C013794,2026-01-25 02:00:00,Female,46,Silver,Web,Khon Kaen,1748,Web,COD,2,1,6,1,40-50,58.266666666666666,9.0,1.0,0.1111111111111111,179,48,4707.43888888889,0.25,0.3333333333333333,0.1111111111111111,0.0,0.0,0,0,0.0,0.0,0,0,0.0,13462.01,4,0,0.0,42366.950000000004,9,1,0.1111111111111111,0
LGS2ORD0049135,C010761,2026-01-25 03:00:00,Female,50,Bronze,TV,Bangkok,455,Shopee,PromptPay,3,1,6,1,40-50,15.166666666666666,3.0,1.0,0.3333333333333333,360,1,8055.453333333332,0.23,0.6666666666666666,0.3333333333333333,0.0,1906.05,1,0,0.0,1906.05,1,0,0.0,1906.05,1,0,0.0,11992.029999999999,2,0,0.0,0
LGS2ORD0049136,C016040,2026-01-25 03:00:00,Female,67,Silver,Web,Bangkok,573,Shopee,PromptPay,3,1,6,1,>50,19.1,8.0,3.0,0.375,200,110,9052.57125,0.25,0.375,0.125,0.0,0.0,0,0,0.0,0.0,0,0,0.0,0.0,0,0,0.0,72420.57,8,3,0.375,0
LGS2ORD0049137,C012192,2026-01-25 03:00:00,Female,60,Bronze,Lazada,Chiang Mai,406,TV_Show,Credit_Card,3,1,6,1,>50,13.533333333333333,4.0,1.0,0.25,74,50,4551.9975,0.23,0.5,0.25,0.0,0.0,0,0,0.0,0.0,0,0,0.0,16533.47,3,1,0.3333333333333333,18207.99,4,1,0.25,0
LGS2ORD0049138,C010557,2026-01-25 03:00:00,Male,51,Bronze,TV,Nakhon Ratchasima,1769,Web,PromptPay,3,1,6,1,>50,58.96666666666667,4.0,3.0,0.75,92,104,5421.935,0.18,0.5,0.0,0.0,0.0,0,0,0.0,0.0,0,0,0.0,0.0,0,0,0.0,21687.74,4,3,0.75,0
LGS2ORD0049139,C017130,2026-01-25 03:00:00,Female,52,Gold,CallCenter,Phuket,618,Lazada,COD,3,1,6,1,>50,20.6,7.0,2.0,0.2857142857142857,245,22,7044.4514285714295,0.28,0.7142857142857143,0.42857142857142855,0.0,0.0,0,0,0.0,10111.46,2,0,0.0,10111.46,2,0,0.0,49311.16,7,2,0.2857142857142857,1
LGS2ORD0049140,C015175,2026-01-25 04:00:00,Female,26,Bronze,Web,Remote_Area,812,Shopee,PromptPay,4,1,6,1,20-30,27.066666666666666,7.0,1.0,0.14285714285714285,-4,4,1886.5642857142855,0.28,1.0,0.42857142857142855,0.14285714285714285,3613.61,2,1,0.5,3613.61,2,1,0.5,4764.42,3,1,0.3333333333333333,13205.949999999999,7,1,0.14285714285714285,0
LGS2ORD0049141,C011452,2026-01-25 04:00:00,Male,49,Platinum,Shopee,Nakhon Ratchasima,817,Shopee,Credit_Card,4,1,6,1,40-50,27.233333333333334,7.0,0.0,0.0,-1,111,3647.142857142858,0.3,0.42857142857142855,0.5714285714285714,0.0,0.0,0,0,0.0,0.0,0,0,0.0,0.0,0,0,0.0,24999.750000000004,6,0,0.0,0
LGS2ORD0049142,C013053,2026-01-25 04:00:00,Female,50,Platinum,TV,Chonburi,1400,TV_Show,COD,4,1,6,1,40-50,46.666666666666664,8.0,1.0,0.125,230,18,2680.2425000000003,0.3,0.5,0.5,0.0,0.0,0,0,0.0,4630.8,1,0,0.0,10163.76,2,0,0.0,20454.67,7,1,0.14285714285714285,0
LGS2ORD0049143,C010254,2026-01-25 04:00:00,Other,31,Bronze,Lazada,Chonburi,1134,Lazada,PromptPay,4,1,6,1,30-40,37.8,6.0,3.0,0.5,139,72,7990.620000000002,0.28,0.5,0.16666666666666666,0.0,0.0,0,0,0.0,0.0,0,0,0.0,8233.08,1,0,0.0,47943.72000000001,6,3,0.5,0
LGS2ORD0049144,C010684,2026-01-25 04:00:00,Female,31,Gold,Shopee,Chiang Mai,1506,CallCenter,COD,4,1,6,1,30-40,50.2,5.0,2.0,0.4,168,10,3469.862,0.28,0.2,0.4,0.0,0.0,0,0,0.0,557.48,1,0,0.0,3258.98,2,0,0.0,17349.31,5,2,0.4,0
LGS2ORD0049145,C010668,2026-01-25 04:00:00,Female,53,Gold,Web,Bangkok,622,Lazada,Credit_Card,4,1,6,1,>50,20.733333333333334,3.0,1.0,0.3333333333333333,376,167,1278.78,0.2299999999999999,0.3333333333333333,0.6666666666666666,0.0,0.0,0,0,0.0,0.0,0,0,0.0,0.0,0,0,0.0,893.73,1,0,0.0,0
LGS2ORD0049146,C016149,2026-01-25 05:00:00,Other,61,Gold,TV,Bangkok,973,Web,COD,5,1,6,1,>50,32.43333333333333,8.0,1.0,0.125,2,14,5228.0425,0.33,0.375,0.375,0.0,0.0,0,0,0.0,1671.05,1,1,1.0,3500.29,2,1,0.5,41824.34,8,1,0.125,1
LGS2ORD0049147,C011646,2026-01-25 05:00:00,Male,54,Bronze,TV,Phuket,1243,TV_Show,COD,5,1,6,1,>50,41.43333333333333,7.0,2.0,0.2857142857142857,112,15,10390.392857142857,0.28,0.5714285714285714,0.5714285714285714,0.0,0.0,0,0,0.0,4183.52,1,0,0.0,4183.52,1,0,0.0,72732.75,7,2,0.2857142857142857,0
LGS2ORD0049148,C016274,2026-01-25 05:00:00,Female,45,Gold,TV,Chiang Mai,1047,Web,Credit_Card,5,1,6,1,40-50,34.9,5.0,1.0,0.2,119,131,8448.836,0.28,0.6,0.6,0.0,0.0,0,0,0.0,0.0,0,0,0.0,0.0,0,0,0.0,42244.18,5,1,0.2,0
LGS2ORD0049149,C014096,2026-01-25 05:00:00,Male,26,Silver,TV,Khon Kaen,786,Lazada,Credit_Card,5,1,6,1,20-30,26.2,6.0,2.0,0.3333333333333333,37,36,8343.766666666666,0.3,0.6666666666666666,0.5,0.0,0.0,0,0,0.0,0.0,0,0,0.0,13378.18,3,1,0.3333333333333333,42797.649999999994,5,2,0.4,0
LGS2ORD0049150,C013480,2026-01-25 05:00:00,Male,45,Bronze,Shopee,Chiang Mai,1607,Lazada,COD,5,1,6,1,40-50,53.56666666666667,5.0,2.0,0.4,36,41,11238.206,0.23,0.4,0.2,0.0,0.0,0,0,0.0,0.0,0,0,0.0,3153.57,2,1,0.5,56191.03,5,2,0.4,0
LGS2ORD0049151,C011305,2026-01-25 06:00:00,Female,40,Silver,Web,Bangkok,405,TV_Show,PromptPay,6,1,6,1,30-40,13.5,11.0,1.0,0.09090909090909091,88,16,5733.963636363637,0.3,0.6363636363636364,0.45454545454545453,0.0,0.0,0,0,0.0,1210.9,1,0,0.0,7642.719999999999,2,0,0.0,51887.71000000001,10,1,0.1,0
LGS2ORD0049152,C010255,2026-01-25 06:00:00,Female,66,Silver,CallCenter,Khon Kaen,1664,TV_Show,COD,6,1,6,1,>50,55.46666666666667,11.0,3.0,0.2727272727272727,121,58,7328.481818181817,0.25,0.9090909090909091,0.09090909090909091,0.0,0.0,0,0,0.0,0.0,0,0,0.0,920.09,1,0,0.0,73007.61,9,2,0.2222222222222222,0
LGS2ORD0049153,C013138,2026-01-25 06:00:00,Male,48,Bronze,TV,Khon Kaen,1440,CallCenter,PromptPay,6,1,6,1,40-50,48.0,7.0,2.0,0.2857142857142857,36,0,6968.512857142858,0.28,0.2857142857142857,0.2857142857142857,0.0,12589.71,2,0,0.0,12589.71,2,0,0.0,13239.39,3,1,0.3333333333333333,48779.590000000004,7,2,0.2857142857142857,0
LGS2ORD0049154,C015799,2026-01-25 06:00:00,Female,43,Silver,CallCenter,Phuket,1436,Shopee,COD,6,1,6,1,40-50,47.86666666666667,3.0,1.0,0.3333333333333333,278,157,1021.1233333333333,0.3,0.3333333333333333,0.6666666666666666,0.0,0.0,0,0,0.0,0.0,0,0,0.0,0.0,0,0,0.0,3063.37,3,1,0.3333333333333333,1
LGS2ORD0049155,C013379,2026-01-25 06:00:00,Female,53,Silver,Web,Bangkok,762,Web,PromptPay,6,1,6,1,>50,25.4,6.0,3.0,0.5,13,20,5720.419999999999,0.25,0.5,0.16666666666666666,0.0,0.0,0,0,0.0,3185.98,1,1,1.0,24701.71,3,2,0.6666666666666666,33160.61,5,2,0.4,0
LGS2ORD0049156,C017705,2026-01-25 07:00:00,Female,49,Gold,Lazada,Chiang Mai,1087,TV_Show,PromptPay,7,1,6,1,40-50,36.233333333333334,9.0,1.0,0.1111111111111111,15,25,4929.545555555556,0.33,0.5555555555555556,0.4444444444444444,0.0,0.0,0,0,0.0,2983.73,1,1,1.0,10949.789999999999,3,1,0.3333333333333333,44365.91,9,1,0.1111111111111111,1
LGS2ORD0049157,C012767,2026-01-25 07:00:00,Male,36,Gold,Web,Chiang Mai,1206,CallCenter,COD,7,1,6,1,30-40,40.2,4.0,1.0,0.25,129,21,1875.925,0.28,0.75,0.75,0.0,0.0,0,0,0.0,1624.32,1,0,0.0,1624.32,1,0,0.0,7503.7,4,1,0.25,0
LGS2ORD0049158,C010789,2026-01-25 07:00:00,Male,63,Gold,TV,Bangkok,845,TV_Show,Credit_Card,7,1,6,1,>50,28.166666666666668,3.0,1.0,0.3333333333333333,357,24,7163.740000000001,0.2299999999999999,1.0,0.3333333333333333,0.0,0.0,0,0,0.0,8886.72,1,0,0.0,8886.72,1,0,0.0,21491.22,3,1,0.3333333333333333,0
LGS2ORD0049159,C012580,2026-01-25 07:00:00,Female,39,Bronze,Lazada,Chiang Mai,1204,Shopee,Credit_Card,7,1,6,1,30-40,40.13333333333333,6.0,1.0,0.16666666666666666,292,109,11434.574999999999,0.28,0.5,0.3333333333333333,0.0,0.0,0,0,0.0,0.0,0,0,0.0,0.0,0,0,0.0,68607.45,6,1,0.16666666666666666,0
LGS2ORD0049160,C016799,2026-01-25 07:00:00,Male,53,Silver,TV,Chonburi,1190,TV_Show,Bank_Transfer,7,1,6,1,>50,39.666666666666664,7.0,2.0,0.2857142857142857,68,3,9704.167142857144,0.3,0.5714285714285714,0.2857142857142857,0.0,1656.28,1,0,0.0,8588.11,2,0,0.0,55021.69,5,1,0.2,67929.17000000001,7,2,0.2857142857142857,0
LGS2ORD0049161,C010426,2026-01-25 08:00:00,Female,42,Silver,Lazada,Chonburi,470,Web,PromptPay,8,1,6,1,40-50,15.666666666666666,3.0,2.0,0.6666666666666666,27,37,4988.65,0.2,1.0,0.0,0.0,0.0,0,0,0.0,0.0,0,0,0.0,14965.949999999999,3,2,0.6666666666666666,14965.949999999999,3,2,0.6666666666666666,0
LGS2ORD0049162,C017622,2026-01-25 08:00:00,Female,49,Silver,TV,Chiang Mai,1284,TV_Show,Credit_Card,8,1,6,1,40-50,42.8,14.0,3.0,0.21428571428571427,9,17,5287.486428571428,0.3,0.35714285714285715,0.2857142857142857,0.0,0.0,0,0,0.0,23709.81,1,1,1.0,49404.26000000001,6,1,0.16666666666666666,73139.13,13,3,0.23076923076923078,0
LGS2ORD0049163,C012051,2026-01-25 08:00:00,Male,52,Gold,Shopee,Chiang Mai,1122,Shopee,COD,8,1,6,1,>50,37.4,7.0,1.0,0.14285714285714285,363,117,9322.041428571427,0.28,0.7142857142857143,0.42857142857142855,0.0,0.0,0,0,0.0,0.0,0,0,0.0,0.0,0,0,0.0,45499.34,6,0,0.0,1
LGS2ORD0049164,C010861,2026-01-25 08:00:00,Male,24,Bronze,Web,Nakhon Ratchasima,753,TV_Show,COD,8,1,6,1,20-30,25.1,10.0,1.0,0.1,271,26,4949.8,0.28,0.5,0.2,0.0,0.0,0,0,0.0,16890.41,1,0,0.0,18474.3,3,0,0.0,49498.0,10,1,0.1,0
LGS2ORD0049165,C012271,2026-01-25 08:00:00,Female,42,Bronze,CallCenter,Chonburi,680,Web,COD,8,1,6,1,40-50,22.666666666666668,11.0,3.0,0.2727272727272727,-2,8,6591.974545454545,0.23,0.5454545454545454,0.09090909090909091,0.0,0.0,0,0,0.0,1811.29,1,1,1.0,4419.1,3,2,0.6666666666666666,72511.71999999999,11,3,0.2727272727272727,0
LGS2ORD0049166,C011912,2026-01-25 08:00:00,Female,46,Gold,Shopee,Chiang Mai,1140,Web,PromptPay,8,1,6,1,40-50,38.0,13.0,2.0,0.15384615384615385,1,5,2957.7623076923073,0.33,0.6153846153846154,0.5384615384615384,0.0,7008.43,2,1,0.5,10841.91,3,2,0.6666666666666666,14035.81,5,2,0.4,36096.11,12,2,0.16666666666666666,0
LGS2ORD0049167,C017713,2026-01-25 09:00:00,Female,47,Silver,Shopee,Songkhla,611,CallCenter,COD,9,1,6,1,40-50,20.366666666666667,4.0,3.0,0.75,-6,9,3605.7974999999997,0.25,1.0,0.5,0.0,0.0,0,0,0.0,3171.12,1,1,1.0,3171.12,1,1,1.0,14423.189999999999,4,3,0.75,0
LGS2ORD0049168,C016459,2026-01-25 09:00:00,Female,20,Gold,CallCenter,Bangkok,1445,Lazada,Credit_Card,9,1,6,1,<20,48.166666666666664,5.0,2.0,0.4,211,177,2602.154,0.2299999999999999,0.4,0.4,0.0,0.0,0,0,0.0,0.0,0,0,0.0,0.0,0,0,0.0,13010.77,5,2,0.4,0
LGS2ORD0049169,C015674,2026-01-25 09:00:00,Female,46,Platinum,Web,Chiang Mai,1408,Web,Credit_Card,9,1,6,1,40-50,46.93333333333333,3.0,1.0,0.3333333333333333,342,6,3396.2999999999997,0.3,0.3333333333333333,0.6666666666666666,0.0,4834.36,1,0,0.0,4834.36,1,0,0.0,6786.26,2,0,0.0,10188.9,3,1,0.3333333333333333,1
LGS2ORD0049170,C013565,2026-01-25 09:00:00,Male,32,Bronze,Web,Bangkok,1471,CallCenter,COD,9,1,6,1,30-40,49.03333333333333,6.0,0.0,0.0,-1,61,4220.304999999999,0.28,0.6666666666666666,0.5,0.0,0.0,0,0,0.0,0.0,0,0,0.0,3964.4799999999996,2,0,0.0,7210.19,4,0,0.0,1
LGS2ORD0049171,C016783,2026-01-25 09:00:00,Female,36,Bronze,Shopee,Bangkok,882,Web,COD,9,1,6,1,30-40,29.4,9.0,4.0,0.4444444444444444,-11,0,2750.596666666667,0.28,0.6666666666666666,0.4444444444444444,0.0,2555.02,1,1,1.0,5436.43,3,2,0.6666666666666666,8941.79,5,4,0.8,24755.370000000003,9,4,0.4444444444444444,0
LGS2ORD0049172,C015654,2026-01-25 10:00:00,Female,46,Silver,Lazada,Bangkok,549,CallCenter,COD,10,1,6,1,40-50,18.3,1.0,0.0,0.0,-1,321,373.28,0.3,0.0,1.0,0.0,0.0,0,0,0.0,0.0,0,0,0.0,0.0,0,0,0.0,373.28,1,0,0.0,0
LGS2ORD0049173,C017667,2026-01-25 10:00:00,Female,41,Bronze,Shopee,Chiang Mai,675,Web,Credit_Card,10,1,6,1,40-50,22.5,13.0,5.0,0.38461538461538464,4,14,4556.693846153846,0.28,0.46153846153846156,0.15384615384615385,0.0,0.0,0,0,0.0,1807.62,1,1,1.0,7799.5199999999995,3,1,0.3333333333333333,59237.01999999999,13,5,0.38461538461538464,0
LGS2ORD0049174,C014339,2026-01-25 10:00:00,Female,48,Bronze,CallCenter,Bangkok,798,CallCenter,COD,10,1,6,1,40-50,26.6,8.0,3.0,0.375,19,1,5319.7475,0.28,0.625,0.375,0.0,3779.38,1,0,0.0,4914.280000000001,2,0,0.0,5549.31,3,1,0.3333333333333333,42557.98,8,3,0.375,0
LGS2ORD0049175,C012922,2026-01-25 10:00:00,Female,70,Bronze,TV,Bangkok,736,CallCenter,COD,10,1,6,1,>50,24.533333333333335,9.0,0.0,0.0,-1,76,3873.454444444445,0.23,0.3333333333333333,0.4444444444444444,0.0,0.0,0,0,0.0,0.0,0,0,0.0,8442.14,1,0,0.0,28756.77,7,0,0.0,0
LGS2ORD0049176,C014595,2026-01-25 10:00:00,Female,41,Silver,Shopee,Chiang Mai,1267,Shopee,COD,10,1,6,1,40-50,42.233333333333334,8.0,1.0,0.125,230,135,4353.58875,0.3,0.625,0.25,0.0,0.0,0,0,0.0,0.0,0,0,0.0,0.0,0,0,0.0,34828.71,8,1,0.125,0
LGS2ORD0049177,C012700,2026-01-25 11:00:00,Male,34,Platinum,TV,Chiang Mai,744,TV_Show,Credit_Card,11,1,6,1,30-40,24.8,9.0,3.0,0.3333333333333333,168,27,4318.742222222222,0.35,0.5555555555555556,0.8888888888888888,0.0,0.0,0,0,0.0,12886.36,1,0,0.0,12886.36,1,0,0.0,38868.68,9,3,0.3333333333333333,0
LGS2ORD0049178,C016696,2026-01-25 11:00:00,Female,30,Platinum,Shopee,Phuket,1393,Lazada,COD,11,1,6,1,20-30,46.43333333333333,9.0,1.0,0.1111111111111111,366,50,3718.253333333333,0.3,0.3333333333333333,0.4444444444444444,0.1111111111111111,0.0,0,0,0.0,0.0,0,0,0.0,7806.200000000001,3,0,0.0,26171.03,7,0,0.0,1
LGS2ORD0049179,C013492,2026-01-25 11:00:00,Female,51,Silver,Web,Nakhon Ratchasima,1312,Web,COD,11,1,6,1,>50,43.733333333333334,7.0,1.0,0.14285714285714285,145,14,6381.374285714285,0.3,0.42857142857142855,0.5714285714285714,0.0,0.0,0,0,0.0,9334.06,2,0,0.0,13652.61,4,0,0.0,44669.619999999995,7,1,0.14285714285714285,0
LGS2ORD0049180,C017934,2026-01-25 11:00:00,Male,57,Silver,Shopee,Phuket,605,Web,Credit_Card,11,1,6,1,>50,20.166666666666668,5.0,0.0,0.0,-1,40,4115.166,0.2,0.6,0.0,0.0,0.0,0,0,0.0,0.0,0,0,0.0,5839.84,3,0,0.0,20575.83,5,0,0.0,1
LGS2ORD0049181,C012217,2026-01-25 11:00:00,Male,47,Bronze,TV,Bangkok,1676,Web,Credit_Card,11,1,6,1,40-50,55.86666666666667,3.0,0.0,0.0,-1,9,5168.593333333333,0.23,0.6666666666666666,0.3333333333333333,0.0,0.0,0,0,0.0,9000.0,1,0,0.0,9000.0,1,0,0.0,13701.65,2,0,0.0,0
LGS2ORD0049182,C010770,2026-01-25 12:00:00,Female,29,Bronze,TV,Bangkok,1621,Lazada,COD,12,1,6,1,20-30,54.03333333333333,4.0,0.0,0.0,-1,103,5074.1,0.28,0.0,0.25,0.0,0.0,0,0,0.0,0.0,0,0,0.0,0.0,0,0,0.0,17487.6,3,0,0.0,1
LGS2ORD0049183,C013235,2026-01-25 12:00:00,Male,43,Gold,Web,Nakhon Ratchasima,1369,Web,PromptPay,12,1,6,1,40-50,45.63333333333333,5.0,0.0,0.0,-1,48,3610.2159999999994,0.2299999999999999,0.2,0.2,0.0,0.0,0,0,0.0,0.0,0,0,0.0,1323.96,1,0,0.0,16618.68,4,0,0.0,0
LGS2ORD0049184,C015104,2026-01-25 12:00:00,Female,41,Bronze,Web,Songkhla,751,TV_Show,COD,12,1,6,1,40-50,25.033333333333335,4.0,2.0,0.5,55,65,5458.5,0.18,0.5,0.0,0.0,0.0,0,0,0.0,0.0,0,0,0.0,10948.82,2,2,1.0,21834.0,4,2,0.5,1
LGS2ORD0049185,C017441,2026-01-25 12:00:00,Female,45,Bronze,TV,Chiang Mai,455,CallCenter,COD,12,1,6,1,40-50,15.166666666666666,4.0,1.0,0.25,273,283,1655.7075,0.23,0.25,0.25,0.0,0.0,0,0,0.0,0.0,0,0,0.0,0.0,0,0,0.0,5373.52,3,1,0.3333333333333333,0
LGS2ORD0049186,C015395,2026-01-25 12:00:00,Male,43,Silver,TV,Phuket,429,CallCenter,Credit_Card,12,1,6,1,40-50,14.3,4.0,1.0,0.25,331,302,3124.0149999999994,0.2,0.75,0.0,0.0,0.0,0,0,0.0,0.0,0,0,0.0,0.0,0,0,0.0,10640.73,3,1,0.3333333333333333,0
LGS2ORD0049187,C014542,2026-01-25 12:00:00,Female,38,Bronze,TV,Remote_Area,1510,Shopee,COD,12,1,6,1,30-40,50.333333333333336,7.0,0.0,0.0,-1,2,1718.5514285714287,0.23,0.8571428571428571,0.5714285714285714,0.0,1483.29,1,0,0.0,1483.29,1,0,0.0,6512.58,3,0,0.0,10788.489999999998,6,0,0.0,1
LGS2ORD0049188,C015005,2026-01-25 13:00:00,Male,43,Silver,Web,Chiang Mai,1830,Shopee,Credit_Card,13,1,6,1,40-50,61.0,3.0,0.0,0.0,-1,115,5639.166666666667,0.25,0.3333333333333333,0.6666666666666666,0.0,0.0,0,0,0.0,0.0,0,0,0.0,0.0,0,0,0.0,16917.5,3,0,0.0,0
LGS2ORD0049189,C011709,2026-01-25 13:00:00,Other,33,Silver,CallCenter,Nakhon Ratchasima,542,TV_Show,Bank_Transfer,13,1,6,1,30-40,18.066666666666666,5.0,2.0,0.4,41,32,3580.238,0.25,0.6,0.2,0.0,0.0,0,0,0.0,0.0,0,0,0.0,8633.99,2,1,0.5,17901.19,5,2,0.4,0
LGS2ORD0049190,C015880,2026-01-25 13:00:00,Male,59,Bronze,CallCenter,Chonburi,1087,Shopee,COD,13,1,6,1,>50,36.233333333333334,7.0,2.0,0.2857142857142857,145,99,2544.8385714285714,0.23,0.7142857142857143,0.2857142857142857,0.0,0.0,0,0,0.0,0.0,0,0,0.0,0.0,0,0,0.0,17813.87,7,2,0.2857142857142857,0
LGS2ORD0049191,C017781,2026-01-25 13:00:00,Male,38,Platinum,Web,Khon Kaen,1016,TV_Show,COD,13,1,6,1,30-40,33.86666666666667,10.0,1.0,0.1,148,48,4124.938,0.3,0.5,0.3,0.0,0.0,0,0,0.0,0.0,0,0,0.0,23558.219999999998,4,0,0.0,31631.719999999998,7,1,0.14285714285714285,0
LGS2ORD0049192,C014135,2026-01-25 13:00:00,Female,38,Gold,Web,Remote_Area,924,Shopee,PromptPay,13,1,6,1,30-40,30.8,6.0,1.0,0.16666666666666666,319,1,8790.243333333334,0.33,0.5,0.3333333333333333,0.16666666666666666,15210.21,1,0,0.0,15210.21,1,0,0.0,15210.21,1,0,0.0,36210.84,5,1,0.2,0
LGS2ORD0049193,C016837,2026-01-25 14:00:00,Male,53,Silver,TV,Chonburi,1047,CallCenter,COD,14,1,6,1,>50,34.9,5.0,1.0,0.2,371,113,4089.1580000000004,0.3,0.2,0.4,0.0,0.0,0,0,0.0,0.0,0,0,0.0,0.0,0,0,0.0,19399.800000000003,4,0,0.0,0
LGS2ORD0049194,C015920,2026-01-25 14:00:00,Male,54,Silver,TV,Songkhla,1270,Shopee,COD,14,1,6,1,>50,42.333333333333336,8.0,4.0,0.5,70,23,4298.225,0.25,0.875,0.25,0.0,0.0,0,0,0.0,886.76,1,0,0.0,23298.969999999998,3,1,0.3333333333333333,34385.8,8,4,0.5,1
LGS2ORD0049195,C010875,2026-01-25 14:00:00,Male,54,Bronze,CallCenter,Chonburi,1079,Lazada,COD,14,1,6,1,>50,35.96666666666667,13.0,3.0,0.23076923076923078,95,9,5304.943076923076,0.28,0.46153846153846156,0.07692307692307693,0.0,0.0,0,0,0.0,2777.68,2,0,0.0,2777.68,2,0,0.0,65203.33,12,3,0.25,0
LGS2ORD0049196,C017644,2026-01-25 14:00:00,Female,34,Bronze,Web,Chonburi,417,TV_Show,COD,14,1,6,1,30-40,13.9,2.0,0.0,0.0,-1,24,12623.95,0.08,0.0,0.0,0.0,0.0,0,0,0.0,24508.08,1,0,0.0,24508.08,1,0,0.0,24508.08,1,0,0.0,1
LGS2ORD0049197,C016542,2026-01-25 14:00:00,Female,60,Platinum,Lazada,Songkhla,1053,CallCenter,COD,14,1,6,1,>50,35.1,6.0,1.0,0.16666666666666666,351,99,9773.546666666665,0.3,0.3333333333333333,0.3333333333333333,0.0,0.0,0,0,0.0,0.0,0,0,0.0,0.0,0,0,0.0,58641.27999999999,6,1,0.16666666666666666,0
LGS2ORD0049198,C017725,2026-01-25 15:00:00,Female,59,Bronze,Web,Khon Kaen,1328,Web,COD,15,1,6,1,>50,44.266666666666666,11.0,3.0,0.2727272727272727,19,24,7651.529999999999,0.23,0.5454545454545454,0.09090909090909091,0.0,0.0,0,0,0.0,3166.17,1,1,1.0,3166.17,1,1,1.0,84166.82999999999,11,3,0.2727272727272727,1
LGS2ORD0049199,C012141,2026-01-25 15:00:00,Female,41,Platinum,Shopee,Chiang Mai,739,TV_Show,Credit_Card,15,1,6,1,40-50,24.633333333333333,4.0,0.0,0.0,-1,39,4736.3075,0.25,0.5,0.25,0.0,0.0,0,0,0.0,0.0,0,0,0.0,15813.35,1,0,0.0,18945.23,4,0,0.0,0
LGS2ORD0049200,C016628,2026-01-25 15:00:00,Male,53,Bronze,TV,Bangkok,666,TV_Show,Credit_Card,15,1,6,1,>50,22.2,6.0,0.0,0.0,-1,97,9856.823333333334,0.23,0.6666666666666666,0.3333333333333333,0.0,0.0,0,0,0.0,0.0,0,0,0.0,0.0,0,0,0.0,35758.3,5,0,0.0,1
LGS2ORD0049201,C012813,2026-01-25 15:00:00,Female,46,Silver,TV,Khon Kaen,897,Lazada,PromptPay,15,1,6,1,40-50,29.9,7.0,0.0,0.0,-1,25,5711.379999999999,0.2,0.5714285714285714,0.0,0.0,0.0,0,0,0.0,1998.49,1,0,0.0,6325.98,2,0,0.0,39979.659999999996,7,0,0.0,1
LGS2ORD0049202,C011680,2026-01-25 15:00:00,Female,30,Bronze,Web,Chiang Mai,596,Shopee,COD,15,1,6,1,20-30,19.866666666666667,4.0,0.0,0.0,-1,197,4578.29,0.18,0.5,0.0,0.0,0.0,0,0,0.0,0.0,0,0,0.0,0.0,0,0,0.0,18313.16,4,0,0.0,0
LGS2ORD0049203,C017708,2026-01-25 16:00:00,Male,59,Bronze,Lazada,Nakhon Ratchasima,1766,Web,COD,16,1,6,1,>50,58.86666666666667,7.0,2.0,0.2857142857142857,96,53,2543.5185714285717,0.28,0.5714285714285714,0.42857142857142855,0.0,0.0,0,0,0.0,0.0,0,0,0.0,1976.21,1,0,0.0,17804.63,7,2,0.2857142857142857,0
LGS2ORD0049204,C017337,2026-01-25 16:00:00,Female,39,Platinum,Shopee,Nakhon Ratchasima,880,CallCenter,Bank_Transfer,16,1,6,1,30-40,29.333333333333332,5.0,0.0,0.0,-1,199,1573.9779999999998,0.35,0.4,0.6,0.0,0.0,0,0,0.0,0.0,0,0,0.0,0.0,0,0,0.0,7869.889999999999,5,0,0.0,0
LGS2ORD0049205,C013516,2026-01-25 16:00:00,Male,18,Bronze,TV,Khon Kaen,1649,TV_Show,Bank_Transfer,16,1,6,1,<20,54.96666666666667,9.0,1.0,0.1111111111111111,254,33,7639.936666666666,0.28,0.6666666666666666,0.2222222222222222,0.0,0.0,0,0,0.0,0.0,0,0,0.0,26062.89,1,0,0.0,68759.43,9,1,0.1111111111111111,1
LGS2ORD0049206,C012268,2026-01-25 16:00:00,Female,44,Bronze,Shopee,Chonburi,1723,TV_Show,PromptPay,16,1,6,1,40-50,57.43333333333333,7.0,0.0,0.0,-1,66,3195.5428571428574,0.28,0.5714285714285714,0.2857142857142857,0.0,0.0,0,0,0.0,0.0,0,0,0.0,4789.21,2,0,0.0,22368.800000000003,7,0,0.0,0
LGS2ORD0049207,C017918,2026-01-25 16:00:00,Male,33,Bronze,TV,Chiang Mai,1439,CallCenter,COD,16,1,6,1,30-40,47.96666666666667,6.0,1.0,0.16666666666666666,221,10,3409.9883333333332,0.28,0.3333333333333333,0.6666666666666666,0.0,0.0,0,0,0.0,1499.04,1,0,0.0,5178.49,2,0,0.0,20459.93,6,1,0.16666666666666666,0
LGS2ORD0049208,C010192,2026-01-25 16:00:00,Female,36,Platinum,Web,Bangkok,784,Shopee,PromptPay,16,1,6,1,30-40,26.133333333333333,4.0,1.0,0.25,240,257,5468.59,0.35,0.25,0.25,0.0,0.0,0,0,0.0,0.0,0,0,0.0,0.0,0,0,0.0,12164.18,3,1,0.3333333333333333,0
LGS2ORD0049209,C013200,2026-01-25 17:00:00,Male,41,Silver,Lazada,Bangkok,1387,TV_Show,PromptPay,17,1,6,1,40-50,46.233333333333334,10.0,1.0,0.1,243,23,7386.7970000000005,0.25,0.6,0.1,0.0,0.0,0,0,0.0,3788.08,2,0,0.0,9500.6,3,0,0.0,73867.97,10,1,0.1,0
LGS2ORD0049210,C016469,2026-01-25 17:00:00,Male,40,Silver,TV,Chiang Mai,1695,CallCenter,PromptPay,17,1,6,1,30-40,56.5,8.0,5.0,0.625,240,175,7043.2787499999995,0.25,0.25,0.125,0.0,0.0,0,0,0.0,0.0,0,0,0.0,0.0,0,0,0.0,54808.45,7,4,0.5714285714285714,0
LGS2ORD0049211,C017703,2026-01-25 17:00:00,Female,54,Bronze,TV,Chiang Mai,1183,TV_Show,COD,17,1,6,1,>50,39.43333333333333,8.0,1.0,0.125,240,56,5545.825,0.28,0.5,0.125,0.0,0.0,0,0,0.0,0.0,0,0,0.0,15783.91,2,0,0.0,44366.6,8,1,0.125,0
LGS2ORD0049212,C011480,2026-01-25 17:00:00,Female,61,Bronze,Lazada,Phuket,1707,Lazada,COD,17,1,6,1,>50,56.9,8.0,3.0,0.375,0,14,4292.5425,0.28,0.625,0.5,0.0,0.0,0,0,0.0,1998.56,1,1,1.0,18296.43,3,1,0.3333333333333333,34340.34,8,3,0.375,0
LGS2ORD0049213,C013334,2026-01-25 17:00:00,Female,59,Bronze,Web,Bangkok,633,Lazada,COD,17,1,6,1,>50,21.1,12.0,5.0,0.4166666666666667,6,14,4344.8724999999995,0.28,0.6666666666666666,0.4166666666666667,0.0,0.0,0,0,0.0,1969.77,1,1,1.0,2576.94,2,1,0.5,52138.469999999994,12,5,0.4166666666666667,1
LGS2ORD0049214,C013598,2026-01-25 18:00:00,Male,27,Bronze,CallCenter,Phuket,1768,TV_Show,COD,18,1,6,1,20-30,58.93333333333333,4.0,0.0,0.0,-1,23,5072.4325,0.18,0.5,0.0,0.0,0.0,0,0,0.0,6212.96,1,0,0.0,13007.25,2,0,0.0,20289.73,4,0,0.0,0
LGS2ORD0049215,C010790,2026-01-25 18:00:00,Female,36,Silver,Web,Khon Kaen,610,Shopee,COD,18,1,6,1,30-40,20.333333333333332,8.0,3.0,0.375,127,22,3176.0099999999998,0.3,0.375,0.375,0.0,0.0,0,0,0.0,7756.07,1,0,0.0,9812.119999999999,2,0,0.0,25408.079999999998,8,3,0.375,0
LGS2ORD0049216,C014682,2026-01-25 18:00:00,Female,47,Gold,TV,Bangkok,1747,Web,Credit_Card,18,1,6,1,40-50,58.233333333333334,4.0,0.0,0.0,-1,48,4664.9175,0.33,0.0,0.25,0.0,0.0,0,0,0.0,0.0,0,0,0.0,10957.22,1,0,0.0,15022.23,3,0,0.0,0
LGS2ORD0049217,C010501,2026-01-25 18:00:00,Male,46,Bronze,Web,Chiang Mai,1603,Lazada,COD,18,1,6,1,40-50,53.43333333333333,12.0,6.0,0.5,66,28,4558.131666666667,0.23,0.5833333333333334,0.25,0.0,0.0,0,0,0.0,1207.43,1,0,0.0,24698.79,5,1,0.2,51596.630000000005,11,5,0.45454545454545453,0
LGS2ORD0049218,C011294,2026-01-25 18:00:00,Female,29,Silver,TV,Bangkok,1172,Shopee,Credit_Card,18,1,6,1,20-30,39.06666666666667,10.0,2.0,0.2,190,5,6614.967999999999,0.3,0.6,0.3,0.0,22686.76,1,0,0.0,33564.159999999996,3,0,0.0,37615.49,4,0,0.0,66149.68,10,2,0.2,0
LGS2ORD0049219,C014797,2026-01-25 19:00:00,Male,18,Bronze,Lazada,Phuket,541,Lazada,COD,19,1,6,1,<20,18.033333333333335,7.0,2.0,0.2857142857142857,24,23,5014.041428571429,0.28,0.42857142857142855,0.2857142857142857,0.0,0.0,0,0,0.0,2664.06,1,0,0.0,19198.440000000002,3,1,0.3333333333333333,33465.64,6,1,0.16666666666666666,1
LGS2ORD0049220,C014956,2026-01-25 19:00:00,Female,27,Bronze,TV,Phuket,570,Web,PromptPay,19,1,6,1,20-30,19.0,10.0,2.0,0.2,190,18,9679.279,0.28,0.8,0.3,0.0,0.0,0,0,0.0,6986.52,1,0,0.0,14870.23,2,0,0.0,92603.15,8,1,0.125,0
LGS2ORD0049221,C011224,2026-01-25 19:00:00,Male,38,Gold,TV,Bangkok,1391,TV_Show,PromptPay,19,1,6,1,30-40,46.36666666666667,4.0,3.0,0.75,95,103,4466.21,0.28,0.25,0.25,0.0,0.0,0,0,0.0,0.0,0,0,0.0,0.0,0,0,0.0,17864.84,4,3,0.75,0
LGS2ORD0049222,C010604,2026-01-25 19:00:00,Female,50,Silver,Shopee,Chonburi,824,TV_Show,Bank_Transfer,19,1,6,1,40-50,27.466666666666665,12.0,2.0,0.16666666666666666,98,37,8715.136666666667,0.3,0.6666666666666666,0.4166666666666667,0.08333333333333333,0.0,0,0,0.0,0.0,0,0,0.0,15066.58,2,0,0.0,104581.64,12,2,0.16666666666666666,0
LGS2ORD0049223,C012596,2026-01-25 19:00:00,Female,18,Silver,Web,Bangkok,1480,Web,PromptPay,19,1,6,1,<20,49.333333333333336,5.0,1.0,0.2,119,105,5488.168,0.3,0.4,0.2,0.0,0.0,0,0,0.0,0.0,0,0,0.0,0.0,0,0,0.0,17018.54,4,1,0.25,0
LGS2ORD0049224,C012401,2026-01-25 20:00:00,Female,48,Silver,TV,Khon Kaen,1839,TV_Show,COD,20,1,6,1,40-50,61.3,1.0,0.0,0.0,-1,69,2026.97,0.1,0.0,0.0,0.0,0.0,0,0,0.0,0.0,0,0,0.0,2026.97,1,0,0.0,2026.97,1,0,0.0,0
LGS2ORD0049225,C011404,2026-01-25 20:00:00,Female,46,Bronze,TV,Chiang Mai,971,TV_Show,Bank_Transfer,20,1,6,1,40-50,32.36666666666667,4.0,0.0,0.0,-1,210,2843.41,0.23,0.5,0.25,0.0,0.0,0,0,0.0,0.0,0,0,0.0,0.0,0,0,0.0,11373.64,4,0,0.0,1
LGS2ORD0049226,C017614,2026-01-25 20:00:00,Female,24,Silver,TV,Chiang Mai,1236,TV_Show,COD,20,1,6,1,20-30,41.2,9.0,0.0,0.0,-1,7,5505.530000000001,0.3,0.5555555555555556,0.1111111111111111,0.0,0.0,0,0,0.0,9556.55,2,0,0.0,13035.529999999999,4,0,0.0,49549.770000000004,9,0,0.0,1
LGS2ORD0049227,C010625,2026-01-25 20:00:00,Female,25,Platinum,Web,Bangkok,1052,Lazada,COD,20,1,6,1,20-30,35.06666666666667,5.0,0.0,0.0,-1,48,4465.082,0.25,0.0,0.2,0.0,0.0,0,0,0.0,0.0,0,0,0.0,706.59,1,0,0.0,22325.410000000003,5,0,0.0,0
LGS2ORD0049228,C012919,2026-01-25 20:00:00,Female,43,Bronze,Lazada,Chiang Mai,954,Web,COD,20,1,6,1,40-50,31.8,8.0,2.0,0.25,-2,9,3692.4487499999996,0.28,0.875,0.25,0.0,0.0,0,0,0.0,1064.63,1,1,1.0,8003.69,3,1,0.3333333333333333,29539.589999999997,8,2,0.25,0
LGS2ORD0049229,C011565,2026-01-25 20:00:00,Male,64,Gold,Shopee,Remote_Area,1471,Shopee,PromptPay,20,1,6,1,>50,49.03333333333333,4.0,1.0,0.25,238,123,1294.76,0.33,0.75,0.75,0.0,0.0,0,0,0.0,0.0,0,0,0.0,0.0,0,0,0.0,4525.849999999999,3,1,0.3333333333333333,0
LGS2ORD0049230,C014917,2026-01-25 21:00:00,Female,56,Gold,TV,Songkhla,1041,Shopee,Bank_Transfer,21,1,6,1,>50,34.7,10.0,0.0,0.0,-1,16,5642.788,0.28,0.6,0.5,0.0,0.0,0,0,0.0,1487.5,1,0,0.0,17167.72,3,0,0.0,56427.88,10,0,0.0,1
LGS2ORD0049231,C011465,2026-01-25 21:00:00,Female,69,Silver,Web,Phuket,593,Shopee,Bank_Transfer,21,1,6,1,>50,19.766666666666666,5.0,1.0,0.2,140,43,7794.295999999999,0.25,0.0,0.2,0.0,0.0,0,0,0.0,0.0,0,0,0.0,17656.79,2,0,0.0,38971.479999999996,5,1,0.2,0
LGS2ORD0049232,C010033,2026-01-25 21:00:00,Female,50,Silver,Shopee,Khon Kaen,1590,TV_Show,COD,21,1,6,1,40-50,53.0,11.0,2.0,0.18181818181818182,52,22,5530.238181818181,0.25,0.45454545454545453,0.18181818181818182,0.0,0.0,0,0,0.0,20308.99,1,0,0.0,34717.12,4,1,0.25,60832.619999999995,11,2,0.18181818181818182,1
LGS2ORD0049233,C016564,2026-01-25 21:00:00,Male,55,Bronze,Web,Nakhon Ratchasima,1204,Web,COD,21,1,6,1,>50,40.13333333333333,7.0,3.0,0.42857142857142855,35,47,9491.58,0.23,0.8571428571428571,0.14285714285714285,0.0,0.0,0,0,0.0,0.0,0,0,0.0,2093.11,1,1,1.0,57627.25,5,2,0.4,0
LGS2ORD0049234,C012633,2026-01-25 21:00:00,Female,45,Silver,CallCenter,Songkhla,494,Lazada,PromptPay,21,1,6,1,40-50,16.466666666666665,11.0,3.0,0.2727272727272727,145,69,3536.592727272727,0.3,0.5454545454545454,0.36363636363636365,0.0,0.0,0,0,0.0,0.0,0,0,0.0,9616.01,2,0,0.0,38902.52,11,3,0.2727272727272727,0
LGS2ORD0049235,C015481,2026-01-25 22:00:00,Male,45,Bronze,Shopee,Remote_Area,1022,TV_Show,COD,22,1,6,1,40-50,34.06666666666667,7.0,3.0,0.42857142857142855,264,147,3686.878571428572,0.23,0.5714285714285714,0.14285714285714285,0.0,0.0,0,0,0.0,0.0,0,0,0.0,0.0,0,0,0.0,22917.65,5,2,0.4,1
LGS2ORD0049236,C017574,2026-01-25 22:00:00,Male,27,Gold,Lazada,Phuket,1599,Shopee,Credit_Card,22,1,6,1,20-30,53.3,2.0,0.0,0.0,-1,123,1871.415,0.18,0.5,0.0,0.0,0.0,0,0,0.0,0.0,0,0,0.0,0.0,0,0,0.0,3742.83,2,0,0.0,0
LGS2ORD0049237,C016817,2026-01-25 22:00:00,Female,45,Bronze,Shopee,Bangkok,1183,TV_Show,Credit_Card,22,1,6,1,40-50,39.43333333333333,6.0,0.0,0.0,-1,2,7160.798333333333,0.28,0.3333333333333333,0.5,0.0,6745.77,2,0,0.0,24190.43,3,0,0.0,24190.43,3,0,0.0,42964.79,6,0,0.0,0
LGS2ORD0049238,C016804,2026-01-25 22:00:00,Male,53,Silver,Web,Remote_Area,1402,Web,COD,22,1,6,1,>50,46.733333333333334,4.0,1.0,0.25,337,122,7002.6475,0.2,0.25,0.0,0.0,0.0,0,0,0.0,0.0,0,0,0.0,0.0,0,0,0.0,28010.59,4,1,0.25,0
LGS2ORD0049239,C017206,2026-01-25 22:00:00,Male,49,Bronze,Lazada,Bangkok,993,Web,COD,22,1,6,1,40-50,33.1,6.0,1.0,0.16666666666666666,196,119,9324.398333333333,0.18,0.3333333333333333,0.0,0.0,0.0,0,0,0.0,0.0,0,0,0.0,0.0,0,0,0.0,55946.39,6,1,0.16666666666666666,0
LGS2ORD0049240,C016002,2026-01-25 23:00:00,Female,35,Silver,Lazada,Nakhon Ratchasima,1171,TV_Show,Credit_Card,23,1,6,1,30-40,39.03333333333333,9.0,3.0,0.3333333333333333,104,115,5803.431111111111,0.3,0.5555555555555556,0.2222222222222222,0.0,0.0,0,0,0.0,0.0,0,0,0.0,0.0,0,0,0.0,52230.88,9,3,0.3333333333333333,0
LGS2ORD0049241,C016157,2026-01-25 23:00:00,Male,34,Bronze,Shopee,Bangkok,1307,Web,COD,23,1,6,1,30-40,43.56666666666667,7.0,1.0,0.14285714285714285,119,58,5786.84142857143,0.28,0.2857142857142857,0.2857142857142857,0.0,0.0,0,0,0.0,0.0,0,0,0.0,4997.86,1,0,0.0,40507.89000000001,7,1,0.14285714285714285,0
LGS2ORD0049242,C017550,2026-01-25 23:00:00,Female,57,Silver,TV,Bangkok,1411,CallCenter,COD,23,1,6,1,>50,47.03333333333333,7.0,0.0,0.0,-1,28,9875.655714285715,0.3,0.8571428571428571,0.14285714285714285,0.0,0.0,0,0,0.0,7482.88,1,0,0.0,7482.88,1,0,0.0,69129.59,7,0,0.0,0
LGS2ORD0049243,C016866,2026-01-25 23:00:00,Male,41,Silver,TV,Phuket,1785,Web,Credit_Card,23,1,6,1,40-50,59.5,2.0,0.0,0.0,-1,216,1485.185,0.3,0.5,0.5,0.0,0.0,0,0,0.0,0.0,0,0,0.0,0.0,0,0,0.0,2970.37,2,0,0.0,0
LGS2ORD0049244,C017336,2026-01-25 23:00:00,Male,59,Bronze,TV,Bangkok,1064,Web,PromptPay,23,1,6,1,>50,35.46666666666667,5.0,2.0,0.4,362,28,6228.032,0.28,0.8,0.8,0.0,0.0,0,0,0.0,6592.88,1,0,0.0,6592.88,1,0,0.0,20807.57,3,0,0.0,0
LGS2ORD0049245,C012481,2026-01-26 00:00:00,Female,49,Platinum,TV,Phuket,1440,Lazada,COD,0,1,0,0,40-50,48.0,13.0,6.0,0.46153846153846156,94,9,4647.304615384616,0.35,0.6153846153846154,0.6923076923076923,0.0,0.0,0,0,0.0,4067.87,1,0,0.0,5732.77,2,0,0.0,49954.63,12,6,0.5,0
LGS2ORD0049246,C010153,2026-01-26 00:00:00,Female,23,Gold,CallCenter,Khon Kaen,1178,Lazada,Credit_Card,0,1,0,0,20-30,39.266666666666666,2.0,0.0,0.0,-1,25,8106.6,0.2299999999999999,0.0,1.0,0.0,0.0,0,0,0.0,1309.88,1,0,0.0,1309.88,1,0,0.0,16213.2,2,0,0.0,0
LGS2ORD0049247,C012968,2026-01-26 00:00:00,Male,56,Gold,Lazada,Phuket,1629,Shopee,COD,0,1,0,0,>50,54.3,0.0,0.0,0.0,-1,-1,0.0,0.0,0.0,0.0,0.0,0.0,0,0,0.0,0.0,0,0,0.0,0.0,0,0,0.0,0.0,0,0,0.0,0
LGS2ORD0049248,C010744,2026-01-26 00:00:00,Female,56,Silver,Web,Khon Kaen,604,Web,Bank_Transfer,0,1,0,0,>50,20.133333333333333,6.0,0.0,0.0,-1,188,6618.836666666667,0.15,0.3333333333333333,0.0,0.0,0.0,0,0,0.0,0.0,0,0,0.0,0.0,0,0,0.0,39713.020000000004,6,0,0.0,1
LGS2ORD0049249,C013413,2026-01-26 00:00:00,Male,57,Silver,Web,Bangkok,926,TV_Show,Bank_Transfer,0,1,0,0,>50,30.866666666666667,5.0,2.0,0.4,123,127,2391.292,0.2,0.2,0.0,0.0,0.0,0,0,0.0,0.0,0,0,0.0,0.0,0,0,0.0,11956.46,5,2,0.4,0
LGS2ORD0049250,C014595,2026-01-26 00:00:00,Female,41,Silver,Shopee,Chiang Mai,1268,Web,COD,0,1,0,0,40-50,42.266666666666666,9.0,1.0,0.1111111111111111,230,0,5170.507777777778,0.3,0.6666666666666666,0.2222222222222222,0.0,11705.86,1,0,0.0,11705.86,1,0,0.0,11705.86,1,0,0.0,46534.57,9,1,0.1111111111111111,0
LGS2ORD0049251,C011583,2026-01-26 01:00:00,Female,64,Silver,Web,Chiang Mai,1767,Web,COD,1,1,0,0,>50,58.9,5.0,2.0,0.4,7,16,8195.33,0.25,0.8,0.2,0.0,0.0,0,0,0.0,2009.58,1,1,1.0,9485.83,2,1,0.5,40976.65,5,2,0.4,0
LGS2ORD0049252,C015789,2026-01-26 01:00:00,Male,46,Gold,TV,Chonburi,937,Shopee,COD,1,1,0,0,40-50,31.233333333333334,8.0,2.0,0.25,18,2,5037.77125,0.28,0.375,0.5,0.0,23822.78,1,0,0.0,24047.469999999998,2,1,0.5,27712.86,4,2,0.5,40302.17,8,2,0.25,1
LGS2ORD0049253,C016507,2026-01-26 01:00:00,Female,41,Bronze,TV,Chonburi,736,Lazada,COD,1,1,0,0,40-50,24.533333333333335,13.0,8.0,0.6153846153846154,1,9,2774.479230769231,0.28,0.6923076923076923,0.46153846153846156,0.0,0.0,0,0,0.0,1670.79,1,1,1.0,13404.79,3,2,0.6666666666666666,36068.23,13,8,0.6153846153846154,0
LGS2ORD0049254,C015491,2026-01-26 01:00:00,Male,38,Bronze,CallCenter,Chiang Mai,1721,Web,COD,1,1,0,0,30-40,57.36666666666667,15.0,1.0,0.06666666666666667,370,82,4844.746,0.23,0.5333333333333333,0.3333333333333333,0.0,0.0,0,0,0.0,0.0,0,0,0.0,13450.24,2,0,0.0,68832.58,14,0,0.0,0
LGS2ORD0049255,C015830,2026-01-26 01:00:00,Male,38,Silver,TV,Chonburi,1768,Lazada,Credit_Card,1,1,0,0,30-40,58.93333333333333,6.0,2.0,0.3333333333333333,122,134,4412.546666666666,0.3,0.6666666666666666,0.5,0.0,0.0,0,0,0.0,0.0,0,0,0.0,0.0,0,0,0.0,26475.28,6,2,0.3333333333333333,0
LGS2ORD0049256,C016254,2026-01-26 02:00:00,Male,29,Silver,TV,Chiang Mai,1141,CallCenter,Credit_Card,2,1,0,0,20-30,38.03333333333333,5.0,1.0,0.2,122,48,3459.8019999999997,0.3,0.2,0.2,0.0,0.0,0,0,0.0,0.0,0,0,0.0,5704.470000000001,3,0,0.0,17299.01,5,1,0.2,0
LGS2ORD0049257,C010521,2026-01-26 02:00:00,Male,52,Bronze,TV,Remote_Area,1126,TV_Show,PromptPay,2,1,0,0,>50,37.53333333333333,7.0,5.0,0.7142857142857143,7,13,4895.794285714285,0.23,0.42857142857142855,0.14285714285714285,0.0,0.0,0,0,0.0,4611.26,1,1,1.0,4611.26,1,1,1.0,34270.56,7,5,0.7142857142857143,0
LGS2ORD0049258,C013943,2026-01-26 02:00:00,Male,26,Bronze,Lazada,Chiang Mai,572,Shopee,COD,2,1,0,0,20-30,19.066666666666666,5.0,1.0,0.2,235,132,9647.405999999999,0.18,0.8,0.0,0.0,0.0,0,0,0.0,0.0,0,0,0.0,0.0,0,0,0.0,48237.03,5,1,0.2,0
LGS2ORD0049259,C010716,2026-01-26 02:00:00,Female,44,Platinum,Lazada,Chiang Mai,900,Lazada,COD,2,1,0,0,40-50,30.0,5.0,1.0,0.2,114,61,1297.3439999999998,0.35,0.2,0.6,0.0,0.0,0,0,0.0,0.0,0,0,0.0,1507.4,1,0,0.0,5799.6,4,1,0.25,1
LGS2ORD0049260,C013997,2026-01-26 02:00:00,Female,43,Silver,Shopee,Bangkok,1538,Web,Credit_Card,2,1,0,0,40-50,51.266666666666666,3.0,0.0,0.0,-1,187,9219.903333333334,0.25,0.0,0.3333333333333333,0.0,0.0,0,0,0.0,0.0,0,0,0.0,0.0,0,0,0.0,27659.71,3,0,0.0,0
LGS2ORD0049261,C010987,2026-01-26 03:00:00,Female,37,Bronze,Lazada,Songkhla,1050,Web,PromptPay,3,1,0,0,30-40,35.0,6.0,0.0,0.0,-1,159,7977.3533333333335,0.23,0.5,0.16666666666666666,0.0,0.0,0,0,0.0,0.0,0,0,0.0,0.0,0,0,0.0,47864.12,6,0,0.0,0
LGS2ORD0049262,C010727,2026-01-26 03:00:00,Male,44,Silver,Web,Khon Kaen,1183,Lazada,COD,3,1,0,0,40-50,39.43333333333333,8.0,3.0,0.375,175,181,6513.96875,0.3,0.875,0.5,0.0,0.0,0,0,0.0,0.0,0,0,0.0,0.0,0,0,0.0,52111.75,8,3,0.375,0
LGS2ORD0049263,C010134,2026-01-26 03:00:00,Female,29,Bronze,CallCenter,Khon Kaen,1322,TV_Show,COD,3,1,0,0,20-30,44.06666666666667,5.0,3.0,0.6,189,151,1554.1,0.18,0.6,0.0,0.0,0.0,0,0,0.0,0.0,0,0,0.0,0.0,0,0,0.0,7770.5,5,3,0.6,1
LGS2ORD0049264,C010662,2026-01-26 03:00:00,Male,50,Bronze,TV,Songkhla,692,Web,COD,3,1,0,0,40-50,23.066666666666666,5.0,3.0,0.6,216,51,4846.314,0.28,0.4,0.4,0.0,0.0,0,0,0.0,0.0,0,0,0.0,7643.58,1,0,0.0,24231.57,5,3,0.6,0
LGS2ORD0049265,C016734,2026-01-26 03:00:00,Male,46,Bronze,Lazada,Remote_Area,1413,TV_Show,COD,3,1,0,0,40-50,47.1,5.0,3.0,0.6,64,65,3734.8599999999997,0.28,0.2,0.2,0.0,0.0,0,0,0.0,0.0,0,0,0.0,1807.09,2,1,0.5,18674.3,5,3,0.6,1
LGS2ORD0049266,C013161,2026-01-26 03:00:00,Male,50,Bronze,Shopee,Nakhon Ratchasima,1210,Shopee,Bank_Transfer,3,1,0,0,40-50,40.333333333333336,7.0,2.0,0.2857142857142857,173,188,3628.2914285714287,0.28,0.5714285714285714,0.42857142857142855,0.0,0.0,0,0,0.0,0.0,0,0,0.0,0.0,0,0,0.0,24705.879999999997,6,2,0.3333333333333333,0
LGS2ORD0049267,C013614,2026-01-26 04:00:00,Female,24,Silver,Shopee,Nakhon Ratchasima,478,Web,Bank_Transfer,4,1,0,0,20-30,15.933333333333334,3.0,2.0,0.6666666666666666,134,62,7948.82,0.2,0.6666666666666666,0.0,0.0,0.0,0,0,0.0,0.0,0,0,0.0,880.07,1,0,0.0,23846.46,3,2,0.6666666666666666,0
LGS2ORD0049268,C010487,2026-01-26 04:00:00,Male,63,Bronze,TV,Remote_Area,1401,Shopee,PromptPay,4,1,0,0,>50,46.7,11.0,2.0,0.18181818181818182,35,8,4813.373636363637,0.28,0.45454545454545453,0.45454545454545453,0.0,0.0,0,0,0.0,2165.36,1,0,0.0,3044.9,2,1,0.5,52947.11000000001,11,2,0.18181818181818182,0
LGS2ORD0049269,C010480,2026-01-26 04:00:00,Female,39,Bronze,Web,Nakhon Ratchasima,1555,Lazada,Credit_Card,4,1,0,0,30-40,51.833333333333336,3.0,0.0,0.0,-1,24,4161.746666666667,0.28,0.0,0.3333333333333333,0.0,0.0,0,0,0.0,1568.41,1,0,0.0,12485.24,3,0,0.0,12485.24,3,0,0.0,0
LGS2ORD0049270,C016360,2026-01-26 04:00:00,Female,38,Bronze,CallCenter,Bangkok,867,TV_Show,COD,4,1,0,0,30-40,28.9,7.0,1.0,0.14285714285714285,20,24,2847.932857142857,0.28,0.42857142857142855,0.2857142857142857,0.0,0.0,0,0,0.0,7810.620000000001,2,1,0.5,7810.620000000001,2,1,0.5,19935.53,7,1,0.14285714285714285,1
LGS2ORD0049271,C012455,2026-01-26 04:00:00,Male,26,Bronze,Web,Bangkok,569,Lazada,Credit_Card,4,1,0,0,20-30,18.966666666666665,2.0,0.0,0.0,-1,207,4293.295,0.23,0.0,0.5,0.0,0.0,0,0,0.0,0.0,0,0,0.0,0.0,0,0,0.0,2242.23,1,0,0.0,0
LGS2ORD0049272,C017793,2026-01-26 05:00:00,Male,44,Bronze,Lazada,Nakhon Ratchasima,1801,Web,COD,5,1,0,0,40-50,60.03333333333333,6.0,1.0,0.16666666666666666,161,11,2121.7816666666668,0.28,0.3333333333333333,0.3333333333333333,0.0,0.0,0,0,0.0,1330.22,1,0,0.0,2250.64,2,0,0.0,12730.69,6,1,0.16666666666666666,0
LGS2ORD0049273,C014998,2026-01-26 05:00:00,Male,65,Gold,Web,Nakhon Ratchasima,873,TV_Show,PromptPay,5,1,0,0,>50,29.1,4.0,1.0,0.25,314,87,3815.1274999999996,0.33,0.75,0.5,0.0,0.0,0,0,0.0,0.0,0,0,0.0,1970.9,1,0,0.0,15260.509999999998,4,1,0.25,0
LGS2ORD0049274,C015370,2026-01-26 05:00:00,Female,31,Gold,CallCenter,Khon Kaen,681,Web,PromptPay,5,1,0,0,30-40,22.7,4.0,0.0,0.0,-1,37,2929.6800000000003,0.33,0.75,0.25,0.0,0.0,0,0,0.0,0.0,0,0,0.0,2635.95,1,0,0.0,11718.720000000001,4,0,0.0,0
LGS2ORD0049275,C011270,2026-01-26 05:00:00,Female,27,Silver,TV,Chonburi,1668,CallCenter,PromptPay,5,1,0,0,20-30,55.6,8.0,1.0,0.125,96,21,6240.395,0.25,0.125,0.25,0.0,0.0,0,0,0.0,757.08,1,0,0.0,757.08,1,0,0.0,20629.11,7,1,0.14285714285714285,0
LGS2ORD0049276,C013661,2026-01-26 05:00:00,Male,25,Silver,Shopee,Khon Kaen,844,TV_Show,Credit_Card,5,1,0,0,20-30,28.133333333333333,3.0,1.0,0.3333333333333333,86,52,5721.583333333333,0.2,0.6666666666666666,0.0,0.0,0.0,0,0,0.0,0.0,0,0,0.0,2675.27,1,0,0.0,17164.75,3,1,0.3333333333333333,0
LGS2ORD0049277,C017851,2026-01-26 06:00:00,Male,56,Silver,Shopee,Bangkok,922,Shopee,COD,6,1,0,0,>50,30.733333333333334,5.0,2.0,0.4,0,11,1910.78,0.3,0.2,0.4,0.0,0.0,0,0,0.0,725.5,1,1,1.0,725.5,1,1,1.0,9553.9,5,2,0.4,1
LGS2ORD0049278,C016131,2026-01-26 06:00:00,Male,37,Bronze,Web,Bangkok,1051,CallCenter,COD,6,1,0,0,30-40,35.03333333333333,7.0,1.0,0.14285714285714285,257,29,10911.915714285715,0.23,0.8571428571428571,0.14285714285714285,0.0,0.0,0,0,0.0,7425.61,1,0,0.0,32780.65,3,0,0.0,72257.45999999999,6,1,0.16666666666666666,0
LGS2ORD0049279,C011059,2026-01-26 06:00:00,Male,64,Gold,TV,Chonburi,1384,Web,Credit_Card,6,1,0,0,>50,46.13333333333333,11.0,3.0,0.2727272727272727,53,61,3667.0836363636363,0.33,0.7272727272727273,0.6363636363636364,0.0,0.0,0,0,0.0,0.0,0,0,0.0,4871.76,2,1,0.5,34290.84,9,2,0.2222222222222222,0
LGS2ORD0049280,C011249,2026-01-26 06:00:00,Female,52,Bronze,TV,Remote_Area,1400,Web,Credit_Card,6,1,0,0,>50,46.666666666666664,5.0,2.0,0.4,225,20,3845.2940000000003,0.18,0.6,0.0,0.0,0.0,0,0,0.0,940.36,1,0,0.0,940.36,1,0,0.0,19226.47,5,2,0.4,1
LGS2ORD0049281,C015850,2026-01-26 06:00:00,Female,58,Bronze,TV,Nakhon Ratchasima,849,Shopee,COD,6,1,0,0,>50,28.3,5.0,1.0,0.2,48,59,4209.35,0.23,0.4,0.4,0.0,0.0,0,0,0.0,0.0,0,0,0.0,6807.42,1,1,1.0,21046.75,5,1,0.2,0
LGS2ORD0049282,C016230,2026-01-26 07:00:00,Male,33,Bronze,Shopee,Bangkok,916,TV_Show,Bank_Transfer,7,1,0,0,30-40,30.533333333333335,10.0,1.0,0.1,46,2,7171.194,0.23,0.4,0.1,0.0,1145.83,1,0,0.0,1145.83,1,0,0.0,12354.86,2,1,0.5,71711.94,10,1,0.1,0
LGS2ORD0049283,C014133,2026-01-26 07:00:00,Female,29,Silver,Web,Khon Kaen,513,Lazada,COD,7,1,0,0,20-30,17.1,4.0,0.0,0.0,-1,40,3528.87,0.3,0.0,0.5,0.0,0.0,0,0,0.0,0.0,0,0,0.0,1029.62,1,0,0.0,12735.439999999999,3,0,0.0,0
LGS2ORD0049284,C016422,2026-01-26 07:00:00,Male,39,Silver,Lazada,Chonburi,1294,Shopee,PromptPay,7,1,0,0,30-40,43.13333333333333,3.0,1.0,0.3333333333333333,58,72,6612.863333333334,0.2,0.3333333333333333,0.0,0.0,0.0,0,0,0.0,0.0,0,0,0.0,2472.87,1,1,1.0,12228.279999999999,2,1,0.5,0
LGS2ORD0049285,C010824,2026-01-26 07:00:00,Male,34,Silver,TV,Khon Kaen,1365,TV_Show,Credit_Card,7,1,0,0,30-40,45.5,9.0,2.0,0.2222222222222222,84,42,7191.141111111112,0.3,0.7777777777777778,0.2222222222222222,0.0,0.0,0,0,0.0,0.0,0,0,0.0,16699.49,1,0,0.0,64720.270000000004,9,2,0.2222222222222222,0
LGS2ORD0049286,C010666,2026-01-26 07:00:00,Female,24,Silver,TV,Chiang Mai,855,CallCenter,Credit_Card,7,1,0,0,20-30,28.5,9.0,1.0,0.1111111111111111,55,23,9509.53888888889,0.25,0.5555555555555556,0.1111111111111111,0.0,0.0,0,0,0.0,10800.72,1,0,0.0,38656.22,5,1,0.2,85585.85,9,1,0.1111111111111111,0
LGS2ORD0049287,C015338,2026-01-26 07:00:00,Female,45,Silver,Web,Chonburi,598,CallCenter,Credit_Card,7,1,0,0,40-50,19.933333333333334,10.0,2.0,0.2,122,12,5253.1669999999995,0.2,0.2,0.0,0.0,0.0,0,0,0.0,5786.85,1,0,0.0,5786.85,1,0,0.0,52531.67,10,2,0.2,0
LGS2ORD0049288,C013180,2026-01-26 08:00:00,Male,21,Gold,Web,Khon Kaen,1195,Web,COD,8,1,0,0,20-30,39.833333333333336,6.0,2.0,0.3333333333333333,70,82,5698.211666666666,0.28,0.8333333333333334,0.3333333333333333,0.0,0.0,0,0,0.0,0.0,0,0,0.0,1297.07,1,1,1.0,34189.27,6,2,0.3333333333333333,0
LGS2ORD0049289,C013463,2026-01-26 08:00:00,Female,36,Bronze,Web,Khon Kaen,1310,Lazada,COD,8,1,0,0,30-40,43.666666666666664,4.0,2.0,0.5,43,3,4147.76,0.18,0.75,0.0,0.0,1972.96,1,0,0.0,1972.96,1,0,0.0,3603.96,2,1,0.5,16591.04,4,2,0.5,0
LGS2ORD0049290,C012631,2026-01-26 08:00:00,Female,39,Gold,CallCenter,Bangkok,1459,Web,PromptPay,8,1,0,0,30-40,48.63333333333333,2.0,1.0,0.5,154,169,3491.15,0.2299999999999999,0.5,0.5,0.0,0.0,0,0,0.0,0.0,0,0,0.0,0.0,0,0,0.0,6982.3,2,1,0.5,0
LGS2ORD0049291,C017104,2026-01-26 08:00:00,Female,51,Silver,Lazada,Bangkok,514,TV_Show,COD,8,1,0,0,>50,17.133333333333333,2.0,0.0,0.0,-1,158,1402.6399999999999,0.2,0.5,0.0,0.0,0.0,0,0,0.0,0.0,0,0,0.0,0.0,0,0,0.0,2805.2799999999997,2,0,0.0,1
LGS2ORD0049292,C010976,2026-01-26 08:00:00,Female,41,Platinum,Web,Bangkok,1705,CallCenter,Credit_Card,8,1,0,0,40-50,56.833333333333336,0.0,0.0,0.0,-1,-1,0.0,0.0,0.0,0.0,0.0,0.0,0,0,0.0,0.0,0,0,0.0,0.0,0,0,0.0,0.0,0,0,0.0,0
LGS2ORD0049293,C017454,2026-01-26 09:00:00,Male,62,Platinum,Lazada,Chonburi,1302,Web,Bank_Transfer,9,1,0,0,>50,43.4,2.0,1.0,0.5,43,2,1112.815,0.35,1.0,0.5,0.0,903.93,1,0,0.0,903.93,1,0,0.0,2225.63,2,1,0.5,2225.63,2,1,0.5,0
LGS2ORD0049294,C013298,2026-01-26 09:00:00,Male,59,Bronze,CallCenter,Phuket,1532,TV_Show,PromptPay,9,1,0,0,>50,51.06666666666667,9.0,4.0,0.4444444444444444,-9,2,3233.5833333333335,0.23,0.6666666666666666,0.1111111111111111,0.0,1569.94,1,1,1.0,1569.94,1,1,1.0,12467.910000000002,4,1,0.25,26279.010000000002,8,4,0.5,0
LGS2ORD0049295,C015296,2026-01-26 09:00:00,Female,39,Bronze,Shopee,Songkhla,893,CallCenter,PromptPay,9,1,0,0,30-40,29.766666666666666,6.0,3.0,0.5,82,91,3262.891666666667,0.28,0.6666666666666666,0.3333333333333333,0.0,0.0,0,0,0.0,0.0,0,0,0.0,0.0,0,0,0.0,19577.350000000002,6,3,0.5,0
LGS2ORD0049296,C010803,2026-01-26 09:00:00,Male,41,Gold,Web,Bangkok,1476,TV_Show,Credit_Card,9,1,0,0,40-50,49.2,1.0,0.0,0.0,-1,125,5021.98,0.08,0.0,0.0,0.0,0.0,0,0,0.0,0.0,0,0,0.0,0.0,0,0,0.0,5021.98,1,0,0.0,1
LGS2ORD0049297,C015960,2026-01-26 09:00:00,Male,49,Bronze,Shopee,Khon Kaen,617,CallCenter,COD,9,1,0,0,40-50,20.566666666666666,11.0,4.0,0.36363636363636365,110,56,4365.337272727273,0.28,0.2727272727272727,0.5454545454545454,0.0,0.0,0,0,0.0,0.0,0,0,0.0,12846.41,3,0,0.0,48018.71,11,4,0.36363636363636365,0
LGS2ORD0049298,C015068,2026-01-26 10:00:00,Male,48,Bronze,TV,Chiang Mai,1378,TV_Show,COD,10,1,0,0,40-50,45.93333333333333,8.0,1.0,0.125,380,27,6153.35375,0.23,0.75,0.125,0.0,0.0,0,0,0.0,4420.83,1,0,0.0,28804.379999999997,3,0,0.0,48331.59,7,0,0.0,0
LGS2ORD0049299,C010674,2026-01-26 10:00:00,Female,47,Gold,Shopee,Bangkok,794,TV_Show,Bank_Transfer,10,1,0,0,40-50,26.466666666666665,4.0,1.0,0.25,212,20,3703.4275,0.2299999999999999,0.75,0.25,0.0,0.0,0,0,0.0,5702.19,1,0,0.0,7671.8099999999995,2,0,0.0,14813.71,4,1,0.25,1
LGS2ORD0049300,C012738,2026-01-26 10:00:00,Female,27,Silver,Web,Nakhon Ratchasima,1594,Web,Credit_Card,10,1,0,0,20-30,53.13333333333333,12.0,3.0,0.25,146,21,6633.725833333334,0.25,0.5,0.16666666666666666,0.0,0.0,0,0,0.0,17760.69,1,0,0.0,17760.69,1,0,0.0,79604.71,12,3,0.25,0
LGS2ORD0049301,C014503,2026-01-26 10:00:00,Male,44,Gold,Shopee,Khon Kaen,1006,TV_Show,COD,10,1,0,0,40-50,33.53333333333333,7.0,0.0,0.0,-1,14,12416.874285714284,0.28,0.2857142857142857,0.2857142857142857,0.0,0.0,0,0,0.0,34995.159999999996,2,0,0.0,34995.159999999996,2,0,0.0,52431.46,6,0,0.0,0
LGS2ORD0049302,C013939,2026-01-26 10:00:00,Female,42,Bronze,TV,Remote_Area,856,Shopee,COD,10,1,0,0,40-50,28.533333333333335,6.0,3.0,0.5,15,25,8350.138333333334,0.23,1.0,0.16666666666666666,0.0,0.0,0,0,0.0,28800.32,2,1,0.5,28800.32,2,1,0.5,49474.91,5,3,0.6,1
LGS2ORD0049303,C014611,2026-01-26 11:00:00,Female,46,Bronze,CallCenter,Songkhla,614,TV_Show,COD,11,1,0,0,40-50,20.466666666666665,4.0,1.0,0.25,274,79,8994.34,0.18,0.75,0.0,0.0,0.0,0,0,0.0,0.0,0,0,0.0,8980.21,1,0,0.0,35977.36,4,1,0.25,1
LGS2ORD0049304,C010638,2026-01-26 11:00:00,Female,44,Gold,Web,Chonburi,417,Shopee,COD,11,1,0,0,40-50,13.9,6.0,3.0,0.5,-4,3,3519.4316666666673,0.33,0.3333333333333333,0.3333333333333333,0.0,2001.17,1,1,1.0,2001.17,1,1,1.0,3495.44,2,1,0.5,21116.590000000004,6,3,0.5,0
LGS2ORD0049305,C012592,2026-01-26 11:00:00,Female,31,Bronze,TV,Bangkok,708,Web,COD,11,1,0,0,30-40,23.6,8.0,1.0,0.125,178,59,7165.71375,0.23,0.625,0.125,0.0,0.0,0,0,0.0,0.0,0,0,0.0,31829.07,3,0,0.0,57325.71,8,1,0.125,1
LGS2ORD0049306,C013730,2026-01-26 11:00:00,Male,43,Silver,TV,Phuket,1354,TV_Show,PromptPay,11,1,0,0,40-50,45.13333333333333,5.0,1.0,0.2,346,74,5096.522,0.2,0.6,0.0,0.0,0.0,0,0,0.0,0.0,0,0,0.0,2524.74,1,0,0.0,25482.61,5,1,0.2,0
LGS2ORD0049307,C010728,2026-01-26 11:00:00,Female,53,Gold,Shopee,Songkhla,1840,CallCenter,COD,11,1,0,0,>50,61.333333333333336,8.0,1.0,0.125,4,16,6155.049999999999,0.28,0.375,0.5,0.0,0.0,0,0,0.0,6865.89,1,1,1.0,8109.02,2,1,0.5,49240.399999999994,8,1,0.125,0
LGS2ORD0049308,C010801,2026-01-26 11:00:00,Female,65,Gold,TV,Nakhon Ratchasima,1507,Web,PromptPay,11,1,0,0,>50,50.233333333333334,11.0,3.0,0.2727272727272727,31,21,2935.0845454545456,0.33,0.6363636363636364,0.6363636363636364,0.0,0.0,0,0,0.0,767.9,1,0,0.0,12076.11,4,2,0.5,28067.66,9,3,0.3333333333333333,0
LGS2ORD0049309,C010225,2026-01-26 12:00:00,Female,70,Bronze,Shopee,Songkhla,1668,CallCenter,COD,12,1,0,0,>50,55.6,10.0,6.0,0.6,49,35,4279.429,0.28,0.5,0.3,0.0,0.0,0,0,0.0,0.0,0,0,0.0,5791.38,2,1,0.5,41244.299999999996,9,5,0.5555555555555556,1
LGS2ORD0049310,C011633,2026-01-26 12:00:00,Male,36,Silver,TV,Phuket,566,Lazada,COD,12,1,0,0,30-40,18.866666666666667,16.0,6.0,0.375,24,36,6696.7231249999995,0.3,0.6875,0.5,0.0625,0.0,0,0,0.0,0.0,0,0,0.0,1176.87,1,1,1.0,87228.44,15,6,0.4,0
LGS2ORD0049311,C011690,2026-01-26 12:00:00,Male,30,Platinum,Web,Bangkok,559,Lazada,Credit_Card,12,1,0,0,20-30,18.633333333333333,3.0,0.0,0.0,-1,6,2702.1066666666666,0.3,0.3333333333333333,0.6666666666666666,0.0,1298.04,1,0,0.0,1298.04,1,0,0.0,3826.2799999999997,2,0,0.0,8106.32,3,0,0.0,0
LGS2ORD0049312,C015065,2026-01-26 12:00:00,Female,59,Silver,CallCenter,Chiang Mai,1748,CallCenter,Credit_Card,12,1,0,0,>50,58.266666666666666,4.0,1.0,0.25,194,64,9975.985,0.3,0.25,0.25,0.0,0.0,0,0,0.0,0.0,0,0,0.0,9154.04,1,0,0.0,37879.020000000004,3,1,0.3333333333333333,0
LGS2ORD0049313,C017318,2026-01-26 12:00:00,Female,69,Bronze,TV,Phuket,1786,TV_Show,Credit_Card,12,1,0,0,>50,59.53333333333333,4.0,1.0,0.25,369,206,5752.545,0.23,0.25,0.5,0.0,0.0,0,0,0.0,0.0,0,0,0.0,0.0,0,0,0.0,19015.52,2,0,0.0,1
LGS2ORD0049314,C017074,2026-01-26 13:00:00,Male,68,Gold,Shopee,Bangkok,1681,TV_Show,COD,13,1,0,0,>50,56.03333333333333,5.0,2.0,0.4,65,58,7688.15,0.33,0.6,0.8,0.0,0.0,0,0,0.0,0.0,0,0,0.0,2233.92,2,1,0.5,38440.75,5,2,0.4,0
LGS2ORD0049315,C011184,2026-01-26 13:00:00,Female,25,Bronze,TV,Phuket,1025,Web,Credit_Card,13,1,0,0,20-30,34.166666666666664,8.0,0.0,0.0,-1,4,7233.1775,0.23,0.25,0.375,0.0,6856.5,1,0,0.0,6856.5,1,0,0.0,23065.08,3,0,0.0,57865.42,8,0,0.0,0
LGS2ORD0049316,C016548,2026-01-26 13:00:00,Female,33,Bronze,Lazada,Nakhon Ratchasima,1024,Lazada,COD,13,1,0,0,30-40,34.13333333333333,4.0,1.0,0.25,7,18,13997.355000000001,0.18,0.75,0.0,0.0,0.0,0,0,0.0,1903.51,1,1,1.0,1903.51,1,1,1.0,55989.420000000006,4,1,0.25,0
LGS2ORD0049317,C015403,2026-01-26 13:00:00,Female,48,Silver,Web,Nakhon Ratchasima,1273,TV_Show,Bank_Transfer,13,1,0,0,40-50,42.43333333333333,0.0,0.0,0.0,-1,-1,0.0,0.0,0.0,0.0,0.0,0.0,0,0,0.0,0.0,0,0,0.0,0.0,0,0,0.0,0.0,0,0,0.0,0
LGS2ORD0049318,C013205,2026-01-26 13:00:00,Male,50,Bronze,TV,Remote_Area,837,Shopee,Credit_Card,13,1,0,0,40-50,27.9,9.0,4.0,0.4444444444444444,82,20,3885.1488888888894,0.28,0.5555555555555556,0.1111111111111111,0.0,0.0,0,0,0.0,1017.65,1,0,0.0,1017.65,1,0,0.0,28733.38,8,4,0.5,0
LGS2ORD0049319,C016069,2026-01-26 14:00:00,Other,56,Bronze,TV,Bangkok,1333,TV_Show,Credit_Card,14,1,0,0,>50,44.43333333333333,10.0,2.0,0.2,324,76,2704.448,0.28,0.5,0.4,0.0,0.0,0,0,0.0,0.0,0,0,0.0,13205.0,3,0,0.0,23039.43,9,1,0.1111111111111111,0
LGS2ORD0049320,C011722,2026-01-26 14:00:00,Female,43,Silver,TV,Khon Kaen,1461,TV_Show,Credit_Card,14,1,0,0,40-50,48.7,7.0,2.0,0.2857142857142857,41,53,2769.4871428571423,0.3,0.5714285714285714,0.2857142857142857,0.0,0.0,0,0,0.0,0.0,0,0,0.0,1297.58,1,1,1.0,19386.409999999996,7,2,0.2857142857142857,0
LGS2ORD0049321,C014530,2026-01-26 14:00:00,Female,61,Bronze,TV,Remote_Area,1589,Shopee,COD,14,1,0,0,>50,52.96666666666667,7.0,1.0,0.14285714285714285,90,28,6919.312857142856,0.23,0.7142857142857143,0.14285714285714285,0.0,0.0,0,0,0.0,1620.82,2,0,0.0,1620.82,2,0,0.0,48435.189999999995,7,1,0.14285714285714285,0
LGS2ORD0049322,C011615,2026-01-26 14:00:00,Female,51,Silver,Web,Chiang Mai,584,Shopee,Bank_Transfer,14,1,0,0,>50,19.466666666666665,6.0,0.0,0.0,-1,76,4540.558333333333,0.25,0.3333333333333333,0.3333333333333333,0.0,0.0,0,0,0.0,0.0,0,0,0.0,3942.07,1,0,0.0,27243.35,6,0,0.0,0
LGS2ORD0049323,C015091,2026-01-26 14:00:00,Female,38,Silver,TV,Chiang Mai,875,CallCenter,Bank_Transfer,14,1,0,0,30-40,29.166666666666668,8.0,4.0,0.5,5,12,3290.21125,0.3,0.875,0.25,0.0,0.0,0,0,0.0,949.63,1,1,1.0,2984.45,2,2,1.0,15582.01,7,4,0.5714285714285714,0
LGS2ORD0049324,C017979,2026-01-26 15:00:00,Male,51,Silver,Shopee,Nakhon Ratchasima,1405,Shopee,PromptPay,15,1,0,0,>50,46.833333333333336,6.0,3.0,0.5,191,60,9274.653333333334,0.25,0.3333333333333333,0.3333333333333333,0.0,0.0,0,0,0.0,0.0,0,0,0.0,23374.95,1,0,0.0,50349.41,5,3,0.6,0
LGS2ORD0049325,C013585,2026-01-26 15:00:00,Male,35,Bronze,TV,Bangkok,752,TV_Show,COD,15,1,0,0,30-40,25.066666666666666,5.0,2.0,0.4,52,9,6636.123999999999,0.28,0.6,0.4,0.0,0.0,0,0,0.0,2786.01,1,0,0.0,11655.820000000002,3,1,0.3333333333333333,33180.619999999995,5,2,0.4,0
LGS2ORD0049326,C010299,2026-01-26 15:00:00,Female,18,Bronze,TV,Chonburi,608,TV_Show,Credit_Card,15,1,0,0,<20,20.266666666666666,11.0,3.0,0.2727272727272727,67,45,6709.598181818184,0.28,0.36363636363636365,0.2727272727272727,0.0,0.0,0,0,0.0,0.0,0,0,0.0,22610.65,4,2,0.5,73805.58000000002,11,3,0.2727272727272727,1
LGS2ORD0049327,C013471,2026-01-26 15:00:00,Female,36,Bronze,Lazada,Bangkok,609,CallCenter,COD,15,1,0,0,30-40,20.3,6.0,1.0,0.16666666666666666,317,50,1990.0983333333331,0.28,0.5,0.5,0.0,0.0,0,0,0.0,0.0,0,0,0.0,6547.2300000000005,2,0,0.0,11940.589999999998,6,1,0.16666666666666666,0
LGS2ORD0049328,C011417,2026-01-26 15:00:00,Female,32,Silver,Lazada,Nakhon Ratchasima,1138,Lazada,PromptPay,15,1,0,0,30-40,37.93333333333333,2.0,0.0,0.0,-1,261,3123.3700000000003,0.15,0.5,0.0,0.0,0.0,0,0,0.0,0.0,0,0,0.0,0.0,0,0,0.0,1253.18,1,0,0.0,1
LGS2ORD0049329,C015170,2026-01-26 15:00:00,Female,33,Silver,Web,Bangkok,1835,Shopee,Bank_Transfer,15,1,0,0,30-40,61.166666666666664,5.0,2.0,0.4,163,133,5056.776,0.2,0.4,0.0,0.0,0.0,0,0,0.0,0.0,0,0,0.0,0.0,0,0,0.0,25283.88,5,2,0.4,0
LGS2ORD0049330,C017024,2026-01-26 16:00:00,Female,29,Bronze,TV,Nakhon Ratchasima,684,Shopee,Credit_Card,16,1,0,0,20-30,22.8,8.0,0.0,0.0,-1,3,8147.09375,0.23,0.375,0.125,0.0,4893.99,1,0,0.0,4893.99,1,0,0.0,4893.99,1,0,0.0,65176.75,8,0,0.0,0
LGS2ORD0049331,C011031,2026-01-26 16:00:00,Female,37,Gold,TV,Chiang Mai,1327,TV_Show,COD,16,1,0,0,30-40,44.233333333333334,8.0,3.0,0.375,244,77,2703.9775,0.28,0.25,0.875,0.0,0.0,0,0,0.0,0.0,0,0,0.0,1286.93,1,0,0.0,21631.82,8,3,0.375,0
LGS2ORD0049332,C012732,2026-01-26 16:00:00,Female,59,Silver,Lazada,Bangkok,894,Shopee,COD,16,1,0,0,>50,29.8,7.0,0.0,0.0,-1,29,7443.082857142857,0.25,0.14285714285714285,0.14285714285714285,0.0,0.0,0,0,0.0,1447.98,1,0,0.0,1447.98,1,0,0.0,46770.840000000004,5,0,0.0,0
LGS2ORD0049333,C011337,2026-01-26 16:00:00,Male,22,Bronze,TV,Remote_Area,874,CallCenter,PromptPay,16,1,0,0,20-30,29.133333333333333,8.0,3.0,0.375,114,119,2912.9875,0.23,0.375,0.25,0.0,0.0,0,0,0.0,0.0,0,0,0.0,0.0,0,0,0.0,21752.18,7,2,0.2857142857142857,1
LGS2ORD0049334,C017633,2026-01-26 16:00:00,Female,53,Platinum,Shopee,Bangkok,1361,CallCenter,PromptPay,16,1,0,0,>50,45.36666666666667,5.0,1.0,0.2,379,214,3945.2660000000005,0.25,0.6,0.4,0.0,0.0,0,0,0.0,0.0,0,0,0.0,0.0,0,0,0.0,15038.43,3,0,0.0,0
LGS2ORD0049335,C015211,2026-01-26 17:00:00,Other,41,Platinum,Shopee,Phuket,780,Shopee,Credit_Card,17,1,0,0,40-50,26.0,8.0,3.0,0.375,-7,3,8308.032500000001,0.35,0.375,0.25,0.0,2849.35,1,1,1.0,2849.35,1,1,1.0,24146.93,2,1,0.5,46880.89,7,3,0.42857142857142855,0
LGS2ORD0049336,C014648,2026-01-26 17:00:00,Female,63,Bronze,TV,Songkhla,1610,CallCenter,COD,17,1,0,0,>50,53.666666666666664,8.0,3.0,0.375,18,29,9128.165,0.23,0.125,0.25,0.0,0.0,0,0,0.0,16491.68,1,1,1.0,34829.01,3,1,0.3333333333333333,73025.32,8,3,0.375,1
LGS2ORD0049337,C015526,2026-01-26 17:00:00,Female,54,Bronze,Lazada,Chonburi,695,Web,COD,17,1,0,0,>50,23.166666666666668,8.0,1.0,0.125,-12,1,3635.1025,0.23,0.5,0.375,0.0,1599.83,1,1,1.0,1599.83,1,1,1.0,1599.83,1,1,1.0,29080.82,8,1,0.125,1
LGS2ORD0049338,C012191,2026-01-26 17:00:00,Female,58,Gold,Shopee,Bangkok,1616,Lazada,Credit_Card,17,1,0,0,>50,53.86666666666667,8.0,2.0,0.25,321,52,6047.8412499999995,0.2299999999999999,0.5,0.5,0.125,0.0,0,0,0.0,0.0,0,0,0.0,2778.24,2,0,0.0,42222.38999999999,7,2,0.2857142857142857,0
LGS2ORD0049339,C010065,2026-01-26 17:00:00,Male,38,Bronze,CallCenter,Khon Kaen,1848,CallCenter,Credit_Card,17,1,0,0,30-40,61.6,14.0,0.0,0.0,-1,5,3112.603571428572,0.28,0.42857142857142855,0.2857142857142857,0.0,6374.72,1,0,0.0,8189.370000000001,2,0,0.0,13545.57,4,0,0.0,41700.04000000001,13,0,0.0,0
LGS2ORD0049340,C017162,2026-01-26 18:00:00,Female,30,Silver,Shopee,Bangkok,789,CallCenter,Credit_Card,18,1,0,0,20-30,26.3,7.0,1.0,0.14285714285714285,192,12,4589.374285714285,0.3,0.5714285714285714,0.5714285714285714,0.0,0.0,0,0,0.0,1976.88,1,0,0.0,10119.77,2,0,0.0,32125.62,7,1,0.14285714285714285,0
LGS2ORD0049341,C014047,2026-01-26 18:00:00,Male,43,Gold,Web,Nakhon Ratchasima,1515,Web,Credit_Card,18,1,0,0,40-50,50.5,6.0,0.0,0.0,-1,8,7936.436666666666,0.28,0.5,0.3333333333333333,0.0,0.0,0,0,0.0,19409.22,1,0,0.0,19409.22,1,0,0.0,47157.04,5,0,0.0,0
LGS2ORD0049342,C012705,2026-01-26 18:00:00,Male,52,Bronze,Shopee,Nakhon Ratchasima,811,Web,Bank_Transfer,18,1,0,0,>50,27.033333333333335,6.0,1.0,0.16666666666666666,293,202,4175.863333333333,0.18,0.5,0.0,0.0,0.0,0,0,0.0,0.0,0,0,0.0,0.0,0,0,0.0,16753.59,5,1,0.2,0
LGS2ORD0049343,C011859,2026-01-26 18:00:00,Female,44,Bronze,Lazada,Bangkok,937,Web,COD,18,1,0,0,40-50,31.233333333333334,3.0,0.0,0.0,-1,129,7812.456666666668,0.03,0.6666666666666666,0.0,0.0,0.0,0,0,0.0,0.0,0,0,0.0,0.0,0,0,0.0,23437.370000000003,3,0,0.0,0
LGS2ORD0049344,C010984,2026-01-26 18:00:00,Female,60,Bronze,Shopee,Bangkok,537,CallCenter,COD,18,1,0,0,>50,17.9,10.0,0.0,0.0,-1,33,5375.195,0.28,0.5,0.3,0.0,0.0,0,0,0.0,0.0,0,0,0.0,2806.58,3,0,0.0,53751.95,10,0,0.0,1
LGS2ORD0049345,C016911,2026-01-26 19:00:00,Male,41,Silver,Shopee,Chonburi,1272,Web,COD,19,1,0,0,40-50,42.4,8.0,2.0,0.25,115,55,12137.9825,0.25,0.375,0.125,0.0,0.0,0,0,0.0,0.0,0,0,0.0,816.09,1,0,0.0,97103.86,8,2,0.25,1
LGS2ORD0049346,C016457,2026-01-26 19:00:00,Female,18,Bronze,CallCenter,Bangkok,1331,Shopee,PromptPay,19,1,0,0,<20,44.36666666666667,3.0,1.0,0.3333333333333333,56,71,4000.9200000000005,0.23,0.6666666666666666,0.3333333333333333,0.0,0.0,0,0,0.0,0.0,0,0,0.0,2780.54,1,1,1.0,3905.67,2,1,0.5,0
LGS2ORD0049347,C011500,2026-01-26 19:00:00,Female,28,Gold,Web,Nakhon Ratchasima,1503,Shopee,COD,19,1,0,0,20-30,50.1,8.0,0.0,0.0,-1,31,6894.24875,0.2299999999999999,0.625,0.25,0.0,0.0,0,0,0.0,0.0,0,0,0.0,4469.98,1,0,0.0,55153.99,8,0,0.0,0
LGS2ORD0049348,C015421,2026-01-26 19:00:00,Other,32,Platinum,Shopee,Phuket,1235,TV_Show,COD,19,1,0,0,30-40,41.166666666666664,11.0,4.0,0.36363636363636365,193,35,2691.7145454545457,0.35,0.7272727272727273,0.7272727272727273,0.0,0.0,0,0,0.0,0.0,0,0,0.0,5575.48,2,0,0.0,27348.079999999998,9,2,0.2222222222222222,0
LGS2ORD0049349,C012268,2026-01-26 19:00:00,Female,44,Bronze,Shopee,Chonburi,1724,TV_Show,COD,19,1,0,0,40-50,57.46666666666667,8.0,0.0,0.0,-1,1,3228.78625,0.28,0.5,0.375,0.0,3461.49,1,0,0.0,3461.49,1,0,0.0,8250.7,3,0,0.0,25830.29,8,0,0.0,0
LGS2ORD0049350,C017725,2026-01-26 19:00:00,Female,59,Bronze,Web,Khon Kaen,1329,TV_Show,PromptPay,19,1,0,0,>50,44.3,12.0,4.0,0.3333333333333333,0,1,7156.739999999999,0.23,0.5833333333333334,0.08333333333333333,0.0,1714.05,1,1,1.0,4880.22,2,2,1.0,4880.22,2,2,1.0,85880.87999999999,12,4,0.3333333333333333,0
LGS2ORD0049351,C010406,2026-01-26 20:00:00,Male,49,Platinum,CallCenter,Phuket,433,Web,PromptPay,20,1,0,0,40-50,14.433333333333334,7.0,4.0,0.5714285714285714,137,46,5542.36,0.3,1.0,0.42857142857142855,0.0,0.0,0,0,0.0,0.0,0,0,0.0,8564.08,1,0,0.0,38796.52,7,4,0.5714285714285714,0
LGS2ORD0049352,C016391,2026-01-26 20:00:00,Male,37,Bronze,CallCenter,Bangkok,582,Shopee,COD,20,1,0,0,30-40,19.4,16.0,3.0,0.1875,48,16,3140.5793750000003,0.28,0.5,0.1875,0.0,0.0,0,0,0.0,9288.59,1,0,0.0,24457.38,4,1,0.25,48798.78,14,3,0.21428571428571427,0
LGS2ORD0049353,C017552,2026-01-26 20:00:00,Male,39,Platinum,CallCenter,Nakhon Ratchasima,926,Web,COD,20,1,0,0,30-40,30.866666666666667,2.0,0.0,0.0,-1,14,2414.145,0.1,1.0,0.0,0.0,0.0,0,0,0.0,3932.97,1,0,0.0,3932.97,1,0,0.0,4828.29,2,0,0.0,0
LGS2ORD0049354,C014271,2026-01-26 20:00:00,Female,38,Bronze,Shopee,Chonburi,908,CallCenter,COD,20,1,0,0,30-40,30.266666666666666,14.0,4.0,0.2857142857142857,29,42,4962.136428571429,0.28,0.35714285714285715,0.21428571428571427,0.0,0.0,0,0,0.0,0.0,0,0,0.0,25012.3,2,2,1.0,64557.56,13,4,0.3076923076923077,0
LGS2ORD0049355,C012638,2026-01-26 20:00:00,Female,52,Bronze,Lazada,Chonburi,539,Shopee,PromptPay,20,1,0,0,>50,17.966666666666665,6.0,0.0,0.0,-1,43,5640.07,0.28,0.6666666666666666,0.16666666666666666,0.0,0.0,0,0,0.0,0.0,0,0,0.0,13115.54,3,0,0.0,28059.46,5,0,0.0,0
LGS2ORD0049356,C013616,2026-01-26 21:00:00,Male,18,Gold,Web,Chonburi,1140,Lazada,PromptPay,21,1,0,0,<20,38.0,3.0,1.0,0.3333333333333333,356,82,6178.983333333334,0.13,0.6666666666666666,0.0,0.0,0.0,0,0,0.0,0.0,0,0,0.0,5161.68,1,0,0.0,7361.9800000000005,2,0,0.0,0
LGS2ORD0049357,C017588,2026-01-26 21:00:00,Female,44,Bronze,CallCenter,Phuket,616,Web,COD,21,1,0,0,40-50,20.533333333333335,9.0,1.0,0.1111111111111111,278,8,10630.274444444445,0.23,0.3333333333333333,0.1111111111111111,0.0,0.0,0,0,0.0,6516.78,1,0,0.0,6516.78,1,0,0.0,95672.47,9,1,0.1111111111111111,1
LGS2ORD0049358,C014598,2026-01-26 21:00:00,Male,54,Bronze,TV,Bangkok,1767,CallCenter,Credit_Card,21,1,0,0,>50,58.9,9.0,4.0,0.4444444444444444,120,37,5935.5377777777785,0.23,0.7777777777777778,0.1111111111111111,0.0,0.0,0,0,0.0,0.0,0,0,0.0,14160.31,2,0,0.0,52530.81,8,3,0.375,1
LGS2ORD0049359,C012407,2026-01-26 21:00:00,Female,26,Bronze,Shopee,Remote_Area,1636,CallCenter,COD,21,1,0,0,20-30,54.53333333333333,5.0,2.0,0.4,117,88,2251.4700000000003,0.23,0.2,0.2,0.0,0.0,0,0,0.0,0.0,0,0,0.0,858.92,1,0,0.0,11257.35,5,2,0.4,1
LGS2ORD0049360,C014882,2026-01-26 21:00:00,Male,51,Bronze,Lazada,Remote_Area,1613,Web,Credit_Card,21,1,0,0,>50,53.766666666666666,8.0,2.0,0.25,306,129,3927.2562500000004,0.23,0.0,0.125,0.0,0.0,0,0,0.0,0.0,0,0,0.0,0.0,0,0,0.0,27964.7,7,1,0.14285714285714285,1
LGS2ORD0049361,C017095,2026-01-26 22:00:00,Female,29,Bronze,Web,Khon Kaen,1529,TV_Show,PromptPay,22,1,0,0,20-30,50.96666666666667,7.0,1.0,0.14285714285714285,180,58,6186.121428571429,0.23,0.5714285714285714,0.14285714285714285,0.0,0.0,0,0,0.0,0.0,0,0,0.0,414.88,1,0,0.0,42853.60999999999,6,1,0.16666666666666666,0
LGS2ORD0049362,C017236,2026-01-26 22:00:00,Male,51,Bronze,CallCenter,Chonburi,520,CallCenter,Bank_Transfer,22,1,0,0,>50,17.333333333333332,10.0,2.0,0.2,59,21,6499.746000000001,0.28,0.9,0.3,0.0,0.0,0,0,0.0,10400.0,1,0,0.0,49018.8,6,1,0.16666666666666666,64997.46000000001,10,2,0.2,0
LGS2ORD0049363,C017873,2026-01-26 22:00:00,Male,65,Gold,Shopee,Bangkok,1211,Lazada,COD,22,1,0,0,>50,40.36666666666667,7.0,0.0,0.0,-1,58,6630.154285714287,0.28,0.5714285714285714,0.14285714285714285,0.0,0.0,0,0,0.0,0.0,0,0,0.0,979.32,1,0,0.0,42896.310000000005,6,0,0.0,0
LGS2ORD0049364,C012587,2026-01-26 22:00:00,Female,41,Silver,Lazada,Phuket,1387,CallCenter,Credit_Card,22,1,0,0,40-50,46.233333333333334,10.0,4.0,0.4,14,29,5495.478,0.25,0.5,0.4,0.0,0.0,0,0,0.0,2834.91,1,1,1.0,9615.42,3,1,0.3333333333333333,54954.78,10,4,0.4,1
LGS2ORD0049365,C013967,2026-01-26 22:00:00,Female,59,Bronze,Web,Bangkok,1490,Web,Bank_Transfer,22,1,0,0,>50,49.666666666666664,1.0,0.0,0.0,-1,179,6930.53,0.03,0.0,0.0,0.0,0.0,0,0,0.0,0.0,0,0,0.0,0.0,0,0,0.0,6930.53,1,0,0.0,0
LGS2ORD0049366,C012655,2026-01-26 22:00:00,Female,27,Gold,CallCenter,Nakhon Ratchasima,1050,Web,Bank_Transfer,22,1,0,0,20-30,35.0,8.0,1.0,0.125,67,5,10471.86375,0.33,0.375,0.25,0.0,2888.79,1,0,0.0,2888.79,1,0,0.0,26346.65,2,1,0.5,83774.91,8,1,0.125,0
LGS2ORD0049367,C015551,2026-01-26 23:00:00,Female,48,Bronze,CallCenter,Khon Kaen,715,CallCenter,PromptPay,23,1,0,0,40-50,23.833333333333332,8.0,1.0,0.125,-5,3,2874.7825000000003,0.28,0.375,0.25,0.0,4311.3,1,1,1.0,5039.63,2,1,0.5,5039.63,2,1,0.5,22998.260000000002,8,1,0.125,0
LGS2ORD0049368,C011462,2026-01-26 23:00:00,Female,47,Silver,TV,Phuket,1500,CallCenter,COD,23,1,0,0,40-50,50.0,12.0,2.0,0.16666666666666666,122,74,5745.218333333333,0.2,0.5,0.0,0.0,0.0,0,0,0.0,0.0,0,0,0.0,20155.97,2,0,0.0,68942.62,12,2,0.16666666666666666,0
LGS2ORD0049369,C013306,2026-01-26 23:00:00,Female,18,Silver,Lazada,Songkhla,702,TV_Show,COD,23,1,0,0,<20,23.4,7.0,2.0,0.2857142857142857,96,40,2161.4171428571426,0.2,0.42857142857142855,0.0,0.0,0.0,0,0,0.0,0.0,0,0,0.0,4339.05,1,0,0.0,15129.919999999998,7,2,0.2857142857142857,1
LGS2ORD0049370,C011970,2026-01-26 23:00:00,Male,43,Platinum,Web,Bangkok,1575,TV_Show,COD,23,1,0,0,40-50,52.5,4.0,0.0,0.0,-1,63,3191.8175,0.35,0.0,0.5,0.0,0.0,0,0,0.0,0.0,0,0,0.0,2261.13,2,0,0.0,12767.27,4,0,0.0,0
LGS2ORD0049371,C013192,2026-01-26 23:00:00,Male,53,Gold,Shopee,Khon Kaen,818,Lazada,Credit_Card,23,1,0,0,>50,27.266666666666666,9.0,1.0,0.1111111111111111,371,44,7008.971111111111,0.33,0.7777777777777778,0.3333333333333333,0.0,0.0,0,0,0.0,0.0,0,0,0.0,30355.9,1,0,0.0,54767.21000000001,7,0,0.0,0
LGS2ORD0049372,C012271,2026-01-27 00:00:00,Female,42,Bronze,CallCenter,Chonburi,682,TV_Show,COD,0,1,1,0,40-50,22.733333333333334,12.0,3.0,0.25,0,1,6071.736666666665,0.23,0.5833333333333334,0.16666666666666666,0.0,349.12,1,0,0.0,2160.41,2,1,0.5,4768.22,4,2,0.5,72860.83999999998,12,3,0.25,0
LGS2ORD0049373,C014868,2026-01-27 00:00:00,Female,60,Bronze,Lazada,Bangkok,1023,Shopee,COD,0,1,1,0,>50,34.1,6.0,1.0,0.16666666666666666,73,40,6478.871666666666,0.28,0.3333333333333333,0.16666666666666666,0.0,0.0,0,0,0.0,0.0,0,0,0.0,23925.22,3,1,0.3333333333333333,38873.229999999996,6,1,0.16666666666666666,0
LGS2ORD0049374,C010151,2026-01-27 00:00:00,Female,38,Bronze,TV,Songkhla,1174,TV_Show,COD,0,1,1,0,30-40,39.13333333333333,3.0,0.0,0.0,-1,77,3474.7333333333336,0.23,0.3333333333333333,0.3333333333333333,0.0,0.0,0,0,0.0,0.0,0,0,0.0,7795.58,1,0,0.0,8239.39,2,0,0.0,0
LGS2ORD0049375,C010278,2026-01-27 00:00:00,Male,36,Bronze,TV,Khon Kaen,1519,TV_Show,Bank_Transfer,0,1,1,0,30-40,50.63333333333333,8.0,3.0,0.375,75,59,3020.0962499999996,0.23,0.5,0.375,0.0,0.0,0,0,0.0,0.0,0,0,0.0,7054.29,2,0,0.0,24160.769999999997,8,3,0.375,0
LGS2ORD0049376,C014809,2026-01-27 00:00:00,Male,55,Bronze,TV,Phuket,1384,Web,COD,0,1,1,0,>50,46.13333333333333,6.0,3.0,0.5,119,93,7122.793333333334,0.23,0.6666666666666666,0.16666666666666666,0.0,0.0,0,0,0.0,0.0,0,0,0.0,0.0,0,0,0.0,42736.76,6,3,0.5,0
LGS2ORD0049377,C017734,2026-01-27 01:00:00,Female,37,Silver,CallCenter,Bangkok,1471,Lazada,Bank_Transfer,1,1,1,0,30-40,49.03333333333333,4.0,1.0,0.25,248,7,3698.0400000000004,0.3,0.5,0.25,0.0,0.0,0,0,0.0,1681.43,1,0,0.0,2220.11,2,0,0.0,14792.160000000002,4,1,0.25,0
LGS2ORD0049378,C015412,2026-01-27 01:00:00,Male,39,Silver,Shopee,Nakhon Ratchasima,866,CallCenter,COD,1,1,1,0,30-40,28.866666666666667,11.0,3.0,0.2727272727272727,149,70,7929.589999999999,0.25,0.45454545454545453,0.18181818181818182,0.0,0.0,0,0,0.0,0.0,0,0,0.0,11839.01,1,0,0.0,85548.69,10,3,0.3,0
LGS2ORD0049379,C017614,2026-01-27 01:00:00,Female,24,Silver,TV,Chiang Mai,1238,Shopee,COD,1,1,1,0,20-30,41.266666666666666,10.0,1.0,0.1,-11,1,5205.415,0.3,0.6,0.1,0.0,2504.38,1,1,1.0,12060.93,3,1,0.3333333333333333,15539.91,5,1,0.2,52054.15,10,1,0.1,1
LGS2ORD0049380,C015164,2026-01-27 01:00:00,Female,56,Silver,Web,Bangkok,570,CallCenter,COD,1,1,1,0,>50,19.0,4.0,2.0,0.5,43,48,2839.7275000000004,0.25,0.5,0.25,0.0,0.0,0,0,0.0,0.0,0,0,0.0,4812.89,2,1,0.5,11358.910000000002,4,2,0.5,0
LGS2ORD0049381,C015266,2026-01-27 01:00:00,Male,52,Bronze,Lazada,Bangkok,957,Shopee,COD,1,1,1,0,>50,31.9,6.0,1.0,0.16666666666666666,142,4,3325.9500000000003,0.28,0.3333333333333333,0.3333333333333333,0.0,9691.03,1,0,0.0,9691.03,1,0,0.0,9691.03,1,0,0.0,16582.98,5,1,0.2,0
LGS2ORD0049382,C013467,2026-01-27 02:00:00,Female,39,Silver,Web,Bangkok,1659,Shopee,COD,2,1,1,0,30-40,55.3,5.0,3.0,0.6,233,218,3482.114,0.25,0.8,0.4,0.0,0.0,0,0,0.0,0.0,0,0,0.0,0.0,0,0,0.0,17410.57,5,3,0.6,0
LGS2ORD0049383,C013676,2026-01-27 02:00:00,Female,35,Platinum,TV,Chiang Mai,1660,Shopee,COD,2,1,1,0,30-40,55.333333333333336,6.0,3.0,0.5,12,19,2037.5250000000003,0.3,0.3333333333333333,0.6666666666666666,0.0,0.0,0,0,0.0,2655.03,1,1,1.0,2655.03,1,1,1.0,8882.25,5,2,0.4,0
LGS2ORD0049384,C012856,2026-01-27 02:00:00,Female,37,Bronze,Web,Nakhon Ratchasima,957,Web,COD,2,1,1,0,30-40,31.9,8.0,1.0,0.125,66,73,4303.27375,0.28,0.5,0.375,0.0,0.0,0,0,0.0,0.0,0,0,0.0,15109.28,2,1,0.5,34426.19,8,1,0.125,0
LGS2ORD0049385,C011344,2026-01-27 02:00:00,Female,44,Bronze,Web,Nakhon Ratchasima,488,Shopee,COD,2,1,1,0,40-50,16.266666666666666,7.0,1.0,0.14285714285714285,79,53,6729.86857142857,0.28,0.5714285714285714,0.2857142857142857,0.0,0.0,0,0,0.0,0.0,0,0,0.0,33619.64,3,1,0.3333333333333333,47109.079999999994,7,1,0.14285714285714285,0
LGS2ORD0049386,C012327,2026-01-27 02:00:00,Male,39,Bronze,Shopee,Nakhon Ratchasima,1672,Lazada,COD,2,1,1,0,30-40,55.733333333333334,6.0,0.0,0.0,-1,69,7263.561666666667,0.18,0.5,0.0,0.0,0.0,0,0,0.0,0.0,0,0,0.0,24547.09,1,0,0.0,43581.37,6,0,0.0,0
LGS2ORD0049387,C015590,2026-01-27 02:00:00,Male,46,Bronze,Web,Chonburi,1806,Lazada,COD,2,1,1,0,40-50,60.2,9.0,4.0,0.4444444444444444,29,37,3359.8799999999997,0.23,0.6666666666666666,0.2222222222222222,0.0,0.0,0,0,0.0,0.0,0,0,0.0,2357.86,2,2,1.0,20835.73,7,3,0.42857142857142855,0
LGS2ORD0049388,C013887,2026-01-27 03:00:00,Male,38,Bronze,TV,Chiang Mai,1633,Web,COD,3,1,1,0,30-40,54.43333333333333,4.0,1.0,0.25,353,366,3626.6375000000003,0.23,0.0,0.25,0.0,0.0,0,0,0.0,0.0,0,0,0.0,0.0,0,0,0.0,0.0,0,0,0.0,0
LGS2ORD0049389,C015781,2026-01-27 03:00:00,Female,45,Bronze,Shopee,Songkhla,1669,Lazada,COD,3,1,1,0,40-50,55.63333333333333,10.0,3.0,0.3,47,50,3935.46,0.28,0.4,0.2,0.0,0.0,0,0,0.0,0.0,0,0,0.0,6114.68,4,1,0.25,39354.6,10,3,0.3,1
LGS2ORD0049390,C011019,2026-01-27 03:00:00,Male,43,Bronze,TV,Songkhla,672,Web,Credit_Card,3,1,1,0,40-50,22.4,4.0,3.0,0.75,43,49,6640.3975,0.23,0.75,0.25,0.0,0.0,0,0,0.0,0.0,0,0,0.0,12756.34,1,1,1.0,26561.59,4,3,0.75,0
LGS2ORD0049391,C017285,2026-01-27 03:00:00,Male,33,Gold,TV,Chiang Mai,797,Web,Credit_Card,3,1,1,0,30-40,26.566666666666666,6.0,0.0,0.0,-1,43,5456.706666666667,0.33,0.6666666666666666,0.3333333333333333,0.0,0.0,0,0,0.0,0.0,0,0,0.0,2096.3,2,0,0.0,32740.24,6,0,0.0,0
LGS2ORD0049392,C016741,2026-01-27 03:00:00,Female,36,Silver,Lazada,Songkhla,426,Web,COD,3,1,1,0,30-40,14.2,10.0,3.0,0.3,0,11,4398.058,0.25,0.7,0.2,0.0,0.0,0,0,0.0,2305.14,1,1,1.0,2305.14,1,1,1.0,42732.33,9,3,0.3333333333333333,0
LGS2ORD0049393,C015861,2026-01-27 04:00:00,Female,61,Silver,TV,Khon Kaen,839,Shopee,COD,4,1,1,0,>50,27.966666666666665,13.0,4.0,0.3076923076923077,197,12,7116.004615384616,0.3,0.5384615384615384,0.15384615384615385,0.07692307692307693,0.0,0,0,0.0,941.22,1,0,0.0,941.22,1,0,0.0,92508.06000000001,13,4,0.3076923076923077,1
LGS2ORD0049394,C011912,2026-01-27 04:00:00,Female,46,Gold,Shopee,Chiang Mai,1142,TV_Show,COD,4,1,1,0,40-50,38.06666666666667,14.0,2.0,0.14285714285714285,2,1,3552.872857142857,0.33,0.5714285714285714,0.5,0.0,12013.98,2,1,0.5,18297.739999999998,3,1,0.3333333333333333,25325.12,6,2,0.3333333333333333,47385.42,13,2,0.15384615384615385,1
LGS2ORD0049395,C012370,2026-01-27 04:00:00,Female,64,Bronze,Shopee,Remote_Area,1718,TV_Show,Bank_Transfer,4,1,1,0,>50,57.266666666666666,3.0,1.0,0.3333333333333333,190,93,4968.593333333333,0.18,0.6666666666666666,0.0,0.0,0.0,0,0,0.0,0.0,0,0,0.0,0.0,0,0,0.0,14905.779999999999,3,1,0.3333333333333333,0
LGS2ORD0049396,C012071,2026-01-27 04:00:00,Female,40,Silver,Lazada,Bangkok,1231,Lazada,COD,4,1,1,0,30-40,41.03333333333333,3.0,0.0,0.0,-1,13,1749.01,0.3,0.3333333333333333,0.3333333333333333,0.0,0.0,0,0,0.0,2047.7,1,0,0.0,2047.7,1,0,0.0,5247.03,3,0,0.0,1
LGS2ORD0049397,C010302,2026-01-27 04:00:00,Female,35,Bronze,Shopee,Remote_Area,1615,Lazada,Credit_Card,4,1,1,0,30-40,53.833333333333336,11.0,4.0,0.36363636363636365,70,19,6273.796363636365,0.23,0.5454545454545454,0.45454545454545453,0.0,0.0,0,0,0.0,24647.38,1,0,0.0,37509.770000000004,4,2,0.5,69011.76000000001,11,4,0.36363636363636365,0
LGS2ORD0049398,C010307,2026-01-27 05:00:00,Male,54,Bronze,Shopee,Chonburi,666,Shopee,Credit_Card,5,1,1,0,>50,22.2,7.0,2.0,0.2857142857142857,137,10,5552.7071428571435,0.23,0.8571428571428571,0.14285714285714285,0.0,0.0,0,0,0.0,1930.54,1,0,0.0,14610.150000000001,2,0,0.0,26373.88,5,2,0.4,0
LGS2ORD0049399,C012052,2026-01-27 05:00:00,Male,51,Gold,TV,Bangkok,1189,Web,COD,5,1,1,0,>50,39.63333333333333,4.0,1.0,0.25,27,30,7086.4875,0.33,0.75,0.25,0.0,0.0,0,0,0.0,0.0,0,0,0.0,11722.52,2,1,0.5,28345.95,4,1,0.25,0
LGS2ORD0049400,C014386,2026-01-27 05:00:00,Male,64,Bronze,TV,Chiang Mai,1183,Shopee,COD,5,1,1,0,>50,39.43333333333333,11.0,2.0,0.18181818181818182,201,44,6830.181818181818,0.23,0.8181818181818182,0.2727272727272727,0.0,0.0,0,0,0.0,0.0,0,0,0.0,2578.25,1,0,0.0,75132.0,11,2,0.18181818181818182,0
LGS2ORD0049401,C015813,2026-01-27 05:00:00,Male,47,Gold,Web,Bangkok,1231,TV_Show,COD,5,1,1,0,40-50,41.03333333333333,6.0,2.0,0.3333333333333333,8,15,2870.5516666666667,0.33,0.3333333333333333,0.3333333333333333,0.0,0.0,0,0,0.0,6105.14,1,1,1.0,6105.14,1,1,1.0,17223.31,6,2,0.3333333333333333,0
LGS2ORD0049402,C016660,2026-01-27 05:00:00,Male,36,Bronze,Web,Bangkok,1804,TV_Show,COD,5,1,1,0,30-40,60.13333333333333,6.0,1.0,0.16666666666666666,61,36,8044.870000000002,0.23,0.16666666666666666,0.16666666666666666,0.0,0.0,0,0,0.0,0.0,0,0,0.0,4951.77,3,1,0.3333333333333333,48269.22000000001,6,1,0.16666666666666666,0
LGS2ORD0049403,C012098,2026-01-27 06:00:00,Female,27,Gold,CallCenter,Chiang Mai,1058,Web,Credit_Card,6,1,1,0,20-30,35.266666666666666,8.0,1.0,0.125,89,51,4363.432500000001,0.28,0.5,0.125,0.0,0.0,0,0,0.0,0.0,0,0,0.0,10058.240000000002,4,0,0.0,34907.46000000001,8,1,0.125,1
LGS2ORD0049404,C015374,2026-01-27 06:00:00,Male,38,Bronze,TV,Chiang Mai,486,Shopee,Credit_Card,6,1,1,0,30-40,16.2,9.0,5.0,0.5555555555555556,46,33,2613.8266666666664,0.28,0.5555555555555556,0.1111111111111111,0.0,0.0,0,0,0.0,0.0,0,0,0.0,7275.01,4,3,0.75,23524.44,9,5,0.5555555555555556,0
LGS2ORD0049405,C015524,2026-01-27 06:00:00,Other,43,Silver,Lazada,Remote_Area,1552,Shopee,Credit_Card,6,1,1,0,40-50,51.733333333333334,6.0,2.0,0.3333333333333333,68,9,6761.113333333334,0.25,0.5,0.3333333333333333,0.0,0.0,0,0,0.0,22802.33,1,0,0.0,27415.760000000002,2,1,0.5,40004.85,5,1,0.2,0
LGS2ORD0049406,C015584,2026-01-27 06:00:00,Other,31,Silver,Shopee,Bangkok,1383,Lazada,PromptPay,6,1,1,0,30-40,46.1,5.0,2.0,0.4,88,55,3715.7619999999997,0.3,0.6,0.4,0.0,0.0,0,0,0.0,0.0,0,0,0.0,9076.48,1,0,0.0,18578.809999999998,5,2,0.4,0
LGS2ORD0049407,C010676,2026-01-27 06:00:00,Female,45,Silver,Web,Remote_Area,912,Web,Credit_Card,6,1,1,0,40-50,30.4,3.0,0.0,0.0,-1,221,8131.436666666667,0.1,0.3333333333333333,0.0,0.0,0.0,0,0,0.0,0.0,0,0,0.0,0.0,0,0,0.0,24394.31,3,0,0.0,0
LGS2ORD0049408,C011523,2026-01-27 06:00:00,Female,31,Silver,TV,Bangkok,599,Web,COD,6,1,1,0,30-40,19.966666666666665,7.0,2.0,0.2857142857142857,151,9,1460.1714285714284,0.25,0.5714285714285714,0.42857142857142855,0.0,0.0,0,0,0.0,2872.64,1,0,0.0,2872.64,1,0,0.0,9783.01,6,2,0.3333333333333333,0
LGS2ORD0049409,C017298,2026-01-27 07:00:00,Female,36,Silver,Lazada,Nakhon Ratchasima,1102,Shopee,COD,7,1,1,0,30-40,36.733333333333334,12.0,2.0,0.16666666666666666,45,58,5763.228333333333,0.25,0.8333333333333334,0.16666666666666666,0.0,0.0,0,0,0.0,0.0,0,0,0.0,9361.199999999999,3,1,0.3333333333333333,69158.73999999999,12,2,0.16666666666666666,0
LGS2ORD0049410,C015703,2026-01-27 07:00:00,Female,32,Silver,TV,Nakhon Ratchasima,932,CallCenter,Credit_Card,7,1,1,0,30-40,31.066666666666666,8.0,2.0,0.25,31,42,4677.25875,0.3,0.75,0.25,0.0,0.0,0,0,0.0,0.0,0,0,0.0,25106.3,3,1,0.3333333333333333,37418.07,8,2,0.25,0
LGS2ORD0049411,C012078,2026-01-27 07:00:00,Male,36,Silver,Web,Chiang Mai,944,Shopee,Bank_Transfer,7,1,1,0,30-40,31.466666666666665,5.0,0.0,0.0,-1,46,6096.794,0.15,0.2,0.0,0.0,0.0,0,0,0.0,0.0,0,0,0.0,14953.06,2,0,0.0,28905.760000000002,4,0,0.0,0
LGS2ORD0049412,C010213,2026-01-27 07:00:00,Female,57,Silver,Lazada,Songkhla,561,CallCenter,Credit_Card,7,1,1,0,>50,18.7,6.0,1.0,0.16666666666666666,76,88,9422.06,0.25,0.6666666666666666,0.16666666666666666,0.0,0.0,0,0,0.0,0.0,0,0,0.0,6148.05,1,1,1.0,32035.11,5,1,0.2,0
LGS2ORD0049413,C017407,2026-01-27 07:00:00,Male,48,Bronze,TV,Chiang Mai,1175,Shopee,COD,7,1,1,0,40-50,39.166666666666664,8.0,2.0,0.25,54,62,4089.09375,0.28,0.5,0.375,0.0,0.0,0,0,0.0,0.0,0,0,0.0,1017.8,1,1,1.0,32712.75,8,2,0.25,0
LGS2ORD0049414,C017489,2026-01-27 08:00:00,Male,57,Bronze,TV,Bangkok,1386,TV_Show,PromptPay,8,1,1,0,>50,46.2,2.0,0.0,0.0,-1,36,7707.475,0.03,1.0,0.0,0.0,0.0,0,0,0.0,0.0,0,0,0.0,3232.95,1,0,0.0,15414.95,2,0,0.0,0
LGS2ORD0049415,C014019,2026-01-27 08:00:00,Female,41,Gold,Web,Chonburi,506,TV_Show,COD,8,1,1,0,40-50,16.866666666666667,4.0,2.0,0.5,297,46,2390.9875,0.2299999999999999,0.75,0.25,0.0,0.0,0,0,0.0,0.0,0,0,0.0,1076.61,1,0,0.0,3667.8999999999996,3,2,0.6666666666666666,0
LGS2ORD0049416,C017129,2026-01-27 08:00:00,Male,38,Platinum,CallCenter,Nakhon Ratchasima,937,Lazada,Bank_Transfer,8,1,1,0,30-40,31.233333333333334,8.0,1.0,0.125,300,28,5849.348749999999,0.35,0.625,0.625,0.0,0.0,0,0,0.0,1804.09,1,0,0.0,25051.04,2,0,0.0,46794.78999999999,8,1,0.125,0
LGS2ORD0049417,C016396,2026-01-27 08:00:00,Female,30,Silver,Web,Chiang Mai,1818,Lazada,COD,8,1,1,0,20-30,60.6,7.0,4.0,0.5714285714285714,216,182,3141.937142857143,0.3,0.14285714285714285,0.14285714285714285,0.0,0.0,0,0,0.0,0.0,0,0,0.0,0.0,0,0,0.0,21993.56,7,4,0.5714285714285714,1
LGS2ORD0049418,C015408,2026-01-27 08:00:00,Male,68,Silver,Shopee,Chiang Mai,469,Shopee,Credit_Card,8,1,1,0,>50,15.633333333333333,10.0,2.0,0.2,160,129,6286.902,0.3,0.6,0.4,0.0,0.0,0,0,0.0,0.0,0,0,0.0,0.0,0,0,0.0,62869.02,10,2,0.2,1
LGS2ORD0049419,C016628,2026-01-27 09:00:00,Male,53,Bronze,TV,Bangkok,668,Shopee,COD,9,1,1,0,>50,22.266666666666666,7.0,1.0,0.14285714285714285,-5,1,8886.140000000001,0.23,0.5714285714285714,0.2857142857142857,0.0,3062.04,1,1,1.0,3062.04,1,1,1.0,3062.04,1,1,1.0,38820.340000000004,6,1,0.16666666666666666,0
LGS2ORD0049420,C017942,2026-01-27 09:00:00,Female,53,Bronze,Shopee,Phuket,925,CallCenter,COD,9,1,1,0,>50,30.833333333333332,9.0,5.0,0.5555555555555556,8,7,3101.692222222222,0.23,0.2222222222222222,0.3333333333333333,0.0,0.0,0,0,0.0,2830.48,2,1,0.5,2830.48,2,1,0.5,27915.23,9,5,0.5555555555555556,0
LGS2ORD0049421,C010941,2026-01-27 09:00:00,Female,36,Silver,TV,Bangkok,1136,TV_Show,COD,9,1,1,0,30-40,37.86666666666667,8.0,4.0,0.5,126,133,5929.0525,0.3,0.75,0.5,0.0,0.0,0,0,0.0,0.0,0,0,0.0,0.0,0,0,0.0,45487.310000000005,7,3,0.42857142857142855,0
LGS2ORD0049422,C016753,2026-01-27 09:00:00,Female,42,Bronze,TV,Phuket,864,CallCenter,Credit_Card,9,1,1,0,40-50,28.8,4.0,1.0,0.25,-4,4,3960.3425,0.28,0.25,0.25,0.0,1458.27,1,1,1.0,1458.27,1,1,1.0,1458.27,1,1,1.0,15841.37,4,1,0.25,1
LGS2ORD0049423,C016232,2026-01-27 09:00:00,Male,29,Platinum,TV,Bangkok,1172,Lazada,COD,9,1,1,0,20-30,39.06666666666667,9.0,2.0,0.2222222222222222,159,21,3733.0555555555557,0.25,0.5555555555555556,0.2222222222222222,0.0,0.0,0,0,0.0,4592.17,1,0,0.0,4592.17,1,0,0.0,33597.5,9,2,0.2222222222222222,0
LGS2ORD0049424,C011821,2026-01-27 10:00:00,Female,38,Gold,TV,Chiang Mai,1181,Web,Credit_Card,10,1,1,0,30-40,39.36666666666667,4.0,1.0,0.25,55,72,3977.29,0.2299999999999999,0.75,0.25,0.0,0.0,0,0,0.0,0.0,0,0,0.0,12814.05,1,1,1.0,14372.05,3,1,0.3333333333333333,0
LGS2ORD0049425,C011647,2026-01-27 10:00:00,Female,40,Bronze,Lazada,Remote_Area,1119,Shopee,PromptPay,10,1,1,0,30-40,37.3,12.0,3.0,0.25,162,76,4599.150000000001,0.28,0.5,0.16666666666666666,0.08333333333333333,0.0,0,0,0.0,0.0,0,0,0.0,12423.74,2,0,0.0,55189.8,12,3,0.25,0
LGS2ORD0049426,C011988,2026-01-27 10:00:00,Male,52,Gold,Lazada,Chonburi,856,Web,Credit_Card,10,1,1,0,>50,28.533333333333335,3.0,0.0,0.0,-1,46,9445.336666666666,0.33,0.3333333333333333,0.6666666666666666,0.0,0.0,0,0,0.0,0.0,0,0,0.0,1844.48,1,0,0.0,28336.01,3,0,0.0,0
LGS2ORD0049427,C013337,2026-01-27 10:00:00,Male,21,Silver,Shopee,Nakhon Ratchasima,1767,TV_Show,COD,10,1,1,0,20-30,58.9,5.0,1.0,0.2,126,49,4674.688,0.25,0.6,0.2,0.0,0.0,0,0,0.0,0.0,0,0,0.0,1820.72,1,0,0.0,23373.440000000002,5,1,0.2,0
LGS2ORD0049428,C010832,2026-01-27 10:00:00,Female,37,Gold,TV,Songkhla,687,Web,COD,10,1,1,0,30-40,22.9,10.0,1.0,0.1,21,22,8454.458999999999,0.33,0.5,0.3,0.0,0.0,0,0,0.0,18098.75,2,1,0.5,21148.59,3,1,0.3333333333333333,81488.58,9,1,0.1111111111111111,0
LGS2ORD0049429,C010138,2026-01-27 10:00:00,Female,26,Silver,Shopee,Bangkok,1770,Shopee,COD,10,1,1,0,20-30,59.0,12.0,2.0,0.16666666666666666,-3,5,4712.121666666667,0.25,0.8333333333333334,0.3333333333333333,0.0,1124.0,1,1,1.0,1124.0,1,1,1.0,3378.06,2,1,0.5,56545.46000000001,12,2,0.16666666666666666,0
LGS2ORD0049430,C016310,2026-01-27 11:00:00,Male,43,Silver,Web,Bangkok,1559,TV_Show,Credit_Card,11,1,1,0,40-50,51.96666666666667,4.0,2.0,0.5,147,138,10833.965,0.3,1.0,0.75,0.0,0.0,0,0,0.0,0.0,0,0,0.0,0.0,0,0,0.0,43335.86,4,2,0.5,0
LGS2ORD0049431,C013441,2026-01-27 11:00:00,Male,21,Gold,TV,Remote_Area,772,CallCenter,COD,11,1,1,0,20-30,25.733333333333334,5.0,3.0,0.6,22,28,2723.534,0.33,0.6,0.6,0.0,0.0,0,0,0.0,1088.02,1,1,1.0,1088.02,1,1,1.0,13617.67,5,3,0.6,0
LGS2ORD0049432,C017311,2026-01-27 11:00:00,Female,36,Silver,Web,Chiang Mai,1330,Shopee,Credit_Card,11,1,1,0,30-40,44.333333333333336,11.0,3.0,0.2727272727272727,246,19,5195.824545454546,0.2,0.5454545454545454,0.0,0.0,0.0,0,0,0.0,12946.82,1,0,0.0,12946.82,1,0,0.0,57154.07,11,3,0.2727272727272727,1
LGS2ORD0049433,C017566,2026-01-27 11:00:00,Male,49,Bronze,Lazada,Khon Kaen,1292,TV_Show,Bank_Transfer,11,1,1,0,40-50,43.06666666666667,4.0,1.0,0.25,373,106,3775.055,0.28,0.75,0.5,0.0,0.0,0,0,0.0,0.0,0,0,0.0,0.0,0,0,0.0,9388.87,3,0,0.0,0
LGS2ORD0049434,C017254,2026-01-27 11:00:00,Male,56,Gold,TV,Bangkok,1699,TV_Show,COD,11,1,1,0,>50,56.63333333333333,4.0,0.0,0.0,-1,75,4016.92,0.18,0.5,0.0,0.0,0.0,0,0,0.0,0.0,0,0,0.0,1460.26,1,0,0.0,16067.68,4,0,0.0,0
LGS2ORD0049435,C016374,2026-01-27 12:00:00,Female,48,Platinum,Shopee,Khon Kaen,774,Shopee,PromptPay,12,1,1,0,40-50,25.8,7.0,1.0,0.14285714285714285,-2,7,6742.377142857143,0.35,0.14285714285714285,0.5714285714285714,0.0,0.0,0,0,0.0,3514.75,1,1,1.0,30201.95,3,1,0.3333333333333333,44141.32,6,1,0.16666666666666666,0
LGS2ORD0049436,C014284,2026-01-27 12:00:00,Female,51,Silver,TV,Chiang Mai,681,Shopee,Credit_Card,12,1,1,0,>50,22.7,7.0,3.0,0.42857142857142855,207,118,3607.4185714285713,0.2,0.7142857142857143,0.0,0.0,0.0,0,0,0.0,0.0,0,0,0.0,0.0,0,0,0.0,22803.78,5,2,0.4,0
LGS2ORD0049437,C014401,2026-01-27 12:00:00,Male,44,Platinum,Web,Khon Kaen,467,TV_Show,PromptPay,12,1,1,0,40-50,15.566666666666666,6.0,1.0,0.16666666666666666,328,95,10799.593333333332,0.3,0.5,0.6666666666666666,0.0,0.0,0,0,0.0,0.0,0,0,0.0,0.0,0,0,0.0,64797.56,6,1,0.16666666666666666,0
LGS2ORD0049438,C011289,2026-01-27 12:00:00,Female,37,Silver,Shopee,Remote_Area,1114,CallCenter,PromptPay,12,1,1,0,30-40,37.13333333333333,7.0,1.0,0.14285714285714285,90,99,5947.361428571428,0.2,0.5714285714285714,0.0,0.0,0.0,0,0,0.0,0.0,0,0,0.0,0.0,0,0,0.0,41631.53,7,1,0.14285714285714285,0
LGS2ORD0049439,C012710,2026-01-27 12:00:00,Female,64,Bronze,TV,Remote_Area,1102,Shopee,COD,12,1,1,0,>50,36.733333333333334,2.0,2.0,1.0,206,219,3203.04,0.28,0.5,0.5,0.0,0.0,0,0,0.0,0.0,0,0,0.0,0.0,0,0,0.0,1654.09,1,1,1.0,1
LGS2ORD0049440,C016709,2026-01-27 13:00:00,Female,46,Platinum,Shopee,Phuket,1623,TV_Show,COD,13,1,1,0,40-50,54.1,4.0,1.0,0.25,313,163,4741.165,0.35,0.5,0.75,0.0,0.0,0,0,0.0,0.0,0,0,0.0,0.0,0,0,0.0,18964.66,4,1,0.25,0
LGS2ORD0049441,C015724,2026-01-27 13:00:00,Female,50,Silver,Shopee,Bangkok,1269,Lazada,Credit_Card,13,1,1,0,40-50,42.3,3.0,0.0,0.0,-1,56,5465.156666666667,0.15,0.0,0.0,0.0,0.0,0,0,0.0,0.0,0,0,0.0,2405.1,1,0,0.0,16395.47,3,0,0.0,0
LGS2ORD0049442,C017628,2026-01-27 13:00:00,Male,51,Bronze,Web,Nakhon Ratchasima,1645,TV_Show,PromptPay,13,1,1,0,>50,54.833333333333336,3.0,1.0,0.3333333333333333,302,180,3740.7999999999997,0.23,0.6666666666666666,0.3333333333333333,0.0,0.0,0,0,0.0,0.0,0,0,0.0,0.0,0,0,0.0,11222.4,3,1,0.3333333333333333,1
LGS2ORD0049443,C017452,2026-01-27 13:00:00,Male,41,Bronze,Web,Chonburi,606,Web,PromptPay,13,1,1,0,40-50,20.2,6.0,1.0,0.16666666666666666,372,33,5273.413333333334,0.23,0.5,0.16666666666666666,0.0,0.0,0,0,0.0,0.0,0,0,0.0,3328.42,1,0,0.0,19180.47,5,0,0.0,0
LGS2ORD0049444,C012776,2026-01-27 13:00:00,Female,49,Silver,Shopee,Chonburi,1836,Lazada,COD,13,1,1,0,40-50,61.2,3.0,1.0,0.3333333333333333,324,107,2400.713333333333,0.3,0.0,1.0,0.0,0.0,0,0,0.0,0.0,0,0,0.0,0.0,0,0,0.0,7202.139999999999,3,1,0.3333333333333333,0
LGS2ORD0049445,C010676,2026-01-27 14:00:00,Female,45,Silver,Web,Remote_Area,912,Lazada,COD,14,1,1,0,40-50,30.4,4.0,0.0,0.0,-1,0,6561.3125,0.25,0.25,0.25,0.0,1850.94,1,0,0.0,1850.94,1,0,0.0,1850.94,1,0,0.0,26245.25,4,0,0.0,1
LGS2ORD0049446,C010419,2026-01-27 14:00:00,Male,37,Bronze,CallCenter,Songkhla,1570,CallCenter,Credit_Card,14,1,1,0,30-40,52.333333333333336,9.0,4.0,0.4444444444444444,177,33,9869.522222222222,0.23,0.5555555555555556,0.2222222222222222,0.0,0.0,0,0,0.0,0.0,0,0,0.0,8372.9,1,0,0.0,88825.7,9,4,0.4444444444444444,0
LGS2ORD0049447,C013863,2026-01-27 14:00:00,Female,42,Bronze,Shopee,Nakhon Ratchasima,1130,Shopee,Bank_Transfer,14,1,1,0,40-50,37.666666666666664,5.0,1.0,0.2,111,117,7075.67,0.13,1.0,0.0,0.0,0.0,0,0,0.0,0.0,0,0,0.0,0.0,0,0,0.0,22770.12,4,1,0.25,0
LGS2ORD0049448,C012262,2026-01-27 14:00:00,Male,43,Platinum,TV,Bangkok,1035,Lazada,Credit_Card,14,1,1,0,40-50,34.5,5.0,0.0,0.0,-1,32,5110.878,0.3,0.6,0.4,0.0,0.0,0,0,0.0,0.0,0,0,0.0,9644.36,1,0,0.0,25554.39,5,0,0.0,0
LGS2ORD0049449,C010623,2026-01-27 14:00:00,Male,52,Silver,CallCenter,Nakhon Ratchasima,1068,Shopee,Credit_Card,14,1,1,0,>50,35.6,11.0,1.0,0.09090909090909091,302,26,6976.767272727273,0.3,0.36363636363636365,0.36363636363636365,0.0,0.0,0,0,0.0,2600.28,1,0,0.0,16205.070000000002,2,0,0.0,65499.68,10,1,0.1,0
LGS2ORD0049450,C016292,2026-01-27 14:00:00,Male,35,Bronze,TV,Remote_Area,552,Lazada,PromptPay,14,1,1,0,30-40,18.4,6.0,1.0,0.16666666666666666,174,95,3779.3350000000005,0.23,0.3333333333333333,0.16666666666666666,0.0,0.0,0,0,0.0,0.0,0,0,0.0,0.0,0,0,0.0,20907.86,5,1,0.2,0
LGS2ORD0049451,C011938,2026-01-27 15:00:00,Male,36,Silver,Shopee,Bangkok,1363,Web,COD,15,1,1,0,30-40,45.43333333333333,6.0,2.0,0.3333333333333333,186,49,10811.686666666666,0.25,0.5,0.3333333333333333,0.0,0.0,0,0,0.0,0.0,0,0,0.0,27369.43,1,0,0.0,64870.12,6,2,0.3333333333333333,0
LGS2ORD0049452,C013824,2026-01-27 15:00:00,Female,24,Silver,Lazada,Chiang Mai,1503,Web,COD,15,1,1,0,20-30,50.1,6.0,2.0,0.3333333333333333,180,101,9383.863333333335,0.25,0.0,0.6666666666666666,0.0,0.0,0,0,0.0,0.0,0,0,0.0,0.0,0,0,0.0,53228.19,5,1,0.2,0
LGS2ORD0049453,C012875,2026-01-27 15:00:00,Female,48,Gold,Web,Bangkok,604,TV_Show,COD,15,1,1,0,40-50,20.133333333333333,5.0,0.0,0.0,-1,184,11006.251999999999,0.28,0.8,0.6,0.0,0.0,0,0,0.0,0.0,0,0,0.0,0.0,0,0,0.0,55031.259999999995,5,0,0.0,0
LGS2ORD0049454,C010902,2026-01-27 15:00:00,Male,41,Silver,Lazada,Songkhla,1287,Lazada,COD,15,1,1,0,40-50,42.9,8.0,4.0,0.5,47,52,6598.150000000001,0.25,0.375,0.125,0.0,0.0,0,0,0.0,0.0,0,0,0.0,11334.41,3,1,0.3333333333333333,52785.200000000004,8,4,0.5,1
LGS2ORD0049455,C017538,2026-01-27 15:00:00,Female,38,Gold,Web,Bangkok,1574,TV_Show,Credit_Card,15,1,1,0,30-40,52.46666666666667,10.0,3.0,0.3,100,102,6627.971,0.33,0.7,0.3,0.0,0.0,0,0,0.0,0.0,0,0,0.0,0.0,0,0,0.0,64957.060000000005,9,3,0.3333333333333333,0
LGS2ORD0049456,C017524,2026-01-27 16:00:00,Male,48,Bronze,Shopee,Remote_Area,1484,TV_Show,COD,16,1,1,0,40-50,49.46666666666667,12.0,7.0,0.5833333333333334,138,45,4979.360833333333,0.28,0.3333333333333333,0.25,0.0,0.0,0,0,0.0,0.0,0,0,0.0,2624.17,2,0,0.0,53400.93000000001,10,5,0.5,1
LGS2ORD0049457,C010609,2026-01-27 16:00:00,Female,36,Silver,TV,Bangkok,812,Lazada,COD,16,1,1,0,30-40,27.066666666666666,2.0,1.0,0.5,88,4,13578.305,0.2,1.0,0.0,0.0,11983.5,1,0,0.0,11983.5,1,0,0.0,11983.5,1,0,0.0,27156.61,2,1,0.5,0
LGS2ORD0049458,C012987,2026-01-27 16:00:00,Female,39,Silver,Web,Bangkok,1019,Shopee,COD,16,1,1,0,30-40,33.96666666666667,5.0,0.0,0.0,-1,38,3492.3979999999997,0.3,0.2,0.4,0.0,0.0,0,0,0.0,0.0,0,0,0.0,11296.189999999999,2,0,0.0,17461.989999999998,5,0,0.0,0
LGS2ORD0049459,C016037,2026-01-27 16:00:00,Female,57,Silver,TV,Bangkok,1052,Lazada,Credit_Card,16,1,1,0,>50,35.06666666666667,3.0,0.0,0.0,-1,255,5340.803333333333,0.2,1.0,0.0,0.0,0.0,0,0,0.0,0.0,0,0,0.0,0.0,0,0,0.0,3737.27,1,0,0.0,1
LGS2ORD0049460,C015992,2026-01-27 16:00:00,Male,53,Silver,Lazada,Nakhon Ratchasima,1731,Shopee,COD,16,1,1,0,>50,57.7,6.0,2.0,0.3333333333333333,44,49,7354.131666666668,0.25,0.8333333333333334,0.16666666666666666,0.0,0.0,0,0,0.0,0.0,0,0,0.0,4727.4800000000005,2,1,0.5,41036.66,5,2,0.4,0
LGS2ORD0049461,C014361,2026-01-27 17:00:00,Male,49,Gold,TV,Chiang Mai,610,Lazada,Credit_Card,17,1,1,0,40-50,20.333333333333332,8.0,0.0,0.0,-1,53,1723.73,0.33,0.25,0.375,0.0,0.0,0,0,0.0,0.0,0,0,0.0,1780.62,1,0,0.0,10479.529999999999,7,0,0.0,0
LGS2ORD0049462,C017381,2026-01-27 17:00:00,Male,35,Bronze,CallCenter,Khon Kaen,422,Lazada,Credit_Card,17,1,1,0,30-40,14.066666666666666,12.0,3.0,0.25,77,31,6574.263333333333,0.23,0.5833333333333334,0.08333333333333333,0.0,0.0,0,0,0.0,0.0,0,0,0.0,37122.71000000001,4,1,0.25,78891.16,12,3,0.25,0
LGS2ORD0049463,C017639,2026-01-27 17:00:00,Female,49,Silver,Shopee,Remote_Area,1150,Shopee,COD,17,1,1,0,40-50,38.333333333333336,7.0,4.0,0.5714285714285714,122,133,2265.7200000000003,0.3,0.8571428571428571,0.42857142857142855,0.0,0.0,0,0,0.0,0.0,0,0,0.0,0.0,0,0,0.0,14677.820000000002,6,3,0.5,1
LGS2ORD0049464,C013698,2026-01-27 17:00:00,Female,24,Bronze,TV,Remote_Area,723,TV_Show,Credit_Card,17,1,1,0,20-30,24.1,9.0,4.0,0.4444444444444444,154,144,2787.4044444444444,0.28,0.5555555555555556,0.4444444444444444,0.0,0.0,0,0,0.0,0.0,0,0,0.0,0.0,0,0,0.0,25086.64,9,4,0.4444444444444444,0
LGS2ORD0049465,C012890,2026-01-27 17:00:00,Male,41,Silver,Shopee,Khon Kaen,567,Shopee,Credit_Card,17,1,1,0,40-50,18.9,10.0,2.0,0.2,13,14,5008.456,0.3,0.3,0.2,0.0,0.0,0,0,0.0,8267.43,2,1,0.5,9963.02,3,1,0.3333333333333333,50084.560000000005,10,2,0.2,0
LGS2ORD0049466,C012480,2026-01-27 18:00:00,Male,39,Silver,CallCenter,Bangkok,1794,CallCenter,Bank_Transfer,18,1,1,0,30-40,59.8,10.0,1.0,0.1,-1,8,5382.106000000001,0.25,0.6,0.1,0.0,0.0,0,0,0.0,3975.73,2,1,0.5,3975.73,2,1,0.5,51066.77,9,1,0.1111111111111111,0
LGS2ORD0049467,C013907,2026-01-27 18:00:00,Male,46,Gold,Shopee,Songkhla,1174,CallCenter,PromptPay,18,1,1,0,40-50,39.13333333333333,8.0,1.0,0.125,339,17,6381.5,0.28,0.375,0.5,0.0,0.0,0,0,0.0,2163.16,1,0,0.0,4121.24,2,0,0.0,51052.0,8,1,0.125,0
LGS2ORD0049468,C014193,2026-01-27 18:00:00,Male,32,Gold,Lazada,Bangkok,905,Web,Credit_Card,18,1,1,0,30-40,30.166666666666668,3.0,1.0,0.3333333333333333,154,167,8817.566666666668,0.08,0.6666666666666666,0.0,0.0,0.0,0,0,0.0,0.0,0,0,0.0,0.0,0,0,0.0,18511.22,2,1,0.5,0
LGS2ORD0049469,C010601,2026-01-27 18:00:00,Female,52,Gold,TV,Bangkok,523,Shopee,COD,18,1,1,0,>50,17.433333333333334,5.0,1.0,0.2,82,81,4222.384,0.28,0.4,0.4,0.0,0.0,0,0,0.0,0.0,0,0,0.0,8802.33,2,0,0.0,10643.970000000001,4,1,0.25,0
LGS2ORD0049470,C014754,2026-01-27 18:00:00,Female,63,Bronze,TV,Songkhla,1162,Lazada,Bank_Transfer,18,1,1,0,>50,38.733333333333334,8.0,2.0,0.25,173,78,5030.0025000000005,0.28,0.625,0.375,0.0,0.0,0,0,0.0,0.0,0,0,0.0,7387.52,1,0,0.0,39468.72,7,1,0.14285714285714285,0
LGS2ORD0049471,C017582,2026-01-27 18:00:00,Male,42,Bronze,TV,Phuket,448,Shopee,COD,18,1,1,0,40-50,14.933333333333334,8.0,2.0,0.25,222,141,4865.25,0.28,0.375,0.125,0.0,0.0,0,0,0.0,0.0,0,0,0.0,0.0,0,0,0.0,34657.49,7,2,0.2857142857142857,1
LGS2ORD0049472,C017353,2026-01-27 19:00:00,Male,54,Silver,Web,Bangkok,791,Web,Credit_Card,19,1,1,0,>50,26.366666666666667,6.0,2.0,0.3333333333333333,3,15,5861.491666666666,0.25,0.5,0.16666666666666666,0.0,0.0,0,0,0.0,6693.74,1,1,1.0,18513.18,3,1,0.3333333333333333,33761.18,5,1,0.2,0
LGS2ORD0049473,C010719,2026-01-27 19:00:00,Male,60,Bronze,TV,Khon Kaen,440,TV_Show,Bank_Transfer,19,1,1,0,>50,14.666666666666666,4.0,0.0,0.0,-1,41,6528.2725,0.23,0.25,0.5,0.0,0.0,0,0,0.0,0.0,0,0,0.0,2573.62,1,0,0.0,26113.09,4,0,0.0,0
LGS2ORD0049474,C013453,2026-01-27 19:00:00,Female,41,Bronze,CallCenter,Bangkok,1668,Web,COD,19,1,1,0,40-50,55.6,6.0,3.0,0.5,205,47,8511.721666666666,0.28,0.6666666666666666,0.16666666666666666,0.0,0.0,0,0,0.0,0.0,0,0,0.0,16096.46,1,0,0.0,48733.81,5,2,0.4,0
LGS2ORD0049475,C017583,2026-01-27 19:00:00,Male,46,Bronze,TV,Khon Kaen,1352,Web,Credit_Card,19,1,1,0,40-50,45.06666666666667,4.0,0.0,0.0,-1,189,1597.9250000000002,0.08,0.5,0.0,0.0,0.0,0,0,0.0,0.0,0,0,0.0,0.0,0,0,0.0,5540.82,3,0,0.0,0
LGS2ORD0049476,C011564,2026-01-27 19:00:00,Male,45,Silver,Lazada,Chonburi,429,Lazada,Credit_Card,19,1,1,0,40-50,14.3,8.0,2.0,0.25,95,103,4616.91625,0.25,0.375,0.25,0.0,0.0,0,0,0.0,0.0,0,0,0.0,0.0,0,0,0.0,36935.33,8,2,0.25,0
LGS2ORD0049477,C015611,2026-01-27 20:00:00,Female,40,Gold,TV,Bangkok,643,Shopee,COD,20,1,1,0,30-40,21.433333333333334,5.0,1.0,0.2,171,73,1363.104,0.28,0.4,0.8,0.0,0.0,0,0,0.0,0.0,0,0,0.0,787.32,1,0,0.0,6815.52,5,1,0.2,1
LGS2ORD0049478,C012257,2026-01-27 20:00:00,Male,36,Platinum,CallCenter,Phuket,1243,Web,COD,20,1,1,0,30-40,41.43333333333333,3.0,0.0,0.0,-1,124,1495.8766666666668,0.3,0.0,0.6666666666666666,0.0,0.0,0,0,0.0,0.0,0,0,0.0,0.0,0,0,0.0,4487.63,3,0,0.0,0
LGS2ORD0049479,C010347,2026-01-27 20:00:00,Female,31,Gold,Shopee,Bangkok,1816,TV_Show,Credit_Card,20,1,1,0,30-40,60.53333333333333,10.0,1.0,0.1,91,35,3600.553999999999,0.33,0.2,0.6,0.1,0.0,0,0,0.0,0.0,0,0,0.0,4524.54,3,0,0.0,36005.53999999999,10,1,0.1,0
LGS2ORD0049480,C013588,2026-01-27 20:00:00,Male,45,Bronze,Web,Remote_Area,619,Web,Credit_Card,20,1,1,0,40-50,20.633333333333333,11.0,3.0,0.2727272727272727,124,5,10597.561818181819,0.23,0.9090909090909091,0.09090909090909091,0.0,6695.41,1,0,0.0,6695.41,1,0,0.0,12748.93,2,0,0.0,111144.11,10,3,0.3,0
LGS2ORD0049481,C011139,2026-01-27 20:00:00,Male,47,Bronze,TV,Songkhla,1528,Web,Credit_Card,20,1,1,0,40-50,50.93333333333333,7.0,2.0,0.2857142857142857,199,121,3387.4828571428566,0.23,0.42857142857142855,0.14285714285714285,0.0,0.0,0,0,0.0,0.0,0,0,0.0,0.0,0,0,0.0,23712.379999999997,7,2,0.2857142857142857,1
LGS2ORD0049482,C010414,2026-01-27 21:00:00,Male,65,Bronze,Lazada,Songkhla,974,Web,COD,21,1,1,0,>50,32.46666666666667,6.0,2.0,0.3333333333333333,168,165,4935.151666666668,0.23,0.8333333333333334,0.16666666666666666,0.0,0.0,0,0,0.0,0.0,0,0,0.0,0.0,0,0,0.0,29610.910000000003,6,2,0.3333333333333333,0
LGS2ORD0049483,C011178,2026-01-27 21:00:00,Male,27,Silver,TV,Chonburi,422,Shopee,Credit_Card,21,1,1,0,20-30,14.066666666666666,4.0,2.0,0.5,318,41,8725.3375,0.2,0.25,0.0,0.0,0.0,0,0,0.0,0.0,0,0,0.0,30209.9,1,0,0.0,34901.35,4,2,0.5,0
LGS2ORD0049484,C011153,2026-01-27 21:00:00,Female,29,Silver,Web,Bangkok,1784,Web,Bank_Transfer,21,1,1,0,20-30,59.46666666666667,2.0,0.0,0.0,-1,62,3208.15,0.25,1.0,0.5,0.0,0.0,0,0,0.0,0.0,0,0,0.0,4752.12,1,0,0.0,6416.3,2,0,0.0,0
LGS2ORD0049485,C014273,2026-01-27 21:00:00,Male,56,Gold,Shopee,Bangkok,1339,TV_Show,PromptPay,21,1,1,0,>50,44.63333333333333,8.0,1.0,0.125,126,50,6383.462500000001,0.33,0.25,0.5,0.0,0.0,0,0,0.0,0.0,0,0,0.0,478.93,1,0,0.0,51067.700000000004,8,1,0.125,0
LGS2ORD0049486,C016049,2026-01-27 21:00:00,Female,27,Platinum,Lazada,Bangkok,744,Web,PromptPay,21,1,1,0,20-30,24.8,4.0,0.0,0.0,-1,73,9792.91,0.3,0.75,0.75,0.0,0.0,0,0,0.0,0.0,0,0,0.0,10688.28,2,0,0.0,39171.64,4,0,0.0,0
LGS2ORD0049487,C016990,2026-01-27 21:00:00,Male,47,Platinum,Shopee,Bangkok,707,Lazada,Bank_Transfer,21,1,1,0,40-50,23.566666666666666,4.0,0.0,0.0,-1,32,4640.5650000000005,0.3,0.0,0.25,0.0,0.0,0,0,0.0,0.0,0,0,0.0,2980.99,1,0,0.0,18562.260000000002,4,0,0.0,0
LGS2ORD0049488,C012044,2026-01-27 22:00:00,Female,66,Bronze,Shopee,Chonburi,1621,Web,COD,22,1,1,0,>50,54.03333333333333,10.0,1.0,0.1,91,12,3527.672,0.28,0.5,0.4,0.0,0.0,0,0,0.0,4057.25,1,0,0.0,8439.08,2,0,0.0,35276.72,10,1,0.1,0
LGS2ORD0049489,C013044,2026-01-27 22:00:00,Female,34,Bronze,Web,Remote_Area,1357,Shopee,COD,22,1,1,0,30-40,45.233333333333334,9.0,2.0,0.2222222222222222,253,60,8267.33111111111,0.28,0.3333333333333333,0.3333333333333333,0.0,0.0,0,0,0.0,0.0,0,0,0.0,9048.83,3,0,0.0,74405.98,9,2,0.2222222222222222,1
LGS2ORD0049490,C011072,2026-01-27 22:00:00,Male,39,Gold,Shopee,Bangkok,1240,TV_Show,PromptPay,22,1,1,0,30-40,41.333333333333336,3.0,0.0,0.0,-1,76,4186.943333333334,0.2299999999999999,0.3333333333333333,0.3333333333333333,0.0,0.0,0,0,0.0,0.0,0,0,0.0,2607.59,1,0,0.0,12560.83,3,0,0.0,0
LGS2ORD0049491,C017579,2026-01-27 22:00:00,Male,41,Bronze,CallCenter,Nakhon Ratchasima,1821,Web,Credit_Card,22,1,1,0,40-50,60.7,10.0,3.0,0.3,260,17,4542.438,0.28,0.3,0.4,0.0,0.0,0,0,0.0,4380.04,2,0,0.0,8155.55,3,0,0.0,25527.77,9,2,0.2222222222222222,0
LGS2ORD0049492,C017941,2026-01-27 22:00:00,Female,50,Platinum,Web,Bangkok,944,CallCenter,PromptPay,22,1,1,0,40-50,31.466666666666665,5.0,2.0,0.4,13,19,8112.351999999999,0.35,0.2,0.6,0.0,0.0,0,0,0.0,1540.53,1,1,1.0,27403.82,2,1,0.5,38292.63,4,2,0.5,0
LGS2ORD0049493,C016757,2026-01-27 23:00:00,Male,60,Bronze,Web,Phuket,1528,TV_Show,COD,23,1,1,0,>50,50.93333333333333,7.0,2.0,0.2857142857142857,272,5,3542.088571428572,0.18,0.7142857142857143,0.0,0.0,2120.38,1,0,0.0,2120.38,1,0,0.0,2120.38,1,0,0.0,24794.620000000003,7,2,0.2857142857142857,0
LGS2ORD0049494,C016574,2026-01-27 23:00:00,Female,33,Bronze,Web,Khon Kaen,429,Lazada,COD,23,1,1,0,30-40,14.3,8.0,0.0,0.0,-1,55,10231.845,0.23,0.75,0.25,0.0,0.0,0,0,0.0,0.0,0,0,0.0,7362.8,1,0,0.0,79299.09000000001,6,0,0.0,1
LGS2ORD0049495,C016425,2026-01-27 23:00:00,Male,47,Bronze,Lazada,Songkhla,891,TV_Show,COD,23,1,1,0,40-50,29.7,3.0,0.0,0.0,-1,41,1174.45,0.18,0.6666666666666666,0.0,0.0,0.0,0,0,0.0,0.0,0,0,0.0,882.34,1,0,0.0,1896.8899999999999,2,0,0.0,0
LGS2ORD0049496,C014893,2026-01-27 23:00:00,Female,29,Bronze,Shopee,Phuket,933,CallCenter,PromptPay,23,1,1,0,20-30,31.1,11.0,1.0,0.09090909090909091,4,12,4337.936363636363,0.28,0.2727272727272727,0.36363636363636365,0.0,0.0,0,0,0.0,2214.69,1,1,1.0,6553.709999999999,3,1,0.3333333333333333,34822.549999999996,9,1,0.1111111111111111,0
LGS2ORD0049497,C010193,2026-01-27 23:00:00,Female,50,Silver,TV,Chiang Mai,1171,Web,Credit_Card,23,1,1,0,40-50,39.03333333333333,8.0,1.0,0.125,314,25,2565.5700000000006,0.3,0.5,0.125,0.0,0.0,0,0,0.0,3002.17,1,0,0.0,3002.17,1,0,0.0,20524.560000000005,8,1,0.125,0
LGS2ORD0049498,C015958,2026-01-28 00:00:00,Female,44,Platinum,Shopee,Nakhon Ratchasima,1848,TV_Show,PromptPay,0,1,2,0,40-50,61.6,2.0,0.0,0.0,-1,140,2838.2,0.3,0.0,0.5,0.0,0.0,0,0,0.0,0.0,0,0,0.0,0.0,0,0,0.0,5676.4,2,0,0.0,1
LGS2ORD0049499,C011454,2026-01-28 00:00:00,Male,25,Silver,TV,Phuket,1277,TV_Show,COD,0,1,2,0,20-30,42.56666666666667,5.0,2.0,0.4,44,55,8564.752,0.1,0.4,0.0,0.0,0.0,0,0,0.0,0.0,0,0,0.0,28244.06,1,1,1.0,41023.42,4,2,0.5,1
LGS2ORD0049500,C011259,2026-01-28 00:00:00,Other,40,Gold,Lazada,Khon Kaen,1466,TV_Show,COD,0,1,2,0,30-40,48.86666666666667,4.0,0.0,0.0,-1,46,2160.3325,0.33,0.0,0.5,0.0,0.0,0,0,0.0,0.0,0,0,0.0,2890.87,1,0,0.0,8641.33,4,0,0.0,1
LGS2ORD0049501,C015928,2026-01-28 00:00:00,Male,66,Bronze,Shopee,Bangkok,1653,Lazada,PromptPay,0,1,2,0,>50,55.1,4.0,2.0,0.5,69,74,5436.9025,0.23,1.0,0.25,0.0,0.0,0,0,0.0,0.0,0,0,0.0,592.16,1,1,1.0,21747.61,4,2,0.5,0
LGS2ORD0049502,C017208,2026-01-28 00:00:00,Male,53,Silver,Shopee,Bangkok,927,Shopee,COD,0,1,2,0,>50,30.9,9.0,3.0,0.3333333333333333,84,50,9564.37,0.25,0.6666666666666666,0.2222222222222222,0.0,0.0,0,0,0.0,0.0,0,0,0.0,2071.72,1,0,0.0,84774.0,8,2,0.25,0
LGS2ORD0049503,C017557,2026-01-28 01:00:00,Female,51,Bronze,Lazada,Bangkok,1270,Shopee,COD,1,1,2,0,>50,42.333333333333336,2.0,1.0,0.5,213,210,5302.68,0.03,0.5,0.0,0.0,0.0,0,0,0.0,0.0,0,0,0.0,0.0,0,0,0.0,10605.36,2,1,0.5,0
LGS2ORD0049504,C016733,2026-01-28 01:00:00,Female,43,Gold,Web,Bangkok,615,Shopee,COD,1,1,2,0,40-50,20.5,9.0,3.0,0.3333333333333333,17,24,5248.168888888888,0.28,0.4444444444444444,0.4444444444444444,0.0,0.0,0,0,0.0,14065.39,1,1,1.0,14065.39,1,1,1.0,29778.64,7,3,0.42857142857142855,1
LGS2ORD0049505,C010586,2026-01-28 01:00:00,Female,41,Bronze,Shopee,Khon Kaen,1705,Web,COD,1,1,2,0,40-50,56.833333333333336,6.0,0.0,0.0,-1,93,8334.976666666667,0.23,0.5,0.16666666666666666,0.0,0.0,0,0,0.0,0.0,0,0,0.0,0.0,0,0,0.0,34986.44,5,0,0.0,0
LGS2ORD0049506,C011525,2026-01-28 01:00:00,Male,47,Silver,CallCenter,Nakhon Ratchasima,840,Shopee,COD,1,1,2,0,40-50,28.0,10.0,4.0,0.4,21,26,5978.406999999999,0.3,0.3,0.3,0.0,0.0,0,0,0.0,2405.87,2,1,0.5,2405.87,2,1,0.5,30582.39,9,3,0.3333333333333333,0
LGS2ORD0049507,C010327,2026-01-28 01:00:00,Other,44,Gold,Web,Nakhon Ratchasima,646,CallCenter,PromptPay,1,1,2,0,40-50,21.533333333333335,4.0,1.0,0.25,35,3,2445.815,0.33,0.25,0.5,0.0,2146.24,1,0,0.0,2146.24,1,0,0.0,3336.66,2,1,0.5,9783.26,4,1,0.25,0
LGS2ORD0049508,C014643,2026-01-28 01:00:00,Male,58,Bronze,Lazada,Chonburi,555,CallCenter,COD,1,1,2,0,>50,18.5,6.0,1.0,0.16666666666666666,155,28,5795.321666666667,0.23,0.8333333333333334,0.16666666666666666,0.0,0.0,0,0,0.0,3187.93,1,0,0.0,11279.64,2,0,0.0,25238.920000000002,4,1,0.25,0
LGS2ORD0049509,C015005,2026-01-28 02:00:00,Male,43,Silver,Web,Chiang Mai,1833,TV_Show,Credit_Card,2,1,2,0,40-50,61.1,4.0,0.0,0.0,-1,2,4911.235,0.25,0.25,0.5,0.0,2727.44,1,0,0.0,2727.44,1,0,0.0,2727.44,1,0,0.0,19644.94,4,0,0.0,0
LGS2ORD0049510,C017954,2026-01-28 02:00:00,Female,26,Bronze,Lazada,Remote_Area,1648,TV_Show,Credit_Card,2,1,2,0,20-30,54.93333333333333,8.0,4.0,0.5,51,7,8392.616250000001,0.28,0.375,0.25,0.0,0.0,0,0,0.0,28488.22,2,0,0.0,33713.97,3,1,0.3333333333333333,61099.11,7,4,0.5714285714285714,0
LGS2ORD0049511,C010248,2026-01-28 02:00:00,Female,63,Platinum,Shopee,Bangkok,619,Web,COD,2,1,2,0,>50,20.633333333333333,10.0,1.0,0.1,339,33,2465.758,0.3,0.5,0.5,0.1,0.0,0,0,0.0,0.0,0,0,0.0,5341.25,1,0,0.0,24657.579999999998,10,1,0.1,0
LGS2ORD0049512,C010698,2026-01-28 02:00:00,Male,44,Gold,Shopee,Chonburi,593,Lazada,PromptPay,2,1,2,0,40-50,19.766666666666666,7.0,3.0,0.42857142857142855,65,73,5269.282857142857,0.33,0.8571428571428571,0.42857142857142855,0.0,0.0,0,0,0.0,0.0,0,0,0.0,18851.44,2,1,0.5,25506.4,5,2,0.4,0
LGS2ORD0049513,C014841,2026-01-28 02:00:00,Male,67,Bronze,Shopee,Remote_Area,546,Lazada,Credit_Card,2,1,2,0,>50,18.2,11.0,1.0,0.09090909090909091,228,22,4233.691818181818,0.23,0.5454545454545454,0.18181818181818182,0.0,0.0,0,0,0.0,7138.08,1,0,0.0,9290.369999999999,2,0,0.0,39337.88,9,1,0.1111111111111111,1
LGS2ORD0049514,C016335,2026-01-28 03:00:00,Female,40,Bronze,Shopee,Nakhon Ratchasima,1111,Web,COD,3,1,2,0,30-40,37.03333333333333,4.0,0.0,0.0,-1,75,4488.3325,0.08,0.75,0.0,0.0,0.0,0,0,0.0,0.0,0,0,0.0,1666.89,1,0,0.0,17953.33,4,0,0.0,1
LGS2ORD0049515,C010903,2026-01-28 03:00:00,Male,18,Bronze,TV,Remote_Area,1611,Lazada,COD,3,1,2,0,<20,53.7,5.0,2.0,0.4,59,65,3172.806,0.28,0.4,0.8,0.0,0.0,0,0,0.0,0.0,0,0,0.0,1277.48,1,1,1.0,14790.49,4,1,0.25,1
LGS2ORD0049516,C014235,2026-01-28 03:00:00,Male,31,Silver,TV,Bangkok,711,Lazada,PromptPay,3,1,2,0,30-40,23.7,9.0,2.0,0.2222222222222222,12,24,6733.265555555556,0.25,0.6666666666666666,0.2222222222222222,0.0,0.0,0,0,0.0,918.85,1,1,1.0,1724.85,2,2,1.0,39239.67,7,2,0.2857142857142857,0
LGS2ORD0049517,C012141,2026-01-28 03:00:00,Female,41,Platinum,Shopee,Chiang Mai,742,TV_Show,COD,3,1,2,0,40-50,24.733333333333334,5.0,0.0,0.0,-1,2,4634.201999999999,0.25,0.4,0.4,0.0,4225.78,1,0,0.0,4225.78,1,0,0.0,20039.13,2,0,0.0,23171.01,5,0,0.0,0
LGS2ORD0049518,C013031,2026-01-28 03:00:00,Female,40,Silver,TV,Phuket,1461,Shopee,COD,3,1,2,0,30-40,48.7,14.0,1.0,0.07142857142857142,48,17,5618.489285714286,0.25,0.5,0.21428571428571427,0.0,0.0,0,0,0.0,21882.91,1,0,0.0,29039.989999999998,3,1,0.3333333333333333,72449.1,12,1,0.08333333333333333,0
LGS2ORD0049519,C015754,2026-01-28 04:00:00,Female,69,Bronze,CallCenter,Songkhla,1417,Lazada,COD,4,1,2,0,>50,47.233333333333334,8.0,3.0,0.375,248,93,4232.74125,0.23,0.375,0.25,0.0,0.0,0,0,0.0,0.0,0,0,0.0,0.0,0,0,0.0,33861.93,8,3,0.375,0
LGS2ORD0049520,C013821,2026-01-28 04:00:00,Male,18,Gold,Web,Bangkok,1753,Lazada,Credit_Card,4,1,2,0,<20,58.43333333333333,4.0,1.0,0.25,116,77,7547.615,0.08,0.25,0.0,0.0,0.0,0,0,0.0,0.0,0,0,0.0,4377.01,1,0,0.0,19040.690000000002,3,1,0.3333333333333333,1
LGS2ORD0049521,C017653,2026-01-28 04:00:00,Female,33,Gold,Shopee,Songkhla,1345,Shopee,Credit_Card,4,1,2,0,30-40,44.833333333333336,3.0,0.0,0.0,-1,48,8279.529999999999,0.08,0.6666666666666666,0.0,0.0,0.0,0,0,0.0,0.0,0,0,0.0,11167.39,1,0,0.0,24838.589999999997,3,0,0.0,0
LGS2ORD0049522,C013487,2026-01-28 04:00:00,Male,55,Bronze,Web,Bangkok,764,Shopee,PromptPay,4,1,2,0,>50,25.466666666666665,9.0,2.0,0.2222222222222222,248,3,5563.96,0.28,0.3333333333333333,0.1111111111111111,0.0,3340.95,1,0,0.0,7156.85,2,0,0.0,7156.85,2,0,0.0,25440.04,7,2,0.2857142857142857,0
LGS2ORD0049523,C014166,2026-01-28 04:00:00,Female,46,Bronze,TV,Phuket,1368,Shopee,Credit_Card,4,1,2,0,40-50,45.6,5.0,3.0,0.6,67,76,6524.2300000000005,0.28,0.8,0.2,0.0,0.0,0,0,0.0,0.0,0,0,0.0,17315.420000000002,2,1,0.5,32621.15,5,3,0.6,0
LGS2ORD0049524,C011494,2026-01-28 05:00:00,Female,23,Platinum,Lazada,Bangkok,511,CallCenter,PromptPay,5,1,2,0,20-30,17.033333333333335,11.0,3.0,0.2727272727272727,259,39,5896.333636363636,0.3,0.36363636363636365,0.18181818181818182,0.0,0.0,0,0,0.0,0.0,0,0,0.0,11041.41,4,0,0.0,56551.130000000005,10,3,0.3,0
LGS2ORD0049525,C015481,2026-01-28 05:00:00,Male,45,Bronze,Shopee,Remote_Area,1025,Lazada,Credit_Card,5,1,2,0,40-50,34.166666666666664,8.0,4.0,0.5,-9,2,5709.19125,0.23,0.625,0.25,0.0,19865.38,1,1,1.0,19865.38,1,1,1.0,19865.38,1,1,1.0,42783.03,6,3,0.5,1
LGS2ORD0049526,C016785,2026-01-28 05:00:00,Female,62,Bronze,TV,Bangkok,1129,CallCenter,COD,5,1,2,0,>50,37.63333333333333,6.0,1.0,0.16666666666666666,92,105,2697.1866666666665,0.28,0.5,0.6666666666666666,0.0,0.0,0,0,0.0,0.0,0,0,0.0,0.0,0,0,0.0,16183.119999999999,6,1,0.16666666666666666,0
LGS2ORD0049527,C014282,2026-01-28 05:00:00,Male,48,Gold,Shopee,Remote_Area,1200,Shopee,PromptPay,5,1,2,0,40-50,40.0,2.0,0.0,0.0,-1,205,6092.2300000000005,0.13,0.0,0.0,0.0,0.0,0,0,0.0,0.0,0,0,0.0,0.0,0,0,0.0,12184.460000000001,2,0,0.0,1
LGS2ORD0049528,C015271,2026-01-28 05:00:00,Female,37,Bronze,TV,Chonburi,1805,Lazada,COD,5,1,2,0,30-40,60.166666666666664,8.0,0.0,0.0,-1,44,5693.8412499999995,0.23,0.625,0.25,0.0,0.0,0,0,0.0,0.0,0,0,0.0,2769.07,1,0,0.0,45089.869999999995,7,0,0.0,1
LGS2ORD0049529,C012668,2026-01-28 05:00:00,Female,53,Bronze,TV,Songkhla,579,Shopee,Bank_Transfer,5,1,2,0,>50,19.3,11.0,2.0,0.18181818181818182,44,24,3227.8572727272726,0.23,0.5454545454545454,0.09090909090909091,0.0,0.0,0,0,0.0,3366.08,2,0,0.0,8255.21,5,1,0.2,35506.43,11,2,0.18181818181818182,1
LGS2ORD0049530,C014434,2026-01-28 06:00:00,Female,56,Bronze,Web,Khon Kaen,659,Lazada,PromptPay,6,1,2,0,>50,21.966666666666665,9.0,3.0,0.3333333333333333,44,52,8581.455555555554,0.28,0.4444444444444444,0.1111111111111111,0.0,0.0,0,0,0.0,0.0,0,0,0.0,1692.26,1,1,1.0,66934.99,6,2,0.3333333333333333,0
LGS2ORD0049531,C011593,2026-01-28 06:00:00,Female,38,Bronze,TV,Chiang Mai,693,Lazada,Bank_Transfer,6,1,2,0,30-40,23.1,10.0,3.0,0.3,-11,3,6859.724,0.28,0.6,0.5,0.0,1663.4,1,1,1.0,3557.63,2,1,0.5,4441.63,3,1,0.3333333333333333,68597.24,10,3,0.3,0
LGS2ORD0049532,C010923,2026-01-28 06:00:00,Female,44,Platinum,Lazada,Bangkok,1665,Lazada,COD,6,1,2,0,40-50,55.5,3.0,0.0,0.0,-1,152,14261.913333333336,0.2,0.0,0.0,0.0,0.0,0,0,0.0,0.0,0,0,0.0,0.0,0,0,0.0,42785.740000000005,3,0,0.0,0
LGS2ORD0049533,C010943,2026-01-28 06:00:00,Male,34,Platinum,Lazada,Chiang Mai,531,Lazada,Bank_Transfer,6,1,2,0,30-40,17.7,6.0,1.0,0.16666666666666666,12,12,1710.7399999999998,0.35,0.3333333333333333,0.8333333333333334,0.0,0.0,0,0,0.0,1899.88,2,1,0.5,1899.88,2,1,0.5,9889.349999999999,5,1,0.2,0
LGS2ORD0049534,C017291,2026-01-28 06:00:00,Female,34,Bronze,TV,Songkhla,1675,Lazada,Credit_Card,6,1,2,0,30-40,55.833333333333336,5.0,2.0,0.4,87,72,4468.7519999999995,0.23,0.4,0.2,0.0,0.0,0,0,0.0,0.0,0,0,0.0,4317.59,1,0,0.0,22343.76,5,2,0.4,0
LGS2ORD0049535,C010707,2026-01-28 07:00:00,Male,29,Platinum,Lazada,Bangkok,493,Web,COD,7,1,2,0,20-30,16.433333333333334,4.0,1.0,0.25,174,16,5445.0525,0.3,0.5,0.5,0.0,0.0,0,0,0.0,802.59,1,0,0.0,802.59,1,0,0.0,21780.21,4,1,0.25,0
LGS2ORD0049536,C012415,2026-01-28 07:00:00,Female,54,Gold,TV,Phuket,790,CallCenter,PromptPay,7,1,2,0,>50,26.333333333333332,7.0,4.0,0.5714285714285714,194,44,4661.164285714286,0.28,0.5714285714285714,0.14285714285714285,0.0,0.0,0,0,0.0,0.0,0,0,0.0,525.0,1,0,0.0,27223.870000000003,6,4,0.6666666666666666,0
LGS2ORD0049537,C017567,2026-01-28 07:00:00,Male,55,Bronze,TV,Bangkok,798,Shopee,Bank_Transfer,7,1,2,0,>50,26.6,8.0,3.0,0.375,119,88,3547.34625,0.28,0.625,0.375,0.0,0.0,0,0,0.0,0.0,0,0,0.0,2632.15,1,0,0.0,27111.330000000005,7,2,0.2857142857142857,1
LGS2ORD0049538,C010067,2026-01-28 07:00:00,Male,27,Bronze,Shopee,Phuket,519,TV_Show,COD,7,1,2,0,20-30,17.3,6.0,3.0,0.5,96,57,3761.138333333334,0.18,0.5,0.0,0.0,0.0,0,0,0.0,0.0,0,0,0.0,8082.9,1,0,0.0,19295.989999999998,5,3,0.6,0
LGS2ORD0049539,C015866,2026-01-28 07:00:00,Female,50,Gold,Web,Bangkok,687,Web,Credit_Card,7,1,2,0,40-50,22.9,2.0,0.0,0.0,-1,87,6048.014999999999,0.08,0.0,0.0,0.0,0.0,0,0,0.0,0.0,0,0,0.0,4797.2,1,0,0.0,12096.029999999999,2,0,0.0,1
LGS2ORD0049540,C012550,2026-01-28 08:00:00,Female,41,Bronze,Shopee,Songkhla,1397,TV_Show,COD,8,1,2,0,40-50,46.56666666666667,5.0,1.0,0.2,282,37,3607.988,0.28,0.4,0.4,0.0,0.0,0,0,0.0,0.0,0,0,0.0,3157.2700000000004,2,0,0.0,18039.94,5,1,0.2,0
LGS2ORD0049541,C010027,2026-01-28 08:00:00,Female,23,Bronze,Shopee,Khon Kaen,1596,Lazada,Credit_Card,8,1,2,0,20-30,53.2,7.0,2.0,0.2857142857142857,28,37,4286.925714285715,0.23,0.7142857142857143,0.42857142857142855,0.0,0.0,0,0,0.0,0.0,0,0,0.0,4672.610000000001,2,1,0.5,29452.170000000002,6,1,0.16666666666666666,0
LGS2ORD0049542,C016664,2026-01-28 08:00:00,Female,45,Gold,TV,Songkhla,938,Lazada,COD,8,1,2,0,40-50,31.266666666666666,5.0,1.0,0.2,64,6,4576.128,0.28,0.4,0.8,0.0,10832.6,1,0,0.0,15379.37,2,0,0.0,20625.39,3,1,0.3333333333333333,22233.800000000003,4,1,0.25,1
LGS2ORD0049543,C010615,2026-01-28 08:00:00,Female,40,Platinum,TV,Nakhon Ratchasima,666,Lazada,COD,8,1,2,0,30-40,22.2,4.0,0.0,0.0,-1,33,11666.1375,0.35,0.75,0.5,0.0,0.0,0,0,0.0,0.0,0,0,0.0,13762.75,1,0,0.0,46664.55,4,0,0.0,0
LGS2ORD0049544,C016644,2026-01-28 08:00:00,Female,32,Platinum,TV,Bangkok,1784,Lazada,Bank_Transfer,8,1,2,0,30-40,59.46666666666667,11.0,0.0,0.0,-1,4,8462.265454545455,0.3,0.36363636363636365,0.36363636363636365,0.0,740.45,1,0,0.0,740.45,1,0,0.0,23600.210000000003,4,0,0.0,93084.92,11,0,0.0,1
LGS2ORD0049545,C013515,2026-01-28 09:00:00,Male,32,Bronze,TV,Remote_Area,613,Web,PromptPay,9,1,2,0,30-40,20.433333333333334,16.0,7.0,0.4375,56,49,4792.2993750000005,0.28,0.5,0.0625,0.0,0.0,0,0,0.0,0.0,0,0,0.0,40119.54,4,1,0.25,75027.69,15,7,0.4666666666666667,0
LGS2ORD0049546,C017671,2026-01-28 09:00:00,Male,42,Silver,TV,Remote_Area,1481,Web,Credit_Card,9,1,2,0,40-50,49.36666666666667,5.0,1.0,0.2,319,57,4752.41,0.2,0.2,0.0,0.0,0.0,0,0,0.0,0.0,0,0,0.0,11108.57,1,0,0.0,23762.05,5,1,0.2,0
LGS2ORD0049547,C016507,2026-01-28 09:00:00,Female,41,Bronze,TV,Chonburi,738,Shopee,Bank_Transfer,9,1,2,0,40-50,24.6,14.0,8.0,0.5714285714285714,4,2,2708.019285714286,0.28,0.7142857142857143,0.42857142857142855,0.0,1844.04,1,0,0.0,3514.83,2,1,0.5,15248.830000000002,4,2,0.5,37912.270000000004,14,8,0.5714285714285714,0
LGS2ORD0049548,C013821,2026-01-28 09:00:00,Male,18,Gold,Web,Bangkok,1753,Lazada,Bank_Transfer,9,1,2,0,<20,58.43333333333333,5.0,2.0,0.4,-10,0,7780.918,0.28,0.2,0.2,0.0,8714.13,1,1,1.0,8714.13,1,1,1.0,13091.14,2,1,0.5,27754.82,4,2,0.5,0
LGS2ORD0049549,C011819,2026-01-28 09:00:00,Female,48,Bronze,Web,Chonburi,1633,TV_Show,COD,9,1,2,0,40-50,54.43333333333333,7.0,1.0,0.14285714285714285,11,13,4122.312857142858,0.18,0.2857142857142857,0.0,0.0,0.0,0,0,0.0,12719.060000000001,3,1,0.3333333333333333,19506.56,5,1,0.2,28856.190000000002,7,1,0.14285714285714285,1
LGS2ORD0049550,C013109,2026-01-28 09:00:00,Male,46,Bronze,Shopee,Khon Kaen,1555,TV_Show,COD,9,1,2,0,40-50,51.833333333333336,10.0,2.0,0.2,56,60,5955.027,0.28,0.7,0.4,0.0,0.0,0,0,0.0,0.0,0,0,0.0,6342.84,2,1,0.5,55280.55,9,2,0.2222222222222222,1
LGS2ORD0049551,C010544,2026-01-28 10:00:00,Male,51,Silver,CallCenter,Bangkok,1710,Web,PromptPay,10,1,2,0,>50,57.0,1.0,0.0,0.0,-1,372,10961.16,0.1,0.0,0.0,0.0,0.0,0,0,0.0,0.0,0,0,0.0,0.0,0,0,0.0,0.0,0,0,0.0,1
LGS2ORD0049552,C016211,2026-01-28 10:00:00,Female,43,Bronze,Web,Bangkok,1053,TV_Show,COD,10,1,2,0,40-50,35.1,7.0,0.0,0.0,-1,116,4304.7357142857145,0.23,0.8571428571428571,0.14285714285714285,0.0,0.0,0,0,0.0,0.0,0,0,0.0,0.0,0,0,0.0,14450.88,6,0,0.0,0
LGS2ORD0049553,C016449,2026-01-28 10:00:00,Female,40,Platinum,TV,Phuket,874,CallCenter,COD,10,1,2,0,30-40,29.133333333333333,4.0,2.0,0.5,145,160,835.3399999999999,0.3,0.25,0.75,0.0,0.0,0,0,0.0,0.0,0,0,0.0,0.0,0,0,0.0,3341.3599999999997,4,2,0.5,1
LGS2ORD0049554,C010860,2026-01-28 10:00:00,Female,59,Bronze,TV,Phuket,1640,TV_Show,PromptPay,10,1,2,0,>50,54.666666666666664,8.0,2.0,0.25,298,82,4168.81125,0.28,0.625,0.5,0.0,0.0,0,0,0.0,0.0,0,0,0.0,19939.14,1,0,0.0,31715.05,7,1,0.14285714285714285,1
LGS2ORD0049555,C014476,2026-01-28 10:00:00,Other,25,Silver,TV,Bangkok,1033,Lazada,COD,10,1,2,0,20-30,34.43333333333333,8.0,5.0,0.625,33,37,8058.952499999999,0.25,0.625,0.125,0.125,0.0,0,0,0.0,0.0,0,0,0.0,25501.2,2,1,0.5,64471.619999999995,8,5,0.625,0
LGS2ORD0049556,C016329,2026-01-28 11:00:00,Female,41,Bronze,Shopee,Khon Kaen,832,Web,Credit_Card,11,1,2,0,40-50,27.733333333333334,12.0,3.0,0.25,110,32,4560.742499999999,0.28,0.6666666666666666,0.4166666666666667,0.0,0.0,0,0,0.0,0.0,0,0,0.0,3116.06,1,0,0.0,54728.90999999999,12,3,0.25,0
LGS2ORD0049557,C010763,2026-01-28 11:00:00,Female,46,Platinum,Web,Chiang Mai,1565,Lazada,COD,11,1,2,0,40-50,52.166666666666664,7.0,1.0,0.14285714285714285,57,13,9615.850000000002,0.2,0.42857142857142855,0.0,0.0,0.0,0,0,0.0,15824.86,1,0,0.0,48657.81,4,1,0.25,67310.95000000001,7,1,0.14285714285714285,0
LGS2ORD0049558,C014352,2026-01-28 11:00:00,Female,40,Silver,Lazada,Nakhon Ratchasima,583,CallCenter,Credit_Card,11,1,2,0,30-40,19.433333333333334,7.0,2.0,0.2857142857142857,148,44,7127.502857142856,0.3,0.2857142857142857,0.2857142857142857,0.0,0.0,0,0,0.0,0.0,0,0,0.0,18817.39,2,0,0.0,49892.51999999999,7,2,0.2857142857142857,0
LGS2ORD0049559,C016469,2026-01-28 11:00:00,Male,40,Silver,TV,Chiang Mai,1698,TV_Show,PromptPay,11,1,2,0,30-40,56.6,9.0,5.0,0.5555555555555556,243,2,6539.468888888889,0.25,0.2222222222222222,0.1111111111111111,0.0,2508.99,1,0,0.0,2508.99,1,0,0.0,2508.99,1,0,0.0,57317.439999999995,8,4,0.5,1
LGS2ORD0049560,C017350,2026-01-28 11:00:00,Male,63,Platinum,Web,Chiang Mai,1244,TV_Show,Bank_Transfer,11,1,2,0,>50,41.46666666666667,4.0,0.0,0.0,-1,82,8306.29,0.25,0.5,0.5,0.0,0.0,0,0,0.0,0.0,0,0,0.0,6945.33,1,0,0.0,33225.16,4,0,0.0,1
LGS2ORD0049561,C013209,2026-01-28 12:00:00,Female,47,Silver,CallCenter,Nakhon Ratchasima,1402,Shopee,COD,12,1,2,0,40-50,46.733333333333334,10.0,1.0,0.1,38,18,7404.752,0.3,0.6,0.4,0.0,0.0,0,0,0.0,13689.56,3,0,0.0,60241.17999999999,7,1,0.14285714285714285,74047.52,10,1,0.1,0
LGS2ORD0049562,C014357,2026-01-28 12:00:00,Female,39,Silver,TV,Songkhla,1279,Shopee,COD,12,1,2,0,30-40,42.63333333333333,4.0,1.0,0.25,9,13,8544.9125,0.15,0.75,0.0,0.0,0.0,0,0,0.0,2659.31,1,1,1.0,2659.31,1,1,1.0,34179.65,4,1,0.25,1
LGS2ORD0049563,C011315,2026-01-28 12:00:00,Female,37,Silver,Shopee,Bangkok,422,Shopee,Credit_Card,12,1,2,0,30-40,14.066666666666666,10.0,3.0,0.3,26,35,1776.641,0.3,0.2,0.7,0.0,0.0,0,0,0.0,0.0,0,0,0.0,1285.69,1,1,1.0,17766.41,10,3,0.3,0
LGS2ORD0049564,C015283,2026-01-28 12:00:00,Female,29,Bronze,Lazada,Chonburi,1453,Lazada,COD,12,1,2,0,20-30,48.43333333333333,1.0,0.0,0.0,-1,161,3085.28,0.03,0.0,0.0,0.0,0.0,0,0,0.0,0.0,0,0,0.0,0.0,0,0,0.0,3085.28,1,0,0.0,1
LGS2ORD0049565,C016472,2026-01-28 12:00:00,Male,33,Platinum,Web,Bangkok,982,Lazada,COD,12,1,2,0,30-40,32.733333333333334,6.0,0.0,0.0,-1,56,7257.900000000001,0.25,0.16666666666666666,0.5,0.0,0.0,0,0,0.0,0.0,0,0,0.0,14928.99,1,0,0.0,43547.4,6,0,0.0,1
LGS2ORD0049566,C011785,2026-01-28 13:00:00,Male,23,Silver,Shopee,Songkhla,1806,Shopee,COD,13,1,2,0,20-30,60.2,11.0,4.0,0.36363636363636365,32,45,3737.13,0.3,0.2727272727272727,0.18181818181818182,0.0,0.0,0,0,0.0,0.0,0,0,0.0,10450.05,3,1,0.3333333333333333,41108.43,11,4,0.36363636363636365,1
LGS2ORD0049567,C014223,2026-01-28 13:00:00,Female,56,Bronze,Shopee,Nakhon Ratchasima,484,Lazada,COD,13,1,2,0,>50,16.133333333333333,3.0,2.0,0.6666666666666666,324,183,5194.96,0.23,0.6666666666666666,0.3333333333333333,0.0,0.0,0,0,0.0,0.0,0,0,0.0,0.0,0,0,0.0,14775.67,2,1,0.5,1
LGS2ORD0049568,C017832,2026-01-28 13:00:00,Male,65,Bronze,CallCenter,Chiang Mai,1782,Shopee,Credit_Card,13,1,2,0,>50,59.4,6.0,4.0,0.6666666666666666,60,72,4005.468333333333,0.23,0.6666666666666666,0.5,0.0,0.0,0,0,0.0,0.0,0,0,0.0,707.21,1,1,1.0,24032.809999999998,6,4,0.6666666666666666,1
LGS2ORD0049569,C011475,2026-01-28 13:00:00,Male,34,Bronze,TV,Bangkok,1567,Shopee,COD,13,1,2,0,30-40,52.233333333333334,11.0,2.0,0.18181818181818182,65,22,7199.657272727272,0.28,0.9090909090909091,0.36363636363636365,0.0,0.0,0,0,0.0,15530.94,1,0,0.0,21096.14,3,1,0.3333333333333333,79196.23,11,2,0.18181818181818182,0
LGS2ORD0049570,C011377,2026-01-28 13:00:00,Female,21,Bronze,TV,Phuket,773,Web,COD,13,1,2,0,20-30,25.766666666666666,12.0,5.0,0.4166666666666667,95,82,6129.858333333333,0.28,0.75,0.3333333333333333,0.0,0.0,0,0,0.0,0.0,0,0,0.0,21487.59,1,0,0.0,73558.29999999999,12,5,0.4166666666666667,0
LGS2ORD0049571,C011538,2026-01-28 13:00:00,Female,55,Bronze,TV,Phuket,662,Web,COD,13,1,2,0,>50,22.066666666666666,12.0,6.0,0.5,62,65,5297.785,0.28,0.5833333333333334,0.16666666666666666,0.0,0.0,0,0,0.0,0.0,0,0,0.0,7041.23,1,1,1.0,63573.42,12,6,0.5,0
LGS2ORD0049572,C016842,2026-01-28 14:00:00,Female,22,Silver,Web,Bangkok,1040,CallCenter,COD,14,1,2,0,20-30,34.666666666666664,7.0,0.0,0.0,-1,99,5043.917142857143,0.2,0.2857142857142857,0.0,0.0,0.0,0,0,0.0,0.0,0,0,0.0,0.0,0,0,0.0,35307.42,7,0,0.0,0
LGS2ORD0049573,C010471,2026-01-28 14:00:00,Female,56,Gold,TV,Nakhon Ratchasima,1140,Lazada,COD,14,1,2,0,>50,38.0,7.0,1.0,0.14285714285714285,343,52,6829.437142857142,0.28,0.42857142857142855,0.42857142857142855,0.0,0.0,0,0,0.0,0.0,0,0,0.0,12451.34,2,0,0.0,47806.06,7,1,0.14285714285714285,0
LGS2ORD0049574,C012054,2026-01-28 14:00:00,Female,36,Bronze,Web,Remote_Area,537,Lazada,Credit_Card,14,1,2,0,30-40,17.9,9.0,3.0,0.3333333333333333,30,4,4180.556666666667,0.23,1.0,0.3333333333333333,0.0,3835.12,1,0,0.0,3835.12,1,0,0.0,7274.549999999999,2,1,0.5,37625.01,9,3,0.3333333333333333,0
LGS2ORD0049575,C013658,2026-01-28 14:00:00,Male,52,Gold,Web,Remote_Area,1662,CallCenter,PromptPay,14,1,2,0,>50,55.4,4.0,2.0,0.5,79,88,8601.720000000001,0.33,0.25,0.5,0.0,0.0,0,0,0.0,0.0,0,0,0.0,3759.94,1,0,0.0,31504.85,3,1,0.3333333333333333,0
LGS2ORD0049576,C011590,2026-01-28 14:00:00,Male,70,Silver,CallCenter,Phuket,866,Shopee,Credit_Card,14,1,2,0,>50,28.866666666666667,10.0,2.0,0.2,156,49,4912.98,0.25,0.9,0.2,0.0,0.0,0,0,0.0,0.0,0,0,0.0,14095.3,3,0,0.0,49129.799999999996,10,2,0.2,1
LGS2ORD0049577,C011542,2026-01-28 15:00:00,Female,34,Bronze,TV,Songkhla,544,Shopee,Credit_Card,15,1,2,0,30-40,18.133333333333333,3.0,0.0,0.0,-1,181,4672.32,0.18,0.0,0.0,0.0,0.0,0,0,0.0,0.0,0,0,0.0,0.0,0,0,0.0,14016.96,3,0,0.0,0
LGS2ORD0049578,C012459,2026-01-28 15:00:00,Male,38,Silver,Shopee,Bangkok,856,Shopee,COD,15,1,2,0,30-40,28.533333333333335,6.0,1.0,0.16666666666666666,162,17,4034.0733333333333,0.3,0.3333333333333333,0.3333333333333333,0.0,0.0,0,0,0.0,2635.1,1,0,0.0,2635.1,1,0,0.0,24204.44,6,1,0.16666666666666666,1
LGS2ORD0049579,C013399,2026-01-28 15:00:00,Other,39,Gold,Web,Nakhon Ratchasima,1358,TV_Show,PromptPay,15,1,2,0,30-40,45.266666666666666,4.0,0.0,0.0,-1,22,4266.47,0.33,0.0,0.25,0.0,0.0,0,0,0.0,2295.98,1,0,0.0,2295.98,1,0,0.0,17065.88,4,0,0.0,1
LGS2ORD0049580,C015578,2026-01-28 15:00:00,Female,37,Bronze,TV,Phuket,1518,Shopee,COD,15,1,2,0,30-40,50.6,5.0,0.0,0.0,-1,10,5998.6,0.18,0.2,0.0,0.0,0.0,0,0,0.0,12788.57,2,0,0.0,18986.480000000003,4,0,0.0,29993.0,5,0,0.0,0
LGS2ORD0049581,C013803,2026-01-28 15:00:00,Male,54,Bronze,TV,Chonburi,1564,TV_Show,Credit_Card,15,1,2,0,>50,52.13333333333333,8.0,1.0,0.125,358,12,6710.964999999999,0.23,0.5,0.25,0.0,0.0,0,0,0.0,4095.35,1,0,0.0,4868.46,2,0,0.0,53687.719999999994,8,1,0.125,0
LGS2ORD0049582,C011092,2026-01-28 16:00:00,Male,35,Silver,Web,Khon Kaen,1813,TV_Show,Bank_Transfer,16,1,2,0,30-40,60.43333333333333,9.0,2.0,0.2222222222222222,36,43,8548.157777777778,0.2,0.3333333333333333,0.0,0.0,0.0,0,0,0.0,0.0,0,0,0.0,4805.64,1,1,1.0,69547.48999999999,8,2,0.25,0
LGS2ORD0049583,C014186,2026-01-28 16:00:00,Male,44,Gold,TV,Bangkok,1087,Shopee,Bank_Transfer,16,1,2,0,40-50,36.233333333333334,8.0,2.0,0.25,182,11,3708.0575000000003,0.28,0.5,0.375,0.0,0.0,0,0,0.0,1037.08,1,0,0.0,4946.4,3,0,0.0,29664.460000000003,8,2,0.25,0
LGS2ORD0049584,C012592,2026-01-28 16:00:00,Female,31,Bronze,TV,Bangkok,710,TV_Show,COD,16,1,2,0,30-40,23.666666666666668,9.0,2.0,0.2222222222222222,-9,2,6779.223333333333,0.23,0.6666666666666666,0.1111111111111111,0.0,3687.3,1,1,1.0,3687.3,1,1,1.0,35516.37,4,1,0.25,61013.01,9,2,0.2222222222222222,0
LGS2ORD0049585,C010581,2026-01-28 16:00:00,Male,41,Platinum,Lazada,Chiang Mai,968,Web,PromptPay,16,1,2,0,40-50,32.266666666666666,8.0,1.0,0.125,22,32,5713.987499999999,0.35,0.25,0.25,0.125,0.0,0,0,0.0,0.0,0,0,0.0,10193.38,2,1,0.5,29694.86,5,1,0.2,0
LGS2ORD0049586,C011466,2026-01-28 16:00:00,Male,27,Gold,CallCenter,Bangkok,1411,TV_Show,COD,16,1,2,0,20-30,47.03333333333333,7.0,2.0,0.2857142857142857,254,194,4799.558571428571,0.28,0.2857142857142857,0.2857142857142857,0.0,0.0,0,0,0.0,0.0,0,0,0.0,0.0,0,0,0.0,33596.909999999996,7,2,0.2857142857142857,0
LGS2ORD0049587,C014343,2026-01-28 17:00:00,Female,50,Silver,CallCenter,Remote_Area,1404,Web,COD,17,1,2,0,40-50,46.8,6.0,1.0,0.16666666666666666,254,48,2637.9733333333334,0.25,0.3333333333333333,0.3333333333333333,0.0,0.0,0,0,0.0,0.0,0,0,0.0,585.42,1,0,0.0,15827.84,6,1,0.16666666666666666,0
LGS2ORD0049588,C016841,2026-01-28 17:00:00,Male,42,Gold,TV,Remote_Area,1591,CallCenter,Credit_Card,17,1,2,0,40-50,53.03333333333333,8.0,2.0,0.25,172,10,1838.45,0.33,0.25,0.5,0.0,0.0,0,0,0.0,4350.57,2,0,0.0,4350.57,2,0,0.0,14017.130000000001,7,1,0.14285714285714285,1
LGS2ORD0049589,C013927,2026-01-28 17:00:00,Female,71,Gold,TV,Khon Kaen,1727,Web,PromptPay,17,1,2,0,>50,57.56666666666667,2.0,0.0,0.0,-1,40,1803.915,0.2299999999999999,1.0,0.5,0.0,0.0,0,0,0.0,0.0,0,0,0.0,198.62,1,0,0.0,3607.83,2,0,0.0,0
LGS2ORD0049590,C014947,2026-01-28 17:00:00,Female,44,Bronze,Lazada,Chonburi,1058,Shopee,COD,17,1,2,0,40-50,35.266666666666666,8.0,2.0,0.25,80,43,5782.87,0.28,0.375,0.5,0.0,0.0,0,0,0.0,0.0,0,0,0.0,17288.73,3,1,0.3333333333333333,44529.23,6,1,0.16666666666666666,1
LGS2ORD0049591,C012038,2026-01-28 17:00:00,Male,44,Silver,CallCenter,Chonburi,1496,Web,Bank_Transfer,17,1,2,0,40-50,49.86666666666667,4.0,1.0,0.25,203,6,5481.014999999999,0.25,0.75,0.25,0.0,15288.96,1,0,0.0,17323.86,2,0,0.0,17323.86,2,0,0.0,21924.059999999998,4,1,0.25,0
LGS2ORD0049592,C010644,2026-01-28 17:00:00,Male,55,Bronze,Lazada,Bangkok,1024,Lazada,Bank_Transfer,17,1,2,0,>50,34.13333333333333,11.0,3.0,0.2727272727272727,10,15,11390.665454545455,0.28,0.5454545454545454,0.18181818181818182,0.0,0.0,0,0,0.0,5229.1,1,1,1.0,16338.49,2,2,1.0,111957.04000000001,9,2,0.2222222222222222,1
LGS2ORD0049593,C014364,2026-01-28 18:00:00,Female,40,Bronze,TV,Phuket,531,TV_Show,COD,18,1,2,0,30-40,17.7,8.0,1.0,0.125,124,107,5093.7975,0.28,0.5,0.5,0.0,0.0,0,0,0.0,0.0,0,0,0.0,0.0,0,0,0.0,40750.38,8,1,0.125,0
LGS2ORD0049594,C010210,2026-01-28 18:00:00,Female,42,Gold,Lazada,Chonburi,1027,TV_Show,Credit_Card,18,1,2,0,40-50,34.233333333333334,4.0,1.0,0.25,351,312,7154.295,0.28,0.25,0.75,0.0,0.0,0,0,0.0,0.0,0,0,0.0,0.0,0,0,0.0,27066.36,3,1,0.3333333333333333,0
LGS2ORD0049595,C017823,2026-01-28 18:00:00,Male,44,Gold,Lazada,Khon Kaen,858,Shopee,COD,18,1,2,0,40-50,28.6,9.0,2.0,0.2222222222222222,-3,6,6096.593333333334,0.33,0.4444444444444444,0.3333333333333333,0.0,1438.32,1,1,1.0,1438.32,1,1,1.0,11544.289999999999,3,2,0.6666666666666666,49534.41,8,2,0.25,0
LGS2ORD0049596,C012417,2026-01-28 18:00:00,Female,43,Silver,Web,Bangkok,552,Web,Bank_Transfer,18,1,2,0,40-50,18.4,3.0,1.0,0.3333333333333333,108,57,2073.023333333333,0.2,1.0,0.0,0.0,0.0,0,0,0.0,0.0,0,0,0.0,3646.37,1,0,0.0,6219.07,3,1,0.3333333333333333,0
LGS2ORD0049597,C014936,2026-01-28 18:00:00,Female,32,Silver,CallCenter,Nakhon Ratchasima,1678,TV_Show,COD,18,1,2,0,30-40,55.93333333333333,5.0,1.0,0.2,190,54,6956.308,0.25,0.4,0.2,0.0,0.0,0,0,0.0,0.0,0,0,0.0,3542.34,1,0,0.0,34781.54,5,1,0.2,1
LGS2ORD0049598,C012615,2026-01-28 19:00:00,Female,43,Platinum,TV,Songkhla,1598,Shopee,COD,19,1,2,0,40-50,53.266666666666666,8.0,3.0,0.375,49,45,10838.47,0.35,0.375,0.5,0.0,0.0,0,0,0.0,0.0,0,0,0.0,25393.440000000002,3,2,0.6666666666666666,86707.76,8,3,0.375,0
LGS2ORD0049599,C017236,2026-01-28 19:00:00,Male,51,Bronze,CallCenter,Chonburi,522,Lazada,COD,19,1,2,0,>50,17.4,11.0,2.0,0.18181818181818182,61,1,6080.934545454546,0.28,0.8181818181818182,0.2727272727272727,0.0,1892.82,1,0,0.0,12292.82,2,0,0.0,50911.62,7,1,0.14285714285714285,66890.28000000001,11,2,0.18181818181818182,1
LGS2ORD0049600,C017635,2026-01-28 19:00:00,Other,19,Bronze,Web,Nakhon Ratchasima,537,Shopee,PromptPay,19,1,2,0,<20,17.9,4.0,2.0,0.5,249,71,2977.6175000000003,0.18,0.25,0.0,0.0,0.0,0,0,0.0,0.0,0,0,0.0,4274.27,1,0,0.0,11910.470000000001,4,2,0.5,0
LGS2ORD0049601,C013075,2026-01-28 19:00:00,Female,51,Silver,TV,Bangkok,1051,TV_Show,Bank_Transfer,19,1,2,0,>50,35.03333333333333,5.0,1.0,0.2,274,10,7697.688,0.25,0.6,0.4,0.0,0.0,0,0,0.0,14642.19,1,0,0.0,14642.19,1,0,0.0,28686.22,4,1,0.25,0
LGS2ORD0049602,C014191,2026-01-28 19:00:00,Male,29,Bronze,TV,Nakhon Ratchasima,1536,TV_Show,COD,19,1,2,0,20-30,51.2,11.0,3.0,0.2727272727272727,48,52,6419.526363636364,0.28,0.8181818181818182,0.18181818181818182,0.0,0.0,0,0,0.0,0.0,0,0,0.0,7073.61,2,1,0.5,70614.79000000001,11,3,0.2727272727272727,1
LGS2ORD0049603,C010327,2026-01-28 20:00:00,Other,44,Gold,Web,Nakhon Ratchasima,646,Web,COD,20,1,2,0,40-50,21.533333333333335,5.0,1.0,0.2,35,0,2258.316,0.33,0.2,0.4,0.0,3654.5599999999995,2,0,0.0,3654.5599999999995,2,0,0.0,4844.98,3,1,0.3333333333333333,11291.58,5,1,0.2,0
LGS2ORD0049604,C012995,2026-01-28 20:00:00,Male,38,Silver,Lazada,Bangkok,1629,Lazada,COD,20,1,2,0,30-40,54.3,3.0,1.0,0.3333333333333333,360,57,6376.516666666667,0.3,0.6666666666666666,0.6666666666666666,0.0,0.0,0,0,0.0,0.0,0,0,0.0,5643.01,1,0,0.0,16295.54,2,0,0.0,1
LGS2ORD0049605,C017294,2026-01-28 20:00:00,Male,51,Bronze,Shopee,Songkhla,1845,Shopee,Credit_Card,20,1,2,0,>50,61.5,7.0,3.0,0.42857142857142855,123,32,5621.105714285715,0.28,0.14285714285714285,0.14285714285714285,0.0,0.0,0,0,0.0,0.0,0,0,0.0,12259.05,2,0,0.0,39347.740000000005,7,3,0.42857142857142855,0
LGS2ORD0049606,C015775,2026-01-28 20:00:00,Female,49,Gold,Web,Chonburi,1429,Lazada,COD,20,1,2,0,40-50,47.63333333333333,3.0,1.0,0.3333333333333333,353,56,1953.61,0.28,0.6666666666666666,0.6666666666666666,0.0,0.0,0,0,0.0,0.0,0,0,0.0,3179.76,1,0,0.0,4306.8,2,0,0.0,0
LGS2ORD0049607,C014305,2026-01-28 20:00:00,Female,32,Bronze,Lazada,Bangkok,612,TV_Show,Credit_Card,20,1,2,0,30-40,20.4,6.0,1.0,0.16666666666666666,317,107,3054.1566666666663,0.28,0.6666666666666666,0.3333333333333333,0.0,0.0,0,0,0.0,0.0,0,0,0.0,0.0,0,0,0.0,17173.93,5,1,0.2,0
LGS2ORD0049608,C015357,2026-01-28 20:00:00,Male,48,Gold,TV,Nakhon Ratchasima,912,Web,COD,20,1,2,0,40-50,30.4,6.0,2.0,0.3333333333333333,236,14,5883.556666666667,0.28,0.5,0.16666666666666666,0.0,0.0,0,0,0.0,1566.51,1,0,0.0,7020.41,2,0,0.0,35301.340000000004,6,2,0.3333333333333333,0
LGS2ORD0049609,C010567,2026-01-28 21:00:00,Male,68,Bronze,TV,Phuket,699,Lazada,COD,21,1,2,0,>50,23.3,6.0,1.0,0.16666666666666666,243,165,7643.25,0.28,0.6666666666666666,0.3333333333333333,0.0,0.0,0,0,0.0,0.0,0,0,0.0,0.0,0,0,0.0,34506.61,5,1,0.2,0
LGS2ORD0049610,C017271,2026-01-28 21:00:00,Male,41,Bronze,TV,Nakhon Ratchasima,1492,TV_Show,PromptPay,21,1,2,0,40-50,49.733333333333334,8.0,3.0,0.375,47,58,2510.9175,0.28,0.625,0.375,0.0,0.0,0,0,0.0,0.0,0,0,0.0,12783.35,4,2,0.5,18824.27,7,3,0.42857142857142855,0
LGS2ORD0049611,C015029,2026-01-28 21:00:00,Female,42,Platinum,Lazada,Phuket,1608,Shopee,COD,21,1,2,0,40-50,53.6,8.0,2.0,0.25,145,19,2851.06625,0.35,0.25,0.375,0.125,0.0,0,0,0.0,2388.24,1,0,0.0,6989.32,2,0,0.0,22366.579999999994,7,1,0.14285714285714285,1
LGS2ORD0049612,C013322,2026-01-28 21:00:00,Male,52,Bronze,TV,Chiang Mai,1289,Shopee,COD,21,1,2,0,>50,42.96666666666667,7.0,1.0,0.14285714285714285,108,3,4174.665714285714,0.28,0.7142857142857143,0.2857142857142857,0.0,1846.0,1,0,0.0,1846.0,1,0,0.0,13161.27,2,0,0.0,29222.659999999996,7,1,0.14285714285714285,1
LGS2ORD0049613,C014766,2026-01-28 21:00:00,Female,55,Bronze,TV,Songkhla,1738,TV_Show,Credit_Card,21,1,2,0,>50,57.93333333333333,6.0,1.0,0.16666666666666666,202,30,8323.368333333334,0.28,0.3333333333333333,0.3333333333333333,0.0,0.0,0,0,0.0,0.0,0,0,0.0,4325.79,2,0,0.0,48295.93,5,1,0.2,0
LGS2ORD0049614,C014176,2026-01-28 22:00:00,Male,28,Gold,CallCenter,Khon Kaen,1058,CallCenter,Bank_Transfer,22,1,2,0,20-30,35.266666666666666,2.0,1.0,0.5,154,167,1154.925,0.33,0.0,0.5,0.0,0.0,0,0,0.0,0.0,0,0,0.0,0.0,0,0,0.0,2309.85,2,1,0.5,0
LGS2ORD0049615,C017713,2026-01-28 22:00:00,Female,47,Silver,Shopee,Songkhla,614,Shopee,COD,22,1,2,0,40-50,20.466666666666665,5.0,3.0,0.6,-2,3,2958.468,0.25,1.0,0.6,0.0,369.15,1,0,0.0,3540.27,2,1,0.5,3540.27,2,1,0.5,14792.339999999998,5,3,0.6,0
LGS2ORD0049616,C013889,2026-01-28 22:00:00,Female,24,Silver,TV,Chiang Mai,1245,TV_Show,PromptPay,22,1,2,0,20-30,41.5,5.0,2.0,0.4,45,51,10019.946,0.3,0.6,0.2,0.0,0.0,0,0,0.0,0.0,0,0,0.0,7901.29,1,1,1.0,34720.18,4,2,0.5,0
LGS2ORD0049617,C010383,2026-01-28 22:00:00,Female,48,Silver,TV,Nakhon Ratchasima,1227,Web,COD,22,1,2,0,40-50,40.9,12.0,4.0,0.3333333333333333,108,32,3934.6541666666667,0.3,0.5,0.08333333333333333,0.08333333333333333,0.0,0,0,0.0,0.0,0,0,0.0,943.59,1,0,0.0,44325.49999999999,10,4,0.4,0
LGS2ORD0049618,C013857,2026-01-28 22:00:00,Female,30,Bronze,Web,Songkhla,1687,Lazada,COD,22,1,2,0,20-30,56.233333333333334,4.0,0.0,0.0,-1,152,3640.6375000000003,0.13,0.25,0.0,0.0,0.0,0,0,0.0,0.0,0,0,0.0,0.0,0,0,0.0,8313.18,3,0,0.0,1
LGS2ORD0049619,C014081,2026-01-28 23:00:00,Male,39,Gold,Web,Songkhla,1849,Web,Bank_Transfer,23,1,2,0,30-40,61.63333333333333,5.0,0.0,0.0,-1,78,7173.023999999999,0.18,0.4,0.0,0.0,0.0,0,0,0.0,0.0,0,0,0.0,16903.77,1,0,0.0,35865.119999999995,5,0,0.0,0
LGS2ORD0049620,C016680,2026-01-28 23:00:00,Other,20,Bronze,CallCenter,Phuket,692,Shopee,COD,23,1,2,0,<20,23.066666666666666,4.0,0.0,0.0,-1,98,2584.26,0.28,0.5,0.25,0.0,0.0,0,0,0.0,0.0,0,0,0.0,0.0,0,0,0.0,10337.04,4,0,0.0,1
LGS2ORD0049621,C013099,2026-01-28 23:00:00,Male,23,Silver,Web,Khon Kaen,946,TV_Show,COD,23,1,2,0,20-30,31.533333333333335,6.0,0.0,0.0,-1,116,8817.425,0.3,0.3333333333333333,0.16666666666666666,0.0,0.0,0,0,0.0,0.0,0,0,0.0,0.0,0,0,0.0,52904.549999999996,6,0,0.0,0
LGS2ORD0049622,C015244,2026-01-28 23:00:00,Female,43,Bronze,CallCenter,Chonburi,950,Shopee,Credit_Card,23,1,2,0,40-50,31.666666666666668,5.0,3.0,0.6,192,149,3288.8839999999996,0.23,0.4,0.4,0.0,0.0,0,0,0.0,0.0,0,0,0.0,0.0,0,0,0.0,12095.910000000002,3,1,0.3333333333333333,1
LGS2ORD0049623,C010367,2026-01-28 23:00:00,Female,47,Bronze,Lazada,Nakhon Ratchasima,1193,TV_Show,Credit_Card,23,1,2,0,40-50,39.766666666666666,7.0,1.0,0.14285714285714285,274,37,6302.68,0.23,0.5714285714285714,0.14285714285714285,0.0,0.0,0,0,0.0,0.0,0,0,0.0,12848.32,2,0,0.0,44118.76,7,1,0.14285714285714285,0
LGS2ORD0049624,C010764,2026-01-29 00:00:00,Male,37,Silver,Lazada,Remote_Area,673,Lazada,COD,0,1,3,0,30-40,22.433333333333334,8.0,1.0,0.125,340,43,7026.4925,0.3,0.75,0.125,0.0,0.0,0,0,0.0,0.0,0,0,0.0,2929.9,1,0,0.0,45790.22,7,1,0.14285714285714285,0
LGS2ORD0049625,C017300,2026-01-29 00:00:00,Female,43,Bronze,TV,Songkhla,445,Lazada,Credit_Card,0,1,3,0,40-50,14.833333333333334,4.0,2.0,0.5,4,8,3308.52,0.23,0.25,0.25,0.0,0.0,0,0,0.0,3512.47,1,1,1.0,7657.49,2,2,1.0,13234.08,4,2,0.5,0
LGS2ORD0049626,C015386,2026-01-29 00:00:00,Male,55,Bronze,TV,Bangkok,1734,Lazada,Credit_Card,0,1,3,0,>50,57.8,8.0,1.0,0.125,201,4,3287.3025000000002,0.28,0.75,0.25,0.0,2131.95,1,0,0.0,2131.95,1,0,0.0,4838.76,2,0,0.0,16426.929999999997,7,1,0.14285714285714285,0
LGS2ORD0049627,C016318,2026-01-29 00:00:00,Male,42,Bronze,Web,Bangkok,825,Shopee,Credit_Card,0,1,3,0,40-50,27.5,2.0,1.0,0.5,3,9,9692.105,0.28,0.5,0.5,0.0,0.0,0,0,0.0,19384.21,2,1,0.5,19384.21,2,1,0.5,19384.21,2,1,0.5,0
LGS2ORD0049628,C016141,2026-01-29 00:00:00,Male,55,Silver,Lazada,Bangkok,992,Web,COD,0,1,3,0,>50,33.06666666666667,7.0,1.0,0.14285714285714285,190,29,3409.8028571428576,0.25,0.5714285714285714,0.14285714285714285,0.0,0.0,0,0,0.0,3892.74,1,0,0.0,8749.86,2,0,0.0,20337.480000000003,5,1,0.2,0
LGS2ORD0049629,C016434,2026-01-29 00:00:00,Male,64,Bronze,Lazada,Chonburi,698,TV_Show,Credit_Card,0,1,3,0,>50,23.266666666666666,7.0,0.0,0.0,-1,9,3518.9157142857143,0.18,0.8571428571428571,0.0,0.0,0.0,0,0,0.0,2464.41,1,0,0.0,11992.92,2,0,0.0,24632.41,7,0,0.0,0
LGS2ORD0049630,C010292,2026-01-29 01:00:00,Male,31,Bronze,Lazada,Songkhla,550,Lazada,Credit_Card,1,1,3,0,30-40,18.333333333333332,3.0,1.0,0.3333333333333333,-11,4,2073.56,0.28,0.6666666666666666,0.3333333333333333,0.0,1259.15,1,1,1.0,3976.9300000000003,2,1,0.5,6220.68,3,1,0.3333333333333333,6220.68,3,1,0.3333333333333333,0
LGS2ORD0049631,C012821,2026-01-29 01:00:00,Female,18,Bronze,CallCenter,Chonburi,972,Lazada,COD,1,1,3,0,<20,32.4,6.0,1.0,0.16666666666666666,12,21,8042.928333333332,0.23,0.3333333333333333,0.16666666666666666,0.0,0.0,0,0,0.0,17239.99,2,1,0.5,17239.99,2,1,0.5,45292.5,5,1,0.2,0
LGS2ORD0049632,C010533,2026-01-29 01:00:00,Female,41,Gold,TV,Songkhla,1758,TV_Show,Bank_Transfer,1,1,3,0,40-50,58.6,2.0,0.0,0.0,-1,167,2573.26,0.08,0.0,0.0,0.0,0.0,0,0,0.0,0.0,0,0,0.0,0.0,0,0,0.0,5146.52,2,0,0.0,1
LGS2ORD0049633,C017308,2026-01-29 01:00:00,Female,45,Bronze,Shopee,Nakhon Ratchasima,1706,Shopee,COD,1,1,3,0,40-50,56.86666666666667,6.0,2.0,0.3333333333333333,224,155,3502.2983333333336,0.28,0.6666666666666666,0.3333333333333333,0.0,0.0,0,0,0.0,0.0,0,0,0.0,0.0,0,0,0.0,21013.79,6,2,0.3333333333333333,0
LGS2ORD0049634,C011472,2026-01-29 01:00:00,Male,22,Bronze,Lazada,Chonburi,523,Shopee,COD,1,1,3,0,20-30,17.433333333333334,9.0,3.0,0.3333333333333333,21,30,4969.394444444445,0.28,0.3333333333333333,0.3333333333333333,0.0,0.0,0,0,0.0,0.0,0,0,0.0,4715.67,2,2,1.0,38193.96000000001,8,3,0.375,0
LGS2ORD0049635,C013160,2026-01-29 02:00:00,Male,37,Silver,TV,Songkhla,954,CallCenter,COD,2,1,3,0,30-40,31.8,5.0,0.0,0.0,-1,109,12948.707999999999,0.2,0.4,0.0,0.0,0.0,0,0,0.0,0.0,0,0,0.0,0.0,0,0,0.0,52268.7,3,0,0.0,0
LGS2ORD0049636,C013325,2026-01-29 02:00:00,Female,35,Bronze,TV,Chiang Mai,1200,TV_Show,COD,2,1,3,0,30-40,40.0,3.0,1.0,0.3333333333333333,116,127,7670.4766666666665,0.18,0.3333333333333333,0.0,0.0,0.0,0,0,0.0,0.0,0,0,0.0,0.0,0,0,0.0,23011.43,3,1,0.3333333333333333,0
LGS2ORD0049637,C016291,2026-01-29 02:00:00,Female,42,Bronze,TV,Bangkok,750,TV_Show,COD,2,1,3,0,40-50,25.0,6.0,3.0,0.5,65,78,4592.740000000001,0.28,1.0,0.3333333333333333,0.0,0.0,0,0,0.0,0.0,0,0,0.0,7333.49,1,1,1.0,27556.440000000002,6,3,0.5,1
LGS2ORD0049638,C013282,2026-01-29 02:00:00,Female,56,Gold,TV,Remote_Area,1198,CallCenter,PromptPay,2,1,3,0,>50,39.93333333333333,13.0,3.0,0.23076923076923078,158,20,3886.3153846153846,0.33,0.6923076923076923,0.5384615384615384,0.0,0.0,0,0,0.0,2801.18,1,0,0.0,8609.24,4,0,0.0,50189.06,12,2,0.16666666666666666,0
LGS2ORD0049639,C016324,2026-01-29 02:00:00,Female,48,Bronze,TV,Remote_Area,409,CallCenter,Credit_Card,2,1,3,0,40-50,13.633333333333333,9.0,4.0,0.4444444444444444,33,26,3058.3599999999997,0.28,0.6666666666666666,0.3333333333333333,0.0,0.0,0,0,0.0,1112.63,1,0,0.0,2099.71,2,1,0.5,27525.239999999998,9,4,0.4444444444444444,0
LGS2ORD0049640,C011512,2026-01-29 03:00:00,Female,34,Bronze,Web,Bangkok,853,CallCenter,COD,3,1,3,0,30-40,28.433333333333334,4.0,0.0,0.0,-1,101,6576.387500000001,0.23,0.75,0.5,0.0,0.0,0,0,0.0,0.0,0,0,0.0,0.0,0,0,0.0,26305.550000000003,4,0,0.0,0
LGS2ORD0049641,C010918,2026-01-29 03:00:00,Male,62,Bronze,Lazada,Remote_Area,805,Shopee,COD,3,1,3,0,>50,26.833333333333332,7.0,3.0,0.42857142857142855,26,39,3813.7285714285713,0.28,0.8571428571428571,0.14285714285714285,0.0,0.0,0,0,0.0,0.0,0,0,0.0,2732.27,2,2,1.0,26696.1,7,3,0.42857142857142855,0
LGS2ORD0049642,C010093,2026-01-29 03:00:00,Male,20,Bronze,Web,Chonburi,633,TV_Show,COD,3,1,3,0,<20,21.1,9.0,2.0,0.2222222222222222,21,23,5722.136666666666,0.23,0.7777777777777778,0.1111111111111111,0.0,0.0,0,0,0.0,12996.52,2,1,0.5,31268.47,5,2,0.4,51499.229999999996,9,2,0.2222222222222222,0
LGS2ORD0049643,C016291,2026-01-29 03:00:00,Female,42,Bronze,TV,Bangkok,750,Web,COD,3,1,3,0,40-50,25.0,7.0,4.0,0.5714285714285714,-4,0,6495.068571428572,0.28,1.0,0.42857142857142855,0.0,17909.04,1,1,1.0,17909.04,1,1,1.0,25242.53,2,2,1.0,45465.48,7,4,0.5714285714285714,0
LGS2ORD0049644,C010687,2026-01-29 03:00:00,Other,43,Silver,TV,Nakhon Ratchasima,1407,Lazada,COD,3,1,3,0,40-50,46.9,9.0,2.0,0.2222222222222222,32,37,5312.105555555555,0.25,0.8888888888888888,0.2222222222222222,0.0,0.0,0,0,0.0,0.0,0,0,0.0,8204.14,2,1,0.5,37925.85,7,2,0.2857142857142857,0
LGS2ORD0049645,C016945,2026-01-29 04:00:00,Female,35,Bronze,TV,Bangkok,1217,Lazada,Bank_Transfer,4,1,3,0,30-40,40.56666666666667,5.0,0.0,0.0,-1,7,4685.513999999999,0.28,1.0,0.2,0.0,0.0,0,0,0.0,5556.19,1,0,0.0,5556.19,1,0,0.0,23427.569999999996,5,0,0.0,0
LGS2ORD0049646,C011172,2026-01-29 04:00:00,Male,48,Platinum,Web,Chonburi,977,Shopee,COD,4,1,3,0,40-50,32.56666666666667,4.0,0.0,0.0,-1,70,5658.8975,0.2,0.75,0.0,0.0,0.0,0,0,0.0,0.0,0,0,0.0,2196.37,1,0,0.0,22635.59,4,0,0.0,0
LGS2ORD0049647,C013838,2026-01-29 04:00:00,Male,60,Bronze,CallCenter,Remote_Area,489,Shopee,Bank_Transfer,4,1,3,0,>50,16.3,11.0,5.0,0.45454545454545453,60,69,4646.835454545455,0.28,0.5454545454545454,0.36363636363636365,0.0,0.0,0,0,0.0,0.0,0,0,0.0,4219.75,1,1,1.0,47437.91,9,4,0.4444444444444444,0
LGS2ORD0049648,C013743,2026-01-29 04:00:00,Female,26,Bronze,Lazada,Bangkok,1373,Lazada,Bank_Transfer,4,1,3,0,20-30,45.766666666666666,3.0,0.0,0.0,-1,30,2687.233333333333,0.28,0.3333333333333333,0.3333333333333333,0.0,0.0,0,0,0.0,0.0,0,0,0.0,4522.74,2,0,0.0,8061.7,3,0,0.0,0
LGS2ORD0049649,C016274,2026-01-29 04:00:00,Female,45,Gold,TV,Chiang Mai,1051,Shopee,COD,4,1,3,0,40-50,35.03333333333333,6.0,1.0,0.16666666666666666,123,3,7144.169999999999,0.28,0.5,0.6666666666666666,0.0,620.84,1,0,0.0,620.84,1,0,0.0,620.84,1,0,0.0,42865.02,6,1,0.16666666666666666,1
LGS2ORD0049650,C011535,2026-01-29 04:00:00,Female,65,Bronze,Shopee,Chonburi,649,Shopee,COD,4,1,3,0,>50,21.633333333333333,5.0,1.0,0.2,251,36,2356.452,0.28,0.2,0.6,0.0,0.0,0,0,0.0,0.0,0,0,0.0,521.77,1,0,0.0,11782.260000000002,5,1,0.2,0
LGS2ORD0049651,C011938,2026-01-29 05:00:00,Male,36,Silver,Shopee,Bangkok,1365,Lazada,COD,5,1,3,0,30-40,45.5,7.0,2.0,0.2857142857142857,187,1,11232.595714285713,0.25,0.5714285714285714,0.2857142857142857,0.0,13758.05,1,0,0.0,13758.05,1,0,0.0,41127.479999999996,2,0,0.0,78628.17,7,2,0.2857142857142857,1
LGS2ORD0049652,C015304,2026-01-29 05:00:00,Male,48,Bronze,Shopee,Chiang Mai,1482,Web,Credit_Card,5,1,3,0,40-50,49.4,4.0,1.0,0.25,377,13,4512.0375,0.18,0.75,0.0,0.0,0.0,0,0,0.0,16000.79,2,0,0.0,16891.17,3,0,0.0,16891.17,3,0,0.0,0
LGS2ORD0049653,C013047,2026-01-29 05:00:00,Female,18,Bronze,Shopee,Remote_Area,1726,Lazada,COD,5,1,3,0,<20,57.53333333333333,7.0,5.0,0.7142857142857143,18,26,4312.135714285714,0.28,0.7142857142857143,0.42857142857142855,0.0,0.0,0,0,0.0,1840.47,1,1,1.0,1840.47,1,1,1.0,28300.210000000003,6,4,0.6666666666666666,1
LGS2ORD0049654,C016106,2026-01-29 05:00:00,Male,27,Bronze,CallCenter,Remote_Area,833,Shopee,COD,5,1,3,0,20-30,27.766666666666666,6.0,1.0,0.16666666666666666,69,33,2753.986666666666,0.28,0.5,0.3333333333333333,0.0,0.0,0,0,0.0,0.0,0,0,0.0,10615.220000000001,2,1,0.5,16523.92,6,1,0.16666666666666666,0
LGS2ORD0049655,C014134,2026-01-29 05:00:00,Male,37,Silver,Lazada,Phuket,523,TV_Show,PromptPay,5,1,3,0,30-40,17.433333333333334,4.0,1.0,0.25,22,21,4893.965,0.2,0.25,0.0,0.0,0.0,0,0,0.0,3795.44,1,0,0.0,12279.85,2,1,0.5,19575.86,4,1,0.25,0
LGS2ORD0049656,C012420,2026-01-29 06:00:00,Male,50,Bronze,TV,Songkhla,994,Shopee,Credit_Card,6,1,3,0,40-50,33.13333333333333,9.0,3.0,0.3333333333333333,107,103,5670.419999999999,0.28,0.5555555555555556,0.6666666666666666,0.0,0.0,0,0,0.0,0.0,0,0,0.0,0.0,0,0,0.0,41896.299999999996,7,3,0.42857142857142855,1
LGS2ORD0049657,C010240,2026-01-29 06:00:00,Female,36,Bronze,Web,Nakhon Ratchasima,1787,TV_Show,PromptPay,6,1,3,0,30-40,59.56666666666667,4.0,0.0,0.0,-1,25,7182.972499999999,0.28,0.75,0.5,0.0,0.0,0,0,0.0,438.69,1,0,0.0,438.69,1,0,0.0,28731.889999999996,4,0,0.0,0
LGS2ORD0049658,C017400,2026-01-29 06:00:00,Male,45,Silver,Web,Bangkok,758,Shopee,Credit_Card,6,1,3,0,40-50,25.266666666666666,6.0,0.0,0.0,-1,56,4487.128333333333,0.25,0.16666666666666666,0.16666666666666666,0.0,0.0,0,0,0.0,0.0,0,0,0.0,22389.09,1,0,0.0,26922.77,6,0,0.0,0
LGS2ORD0049659,C010040,2026-01-29 06:00:00,Male,56,Bronze,TV,Remote_Area,986,Lazada,COD,6,1,3,0,>50,32.86666666666667,7.0,2.0,0.2857142857142857,71,75,4202.854285714286,0.28,0.2857142857142857,0.2857142857142857,0.0,0.0,0,0,0.0,0.0,0,0,0.0,4078.13,1,1,1.0,29419.98,7,2,0.2857142857142857,0
LGS2ORD0049660,C016780,2026-01-29 06:00:00,Female,37,Platinum,Lazada,Khon Kaen,1640,CallCenter,Credit_Card,6,1,3,0,30-40,54.666666666666664,3.0,1.0,0.3333333333333333,87,97,1926.53,0.35,1.0,0.6666666666666666,0.0,0.0,0,0,0.0,0.0,0,0,0.0,0.0,0,0,0.0,5779.59,3,1,0.3333333333333333,0
LGS2ORD0049661,C017819,2026-01-29 07:00:00,Female,44,Bronze,Shopee,Bangkok,1306,TV_Show,Credit_Card,7,1,3,0,40-50,43.53333333333333,9.0,0.0,0.0,-1,16,3009.554444444444,0.28,0.5555555555555556,0.4444444444444444,0.0,0.0,0,0,0.0,3330.19,1,0,0.0,7506.76,2,0,0.0,24372.39,8,0,0.0,0
LGS2ORD0049662,C016970,2026-01-29 07:00:00,Female,70,Bronze,Lazada,Chiang Mai,851,Lazada,COD,7,1,3,0,>50,28.366666666666667,9.0,1.0,0.1111111111111111,281,84,11758.967777777776,0.28,0.2222222222222222,0.2222222222222222,0.0,0.0,0,0,0.0,0.0,0,0,0.0,8313.85,1,0,0.0,105830.70999999999,9,1,0.1111111111111111,0
LGS2ORD0049663,C014706,2026-01-29 07:00:00,Male,34,Silver,Web,Chonburi,598,CallCenter,PromptPay,7,1,3,0,30-40,19.933333333333334,4.0,1.0,0.25,93,110,1442.035,0.25,0.25,0.5,0.0,0.0,0,0,0.0,0.0,0,0,0.0,0.0,0,0,0.0,5768.14,4,1,0.25,0
LGS2ORD0049664,C016084,2026-01-29 07:00:00,Female,50,Bronze,Lazada,Bangkok,681,Web,COD,7,1,3,0,40-50,22.7,6.0,3.0,0.5,103,71,9113.228333333334,0.28,0.6666666666666666,0.3333333333333333,0.0,0.0,0,0,0.0,0.0,0,0,0.0,14622.33,1,0,0.0,54679.37,6,3,0.5,1
LGS2ORD0049665,C011613,2026-01-29 07:00:00,Female,45,Bronze,Shopee,Bangkok,1799,TV_Show,Credit_Card,7,1,3,0,40-50,59.96666666666667,6.0,1.0,0.16666666666666666,187,83,6503.6466666666665,0.23,0.5,0.16666666666666666,0.0,0.0,0,0,0.0,0.0,0,0,0.0,6340.33,1,0,0.0,39021.88,6,1,0.16666666666666666,0
LGS2ORD0049666,C015578,2026-01-29 08:00:00,Female,37,Bronze,TV,Phuket,1519,CallCenter,COD,8,1,3,0,30-40,50.63333333333333,6.0,0.0,0.0,-1,0,5569.911666666667,0.23,0.3333333333333333,0.16666666666666666,0.0,3426.47,1,0,0.0,16215.039999999999,3,0,0.0,22412.950000000004,5,0,0.0,33419.47,6,0,0.0,1
LGS2ORD0049667,C012975,2026-01-29 08:00:00,Female,48,Silver,Shopee,Nakhon Ratchasima,1494,Shopee,COD,8,1,3,0,40-50,49.8,3.0,1.0,0.3333333333333333,100,112,3521.6866666666665,0.25,0.6666666666666666,0.6666666666666666,0.0,0.0,0,0,0.0,0.0,0,0,0.0,0.0,0,0,0.0,10565.06,3,1,0.3333333333333333,0
LGS2ORD0049668,C015511,2026-01-29 08:00:00,Male,57,Silver,CallCenter,Bangkok,710,Shopee,Credit_Card,8,1,3,0,>50,23.666666666666668,8.0,1.0,0.125,102,27,10512.0875,0.25,0.375,0.125,0.125,0.0,0,0,0.0,1403.03,1,0,0.0,7631.759999999999,2,0,0.0,84096.7,8,1,0.125,0
LGS2ORD0049669,C011349,2026-01-29 08:00:00,Male,32,Bronze,TV,Bangkok,1608,Lazada,COD,8,1,3,0,30-40,53.6,10.0,2.0,0.2,66,9,5639.229,0.28,0.6,0.3,0.0,0.0,0,0,0.0,17648.39,2,0,0.0,40962.91,4,1,0.25,56392.29,10,2,0.2,0
LGS2ORD0049670,C015637,2026-01-29 08:00:00,Male,41,Silver,TV,Chonburi,1005,Shopee,Credit_Card,8,1,3,0,40-50,33.5,1.0,0.0,0.0,-1,126,9218.34,0.05,0.0,0.0,0.0,0.0,0,0,0.0,0.0,0,0,0.0,0.0,0,0,0.0,9218.34,1,0,0.0,0
LGS2ORD0049671,C016503,2026-01-29 08:00:00,Female,25,Bronze,Shopee,Remote_Area,1835,CallCenter,PromptPay,8,1,3,0,20-30,61.166666666666664,12.0,4.0,0.3333333333333333,125,29,3543.915833333333,0.23,0.6666666666666666,0.16666666666666666,0.0,0.0,0,0,0.0,2218.19,2,0,0.0,2218.19,2,0,0.0,42526.99,12,4,0.3333333333333333,1
LGS2ORD0049672,C016569,2026-01-29 09:00:00,Male,44,Gold,Web,Bangkok,897,Shopee,COD,9,1,3,0,40-50,29.9,9.0,0.0,0.0,-1,47,5088.246666666667,0.2299999999999999,0.5555555555555556,0.3333333333333333,0.0,0.0,0,0,0.0,0.0,0,0,0.0,3320.71,1,0,0.0,44805.35,8,0,0.0,0
LGS2ORD0049673,C017159,2026-01-29 09:00:00,Male,33,Bronze,TV,Remote_Area,793,Lazada,COD,9,1,3,0,30-40,26.433333333333334,4.0,0.0,0.0,-1,36,5897.8099999999995,0.28,0.75,0.25,0.0,0.0,0,0,0.0,0.0,0,0,0.0,1826.62,1,0,0.0,18982.34,3,0,0.0,0
LGS2ORD0049674,C012893,2026-01-29 09:00:00,Male,29,Platinum,Shopee,Bangkok,1622,Lazada,COD,9,1,3,0,20-30,54.06666666666667,2.0,1.0,0.5,14,21,6187.45,0.3,0.5,0.5,0.0,0.0,0,0,0.0,5608.73,1,1,1.0,5608.73,1,1,1.0,12374.9,2,1,0.5,0
LGS2ORD0049675,C016559,2026-01-29 09:00:00,Female,42,Bronze,CallCenter,Chonburi,589,TV_Show,COD,9,1,3,0,40-50,19.633333333333333,1.0,0.0,0.0,-1,313,14833.35,0.13,0.0,0.0,0.0,0.0,0,0,0.0,0.0,0,0,0.0,0.0,0,0,0.0,14833.35,1,0,0.0,0
LGS2ORD0049676,C013950,2026-01-29 09:00:00,Male,42,Bronze,TV,Nakhon Ratchasima,1786,Web,PromptPay,9,1,3,0,40-50,59.53333333333333,9.0,3.0,0.3333333333333333,61,77,3393.6688888888884,0.28,0.4444444444444444,0.4444444444444444,0.0,0.0,0,0,0.0,0.0,0,0,0.0,13075.6,1,1,1.0,26182.120000000003,7,3,0.42857142857142855,0
LGS2ORD0049677,C010896,2026-01-29 10:00:00,Female,58,Bronze,TV,Remote_Area,1773,TV_Show,COD,10,1,3,0,>50,59.1,9.0,3.0,0.3333333333333333,80,10,4923.158888888889,0.28,0.6666666666666666,0.3333333333333333,0.0,0.0,0,0,0.0,5462.26,1,0,0.0,23804.689999999995,4,1,0.25,44308.43,9,3,0.3333333333333333,1
LGS2ORD0049678,C010388,2026-01-29 10:00:00,Female,38,Bronze,CallCenter,Chonburi,1728,TV_Show,COD,10,1,3,0,30-40,57.6,5.0,1.0,0.2,90,96,5395.394,0.28,0.6,0.4,0.0,0.0,0,0,0.0,0.0,0,0,0.0,0.0,0,0,0.0,26976.97,5,1,0.2,1
LGS2ORD0049679,C011480,2026-01-29 10:00:00,Female,61,Bronze,Lazada,Phuket,1711,TV_Show,COD,10,1,3,0,>50,57.03333333333333,9.0,3.0,0.3333333333333333,4,3,4002.341111111111,0.28,0.6666666666666666,0.5555555555555556,0.0,1680.73,1,0,0.0,3679.29,2,1,0.5,19977.16,4,1,0.25,36021.07,9,3,0.3333333333333333,1
LGS2ORD0049680,C010901,2026-01-29 10:00:00,Female,46,Silver,Web,Songkhla,1482,Shopee,COD,10,1,3,0,40-50,49.4,9.0,2.0,0.2222222222222222,242,76,9616.05222222222,0.3,0.4444444444444444,0.3333333333333333,0.0,0.0,0,0,0.0,0.0,0,0,0.0,13134.85,2,0,0.0,65273.950000000004,7,1,0.14285714285714285,1
LGS2ORD0049681,C016952,2026-01-29 10:00:00,Female,45,Gold,Web,Bangkok,1197,CallCenter,Bank_Transfer,10,1,3,0,40-50,39.9,3.0,0.0,0.0,-1,15,3025.2466666666664,0.28,0.3333333333333333,0.3333333333333333,0.0,0.0,0,0,0.0,5128.34,2,0,0.0,9075.74,3,0,0.0,9075.74,3,0,0.0,1
LGS2ORD0049682,C017394,2026-01-29 11:00:00,Female,50,Gold,Lazada,Bangkok,1348,Shopee,COD,11,1,3,0,40-50,44.93333333333333,3.0,1.0,0.3333333333333333,360,185,2413.1966666666667,0.33,0.6666666666666666,0.3333333333333333,0.0,0.0,0,0,0.0,0.0,0,0,0.0,0.0,0,0,0.0,3814.89,2,0,0.0,0
LGS2ORD0049683,C012410,2026-01-29 11:00:00,Female,53,Bronze,TV,Bangkok,1622,CallCenter,Credit_Card,11,1,3,0,>50,54.06666666666667,9.0,2.0,0.2222222222222222,9,18,4665.978888888889,0.23,0.3333333333333333,0.1111111111111111,0.0,0.0,0,0,0.0,7682.77,2,1,0.5,20198.71,4,1,0.25,38358.32,7,2,0.2857142857142857,0
LGS2ORD0049684,C013938,2026-01-29 11:00:00,Male,43,Bronze,TV,Remote_Area,1501,Lazada,COD,11,1,3,0,40-50,50.03333333333333,4.0,3.0,0.75,223,88,3079.265,0.28,0.75,0.5,0.0,0.0,0,0,0.0,0.0,0,0,0.0,3778.22,1,0,0.0,11473.93,3,2,0.6666666666666666,0
LGS2ORD0049685,C010714,2026-01-29 11:00:00,Female,49,Bronze,TV,Remote_Area,1273,TV_Show,PromptPay,11,1,3,0,40-50,42.43333333333333,9.0,3.0,0.3333333333333333,18,31,7898.597777777777,0.28,0.4444444444444444,0.4444444444444444,0.0,0.0,0,0,0.0,0.0,0,0,0.0,27765.37,1,1,1.0,64825.119999999995,8,2,0.25,0
LGS2ORD0049686,C016365,2026-01-29 11:00:00,Male,43,Bronze,TV,Khon Kaen,1568,Web,Credit_Card,11,1,3,0,40-50,52.266666666666666,7.0,3.0,0.42857142857142855,3,20,4503.055714285715,0.28,0.8571428571428571,0.2857142857142857,0.0,0.0,0,0,0.0,395.81,1,1,1.0,395.81,1,1,1.0,17520.13,6,2,0.3333333333333333,0
LGS2ORD0049687,C013073,2026-01-29 12:00:00,Female,31,Bronze,TV,Khon Kaen,1102,Web,COD,12,1,3,0,30-40,36.733333333333334,8.0,2.0,0.25,158,48,8973.47375,0.28,0.625,0.375,0.0,0.0,0,0,0.0,0.0,0,0,0.0,1623.63,1,0,0.0,71787.79,8,2,0.25,0
LGS2ORD0049688,C010984,2026-01-29 12:00:00,Female,60,Bronze,Shopee,Bangkok,540,Lazada,Credit_Card,12,1,3,0,>50,18.0,11.0,1.0,0.09090909090909091,-6,2,7064.153636363637,0.28,0.5454545454545454,0.36363636363636365,0.0,23953.74,1,1,1.0,23953.74,1,1,1.0,26760.32,4,1,0.25,77705.69,11,1,0.09090909090909091,0
LGS2ORD0049689,C016608,2026-01-29 12:00:00,Female,35,Silver,CallCenter,Bangkok,856,TV_Show,COD,12,1,3,0,30-40,28.533333333333335,5.0,2.0,0.4,179,188,6056.9,0.3,0.4,0.4,0.0,0.0,0,0,0.0,0.0,0,0,0.0,0.0,0,0,0.0,30284.499999999996,5,2,0.4,0
LGS2ORD0049690,C016204,2026-01-29 12:00:00,Female,35,Silver,Shopee,Nakhon Ratchasima,1802,Web,COD,12,1,3,0,30-40,60.06666666666667,2.0,0.0,0.0,-1,80,5760.41,0.2,0.0,0.0,0.0,0.0,0,0,0.0,0.0,0,0,0.0,8090.74,1,0,0.0,11520.82,2,0,0.0,0
LGS2ORD0049691,C017529,2026-01-29 12:00:00,Male,42,Gold,Web,Bangkok,576,Web,COD,12,1,3,0,40-50,19.2,7.0,1.0,0.14285714285714285,305,191,3808.858571428572,0.33,0.42857142857142855,0.42857142857142855,0.0,0.0,0,0,0.0,0.0,0,0,0.0,0.0,0,0,0.0,26662.010000000002,7,1,0.14285714285714285,0
LGS2ORD0049692,C013026,2026-01-29 12:00:00,Male,63,Bronze,Shopee,Bangkok,1833,Lazada,Credit_Card,12,1,3,0,>50,61.1,7.0,3.0,0.42857142857142855,84,46,12057.295714285714,0.23,0.42857142857142855,0.42857142857142855,0.0,0.0,0,0,0.0,0.0,0,0,0.0,3629.05,1,0,0.0,84401.06999999999,7,3,0.42857142857142855,0
LGS2ORD0049693,C015578,2026-01-29 13:00:00,Female,37,Bronze,TV,Phuket,1519,Shopee,COD,13,1,3,0,30-40,50.63333333333333,7.0,1.0,0.14285714285714285,-11,0,4980.408571428571,0.23,0.42857142857142855,0.14285714285714285,0.0,4869.86,2,1,0.5,17658.43,4,1,0.25,23856.340000000004,6,1,0.16666666666666666,34862.86,7,1,0.14285714285714285,1
LGS2ORD0049694,C011329,2026-01-29 13:00:00,Other,27,Bronze,TV,Bangkok,412,TV_Show,Bank_Transfer,13,1,3,0,20-30,13.733333333333333,4.0,1.0,0.25,134,126,6396.6,0.23,0.0,0.5,0.0,0.0,0,0,0.0,0.0,0,0,0.0,0.0,0,0,0.0,25586.4,4,1,0.25,0
LGS2ORD0049695,C010963,2026-01-29 13:00:00,Male,31,Silver,Web,Bangkok,725,Shopee,Credit_Card,13,1,3,0,30-40,24.166666666666668,4.0,0.0,0.0,-1,138,5373.085,0.25,0.75,0.25,0.0,0.0,0,0,0.0,0.0,0,0,0.0,0.0,0,0,0.0,21492.34,4,0,0.0,0
LGS2ORD0049696,C014432,2026-01-29 13:00:00,Female,45,Gold,TV,Bangkok,1343,Lazada,COD,13,1,3,0,40-50,44.766666666666666,5.0,1.0,0.2,308,88,3439.8059999999996,0.2299999999999999,0.0,0.4,0.0,0.0,0,0,0.0,0.0,0,0,0.0,8089.65,1,0,0.0,17199.03,5,1,0.2,0
LGS2ORD0049697,C012036,2026-01-29 13:00:00,Male,40,Bronze,Lazada,Nakhon Ratchasima,1301,Lazada,COD,13,1,3,0,30-40,43.36666666666667,8.0,0.0,0.0,-1,15,4073.3087499999997,0.23,0.5,0.125,0.0,0.0,0,0,0.0,4180.59,1,0,0.0,8360.78,3,0,0.0,32586.469999999998,8,0,0.0,0
LGS2ORD0049698,C014571,2026-01-29 14:00:00,Female,37,Bronze,TV,Phuket,1358,TV_Show,Credit_Card,14,1,3,0,30-40,45.266666666666666,4.0,1.0,0.25,256,153,16347.3975,0.03,0.5,0.0,0.0,0.0,0,0,0.0,0.0,0,0,0.0,0.0,0,0,0.0,65389.59,4,1,0.25,0
LGS2ORD0049699,C013282,2026-01-29 14:00:00,Female,56,Gold,TV,Remote_Area,1198,Lazada,Bank_Transfer,14,1,3,0,>50,39.93333333333333,14.0,3.0,0.21428571428571427,159,0,4678.152142857142,0.33,0.6428571428571429,0.5714285714285714,0.0,14972.03,1,0,0.0,17773.21,2,0,0.0,23581.27,5,0,0.0,65161.09,13,2,0.15384615384615385,0
LGS2ORD0049700,C011820,2026-01-29 14:00:00,Male,41,Gold,Web,Bangkok,1624,TV_Show,Credit_Card,14,1,3,0,40-50,54.13333333333333,5.0,0.0,0.0,-1,129,3579.994,0.28,0.2,0.6,0.0,0.0,0,0,0.0,0.0,0,0,0.0,0.0,0,0,0.0,17760.69,4,0,0.0,0
LGS2ORD0049701,C015789,2026-01-29 14:00:00,Male,46,Gold,TV,Chonburi,940,TV_Show,COD,14,1,3,0,40-50,31.333333333333332,9.0,3.0,0.3333333333333333,-3,3,4638.21,0.28,0.4444444444444444,0.5555555555555556,0.0,25264.5,2,1,0.5,25489.19,3,2,0.6666666666666666,29154.58,5,3,0.6,41743.89,9,3,0.3333333333333333,0
LGS2ORD0049702,C011679,2026-01-29 14:00:00,Female,47,Gold,TV,Songkhla,630,Shopee,COD,14,1,3,0,40-50,21.0,10.0,3.0,0.3,-5,8,4396.607,0.28,0.6,0.4,0.0,0.0,0,0,0.0,962.15,1,1,1.0,6313.08,3,1,0.3333333333333333,43285.93,9,3,0.3333333333333333,0
LGS2ORD0049703,C015416,2026-01-29 15:00:00,Male,33,Bronze,Web,Bangkok,1840,TV_Show,COD,15,1,3,0,30-40,61.333333333333336,3.0,0.0,0.0,-1,69,2309.3866666666668,0.23,0.3333333333333333,0.3333333333333333,0.0,0.0,0,0,0.0,0.0,0,0,0.0,3115.58,1,0,0.0,6928.16,3,0,0.0,0
LGS2ORD0049704,C015109,2026-01-29 15:00:00,Female,58,Bronze,TV,Remote_Area,1147,Web,PromptPay,15,1,3,0,>50,38.233333333333334,6.0,1.0,0.16666666666666666,247,132,7991.981666666667,0.28,0.6666666666666666,0.16666666666666666,0.0,0.0,0,0,0.0,0.0,0,0,0.0,0.0,0,0,0.0,47951.89,6,1,0.16666666666666666,0
LGS2ORD0049705,C017098,2026-01-29 15:00:00,Other,57,Silver,Web,Bangkok,926,Shopee,Bank_Transfer,15,1,3,0,>50,30.866666666666667,5.0,1.0,0.2,75,78,2391.202,0.2,0.4,0.0,0.0,0.0,0,0,0.0,0.0,0,0,0.0,1388.19,1,1,1.0,11956.010000000002,5,1,0.2,0
LGS2ORD0049706,C017989,2026-01-29 15:00:00,Female,28,Bronze,Lazada,Chiang Mai,531,Lazada,Credit_Card,15,1,3,0,20-30,17.7,4.0,0.0,0.0,-1,46,6516.5625,0.28,0.5,0.5,0.0,0.0,0,0,0.0,0.0,0,0,0.0,20699.93,2,0,0.0,26066.25,4,0,0.0,0
LGS2ORD0049707,C014140,2026-01-29 15:00:00,Female,26,Bronze,TV,Remote_Area,1835,TV_Show,COD,15,1,3,0,20-30,61.166666666666664,6.0,1.0,0.16666666666666666,256,68,3060.140000000001,0.23,0.5,0.16666666666666666,0.0,0.0,0,0,0.0,0.0,0,0,0.0,1602.92,1,0,0.0,18360.840000000004,6,1,0.16666666666666666,0
LGS2ORD0049708,C012463,2026-01-29 16:00:00,Female,44,Platinum,TV,Khon Kaen,547,CallCenter,COD,16,1,3,0,40-50,18.233333333333334,12.0,2.0,0.16666666666666666,23,33,5024.580833333333,0.35,0.5833333333333334,0.25,0.0,0.0,0,0,0.0,0.0,0,0,0.0,6981.14,1,1,1.0,60294.97,12,2,0.16666666666666666,0
LGS2ORD0049709,C017473,2026-01-29 16:00:00,Female,39,Platinum,Web,Chonburi,1400,TV_Show,Credit_Card,16,1,3,0,30-40,46.666666666666664,2.0,1.0,0.5,279,46,4011.335,0.2,0.0,0.0,0.0,0.0,0,0,0.0,0.0,0,0,0.0,2051.72,1,0,0.0,8022.67,2,1,0.5,1
LGS2ORD0049710,C010800,2026-01-29 16:00:00,Female,46,Bronze,Web,Nakhon Ratchasima,774,Web,COD,16,1,3,0,40-50,25.8,7.0,0.0,0.0,-1,41,5258.86,0.18,0.42857142857142855,0.0,0.0,0.0,0,0,0.0,0.0,0,0,0.0,8908.6,2,0,0.0,36812.02,7,0,0.0,0
LGS2ORD0049711,C012902,2026-01-29 16:00:00,Male,34,Bronze,Shopee,Chiang Mai,483,TV_Show,COD,16,1,3,0,30-40,16.1,10.0,1.0,0.1,190,105,4924.331,0.28,0.5,0.3,0.0,0.0,0,0,0.0,0.0,0,0,0.0,0.0,0,0,0.0,49243.31,10,1,0.1,0
LGS2ORD0049712,C017794,2026-01-29 16:00:00,Male,38,Silver,Web,Nakhon Ratchasima,1769,Web,Credit_Card,16,1,3,0,30-40,58.96666666666667,5.0,1.0,0.2,99,91,5730.3240000000005,0.2,0.6,0.0,0.0,0.0,0,0,0.0,0.0,0,0,0.0,0.0,0,0,0.0,28651.620000000003,5,1,0.2,0
LGS2ORD0049713,C013077,2026-01-29 16:00:00,Female,46,Gold,Shopee,Chiang Mai,1226,Shopee,Credit_Card,16,1,3,0,40-50,40.86666666666667,4.0,1.0,0.25,138,143,7610.0575,0.33,0.25,0.25,0.0,0.0,0,0,0.0,0.0,0,0,0.0,0.0,0,0,0.0,30231.86,3,1,0.3333333333333333,1
LGS2ORD0049714,C015308,2026-01-29 17:00:00,Female,33,Bronze,Lazada,Bangkok,1776,Lazada,Bank_Transfer,17,1,3,0,30-40,59.2,7.0,1.0,0.14285714285714285,208,24,2603.292857142857,0.18,0.5714285714285714,0.0,0.0,0.0,0,0,0.0,1301.87,1,0,0.0,4152.139999999999,2,0,0.0,18223.05,7,1,0.14285714285714285,0
LGS2ORD0049715,C010534,2026-01-29 17:00:00,Female,30,Gold,Web,Chonburi,496,Lazada,Credit_Card,17,1,3,0,20-30,16.533333333333335,6.0,0.0,0.0,-1,127,8723.543333333335,0.2299999999999999,0.5,0.16666666666666666,0.0,0.0,0,0,0.0,0.0,0,0,0.0,0.0,0,0,0.0,45624.130000000005,5,0,0.0,0
LGS2ORD0049716,C014134,2026-01-29 17:00:00,Male,37,Silver,Lazada,Phuket,523,Lazada,COD,17,1,3,0,30-40,17.433333333333334,5.0,1.0,0.2,23,0,4186.54,0.25,0.2,0.2,0.0,1356.84,1,0,0.0,5152.28,2,0,0.0,13636.69,3,1,0.3333333333333333,20932.7,5,1,0.2,0
LGS2ORD0049717,C012864,2026-01-29 17:00:00,Female,56,Bronze,Web,Bangkok,1646,TV_Show,Credit_Card,17,1,3,0,>50,54.86666666666667,7.0,0.0,0.0,-1,7,3091.822857142858,0.23,0.8571428571428571,0.2857142857142857,0.0,0.0,0,0,0.0,2089.79,1,0,0.0,10294.68,3,0,0.0,21642.760000000006,7,0,0.0,1
LGS2ORD0049718,C012457,2026-01-29 17:00:00,Female,32,Platinum,Lazada,Bangkok,1071,TV_Show,Credit_Card,17,1,3,0,30-40,35.7,8.0,1.0,0.125,24,36,4170.60625,0.3,0.25,0.375,0.0,0.0,0,0,0.0,0.0,0,0,0.0,7239.72,3,1,0.3333333333333333,33364.85,8,1,0.125,0
LGS2ORD0049719,C011185,2026-01-29 18:00:00,Male,31,Gold,Shopee,Chiang Mai,1438,Shopee,COD,18,1,3,0,30-40,47.93333333333333,6.0,1.0,0.16666666666666666,294,26,10534.723333333333,0.18,0.6666666666666666,0.0,0.0,0.0,0,0,0.0,3633.63,1,0,0.0,3633.63,1,0,0.0,63208.34,6,1,0.16666666666666666,0
LGS2ORD0049720,C011240,2026-01-29 18:00:00,Female,25,Bronze,Web,Chonburi,758,Lazada,COD,18,1,3,0,20-30,25.266666666666666,7.0,1.0,0.14285714285714285,115,22,6129.492857142856,0.28,0.2857142857142857,0.2857142857142857,0.0,0.0,0,0,0.0,7428.96,1,0,0.0,10744.39,3,0,0.0,42906.45,7,1,0.14285714285714285,0
LGS2ORD0049721,C013912,2026-01-29 18:00:00,Female,37,Bronze,CallCenter,Chonburi,1474,Shopee,PromptPay,18,1,3,0,30-40,49.13333333333333,5.0,0.0,0.0,-1,29,7377.373999999999,0.28,0.6,0.2,0.0,0.0,0,0,0.0,18690.91,1,0,0.0,18690.91,1,0,0.0,36886.869999999995,5,0,0.0,0
LGS2ORD0049722,C011939,2026-01-29 18:00:00,Female,55,Silver,TV,Remote_Area,1811,TV_Show,COD,18,1,3,0,>50,60.36666666666667,9.0,3.0,0.3333333333333333,141,69,7918.62,0.3,0.7777777777777778,0.2222222222222222,0.0,0.0,0,0,0.0,0.0,0,0,0.0,41605.94,1,0,0.0,71267.58,9,3,0.3333333333333333,0
LGS2ORD0049723,C011234,2026-01-29 18:00:00,Female,44,Bronze,TV,Nakhon Ratchasima,954,TV_Show,Bank_Transfer,18,1,3,0,40-50,31.8,5.0,1.0,0.2,88,63,2260.138,0.23,0.2,0.2,0.0,0.0,0,0,0.0,0.0,0,0,0.0,6891.42,2,0,0.0,11300.69,5,1,0.2,0
LGS2ORD0049724,C011369,2026-01-29 19:00:00,Female,38,Bronze,Shopee,Nakhon Ratchasima,1348,Web,COD,19,1,3,0,30-40,44.93333333333333,5.0,2.0,0.4,25,36,7303.642000000002,0.08,0.6,0.0,0.0,0.0,0,0,0.0,0.0,0,0,0.0,5749.05,2,1,0.5,34810.270000000004,4,1,0.25,0
LGS2ORD0049725,C011315,2026-01-29 19:00:00,Female,37,Silver,Shopee,Bangkok,423,TV_Show,COD,19,1,3,0,30-40,14.1,11.0,3.0,0.2727272727272727,28,1,1800.328181818182,0.3,0.18181818181818182,0.6363636363636364,0.0,2037.2,1,0,0.0,2037.2,1,0,0.0,3322.8900000000003,2,1,0.5,19803.61,11,3,0.2727272727272727,0
LGS2ORD0049726,C012865,2026-01-29 19:00:00,Female,33,Bronze,Shopee,Bangkok,1608,Web,COD,19,1,3,0,30-40,53.6,6.0,1.0,0.16666666666666666,216,20,2530.2383333333332,0.28,0.5,0.5,0.0,0.0,0,0,0.0,4360.0599999999995,2,0,0.0,7149.449999999999,3,0,0.0,15181.429999999998,6,1,0.16666666666666666,0
LGS2ORD0049727,C010679,2026-01-29 19:00:00,Male,42,Silver,TV,Phuket,1003,Web,COD,19,1,3,0,40-50,33.43333333333333,7.0,1.0,0.14285714285714285,364,12,3609.912857142857,0.3,0.2857142857142857,0.14285714285714285,0.0,0.0,0,0,0.0,1121.35,1,0,0.0,10983.35,3,0,0.0,19850.4,6,0,0.0,0
LGS2ORD0049728,C012484,2026-01-29 19:00:00,Male,52,Silver,CallCenter,Phuket,613,Lazada,PromptPay,19,1,3,0,>50,20.433333333333334,6.0,1.0,0.16666666666666666,260,47,5623.685,0.3,0.5,0.16666666666666666,0.0,0.0,0,0,0.0,0.0,0,0,0.0,3982.43,1,0,0.0,33742.11,6,1,0.16666666666666666,0
LGS2ORD0049729,C014479,2026-01-29 19:00:00,Male,55,Gold,Shopee,Bangkok,898,CallCenter,Credit_Card,19,1,3,0,>50,29.933333333333334,12.0,4.0,0.3333333333333333,1,15,1919.7225,0.33,0.5,0.5833333333333334,0.0,0.0,0,0,0.0,1423.54,1,1,1.0,5020.57,2,1,0.5,21843.89,11,4,0.36363636363636365,0
LGS2ORD0049730,C011720,2026-01-29 20:00:00,Male,71,Bronze,Lazada,Nakhon Ratchasima,1750,Shopee,COD,20,1,3,0,>50,58.333333333333336,2.0,0.0,0.0,-1,79,4486.875,0.18,1.0,0.0,0.0,0.0,0,0,0.0,0.0,0,0,0.0,6591.51,1,0,0.0,8973.75,2,0,0.0,0
LGS2ORD0049731,C011660,2026-01-29 20:00:00,Male,58,Platinum,CallCenter,Phuket,809,Shopee,COD,20,1,3,0,>50,26.966666666666665,6.0,2.0,0.3333333333333333,295,120,5978.065,0.25,0.3333333333333333,0.5,0.0,0.0,0,0,0.0,0.0,0,0,0.0,0.0,0,0,0.0,34955.09,5,2,0.4,0
LGS2ORD0049732,C012882,2026-01-29 20:00:00,Male,57,Silver,Shopee,Chiang Mai,430,CallCenter,PromptPay,20,1,3,0,>50,14.333333333333334,9.0,2.0,0.2222222222222222,35,10,4990.918888888889,0.3,0.2222222222222222,0.3333333333333333,0.1111111111111111,0.0,0,0,0.0,2916.48,1,0,0.0,5313.219999999999,2,1,0.5,44918.270000000004,9,2,0.2222222222222222,0
LGS2ORD0049733,C014714,2026-01-29 20:00:00,Female,66,Gold,CallCenter,Bangkok,974,CallCenter,COD,20,1,3,0,>50,32.46666666666667,5.0,2.0,0.4,139,18,3964.1339999999996,0.33,0.8,0.8,0.0,0.0,0,0,0.0,1801.39,1,0,0.0,1801.39,1,0,0.0,19820.67,5,2,0.4,0
LGS2ORD0049734,C012970,2026-01-29 20:00:00,Female,31,Platinum,Shopee,Chiang Mai,1155,TV_Show,COD,20,1,3,0,30-40,38.5,5.0,2.0,0.4,195,34,8361.678,0.3,0.6,0.2,0.0,0.0,0,0,0.0,0.0,0,0,0.0,4723.58,2,0,0.0,37600.28999999999,4,1,0.25,1
LGS2ORD0049735,C012505,2026-01-29 21:00:00,Female,62,Silver,TV,Nakhon Ratchasima,569,TV_Show,Credit_Card,21,1,3,0,>50,18.966666666666665,5.0,0.0,0.0,-1,36,1709.396,0.25,0.6,0.2,0.0,0.0,0,0,0.0,0.0,0,0,0.0,637.79,1,0,0.0,8546.98,5,0,0.0,0
LGS2ORD0049736,C011909,2026-01-29 21:00:00,Female,39,Bronze,Shopee,Bangkok,1842,CallCenter,Bank_Transfer,21,1,3,0,30-40,61.4,8.0,1.0,0.125,309,96,5603.6725,0.23,0.75,0.375,0.0,0.0,0,0,0.0,0.0,0,0,0.0,0.0,0,0,0.0,42893.54,7,1,0.14285714285714285,1
LGS2ORD0049737,C015877,2026-01-29 21:00:00,Female,64,Silver,Web,Chiang Mai,1787,Lazada,Credit_Card,21,1,3,0,>50,59.56666666666667,3.0,0.0,0.0,-1,13,914.3333333333334,0.15,0.6666666666666666,0.0,0.0,0.0,0,0,0.0,1164.35,1,0,0.0,1164.35,1,0,0.0,2743.0,3,0,0.0,0
LGS2ORD0049738,C016935,2026-01-29 21:00:00,Male,39,Silver,Web,Nakhon Ratchasima,747,Lazada,PromptPay,21,1,3,0,30-40,24.9,5.0,1.0,0.2,284,51,6269.157999999999,0.3,0.6,0.2,0.0,0.0,0,0,0.0,0.0,0,0,0.0,515.44,1,0,0.0,30483.609999999997,4,1,0.25,0
LGS2ORD0049739,C013962,2026-01-29 21:00:00,Male,35,Bronze,Shopee,Chiang Mai,836,Web,COD,21,1,3,0,30-40,27.866666666666667,9.0,1.0,0.1111111111111111,351,35,7427.517777777778,0.28,0.5555555555555556,0.2222222222222222,0.0,0.0,0,0,0.0,0.0,0,0,0.0,10793.2,2,0,0.0,62764.72,7,0,0.0,0
LGS2ORD0049740,C014790,2026-01-29 22:00:00,Female,52,Silver,Lazada,Chonburi,1651,Web,Bank_Transfer,22,1,3,0,>50,55.03333333333333,7.0,1.0,0.14285714285714285,236,9,3460.1457142857143,0.3,0.14285714285714285,0.2857142857142857,0.0,0.0,0,0,0.0,5132.370000000001,2,0,0.0,5626.790000000001,3,0,0.0,24221.02,7,1,0.14285714285714285,0
LGS2ORD0049741,C017936,2026-01-29 22:00:00,Female,45,Gold,TV,Chonburi,939,Shopee,COD,22,1,3,0,40-50,31.3,4.0,0.0,0.0,-1,38,5083.585,0.28,0.5,0.25,0.0,0.0,0,0,0.0,0.0,0,0,0.0,2724.86,1,0,0.0,20334.34,4,0,0.0,0
LGS2ORD0049742,C010403,2026-01-29 22:00:00,Male,55,Bronze,Shopee,Bangkok,1299,TV_Show,PromptPay,22,1,3,0,>50,43.3,9.0,1.0,0.1111111111111111,344,17,7272.507777777779,0.23,0.5555555555555556,0.2222222222222222,0.0,0.0,0,0,0.0,4030.91,1,0,0.0,12875.61,3,0,0.0,65452.57000000001,9,1,0.1111111111111111,0
LGS2ORD0049743,C016265,2026-01-29 22:00:00,Male,39,Silver,Lazada,Bangkok,1511,Lazada,PromptPay,22,1,3,0,30-40,50.36666666666667,6.0,1.0,0.16666666666666666,236,5,4135.44,0.3,0.6666666666666666,0.5,0.0,211.48,1,0,0.0,211.48,1,0,0.0,211.48,1,0,0.0,24812.64,6,1,0.16666666666666666,0
LGS2ORD0049744,C016681,2026-01-29 22:00:00,Male,43,Gold,TV,Bangkok,1577,TV_Show,COD,22,1,3,0,40-50,52.56666666666667,6.0,1.0,0.16666666666666666,216,17,3983.531666666667,0.33,0.3333333333333333,0.16666666666666666,0.0,0.0,0,0,0.0,4870.52,1,0,0.0,8762.59,2,0,0.0,23901.190000000002,6,1,0.16666666666666666,0
LGS2ORD0049745,C013224,2026-01-29 23:00:00,Male,37,Bronze,Web,Bangkok,1185,Shopee,Credit_Card,23,1,3,0,30-40,39.5,6.0,1.0,0.16666666666666666,339,30,2761.9266666666667,0.13,0.5,0.0,0.0,0.0,0,0,0.0,0.0,0,0,0.0,4264.93,2,0,0.0,15777.17,5,1,0.2,0
LGS2ORD0049746,C010361,2026-01-29 23:00:00,Female,29,Silver,Lazada,Bangkok,940,Lazada,COD,23,1,3,0,20-30,31.333333333333332,3.0,1.0,0.3333333333333333,250,41,8270.69,0.2,0.6666666666666666,0.0,0.0,0.0,0,0,0.0,0.0,0,0,0.0,5121.68,1,0,0.0,24812.07,3,1,0.3333333333333333,0
LGS2ORD0049747,C017166,2026-01-29 23:00:00,Female,25,Bronze,TV,Khon Kaen,944,TV_Show,COD,23,1,3,0,20-30,31.466666666666665,6.0,1.0,0.16666666666666666,302,8,3927.14,0.23,0.5,0.3333333333333333,0.0,0.0,0,0,0.0,1220.46,1,0,0.0,1220.46,1,0,0.0,23562.84,6,1,0.16666666666666666,0
LGS2ORD0049748,C013367,2026-01-29 23:00:00,Male,53,Bronze,TV,Phuket,1422,Shopee,PromptPay,23,1,3,0,>50,47.4,7.0,2.0,0.2857142857142857,32,42,3361.0357142857138,0.28,0.5714285714285714,0.2857142857142857,0.0,0.0,0,0,0.0,0.0,0,0,0.0,4452.75,3,1,0.3333333333333333,23527.249999999996,7,2,0.2857142857142857,1
LGS2ORD0049749,C014509,2026-01-29 23:00:00,Male,53,Bronze,Lazada,Songkhla,1037,Shopee,COD,23,1,3,0,>50,34.56666666666667,3.0,2.0,0.6666666666666666,280,49,2391.8033333333333,0.18,0.3333333333333333,0.0,0.0,0.0,0,0,0.0,0.0,0,0,0.0,1709.41,1,0,0.0,7175.41,3,2,0.6666666666666666,1
LGS2ORD0049750,C010972,2026-01-29 23:00:00,Male,33,Bronze,Web,Bangkok,1734,Web,Bank_Transfer,23,1,3,0,30-40,57.8,7.0,2.0,0.2857142857142857,154,80,7480.837142857143,0.28,0.42857142857142855,0.14285714285714285,0.0,0.0,0,0,0.0,0.0,0,0,0.0,1263.49,1,0,0.0,52365.86,7,2,0.2857142857142857,0
LGS2ORD0049751,C017365,2026-01-30 00:00:00,Female,42,Gold,Shopee,Bangkok,591,Shopee,COD,0,1,4,0,40-50,19.7,8.0,3.0,0.375,46,8,13032.8625,0.28,0.5,0.75,0.0,0.0,0,0,0.0,2310.19,1,0,0.0,21841.059999999998,3,1,0.3333333333333333,100396.67000000001,7,3,0.42857142857142855,0
LGS2ORD0049752,C013455,2026-01-30 00:00:00,Female,29,Bronze,Web,Bangkok,1402,TV_Show,Credit_Card,0,1,4,0,20-30,46.733333333333334,9.0,1.0,0.1111111111111111,189,9,7632.421111111111,0.23,0.7777777777777778,0.1111111111111111,0.0,0.0,0,0,0.0,4166.23,1,0,0.0,4426.24,2,0,0.0,68691.79,9,1,0.1111111111111111,0
LGS2ORD0049753,C011808,2026-01-30 00:00:00,Female,28,Platinum,Web,Chonburi,1153,TV_Show,COD,0,1,4,0,20-30,38.43333333333333,10.0,3.0,0.3,23,29,4408.1320000000005,0.35,0.5,0.5,0.0,0.0,0,0,0.0,4610.46,1,1,1.0,4610.46,1,1,1.0,42433.0,9,3,0.3333333333333333,0
LGS2ORD0049754,C017612,2026-01-30 00:00:00,Male,37,Bronze,Web,Chiang Mai,1142,Web,PromptPay,0,1,4,0,30-40,38.06666666666667,6.0,1.0,0.16666666666666666,325,121,6955.55,0.28,0.8333333333333334,0.16666666666666666,0.0,0.0,0,0,0.0,0.0,0,0,0.0,0.0,0,0,0.0,41733.3,6,1,0.16666666666666666,0
LGS2ORD0049755,C010538,2026-01-30 00:00:00,Male,40,Gold,CallCenter,Phuket,759,Shopee,COD,0,1,4,0,30-40,25.3,2.0,0.0,0.0,-1,256,4864.115000000001,0.28,0.0,0.5,0.0,0.0,0,0,0.0,0.0,0,0,0.0,0.0,0,0,0.0,9728.230000000001,2,0,0.0,0
LGS2ORD0049756,C016639,2026-01-30 01:00:00,Male,65,Bronze,TV,Bangkok,1572,Shopee,COD,1,1,4,0,>50,52.4,2.0,0.0,0.0,-1,5,1001.3,0.28,0.5,0.5,0.0,1053.37,1,0,0.0,1053.37,1,0,0.0,1053.37,1,0,0.0,2002.6,2,0,0.0,1
LGS2ORD0049757,C010932,2026-01-30 01:00:00,Female,54,Silver,Web,Songkhla,860,TV_Show,PromptPay,1,1,4,0,>50,28.666666666666668,10.0,0.0,0.0,-1,7,5594.4800000000005,0.25,0.5,0.1,0.0,0.0,0,0,0.0,2963.64,1,0,0.0,9482.93,4,0,0.0,55944.8,10,0,0.0,0
LGS2ORD0049758,C015019,2026-01-30 01:00:00,Female,62,Bronze,CallCenter,Nakhon Ratchasima,703,TV_Show,Credit_Card,1,1,4,0,>50,23.433333333333334,12.0,1.0,0.08333333333333333,61,71,4730.539166666667,0.28,0.3333333333333333,0.16666666666666666,0.0,0.0,0,0,0.0,0.0,0,0,0.0,800.67,1,1,1.0,28831.899999999998,11,1,0.09090909090909091,0
LGS2ORD0049759,C012933,2026-01-30 01:00:00,Female,40,Bronze,Shopee,Phuket,569,Web,Bank_Transfer,1,1,4,0,30-40,18.966666666666665,8.0,4.0,0.5,27,44,9140.87625,0.28,0.75,0.375,0.0,0.0,0,0,0.0,0.0,0,0,0.0,6139.9,1,1,1.0,64124.46000000001,7,4,0.5714285714285714,0
LGS2ORD0049760,C016641,2026-01-30 01:00:00,Female,37,Bronze,TV,Chonburi,1058,TV_Show,Credit_Card,1,1,4,0,30-40,35.266666666666666,7.0,1.0,0.14285714285714285,369,151,9547.885714285716,0.28,0.2857142857142857,0.5714285714285714,0.0,0.0,0,0,0.0,0.0,0,0,0.0,0.0,0,0,0.0,35014.909999999996,5,0,0.0,0
LGS2ORD0049761,C014342,2026-01-30 02:00:00,Female,40,Bronze,Shopee,Bangkok,1645,TV_Show,COD,2,1,4,0,30-40,54.833333333333336,7.0,0.0,0.0,-1,97,1913.9514285714286,0.23,0.14285714285714285,0.2857142857142857,0.0,0.0,0,0,0.0,0.0,0,0,0.0,0.0,0,0,0.0,10016.08,6,0,0.0,1
LGS2ORD0049762,C013719,2026-01-30 02:00:00,Male,54,Gold,CallCenter,Chiang Mai,902,CallCenter,PromptPay,2,1,4,0,>50,30.066666666666666,6.0,0.0,0.0,-1,105,4916.241666666667,0.18,0.5,0.0,0.0,0.0,0,0,0.0,0.0,0,0,0.0,0.0,0,0,0.0,29497.45,6,0,0.0,0
LGS2ORD0049763,C011429,2026-01-30 02:00:00,Male,30,Bronze,TV,Bangkok,722,Shopee,Credit_Card,2,1,4,0,20-30,24.066666666666666,8.0,1.0,0.125,32,45,5342.411249999999,0.28,0.5,0.25,0.0,0.0,0,0,0.0,0.0,0,0,0.0,19376.68,2,1,0.5,37133.96,6,1,0.16666666666666666,0
LGS2ORD0049764,C011375,2026-01-30 02:00:00,Male,37,Platinum,Shopee,Phuket,1297,Shopee,COD,2,1,4,0,30-40,43.233333333333334,8.0,2.0,0.25,154,29,2126.6337500000004,0.35,0.5,0.625,0.0,0.0,0,0,0.0,896.32,1,0,0.0,1768.5500000000002,2,0,0.0,15256.77,7,2,0.2857142857142857,0
LGS2ORD0049765,C017754,2026-01-30 02:00:00,Female,54,Silver,TV,Bangkok,1077,Lazada,Credit_Card,2,1,4,0,>50,35.9,6.0,0.0,0.0,-1,30,4997.09,0.3,0.3333333333333333,0.5,0.0,0.0,0,0,0.0,0.0,0,0,0.0,6558.97,1,0,0.0,29982.54,6,0,0.0,0
LGS2ORD0049766,C011383,2026-01-30 03:00:00,Male,62,Silver,Shopee,Songkhla,450,Web,COD,3,1,4,0,>50,15.0,2.0,1.0,0.5,288,227,2421.62,0.2,0.5,0.0,0.0,0.0,0,0,0.0,0.0,0,0,0.0,0.0,0,0,0.0,4843.24,2,1,0.5,0
LGS2ORD0049767,C013453,2026-01-30 03:00:00,Female,41,Bronze,CallCenter,Bangkok,1671,CallCenter,Credit_Card,3,1,4,0,40-50,55.7,7.0,3.0,0.42857142857142855,207,2,9049.24,0.28,0.7142857142857143,0.14285714285714285,0.14285714285714285,12274.35,1,0,0.0,12274.35,1,0,0.0,28370.809999999998,2,0,0.0,61008.159999999996,6,2,0.3333333333333333,1
LGS2ORD0049768,C013819,2026-01-30 03:00:00,Male,41,Silver,Web,Khon Kaen,1235,Shopee,Credit_Card,3,1,4,0,40-50,41.166666666666664,4.0,0.0,0.0,-1,98,13748.6775,0.25,0.5,0.5,0.0,0.0,0,0,0.0,0.0,0,0,0.0,0.0,0,0,0.0,54994.71,4,0,0.0,0
LGS2ORD0049769,C014321,2026-01-30 03:00:00,Female,35,Gold,Web,Bangkok,1813,TV_Show,COD,3,1,4,0,30-40,60.43333333333333,7.0,2.0,0.2857142857142857,85,10,4826.462857142857,0.2299999999999999,0.7142857142857143,0.2857142857142857,0.0,0.0,0,0,0.0,7366.29,1,0,0.0,7366.29,1,0,0.0,33785.24,7,2,0.2857142857142857,0
LGS2ORD0049770,C012082,2026-01-30 03:00:00,Female,23,Platinum,Shopee,Bangkok,1753,Lazada,Credit_Card,3,1,4,0,20-30,58.43333333333333,3.0,0.0,0.0,-1,124,7909.623333333333,0.25,0.6666666666666666,0.3333333333333333,0.0,0.0,0,0,0.0,0.0,0,0,0.0,0.0,0,0,0.0,23728.87,3,0,0.0,1
LGS2ORD0049771,C013620,2026-01-30 03:00:00,Female,47,Bronze,Shopee,Remote_Area,685,TV_Show,Bank_Transfer,3,1,4,0,40-50,22.833333333333332,5.0,2.0,0.4,190,79,2040.102,0.28,0.4,0.8,0.0,0.0,0,0,0.0,0.0,0,0,0.0,7058.54,1,0,0.0,9535.46,4,2,0.5,1
LGS2ORD0049772,C016070,2026-01-30 04:00:00,Male,43,Bronze,Shopee,Bangkok,1638,Lazada,COD,4,1,4,0,40-50,54.6,10.0,2.0,0.2,176,81,5668.495,0.23,0.6,0.3,0.0,0.0,0,0,0.0,0.0,0,0,0.0,3815.24,1,0,0.0,26696.760000000002,8,2,0.25,1
LGS2ORD0049773,C015051,2026-01-30 04:00:00,Male,46,Gold,Lazada,Bangkok,1828,Lazada,COD,4,1,4,0,40-50,60.93333333333333,4.0,0.0,0.0,-1,13,9991.4075,0.2299999999999999,0.75,0.25,0.0,0.0,0,0,0.0,3749.12,1,0,0.0,3749.12,1,0,0.0,39965.63,4,0,0.0,0
LGS2ORD0049774,C013520,2026-01-30 04:00:00,Female,29,Bronze,Web,Remote_Area,1287,Shopee,COD,4,1,4,0,20-30,42.9,5.0,1.0,0.2,186,44,5528.642,0.18,0.4,0.0,0.0,0.0,0,0,0.0,0.0,0,0,0.0,8219.9,1,0,0.0,27643.21,5,1,0.2,0
LGS2ORD0049775,C010067,2026-01-30 04:00:00,Male,27,Bronze,Shopee,Phuket,521,CallCenter,COD,4,1,4,0,20-30,17.366666666666667,7.0,3.0,0.42857142857142855,97,1,3566.1571428571433,0.18,0.5714285714285714,0.0,0.0,2396.27,1,0,0.0,2396.27,1,0,0.0,10479.17,2,0,0.0,21692.26,6,3,0.5,0
LGS2ORD0049776,C016588,2026-01-30 04:00:00,Female,43,Silver,Web,Khon Kaen,1028,Lazada,COD,4,1,4,0,40-50,34.266666666666666,8.0,3.0,0.375,103,39,8668.9725,0.3,0.75,0.75,0.0,0.0,0,0,0.0,0.0,0,0,0.0,24204.41,1,0,0.0,62820.15999999999,7,3,0.42857142857142855,0
LGS2ORD0049777,C013822,2026-01-30 05:00:00,Male,45,Bronze,Lazada,Bangkok,898,Web,Credit_Card,5,1,4,0,40-50,29.933333333333334,6.0,0.0,0.0,-1,13,6818.175,0.28,0.5,0.5,0.0,0.0,0,0,0.0,2153.39,1,0,0.0,2153.39,1,0,0.0,40909.05,6,0,0.0,0
LGS2ORD0049778,C014728,2026-01-30 05:00:00,Male,34,Bronze,TV,Remote_Area,618,TV_Show,COD,5,1,4,0,30-40,20.6,14.0,3.0,0.21428571428571427,169,53,6636.462142857144,0.18,0.35714285714285715,0.0,0.0,0.0,0,0,0.0,0.0,0,0,0.0,5044.38,2,0,0.0,68594.82999999999,13,3,0.23076923076923078,0
LGS2ORD0049779,C015691,2026-01-30 05:00:00,Female,46,Gold,Shopee,Chonburi,771,Lazada,COD,5,1,4,0,40-50,25.7,5.0,2.0,0.4,99,36,5746.252000000001,0.28,0.4,0.8,0.0,0.0,0,0,0.0,0.0,0,0,0.0,6778.86,1,0,0.0,28731.260000000006,5,2,0.4,0
LGS2ORD0049780,C013739,2026-01-30 05:00:00,Female,50,Silver,Lazada,Nakhon Ratchasima,670,Web,Credit_Card,5,1,4,0,40-50,22.333333333333332,9.0,2.0,0.2222222222222222,25,39,7802.611111111111,0.25,0.5555555555555556,0.2222222222222222,0.0,0.0,0,0,0.0,0.0,0,0,0.0,29822.96,4,1,0.25,70223.5,9,2,0.2222222222222222,1
LGS2ORD0049781,C017639,2026-01-30 05:00:00,Female,49,Silver,Shopee,Remote_Area,1153,Lazada,COD,5,1,4,0,40-50,38.43333333333333,8.0,5.0,0.625,-1,2,2695.59375,0.3,0.875,0.5,0.0,5704.71,1,1,1.0,5704.71,1,1,1.0,5704.71,1,1,1.0,20382.530000000002,7,4,0.5714285714285714,0
LGS2ORD0049782,C010421,2026-01-30 06:00:00,Female,42,Bronze,Lazada,Songkhla,914,TV_Show,COD,6,1,4,0,40-50,30.466666666666665,5.0,1.0,0.2,282,36,5020.586,0.23,0.2,0.4,0.0,0.0,0,0,0.0,0.0,0,0,0.0,7746.74,1,0,0.0,25102.93,5,1,0.2,0
LGS2ORD0049783,C012990,2026-01-30 06:00:00,Male,64,Bronze,CallCenter,Khon Kaen,872,Lazada,COD,6,1,4,0,>50,29.066666666666666,10.0,1.0,0.1,259,23,7006.956,0.23,0.8,0.2,0.0,0.0,0,0,0.0,751.84,1,0,0.0,18626.5,3,0,0.0,45705.41,7,1,0.14285714285714285,0
LGS2ORD0049784,C014971,2026-01-30 06:00:00,Female,18,Bronze,TV,Bangkok,593,TV_Show,COD,6,1,4,0,<20,19.766666666666666,6.0,1.0,0.16666666666666666,71,79,3111.1966666666667,0.28,0.6666666666666666,0.3333333333333333,0.0,0.0,0,0,0.0,0.0,0,0,0.0,4485.21,2,1,0.5,17583.04,5,1,0.2,1
LGS2ORD0049785,C016263,2026-01-30 06:00:00,Male,40,Silver,Lazada,Chonburi,1349,Web,COD,6,1,4,0,30-40,44.96666666666667,3.0,0.0,0.0,-1,55,629.4533333333334,0.25,0.0,0.3333333333333333,0.0,0.0,0,0,0.0,0.0,0,0,0.0,1745.19,2,0,0.0,1888.3600000000001,3,0,0.0,0
LGS2ORD0049786,C017889,2026-01-30 06:00:00,Female,45,Bronze,Lazada,Chonburi,1696,Shopee,COD,6,1,4,0,40-50,56.53333333333333,5.0,3.0,0.6,19,23,3043.978,0.28,0.6,0.4,0.0,0.0,0,0,0.0,1061.98,1,1,1.0,1061.98,1,1,1.0,15219.89,5,3,0.6,0
LGS2ORD0049787,C011423,2026-01-30 07:00:00,Other,60,Bronze,Shopee,Bangkok,1808,Lazada,Bank_Transfer,7,1,4,0,>50,60.266666666666666,12.0,2.0,0.16666666666666666,194,67,5404.2025,0.23,0.5833333333333334,0.08333333333333333,0.0,0.0,0,0,0.0,0.0,0,0,0.0,14483.51,2,0,0.0,64435.68,11,1,0.09090909090909091,0
LGS2ORD0049788,C014751,2026-01-30 07:00:00,Female,45,Bronze,CallCenter,Chonburi,823,Web,COD,7,1,4,0,40-50,27.433333333333334,5.0,1.0,0.2,279,188,5673.534,0.08,0.6,0.0,0.0,0.0,0,0,0.0,0.0,0,0,0.0,0.0,0,0,0.0,28367.67,5,1,0.2,0
LGS2ORD0049789,C012868,2026-01-30 07:00:00,Female,58,Platinum,TV,Phuket,481,CallCenter,Bank_Transfer,7,1,4,0,>50,16.033333333333335,5.0,1.0,0.2,328,274,5347.392000000001,0.25,0.4,0.6,0.0,0.0,0,0,0.0,0.0,0,0,0.0,0.0,0,0,0.0,26736.960000000003,5,1,0.2,0
LGS2ORD0049790,C012779,2026-01-30 07:00:00,Male,60,Gold,CallCenter,Bangkok,1829,CallCenter,COD,7,1,4,0,>50,60.96666666666667,4.0,0.0,0.0,-1,153,5568.1975,0.2299999999999999,0.5,0.75,0.0,0.0,0,0,0.0,0.0,0,0,0.0,0.0,0,0,0.0,22272.79,4,0,0.0,0
LGS2ORD0049791,C010451,2026-01-30 07:00:00,Male,54,Bronze,Shopee,Bangkok,1514,Shopee,COD,7,1,4,0,>50,50.46666666666667,5.0,3.0,0.6,5,16,5184.386,0.13,0.6,0.0,0.0,0.0,0,0,0.0,1462.72,1,1,1.0,1462.72,1,1,1.0,25921.93,5,3,0.6,0
LGS2ORD0049792,C016492,2026-01-30 07:00:00,Female,44,Silver,Web,Bangkok,1564,CallCenter,COD,7,1,4,0,40-50,52.13333333333333,9.0,2.0,0.2222222222222222,107,87,3339.2400000000002,0.3,0.5555555555555556,0.3333333333333333,0.0,0.0,0,0,0.0,0.0,0,0,0.0,12212.36,1,0,0.0,28375.7,8,2,0.25,0
LGS2ORD0049793,C016489,2026-01-30 08:00:00,Female,28,Silver,TV,Bangkok,908,Web,COD,8,1,4,0,20-30,30.266666666666666,4.0,0.0,0.0,-1,48,8862.9225,0.25,0.25,0.25,0.0,0.0,0,0,0.0,0.0,0,0,0.0,9143.28,1,0,0.0,35451.69,4,0,0.0,1
LGS2ORD0049794,C016897,2026-01-30 08:00:00,Male,56,Silver,TV,Chiang Mai,1244,TV_Show,Credit_Card,8,1,4,0,>50,41.46666666666667,10.0,2.0,0.2,61,45,3172.396,0.3,0.4,0.3,0.0,0.0,0,0,0.0,0.0,0,0,0.0,12544.78,2,1,0.5,31723.960000000003,10,2,0.2,0
LGS2ORD0049795,C010007,2026-01-30 08:00:00,Male,48,Gold,Shopee,Remote_Area,536,Lazada,Bank_Transfer,8,1,4,0,40-50,17.866666666666667,11.0,3.0,0.2727272727272727,32,35,6474.4636363636355,0.28,0.8181818181818182,0.7272727272727273,0.0,0.0,0,0,0.0,0.0,0,0,0.0,8835.12,2,1,0.5,69651.5,9,3,0.3333333333333333,0
LGS2ORD0049796,C010646,2026-01-30 08:00:00,Male,48,Bronze,Lazada,Bangkok,1655,Lazada,COD,8,1,4,0,40-50,55.166666666666664,6.0,1.0,0.16666666666666666,270,92,3836.383333333333,0.28,0.3333333333333333,0.16666666666666666,0.0,0.0,0,0,0.0,0.0,0,0,0.0,0.0,0,0,0.0,23018.3,6,1,0.16666666666666666,1
LGS2ORD0049797,C010754,2026-01-30 08:00:00,Female,40,Gold,Shopee,Chonburi,1533,TV_Show,Bank_Transfer,8,1,4,0,30-40,51.1,2.0,0.0,0.0,-1,124,12031.35,0.2299999999999999,0.5,1.0,0.0,0.0,0,0,0.0,0.0,0,0,0.0,0.0,0,0,0.0,24062.7,2,0,0.0,0
LGS2ORD0049798,C014488,2026-01-30 09:00:00,Male,26,Bronze,TV,Khon Kaen,723,TV_Show,COD,9,1,4,0,20-30,24.1,4.0,1.0,0.25,42,49,5628.3825,0.23,0.25,0.25,0.0,0.0,0,0,0.0,0.0,0,0,0.0,6824.1,2,1,0.5,22513.53,4,1,0.25,1
LGS2ORD0049799,C016650,2026-01-30 09:00:00,Male,53,Silver,Web,Bangkok,1352,Lazada,COD,9,1,4,0,>50,45.06666666666667,6.0,1.0,0.16666666666666666,304,148,11014.188333333334,0.25,0.6666666666666666,0.16666666666666666,0.0,0.0,0,0,0.0,0.0,0,0,0.0,0.0,0,0,0.0,66085.13,6,1,0.16666666666666666,1
LGS2ORD0049800,C010313,2026-01-30 09:00:00,Female,43,Bronze,Lazada,Bangkok,1112,TV_Show,Credit_Card,9,1,4,0,40-50,37.06666666666667,1.0,0.0,0.0,-1,217,2426.62,0.18,0.0,0.0,0.0,0.0,0,0,0.0,0.0,0,0,0.0,0.0,0,0,0.0,2426.62,1,0,0.0,0
LGS2ORD0049801,C016302,2026-01-30 09:00:00,Male,59,Silver,CallCenter,Chonburi,920,CallCenter,PromptPay,9,1,4,0,>50,30.666666666666668,10.0,2.0,0.2,243,36,6383.683999999999,0.3,0.5,0.3,0.0,0.0,0,0,0.0,0.0,0,0,0.0,8129.72,2,0,0.0,49317.69,9,2,0.2222222222222222,0
LGS2ORD0049802,C017880,2026-01-30 09:00:00,Female,32,Platinum,TV,Chonburi,757,CallCenter,COD,9,1,4,0,30-40,25.233333333333334,7.0,3.0,0.42857142857142855,28,33,5797.53,0.3,0.42857142857142855,0.2857142857142857,0.0,0.0,0,0,0.0,0.0,0,0,0.0,21100.84,2,1,0.5,40582.71,7,3,0.42857142857142855,0
LGS2ORD0049803,C011736,2026-01-30 10:00:00,Male,47,Silver,TV,Nakhon Ratchasima,1275,Web,PromptPay,10,1,4,0,40-50,42.5,3.0,0.0,0.0,-1,44,7781.860000000001,0.1,0.0,0.0,0.0,0.0,0,0,0.0,0.0,0,0,0.0,17366.58,1,0,0.0,23345.58,3,0,0.0,0
LGS2ORD0049804,C010978,2026-01-30 10:00:00,Male,29,Bronze,CallCenter,Nakhon Ratchasima,582,CallCenter,COD,10,1,4,0,20-30,19.4,7.0,3.0,0.42857142857142855,121,10,4222.375714285714,0.28,0.42857142857142855,0.42857142857142855,0.0,0.0,0,0,0.0,7750.17,1,0,0.0,7750.17,1,0,0.0,29556.629999999997,7,3,0.42857142857142855,1
LGS2ORD0049805,C014636,2026-01-30 10:00:00,Female,29,Bronze,TV,Remote_Area,1472,Shopee,COD,10,1,4,0,20-30,49.06666666666667,12.0,4.0,0.3333333333333333,46,12,9740.683333333334,0.28,0.6666666666666666,0.3333333333333333,0.0,0.0,0,0,0.0,13535.23,1,0,0.0,45546.81999999999,4,2,0.5,116888.20000000001,12,4,0.3333333333333333,0
LGS2ORD0049806,C013496,2026-01-30 10:00:00,Male,53,Platinum,Web,Phuket,633,TV_Show,Credit_Card,10,1,4,0,>50,21.1,6.0,1.0,0.16666666666666666,230,66,2436.443333333333,0.3,0.5,0.5,0.0,0.0,0,0,0.0,0.0,0,0,0.0,4016.24,1,0,0.0,13041.72,5,1,0.2,0
LGS2ORD0049807,C010247,2026-01-30 10:00:00,Male,67,Bronze,TV,Remote_Area,1427,TV_Show,COD,10,1,4,0,>50,47.56666666666667,7.0,3.0,0.42857142857142855,42,50,2384.261428571429,0.28,0.42857142857142855,0.42857142857142855,0.0,0.0,0,0,0.0,0.0,0,0,0.0,7409.17,1,1,1.0,13827.27,5,3,0.6,1
LGS2ORD0049808,C015744,2026-01-30 11:00:00,Male,58,Silver,Shopee,Khon Kaen,1264,Lazada,COD,11,1,4,0,>50,42.13333333333333,5.0,0.0,0.0,-1,14,3382.822,0.3,0.6,0.4,0.0,0.0,0,0,0.0,5140.95,1,0,0.0,5140.95,1,0,0.0,16914.11,5,0,0.0,0
LGS2ORD0049809,C012445,2026-01-30 11:00:00,Male,42,Bronze,CallCenter,Chonburi,536,Shopee,COD,11,1,4,0,40-50,17.866666666666667,5.0,3.0,0.6,166,64,1274.024,0.23,0.6,0.2,0.0,0.0,0,0,0.0,0.0,0,0,0.0,241.7,1,0,0.0,6370.12,5,3,0.6,0
LGS2ORD0049810,C016617,2026-01-30 11:00:00,Male,36,Platinum,TV,Bangkok,1549,Lazada,Bank_Transfer,11,1,4,0,30-40,51.63333333333333,8.0,1.0,0.125,97,89,4764.0875,0.3,0.5,0.25,0.0,0.0,0,0,0.0,0.0,0,0,0.0,3867.49,1,0,0.0,38112.7,8,1,0.125,0
LGS2ORD0049811,C012450,2026-01-30 11:00:00,Female,36,Gold,TV,Chiang Mai,1681,Web,Credit_Card,11,1,4,0,30-40,56.03333333333333,6.0,1.0,0.16666666666666666,282,49,4098.526666666667,0.33,0.5,0.6666666666666666,0.0,0.0,0,0,0.0,0.0,0,0,0.0,5565.54,1,0,0.0,8286.66,4,1,0.25,0
LGS2ORD0049812,C012087,2026-01-30 11:00:00,Female,39,Gold,Web,Remote_Area,1761,Web,PromptPay,11,1,4,0,30-40,58.7,7.0,0.0,0.0,-1,83,5001.571428571428,0.33,0.2857142857142857,0.5714285714285714,0.0,0.0,0,0,0.0,0.0,0,0,0.0,148.6,1,0,0.0,29944.649999999998,5,0,0.0,0
LGS2ORD0049813,C016715,2026-01-30 11:00:00,Female,60,Silver,TV,Khon Kaen,1265,Shopee,Bank_Transfer,11,1,4,0,>50,42.166666666666664,6.0,0.0,0.0,-1,85,9112.478333333334,0.3,0.8333333333333334,0.16666666666666666,0.0,0.0,0,0,0.0,0.0,0,0,0.0,13933.62,1,0,0.0,54674.87,6,0,0.0,0
LGS2ORD0049814,C017882,2026-01-30 12:00:00,Female,46,Bronze,CallCenter,Khon Kaen,574,Shopee,COD,12,1,4,0,40-50,19.133333333333333,8.0,1.0,0.125,50,61,5609.245,0.18,0.5,0.0,0.0,0.0,0,0,0.0,0.0,0,0,0.0,3218.8199999999997,3,1,0.3333333333333333,44873.96,8,1,0.125,0
LGS2ORD0049815,C010431,2026-01-30 12:00:00,Male,62,Silver,TV,Bangkok,1221,CallCenter,Bank_Transfer,12,1,4,0,>50,40.7,9.0,0.0,0.0,-1,10,5215.2477777777785,0.25,0.7777777777777778,0.2222222222222222,0.0,0.0,0,0,0.0,1193.07,1,0,0.0,1193.07,1,0,0.0,41960.73,8,0,0.0,0
LGS2ORD0049816,C016312,2026-01-30 12:00:00,Male,38,Bronze,Shopee,Bangkok,1674,Shopee,COD,12,1,4,0,30-40,55.8,9.0,1.0,0.1111111111111111,266,35,6154.04,0.28,0.5555555555555556,0.3333333333333333,0.0,0.0,0,0,0.0,0.0,0,0,0.0,6049.030000000001,2,0,0.0,55386.36,9,1,0.1111111111111111,1
LGS2ORD0049817,C015872,2026-01-30 12:00:00,Female,32,Bronze,Web,Bangkok,497,TV_Show,COD,12,1,4,0,30-40,16.566666666666666,0.0,0.0,0.0,-1,-1,0.0,0.0,0.0,0.0,0.0,0.0,0,0,0.0,0.0,0,0,0.0,0.0,0,0,0.0,0.0,0,0,0.0,0
LGS2ORD0049818,C011976,2026-01-30 12:00:00,Male,64,Bronze,Shopee,Remote_Area,954,Shopee,COD,12,1,4,0,>50,31.8,6.0,3.0,0.5,47,56,4897.121666666666,0.28,0.8333333333333334,0.16666666666666666,0.0,0.0,0,0,0.0,0.0,0,0,0.0,7035.71,1,1,1.0,27520.71,4,3,0.75,0
LGS2ORD0049819,C017663,2026-01-30 13:00:00,Female,41,Silver,Web,Remote_Area,1171,TV_Show,COD,13,1,4,0,40-50,39.03333333333333,11.0,4.0,0.36363636363636365,5,10,6568.0318181818175,0.3,0.8181818181818182,0.18181818181818182,0.0,0.0,0,0,0.0,1318.42,1,1,1.0,42511.81,4,1,0.25,72248.34999999999,11,4,0.36363636363636365,0
LGS2ORD0049820,C015257,2026-01-30 13:00:00,Female,36,Gold,Shopee,Khon Kaen,1050,Shopee,Credit_Card,13,1,4,0,30-40,35.0,3.0,0.0,0.0,-1,31,5996.703333333334,0.2299999999999999,0.6666666666666666,0.3333333333333333,0.0,0.0,0,0,0.0,0.0,0,0,0.0,3934.6099999999997,2,0,0.0,17990.11,3,0,0.0,1
LGS2ORD0049821,C015750,2026-01-30 13:00:00,Female,46,Gold,Lazada,Bangkok,1071,TV_Show,Credit_Card,13,1,4,0,40-50,35.7,13.0,2.0,0.15384615384615385,332,7,5227.137692307691,0.28,0.5384615384615384,0.23076923076923078,0.0,0.0,0,0,0.0,11116.51,1,0,0.0,13288.5,2,0,0.0,57146.5,11,1,0.09090909090909091,1
LGS2ORD0049822,C016593,2026-01-30 13:00:00,Female,50,Silver,Web,Bangkok,887,Lazada,COD,13,1,4,0,40-50,29.566666666666666,6.0,4.0,0.6666666666666666,66,76,14107.335,0.25,0.6666666666666666,0.16666666666666666,0.0,0.0,0,0,0.0,0.0,0,0,0.0,6660.95,1,1,1.0,84644.01,6,4,0.6666666666666666,0
LGS2ORD0049823,C013975,2026-01-30 13:00:00,Male,22,Silver,Lazada,Chonburi,437,Lazada,COD,13,1,4,0,20-30,14.566666666666666,8.0,2.0,0.25,260,111,4583.5925,0.25,0.75,0.125,0.0,0.0,0,0,0.0,0.0,0,0,0.0,0.0,0,0,0.0,33445.829999999994,7,1,0.14285714285714285,0
LGS2ORD0049824,C016197,2026-01-30 14:00:00,Male,42,Bronze,TV,Chonburi,1356,TV_Show,Bank_Transfer,14,1,4,0,40-50,45.2,4.0,1.0,0.25,299,74,8122.4225,0.28,0.5,0.5,0.0,0.0,0,0,0.0,0.0,0,0,0.0,5611.2,2,0,0.0,32489.69,4,1,0.25,0
LGS2ORD0049825,C013615,2026-01-30 14:00:00,Male,44,Gold,Shopee,Bangkok,1535,CallCenter,Credit_Card,14,1,4,0,40-50,51.166666666666664,2.0,1.0,0.5,353,214,6587.83,0.2299999999999999,1.0,0.5,0.0,0.0,0,0,0.0,0.0,0,0,0.0,0.0,0,0,0.0,13175.66,2,1,0.5,0
LGS2ORD0049826,C015687,2026-01-30 14:00:00,Other,58,Bronze,TV,Bangkok,1834,Web,COD,14,1,4,0,>50,61.13333333333333,6.0,2.0,0.3333333333333333,15,20,4314.535,0.23,0.5,0.16666666666666666,0.0,0.0,0,0,0.0,9793.51,1,1,1.0,9793.51,1,1,1.0,22544.75,5,2,0.4,1
LGS2ORD0049827,C016819,2026-01-30 14:00:00,Female,62,Bronze,TV,Bangkok,563,Shopee,Credit_Card,14,1,4,0,>50,18.766666666666666,14.0,5.0,0.35714285714285715,42,15,8078.874285714285,0.28,0.5,0.35714285714285715,0.0,0.0,0,0,0.0,23808.329999999998,2,0,0.0,24796.589999999997,3,1,0.3333333333333333,113104.23999999999,14,5,0.35714285714285715,0
LGS2ORD0049828,C013869,2026-01-30 14:00:00,Female,51,Bronze,TV,Bangkok,1050,Web,Bank_Transfer,14,1,4,0,>50,35.0,6.0,3.0,0.5,32,41,4656.86,0.23,0.8333333333333334,0.16666666666666666,0.0,0.0,0,0,0.0,0.0,0,0,0.0,1561.51,1,1,1.0,27941.16,6,3,0.5,0
LGS2ORD0049829,C013804,2026-01-30 14:00:00,Male,61,Bronze,TV,Bangkok,769,Shopee,COD,14,1,4,0,>50,25.633333333333333,14.0,6.0,0.42857142857142855,164,24,4661.716428571427,0.28,0.7142857142857143,0.42857142857142855,0.0,0.0,0,0,0.0,1338.88,1,0,0.0,22994.079999999998,3,0,0.0,59328.56999999999,12,6,0.5,0
LGS2ORD0049830,C017072,2026-01-30 15:00:00,Female,52,Silver,Shopee,Songkhla,1703,Shopee,PromptPay,15,1,4,0,>50,56.766666666666666,7.0,1.0,0.14285714285714285,365,179,3151.6657142857143,0.2,0.42857142857142855,0.0,0.0,0.0,0,0,0.0,0.0,0,0,0.0,0.0,0,0,0.0,14110.48,5,0,0.0,0
LGS2ORD0049831,C012179,2026-01-30 15:00:00,Male,36,Silver,Shopee,Bangkok,458,Lazada,PromptPay,15,1,4,0,30-40,15.266666666666667,7.0,2.0,0.2857142857142857,239,245,8612.744285714285,0.2,0.5714285714285714,0.0,0.0,0.0,0,0,0.0,0.0,0,0,0.0,0.0,0,0,0.0,50566.4,6,2,0.3333333333333333,1
LGS2ORD0049832,C012941,2026-01-30 15:00:00,Female,56,Silver,Shopee,Bangkok,794,CallCenter,COD,15,1,4,0,>50,26.466666666666665,6.0,0.0,0.0,-1,11,2779.14,0.3,0.0,0.5,0.0,0.0,0,0,0.0,731.77,1,0,0.0,8269.8,2,0,0.0,16674.84,6,0,0.0,0
LGS2ORD0049833,C011826,2026-01-30 15:00:00,Male,50,Bronze,Lazada,Bangkok,1641,Lazada,Credit_Card,15,1,4,0,40-50,54.7,3.0,1.0,0.3333333333333333,17,27,1205.68,0.28,0.3333333333333333,0.3333333333333333,0.0,0.0,0,0,0.0,1721.19,1,1,1.0,1721.19,1,1,1.0,3617.04,3,1,0.3333333333333333,0
LGS2ORD0049834,C012344,2026-01-30 15:00:00,Other,19,Platinum,Web,Chonburi,898,Web,COD,15,1,4,0,<20,29.933333333333334,7.0,2.0,0.2857142857142857,0,9,5831.204285714286,0.3,0.7142857142857143,0.8571428571428571,0.0,0.0,0,0,0.0,873.47,1,1,1.0,873.47,1,1,1.0,38993.98,6,2,0.3333333333333333,0
LGS2ORD0049835,C012185,2026-01-30 16:00:00,Female,49,Silver,Web,Khon Kaen,1051,Web,Bank_Transfer,16,1,4,0,40-50,35.03333333333333,8.0,1.0,0.125,69,79,3562.7875,0.3,0.5,0.125,0.0,0.0,0,0,0.0,0.0,0,0,0.0,12398.22,3,1,0.3333333333333333,28502.3,8,1,0.125,0
LGS2ORD0049836,C017166,2026-01-30 16:00:00,Female,25,Bronze,TV,Khon Kaen,945,Lazada,Credit_Card,16,1,4,0,20-30,31.5,7.0,1.0,0.14285714285714285,303,0,3458.784285714286,0.23,0.5714285714285714,0.2857142857142857,0.0,648.65,1,0,0.0,1869.1100000000001,2,0,0.0,1869.1100000000001,2,0,0.0,24211.49,7,1,0.14285714285714285,1
LGS2ORD0049837,C016970,2026-01-30 16:00:00,Female,70,Bronze,Lazada,Chiang Mai,852,CallCenter,COD,16,1,4,0,>50,28.4,10.0,1.0,0.1,282,1,11039.592999999999,0.28,0.3,0.2,0.0,4565.22,1,0,0.0,4565.22,1,0,0.0,12879.07,2,0,0.0,110395.93,10,1,0.1,0
LGS2ORD0049838,C012205,2026-01-30 16:00:00,Male,31,Bronze,TV,Remote_Area,1219,Shopee,COD,16,1,4,0,30-40,40.63333333333333,9.0,2.0,0.2222222222222222,94,23,2883.584444444444,0.23,0.5555555555555556,0.2222222222222222,0.0,0.0,0,0,0.0,1180.55,1,0,0.0,1180.55,1,0,0.0,24114.579999999998,7,1,0.14285714285714285,0
LGS2ORD0049839,C011323,2026-01-30 16:00:00,Male,36,Silver,Web,Nakhon Ratchasima,979,Shopee,Credit_Card,16,1,4,0,30-40,32.63333333333333,8.0,1.0,0.125,368,95,7717.12,0.25,0.625,0.125,0.0,0.0,0,0,0.0,0.0,0,0,0.0,0.0,0,0,0.0,60352.45,7,0,0.0,1
LGS2ORD0049840,C016821,2026-01-30 17:00:00,Other,57,Bronze,Shopee,Chonburi,896,Web,COD,17,1,4,0,>50,29.866666666666667,9.0,1.0,0.1111111111111111,120,63,9637.47,0.23,0.6666666666666666,0.1111111111111111,0.0,0.0,0,0,0.0,0.0,0,0,0.0,7334.74,2,0,0.0,86737.23,9,1,0.1111111111111111,1
LGS2ORD0049841,C014700,2026-01-30 17:00:00,Female,48,Platinum,Web,Bangkok,1459,Lazada,Bank_Transfer,17,1,4,0,40-50,48.63333333333333,3.0,1.0,0.3333333333333333,262,83,5628.383333333334,0.3,0.0,0.3333333333333333,0.0,0.0,0,0,0.0,0.0,0,0,0.0,1458.04,1,0,0.0,16885.15,3,1,0.3333333333333333,0
LGS2ORD0049842,C012830,2026-01-30 17:00:00,Male,42,Bronze,TV,Khon Kaen,1400,TV_Show,COD,17,1,4,0,40-50,46.666666666666664,9.0,3.0,0.3333333333333333,153,43,4271.341111111111,0.23,0.6666666666666666,0.1111111111111111,0.0,0.0,0,0,0.0,0.0,0,0,0.0,7467.17,1,0,0.0,38442.07,9,3,0.3333333333333333,0
LGS2ORD0049843,C014763,2026-01-30 17:00:00,Female,27,Silver,Shopee,Remote_Area,756,Web,COD,17,1,4,0,20-30,25.2,3.0,0.0,0.0,-1,12,9947.303333333335,0.1,0.3333333333333333,0.0,0.0,0.0,0,0,0.0,3912.97,1,0,0.0,3912.97,1,0,0.0,23585.440000000002,2,0,0.0,1
LGS2ORD0049844,C017567,2026-01-30 17:00:00,Male,55,Bronze,TV,Bangkok,800,Lazada,COD,17,1,4,0,>50,26.666666666666668,9.0,4.0,0.4444444444444444,-6,2,3247.6277777777777,0.28,0.5555555555555556,0.4444444444444444,0.0,849.88,1,1,1.0,849.88,1,1,1.0,849.88,1,1,1.0,27961.21,8,3,0.375,0
LGS2ORD0049845,C014562,2026-01-30 18:00:00,Female,67,Silver,TV,Nakhon Ratchasima,1482,TV_Show,COD,18,1,4,0,>50,49.4,10.0,0.0,0.0,-1,82,4519.272000000001,0.25,0.5,0.2,0.0,0.0,0,0,0.0,0.0,0,0,0.0,2279.94,1,0,0.0,44089.37000000001,9,0,0.0,1
LGS2ORD0049846,C016959,2026-01-30 18:00:00,Male,32,Gold,Lazada,Khon Kaen,461,CallCenter,Credit_Card,18,1,4,0,30-40,15.366666666666667,3.0,0.0,0.0,-1,200,3178.7466666666674,0.2299999999999999,0.6666666666666666,0.3333333333333333,0.0,0.0,0,0,0.0,0.0,0,0,0.0,0.0,0,0,0.0,9536.240000000002,3,0,0.0,0
LGS2ORD0049847,C010037,2026-01-30 18:00:00,Male,36,Bronze,CallCenter,Bangkok,1162,Shopee,Bank_Transfer,18,1,4,0,30-40,38.733333333333334,5.0,2.0,0.4,187,161,9006.956,0.08,0.4,0.0,0.0,0.0,0,0,0.0,0.0,0,0,0.0,0.0,0,0,0.0,19318.600000000002,2,1,0.5,0
LGS2ORD0049848,C011742,2026-01-30 18:00:00,Female,53,Bronze,Web,Phuket,1161,CallCenter,Credit_Card,18,1,4,0,>50,38.7,8.0,3.0,0.375,29,29,5603.21375,0.23,0.75,0.125,0.0,0.0,0,0,0.0,1822.46,1,0,0.0,17520.47,6,2,0.3333333333333333,44825.71,8,3,0.375,0
LGS2ORD0049849,C010916,2026-01-30 18:00:00,Male,41,Bronze,CallCenter,Khon Kaen,493,Web,PromptPay,18,1,4,0,40-50,16.433333333333334,10.0,1.0,0.1,143,79,7280.191999999998,0.28,0.3,0.2,0.0,0.0,0,0,0.0,0.0,0,0,0.0,24324.379999999997,2,0,0.0,72801.91999999998,10,1,0.1,0
LGS2ORD0049850,C014780,2026-01-30 18:00:00,Female,46,Bronze,TV,Chiang Mai,1351,Web,Credit_Card,18,1,4,0,40-50,45.03333333333333,6.0,1.0,0.16666666666666666,238,150,4786.766666666667,0.18,0.5,0.0,0.16666666666666666,0.0,0,0,0.0,0.0,0,0,0.0,0.0,0,0,0.0,28720.600000000002,6,1,0.16666666666666666,0
LGS2ORD0049851,C014651,2026-01-30 19:00:00,Female,51,Gold,Shopee,Chonburi,479,TV_Show,PromptPay,19,1,4,0,>50,15.966666666666667,8.0,2.0,0.25,161,84,2612.50125,0.28,0.625,0.625,0.0,0.0,0,0,0.0,0.0,0,0,0.0,645.91,1,0,0.0,20900.01,8,2,0.25,0
LGS2ORD0049852,C011171,2026-01-30 19:00:00,Female,25,Platinum,Shopee,Chiang Mai,1767,CallCenter,Credit_Card,19,1,4,0,20-30,58.9,4.0,2.0,0.5,39,44,5168.165,0.35,0.5,1.0,0.0,0.0,0,0,0.0,0.0,0,0,0.0,17753.43,1,1,1.0,19086.72,3,2,0.6666666666666666,0
LGS2ORD0049853,C012079,2026-01-30 19:00:00,Female,39,Silver,Lazada,Remote_Area,533,CallCenter,COD,19,1,4,0,30-40,17.766666666666666,8.0,2.0,0.25,230,35,5329.2575,0.25,0.5,0.375,0.0,0.0,0,0,0.0,0.0,0,0,0.0,9056.73,2,0,0.0,42634.06,8,2,0.25,1
LGS2ORD0049854,C014086,2026-01-30 19:00:00,Male,50,Bronze,Web,Chonburi,1308,TV_Show,COD,19,1,4,0,40-50,43.6,13.0,2.0,0.15384615384615385,168,42,4857.3976923076925,0.28,0.38461538461538464,0.07692307692307693,0.0,0.0,0,0,0.0,0.0,0,0,0.0,11980.67,4,0,0.0,55065.84,12,2,0.16666666666666666,1
LGS2ORD0049855,C015786,2026-01-30 19:00:00,Male,52,Bronze,TV,Chiang Mai,1704,Shopee,Bank_Transfer,19,1,4,0,>50,56.8,3.0,0.0,0.0,-1,66,3848.09,0.28,0.3333333333333333,0.3333333333333333,0.0,0.0,0,0,0.0,0.0,0,0,0.0,915.21,1,0,0.0,11544.27,3,0,0.0,0
LGS2ORD0049856,C011857,2026-01-30 20:00:00,Male,37,Bronze,Web,Songkhla,1757,Lazada,COD,20,1,4,0,30-40,58.56666666666667,12.0,5.0,0.4166666666666667,58,61,6612.584999999999,0.28,0.75,0.25,0.0,0.0,0,0,0.0,0.0,0,0,0.0,3993.5,1,1,1.0,79351.01999999999,12,5,0.4166666666666667,1
LGS2ORD0049857,C014266,2026-01-30 20:00:00,Male,34,Silver,CallCenter,Bangkok,445,TV_Show,COD,20,1,4,0,30-40,14.833333333333334,9.0,5.0,0.5555555555555556,46,36,4053.9022222222216,0.25,0.3333333333333333,0.2222222222222222,0.0,0.0,0,0,0.0,0.0,0,0,0.0,9435.720000000001,3,2,0.6666666666666666,36485.119999999995,9,5,0.5555555555555556,0
LGS2ORD0049858,C010731,2026-01-30 20:00:00,Female,30,Silver,TV,Khon Kaen,774,Shopee,COD,20,1,4,0,20-30,25.8,9.0,3.0,0.3333333333333333,91,95,2528.7255555555553,0.3,0.7777777777777778,0.4444444444444444,0.0,0.0,0,0,0.0,0.0,0,0,0.0,0.0,0,0,0.0,19229.96,7,2,0.2857142857142857,0
LGS2ORD0049859,C010582,2026-01-30 20:00:00,Male,53,Bronze,Web,Phuket,1036,CallCenter,Credit_Card,20,1,4,0,>50,34.53333333333333,3.0,2.0,0.6666666666666666,0,8,3869.6966666666667,0.23,0.3333333333333333,0.3333333333333333,0.0,0.0,0,0,0.0,1238.62,1,1,1.0,1238.62,1,1,1.0,11609.09,3,2,0.6666666666666666,0
LGS2ORD0049860,C017572,2026-01-30 20:00:00,Female,41,Silver,Lazada,Chiang Mai,496,CallCenter,Credit_Card,20,1,4,0,40-50,16.533333333333335,6.0,2.0,0.3333333333333333,251,101,6213.62,0.25,0.6666666666666666,0.16666666666666666,0.0,0.0,0,0,0.0,0.0,0,0,0.0,0.0,0,0,0.0,28063.399999999998,4,2,0.5,0
LGS2ORD0049861,C015927,2026-01-30 21:00:00,Male,52,Bronze,Lazada,Bangkok,1329,TV_Show,Credit_Card,21,1,4,0,>50,44.3,4.0,1.0,0.25,262,274,7955.305,0.23,0.25,0.25,0.0,0.0,0,0,0.0,0.0,0,0,0.0,0.0,0,0,0.0,29626.32,3,1,0.3333333333333333,1
LGS2ORD0049862,C016030,2026-01-30 21:00:00,Female,36,Gold,TV,Bangkok,810,Lazada,PromptPay,21,1,4,0,30-40,27.0,5.0,0.0,0.0,-1,43,6882.935999999999,0.28,0.2,0.2,0.0,0.0,0,0,0.0,0.0,0,0,0.0,2201.41,1,0,0.0,34414.67999999999,5,0,0.0,0
LGS2ORD0049863,C017546,2026-01-30 21:00:00,Male,34,Gold,Shopee,Bangkok,1717,TV_Show,Bank_Transfer,21,1,4,0,30-40,57.233333333333334,5.0,0.0,0.0,-1,35,1494.5500000000002,0.2299999999999999,0.6,0.2,0.0,0.0,0,0,0.0,0.0,0,0,0.0,831.87,1,0,0.0,7472.750000000001,5,0,0.0,0
LGS2ORD0049864,C012125,2026-01-30 21:00:00,Female,51,Gold,Shopee,Chiang Mai,840,Lazada,Credit_Card,21,1,4,0,>50,28.0,5.0,2.0,0.4,252,71,5766.648,0.28,0.6,0.4,0.0,0.0,0,0,0.0,0.0,0,0,0.0,6870.12,1,0,0.0,21261.7,4,1,0.25,0
LGS2ORD0049865,C010537,2026-01-30 21:00:00,Female,64,Gold,TV,Songkhla,1689,Web,COD,21,1,4,0,>50,56.3,8.0,1.0,0.125,368,116,5655.79875,0.28,0.625,0.25,0.0,0.0,0,0,0.0,0.0,0,0,0.0,0.0,0,0,0.0,36286.12,7,0,0.0,1
LGS2ORD0049866,C013134,2026-01-30 22:00:00,Female,64,Bronze,TV,Remote_Area,1334,TV_Show,COD,22,1,4,0,>50,44.46666666666667,8.0,2.0,0.25,8,16,4993.10125,0.28,0.375,0.125,0.0,0.0,0,0,0.0,3506.7799999999997,2,2,1.0,17259.45,5,2,0.4,39944.81,8,2,0.25,0
LGS2ORD0049867,C013941,2026-01-30 22:00:00,Male,53,Gold,Lazada,Bangkok,739,TV_Show,COD,22,1,4,0,>50,24.633333333333333,5.0,0.0,0.0,-1,29,6871.231999999999,0.28,0.6,0.4,0.0,0.0,0,0,0.0,3385.61,1,0,0.0,22741.65,3,0,0.0,34356.159999999996,5,0,0.0,0
LGS2ORD0049868,C015424,2026-01-30 22:00:00,Male,37,Gold,Web,Khon Kaen,440,Lazada,PromptPay,22,1,4,0,30-40,14.666666666666666,7.0,1.0,0.14285714285714285,223,31,3947.8971428571426,0.28,0.5714285714285714,0.42857142857142855,0.0,0.0,0,0,0.0,0.0,0,0,0.0,1596.05,1,0,0.0,26519.69,6,1,0.16666666666666666,1
LGS2ORD0049869,C014694,2026-01-30 22:00:00,Female,40,Bronze,TV,Songkhla,1145,TV_Show,COD,22,1,4,0,30-40,38.166666666666664,7.0,4.0,0.5714285714285714,92,54,1461.7099999999998,0.23,0.7142857142857143,0.14285714285714285,0.0,0.0,0,0,0.0,0.0,0,0,0.0,3134.19,1,0,0.0,10231.97,7,4,0.5714285714285714,1
LGS2ORD0049870,C015832,2026-01-30 22:00:00,Female,42,Bronze,TV,Remote_Area,540,Lazada,COD,22,1,4,0,40-50,18.0,3.0,1.0,0.3333333333333333,384,119,3134.7999999999997,0.18,0.6666666666666666,0.0,0.0,0.0,0,0,0.0,0.0,0,0,0.0,0.0,0,0,0.0,7991.68,2,0,0.0,1
LGS2ORD0049871,C012593,2026-01-30 22:00:00,Female,45,Bronze,TV,Remote_Area,558,TV_Show,PromptPay,22,1,4,0,40-50,18.6,5.0,0.0,0.0,-1,101,7091.767999999999,0.23,0.6,0.2,0.0,0.0,0,0,0.0,0.0,0,0,0.0,0.0,0,0,0.0,35458.84,5,0,0.0,0
LGS2ORD0049872,C013610,2026-01-30 23:00:00,Female,48,Gold,Shopee,Nakhon Ratchasima,1754,Web,Credit_Card,23,1,4,0,40-50,58.46666666666667,6.0,1.0,0.16666666666666666,149,39,4088.598333333334,0.33,0.16666666666666666,0.5,0.0,0.0,0,0,0.0,0.0,0,0,0.0,1187.67,1,0,0.0,24531.590000000004,6,1,0.16666666666666666,0
LGS2ORD0049873,C014605,2026-01-30 23:00:00,Female,26,Silver,Shopee,Nakhon Ratchasima,1777,TV_Show,Credit_Card,23,1,4,0,20-30,59.233333333333334,6.0,0.0,0.0,-1,99,6433.605,0.25,0.5,0.16666666666666666,0.0,0.0,0,0,0.0,0.0,0,0,0.0,0.0,0,0,0.0,36331.06999999999,5,0,0.0,0
LGS2ORD0049874,C017427,2026-01-30 23:00:00,Female,33,Bronze,Lazada,Khon Kaen,1271,Web,COD,23,1,4,0,30-40,42.36666666666667,6.0,1.0,0.16666666666666666,62,71,10274.316666666668,0.23,0.16666666666666666,0.16666666666666666,0.0,0.0,0,0,0.0,0.0,0,0,0.0,1430.21,1,1,1.0,61645.9,6,1,0.16666666666666666,1
LGS2ORD0049875,C011560,2026-01-30 23:00:00,Female,52,Gold,TV,Nakhon Ratchasima,424,TV_Show,PromptPay,23,1,4,0,>50,14.133333333333333,11.0,5.0,0.45454545454545453,44,36,4174.016363636363,0.33,0.36363636363636365,0.36363636363636365,0.0,0.0,0,0,0.0,0.0,0,0,0.0,9209.51,3,1,0.3333333333333333,45914.17999999999,11,5,0.45454545454545453,0
LGS2ORD0049876,C014169,2026-01-30 23:00:00,Male,39,Bronze,Web,Bangkok,1683,Web,Credit_Card,23,1,4,0,30-40,56.1,13.0,2.0,0.15384615384615385,140,38,6143.055384615384,0.28,0.7692307692307693,0.15384615384615385,0.07692307692307693,0.0,0,0,0.0,0.0,0,0,0.0,1726.01,1,0,0.0,69354.23999999999,12,2,0.16666666666666666,0
LGS2ORD0049877,C012710,2026-01-31 00:00:00,Female,64,Bronze,TV,Remote_Area,1106,Lazada,COD,0,1,5,1,>50,36.86666666666667,3.0,3.0,1.0,-3,3,2537.4066666666668,0.28,0.6666666666666666,0.6666666666666666,0.0,1206.14,1,1,1.0,1206.14,1,1,1.0,1206.14,1,1,1.0,2860.23,2,2,1.0,0
LGS2ORD0049878,C012348,2026-01-31 00:00:00,Female,36,Bronze,CallCenter,Bangkok,847,TV_Show,Bank_Transfer,0,1,5,1,30-40,28.233333333333334,7.0,1.0,0.14285714285714285,156,168,3412.498571428572,0.28,0.8571428571428571,0.2857142857142857,0.0,0.0,0,0,0.0,0.0,0,0,0.0,0.0,0,0,0.0,23887.490000000005,7,1,0.14285714285714285,0
LGS2ORD0049879,C013099,2026-01-31 00:00:00,Male,23,Silver,Web,Khon Kaen,949,CallCenter,Bank_Transfer,0,1,5,1,20-30,31.633333333333333,7.0,0.0,0.0,-1,2,7801.0485714285705,0.3,0.42857142857142855,0.2857142857142857,0.0,1702.79,1,0,0.0,1702.79,1,0,0.0,1702.79,1,0,0.0,54607.34,7,0,0.0,0
LGS2ORD0049880,C015006,2026-01-31 00:00:00,Male,48,Silver,CallCenter,Nakhon Ratchasima,714,Lazada,PromptPay,0,1,5,1,40-50,23.8,9.0,3.0,0.3333333333333333,54,62,7181.282222222221,0.3,0.6666666666666666,0.2222222222222222,0.0,0.0,0,0,0.0,0.0,0,0,0.0,759.67,1,1,1.0,64631.53999999999,9,3,0.3333333333333333,0
LGS2ORD0049881,C017469,2026-01-31 00:00:00,Female,31,Silver,Shopee,Phuket,809,CallCenter,Credit_Card,0,1,5,1,30-40,26.966666666666665,4.0,1.0,0.25,77,91,8362.205,0.3,0.5,0.5,0.0,0.0,0,0,0.0,0.0,0,0,0.0,0.0,0,0,0.0,11172.45,3,1,0.3333333333333333,0
LGS2ORD0049882,C017894,2026-01-31 01:00:00,Female,42,Gold,Web,Bangkok,793,Lazada,Credit_Card,1,1,5,1,40-50,26.433333333333334,2.0,1.0,0.5,171,177,2170.335,0.33,0.5,1.0,0.0,0.0,0,0,0.0,0.0,0,0,0.0,0.0,0,0,0.0,4340.67,2,1,0.5,0
LGS2ORD0049883,C011016,2026-01-31 01:00:00,Male,47,Bronze,CallCenter,Bangkok,1592,TV_Show,COD,1,1,5,1,40-50,53.06666666666667,6.0,1.0,0.16666666666666666,228,46,1474.5349999999999,0.28,0.5,0.16666666666666666,0.0,0.0,0,0,0.0,0.0,0,0,0.0,697.97,1,0,0.0,8847.21,6,1,0.16666666666666666,0
LGS2ORD0049884,C010836,2026-01-31 01:00:00,Male,54,Bronze,Shopee,Phuket,1109,TV_Show,COD,1,1,5,1,>50,36.96666666666667,3.0,1.0,0.3333333333333333,337,79,2033.7833333333335,0.23,0.3333333333333333,0.3333333333333333,0.0,0.0,0,0,0.0,0.0,0,0,0.0,2912.93,1,0,0.0,6101.35,3,1,0.3333333333333333,1
LGS2ORD0049885,C016613,2026-01-31 01:00:00,Female,33,Silver,Web,Chiang Mai,593,Shopee,COD,1,1,5,1,30-40,19.766666666666666,5.0,0.0,0.0,-1,32,6129.735999999999,0.2,0.6,0.0,0.0,0.0,0,0,0.0,0.0,0,0,0.0,746.01,1,0,0.0,30648.679999999997,5,0,0.0,0
LGS2ORD0049886,C011355,2026-01-31 01:00:00,Male,49,Bronze,TV,Bangkok,1095,TV_Show,Credit_Card,1,1,5,1,40-50,36.5,5.0,1.0,0.2,130,58,6634.068000000001,0.23,0.4,0.2,0.0,0.0,0,0,0.0,0.0,0,0,0.0,1373.23,1,0,0.0,33170.340000000004,5,1,0.2,0
LGS2ORD0049887,C010986,2026-01-31 02:00:00,Male,37,Bronze,Shopee,Phuket,1416,TV_Show,COD,2,1,5,1,30-40,47.2,5.0,1.0,0.2,310,18,9020.189999999999,0.28,0.2,0.4,0.0,0.0,0,0,0.0,688.7,1,0,0.0,3371.1400000000003,2,0,0.0,45100.95,5,1,0.2,0
LGS2ORD0049888,C013706,2026-01-31 02:00:00,Female,45,Gold,CallCenter,Chonburi,1570,Web,COD,2,1,5,1,40-50,52.333333333333336,4.0,0.0,0.0,-1,36,6081.735,0.2299999999999999,0.25,0.25,0.0,0.0,0,0,0.0,0.0,0,0,0.0,920.24,1,0,0.0,24326.94,4,0,0.0,0
LGS2ORD0049889,C014213,2026-01-31 02:00:00,Male,50,Silver,Shopee,Chonburi,1750,Lazada,Bank_Transfer,2,1,5,1,40-50,58.333333333333336,5.0,3.0,0.6,23,31,2000.148,0.25,0.6,0.4,0.0,0.0,0,0,0.0,0.0,0,0,0.0,1068.73,2,2,1.0,10000.74,5,3,0.6,0
LGS2ORD0049890,C011188,2026-01-31 02:00:00,Male,53,Silver,Shopee,Bangkok,1137,Web,COD,2,1,5,1,>50,37.9,1.0,1.0,1.0,391,393,1032.35,0.25,0.0,1.0,0.0,0.0,0,0,0.0,0.0,0,0,0.0,0.0,0,0,0.0,0.0,0,0,0.0,0
LGS2ORD0049891,C017775,2026-01-31 02:00:00,Female,53,Bronze,Web,Bangkok,1706,Lazada,COD,2,1,5,1,>50,56.86666666666667,6.0,2.0,0.3333333333333333,82,82,6174.771666666667,0.18,0.3333333333333333,0.0,0.0,0.0,0,0,0.0,0.0,0,0,0.0,12855.55,2,1,0.5,37048.630000000005,6,2,0.3333333333333333,0
LGS2ORD0049892,C011223,2026-01-31 02:00:00,Female,34,Silver,TV,Bangkok,1176,Web,Bank_Transfer,2,1,5,1,30-40,39.2,3.0,0.0,0.0,-1,129,1861.3966666666665,0.25,1.0,0.3333333333333333,0.0,0.0,0,0,0.0,0.0,0,0,0.0,0.0,0,0,0.0,5584.19,3,0,0.0,0
LGS2ORD0049893,C012290,2026-01-31 03:00:00,Female,51,Gold,Web,Chonburi,1210,Shopee,Credit_Card,3,1,5,1,>50,40.333333333333336,5.0,0.0,0.0,-1,111,1691.352,0.2299999999999999,0.4,0.4,0.0,0.0,0,0,0.0,0.0,0,0,0.0,0.0,0,0,0.0,6202.72,3,0,0.0,1
LGS2ORD0049894,C013366,2026-01-31 03:00:00,Female,54,Platinum,TV,Chonburi,922,TV_Show,COD,3,1,5,1,>50,30.733333333333334,6.0,0.0,0.0,-1,63,11013.955,0.3,0.6666666666666666,0.5,0.0,0.0,0,0,0.0,0.0,0,0,0.0,2308.48,1,0,0.0,42405.3,4,0,0.0,1
LGS2ORD0049895,C016084,2026-01-31 03:00:00,Female,50,Bronze,Lazada,Bangkok,683,Web,COD,3,1,5,1,40-50,22.766666666666666,7.0,4.0,0.5714285714285714,-1,1,7892.841428571429,0.28,0.7142857142857143,0.42857142857142855,0.0,570.52,1,1,1.0,570.52,1,1,1.0,15192.85,2,1,0.5,55249.89,7,4,0.5714285714285714,0
LGS2ORD0049896,C013817,2026-01-31 03:00:00,Male,57,Gold,Lazada,Bangkok,1494,Lazada,COD,3,1,5,1,>50,49.8,1.0,0.0,0.0,-1,314,814.29,0.2299999999999999,0.0,1.0,0.0,0.0,0,0,0.0,0.0,0,0,0.0,0.0,0,0,0.0,814.29,1,0,0.0,0
LGS2ORD0049897,C014231,2026-01-31 03:00:00,Male,31,Silver,TV,Chonburi,841,CallCenter,Credit_Card,3,1,5,1,30-40,28.033333333333335,2.0,0.0,0.0,-1,287,4526.99,0.25,0.5,0.5,0.0,0.0,0,0,0.0,0.0,0,0,0.0,0.0,0,0,0.0,9053.98,2,0,0.0,0
LGS2ORD0049898,C013770,2026-01-31 04:00:00,Male,46,Bronze,Shopee,Bangkok,1673,TV_Show,COD,4,1,5,1,40-50,55.766666666666666,3.0,1.0,0.3333333333333333,307,82,6734.5,0.28,0.3333333333333333,0.3333333333333333,0.0,0.0,0,0,0.0,0.0,0,0,0.0,10618.64,1,0,0.0,20203.5,3,1,0.3333333333333333,0
LGS2ORD0049899,C013668,2026-01-31 04:00:00,Female,41,Platinum,TV,Remote_Area,446,Web,COD,4,1,5,1,40-50,14.866666666666667,4.0,0.0,0.0,-1,30,8810.782500000001,0.35,0.5,0.5,0.0,0.0,0,0,0.0,0.0,0,0,0.0,3326.83,1,0,0.0,35243.130000000005,4,0,0.0,1
LGS2ORD0049900,C011438,2026-01-31 04:00:00,Female,33,Gold,Web,Bangkok,1376,Lazada,PromptPay,4,1,5,1,30-40,45.86666666666667,3.0,2.0,0.6666666666666666,77,85,3303.1666666666665,0.33,0.3333333333333333,0.3333333333333333,0.0,0.0,0,0,0.0,0.0,0,0,0.0,3924.64,1,1,1.0,9909.5,3,2,0.6666666666666666,0
LGS2ORD0049901,C015574,2026-01-31 04:00:00,Female,42,Bronze,TV,Nakhon Ratchasima,1458,CallCenter,COD,4,1,5,1,40-50,48.6,1.0,0.0,0.0,-1,253,1806.62,0.23,1.0,1.0,0.0,0.0,0,0,0.0,0.0,0,0,0.0,0.0,0,0,0.0,1806.62,1,0,0.0,0
LGS2ORD0049902,C014052,2026-01-31 04:00:00,Male,38,Bronze,Web,Nakhon Ratchasima,1069,Web,Credit_Card,4,1,5,1,30-40,35.63333333333333,7.0,3.0,0.42857142857142855,180,98,4450.298571428572,0.28,0.5714285714285714,0.14285714285714285,0.0,0.0,0,0,0.0,0.0,0,0,0.0,0.0,0,0,0.0,31152.090000000004,7,3,0.42857142857142855,0
LGS2ORD0049903,C017030,2026-01-31 05:00:00,Male,46,Gold,Lazada,Chiang Mai,479,Shopee,Bank_Transfer,5,1,5,1,40-50,15.966666666666667,3.0,0.0,0.0,-1,60,7126.669999999999,0.28,0.6666666666666666,0.3333333333333333,0.0,0.0,0,0,0.0,0.0,0,0,0.0,2948.84,1,0,0.0,21380.01,3,0,0.0,0
LGS2ORD0049904,C017164,2026-01-31 05:00:00,Female,41,Bronze,CallCenter,Bangkok,542,Web,PromptPay,5,1,5,1,40-50,18.066666666666666,5.0,1.0,0.2,211,10,3245.362,0.18,0.2,0.0,0.0,0.0,0,0,0.0,1822.69,1,0,0.0,1822.69,1,0,0.0,12104.77,4,1,0.25,1
LGS2ORD0049905,C016548,2026-01-31 05:00:00,Female,33,Bronze,Lazada,Nakhon Ratchasima,1029,TV_Show,Bank_Transfer,5,1,5,1,30-40,34.3,5.0,1.0,0.2,12,4,12397.224,0.18,0.8,0.0,0.0,5996.7,1,0,0.0,7900.21,2,1,0.5,7900.21,2,1,0.5,61986.12,5,1,0.2,0
LGS2ORD0049906,C016267,2026-01-31 05:00:00,Female,49,Silver,TV,Bangkok,1338,Web,COD,5,1,5,1,40-50,44.6,6.0,0.0,0.0,-1,48,8827.03,0.15,0.16666666666666666,0.0,0.0,0.0,0,0,0.0,0.0,0,0,0.0,11937.17,2,0,0.0,14062.57,3,0,0.0,1
LGS2ORD0049907,C016004,2026-01-31 05:00:00,Female,41,Bronze,CallCenter,Khon Kaen,870,Shopee,COD,5,1,5,1,40-50,29.0,3.0,0.0,0.0,-1,74,15765.123333333335,0.23,0.3333333333333333,0.3333333333333333,0.0,0.0,0,0,0.0,0.0,0,0,0.0,1931.94,1,0,0.0,47295.37,3,0,0.0,1
LGS2ORD0049908,C012990,2026-01-31 06:00:00,Male,64,Bronze,CallCenter,Khon Kaen,873,TV_Show,COD,6,1,5,1,>50,29.1,11.0,1.0,0.09090909090909091,260,1,6389.978181818181,0.28,0.8181818181818182,0.2727272727272727,0.0,220.2,1,0,0.0,972.04,2,0,0.0,18846.7,4,0,0.0,45925.61,8,1,0.125,0
LGS2ORD0049909,C015671,2026-01-31 06:00:00,Female,49,Platinum,Web,Khon Kaen,1512,TV_Show,COD,6,1,5,1,40-50,50.4,4.0,1.0,0.25,85,47,1904.6249999999998,0.35,0.25,0.5,0.0,0.0,0,0,0.0,0.0,0,0,0.0,1291.61,1,0,0.0,7618.499999999999,4,1,0.25,1
LGS2ORD0049910,C013100,2026-01-31 06:00:00,Male,41,Silver,Lazada,Songkhla,602,Web,Credit_Card,6,1,5,1,40-50,20.066666666666666,4.0,3.0,0.75,7,23,4931.3724999999995,0.25,0.5,0.25,0.0,0.0,0,0,0.0,1970.08,1,1,1.0,1970.08,1,1,1.0,15110.23,3,3,1.0,1
LGS2ORD0049911,C015928,2026-01-31 06:00:00,Male,66,Bronze,Shopee,Bangkok,1656,TV_Show,COD,6,1,5,1,>50,55.2,5.0,2.0,0.4,72,3,4488.746,0.23,0.8,0.2,0.0,696.12,1,0,0.0,696.12,1,0,0.0,1288.28,2,1,0.5,22443.73,5,2,0.4,1
LGS2ORD0049912,C012148,2026-01-31 06:00:00,Female,38,Silver,CallCenter,Nakhon Ratchasima,1848,CallCenter,Credit_Card,6,1,5,1,30-40,61.6,8.0,3.0,0.375,92,23,3046.4100000000003,0.25,0.375,0.375,0.0,0.0,0,0,0.0,690.18,1,0,0.0,690.18,1,0,0.0,22810.32,7,3,0.42857142857142855,1
LGS2ORD0049913,C013462,2026-01-31 06:00:00,Female,57,Bronze,CallCenter,Chonburi,897,TV_Show,COD,6,1,5,1,>50,29.9,10.0,4.0,0.4,159,7,6206.514000000001,0.23,0.5,0.1,0.0,0.0,0,0,0.0,11105.99,1,0,0.0,11105.99,1,0,0.0,59994.81999999999,9,4,0.4444444444444444,0
LGS2ORD0049914,C011774,2026-01-31 07:00:00,Male,70,Silver,TV,Nakhon Ratchasima,548,TV_Show,COD,7,1,5,1,>50,18.266666666666666,9.0,2.0,0.2222222222222222,212,72,6624.12,0.3,0.7777777777777778,0.3333333333333333,0.0,0.0,0,0,0.0,0.0,0,0,0.0,1992.53,1,0,0.0,58780.31,8,2,0.25,0
LGS2ORD0049915,C017846,2026-01-31 07:00:00,Female,54,Gold,TV,Songkhla,712,Shopee,Bank_Transfer,7,1,5,1,>50,23.733333333333334,10.0,2.0,0.2,161,10,10497.492999999999,0.33,0.6,0.1,0.0,0.0,0,0,0.0,45582.62,1,0,0.0,45582.62,1,0,0.0,82474.29000000001,7,2,0.2857142857142857,0
LGS2ORD0049916,C012739,2026-01-31 07:00:00,Male,56,Bronze,TV,Remote_Area,1591,Web,COD,7,1,5,1,>50,53.03333333333333,9.0,3.0,0.3333333333333333,0,9,8462.996666666666,0.23,0.7777777777777778,0.2222222222222222,0.0,0.0,0,0,0.0,27316.66,3,2,0.6666666666666666,27316.66,3,2,0.6666666666666666,76166.97,9,3,0.3333333333333333,0
LGS2ORD0049917,C015045,2026-01-31 07:00:00,Male,39,Bronze,Shopee,Phuket,937,TV_Show,COD,7,1,5,1,30-40,31.233333333333334,10.0,6.0,0.6,1,15,4587.999,0.23,0.5,0.1,0.0,0.0,0,0,0.0,2544.67,1,1,1.0,6536.63,2,1,0.5,45879.99,10,6,0.6,0
LGS2ORD0049918,C013335,2026-01-31 07:00:00,Male,45,Platinum,Lazada,Remote_Area,1428,CallCenter,COD,7,1,5,1,40-50,47.6,10.0,3.0,0.3,114,43,4544.951999999999,0.35,0.6,0.3,0.0,0.0,0,0,0.0,0.0,0,0,0.0,3952.2599999999998,2,0,0.0,45449.52,10,3,0.3,1
LGS2ORD0049919,C013906,2026-01-31 08:00:00,Female,37,Bronze,Shopee,Bangkok,1015,Web,COD,8,1,5,1,30-40,33.833333333333336,11.0,3.0,0.2727272727272727,146,12,6804.431818181818,0.23,0.45454545454545453,0.2727272727272727,0.0,0.0,0,0,0.0,4663.92,1,0,0.0,15245.76,2,0,0.0,74848.75,11,3,0.2727272727272727,0
LGS2ORD0049920,C011787,2026-01-31 08:00:00,Female,46,Silver,Web,Bangkok,1657,Shopee,Bank_Transfer,8,1,5,1,40-50,55.233333333333334,3.0,1.0,0.3333333333333333,362,211,6631.376666666667,0.25,0.6666666666666666,0.3333333333333333,0.0,0.0,0,0,0.0,0.0,0,0,0.0,0.0,0,0,0.0,18620.72,2,0,0.0,0
LGS2ORD0049921,C015801,2026-01-31 08:00:00,Male,49,Bronze,Shopee,Bangkok,721,Web,Credit_Card,8,1,5,1,40-50,24.033333333333335,3.0,1.0,0.3333333333333333,212,18,7844.786666666667,0.18,1.0,0.0,0.0,0.0,0,0,0.0,4661.25,1,0,0.0,4661.25,1,0,0.0,23534.36,3,1,0.3333333333333333,0
LGS2ORD0049922,C012030,2026-01-31 08:00:00,Male,52,Bronze,TV,Bangkok,477,Web,COD,8,1,5,1,>50,15.9,5.0,0.0,0.0,-1,66,5737.052000000001,0.23,0.2,0.2,0.0,0.0,0,0,0.0,0.0,0,0,0.0,14729.67,2,0,0.0,28685.260000000002,5,0,0.0,0
LGS2ORD0049923,C013598,2026-01-31 08:00:00,Male,27,Bronze,CallCenter,Phuket,1774,Web,PromptPay,8,1,5,1,20-30,59.13333333333333,5.0,0.0,0.0,-1,5,6860.428,0.18,0.6,0.0,0.0,14012.41,1,0,0.0,20225.37,2,0,0.0,27019.66,3,0,0.0,29088.06,4,0,0.0,0
LGS2ORD0049924,C017193,2026-01-31 09:00:00,Female,47,Gold,Web,Bangkok,575,Lazada,Credit_Card,9,1,5,1,40-50,19.166666666666668,4.0,0.0,0.0,-1,157,7860.625,0.18,0.25,0.0,0.0,0.0,0,0,0.0,0.0,0,0,0.0,0.0,0,0,0.0,14622.75,2,0,0.0,0
LGS2ORD0049925,C012249,2026-01-31 09:00:00,Female,37,Bronze,Shopee,Songkhla,1004,Shopee,Credit_Card,9,1,5,1,30-40,33.46666666666667,5.0,2.0,0.4,319,113,2314.666,0.23,0.2,0.4,0.0,0.0,0,0,0.0,0.0,0,0,0.0,0.0,0,0,0.0,4264.700000000001,4,1,0.25,0
LGS2ORD0049926,C013974,2026-01-31 09:00:00,Male,32,Bronze,TV,Bangkok,1656,Web,Credit_Card,9,1,5,1,30-40,55.2,5.0,2.0,0.4,176,189,8708.096,0.23,0.6,0.2,0.0,0.0,0,0,0.0,0.0,0,0,0.0,0.0,0,0,0.0,43540.479999999996,5,2,0.4,0
LGS2ORD0049927,C011714,2026-01-31 09:00:00,Female,35,Silver,Web,Bangkok,1336,Web,Credit_Card,9,1,5,1,30-40,44.53333333333333,8.0,3.0,0.375,59,29,4976.5,0.25,0.375,0.25,0.125,0.0,0,0,0.0,10238.63,1,0,0.0,11882.9,2,1,0.5,21348.949999999997,6,2,0.3333333333333333,0
LGS2ORD0049928,C011430,2026-01-31 09:00:00,Female,45,Silver,Lazada,Chiang Mai,1658,Shopee,COD,9,1,5,1,40-50,55.266666666666666,7.0,1.0,0.14285714285714285,45,53,3131.107142857142,0.3,0.5714285714285714,0.2857142857142857,0.0,0.0,0,0,0.0,0.0,0,0,0.0,3518.33,2,1,0.5,18758.739999999998,5,1,0.2,0
LGS2ORD0049929,C012565,2026-01-31 10:00:00,Male,58,Platinum,Web,Remote_Area,1652,Web,COD,10,1,5,1,>50,55.06666666666667,4.0,1.0,0.25,177,44,6631.5225,0.25,0.5,0.25,0.0,0.0,0,0,0.0,0.0,0,0,0.0,4336.96,1,0,0.0,26526.09,4,1,0.25,0
LGS2ORD0049930,C011617,2026-01-31 10:00:00,Female,31,Gold,Shopee,Bangkok,1113,Shopee,COD,10,1,5,1,30-40,37.1,2.0,1.0,0.5,276,60,6226.705,0.18,0.5,0.0,0.0,0.0,0,0,0.0,0.0,0,0,0.0,9992.91,1,0,0.0,12453.41,2,1,0.5,0
LGS2ORD0049931,C010578,2026-01-31 10:00:00,Female,52,Bronze,TV,Chiang Mai,1010,Lazada,COD,10,1,5,1,>50,33.666666666666664,7.0,4.0,0.5714285714285714,4,18,2887.9957142857143,0.18,0.5714285714285714,0.0,0.0,0.0,0,0,0.0,3305.44,1,1,1.0,3913.27,2,1,0.5,20215.97,7,4,0.5714285714285714,0
LGS2ORD0049932,C012369,2026-01-31 10:00:00,Female,53,Bronze,Shopee,Phuket,553,Lazada,Bank_Transfer,10,1,5,1,>50,18.433333333333334,5.0,1.0,0.2,220,47,5186.530000000001,0.28,0.6,0.2,0.0,0.0,0,0,0.0,0.0,0,0,0.0,9776.32,1,0,0.0,25932.65,5,1,0.2,1
LGS2ORD0049933,C011463,2026-01-31 10:00:00,Female,51,Bronze,TV,Bangkok,1692,TV_Show,COD,10,1,5,1,>50,56.4,7.0,1.0,0.14285714285714285,195,44,4957.441428571428,0.28,0.7142857142857143,0.2857142857142857,0.0,0.0,0,0,0.0,0.0,0,0,0.0,8206.43,2,0,0.0,18507.85,6,1,0.16666666666666666,1
LGS2ORD0049934,C011023,2026-01-31 10:00:00,Female,38,Gold,Lazada,Bangkok,830,Shopee,COD,10,1,5,1,30-40,27.666666666666668,4.0,1.0,0.25,276,175,3949.1250000000005,0.33,0.5,0.25,0.0,0.0,0,0,0.0,0.0,0,0,0.0,0.0,0,0,0.0,15796.500000000002,4,1,0.25,0
LGS2ORD0049935,C014207,2026-01-31 11:00:00,Male,28,Bronze,Lazada,Bangkok,1197,CallCenter,COD,11,1,5,1,20-30,39.9,4.0,1.0,0.25,357,8,5601.41,0.08,0.5,0.0,0.0,0.0,0,0,0.0,3550.34,1,0,0.0,3550.34,1,0,0.0,14665.31,2,0,0.0,0
LGS2ORD0049936,C015867,2026-01-31 11:00:00,Male,46,Silver,Lazada,Bangkok,1202,TV_Show,COD,11,1,5,1,40-50,40.06666666666667,7.0,2.0,0.2857142857142857,228,64,4531.485714285714,0.3,0.7142857142857143,0.5714285714285714,0.0,0.0,0,0,0.0,0.0,0,0,0.0,10344.23,2,0,0.0,31720.399999999994,7,2,0.2857142857142857,0
LGS2ORD0049937,C013229,2026-01-31 11:00:00,Male,50,Gold,Shopee,Remote_Area,1101,Shopee,COD,11,1,5,1,40-50,36.7,6.0,2.0,0.3333333333333333,2,9,5983.403333333333,0.28,0.6666666666666666,0.16666666666666666,0.0,0.0,0,0,0.0,2512.86,1,1,1.0,4626.91,2,1,0.5,33549.77,5,2,0.4,0
LGS2ORD0049938,C013755,2026-01-31 11:00:00,Female,34,Silver,Shopee,Chiang Mai,974,CallCenter,Credit_Card,11,1,5,1,30-40,32.46666666666667,10.0,1.0,0.1,329,33,8620.273,0.3,0.3,0.4,0.0,0.0,0,0,0.0,0.0,0,0,0.0,13842.27,3,0,0.0,86202.73,10,1,0.1,0
LGS2ORD0049939,C013007,2026-01-31 11:00:00,Female,33,Silver,Web,Bangkok,1445,Shopee,PromptPay,11,1,5,1,30-40,48.166666666666664,4.0,1.0,0.25,90,102,3546.13,0.3,0.25,0.25,0.0,0.0,0,0,0.0,0.0,0,0,0.0,0.0,0,0,0.0,14184.52,4,1,0.25,0
LGS2ORD0049940,C016032,2026-01-31 12:00:00,Male,41,Bronze,CallCenter,Songkhla,949,Shopee,Credit_Card,12,1,5,1,40-50,31.633333333333333,9.0,2.0,0.2222222222222222,123,20,6329.716666666666,0.28,0.6666666666666666,0.2222222222222222,0.0,0.0,0,0,0.0,4453.83,1,0,0.0,4453.83,1,0,0.0,56967.45,9,2,0.2222222222222222,0
LGS2ORD0049941,C017475,2026-01-31 12:00:00,Female,22,Silver,Shopee,Bangkok,1277,CallCenter,COD,12,1,5,1,20-30,42.56666666666667,8.0,0.0,0.0,-1,60,7510.06,0.3,0.5,0.125,0.0,0.0,0,0,0.0,0.0,0,0,0.0,9206.07,1,0,0.0,46329.54,7,0,0.0,0
LGS2ORD0049942,C010832,2026-01-31 12:00:00,Female,37,Gold,TV,Songkhla,691,Shopee,COD,12,1,5,1,30-40,23.033333333333335,11.0,1.0,0.09090909090909091,25,4,7930.369090909091,0.33,0.5454545454545454,0.36363636363636365,0.0,2689.47,1,0,0.0,6834.219999999999,2,0,0.0,23838.06,4,1,0.25,84178.05,10,1,0.1,1
LGS2ORD0049943,C015568,2026-01-31 12:00:00,Male,59,Bronze,Shopee,Khon Kaen,1685,CallCenter,PromptPay,12,1,5,1,>50,56.166666666666664,9.0,0.0,0.0,-1,9,10334.644444444442,0.28,0.4444444444444444,0.3333333333333333,0.0,0.0,0,0,0.0,13854.970000000001,2,0,0.0,18104.170000000002,3,0,0.0,87682.73000000001,8,0,0.0,0
LGS2ORD0049944,C011294,2026-01-31 12:00:00,Female,29,Silver,TV,Bangkok,1178,Shopee,PromptPay,12,1,5,1,20-30,39.266666666666666,11.0,2.0,0.18181818181818182,196,5,6363.630909090908,0.3,0.5454545454545454,0.2727272727272727,0.0,3850.26,1,0,0.0,37414.42,4,0,0.0,41465.75,5,0,0.0,69999.93999999999,11,2,0.18181818181818182,0
LGS2ORD0049945,C013545,2026-01-31 13:00:00,Female,39,Gold,TV,Bangkok,1205,Lazada,Credit_Card,13,1,5,1,30-40,40.166666666666664,2.0,0.0,0.0,-1,6,2303.6150000000002,0.2299999999999999,0.5,0.5,0.0,4270.47,1,0,0.0,4270.47,1,0,0.0,4607.2300000000005,2,0,0.0,4607.2300000000005,2,0,0.0,0
LGS2ORD0049946,C011926,2026-01-31 13:00:00,Male,47,Silver,Web,Nakhon Ratchasima,1123,TV_Show,PromptPay,13,1,5,1,40-50,37.43333333333333,4.0,1.0,0.25,265,75,5262.5275,0.15,0.5,0.0,0.0,0.0,0,0,0.0,0.0,0,0,0.0,3480.16,1,0,0.0,21050.11,4,1,0.25,0
LGS2ORD0049947,C011917,2026-01-31 13:00:00,Male,48,Silver,TV,Bangkok,1243,Lazada,COD,13,1,5,1,40-50,41.43333333333333,6.0,2.0,0.3333333333333333,272,73,4882.128333333333,0.25,0.6666666666666666,0.5,0.0,0.0,0,0,0.0,0.0,0,0,0.0,10579.58,1,0,0.0,29292.769999999997,6,2,0.3333333333333333,1
LGS2ORD0049948,C010895,2026-01-31 13:00:00,Female,37,Bronze,Lazada,Chonburi,1222,TV_Show,PromptPay,13,1,5,1,30-40,40.733333333333334,6.0,1.0,0.16666666666666666,174,115,5399.14,0.28,0.6666666666666666,0.3333333333333333,0.0,0.0,0,0,0.0,0.0,0,0,0.0,0.0,0,0,0.0,23655.15,4,1,0.25,0
LGS2ORD0049949,C011406,2026-01-31 13:00:00,Female,60,Gold,TV,Phuket,855,Lazada,PromptPay,13,1,5,1,>50,28.5,3.0,0.0,0.0,-1,54,1392.6166666666668,0.2299999999999999,0.3333333333333333,0.3333333333333333,0.0,0.0,0,0,0.0,0.0,0,0,0.0,240.01,1,0,0.0,4177.85,3,0,0.0,0
LGS2ORD0049950,C016897,2026-01-31 13:00:00,Male,56,Silver,TV,Chiang Mai,1245,Web,COD,13,1,5,1,>50,41.5,11.0,2.0,0.18181818181818182,62,1,6383.566363636363,0.3,0.36363636363636365,0.2727272727272727,0.0,38495.27,1,0,0.0,38495.27,1,0,0.0,51040.049999999996,3,1,0.3333333333333333,70219.23,11,2,0.18181818181818182,0
LGS2ORD0049951,C017811,2026-01-31 14:00:00,Female,26,Silver,Shopee,Songkhla,864,Lazada,COD,14,1,5,1,20-30,28.8,13.0,6.0,0.46153846153846156,17,30,6948.338461538461,0.3,0.7692307692307693,0.38461538461538464,0.0,0.0,0,0,0.0,0.0,0,0,0.0,11495.52,5,3,0.6,88750.62999999998,12,6,0.5,1
LGS2ORD0049952,C017759,2026-01-31 14:00:00,Male,45,Bronze,CallCenter,Chonburi,976,CallCenter,COD,14,1,5,1,40-50,32.53333333333333,7.0,1.0,0.14285714285714285,183,65,5737.671428571428,0.23,0.7142857142857143,0.14285714285714285,0.0,0.0,0,0,0.0,0.0,0,0,0.0,8471.12,2,0,0.0,11510.03,4,1,0.25,0
LGS2ORD0049953,C010571,2026-01-31 14:00:00,Female,38,Bronze,Web,Chonburi,412,TV_Show,Credit_Card,14,1,5,1,30-40,13.733333333333333,4.0,1.0,0.25,349,198,7170.8049999999985,0.13,0.5,0.0,0.0,0.0,0,0,0.0,0.0,0,0,0.0,0.0,0,0,0.0,27742.17,3,1,0.3333333333333333,0
LGS2ORD0049954,C017062,2026-01-31 14:00:00,Female,18,Gold,CallCenter,Nakhon Ratchasima,1375,CallCenter,Bank_Transfer,14,1,5,1,<20,45.833333333333336,6.0,0.0,0.0,-1,57,7668.736666666667,0.28,0.5,0.3333333333333333,0.0,0.0,0,0,0.0,0.0,0,0,0.0,7121.54,3,0,0.0,46012.42,6,0,0.0,0
LGS2ORD0049955,C017192,2026-01-31 14:00:00,Male,33,Gold,Web,Chiang Mai,588,Web,COD,14,1,5,1,30-40,19.6,6.0,0.0,0.0,-1,134,4663.6483333333335,0.33,0.5,0.5,0.0,0.0,0,0,0.0,0.0,0,0,0.0,0.0,0,0,0.0,27981.89,6,0,0.0,1
LGS2ORD0049956,C015778,2026-01-31 15:00:00,Female,38,Gold,Web,Khon Kaen,1576,Lazada,Credit_Card,15,1,5,1,30-40,52.53333333333333,5.0,2.0,0.4,83,100,5200.676,0.28,0.6,0.4,0.0,0.0,0,0,0.0,0.0,0,0,0.0,0.0,0,0,0.0,26003.38,5,2,0.4,0
LGS2ORD0049957,C014696,2026-01-31 15:00:00,Female,44,Bronze,TV,Chiang Mai,1104,CallCenter,Credit_Card,15,1,5,1,40-50,36.8,4.0,1.0,0.25,42,52,9401.8475,0.23,0.5,0.25,0.0,0.0,0,0,0.0,0.0,0,0,0.0,1370.06,1,1,1.0,37607.39,4,1,0.25,0
LGS2ORD0049958,C015415,2026-01-31 15:00:00,Female,31,Silver,CallCenter,Nakhon Ratchasima,448,Web,COD,15,1,5,1,30-40,14.933333333333334,7.0,2.0,0.2857142857142857,185,13,2776.44,0.3,0.5714285714285714,0.14285714285714285,0.0,0.0,0,0,0.0,1205.22,1,0,0.0,1205.22,1,0,0.0,19435.08,7,2,0.2857142857142857,0
LGS2ORD0049959,C017741,2026-01-31 15:00:00,Male,34,Silver,Lazada,Chiang Mai,1802,TV_Show,Credit_Card,15,1,5,1,30-40,60.06666666666667,9.0,3.0,0.3333333333333333,14,9,4040.26,0.3,0.6666666666666666,0.1111111111111111,0.0,0.0,0,0,0.0,5012.61,2,1,0.5,8671.54,3,1,0.3333333333333333,31719.53,8,2,0.25,1
LGS2ORD0049960,C010593,2026-01-31 15:00:00,Male,26,Bronze,TV,Phuket,1359,Shopee,COD,15,1,5,1,20-30,45.3,7.0,3.0,0.42857142857142855,87,65,5242.047142857143,0.23,0.42857142857142855,0.42857142857142855,0.14285714285714285,0.0,0,0,0.0,0.0,0,0,0.0,2405.51,1,0,0.0,34555.01,6,3,0.5,1
LGS2ORD0049961,C017194,2026-01-31 16:00:00,Male,43,Silver,TV,Bangkok,1269,CallCenter,COD,16,1,5,1,40-50,42.3,9.0,0.0,0.0,-1,14,1934.041111111111,0.3,0.4444444444444444,0.1111111111111111,0.0,0.0,0,0,0.0,2080.0699999999997,2,0,0.0,2954.24,3,0,0.0,14024.839999999998,8,0,0.0,0
LGS2ORD0049962,C012348,2026-01-31 16:00:00,Female,36,Bronze,CallCenter,Bangkok,847,Web,COD,16,1,5,1,30-40,28.233333333333334,8.0,1.0,0.125,157,0,3442.255,0.28,0.75,0.25,0.0,3650.55,1,0,0.0,3650.55,1,0,0.0,3650.55,1,0,0.0,27538.04,8,1,0.125,0
LGS2ORD0049963,C017582,2026-01-31 16:00:00,Male,42,Bronze,TV,Phuket,452,TV_Show,Bank_Transfer,16,1,5,1,40-50,15.066666666666666,9.0,3.0,0.3333333333333333,-9,3,4407.938888888889,0.28,0.4444444444444444,0.2222222222222222,0.0,749.45,1,1,1.0,749.45,1,1,1.0,749.45,1,1,1.0,35406.94,8,3,0.375,0
LGS2ORD0049964,C010716,2026-01-31 16:00:00,Female,44,Platinum,Lazada,Chiang Mai,905,CallCenter,Credit_Card,16,1,5,1,40-50,30.166666666666668,6.0,2.0,0.3333333333333333,3,5,1233.7266666666667,0.35,0.3333333333333333,0.6666666666666666,0.0,915.64,1,1,1.0,915.64,1,1,1.0,2423.04,2,1,0.5,6715.240000000001,5,2,0.4,0
LGS2ORD0049965,C011182,2026-01-31 16:00:00,Female,31,Silver,Lazada,Remote_Area,1662,Shopee,COD,16,1,5,1,30-40,55.4,10.0,0.0,0.0,-1,41,8049.463000000001,0.3,0.4,0.1,0.0,0.0,0,0,0.0,0.0,0,0,0.0,29528.83,3,0,0.0,54701.44,8,0,0.0,0
LGS2ORD0049966,C012369,2026-01-31 17:00:00,Female,53,Bronze,Shopee,Phuket,553,CallCenter,COD,17,1,5,1,>50,18.433333333333334,6.0,2.0,0.3333333333333333,-10,0,4393.1016666666665,0.28,0.5,0.16666666666666666,0.0,425.96,1,1,1.0,425.96,1,1,1.0,10202.279999999999,2,1,0.5,26358.61,6,2,0.3333333333333333,1
LGS2ORD0049967,C016896,2026-01-31 17:00:00,Male,61,Bronze,TV,Bangkok,1192,CallCenter,Bank_Transfer,17,1,5,1,>50,39.733333333333334,8.0,3.0,0.375,185,28,9739.84125,0.28,0.625,0.625,0.0,0.0,0,0,0.0,9688.32,1,0,0.0,9688.32,1,0,0.0,77918.73,8,3,0.375,0
LGS2ORD0049968,C013517,2026-01-31 17:00:00,Female,36,Silver,TV,Bangkok,750,Web,Credit_Card,17,1,5,1,30-40,25.0,10.0,0.0,0.0,-1,31,3930.839,0.3,0.4,0.4,0.0,0.0,0,0,0.0,0.0,0,0,0.0,9345.99,4,0,0.0,39308.39,10,0,0.0,0
LGS2ORD0049969,C015768,2026-01-31 17:00:00,Female,18,Bronze,CallCenter,Nakhon Ratchasima,1739,CallCenter,Bank_Transfer,17,1,5,1,<20,57.96666666666667,10.0,5.0,0.5,13,19,4074.6980000000003,0.28,0.6,0.3,0.0,0.0,0,0,0.0,2493.94,1,1,1.0,5524.05,3,1,0.3333333333333333,39817.47,9,5,0.5555555555555556,0
LGS2ORD0049970,C011316,2026-01-31 17:00:00,Female,30,Silver,Web,Chonburi,1097,TV_Show,Bank_Transfer,17,1,5,1,20-30,36.56666666666667,4.0,0.0,0.0,-1,101,2994.755,0.2,0.5,0.0,0.0,0.0,0,0,0.0,0.0,0,0,0.0,0.0,0,0,0.0,11979.02,4,0,0.0,0
LGS2ORD0049971,C014539,2026-01-31 17:00:00,Male,42,Silver,Lazada,Chiang Mai,1241,TV_Show,COD,17,1,5,1,40-50,41.36666666666667,7.0,3.0,0.42857142857142855,105,89,10341.60142857143,0.25,0.5714285714285714,0.14285714285714285,0.0,0.0,0,0,0.0,0.0,0,0,0.0,22523.31,1,0,0.0,72391.21,7,3,0.42857142857142855,1
LGS2ORD0049972,C014733,2026-01-31 18:00:00,Other,59,Bronze,CallCenter,Songkhla,485,TV_Show,Credit_Card,18,1,5,1,>50,16.166666666666668,6.0,3.0,0.5,18,25,5830.195,0.23,0.3333333333333333,0.16666666666666666,0.0,0.0,0,0,0.0,11019.9,1,1,1.0,15502.539999999999,3,1,0.3333333333333333,25212.449999999997,5,3,0.6,0
LGS2ORD0049973,C013019,2026-01-31 18:00:00,Female,34,Bronze,TV,Chiang Mai,556,Web,Bank_Transfer,18,1,5,1,30-40,18.533333333333335,8.0,2.0,0.25,223,54,3996.2400000000002,0.28,0.625,0.25,0.0,0.0,0,0,0.0,0.0,0,0,0.0,1962.57,1,0,0.0,22841.12,6,1,0.16666666666666666,0
LGS2ORD0049974,C013362,2026-01-31 18:00:00,Female,33,Platinum,Web,Chiang Mai,1455,Web,COD,18,1,5,1,30-40,48.5,8.0,1.0,0.125,339,92,3895.7662500000006,0.3,0.5,0.625,0.0,0.0,0,0,0.0,0.0,0,0,0.0,0.0,0,0,0.0,30402.380000000005,7,1,0.14285714285714285,1
LGS2ORD0049975,C017842,2026-01-31 18:00:00,Male,20,Silver,Shopee,Bangkok,531,TV_Show,COD,18,1,5,1,<20,17.7,7.0,0.0,0.0,-1,34,7244.030000000001,0.3,0.7142857142857143,0.14285714285714285,0.0,0.0,0,0,0.0,0.0,0,0,0.0,24012.489999999998,3,0,0.0,39941.29,6,0,0.0,1
LGS2ORD0049976,C010618,2026-01-31 18:00:00,Other,45,Bronze,Shopee,Nakhon Ratchasima,1327,TV_Show,COD,18,1,5,1,40-50,44.233333333333334,10.0,1.0,0.1,9,18,4902.449,0.28,0.5,0.5,0.0,0.0,0,0,0.0,6800.96,2,1,0.5,12159.87,4,1,0.25,49024.49,10,1,0.1,0
LGS2ORD0049977,C013350,2026-01-31 19:00:00,Male,51,Platinum,Web,Nakhon Ratchasima,977,TV_Show,COD,19,1,5,1,>50,32.56666666666667,3.0,1.0,0.3333333333333333,113,120,5326.866666666667,0.2,0.3333333333333333,0.0,0.0,0.0,0,0,0.0,0.0,0,0,0.0,0.0,0,0,0.0,15980.6,3,1,0.3333333333333333,1
LGS2ORD0049978,C013383,2026-01-31 19:00:00,Female,31,Bronze,Shopee,Phuket,1140,Web,Credit_Card,19,1,5,1,30-40,38.0,7.0,0.0,0.0,-1,48,8059.364285714286,0.23,0.5714285714285714,0.14285714285714285,0.0,0.0,0,0,0.0,0.0,0,0,0.0,6187.07,2,0,0.0,56415.55,7,0,0.0,1
LGS2ORD0049979,C015290,2026-01-31 19:00:00,Female,39,Bronze,Lazada,Chiang Mai,1642,CallCenter,Credit_Card,19,1,5,1,30-40,54.733333333333334,8.0,1.0,0.125,29,20,2716.55,0.28,0.5,0.25,0.0,0.0,0,0,0.0,3608.74,1,0,0.0,5755.35,2,1,0.5,20052.239999999998,7,1,0.14285714285714285,0
LGS2ORD0049980,C016831,2026-01-31 19:00:00,Male,45,Bronze,Web,Khon Kaen,1328,Web,Bank_Transfer,19,1,5,1,40-50,44.266666666666666,3.0,1.0,0.3333333333333333,271,151,6208.4800000000005,0.13,0.3333333333333333,0.0,0.0,0.0,0,0,0.0,0.0,0,0,0.0,0.0,0,0,0.0,18625.440000000002,3,1,0.3333333333333333,0
LGS2ORD0049981,C011000,2026-01-31 19:00:00,Female,31,Bronze,Shopee,Bangkok,615,Lazada,PromptPay,19,1,5,1,30-40,20.5,17.0,6.0,0.35294117647058826,50,50,6811.701764705882,0.28,0.7647058823529411,0.35294117647058826,0.0,0.0,0,0,0.0,0.0,0,0,0.0,38224.05,3,1,0.3333333333333333,92644.23,14,5,0.35714285714285715,0
LGS2ORD0049982,C015160,2026-01-31 20:00:00,Female,39,Gold,Web,Bangkok,1131,Web,Credit_Card,20,1,5,1,30-40,37.7,6.0,1.0,0.16666666666666666,163,34,5021.451666666666,0.33,0.3333333333333333,0.16666666666666666,0.0,0.0,0,0,0.0,0.0,0,0,0.0,511.53,1,0,0.0,18429.14,5,1,0.2,0
LGS2ORD0049983,C012038,2026-01-31 20:00:00,Male,44,Silver,CallCenter,Chonburi,1499,TV_Show,Credit_Card,20,1,5,1,40-50,49.96666666666667,5.0,1.0,0.2,207,3,7384.423999999999,0.25,0.6,0.2,0.0,14998.06,1,0,0.0,32321.92,3,0,0.0,32321.92,3,0,0.0,36922.119999999995,5,1,0.2,0
LGS2ORD0049984,C014254,2026-01-31 20:00:00,Male,24,Bronze,Shopee,Chiang Mai,1451,Web,Credit_Card,20,1,5,1,20-30,48.36666666666667,2.0,0.0,0.0,-1,99,2083.2,0.13,0.5,0.0,0.0,0.0,0,0,0.0,0.0,0,0,0.0,0.0,0,0,0.0,4166.4,2,0,0.0,0
LGS2ORD0049985,C017524,2026-01-31 20:00:00,Male,48,Bronze,Shopee,Remote_Area,1488,Shopee,Bank_Transfer,20,1,5,1,40-50,49.6,13.0,8.0,0.6153846153846154,-4,4,5836.393076923077,0.28,0.38461538461538464,0.23076923076923078,0.0,16120.78,1,1,1.0,16120.78,1,1,1.0,17189.24,2,1,0.5,69521.71,11,6,0.5454545454545454,0
LGS2ORD0049986,C010692,2026-01-31 20:00:00,Female,35,Bronze,TV,Phuket,1311,TV_Show,Credit_Card,20,1,5,1,30-40,43.7,8.0,3.0,0.375,21,37,2843.19,0.23,0.5,0.125,0.0,0.0,0,0,0.0,0.0,0,0,0.0,667.46,1,1,1.0,22745.52,8,3,0.375,0
LGS2ORD0049987,C017345,2026-01-31 21:00:00,Male,47,Bronze,Lazada,Nakhon Ratchasima,1314,TV_Show,PromptPay,21,1,5,1,40-50,43.8,8.0,3.0,0.375,53,67,6307.79,0.28,0.625,0.25,0.0,0.0,0,0,0.0,0.0,0,0,0.0,5043.94,1,1,1.0,34273.520000000004,7,3,0.42857142857142855,0
LGS2ORD0049988,C017572,2026-01-31 21:00:00,Female,41,Silver,Lazada,Chiang Mai,497,Shopee,COD,21,1,5,1,40-50,16.566666666666666,7.0,2.0,0.2857142857142857,252,1,5738.992857142858,0.25,0.5714285714285714,0.14285714285714285,0.0,2891.23,1,0,0.0,2891.23,1,0,0.0,2891.23,1,0,0.0,30954.629999999997,5,2,0.4,0
LGS2ORD0049989,C011928,2026-01-31 21:00:00,Female,41,Bronze,Shopee,Chonburi,1549,CallCenter,COD,21,1,5,1,40-50,51.63333333333333,6.0,2.0,0.3333333333333333,188,57,3355.0116666666668,0.23,0.6666666666666666,0.16666666666666666,0.0,0.0,0,0,0.0,0.0,0,0,0.0,6113.64,1,0,0.0,15082.77,5,2,0.4,1
LGS2ORD0049990,C017567,2026-01-31 21:00:00,Male,55,Bronze,TV,Bangkok,801,Web,COD,21,1,5,1,>50,26.7,10.0,4.0,0.4,-5,1,3565.8730000000005,0.28,0.6,0.4,0.0,7279.96,2,1,0.5,7279.96,2,1,0.5,7279.96,2,1,0.5,34391.29,9,3,0.3333333333333333,0
LGS2ORD0049991,C012054,2026-01-31 21:00:00,Female,36,Bronze,Web,Remote_Area,540,Shopee,COD,21,1,5,1,30-40,18.0,10.0,3.0,0.3,34,3,4451.8330000000005,0.23,0.9,0.3,0.0,6893.32,1,0,0.0,10728.439999999999,2,0,0.0,14167.869999999999,3,1,0.3333333333333333,44518.33,10,3,0.3,0
LGS2ORD0049992,C013335,2026-01-31 21:00:00,Male,45,Platinum,Lazada,Remote_Area,1428,Lazada,COD,21,1,5,1,40-50,47.6,11.0,4.0,0.36363636363636365,-9,0,4391.296363636363,0.35,0.6363636363636364,0.36363636363636365,0.0,2854.74,1,1,1.0,2854.74,1,1,1.0,6807.0,3,1,0.3333333333333333,48304.259999999995,11,4,0.36363636363636365,0
LGS2ORD0049993,C012463,2026-01-31 22:00:00,Female,44,Platinum,TV,Khon Kaen,549,CallCenter,PromptPay,22,1,5,1,40-50,18.3,13.0,2.0,0.15384615384615385,26,2,4757.553076923077,0.35,0.6153846153846154,0.3076923076923077,0.0,1553.22,1,0,0.0,1553.22,1,0,0.0,8534.36,2,1,0.5,61848.19,13,2,0.15384615384615385,0
LGS2ORD0049994,C014787,2026-01-31 22:00:00,Male,26,Bronze,Shopee,Bangkok,555,CallCenter,COD,22,1,5,1,20-30,18.5,10.0,0.0,0.0,-1,76,7530.294,0.28,0.6,0.5,0.0,0.0,0,0,0.0,0.0,0,0,0.0,13990.31,2,0,0.0,39190.26,8,0,0.0,0
LGS2ORD0049995,C016880,2026-01-31 22:00:00,Female,26,Bronze,Lazada,Songkhla,1174,Shopee,Credit_Card,22,1,5,1,20-30,39.13333333333333,5.0,3.0,0.6,97,63,7602.161999999998,0.23,0.8,0.2,0.0,0.0,0,0,0.0,0.0,0,0,0.0,1414.02,1,0,0.0,38010.80999999999,5,3,0.6,0
LGS2ORD0049996,C014105,2026-01-31 22:00:00,Female,52,Silver,TV,Bangkok,1226,TV_Show,COD,22,1,5,1,>50,40.86666666666667,7.0,2.0,0.2857142857142857,138,108,5491.959999999999,0.3,0.42857142857142855,0.42857142857142855,0.0,0.0,0,0,0.0,0.0,0,0,0.0,0.0,0,0,0.0,37795.77,6,2,0.3333333333333333,0
LGS2ORD0049997,C015033,2026-01-31 22:00:00,Male,39,Gold,TV,Bangkok,1237,Lazada,COD,22,1,5,1,30-40,41.233333333333334,5.0,0.0,0.0,-1,51,6068.456,0.28,0.2,0.4,0.0,0.0,0,0,0.0,0.0,0,0,0.0,3617.07,1,0,0.0,30342.28,5,0,0.0,0
LGS2ORD0049998,C017381,2026-01-31 23:00:00,Male,35,Bronze,CallCenter,Khon Kaen,426,Shopee,COD,23,1,5,1,30-40,14.2,13.0,3.0,0.23076923076923078,82,4,6253.27,0.23,0.5384615384615384,0.07692307692307693,0.0,2401.35,1,0,0.0,2401.35,1,0,0.0,21497.839999999997,3,0,0.0,81292.51000000001,13,3,0.23076923076923078,0
LGS2ORD0049999,C016770,2026-01-31 23:00:00,Female,38,Bronze,Shopee,Bangkok,792,Lazada,COD,23,1,5,1,30-40,26.4,6.0,1.0,0.16666666666666666,16,25,3436.8816666666667,0.23,0.3333333333333333,0.16666666666666666,0.0,0.0,0,0,0.0,3114.46,1,1,1.0,3677.25,2,1,0.5,20621.29,6,1,0.16666666666666666,0
LGS2ORD0050000,C016809,2026-01-31 23:00:00,Female,72,Bronze,TV,Chonburi,964,Web,COD,23,1,5,1,>50,32.13333333333333,7.0,2.0,0.2857142857142857,224,21,7037.491428571428,0.28,0.5714285714285714,0.2857142857142857,0.0,0.0,0,0,0.0,1808.21,1,0,0.0,2556.66,2,0,0.0,49262.439999999995,7,2,0.2857142857142857,0
